Date,Country/Region,Province/State,Admin2,Confirmed,Deaths,Recovered,Latitude,Longitude,FIPS,Incidence_Rate,Case-Fatality_Ratio,Active Cases,Previous Confirmed,Previous Deaths,Previous Recovered,Previous Active,Prev2 Confirmed,Population,Daily Confirmed,Daily Deaths,Daily Recovered,Daily Active,Previous Daily Confirmed
2020-08-07,US,Alabama,Autauga,1065,21,0,32.53952745,-86.64408227,1001.0,1906.2449659023791,1.971830985915493,1044,1050,21,0,1029,1030,55601,15,0,0,15,20
2020-08-07,US,Alabama,Baldwin,3443,23,0,30.72774991,-87.72207058,1003.0,1542.3277816103284,0.6680220737728725,3420,3380,23,0,3357,3322,218022,63,0,0,63,58
2020-08-07,US,Alabama,Barbour,569,5,0,31.868263,-85.3871286,1005.0,2304.950174187799,0.8787346221441125,564,565,5,0,560,564,24881,4,0,0,4,1
2020-08-07,US,Alabama,Bibb,416,4,0,32.99642064,-87.12511459999996,1007.0,1857.6404394034118,0.9615384615384616,412,413,4,0,409,384,22400,3,0,0,3,29
2020-08-07,US,Alabama,Blount,774,3,0,33.98210918,-86.56790593,1009.0,1338.4982533808322,0.3875968992248062,771,759,3,0,756,745,57840,15,0,0,15,14
2020-08-07,US,Alabama,Bullock,454,11,0,32.10030533,-85.71265535,1011.0,4494.604494604495,2.4229074889867843,443,450,11,0,439,444,10138,4,0,0,4,6
2020-08-07,US,Alabama,Butler,759,35,0,31.75300095,-86.68057478,1013.0,3902.7149321266966,4.61133069828722,724,756,35,0,721,754,19680,3,0,0,3,2
2020-08-07,US,Alabama,Calhoun,1704,13,0,33.77483727,-85.82630386,1015.0,1499.933981778971,0.7629107981220657,1691,1672,13,0,1659,1627,114277,32,0,0,32,45
2020-08-07,US,Alabama,Chambers,835,38,0,32.91360079,-85.39072749,1017.0,2510.976123173152,4.550898203592816,797,835,38,0,797,832,33615,0,0,0,0,3
2020-08-07,US,Alabama,Cherokee,263,7,0,34.17805983,-85.60638968,1019.0,1003.9700717666819,2.661596958174905,256,258,7,0,251,249,26032,5,0,0,5,9
2020-08-07,US,Alabama,Chilton,767,6,0,32.85044126,-86.7173256,1021.0,1726.3887638426218,0.7822685788787483,761,745,6,0,739,738,44153,22,0,0,22,7
2020-08-07,US,Alabama,Choctaw,279,12,0,32.02227341,-88.26564429999998,1023.0,2216.2205099690204,4.301075268817204,267,277,12,0,265,276,12841,2,0,0,2,1
2020-08-07,US,Alabama,Clarke,496,9,0,31.68099859,-87.83548597,1025.0,2099.737532808399,1.814516129032258,487,494,9,0,485,491,23920,2,0,0,2,3
2020-08-07,US,Alabama,Clay,249,5,0,33.26984193,-85.85836077,1027.0,1881.3751416698149,2.0080321285140563,244,237,5,0,232,225,13275,12,0,0,12,12
2020-08-07,US,Alabama,Cleburne,125,1,0,33.67679204,-85.52005899,1029.0,838.3635144198524,0.8,124,125,1,0,124,121,14987,0,0,0,0,4
2020-08-07,US,Alabama,Coffee,747,5,0,31.39932826,-85.98901039,1031.0,1427.1521913568454,0.6693440428380187,742,736,5,0,731,725,51909,11,0,0,11,11
2020-08-07,US,Alabama,Colbert,1156,13,0,34.69847452,-87.80168544,1033.0,2092.6485762386637,1.1245674740484428,1143,1141,13,0,1128,1122,54762,15,0,0,15,19
2020-08-07,US,Alabama,Conecuh,382,10,0,31.43401703,-86.99320044,1035.0,3165.658407226321,2.6178010471204187,372,378,10,0,368,373,12277,4,0,0,4,5
2020-08-07,US,Alabama,Coosa,101,2,0,32.93690146,-86.24847739,1037.0,947.2006002063208,1.98019801980198,99,101,2,0,99,95,10715,0,0,0,0,6
2020-08-07,US,Alabama,Covington,726,20,0,31.247785399999998,-86.45050893,1039.0,1959.5670598396719,2.7548209366391183,706,716,20,0,696,716,36986,10,0,0,10,0
2020-08-07,US,Alabama,Crenshaw,313,3,0,31.72941803,-86.31593104,1041.0,2272.7272727272725,0.9584664536741214,310,312,3,0,309,307,13824,1,0,0,1,5
2020-08-07,US,Alabama,Cullman,1201,12,0,34.13020303,-86.86888037,1043.0,1433.7217075732974,0.9991673605328892,1189,1189,12,0,1177,1171,83442,12,0,0,12,18
2020-08-07,US,Alabama,Dale,823,23,0,31.43037123,-85.61095742,1045.0,1673.71674936956,2.794653705953828,800,802,23,0,779,798,48956,21,0,0,21,4
2020-08-07,US,Alabama,Dallas,1311,23,0,32.32688101,-87.10866709999998,1047.0,3524.572534681149,1.7543859649122806,1288,1305,23,0,1282,1298,38310,6,0,0,6,7
2020-08-07,US,Alabama,DeKalb,1771,13,0,34.45946862,-85.80782906,1049.0,2476.472809139597,0.7340485601355167,1758,1745,13,0,1732,1721,71385,26,0,0,26,24
2020-08-07,US,Alabama,Elmore,1694,38,0,32.59785413,-86.14415284,1051.0,2085.9756923493696,2.2432113341204247,1656,1672,38,0,1634,1633,81887,22,0,0,22,39
2020-08-07,US,Alabama,Escambia,1054,16,0,31.1256789,-87.15918694,1053.0,2877.187235552644,1.5180265654648957,1038,1044,16,0,1028,981,36748,10,0,0,10,63
2020-08-07,US,Alabama,Etowah,2075,30,0,34.04567266,-86.04051873,1055.0,2028.9826729768845,1.4457831325301205,2045,2041,28,0,2013,1967,102501,34,2,0,32,74
2020-08-07,US,Alabama,Fayette,198,5,0,33.72076938,-87.73886638,1057.0,1214.5748987854256,2.525252525252525,193,183,5,0,178,178,16433,15,0,0,15,5
2020-08-07,US,Alabama,Franklin,1258,20,0,34.44235334,-87.84289505,1059.0,4011.2237739940056,1.5898251192368842,1238,1238,20,0,1218,1215,31363,20,0,0,20,23
2020-08-07,US,Alabama,Geneva,255,0,0,31.09389027,-85.83572839,1061.0,970.6520497887404,0.0,255,248,0,0,248,243,26314,7,0,0,7,5
2020-08-07,US,Alabama,Greene,250,11,0,32.85504247,-87.95684022,1063.0,3082.2340032055235,4.4,239,249,11,0,238,247,8233,1,0,0,1,2
2020-08-07,US,Alabama,Hale,467,26,0,32.76039258,-87.63284988,1065.0,3187.495734079585,5.56745182012848,441,464,26,0,438,459,14726,3,0,0,3,5
2020-08-07,US,Alabama,Henry,252,3,0,31.51148016,-85.24267944,1067.0,1464.6904969485613,1.1904761904761905,249,249,3,0,246,247,17209,3,0,0,3,2
2020-08-07,US,Alabama,Houston,1364,12,0,31.15197924,-85.29939599,1069.0,1288.22651631061,0.8797653958944281,1352,1348,12,0,1336,1334,104722,16,0,0,16,14
2020-08-07,US,Alabama,Jackson,945,4,0,34.78144169,-85.99750489,1071.0,1830.4730174718163,0.4232804232804233,941,924,4,0,920,890,51736,21,0,0,21,34
2020-08-07,US,Alabama,Jefferson,12743,242,0,33.55554728,-86.89506300000002,1073.0,1934.9411530688321,1.8990818488581969,12501,12486,232,0,12254,12186,659300,257,10,0,247,300
2020-08-07,US,Alabama,Lamar,217,2,0,33.77995024,-88.09668032,1075.0,1571.8942412169504,0.9216589861751152,215,212,2,0,210,205,13844,5,0,0,5,7
2020-08-07,US,Alabama,Lauderdale,1139,17,0,34.90171875,-87.65624729,1077.0,1228.3104530405803,1.492537313432836,1122,1123,15,0,1108,1111,92387,16,2,0,14,12
2020-08-07,US,Alabama,Lawrence,344,1,0,34.52041498,-87.31069453,1079.0,1044.8305187705016,0.2906976744186047,343,332,1,0,331,325,32957,12,0,0,12,7
2020-08-07,US,Alabama,Lee,2628,44,0,32.60154883,-85.35132246,1081.0,1597.1606033717835,1.67427701674277,2584,2588,44,0,2544,2554,163941,40,0,0,40,34
2020-08-07,US,Alabama,Limestone,1284,13,0,34.81185586,-86.98310072,1083.0,1298.0842137188495,1.0124610591900312,1271,1261,13,0,1248,1227,96174,23,0,0,23,34
2020-08-07,US,Alabama,Lowndes,567,24,0,32.1597283,-86.65158371,1085.0,5829.734731647131,4.232804232804233,543,567,24,0,543,561,9974,0,0,0,0,6
2020-08-07,US,Alabama,Macon,332,13,0,32.38759944,-85.69267724,1087.0,1837.502767323445,3.9156626506024095,319,320,13,0,307,316,18439,12,0,0,12,4
2020-08-07,US,Alabama,Madison,5250,30,0,34.76327133,-86.55069633,1089.0,1407.8501725622068,0.5714285714285714,5220,5161,30,0,5131,5122,366519,89,0,0,89,39
2020-08-07,US,Alabama,Marengo,546,14,0,32.24767634,-87.78796182,1091.0,2894.555478980014,2.5641025641025643,532,536,14,0,522,529,19066,10,0,0,10,7
2020-08-07,US,Alabama,Marion,567,24,0,34.13697363,-87.88704173,1093.0,1908.512571947895,4.232804232804233,543,562,24,0,538,547,29763,5,0,0,5,15
2020-08-07,US,Alabama,Marshall,3090,34,0,34.36975964,-86.30486727,1095.0,3193.006386012772,1.1003236245954693,3056,3060,34,0,3026,3001,96109,30,0,0,30,59
2020-08-07,US,Alabama,Mobile,9565,206,0,30.78472347,-88.20842409,1097.0,2314.803610754822,2.153685311029796,9359,9420,204,0,9216,9269,413757,145,2,0,143,151
2020-08-07,US,Alabama,Monroe,415,4,0,31.56729412,-87.36995001,1099.0,2001.639897747552,0.9638554216867471,411,408,4,0,404,396,21067,7,0,0,7,12
2020-08-07,US,Alabama,Montgomery,6521,148,0,32.2206831,-86.20969272,1101.0,2879.206661780419,2.2695905535960743,6373,6449,148,0,6301,6350,225763,72,0,0,72,99
2020-08-07,US,Alabama,Morgan,2330,17,0,34.45500589,-86.85475946,1103.0,1946.8745561042456,0.7296137339055794,2313,2295,17,0,2278,2270,119089,35,0,0,35,25
2020-08-07,US,Alabama,Perry,436,4,0,32.64048341,-87.29770589,1105.0,4886.2490193880985,0.9174311926605504,432,436,4,0,432,432,9140,0,0,0,0,4
2020-08-07,US,Alabama,Pickens,384,9,0,33.28094866,-88.08818103,1107.0,1926.743602609132,2.34375,375,377,9,0,368,376,19938,7,0,0,7,1
2020-08-07,US,Alabama,Pike,690,7,0,31.80396383,-85.9408295,1109.0,2083.7108171770246,1.0144927536231885,683,687,7,0,680,672,33338,3,0,0,3,15
2020-08-07,US,Alabama,Randolph,394,10,0,33.29526734,-85.45708831,1111.0,1734.0022885309393,2.538071065989848,384,394,10,0,384,392,22725,0,0,0,0,2
2020-08-07,US,Alabama,Russell,1342,2,0,32.28725256,-85.18415324,1113.0,2315.349976708477,0.14903129657228018,1340,1277,2,0,1275,1267,57781,65,0,0,65,10
2020-08-07,US,Alabama,Shelby,3201,33,0,33.26879845,-86.66232561,1117.0,1470.3585635409872,1.0309278350515465,3168,3164,32,0,3132,3119,215707,37,1,0,36,45
2020-08-07,US,Alabama,St. Clair,1310,16,0,33.71902176,-86.31029372,1115.0,1463.49092859058,1.2213740458015268,1294,1289,15,0,1274,1252,88690,21,1,0,20,37
2020-08-07,US,Alabama,Sumter,362,18,0,32.59117397,-88.19916205,1119.0,2913.0119900217273,4.972375690607736,344,360,18,0,342,360,12691,2,0,0,2,0
2020-08-07,US,Alabama,Talladega,986,13,0,33.37823223,-86.16886178,1121.0,1232.8390307334516,1.3184584178498986,973,967,13,0,954,946,79828,19,0,0,19,21
2020-08-07,US,Alabama,Tallapoosa,849,79,0,32.86698258,-85.79833053,1123.0,2103.203111452424,9.305064782096585,770,841,79,0,762,827,40497,8,0,0,8,14
2020-08-07,US,Alabama,Tuscaloosa,4103,71,0,33.28726072,-87.52556818,1125.0,1959.8289985909107,1.7304411406288085,4032,4057,69,0,3988,4002,208911,46,2,0,44,55
2020-08-07,US,Alabama,Unassigned,3474,61,0,0.0,0.0,90001.0,0.0,1.7559009786989062,3413,3190,60,0,3130,2878,,284,1,0,283,312
2020-08-07,US,Alabama,Walker,1502,64,0,33.80270512,-87.30027177,1127.0,2364.572346153241,4.26098535286285,1438,1498,64,0,1434,1479,63711,4,0,0,4,19
2020-08-07,US,Alabama,Washington,327,12,0,31.4092794,-88.20689944,1129.0,2002.9400955531053,3.669724770642202,315,320,12,0,308,315,16378,7,0,0,7,5
2020-08-07,US,Alabama,Wilcox,418,10,0,31.98773215,-87.30891118,1131.0,4029.692470837752,2.392344497607656,408,414,10,0,404,411,10627,4,0,0,4,3
2020-08-07,US,Alabama,Winston,444,11,0,34.15030532,-87.37325922,1133.0,1879.0469338524688,2.477477477477477,433,440,11,0,429,435,23660,4,0,0,4,5
2020-08-07,US,Alaska,Aleutians East,2,0,0,55.32222414,-161.9722021,2013.0,59.93407252022774,0.0,2,2,0,0,2,2,3515,0,0,0,0,0
2020-08-07,US,Alaska,Aleutians West,4,0,0,52.3233,-174.1596,2016.0,70.99751508697194,0.0,4,4,0,0,4,4,5723,0,0,0,0,0
2020-08-07,US,Alaska,Anchorage,2043,13,0,61.14998174,-149.14269860000005,2020.0,709.375,0.6363191385217817,2030,2016,13,0,2003,1993,291538,27,0,0,27,23
2020-08-07,US,Alaska,Bethel,22,0,0,60.90980451,-159.8561831,2050.0,119.65626019797672,0.0,22,22,0,0,22,22,18216,0,0,0,0,0
2020-08-07,US,Alaska,Bristol Bay,9,0,0,58.74513976,-156.701064,2060.0,1076.5550239234449,0.0,9,7,0,0,7,7,877,2,0,0,2,0
2020-08-07,US,Alaska,Denali,1,0,0,63.67264044,-150.0076108,2068.0,47.687172150691474,0.0,1,1,0,0,1,1,2059,0,0,0,0,0
2020-08-07,US,Alaska,Dillingham,1,0,0,59.79603738,-158.23819419999995,2070.0,20.34174125305126,0.0,1,1,0,0,1,1,5000,0,0,0,0,0
2020-08-07,US,Alaska,Fairbanks North Star,428,5,0,64.80726247,-146.5692662,2090.0,441.9250585963717,1.1682242990654206,423,420,5,0,415,415,98971,8,0,0,8,5
2020-08-07,US,Alaska,Haines,4,0,0,59.09893571,-135.4679843,2100.0,158.10276679841897,0.0,4,4,0,0,4,4,2474,0,0,0,0,0
2020-08-07,US,Alaska,Juneau,98,1,0,58.45031811,-134.200436,2110.0,306.49903046225063,1.020408163265306,97,95,1,0,94,93,32113,3,0,0,3,2
2020-08-07,US,Alaska,Kenai Peninsula,312,2,0,60.24429722,-151.53888840000005,2122.0,531.4437555358725,0.6410256410256411,310,308,2,0,306,306,58533,4,0,0,4,2
2020-08-07,US,Alaska,Ketchikan Gateway,37,0,0,55.57445008,-130.975561,2130.0,266.1679015898137,0.0,37,37,0,0,37,37,13918,0,0,0,0,0
2020-08-07,US,Alaska,Kodiak Island,7,0,0,57.65529415,-153.7493579,2150.0,53.854439144483784,0.0,7,6,0,0,6,6,13345,1,0,0,1,0
2020-08-07,US,Alaska,Kusilvak,6,0,0,62.15429159999999,-163.39678830000003,2158.0,72.1674284339668,0.0,6,6,0,0,6,6,8303,0,0,0,0,0
2020-08-07,US,Alaska,Matanuska-Susitna,318,2,0,62.31305045,-149.5741743,2170.0,293.58272478004375,0.6289308176100629,316,315,2,0,313,314,107610,3,0,0,3,1
2020-08-07,US,Alaska,Nome,19,0,0,64.90320724,-164.0353804,2180.0,189.92403038784485,0.0,19,19,0,0,19,19,10008,0,0,0,0,0
2020-08-07,US,Alaska,North Slope,16,0,0,69.31479216,-153.4836093,2185.0,162.73393002441009,0.0,16,16,0,0,16,16,9872,0,0,0,0,0
2020-08-07,US,Alaska,Northwest Arctic,40,0,0,67.04919196,-159.7503946,2188.0,524.8655032148012,0.0,40,39,0,0,39,37,7671,1,0,0,1,2
2020-08-07,US,Alaska,Petersburg,6,1,0,57.13978948,-132.9540995,2195.0,183.71096142069808,16.666666666666668,5,6,1,0,5,6,3221,0,0,0,0,0
2020-08-07,US,Alaska,Prince of Wales-Hyder,8,0,0,55.76261984,-133.0511621,2198.0,128.96985329679188,0.0,8,7,0,0,7,7,6422,1,0,0,1,0
2020-08-07,US,Alaska,Sitka,25,0,0,57.24124555,-135.3206587,2220.0,294.36006122689275,0.0,25,25,0,0,25,25,8647,0,0,0,0,0
2020-08-07,US,Alaska,Southeast Fairbanks,16,0,0,63.87692095,-143.2127643,2240.0,232.11954156390541,0.0,16,15,0,0,15,15,6918,1,0,0,1,0
2020-08-07,US,Alaska,Valdez-Cordova,49,0,0,61.47502768,-144.7126799,2261.0,532.4929363181917,0.0,49,49,0,0,49,48,9164,0,0,0,0,1
2020-08-07,US,Alaska,Wrangell,9,0,0,56.3202004,-132.05837309999998,2275.0,359.71223021582733,0.0,9,8,0,0,8,9,2503,1,0,0,1,-1
2020-08-07,US,Alaska,Yakutat,7,0,0,59.890980799999994,-140.36014509999998,2282.0,1208.9810017271154,0.0,7,7,0,0,7,7,604,0,0,0,0,0
2020-08-07,US,Alaska,Yukon-Koyukuk,49,1,0,65.50815459,-151.39073869999999,2290.0,936.9024856596558,2.0408163265306123,48,48,1,0,47,48,5327,1,0,0,1,0
2020-08-07,US,Arizona,Apache,3151,138,0,35.39465006,-109.4892383,4001.0,4383.268184790018,4.37956204379562,3013,3119,138,0,2981,3119,71818,32,0,0,32,0
2020-08-07,US,Arizona,Cochise,1573,52,0,31.87934684,-109.7516088,4003.0,1249.1860040342435,3.3057851239669422,1521,1565,52,0,1513,1560,126770,8,0,0,8,5
2020-08-07,US,Arizona,Coconino,3065,117,0,35.83883429,-111.77071780000001,4005.0,2136.2457832668883,3.817292006525285,2948,3043,115,0,2928,3033,142854,22,2,0,20,10
2020-08-07,US,Arizona,Gila,887,38,0,33.80190085,-110.8132779,4007.0,1642.0452441778666,4.284103720405862,849,884,36,0,848,871,53889,3,2,0,1,13
2020-08-07,US,Arizona,Graham,529,13,0,32.93166885,-109.8882178,4009.0,1362.103149058887,2.457466918714556,516,518,12,0,506,511,38072,11,1,0,10,7
2020-08-07,US,Arizona,Greenlee,58,1,0,33.21498827,-109.2405279,4011.0,610.6548747104654,1.7241379310344829,57,58,1,0,57,57,9483,0,0,0,0,1
2020-08-07,US,Arizona,La Paz,478,12,0,33.72854224,-113.98100290000001,4012.0,2264.544248626113,2.510460251046025,466,477,11,0,466,476,21098,1,1,0,0,1
2020-08-07,US,Arizona,Maricopa,124924,2307,0,33.34835867,-112.49181540000001,4013.0,2785.1163794468025,1.84672280746694,122617,124022,2259,0,121763,123082,4410824,902,48,0,854,940
2020-08-07,US,Arizona,Mohave,3147,165,0,35.70471703,-113.7577902,4015.0,1483.1676728830573,5.243088655862727,2982,3078,161,0,2917,3073,209550,69,4,0,65,5
2020-08-07,US,Arizona,Navajo,5352,199,0,35.3997715,-110.3218983,4017.0,4824.925173993004,3.718236173393124,5153,5330,197,0,5133,5309,110445,22,2,0,20,21
2020-08-07,US,Arizona,Pima,17497,482,0,32.0971334,-111.7890033,4019.0,1670.7104792514695,2.754757958507173,17015,17293,480,0,16813,16964,1039073,204,2,0,202,329
2020-08-07,US,Arizona,Pinal,8327,157,0,32.90525627,-111.3449483,4021.0,1799.3081080146674,1.88543292902606,8170,8323,147,0,8176,8297,447138,4,10,0,-6,26
2020-08-07,US,Arizona,Santa Cruz,2651,52,0,31.52508998,-110.8479088,4023.0,5701.320486902662,1.9615239532251985,2599,2643,51,0,2592,2633,46511,8,1,0,7,10
2020-08-07,US,Arizona,Unassigned,0,1,0,0.0,0.0,90004.0,0.0,0.0,-1,0,1,0,-1,0,,0,0,0,0,0
2020-08-07,US,Arizona,Yavapai,1966,67,0,34.59933926,-112.5538588,4025.0,836.2434548849634,3.4079348931841302,1899,1936,65,0,1871,1904,231993,30,2,0,28,32
2020-08-07,US,Arizona,Yuma,11448,280,0,32.76895712,-113.90666740000002,4027.0,5354.862550108285,2.4458420684835778,11168,11367,276,0,11091,11314,212128,81,4,0,77,53
2020-08-07,US,Arkansas,Arkansas,210,1,0,34.29145151,-91.37277296,5001.0,1200.960768614892,0.4761904761904762,209,208,1,0,207,209,17769,2,0,0,2,-1
2020-08-07,US,Arkansas,Ashley,304,5,0,33.19153461,-91.7698471,5003.0,1546.5228671720001,1.6447368421052633,299,298,5,0,293,284,20046,6,0,0,6,14
2020-08-07,US,Arkansas,Baxter,69,0,0,36.28784385,-92.33782872,5005.0,164.55213202327582,0.0,69,68,0,0,68,68,41619,1,0,0,1,0
2020-08-07,US,Arkansas,Benton,4698,41,0,36.33644656,-94.25680817,5007.0,1683.0204090405925,0.8727117922520221,4657,4663,40,0,4623,4634,272608,35,1,0,34,29
2020-08-07,US,Arkansas,Boone,201,1,0,36.3084504,-93.09374925,5009.0,536.9737123316949,0.4975124378109453,200,193,1,0,192,184,37480,8,0,0,8,9
2020-08-07,US,Arkansas,Bradley,179,3,0,33.46755808,-92.15980837,5011.0,1663.1050822261452,1.675977653631285,176,173,3,0,170,167,10897,6,0,0,6,6
2020-08-07,US,Arkansas,Calhoun,15,0,0,33.55598792,-92.49974403,5013.0,289.073039121218,0.0,15,13,0,0,13,13,5277,2,0,0,2,0
2020-08-07,US,Arkansas,Carroll,350,7,0,36.34038560000001,-93.54270261,5015.0,1233.2628611698378,2.0,343,350,7,0,343,346,28223,0,0,0,0,4
2020-08-07,US,Arkansas,Chicot,718,8,0,33.26458973,-91.29539209,5017.0,7096.26408381103,1.1142061281337048,710,707,8,0,699,700,10438,11,0,0,11,7
2020-08-07,US,Arkansas,Clark,177,1,0,34.04613432,-93.17484713,5019.0,793.010752688172,0.5649717514124294,176,175,1,0,174,170,22061,2,0,0,2,5
2020-08-07,US,Arkansas,Clay,127,4,0,36.36826212,-90.4148172,5021.0,872.792247955467,3.1496062992125986,123,118,4,0,114,114,14847,9,0,0,9,4
2020-08-07,US,Arkansas,Cleburne,194,5,0,35.53864922,-92.02640019,5023.0,778.5224126168788,2.5773195876288657,189,188,5,0,183,187,24965,6,0,0,6,1
2020-08-07,US,Arkansas,Cleveland,93,2,0,33.89723187,-92.18537045,5025.0,1168.9291101055808,2.150537634408602,91,87,2,0,85,83,8018,6,0,0,6,4
2020-08-07,US,Arkansas,Columbia,212,8,0,33.21230701,-93.22642793,5027.0,903.7813872191672,3.7735849056603774,204,209,8,0,201,209,23537,3,0,0,3,0
2020-08-07,US,Arkansas,Conway,147,3,0,35.26205537,-92.70506566,5029.0,705.1712558764273,2.0408163265306123,144,143,3,0,140,143,20891,4,0,0,4,0
2020-08-07,US,Arkansas,Craighead,1318,12,0,35.83018283,-90.63235729,5031.0,1194.5763695029548,0.9104704097116844,1306,1264,12,0,1252,1196,108558,54,0,0,54,68
2020-08-07,US,Arkansas,Crawford,597,3,0,35.58928601,-94.2446814,5033.0,943.769069035838,0.5025125628140703,594,582,3,0,579,569,63406,15,0,0,15,13
2020-08-07,US,Arkansas,Crittenden,1327,20,0,35.21247318,-90.30839406,5035.0,2767.177562297988,1.5071590052750563,1307,1315,20,0,1295,1291,48342,12,0,0,12,24
2020-08-07,US,Arkansas,Cross,190,3,0,35.29631396,-90.77185818,5037.0,1157.1959315427248,1.5789473684210529,187,183,3,0,180,173,16676,7,0,0,7,10
2020-08-07,US,Arkansas,Dallas,61,0,0,33.97042763,-92.65167437,5039.0,870.3096019403624,0.0,61,59,0,0,59,59,7182,2,0,0,2,0
2020-08-07,US,Arkansas,Desha,187,2,0,33.83011025,-91.25500948,5041.0,1645.9818677933279,1.0695187165775402,185,179,2,0,177,174,11512,8,0,0,8,5
2020-08-07,US,Arkansas,Drew,186,3,0,33.59035001,-91.71777921,5043.0,1020.9122344804872,1.6129032258064515,183,182,3,0,179,175,18328,4,0,0,4,7
2020-08-07,US,Arkansas,Faulkner,1278,6,0,35.14719007,-92.33717519,5045.0,1014.2293682097028,0.4694835680751174,1272,1252,5,0,1247,1239,124806,26,1,0,25,13
2020-08-07,US,Arkansas,Franklin,123,2,0,35.51202821,-93.89299569,5047.0,694.3268416596104,1.6260162601626016,121,119,2,0,117,113,17810,4,0,0,4,6
2020-08-07,US,Arkansas,Fulton,35,0,0,36.38177105,-91.81729127,5049.0,280.5161497154765,0.0,35,30,0,0,30,30,12269,5,0,0,5,0
2020-08-07,US,Arkansas,Garland,964,9,0,34.57692074,-93.14921604,5051.0,969.9555269353833,0.933609958506224,955,939,8,0,931,910,99154,25,1,0,24,29
2020-08-07,US,Arkansas,Grant,133,0,0,34.29017991,-92.42320562,5053.0,728.1686285245004,0.0,133,131,0,0,131,130,18188,2,0,0,2,1
2020-08-07,US,Arkansas,Greene,459,1,0,36.11735460000001,-90.55832668,5055.0,1012.6861555432984,0.2178649237472767,458,445,1,0,444,422,45325,14,0,0,14,23
2020-08-07,US,Arkansas,Hempstead,233,2,0,33.73325583,-93.66935133,5057.0,1082.1103473899311,0.8583690987124464,231,227,2,0,225,227,21741,6,0,0,6,0
2020-08-07,US,Arkansas,Hot Spring,1496,11,0,34.31709259,-92.95396325,5059.0,4429.836250037014,0.7352941176470589,1485,1484,12,0,1472,1479,33701,12,-1,0,13,5
2020-08-07,US,Arkansas,Howard,327,3,0,34.09007427,-93.9934871,5061.0,2476.897439781851,0.9174311926605504,324,322,3,0,319,308,13341,5,0,0,5,14
2020-08-07,US,Arkansas,Independence,483,1,0,35.74242707,-91.57001641,5063.0,1276.9332452081956,0.2070393374741201,482,443,1,0,442,433,37678,40,0,0,40,10
2020-08-07,US,Arkansas,Izard,50,1,0,36.09604046,-91.90847954,5065.0,366.86477364443465,2.0,49,47,1,0,46,45,13593,3,0,0,3,2
2020-08-07,US,Arkansas,Jackson,77,1,0,35.59802983,-91.21494602,5067.0,460.5538608768466,1.2987012987012987,76,63,1,0,62,62,16811,14,0,0,14,1
2020-08-07,US,Arkansas,Jefferson,1484,40,0,34.26767081,-91.92619839,5069.0,2220.759008739375,2.6954177897574123,1444,1423,40,0,1383,1412,68114,61,0,0,61,11
2020-08-07,US,Arkansas,Johnson,662,2,0,35.56759135,-93.46036368,5071.0,2490.7818496500863,0.3021148036253776,660,652,2,0,650,646,26742,10,0,0,10,6
2020-08-07,US,Arkansas,Lafayette,52,2,0,33.24116713,-93.60677071,5073.0,785.024154589372,3.8461538461538463,50,52,2,0,50,52,6682,0,0,0,0,0
2020-08-07,US,Arkansas,Lawrence,206,9,0,36.04188196,-91.10867198,5075.0,1255.6381811532367,4.368932038834951,197,205,9,0,196,191,16434,1,0,0,1,14
2020-08-07,US,Arkansas,Lee,893,8,0,34.78498904,-90.78383866,5077.0,10082.420684204584,0.8958566629339306,885,890,8,0,882,890,8985,3,0,0,3,0
2020-08-07,US,Arkansas,Lincoln,1209,11,0,33.95317155,-91.74002806,5079.0,9282.862407862409,0.9098428453267164,1198,1197,11,0,1186,1196,13383,12,0,0,12,1
2020-08-07,US,Arkansas,Little River,168,1,0,33.70375665,-94.23468591,5081.0,1370.4217309731625,0.5952380952380952,167,164,1,0,163,160,12326,4,0,0,4,4
2020-08-07,US,Arkansas,Logan,233,1,0,35.21413234,-93.71951016,5083.0,1085.4374359452156,0.4291845493562232,232,225,1,0,224,208,21737,8,0,0,8,17
2020-08-07,US,Arkansas,Lonoke,495,2,0,34.75392199,-91.88742357,5085.0,675.2240516171275,0.404040404040404,493,482,2,0,480,474,73657,13,0,0,13,8
2020-08-07,US,Arkansas,Madison,269,2,0,36.01038185,-93.72524943,5087.0,1622.828185328185,0.7434944237918215,267,269,2,0,267,267,16481,0,0,0,0,2
2020-08-07,US,Arkansas,Marion,25,0,0,36.26844485,-92.68451899,5089.0,149.75440277944168,0.0,25,25,0,0,25,26,16722,0,0,0,0,-1
2020-08-07,US,Arkansas,Miller,499,5,0,33.31403423,-93.89285258,5091.0,1153.5705203782047,1.002004008016032,494,495,5,0,490,489,43592,4,0,0,4,6
2020-08-07,US,Arkansas,Mississippi,958,13,0,35.76271485,-90.05194370000002,5093.0,2356.6455929743424,1.356993736951983,945,914,13,0,901,891,41239,44,0,0,44,23
2020-08-07,US,Arkansas,Monroe,58,0,0,34.6815935,-91.20540287,5095.0,865.5424563497984,0.0,58,55,0,0,55,52,6900,3,0,0,3,3
2020-08-07,US,Arkansas,Montgomery,34,1,0,34.53704874,-93.65824478,5097.0,378.36634765190286,2.9411764705882355,33,34,1,0,33,31,8924,0,0,0,0,3
2020-08-07,US,Arkansas,Nevada,137,9,0,33.66340119,-93.30632432,5099.0,1660.20358700921,6.569343065693432,128,136,9,0,127,134,8326,1,0,0,1,2
2020-08-07,US,Arkansas,Newton,104,6,0,35.91947491,-93.21612969,5101.0,1341.4162259770412,5.769230769230768,98,102,6,0,96,100,7805,2,0,0,2,2
2020-08-07,US,Arkansas,Ouachita,92,2,0,33.58839816,-92.87795984,5103.0,393.4650585920794,2.1739130434782608,90,84,2,0,82,84,23606,8,0,0,8,0
2020-08-07,US,Arkansas,Perry,50,0,0,34.9459153,-92.94372564,5105.0,478.24007651841225,0.0,50,50,0,0,50,50,10352,0,0,0,0,0
2020-08-07,US,Arkansas,Phillips,303,7,0,34.43268455,-90.84800154,5107.0,1703.9703070520752,2.31023102310231,296,298,7,0,291,298,18029,5,0,0,5,0
2020-08-07,US,Arkansas,Pike,97,1,0,34.16250414,-93.65789349,5109.0,905.019593207688,1.0309278350515465,96,91,1,0,90,88,10673,6,0,0,6,3
2020-08-07,US,Arkansas,Poinsett,240,3,0,35.57433534,-90.66268713,5111.0,1020.0612036722204,1.25,237,217,3,0,214,190,23974,23,0,0,23,27
2020-08-07,US,Arkansas,Polk,140,1,0,34.48254879,-94.22728802,5113.0,701.2622720897616,0.7142857142857143,139,137,1,0,136,134,20049,3,0,0,3,3
2020-08-07,US,Arkansas,Pope,1282,10,0,35.44871474,-93.03212219,5115.0,2000.8740167311773,0.7800312012480499,1272,1276,10,0,1266,1266,64000,6,0,0,6,10
2020-08-07,US,Arkansas,Prairie,87,0,0,34.83624419,-91.55162157,5117.0,1079.136690647482,0.0,87,80,0,0,80,78,8074,7,0,0,7,2
2020-08-07,US,Arkansas,Pulaski,5407,83,0,34.77054088,-92.31355101,5119.0,1379.6499715496634,1.5350471610874792,5324,5222,81,0,5141,5151,392680,185,2,0,183,71
2020-08-07,US,Arkansas,Randolph,206,3,0,36.3415714,-91.02455531,5121.0,1147.1210602516985,1.4563106796116505,203,199,3,0,196,198,17948,7,0,0,7,1
2020-08-07,US,Arkansas,Saline,999,6,0,34.64916145,-92.67583224,5125.0,815.929825134559,0.6006006006006006,993,975,6,0,969,949,121421,24,0,0,24,26
2020-08-07,US,Arkansas,Scott,55,0,0,34.85588887,-94.0632176,5127.0,534.9674156210485,0.0,55,51,0,0,51,46,10319,4,0,0,4,5
2020-08-07,US,Arkansas,Searcy,28,0,0,35.9109364,-92.69936482,5129.0,355.2848623271158,0.0,28,28,0,0,28,28,7958,0,0,0,0,0
2020-08-07,US,Arkansas,Sebastian,2079,19,0,35.19605503,-94.27162713,5131.0,1626.4169541646133,0.913900913900914,2060,2038,17,0,2021,1977,127753,41,2,0,39,61
2020-08-07,US,Arkansas,Sevier,976,10,0,33.99780401,-94.2424869,5133.0,5738.813429764216,1.024590163934426,966,969,10,0,959,958,17139,7,0,0,7,11
2020-08-07,US,Arkansas,Sharp,109,5,0,36.16258158,-91.47819342,5135.0,624.928333906662,4.587155963302751,104,107,5,0,102,106,17366,2,0,0,2,1
2020-08-07,US,Arkansas,St. Francis,1186,3,0,35.02201976,-90.74828138,5123.0,4745.138833319997,0.2529510961214165,1183,1165,3,0,1162,1148,25439,21,0,0,21,17
2020-08-07,US,Arkansas,Stone,64,1,0,35.86251946,-92.15684085,5137.0,511.754357908204,1.5625,63,61,1,0,60,59,12457,3,0,0,3,2
2020-08-07,US,Arkansas,Unassigned,1785,0,0,0.0,0.0,90005.0,0.0,0.0,1785,1733,0,0,1733,1686,,52,0,0,52,47
2020-08-07,US,Arkansas,Union,472,17,0,33.16887091,-92.59746952,5139.0,1220.2057804663668,3.601694915254237,455,464,17,0,447,458,39126,8,0,0,8,6
2020-08-07,US,Arkansas,Van Buren,52,2,0,35.58095779,-92.51295036,5141.0,314.2943487458447,3.8461538461538463,50,52,2,0,50,52,16603,0,0,0,0,0
2020-08-07,US,Arkansas,Washington,6231,51,0,35.976844,-94.21800746,5143.0,2605.0746905141164,0.8184882041405874,6180,6188,51,0,6137,6168,236961,43,0,0,43,20
2020-08-07,US,Arkansas,White,312,2,0,35.25688493,-91.74908296,5145.0,396.17538379490304,0.6410256410256411,310,289,2,0,287,284,78727,23,0,0,23,5
2020-08-07,US,Arkansas,Woodruff,21,0,0,35.18902527,-91.2439489,5147.0,332.27848101265823,0.0,21,20,0,0,20,20,6490,1,0,0,1,0
2020-08-07,US,Arkansas,Yell,1062,14,0,35.00292371,-93.41171338,5149.0,4976.336629023945,1.3182674199623352,1048,1055,14,0,1041,1052,21535,7,0,0,7,3
2020-08-07,US,California,Alameda,12884,206,0,37.64629437,-121.8929271,6001.0,770.8835304120253,1.5988823346786711,12678,12884,206,0,12678,12136,1666753,0,0,0,0,748
2020-08-07,US,California,Alpine,2,0,0,38.59678594,-119.82235940000001,6003.0,177.14791851195747,0.0,2,2,0,0,2,2,1101,0,0,0,0,0
2020-08-07,US,California,Amador,162,0,0,38.44583082,-120.65696000000001,6005.0,407.52666532501513,0.0,162,156,0,0,156,137,39383,6,0,0,6,19
2020-08-07,US,California,Butte,1060,8,0,39.66727762,-121.6005252,6007.0,483.6075296779903,0.7547169811320755,1052,1060,8,0,1052,1012,231256,0,0,0,0,48
2020-08-07,US,California,Calaveras,136,1,0,38.20537103,-120.55291299999999,6009.0,296.26402352684886,0.7352941176470589,135,136,1,0,135,136,45602,0,0,0,0,0
2020-08-07,US,California,Colusa,362,4,0,39.17881957,-122.2331726,6011.0,1680.0482665800346,1.1049723756906078,358,361,4,0,357,359,21627,1,0,0,1,2
2020-08-07,US,California,Contra Costa,8760,136,0,37.91923498,-121.9289527,6013.0,759.4107111586561,1.5525114155251138,8624,8532,134,0,8398,8324,1150215,228,2,0,226,208
2020-08-07,US,California,Del Norte,96,0,0,41.74228275,-123.89740630000001,6015.0,345.17474471451175,0.0,96,90,0,0,90,90,27828,6,0,0,6,0
2020-08-07,US,California,El Dorado,716,1,0,38.77965956,-120.5233166,6017.0,371.2864869349678,0.13966480446927373,715,716,1,0,715,668,190678,0,0,0,0,48
2020-08-07,US,California,Fresno,16625,157,0,36.75733899,-119.6466953,6019.0,1663.9959323431765,0.9443609022556392,16468,16625,157,0,16468,15945,994400,0,0,0,0,680
2020-08-07,US,California,Glenn,360,3,0,39.59875897,-122.3938452,6021.0,1267.9181488395027,0.8333333333333334,357,352,3,0,349,346,28047,8,0,0,8,6
2020-08-07,US,California,Humboldt,280,4,0,40.69923009,-123.876044,6023.0,206.55365231118785,1.4285714285714286,276,280,4,0,276,245,136373,0,0,0,0,35
2020-08-07,US,California,Imperial,9601,240,0,33.0393082,-115.36690420000001,6025.0,5298.12653477913,2.499739610457244,9361,9601,240,0,9361,9513,181827,0,0,0,0,88
2020-08-07,US,California,Inyo,86,3,0,36.51112084,-117.41119779999998,6027.0,476.7448306447142,3.4883720930232562,83,84,1,0,83,66,17987,2,2,0,0,18
2020-08-07,US,California,Kern,22009,160,0,35.34329425,-118.72777959999999,6029.0,2444.895701187067,0.7269753282747967,21849,21724,152,0,21572,21433,896764,285,8,0,277,291
2020-08-07,US,California,Kings,4453,56,0,36.07409056,-119.8159973,6031.0,2911.5993199947693,1.2575791601167752,4397,4453,56,0,4397,4453,151366,0,0,0,0,0
2020-08-07,US,California,Lake,220,2,0,39.10124298,-122.75362439999999,6033.0,341.68918709036126,0.9090909090909092,218,212,2,0,210,211,64382,8,0,0,8,1
2020-08-07,US,California,Lassen,638,0,0,40.67311306,-120.59350990000002,6035.0,2086.8086219867205,0.0,638,633,0,0,633,632,30802,5,0,0,5,1
2020-08-07,US,California,Los Angeles,204258,4919,0,34.30828379,-118.22824109999999,6037.0,2034.6231990554536,2.4082288086635533,199339,201200,4869,0,196331,198165,10105518,3058,50,0,3008,3035
2020-08-07,US,California,Madera,2267,36,0,37.21513971,-119.76655890000002,6039.0,1440.947834764535,1.5880017644464048,2231,2208,36,0,2172,2114,157672,59,0,0,59,94
2020-08-07,US,California,Marin,5257,78,0,38.07122463,-122.72106310000001,6041.0,2031.0942486458084,1.4837359710861708,5179,5199,78,0,5121,5180,259666,58,0,0,58,19
2020-08-07,US,California,Mariposa,60,2,0,37.57978556,-119.9073334,6043.0,348.77637621345116,3.333333333333333,58,60,2,0,58,59,17471,0,0,0,0,1
2020-08-07,US,California,Mendocino,363,10,0,39.4381191,-123.39113130000001,6045.0,418.4486276498865,2.7548209366391183,353,363,10,0,353,341,87606,0,0,0,0,22
2020-08-07,US,California,Merced,4855,62,0,37.18922369,-120.72090349999999,6047.0,1748.4154422356671,1.2770339855818744,4793,4855,62,0,4793,4583,274765,0,0,0,0,272
2020-08-07,US,California,Modoc,4,0,0,41.58965602,-120.7244817,6049.0,45.243750706933604,0.0,4,4,0,0,4,4,8777,0,0,0,0,0
2020-08-07,US,California,Mono,153,1,0,37.93899289,-118.8872409,6051.0,1059.2633619495984,0.6535947712418301,152,153,1,0,152,146,14250,0,0,0,0,7
2020-08-07,US,California,Monterey,5156,35,0,36.21862405,-121.24133970000001,6053.0,1187.851477096537,0.6788207913110939,5121,5120,35,0,5085,4966,435594,36,0,0,36,154
2020-08-07,US,California,Napa,1046,10,0,38.50735751,-122.33283899999999,6055.0,759.3797188988267,0.9560229445506692,1036,1025,9,0,1016,1007,139417,21,1,0,20,18
2020-08-07,US,California,Nevada,321,1,0,39.30394768,-120.76272809999999,6057.0,321.78838153476016,0.3115264797507788,320,321,1,0,320,316,99696,0,0,0,0,5
2020-08-07,US,California,Orange,38754,704,0,33.70147516,-117.76459979999998,6059.0,1220.3324503761698,1.8165866749238788,38050,38711,697,0,38014,38131,3185968,43,7,0,36,580
2020-08-07,US,California,Placer,2099,20,0,39.06167234,-120.72405690000001,6061.0,526.9513392195898,0.952834683182468,2079,2039,20,0,2019,1998,393149,60,0,0,60,41
2020-08-07,US,California,Plumas,34,0,0,40.00355989,-120.8395236,6063.0,180.7837507311108,0.0,34,34,0,0,34,33,18804,0,0,0,0,1
2020-08-07,US,California,Riverside,40452,799,0,33.74314981,-115.9933578,6065.0,1637.3708483873606,1.9751804607930388,39653,39741,770,0,38971,38487,2450758,711,29,0,682,1254
2020-08-07,US,California,Sacramento,10544,155,0,38.45106826,-121.34253740000001,6067.0,679.3560549927902,1.470030349013657,10389,10544,155,0,10389,10174,1540975,0,0,0,0,370
2020-08-07,US,California,San Benito,699,4,0,36.60308176,-121.069975,6069.0,1112.9155521589607,0.5722460658082976,695,699,4,0,695,689,61537,0,0,0,0,10
2020-08-07,US,California,San Bernardino,34939,497,0,34.84060306,-116.1774685,6071.0,1602.6439336080932,1.4224791779959358,34442,34635,490,0,34145,34237,2171603,304,7,0,297,398
2020-08-07,US,California,San Diego,31127,583,0,33.03484597,-116.73653259999999,6073.0,932.412313941402,1.872972017862306,30544,31127,583,0,30544,30516,3343364,0,0,0,0,611
2020-08-07,US,California,San Francisco,7326,64,0,37.75215114,-122.43856720000001,6075.0,831.0371856811136,0.8736008736008736,7262,7228,63,0,7165,7081,883305,98,1,0,97,147
2020-08-07,US,California,San Joaquin,12119,192,0,37.93433732,-121.2730061,6077.0,1590.111107029081,1.58428913276673,11927,12119,192,0,11927,12034,752660,0,0,0,0,85
2020-08-07,US,California,San Luis Obispo,2047,16,0,35.38822029,-120.4039028,6079.0,723.0379603759658,0.7816316560820713,2031,2047,16,0,2031,1970,284010,0,0,0,0,77
2020-08-07,US,California,San Mateo,5978,120,0,37.422880799999994,-122.32755459999998,6081.0,779.8344058556719,2.0073603211776514,5858,5891,120,0,5771,5758,769545,87,0,0,87,133
2020-08-07,US,California,Santa Barbara,6652,68,0,34.65329488,-120.0188492,6083.0,1489.8129671063093,1.0222489476849068,6584,6652,68,0,6584,6526,446527,0,0,0,0,126
2020-08-07,US,California,Santa Clara,11336,196,0,37.23104908,-121.6970462,6085.0,588.0119428254866,1.7290049400141143,11140,11336,196,0,11140,11030,1937570,0,0,0,0,306
2020-08-07,US,California,Santa Cruz,1229,4,0,37.05580291,-122.0066524,6087.0,449.83218221680517,0.32546786004882017,1225,1213,4,0,1209,1196,274255,16,0,0,16,17
2020-08-07,US,California,Shasta,411,9,0,40.76391419,-122.0396884,6089.0,228.2318969346957,2.18978102189781,402,411,9,0,402,404,180040,0,0,0,0,7
2020-08-07,US,California,Sierra,3,0,0,39.57713498,-120.52007009999998,6091.0,99.83361064891848,0.0,3,3,0,0,3,3,2987,0,0,0,0,0
2020-08-07,US,California,Siskiyou,92,0,0,41.59198861,-122.54074340000001,6093.0,211.30480718436345,0.0,92,90,0,0,90,88,43724,2,0,0,2,2
2020-08-07,US,California,Solano,3959,39,0,38.26827353,-121.9357113,6095.0,884.4101214583943,0.9850972467794896,3920,3959,39,0,3920,3806,446610,0,0,0,0,153
2020-08-07,US,California,Sonoma,3358,44,0,38.52746429,-122.88625060000001,6097.0,679.295054375971,1.3103037522334724,3314,3208,42,0,3166,3208,499942,150,2,0,148,0
2020-08-07,US,California,Stanislaus,9408,151,0,37.55862499,-120.9970722,6099.0,1708.4952602331748,1.6050170068027212,9257,9408,151,0,9257,9308,549815,0,0,0,0,100
2020-08-07,US,California,Sutter,893,6,0,39.03417539,-121.6945899,6101.0,920.893875488548,0.6718924972004481,887,893,6,0,887,840,96807,0,0,0,0,53
2020-08-07,US,California,Tehama,271,1,0,40.12570935,-122.23701709999999,6103.0,416.38497941122256,0.3690036900369004,270,271,1,0,270,249,63916,0,0,0,0,22
2020-08-07,US,California,Trinity,5,0,0,40.64917670000001,-123.114713,6105.0,40.7000407000407,0.0,5,5,0,0,5,5,12535,0,0,0,0,0
2020-08-07,US,California,Tulare,10475,196,0,36.22026558,-118.8020203,6107.0,2246.9138450648334,1.8711217183770883,10279,10334,196,0,10138,10078,465861,141,0,0,141,256
2020-08-07,US,California,Tuolumne,147,2,0,38.02644018,-119.95250929999999,6109.0,269.833694335328,1.3605442176870748,145,147,2,0,145,144,54539,0,0,0,0,3
2020-08-07,US,California,Ventura,8035,82,0,34.44465746,-119.09106129999999,6111.0,949.756857516377,1.0205351586807716,7953,7953,79,0,7874,7877,850967,82,3,0,79,76
2020-08-07,US,California,Yolo,1660,42,0,38.68278902,-121.90182879999999,6113.0,752.8344671201814,2.5301204819277108,1618,1660,42,0,1618,1614,220408,0,0,0,0,46
2020-08-07,US,California,Yuba,572,4,0,39.26255932,-121.35356440000001,6115.0,727.1063202318602,0.6993006993006993,568,572,4,0,568,533,78041,0,0,0,0,39
2020-08-07,US,Colorado,Adams,6375,176,0,39.87432092,-104.3362578,8001.0,1232.0721424140108,2.76078431372549,6199,6307,175,0,6132,6248,511868,68,1,0,67,59
2020-08-07,US,Colorado,Alamosa,226,9,0,37.57250606,-105.7885451,8003.0,1392.225713053656,3.9823008849557517,217,224,9,0,215,224,16683,2,0,0,2,0
2020-08-07,US,Colorado,Arapahoe,7234,364,0,39.64977461,-104.3353617,8005.0,1101.7529965427436,5.03179430467238,6870,7194,363,0,6831,7156,651215,40,1,0,39,38
2020-08-07,US,Colorado,Archuleta,35,0,0,37.19474156,-107.0476867,8007.0,249.48321334378787,0.0,35,35,0,0,35,34,13765,0,0,0,0,1
2020-08-07,US,Colorado,Baca,14,0,0,37.31940883,-102.5603223,8009.0,390.9522479754258,0.0,14,14,0,0,14,14,3585,0,0,0,0,0
2020-08-07,US,Colorado,Bent,9,0,0,37.95474293,-103.0720195,8011.0,161.37708445400753,0.0,9,8,0,0,8,8,5882,1,0,0,1,0
2020-08-07,US,Colorado,Boulder,2019,75,0,40.09313619,-105.3546767,8013.0,618.9530221094068,3.714710252600297,1944,1997,75,0,1922,1982,326078,22,0,0,22,15
2020-08-07,US,Colorado,Broomfield,453,32,0,39.95998787,-105.0566324,8014.0,642.8723479741716,7.064017660044151,421,445,32,0,413,436,69267,8,0,0,8,9
2020-08-07,US,Colorado,Chaffee,296,19,0,38.74745778,-106.19265729999998,8015.0,1454.1167223423072,6.418918918918918,277,295,19,0,276,292,20027,1,0,0,1,3
2020-08-07,US,Colorado,Cheyenne,8,0,0,38.82777431,-102.6032558,8017.0,436.9197160021846,0.0,8,8,0,0,8,8,1876,0,0,0,0,0
2020-08-07,US,Colorado,Clear Creek,30,1,0,39.68864463,-105.6463118,8019.0,309.27835051546384,3.333333333333333,29,29,1,0,28,28,9605,1,0,0,1,1
2020-08-07,US,Colorado,Conejos,23,0,0,37.201606,-106.19174879999998,8021.0,280.31687995124923,0.0,23,23,0,0,23,23,8200,0,0,0,0,0
2020-08-07,US,Colorado,Costilla,22,0,0,37.27732493,-105.4276548,8023.0,565.9891947517366,0.0,22,22,0,0,22,22,3828,0,0,0,0,0
2020-08-07,US,Colorado,Crowley,72,1,0,38.32608609,-103.7844965,8025.0,1187.922785018974,1.3888888888888888,71,72,1,0,71,72,5858,0,0,0,0,0
2020-08-07,US,Colorado,Custer,11,0,0,38.10883162,-105.3683478,8027.0,217.04814522494078,0.0,11,11,0,0,11,11,4954,0,0,0,0,0
2020-08-07,US,Colorado,Delta,118,1,0,38.86246243,-107.8631342,8029.0,378.6663243694243,0.8474576271186439,117,117,1,0,116,115,30953,1,0,0,1,2
2020-08-07,US,Colorado,Denver,10122,414,0,39.76018276,-104.8725695,8031.0,1391.893136929997,4.0901007705986965,9708,10052,413,0,9639,9968,716492,70,1,0,69,84
2020-08-07,US,Colorado,Dolores,1,0,0,37.75208676,-108.5211585,8033.0,48.661800486618006,0.0,1,1,0,0,1,1,2074,0,0,0,0,0
2020-08-07,US,Colorado,Douglas,1718,59,0,39.33133796,-104.930001,8035.0,489.24403538048836,3.4342258440046565,1659,1702,59,0,1643,1689,342776,16,0,0,16,13
2020-08-07,US,Colorado,Eagle,1116,9,0,39.62754308,-106.6933637,8037.0,2024.4163477062048,0.8064516129032258,1107,1106,9,0,1097,1096,54993,10,0,0,10,10
2020-08-07,US,Colorado,El Paso,4911,137,0,38.83240149,-104.5251411,8041.0,681.7017697039017,2.7896558745672984,4774,4832,137,0,4695,4754,713856,79,0,0,79,78
2020-08-07,US,Colorado,Elbert,103,2,0,39.28656773,-104.1358721,8039.0,385.3492461371544,1.9417475728155342,101,102,2,0,100,97,26282,1,0,0,1,5
2020-08-07,US,Colorado,Fremont,117,0,0,38.47362326,-105.4399667,8043.0,244.57032964735885,0.0,117,116,0,0,116,117,48021,1,0,0,1,-1
2020-08-07,US,Colorado,Garfield,757,4,0,39.59921777,-107.902708,8045.0,1260.3852749704467,0.5284015852047557,753,753,4,0,749,742,59770,4,0,0,4,11
2020-08-07,US,Colorado,Gilpin,16,0,0,39.85646523,-105.5252597,8047.0,256.28704148646483,0.0,16,16,0,0,16,16,6121,0,0,0,0,0
2020-08-07,US,Colorado,Grand,46,1,0,40.10603347,-106.1178042,8049.0,292.36049319944067,2.1739130434782608,45,45,1,0,44,44,15525,1,0,0,1,1
2020-08-07,US,Colorado,Gunnison,268,6,0,38.66611652,-107.0320729,8051.0,1534.7611957393194,2.238805970149253,262,267,6,0,261,266,17246,1,0,0,1,1
2020-08-07,US,Colorado,Hinsdale,3,0,0,37.82247444,-107.3004345,8053.0,365.8536585365854,0.0,3,3,0,0,3,3,811,0,0,0,0,0
2020-08-07,US,Colorado,Huerfano,8,1,0,37.68473101,-104.9612585,8055.0,115.99246049006815,12.5,7,8,1,0,7,7,6889,0,0,0,0,1
2020-08-07,US,Colorado,Jackson,9,0,0,40.66593870000001,-106.3408905,8057.0,646.5517241379309,0.0,9,9,0,0,9,8,1399,0,0,0,0,1
2020-08-07,US,Colorado,Jefferson,4124,228,0,39.58635604,-105.2517692,8059.0,707.5200598406877,5.528612997090204,3896,4086,227,0,3859,4051,580233,38,1,0,37,35
2020-08-07,US,Colorado,Kit Carson,44,3,0,39.30497777,-102.6022199,8063.0,619.9802733549387,6.8181818181818175,41,43,3,0,40,43,7163,1,0,0,1,0
2020-08-07,US,Colorado,La Plata,204,2,0,37.28632032,-107.8429014,8067.0,362.85373792710914,0.9803921568627452,202,204,2,0,202,201,56310,0,0,0,0,3
2020-08-07,US,Colorado,Lake,77,0,0,39.20278823,-106.3555697,8065.0,947.4590869939708,0.0,77,74,0,0,74,74,7824,3,0,0,3,0
2020-08-07,US,Colorado,Larimer,1493,35,0,40.66671597,-105.4625784,8069.0,418.3256327420363,2.3442732752846616,1458,1475,35,0,1440,1456,350518,18,0,0,18,19
2020-08-07,US,Colorado,Las Animas,15,0,0,37.3153406,-104.0376458,8071.0,103.40548738453056,0.0,15,15,0,0,15,15,14503,0,0,0,0,0
2020-08-07,US,Colorado,Lincoln,8,0,0,38.98749519,-103.5136649,8073.0,140.3262585511314,0.0,8,8,0,0,8,7,5610,0,0,0,0,1
2020-08-07,US,Colorado,Logan,650,5,0,40.7249637,-103.110817,8075.0,2900.620286492035,0.7692307692307693,645,649,5,0,644,649,21528,1,0,0,1,0
2020-08-07,US,Colorado,Mesa,293,4,0,39.01787888,-108.469799,8077.0,190.00064846637702,1.3651877133105803,289,289,4,0,285,280,153207,4,0,0,4,9
2020-08-07,US,Colorado,Mineral,18,0,0,37.66954283,-106.9281698,8079.0,2340.702210663199,0.0,18,18,0,0,18,18,776,0,0,0,0,0
2020-08-07,US,Colorado,Moffat,26,1,0,40.61810999,-108.2070876,8081.0,195.73891440186702,3.8461538461538463,25,26,1,0,25,26,13188,0,0,0,0,0
2020-08-07,US,Colorado,Montezuma,111,4,0,37.33859579,-108.5958857,8083.0,423.93919718901583,3.603603603603604,107,109,4,0,105,108,26158,2,0,0,2,1
2020-08-07,US,Colorado,Montrose,293,13,0,38.40214114,-108.26390220000002,8085.0,685.2518826886197,4.436860068259387,280,292,13,0,279,287,42214,1,0,0,1,5
2020-08-07,US,Colorado,Morgan,683,46,0,40.26279810000001,-103.8093302,8087.0,2349.662859501858,6.734992679355782,637,681,46,0,635,681,28558,2,0,0,2,0
2020-08-07,US,Colorado,Otero,71,6,0,37.9014485,-103.7173385,8089.0,388.44512528723055,8.450704225352112,65,70,6,0,64,65,18432,1,0,0,1,5
2020-08-07,US,Colorado,Ouray,13,1,0,38.14717457,-107.7675136,8091.0,262.52019386106616,7.6923076923076925,12,12,1,0,11,12,4833,1,0,0,1,0
2020-08-07,US,Colorado,Park,42,1,0,39.120926,-105.7182065,8093.0,222.870788007429,2.380952380952381,41,42,1,0,41,42,18556,0,0,0,0,0
2020-08-07,US,Colorado,Phillips,19,0,0,40.59414277,-102.3577703,8095.0,445.48651817116064,0.0,19,19,0,0,19,19,4286,0,0,0,0,0
2020-08-07,US,Colorado,Pitkin,182,2,0,39.21720112,-106.9310027,8097.0,1024.3710249338662,1.0989010989010992,180,181,2,0,179,180,17950,1,0,0,1,1
2020-08-07,US,Colorado,Prowers,51,0,0,37.95544985,-102.3926052,8099.0,418.99441340782136,0.0,51,50,0,0,50,50,12164,1,0,0,1,0
2020-08-07,US,Colorado,Pueblo,674,34,0,38.17359144,-104.5127437,8101.0,400.1804968413053,5.044510385756675,640,660,34,0,626,645,167529,14,0,0,14,15
2020-08-07,US,Colorado,Rio Blanco,15,0,0,39.97913541,-108.2179009,8103.0,237.19165085389,0.0,15,9,0,0,9,8,6336,6,0,0,6,1
2020-08-07,US,Colorado,Rio Grande,89,2,0,37.5836865,-106.3847838,8105.0,789.9174580633709,2.247191011235955,87,89,2,0,87,88,11250,0,0,0,0,1
2020-08-07,US,Colorado,Routt,117,7,0,40.48596505,-106.9905548,8107.0,456.3538497542711,5.982905982905983,110,111,6,0,105,110,25733,6,1,0,5,1
2020-08-07,US,Colorado,Saguache,106,2,0,38.08054629,-106.282466,8109.0,1553.3411488862835,1.8867924528301887,104,106,2,0,104,106,6843,0,0,0,0,0
2020-08-07,US,Colorado,San Juan,2,0,0,37.76248981,-107.67632890000002,8111.0,274.72527472527474,0.0,2,2,0,0,2,2,762,0,0,0,0,0
2020-08-07,US,Colorado,San Miguel,82,0,0,38.00450883,-108.4020725,8113.0,1002.56755104536,0.0,82,80,0,0,80,80,8191,2,0,0,2,0
2020-08-07,US,Colorado,Sedgwick,11,1,0,40.87595412,-102.3519227,8115.0,489.32384341637015,9.090909090909092,10,11,1,0,10,11,2303,0,0,0,0,0
2020-08-07,US,Colorado,Summit,327,4,0,39.63803232,-106.1150762,8117.0,1054.464544838928,1.2232415902140672,323,327,4,0,323,327,31007,0,0,0,0,0
2020-08-07,US,Colorado,Teller,123,3,0,38.88133511,-105.1614893,8119.0,484.48085709784147,2.4390243902439024,120,122,3,0,119,121,25083,1,0,0,1,1
2020-08-07,US,Colorado,Washington,47,0,0,39.97015535,-103.202587,8121.0,957.6202118989404,0.0,47,47,0,0,47,47,4909,0,0,0,0,0
2020-08-07,US,Colorado,Weld,3662,142,0,40.55499405,-104.3929621,8123.0,1128.5332149945145,3.877662479519388,3520,3635,142,0,3493,3617,314305,27,0,0,27,18
2020-08-07,US,Colorado,Yuma,63,0,0,40.00346839,-102.4258673,8125.0,628.8052699870246,0.0,63,63,0,0,63,63,10020,0,0,0,0,0
2020-08-07,US,Connecticut,Fairfield,17956,1408,0,41.26809896,-73.3881171,9001.0,1903.465587937227,7.841390064602362,16548,17926,1406,0,16520,17912,943823,30,2,0,28,14
2020-08-07,US,Connecticut,Hartford,12761,1415,0,41.80283011,-72.73103891,9003.0,1431.0545911272598,11.088472690228038,11346,12745,1414,0,11331,12733,892697,16,1,0,15,12
2020-08-07,US,Connecticut,Litchfield,1610,138,0,41.7937534,-73.2451475,9005.0,892.7927778055043,8.571428571428571,1472,1607,138,0,1469,1606,181111,3,0,0,3,1
2020-08-07,US,Connecticut,Middlesex,1396,192,0,41.45949668,-72.53714864,9007.0,859.4154005269768,13.753581661891115,1204,1395,191,0,1204,1396,162682,1,1,0,0,-1
2020-08-07,US,Connecticut,New Haven,13145,1104,0,41.408032500000004,-72.93620426,9009.0,1537.863977715304,8.398630658044883,12041,13128,1104,0,12024,13118,857620,17,0,0,17,10
2020-08-07,US,Connecticut,New London,1433,103,0,41.48896435,-72.10430976,9011.0,540.3346832273778,7.187718073970691,1330,1431,103,0,1328,1428,266784,2,0,0,2,3
2020-08-07,US,Connecticut,Tolland,1056,66,0,41.85853803,-72.3308481,9013.0,700.6322941063289,6.25,990,1055,66,0,989,1056,150921,1,0,0,1,-1
2020-08-07,US,Connecticut,Unassigned,237,0,0,0.0,0.0,90009.0,0.0,0.0,237,234,0,0,234,254,,3,0,0,3,-20
2020-08-07,US,Connecticut,Windham,726,15,0,41.82972709,-71.98182316,9015.0,621.6711479508829,2.066115702479338,711,724,15,0,709,722,117027,2,0,0,2,2
2020-08-07,US,Delaware,Kent,2268,107,0,39.08646628,-75.56884914,10001.0,1254.521920945206,4.7178130511463845,2161,2247,107,0,2140,2238,178550,21,0,0,21,9
2020-08-07,US,Delaware,New Castle,7130,289,0,39.57992638,-75.64054974,10003.0,1276.0557885147819,4.053295932678822,6841,7092,289,0,6803,7042,559335,38,0,0,38,50
2020-08-07,US,Delaware,Sussex,5803,192,0,38.66143781,-75.39031349,10005.0,2477.5322873305577,3.3086334654489056,5611,5786,191,0,5595,5778,229286,17,1,0,16,8
2020-08-07,US,Delaware,Unassigned,244,0,0,0.0,0.0,90010.0,0.0,0.0,244,240,0,0,240,238,,4,0,0,4,2
2020-08-07,US,District of Columbia,District of Columbia,12589,589,0,38.90417773,-77.01655992,11001.0,1783.7786521837086,4.6786877432679335,12000,12518,587,0,11931,12443,702455,71,2,0,69,75
2020-08-07,US,Florida,Alachua,4006,26,0,29.67866525,-82.35928158,12001.0,1488.9813152544389,0.6490264603095357,3980,3952,25,0,3927,3862,269956,54,1,0,53,90
2020-08-07,US,Florida,Baker,630,4,0,30.33060121,-82.28467476,12003.0,2156.7956179390617,0.6349206349206349,626,528,4,0,524,429,28355,102,0,0,102,99
2020-08-07,US,Florida,Bay,4194,45,0,30.26548745,-85.62122584,12005.0,2400.618184940328,1.072961373390558,4149,4077,45,0,4032,3988,185287,117,0,0,117,89
2020-08-07,US,Florida,Bradford,434,4,0,29.95079741,-82.16611613,12007.0,1538.9525194142057,0.9216589861751152,430,378,4,0,374,343,27732,56,0,0,56,35
2020-08-07,US,Florida,Brevard,5851,140,0,28.29409504,-80.73091022,12009.0,972.0205601204103,2.392753375491369,5711,5794,134,0,5660,5712,596849,57,6,0,51,82
2020-08-07,US,Florida,Broward,60746,782,0,26.15184651,-80.48725556,12011.0,3110.747867909204,1.2873275606624304,59964,60058,782,0,59276,59354,1951260,688,0,0,688,704
2020-08-07,US,Florida,Calhoun,417,7,0,30.40666734,-85.19394153,12013.0,2956.398440269408,1.6786570743405276,410,356,7,0,349,334,14587,61,0,0,61,22
2020-08-07,US,Florida,Charlotte,2174,90,0,26.90131002,-81.92949121,12015.0,1150.812556243714,4.139834406623735,2084,2144,89,0,2055,2104,184998,30,1,0,29,40
2020-08-07,US,Florida,Citrus,1473,36,0,28.84804315,-82.47614748,12017.0,984.2506531602264,2.4439918533604894,1437,1429,36,0,1393,1373,147929,44,0,0,44,56
2020-08-07,US,Florida,Clay,3186,50,0,29.98319144,-81.85609986,12019.0,1453.122434458979,1.569365976145637,3136,3110,50,0,3060,3021,216072,76,0,0,76,89
2020-08-07,US,Florida,Collier,10202,131,0,26.11091986,-81.34687065,12021.0,2650.5448140046037,1.284061948637522,10071,10118,130,0,9988,10050,378488,84,1,0,83,68
2020-08-07,US,Florida,Columbia,2784,14,0,30.22509788,-82.62160164,12023.0,3883.6034930111878,0.5028735632183908,2770,2731,13,0,2718,2672,70503,53,1,0,52,59
2020-08-07,US,Florida,DeSoto,1327,16,0,27.18677893,-81.80941373,12027.0,3492.0133680692616,1.205727204220045,1311,1321,16,0,1305,1313,37489,6,0,0,6,8
2020-08-07,US,Florida,Dixie,424,4,0,29.60631086,-83.15724673,12029.0,2519.9096636158324,0.9433962264150944,420,375,4,0,371,289,16700,49,0,0,49,86
2020-08-07,US,Florida,Duval,22889,177,0,30.33225875,-81.66976468,12031.0,2389.859619631325,0.7732972170038009,22712,22568,165,0,22403,22215,950181,321,12,0,309,353
2020-08-07,US,Florida,Escambia,8757,115,0,30.67652764,-87.37284571,12033.0,2751.0398471958683,1.3132351261847666,8642,8515,111,0,8404,8367,315534,242,4,0,238,148
2020-08-07,US,Florida,Flagler,1008,13,0,29.45933576,-81.31508595,12035.0,875.9047974904632,1.2896825396825398,995,989,13,0,976,975,112067,19,0,0,19,14
2020-08-07,US,Florida,Franklin,377,2,0,29.83791238,-84.82731662,12037.0,3109.278350515464,0.5305039787798409,375,276,2,0,274,197,11736,101,0,0,101,79
2020-08-07,US,Florida,Gadsden,1781,21,0,30.57796289,-84.61915825,12039.0,3900.5694261936046,1.1791128579449748,1760,1663,21,0,1642,1614,45894,118,0,0,118,49
2020-08-07,US,Florida,Gilchrist,345,3,0,29.72856978,-82.79880657,12041.0,1856.6354536648366,0.8695652173913043,342,339,3,0,336,330,18256,6,0,0,6,9
2020-08-07,US,Florida,Glades,398,3,0,26.95635849,-81.18996211,12043.0,2881.7609152125124,0.7537688442211056,395,398,3,0,395,396,13724,0,0,0,0,2
2020-08-07,US,Florida,Gulf,569,2,0,29.93543004,-85.24270990000002,12045.0,4171.860107045971,0.351493848857645,567,490,2,0,488,436,16164,79,0,0,79,54
2020-08-07,US,Florida,Hamilton,612,4,0,30.49673973,-82.94998918,12047.0,4241.752148599944,0.6535947712418301,608,598,4,0,594,595,14310,14,0,0,14,3
2020-08-07,US,Florida,Hardee,908,7,0,27.49293939,-81.80956574,12049.0,3370.828228830233,0.7709251101321586,901,890,7,0,883,866,27245,18,0,0,18,24
2020-08-07,US,Florida,Hendry,1725,37,0,26.55386945,-81.16469006,12051.0,4104.992622911808,2.1449275362318843,1688,1709,37,0,1672,1694,41556,16,0,0,16,15
2020-08-07,US,Florida,Hernando,1929,43,0,28.55364461,-82.42700204,12053.0,994.740099009901,2.229134266459305,1886,1906,42,0,1864,1842,190865,23,1,0,22,64
2020-08-07,US,Florida,Highlands,1355,36,0,27.34254618,-81.34071957,12055.0,1275.6422929552534,2.656826568265682,1319,1328,34,0,1294,1311,105424,27,2,0,25,17
2020-08-07,US,Florida,Hillsborough,31865,386,0,27.9276559,-82.32013172,12057.0,2164.788908454532,1.2113604268005649,31479,31563,378,0,31185,31197,1436888,302,8,0,294,366
2020-08-07,US,Florida,Holmes,486,2,0,30.86747479,-85.81319222,12059.0,2477.443034103074,0.41152263374485604,484,476,2,0,474,460,19477,10,0,0,10,16
2020-08-07,US,Florida,Indian River,2450,52,0,27.69308961,-80.60556721,12061.0,1531.9872688731452,2.122448979591837,2398,2424,51,0,2373,2385,157413,26,1,0,25,39
2020-08-07,US,Florida,Jackson,1832,37,0,30.795459700000002,-85.21500423,12063.0,3947.0849312707373,2.019650655021834,1795,1797,36,0,1761,1745,48305,35,1,0,34,52
2020-08-07,US,Florida,Jefferson,447,5,0,30.43669112,-83.89442308,12065.0,3137.7228695774247,1.1185682326621924,442,438,5,0,433,433,14288,9,0,0,9,5
2020-08-07,US,Florida,Lafayette,129,1,0,29.98484137,-83.18166636,12067.0,1531.7026834481119,0.7751937984496124,128,117,1,0,116,113,8732,12,0,0,12,4
2020-08-07,US,Florida,Lake,4958,61,0,28.76202069,-81.7125123,12069.0,1350.5194515115033,1.2303348124243647,4897,4840,60,0,4780,4794,356495,118,1,0,117,46
2020-08-07,US,Florida,Lee,16248,329,0,26.58410348,-81.88399313,12071.0,2108.5498269478585,2.0248645987198426,15919,16090,323,0,15767,15961,754610,158,6,0,152,129
2020-08-07,US,Florida,Leon,4814,24,0,30.45955727,-84.27491114,12073.0,1639.746305972437,0.498545907769007,4790,4643,23,0,4620,4537,292502,171,1,0,170,106
2020-08-07,US,Florida,Levy,652,4,0,29.31829741,-82.74007147,12075.0,1570.9707731971182,0.6134969325153374,648,645,4,0,641,632,40770,7,0,0,7,13
2020-08-07,US,Florida,Liberty,395,4,0,30.23766008,-84.8829258,12077.0,4728.273880775676,1.0126582278481011,391,384,4,0,380,393,8457,11,0,0,11,-9
2020-08-07,US,Florida,Madison,686,8,0,30.44396917,-83.47398594,12079.0,3709.5117071324294,1.1661807580174928,678,675,8,0,667,663,18529,11,0,0,11,12
2020-08-07,US,Florida,Manatee,9124,189,0,27.47196942,-82.31831044,12081.0,2262.599410295769,2.071459886014906,8935,9050,189,0,8861,8938,394855,74,0,0,74,112
2020-08-07,US,Florida,Marion,5984,86,0,29.21227113,-82.05803627,12083.0,1636.8555086588672,1.4371657754010696,5898,5707,83,0,5624,5543,359977,277,3,0,274,164
2020-08-07,US,Florida,Martin,3767,91,0,27.0772071,-80.43109784,12085.0,2339.7515527950313,2.4157154234138574,3676,3712,87,0,3625,3689,160912,55,4,0,51,23
2020-08-07,US,Florida,Miami-Dade,129409,1809,0,25.6112362,-80.55170587,12086.0,4763.042246056225,1.3978935004520552,127600,127677,1784,0,125893,125949,2761581,1732,25,0,1707,1728
2020-08-07,US,Florida,Monroe,1456,13,0,25.20904673,-81.07812416,12087.0,1961.523953225198,0.8928571428571429,1443,1438,13,0,1425,1404,75027,18,0,0,18,34
2020-08-07,US,Florida,Nassau,1202,11,0,30.61037141,-81.80297522,12089.0,1356.2764456981665,0.9151414309484192,1191,1184,11,0,1173,1155,85832,18,0,0,18,29
2020-08-07,US,Florida,Okaloosa,3391,38,0,30.69143028,-86.59267105,12091.0,1609.107042868396,1.1206133883810083,3353,3292,35,0,3257,3160,207269,99,3,0,96,132
2020-08-07,US,Florida,Okeechobee,1013,9,0,27.386336199999995,-80.88944347,12093.0,2402.295579586417,0.8884501480750246,1004,989,7,0,982,975,41537,24,2,0,22,14
2020-08-07,US,Florida,Orange,31026,287,0,28.51367621,-81.31799498,12095.0,2226.5567812884838,0.9250306194804356,30739,30776,275,0,30501,30425,1380645,250,12,0,238,351
2020-08-07,US,Florida,Osceola,9401,100,0,28.06312234,-81.14882926,12097.0,2501.922815907343,1.0637166258908626,9301,9286,96,0,9190,9156,367990,115,4,0,111,130
2020-08-07,US,Florida,Palm Beach,36114,919,0,26.64676272,-80.46536002,12099.0,2412.795553090989,2.544719499363128,35195,35737,892,0,34845,35283,1485941,377,27,0,350,454
2020-08-07,US,Florida,Pasco,6893,122,0,28.30810945,-82.40227529,12101.0,1244.342870346802,1.7699115044247788,6771,6802,104,0,6698,6708,539630,91,18,0,73,94
2020-08-07,US,Florida,Pinellas,17541,481,0,27.93130349,-82.72239666,12103.0,1799.0843039356064,2.742146969956103,17060,17358,469,0,16889,17202,975280,183,12,0,171,156
2020-08-07,US,Florida,Polk,13839,304,0,27.95027105,-81.69732947,12105.0,1909.4148958921162,2.1966905123202545,13535,13654,304,0,13350,13419,708009,185,0,0,185,235
2020-08-07,US,Florida,Putnam,1465,25,0,29.60779729,-81.74230285,12107.0,1965.8888098656753,1.706484641638225,1440,1446,23,0,1423,1422,74163,19,2,0,17,24
2020-08-07,US,Florida,Santa Rosa,3791,36,0,30.69341450000001,-87.02458128,12113.0,2056.8272449583046,0.949617515167502,3755,3700,34,0,3666,3610,179349,91,2,0,89,90
2020-08-07,US,Florida,Sarasota,6095,130,0,27.18546175,-82.33174248,12115.0,1405.2132373623028,2.1328958162428218,5965,6025,130,0,5895,5940,426718,70,0,0,70,85
2020-08-07,US,Florida,Seminole,6976,110,0,28.7158582,-81.24060348,12117.0,1478.5111460580808,1.576834862385321,6866,6932,109,0,6823,6826,467832,44,1,0,43,106
2020-08-07,US,Florida,St. Johns,3552,34,0,29.90096506,-81.43589967,12109.0,1342.038447587958,0.9572072072072072,3518,3512,33,0,3479,3450,254261,40,1,0,39,62
2020-08-07,US,Florida,St. Lucie,5625,160,0,27.37763908,-80.47106649,12111.0,1713.3875728380096,2.844444444444445,5465,5514,148,0,5366,5396,321128,111,12,0,99,118
2020-08-07,US,Florida,Sumter,1237,41,0,28.70181754,-82.0794267,12119.0,934.1489201027035,3.3144704931285367,1196,1208,40,0,1168,1180,128754,29,1,0,28,28
2020-08-07,US,Florida,Suwannee,1356,40,0,30.19746066,-82.99099670000003,12121.0,3052.8851565841906,2.949852507374631,1316,1302,38,0,1264,1224,44191,54,2,0,52,78
2020-08-07,US,Florida,Taylor,936,4,0,30.04848048,-83.60445406,12123.0,4339.561407575688,0.4273504273504273,932,857,4,0,853,768,21623,79,0,0,79,89
2020-08-07,US,Florida,Unassigned,660,0,0,0.0,0.0,90012.0,0.0,0.0,660,646,0,0,646,639,,14,0,0,14,7
2020-08-07,US,Florida,Union,291,4,0,30.04412971,-82.37497443,12125.0,1909.824768655247,1.3745704467353952,287,244,4,0,240,259,14940,47,0,0,47,-15
2020-08-07,US,Florida,Volusia,7654,126,0,29.05858895,-81.18263252,12127.0,1383.3763492166772,1.6461980663705251,7528,7488,124,0,7364,7372,547538,166,2,0,164,116
2020-08-07,US,Florida,Wakulla,662,4,0,30.16548905,-84.39895211,12129.0,1962.1209875811373,0.6042296072507553,658,651,4,0,647,635,32461,11,0,0,11,16
2020-08-07,US,Florida,Walton,1345,15,0,30.64204028,-86.16935664,12131.0,1815.8253567523047,1.1152416356877324,1330,1323,15,0,1308,1301,71375,22,0,0,22,22
2020-08-07,US,Florida,Washington,807,14,0,30.61359259,-85.66002461,12133.0,3168.060299140266,1.7348203221809169,793,747,14,0,733,716,24880,60,0,0,60,31
2020-08-07,US,Georgia,Appling,631,19,0,31.74847232,-82.28909114,13001.0,3431.9590993146962,3.0110935023771788,612,619,19,0,600,615,18507,12,0,0,12,4
2020-08-07,US,Georgia,Atkinson,312,2,0,31.29633502,-82.87545866,13003.0,3821.18799755052,0.6410256410256411,310,306,2,0,304,301,8297,6,0,0,6,5
2020-08-07,US,Georgia,Bacon,427,6,0,31.55456473,-82.45936528,13005.0,3824.793980652096,1.4051522248243558,421,424,6,0,418,420,11185,3,0,0,3,4
2020-08-07,US,Georgia,Baker,63,3,0,31.32669878,-84.44218806,13007.0,2073.7327188940094,4.761904761904762,60,63,3,0,60,62,3092,0,0,0,0,1
2020-08-07,US,Georgia,Baldwin,1023,38,0,33.06882326,-83.24701748,13009.0,2278.903987525061,3.714565004887585,985,1010,38,0,972,988,44823,13,0,0,13,22
2020-08-07,US,Georgia,Banks,259,4,0,34.35607081,-83.49644388,13011.0,1346.5737756056985,1.5444015444015444,255,255,3,0,252,247,18988,4,1,0,3,8
2020-08-07,US,Georgia,Barrow,1250,32,0,33.99148694,-83.71436292,13013.0,1501.6818837097546,2.56,1218,1214,32,0,1182,1180,80809,36,0,0,36,34
2020-08-07,US,Georgia,Bartow,1816,61,0,34.23732119,-84.83887523,13015.0,1685.5705507805976,3.3590308370044046,1755,1772,61,0,1711,1735,106408,44,0,0,44,37
2020-08-07,US,Georgia,Ben Hill,393,3,0,31.76095874,-83.22145359,13017.0,2353.293413173653,0.7633587786259542,390,388,3,0,385,371,16787,5,0,0,5,17
2020-08-07,US,Georgia,Berrien,281,0,0,31.27590016,-83.22529920000002,13019.0,1448.6776305614273,0.0,281,279,0,0,279,262,19252,2,0,0,2,17
2020-08-07,US,Georgia,Bibb,3473,67,0,32.80904227,-83.70489165,13021.0,2267.5781377522703,1.9291678663979268,3406,3395,66,0,3329,3353,153095,78,1,0,77,42
2020-08-07,US,Georgia,Bleckley,181,6,0,32.43829035,-83.33035166,13023.0,1406.0436572671485,3.3149171270718236,175,166,6,0,160,162,12838,15,0,0,15,4
2020-08-07,US,Georgia,Brantley,242,4,0,31.19576557,-81.97743999,13025.0,1266.418964885656,1.6528925619834711,238,238,4,0,234,237,18897,4,0,0,4,1
2020-08-07,US,Georgia,Brooks,391,18,0,30.83922642,-83.58303423,13027.0,2529.598240279485,4.603580562659847,373,380,18,0,362,387,15513,11,0,0,11,-7
2020-08-07,US,Georgia,Bryan,634,8,0,32.00979311,-81.44002948,13029.0,1599.9192469780703,1.2618296529968454,626,608,9,0,599,601,38109,26,-1,0,27,7
2020-08-07,US,Georgia,Bulloch,1200,14,0,32.39577406,-81.74811421,13031.0,1507.3861923424781,1.1666666666666667,1186,1175,14,0,1161,1137,77296,25,0,0,25,38
2020-08-07,US,Georgia,Burke,451,7,0,33.05917989,-81.99928721,13033.0,2014.9220390474914,1.5521064301552103,444,437,7,0,430,427,22423,14,0,0,14,10
2020-08-07,US,Georgia,Butts,482,37,0,33.283094500000004,-83.95435040000002,13035.0,1932.948347770292,7.6763485477178435,445,476,37,0,439,469,24193,6,0,0,6,7
2020-08-07,US,Georgia,Calhoun,201,6,0,31.53169785,-84.62725131,13037.0,3247.697527872031,2.985074626865672,195,200,6,0,194,199,6352,1,0,0,1,1
2020-08-07,US,Georgia,Camden,725,5,0,30.92951916,-81.66601818,13039.0,1326.2356858010464,0.6896551724137931,720,713,4,0,709,708,53677,12,1,0,11,5
2020-08-07,US,Georgia,Candler,245,4,0,32.40209349,-82.07702563,13043.0,2267.888549476997,1.6326530612244898,241,243,4,0,239,233,10836,2,0,0,2,10
2020-08-07,US,Georgia,Carroll,1842,49,0,33.58138199,-85.07976677,13045.0,1535.1023401560105,2.6601520086862105,1793,1811,47,0,1764,1779,118121,31,2,0,29,32
2020-08-07,US,Georgia,Catoosa,609,9,0,34.89872298,-85.13757014,13047.0,901.1541876294763,1.477832512315271,600,593,9,0,584,587,67420,16,0,0,16,6
2020-08-07,US,Georgia,Charlton,412,3,0,30.78371028,-82.13951596,13049.0,3076.463560334528,0.7281553398058253,409,403,3,0,400,401,12968,9,0,0,9,2
2020-08-07,US,Georgia,Chatham,5526,74,0,32.00043026,-81.12489526,13051.0,1909.269944373424,1.339124140427072,5452,5441,74,0,5367,5360,289195,85,0,0,85,81
2020-08-07,US,Georgia,Chattahoochee,736,1,0,32.34341231,-84.78809239,13053.0,6747.960025671587,0.1358695652173913,735,734,1,0,733,696,10684,2,0,0,2,38
2020-08-07,US,Georgia,Chattooga,241,3,0,34.47197698,-85.34535662,13055.0,972.2054136915567,1.2448132780082988,238,231,3,0,228,212,24790,10,0,0,10,19
2020-08-07,US,Georgia,Cherokee,3269,61,0,34.24393976,-84.47431861,13057.0,1263.2693519030192,1.8660140715815237,3208,3155,58,0,3097,3085,254149,114,3,0,111,70
2020-08-07,US,Georgia,Clarke,1968,18,0,33.95436462,-83.37124007,13059.0,1533.5343759496923,0.9146341463414634,1950,1894,18,0,1876,1863,127330,74,0,0,74,31
2020-08-07,US,Georgia,Clay,86,2,0,31.62221166,-84.97713865,13061.0,3034.5800988002825,2.3255813953488373,84,85,2,0,83,85,2887,1,0,0,1,0
2020-08-07,US,Georgia,Clayton,4879,105,0,33.54187245,-84.35594188,13063.0,1669.4268038979526,2.152080344332855,4774,4790,103,0,4687,4716,289615,89,2,0,87,74
2020-08-07,US,Georgia,Clinch,188,4,0,30.91395822,-82.70432472,13065.0,2840.7373828951345,2.127659574468085,184,181,4,0,177,180,6648,7,0,0,7,1
2020-08-07,US,Georgia,Cobb,13049,317,0,33.94243204,-84.5761255,13067.0,1716.655199495883,2.4293049275806573,12732,12718,313,0,12405,12489,756865,331,4,0,327,229
2020-08-07,US,Georgia,Coffee,1433,25,0,31.54892966,-82.85492059999999,13069.0,3311.533750837705,1.7445917655268668,1408,1416,25,0,1391,1394,43093,17,0,0,17,22
2020-08-07,US,Georgia,Colquitt,1532,22,0,31.18810588,-83.7677946,13071.0,3359.649122807017,1.4360313315926894,1510,1521,22,0,1499,1519,45592,11,0,0,11,2
2020-08-07,US,Georgia,Columbia,2134,22,0,33.54534185,-82.263524,13073.0,1361.7162474316272,1.0309278350515465,2112,2088,21,0,2067,2050,154291,46,1,0,45,38
2020-08-07,US,Georgia,Cook,426,6,0,31.16068491,-83.42947229,13075.0,2466.7052692530397,1.4084507042253518,420,426,6,0,420,416,17162,0,0,0,0,10
2020-08-07,US,Georgia,Coweta,1465,22,0,33.35334302,-84.76129976,13077.0,986.4722003380266,1.501706484641638,1443,1425,22,0,1403,1404,145864,40,0,0,40,21
2020-08-07,US,Georgia,Crawford,101,0,0,32.71391813,-83.98061238,13079.0,814.2534666236697,0.0,101,100,0,0,100,98,12318,1,0,0,1,2
2020-08-07,US,Georgia,Crisp,371,14,0,31.92289565,-83.76811843,13081.0,1658.322903629537,3.7735849056603774,357,370,14,0,356,366,22601,1,0,0,1,4
2020-08-07,US,Georgia,Dade,122,1,0,34.854916700000004,-85.50490424,13083.0,757.0116654256641,0.819672131147541,121,121,1,0,120,119,16226,1,0,0,1,2
2020-08-07,US,Georgia,Dawson,359,3,0,34.44244079,-84.16964071,13085.0,1375.0574536540523,0.8356545961002786,356,335,3,0,332,329,25083,24,0,0,24,6
2020-08-07,US,Georgia,DeKalb,13509,237,0,33.76944049,-84.22396017,13089.0,1779.1457097815478,1.7543859649122806,13272,13237,234,0,13003,12998,756558,272,3,0,269,239
2020-08-07,US,Georgia,Decatur,750,10,0,30.87967778,-84.57619536,13087.0,2840.4787153461602,1.3333333333333333,740,728,10,0,718,711,26575,22,0,0,22,17
2020-08-07,US,Georgia,Dodge,209,3,0,32.17265114,-83.16948926,13091.0,1014.3169133705412,1.4354066985645932,206,201,3,0,198,200,20705,8,0,0,8,1
2020-08-07,US,Georgia,Dooly,248,14,0,32.15630737,-83.79746561,13093.0,1852.128454070201,5.645161290322582,234,245,14,0,231,244,13706,3,0,0,3,1
2020-08-07,US,Georgia,Dougherty,2661,170,0,31.53328528,-84.21722377,13095.0,3025.3763245258992,6.388575723412251,2491,2661,170,0,2491,2652,91243,0,0,0,0,9
2020-08-07,US,Georgia,Douglas,2549,50,0,33.70291126,-84.77026156,13097.0,1741.7983777836996,1.961553550411926,2499,2493,50,0,2443,2464,145331,56,0,0,56,29
2020-08-07,US,Georgia,Early,355,32,0,31.32155345,-84.90255207,13099.0,3483.807654563297,9.014084507042254,323,355,31,0,324,352,10247,0,1,0,-1,3
2020-08-07,US,Georgia,Echols,220,2,0,30.71101099,-82.89687287,13101.0,5491.762356465302,0.9090909090909092,218,217,2,0,215,216,4000,3,0,0,3,1
2020-08-07,US,Georgia,Effingham,703,2,0,32.36616021,-81.34280942,13103.0,1093.3806146572103,0.2844950213371266,701,684,1,0,683,672,62190,19,1,0,18,12
2020-08-07,US,Georgia,Elbert,348,1,0,34.11302332,-82.83936148,13105.0,1813.066583307284,0.28735632183908044,347,339,1,0,338,334,19120,9,0,0,9,5
2020-08-07,US,Georgia,Emanuel,469,9,0,32.59221302,-82.30239915,13107.0,2071.0059171597627,1.9189765458422172,460,459,9,0,450,450,22612,10,0,0,10,9
2020-08-07,US,Georgia,Evans,242,1,0,32.15328841,-81.8870105,13109.0,2271.4473437206684,0.4132231404958678,241,236,1,0,235,236,10721,6,0,0,6,0
2020-08-07,US,Georgia,Fannin,313,3,0,34.86430205,-84.316964,13111.0,1195.2039101878722,0.9584664536741214,310,303,3,0,300,300,25964,10,0,0,10,3
2020-08-07,US,Georgia,Fayette,1078,28,0,33.41357794,-84.49089434,13113.0,942.1347479920644,2.5974025974025974,1050,1047,26,0,1021,1028,113459,31,2,0,29,19
2020-08-07,US,Georgia,Floyd,1428,17,0,34.26268279,-85.21577392,13115.0,1449.7756299620294,1.1904761904761905,1411,1388,17,0,1371,1353,97927,40,0,0,40,35
2020-08-07,US,Georgia,Forsyth,2143,22,0,34.22604035,-84.12315129999998,13117.0,877.3725496618248,1.026598226784881,2121,2084,22,0,2062,2035,236612,59,0,0,59,49
2020-08-07,US,Georgia,Franklin,390,6,0,34.37525597,-83.23159927,13119.0,1670.3070795323142,1.5384615384615383,384,390,5,0,385,385,23023,0,1,0,-1,5
2020-08-07,US,Georgia,Fulton,19647,420,0,33.79216944,-84.46319413,13121.0,1846.631896437477,2.137730951290273,19227,19230,410,0,18820,18996,1050114,417,10,0,407,234
2020-08-07,US,Georgia,Gilmer,583,4,0,34.69316688,-84.45802506,13123.0,1858.5227453855719,0.6861063464837049,579,571,4,0,567,553,30816,12,0,0,12,18
2020-08-07,US,Georgia,Glascock,24,0,0,33.22879932,-82.61297636,13125.0,807.8088185796028,0.0,24,24,0,0,24,24,2995,0,0,0,0,0
2020-08-07,US,Georgia,Glynn,2450,47,0,31.23279254,-81.53811412,13127.0,2872.485109975144,1.9183673469387756,2403,2422,42,0,2380,2392,85219,28,5,0,23,30
2020-08-07,US,Georgia,Gordon,1144,23,0,34.50487351,-84.87296253,13129.0,1973.6728602729327,2.0104895104895104,1121,1106,23,0,1083,1083,57685,38,0,0,38,23
2020-08-07,US,Georgia,Grady,471,5,0,30.87454847,-84.23418364,13131.0,1912.0691754962854,1.0615711252653928,466,453,5,0,448,439,24748,18,0,0,18,14
2020-08-07,US,Georgia,Greene,297,12,0,33.5769205,-83.17139104,13133.0,1620.8251473477408,4.040404040404041,285,287,11,0,276,283,17698,10,1,0,9,4
2020-08-07,US,Georgia,Gwinnett,19187,254,0,33.96044201,-84.02137802,13135.0,2049.3457943925227,1.3238129983843228,18933,18854,244,0,18610,18550,927781,333,10,0,323,304
2020-08-07,US,Georgia,Habersham,1125,48,0,34.63331566,-83.53094677,13137.0,2481.9096364278157,4.266666666666667,1077,1102,48,0,1054,1089,45388,23,0,0,23,13
2020-08-07,US,Georgia,Hall,5947,92,0,34.32207823,-83.81896936,13139.0,2908.9077044232813,1.5469984866319153,5855,5847,88,0,5759,5759,202148,100,4,0,96,88
2020-08-07,US,Georgia,Hancock,308,35,0,33.2721566,-82.99766919,13141.0,3641.9534113751924,11.363636363636365,273,298,34,0,264,294,8348,10,1,0,9,4
2020-08-07,US,Georgia,Haralson,207,6,0,33.79602175,-85.21005667,13143.0,694.8174006444682,2.898550724637681,201,206,6,0,200,201,29533,1,0,0,1,5
2020-08-07,US,Georgia,Harris,645,16,0,32.73709786,-84.90538572,13145.0,1830.5142467930523,2.48062015503876,629,637,16,0,621,628,34475,8,0,0,8,9
2020-08-07,US,Georgia,Hart,292,6,0,34.34626973,-82.96567682,13147.0,1114.2911658080518,2.054794520547945,286,284,4,0,280,277,26099,8,2,0,6,7
2020-08-07,US,Georgia,Heard,140,4,0,33.29686567,-85.12886832,13149.0,1174.2011238782186,2.8571428571428568,136,139,4,0,135,136,11879,1,0,0,1,3
2020-08-07,US,Georgia,Henry,3252,47,0,33.4533428,-84.14814659999998,13151.0,1386.4197372964816,1.4452644526445264,3205,3184,44,0,3140,3138,230220,68,3,0,65,46
2020-08-07,US,Georgia,Houston,1898,54,0,32.45802497,-83.66879087,13153.0,1202.3083306411254,2.8451001053740783,1844,1871,51,0,1820,1847,155469,27,3,0,24,24
2020-08-07,US,Georgia,Irwin,160,1,0,31.60213036,-83.27501387,13155.0,1699.2353440951572,0.625,159,159,1,0,158,157,9398,1,0,0,1,2
2020-08-07,US,Georgia,Jackson,1040,14,0,34.13794553,-83.56814788,13157.0,1425.1065404168435,1.3461538461538465,1026,1017,13,0,1004,1000,70422,23,1,0,22,17
2020-08-07,US,Georgia,Jasper,153,1,0,33.31535543,-83.68844964,13159.0,1076.0250369224277,0.6535947712418301,152,149,1,0,148,135,14040,4,0,0,4,14
2020-08-07,US,Georgia,Jeff Davis,429,8,0,31.80405727,-82.63724870000001,13161.0,2838.240158782666,1.8648018648018647,421,418,8,0,410,415,15029,11,0,0,11,3
2020-08-07,US,Georgia,Jefferson,476,7,0,33.05867328,-82.41609057,13163.0,3098.554875667231,1.4705882352941178,469,469,7,0,462,460,15430,7,0,0,7,9
2020-08-07,US,Georgia,Jenkins,241,24,0,32.79248718,-81.96040187,13165.0,2777.777777777778,9.95850622406639,217,236,24,0,212,235,8683,5,0,0,5,1
2020-08-07,US,Georgia,Johnson,237,11,0,32.70211082,-82.66166794,13167.0,2457.741366794566,4.641350210970463,226,231,11,0,220,232,9708,6,0,0,6,-1
2020-08-07,US,Georgia,Jones,297,3,0,33.02512137,-83.56019163,13169.0,1033.582738820254,1.0101010101010102,294,293,3,0,290,282,28616,4,0,0,4,11
2020-08-07,US,Georgia,Lamar,269,11,0,33.07841647,-84.14263877,13171.0,1410.0749593751639,4.089219330855019,258,257,11,0,246,252,19000,12,0,0,12,5
2020-08-07,US,Georgia,Lanier,214,4,0,31.03828570000001,-83.06472457,13173.0,2053.1516837762642,1.8691588785046729,210,213,4,0,209,210,10340,1,0,0,1,3
2020-08-07,US,Georgia,Laurens,865,8,0,32.46325233,-82.92221316,13175.0,1819.290792075043,0.9248554913294798,857,828,8,0,820,785,47325,37,0,0,37,43
2020-08-07,US,Georgia,Lee,530,22,0,31.779330600000005,-84.14324253,13177.0,1767.1379034409174,4.150943396226415,508,527,22,0,505,526,29764,3,0,0,3,1
2020-08-07,US,Georgia,Liberty,695,3,0,31.82588896,-81.49251135,13179.0,1131.2769593879711,0.4316546762589928,692,676,3,0,673,659,61497,19,0,0,19,17
2020-08-07,US,Georgia,Lincoln,134,4,0,33.79201475,-82.45024131,13181.0,1691.7055927281906,2.985074626865672,130,132,4,0,128,130,7915,2,0,0,2,2
2020-08-07,US,Georgia,Long,118,1,0,31.75218791,-81.74952375,13183.0,603.3028273429112,0.8474576271186439,117,114,1,0,113,114,18998,4,0,0,4,0
2020-08-07,US,Georgia,Lowndes,3114,40,0,30.83568832,-83.27056716,13185.0,2652.334633664378,1.2845215157353886,3074,3077,37,0,3040,3032,116321,37,3,0,34,45
2020-08-07,US,Georgia,Lumpkin,327,6,0,34.57286511,-84.00425681,13187.0,972.9247247842903,1.834862385321101,321,320,6,0,314,316,32955,7,0,0,7,4
2020-08-07,US,Georgia,Macon,177,10,0,32.35207048,-84.04234127,13193.0,1367.11207229474,5.649717514124294,167,176,10,0,166,175,13143,1,0,0,1,1
2020-08-07,US,Georgia,Madison,375,5,0,34.12920917,-83.21218732,13195.0,1255.0200803212851,1.3333333333333333,370,371,5,0,366,368,29650,4,0,0,4,3
2020-08-07,US,Georgia,Marion,147,4,0,32.3483402,-84.52733571,13197.0,1758.5835626271084,2.7210884353741496,143,147,4,0,143,145,8351,0,0,0,0,2
2020-08-07,US,Georgia,McDuffie,331,10,0,33.47851918,-82.48252774,13189.0,1553.1156156156155,3.0211480362537766,321,317,10,0,307,306,21531,14,0,0,14,11
2020-08-07,US,Georgia,McIntosh,167,2,0,31.49683595,-81.40163426,13191.0,1161.4967311169846,1.1976047904191616,165,164,2,0,162,164,14340,3,0,0,3,0
2020-08-07,US,Georgia,Meriwether,379,6,0,33.04163534,-84.68859732,13199.0,1790.5229838900175,1.5831134564643798,373,373,6,0,367,367,21068,6,0,0,6,6
2020-08-07,US,Georgia,Miller,135,0,0,31.16568912,-84.73151117,13201.0,2360.9653725078697,0.0,135,135,0,0,135,132,5686,0,0,0,0,3
2020-08-07,US,Georgia,Mitchell,642,41,0,31.22483255,-84.19381821,13205.0,2936.4680053057677,6.386292834890965,601,634,41,0,593,633,22192,8,0,0,8,1
2020-08-07,US,Georgia,Monroe,444,25,0,33.014289,-83.92097166,13207.0,1609.978968743201,5.63063063063063,419,441,25,0,416,440,27520,3,0,0,3,1
2020-08-07,US,Georgia,Montgomery,148,2,0,32.17201038,-82.53527476,13209.0,1613.6066288704749,1.351351351351351,146,146,1,0,145,143,9193,2,1,0,1,3
2020-08-07,US,Georgia,Morgan,253,0,0,33.59232073,-83.49129491,13211.0,1312.512969495746,0.0,253,246,0,0,246,236,18853,7,0,0,7,10
2020-08-07,US,Georgia,Murray,575,2,0,34.78897608,-84.74993177,13213.0,1434.0582601755787,0.3478260869565217,573,564,2,0,562,556,39921,11,0,0,11,8
2020-08-07,US,Georgia,Muscogee,4595,94,0,32.50931999,-84.87142262,13215.0,2347.1540437965155,2.045701849836779,4501,4514,90,0,4424,4455,194160,81,4,0,77,59
2020-08-07,US,Georgia,Newton,1736,39,0,33.55514538,-83.84547140000002,13217.0,1553.5509736540664,2.2465437788018434,1697,1693,35,0,1658,1688,109541,43,4,0,39,5
2020-08-07,US,Georgia,Oconee,429,15,0,33.83749973,-83.43679568,13219.0,1065.0446871896722,3.4965034965034967,414,418,15,0,403,413,39272,11,0,0,11,5
2020-08-07,US,Georgia,Oglethorpe,211,7,0,33.878629600000004,-83.08278123,13221.0,1382.790484304345,3.3175355450236967,204,201,7,0,194,198,15054,10,0,0,10,3
2020-08-07,US,Georgia,Out of GA,15728,88,0,0.0,0.0,80013.0,0.0,0.5595116988809766,15640,15595,84,0,15511,15318,,133,4,0,129,277
2020-08-07,US,Georgia,Paulding,1615,22,0,33.91969522,-84.86848792,13223.0,957.507989114646,1.3622291021671826,1593,1578,21,0,1557,1538,164044,37,1,0,36,40
2020-08-07,US,Georgia,Peach,364,12,0,32.56934316,-83.82937,13225.0,1321.4259783634648,3.2967032967032965,352,359,12,0,347,351,27297,5,0,0,5,8
2020-08-07,US,Georgia,Pickens,362,5,0,34.46589159,-84.46406611,13227.0,1110.7360927863522,1.3812154696132597,357,341,5,0,336,335,31980,21,0,0,21,6
2020-08-07,US,Georgia,Pierce,392,7,0,31.35928155,-82.21598442,13229.0,2013.8710506036475,1.7857142857142858,385,387,6,0,381,386,19389,5,1,0,4,1
2020-08-07,US,Georgia,Pike,203,4,0,33.09310242,-84.38790389,13231.0,1070.56217698555,1.9704433497536944,199,200,4,0,196,198,18634,3,0,0,3,2
2020-08-07,US,Georgia,Polk,765,11,0,34.00267074,-85.18677781,13233.0,1795.2268087203436,1.437908496732026,754,743,11,0,732,714,42470,22,0,0,22,29
2020-08-07,US,Georgia,Pulaski,96,2,0,32.23334561,-83.47549959999998,13235.0,861.9915596659782,2.083333333333333,94,90,2,0,88,90,11069,6,0,0,6,0
2020-08-07,US,Georgia,Putnam,408,18,0,33.32056115,-83.37552891,13237.0,1844.5680184456799,4.411764705882354,390,401,17,0,384,393,21809,7,1,0,6,8
2020-08-07,US,Georgia,Quitman,29,1,0,31.86728114,-85.01773177,13239.0,1261.418007829491,3.4482758620689653,28,29,1,0,28,29,2279,0,0,0,0,0
2020-08-07,US,Georgia,Rabun,212,3,0,34.88389445,-83.40304637,13241.0,1237.089338857443,1.4150943396226414,209,203,3,0,200,200,16867,9,0,0,9,3
2020-08-07,US,Georgia,Randolph,268,26,0,31.76622818,-84.75732369,13243.0,3953.9687223369733,9.701492537313431,242,266,26,0,240,266,6833,2,0,0,2,0
2020-08-07,US,Georgia,Richmond,4121,88,0,33.35777107,-82.07026432,13245.0,2034.8808500972755,2.1354040281485083,4033,3984,87,0,3897,3921,201554,137,1,0,136,63
2020-08-07,US,Georgia,Rockdale,1270,17,0,33.65145002,-84.02202167,13247.0,1397.201196972364,1.3385826771653544,1253,1242,17,0,1225,1221,90594,28,0,0,28,21
2020-08-07,US,Georgia,Schley,63,1,0,32.2654021,-84.31258912,13249.0,1198.4021304926766,1.5873015873015872,62,58,1,0,57,56,5236,5,0,0,5,2
2020-08-07,US,Georgia,Screven,189,9,0,32.74976524,-81.60779441,13251.0,1353.2865530574252,4.761904761904762,180,185,9,0,176,182,13938,4,0,0,4,3
2020-08-07,US,Georgia,Seminole,185,5,0,30.93464824,-84.86823924,13253.0,2286.773794808405,2.702702702702702,180,180,5,0,175,170,8315,5,0,0,5,10
2020-08-07,US,Georgia,Spalding,913,41,0,33.26310031,-84.28013991,13255.0,1368.7540290541656,4.490690032858708,872,893,41,0,852,884,66100,20,0,0,20,9
2020-08-07,US,Georgia,Stephens,599,12,0,34.55151201,-83.29405315,13257.0,2310.511089681774,2.003338898163606,587,588,12,0,576,579,26035,11,0,0,11,9
2020-08-07,US,Georgia,Stewart,255,6,0,32.07996777,-84.83208037,13259.0,3851.3819664703215,2.3529411764705883,249,254,5,0,249,253,6199,1,1,0,0,1
2020-08-07,US,Georgia,Sumter,749,56,0,32.03650571,-84.19821492,13261.0,2536.919116650861,7.4766355140186915,693,742,56,0,686,741,29733,7,0,0,7,1
2020-08-07,US,Georgia,Talbot,134,3,0,32.69642758,-84.53351366,13263.0,2163.034705407587,2.238805970149253,131,133,3,0,130,129,6272,1,0,0,1,4
2020-08-07,US,Georgia,Taliaferro,12,0,0,33.56543317,-82.88136816,13265.0,780.7417046193884,0.0,12,12,0,0,12,12,1608,0,0,0,0,0
2020-08-07,US,Georgia,Tattnall,483,1,0,32.04785085,-82.05539188,13267.0,1910.147907933244,0.2070393374741201,482,466,1,0,465,458,25391,17,0,0,17,8
2020-08-07,US,Georgia,Taylor,81,2,0,32.55792548,-84.25077141,13269.0,1009.9750623441396,2.469135802469136,79,78,2,0,76,78,8039,3,0,0,3,0
2020-08-07,US,Georgia,Telfair,274,7,0,31.92829517,-82.93491155,13271.0,1727.6166456494325,2.554744525547445,267,273,7,0,266,263,15876,1,0,0,1,10
2020-08-07,US,Georgia,Terrell,295,30,0,31.77527543,-84.44069698,13273.0,3457.9767905286603,10.169491525423727,265,296,30,0,266,296,8611,-1,0,0,-1,0
2020-08-07,US,Georgia,Thomas,1084,42,0,30.86392347,-83.91847289,13275.0,2438.640300555668,3.8745387453874534,1042,1057,41,0,1016,1035,44448,27,1,0,26,22
2020-08-07,US,Georgia,Tift,1313,36,0,31.45743864,-83.5236119,13277.0,3230.4891250861133,2.7418126428027416,1277,1297,35,0,1262,1287,40571,16,1,0,15,10
2020-08-07,US,Georgia,Toombs,710,7,0,32.12059861,-82.32957247,13279.0,2646.291464778233,0.9859154929577464,703,699,7,0,692,677,26887,11,0,0,11,22
2020-08-07,US,Georgia,Towns,134,1,0,34.91369188,-83.74107459999998,13281.0,1113.2341945667524,0.746268656716418,133,124,1,0,123,120,11852,10,0,0,10,4
2020-08-07,US,Georgia,Treutlen,113,3,0,32.40422134,-82.56904553,13283.0,1637.4438487175767,2.6548672566371683,110,107,3,0,104,104,6809,6,0,0,6,3
2020-08-07,US,Georgia,Troup,2257,69,0,33.03349196,-85.02812115,13285.0,3227.8824976402275,3.057155516171909,2188,2238,67,0,2171,2213,70034,19,2,0,17,25
2020-08-07,US,Georgia,Turner,241,18,0,31.71612656,-83.62069378,13287.0,3018.159048215405,7.4688796680497935,223,237,18,0,219,237,7912,4,0,0,4,0
2020-08-07,US,Georgia,Twiggs,111,3,0,32.67435595,-83.43078662,13289.0,1366.9950738916255,2.702702702702702,108,106,3,0,103,102,8188,5,0,0,5,4
2020-08-07,US,Georgia,Unassigned,2504,9,0,0.0,0.0,90013.0,0.0,0.35942492012779553,2495,2472,9,0,2463,2545,,32,0,0,32,-73
2020-08-07,US,Georgia,Union,256,7,0,34.82995757,-83.98967069,13291.0,1044.429031863245,2.734375,249,242,7,0,235,238,24001,14,0,0,14,4
2020-08-07,US,Georgia,Upson,507,46,0,32.87920671,-84.30024826,13293.0,1926.29179331307,9.072978303747536,461,496,46,0,450,494,26215,11,0,0,11,2
2020-08-07,US,Georgia,Walker,658,17,0,34.73376362,-85.30165174,13295.0,943.2204240191513,2.5835866261398177,641,635,16,0,619,617,69410,23,1,0,22,18
2020-08-07,US,Georgia,Walton,1077,39,0,33.78017694,-83.73552314,13297.0,1138.5620500459866,3.62116991643454,1038,1044,39,0,1005,1020,93503,33,0,0,33,24
2020-08-07,US,Georgia,Ware,1125,25,0,31.05449097,-82.42224148,13299.0,3148.2621592880732,2.2222222222222223,1100,1113,25,0,1088,1097,35680,12,0,0,12,16
2020-08-07,US,Georgia,Warren,68,1,0,33.41146451,-82.67795848,13301.0,1294.2519984773505,1.4705882352941178,67,62,1,0,61,60,5251,6,0,0,6,2
2020-08-07,US,Georgia,Washington,454,2,0,32.96711864,-82.79357039,13303.0,2228.330224796309,0.4405286343612335,452,448,2,0,446,449,20386,6,0,0,6,-1
2020-08-07,US,Georgia,Wayne,722,8,0,31.5521809,-81.91894878,13305.0,2412.5371737895553,1.10803324099723,714,701,7,0,694,696,29808,21,1,0,20,5
2020-08-07,US,Georgia,Webster,39,2,0,32.04066113,-84.54742852,13307.0,1495.9723820483316,5.128205128205129,37,39,2,0,37,39,2611,0,0,0,0,0
2020-08-07,US,Georgia,Wheeler,89,1,0,32.12009104,-82.72574721,13309.0,1133.0362826225335,1.1235955056179776,88,87,1,0,86,85,7879,2,0,0,2,2
2020-08-07,US,Georgia,White,347,5,0,34.64624278,-83.74905525,13311.0,1126.6965387362814,1.4409221902017288,342,320,5,0,315,314,29970,27,0,0,27,6
2020-08-07,US,Georgia,Whitfield,3419,29,0,34.80987459,-84.96093476,13313.0,3267.7677103643377,0.8482012284293653,3390,3358,28,0,3330,3313,104062,61,1,0,60,45
2020-08-07,US,Georgia,Wilcox,176,18,0,31.97496928,-83.43438555,13315.0,2038.216560509554,10.227272727272727,158,176,18,0,158,173,8812,0,0,0,0,3
2020-08-07,US,Georgia,Wilkes,187,3,0,33.78290391,-82.74286107,13317.0,1912.652142784085,1.60427807486631,184,183,3,0,180,182,9876,4,0,0,4,1
2020-08-07,US,Georgia,Wilkinson,205,11,0,32.80291082,-83.17140684,13319.0,2289.479562206835,5.365853658536587,194,201,10,0,191,199,9036,4,1,0,3,2
2020-08-07,US,Georgia,Worth,440,23,0,31.55162306,-83.85090513,13321.0,2173.161456018176,5.227272727272728,417,440,23,0,417,436,20299,0,0,0,0,4
2020-08-07,US,Hawaii,Hawaii,123,0,0,19.60121157,-155.5210167,15001.0,61.03824567149514,0.0,123,123,0,0,123,122,200983,0,0,0,0,1
2020-08-07,US,Hawaii,Honolulu,2741,24,0,21.45803166,-157.97121819999995,15003.0,281.25426473198763,0.8755928493250639,2717,2541,22,0,2519,2394,980080,200,2,0,198,147
2020-08-07,US,Hawaii,Kauai,47,0,0,22.03935037,-159.5966786,15007.0,65.01321013099471,0.0,47,47,0,0,47,47,72133,0,0,0,0,0
2020-08-07,US,Hawaii,Maui,181,6,0,20.86399628,-156.56890969999995,15009.0,108.11327404027071,3.3149171270718236,175,180,6,0,174,177,167207,1,0,0,1,3
2020-08-07,US,Hawaii,Out of HI,23,1,0,0.0,0.0,80015.0,0.0,4.3478260869565215,22,23,1,0,22,23,,0,0,0,0,0
2020-08-07,US,Idaho,Ada,8720,76,0,43.4526575,-116.24155159999998,16001.0,1810.6801055676333,0.8715596330275229,8644,8569,72,0,8497,8415,469966,151,4,0,147,154
2020-08-07,US,Idaho,Adams,19,0,0,44.89333571,-116.4545247,16003.0,442.4778761061947,0.0,19,19,0,0,19,18,4250,0,0,0,0,1
2020-08-07,US,Idaho,Bannock,388,2,0,42.67002716,-112.2233311,16005.0,441.8731778425656,0.5154639175257731,386,375,2,0,373,359,87138,13,0,0,13,16
2020-08-07,US,Idaho,Bear Lake,15,0,0,42.28269683,-111.32892379999998,16007.0,244.89795918367344,0.0,15,12,0,0,12,11,6050,3,0,0,3,1
2020-08-07,US,Idaho,Benewah,63,0,0,47.21754179,-116.6586851,16009.0,677.5650677565068,0.0,63,60,0,0,60,59,9226,3,0,0,3,1
2020-08-07,US,Idaho,Bingham,236,2,0,43.21672879999999,-112.3978437,16011.0,504.1550063019377,0.8474576271186439,234,229,2,0,227,223,46236,7,0,0,7,6
2020-08-07,US,Idaho,Blaine,575,6,0,43.4085812,-113.9752658,16013.0,2497.7194735241737,1.0434782608695652,569,575,6,0,569,573,22601,0,0,0,0,2
2020-08-07,US,Idaho,Boise,47,1,0,43.98829931,-115.7309284,16015.0,600.1787766568765,2.127659574468085,46,43,1,0,42,43,7634,4,0,0,4,0
2020-08-07,US,Idaho,Bonner,178,0,0,48.29996017,-116.6017932,16017.0,389.16460788386286,0.0,178,174,0,0,174,164,44727,4,0,0,4,10
2020-08-07,US,Idaho,Bonneville,958,3,0,43.38713372,-111.6161537,16019.0,804.6228015655709,0.31315240083507306,955,914,3,0,911,858,116854,44,0,0,44,56
2020-08-07,US,Idaho,Boundary,36,0,0,48.76684761,-116.4630179,16021.0,293.9975500204165,0.0,36,36,0,0,36,34,11948,0,0,0,0,2
2020-08-07,US,Idaho,Camas,1,0,0,43.46665742,-114.8065892,16025.0,90.41591320072331,0.0,1,1,0,0,1,1,1127,0,0,0,0,0
2020-08-07,US,Idaho,Canyon,5620,48,0,43.61970148,-116.70954990000001,16027.0,2445.083511348755,0.8540925266903915,5572,5453,46,0,5407,5199,223499,167,2,0,165,254
2020-08-07,US,Idaho,Caribou,31,0,0,42.77149116,-111.5597683,16029.0,433.2634521313767,0.0,31,31,0,0,31,28,7060,0,0,0,0,3
2020-08-07,US,Idaho,Cassia,513,1,0,42.28347888,-113.6012409,16031.0,2134.831460674157,0.1949317738791423,512,503,1,0,502,498,23864,10,0,0,10,5
2020-08-07,US,Idaho,Clark,8,0,0,44.28496071,-112.35057040000001,16033.0,946.7455621301776,0.0,8,8,0,0,8,7,852,0,0,0,0,1
2020-08-07,US,Idaho,Clearwater,16,0,0,46.67459924,-115.6622393,16035.0,182.7318410232983,0.0,16,16,0,0,16,16,8758,0,0,0,0,0
2020-08-07,US,Idaho,Custer,10,0,0,44.24186819,-114.2855494,16037.0,231.74971031286208,0.0,10,9,0,0,9,7,4280,1,0,0,1,2
2020-08-07,US,Idaho,Elmore,207,3,0,43.3507101,-115.4701578,16039.0,752.4263022063901,1.4492753623188406,204,205,3,0,202,202,27259,2,0,0,2,3
2020-08-07,US,Idaho,Franklin,51,0,0,42.18332217,-111.81496659999999,16041.0,367.5410781204959,0.0,51,50,0,0,50,50,13726,1,0,0,1,0
2020-08-07,US,Idaho,Fremont,77,0,0,44.22800938,-111.48099429999999,16043.0,587.8311321474922,0.0,77,72,0,0,72,69,13168,5,0,0,5,3
2020-08-07,US,Idaho,Gem,174,1,0,44.06482372,-116.398376,16045.0,960.6890459363956,0.5747126436781609,173,171,1,0,170,165,17634,3,0,0,3,6
2020-08-07,US,Idaho,Gooding,157,1,0,42.96927962,-114.81083059999999,16047.0,1034.3237367415506,0.6369426751592356,156,152,1,0,151,149,15196,5,0,0,5,3
2020-08-07,US,Idaho,Idaho,31,0,0,45.84721541,-115.4634436,16049.0,185.9962800743985,0.0,31,30,0,0,30,30,16513,1,0,0,1,0
2020-08-07,US,Idaho,Jefferson,185,1,0,43.82078483,-112.3131749,16051.0,619.3297847410532,0.5405405405405406,184,174,1,0,173,164,29439,11,0,0,11,10
2020-08-07,US,Idaho,Jerome,461,6,0,42.68891267,-114.2655033,16053.0,1888.4155333442568,1.3015184381778742,455,458,6,0,452,449,24015,3,0,0,3,9
2020-08-07,US,Idaho,Kootenai,1764,15,0,47.67282258,-116.7020872,16055.0,1064.5938067677748,0.8503401360544217,1749,1729,15,0,1714,1668,161505,35,0,0,35,61
2020-08-07,US,Idaho,Latah,99,0,0,46.81587887,-116.71136979999999,16057.0,246.83354941657524,0.0,99,95,0,0,95,93,40134,4,0,0,4,2
2020-08-07,US,Idaho,Lemhi,16,0,0,44.9438088,-113.9309747,16059.0,199.32727046219009,0.0,16,14,0,0,14,13,7961,2,0,0,2,1
2020-08-07,US,Idaho,Lewis,1,0,0,46.23315327,-116.434146,16061.0,26.055237102657642,0.0,1,1,0,0,1,1,3861,0,0,0,0,0
2020-08-07,US,Idaho,Lincoln,56,0,0,43.0012336,-114.1358773,16063.0,1043.6079016026836,0.0,56,56,0,0,56,54,5360,0,0,0,0,2
2020-08-07,US,Idaho,Madison,156,0,0,43.78141028,-111.65384740000002,16065.0,390.9088631067231,0.0,156,150,0,0,150,144,39304,6,0,0,6,6
2020-08-07,US,Idaho,Minidoka,469,2,0,42.85518524,-113.6357257,16067.0,2229.1934027282664,0.4264392324093816,467,464,2,0,462,459,20825,5,0,0,5,5
2020-08-07,US,Idaho,Nez Perce,145,19,0,46.32638236,-116.75009750000001,16069.0,358.83983369629783,13.10344827586207,126,140,19,0,121,138,40408,5,0,0,5,2
2020-08-07,US,Idaho,Oneida,13,0,0,42.19494279999999,-112.5407838,16071.0,286.91238137276537,0.0,13,13,0,0,13,13,4488,0,0,0,0,0
2020-08-07,US,Idaho,Owyhee,258,2,0,42.58016894,-116.16938710000001,16073.0,2182.1872621162147,0.7751937984496124,256,255,2,0,253,241,11693,3,0,0,3,14
2020-08-07,US,Idaho,Payette,377,2,0,44.00545243,-116.7647695,16075.0,1574.047012650829,0.5305039787798409,375,367,2,0,365,354,23551,10,0,0,10,13
2020-08-07,US,Idaho,Power,55,0,0,42.69254894,-112.83957420000002,16077.0,716.0525973180576,0.0,55,55,0,0,55,54,7768,0,0,0,0,1
2020-08-07,US,Idaho,Shoshone,87,2,0,47.35364087,-115.89167490000001,16079.0,675.3609687936656,2.2988505747126435,85,82,2,0,80,81,12796,5,0,0,5,1
2020-08-07,US,Idaho,Teton,77,0,0,43.75303583,-111.2056773,16081.0,634.1624114643388,0.0,77,70,0,0,70,66,11640,7,0,0,7,4
2020-08-07,US,Idaho,Twin Falls,1313,32,0,42.35440512,-114.6685381,16083.0,1511.314717189622,2.437166793602437,1281,1310,32,0,1278,1283,86081,3,0,0,3,27
2020-08-07,US,Idaho,Unassigned,5,0,0,0.0,0.0,90016.0,0.0,0.0,5,5,0,0,5,5,,0,0,0,0,0
2020-08-07,US,Idaho,Valley,56,1,0,44.76728382,-115.5676773,16085.0,491.5730337078652,1.7857142857142858,55,56,1,0,55,54,11041,0,0,0,0,2
2020-08-07,US,Idaho,Washington,201,3,0,44.45275475,-116.78476880000001,16087.0,1971.7480871100647,1.492537313432836,198,200,3,0,197,196,10161,1,0,0,1,4
2020-08-07,US,Illinois,Adams,506,5,0,39.98815591,-91.18786813,17001.0,773.286467486819,0.9881422924901184,501,486,5,0,481,461,65691,20,0,0,20,25
2020-08-07,US,Illinois,Alexander,36,0,0,37.18049267,-89.32910838,17003.0,624.8915118902968,0.0,36,36,0,0,36,36,6060,0,0,0,0,0
2020-08-07,US,Illinois,Bond,59,3,0,38.88829622,-89.43534887,17005.0,359.1866553025692,5.084745762711863,56,59,3,0,56,59,16630,0,0,0,0,0
2020-08-07,US,Illinois,Boone,758,23,0,42.32359279,-88.82345779,17007.0,1415.65815030629,3.0343007915567277,735,754,23,0,731,749,53577,4,0,0,4,5
2020-08-07,US,Illinois,Brown,13,0,0,39.96209138,-90.75068024,17009.0,197.6284584980237,0.0,13,13,0,0,13,13,6556,0,0,0,0,0
2020-08-07,US,Illinois,Bureau,179,2,0,41.40385234,-89.5283051,17011.0,548.6085570675493,1.11731843575419,177,170,2,0,168,161,32993,9,0,0,9,9
2020-08-07,US,Illinois,Calhoun,9,0,0,39.16840183,-90.66330078,17013.0,189.91348385735387,0.0,9,9,0,0,9,8,4802,0,0,0,0,1
2020-08-07,US,Illinois,Carroll,50,4,0,42.06823429,-89.93395545,17015.0,349.5281370150297,8.0,46,48,4,0,44,46,14312,2,0,0,2,2
2020-08-07,US,Illinois,Cass,223,11,0,39.96991073,-90.24734436,17017.0,1835.8442413764715,4.932735426008969,212,219,11,0,208,214,12260,4,0,0,4,5
2020-08-07,US,Illinois,Champaign,1625,19,0,40.13919438,-88.20046615,17019.0,774.9571985178052,1.1692307692307693,1606,1615,19,0,1596,1593,209983,10,0,0,10,22
2020-08-07,US,Illinois,Christian,134,4,0,39.54581621,-89.27780482,17021.0,414.8093115403666,2.985074626865672,130,128,4,0,124,126,32661,6,0,0,6,2
2020-08-07,US,Illinois,Clark,79,2,0,39.33425789,-87.78705622,17023.0,511.624894760702,2.5316455696202533,77,76,1,0,75,73,15596,3,1,0,2,3
2020-08-07,US,Illinois,Clay,20,0,0,38.75388572,-88.48914513,17025.0,151.6990291262136,0.0,20,18,0,0,18,17,13253,2,0,0,2,1
2020-08-07,US,Illinois,Clinton,387,17,0,38.60704876,-89.42385254,17027.0,1030.296576327139,4.3927648578811365,370,378,17,0,361,366,37639,9,0,0,9,12
2020-08-07,US,Illinois,Coles,448,20,0,39.51949084,-88.22358557,17029.0,885.0081981786218,4.464285714285714,428,433,20,0,413,422,50885,15,0,0,15,11
2020-08-07,US,Illinois,Cook,110002,4920,0,41.84144849,-87.81658794,17031.0,2135.864532730849,4.472645951891784,105082,109150,4912,0,104238,108425,5180493,852,8,0,844,725
2020-08-07,US,Illinois,Crawford,29,0,0,39.0032229,-87.75954624,17033.0,155.354368671988,0.0,29,29,0,0,29,29,18807,0,0,0,0,0
2020-08-07,US,Illinois,Cumberland,53,2,0,39.27432424,-88.2401158,17035.0,492.290544306149,3.7735849056603774,51,51,2,0,49,47,10808,2,0,0,2,4
2020-08-07,US,Illinois,De Witt,33,0,0,40.17514519,-88.90959682,17039.0,211.02442767617345,0.0,33,32,0,0,32,32,15769,1,0,0,1,0
2020-08-07,US,Illinois,DeKalb,917,30,0,41.89373302,-88.76958483,17037.0,874.190872951562,3.2715376226826614,887,898,30,0,868,884,104143,19,0,0,19,14
2020-08-07,US,Illinois,Douglas,108,2,0,39.76768052,-88.21854195,17041.0,554.8420241459029,1.851851851851852,106,106,2,0,104,104,19479,2,0,0,2,2
2020-08-07,US,Illinois,DuPage,12021,519,0,41.85116968,-88.08642662,17043.0,1302.4950131159655,4.317444472173696,11502,11926,519,0,11407,11804,928589,95,0,0,95,122
2020-08-07,US,Illinois,Edgar,28,0,0,39.6809186,-87.74759563,17045.0,163.1606549734864,0.0,28,28,0,0,28,27,17360,0,0,0,0,1
2020-08-07,US,Illinois,Edwards,17,0,0,38.41353228,-88.05720863,17047.0,265.8326817826427,0.0,17,17,0,0,17,16,6392,0,0,0,0,1
2020-08-07,US,Illinois,Effingham,139,1,0,39.05935711,-88.58969584,17049.0,408.72735826864266,0.7194244604316546,138,129,1,0,128,118,34208,10,0,0,10,11
2020-08-07,US,Illinois,Fayette,60,3,0,39.00072038,-89.02452658,17051.0,281.214848143982,5.0,57,60,3,0,57,58,21416,0,0,0,0,2
2020-08-07,US,Illinois,Ford,49,2,0,40.59706922,-88.22350769,17053.0,378.0572486690842,4.081632653061225,47,51,1,0,50,45,13264,-2,1,0,-3,6
2020-08-07,US,Illinois,Franklin,156,0,0,37.99189086,-88.92567818,17055.0,405.5213288622008,0.0,156,147,0,0,147,141,38701,9,0,0,9,6
2020-08-07,US,Illinois,Fulton,33,0,0,40.47289135,-90.20862357,17057.0,96.09784507862551,0.0,33,32,0,0,32,32,34844,1,0,0,1,0
2020-08-07,US,Illinois,Gallatin,49,2,0,37.76430935,-88.22953869,17059.0,1014.9130074565036,4.081632653061225,47,48,2,0,46,45,5058,1,0,0,1,3
2020-08-07,US,Illinois,Greene,38,0,0,39.35907414,-90.388865,17061.0,293.0063998766288,0.0,38,33,0,0,33,28,13044,5,0,0,5,5
2020-08-07,US,Illinois,Grundy,307,5,0,41.28569601,-88.41905692,17063.0,601.3240882203157,1.6286644951140066,302,299,5,0,294,296,50972,8,0,0,8,3
2020-08-07,US,Illinois,Hamilton,28,0,0,38.08163641,-88.53883373,17065.0,344.9975357318876,0.0,28,26,0,0,26,25,8163,2,0,0,2,1
2020-08-07,US,Illinois,Hancock,47,1,0,40.40423981,-91.16313899,17067.0,265.4167607860854,2.127659574468085,46,46,1,0,45,39,17844,1,0,0,1,7
2020-08-07,US,Illinois,Hardin,18,0,0,37.51810645,-88.26873022,17069.0,471.08086888249153,0.0,18,18,0,0,18,17,3910,0,0,0,0,1
2020-08-07,US,Illinois,Henderson,10,0,0,40.81908672,-90.92491462,17071.0,150.4664459825459,0.0,10,10,0,0,10,10,6709,0,0,0,0,0
2020-08-07,US,Illinois,Henry,232,1,0,41.3533994,-90.13296166,17073.0,474.31153272136237,0.4310344827586207,231,224,1,0,223,216,49090,8,0,0,8,8
2020-08-07,US,Illinois,Iroquois,257,11,0,40.74717633,-87.82466784,17075.0,947.849819281552,4.280155642023346,246,252,9,0,243,250,27604,5,2,0,3,2
2020-08-07,US,Illinois,Jackson,695,19,0,37.78595185,-89.38232563,17077.0,1224.6696035242294,2.733812949640288,676,685,19,0,666,676,57419,10,0,0,10,9
2020-08-07,US,Illinois,Jasper,59,7,0,39.01054275,-88.15437049,17079.0,613.9438085327782,11.864406779661017,52,55,7,0,48,55,9611,4,0,0,4,0
2020-08-07,US,Illinois,Jefferson,247,19,0,38.29980057,-88.9240025,17081.0,655.4505891094364,7.6923076923076925,228,218,19,0,199,213,37820,29,0,0,29,5
2020-08-07,US,Illinois,Jersey,98,2,0,39.08869046,-90.35393073,17083.0,450.09874615349287,2.0408163265306123,96,85,1,0,84,74,21847,13,1,0,12,11
2020-08-07,US,Illinois,Jo Daviess,124,1,0,42.36542373,-90.21094405,17085.0,583.9416058394161,0.8064516129032258,123,121,1,0,120,119,21366,3,0,0,3,2
2020-08-07,US,Illinois,Johnson,66,0,0,37.45939802,-88.88165419,17087.0,531.5293549166465,0.0,66,66,0,0,66,62,12456,0,0,0,0,4
2020-08-07,US,Illinois,Kane,9629,303,0,41.93842729,-88.42861412,17089.0,1808.592363303738,3.1467442101983587,9326,9509,302,0,9207,9417,534216,120,1,0,119,92
2020-08-07,US,Illinois,Kankakee,1725,68,0,41.13746989,-87.86205334,17091.0,1570.1516447907377,3.942028985507247,1657,1713,68,0,1645,1708,110024,12,0,0,12,5
2020-08-07,US,Illinois,Kendall,1343,23,0,41.59081014,-88.42869583,17093.0,1041.1659818590588,1.712583767684289,1320,1319,23,0,1296,1310,127915,24,0,0,24,9
2020-08-07,US,Illinois,Knox,291,1,0,40.93148779,-90.21330340000002,17095.0,585.5248596551238,0.3436426116838488,290,285,2,0,283,279,50112,6,-1,0,7,6
2020-08-07,US,Illinois,LaSalle,684,24,0,41.34426129999999,-88.88633881,17099.0,629.4343372995057,3.5087719298245608,660,666,21,0,645,590,109430,18,3,0,15,76
2020-08-07,US,Illinois,Lake,12491,445,0,42.3224907,-88.00367925,17097.0,1793.305433323523,3.56256504683372,12046,12376,444,0,11932,12315,700832,115,1,0,114,61
2020-08-07,US,Illinois,Lawrence,45,0,0,38.71987914,-87.72884035,17101.0,287.0264064293915,0.0,45,44,0,0,44,44,15765,1,0,0,1,0
2020-08-07,US,Illinois,Lee,165,1,0,41.74583951,-89.29977132,17103.0,483.92773345847013,0.6060606060606061,164,162,1,0,161,149,34223,3,0,0,3,13
2020-08-07,US,Illinois,Livingston,105,2,0,40.89188292,-88.55784752,17105.0,294.54667863554755,1.9047619047619049,103,103,2,0,101,99,35761,2,0,0,2,4
2020-08-07,US,Illinois,Logan,106,0,0,40.12581572,-89.36638784,17107.0,370.3962541058075,0.0,106,90,0,0,90,90,28925,16,0,0,16,0
2020-08-07,US,Illinois,Macon,578,23,0,39.86064913,-88.96342505,17115.0,555.7211395167726,3.97923875432526,555,550,23,0,527,517,104712,28,0,0,28,33
2020-08-07,US,Illinois,Macoupin,156,3,0,39.26119767,-89.92424028,17117.0,347.23767974001686,1.9230769230769231,153,154,3,0,151,142,45313,2,0,0,2,12
2020-08-07,US,Illinois,Madison,2470,74,0,38.83042506,-89.90422563,17119.0,939.2849265684537,2.9959514170040484,2396,2410,74,0,2336,2320,264461,60,0,0,60,90
2020-08-07,US,Illinois,Marion,152,0,0,38.64963204,-88.91899208,17121.0,408.5472382744255,0.0,152,153,0,0,153,143,37620,-1,0,0,-1,10
2020-08-07,US,Illinois,Marshall,24,0,0,41.0327901,-89.34510444,17123.0,209.8268928134289,0.0,24,22,0,0,22,21,11534,2,0,0,2,1
2020-08-07,US,Illinois,Mason,45,0,0,40.23917274,-89.91824452,17125.0,336.8515607455648,0.0,45,45,0,0,45,44,13565,0,0,0,0,1
2020-08-07,US,Illinois,Massac,37,0,0,37.22078441,-88.71036614,17127.0,268.6610514086552,0.0,37,36,0,0,36,35,14080,1,0,0,1,1
2020-08-07,US,Illinois,McDonough,139,15,0,40.45674722,-90.67775541,17109.0,468.2972845495586,10.791366906474819,124,137,15,0,122,134,29955,2,0,0,2,3
2020-08-07,US,Illinois,McHenry,3123,114,0,42.32451172,-88.45248227,17111.0,1014.7055956643512,3.6503362151777137,3009,3060,114,0,2946,3020,308570,63,0,0,63,40
2020-08-07,US,Illinois,McLean,624,15,0,40.48996987,-88.84621113,17113.0,363.8123334713177,2.4038461538461537,609,611,15,0,596,595,172828,13,0,0,13,16
2020-08-07,US,Illinois,Menard,53,0,0,40.02742725,-89.80246001,17129.0,434.5687110528042,0.0,53,53,0,0,53,50,12288,0,0,0,0,3
2020-08-07,US,Illinois,Mercer,73,3,0,41.20596782,-90.74290052,17131.0,472.88981019628164,4.109589041095891,70,73,3,0,70,73,15601,0,0,0,0,0
2020-08-07,US,Illinois,Monroe,305,13,0,38.27594376,-90.17761038,17133.0,880.5612495308485,4.262295081967213,292,299,13,0,286,292,34335,6,0,0,6,7
2020-08-07,US,Illinois,Montgomery,161,7,0,39.23198845,-89.47809254,17135.0,566.6220877032448,4.3478260869565215,154,161,7,0,154,153,28601,0,0,0,0,8
2020-08-07,US,Illinois,Morgan,229,6,0,39.71654544,-90.20255104,17137.0,680.373165369303,2.6200873362445414,223,222,6,0,216,213,33976,7,0,0,7,9
2020-08-07,US,Illinois,Moultrie,72,0,0,39.64187451,-88.62099969,17139.0,496.5174815529963,0.0,72,69,0,0,69,66,14717,3,0,0,3,3
2020-08-07,US,Illinois,Ogle,403,5,0,42.04165196,-89.32184679,17141.0,795.7664435361252,1.2406947890818858,398,400,5,0,395,392,50923,3,0,0,3,8
2020-08-07,US,Illinois,Peoria,1525,35,0,40.78702156,-89.76078901,17143.0,851.1042030595102,2.295081967213114,1490,1488,35,0,1453,1445,180621,37,0,0,37,43
2020-08-07,US,Illinois,Perry,149,1,0,38.08510853,-89.36856219,17145.0,712.3733027347487,0.6711409395973155,148,142,1,0,141,136,21174,7,0,0,7,6
2020-08-07,US,Illinois,Piatt,56,0,0,40.01360584,-88.59319339,17147.0,342.6333822809594,0.0,56,54,0,0,54,52,16396,2,0,0,2,2
2020-08-07,US,Illinois,Pike,20,0,0,39.62265059,-90.8877017,17149.0,128.526444315918,0.0,20,18,0,0,18,17,15611,2,0,0,2,1
2020-08-07,US,Illinois,Pope,8,0,0,37.41391284,-88.56152109,17151.0,191.5250179554704,0.0,8,8,0,0,8,8,4212,0,0,0,0,0
2020-08-07,US,Illinois,Pulaski,92,0,0,37.22631423,-89.13085001,17153.0,1724.4611059044046,0.0,92,91,0,0,91,91,5463,1,0,0,1,0
2020-08-07,US,Illinois,Putnam,11,0,0,41.2013541,-89.2869272,17155.0,191.67102282627638,0.0,11,11,0,0,11,9,5740,0,0,0,0,2
2020-08-07,US,Illinois,Randolph,452,7,0,38.05095369,-89.82512254,17157.0,1422.1886602479392,1.5486725663716814,445,441,7,0,434,440,32106,11,0,0,11,1
2020-08-07,US,Illinois,Richland,18,0,0,38.71240969,-88.08475366,17159.0,116.03171533552505,0.0,18,15,0,0,15,14,15763,3,0,0,3,1
2020-08-07,US,Illinois,Rock Island,1679,34,0,41.46613806,-90.57042164,17161.0,1183.402758688742,2.0250148898153664,1645,1656,34,0,1622,1649,143477,23,0,0,23,7
2020-08-07,US,Illinois,Saline,130,2,0,37.75332999,-88.54119706,17165.0,553.4034311012729,1.5384615384615383,128,126,2,0,124,117,23906,4,0,0,4,9
2020-08-07,US,Illinois,Sangamon,1194,33,0,39.75836914,-89.65872023,17167.0,613.3393605654641,2.7638190954773867,1161,1151,33,0,1118,1096,195348,43,0,0,43,55
2020-08-07,US,Illinois,Schuyler,17,0,0,40.1571798,-90.61114163,17169.0,251.18203309692672,0.0,17,17,0,0,17,17,6907,0,0,0,0,0
2020-08-07,US,Illinois,Scott,16,0,0,39.6429169,-90.47814431,17171.0,323.1670369622299,0.0,16,13,0,0,13,12,4926,3,0,0,3,1
2020-08-07,US,Illinois,Shelby,75,1,0,39.39133527,-88.80611122,17173.0,346.6765276878987,1.3333333333333333,74,68,1,0,67,67,21741,7,0,0,7,1
2020-08-07,US,Illinois,St. Clair,3897,160,0,38.46996033,-89.93063427,17163.0,1500.6584875580509,4.1057223505260465,3737,3845,159,0,3686,3753,261059,52,1,0,51,92
2020-08-07,US,Illinois,Stark,7,0,0,41.09309773,-89.79745866,17175.0,131.03706476974915,0.0,7,7,0,0,7,7,5427,0,0,0,0,0
2020-08-07,US,Illinois,Stephenson,325,6,0,42.35129217,-89.662598,17177.0,730.3699042653602,1.8461538461538465,319,325,6,0,319,324,44753,0,0,0,0,1
2020-08-07,US,Illinois,Tazewell,486,8,0,40.50716185,-89.51404662,17179.0,368.732122941056,1.6460905349794241,478,448,8,0,440,438,132328,38,0,0,38,10
2020-08-07,US,Illinois,Unassigned,1365,209,0,0.0,0.0,90017.0,0.0,15.311355311355312,1156,1342,197,0,1145,1349,,23,12,0,11,-7
2020-08-07,US,Illinois,Union,318,23,0,37.47119609,-89.25548938,17181.0,1909.5658439920733,7.232704402515722,295,309,23,0,286,306,16841,9,0,0,9,3
2020-08-07,US,Illinois,Vermilion,229,2,0,40.18417171,-87.73384359,17183.0,302.27830724147947,0.8733624454148472,227,222,2,0,220,218,76806,7,0,0,7,4
2020-08-07,US,Illinois,Wabash,34,0,0,38.44272901,-87.84922065,17185.0,295.1388888888889,0.0,34,34,0,0,34,33,11549,0,0,0,0,1
2020-08-07,US,Illinois,Warren,189,0,0,40.84925021,-90.6147432,17187.0,1122.061268107338,0.0,189,187,0,0,187,185,17032,2,0,0,2,2
2020-08-07,US,Illinois,Washington,64,0,0,38.35309213,-89.40982703,17189.0,460.86267732411613,0.0,64,60,0,0,60,60,13995,4,0,0,4,0
2020-08-07,US,Illinois,Wayne,59,1,0,38.42955355,-88.42586459,17191.0,363.8606228800493,1.6949152542372878,58,55,1,0,54,54,16332,4,0,0,4,1
2020-08-07,US,Illinois,White,64,0,0,38.08706198,-88.17657461,17193.0,472.77831129496917,0.0,64,64,0,0,64,61,13665,0,0,0,0,3
2020-08-07,US,Illinois,Whiteside,339,16,0,41.75509713,-89.91556058,17195.0,614.4086995922066,4.71976401179941,323,335,16,0,319,329,55626,4,0,0,4,6
2020-08-07,US,Illinois,Will,9053,344,0,41.44619267,-87.97862712,17197.0,1310.6176971753605,3.799845355130896,8709,8932,344,0,8588,8821,692310,121,0,0,121,111
2020-08-07,US,Illinois,Williamson,374,6,0,37.73033511,-88.92994027,17199.0,561.5868582668891,1.60427807486631,368,364,6,0,358,349,67056,10,0,0,10,15
2020-08-07,US,Illinois,Winnebago,3755,129,0,42.33641854,-89.16085327,17201.0,1328.8648556827993,3.4354194407456724,3626,3746,128,0,3618,3730,284081,9,1,0,8,16
2020-08-07,US,Illinois,Woodford,134,3,0,40.78579374,-89.20973757,17203.0,348.42299591773065,2.238805970149253,131,125,3,0,122,121,38463,9,0,0,9,4
2020-08-07,US,Indiana,Adams,95,2,0,40.7457653,-84.93671406,18001.0,265.5337227827934,2.1052631578947367,93,89,2,0,87,84,35636,6,0,0,6,5
2020-08-07,US,Indiana,Allen,3789,161,0,41.09194313,-85.06800636,18003.0,998.9480594465052,4.249142253892848,3628,3725,160,0,3565,3695,375351,64,1,0,63,30
2020-08-07,US,Indiana,Bartholomew,766,47,0,39.20744865,-85.89558181,18005.0,914.3102686830828,6.135770234986945,719,754,47,0,707,749,82753,12,0,0,12,5
2020-08-07,US,Indiana,Benton,60,0,0,40.60626947,-87.31093999,18007.0,685.8710562414266,0.0,60,60,0,0,60,60,8653,0,0,0,0,0
2020-08-07,US,Indiana,Blackford,62,2,0,40.47388153,-85.32499702,18009.0,527.3005613199524,3.2258064516129035,60,59,2,0,57,56,11930,3,0,0,3,3
2020-08-07,US,Indiana,Boone,662,46,0,40.0509304,-86.46841646,18011.0,975.7823209468919,6.948640483383686,616,653,46,0,607,649,66999,9,0,0,9,4
2020-08-07,US,Indiana,Brown,73,1,0,39.19605589,-86.22868909,18013.0,483.6999734958919,1.3698630136986298,72,71,1,0,70,70,15234,2,0,0,2,1
2020-08-07,US,Indiana,Carroll,177,2,0,40.580783200000006,-86.56198812,18015.0,873.7720294219282,1.1299435028248588,175,157,2,0,155,152,20127,20,0,0,20,5
2020-08-07,US,Indiana,Cass,1774,9,0,40.76135835,-86.34830753,18017.0,4706.94367056701,0.5073280721533259,1765,1766,9,0,1757,1760,37955,8,0,0,8,6
2020-08-07,US,Indiana,Clark,1178,46,0,38.48015445,-85.70510334,18019.0,995.7566228804246,3.9049235993208833,1132,1148,46,0,1102,1126,117360,30,0,0,30,22
2020-08-07,US,Indiana,Clay,109,5,0,39.39561833,-87.11723506,18021.0,415.6339370829362,4.587155963302751,104,104,5,0,99,102,26170,5,0,0,5,2
2020-08-07,US,Indiana,Clinton,409,3,0,40.30319754,-86.47277257,18023.0,1262.3846415012808,0.7334963325183375,406,404,3,0,401,388,32250,5,0,0,5,16
2020-08-07,US,Indiana,Crawford,44,0,0,38.28814402,-86.44518825,18025.0,415.99697456745764,0.0,44,44,0,0,44,44,10558,0,0,0,0,0
2020-08-07,US,Indiana,Daviess,263,20,0,38.70186039,-87.07185406,18027.0,788.5820515126982,7.604562737642587,243,259,20,0,239,251,33147,4,0,0,4,8
2020-08-07,US,Indiana,DeKalb,226,4,0,41.39804622,-84.99906934,18033.0,519.8389879240943,1.7699115044247788,222,223,4,0,219,222,43226,3,0,0,3,1
2020-08-07,US,Indiana,Dearborn,493,28,0,39.14647946,-84.97333539,18029.0,996.80537021311,5.679513184584177,465,479,28,0,451,477,49568,14,0,0,14,2
2020-08-07,US,Indiana,Decatur,332,32,0,39.30712658,-85.50087166,18031.0,1250.0470650250384,9.63855421686747,300,324,32,0,292,322,26794,8,0,0,8,2
2020-08-07,US,Indiana,Delaware,701,52,0,40.22787247,-85.39732772,18035.0,614.1849564112672,7.417974322396576,649,680,52,0,628,665,114772,21,0,0,21,15
2020-08-07,US,Indiana,Dubois,676,12,0,38.36597551,-86.87924170000002,18037.0,1581.8045675776862,1.7751479289940828,664,658,12,0,646,655,42565,18,0,0,18,3
2020-08-07,US,Indiana,Elkhart,4760,82,0,41.59761169,-85.85875695,18039.0,2306.860972855613,1.7226890756302522,4678,4713,80,0,4633,4680,205560,47,2,0,45,33
2020-08-07,US,Indiana,Fayette,183,7,0,39.63684962,-85.17797541,18041.0,792.1392087265172,3.8251366120218577,176,177,7,0,170,163,23047,6,0,0,6,14
2020-08-07,US,Indiana,Floyd,760,45,0,38.32117957,-85.90385377,18043.0,967.8816127964136,5.921052631578947,715,740,45,0,695,729,77781,20,0,0,20,11
2020-08-07,US,Indiana,Fountain,68,2,0,40.12361933,-87.24217689,18045.0,416.0039153309678,2.9411764705882355,66,64,2,0,62,64,16351,4,0,0,4,0
2020-08-07,US,Indiana,Franklin,238,13,0,39.4142482,-85.06062647,18047.0,1045.7860971965902,5.46218487394958,225,234,13,0,221,231,22736,4,0,0,4,3
2020-08-07,US,Indiana,Fulton,161,2,0,41.0469907,-86.26252745,18049.0,806.0478622208873,1.2422360248447204,159,159,2,0,157,150,20092,2,0,0,2,9
2020-08-07,US,Indiana,Gibson,214,4,0,38.30393723,-87.58054938,18051.0,635.7883478415878,1.8691588785046729,210,208,4,0,204,204,33452,6,0,0,6,4
2020-08-07,US,Indiana,Grant,521,30,0,40.51587228,-85.65468702,18053.0,792.1665222217154,5.7581573896353175,491,520,29,0,491,511,65936,1,1,0,0,9
2020-08-07,US,Indiana,Greene,246,34,0,39.03630547,-86.96223202,18055.0,770.6284067414322,13.821138211382113,212,241,34,0,207,240,32006,5,0,0,5,1
2020-08-07,US,Indiana,Hamilton,2668,105,0,40.07306535,-86.05244729,18057.0,789.3234243855969,3.9355322338830585,2563,2610,104,0,2506,2572,330086,58,1,0,57,38
2020-08-07,US,Indiana,Hancock,641,38,0,39.82304555,-85.77566351,18059.0,820.0286562276123,5.928237129485179,603,638,38,0,600,634,76351,3,0,0,3,4
2020-08-07,US,Indiana,Harrison,321,23,0,38.19467379,-86.10948271,18061.0,792.299148463532,7.165109034267912,298,309,23,0,286,304,40350,12,0,0,12,5
2020-08-07,US,Indiana,Hendricks,1833,106,0,39.76719009,-86.51037283,18063.0,1076.2663597771136,5.782869612656847,1727,1814,106,0,1708,1796,167009,19,0,0,19,18
2020-08-07,US,Indiana,Henry,373,20,0,39.93029017,-85.39625719,18065.0,777.5368965229718,5.361930294906166,353,369,19,0,350,365,48271,4,1,0,3,4
2020-08-07,US,Indiana,Howard,872,65,0,40.48527731,-86.11351892,18067.0,1056.4062802868773,7.454128440366973,807,855,65,0,790,829,82366,17,0,0,17,26
2020-08-07,US,Indiana,Huntington,121,3,0,40.82907273,-85.48822092,18069.0,331.32530120481925,2.479338842975207,118,121,3,0,118,119,36240,0,0,0,0,2
2020-08-07,US,Indiana,Jackson,572,5,0,38.90915820000001,-86.03851889,18071.0,1293.2106441183785,0.8741258741258742,567,562,5,0,557,556,44111,10,0,0,10,6
2020-08-07,US,Indiana,Jasper,227,2,0,41.02078733,-87.11553319,18073.0,676.3601692390204,0.8810572687224669,225,219,2,0,217,216,33370,8,0,0,8,3
2020-08-07,US,Indiana,Jay,86,0,0,40.43781032,-85.00576229,18075.0,420.8259933450773,0.0,86,84,0,0,84,82,20764,2,0,0,2,2
2020-08-07,US,Indiana,Jefferson,155,2,0,38.78576239,-85.43633383,18077.0,479.75733564442237,1.2903225806451613,153,153,2,0,151,153,32208,2,0,0,2,0
2020-08-07,US,Indiana,Jennings,220,12,0,38.99588883,-85.62710784,18079.0,793.2215612042545,5.454545454545454,208,215,12,0,203,214,27611,5,0,0,5,1
2020-08-07,US,Indiana,Johnson,1719,118,0,39.48994426,-86.10149107,18081.0,1086.8259497872502,6.864456079115765,1601,1694,118,0,1576,1674,156225,25,0,0,25,20
2020-08-07,US,Indiana,Knox,149,0,0,38.68861576,-87.4194665,18083.0,407.17057441110563,0.0,149,142,0,0,142,140,36895,7,0,0,7,2
2020-08-07,US,Indiana,Kosciusko,840,12,0,41.24521668,-85.86312322,18085.0,1057.188884414015,1.4285714285714286,828,827,12,0,815,824,79344,13,0,0,13,3
2020-08-07,US,Indiana,LaGrange,556,10,0,41.64232188,-85.42674232,18087.0,1403.5442015449084,1.7985611510791366,546,554,10,0,544,549,39330,2,0,0,2,5
2020-08-07,US,Indiana,LaPorte,883,30,0,41.54366008,-86.74072188,18091.0,803.5454280722189,3.3975084937712343,853,869,30,0,839,850,110007,14,0,0,14,19
2020-08-07,US,Indiana,Lake,7447,274,0,41.41874274,-87.38277575,18089.0,1533.9047112934686,3.6793339599838863,7173,7343,274,0,7069,7222,484411,104,0,0,104,121
2020-08-07,US,Indiana,Lawrence,336,27,0,38.84112637,-86.48361629,18093.0,740.5774741018294,8.035714285714286,309,337,27,0,310,332,45668,-1,0,0,-1,5
2020-08-07,US,Indiana,Madison,915,65,0,40.16143691,-85.71964711,18095.0,706.1874368097307,7.103825136612022,850,895,65,0,830,872,129641,20,0,0,20,23
2020-08-07,US,Indiana,Marion,15503,725,0,39.78163624,-86.13826325,18097.0,1607.2246838526944,4.676514223053601,14778,15322,723,0,14599,15152,954670,181,2,0,179,170
2020-08-07,US,Indiana,Marshall,771,22,0,41.32467367,-86.26185087,18099.0,1666.7387262743741,2.8534370946822314,749,758,22,0,736,752,46248,13,0,0,13,6
2020-08-07,US,Indiana,Martin,43,0,0,38.7099921,-86.80373186,18101.0,419.3076548025354,0.0,43,42,0,0,42,42,10217,1,0,0,1,0
2020-08-07,US,Indiana,Miami,267,2,0,40.76940965,-86.04525048,18103.0,751.7738484063519,0.7490636704119851,265,264,2,0,262,260,35567,3,0,0,3,4
2020-08-07,US,Indiana,Monroe,722,30,0,39.16130004,-86.52414358,18105.0,486.4213001327216,4.1551246537396125,692,708,30,0,678,699,146917,14,0,0,14,9
2020-08-07,US,Indiana,Montgomery,348,21,0,40.04034823,-86.89335024,18107.0,907.715582450832,6.0344827586206895,327,346,21,0,325,343,38346,2,0,0,2,3
2020-08-07,US,Indiana,Morgan,459,34,0,39.47899078,-86.44573375,18109.0,651.1654300671026,7.407407407407407,425,451,34,0,417,440,70116,8,0,0,8,11
2020-08-07,US,Indiana,Newton,115,10,0,40.95610449,-87.39635768,18111.0,822.3684210526317,8.695652173913043,105,114,10,0,104,114,14011,1,0,0,1,0
2020-08-07,US,Indiana,Noble,659,29,0,41.39672484,-85.41966713,18113.0,1380.2781501340482,4.400606980273142,630,645,29,0,616,638,47532,14,0,0,14,7
2020-08-07,US,Indiana,Ohio,62,4,0,38.955304999999996,-84.96515993,18115.0,1055.3191489361702,6.451612903225807,58,57,4,0,53,56,5844,5,0,0,5,1
2020-08-07,US,Indiana,Orange,166,24,0,38.54118920000001,-86.49523093,18117.0,844.9557161763208,14.457831325301207,142,166,24,0,142,164,19489,0,0,0,0,2
2020-08-07,US,Indiana,Owen,84,1,0,39.31145587,-86.83900724,18119.0,403.8655704601183,1.1904761904761905,83,83,1,0,82,82,20845,1,0,0,1,1
2020-08-07,US,Indiana,Parke,51,1,0,39.77202286,-87.20375833,18121.0,301.115900100372,1.96078431372549,50,50,1,0,49,49,16927,1,0,0,1,1
2020-08-07,US,Indiana,Perry,181,12,0,38.07809328,-86.63741946,18123.0,944.2328759977046,6.629834254143647,169,179,12,0,167,172,19102,2,0,0,2,7
2020-08-07,US,Indiana,Pike,52,0,0,38.40112197,-87.23574907,18125.0,419.72717733473235,0.0,52,52,0,0,52,50,12410,0,0,0,0,2
2020-08-07,US,Indiana,Porter,1266,39,0,41.45986947,-87.06848888,18127.0,743.0057104625298,3.080568720379147,1227,1238,39,0,1199,1213,169594,28,0,0,28,25
2020-08-07,US,Indiana,Posey,167,0,0,38.02097333,-87.86480429,18129.0,656.7821606953239,0.0,167,165,0,0,165,161,25540,2,0,0,2,4
2020-08-07,US,Indiana,Pulaski,76,1,0,41.04166107,-86.69890683,18131.0,615.2351655468308,1.3157894736842106,75,75,1,0,74,75,12469,1,0,0,1,0
2020-08-07,US,Indiana,Putnam,286,8,0,39.66437981,-86.84517605,18133.0,761.1241217798595,2.797202797202797,278,277,8,0,269,234,37779,9,0,0,9,43
2020-08-07,US,Indiana,Randolph,115,4,0,40.15734772,-85.01139319,18135.0,466.24771944050275,3.4782608695652173,111,114,4,0,110,109,24851,1,0,0,1,5
2020-08-07,US,Indiana,Ripley,197,7,0,39.10235626,-85.26212744,18137.0,695.5232311820364,3.5532994923857872,190,194,7,0,187,194,28523,3,0,0,3,0
2020-08-07,US,Indiana,Rush,74,4,0,39.62002287,-85.4655599,18139.0,446.2939509076654,5.405405405405406,70,71,4,0,67,80,16663,3,0,0,3,-9
2020-08-07,US,Indiana,Scott,263,10,0,38.68672078,-85.74627859,18143.0,1101.6629665312278,3.8022813688212933,253,257,10,0,247,252,23878,6,0,0,6,5
2020-08-07,US,Indiana,Shelby,542,27,0,39.52305623,-85.79158570000001,18145.0,1211.7418229783812,4.9815498154981555,515,535,27,0,508,530,44593,7,0,0,7,5
2020-08-07,US,Indiana,Spencer,131,3,0,38.01519732,-87.0079644,18147.0,646.0521773437886,2.2900763358778624,128,119,3,0,116,116,20327,12,0,0,12,3
2020-08-07,US,Indiana,St. Joseph,3373,81,0,41.61756781,-86.29040834,18141.0,1240.867319535291,2.401423065520308,3292,3301,79,0,3222,3224,270771,72,2,0,70,77
2020-08-07,US,Indiana,Starke,176,7,0,41.27890281,-86.64686895,18149.0,765.3837790824092,3.977272727272727,169,174,7,0,167,170,22935,2,0,0,2,4
2020-08-07,US,Indiana,Steuben,206,3,0,41.64423868,-85.00101094,18151.0,595.4789847950511,1.4563106796116505,203,204,3,0,201,203,34586,2,0,0,2,1
2020-08-07,US,Indiana,Sullivan,103,1,0,39.08952258,-87.41414469,18153.0,498.33083361555947,0.9708737864077671,102,91,1,0,90,83,20690,12,0,0,12,8
2020-08-07,US,Indiana,Switzerland,45,0,0,38.82767338,-85.03022429,18155.0,418.5657148172263,0.0,45,44,0,0,44,43,10717,1,0,0,1,1
2020-08-07,US,Indiana,Tippecanoe,1177,11,0,40.38872739,-86.89413959,18157.0,601.3324341446468,0.9345794392523364,1166,1146,11,0,1135,1123,193048,31,0,0,31,23
2020-08-07,US,Indiana,Tipton,133,6,0,40.31123252,-86.05234925,18159.0,878.003696857671,4.511278195488722,127,129,6,0,123,126,15128,4,0,0,4,3
2020-08-07,US,Indiana,Unassigned,0,202,0,0.0,0.0,90018.0,0.0,0.0,-202,0,202,0,-202,0,,0,0,0,0,0
2020-08-07,US,Indiana,Union,37,0,0,39.62550777,-84.92497066,18161.0,524.5250921462999,0.0,37,35,0,0,35,33,7037,2,0,0,2,2
2020-08-07,US,Indiana,Vanderburgh,1888,13,0,38.02658833,-87.58763124,18163.0,1040.5012923599209,0.6885593220338984,1875,1842,13,0,1829,1800,180974,46,0,0,46,42
2020-08-07,US,Indiana,Vermillion,50,0,0,39.8523352,-87.46160542,18165.0,322.622273841786,0.0,50,48,0,0,48,47,15479,2,0,0,2,1
2020-08-07,US,Indiana,Vigo,586,10,0,39.42944561,-87.39169027,18167.0,547.4691231151554,1.706484641638225,576,543,10,0,533,528,107386,43,0,0,43,15
2020-08-07,US,Indiana,Wabash,163,3,0,40.84704239,-85.79328272,18169.0,525.8743063621113,1.8404907975460123,160,161,3,0,158,161,31280,2,0,0,2,0
2020-08-07,US,Indiana,Warren,22,1,0,40.34728141,-87.35602659,18171.0,266.1826981246219,4.545454545454546,21,20,1,0,19,19,8263,2,0,0,2,1
2020-08-07,US,Indiana,Warrick,570,30,0,38.08922676,-87.2716085,18173.0,904.7906282739136,5.2631578947368425,540,553,30,0,523,540,62567,17,0,0,17,13
2020-08-07,US,Indiana,Washington,131,1,0,38.60219804,-86.1049363,18175.0,467.25638464830917,0.7633587786259542,130,121,1,0,120,117,27943,10,0,0,10,4
2020-08-07,US,Indiana,Wayne,354,10,0,39.863344399999995,-85.01044989,18177.0,537.3079958715318,2.824858757062147,344,346,10,0,336,337,65936,8,0,0,8,9
2020-08-07,US,Indiana,Wells,162,2,0,40.72934187,-85.22132966,18179.0,572.5190839694657,1.2345679012345678,160,154,2,0,152,144,28206,8,0,0,8,10
2020-08-07,US,Indiana,White,354,10,0,40.74911165,-86.86492015,18181.0,1468.757779437391,2.824858757062147,344,351,10,0,341,349,24133,3,0,0,3,2
2020-08-07,US,Indiana,Whitley,150,6,0,41.13863784,-85.50791236,18183.0,441.64409374631964,4.0,144,147,6,0,141,149,34074,3,0,0,3,-2
2020-08-07,US,Iowa,Adair,28,0,0,41.33075609,-94.47105874,19001.0,391.49888143176736,0.0,28,27,0,0,27,23,7063,1,0,0,1,4
2020-08-07,US,Iowa,Adams,16,0,0,41.02903567,-94.69932645,19003.0,444.1976679622432,0.0,16,16,0,0,16,16,3645,0,0,0,0,0
2020-08-07,US,Iowa,Allamakee,154,4,0,43.28383218,-91.37860922,19005.0,1125.1552568130342,2.5974025974025974,150,154,4,0,150,152,13832,0,0,0,0,2
2020-08-07,US,Iowa,Appanoose,48,3,0,40.74324454,-92.86865906,19007.0,386.286817962337,6.25,45,47,3,0,44,43,12437,1,0,0,1,4
2020-08-07,US,Iowa,Audubon,28,1,0,41.6844628,-94.90581859,19009.0,509.4614264919942,3.571428571428572,27,28,1,0,27,28,5506,0,0,0,0,0
2020-08-07,US,Iowa,Benton,151,1,0,42.08011739,-92.06463573,19011.0,588.8087346461299,0.6622516556291391,150,146,1,0,145,145,25642,5,0,0,5,1
2020-08-07,US,Iowa,Black Hawk,3099,63,0,42.4704581,-92.30524729,19013.0,2361.5386960099977,2.0329138431752183,3036,3084,63,0,3021,3054,132408,15,0,0,15,30
2020-08-07,US,Iowa,Boone,246,2,0,42.03657094,-93.9313999,19015.0,937.7144164061904,0.8130081300813008,244,244,2,0,242,234,26346,2,0,0,2,10
2020-08-07,US,Iowa,Bremer,210,7,0,42.77461496,-92.31795937,19017.0,837.9219535551831,3.333333333333333,203,203,7,0,196,196,24947,7,0,0,7,7
2020-08-07,US,Iowa,Buchanan,124,1,0,42.4709188,-91.83510825,19019.0,585.5962219598582,0.8064516129032258,123,123,1,0,122,118,21199,1,0,0,1,5
2020-08-07,US,Iowa,Buena Vista,1791,12,0,42.73545875,-95.15100162,19021.0,9128.440366972478,0.6700167504187605,1779,1791,12,0,1779,1790,19874,0,0,0,0,1
2020-08-07,US,Iowa,Butler,119,2,0,42.73172833,-92.79015971,19023.0,824.1567975621581,1.680672268907563,117,119,2,0,117,118,14539,0,0,0,0,1
2020-08-07,US,Iowa,Calhoun,83,2,0,42.38521079,-94.64046046,19025.0,858.5022755482003,2.409638554216868,81,83,2,0,81,82,9699,0,0,0,0,1
2020-08-07,US,Iowa,Carroll,185,1,0,42.03617207,-94.86032705,19027.0,917.4311926605504,0.5405405405405406,184,185,1,0,184,183,20154,0,0,0,0,2
2020-08-07,US,Iowa,Cass,61,1,0,41.33149454,-94.92792482,19029.0,475.2259270800873,1.639344262295082,60,50,1,0,49,48,12930,11,0,0,11,2
2020-08-07,US,Iowa,Cedar,129,1,0,41.77233777,-91.13246684,19031.0,692.5430826220003,0.7751937984496124,128,128,1,0,127,123,18627,1,0,0,1,5
2020-08-07,US,Iowa,Cerro Gordo,598,17,0,43.08177563,-93.2612239,19033.0,1408.716136631331,2.8428093645484953,581,596,17,0,579,586,42647,2,0,0,2,10
2020-08-07,US,Iowa,Cherokee,104,1,0,42.73538914,-95.62389402,19035.0,925.6786826880284,0.9615384615384616,103,103,1,0,102,99,11321,1,0,0,1,4
2020-08-07,US,Iowa,Chickasaw,54,0,0,43.06001295,-92.31773347,19037.0,452.52660688846055,0.0,54,54,0,0,54,52,11964,0,0,0,0,2
2020-08-07,US,Iowa,Clarke,197,3,0,41.02868181,-93.78499767,19039.0,2096.8600319318784,1.5228426395939083,194,195,3,0,192,190,9423,2,0,0,2,5
2020-08-07,US,Iowa,Clay,181,1,0,43.08247182,-95.15096481,19041.0,1130.11988011988,0.5524861878453039,180,176,1,0,175,174,16134,5,0,0,5,2
2020-08-07,US,Iowa,Clayton,104,3,0,42.84443388,-91.34133693,19043.0,592.6263604763805,2.8846153846153846,101,102,3,0,99,101,17556,2,0,0,2,1
2020-08-07,US,Iowa,Clinton,370,3,0,41.89981633,-90.53275096,19045.0,796.9157207779622,0.8108108108108109,367,362,3,0,359,338,46518,8,0,0,8,24
2020-08-07,US,Iowa,Crawford,726,3,0,42.03718237,-95.3819718,19047.0,4316.29013079667,0.4132231404958678,723,726,3,0,723,726,17158,0,0,0,0,0
2020-08-07,US,Iowa,Dallas,1859,35,0,41.68560356,-94.04127625,19049.0,1989.235230543696,1.8827326519634209,1824,1846,35,0,1811,1807,90180,13,0,0,13,39
2020-08-07,US,Iowa,Davis,54,1,0,40.74773536,-92.41005468,19051.0,600.0,1.851851851851852,53,52,1,0,51,51,9017,2,0,0,2,1
2020-08-07,US,Iowa,Decatur,23,0,0,40.73742757,-93.78645949,19053.0,292.2490470139772,0.0,23,23,0,0,23,23,7890,0,0,0,0,0
2020-08-07,US,Iowa,Delaware,103,1,0,42.47104597,-91.3664492,19055.0,605.4905649285756,0.9708737864077671,102,99,1,0,98,94,17069,4,0,0,4,5
2020-08-07,US,Iowa,Des Moines,158,2,0,40.92012606,-91.18326592,19057.0,405.4712962250109,1.2658227848101269,156,152,2,0,150,143,39138,6,0,0,6,9
2020-08-07,US,Iowa,Dickinson,378,4,0,43.37787725,-95.1510206,19059.0,2190.2885618263995,1.058201058201058,374,377,4,0,373,378,17153,1,0,0,1,-1
2020-08-07,US,Iowa,Dubuque,1653,31,0,42.46815349,-90.88181925,19061.0,1698.67743626106,1.8753781004234724,1622,1623,31,0,1592,1594,96854,30,0,0,30,29
2020-08-07,US,Iowa,Emmet,190,4,0,43.37782951,-94.67858943,19063.0,2063.423110338836,2.1052631578947367,186,188,2,0,186,185,9253,2,2,0,0,3
2020-08-07,US,Iowa,Fayette,82,0,0,42.86271799,-91.8441231,19065.0,417.30279898218834,0.0,82,81,0,0,81,81,19660,1,0,0,1,0
2020-08-07,US,Iowa,Floyd,145,2,0,43.06000529999999,-92.78940097,19067.0,926.9914333205472,1.3793103448275863,143,143,2,0,141,132,15761,2,0,0,2,11
2020-08-07,US,Iowa,Franklin,235,9,0,42.73270384,-93.26256925,19069.0,2333.664349553128,3.8297872340425534,226,233,9,0,224,227,10124,2,0,0,2,6
2020-08-07,US,Iowa,Fremont,40,0,0,40.74542720000001,-95.60129045,19071.0,574.7126436781608,0.0,40,37,0,0,37,34,6993,3,0,0,3,3
2020-08-07,US,Iowa,Greene,41,0,0,42.03614551,-94.39658081,19073.0,461.29612961296135,0.0,41,39,0,0,39,38,8981,2,0,0,2,1
2020-08-07,US,Iowa,Grundy,78,1,0,42.40183723,-92.78829551,19075.0,637.6716808371484,1.2820512820512822,77,76,1,0,75,76,12304,2,0,0,2,0
2020-08-07,US,Iowa,Guthrie,131,5,0,41.68378965,-94.50111014,19077.0,1225.5589858733274,3.816793893129771,126,131,5,0,126,128,10720,0,0,0,0,3
2020-08-07,US,Iowa,Hamilton,245,1,0,42.38382428,-93.70197703,19079.0,1658.4309212752994,0.4081632653061225,244,244,1,0,243,243,14952,1,0,0,1,1
2020-08-07,US,Iowa,Hancock,121,2,0,43.08178477,-93.73454884,19081.0,1138.2878645343367,1.6528925619834711,119,121,2,0,119,117,10712,0,0,0,0,4
2020-08-07,US,Iowa,Hardin,175,0,0,42.38353877,-93.23654611,19083.0,1038.8222723495192,0.0,175,173,0,0,173,171,16868,2,0,0,2,2
2020-08-07,US,Iowa,Harrison,103,0,0,41.68330137,-95.81558439,19085.0,733.1482667805537,0.0,103,102,0,0,102,99,14134,1,0,0,1,3
2020-08-07,US,Iowa,Henry,119,3,0,40.98767962,-91.54436349,19087.0,596.3716548060538,2.5210084033613445,116,119,3,0,116,114,20067,0,0,0,0,5
2020-08-07,US,Iowa,Howard,49,0,0,43.35671042,-92.31702714,19089.0,535.051321249181,0.0,49,49,0,0,49,49,9187,0,0,0,0,0
2020-08-07,US,Iowa,Humboldt,106,1,0,42.7764426,-94.20722537,19091.0,1109.018623142917,0.9433962264150944,105,100,1,0,99,94,9547,6,0,0,6,6
2020-08-07,US,Iowa,Ida,29,0,0,42.38696136,-95.51355387,19093.0,422.7405247813411,0.0,29,29,0,0,29,29,6841,0,0,0,0,0
2020-08-07,US,Iowa,Iowa,96,1,0,41.68630265,-92.0643373,19095.0,593.1784478497283,1.0416666666666667,95,94,1,0,93,94,16141,2,0,0,2,0
2020-08-07,US,Iowa,Jackson,150,1,0,42.17178824,-90.57354837,19097.0,771.6446319255106,0.6666666666666666,149,148,1,0,147,146,19432,2,0,0,2,2
2020-08-07,US,Iowa,Jasper,471,26,0,41.68576082,-93.05567785,19099.0,1266.6397741024607,5.520169851380042,445,466,26,0,440,458,37147,5,0,0,5,8
2020-08-07,US,Iowa,Jefferson,82,0,0,41.03192394,-91.94849466,19101.0,448.2098934135009,0.0,82,80,0,0,80,77,18381,2,0,0,2,3
2020-08-07,US,Iowa,Johnson,2054,16,0,41.67169354,-91.58754744,19103.0,1359.0048961228,0.7789678675754625,2038,2021,16,0,2005,2002,151260,33,0,0,33,19
2020-08-07,US,Iowa,Jones,128,2,0,42.12118609,-91.13139641,19105.0,618.925583869252,1.5625,126,127,2,0,125,126,20744,1,0,0,1,1
2020-08-07,US,Iowa,Keokuk,34,1,0,41.33649833,-92.1785067,19107.0,331.83681436658213,2.9411764705882355,33,33,1,0,32,31,10225,1,0,0,1,2
2020-08-07,US,Iowa,Kossuth,84,0,0,43.20405458,-94.20691791,19109.0,567.0694660095862,0.0,84,83,0,0,83,82,14908,1,0,0,1,1
2020-08-07,US,Iowa,Lee,108,3,0,40.64181461,-91.48183025,19111.0,320.8842142793476,2.7777777777777777,105,107,3,0,104,99,34055,1,0,0,1,8
2020-08-07,US,Iowa,Linn,2314,87,0,42.07923082,-91.59809485,19113.0,1020.7052305629318,3.7597234226447713,2227,2279,87,0,2192,2198,225909,35,0,0,35,81
2020-08-07,US,Iowa,Louisa,378,14,0,41.21842119,-91.26102611,19115.0,3425.46443135478,3.703703703703704,364,380,14,0,366,379,11169,-2,0,0,-2,1
2020-08-07,US,Iowa,Lucas,60,4,0,41.02958964,-93.32780803,19117.0,697.6744186046512,6.666666666666668,56,57,4,0,53,53,8645,3,0,0,3,4
2020-08-07,US,Iowa,Lyon,110,2,0,43.38107862,-96.20926845,19119.0,935.7720119098256,1.818181818181818,108,109,2,0,107,108,11811,1,0,0,1,1
2020-08-07,US,Iowa,Madison,114,2,0,41.33081904,-94.01554631,19121.0,697.7598237238341,1.7543859649122806,112,114,2,0,112,107,16249,0,0,0,0,7
2020-08-07,US,Iowa,Mahaska,138,17,0,41.33521503,-92.64083907,19123.0,624.5756958587916,12.318840579710145,121,139,17,0,122,137,22000,-1,0,0,-1,2
2020-08-07,US,Iowa,Marion,166,0,0,41.33445101,-93.09934783,19125.0,499.2030794214056,0.0,166,162,0,0,162,159,33407,4,0,0,4,3
2020-08-07,US,Iowa,Marshall,1432,25,0,42.03586837,-92.9990819,19127.0,3637.379664202799,1.7458100558659218,1407,1425,25,0,1400,1407,39981,7,0,0,7,18
2020-08-07,US,Iowa,Mills,87,0,0,41.03299766,-95.61920963,19129.0,575.8157389635318,0.0,87,85,0,0,85,85,15063,2,0,0,2,0
2020-08-07,US,Iowa,Mitchell,78,0,0,43.35638371,-92.78887719,19131.0,736.8222180238049,0.0,78,78,0,0,78,78,10569,0,0,0,0,0
2020-08-07,US,Iowa,Monona,91,0,0,42.05220391,-95.95743843,19133.0,1056.2971561230413,0.0,91,91,0,0,91,91,8679,0,0,0,0,0
2020-08-07,US,Iowa,Monroe,72,7,0,41.02988815,-92.8690667,19135.0,934.215648112106,9.722222222222221,65,69,7,0,62,70,7790,3,0,0,3,-1
2020-08-07,US,Iowa,Montgomery,57,4,0,41.03018714,-95.15642896,19137.0,574.7705959463548,7.0175438596491215,53,53,4,0,49,45,10003,4,0,0,4,8
2020-08-07,US,Iowa,Muscatine,845,48,0,41.48370744,-91.1121697,19139.0,1980.5925370335647,5.680473372781066,797,840,48,0,792,839,42929,5,0,0,5,1
2020-08-07,US,Iowa,O'Brien,136,2,0,43.08310673,-95.62474482,19141.0,988.8751545117433,1.4705882352941178,134,135,2,0,133,132,13840,1,0,0,1,3
2020-08-07,US,Iowa,Osceola,80,0,0,43.37824276,-95.62422844,19143.0,1342.732460557234,0.0,80,79,0,0,79,78,6040,1,0,0,1,1
2020-08-07,US,Iowa,Page,94,0,0,40.7393172,-95.1497813,19145.0,622.228106175945,0.0,94,85,0,0,85,77,15249,9,0,0,9,8
2020-08-07,US,Iowa,Palo Alto,82,0,0,43.08193849,-94.67824621,19147.0,922.7999099707404,0.0,82,80,0,0,80,80,8929,2,0,0,2,0
2020-08-07,US,Iowa,Plymouth,455,9,0,42.737633,-96.21366621,19149.0,1807.2049886801447,1.978021978021978,446,452,8,0,444,448,25095,3,1,0,2,4
2020-08-07,US,Iowa,Pocahontas,115,1,0,42.73420133,-94.67862564,19151.0,1737.4225713854055,0.8695652173913043,114,115,1,0,114,114,6740,0,0,0,0,1
2020-08-07,US,Iowa,Polk,10132,206,0,41.68679484,-93.57767461,19153.0,2067.075919952832,2.033162258191868,9926,10032,206,0,9826,9874,487204,100,0,0,100,158
2020-08-07,US,Iowa,Pottawattamie,1294,26,0,41.33640314,-95.53907776,19155.0,1388.3226401733787,2.009273570324575,1268,1284,26,0,1258,1257,93533,10,0,0,10,27
2020-08-07,US,Iowa,Poweshiek,156,8,0,41.68625425,-92.53155731,19157.0,843.0609597924773,5.128205128205129,148,153,8,0,145,151,18699,3,0,0,3,2
2020-08-07,US,Iowa,Ringgold,21,1,0,40.73518949,-94.24368535,19159.0,429.09685328974257,4.761904761904762,20,21,1,0,20,21,4968,0,0,0,0,0
2020-08-07,US,Iowa,Sac,82,0,0,42.38624071,-95.10547892,19161.0,843.5346157802695,0.0,82,82,0,0,82,81,9719,0,0,0,0,1
2020-08-07,US,Iowa,Scott,1674,14,0,41.63935978,-90.61959493,19163.0,967.9489774087416,0.8363201911589009,1660,1655,14,0,1641,1636,173283,19,0,0,19,19
2020-08-07,US,Iowa,Shelby,180,1,0,41.6850066,-95.31015553,19165.0,1571.503404924044,0.5555555555555556,179,177,1,0,176,176,11578,3,0,0,3,1
2020-08-07,US,Iowa,Sioux,619,3,0,43.08221074,-96.1767568,19167.0,1775.9288480849234,0.4846526655896608,616,614,3,0,611,607,34909,5,0,0,5,7
2020-08-07,US,Iowa,Story,1151,14,0,42.03621213,-93.46499005,19169.0,1185.168405119598,1.2163336229365769,1137,1141,14,0,1127,1126,98105,10,0,0,10,15
2020-08-07,US,Iowa,Tama,547,29,0,42.07991767,-92.53266945,19171.0,3245.520351251929,5.3016453382084086,518,545,29,0,516,543,16904,2,0,0,2,2
2020-08-07,US,Iowa,Taylor,96,0,0,40.73710579,-94.69778563,19173.0,1568.3711811795458,0.0,96,96,0,0,96,94,6191,0,0,0,0,2
2020-08-07,US,Iowa,Unassigned,1,0,0,0.0,0.0,90019.0,0.0,0.0,1,3,0,0,3,4,,-2,0,0,-2,-1
2020-08-07,US,Iowa,Union,76,1,0,41.0277278,-94.24234847,19175.0,620.8643084715302,1.3157894736842106,75,75,1,0,74,74,12359,1,0,0,1,1
2020-08-07,US,Iowa,Van Buren,34,1,0,40.75326764,-91.95017958,19177.0,482.68029528676885,2.9411764705882355,33,34,1,0,33,34,7020,0,0,0,0,0
2020-08-07,US,Iowa,Wapello,876,33,0,41.03064984,-92.40954728,19179.0,2505.0759243901744,3.767123287671233,843,872,33,0,839,866,35205,4,0,0,4,6
2020-08-07,US,Iowa,Warren,550,1,0,41.33559454,-93.56007641,19181.0,1068.666692573738,0.18181818181818185,549,547,1,0,546,542,51056,3,0,0,3,5
2020-08-07,US,Iowa,Washington,294,10,0,41.33577126,-91.71725711,19183.0,1338.4930571363534,3.4013605442176873,284,293,10,0,283,288,22141,1,0,0,1,5
2020-08-07,US,Iowa,Wayne,19,1,0,40.73969028,-93.32752197,19185.0,294.9852507374631,5.2631578947368425,18,19,1,0,18,19,6401,0,0,0,0,0
2020-08-07,US,Iowa,Webster,793,7,0,42.42853483,-94.17987389,19187.0,2208.667557932264,0.8827238335435057,786,772,7,0,765,763,36277,21,0,0,21,9
2020-08-07,US,Iowa,Winnebago,79,0,0,43.37751174,-93.73407298,19189.0,762.9901487347885,0.0,79,77,0,0,77,76,10518,2,0,0,2,1
2020-08-07,US,Iowa,Winneshiek,94,1,0,43.29094334,-91.84422722,19191.0,470.21159521784796,1.0638297872340423,93,91,1,0,90,90,20029,3,0,0,3,1
2020-08-07,US,Iowa,Woodbury,3709,51,0,42.38979414,-96.0459439,19193.0,3597.2339414394755,1.3750337018064172,3658,3691,51,0,3640,3673,102539,18,0,0,18,18
2020-08-07,US,Iowa,Worth,66,0,0,43.37750768,-93.26087602,19195.0,894.187779433681,0.0,66,65,0,0,65,64,7453,1,0,0,1,1
2020-08-07,US,Iowa,Wright,463,1,0,42.73305373,-93.73515113,19197.0,3685.718834580481,0.2159827213822894,462,455,1,0,454,451,12690,8,0,0,8,4
2020-08-07,US,Kansas,Allen,15,0,0,37.88582951,-95.30030847,20001.0,121.2709192335678,0.0,15,15,0,0,15,15,12444,0,0,0,0,0
2020-08-07,US,Kansas,Anderson,29,0,0,38.21413251,-95.29272815,20003.0,369.0506490201069,0.0,29,29,0,0,29,29,7878,0,0,0,0,0
2020-08-07,US,Kansas,Atchison,64,0,0,39.53185661,-95.30870026,20005.0,398.18328874510047,0.0,64,64,0,0,64,62,16193,0,0,0,0,2
2020-08-07,US,Kansas,Barber,4,0,0,37.2288586,-98.68460053,20007.0,90.35464196973119,0.0,4,4,0,0,4,4,4472,0,0,0,0,0
2020-08-07,US,Kansas,Barton,133,3,0,38.47889676,-98.75636726,20009.0,515.9238139570969,2.255639097744361,130,126,3,0,123,126,26111,7,0,0,7,0
2020-08-07,US,Kansas,Bourbon,73,2,0,37.85508555,-94.84865997,20011.0,502.2705380487134,2.7397260273972597,71,73,2,0,71,73,14653,0,0,0,0,0
2020-08-07,US,Kansas,Brown,37,0,0,39.82652589,-95.56421698,20013.0,386.8674194897532,0.0,37,35,0,0,35,35,9598,2,0,0,2,0
2020-08-07,US,Kansas,Butler,255,1,0,37.78134351,-96.83878537,20015.0,381.1032565646904,0.392156862745098,254,238,1,0,237,228,66765,17,0,0,17,10
2020-08-07,US,Kansas,Chase,42,0,0,38.30292938,-96.59563862,20017.0,1586.1027190332327,0.0,42,42,0,0,42,42,2629,0,0,0,0,0
2020-08-07,US,Kansas,Chautauqua,5,0,0,37.14994405,-96.2454192,20019.0,153.84615384615384,0.0,5,5,0,0,5,5,3309,0,0,0,0,0
2020-08-07,US,Kansas,Cherokee,101,1,0,37.16928494,-94.8462897,20021.0,506.54496213451034,0.99009900990099,100,91,1,0,90,91,20015,10,0,0,10,0
2020-08-07,US,Kansas,Cheyenne,3,0,0,39.78580976,-101.7318201,20023.0,112.90929619872036,0.0,3,2,0,0,2,2,2660,1,0,0,1,0
2020-08-07,US,Kansas,Clark,44,1,0,37.23577007,-99.81883015,20025.0,2206.6198595787364,2.272727272727273,43,45,1,0,44,45,2005,-1,0,0,-1,0
2020-08-07,US,Kansas,Clay,20,2,0,39.34948772,-97.16518128,20027.0,249.9375156210947,10.0,18,18,2,0,16,18,7997,2,0,0,2,0
2020-08-07,US,Kansas,Cloud,32,0,0,39.48028352,-97.64925343,20029.0,364.21579786023216,0.0,32,30,0,0,30,30,8729,2,0,0,2,0
2020-08-07,US,Kansas,Coffey,67,8,0,38.2365018,-95.73379515,20031.0,819.1710478053552,11.940298507462687,59,67,8,0,59,67,8233,0,0,0,0,0
2020-08-07,US,Kansas,Comanche,5,0,0,37.19114520000001,-99.27113247,20033.0,294.11764705882354,0.0,5,3,0,0,3,3,1748,2,0,0,2,0
2020-08-07,US,Kansas,Cowley,165,2,0,37.23781842,-96.83776647,20035.0,472.6710209694053,1.2121212121212122,163,160,2,0,158,160,35218,5,0,0,5,0
2020-08-07,US,Kansas,Crawford,380,1,0,37.50675523,-94.85245778,20037.0,978.9273017672214,0.2631578947368421,379,377,1,0,376,377,39019,3,0,0,3,0
2020-08-07,US,Kansas,Decatur,5,0,0,39.78468441,-100.45940809999999,20039.0,176.86593562079943,0.0,5,5,0,0,5,5,2871,0,0,0,0,0
2020-08-07,US,Kansas,Dickinson,47,1,0,38.86600962,-97.15532383,20041.0,254.52182389255933,2.127659574468085,46,44,1,0,43,44,18717,3,0,0,3,0
2020-08-07,US,Kansas,Doniphan,48,0,0,39.79067154,-95.14056866,20043.0,631.578947368421,0.0,48,47,0,0,47,47,7682,1,0,0,1,0
2020-08-07,US,Kansas,Douglas,714,5,0,38.88503636,-95.2925121,20045.0,584.0060854415626,0.7002801120448179,709,696,5,0,691,686,121436,18,0,0,18,10
2020-08-07,US,Kansas,Edwards,10,0,0,37.88735543,-99.31263309,20047.0,357.39814152966414,0.0,10,10,0,0,10,10,2849,0,0,0,0,0
2020-08-07,US,Kansas,Elk,1,0,0,37.45338105,-96.24369667,20049.0,39.52569169960474,0.0,1,1,0,0,1,1,2508,0,0,0,0,0
2020-08-07,US,Kansas,Ellis,141,1,0,38.91458712,-99.31751551,20051.0,493.81851294084686,0.7092198581560284,140,135,1,0,134,135,28710,6,0,0,6,0
2020-08-07,US,Kansas,Ellsworth,21,0,0,38.69677695,-98.20462799,20053.0,344.14945919370695,0.0,21,21,0,0,21,21,6196,0,0,0,0,0
2020-08-07,US,Kansas,Finney,1783,10,0,38.04340344,-100.73819379999999,20055.0,4889.352016891985,0.5608524957936063,1773,1780,10,0,1770,1758,36611,3,0,0,3,22
2020-08-07,US,Kansas,Ford,2069,8,0,37.69200114,-99.88825298,20057.0,6154.258008864034,0.3866602223296278,2061,2055,8,0,2047,2055,33888,14,0,0,14,0
2020-08-07,US,Kansas,Franklin,178,1,0,38.56443815,-95.28644341,20059.0,696.8368305668649,0.5617977528089888,177,172,1,0,171,172,25631,6,0,0,6,0
2020-08-07,US,Kansas,Geary,135,2,0,38.99871131,-96.7577178,20061.0,426.27091885064726,1.4814814814814814,133,134,2,0,132,130,32594,1,0,0,1,4
2020-08-07,US,Kansas,Gove,6,0,0,38.91588178,-100.4829321,20063.0,227.6176024279211,0.0,6,6,0,0,6,6,2612,0,0,0,0,0
2020-08-07,US,Kansas,Graham,16,0,0,39.34987223,-99.88332493,20065.0,644.64141821112,0.0,16,16,0,0,16,16,2492,0,0,0,0,0
2020-08-07,US,Kansas,Grant,106,2,0,37.56227336,-101.3079758,20067.0,1482.5174825174827,1.8867924528301887,104,101,2,0,99,97,7336,5,0,0,5,4
2020-08-07,US,Kansas,Gray,77,0,0,37.73836671,-100.4369088,20069.0,1285.9051436205746,0.0,77,77,0,0,77,77,6033,0,0,0,0,0
2020-08-07,US,Kansas,Greeley,4,0,0,38.4808095,-101.8061079,20071.0,324.67532467532465,0.0,4,3,0,0,3,3,1227,1,0,0,1,0
2020-08-07,US,Kansas,Greenwood,20,0,0,37.8774388,-96.23250453,20073.0,334.33634236041456,0.0,20,20,0,0,20,20,6055,0,0,0,0,0
2020-08-07,US,Kansas,Hamilton,37,0,0,37.99978709,-101.7921066,20075.0,1457.26664040961,0.0,37,37,0,0,37,37,2607,0,0,0,0,0
2020-08-07,US,Kansas,Harper,10,0,0,37.19175361,-98.07578384,20077.0,183.9587932303164,0.0,10,10,0,0,10,10,5506,0,0,0,0,0
2020-08-07,US,Kansas,Harvey,194,1,0,38.04293782,-97.42747573,20079.0,563.4784629236981,0.5154639175257731,193,181,1,0,180,169,34210,13,0,0,13,12
2020-08-07,US,Kansas,Haskell,44,0,0,37.562039399999996,-100.8710738,20081.0,1108.8709677419354,0.0,44,44,0,0,44,44,3997,0,0,0,0,0
2020-08-07,US,Kansas,Hodgeman,11,0,0,38.08780079,-99.89829881,20083.0,613.1549609810479,0.0,11,11,0,0,11,11,1818,0,0,0,0,0
2020-08-07,US,Kansas,Jackson,146,1,0,39.41673394,-95.79356799,20085.0,1108.4959380457062,0.6849315068493149,145,146,1,0,145,146,13280,0,0,0,0,0
2020-08-07,US,Kansas,Jefferson,76,0,0,39.2347941,-95.38289232,20087.0,399.09678096938507,0.0,76,75,0,0,75,75,18975,1,0,0,1,0
2020-08-07,US,Kansas,Jewell,11,0,0,39.78470589,-98.21820662,20089.0,382.07711010767633,0.0,11,10,0,0,10,10,2841,1,0,0,1,0
2020-08-07,US,Kansas,Johnson,5522,102,0,38.88548175,-94.82250877,20091.0,916.665144978179,1.8471568272365084,5420,5439,102,0,5337,5320,597555,83,0,0,83,119
2020-08-07,US,Kansas,Kearny,59,1,0,38.00017981,-101.32168100000001,20093.0,1537.2589890568006,1.6949152542372878,58,57,1,0,56,57,3943,2,0,0,2,0
2020-08-07,US,Kansas,Kingman,17,0,0,37.55909527,-98.13638678,20095.0,237.69574944071587,0.0,17,12,0,0,12,12,7310,5,0,0,5,0
2020-08-07,US,Kansas,Kiowa,7,0,0,37.55848695,-99.2856537,20097.0,282.8282828282828,0.0,7,7,0,0,7,7,2516,0,0,0,0,0
2020-08-07,US,Kansas,Labette,133,0,0,37.19113093,-95.29849679,20099.0,677.9488225099399,0.0,133,123,0,0,123,118,19964,10,0,0,10,5
2020-08-07,US,Kansas,Lane,5,0,0,38.48119447,-100.46607540000001,20101.0,325.73289902280135,0.0,5,5,0,0,5,5,1560,0,0,0,0,0
2020-08-07,US,Kansas,Leavenworth,1459,8,0,39.20183497,-95.03620809,20103.0,1784.5348467428266,0.5483207676490747,1451,1444,8,0,1436,1444,81352,15,0,0,15,0
2020-08-07,US,Kansas,Lincoln,6,0,0,39.04549684,-98.20756994,20105.0,202.56583389601624,0.0,6,6,0,0,6,6,3023,0,0,0,0,0
2020-08-07,US,Kansas,Linn,35,0,0,38.21267844,-94.84254089,20107.0,360.71318149026087,0.0,35,36,0,0,36,36,9750,-1,0,0,-1,0
2020-08-07,US,Kansas,Logan,2,0,0,38.91735806,-101.148475,20109.0,71.58196134574086,0.0,2,2,0,0,2,2,2844,0,0,0,0,0
2020-08-07,US,Kansas,Lyon,697,13,0,38.45576156,-96.15275715,20111.0,2099.7138123211325,1.865136298421808,684,686,13,0,673,680,33406,11,0,0,11,6
2020-08-07,US,Kansas,Marion,48,1,0,38.35855394,-97.09852509999999,20115.0,403.9044092898014,2.083333333333333,47,46,1,0,45,46,11950,2,0,0,2,0
2020-08-07,US,Kansas,Marshall,9,0,0,39.78359669,-96.52278974,20117.0,92.71659627073248,0.0,9,9,0,0,9,9,9722,0,0,0,0,0
2020-08-07,US,Kansas,McPherson,142,1,0,38.39184858,-97.64769869,20113.0,497.5124378109453,0.7042253521126759,141,137,1,0,136,137,28537,5,0,0,5,0
2020-08-07,US,Kansas,Meade,44,0,0,37.23859987,-100.36483100000001,20119.0,1090.9992561368708,0.0,44,42,0,0,42,42,4146,2,0,0,2,0
2020-08-07,US,Kansas,Miami,133,0,0,38.56383358,-94.83832189,20121.0,388.4686158249847,0.0,133,133,0,0,133,123,33680,0,0,0,0,10
2020-08-07,US,Kansas,Mitchell,27,0,0,39.39331582,-98.20906732,20123.0,451.58053186151534,0.0,27,27,0,0,27,27,6150,0,0,0,0,0
2020-08-07,US,Kansas,Montgomery,164,5,0,37.19236568,-95.74329258,20125.0,515.2533852775771,3.0487804878048776,159,162,5,0,157,162,32120,2,0,0,2,0
2020-08-07,US,Kansas,Morris,11,0,0,38.68827511,-96.65128437,20127.0,195.72953736654804,0.0,11,11,0,0,11,11,5521,0,0,0,0,0
2020-08-07,US,Kansas,Morton,9,2,0,37.19141121,-101.79925190000002,20129.0,347.89331271743333,22.222222222222218,7,9,2,0,7,9,2667,0,0,0,0,0
2020-08-07,US,Kansas,Nemaha,49,1,0,39.78345387,-96.01392079,20131.0,478.93656534063143,2.0408163265306123,48,48,1,0,47,48,10155,1,0,0,1,0
2020-08-07,US,Kansas,Neosho,58,0,0,37.55862897,-95.30670046,20133.0,362.3414756044231,0.0,58,56,0,0,56,56,15951,2,0,0,2,0
2020-08-07,US,Kansas,Ness,6,0,0,38.47974157,-99.91547333,20135.0,218.1818181818182,0.0,6,6,0,0,6,6,2840,0,0,0,0,0
2020-08-07,US,Kansas,Norton,23,0,0,39.78443827,-99.90286639,20137.0,429.0244357396009,0.0,23,23,0,0,23,23,5430,0,0,0,0,0
2020-08-07,US,Kansas,Osage,40,0,0,38.65235984,-95.72707998,20139.0,250.7994231613268,0.0,40,38,0,0,38,38,15941,2,0,0,2,0
2020-08-07,US,Kansas,Osborne,4,0,0,39.3503437,-98.76753828,20141.0,116.92487576731949,0.0,4,4,0,0,4,4,3475,0,0,0,0,0
2020-08-07,US,Kansas,Ottawa,34,0,0,39.13237408,-97.65020313,20143.0,596.0729312762974,0.0,34,32,0,0,32,32,5802,2,0,0,2,0
2020-08-07,US,Kansas,Pawnee,7,0,0,38.18108732,-99.23692334,20145.0,109.13626442157779,0.0,7,7,0,0,7,7,6562,0,0,0,0,0
2020-08-07,US,Kansas,Phillips,51,8,0,39.78465501,-99.34668865,20147.0,974.3981658387466,15.68627450980392,43,51,8,0,43,50,5317,0,0,0,0,1
2020-08-07,US,Kansas,Pottawatomie,107,0,0,39.37925655,-96.34564657,20149.0,438.8303326087848,0.0,107,106,0,0,106,106,24277,1,0,0,1,0
2020-08-07,US,Kansas,Pratt,33,0,0,37.64780729,-98.73922153,20151.0,360.10475774770845,0.0,33,33,0,0,33,33,9378,0,0,0,0,0
2020-08-07,US,Kansas,Reno,267,1,0,37.95230263,-98.08607292,20155.0,430.6590535178554,0.3745318352059925,266,247,1,0,246,241,62342,20,0,0,20,6
2020-08-07,US,Kansas,Republic,32,0,0,39.82799632,-97.65036709,20157.0,690.2502157031925,0.0,32,32,0,0,32,32,4664,0,0,0,0,0
2020-08-07,US,Kansas,Rice,37,0,0,38.34616184,-98.19992118,20159.0,387.962671699696,0.0,37,35,0,0,35,35,9531,2,0,0,2,0
2020-08-07,US,Kansas,Riley,477,5,0,39.28935726,-96.73420026,20161.0,642.5800193986421,1.0482180293501049,472,465,5,0,460,465,73703,12,0,0,12,0
2020-08-07,US,Kansas,Rooks,17,0,0,39.35022773,-99.32484567,20163.0,345.5284552845528,0.0,17,16,0,0,16,16,5013,1,0,0,1,0
2020-08-07,US,Kansas,Rush,6,0,0,38.52275276,-99.30863983,20165.0,197.6284584980237,0.0,6,6,0,0,6,6,3093,0,0,0,0,0
2020-08-07,US,Kansas,Russell,13,0,0,38.91462787,-98.76254297,20167.0,189.6149358226371,0.0,13,13,0,0,13,13,6907,0,0,0,0,0
2020-08-07,US,Kansas,Saline,372,5,0,38.78369175,-97.65185177,20169.0,686.0430805547359,1.3440860215053765,367,362,5,0,357,362,54401,10,0,0,10,0
2020-08-07,US,Kansas,Scott,34,0,0,38.48222076,-100.90665390000001,20171.0,704.955421936554,0.0,34,34,0,0,34,34,4897,0,0,0,0,0
2020-08-07,US,Kansas,Sedgwick,4716,44,0,37.6842718,-97.4608198,20173.0,913.8791028637204,0.9329940627650553,4672,4603,44,0,4559,4540,513607,113,0,0,113,63
2020-08-07,US,Kansas,Seward,1220,4,0,37.19324632,-100.85072009999999,20175.0,5693.485159604256,0.3278688524590164,1216,1215,4,0,1211,1215,21780,5,0,0,5,0
2020-08-07,US,Kansas,Shawnee,1509,19,0,39.04100763,-95.75572640000001,20177.0,853.1448763250884,1.259111994698476,1490,1494,19,0,1475,1473,177499,15,0,0,15,21
2020-08-07,US,Kansas,Sheridan,7,0,0,39.35018161,-100.44182590000001,20179.0,277.66759222530743,0.0,7,7,0,0,7,7,2533,0,0,0,0,0
2020-08-07,US,Kansas,Sherman,15,0,0,39.35147699,-101.71976240000001,20181.0,253.50684468480648,0.0,15,15,0,0,15,15,5899,0,0,0,0,0
2020-08-07,US,Kansas,Smith,3,0,0,39.78516566,-98.78566062,20183.0,83.72871895060004,0.0,3,3,0,0,3,3,3603,0,0,0,0,0
2020-08-07,US,Kansas,Stafford,3,1,0,38.03100851,-98.71762001,20185.0,72.18479307025987,33.333333333333336,2,3,1,0,2,3,4178,0,0,0,0,0
2020-08-07,US,Kansas,Stanton,18,1,0,37.56304714,-101.78435340000001,20187.0,897.3080757726822,5.5555555555555545,17,16,1,0,15,16,1987,2,0,0,2,0
2020-08-07,US,Kansas,Stevens,46,0,0,37.1923008,-101.3118967,20189.0,838.6508659981769,0.0,46,45,0,0,45,45,5559,1,0,0,1,0
2020-08-07,US,Kansas,Sumner,99,3,0,37.23682549,-97.47721621,20191.0,433.5260115606936,3.0303030303030303,96,98,3,0,95,98,22996,1,0,0,1,0
2020-08-07,US,Kansas,Thomas,36,0,0,39.35107575,-101.0553705,20193.0,462.90343320046287,0.0,36,35,0,0,35,35,7711,1,0,0,1,0
2020-08-07,US,Kansas,Trego,6,1,0,38.91467218,-99.87284448,20195.0,214.05636817695327,16.666666666666668,5,5,1,0,4,5,2793,1,0,0,1,0
2020-08-07,US,Kansas,Unassigned,0,1,0,0.0,0.0,90020.0,0.0,0.0,-1,0,1,0,-1,0,,0,0,0,0,0
2020-08-07,US,Kansas,Wabaunsee,42,0,0,38.95471985,-96.20350509,20197.0,605.9731640455923,0.0,42,42,0,0,42,42,6899,0,0,0,0,0
2020-08-07,US,Kansas,Washington,1,0,0,39.78420784,-97.08753229999999,20201.0,18.49796522382538,0.0,1,3,0,0,3,3,5420,-2,0,0,-2,0
2020-08-07,US,Kansas,Wichita,4,0,0,38.48178252,-101.3471509,20203.0,188.76828692779614,0.0,4,4,0,0,4,4,2105,0,0,0,0,0
2020-08-07,US,Kansas,Wilson,11,0,0,37.55937174,-95.74323255,20205.0,129.03225806451613,0.0,11,10,0,0,10,10,8665,1,0,0,1,0
2020-08-07,US,Kansas,Woodson,11,0,0,37.8865336,-95.74006277,20207.0,350.54174633524536,0.0,11,11,0,0,11,11,3183,0,0,0,0,0
2020-08-07,US,Kansas,Wyandotte,4810,99,0,39.11727348,-94.76378225,20209.0,2907.591776532531,2.0582120582120584,4711,4740,98,0,4642,4674,165324,70,1,0,69,66
2020-08-07,US,Kentucky,Adair,204,19,0,37.10459774,-85.28129668,21001.0,1062.3893344443288,9.31372549019608,185,205,19,0,186,204,19215,-1,0,0,-1,1
2020-08-07,US,Kentucky,Allen,224,8,0,36.75197631,-86.19457544,21003.0,1050.9031198686368,3.571428571428572,216,224,8,0,216,220,21122,0,0,0,0,4
2020-08-07,US,Kentucky,Anderson,82,1,0,38.00671029,-84.99171713,21005.0,360.48709719963074,1.2195121951219512,81,81,1,0,80,80,22663,1,0,0,1,1
2020-08-07,US,Kentucky,Ballard,33,0,0,37.05842757,-88.99427697,21007.0,418.3569979716024,0.0,33,32,0,0,32,31,7979,1,0,0,1,1
2020-08-07,US,Kentucky,Barren,360,2,0,36.96469836,-85.93338945,21009.0,813.5777079708017,0.5555555555555556,358,355,2,0,353,352,44176,5,0,0,5,3
2020-08-07,US,Kentucky,Bath,37,1,0,38.14735938,-83.74588932,21011.0,296.0,2.702702702702702,36,36,1,0,35,36,12383,1,0,0,1,0
2020-08-07,US,Kentucky,Bell,303,3,0,36.73355174,-83.67766671,21013.0,1163.9520590043026,0.99009900990099,300,298,3,0,295,287,26569,5,0,0,5,11
2020-08-07,US,Kentucky,Boone,1076,24,0,38.97065142,-84.72615357,21015.0,805.5037767347153,2.2304832713754648,1052,1062,24,0,1038,1054,131533,14,0,0,14,8
2020-08-07,US,Kentucky,Bourbon,75,1,0,38.2054607,-84.21827874,21017.0,379.0175864160097,1.3333333333333333,74,75,1,0,74,73,20184,0,0,0,0,2
2020-08-07,US,Kentucky,Boyd,185,3,0,38.36176608,-82.68652187,21019.0,395.9929791515048,1.6216216216216215,182,184,3,0,181,182,47240,1,0,0,1,2
2020-08-07,US,Kentucky,Boyle,149,0,0,37.62680923,-84.8633779,21021.0,495.6753160345975,0.0,149,149,0,0,149,144,30100,0,0,0,0,5
2020-08-07,US,Kentucky,Bracken,30,0,0,38.69158994,-84.08532444,21023.0,361.3151872817054,0.0,30,30,0,0,30,30,8239,0,0,0,0,0
2020-08-07,US,Kentucky,Breathitt,28,0,0,37.52333168,-83.31959161,21025.0,221.6943784639746,0.0,28,28,0,0,28,28,12726,0,0,0,0,0
2020-08-07,US,Kentucky,Breckinridge,65,2,0,37.77377239,-86.42885017,21027.0,317.42931093421885,3.0769230769230766,63,57,2,0,55,55,20388,8,0,0,8,2
2020-08-07,US,Kentucky,Bullitt,348,5,0,37.97162523,-85.68955617,21029.0,426.0737548361821,1.4367816091954022,343,333,4,0,329,329,81069,15,1,0,14,4
2020-08-07,US,Kentucky,Butler,292,15,0,37.20946153,-86.68748787,21031.0,2267.256774594301,5.136986301369864,277,298,15,0,283,297,12772,-6,0,0,-6,1
2020-08-07,US,Kentucky,Caldwell,49,0,0,37.14749129,-87.86948214,21033.0,384.40417353102686,0.0,49,49,0,0,49,49,12715,0,0,0,0,0
2020-08-07,US,Kentucky,Calloway,220,4,0,36.62093411,-88.2731593,21035.0,564.0881003051204,1.818181818181818,216,217,4,0,213,202,39135,3,0,0,3,15
2020-08-07,US,Kentucky,Campbell,557,13,0,38.94384345,-84.37875208,21037.0,595.1872114891436,2.3339317773788157,544,551,13,0,538,548,93152,6,0,0,6,3
2020-08-07,US,Kentucky,Carlisle,42,1,0,36.85372876,-88.96692220000001,21039.0,882.3529411764706,2.380952380952381,41,36,1,0,35,33,4771,6,0,0,6,3
2020-08-07,US,Kentucky,Carroll,150,2,0,38.66599534,-85.12601074,21041.0,1410.9679239958612,1.3333333333333333,148,150,2,0,148,148,10737,0,0,0,0,2
2020-08-07,US,Kentucky,Carter,102,1,0,38.31690743,-83.05092385,21043.0,380.6396238384894,0.9803921568627452,101,101,1,0,100,99,27004,1,0,0,1,2
2020-08-07,US,Kentucky,Casey,162,10,0,37.32533118,-84.92726209,21045.0,1002.5372857231264,6.172839506172839,152,161,10,0,151,157,15888,1,0,0,1,4
2020-08-07,US,Kentucky,Christian,489,6,0,36.89267803,-87.49055367,21047.0,694.0009366883808,1.2269938650306749,483,481,6,0,475,481,71671,8,0,0,8,0
2020-08-07,US,Kentucky,Clark,164,7,0,37.9689263,-84.14615986,21049.0,452.25160632049204,4.2682926829268295,157,168,7,0,161,168,36249,-4,0,0,-4,0
2020-08-07,US,Kentucky,Clay,149,5,0,37.16451126,-83.712575,21051.0,748.7060951710968,3.355704697986577,144,148,5,0,143,145,20105,1,0,0,1,3
2020-08-07,US,Kentucky,Clinton,28,0,0,36.72581156,-85.13377529,21053.0,274.0262282247015,0.0,28,28,0,0,28,27,10206,0,0,0,0,1
2020-08-07,US,Kentucky,Crittenden,29,1,0,37.35839237,-88.08826090000002,21055.0,329.3209175562117,3.4482758620689653,28,28,1,0,27,26,8915,1,0,0,1,2
2020-08-07,US,Kentucky,Cumberland,46,0,0,36.78926125,-85.39050034,21057.0,695.4944058058662,0.0,46,46,0,0,46,40,6659,0,0,0,0,6
2020-08-07,US,Kentucky,Daviess,750,9,0,37.73028906,-87.09019479999998,21059.0,738.8361852410083,1.2,741,740,8,0,732,735,101104,10,1,0,9,5
2020-08-07,US,Kentucky,Edmonson,100,12,0,37.21218923,-86.23955613,21061.0,823.0452674897119,12.0,88,99,12,0,87,96,12274,1,0,0,1,3
2020-08-07,US,Kentucky,Elliott,8,0,0,38.11624059,-83.09771563,21063.0,106.42543567912732,0.0,8,8,0,0,8,8,7508,0,0,0,0,0
2020-08-07,US,Kentucky,Estill,18,0,0,37.69241417,-83.95956369,21065.0,127.60527435133986,0.0,18,18,0,0,18,18,14198,0,0,0,0,0
2020-08-07,US,Kentucky,Fayette,2984,47,0,38.0368225,-84.45576892,21067.0,923.4044660098033,1.5750670241286864,2937,2943,47,0,2896,2910,323780,41,0,0,41,33
2020-08-07,US,Kentucky,Fleming,58,0,0,38.36758311,-83.69657514,21069.0,397.777930183115,0.0,58,58,0,0,58,57,14432,0,0,0,0,1
2020-08-07,US,Kentucky,Floyd,94,2,0,37.56213922,-82.74750924,21071.0,264.1265559583017,2.127659574468085,92,93,2,0,91,89,35845,1,0,0,1,4
2020-08-07,US,Kentucky,Franklin,291,7,0,38.2379395,-84.87962551,21073.0,570.6889451079603,2.405498281786941,284,278,7,0,271,269,50815,13,0,0,13,9
2020-08-07,US,Kentucky,Fulton,75,1,0,36.55238827,-89.20140068,21075.0,1256.491874685877,1.3333333333333333,74,71,1,0,70,69,6120,4,0,0,4,2
2020-08-07,US,Kentucky,Gallatin,79,7,0,38.75398691,-84.8558382,21077.0,890.7430375465103,8.860759493670884,72,80,8,0,72,79,8832,-1,-1,0,0,1
2020-08-07,US,Kentucky,Garrard,74,0,0,37.6388668,-84.53289319,21079.0,418.8837314615647,0.0,74,71,0,0,71,71,17560,3,0,0,3,0
2020-08-07,US,Kentucky,Grant,112,5,0,38.64962758,-84.62415957,21081.0,446.7669232917149,4.464285714285714,107,107,5,0,102,107,25121,5,0,0,5,0
2020-08-07,US,Kentucky,Graves,541,24,0,36.72292505,-88.65143315,21083.0,1451.7254333709009,4.436229205175602,517,534,23,0,511,525,37317,7,1,0,6,9
2020-08-07,US,Kentucky,Grayson,194,11,0,37.46231118,-86.34248968,21085.0,734.0977031066712,5.6701030927835046,183,192,11,0,181,187,26321,2,0,0,2,5
2020-08-07,US,Kentucky,Green,31,2,0,37.26484328,-85.5540745,21087.0,283.33790329951563,6.451612903225807,29,31,2,0,29,31,11049,0,0,0,0,0
2020-08-07,US,Kentucky,Greenup,106,1,0,38.54332505,-82.9215658,21089.0,302.01151062738614,0.9433962264150944,105,103,1,0,102,102,35268,3,0,0,3,1
2020-08-07,US,Kentucky,Hancock,50,0,0,37.83766422,-86.78280584,21091.0,573.2630130703967,0.0,50,49,0,0,49,49,8758,1,0,0,1,0
2020-08-07,US,Kentucky,Hardin,576,8,0,37.6976111,-85.96319251,21093.0,519.115340939815,1.3888888888888888,568,566,8,0,558,553,110356,10,0,0,10,13
2020-08-07,US,Kentucky,Harlan,223,3,0,36.85699301,-83.21899516,21095.0,857.362552864283,1.345291479820628,220,219,3,0,216,214,26409,4,0,0,4,5
2020-08-07,US,Kentucky,Harrison,119,0,0,38.44188174,-84.32869741,21097.0,630.0963676797627,0.0,119,119,0,0,119,117,18778,0,0,0,0,2
2020-08-07,US,Kentucky,Hart,93,0,0,37.29943898,-85.88461055,21099.0,488.57368006304176,0.0,93,88,0,0,88,88,18906,5,0,0,5,0
2020-08-07,US,Kentucky,Henderson,337,3,0,37.79344553,-87.57392021,21101.0,745.4103074541031,0.8902077151335311,334,334,4,0,330,330,45591,3,-1,0,4,4
2020-08-07,US,Kentucky,Henry,119,2,0,38.44942688,-85.11587507,21103.0,737.9387324817067,1.680672268907563,117,110,2,0,108,105,16106,9,0,0,9,5
2020-08-07,US,Kentucky,Hickman,41,0,0,36.67948079999999,-88.97875928,21105.0,936.0730593607306,0.0,41,39,0,0,39,37,4421,2,0,0,2,2
2020-08-07,US,Kentucky,Hopkins,416,33,0,37.30939025,-87.54670406,21107.0,930.9403392561427,7.9326923076923075,383,416,33,0,383,414,45068,0,0,0,0,2
2020-08-07,US,Kentucky,Jackson,149,14,0,37.41866422,-83.99825483,21109.0,1117.8633055743117,9.395973154362416,135,145,14,0,131,143,13442,4,0,0,4,2
2020-08-07,US,Kentucky,Jefferson,7823,237,0,38.18664655,-85.65931031,21111.0,1020.2710897976804,3.0295283139460567,7586,7666,237,0,7429,7518,770517,157,0,0,157,148
2020-08-07,US,Kentucky,Jessamine,337,0,0,37.87119786,-84.58252003,21113.0,622.7478517970987,0.0,337,325,0,0,325,318,53920,12,0,0,12,7
2020-08-07,US,Kentucky,Johnson,48,0,0,37.85106355,-82.8264322,21115.0,216.3331530557058,0.0,48,46,0,0,46,43,22386,2,0,0,2,3
2020-08-07,US,Kentucky,Kenton,1378,40,0,38.93950319,-84.53241199,21117.0,825.159582749494,2.902757619738752,1338,1369,39,0,1330,1362,166051,9,1,0,8,7
2020-08-07,US,Kentucky,Knott,49,1,0,37.35388197,-82.94981134,21119.0,330.946913413481,2.0408163265306123,48,49,1,0,48,48,15126,0,0,0,0,1
2020-08-07,US,Kentucky,Knox,232,8,0,36.89225732,-83.85403396,21121.0,744.9028736554824,3.4482758620689653,224,228,8,0,220,222,31304,4,0,0,4,6
2020-08-07,US,Kentucky,Larue,54,1,0,37.54567114,-85.70138352,21123.0,375.05209056813453,1.851851851851852,53,53,1,0,52,52,14307,1,0,0,1,1
2020-08-07,US,Kentucky,Laurel,419,5,0,37.10975748,-84.11321779,21125.0,688.9974183151628,1.1933174224343674,414,406,4,0,402,397,60669,13,1,0,12,9
2020-08-07,US,Kentucky,Lawrence,36,0,0,38.07136018,-82.72882223,21127.0,235.03296990272247,0.0,36,36,0,0,36,36,15571,0,0,0,0,0
2020-08-07,US,Kentucky,Lee,6,0,0,37.59645942,-83.71513901,21129.0,81.04822369309741,0.0,6,5,0,0,5,5,7033,1,0,0,1,0
2020-08-07,US,Kentucky,Leslie,28,0,0,37.09246661,-83.37999606,21131.0,283.48688873139616,0.0,28,28,0,0,28,28,10143,0,0,0,0,0
2020-08-07,US,Kentucky,Letcher,58,0,0,37.12306748,-82.85346474,21133.0,269.1040690391129,0.0,58,56,0,0,56,53,21899,2,0,0,2,3
2020-08-07,US,Kentucky,Lewis,38,0,0,38.53184419,-83.37735618,21135.0,286.2523540489642,0.0,38,37,0,0,37,37,13257,1,0,0,1,0
2020-08-07,US,Kentucky,Lincoln,101,1,0,37.45475628,-84.6565327,21137.0,411.4220538514807,0.99009900990099,100,100,1,0,99,99,24644,1,0,0,1,1
2020-08-07,US,Kentucky,Livingston,33,1,0,37.21137452,-88.34797529,21139.0,358.9297367848597,3.0303030303030303,32,33,1,0,32,33,9242,0,0,0,0,0
2020-08-07,US,Kentucky,Logan,320,23,0,36.85949479,-86.877635,21141.0,1180.724669766069,7.1875,297,315,23,0,292,310,26989,5,0,0,5,5
2020-08-07,US,Kentucky,Lyon,34,4,0,37.02080035,-88.07886257,21143.0,414.12911084043856,11.764705882352944,30,33,4,0,29,32,8009,1,0,0,1,1
2020-08-07,US,Kentucky,Madison,456,1,0,37.71659336,-84.27220275,21151.0,490.3911299428953,0.21929824561403508,455,444,1,0,443,426,92368,12,0,0,12,18
2020-08-07,US,Kentucky,Magoffin,34,0,0,37.70820545,-83.0657714,21153.0,279.58227119480307,0.0,34,34,0,0,34,31,12362,0,0,0,0,3
2020-08-07,US,Kentucky,Marion,120,0,0,37.55218078,-85.26898542,21155.0,622.6326985938878,0.0,120,119,0,0,119,117,19404,1,0,0,1,2
2020-08-07,US,Kentucky,Marshall,137,2,0,36.88007070000001,-88.32803576,21157.0,440.51446945337614,1.45985401459854,135,131,2,0,129,128,31191,6,0,0,6,3
2020-08-07,US,Kentucky,Martin,35,0,0,37.79990579,-82.51247478,21159.0,312.63957123715943,0.0,35,34,0,0,34,33,11323,1,0,0,1,1
2020-08-07,US,Kentucky,Mason,53,1,0,38.59471935,-83.82151043,21161.0,310.48623315758635,1.8867924528301887,52,53,1,0,52,53,17150,0,0,0,0,0
2020-08-07,US,Kentucky,McCracken,365,4,0,37.05350953,-88.70445755,21145.0,557.9504112018099,1.095890410958904,361,355,4,0,351,348,65346,10,0,0,10,7
2020-08-07,US,Kentucky,McCreary,37,0,0,36.73874143,-84.48102924,21147.0,214.72926701874528,0.0,37,37,0,0,37,37,17408,0,0,0,0,0
2020-08-07,US,Kentucky,McLean,42,1,0,37.5301951,-87.26803443,21149.0,456.1746497230368,2.380952380952381,41,43,1,0,42,41,9252,-1,0,0,-1,2
2020-08-07,US,Kentucky,Meade,100,2,0,37.96163597,-86.21028219,21163.0,349.99300013999715,2.0,98,93,2,0,91,91,28715,7,0,0,7,2
2020-08-07,US,Kentucky,Menifee,28,0,0,37.94090733,-83.59985712,21165.0,431.4994606256742,0.0,28,29,0,0,29,29,6451,-1,0,0,-1,0
2020-08-07,US,Kentucky,Mercer,81,0,0,37.81474237,-84.87488475,21167.0,369.3065244152647,0.0,81,80,0,0,80,80,21774,1,0,0,1,0
2020-08-07,US,Kentucky,Metcalfe,57,2,0,36.99459295,-85.63123699,21169.0,565.9815311289842,3.5087719298245608,55,57,2,0,55,56,10030,0,0,0,0,1
2020-08-07,US,Kentucky,Monroe,93,2,0,36.71225341,-85.71596443,21171.0,873.2394366197183,2.150537634408602,91,93,2,0,91,90,10718,0,0,0,0,3
2020-08-07,US,Kentucky,Montgomery,120,0,0,38.03253032,-83.9145241,21173.0,426.1817665234223,0.0,120,116,0,0,116,115,28203,4,0,0,4,1
2020-08-07,US,Kentucky,Morgan,32,0,0,37.92465657,-83.25558245,21175.0,240.43880081148086,0.0,32,30,0,0,30,30,13345,2,0,0,2,0
2020-08-07,US,Kentucky,Muhlenberg,619,10,0,37.21425819,-87.14632053,21177.0,2021.4225066945328,1.615508885298869,609,622,10,0,612,622,30774,-3,0,0,-3,0
2020-08-07,US,Kentucky,Nelson,207,2,0,37.80335779,-85.4657193,21179.0,447.7321393809617,0.966183574879227,205,205,2,0,203,203,45851,2,0,0,2,2
2020-08-07,US,Kentucky,Nicholas,20,0,0,38.33342292,-84.01889177,21181.0,275.14100976750586,0.0,20,20,0,0,20,20,7166,0,0,0,0,0
2020-08-07,US,Kentucky,Ohio,353,8,0,37.47751843,-86.85368087,21183.0,1471.2011336167375,2.26628895184136,345,345,8,0,337,344,24087,8,0,0,8,1
2020-08-07,US,Kentucky,Oldham,612,15,0,38.39791089,-85.448222,21185.0,916.1813799607776,2.4509803921568634,597,596,14,0,582,586,66470,16,1,0,15,10
2020-08-07,US,Kentucky,Owen,46,0,0,38.51679143,-84.82404619,21187.0,421.97963489588113,0.0,46,44,0,0,44,43,10880,2,0,0,2,1
2020-08-07,US,Kentucky,Owsley,13,0,0,37.42823949,-83.68811419,21189.0,294.4507361268403,0.0,13,12,0,0,12,12,4472,1,0,0,1,0
2020-08-07,US,Kentucky,Pendleton,45,0,0,38.69607718,-84.35599463,21191.0,308.43043180260446,0.0,45,43,0,0,43,41,14529,2,0,0,2,2
2020-08-07,US,Kentucky,Perry,213,3,0,37.25023553,-83.22922731,21193.0,826.927556487305,1.4084507042253518,210,203,3,0,200,200,26092,10,0,0,10,3
2020-08-07,US,Kentucky,Pike,233,3,0,37.47088263,-82.39487445,21195.0,402.5848365471007,1.2875536480686696,230,233,3,0,230,233,58402,0,0,0,0,0
2020-08-07,US,Kentucky,Powell,53,0,0,37.83218794,-83.82553961,21197.0,428.837284569949,0.0,53,51,0,0,51,50,12442,2,0,0,2,1
2020-08-07,US,Kentucky,Pulaski,268,3,0,37.10466131,-84.57629079,21199.0,412.4409424583327,1.1194029850746268,265,268,2,0,266,263,64623,0,1,0,-1,5
2020-08-07,US,Kentucky,Robertson,3,0,0,38.51923469,-84.05055616,21201.0,142.31499051233396,0.0,3,3,0,0,3,3,2135,0,0,0,0,0
2020-08-07,US,Kentucky,Rockcastle,65,0,0,37.36642393,-84.31176452,21203.0,389.3381251871818,0.0,65,62,0,0,62,61,16750,3,0,0,3,1
2020-08-07,US,Kentucky,Rowan,70,0,0,38.19484205,-83.42088935,21205.0,286.18152085036814,0.0,70,69,0,0,69,69,24583,1,0,0,1,0
2020-08-07,US,Kentucky,Russell,102,5,0,36.99308373,-85.06070117,21207.0,569.1011549405791,4.901960784313727,97,101,5,0,96,100,17821,1,0,0,1,1
2020-08-07,US,Kentucky,Scott,362,0,0,38.29622293,-84.5816631,21209.0,635.0431548663253,0.0,362,356,0,0,356,356,56031,6,0,0,6,0
2020-08-07,US,Kentucky,Shelby,740,21,0,38.21476019,-85.194223,21211.0,1509.4647519582245,2.8378378378378377,719,732,22,0,710,725,48518,8,-1,0,9,7
2020-08-07,US,Kentucky,Simpson,147,7,0,36.74058474,-86.58047435,21213.0,791.5141072582383,4.761904761904762,140,146,7,0,139,145,18529,1,0,0,1,1
2020-08-07,US,Kentucky,Spencer,111,0,0,38.03223971,-85.32749335,21215.0,573.6137667304015,0.0,111,112,0,0,112,110,18794,-1,0,0,-1,2
2020-08-07,US,Kentucky,Taylor,107,2,0,37.3677562,-85.3329931,21217.0,415.22759905312586,1.8691588785046729,105,106,2,0,104,105,25549,1,0,0,1,1
2020-08-07,US,Kentucky,Todd,34,0,0,36.8381152,-87.17878374,21219.0,276.55767040832933,0.0,34,34,0,0,34,34,12311,0,0,0,0,0
2020-08-07,US,Kentucky,Trigg,55,0,0,36.80767017,-87.87333656,21221.0,375.40099651900886,0.0,55,54,0,0,54,53,14643,1,0,0,1,1
2020-08-07,US,Kentucky,Trimble,33,0,0,38.61056487,-85.33775972,21223.0,389.564396175186,0.0,33,33,0,0,33,32,8515,0,0,0,0,1
2020-08-07,US,Kentucky,Union,65,0,0,37.66166713,-87.94300009,21225.0,451.9852583269591,0.0,65,62,0,0,62,58,14505,3,0,0,3,4
2020-08-07,US,Kentucky,Warren,2580,22,0,36.99903045,-86.42672751,21227.0,1941.3676860101127,0.8527131782945736,2558,2556,22,0,2534,2537,131264,24,0,0,24,19
2020-08-07,US,Kentucky,Washington,76,0,0,37.75599461,-85.17407732,21229.0,628.358825961141,0.0,76,72,0,0,72,66,12084,4,0,0,4,6
2020-08-07,US,Kentucky,Wayne,53,0,0,36.80310688,-84.8251971,21231.0,260.6600108198495,0.0,53,53,0,0,53,53,20468,0,0,0,0,0
2020-08-07,US,Kentucky,Webster,88,1,0,37.52168356,-87.67989953,21233.0,679.9567300262711,1.1363636363636365,87,84,1,0,83,83,13111,4,0,0,4,1
2020-08-07,US,Kentucky,Whitley,161,1,0,36.75700531,-84.14541217,21235.0,443.9664681226561,0.6211180124223602,160,162,1,0,161,155,36242,-1,0,0,-1,7
2020-08-07,US,Kentucky,Wolfe,13,0,0,37.73941626,-83.49303612,21237.0,181.64035210283646,0.0,13,12,0,0,12,11,7177,1,0,0,1,1
2020-08-07,US,Kentucky,Woodford,149,0,0,38.04178222,-84.7417556,21239.0,557.3427096581132,0.0,149,148,0,0,148,142,26533,1,0,0,1,6
2020-08-07,US,Louisiana,Acadia,2570,79,0,30.2950649,-92.41419698,22001.0,4142.154887581594,3.0739299610894943,2491,2555,79,0,2476,2536,62190,15,0,0,15,19
2020-08-07,US,Louisiana,Allen,1245,29,0,30.65385745,-92.82442028,22003.0,4858.1574121044205,2.3293172690763053,1216,1232,28,0,1204,1219,25605,13,1,0,12,13
2020-08-07,US,Louisiana,Ascension,2798,71,0,30.20406249,-90.91328409999998,22005.0,2210.040757006098,2.5375268048606148,2727,2768,71,0,2697,2725,124672,30,0,0,30,43
2020-08-07,US,Louisiana,Assumption,577,20,0,29.89946234,-91.06461642,22007.0,2635.786396235896,3.466204506065858,557,569,20,0,549,561,22300,8,0,0,8,8
2020-08-07,US,Louisiana,Avoyelles,1021,31,0,31.07796211,-92.00079449,22009.0,2543.343961737744,3.036238981390793,990,1002,29,0,973,987,40462,19,2,0,17,15
2020-08-07,US,Louisiana,Beauregard,819,17,0,30.64836518,-93.34173616,22011.0,2184.1747339787185,2.075702075702076,802,814,17,0,797,800,37253,5,0,0,5,14
2020-08-07,US,Louisiana,Bienville,364,30,0,32.34569994,-93.05398492,22013.0,2749.037081791405,8.241758241758241,334,362,30,0,332,359,13308,2,0,0,2,3
2020-08-07,US,Louisiana,Bossier,2311,79,0,32.67932307,-93.60460152,22015.0,1819.1264100000787,3.4184335785374302,2232,2295,75,0,2220,2275,127185,16,4,0,12,20
2020-08-07,US,Louisiana,Caddo,6610,293,0,32.57991587,-93.88375652,22017.0,2751.8276131954503,4.432677760968231,6317,6566,289,0,6277,6516,242922,44,4,0,40,50
2020-08-07,US,Louisiana,Calcasieu,6752,146,0,30.22931235,-93.35400434,22019.0,3318.9799248903832,2.1623222748815167,6606,6695,130,0,6565,6641,203112,57,16,0,41,54
2020-08-07,US,Louisiana,Caldwell,212,2,0,32.0902519,-92.11752148,22021.0,2137.5277273643883,0.9433962264150944,210,207,2,0,205,203,9960,5,0,0,5,4
2020-08-07,US,Louisiana,Cameron,167,0,0,29.87592238,-93.19310676,22023.0,2394.951957550552,0.0,167,167,0,0,167,167,6968,0,0,0,0,0
2020-08-07,US,Louisiana,Catahoula,280,5,0,31.66778967,-91.84526385,22025.0,2949.2310933220983,1.7857142857142858,275,276,5,0,271,273,9608,4,0,0,4,3
2020-08-07,US,Louisiana,Claiborne,251,11,0,32.82308512,-92.99526883,22027.0,1601.7868538608807,4.382470119521912,240,241,11,0,230,237,15944,10,0,0,10,4
2020-08-07,US,Louisiana,Concordia,303,9,0,31.44817835,-91.63814433,22029.0,1573.290409678592,2.9702970297029703,294,300,9,0,291,298,19572,3,0,0,3,2
2020-08-07,US,Louisiana,De Soto,710,26,0,32.05457447,-93.74130302,22031.0,2585.2965808542403,3.661971830985916,684,705,26,0,679,696,27436,5,0,0,5,9
2020-08-07,US,Louisiana,East Baton Rouge,11946,344,0,30.53842039,-91.09777565,22033.0,2714.6359919919832,2.8796249790724935,11602,11736,338,0,11398,11590,440956,210,6,0,204,146
2020-08-07,US,Louisiana,East Carroll,518,1,0,32.73926954,-91.23425694,22035.0,7549.919836758491,0.19305019305019305,517,514,1,0,513,511,7037,4,0,0,4,3
2020-08-07,US,Louisiana,East Feliciana,567,36,0,30.84425359,-91.04976723,22037.0,2963.1565194669456,6.349206349206349,531,550,35,0,515,542,19305,17,1,0,16,8
2020-08-07,US,Louisiana,Evangeline,861,4,0,30.72985248,-92.39915924,22039.0,2578.2302739931133,0.4645760743321719,857,835,3,0,832,817,33443,26,1,0,25,18
2020-08-07,US,Louisiana,Franklin,896,17,0,32.13675181,-91.67589857,22041.0,4476.642518111416,1.8973214285714288,879,875,17,0,858,860,20156,21,0,0,21,15
2020-08-07,US,Louisiana,Grant,298,16,0,31.59882456,-92.56124347,22043.0,1331.0107642145695,5.369127516778524,282,292,16,0,276,288,22482,6,0,0,6,4
2020-08-07,US,Louisiana,Iberia,2450,70,0,29.86803617,-91.75871777,22045.0,3508.5206931118432,2.8571428571428568,2380,2436,70,0,2366,2412,70941,14,0,0,14,24
2020-08-07,US,Louisiana,Iberville,1219,47,0,30.25734305,-91.3499598,22047.0,3749.5001691735106,3.855619360131255,1172,1191,47,0,1144,1184,32721,28,0,0,28,7
2020-08-07,US,Louisiana,Jackson,368,18,0,32.30251776,-92.55692092,22049.0,2337.39837398374,4.891304347826087,350,368,18,0,350,366,15902,0,0,0,0,2
2020-08-07,US,Louisiana,Jefferson,15103,523,0,29.74075478,-90.11115756,22051.0,3492.079640595339,3.4628881679136594,14580,15002,521,0,14481,14914,434051,101,2,0,99,88
2020-08-07,US,Louisiana,Jefferson Davis,1005,26,0,30.26896765,-92.81210004,22053.0,3203.902065799541,2.587064676616916,979,996,26,0,970,983,31582,9,0,0,9,13
2020-08-07,US,Louisiana,LaSalle,283,2,0,31.67884782,-92.15907765,22059.0,1900.3491807681976,0.7067137809187279,281,268,2,0,266,259,14917,15,0,0,15,9
2020-08-07,US,Louisiana,Lafayette,7468,91,0,30.2049055,-92.06959876,22055.0,3055.771512746021,1.2185324049276915,7377,7424,91,0,7333,7344,242782,44,0,0,44,80
2020-08-07,US,Louisiana,Lafourche,2759,97,0,29.52470226,-90.40976986,22057.0,2826.4388304956256,3.5157665820949617,2662,2719,96,0,2623,2684,98115,40,1,0,39,35
2020-08-07,US,Louisiana,Lincoln,766,29,0,32.6003154,-92.6659741,22061.0,1638.7831072696933,3.785900783289817,737,754,28,0,726,744,47196,12,1,0,11,10
2020-08-07,US,Louisiana,Livingston,2845,51,0,30.44143993,-90.73061664,22063.0,2020.754462351462,1.7926186291739894,2794,2800,50,0,2750,2754,139567,45,1,0,44,46
2020-08-07,US,Louisiana,Madison,609,6,0,32.36918118,-91.23973355,22065.0,5561.13596931787,0.9852216748768472,603,601,6,0,595,596,11161,8,0,0,8,5
2020-08-07,US,Louisiana,Morehouse,494,11,0,32.81686191,-91.80421614,22067.0,1986.0094878186057,2.2267206477732797,483,479,11,0,468,467,25398,15,0,0,15,12
2020-08-07,US,Louisiana,Natchitoches,761,17,0,31.72321584,-93.09816516,22069.0,1994.33932596048,2.2339027595269383,744,747,17,0,730,737,38659,14,0,0,14,10
2020-08-07,US,Louisiana,Orleans,10637,562,0,30.06971951,-89.92660315,22071.0,2726.429215879265,5.28344458023879,10075,10573,561,0,10012,10526,391006,64,1,0,63,47
2020-08-07,US,Louisiana,Ouachita,4787,111,0,32.47645559,-92.15704172,22073.0,3123.063172384997,2.3187800292458745,4676,4709,109,0,4600,4644,154475,78,2,0,76,65
2020-08-07,US,Louisiana,Plaquemines,451,19,0,29.42245447,-89.60322085,22075.0,1944.21692460232,4.212860310421286,432,432,19,0,413,430,23410,19,0,0,19,2
2020-08-07,US,Louisiana,Pointe Coupee,780,32,0,30.71409502,-91.60209535,22077.0,3589.507593189139,4.102564102564102,748,769,32,0,737,762,21940,11,0,0,11,7
2020-08-07,US,Louisiana,Rapides,3223,114,0,31.19778499,-92.52997303,22079.0,2485.961989386647,3.537077257213776,3109,3194,112,0,3082,3155,130562,29,2,0,27,39
2020-08-07,US,Louisiana,Red River,212,11,0,32.09530039,-93.34213308,22081.0,2511.2532575219143,5.188679245283018,201,211,11,0,200,209,8477,1,0,0,1,2
2020-08-07,US,Louisiana,Richland,586,7,0,32.41391005,-91.76634876,22083.0,2912.2353642779053,1.1945392491467577,579,577,7,0,570,560,20192,9,0,0,9,17
2020-08-07,US,Louisiana,Sabine,622,10,0,31.56388699,-93.55433981,22085.0,2604.2538938201305,1.6077170418006432,612,611,10,0,601,605,24032,11,0,0,11,6
2020-08-07,US,Louisiana,St. Bernard,1091,24,0,29.87761636,-89.51887093,22087.0,2309.287951909237,2.1998166819431715,1067,1081,24,0,1057,1067,46721,10,0,0,10,14
2020-08-07,US,Louisiana,St. Charles,1442,51,0,29.90709658,-90.35555967,22089.0,2715.6308851224107,3.5367545076282942,1391,1424,51,0,1373,1419,52879,18,0,0,18,5
2020-08-07,US,Louisiana,St. Helena,258,1,0,30.82210324,-90.71013176,22091.0,2546.3876825898146,0.3875968992248062,257,253,1,0,252,251,10262,5,0,0,5,2
2020-08-07,US,Louisiana,St. James,693,32,0,30.02531716,-90.80212061,22093.0,3284.982935153584,4.617604617604617,661,681,32,0,649,674,21037,12,0,0,12,7
2020-08-07,US,Louisiana,St. John the Baptist,1403,92,0,30.12597499,-90.4753503,22095.0,3275.2060134930084,6.557377049180328,1311,1399,91,0,1308,1386,43184,4,1,0,3,13
2020-08-07,US,Louisiana,St. Landry,2631,85,0,30.59724262,-92.00135806,22097.0,3203.691977984511,3.2307107563664013,2546,2583,83,0,2500,2556,82764,48,2,0,46,27
2020-08-07,US,Louisiana,St. Martin,1616,43,0,30.13112107,-91.61403569,22099.0,3024.4614549606035,2.6608910891089113,1573,1609,43,0,1566,1590,53621,7,0,0,7,19
2020-08-07,US,Louisiana,St. Mary,1543,52,0,29.69262097,-91.44702164,22101.0,3126.7731215044178,3.370058327932598,1491,1527,51,0,1476,1511,49774,16,1,0,15,16
2020-08-07,US,Louisiana,St. Tammany,5086,211,0,30.40942847,-89.95642711,22103.0,1953.0065010617504,4.148643334644121,4875,4993,208,0,4785,4939,258111,93,3,0,90,54
2020-08-07,US,Louisiana,Tangipahoa,3397,72,0,30.62888673,-90.40664996,22105.0,2520.81509075528,2.1195172210774214,3325,3332,69,0,3263,3291,133777,65,3,0,62,41
2020-08-07,US,Louisiana,Tensas,70,0,0,32.00760749,-91.32915234,22107.0,1615.1361329026306,0.0,70,68,0,0,68,68,4462,2,0,0,2,0
2020-08-07,US,Louisiana,Terrebonne,2986,85,0,29.37343766,-90.82626855,22109.0,2703.216519857687,2.8466175485599465,2901,2941,84,0,2857,2899,111021,45,1,0,44,42
2020-08-07,US,Louisiana,Unassigned,213,118,0,0.0,0.0,90022.0,0.0,55.399061032863855,95,212,118,0,94,217,,1,0,0,1,-5
2020-08-07,US,Louisiana,Union,675,33,0,32.83121059,-92.3749373,22111.0,3053.1934141487245,4.888888888888889,642,669,33,0,636,652,22330,6,0,0,6,17
2020-08-07,US,Louisiana,Vermilion,1529,24,0,29.83517605,-92.30292538,22113.0,2569.2729075297,1.5696533682145193,1505,1513,22,0,1491,1493,59830,16,2,0,14,20
2020-08-07,US,Louisiana,Vernon,748,27,0,31.10884837,-93.18153838,22115.0,1577.0941828838895,3.609625668449198,721,739,25,0,714,733,48860,9,2,0,7,6
2020-08-07,US,Louisiana,Washington,1247,58,0,30.85288548,-90.03866652,22117.0,2699.4847815733647,4.651162790697675,1189,1235,58,0,1177,1220,46582,12,0,0,12,15
2020-08-07,US,Louisiana,Webster,868,14,0,32.70847669,-93.33121835,22119.0,2263.9540949400102,1.6129032258064515,854,861,14,0,847,855,38798,7,0,0,7,6
2020-08-07,US,Louisiana,West Baton Rouge,701,37,0,30.46058217,-91.30989571,22121.0,2648.781409408653,5.278174037089872,664,689,36,0,653,678,26427,12,1,0,11,11
2020-08-07,US,Louisiana,West Carroll,287,5,0,32.78550125,-91.461201,22123.0,2650.0461680517083,1.7421602787456445,282,277,5,0,272,275,10982,10,0,0,10,2
2020-08-07,US,Louisiana,West Feliciana,345,16,0,30.87882871,-91.4148538,22125.0,2216.0842754367936,4.63768115942029,329,333,16,0,317,332,15460,12,0,0,12,1
2020-08-07,US,Louisiana,Winn,413,7,0,31.94449367,-92.63789413,22127.0,2970.368239355581,1.6949152542372878,406,410,7,0,403,401,14134,3,0,0,3,9
2020-08-07,US,Maine,Androscoggin,558,7,0,44.1664747,-70.20380627,23001.0,515.3449024261847,1.254480286738351,551,548,7,0,541,549,107679,10,0,0,10,-1
2020-08-07,US,Maine,Aroostook,33,1,0,46.65926321,-68.59841248,23003.0,49.21333233912461,3.0303030303030303,32,33,1,0,32,32,67111,0,0,0,0,1
2020-08-07,US,Maine,Cumberland,2075,69,0,43.8370751,-70.37226999,23005.0,703.382677464297,3.3253012048192767,2006,2070,69,0,2001,2066,293557,5,0,0,5,4
2020-08-07,US,Maine,Franklin,45,1,0,44.97330019,-70.44381045,23007.0,149.01155667406206,2.2222222222222223,44,45,1,0,44,45,29897,0,0,0,0,0
2020-08-07,US,Maine,Hancock,35,1,0,44.59816444,-68.38401854,23009.0,63.65140851473985,2.8571428571428568,34,35,1,0,34,36,54811,0,0,0,0,-1
2020-08-07,US,Maine,Kennebec,170,11,0,44.40759555,-69.76738544,23011.0,139.00017988258574,6.470588235294117,159,169,11,0,158,169,122083,1,0,0,1,0
2020-08-07,US,Maine,Knox,27,1,0,44.11486325,-69.10529169,23013.0,67.88695564718898,3.703703703703704,26,27,1,0,26,27,39771,0,0,0,0,0
2020-08-07,US,Maine,Lincoln,34,1,0,44.05996956,-69.54227124,23015.0,98.16942888491079,2.9411764705882355,33,34,1,0,33,33,34342,0,0,0,0,1
2020-08-07,US,Maine,Oxford,53,0,0,44.49952995,-70.75682123,23017.0,91.41871496334629,0.0,53,54,0,0,54,54,57618,-1,0,0,-1,0
2020-08-07,US,Maine,Penobscot,152,5,0,45.40194593,-68.65020455,23019.0,99.90272629282015,3.2894736842105265,147,152,5,0,147,150,151096,0,0,0,0,2
2020-08-07,US,Maine,Piscataquis,3,0,0,45.83839062,-69.2860223,23021.0,17.873100983020553,0.0,3,3,0,0,3,3,16800,0,0,0,0,0
2020-08-07,US,Maine,Sagadahoc,54,0,0,43.95415864,-69.85074999,23023.0,150.60240963855418,0.0,54,54,0,0,54,54,35634,0,0,0,0,0
2020-08-07,US,Maine,Somerset,33,1,0,45.51229767,-69.95995554,23025.0,65.36724506774425,3.0303030303030303,32,33,1,0,32,34,50592,0,0,0,0,-1
2020-08-07,US,Maine,Unassigned,2,0,0,0.0,0.0,90023.0,0.0,0.0,2,2,0,0,2,2,,0,0,0,0,0
2020-08-07,US,Maine,Waldo,62,14,0,44.4858305,-69.12061935,23027.0,156.11230013848672,22.580645161290327,48,62,14,0,48,62,39694,0,0,0,0,0
2020-08-07,US,Maine,Washington,12,0,0,45.01607142,-67.62813524,23029.0,38.242136460690276,0.0,12,12,0,0,12,12,31490,0,0,0,0,0
2020-08-07,US,Maine,York,668,12,0,43.47808377,-70.71052375,23031.0,321.70910369339384,1.7964071856287425,656,666,12,0,654,666,206229,2,0,0,2,0
2020-08-07,US,Maryland,Allegany,280,18,0,39.62357628,-78.69280486,24001.0,397.63690070438537,6.428571428571429,262,279,18,0,261,276,70975,1,0,0,1,3
2020-08-07,US,Maryland,Anne Arundel,7243,222,0,39.00670238,-76.60329337,24003.0,1250.4445526333054,3.0650283031892864,7021,7200,220,0,6980,7114,576031,43,2,0,41,86
2020-08-07,US,Maryland,Baltimore,12915,559,0,39.45784712,-76.62911955,24005.0,1560.970303491787,4.328300425861402,12356,12777,557,0,12220,12666,828431,138,2,0,136,111
2020-08-07,US,Maryland,Baltimore City,12239,424,0,39.30211911,-76.61151012,24510.0,2062.2082933158104,3.464335321513196,11815,12075,422,0,11653,11953,621342,164,2,0,162,122
2020-08-07,US,Maryland,Calvert,672,28,0,38.53961642,-76.56820632,24009.0,726.2901918400432,4.166666666666667,644,667,28,0,639,660,92003,5,0,0,5,7
2020-08-07,US,Maryland,Caroline,445,3,0,38.87172293,-75.82904158,24011.0,1332.096030653176,0.6741573033707865,442,444,3,0,441,441,33304,1,0,0,1,3
2020-08-07,US,Maryland,Carroll,1530,117,0,39.56453592,-77.02373735,24013.0,908.2975654063297,7.647058823529411,1413,1516,117,0,1399,1511,168429,14,0,0,14,5
2020-08-07,US,Maryland,Cecil,689,30,0,39.56647682,-75.94627411,24015.0,669.8750668416702,4.354136429608127,659,681,30,0,651,672,102826,8,0,0,8,9
2020-08-07,US,Maryland,Charles,1983,91,0,38.51092331,-76.98580666,24017.0,1214.6492952828976,4.589006555723652,1892,1961,91,0,1870,1947,161503,22,0,0,22,14
2020-08-07,US,Maryland,Dorchester,365,5,0,38.45413522,-76.02752426,24019.0,1143.1613893325814,1.3698630136986298,360,360,5,0,355,353,31998,5,0,0,5,7
2020-08-07,US,Maryland,Frederick,3050,121,0,39.47296601,-77.39999394,24021.0,1175.124351273565,3.9672131147540974,2929,3032,121,0,2911,3020,255648,18,0,0,18,12
2020-08-07,US,Maryland,Garrett,46,0,0,39.52786077,-79.27355126,24023.0,158.54415109946922,0.0,46,45,0,0,45,45,29163,1,0,0,1,0
2020-08-07,US,Maryland,Harford,1922,69,0,39.55010644,-76.30775940000002,24025.0,752.4242388653348,3.5900104058272637,1853,1906,69,0,1837,1878,253956,16,0,0,16,28
2020-08-07,US,Maryland,Howard,3779,106,0,39.25305293,-76.93126208,24027.0,1160.3058122754767,2.8049748610743577,3673,3729,106,0,3623,3717,323196,50,0,0,50,12
2020-08-07,US,Maryland,Kent,238,23,0,39.24976208,-76.04741541,24029.0,1225.4144784265266,9.663865546218489,215,236,23,0,213,235,19383,2,0,0,2,1
2020-08-07,US,Maryland,Montgomery,18139,801,0,39.13676329,-77.20358245,24031.0,1726.3926113175366,4.415899443188709,17338,18032,797,0,17235,17976,1052567,107,4,0,103,56
2020-08-07,US,Maryland,Prince George's,23372,749,0,38.83070039,-76.8496441,24033.0,2570.252505424341,3.2046893718979974,22623,23225,748,0,22477,23156,909308,147,1,0,146,69
2020-08-07,US,Maryland,Queen Anne's,420,25,0,39.06198912,-76.03530977,24035.0,833.6476052480101,5.9523809523809526,395,406,25,0,381,402,50251,14,0,0,14,4
2020-08-07,US,Maryland,Somerset,133,3,0,38.1163542,-75.75118623,24039.0,519.2067457838849,2.255639097744361,130,130,3,0,127,129,25675,3,0,0,3,1
2020-08-07,US,Maryland,St. Mary's,962,52,0,38.30058422,-76.60629279999998,24037.0,847.5024226940358,5.405405405405406,910,951,52,0,899,945,112664,11,0,0,11,6
2020-08-07,US,Maryland,Talbot,384,4,0,38.76618159,-76.10882561,24041.0,1032.7855625184907,1.0416666666666667,380,371,4,0,367,369,36968,13,0,0,13,2
2020-08-07,US,Maryland,Unassigned,0,19,0,0.0,0.0,90024.0,0.0,0.0,-19,0,16,0,-16,0,,0,3,0,-3,0
2020-08-07,US,Maryland,Washington,1003,31,0,39.60835778,-77.82002295,24043.0,664.022932955531,3.0907278165503485,972,996,31,0,965,989,150926,7,0,0,7,7
2020-08-07,US,Maryland,Wicomico,1322,45,0,38.37301947,-75.62705831,24045.0,1275.950930903686,3.40393343419062,1277,1322,45,0,1277,1316,103195,0,0,0,0,6
2020-08-07,US,Maryland,Worcester,675,20,0,38.21274277,-75.33200012,24047.0,1291.2235060065805,2.962962962962963,655,664,20,0,644,656,51823,11,0,0,11,8
2020-08-07,US,Massachusetts,Barnstable,1794,157,0,41.72980578,-70.28854339,25001.0,842.2930654021318,8.75139353400223,1637,1783,157,0,1626,1778,213413,11,0,0,11,5
2020-08-07,US,Massachusetts,Berkshire,667,46,0,42.37428441,-73.20524838,25003.0,533.8391599436547,6.896551724137932,621,666,46,0,620,664,126348,1,0,0,1,2
2020-08-07,US,Massachusetts,Bristol,9295,632,0,41.79228404,-71.10872211,25005.0,1644.5011385007879,6.799354491662184,8663,9272,629,0,8643,9255,564022,23,3,0,20,17
2020-08-07,US,Massachusetts,Dukes and Nantucket,102,1,0,41.40674725,-70.68763497,0.0,355.0172287772789,0.9803921568627452,101,100,1,0,99,100,26707,2,0,0,2,0
2020-08-07,US,Massachusetts,Essex,17699,1191,0,42.6687626,-70.94687179,25009.0,2243.122603081743,6.7291937397593085,16508,17617,1190,0,16427,17571,790638,82,1,0,81,46
2020-08-07,US,Massachusetts,Franklin,410,61,0,42.58119713,-72.58602547,25011.0,584.2120262182957,14.878048780487804,349,409,61,0,348,407,70963,1,0,0,1,2
2020-08-07,US,Massachusetts,Hampden,7556,703,0,42.13440424,-72.63235561,25013.0,1620.1658761675228,9.303864478560085,6853,7541,700,0,6841,7518,470406,15,3,0,12,23
2020-08-07,US,Massachusetts,Hampshire,1162,129,0,42.33997957,-72.65898478,25015.0,722.5020207672698,11.101549053356283,1033,1158,128,0,1030,1150,161355,4,1,0,3,8
2020-08-07,US,Massachusetts,Middlesex,26254,1999,0,42.48607732,-71.39049229,25017.0,1628.9642172638935,7.614077854803077,24255,26156,1998,0,24158,26109,1614714,98,1,0,97,47
2020-08-07,US,Massachusetts,Norfolk,10554,996,0,42.16073095,-71.20530408,25021.0,1493.2616462098968,9.437180216031836,9558,10515,994,0,9521,10488,705388,39,2,0,37,27
2020-08-07,US,Massachusetts,Plymouth,9212,718,0,41.94070556,-70.80802823,25023.0,1767.4529261207751,7.79418150238819,8494,9193,717,0,8476,9185,518132,19,1,0,18,8
2020-08-07,US,Massachusetts,Suffolk,21717,1071,0,42.327951399999996,-71.07850442,25025.0,2701.4318820460576,4.931620389556568,20646,21631,1066,0,20565,21579,807252,86,5,0,81,52
2020-08-07,US,Massachusetts,Unassigned,314,6,0,0.0,0.0,90025.0,0.0,1.9108280254777068,308,308,6,0,302,342,,6,0,0,6,-34
2020-08-07,US,Massachusetts,Worcester,13555,999,0,42.35026951,-71.90493363,25027.0,1631.9095810127833,7.369974179269643,12556,13525,998,0,12527,13497,830839,30,1,0,29,28
2020-08-07,US,Michigan,Alcona,28,1,0,44.6846864,-83.59507875,26001.0,269.1013935607881,3.571428571428572,27,28,1,0,27,28,10362,0,0,0,0,0
2020-08-07,US,Michigan,Alger,9,0,0,46.41292944,-86.60260122,26003.0,98.81422924901186,0.0,9,8,0,0,8,8,9097,1,0,0,1,0
2020-08-07,US,Michigan,Allegan,510,7,0,42.59147037,-85.89102866,26005.0,431.90691135745794,1.3725490196078431,503,507,7,0,500,504,117327,3,0,0,3,3
2020-08-07,US,Michigan,Alpena,127,13,0,45.03477666,-83.62212411,26007.0,447.1043830311565,10.236220472440944,114,127,13,0,114,127,28360,0,0,0,0,0
2020-08-07,US,Michigan,Antrim,41,1,0,44.99690221,-85.15503082,26009.0,175.78459955410736,2.4390243902439024,40,40,0,0,40,40,23365,1,1,0,0,0
2020-08-07,US,Michigan,Arenac,41,3,0,44.0636262,-83.89277559,26011.0,275.4820936639118,7.317073170731707,38,41,3,0,38,41,15041,0,0,0,0,0
2020-08-07,US,Michigan,Baraga,5,0,0,46.6720582,-88.36363591,26013.0,60.9087586794981,0.0,5,5,0,0,5,5,8320,0,0,0,0,0
2020-08-07,US,Michigan,Barry,175,2,0,42.59513984,-85.30834519,26015.0,284.32168968318433,1.1428571428571428,173,173,2,0,171,170,61157,2,0,0,2,3
2020-08-07,US,Michigan,Bay,600,31,0,43.70639106,-83.98731479,26017.0,581.8125399996121,5.166666666666667,569,595,31,0,564,567,103923,5,0,0,5,28
2020-08-07,US,Michigan,Benzie,29,1,0,44.63899297,-86.01608482,26019.0,163.2331419565462,3.4482758620689653,28,28,1,0,27,29,17753,1,0,0,1,-1
2020-08-07,US,Michigan,Berrien,1347,66,0,41.95447397,-86.41313079999998,26021.0,878.0907556013326,4.89977728285078,1281,1334,66,0,1268,1315,154141,13,0,0,13,19
2020-08-07,US,Michigan,Branch,355,2,0,41.91600556,-85.05929476,26023.0,815.7731461268013,0.5633802816901409,353,352,2,0,350,348,43622,3,0,0,3,4
2020-08-07,US,Michigan,Calhoun,782,41,0,42.24633834,-85.00493569,26025.0,582.8904508829074,5.242966751918159,741,776,41,0,735,768,134487,6,0,0,6,8
2020-08-07,US,Michigan,Cass,316,14,0,41.91522292,-85.99405727,26027.0,610.1917469635237,4.4303797468354436,302,313,14,0,299,302,51653,3,0,0,3,11
2020-08-07,US,Michigan,Charlevoix,45,2,0,45.37790017,-85.19614053,26029.0,172.13020693875993,4.4444444444444455,43,45,2,0,43,45,26244,0,0,0,0,0
2020-08-07,US,Michigan,Cheboygan,44,2,0,45.44787015,-84.50122149,26031.0,174.0781769267289,4.545454545454546,42,43,2,0,41,41,25413,1,0,0,1,2
2020-08-07,US,Michigan,Chippewa,39,0,0,46.29552653,-84.54353449,26033.0,104.42046641141664,0.0,39,39,0,0,39,36,37517,0,0,0,0,3
2020-08-07,US,Michigan,Clare,70,3,0,43.98794227,-84.84819859999998,26035.0,226.1712439418417,4.285714285714286,67,66,3,0,63,64,30757,4,0,0,4,2
2020-08-07,US,Michigan,Clinton,422,13,0,42.94400871,-84.60145248,26037.0,530.1840567874866,3.080568720379147,409,421,13,0,408,419,79332,1,0,0,1,2
2020-08-07,US,Michigan,Crawford,105,5,0,44.68255561,-84.61006219,26039.0,748.4496400313636,4.761904761904762,100,103,5,0,98,103,13901,2,0,0,2,0
2020-08-07,US,Michigan,Delta,89,3,0,45.90484910000001,-86.9080745,26041.0,248.7145092778896,3.3707865168539324,86,87,3,0,84,85,35857,2,0,0,2,2
2020-08-07,US,Michigan,Dickinson,52,2,0,46.00999672,-87.86961634,26043.0,206.03034985538247,3.8461538461538463,50,51,2,0,49,48,25383,1,0,0,1,3
2020-08-07,US,Michigan,Eaton,456,8,0,42.59599185,-84.83740035,26045.0,413.5379257808249,1.7543859649122806,448,455,8,0,447,449,109826,1,0,0,1,6
2020-08-07,US,Michigan,Emmet,61,2,0,45.52625509,-84.89083249,26047.0,182.5527457728565,3.278688524590164,59,60,2,0,58,60,33308,1,0,0,1,0
2020-08-07,US,Michigan,Federal Correctional Institution (FCI),194,5,0,0.0,0.0,0.0,0.0,2.5773195876288657,189,194,5,0,189,194,,0,0,0,0,0
2020-08-07,US,Michigan,Genesee,3630,295,0,43.02244215,-83.70589709,26049.0,894.5006690273599,8.1267217630854,3335,3604,295,0,3309,3581,406892,26,0,0,26,23
2020-08-07,US,Michigan,Gladwin,58,2,0,43.98901072,-84.38774817,26051.0,227.9067939801171,3.4482758620689653,56,57,2,0,55,56,25337,1,0,0,1,1
2020-08-07,US,Michigan,Gogebic,110,1,0,46.40862701,-89.69377193,26053.0,787.1198568872987,0.9090909090909092,109,109,1,0,108,105,15096,1,0,0,1,4
2020-08-07,US,Michigan,Grand Traverse,207,5,0,44.69565625,-85.55585247,26055.0,222.3702303196975,2.415458937198068,202,202,5,0,197,199,92573,5,0,0,5,3
2020-08-07,US,Michigan,Gratiot,154,15,0,43.29265605,-84.60505416,26057.0,378.2761415833559,9.74025974025974,139,151,15,0,136,146,40599,3,0,0,3,5
2020-08-07,US,Michigan,Hillsdale,260,25,0,41.88753639,-84.59312019,26059.0,570.1129262142309,9.615384615384617,235,258,25,0,233,253,45749,2,0,0,2,5
2020-08-07,US,Michigan,Houghton,49,0,0,46.89988536,-88.68495385,26061.0,137.31644434480438,0.0,49,49,0,0,49,49,36219,0,0,0,0,0
2020-08-07,US,Michigan,Huron,156,4,0,43.83353985,-83.04078453,26063.0,503.53442432458604,2.5641025641025643,152,154,4,0,150,149,31166,2,0,0,2,5
2020-08-07,US,Michigan,Ingham,1536,30,0,42.59716886,-84.37472069,26065.0,525.2970185290316,1.953125,1506,1520,30,0,1490,1503,292735,16,0,0,16,17
2020-08-07,US,Michigan,Ionia,274,6,0,42.94502238,-85.07413319,26067.0,423.512682195465,2.18978102189781,268,274,6,0,268,272,64210,0,0,0,0,2
2020-08-07,US,Michigan,Iosco,130,12,0,44.35486835,-83.63484895,26069.0,517.3717515023678,9.23076923076923,118,130,12,0,118,129,25081,0,0,0,0,1
2020-08-07,US,Michigan,Iron,19,1,0,46.20974132,-88.53136251,26071.0,171.6970901861558,5.2631578947368425,18,18,1,0,17,17,11117,1,0,0,1,1
2020-08-07,US,Michigan,Isabella,206,9,0,43.64060976,-84.84664923,26073.0,294.8248225326311,4.368932038834951,197,205,9,0,196,204,70562,1,0,0,1,1
2020-08-07,US,Michigan,Jackson,709,34,0,42.24807035,-84.42258681,26075.0,447.2903917733897,4.795486600846262,675,707,34,0,673,701,158823,2,0,0,2,6
2020-08-07,US,Michigan,Kalamazoo,1618,83,0,42.24542231,-85.53038622,26077.0,610.4140100955989,5.129789864029666,1535,1601,83,0,1518,1588,264870,17,0,0,17,13
2020-08-07,US,Michigan,Kalkaska,51,4,0,44.68512729,-85.09085699,26079.0,282.73644528218205,7.84313725490196,47,49,4,0,45,49,17824,2,0,0,2,0
2020-08-07,US,Michigan,Kent,7448,158,0,43.03197711,-85.54934642,26081.0,1133.7153990760405,2.1213748657357683,7290,7380,157,0,7223,7336,653786,68,1,0,67,44
2020-08-07,US,Michigan,Keweenaw,3,0,0,47.63197653,-88.41434263,26083.0,141.77693761814746,0.0,3,3,0,0,3,3,2113,0,0,0,0,0
2020-08-07,US,Michigan,Lake,19,0,0,43.99050893,-85.802173,26085.0,160.296971230912,0.0,19,19,0,0,19,19,11881,0,0,0,0,0
2020-08-07,US,Michigan,Lapeer,461,33,0,43.09052506,-83.22153148,26087.0,526.2136587259009,7.158351409978308,428,456,33,0,423,452,88028,5,0,0,5,4
2020-08-07,US,Michigan,Leelanau,69,0,0,44.94430054,-85.80150326,26089.0,317.08101649740365,0.0,69,69,0,0,69,67,21764,0,0,0,0,2
2020-08-07,US,Michigan,Lenawee,419,12,0,41.89475156,-84.06603727,26091.0,425.5924266894191,2.863961813842482,407,413,12,0,401,409,98266,6,0,0,6,4
2020-08-07,US,Michigan,Livingston,816,28,0,42.60302282,-83.91297209,26093.0,425.01106799656236,3.431372549019608,788,811,28,0,783,805,191224,5,0,0,5,6
2020-08-07,US,Michigan,Luce,3,0,0,46.47227431,-85.54471223,26095.0,48.16182372772515,0.0,3,3,0,0,3,3,6283,0,0,0,0,0
2020-08-07,US,Michigan,Mackinac,26,0,0,46.07028979,-85.04980537,26097.0,240.7630336142236,0.0,26,24,0,0,24,25,10787,2,0,0,2,-1
2020-08-07,US,Michigan,Macomb,10205,944,0,42.69158356,-82.92752801,26099.0,1167.6575450929781,9.250367466927976,9261,10042,942,0,9100,9932,874759,163,2,0,161,110
2020-08-07,US,Michigan,Manistee,35,0,0,44.33352407,-86.05626916,26101.0,142.51974916524148,0.0,35,34,0,0,34,34,24528,1,0,0,1,0
2020-08-07,US,Michigan,Marquette,152,11,0,46.4338914,-87.64043701,26103.0,227.88947360530145,7.236842105263157,141,149,11,0,138,146,66516,3,0,0,3,3
2020-08-07,US,Michigan,Mason,99,0,0,43.99509218,-86.24988902,26105.0,339.6925610760362,0.0,99,99,0,0,99,99,29100,0,0,0,0,0
2020-08-07,US,Michigan,Mecosta,66,2,0,43.64064262,-85.32463223,26107.0,151.88824707154856,3.0303030303030303,64,65,2,0,63,62,43545,1,0,0,1,3
2020-08-07,US,Michigan,Menominee,124,0,0,45.58038692,-87.55370409,26109.0,544.3371378402107,0.0,124,117,0,0,117,111,22983,7,0,0,7,6
2020-08-07,US,Michigan,Michigan Department of Corrections (MDOC),4386,69,0,0.0,0.0,0.0,0.0,1.5731874145006841,4317,4324,69,0,4255,4323,,62,0,0,62,1
2020-08-07,US,Michigan,Midland,325,10,0,43.64330771,-84.38804374,26111.0,390.83168983597085,3.0769230769230766,315,325,10,0,315,315,83209,0,0,0,0,10
2020-08-07,US,Michigan,Missaukee,41,1,0,44.33772443,-85.09256478,26113.0,271.1998941658949,2.4390243902439024,40,41,1,0,40,41,15113,0,0,0,0,0
2020-08-07,US,Michigan,Monroe,955,25,0,41.92734151,-83.53749864,26115.0,634.5514950166113,2.6178010471204187,930,945,23,0,922,935,150439,10,2,0,8,10
2020-08-07,US,Michigan,Montcalm,185,1,0,43.31082541,-85.15252824,26117.0,289.56924618081644,0.5405405405405406,184,184,1,0,183,181,63968,1,0,0,1,3
2020-08-07,US,Michigan,Montmorency,9,1,0,45.0275929,-84.12696227,26119.0,96.48370497427099,11.111111111111109,8,8,0,0,8,8,9265,1,1,0,0,0
2020-08-07,US,Michigan,Muskegon,1160,59,0,43.29123859,-86.15176712,26121.0,668.3336598181671,5.086206896551723,1101,1156,58,0,1098,1143,173588,4,1,0,3,13
2020-08-07,US,Michigan,Newaygo,250,0,0,43.554373999999996,-85.80070107,26123.0,510.41241322988975,0.0,250,250,0,0,250,249,48892,0,0,0,0,1
2020-08-07,US,Michigan,Oakland,15292,1133,0,42.66090111,-83.38595416,26125.0,1215.9823916334813,7.409102798849071,14159,15176,1129,0,14047,15030,1259201,116,4,0,112,146
2020-08-07,US,Michigan,Oceana,474,6,0,43.64124435,-86.26726673,26127.0,1790.909434389995,1.2658227848101269,468,470,6,0,464,467,26625,4,0,0,4,3
2020-08-07,US,Michigan,Ogemaw,53,2,0,44.33481032,-84.12725175,26129.0,252.41701195408868,3.7735849056603774,51,53,2,0,51,53,20952,0,0,0,0,0
2020-08-07,US,Michigan,Ontonagon,7,0,0,46.665226200000006,-89.31390481,26131.0,122.37762237762236,0.0,7,6,0,0,6,7,5795,1,0,0,1,-1
2020-08-07,US,Michigan,Osceola,70,0,0,43.98992088,-85.32566756,26133.0,298.38022165387895,0.0,70,70,0,0,70,70,23341,0,0,0,0,0
2020-08-07,US,Michigan,Oscoda,24,1,0,44.68192279,-84.12939244,26135.0,291.2267928649436,4.166666666666667,23,24,1,0,23,24,8276,0,0,0,0,0
2020-08-07,US,Michigan,Otsego,134,10,0,45.02085831,-84.59898295,26137.0,543.2138803307928,7.462686567164179,124,131,10,0,121,131,24665,3,0,0,3,0
2020-08-07,US,Michigan,Ottawa,1787,55,0,42.95996803,-85.9969107,26139.0,612.3428023164172,3.077783995523223,1732,1778,55,0,1723,1763,290494,9,0,0,9,15
2020-08-07,US,Michigan,Out of MI,79,1,0,0.0,0.0,80026.0,0.0,1.2658227848101269,78,75,1,0,74,81,,4,0,0,4,-6
2020-08-07,US,Michigan,Presque Isle,19,1,0,45.34018577,-83.91498656,26141.0,150.88945362134692,5.2631578947368425,18,19,1,0,18,20,12738,0,0,0,0,-1
2020-08-07,US,Michigan,Roscommon,52,0,0,44.33473082,-84.61067651,26143.0,216.4952745742953,0.0,52,52,0,0,52,51,23884,0,0,0,0,1
2020-08-07,US,Michigan,Saginaw,1953,130,0,43.33433923,-84.05131209999998,26145.0,1024.9870105332766,6.656426011264721,1823,1934,130,0,1804,1908,190800,19,0,0,19,26
2020-08-07,US,Michigan,Sanilac,106,6,0,43.42406072,-82.82055898,26151.0,257.46903084770463,5.660377358490566,100,102,6,0,96,101,41182,4,0,0,4,1
2020-08-07,US,Michigan,Schoolcraft,13,0,0,46.19235734,-86.19972234,26153.0,160.6127996046454,0.0,13,13,0,0,13,13,8068,0,0,0,0,0
2020-08-07,US,Michigan,Shiawassee,338,28,0,42.95392800000001,-84.14585902,26155.0,496.16863861894836,8.284023668639053,310,337,28,0,309,335,68192,1,0,0,1,2
2020-08-07,US,Michigan,St. Clair,805,53,0,42.92655373,-82.67937954,26147.0,505.88205721180435,6.583850931677018,752,794,53,0,741,790,159337,11,0,0,11,4
2020-08-07,US,Michigan,St. Joseph,580,8,0,41.91441767,-85.52797979,26149.0,951.3811429696216,1.3793103448275863,572,571,8,0,563,569,61043,9,0,0,9,2
2020-08-07,US,Michigan,Tuscola,334,29,0,43.46606813,-83.41897025,26157.0,639.2956263757297,8.682634730538922,305,330,29,0,301,324,52516,4,0,0,4,6
2020-08-07,US,Michigan,Unassigned,8,1,0,0.0,0.0,90026.0,0.0,12.5,7,8,0,0,8,9,,0,1,0,-1,-1
2020-08-07,US,Michigan,Van Buren,440,10,0,42.25190229,-86.01939087,26159.0,581.4183966066308,2.272727272727273,430,428,11,0,417,425,75448,12,-1,0,13,3
2020-08-07,US,Michigan,Washtenaw,2512,112,0,42.253105,-83.83853204,26161.0,683.3496100391458,4.4585987261146505,2400,2483,112,0,2371,2471,370963,29,0,0,29,12
2020-08-07,US,Michigan,Wayne,27955,2827,0,42.28098405,-83.281255,26163.0,1598.0285169918075,10.112681094616347,25128,27836,2821,0,25015,27688,1753893,119,6,0,113,148
2020-08-07,US,Michigan,Wexford,70,4,0,44.33853602,-85.57712739,26165.0,208.14129820701137,5.7142857142857135,66,70,4,0,66,68,33466,0,0,0,0,2
2020-08-07,US,Minnesota,Aitkin,34,1,0,46.60962049,-93.41168259999999,27001.0,214.0249276092157,2.9411764705882355,33,29,1,0,28,29,15902,5,0,0,5,0
2020-08-07,US,Minnesota,Anoka,3553,114,0,45.27476015,-93.24604565,27003.0,995.4583787448764,3.2085561497326203,3439,3515,114,0,3401,3456,353813,38,0,0,38,59
2020-08-07,US,Minnesota,Becker,149,1,0,46.93479392,-95.67158144,27005.0,432.85012927403193,0.6711409395973155,148,150,1,0,149,148,34371,-1,0,0,-1,2
2020-08-07,US,Minnesota,Beltrami,217,0,0,47.97373527,-94.93732139,27007.0,459.86267695176736,0.0,217,215,0,0,215,207,46847,2,0,0,2,8
2020-08-07,US,Minnesota,Benton,316,3,0,45.69804958,-93.99514135,27009.0,772.8239868913399,0.9493670886075948,313,315,3,0,312,313,40545,1,0,0,1,2
2020-08-07,US,Minnesota,Big Stone,22,0,0,45.42712824,-96.41403739,27011.0,440.79342817070733,0.0,22,22,0,0,22,22,4989,0,0,0,0,0
2020-08-07,US,Minnesota,Blue Earth,893,5,0,44.03554215,-94.06699781,27013.0,1319.9710286313984,0.5599104143337066,888,874,5,0,869,865,67427,19,0,0,19,9
2020-08-07,US,Minnesota,Brown,87,2,0,44.24205652,-94.72562874,27015.0,347.88867562380034,2.2988505747126435,85,86,2,0,84,85,25111,1,0,0,1,1
2020-08-07,US,Minnesota,Carlton,133,0,0,46.59180601,-92.67601019,27017.0,370.7730478659642,0.0,133,132,0,0,132,130,35837,1,0,0,1,2
2020-08-07,US,Minnesota,Carver,829,3,0,44.82017001,-93.80099179999999,27019.0,788.855160863649,0.3618817852834741,826,816,2,0,814,805,103551,13,1,0,12,11
2020-08-07,US,Minnesota,Cass,70,2,0,46.95043611,-94.32603968,27021.0,235.0649786762484,2.8571428571428568,68,71,2,0,69,66,29519,-1,0,0,-1,5
2020-08-07,US,Minnesota,Chippewa,101,1,0,45.02343421,-95.56403693,27023.0,855.9322033898303,0.99009900990099,100,101,1,0,100,101,11924,0,0,0,0,0
2020-08-07,US,Minnesota,Chisago,190,1,0,45.5021011,-92.90861945,27025.0,335.81364110358965,0.5263157894736842,189,189,1,0,188,184,55922,1,0,0,1,5
2020-08-07,US,Minnesota,Clay,771,40,0,46.89289518,-96.48761922,27027.0,1200.5231852013328,5.1880674448767845,731,768,40,0,728,758,63955,3,0,0,3,10
2020-08-07,US,Minnesota,Clearwater,14,0,0,47.57992111,-95.37790562,27029.0,158.76616012701294,0.0,14,15,0,0,15,14,8810,-1,0,0,-1,1
2020-08-07,US,Minnesota,Cook,3,0,0,47.90504893,-90.52629546,27031.0,54.914881933003855,0.0,3,2,0,0,2,2,5393,1,0,0,1,0
2020-08-07,US,Minnesota,Cottonwood,176,0,0,44.00715262,-95.18138802,27033.0,1571.9899964272956,0.0,176,175,0,0,175,173,11277,1,0,0,1,2
2020-08-07,US,Minnesota,Crow Wing,228,14,0,46.48096553,-94.06755609,27035.0,350.47267696564444,6.140350877192982,214,225,14,0,211,221,64889,3,0,0,3,4
2020-08-07,US,Minnesota,Dakota,4250,104,0,44.67172617,-93.06299363,27037.0,990.6274984208233,2.447058823529412,4146,4188,104,0,4084,4112,425423,62,0,0,62,76
2020-08-07,US,Minnesota,Dodge,125,0,0,44.02238415,-92.86244324,27039.0,597.1147415687399,0.0,125,125,0,0,125,125,20822,0,0,0,0,0
2020-08-07,US,Minnesota,Douglas,138,0,0,45.93348491,-95.45335469,27041.0,361.8153692876432,0.0,138,136,0,0,136,136,37964,2,0,0,2,0
2020-08-07,US,Minnesota,Faribault,85,0,0,43.67381499,-93.94787458,27043.0,622.5737933055008,0.0,85,83,0,0,83,83,13758,2,0,0,2,0
2020-08-07,US,Minnesota,Fillmore,63,0,0,43.67394126,-92.08980382,27045.0,299.0459011724498,0.0,63,61,0,0,61,61,21058,2,0,0,2,0
2020-08-07,US,Minnesota,Freeborn,358,1,0,43.67385583,-93.34884422,27047.0,1182.2595026584327,0.2793296089385475,357,358,1,0,357,356,30444,0,0,0,0,2
2020-08-07,US,Minnesota,Goodhue,192,8,0,44.40849741,-92.72341949999999,27049.0,414.3288735433751,4.166666666666667,184,187,8,0,179,183,46403,5,0,0,5,4
2020-08-07,US,Minnesota,Grant,53,3,0,45.93424769,-96.01139609,27051.0,887.4748827863363,5.660377358490566,50,52,3,0,49,52,6021,1,0,0,1,0
2020-08-07,US,Minnesota,Hennepin,18774,828,0,45.00761521,-93.47694895,27053.0,1483.1223145366364,4.410354745925216,17946,18641,828,0,17813,18393,1259428,133,0,0,133,248
2020-08-07,US,Minnesota,Houston,39,0,0,43.67129565,-91.49143057,27055.0,209.67741935483872,0.0,39,41,0,0,41,40,18578,-2,0,0,-2,1
2020-08-07,US,Minnesota,Hubbard,32,0,0,47.10778564,-94.91693868,27057.0,148.89953934205016,0.0,32,30,0,0,30,30,21332,2,0,0,2,0
2020-08-07,US,Minnesota,Isanti,121,0,0,45.56181234,-93.29487636,27059.0,298.0589220612868,0.0,121,116,0,0,116,114,39966,5,0,0,5,2
2020-08-07,US,Minnesota,Itasca,136,12,0,47.51009045,-93.63092229,27061.0,301.3516507866165,8.823529411764708,124,135,12,0,123,135,45108,1,0,0,1,0
2020-08-07,US,Minnesota,Jackson,72,0,0,43.67423373,-95.15398258,27063.0,731.2614259597806,0.0,72,72,0,0,72,71,9911,0,0,0,0,1
2020-08-07,US,Minnesota,Kanabec,34,1,0,45.9459309,-93.29275192,27065.0,208.11654526534855,2.9411764705882355,33,32,1,0,31,30,16207,2,0,0,2,2
2020-08-07,US,Minnesota,Kandiyohi,687,1,0,45.1526059,-95.00586446,27067.0,1590.3145906155235,0.14556040756914118,686,687,1,0,686,681,42855,0,0,0,0,6
2020-08-07,US,Minnesota,Kittson,3,0,0,48.77754106,-96.78317184,27069.0,69.79990693345742,0.0,3,3,0,0,3,3,4248,0,0,0,0,0
2020-08-07,US,Minnesota,Koochiching,74,3,0,48.24539665,-93.78352843,27071.0,605.1189794750184,4.0540540540540535,71,74,3,0,71,74,12440,0,0,0,0,0
2020-08-07,US,Minnesota,Lac qui Parle,6,0,0,44.9973857,-96.17488219,27073.0,90.59338668277216,0.0,6,6,0,0,6,6,6658,0,0,0,0,0
2020-08-07,US,Minnesota,Lake,20,0,0,47.64270764,-91.44557998,27075.0,187.952260125928,0.0,20,20,0,0,20,18,10658,0,0,0,0,2
2020-08-07,US,Minnesota,Lake of the Woods,2,0,0,48.77217001,-94.90274472,27077.0,53.47593582887701,0.0,2,1,0,0,1,1,3758,1,0,0,1,0
2020-08-07,US,Minnesota,Le Sueur,213,1,0,44.37136597,-93.72844721,27079.0,737.3559040398793,0.4694835680751174,212,210,1,0,209,203,28494,3,0,0,3,7
2020-08-07,US,Minnesota,Lincoln,56,0,0,44.41311883,-96.26688165,27081.0,993.0838801205887,0.0,56,54,0,0,54,54,5673,2,0,0,2,0
2020-08-07,US,Minnesota,Lyon,424,3,0,44.41327865,-95.83806103,27083.0,1664.4421763366572,0.7075471698113207,421,421,3,0,418,420,25629,3,0,0,3,1
2020-08-07,US,Minnesota,Mahnomen,26,1,0,47.32557075,-95.80921485,27087.0,470.41794825402565,3.8461538461538463,25,26,1,0,25,25,5519,0,0,0,0,1
2020-08-07,US,Minnesota,Marshall,29,0,0,48.35825983,-96.37017407,27089.0,310.62553556126824,0.0,29,29,0,0,29,29,9390,0,0,0,0,0
2020-08-07,US,Minnesota,Martin,206,5,0,43.67429718,-94.55099908,27091.0,1046.5884265609918,2.4271844660194173,201,204,5,0,199,204,19785,2,0,0,2,0
2020-08-07,US,Minnesota,McLeod,173,0,0,44.82367677,-94.27287017,27085.0,481.98813139052186,0.0,173,148,0,0,148,145,35873,25,0,0,25,3
2020-08-07,US,Minnesota,Meeker,84,2,0,45.12328869,-94.52839455,27093.0,361.7259495306175,2.380952380952381,82,85,2,0,83,85,23141,-1,0,0,-1,0
2020-08-07,US,Minnesota,Mille Lacs,69,3,0,45.93705297,-93.63236823,27095.0,262.58705331658865,4.3478260869565215,66,69,3,0,66,69,26139,0,0,0,0,0
2020-08-07,US,Minnesota,Morrison,85,1,0,46.01265363,-94.27341528,27097.0,254.5977355777871,1.1764705882352942,84,85,1,0,84,82,33169,0,0,0,0,3
2020-08-07,US,Minnesota,Mower,1095,2,0,43.67142874,-92.75234549,27099.0,2733.263441665419,0.18264840182648398,1093,1094,2,0,1092,1088,40011,1,0,0,1,6
2020-08-07,US,Minnesota,Murray,122,1,0,44.02216709,-95.76328482,27101.0,1488.8943129118868,0.819672131147541,121,122,1,0,121,122,8276,0,0,0,0,0
2020-08-07,US,Minnesota,Nicollet,329,13,0,44.35291112,-94.24710352,27103.0,959.9113030285347,3.951367781155015,316,329,13,0,316,322,34220,0,0,0,0,7
2020-08-07,US,Minnesota,Nobles,1754,6,0,43.67434621,-95.75329576,27105.0,8109.482639049424,0.34207525655644244,1748,1753,6,0,1747,1751,21924,1,0,0,1,2
2020-08-07,US,Minnesota,Norman,38,0,0,47.32628443,-96.45620947,27107.0,596.0784313725493,0.0,38,37,0,0,37,37,6475,1,0,0,1,0
2020-08-07,US,Minnesota,Olmsted,1700,23,0,44.00374114,-92.40209944,27109.0,1073.9577871415663,1.3529411764705883,1677,1688,23,0,1665,1649,156277,12,0,0,12,39
2020-08-07,US,Minnesota,Otter Tail,189,3,0,46.40846929,-95.70835255,27111.0,321.7240322745378,1.5873015873015872,186,185,3,0,182,182,58812,4,0,0,4,3
2020-08-07,US,Minnesota,Pennington,73,1,0,48.06642577,-96.0370814,27113.0,517.0337842623417,1.3698630136986298,72,73,1,0,72,73,14178,0,0,0,0,0
2020-08-07,US,Minnesota,Pine,128,0,0,46.12105238,-92.74070188,27115.0,432.7394435241218,0.0,128,128,0,0,128,128,29483,0,0,0,0,0
2020-08-07,US,Minnesota,Pipestone,149,9,0,44.02301619,-96.25841142,27117.0,1632.6977865439405,6.040268456375839,140,147,9,0,138,144,9047,2,0,0,2,3
2020-08-07,US,Minnesota,Polk,149,4,0,47.77372465,-96.40134647,27119.0,475.0669557454406,2.684563758389262,145,145,3,0,142,139,31529,4,1,0,3,6
2020-08-07,US,Minnesota,Pope,46,0,0,45.58606667,-95.44451209,27121.0,408.9252377989155,0.0,46,46,0,0,46,46,11097,0,0,0,0,0
2020-08-07,US,Minnesota,Ramsey,7307,263,0,45.01625271,-93.09872295,27123.0,1327.7705193877755,3.599288353633502,7044,7233,261,0,6972,7130,550210,74,2,0,72,103
2020-08-07,US,Minnesota,Red Lake,23,0,0,47.87197525,-96.09561104,27125.0,567.2009864364983,0.0,23,23,0,0,23,21,3999,0,0,0,0,2
2020-08-07,US,Minnesota,Redwood,33,0,0,44.40555844,-95.25207021,27127.0,217.53460777851018,0.0,33,32,0,0,32,32,15249,1,0,0,1,0
2020-08-07,US,Minnesota,Renville,62,5,0,44.72836381,-94.94553734,27129.0,426.17541930162224,8.064516129032258,57,62,5,0,57,60,14612,0,0,0,0,2
2020-08-07,US,Minnesota,Rice,1019,8,0,44.3543376,-93.29658715,27131.0,1521.5313862509704,0.7850834151128557,1011,1013,8,0,1005,1006,66523,6,0,0,6,7
2020-08-07,US,Minnesota,Rock,79,0,0,43.67482683,-96.25296832,27133.0,848.0944712828772,0.0,79,77,0,0,77,75,9414,2,0,0,2,2
2020-08-07,US,Minnesota,Roseau,47,0,0,48.77501878,-95.81079919,27135.0,309.9241674909331,0.0,47,46,0,0,46,46,15150,1,0,0,1,0
2020-08-07,US,Minnesota,Scott,1503,18,0,44.6490231,-93.53340251,27139.0,1008.6368303436612,1.1976047904191616,1485,1479,18,0,1461,1439,147381,24,0,0,24,40
2020-08-07,US,Minnesota,Sherburne,710,7,0,45.44447208,-93.77617511,27141.0,730.1672185770993,0.9859154929577464,703,703,7,0,696,667,96036,7,0,0,7,36
2020-08-07,US,Minnesota,Sibley,83,2,0,44.5796592,-94.23164924,27143.0,558.3585603767239,2.409638554216868,81,82,2,0,80,80,15028,1,0,0,1,2
2020-08-07,US,Minnesota,St. Louis,502,19,0,47.604840700000004,-92.46879855,27137.0,252.17260260209977,3.784860557768925,483,486,19,0,467,475,199754,16,0,0,16,11
2020-08-07,US,Minnesota,Stearns,2874,20,0,45.55192576,-94.61078221,27145.0,1784.2619897563247,0.6958942240779401,2854,2864,20,0,2844,2847,159256,10,0,0,10,17
2020-08-07,US,Minnesota,Steele,338,1,0,44.02240351,-93.22627088,27147.0,922.2625446806187,0.2958579881656805,337,338,1,0,337,334,36803,0,0,0,0,4
2020-08-07,US,Minnesota,Stevens,17,0,0,45.58613007,-96.00163705,27149.0,173.3809280979092,0.0,17,17,0,0,17,16,9753,0,0,0,0,1
2020-08-07,US,Minnesota,Swift,52,1,0,45.2829032,-95.68264092,27151.0,561.1914526224908,1.9230769230769231,51,52,1,0,51,52,9345,0,0,0,0,0
2020-08-07,US,Minnesota,Todd,422,2,0,46.06996226,-94.89785296,27153.0,1710.9957833279273,0.4739336492890995,420,422,2,0,420,421,24582,0,0,0,0,1
2020-08-07,US,Minnesota,Traverse,10,0,0,45.77298854,-96.47062949,27155.0,306.84258975145747,0.0,10,10,0,0,10,10,3308,0,0,0,0,0
2020-08-07,US,Minnesota,Unassigned,126,41,0,0.0,0.0,90027.0,0.0,32.53968253968254,85,132,41,0,91,109,,-6,0,0,-6,23
2020-08-07,US,Minnesota,Wabasha,88,0,0,44.28424356,-92.23121312,27157.0,406.898783927498,0.0,88,87,0,0,87,84,21645,1,0,0,1,3
2020-08-07,US,Minnesota,Wadena,25,0,0,46.58589171,-94.96968506,27159.0,182.72182429469376,0.0,25,24,0,0,24,24,13773,1,0,0,1,0
2020-08-07,US,Minnesota,Waseca,138,0,0,44.02211116,-93.58720034,27161.0,741.4571244358477,0.0,138,138,0,0,138,133,18691,0,0,0,0,5
2020-08-07,US,Minnesota,Washington,2037,44,0,45.03864533,-92.88429635,27163.0,776.1774119798813,2.160039273441335,1993,2009,44,0,1965,1978,259201,28,0,0,28,31
2020-08-07,US,Minnesota,Watonwan,307,0,0,43.97823903,-94.61413846,27165.0,2817.289162154721,0.0,307,301,0,0,301,300,10980,6,0,0,6,1
2020-08-07,US,Minnesota,Wilkin,33,3,0,46.35721532,-96.4684375,27167.0,531.6578057032383,9.090909090909092,30,32,3,0,29,31,6254,1,0,0,1,1
2020-08-07,US,Minnesota,Winona,257,16,0,43.98772283,-91.78081305,27169.0,509.0721812851597,6.225680933852139,241,254,16,0,238,252,50825,3,0,0,3,2
2020-08-07,US,Minnesota,Wright,855,5,0,45.17297924,-93.96234781,27171.0,617.8772483866537,0.5847953216374269,850,847,5,0,842,827,136349,8,0,0,8,20
2020-08-07,US,Minnesota,Yellow Medicine,51,0,0,44.71710183,-95.86842453,27173.0,525.2858172829333,0.0,51,51,0,0,51,50,9795,0,0,0,0,1
2020-08-07,US,Mississippi,Adams,610,25,0,31.47669768,-91.35326037,28001.0,1987.423842569967,4.0983606557377055,585,602,25,0,577,596,31192,8,0,0,8,6
2020-08-07,US,Mississippi,Alcorn,397,5,0,34.88084463,-88.57996173,28003.0,1074.3376721781724,1.2594458438287153,392,382,5,0,377,377,36925,15,0,0,15,5
2020-08-07,US,Mississippi,Amite,225,6,0,31.17467303,-90.80501621,28005.0,1829.7145645279334,2.6666666666666665,219,220,6,0,214,217,12326,5,0,0,5,3
2020-08-07,US,Mississippi,Attala,515,25,0,33.08658803,-89.57838564,28007.0,2833.718498954551,4.854368932038835,490,513,24,0,489,510,18365,2,1,0,1,3
2020-08-07,US,Mississippi,Benton,142,0,0,34.81681228,-89.18945516,28009.0,1719.3364814142149,0.0,142,133,0,0,133,128,8271,9,0,0,9,5
2020-08-07,US,Mississippi,Bolivar,1093,33,0,33.79696941,-90.87372121,28011.0,3568.630011753951,3.0192131747483986,1060,1163,33,0,1130,1010,31333,-70,0,0,-70,153
2020-08-07,US,Mississippi,Calhoun,407,9,0,33.93683395,-89.33686647,28013.0,2834.064480189402,2.211302211302211,398,400,9,0,391,392,14436,7,0,0,7,8
2020-08-07,US,Mississippi,Carroll,260,11,0,33.44834567,-89.91994479,28015.0,2613.853423142656,4.230769230769232,249,254,11,0,243,248,9911,6,0,0,6,6
2020-08-07,US,Mississippi,Chickasaw,450,19,0,33.91983202,-88.9481545,28017.0,2631.117347833713,4.222222222222221,431,441,19,0,422,438,17171,9,0,0,9,3
2020-08-07,US,Mississippi,Choctaw,131,4,0,33.34598242,-89.24809382,28019.0,1595.6151035322778,3.053435114503817,127,130,4,0,126,129,8278,1,0,0,1,1
2020-08-07,US,Mississippi,Claiborne,398,13,0,31.97061673,-90.90702196,28021.0,4428.126390743213,3.266331658291457,385,399,13,0,386,399,9002,-1,0,0,-1,0
2020-08-07,US,Mississippi,Clarke,325,25,0,32.04158545,-88.68896219999998,28023.0,2091.242519786372,7.6923076923076925,300,324,25,0,299,322,15604,1,0,0,1,2
2020-08-07,US,Mississippi,Clay,392,14,0,33.65358105,-88.77784255,28025.0,2029.405674052599,3.571428571428572,378,382,14,0,368,380,19386,10,0,0,10,2
2020-08-07,US,Mississippi,Coahoma,715,11,0,34.22772299,-90.60415045,28027.0,3231.7844874344605,1.5384615384615383,704,697,11,0,686,684,22628,18,0,0,18,13
2020-08-07,US,Mississippi,Copiah,945,28,0,31.86977774,-90.44565118,28029.0,3367.1833244254412,2.962962962962963,917,941,28,0,913,929,28543,4,0,0,4,12
2020-08-07,US,Mississippi,Covington,610,13,0,31.63225413,-89.55389939,28031.0,3273.2345996995064,2.1311475409836067,597,607,13,0,594,603,18853,3,0,0,3,4
2020-08-07,US,Mississippi,DeSoto,3574,30,0,34.87625235,-89.99091418,28033.0,1932.4664089323853,0.8393956351426972,3544,3523,28,0,3495,3472,182001,51,2,0,49,51
2020-08-07,US,Mississippi,Forrest,1758,55,0,31.18961454,-89.25832496,28035.0,2347.2235203012133,3.1285551763367465,1703,1721,55,0,1666,1701,75036,37,0,0,37,20
2020-08-07,US,Mississippi,Franklin,119,2,0,31.47786634,-90.89672989,28037.0,1542.8497342149615,1.680672268907563,117,116,2,0,114,115,7788,3,0,0,3,1
2020-08-07,US,Mississippi,George,549,4,0,30.86259065,-88.64436789,28039.0,2240.816326530612,0.7285974499089253,545,548,4,0,544,545,24250,1,0,0,1,3
2020-08-07,US,Mississippi,Greene,236,11,0,31.21444233,-88.63922281,28041.0,1737.0822905932578,4.6610169491525415,225,231,11,0,220,230,13586,5,0,0,5,1
2020-08-07,US,Mississippi,Grenada,838,21,0,33.77036166,-89.80245083,28043.0,4036.997783986897,2.505966587112172,817,830,21,0,809,819,21055,8,0,0,8,11
2020-08-07,US,Mississippi,Hancock,373,14,0,30.41830223,-89.48851033,28045.0,783.0870003359088,3.7533512064343166,359,363,14,0,349,349,47334,10,0,0,10,14
2020-08-07,US,Mississippi,Harrison,2406,35,0,30.51359752,-89.12467576,28047.0,1156.2860438292967,1.4546965918536992,2371,2378,35,0,2343,2287,206650,28,0,0,28,91
2020-08-07,US,Mississippi,Hinds,5544,117,0,32.2656285,-90.44435448,28049.0,2391.304347826087,2.1103896103896105,5427,5487,116,0,5371,5416,237085,57,1,0,56,71
2020-08-07,US,Mississippi,Holmes,873,48,0,33.12345854,-90.08923538,28051.0,5132.275132275132,5.498281786941581,825,863,48,0,815,859,17622,10,0,0,10,4
2020-08-07,US,Mississippi,Humphreys,283,11,0,33.12825718,-90.52252707,28053.0,3509.4246031746034,3.886925795053004,272,282,11,0,271,281,8257,1,0,0,1,1
2020-08-07,US,Mississippi,Issaquena,25,1,0,32.72531359,-90.97392828,28055.0,1883.9487565938207,4.0,24,25,1,0,24,24,1308,0,0,0,0,1
2020-08-07,US,Mississippi,Itawamba,348,10,0,34.27993475,-88.3606733,28057.0,1487.8153056861904,2.8735632183908044,338,337,10,0,327,323,23517,11,0,0,11,14
2020-08-07,US,Mississippi,Jackson,2225,42,0,30.54020656,-88.64184064,28059.0,1549.2594887791834,1.8876404494382024,2183,2201,42,0,2159,2156,143277,24,0,0,24,45
2020-08-07,US,Mississippi,Jasper,381,9,0,32.01922104,-89.11786866,28061.0,2325.581395348837,2.3622047244094486,372,381,9,0,372,379,16428,0,0,0,0,2
2020-08-07,US,Mississippi,Jefferson,194,6,0,31.73397872,-91.03764977,28063.0,2775.3934191702433,3.0927835051546397,188,194,6,0,188,193,7106,0,0,0,0,1
2020-08-07,US,Mississippi,Jefferson Davis,228,6,0,31.56884708,-89.82670990000004,28065.0,2048.8856937455066,2.631578947368421,222,226,6,0,220,225,11234,2,0,0,2,1
2020-08-07,US,Mississippi,Jones,1850,58,0,31.62257767,-89.16896899999998,28067.0,2716.673030044936,3.135135135135135,1792,1842,58,0,1784,1828,68461,8,0,0,8,14
2020-08-07,US,Mississippi,Kemper,227,14,0,32.75462946,-88.64105766,28069.0,2330.117019092589,6.167400881057269,213,228,15,0,213,227,10027,-1,-1,0,0,1
2020-08-07,US,Mississippi,Lafayette,956,15,0,34.35687874,-89.48490961,28071.0,1769.7476813713693,1.5690376569037656,941,937,14,0,923,907,54793,19,1,0,18,30
2020-08-07,US,Mississippi,Lamar,1192,14,0,31.20572971,-89.5077704,28073.0,1881.8180382994171,1.174496644295302,1178,1184,14,0,1170,1177,62447,8,0,0,8,7
2020-08-07,US,Mississippi,Lauderdale,1397,90,0,32.40419769,-88.66229662,28075.0,1884.654300168634,6.442376521116679,1307,1390,90,0,1300,1379,75317,7,0,0,7,11
2020-08-07,US,Mississippi,Lawrence,312,7,0,31.55147224,-90.10841127,28077.0,2478.944859367551,2.243589743589744,305,306,7,0,299,302,12455,6,0,0,6,4
2020-08-07,US,Mississippi,Leake,786,25,0,32.7536828,-89.52402044,28079.0,3449.4865268147114,3.1806615776081424,761,779,25,0,754,776,22763,7,0,0,7,3
2020-08-07,US,Mississippi,Lee,1383,33,0,34.291877500000005,-88.68149954,28081.0,1618.7555597172152,2.386117136659436,1350,1332,32,0,1300,1297,85202,51,1,0,50,35
2020-08-07,US,Mississippi,Leflore,907,62,0,33.55545125,-90.29900733,28083.0,3218.252137813576,6.835722160970231,845,893,62,0,831,882,28919,14,0,0,14,11
2020-08-07,US,Mississippi,Lincoln,796,41,0,31.53288662,-90.45391915,28085.0,2330.68837291014,5.150753768844222,755,790,41,0,749,787,34205,6,0,0,6,3
2020-08-07,US,Mississippi,Lowndes,1058,37,0,33.47386518,-88.44191529999998,28087.0,1805.614813550644,3.4971644612476367,1021,1039,35,0,1004,1023,58930,19,2,0,17,16
2020-08-07,US,Mississippi,Madison,2396,64,0,32.63389156,-90.03513564,28089.0,2254.591990364348,2.671118530884808,2332,2387,63,0,2324,2363,105630,9,1,0,8,24
2020-08-07,US,Mississippi,Marion,643,20,0,31.23132643,-89.8209217,28091.0,2616.693118463354,3.1104199066874028,623,638,19,0,619,634,24715,5,1,0,4,4
2020-08-07,US,Mississippi,Marshall,674,9,0,34.76216286,-89.50299462,28093.0,1909.673032243441,1.3353115727002969,665,638,9,0,629,616,35451,36,0,0,36,22
2020-08-07,US,Mississippi,Monroe,769,52,0,33.89236763,-88.4808438,28095.0,2181.4365142403267,6.762028608582575,717,747,51,0,696,731,35564,22,1,0,21,16
2020-08-07,US,Mississippi,Montgomery,315,3,0,33.49419589,-89.61729103,28097.0,3222.506393861893,0.9523809523809524,312,307,3,0,304,302,10023,8,0,0,8,5
2020-08-07,US,Mississippi,Neshoba,1284,92,0,32.75339664,-89.11726492,28099.0,4409.643519472491,7.165109034267912,1192,1278,91,0,1187,1264,29125,6,1,0,5,14
2020-08-07,US,Mississippi,Newton,537,11,0,32.40021118,-89.11843336,28101.0,2554.9528975164144,2.0484171322160147,526,535,11,0,524,530,21443,2,0,0,2,5
2020-08-07,US,Mississippi,Noxubee,448,11,0,33.11009499,-88.56949061,28103.0,4300.662378803879,2.455357142857143,437,444,11,0,433,438,10535,4,0,0,4,6
2020-08-07,US,Mississippi,Oktibbeha,1096,38,0,33.42491685,-88.87905132,28105.0,2210.2567205114237,3.4671532846715327,1058,1090,37,0,1053,1077,49599,6,1,0,5,13
2020-08-07,US,Mississippi,Panola,1026,12,0,34.36398677,-89.95064249,28107.0,3000.701918577445,1.1695906432748535,1014,980,12,0,968,960,34178,46,0,0,46,20
2020-08-07,US,Mississippi,Pearl River,529,37,0,30.77090935,-89.58677275,28109.0,952.5524444044296,6.994328922495273,492,520,37,0,483,515,55387,9,0,0,9,5
2020-08-07,US,Mississippi,Perry,223,7,0,31.17161885,-88.99281835,28111.0,1862.5240123611457,3.1390134529147984,216,220,7,0,213,220,11931,3,0,0,3,0
2020-08-07,US,Mississippi,Pike,896,35,0,31.17507789,-90.40392572,28113.0,2280.5945835878642,3.90625,861,877,34,0,843,861,39563,19,1,0,18,16
2020-08-07,US,Mississippi,Pontotoc,809,8,0,34.226046000000004,-89.03636807,28115.0,2514.45266364145,0.9888751545117428,801,791,8,0,783,780,31833,18,0,0,18,11
2020-08-07,US,Mississippi,Prentiss,403,10,0,34.61810501,-88.51986294,28117.0,1603.9162620393215,2.481389578163772,393,386,9,0,377,369,25315,17,1,0,16,17
2020-08-07,US,Mississippi,Quitman,252,1,0,34.25157572,-90.28908,28119.0,3710.2473498233217,0.3968253968253968,251,240,1,0,239,238,7051,12,0,0,12,2
2020-08-07,US,Mississippi,Rankin,2251,32,0,32.26469147,-89.94537876,28121.0,1449.723386852664,1.4215904042647711,2219,2220,32,0,2188,2202,153902,31,0,0,31,18
2020-08-07,US,Mississippi,Scott,995,20,0,32.406704100000006,-89.53789439,28123.0,3537.903569904708,2.010050251256281,975,987,20,0,967,978,28287,8,0,0,8,9
2020-08-07,US,Mississippi,Sharkey,194,4,0,32.88149103,-90.8159538,28125.0,4489.701457995834,2.061855670103093,190,190,3,0,187,191,4377,4,1,0,3,-1
2020-08-07,US,Mississippi,Simpson,786,30,0,31.91282117,-89.91716179,28127.0,2948.4582489309028,3.816793893129771,756,779,30,0,749,767,26758,7,0,0,7,12
2020-08-07,US,Mississippi,Smith,397,13,0,32.01744532,-89.50644846,28129.0,2494.345312892687,3.2745591939546603,384,394,13,0,381,389,16002,3,0,0,3,5
2020-08-07,US,Mississippi,Stone,186,4,0,30.79187949,-89.11547539,28131.0,1014.3979057591624,2.150537634408602,182,163,3,0,160,160,18717,23,1,0,22,3
2020-08-07,US,Mississippi,Sunflower,992,24,0,33.60192578,-90.58882684,28133.0,3950.617283950617,2.419354838709677,968,967,23,0,944,942,25735,25,1,0,24,25
2020-08-07,US,Mississippi,Tallahatchie,522,10,0,33.95339918,-90.1729398,28135.0,3780.143384749077,1.9157088122605364,512,407,10,0,397,512,13987,115,0,0,115,-105
2020-08-07,US,Mississippi,Tate,705,27,0,34.65133709,-89.94485778,28137.0,2489.3188799830514,3.8297872340425534,678,692,27,0,665,683,28759,13,0,0,13,9
2020-08-07,US,Mississippi,Tippah,342,13,0,34.76872156,-88.90988194,28139.0,1553.4862593686123,3.801169590643275,329,325,13,0,312,320,21995,17,0,0,17,5
2020-08-07,US,Mississippi,Tishomingo,363,5,0,34.74023475,-88.23917219,28141.0,1872.7751122117318,1.3774104683195592,358,350,5,0,345,344,19454,13,0,0,13,6
2020-08-07,US,Mississippi,Tunica,322,6,0,34.64967704,-90.37481167,28143.0,3343.0232558139533,1.8633540372670807,316,317,6,0,311,307,9944,5,0,0,5,10
2020-08-07,US,Mississippi,Union,601,16,0,34.49162015,-89.00776006,28145.0,2085.719243449593,2.6622296173044924,585,562,15,0,547,552,28606,39,1,0,38,10
2020-08-07,US,Mississippi,Walthall,491,19,0,31.14971548,-90.10446654,28147.0,3436.9312613747725,3.8696537678207736,472,489,19,0,470,482,14465,2,0,0,2,7
2020-08-07,US,Mississippi,Warren,1033,32,0,32.35810271,-90.83352619,28149.0,2276.2830259359644,3.0977734753146176,1001,1007,31,0,976,995,46176,26,1,0,25,12
2020-08-07,US,Mississippi,Washington,1606,40,0,33.28392041,-90.94196237,28151.0,3657.564508415132,2.4906600249066004,1566,1582,37,0,1545,1548,45063,24,3,0,21,34
2020-08-07,US,Mississippi,Wayne,753,21,0,31.64135687,-88.69573913,28153.0,3730.8626071446265,2.7888446215139444,732,749,21,0,728,749,20298,4,0,0,4,0
2020-08-07,US,Mississippi,Webster,225,12,0,33.61300486,-89.28392912,28155.0,2322.221075446383,5.333333333333333,213,216,12,0,204,211,9788,9,0,0,9,5
2020-08-07,US,Mississippi,Wilkinson,201,13,0,31.16078225,-91.31018819,28157.0,2329.0845886442644,6.467661691542289,188,194,13,0,181,193,8792,7,0,0,7,1
2020-08-07,US,Mississippi,Winston,611,16,0,33.08747908,-89.03391385,28159.0,3402.9518240044554,2.6186579378068737,595,604,15,0,589,593,18165,7,1,0,6,11
2020-08-07,US,Mississippi,Yalobusha,312,10,0,34.02824175,-89.70762049999998,28161.0,2576.808721506442,3.2051282051282053,302,307,10,0,297,304,12392,5,0,0,5,3
2020-08-07,US,Mississippi,Yazoo,815,12,0,32.77890365,-90.39656148,28163.0,2745.031997305489,1.4723926380368098,803,807,12,0,795,803,28248,8,0,0,8,4
2020-08-07,US,Missouri,Adair,152,0,0,40.19058551,-92.60078167,29001.0,599.7711399597523,0.0,152,150,0,0,150,143,25339,2,0,0,2,7
2020-08-07,US,Missouri,Andrew,88,1,0,39.98492163,-94.80163024,29003.0,496.8383017163505,1.1363636363636365,87,88,1,0,87,87,17607,0,0,0,0,1
2020-08-07,US,Missouri,Atchison,14,0,0,40.43238737,-95.42970639,29005.0,272.21466070386936,0.0,14,14,0,0,14,14,5171,0,0,0,0,0
2020-08-07,US,Missouri,Audrain,199,1,0,39.215877,-91.84242683,29007.0,783.834882621711,0.5025125628140703,198,198,1,0,197,198,25473,1,0,0,1,0
2020-08-07,US,Missouri,Barry,248,4,0,36.70978521,-93.82919888,29009.0,692.9503478722513,1.6129032258064515,244,245,2,0,243,242,35886,3,2,0,1,3
2020-08-07,US,Missouri,Barton,69,0,0,37.50207671,-94.34757022,29011.0,587.0342011230223,0.0,69,66,0,0,66,66,11798,3,0,0,3,0
2020-08-07,US,Missouri,Bates,44,1,0,38.25271289,-94.34113157,29013.0,272.0751916893396,2.272727272727273,43,44,1,0,43,42,16320,0,0,0,0,2
2020-08-07,US,Missouri,Benton,90,1,0,38.29503305,-93.28756116,29015.0,462.8915290850178,1.1111111111111112,89,87,1,0,86,78,19278,3,0,0,3,9
2020-08-07,US,Missouri,Bollinger,64,1,0,37.32449052,-90.02725304,29017.0,527.4870188741448,1.5625,63,62,1,0,61,59,12169,2,0,0,2,3
2020-08-07,US,Missouri,Boone,1328,3,0,38.99186229,-92.30723575,29019.0,735.8849182380876,0.2259036144578313,1325,1297,3,0,1294,1283,180005,31,0,0,31,14
2020-08-07,US,Missouri,Buchanan,1076,10,0,39.65816401,-94.80138942,29021.0,1231.6285884345955,0.929368029739777,1066,1075,10,0,1065,1069,88571,1,0,0,1,6
2020-08-07,US,Missouri,Butler,275,2,0,36.71462476,-90.40421163,29023.0,647.3939451009935,0.7272727272727273,273,264,2,0,262,253,42639,11,0,0,11,11
2020-08-07,US,Missouri,Caldwell,36,1,0,39.65620858,-93.98308093,29025.0,399.1130820399113,2.7777777777777777,35,36,1,0,35,36,9108,0,0,0,0,0
2020-08-07,US,Missouri,Callaway,142,1,0,38.83674754,-91.92186505,29027.0,317.36807992311645,0.7042253521126759,141,137,1,0,136,133,44889,5,0,0,5,4
2020-08-07,US,Missouri,Camden,339,5,0,38.02199522,-92.76083747,29029.0,732.1023647554259,1.4749262536873156,334,335,5,0,330,326,45815,4,0,0,4,9
2020-08-07,US,Missouri,Cape Girardeau,636,5,0,37.38489388,-89.6843587,29031.0,806.3800382903729,0.7861635220125787,631,627,5,0,622,614,78753,9,0,0,9,13
2020-08-07,US,Missouri,Carroll,100,0,0,39.42762566,-93.50626255,29033.0,1152.2064754003916,0.0,100,99,0,0,99,99,8743,1,0,0,1,0
2020-08-07,US,Missouri,Carter,20,1,0,36.94160441,-90.96051322,29035.0,334.33634236041456,5.0,19,20,1,0,19,20,6054,0,0,0,0,0
2020-08-07,US,Missouri,Cass,705,9,0,38.64789422,-94.353399,29037.0,666.4775950085083,1.2765957446808511,696,692,9,0,683,679,104954,13,0,0,13,13
2020-08-07,US,Missouri,Cedar,38,0,0,37.72391475,-93.85445441,29039.0,264.82681719980485,0.0,38,37,0,0,37,36,14165,1,0,0,1,1
2020-08-07,US,Missouri,Chariton,17,0,0,39.51499357,-92.9629191,29041.0,228.92539725289524,0.0,17,16,0,0,16,16,7451,1,0,0,1,0
2020-08-07,US,Missouri,Christian,335,1,0,36.9711783,-93.18537118,29043.0,378.1251763643548,0.29850746268656714,334,324,1,0,323,311,86983,11,0,0,11,13
2020-08-07,US,Missouri,Clark,20,0,0,40.41040752,-91.73661677,29045.0,294.2474621156393,0.0,20,18,0,0,18,15,6842,2,0,0,2,3
2020-08-07,US,Missouri,Clay,1011,20,0,39.31132056,-94.41850862,29047.0,404.4841326996015,1.9782393669634024,991,984,20,0,964,974,246365,27,0,0,27,10
2020-08-07,US,Missouri,Clinton,79,0,0,39.6013098,-94.40465394,29049.0,387.5018394074655,0.0,79,72,0,0,72,68,20470,7,0,0,7,4
2020-08-07,US,Missouri,Cole,376,3,0,38.50455671,-92.27860244,29051.0,489.9341976676005,0.7978723404255319,373,362,3,0,359,354,76796,14,0,0,14,8
2020-08-07,US,Missouri,Cooper,116,0,0,38.844478,-92.80896081,29053.0,655.0341634197301,0.0,116,111,0,0,111,107,17603,5,0,0,5,4
2020-08-07,US,Missouri,Crawford,71,0,0,37.97663738,-91.30528104,29055.0,296.82274247491637,0.0,71,69,0,0,69,62,23957,2,0,0,2,7
2020-08-07,US,Missouri,Dade,15,0,0,37.431814,-93.8503345,29057.0,198.3864568178812,0.0,15,14,0,0,14,15,7569,1,0,0,1,-1
2020-08-07,US,Missouri,Dallas,60,1,0,37.6811355,-93.02127031,29059.0,355.4923569143264,1.6666666666666667,59,58,1,0,57,53,16762,2,0,0,2,5
2020-08-07,US,Missouri,Daviess,17,0,0,39.96145298,-93.98519678,29061.0,205.36361439961343,0.0,17,17,0,0,17,17,8313,0,0,0,0,0
2020-08-07,US,Missouri,DeKalb,35,1,0,39.89201062,-94.40476508,29063.0,278.95114369968917,2.8571428571428568,34,36,1,0,35,35,12630,-1,0,0,-1,1
2020-08-07,US,Missouri,Dent,10,0,0,37.60663134,-91.50790473,29065.0,64.21370320426381,0.0,10,10,0,0,10,9,15441,0,0,0,0,1
2020-08-07,US,Missouri,Douglas,83,2,0,36.9325593,-92.49905109,29067.0,629.5032233598788,2.409638554216868,81,84,2,0,82,83,13373,-1,0,0,-1,1
2020-08-07,US,Missouri,Dunklin,300,4,0,36.27167174,-90.09122243,29069.0,1029.8307644777044,1.3333333333333333,296,288,4,0,284,276,29423,12,0,0,12,12
2020-08-07,US,Missouri,Franklin,590,18,0,38.41127108,-91.07522826,29071.0,567.487760539402,3.0508474576271185,572,586,18,0,568,566,103670,4,0,0,4,20
2020-08-07,US,Missouri,Gasconade,21,0,0,38.43947277,-91.50847147,29073.0,142.7988576091391,0.0,21,20,0,0,20,20,14705,1,0,0,1,0
2020-08-07,US,Missouri,Gentry,83,9,0,40.21097916,-94.40944419,29075.0,1263.125856034089,10.843373493975903,74,83,9,0,74,82,6628,0,0,0,0,1
2020-08-07,US,Missouri,Greene,1440,10,0,37.2575872,-93.34230916,29077.0,491.3233658380134,0.6944444444444444,1430,1400,10,0,1390,1350,291923,40,0,0,40,50
2020-08-07,US,Missouri,Grundy,25,1,0,40.11406587,-93.56509276,29079.0,253.8071065989848,4.0,24,25,1,0,24,25,9914,0,0,0,0,0
2020-08-07,US,Missouri,Harrison,60,1,0,40.35570088,-93.99222144,29081.0,718.3908045977013,1.6666666666666667,59,59,1,0,58,60,8414,1,0,0,1,-1
2020-08-07,US,Missouri,Henry,76,3,0,38.38482826,-93.79293734,29083.0,348.2404692082112,3.947368421052632,73,76,3,0,73,73,21792,0,0,0,0,3
2020-08-07,US,Missouri,Hickory,28,0,0,37.94163617,-93.3203037,29085.0,293.3780385582565,0.0,28,25,0,0,25,21,9509,3,0,0,3,4
2020-08-07,US,Missouri,Holt,8,0,0,40.09799248,-95.2163888,29087.0,181.69429934135812,0.0,8,6,0,0,6,6,4404,2,0,0,2,0
2020-08-07,US,Missouri,Howard,49,0,0,39.1435761,-92.69756691,29089.0,489.95100489951005,0.0,49,47,0,0,47,47,10137,2,0,0,2,0
2020-08-07,US,Missouri,Howell,152,2,0,36.77383887,-91.88683935,29091.0,378.8917416556572,1.3157894736842106,150,145,2,0,143,143,40076,7,0,0,7,2
2020-08-07,US,Missouri,Iron,21,0,0,37.55487945,-90.7735296,29093.0,207.40740740740745,0.0,21,23,0,0,23,22,10177,-2,0,0,-2,1
2020-08-07,US,Missouri,Jackson,3909,64,0,39.01002188,-94.34724536,29095.0,556.0368187695499,1.6372473778459964,3845,3810,62,0,3748,3713,700307,99,2,0,97,97
2020-08-07,US,Missouri,Jasper,1738,30,0,37.20351921,-94.34050458,29097.0,1432.4805485955426,1.7261219792865363,1708,1706,28,0,1678,1694,120636,32,2,0,30,12
2020-08-07,US,Missouri,Jefferson,1544,24,0,38.25926778,-90.53870896,29099.0,685.9752711246174,1.5544041450777202,1520,1510,24,0,1486,1486,224347,34,0,0,34,24
2020-08-07,US,Missouri,Johnson,486,2,0,38.74719601,-93.80691168,29101.0,898.9678517257962,0.41152263374485604,484,476,2,0,474,474,53652,10,0,0,10,2
2020-08-07,US,Missouri,Kansas City,6476,61,0,39.0997,-94.5786,0.0,1324.489766700822,0.941939468807906,6415,6365,58,0,6307,6268,491918,111,3,0,108,97
2020-08-07,US,Missouri,Knox,27,0,0,40.12699751,-92.14780832,29103.0,681.9904016165699,0.0,27,26,0,0,26,24,3947,1,0,0,1,2
2020-08-07,US,Missouri,Laclede,195,1,0,37.65896829,-92.5888493,29105.0,545.8668084987263,0.5128205128205128,194,191,1,0,190,197,35713,4,0,0,4,-6
2020-08-07,US,Missouri,Lafayette,175,2,0,39.06986886,-93.78076396,29107.0,535.0372997431822,1.1428571428571428,173,171,2,0,169,166,32598,4,0,0,4,5
2020-08-07,US,Missouri,Lawrence,211,2,0,37.10626634,-93.83293097,29109.0,550.1238430452353,0.9478672985781992,209,205,2,0,203,202,38359,6,0,0,6,3
2020-08-07,US,Missouri,Lewis,40,1,0,40.09673161,-91.72070156,29111.0,409.165302782324,2.5,39,37,1,0,36,35,9855,3,0,0,3,2
2020-08-07,US,Missouri,Lincoln,360,1,0,39.05345619,-90.95588181,29113.0,610.0350770169284,0.2777777777777778,359,352,1,0,351,343,57686,8,0,0,8,9
2020-08-07,US,Missouri,Linn,29,1,0,39.87001769,-93.10704106,29115.0,243.28859060402684,3.4482758620689653,28,30,1,0,29,31,12037,-1,0,0,-1,-1
2020-08-07,US,Missouri,Livingston,60,0,0,39.78110272,-93.54645978,29117.0,394.0369081237277,0.0,60,54,0,0,54,53,15146,6,0,0,6,1
2020-08-07,US,Missouri,Macon,57,0,0,39.83049768,-92.56453089,29121.0,377.05894026592586,0.0,57,56,0,0,56,55,15153,1,0,0,1,1
2020-08-07,US,Missouri,Madison,24,0,0,37.47865134,-90.3467143,29123.0,198.5440105890139,0.0,24,24,0,0,24,18,12188,0,0,0,0,6
2020-08-07,US,Missouri,Maries,20,0,0,38.16193985,-91.92249662,29125.0,229.96435552489362,0.0,20,20,0,0,20,18,8769,0,0,0,0,2
2020-08-07,US,Missouri,Marion,181,1,0,39.80601912,-91.62203062,29127.0,634.4199088678582,0.5524861878453039,180,171,1,0,170,164,28592,10,0,0,10,7
2020-08-07,US,Missouri,McDonald,950,7,0,36.62869595,-94.34867205,29119.0,4159.915925909709,0.7368421052631579,943,946,7,0,939,942,23078,4,0,0,4,4
2020-08-07,US,Missouri,Mercer,10,0,0,40.42212303,-93.5682959,29129.0,276.4722145424385,0.0,10,10,0,0,10,11,3641,0,0,0,0,-1
2020-08-07,US,Missouri,Miller,114,1,0,38.21450288,-92.42610898,29131.0,444.98223974394006,0.8771929824561403,113,111,1,0,110,109,25336,3,0,0,3,2
2020-08-07,US,Missouri,Mississippi,134,0,0,36.82516239,-89.29505753,29133.0,1016.6919575113808,0.0,134,134,0,0,134,133,13336,0,0,0,0,1
2020-08-07,US,Missouri,Moniteau,139,2,0,38.63571781,-92.57976951,29135.0,861.6414579717333,1.4388489208633093,137,138,2,0,136,136,16121,1,0,0,1,2
2020-08-07,US,Missouri,Monroe,27,0,0,39.49593978,-92.00043978,29137.0,312.35539102267467,0.0,27,26,0,0,26,24,8664,1,0,0,1,2
2020-08-07,US,Missouri,Montgomery,41,0,0,38.94022054,-91.47000721,29139.0,354.9476235823738,0.0,41,41,0,0,41,41,11534,0,0,0,0,0
2020-08-07,US,Missouri,Morgan,78,0,0,38.4181765,-92.88791859,29141.0,378.1451495612546,0.0,78,76,0,0,76,74,20358,2,0,0,2,2
2020-08-07,US,Missouri,New Madrid,230,1,0,36.59666326,-89.66070007,29143.0,1346.9196533145935,0.43478260869565216,229,216,1,0,215,205,17296,14,0,0,14,11
2020-08-07,US,Missouri,Newton,868,6,0,36.90519407,-94.3394104,29145.0,1490.4869839961536,0.6912442396313364,862,844,6,0,838,833,58266,24,0,0,24,11
2020-08-07,US,Missouri,Nodaway,175,0,0,40.36079813,-94.88133008,29147.0,792.1419518377693,0.0,175,174,0,0,174,168,22304,1,0,0,1,6
2020-08-07,US,Missouri,Oregon,14,0,0,36.68710164,-91.4033755,29149.0,132.96609364612024,0.0,14,14,0,0,14,14,10541,0,0,0,0,0
2020-08-07,US,Missouri,Osage,45,1,0,38.46036182,-91.8613635,29151.0,330.5178112376057,2.2222222222222223,44,44,1,0,43,46,13714,1,0,0,1,-2
2020-08-07,US,Missouri,Ozark,12,0,0,36.64916339,-92.44459066,29153.0,130.80444735120994,0.0,12,9,0,0,9,8,9017,3,0,0,3,1
2020-08-07,US,Missouri,Pemiscot,234,9,0,36.2130572,-89.78742322,29155.0,1480.5441316039228,3.8461538461538463,225,227,9,0,218,226,16272,7,0,0,7,1
2020-08-07,US,Missouri,Perry,223,4,0,37.70660776,-89.82741088,29157.0,1165.3428093645484,1.7937219730941705,219,218,4,0,214,214,19150,5,0,0,5,4
2020-08-07,US,Missouri,Pettis,487,4,0,38.72798918,-93.28471706,29159.0,1150.2397316894592,0.8213552361396304,483,473,3,0,470,454,42542,14,1,0,13,19
2020-08-07,US,Missouri,Phelps,81,0,0,37.87736118,-91.79351727,29161.0,181.72436228209904,0.0,81,84,0,0,84,79,44732,-3,0,0,-3,5
2020-08-07,US,Missouri,Pike,95,1,0,39.34310674,-91.16980779,29163.0,519.0689542126544,1.0526315789473684,94,86,1,0,85,79,18504,9,0,0,9,7
2020-08-07,US,Missouri,Platte,343,10,0,39.38154439,-94.77068479,29165.0,328.4874255396578,2.915451895043732,333,338,10,0,328,332,102985,5,0,0,5,6
2020-08-07,US,Missouri,Polk,209,0,0,37.6162296,-93.39828174,29167.0,650.0979812746897,0.0,209,200,0,0,200,196,32201,9,0,0,9,4
2020-08-07,US,Missouri,Pulaski,197,1,0,37.82462075,-92.20783203,29169.0,374.47487976885213,0.5076142131979695,196,195,1,0,194,192,52014,2,0,0,2,3
2020-08-07,US,Missouri,Putnam,13,1,0,40.47942497,-93.02042674,29171.0,276.83134582623507,7.6923076923076925,12,13,1,0,12,13,4757,0,0,0,0,0
2020-08-07,US,Missouri,Ralls,29,0,0,39.52817427,-91.51838643,29173.0,281.3075953050732,0.0,29,25,0,0,25,25,10212,4,0,0,4,0
2020-08-07,US,Missouri,Randolph,67,1,0,39.44007257,-92.4971374,29175.0,270.7289477937611,1.492537313432836,66,64,1,0,63,60,24763,3,0,0,3,4
2020-08-07,US,Missouri,Ray,116,2,0,39.3537468,-93.98905745,29177.0,503.95342775219393,1.7241379310344829,114,117,0,0,117,110,22883,-1,2,0,-3,7
2020-08-07,US,Missouri,Reynolds,16,0,0,37.36085952,-90.97009925,29179.0,255.18341307814998,0.0,16,16,0,0,16,16,6254,0,0,0,0,0
2020-08-07,US,Missouri,Ripley,51,0,0,36.65460667,-90.85990261,29181.0,383.8049367850692,0.0,51,48,0,0,48,47,13401,3,0,0,3,1
2020-08-07,US,Missouri,Saline,424,7,0,39.13734288,-93.20259964,29195.0,1862.8355520407715,1.650943396226415,417,421,7,0,414,421,22895,3,0,0,3,0
2020-08-07,US,Missouri,Schuyler,10,0,0,40.46921489,-92.52311943,29197.0,214.5922746781116,0.0,10,10,0,0,10,9,4599,0,0,0,0,1
2020-08-07,US,Missouri,Scotland,14,1,0,40.45214695,-92.14709064,29199.0,285.5977152182782,7.142857142857142,13,14,1,0,13,14,4966,0,0,0,0,0
2020-08-07,US,Missouri,Scott,381,13,0,37.05588075,-89.56474493,29201.0,995.2978056426332,3.4120734908136483,368,368,13,0,355,358,38458,13,0,0,13,10
2020-08-07,US,Missouri,Shannon,43,1,0,37.15772072,-91.40190382,29203.0,526.573597844722,2.3255813953488373,42,43,1,0,42,44,8189,0,0,0,0,-1
2020-08-07,US,Missouri,Shelby,30,0,0,39.79742518,-92.07634971,29205.0,505.9021922428331,0.0,30,31,0,0,31,29,6050,-1,0,0,-1,2
2020-08-07,US,Missouri,St. Charles,3954,87,0,38.77875681,-90.66662425,29183.0,983.528264622334,2.200303490136571,3867,3895,87,0,3808,3842,399182,59,0,0,59,53
2020-08-07,US,Missouri,St. Clair,18,0,0,38.03699437,-93.77631447,29185.0,191.5504948387783,0.0,18,18,0,0,18,19,9395,0,0,0,0,-1
2020-08-07,US,Missouri,St. Francois,350,2,0,37.81214171,-90.47598685,29187.0,520.7171018373874,0.5714285714285714,348,344,2,0,342,334,66692,6,0,0,6,10
2020-08-07,US,Missouri,St. Louis,14563,662,0,38.63770039999999,-90.4458375,29189.0,1464.7884490623162,4.545766668955572,13901,14362,653,0,13709,14074,996945,201,9,0,192,288
2020-08-07,US,Missouri,St. Louis City,5058,172,0,38.63555736,-90.24349225,29510.0,1682.7690833599488,3.4005535784895216,4886,5002,171,0,4831,4857,302838,56,1,0,55,145
2020-08-07,US,Missouri,Ste. Genevieve,53,1,0,37.89090059,-90.1949941,29186.0,296.1886665921538,1.8867924528301887,52,51,1,0,50,51,17888,2,0,0,2,0
2020-08-07,US,Missouri,Stoddard,224,9,0,36.85571651,-89.9444155,29207.0,771.7484926787253,4.017857142857143,215,220,9,0,211,215,29206,4,0,0,4,5
2020-08-07,US,Missouri,Stone,123,1,0,36.75000327,-93.45256475,29209.0,384.9524286429644,0.8130081300813008,122,111,1,0,110,106,31749,12,0,0,12,5
2020-08-07,US,Missouri,Sullivan,141,0,0,40.2099105,-93.11150106,29211.0,2315.651174248645,0.0,141,140,0,0,140,139,6221,1,0,0,1,1
2020-08-07,US,Missouri,Taney,548,3,0,36.65465345,-93.04075153,29213.0,979.8312115577173,0.5474452554744526,545,521,3,0,518,507,55852,27,0,0,27,14
2020-08-07,US,Missouri,Texas,50,0,0,37.31728859,-91.96564727,29215.0,196.86589495235845,0.0,50,47,0,0,47,45,25571,3,0,0,3,2
2020-08-07,US,Missouri,Vernon,49,0,0,37.8457799,-94.34127305,29217.0,238.29207800418223,0.0,49,48,0,0,48,47,20528,1,0,0,1,1
2020-08-07,US,Missouri,Warren,191,0,0,38.76529479,-91.16124662,29219.0,535.7794047518863,0.0,191,189,0,0,189,185,34711,2,0,0,2,4
2020-08-07,US,Missouri,Washington,69,1,0,37.96130078,-90.87948158,29221.0,279.0133441164577,1.4492753623188406,68,67,1,0,66,66,24943,2,0,0,2,1
2020-08-07,US,Missouri,Wayne,55,0,0,37.11303869,-90.46001416,29223.0,427.2508350811777,0.0,55,52,0,0,52,45,13122,3,0,0,3,7
2020-08-07,US,Missouri,Webster,128,1,0,37.2813734,-92.876329,29225.0,323.29763588603765,0.78125,127,128,1,0,127,125,39109,0,0,0,0,3
2020-08-07,US,Missouri,Worth,9,0,0,40.47945588,-94.42328751,29227.0,447.0938897168405,0.0,9,9,0,0,9,9,2040,0,0,0,0,0
2020-08-07,US,Missouri,Wright,61,0,0,37.27029221,-92.46914488,29229.0,333.5338181420526,0.0,61,60,0,0,60,58,18378,1,0,0,1,2
2020-08-07,US,Montana,Beaverhead,61,0,0,45.13434354,-112.89846940000001,30001.0,645.2977890616737,0.0,61,58,0,0,58,57,9404,3,0,0,3,1
2020-08-07,US,Montana,Big Horn,407,13,0,45.42335905,-107.492347,30003.0,3055.7849688415045,3.194103194103194,394,394,11,0,383,375,13338,13,2,0,11,19
2020-08-07,US,Montana,Blaine,10,0,0,48.43175214,-108.9582723,30005.0,149.678191887442,0.0,10,10,0,0,10,10,6807,0,0,0,0,0
2020-08-07,US,Montana,Broadwater,11,0,0,46.33277565,-111.49558130000001,30007.0,176.36684303350967,0.0,11,11,0,0,11,11,6085,0,0,0,0,0
2020-08-07,US,Montana,Carbon,67,0,0,45.22850116,-109.0274047,30009.0,624.7086247086247,0.0,67,60,0,0,60,60,10714,7,0,0,7,0
2020-08-07,US,Montana,Cascade,162,3,0,47.30797024,-111.3467922,30013.0,199.10036133028538,1.851851851851852,159,161,2,0,159,159,81643,1,1,0,0,2
2020-08-07,US,Montana,Chouteau,8,0,0,47.88084126,-110.4353362,30015.0,141.9698314108252,0.0,8,7,0,0,7,7,5745,1,0,0,1,0
2020-08-07,US,Montana,Custer,61,2,0,46.25319932,-105.57375259999998,30017.0,534.9938607261884,3.278688524590164,59,58,2,0,56,58,11586,3,0,0,3,0
2020-08-07,US,Montana,Daniels,3,0,0,48.78420029,-105.54763429999998,30019.0,177.5147928994083,0.0,3,3,0,0,3,3,1747,0,0,0,0,0
2020-08-07,US,Montana,Dawson,17,0,0,47.26584855,-104.89444170000002,30021.0,197.376059445025,0.0,17,16,0,0,16,16,8680,1,0,0,1,0
2020-08-07,US,Montana,Deer Lodge,25,0,0,46.05953325,-113.073353,30023.0,273.52297592997814,0.0,25,23,0,0,23,23,9131,2,0,0,2,0
2020-08-07,US,Montana,Fallon,2,0,0,46.33478338,-104.41835649999999,30025.0,70.27406886858749,0.0,2,2,0,0,2,2,2920,0,0,0,0,0
2020-08-07,US,Montana,Fergus,9,0,0,47.26331584,-109.2245206,30027.0,81.44796380090497,0.0,9,9,0,0,9,8,11113,0,0,0,0,1
2020-08-07,US,Montana,Flathead,322,2,0,48.29575866,-114.05205690000001,30029.0,310.194015760168,0.6211180124223602,320,301,2,0,299,276,102106,21,0,0,21,25
2020-08-07,US,Montana,Gallatin,915,3,0,45.54486106,-111.1692571,30031.0,799.587535173113,0.3278688524590164,912,908,3,0,905,887,111876,7,0,0,7,21
2020-08-07,US,Montana,Garfield,12,0,0,47.27545948,-107.0002351,30033.0,953.8950715421304,0.0,12,12,0,0,12,12,1268,0,0,0,0,0
2020-08-07,US,Montana,Glacier,69,1,0,48.70513576,-112.9934235,30035.0,501.7087180978696,1.4492753623188406,68,63,1,0,62,60,13747,6,0,0,6,3
2020-08-07,US,Montana,Golden Valley,3,0,0,46.3816474,-109.17685220000001,30037.0,365.4080389768576,0.0,3,3,0,0,3,3,826,0,0,0,0,0
2020-08-07,US,Montana,Granite,13,0,0,46.40605220000001,-113.4414186,30039.0,384.72920982539216,0.0,13,13,0,0,13,13,3378,0,0,0,0,0
2020-08-07,US,Montana,Hill,42,2,0,48.62879827,-110.1129252,30041.0,254.79252608590144,4.761904761904762,40,41,0,0,41,41,16347,1,2,0,-1,0
2020-08-07,US,Montana,Jefferson,27,0,0,46.14907081,-112.094396,30043.0,220.9311840274937,0.0,27,27,0,0,27,27,12097,0,0,0,0,0
2020-08-07,US,Montana,Judith Basin,3,0,0,47.04581276,-110.26606880000001,30045.0,149.47683109118088,0.0,3,3,0,0,3,3,1952,0,0,0,0,0
2020-08-07,US,Montana,Lake,179,1,0,47.64514965,-114.0898013,30047.0,587.6945301726968,0.5586592178770949,178,176,1,0,175,170,30250,3,0,0,3,6
2020-08-07,US,Montana,Lewis and Clark,152,1,0,47.12610041,-112.39469799999999,30049.0,218.91923032607448,0.6578947368421053,151,151,1,0,150,147,68700,1,0,0,1,4
2020-08-07,US,Montana,Liberty,1,0,0,48.56084317,-111.02430700000001,30051.0,42.78990158322636,0.0,1,1,0,0,1,1,2430,0,0,0,0,0
2020-08-07,US,Montana,Lincoln,74,2,0,48.54265777,-115.4046155,30053.0,370.3703703703704,2.702702702702702,72,73,2,0,71,73,19794,1,0,0,1,0
2020-08-07,US,Montana,Madison,82,1,0,45.30080065,-111.9173017,30057.0,953.4883720930233,1.2195121951219512,81,79,1,0,78,78,8768,3,0,0,3,1
2020-08-07,US,Montana,McCone,3,0,0,47.64469406,-105.79449939999999,30055.0,180.2884615384616,0.0,3,3,0,0,3,2,1675,0,0,0,0,1
2020-08-07,US,Montana,Meagher,4,0,0,46.59907074,-110.8898557,30059.0,214.8227712137487,0.0,4,4,0,0,4,4,1866,0,0,0,0,0
2020-08-07,US,Montana,Missoula,318,0,0,47.03728583,-113.92135079999998,30063.0,265.886287625418,0.0,318,298,0,0,298,267,118791,20,0,0,20,31
2020-08-07,US,Montana,Musselshell,3,0,0,46.49684637,-108.39498,30065.0,64.7528599179797,0.0,3,3,0,0,3,2,4651,0,0,0,0,1
2020-08-07,US,Montana,Park,55,0,0,45.48965095,-110.52643940000002,30067.0,331.20558834156327,0.0,55,55,0,0,55,54,16736,0,0,0,0,1
2020-08-07,US,Montana,Phillips,21,0,0,48.25936577,-107.9128511,30071.0,531.1077389984825,0.0,21,5,0,0,5,5,4074,16,0,0,16,0
2020-08-07,US,Montana,Pondera,11,0,0,48.22773388,-112.22527029999999,30073.0,186.09372356623246,0.0,11,10,0,0,10,10,5972,1,0,0,1,0
2020-08-07,US,Montana,Powder River,1,0,0,45.39617714,-105.636738,30075.0,59.453032104637344,0.0,1,1,0,0,1,1,1716,0,0,0,0,0
2020-08-07,US,Montana,Powell,2,0,0,46.85538891,-112.93591640000001,30077.0,29.027576197387518,0.0,2,2,0,0,2,2,6968,0,0,0,0,0
2020-08-07,US,Montana,Prairie,1,0,0,46.86048047,-105.379384,30079.0,92.85051067780873,0.0,1,1,0,0,1,1,1087,0,0,0,0,0
2020-08-07,US,Montana,Ravalli,82,1,0,46.08520862,-114.11891640000002,30081.0,187.18896954755056,1.2195121951219512,81,74,1,0,73,74,43172,8,0,0,8,0
2020-08-07,US,Montana,Richland,47,2,0,47.78668011,-104.5610786,30083.0,435.0643339813015,4.25531914893617,45,47,2,0,45,47,10913,0,0,0,0,0
2020-08-07,US,Montana,Roosevelt,21,0,0,48.29607488,-105.00792679999999,30085.0,190.83969465648855,0.0,21,21,0,0,21,20,11059,0,0,0,0,1
2020-08-07,US,Montana,Rosebud,32,1,0,46.23397237,-106.72928799999998,30087.0,358.0619894819291,3.125,31,32,1,0,31,31,9063,0,0,0,0,1
2020-08-07,US,Montana,Sanders,9,0,0,47.67657534,-115.1329916,30089.0,74.30033847931973,0.0,9,9,0,0,9,9,11844,0,0,0,0,0
2020-08-07,US,Montana,Sheridan,5,0,0,48.72085833,-104.50382900000001,30091.0,151.1030522816561,0.0,5,4,0,0,4,4,3424,1,0,0,1,0
2020-08-07,US,Montana,Silver Bow,85,0,0,45.90018933,-112.6620092,30093.0,243.4483746240871,0.0,85,75,0,0,75,75,34993,10,0,0,10,0
2020-08-07,US,Montana,Stillwater,23,0,0,45.67071407,-109.3950061,30095.0,238.53972204936738,0.0,23,22,0,0,22,20,9534,1,0,0,1,2
2020-08-07,US,Montana,Sweet Grass,5,1,0,45.81367654,-109.9425686,30097.0,133.7971635001338,20.0,4,5,1,0,4,5,3710,0,0,0,0,0
2020-08-07,US,Montana,Teton,15,0,0,47.83741052,-112.24106880000001,30099.0,244.0214738897023,0.0,15,15,0,0,15,15,6162,0,0,0,0,0
2020-08-07,US,Montana,Toole,42,6,0,48.65577551,-111.69424140000001,30101.0,886.8243243243244,14.285714285714285,36,40,6,0,34,36,4853,2,0,0,2,4
2020-08-07,US,Montana,Treasure,2,0,0,46.20973220000001,-107.26665159999999,30103.0,287.3563218390805,0.0,2,2,0,0,2,2,679,0,0,0,0,0
2020-08-07,US,Montana,Valley,15,0,0,48.36435097,-106.6669635,30105.0,202.8123309897242,0.0,15,14,0,0,14,13,7437,1,0,0,1,1
2020-08-07,US,Montana,Wheatland,3,0,0,46.46652491,-109.84646359999999,30107.0,141.11006585136406,0.0,3,3,0,0,3,3,2236,0,0,0,0,0
2020-08-07,US,Montana,Wibaux,3,0,0,46.95925154,-104.2510927,30109.0,309.59752321981426,0.0,3,3,0,0,3,3,1034,0,0,0,0,0
2020-08-07,US,Montana,Yellowstone,1212,28,0,45.93955949,-108.26914860000001,30111.0,751.3949163050219,2.31023102310231,1184,1191,28,0,1163,1144,160137,21,0,0,21,47
2020-08-07,US,Nebraska,Adams,353,11,0,40.52449420000001,-98.50117804,31001.0,1125.53008321908,3.1161473087818696,342,350,11,0,339,346,31511,3,0,0,3,4
2020-08-07,US,Nebraska,Antelope,19,1,0,42.17695516,-98.06662829999999,31003.0,301.6830739917434,5.2631578947368425,18,19,1,0,18,19,6336,0,0,0,0,0
2020-08-07,US,Nebraska,Arthur,1,0,0,41.56896142,-101.6959559,31005.0,215.98272138228938,0.0,1,1,0,0,1,,465,0,0,0,0,
2020-08-07,US,Nebraska,Banner,3,0,0,41.54634427,-103.7114332,31007.0,402.6845637583893,0.0,3,2,0,0,2,2,730,1,0,0,1,0
2020-08-07,US,Nebraska,Boone,8,0,0,41.70759415,-98.06737183,31011.0,154.08320493066256,0.0,8,7,0,0,7,7,5239,1,0,0,1,0
2020-08-07,US,Nebraska,Box Butte,11,0,0,42.22079243,-103.08788340000001,31013.0,102.01242696837616,0.0,11,11,0,0,11,11,10772,0,0,0,0,0
2020-08-07,US,Nebraska,Boyd,4,0,0,42.899727399999996,-98.76486568,31015.0,208.4418968212611,0.0,4,4,0,0,4,1,1955,0,0,0,0,3
2020-08-07,US,Nebraska,Buffalo,401,1,0,40.85486962,-99.07500296,31019.0,807.5071990978473,0.2493765586034913,400,385,1,0,384,376,49615,16,0,0,16,9
2020-08-07,US,Nebraska,Burt,31,0,0,41.85056773,-96.32605633,31021.0,479.9504567270475,0.0,31,29,0,0,29,26,6488,2,0,0,2,3
2020-08-07,US,Nebraska,Butler,60,0,0,41.22703692,-97.13106306,31023.0,748.502994011976,0.0,60,58,0,0,58,57,8058,2,0,0,2,1
2020-08-07,US,Nebraska,Cass,172,2,0,40.90899107,-96.13971217,31025.0,655.2880219445291,1.162790697674419,170,169,2,0,167,163,26159,3,0,0,3,6
2020-08-07,US,Nebraska,Cedar,22,0,0,42.598885100000004,-97.25311951,31027.0,261.8424184717924,0.0,22,22,0,0,22,22,8446,0,0,0,0,0
2020-08-07,US,Nebraska,Chase,6,0,0,40.523719799999995,-101.69780259999999,31029.0,152.9051987767584,0.0,6,6,0,0,6,6,3977,0,0,0,0,0
2020-08-07,US,Nebraska,Cherry,4,0,0,42.54502621,-101.1244332,31031.0,70.31112673580594,0.0,4,4,0,0,4,4,5761,0,0,0,0,0
2020-08-07,US,Nebraska,Cheyenne,26,0,0,41.21999357,-102.9941693,31033.0,291.8069584736251,0.0,26,26,0,0,26,26,9310,0,0,0,0,0
2020-08-07,US,Nebraska,Clay,50,0,0,40.52439441,-98.05126296,31035.0,806.0615831049491,0.0,50,49,0,0,49,49,6214,1,0,0,1,0
2020-08-07,US,Nebraska,Colfax,700,4,0,41.57486951,-97.0868542,31037.0,6536.558035297413,0.5714285714285714,696,698,4,0,694,696,10881,2,0,0,2,2
2020-08-07,US,Nebraska,Cuming,67,0,0,41.91637624,-96.78730772,31039.0,757.4044765995932,0.0,67,67,0,0,67,65,8940,0,0,0,0,2
2020-08-07,US,Nebraska,Custer,44,4,0,41.39374521,-99.72805369,31041.0,408.2768859608426,9.090909090909092,40,42,4,0,38,43,10840,2,0,0,2,-1
2020-08-07,US,Nebraska,Dakota,1922,41,0,42.39040144,-96.56656425,31043.0,9597.523219814242,2.133194588969823,1881,1915,41,0,1874,1908,20083,7,0,0,7,7
2020-08-07,US,Nebraska,Dawes,10,0,0,42.71985036,-103.1313774,31045.0,116.42798928862499,0.0,10,9,0,0,9,9,8716,1,0,0,1,0
2020-08-07,US,Nebraska,Dawson,956,9,0,40.87028216,-99.82014609999999,31047.0,4051.705869887688,0.9414225941422594,947,954,9,0,945,951,23709,2,0,0,2,3
2020-08-07,US,Nebraska,Deuel,2,0,0,41.11168186,-102.33333309999999,31049.0,111.48272017837236,0.0,2,2,0,0,2,2,1825,0,0,0,0,0
2020-08-07,US,Nebraska,Dixon,58,2,0,42.49188363,-96.86782408,31051.0,1029.0986515259046,3.4482758620689653,56,57,2,0,55,57,5709,1,0,0,1,0
2020-08-07,US,Nebraska,Dodge,791,9,0,41.58071748,-96.65598179,31053.0,2163.2708874606865,1.1378002528445006,782,788,8,0,780,784,36791,3,1,0,2,4
2020-08-07,US,Nebraska,Douglas,11139,132,0,41.29518299,-96.15085305,31055.0,1949.6715541187448,1.1850255857796927,11007,11022,131,0,10891,10875,566880,117,1,0,116,147
2020-08-07,US,Nebraska,Dundy,1,0,0,40.17638677,-101.6876522,31057.0,59.06674542232722,0.0,1,1,0,0,1,1,1770,0,0,0,0,0
2020-08-07,US,Nebraska,Fillmore,24,1,0,40.52458567,-97.59646937,31059.0,439.3994873672647,4.166666666666667,23,24,1,0,23,24,5527,0,0,0,0,0
2020-08-07,US,Nebraska,Franklin,12,0,0,40.17636348,-98.95299073,31061.0,402.81973816717016,0.0,12,12,0,0,12,10,3023,0,0,0,0,2
2020-08-07,US,Nebraska,Frontier,3,0,0,40.52993007,-100.3924658,31063.0,114.19870574800152,0.0,3,3,0,0,3,3,2608,0,0,0,0,0
2020-08-07,US,Nebraska,Furnas,15,1,0,40.17642064,-99.91247454,31065.0,320.786997433704,6.666666666666668,14,15,1,0,14,15,4715,0,0,0,0,0
2020-08-07,US,Nebraska,Gage,89,4,0,40.26186809,-96.68946704,31067.0,413.70334216520246,4.49438202247191,85,87,4,0,83,83,21493,2,0,0,2,4
2020-08-07,US,Nebraska,Garden,4,0,0,41.61703149,-102.3313973,31069.0,217.74632553075668,0.0,4,4,0,0,4,4,1897,0,0,0,0,0
2020-08-07,US,Nebraska,Garfield,3,0,0,41.91428955,-98.99111827,31071.0,152.36160487557137,0.0,3,3,0,0,3,3,1987,0,0,0,0,0
2020-08-07,US,Nebraska,Gosper,19,0,0,40.51481965,-99.83020279,31073.0,954.7738693467336,0.0,19,19,0,0,19,19,1996,0,0,0,0,0
2020-08-07,US,Nebraska,Greeley,10,0,0,41.56742671,-98.52150266,31077.0,424.44821731748726,0.0,10,9,0,0,9,9,2356,1,0,0,1,0
2020-08-07,US,Nebraska,Hall,1738,45,0,40.87257079,-98.50218293,31079.0,2832.7873127638427,2.5891829689298045,1693,1734,45,0,1689,1727,61607,4,0,0,4,7
2020-08-07,US,Nebraska,Hamilton,99,12,0,40.87349452,-98.02099117,31081.0,1061.776061776062,12.12121212121212,87,99,12,0,87,97,9280,0,0,0,0,2
2020-08-07,US,Nebraska,Harlan,1,0,0,40.17658508,-99.40438879,31083.0,29.58579881656805,0.0,1,1,0,0,1,1,3401,0,0,0,0,0
2020-08-07,US,Nebraska,Hitchcock,2,0,0,40.17609175,-101.04164770000001,31087.0,72.41129616220131,0.0,2,1,0,0,1,1,2806,1,0,0,1,0
2020-08-07,US,Nebraska,Holt,13,0,0,42.45522056,-98.78402558,31089.0,129.1347968610311,0.0,13,12,0,0,12,12,10178,1,0,0,1,0
2020-08-07,US,Nebraska,Hooker,4,0,0,41.91586243,-101.1354293,31091.0,586.5102639296188,0.0,4,4,0,0,4,4,682,0,0,0,0,0
2020-08-07,US,Nebraska,Howard,55,4,0,41.2200529,-98.5166499,31093.0,853.3747090768037,7.272727272727272,51,55,4,0,51,55,6468,0,0,0,0,0
2020-08-07,US,Nebraska,Jefferson,15,0,0,40.17584531,-97.142601,31095.0,212.88674425205792,0.0,15,15,0,0,15,14,7097,0,0,0,0,1
2020-08-07,US,Nebraska,Johnson,13,0,0,40.39257596,-96.26522753,31097.0,256.35969236836917,0.0,13,13,0,0,13,13,5134,0,0,0,0,0
2020-08-07,US,Nebraska,Kearney,50,0,0,40.50663314,-98.94877182,31099.0,769.8229407236336,0.0,50,49,0,0,49,43,6544,1,0,0,1,6
2020-08-07,US,Nebraska,Keith,20,0,0,41.19930341,-101.66201640000001,31101.0,248.94199651481205,0.0,20,20,0,0,20,19,8021,0,0,0,0,1
2020-08-07,US,Nebraska,Kimball,15,0,0,41.19774275,-103.7148131,31105.0,412.9955947136564,0.0,15,15,0,0,15,15,3618,0,0,0,0,0
2020-08-07,US,Nebraska,Knox,34,0,0,42.63758421,-97.89178836,31107.0,408.0652904464714,0.0,34,34,0,0,34,33,8419,0,0,0,0,1
2020-08-07,US,Nebraska,Lancaster,3253,17,0,40.78416049,-96.68777155,31109.0,1019.4615939076747,0.522594528127882,3236,3219,17,0,3202,3180,317272,34,0,0,34,39
2020-08-07,US,Nebraska,Lincoln,99,2,0,41.04658298,-100.74753740000001,31111.0,283.55387523629486,2.0202020202020203,97,97,2,0,95,94,35185,2,0,0,2,3
2020-08-07,US,Nebraska,Madison,445,5,0,41.91676024,-97.6005481,31119.0,1267.842388672042,1.1235955056179776,440,434,5,0,429,427,35392,11,0,0,11,7
2020-08-07,US,Nebraska,McPherson,5,0,0,41.56797682,-101.05993620000001,31117.0,1012.1457489878543,0.0,5,5,0,0,5,4,492,0,0,0,0,1
2020-08-07,US,Nebraska,Merrick,61,0,0,41.16624273,-98.0374887,31121.0,786.589297227595,0.0,61,59,0,0,59,57,7733,2,0,0,2,2
2020-08-07,US,Nebraska,Morrill,58,0,0,41.71711774,-103.0061405,31123.0,1249.4614390348986,0.0,58,58,0,0,58,58,4686,0,0,0,0,0
2020-08-07,US,Nebraska,Nance,8,0,0,41.39750195,-97.99327291,31125.0,227.33731173628868,0.0,8,8,0,0,8,8,3532,0,0,0,0,0
2020-08-07,US,Nebraska,Nemaha,28,0,0,40.38514847,-95.85433992,31127.0,401.6064257028112,0.0,28,25,0,0,25,23,6958,3,0,0,3,2
2020-08-07,US,Nebraska,Nuckolls,5,0,0,40.17637905,-98.04743961,31129.0,120.54001928640308,0.0,5,5,0,0,5,5,4195,0,0,0,0,0
2020-08-07,US,Nebraska,Otoe,45,0,0,40.64843556,-96.13374142,31131.0,281.0392205845616,0.0,45,44,0,0,44,43,15985,1,0,0,1,1
2020-08-07,US,Nebraska,Pawnee,9,0,0,40.13141096,-96.23705437,31133.0,344.4316877152698,0.0,9,9,0,0,9,9,2632,0,0,0,0,0
2020-08-07,US,Nebraska,Perkins,19,7,0,40.85082525,-101.6502942,31135.0,657.2120373573157,36.8421052631579,12,17,6,0,11,17,2929,2,1,0,1,0
2020-08-07,US,Nebraska,Phelps,37,0,0,40.51156033,-99.41461667,31137.0,409.56386982510514,0.0,37,37,0,0,37,37,8996,0,0,0,0,0
2020-08-07,US,Nebraska,Pierce,20,0,0,42.26434853,-97.60122773,31139.0,279.79854504756577,0.0,20,19,0,0,19,18,7142,1,0,0,1,1
2020-08-07,US,Nebraska,Platte,784,3,0,41.57246836,-97.52144359,31141.0,2342.396175679713,0.3826530612244898,781,783,3,0,780,778,33363,1,0,0,1,5
2020-08-07,US,Nebraska,Polk,26,0,0,41.18813488,-97.56630712,31143.0,498.75311720698255,0.0,26,26,0,0,26,26,5278,0,0,0,0,0
2020-08-07,US,Nebraska,Red Willow,17,0,0,40.17556879999999,-100.476998,31145.0,158.52293920179036,0.0,17,16,0,0,16,16,10726,1,0,0,1,0
2020-08-07,US,Nebraska,Richardson,21,1,0,40.1247415,-95.71755036,31147.0,267.0057215511761,4.761904761904762,20,21,1,0,20,20,7937,0,0,0,0,1
2020-08-07,US,Nebraska,Rock,3,0,0,42.42252217,-99.44832069,31149.0,221.07590272660286,0.0,3,3,0,0,3,3,1360,0,0,0,0,0
2020-08-07,US,Nebraska,Saline,595,2,0,40.52418865,-97.14085859,31151.0,4183.070866141732,0.33613445378151263,593,594,2,0,592,592,14350,1,0,0,1,2
2020-08-07,US,Nebraska,Sarpy,2220,11,0,41.11314181,-96.11156432,31153.0,1185.922776127695,0.4954954954954955,2209,2179,9,0,2170,2139,184459,41,2,0,39,40
2020-08-07,US,Nebraska,Saunders,153,2,0,41.227810299999994,-96.63773905,31155.0,709.0555195106126,1.30718954248366,151,150,2,0,148,143,21303,3,0,0,3,7
2020-08-07,US,Nebraska,Scotts Bluff,298,6,0,41.85070896,-103.70809859999999,31157.0,836.6556235611207,2.0134228187919465,292,297,6,0,291,297,35989,1,0,0,1,0
2020-08-07,US,Nebraska,Seward,116,1,0,40.87241834,-97.139673,31159.0,671.1409395973154,0.8620689655172413,115,110,1,0,109,107,17318,6,0,0,6,3
2020-08-07,US,Nebraska,Sheridan,10,0,0,42.50284406,-102.4126613,31161.0,190.62142584826526,0.0,10,9,0,0,9,9,5190,1,0,0,1,0
2020-08-07,US,Nebraska,Sherman,11,0,0,41.22045983,-98.97588642,31163.0,366.54448517160944,0.0,11,11,0,0,11,10,3038,0,0,0,0,1
2020-08-07,US,Nebraska,Sioux,5,0,0,42.48932059,-103.7576544,31165.0,428.8164665523156,0.0,5,5,0,0,5,5,1187,0,0,0,0,0
2020-08-07,US,Nebraska,Stanton,29,0,0,41.9169835,-97.19394708,31167.0,489.8648648648648,0.0,29,28,0,0,28,28,5970,1,0,0,1,0
2020-08-07,US,Nebraska,Thayer,26,0,0,40.17626377,-97.59504381,31169.0,519.6881870877473,0.0,26,26,0,0,26,26,5039,0,0,0,0,0
2020-08-07,US,Nebraska,Thomas,1,0,0,41.91358968,-100.5556632,31171.0,138.50415512465375,0.0,1,1,0,0,1,1,720,0,0,0,0,0
2020-08-07,US,Nebraska,Thurston,205,4,0,42.15725356,-96.54157099,31173.0,2837.763012181617,1.951219512195122,201,205,4,0,201,203,7303,0,0,0,0,2
2020-08-07,US,Nebraska,Unassigned,142,0,0,0.0,0.0,90031.0,0.0,0.0,142,147,0,0,147,150,,-5,0,0,-5,-3
2020-08-07,US,Nebraska,Valley,10,0,0,41.56730777,-98.98197724,31175.0,240.50024050024047,0.0,10,10,0,0,10,10,4190,0,0,0,0,0
2020-08-07,US,Nebraska,Washington,117,1,0,41.52815707,-96.22019892,31177.0,564.4266486564718,0.8547008547008547,116,116,1,0,115,113,20667,1,0,0,1,3
2020-08-07,US,Nebraska,Wayne,37,0,0,42.20934475,-97.11926964,31179.0,394.2461374533831,0.0,37,37,0,0,37,37,9403,0,0,0,0,0
2020-08-07,US,Nebraska,Webster,9,0,0,40.17642643,-98.50019851,31181.0,258.1015199311729,0.0,9,9,0,0,9,9,3533,0,0,0,0,0
2020-08-07,US,Nebraska,York,78,0,0,40.87272618,-97.59710186,31185.0,570.2171211345859,0.0,78,77,0,0,77,77,13772,1,0,0,1,0
2020-08-07,US,Nevada,Carson City,330,8,0,39.15509045,-119.7480219,32510.0,590.170970741827,2.4242424242424243,322,328,8,0,320,325,55414,2,0,0,2,3
2020-08-07,US,Nevada,Churchill,50,1,0,39.58105744,-118.3394607,32001.0,200.73065960094746,2.0,49,50,1,0,49,49,24440,0,0,0,0,1
2020-08-07,US,Nevada,Clark,46990,770,0,36.21458855,-115.0130241,32003.0,2073.0440306787577,1.6386465205362843,46220,46184,752,0,45432,45563,2231647,806,18,0,788,621
2020-08-07,US,Nevada,Douglas,194,0,0,38.912862,-119.61713329999999,32005.0,396.6874552704222,0.0,194,191,0,0,191,189,48467,3,0,0,3,2
2020-08-07,US,Nevada,Elko,525,2,0,41.14531606,-115.3577619,32007.0,994.7326537572474,0.3809523809523809,523,512,2,0,510,505,52460,13,0,0,13,7
2020-08-07,US,Nevada,Eureka,2,0,0,39.98100864,-116.26832040000001,32011.0,98.57072449482504,0.0,2,2,0,0,2,2,2003,0,0,0,0,0
2020-08-07,US,Nevada,Humboldt,100,4,0,41.40692186,-118.11094270000001,32013.0,594.1417622244668,4.0,96,99,4,0,95,96,16786,1,0,0,1,3
2020-08-07,US,Nevada,Lander,51,1,0,39.933223299999995,-117.03970749999999,32015.0,921.9088937093277,1.96078431372549,50,50,1,0,49,50,5575,1,0,0,1,0
2020-08-07,US,Nevada,Lincoln,4,0,0,37.64268459,-114.8790388,32017.0,77.17538105344396,0.0,4,4,0,0,4,4,5201,0,0,0,0,0
2020-08-07,US,Nevada,Lyon,218,6,0,39.01777974,-119.18704790000001,32019.0,379.0645105199096,2.7522935779816518,212,217,5,0,212,215,55808,1,1,0,0,2
2020-08-07,US,Nevada,Mineral,11,0,0,38.53841696,-118.4344506,32021.0,244.173140954495,0.0,11,11,0,0,11,11,4514,0,0,0,0,0
2020-08-07,US,Nevada,Nye,400,9,0,38.04264256,-116.47227020000001,32023.0,859.7897813984482,2.25,391,374,9,0,365,362,45346,26,0,0,26,12
2020-08-07,US,Nevada,Pershing,13,0,0,40.44003782,-118.40056409999998,32027.0,193.3085501858736,0.0,13,13,0,0,13,13,6666,0,0,0,0,0
2020-08-07,US,Nevada,Storey,4,0,0,39.44875482,-119.5250207,32029.0,97.01673538685421,0.0,4,4,0,0,4,4,4029,0,0,0,0,0
2020-08-07,US,Nevada,Washoe,5627,118,0,40.66562265,-119.6631594,32031.0,1193.3771491710831,2.0970321663408567,5509,5504,117,0,5387,5426,465735,123,1,0,122,78
2020-08-07,US,Nevada,White Pine,14,1,0,39.44157041,-114.89996599999999,32033.0,146.13778705636744,7.142857142857142,13,14,1,0,13,14,9475,0,0,0,0,0
2020-08-07,US,New Hampshire,Belknap,115,4,0,43.51637314,-71.41684235,33001.0,187.59277686247,3.4782608695652173,111,113,4,0,109,113,61022,2,0,0,2,0
2020-08-07,US,New Hampshire,Carroll,93,1,0,43.87498583,-71.20430216,33003.0,190.1451645880188,1.075268817204301,92,93,1,0,92,91,48779,0,0,0,0,2
2020-08-07,US,New Hampshire,Cheshire,96,3,0,42.92015988,-72.25311043,33005.0,126.1746730630216,3.125,93,96,3,0,93,95,76493,0,0,0,0,1
2020-08-07,US,New Hampshire,Coos,16,0,0,44.69063265,-71.30633239,33007.0,50.69226626112854,0.0,16,16,0,0,16,16,31589,0,0,0,0,0
2020-08-07,US,New Hampshire,Grafton,103,1,0,43.93779815,-71.82057197,33009.0,114.58959126004049,0.9708737864077671,102,103,1,0,102,103,89786,0,0,0,0,0
2020-08-07,US,New Hampshire,Hillsborough,3824,279,0,42.91537785,-71.7200253,33011.0,916.9714045920508,7.296025104602512,3545,3807,279,0,3528,3801,415247,17,0,0,17,6
2020-08-07,US,New Hampshire,Merrimack,463,21,0,43.29662971,-71.6811573,33013.0,305.8305975916666,4.535637149028077,442,460,21,0,439,459,151132,3,0,0,3,1
2020-08-07,US,New Hampshire,Rockingham,1678,96,0,42.98499744,-71.12883377,33015.0,541.6939719597507,5.7210965435041725,1582,1665,96,0,1569,1660,309176,13,0,0,13,5
2020-08-07,US,New Hampshire,Strafford,348,13,0,43.291833000000004,-71.02336013,33017.0,266.3951681428123,3.7356321839080464,335,346,13,0,333,338,130090,2,0,0,2,8
2020-08-07,US,New Hampshire,Sullivan,40,1,0,43.36094111,-72.22203125,33019.0,92.70847819033052,2.5,39,40,1,0,39,40,43144,0,0,0,0,0
2020-08-07,US,New Hampshire,Unassigned,3,0,0,0.0,0.0,90033.0,0.0,0.0,3,3,0,0,3,3,,0,0,0,0,0
2020-08-07,US,New Jersey,Atlantic,3446,252,0,39.47538693,-74.65848483,34001.0,1306.9367011795048,7.312826465467207,3194,3442,252,0,3190,3436,265429,4,0,0,4,6
2020-08-07,US,New Jersey,Bergen,20694,2037,0,40.96010917,-74.07164325,34003.0,2219.9051278585544,9.84343287909539,18657,20669,2037,0,18632,20639,936692,25,0,0,25,30
2020-08-07,US,New Jersey,Burlington,5952,471,0,39.87681124,-74.66927768,34005.0,1336.4799292240468,7.913306451612903,5481,5927,471,0,5456,5907,445384,25,0,0,25,20
2020-08-07,US,New Jersey,Camden,8499,578,0,39.80343818,-74.96388753,34007.0,1678.0822593988598,6.800800094128722,7921,8464,578,0,7886,8442,507078,35,0,0,35,22
2020-08-07,US,New Jersey,Cape May,822,87,0,39.15008829,-74.80170244,34009.0,893.0996642727539,10.583941605839415,735,823,87,0,736,819,92560,-1,0,0,-1,4
2020-08-07,US,New Jersey,Cumberland,3318,158,0,39.37199394,-75.10712559,34011.0,2218.9972379570245,4.761904761904762,3160,3309,158,0,3151,3290,150972,9,0,0,9,19
2020-08-07,US,New Jersey,Essex,19686,2107,0,40.78681335,-74.24657979,34013.0,2463.906880690885,10.703037691760642,17579,19644,2107,0,17537,19611,799767,42,0,0,42,33
2020-08-07,US,New Jersey,Gloucester,3216,209,0,39.71581067,-75.13995546,34015.0,1102.744517137802,6.498756218905473,3007,3193,209,0,2984,3164,291408,23,0,0,23,29
2020-08-07,US,New Jersey,Hudson,19607,1502,0,40.73766234,-74.07515667,34017.0,2916.011665831339,7.660529402764318,18105,19580,1502,0,18078,19564,676061,27,0,0,27,16
2020-08-07,US,New Jersey,Hunterdon,1146,126,0,40.56335249,-74.91284156,34019.0,921.4366693200183,10.99476439790576,1020,1144,126,0,1018,1144,124714,2,0,0,2,0
2020-08-07,US,New Jersey,Mercer,8104,618,0,40.28047017,-74.70479631,34021.0,2205.5901804425334,7.625863770977294,7486,8087,618,0,7469,8076,369811,17,0,0,17,11
2020-08-07,US,New Jersey,Middlesex,17857,1401,0,40.43629879,-74.41426991,34023.0,2164.322196392513,7.845662765302122,16456,17821,1401,0,16420,17798,829685,36,0,0,36,23
2020-08-07,US,New Jersey,Monmouth,10267,856,0,40.26549699,-74.22240686,34025.0,1659.1924627703845,8.33739164312847,9411,10227,856,0,9371,10192,621354,40,0,0,40,35
2020-08-07,US,New Jersey,Morris,7224,827,0,40.86095313,-74.54553709999998,34027.0,1468.7554005835173,11.447951273532667,6397,7209,827,0,6382,7195,494228,15,0,0,15,14
2020-08-07,US,New Jersey,Ocean,10564,1016,0,39.8895449,-74.28089251,34029.0,1739.8293109524923,9.617569102612649,9548,10551,1016,0,9535,10520,601651,13,0,0,13,31
2020-08-07,US,New Jersey,Passaic,17599,1239,0,41.03238628,-74.29954144,34031.0,3506.992463523213,7.040172737087334,16360,17585,1239,0,16346,17550,503310,14,0,0,14,35
2020-08-07,US,New Jersey,Salem,886,87,0,39.58719656,-75.34696629999998,34033.0,1420.2131922737838,9.81941309255079,799,886,87,0,799,881,62607,0,0,0,0,5
2020-08-07,US,New Jersey,Somerset,5223,562,0,40.56465737,-74.61683016,34035.0,1587.8565304893991,10.760099559640055,4661,5217,562,0,4655,5202,331164,6,0,0,6,15
2020-08-07,US,New Jersey,Sussex,1322,197,0,41.13891592,-74.69118243,34037.0,941.0056374921704,14.901664145234491,1125,1320,197,0,1123,1316,140799,2,0,0,2,4
2020-08-07,US,New Jersey,Unassigned,653,0,0,0.0,0.0,90034.0,0.0,0.0,653,642,0,0,642,640,,11,0,0,11,2
2020-08-07,US,New Jersey,Union,16636,1348,0,40.65835409,-74.30680092,34039.0,2990.2523811834826,8.102909353209906,15288,16622,1348,0,15274,16605,558067,14,0,0,14,17
2020-08-07,US,New Jersey,Warren,1340,171,0,40.85951833,-74.99556527,34041.0,1272.9535371958925,12.761194029850746,1169,1339,171,0,1168,1336,105779,1,0,0,1,3
2020-08-07,US,New Mexico,Bernalillo,5059,130,0,35.05163625,-106.6703554,35001.0,744.9335243645828,2.5696778019371416,4929,5029,129,0,4900,4989,678701,30,1,0,29,40
2020-08-07,US,New Mexico,Catron,5,1,0,33.91514144,-108.4046587,35003.0,141.7635384179189,20.0,4,5,1,0,4,4,3578,0,0,0,0,1
2020-08-07,US,New Mexico,Chaves,419,6,0,33.36406072,-104.4665365,35005.0,648.4562408109573,1.431980906921241,413,411,6,0,405,395,64689,8,0,0,8,16
2020-08-07,US,New Mexico,Cibola,361,17,0,34.91131525,-107.998876,35006.0,1353.3270852858482,4.709141274238228,344,346,17,0,329,345,26746,15,0,0,15,1
2020-08-07,US,New Mexico,Colfax,17,1,0,36.60569702,-104.64726740000002,35007.0,142.3666359601373,5.882352941176472,16,16,1,0,15,15,12110,1,0,0,1,1
2020-08-07,US,New Mexico,Curry,533,2,0,34.57421077,-103.34688759999999,35009.0,1088.7772194304857,0.37523452157598497,531,516,2,0,514,506,49437,17,0,0,17,10
2020-08-07,US,New Mexico,Dona Ana,2398,30,0,32.35275771,-106.83293870000001,35013.0,1099.016934393547,1.2510425354462051,2368,2348,27,0,2321,2315,217522,50,3,0,47,33
2020-08-07,US,New Mexico,Eddy,284,4,0,32.47167456,-104.3053527,35015.0,485.8022579541568,1.4084507042253518,280,278,4,0,274,269,57900,6,0,0,6,9
2020-08-07,US,New Mexico,Grant,71,2,0,32.73911281,-108.3827845,35017.0,262.98244314393656,2.8169014084507036,69,71,2,0,69,70,27346,0,0,0,0,1
2020-08-07,US,New Mexico,Guadalupe,31,0,0,34.86319296,-104.790669,35019.0,720.9302325581398,0.0,31,31,0,0,31,31,4341,0,0,0,0,0
2020-08-07,US,New Mexico,Harding,1,0,0,35.85751555,-103.82209379999999,35021.0,160.0,0.0,1,1,0,0,1,1,655,0,0,0,0,0
2020-08-07,US,New Mexico,Hidalgo,89,0,0,31.91383467,-108.7151824,35023.0,2120.057170080991,0.0,89,89,0,0,89,88,4240,0,0,0,0,1
2020-08-07,US,New Mexico,Lea,740,4,0,32.79215361,-103.4123733,35025.0,1041.226959335866,0.5405405405405406,736,729,4,0,725,706,69611,11,0,0,11,23
2020-08-07,US,New Mexico,Lincoln,118,2,0,33.74526079,-105.4586166,35027.0,602.9021050480277,1.6949152542372878,116,117,1,0,116,113,19556,1,1,0,0,4
2020-08-07,US,New Mexico,Los Alamos,20,0,0,35.86631386,-106.31349850000001,35028.0,103.2577830553978,0.0,20,20,0,0,20,20,19101,0,0,0,0,0
2020-08-07,US,New Mexico,Luna,241,3,0,32.18179341,-107.75088259999998,35029.0,1016.4916276519464,1.2448132780082988,238,241,3,0,238,240,23963,0,0,0,0,1
2020-08-07,US,New Mexico,McKinley,4037,222,0,35.58007720000001,-108.262245,35031.0,5656.676054759202,5.499133019568987,3815,4033,222,0,3811,4025,72290,4,0,0,4,8
2020-08-07,US,New Mexico,Mora,6,0,0,36.01095101,-104.9497716,35033.0,132.71400132713998,0.0,6,6,0,0,6,6,4506,0,0,0,0,0
2020-08-07,US,New Mexico,Otero,199,10,0,32.61348406,-105.7417604,35035.0,294.85849755519337,5.025125628140704,189,197,10,0,187,195,66781,2,0,0,2,2
2020-08-07,US,New Mexico,Quay,34,1,0,35.10403332,-103.54817270000001,35037.0,411.97140433781664,2.9411764705882355,33,34,1,0,33,34,8253,0,0,0,0,0
2020-08-07,US,New Mexico,Rio Arriba,313,6,0,36.51072137,-106.69316740000001,35039.0,804.1931091184707,1.9169329073482428,307,312,5,0,307,306,39006,1,1,0,0,6
2020-08-07,US,New Mexico,Roosevelt,160,1,0,34.02097406,-103.4799493,35041.0,864.8648648648648,0.625,159,157,1,0,156,152,18743,3,0,0,3,5
2020-08-07,US,New Mexico,San Juan,3037,183,0,36.50838318,-108.32043700000001,35045.0,2450.023395020894,6.0256832400395135,2854,3026,183,0,2843,3017,125043,11,0,0,11,9
2020-08-07,US,New Mexico,San Miguel,42,0,0,35.48014807,-104.8163562,35047.0,153.97587711258566,0.0,42,42,0,0,42,42,27591,0,0,0,0,0
2020-08-07,US,New Mexico,Sandoval,1126,33,0,35.68862401,-106.86878030000001,35043.0,767.3017690189986,2.930728241563055,1093,1117,33,0,1084,1111,145179,9,0,0,9,6
2020-08-07,US,New Mexico,Santa Fe,626,3,0,35.50708973,-105.9774716,35049.0,416.3396693225502,0.4792332268370607,623,618,3,0,615,610,150056,8,0,0,8,8
2020-08-07,US,New Mexico,Sierra,31,0,0,33.13028233,-107.1925893,35051.0,287.2764340654249,0.0,31,31,0,0,31,31,10968,0,0,0,0,0
2020-08-07,US,New Mexico,Socorro,72,6,0,34.00715494,-106.9298354,35053.0,432.7703311895172,8.333333333333334,66,73,6,0,67,73,16735,-1,0,0,-1,0
2020-08-07,US,New Mexico,Taos,106,1,0,36.58006022,-105.63101979999999,35055.0,323.931179904043,0.9433962264150944,105,106,1,0,105,102,32835,0,0,0,0,4
2020-08-07,US,New Mexico,Torrance,61,1,0,34.64048375,-105.8508949,35057.0,394.5411034215122,1.639344262295082,60,61,1,0,60,60,15591,0,0,0,0,1
2020-08-07,US,New Mexico,Unassigned,1295,0,0,0.0,0.0,90035.0,0.0,0.0,1295,1285,0,0,1285,1278,,10,0,0,10,7
2020-08-07,US,New Mexico,Union,29,2,0,36.48126404,-103.4709624,35059.0,714.4616900714461,6.896551724137932,27,28,2,0,26,28,4118,1,0,0,1,0
2020-08-07,US,New Mexico,Valencia,404,4,0,34.71669834,-106.8103733,35061.0,526.8099311495931,0.99009900990099,400,399,4,0,395,389,76456,5,0,0,5,10
2020-08-07,US,New York,Albany,2573,128,0,42.60060306,-73.97723916,36001.0,842.2093183112606,4.974737660318693,2445,2565,128,0,2437,2556,307117,8,0,0,8,9
2020-08-07,US,New York,Allegany,79,1,0,42.25748406,-78.02750466,36003.0,171.40005641014514,1.2658227848101269,78,78,1,0,77,76,46430,1,0,0,1,2
2020-08-07,US,New York,Broome,1115,69,0,42.15903158,-75.81326086,36007.0,585.3387090000421,6.188340807174888,1046,1094,69,0,1025,1082,191659,21,0,0,21,12
2020-08-07,US,New York,Cattaraugus,164,6,0,42.24778241,-78.67923096,36009.0,215.4577820986113,3.6585365853658534,158,164,6,0,158,164,76840,0,0,0,0,0
2020-08-07,US,New York,Cayuga,151,2,0,42.91261714,-76.55731592,36011.0,197.18972001671543,1.3245033112582782,149,151,2,0,149,150,77145,0,0,0,0,1
2020-08-07,US,New York,Chautauqua,249,9,0,42.22769210000001,-79.36691763,36013.0,196.21285548805,3.614457831325301,240,244,9,0,235,241,127939,5,0,0,5,3
2020-08-07,US,New York,Chemung,168,3,0,42.13891056,-76.7638805,36015.0,201.30368098159508,1.7857142857142858,165,165,3,0,162,165,84254,3,0,0,3,0
2020-08-07,US,New York,Chenango,215,6,0,42.49430041,-75.60887553,36017.0,455.4409303704959,2.7906976744186047,209,212,6,0,206,212,47536,3,0,0,3,0
2020-08-07,US,New York,Clinton,127,4,0,44.74530905,-73.67875352,36019.0,157.79337764800894,3.1496062992125986,123,127,4,0,123,127,80695,0,0,0,0,0
2020-08-07,US,New York,Columbia,535,37,0,42.24819348,-73.63089095,36021.0,899.7494155833235,6.91588785046729,498,534,37,0,497,531,59916,1,0,0,1,3
2020-08-07,US,New York,Cortland,95,0,0,42.59509207,-76.07048931,36023.0,199.65952796284242,0.0,95,94,0,0,94,94,47823,1,0,0,1,0
2020-08-07,US,New York,Delaware,104,4,0,42.19837623,-74.96709306,36025.0,235.640648011782,3.8461538461538463,100,104,4,0,100,104,44527,0,0,0,0,0
2020-08-07,US,New York,Dutchess,4589,153,0,41.76486060000001,-73.74356679,36027.0,1559.7278208675198,3.3340597079973846,4436,4582,153,0,4429,4568,293718,7,0,0,7,14
2020-08-07,US,New York,Erie,8791,671,0,42.76249024,-78.73063652,36029.0,956.89353021981,7.632806279149129,8120,8737,671,0,8066,8702,919719,54,0,0,54,35
2020-08-07,US,New York,Essex,55,0,0,44.11630765,-73.77297842,36031.0,149.1121051918124,0.0,55,55,0,0,55,55,37300,0,0,0,0,0
2020-08-07,US,New York,Franklin,54,0,0,44.59040891,-74.29926032,36033.0,107.95250089960415,0.0,54,52,0,0,52,52,50293,2,0,0,2,0
2020-08-07,US,New York,Fulton,293,24,0,43.11363907,-74.41798804,36035.0,548.8638705205777,8.19112627986348,269,291,24,0,267,287,53591,2,0,0,2,4
2020-08-07,US,New York,Genesee,277,5,0,43.0022601,-78.19135193,36037.0,483.5893854748603,1.8050541516245489,272,274,5,0,269,274,57511,3,0,0,3,0
2020-08-07,US,New York,Greene,291,18,0,42.275797,-74.12384884,36039.0,616.6822073408492,6.185567010309278,273,290,18,0,272,289,47491,1,0,0,1,1
2020-08-07,US,New York,Hamilton,8,0,0,43.66146647,-74.49721957,36041.0,181.15942028985503,0.0,8,8,0,0,8,7,4434,0,0,0,0,1
2020-08-07,US,New York,Herkimer,270,4,0,43.42034246,-74.96145307,36043.0,440.3202922422088,1.4814814814814814,266,268,4,0,264,264,61833,2,0,0,2,4
2020-08-07,US,New York,Jefferson,140,0,0,44.04200959,-75.94653457,36045.0,127.46508367172278,0.0,140,140,0,0,140,140,111755,0,0,0,0,0
2020-08-07,US,New York,Lewis,39,0,0,43.784415700000004,-75.44903992,36049.0,148.31153027076363,0.0,39,39,0,0,39,37,26447,0,0,0,0,2
2020-08-07,US,New York,Livingston,174,8,0,42.72596275,-77.77966158,36051.0,276.568013478717,4.597701149425287,166,173,8,0,165,171,63227,1,0,0,1,2
2020-08-07,US,New York,Madison,412,17,0,42.91653905,-75.67266639,36053.0,580.7642970919496,4.12621359223301,395,409,17,0,392,406,70795,3,0,0,3,3
2020-08-07,US,New York,Monroe,4901,285,0,43.14638895,-77.69322942,36055.0,660.7169338204565,5.8151397673944105,4616,4868,285,0,4583,4841,742474,33,0,0,33,27
2020-08-07,US,New York,Montgomery,170,4,0,42.90123494,-74.44011632,36057.0,345.3810365494403,2.3529411764705883,166,169,4,0,165,161,49455,1,0,0,1,8
2020-08-07,US,New York,Nassau,43580,2194,0,40.74066522,-73.58941873,36059.0,3211.6758197216645,5.034419458467187,41386,43534,2194,0,41340,43482,1358343,46,0,0,46,52
2020-08-07,US,New York,New York City,227258,23567,0,40.76727260000001,-73.97152637,36061.0,2725.9564411693336,10.370151985848683,203691,226914,23563,0,203351,226581,1628701,344,4,0,340,333
2020-08-07,US,New York,Niagara,1491,98,0,43.19898042,-78.74777412,36063.0,712.4392563108929,6.572769953051642,1393,1470,98,0,1372,1466,210433,21,0,0,21,4
2020-08-07,US,New York,Oneida,2129,115,0,43.24375382,-75.43710392,36065.0,931.0319192201897,5.401596993893846,2014,2117,115,0,2002,2114,229577,12,0,0,12,3
2020-08-07,US,New York,Onondaga,3556,200,0,43.00491923,-76.19971155,36067.0,772.1571761108987,5.62429696287964,3356,3535,200,0,3335,3525,461809,21,0,0,21,10
2020-08-07,US,New York,Ontario,357,34,0,42.85145728,-77.30874425,36069.0,325.2047332319156,9.523809523809524,323,355,34,0,321,352,109864,2,0,0,2,3
2020-08-07,US,New York,Orange,11129,491,0,41.40337468,-74.30240757,36071.0,2891.0999116745465,4.411896846077815,10638,11127,491,0,10636,11113,381951,2,0,0,2,14
2020-08-07,US,New York,Orleans,297,54,0,43.2516977,-78.2320066,36073.0,736.0229976209358,18.181818181818183,243,297,54,0,243,297,40612,0,0,0,0,0
2020-08-07,US,New York,Oswego,251,3,0,43.42778894,-76.14635194,36075.0,214.30279020525256,1.195219123505976,248,251,3,0,248,250,117898,0,0,0,0,1
2020-08-07,US,New York,Otsego,116,5,0,42.63492579,-75.03151402,36077.0,194.980922125292,4.310344827586206,111,115,5,0,110,115,59749,1,0,0,1,0
2020-08-07,US,New York,Putnam,1446,63,0,41.42630093,-73.74965532,36079.0,1470.7078925956064,4.356846473029045,1383,1444,63,0,1381,1439,98892,2,0,0,2,5
2020-08-07,US,New York,Rensselaer,759,30,0,42.71348136,-73.51089874,36083.0,478.218682661895,3.9525691699604737,729,758,30,0,728,755,159442,1,0,0,1,3
2020-08-07,US,New York,Rockland,13925,674,0,41.15027894,-74.02560498,36087.0,4274.238847843236,4.840215439856373,13251,13918,674,0,13244,13903,325695,7,0,0,7,15
2020-08-07,US,New York,Saratoga,752,17,0,43.10904162,-73.86653895,36091.0,327.1513901758874,2.2606382978723403,735,747,17,0,730,744,230163,5,0,0,5,3
2020-08-07,US,New York,Schenectady,1055,37,0,42.81668777,-74.05278291,36093.0,679.3347027347246,3.5071090047393363,1018,1050,37,0,1013,1045,155350,5,0,0,5,5
2020-08-07,US,New York,Schoharie,69,0,0,42.58831742,-74.44339029999998,36095.0,222.58782541372292,0.0,69,69,0,0,69,68,31097,0,0,0,0,1
2020-08-07,US,New York,Schuyler,22,0,0,42.39184015,-76.8773299,36097.0,123.54691975065985,0.0,22,22,0,0,22,22,17912,0,0,0,0,0
2020-08-07,US,New York,Seneca,87,3,0,42.78081007,-76.82497064,36099.0,255.7619943555973,3.4482758620689653,84,86,3,0,83,86,34300,1,0,0,1,0
2020-08-07,US,New York,St. Lawrence,263,4,0,44.4976179,-75.06550039,36089.0,244.10618154817158,1.520912547528517,259,263,4,0,259,262,108047,0,0,0,0,1
2020-08-07,US,New York,Steuben,297,42,0,42.2689144,-77.3829924,36101.0,311.3892995313434,14.141414141414142,255,297,42,0,255,297,95796,0,0,0,0,0
2020-08-07,US,New York,Suffolk,43681,1998,0,40.88320119,-72.8012172,36103.0,2958.2128144298968,4.574071106430714,41683,43630,1998,0,41632,43553,1481093,51,0,0,51,77
2020-08-07,US,New York,Sullivan,1488,48,0,41.71579493,-74.76394559,36105.0,1972.637607381483,3.2258064516129035,1440,1485,48,0,1437,1485,75498,3,0,0,3,0
2020-08-07,US,New York,Tioga,193,25,0,42.16852837,-76.30835812,36107.0,400.3900172188453,12.953367875647668,168,193,25,0,168,193,48560,0,0,0,0,0
2020-08-07,US,New York,Tompkins,233,0,0,42.44945765,-76.47229843,36109.0,228.02896848698376,0.0,233,232,0,0,232,231,102793,1,0,0,1,1
2020-08-07,US,New York,Ulster,2049,91,0,41.89027881,-74.26252104,36111.0,1153.8916389315946,4.4411908247925815,1958,2045,91,0,1954,2039,178599,4,0,0,4,6
2020-08-07,US,New York,Warren,307,33,0,43.56173026,-73.8433699,36113.0,480.10759414487677,10.749185667752442,274,304,33,0,271,304,64265,3,0,0,3,0
2020-08-07,US,New York,Washington,256,14,0,43.31153794,-73.43043448,36115.0,418.2733154695771,5.46875,242,256,14,0,242,255,61197,0,0,0,0,1
2020-08-07,US,New York,Wayne,249,3,0,43.15494365,-77.02976528,36117.0,276.9189706176739,1.2048192771084338,246,249,3,0,246,248,90064,0,0,0,0,1
2020-08-07,US,New York,Westchester,36136,1447,0,41.16278376,-73.75741653,36119.0,3734.9639175364287,4.004317024573832,34689,36107,1447,0,34660,36075,967612,29,0,0,29,32
2020-08-07,US,New York,Wyoming,116,5,0,42.70145109,-78.22199579,36121.0,291.02586617827836,4.310344827586206,111,115,5,0,110,114,40085,1,0,0,1,1
2020-08-07,US,New York,Yates,56,7,0,42.63505484,-77.10369919,36123.0,224.78224220286597,12.5,49,56,7,0,49,56,24841,0,0,0,0,0
2020-08-07,US,North Carolina,Alamance,2365,41,0,36.0434701,-79.39976137,37001.0,1395.2061542454974,1.7336152219873149,2324,2343,41,0,2302,2298,166436,22,0,0,22,45
2020-08-07,US,North Carolina,Alexander,295,2,0,35.922379600000006,-81.17751948,37003.0,786.7296050350694,0.6779661016949152,293,295,2,0,293,295,37353,0,0,0,0,0
2020-08-07,US,North Carolina,Alleghany,166,0,0,36.49360862,-81.12857041,37005.0,1490.5270719224204,0.0,166,165,0,0,165,165,11161,1,0,0,1,0
2020-08-07,US,North Carolina,Anson,317,3,0,34.97403241,-80.09953279,37007.0,1296.735662276037,0.946372239747634,314,318,2,0,316,311,24877,-1,1,0,-2,7
2020-08-07,US,North Carolina,Ashe,152,1,0,36.43296207,-81.49862729,37009.0,558.7619012608903,0.6578947368421053,151,142,1,0,141,139,27109,10,0,0,10,3
2020-08-07,US,North Carolina,Avery,99,0,0,36.07569796,-81.92308483,37011.0,563.8776556359287,0.0,99,99,0,0,99,99,17505,0,0,0,0,0
2020-08-07,US,North Carolina,Beaufort,406,2,0,35.48531943,-76.84325809,37013.0,863.9400774566966,0.4926108374384237,404,391,2,0,389,373,47079,15,0,0,15,18
2020-08-07,US,North Carolina,Bertie,263,5,0,36.0688473,-76.96545943,37015.0,1388.0825460495066,1.9011406844106464,258,263,5,0,258,254,19026,0,0,0,0,9
2020-08-07,US,North Carolina,Bladen,608,7,0,34.61296243,-78.56180059,37017.0,1858.0771346494712,1.1513157894736843,601,606,7,0,599,596,33190,2,0,0,2,10
2020-08-07,US,North Carolina,Brunswick,1234,20,0,34.070565,-78.22814204,37019.0,864.0246464080661,1.6207455429497568,1214,1231,19,0,1212,1213,136744,3,1,0,2,18
2020-08-07,US,North Carolina,Buncombe,1815,47,0,35.61113393,-82.53305,37021.0,694.8937750535049,2.5895316804407718,1768,1785,46,0,1739,1757,259103,30,1,0,29,28
2020-08-07,US,North Carolina,Burke,1637,28,0,35.74989637,-81.70755735,37023.0,1809.139636403824,1.7104459376908983,1609,1637,28,0,1609,1637,90382,0,0,0,0,0
2020-08-07,US,North Carolina,Cabarrus,2594,49,0,35.3877799,-80.55267168,37025.0,1198.412588414113,1.8889745566692369,2545,2520,49,0,2471,2504,211342,74,0,0,74,16
2020-08-07,US,North Carolina,Caldwell,1197,14,0,35.95204977,-81.54799522,37027.0,1456.5942222979386,1.1695906432748535,1183,1179,14,0,1165,1159,82029,18,0,0,18,20
2020-08-07,US,North Carolina,Camden,68,2,0,36.33804939,-76.15568396,37029.0,625.7476764516426,2.9411764705882355,66,65,2,0,63,64,10710,3,0,0,3,1
2020-08-07,US,North Carolina,Carteret,332,6,0,34.8932941,-76.54120135,37031.0,477.8834943071409,1.8072289156626504,326,332,6,0,326,332,69524,0,0,0,0,0
2020-08-07,US,North Carolina,Caswell,191,2,0,36.39312665,-79.33353281,37033.0,844.9831888161387,1.0471204188481675,189,191,2,0,189,189,22698,0,0,0,0,2
2020-08-07,US,North Carolina,Catawba,2074,29,0,35.66211129,-81.2132617,37035.0,1299.897838308754,1.3982642237222758,2045,2018,29,0,1989,1986,158652,56,0,0,56,32
2020-08-07,US,North Carolina,Chatham,1290,52,0,35.70394416,-79.25541492,37037.0,1732.2411709413184,4.0310077519379846,1238,1274,52,0,1222,1261,73139,16,0,0,16,13
2020-08-07,US,North Carolina,Cherokee,266,4,0,35.1349263,-84.05970864,37039.0,929.6798546064588,1.5037593984962403,262,265,3,0,262,265,28383,1,1,0,0,0
2020-08-07,US,North Carolina,Chowan,150,1,0,36.12908077,-76.60118385,37041.0,1075.808649501542,0.6666666666666666,149,148,1,0,147,145,14029,2,0,0,2,3
2020-08-07,US,North Carolina,Clay,76,0,0,35.05704275,-83.74353633,37043.0,676.6984240049862,0.0,76,76,0,0,76,76,11139,0,0,0,0,0
2020-08-07,US,North Carolina,Cleveland,1143,18,0,35.33553364,-81.55204486,37045.0,1166.9576403565193,1.5748031496062993,1125,1128,18,0,1110,1097,97645,15,0,0,15,31
2020-08-07,US,North Carolina,Columbus,881,48,0,34.26744084,-78.65801424,37047.0,1587.1586077682496,5.448354143019296,833,864,48,0,816,851,55655,17,0,0,17,13
2020-08-07,US,North Carolina,Craven,695,12,0,35.11833364,-77.08398081,37049.0,680.4452755558601,1.7266187050359711,683,695,11,0,684,673,102912,0,1,0,-1,22
2020-08-07,US,North Carolina,Cumberland,3021,51,0,35.04762133,-78.82623165,37051.0,900.4229394740529,1.6881827209533269,2970,3021,51,0,2970,2880,332330,0,0,0,0,141
2020-08-07,US,North Carolina,Currituck,72,0,0,36.36123664,-75.95876401,37053.0,259.33796779886904,0.0,72,71,0,0,71,71,27072,1,0,0,1,0
2020-08-07,US,North Carolina,Dare,206,2,0,35.66520691,-75.71767334,37055.0,556.6213623713152,0.9708737864077671,204,205,2,0,203,203,36501,1,0,0,1,2
2020-08-07,US,North Carolina,Davidson,1730,18,0,35.79115496,-80.21256572,37057.0,1032.1641439302186,1.0404624277456649,1712,1709,18,0,1691,1690,166614,21,0,0,21,19
2020-08-07,US,North Carolina,Davie,407,6,0,35.93099927,-80.54496571,37059.0,949.9136442141624,1.4742014742014742,401,403,6,0,397,391,42733,4,0,0,4,12
2020-08-07,US,North Carolina,Duplin,1970,48,0,34.93449805,-77.93140529,37061.0,3353.7052484635938,2.436548223350254,1922,1966,48,0,1918,1961,58856,4,0,0,4,5
2020-08-07,US,North Carolina,Durham,6080,79,0,36.03638492,-78.87608331,37063.0,1891.205892599413,1.299342105263158,6001,6038,79,0,5959,5989,316739,42,0,0,42,49
2020-08-07,US,North Carolina,Edgecombe,626,12,0,35.91230639,-77.59436892,37065.0,1216.1952129313024,1.9169329073482428,614,616,12,0,604,605,52005,10,0,0,10,11
2020-08-07,US,North Carolina,Forsyth,5148,52,0,36.12859861,-80.25459052,37067.0,1346.6040623079034,1.0101010101010102,5096,5091,51,0,5040,5028,379099,57,1,0,56,63
2020-08-07,US,North Carolina,Franklin,846,25,0,36.081519,-78.28708884,37069.0,1214.03458420033,2.955082742316785,821,828,25,0,803,811,67560,18,0,0,18,17
2020-08-07,US,North Carolina,Gaston,3263,47,0,35.29373559,-81.17477045,37071.0,1453.2643890098832,1.4403922770456634,3216,3222,47,0,3175,3124,222846,41,0,0,41,98
2020-08-07,US,North Carolina,Gates,46,2,0,36.44667547,-76.69749701,37073.0,397.8550423802111,4.3478260869565215,44,45,2,0,43,46,11573,1,0,0,1,-1
2020-08-07,US,North Carolina,Graham,35,0,0,35.3506925,-83.83369267,37075.0,414.64281483236573,0.0,35,31,0,0,31,29,8484,4,0,0,4,2
2020-08-07,US,North Carolina,Granville,1227,27,0,36.30337451,-78.65184241,37077.0,2030.0117466042386,2.2004889975550124,1200,1209,27,0,1182,1194,60115,18,0,0,18,15
2020-08-07,US,North Carolina,Greene,324,3,0,35.48544173,-77.67578087,37079.0,1537.8043571123444,0.925925925925926,321,322,3,0,319,318,21012,2,0,0,2,4
2020-08-07,US,North Carolina,Guilford,5498,154,0,36.07959451,-79.78824948,37081.0,1023.5044883036037,2.8010185522007998,5344,5428,153,0,5275,5335,533670,70,1,0,69,93
2020-08-07,US,North Carolina,Halifax,678,6,0,36.25669272,-77.6556109,37083.0,1355.7288542291542,0.8849557522123894,672,668,6,0,662,657,50574,10,0,0,10,11
2020-08-07,US,North Carolina,Harnett,1243,39,0,35.36731853,-78.87243571,37085.0,914.1319056304054,3.1375703942075623,1204,1219,39,0,1180,1189,134214,24,0,0,24,30
2020-08-07,US,North Carolina,Haywood,393,12,0,35.55269063,-82.98196486,37087.0,630.6465330487667,3.053435114503817,381,375,10,0,365,362,61971,18,2,0,16,13
2020-08-07,US,North Carolina,Henderson,1459,54,0,35.33788927,-82.4766782,37089.0,1242.5798649258625,3.701165181631254,1405,1452,54,0,1398,1429,116748,7,0,0,7,23
2020-08-07,US,North Carolina,Hertford,316,11,0,36.3607755,-76.98104134,37091.0,1334.628542467373,3.4810126582278484,305,313,11,0,302,310,23659,3,0,0,3,3
2020-08-07,US,North Carolina,Hoke,710,9,0,35.01888303,-79.23651674,37093.0,1285.440127457725,1.2676056338028172,701,703,9,0,694,693,54764,7,0,0,7,10
2020-08-07,US,North Carolina,Hyde,38,0,0,35.42017674,-76.15180542,37095.0,769.6981972858011,0.0,38,38,0,0,38,37,5230,0,0,0,0,1
2020-08-07,US,North Carolina,Iredell,1782,18,0,35.80950511,-80.8743128,37097.0,980.1656710999637,1.0101010101010102,1764,1771,18,0,1753,1771,178435,11,0,0,11,0
2020-08-07,US,North Carolina,Jackson,438,5,0,35.28814273,-83.14093385,37099.0,996.8592107059948,1.1415525114155252,433,436,5,0,431,415,43327,2,0,0,2,21
2020-08-07,US,North Carolina,Johnston,3207,46,0,35.51745004,-78.36622717,37101.0,1531.9648990393573,1.4343623323978796,3161,3173,46,0,3127,3135,202675,34,0,0,34,38
2020-08-07,US,North Carolina,Jones,79,4,0,35.02254606,-77.35870791,37103.0,838.7302261386559,5.063291139240507,75,79,4,0,75,79,9637,0,0,0,0,0
2020-08-07,US,North Carolina,Lee,1261,11,0,35.47623147,-79.17569362,37105.0,2041.1466679616046,0.8723235527359239,1250,1253,11,0,1242,1240,61452,8,0,0,8,13
2020-08-07,US,North Carolina,Lenoir,558,12,0,35.24032589999999,-77.64245615,37107.0,997.336860354966,2.150537634408602,546,553,12,0,541,540,55976,5,0,0,5,13
2020-08-07,US,North Carolina,Lincoln,825,9,0,35.48508185,-81.21740317,37109.0,958.0657523429062,1.0909090909090908,816,802,3,0,799,781,83770,23,6,0,17,21
2020-08-07,US,North Carolina,Macon,460,3,0,35.14867843,-83.41696617,37113.0,1282.837860449551,0.6521739130434783,457,460,3,0,457,460,35285,0,0,0,0,0
2020-08-07,US,North Carolina,Madison,42,0,0,35.85402722,-82.71346418,37115.0,193.0590668811768,0.0,42,41,0,0,41,41,21763,1,0,0,1,0
2020-08-07,US,North Carolina,Martin,258,6,0,35.84326734,-77.10860251,37117.0,1149.7326203208556,2.3255813953488373,252,257,6,0,251,245,22671,1,0,0,1,12
2020-08-07,US,North Carolina,McDowell,675,13,0,35.67736232,-82.0482425,37111.0,1475.2163650668765,1.9259259259259256,662,662,13,0,649,621,45507,13,0,0,13,41
2020-08-07,US,North Carolina,Mecklenburg,21876,225,0,35.24469268,-80.8317671,37119.0,1970.1789336032766,1.0285244103126714,21651,21704,222,0,21482,21517,1093901,172,3,0,169,187
2020-08-07,US,North Carolina,Mitchell,116,2,0,36.01059309,-82.1582442,37121.0,775.1937984496125,1.7241379310344829,114,116,2,0,114,116,15000,0,0,0,0,0
2020-08-07,US,North Carolina,Montgomery,644,14,0,35.33155144,-79.90416657,37123.0,2369.999631987635,2.1739130434782608,630,644,14,0,630,644,27271,0,0,0,0,0
2020-08-07,US,North Carolina,Moore,980,20,0,35.30885257,-79.48474178,37125.0,971.451229183188,2.0408163265306123,960,968,20,0,948,947,98682,12,0,0,12,21
2020-08-07,US,North Carolina,Nash,1130,12,0,35.96575634,-77.98422508,37127.0,1198.3287026235976,1.0619469026548674,1118,1109,12,0,1097,1086,94016,21,0,0,21,23
2020-08-07,US,North Carolina,New Hanover,2566,20,0,34.25758282,-77.87075626,37129.0,1094.3690744776584,0.7794232268121591,2546,2566,20,0,2546,2449,232274,0,0,0,0,117
2020-08-07,US,North Carolina,Northampton,334,16,0,36.41736238,-77.39769443,37131.0,1714.315043884412,4.790419161676646,318,329,16,0,313,329,19676,5,0,0,5,0
2020-08-07,US,North Carolina,Onslow,1026,10,0,34.72607366,-77.42908179,37133.0,518.3441279592598,0.9746588693957114,1016,1015,10,0,1005,987,197683,11,0,0,11,28
2020-08-07,US,North Carolina,Orange,1329,47,0,36.06092947,-79.12167935,37135.0,895.0941566313749,3.5364936042136943,1282,1316,46,0,1270,1308,146027,13,1,0,12,8
2020-08-07,US,North Carolina,Pamlico,67,1,0,35.15253315,-76.66559823,37137.0,526.4812195505265,1.492537313432836,66,67,1,0,66,65,12670,0,0,0,0,2
2020-08-07,US,North Carolina,Pasquotank,388,19,0,36.26723798,-76.25134778,37139.0,974.286862193652,4.896907216494847,369,371,19,0,352,360,39639,17,0,0,17,11
2020-08-07,US,North Carolina,Pender,643,3,0,34.52265624,-77.90352133,37141.0,1019.663812242309,0.4665629860031104,640,638,3,0,635,633,62162,5,0,0,5,5
2020-08-07,US,North Carolina,Perquimans,80,2,0,36.17847453,-76.40603143,37143.0,594.2211988412688,2.5,78,76,2,0,74,74,13422,4,0,0,4,2
2020-08-07,US,North Carolina,Person,207,2,0,36.38989032,-78.97217358,37145.0,524.183337553811,0.966183574879227,205,203,2,0,201,202,39507,4,0,0,4,1
2020-08-07,US,North Carolina,Pitt,1899,11,0,35.59535426,-77.37353178,37147.0,1050.6689092739928,0.5792522380200106,1888,1875,11,0,1864,1833,179914,24,0,0,24,42
2020-08-07,US,North Carolina,Polk,149,5,0,35.27820615,-82.16812354,37149.0,718.9731712024706,3.355704697986577,144,148,5,0,143,146,20611,1,0,0,1,2
2020-08-07,US,North Carolina,Randolph,2149,37,0,35.71015088,-79.80570339,37151.0,1495.8201953127716,1.7217310376919497,2112,2125,37,0,2088,2085,143351,24,0,0,24,40
2020-08-07,US,North Carolina,Richmond,505,9,0,35.00417719,-79.74491009,37153.0,1126.5029333690245,1.7821782178217822,496,498,9,0,489,490,44887,7,0,0,7,8
2020-08-07,US,North Carolina,Robeson,2745,53,0,34.64244496,-79.10250529999998,37155.0,2101.4354066985647,1.930783242258652,2692,2726,53,0,2673,2714,131831,19,0,0,19,12
2020-08-07,US,North Carolina,Rockingham,541,8,0,36.39593137,-79.77504841,37157.0,594.4401714097353,1.478743068391867,533,509,7,0,502,494,90690,32,1,0,31,15
2020-08-07,US,North Carolina,Rowan,2151,48,0,35.64003916,-80.52446628,37159.0,1513.8505714768314,2.2315202231520224,2103,2123,48,0,2075,2072,141262,28,0,0,28,51
2020-08-07,US,North Carolina,Rutherford,707,14,0,35.40114178,-81.92112099,37161.0,1054.7673395097645,1.98019801980198,693,696,14,0,682,689,66826,11,0,0,11,7
2020-08-07,US,North Carolina,Sampson,1455,14,0,34.98820368,-78.36914061,37163.0,2290.2205222647212,0.9621993127147768,1441,1453,13,0,1440,1439,63626,2,1,0,1,14
2020-08-07,US,North Carolina,Scotland,331,2,0,34.8386299,-79.4757978,37165.0,950.5212072480832,0.6042296072507553,329,320,2,0,318,312,34810,11,0,0,11,8
2020-08-07,US,North Carolina,Stanly,1026,24,0,35.31647813,-80.25093221,37167.0,1633.6018851702065,2.3391812865497075,1002,1000,24,0,976,938,62075,26,0,0,26,62
2020-08-07,US,North Carolina,Stokes,291,3,0,36.4017975,-80.23893369,37169.0,638.2838718168059,1.0309278350515465,288,282,3,0,279,277,45467,9,0,0,9,5
2020-08-07,US,North Carolina,Surry,916,9,0,36.41689489,-80.69102283,37171.0,1276.0681498404915,0.982532751091703,907,897,9,0,888,878,71948,19,0,0,19,19
2020-08-07,US,North Carolina,Swain,117,2,0,35.48665845,-83.48748932,37173.0,819.8444397729663,1.709401709401709,115,107,2,0,105,106,14245,10,0,0,10,1
2020-08-07,US,North Carolina,Transylvania,132,1,0,35.20383864,-82.79638423,37175.0,383.88832339683,0.7575757575757576,131,132,1,0,131,132,34215,0,0,0,0,0
2020-08-07,US,North Carolina,Tyrrell,95,1,0,35.87147226,-76.17055253,37177.0,2365.537848605578,1.0526315789473684,94,94,1,0,93,92,4131,1,0,0,1,2
2020-08-07,US,North Carolina,Union,3016,42,0,34.98960527,-80.52955873,37179.0,1257.4053923346632,1.3925729442970822,2974,2975,42,0,2933,2930,235908,41,0,0,41,45
2020-08-07,US,North Carolina,Vance,759,40,0,36.36880673,-78.40670845,37181.0,1704.2775345234086,5.270092226613966,719,751,40,0,711,746,44582,8,0,0,8,5
2020-08-07,US,North Carolina,Wake,11774,164,0,35.78879266,-78.65249174,37183.0,1059.040567172261,1.392899609308646,11610,11576,152,0,11424,11425,1092305,198,12,0,186,151
2020-08-07,US,North Carolina,Warren,256,7,0,36.39728256,-78.10652228,37185.0,1297.4507120774415,2.734375,249,254,7,0,247,252,19807,2,0,0,2,2
2020-08-07,US,North Carolina,Washington,132,4,0,35.83810081,-76.57299037,37187.0,1139.896373056995,3.0303030303030303,128,131,4,0,127,124,11859,1,0,0,1,7
2020-08-07,US,North Carolina,Watauga,283,0,0,36.23103603,-81.70033724,37189.0,503.76488598536764,0.0,283,283,0,0,283,283,55945,0,0,0,0,0
2020-08-07,US,North Carolina,Wayne,2401,40,0,35.36438125,-78.00027268,37191.0,1949.9557381975294,1.6659725114535608,2361,2372,40,0,2332,2335,123248,29,0,0,29,37
2020-08-07,US,North Carolina,Wilkes,780,11,0,36.2084135,-81.16232895,37193.0,1140.1508507279425,1.4102564102564104,769,762,10,0,752,744,68557,18,1,0,17,18
2020-08-07,US,North Carolina,Wilson,1476,35,0,35.70625477,-77.917978,37195.0,1804.3789195731104,2.3712737127371275,1441,1476,35,0,1441,1447,81455,0,0,0,0,29
2020-08-07,US,North Carolina,Yadkin,529,6,0,36.16222629,-80.66239436,37197.0,1404.412350333183,1.1342155009451795,523,524,6,0,518,513,37543,5,0,0,5,11
2020-08-07,US,North Carolina,Yancey,101,0,0,35.90079156,-82.31237181,37199.0,558.9683989152693,0.0,101,101,0,0,101,101,17903,0,0,0,0,0
2020-08-07,US,North Dakota,Adams,2,0,0,46.09686891,-102.5285397,38001.0,90.25270758122744,0.0,2,2,0,0,2,2,2294,0,0,0,0,0
2020-08-07,US,North Dakota,Barnes,37,0,0,46.93579637,-98.06605978,38003.0,355.2568410945751,0.0,37,37,0,0,37,36,10542,0,0,0,0,1
2020-08-07,US,North Dakota,Benson,132,2,0,48.0683985,-99.35916363,38005.0,1932.0843091334893,1.5151515151515151,130,131,1,0,130,130,6962,1,1,0,0,1
2020-08-07,US,North Dakota,Billings,2,0,0,47.02366884,-103.3762965,38007.0,215.5172413793104,0.0,2,2,0,0,2,2,919,0,0,0,0,0
2020-08-07,US,North Dakota,Bottineau,18,0,0,48.79106111,-100.8378166,38009.0,286.5329512893983,0.0,18,18,0,0,18,18,6411,0,0,0,0,0
2020-08-07,US,North Dakota,Bowman,6,0,0,46.11285362,-103.5203343,38011.0,198.4126984126984,0.0,6,6,0,0,6,6,3076,0,0,0,0,0
2020-08-07,US,North Dakota,Burke,23,0,0,48.79094471,-102.5182117,38013.0,1087.4704491725768,0.0,23,23,0,0,23,23,2100,0,0,0,0,0
2020-08-07,US,North Dakota,Burleigh,1108,5,0,46.97847375,-100.4645214,38015.0,1158.680693535231,0.4512635379061372,1103,1082,5,0,1077,1049,95273,26,0,0,26,33
2020-08-07,US,North Dakota,Cass,3006,76,0,46.93201724,-97.2444719,38017.0,1652.3474217113833,2.528276779773786,2930,2977,76,0,2901,2958,181516,29,0,0,29,19
2020-08-07,US,North Dakota,Cavalier,31,0,0,48.77286211,-98.46685243,38019.0,824.0297713981925,0.0,31,31,0,0,31,31,3829,0,0,0,0,0
2020-08-07,US,North Dakota,Dickey,12,0,0,46.11017712,-98.5049008,38021.0,246.30541871921181,0.0,12,12,0,0,12,12,4903,0,0,0,0,0
2020-08-07,US,North Dakota,Divide,2,0,0,48.814938700000006,-103.4873611,38023.0,88.33922261484098,0.0,2,1,0,0,1,1,2283,1,0,0,1,0
2020-08-07,US,North Dakota,Dunn,30,0,0,47.35423935,-102.6160468,38025.0,678.1193490054251,0.0,30,30,0,0,30,30,4332,0,0,0,0,0
2020-08-07,US,North Dakota,Eddy,15,0,0,47.71701474,-98.90432337,38027.0,655.8810668998689,0.0,15,17,0,0,17,17,2313,-2,0,0,-2,0
2020-08-07,US,North Dakota,Emmons,17,1,0,46.28398398,-100.2389766,38029.0,524.5294662141314,5.882352941176472,16,17,1,0,16,17,3295,0,0,0,0,0
2020-08-07,US,North Dakota,Foster,27,0,0,47.4571084,-98.88279923,38031.0,841.1214953271028,0.0,27,23,0,0,23,23,3216,4,0,0,4,0
2020-08-07,US,North Dakota,Golden Valley,4,0,0,46.94022281,-103.8465421,38033.0,227.14366837024414,0.0,4,4,0,0,4,4,1769,0,0,0,0,0
2020-08-07,US,North Dakota,Grand Forks,662,6,0,47.92093639,-97.45450447,38035.0,953.1900188622194,0.9063444108761328,656,657,6,0,651,650,70770,5,0,0,5,7
2020-08-07,US,North Dakota,Grant,4,0,0,46.35821257,-101.6390013,38037.0,175.9014951627089,0.0,4,4,0,0,4,4,2374,0,0,0,0,0
2020-08-07,US,North Dakota,Griggs,32,1,0,47.45785838,-98.23850925,38039.0,1434.3343792021515,3.125,31,31,1,0,30,30,2232,1,0,0,1,1
2020-08-07,US,North Dakota,Hettinger,6,0,0,46.43375068,-102.4632417,38041.0,240.09603841536614,0.0,6,6,0,0,6,6,2514,0,0,0,0,0
2020-08-07,US,North Dakota,Kidder,13,0,0,46.97830064,-99.77507857,38043.0,524.1935483870968,0.0,13,13,0,0,13,12,2450,0,0,0,0,1
2020-08-07,US,North Dakota,LaMoure,16,0,0,46.45681054,-98.53542355,38045.0,395.45229856648535,0.0,16,16,0,0,16,15,4062,0,0,0,0,1
2020-08-07,US,North Dakota,Logan,7,0,0,46.45729487,-99.47719806,38047.0,378.3783783783784,0.0,7,7,0,0,7,7,1903,0,0,0,0,0
2020-08-07,US,North Dakota,McHenry,16,1,0,48.23104458,-100.6324822,38049.0,278.50304612706697,6.25,15,16,1,0,15,15,5816,0,0,0,0,1
2020-08-07,US,North Dakota,McIntosh,27,2,0,46.11182017,-99.44145858,38051.0,1081.297557068482,7.407407407407407,25,27,2,0,25,27,2585,0,0,0,0,0
2020-08-07,US,North Dakota,McKenzie,86,1,0,47.74133370000001,-103.395905,38053.0,572.4174653887114,1.162790697674419,85,85,1,0,84,84,13632,1,0,0,1,1
2020-08-07,US,North Dakota,McLean,51,0,0,47.60766714,-101.3182418,38055.0,539.6825396825396,0.0,51,46,0,0,46,42,9541,5,0,0,5,4
2020-08-07,US,North Dakota,Mercer,26,0,0,47.31213126,-101.8318399,38057.0,317.5766459020398,0.0,26,24,0,0,24,24,8267,2,0,0,2,0
2020-08-07,US,North Dakota,Morton,333,3,0,46.71681782,-101.2822377,38059.0,1061.7268205586022,0.9009009009009008,330,314,3,0,311,297,31095,19,0,0,19,17
2020-08-07,US,North Dakota,Mountrail,123,1,0,48.20197971,-102.3555315,38061.0,1166.429587482219,0.8130081300813008,122,123,1,0,122,122,10218,0,0,0,0,1
2020-08-07,US,North Dakota,Nelson,24,0,0,47.9226426,-98.19038437,38063.0,833.6227856894756,0.0,24,22,0,0,22,22,2869,2,0,0,2,0
2020-08-07,US,North Dakota,Oliver,7,0,0,47.11530482,-101.3406158,38065.0,357.32516590096986,0.0,7,7,0,0,7,7,1952,0,0,0,0,0
2020-08-07,US,North Dakota,Pembina,27,0,0,48.76623521,-97.5523809,38067.0,397.00044111160116,0.0,27,28,0,0,28,27,6947,-1,0,0,-1,1
2020-08-07,US,North Dakota,Pierce,11,0,0,48.24977025,-99.96407787,38069.0,276.7295597484277,0.0,11,11,0,0,11,11,4081,0,0,0,0,0
2020-08-07,US,North Dakota,Ramsey,66,2,0,48.26886249,-98.72223879,38071.0,572.9664033336228,3.0303030303030303,64,65,2,0,63,65,11481,1,0,0,1,0
2020-08-07,US,North Dakota,Ransom,27,0,0,46.45621782,-97.65742504,38073.0,517.4396320429283,0.0,27,26,0,0,26,26,5237,1,0,0,1,0
2020-08-07,US,North Dakota,Renville,9,0,0,48.71982533,-101.6603912,38075.0,386.7640739149119,0.0,9,8,0,0,8,8,2374,1,0,0,1,0
2020-08-07,US,North Dakota,Richland,104,0,0,46.26440649,-96.94852979,38077.0,642.8880509365148,0.0,104,101,0,0,101,101,16239,3,0,0,3,0
2020-08-07,US,North Dakota,Rolette,52,0,0,48.77245354,-99.84097493,38079.0,366.8171557562077,0.0,52,48,0,0,48,38,14301,4,0,0,4,10
2020-08-07,US,North Dakota,Sargent,11,0,0,46.10830372,-97.63217159,38081.0,282.1959979476655,0.0,11,10,0,0,10,10,3870,1,0,0,1,0
2020-08-07,US,North Dakota,Sheridan,8,0,0,47.57700669,-100.3426391,38083.0,608.3650190114067,0.0,8,6,0,0,6,6,1349,2,0,0,2,0
2020-08-07,US,North Dakota,Sioux,63,1,0,46.11323337,-101.0440149,38085.0,1489.3617021276596,1.5873015873015872,62,60,1,0,59,59,4358,3,0,0,3,1
2020-08-07,US,North Dakota,Slope,3,0,0,46.44737738,-103.4601547,38087.0,400.0,0.0,3,3,0,0,3,3,763,0,0,0,0,0
2020-08-07,US,North Dakota,Stark,248,3,0,46.80851182,-102.6576326,38089.0,787.5766140557021,1.2096774193548387,245,229,3,0,226,227,30997,19,0,0,19,2
2020-08-07,US,North Dakota,Steele,14,0,0,47.45611548,-97.72728747,38091.0,740.7407407407408,0.0,14,13,0,0,13,13,1903,1,0,0,1,0
2020-08-07,US,North Dakota,Stutsman,126,2,0,46.97962541,-98.95637318,38093.0,608.5780525502319,1.5873015873015872,124,125,2,0,123,121,20917,1,0,0,1,4
2020-08-07,US,North Dakota,Towner,5,0,0,48.68565745,-99.24564265,38095.0,228.41480127912288,0.0,5,5,0,0,5,5,2192,0,0,0,0,0
2020-08-07,US,North Dakota,Traill,52,0,0,47.45367788,-97.16323288,38097.0,647.0881035340966,0.0,52,50,0,0,50,49,8037,2,0,0,2,1
2020-08-07,US,North Dakota,Walsh,103,0,0,48.36876964,-97.72574783,38099.0,967.9541396485292,0.0,103,103,0,0,103,101,10667,0,0,0,0,2
2020-08-07,US,North Dakota,Ward,209,1,0,48.22390169,-101.5436763,38101.0,308.98419597581346,0.4784688995215311,208,204,1,0,203,197,67744,5,0,0,5,7
2020-08-07,US,North Dakota,Wells,21,0,0,47.58614526,-99.65904998,38103.0,547.7308294209703,0.0,21,21,0,0,21,20,3957,0,0,0,0,1
2020-08-07,US,North Dakota,Williams,263,2,0,48.34522353,-103.4793387,38105.0,699.6727766101785,0.7604562737642585,261,250,2,0,248,247,35350,13,0,0,13,3
2020-08-07,US,Ohio,Adams,59,2,0,38.84541072,-83.4718964,39001.0,213.01176980287383,3.3898305084745757,57,59,2,0,57,59,27724,0,0,0,0,0
2020-08-07,US,Ohio,Allen,718,44,0,40.77285242,-84.10802343,39003.0,701.5075573272368,6.128133704735376,674,699,42,0,657,682,102663,19,2,0,17,17
2020-08-07,US,Ohio,Ashland,140,3,0,40.84772277,-82.27280781,39005.0,261.76052651260187,2.142857142857143,137,137,3,0,134,135,53745,3,0,0,3,2
2020-08-07,US,Ohio,Ashtabula,559,46,0,41.70860332,-80.74830218,39007.0,574.8603983916249,8.228980322003578,513,550,45,0,505,551,97493,9,1,0,8,-1
2020-08-07,US,Ohio,Athens,356,1,0,39.33425634,-82.04278644,39009.0,544.950786045586,0.2808988764044944,355,353,1,0,352,352,65818,3,0,0,3,1
2020-08-07,US,Ohio,Auglaize,244,6,0,40.55998859,-84.22421429999999,39011.0,534.4314000350447,2.459016393442623,238,239,5,0,234,233,45804,5,1,0,4,6
2020-08-07,US,Ohio,Belmont,614,26,0,40.01625942,-80.9924051,39013.0,916.3358505208487,4.234527687296417,588,592,26,0,566,591,67505,22,0,0,22,1
2020-08-07,US,Ohio,Brown,126,2,0,38.93416837,-83.86788395,39015.0,290.10867563087123,1.5873015873015872,124,123,2,0,121,120,43602,3,0,0,3,3
2020-08-07,US,Ohio,Butler,2861,63,0,39.44012838,-84.57388716,39017.0,746.736128873971,2.202027263194687,2798,2822,62,0,2760,2778,382378,39,1,0,38,44
2020-08-07,US,Ohio,Carroll,110,5,0,40.5789686,-81.09178213,39019.0,408.7092219662629,4.545454545454546,105,110,5,0,105,110,27081,0,0,0,0,0
2020-08-07,US,Ohio,Champaign,159,2,0,40.13923427,-83.76875242,39021.0,408.8980326604089,1.2578616352201255,157,157,1,0,156,151,38754,2,1,0,1,6
2020-08-07,US,Ohio,Clark,1133,14,0,39.91592258,-83.78498252,39023.0,844.9989931609523,1.235657546337158,1119,1115,14,0,1101,1104,134585,18,0,0,18,11
2020-08-07,US,Ohio,Clermont,902,11,0,39.04847534,-84.15375786,39025.0,436.9562268684481,1.2195121951219512,891,892,11,0,881,874,205466,10,0,0,10,18
2020-08-07,US,Ohio,Clinton,158,6,0,39.41485808,-83.80852286,39027.0,376.4773160503241,3.79746835443038,152,158,6,0,152,154,42057,0,0,0,0,4
2020-08-07,US,Ohio,Columbiana,1634,60,0,40.76932373,-80.78094576,39029.0,1603.8004377570346,3.6719706242350063,1574,1618,60,0,1558,1607,102665,16,0,0,16,11
2020-08-07,US,Ohio,Coshocton,190,6,0,40.30096166,-81.91729018,39031.0,519.1256830601093,3.1578947368421053,184,188,6,0,182,186,36629,2,0,0,2,2
2020-08-07,US,Ohio,Crawford,172,5,0,40.85065156,-82.91989099,39033.0,414.51776160408735,2.9069767441860463,167,171,5,0,166,168,41550,1,0,0,1,3
2020-08-07,US,Ohio,Cuyahoga,13269,498,0,41.424119,-81.65918339,39035.0,1074.3503212768162,3.7531087497173865,12771,13141,491,0,12650,13011,1243857,128,7,0,121,130
2020-08-07,US,Ohio,Darke,385,27,0,40.13412966,-84.6194517,39037.0,753.2330326922701,7.012987012987013,358,360,27,0,333,348,51323,25,0,0,25,12
2020-08-07,US,Ohio,Defiance,139,4,0,41.32398837,-84.49076944,39039.0,364.953921285478,2.8776978417266186,135,133,4,0,129,133,38165,6,0,0,6,0
2020-08-07,US,Ohio,Delaware,1273,19,0,40.27942393,-83.00457058,39041.0,608.5755126041582,1.492537313432836,1254,1263,19,0,1244,1241,204826,10,0,0,10,22
2020-08-07,US,Ohio,Erie,564,27,0,41.36796058,-82.62904521,39043.0,759.4323108825032,4.787234042553191,537,556,27,0,529,546,74615,8,0,0,8,10
2020-08-07,US,Ohio,Fairfield,1332,31,0,39.75107189,-82.63088163,39045.0,845.3171208448094,2.3273273273273274,1301,1309,31,0,1278,1285,155782,23,0,0,23,24
2020-08-07,US,Ohio,Fayette,110,0,0,39.56021306,-83.4562016,39047.0,385.6266432953548,0.0,110,109,0,0,109,104,28666,1,0,0,1,5
2020-08-07,US,Ohio,Franklin,18006,522,0,39.96995815,-83.01115755,39049.0,1367.4515248079374,2.8990336554481835,17484,17834,521,0,17313,17619,1310300,172,1,0,171,215
2020-08-07,US,Ohio,Fulton,147,1,0,41.60213491,-84.12571393,39051.0,348.95314057826516,0.6802721088435374,146,144,1,0,143,143,42276,3,0,0,3,1
2020-08-07,US,Ohio,Gallia,62,1,0,38.82708533,-82.31647569,39053.0,207.37173055053847,1.6129032258064515,61,62,1,0,61,62,29979,0,0,0,0,0
2020-08-07,US,Ohio,Geauga,552,44,0,41.49952319,-81.17935342,39055.0,589.4350179927175,7.971014492753622,508,548,44,0,504,540,94031,4,0,0,4,8
2020-08-07,US,Ohio,Greene,662,12,0,39.69116283,-83.89032084,39057.0,391.8620550856237,1.8126888217522656,650,656,11,0,645,644,167995,6,1,0,5,12
2020-08-07,US,Ohio,Guernsey,116,7,0,40.05026529,-81.49248905,39059.0,298.39228295819936,6.0344827586206895,109,114,7,0,107,113,39022,2,0,0,2,1
2020-08-07,US,Ohio,Hamilton,9493,253,0,39.19673558,-84.54502924,39061.0,1161.2615951841835,2.6651216685979144,9240,9374,252,0,9122,9297,816684,119,1,0,118,77
2020-08-07,US,Ohio,Hancock,355,3,0,41.00250487,-83.66838948,39063.0,468.4427905994748,0.8450704225352113,352,353,3,0,350,344,75930,2,0,0,2,9
2020-08-07,US,Ohio,Hardin,161,12,0,40.66015414,-83.65929931,39065.0,513.3110154630958,7.453416149068322,149,159,12,0,147,158,31480,2,0,0,2,1
2020-08-07,US,Ohio,Harrison,24,1,0,40.29380509,-81.09068544,39067.0,159.57446808510642,4.166666666666667,23,22,1,0,21,22,15174,2,0,0,2,0
2020-08-07,US,Ohio,Henry,115,2,0,41.3339642,-84.06830637,39069.0,425.8312967488706,1.7391304347826086,113,113,2,0,111,110,27086,2,0,0,2,3
2020-08-07,US,Ohio,Highland,148,1,0,39.1839264,-83.60331456,39071.0,342.9021570399203,0.6756756756756757,147,146,1,0,145,141,43058,2,0,0,2,5
2020-08-07,US,Ohio,Hocking,115,9,0,39.49537927,-82.47991446,39073.0,406.8780073591848,7.826086956521738,106,114,9,0,105,114,28385,1,0,0,1,0
2020-08-07,US,Ohio,Holmes,327,6,0,40.56163713,-81.92635677,39075.0,743.8580527752503,1.834862385321101,321,326,6,0,320,326,43892,1,0,0,1,0
2020-08-07,US,Ohio,Huron,393,5,0,41.14651175,-82.59867951,39077.0,674.492843167542,1.272264631043257,388,388,5,0,383,383,58504,5,0,0,5,5
2020-08-07,US,Ohio,Jackson,73,0,0,39.01914254,-82.61818559999998,39079.0,225.2182766174066,0.0,73,73,0,0,73,70,32384,0,0,0,0,3
2020-08-07,US,Ohio,Jefferson,219,2,0,40.38614126,-80.76259514,39081.0,335.2468427095293,0.9132420091324199,217,219,2,0,217,212,65767,0,0,0,0,7
2020-08-07,US,Ohio,Knox,199,7,0,40.39830217,-82.42027563,39083.0,319.30939315169604,3.5175879396984926,192,191,7,0,184,189,61893,8,0,0,8,2
2020-08-07,US,Ohio,Lake,1087,38,0,41.69710807,-81.23676539,39085.0,472.302725625573,3.4958601655933763,1049,1073,38,0,1035,1064,230514,14,0,0,14,9
2020-08-07,US,Ohio,Lawrence,267,0,0,38.59743452,-82.53466552,39087.0,449.0187175218203,0.0,267,242,0,0,242,234,59866,25,0,0,25,8
2020-08-07,US,Ohio,Licking,1224,49,0,40.09136236,-82.48185785,39089.0,692.0649998303763,4.003267973856209,1175,1202,47,0,1155,1179,175769,22,2,0,20,23
2020-08-07,US,Ohio,Logan,145,2,0,40.38996525,-83.76784341,39091.0,317.48117008232623,1.3793103448275863,143,140,2,0,138,136,45358,5,0,0,5,4
2020-08-07,US,Ohio,Lorain,1713,78,0,41.29553751,-82.15083537,39093.0,552.8784861522175,4.553415061295972,1635,1689,77,0,1612,1665,309461,24,1,0,23,24
2020-08-07,US,Ohio,Lucas,5207,321,0,41.62101218,-83.65468618,39095.0,1215.6003996750305,6.164778183214903,4886,5155,320,0,4835,5114,429899,52,1,0,51,41
2020-08-07,US,Ohio,Madison,353,10,0,39.89381073,-83.40178317,39097.0,789.1618787865239,2.8328611898016995,343,349,10,0,339,343,44413,4,0,0,4,6
2020-08-07,US,Ohio,Mahoning,2502,255,0,41.01631101,-80.77287029,39099.0,1094.0909468565656,10.191846522781775,2247,2477,254,0,2223,2470,229642,25,1,0,24,7
2020-08-07,US,Ohio,Marion,2919,45,0,40.58610662,-83.15736305,39101.0,4484.353156253361,1.5416238437821173,2874,2910,45,0,2865,2901,65256,9,0,0,9,9
2020-08-07,US,Ohio,Medina,896,35,0,41.11770589,-81.89986209999998,39103.0,498.4811901238414,3.90625,861,887,35,0,852,869,179146,9,0,0,9,18
2020-08-07,US,Ohio,Meigs,36,0,0,39.09224872,-82.0305041,39105.0,157.15720085563362,0.0,36,33,0,0,33,29,23106,3,0,0,3,4
2020-08-07,US,Ohio,Mercer,591,13,0,40.54043046,-84.62912742,39107.0,1435.4415622267559,2.1996615905245345,578,573,13,0,560,561,40959,18,0,0,18,12
2020-08-07,US,Ohio,Miami,819,38,0,40.0543329,-84.22871271,39109.0,765.5135670688961,4.63980463980464,781,811,37,0,774,788,106222,8,1,0,7,23
2020-08-07,US,Ohio,Monroe,91,18,0,39.72984936,-81.08464734,39111.0,666.4713637029442,19.78021978021978,73,91,18,0,73,91,13790,0,0,0,0,0
2020-08-07,US,Ohio,Montgomery,4229,91,0,39.75394919,-84.29050975,39113.0,795.3927780818415,2.151808938283282,4138,4174,87,0,4087,4114,532331,55,4,0,51,60
2020-08-07,US,Ohio,Morgan,25,0,0,39.62081738,-81.85308173,39115.0,172.31872070581744,0.0,25,23,0,0,23,21,14604,2,0,0,2,2
2020-08-07,US,Ohio,Morrow,168,2,0,40.52363560000001,-82.7892599,39117.0,475.5434782608696,1.1904761904761905,166,165,2,0,163,163,35112,3,0,0,3,2
2020-08-07,US,Ohio,Muskingum,221,1,0,39.96575964,-81.94363275,39119.0,256.335904424984,0.4524886877828054,220,215,1,0,214,207,86183,6,0,0,6,8
2020-08-07,US,Ohio,Noble,16,0,0,39.76818851,-81.45937183,39121.0,110.92623405435387,0.0,16,17,0,0,17,16,14354,-1,0,0,-1,1
2020-08-07,US,Ohio,Ottawa,371,26,0,41.53781826,-83.0940185,39123.0,915.4842689697716,7.008086253369273,345,368,25,0,343,365,40769,3,1,0,2,3
2020-08-07,US,Ohio,Paulding,65,0,0,41.11676341,-84.5801017,39125.0,348.114824335904,0.0,65,64,0,0,64,64,18760,1,0,0,1,0
2020-08-07,US,Ohio,Perry,121,3,0,39.73508655,-82.23804971,39127.0,334.8646703935352,2.479338842975207,118,116,3,0,113,113,36033,5,0,0,5,3
2020-08-07,US,Ohio,Pickaway,2380,42,0,39.64170392,-83.0243386,39129.0,4071.368698359478,1.7647058823529411,2338,2378,42,0,2336,2374,58086,2,0,0,2,4
2020-08-07,US,Ohio,Pike,76,0,0,39.07634001,-83.06769584,39131.0,273.65692063949297,0.0,76,75,0,0,75,73,28067,1,0,0,1,2
2020-08-07,US,Ohio,Portage,746,61,0,41.16793482,-81.19735782,39133.0,459.17299619612714,8.176943699731902,685,743,61,0,682,734,162927,3,0,0,3,9
2020-08-07,US,Ohio,Preble,180,2,0,39.7420247,-84.64787018,39135.0,440.2915708624823,1.1111111111111112,178,176,2,0,174,175,40997,4,0,0,4,1
2020-08-07,US,Ohio,Putnam,202,17,0,41.02094889,-84.1336111,39137.0,596.556510439739,8.415841584158416,185,199,17,0,182,198,33780,3,0,0,3,1
2020-08-07,US,Ohio,Richland,596,11,0,40.77180308,-82.53799609999999,39139.0,491.93588325602127,1.8456375838926171,585,589,11,0,578,559,121099,7,0,0,7,30
2020-08-07,US,Ohio,Ross,450,4,0,39.33705391,-83.06000914,39141.0,586.9616257532674,0.8888888888888888,446,444,4,0,440,431,76931,6,0,0,6,13
2020-08-07,US,Ohio,Sandusky,368,16,0,41.35624126,-83.137872,39143.0,628.8663317269901,4.3478260869565215,352,363,16,0,347,354,58799,5,0,0,5,9
2020-08-07,US,Ohio,Scioto,222,1,0,38.80270163,-82.98907345,39145.0,294.76591337599916,0.4504504504504505,221,211,1,0,210,204,75502,11,0,0,11,7
2020-08-07,US,Ohio,Seneca,196,3,0,41.12351311,-83.12783209,39147.0,355.2140345789988,1.5306122448979589,193,190,3,0,187,177,55207,6,0,0,6,13
2020-08-07,US,Ohio,Shelby,186,4,0,40.33163494,-84.20258189,39149.0,382.7948137476847,2.150537634408602,182,177,4,0,173,168,48627,9,0,0,9,9
2020-08-07,US,Ohio,Stark,1783,139,0,40.81482476,-81.36437305,39151.0,481.10392168502403,7.795849691531128,1644,1766,137,0,1629,1756,371574,17,2,0,15,10
2020-08-07,US,Ohio,Summit,3486,220,0,41.12464734,-81.53123079,39153.0,644.3468086718804,6.310958118187034,3266,3433,218,0,3215,3399,541918,53,2,0,51,34
2020-08-07,US,Ohio,Trumbull,1500,106,0,41.31735028,-80.76109643,39155.0,757.6752502853909,7.066666666666666,1394,1481,105,0,1376,1465,198627,19,1,0,18,16
2020-08-07,US,Ohio,Tuscarawas,772,14,0,40.44214695,-81.47226262,39157.0,839.2490243186537,1.8134715025906736,758,762,14,0,748,759,92176,10,0,0,10,3
2020-08-07,US,Ohio,Union,237,1,0,40.30016061,-83.37239023,39159.0,401.7766325354309,0.4219409282700422,236,233,1,0,232,228,57835,4,0,0,4,5
2020-08-07,US,Ohio,Van Wert,71,1,0,40.8554138,-84.59111700000003,39161.0,251.105216622458,1.4084507042253518,70,70,1,0,69,70,28281,1,0,0,1,0
2020-08-07,US,Ohio,Vinton,30,2,0,39.25208988,-82.4831444,39163.0,229.2701566679404,6.666666666666668,28,30,2,0,28,30,13139,0,0,0,0,0
2020-08-07,US,Ohio,Warren,1742,38,0,39.42581994,-84.16557457,39165.0,742.5341642441241,2.1814006888633752,1704,1711,36,0,1675,1689,232173,31,2,0,29,22
2020-08-07,US,Ohio,Washington,200,22,0,39.45690571,-81.49121382,39167.0,333.82851229323495,11.0,178,198,22,0,176,198,60155,2,0,0,2,0
2020-08-07,US,Ohio,Wayne,525,58,0,40.82925852,-81.88844833,39169.0,453.7205081669691,11.047619047619047,467,519,58,0,461,517,115967,6,0,0,6,2
2020-08-07,US,Ohio,Williams,132,3,0,41.56052014,-84.58429552,39171.0,359.7514444565573,2.272727272727273,129,130,3,0,127,129,36804,2,0,0,2,1
2020-08-07,US,Ohio,Wood,1013,58,0,41.36224827,-83.62285108,39173.0,774.3641881406851,5.7255676209279365,955,993,58,0,935,973,130696,20,0,0,20,20
2020-08-07,US,Ohio,Wyandot,142,8,0,40.84339621,-83.30734173,39175.0,652.2138526547858,5.633802816901407,134,136,8,0,128,128,21935,6,0,0,6,8
2020-08-07,US,Oklahoma,Adair,328,6,0,35.88494195,-94.65859267,40001.0,1477.876903667658,1.8292682926829267,322,325,6,0,319,314,22082,3,0,0,3,11
2020-08-07,US,Oklahoma,Alfalfa,3,0,0,36.73090616,-98.32408495,40003.0,52.6131182041389,0.0,3,3,0,0,3,3,5754,0,0,0,0,0
2020-08-07,US,Oklahoma,Atoka,68,0,0,34.37366573,-96.03802487,40005.0,494.25788632068617,0.0,68,67,0,0,67,67,13838,1,0,0,1,0
2020-08-07,US,Oklahoma,Beaver,36,0,0,36.7496847,-100.4758872,40007.0,677.8384485031067,0.0,36,36,0,0,36,36,5319,0,0,0,0,0
2020-08-07,US,Oklahoma,Beckham,52,1,0,35.26862449,-99.68128023,40009.0,237.8882840020129,1.9230769230769231,51,52,1,0,51,45,21709,0,0,0,0,7
2020-08-07,US,Oklahoma,Blaine,41,0,0,35.87518314,-98.43307003,40011.0,434.8287199066708,0.0,41,40,0,0,40,39,9485,1,0,0,1,1
2020-08-07,US,Oklahoma,Bryan,431,1,0,33.96472458,-96.25903472,40013.0,898.0102093968121,0.2320185614849188,430,410,1,0,409,402,47192,21,0,0,21,8
2020-08-07,US,Oklahoma,Caddo,404,16,0,35.17364557,-98.37534464,40015.0,1404.6311104930114,3.96039603960396,388,392,16,0,376,384,28977,12,0,0,12,8
2020-08-07,US,Oklahoma,Canadian,1174,7,0,35.5426055,-97.98465569,40017.0,791.6065432281903,0.596252129471891,1167,1152,7,0,1145,1128,144447,22,0,0,22,24
2020-08-07,US,Oklahoma,Carter,331,4,0,34.25103751,-97.28552485,40019.0,687.9923510215959,1.2084592145015105,327,326,4,0,322,315,48177,5,0,0,5,11
2020-08-07,US,Oklahoma,Cherokee,398,2,0,35.90692775,-94.99980896,40021.0,817.9706928088458,0.5025125628140703,396,391,2,0,389,385,48675,7,0,0,7,6
2020-08-07,US,Oklahoma,Choctaw,175,1,0,34.02807439,-95.54771129,40023.0,1192.7480916030534,0.5714285714285714,174,173,1,0,172,171,14668,2,0,0,2,2
2020-08-07,US,Oklahoma,Cimarron,1,0,0,36.74817177,-102.5173885,40025.0,46.79457182966776,0.0,1,1,0,0,1,1,2153,0,0,0,0,0
2020-08-07,US,Oklahoma,Cleveland,2932,55,0,35.20413532,-97.32519562,40027.0,1032.3434760258297,1.8758526603001364,2877,2909,55,0,2854,2871,281669,23,0,0,23,38
2020-08-07,US,Oklahoma,Coal,32,0,0,34.58840127,-96.29798747,40029.0,582.3475887170156,0.0,32,31,0,0,31,31,5520,1,0,0,1,0
2020-08-07,US,Oklahoma,Comanche,798,10,0,34.65973764,-98.47195055,40031.0,660.8750383025946,1.2531328320802004,788,795,10,0,785,792,120422,3,0,0,3,3
2020-08-07,US,Oklahoma,Cotton,18,2,0,34.28845626,-98.37053567,40033.0,317.6844334627604,11.111111111111109,16,18,2,0,16,19,5776,0,0,0,0,-1
2020-08-07,US,Oklahoma,Craig,79,0,0,36.76268118,-95.20916602,40035.0,558.6197143261206,0.0,79,78,0,0,78,77,14306,1,0,0,1,1
2020-08-07,US,Oklahoma,Creek,580,14,0,35.90230551,-96.37086028,40037.0,810.9392914068399,2.413793103448276,566,552,13,0,539,536,71604,28,1,0,27,16
2020-08-07,US,Oklahoma,Custer,202,0,0,35.63853802,-99.00170785,40039.0,696.4796745164293,0.0,202,202,0,0,202,193,29036,0,0,0,0,9
2020-08-07,US,Oklahoma,Delaware,419,19,0,36.40823634,-94.80325046,40041.0,974.2146992489944,4.534606205250596,400,412,19,0,393,405,42733,7,0,0,7,7
2020-08-07,US,Oklahoma,Dewey,9,0,0,35.98772922,-99.00730714,40043.0,184.01144960130853,0.0,9,8,0,0,8,8,4894,1,0,0,1,0
2020-08-07,US,Oklahoma,Ellis,5,0,0,36.218019399999996,-99.75324573,40045.0,129.5672454003628,0.0,5,3,0,0,3,3,3952,2,0,0,2,0
2020-08-07,US,Oklahoma,Garfield,420,5,0,36.3791334,-97.78265517,40047.0,687.8930817610063,1.1904761904761905,415,396,5,0,391,389,60913,24,0,0,24,7
2020-08-07,US,Oklahoma,Garvin,221,4,0,34.70418038,-97.30811132,40049.0,797.5172314243442,1.8099547511312215,217,220,4,0,216,215,27811,1,0,0,1,5
2020-08-07,US,Oklahoma,Grady,430,7,0,35.0167709,-97.88339847,40051.0,770.1400580291579,1.627906976744186,423,428,7,0,421,421,55551,2,0,0,2,7
2020-08-07,US,Oklahoma,Grant,13,0,0,36.796296999999996,-97.78638765,40053.0,300.02307869836136,0.0,13,12,0,0,12,12,4326,1,0,0,1,0
2020-08-07,US,Oklahoma,Greer,82,8,0,34.93535801,-99.56056120000001,40055.0,1435.5742296918768,9.75609756097561,74,82,8,0,74,81,5821,0,0,0,0,1
2020-08-07,US,Oklahoma,Harmon,27,0,0,34.7440135,-99.84741652,40057.0,1017.7157934413872,0.0,27,27,0,0,27,27,2664,0,0,0,0,0
2020-08-07,US,Oklahoma,Harper,9,0,0,36.78836519,-99.6679804,40059.0,244.0347071583514,0.0,9,9,0,0,9,9,3797,0,0,0,0,0
2020-08-07,US,Oklahoma,Haskell,55,0,0,35.22257600000001,-95.11513306,40061.0,435.5745624455532,0.0,55,50,0,0,50,48,12668,5,0,0,5,2
2020-08-07,US,Oklahoma,Hughes,126,1,0,35.04912569,-96.24921145,40063.0,948.866631523458,0.7936507936507936,125,124,1,0,123,118,13335,2,0,0,2,6
2020-08-07,US,Oklahoma,Jackson,514,5,0,34.58781741,-99.41138784,40065.0,2095.3933958418265,0.9727626459143968,509,504,5,0,499,497,24949,10,0,0,10,7
2020-08-07,US,Oklahoma,Jefferson,32,0,0,34.11130184,-97.83182974,40067.0,533.1556147950682,0.0,32,32,0,0,32,32,6123,0,0,0,0,0
2020-08-07,US,Oklahoma,Johnston,46,0,0,34.31440473,-96.66011537,40069.0,414.9751917004962,0.0,46,45,0,0,45,45,10949,1,0,0,1,0
2020-08-07,US,Oklahoma,Kay,238,11,0,36.81799745,-97.14421435,40071.0,546.648904405347,4.621848739495798,227,233,11,0,222,231,44161,5,0,0,5,2
2020-08-07,US,Oklahoma,Kingfisher,123,0,0,35.94530008,-97.94193268,40073.0,780.209324452902,0.0,123,115,0,0,115,114,15816,8,0,0,8,1
2020-08-07,US,Oklahoma,Kiowa,27,1,0,34.91671958,-98.97720696,40075.0,310.05971520440966,3.703703703703704,26,27,1,0,26,27,8729,0,0,0,0,0
2020-08-07,US,Oklahoma,Latimer,86,1,0,34.87844729,-95.25215049,40077.0,853.7674972699295,1.162790697674419,85,80,1,0,79,77,10231,6,0,0,6,3
2020-08-07,US,Oklahoma,Le Flore,311,1,0,34.89851864,-94.70392124,40079.0,623.8340721721863,0.3215434083601286,310,298,1,0,297,277,49980,13,0,0,13,21
2020-08-07,US,Oklahoma,Lincoln,156,2,0,35.70270942,-96.8812462,40081.0,447.28617713679495,1.2820512820512822,154,152,2,0,150,147,34920,4,0,0,4,5
2020-08-07,US,Oklahoma,Logan,202,1,0,35.91899576,-97.44352845,40083.0,420.73691445710364,0.4950495049504951,201,198,1,0,197,196,47291,4,0,0,4,2
2020-08-07,US,Oklahoma,Love,73,0,0,33.95273467,-97.23906784,40085.0,711.9867355895834,0.0,73,69,0,0,69,65,10134,4,0,0,4,4
2020-08-07,US,Oklahoma,Major,34,1,0,36.31149996,-98.53467076,40093.0,445.66784637567184,2.9411764705882355,33,27,1,0,26,26,7644,7,0,0,7,1
2020-08-07,US,Oklahoma,Marshall,106,1,0,34.02311222,-96.76855464,40095.0,626.0705215285569,0.9433962264150944,105,102,1,0,101,99,16806,4,0,0,4,3
2020-08-07,US,Oklahoma,Mayes,309,6,0,36.30179091,-95.23175116,40097.0,751.8248175182483,1.9417475728155342,303,305,6,0,299,294,41107,4,0,0,4,11
2020-08-07,US,Oklahoma,McClain,427,4,0,35.01123903,-97.44572302,40087.0,1054.9982704946383,0.936768149882904,423,424,4,0,420,420,39985,3,0,0,3,4
2020-08-07,US,Oklahoma,McCurtain,848,28,0,34.11664328,-94.77222373,40089.0,2582.8460038986354,3.30188679245283,820,839,28,0,811,838,32703,9,0,0,9,1
2020-08-07,US,Oklahoma,McIntosh,178,1,0,35.37235506,-95.66599306,40091.0,908.3486425801184,0.5617977528089888,177,166,1,0,165,160,19815,12,0,0,12,6
2020-08-07,US,Oklahoma,Murray,69,0,0,34.48116015,-97.06826283,40099.0,490.3005755702409,0.0,69,69,0,0,69,68,13953,0,0,0,0,1
2020-08-07,US,Oklahoma,Muskogee,490,16,0,35.61318461,-95.37802952,40101.0,720.620027354148,3.26530612244898,474,486,16,0,470,480,68362,4,0,0,4,6
2020-08-07,US,Oklahoma,Noble,83,2,0,36.38953329,-97.22928674,40103.0,745.6652591860568,2.409638554216868,81,83,2,0,81,83,11289,0,0,0,0,0
2020-08-07,US,Oklahoma,Nowata,57,1,0,36.79843529,-95.61902331,40105.0,565.7006748709805,1.7543859649122806,56,57,1,0,56,56,10218,0,0,0,0,1
2020-08-07,US,Oklahoma,Okfuskee,62,1,0,35.46485198,-96.32639984,40107.0,516.9682314683565,1.6129032258064515,61,60,0,0,60,58,12098,2,1,0,1,2
2020-08-07,US,Oklahoma,Oklahoma,10300,112,0,35.55140095,-97.40716948,40109.0,1291.6429447452706,1.087378640776699,10188,10113,109,0,10004,9950,792582,187,3,0,184,163
2020-08-07,US,Oklahoma,Okmulgee,453,3,0,35.64661916,-95.96432828,40111.0,1177.6940075393215,0.6622516556291391,450,441,3,0,438,411,38335,12,0,0,12,30
2020-08-07,US,Oklahoma,Osage,397,11,0,36.62888819,-96.39635704,40113.0,845.3463364776526,2.7707808564231735,386,391,11,0,380,385,47014,6,0,0,6,6
2020-08-07,US,Oklahoma,Ottawa,367,3,0,36.83532655,-94.81011909,40115.0,1179.0407042117774,0.8174386920980926,364,358,3,0,355,352,31175,9,0,0,9,6
2020-08-07,US,Oklahoma,Pawnee,134,3,0,36.31743373,-96.70331759999999,40117.0,818.2706399609184,2.238805970149253,131,130,3,0,127,127,16390,4,0,0,4,3
2020-08-07,US,Oklahoma,Payne,717,4,0,36.07695283,-96.97584944,40119.0,876.6995989435586,0.5578800557880056,713,698,4,0,694,687,82040,19,0,0,19,11
2020-08-07,US,Oklahoma,Pittsburg,310,3,0,34.92065823,-95.75134320000001,40121.0,710.129655930728,0.967741935483871,307,252,3,0,249,227,43877,58,0,0,58,25
2020-08-07,US,Oklahoma,Pontotoc,193,2,0,34.72959848,-96.68337199,40123.0,504.1270504649462,1.0362694300518134,191,188,2,0,186,186,38247,5,0,0,5,2
2020-08-07,US,Oklahoma,Pottawatomie,433,9,0,35.20614018,-96.94923008,40125.0,596.4844610976418,2.07852193995381,424,427,9,0,418,416,72679,6,0,0,6,11
2020-08-07,US,Oklahoma,Pushmataha,107,0,0,34.41635232,-95.37603505,40127.0,964.3114635904833,0.0,107,105,0,0,105,101,11179,2,0,0,2,4
2020-08-07,US,Oklahoma,Roger Mills,8,0,0,35.68711719,-99.69666167,40129.0,223.27658386826684,0.0,8,8,0,0,8,8,3656,0,0,0,0,0
2020-08-07,US,Oklahoma,Rogers,939,16,0,36.37004357,-95.60406759,40131.0,1015.585286451292,1.703940362087327,923,902,16,0,886,874,91984,37,0,0,37,28
2020-08-07,US,Oklahoma,Seminole,227,5,0,35.16478725,-96.61686741,40133.0,935.7737653557588,2.202643171806167,222,221,5,0,216,214,24578,6,0,0,6,7
2020-08-07,US,Oklahoma,Sequoyah,319,4,0,35.49447108,-94.75463785,40135.0,767.3987827467586,1.2539184952978055,315,309,4,0,305,290,41179,10,0,0,10,19
2020-08-07,US,Oklahoma,Stephens,193,3,0,34.48556989,-97.85141892,40137.0,447.34951208770826,1.5544041450777202,190,192,2,0,190,190,43265,1,1,0,0,2
2020-08-07,US,Oklahoma,Texas,1049,7,0,36.74777635,-101.4889765,40139.0,5249.462042736326,0.667302192564347,1042,1046,7,0,1039,1044,20455,3,0,0,3,2
2020-08-07,US,Oklahoma,Tillman,58,1,0,34.37288446,-98.92426619,40141.0,800.0,1.7241379310344829,57,58,1,0,57,57,7348,0,0,0,0,1
2020-08-07,US,Oklahoma,Tulsa,10135,106,0,36.11939621,-95.94013939,40143.0,1555.516674033692,1.0458806117414898,10029,9969,105,0,9864,9742,648360,166,1,0,165,227
2020-08-07,US,Oklahoma,Unassigned,21,0,0,0.0,0.0,90040.0,0.0,0.0,21,6,0,0,6,9,,15,0,0,15,-3
2020-08-07,US,Oklahoma,Wagoner,825,23,0,35.96024096,-95.51911308,40145.0,1014.8974646016068,2.787878787878788,802,805,23,0,782,787,80110,20,0,0,20,18
2020-08-07,US,Oklahoma,Washington,616,39,0,36.71380786,-95.90514104,40147.0,1195.4897432414075,6.331168831168832,577,606,39,0,567,593,51843,10,0,0,10,13
2020-08-07,US,Oklahoma,Washita,27,0,0,35.29071824,-98.99180434,40149.0,247.34334921216563,0.0,27,26,0,0,26,25,11127,1,0,0,1,1
2020-08-07,US,Oklahoma,Woods,20,0,0,36.76705782,-98.86573064,40151.0,227.45365631752534,0.0,20,19,0,0,19,19,8897,1,0,0,1,0
2020-08-07,US,Oklahoma,Woodward,37,0,0,36.42316318,-99.26283045,40153.0,183.0686259957449,0.0,37,36,0,0,36,35,20222,1,0,0,1,1
2020-08-07,US,Oregon,Baker,38,0,0,44.70915557,-117.6749883,41001.0,235.6735301414041,0.0,38,37,0,0,37,36,16006,1,0,0,1,1
2020-08-07,US,Oregon,Benton,164,6,0,44.49167306,-123.4316987,41003.0,176.24364609416142,3.6585365853658534,158,161,6,0,155,162,92101,3,0,0,3,-1
2020-08-07,US,Oregon,Clackamas,1500,39,0,45.18787398,-122.2179634,41005.0,358.6912075219937,2.6,1461,1484,38,0,1446,1464,416075,16,1,0,15,20
2020-08-07,US,Oregon,Clatsop,84,0,0,45.99712889,-123.660711,41007.0,208.83054892601442,0.0,84,83,0,0,83,83,39764,1,0,0,1,0
2020-08-07,US,Oregon,Columbia,91,0,0,45.94464254,-123.08908980000001,41009.0,173.81670932497994,0.0,91,90,0,0,90,86,52377,1,0,0,1,4
2020-08-07,US,Oregon,Coos,90,0,0,43.17406868,-124.0594514,41011.0,139.56301270023417,0.0,90,90,0,0,90,89,64389,0,0,0,0,1
2020-08-07,US,Oregon,Crook,43,1,0,44.14230227,-120.356297,41013.0,176.2006228487133,2.3255813953488373,42,43,1,0,42,42,23867,0,0,0,0,1
2020-08-07,US,Oregon,Curry,14,0,0,42.45911325,-124.15728200000001,41015.0,61.06870229007634,0.0,14,14,0,0,14,14,22813,0,0,0,0,0
2020-08-07,US,Oregon,Deschutes,582,9,0,43.91570171,-121.2289121,41017.0,294.3973453655181,1.5463917525773196,573,567,8,0,559,555,191996,15,1,0,14,12
2020-08-07,US,Oregon,Douglas,148,1,0,43.27941273,-123.16729099999999,41019.0,133.35736168679043,0.6756756756756757,147,145,1,0,144,140,110283,3,0,0,3,5
2020-08-07,US,Oregon,Gilliam,4,0,0,45.37160076,-120.20488689999999,41021.0,209.20502092050208,0.0,4,4,0,0,4,4,1894,0,0,0,0,0
2020-08-07,US,Oregon,Grant,4,0,0,44.49024544,-119.0068631,41023.0,55.563272676760654,0.0,4,3,0,0,3,2,7176,1,0,0,1,1
2020-08-07,US,Oregon,Harney,10,0,0,43.06422669,-118.96663059999999,41025.0,135.26308670363858,0.0,10,10,0,0,10,10,7329,0,0,0,0,0
2020-08-07,US,Oregon,Hood River,181,0,0,45.51872811,-121.65520359999998,41027.0,774.0997348387648,0.0,181,178,0,0,178,178,23428,3,0,0,3,0
2020-08-07,US,Oregon,Jackson,447,2,0,42.43201126,-122.72893090000001,41029.0,202.31370845101017,0.44742729306487694,445,437,1,0,436,421,219564,10,1,0,9,16
2020-08-07,US,Oregon,Jefferson,346,4,0,44.62806839,-121.17832,41031.0,1403.1957174142267,1.1560693641618498,342,341,3,0,338,332,24192,5,1,0,4,9
2020-08-07,US,Oregon,Josephine,113,2,0,42.3665549,-123.5561938,41033.0,129.16204693268713,1.7699115044247788,111,110,2,0,108,108,87393,3,0,0,3,2
2020-08-07,US,Oregon,Klamath,201,2,0,42.68762984,-121.64964609999998,41035.0,294.557284797327,0.9950248756218906,199,200,1,0,199,200,67653,1,1,0,0,0
2020-08-07,US,Oregon,Lake,32,0,0,42.79246693,-120.38501629999999,41037.0,406.6590418096328,0.0,32,32,0,0,32,32,7879,0,0,0,0,0
2020-08-07,US,Oregon,Lane,565,3,0,43.93727035,-122.847753,41039.0,147.87982212543872,0.5309734513274337,562,552,3,0,549,540,379611,13,0,0,13,12
2020-08-07,US,Oregon,Lincoln,412,9,0,44.64252874,-123.86991200000001,41041.0,824.6267163043914,2.184466019417476,403,411,9,0,402,414,49388,1,0,0,1,-3
2020-08-07,US,Oregon,Linn,271,10,0,44.48899494,-122.53731540000001,41043.0,208.8648082066143,3.690036900369004,261,265,10,0,255,263,127335,6,0,0,6,2
2020-08-07,US,Oregon,Malheur,755,13,0,43.1937027,-117.62273950000001,41045.0,2469.660789637238,1.7218543046357615,742,734,12,0,722,715,30725,21,1,0,20,19
2020-08-07,US,Oregon,Marion,2837,69,0,44.90287942,-122.58151170000001,41047.0,815.6564640127882,2.432146633768065,2768,2789,68,0,2721,2755,346868,48,1,0,47,34
2020-08-07,US,Oregon,Morrow,349,3,0,45.41846568,-119.584546,41049.0,3007.8427992760494,0.8595988538681948,346,329,3,0,326,327,11372,20,0,0,20,2
2020-08-07,US,Oregon,Multnomah,4762,93,0,45.54747959,-122.4169351,41051.0,585.8363422750675,1.9529609407811843,4669,4653,93,0,4560,4608,811880,109,0,0,109,45
2020-08-07,US,Oregon,Polk,308,12,0,44.90322804,-123.4128888,41053.0,357.7859092757159,3.8961038961038965,296,301,12,0,289,301,85234,7,0,0,7,0
2020-08-07,US,Oregon,Sherman,15,0,0,45.41501554,-120.6827834,41055.0,842.6966292134831,0.0,15,15,0,0,15,14,1708,0,0,0,0,1
2020-08-07,US,Oregon,Tillamook,34,0,0,45.46248721,-123.712066,41057.0,125.75824826157715,0.0,34,34,0,0,34,34,26787,0,0,0,0,0
2020-08-07,US,Oregon,Umatilla,2221,27,0,45.59073056,-118.7353826,41059.0,2849.2623476587555,1.2156686177397569,2194,2167,26,0,2141,2141,77516,54,1,0,53,26
2020-08-07,US,Oregon,Union,394,2,0,45.30915495,-118.0068979,41061.0,1468.2317868455375,0.5076142131979695,392,392,2,0,390,392,26461,2,0,0,2,0
2020-08-07,US,Oregon,Wallowa,19,1,0,45.57894064,-117.18353799999998,41063.0,263.59600443951166,5.2631578947368425,18,19,1,0,18,19,7081,0,0,0,0,0
2020-08-07,US,Oregon,Wasco,181,3,0,45.16292781,-121.16709540000001,41065.0,678.3599430327563,1.6574585635359116,178,178,3,0,175,172,26505,3,0,0,3,6
2020-08-07,US,Oregon,Washington,2991,24,0,45.55972701,-123.0955257,41067.0,497.1808135746486,0.802407221664995,2967,2943,24,0,2919,2921,597695,48,0,0,48,22
2020-08-07,US,Oregon,Yamhill,429,13,0,45.23330449,-123.3086963,41071.0,400.5602240896358,3.0303030303030303,416,413,12,0,401,404,107002,16,1,0,15,9
2020-08-07,US,Pennsylvania,Adams,497,20,0,39.87140411,-77.21610347,42001.0,482.4821132134085,4.024144869215292,477,490,20,0,470,483,102811,7,0,0,7,7
2020-08-07,US,Pennsylvania,Allegheny,8709,244,0,40.46809875,-79.98167747,42003.0,716.1741547393394,2.8016993914341484,8465,8612,243,0,8369,8512,1218452,97,1,0,96,100
2020-08-07,US,Pennsylvania,Armstrong,204,6,0,40.81665618,-79.46290811,42005.0,315.1309183594655,2.9411764705882355,198,200,6,0,194,196,65263,4,0,0,4,4
2020-08-07,US,Pennsylvania,Beaver,1294,91,0,40.6825484,-80.34921611,42007.0,789.3661280188375,7.032457496136013,1203,1280,91,0,1189,1269,164742,14,0,0,14,11
2020-08-07,US,Pennsylvania,Bedford,138,4,0,40.00522157,-78.48998442,42009.0,288.17240227196794,2.898550724637681,134,136,4,0,132,134,48176,2,0,0,2,2
2020-08-07,US,Pennsylvania,Berks,5321,368,0,40.41570541,-75.92457766,42011.0,1263.4033298192628,6.915993234354445,4953,5302,368,0,4934,5267,420152,19,0,0,19,35
2020-08-07,US,Pennsylvania,Blair,265,5,0,40.47961444,-78.34917412,42013.0,217.51799653612846,1.8867924528301887,260,255,3,0,252,241,122492,10,2,0,8,14
2020-08-07,US,Pennsylvania,Bradford,85,3,0,41.78869215,-76.51570822,42015.0,140.90811133398537,3.5294117647058822,82,85,3,0,82,85,60833,0,0,0,0,0
2020-08-07,US,Pennsylvania,Bucks,7147,582,0,40.33682119,-75.10836643,42017.0,1137.5682429528704,8.14327689939835,6565,7118,581,0,6537,7085,628195,29,1,0,28,33
2020-08-07,US,Pennsylvania,Butler,645,15,0,40.91152759,-79.91351055,42019.0,343.35357966069216,2.3255813953488373,630,637,15,0,622,624,187888,8,0,0,8,13
2020-08-07,US,Pennsylvania,Cambria,328,3,0,40.49527404,-78.71377428,42021.0,251.9356028020155,0.9146341463414634,325,322,3,0,319,312,131730,6,0,0,6,10
2020-08-07,US,Pennsylvania,Cameron,6,0,0,41.43625568,-78.20376845,42023.0,134.922419608725,0.0,6,6,0,0,6,6,4492,0,0,0,0,0
2020-08-07,US,Pennsylvania,Carbon,368,28,0,40.91545395,-75.7068525,42025.0,573.3694805397151,7.608695652173912,340,367,28,0,339,364,64227,1,0,0,1,3
2020-08-07,US,Pennsylvania,Centre,368,10,0,40.92058903,-77.82200624,42027.0,226.6219170489885,2.717391304347826,358,364,10,0,354,361,162805,4,0,0,4,3
2020-08-07,US,Pennsylvania,Chester,5102,349,0,39.97291773,-75.74768357,42029.0,971.8298859595152,6.840454723637789,4753,5075,349,0,4726,5040,522046,27,0,0,27,35
2020-08-07,US,Pennsylvania,Clarion,78,2,0,41.19265812,-79.42413524,42031.0,202.9241896040377,2.5641025641025643,76,77,2,0,75,77,38779,1,0,0,1,0
2020-08-07,US,Pennsylvania,Clearfield,156,0,0,41.00110782,-78.47592663,42033.0,196.83300738123776,0.0,156,150,0,0,150,144,79388,6,0,0,6,6
2020-08-07,US,Pennsylvania,Clinton,119,5,0,41.23255967,-77.63785995,42035.0,308.0347898115552,4.201680672268908,114,118,5,0,113,118,38684,1,0,0,1,0
2020-08-07,US,Pennsylvania,Columbia,470,35,0,41.04821986,-76.40565017,42037.0,723.4776183732529,7.446808510638298,435,470,35,0,435,468,65456,0,0,0,0,2
2020-08-07,US,Pennsylvania,Crawford,139,1,0,41.68447709,-80.10760592,42039.0,164.2462985501424,0.7194244604316546,138,138,1,0,137,136,85063,1,0,0,1,2
2020-08-07,US,Pennsylvania,Cumberland,1276,71,0,40.1625372,-77.26130755,42041.0,503.61131941429534,5.5642633228840115,1205,1270,71,0,1199,1259,251423,6,0,0,6,11
2020-08-07,US,Pennsylvania,Dauphin,2757,158,0,40.41377078,-76.77993242,42043.0,990.6611234679248,5.730866884294523,2599,2741,158,0,2583,2723,277097,16,0,0,16,18
2020-08-07,US,Pennsylvania,Delaware,9121,697,0,39.91680171,-75.40243663,42045.0,1609.3600848350322,7.641705953294594,8424,9076,695,0,8381,9032,564751,45,2,0,43,44
2020-08-07,US,Pennsylvania,Elk,48,2,0,41.42822061,-78.64524744,42047.0,160.481444332999,4.166666666666667,46,48,2,0,46,46,30169,0,0,0,0,2
2020-08-07,US,Pennsylvania,Erie,1058,18,0,41.99253829,-80.03301954,42049.0,392.2470043896073,1.7013232514177694,1040,1046,17,0,1029,1037,272061,12,1,0,11,9
2020-08-07,US,Pennsylvania,Fayette,472,5,0,39.92041012,-79.64291195,42051.0,365.11595525782445,1.0593220338983051,467,465,5,0,460,431,130441,7,0,0,7,34
2020-08-07,US,Pennsylvania,Forest,9,0,0,41.51095103,-79.23229292,42053.0,124.1893197185042,0.0,9,9,0,0,9,9,7279,0,0,0,0,0
2020-08-07,US,Pennsylvania,Franklin,1328,46,0,39.92956518,-77.72157791,42055.0,856.6249750043539,3.463855421686747,1282,1323,46,0,1277,1305,154835,5,0,0,5,18
2020-08-07,US,Pennsylvania,Fulton,26,2,0,39.92913544,-78.11163677,42057.0,178.94012388162426,7.6923076923076925,24,26,2,0,24,25,14523,0,0,0,0,1
2020-08-07,US,Pennsylvania,Greene,112,1,0,39.85746531,-80.22357106,42059.0,309.1104793972345,0.8928571428571429,111,110,1,0,109,110,36506,2,0,0,2,0
2020-08-07,US,Pennsylvania,Huntingdon,300,4,0,40.42162652,-77.97673273,42061.0,664.5401382243488,1.3333333333333333,296,296,4,0,292,295,45168,4,0,0,4,1
2020-08-07,US,Pennsylvania,Indiana,309,6,0,40.65241041,-79.08963285,42063.0,367.53773506357567,1.9417475728155342,303,297,6,0,291,283,84501,12,0,0,12,14
2020-08-07,US,Pennsylvania,Jefferson,62,1,0,41.12913106,-78.9986361,42065.0,142.7748992515832,1.6129032258064515,61,61,1,0,60,61,43641,1,0,0,1,0
2020-08-07,US,Pennsylvania,Juniata,131,6,0,40.53358749,-77.39975129999998,42067.0,529.0150627952994,4.580152671755725,125,129,6,0,123,128,24704,2,0,0,2,1
2020-08-07,US,Pennsylvania,Lackawanna,1922,212,0,41.43564672,-75.60379201,42069.0,916.6611024733634,11.030176899063477,1710,1916,212,0,1704,1912,210793,6,0,0,6,4
2020-08-07,US,Pennsylvania,Lancaster,5822,410,0,40.03904563,-76.24770128,42071.0,1066.8396478806135,7.042253521126762,5412,5756,410,0,5346,5725,543557,66,0,0,66,31
2020-08-07,US,Pennsylvania,Lawrence,389,15,0,40.99206278,-80.33393706,42073.0,454.90691364954625,3.8560411311053984,374,383,14,0,369,359,86184,6,1,0,5,24
2020-08-07,US,Pennsylvania,Lebanon,1594,54,0,40.36680311,-76.45651841,42075.0,1124.1739719168083,3.3877038895859477,1540,1591,54,0,1537,1584,141314,3,0,0,3,7
2020-08-07,US,Pennsylvania,Lehigh,4918,336,0,40.6154815,-75.59435245,42077.0,1331.6437325015304,6.8320455469703125,4582,4901,336,0,4565,4887,368100,17,0,0,17,14
2020-08-07,US,Pennsylvania,Luzerne,3409,184,0,41.17823008,-75.98447579,42079.0,1073.9815447817855,5.397477266060427,3225,3399,184,0,3215,3377,317646,10,0,0,10,22
2020-08-07,US,Pennsylvania,Lycoming,369,20,0,41.34310539,-77.06629984,42081.0,325.6868992665425,5.420054200542006,349,354,20,0,334,351,113664,15,0,0,15,3
2020-08-07,US,Pennsylvania,McKean,34,1,0,41.80938602,-78.56478358,42083.0,83.69230769230771,2.9411764705882355,33,34,1,0,33,33,40968,0,0,0,0,1
2020-08-07,US,Pennsylvania,Mercer,404,9,0,41.30248872,-80.25816981,42085.0,369.2060242725545,2.227722772277228,395,389,9,0,380,376,110683,15,0,0,15,13
2020-08-07,US,Pennsylvania,Mifflin,116,1,0,40.61116939,-77.61070738,42087.0,251.4196540812345,0.8620689655172413,115,115,1,0,114,113,46222,1,0,0,1,2
2020-08-07,US,Pennsylvania,Monroe,1618,124,0,41.05934058,-75.34031025,42089.0,950.249895754415,7.663782447466008,1494,1614,124,0,1490,1611,169507,4,0,0,4,3
2020-08-07,US,Pennsylvania,Montgomery,10015,855,0,40.21053671,-75.36652296,42091.0,1205.297774140556,8.53719420868697,9160,9983,855,0,9128,9952,828604,32,0,0,32,31
2020-08-07,US,Pennsylvania,Montour,100,3,0,41.03023987,-76.66345939,42093.0,548.5463521667581,3.0,97,98,3,0,95,97,18240,2,0,0,2,1
2020-08-07,US,Pennsylvania,Northampton,3913,292,0,40.75182733,-75.30471829,42095.0,1281.7531159408422,7.462305136723741,3621,3902,292,0,3610,3891,304807,11,0,0,11,11
2020-08-07,US,Pennsylvania,Northumberland,449,12,0,40.84785433,-76.70798222,42097.0,494.2593265303876,2.67260579064588,437,427,12,0,415,421,91083,22,0,0,22,6
2020-08-07,US,Pennsylvania,Perry,121,5,0,40.40206612,-77.26297447,42099.0,261.4972337482711,4.132231404958676,116,120,5,0,115,120,46139,1,0,0,1,0
2020-08-07,US,Pennsylvania,Philadelphia,31120,1698,0,40.00338507,-75.1379271,42101.0,1964.5670881984565,5.456298200514139,29422,30986,1695,0,29291,30877,1584138,134,3,0,131,109
2020-08-07,US,Pennsylvania,Pike,526,21,0,41.33155042,-75.03208106,42103.0,942.500313569496,3.9923954372623576,505,526,21,0,505,526,55933,0,0,0,0,0
2020-08-07,US,Pennsylvania,Potter,20,0,0,41.74471626,-77.89559864,42105.0,121.0214207914801,0.0,20,20,0,0,20,20,16622,0,0,0,0,0
2020-08-07,US,Pennsylvania,Schuylkill,908,50,0,40.70497338,-76.2150785,42107.0,642.3361795145693,5.506607929515418,858,907,50,0,857,905,142067,1,0,0,1,2
2020-08-07,US,Pennsylvania,Snyder,101,2,0,40.77129231,-77.06840691,42109.0,250.17338749628456,1.98019801980198,99,101,2,0,99,100,40540,0,0,0,0,1
2020-08-07,US,Pennsylvania,Somerset,129,3,0,39.97172723,-79.02699593,42111.0,175.63685378572305,2.3255813953488373,126,127,3,0,124,127,73952,2,0,0,2,0
2020-08-07,US,Pennsylvania,Sullivan,10,0,0,41.44634738,-76.51246591,42113.0,164.85328058028355,0.0,10,10,0,0,10,10,6071,0,0,0,0,0
2020-08-07,US,Pennsylvania,Susquehanna,213,27,0,41.82147784,-75.80071959,42115.0,528.169014084507,12.676056338028172,186,212,27,0,185,212,40589,1,0,0,1,0
2020-08-07,US,Pennsylvania,Tioga,37,3,0,41.77255149,-77.25433032,42117.0,91.1532113029982,8.108108108108109,34,37,3,0,34,36,40763,0,0,0,0,1
2020-08-07,US,Pennsylvania,Union,216,2,0,40.96188846,-77.05996014,42119.0,480.8227411348307,0.925925925925926,214,206,2,0,204,201,44785,10,0,0,10,5
2020-08-07,US,Pennsylvania,Venango,63,0,0,41.40323442,-79.75845449,42121.0,124.33883318860028,0.0,63,63,0,0,63,62,51266,0,0,0,0,1
2020-08-07,US,Pennsylvania,Warren,22,1,0,41.81304978,-79.26969577,42123.0,56.1353371947641,4.545454545454546,21,20,1,0,19,20,39498,2,0,0,2,0
2020-08-07,US,Pennsylvania,Washington,821,12,0,40.19208869,-80.24582867,42125.0,396.87719043820846,1.4616321559074301,809,808,11,0,797,785,207346,13,1,0,12,23
2020-08-07,US,Pennsylvania,Wayne,158,9,0,41.64938475,-75.29956506,42127.0,307.62640914312414,5.69620253164557,149,157,8,0,149,157,51276,1,1,0,0,0
2020-08-07,US,Pennsylvania,Westmoreland,1500,46,0,40.31377979999999,-79.46615476,42129.0,429.9238461560509,3.066666666666667,1454,1484,46,0,1438,1475,350611,16,0,0,16,9
2020-08-07,US,Pennsylvania,Wyoming,58,8,0,41.51955538,-76.01074915,42131.0,216.46637306859745,13.79310344827586,50,58,8,0,50,58,27046,0,0,0,0,0
2020-08-07,US,Pennsylvania,York,2485,93,0,39.9210089,-76.73040131,42133.0,553.380632345933,3.742454728370221,2392,2444,92,0,2352,2400,448273,41,1,0,40,44
2020-08-07,US,Puerto Rico,Adjuntas,92,0,0,18.180117000000006,-66.754367,72001.0,472.2065390340297,0.0,92,90,0,0,90,89,,2,0,0,2,1
2020-08-07,US,Puerto Rico,Aguada,117,0,0,18.360255,-67.17513100000001,72003.0,278.84363307037825,0.0,117,111,0,0,111,110,,6,0,0,6,1
2020-08-07,US,Puerto Rico,Aguadilla,209,0,0,18.459681,-67.12081500000001,72005.0,342.90964576941377,0.0,209,200,0,0,200,195,,9,0,0,9,5
2020-08-07,US,Puerto Rico,Aguas Buenas,123,0,0,18.251619,-66.126806,72007.0,429.1845493562232,0.0,123,118,0,0,118,117,,5,0,0,5,1
2020-08-07,US,Puerto Rico,Aibonito,83,0,0,18.131361,-66.264131,72009.0,320.4633204633205,0.0,83,82,0,0,82,81,,1,0,0,1,1
2020-08-07,US,Puerto Rico,Anasco,131,0,0,18.287985,-67.120611,72011.0,447.6948839752571,0.0,131,131,0,0,131,130,,0,0,0,0,1
2020-08-07,US,Puerto Rico,Arecibo,287,0,0,18.406631,-66.675077,72013.0,297.59435918705935,0.0,287,280,0,0,280,277,,7,0,0,7,3
2020-08-07,US,Puerto Rico,Arroyo,84,0,0,17.998457000000005,-66.056546,72015.0,429.1187739463602,0.0,84,81,0,0,81,79,,3,0,0,3,2
2020-08-07,US,Puerto Rico,Barceloneta,81,0,0,18.445533,-66.56053100000001,72017.0,326.4023210831721,0.0,81,78,0,0,78,78,,3,0,0,3,0
2020-08-07,US,Puerto Rico,Barranquitas,228,0,0,18.201592,-66.30963,72019.0,752.0284979220265,0.0,228,226,0,0,226,221,,2,0,0,2,5
2020-08-07,US,Puerto Rico,Bayamon,1373,0,0,18.34946,-66.168435,72021.0,659.7282284879586,0.0,1373,1293,0,0,1293,1280,,80,0,0,80,13
2020-08-07,US,Puerto Rico,Cabo Rojo,197,0,0,18.040993,-67.154391,72023.0,386.9041773867274,0.0,197,192,0,0,192,185,,5,0,0,5,7
2020-08-07,US,Puerto Rico,Caguas,677,0,0,18.211615,-66.050779,72025.0,473.7810809486818,0.0,677,644,0,0,644,635,,33,0,0,33,9
2020-08-07,US,Puerto Rico,Camuy,132,0,0,18.418578,-66.860206,72027.0,375.43729912682403,0.0,132,129,0,0,129,118,,3,0,0,3,11
2020-08-07,US,Puerto Rico,Canovanas,352,0,0,18.328802,-65.887612,72029.0,738.7508394895902,0.0,352,339,0,0,339,331,,13,0,0,13,8
2020-08-07,US,Puerto Rico,Carolina,1184,0,0,18.374986,-65.95683100000001,72031.0,669.827225308607,0.0,1184,1122,0,0,1122,1103,,62,0,0,62,19
2020-08-07,US,Puerto Rico,Catano,179,0,0,18.437269,-66.14330600000001,72033.0,636.1051883439942,0.0,179,171,0,0,171,170,,8,0,0,8,1
2020-08-07,US,Puerto Rico,Cayey,194,0,0,18.102851,-66.14914,72035.0,403.16714811197227,0.0,194,192,0,0,192,188,,2,0,0,2,4
2020-08-07,US,Puerto Rico,Ceiba,66,0,0,18.251818,-65.666416,72037.0,484.1904482429756,0.0,66,64,0,0,64,63,,2,0,0,2,1
2020-08-07,US,Puerto Rico,Ciales,135,0,0,18.28885,-66.516475,72039.0,718.7732935789586,0.0,135,128,0,0,128,125,,7,0,0,7,3
2020-08-07,US,Puerto Rico,Cidra,160,0,0,18.173559,-66.161179,72041.0,367.98528058877645,0.0,160,150,0,0,150,150,,10,0,0,10,0
2020-08-07,US,Puerto Rico,Coamo,142,0,0,18.097597,-66.36014,72043.0,350.51342812006317,0.0,142,136,0,0,136,132,,6,0,0,6,4
2020-08-07,US,Puerto Rico,Comerio,114,0,0,18.224687,-66.221622,72045.0,548.6572336124748,0.0,114,113,0,0,113,112,,1,0,0,1,1
2020-08-07,US,Puerto Rico,Corozal,203,0,0,18.304264,-66.327738,72047.0,546.5510742555598,0.0,203,192,0,0,192,189,,11,0,0,11,3
2020-08-07,US,Puerto Rico,Culebra,19,0,0,18.31586,-65.28813000000001,72049.0,1045.1045104510451,0.0,19,19,0,0,19,18,,0,0,0,0,1
2020-08-07,US,Puerto Rico,Dorado,285,0,0,18.436115,-66.278669,72051.0,746.7575003275251,0.0,285,276,0,0,276,276,,9,0,0,9,0
2020-08-07,US,Puerto Rico,Fajardo,222,0,0,18.318373,-65.666866,72053.0,600.1135349931068,0.0,222,213,0,0,213,212,,9,0,0,9,1
2020-08-07,US,Puerto Rico,Florida,173,0,0,18.373715,-66.560488,72054.0,1364.3533123028392,0.0,173,171,0,0,171,170,,2,0,0,2,1
2020-08-07,US,Puerto Rico,Guanica,56,0,0,17.982429,-66.91964300000001,72055.0,288.2586091522108,0.0,56,55,0,0,55,54,,1,0,0,1,1
2020-08-07,US,Puerto Rico,Guayama,149,0,0,18.007516,-66.13390799999999,72057.0,328.46876240024693,0.0,149,143,0,0,143,141,,6,0,0,6,2
2020-08-07,US,Puerto Rico,Guayanilla,118,0,0,18.039942,-66.79186,72059.0,546.7772577730411,0.0,118,118,0,0,118,118,,0,0,0,0,0
2020-08-07,US,Puerto Rico,Guaynabo,796,0,0,18.345114,-66.11452299999999,72061.0,812.8752910420326,0.0,796,764,0,0,764,754,,32,0,0,32,10
2020-08-07,US,Puerto Rico,Gurabo,230,0,0,18.266461,-65.97970500000001,72063.0,506.95408759284976,0.0,230,218,0,0,218,214,,12,0,0,12,4
2020-08-07,US,Puerto Rico,Hatillo,102,0,0,18.410928,-66.79632600000001,72065.0,243.1292160274593,0.0,102,101,0,0,101,98,,1,0,0,1,3
2020-08-07,US,Puerto Rico,Hormigueros,88,0,0,18.134532,-67.113972,72067.0,510.1449275362318,0.0,88,85,0,0,85,84,,3,0,0,3,1
2020-08-07,US,Puerto Rico,Humacao,176,0,0,18.145211,-65.810174,72069.0,301.02965826292206,0.0,176,176,0,0,176,175,,0,0,0,0,1
2020-08-07,US,Puerto Rico,Isabela,132,0,0,18.44981,-67.005093,72071.0,289.27702658280555,0.0,132,126,0,0,126,124,,6,0,0,6,2
2020-08-07,US,Puerto Rico,Jayuya,179,0,0,18.211446,-66.58878,72073.0,1075.5918759764454,0.0,179,179,0,0,179,179,,0,0,0,0,0
2020-08-07,US,Puerto Rico,Juana Diaz,184,0,0,18.050764,-66.49458100000001,72075.0,230.29650675244375,0.0,184,180,0,0,180,178,,4,0,0,4,2
2020-08-07,US,Puerto Rico,Juncos,121,0,0,18.223793,-65.909109,72077.0,300.32266070985355,0.0,121,113,0,0,113,111,,8,0,0,8,2
2020-08-07,US,Puerto Rico,Lajas,75,0,0,18.011661,-67.040585,72079.0,291.22820642255266,0.0,75,74,0,0,74,74,,1,0,0,1,0
2020-08-07,US,Puerto Rico,Lares,159,0,0,18.269035,-66.867236,72081.0,517.0227294898059,0.0,159,148,0,0,148,146,,11,0,0,11,2
2020-08-07,US,Puerto Rico,Las Marias,58,0,0,18.23679,-66.98362,72083.0,586.9851229632628,0.0,58,58,0,0,58,57,,0,0,0,0,1
2020-08-07,US,Puerto Rico,Las Piedras,141,0,0,18.187527,-65.86946800000001,72085.0,364.5765998707175,0.0,141,138,0,0,138,136,,3,0,0,3,2
2020-08-07,US,Puerto Rico,Loiza,117,0,0,18.425688,-65.89943000000001,72087.0,389.2215568862275,0.0,117,110,0,0,110,108,,7,0,0,7,2
2020-08-07,US,Puerto Rico,Luquillo,100,0,0,18.342114,-65.72509699999999,72089.0,498.3057604145904,0.0,100,95,0,0,95,93,,5,0,0,5,2
2020-08-07,US,Puerto Rico,Manati,213,0,0,18.420473,-66.490461,72091.0,482.8508602906173,0.0,213,206,0,0,206,205,,7,0,0,7,1
2020-08-07,US,Puerto Rico,Maricao,42,0,0,18.171795,-66.942126,72093.0,669.2160611854682,0.0,42,42,0,0,42,42,,0,0,0,0,0
2020-08-07,US,Puerto Rico,Maunabo,59,0,0,18.017889,-65.922235,72095.0,482.6175869120655,0.0,59,57,0,0,57,57,,2,0,0,2,0
2020-08-07,US,Puerto Rico,Mayaguez,471,0,0,18.2013,-67.1452,72097.0,528.7382128423889,0.0,471,460,0,0,460,451,,11,0,0,11,9
2020-08-07,US,Puerto Rico,Moca,169,0,0,18.377805,-67.080952,72099.0,421.3518163005809,0.0,169,167,0,0,167,162,,2,0,0,2,5
2020-08-07,US,Puerto Rico,Morovis,240,0,0,18.316963,-66.420383,72101.0,735.9705611775529,0.0,240,239,0,0,239,233,,1,0,0,1,6
2020-08-07,US,Puerto Rico,Naguabo,89,0,0,18.230637,-65.753897,72103.0,333.08383233532936,0.0,89,89,0,0,89,88,,0,0,0,0,1
2020-08-07,US,Puerto Rico,Naranjito,260,0,0,18.288019,-66.252703,72105.0,855.2068942832707,0.0,260,254,0,0,254,251,,6,0,0,6,3
2020-08-07,US,Puerto Rico,Orocovis,206,0,0,18.215046,-66.433604,72107.0,879.4774367075098,0.0,206,201,0,0,201,191,,5,0,0,5,10
2020-08-07,US,Puerto Rico,Out of PR,649,0,0,0.0,0.0,72888.0,0.0,0.0,649,639,0,0,639,637,,10,0,0,10,2
2020-08-07,US,Puerto Rico,Patillas,99,0,0,18.03174,-66.012242,72109.0,513.5653888053121,0.0,99,98,0,0,98,97,,1,0,0,1,1
2020-08-07,US,Puerto Rico,Penuelas,70,0,0,18.059645,-66.721572,72111.0,288.2793839057738,0.0,70,70,0,0,70,69,,0,0,0,0,1
2020-08-07,US,Puerto Rico,Ponce,460,0,0,18.059498,-66.613748,72113.0,276.5636366915774,0.0,460,449,0,0,449,444,,11,0,0,11,5
2020-08-07,US,Puerto Rico,Quebradillas,78,0,0,18.439692,-66.926113,72115.0,300.9375361703769,0.0,78,77,0,0,77,72,,1,0,0,1,5
2020-08-07,US,Puerto Rico,Rincon,92,0,0,18.335443,-67.23174,72117.0,605.2631578947369,0.0,92,89,0,0,89,89,,3,0,0,3,0
2020-08-07,US,Puerto Rico,Rio Grande,280,0,0,18.346329,-65.813742,72119.0,515.6157925751326,0.0,280,266,0,0,266,265,,14,0,0,14,1
2020-08-07,US,Puerto Rico,Sabana Grande,121,0,0,18.08282,-66.943758,72121.0,478.92341183455375,0.0,121,117,0,0,117,116,,4,0,0,4,1
2020-08-07,US,Puerto Rico,Salinas,155,0,0,18.010386999999994,-66.256592,72123.0,498.745092991827,0.0,155,145,0,0,145,140,,10,0,0,10,5
2020-08-07,US,Puerto Rico,San German,134,0,0,18.111484,-67.03858100000001,72125.0,377.17792101781737,0.0,134,131,0,0,131,130,,3,0,0,3,1
2020-08-07,US,Puerto Rico,San Juan,3022,0,0,18.386933,-66.061128,72127.0,764.4323925064377,0.0,3022,2888,0,0,2888,2827,,134,0,0,134,61
2020-08-07,US,Puerto Rico,San Lorenzo,162,0,0,18.147987,-65.976392,72129.0,394.563787812363,0.0,162,147,0,0,147,147,,15,0,0,15,0
2020-08-07,US,Puerto Rico,San Sebastian,217,0,0,18.328646,-66.971214,72131.0,511.4305915625736,0.0,217,212,0,0,212,196,,5,0,0,5,16
2020-08-07,US,Puerto Rico,Santa Isabel,93,0,0,17.994525,-66.388913,72133.0,399.58752255736016,0.0,93,93,0,0,93,92,,0,0,0,0,1
2020-08-07,US,Puerto Rico,Toa Alta,540,0,0,18.362406,-66.246616,72135.0,729.0794696621933,0.0,540,511,0,0,511,504,,29,0,0,29,7
2020-08-07,US,Puerto Rico,Toa Baja,494,0,0,18.431446,-66.213553,72137.0,551.2839112142752,0.0,494,470,0,0,470,464,,24,0,0,24,6
2020-08-07,US,Puerto Rico,Trujillo Alto,464,0,0,18.336159,-65.99888399999999,72139.0,619.972742577697,0.0,464,446,0,0,446,442,,18,0,0,18,4
2020-08-07,US,Puerto Rico,Unassigned,469,265,0,0.0,0.0,72999.0,0.0,56.50319829424307,204,478,258,0,220,512,,-9,7,0,-16,-34
2020-08-07,US,Puerto Rico,Utuado,58,0,0,18.271214,-66.702984,72141.0,174.96757066578178,0.0,58,57,0,0,57,57,,1,0,0,1,0
2020-08-07,US,Puerto Rico,Vega Alta,212,0,0,18.409346,-66.33725,72143.0,530.6500463067257,0.0,212,198,0,0,198,195,,14,0,0,14,3
2020-08-07,US,Puerto Rico,Vega Baja,373,0,0,18.428262,-66.397924,72145.0,625.1885622339178,0.0,373,356,0,0,356,349,,17,0,0,17,7
2020-08-07,US,Puerto Rico,Vieques,53,0,0,18.123276,-65.44097099999999,72147.0,569.8312009461347,0.0,53,51,0,0,51,47,,2,0,0,2,4
2020-08-07,US,Puerto Rico,Villalba,76,0,0,18.127951,-66.473115,72149.0,291.4892800981859,0.0,76,75,0,0,75,73,,1,0,0,1,2
2020-08-07,US,Puerto Rico,Yabucoa,112,0,0,18.070399,-65.896289,72151.0,295.1951714504099,0.0,112,104,0,0,104,104,,8,0,0,8,0
2020-08-07,US,Puerto Rico,Yauco,231,0,0,18.080374,-66.858814,72153.0,549.4374806745475,0.0,231,230,0,0,230,225,,1,0,0,1,5
2020-08-07,US,Rhode Island,Bristol,316,0,0,41.71018079,-71.28652315,44001.0,651.8286268281113,0.0,316,316,0,0,316,316,48649,0,0,0,0,0
2020-08-07,US,Rhode Island,Kent,1494,0,0,41.67106337,-71.57641596,44003.0,909.3565115769484,0.0,1494,1494,0,0,1494,1494,163861,0,0,0,0,0
2020-08-07,US,Rhode Island,Newport,396,0,0,41.5642026,-71.26569799,44005.0,482.44438488340927,0.0,396,396,0,0,396,396,82542,0,0,0,0,0
2020-08-07,US,Rhode Island,Providence,15047,0,0,41.87064746,-71.57753536,44007.0,2355.027381673452,0.0,15047,15047,0,0,15047,15047,636084,0,0,0,0,0
2020-08-07,US,Rhode Island,Unassigned,1878,1014,0,0.0,0.0,90044.0,0.0,53.993610223642165,864,1751,1014,0,737,1621,,127,0,0,127,130
2020-08-07,US,Rhode Island,Washington,607,0,0,41.45961631,-71.61435303,44009.0,483.3687697587934,0.0,607,607,0,0,607,607,126179,0,0,0,0,0
2020-08-07,US,South Carolina,Abbeville,321,8,0,34.22333378,-82.46170658,45001.0,1308.7617727402455,2.4922118380062304,313,313,8,0,305,304,24541,8,0,0,8,9
2020-08-07,US,South Carolina,Aiken,1810,34,0,33.54338026,-81.63645384,45003.0,1059.272437848214,1.8784530386740328,1776,1788,33,0,1755,1706,169401,22,1,0,21,82
2020-08-07,US,South Carolina,Allendale,213,3,0,32.98837386,-81.35321066,45005.0,2451.6574585635362,1.4084507042253518,210,204,3,0,201,196,8903,9,0,0,9,8
2020-08-07,US,South Carolina,Anderson,2271,59,0,34.51828081,-82.63959517,45007.0,1121.160359008284,2.597974460590049,2212,2237,55,0,2182,2179,200482,34,4,0,30,58
2020-08-07,US,South Carolina,Bamberg,463,20,0,33.21927586,-81.05659969,45009.0,3291.6251955068956,4.319654427645788,443,455,20,0,435,452,14275,8,0,0,8,3
2020-08-07,US,South Carolina,Barnwell,402,5,0,33.26679302,-81.43584352,45011.0,1926.5791239336718,1.243781094527363,397,390,5,0,385,379,21112,12,0,0,12,11
2020-08-07,US,South Carolina,Beaufort,3999,55,0,32.39226291,-80.72619758,45013.0,2081.4898866345347,1.3753438359589898,3944,3921,54,0,3867,3850,188715,78,1,0,77,71
2020-08-07,US,South Carolina,Berkeley,4079,66,0,33.20222596,-79.94654523,45015.0,1789.7651234933548,1.6180436381466046,4013,4049,64,0,3985,4016,221091,30,2,0,28,33
2020-08-07,US,South Carolina,Calhoun,367,10,0,33.66926881,-80.77722168,45017.0,2521.816807531093,2.7247956403269757,357,371,10,0,361,369,14520,-4,0,0,-4,2
2020-08-07,US,South Carolina,Charleston,12118,189,0,32.82487866,-79.96512315,45019.0,2945.508816108661,1.559663310777356,11929,12019,190,0,11829,11926,405905,99,-1,0,100,93
2020-08-07,US,South Carolina,Cherokee,624,28,0,35.05122251,-81.61828622,45021.0,1089.0052356020942,4.487179487179487,596,599,28,0,571,576,57078,25,0,0,25,23
2020-08-07,US,South Carolina,Chester,633,13,0,34.69249168,-81.1583216,45023.0,1963.1559359880907,2.0537124802527646,620,613,13,0,600,599,32251,20,0,0,20,14
2020-08-07,US,South Carolina,Chesterfield,743,21,0,34.64137396,-80.15640140000002,45025.0,1627.6013143483026,2.826379542395693,722,729,21,0,708,723,45754,14,0,0,14,6
2020-08-07,US,South Carolina,Clarendon,826,51,0,33.66610974,-80.21647898,45027.0,2447.7700400059266,6.174334140435835,775,817,51,0,766,804,33700,9,0,0,9,13
2020-08-07,US,South Carolina,Colleton,798,34,0,32.87582989,-80.67641292,45029.0,2118.003025718608,4.260651629072681,764,791,33,0,758,779,37660,7,1,0,6,12
2020-08-07,US,South Carolina,Darlington,1234,35,0,34.33358335,-79.96027485,45031.0,1852.3522171184968,2.8363047001620747,1199,1189,35,0,1154,1174,66802,45,0,0,45,15
2020-08-07,US,South Carolina,Dillon,619,24,0,34.39007791,-79.37741872,45033.0,2030.9065258046523,3.8772213247172864,595,607,24,0,583,593,30599,12,0,0,12,14
2020-08-07,US,South Carolina,Dorchester,3021,47,0,33.0794369,-80.40502652,45035.0,1855.5485261871274,1.5557762330354188,2974,2968,47,0,2921,2910,160647,53,0,0,53,58
2020-08-07,US,South Carolina,Edgefield,314,6,0,33.77221995,-81.96231108,45037.0,1151.8708730741012,1.9108280254777068,308,303,6,0,297,297,27052,11,0,0,11,6
2020-08-07,US,South Carolina,Fairfield,557,23,0,34.39287073,-81.1195624,45039.0,2492.504586745425,4.129263913824056,534,554,23,0,531,548,22402,3,0,0,3,6
2020-08-07,US,South Carolina,Florence,3329,108,0,34.02361754,-79.70189312,45041.0,2407.2078847085536,3.2442174827275463,3221,3258,108,0,3150,3186,138159,71,0,0,71,72
2020-08-07,US,South Carolina,Georgetown,1419,19,0,33.43443342,-79.33202141,45043.0,2263.880025526484,1.3389711064129668,1400,1345,19,0,1326,1334,62249,74,0,0,74,11
2020-08-07,US,South Carolina,Greenville,10745,204,0,34.89502264,-82.37295012,45045.0,2052.3663813027415,1.898557468590042,10541,10635,201,0,10434,10495,514213,110,3,0,107,140
2020-08-07,US,South Carolina,Greenwood,1355,18,0,34.15272415,-82.12715789,45047.0,1913.544505797122,1.328413284132841,1337,1336,17,0,1319,1314,70741,19,1,0,18,22
2020-08-07,US,South Carolina,Hampton,412,7,0,32.77419582,-81.13845571,45049.0,2143.3773800853187,1.699029126213592,405,405,7,0,398,401,19351,7,0,0,7,4
2020-08-07,US,South Carolina,Horry,8486,146,0,33.9212828,-78.99555293,45051.0,2396.6267605434914,1.7204807918925291,8340,8371,145,0,8226,8317,344147,115,1,0,114,54
2020-08-07,US,South Carolina,Jasper,571,15,0,32.43171982,-81.02487495,45053.0,1898.713131380308,2.626970227670753,556,560,14,0,546,550,28971,11,1,0,10,10
2020-08-07,US,South Carolina,Kershaw,1365,23,0,34.33988254,-80.58763164,45055.0,2051.0585866478336,1.684981684981685,1342,1357,23,0,1334,1339,65592,8,0,0,8,18
2020-08-07,US,South Carolina,Lancaster,1161,23,0,34.68270843,-80.70513032,45057.0,1184.5488307554174,1.9810508182601203,1138,1138,23,0,1115,1109,95380,23,0,0,23,29
2020-08-07,US,South Carolina,Laurens,1292,43,0,34.48244419,-82.00490796,45059.0,1914.2725912316832,3.3281733746130033,1249,1275,42,0,1233,1255,66994,17,1,0,16,20
2020-08-07,US,South Carolina,Lee,556,27,0,34.16393091,-80.25690731,45061.0,3304.0171143332536,4.856115107913669,529,542,27,0,515,537,17142,14,0,0,14,5
2020-08-07,US,South Carolina,Lexington,4877,108,0,33.89665987,-81.27146426,45063.0,1632.4686192468619,2.2144761123641583,4769,4839,108,0,4731,4805,295032,38,0,0,38,34
2020-08-07,US,South Carolina,Marion,542,13,0,34.07859748,-79.36400756,45067.0,1767.9485924911114,2.3985239852398523,529,535,13,0,522,531,31039,7,0,0,7,4
2020-08-07,US,South Carolina,Marlboro,473,4,0,34.59905577,-79.67561152,45069.0,1811.0115629068075,0.8456659619450317,469,468,4,0,464,460,26398,5,0,0,5,8
2020-08-07,US,South Carolina,McCormick,113,2,0,33.90161443,-82.30794338,45065.0,1194.1244848356755,1.7699115044247788,111,108,2,0,106,108,9410,5,0,0,5,0
2020-08-07,US,South Carolina,Newberry,830,9,0,34.28629098,-81.59935761,45071.0,2159.209157127992,1.0843373493975903,821,828,9,0,819,816,38520,2,0,0,2,12
2020-08-07,US,South Carolina,Oconee,802,9,0,34.75225169,-83.06742317,45073.0,1008.2216579086316,1.1221945137157108,793,787,8,0,779,771,78374,15,1,0,14,16
2020-08-07,US,South Carolina,Orangeburg,2353,61,0,33.4391073,-80.79886287,45075.0,2730.4902814041197,2.592435189120272,2292,2304,61,0,2243,2277,86934,49,0,0,49,27
2020-08-07,US,South Carolina,Pickens,1818,27,0,34.88807695,-82.72791551,45077.0,1432.8047665584313,1.4851485148514851,1791,1793,26,0,1767,1777,124937,25,1,0,24,16
2020-08-07,US,South Carolina,Richland,8579,148,0,34.01791263,-80.90267209,45079.0,2063.455030438307,1.7251427905350274,8431,8464,148,0,8316,8344,414576,115,0,0,115,120
2020-08-07,US,South Carolina,Saluda,449,8,0,34.00795823,-81.72713237,45081.0,2193.1324183070387,1.7817371937639201,441,443,8,0,435,431,20544,6,0,0,6,12
2020-08-07,US,South Carolina,Spartanburg,4005,99,0,34.92960077,-81.99225984,45083.0,1252.4039589098925,2.4719101123595504,3906,3961,98,0,3863,3898,313888,44,1,0,43,63
2020-08-07,US,South Carolina,Sumter,2463,47,0,33.91826534,-80.37942316,45085.0,2307.886920100074,1.908241981323589,2416,2419,47,0,2372,2395,106512,44,0,0,44,24
2020-08-07,US,South Carolina,Union,355,4,0,34.68835752,-81.61730349,45087.0,1299.604627324645,1.1267605633802815,351,346,3,0,343,344,27410,9,1,0,8,2
2020-08-07,US,South Carolina,Williamsburg,983,30,0,33.62190129,-79.72767442,45089.0,3236.9599578503694,3.0518819938962363,953,961,29,0,932,957,30606,22,1,0,21,4
2020-08-07,US,South Carolina,York,3474,29,0,34.97281497,-81.18085944,45091.0,1236.3913317365354,0.8347725964306275,3445,3402,29,0,3373,3341,274118,72,0,0,72,61
2020-08-07,US,South Dakota,Aurora,38,0,0,43.71757685,-98.56050467,46003.0,1381.315885132679,0.0,38,38,0,0,38,38,2801,0,0,0,0,0
2020-08-07,US,South Dakota,Beadle,587,9,0,44.41464384,-98.27858469,46005.0,3181.054571072454,1.5332197614991483,578,587,9,0,578,587,18883,0,0,0,0,0
2020-08-07,US,South Dakota,Bennett,6,0,0,43.19486375,-101.6665572,46007.0,178.30609212481426,0.0,6,6,0,0,6,6,3468,0,0,0,0,0
2020-08-07,US,South Dakota,Bon Homme,13,0,0,42.98914167,-97.88592746,46009.0,188.37849587016373,0.0,13,13,0,0,13,13,6980,0,0,0,0,0
2020-08-07,US,South Dakota,Brookings,128,1,0,44.36974375,-96.79079945,46011.0,364.91148045727965,0.78125,127,127,1,0,126,122,35232,1,0,0,1,5
2020-08-07,US,South Dakota,Brown,428,3,0,45.58994323,-98.35165355,46013.0,1101.9851180514431,0.7009345794392523,425,422,3,0,419,419,39316,6,0,0,6,3
2020-08-07,US,South Dakota,Brule,45,0,0,43.71756379,-99.08118954,46015.0,849.5374740419105,0.0,45,45,0,0,45,45,5229,0,0,0,0,0
2020-08-07,US,South Dakota,Buffalo,109,3,0,44.07657829,-99.20814467,46017.0,5555.555555555556,2.7522935779816518,106,109,3,0,106,109,2036,0,0,0,0,0
2020-08-07,US,South Dakota,Butte,14,1,0,44.90608745,-103.5079318,46019.0,134.24105858663341,7.142857142857142,13,14,1,0,13,12,10222,0,0,0,0,2
2020-08-07,US,South Dakota,Campbell,3,0,0,45.77074915,-100.0510181,46021.0,218.02325581395348,0.0,3,3,0,0,3,3,1377,0,0,0,0,0
2020-08-07,US,South Dakota,Charles Mix,101,0,0,43.20660134,-98.58856175,46023.0,1086.9565217391305,0.0,101,100,0,0,100,100,9338,1,0,0,1,0
2020-08-07,US,South Dakota,Clark,16,0,0,44.85834507,-97.72925109,46025.0,428.2655246252677,0.0,16,16,0,0,16,16,3739,0,0,0,0,0
2020-08-07,US,South Dakota,Clay,124,0,0,42.91296147,-96.97656917,46027.0,881.3077469793888,0.0,124,123,0,0,123,120,14041,1,0,0,1,3
2020-08-07,US,South Dakota,Codington,129,1,0,44.97788119,-97.18827677,46029.0,460.56624656360464,0.7751937984496124,128,124,1,0,123,123,28015,5,0,0,5,1
2020-08-07,US,South Dakota,Corson,32,0,0,45.70889983,-101.1970473,46031.0,783.1620166421927,0.0,32,30,0,0,30,30,4165,2,0,0,2,0
2020-08-07,US,South Dakota,Custer,29,0,0,43.67741105,-103.45345209999999,46033.0,323.22781988408383,0.0,29,26,0,0,26,23,8726,3,0,0,3,3
2020-08-07,US,South Dakota,Davison,94,1,0,43.67490933,-98.14458906,46035.0,475.3476611883692,1.0638297872340423,93,94,1,0,93,93,19790,0,0,0,0,1
2020-08-07,US,South Dakota,Day,21,0,0,45.367281,-97.60737498,46037.0,387.1681415929203,0.0,21,21,0,0,21,21,5505,0,0,0,0,0
2020-08-07,US,South Dakota,Deuel,10,0,0,44.75994309,-96.66943645,46039.0,229.83222247759136,0.0,10,9,0,0,9,9,4337,1,0,0,1,0
2020-08-07,US,South Dakota,Dewey,50,0,0,45.15639647,-100.8709139,46041.0,848.6082824168362,0.0,50,65,0,0,65,64,5904,-15,0,0,-15,1
2020-08-07,US,South Dakota,Douglas,17,0,0,43.38520741,-98.36978007,46043.0,581.9924683327628,0.0,17,16,0,0,16,16,2935,1,0,0,1,0
2020-08-07,US,South Dakota,Edmunds,14,0,0,45.41846445,-99.21545423,46045.0,365.6307129798903,0.0,14,13,0,0,13,13,3875,1,0,0,1,0
2020-08-07,US,South Dakota,Fall River,22,0,0,43.23929297,-103.5275691,46047.0,327.7223298078356,0.0,22,20,0,0,20,20,6758,2,0,0,2,0
2020-08-07,US,South Dakota,Faulk,26,1,0,45.07082625,-99.14535601,46049.0,1130.9264897781645,3.8461538461538463,25,26,1,0,25,26,2330,0,0,0,0,0
2020-08-07,US,South Dakota,Grant,24,0,0,45.1723937,-96.77002276,46051.0,340.3289846851957,0.0,24,24,0,0,24,23,7147,0,0,0,0,1
2020-08-07,US,South Dakota,Gregory,7,0,0,43.19419064,-99.18883902,46053.0,167.26403823178018,0.0,7,7,0,0,7,7,4212,0,0,0,0,0
2020-08-07,US,South Dakota,Haakon,2,0,0,44.29299053,-101.539099,46055.0,105.318588730911,0.0,2,2,0,0,2,2,1918,0,0,0,0,0
2020-08-07,US,South Dakota,Hamlin,17,0,0,44.67385954,-97.18829593,46057.0,275.7949383517197,0.0,17,16,0,0,16,16,6111,1,0,0,1,0
2020-08-07,US,South Dakota,Hand,7,0,0,44.54708407,-99.00386459,46059.0,219.36696960200558,0.0,7,7,0,0,7,7,3262,0,0,0,0,0
2020-08-07,US,South Dakota,Hanson,21,0,0,43.6746384,-97.78715148,46061.0,608.1668114682883,0.0,21,21,0,0,21,21,3376,0,0,0,0,0
2020-08-07,US,South Dakota,Hughes,88,2,0,44.39091534,-99.99661148,46065.0,502.1111491498346,2.272727272727273,86,88,2,0,86,84,17650,0,0,0,0,4
2020-08-07,US,South Dakota,Hutchinson,27,0,0,43.33449012,-97.75536441,46067.0,370.3195720751612,0.0,27,27,0,0,27,27,7380,0,0,0,0,0
2020-08-07,US,South Dakota,Hyde,3,0,0,44.54747703,-99.48572582,46069.0,230.59185242121444,0.0,3,3,0,0,3,3,1282,0,0,0,0,0
2020-08-07,US,South Dakota,Jackson,11,1,0,43.69318385,-101.6255063,46071.0,328.9473684210526,9.090909090909092,10,11,1,0,10,11,3307,0,0,0,0,0
2020-08-07,US,South Dakota,Jerauld,39,1,0,44.06637798,-98.62965972,46073.0,1937.4068554396426,2.5641025641025643,38,40,1,0,39,40,2043,-1,0,0,-1,0
2020-08-07,US,South Dakota,Jones,2,0,0,43.96278565,-100.6940008,46075.0,221.4839424141749,0.0,2,2,0,0,2,2,928,0,0,0,0,0
2020-08-07,US,South Dakota,Kingsbury,14,0,0,44.36956169,-97.4913945,46077.0,283.4581899169873,0.0,14,14,0,0,14,14,4919,0,0,0,0,0
2020-08-07,US,South Dakota,Lake,90,2,0,44.02193107,-97.12926365,46079.0,703.2898335547394,2.2222222222222223,88,89,2,0,87,86,13057,1,0,0,1,3
2020-08-07,US,South Dakota,Lawrence,46,0,0,44.35919441,-103.79294279999999,46081.0,177.9910230614456,0.0,46,40,0,0,40,35,25741,6,0,0,6,5
2020-08-07,US,South Dakota,Lincoln,609,2,0,43.27841182,-96.72039050000001,46083.0,996.270121711818,0.3284072249589491,607,602,2,0,600,588,58807,7,0,0,7,14
2020-08-07,US,South Dakota,Lyman,88,2,0,43.89522709,-99.85201878,46085.0,2327.4266067178,2.272727272727273,86,88,2,0,86,88,3821,0,0,0,0,0
2020-08-07,US,South Dakota,Marshall,8,0,0,45.75870838,-97.59855639,46091.0,162.10739614994938,0.0,8,8,0,0,8,8,5112,0,0,0,0,0
2020-08-07,US,South Dakota,McCook,26,1,0,43.6742571,-97.36863144,46087.0,465.44933762978883,3.8461538461538463,25,26,1,0,25,26,5546,0,0,0,0,0
2020-08-07,US,South Dakota,McPherson,8,0,0,45.76626028,-99.22118798,46089.0,336.27574611181166,0.0,8,8,0,0,8,7,2407,0,0,0,0,1
2020-08-07,US,South Dakota,Meade,87,1,0,44.56676791,-102.71627409999999,46093.0,307.07327403642523,1.1494252873563218,86,82,1,0,81,82,28294,5,0,0,5,0
2020-08-07,US,South Dakota,Mellette,24,0,0,43.58078848,-100.7563186,46095.0,1164.4832605531294,0.0,24,24,0,0,24,24,2042,0,0,0,0,0
2020-08-07,US,South Dakota,Miner,15,0,0,44.02197882,-97.60992207,46097.0,676.8953068592058,0.0,15,15,0,0,15,15,2213,0,0,0,0,0
2020-08-07,US,South Dakota,Minnehaha,4349,67,0,43.67441641,-96.7910885,46099.0,2251.804446653619,1.5405840423085766,4282,4329,65,0,4264,4285,192876,20,2,0,18,44
2020-08-07,US,South Dakota,Moody,32,0,0,44.02266214,-96.67081159,46101.0,486.61800486618006,0.0,32,32,0,0,32,30,6579,0,0,0,0,2
2020-08-07,US,South Dakota,Oglala Lakota,153,2,0,43.33749164,-102.55554980000001,46102.0,1079.212809480144,1.30718954248366,151,152,2,0,150,152,14309,1,0,0,1,0
2020-08-07,US,South Dakota,Pennington,875,31,0,44.0025835,-102.8240777,46103.0,769.0617446715007,3.5428571428571427,844,863,31,0,832,858,111729,12,0,0,12,5
2020-08-07,US,South Dakota,Perkins,6,0,0,45.49049506,-102.47555859999999,46105.0,209.42408376963348,0.0,6,6,0,0,6,6,2922,0,0,0,0,0
2020-08-07,US,South Dakota,Potter,1,0,0,45.06583079,-99.95498503,46107.0,46.44681839294008,0.0,1,1,0,0,1,1,2207,0,0,0,0,0
2020-08-07,US,South Dakota,Roberts,75,1,0,45.62975048,-96.94672673,46109.0,721.5701366172792,1.3333333333333333,74,73,1,0,72,71,10447,2,0,0,2,2
2020-08-07,US,South Dakota,Sanborn,13,0,0,44.02351092,-98.09098159999999,46111.0,554.6075085324234,0.0,13,13,0,0,13,13,2429,0,0,0,0,0
2020-08-07,US,South Dakota,Spink,24,0,0,44.93837606,-98.34626602,46115.0,376.4115432873275,0.0,24,22,0,0,22,22,6495,2,0,0,2,0
2020-08-07,US,South Dakota,Stanley,14,0,0,44.41381872,-100.7349153,46117.0,451.9044544867656,0.0,14,14,0,0,14,14,3022,0,0,0,0,0
2020-08-07,US,South Dakota,Sully,2,0,0,44.71571812,-100.1278092,46119.0,143.78145219266713,0.0,2,1,0,0,1,1,1392,1,0,0,1,0
2020-08-07,US,South Dakota,Todd,68,5,0,43.19338568,-100.71955030000001,46121.0,668.1733320231896,7.352941176470589,63,67,4,0,63,67,10283,1,1,0,0,0
2020-08-07,US,South Dakota,Tripp,20,0,0,43.34459388,-99.8854891,46123.0,367.5794890645102,0.0,20,20,0,0,20,20,5478,0,0,0,0,0
2020-08-07,US,South Dakota,Turner,50,0,0,43.3109081,-97.14865776,46125.0,596.3740458015267,0.0,50,49,0,0,49,49,8424,1,0,0,1,0
2020-08-07,US,South Dakota,Union,209,4,0,42.83112163,-96.6557828,46127.0,1311.8252573437107,1.9138755980861244,205,208,4,0,204,204,15619,1,0,0,1,4
2020-08-07,US,South Dakota,Walworth,18,0,0,45.43019636,-100.03075140000001,46129.0,331.1867525298988,0.0,18,18,0,0,18,18,5587,0,0,0,0,0
2020-08-07,US,South Dakota,Yankton,110,2,0,43.00924485,-97.39467635,46135.0,482.1600771456123,1.818181818181818,108,104,2,0,102,104,22869,6,0,0,6,0
2020-08-07,US,South Dakota,Ziebach,33,0,0,44.97881876,-101.6654622,46137.0,1197.3875181422352,0.0,33,10,0,0,10,9,2742,23,0,0,23,1
2020-08-07,US,Tennessee,Anderson,668,6,0,36.12684348,-84.19965764,47001.0,867.7804047909793,0.8982035928143712,662,651,6,0,645,637,76482,17,0,0,17,14
2020-08-07,US,Tennessee,Bedford,908,11,0,35.51123746,-86.45549096,47003.0,1826.4840182648402,1.2114537444933922,897,901,11,0,890,890,49038,7,0,0,7,11
2020-08-07,US,Tennessee,Benton,139,1,0,36.07110411,-88.06849355,47005.0,860.1485148514853,0.7194244604316546,138,126,1,0,125,111,16184,13,0,0,13,15
2020-08-07,US,Tennessee,Bledsoe,690,1,0,35.59942968,-85.20611967,47007.0,4580.456718003186,0.14492753623188406,689,686,1,0,685,674,14755,4,0,0,4,12
2020-08-07,US,Tennessee,Blount,1243,10,0,35.68938198,-83.92847788,47009.0,933.9685020437604,0.8045052292839904,1233,1222,9,0,1213,1186,131349,21,1,0,20,36
2020-08-07,US,Tennessee,Bradley,1874,12,0,35.15739424,-84.857186,47011.0,1733.4196651558598,0.6403415154749199,1862,1817,12,0,1805,1771,106727,57,0,0,57,46
2020-08-07,US,Tennessee,Campbell,239,1,0,36.40355516,-84.15108559999999,47013.0,599.8694844636314,0.41841004184100417,238,229,1,0,228,224,39583,10,0,0,10,5
2020-08-07,US,Tennessee,Cannon,142,0,0,35.80990797,-86.05738983,47015.0,967.4342553481399,0.0,142,136,0,0,136,131,14462,6,0,0,6,5
2020-08-07,US,Tennessee,Carroll,290,3,0,35.97366108,-88.45189331,47017.0,1044.4052292289412,1.0344827586206895,287,272,3,0,269,251,28020,18,0,0,18,21
2020-08-07,US,Tennessee,Carter,497,6,0,36.28969086,-82.12588974,47019.0,881.346314128141,1.2072434607645874,491,473,5,0,468,452,56351,24,1,0,23,21
2020-08-07,US,Tennessee,Cheatham,573,7,0,36.26136216,-87.08903581,47021.0,1409.0048442225884,1.2216404886561956,566,569,7,0,562,554,40439,4,0,0,4,15
2020-08-07,US,Tennessee,Chester,211,2,0,35.42527478,-88.6095842,47023.0,1219.8647164248137,0.9478672985781992,209,206,2,0,204,201,17276,5,0,0,5,5
2020-08-07,US,Tennessee,Claiborne,255,0,0,36.48319149,-83.65947309,47025.0,797.8973059232143,0.0,255,242,0,0,242,235,31756,13,0,0,13,7
2020-08-07,US,Tennessee,Clay,74,0,0,36.55151008,-85.53930419,47027.0,971.7662508207485,0.0,74,71,0,0,71,66,7717,3,0,0,3,5
2020-08-07,US,Tennessee,Cocke,450,2,0,35.9278914,-83.11828725,47029.0,1249.8611265414954,0.4444444444444444,448,439,2,0,437,421,35774,11,0,0,11,18
2020-08-07,US,Tennessee,Coffee,507,3,0,35.49090731,-86.07311784,47031.0,897.0276008492569,0.591715976331361,504,482,3,0,479,448,55700,25,0,0,25,34
2020-08-07,US,Tennessee,Crockett,260,4,0,35.81830662,-89.14916269,47033.0,1827.1257905832751,1.5384615384615383,256,253,4,0,249,246,14328,7,0,0,7,7
2020-08-07,US,Tennessee,Cumberland,412,6,0,35.95271721,-84.99840585,47035.0,680.7666886979509,1.4563106796116505,406,398,6,0,392,397,59673,14,0,0,14,1
2020-08-07,US,Tennessee,Davidson,20185,212,0,36.17007426,-86.78646056,47037.0,2907.8980730223125,1.0502848649987615,19973,20001,211,0,19790,19812,692587,184,1,0,183,189
2020-08-07,US,Tennessee,DeKalb,339,2,0,35.97616272,-85.83689361,47041.0,1654.4655929721814,0.5899705014749262,337,331,2,0,329,326,20138,8,0,0,8,5
2020-08-07,US,Tennessee,Decatur,198,3,0,35.60048904,-88.11043779,47039.0,1697.676412586813,1.5151515151515151,195,188,3,0,185,174,11706,10,0,0,10,14
2020-08-07,US,Tennessee,Dickson,666,2,0,36.14669837,-87.35891709,47043.0,1234.5221324238155,0.3003003003003003,664,652,1,0,651,630,53446,14,1,0,13,22
2020-08-07,US,Tennessee,Dyer,619,7,0,36.05931946,-89.41542855,47045.0,1665.8144729406065,1.1308562197092085,612,593,7,0,586,579,37320,26,0,0,26,14
2020-08-07,US,Tennessee,Fayette,670,8,0,35.19615831,-89.41399032,47047.0,1628.8624705224515,1.1940298507462686,662,652,8,0,644,646,40507,18,0,0,18,6
2020-08-07,US,Tennessee,Fentress,88,0,0,36.38128818,-84.92870012,47049.0,475.0850294228797,0.0,88,79,0,0,79,76,18217,9,0,0,9,3
2020-08-07,US,Tennessee,Franklin,313,4,0,35.15634626,-86.09201039,47051.0,741.5655799848372,1.2779552715654952,309,302,4,0,298,296,41890,11,0,0,11,6
2020-08-07,US,Tennessee,Gibson,670,5,0,35.99438059,-88.93358327,47053.0,1363.6456149634664,0.746268656716418,665,644,4,0,640,615,49045,26,1,0,25,29
2020-08-07,US,Tennessee,Giles,369,13,0,35.20222469,-87.03992678,47055.0,1252.3757806136302,3.523035230352304,356,369,13,0,356,360,29503,0,0,0,0,9
2020-08-07,US,Tennessee,Grainger,194,0,0,36.27469206,-83.51254721,47057.0,831.9039451114924,0.0,194,189,0,0,189,181,23145,5,0,0,5,8
2020-08-07,US,Tennessee,Greene,447,7,0,36.17470125,-82.84691273,47059.0,647.1789080484733,1.5659955257270697,440,418,7,0,411,398,69087,29,0,0,29,20
2020-08-07,US,Tennessee,Grundy,111,2,0,35.38433717,-85.72142731,47061.0,826.6924852908319,1.8018018018018016,109,108,2,0,106,104,13346,3,0,0,3,4
2020-08-07,US,Tennessee,Hamblen,1372,14,0,36.21990035,-83.26586179,47063.0,2112.9146518002894,1.020408163265306,1358,1346,14,0,1332,1311,64569,26,0,0,26,35
2020-08-07,US,Tennessee,Hamilton,5970,52,0,35.17670231,-85.16652245,47065.0,1623.1471109612728,0.8710217755443886,5918,5884,49,0,5835,5803,364286,86,3,0,83,81
2020-08-07,US,Tennessee,Hancock,78,1,0,36.52692871,-83.22375847,47067.0,1178.2477341389729,1.2820512820512822,77,77,1,0,76,76,6549,1,0,0,1,1
2020-08-07,US,Tennessee,Hardeman,875,17,0,35.20772017,-88.99161161,47069.0,3493.013972055888,1.9428571428571428,858,858,15,0,843,843,25220,17,2,0,15,15
2020-08-07,US,Tennessee,Hardin,453,8,0,35.19732531,-88.18593755,47071.0,1765.9441758927178,1.7660044150110374,445,444,7,0,437,426,25776,9,1,0,8,18
2020-08-07,US,Tennessee,Hawkins,435,7,0,36.44355426,-82.94885298,47073.0,766.0338815905327,1.6091954022988506,428,416,7,0,409,391,56530,19,0,0,19,25
2020-08-07,US,Tennessee,Haywood,457,6,0,35.58332824,-89.28536625,47075.0,2641.007859454461,1.312910284463895,451,435,6,0,429,414,17335,22,0,0,22,21
2020-08-07,US,Tennessee,Henderson,547,2,0,35.65581134,-88.38600175,47077.0,1945.4422591314865,0.3656307129798903,545,517,2,0,515,483,27847,30,0,0,30,34
2020-08-07,US,Tennessee,Henry,266,0,0,36.33160906,-88.30121797,47079.0,822.3836759931984,0.0,266,248,0,0,248,231,32358,18,0,0,18,17
2020-08-07,US,Tennessee,Hickman,253,0,0,35.80609681,-87.47643507,47081.0,1004.8455000397173,0.0,253,248,0,0,248,240,25063,5,0,0,5,8
2020-08-07,US,Tennessee,Houston,57,0,0,36.28872054,-87.71878828,47083.0,695.0371905865138,0.0,57,56,0,0,56,54,8263,1,0,0,1,2
2020-08-07,US,Tennessee,Humphreys,120,3,0,36.03958805,-87.77992872,47085.0,645.7862447529867,2.5,117,118,3,0,115,113,18486,2,0,0,2,5
2020-08-07,US,Tennessee,Jackson,118,1,0,36.36380466,-85.67239905,47087.0,1001.1878499915152,0.8474576271186439,117,112,1,0,111,109,11758,6,0,0,6,3
2020-08-07,US,Tennessee,Jefferson,552,3,0,36.04818632,-83.45148924,47089.0,1012.9369666941922,0.5434782608695652,549,525,3,0,522,513,54012,27,0,0,27,12
2020-08-07,US,Tennessee,Johnson,258,0,0,36.45523950000001,-81.84886538,47091.0,1450.4160107937937,0.0,258,225,0,0,225,214,17778,33,0,0,33,11
2020-08-07,US,Tennessee,Knox,4407,37,0,35.99508821,-83.94635435,47093.0,937.0355486665263,0.8395734059450873,4370,4298,37,0,4261,4186,465289,109,0,0,109,112
2020-08-07,US,Tennessee,Lake,782,0,0,36.34180170000001,-89.48921915,47095.0,11145.952109464082,0.0,782,765,0,0,765,758,7411,17,0,0,17,7
2020-08-07,US,Tennessee,Lauderdale,487,8,0,35.75893438,-89.63015909999999,47097.0,1899.8946670307807,1.6427104722792607,479,455,8,0,447,445,25825,32,0,0,32,10
2020-08-07,US,Tennessee,Lawrence,534,6,0,35.21675201,-87.39787695,47099.0,1209.7322278102488,1.1235955056179776,528,527,6,0,521,497,43734,7,0,0,7,30
2020-08-07,US,Tennessee,Lewis,71,1,0,35.52853208,-87.49022694,47101.0,578.7414411477014,1.4084507042253518,70,67,1,0,66,62,12086,4,0,0,4,5
2020-08-07,US,Tennessee,Lincoln,276,1,0,35.13738622,-86.58910106,47103.0,803.1193621602748,0.3623188405797101,275,268,1,0,267,259,34117,8,0,0,8,9
2020-08-07,US,Tennessee,Loudon,718,3,0,35.73939663,-84.31145275,47105.0,1327.9573869941555,0.4178272980501393,715,705,3,0,702,686,53054,13,0,0,13,19
2020-08-07,US,Tennessee,Macon,856,13,0,36.53157855,-86.00778595,47111.0,3479.39191935615,1.5186915887850467,843,855,13,0,842,847,24265,1,0,0,1,8
2020-08-07,US,Tennessee,Madison,1024,17,0,35.61181957,-88.84076036,47113.0,1045.0685826257347,1.66015625,1007,984,15,0,969,957,97605,40,2,0,38,27
2020-08-07,US,Tennessee,Marion,216,4,0,35.12997174,-85.62265895,47115.0,747.2238558134708,1.851851851851852,212,213,4,0,209,210,28575,3,0,0,3,3
2020-08-07,US,Tennessee,Marshall,283,3,0,35.45798777,-86.76420988,47117.0,823.2727272727273,1.060070671378092,280,275,3,0,272,271,33683,8,0,0,8,4
2020-08-07,US,Tennessee,Maury,1178,7,0,35.618741299999996,-87.07462444,47119.0,1222.1565148827126,0.5942275042444821,1171,1159,7,0,1152,1107,94340,19,0,0,19,52
2020-08-07,US,Tennessee,McMinn,524,20,0,35.42812616,-84.61520715,47107.0,974.0863293304086,3.816793893129771,504,509,20,0,489,498,53285,15,0,0,15,11
2020-08-07,US,Tennessee,McNairy,366,5,0,35.17468549,-88.5647812,47109.0,1424.4570716898886,1.3661202185792352,361,351,5,0,346,335,25832,15,0,0,15,16
2020-08-07,US,Tennessee,Meigs,101,0,0,35.51558739,-84.81482914,47121.0,813.0735791337949,0.0,101,99,0,0,99,99,12306,2,0,0,2,0
2020-08-07,US,Tennessee,Monroe,407,9,0,35.44550387,-84.24902965,47123.0,874.4226017832208,2.211302211302211,398,397,9,0,388,380,46357,10,0,0,10,17
2020-08-07,US,Tennessee,Montgomery,1883,13,0,36.49609412,-87.38550661,47125.0,900.9871144009606,0.6903876792352629,1870,1815,13,0,1802,1781,205950,68,0,0,68,34
2020-08-07,US,Tennessee,Moore,60,0,0,35.27724699,-86.36230578,47127.0,924.7842170160296,0.0,60,55,0,0,55,53,6411,5,0,0,5,2
2020-08-07,US,Tennessee,Morgan,103,1,0,36.13248031,-84.64880098,47129.0,481.24094753072,0.9708737864077671,102,98,1,0,97,94,21579,5,0,0,5,4
2020-08-07,US,Tennessee,Obion,519,4,0,36.35732446,-89.14921589,47131.0,1726.0301306993908,0.7707129094412332,515,490,4,0,486,464,30267,29,0,0,29,26
2020-08-07,US,Tennessee,Out of TN,2842,16,0,0.0,0.0,80047.0,0.0,0.5629838142153413,2826,2831,16,0,2815,2793,,11,0,0,11,38
2020-08-07,US,Tennessee,Overton,175,1,0,36.34117832,-85.28989535,47133.0,786.8351243199496,0.5714285714285714,174,155,1,0,154,141,22068,20,0,0,20,14
2020-08-07,US,Tennessee,Perry,77,0,0,35.63708728,-87.86139634,47135.0,953.4422981674097,0.0,77,77,0,0,77,77,8064,0,0,0,0,0
2020-08-07,US,Tennessee,Pickett,31,1,0,36.55606529,-85.07763299999998,47137.0,614.1045958795563,3.2258064516129035,30,30,1,0,29,27,5082,1,0,0,1,3
2020-08-07,US,Tennessee,Polk,195,3,0,35.12245443,-84.52075859,47139.0,1158.5076045627375,1.5384615384615383,192,185,3,0,182,181,16898,10,0,0,10,4
2020-08-07,US,Tennessee,Putnam,1717,17,0,36.14005459,-85.50646123,47141.0,2139.69717739423,0.99009900990099,1700,1677,16,0,1661,1646,78843,40,1,0,39,31
2020-08-07,US,Tennessee,Rhea,522,1,0,35.60536161,-84.93076643,47143.0,1573.8535291102605,0.19157088122605365,521,517,1,0,516,514,33044,5,0,0,5,3
2020-08-07,US,Tennessee,Roane,433,2,0,35.84923189,-84.52458689,47145.0,811.1348394589937,0.4618937644341801,431,423,2,0,421,398,53140,10,0,0,10,25
2020-08-07,US,Tennessee,Robertson,1521,19,0,36.52454807,-86.87346725,47147.0,2118.0009190536534,1.2491781722550954,1502,1506,19,0,1487,1475,71012,15,0,0,15,31
2020-08-07,US,Tennessee,Rutherford,6404,53,0,35.84591405,-86.4107263,47149.0,1927.261236589073,0.8276077451592755,6351,6298,53,0,6245,6254,324890,106,0,0,106,44
2020-08-07,US,Tennessee,Scott,118,0,0,36.42325673,-84.50360494,47151.0,534.7108936015951,0.0,118,110,0,0,110,105,22039,8,0,0,8,5
2020-08-07,US,Tennessee,Sequatchie,102,0,0,35.36979721,-85.41022136,47153.0,678.8233728204444,0.0,102,100,0,0,100,96,14876,2,0,0,2,4
2020-08-07,US,Tennessee,Sevier,1830,7,0,35.78077323,-83.52244332,47155.0,1862.5954198473278,0.3825136612021858,1823,1791,6,0,1785,1763,97892,39,1,0,38,28
2020-08-07,US,Tennessee,Shelby,22635,302,0,35.1864775,-89.89692423,47157.0,2415.260476799201,1.334216920698034,22333,22212,300,0,21912,21924,935764,423,2,0,421,288
2020-08-07,US,Tennessee,Smith,446,4,0,36.25359775,-85.95411046,47159.0,2212.630847844421,0.8968609865470852,442,429,4,0,425,393,19942,17,0,0,17,36
2020-08-07,US,Tennessee,Stewart,73,0,0,36.50235092,-87.83920548,47161.0,532.2639445862195,0.0,73,74,0,0,74,72,13561,-1,0,0,-1,2
2020-08-07,US,Tennessee,Sullivan,933,12,0,36.51240691,-82.30412917,47163.0,589.2085785737743,1.2861736334405145,921,895,12,0,883,859,157668,38,0,0,38,36
2020-08-07,US,Tennessee,Sumner,3365,73,0,36.46824103,-86.45917204,47165.0,1759.1735805063702,2.1693907875185734,3292,3316,72,0,3244,3264,187149,49,1,0,48,52
2020-08-07,US,Tennessee,Tipton,1183,9,0,35.501942,-89.73694895,47167.0,1920.4857221708146,0.7607776838546071,1174,1155,9,0,1146,1137,61581,28,0,0,28,18
2020-08-07,US,Tennessee,Trousdale,1582,6,0,36.39026213,-86.16087954,47169.0,14019.85111662531,0.3792667509481669,1576,1578,6,0,1572,1576,11012,4,0,0,4,2
2020-08-07,US,Tennessee,Unassigned,3080,9,0,0.0,0.0,90047.0,0.0,0.2922077922077922,3071,3036,8,0,3028,2928,,44,1,0,43,108
2020-08-07,US,Tennessee,Unicoi,156,0,0,36.10890856,-82.43709629,47171.0,872.3368562321757,0.0,156,148,0,0,148,141,17761,8,0,0,8,7
2020-08-07,US,Tennessee,Union,150,0,0,36.28590426,-83.83651902,47173.0,751.0514720608853,0.0,150,141,0,0,141,133,19688,9,0,0,9,8
2020-08-07,US,Tennessee,Van Buren,35,0,0,35.69864497,-85.45221699,47175.0,596.0490463215259,0.0,35,35,0,0,35,33,5765,0,0,0,0,2
2020-08-07,US,Tennessee,Warren,498,4,0,35.672829899999996,-85.77969117,47177.0,1206.4830292899194,0.8032128514056225,494,479,4,0,475,454,40878,19,0,0,19,25
2020-08-07,US,Tennessee,Washington,1200,2,0,36.29472368,-82.49454720000001,47179.0,927.5362318840581,0.16666666666666666,1198,1131,2,0,1129,1114,128607,69,0,0,69,17
2020-08-07,US,Tennessee,Wayne,225,2,0,35.23868267,-87.78644456,47181.0,1349.4871948659509,0.8888888888888888,223,224,2,0,222,222,16558,1,0,0,1,2
2020-08-07,US,Tennessee,Weakley,397,4,0,36.29896232,-88.71990865,47183.0,1191.190590494479,1.0075566750629723,393,363,3,0,360,329,33415,34,1,0,33,34
2020-08-07,US,Tennessee,White,273,5,0,35.92929884,-85.45591799,47185.0,998.3543609434996,1.8315018315018317,268,246,5,0,241,232,27107,27,0,0,27,14
2020-08-07,US,Tennessee,Williamson,3448,25,0,35.89099229,-86.89281867,47187.0,1446.235927721759,0.7250580046403712,3423,3405,25,0,3380,3363,231729,43,0,0,43,42
2020-08-07,US,Tennessee,Wilson,2229,23,0,36.15496772,-86.29775884,47189.0,1540.886372591717,1.0318528488111258,2206,2190,23,0,2167,2152,140625,39,0,0,39,38
2020-08-07,US,Texas,Anderson,2379,10,0,31.81534745,-95.65354823,48001.0,4120.550792413614,0.4203446826397646,2369,2353,10,0,2343,2355,58057,26,0,0,26,-2
2020-08-07,US,Texas,Andrews,279,6,0,32.30468633,-102.6376548,48003.0,1491.579791499599,2.150537634408602,273,277,6,0,271,273,18128,2,0,0,2,4
2020-08-07,US,Texas,Angelina,1796,43,0,31.25457347,-94.60901487,48005.0,2071.152626419881,2.394209354120268,1753,1769,40,0,1729,1755,87092,27,3,0,24,14
2020-08-07,US,Texas,Aransas,169,13,0,28.10556197,-96.9995047,48007.0,718.8430455125479,7.6923076923076925,156,165,13,0,152,162,23792,4,0,0,4,3
2020-08-07,US,Texas,Archer,21,0,0,33.61569967,-98.68754589,48009.0,245.5278849526482,0.0,21,21,0,0,21,20,8786,0,0,0,0,1
2020-08-07,US,Texas,Armstrong,8,0,0,34.96507426,-101.3574874,48011.0,423.9533651298357,0.0,8,7,0,0,7,7,1892,1,0,0,1,0
2020-08-07,US,Texas,Atascosa,434,18,0,28.89333001,-98.52730485,48013.0,848.4350868961743,4.147465437788019,416,425,16,0,409,419,50310,9,2,0,7,6
2020-08-07,US,Texas,Austin,230,3,0,29.88548725,-96.27736949,48015.0,765.8497602557272,1.3043478260869563,227,223,3,0,220,218,29989,7,0,0,7,5
2020-08-07,US,Texas,Bailey,170,4,0,34.06854817,-102.8299707,48017.0,2428.5714285714284,2.3529411764705883,166,168,4,0,164,166,7027,2,0,0,2,2
2020-08-07,US,Texas,Bandera,89,3,0,29.74619598,-99.24598147,48019.0,385.08134302526827,3.3707865168539324,86,89,3,0,86,89,22824,0,0,0,0,0
2020-08-07,US,Texas,Bastrop,1350,21,0,30.10370699,-97.31206354,48021.0,1521.5896667155075,1.5555555555555556,1329,1344,20,0,1324,1313,86976,6,1,0,5,31
2020-08-07,US,Texas,Baylor,9,0,0,33.61640794,-99.21352901,48023.0,256.48332858364205,0.0,9,8,0,0,8,8,3582,1,0,0,1,0
2020-08-07,US,Texas,Bee,885,9,0,28.41761668,-97.74215593,48025.0,2717.6416397973285,1.0169491525423728,876,704,9,0,695,696,32587,181,0,0,181,8
2020-08-07,US,Texas,Bell,3785,36,0,31.03736027,-97.4785025,48027.0,1042.9180765118867,0.95112285336856,3749,3733,33,0,3700,3680,355642,52,3,0,49,53
2020-08-07,US,Texas,Bexar,42299,739,0,29.44928723,-98.52019748,48029.0,2111.198400442414,1.7470862195323766,41560,41939,705,0,41234,41614,1986049,360,34,0,326,325
2020-08-07,US,Texas,Blanco,98,5,0,30.26640707,-98.3999852,48031.0,821.3896571955411,5.1020408163265305,93,98,5,0,93,98,11702,0,0,0,0,0
2020-08-07,US,Texas,Bosque,155,2,0,31.89978581,-97.63613524,48035.0,829.5424137008296,1.2903225806451613,153,152,2,0,150,136,18691,3,0,0,3,16
2020-08-07,US,Texas,Bowie,764,32,0,33.44626922,-94.41834132,48037.0,819.3468818703418,4.18848167539267,732,707,32,0,675,708,94324,57,0,0,57,-1
2020-08-07,US,Texas,Brazoria,7090,88,0,29.18757369,-95.44563172,48039.0,1894.3847123955288,1.2411847672778562,7002,6988,85,0,6903,6887,370200,102,3,0,99,101
2020-08-07,US,Texas,Brazos,4024,47,0,30.663644800000004,-96.30205577,48041.0,1755.587646317149,1.1679920477137178,3977,3997,46,0,3951,3973,226758,27,1,0,26,24
2020-08-07,US,Texas,Brewster,188,2,0,29.81008251,-103.2520326,48043.0,2042.8121264804959,1.0638297872340423,186,186,2,0,184,186,9267,2,0,0,2,0
2020-08-07,US,Texas,Briscoe,11,1,0,34.53026962,-101.2084947,48045.0,711.5135834411383,9.090909090909092,10,11,1,0,10,11,1516,0,0,0,0,0
2020-08-07,US,Texas,Brooks,99,2,0,27.03103197,-98.21808402,48047.0,1395.7422811222332,2.0202020202020203,97,95,1,0,94,94,7114,4,1,0,3,1
2020-08-07,US,Texas,Brown,388,16,0,31.77430356,-98.99907113,48049.0,1024.7200507077964,4.123711340206185,372,380,15,0,365,356,37924,8,1,0,7,24
2020-08-07,US,Texas,Burleson,240,6,0,30.49273808,-96.62158484,48051.0,1301.3067288402106,2.5,234,236,6,0,230,235,18389,4,0,0,4,1
2020-08-07,US,Texas,Burnet,551,9,0,30.78801353,-98.181887,48053.0,1144.2217838230713,1.6333938294010892,542,552,8,0,544,544,47542,-1,1,0,-2,8
2020-08-07,US,Texas,Caldwell,1122,26,0,29.83668859,-97.61814775,48055.0,2569.622572370832,2.3172905525846703,1096,1118,26,0,1092,1096,43247,4,0,0,4,22
2020-08-07,US,Texas,Calhoun,529,4,0,28.47048236,-96.61633945,48057.0,2484.734617191169,0.7561436672967864,525,526,4,0,522,511,21561,3,0,0,3,15
2020-08-07,US,Texas,Callahan,46,3,0,32.29760619,-99.37326312,48059.0,329.9146525138063,6.521739130434782,43,46,3,0,43,46,13994,0,0,0,0,0
2020-08-07,US,Texas,Cameron,15865,415,0,26.14524221,-97.48140372,48061.0,3749.146310050737,2.615820989599748,15450,15865,405,0,15460,15564,423908,0,10,0,-10,301
2020-08-07,US,Texas,Camp,229,5,0,32.97195142,-94.97790104,48063.0,1748.8926225752252,2.183406113537118,224,221,5,0,216,219,13033,8,0,0,8,2
2020-08-07,US,Texas,Carson,15,0,0,35.40365929,-101.3542669,48065.0,253.12183597705032,0.0,15,14,0,0,14,14,6005,1,0,0,1,0
2020-08-07,US,Texas,Cass,171,8,0,33.07499881,-94.34646905,48067.0,569.5064277626058,4.678362573099415,163,166,8,0,158,160,30119,5,0,0,5,6
2020-08-07,US,Texas,Castro,197,4,0,34.53016752,-102.2617243,48069.0,2616.201859229748,2.0304568527918785,193,190,4,0,186,188,7665,7,0,0,7,2
2020-08-07,US,Texas,Chambers,942,3,0,29.70972016,-94.67154501,48071.0,2148.8696763008415,0.3184713375796178,939,929,2,0,927,924,42454,13,1,0,12,5
2020-08-07,US,Texas,Cherokee,953,6,0,31.837258,-95.16559897,48073.0,1810.204004102876,0.6295907660020986,947,953,5,0,948,832,52592,0,1,0,-1,121
2020-08-07,US,Texas,Childress,40,0,0,34.529304100000004,-100.2077916,48075.0,547.4952094169176,0.0,40,37,0,0,37,36,7291,3,0,0,3,1
2020-08-07,US,Texas,Clay,40,1,0,33.78686685,-98.20771198,48077.0,382.0074491452583,2.5,39,38,1,0,37,36,10456,2,0,0,2,2
2020-08-07,US,Texas,Cochran,31,0,0,33.60425307,-102.8284499,48079.0,1086.5755345250614,0.0,31,31,0,0,31,31,2836,0,0,0,0,0
2020-08-07,US,Texas,Coke,42,1,0,31.88911733,-100.5297533,48081.0,1240.0354295837026,2.380952380952381,41,40,1,0,39,40,3370,2,0,0,2,0
2020-08-07,US,Texas,Coleman,19,0,0,31.76736834,-99.45240766,48083.0,232.41590214067278,0.0,19,18,0,0,18,16,8397,1,0,0,1,2
2020-08-07,US,Texas,Collin,7268,89,0,33.18820114,-96.57264368,48085.0,702.4054584287687,1.224545954870666,7179,7074,87,0,6987,6857,1005146,194,2,0,192,217
2020-08-07,US,Texas,Collingsworth,11,0,0,34.96489496,-100.2700111,48087.0,376.71232876712327,0.0,11,8,0,0,8,7,2962,3,0,0,3,1
2020-08-07,US,Texas,Colorado,272,2,0,29.622098,-96.5273805,48089.0,1265.528311543293,0.7352941176470589,270,265,2,0,263,257,21217,7,0,0,7,8
2020-08-07,US,Texas,Comal,1775,68,0,29.80811278,-98.27647225,48091.0,1136.2981646384012,3.8309859154929575,1707,1763,67,0,1696,1720,148373,12,1,0,11,43
2020-08-07,US,Texas,Comanche,141,3,0,31.94854689,-98.55876441,48093.0,1034.1034103410339,2.127659574468085,138,141,3,0,138,121,13534,0,0,0,0,20
2020-08-07,US,Texas,Concho,28,0,0,31.32635934,-99.86473038,48095.0,1027.1460014673514,0.0,28,26,0,0,26,26,4276,2,0,0,2,0
2020-08-07,US,Texas,Cooke,223,3,0,33.63979567,-97.21240912,48097.0,540.5143369610006,1.345291479820628,220,212,3,0,209,206,40574,11,0,0,11,6
2020-08-07,US,Texas,Coryell,660,5,0,31.39078397,-97.79936155,48099.0,868.9813169016866,0.7575757575757576,655,654,5,0,649,636,74808,6,0,0,6,18
2020-08-07,US,Texas,Cottle,16,2,0,34.07783319,-100.2785062,48101.0,1144.492131616595,12.5,14,14,2,0,12,14,1389,2,0,0,2,0
2020-08-07,US,Texas,Crane,70,2,0,31.43052248,-102.5143314,48103.0,1459.245361684386,2.8571428571428568,68,71,2,0,69,70,4794,-1,0,0,-1,1
2020-08-07,US,Texas,Crockett,155,3,0,30.72367027,-101.4134238,48105.0,4474.5958429561215,1.935483870967742,152,157,3,0,154,156,3499,-2,0,0,-2,1
2020-08-07,US,Texas,Crosby,59,1,0,33.61431553,-101.3000364,48107.0,1028.412062053338,1.6949152542372878,58,59,1,0,58,58,5779,0,0,0,0,1
2020-08-07,US,Texas,Culberson,17,2,0,31.44506775,-104.5185739,48109.0,783.049286043298,11.764705882352944,15,17,2,0,15,16,2204,0,0,0,0,1
2020-08-07,US,Texas,Dallam,187,5,0,36.27787176,-102.6020725,48111.0,2566.213805406889,2.6737967914438503,182,187,5,0,182,183,7200,0,0,0,0,4
2020-08-07,US,Texas,Dallas,53291,746,0,32.76670599,-96.7779605,48113.0,2022.032877053298,1.3998611397797,52545,52869,736,0,52133,52639,2637772,422,10,0,412,230
2020-08-07,US,Texas,Dawson,143,4,0,32.74255572,-101.9477242,48115.0,1123.507228158391,2.797202797202797,139,140,4,0,136,137,12619,3,0,0,3,3
2020-08-07,US,Texas,DeWitt,643,18,0,29.08101855,-97.3568117,48123.0,3189.484126984127,2.7993779160186625,625,643,15,0,628,641,20187,0,3,0,-3,2
2020-08-07,US,Texas,Deaf Smith,657,17,0,34.96522957,-102.6054267,48117.0,3542.5428663862817,2.5875190258751903,640,644,17,0,627,629,18760,13,0,0,13,15
2020-08-07,US,Texas,Delta,16,0,0,33.38570922,-95.66921122,48119.0,300.13130744700806,0.0,16,16,0,0,16,16,5349,0,0,0,0,0
2020-08-07,US,Texas,Denton,7519,84,0,33.20521901,-97.11691153,48121.0,847.4910590200482,1.1171698364144171,7435,7374,82,0,7292,7257,859064,145,2,0,143,117
2020-08-07,US,Texas,Dickens,4,1,0,33.61616822,-100.7788855,48125.0,180.91361374943463,25.0,3,4,1,0,3,4,2249,0,0,0,0,0
2020-08-07,US,Texas,Dimmit,146,3,0,28.42270064,-99.75645095,48127.0,1442.1177400237061,2.054794520547945,143,142,3,0,139,138,10308,4,0,0,4,4
2020-08-07,US,Texas,Donley,48,0,0,34.96517499,-100.8140093,48129.0,1464.307504575961,0.0,48,46,0,0,46,45,3319,2,0,0,2,1
2020-08-07,US,Texas,Duval,164,6,0,27.68184592,-98.50864568,48131.0,1469.9291924352426,3.6585365853658534,158,164,6,0,158,161,11212,0,0,0,0,3
2020-08-07,US,Texas,Eastland,70,1,0,32.32743996,-98.83243566,48133.0,381.2636165577342,1.4285714285714286,69,65,1,0,64,63,18322,5,0,0,5,2
2020-08-07,US,Texas,Ector,3531,56,0,31.86898877,-102.5429428,48135.0,2124.2547661875915,1.5859529878221468,3475,3512,54,0,3458,3481,162124,19,2,0,17,31
2020-08-07,US,Texas,Edwards,25,0,0,29.98202582,-100.304252,48137.0,1293.9958592132505,0.0,25,25,0,0,25,27,1928,0,0,0,0,-2
2020-08-07,US,Texas,El Paso,15908,286,0,31.76980765,-106.2363275,48141.0,1895.529039438157,1.797837566004526,15622,15596,285,0,15311,15427,840758,312,1,0,311,169
2020-08-07,US,Texas,Ellis,2808,40,0,32.34894117,-96.79371841,48139.0,1519.266769826756,1.4245014245014245,2768,2739,38,0,2701,2691,179436,69,2,0,67,48
2020-08-07,US,Texas,Erath,520,5,0,32.23602653,-98.21773417,48143.0,1217.8556372663825,0.9615384615384616,515,507,5,0,502,489,42446,13,0,0,13,18
2020-08-07,US,Texas,Falls,124,3,0,31.25350609,-96.93630086,48145.0,716.8873215008383,2.419354838709677,121,123,3,0,120,114,17335,1,0,0,1,9
2020-08-07,US,Texas,Fannin,242,8,0,33.59564294,-96.10751083,48147.0,681.421411274427,3.3057851239669422,234,237,8,0,229,237,35286,5,0,0,5,0
2020-08-07,US,Texas,Fayette,378,14,0,29.87788372,-96.92076062,48149.0,1491.3595833662116,3.703703703703704,364,378,14,0,364,376,25349,0,0,0,0,2
2020-08-07,US,Texas,Fisher,26,1,0,32.74281316,-100.4019302,48151.0,678.8511749347257,3.8461538461538463,25,26,1,0,25,26,3839,0,0,0,0,0
2020-08-07,US,Texas,Floyd,88,6,0,34.07227468,-101.3031546,48153.0,1540.6162464985996,6.8181818181818175,82,88,5,0,83,86,5837,0,1,0,-1,2
2020-08-07,US,Texas,Foard,2,0,0,33.97308618,-99.7767797,48155.0,173.16017316017312,0.0,2,2,0,0,2,2,1200,0,0,0,0,0
2020-08-07,US,Texas,Fort Bend,9151,158,0,29.52704478,-95.77219463,48157.0,1127.403632922995,1.726587258223145,8993,8878,153,0,8725,8559,787858,273,5,0,268,319
2020-08-07,US,Texas,Franklin,90,2,0,33.17653242,-95.21917243,48159.0,839.1608391608389,2.2222222222222223,88,90,1,0,89,89,10766,0,1,0,-1,1
2020-08-07,US,Texas,Freestone,161,0,0,31.70422788,-96.15072516,48161.0,816.5542425318254,0.0,161,150,0,0,150,142,19808,11,0,0,11,8
2020-08-07,US,Texas,Frio,505,5,0,28.86751206,-99.10804207,48163.0,2486.949670048261,0.99009900990099,500,497,5,0,492,495,19816,8,0,0,8,2
2020-08-07,US,Texas,Gaines,158,3,0,32.74055318,-102.6353295,48165.0,735.1572678205844,1.8987341772151896,155,149,0,0,149,145,20901,9,3,0,6,4
2020-08-07,US,Texas,Galveston,9291,111,0,29.40167322,-94.90469073,48167.0,2715.562972943745,1.1947045527930256,9180,9230,110,0,9120,9168,337890,61,1,0,60,62
2020-08-07,US,Texas,Garza,99,3,0,33.17969345,-101.2984114,48169.0,1589.34018301493,3.0303030303030303,96,99,3,0,96,99,6578,0,0,0,0,0
2020-08-07,US,Texas,Gillespie,175,6,0,30.31824095,-98.94676915,48171.0,648.4363420779607,3.4285714285714284,169,176,5,0,171,174,26804,-1,1,0,-2,2
2020-08-07,US,Texas,Glasscock,6,0,0,31.86942909,-101.5207776,48173.0,425.83392476934,0.0,6,6,0,0,6,6,1388,0,0,0,0,0
2020-08-07,US,Texas,Goliad,77,4,0,28.65696592,-97.42760647,48175.0,1005.4844606946983,5.194805194805196,73,77,4,0,73,77,7584,0,0,0,0,0
2020-08-07,US,Texas,Gonzales,680,9,0,29.45634206,-97.49424032,48177.0,3263.4256370878725,1.3235294117647058,671,670,9,0,661,646,20826,10,0,0,10,24
2020-08-07,US,Texas,Gray,214,2,0,35.40081878,-100.8129222,48179.0,977.7940235767157,0.9345794392523364,212,211,2,0,209,205,21895,3,0,0,3,6
2020-08-07,US,Texas,Grayson,1103,13,0,33.62744998,-96.67753461,48181.0,809.7671277126833,1.1786038077969174,1090,1092,13,0,1079,1051,133991,11,0,0,11,41
2020-08-07,US,Texas,Gregg,1379,24,0,32.47940482,-94.81591935,48183.0,1112.5902618096736,1.7403915881073242,1355,1358,23,0,1335,1348,123707,21,1,0,20,10
2020-08-07,US,Texas,Grimes,872,21,0,30.54579585,-95.98902499,48185.0,3019.390581717452,2.4082568807339446,851,858,20,0,838,861,28360,14,1,0,13,-3
2020-08-07,US,Texas,Guadalupe,1673,52,0,29.58165339,-97.94786822,48187.0,1002.7150623025886,3.10818888224746,1621,1670,51,0,1619,1650,163694,3,1,0,2,20
2020-08-07,US,Texas,Hale,1257,25,0,34.07044901,-101.8268114,48189.0,3762.797102316949,1.9888623707239461,1232,1257,24,0,1233,1244,33830,0,1,0,-1,13
2020-08-07,US,Texas,Hall,11,1,0,34.5307555,-100.6813852,48191.0,371.1201079622133,9.090909090909092,10,10,1,0,9,10,3028,1,0,0,1,0
2020-08-07,US,Texas,Hamilton,80,3,0,31.70470573,-98.11083887,48193.0,945.5147145727457,3.75,77,57,3,0,54,55,8484,23,0,0,23,2
2020-08-07,US,Texas,Hansford,69,2,0,36.27743284,-101.3545796,48195.0,1278.014447119837,2.898550724637681,67,64,2,0,62,58,5463,5,0,0,5,6
2020-08-07,US,Texas,Hardeman,17,0,0,34.28944521,-99.74632408,48197.0,432.24002034070685,0.0,17,17,0,0,17,17,3922,0,0,0,0,0
2020-08-07,US,Texas,Hardin,947,15,0,30.33364686,-94.38931817,48199.0,1644.0401374952262,1.5839493136219642,932,925,13,0,912,902,57207,22,2,0,20,23
2020-08-07,US,Texas,Harris,83183,1514,0,29.85864939,-95.39339521,48201.0,1764.8475333230786,1.8200834305086373,81669,81919,1459,0,80460,80914,4698619,1264,55,0,1209,1005
2020-08-07,US,Texas,Harrison,681,23,0,32.54935988,-94.36934071,48203.0,1023.2446320977266,3.3773861967694567,658,659,22,0,637,644,66726,22,1,0,21,15
2020-08-07,US,Texas,Hartley,84,0,0,35.84008013,-102.6029022,48205.0,1506.4562410329984,0.0,84,84,0,0,84,82,5619,0,0,0,0,2
2020-08-07,US,Texas,Haskell,42,0,0,33.17823584,-99.73037358,48207.0,742.3117709437964,0.0,42,39,0,0,39,39,5813,3,0,0,3,0
2020-08-07,US,Texas,Hays,5012,37,0,30.05669873,-98.02944344,48209.0,2177.322310602934,0.7382282521947326,4975,4989,37,0,4952,4969,222631,23,0,0,23,20
2020-08-07,US,Texas,Hemphill,42,0,0,35.83764858,-100.2703577,48211.0,1099.7643362136685,0.0,42,42,0,0,42,42,3825,0,0,0,0,0
2020-08-07,US,Texas,Henderson,633,12,0,32.21128872,-95.85846587,48213.0,765.0748758113057,1.895734597156398,621,621,11,0,610,609,82299,12,1,0,11,12
2020-08-07,US,Texas,Hidalgo,19534,790,0,26.39418217,-98.18299696,48215.0,2248.6292846725078,4.044230572335415,18744,19103,765,0,18338,18699,865939,431,25,0,406,404
2020-08-07,US,Texas,Hill,318,7,0,31.99045053,-97.13423143,48217.0,867.690796474665,2.2012578616352205,311,313,6,0,307,313,36354,5,1,0,4,0
2020-08-07,US,Texas,Hockley,200,4,0,33.60771256,-102.3431676,48219.0,868.771990791017,2.0,196,194,4,0,190,191,22980,6,0,0,6,3
2020-08-07,US,Texas,Hood,522,9,0,32.42990927,-97.83242024,48221.0,846.8114790000486,1.7241379310344829,513,505,9,0,496,490,60537,17,0,0,17,15
2020-08-07,US,Texas,Hopkins,200,1,0,33.14875072,-95.56351139,48223.0,539.3161471254449,0.5,199,194,1,0,193,183,36810,6,0,0,6,11
2020-08-07,US,Texas,Houston,312,6,0,31.31925973,-95.42226208,48225.0,1358.4117032392896,1.9230769230769231,306,308,6,0,302,307,23169,4,0,0,4,1
2020-08-07,US,Texas,Howard,168,5,0,32.30621324,-101.4356444,48227.0,458.2151429194851,2.9761904761904763,163,164,4,0,160,162,36459,4,1,0,3,2
2020-08-07,US,Texas,Hudspeth,23,2,0,31.45628381,-105.388178,48229.0,470.7327056897257,8.695652173913043,21,23,2,0,21,22,4795,0,0,0,0,1
2020-08-07,US,Texas,Hunt,1137,21,0,33.12351514,-96.08551032,48231.0,1153.2141915329532,1.8469656992084436,1116,1137,21,0,1116,1105,96493,0,0,0,0,32
2020-08-07,US,Texas,Hutchinson,123,2,0,35.84006574,-101.3546643,48233.0,587.4486579424969,1.6260162601626016,121,121,2,0,119,120,21198,2,0,0,2,1
2020-08-07,US,Texas,Irion,9,0,0,31.30375559,-100.982439,48235.0,585.9375,0.0,9,9,0,0,9,9,1522,0,0,0,0,0
2020-08-07,US,Texas,Jack,56,0,0,33.23377248,-98.17283469,48237.0,626.7487409065473,0.0,56,51,0,0,51,47,8843,5,0,0,5,4
2020-08-07,US,Texas,Jackson,400,6,0,28.95472367,-96.57749563,48239.0,2710.0271002710033,1.5,394,383,5,0,378,380,14874,17,1,0,16,3
2020-08-07,US,Texas,Jasper,304,9,0,30.74685667,-94.02667579,48241.0,855.6390554195165,2.9605263157894735,295,304,5,0,299,302,35872,0,4,0,-4,2
2020-08-07,US,Texas,Jeff Davis,8,0,0,30.71490589,-104.1399973,48243.0,351.8029903254178,0.0,8,8,0,0,8,8,2252,0,0,0,0,0
2020-08-07,US,Texas,Jefferson,5828,77,0,29.8832777,-94.16434171,48245.0,2316.6974738139247,1.321207961564859,5751,5771,76,0,5695,5721,255001,57,1,0,56,50
2020-08-07,US,Texas,Jim Hogg,62,1,0,27.04453923,-98.6968187,48247.0,1192.3076923076926,1.6129032258064515,61,54,1,0,53,54,5248,8,0,0,8,0
2020-08-07,US,Texas,Jim Wells,705,13,0,27.73103938,-98.0904705,48249.0,1741.514747295094,1.8439716312056735,692,670,13,0,657,658,40822,35,0,0,35,12
2020-08-07,US,Texas,Johnson,1810,30,0,32.37877812,-97.36615819,48251.0,1029.4795156327318,1.6574585635359116,1780,1760,30,0,1730,1730,171361,50,0,0,50,30
2020-08-07,US,Texas,Jones,629,0,0,32.73997145,-99.87861576,48253.0,3132.002190907733,0.0,629,632,0,0,632,631,19817,-3,0,0,-3,1
2020-08-07,US,Texas,Karnes,562,6,0,28.90705334,-97.85960149,48255.0,3602.333183770272,1.0676156583629892,556,556,6,0,550,391,15650,6,0,0,6,165
2020-08-07,US,Texas,Kaufman,2125,24,0,32.599141700000004,-96.28734728,48257.0,1560.7326997370624,1.1294117647058823,2101,2071,23,0,2048,2007,128622,54,1,0,53,64
2020-08-07,US,Texas,Kendall,157,4,0,29.94414155,-98.7113588,48259.0,331.0071472243891,2.5477707006369426,153,156,4,0,152,155,45641,1,0,0,1,1
2020-08-07,US,Texas,Kenedy,6,1,0,26.92601662,-97.66413984,48261.0,1485.148514851485,16.666666666666668,5,6,1,0,5,6,442,0,0,0,0,0
2020-08-07,US,Texas,Kent,3,0,0,33.18104136,-100.7780939,48263.0,393.70078740157476,0.0,3,3,0,0,3,3,726,0,0,0,0,0
2020-08-07,US,Texas,Kerr,396,6,0,30.06040006,-99.34930144,48265.0,752.8517110266159,1.5151515151515151,390,394,6,0,388,384,52405,2,0,0,2,10
2020-08-07,US,Texas,Kimble,13,1,0,30.48678918,-99.74856473,48267.0,299.7463684574591,7.6923076923076925,12,13,0,0,13,13,4362,0,1,0,-1,0
2020-08-07,US,Texas,Kinney,19,0,0,29.34967888,-100.4186638,48271.0,518.1347150259069,0.0,19,19,0,0,19,18,3767,0,0,0,0,1
2020-08-07,US,Texas,Kleberg,424,7,0,27.42435506,-97.69894948,48273.0,1382.0078226857888,1.650943396226415,417,416,7,0,409,389,31129,8,0,0,8,27
2020-08-07,US,Texas,Knox,59,1,0,33.60519951,-99.7422906,48275.0,1610.2620087336245,1.6949152542372878,58,56,1,0,55,53,3653,3,0,0,3,3
2020-08-07,US,Texas,La Salle,362,2,0,28.34453111,-99.09908775,48283.0,4813.829787234043,0.5524861878453039,360,357,1,0,356,356,7531,5,1,0,4,1
2020-08-07,US,Texas,Lamar,658,18,0,33.66981763,-95.57404777,48277.0,1319.7216149541707,2.735562310030395,640,652,18,0,634,642,49728,6,0,0,6,10
2020-08-07,US,Texas,Lamb,219,11,0,34.06859623,-102.3516289,48279.0,1698.5961374389206,5.0228310502283104,208,218,10,0,208,213,13158,1,1,0,0,5
2020-08-07,US,Texas,Lampasas,90,2,0,31.19531316,-98.24206613,48281.0,420.0112002986746,2.2222222222222223,88,88,2,0,86,86,21229,2,0,0,2,2
2020-08-07,US,Texas,Lavaca,620,15,0,29.38508402,-96.93186692,48285.0,3076.3123945618736,2.419354838709677,605,618,14,0,604,625,20110,2,1,0,1,-7
2020-08-07,US,Texas,Lee,171,9,0,30.31120597,-96.97045773,48287.0,991.9368872904461,5.2631578947368425,162,163,9,0,154,163,17144,8,0,0,8,0
2020-08-07,US,Texas,Leon,141,2,0,31.29872538,-95.9936328,48289.0,810.1585842335095,1.4184397163120568,139,138,2,0,136,138,17270,3,0,0,3,0
2020-08-07,US,Texas,Liberty,962,33,0,30.15152688,-94.81205615,48291.0,1090.4680397646766,3.4303534303534304,929,925,32,0,893,869,86323,37,1,0,36,56
2020-08-07,US,Texas,Limestone,220,3,0,31.5454767,-96.58095444,48293.0,938.6866919827625,1.3636363636363635,217,209,3,0,206,201,23519,11,0,0,11,8
2020-08-07,US,Texas,Lipscomb,18,0,0,36.27783108,-100.2733151,48295.0,556.7584287039901,0.0,18,16,0,0,16,16,3355,2,0,0,2,0
2020-08-07,US,Texas,Live Oak,222,2,0,28.35101362,-98.1246786,48297.0,1818.6286556893585,0.9009009009009008,220,222,2,0,220,222,12166,0,0,0,0,0
2020-08-07,US,Texas,Llano,88,1,0,30.70645047,-98.68475262,48299.0,403.7623308098188,1.1363636363636365,87,88,1,0,87,86,21646,0,0,0,0,2
2020-08-07,US,Texas,Lubbock,5959,71,0,33.61008596,-101.8204789,48303.0,1918.736255067312,1.1914750797113607,5888,5811,69,0,5742,5751,307412,148,2,0,146,60
2020-08-07,US,Texas,Lynn,66,4,0,33.17657705,-101.8162849,48305.0,1109.0573012939,6.0606060606060606,62,66,4,0,62,66,5877,0,0,0,0,0
2020-08-07,US,Texas,Madison,658,2,0,30.96694679,-95.93003775,48313.0,4606.552786334361,0.30395136778115506,656,650,2,0,648,645,14422,8,0,0,8,5
2020-08-07,US,Texas,Marion,130,8,0,32.79868409,-94.3566123,48315.0,1319.2612137203164,6.153846153846153,122,129,8,0,121,128,9928,1,0,0,1,1
2020-08-07,US,Texas,Martin,55,4,0,32.30600051,-101.9513518,48317.0,953.0410674059956,7.272727272727272,51,53,4,0,49,48,5753,2,0,0,2,5
2020-08-07,US,Texas,Mason,51,0,0,30.71780434,-99.22629416,48319.0,1193.2615816565276,0.0,51,51,0,0,51,45,4280,0,0,0,0,6
2020-08-07,US,Texas,Matagorda,733,25,0,28.81955746,-96.01230294,48321.0,2000.382064787272,3.4106412005457027,708,711,25,0,686,692,36552,22,0,0,22,19
2020-08-07,US,Texas,Maverick,2321,38,0,28.7429195,-100.3157686,48323.0,3952.522053063589,1.6372253339077985,2283,2210,37,0,2173,1852,58485,111,1,0,110,358
2020-08-07,US,Texas,McCulloch,46,1,0,31.1925468,-99.34682807,48307.0,576.1523046092184,2.1739130434782608,45,45,1,0,44,45,7987,1,0,0,1,0
2020-08-07,US,Texas,McLennan,4846,52,0,31.55255453,-97.20217694,48309.0,1888.3732167420687,1.0730499380932728,4794,4748,49,0,4699,4694,254607,98,3,0,95,54
2020-08-07,US,Texas,McMullen,9,0,0,28.35251708,-98.56769164,48311.0,1211.305518169583,0.0,9,8,0,0,8,8,749,1,0,0,1,0
2020-08-07,US,Texas,Medina,762,26,0,29.3557301,-99.11030298,48325.0,1477.2022332506203,3.4120734908136483,736,621,25,0,596,615,50921,141,1,0,140,6
2020-08-07,US,Texas,Menard,17,0,0,30.88990665,-99.8204794,48327.0,795.1356407857811,0.0,17,17,0,0,17,17,2139,0,0,0,0,0
2020-08-07,US,Texas,Midland,2592,48,0,31.86904128,-102.0315682,48329.0,1465.798045602606,1.851851851851852,2544,2570,46,0,2524,2492,172578,22,2,0,20,78
2020-08-07,US,Texas,Milam,333,3,0,30.78581830000001,-96.97718698,48331.0,1341.4978044555453,0.9009009009009008,330,332,3,0,329,327,25131,1,0,0,1,5
2020-08-07,US,Texas,Mills,19,0,0,31.49557106,-98.59272068,48333.0,389.90355017443056,0.0,19,16,0,0,16,16,4921,3,0,0,3,0
2020-08-07,US,Texas,Mitchell,59,1,0,32.30623474,-100.9212058,48335.0,690.4622586307783,1.6949152542372878,58,59,0,0,59,58,8145,0,1,0,-1,1
2020-08-07,US,Texas,Montague,67,1,0,33.67521893,-97.72500958,48337.0,338.07649611464325,1.492537313432836,66,64,1,0,63,61,19596,3,0,0,3,3
2020-08-07,US,Texas,Montgomery,6577,82,0,30.30079133,-95.50572772,48339.0,1082.828030049836,1.2467690436369163,6495,6510,77,0,6433,6459,590925,67,5,0,62,51
2020-08-07,US,Texas,Moore,1047,13,0,35.83769242,-101.8930281,48341.0,5000.0,1.241642788920726,1034,1044,13,0,1031,1035,21485,3,0,0,3,9
2020-08-07,US,Texas,Morris,105,3,0,33.11304005,-94.73255695,48343.0,847.5944462382953,2.8571428571428568,102,100,1,0,99,98,12339,5,2,0,3,2
2020-08-07,US,Texas,Motley,5,0,0,34.07408766,-100.779722,48345.0,416.66666666666674,0.0,5,4,0,0,4,4,1234,1,0,0,1,0
2020-08-07,US,Texas,Nacogdoches,1133,41,0,31.62017125,-94.61803994,48347.0,1737.6234586835164,3.6187113857016766,1092,1094,40,0,1054,1067,65711,39,1,0,38,27
2020-08-07,US,Texas,Navarro,841,8,0,32.04620681,-96.47428766,48349.0,1678.2072516113587,0.9512485136741974,833,831,8,0,823,810,49565,10,0,0,10,21
2020-08-07,US,Texas,Newton,93,4,0,30.78548982,-93.74408813,48351.0,684.0750275836705,4.301075268817204,89,93,4,0,89,92,13746,0,0,0,0,1
2020-08-07,US,Texas,Nolan,133,3,0,32.30365282,-100.4060208,48353.0,903.9010466222644,2.255639097744361,130,132,3,0,129,132,14751,1,0,0,1,0
2020-08-07,US,Texas,Nueces,13918,229,0,27.736286,-97.5433285,48355.0,3841.631382247567,1.6453513435838485,13689,13552,227,0,13325,13321,362265,366,2,0,364,231
2020-08-07,US,Texas,Ochiltree,94,2,0,36.27829105,-100.8158184,48357.0,955.673037820252,2.127659574468085,92,91,2,0,89,89,9947,3,0,0,3,2
2020-08-07,US,Texas,Oldham,14,1,0,35.40425596,-102.6027606,48359.0,662.8787878787879,7.142857142857142,13,14,1,0,13,14,2131,0,0,0,0,0
2020-08-07,US,Texas,Orange,1369,18,0,30.11879481,-93.89412775,48361.0,1641.5655427118809,1.3148283418553688,1351,1369,18,0,1351,1369,83572,0,0,0,0,0
2020-08-07,US,Texas,Palo Pinto,256,6,0,32.75310985,-98.31319001,48363.0,877.0427215731952,2.34375,250,244,6,0,238,236,28875,12,0,0,12,8
2020-08-07,US,Texas,Panola,285,18,0,32.163959600000005,-94.30552481,48365.0,1228.7660601879795,6.315789473684211,267,280,17,0,263,273,23148,5,1,0,4,7
2020-08-07,US,Texas,Parker,1201,18,0,32.77757172,-97.80500621,48367.0,840.5772757177452,1.498751040799334,1183,1178,18,0,1160,1160,138371,23,0,0,23,18
2020-08-07,US,Texas,Parmer,335,7,0,34.52993409,-102.7844668,48369.0,3487.7667881311822,2.08955223880597,328,328,7,0,321,323,9864,7,0,0,7,5
2020-08-07,US,Texas,Pecos,242,1,0,30.78097267,-102.7241261,48371.0,1529.4191998988813,0.4132231404958678,241,236,1,0,235,226,15673,6,0,0,6,10
2020-08-07,US,Texas,Polk,748,11,0,30.79472531,-94.8276624,48373.0,1456.584814908574,1.4705882352941178,737,700,11,0,689,693,50031,48,0,0,48,7
2020-08-07,US,Texas,Potter,3661,44,0,35.40133773,-101.893964,48375.0,3118.0002555039805,1.2018574160065556,3617,3644,44,0,3600,3607,119648,17,0,0,17,37
2020-08-07,US,Texas,Presidio,46,0,0,29.99954402,-104.2408079,48377.0,686.1575178997614,0.0,46,46,0,0,46,45,6948,0,0,0,0,1
2020-08-07,US,Texas,Rains,51,1,0,32.87109387,-95.79232691,48379.0,407.54355122263047,1.96078431372549,50,51,1,0,50,47,12159,0,0,0,0,4
2020-08-07,US,Texas,Randall,1714,21,0,34.96585996,-101.8971322,48381.0,1244.6174290008933,1.2252042007001167,1693,1683,19,0,1664,1646,136271,31,2,0,29,37
2020-08-07,US,Texas,Reagan,62,3,0,31.36607041,-101.5232659,48383.0,1610.8080020784619,4.838709677419356,59,61,3,0,58,61,3741,1,0,0,1,0
2020-08-07,US,Texas,Real,87,1,0,29.83321503,-99.82018052,48385.0,2520.278099652376,1.1494252873563218,86,87,1,0,86,86,3478,0,0,0,0,1
2020-08-07,US,Texas,Red River,137,11,0,33.61886692,-95.04841765,48387.0,1139.4826582383764,8.02919708029197,126,136,11,0,125,135,12175,1,0,0,1,1
2020-08-07,US,Texas,Reeves,144,5,0,31.32323325,-103.6903896,48389.0,901.3520280420632,3.4722222222222223,139,147,5,0,142,143,15695,-3,0,0,-3,4
2020-08-07,US,Texas,Refugio,217,4,0,28.3238976,-97.15766311,48391.0,3123.200921128382,1.8433179723502304,213,216,3,0,213,216,7032,1,1,0,0,0
2020-08-07,US,Texas,Roberts,6,0,0,35.83809685,-100.813175,48393.0,702.5761124121782,0.0,6,6,0,0,6,6,903,0,0,0,0,0
2020-08-07,US,Texas,Robertson,231,2,0,31.02539637,-96.51272246,48395.0,1352.9342860489633,0.8658008658008658,229,226,2,0,224,220,17284,5,0,0,5,6
2020-08-07,US,Texas,Rockwall,875,12,0,32.89779518,-96.40771592,48397.0,834.0084830577133,1.3714285714285714,863,813,12,0,801,786,100657,62,0,0,62,27
2020-08-07,US,Texas,Runnels,121,1,0,31.8314342,-99.97616148,48399.0,1178.8776305533904,0.8264462809917356,120,117,1,0,116,116,10234,4,0,0,4,1
2020-08-07,US,Texas,Rusk,366,2,0,32.10773545,-94.76176432,48401.0,672.719920596993,0.5464480874316939,364,354,2,0,352,341,54450,12,0,0,12,13
2020-08-07,US,Texas,Sabine,51,6,0,31.34318809,-93.85440451,48403.0,483.77916903813315,11.764705882352944,45,51,6,0,45,51,10589,0,0,0,0,0
2020-08-07,US,Texas,San Augustine,162,11,0,31.39457611,-94.17000399,48405.0,1966.7354619400269,6.790123456790122,151,160,11,0,149,157,8232,2,0,0,2,3
2020-08-07,US,Texas,San Jacinto,177,8,0,30.57933681,-95.16260304,48407.0,613.3268651027411,4.519774011299434,169,175,8,0,167,175,28719,2,0,0,2,0
2020-08-07,US,Texas,San Patricio,905,22,0,28.00880118,-97.51763891,48409.0,1356.2115989809681,2.430939226519337,883,882,20,0,862,867,66893,23,2,0,21,15
2020-08-07,US,Texas,San Saba,23,0,0,31.1577796,-98.81758731,48411.0,379.851362510322,0.0,23,23,0,0,23,22,6054,0,0,0,0,1
2020-08-07,US,Texas,Schleicher,36,1,0,30.89740592,-100.5384842,48413.0,1288.936627282492,2.7777777777777777,35,36,1,0,35,35,2895,0,0,0,0,1
2020-08-07,US,Texas,Scurry,474,1,0,32.74613808,-100.9162664,48415.0,2837.8135664251927,0.2109704641350211,473,473,1,0,472,454,16866,1,0,0,1,19
2020-08-07,US,Texas,Shackelford,18,0,0,32.73587756,-99.35401337,48417.0,551.3016845329249,0.0,18,17,0,0,17,17,3253,1,0,0,1,0
2020-08-07,US,Texas,Shelby,398,18,0,31.79211404,-94.14550696,48419.0,1574.7408403893328,4.522613065326633,380,397,18,0,379,390,25418,1,0,0,1,7
2020-08-07,US,Texas,Sherman,40,0,0,36.27751473,-101.8933156,48421.0,1323.6267372600926,0.0,40,39,0,0,39,39,3079,1,0,0,1,0
2020-08-07,US,Texas,Smith,2470,21,0,32.37474036,-95.2717568,48423.0,1061.2199303117925,0.8502024291497976,2449,2446,20,0,2426,2416,230221,24,1,0,23,30
2020-08-07,US,Texas,Somervell,73,0,0,32.22236802,-97.77403489,48425.0,799.7370727432077,0.0,73,66,0,0,66,65,9016,7,0,0,7,1
2020-08-07,US,Texas,Starr,2117,64,0,26.56150059,-98.73892358,48427.0,3275.416582860149,3.0231459612659424,2053,2091,52,0,2039,2025,64525,26,12,0,14,66
2020-08-07,US,Texas,Stephens,34,3,0,32.73553157,-98.83631615,48429.0,363.01516122143926,8.823529411764708,31,34,3,0,31,31,9433,0,0,0,0,3
2020-08-07,US,Texas,Stonewall,5,0,0,33.17906744,-100.2538401,48433.0,370.3703703703704,0.0,5,5,0,0,5,5,1362,0,0,0,0,0
2020-08-07,US,Texas,Sutton,61,1,0,30.49856623,-100.5382014,48435.0,1615.4661016949149,1.639344262295082,60,62,1,0,61,60,3758,-1,0,0,-1,2
2020-08-07,US,Texas,Swisher,80,2,0,34.53028891,-101.7349174,48437.0,1081.5195349466,2.5,78,79,2,0,77,79,7462,1,0,0,1,0
2020-08-07,US,Texas,Tarrant,30650,437,0,32.77143818,-97.29101614,48439.0,1457.7779468874182,1.4257748776508972,30213,30227,422,0,29805,30162,2084931,423,15,0,408,65
2020-08-07,US,Texas,Taylor,1117,22,0,32.30163422,-99.89007449,48441.0,809.2209165857687,1.9695613249776187,1095,1108,22,0,1086,1106,137640,9,0,0,9,2
2020-08-07,US,Texas,Terrell,2,0,0,30.22429013,-102.0766732,48443.0,257.73195876288656,0.0,2,2,0,0,2,2,823,0,0,0,0,0
2020-08-07,US,Texas,Terry,137,2,0,33.17402785,-102.3354521,48445.0,1110.4806679095404,1.45985401459854,135,132,2,0,130,125,12287,5,0,0,5,7
2020-08-07,US,Texas,Throckmorton,4,2,0,33.17751417,-99.21226795,48447.0,266.4890073284477,50.0,2,4,2,0,2,4,1515,0,0,0,0,0
2020-08-07,US,Texas,Titus,1289,15,0,33.21339719,-94.96797273,48449.0,3935.877862595421,1.1636927851047325,1274,1289,14,0,1275,1289,33033,0,1,0,-1,0
2020-08-07,US,Texas,Tom Green,2604,24,0,31.40464436,-100.462443,48451.0,2184.5637583892617,0.9216589861751152,2580,2560,24,0,2536,2513,118189,44,0,0,44,47
2020-08-07,US,Texas,Travis,22480,295,0,30.33432034,-97.7853562,48453.0,1764.5849065193875,1.3122775800711743,22185,22256,288,0,21968,22024,1248743,224,7,0,217,232
2020-08-07,US,Texas,Trinity,156,3,0,31.0879489,-95.1367187,48455.0,1064.773735581189,1.9230769230769231,153,155,3,0,152,153,14740,1,0,0,1,2
2020-08-07,US,Texas,Tyler,116,2,0,30.77031716,-94.37690895,48457.0,535.2528608342562,1.7241379310344829,114,116,2,0,114,115,21696,0,0,0,0,1
2020-08-07,US,Texas,Unassigned,0,239,0,0.0,0.0,90048.0,0.0,0.0,-239,0,239,0,-239,0,,0,0,0,0,0
2020-08-07,US,Texas,Upshur,212,2,0,32.73706798,-94.93999853,48459.0,507.7479462553589,0.9433962264150944,210,207,2,0,205,200,41260,5,0,0,5,7
2020-08-07,US,Texas,Upton,16,1,0,31.36868194,-102.0423217,48461.0,437.5170905113481,6.25,15,17,1,0,16,16,3671,-1,0,0,-1,1
2020-08-07,US,Texas,Uvalde,526,9,0,29.35739637,-99.76229172,48463.0,1967.0169402789725,1.7110266159695815,517,520,9,0,511,506,26846,6,0,0,6,14
2020-08-07,US,Texas,Val Verde,1666,49,0,29.89149232,-101.1525205,48465.0,3398.266190719021,2.9411764705882355,1617,1636,49,0,1587,1581,49208,30,0,0,30,55
2020-08-07,US,Texas,Van Zandt,375,3,0,32.56483801,-95.83766469,48467.0,662.661247570242,0.8,372,368,3,0,365,362,56019,7,0,0,7,6
2020-08-07,US,Texas,Victoria,3436,40,0,28.79780988,-96.96813006,48469.0,3731.3757004474182,1.1641443538998837,3396,3392,37,0,3355,3331,92035,44,3,0,41,61
2020-08-07,US,Texas,Walker,2874,41,0,30.73872995,-95.57440968,48471.0,3938.550931191843,1.4265831593597773,2833,2861,41,0,2820,2838,72480,13,0,0,13,23
2020-08-07,US,Texas,Waller,441,5,0,30.01058447,-95.99011759,48473.0,798.2478369474713,1.1337868480725624,436,431,4,0,427,417,53126,10,1,0,9,14
2020-08-07,US,Texas,Ward,89,1,0,31.50999644,-103.0927909,48475.0,741.7902983830638,1.1235955056179776,88,88,1,0,87,84,11720,1,0,0,1,4
2020-08-07,US,Texas,Washington,499,39,0,30.21498498,-96.40946246,48477.0,1390.6694164204896,7.8156312625250495,460,498,39,0,459,498,35108,1,0,0,1,0
2020-08-07,US,Texas,Webb,7540,155,0,27.7610369,-99.33237355,48479.0,2725.445686277345,2.055702917771883,7385,7417,149,0,7268,7119,275910,123,6,0,117,298
2020-08-07,US,Texas,Wharton,690,25,0,29.27765923,-96.22319248,48481.0,1660.4100490903836,3.6231884057971016,665,666,25,0,641,644,41619,24,0,0,24,22
2020-08-07,US,Texas,Wheeler,33,0,0,35.40114335,-100.2699514,48483.0,652.6898734177215,0.0,33,33,0,0,33,32,5191,0,0,0,0,1
2020-08-07,US,Texas,Wichita,983,11,0,33.98842886,-98.7041034,48485.0,743.401648642517,1.1190233977619533,972,962,11,0,951,946,132064,21,0,0,21,16
2020-08-07,US,Texas,Wilbarger,64,1,0,34.07945812,-99.24178437,48487.0,501.2138773592293,1.5625,63,61,1,0,60,56,12820,3,0,0,3,5
2020-08-07,US,Texas,Willacy,682,24,0,26.47411727,-97.61535848,48489.0,3193.1828822923494,3.5190615835777126,658,669,22,0,647,644,21515,13,2,0,11,25
2020-08-07,US,Texas,Williamson,6245,90,0,30.64655664,-97.6004854,48491.0,1057.4869909626773,1.4411529223378703,6155,6058,86,0,5972,5949,566719,187,4,0,183,109
2020-08-07,US,Texas,Wilson,434,18,0,29.1732598,-98.08693082,48493.0,849.8139808106523,4.147465437788019,416,434,18,0,416,430,50224,0,0,0,0,4
2020-08-07,US,Texas,Winkler,80,1,0,31.85008651,-103.0485163,48495.0,998.7515605493134,1.25,79,73,1,0,72,70,7720,7,0,0,7,3
2020-08-07,US,Texas,Wise,390,6,0,33.21570665,-97.65460265,48497.0,557.2702331961591,1.5384615384615383,384,375,6,0,369,365,68305,15,0,0,15,10
2020-08-07,US,Texas,Wood,316,6,0,32.78722382,-95.38236368,48499.0,693.9107138935858,1.8987341772151896,310,316,5,0,311,313,45129,0,1,0,-1,3
2020-08-07,US,Texas,Yoakum,100,3,0,33.17320212,-102.8276433,48501.0,1147.710317915758,3.0,97,96,3,0,93,90,8591,4,0,0,4,6
2020-08-07,US,Texas,Young,160,4,0,33.17659707,-98.68790885,48503.0,888.3953359244864,2.5,156,151,4,0,147,152,18045,9,0,0,9,-1
2020-08-07,US,Texas,Zapata,170,2,0,27.00156391,-99.16987152,48505.0,1198.9562028351786,1.1764705882352942,168,167,2,0,165,165,14190,3,0,0,3,2
2020-08-07,US,Texas,Zavala,205,5,0,28.86617238,-99.76050829,48507.0,1731.418918918919,2.4390243902439024,200,202,5,0,197,197,11983,3,0,0,3,5
2020-08-07,US,Utah,Bear River,2275,6,0,41.52106798,-113.0832816,0.0,1217.7627423481676,0.2637362637362637,2269,2246,6,0,2240,2220,,29,0,0,29,26
2020-08-07,US,Utah,Central Utah,415,2,0,39.37231946,-111.5758676,0.0,506.3816287185495,0.4819277108433735,413,405,2,0,403,398,,10,0,0,10,7
2020-08-07,US,Utah,Davis,3156,21,0,40.99001837,-112.1139997,49011.0,887.8111629032213,0.6653992395437263,3135,3129,19,0,3110,3094,351713,27,2,0,25,35
2020-08-07,US,Utah,Salt Lake,20287,189,0,40.66616532,-111.9216011,49035.0,1748.2207134036573,0.9316310938039138,20098,20082,186,0,19896,19875,1152633,205,3,0,202,207
2020-08-07,US,Utah,San Juan,648,25,0,37.62762978,-109.80337140000002,49037.0,4233.080742095636,3.858024691358025,623,645,25,0,620,632,15449,3,0,0,3,13
2020-08-07,US,Utah,Southeast Utah,106,0,0,38.99617072,-110.7013958,0.0,263.4915110989585,0.0,106,104,0,0,104,97,,2,0,0,2,7
2020-08-07,US,Utah,Southwest Utah,3167,25,0,37.85447192,-111.4418764,0.0,1256.5366089778688,0.7893905904641617,3142,3133,25,0,3108,3084,,34,0,0,34,49
2020-08-07,US,Utah,Summit,706,1,0,40.86688146,-110.9535882,49043.0,1675.1690592003797,0.141643059490085,705,706,1,0,705,701,41933,0,0,0,0,5
2020-08-07,US,Utah,Tooele,579,0,0,40.44862644,-113.1295715,49045.0,801.2842690875877,0.0,579,573,0,0,573,564,69907,6,0,0,6,9
2020-08-07,US,Utah,TriCounty,175,0,0,40.12491499,-109.5174415,0.0,309.06714704531805,0.0,175,173,0,0,173,170,,2,0,0,2,3
2020-08-07,US,Utah,Utah,8536,37,0,40.1166722,-111.6657662,49049.0,1341.6426320463354,0.43345829428303656,8499,8434,37,0,8397,8271,622213,102,0,0,102,163
2020-08-07,US,Utah,Wasatch,552,4,0,40.33110236,-111.1691419,49051.0,1619.1956821448475,0.7246376811594203,548,545,4,0,541,538,33240,7,0,0,7,7
2020-08-07,US,Utah,Weber-Morgan,2773,25,0,41.27116049,-111.9145117,0.0,1018.2237448455406,0.9015506671474935,2748,2740,25,0,2715,2684,,33,0,0,33,56
2020-08-07,US,Vermont,Addison,73,2,0,44.03217337,-73.14130877,50001.0,198.493623732224,2.7397260273972597,71,73,2,0,71,73,36973,0,0,0,0,0
2020-08-07,US,Vermont,Bennington,85,1,0,43.03519828,-73.09048868,50003.0,239.6391316605582,1.1764705882352942,84,85,1,0,84,84,35631,0,0,0,0,1
2020-08-07,US,Vermont,Caledonia,26,0,0,44.46548598,-72.10314651,50005.0,86.68689360850867,0.0,26,26,0,0,26,26,30302,0,0,0,0,0
2020-08-07,US,Vermont,Chittenden,724,39,0,44.46322849,-73.08359212,50007.0,442.072612258356,5.386740331491712,685,723,39,0,684,723,164572,1,0,0,1,0
2020-08-07,US,Vermont,Essex,4,0,0,44.72736416,-71.73579864,50009.0,64.9034561090378,0.0,4,4,0,0,4,4,6250,0,0,0,0,0
2020-08-07,US,Vermont,Franklin,118,7,0,44.85627605,-72.91249563,50011.0,238.85672644832192,5.932203389830509,111,118,7,0,111,118,49421,0,0,0,0,0
2020-08-07,US,Vermont,Grand Isle,13,0,0,44.797582399999996,-73.29679772,50013.0,179.68210089841045,0.0,13,13,0,0,13,13,7090,0,0,0,0,0
2020-08-07,US,Vermont,Lamoille,43,1,0,44.60353043,-72.64356694,50015.0,169.5449885655706,2.3255813953488373,42,43,1,0,42,42,25300,0,0,0,0,1
2020-08-07,US,Vermont,Orange,14,0,0,44.00470222,-72.37640104,50017.0,48.45632008860584,0.0,14,14,0,0,14,14,28999,0,0,0,0,0
2020-08-07,US,Vermont,Orleans,14,0,0,44.82964024,-72.24562697,50019.0,51.78089285053815,0.0,14,14,0,0,14,14,26907,0,0,0,0,0
2020-08-07,US,Vermont,Rutland,99,1,0,43.57723578,-73.03741676,50021.0,170.12940145383303,1.0101010101010102,98,97,1,0,96,92,58672,2,0,0,2,5
2020-08-07,US,Vermont,Unassigned,8,0,0,0.0,0.0,90050.0,0.0,0.0,8,8,0,0,8,8,,0,0,0,0,0
2020-08-07,US,Vermont,Washington,53,2,0,44.27343241,-72.61604978,50023.0,90.73944083959664,3.7735849056603774,51,53,2,0,51,52,58140,0,0,0,0,1
2020-08-07,US,Vermont,Windham,102,3,0,42.986982,-72.71268875,50025.0,241.58021884325703,2.9411764705882355,99,102,3,0,99,102,42756,0,0,0,0,0
2020-08-07,US,Vermont,Windsor,72,2,0,43.58010937,-72.58595157,50027.0,130.76168682576005,2.7777777777777777,70,72,2,0,70,71,55286,0,0,0,0,1
2020-08-07,US,Virginia,Accomack,1087,16,0,37.76707161,-75.63234615,51001.0,3363.658868671865,1.4719411223551058,1071,1085,16,0,1069,1085,32412,2,0,0,2,0
2020-08-07,US,Virginia,Albemarle,817,16,0,38.02080697,-78.55481085,51003.0,747.2788804536722,1.9583843329253363,801,798,16,0,782,791,108718,19,0,0,19,7
2020-08-07,US,Virginia,Alexandria,2917,60,0,38.814003,-77.08183073,51510.0,1829.6660561507392,2.0569077819677752,2857,2887,60,0,2827,2872,160530,30,0,0,30,15
2020-08-07,US,Virginia,Alleghany,61,4,0,37.78636074,-80.00222498,51005.0,410.4979811574697,6.557377049180328,57,58,4,0,54,57,14910,3,0,0,3,1
2020-08-07,US,Virginia,Amelia,78,2,0,37.34081025,-77.98584649,51007.0,593.3815138836061,2.5641025641025643,76,77,2,0,75,74,13013,1,0,0,1,3
2020-08-07,US,Virginia,Amherst,154,0,0,37.60308293,-79.14548696,51009.0,487.26467331118494,0.0,154,137,0,0,137,130,31666,17,0,0,17,7
2020-08-07,US,Virginia,Appomattox,83,0,0,37.37569884,-78.81340003,51011.0,521.6516875117843,0.0,83,77,0,0,77,75,15841,6,0,0,6,2
2020-08-07,US,Virginia,Arlington,3037,135,0,38.8767675,-77.10139853,51013.0,1282.2894587953149,4.445176160684887,2902,3013,135,0,2878,2997,237521,24,0,0,24,16
2020-08-07,US,Virginia,Augusta,264,4,0,38.16404586,-79.12461614,51015.0,349.4004605733343,1.5151515151515151,260,261,4,0,257,262,75457,3,0,0,3,-1
2020-08-07,US,Virginia,Bath,4,0,0,38.05852573,-79.73912095,51017.0,96.45526886906195,0.0,4,4,0,0,4,4,4292,0,0,0,0,0
2020-08-07,US,Virginia,Bedford,341,7,0,37.3080028,-79.5281964,51019.0,431.6619618466524,2.0527859237536656,334,327,7,0,320,321,78747,14,0,0,14,6
2020-08-07,US,Virginia,Bland,11,0,0,37.13128068,-81.13599391,51021.0,175.15923566878982,0.0,11,9,0,0,9,8,6293,2,0,0,2,1
2020-08-07,US,Virginia,Botetourt,210,7,0,37.55531756,-79.80982182,51023.0,628.3850504204195,3.333333333333333,203,200,7,0,193,193,33277,10,0,0,10,7
2020-08-07,US,Virginia,Bristol,76,0,0,36.616302399999995,-82.16359122,51520.0,453.40651473571165,0.0,76,71,0,0,71,70,16482,5,0,0,5,1
2020-08-07,US,Virginia,Brunswick,226,2,0,36.76366949,-77.8593436,51025.0,1392.3972644938697,0.8849557522123894,224,216,2,0,214,215,16384,10,0,0,10,1
2020-08-07,US,Virginia,Buchanan,78,0,0,37.26818323,-82.03749726,51027.0,371.357836602552,0.0,78,74,0,0,74,73,21221,4,0,0,4,1
2020-08-07,US,Virginia,Buckingham,601,8,0,37.57242268,-78.52518834,51029.0,3504.7818987637042,1.3311148086522462,593,598,8,0,590,597,16999,3,0,0,3,1
2020-08-07,US,Virginia,Buena Vista,50,1,0,37.73484642,-79.35296097,51530.0,771.8431614695894,2.0,49,50,1,0,49,50,6237,0,0,0,0,0
2020-08-07,US,Virginia,Campbell,190,2,0,37.20553386,-79.09678609,51031.0,346.1783729616471,1.0526315789473684,188,176,2,0,174,168,54973,14,0,0,14,8
2020-08-07,US,Virginia,Caroline,200,5,0,38.02679129,-77.34901405,51033.0,650.9357200976402,2.5,195,194,5,0,189,193,30772,6,0,0,6,1
2020-08-07,US,Virginia,Carroll,321,12,0,36.73066666,-80.73455942,51035.0,1077.5066295189822,3.7383177570093458,309,309,12,0,297,305,29636,12,0,0,12,4
2020-08-07,US,Virginia,Charles City,51,5,0,37.35358063,-77.05634116,51036.0,732.4429125376993,9.803921568627453,46,51,5,0,46,51,6941,0,0,0,0,0
2020-08-07,US,Virginia,Charlotte,52,0,0,37.01909701,-78.66314092,51037.0,437.7104377104377,0.0,52,50,0,0,50,50,11938,2,0,0,2,0
2020-08-07,US,Virginia,Charlottesville,520,15,0,38.03527919,-78.48569588,51540.0,1100.1565607413363,2.8846153846153846,505,505,15,0,490,504,48117,15,0,0,15,1
2020-08-07,US,Virginia,Chesapeake,2828,37,0,36.67670048,-76.30545744,51550.0,1155.0636142708356,1.3083451202263083,2791,2761,37,0,2724,2714,242634,67,0,0,67,47
2020-08-07,US,Virginia,Chesterfield,4283,80,0,37.37373208,-77.58680140000001,51041.0,1213.9953855136876,1.8678496381041323,4203,4216,77,0,4139,4170,348556,67,3,0,64,46
2020-08-07,US,Virginia,Clarke,70,0,0,39.11271747,-77.99199425,51043.0,478.8289212668445,0.0,70,69,0,0,69,69,14523,1,0,0,1,0
2020-08-07,US,Virginia,Colonial Heights,195,21,0,37.26420587,-77.39609676,51570.0,1122.6252158894647,10.769230769230768,174,189,21,0,168,188,17833,6,0,0,6,1
2020-08-07,US,Virginia,Covington,13,0,0,37.7824656,-79.98631446,51580.0,234.74178403755863,0.0,13,13,0,0,13,12,5460,0,0,0,0,1
2020-08-07,US,Virginia,Craig,17,0,0,37.48133648,-80.21072274,51045.0,331.319430910154,0.0,17,17,0,0,17,16,5064,0,0,0,0,1
2020-08-07,US,Virginia,Culpeper,988,12,0,38.48199985,-77.95630870000002,51047.0,1878.148464974812,1.214574898785425,976,977,12,0,965,964,51859,11,0,0,11,13
2020-08-07,US,Virginia,Cumberland,75,0,0,37.51328851,-78.24398086,51049.0,755.1349174385823,0.0,75,72,0,0,72,71,9809,3,0,0,3,1
2020-08-07,US,Virginia,Danville,386,7,0,36.58022376,-79.40395668,51590.0,963.9396663669963,1.8134715025906736,379,362,7,0,355,354,40693,24,0,0,24,8
2020-08-07,US,Virginia,Dickenson,38,1,0,37.12560977,-82.35124171,51051.0,265.40019555803883,2.631578947368421,37,38,1,0,37,33,14523,0,0,0,0,5
2020-08-07,US,Virginia,Dinwiddie,212,7,0,37.07544585,-77.63451754,51053.0,742.713004484305,3.30188679245283,205,211,7,0,204,209,28529,1,0,0,1,2
2020-08-07,US,Virginia,Emporia,174,15,0,36.69455571,-77.53406129,51595.0,3254.769921436588,8.620689655172415,159,172,15,0,157,171,5121,2,0,0,2,1
2020-08-07,US,Virginia,Essex,94,1,0,37.93357639,-76.94230311,51057.0,858.212361909979,1.0638297872340423,93,84,1,0,83,84,10919,10,0,0,10,0
2020-08-07,US,Virginia,Fairfax,16241,530,0,38.83677558,-77.27565836,51059.0,1415.2982226203715,3.263345853087864,15711,16087,527,0,15560,16019,1150795,154,3,0,151,68
2020-08-07,US,Virginia,Fairfax,16241,530,0,38.83677558,-77.27565836,51059.0,1415.2982226203715,3.263345853087864,15711,16087,527,0,15560,16019,24574,154,3,0,151,68
2020-08-07,US,Virginia,Fairfax City,84,7,0,38.85157547,-77.29779640000002,51600.0,349.72313585078484,8.333333333333334,77,81,7,0,74,82,24574,3,0,0,3,-1
2020-08-07,US,Virginia,Falls Church,60,6,0,38.88485255,-77.17560759,51610.0,410.4809468427173,10.0,54,60,6,0,54,59,14772,0,0,0,0,1
2020-08-07,US,Virginia,Fauquier,606,9,0,38.73564842,-77.80647472,51061.0,850.8606891129144,1.4851485148514851,597,592,9,0,583,588,70675,14,0,0,14,4
2020-08-07,US,Virginia,Floyd,51,2,0,36.9302126,-80.36738849,51063.0,323.83008444980635,3.92156862745098,49,43,1,0,42,41,15795,8,1,0,7,2
2020-08-07,US,Virginia,Fluvanna,184,9,0,37.84157909,-78.27715475,51065.0,674.7341400806747,4.891304347826087,175,179,9,0,170,176,26783,5,0,0,5,3
2020-08-07,US,Virginia,Franklin,168,1,0,36.99536167,-79.88023649,51067.0,299.77516862353235,0.5952380952380952,167,163,1,0,162,163,56195,5,0,0,5,0
2020-08-07,US,Virginia,Franklin,168,1,0,36.99536167,-79.88023649,51067.0,299.77516862353235,0.5952380952380952,167,163,1,0,162,163,8013,5,0,0,5,0
2020-08-07,US,Virginia,Franklin City,174,6,0,36.6831435,-76.93859681,51620.0,2184.009037278775,3.4482758620689653,168,158,6,0,152,157,8013,16,0,0,16,1
2020-08-07,US,Virginia,Frederick,680,9,0,39.20172582,-78.25974949,51069.0,761.36732614513,1.3235294117647058,671,675,9,0,666,673,88355,5,0,0,5,2
2020-08-07,US,Virginia,Fredericksburg,396,3,0,38.2977863,-77.4922454,51630.0,1363.824218211875,0.7575757575757576,393,388,3,0,385,380,29144,8,0,0,8,8
2020-08-07,US,Virginia,Galax,348,24,0,36.66601852,-80.91703124,51640.0,5482.905309595084,6.896551724137932,324,342,24,0,318,342,6423,6,0,0,6,0
2020-08-07,US,Virginia,Giles,23,0,0,37.31234791,-80.70636931,51071.0,137.55980861244018,0.0,23,23,0,0,23,23,16844,0,0,0,0,0
2020-08-07,US,Virginia,Gloucester,152,2,0,37.40809042,-76.53524337,51073.0,406.98297097568815,1.3157894736842106,150,147,2,0,145,147,37349,5,0,0,5,0
2020-08-07,US,Virginia,Goochland,159,7,0,37.71714806,-77.90381514,51075.0,669.3891297941312,4.402515723270441,152,157,7,0,150,153,23244,2,0,0,2,4
2020-08-07,US,Virginia,Grayson,148,5,0,36.65677234,-81.23215889,51077.0,951.7684887459807,3.3783783783783785,143,145,5,0,140,145,15631,3,0,0,3,0
2020-08-07,US,Virginia,Greene,153,2,0,38.29545894,-78.46525378,51079.0,771.9864776224832,1.30718954248366,151,153,2,0,151,152,19779,0,0,0,0,1
2020-08-07,US,Virginia,Greensville,452,11,0,36.67878901,-77.56351439,51081.0,3987.2971065631623,2.433628318584071,441,441,11,0,430,438,11627,11,0,0,11,3
2020-08-07,US,Virginia,Halifax,152,1,0,36.76654925,-78.93512622,51083.0,448.23213706466936,0.6578947368421053,151,145,1,0,144,145,34120,7,0,0,7,0
2020-08-07,US,Virginia,Hampton,1173,7,0,37.03513786,-76.35879121,51650.0,872.0541223700841,0.5967604433077579,1166,1131,7,0,1124,1129,134313,42,0,0,42,2
2020-08-07,US,Virginia,Hanover,637,32,0,37.7583355,-77.49464673,51085.0,591.0955217786686,5.023547880690739,605,615,32,0,583,611,107239,22,0,0,22,4
2020-08-07,US,Virginia,Harrisonburg,1075,31,0,38.43542574,-78.87536254,51660.0,2027.6897540365173,2.8837209302325584,1044,1070,30,0,1040,1069,54033,5,1,0,4,1
2020-08-07,US,Virginia,Henrico,3811,184,0,37.53460572,-77.39326555,51087.0,1151.9929387155476,4.8281290999737605,3627,3742,182,0,3560,3714,329261,69,2,0,67,28
2020-08-07,US,Virginia,Henry,573,7,0,36.68542395,-79.87634026,51089.0,1133.374211286271,1.2216404886561956,566,543,7,0,536,530,50953,30,0,0,30,13
2020-08-07,US,Virginia,Highland,6,0,0,38.35799465,-79.56124594,51091.0,273.97260273972597,0.0,6,4,0,0,4,4,2210,2,0,0,2,0
2020-08-07,US,Virginia,Hopewell,265,5,0,37.29186313,-77.29754684,51670.0,1176.2617071330285,1.8867924528301887,260,260,5,0,255,259,22596,5,0,0,5,1
2020-08-07,US,Virginia,Isle of Wight,378,9,0,36.90579348,-76.70842863,51093.0,1018.6208197472313,2.380952380952381,369,370,9,0,361,365,36953,8,0,0,8,5
2020-08-07,US,Virginia,James City,596,16,0,37.31156958,-76.76950618,51095.0,778.850803026541,2.684563758389262,580,575,16,0,559,573,76397,21,0,0,21,2
2020-08-07,US,Virginia,King George,137,4,0,38.26818502,-77.15852768,51099.0,510.5082724698167,2.9197080291970803,133,125,4,0,121,124,26575,12,0,0,12,1
2020-08-07,US,Virginia,King William,83,2,0,37.70965316,-77.09384941,51101.0,484.0214602285981,2.409638554216868,81,79,2,0,77,79,16939,4,0,0,4,0
2020-08-07,US,Virginia,King and Queen,39,1,0,37.71044922,-76.88689628,51097.0,555.1601423487543,2.5641025641025643,38,37,1,0,36,37,7042,2,0,0,2,0
2020-08-07,US,Virginia,Lancaster,35,0,0,37.71889653,-76.46400482,51103.0,330.09525605960584,0.0,35,32,0,0,32,32,10783,3,0,0,3,0
2020-08-07,US,Virginia,Lee,110,1,0,36.70586667,-83.12606515,51105.0,469.6238739700296,0.9090909090909092,109,105,1,0,104,104,23541,5,0,0,5,1
2020-08-07,US,Virginia,Lexington,33,0,0,37.78258621,-79.44262866,51678.0,443.19097502014506,0.0,33,33,0,0,33,33,7136,0,0,0,0,0
2020-08-07,US,Virginia,Loudoun,5196,115,0,39.08990083,-77.63481877,51107.0,1256.4746166011346,2.2132409545804466,5081,5150,115,0,5035,5117,406850,46,0,0,46,33
2020-08-07,US,Virginia,Louisa,181,2,0,37.97850256,-77.96274807,51109.0,481.4982309595382,1.1049723756906078,179,174,2,0,172,171,36778,7,0,0,7,3
2020-08-07,US,Virginia,Lunenburg,60,1,0,36.94618528,-78.24133319,51111.0,491.9645785503444,1.6666666666666667,59,58,1,0,57,59,12086,2,0,0,2,-1
2020-08-07,US,Virginia,Lynchburg,553,5,0,37.40021399,-79.19888138,51680.0,673.0113912958817,0.9041591320072332,548,514,4,0,510,503,82126,39,1,0,38,11
2020-08-07,US,Virginia,Madison,66,1,0,38.41531222,-78.28220331,51113.0,497.70002262272834,1.5151515151515151,65,64,1,0,63,64,13295,2,0,0,2,0
2020-08-07,US,Virginia,Manassas,1636,21,0,38.7464321,-77.48509905,51683.0,3981.988560301813,1.2836185819070904,1615,1625,20,0,1605,1620,41641,11,1,0,10,5
2020-08-07,US,Virginia,Manassas Park,507,7,0,38.77058531,-77.44399307,51685.0,2900.789564023344,1.3806706114398422,500,506,7,0,499,505,17307,1,0,0,1,1
2020-08-07,US,Virginia,Martinsville,196,3,0,36.68212094,-79.86352771,51690.0,1561.2553767723434,1.5306122448979589,193,184,3,0,181,179,12902,12,0,0,12,5
2020-08-07,US,Virginia,Mathews,17,0,0,37.44164146,-76.34098896,51115.0,192.4383065429024,0.0,17,16,0,0,16,15,8802,1,0,0,1,1
2020-08-07,US,Virginia,Mecklenburg,385,32,0,36.67882005,-78.36131056,51117.0,1258.7046784581685,8.311688311688311,353,360,32,0,328,329,30650,25,0,0,25,31
2020-08-07,US,Virginia,Middlesex,34,1,0,37.63191998,-76.55064617,51119.0,321.3003213003213,2.9411764705882355,33,33,1,0,32,32,10769,1,0,0,1,1
2020-08-07,US,Virginia,Montgomery,301,3,0,37.17746986,-80.37868691,51121.0,305.47521185365605,0.9966777408637874,298,296,3,0,293,291,98985,5,0,0,5,5
2020-08-07,US,Virginia,Nelson,39,0,0,37.78790447,-78.88498513,51125.0,261.219022103148,0.0,39,36,0,0,36,34,14836,3,0,0,3,2
2020-08-07,US,Virginia,New Kent,124,1,0,37.50694406,-76.99828634,51127.0,537.0057598198432,0.8064516129032258,123,122,1,0,121,121,22391,2,0,0,2,1
2020-08-07,US,Virginia,Newport News,1788,18,0,37.08166899,-76.51754109,51700.0,997.6286790347328,1.0067114093959733,1770,1736,18,0,1718,1734,178626,52,0,0,52,2
2020-08-07,US,Virginia,Norfolk,3629,30,0,36.89934014,-76.26420872,51710.0,1495.0029249161664,0.8266740148801323,3599,3496,29,0,3467,3493,244076,133,1,0,132,3
2020-08-07,US,Virginia,Northampton,295,29,0,37.34062933,-75.87751591,51131.0,2519.214346712212,9.830508474576273,266,295,29,0,266,295,11735,0,0,0,0,0
2020-08-07,US,Virginia,Northumberland,70,2,0,37.89202088,-76.41949732,51133.0,578.7515502273667,2.8571428571428568,68,69,2,0,67,69,12147,1,0,0,1,0
2020-08-07,US,Virginia,Norton,18,0,0,36.93357076,-82.62750411,51720.0,452.14770158251696,0.0,18,15,0,0,15,15,3968,3,0,0,3,0
2020-08-07,US,Virginia,Nottoway,181,13,0,37.1435975,-78.05065922,51135.0,1188.2878151260506,7.18232044198895,168,178,10,0,168,178,15420,3,3,0,0,0
2020-08-07,US,Virginia,Orange,226,3,0,38.24530219,-78.01560400000002,51137.0,609.970041294432,1.327433628318584,223,222,3,0,219,221,36644,4,0,0,4,1
2020-08-07,US,Virginia,Page,337,24,0,38.61807452,-78.48797204,51139.0,1409.9238557442886,7.121661721068249,313,335,24,0,311,337,23933,2,0,0,2,-2
2020-08-07,US,Virginia,Patrick,134,4,0,36.680163799999995,-80.2865648,51141.0,761.0177192185373,2.985074626865672,130,126,4,0,122,119,17673,8,0,0,8,7
2020-08-07,US,Virginia,Petersburg,506,19,0,37.20530399,-77.39368102,51730.0,1614.2410514898233,3.7549407114624502,487,493,19,0,474,488,31567,13,0,0,13,5
2020-08-07,US,Virginia,Pittsylvania,418,2,0,36.81980341,-79.39731264,51143.0,692.5804420585214,0.4784688995215311,416,392,2,0,390,383,60949,26,0,0,26,9
2020-08-07,US,Virginia,Poquoson,43,0,0,37.14259351,-76.35798148,51735.0,350.4196886969277,0.0,43,41,0,0,41,41,12190,2,0,0,2,0
2020-08-07,US,Virginia,Portsmouth,1726,25,0,36.85914825,-76.35971629,51740.0,1828.4285684018728,1.4484356894553885,1701,1676,25,0,1651,1663,94632,50,0,0,50,13
2020-08-07,US,Virginia,Powhatan,141,4,0,37.55016038,-77.91267882,51145.0,475.5159854309996,2.8368794326241136,137,135,4,0,131,135,29189,6,0,0,6,0
2020-08-07,US,Virginia,Prince Edward,397,10,0,37.22554789,-78.43597949,51147.0,1741.0753442680466,2.5188916876574305,387,389,10,0,379,386,22950,8,0,0,8,3
2020-08-07,US,Virginia,Prince George,377,2,0,37.18497668,-77.22922187,51149.0,982.973952493938,0.5305039787798409,375,357,2,0,355,345,38082,20,0,0,20,12
2020-08-07,US,Virginia,Prince William,9340,177,0,38.70916224,-77.48713689,51153.0,1985.8186186441567,1.8950749464668093,9163,9163,177,0,8986,9139,468011,177,0,0,177,24
2020-08-07,US,Virginia,Pulaski,84,3,0,37.06474963,-80.71229738,51155.0,246.86278543509565,3.571428571428572,81,82,3,0,79,79,34066,2,0,0,2,3
2020-08-07,US,Virginia,Radford,48,0,0,37.12222899,-80.56027320000003,51750.0,263.0281111293769,0.0,48,36,0,0,36,34,18339,12,0,0,12,2
2020-08-07,US,Virginia,Rappahannock,41,2,0,38.68295619,-78.15826963,51157.0,556.3093622795117,4.878048780487805,39,41,2,0,39,41,7252,0,0,0,0,0
2020-08-07,US,Virginia,Richmond,318,4,0,37.937575,-76.72920628,51159.0,3524.326720602904,1.2578616352201255,314,318,4,0,314,317,9038,0,0,0,0,1
2020-08-07,US,Virginia,Richmond City,3112,41,0,37.53255773,-77.47966921,51760.0,1350.4834314082868,1.3174807197943446,3071,3067,41,0,3026,3034,228783,45,0,0,45,33
2020-08-07,US,Virginia,Roanoke,495,4,0,37.26865804,-80.06396753,51161.0,525.5558150892914,0.8080808080808081,491,471,4,0,467,460,94073,24,0,0,24,11
2020-08-07,US,Virginia,Roanoke City,1000,14,0,37.27791025,-79.96189766,51770.0,1008.6440797635738,1.4,986,973,14,0,959,932,99920,27,0,0,27,41
2020-08-07,US,Virginia,Rockbridge,66,1,0,37.81204314,-79.44605905,51163.0,292.3847073937892,1.5151515151515151,65,66,1,0,65,66,22752,0,0,0,0,0
2020-08-07,US,Virginia,Rockingham,933,19,0,38.51006137,-78.87260325,51165.0,1138.5268706984916,2.0364415862808145,914,925,18,0,907,920,81244,8,1,0,7,5
2020-08-07,US,Virginia,Russell,101,2,0,36.93028320000001,-82.10095486,51167.0,379.8991950650719,1.98019801980198,99,91,2,0,89,89,26748,10,0,0,10,2
2020-08-07,US,Virginia,Salem,157,3,0,37.2836193,-80.06219455,51775.0,620.5288328524564,1.9108280254777068,154,153,3,0,150,144,25643,4,0,0,4,9
2020-08-07,US,Virginia,Scott,85,3,0,36.71466456,-82.60171704,51169.0,394.13892237781687,3.5294117647058822,82,66,3,0,63,63,21534,19,0,0,19,3
2020-08-07,US,Virginia,Shenandoah,690,43,0,38.85905135,-78.56813762,51171.0,1581.9882611885544,6.231884057971015,647,689,43,0,646,686,43497,1,0,0,1,3
2020-08-07,US,Virginia,Smyth,140,3,0,36.84455636,-81.53344948,51173.0,465.0544778102577,2.142857142857143,137,130,3,0,127,126,30472,10,0,0,10,4
2020-08-07,US,Virginia,Southampton,257,13,0,36.72231125,-77.10642712,51175.0,1457.65980375475,5.058365758754863,244,249,13,0,236,247,17586,8,0,0,8,2
2020-08-07,US,Virginia,Spotsylvania,1449,35,0,38.18574462,-77.655399,51177.0,1063.7594978526597,2.415458937198068,1414,1421,35,0,1386,1390,134238,28,0,0,28,31
2020-08-07,US,Virginia,Stafford,1350,8,0,38.41758738,-77.45917053,51179.0,883.0339739145222,0.5925925925925926,1342,1316,8,0,1308,1300,149960,34,0,0,34,16
2020-08-07,US,Virginia,Staunton,147,0,0,38.15965544,-79.05979937,51790.0,589.6037221241778,0.0,147,143,0,0,143,144,24922,4,0,0,4,-1
2020-08-07,US,Virginia,Suffolk,1231,49,0,36.70155394,-76.63603554,51800.0,1336.474573326964,3.980503655564582,1182,1184,49,0,1135,1167,91185,47,0,0,47,17
2020-08-07,US,Virginia,Surry,47,2,0,37.11781893,-76.88450012,51181.0,731.8592338835252,4.25531914893617,45,44,2,0,42,42,6474,3,0,0,3,2
2020-08-07,US,Virginia,Sussex,290,9,0,36.92432914,-77.25791182,51183.0,2598.799175553365,3.103448275862069,281,283,9,0,274,281,11237,7,0,0,7,2
2020-08-07,US,Virginia,Tazewell,116,0,0,37.12191123,-81.56685568,51185.0,285.7494765365193,0.0,116,106,0,0,106,103,40855,10,0,0,10,3
2020-08-07,US,Virginia,Virginia Beach,4781,53,0,36.73285734,-76.04566934,51810.0,1062.5058336703896,1.1085546956703618,4728,4658,52,0,4606,4583,450189,123,1,0,122,75
2020-08-07,US,Virginia,Warren,354,6,0,38.90847745,-78.20280433,51187.0,881.3863161039737,1.6949152542372878,348,353,6,0,347,352,40003,1,0,0,1,1
2020-08-07,US,Virginia,Washington,211,5,0,36.72341572,-81.95666289,51191.0,392.6311871976182,2.3696682464454977,206,203,5,0,198,191,54402,8,0,0,8,12
2020-08-07,US,Virginia,Waynesboro,168,3,0,38.06451466,-78.90293905,51820.0,742.3773751657093,1.7857142857142858,165,167,3,0,164,167,22628,1,0,0,1,0
2020-08-07,US,Virginia,Westmoreland,202,3,0,38.11021557,-76.80213247,51193.0,1121.2878157091313,1.4851485148514851,199,197,3,0,194,197,17830,5,0,0,5,0
2020-08-07,US,Virginia,Williamsburg,121,6,0,37.28131268,-76.70905141,51830.0,809.1480540323662,4.958677685950414,115,119,6,0,113,119,14896,2,0,0,2,0
2020-08-07,US,Virginia,Winchester,399,4,0,39.17054517,-78.17325058,51840.0,1421.041384714011,1.0025062656641603,395,396,4,0,392,396,28108,3,0,0,3,0
2020-08-07,US,Virginia,Wise,117,3,0,36.9746148,-82.62410519,51195.0,312.9764866383116,2.5641025641025643,114,110,3,0,107,109,38012,7,0,0,7,1
2020-08-07,US,Virginia,Wythe,112,3,0,36.91582035,-81.07834059,51197.0,390.46158136940454,2.6785714285714284,109,108,3,0,105,108,28754,4,0,0,4,0
2020-08-07,US,Virginia,York,355,4,0,37.24374789,-76.54412815,51199.0,519.9179847685998,1.1267605633802815,351,338,4,0,334,335,67846,17,0,0,17,3
2020-08-07,US,Washington,Adams,423,4,0,46.98299757,-118.56017340000001,53001.0,2116.799279387479,0.9456264775413712,419,417,4,0,413,407,19759,6,0,0,6,10
2020-08-07,US,Washington,Asotin,25,2,0,46.18894415,-117.2022851,53003.0,110.70764325569037,8.0,23,25,2,0,23,24,22610,0,0,0,0,1
2020-08-07,US,Washington,Benton,3690,114,0,46.23946995,-119.51208340000001,53005.0,1805.372082782915,3.089430894308943,3576,3632,113,0,3519,3613,201877,58,1,0,57,19
2020-08-07,US,Washington,Chelan,1276,10,0,47.87046092,-120.6173956,53007.0,1652.8497409326426,0.7836990595611285,1266,1255,10,0,1245,1224,77036,21,0,0,21,31
2020-08-07,US,Washington,Clallam,102,0,0,48.04754642,-123.92263190000001,53009.0,131.90053148155332,0.0,102,100,0,0,100,98,76737,2,0,0,2,2
2020-08-07,US,Washington,Clark,1749,43,0,45.77568046,-122.48292040000001,53011.0,358.2247291808758,2.4585477415666097,1706,1712,42,0,1670,1705,481857,37,1,0,36,7
2020-08-07,US,Washington,Columbia,13,1,0,46.29442881,-117.9051983,53013.0,326.2233375156838,7.6923076923076925,12,13,1,0,12,13,4059,0,0,0,0,0
2020-08-07,US,Washington,Cowlitz,472,5,0,46.19074721,-122.6782231,53015.0,426.7901223404737,1.0593220338983051,467,462,5,0,457,454,108987,10,0,0,10,8
2020-08-07,US,Washington,Douglas,908,7,0,47.7361335,-119.69293700000001,53017.0,2090.768841096963,0.7709251101321586,901,890,7,0,883,868,42907,18,0,0,18,22
2020-08-07,US,Washington,Ferry,22,0,0,48.471143100000006,-118.5154041,53019.0,288.4489314278223,0.0,22,21,0,0,21,24,7649,1,0,0,1,-3
2020-08-07,US,Washington,Franklin,3447,48,0,46.53351425,-118.9018212,53021.0,3619.961773539728,1.3925152306353348,3399,3412,48,0,3364,3390,94347,35,0,0,35,22
2020-08-07,US,Washington,Garfield,2,0,0,46.43197502,-117.54540320000001,53023.0,89.88764044943821,0.0,2,2,0,0,2,2,2247,0,0,0,0,0
2020-08-07,US,Washington,Grant,1422,12,0,47.20753737,-119.4500749,53025.0,1454.9844985828738,0.8438818565400844,1410,1393,13,0,1380,1333,97331,29,-1,0,30,60
2020-08-07,US,Washington,Grays Harbor,109,2,0,47.14003705,-123.7820567,53027.0,145.21522495037368,1.834862385321101,107,109,2,0,107,109,73901,0,0,0,0,0
2020-08-07,US,Washington,Island,247,11,0,48.14713305,-122.5216407,53029.0,290.1069989781656,4.453441295546559,236,241,11,0,230,241,84460,6,0,0,6,0
2020-08-07,US,Washington,Jefferson,54,0,0,47.75003077,-123.56097040000002,53031.0,167.5925638558704,0.0,54,54,0,0,54,54,31729,0,0,0,0,0
2020-08-07,US,Washington,King,16222,670,0,47.49137892,-121.8346131,53033.0,720.0874296758408,4.130193564295402,15552,16078,664,0,15414,15865,2233163,144,6,0,138,213
2020-08-07,US,Washington,Kitsap,721,7,0,47.63479026,-122.6436061,53035.0,265.58810636785245,0.9708737864077671,714,707,5,0,702,690,269805,14,2,0,12,17
2020-08-07,US,Washington,Kittitas,360,18,0,47.12521214,-120.67943899999999,53037.0,751.0170021904663,5.0,342,355,18,0,337,354,47364,5,0,0,5,1
2020-08-07,US,Washington,Klickitat,109,3,0,45.87325839,-120.7913598,53039.0,486.0646599777034,2.7522935779816518,106,108,3,0,105,108,22107,1,0,0,1,0
2020-08-07,US,Washington,Lewis,207,3,0,46.57756476,-122.39257690000001,53041.0,256.48332858364205,1.4492753623188406,204,197,3,0,194,194,79604,10,0,0,10,3
2020-08-07,US,Washington,Lincoln,22,0,0,47.57705241,-118.41943880000001,53043.0,201.11527561934363,0.0,22,20,0,0,20,19,10740,2,0,0,2,1
2020-08-07,US,Washington,Mason,201,1,0,47.35007586,-123.1863685,53045.0,301.0424155283968,0.4975124378109453,200,187,1,0,186,181,65507,14,0,0,14,6
2020-08-07,US,Washington,Okanogan,836,3,0,48.54855019,-119.73872240000001,53047.0,1979.0261108349318,0.3588516746411483,833,820,2,0,818,795,42132,16,1,0,15,25
2020-08-07,US,Washington,Pacific,48,2,0,46.55418369,-123.7285716,53049.0,213.6086511503716,4.166666666666667,46,47,2,0,45,44,22036,1,0,0,1,3
2020-08-07,US,Washington,Pend Oreille,39,0,0,48.53234021,-117.2741804,53051.0,284.17371028854564,0.0,39,38,0,0,38,39,13602,1,0,0,1,-1
2020-08-07,US,Washington,Pierce,5522,137,0,47.03892768,-122.14059579999999,53053.0,610.1792304802316,2.4809851503078595,5385,5477,137,0,5340,5348,891299,45,0,0,45,129
2020-08-07,US,Washington,San Juan,28,0,0,48.60182783,-122.96745,53055.0,159.2537822773291,0.0,28,28,0,0,28,28,17128,0,0,0,0,0
2020-08-07,US,Washington,Skagit,858,21,0,48.48171488,-121.766131,53057.0,664.060988351844,2.4475524475524475,837,858,21,0,837,849,128206,0,0,0,0,9
2020-08-07,US,Washington,Skamania,57,1,0,46.02408726,-121.91644029999999,53059.0,471.737151369693,1.7543859649122806,56,55,1,0,54,56,11924,2,0,0,2,-1
2020-08-07,US,Washington,Snohomish,5369,191,0,48.04615983,-121.7170703,53061.0,653.0970717068715,3.5574594896628797,5178,5326,191,0,5135,5261,814901,43,0,0,43,65
2020-08-07,US,Washington,Spokane,4277,88,0,47.62113146,-117.4046494,53063.0,818.0980034353612,2.0575169511339726,4189,4192,79,0,4113,4088,514631,85,9,0,76,104
2020-08-07,US,Washington,Stevens,105,1,0,48.40035475,-117.8542701,53065.0,229.64372416508098,0.9523809523809524,104,99,1,0,98,96,45260,6,0,0,6,3
2020-08-07,US,Washington,Thurston,694,11,0,46.9291895,-122.82906559999999,53067.0,238.86884929922627,1.5850144092219018,683,680,11,0,669,659,286419,14,0,0,14,21
2020-08-07,US,Washington,Unassigned,168,3,0,0.0,0.0,90053.0,0.0,1.7857142857142858,165,194,4,0,190,190,,-26,-1,0,-25,4
2020-08-07,US,Washington,Wahkiakum,5,0,0,46.29180039999999,-123.4250831,53069.0,111.40819964349377,0.0,5,5,0,0,5,5,4426,0,0,0,0,0
2020-08-07,US,Washington,Walla Walla,495,2,0,46.23040051,-118.4775539,53071.0,814.6807109940753,0.404040404040404,493,487,3,0,484,470,60922,8,-1,0,9,17
2020-08-07,US,Washington,Whatcom,970,39,0,48.82227976,-121.74900179999999,53073.0,423.12440293657056,4.020618556701032,931,965,38,0,927,957,225685,5,1,0,4,8
2020-08-07,US,Washington,Whitman,103,0,0,46.90022523,-117.52417630000001,53075.0,205.57240938847198,0.0,103,89,0,0,89,87,49791,14,0,0,14,2
2020-08-07,US,Washington,Yakima,10210,212,0,46.45738486,-120.73801259999999,53077.0,4069.788299258988,2.0763956904995102,9998,10167,211,0,9956,10142,251446,43,1,0,42,25
2020-08-07,US,West Virginia,Barbour,29,1,0,39.1307219,-80.00350858,54001.0,176.38829754881093,3.4482758620689653,28,29,1,0,28,30,16535,0,0,0,0,-1
2020-08-07,US,West Virginia,Berkeley,686,11,0,39.46704621,-78.02414609,54003.0,575.6434031769475,1.6034985422740524,675,675,11,0,664,670,117123,11,0,0,11,5
2020-08-07,US,West Virginia,Boone,97,0,0,38.01974191,-81.69888019,54005.0,452.06692454676806,0.0,97,95,0,0,95,92,21951,2,0,0,2,3
2020-08-07,US,West Virginia,Braxton,8,0,0,38.70036159,-80.72011184,54007.0,57.31890807480117,0.0,8,8,0,0,8,8,14089,0,0,0,0,0
2020-08-07,US,West Virginia,Brooke,62,1,0,40.27367263,-80.57915332,54009.0,282.60175942385706,1.6129032258064515,61,61,1,0,60,62,22203,1,0,0,1,-1
2020-08-07,US,West Virginia,Cabell,373,2,0,38.42424062,-82.23855912,54011.0,405.67730708575783,0.5361930294906166,371,367,2,0,365,362,93224,6,0,0,6,5
2020-08-07,US,West Virginia,Calhoun,6,0,0,38.84315422,-81.11934872,54013.0,84.40005626670418,0.0,6,6,0,0,6,6,7254,0,0,0,0,0
2020-08-07,US,West Virginia,Clay,18,1,0,38.46231092,-81.07652217,54015.0,211.56558533145275,5.5555555555555545,17,18,1,0,17,18,8632,0,0,0,0,0
2020-08-07,US,West Virginia,Doddridge,5,0,0,39.27057157,-80.70671527,54017.0,59.18560606060606,0.0,5,5,0,0,5,4,8406,0,0,0,0,1
2020-08-07,US,West Virginia,Fayette,140,5,0,38.02974928,-81.08286634,54019.0,330.1419610432486,3.571428571428572,135,137,5,0,132,134,43018,3,0,0,3,3
2020-08-07,US,West Virginia,Gilmer,16,0,0,38.9251277,-80.85952723,54021.0,204.525118241084,0.0,16,16,0,0,16,16,8026,0,0,0,0,0
2020-08-07,US,West Virginia,Grant,117,1,0,39.10314817,-79.19440518,54023.0,1011.4107883817427,0.8547008547008547,116,97,1,0,96,89,11626,20,0,0,20,8
2020-08-07,US,West Virginia,Greenbrier,91,3,0,37.9463652,-80.45335881,54025.0,262.5353412959437,3.2967032967032965,88,88,3,0,85,88,34786,3,0,0,3,0
2020-08-07,US,West Virginia,Hampshire,76,1,0,39.32103553,-78.60826476,54027.0,327.9395900755124,1.3157894736842106,75,76,1,0,75,75,23347,0,0,0,0,1
2020-08-07,US,West Virginia,Hancock,109,0,0,40.51943859,-80.57461608,54029.0,378.3408538701841,0.0,109,107,0,0,107,106,29094,2,0,0,2,1
2020-08-07,US,West Virginia,Hardy,58,0,0,39.00683177,-78.85855301,54031.0,421.0220673635308,0.0,58,57,0,0,57,54,13775,1,0,0,1,3
2020-08-07,US,West Virginia,Harrison,214,1,0,39.2853852,-80.37919577,54033.0,318.1872249316046,0.4672897196261682,213,207,1,0,206,204,67554,7,0,0,7,3
2020-08-07,US,West Virginia,Jackson,162,19,0,38.84263974,-81.68148753,54035.0,566.9092945128781,11.728395061728394,143,160,19,0,141,158,28706,2,0,0,2,2
2020-08-07,US,West Virginia,Jefferson,294,4,0,39.30776166,-77.86014147,54037.0,514.4717040562767,1.3605442176870748,290,294,4,0,290,292,56811,0,0,0,0,2
2020-08-07,US,West Virginia,Kanawha,898,22,0,38.33860077,-81.52857054,54039.0,504.14318115470115,2.4498886414253898,876,876,22,0,854,856,180454,22,0,0,22,20
2020-08-07,US,West Virginia,Lewis,29,2,0,38.9947249,-80.49988181,54041.0,182.30967498585528,6.896551724137932,27,28,2,0,26,28,16024,1,0,0,1,0
2020-08-07,US,West Virginia,Lincoln,81,0,0,38.172154,-82.07017953,54043.0,396.8837277671615,0.0,81,79,0,0,79,75,20599,2,0,0,2,4
2020-08-07,US,West Virginia,Logan,209,3,0,37.8299889,-81.93528571,54045.0,652.7374371466941,1.4354066985645932,206,176,3,0,173,162,32607,33,0,0,33,14
2020-08-07,US,West Virginia,Marion,183,2,0,39.50984542,-80.24244659,54049.0,326.3661007276358,1.0928961748633879,181,179,2,0,177,179,56097,4,0,0,4,0
2020-08-07,US,West Virginia,Marshall,130,1,0,39.86064362,-80.66591062,54051.0,425.79673119124817,0.7692307692307693,129,128,1,0,127,129,30785,2,0,0,2,-1
2020-08-07,US,West Virginia,Mason,54,1,0,38.77071799,-82.02524219,54053.0,203.65062603710967,1.851851851851852,53,53,1,0,52,51,26718,1,0,0,1,2
2020-08-07,US,West Virginia,McDowell,58,0,0,37.38002939,-81.65083669,54047.0,329.09668633681343,0.0,58,49,0,0,49,48,18223,9,0,0,9,1
2020-08-07,US,West Virginia,Mercer,177,3,0,37.40481169,-81.11023142,54055.0,301.23557643214536,1.6949152542372878,174,174,3,0,171,173,59131,3,0,0,3,1
2020-08-07,US,West Virginia,Mineral,117,4,0,39.41561583,-78.94104895,54057.0,435.46225993747214,3.418803418803418,113,116,4,0,112,116,26940,1,0,0,1,0
2020-08-07,US,West Virginia,Mingo,158,5,0,37.73048351,-82.13338365,54059.0,674.5218579234972,3.1645569620253164,153,156,3,0,153,153,23785,2,2,0,0,3
2020-08-07,US,West Virginia,Monongalia,935,5,0,39.63218457,-80.04766838,54061.0,885.3160625686475,0.5347593582887701,930,929,5,0,924,929,106420,6,0,0,6,0
2020-08-07,US,West Virginia,Monroe,21,0,0,37.56274716,-80.54577965,54063.0,158.19209039548022,0.0,21,19,0,0,19,19,13280,2,0,0,2,0
2020-08-07,US,West Virginia,Morgan,26,0,0,39.55439028,-78.26311676,54065.0,145.38134645493182,0.0,26,26,0,0,26,26,17787,0,0,0,0,0
2020-08-07,US,West Virginia,Nicholas,36,1,0,38.29617706,-80.79759588,54067.0,146.96276943174396,2.7777777777777777,35,35,1,0,34,33,24842,1,0,0,1,2
2020-08-07,US,West Virginia,Ohio,266,4,0,40.0955451,-80.62203992,54069.0,642.3414068725701,1.5037593984962403,262,265,4,0,261,263,41755,1,0,0,1,2
2020-08-07,US,West Virginia,Pendleton,58,1,0,38.68314479,-79.35084086,54071.0,832.257138757354,1.7241379310344829,57,58,1,0,57,42,6997,0,0,0,0,16
2020-08-07,US,West Virginia,Pleasants,12,1,0,39.37091679,-81.16771771,54073.0,160.85790884718497,8.333333333333334,11,10,0,0,10,9,7507,2,1,0,1,1
2020-08-07,US,West Virginia,Pocahontas,41,0,0,38.32758728,-80.00993811,54075.0,497.1504789620468,0.0,41,41,0,0,41,41,8414,0,0,0,0,0
2020-08-07,US,West Virginia,Preston,123,4,0,39.46770987,-79.66712803,54077.0,367.9109834888729,3.2520325203252027,119,123,4,0,119,125,33839,0,0,0,0,-2
2020-08-07,US,West Virginia,Putnam,186,0,0,38.50782345,-81.9082131,54079.0,329.49512843224085,0.0,186,178,0,0,178,174,56682,8,0,0,8,4
2020-08-07,US,West Virginia,Raleigh,215,1,0,37.76936795,-81.2456041,54081.0,293.07125039189765,0.4651162790697674,214,210,1,0,209,207,74254,5,0,0,5,3
2020-08-07,US,West Virginia,Randolph,208,0,0,38.769899,-79.87919615,54083.0,724.8649590520997,0.0,208,206,0,0,206,207,28823,2,0,0,2,-1
2020-08-07,US,West Virginia,Ritchie,3,0,0,39.18094587,-81.06356878,54085.0,31.400460540087924,0.0,3,3,0,0,3,3,9721,0,0,0,0,0
2020-08-07,US,West Virginia,Roane,15,1,0,38.71622686,-81.35243568,54087.0,109.58503798947984,6.666666666666668,14,14,1,0,13,14,13932,1,0,0,1,0
2020-08-07,US,West Virginia,Summers,7,0,0,37.65390597,-80.86009693,54089.0,55.67485882446513,0.0,7,7,0,0,7,7,12760,0,0,0,0,0
2020-08-07,US,West Virginia,Taylor,56,1,0,39.33602617,-80.0421439,54091.0,335.4297693920336,1.7857142857142858,55,56,1,0,55,55,16862,0,0,0,0,1
2020-08-07,US,West Virginia,Tucker,11,0,0,39.11240885,-79.57053576,54093.0,160.84222839596433,0.0,11,11,0,0,11,11,6955,0,0,0,0,0
2020-08-07,US,West Virginia,Tyler,13,0,0,39.46811972,-80.88772676,54095.0,151.32115004074032,0.0,13,13,0,0,13,12,8746,0,0,0,0,1
2020-08-07,US,West Virginia,Upshur,39,0,0,38.89285061,-80.23689136,54097.0,161.31700860357378,0.0,39,39,0,0,39,39,24415,0,0,0,0,0
2020-08-07,US,West Virginia,Wayne,200,9,0,38.14901357,-82.42287994,54099.0,507.58844728693975,4.5,191,196,9,0,187,194,39944,4,0,0,4,2
2020-08-07,US,West Virginia,Webster,4,0,0,38.49370949,-80.4202023,54101.0,49.297510475720976,0.0,4,4,0,0,4,3,8285,0,0,0,0,1
2020-08-07,US,West Virginia,Wetzel,42,0,0,39.6065771,-80.64016540000001,54103.0,278.7919017590441,0.0,42,41,0,0,41,41,15270,1,0,0,1,0
2020-08-07,US,West Virginia,Wirt,6,0,0,39.02775007,-81.37473928,54105.0,103.07507301151009,0.0,6,6,0,0,6,6,5830,0,0,0,0,0
2020-08-07,US,West Virginia,Wood,243,5,0,39.20967886,-81.5162836,54107.0,290.95524318111063,2.05761316872428,238,242,5,0,237,240,84203,1,0,0,1,2
2020-08-07,US,West Virginia,Wyoming,31,1,0,37.612327,-81.54511071,54109.0,152.00549181131706,3.2258064516129035,30,29,1,0,28,24,20786,2,0,0,2,5
2020-08-07,US,Wisconsin,Adams,82,2,0,43.96974651,-89.76782777,55001.0,405.53907022749746,2.4390243902439024,80,82,2,0,80,79,20348,0,0,0,0,3
2020-08-07,US,Wisconsin,Ashland,24,1,0,46.31956891,-90.67837132,55003.0,154.22182238786792,4.166666666666667,23,22,1,0,21,21,15600,2,0,0,2,1
2020-08-07,US,Wisconsin,Barron,282,3,0,45.42372701,-91.84833627,55005.0,623.2870656882683,1.0638297872340423,279,276,3,0,273,273,45164,6,0,0,6,3
2020-08-07,US,Wisconsin,Bayfield,22,1,0,46.52868768,-91.19716729,55007.0,146.3155094440011,4.545454545454546,21,21,1,0,20,21,15042,1,0,0,1,0
2020-08-07,US,Wisconsin,Brown,4193,52,0,44.452655299999996,-88.00411844,55009.0,1585.0035155098244,1.2401621750536609,4141,4151,52,0,4099,4100,263378,42,0,0,42,51
2020-08-07,US,Wisconsin,Buffalo,44,2,0,44.37835084,-91.75332578,55011.0,337.65635791573936,4.545454545454546,42,42,2,0,40,42,13125,2,0,0,2,0
2020-08-07,US,Wisconsin,Burnett,21,1,0,45.86303537,-92.36711412,55013.0,136.23978201634878,4.761904761904762,20,22,1,0,21,21,15392,-1,0,0,-1,1
2020-08-07,US,Wisconsin,Calumet,296,2,0,44.0816316,-88.21780273,55015.0,590.9481123599992,0.6756756756756757,294,288,2,0,286,276,50159,8,0,0,8,12
2020-08-07,US,Wisconsin,Chippewa,223,0,0,45.06939744,-91.28068855,55017.0,344.89158340808564,0.0,223,218,0,0,218,213,64135,5,0,0,5,5
2020-08-07,US,Wisconsin,Clark,183,7,0,44.73483377,-90.61207486,55019.0,526.2552481739231,3.8251366120218577,176,180,7,0,173,179,34709,3,0,0,3,1
2020-08-07,US,Wisconsin,Columbia,241,1,0,43.46492199,-89.33589004,55021.0,418.8973093235069,0.4149377593360996,240,238,1,0,237,233,57358,3,0,0,3,5
2020-08-07,US,Wisconsin,Crawford,72,0,0,43.23870316,-90.93073686,55023.0,446.3455458434072,0.0,72,70,0,0,70,69,16291,2,0,0,2,1
2020-08-07,US,Wisconsin,Dane,4436,38,0,43.06601594,-89.41733797,55025.0,811.4213592588188,0.8566275924256087,4398,4376,37,0,4339,4340,542364,60,1,0,59,36
2020-08-07,US,Wisconsin,Dodge,782,5,0,43.41576662,-88.70928178,55027.0,890.2651441842462,0.639386189258312,777,757,5,0,752,743,87847,25,0,0,25,14
2020-08-07,US,Wisconsin,Door,102,3,0,44.95856458,-87.30002707,55029.0,368.6569321960386,2.9411764705882355,99,101,3,0,98,98,27610,1,0,0,1,3
2020-08-07,US,Wisconsin,Douglas,159,0,0,46.43222285,-91.91595768,55031.0,368.48203939745076,0.0,159,149,0,0,149,145,43208,10,0,0,10,4
2020-08-07,US,Wisconsin,Dunn,119,0,0,44.94562799,-91.8962481,55033.0,262.29941809204723,0.0,119,112,0,0,112,112,45131,7,0,0,7,0
2020-08-07,US,Wisconsin,Eau Claire,563,4,0,44.726614,-91.28609183,55035.0,538.0043193241978,0.7104795737122558,559,541,4,0,537,531,104534,22,0,0,22,10
2020-08-07,US,Wisconsin,Florence,7,0,0,45.84963535,-88.39804137,55037.0,162.98020954598368,0.0,7,6,0,0,6,6,4321,1,0,0,1,0
2020-08-07,US,Wisconsin,Fond du Lac,612,7,0,43.75354908,-88.48885325,55039.0,591.859036971848,1.1437908496732023,605,598,6,0,592,584,103066,14,1,0,13,14
2020-08-07,US,Wisconsin,Forest,59,4,0,45.66678019,-88.77084892,55041.0,655.264326965793,6.779661016949151,55,59,4,0,55,59,8991,0,0,0,0,0
2020-08-07,US,Wisconsin,Grant,346,15,0,42.8671731,-90.7063218,55043.0,672.6413810532864,4.335260115606936,331,341,14,0,327,332,51554,5,1,0,4,9
2020-08-07,US,Wisconsin,Green,149,1,0,42.6794956,-89.60243287,55045.0,403.1385281385282,0.6711409395973155,148,137,1,0,136,135,36929,12,0,0,12,2
2020-08-07,US,Wisconsin,Green Lake,55,0,0,43.80025981,-89.04679553,55047.0,290.8052662190028,0.0,55,54,0,0,54,54,18918,1,0,0,1,0
2020-08-07,US,Wisconsin,Iowa,74,0,0,43.00050278,-90.13469017,55049.0,312.5263958104569,0.0,74,70,0,0,70,68,23771,4,0,0,4,2
2020-08-07,US,Wisconsin,Iron,74,1,0,46.26302338,-90.24295041,55051.0,1301.2132934763495,1.351351351351351,73,73,1,0,72,73,5676,1,0,0,1,0
2020-08-07,US,Wisconsin,Jackson,55,1,0,44.31864893,-90.80566792,55053.0,266.43414232427455,1.818181818181818,54,52,1,0,51,50,20478,3,0,0,3,2
2020-08-07,US,Wisconsin,Jefferson,612,5,0,43.02054068,-88.77529134,55055.0,721.9620380091777,0.8169934640522876,607,596,5,0,591,581,85129,16,0,0,16,15
2020-08-07,US,Wisconsin,Juneau,135,1,0,43.92456975,-90.11120239,55057.0,505.8642784876532,0.7407407407407407,134,135,1,0,134,133,26617,0,0,0,0,2
2020-08-07,US,Wisconsin,Kenosha,2609,59,0,42.57639354,-88.04051686,55059.0,1538.6792953568329,2.2614028363357606,2550,2597,58,0,2539,2561,169290,12,1,0,11,36
2020-08-07,US,Wisconsin,Kewaunee,127,2,0,44.51727459,-87.61468386,55061.0,621.5131643339532,1.5748031496062993,125,122,2,0,120,115,20383,5,0,0,5,7
2020-08-07,US,Wisconsin,La Crosse,889,1,0,43.90632465,-91.11451093,55063.0,753.2876898047722,0.1124859392575928,888,881,1,0,880,854,118230,8,0,0,8,27
2020-08-07,US,Wisconsin,Lafayette,122,0,0,42.66005229,-90.1317729,55065.0,732.0732073207321,0.0,122,116,0,0,116,114,16665,6,0,0,6,2
2020-08-07,US,Wisconsin,Langlade,59,1,0,45.26271619,-89.07483625,55067.0,307.46782010526863,1.6949152542372878,58,57,1,0,56,51,19268,2,0,0,2,6
2020-08-07,US,Wisconsin,Lincoln,67,0,0,45.33737523,-89.73411273,55069.0,242.8152067553365,0.0,67,65,0,0,65,66,27689,2,0,0,2,-1
2020-08-07,US,Wisconsin,Manitowoc,325,1,0,44.11946801,-87.80928853,55071.0,411.4913713424749,0.3076923076923077,324,321,1,0,320,318,79074,4,0,0,4,3
2020-08-07,US,Wisconsin,Marathon,623,9,0,44.89792533,-89.75863384,55073.0,459.12802523361717,1.4446227929373996,614,612,8,0,604,605,135428,11,1,0,10,7
2020-08-07,US,Wisconsin,Marinette,376,3,0,45.38553432,-88.03324599999998,55075.0,931.8463444857497,0.7978723404255319,373,356,3,0,353,350,40434,20,0,0,20,6
2020-08-07,US,Wisconsin,Marquette,76,1,0,43.81911946,-89.40073763,55077.0,487.99280852703225,1.3157894736842106,75,76,1,0,75,75,15434,0,0,0,0,1
2020-08-07,US,Wisconsin,Menominee,20,0,0,45.00422544,-88.70950714,55078.0,438.9815627743634,0.0,20,20,0,0,20,20,4658,0,0,0,0,0
2020-08-07,US,Wisconsin,Milwaukee,20637,453,0,43.00486062,-87.96733172,55079.0,2182.1330914027953,2.195086495130106,20184,20389,452,0,19937,20175,948201,248,1,0,247,214
2020-08-07,US,Wisconsin,Monroe,242,2,0,43.94641218,-90.61881899999999,55081.0,523.2093053423562,0.8264462809917356,240,241,2,0,239,234,46051,1,0,0,1,7
2020-08-07,US,Wisconsin,Oconto,219,0,0,45.02715345,-88.26807503,55083.0,577.3793830740839,0.0,219,207,0,0,207,200,37830,12,0,0,12,7
2020-08-07,US,Wisconsin,Oneida,112,0,0,45.70677897,-89.51944105,55085.0,314.65093411996065,0.0,112,102,0,0,102,96,35470,10,0,0,10,6
2020-08-07,US,Wisconsin,Outagamie,1208,14,0,44.41578887,-88.46565023,55087.0,642.9464832211193,1.1589403973509933,1194,1180,14,0,1166,1158,187365,28,0,0,28,22
2020-08-07,US,Wisconsin,Ozaukee,647,17,0,43.38352225,-87.94625009,55089.0,725.1656000268996,2.627511591962905,630,624,17,0,607,605,89147,23,0,0,23,19
2020-08-07,US,Wisconsin,Pepin,42,0,0,44.58307413,-91.99949611,55091.0,576.3688760806916,0.0,42,42,0,0,42,42,7289,0,0,0,0,0
2020-08-07,US,Wisconsin,Pierce,204,2,0,44.71850291,-92.4224416,55093.0,477.1483369977078,0.9803921568627452,202,197,0,0,197,183,42555,7,2,0,5,14
2020-08-07,US,Wisconsin,Polk,126,2,0,45.46130348,-92.44182875,55095.0,287.78292944750245,1.5873015873015872,124,126,2,0,124,126,43598,0,0,0,0,0
2020-08-07,US,Wisconsin,Portage,389,0,0,44.47558711,-89.50152965,55097.0,549.652404905895,0.0,389,377,0,0,377,367,70942,12,0,0,12,10
2020-08-07,US,Wisconsin,Price,29,0,0,45.68051754,-90.36098879999999,55099.0,217.21219384315785,0.0,29,26,0,0,26,25,13397,3,0,0,3,1
2020-08-07,US,Wisconsin,Racine,3459,78,0,42.74753117,-88.05941254,55101.0,1762.0000916912452,2.2549869904596704,3381,3364,78,0,3286,3343,196584,95,0,0,95,21
2020-08-07,US,Wisconsin,Richland,36,4,0,43.3762778,-90.43012729,55103.0,208.67145838163694,11.111111111111109,32,34,4,0,30,34,17377,2,0,0,2,0
2020-08-07,US,Wisconsin,Rock,1410,26,0,42.67151616,-89.07147900000002,55105.0,863.1560904538609,1.8439716312056735,1384,1395,26,0,1369,1382,163129,15,0,0,15,13
2020-08-07,US,Wisconsin,Rusk,17,1,0,45.47498854,-91.1333012,55107.0,119.90407673860909,5.882352941176472,16,17,1,0,16,16,14147,0,0,0,0,1
2020-08-07,US,Wisconsin,Sauk,425,3,0,43.42574087,-89.94966132,55111.0,659.5077744328232,0.7058823529411765,422,423,3,0,420,411,64249,2,0,0,2,12
2020-08-07,US,Wisconsin,Sawyer,52,0,0,45.87931905,-91.14504927,55113.0,314.04759028868216,0.0,52,52,0,0,52,50,16489,0,0,0,0,2
2020-08-07,US,Wisconsin,Shawano,178,0,0,44.78902246,-88.76443896,55115.0,435.21846499914426,0.0,178,173,0,0,173,168,40796,5,0,0,5,5
2020-08-07,US,Wisconsin,Sheboygan,733,9,0,43.72099677,-87.94579284,55117.0,635.5123981272759,1.2278308321964528,724,720,9,0,711,682,115456,13,0,0,13,38
2020-08-07,US,Wisconsin,St. Croix,481,5,0,45.03437474,-92.45000068,55109.0,530.3957568339454,1.0395010395010396,476,476,4,0,472,470,89694,5,1,0,4,6
2020-08-07,US,Wisconsin,Taylor,64,0,0,45.21179252,-90.5004405,55119.0,314.60453227154306,0.0,64,61,0,0,61,59,20412,3,0,0,3,2
2020-08-07,US,Wisconsin,Trempealeau,332,2,0,44.30360275,-91.35893614,55121.0,1119.7679517015754,0.6024096385542169,330,329,2,0,327,322,29442,3,0,0,3,7
2020-08-07,US,Wisconsin,Vernon,59,0,0,43.59422667,-90.8324691,55123.0,191.4217117643242,0.0,59,59,0,0,59,59,30785,0,0,0,0,0
2020-08-07,US,Wisconsin,Vilas,48,0,0,46.05467334,-89.51719204,55125.0,216.2649245325524,0.0,48,45,0,0,45,40,21938,3,0,0,3,5
2020-08-07,US,Wisconsin,Walworth,1298,23,0,42.66858202,-88.54163073,55127.0,1249.6630338506563,1.7719568567026194,1275,1284,22,0,1262,1291,103718,14,1,0,13,-7
2020-08-07,US,Wisconsin,Washburn,41,0,0,45.89838588,-91.79050449,55129.0,260.8142493638677,0.0,41,41,0,0,41,39,15878,0,0,0,0,2
2020-08-07,US,Wisconsin,Washington,991,22,0,43.36863664,-88.22974712,55131.0,728.4943470014847,2.2199798183652875,969,967,22,0,945,945,135693,24,0,0,24,22
2020-08-07,US,Wisconsin,Waukesha,4030,58,0,43.01833055,-88.30431188,55133.0,997.0361060668288,1.4392059553349876,3972,3930,57,0,3873,3841,403072,100,1,0,99,89
2020-08-07,US,Wisconsin,Waupaca,430,15,0,44.47068056,-88.96534501,55135.0,843.3026083545793,3.4883720930232562,415,417,15,0,402,408,51128,13,0,0,13,9
2020-08-07,US,Wisconsin,Waushara,114,1,0,44.11324419,-89.24317107,55137.0,466.39119584339073,0.8771929824561403,113,112,0,0,112,112,24263,2,1,0,1,0
2020-08-07,US,Wisconsin,Winnebago,1124,18,0,44.06886922,-88.64477096,55139.0,653.8419028893529,1.6014234875444842,1106,1111,18,0,1093,1094,171020,13,0,0,13,17
2020-08-07,US,Wisconsin,Wood,276,1,0,44.45537896,-90.04158336,55141.0,378.08737105987746,0.3623188405797101,275,268,1,0,267,263,73055,8,0,0,8,5
2020-08-07,US,Wyoming,Albany,88,0,0,41.65498705,-105.72354150000001,56001.0,226.33744855967083,0.0,88,88,0,0,88,88,38601,0,0,0,0,0
2020-08-07,US,Wyoming,Big Horn,36,0,0,44.52405055,-107.9960365,56003.0,305.3435114503817,0.0,36,36,0,0,36,36,11881,0,0,0,0,0
2020-08-07,US,Wyoming,Campbell,122,0,0,44.24886082,-105.54744040000001,56005.0,263.2657905526424,0.0,122,118,0,0,118,118,46140,4,0,0,4,0
2020-08-07,US,Wyoming,Carbon,95,0,0,41.69357844,-106.9326084,56007.0,641.8918918918919,0.0,95,88,0,0,88,88,14971,7,0,0,7,0
2020-08-07,US,Wyoming,Converse,32,0,0,42.97272268,-105.5081848,56009.0,231.51497612501808,0.0,32,32,0,0,32,32,13640,0,0,0,0,0
2020-08-07,US,Wyoming,Crook,10,0,0,44.58855102,-104.56977049999999,56011.0,131.85654008438817,0.0,10,10,0,0,10,10,7450,0,0,0,0,0
2020-08-07,US,Wyoming,Fremont,502,0,0,43.04183996,-108.6296893,56013.0,1278.6225516415782,0.0,502,498,0,0,498,496,39531,4,0,0,4,2
2020-08-07,US,Wyoming,Goshen,26,0,0,42.08798185,-104.3534743,56015.0,196.80569222617515,0.0,26,23,0,0,23,22,13376,3,0,0,3,1
2020-08-07,US,Wyoming,Hot Springs,19,0,0,43.71930657,-108.44231740000001,56017.0,430.5461137548154,0.0,19,19,0,0,19,19,4555,0,0,0,0,0
2020-08-07,US,Wyoming,Johnson,23,1,0,44.04057166,-106.58451740000001,56019.0,272.35050325636473,4.3478260869565215,22,23,1,0,22,22,8460,0,0,0,0,1
2020-08-07,US,Wyoming,Laramie,496,0,0,41.30702520000001,-104.6887497,56021.0,498.49246231155786,0.0,496,492,0,0,492,489,98976,4,0,0,4,3
2020-08-07,US,Wyoming,Lincoln,100,0,0,42.26376367,-110.6563997,56023.0,504.2864346949067,0.0,100,101,0,0,101,97,19434,-1,0,0,-1,4
2020-08-07,US,Wyoming,Natrona,229,0,0,42.96180148,-106.79788500000001,56025.0,286.7589972200656,0.0,229,228,0,0,228,226,79115,1,0,0,1,2
2020-08-07,US,Wyoming,Niobrara,2,0,0,43.05607708,-104.47588959999999,56027.0,84.88964346349746,0.0,2,2,0,0,2,2,2388,0,0,0,0,0
2020-08-07,US,Wyoming,Park,132,0,0,44.52157546,-109.58528249999999,56029.0,452.14770158251696,0.0,132,128,0,0,128,124,29324,4,0,0,4,4
2020-08-07,US,Wyoming,Platte,5,0,0,42.13299116,-104.96633100000001,56031.0,59.57345406886692,0.0,5,5,0,0,5,5,8566,0,0,0,0,0
2020-08-07,US,Wyoming,Sheridan,69,0,0,44.79048913,-106.8862389,56033.0,226.34082335574874,0.0,69,68,0,0,68,64,30233,1,0,0,1,4
2020-08-07,US,Wyoming,Sublette,38,0,0,42.76558279,-109.91309220000001,56035.0,386.5323975180551,0.0,38,38,0,0,38,39,9813,0,0,0,0,-1
2020-08-07,US,Wyoming,Sweetwater,257,0,0,41.65943896,-108.8827882,56037.0,606.9480197435231,0.0,257,253,0,0,253,252,43051,4,0,0,4,1
2020-08-07,US,Wyoming,Teton,371,0,0,43.93522482,-110.5890801,56039.0,1581.1455847255372,0.0,371,367,0,0,367,363,23081,4,0,0,4,4
2020-08-07,US,Wyoming,Uinta,274,0,0,41.2878183,-110.54757820000002,56041.0,1354.6919806190053,0.0,274,272,0,0,272,268,20299,2,0,0,2,4
2020-08-07,US,Wyoming,Unassigned,0,27,0,0.0,0.0,90056.0,0.0,0.0,-27,0,26,0,-26,0,,0,1,0,-1,0
2020-08-07,US,Wyoming,Washakie,69,0,0,43.90451606,-107.68018700000002,56043.0,884.0486867392697,0.0,69,59,0,0,59,58,7885,10,0,0,10,1
2020-08-07,US,Wyoming,Weston,5,0,0,43.83961191,-104.56748809999999,56045.0,72.18131947452,0.0,5,5,0,0,5,5,6967,0,0,0,0,0
