Date,Country/Region,Province/State,Admin2,Confirmed,Deaths,Recovered,Latitude,Longitude,FIPS,Incidence_Rate,Case-Fatality_Ratio,Active Cases,Previous Confirmed,Previous Deaths,Previous Recovered,Previous Active,Prev2 Confirmed,Population,Daily Confirmed,Daily Deaths,Daily Recovered,Daily Active,Previous Daily Confirmed
2020-10-09,US,Alabama,Autauga,1882,28,0,32.53952745,-86.64408227,1001.0,3368.5943904490864,1.487778958554729,1854,1863,28,0,1835,1852,55601,19,0,0,19,11
2020-10-09,US,Alabama,Baldwin,6172,64,0,30.72774991,-87.72207058,1003.0,2764.81181182078,1.0369410239792611,6108,6141,64,0,6077,6134,218022,31,0,0,31,7
2020-10-09,US,Alabama,Barbour,939,9,0,31.868263,-85.3871286,1005.0,3803.775419265981,0.9584664536741214,930,927,9,0,918,927,24881,12,0,0,12,0
2020-10-09,US,Alabama,Bibb,719,12,0,32.99642064,-87.12511459999996,1007.0,3210.681432526569,1.6689847009735743,707,708,12,0,696,703,22400,11,0,0,11,5
2020-10-09,US,Alabama,Blount,1689,16,0,33.98210918,-86.56790593,1009.0,2920.8314598969323,0.9473060982830076,1673,1681,16,0,1665,1673,57840,8,0,0,8,8
2020-10-09,US,Alabama,Bullock,622,16,0,32.10030533,-85.71265535,1011.0,6157.806157806159,2.5723472668810294,606,619,16,0,603,618,10138,3,0,0,3,1
2020-10-09,US,Alabama,Butler,943,40,0,31.75300095,-86.68057478,1013.0,4848.82764294529,4.241781548250265,903,932,40,0,892,933,19680,11,0,0,11,-1
2020-10-09,US,Alabama,Calhoun,3803,47,0,33.77483727,-85.82630386,1015.0,3347.5639276440297,1.2358664212463844,3756,3752,45,0,3707,3743,114277,51,2,0,49,9
2020-10-09,US,Alabama,Chambers,1238,43,0,32.91360079,-85.39072749,1017.0,3722.8604077704936,3.4733441033925687,1195,1222,43,0,1179,1211,33615,16,0,0,16,11
2020-10-09,US,Alabama,Cherokee,662,13,0,34.17805983,-85.60638968,1019.0,2527.1033745610016,1.9637462235649548,649,654,13,0,641,651,26032,8,0,0,8,3
2020-10-09,US,Alabama,Chilton,1701,30,0,32.85044126,-86.7173256,1021.0,3828.6666066444586,1.7636684303350971,1671,1684,30,0,1654,1679,44153,17,0,0,17,5
2020-10-09,US,Alabama,Choctaw,374,12,0,32.02227341,-88.26564429999998,1023.0,2970.8475653348164,3.2085561497326203,362,369,12,0,357,368,12841,5,0,0,5,1
2020-10-09,US,Alabama,Clarke,1203,16,0,31.68099859,-87.83548597,1025.0,5092.710185420371,1.3300083125519535,1187,1184,16,0,1168,1166,23920,19,0,0,19,18
2020-10-09,US,Alabama,Clay,634,9,0,33.26984193,-85.85836077,1027.0,4790.328673970533,1.4195583596214512,625,627,9,0,618,623,13275,7,0,0,7,4
2020-10-09,US,Alabama,Cleburne,452,6,0,33.67679204,-85.52005899,1029.0,3031.5224681421864,1.327433628318584,446,449,6,0,443,448,14987,3,0,0,3,1
2020-10-09,US,Alabama,Coffee,1513,7,0,31.39932826,-85.98901039,1031.0,2890.604103778992,0.4626569729015202,1506,1497,6,0,1491,1486,51909,16,1,0,15,11
2020-10-09,US,Alabama,Colbert,1787,27,0,34.69847452,-87.80168544,1033.0,3234.9160949294906,1.510912143256855,1760,1771,27,0,1744,1765,54762,16,0,0,16,6
2020-10-09,US,Alabama,Conecuh,546,12,0,31.43401703,-86.99320044,1035.0,4524.736885721389,2.1978021978021984,534,542,12,0,530,540,12277,4,0,0,4,2
2020-10-09,US,Alabama,Coosa,186,3,0,32.93690146,-86.24847739,1037.0,1744.3496201819376,1.6129032258064515,183,183,3,0,180,180,10715,3,0,0,3,3
2020-10-09,US,Alabama,Covington,1533,29,0,31.247785399999998,-86.45050893,1039.0,4137.76350238873,1.8917155903457272,1504,1514,28,0,1486,1495,36986,19,1,0,18,19
2020-10-09,US,Alabama,Crenshaw,559,30,0,31.72941803,-86.31593104,1041.0,4058.9602091199536,5.366726296958856,529,554,30,0,524,554,13824,5,0,0,5,0
2020-10-09,US,Alabama,Cullman,2025,21,0,34.13020303,-86.86888037,1043.0,2417.3908891223377,1.037037037037037,2004,2001,21,0,1980,1997,83442,24,0,0,24,4
2020-10-09,US,Alabama,Dale,1534,49,0,31.43037123,-85.61095742,1045.0,3119.661596030261,3.1942633637548887,1485,1527,48,0,1479,1526,48956,7,1,0,6,1
2020-10-09,US,Alabama,Dallas,1828,26,0,32.32688101,-87.10866709999998,1047.0,4914.506936229702,1.4223194748358865,1802,1817,26,0,1791,1815,38310,11,0,0,11,2
2020-10-09,US,Alabama,DeKalb,2769,24,0,34.45946862,-85.80782906,1049.0,3872.023268496637,0.866738894907909,2745,2709,23,0,2686,2700,71385,60,1,0,59,9
2020-10-09,US,Alabama,Elmore,2917,50,0,32.59785413,-86.14415284,1051.0,3591.9664076641748,1.7140898183064792,2867,2889,50,0,2839,2874,81887,28,0,0,28,15
2020-10-09,US,Alabama,Escambia,1680,27,0,31.1256789,-87.15918694,1053.0,4586.028990254688,1.6071428571428572,1653,1670,27,0,1643,1662,36748,10,0,0,10,8
2020-10-09,US,Alabama,Etowah,3754,45,0,34.04567266,-86.04051873,1055.0,3670.747447882035,1.1987213638785297,3709,3726,45,0,3681,3726,102501,28,0,0,28,0
2020-10-09,US,Alabama,Fayette,491,10,0,33.72076938,-87.73886638,1057.0,3011.900380321433,2.0366598778004072,481,490,10,0,480,490,16433,1,0,0,1,0
2020-10-09,US,Alabama,Franklin,1872,30,0,34.44235334,-87.84289505,1059.0,5969.007078630189,1.6025641025641026,1842,1871,30,0,1841,1868,31363,1,0,0,1,3
2020-10-09,US,Alabama,Geneva,775,6,0,31.09389027,-85.83572839,1061.0,2950.0209356324463,0.7741935483870968,769,765,6,0,759,763,26314,10,0,0,10,2
2020-10-09,US,Alabama,Greene,325,15,0,32.85504247,-87.95684022,1063.0,4006.904204167181,4.615384615384615,310,313,15,0,298,311,8233,12,0,0,12,2
2020-10-09,US,Alabama,Hale,695,28,0,32.76039258,-87.63284988,1065.0,4743.703501467477,4.028776978417266,667,682,28,0,654,679,14726,13,0,0,13,3
2020-10-09,US,Alabama,Henry,589,5,0,31.51148016,-85.24267944,1067.0,3423.423423423424,0.8488964346349746,584,579,5,0,574,574,17209,10,0,0,10,5
2020-10-09,US,Alabama,Houston,3466,25,0,31.15197924,-85.29939599,1069.0,3273.455355962297,0.7212925562608193,3441,3428,25,0,3403,3412,104722,38,0,0,38,16
2020-10-09,US,Alabama,Jackson,1777,12,0,34.78144169,-85.99750489,1071.0,3442.0640762406542,0.6752954417557682,1765,1745,12,0,1733,1735,51736,32,0,0,32,10
2020-10-09,US,Alabama,Jefferson,21162,361,0,33.55554728,-86.89506300000002,1073.0,3213.3112046804217,1.7058879122956243,20801,20965,359,0,20606,20938,659300,197,2,0,195,27
2020-10-09,US,Alabama,Lamar,407,3,0,33.77995024,-88.09668032,1075.0,2948.207171314741,0.7371007371007371,404,404,3,0,401,402,13844,3,0,0,3,2
2020-10-09,US,Alabama,Lauderdale,1894,37,0,34.90171875,-87.65624729,1077.0,2042.51097283482,1.9535374868004225,1857,1880,37,0,1843,1862,92387,14,0,0,14,18
2020-10-09,US,Alabama,Lawrence,699,26,0,34.52041498,-87.31069453,1079.0,2123.0713157575024,3.7195994277539337,673,689,26,0,663,685,32957,10,0,0,10,4
2020-10-09,US,Alabama,Lee,6268,64,0,32.60154883,-85.35132246,1081.0,3809.3617435062183,1.0210593490746651,6204,6243,64,0,6179,6218,163941,25,0,0,25,25
2020-10-09,US,Alabama,Limestone,2439,23,0,34.81185586,-86.98310072,1083.0,2465.7534246575337,0.9430094300943008,2416,2396,23,0,2373,2368,96174,43,0,0,43,28
2020-10-09,US,Alabama,Lowndes,675,27,0,32.1597283,-86.65158371,1085.0,6940.160394818014,4.0,648,672,27,0,645,669,9974,3,0,0,3,3
2020-10-09,US,Alabama,Macon,507,18,0,32.38759944,-85.69267724,1087.0,2806.065972990923,3.5502958579881656,489,503,18,0,485,501,18439,4,0,0,4,2
2020-10-09,US,Alabama,Madison,8438,83,0,34.76327133,-86.55069633,1089.0,2262.750429729505,0.9836454136051196,8355,8375,83,0,8292,8332,366519,63,0,0,63,43
2020-10-09,US,Alabama,Marengo,850,20,0,32.24767634,-87.78796182,1091.0,4506.176111965223,2.3529411764705883,830,757,20,0,737,754,19066,93,0,0,93,3
2020-10-09,US,Alabama,Marion,1020,29,0,34.13697363,-87.88704173,1093.0,3433.3030394829852,2.843137254901962,991,1015,29,0,986,1009,29763,5,0,0,5,6
2020-10-09,US,Alabama,Marshall,4121,45,0,34.36975964,-86.30486727,1095.0,4258.375183417033,1.0919679689395778,4076,4083,45,0,4038,4064,96109,38,0,0,38,19
2020-10-09,US,Alabama,Mobile,13871,308,0,30.78472347,-88.20842409,1097.0,3356.8887490622196,2.2204599524187154,13563,13829,308,0,13521,13811,413757,42,0,0,42,18
2020-10-09,US,Alabama,Monroe,607,9,0,31.56729412,-87.36995001,1099.0,2927.699802247625,1.4827018121911038,598,601,9,0,592,598,21067,6,0,0,6,3
2020-10-09,US,Alabama,Montgomery,9152,188,0,32.2206831,-86.20969272,1101.0,4040.867868212605,2.054195804195804,8964,9107,188,0,8919,9083,225763,45,0,0,45,24
2020-10-09,US,Alabama,Morgan,3600,32,0,34.45500589,-86.85475946,1103.0,3008.0465244529114,0.8888888888888888,3568,3551,33,0,3518,3536,119089,49,-1,0,50,15
2020-10-09,US,Alabama,Perry,565,6,0,32.64048341,-87.29770589,1105.0,6331.951137509806,1.0619469026548674,559,547,6,0,541,546,9140,18,0,0,18,1
2020-10-09,US,Alabama,Pickens,703,15,0,33.28094866,-88.08818103,1107.0,3527.3457099849475,2.1337126600284493,688,697,15,0,682,688,19938,6,0,0,6,9
2020-10-09,US,Alabama,Pike,1259,12,0,31.80396383,-85.9408295,1109.0,3802.017273660688,0.9531374106433678,1247,1254,12,0,1242,1246,33338,5,0,0,5,8
2020-10-09,US,Alabama,Randolph,730,13,0,33.29526734,-85.45708831,1111.0,3212.745356922806,1.7808219178082192,717,723,13,0,710,716,22725,7,0,0,7,7
2020-10-09,US,Alabama,Russell,1840,3,0,32.28725256,-85.18415324,1113.0,3174.548403236659,0.16304347826086954,1837,1832,3,0,1829,1834,57781,8,0,0,8,-2
2020-10-09,US,Alabama,Shelby,6589,58,0,33.26879845,-86.66232561,1117.0,3026.614362752753,0.8802549704052208,6531,6497,56,0,6441,6485,215707,92,2,0,90,12
2020-10-09,US,Alabama,St. Clair,2557,41,0,33.71902176,-86.31029372,1115.0,2856.6002323710786,1.6034415330465388,2516,2521,38,0,2483,2510,88690,36,3,0,33,11
2020-10-09,US,Alabama,Sumter,452,21,0,32.59117397,-88.19916205,1119.0,3637.2414903033723,4.6460176991150455,431,443,21,0,422,443,12691,9,0,0,9,0
2020-10-09,US,Alabama,Talladega,2349,33,0,33.37823223,-86.16886178,1121.0,2937.0576908649878,1.40485312899106,2316,2306,32,0,2274,2291,79828,43,1,0,42,15
2020-10-09,US,Alabama,Tallapoosa,1213,85,0,32.86698258,-85.79833053,1123.0,3004.9297693660665,7.007419620774938,1128,1211,85,0,1126,1209,40497,2,0,0,2,2
2020-10-09,US,Alabama,Tuscaloosa,9390,126,0,33.28726072,-87.52556818,1125.0,4485.204556853192,1.34185303514377,9264,9364,124,0,9240,9352,208911,26,2,0,24,12
2020-10-09,US,Alabama,Walker,2513,90,0,33.80270512,-87.30027177,1127.0,3956.171974622566,3.581376840429765,2423,2493,89,0,2404,2472,63711,20,1,0,19,21
2020-10-09,US,Alabama,Washington,589,12,0,31.4092794,-88.20689944,1129.0,3607.7422516231777,2.037351443123939,577,588,12,0,576,587,16378,1,0,0,1,1
2020-10-09,US,Alabama,Wilcox,550,11,0,31.98773215,-87.30891118,1131.0,5302.2269353128295,2.0,539,548,11,0,537,540,10627,2,0,0,2,8
2020-10-09,US,Alabama,Winston,802,12,0,34.15030532,-87.37325922,1133.0,3394.134326463244,1.4962593516209477,790,796,12,0,784,788,23660,6,0,0,6,8
2020-10-09,US,Alaska,Aleutians East,5,0,0,55.32222414,-161.9722021,2013.0,149.8351813005694,0.0,5,5,0,0,5,5,3515,0,0,0,0,0
2020-10-09,US,Alaska,Aleutians West,5,0,0,52.3233,-174.1596,2016.0,88.74689385871494,0.0,5,5,0,0,5,5,5723,0,0,0,0,0
2020-10-09,US,Alaska,Anchorage,5138,38,0,61.14998174,-149.14269860000005,2020.0,1784.0277777777774,0.7395873880887505,5100,5053,38,0,5015,4998,291538,85,0,0,85,55
2020-10-09,US,Alaska,Bethel,164,1,0,60.90980451,-159.8561831,2050.0,891.9830305667357,0.6097560975609756,163,150,1,0,149,138,18216,14,0,0,14,12
2020-10-09,US,Alaska,Bristol Bay,10,0,0,58.74513976,-156.701064,2060.0,1196.1722488038274,0.0,10,10,0,0,10,10,877,0,0,0,0,0
2020-10-09,US,Alaska,Denali,11,0,0,63.67264044,-150.0076108,2068.0,524.5588936576062,0.0,11,11,0,0,11,11,2059,0,0,0,0,0
2020-10-09,US,Alaska,Dillingham,10,0,0,59.79603738,-158.23819419999995,2070.0,203.41741253051262,0.0,10,10,0,0,10,10,5000,0,0,0,0,0
2020-10-09,US,Alaska,Fairbanks North Star,1458,11,0,64.80726247,-146.5692662,2090.0,1505.4362977418455,0.7544581618655692,1447,1415,11,0,1404,1389,98971,43,0,0,43,26
2020-10-09,US,Alaska,Haines,5,0,0,59.09893571,-135.4679843,2100.0,197.6284584980237,0.0,5,5,0,0,5,5,2474,0,0,0,0,0
2020-10-09,US,Alaska,Juneau,308,2,0,58.45031811,-134.200436,2110.0,963.2826671670732,0.6493506493506493,306,306,2,0,304,306,32113,2,0,0,2,0
2020-10-09,US,Alaska,Kenai Peninsula,490,3,0,60.24429722,-151.53888840000005,2122.0,834.6392314505689,0.6122448979591837,487,484,3,0,481,475,58533,6,0,0,6,9
2020-10-09,US,Alaska,Ketchikan Gateway,54,0,0,55.57445008,-130.975561,2130.0,388.4612617797281,0.0,54,51,0,0,51,50,13918,3,0,0,3,1
2020-10-09,US,Alaska,Kodiak Island,41,0,0,57.65529415,-153.7493579,2150.0,315.43314356054776,0.0,41,39,0,0,39,37,13345,2,0,0,2,2
2020-10-09,US,Alaska,Kusilvak,16,0,0,62.15429159999999,-163.39678830000003,2158.0,192.44647582391147,0.0,16,15,0,0,15,15,8303,1,0,0,1,0
2020-10-09,US,Alaska,Matanuska-Susitna,703,2,0,62.31305045,-149.5741743,2170.0,649.0209293093419,0.2844950213371266,701,693,2,0,691,685,107610,10,0,0,10,8
2020-10-09,US,Alaska,Nome,100,0,0,64.90320724,-164.0353804,2180.0,999.6001599360256,0.0,100,98,0,0,98,96,10008,2,0,0,2,2
2020-10-09,US,Alaska,North Slope,155,0,0,69.31479216,-153.4836093,2185.0,1576.4849471114728,0.0,155,155,0,0,155,150,9872,0,0,0,0,5
2020-10-09,US,Alaska,Northwest Arctic,152,0,0,67.04919196,-159.7503946,2188.0,1994.4889122162451,0.0,152,145,0,0,145,143,7671,7,0,0,7,2
2020-10-09,US,Alaska,Petersburg,8,1,0,57.13978948,-132.9540995,2195.0,244.94794856093085,12.5,7,8,1,0,7,8,3221,0,0,0,0,0
2020-10-09,US,Alaska,Prince of Wales-Hyder,31,0,0,55.76261984,-133.0511621,2198.0,499.7581815250685,0.0,31,31,0,0,31,31,6422,0,0,0,0,0
2020-10-09,US,Alaska,Sitka,54,0,0,57.24124555,-135.3206587,2220.0,635.8177322500883,0.0,54,54,0,0,54,54,8647,0,0,0,0,0
2020-10-09,US,Alaska,Southeast Fairbanks,34,0,0,63.87692095,-143.2127643,2240.0,493.254025823299,0.0,34,34,0,0,34,34,6918,0,0,0,0,0
2020-10-09,US,Alaska,Unassigned,21,0,0,0.0,0.0,90002.0,0.0,0.0,21,21,0,0,21,21,,0,0,0,0,0
2020-10-09,US,Alaska,Valdez-Cordova,84,0,0,61.47502768,-144.7126799,2261.0,912.8450336883284,0.0,84,83,0,0,83,80,9164,1,0,0,1,3
2020-10-09,US,Alaska,Wrangell,13,0,0,56.3202004,-132.05837309999998,2275.0,519.5843325339728,0.0,13,13,0,0,13,13,2503,0,0,0,0,0
2020-10-09,US,Alaska,Yakutat,25,0,0,59.890980799999994,-140.36014509999998,2282.0,4317.789291882556,0.0,25,25,0,0,25,25,604,0,0,0,0,0
2020-10-09,US,Alaska,Yukon-Koyukuk,87,2,0,65.50815459,-151.39073869999999,2290.0,1663.4799235181645,2.2988505747126435,85,86,2,0,84,84,5327,1,0,0,1,2
2020-10-09,US,Arizona,Apache,3654,166,0,35.39465006,-109.4892383,4001.0,5082.9774507212705,4.542966611932129,3488,3654,166,0,3488,3642,71818,0,0,0,0,12
2020-10-09,US,Arizona,Cochise,1944,73,0,31.87934684,-109.7516088,4003.0,1543.8128365178445,3.75514403292181,1871,1937,73,0,1864,1934,126770,7,0,0,7,3
2020-10-09,US,Arizona,Coconino,4401,145,0,35.83883429,-111.77071780000001,4005.0,3067.411971340155,3.2947057486934788,4256,4385,144,0,4241,4343,142854,16,1,0,15,42
2020-10-09,US,Arizona,Gila,1500,60,0,33.80190085,-110.8132779,4007.0,2776.8521603909808,4.0,1440,1487,60,0,1427,1468,53889,13,0,0,13,19
2020-10-09,US,Arizona,Graham,927,26,0,32.93166885,-109.8882178,4009.0,2386.899091072946,2.8047464940668823,901,907,26,0,881,901,38072,20,0,0,20,6
2020-10-09,US,Arizona,Greenlee,62,1,0,33.21498827,-109.2405279,4011.0,652.7690040008423,1.6129032258064515,61,60,1,0,59,60,9483,2,0,0,2,0
2020-10-09,US,Arizona,La Paz,563,15,0,33.72854224,-113.98100290000001,4012.0,2667.2351714989577,2.6642984014209588,548,557,15,0,542,554,21098,6,0,0,6,3
2020-10-09,US,Arizona,Maricopa,145298,3458,0,33.34835867,-112.49181540000001,4013.0,3239.3442389041456,2.3799364065575577,141840,144867,3454,0,141413,144342,4410824,431,4,0,427,525
2020-10-09,US,Arizona,Mohave,4078,228,0,35.70471703,-113.7577902,4015.0,1921.9440006409625,5.5909759686120655,3850,4079,228,0,3851,4075,209550,-1,0,0,-1,4
2020-10-09,US,Arizona,Navajo,5874,236,0,35.3997715,-110.3218983,4017.0,5295.517651725506,4.017705141300647,5638,5871,236,0,5635,5848,110445,3,0,0,3,23
2020-10-09,US,Arizona,Pima,26287,630,0,32.0971334,-111.7890033,4019.0,2510.028368753694,2.3966219043633736,25657,26217,630,0,25587,26092,1039073,70,0,0,70,125
2020-10-09,US,Arizona,Pinal,10973,212,0,32.90525627,-111.3449483,4021.0,2371.058949110718,1.932014945775996,10761,10919,214,0,10705,10859,447138,54,-2,0,56,60
2020-10-09,US,Arizona,Santa Cruz,2900,64,0,31.52508998,-110.8479088,4023.0,6236.827390425396,2.2068965517241383,2836,2895,64,0,2831,2892,46511,5,0,0,5,3
2020-10-09,US,Arizona,Unassigned,0,1,0,0.0,0.0,90004.0,0.0,0.0,-1,0,1,0,-1,0,,0,0,0,0,0
2020-10-09,US,Arizona,Yavapai,2682,84,0,34.59933926,-112.5538588,4025.0,1140.7960050872184,3.131991051454139,2598,2672,84,0,2588,2645,231993,10,0,0,10,27
2020-10-09,US,Arizona,Yuma,12941,347,0,32.76895712,-113.90666740000002,4027.0,6053.221196798683,2.6814002009118307,12594,12894,347,0,12547,12883,212128,47,0,0,47,11
2020-10-09,US,Arkansas,Arkansas,538,12,0,34.29145151,-91.37277296,5001.0,3076.747111975295,2.2304832713754648,526,527,11,0,516,498,17769,11,1,0,10,29
2020-10-09,US,Arkansas,Ashley,465,12,0,33.19153461,-91.76984709999999,5003.0,2365.569517220329,2.5806451612903225,453,457,12,0,445,455,20046,8,0,0,8,2
2020-10-09,US,Arkansas,Baxter,449,4,0,36.28784385,-92.33782872,5005.0,1070.7812649050843,0.8908685968819601,445,434,3,0,431,420,41619,15,1,0,14,14
2020-10-09,US,Arkansas,Benton,7121,98,0,36.33644656,-94.25680817,5007.0,2551.0405135755764,1.3762112062912513,7023,7065,98,0,6967,6989,272608,56,0,0,56,76
2020-10-09,US,Arkansas,Boone,860,24,0,36.3084504,-93.09374925,5009.0,2297.499465697799,2.7906976744186047,836,843,24,0,819,826,37480,17,0,0,17,17
2020-10-09,US,Arkansas,Bradley,348,8,0,33.46755808,-92.15980837,5011.0,3233.299266003902,2.2988505747126435,340,345,8,0,337,345,10897,3,0,0,3,0
2020-10-09,US,Arkansas,Calhoun,38,0,0,33.55598792,-92.49974403,5013.0,732.3183657737521,0.0,38,38,0,0,38,37,5277,0,0,0,0,1
2020-10-09,US,Arkansas,Carroll,844,11,0,36.34038560000001,-93.54270261,5015.0,2973.925299506695,1.3033175355450235,833,796,11,0,785,775,28223,48,0,0,48,21
2020-10-09,US,Arkansas,Chicot,1017,22,0,33.26458973,-91.29539209,5017.0,10051.393556038744,2.1632251720747298,995,1016,22,0,994,1015,10438,1,0,0,1,1
2020-10-09,US,Arkansas,Clark,412,4,0,34.04613432,-93.17484713,5019.0,1845.8781362007169,0.9708737864077671,408,409,4,0,405,401,22061,3,0,0,3,8
2020-10-09,US,Arkansas,Clay,372,11,0,36.36826212,-90.4148172,5021.0,2556.5253247199507,2.956989247311828,361,363,11,0,352,352,14847,9,0,0,9,11
2020-10-09,US,Arkansas,Cleburne,382,12,0,35.53864922,-92.02640019,5023.0,1532.9668124724105,3.141361256544503,370,377,12,0,365,372,24965,5,0,0,5,5
2020-10-09,US,Arkansas,Cleveland,196,12,0,33.89723187,-92.18537045,5025.0,2463.5495223730522,6.1224489795918355,184,195,12,0,183,194,8018,1,0,0,1,1
2020-10-09,US,Arkansas,Columbia,602,18,0,33.21230701,-93.22642793,5027.0,2566.398090122352,2.990033222591362,584,595,18,0,577,584,23537,7,0,0,7,11
2020-10-09,US,Arkansas,Conway,306,3,0,35.26205537,-92.70506566,5029.0,1467.9075122325626,0.9803921568627452,303,304,3,0,301,300,20891,2,0,0,2,4
2020-10-09,US,Arkansas,Craighead,3539,29,0,35.83018283,-90.63235729,5031.0,3207.591632527281,0.8194405199208816,3510,3451,28,0,3423,3396,108558,88,1,0,87,55
2020-10-09,US,Arkansas,Crawford,1683,20,0,35.58928601,-94.2446814,5033.0,2660.575114216609,1.1883541295306002,1663,1655,20,0,1635,1603,63406,28,0,0,28,52
2020-10-09,US,Arkansas,Crittenden,2053,48,0,35.21247318,-90.30839406,5035.0,4281.096861641122,2.3380418899171937,2005,2041,48,0,1993,2028,48342,12,0,0,12,13
2020-10-09,US,Arkansas,Cross,500,17,0,35.29631396,-90.77185818,5037.0,3045.252451428224,3.4,483,498,15,0,483,493,16676,2,2,0,0,5
2020-10-09,US,Arkansas,Dallas,174,5,0,33.97042763,-92.65167437,5039.0,2482.5224711085752,2.8735632183908044,169,174,5,0,169,173,7182,0,0,0,0,1
2020-10-09,US,Arkansas,Desha,340,6,0,33.83011025,-91.25500948,5041.0,2992.694305078778,1.7647058823529411,334,334,6,0,328,327,11512,6,0,0,6,7
2020-10-09,US,Arkansas,Drew,374,7,0,33.59035001,-91.71777921,5043.0,2052.802019869367,1.8716577540106951,367,372,7,0,365,368,18328,2,0,0,2,4
2020-10-09,US,Arkansas,Faulkner,2871,24,0,35.14719007,-92.33717519,5045.0,2278.4448483020788,0.8359456635318704,2847,2831,23,0,2808,2795,124806,40,1,0,39,36
2020-10-09,US,Arkansas,Franklin,376,2,0,35.51202821,-93.89299569,5047.0,2122.495060683037,0.5319148936170213,374,362,2,0,360,339,17810,14,0,0,14,23
2020-10-09,US,Arkansas,Fulton,214,6,0,36.38177105,-91.81729127,5049.0,1715.1558868317707,2.803738317757009,208,213,5,0,208,209,12269,1,1,0,0,4
2020-10-09,US,Arkansas,Garland,2083,55,0,34.57692074,-93.14921604,5051.0,2095.868633409132,2.640422467594816,2028,2071,55,0,2016,2055,99154,12,0,0,12,16
2020-10-09,US,Arkansas,Grant,297,2,0,34.29017991,-92.42320562,5053.0,1626.0607719682453,0.6734006734006734,295,292,2,0,290,284,18188,5,0,0,5,8
2020-10-09,US,Arkansas,Greene,1053,15,0,36.11735460000001,-90.55832668,5055.0,2323.221180364037,1.4245014245014245,1038,1024,15,0,1009,995,45325,29,0,0,29,29
2020-10-09,US,Arkansas,Hempstead,443,5,0,33.73325583,-93.66935133,5057.0,2057.402935166265,1.1286681715575622,438,436,4,0,432,427,21741,7,1,0,6,9
2020-10-09,US,Arkansas,Hot Spring,2032,28,0,34.31709259,-92.95396325,5059.0,6016.996831601078,1.3779527559055118,2004,2007,28,0,1979,1991,33701,25,0,0,25,16
2020-10-09,US,Arkansas,Howard,514,12,0,34.09007427,-93.9934871,5061.0,3893.349492501136,2.3346303501945527,502,511,12,0,499,503,13341,3,0,0,3,8
2020-10-09,US,Arkansas,Independence,1285,26,0,35.74242707,-91.57001641,5063.0,3397.224058162591,2.023346303501945,1259,1269,26,0,1243,1241,37678,16,0,0,16,28
2020-10-09,US,Arkansas,Izard,338,1,0,36.09604046,-91.90847954,5065.0,2480.0058698363778,0.2958579881656805,337,303,1,0,302,296,13593,35,0,0,35,7
2020-10-09,US,Arkansas,Jackson,485,4,0,35.59802983,-91.21494602,5067.0,2900.8912016268914,0.8247422680412371,481,473,2,0,471,470,16811,12,2,0,10,3
2020-10-09,US,Arkansas,Jefferson,3705,89,0,34.26767081,-91.92619839,5069.0,5544.415180174788,2.4021592442645074,3616,3672,87,0,3585,3611,68114,33,2,0,31,61
2020-10-09,US,Arkansas,Johnson,904,7,0,35.56759135,-93.46036368,5071.0,3401.309353600723,0.7743362831858407,897,896,7,0,889,891,26742,8,0,0,8,5
2020-10-09,US,Arkansas,Lafayette,133,3,0,33.24116713,-93.60677071,5073.0,2007.8502415458936,2.255639097744361,130,132,3,0,129,128,6682,1,0,0,1,4
2020-10-09,US,Arkansas,Lawrence,567,13,0,36.04188196,-91.10867198,5075.0,3456.052663659637,2.2927689594356258,554,546,13,0,533,508,16434,21,0,0,21,38
2020-10-09,US,Arkansas,Lee,1088,18,0,34.78498904,-90.78383866,5077.0,12284.069097888676,1.6544117647058822,1070,1087,18,0,1069,1085,8985,1,0,0,1,2
2020-10-09,US,Arkansas,Lincoln,2140,17,0,33.95317155,-91.74002806,5079.0,16431.20393120393,0.794392523364486,2123,2100,17,0,2083,2098,13383,40,0,0,40,2
2020-10-09,US,Arkansas,Little River,390,28,0,33.70375665,-94.23468591,5081.0,3181.336161187699,7.17948717948718,362,378,27,0,351,375,12326,12,1,0,11,3
2020-10-09,US,Arkansas,Logan,487,2,0,35.21413234,-93.71951016,5083.0,2268.703997018541,0.4106776180698152,485,480,2,0,478,458,21737,7,0,0,7,22
2020-10-09,US,Arkansas,Lonoke,1382,17,0,34.75392199,-91.88742357,5085.0,1885.1709885552928,1.2301013024602026,1365,1370,17,0,1353,1354,73657,12,0,0,12,16
2020-10-09,US,Arkansas,Madison,392,5,0,36.01038185,-93.72524943,5087.0,2364.864864864865,1.2755102040816326,387,385,5,0,380,382,16481,7,0,0,7,3
2020-10-09,US,Arkansas,Marion,114,0,0,36.26844485,-92.68451899,5089.0,682.8800766742543,0.0,114,112,0,0,112,110,16722,2,0,0,2,2
2020-10-09,US,Arkansas,Miller,1017,12,0,33.31403423,-93.89285258,5091.0,2351.064567584437,1.1799410029498525,1005,1005,11,0,994,962,43592,12,1,0,11,43
2020-10-09,US,Arkansas,Mississippi,1828,54,0,35.76271485,-90.05194370000002,5093.0,4496.8143465105395,2.9540481400437635,1774,1808,53,0,1755,1799,41239,20,1,0,19,9
2020-10-09,US,Arkansas,Monroe,173,0,0,34.6815935,-91.20540287,5095.0,2581.704223250261,0.0,173,165,0,0,165,155,6900,8,0,0,8,10
2020-10-09,US,Arkansas,Montgomery,172,7,0,34.53704874,-93.65824478,5097.0,1914.0885822390385,4.069767441860465,165,170,7,0,163,170,8924,2,0,0,2,0
2020-10-09,US,Arkansas,Nevada,244,14,0,33.66340119,-93.30632432,5099.0,2956.858943286476,5.737704918032787,230,241,14,0,227,238,8326,3,0,0,3,3
2020-10-09,US,Arkansas,Newton,268,19,0,35.91947491,-93.21612969,5101.0,3456.726428479298,7.08955223880597,249,264,19,0,245,260,7805,4,0,0,4,4
2020-10-09,US,Arkansas,Ouachita,288,7,0,33.58839816,-92.87795984,5103.0,1231.7167051578135,2.430555555555556,281,288,7,0,281,283,23606,0,0,0,0,5
2020-10-09,US,Arkansas,Perry,113,0,0,34.945915299999996,-92.94372564,5105.0,1080.8225729316116,0.0,113,112,0,0,112,106,10352,1,0,0,1,6
2020-10-09,US,Arkansas,Phillips,596,15,0,34.43268455,-90.84800154,5107.0,3351.703970307053,2.5167785234899327,581,588,15,0,573,568,18029,8,0,0,8,20
2020-10-09,US,Arkansas,Pike,246,3,0,34.16250414,-93.65789349,5109.0,2295.204329165889,1.2195121951219512,243,243,3,0,240,240,10673,3,0,0,3,3
2020-10-09,US,Arkansas,Poinsett,781,15,0,35.57433534,-90.66268713,5111.0,3319.449166950017,1.9206145966709347,766,763,15,0,748,739,23974,18,0,0,18,24
2020-10-09,US,Arkansas,Polk,304,4,0,34.48254879,-94.22728802,5113.0,1522.7409336806256,1.3157894736842106,300,302,4,0,298,297,20049,2,0,0,2,5
2020-10-09,US,Arkansas,Pope,2353,36,0,35.44871474,-93.03212219,5115.0,3672.431015108004,1.5299617509562258,2317,2332,36,0,2296,2286,64000,21,0,0,21,46
2020-10-09,US,Arkansas,Prairie,175,4,0,34.83624419,-91.55162157,5117.0,2170.677251302406,2.2857142857142856,171,174,4,0,170,169,8074,1,0,0,1,5
2020-10-09,US,Arkansas,Pulaski,10224,173,0,34.77054088,-92.31355101,5119.0,2608.755559297902,1.6920970266040691,10051,10130,169,0,9961,10014,392680,94,4,0,90,116
2020-10-09,US,Arkansas,Randolph,519,23,0,36.3415714,-91.02455531,5121.0,2890.0768459739393,4.431599229287091,496,502,23,0,479,491,17948,17,0,0,17,11
2020-10-09,US,Arkansas,Saline,2377,24,0,34.64916145,-92.67583224,5125.0,1941.4066009457924,1.0096760622633572,2353,2354,24,0,2330,2307,121421,23,0,0,23,47
2020-10-09,US,Arkansas,Scott,128,1,0,34.85588887,-94.0632176,5127.0,1245.0150763544402,0.78125,127,127,1,0,126,119,10319,1,0,0,1,8
2020-10-09,US,Arkansas,Searcy,163,1,0,35.9109364,-92.69936482,5129.0,2068.2654485471385,0.6134969325153374,162,161,1,0,160,157,7958,2,0,0,2,4
2020-10-09,US,Arkansas,Sebastian,4188,72,0,35.19605503,-94.27162713,5131.0,3276.3031284470417,1.7191977077363896,4116,4107,67,0,4040,4040,127753,81,5,0,76,67
2020-10-09,US,Arkansas,Sevier,1224,19,0,33.99780401,-94.2424869,5133.0,7197.036514376433,1.5522875816993464,1205,1221,19,0,1202,1218,17139,3,0,0,3,3
2020-10-09,US,Arkansas,Sharp,271,7,0,36.16258158,-91.47819342,5135.0,1553.7209035661047,2.5830258302583027,264,265,7,0,258,262,17366,6,0,0,6,3
2020-10-09,US,Arkansas,St. Francis,1583,8,0,35.02201976,-90.74828138,5123.0,6333.520044810754,0.505369551484523,1575,1576,8,0,1568,1570,25439,7,0,0,7,6
2020-10-09,US,Arkansas,Stone,377,17,0,35.86251946,-92.15684085,5137.0,3014.553014553015,4.509283819628648,360,373,16,0,357,373,12457,4,1,0,3,0
2020-10-09,US,Arkansas,Unassigned,1897,0,0,0.0,0.0,90005.0,0.0,0.0,1897,1901,0,0,1901,1930,,-4,0,0,-4,-29
2020-10-09,US,Arkansas,Union,1002,47,0,33.16887091,-92.59746952,5139.0,2590.352101752753,4.69061876247505,955,983,47,0,936,960,39126,19,0,0,19,23
2020-10-09,US,Arkansas,Van Buren,182,3,0,35.58095779,-92.51295036,5141.0,1100.0302206104564,1.6483516483516485,179,180,3,0,177,179,16603,2,0,0,2,1
2020-10-09,US,Arkansas,Washington,10280,123,0,35.976844,-94.21800746,5143.0,4297.892443987341,1.196498054474708,10157,10171,122,0,10049,10072,236961,109,1,0,108,99
2020-10-09,US,Arkansas,White,1073,30,0,35.25688493,-91.74908296,5145.0,1362.4877782433684,2.795899347623485,1043,1047,29,0,1018,1013,78727,26,1,0,25,34
2020-10-09,US,Arkansas,Woodruff,69,0,0,35.18902527,-91.2439489,5147.0,1091.772151898734,0.0,69,65,0,0,65,64,6490,4,0,0,4,1
2020-10-09,US,Arkansas,Yell,1291,30,0,35.00292371,-93.41171338,5149.0,6049.38850100745,2.323780015491866,1261,1288,30,0,1258,1283,21535,3,0,0,3,5
2020-10-09,US,California,Alameda,21942,440,0,37.64629437,-121.8929271,6001.0,1312.8474405697502,2.0052866648436787,21502,21938,440,0,21498,21845,1666753,4,0,0,4,93
2020-10-09,US,California,Alpine,3,0,0,38.59678594,-119.82235940000001,6003.0,265.72187776793623,0.0,3,3,0,0,3,3,1101,0,0,0,0,0
2020-10-09,US,California,Amador,302,16,0,38.44583082,-120.65696000000001,6005.0,759.7102032602133,5.298013245033113,286,302,16,0,286,301,39383,0,0,0,0,1
2020-10-09,US,California,Butte,2935,45,0,39.66727762,-121.6005252,6007.0,1339.0453769857565,1.5332197614991483,2890,2927,45,0,2882,2925,231256,8,0,0,8,2
2020-10-09,US,California,Calaveras,329,14,0,38.20537103,-120.55291299999999,6009.0,716.6975275024507,4.25531914893617,315,329,14,0,315,329,45602,0,0,0,0,0
2020-10-09,US,California,Colusa,541,6,0,39.17881957,-122.2331726,6011.0,2510.7903652480622,1.1090573012939002,535,541,6,0,535,540,21627,0,0,0,0,1
2020-10-09,US,California,Contra Costa,17478,227,0,37.91923498,-121.9289527,6013.0,1515.1804120583324,1.2987756036159743,17251,17420,224,0,17196,17365,1150215,58,3,0,55,55
2020-10-09,US,California,Del Norte,167,1,0,41.74228275,-123.89740630000001,6015.0,600.4602329929527,0.5988023952095808,166,160,1,0,159,155,27828,7,0,0,7,5
2020-10-09,US,California,El Dorado,1232,4,0,38.77965956,-120.5233166,6017.0,638.861664670224,0.3246753246753247,1228,1229,4,0,1225,1216,190678,3,0,0,3,13
2020-10-09,US,California,Fresno,29111,406,0,36.75733899,-119.6466953,6019.0,2913.71943377096,1.3946618116863039,28705,29069,406,0,28663,29136,994400,42,0,0,42,-67
2020-10-09,US,California,Glenn,623,3,0,39.59875897,-122.3938452,6021.0,2194.2027964639174,0.4815409309791333,620,621,3,0,618,618,28047,2,0,0,2,3
2020-10-09,US,California,Humboldt,529,8,0,40.69923009,-123.876044,6023.0,390.2388645450656,1.5122873345935728,521,528,8,0,520,527,136373,1,0,0,1,1
2020-10-09,US,California,Imperial,12145,329,0,33.0393082,-115.36690420000001,6025.0,6701.98383136054,2.7089337175792507,11816,12145,329,0,11816,12120,181827,0,0,0,0,25
2020-10-09,US,California,Inyo,201,15,0,36.51112084,-117.41119779999998,6027.0,1114.2524530184598,7.462686567164179,186,199,15,0,184,199,17987,2,0,0,2,0
2020-10-09,US,California,Kern,32741,387,0,35.34329425,-118.72777959999999,6029.0,3637.072568156925,1.1820042148987508,32354,32674,387,0,32287,32609,896764,67,0,0,67,65
2020-10-09,US,California,Kings,7968,82,0,36.07409056,-119.8159973,6031.0,5209.886229894076,1.0291164658634535,7886,7948,82,0,7866,7943,151366,20,0,0,20,5
2020-10-09,US,California,Lake,604,12,0,39.10124298,-122.75362439999999,6033.0,938.092131829901,1.9867549668874167,592,599,12,0,587,596,64382,5,0,0,5,3
2020-10-09,US,California,Lassen,751,0,0,40.67311306,-120.59350990000002,6035.0,2456.415791711641,0.0,751,751,0,0,751,748,30802,0,0,0,0,3
2020-10-09,US,California,Los Angeles,279909,6741,0,34.30828379,-118.22824109999999,6037.0,2788.186240070955,2.4082826918748594,273168,278665,6726,0,271939,277445,10105518,1244,15,0,1229,1220
2020-10-09,US,California,Madera,4748,71,0,37.21513971,-119.76655890000002,6039.0,3017.91809416057,1.4953664700926703,4677,4739,70,0,4669,4720,157672,9,1,0,8,19
2020-10-09,US,California,Marin,6854,124,0,38.07122463,-122.72106310000001,6041.0,2648.111086212359,1.809162532827546,6730,6828,124,0,6704,6821,259666,26,0,0,26,7
2020-10-09,US,California,Mariposa,77,2,0,37.57978556,-119.9073334,6043.0,447.5963494739289,2.5974025974025974,75,77,2,0,75,77,17471,0,0,0,0,0
2020-10-09,US,California,Mendocino,1030,21,0,39.4381191,-123.39113130000001,6045.0,1187.3335715685485,2.0388349514563107,1009,1025,21,0,1004,1021,87606,5,0,0,5,4
2020-10-09,US,California,Merced,9130,150,0,37.18922369,-120.72090349999999,6047.0,3287.9573609910685,1.642935377875137,8980,9111,149,0,8962,9090,274765,19,1,0,18,21
2020-10-09,US,California,Modoc,28,0,0,41.58965602,-120.7244817,6049.0,316.7062549485352,0.0,28,28,0,0,28,28,8777,0,0,0,0,0
2020-10-09,US,California,Mono,170,2,0,37.93899289,-118.8872409,6051.0,1176.9592910551096,1.1764705882352942,168,169,2,0,167,169,14250,1,0,0,1,0
2020-10-09,US,California,Monterey,10560,78,0,36.21862405,-121.24133970000001,6053.0,2432.8377808649016,0.7386363636363636,10482,10475,78,0,10397,10433,435594,85,0,0,85,42
2020-10-09,US,California,Napa,1779,13,0,38.50735751,-122.33283899999999,6055.0,1291.5263096759206,0.7307476110174255,1766,1774,13,0,1761,1770,139417,5,0,0,5,4
2020-10-09,US,California,Nevada,557,8,0,39.30394768,-120.76272809999999,6057.0,558.3680016039297,1.4362657091561941,549,554,7,0,547,553,99696,3,1,0,2,1
2020-10-09,US,California,Orange,55345,1316,0,33.70147516,-117.76459979999998,6059.0,1742.7697648260598,2.3778119071280157,54029,55183,1306,0,53877,55042,3185968,162,10,0,152,141
2020-10-09,US,California,Placer,3750,51,0,39.06167234,-120.72405690000001,6061.0,941.4328356710156,1.36,3699,3730,51,0,3679,3710,393149,20,0,0,20,20
2020-10-09,US,California,Plumas,52,0,0,40.00355989,-120.8395236,6063.0,276.49279523581646,0.0,52,52,0,0,52,52,18804,0,0,0,0,0
2020-10-09,US,California,Riverside,61824,1256,0,33.74314981,-115.9933578,6065.0,2502.442779855141,2.031573498964803,60568,61416,1248,0,60168,61133,2450758,408,8,0,400,283
2020-10-09,US,California,Sacramento,23523,447,0,38.45106826,-121.34253740000001,6067.0,1515.6005767825684,1.9002678229817624,23076,23420,445,0,22975,23363,1540975,103,2,0,101,57
2020-10-09,US,California,San Benito,1377,13,0,36.60308176,-121.069975,6069.0,2192.3958731371804,0.944081336238199,1364,1374,13,0,1361,1372,61537,3,0,0,3,2
2020-10-09,US,California,San Bernardino,57517,984,0,34.84060306,-116.1774685,6071.0,2638.2916262439308,1.710798546516682,56533,57203,974,0,56229,56823,2171603,314,10,0,304,380
2020-10-09,US,California,San Diego,49823,821,0,33.03484597,-116.73653259999999,6073.0,1492.4528132329638,1.6478333299881582,49002,49466,819,0,48647,49175,3343364,357,2,0,355,291
2020-10-09,US,California,San Francisco,11608,121,0,37.75215114,-122.43856720000001,6075.0,1316.7730891873282,1.0423845623707788,11487,11551,115,0,11436,11533,883305,57,6,0,51,18
2020-10-09,US,California,San Joaquin,20828,473,0,37.93433732,-121.2730061,6077.0,2732.8025527850227,2.270981371231035,20355,20828,473,0,20355,20779,752660,0,0,0,0,49
2020-10-09,US,California,San Luis Obispo,3815,31,0,35.38822029,-120.4039028,6079.0,1347.528001384616,0.8125819134993447,3784,3779,31,0,3748,3755,284010,36,0,0,36,24
2020-10-09,US,California,San Mateo,10452,155,0,37.422880799999994,-122.32755459999998,6081.0,1363.4709284047312,1.4829697665518562,10297,10395,154,0,10241,10347,769545,57,1,0,56,48
2020-10-09,US,California,Santa Barbara,9387,115,0,34.65329488,-120.0188492,6083.0,2102.356332265022,1.225098540534782,9272,9363,115,0,9248,9340,446527,24,0,0,24,23
2020-10-09,US,California,Santa Clara,22312,357,0,37.23104908,-121.6970462,6085.0,1157.350253027722,1.6000358551452134,21955,22154,354,0,21800,22056,1937570,158,3,0,155,98
2020-10-09,US,California,Santa Cruz,2552,19,0,37.05580291,-122.0066524,6087.0,934.0697550995012,0.7445141065830722,2533,2535,18,0,2517,2527,274255,17,1,0,16,8
2020-10-09,US,California,Shasta,1343,24,0,40.76391419,-122.0396884,6089.0,745.7796534873389,1.7870439314966493,1319,1268,24,0,1244,1242,180040,75,0,0,75,26
2020-10-09,US,California,Sierra,6,0,0,39.57713498,-120.52007009999998,6091.0,199.6672212978369,0.0,6,6,0,0,6,6,2987,0,0,0,0,0
2020-10-09,US,California,Siskiyou,173,0,0,41.59198861,-122.54074340000001,6093.0,397.3449091619008,0.0,173,172,0,0,172,171,43724,1,0,0,1,1
2020-10-09,US,California,Solano,6750,74,0,38.26827353,-121.9357113,6095.0,1507.8980348179239,1.0962962962962963,6676,6708,74,0,6634,6658,446610,42,0,0,42,50
2020-10-09,US,California,Sonoma,8270,126,0,38.52746429,-122.88625060000001,6097.0,1672.951191092698,1.5235792019347036,8144,8155,126,0,8029,8083,499942,115,0,0,115,72
2020-10-09,US,California,Stanislaus,16950,383,0,37.55862499,-120.9970722,6099.0,3078.1244324991826,2.259587020648968,16567,16886,381,0,16505,16804,549815,64,2,0,62,82
2020-10-09,US,California,Sutter,1771,12,0,39.03417539,-121.6945899,6101.0,1826.3192088356313,0.6775832862789385,1759,1770,12,0,1758,1767,96807,1,0,0,1,3
2020-10-09,US,California,Tehama,676,7,0,40.12570935,-122.23701709999999,6103.0,1038.6577346198758,1.0355029585798816,669,666,7,0,659,660,63916,10,0,0,10,6
2020-10-09,US,California,Trinity,25,0,0,40.64917670000001,-123.114713,6105.0,203.50020350020355,0.0,25,26,0,0,26,26,12535,-1,0,0,-1,0
2020-10-09,US,California,Tulare,16718,269,0,36.22026558,-118.8020203,6107.0,3586.05304647197,1.609044144036368,16449,16634,267,0,16367,16607,465861,84,2,0,82,27
2020-10-09,US,California,Tuolumne,235,4,0,38.02644018,-119.95250929999999,6109.0,431.3667902639598,1.702127659574468,231,234,4,0,230,233,54539,1,0,0,1,1
2020-10-09,US,California,Ventura,13399,157,0,34.44465746,-119.09106129999999,6111.0,1583.7949139840616,1.17172923352489,13242,13333,157,0,13176,13242,850967,66,0,0,66,91
2020-10-09,US,California,Yolo,2929,56,0,38.68278902,-121.90182879999999,6113.0,1328.344671201814,1.9119153294639808,2873,2918,56,0,2862,2909,220408,11,0,0,11,9
2020-10-09,US,California,Yuba,1222,10,0,39.26255932,-121.35356440000001,6115.0,1553.3635023135198,0.8183306055646481,1212,1217,10,0,1207,1211,78041,5,0,0,5,6
2020-10-09,US,Colorado,Adams,10406,240,0,39.87432092,-104.3362578,8001.0,2011.1282688565016,2.306361714395541,10166,10286,235,0,10051,10136,511868,120,5,0,115,150
2020-10-09,US,Colorado,Alamosa,259,9,0,37.57250606,-105.7885451,8003.0,1595.5153083225528,3.474903474903475,250,258,9,0,249,256,16683,1,0,0,1,2
2020-10-09,US,Colorado,Arapahoe,10080,375,0,39.64977461,-104.3353617,8005.0,1535.2046177980176,3.7202380952380953,9705,9995,375,0,9620,9909,651215,85,0,0,85,86
2020-10-09,US,Colorado,Archuleta,57,0,0,37.19474156,-107.04768670000001,8007.0,406.3012331598831,0.0,57,56,0,0,56,57,13765,1,0,0,1,-1
2020-10-09,US,Colorado,Baca,19,0,0,37.31940883,-102.5603223,8009.0,530.5780508237922,0.0,19,18,0,0,18,18,3585,1,0,0,1,0
2020-10-09,US,Colorado,Bent,11,0,0,37.95474293,-103.0720195,8011.0,197.23865877712032,0.0,11,11,0,0,11,11,5882,0,0,0,0,0
2020-10-09,US,Colorado,Boulder,4727,82,0,40.09313619,-105.3546767,8013.0,1449.128744681112,1.7347154643537128,4645,4705,81,0,4624,4662,326078,22,1,0,21,43
2020-10-09,US,Colorado,Broomfield,721,37,0,39.95998787,-105.0566324,8014.0,1023.2030085858228,5.131761442441055,684,716,37,0,679,708,69267,5,0,0,5,8
2020-10-09,US,Colorado,Chaffee,350,20,0,38.74745778,-106.19265729999998,8015.0,1719.3947730398902,5.7142857142857135,330,350,20,0,330,344,20027,0,0,0,0,6
2020-10-09,US,Colorado,Cheyenne,14,0,0,38.82777431,-102.6032558,8017.0,764.6095030038231,0.0,14,14,0,0,14,14,1876,0,0,0,0,0
2020-10-09,US,Colorado,Clear Creek,54,1,0,39.68864463,-105.6463118,8019.0,556.7010309278352,1.851851851851852,53,51,1,0,50,50,9605,3,0,0,3,1
2020-10-09,US,Colorado,Conejos,38,0,0,37.201606,-106.19174879999998,8021.0,463.1322364411944,0.0,38,38,0,0,38,37,8200,0,0,0,0,1
2020-10-09,US,Colorado,Costilla,33,1,0,37.27732493,-105.4276548,8023.0,848.9837921276047,3.0303030303030303,32,33,1,0,32,33,3828,0,0,0,0,0
2020-10-09,US,Colorado,Crowley,74,1,0,38.32608609,-103.7844965,8025.0,1220.9206401583895,1.351351351351351,73,74,1,0,73,74,5858,0,0,0,0,0
2020-10-09,US,Colorado,Custer,18,0,0,38.10883162,-105.3683478,8027.0,355.1696921862668,0.0,18,18,0,0,18,18,4954,0,0,0,0,0
2020-10-09,US,Colorado,Delta,192,3,0,38.86246243,-107.86313419999999,8029.0,616.1350362621141,1.5625,189,192,3,0,189,192,30953,0,0,0,0,0
2020-10-09,US,Colorado,Denver,14469,437,0,39.76018276,-104.87256950000001,8031.0,1989.6563720845807,3.0202501900615113,14032,14298,436,0,13862,14135,716492,171,1,0,170,163
2020-10-09,US,Colorado,Dolores,3,0,0,37.75208676,-108.5211585,8033.0,145.98540145985402,0.0,3,3,0,0,3,3,2074,0,0,0,0,0
2020-10-09,US,Colorado,Douglas,2944,63,0,39.33133796,-104.930001,8035.0,838.3786031199986,2.139945652173913,2881,2902,63,0,2839,2873,342776,42,0,0,42,29
2020-10-09,US,Colorado,Eagle,1304,10,0,39.62754308,-106.6933637,8037.0,2365.4470586101183,0.7668711656441718,1294,1291,10,0,1281,1287,54993,13,0,0,13,4
2020-10-09,US,Colorado,El Paso,7549,182,0,38.83240149,-104.5251411,8041.0,1047.8856973110885,2.410915353026891,7367,7459,182,0,7277,7342,713856,90,0,0,90,117
2020-10-09,US,Colorado,Elbert,172,3,0,39.28656773,-104.13587209999999,8039.0,643.4958285008793,1.7441860465116281,169,172,3,0,169,172,26282,0,0,0,0,0
2020-10-09,US,Colorado,Fremont,191,1,0,38.47362326,-105.43996670000001,8043.0,399.2558372875688,0.5235602094240838,190,190,1,0,189,189,48021,1,0,0,1,1
2020-10-09,US,Colorado,Garfield,993,5,0,39.59921777,-107.902708,8045.0,1653.319125555685,0.5035246727089627,988,990,5,0,985,985,59770,3,0,0,3,5
2020-10-09,US,Colorado,Gilpin,19,0,0,39.85646523,-105.5252597,8047.0,304.340861765177,0.0,19,19,0,0,19,19,6121,0,0,0,0,0
2020-10-09,US,Colorado,Grand,111,1,0,40.10603347,-106.11780420000001,8049.0,705.4785814160417,0.9009009009009008,110,108,1,0,107,106,15525,3,0,0,3,2
2020-10-09,US,Colorado,Gunnison,299,7,0,38.66611652,-107.0320729,8051.0,1712.2895430076737,2.34113712374582,292,298,7,0,291,297,17246,1,0,0,1,1
2020-10-09,US,Colorado,Hinsdale,3,0,0,37.82247444,-107.3004345,8053.0,365.8536585365854,0.0,3,3,0,0,3,3,811,0,0,0,0,0
2020-10-09,US,Colorado,Huerfano,26,1,0,37.68473101,-104.9612585,8055.0,376.97549659272147,3.8461538461538463,25,26,1,0,25,25,6889,0,0,0,0,1
2020-10-09,US,Colorado,Jackson,9,0,0,40.66593870000001,-106.3408905,8057.0,646.5517241379309,0.0,9,9,0,0,9,9,1399,0,0,0,0,0
2020-10-09,US,Colorado,Jefferson,6387,262,0,39.58635604,-105.2517692,8059.0,1095.7639724060314,4.102082354783153,6125,6316,261,0,6055,6222,580233,71,1,0,70,94
2020-10-09,US,Colorado,Kiowa,1,0,0,38.43260896,-102.7392145,8061.0,71.12375533428165,0.0,1,1,0,0,1,1,1383,0,0,0,0,0
2020-10-09,US,Colorado,Kit Carson,81,3,0,39.30497777,-102.60221990000001,8063.0,1141.32732140341,3.703703703703704,78,81,3,0,78,81,7163,0,0,0,0,0
2020-10-09,US,Colorado,La Plata,287,2,0,37.28632032,-107.8429014,8067.0,510.48540580921724,0.6968641114982579,285,282,2,0,280,276,56310,5,0,0,5,6
2020-10-09,US,Colorado,Lake,104,0,0,39.20278823,-106.35556969999999,8065.0,1279.685000615233,0.0,104,103,0,0,103,101,7824,1,0,0,1,2
2020-10-09,US,Colorado,Larimer,2992,55,0,40.66671597,-105.4625784,8069.0,838.3324133718503,1.8382352941176472,2937,2935,55,0,2880,2900,350518,57,0,0,57,35
2020-10-09,US,Colorado,Las Animas,28,0,0,37.3153406,-104.03764579999999,8071.0,193.0235764511237,0.0,28,27,0,0,27,25,14503,1,0,0,1,2
2020-10-09,US,Colorado,Lincoln,24,0,0,38.98749519,-103.51366490000001,8073.0,420.97877565339417,0.0,24,25,0,0,25,22,5610,-1,0,0,-1,3
2020-10-09,US,Colorado,Logan,979,7,0,40.7249637,-103.110817,8075.0,4368.780400731849,0.7150153217568948,972,962,7,0,955,961,21528,17,0,0,17,1
2020-10-09,US,Colorado,Mesa,766,7,0,39.01787888,-108.469799,8077.0,496.72524479605727,0.9138381201044388,759,744,7,0,737,724,153207,22,0,0,22,20
2020-10-09,US,Colorado,Mineral,20,0,0,37.66954283,-106.92816979999999,8079.0,2600.780234070221,0.0,20,20,0,0,20,20,776,0,0,0,0,0
2020-10-09,US,Colorado,Moffat,45,1,0,40.61810999,-108.2070876,8081.0,338.7788903109237,2.2222222222222223,44,45,1,0,44,45,13188,0,0,0,0,0
2020-10-09,US,Colorado,Montezuma,158,5,0,37.33859579,-108.59588570000001,8083.0,603.4449833861665,3.1645569620253164,153,157,5,0,152,151,26158,1,0,0,1,6
2020-10-09,US,Colorado,Montrose,393,13,0,38.40214114,-108.26390220000002,8085.0,919.1262453809813,3.307888040712468,380,391,13,0,378,390,42214,2,0,0,2,1
2020-10-09,US,Colorado,Morgan,775,48,0,40.26279810000001,-103.8093302,8087.0,2666.162102655841,6.193548387096773,727,770,48,0,722,766,28558,5,0,0,5,4
2020-10-09,US,Colorado,Otero,109,6,0,37.9014485,-103.7173385,8089.0,596.3453331874383,5.504587155963303,103,107,6,0,101,107,18432,2,0,0,2,0
2020-10-09,US,Colorado,Ouray,29,1,0,38.14717457,-107.7675136,8091.0,585.6219709208401,3.4482758620689653,28,30,1,0,29,30,4833,-1,0,0,-1,0
2020-10-09,US,Colorado,Park,61,1,0,39.120926000000004,-105.7182065,8093.0,323.6932873441231,1.639344262295082,60,59,1,0,58,59,18556,2,0,0,2,0
2020-10-09,US,Colorado,Phillips,33,0,0,40.59414277,-102.3577703,8095.0,773.7397420867526,0.0,33,33,0,0,33,33,4286,0,0,0,0,0
2020-10-09,US,Colorado,Pitkin,236,2,0,39.21720112,-106.9310027,8097.0,1328.3052850790787,0.8474576271186439,234,234,2,0,232,230,17950,2,0,0,2,4
2020-10-09,US,Colorado,Prowers,97,0,0,37.95544985,-102.3926052,8099.0,796.9109431482091,0.0,97,96,0,0,96,95,12164,1,0,0,1,1
2020-10-09,US,Colorado,Pueblo,1317,37,0,38.17359144,-104.5127437,8101.0,781.9550657863488,2.809415337889142,1280,1284,37,0,1247,1259,167529,33,0,0,33,25
2020-10-09,US,Colorado,Rio Blanco,26,0,0,39.97913541,-108.2179009,8103.0,411.13219481340917,0.0,26,26,0,0,26,26,6336,0,0,0,0,0
2020-10-09,US,Colorado,Rio Grande,102,2,0,37.5836865,-106.3847838,8105.0,905.2986598029644,1.96078431372549,100,99,2,0,97,99,11250,3,0,0,3,0
2020-10-09,US,Colorado,Routt,171,8,0,40.48596505,-106.9905548,8107.0,666.9787034870112,4.678362573099415,163,167,8,0,159,164,25733,4,0,0,4,3
2020-10-09,US,Colorado,Saguache,113,2,0,38.08054629,-106.28246599999999,8109.0,1655.9202813599065,1.7699115044247788,111,112,2,0,110,112,6843,1,0,0,1,0
2020-10-09,US,Colorado,San Juan,6,0,0,37.76248981,-107.67632890000002,8111.0,824.1758241758242,0.0,6,6,0,0,6,6,762,0,0,0,0,0
2020-10-09,US,Colorado,San Miguel,98,0,0,38.00450883,-108.4020725,8113.0,1198.1904878346984,0.0,98,96,0,0,96,95,8191,2,0,0,2,1
2020-10-09,US,Colorado,Sedgwick,15,1,0,40.87595412,-102.3519227,8115.0,667.2597864768683,6.666666666666668,14,15,1,0,14,15,2303,0,0,0,0,0
2020-10-09,US,Colorado,Summit,512,4,0,39.63803232,-106.1150762,8117.0,1651.0270549159977,0.78125,508,505,4,0,501,500,31007,7,0,0,7,5
2020-10-09,US,Colorado,Teller,181,4,0,38.88133511,-105.16148929999999,8119.0,712.9352449976367,2.209944751381216,177,180,4,0,176,180,25083,1,0,0,1,0
2020-10-09,US,Colorado,Washington,71,0,0,39.97015535,-103.202587,8121.0,1446.6177669111655,0.0,71,69,0,0,69,69,4909,2,0,0,2,0
2020-10-09,US,Colorado,Weld,5083,152,0,40.55499405,-104.39296209999999,8123.0,1566.4484794694476,2.9903600236081056,4931,5055,152,0,4903,5024,314305,28,0,0,28,31
2020-10-09,US,Colorado,Yuma,150,1,0,40.00346839,-102.4258673,8125.0,1497.155404731011,0.6666666666666666,149,146,1,0,145,147,10020,4,0,0,4,-1
2020-10-09,US,Connecticut,Fairfield,20752,1426,0,41.26809896,-73.3881171,9001.0,2199.861766589069,6.871626831148804,19326,20701,1425,0,19276,20612,943823,51,1,0,50,89
2020-10-09,US,Connecticut,Hartford,15520,1442,0,41.80283011,-72.73103891,9003.0,1740.4566455838155,9.291237113402063,14078,15434,1442,0,13992,15341,892697,86,0,0,86,93
2020-10-09,US,Connecticut,Litchfield,1919,141,0,41.7937534,-73.2451475,9005.0,1064.1424475830825,7.3475768629494524,1778,1916,141,0,1775,1915,181111,3,0,0,3,1
2020-10-09,US,Connecticut,Middlesex,1667,193,0,41.45949668,-72.53714864,9007.0,1026.2503385948928,11.577684463107376,1474,1652,193,0,1459,1635,162682,15,0,0,15,17
2020-10-09,US,Connecticut,New Haven,14877,1118,0,41.408032500000004,-72.93620426,9009.0,1740.494666905331,7.514955972306246,13759,14830,1117,0,13713,14749,857620,47,1,0,46,81
2020-10-09,US,Connecticut,New London,2570,126,0,41.48896435,-72.10430976,9011.0,969.0580152786888,4.9027237354085615,2444,2515,125,0,2390,2426,266784,55,1,0,54,89
2020-10-09,US,Connecticut,Tolland,1502,67,0,41.85853803,-72.3308481,9013.0,996.543281958055,4.460719041278296,1435,1494,67,0,1427,1484,150921,8,0,0,8,10
2020-10-09,US,Connecticut,Unassigned,123,0,0,0.0,0.0,90009.0,0.0,0.0,123,109,0,0,109,123,,14,0,0,14,-14
2020-10-09,US,Connecticut,Windham,1108,17,0,41.82972709,-71.98182316,9015.0,948.7763525200804,1.5342960288808665,1091,1097,17,0,1080,1079,117027,11,0,0,11,18
2020-10-09,US,Delaware,Kent,3190,118,0,39.08646628,-75.56884914,10001.0,1764.5171639396854,3.699059561128527,3072,3183,118,0,3065,3178,178550,7,0,0,7,5
2020-10-09,US,Delaware,New Castle,11399,323,0,39.57992638,-75.64054974,10003.0,2040.0785320168304,2.833581893148522,11076,11297,323,0,10974,11216,559335,102,0,0,102,81
2020-10-09,US,Delaware,Sussex,7148,210,0,38.66143781,-75.39031349,10005.0,3051.7664638702104,2.9378847229994403,6938,7112,210,0,6902,7066,229286,36,0,0,36,46
2020-10-09,US,Delaware,Unassigned,90,0,0,0.0,0.0,90010.0,0.0,0.0,90,90,0,0,90,90,,0,0,0,0,0
2020-10-09,US,District of Columbia,District of Columbia,15843,634,0,38.90417773,-77.01655992,11001.0,2244.8490894071406,4.001767342043805,15209,15765,634,0,15131,15652,702455,78,0,0,78,113
2020-10-09,US,Florida,Alachua,8817,68,0,29.67866525,-82.35928158,12001.0,3277.171307188814,0.7712373823295906,8749,8733,66,0,8667,8642,269956,84,2,0,82,91
2020-10-09,US,Florida,Baker,1604,15,0,30.33060121,-82.28467476,12003.0,5491.270112975009,0.9351620947630924,1589,1591,14,0,1577,1556,28355,13,1,0,12,35
2020-10-09,US,Florida,Bay,6268,120,0,30.26548745,-85.62122584,12005.0,3587.7622277553587,1.9144862795149968,6148,6249,117,0,6132,6227,185287,19,3,0,16,22
2020-10-09,US,Florida,Bradford,1166,10,0,29.95079741,-82.16611613,12007.0,4134.605155845537,0.8576329331046312,1156,1163,9,0,1154,1157,27732,3,1,0,2,6
2020-10-09,US,Florida,Brevard,9777,317,0,28.29409504,-80.73091022,12009.0,1624.2428672529913,3.2423033650404007,9460,9657,315,0,9342,9568,596849,120,2,0,118,89
2020-10-09,US,Florida,Broward,78795,1455,0,26.15184651,-80.48725556,12011.0,4035.020877949261,1.8465638682657528,77340,78614,1443,0,77171,78374,1951260,181,12,0,169,240
2020-10-09,US,Florida,Calhoun,638,14,0,30.40666734,-85.19394153,12013.0,4523.218716767104,2.19435736677116,624,636,14,0,622,634,14587,2,0,0,2,2
2020-10-09,US,Florida,Charlotte,3202,143,0,26.90131002,-81.92949121,12015.0,1694.9870308612567,4.465958775765147,3059,3186,142,0,3044,3175,184998,16,1,0,15,11
2020-10-09,US,Florida,Citrus,2914,115,0,28.84804315,-82.47614748,12017.0,1947.1190789605566,3.9464653397391896,2799,2898,112,0,2786,2883,147929,16,3,0,13,15
2020-10-09,US,Florida,Clay,5407,110,0,29.98319144,-81.85609986,12019.0,2466.1120537098864,2.0343998520436477,5297,5383,110,0,5273,5351,216072,24,0,0,24,32
2020-10-09,US,Florida,Collier,13139,234,0,26.11091986,-81.34687065,12021.0,3413.5961881206126,1.7809574549052438,12905,13089,232,0,12857,13010,378488,50,2,0,48,79
2020-10-09,US,Florida,Columbia,3966,62,0,30.22509788,-82.62160164,12023.0,5532.461010518095,1.5632879475542107,3904,3946,62,0,3884,3934,70503,20,0,0,20,12
2020-10-09,US,Florida,DeSoto,1597,27,0,27.18677893,-81.80941373,12027.0,4202.5209862898355,1.6906700062617408,1570,1593,27,0,1566,1590,37489,4,0,0,4,3
2020-10-09,US,Florida,Dixie,845,11,0,29.60631086,-83.15724673,12029.0,5021.98977772495,1.301775147928994,834,844,10,0,834,839,16700,1,1,0,0,5
2020-10-09,US,Florida,Duval,31669,474,0,30.33225875,-81.66976468,12031.0,3306.586757573701,1.4967318197606492,31195,31500,471,0,31029,31383,950181,169,3,0,166,117
2020-10-09,US,Florida,Escambia,12611,255,0,30.67652764,-87.37284571,12033.0,3961.78640093492,2.0220442470858773,12356,12588,254,0,12334,12551,315534,23,1,0,22,37
2020-10-09,US,Florida,Flagler,1838,31,0,29.45933576,-81.31508595,12035.0,1597.1359303447134,1.6866158868335146,1807,1831,31,0,1800,1812,112067,7,0,0,7,19
2020-10-09,US,Florida,Franklin,662,4,0,29.83791238,-84.82731662,12037.0,5459.79381443299,0.6042296072507553,658,658,4,0,654,651,11736,4,0,0,4,7
2020-10-09,US,Florida,Gadsden,2953,50,0,30.57796289,-84.61915825,12039.0,6467.36749890495,1.6931933626820184,2903,2940,49,0,2891,2921,45894,13,1,0,12,19
2020-10-09,US,Florida,Gilchrist,523,16,0,29.72856978,-82.79880657,12041.0,2814.5517167151006,3.0592734225621414,507,522,16,0,506,520,18256,1,0,0,1,2
2020-10-09,US,Florida,Glades,577,5,0,26.95635849,-81.18996211,12043.0,4177.829266526682,0.8665511265164645,572,577,5,0,572,553,13724,0,0,0,0,24
2020-10-09,US,Florida,Gulf,894,15,0,29.93543004,-85.24270990000002,12045.0,6554.732751668012,1.6778523489932886,879,893,15,0,878,890,16164,1,0,0,1,3
2020-10-09,US,Florida,Hamilton,879,8,0,30.49673973,-82.94998918,12047.0,6092.3204879401155,0.9101251422070534,871,875,8,0,867,873,14310,4,0,0,4,2
2020-10-09,US,Florida,Hardee,1439,11,0,27.49293939,-81.80956574,12049.0,5342.094516835579,0.7644197359277276,1428,1431,11,0,1420,1423,27245,8,0,0,8,8
2020-10-09,US,Florida,Hendry,2103,42,0,26.55386945,-81.16469006,12051.0,5004.521441149875,1.9971469329529243,2061,2099,40,0,2059,2094,41556,4,2,0,2,5
2020-10-09,US,Florida,Hernando,3311,146,0,28.55364461,-82.42700204,12053.0,1707.4051155115512,4.409543944427665,3165,3291,146,0,3145,3277,190865,20,0,0,20,14
2020-10-09,US,Florida,Highlands,2313,97,0,27.34254618,-81.34071957,12055.0,2177.5355155760158,4.1936878512754,2216,2291,97,0,2194,2285,105424,22,0,0,22,6
2020-10-09,US,Florida,Hillsborough,43808,691,0,27.9276559,-82.32013172,12057.0,2976.151655470771,1.5773374726077432,43117,43578,685,0,42893,43304,1436888,230,6,0,224,274
2020-10-09,US,Florida,Holmes,784,9,0,30.86747479,-85.81319222,12059.0,3996.5336188000206,1.1479591836734695,775,781,9,0,772,774,19477,3,0,0,3,7
2020-10-09,US,Florida,Indian River,3416,119,0,27.69308961,-80.60556721,12061.0,2136.027963457414,3.4836065573770494,3297,3392,119,0,3273,3362,157413,24,0,0,24,30
2020-10-09,US,Florida,Jackson,2932,83,0,30.795459700000002,-85.21500423,12063.0,6317.059507907097,2.830832196452933,2849,2927,82,0,2845,2904,48305,5,1,0,4,23
2020-10-09,US,Florida,Jefferson,586,9,0,30.43669112,-83.89442308,12065.0,4113.435350273761,1.5358361774744027,577,576,9,0,567,570,14288,10,0,0,10,6
2020-10-09,US,Florida,Lafayette,1248,15,0,29.98484137,-83.18166636,12067.0,14818.332937544526,1.2019230769230769,1233,1244,13,0,1231,1243,8732,4,2,0,2,1
2020-10-09,US,Florida,Lake,7862,202,0,28.76202069,-81.7125123,12069.0,2141.5457700248967,2.569320783515645,7660,7818,202,0,7616,7770,356495,44,0,0,44,48
2020-10-09,US,Florida,Lee,21175,481,0,26.58410348,-81.88399313,12071.0,2747.9408287555952,2.271546635182999,20694,21089,479,0,20610,20944,754610,86,2,0,84,145
2020-10-09,US,Florida,Leon,11132,90,0,30.45955727,-84.27491114,12073.0,3791.7855999346007,0.8084800574919152,11042,11064,90,0,10974,10973,292502,68,0,0,68,91
2020-10-09,US,Florida,Levy,1075,10,0,29.31829741,-82.74007147,12075.0,2590.17420427439,0.9302325581395348,1065,1072,10,0,1062,1063,40770,3,0,0,3,9
2020-10-09,US,Florida,Liberty,520,9,0,30.23766008,-84.8829258,12077.0,6224.563083552789,1.7307692307692308,511,520,8,0,512,519,8457,0,1,0,-1,1
2020-10-09,US,Florida,Madison,1035,22,0,30.44396917,-83.47398594,12079.0,5596.712269507381,2.1256038647343,1013,1034,20,0,1014,1030,18529,1,2,0,-1,4
2020-10-09,US,Florida,Manatee,11999,300,0,27.47196942,-82.31831044,12081.0,2975.5513288183843,2.500208350695891,11699,11943,300,0,11643,11878,394855,56,0,0,56,65
2020-10-09,US,Florida,Marion,10102,317,0,29.21227113,-82.05803627,12083.0,2763.2878256136155,3.1379924767372795,9785,10075,313,0,9762,10024,359977,27,4,0,23,51
2020-10-09,US,Florida,Martin,5050,145,0,27.0772071,-80.43109784,12085.0,3136.6459627329186,2.871287128712871,4905,5030,144,0,4886,5011,160912,20,1,0,19,19
2020-10-09,US,Florida,Miami-Dade,174112,3409,0,25.6112362,-80.55170587,12086.0,6408.385904731058,1.95793512222018,170703,173721,3387,0,170334,173280,2761581,391,22,0,369,441
2020-10-09,US,Florida,Monroe,1927,24,0,25.20904673,-81.07812416,12087.0,2596.0553968852723,1.2454592631032693,1903,1914,23,0,1891,1895,75027,13,1,0,12,19
2020-10-09,US,Florida,Nassau,2224,49,0,30.61037141,-81.80297522,12089.0,2509.449929478138,2.2032374100719423,2175,2218,48,0,2170,2211,85832,6,1,0,5,7
2020-10-09,US,Florida,Okaloosa,5323,122,0,30.69143028,-86.59267105,12091.0,2525.8852224088682,2.2919406349802744,5201,5265,122,0,5143,5232,207269,58,0,0,58,33
2020-10-09,US,Florida,Okeechobee,1631,32,0,27.386336199999995,-80.88944347,12093.0,3867.861885790173,1.9619865113427344,1599,1624,30,0,1594,1614,41537,7,2,0,5,10
2020-10-09,US,Florida,Orange,41822,502,0,28.51367621,-81.31799498,12095.0,3001.3233322712226,1.2003251877002534,41320,41571,495,0,41076,41409,1380645,251,7,0,244,162
2020-10-09,US,Florida,Osceola,13023,172,0,28.06312234,-81.14882926,12097.0,3465.8590396299683,1.3207402288259231,12851,12957,170,0,12787,12899,367990,66,2,0,64,58
2020-10-09,US,Florida,Palm Beach,47648,1425,0,26.64676272,-80.46536002,12099.0,3183.38822932047,2.9906816655473474,46223,47525,1416,0,46109,47384,1485941,123,9,0,114,141
2020-10-09,US,Florida,Pasco,9720,216,0,28.30810945,-82.40227529,12101.0,1754.6805019252743,2.2222222222222223,9504,9652,216,0,9436,9569,539630,68,0,0,68,83
2020-10-09,US,Florida,Pinellas,22910,780,0,27.93130349,-82.72239666,12103.0,2349.75322975684,3.4046268005237885,22130,22822,776,0,22046,22697,975280,88,4,0,84,125
2020-10-09,US,Florida,Polk,20929,552,0,27.95027105,-81.69732947,12105.0,2887.64682102219,2.6374886521095133,20377,20814,549,0,20265,20687,708009,115,3,0,112,127
2020-10-09,US,Florida,Putnam,2190,43,0,29.60779729,-81.74230285,12107.0,2938.768937614901,1.9634703196347032,2147,2177,43,0,2134,2165,74163,13,0,0,13,12
2020-10-09,US,Florida,Santa Rosa,5514,82,0,30.69341450000001,-87.02458128,12113.0,2991.650073516247,1.4871236851650345,5432,5490,80,0,5410,5477,179349,24,2,0,22,13
2020-10-09,US,Florida,Sarasota,8564,280,0,27.18546175,-82.33174248,12115.0,1974.445638190445,3.2695002335357315,8284,8518,278,0,8240,8457,426718,46,2,0,44,61
2020-10-09,US,Florida,Seminole,9377,232,0,28.7158582,-81.24060348,12117.0,1987.3851801299634,2.4741388503785857,9145,9343,230,0,9113,9309,467832,34,2,0,32,34
2020-10-09,US,Florida,St. Johns,5640,76,0,29.90096506,-81.43589967,12109.0,2130.939426913312,1.3475177304964538,5564,5618,76,0,5542,5589,254261,22,0,0,22,29
2020-10-09,US,Florida,St. Lucie,8326,298,0,27.37763908,-80.47106649,12111.0,2536.118210035425,3.5791496516934904,8028,8299,297,0,8002,8269,321128,27,1,0,26,30
2020-10-09,US,Florida,Sumter,2612,76,0,28.70181754,-82.0794267,12119.0,1972.5117051804864,2.909647779479326,2536,2593,75,0,2518,2495,128754,19,1,0,18,98
2020-10-09,US,Florida,Suwannee,2819,73,0,30.19746066,-82.99099670000003,12121.0,6346.669068149583,2.5895707697765165,2746,2807,73,0,2734,2795,44191,12,0,0,12,12
2020-10-09,US,Florida,Taylor,1382,14,0,30.04848048,-83.60445406,12123.0,6407.3438731512815,1.0130246020260492,1368,1370,14,0,1356,1364,21623,12,0,0,12,6
2020-10-09,US,Florida,Unassigned,1844,0,0,0.0,0.0,90012.0,0.0,0.0,1844,1830,0,0,1830,1821,,14,0,0,14,9
2020-10-09,US,Florida,Union,1016,24,0,30.04412971,-82.37497443,12125.0,6667.979261009386,2.3622047244094486,992,1012,23,0,989,1009,14940,4,1,0,3,3
2020-10-09,US,Florida,Volusia,11378,284,0,29.05858895,-81.18263252,12127.0,2056.448406243448,2.4960449991211107,11094,11325,280,0,11045,11235,547538,53,4,0,49,90
2020-10-09,US,Florida,Wakulla,1180,11,0,30.16548905,-84.39895211,12129.0,3497.436201428614,0.9322033898305084,1169,1178,11,0,1167,1169,32461,2,0,0,2,9
2020-10-09,US,Florida,Walton,2072,29,0,30.64204028,-86.16935664,12131.0,2797.316088617677,1.3996138996138996,2043,2045,29,0,2016,2034,71375,27,0,0,27,11
2020-10-09,US,Florida,Washington,1107,24,0,30.61359259,-85.66002461,12133.0,4345.777882463784,2.168021680216802,1083,1104,24,0,1080,1100,24880,3,0,0,3,4
2020-10-09,US,Georgia,Appling,1093,34,0,31.74847232,-82.28909114,13001.0,5944.740563472207,3.110704483074108,1059,1087,33,0,1054,1080,18507,6,1,0,5,7
2020-10-09,US,Georgia,Atkinson,456,4,0,31.29633502,-82.87545866,13003.0,5584.813227189223,0.8771929824561403,452,452,4,0,448,451,8297,4,0,0,4,1
2020-10-09,US,Georgia,Bacon,612,14,0,31.55456473,-82.45936528,13005.0,5481.906126836259,2.2875816993464047,598,613,14,0,599,610,11185,-1,0,0,-1,3
2020-10-09,US,Georgia,Baker,85,6,0,31.32669878,-84.44218806,13007.0,2797.8933508887426,7.0588235294117645,79,85,5,0,80,84,3092,0,1,0,-1,1
2020-10-09,US,Georgia,Baldwin,2189,61,0,33.06882326,-83.24701748,13009.0,4876.3644464245945,2.7866605756053,2128,2177,61,0,2116,2165,44823,12,0,0,12,12
2020-10-09,US,Georgia,Banks,519,8,0,34.35607081,-83.49644388,13011.0,2698.346677758137,1.5414258188824663,511,514,8,0,506,509,18988,5,0,0,5,5
2020-10-09,US,Georgia,Barrow,2358,47,0,33.99148694,-83.71436292,13013.0,2832.7727054300817,1.9932145886344361,2311,2342,47,0,2295,2325,80809,16,0,0,16,17
2020-10-09,US,Georgia,Bartow,3107,90,0,34.23732119,-84.83887523,13015.0,2883.847853125174,2.8966849050531067,3017,3083,89,0,2994,3057,106408,24,1,0,23,26
2020-10-09,US,Georgia,Ben Hill,824,27,0,31.76095874,-83.22145359,13017.0,4934.131736526946,3.2766990291262137,797,818,26,0,792,814,16787,6,1,0,5,4
2020-10-09,US,Georgia,Berrien,468,12,0,31.27590016,-83.22529920000002,13019.0,2412.7442387998144,2.5641025641025643,456,466,12,0,454,465,19252,2,0,0,2,1
2020-10-09,US,Georgia,Bibb,6247,186,0,32.80904227,-83.70489165,13021.0,4078.767816452184,2.97742916599968,6061,6215,183,0,6032,6195,153095,32,3,0,29,20
2020-10-09,US,Georgia,Bleckley,454,21,0,32.43829035,-83.33035166,13023.0,3526.7614386700848,4.625550660792952,433,443,21,0,422,456,12838,11,0,0,11,-13
2020-10-09,US,Georgia,Brantley,363,11,0,31.19576557,-81.97743999,13025.0,1899.6284473284838,3.0303030303030303,352,358,11,0,347,356,18897,5,0,0,5,2
2020-10-09,US,Georgia,Brooks,530,26,0,30.83922642,-83.58303423,13027.0,3428.867179918483,4.90566037735849,504,529,26,0,503,529,15513,1,0,0,1,0
2020-10-09,US,Georgia,Bryan,1207,13,0,32.00979311,-81.44002948,13029.0,3045.9030459030464,1.077050538525269,1194,1197,13,0,1184,1191,38109,10,0,0,10,6
2020-10-09,US,Georgia,Bulloch,2947,31,0,32.39577406,-81.74811421,13031.0,3701.8892573610688,1.0519172039362064,2916,2942,29,0,2913,2940,77296,5,2,0,3,2
2020-10-09,US,Georgia,Burke,849,11,0,33.05917989,-81.99928721,13033.0,3793.057230934192,1.2956419316843346,838,847,10,0,837,852,22423,2,1,0,1,-5
2020-10-09,US,Georgia,Butts,713,43,0,33.283094500000004,-83.95435040000002,13035.0,2859.3198588386267,6.03085553997195,670,711,43,0,668,711,24193,2,0,0,2,0
2020-10-09,US,Georgia,Calhoun,252,10,0,31.53169785,-84.62725131,13037.0,4071.7401841977703,3.968253968253968,242,251,9,0,242,251,6352,1,1,0,0,0
2020-10-09,US,Georgia,Camden,1344,16,0,30.92951916,-81.66601818,13039.0,2458.566567884974,1.1904761904761905,1328,1341,16,0,1325,1338,53677,3,0,0,3,3
2020-10-09,US,Georgia,Candler,485,22,0,32.40209349,-82.07702563,13043.0,4489.493659168749,4.536082474226804,463,480,22,0,458,478,10836,5,0,0,5,2
2020-10-09,US,Georgia,Carroll,2954,71,0,33.58138199,-85.07976677,13045.0,2461.830788719248,2.4035206499661474,2883,2933,70,0,2863,2909,118121,21,1,0,20,24
2020-10-09,US,Georgia,Catoosa,1280,19,0,34.89872298,-85.13757014,13047.0,1894.051494525008,1.484375,1261,1262,19,0,1243,1255,67420,18,0,0,18,7
2020-10-09,US,Georgia,Charlton,642,9,0,30.78371028,-82.13951596,13049.0,4793.906810035843,1.4018691588785046,633,643,9,0,634,642,12968,-1,0,0,-1,1
2020-10-09,US,Georgia,Chatham,8809,173,0,32.00043026,-81.12489526,13051.0,3043.5683930484056,1.9639005562492904,8636,8755,172,0,8583,8739,289195,54,1,0,53,16
2020-10-09,US,Georgia,Chattahoochee,1697,1,0,32.34341231,-84.78809239,13053.0,15558.815439625927,0.05892751915144372,1696,1697,1,0,1696,1694,10684,0,0,0,0,3
2020-10-09,US,Georgia,Chattooga,831,24,0,34.47197698,-85.34535662,13055.0,3352.293355923999,2.888086642599278,807,827,23,0,804,822,24790,4,1,0,3,5
2020-10-09,US,Georgia,Cherokee,6393,96,0,34.24393976,-84.47431861,13057.0,2470.5050372334053,1.5016424213984043,6297,6359,94,0,6265,6335,254149,34,2,0,32,24
2020-10-09,US,Georgia,Clarke,5307,45,0,33.95436462,-83.37124007,13059.0,4135.399864413119,0.8479366873940078,5262,5271,45,0,5226,5249,127330,36,0,0,36,22
2020-10-09,US,Georgia,Clay,121,3,0,31.62221166,-84.97713865,13061.0,4269.583627381792,2.479338842975207,118,121,3,0,118,121,2887,0,0,0,0,0
2020-10-09,US,Georgia,Clayton,7347,167,0,33.54187245,-84.35594188,13063.0,2513.891930362422,2.273036613583776,7180,7289,165,0,7124,7245,289615,58,2,0,56,44
2020-10-09,US,Georgia,Clinch,399,11,0,30.91395822,-82.70432472,13065.0,6029.011786038078,2.7568922305764407,388,397,11,0,386,392,6648,2,0,0,2,5
2020-10-09,US,Georgia,Cobb,20367,437,0,33.94243204,-84.5761255,13067.0,2679.371327161671,2.145627731133697,19930,20294,437,0,19857,20224,756865,73,0,0,73,70
2020-10-09,US,Georgia,Coffee,2141,55,0,31.54892966,-82.85492059999999,13069.0,4947.65789291244,2.5688930406352166,2086,2130,54,0,2076,2121,43093,11,1,0,10,9
2020-10-09,US,Georgia,Colquitt,1966,37,0,31.18810588,-83.7677946,13071.0,4311.4035087719285,1.8819938962360119,1929,1954,37,0,1917,1947,45592,12,0,0,12,7
2020-10-09,US,Georgia,Columbia,3947,61,0,33.54534185,-82.263524,13073.0,2518.6007631736793,1.5454775779072714,3886,3925,61,0,3864,3902,154291,22,0,0,22,23
2020-10-09,US,Georgia,Cook,561,14,0,31.16068491,-83.42947229,13075.0,3248.407643312101,2.4955436720142603,547,558,14,0,544,557,17162,3,0,0,3,1
2020-10-09,US,Georgia,Coweta,2718,55,0,33.35334302,-84.76129976,13077.0,1830.192109569117,2.0235467255334805,2663,2707,52,0,2655,2699,145864,11,3,0,8,8
2020-10-09,US,Georgia,Crawford,177,6,0,32.71391813,-83.98061238,13079.0,1426.9590454692036,3.3898305084745757,171,175,5,0,170,171,12318,2,1,0,1,4
2020-10-09,US,Georgia,Crisp,601,19,0,31.92289565,-83.76811843,13081.0,2686.3937064187376,3.1613976705490847,582,599,19,0,580,593,22601,2,0,0,2,6
2020-10-09,US,Georgia,Dade,301,5,0,34.854916700000004,-85.50490424,13083.0,1867.7091089600399,1.6611295681063123,296,300,5,0,295,297,16226,1,0,0,1,3
2020-10-09,US,Georgia,Dawson,855,9,0,34.44244079,-84.16964071,13085.0,3274.858280986671,1.0526315789473684,846,852,9,0,843,849,25083,3,0,0,3,3
2020-10-09,US,Georgia,DeKalb,19571,378,0,33.76944049,-84.22396017,13089.0,2577.515781044835,1.9314291553829648,19193,19473,375,0,19098,19389,756558,98,3,0,95,84
2020-10-09,US,Georgia,Decatur,1230,33,0,30.87967778,-84.57619536,13087.0,4658.385093167702,2.6829268292682933,1197,1229,33,0,1196,1219,26575,1,0,0,1,10
2020-10-09,US,Georgia,Dodge,449,12,0,32.17265114,-83.16948926,13091.0,2179.082746906091,2.67260579064588,437,445,12,0,433,444,20705,4,0,0,4,1
2020-10-09,US,Georgia,Dooly,350,14,0,32.15630737,-83.79746561,13093.0,2613.890963405527,4.0,336,348,14,0,334,348,13706,2,0,0,2,0
2020-10-09,US,Georgia,Dougherty,3204,188,0,31.53328528,-84.21722377,13095.0,3642.730456137159,5.867665418227216,3016,3192,188,0,3004,3187,91243,12,0,0,12,5
2020-10-09,US,Georgia,Douglas,3779,70,0,33.70291126,-84.77026156,13097.0,2582.289552626364,1.8523418893887271,3709,3761,70,0,3691,3747,145331,18,0,0,18,14
2020-10-09,US,Georgia,Early,516,33,0,31.32155345,-84.90255207,13099.0,5063.788027477921,6.395348837209302,483,516,33,0,483,514,10247,0,0,0,0,2
2020-10-09,US,Georgia,Echols,243,2,0,30.71101099,-82.89687287,13101.0,6065.901148277584,0.8230452674897121,241,243,2,0,241,243,4000,0,0,0,0,0
2020-10-09,US,Georgia,Effingham,1550,28,0,32.36616021,-81.34280942,13103.0,2410.7253950479035,1.8064516129032255,1522,1540,27,0,1513,1531,62190,10,1,0,9,9
2020-10-09,US,Georgia,Elbert,712,6,0,34.11302332,-82.83936148,13105.0,3709.4925497551317,0.8426966292134831,706,707,5,0,702,705,19120,5,1,0,4,2
2020-10-09,US,Georgia,Emanuel,1125,34,0,32.59221302,-82.30239915,13107.0,4967.764726662545,3.0222222222222217,1091,1123,32,0,1091,1119,22612,2,2,0,0,4
2020-10-09,US,Georgia,Evans,439,6,0,32.15328841,-81.8870105,13109.0,4120.518115261873,1.366742596810934,433,436,6,0,430,436,10721,3,0,0,3,0
2020-10-09,US,Georgia,Fannin,739,27,0,34.86430205,-84.316964,13111.0,2821.9031617534747,3.653585926928281,712,731,27,0,704,730,25964,8,0,0,8,1
2020-10-09,US,Georgia,Fayette,1954,51,0,33.41357794,-84.49089434,13113.0,1707.7284764160424,2.610030706243603,1903,1947,52,0,1895,1937,113459,7,-1,0,8,10
2020-10-09,US,Georgia,Floyd,3393,48,0,34.26268279,-85.21577392,13115.0,3444.739994720705,1.4146772767462423,3345,3374,48,0,3326,3357,97927,19,0,0,19,17
2020-10-09,US,Georgia,Forsyth,4334,47,0,34.22604035,-84.12315129999998,13117.0,1774.3969343137414,1.0844485463774804,4287,4312,47,0,4265,4286,236612,22,0,0,22,26
2020-10-09,US,Georgia,Franklin,801,15,0,34.37525597,-83.23159927,13119.0,3430.553771039445,1.8726591760299625,786,789,14,0,775,783,23023,12,1,0,11,6
2020-10-09,US,Georgia,Fulton,28834,588,0,33.79216944,-84.46319413,13121.0,2710.1228738167765,2.039259207879587,28246,28581,583,0,27998,28392,1050114,253,5,0,248,189
2020-10-09,US,Georgia,Gilmer,905,13,0,34.69316688,-84.45802506,13123.0,2885.013867193726,1.4364640883977902,892,895,14,0,881,889,30816,10,-1,0,11,6
2020-10-09,US,Georgia,Glascock,40,2,0,33.22879932,-82.61297636,13125.0,1346.348030966005,5.0,38,40,2,0,38,40,2995,0,0,0,0,0
2020-10-09,US,Georgia,Glynn,3545,98,0,31.23279254,-81.53811412,13127.0,4156.310087698729,2.764456981664316,3447,3541,98,0,3443,3531,85219,4,0,0,4,10
2020-10-09,US,Georgia,Gordon,1965,40,0,34.50487351,-84.87296253,13129.0,3390.0936804513226,2.0356234096692107,1925,1948,40,0,1908,1935,57685,17,0,0,17,13
2020-10-09,US,Georgia,Grady,823,23,0,30.87454847,-84.23418364,13131.0,3341.046563552957,2.794653705953828,800,822,23,0,799,814,24748,1,0,0,1,8
2020-10-09,US,Georgia,Greene,536,25,0,33.5769205,-83.17139104,13133.0,2925.1255184457536,4.664179104477612,511,532,25,0,507,532,17698,4,0,0,4,0
2020-10-09,US,Georgia,Gwinnett,28593,422,0,33.96044201,-84.02137802,13135.0,3053.9919893190918,1.4758857062917496,28171,28461,421,0,28040,28328,927781,132,1,0,131,133
2020-10-09,US,Georgia,Habersham,1766,71,0,34.63331566,-83.53094677,13137.0,3896.046593716908,4.020385050962627,1695,1758,71,0,1687,1752,45388,8,0,0,8,6
2020-10-09,US,Georgia,Hall,9848,161,0,34.32207823,-83.81896936,13139.0,4817.03767835219,1.6348497156783104,9687,9773,160,0,9613,9733,202148,75,1,0,74,40
2020-10-09,US,Georgia,Hancock,402,43,0,33.2721566,-82.99766919,13141.0,4753.4586732884,10.696517412935323,359,402,43,0,359,400,8348,0,0,0,0,2
2020-10-09,US,Georgia,Haralson,541,9,0,33.79602175,-85.21005667,13143.0,1815.9237379162191,1.6635859519408502,532,538,9,0,529,524,29533,3,0,0,3,14
2020-10-09,US,Georgia,Harris,807,22,0,32.73709786,-84.90538572,13145.0,2290.271313429447,2.7261462205700124,785,807,22,0,785,806,34475,0,0,0,0,1
2020-10-09,US,Georgia,Hart,540,13,0,34.34626973,-82.96567682,13147.0,2060.67544361763,2.4074074074074074,527,535,13,0,522,534,26099,5,0,0,5,1
2020-10-09,US,Georgia,Heard,202,6,0,33.29686567,-85.12886832,13149.0,1694.2044787385723,2.9702970297029703,196,201,6,0,195,201,11879,1,0,0,1,0
2020-10-09,US,Georgia,Henry,5587,106,0,33.4533428,-84.14814659999998,13151.0,2381.8963936886357,1.8972614999105064,5481,5551,106,0,5445,5510,230220,36,0,0,36,41
2020-10-09,US,Georgia,Houston,3270,85,0,32.45802497,-83.66879087,13153.0,2071.4163546872924,2.599388379204893,3185,3250,84,0,3166,3232,155469,20,1,0,19,18
2020-10-09,US,Georgia,Irwin,334,6,0,31.60213036,-83.27501387,13155.0,3547.1537807986406,1.7964071856287425,328,332,7,0,325,332,9398,2,-1,0,3,0
2020-10-09,US,Georgia,Jackson,2125,35,0,34.13794553,-83.56814788,13157.0,2911.876344601724,1.6470588235294117,2090,2106,36,0,2070,2095,70422,19,-1,0,20,11
2020-10-09,US,Georgia,Jasper,230,3,0,33.31535543,-83.68844964,13159.0,1617.5539770729306,1.3043478260869563,227,229,4,0,225,228,14040,1,-1,0,2,1
2020-10-09,US,Georgia,Jeff Davis,744,22,0,31.80405727,-82.63724870000001,13161.0,4922.262652993715,2.956989247311828,722,740,22,0,718,734,15029,4,0,0,4,6
2020-10-09,US,Georgia,Jefferson,823,30,0,33.05867328,-82.41609057,13163.0,5357.375341752376,3.6452004860267313,793,818,30,0,788,818,15430,5,0,0,5,0
2020-10-09,US,Georgia,Jenkins,451,30,0,32.79248718,-81.96040187,13165.0,5198.2480405716915,6.651884700665189,421,450,30,0,420,444,8683,1,0,0,1,6
2020-10-09,US,Georgia,Johnson,426,22,0,32.70211082,-82.66166794,13167.0,4417.712330187701,5.164319248826291,404,424,22,0,402,422,9708,2,0,0,2,2
2020-10-09,US,Georgia,Jones,592,13,0,33.02512137,-83.56019163,13169.0,2060.205324517139,2.195945945945946,579,588,12,0,576,586,28616,4,1,0,3,2
2020-10-09,US,Georgia,Lamar,388,19,0,33.07841647,-84.14263877,13171.0,2033.8627666823925,4.896907216494847,369,386,19,0,367,383,19000,2,0,0,2,3
2020-10-09,US,Georgia,Lanier,301,7,0,31.03828570000001,-83.06472457,13173.0,2887.844190732035,2.3255813953488373,294,301,6,0,295,301,10340,0,1,0,-1,0
2020-10-09,US,Georgia,Laurens,1808,80,0,32.46325233,-82.92221316,13175.0,3802.633239389223,4.424778761061948,1728,1786,79,0,1707,1763,47325,22,1,0,21,23
2020-10-09,US,Georgia,Lee,724,26,0,31.779330600000005,-84.14324253,13177.0,2413.97706054948,3.591160220994475,698,720,26,0,694,718,29764,4,0,0,4,2
2020-10-09,US,Georgia,Liberty,1161,24,0,31.82588896,-81.49251135,13179.0,1889.8022299991865,2.0671834625323,1137,1150,23,0,1127,1149,61497,11,1,0,10,1
2020-10-09,US,Georgia,Lincoln,217,7,0,33.79201475,-82.45024131,13181.0,2739.5530867314733,3.2258064516129035,210,217,7,0,210,215,7915,0,0,0,0,2
2020-10-09,US,Georgia,Long,260,4,0,31.75218791,-81.74952375,13183.0,1329.3113144843805,1.5384615384615383,256,260,4,0,256,257,18998,0,0,0,0,3
2020-10-09,US,Georgia,Lowndes,4093,85,0,30.83568832,-83.27056716,13185.0,3486.193209887059,2.076716344979233,4008,4065,85,0,3980,4047,116321,28,0,0,28,18
2020-10-09,US,Georgia,Lumpkin,958,14,0,34.57286511,-84.00425681,13187.0,2850.3421600714073,1.4613778705636744,944,952,14,0,938,947,32955,6,0,0,6,5
2020-10-09,US,Georgia,Macon,238,10,0,32.35207048,-84.04234127,13193.0,1838.2636904302155,4.201680672268908,228,238,10,0,228,238,13143,0,0,0,0,0
2020-10-09,US,Georgia,Madison,731,9,0,34.12920917,-83.21218732,13195.0,2446.4524765729584,1.2311901504787959,722,725,9,0,716,724,29650,6,0,0,6,1
2020-10-09,US,Georgia,Marion,194,9,0,32.3483402,-84.52733571,13197.0,2320.851776528293,4.639175257731959,185,194,9,0,185,193,8351,0,0,0,0,1
2020-10-09,US,Georgia,McDuffie,632,14,0,33.47851918,-82.48252774,13189.0,2965.465465465465,2.2151898734177213,618,626,14,0,612,621,21531,6,0,0,6,5
2020-10-09,US,Georgia,McIntosh,298,7,0,31.49683595,-81.40163426,13191.0,2072.610933370427,2.348993288590604,291,297,7,0,290,297,14340,1,0,0,1,0
2020-10-09,US,Georgia,Meriwether,560,14,0,33.04163534,-84.68859732,13199.0,2645.6276279113713,2.5,546,560,14,0,546,560,21068,0,0,0,0,0
2020-10-09,US,Georgia,Miller,289,2,0,31.16568912,-84.73151117,13201.0,5054.214760405736,0.6920415224913494,287,288,2,0,286,286,5686,1,0,0,1,2
2020-10-09,US,Georgia,Mitchell,832,45,0,31.22483255,-84.19381821,13205.0,3805.516168869779,5.408653846153847,787,832,45,0,787,829,22192,0,0,0,0,3
2020-10-09,US,Georgia,Monroe,724,54,0,33.014289,-83.92097166,13207.0,2625.2810211037786,7.458563535911603,670,720,54,0,666,715,27520,4,0,0,4,5
2020-10-09,US,Georgia,Montgomery,336,5,0,32.17201038,-82.53527476,13209.0,3663.3231574356732,1.488095238095238,331,333,5,0,328,329,9193,3,0,0,3,4
2020-10-09,US,Georgia,Morgan,499,3,0,33.59232073,-83.49129491,13211.0,2588.711350902677,0.6012024048096193,496,498,3,0,495,497,18853,1,0,0,1,1
2020-10-09,US,Georgia,Murray,882,6,0,34.78897608,-84.74993177,13213.0,2199.7206703910615,0.6802721088435374,876,873,6,0,867,867,39921,9,0,0,9,6
2020-10-09,US,Georgia,Muscogee,6166,173,0,32.50931999,-84.87142262,13215.0,3149.6304317843988,2.8057087252675963,5993,6159,172,0,5987,6137,194160,7,1,0,6,22
2020-10-09,US,Georgia,Newton,2669,91,0,33.55514538,-83.84547140000002,13217.0,2388.495131729668,3.4095166729112028,2578,2664,92,0,2572,2652,109541,5,-1,0,6,12
2020-10-09,US,Georgia,Oconee,792,27,0,33.83749973,-83.43679568,13219.0,1966.2363455809327,3.4090909090909087,765,789,26,0,763,786,39272,3,1,0,2,3
2020-10-09,US,Georgia,Oglethorpe,371,11,0,33.878629600000004,-83.08278123,13221.0,2431.351988990104,2.964959568733154,360,365,11,0,354,358,15054,6,0,0,6,7
2020-10-09,US,Georgia,Out of GA,15706,170,0,0.0,0.0,80013.0,0.0,1.0823888959633259,15536,15873,169,0,15704,15981,,-167,1,0,-168,-108
2020-10-09,US,Georgia,Paulding,2907,58,0,33.91969522,-84.86848792,13223.0,1723.5143804063625,1.995184038527692,2849,2891,58,0,2833,2884,164044,16,0,0,16,7
2020-10-09,US,Georgia,Peach,693,24,0,32.56934316,-83.82937,13225.0,2515.791766499673,3.463203463203463,669,690,25,0,665,688,27297,3,-1,0,4,2
2020-10-09,US,Georgia,Pickens,646,9,0,34.46589159,-84.46406611,13227.0,1982.1423092264733,1.3931888544891642,637,645,10,0,635,642,31980,1,-1,0,2,3
2020-10-09,US,Georgia,Pierce,628,22,0,31.35928155,-82.21598442,13229.0,3226.303621885436,3.5031847133757963,606,626,22,0,604,624,19389,2,0,0,2,2
2020-10-09,US,Georgia,Pike,362,12,0,33.09310242,-84.38790389,13231.0,1909.0813205358088,3.3149171270718236,350,358,11,0,347,354,18634,4,1,0,3,4
2020-10-09,US,Georgia,Polk,1539,21,0,34.00267074,-85.18677781,13233.0,3611.573932837397,1.364522417153996,1518,1529,21,0,1508,1521,42470,10,0,0,10,8
2020-10-09,US,Georgia,Pulaski,319,22,0,32.23334561,-83.47549959999998,13235.0,2864.3261201400733,6.896551724137932,297,319,22,0,297,319,11069,0,0,0,0,0
2020-10-09,US,Georgia,Putnam,742,25,0,33.32056115,-83.37552891,13237.0,3354.5820335458197,3.3692722371967654,717,734,24,0,710,732,21809,8,1,0,7,2
2020-10-09,US,Georgia,Quitman,37,1,0,31.86728114,-85.01773177,13239.0,1609.3953892996954,2.702702702702702,36,34,1,0,33,34,2279,3,0,0,3,0
2020-10-09,US,Georgia,Rabun,387,11,0,34.88389445,-83.40304637,13241.0,2258.271576121841,2.842377260981912,376,384,11,0,373,383,16867,3,0,0,3,1
2020-10-09,US,Georgia,Randolph,335,29,0,31.76622818,-84.75732369,13243.0,4942.460902921216,8.656716417910447,306,333,29,0,304,332,6833,2,0,0,2,1
2020-10-09,US,Georgia,Richmond,7424,172,0,33.35777107,-82.07026432,13245.0,3665.846986440713,2.3168103448275863,7252,7370,171,0,7199,7327,201554,54,1,0,53,43
2020-10-09,US,Georgia,Rockdale,1924,40,0,33.65145002,-84.02202167,13247.0,2116.704805491991,2.079002079002079,1884,1912,39,0,1873,1906,90594,12,1,0,11,6
2020-10-09,US,Georgia,Schley,107,2,0,32.2654021,-84.31258912,13249.0,2035.3813962335933,1.8691588785046729,105,107,2,0,105,107,5236,0,0,0,0,0
2020-10-09,US,Georgia,Screven,429,11,0,32.74976524,-81.60779441,13251.0,3071.745668050981,2.5641025641025643,418,429,11,0,418,427,13938,0,0,0,0,2
2020-10-09,US,Georgia,Seminole,369,9,0,30.93464824,-84.86823924,13253.0,4561.186650185414,2.4390243902439024,360,368,9,0,359,367,8315,1,0,0,1,1
2020-10-09,US,Georgia,Spalding,1399,62,0,33.26310031,-84.28013991,13255.0,2097.3569404674454,4.4317369549678345,1337,1387,61,0,1326,1381,66100,12,1,0,11,6
2020-10-09,US,Georgia,Stephens,1178,39,0,34.55151201,-83.29405315,13257.0,4543.876567020251,3.3106960950764006,1139,1159,39,0,1120,1151,26035,19,0,0,19,8
2020-10-09,US,Georgia,Stewart,523,16,0,32.07996777,-84.83208037,13259.0,7899.10889593717,3.0592734225621414,507,523,16,0,507,521,6199,0,0,0,0,2
2020-10-09,US,Georgia,Sumter,946,64,0,32.03650571,-84.19821492,13261.0,3204.172876304024,6.765327695560254,882,943,64,0,879,942,29733,3,0,0,3,1
2020-10-09,US,Georgia,Talbot,166,6,0,32.69642758,-84.53351366,13263.0,2679.5803066989506,3.614457831325301,160,166,6,0,160,166,6272,0,0,0,0,0
2020-10-09,US,Georgia,Taliaferro,24,0,0,33.56543317,-82.88136816,13265.0,1561.4834092387769,0.0,24,24,0,0,24,24,1608,0,0,0,0,0
2020-10-09,US,Georgia,Tattnall,866,11,0,32.04785085,-82.05539188,13267.0,3424.820058530412,1.2702078521939957,855,863,11,0,852,860,25391,3,0,0,3,3
2020-10-09,US,Georgia,Taylor,217,12,0,32.55792548,-84.25077141,13269.0,2705.7356608478804,5.529953917050692,205,217,11,0,206,217,8039,0,1,0,-1,0
2020-10-09,US,Georgia,Telfair,402,21,0,31.92829517,-82.93491155,13271.0,2534.6784363177812,5.223880597014926,381,401,21,0,380,400,15876,1,0,0,1,1
2020-10-09,US,Georgia,Terrell,333,32,0,31.77527543,-84.44069698,13273.0,3903.41108896964,9.60960960960961,301,333,32,0,301,333,8611,0,0,0,0,0
2020-10-09,US,Georgia,Thomas,1538,66,0,30.86392347,-83.91847289,13275.0,3459.9896515264,4.291287386215865,1472,1529,66,0,1463,1524,44448,9,0,0,9,5
2020-10-09,US,Georgia,Tift,1853,59,0,31.45743864,-83.5236119,13277.0,4559.0985139257955,3.184025903939557,1794,1844,58,0,1786,1839,40571,9,1,0,8,5
2020-10-09,US,Georgia,Toombs,1400,53,0,32.12059861,-82.32957247,13279.0,5218.039508013418,3.7857142857142856,1347,1389,52,0,1337,1378,26887,11,1,0,10,11
2020-10-09,US,Georgia,Towns,377,10,0,34.91369188,-83.74107459999998,13281.0,3132.0096369527287,2.6525198938992043,367,375,10,0,365,369,11852,2,0,0,2,6
2020-10-09,US,Georgia,Treutlen,273,11,0,32.40422134,-82.56904553,13283.0,3955.9484132734387,4.029304029304028,262,272,11,0,261,269,6809,1,0,0,1,3
2020-10-09,US,Georgia,Troup,2891,103,0,33.03349196,-85.02812115,13285.0,4134.607133663225,3.5627810446212385,2788,2882,102,0,2780,2868,70034,9,1,0,8,14
2020-10-09,US,Georgia,Turner,323,24,0,31.71612656,-83.62069378,13287.0,4045.0845335003132,7.4303405572755405,299,320,24,0,296,319,7912,3,0,0,3,1
2020-10-09,US,Georgia,Twiggs,204,9,0,32.67435595,-83.43078662,13289.0,2512.315270935961,4.411764705882354,195,202,9,0,193,199,8188,2,0,0,2,3
2020-10-09,US,Georgia,Unassigned,2159,4,0,0.0,0.0,90013.0,0.0,0.18527095877721167,2155,2148,4,0,2144,2206,,11,0,0,11,-58
2020-10-09,US,Georgia,Union,841,22,0,34.82995757,-83.98967069,13291.0,3431.1125617069893,2.615933412604043,819,835,21,0,814,834,24001,6,1,0,5,1
2020-10-09,US,Georgia,Upson,817,65,0,32.87920671,-84.30024826,13293.0,3104.103343465046,7.9559363525091795,752,814,63,0,751,814,26215,3,2,0,1,0
2020-10-09,US,Georgia,Walker,1665,39,0,34.73376362,-85.30165174,13295.0,2386.720373847852,2.3423423423423424,1626,1655,39,0,1616,1651,69410,10,0,0,10,4
2020-10-09,US,Georgia,Walton,1937,62,0,33.78017694,-83.73552314,13297.0,2047.7202329982133,3.2008260196179665,1875,1919,60,0,1859,1904,93503,18,2,0,16,15
2020-10-09,US,Georgia,Ware,1537,62,0,31.05449097,-82.42224148,13299.0,4301.225723400683,4.033832140533507,1475,1536,61,0,1475,1532,35680,1,1,0,0,4
2020-10-09,US,Georgia,Warren,160,5,0,33.41146451,-82.67795848,13301.0,3045.298819946707,3.125,155,160,5,0,155,159,5251,0,0,0,0,1
2020-10-09,US,Georgia,Washington,705,9,0,32.96711864,-82.79357039,13303.0,3460.2925296947087,1.2765957446808511,696,704,9,0,695,698,20386,1,0,0,1,6
2020-10-09,US,Georgia,Wayne,1173,29,0,31.5521809,-81.91894878,13305.0,3919.53754135062,2.4722932651321403,1144,1170,30,0,1140,1167,29808,3,-1,0,4,3
2020-10-09,US,Georgia,Webster,44,2,0,32.04066113,-84.54742852,13307.0,1687.7637130801688,4.545454545454546,42,44,2,0,42,44,2611,0,0,0,0,0
2020-10-09,US,Georgia,Wheeler,352,13,0,32.12009104,-82.72574721,13309.0,4481.222151495863,3.6931818181818175,339,349,13,0,336,349,7879,3,0,0,3,0
2020-10-09,US,Georgia,White,948,22,0,34.64624278,-83.74905525,13311.0,3078.121955971167,2.3206751054852317,926,930,20,0,910,919,29970,18,2,0,16,11
2020-10-09,US,Georgia,Whitfield,4833,62,0,34.80987459,-84.96093476,13313.0,4619.222387888522,1.2828470929029587,4771,4794,63,0,4731,4770,104062,39,-1,0,40,24
2020-10-09,US,Georgia,Wilcox,249,25,0,31.97496928,-83.43438555,13315.0,2883.61320208454,10.040160642570283,224,250,25,0,225,250,8812,-1,0,0,-1,0
2020-10-09,US,Georgia,Wilkes,271,6,0,33.78290391,-82.74286107,13317.0,2771.811394088167,2.2140221402214024,265,269,6,0,263,269,9876,2,0,0,2,0
2020-10-09,US,Georgia,Wilkinson,352,18,0,32.80291082,-83.17140684,13319.0,3931.203931203932,5.113636363636363,334,351,18,0,333,350,9036,1,0,0,1,1
2020-10-09,US,Georgia,Worth,565,31,0,31.55162306,-83.85090513,13321.0,2790.536869659703,5.486725663716813,534,563,30,0,533,562,20299,2,1,0,1,1
2020-10-09,US,Hawaii,Hawaii,911,15,0,19.60121157,-155.5210167,15001.0,452.08001468887863,1.6465422612513718,896,866,15,0,851,852,200983,45,0,0,45,14
2020-10-09,US,Hawaii,Honolulu,11896,138,0,21.45803166,-157.97121819999995,15003.0,1220.649665542402,1.160053799596503,11758,11788,136,0,11652,11702,980080,108,2,0,106,86
2020-10-09,US,Hawaii,Kauai,59,0,0,22.03935037,-159.5966786,15007.0,81.61232761124867,0.0,59,59,0,0,59,59,72133,0,0,0,0,0
2020-10-09,US,Hawaii,Maui,397,12,0,20.86399628,-156.56890969999995,15009.0,237.13242980103573,3.022670025188917,385,397,12,0,385,396,167207,0,0,0,0,1
2020-10-09,US,Hawaii,Out of HI,37,1,0,0.0,0.0,80015.0,0.0,2.702702702702702,36,36,1,0,35,36,,1,0,0,1,0
2020-10-09,US,Idaho,Ada,14108,153,0,43.4526575,-116.24155159999998,16001.0,2929.481069879378,1.0844910688970797,13955,13993,153,0,13840,13875,469966,115,0,0,115,118
2020-10-09,US,Idaho,Adams,29,2,0,44.89333571,-116.4545247,16003.0,675.3609687936656,6.896551724137932,27,29,2,0,27,29,4250,0,0,0,0,0
2020-10-09,US,Idaho,Bannock,1441,8,0,42.67002716,-112.2233311,16005.0,1641.0805393586004,0.5551700208188758,1433,1408,8,0,1400,1346,87138,33,0,0,33,62
2020-10-09,US,Idaho,Bear Lake,51,1,0,42.28269683,-111.32892379999998,16007.0,832.6530612244898,1.96078431372549,50,50,1,0,49,50,6050,1,0,0,1,0
2020-10-09,US,Idaho,Benewah,163,3,0,47.21754179,-116.6586851,16009.0,1753.0651753065176,1.8404907975460123,160,163,3,0,160,162,9226,0,0,0,0,1
2020-10-09,US,Idaho,Bingham,1146,10,0,43.21672879999999,-112.3978437,16011.0,2448.142530601782,0.8726003490401396,1136,1136,10,0,1126,1102,46236,10,0,0,10,34
2020-10-09,US,Idaho,Blaine,731,6,0,43.4085812,-113.9752658,16013.0,3175.361626341167,0.8207934336525308,725,719,6,0,713,715,22601,12,0,0,12,4
2020-10-09,US,Idaho,Boise,73,2,0,43.98829931,-115.7309284,16015.0,932.1925679989785,2.7397260273972597,71,73,2,0,71,73,7634,0,0,0,0,0
2020-10-09,US,Idaho,Bonner,392,0,0,48.29996017,-116.6017932,16017.0,857.0366645532257,0.0,392,389,0,0,389,383,44727,3,0,0,3,6
2020-10-09,US,Idaho,Bonneville,3278,21,0,43.38713372,-111.6161537,16019.0,2753.1874149602727,0.6406345332519829,3257,3201,20,0,3181,3146,116854,77,1,0,76,55
2020-10-09,US,Idaho,Boundary,68,1,0,48.76684761,-116.4630179,16021.0,555.32870559412,1.4705882352941178,67,64,1,0,63,63,11948,4,0,0,4,1
2020-10-09,US,Idaho,Butte,50,0,0,43.72592209,-113.1735463,16023.0,1925.2984212552951,0.0,50,49,0,0,49,46,2611,1,0,0,1,3
2020-10-09,US,Idaho,Camas,38,0,0,43.46665742,-114.8065892,16025.0,3435.8047016274872,0.0,38,38,0,0,38,38,1127,0,0,0,0,0
2020-10-09,US,Idaho,Canyon,8707,103,0,43.61970148,-116.70954990000001,16027.0,3788.139169628757,1.1829562421040545,8604,8642,103,0,8539,8567,223499,65,0,0,65,75
2020-10-09,US,Idaho,Caribou,146,2,0,42.77149116,-111.5597683,16029.0,2040.5310971348706,1.3698630136986298,144,145,2,0,143,140,7060,1,0,0,1,5
2020-10-09,US,Idaho,Cassia,916,8,0,42.28347888,-113.6012409,16031.0,3811.90178942988,0.8733624454148472,908,880,8,0,872,868,23864,36,0,0,36,12
2020-10-09,US,Idaho,Clark,38,0,0,44.28496071,-112.35057040000001,16033.0,4497.041420118343,0.0,38,38,0,0,38,38,852,0,0,0,0,0
2020-10-09,US,Idaho,Clearwater,94,0,0,46.67459924,-115.6622393,16035.0,1073.5495660118777,0.0,94,86,0,0,86,82,8758,8,0,0,8,4
2020-10-09,US,Idaho,Custer,77,1,0,44.24186819,-114.2855494,16037.0,1784.4727694090384,1.2987012987012987,76,77,1,0,76,76,4280,0,0,0,0,1
2020-10-09,US,Idaho,Elmore,403,4,0,43.3507101,-115.4701578,16039.0,1464.8685980153393,0.9925558312655088,399,397,4,0,393,395,27259,6,0,0,6,2
2020-10-09,US,Idaho,Franklin,198,1,0,42.18332217,-111.81496659999999,16041.0,1426.924185644278,0.5050505050505051,197,195,1,0,194,176,13726,3,0,0,3,19
2020-10-09,US,Idaho,Fremont,284,3,0,44.22800938,-111.48099429999999,16043.0,2168.104435453088,1.056338028169014,281,281,3,0,278,280,13168,3,0,0,3,1
2020-10-09,US,Idaho,Gem,352,4,0,44.06482372,-116.398376,16045.0,1943.4628975265011,1.1363636363636365,348,349,4,0,345,349,17634,3,0,0,3,0
2020-10-09,US,Idaho,Gooding,366,2,0,42.96927962,-114.81083059999999,16047.0,2411.226035970749,0.5464480874316939,364,362,1,0,361,355,15196,4,1,0,3,7
2020-10-09,US,Idaho,Idaho,244,0,0,45.84721541,-115.4634436,16049.0,1463.9707205855884,0.0,244,241,0,0,241,237,16513,3,0,0,3,4
2020-10-09,US,Idaho,Jefferson,715,3,0,43.82078483,-112.3131749,16051.0,2393.6259248100164,0.4195804195804196,712,700,3,0,697,688,29439,15,0,0,15,12
2020-10-09,US,Idaho,Jerome,872,7,0,42.68891267,-114.2655033,16053.0,3572.0137637227594,0.8027522935779816,865,855,7,0,848,847,24015,17,0,0,17,8
2020-10-09,US,Idaho,Kootenai,3004,44,0,47.67282258,-116.7020872,16055.0,1812.9477298925146,1.4647137150466043,2960,2973,43,0,2930,2939,161505,31,1,0,30,34
2020-10-09,US,Idaho,Latah,696,0,0,46.81587887,-116.71136979999999,16057.0,1735.3146504438018,0.0,696,677,0,0,677,669,40134,19,0,0,19,8
2020-10-09,US,Idaho,Lemhi,130,0,0,44.9438088,-113.9309747,16059.0,1619.5340725052947,0.0,130,130,0,0,130,123,7961,0,0,0,0,7
2020-10-09,US,Idaho,Lewis,51,2,0,46.23315327,-116.434146,16061.0,1328.8170922355393,3.92156862745098,49,52,2,0,50,44,3861,-1,0,0,-1,8
2020-10-09,US,Idaho,Lincoln,103,0,0,43.0012336,-114.1358773,16063.0,1919.4931047335074,0.0,103,100,0,0,100,99,5360,3,0,0,3,1
2020-10-09,US,Idaho,Madison,1301,2,0,43.78141028,-111.65384740000002,16065.0,3260.079685268249,0.15372790161414296,1299,1249,2,0,1247,1220,39304,52,0,0,52,29
2020-10-09,US,Idaho,Minidoka,868,8,0,42.85518524,-113.6357257,16067.0,4125.671372213508,0.9216589861751152,860,826,8,0,818,807,20825,42,0,0,42,19
2020-10-09,US,Idaho,Nez Perce,525,24,0,46.32638236,-116.75009750000001,16069.0,1299.2476737279746,4.571428571428571,501,519,24,0,495,508,40408,6,0,0,6,11
2020-10-09,US,Idaho,Oneida,29,0,0,42.19494279999999,-112.5407838,16071.0,640.0353122930919,0.0,29,29,0,0,29,29,4488,0,0,0,0,0
2020-10-09,US,Idaho,Owyhee,353,5,0,42.58016894,-116.16938710000001,16073.0,2985.7058276241223,1.4164305949008498,348,353,5,0,348,350,11693,0,0,0,0,3
2020-10-09,US,Idaho,Payette,993,9,0,44.00545243,-116.7647695,16075.0,4145.964677884013,0.9063444108761328,984,978,9,0,969,970,23551,15,0,0,15,8
2020-10-09,US,Idaho,Power,301,1,0,42.69254894,-112.83957420000002,16077.0,3918.7605780497333,0.3322259136212625,300,297,1,0,296,289,7768,4,0,0,4,8
2020-10-09,US,Idaho,Shoshone,220,18,0,47.35364087,-115.89167490000001,16079.0,1707.8093463747864,8.181818181818182,202,221,18,0,203,218,12796,-1,0,0,-1,3
2020-10-09,US,Idaho,Teton,221,1,0,43.75303583,-111.2056773,16081.0,1820.1284796573873,0.4524886877828054,220,218,1,0,217,213,11640,3,0,0,3,5
2020-10-09,US,Idaho,Twin Falls,2813,40,0,42.35440512,-114.6685381,16083.0,3237.873800041437,1.4219694276573054,2773,2746,40,0,2706,2654,86081,67,0,0,67,92
2020-10-09,US,Idaho,Valley,103,1,0,44.76728382,-115.5676773,16085.0,904.1432584269664,0.9708737864077671,102,103,1,0,102,103,11041,0,0,0,0,0
2020-10-09,US,Idaho,Washington,397,6,0,44.45275475,-116.78476880000001,16087.0,3894.44771434177,1.5113350125944585,391,395,6,0,389,392,10161,2,0,0,2,3
2020-10-09,US,Illinois,Adams,1349,11,0,39.98815591,-91.18786813,17001.0,2061.5878352563614,0.815418828762046,1338,1319,11,0,1308,1298,65691,30,0,0,30,21
2020-10-09,US,Illinois,Alexander,99,1,0,37.18049267,-89.32910838,17003.0,1718.4516576983162,1.0101010101010102,98,98,1,0,97,97,6060,1,0,0,1,1
2020-10-09,US,Illinois,Bond,372,8,0,38.88829622,-89.43534887,17005.0,2264.7023012297573,2.150537634408602,364,368,8,0,360,368,16630,4,0,0,4,0
2020-10-09,US,Illinois,Boone,1338,24,0,42.32359279,-88.82345779,17007.0,2498.8794262662477,1.7937219730941705,1314,1309,24,0,1285,1270,53577,29,0,0,29,39
2020-10-09,US,Illinois,Brown,77,0,0,39.96209138,-90.75068024,17009.0,1170.5685618729096,0.0,77,76,0,0,76,75,6556,1,0,0,1,1
2020-10-09,US,Illinois,Bureau,776,15,0,41.40385234,-89.5283051,17011.0,2378.325364717421,1.9329896907216493,761,770,15,0,755,756,32993,6,0,0,6,14
2020-10-09,US,Illinois,Calhoun,66,0,0,39.16840183,-90.66330078,17013.0,1392.698881620595,0.0,66,66,0,0,66,66,4802,0,0,0,0,0
2020-10-09,US,Illinois,Carroll,261,6,0,42.06823429,-89.93395545,17015.0,1824.5368752184552,2.2988505747126435,255,259,6,0,253,252,14312,2,0,0,2,7
2020-10-09,US,Illinois,Cass,424,11,0,39.96991073,-90.24734436,17017.0,3490.573804231497,2.5943396226415096,413,421,11,0,410,418,12260,3,0,0,3,3
2020-10-09,US,Illinois,Champaign,5270,27,0,40.13919438,-88.20046615,17019.0,2513.2458068854353,0.5123339658444023,5243,5227,27,0,5200,5183,209983,43,0,0,43,44
2020-10-09,US,Illinois,Christian,691,20,0,39.54581621,-89.27780482,17021.0,2139.0539871223377,2.894356005788712,671,680,20,0,660,659,32661,11,0,0,11,21
2020-10-09,US,Illinois,Clark,227,4,0,39.33425789,-87.78705622,17023.0,1470.1120393756878,1.7621145374449338,223,207,4,0,203,206,15596,20,0,0,20,1
2020-10-09,US,Illinois,Clay,238,1,0,38.75388572,-88.48914513,17025.0,1805.2184466019412,0.4201680672268908,237,236,1,0,235,227,13253,2,0,0,2,9
2020-10-09,US,Illinois,Clinton,1377,23,0,38.60704876,-89.42385254,17027.0,3665.9389808849373,1.6702977487291213,1354,1355,23,0,1332,1338,37639,22,0,0,22,17
2020-10-09,US,Illinois,Coles,1619,37,0,39.51949084,-88.22358557,17029.0,3198.277394757117,2.2853613341568866,1582,1605,36,0,1569,1591,50885,14,1,0,13,14
2020-10-09,US,Illinois,Cook,152387,5289,0,41.84144849,-87.81658794,17031.0,2958.837007956728,3.4707685038750022,147098,151470,5279,0,146191,150400,5180493,917,10,0,907,1070
2020-10-09,US,Illinois,Crawford,539,6,0,39.0032229,-87.75954624,17033.0,2887.4484384207426,1.1131725417439704,533,525,6,0,519,505,18807,14,0,0,14,20
2020-10-09,US,Illinois,Cumberland,229,5,0,39.27432424,-88.2401158,17035.0,2127.0666914360017,2.183406113537118,224,226,5,0,221,226,10808,3,0,0,3,0
2020-10-09,US,Illinois,De Witt,186,2,0,40.17514519,-88.90959682,17039.0,1189.410410538432,1.075268817204301,184,158,2,0,156,147,15769,28,0,0,28,11
2020-10-09,US,Illinois,DeKalb,1835,41,0,41.89373302,-88.76958483,17037.0,1749.3350620132128,2.23433242506812,1794,1794,41,0,1753,1777,104143,41,0,0,41,17
2020-10-09,US,Illinois,Douglas,364,7,0,39.76768052,-88.21854195,17041.0,1870.0231184176728,1.9230769230769231,357,363,7,0,356,357,19479,1,0,0,1,6
2020-10-09,US,Illinois,DuPage,18985,579,0,41.85116968,-88.08642662,17043.0,2057.05580434295,3.0497761390571503,18406,18788,577,0,18211,18583,928589,197,2,0,195,205
2020-10-09,US,Illinois,Edgar,128,8,0,39.6809186,-87.74759563,17045.0,745.877279878795,6.25,120,125,8,0,117,122,17360,3,0,0,3,3
2020-10-09,US,Illinois,Edwards,79,0,0,38.41353228,-88.05720863,17047.0,1235.340109460516,0.0,79,78,0,0,78,77,6392,1,0,0,1,1
2020-10-09,US,Illinois,Effingham,962,3,0,39.05935711,-88.58969584,17049.0,2828.7461773700306,0.3118503118503119,959,950,3,0,947,941,34208,12,0,0,12,9
2020-10-09,US,Illinois,Fayette,501,10,0,39.00072038,-89.02452658,17051.0,2348.1439820022492,1.996007984031936,491,489,10,0,479,483,21416,12,0,0,12,6
2020-10-09,US,Illinois,Ford,117,6,0,40.59706922,-88.22350769,17053.0,902.7081243731194,5.128205128205129,111,113,5,0,108,112,13264,4,1,0,3,1
2020-10-09,US,Illinois,Franklin,627,5,0,37.99189086,-88.92567818,17055.0,1629.8838025423067,0.7974481658692185,622,620,5,0,615,608,38701,7,0,0,7,12
2020-10-09,US,Illinois,Fulton,251,0,0,40.47289135,-90.20862357,17057.0,730.9260337798486,0.0,251,244,0,0,244,232,34844,7,0,0,7,12
2020-10-09,US,Illinois,Gallatin,86,2,0,37.76430935,-88.22953869,17059.0,1781.2758906379456,2.3255813953488373,84,84,2,0,82,79,5058,2,0,0,2,5
2020-10-09,US,Illinois,Greene,242,15,0,39.35907414,-90.388865,17061.0,1865.9881255301104,6.198347107438017,227,241,15,0,226,241,13044,1,0,0,1,0
2020-10-09,US,Illinois,Grundy,770,7,0,41.28569601,-88.41905692,17063.0,1508.2069965134956,0.9090909090909092,763,763,7,0,756,753,50972,7,0,0,7,10
2020-10-09,US,Illinois,Hamilton,84,2,0,38.08163641,-88.53883373,17065.0,1034.992607195663,2.380952380952381,82,84,2,0,82,80,8163,0,0,0,0,4
2020-10-09,US,Illinois,Hancock,245,3,0,40.40423981,-91.16313899,17067.0,1383.5554551615094,1.2244897959183674,242,245,3,0,242,242,17844,0,0,0,0,3
2020-10-09,US,Illinois,Hardin,44,0,0,37.51810645,-88.26873022,17069.0,1151.5310128238682,0.0,44,44,0,0,44,44,3910,0,0,0,0,0
2020-10-09,US,Illinois,Henderson,83,0,0,40.81908672,-90.92491462,17071.0,1248.8715016551312,0.0,83,82,0,0,82,79,6709,1,0,0,1,3
2020-10-09,US,Illinois,Henry,730,5,0,41.3533994,-90.13296166,17073.0,1492.4457710629074,0.6849315068493149,725,723,5,0,718,715,49090,7,0,0,7,8
2020-10-09,US,Illinois,Iroquois,393,19,0,40.74717633,-87.82466784,17075.0,1449.4357158663422,4.8346055979643765,374,388,19,0,369,380,27604,5,0,0,5,8
2020-10-09,US,Illinois,Jackson,1333,24,0,37.78595185,-89.38232563,17077.0,2348.898678414097,1.8004501125281318,1309,1327,24,0,1303,1312,57419,6,0,0,6,15
2020-10-09,US,Illinois,Jasper,227,10,0,39.01054275,-88.15437049,17079.0,2362.1227887617065,4.405286343612334,217,224,10,0,214,221,9611,3,0,0,3,3
2020-10-09,US,Illinois,Jefferson,752,38,0,38.29980057,-88.9240025,17081.0,1995.541874535612,5.053191489361702,714,747,38,0,709,729,37820,5,0,0,5,18
2020-10-09,US,Illinois,Jersey,421,19,0,39.08869046,-90.35393073,17083.0,1933.5874707206174,4.513064133016627,402,420,19,0,401,415,21847,1,0,0,1,5
2020-10-09,US,Illinois,Jo Daviess,326,2,0,42.36542373,-90.21094405,17085.0,1535.2013185778196,0.6134969325153374,324,312,2,0,310,307,21366,14,0,0,14,5
2020-10-09,US,Illinois,Johnson,249,0,0,37.45939802,-88.88165419,17087.0,2005.3152935491669,0.0,249,240,0,0,240,199,12456,9,0,0,9,41
2020-10-09,US,Illinois,Kane,13974,334,0,41.93842729,-88.42861412,17089.0,2624.703467110441,2.3901531415485904,13640,13846,334,0,13512,13756,534216,128,0,0,128,90
2020-10-09,US,Illinois,Kankakee,2931,79,0,41.13746989,-87.86205334,17091.0,2667.892446887914,2.6953258273626752,2852,2910,79,0,2831,2894,110024,21,0,0,21,16
2020-10-09,US,Illinois,Kendall,2209,26,0,41.59081014,-88.42869583,17093.0,1712.5358554926736,1.1770031688546854,2183,2176,26,0,2150,2155,127915,33,0,0,33,21
2020-10-09,US,Illinois,Knox,828,4,0,40.93148779,-90.21330340000002,17095.0,1666.029497575404,0.4830917874396135,824,806,4,0,802,796,50112,22,0,0,22,10
2020-10-09,US,Illinois,LaSalle,1926,57,0,41.34426129999999,-88.88633881,17099.0,1772.3545813433457,2.9595015576323993,1869,1910,57,0,1853,1873,109430,16,0,0,16,37
2020-10-09,US,Illinois,Lake,18034,495,0,42.3224907,-88.00367925,17097.0,2589.1017680375,2.744815348785627,17539,17932,494,0,17438,17794,700832,102,1,0,101,138
2020-10-09,US,Illinois,Lawrence,282,6,0,38.71987914,-87.72884035,17101.0,1798.6988136241864,2.127659574468085,276,279,6,0,273,277,15765,3,0,0,3,2
2020-10-09,US,Illinois,Lee,484,1,0,41.74583951,-89.29977132,17103.0,1419.5213514781792,0.2066115702479339,483,472,1,0,471,451,34223,12,0,0,12,21
2020-10-09,US,Illinois,Livingston,464,9,0,40.89188292,-88.55784752,17105.0,1301.6157989228004,1.9396551724137927,455,457,9,0,448,448,35761,7,0,0,7,9
2020-10-09,US,Illinois,Logan,495,3,0,40.12581572,-89.36638784,17107.0,1729.680620588441,0.6060606060606061,492,493,2,0,491,488,28925,2,1,0,1,5
2020-10-09,US,Illinois,Macon,1914,48,0,39.86064913,-88.96342505,17115.0,1840.2253651126346,2.5078369905956115,1866,1865,47,0,1818,1810,104712,49,1,0,48,55
2020-10-09,US,Illinois,Macoupin,630,8,0,39.26119767,-89.92424028,17117.0,1402.3060143346836,1.2698412698412698,622,620,8,0,612,610,45313,10,0,0,10,10
2020-10-09,US,Illinois,Madison,6238,148,0,38.83042506,-89.90422563,17119.0,2372.1697862081032,2.372555306187881,6090,6188,148,0,6040,6085,264461,50,0,0,50,103
2020-10-09,US,Illinois,Marion,723,6,0,38.64963204,-88.91899208,17121.0,1943.2871925816426,0.8298755186721992,717,700,5,0,695,695,37620,23,1,0,22,5
2020-10-09,US,Illinois,Marshall,120,1,0,41.0327901,-89.34510444,17123.0,1049.1344640671446,0.8333333333333334,119,120,0,0,120,117,11534,0,1,0,-1,3
2020-10-09,US,Illinois,Mason,196,1,0,40.23917274,-89.91824452,17125.0,1467.1756868029045,0.5102040816326531,195,187,1,0,186,183,13565,9,0,0,9,4
2020-10-09,US,Illinois,Massac,131,2,0,37.22078441,-88.71036614,17127.0,951.2053441765904,1.5267175572519085,129,131,2,0,129,130,14080,0,0,0,0,1
2020-10-09,US,Illinois,McDonough,537,15,0,40.45674722,-90.67775541,17109.0,1809.1772791590865,2.793296089385475,522,523,15,0,508,517,29955,14,0,0,14,6
2020-10-09,US,Illinois,McHenry,5000,119,0,42.32451172,-88.45248227,17111.0,1624.5686770162522,2.38,4881,4944,119,0,4825,4905,308570,56,0,0,56,39
2020-10-09,US,Illinois,McLean,3532,26,0,40.48996987,-88.84621113,17113.0,2059.271092661369,0.7361268403171007,3506,3496,24,0,3472,3488,172828,36,2,0,34,8
2020-10-09,US,Illinois,Menard,141,1,0,40.02742725,-89.80246001,17129.0,1156.1167595933093,0.7092198581560284,140,137,1,0,136,136,12288,4,0,0,4,1
2020-10-09,US,Illinois,Mercer,170,6,0,41.20596782,-90.74290052,17131.0,1101.2502429228475,3.5294117647058822,164,165,6,0,159,160,15601,5,0,0,5,5
2020-10-09,US,Illinois,Monroe,776,25,0,38.27594376,-90.17761038,17133.0,2240.3787856916015,3.2216494845360826,751,760,24,0,736,749,34335,16,1,0,15,11
2020-10-09,US,Illinois,Montgomery,448,14,0,39.23198845,-89.47809254,17135.0,1576.6875483916378,3.125,434,438,14,0,424,430,28601,10,0,0,10,8
2020-10-09,US,Illinois,Morgan,720,24,0,39.71654544,-90.20255104,17137.0,2139.164537405669,3.333333333333333,696,709,24,0,685,705,33976,11,0,0,11,4
2020-10-09,US,Illinois,Moultrie,259,4,0,39.64187451,-88.62099969,17139.0,1786.0837183642511,1.5444015444015444,255,254,4,0,250,248,14717,5,0,0,5,6
2020-10-09,US,Illinois,Ogle,878,6,0,42.04165196,-89.32184679,17141.0,1733.7045593665466,0.683371298405467,872,853,6,0,847,846,50923,25,0,0,25,7
2020-10-09,US,Illinois,Out of IL,1,0,0,0.0,0.0,80017.0,0.0,0.0,1,2,0,0,2,4,,-1,0,0,-1,-2
2020-10-09,US,Illinois,Peoria,3819,55,0,40.78702156,-89.76078901,17143.0,2131.388164907718,1.440167583136947,3764,3787,55,0,3732,3759,180621,32,0,0,32,28
2020-10-09,US,Illinois,Perry,368,16,0,38.08510853,-89.36856219,17145.0,1759.4186268885064,4.3478260869565215,352,366,16,0,350,365,21174,2,0,0,2,1
2020-10-09,US,Illinois,Piatt,166,0,0,40.01360584,-88.59319339,17147.0,1015.6632403328439,0.0,166,161,0,0,161,160,16396,5,0,0,5,1
2020-10-09,US,Illinois,Pike,163,2,0,39.62265059,-90.8877017,17149.0,1047.4905211747316,1.2269938650306749,161,160,2,0,158,158,15611,3,0,0,3,2
2020-10-09,US,Illinois,Pope,34,1,0,37.41391284,-88.56152109,17151.0,813.9813263107492,2.9411764705882355,33,33,1,0,32,30,4212,1,0,0,1,3
2020-10-09,US,Illinois,Pulaski,205,1,0,37.22631423,-89.13085001,17153.0,3842.5492033739447,0.4878048780487805,204,201,1,0,200,200,5463,4,0,0,4,1
2020-10-09,US,Illinois,Putnam,71,0,0,41.2013541,-89.2869272,17155.0,1237.14932915142,0.0,71,69,0,0,69,69,5740,2,0,0,2,0
2020-10-09,US,Illinois,Randolph,1023,13,0,38.05095369,-89.82512254,17157.0,3218.8030960921283,1.270772238514174,1010,1007,13,0,994,995,32106,16,0,0,16,12
2020-10-09,US,Illinois,Richland,278,9,0,38.71240969,-88.08475366,17159.0,1792.0453812931091,3.2374100719424463,269,275,9,0,266,267,15763,3,0,0,3,8
2020-10-09,US,Illinois,Rock Island,3318,81,0,41.46613806,-90.57042164,17161.0,2338.612479648151,2.4412296564195297,3237,3291,81,0,3210,3253,143477,27,0,0,27,38
2020-10-09,US,Illinois,Saline,431,6,0,37.75332999,-88.54119706,17165.0,1834.74522157422,1.3921113689095128,425,424,6,0,418,417,23906,7,0,0,7,7
2020-10-09,US,Illinois,Sangamon,2843,50,0,39.75836914,-89.65872023,17167.0,1460.4051943782365,1.758705592683785,2793,2803,48,0,2755,2742,195348,40,2,0,38,61
2020-10-09,US,Illinois,Schuyler,67,1,0,40.157179799999994,-90.61114163,17169.0,989.9527186761227,1.492537313432836,66,64,1,0,63,63,6907,3,0,0,3,1
2020-10-09,US,Illinois,Scott,83,0,0,39.642916899999996,-90.47814431,17171.0,1676.4290042415673,0.0,83,82,0,0,82,82,4926,1,0,0,1,0
2020-10-09,US,Illinois,Shelby,489,7,0,39.39133527,-88.80611122,17173.0,2260.3309605250993,1.4314928425357871,482,468,7,0,461,461,21741,21,0,0,21,7
2020-10-09,US,Illinois,St. Clair,7137,202,0,38.46996033,-89.93063427,17163.0,2748.319123864976,2.8303208631077483,6935,7091,200,0,6891,6994,261059,46,2,0,44,97
2020-10-09,US,Illinois,Stark,61,2,0,41.09309773,-89.79745866,17175.0,1141.894421564957,3.278688524590164,59,59,2,0,57,58,5427,2,0,0,2,1
2020-10-09,US,Illinois,Stephenson,649,7,0,42.35129217,-89.662598,17177.0,1458.4925165175962,1.078582434514638,642,635,7,0,628,611,44753,14,0,0,14,24
2020-10-09,US,Illinois,Tazewell,2055,42,0,40.50716185,-89.51404662,17179.0,1559.1450877445886,2.0437956204379564,2013,2015,38,0,1977,1977,132328,40,4,0,36,38
2020-10-09,US,Illinois,Unassigned,3075,246,0,0.0,0.0,90017.0,0.0,8.0,2829,2771,249,0,2522,2784,,304,-3,0,307,-13
2020-10-09,US,Illinois,Union,618,24,0,37.47119609,-89.25548938,17181.0,3711.0430553053498,3.8834951456310685,594,607,24,0,583,597,16841,11,0,0,11,10
2020-10-09,US,Illinois,Vermilion,1187,6,0,40.18417171,-87.73384359,17183.0,1566.8312257451355,0.5054759898904801,1181,1133,6,0,1127,1065,76806,54,0,0,54,68
2020-10-09,US,Illinois,Wabash,174,4,0,38.44272901,-87.84922065,17185.0,1510.416666666667,2.2988505747126435,170,172,4,0,168,174,11549,2,0,0,2,-2
2020-10-09,US,Illinois,Warren,376,4,0,40.84925021,-90.6147432,17187.0,2232.2488720019,1.0638297872340423,372,373,3,0,370,369,17032,3,1,0,2,4
2020-10-09,US,Illinois,Washington,248,1,0,38.35309213,-89.40982703,17189.0,1785.8428746309494,0.4032258064516129,247,242,1,0,241,237,13995,6,0,0,6,5
2020-10-09,US,Illinois,Wayne,345,7,0,38.42955355,-88.42586459,17191.0,2127.659574468085,2.028985507246377,338,343,6,0,337,336,16332,2,1,0,1,7
2020-10-09,US,Illinois,White,200,1,0,38.08706198,-88.17657461,17193.0,1477.4322227967791,0.5,199,195,1,0,194,193,13665,5,0,0,5,2
2020-10-09,US,Illinois,Whiteside,964,21,0,41.75509713,-89.91556058,17195.0,1747.1681014952426,2.178423236514522,943,936,21,0,915,912,55626,28,0,0,28,24
2020-10-09,US,Illinois,Will,15202,398,0,41.44619267,-87.97862712,17197.0,2200.818538877701,2.618076568872517,14804,15084,396,0,14688,14937,692310,118,2,0,116,147
2020-10-09,US,Illinois,Williamson,1522,56,0,37.73033511,-88.92994027,17199.0,2285.3882307010826,3.679369250985545,1466,1521,55,0,1466,1502,67056,1,1,0,0,19
2020-10-09,US,Illinois,Winnebago,7502,156,0,42.33641854,-89.16085327,17201.0,2654.8985745226,2.079445481205012,7346,7354,156,0,7198,7181,284081,148,0,0,148,173
2020-10-09,US,Illinois,Woodford,473,9,0,40.78579374,-89.20973757,17203.0,1229.8811721573625,1.9027484143763211,464,471,9,0,462,467,38463,2,0,0,2,4
2020-10-09,US,Indiana,Adams,341,4,0,40.7457653,-84.93671406,18001.0,953.1263101992901,1.1730205278592376,337,333,4,0,329,319,35636,8,0,0,8,14
2020-10-09,US,Indiana,Allen,6937,211,0,41.09194313,-85.06800636,18003.0,1828.9001552864627,3.0416606602277643,6726,6848,209,0,6639,6774,375351,89,2,0,87,74
2020-10-09,US,Indiana,Bartholomew,1264,57,0,39.20744865,-85.89558181,18005.0,1508.7313049809616,4.509493670886076,1207,1246,57,0,1189,1232,82753,18,0,0,18,14
2020-10-09,US,Indiana,Benton,92,0,0,40.60626947,-87.31093999,18007.0,1051.668952903521,0.0,92,90,0,0,90,90,8653,2,0,0,2,0
2020-10-09,US,Indiana,Blackford,158,3,0,40.47388153,-85.32499702,18009.0,1343.765946589556,1.8987341772151896,155,154,3,0,151,149,11930,4,0,0,4,5
2020-10-09,US,Indiana,Boone,1088,46,0,40.0509304,-86.46841646,18011.0,1603.7026664504813,4.227941176470588,1042,1077,46,0,1031,1068,66999,11,0,0,11,9
2020-10-09,US,Indiana,Brown,115,3,0,39.19605589,-86.22868909,18013.0,761.9931089318843,2.608695652173913,112,112,3,0,109,109,15234,3,0,0,3,3
2020-10-09,US,Indiana,Carroll,294,13,0,40.580783200000006,-86.56198812,18015.0,1451.3501505652366,4.421768707482993,281,292,13,0,279,292,20127,2,0,0,2,0
2020-10-09,US,Indiana,Cass,2099,11,0,40.76135835,-86.34830753,18017.0,5569.264241555891,0.5240590757503573,2088,2078,11,0,2067,2036,37955,21,0,0,21,42
2020-10-09,US,Indiana,Clark,2497,57,0,38.48015445,-85.70510334,18019.0,2110.6997345776067,2.2827392871445733,2440,2470,57,0,2413,2439,117360,27,0,0,27,31
2020-10-09,US,Indiana,Clay,352,6,0,39.39561833,-87.11723506,18021.0,1342.230695900858,1.7045454545454546,346,348,5,0,343,342,26170,4,1,0,3,6
2020-10-09,US,Indiana,Clinton,718,14,0,40.30319754,-86.47277257,18023.0,2216.1177814130065,1.9498607242339836,704,709,14,0,695,700,32250,9,0,0,9,9
2020-10-09,US,Indiana,Crawford,123,1,0,38.28814402,-86.44518825,18025.0,1162.9006334499386,0.8130081300813008,122,123,1,0,122,122,10558,0,0,0,0,1
2020-10-09,US,Indiana,Daviess,735,30,0,38.70186039,-87.07185406,18027.0,2203.8319690564003,4.081632653061225,705,730,30,0,700,724,33147,5,0,0,5,6
2020-10-09,US,Indiana,DeKalb,576,11,0,41.39804622,-84.99906934,18033.0,1324.8993674525584,1.9097222222222223,565,557,11,0,546,545,43226,19,0,0,19,12
2020-10-09,US,Indiana,Dearborn,754,28,0,39.14647946,-84.97333539,18029.0,1524.5258603259326,3.713527851458886,726,733,28,0,705,729,49568,21,0,0,21,4
2020-10-09,US,Indiana,Decatur,474,39,0,39.30712658,-85.50087166,18031.0,1784.705749463459,8.227848101265822,435,470,39,0,431,469,26794,4,0,0,4,1
2020-10-09,US,Indiana,Delaware,2340,67,0,40.22787247,-85.39732772,18035.0,2050.203706137469,2.8632478632478637,2273,2290,67,0,2223,2254,114772,50,0,0,50,36
2020-10-09,US,Indiana,Dubois,1125,20,0,38.36597551,-86.87924170000002,18037.0,2632.441033320853,1.7777777777777777,1105,1112,20,0,1092,1109,42565,13,0,0,13,3
2020-10-09,US,Indiana,Elkhart,7375,124,0,41.59761169,-85.85875695,18039.0,3574.180603951711,1.6813559322033895,7251,7305,120,0,7185,7176,205560,70,4,0,66,129
2020-10-09,US,Indiana,Fayette,484,14,0,39.63684962,-85.17797541,18041.0,2095.0567050471827,2.8925619834710745,470,478,14,0,464,468,23047,6,0,0,6,10
2020-10-09,US,Indiana,Floyd,1545,64,0,38.32117957,-85.90385377,18043.0,1967.6014365400772,4.142394822006472,1481,1530,64,0,1466,1510,77781,15,0,0,15,20
2020-10-09,US,Indiana,Fountain,192,2,0,40.12361933,-87.24217689,18045.0,1174.599290346262,1.0416666666666667,190,186,2,0,184,168,16351,6,0,0,6,18
2020-10-09,US,Indiana,Franklin,325,25,0,39.4142482,-85.06062647,18047.0,1428.069250373495,7.6923076923076925,300,324,25,0,299,320,22736,1,0,0,1,4
2020-10-09,US,Indiana,Fulton,276,2,0,41.0469907,-86.26252745,18049.0,1381.7963352358065,0.7246376811594203,274,270,2,0,268,267,20092,6,0,0,6,3
2020-10-09,US,Indiana,Gibson,703,9,0,38.30393723,-87.58054938,18051.0,2088.594432395496,1.2802275960170697,694,672,7,0,665,656,33452,31,2,0,29,16
2020-10-09,US,Indiana,Grant,1060,37,0,40.51587228,-85.65468702,18053.0,1611.7015615259463,3.4905660377358485,1023,1050,37,0,1013,1041,65936,10,0,0,10,9
2020-10-09,US,Indiana,Greene,454,36,0,39.03630547,-86.96223202,18055.0,1422.2166530919117,7.929515418502202,418,450,36,0,414,444,32006,4,0,0,4,6
2020-10-09,US,Indiana,Hamilton,5382,110,0,40.07306535,-86.05244729,18057.0,1592.2558733295666,2.0438498699368264,5272,5325,110,0,5215,5285,330086,57,0,0,57,40
2020-10-09,US,Indiana,Hancock,1010,44,0,39.82304555,-85.77566351,18059.0,1292.0888343055985,4.356435643564357,966,1006,44,0,962,989,76351,4,0,0,4,17
2020-10-09,US,Indiana,Harrison,654,24,0,38.19467379,-86.10948271,18061.0,1614.21695668271,3.669724770642202,630,649,24,0,625,643,40350,5,0,0,5,6
2020-10-09,US,Indiana,Hendricks,2926,128,0,39.76719009,-86.51037283,18063.0,1718.0334799278967,4.3745727956254274,2798,2890,128,0,2762,2881,167009,36,0,0,36,9
2020-10-09,US,Indiana,Henry,996,27,0,39.93029017,-85.39625719,18065.0,2076.211123155174,2.710843373493976,969,976,27,0,949,960,48271,20,0,0,20,16
2020-10-09,US,Indiana,Howard,1462,65,0,40.48527731,-86.11351892,18067.0,1771.1765846094204,4.4459644322845415,1397,1447,64,0,1383,1432,82366,15,1,0,14,15
2020-10-09,US,Indiana,Huntington,316,3,0,40.82907273,-85.48822092,18069.0,865.2792990142387,0.9493670886075948,313,308,3,0,305,301,36240,8,0,0,8,7
2020-10-09,US,Indiana,Jackson,890,10,0,38.90915820000001,-86.03851889,18071.0,2012.1634147995749,1.1235955056179776,880,869,10,0,859,864,44111,21,0,0,21,5
2020-10-09,US,Indiana,Jasper,432,3,0,41.02078733,-87.11553319,18073.0,1287.170013705977,0.6944444444444444,429,429,3,0,426,427,33370,3,0,0,3,2
2020-10-09,US,Indiana,Jay,233,2,0,40.43781032,-85.00576229,18075.0,1140.144842434919,0.8583690987124464,231,228,1,0,227,224,20764,5,1,0,4,4
2020-10-09,US,Indiana,Jefferson,288,4,0,38.78576239,-85.43633383,18077.0,891.4200817135072,1.3888888888888888,284,274,3,0,271,272,32208,14,1,0,13,2
2020-10-09,US,Indiana,Jennings,335,13,0,38.99588883,-85.62710784,18079.0,1207.860104561024,3.880597014925373,322,334,13,0,321,332,27611,1,0,0,1,2
2020-10-09,US,Indiana,Johnson,2609,126,0,39.48994426,-86.10149107,18081.0,1649.5223403111902,4.829436565733998,2483,2572,126,0,2446,2532,156225,37,0,0,37,40
2020-10-09,US,Indiana,Knox,591,10,0,38.68861576,-87.4194665,18083.0,1615.0188555500906,1.6920473773265652,581,587,10,0,577,584,36895,4,0,0,4,3
2020-10-09,US,Indiana,Kosciusko,1448,17,0,41.24521668,-85.86312322,18085.0,1822.392267418445,1.1740331491712708,1431,1436,17,0,1419,1411,79344,12,0,0,12,25
2020-10-09,US,Indiana,LaGrange,691,12,0,41.64232188,-85.42674232,18087.0,1744.3328116322516,1.7366136034732271,679,687,12,0,675,677,39330,4,0,0,4,10
2020-10-09,US,Indiana,LaPorte,1767,47,0,41.54366008,-86.74072188,18091.0,1608.0008736167733,2.6598754951895867,1720,1733,47,0,1686,1704,110007,34,0,0,34,29
2020-10-09,US,Indiana,Lake,11578,335,0,41.41874274,-87.38277575,18089.0,2384.792365698373,2.8934185524270166,11243,11419,335,0,11084,11344,484411,159,0,0,159,75
2020-10-09,US,Indiana,Lawrence,615,30,0,38.84112637,-86.48361629,18093.0,1355.5212695613839,4.878048780487805,585,598,30,0,568,577,45668,17,0,0,17,21
2020-10-09,US,Indiana,Madison,1953,81,0,40.16143691,-85.71964711,18095.0,1507.3049880758515,4.147465437788019,1872,1924,80,0,1844,1902,129641,29,1,0,28,22
2020-10-09,US,Indiana,Marion,22867,771,0,39.78163624,-86.13826325,18097.0,2370.6641840714424,3.3716709668955263,22096,22689,771,0,21918,22560,954670,178,0,0,178,129
2020-10-09,US,Indiana,Marshall,1123,26,0,41.32467367,-86.26185087,18099.0,2427.688183665528,2.315227070347284,1097,1105,26,0,1079,1091,46248,18,0,0,18,14
2020-10-09,US,Indiana,Martin,177,0,0,38.7099921,-86.80373186,18101.0,1725.9873232569475,0.0,177,177,0,0,177,174,10217,0,0,0,0,3
2020-10-09,US,Indiana,Miami,470,4,0,40.76940965,-86.04525048,18103.0,1323.3472237864626,0.851063829787234,466,459,4,0,455,455,35567,11,0,0,11,4
2020-10-09,US,Indiana,Monroe,2920,37,0,39.16130004,-86.52414358,18105.0,1967.2440393179322,1.2671232876712328,2883,2890,37,0,2853,2868,146917,30,0,0,30,22
2020-10-09,US,Indiana,Montgomery,518,22,0,40.04034823,-86.89335024,18107.0,1351.1398612342846,4.247104247104248,496,515,22,0,493,513,38346,3,0,0,3,2
2020-10-09,US,Indiana,Morgan,813,40,0,39.47899078,-86.44573375,18109.0,1153.3714480273518,4.920049200492005,773,798,40,0,758,786,70116,15,0,0,15,12
2020-10-09,US,Indiana,Newton,182,11,0,40.95610449,-87.39635768,18111.0,1301.487414187643,6.043956043956044,171,182,11,0,171,180,14011,0,0,0,0,2
2020-10-09,US,Indiana,Noble,981,33,0,41.39672484,-85.41966713,18113.0,2054.7084450402144,3.363914373088685,948,972,33,0,939,967,47532,9,0,0,9,5
2020-10-09,US,Indiana,Ohio,83,7,0,38.955304999999996,-84.96515993,18115.0,1412.7659574468084,8.433734939759036,76,83,7,0,76,81,5844,0,0,0,0,2
2020-10-09,US,Indiana,Orange,313,24,0,38.54118920000001,-86.49523093,18117.0,1593.1996335131832,7.667731629392972,289,306,24,0,282,303,19489,7,0,0,7,3
2020-10-09,US,Indiana,Owen,179,1,0,39.31145587,-86.83900724,18119.0,860.6182989566806,0.5586592178770949,178,177,1,0,176,177,20845,2,0,0,2,0
2020-10-09,US,Indiana,Parke,150,2,0,39.77202286,-87.20375833,18121.0,885.6350002952116,1.3333333333333333,148,146,2,0,144,143,16927,4,0,0,4,3
2020-10-09,US,Indiana,Perry,247,13,0,38.07809328,-86.63741946,18123.0,1288.538786582503,5.2631578947368425,234,246,13,0,233,241,19102,1,0,0,1,5
2020-10-09,US,Indiana,Pike,260,6,0,38.40112197,-87.23574907,18125.0,2098.6358866736623,2.3076923076923075,254,255,6,0,249,246,12410,5,0,0,5,9
2020-10-09,US,Indiana,Porter,2512,47,0,41.45986947,-87.06848888,18127.0,1474.2735739983216,1.8710191082802548,2465,2459,47,0,2412,2421,169594,53,0,0,53,38
2020-10-09,US,Indiana,Posey,504,3,0,38.02097333,-87.86480429,18129.0,1982.1449640146304,0.5952380952380952,501,485,3,0,482,469,25540,19,0,0,19,16
2020-10-09,US,Indiana,Pulaski,119,1,0,41.04166107,-86.69890683,18131.0,963.3287460535904,0.8403361344537815,118,117,1,0,116,117,12469,2,0,0,2,0
2020-10-09,US,Indiana,Putnam,638,14,0,39.66437981,-86.84517605,18133.0,1697.8922716627633,2.19435736677116,624,636,14,0,622,634,37779,2,0,0,2,2
2020-10-09,US,Indiana,Randolph,267,8,0,40.15734772,-85.01139319,18135.0,1082.5055747009933,2.9962546816479403,259,264,8,0,256,263,24851,3,0,0,3,1
2020-10-09,US,Indiana,Ripley,348,8,0,39.10235626,-85.26212744,18137.0,1228.6400225956786,2.2988505747126435,340,338,8,0,330,337,28523,10,0,0,10,1
2020-10-09,US,Indiana,Rush,164,4,0,39.62002287,-85.4655599,18139.0,989.083891200772,2.4390243902439024,160,164,4,0,160,165,16663,0,0,0,0,-1
2020-10-09,US,Indiana,Scott,454,11,0,38.68672078,-85.74627859,18143.0,1901.7299878523856,2.4229074889867843,443,443,11,0,432,441,23878,11,0,0,11,2
2020-10-09,US,Indiana,Shelby,711,29,0,39.52305623,-85.79158570000001,18145.0,1589.5727604015292,4.078762306610408,682,706,29,0,677,703,44593,5,0,0,5,3
2020-10-09,US,Indiana,Spencer,319,4,0,38.01519732,-87.0079644,18147.0,1573.2110272722794,1.2539184952978055,315,313,4,0,309,312,20327,6,0,0,6,1
2020-10-09,US,Indiana,St. Joseph,7620,137,0,41.61756781,-86.29040834,18141.0,2803.2638526115975,1.7979002624671916,7483,7500,134,0,7366,7419,270771,120,3,0,117,81
2020-10-09,US,Indiana,Starke,315,7,0,41.27890281,-86.64686895,18149.0,1369.86301369863,2.2222222222222223,308,306,7,0,299,297,22935,9,0,0,9,9
2020-10-09,US,Indiana,Steuben,465,9,0,41.64423868,-85.00101094,18151.0,1344.1637278140718,1.935483870967742,456,451,9,0,442,441,34586,14,0,0,14,10
2020-10-09,US,Indiana,Sullivan,366,12,0,39.08952258,-87.41414469,18153.0,1770.7678165368427,3.278688524590164,354,360,12,0,348,354,20690,6,0,0,6,6
2020-10-09,US,Indiana,Switzerland,72,0,0,38.82767338,-85.03022429,18155.0,669.7051437075621,0.0,72,72,0,0,72,72,10717,0,0,0,0,0
2020-10-09,US,Indiana,Tippecanoe,3035,13,0,40.38872739,-86.89413959,18157.0,1550.5895816728994,0.42833607907743,3022,2960,13,0,2947,2914,193048,75,0,0,75,46
2020-10-09,US,Indiana,Tipton,250,23,0,40.31123252,-86.05234925,18159.0,1650.3828888302087,9.2,227,247,23,0,224,247,15128,3,0,0,3,0
2020-10-09,US,Indiana,Unassigned,0,227,0,0.0,0.0,90018.0,0.0,0.0,-227,0,227,0,-227,0,,0,0,0,0,0
2020-10-09,US,Indiana,Union,83,0,0,39.62550777,-84.92497066,18161.0,1176.637368868727,0.0,83,83,0,0,83,82,7037,0,0,0,0,1
2020-10-09,US,Indiana,Vanderburgh,4652,41,0,38.02658833,-87.58763124,18163.0,2563.77754875972,0.88134135855546,4611,4526,37,0,4489,4449,180974,126,4,0,122,77
2020-10-09,US,Indiana,Vermillion,151,1,0,39.8523352,-87.46160542,18165.0,974.3192670021938,0.6622516556291391,150,147,1,0,146,144,15479,4,0,0,4,3
2020-10-09,US,Indiana,Vigo,2119,30,0,39.42944561,-87.39169027,18167.0,1979.6707711280105,1.4157621519584709,2089,2091,30,0,2061,2051,107386,28,0,0,28,40
2020-10-09,US,Indiana,Wabash,304,9,0,40.84704239,-85.79328272,18169.0,980.7717124790297,2.9605263157894735,295,296,9,0,287,293,31280,8,0,0,8,3
2020-10-09,US,Indiana,Warren,50,1,0,40.34728141,-87.35602659,18171.0,604.9606775559589,2.0,49,48,1,0,47,47,8263,2,0,0,2,1
2020-10-09,US,Indiana,Warrick,1638,56,0,38.08922676,-87.2716085,18173.0,2600.08254230293,3.418803418803418,1582,1608,56,0,1552,1595,62567,30,0,0,30,13
2020-10-09,US,Indiana,Washington,304,2,0,38.60219804,-86.1049363,18175.0,1084.32015979455,0.6578947368421053,302,298,2,0,296,292,27943,6,0,0,6,6
2020-10-09,US,Indiana,Wayne,904,16,0,39.863344399999995,-85.01044989,18177.0,1372.1085544289965,1.7699115044247788,888,880,16,0,864,856,65936,24,0,0,24,24
2020-10-09,US,Indiana,Wells,312,5,0,40.72934187,-85.22132966,18179.0,1102.6293469041561,1.6025641025641026,307,305,5,0,300,294,28206,7,0,0,7,11
2020-10-09,US,Indiana,White,514,15,0,40.74911165,-86.86492015,18181.0,2132.60310347689,2.9182879377431905,499,508,15,0,493,506,24133,6,0,0,6,2
2020-10-09,US,Indiana,Whitley,348,6,0,41.13863784,-85.50791236,18183.0,1024.6142974914617,1.7241379310344829,342,338,7,0,331,334,34074,10,-1,0,11,4
2020-10-09,US,Iowa,Adair,92,1,0,41.33075609,-94.47105874,19001.0,1286.3534675615213,1.0869565217391304,91,86,1,0,85,85,7063,6,0,0,6,1
2020-10-09,US,Iowa,Adams,52,0,0,41.02903567,-94.69932645,19003.0,1443.6424208772908,0.0,52,52,0,0,52,49,3645,0,0,0,0,3
2020-10-09,US,Iowa,Allamakee,291,8,0,43.28383218,-91.37860922,19005.0,2126.1050631986554,2.7491408934707904,283,286,8,0,278,281,13832,5,0,0,5,5
2020-10-09,US,Iowa,Appanoose,171,3,0,40.74324454,-92.86865906,19007.0,1376.1467889908256,1.7543859649122806,168,168,3,0,165,165,12437,3,0,0,3,3
2020-10-09,US,Iowa,Audubon,113,1,0,41.6844628,-94.90581859,19009.0,2056.0407569141194,0.8849557522123894,112,112,1,0,111,108,5506,1,0,0,1,4
2020-10-09,US,Iowa,Benton,397,1,0,42.08011739,-92.06463573,19011.0,1548.0600506921426,0.2518891687657431,396,385,1,0,384,377,25642,12,0,0,12,8
2020-10-09,US,Iowa,Black Hawk,4829,96,0,42.4704581,-92.30524729,19013.0,3679.85490901332,1.9879892317249948,4733,4784,95,0,4689,4732,132408,45,1,0,44,52
2020-10-09,US,Iowa,Boone,599,8,0,42.03657094,-93.9313999,19015.0,2283.296485476862,1.335559265442404,591,586,8,0,578,580,26346,13,0,0,13,6
2020-10-09,US,Iowa,Bremer,552,7,0,42.77461496,-92.31795937,19017.0,2202.5377064879103,1.2681159420289856,545,541,7,0,534,533,24947,11,0,0,11,8
2020-10-09,US,Iowa,Buchanan,339,1,0,42.4709188,-91.83510825,19019.0,1600.9445100354196,0.2949852507374631,338,334,1,0,333,327,21199,5,0,0,5,7
2020-10-09,US,Iowa,Buena Vista,2115,12,0,42.73545875,-95.15100162,19021.0,10779.816513761469,0.5673758865248227,2103,2104,12,0,2092,2082,19874,11,0,0,11,22
2020-10-09,US,Iowa,Butler,313,2,0,42.73172833,-92.79015971,19023.0,2167.7401482097102,0.6389776357827476,311,307,2,0,305,303,14539,6,0,0,6,4
2020-10-09,US,Iowa,Calhoun,238,3,0,42.38521079,-94.64046046,19025.0,2461.7294166321885,1.2605042016806722,235,234,3,0,231,221,9699,4,0,0,4,13
2020-10-09,US,Iowa,Carroll,873,6,0,42.03617207,-94.86032705,19027.0,4329.283411852221,0.6872852233676976,867,855,5,0,850,818,20154,18,1,0,17,37
2020-10-09,US,Iowa,Cass,219,2,0,41.33149454,-94.92792482,19029.0,1706.1389841071984,0.9132420091324199,217,207,2,0,205,200,12930,12,0,0,12,7
2020-10-09,US,Iowa,Cedar,297,3,0,41.77233777,-91.13246684,19031.0,1594.459655339024,1.0101010101010102,294,291,3,0,288,285,18627,6,0,0,6,6
2020-10-09,US,Iowa,Cerro Gordo,1172,23,0,43.08177563,-93.2612239,19033.0,2760.895170789164,1.9624573378839592,1149,1166,23,0,1143,1123,42647,6,0,0,6,43
2020-10-09,US,Iowa,Cherokee,325,2,0,42.73538914,-95.62389402,19035.0,2892.745883400089,0.6153846153846154,323,319,2,0,317,310,11321,6,0,0,6,9
2020-10-09,US,Iowa,Chickasaw,304,1,0,43.06001295,-92.31773347,19037.0,2547.557194335037,0.32894736842105265,303,303,1,0,302,296,11964,1,0,0,1,7
2020-10-09,US,Iowa,Clarke,285,3,0,41.02868181,-93.78499767,19039.0,3033.528472591804,1.0526315789473684,282,278,3,0,275,277,9423,7,0,0,7,1
2020-10-09,US,Iowa,Clay,415,4,0,43.08247182,-95.15096481,19041.0,2591.158841158841,0.9638554216867471,411,407,4,0,403,392,16134,8,0,0,8,15
2020-10-09,US,Iowa,Clayton,309,3,0,42.84443388,-91.34133693,19043.0,1760.7840902615533,0.9708737864077671,306,305,3,0,302,301,17556,4,0,0,4,4
2020-10-09,US,Iowa,Clinton,1247,25,0,41.89981633,-90.53275096,19045.0,2685.8213616489693,2.0048115477145148,1222,1237,24,0,1213,1233,46518,10,1,0,9,4
2020-10-09,US,Iowa,Crawford,1215,10,0,42.03718237,-95.3819718,19047.0,7223.543400713436,0.8230452674897121,1205,1188,9,0,1179,1182,17158,27,1,0,26,6
2020-10-09,US,Iowa,Dallas,3055,40,0,41.68560356,-94.04127625,19049.0,3269.0229313130662,1.3093289689034369,3015,3017,40,0,2977,2981,90180,38,0,0,38,36
2020-10-09,US,Iowa,Davis,142,4,0,40.74773536,-92.41005468,19051.0,1577.7777777777774,2.8169014084507036,138,139,4,0,135,137,9017,3,0,0,3,2
2020-10-09,US,Iowa,Decatur,99,0,0,40.73742757,-93.78645949,19053.0,1257.9415501905971,0.0,99,95,0,0,95,89,7890,4,0,0,4,6
2020-10-09,US,Iowa,Delaware,554,6,0,42.47104597,-91.3664492,19055.0,3256.716242431368,1.083032490974729,548,548,4,0,544,534,17069,6,2,0,4,14
2020-10-09,US,Iowa,Des Moines,983,9,0,40.92012606,-91.18326592,19057.0,2522.647368285985,0.9155645981688708,974,951,9,0,942,941,39138,32,0,0,32,10
2020-10-09,US,Iowa,Dickinson,624,7,0,43.37787725,-95.1510206,19059.0,3615.714451268977,1.1217948717948718,617,615,7,0,608,596,17153,9,0,0,9,19
2020-10-09,US,Iowa,Dubuque,4017,47,0,42.46815349,-90.88181925,19061.0,4128.00197305546,1.170027383619617,3970,3937,47,0,3890,3863,96854,80,0,0,80,74
2020-10-09,US,Iowa,Emmet,338,11,0,43.37782951,-94.67858943,19063.0,3670.7211120764564,3.2544378698224854,327,335,11,0,324,310,9253,3,0,0,3,25
2020-10-09,US,Iowa,Fayette,281,2,0,42.86271799,-91.84412309999999,19065.0,1430.0254452926208,0.7117437722419929,279,274,2,0,272,263,19660,7,0,0,7,11
2020-10-09,US,Iowa,Floyd,388,9,0,43.06000529999999,-92.78940097,19067.0,2480.5012146784297,2.31958762886598,379,388,9,0,379,382,15761,0,0,0,0,6
2020-10-09,US,Iowa,Franklin,361,18,0,42.73270384,-93.26256925,19069.0,3584.9056603773583,4.986149584487535,343,360,18,0,342,355,10124,1,0,0,1,5
2020-10-09,US,Iowa,Fremont,161,0,0,40.74542720000001,-95.60129045,19071.0,2313.2183908045977,0.0,161,158,0,0,158,154,6993,3,0,0,3,4
2020-10-09,US,Iowa,Greene,147,0,0,42.03614551,-94.39658081,19073.0,1653.9153915391541,0.0,147,145,0,0,145,141,8981,2,0,0,2,4
2020-10-09,US,Iowa,Grundy,252,4,0,42.40183723,-92.78829551,19075.0,2060.1700457815564,1.5873015873015872,248,250,4,0,246,246,12304,2,0,0,2,4
2020-10-09,US,Iowa,Guthrie,323,13,0,41.68378965,-94.50111014,19077.0,3021.7981102067547,4.0247678018575845,310,319,12,0,307,309,10720,4,1,0,3,10
2020-10-09,US,Iowa,Hamilton,382,3,0,42.38382428,-93.70197703,19079.0,2585.7984160292426,0.7853403141361257,379,371,3,0,368,348,14952,11,0,0,11,23
2020-10-09,US,Iowa,Hancock,243,4,0,43.08178477,-93.73454884,19081.0,2285.9830667920983,1.6460905349794241,239,236,3,0,233,219,10712,7,1,0,6,17
2020-10-09,US,Iowa,Hardin,340,3,0,42.38353877,-93.23654611,19083.0,2018.2832719933515,0.8823529411764706,337,332,2,0,330,331,16868,8,1,0,7,1
2020-10-09,US,Iowa,Harrison,424,5,0,41.68330137,-95.81558439,19085.0,3018.008399174318,1.179245283018868,419,371,5,0,366,363,14134,53,0,0,53,8
2020-10-09,US,Iowa,Henry,889,5,0,40.98767962,-91.54436349,19087.0,4455.247068256991,0.562429696287964,884,881,5,0,876,859,20067,8,0,0,8,22
2020-10-09,US,Iowa,Howard,209,7,0,43.35671042,-92.31702714,19089.0,2282.157676348548,3.3492822966507183,202,207,7,0,200,201,9187,2,0,0,2,6
2020-10-09,US,Iowa,Humboldt,240,3,0,42.7764426,-94.20722537,19091.0,2510.9855618330193,1.25,237,231,3,0,228,206,9547,9,0,0,9,25
2020-10-09,US,Iowa,Ida,155,2,0,42.38696136,-95.51355387,19093.0,2259.475218658892,1.2903225806451613,153,155,2,0,153,150,6841,0,0,0,0,5
2020-10-09,US,Iowa,Iowa,300,2,0,41.68630265,-92.0643373,19095.0,1853.6826495304003,0.6666666666666666,298,293,1,0,292,282,16141,7,1,0,6,11
2020-10-09,US,Iowa,Jackson,436,3,0,42.17178824,-90.57354837,19097.0,2242.9137301301507,0.6880733944954128,433,433,3,0,430,418,19432,3,0,0,3,15
2020-10-09,US,Iowa,Jasper,952,35,0,41.68576082,-93.05567785,19099.0,2560.1721124109185,3.6764705882352944,917,943,34,0,909,938,37147,9,1,0,8,5
2020-10-09,US,Iowa,Jefferson,168,1,0,41.03192394,-91.94849466,19101.0,918.2836840666847,0.5952380952380952,167,164,1,0,163,162,18381,4,0,0,4,2
2020-10-09,US,Iowa,Johnson,5414,29,0,41.67169354,-91.58754744,19103.0,3582.10930263332,0.5356483191725157,5385,5378,29,0,5349,5344,151260,36,0,0,36,34
2020-10-09,US,Iowa,Jones,342,3,0,42.12118609,-91.13139641,19105.0,1653.6917944006573,0.8771929824561403,339,332,3,0,329,326,20744,10,0,0,10,6
2020-10-09,US,Iowa,Keokuk,130,1,0,41.33649833,-92.1785067,19107.0,1268.7878196369315,0.7692307692307693,129,127,1,0,126,126,10225,3,0,0,3,1
2020-10-09,US,Iowa,Kossuth,366,0,0,43.20405458,-94.20691791,19109.0,2470.802673327483,0.0,366,352,0,0,352,335,14908,14,0,0,14,17
2020-10-09,US,Iowa,Lee,754,9,0,40.64181461,-91.48183025,19111.0,2240.2471996910003,1.1936339522546422,745,748,9,0,739,729,34055,6,0,0,6,19
2020-10-09,US,Iowa,Linn,4600,119,0,42.07923082,-91.59809485,19113.0,2029.059663176096,2.5869565217391304,4481,4567,117,0,4450,4503,225909,33,2,0,31,64
2020-10-09,US,Iowa,Louisa,456,15,0,41.21842119,-91.26102611,19115.0,4132.3062981422745,3.2894736842105265,441,455,15,0,440,453,11169,1,0,0,1,2
2020-10-09,US,Iowa,Lucas,164,6,0,41.02958964,-93.32780803,19117.0,1906.9767441860465,3.6585365853658534,158,164,6,0,158,163,8645,0,0,0,0,1
2020-10-09,US,Iowa,Lyon,465,5,0,43.38107862,-96.20926845,19119.0,3955.7635048915363,1.075268817204301,460,457,5,0,452,449,11811,8,0,0,8,8
2020-10-09,US,Iowa,Madison,293,2,0,41.33081904,-94.01554631,19121.0,1793.3651609744156,0.6825938566552902,291,282,2,0,280,276,16249,11,0,0,11,6
2020-10-09,US,Iowa,Mahaska,495,21,0,41.33521503,-92.64083907,19123.0,2240.325865580448,4.242424242424242,474,483,21,0,462,470,22000,12,0,0,12,13
2020-10-09,US,Iowa,Marion,848,9,0,41.33445101,-93.09934783,19125.0,2550.14585150212,1.0613207547169812,839,841,9,0,832,820,33407,7,0,0,7,21
2020-10-09,US,Iowa,Marshall,1859,36,0,42.03586837,-92.99908190000001,19127.0,4721.989382509079,1.9365250134480905,1823,1854,36,0,1818,1845,39981,5,0,0,5,9
2020-10-09,US,Iowa,Mills,263,1,0,41.03299766,-95.61920963,19129.0,1740.684360315044,0.3802281368821293,262,252,1,0,251,242,15063,11,0,0,11,10
2020-10-09,US,Iowa,Mitchell,205,0,0,43.35638371,-92.78887719,19131.0,1936.5199319856413,0.0,205,204,0,0,204,203,10569,1,0,0,1,1
2020-10-09,US,Iowa,Monona,193,1,0,42.05220391,-95.95743843,19133.0,2240.2785838653517,0.5181347150259067,192,188,1,0,187,182,8679,5,0,0,5,6
2020-10-09,US,Iowa,Monroe,191,11,0,41.02988815,-92.8690667,19135.0,2478.2665109640593,5.7591623036649215,180,179,11,0,168,173,7790,12,0,0,12,6
2020-10-09,US,Iowa,Montgomery,132,5,0,41.03018714,-95.15642896,19137.0,1331.0476958757688,3.787878787878788,127,119,5,0,114,117,10003,13,0,0,13,2
2020-10-09,US,Iowa,Muscatine,1206,57,0,41.48370744,-91.11216970000001,19139.0,2826.7391711982,4.726368159203981,1149,1197,56,0,1141,1184,42929,9,1,0,8,13
2020-10-09,US,Iowa,O'Brien,494,9,0,43.08310673,-95.62474482,19141.0,3591.943575947066,1.8218623481781375,485,489,9,0,480,474,13840,5,0,0,5,15
2020-10-09,US,Iowa,Osceola,203,0,0,43.37824276,-95.62422844,19143.0,3407.1836186639807,0.0,203,197,0,0,197,190,6040,6,0,0,6,7
2020-10-09,US,Iowa,Page,271,0,0,40.7393172,-95.1497813,19145.0,1793.8703912093729,0.0,271,263,0,0,263,258,15249,8,0,0,8,5
2020-10-09,US,Iowa,Palo Alto,255,0,0,43.08193849,-94.67824621,19147.0,2869.682646860229,0.0,255,248,0,0,248,242,8929,7,0,0,7,6
2020-10-09,US,Iowa,Plymouth,1348,24,0,42.737633,-96.21366621,19149.0,5354.093021408427,1.7804154302670625,1324,1335,24,0,1311,1306,25095,13,0,0,13,29
2020-10-09,US,Iowa,Pocahontas,189,2,0,42.73420133,-94.67862564,19151.0,2855.416226016015,1.058201058201058,187,189,2,0,187,183,6740,0,0,0,0,6
2020-10-09,US,Iowa,Polk,16933,276,0,41.68679484,-93.57767461,19153.0,3454.579209688245,1.6299533455382982,16657,16814,272,0,16542,16704,487204,119,4,0,115,110
2020-10-09,US,Iowa,Pottawattamie,2556,43,0,41.33640314,-95.53907776,19155.0,2742.312726648499,1.682316118935837,2513,2487,43,0,2444,2431,93533,69,0,0,69,56
2020-10-09,US,Iowa,Poweshiek,377,10,0,41.68625425,-92.53155731,19157.0,2037.397319498487,2.6525198938992043,367,371,10,0,361,365,18699,6,0,0,6,6
2020-10-09,US,Iowa,Ringgold,65,2,0,40.73518949,-94.24368535,19159.0,1328.156926849203,3.0769230769230766,63,64,2,0,62,61,4968,1,0,0,1,3
2020-10-09,US,Iowa,Sac,324,1,0,42.38624071,-95.10547892,19161.0,3332.9904330830163,0.308641975308642,323,318,1,0,317,305,9719,6,0,0,6,13
2020-10-09,US,Iowa,Scott,3494,29,0,41.63935978,-90.61959493,19163.0,2020.318833372845,0.8299942759015455,3465,3449,29,0,3420,3403,173283,45,0,0,45,46
2020-10-09,US,Iowa,Shelby,306,1,0,41.6850066,-95.31015553,19165.0,2671.555788370875,0.32679738562091504,305,300,1,0,299,292,11578,6,0,0,6,8
2020-10-09,US,Iowa,Sioux,2014,8,0,43.08221074,-96.17675679999999,19167.0,5778.224071151915,0.3972194637537239,2006,1995,7,0,1988,1947,34909,19,1,0,18,48
2020-10-09,US,Iowa,Story,3670,17,0,42.03621213,-93.46499005,19169.0,3778.947043257104,0.4632152588555858,3653,3654,17,0,3637,3630,98105,16,0,0,16,24
2020-10-09,US,Iowa,Tama,839,34,0,42.07991767,-92.53266945,19171.0,4978.0467544796475,4.052443384982122,805,829,34,0,795,821,16904,10,0,0,10,8
2020-10-09,US,Iowa,Taylor,192,1,0,40.73710579,-94.69778563,19173.0,3136.7423623590917,0.5208333333333334,191,190,1,0,189,169,6191,2,0,0,2,21
2020-10-09,US,Iowa,Unassigned,8,0,0,0.0,0.0,90019.0,0.0,0.0,8,8,0,0,8,7,,0,0,0,0,1
2020-10-09,US,Iowa,Union,177,3,0,41.0277278,-94.24234847,19175.0,1445.9602973613266,1.6949152542372878,174,169,3,0,166,160,12359,8,0,0,8,9
2020-10-09,US,Iowa,Van Buren,139,1,0,40.75326764,-91.95017958,19177.0,1973.3106189664968,0.7194244604316546,138,134,1,0,133,131,7020,5,0,0,5,3
2020-10-09,US,Iowa,Wapello,1411,58,0,41.03064984,-92.40954728,19179.0,4035.002430724356,4.110559886605245,1353,1405,58,0,1347,1399,35205,6,0,0,6,6
2020-10-09,US,Iowa,Warren,1031,6,0,41.33559454,-93.56007641,19181.0,2003.2642909882247,0.5819592628516004,1025,1022,6,0,1016,1011,51056,9,0,0,9,11
2020-10-09,US,Iowa,Washington,548,11,0,41.33577126,-91.71725711,19183.0,2494.8782153425905,2.0072992700729926,537,542,11,0,531,539,22141,6,0,0,6,3
2020-10-09,US,Iowa,Wayne,101,3,0,40.73969028,-93.32752197,19185.0,1568.079490762304,2.9702970297029703,98,98,3,0,95,97,6401,3,0,0,3,1
2020-10-09,US,Iowa,Webster,1544,14,0,42.42853483,-94.17987389,19187.0,4300.356506238859,0.9067357512953368,1530,1538,14,0,1524,1404,36277,6,0,0,6,134
2020-10-09,US,Iowa,Winnebago,360,16,0,43.37751174,-93.73407298,19189.0,3476.917133474985,4.4444444444444455,344,359,15,0,344,349,10518,1,1,0,0,10
2020-10-09,US,Iowa,Winneshiek,377,9,0,43.29094334,-91.84422722,19191.0,1885.8486318843482,2.3872679045092844,368,370,9,0,361,362,20029,7,0,0,7,8
2020-10-09,US,Iowa,Woodbury,6288,77,0,42.38979414,-96.0459439,19193.0,6098.519014227938,1.224554707379135,6211,6204,76,0,6128,6131,102539,84,1,0,83,73
2020-10-09,US,Iowa,Worth,117,0,0,43.37750768,-93.26087602,19195.0,1585.1510635415257,0.0,117,117,0,0,117,118,7453,0,0,0,0,-1
2020-10-09,US,Iowa,Wright,649,1,0,42.73305373,-93.73515113,19197.0,5166.374781085814,0.15408320493066255,648,637,1,0,636,626,12690,12,0,0,12,11
2020-10-09,US,Kansas,Allen,97,1,0,37.88582951,-95.30030847,20001.0,784.2186110437384,1.0309278350515465,96,97,1,0,96,97,12444,0,0,0,0,0
2020-10-09,US,Kansas,Anderson,86,0,0,38.21413251,-95.29272815,20003.0,1094.4260626113514,0.0,86,86,0,0,86,86,7878,0,0,0,0,0
2020-10-09,US,Kansas,Atchison,400,4,0,39.53185661,-95.30870026,20005.0,2488.645554656878,1.0,396,400,4,0,396,366,16193,0,0,0,0,34
2020-10-09,US,Kansas,Barber,18,0,0,37.2288586,-98.68460053,20007.0,406.5958888637904,0.0,18,12,0,0,12,12,4472,6,0,0,6,0
2020-10-09,US,Kansas,Barton,607,7,0,38.47889676,-98.75636726,20009.0,2354.6297373831408,1.1532125205930808,600,573,7,0,566,573,26111,34,0,0,34,0
2020-10-09,US,Kansas,Bourbon,215,3,0,37.85508555,-94.84865997,20011.0,1479.2899408284025,1.3953488372093024,212,215,3,0,212,215,14653,0,0,0,0,0
2020-10-09,US,Kansas,Brown,155,5,0,39.82652589,-95.56421698,20013.0,1620.6608113759933,3.2258064516129035,150,155,5,0,150,147,9598,0,0,0,0,8
2020-10-09,US,Kansas,Butler,674,3,0,37.78134351,-96.83878537,20015.0,1007.3082153905934,0.4451038575667656,671,661,3,0,658,654,66765,13,0,0,13,7
2020-10-09,US,Kansas,Chase,87,2,0,38.30292938,-96.59563862,20017.0,3285.498489425982,2.2988505747126435,85,87,2,0,85,87,2629,0,0,0,0,0
2020-10-09,US,Kansas,Chautauqua,22,0,0,37.14994405,-96.2454192,20019.0,676.9230769230769,0.0,22,21,0,0,21,21,3309,1,0,0,1,0
2020-10-09,US,Kansas,Cherokee,564,7,0,37.16928494,-94.8462897,20021.0,2828.6273133055824,1.2411347517730495,557,564,7,0,557,564,20015,0,0,0,0,0
2020-10-09,US,Kansas,Cheyenne,81,2,0,39.78580976,-101.7318201,20023.0,3048.55099736545,2.469135802469136,79,74,2,0,72,74,2660,7,0,0,7,0
2020-10-09,US,Kansas,Clark,55,1,0,37.23577007,-99.81883015,20025.0,2758.2748244734203,1.818181818181818,54,54,1,0,53,54,2005,1,0,0,1,0
2020-10-09,US,Kansas,Clay,63,2,0,39.34948772,-97.16518128,20027.0,787.3031742064484,3.1746031746031744,61,63,2,0,61,63,7997,0,0,0,0,0
2020-10-09,US,Kansas,Cloud,84,1,0,39.48028352,-97.64925343,20029.0,956.0664693831096,1.1904761904761905,83,74,1,0,73,74,8729,10,0,0,10,0
2020-10-09,US,Kansas,Coffey,136,9,0,38.2365018,-95.73379515,20031.0,1662.7949627093774,6.617647058823528,127,129,9,0,120,129,8233,7,0,0,7,0
2020-10-09,US,Kansas,Comanche,18,0,0,37.19114520000001,-99.27113247,20033.0,1058.8235294117646,0.0,18,16,0,0,16,16,1748,2,0,0,2,0
2020-10-09,US,Kansas,Cowley,412,9,0,37.23781842,-96.83776647,20035.0,1180.2452159963334,2.184466019417476,403,402,8,0,394,402,35218,10,1,0,9,0
2020-10-09,US,Kansas,Crawford,1131,8,0,37.50675523,-94.85245778,20037.0,2913.596784996651,0.7073386383731212,1123,1131,8,0,1123,1131,39019,0,0,0,0,0
2020-10-09,US,Kansas,Decatur,38,1,0,39.78468441,-100.45940809999999,20039.0,1344.1811107180756,2.631578947368421,37,30,1,0,29,30,2871,8,0,0,8,0
2020-10-09,US,Kansas,Dickinson,246,3,0,38.86600962,-97.15532383,20041.0,1332.1780569695654,1.2195121951219512,243,235,2,0,233,235,18717,11,1,0,10,0
2020-10-09,US,Kansas,Doniphan,141,0,0,39.79067154,-95.14056866,20043.0,1855.2631578947367,0.0,141,141,0,0,141,123,7682,0,0,0,0,18
2020-10-09,US,Kansas,Douglas,2576,14,0,38.88503636,-95.2925121,20045.0,2107.0023474754416,0.5434782608695652,2562,2527,14,0,2513,2498,121436,49,0,0,49,29
2020-10-09,US,Kansas,Edwards,56,0,0,37.88735543,-99.31263309,20047.0,2001.4295925661186,0.0,56,56,0,0,56,56,2849,0,0,0,0,0
2020-10-09,US,Kansas,Elk,13,0,0,37.45338105,-96.24369667,20049.0,513.8339920948616,0.0,13,3,0,0,3,3,2508,10,0,0,10,0
2020-10-09,US,Kansas,Ellis,1182,12,0,38.91458712,-99.31751551,20051.0,4139.670087206248,1.0152284263959392,1170,1145,9,0,1136,1145,28710,37,3,0,34,0
2020-10-09,US,Kansas,Ellsworth,124,0,0,38.69677695,-98.20462799,20053.0,2032.1206161914126,0.0,124,76,0,0,76,76,6196,48,0,0,48,0
2020-10-09,US,Kansas,Finney,2413,13,0,38.04340344,-100.73819379999999,20055.0,6616.94134422903,0.5387484459179445,2400,2368,12,0,2356,2312,36611,45,1,0,44,56
2020-10-09,US,Kansas,Ford,2983,13,0,37.69200114,-99.88825298,20057.0,8872.958743567626,0.4358028830036876,2970,2927,13,0,2914,2927,33888,56,0,0,56,0
2020-10-09,US,Kansas,Franklin,439,3,0,38.56443815,-95.28644341,20059.0,1718.6031944879426,0.683371298405467,436,427,3,0,424,428,25631,12,0,0,12,-1
2020-10-09,US,Kansas,Geary,338,4,0,38.99871131,-96.7577178,20061.0,1067.2560783075467,1.183431952662722,334,327,3,0,324,327,32594,11,1,0,10,0
2020-10-09,US,Kansas,Gove,130,2,0,38.91588178,-100.4829321,20063.0,4931.714719271624,1.5384615384615383,128,115,2,0,113,115,2612,15,0,0,15,0
2020-10-09,US,Kansas,Graham,45,1,0,39.34987223,-99.88332493,20065.0,1813.0539887187756,2.2222222222222223,44,45,1,0,44,45,2492,0,0,0,0,0
2020-10-09,US,Kansas,Grant,343,7,0,37.56227336,-101.3079758,20067.0,4797.202797202797,2.0408163265306123,336,334,7,0,327,334,7336,9,0,0,9,0
2020-10-09,US,Kansas,Gray,148,0,0,37.73836671,-100.4369088,20069.0,2471.609886439546,0.0,148,148,0,0,148,148,6033,0,0,0,0,0
2020-10-09,US,Kansas,Greeley,22,0,0,38.4808095,-101.8061079,20071.0,1785.7142857142858,0.0,22,10,0,0,10,10,1227,12,0,0,12,0
2020-10-09,US,Kansas,Greenwood,58,0,0,37.8774388,-96.23250453,20073.0,969.5753928452024,0.0,58,56,0,0,56,56,6055,2,0,0,2,0
2020-10-09,US,Kansas,Hamilton,47,0,0,37.99978709,-101.7921066,20075.0,1851.122489168964,0.0,47,45,0,0,45,45,2607,2,0,0,2,0
2020-10-09,US,Kansas,Harper,120,2,0,37.19175361,-98.07578384,20077.0,2207.5055187637968,1.6666666666666667,118,120,2,0,118,120,5506,0,0,0,0,0
2020-10-09,US,Kansas,Harvey,402,7,0,38.04293782,-97.42747573,20079.0,1167.6203200790032,1.7412935323383083,395,394,7,0,387,394,34210,8,0,0,8,0
2020-10-09,US,Kansas,Haskell,103,1,0,37.562039399999996,-100.8710738,20081.0,2595.766129032258,0.9708737864077671,102,103,1,0,102,103,3997,0,0,0,0,0
2020-10-09,US,Kansas,Hodgeman,30,0,0,38.08780079,-99.89829881,20083.0,1672.2408026755857,0.0,30,30,0,0,30,30,1818,0,0,0,0,0
2020-10-09,US,Kansas,Jackson,268,3,0,39.41673394,-95.79356799,20085.0,2034.7733657277356,1.1194029850746268,265,261,3,0,258,261,13280,7,0,0,7,0
2020-10-09,US,Kansas,Jefferson,222,4,0,39.2347941,-95.38289232,20087.0,1165.782702305309,1.8018018018018016,218,222,4,0,218,221,18975,0,0,0,0,1
2020-10-09,US,Kansas,Jewell,19,1,0,39.78470589,-98.21820662,20089.0,659.9513720041681,5.2631578947368425,18,17,1,0,16,17,2841,2,0,0,2,0
2020-10-09,US,Kansas,Johnson,12066,163,0,38.88548175,-94.82250877,20091.0,2002.984722800925,1.3509033648267859,11903,11949,161,0,11788,11817,597555,117,2,0,115,132
2020-10-09,US,Kansas,Kearny,107,1,0,38.00017981,-101.32168100000001,20093.0,2787.910369984367,0.9345794392523364,106,105,1,0,104,105,3943,2,0,0,2,0
2020-10-09,US,Kansas,Kingman,100,1,0,37.55909527,-98.13638678,20095.0,1398.2102908277404,1.0,99,96,1,0,95,96,7310,4,0,0,4,0
2020-10-09,US,Kansas,Kiowa,37,0,0,37.55848695,-99.2856537,20097.0,1494.949494949495,0.0,37,28,0,0,28,28,2516,9,0,0,9,0
2020-10-09,US,Kansas,Labette,274,5,0,37.19113093,-95.29849679,20099.0,1396.6765215618314,1.8248175182481752,269,262,5,0,257,262,19964,12,0,0,12,0
2020-10-09,US,Kansas,Lane,15,0,0,38.48119447,-100.46607540000001,20101.0,977.1986970684039,0.0,15,15,0,0,15,15,1560,0,0,0,0,0
2020-10-09,US,Kansas,Leavenworth,2334,15,0,39.20183497,-95.03620809,20103.0,2854.766506029991,0.6426735218508998,2319,2296,15,0,2281,2296,81352,38,0,0,38,0
2020-10-09,US,Kansas,Lincoln,15,1,0,39.04549684,-98.20756994,20105.0,506.41458474004054,6.666666666666668,14,14,0,0,14,14,3023,1,1,0,0,0
2020-10-09,US,Kansas,Linn,89,0,0,38.21267844,-94.84254089,20107.0,917.2420900752344,0.0,89,85,0,0,85,85,9750,4,0,0,4,0
2020-10-09,US,Kansas,Logan,51,0,0,38.91735806,-101.148475,20109.0,1825.340014316392,0.0,51,47,0,0,47,47,2844,4,0,0,4,0
2020-10-09,US,Kansas,Lyon,1191,37,0,38.45576156,-96.15275715,20111.0,3587.889742431089,3.1066330814441647,1154,1187,36,0,1151,1176,33406,4,1,0,3,11
2020-10-09,US,Kansas,Marion,94,1,0,38.35855394,-97.09852509999999,20115.0,790.9794681925277,1.0638297872340423,93,89,1,0,88,89,11950,5,0,0,5,0
2020-10-09,US,Kansas,Marshall,48,0,0,39.78359669,-96.52278974,20117.0,494.48851344390647,0.0,48,41,0,0,41,41,9722,7,0,0,7,0
2020-10-09,US,Kansas,McPherson,320,5,0,38.39184858,-97.64769869,20113.0,1121.154789433116,1.5625,315,315,5,0,310,306,28537,5,0,0,5,9
2020-10-09,US,Kansas,Meade,133,1,0,37.23859987,-100.36483100000001,20119.0,3297.7932060500866,0.7518796992481203,132,130,1,0,129,130,4146,3,0,0,3,0
2020-10-09,US,Kansas,Miami,433,1,0,38.56383358,-94.83832189,20121.0,1264.713613926454,0.2309468822170901,432,433,1,0,432,433,33680,0,0,0,0,0
2020-10-09,US,Kansas,Mitchell,56,0,0,39.39331582,-98.20906732,20123.0,936.6114734905502,0.0,56,48,0,0,48,48,6150,8,0,0,8,0
2020-10-09,US,Kansas,Montgomery,486,6,0,37.19236568,-95.74329258,20125.0,1526.9094222250146,1.2345679012345678,480,486,6,0,480,486,32120,0,0,0,0,0
2020-10-09,US,Kansas,Morris,45,0,0,38.68827511,-96.65128437,20127.0,800.711743772242,0.0,45,43,0,0,43,43,5521,2,0,0,2,0
2020-10-09,US,Kansas,Morton,30,2,0,37.19141121,-101.79925190000002,20129.0,1159.6443757247778,6.666666666666668,28,24,2,0,22,24,2667,6,0,0,6,0
2020-10-09,US,Kansas,Nemaha,169,1,0,39.78345387,-96.01392079,20131.0,1651.8424396442185,0.591715976331361,168,169,1,0,168,169,10155,0,0,0,0,0
2020-10-09,US,Kansas,Neosho,187,0,0,37.55862897,-95.30670046,20133.0,1168.238895483226,0.0,187,187,0,0,187,187,15951,0,0,0,0,0
2020-10-09,US,Kansas,Ness,101,7,0,38.47974157,-99.91547333,20135.0,3672.727272727273,6.9306930693069315,94,101,7,0,94,101,2840,0,0,0,0,0
2020-10-09,US,Kansas,Norton,147,0,0,39.78443827,-99.90286639,20137.0,2742.025741466144,0.0,147,60,0,0,60,60,5430,87,0,0,87,0
2020-10-09,US,Kansas,Osage,121,0,0,38.65235984,-95.72707998,20139.0,758.6682550630134,0.0,121,113,0,0,113,113,15941,8,0,0,8,0
2020-10-09,US,Kansas,Osborne,15,0,0,39.3503437,-98.76753828,20141.0,438.4682841274481,0.0,15,12,0,0,12,12,3475,3,0,0,3,0
2020-10-09,US,Kansas,Ottawa,91,0,0,39.13237408,-97.65020313,20143.0,1595.3716690042074,0.0,91,71,0,0,71,71,5802,20,0,0,20,0
2020-10-09,US,Kansas,Pawnee,397,1,0,38.18108732,-99.23692334,20145.0,6189.585282195198,0.2518891687657431,396,397,1,0,396,397,6562,0,0,0,0,0
2020-10-09,US,Kansas,Phillips,142,9,0,39.78465501,-99.34668865,20147.0,2713.0301872372947,6.338028169014086,133,140,9,0,131,138,5317,2,0,0,2,2
2020-10-09,US,Kansas,Pottawatomie,307,0,0,39.37925655,-96.34564657,20149.0,1259.0739449616535,0.0,307,307,0,0,307,294,24277,0,0,0,0,13
2020-10-09,US,Kansas,Pratt,87,0,0,37.64780729,-98.73922153,20151.0,949.3670886075952,0.0,87,83,0,0,83,83,9378,4,0,0,4,0
2020-10-09,US,Kansas,Rawlins,54,0,0,39.78525843,-101.07616170000001,20153.0,2134.387351778656,0.0,54,51,0,0,51,51,2508,3,0,0,3,0
2020-10-09,US,Kansas,Reno,1385,7,0,37.95230263,-98.08607292,20155.0,2233.943030420336,0.5054151624548736,1378,1306,6,0,1300,1253,62342,79,1,0,78,53
2020-10-09,US,Kansas,Republic,55,1,0,39.82799632,-97.65036709,20157.0,1186.367558239862,1.818181818181818,54,53,1,0,52,53,4664,2,0,0,2,0
2020-10-09,US,Kansas,Rice,95,1,0,38.34616184,-98.19992118,20159.0,996.1203732830028,1.0526315789473684,94,95,1,0,94,95,9531,0,0,0,0,0
2020-10-09,US,Kansas,Riley,1957,9,0,39.28935726,-96.73420026,20161.0,2636.329345834681,0.4598875830352581,1948,1949,9,0,1940,1949,73703,8,0,0,8,0
2020-10-09,US,Kansas,Rooks,128,7,0,39.35022773,-99.32484567,20163.0,2601.6260162601625,5.46875,121,119,7,0,112,119,5013,9,0,0,9,0
2020-10-09,US,Kansas,Rush,64,0,0,38.52275276,-99.30863983,20165.0,2108.0368906455865,0.0,64,64,0,0,64,64,3093,0,0,0,0,0
2020-10-09,US,Kansas,Russell,139,1,0,38.91462787,-98.76254297,20167.0,2027.421236872812,0.7194244604316546,138,116,1,0,115,116,6907,23,0,0,23,0
2020-10-09,US,Kansas,Saline,882,12,0,38.78369175,-97.65185177,20169.0,1626.5860135733255,1.3605442176870748,870,864,12,0,852,864,54401,18,0,0,18,0
2020-10-09,US,Kansas,Scott,133,1,0,38.48222076,-100.90665390000001,20171.0,2757.619738751814,0.7518796992481203,132,129,1,0,128,126,4897,4,0,0,4,3
2020-10-09,US,Kansas,Sedgwick,9220,104,0,37.6842718,-97.4608198,20173.0,1786.6762782874262,1.1279826464208242,9116,9117,94,0,9023,9029,513607,103,10,0,93,88
2020-10-09,US,Kansas,Seward,1844,7,0,37.19324632,-100.85072009999999,20175.0,8605.5628150084,0.3796095444685466,1837,1844,7,0,1837,1824,21780,0,0,0,0,20
2020-10-09,US,Kansas,Shawnee,2966,62,0,39.04100763,-95.75572640000001,20177.0,1676.8904593639575,2.0903573836817264,2904,2942,60,0,2882,2921,177499,24,2,0,22,21
2020-10-09,US,Kansas,Sheridan,56,0,0,39.35018161,-100.44182590000001,20179.0,2221.3407378024594,0.0,56,47,0,0,47,47,2533,9,0,0,9,0
2020-10-09,US,Kansas,Sherman,109,0,0,39.35147699,-101.71976240000001,20181.0,1842.1497380429266,0.0,109,54,0,0,54,54,5899,55,0,0,55,0
2020-10-09,US,Kansas,Smith,13,0,0,39.78516566,-98.78566062,20183.0,362.8244487859336,0.0,13,12,0,0,12,12,3603,1,0,0,1,0
2020-10-09,US,Kansas,Stafford,63,1,0,38.03100851,-98.71762001,20185.0,1515.8806544754568,1.5873015873015872,62,63,1,0,62,63,4178,0,0,0,0,0
2020-10-09,US,Kansas,Stanton,48,2,0,37.56304714,-101.78435340000001,20187.0,2392.8215353938185,4.166666666666667,46,48,2,0,46,48,1987,0,0,0,0,0
2020-10-09,US,Kansas,Stevens,188,1,0,37.1923008,-101.3118967,20189.0,3427.5296262534184,0.5319148936170213,187,180,1,0,179,180,5559,8,0,0,8,0
2020-10-09,US,Kansas,Sumner,218,3,0,37.23682549,-97.47721621,20191.0,954.6330355578908,1.3761467889908257,215,212,3,0,209,212,22996,6,0,0,6,0
2020-10-09,US,Kansas,Thomas,208,0,0,39.35107575,-101.0553705,20193.0,2674.5531696026746,0.0,208,204,0,0,204,200,7711,4,0,0,4,4
2020-10-09,US,Kansas,Trego,67,3,0,38.91467218,-99.87284448,20195.0,2390.2961113093115,4.477611940298506,64,64,3,0,61,64,2793,3,0,0,3,0
2020-10-09,US,Kansas,Wabaunsee,72,1,0,38.95471985,-96.20350509,20197.0,1038.8111383638725,1.3888888888888888,71,70,1,0,69,70,6899,2,0,0,2,0
2020-10-09,US,Kansas,Wallace,19,0,0,38.91686134,-101.76388759999999,20199.0,1251.6469038208168,0.0,19,19,0,0,19,19,1503,0,0,0,0,0
2020-10-09,US,Kansas,Washington,25,0,0,39.78420784,-97.08753229999999,20201.0,462.44913059563453,0.0,25,24,0,0,24,24,5420,1,0,0,1,0
2020-10-09,US,Kansas,Wichita,7,0,0,38.48178252,-101.3471509,20203.0,330.34450212364317,0.0,7,6,0,0,6,6,2105,1,0,0,1,0
2020-10-09,US,Kansas,Wilson,79,2,0,37.55937174,-95.74323255,20205.0,926.6862170087976,2.5316455696202533,77,70,2,0,68,70,8665,9,0,0,9,0
2020-10-09,US,Kansas,Woodson,24,0,0,37.8865336,-95.74006277,20207.0,764.8183556405354,0.0,24,24,0,0,24,24,3183,0,0,0,0,0
2020-10-09,US,Kansas,Wyandotte,7497,134,0,39.11727348,-94.76378225,20209.0,4531.853544420869,1.7873816193143923,7363,7446,134,0,7312,7394,165324,51,0,0,51,52
2020-10-09,US,Kentucky,Adair,367,19,0,37.10459774,-85.28129668,21001.0,1911.259243828768,5.177111716621253,348,356,19,0,337,352,19215,11,0,0,11,4
2020-10-09,US,Kentucky,Allen,427,9,0,36.75197631,-86.19457544,21003.0,2003.2840722495896,2.107728337236534,418,424,9,0,415,420,21122,3,0,0,3,4
2020-10-09,US,Kentucky,Anderson,191,1,0,38.00671029,-84.99171713,21005.0,839.671165428408,0.5235602094240838,190,190,1,0,189,189,22663,1,0,0,1,1
2020-10-09,US,Kentucky,Ballard,60,1,0,37.05842757,-88.99427697,21007.0,760.6490872210953,1.6666666666666667,59,60,1,0,59,59,7979,0,0,0,0,1
2020-10-09,US,Kentucky,Barren,852,13,0,36.96469836,-85.93338945,21009.0,1925.467242197564,1.5258215962441315,839,842,13,0,829,832,44176,10,0,0,10,10
2020-10-09,US,Kentucky,Bath,94,1,0,38.14735938,-83.74588932,21011.0,752.0,1.0638297872340423,93,94,1,0,93,93,12383,0,0,0,0,1
2020-10-09,US,Kentucky,Bell,546,16,0,36.73355174,-83.67766671,21013.0,2097.418561770129,2.93040293040293,530,541,16,0,525,534,26569,5,0,0,5,7
2020-10-09,US,Kentucky,Boone,1739,25,0,38.97065142,-84.72615357,21015.0,1301.8318473435593,1.437607820586544,1714,1714,25,0,1689,1710,131533,25,0,0,25,4
2020-10-09,US,Kentucky,Bourbon,230,1,0,38.2054607,-84.21827874,21017.0,1162.3205983424298,0.43478260869565216,229,230,1,0,229,221,20184,0,0,0,0,9
2020-10-09,US,Kentucky,Boyd,545,13,0,38.36176608,-82.68652187,21019.0,1166.573911554433,2.385321100917431,532,525,12,0,513,517,47240,20,1,0,19,8
2020-10-09,US,Kentucky,Boyle,336,0,0,37.62680923,-84.8633779,21021.0,1117.7644710578843,0.0,336,326,0,0,326,322,30100,10,0,0,10,4
2020-10-09,US,Kentucky,Bracken,42,0,0,38.69158994,-84.08532444,21023.0,505.8412621943876,0.0,42,42,0,0,42,42,8239,0,0,0,0,0
2020-10-09,US,Kentucky,Breathitt,100,0,0,37.52333168,-83.31959161,21025.0,791.7656373713382,0.0,100,100,0,0,100,98,12726,0,0,0,0,2
2020-10-09,US,Kentucky,Breckinridge,150,2,0,37.77377239,-86.42885017,21027.0,732.5291790789666,1.3333333333333333,148,150,2,0,148,148,20388,0,0,0,0,2
2020-10-09,US,Kentucky,Bullitt,1029,12,0,37.97162523,-85.68955617,21029.0,1259.8560164552625,1.1661807580174928,1017,1011,12,0,999,997,81069,18,0,0,18,14
2020-10-09,US,Kentucky,Butler,365,16,0,37.20946153,-86.68748787,21031.0,2834.070968242876,4.383561643835616,349,362,16,0,346,356,12772,3,0,0,3,6
2020-10-09,US,Kentucky,Caldwell,188,0,0,37.14749129,-87.86948214,21033.0,1474.8568290578173,0.0,188,186,0,0,186,178,12715,2,0,0,2,8
2020-10-09,US,Kentucky,Calloway,724,9,0,36.62093411,-88.2731593,21035.0,1856.36265736776,1.2430939226519335,715,712,9,0,703,690,39135,12,0,0,12,22
2020-10-09,US,Kentucky,Campbell,959,16,0,38.94384345,-84.37875208,21037.0,1024.747820140195,1.6684045881126173,943,948,16,0,932,939,93152,11,0,0,11,9
2020-10-09,US,Kentucky,Carlisle,86,1,0,36.85372876,-88.96692220000001,21039.0,1806.7226890756306,1.162790697674419,85,86,1,0,85,86,4771,0,0,0,0,0
2020-10-09,US,Kentucky,Carroll,206,5,0,38.66599534,-85.12601074,21041.0,1937.7292822876493,2.4271844660194173,201,203,5,0,198,203,10737,3,0,0,3,0
2020-10-09,US,Kentucky,Carter,251,3,0,38.31690743,-83.05092385,21043.0,936.672015524126,1.195219123505976,248,244,3,0,241,239,27004,7,0,0,7,5
2020-10-09,US,Kentucky,Casey,284,15,0,37.32533118,-84.92726209,21045.0,1757.5345008973327,5.28169014084507,269,283,15,0,268,283,15888,1,0,0,1,0
2020-10-09,US,Kentucky,Christian,1514,25,0,36.89267803,-87.49055367,21047.0,2148.7063765771136,1.6512549537648613,1489,1490,25,0,1465,1482,71671,24,0,0,24,8
2020-10-09,US,Kentucky,Clark,388,10,0,37.9689263,-84.14615986,21049.0,1069.9611173923834,2.5773195876288657,378,378,10,0,368,376,36249,10,0,0,10,2
2020-10-09,US,Kentucky,Clay,361,6,0,37.16451126,-83.712575,21051.0,1813.9791970252752,1.6620498614958448,355,355,6,0,349,352,20105,6,0,0,6,3
2020-10-09,US,Kentucky,Clinton,149,2,0,36.72581156,-85.13377529,21053.0,1458.211000195733,1.342281879194631,147,146,2,0,144,145,10206,3,0,0,3,1
2020-10-09,US,Kentucky,Crittenden,128,1,0,37.35839237,-88.08826090000002,21055.0,1453.5543947308654,0.78125,127,128,1,0,127,127,8915,0,0,0,0,1
2020-10-09,US,Kentucky,Cumberland,111,0,0,36.78926125,-85.39050034,21057.0,1678.2582400967644,0.0,111,111,0,0,111,110,6659,0,0,0,0,1
2020-10-09,US,Kentucky,Daviess,1656,18,0,37.73028906,-87.09019479999998,21059.0,1631.3502970121467,1.0869565217391304,1638,1640,17,0,1623,1607,101104,16,1,0,15,33
2020-10-09,US,Kentucky,Edmonson,149,12,0,37.21218923,-86.23955613,21061.0,1226.3374485596707,8.053691275167786,137,148,12,0,136,146,12274,1,0,0,1,2
2020-10-09,US,Kentucky,Elliott,53,0,0,38.11624059,-83.09771563,21063.0,705.0685113742185,0.0,53,48,0,0,48,46,7508,5,0,0,5,2
2020-10-09,US,Kentucky,Estill,205,0,0,37.69241417,-83.95956369,21065.0,1453.2822912235931,0.0,205,205,0,0,205,205,14198,0,0,0,0,0
2020-10-09,US,Kentucky,Fayette,9027,79,0,38.0368225,-84.45576892,21067.0,2793.422290439174,0.8751523208153318,8948,8991,79,0,8912,8938,323780,36,0,0,36,53
2020-10-09,US,Kentucky,Fleming,92,0,0,38.36758311,-83.69657514,21069.0,630.9580961525272,0.0,92,92,0,0,92,90,14432,0,0,0,0,2
2020-10-09,US,Kentucky,Floyd,221,4,0,37.56213922,-82.74750924,21071.0,620.978392199837,1.8099547511312215,217,215,4,0,211,213,35845,6,0,0,6,2
2020-10-09,US,Kentucky,Franklin,754,12,0,38.2379395,-84.87962551,21073.0,1478.6923182522405,1.5915119363395225,742,749,12,0,737,742,50815,5,0,0,5,7
2020-10-09,US,Kentucky,Fulton,187,3,0,36.55238827,-89.20140068,21075.0,3132.8530742167877,1.60427807486631,184,180,3,0,177,179,6120,7,0,0,7,1
2020-10-09,US,Kentucky,Gallatin,101,8,0,38.75398691,-84.8558382,21077.0,1138.7980606607284,7.920792079207921,93,101,8,0,93,101,8832,0,0,0,0,0
2020-10-09,US,Kentucky,Garrard,200,3,0,37.638866799999995,-84.53289319,21079.0,1132.1181931393635,1.5,197,196,3,0,193,193,17560,4,0,0,4,3
2020-10-09,US,Kentucky,Grant,198,6,0,38.64962758,-84.62415957,21081.0,789.8200965335674,3.0303030303030303,192,195,6,0,189,194,25121,3,0,0,3,1
2020-10-09,US,Kentucky,Graves,813,29,0,36.72292505,-88.65143315,21083.0,2181.613266784737,3.567035670356704,784,805,29,0,776,794,37317,8,0,0,8,11
2020-10-09,US,Kentucky,Grayson,419,14,0,37.46231118,-86.34248968,21085.0,1585.4996783592535,3.3412887828162283,405,419,14,0,405,416,26321,0,0,0,0,3
2020-10-09,US,Kentucky,Green,287,8,0,37.26484328,-85.5540745,21087.0,2623.1605886116445,2.787456445993032,279,286,8,0,278,285,11049,1,0,0,1,1
2020-10-09,US,Kentucky,Greenup,483,5,0,38.54332505,-82.9215658,21089.0,1376.1467889908256,1.0351966873706004,478,481,5,0,476,476,35268,2,0,0,2,5
2020-10-09,US,Kentucky,Hancock,102,0,0,37.83766422,-86.78280584,21091.0,1169.4565466636093,0.0,102,101,0,0,101,100,8758,1,0,0,1,1
2020-10-09,US,Kentucky,Hardin,1487,11,0,37.6976111,-85.96319251,21093.0,1340.1467221831685,0.7397444519166106,1476,1469,11,0,1458,1448,110356,18,0,0,18,21
2020-10-09,US,Kentucky,Harlan,510,12,0,36.85699301,-83.21899516,21095.0,1960.7843137254904,2.3529411764705883,498,507,12,0,495,503,26409,3,0,0,3,4
2020-10-09,US,Kentucky,Harrison,204,1,0,38.44188174,-84.32869741,21097.0,1080.1652017367362,0.4901960784313725,203,203,0,0,203,199,18778,1,1,0,0,4
2020-10-09,US,Kentucky,Hart,207,1,0,37.29943898,-85.88461055,21099.0,1087.4704491725768,0.4830917874396135,206,204,1,0,203,196,18906,3,0,0,3,8
2020-10-09,US,Kentucky,Henderson,1022,8,0,37.79344553,-87.57392021,21101.0,2260.561822605618,0.7827788649706457,1014,1005,6,0,999,974,45591,17,2,0,15,31
2020-10-09,US,Kentucky,Henry,212,2,0,38.44942688,-85.11587507,21103.0,1314.6471536648892,0.9433962264150944,210,209,2,0,207,207,16106,3,0,0,3,2
2020-10-09,US,Kentucky,Hickman,87,1,0,36.67948079999999,-88.97875928,21105.0,1986.3013698630136,1.1494252873563218,86,87,1,0,86,87,4421,0,0,0,0,0
2020-10-09,US,Kentucky,Hopkins,792,39,0,37.30939025,-87.54670406,21107.0,1772.3671843530415,4.924242424242424,753,756,39,0,717,724,45068,36,0,0,36,32
2020-10-09,US,Kentucky,Jackson,396,17,0,37.41866422,-83.99825483,21109.0,2970.965563808237,4.292929292929293,379,393,17,0,376,391,13442,3,0,0,3,2
2020-10-09,US,Kentucky,Jefferson,17565,320,0,38.18664655,-85.65931031,21111.0,2290.817038514157,1.8218047253060063,17245,17315,319,0,16996,17165,770517,250,1,0,249,150
2020-10-09,US,Kentucky,Jessamine,724,0,0,37.87119786,-84.58252003,21113.0,1337.891527302966,0.0,724,702,0,0,702,683,53920,22,0,0,22,19
2020-10-09,US,Kentucky,Johnson,186,2,0,37.85106355,-82.8264322,21115.0,838.2909680908597,1.075268817204301,184,180,2,0,178,178,22386,6,0,0,6,2
2020-10-09,US,Kentucky,Kenton,2196,49,0,38.93950319,-84.53241199,21117.0,1314.9858082132719,2.231329690346084,2147,2179,49,0,2130,2166,166051,17,0,0,17,13
2020-10-09,US,Kentucky,Knott,250,1,0,37.35388197,-82.94981134,21119.0,1688.5046602728626,0.4,249,248,1,0,247,247,15126,2,0,0,2,1
2020-10-09,US,Kentucky,Knox,592,9,0,36.89225732,-83.85403396,21121.0,1900.7866431208856,1.5202702702702702,583,572,9,0,563,570,31304,20,0,0,20,2
2020-10-09,US,Kentucky,Larue,164,1,0,37.54567114,-85.70138352,21123.0,1139.0470898735934,0.6097560975609756,163,162,1,0,161,153,14307,2,0,0,2,9
2020-10-09,US,Kentucky,Laurel,1123,6,0,37.10975748,-84.11321779,21125.0,1846.6446319043625,0.5342831700801425,1117,1094,6,0,1088,1076,60669,29,0,0,29,18
2020-10-09,US,Kentucky,Lawrence,78,0,0,38.07136018,-82.72882223,21127.0,509.2381014558987,0.0,78,77,0,0,77,73,15571,1,0,0,1,4
2020-10-09,US,Kentucky,Lee,18,0,0,37.59645942,-83.71513901,21129.0,243.1446710792921,0.0,18,18,0,0,18,18,7033,0,0,0,0,0
2020-10-09,US,Kentucky,Leslie,102,0,0,37.09246661,-83.37999606,21131.0,1032.7022375215147,0.0,102,101,0,0,101,99,10143,1,0,0,1,2
2020-10-09,US,Kentucky,Letcher,238,2,0,37.12306748,-82.85346474,21133.0,1104.254628126015,0.8403361344537815,236,229,2,0,227,219,21899,9,0,0,9,10
2020-10-09,US,Kentucky,Lewis,245,15,0,38.53184419,-83.37735618,21135.0,1845.5743879472693,6.1224489795918355,230,240,15,0,225,238,13257,5,0,0,5,2
2020-10-09,US,Kentucky,Lincoln,246,16,0,37.45475628,-84.6565327,21137.0,1002.077477697666,6.5040650406504055,230,244,16,0,228,242,24644,2,0,0,2,2
2020-10-09,US,Kentucky,Livingston,99,1,0,37.21137452,-88.34797529,21139.0,1076.7892103545794,1.0101010101010102,98,97,1,0,96,96,9242,2,0,0,2,1
2020-10-09,US,Kentucky,Logan,612,30,0,36.85949479,-86.877635,21141.0,2258.135930927607,4.901960784313727,582,604,29,0,575,599,26989,8,1,0,7,5
2020-10-09,US,Kentucky,Lyon,85,4,0,37.02080035,-88.07886257,21143.0,1035.3227771010963,4.705882352941177,81,83,4,0,79,82,8009,2,0,0,2,1
2020-10-09,US,Kentucky,Madison,1981,7,0,37.71659336,-84.27220275,21151.0,2130.405325475604,0.353356890459364,1974,1967,7,0,1960,1951,92368,14,0,0,14,16
2020-10-09,US,Kentucky,Magoffin,108,0,0,37.70820545,-83.0657714,21153.0,888.0848614423156,0.0,108,106,0,0,106,104,12362,2,0,0,2,2
2020-10-09,US,Kentucky,Marion,264,8,0,37.55218078,-85.26898542,21155.0,1369.7919369065532,3.0303030303030303,256,259,8,0,251,249,19404,5,0,0,5,10
2020-10-09,US,Kentucky,Marshall,364,4,0,36.88007070000001,-88.32803576,21157.0,1170.4180064308682,1.0989010989010992,360,361,4,0,357,353,31191,3,0,0,3,8
2020-10-09,US,Kentucky,Martin,97,3,0,37.79990579,-82.51247478,21159.0,866.4582402858417,3.0927835051546397,94,95,3,0,92,94,11323,2,0,0,2,1
2020-10-09,US,Kentucky,Mason,136,2,0,38.59471935,-83.82151043,21161.0,796.7193907439952,1.4705882352941178,134,135,2,0,133,134,17150,1,0,0,1,1
2020-10-09,US,Kentucky,McCracken,835,11,0,37.05350953,-88.70445755,21145.0,1276.4071050781129,1.3173652694610778,824,823,10,0,813,813,65346,12,1,0,11,10
2020-10-09,US,Kentucky,McCreary,218,1,0,36.73874143,-84.48102924,21147.0,1265.1616272996346,0.4587155963302753,217,215,1,0,214,212,17408,3,0,0,3,3
2020-10-09,US,Kentucky,McLean,99,1,0,37.5301951,-87.26803443,21149.0,1075.268817204301,1.0101010101010102,98,97,1,0,96,93,9252,2,0,0,2,4
2020-10-09,US,Kentucky,Meade,267,3,0,37.96163597,-86.21028219,21163.0,934.4813103737926,1.1235955056179776,264,259,3,0,256,252,28715,8,0,0,8,7
2020-10-09,US,Kentucky,Menifee,67,1,0,37.94090733,-83.59985712,21165.0,1032.5165664971491,1.492537313432836,66,67,1,0,66,66,6451,0,0,0,0,1
2020-10-09,US,Kentucky,Mercer,279,5,0,37.81474237,-84.87488475,21167.0,1272.055806319245,1.7921146953405018,274,281,5,0,276,277,21774,-2,0,0,-2,4
2020-10-09,US,Kentucky,Metcalfe,137,2,0,36.99459295,-85.63123699,21169.0,1360.3415748187865,1.45985401459854,135,135,2,0,133,132,10030,2,0,0,2,3
2020-10-09,US,Kentucky,Monroe,227,4,0,36.71225341,-85.71596443,21171.0,2131.455399061033,1.7621145374449338,223,225,4,0,221,222,10718,2,0,0,2,3
2020-10-09,US,Kentucky,Montgomery,323,3,0,38.03253032,-83.9145241,21173.0,1147.1392548922115,0.9287925696594428,320,322,3,0,319,314,28203,1,0,0,1,8
2020-10-09,US,Kentucky,Morgan,90,0,0,37.92465657,-83.25558245,21175.0,676.2341272822903,0.0,90,85,0,0,85,82,13345,5,0,0,5,3
2020-10-09,US,Kentucky,Muhlenberg,834,12,0,37.21425819,-87.14632053,21177.0,2723.5321011037813,1.4388489208633093,822,825,12,0,813,816,30774,9,0,0,9,9
2020-10-09,US,Kentucky,Nelson,576,4,0,37.80335779,-85.4657193,21179.0,1245.863344364415,0.6944444444444444,572,568,4,0,564,555,45851,8,0,0,8,13
2020-10-09,US,Kentucky,Nicholas,61,1,0,38.33342292,-84.01889177,21181.0,839.1800797908928,1.639344262295082,60,61,1,0,60,58,7166,0,0,0,0,3
2020-10-09,US,Kentucky,Ohio,507,9,0,37.47751843,-86.85368087,21183.0,2113.028257064266,1.7751479289940828,498,503,9,0,494,491,24087,4,0,0,4,12
2020-10-09,US,Kentucky,Oldham,1235,26,0,38.39791089,-85.448222,21185.0,1848.830072306472,2.1052631578947367,1209,1218,26,0,1192,1208,66470,17,0,0,17,10
2020-10-09,US,Kentucky,Owen,105,2,0,38.51679143,-84.82404619,21187.0,963.2143840014676,1.9047619047619049,103,104,2,0,102,104,10880,1,0,0,1,0
2020-10-09,US,Kentucky,Owsley,50,1,0,37.42823949,-83.68811419,21189.0,1132.5028312570782,2.0,49,50,1,0,49,49,4472,0,0,0,0,1
2020-10-09,US,Kentucky,Pendleton,103,0,0,38.69607718,-84.35599463,21191.0,705.9629883481838,0.0,103,103,0,0,103,103,14529,0,0,0,0,0
2020-10-09,US,Kentucky,Perry,364,9,0,37.25023553,-83.22922731,21193.0,1413.1531951238446,2.4725274725274726,355,360,9,0,351,354,26092,4,0,0,4,6
2020-10-09,US,Kentucky,Pike,557,3,0,37.47088263,-82.39487445,21195.0,962.4023774967172,0.5385996409335727,554,543,3,0,540,541,58402,14,0,0,14,2
2020-10-09,US,Kentucky,Powell,120,0,0,37.83218794,-83.82553961,21197.0,970.9523424225259,0.0,120,119,0,0,119,117,12442,1,0,0,1,2
2020-10-09,US,Kentucky,Pulaski,863,11,0,37.10466131,-84.57629079,21199.0,1328.121393065452,1.2746234067207416,852,850,11,0,839,846,64623,13,0,0,13,4
2020-10-09,US,Kentucky,Robertson,13,1,0,38.51923469,-84.05055616,21201.0,616.6982922201139,7.6923076923076925,12,13,1,0,12,13,2135,0,0,0,0,0
2020-10-09,US,Kentucky,Rockcastle,219,1,0,37.36642393,-84.31176452,21203.0,1311.769991015274,0.45662100456620996,218,213,1,0,212,211,16750,6,0,0,6,2
2020-10-09,US,Kentucky,Rowan,284,1,0,38.19484205,-83.42088935,21205.0,1161.07931316435,0.35211267605633795,283,280,1,0,279,275,24583,4,0,0,4,5
2020-10-09,US,Kentucky,Russell,287,6,0,36.99308373,-85.06070117,21207.0,1601.2944261563355,2.0905923344947737,281,280,6,0,274,276,17821,7,0,0,7,4
2020-10-09,US,Kentucky,Scott,896,16,0,38.29622293,-84.5816631,21209.0,1571.819521437092,1.7857142857142858,880,884,16,0,868,876,56031,12,0,0,12,8
2020-10-09,US,Kentucky,Shelby,1168,24,0,38.21476019,-85.194223,21211.0,2382.5065274151434,2.054794520547945,1144,1147,24,0,1123,1143,48518,21,0,0,21,4
2020-10-09,US,Kentucky,Simpson,296,8,0,36.74058474,-86.58047435,21213.0,1593.797113934956,2.702702702702702,288,297,8,0,289,294,18529,-1,0,0,-1,3
2020-10-09,US,Kentucky,Spencer,235,0,0,38.03223971,-85.32749335,21215.0,1214.4075241589585,0.0,235,233,0,0,233,232,18794,2,0,0,2,1
2020-10-09,US,Kentucky,Taylor,343,7,0,37.3677562,-85.3329931,21217.0,1331.0566960301135,2.0408163265306123,336,341,7,0,334,338,25549,2,0,0,2,3
2020-10-09,US,Kentucky,Todd,215,8,0,36.8381152,-87.17878374,21219.0,1748.8205628761996,3.72093023255814,207,212,8,0,204,213,12311,3,0,0,3,-1
2020-10-09,US,Kentucky,Trigg,201,0,0,36.80767017,-87.87333656,21221.0,1371.9200054603782,0.0,201,201,0,0,201,196,14643,0,0,0,0,5
2020-10-09,US,Kentucky,Trimble,73,0,0,38.61056487,-85.33775972,21223.0,861.7636642663202,0.0,73,73,0,0,73,72,8515,0,0,0,0,1
2020-10-09,US,Kentucky,Union,406,3,0,37.66166713,-87.94300009,21225.0,2823.1694597037763,0.7389162561576355,403,399,3,0,396,392,14505,7,0,0,7,7
2020-10-09,US,Kentucky,Warren,4598,56,0,36.99903045,-86.42672751,21227.0,3459.848302431977,1.2179208351457156,4542,4575,56,0,4519,4549,131264,23,0,0,23,26
2020-10-09,US,Kentucky,Washington,163,1,0,37.75599461,-85.17407732,21229.0,1347.664324100868,0.6134969325153374,162,158,1,0,157,157,12084,5,0,0,5,1
2020-10-09,US,Kentucky,Wayne,196,0,0,36.80310688,-84.8251971,21231.0,963.9502286922735,0.0,196,195,0,0,195,192,20468,1,0,0,1,3
2020-10-09,US,Kentucky,Webster,241,3,0,37.52168356,-87.67989953,21233.0,1862.15422654922,1.2448132780082988,238,230,3,0,227,220,13111,11,0,0,11,10
2020-10-09,US,Kentucky,Whitley,577,3,0,36.75700531,-84.14541217,21235.0,1591.1096404147365,0.5199306759098787,574,558,3,0,555,529,36242,19,0,0,19,29
2020-10-09,US,Kentucky,Wolfe,54,0,0,37.73941626,-83.49303612,21237.0,754.506077965628,0.0,54,53,0,0,53,53,7177,1,0,0,1,0
2020-10-09,US,Kentucky,Woodford,315,0,0,38.04178222,-84.7417556,21239.0,1178.2748559886286,0.0,315,310,0,0,310,308,26533,5,0,0,5,2
2020-10-09,US,Louisiana,Acadia,3015,99,0,30.295064899999996,-92.41419698,22001.0,4859.376259166734,3.2835820895522385,2916,3014,99,0,2915,3004,62190,1,0,0,1,10
2020-10-09,US,Louisiana,Allen,1719,51,0,30.65385745,-92.82442028,22003.0,6707.7691497249,2.9668411867364752,1668,1721,50,0,1671,1713,25605,-2,1,0,-3,8
2020-10-09,US,Louisiana,Ascension,3864,98,0,30.20406249,-90.91328409999998,22005.0,3052.0362705759694,2.5362318840579707,3766,3862,98,0,3764,3848,124672,2,0,0,2,14
2020-10-09,US,Louisiana,Assumption,772,24,0,29.89946234,-91.06461642,22007.0,3526.563427892741,3.1088082901554404,748,774,24,0,750,771,22300,-2,0,0,-2,3
2020-10-09,US,Louisiana,Avoyelles,1617,59,0,31.07796211,-92.00079449,22009.0,4027.9992028696693,3.648732220160792,1558,1610,58,0,1552,1599,40462,7,1,0,6,11
2020-10-09,US,Louisiana,Beauregard,1029,39,0,30.64836518,-93.34173616,22011.0,2744.219537563005,3.7900874635568513,990,1029,39,0,990,1028,37253,0,0,0,0,1
2020-10-09,US,Louisiana,Bienville,525,33,0,32.34569994,-93.05398492,22013.0,3964.957329506835,6.2857142857142865,492,520,33,0,487,514,13308,5,0,0,5,6
2020-10-09,US,Louisiana,Bossier,3534,110,0,32.67932307,-93.60460152,22015.0,2781.822904777273,3.1126202603282405,3424,3524,110,0,3414,3491,127185,10,0,0,10,33
2020-10-09,US,Louisiana,Caddo,9117,373,0,32.57991587,-93.88375652,22017.0,3795.523804765949,4.0912580892837545,8744,9107,370,0,8737,9027,242922,10,3,0,7,80
2020-10-09,US,Louisiana,Calcasieu,8028,219,0,30.22931235,-93.35400434,22019.0,3946.204211643957,2.7279521674140508,7809,8005,217,0,7788,7986,203112,23,2,0,21,19
2020-10-09,US,Louisiana,Caldwell,319,3,0,32.0902519,-92.11752148,22021.0,3216.374269005848,0.9404388714733544,316,318,3,0,315,313,9960,1,0,0,1,5
2020-10-09,US,Louisiana,Cameron,227,2,0,29.87592238,-93.19310676,22023.0,3255.4137387064393,0.8810572687224669,225,231,2,0,229,235,6968,-4,0,0,-4,-4
2020-10-09,US,Louisiana,Catahoula,442,12,0,31.66778967,-91.84526385,22025.0,4655.571940172741,2.7149321266968327,430,444,12,0,432,442,9608,-2,0,0,-2,2
2020-10-09,US,Louisiana,Claiborne,560,23,0,32.82308512,-92.99526883,22027.0,3573.7077217613273,4.107142857142857,537,547,23,0,524,548,15944,13,0,0,13,-1
2020-10-09,US,Louisiana,Concordia,528,15,0,31.44817835,-91.63814433,22029.0,2741.5753673607146,2.8409090909090913,513,525,15,0,510,525,19572,3,0,0,3,0
2020-10-09,US,Louisiana,De Soto,944,35,0,32.05457447,-93.74130302,22031.0,3437.352073699159,3.7076271186440684,909,942,35,0,907,933,27436,2,0,0,2,9
2020-10-09,US,Louisiana,East Baton Rouge,15446,446,0,30.53842039,-91.09777565,22033.0,3509.983888524039,2.8874789589537744,15000,15395,444,0,14951,15398,440956,51,2,0,49,-3
2020-10-09,US,Louisiana,East Carroll,550,5,0,32.73926954,-91.23425694,22035.0,8016.324150998396,0.9090909090909092,545,549,5,0,544,548,7037,1,0,0,1,1
2020-10-09,US,Louisiana,East Feliciana,1761,74,0,30.84425359,-91.04976723,22037.0,9203.031094852366,4.202157864849517,1687,1763,72,0,1691,1752,19305,-2,2,0,-4,11
2020-10-09,US,Louisiana,Evangeline,1351,35,0,30.72985248,-92.39915924,22039.0,4045.515795777812,2.5906735751295336,1316,1351,34,0,1317,1350,33443,0,1,0,-1,1
2020-10-09,US,Louisiana,Franklin,1239,41,0,32.13675181,-91.67589857,22041.0,6190.357232075944,3.3091202582728005,1198,1239,41,0,1198,1237,20156,0,0,0,0,2
2020-10-09,US,Louisiana,Grant,504,30,0,31.59882456,-92.56124347,22043.0,2251.10545357095,5.9523809523809526,474,503,30,0,473,502,22482,1,0,0,1,1
2020-10-09,US,Louisiana,Iberia,3015,91,0,29.86803617,-91.75871777,22045.0,4317.628526421309,3.0182421227197347,2924,3014,90,0,2924,2997,70941,1,1,0,0,17
2020-10-09,US,Louisiana,Iberville,1425,58,0,30.25734305,-91.3499598,22047.0,4383.1318630617325,4.0701754385964914,1367,1429,58,0,1371,1422,32721,-4,0,0,-4,7
2020-10-09,US,Louisiana,Jackson,719,22,0,32.30251776,-92.55692092,22049.0,4566.819105691057,3.05980528511822,697,718,22,0,696,703,15902,1,0,0,1,15
2020-10-09,US,Louisiana,Jefferson,17960,575,0,29.74075478,-90.11115756,22051.0,4152.668366886863,3.2015590200445434,17385,17947,573,0,17374,17913,434051,13,2,0,11,34
2020-10-09,US,Louisiana,Jefferson Davis,1293,41,0,30.26896765,-92.81210004,22053.0,4122.03519510329,3.17092034029389,1252,1282,39,0,1243,1283,31582,11,2,0,9,-1
2020-10-09,US,Louisiana,LaSalle,444,10,0,31.67884782,-92.15907765,22059.0,2981.4665592264305,2.2522522522522523,434,439,10,0,429,440,14917,5,0,0,5,-1
2020-10-09,US,Louisiana,Lafayette,9139,135,0,30.2049055,-92.06959876,22055.0,3739.514710094521,1.4771856877120035,9004,9120,135,0,8985,9106,242782,19,0,0,19,14
2020-10-09,US,Louisiana,Lafourche,3750,124,0,29.52470226,-90.40976986,22057.0,3841.662056672199,3.306666666666666,3626,3745,123,0,3622,3740,98115,5,1,0,4,5
2020-10-09,US,Louisiana,Lincoln,1469,48,0,32.6003154,-92.66597409999999,22061.0,3142.7837918788236,3.2675289312457454,1421,1471,48,0,1423,1462,47196,-2,0,0,-2,9
2020-10-09,US,Louisiana,Livingston,3933,76,0,30.44143993,-90.73061664,22063.0,2793.5421091136377,1.932367149758454,3857,3926,76,0,3850,3915,139567,7,0,0,7,11
2020-10-09,US,Louisiana,Madison,889,8,0,32.36918118,-91.23973355,22065.0,8117.980093142179,0.8998875140607424,881,888,8,0,880,888,11161,1,0,0,1,0
2020-10-09,US,Louisiana,Morehouse,838,23,0,32.81686191,-91.80421614,22067.0,3368.9796574736674,2.7446300715990453,815,836,22,0,814,833,25398,2,1,0,1,3
2020-10-09,US,Louisiana,Natchitoches,1255,26,0,31.72321584,-93.09816516,22069.0,3288.9564442580845,2.0717131474103585,1229,1250,26,0,1224,1244,38659,5,0,0,5,6
2020-10-09,US,Louisiana,Orleans,12914,589,0,30.06971951,-89.92660315,22071.0,3310.059875328084,4.560941613752517,12325,12902,589,0,12313,12867,391006,12,0,0,12,35
2020-10-09,US,Louisiana,Ouachita,6541,151,0,32.47645559,-92.15704172,22073.0,4267.381702646808,2.3085155175049685,6390,6535,151,0,6384,6494,154475,6,0,0,6,41
2020-10-09,US,Louisiana,Plaquemines,790,19,0,29.42245447,-89.60322085,22075.0,3405.612794757943,2.4050632911392404,771,790,19,0,771,785,23410,0,0,0,0,5
2020-10-09,US,Louisiana,Pointe Coupee,1075,40,0,30.71409502,-91.60209535,22077.0,4947.077772664519,3.72093023255814,1035,1075,40,0,1035,1070,21940,0,0,0,0,5
2020-10-09,US,Louisiana,Rapides,4396,150,0,31.19778499,-92.52997303,22079.0,3390.7194866098976,3.4121929026387625,4246,4382,150,0,4232,4374,130562,14,0,0,14,8
2020-10-09,US,Louisiana,Red River,372,24,0,32.09530039,-93.34213308,22081.0,4406.5387348969425,6.451612903225807,348,369,24,0,345,368,8477,3,0,0,3,1
2020-10-09,US,Louisiana,Richland,810,15,0,32.41391005,-91.76634876,22083.0,4025.444786800517,1.851851851851852,795,805,14,0,791,801,20192,5,1,0,4,4
2020-10-09,US,Louisiana,Sabine,900,14,0,31.56388699,-93.55433981,22085.0,3768.2130296432756,1.5555555555555556,886,899,14,0,885,898,24032,1,0,0,1,1
2020-10-09,US,Louisiana,St. Bernard,1473,31,0,29.87761636,-89.51887093,22087.0,3117.8562357124715,2.104548540393754,1442,1473,31,0,1442,1470,46721,0,0,0,0,3
2020-10-09,US,Louisiana,St. Charles,1862,62,0,29.90709658,-90.35555967,22089.0,3506.591337099812,3.3297529538131037,1800,1866,62,0,1804,1860,52879,-4,0,0,-4,6
2020-10-09,US,Louisiana,St. Helena,423,4,0,30.82210324,-90.71013176,22091.0,4174.8914330833,0.9456264775413712,419,424,4,0,420,424,10262,-1,0,0,-1,0
2020-10-09,US,Louisiana,St. James,815,40,0,30.02531716,-90.80212061,22093.0,3863.2916192643156,4.9079754601227,775,816,40,0,776,812,21037,-1,0,0,-1,4
2020-10-09,US,Louisiana,St. John the Baptist,1602,105,0,30.12597499,-90.4753503,22095.0,3739.757686112473,6.5543071161048685,1497,1603,104,0,1499,1599,43184,-1,1,0,-2,4
2020-10-09,US,Louisiana,St. Landry,3439,130,0,30.59724262,-92.00135806,22097.0,4187.570016073255,3.7801686536783943,3309,3433,129,0,3304,3423,82764,6,1,0,5,10
2020-10-09,US,Louisiana,St. Martin,2132,61,0,30.13112107,-91.61403569,22099.0,3990.1929591435683,2.8611632270168856,2071,2131,61,0,2070,2119,53621,1,0,0,1,12
2020-10-09,US,Louisiana,St. Mary,1962,80,0,29.69262097,-91.44702164,22101.0,3975.845019048391,4.077471967380224,1882,1962,79,0,1883,1963,49774,0,1,0,-1,-1
2020-10-09,US,Louisiana,St. Tammany,7360,264,0,30.40942847,-89.95642711,22103.0,2826.214677116493,3.5869565217391304,7096,7349,264,0,7085,7329,258111,11,0,0,11,20
2020-10-09,US,Louisiana,Tangipahoa,4784,121,0,30.62888673,-90.40664996,22105.0,3550.0675284584217,2.5292642140468233,4663,4771,121,0,4650,4764,133777,13,0,0,13,7
2020-10-09,US,Louisiana,Tensas,162,2,0,32.00760749,-91.32915234,22107.0,3737.886479003231,1.2345679012345678,160,162,2,0,160,162,4462,0,0,0,0,0
2020-10-09,US,Louisiana,Terrebonne,3716,119,0,29.37343766,-90.82626855,22109.0,3364.083251102199,3.2023681377825617,3597,3718,119,0,3599,3708,111021,-2,0,0,-2,10
2020-10-09,US,Louisiana,Unassigned,245,193,0,0.0,0.0,90022.0,0.0,78.77551020408163,52,245,193,0,52,246,,0,0,0,0,-1
2020-10-09,US,Louisiana,Union,1020,46,0,32.83121059,-92.3749373,22111.0,4613.714492491406,4.5098039215686265,974,1019,46,0,973,1015,22330,1,0,0,1,4
2020-10-09,US,Louisiana,Vermilion,2069,67,0,29.83517605,-92.30292538,22113.0,3476.668178992119,3.2382793620106334,2002,2066,66,0,2000,2070,59830,3,1,0,2,-4
2020-10-09,US,Louisiana,Vernon,1091,52,0,31.10884837,-93.18153838,22115.0,2300.280419152839,4.766269477543538,1039,1089,52,0,1037,1085,48860,2,0,0,2,4
2020-10-09,US,Louisiana,Washington,1683,67,0,30.85288548,-90.03866652,22117.0,3643.3303026367053,3.9809863339275102,1616,1682,67,0,1615,1675,46582,1,0,0,1,7
2020-10-09,US,Louisiana,Webster,1351,30,0,32.70847669,-93.33121835,22119.0,3523.735002608242,2.220577350111029,1321,1352,28,0,1324,1347,38798,-1,2,0,-3,5
2020-10-09,US,Louisiana,West Baton Rouge,933,42,0,30.46058217,-91.30989571,22121.0,3525.4109200831285,4.501607717041801,891,928,42,0,886,927,26427,5,0,0,5,1
2020-10-09,US,Louisiana,West Carroll,354,10,0,32.78550125,-91.461201,22123.0,3268.698060941829,2.824858757062147,344,354,10,0,344,353,10982,0,0,0,0,1
2020-10-09,US,Louisiana,West Feliciana,738,25,0,30.87882871,-91.41485379999999,22125.0,4740.493319630011,3.3875338753387534,713,737,25,0,712,734,15460,1,0,0,1,3
2020-10-09,US,Louisiana,Winn,646,19,0,31.94449367,-92.63789413,22127.0,4646.144994246261,2.9411764705882355,627,646,19,0,627,645,14134,0,0,0,0,1
2020-10-09,US,Maine,Androscoggin,791,10,0,44.1664747,-70.20380627,23001.0,730.5337236901651,1.2642225031605565,781,786,10,0,776,780,107679,5,0,0,5,6
2020-10-09,US,Maine,Aroostook,51,1,0,46.65926321,-68.59841248,23003.0,76.0569681604653,1.96078431372549,50,51,1,0,50,51,67111,0,0,0,0,0
2020-10-09,US,Maine,Cumberland,2377,70,0,43.8370751,-70.37226999,23005.0,805.754517750667,2.944888514934792,2307,2374,70,0,2304,2361,293557,3,0,0,3,13
2020-10-09,US,Maine,Franklin,66,1,0,44.97330019,-70.44381045,23007.0,218.5502831219577,1.5151515151515151,65,64,1,0,63,64,29897,2,0,0,2,0
2020-10-09,US,Maine,Hancock,55,1,0,44.59816444,-68.38401854,23009.0,100.02364195173405,1.818181818181818,54,55,1,0,54,55,54811,0,0,0,0,0
2020-10-09,US,Maine,Kennebec,258,11,0,44.40759555,-69.76738544,23011.0,210.95321417474773,4.263565891472869,247,253,11,0,242,248,122083,5,0,0,5,5
2020-10-09,US,Maine,Knox,51,1,0,44.11486325,-69.10529169,23013.0,128.23091622246807,1.96078431372549,50,50,1,0,49,48,39771,1,0,0,1,2
2020-10-09,US,Maine,Lincoln,50,1,0,44.05996956,-69.54227124,23015.0,144.36680718369232,2.0,49,50,1,0,49,50,34342,0,0,0,0,0
2020-10-09,US,Maine,Oxford,152,2,0,44.49952995,-70.75682123,23017.0,262.1819749892195,1.3157894736842106,150,151,1,0,150,154,57618,1,1,0,0,-3
2020-10-09,US,Maine,Penobscot,268,6,0,45.40194593,-68.65020455,23019.0,176.14428056891973,2.238805970149253,262,268,6,0,262,267,151096,0,0,0,0,1
2020-10-09,US,Maine,Piscataquis,10,0,0,45.83839062,-69.2860223,23021.0,59.577003276735184,0.0,10,10,0,0,10,9,16800,0,0,0,0,1
2020-10-09,US,Maine,Sagadahoc,71,0,0,43.95415864,-69.85074999,23023.0,198.01427933958053,0.0,71,70,0,0,70,70,35634,1,0,0,1,0
2020-10-09,US,Maine,Somerset,103,8,0,45.51229767,-69.95995554,23025.0,204.02503763568654,7.766990291262137,95,99,8,0,91,96,50592,4,0,0,4,3
2020-10-09,US,Maine,Waldo,79,14,0,44.4858305,-69.12061935,23027.0,198.91728566032987,17.721518987341767,65,79,14,0,65,79,39694,0,0,0,0,0
2020-10-09,US,Maine,Washington,20,0,0,45.01607142,-67.62813524,23029.0,63.73689410115046,0.0,20,20,0,0,20,20,31490,0,0,0,0,0
2020-10-09,US,Maine,York,1263,17,0,43.47808377,-70.71052375,23031.0,608.2613741987373,1.3460015835312746,1246,1258,17,0,1241,1251,206229,5,0,0,5,7
2020-10-09,US,Maryland,Allegany,506,23,0,39.62357628,-78.69280486,24001.0,718.5866848443536,4.545454545454546,483,504,23,0,481,501,70975,2,0,0,2,3
2020-10-09,US,Maryland,Anne Arundel,10655,255,0,39.00670238,-76.60329337,24003.0,1839.4983719878321,2.393242609103708,10400,10572,254,0,10318,10527,576031,83,1,0,82,45
2020-10-09,US,Maryland,Baltimore,18792,642,0,39.45784712,-76.62911955,24005.0,2271.2933753943216,3.4163473818646226,18150,18668,640,0,18028,18522,828431,124,2,0,122,146
2020-10-09,US,Maryland,Baltimore City,16354,491,0,39.30211911,-76.61151012,24510.0,2755.5645419467887,3.0023235905588845,15863,16263,489,0,15774,16100,621342,91,2,0,89,163
2020-10-09,US,Maryland,Calvert,1047,28,0,38.53961642,-76.56820632,24009.0,1131.5860578222105,2.6743075453677174,1019,1041,28,0,1013,1032,92003,6,0,0,6,9
2020-10-09,US,Maryland,Caroline,677,7,0,38.87172293,-75.82904158,24011.0,2026.5820511285401,1.03397341211226,670,674,7,0,667,668,33304,3,0,0,3,6
2020-10-09,US,Maryland,Carroll,2051,126,0,39.56453592,-77.02373735,24013.0,1217.5936644760664,6.143344709897611,1925,2043,126,0,1917,2034,168429,8,0,0,8,9
2020-10-09,US,Maryland,Cecil,1148,36,0,39.56647682,-75.94627411,24015.0,1116.1343639103593,3.1358885017421603,1112,1139,36,0,1103,1134,102826,9,0,0,9,5
2020-10-09,US,Maryland,Charles,2904,101,0,38.51092331,-76.98580666,24017.0,1778.7904959664822,3.4779614325068877,2803,2888,101,0,2787,2878,161503,16,0,0,16,10
2020-10-09,US,Maryland,Dorchester,625,10,0,38.45413522,-76.02752426,24019.0,1957.4681324188045,1.6,615,622,10,0,612,617,31998,3,0,0,3,5
2020-10-09,US,Maryland,Frederick,4297,134,0,39.47296601,-77.39999394,24021.0,1655.5768319418066,3.1184547358622297,4163,4279,134,0,4145,4249,255648,18,0,0,18,30
2020-10-09,US,Maryland,Garrett,76,1,0,39.52786077,-79.27355126,24023.0,261.94251051216656,1.3157894736842106,75,76,1,0,75,76,29163,0,0,0,0,0
2020-10-09,US,Maryland,Harford,3227,76,0,39.55010644,-76.30775940000002,24025.0,1263.3054208212466,2.3551286024171056,3151,3207,76,0,3131,3191,253956,20,0,0,20,16
2020-10-09,US,Maryland,Howard,5357,123,0,39.25305293,-76.93126208,24027.0,1644.815622217446,2.296061228299421,5234,5322,123,0,5199,5292,323196,35,0,0,35,30
2020-10-09,US,Maryland,Kent,318,24,0,39.24976208,-76.04741541,24029.0,1637.3185047883844,7.547169811320754,294,316,24,0,292,315,19383,2,0,0,2,1
2020-10-09,US,Maryland,Montgomery,23403,854,0,39.13676329,-77.20358245,24031.0,2227.3976670524453,3.6491048156219286,22549,23293,852,0,22441,23194,1052567,110,2,0,108,99
2020-10-09,US,Maryland,Prince George's,30502,833,0,38.83070039,-76.8496441,24033.0,3354.3488755970075,2.730968461084519,29669,30356,833,0,29523,30226,909308,146,0,0,146,130
2020-10-09,US,Maryland,Queen Anne's,691,26,0,39.06198912,-76.03530977,24035.0,1371.548798158036,3.762662807525325,665,691,26,0,665,688,50251,0,0,0,0,3
2020-10-09,US,Maryland,Somerset,335,4,0,38.1163542,-75.75118623,24039.0,1307.7763897564025,1.1940298507462686,331,329,4,0,325,325,25675,6,0,0,6,4
2020-10-09,US,Maryland,St. Mary's,1361,58,0,38.30058422,-76.60629279999998,24037.0,1199.0133027927056,4.26157237325496,1303,1363,58,0,1305,1360,112664,-2,0,0,-2,3
2020-10-09,US,Maryland,Talbot,583,6,0,38.76618159,-76.10882561,24041.0,1568.0051639278124,1.0291595197255574,577,584,6,0,578,578,36968,-1,0,0,-1,6
2020-10-09,US,Maryland,Unassigned,0,12,0,0.0,0.0,90024.0,0.0,0.0,-12,0,8,0,-8,0,,0,4,0,-4,0
2020-10-09,US,Maryland,Washington,1955,41,0,39.60835778,-77.82002295,24043.0,1294.2819879641706,2.0971867007672635,1914,1926,41,0,1885,1917,150926,29,0,0,29,9
2020-10-09,US,Maryland,Wicomico,2175,49,0,38.37301947,-75.62705831,24045.0,2099.2384831433565,2.2528735632183907,2126,2157,49,0,2108,2135,103195,18,0,0,18,22
2020-10-09,US,Maryland,Worcester,1120,30,0,38.21274277,-75.33200012,24047.0,2142.4745581146226,2.6785714285714284,1090,1112,30,0,1082,1105,51823,8,0,0,8,7
2020-10-09,US,Massachusetts,Barnstable,1855,175,0,41.72980578,-70.28854339,25001.0,870.9329076482463,9.433962264150944,1680,1849,175,0,1674,1837,213413,6,0,0,6,12
2020-10-09,US,Massachusetts,Berkshire,729,51,0,42.37428441,-73.20524838,25003.0,583.4613907030349,6.99588477366255,678,726,51,0,675,726,126348,3,0,0,3,0
2020-10-09,US,Massachusetts,Bristol,10511,717,0,41.79228404,-71.10872211,25005.0,1859.6397489813648,6.821425173627628,9794,10452,716,0,9736,10423,564022,59,1,0,58,29
2020-10-09,US,Massachusetts,Dukes and Nantucket,197,2,0,41.40674725,-70.68763497,0.0,685.6705300894504,1.0152284263959392,195,194,2,0,192,192,26707,3,0,0,3,2
2020-10-09,US,Massachusetts,Essex,20945,1307,0,42.6687626,-70.94687179,25009.0,2654.511719393588,6.24015278109334,19638,20835,1306,0,19529,20768,790638,110,1,0,109,67
2020-10-09,US,Massachusetts,Franklin,424,69,0,42.58119713,-72.58602547,25011.0,604.1607295525789,16.273584905660382,355,424,69,0,355,422,70963,0,0,0,0,2
2020-10-09,US,Massachusetts,Hampden,8681,792,0,42.13440424,-72.63235561,25013.0,1861.3896203031052,9.123372883308372,7889,8621,791,0,7830,8611,470406,60,1,0,59,10
2020-10-09,US,Massachusetts,Hampshire,1349,149,0,42.33997957,-72.65898478,25015.0,838.7738605981473,11.045218680504076,1200,1345,148,0,1197,1341,161355,4,1,0,3,4
2020-10-09,US,Massachusetts,Middlesex,28796,2182,0,42.48607732,-71.39049229,25017.0,1786.6859754830152,7.577441311293235,26614,28638,2178,0,26460,28533,1614714,158,4,0,154,105
2020-10-09,US,Massachusetts,Norfolk,10739,1078,0,42.16073095,-71.20530408,25021.0,1519.4368787803753,10.038178601359533,9661,10666,1077,0,9589,10632,705388,73,1,0,72,34
2020-10-09,US,Massachusetts,Plymouth,10130,779,0,41.94070556,-70.80802823,25023.0,1943.5842533221287,7.690029615004937,9351,10058,778,0,9280,10024,518132,72,1,0,71,34
2020-10-09,US,Massachusetts,Suffolk,25382,1144,0,42.327951399999996,-71.07850442,25025.0,3157.330387718977,4.5071310377432825,24238,25273,1143,0,24130,25200,807252,109,1,0,108,73
2020-10-09,US,Massachusetts,Unassigned,2981,5,0,0.0,0.0,90025.0,0.0,0.1677289500167729,2976,2950,5,0,2945,2919,,31,0,0,31,31
2020-10-09,US,Massachusetts,Worcester,14982,1127,0,42.35026951,-71.90493363,25027.0,1803.7085461256745,7.522360165531973,13855,14905,1126,0,13779,14864,830839,77,1,0,76,41
2020-10-09,US,Michigan,Alcona,49,2,0,44.6846864,-83.59507875,26001.0,470.92743873137914,4.081632653061225,47,49,2,0,47,49,10362,0,0,0,0,0
2020-10-09,US,Michigan,Alger,41,0,0,46.41292944,-86.60260122,26003.0,450.15371102327623,0.0,41,36,0,0,36,32,9097,5,0,0,5,4
2020-10-09,US,Michigan,Allegan,888,7,0,42.59147037,-85.89102866,26005.0,752.0261515400446,0.7882882882882883,881,873,7,0,866,859,117327,15,0,0,15,14
2020-10-09,US,Michigan,Alpena,145,14,0,45.03477666,-83.62212411,26007.0,510.4735081851787,9.655172413793103,131,145,14,0,131,145,28360,0,0,0,0,0
2020-10-09,US,Michigan,Antrim,80,0,0,44.99690221,-85.15503082,26009.0,342.99434059338023,0.0,80,79,0,0,79,76,23365,1,0,0,1,3
2020-10-09,US,Michigan,Arenac,81,3,0,44.0636262,-83.89277559,26011.0,544.2451118726062,3.703703703703704,78,77,3,0,74,76,15041,4,0,0,4,1
2020-10-09,US,Michigan,Baraga,53,3,0,46.6720582,-88.36363591,26013.0,645.6328420026799,5.660377358490566,50,52,3,0,49,49,8320,1,0,0,1,3
2020-10-09,US,Michigan,Barry,404,4,0,42.59513984,-85.30834519,26015.0,656.3769293257515,0.99009900990099,400,395,4,0,391,377,61157,9,0,0,9,18
2020-10-09,US,Michigan,Bay,1099,54,0,43.70639106,-83.98731479,26017.0,1065.6866357659562,4.913557779799818,1045,1091,54,0,1037,1075,103923,8,0,0,8,16
2020-10-09,US,Michigan,Benzie,90,2,0,44.63899297,-86.01608482,26019.0,506.5856129685917,2.2222222222222223,88,88,2,0,86,85,17753,2,0,0,2,3
2020-10-09,US,Michigan,Berrien,2050,76,0,41.95447397,-86.41313079999998,26021.0,1336.3667772700308,3.7073170731707314,1974,2045,76,0,1969,2021,154141,5,0,0,5,24
2020-10-09,US,Michigan,Branch,690,9,0,41.91600556,-85.05929476,26023.0,1585.587241767585,1.3043478260869563,681,686,9,0,677,677,43622,4,0,0,4,9
2020-10-09,US,Michigan,Calhoun,1773,51,0,42.24633834,-85.00493569,26025.0,1321.5662012984594,2.8764805414551606,1722,1740,51,0,1689,1696,134487,33,0,0,33,44
2020-10-09,US,Michigan,Cass,675,20,0,41.91522292,-85.99405727,26027.0,1303.415915191071,2.962962962962963,655,671,20,0,651,664,51653,4,0,0,4,7
2020-10-09,US,Michigan,Charlevoix,116,4,0,45.37790017,-85.19614053,26029.0,443.71342233102547,3.4482758620689653,112,116,4,0,112,116,26244,0,0,0,0,0
2020-10-09,US,Michigan,Cheboygan,98,2,0,45.44787015,-84.50122149,26031.0,387.7195758822599,2.0408163265306123,96,98,2,0,96,98,25413,0,0,0,0,0
2020-10-09,US,Michigan,Chippewa,89,0,0,46.29552653,-84.54353449,26033.0,238.29285924656617,0.0,89,86,0,0,86,86,37517,3,0,0,3,0
2020-10-09,US,Michigan,Clare,136,6,0,43.98794227,-84.84819859999998,26035.0,439.4184168012923,4.411764705882354,130,128,6,0,122,126,30757,8,0,0,8,2
2020-10-09,US,Michigan,Clinton,779,14,0,42.94400871,-84.60145248,26037.0,978.7046925058107,1.7971758664955069,765,770,14,0,756,762,79332,9,0,0,9,8
2020-10-09,US,Michigan,Crawford,129,5,0,44.68255561,-84.61006219,26039.0,919.5238434671036,3.875968992248062,124,128,5,0,123,129,13901,1,0,0,1,-1
2020-10-09,US,Michigan,Delta,796,13,0,45.90484910000001,-86.9080745,26041.0,2224.457858260675,1.6331658291457287,783,781,13,0,768,753,35857,15,0,0,15,28
2020-10-09,US,Michigan,Dickinson,262,5,0,46.00999672,-87.86961634,26043.0,1038.0759935021197,1.9083969465648856,257,259,4,0,255,243,25383,3,1,0,2,16
2020-10-09,US,Michigan,Eaton,799,10,0,42.59599185,-84.83740035,26045.0,724.5982515326295,1.2515644555694618,789,781,10,0,771,763,109826,18,0,0,18,18
2020-10-09,US,Michigan,Emmet,177,4,0,45.52625509,-84.89083249,26047.0,529.7022295376328,2.2598870056497176,173,175,4,0,171,174,33308,2,0,0,2,1
2020-10-09,US,Michigan,Federal Correctional Institution (FCI),195,5,0,0.0,0.0,0.0,0.0,2.5641025641025643,190,195,5,0,190,195,,0,0,0,0,0
2020-10-09,US,Michigan,Genesee,5201,311,0,43.02244215,-83.70589709,26049.0,1281.6247877717074,5.9796193039800025,4890,5152,310,0,4842,5089,406892,49,1,0,48,63
2020-10-09,US,Michigan,Gladwin,124,2,0,43.98901072,-84.38774817,26051.0,487.2490078195607,1.6129032258064515,122,119,2,0,117,115,25337,5,0,0,5,4
2020-10-09,US,Michigan,Gogebic,186,2,0,46.40862701,-89.69377193,26053.0,1330.9481216457962,1.075268817204301,184,185,2,0,183,182,15096,1,0,0,1,3
2020-10-09,US,Michigan,Grand Traverse,573,9,0,44.69565625,-85.55585247,26055.0,615.5465795806119,1.5706806282722514,564,563,9,0,554,546,92573,10,0,0,10,17
2020-10-09,US,Michigan,Gratiot,331,16,0,43.29265605,-84.60505416,26057.0,813.0480705460443,4.833836858006042,315,321,16,0,305,314,40599,10,0,0,10,7
2020-10-09,US,Michigan,Hillsdale,384,27,0,41.88753639,-84.59312019,26059.0,842.012937177941,7.03125,357,382,27,0,355,380,45749,2,0,0,2,2
2020-10-09,US,Michigan,Houghton,784,4,0,46.89988536,-88.68495385,26061.0,2197.0631095168696,0.5102040816326531,780,767,4,0,763,729,36219,17,0,0,17,38
2020-10-09,US,Michigan,Huron,241,5,0,43.83353985,-83.04078453,26063.0,777.8961298860593,2.074688796680498,236,238,5,0,233,235,31166,3,0,0,3,3
2020-10-09,US,Michigan,Ingham,3953,52,0,42.59716886,-84.37472069,26065.0,1351.8874441700925,1.31545661522894,3901,3888,51,0,3837,3828,292735,65,1,0,64,60
2020-10-09,US,Michigan,Ionia,445,7,0,42.94502238,-85.07413319,26067.0,687.8216918867952,1.5730337078651686,438,423,7,0,416,417,64210,22,0,0,22,6
2020-10-09,US,Michigan,Iosco,244,13,0,44.35486835,-83.63484895,26069.0,971.066979742906,5.327868852459017,231,243,13,0,230,241,25081,1,0,0,1,2
2020-10-09,US,Michigan,Iron,289,10,0,46.20974132,-88.53136251,26071.0,2611.603108621001,3.460207612456748,279,267,10,0,257,264,11117,22,0,0,22,3
2020-10-09,US,Michigan,Isabella,810,15,0,43.64060976,-84.84664923,26073.0,1159.2626517059766,1.851851851851852,795,798,15,0,783,785,70562,12,0,0,12,13
2020-10-09,US,Michigan,Jackson,1291,51,0,42.24807035,-84.42258681,26075.0,814.4596555422371,3.9504260263361735,1240,1265,51,0,1214,1247,158823,26,0,0,26,18
2020-10-09,US,Michigan,Kalamazoo,3553,96,0,42.24542231,-85.53038622,26077.0,1340.420876310051,2.7019420208274703,3457,3483,96,0,3387,3406,264870,70,0,0,70,77
2020-10-09,US,Michigan,Kalkaska,96,4,0,44.68512729,-85.09085699,26079.0,532.2097793546957,4.166666666666667,92,95,4,0,91,92,17824,1,0,0,1,3
2020-10-09,US,Michigan,Kent,11096,172,0,43.03197711,-85.54934642,26081.0,1689.0045741336926,1.5501081470800289,10924,10975,175,0,10800,10864,653786,121,-3,0,124,111
2020-10-09,US,Michigan,Keweenaw,13,0,0,47.63197653,-88.41434263,26083.0,614.366729678639,0.0,13,13,0,0,13,10,2113,0,0,0,0,3
2020-10-09,US,Michigan,Lake,38,0,0,43.99050893,-85.802173,26085.0,320.593942461824,0.0,38,38,0,0,38,38,11881,0,0,0,0,0
2020-10-09,US,Michigan,Lapeer,684,37,0,43.09052506,-83.22153148,26087.0,780.7595283481912,5.4093567251462,647,678,37,0,641,668,88028,6,0,0,6,10
2020-10-09,US,Michigan,Leelanau,118,1,0,44.94430054,-85.80150326,26089.0,542.2544919810671,0.8474576271186439,117,118,1,0,117,118,21764,0,0,0,0,0
2020-10-09,US,Michigan,Lenawee,920,18,0,41.89475156,-84.06603727,26091.0,934.4750180292734,1.9565217391304348,902,910,18,0,892,900,98266,10,0,0,10,10
2020-10-09,US,Michigan,Livingston,1543,32,0,42.60302282,-83.91297209,26093.0,803.6667621552645,2.0738820479585223,1511,1527,32,0,1495,1507,191224,16,0,0,16,20
2020-10-09,US,Michigan,Luce,26,0,0,46.47227431,-85.54471223,26095.0,417.4024723069514,0.0,26,21,0,0,21,19,6283,5,0,0,5,2
2020-10-09,US,Michigan,Mackinac,97,0,0,46.07028979,-85.04980537,26097.0,898.2313177146033,0.0,97,86,0,0,86,84,10787,11,0,0,11,2
2020-10-09,US,Michigan,Macomb,15755,1040,0,42.69158356,-82.92752801,26099.0,1802.689331008316,6.601079022532528,14715,15577,1038,0,14539,15445,874759,178,2,0,176,132
2020-10-09,US,Michigan,Manistee,91,3,0,44.33352407,-86.05626916,26101.0,370.55134782962784,3.2967032967032965,88,91,3,0,88,88,24528,0,0,0,0,3
2020-10-09,US,Michigan,Marquette,494,12,0,46.4338914,-87.64043701,26103.0,740.6407892172298,2.42914979757085,482,479,12,0,467,470,66516,15,0,0,15,9
2020-10-09,US,Michigan,Mason,144,0,0,43.99509218,-86.24988902,26105.0,494.0982706560527,0.0,144,144,0,0,144,144,29100,0,0,0,0,0
2020-10-09,US,Michigan,Mecosta,285,3,0,43.64064262,-85.32463223,26107.0,655.8810668998689,1.0526315789473684,282,278,3,0,275,259,43545,7,0,0,7,19
2020-10-09,US,Michigan,Menominee,525,3,0,45.58038692,-87.55370409,26109.0,2304.653204565408,0.5714285714285714,522,521,3,0,518,501,22983,4,0,0,4,20
2020-10-09,US,Michigan,Michigan Department of Corrections (MDOC),5650,75,0,0.0,0.0,0.0,0.0,1.327433628318584,5575,5637,75,0,5562,5631,,13,0,0,13,6
2020-10-09,US,Michigan,Midland,704,13,0,43.64330771,-84.38804374,26111.0,846.6015681369955,1.8465909090909087,691,698,12,0,686,685,83209,6,1,0,5,13
2020-10-09,US,Michigan,Missaukee,70,1,0,44.33772443,-85.09256478,26113.0,463.02420955152803,1.4285714285714286,69,70,1,0,69,69,15113,0,0,0,0,1
2020-10-09,US,Michigan,Monroe,1648,28,0,41.92734151,-83.53749864,26115.0,1095.016611295681,1.699029126213592,1620,1641,28,0,1613,1633,150439,7,0,0,7,8
2020-10-09,US,Michigan,Montcalm,389,7,0,43.31082541,-85.15252824,26117.0,608.8780365639869,1.7994858611825193,382,385,7,0,378,380,63968,4,0,0,4,5
2020-10-09,US,Michigan,Montmorency,18,0,0,45.0275929,-84.12696227,26119.0,192.96740994854198,0.0,18,17,0,0,17,17,9265,1,0,0,1,0
2020-10-09,US,Michigan,Muskegon,1665,73,0,43.29123859,-86.15176712,26121.0,959.2892617217658,4.384384384384385,1592,1643,72,0,1571,1632,173588,22,1,0,21,11
2020-10-09,US,Michigan,Newaygo,438,2,0,43.554373999999996,-85.80070107,26123.0,894.242547978767,0.45662100456620996,436,434,2,0,432,432,48892,4,0,0,4,2
2020-10-09,US,Michigan,Oakland,21730,1215,0,42.66090111,-83.38595416,26125.0,1727.9163857046524,5.591348366313852,20515,21592,1214,0,20378,21464,1259201,138,1,0,137,128
2020-10-09,US,Michigan,Oceana,539,6,0,43.64124435,-86.26726673,26127.0,2036.4982808780746,1.1131725417439704,533,538,6,0,532,536,26625,1,0,0,1,2
2020-10-09,US,Michigan,Ogemaw,76,5,0,44.33481032,-84.12725175,26129.0,361.9564699719008,6.578947368421053,71,76,5,0,71,74,20952,0,0,0,0,2
2020-10-09,US,Michigan,Ontonagon,50,0,0,46.665226200000006,-89.31390481,26131.0,874.1258741258741,0.0,50,50,0,0,50,46,5795,0,0,0,0,4
2020-10-09,US,Michigan,Osceola,105,0,0,43.98992088,-85.32566756,26133.0,447.5703324808184,0.0,105,103,0,0,103,103,23341,2,0,0,2,0
2020-10-09,US,Michigan,Oscoda,50,1,0,44.68192279,-84.12939244,26135.0,606.7224851352993,2.0,49,50,1,0,49,47,8276,0,0,0,0,3
2020-10-09,US,Michigan,Otsego,196,12,0,45.02085831,-84.59898295,26137.0,794.5516458569807,6.1224489795918355,184,193,12,0,181,191,24665,3,0,0,3,2
2020-10-09,US,Michigan,Ottawa,3872,69,0,42.95996803,-85.9969107,26139.0,1326.7998492272898,1.7820247933884297,3803,3819,69,0,3750,3766,290494,53,0,0,53,53
2020-10-09,US,Michigan,Out of MI,203,2,0,0.0,0.0,80026.0,0.0,0.9852216748768472,201,209,2,0,207,197,,-6,0,0,-6,12
2020-10-09,US,Michigan,Presque Isle,29,1,0,45.34018577,-83.91498656,26141.0,230.30495552731887,3.4482758620689653,28,29,1,0,28,28,12738,0,0,0,0,1
2020-10-09,US,Michigan,Roscommon,111,4,0,44.33473082,-84.61067651,26143.0,462.1341438028228,3.603603603603604,107,111,4,0,107,109,23884,0,0,0,0,2
2020-10-09,US,Michigan,Saginaw,3172,143,0,43.33433923,-84.05131209999998,26145.0,1664.7510483418093,4.508196721311474,3029,3150,143,0,3007,3125,190800,22,0,0,22,25
2020-10-09,US,Michigan,Sanilac,157,7,0,43.42406072,-82.82055898,26151.0,381.3456400291473,4.4585987261146505,150,157,7,0,150,157,41182,0,0,0,0,0
2020-10-09,US,Michigan,Schoolcraft,42,0,0,46.19235734,-86.19972234,26153.0,518.9028910303929,0.0,42,40,0,0,40,39,8068,2,0,0,2,1
2020-10-09,US,Michigan,Shiawassee,574,32,0,42.95392800000001,-84.14585902,26155.0,842.605912920936,5.574912891986064,542,565,32,0,533,562,68192,9,0,0,9,3
2020-10-09,US,Michigan,St. Clair,1138,60,0,42.92655373,-82.67937954,26147.0,715.1475541702279,5.272407732864675,1078,1120,60,0,1060,1106,159337,18,0,0,18,14
2020-10-09,US,Michigan,St. Joseph,901,11,0,41.91441767,-85.52797979,26149.0,1477.9213962338429,1.2208657047724751,890,885,11,0,874,871,61043,16,0,0,16,14
2020-10-09,US,Michigan,Tuscola,538,33,0,43.46606813,-83.41897025,26157.0,1029.763613742942,6.133828996282528,505,536,33,0,503,530,52516,2,0,0,2,6
2020-10-09,US,Michigan,Unassigned,8,0,0,0.0,0.0,90026.0,0.0,0.0,8,9,0,0,9,23,,-1,0,0,-1,-14
2020-10-09,US,Michigan,Van Buren,833,18,0,42.25190229,-86.01939087,26159.0,1100.7307372120988,2.1608643457382954,815,825,18,0,807,812,75448,8,0,0,8,13
2020-10-09,US,Michigan,Washtenaw,4081,116,0,42.253105,-83.83853204,26161.0,1110.1710822331822,2.8424405782896347,3965,4045,116,0,3929,4001,370963,36,0,0,36,44
2020-10-09,US,Michigan,Wayne,36661,3004,0,42.28098405,-83.281255,26163.0,2095.701071773803,8.193993617195385,33657,36538,3002,0,33536,36376,1753893,123,2,0,121,162
2020-10-09,US,Michigan,Wexford,140,4,0,44.33853602,-85.57712739,26165.0,416.2825964140228,2.8571428571428568,136,139,4,0,135,139,33466,1,0,0,1,0
2020-10-09,US,Minnesota,Aitkin,111,1,0,46.60962049,-93.41168259999999,27001.0,698.7284401359688,0.9009009009009008,110,108,1,0,107,108,15902,3,0,0,3,0
2020-10-09,US,Minnesota,Anoka,7061,142,0,45.27476015,-93.24604565,27003.0,1978.3089255045238,2.01104659396686,6919,6958,142,0,6816,6892,353813,103,0,0,103,66
2020-10-09,US,Minnesota,Becker,359,2,0,46.93479392,-95.67158144,27005.0,1042.9073584521975,0.5571030640668524,357,342,2,0,340,332,34371,17,0,0,17,10
2020-10-09,US,Minnesota,Beltrami,612,5,0,47.97373527,-94.93732139,27007.0,1296.9398999745695,0.8169934640522876,607,594,5,0,589,572,46847,18,0,0,18,22
2020-10-09,US,Minnesota,Benton,667,4,0,45.69804958,-93.99514135,27009.0,1631.2455672674805,0.5997001499250375,663,655,4,0,651,640,40545,12,0,0,12,15
2020-10-09,US,Minnesota,Big Stone,103,0,0,45.42712824,-96.41403739,27011.0,2063.714686435584,0.0,103,100,0,0,100,97,4989,3,0,0,3,3
2020-10-09,US,Minnesota,Blue Earth,1855,7,0,44.03554215,-94.06699781,27013.0,2741.9330997886277,0.37735849056603776,1848,1846,7,0,1839,1833,67427,9,0,0,9,13
2020-10-09,US,Minnesota,Brown,244,2,0,44.24205652,-94.72562874,27015.0,975.6877799104286,0.819672131147541,242,239,2,0,237,229,25111,5,0,0,5,10
2020-10-09,US,Minnesota,Carlton,331,1,0,46.59180601,-92.67601019,27017.0,922.7509687491287,0.3021148036253776,330,326,1,0,325,320,35837,5,0,0,5,6
2020-10-09,US,Minnesota,Carver,1553,7,0,44.82017001,-93.80099179999999,27019.0,1477.795011847101,0.4507405022537025,1546,1545,7,0,1538,1520,103551,8,0,0,8,25
2020-10-09,US,Minnesota,Cass,247,4,0,46.95043611,-94.32603968,27021.0,829.4435676147621,1.6194331983805668,243,238,4,0,234,230,29519,9,0,0,9,8
2020-10-09,US,Minnesota,Chippewa,288,2,0,45.02343421,-95.56403693,27023.0,2440.677966101695,0.6944444444444444,286,284,2,0,282,269,11924,4,0,0,4,15
2020-10-09,US,Minnesota,Chisago,645,2,0,45.5021011,-92.90861945,27025.0,1139.9989395358702,0.31007751937984496,643,630,2,0,628,613,55922,15,0,0,15,17
2020-10-09,US,Minnesota,Clay,1668,42,0,46.89289518,-96.48761922,27027.0,2597.2408209024943,2.5179856115107917,1626,1647,42,0,1605,1613,63955,21,0,0,21,34
2020-10-09,US,Minnesota,Clearwater,43,0,0,47.57992111,-95.37790562,27029.0,487.63892039011114,0.0,43,39,0,0,39,38,8810,4,0,0,4,1
2020-10-09,US,Minnesota,Cook,8,0,0,47.90504893,-90.52629546,27031.0,146.4396851546769,0.0,8,7,0,0,7,7,5393,1,0,0,1,0
2020-10-09,US,Minnesota,Cottonwood,244,0,0,44.00715262,-95.18138802,27033.0,2179.349767774205,0.0,244,243,0,0,243,242,11277,1,0,0,1,1
2020-10-09,US,Minnesota,Crow Wing,701,18,0,46.48096553,-94.06755609,27035.0,1077.5497655829683,2.5677603423680457,683,692,18,0,674,667,64889,9,0,0,9,25
2020-10-09,US,Minnesota,Dakota,8295,130,0,44.67172617,-93.06299363,27037.0,1933.4717880942887,1.567209162145871,8165,8200,130,0,8070,8140,425423,95,0,0,95,60
2020-10-09,US,Minnesota,Dodge,319,0,0,44.02238415,-92.86244324,27039.0,1523.8368204834244,0.0,319,305,0,0,305,296,20822,14,0,0,14,9
2020-10-09,US,Minnesota,Douglas,489,3,0,45.93348491,-95.45335469,27041.0,1282.0848955192575,0.6134969325153374,486,469,3,0,466,455,37964,20,0,0,20,14
2020-10-09,US,Minnesota,Faribault,172,0,0,43.67381499,-93.94787458,27043.0,1259.7963817476013,0.0,172,170,0,0,170,168,13758,2,0,0,2,2
2020-10-09,US,Minnesota,Fillmore,192,0,0,43.67394126,-92.08980382,27045.0,911.3779845255613,0.0,192,188,0,0,188,177,21058,4,0,0,4,11
2020-10-09,US,Minnesota,Freeborn,585,4,0,43.67385583,-93.34884422,27047.0,1931.9044945675503,0.6837606837606838,581,576,4,0,572,570,30444,9,0,0,9,6
2020-10-09,US,Minnesota,Goodhue,442,10,0,44.40849741,-92.72341949999999,27049.0,953.8195943029781,2.262443438914027,432,431,9,0,422,428,46403,11,1,0,10,3
2020-10-09,US,Minnesota,Grant,71,4,0,45.93424769,-96.01139609,27051.0,1188.881446751507,5.633802816901407,67,71,4,0,67,71,6021,0,0,0,0,0
2020-10-09,US,Minnesota,Hennepin,29661,951,0,45.00761521,-93.47694895,27053.0,2343.181579390177,3.2062304035602307,28710,29404,947,0,28457,29207,1259428,257,4,0,253,197
2020-10-09,US,Minnesota,Houston,161,0,0,43.67129565,-91.49143057,27055.0,865.5913978494624,0.0,161,156,0,0,156,154,18578,5,0,0,5,2
2020-10-09,US,Minnesota,Hubbard,192,1,0,47.10778564,-94.91693868,27057.0,893.3972360523012,0.5208333333333334,191,184,1,0,183,175,21332,8,0,0,8,9
2020-10-09,US,Minnesota,Isanti,384,1,0,45.56181234,-93.29487636,27059.0,945.9060005911913,0.2604166666666667,383,374,1,0,373,370,39966,10,0,0,10,4
2020-10-09,US,Minnesota,Itasca,522,16,0,47.51009045,-93.63092229,27061.0,1156.6585419898072,3.0651340996168583,506,496,16,0,480,475,45108,26,0,0,26,21
2020-10-09,US,Minnesota,Jackson,167,1,0,43.67423373,-95.15398258,27063.0,1696.1202518789355,0.5988023952095808,166,165,1,0,164,161,9911,2,0,0,2,4
2020-10-09,US,Minnesota,Kanabec,153,9,0,45.9459309,-93.29275192,27065.0,936.5244536940687,5.882352941176472,144,151,9,0,142,151,16207,2,0,0,2,0
2020-10-09,US,Minnesota,Kandiyohi,1247,3,0,45.1526059,-95.00586446,27067.0,2886.6408944651507,0.24057738572574175,1244,1210,3,0,1207,1184,42855,37,0,0,37,26
2020-10-09,US,Minnesota,Kittson,15,0,0,48.77754106,-96.78317184,27069.0,348.9995346672872,0.0,15,15,0,0,15,15,4248,0,0,0,0,0
2020-10-09,US,Minnesota,Koochiching,140,4,0,48.24539665,-93.78352843,27071.0,1144.8196908986833,2.8571428571428568,136,135,4,0,131,131,12440,5,0,0,5,4
2020-10-09,US,Minnesota,Lac qui Parle,95,2,0,44.9973857,-96.17488219,27073.0,1434.3952891438926,2.1052631578947367,93,93,2,0,91,87,6658,2,0,0,2,6
2020-10-09,US,Minnesota,Lake,83,0,0,47.64270764,-91.44557998,27075.0,780.0018795226014,0.0,83,82,0,0,82,80,10658,1,0,0,1,2
2020-10-09,US,Minnesota,Lake of the Woods,35,1,0,48.77217001,-94.90274472,27077.0,935.8288770053476,2.8571428571428568,34,34,1,0,33,31,3758,1,0,0,1,3
2020-10-09,US,Minnesota,Le Sueur,519,5,0,44.37136597,-93.72844721,27079.0,1796.6559351957626,0.9633911368015414,514,515,5,0,510,509,28494,4,0,0,4,6
2020-10-09,US,Minnesota,Lincoln,140,0,0,44.41311883,-96.26688165,27081.0,2482.709700301472,0.0,140,136,0,0,136,132,5673,4,0,0,4,4
2020-10-09,US,Minnesota,Lyon,816,4,0,44.41327865,-95.83806103,27083.0,3203.266075213944,0.4901960784313725,812,808,4,0,804,797,25629,8,0,0,8,11
2020-10-09,US,Minnesota,Mahnomen,65,1,0,47.32557075,-95.80921485,27087.0,1176.0448706350642,1.5384615384615383,64,64,1,0,63,62,5519,1,0,0,1,2
2020-10-09,US,Minnesota,Marshall,63,1,0,48.35825983,-96.37017407,27089.0,674.8071979434447,1.5873015873015872,62,62,1,0,61,61,9390,1,0,0,1,1
2020-10-09,US,Minnesota,Martin,535,14,0,43.67429718,-94.55099908,27091.0,2718.081593253061,2.616822429906542,521,531,13,0,518,525,19785,4,1,0,3,6
2020-10-09,US,Minnesota,McLeod,527,3,0,44.82367677,-94.27287017,27085.0,1468.2528626751737,0.5692599620493358,524,521,3,0,518,519,35873,6,0,0,6,2
2020-10-09,US,Minnesota,Meeker,255,2,0,45.12328869,-94.52839455,27093.0,1098.0966325036604,0.7843137254901961,253,253,2,0,251,244,23141,2,0,0,2,9
2020-10-09,US,Minnesota,Mille Lacs,220,3,0,45.93705297,-93.63236823,27095.0,837.2340830383986,1.3636363636363635,217,207,3,0,204,200,26139,13,0,0,13,7
2020-10-09,US,Minnesota,Morrison,397,3,0,46.01265363,-94.27341528,27097.0,1189.121188522135,0.7556675062972292,394,379,3,0,376,365,33169,18,0,0,18,14
2020-10-09,US,Minnesota,Mower,1401,7,0,43.67142874,-92.75234549,27099.0,3497.0795267335634,0.4996431120628122,1394,1395,7,0,1388,1391,40011,6,0,0,6,4
2020-10-09,US,Minnesota,Murray,205,3,0,44.02216709,-95.76328482,27101.0,2501.830607761777,1.4634146341463414,202,203,3,0,200,197,8276,2,0,0,2,6
2020-10-09,US,Minnesota,Nicollet,619,17,0,44.35291112,-94.24710352,27103.0,1806.0337281904647,2.7463651050080777,602,613,17,0,596,607,34220,6,0,0,6,6
2020-10-09,US,Minnesota,Nobles,2034,16,0,43.67434621,-95.75329576,27105.0,9404.040871052754,0.7866273352999017,2018,2024,16,0,2008,2019,21924,10,0,0,10,5
2020-10-09,US,Minnesota,Norman,80,0,0,47.32628443,-96.45620947,27107.0,1254.9019607843138,0.0,80,74,0,0,74,71,6475,6,0,0,6,3
2020-10-09,US,Minnesota,Olmsted,2776,28,0,44.00374114,-92.40209944,27109.0,1753.7098924146994,1.0086455331412103,2748,2751,28,0,2723,2723,156277,25,0,0,25,28
2020-10-09,US,Minnesota,Otter Tail,563,6,0,46.40846929,-95.70835255,27111.0,958.3631225955812,1.0657193605683837,557,548,6,0,542,541,58812,15,0,0,15,7
2020-10-09,US,Minnesota,Pennington,140,1,0,48.06642577,-96.0370814,27113.0,991.571641051066,0.7142857142857143,139,140,1,0,139,138,14178,0,0,0,0,2
2020-10-09,US,Minnesota,Pine,447,0,0,46.12105238,-92.74070188,27115.0,1511.2072754318942,0.0,447,439,0,0,439,410,29483,8,0,0,8,29
2020-10-09,US,Minnesota,Pipestone,298,15,0,44.02301619,-96.25841142,27117.0,3265.395573087881,5.033557046979865,283,292,15,0,277,284,9047,6,0,0,6,8
2020-10-09,US,Minnesota,Polk,382,4,0,47.77372465,-96.40134647,27119.0,1217.9568932534116,1.0471204188481675,378,376,4,0,372,367,31529,6,0,0,6,9
2020-10-09,US,Minnesota,Pope,117,0,0,45.58606667,-95.44451209,27121.0,1040.092452662459,0.0,117,115,0,0,115,110,11097,2,0,0,2,5
2020-10-09,US,Minnesota,Ramsey,12027,333,0,45.01625271,-93.09872295,27123.0,2185.4517636070586,2.7687702668994763,11694,11916,331,0,11585,11833,550210,111,2,0,109,83
2020-10-09,US,Minnesota,Red Lake,46,1,0,47.87197525,-96.09561104,27125.0,1134.4019728729966,2.1739130434782608,45,46,1,0,45,45,3999,0,0,0,0,1
2020-10-09,US,Minnesota,Redwood,212,8,0,44.40555844,-95.25207021,27127.0,1397.4950560316413,3.7735849056603774,204,213,7,0,206,207,15249,-1,1,0,-2,6
2020-10-09,US,Minnesota,Renville,195,9,0,44.72836381,-94.94553734,27129.0,1340.390431674457,4.615384615384615,186,191,9,0,182,184,14612,4,0,0,4,7
2020-10-09,US,Minnesota,Rice,1454,8,0,44.3543376,-93.29658715,27131.0,2171.0565609508453,0.5502063273727648,1446,1428,8,0,1420,1419,66523,26,0,0,26,9
2020-10-09,US,Minnesota,Rock,211,1,0,43.67482683,-96.25296832,27133.0,2265.163714439077,0.4739336492890995,210,199,1,0,198,195,9414,12,0,0,12,4
2020-10-09,US,Minnesota,Roseau,151,0,0,48.77501878,-95.81079919,27135.0,995.7138147049126,0.0,151,146,0,0,146,145,15150,5,0,0,5,1
2020-10-09,US,Minnesota,Scott,2853,34,0,44.6490231,-93.53340251,27139.0,1914.5980552032368,1.191728005608132,2819,2822,34,0,2788,2806,147381,31,0,0,31,16
2020-10-09,US,Minnesota,Sherburne,1313,16,0,45.44447208,-93.77617511,27141.0,1350.2951521010305,1.2185833968012183,1297,1300,15,0,1285,1282,96036,13,1,0,12,18
2020-10-09,US,Minnesota,Sibley,217,3,0,44.5796592,-94.23164924,27143.0,1459.8049108644464,1.3824884792626728,214,215,3,0,212,212,15028,2,0,0,2,3
2020-10-09,US,Minnesota,St. Louis,2121,53,0,47.604840700000004,-92.46879855,27137.0,1065.4543627869593,2.4988213107024992,2068,2081,52,0,2029,2029,199754,40,1,0,39,52
2020-10-09,US,Minnesota,Stearns,4570,29,0,45.55192576,-94.61078221,27145.0,2837.187645506752,0.6345733041575492,4541,4508,28,0,4480,4439,159256,62,1,0,61,69
2020-10-09,US,Minnesota,Steele,619,2,0,44.02240351,-93.22627088,27147.0,1688.995606974269,0.32310177705977383,617,614,2,0,612,607,36803,5,0,0,5,7
2020-10-09,US,Minnesota,Stevens,138,1,0,45.58613007,-96.00163705,27149.0,1407.4451810300864,0.7246376811594203,137,130,1,0,129,127,9753,8,0,0,8,3
2020-10-09,US,Minnesota,Swift,163,1,0,45.2829032,-95.68264092,27151.0,1759.1193611051153,0.6134969325153374,162,160,1,0,159,156,9345,3,0,0,3,4
2020-10-09,US,Minnesota,Todd,569,2,0,46.06996226,-94.89785296,27153.0,2307.006162828414,0.351493848857645,567,559,2,0,557,549,24582,10,0,0,10,10
2020-10-09,US,Minnesota,Traverse,43,0,0,45.77298854,-96.47062949,27155.0,1319.4231359312673,0.0,43,45,0,0,45,40,3308,-2,0,0,-2,5
2020-10-09,US,Minnesota,Unassigned,193,53,0,0.0,0.0,90027.0,0.0,27.46113989637306,140,176,53,0,123,161,,17,0,0,17,15
2020-10-09,US,Minnesota,Wabasha,261,0,0,44.28424356,-92.23121312,27157.0,1206.8248023304202,0.0,261,248,0,0,248,244,21645,13,0,0,13,4
2020-10-09,US,Minnesota,Wadena,111,0,0,46.58589171,-94.96968506,27159.0,811.2848998684402,0.0,111,105,0,0,105,91,13773,6,0,0,6,14
2020-10-09,US,Minnesota,Waseca,844,9,0,44.02211116,-93.58720034,27161.0,4534.708790027938,1.0663507109004742,835,840,9,0,831,837,18691,4,0,0,4,3
2020-10-09,US,Minnesota,Washington,4368,61,0,45.03864533,-92.88429635,27163.0,1664.3804298125283,1.3965201465201464,4307,4315,60,0,4255,4259,259201,53,1,0,52,56
2020-10-09,US,Minnesota,Watonwan,550,4,0,43.97823903,-94.61413846,27165.0,5047.26071395797,0.7272727272727273,546,548,4,0,544,545,10980,2,0,0,2,3
2020-10-09,US,Minnesota,Wilkin,91,3,0,46.35721532,-96.4684375,27167.0,1466.086676333172,3.2967032967032965,88,88,3,0,85,84,6254,3,0,0,3,4
2020-10-09,US,Minnesota,Winona,1051,18,0,43.98772283,-91.78081305,27169.0,2081.8477141272483,1.7126546146527115,1033,1037,18,0,1019,1024,50825,14,0,0,14,13
2020-10-09,US,Minnesota,Wright,1950,10,0,45.17297924,-93.96234781,27171.0,1409.193724390614,0.5128205128205128,1940,1915,9,0,1906,1885,136349,35,1,0,34,30
2020-10-09,US,Minnesota,Yellow Medicine,232,3,0,44.71710183,-95.86842453,27173.0,2389.5354825419713,1.293103448275862,229,229,3,0,226,226,9795,3,0,0,3,3
2020-10-09,US,Mississippi,Adams,987,40,0,31.47669768,-91.35326037,28001.0,3215.7169387156678,4.052684903748734,947,984,40,0,944,978,31192,3,0,0,3,6
2020-10-09,US,Mississippi,Alcorn,884,11,0,34.88084463,-88.57996173,28003.0,2392.22796525316,1.2443438914027152,873,873,11,0,862,869,36925,11,0,0,11,4
2020-10-09,US,Mississippi,Amite,368,10,0,31.17467303,-90.80501621,28005.0,2992.599821094576,2.717391304347826,358,364,10,0,354,363,12326,4,0,0,4,1
2020-10-09,US,Mississippi,Attala,700,25,0,33.08658803,-89.57838564,28007.0,3851.6562121712336,3.571428571428572,675,697,25,0,672,696,18365,3,0,0,3,1
2020-10-09,US,Mississippi,Benton,270,4,0,34.81681228,-89.18945516,28009.0,3269.160915365056,1.4814814814814814,266,258,4,0,254,256,8271,12,0,0,12,2
2020-10-09,US,Mississippi,Bolivar,1933,75,0,33.79696941,-90.87372121,28011.0,6311.218492882329,3.8799793067770314,1858,1928,74,0,1854,1924,31333,5,1,0,4,4
2020-10-09,US,Mississippi,Calhoun,563,12,0,33.93683395,-89.33686647,28013.0,3920.339809205487,2.131438721136768,551,556,12,0,544,555,14436,7,0,0,7,1
2020-10-09,US,Mississippi,Carroll,341,12,0,33.44834567,-89.91994479,28015.0,3428.1692972755604,3.5190615835777126,329,337,12,0,325,336,9911,4,0,0,4,1
2020-10-09,US,Mississippi,Chickasaw,764,24,0,33.91983202,-88.9481545,28017.0,4467.0525638776835,3.141361256544503,740,745,24,0,721,741,17171,19,0,0,19,4
2020-10-09,US,Mississippi,Choctaw,195,6,0,33.34598242,-89.24809382,28019.0,2375.1522533495736,3.0769230769230766,189,194,6,0,188,193,8278,1,0,0,1,1
2020-10-09,US,Mississippi,Claiborne,513,16,0,31.97061673,-90.90702196,28021.0,5707.610146862483,3.1189083820662766,497,509,16,0,493,500,9002,4,0,0,4,9
2020-10-09,US,Mississippi,Clarke,647,48,0,32.04158545,-88.68896219999998,28023.0,4163.181262467023,7.418856259659969,599,634,48,0,586,632,15604,13,0,0,13,2
2020-10-09,US,Mississippi,Clay,628,20,0,33.65358105,-88.77784255,28025.0,3251.1907227169177,3.1847133757961785,608,626,20,0,606,624,19386,2,0,0,2,2
2020-10-09,US,Mississippi,Coahoma,1205,34,0,34.22772299,-90.60415045,28027.0,5446.573856445489,2.8215767634854774,1171,1202,34,0,1168,1198,22628,3,0,0,3,4
2020-10-09,US,Mississippi,Copiah,1276,35,0,31.86977774,-90.44565118,28029.0,4546.588277213611,2.74294670846395,1241,1260,35,0,1225,1256,28543,16,0,0,16,4
2020-10-09,US,Mississippi,Covington,863,25,0,31.63225413,-89.55389939,28031.0,4630.822064820777,2.8968713789107765,838,858,25,0,833,853,18853,5,0,0,5,5
2020-10-09,US,Mississippi,DeSoto,6076,74,0,34.87625235,-89.99091418,28033.0,3285.301035442969,1.217906517445688,6002,6019,72,0,5947,5994,182001,57,2,0,55,25
2020-10-09,US,Mississippi,Forrest,2771,76,0,31.18961454,-89.25832496,28035.0,3699.747653444063,2.7426921688920967,2695,2750,76,0,2674,2714,75036,21,0,0,21,36
2020-10-09,US,Mississippi,Franklin,209,3,0,31.47786634,-90.89672989,28037.0,2709.7108777388826,1.4354066985645932,206,207,3,0,204,206,7788,2,0,0,2,1
2020-10-09,US,Mississippi,George,860,15,0,30.86259065,-88.64436789,28039.0,3510.204081632653,1.7441860465116281,845,856,15,0,841,846,24250,4,0,0,4,10
2020-10-09,US,Mississippi,Greene,424,17,0,31.21444233,-88.63922281,28041.0,3120.85970852348,4.0094339622641515,407,423,17,0,406,417,13586,1,0,0,1,6
2020-10-09,US,Mississippi,Grenada,1150,36,0,33.77036166,-89.80245083,28043.0,5540.032758454571,3.1304347826086962,1114,1138,36,0,1102,1133,21055,12,0,0,12,5
2020-10-09,US,Mississippi,Hancock,672,25,0,30.41830223,-89.48851033,28045.0,1410.8162579778302,3.7202380952380953,647,663,25,0,638,648,47334,9,0,0,9,15
2020-10-09,US,Mississippi,Harrison,4300,79,0,30.51359752,-89.12467576,28047.0,2066.5128796616686,1.837209302325581,4221,4257,79,0,4178,4204,206650,43,0,0,43,53
2020-10-09,US,Mississippi,Hinds,7418,166,0,32.2656285,-90.44435448,28049.0,3199.620427881297,2.23779994607711,7252,7379,166,0,7213,7346,237085,39,0,0,39,33
2020-10-09,US,Mississippi,Holmes,1113,60,0,33.12345854,-90.08923538,28051.0,6543.20987654321,5.3908355795148255,1053,1113,60,0,1053,1113,17622,0,0,0,0,0
2020-10-09,US,Mississippi,Humphreys,383,16,0,33.12825718,-90.52252707,28053.0,4749.503968253968,4.1775456919060066,367,382,16,0,366,382,8257,1,0,0,1,0
2020-10-09,US,Mississippi,Issaquena,106,3,0,32.72531359,-90.97392828,28055.0,7987.942727957799,2.830188679245283,103,106,3,0,103,106,1308,0,0,0,0,0
2020-10-09,US,Mississippi,Itawamba,982,24,0,34.27993475,-88.3606733,28057.0,4198.375374091492,2.4439918533604894,958,958,24,0,934,943,23517,24,0,0,24,15
2020-10-09,US,Mississippi,Jackson,3956,74,0,30.54020656,-88.64184064,28059.0,2754.5485562294157,1.870576339737108,3882,3917,74,0,3843,3882,143277,39,0,0,39,35
2020-10-09,US,Mississippi,Jasper,621,16,0,32.01922104,-89.11786866,28061.0,3790.5145577733015,2.576489533011272,605,615,16,0,599,608,16428,6,0,0,6,7
2020-10-09,US,Mississippi,Jefferson,252,10,0,31.73397872,-91.03764977,28063.0,3605.150214592275,3.968253968253968,242,248,10,0,238,247,7106,4,0,0,4,1
2020-10-09,US,Mississippi,Jefferson Davis,368,11,0,31.56884708,-89.82670990000004,28065.0,3306.9734004313445,2.989130434782609,357,364,11,0,353,363,11234,4,0,0,4,1
2020-10-09,US,Mississippi,Jones,2656,81,0,31.62257767,-89.16896899999998,28067.0,3900.261387999648,3.0496987951807233,2575,2636,81,0,2555,2626,68461,20,0,0,20,10
2020-10-09,US,Mississippi,Kemper,303,15,0,32.75462946,-88.64105766,28069.0,3110.2443030178606,4.950495049504951,288,299,15,0,284,296,10027,4,0,0,4,3
2020-10-09,US,Mississippi,Lafayette,2324,41,0,34.35687874,-89.48490961,28071.0,4302.189970195672,1.7641996557659207,2283,2309,41,0,2268,2303,54793,15,0,0,15,6
2020-10-09,US,Mississippi,Lamar,1962,37,0,31.20572971,-89.5077704,28073.0,3097.4219724357868,1.8858307849133535,1925,1944,37,0,1907,1927,62447,18,0,0,18,17
2020-10-09,US,Mississippi,Lauderdale,2199,128,0,32.40419769,-88.66229662,28075.0,2966.610455311973,5.820827648931331,2071,2157,128,0,2029,2146,75317,42,0,0,42,11
2020-10-09,US,Mississippi,Lawrence,463,14,0,31.55147224,-90.10841127,28077.0,3678.690608612744,3.0237580993520514,449,459,14,0,445,453,12455,4,0,0,4,6
2020-10-09,US,Mississippi,Leake,1021,39,0,32.7536828,-89.52402044,28079.0,4480.821557096463,3.819784524975514,982,996,39,0,957,992,22763,25,0,0,25,4
2020-10-09,US,Mississippi,Lee,3139,75,0,34.291877500000005,-88.68149954,28081.0,3674.095229177396,2.3892959541255183,3064,3100,75,0,3025,3080,85202,39,0,0,39,20
2020-10-09,US,Mississippi,Leflore,1502,82,0,33.55545125,-90.29900733,28083.0,5329.453926125679,5.459387483355527,1420,1487,82,0,1405,1484,28919,15,0,0,15,3
2020-10-09,US,Mississippi,Lincoln,1209,53,0,31.53288662,-90.45391915,28085.0,3539.95256639241,4.383788254755997,1156,1182,53,0,1129,1178,34205,27,0,0,27,4
2020-10-09,US,Mississippi,Lowndes,1681,59,0,33.47386518,-88.44191529999998,28087.0,2868.845464630088,3.5098155859607383,1622,1679,59,0,1620,1671,58930,2,0,0,2,8
2020-10-09,US,Mississippi,Madison,3481,91,0,32.63389156,-90.03513564,28089.0,3275.557061126167,2.6141913243320887,3390,3463,91,0,3372,3451,105630,18,0,0,18,12
2020-10-09,US,Mississippi,Marion,903,41,0,31.23132643,-89.8209217,28091.0,3674.7649859602,4.5404208194905875,862,895,41,0,854,894,24715,8,0,0,8,1
2020-10-09,US,Mississippi,Marshall,1164,22,0,34.76216286,-89.50299462,28093.0,3298.010993369977,1.8900343642611683,1142,1154,22,0,1132,1138,35451,10,0,0,10,16
2020-10-09,US,Mississippi,Monroe,1332,71,0,33.89236763,-88.4808438,28095.0,3778.509020764781,5.33033033033033,1261,1320,71,0,1249,1308,35564,12,0,0,12,12
2020-10-09,US,Mississippi,Montgomery,506,21,0,33.49419589,-89.61729103,28097.0,5176.470588235295,4.150197628458498,485,499,21,0,478,498,10023,7,0,0,7,1
2020-10-09,US,Mississippi,Neshoba,1676,109,0,32.75339664,-89.11726492,28099.0,5755.889827598049,6.503579952267304,1567,1665,109,0,1556,1661,29125,11,0,0,11,4
2020-10-09,US,Mississippi,Newton,811,27,0,32.40021118,-89.11843336,28101.0,3858.5973927110094,3.3292231812577064,784,805,26,0,779,802,21443,6,1,0,5,3
2020-10-09,US,Mississippi,Noxubee,579,16,0,33.11009499,-88.56949061,28103.0,5558.22213689162,2.763385146804836,563,576,16,0,560,576,10535,3,0,0,3,0
2020-10-09,US,Mississippi,Oktibbeha,1891,54,0,33.42491685,-88.87905132,28105.0,3813.4995059188896,2.8556319407720783,1837,1885,54,0,1831,1873,49599,6,0,0,6,12
2020-10-09,US,Mississippi,Panola,1594,33,0,34.36398677,-89.95064249,28107.0,4661.909218530651,2.0702634880803013,1561,1575,33,0,1542,1565,34178,19,0,0,19,10
2020-10-09,US,Mississippi,Pearl River,990,54,0,30.77090935,-89.58677275,28109.0,1782.659584046097,5.454545454545454,936,982,54,0,928,973,55387,8,0,0,8,9
2020-10-09,US,Mississippi,Perry,455,21,0,31.17161885,-88.99281835,28111.0,3800.217155266015,4.615384615384615,434,453,21,0,432,450,11931,2,0,0,2,3
2020-10-09,US,Mississippi,Pike,1293,55,0,31.17507789,-90.40392572,28113.0,3291.0812461820396,4.253673627223511,1238,1283,55,0,1228,1281,39563,10,0,0,10,2
2020-10-09,US,Mississippi,Pontotoc,1378,18,0,34.226046000000004,-89.03636807,28115.0,4282.961397401627,1.3062409288824384,1360,1363,18,0,1345,1356,31833,15,0,0,15,7
2020-10-09,US,Mississippi,Prentiss,936,19,0,34.61810501,-88.51986294,28117.0,3725.2248666719734,2.02991452991453,917,923,19,0,904,919,25315,13,0,0,13,4
2020-10-09,US,Mississippi,Quitman,405,6,0,34.25157572,-90.28908,28119.0,5962.897526501768,1.4814814814814814,399,405,6,0,399,402,7051,0,0,0,0,3
2020-10-09,US,Mississippi,Rankin,3563,83,0,32.26469147,-89.94537876,28121.0,2294.697657643733,2.329497614369913,3480,3529,83,0,3446,3507,153902,34,0,0,34,22
2020-10-09,US,Mississippi,Scott,1193,28,0,32.406704100000006,-89.53789439,28123.0,4241.9286019058445,2.347024308466052,1165,1193,28,0,1165,1190,28287,0,0,0,0,3
2020-10-09,US,Mississippi,Sharkey,270,14,0,32.88149103,-90.81595379999999,28125.0,6248.5535755612145,5.185185185185184,256,268,14,0,254,268,4377,2,0,0,2,0
2020-10-09,US,Mississippi,Simpson,1130,48,0,31.91282117,-89.91716179,28127.0,4238.87763523145,4.2477876106194685,1082,1124,48,0,1076,1114,26758,6,0,0,6,10
2020-10-09,US,Mississippi,Smith,564,15,0,32.01744532,-89.50644846,28129.0,3543.6039205830607,2.6595744680851063,549,562,15,0,547,558,16002,2,0,0,2,4
2020-10-09,US,Mississippi,Stone,416,13,0,30.79187949,-89.11547539,28131.0,2268.760907504363,3.125,403,411,13,0,398,405,18717,5,0,0,5,6
2020-10-09,US,Mississippi,Sunflower,1527,49,0,33.60192578,-90.58882684,28133.0,6081.2425328554355,3.2089063523248194,1478,1522,48,0,1474,1520,25735,5,1,0,4,2
2020-10-09,US,Mississippi,Tallahatchie,797,24,0,33.95339918,-90.1729398,28135.0,5771.598233036426,3.01129234629862,773,793,24,0,769,793,13987,4,0,0,4,0
2020-10-09,US,Mississippi,Tate,1077,38,0,34.65133709,-89.94485778,28137.0,3802.831820910279,3.5283194057567315,1039,1067,38,0,1029,1062,28759,10,0,0,10,5
2020-10-09,US,Mississippi,Tippah,764,18,0,34.76872156,-88.90988194,28139.0,3470.361117419941,2.356020942408377,746,759,18,0,741,755,21995,5,0,0,5,4
2020-10-09,US,Mississippi,Tishomingo,742,39,0,34.74023475,-88.23917219,28141.0,3828.0967858432646,5.256064690026954,703,732,39,0,693,731,19454,10,0,0,10,1
2020-10-09,US,Mississippi,Tunica,512,17,0,34.64967704,-90.37481167,28143.0,5315.614617940199,3.3203125,495,511,17,0,494,511,9944,1,0,0,1,0
2020-10-09,US,Mississippi,Union,1073,24,0,34.49162015,-89.00776006,28145.0,3723.7549887211517,2.2367194780987885,1049,1068,24,0,1044,1065,28606,5,0,0,5,3
2020-10-09,US,Mississippi,Walthall,616,27,0,31.14971548,-90.10446654,28147.0,4311.913761724765,4.383116883116883,589,612,26,0,586,612,14465,4,1,0,3,0
2020-10-09,US,Mississippi,Warren,1459,53,0,32.35810271,-90.83352619,28149.0,3215.0018730305633,3.6326250856751203,1406,1452,53,0,1399,1443,46176,7,0,0,7,9
2020-10-09,US,Mississippi,Washington,2366,86,0,33.28392041,-90.94196237,28151.0,5388.416953244209,3.6348267117497888,2280,2360,86,0,2274,2351,45063,6,0,0,6,9
2020-10-09,US,Mississippi,Wayne,950,21,0,31.64135687,-88.69573913,28153.0,4706.931576078879,2.2105263157894743,929,946,21,0,925,942,20298,4,0,0,4,4
2020-10-09,US,Mississippi,Webster,355,13,0,33.61300486,-89.28392912,28155.0,3663.948807926514,3.661971830985916,342,355,13,0,342,355,9788,0,0,0,0,0
2020-10-09,US,Mississippi,Wilkinson,315,19,0,31.16078225,-91.31018819,28157.0,3650.057937427578,6.0317460317460325,296,313,19,0,294,313,8792,2,0,0,2,0
2020-10-09,US,Mississippi,Winston,780,20,0,33.08747908,-89.03391385,28159.0,4344.193817878028,2.5641025641025643,760,776,20,0,756,771,18165,4,0,0,4,5
2020-10-09,US,Mississippi,Yalobusha,463,14,0,34.02824175,-89.70762049999998,28161.0,3823.91807069706,3.0237580993520514,449,461,14,0,447,458,12392,2,0,0,2,3
2020-10-09,US,Mississippi,Yazoo,1098,33,0,32.77890365,-90.39656148,28163.0,3698.2148871673962,3.0054644808743167,1065,1091,33,0,1058,1088,28248,7,0,0,7,3
2020-10-09,US,Missouri,Adair,393,0,0,40.19058551,-92.60078167,29001.0,1550.7240658169903,0.0,393,386,0,0,386,380,25339,7,0,0,7,6
2020-10-09,US,Missouri,Andrew,320,3,0,39.98492163,-94.80163024,29003.0,1806.6847335140021,0.9375,317,315,3,0,312,308,17607,5,0,0,5,7
2020-10-09,US,Missouri,Atchison,65,0,0,40.43238737,-95.42970639,29005.0,1263.8537818393934,0.0,65,64,0,0,64,62,5171,1,0,0,1,2
2020-10-09,US,Missouri,Audrain,474,5,0,39.215877,-91.84242683,29007.0,1867.0237907672915,1.0548523206751057,469,470,5,0,465,467,25473,4,0,0,4,3
2020-10-09,US,Missouri,Barry,567,7,0,36.70978521,-93.82919888,29009.0,1584.2856743692194,1.2345679012345678,560,550,6,0,544,546,35886,17,1,0,16,4
2020-10-09,US,Missouri,Barton,293,2,0,37.50207671,-94.34757022,29011.0,2492.768419261528,0.6825938566552902,291,280,2,0,278,265,11798,13,0,0,13,15
2020-10-09,US,Missouri,Bates,171,3,0,38.25271289,-94.34113157,29013.0,1057.3831313381152,1.7543859649122806,168,168,3,0,165,163,16320,3,0,0,3,5
2020-10-09,US,Missouri,Benton,411,5,0,38.29503305,-93.28756116,29015.0,2113.8713161549144,1.2165450121654502,406,403,5,0,398,395,19278,8,0,0,8,8
2020-10-09,US,Missouri,Bollinger,383,2,0,37.32449052,-90.02725304,29017.0,3156.680128574961,0.5221932114882507,381,371,1,0,370,366,12169,12,1,0,11,5
2020-10-09,US,Missouri,Boone,4948,14,0,38.99186229,-92.30723575,29019.0,2741.836276688296,0.28294260307194824,4934,4884,11,0,4873,4836,180005,64,3,0,61,48
2020-10-09,US,Missouri,Buchanan,2371,30,0,39.65816401,-94.80138942,29021.0,2713.9325122476075,1.2652889076339098,2341,2337,30,0,2307,2292,88571,34,0,0,34,45
2020-10-09,US,Missouri,Butler,786,8,0,36.71462476,-90.40421163,29023.0,1850.3696030886576,1.0178117048346056,778,771,7,0,764,756,42639,15,1,0,14,15
2020-10-09,US,Missouri,Caldwell,128,1,0,39.65620858,-93.98308093,29025.0,1419.0687361419068,0.78125,127,125,1,0,124,120,9108,3,0,0,3,5
2020-10-09,US,Missouri,Callaway,812,4,0,38.83674754,-91.92186505,29027.0,1814.8090204054267,0.4926108374384237,808,774,3,0,771,764,44889,38,1,0,37,10
2020-10-09,US,Missouri,Camden,1226,20,0,38.02199522,-92.76083747,29029.0,2647.662239498974,1.6313213703099512,1206,1192,17,0,1175,1171,45815,34,3,0,31,21
2020-10-09,US,Missouri,Cape Girardeau,2101,27,0,37.38489388,-89.6843587,29031.0,2663.843491270556,1.2851023322227508,2074,2060,18,0,2042,2025,78753,41,9,0,32,35
2020-10-09,US,Missouri,Carroll,145,2,0,39.42762566,-93.50626255,29033.0,1670.699389330568,1.3793103448275863,143,142,2,0,140,141,8743,3,0,0,3,1
2020-10-09,US,Missouri,Carter,113,3,0,36.94160441,-90.96051322,29035.0,1889.0003343363426,2.6548672566371683,110,112,3,0,109,112,6054,1,0,0,1,0
2020-10-09,US,Missouri,Cass,1648,29,0,38.64789422,-94.353399,29037.0,1557.9504632255625,1.7597087378640777,1619,1626,26,0,1600,1620,104954,22,3,0,19,6
2020-10-09,US,Missouri,Cedar,165,1,0,37.72391475,-93.85445441,29039.0,1149.9059167886267,0.6060606060606061,164,159,0,0,159,154,14165,6,1,0,5,5
2020-10-09,US,Missouri,Chariton,53,1,0,39.51499357,-92.9629191,29041.0,713.7085914354968,1.8867924528301887,52,53,0,0,53,53,7451,0,1,0,-1,0
2020-10-09,US,Missouri,Christian,1786,8,0,36.9711783,-93.18537118,29043.0,2015.9151193633954,0.4479283314669653,1778,1756,6,0,1750,1706,86983,30,2,0,28,50
2020-10-09,US,Missouri,Clark,82,0,0,40.41040752,-91.73661677,29045.0,1206.414594674121,0.0,82,79,0,0,79,74,6842,3,0,0,3,5
2020-10-09,US,Missouri,Clay,1912,44,0,39.31132056,-94.41850862,29047.0,764.959111495191,2.301255230125523,1868,1901,42,0,1859,1882,246365,11,2,0,9,19
2020-10-09,US,Missouri,Clinton,302,0,0,39.6013098,-94.40465394,29049.0,1481.3361455829693,0.0,302,293,0,0,293,280,20470,9,0,0,9,13
2020-10-09,US,Missouri,Cole,1999,16,0,38.50455671,-92.27860244,29051.0,2604.7299498338652,0.8004002001000501,1983,1913,14,0,1899,1880,76796,86,2,0,84,33
2020-10-09,US,Missouri,Cooper,497,2,0,38.844478,-92.80896081,29053.0,2806.482579479361,0.4024144869215292,495,491,2,0,489,480,17603,6,0,0,6,11
2020-10-09,US,Missouri,Crawford,451,7,0,37.97663738,-91.30528104,29055.0,1885.4515050167224,1.5521064301552103,444,443,5,0,438,434,23957,8,2,0,6,9
2020-10-09,US,Missouri,Dade,90,0,0,37.431814,-93.8503345,29057.0,1190.3187409072873,0.0,90,88,0,0,88,84,7569,2,0,0,2,4
2020-10-09,US,Missouri,Dallas,236,1,0,37.681135499999996,-93.02127031,29059.0,1398.2699371963504,0.42372881355932196,235,232,1,0,231,227,16762,4,0,0,4,5
2020-10-09,US,Missouri,Daviess,165,1,0,39.96145298,-93.98519678,29061.0,1993.2350809374245,0.6060606060606061,164,159,1,0,158,156,8313,6,0,0,6,3
2020-10-09,US,Missouri,DeKalb,178,2,0,39.89201062,-94.40476508,29063.0,1418.6658165298475,1.1235955056179776,176,173,2,0,171,171,12630,5,0,0,5,2
2020-10-09,US,Missouri,Dent,162,2,0,37.60663134,-91.50790473,29065.0,1040.2619919090737,1.2345679012345678,160,157,2,0,155,152,15441,5,0,0,5,5
2020-10-09,US,Missouri,Douglas,242,3,0,36.9325593,-92.49905109,29067.0,1835.4190367842245,1.2396694214876034,239,236,3,0,233,235,13373,6,0,0,6,1
2020-10-09,US,Missouri,Dunklin,923,11,0,36.27167174,-90.09122243,29069.0,3168.4459853764033,1.191765980498375,912,912,8,0,904,897,29423,11,3,0,8,15
2020-10-09,US,Missouri,Franklin,2021,33,0,38.41127108,-91.07522826,29071.0,1943.8860407629345,1.6328550222662048,1988,1999,32,0,1967,1972,103670,22,1,0,21,27
2020-10-09,US,Missouri,Gasconade,177,24,0,38.43947277,-91.50847147,29073.0,1203.5903712770298,13.559322033898303,153,172,23,0,149,170,14705,5,1,0,4,2
2020-10-09,US,Missouri,Gentry,153,10,0,40.21097916,-94.40944419,29075.0,2328.412722568863,6.5359477124183005,143,147,9,0,138,141,6628,6,1,0,5,6
2020-10-09,US,Missouri,Greene,7350,93,0,37.2575872,-93.34230916,29077.0,2507.79634646486,1.2653061224489797,7257,7253,91,0,7162,7139,291923,97,2,0,95,114
2020-10-09,US,Missouri,Grundy,226,7,0,40.11406587,-93.56509276,29079.0,2294.416243654822,3.0973451327433628,219,224,4,0,220,221,9914,2,3,0,-1,3
2020-10-09,US,Missouri,Harrison,147,1,0,40.35570088,-93.99222144,29081.0,1760.057471264368,0.6802721088435374,146,144,1,0,143,137,8414,3,0,0,3,7
2020-10-09,US,Missouri,Henry,271,5,0,38.38482826,-93.79293734,29083.0,1241.7521994134895,1.845018450184502,266,267,5,0,262,251,21792,4,0,0,4,16
2020-10-09,US,Missouri,Hickory,141,3,0,37.94163617,-93.3203037,29085.0,1477.3679798826486,2.127659574468085,138,135,3,0,132,133,9509,6,0,0,6,2
2020-10-09,US,Missouri,Holt,90,1,0,40.09799248,-95.21638879999999,29087.0,2044.0608675902795,1.1111111111111112,89,88,1,0,87,86,4404,2,0,0,2,2
2020-10-09,US,Missouri,Howard,196,2,0,39.1435761,-92.69756691,29089.0,1959.8040195980398,1.020408163265306,194,196,2,0,194,189,10137,0,0,0,0,7
2020-10-09,US,Missouri,Howell,834,4,0,36.77383887,-91.88683935,29091.0,2078.919161452751,0.4796163069544365,830,816,3,0,813,808,40076,18,1,0,17,8
2020-10-09,US,Missouri,Iron,69,0,0,37.55487945,-90.7735296,29093.0,681.4814814814815,0.0,69,68,0,0,68,65,10177,1,0,0,1,3
2020-10-09,US,Missouri,Jackson,8069,113,0,39.01002188,-94.34724536,29095.0,1147.7772040551285,1.4004213657206592,7956,7973,108,0,7865,7899,700307,96,5,0,91,74
2020-10-09,US,Missouri,Jasper,4495,59,0,37.20351921,-94.34050458,29097.0,3704.8331794804167,1.3125695216907676,4436,4433,55,0,4378,4369,120636,62,4,0,58,64
2020-10-09,US,Missouri,Jefferson,4706,68,0,38.25926778,-90.53870896,29099.0,2090.802866523607,1.4449638759031025,4638,4642,66,0,4576,4612,224347,64,2,0,62,30
2020-10-09,US,Missouri,Johnson,1051,10,0,38.74719601,-93.80691168,29101.0,1944.064222559284,0.9514747859181732,1041,1044,5,0,1039,1027,53652,7,5,0,2,17
2020-10-09,US,Missouri,Kansas City,12743,166,0,39.0997,-94.5786,0.0,2606.2342645257213,1.3026759789688456,12577,12623,149,0,12474,12536,491918,120,17,0,103,87
2020-10-09,US,Missouri,Knox,55,1,0,40.12699751,-92.14780832,29103.0,1389.2397069967167,1.818181818181818,54,55,1,0,54,55,3947,0,0,0,0,0
2020-10-09,US,Missouri,Laclede,877,12,0,37.65896829,-92.5888493,29105.0,2455.000979760938,1.3683010262257698,865,845,10,0,835,827,35713,32,2,0,30,18
2020-10-09,US,Missouri,Lafayette,631,19,0,39.06986886,-93.78076396,29107.0,1929.191635073988,3.0110935023771788,612,619,19,0,600,606,32598,12,0,0,12,13
2020-10-09,US,Missouri,Lawrence,791,13,0,37.10626634,-93.83293097,29109.0,2062.3126059183937,1.6434892541087232,778,772,13,0,759,755,38359,19,0,0,19,17
2020-10-09,US,Missouri,Lewis,143,2,0,40.09673161,-91.72070156,29111.0,1462.7659574468084,1.3986013986013983,141,138,2,0,136,133,9855,5,0,0,5,5
2020-10-09,US,Missouri,Lincoln,938,3,0,39.05345619,-90.95588181,29113.0,1589.4802840052191,0.31982942430703626,935,915,3,0,912,901,57686,23,0,0,23,14
2020-10-09,US,Missouri,Linn,141,1,0,39.87001769,-93.10704106,29115.0,1182.8859060402685,0.7092198581560284,140,128,1,0,127,127,12037,13,0,0,13,1
2020-10-09,US,Missouri,Livingston,489,3,0,39.78110272,-93.54645978,29117.0,3211.40080120838,0.6134969325153374,486,479,3,0,476,469,15146,10,0,0,10,10
2020-10-09,US,Missouri,Macon,180,0,0,39.83049768,-92.56453089,29121.0,1190.7124429450287,0.0,180,174,0,0,174,170,15153,6,0,0,6,4
2020-10-09,US,Missouri,Madison,330,1,0,37.47865134,-90.34671429999999,29123.0,2729.980145598941,0.30303030303030304,329,326,1,0,325,320,12188,4,0,0,4,6
2020-10-09,US,Missouri,Maries,106,0,0,38.16193985,-91.92249662,29125.0,1218.8110842819362,0.0,106,96,0,0,96,95,8769,10,0,0,10,1
2020-10-09,US,Missouri,Marion,742,14,0,39.80601912,-91.62203062,29127.0,2600.771118121276,1.8867924528301887,728,734,14,0,720,730,28592,8,0,0,8,4
2020-10-09,US,Missouri,McDonald,1125,12,0,36.62869595,-94.34867205,29119.0,4926.21622805097,1.0666666666666669,1113,1125,11,0,1114,1122,23078,0,1,0,-1,3
2020-10-09,US,Missouri,Mercer,31,0,0,40.42212303,-93.56829590000001,29129.0,857.0638650815595,0.0,31,31,0,0,31,31,3641,0,0,0,0,0
2020-10-09,US,Missouri,Miller,607,2,0,38.21450288,-92.42610898,29131.0,2369.3352589874703,0.32948929159802304,605,593,2,0,591,590,25336,14,0,0,14,3
2020-10-09,US,Missouri,Mississippi,335,4,0,36.82516239,-89.29505753,29133.0,2541.729893778452,1.1940298507462686,331,329,3,0,326,327,13336,6,1,0,5,2
2020-10-09,US,Missouri,Moniteau,373,5,0,38.63571781,-92.57976951,29135.0,2312.174559880982,1.3404825737265416,368,370,5,0,365,366,16121,3,0,0,3,4
2020-10-09,US,Missouri,Monroe,97,1,0,39.49593978,-92.00043978,29137.0,1122.165664044424,1.0309278350515465,96,95,1,0,94,94,8664,2,0,0,2,1
2020-10-09,US,Missouri,Montgomery,94,1,0,38.94022054,-91.47000721,29139.0,813.7823565059301,1.0638297872340423,93,90,1,0,89,90,11534,4,0,0,4,0
2020-10-09,US,Missouri,Morgan,473,5,0,38.4181765,-92.88791859,29141.0,2293.110971057352,1.0570824524312896,468,457,2,0,455,451,20358,16,3,0,13,6
2020-10-09,US,Missouri,New Madrid,624,16,0,36.59666326,-89.66070007,29143.0,3654.251581166549,2.5641025641025643,608,609,16,0,593,600,17296,15,0,0,15,9
2020-10-09,US,Missouri,Newton,1484,14,0,36.90519407,-94.3394104,29145.0,2548.251940380521,0.9433962264150944,1470,1476,13,0,1463,1459,58266,8,1,0,7,17
2020-10-09,US,Missouri,Nodaway,875,10,0,40.36079813,-94.88133008,29147.0,3960.7097591888464,1.1428571428571428,865,875,10,0,865,862,22304,0,0,0,0,13
2020-10-09,US,Missouri,Oregon,162,0,0,36.68710164,-91.4033755,29149.0,1538.6076550479627,0.0,162,159,0,0,159,154,10541,3,0,0,3,5
2020-10-09,US,Missouri,Osage,230,2,0,38.46036182,-91.8613635,29151.0,1689.3132574366507,0.8695652173913043,228,226,1,0,225,218,13714,4,1,0,3,8
2020-10-09,US,Missouri,Ozark,148,1,0,36.64916339,-92.44459066,29153.0,1613.2548506649225,0.6756756756756757,147,147,1,0,146,143,9017,1,0,0,1,4
2020-10-09,US,Missouri,Pemiscot,601,11,0,36.2130572,-89.78742322,29155.0,3802.594115786144,1.8302828618968383,590,592,10,0,582,582,16272,9,1,0,8,10
2020-10-09,US,Missouri,Perry,694,8,0,37.70660776,-89.82741088,29157.0,3626.672240802676,1.1527377521613833,686,686,7,0,679,674,19150,8,1,0,7,12
2020-10-09,US,Missouri,Pettis,1260,13,0,38.72798918,-93.28471706,29159.0,2975.9795932827888,1.031746031746032,1247,1241,12,0,1229,1226,42542,19,1,0,18,15
2020-10-09,US,Missouri,Phelps,551,15,0,37.87736118,-91.79351727,29161.0,1236.174365647365,2.722323049001815,536,523,12,0,511,520,44732,28,3,0,25,3
2020-10-09,US,Missouri,Pike,268,4,0,39.34310674,-91.16980779,29163.0,1464.320839252541,1.492537313432836,264,264,4,0,260,258,18504,4,0,0,4,6
2020-10-09,US,Missouri,Platte,776,12,0,39.38154439,-94.77068479,29165.0,743.1668869352028,1.5463917525773196,764,758,10,0,748,749,102985,18,2,0,16,9
2020-10-09,US,Missouri,Polk,767,7,0,37.616229600000004,-93.39828174,29167.0,2385.766275778407,0.9126466753585396,760,751,5,0,746,739,32201,16,2,0,14,12
2020-10-09,US,Missouri,Pulaski,765,8,0,37.82462075,-92.20783203,29169.0,1454.1791016404661,1.0457516339869282,757,743,7,0,736,734,52014,22,1,0,21,9
2020-10-09,US,Missouri,Putnam,35,1,0,40.47942497,-93.02042674,29171.0,745.3151618398638,2.8571428571428568,34,34,1,0,33,32,4757,1,0,0,1,2
2020-10-09,US,Missouri,Ralls,169,0,0,39.52817427,-91.51838643,29173.0,1639.344262295082,0.0,169,160,0,0,160,158,10212,9,0,0,9,2
2020-10-09,US,Missouri,Randolph,389,2,0,39.44007257,-92.49713740000001,29175.0,1571.8441894294488,0.5141388174807198,387,386,2,0,384,379,24763,3,0,0,3,7
2020-10-09,US,Missouri,Ray,194,2,0,39.353746799999996,-93.98905745,29177.0,842.8186636545313,1.0309278350515465,192,192,2,0,190,190,22883,2,0,0,2,2
2020-10-09,US,Missouri,Reynolds,41,0,0,37.36085952,-90.97009925,29179.0,653.9074960127592,0.0,41,43,0,0,43,41,6254,-2,0,0,-2,2
2020-10-09,US,Missouri,Ripley,162,1,0,36.65460667,-90.85990261,29181.0,1219.1450933172787,0.6172839506172839,161,154,1,0,153,150,13401,8,0,0,8,4
2020-10-09,US,Missouri,Saline,842,9,0,39.13734288,-93.20259964,29195.0,3699.310223628136,1.0688836104513064,833,829,9,0,820,814,22895,13,0,0,13,15
2020-10-09,US,Missouri,Schuyler,30,0,0,40.46921489,-92.52311943,29197.0,643.7768240343347,0.0,30,29,0,0,29,28,4599,1,0,0,1,1
2020-10-09,US,Missouri,Scotland,44,1,0,40.45214695,-92.14709064,29199.0,897.592819257446,2.272727272727273,43,44,1,0,43,41,4966,0,0,0,0,3
2020-10-09,US,Missouri,Scott,1026,17,0,37.05588075,-89.56474493,29201.0,2680.2507836990594,1.6569200779727096,1009,1002,17,0,985,982,38458,24,0,0,24,20
2020-10-09,US,Missouri,Shannon,155,2,0,37.15772072,-91.40190382,29203.0,1898.1141317658585,1.2903225806451613,153,154,1,0,153,151,8189,1,1,0,0,3
2020-10-09,US,Missouri,Shelby,80,1,0,39.79742518,-92.07634971,29205.0,1349.0725126475547,1.25,79,77,1,0,76,74,6050,3,0,0,3,3
2020-10-09,US,Missouri,St. Charles,8464,125,0,38.77875681,-90.66662425,29183.0,2105.3574182507423,1.476843100189036,8339,8354,115,0,8239,8296,399182,110,10,0,100,58
2020-10-09,US,Missouri,St. Clair,86,0,0,38.03699437,-93.77631447,29185.0,915.185697563052,0.0,86,82,0,0,82,81,9395,4,0,0,4,1
2020-10-09,US,Missouri,St. Francois,2356,18,0,37.81214171,-90.47598685,29187.0,3505.1699769396714,0.7640067911714771,2338,2313,14,0,2299,2282,66692,43,4,0,39,31
2020-10-09,US,Missouri,St. Louis,25937,835,0,38.63770039999999,-90.4458375,29189.0,2608.818100894685,3.2193391679839616,25102,25709,826,0,24883,25572,996945,228,9,0,219,137
2020-10-09,US,Missouri,St. Louis City,7458,217,0,38.63555736,-90.24349225,29510.0,2481.2360268284892,2.9096272459104315,7241,7413,213,0,7200,7386,302838,45,4,0,41,27
2020-10-09,US,Missouri,Ste. Genevieve,236,1,0,37.89090059,-90.1949941,29186.0,1318.8778361461946,0.42372881355932196,235,233,1,0,232,231,17888,3,0,0,3,2
2020-10-09,US,Missouri,Stoddard,632,15,0,36.85571651,-89.9444155,29207.0,2177.433247200689,2.373417721518988,617,622,14,0,608,607,29206,10,1,0,9,15
2020-10-09,US,Missouri,Stone,561,6,0,36.75000327,-93.45256475,29209.0,1755.7586379569354,1.0695187165775402,555,541,6,0,535,534,31749,20,0,0,20,7
2020-10-09,US,Missouri,Sullivan,236,0,0,40.2099105,-93.11150106,29211.0,3875.841681721136,0.0,236,230,0,0,230,228,6221,6,0,0,6,2
2020-10-09,US,Missouri,Taney,1450,38,0,36.65465345,-93.04075153,29213.0,2592.619081676441,2.6206896551724137,1412,1439,37,0,1402,1422,55852,11,1,0,10,17
2020-10-09,US,Missouri,Texas,419,2,0,37.31728859,-91.96564727,29215.0,1649.7361997007638,0.47732696897374705,417,404,2,0,402,393,25571,15,0,0,15,11
2020-10-09,US,Missouri,Vernon,244,2,0,37.8457799,-94.34127305,29217.0,1186.597286388173,0.819672131147541,242,239,2,0,237,233,20528,5,0,0,5,6
2020-10-09,US,Missouri,Warren,508,1,0,38.76529479,-91.16124662,29219.0,1425.0049089736035,0.1968503937007874,507,503,1,0,502,501,34711,5,0,0,5,2
2020-10-09,US,Missouri,Washington,522,11,0,37.96130078,-90.87948158,29221.0,2110.796603315811,2.10727969348659,511,508,11,0,497,504,24943,14,0,0,14,4
2020-10-09,US,Missouri,Wayne,247,1,0,37.11303869,-90.46001416,29223.0,1918.7446593645611,0.4048582995951417,246,243,0,0,243,241,13122,4,1,0,3,2
2020-10-09,US,Missouri,Webster,890,6,0,37.2813734,-92.876329,29225.0,2247.928874520105,0.6741573033707865,884,851,5,0,846,818,39109,39,1,0,38,33
2020-10-09,US,Missouri,Worth,22,0,0,40.47945588,-94.42328751,29227.0,1092.896174863388,0.0,22,22,0,0,22,21,2040,0,0,0,0,1
2020-10-09,US,Missouri,Wright,468,0,0,37.27029221,-92.46914488,29229.0,2558.9151949259117,0.0,468,457,0,0,457,444,18378,11,0,0,11,13
2020-10-09,US,Montana,Beaverhead,191,1,0,45.13434354,-112.89846940000001,30001.0,2020.5225854226169,0.5235602094240838,190,166,1,0,165,154,9404,25,0,0,25,12
2020-10-09,US,Montana,Big Horn,1022,27,0,45.42335905,-107.492347,30003.0,7673.248742398077,2.641878669275929,995,992,26,0,966,990,13338,30,1,0,29,2
2020-10-09,US,Montana,Blaine,112,0,0,48.43175214,-108.9582723,30005.0,1676.3957491393505,0.0,112,108,0,0,108,100,6807,4,0,0,4,8
2020-10-09,US,Montana,Broadwater,21,0,0,46.33277565,-111.49558130000001,30007.0,336.7003367003366,0.0,21,20,0,0,20,20,6085,1,0,0,1,0
2020-10-09,US,Montana,Carbon,148,0,0,45.22850116,-109.0274047,30009.0,1379.9533799533801,0.0,148,142,0,0,142,134,10714,6,0,0,6,8
2020-10-09,US,Montana,Carter,11,0,0,45.5197966,-104.53955359999999,30011.0,878.5942492012781,0.0,11,9,0,0,9,9,1238,2,0,0,2,0
2020-10-09,US,Montana,Cascade,1010,6,0,47.30797024,-111.3467922,30013.0,1241.3047218740014,0.594059405940594,1004,967,6,0,961,953,81643,43,0,0,43,14
2020-10-09,US,Montana,Chouteau,46,0,0,47.88084126,-110.4353362,30015.0,816.3265306122447,0.0,46,41,0,0,41,39,5745,5,0,0,5,2
2020-10-09,US,Montana,Custer,129,2,0,46.25319932,-105.57375259999998,30017.0,1131.3804595684967,1.5503875968992251,127,128,2,0,126,125,11586,1,0,0,1,3
2020-10-09,US,Montana,Daniels,11,0,0,48.78420029,-105.54763429999998,30019.0,650.887573964497,0.0,11,12,0,0,12,12,1747,-1,0,0,-1,0
2020-10-09,US,Montana,Dawson,108,1,0,47.26584855,-104.89444170000002,30021.0,1253.9184952978055,0.925925925925926,107,104,1,0,103,96,8680,4,0,0,4,8
2020-10-09,US,Montana,Deer Lodge,226,0,0,46.05953325,-113.073353,30023.0,2472.6477024070027,0.0,226,210,0,0,210,207,9131,16,0,0,16,3
2020-10-09,US,Montana,Fallon,24,0,0,46.33478338,-104.41835649999999,30025.0,843.2888264230497,0.0,24,24,0,0,24,18,2920,0,0,0,0,6
2020-10-09,US,Montana,Fergus,97,1,0,47.26331584,-109.2245206,30027.0,877.8280542986424,1.0309278350515465,96,83,1,0,82,82,11113,14,0,0,14,1
2020-10-09,US,Montana,Flathead,1817,23,0,48.29575866,-114.05205690000001,30029.0,1750.3805175038046,1.2658227848101269,1794,1681,19,0,1662,1583,102106,136,4,0,132,98
2020-10-09,US,Montana,Gallatin,1792,4,0,45.54486106,-111.1692571,30031.0,1565.9681563171787,0.22321428571428573,1788,1731,4,0,1727,1678,111876,61,0,0,61,53
2020-10-09,US,Montana,Garfield,18,0,0,47.27545948,-107.0002351,30033.0,1430.8426073131955,0.0,18,18,0,0,18,18,1268,0,0,0,0,0
2020-10-09,US,Montana,Glacier,604,1,0,48.70513576,-112.9934235,30035.0,4391.7690685668595,0.16556291390728478,603,601,1,0,600,583,13747,3,0,0,3,18
2020-10-09,US,Montana,Golden Valley,5,0,0,46.3816474,-109.17685220000001,30037.0,609.0133982947625,0.0,5,5,0,0,5,5,826,0,0,0,0,0
2020-10-09,US,Montana,Granite,32,0,0,46.40605220000001,-113.4414186,30039.0,947.0257472625036,0.0,32,32,0,0,32,32,3378,0,0,0,0,0
2020-10-09,US,Montana,Hill,313,5,0,48.62879827,-110.1129252,30041.0,1898.8109682115992,1.597444089456869,308,287,5,0,282,269,16347,26,0,0,26,18
2020-10-09,US,Montana,Jefferson,101,0,0,46.14907081,-112.094396,30043.0,826.4462809917355,0.0,101,98,0,0,98,96,12097,3,0,0,3,2
2020-10-09,US,Montana,Judith Basin,9,0,0,47.04581276,-110.26606880000001,30045.0,448.43049327354265,0.0,9,9,0,0,9,9,1952,0,0,0,0,0
2020-10-09,US,Montana,Lake,333,1,0,47.64514965,-114.0898013,30047.0,1093.3088187011622,0.3003003003003003,332,328,1,0,327,315,30250,5,0,0,5,13
2020-10-09,US,Montana,Lewis and Clark,416,3,0,47.12610041,-112.39469799999999,30049.0,599.1473672082037,0.7211538461538461,413,398,3,0,395,392,68700,18,0,0,18,6
2020-10-09,US,Montana,Liberty,25,0,0,48.56084317,-111.02430700000001,30051.0,1069.7475395806591,0.0,25,23,0,0,23,22,2430,2,0,0,2,1
2020-10-09,US,Montana,Lincoln,178,3,0,48.54265777,-115.4046155,30053.0,890.8908908908908,1.6853932584269662,175,170,3,0,167,157,19794,8,0,0,8,13
2020-10-09,US,Montana,Madison,121,1,0,45.30080065,-111.9173017,30057.0,1406.9767441860465,0.8264462809917356,120,120,1,0,119,118,8768,1,0,0,1,2
2020-10-09,US,Montana,McCone,29,0,0,47.64469406,-105.79449939999999,30055.0,1742.7884615384617,0.0,29,27,0,0,27,27,1675,2,0,0,2,0
2020-10-09,US,Montana,Meagher,40,2,0,46.59907074,-110.8898557,30059.0,2148.2277121374864,5.0,38,39,2,0,37,38,1866,1,0,0,1,1
2020-10-09,US,Montana,Mineral,7,0,0,47.15283992,-115.00152390000001,30061.0,159.19945417329996,0.0,7,7,0,0,7,7,4316,0,0,0,0,0
2020-10-09,US,Montana,Missoula,1257,4,0,47.03728583,-113.92135079999998,30063.0,1051.0033444816054,0.3182179793158313,1253,1233,4,0,1229,1131,118791,24,0,0,24,102
2020-10-09,US,Montana,Musselshell,39,1,0,46.49684637,-108.39498,30065.0,841.7871789337363,2.5641025641025643,38,37,1,0,36,37,4651,2,0,0,2,0
2020-10-09,US,Montana,Park,136,0,0,45.48965095,-110.52643940000002,30067.0,818.9810911718657,0.0,136,132,0,0,132,125,16736,4,0,0,4,7
2020-10-09,US,Montana,Petroleum,1,0,0,47.118246299999996,-108.2508876,30069.0,205.3388090349076,0.0,1,1,0,0,1,1,513,0,0,0,0,0
2020-10-09,US,Montana,Phillips,125,0,0,48.25936577,-107.9128511,30071.0,3161.3555892766817,0.0,125,125,0,0,125,124,4074,0,0,0,0,1
2020-10-09,US,Montana,Pondera,104,1,0,48.22773388,-112.22527029999999,30073.0,1759.4315682625613,0.9615384615384616,103,94,1,0,93,81,5972,10,0,0,10,13
2020-10-09,US,Montana,Powder River,28,0,0,45.39617714,-105.636738,30075.0,1664.6848989298455,0.0,28,27,0,0,27,27,1716,1,0,0,1,0
2020-10-09,US,Montana,Powell,17,0,0,46.85538891,-112.93591640000001,30077.0,246.73439767779396,0.0,17,15,0,0,15,15,6968,2,0,0,2,0
2020-10-09,US,Montana,Prairie,25,0,0,46.86048047,-105.379384,30079.0,2321.262766945218,0.0,25,23,0,0,23,20,1087,2,0,0,2,3
2020-10-09,US,Montana,Ravalli,210,2,0,46.08520862,-114.11891640000002,30081.0,479.3863854266539,0.9523809523809524,208,195,2,0,193,180,43172,15,0,0,15,15
2020-10-09,US,Montana,Richland,143,2,0,47.78668011,-104.5610786,30083.0,1323.7063778580025,1.3986013986013983,141,141,2,0,139,141,10913,2,0,0,2,0
2020-10-09,US,Montana,Roosevelt,527,9,0,48.29607488,-105.00792679999999,30085.0,4789.167575427116,1.7077798861480076,518,503,8,0,495,467,11059,24,1,0,23,36
2020-10-09,US,Montana,Rosebud,697,19,0,46.23397237,-106.72928799999998,30087.0,7799.037708403266,2.7259684361549503,678,695,19,0,676,693,9063,2,0,0,2,2
2020-10-09,US,Montana,Sanders,74,1,0,47.67657534,-115.1329916,30089.0,610.9138941632956,1.351351351351351,73,70,1,0,69,63,11844,4,0,0,4,7
2020-10-09,US,Montana,Sheridan,27,0,0,48.72085833,-104.50382900000001,30091.0,815.9564823209429,0.0,27,27,0,0,27,27,3424,0,0,0,0,0
2020-10-09,US,Montana,Silver Bow,340,0,0,45.90018933,-112.6620092,30093.0,973.7934984963484,0.0,340,329,0,0,329,308,34993,11,0,0,11,21
2020-10-09,US,Montana,Stillwater,108,3,0,45.67071407,-109.3950061,30095.0,1120.099564405725,2.7777777777777777,105,99,3,0,96,99,9534,9,0,0,9,0
2020-10-09,US,Montana,Sweet Grass,52,2,0,45.81367654,-109.9425686,30097.0,1391.4905004013915,3.8461538461538463,50,52,2,0,50,52,3710,0,0,0,0,0
2020-10-09,US,Montana,Teton,48,0,0,47.83741052,-112.24106880000001,30099.0,780.8687164470473,0.0,48,48,0,0,48,46,6162,0,0,0,0,2
2020-10-09,US,Montana,Toole,174,6,0,48.65577551,-111.69424140000001,30101.0,3673.9864864864867,3.4482758620689653,168,169,6,0,163,159,4853,5,0,0,5,10
2020-10-09,US,Montana,Treasure,9,0,0,46.20973220000001,-107.26665159999999,30103.0,1293.1034482758619,0.0,9,8,0,0,8,6,679,1,0,0,1,2
2020-10-09,US,Montana,Valley,148,1,0,48.36435097,-106.6669635,30105.0,2001.0816657652786,0.6756756756756757,147,133,1,0,132,121,7437,15,0,0,15,12
2020-10-09,US,Montana,Wheatland,34,1,0,46.46652491,-109.84646359999999,30107.0,1599.2474129821258,2.9411764705882355,33,22,1,0,21,21,2236,12,0,0,12,1
2020-10-09,US,Montana,Wibaux,30,0,0,46.95925154,-104.2510927,30109.0,3095.9752321981427,0.0,30,24,0,0,24,24,1034,6,0,0,6,0
2020-10-09,US,Montana,Yellowstone,4050,73,0,45.93955949,-108.26914860000001,30111.0,2510.849349039058,1.8024691358024687,3977,3895,70,0,3825,3807,160137,155,3,0,152,88
2020-10-09,US,Nebraska,Adams,625,12,0,40.52449420000001,-98.50117804,31001.0,1992.7940566910047,1.92,613,625,12,0,613,617,31511,0,0,0,0,8
2020-10-09,US,Nebraska,Antelope,113,1,0,42.17695516,-98.06662829999999,31003.0,1794.2203874245793,0.8849557522123894,112,113,1,0,112,105,6336,0,0,0,0,8
2020-10-09,US,Nebraska,Arthur,1,0,0,41.56896142,-101.6959559,31005.0,215.98272138228938,0.0,1,1,0,0,1,1,465,0,0,0,0,0
2020-10-09,US,Nebraska,Banner,2,0,0,41.54634427,-103.7114332,31007.0,268.4563758389262,0.0,2,2,0,0,2,2,730,0,0,0,0,0
2020-10-09,US,Nebraska,Blaine,1,0,0,41.91311716,-99.97677845,31009.0,215.05376344086025,0.0,1,1,0,0,1,1,476,0,0,0,0,0
2020-10-09,US,Nebraska,Boone,109,0,0,41.70759415,-98.06737183,31011.0,2099.383667180277,0.0,109,109,0,0,109,107,5239,0,0,0,0,2
2020-10-09,US,Nebraska,Box Butte,120,1,0,42.22079243,-103.08788340000001,31013.0,1112.8628396550123,0.8333333333333334,119,120,1,0,119,116,10772,0,0,0,0,4
2020-10-09,US,Nebraska,Boyd,36,0,0,42.899727399999996,-98.76486568,31015.0,1875.9770713913492,0.0,36,36,0,0,36,35,1955,0,0,0,0,1
2020-10-09,US,Nebraska,Brown,58,0,0,42.43018907,-99.92904055,31017.0,1962.774957698816,0.0,58,58,0,0,58,55,2973,0,0,0,0,3
2020-10-09,US,Nebraska,Buffalo,1278,6,0,40.85486962,-99.07500296,31019.0,2573.5516220624663,0.4694835680751174,1272,1278,6,0,1272,1249,49615,0,0,0,0,29
2020-10-09,US,Nebraska,Burt,92,1,0,41.85056773,-96.32605633,31021.0,1424.3690973834964,1.0869565217391304,91,92,1,0,91,91,6488,0,0,0,0,1
2020-10-09,US,Nebraska,Butler,157,1,0,41.22703692,-97.13106306,31023.0,1958.5828343313374,0.6369426751592356,156,157,1,0,156,151,8058,0,0,0,0,6
2020-10-09,US,Nebraska,Cass,385,3,0,40.90899107,-96.13971217,31025.0,1466.7784212130448,0.7792207792207793,382,385,3,0,382,380,26159,0,0,0,0,5
2020-10-09,US,Nebraska,Cedar,107,0,0,42.598885100000004,-97.25311951,31027.0,1273.5063080218995,0.0,107,107,0,0,107,107,8446,0,0,0,0,0
2020-10-09,US,Nebraska,Chase,58,0,0,40.523719799999995,-101.69780259999999,31029.0,1478.0835881753312,0.0,58,58,0,0,58,58,3977,0,0,0,0,0
2020-10-09,US,Nebraska,Cherry,54,4,0,42.54502621,-101.1244332,31031.0,949.2002109333804,7.407407407407407,50,54,4,0,50,54,5761,0,0,0,0,0
2020-10-09,US,Nebraska,Cheyenne,49,0,0,41.21999357,-102.9941693,31033.0,549.9438832772166,0.0,49,49,0,0,49,49,9310,0,0,0,0,0
2020-10-09,US,Nebraska,Clay,95,0,0,40.52439441,-98.05126296,31035.0,1531.5170078994033,0.0,95,95,0,0,95,94,6214,0,0,0,0,1
2020-10-09,US,Nebraska,Colfax,804,5,0,41.57486951,-97.0868542,31037.0,7507.703800541602,0.6218905472636815,799,804,5,0,799,803,10881,0,0,0,0,1
2020-10-09,US,Nebraska,Cuming,200,1,0,41.91637624,-96.78730772,31039.0,2260.9088853719195,0.5,199,200,1,0,199,199,8940,0,0,0,0,1
2020-10-09,US,Nebraska,Custer,126,4,0,41.39374521,-99.72805369,31041.0,1169.156537069685,3.1746031746031744,122,126,4,0,122,117,10840,0,0,0,0,9
2020-10-09,US,Nebraska,Dakota,2346,44,0,42.39040144,-96.56656425,31043.0,11714.770797962648,1.8755328218243816,2302,2346,44,0,2302,2337,20083,0,0,0,0,9
2020-10-09,US,Nebraska,Dawes,147,0,0,42.71985036,-103.1313774,31045.0,1711.4914425427876,0.0,147,147,0,0,147,144,8716,0,0,0,0,3
2020-10-09,US,Nebraska,Dawson,1117,14,0,40.87028216,-99.82014609999999,31047.0,4734.053824962916,1.2533572068039391,1103,1117,14,0,1103,1111,23709,0,0,0,0,6
2020-10-09,US,Nebraska,Deuel,4,0,0,41.11168186,-102.33333309999999,31049.0,222.9654403567447,0.0,4,4,0,0,4,4,1825,0,0,0,0,0
2020-10-09,US,Nebraska,Dixon,128,2,0,42.49188363,-96.86782408,31051.0,2271.1142654364803,1.5625,126,128,2,0,126,123,5709,0,0,0,0,5
2020-10-09,US,Nebraska,Dodge,1331,13,0,41.58071748,-96.65598179,31053.0,3640.092985095036,0.9767092411720508,1318,1331,13,0,1318,1321,36791,0,0,0,0,10
2020-10-09,US,Nebraska,Douglas,17736,198,0,41.29518299,-96.15085305,31055.0,3104.3517985321887,1.1163734776725305,17538,17736,198,0,17538,17533,566880,0,0,0,0,203
2020-10-09,US,Nebraska,Dundy,15,1,0,40.17638677,-101.6876522,31057.0,886.0011813349084,6.666666666666668,14,15,1,0,14,15,1770,0,0,0,0,0
2020-10-09,US,Nebraska,Fillmore,61,1,0,40.52458567,-97.59646937,31059.0,1116.807030391798,1.639344262295082,60,61,1,0,60,58,5527,0,0,0,0,3
2020-10-09,US,Nebraska,Franklin,50,0,0,40.17636348,-98.95299073,31061.0,1678.4155756965424,0.0,50,50,0,0,50,47,3023,0,0,0,0,3
2020-10-09,US,Nebraska,Frontier,13,0,0,40.52993007,-100.3924658,31063.0,494.86105824134,0.0,13,13,0,0,13,13,2608,0,0,0,0,0
2020-10-09,US,Nebraska,Furnas,56,2,0,40.17642064,-99.91247454,31065.0,1197.6047904191614,3.571428571428572,54,56,2,0,54,51,4715,0,0,0,0,5
2020-10-09,US,Nebraska,Gage,314,5,0,40.26186809,-96.68946704,31067.0,1459.5825779761076,1.5923566878980893,309,314,5,0,309,309,21493,0,0,0,0,5
2020-10-09,US,Nebraska,Garden,13,0,0,41.61703149,-102.3313973,31069.0,707.6755579749591,0.0,13,13,0,0,13,13,1897,0,0,0,0,0
2020-10-09,US,Nebraska,Garfield,11,0,0,41.91428955,-98.99111827,31071.0,558.659217877095,0.0,11,11,0,0,11,11,1987,0,0,0,0,0
2020-10-09,US,Nebraska,Gosper,48,0,0,40.51481965,-99.83020279,31073.0,2412.0603015075376,0.0,48,48,0,0,48,48,1996,0,0,0,0,0
2020-10-09,US,Nebraska,Grant,2,0,0,41.91528587,-101.740701,31075.0,321.0272873194222,0.0,2,2,0,0,2,1,660,0,0,0,0,1
2020-10-09,US,Nebraska,Greeley,37,0,0,41.56742671,-98.52150266,31077.0,1570.4584040747034,0.0,37,37,0,0,37,36,2356,0,0,0,0,1
2020-10-09,US,Nebraska,Hall,2142,48,0,40.87257079,-98.50218293,31079.0,3491.2718204488788,2.2408963585434174,2094,2142,48,0,2094,2108,61607,0,0,0,0,34
2020-10-09,US,Nebraska,Hamilton,167,12,0,40.87349452,-98.02099117,31081.0,1791.076791076791,7.185628742514971,155,167,12,0,155,165,9280,0,0,0,0,2
2020-10-09,US,Nebraska,Harlan,31,0,0,40.17658508,-99.40438879,31083.0,917.1597633136096,0.0,31,31,0,0,31,27,3401,0,0,0,0,4
2020-10-09,US,Nebraska,Hayes,2,0,0,40.52451972,-101.0603568,31085.0,216.9197396963124,0.0,2,2,0,0,2,2,916,0,0,0,0,0
2020-10-09,US,Nebraska,Hitchcock,14,0,0,40.17609175,-101.04164770000001,31087.0,506.8790731354091,0.0,14,14,0,0,14,10,2806,0,0,0,0,4
2020-10-09,US,Nebraska,Holt,139,1,0,42.45522056,-98.78402558,31089.0,1380.7489818217941,0.7194244604316546,138,139,1,0,138,134,10178,0,0,0,0,5
2020-10-09,US,Nebraska,Hooker,13,1,0,41.91586243,-101.1354293,31091.0,1906.158357771261,7.6923076923076925,12,13,1,0,12,13,682,0,0,0,0,0
2020-10-09,US,Nebraska,Howard,115,5,0,41.2200529,-98.5166499,31093.0,1784.3289371605897,4.3478260869565215,110,115,5,0,110,110,6468,0,0,0,0,5
2020-10-09,US,Nebraska,Jefferson,37,0,0,40.17584531,-97.142601,31095.0,525.1206358217428,0.0,37,37,0,0,37,37,7097,0,0,0,0,0
2020-10-09,US,Nebraska,Johnson,74,0,0,40.39257596,-96.26522753,31097.0,1459.2782488661014,0.0,74,74,0,0,74,73,5134,0,0,0,0,1
2020-10-09,US,Nebraska,Kearney,170,0,0,40.50663314,-98.94877182,31099.0,2617.3979984603548,0.0,170,170,0,0,170,166,6544,0,0,0,0,4
2020-10-09,US,Nebraska,Keith,70,0,0,41.19930341,-101.66201640000001,31101.0,871.2969878018422,0.0,70,70,0,0,70,70,8021,0,0,0,0,0
2020-10-09,US,Nebraska,Keya Paha,5,0,0,42.87990694,-99.71343729,31103.0,620.3473945409428,0.0,5,5,0,0,5,5,810,0,0,0,0,0
2020-10-09,US,Nebraska,Kimball,25,0,0,41.19774275,-103.7148131,31105.0,688.3259911894272,0.0,25,25,0,0,25,24,3618,0,0,0,0,1
2020-10-09,US,Nebraska,Knox,210,0,0,42.63758421,-97.89178836,31107.0,2520.4032645223238,0.0,210,210,0,0,210,204,8419,0,0,0,0,6
2020-10-09,US,Nebraska,Lancaster,7082,26,0,40.78416049,-96.68777155,31109.0,2219.4365226111754,0.3671279299632872,7056,7082,26,0,7056,6996,317272,0,0,0,0,86
2020-10-09,US,Nebraska,Lincoln,512,4,0,41.04658298,-100.74753740000001,31111.0,1466.4604456664947,0.78125,508,512,4,0,508,508,35185,0,0,0,0,4
2020-10-09,US,Nebraska,Logan,7,0,0,41.56650314,-100.4817851,31113.0,935.8288770053476,0.0,7,7,0,0,7,7,749,0,0,0,0,0
2020-10-09,US,Nebraska,Loup,3,0,0,41.91371961,-99.45440415,31115.0,451.8072289156627,0.0,3,3,0,0,3,3,618,0,0,0,0,0
2020-10-09,US,Nebraska,Madison,915,7,0,41.91676024,-97.6005481,31119.0,2606.911877831277,0.7650273224043715,908,915,7,0,908,910,35392,0,0,0,0,5
2020-10-09,US,Nebraska,McPherson,7,0,0,41.56797682,-101.05993620000001,31117.0,1417.004048582996,0.0,7,7,0,0,7,8,492,0,0,0,0,-1
2020-10-09,US,Nebraska,Merrick,99,1,0,41.16624273,-98.0374887,31121.0,1276.5957446808507,1.0101010101010102,98,99,1,0,98,95,7733,0,0,0,0,4
2020-10-09,US,Nebraska,Morrill,79,0,0,41.71711774,-103.0061405,31123.0,1701.8526497199482,0.0,79,79,0,0,79,79,4686,0,0,0,0,0
2020-10-09,US,Nebraska,Nance,63,0,0,41.39750195,-97.99327291,31125.0,1790.2813299232737,0.0,63,63,0,0,63,60,3532,0,0,0,0,3
2020-10-09,US,Nebraska,Nemaha,142,0,0,40.38514847,-95.85433992,31127.0,2036.7183017785428,0.0,142,142,0,0,142,140,6958,0,0,0,0,2
2020-10-09,US,Nebraska,Nuckolls,19,0,0,40.17637905,-98.04743961,31129.0,458.05207328833166,0.0,19,19,0,0,19,18,4195,0,0,0,0,1
2020-10-09,US,Nebraska,Otoe,201,1,0,40.64843556,-96.13374142,31131.0,1255.3085186110418,0.4975124378109453,200,201,1,0,200,200,15985,0,0,0,0,1
2020-10-09,US,Nebraska,Pawnee,21,0,0,40.13141096,-96.23705437,31133.0,803.6739380022963,0.0,21,21,0,0,21,21,2632,0,0,0,0,0
2020-10-09,US,Nebraska,Perkins,34,10,0,40.85082525,-101.6502942,31135.0,1176.063645797302,29.411764705882355,24,34,10,0,24,34,2929,0,0,0,0,0
2020-10-09,US,Nebraska,Phelps,161,0,0,40.51156033,-99.41461667,31137.0,1782.1562984281604,0.0,161,161,0,0,161,150,8996,0,0,0,0,11
2020-10-09,US,Nebraska,Pierce,116,8,0,42.26434853,-97.60122773,31139.0,1622.8315612758813,6.896551724137932,108,116,8,0,108,115,7142,0,0,0,0,1
2020-10-09,US,Nebraska,Platte,1211,4,0,41.57246836,-97.52144359,31141.0,3618.165521362414,0.33030553261767137,1207,1211,4,0,1207,1202,33363,0,0,0,0,9
2020-10-09,US,Nebraska,Polk,107,1,0,41.18813488,-97.56630712,31143.0,2052.560905428736,0.9345794392523364,106,107,1,0,106,101,5278,0,0,0,0,6
2020-10-09,US,Nebraska,Red Willow,88,0,0,40.17556879999999,-100.476998,31145.0,820.5893323386798,0.0,88,88,0,0,88,86,10726,0,0,0,0,2
2020-10-09,US,Nebraska,Richardson,68,2,0,40.1247415,-95.71755036,31147.0,864.5899554990464,2.9411764705882355,66,68,2,0,66,63,7937,0,0,0,0,5
2020-10-09,US,Nebraska,Rock,47,1,0,42.42252217,-99.44832069,31149.0,3463.5224760501105,2.127659574468085,46,47,1,0,46,47,1360,0,0,0,0,0
2020-10-09,US,Nebraska,Saline,782,2,0,40.52418865,-97.14085859,31151.0,5497.750281214848,0.2557544757033248,780,782,2,0,780,777,14350,0,0,0,0,5
2020-10-09,US,Nebraska,Sarpy,4190,32,0,41.11314181,-96.11156432,31153.0,2238.295690078848,0.7637231503579952,4158,4190,32,0,4158,4114,184459,0,0,0,0,76
2020-10-09,US,Nebraska,Saunders,544,4,0,41.227810299999994,-96.63773905,31155.0,2521.086291593289,0.7352941176470589,540,544,4,0,540,538,21303,0,0,0,0,6
2020-10-09,US,Nebraska,Scotts Bluff,455,8,0,41.85070896,-103.70809859999999,31157.0,1277.4439889943287,1.7582417582417582,447,455,8,0,447,454,35989,0,0,0,0,1
2020-10-09,US,Nebraska,Seward,261,3,0,40.87241834,-97.139673,31159.0,1510.0671140939594,1.1494252873563218,258,261,3,0,258,256,17318,0,0,0,0,5
2020-10-09,US,Nebraska,Sheridan,65,0,0,42.50284406,-102.4126613,31161.0,1239.0392680137247,0.0,65,65,0,0,65,60,5190,0,0,0,0,5
2020-10-09,US,Nebraska,Sherman,30,2,0,41.22045983,-98.97588642,31163.0,999.6667777407532,6.666666666666668,28,30,2,0,28,29,3038,0,0,0,0,1
2020-10-09,US,Nebraska,Sioux,7,0,0,42.48932059,-103.7576544,31165.0,600.3430531732419,0.0,7,7,0,0,7,7,1187,0,0,0,0,0
2020-10-09,US,Nebraska,Stanton,48,0,0,41.9169835,-97.19394708,31167.0,810.8108108108107,0.0,48,48,0,0,48,47,5970,0,0,0,0,1
2020-10-09,US,Nebraska,Thayer,36,0,0,40.17626377,-97.59504381,31169.0,719.5682590445732,0.0,36,36,0,0,36,36,5039,0,0,0,0,0
2020-10-09,US,Nebraska,Thomas,7,0,0,41.91358968,-100.5556632,31171.0,969.5290858725765,0.0,7,7,0,0,7,7,720,0,0,0,0,0
2020-10-09,US,Nebraska,Thurston,288,4,0,42.15725356,-96.54157099,31173.0,3986.710963455149,1.3888888888888888,284,288,4,0,284,287,7303,0,0,0,0,1
2020-10-09,US,Nebraska,Unassigned,388,1,0,0.0,0.0,90031.0,0.0,0.25773195876288657,387,388,1,0,387,391,,0,0,0,0,-3
2020-10-09,US,Nebraska,Valley,50,0,0,41.56730777,-98.98197724,31175.0,1202.5012025012024,0.0,50,50,0,0,50,49,4190,0,0,0,0,1
2020-10-09,US,Nebraska,Washington,334,5,0,41.52815707,-96.22019892,31177.0,1611.2692363355686,1.497005988023952,329,334,5,0,329,323,20667,0,0,0,0,11
2020-10-09,US,Nebraska,Wayne,211,0,0,42.20934475,-97.11926964,31179.0,2248.2685135855086,0.0,211,211,0,0,211,210,9403,0,0,0,0,1
2020-10-09,US,Nebraska,Webster,21,0,0,40.17642643,-98.50019851,31181.0,602.2368798394035,0.0,21,21,0,0,21,20,3533,0,0,0,0,1
2020-10-09,US,Nebraska,Wheeler,2,0,0,41.91482725,-98.52798941,31183.0,255.4278416347382,0.0,2,2,0,0,2,2,805,0,0,0,0,0
2020-10-09,US,Nebraska,York,245,2,0,40.87272618,-97.59710186,31185.0,1791.0665984355585,0.8163265306122449,243,245,2,0,243,232,13772,0,0,0,0,13
2020-10-09,US,Nevada,Carson City,585,8,0,39.15509045,-119.7480219,32510.0,1046.212175405966,1.3675213675213675,577,581,8,0,573,572,55414,4,0,0,4,9
2020-10-09,US,Nevada,Churchill,169,4,0,39.58105744,-118.3394607,32001.0,678.4696294512024,2.366863905325444,165,167,3,0,164,162,24440,2,1,0,1,5
2020-10-09,US,Nevada,Clark,70730,1438,0,36.21458855,-115.0130241,32003.0,3120.374639070197,2.033083557189312,69292,70121,1431,0,68690,69801,2231647,609,7,0,602,320
2020-10-09,US,Nevada,Douglas,339,1,0,38.912862,-119.61713329999999,32005.0,693.1806563746037,0.2949852507374631,338,334,1,0,333,330,48467,5,0,0,5,4
2020-10-09,US,Nevada,Elko,1052,10,0,41.14531606,-115.3577619,32007.0,1993.2547652430933,0.9505703422053232,1042,1043,10,0,1033,1032,52460,9,0,0,9,11
2020-10-09,US,Nevada,Eureka,10,0,0,39.98100864,-116.26832040000001,32011.0,492.8536224741252,0.0,10,10,0,0,10,10,2003,0,0,0,0,0
2020-10-09,US,Nevada,Humboldt,136,4,0,41.40692186,-118.11094270000001,32013.0,808.0327966252748,2.9411764705882355,132,133,4,0,129,131,16786,3,0,0,3,2
2020-10-09,US,Nevada,Lander,88,1,0,39.933223299999995,-117.03970749999999,32015.0,1590.7447577729574,1.1363636363636365,87,87,1,0,86,83,5575,1,0,0,1,4
2020-10-09,US,Nevada,Lincoln,10,0,0,37.64268459,-114.8790388,32017.0,192.93845263360993,0.0,10,8,0,0,8,8,5201,2,0,0,2,0
2020-10-09,US,Nevada,Lyon,477,8,0,39.01777974,-119.18704790000001,32019.0,829.4209702660409,1.6771488469601676,469,463,8,0,455,457,55808,14,0,0,14,6
2020-10-09,US,Nevada,Mineral,14,0,0,38.53841696,-118.4344506,32021.0,310.7658157602664,0.0,14,14,0,0,14,14,4514,0,0,0,0,0
2020-10-09,US,Nevada,Nye,531,15,0,38.04264256,-116.47227020000001,32023.0,1141.37093480644,2.824858757062147,516,527,15,0,512,527,45346,4,0,0,4,0
2020-10-09,US,Nevada,Pershing,22,0,0,40.44003782,-118.40056409999998,32027.0,327.13754646840147,0.0,22,22,0,0,22,22,6666,0,0,0,0,0
2020-10-09,US,Nevada,Storey,15,0,0,39.44875482,-119.5250207,32029.0,363.81275770070334,0.0,15,15,0,0,15,15,4029,0,0,0,0,0
2020-10-09,US,Nevada,Washoe,10335,167,0,40.66562265,-119.6631594,32031.0,2191.8522901516158,1.6158684083212385,10168,10225,167,0,10058,10107,465735,110,0,0,110,118
2020-10-09,US,Nevada,White Pine,80,1,0,39.44157041,-114.89996599999999,32033.0,835.0730688935283,1.25,79,77,1,0,76,76,9475,3,0,0,3,1
2020-10-09,US,New Hampshire,Belknap,170,4,0,43.51637314,-71.41684235,33001.0,277.31106144886866,2.3529411764705883,166,166,4,0,162,161,61022,4,0,0,4,5
2020-10-09,US,New Hampshire,Carroll,133,2,0,43.87498583,-71.20430216,33003.0,271.92803107748927,1.5037593984962403,131,130,2,0,128,127,48779,3,0,0,3,3
2020-10-09,US,New Hampshire,Cheshire,159,3,0,42.92015988,-72.25311043,33005.0,208.97680226062957,1.8867924528301887,156,155,3,0,152,155,76493,4,0,0,4,0
2020-10-09,US,New Hampshire,Coos,22,0,0,44.69063265,-71.30633239,33007.0,69.70186610905174,0.0,22,22,0,0,22,22,31589,0,0,0,0,0
2020-10-09,US,New Hampshire,Grafton,159,1,0,43.93779815,-71.82057197,33009.0,176.89072825579066,0.6289308176100629,158,157,1,0,156,156,89786,2,0,0,2,1
2020-10-09,US,New Hampshire,Hillsborough,4820,298,0,42.91537785,-71.7200253,33011.0,1155.8060068341224,6.182572614107884,4522,4775,296,0,4479,4681,415247,45,2,0,43,94
2020-10-09,US,New Hampshire,Merrimack,644,24,0,43.29662971,-71.6811573,33013.0,425.3885633888408,3.7267080745341614,620,630,24,0,606,621,151132,14,0,0,14,9
2020-10-09,US,New Hampshire,Rockingham,2189,104,0,42.98499744,-71.12883377,33015.0,706.6556046602467,4.751027866605756,2085,2175,104,0,2071,2142,309176,14,0,0,14,33
2020-10-09,US,New Hampshire,Strafford,603,13,0,43.291833000000004,-71.02336013,33017.0,461.59852410952817,2.155887230514096,590,603,13,0,590,598,130090,0,0,0,0,5
2020-10-09,US,New Hampshire,Sullivan,64,1,0,43.36094111,-72.22203125,33019.0,148.33356510452882,1.5625,63,63,1,0,62,62,43144,1,0,0,1,1
2020-10-09,US,New Hampshire,Unassigned,7,0,0,0.0,0.0,90033.0,0.0,0.0,7,2,0,0,2,6,,5,0,0,5,-4
2020-10-09,US,New Jersey,Atlantic,4387,260,0,39.47538693,-74.65848483,34001.0,1663.8222019949176,5.926601322087988,4127,4357,260,0,4097,4298,265429,30,0,0,30,59
2020-10-09,US,New Jersey,Bergen,23031,2051,0,40.96010917,-74.07164325,34003.0,2470.601865260963,8.905388389561894,20980,22959,2050,0,20909,22876,936692,72,1,0,71,83
2020-10-09,US,New Jersey,Burlington,7484,503,0,39.87681124,-74.66927768,34005.0,1680.4798034799676,6.721004810261892,6981,7442,503,0,6939,7367,445384,42,0,0,42,75
2020-10-09,US,New Jersey,Camden,10374,616,0,39.80343818,-74.96388753,34007.0,2048.2910176495793,5.937921727395412,9758,10286,616,0,9670,10199,507078,88,0,0,88,87
2020-10-09,US,New Jersey,Cape May,1068,99,0,39.15008829,-74.80170244,34009.0,1160.3776659894177,9.269662921348317,969,1063,98,0,965,1054,92560,5,1,0,4,9
2020-10-09,US,New Jersey,Cumberland,3851,160,0,39.37199394,-75.10712559,34011.0,2575.454600172544,4.154764996104908,3691,3838,160,0,3678,3825,150972,13,0,0,13,13
2020-10-09,US,New Jersey,Essex,21608,2128,0,40.78681335,-74.24657979,34013.0,2704.4650959041273,9.848204368752313,19480,21539,2128,0,19411,21453,799767,69,0,0,69,86
2020-10-09,US,New Jersey,Gloucester,4915,233,0,39.71581067,-75.13995546,34015.0,1685.3200565087984,4.74059003051882,4682,4877,233,0,4644,4830,291408,38,0,0,38,47
2020-10-09,US,New Jersey,Hudson,21079,1518,0,40.73766234,-74.07515667,34017.0,3134.9319071790082,7.201480146116989,19561,21042,1518,0,19524,20989,676061,37,0,0,37,53
2020-10-09,US,New Jersey,Hunterdon,1434,126,0,40.56335249,-74.91284156,34019.0,1153.0019055889236,8.786610878661088,1308,1431,126,0,1305,1410,124714,3,0,0,3,21
2020-10-09,US,New Jersey,Mercer,8795,636,0,40.28047017,-74.70479631,34021.0,2393.6532128568706,7.231381466742468,8159,8773,636,0,8137,8752,369811,22,0,0,22,21
2020-10-09,US,New Jersey,Middlesex,20226,1431,0,40.43629879,-74.41426991,34023.0,2451.452133294225,7.075051913378818,18795,20134,1430,0,18704,20033,829685,92,1,0,91,101
2020-10-09,US,New Jersey,Monmouth,12661,867,0,40.26549699,-74.22240686,34025.0,2046.0734168828128,6.847800331727353,11794,12588,867,0,11721,12467,621354,73,0,0,73,121
2020-10-09,US,New Jersey,Morris,8092,831,0,40.86095313,-74.54553709999998,34027.0,1645.2337626691335,10.269401878398416,7261,8061,831,0,7230,8025,494228,31,0,0,31,36
2020-10-09,US,New Jersey,Ocean,14923,1052,0,39.8895449,-74.28089251,34029.0,2457.731238862556,7.049520873818937,13871,14814,1052,0,13762,14538,601651,109,0,0,109,276
2020-10-09,US,New Jersey,Passaic,19484,1255,0,41.03238628,-74.29954144,34031.0,3882.620669315659,6.441182508725108,18229,19418,1256,0,18162,19343,503310,66,-1,0,67,75
2020-10-09,US,New Jersey,Salem,1111,88,0,39.58719656,-75.34696629999998,34033.0,1780.8768133365393,7.920792079207921,1023,1110,88,0,1022,1103,62607,1,0,0,1,7
2020-10-09,US,New Jersey,Somerset,5980,582,0,40.56465737,-74.61683016,34035.0,1817.993883271416,9.732441471571908,5398,5967,581,0,5386,5935,331164,13,1,0,12,32
2020-10-09,US,New Jersey,Sussex,1566,197,0,41.13891592,-74.69118243,34037.0,1114.685951825067,12.579821200510855,1369,1559,197,0,1362,1553,140799,7,0,0,7,6
2020-10-09,US,New Jersey,Unassigned,363,0,0,0.0,0.0,90034.0,0.0,0.0,363,358,0,0,358,357,,5,0,0,5,1
2020-10-09,US,New Jersey,Union,18109,1360,0,40.65835409,-74.30680092,34039.0,3255.018055473172,7.510077861836656,16749,18061,1360,0,16701,17978,558067,48,0,0,48,83
2020-10-09,US,New Jersey,Warren,1472,171,0,40.85951833,-74.99556527,34041.0,1398.3489602629504,11.616847826086955,1301,1471,171,0,1300,1465,105779,1,0,0,1,6
2020-10-09,US,New Mexico,Bernalillo,7420,180,0,35.05163625,-106.6703554,35001.0,1092.588802290019,2.4258760107816717,7240,7286,180,0,7106,7185,678701,134,0,0,134,101
2020-10-09,US,New Mexico,Catron,9,1,0,33.91514144,-108.4046587,35003.0,255.17436915225403,11.111111111111109,8,9,1,0,8,9,3578,0,0,0,0,0
2020-10-09,US,New Mexico,Chaves,1469,15,0,33.36406072,-104.4665365,35005.0,2273.46591348758,1.0211027910142954,1454,1428,13,0,1415,1403,64689,41,2,0,39,25
2020-10-09,US,New Mexico,Cibola,454,21,0,34.91131525,-107.998876,35006.0,1701.9681349578257,4.625550660792952,433,451,21,0,430,446,26746,3,0,0,3,5
2020-10-09,US,New Mexico,Colfax,40,1,0,36.60569702,-104.64726740000002,35007.0,334.98031990620547,2.5,39,40,1,0,39,40,12110,0,0,0,0,0
2020-10-09,US,New Mexico,Curry,1025,7,0,34.57421077,-103.34688759999999,35009.0,2093.8023450586265,0.6829268292682927,1018,1015,7,0,1008,950,49437,10,0,0,10,65
2020-10-09,US,New Mexico,De Baca,1,0,0,34.34274529,-104.4117842,35011.0,57.20823798627003,0.0,1,1,0,0,1,1,1781,0,0,0,0,0
2020-10-09,US,New Mexico,Dona Ana,3918,60,0,32.35275771,-106.83293870000001,35013.0,1795.6415133252372,1.531393568147014,3858,3839,60,0,3779,3783,217522,79,0,0,79,56
2020-10-09,US,New Mexico,Eddy,1003,14,0,32.47167456,-104.3053527,35015.0,1715.703044816969,1.3958125623130608,989,975,14,0,961,961,57900,28,0,0,28,14
2020-10-09,US,New Mexico,Grant,140,2,0,32.73911281,-108.3827845,35017.0,518.5569301429737,1.4285714285714286,138,136,2,0,134,134,27346,4,0,0,4,2
2020-10-09,US,New Mexico,Guadalupe,36,1,0,34.86319296,-104.790669,35019.0,837.2093023255812,2.7777777777777777,35,36,1,0,35,34,4341,0,0,0,0,2
2020-10-09,US,New Mexico,Harding,1,0,0,35.85751555,-103.82209379999999,35021.0,160.0,0.0,1,1,0,0,1,1,655,0,0,0,0,0
2020-10-09,US,New Mexico,Hidalgo,106,2,0,31.91383467,-108.7151824,35023.0,2525.01191043354,1.8867924528301887,104,104,2,0,102,103,4240,2,0,0,2,1
2020-10-09,US,New Mexico,Lea,1620,27,0,32.79215361,-103.4123733,35025.0,2279.4428028704097,1.6666666666666667,1593,1584,27,0,1557,1574,69611,36,0,0,36,10
2020-10-09,US,New Mexico,Lincoln,246,3,0,33.74526079,-105.4586166,35027.0,1256.8976088289396,1.2195121951219512,243,244,3,0,241,237,19556,2,0,0,2,7
2020-10-09,US,New Mexico,Los Alamos,36,0,0,35.86631386,-106.31349850000001,35028.0,185.86400949971605,0.0,36,36,0,0,36,36,19101,0,0,0,0,0
2020-10-09,US,New Mexico,Luna,482,8,0,32.18179341,-107.75088259999998,35029.0,2032.9832553038927,1.6597510373443984,474,464,8,0,456,458,23963,18,0,0,18,6
2020-10-09,US,New Mexico,McKinley,4396,258,0,35.58007720000001,-108.262245,35031.0,6159.709669735313,5.868971792538671,4138,4384,258,0,4126,4375,72290,12,0,0,12,9
2020-10-09,US,New Mexico,Mora,8,0,0,36.01095101,-104.9497716,35033.0,176.95200176952002,0.0,8,7,0,0,7,7,4506,1,0,0,1,0
2020-10-09,US,New Mexico,Otero,293,13,0,32.61348406,-105.7417604,35035.0,434.1383908727218,4.436860068259387,280,288,13,0,275,285,66781,5,0,0,5,3
2020-10-09,US,New Mexico,Quay,77,2,0,35.10403332,-103.54817270000001,35037.0,932.9940627650552,2.5974025974025974,75,77,2,0,75,77,8253,0,0,0,0,0
2020-10-09,US,New Mexico,Rio Arriba,414,14,0,36.51072137,-106.69316740000001,35039.0,1063.693121965006,3.3816425120772946,400,410,14,0,396,406,39006,4,0,0,4,4
2020-10-09,US,New Mexico,Roosevelt,333,4,0,34.02097406,-103.4799493,35041.0,1800.0,1.2012012012012012,329,327,4,0,323,322,18743,6,0,0,6,5
2020-10-09,US,New Mexico,San Juan,3449,201,0,36.50838318,-108.32043700000001,35045.0,2782.394036689847,5.827776167004928,3248,3431,201,0,3230,3421,125043,18,0,0,18,10
2020-10-09,US,New Mexico,San Miguel,112,0,0,35.48014807,-104.8163562,35047.0,410.6023389668952,0.0,112,111,0,0,111,107,27591,1,0,0,1,4
2020-10-09,US,New Mexico,Sandoval,1484,43,0,35.68862401,-106.86878030000001,35043.0,1011.2573936271704,2.8975741239892185,1441,1455,42,0,1413,1442,145179,29,1,0,28,13
2020-10-09,US,New Mexico,Santa Fe,1163,7,0,35.50708973,-105.9774716,35049.0,773.4872770321498,0.6018916595012898,1156,1144,7,0,1137,1124,150056,19,0,0,19,20
2020-10-09,US,New Mexico,Sierra,57,1,0,33.13028233,-107.1925893,35051.0,528.2179594106201,1.7543859649122806,56,54,1,0,53,50,10968,3,0,0,3,4
2020-10-09,US,New Mexico,Socorro,137,6,0,34.00715494,-106.9298354,35053.0,823.4657690689427,4.37956204379562,131,126,6,0,120,124,16735,11,0,0,11,2
2020-10-09,US,New Mexico,Taos,153,4,0,36.58006022,-105.63101979999999,35055.0,467.5610426916848,2.6143790849673203,149,151,4,0,147,149,32835,2,0,0,2,2
2020-10-09,US,New Mexico,Torrance,88,1,0,34.64048375,-105.8508949,35057.0,569.1740508375914,1.1363636363636365,87,84,1,0,83,84,15591,4,0,0,4,0
2020-10-09,US,New Mexico,Unassigned,1398,0,0,0.0,0.0,90035.0,0.0,0.0,1398,1393,0,0,1393,1388,,5,0,0,5,5
2020-10-09,US,New Mexico,Union,37,2,0,36.48126404,-103.4709624,35059.0,911.5545700911557,5.405405405405406,35,34,2,0,32,32,4118,3,0,0,3,2
2020-10-09,US,New Mexico,Valencia,636,4,0,34.71669834,-106.8103733,35061.0,829.3344460671813,0.6289308176100629,632,631,4,0,627,624,76456,5,0,0,5,7
2020-10-09,US,New York,Albany,3268,135,0,42.60060306,-73.97723916,36001.0,1069.7007587412359,4.130966952264382,3133,3251,135,0,3116,3233,307117,17,0,0,17,18
2020-10-09,US,New York,Allegany,141,1,0,42.25748406,-78.02750466,36003.0,305.91655637760084,0.7092198581560284,140,131,1,0,130,130,46430,10,0,0,10,1
2020-10-09,US,New York,Bronx,53691,4966,0,40.85209301,-73.86282755,36005.0,3785.8366232855988,9.249222402264811,48725,53617,4965,0,48652,53556,1432132,74,1,0,73,61
2020-10-09,US,New York,Broome,2314,83,0,42.15903158,-75.81326086,36007.0,1214.774683969594,3.5868625756266206,2231,2239,82,0,2157,2131,191659,75,1,0,74,108
2020-10-09,US,New York,Cattaraugus,343,6,0,42.24778241,-78.67923096,36009.0,450.62206865746145,1.749271137026239,337,327,6,0,321,316,76840,16,0,0,16,11
2020-10-09,US,New York,Cayuga,240,2,0,42.91261714,-76.55731592,36011.0,313.4141245298788,0.8333333333333334,238,237,2,0,235,234,77145,3,0,0,3,3
2020-10-09,US,New York,Chautauqua,668,13,0,42.22769210000001,-79.36691763,36013.0,526.3862950442464,1.9461077844311376,655,656,9,0,647,641,127939,12,4,0,8,15
2020-10-09,US,New York,Chemung,888,3,0,42.13891056,-76.7638805,36015.0,1064.0337423312883,0.33783783783783783,885,855,3,0,852,816,84254,33,0,0,33,39
2020-10-09,US,New York,Chenango,268,7,0,42.49430041,-75.60887553,36017.0,567.7124155315947,2.611940298507463,261,267,7,0,260,265,47536,1,0,0,1,2
2020-10-09,US,New York,Clinton,178,5,0,44.74530905,-73.67875352,36019.0,221.15922221531963,2.808988764044944,173,177,5,0,172,173,80695,1,0,0,1,4
2020-10-09,US,New York,Columbia,615,37,0,42.24819348,-73.63089095,36021.0,1034.2913842686805,6.016260162601626,578,611,37,0,574,611,59916,4,0,0,4,0
2020-10-09,US,New York,Cortland,277,0,0,42.59509207,-76.07048931,36023.0,582.1651499548137,0.0,277,260,0,0,260,240,47823,17,0,0,17,20
2020-10-09,US,New York,Delaware,144,7,0,42.19837623,-74.96709306,36025.0,326.27166647785197,4.861111111111111,137,144,7,0,137,143,44527,0,0,0,0,1
2020-10-09,US,New York,Dutchess,5233,161,0,41.76486060000001,-73.74356679,36027.0,1778.6131371975882,3.0766290846550737,5072,5222,157,0,5065,5214,293718,11,4,0,7,8
2020-10-09,US,New York,Erie,11998,706,0,42.76249024,-78.73063652,36029.0,1305.9729923304835,5.884314052342058,11292,11953,694,0,11259,11898,919719,45,12,0,33,55
2020-10-09,US,New York,Essex,177,0,0,44.11630765,-73.77297842,36031.0,479.86986579910536,0.0,177,176,0,0,176,174,37300,1,0,0,1,2
2020-10-09,US,New York,Franklin,71,0,0,44.59040891,-74.29926032,36033.0,141.93754747910918,0.0,71,71,0,0,71,70,50293,0,0,0,0,1
2020-10-09,US,New York,Fulton,352,24,0,43.11363907,-74.41798804,36035.0,659.3859468370081,6.8181818181818175,328,351,24,0,327,350,53591,1,0,0,1,1
2020-10-09,US,New York,Genesee,358,5,0,43.0022601,-78.19135193,36037.0,625.0,1.3966480446927374,353,355,5,0,350,352,57511,3,0,0,3,3
2020-10-09,US,New York,Greene,377,18,0,42.275797,-74.12384884,36039.0,798.9319318470798,4.774535809018569,359,372,18,0,354,366,47491,5,0,0,5,6
2020-10-09,US,New York,Hamilton,15,0,0,43.66146647,-74.49721957,36041.0,339.67391304347825,0.0,15,15,0,0,15,15,4434,0,0,0,0,0
2020-10-09,US,New York,Herkimer,355,10,0,43.42034246,-74.96145307,36043.0,578.9396435036449,2.8169014084507036,345,355,10,0,345,353,61833,0,0,0,0,2
2020-10-09,US,New York,Jefferson,180,0,0,44.04200959,-75.94653457,36045.0,163.88367900650073,0.0,180,177,0,0,177,176,111755,3,0,0,3,1
2020-10-09,US,New York,Kings,71199,7347,0,40.636182500000004,-73.94935552,36047.0,2781.316323313813,10.318965154004973,63852,70899,7346,0,63553,70616,2582830,300,1,0,299,283
2020-10-09,US,New York,Lewis,54,0,0,43.784415700000004,-75.44903992,36049.0,205.35442652874963,0.0,54,54,0,0,54,53,26447,0,0,0,0,1
2020-10-09,US,New York,Livingston,219,8,0,42.72596275,-77.77966158,36051.0,348.0942238611438,3.6529680365296797,211,216,8,0,208,213,63227,3,0,0,3,3
2020-10-09,US,New York,Madison,509,17,0,42.91653905,-75.67266639,36053.0,717.4976388830155,3.3398821218074657,492,505,17,0,488,505,70795,4,0,0,4,0
2020-10-09,US,New York,Monroe,6349,300,0,43.14638895,-77.69322942,36055.0,855.9256912520053,4.725153567490943,6049,6316,299,0,6017,6266,742474,33,1,0,32,50
2020-10-09,US,New York,Montgomery,244,4,0,42.90123494,-74.44011632,36057.0,495.72337010625535,1.639344262295082,240,242,4,0,238,241,49455,2,0,0,2,1
2020-10-09,US,New York,Nassau,47736,2204,0,40.74066522,-73.58941873,36059.0,3517.9567905055846,4.617060499413442,45532,47656,2201,0,45455,47516,1358343,80,3,0,77,140
2020-10-09,US,New York,New York,34217,3182,0,40.76727260000001,-73.97152637,36061.0,2100.870261422258,9.299471023175617,31035,34144,3182,0,30962,34051,,73,0,0,73,93
2020-10-09,US,New York,Niagara,1872,101,0,43.19898042,-78.74777412,36063.0,894.491138708244,5.395299145299147,1771,1855,101,0,1754,1842,210433,17,0,0,17,13
2020-10-09,US,New York,Oneida,2512,128,0,43.24375382,-75.43710392,36065.0,1098.5214565904728,5.095541401273885,2384,2503,125,0,2378,2490,229577,9,3,0,6,13
2020-10-09,US,New York,Onondaga,4693,207,0,43.00491923,-76.19971155,36067.0,1019.047701768405,4.4108246324312805,4486,4669,207,0,4462,4636,461809,24,0,0,24,33
2020-10-09,US,New York,Ontario,511,35,0,42.85145728,-77.30874425,36069.0,465.4891279594086,6.849315068493151,476,505,35,0,470,502,109864,6,0,0,6,3
2020-10-09,US,New York,Orange,12748,500,0,41.40337468,-74.30240757,36071.0,3311.684937912402,3.9221838719799194,12248,12664,499,0,12165,12563,381951,84,1,0,83,101
2020-10-09,US,New York,Orleans,343,54,0,43.2516977,-78.2320066,36073.0,850.0198255352893,15.743440233236154,289,342,54,0,288,340,40612,1,0,0,1,2
2020-10-09,US,New York,Oswego,542,4,0,43.42778894,-76.14635194,36075.0,462.7574194870393,0.7380073800738007,538,536,3,0,533,531,117898,6,1,0,5,5
2020-10-09,US,New York,Otsego,357,5,0,42.63492579,-75.03151402,36077.0,600.0705965407695,1.4005602240896358,352,354,5,0,349,353,59749,3,0,0,3,1
2020-10-09,US,New York,Putnam,1673,63,0,41.42630093,-73.74965532,36079.0,1701.5866558177381,3.7656903765690375,1610,1669,63,0,1606,1661,98892,4,0,0,4,8
2020-10-09,US,New York,Queens,73889,7276,0,40.71088124,-73.81684712,36081.0,3278.334305000581,9.847203237288364,66613,73742,7274,0,66468,73537,2278906,147,2,0,145,205
2020-10-09,US,New York,Rensselaer,964,42,0,42.71348136,-73.51089874,36083.0,607.3818314704437,4.356846473029045,922,958,42,0,916,957,159442,6,0,0,6,1
2020-10-09,US,New York,Richmond,16324,1088,0,40.58582155,-74.14808598,36085.0,3428.381809666424,6.6650330801274205,15236,16294,1088,0,15206,16240,476179,30,0,0,30,54
2020-10-09,US,New York,Rockland,16599,679,0,41.15027894,-74.02560498,36087.0,5095.015485482935,4.090607867943852,15920,16454,677,0,15777,16256,325695,145,2,0,143,198
2020-10-09,US,New York,Saratoga,1139,17,0,43.10904162,-73.86653895,36091.0,495.51254442863785,1.492537313432836,1122,1122,17,0,1105,1111,230163,17,0,0,17,11
2020-10-09,US,New York,Schenectady,1445,48,0,42.81668777,-74.05278291,36093.0,930.4631710442436,3.3217993079584773,1397,1438,48,0,1390,1432,155350,7,0,0,7,6
2020-10-09,US,New York,Schoharie,90,0,0,42.58831742,-74.44339029999998,36095.0,290.3319461918126,0.0,90,88,0,0,88,87,31097,2,0,0,2,1
2020-10-09,US,New York,Schuyler,66,0,0,42.39184015,-76.8773299,36097.0,370.6407592519796,0.0,66,62,0,0,62,59,17912,4,0,0,4,3
2020-10-09,US,New York,Seneca,114,3,0,42.78081007,-76.82497064,36099.0,335.1364063969896,2.631578947368421,111,114,3,0,111,112,34300,0,0,0,0,2
2020-10-09,US,New York,St. Lawrence,342,4,0,44.4976179,-75.06550039,36089.0,317.4308520512345,1.1695906432748535,338,339,4,0,335,337,108047,3,0,0,3,2
2020-10-09,US,New York,Steuben,632,57,0,42.2689144,-77.3829924,36101.0,662.6196542215791,9.018987341772153,575,608,42,0,566,585,95796,24,15,0,9,23
2020-10-09,US,New York,Suffolk,47285,2016,0,40.88320119,-72.8012172,36103.0,3202.286873705219,4.263508512213177,45269,47196,2011,0,45185,47089,1481093,89,5,0,84,107
2020-10-09,US,New York,Sullivan,1643,48,0,41.71579493,-74.76394559,36105.0,2178.1206914837203,2.9214850882531955,1595,1633,48,0,1585,1629,75498,10,0,0,10,4
2020-10-09,US,New York,Tioga,319,25,0,42.16852837,-76.30835812,36107.0,661.7845362321848,7.836990595611285,294,304,25,0,279,291,48560,15,0,0,15,13
2020-10-09,US,New York,Tompkins,473,0,0,42.44945765,-76.47229843,36109.0,462.908592679585,0.0,473,465,0,0,465,458,102793,8,0,0,8,7
2020-10-09,US,New York,Ulster,2349,95,0,41.89027881,-74.26252104,36111.0,1322.8362419962493,4.044274159216688,2254,2343,95,0,2248,2335,178599,6,0,0,6,8
2020-10-09,US,New York,Unassigned,0,20,0,0.0,0.0,90036.0,0.0,0.0,-20,0,19,0,-19,0,,0,1,0,-1,0
2020-10-09,US,New York,Warren,429,33,0,43.56173026,-73.8433699,36113.0,670.8995370949581,7.6923076923076925,396,427,33,0,394,425,64265,2,0,0,2,2
2020-10-09,US,New York,Washington,317,14,0,43.31153794,-73.43043448,36115.0,517.9400039213124,4.416403785488959,303,314,14,0,300,311,61197,3,0,0,3,3
2020-10-09,US,New York,Wayne,357,5,0,43.15494365,-77.02976528,36117.0,397.028403656665,1.4005602240896358,352,347,5,0,342,339,90064,10,0,0,10,8
2020-10-09,US,New York,Westchester,38771,1460,0,41.16278376,-73.75741653,36119.0,4007.313649734472,3.765701168399061,37311,38694,1454,0,37240,38628,967612,77,6,0,71,66
2020-10-09,US,New York,Wyoming,150,5,0,42.70145109,-78.22199579,36121.0,376.3265510926014,3.333333333333333,145,147,5,0,142,147,40085,3,0,0,3,0
2020-10-09,US,New York,Yates,70,7,0,42.63505484,-77.10369919,36123.0,280.97780275358247,10.0,63,67,7,0,60,67,24841,3,0,0,3,0
2020-10-09,US,North Carolina,Alamance,4314,59,0,36.0434701,-79.39976137,37001.0,2544.997610746332,1.367640241075568,4255,4287,59,0,4228,4204,166436,27,0,0,27,83
2020-10-09,US,North Carolina,Alexander,580,8,0,35.922379600000006,-81.17751948,37003.0,1546.7904098994586,1.3793103448275863,572,575,8,0,567,571,37353,5,0,0,5,4
2020-10-09,US,North Carolina,Alleghany,245,0,0,36.49360862,-81.12857041,37005.0,2199.874292897549,0.0,245,245,0,0,245,245,11161,0,0,0,0,0
2020-10-09,US,North Carolina,Anson,661,6,0,34.97403241,-80.09953279,37007.0,2703.9188415282665,0.907715582450832,655,662,6,0,656,655,24877,-1,0,0,-1,7
2020-10-09,US,North Carolina,Ashe,320,1,0,36.43296207,-81.49862729,37009.0,1176.3408447597692,0.3125,319,306,1,0,305,294,27109,14,0,0,14,12
2020-10-09,US,North Carolina,Avery,453,0,0,36.07569796,-81.92308483,37011.0,2580.167454576523,0.0,453,443,0,0,443,435,17505,10,0,0,10,8
2020-10-09,US,North Carolina,Beaufort,1065,28,0,35.48531943,-76.84325809,37013.0,2266.246754904881,2.629107981220657,1037,1052,28,0,1024,1036,47079,13,0,0,13,16
2020-10-09,US,North Carolina,Bertie,644,13,0,36.0688473,-76.96545943,37015.0,3398.95497968016,2.018633540372671,631,639,13,0,626,634,19026,5,0,0,5,5
2020-10-09,US,North Carolina,Bladen,973,18,0,34.61296243,-78.56180059,37017.0,2973.5346250229204,1.8499486125385407,955,968,18,0,950,955,33190,5,0,0,5,13
2020-10-09,US,North Carolina,Brunswick,1823,28,0,34.070565,-78.22814204,37019.0,1276.4318722867945,1.5359297860669228,1795,1796,27,0,1769,1779,136744,27,1,0,26,17
2020-10-09,US,North Carolina,Buncombe,3475,91,0,35.61113393,-82.53305,37021.0,1330.4440045790245,2.618705035971223,3384,3439,90,0,3349,3407,259103,36,1,0,35,32
2020-10-09,US,North Carolina,Burke,2332,43,0,35.74989637,-81.70755735,37023.0,2577.222744101233,1.8439108061749567,2289,2312,43,0,2269,2266,90382,20,0,0,20,46
2020-10-09,US,North Carolina,Cabarrus,4305,81,0,35.3877799,-80.55267168,37025.0,1988.884422946321,1.8815331010452965,4224,4278,79,0,4199,4252,211342,27,2,0,25,26
2020-10-09,US,North Carolina,Caldwell,1924,18,0,35.95204977,-81.54799522,37027.0,2341.259217795517,0.9355509355509356,1906,1882,18,0,1864,1847,82029,42,0,0,42,35
2020-10-09,US,North Carolina,Camden,126,3,0,36.33804939,-76.15568396,37029.0,1159.4736357780434,2.380952380952381,123,126,3,0,123,125,10710,0,0,0,0,1
2020-10-09,US,North Carolina,Carteret,854,5,0,34.8932941,-76.54120135,37031.0,1229.2545305370434,0.585480093676815,849,839,5,0,834,817,69524,15,0,0,15,22
2020-10-09,US,North Carolina,Caswell,482,5,0,36.39312665,-79.33353281,37033.0,2132.365952928685,1.037344398340249,477,475,5,0,470,468,22698,7,0,0,7,7
2020-10-09,US,North Carolina,Catawba,3522,55,0,35.66211129,-81.2132617,37035.0,2207.4446415252805,1.5616127200454288,3467,3478,55,0,3423,3446,158652,44,0,0,44,32
2020-10-09,US,North Carolina,Chatham,1770,59,0,35.70394416,-79.25541492,37037.0,2376.796025245065,3.333333333333333,1711,1761,59,0,1702,1755,73139,9,0,0,9,6
2020-10-09,US,North Carolina,Cherokee,694,12,0,35.1349263,-84.05970864,37039.0,2425.5557108905355,1.7291066282420748,682,683,12,0,671,679,28383,11,0,0,11,4
2020-10-09,US,North Carolina,Chowan,443,4,0,36.12908077,-76.60118385,37041.0,3177.2215448612205,0.9029345372460496,439,432,4,0,428,410,14029,11,0,0,11,22
2020-10-09,US,North Carolina,Clay,144,3,0,35.05704275,-83.74353633,37043.0,1282.165434956816,2.083333333333333,141,141,3,0,138,134,11139,3,0,0,3,7
2020-10-09,US,North Carolina,Cleveland,2592,73,0,35.33553364,-81.55204486,37045.0,2646.329137186437,2.8163580246913575,2519,2561,73,0,2488,2514,97645,31,0,0,31,47
2020-10-09,US,North Carolina,Columbus,1493,58,0,34.26744084,-78.65801424,37047.0,2689.702385241767,3.884795713328868,1435,1476,57,0,1419,1460,55655,17,1,0,16,16
2020-10-09,US,North Carolina,Craven,1924,48,0,35.11833364,-77.08398081,37049.0,1883.7074966467264,2.4948024948024954,1876,1899,46,0,1853,1864,102912,25,2,0,23,35
2020-10-09,US,North Carolina,Cumberland,6028,80,0,35.04762133,-78.82623165,37051.0,1796.673114581129,1.3271400132714002,5948,5993,80,0,5913,5952,332330,35,0,0,35,41
2020-10-09,US,North Carolina,Currituck,203,4,0,36.36123664,-75.95876401,37053.0,731.1889925440335,1.9704433497536944,199,199,4,0,195,196,27072,4,0,0,4,3
2020-10-09,US,North Carolina,Dare,299,3,0,35.66520691,-75.71767334,37055.0,807.9115890729283,1.0033444816053512,296,297,3,0,294,295,36501,2,0,0,2,2
2020-10-09,US,North Carolina,Davidson,3130,39,0,35.79115496,-80.21256572,37057.0,1867.4414858390655,1.2460063897763578,3091,3090,39,0,3051,3041,166614,40,0,0,40,49
2020-10-09,US,North Carolina,Davie,627,6,0,35.93099927,-80.54496571,37059.0,1463.3804789245205,0.9569377990430622,621,620,6,0,614,612,42733,7,0,0,7,8
2020-10-09,US,North Carolina,Duplin,2554,54,0,34.93449805,-77.93140529,37061.0,4347.900103845695,2.11433046202036,2500,2534,54,0,2480,2523,58856,20,0,0,20,11
2020-10-09,US,North Carolina,Durham,8180,97,0,36.03638492,-78.87608331,37063.0,2544.4184541880263,1.1858190709046454,8083,8126,97,0,8029,8053,316739,54,0,0,54,73
2020-10-09,US,North Carolina,Edgecombe,1553,52,0,35.91230639,-77.59436892,37065.0,3017.174386073982,3.3483580167417903,1501,1534,52,0,1482,1500,52005,19,0,0,19,34
2020-10-09,US,North Carolina,Forsyth,7540,104,0,36.12859861,-80.25459052,37067.0,1972.2988791378384,1.3793103448275863,7436,7501,104,0,7397,7417,379099,39,0,0,39,84
2020-10-09,US,North Carolina,Franklin,1328,31,0,36.081519,-78.28708884,37069.0,1905.718590801464,2.3343373493975905,1297,1315,31,0,1284,1295,67560,13,0,0,13,20
2020-10-09,US,North Carolina,Gaston,5927,97,0,35.29373559,-81.17477045,37071.0,2639.748094900881,1.6365783701704066,5830,5852,94,0,5758,5760,222846,75,3,0,72,92
2020-10-09,US,North Carolina,Gates,155,3,0,36.44667547,-76.69749701,37073.0,1340.5985123681025,1.935483870967742,152,154,3,0,151,150,11573,1,0,0,1,4
2020-10-09,US,North Carolina,Graham,214,7,0,35.3506925,-83.83369267,37075.0,2535.2446392607512,3.2710280373831777,207,208,5,0,203,205,8484,6,2,0,4,3
2020-10-09,US,North Carolina,Granville,1815,50,0,36.30337451,-78.65184241,37077.0,3002.8291117250965,2.7548209366391183,1765,1807,50,0,1757,1796,60115,8,0,0,8,11
2020-10-09,US,North Carolina,Greene,725,6,0,35.48544173,-77.67578087,37079.0,3441.074564526081,0.8275862068965517,719,717,7,0,710,708,21012,8,-1,0,9,9
2020-10-09,US,North Carolina,Guilford,9526,191,0,36.07959451,-79.78824948,37081.0,1773.354629970922,2.0050388410665545,9335,9411,191,0,9220,9301,533670,115,0,0,115,110
2020-10-09,US,North Carolina,Halifax,1136,22,0,36.25669272,-77.6556109,37083.0,2271.545690861828,1.9366197183098592,1114,1124,22,0,1102,1110,50574,12,0,0,12,14
2020-10-09,US,North Carolina,Harnett,2515,60,0,35.36731853,-78.87243571,37085.0,1849.5911043125257,2.3856858846918487,2455,2488,60,0,2428,2451,134214,27,0,0,27,37
2020-10-09,US,North Carolina,Haywood,646,31,0,35.55269063,-82.98196486,37087.0,1036.635268064894,4.798761609907121,615,638,31,0,607,637,61971,8,0,0,8,1
2020-10-09,US,North Carolina,Henderson,2162,64,0,35.33788927,-82.4766782,37089.0,1841.3006634473722,2.9602220166512487,2098,2152,64,0,2088,2136,116748,10,0,0,10,16
2020-10-09,US,North Carolina,Hertford,815,34,0,36.3607755,-76.98104134,37091.0,3442.1590573130047,4.171779141104294,781,813,33,0,780,810,23659,2,1,0,1,3
2020-10-09,US,North Carolina,Hoke,1347,18,0,35.01888303,-79.23651674,37093.0,2438.7152840641634,1.33630289532294,1329,1342,18,0,1324,1325,54764,5,0,0,5,17
2020-10-09,US,North Carolina,Hyde,146,5,0,35.42017674,-76.15180542,37095.0,2957.26149483492,3.4246575342465757,141,145,5,0,140,145,5230,1,0,0,1,0
2020-10-09,US,North Carolina,Iredell,3317,34,0,35.80950511,-80.8743128,37097.0,1824.4722396400562,1.025022610792885,3283,3286,34,0,3252,3246,178435,31,0,0,31,40
2020-10-09,US,North Carolina,Jackson,735,7,0,35.28814273,-83.14093385,37099.0,1672.8116891984162,0.9523809523809524,728,731,7,0,724,714,43327,4,0,0,4,17
2020-10-09,US,North Carolina,Johnston,4868,57,0,35.51745004,-78.36622717,37101.0,2325.414757880758,1.170912078882498,4811,4825,57,0,4768,4785,202675,43,0,0,43,40
2020-10-09,US,North Carolina,Jones,167,14,0,35.02254606,-77.35870791,37103.0,1773.0119970272854,8.383233532934131,153,164,14,0,150,161,9637,3,0,0,3,3
2020-10-09,US,North Carolina,Lee,1805,15,0,35.47623147,-79.17569362,37105.0,2921.704786416097,0.8310249307479224,1790,1786,15,0,1771,1777,61452,19,0,0,19,9
2020-10-09,US,North Carolina,Lenoir,1108,34,0,35.24032589999999,-77.64245615,37107.0,1980.3749843607573,3.068592057761733,1074,1093,33,0,1060,1079,55976,15,1,0,14,14
2020-10-09,US,North Carolina,Lincoln,1909,16,0,35.48508185,-81.21740317,37109.0,2216.906086330434,0.8381351492928235,1893,1889,15,0,1874,1857,83770,20,1,0,19,32
2020-10-09,US,North Carolina,Macon,670,2,0,35.14867843,-83.41696617,37113.0,1868.481231524346,0.29850746268656714,668,666,2,0,664,659,35285,4,0,0,4,7
2020-10-09,US,North Carolina,Madison,127,1,0,35.85402722,-82.71346418,37115.0,583.7738450930823,0.7874015748031497,126,123,1,0,122,121,21763,4,0,0,4,2
2020-10-09,US,North Carolina,Martin,537,15,0,35.84326734,-77.10860251,37117.0,2393.048128342246,2.793296089385475,522,532,15,0,517,524,22671,5,0,0,5,8
2020-10-09,US,North Carolina,McDowell,1114,30,0,35.67736232,-82.0482425,37111.0,2434.6533787918524,2.692998204667864,1084,1106,29,0,1077,1092,45507,8,1,0,7,14
2020-10-09,US,North Carolina,Mecklenburg,30088,365,0,35.24469268,-80.8317671,37119.0,2709.7615539520652,1.2131082159000266,29723,29963,364,0,29599,29829,1093901,125,1,0,124,134
2020-10-09,US,North Carolina,Mitchell,172,3,0,36.01059309,-82.1582442,37121.0,1149.425287356322,1.7441860465116281,169,172,3,0,169,171,15000,0,0,0,0,1
2020-10-09,US,North Carolina,Montgomery,1085,36,0,35.33155144,-79.90416657,37123.0,3992.9341625878633,3.3179723502304146,1049,1076,36,0,1040,1071,27271,9,0,0,9,5
2020-10-09,US,North Carolina,Moore,1918,36,0,35.30885257,-79.48474178,37125.0,1901.268834258525,1.8769551616266944,1882,1899,36,0,1863,1866,98682,19,0,0,19,33
2020-10-09,US,North Carolina,Nash,2740,51,0,35.96575634,-77.98422508,37127.0,2905.6819868926173,1.8613138686131387,2689,2701,50,0,2651,2665,94016,39,1,0,38,36
2020-10-09,US,North Carolina,New Hanover,4628,33,0,34.25758282,-77.87075626,37129.0,1973.7880267664082,0.7130509939498704,4595,4582,33,0,4549,4547,232274,46,0,0,46,35
2020-10-09,US,North Carolina,Northampton,500,17,0,36.41736238,-77.39769443,37131.0,2566.339886054509,3.4,483,498,17,0,481,492,19676,2,0,0,2,6
2020-10-09,US,North Carolina,Onslow,2549,26,0,34.72607366,-77.42908179,37133.0,1287.7769806707151,1.0200078462142017,2523,2505,26,0,2479,2451,197683,44,0,0,44,54
2020-10-09,US,North Carolina,Orange,2808,57,0,36.06092947,-79.12167935,37135.0,1891.2147417764486,2.02991452991453,2751,2795,57,0,2738,2777,146027,13,0,0,13,18
2020-10-09,US,North Carolina,Pamlico,286,2,0,35.15253315,-76.66559823,37137.0,2247.367593902248,0.6993006993006993,284,279,2,0,277,278,12670,7,0,0,7,1
2020-10-09,US,North Carolina,Pasquotank,783,33,0,36.26723798,-76.25134778,37139.0,1966.1510646846125,4.21455938697318,750,768,33,0,735,757,39639,15,0,0,15,11
2020-10-09,US,North Carolina,Pender,1095,8,0,34.52265624,-77.90352133,37141.0,1736.441484300666,0.7305936073059359,1087,1083,8,0,1075,1079,62162,12,0,0,12,4
2020-10-09,US,North Carolina,Perquimans,208,3,0,36.17847453,-76.40603143,37143.0,1544.9751169872986,1.4423076923076923,205,201,3,0,198,198,13422,7,0,0,7,3
2020-10-09,US,North Carolina,Person,491,9,0,36.38989032,-78.97217358,37145.0,1243.3527475310204,1.8329938900203664,482,487,8,0,479,473,39507,4,1,0,3,14
2020-10-09,US,North Carolina,Pitt,5389,33,0,35.59535426,-77.37353178,37147.0,2981.598079029777,0.6123585080719985,5356,5343,33,0,5310,5281,179914,46,0,0,46,62
2020-10-09,US,North Carolina,Polk,348,11,0,35.27820615,-82.16812354,37149.0,1679.212507237985,3.160919540229885,337,340,11,0,329,337,20611,8,0,0,8,3
2020-10-09,US,North Carolina,Randolph,3126,55,0,35.71015088,-79.80570339,37151.0,2175.8650211948466,1.7594369801663468,3071,3089,55,0,3034,3051,143351,37,0,0,37,38
2020-10-09,US,North Carolina,Richmond,1149,20,0,35.00417719,-79.74491009,37153.0,2563.073010774276,1.7406440382941688,1129,1141,20,0,1121,1121,44887,8,0,0,8,20
2020-10-09,US,North Carolina,Robeson,5089,84,0,34.64244496,-79.10250529999998,37155.0,3895.885167464115,1.6506189821182944,5005,5040,84,0,4956,4954,131831,49,0,0,49,86
2020-10-09,US,North Carolina,Rockingham,1500,17,0,36.39593137,-79.77504841,37157.0,1648.170530710911,1.1333333333333333,1483,1467,17,0,1450,1452,90690,33,0,0,33,15
2020-10-09,US,North Carolina,Rowan,3708,105,0,35.64003916,-80.52446628,37159.0,2609.650357524914,2.831715210355987,3603,3671,104,0,3567,3635,141262,37,1,0,36,36
2020-10-09,US,North Carolina,Rutherford,1425,39,0,35.40114178,-81.92112099,37161.0,2125.9454862820567,2.736842105263158,1386,1407,37,0,1370,1388,66826,18,2,0,16,19
2020-10-09,US,North Carolina,Sampson,2392,28,0,34.98820368,-78.36914061,37163.0,3765.0910579087376,1.1705685618729098,2364,2363,28,0,2335,2348,63626,29,0,0,29,15
2020-10-09,US,North Carolina,Scotland,1416,17,0,34.8386299,-79.4757978,37165.0,4066.278034632283,1.2005649717514124,1399,1400,17,0,1383,1355,34810,16,0,0,16,45
2020-10-09,US,North Carolina,Stanly,2187,56,0,35.31647813,-80.25093221,37167.0,3482.151386810177,2.5605852766346597,2131,2171,56,0,2115,2146,62075,16,0,0,16,25
2020-10-09,US,North Carolina,Stokes,533,4,0,36.4017975,-80.23893369,37169.0,1169.0903906472768,0.7504690431519699,529,525,4,0,521,518,45467,8,0,0,8,7
2020-10-09,US,North Carolina,Surry,1459,25,0,36.41689489,-80.69102283,37171.0,2032.514662245936,1.7135023989033584,1434,1451,23,0,1428,1431,71948,8,2,0,6,20
2020-10-09,US,North Carolina,Swain,174,3,0,35.48665845,-83.48748932,37173.0,1219.2558335085134,1.7241379310344829,171,172,3,0,169,168,14245,2,0,0,2,4
2020-10-09,US,North Carolina,Transylvania,352,9,0,35.20383864,-82.79638423,37175.0,1023.7021957248801,2.5568181818181817,343,349,9,0,340,346,34215,3,0,0,3,3
2020-10-09,US,North Carolina,Tyrrell,117,3,0,35.87147226,-76.17055253,37177.0,2913.346613545817,2.5641025641025643,114,117,3,0,114,117,4131,0,0,0,0,0
2020-10-09,US,North Carolina,Union,5277,60,0,34.98960527,-80.52955873,37179.0,2200.042524983428,1.1370096645821492,5217,5232,59,0,5173,5186,235908,45,1,0,44,46
2020-10-09,US,North Carolina,Vance,1100,46,0,36.36880673,-78.40670845,37181.0,2469.967441338273,4.181818181818182,1054,1099,46,0,1053,1095,44582,1,0,0,1,4
2020-10-09,US,North Carolina,Wake,18884,258,0,35.78879266,-78.65249174,37183.0,1698.566508449208,1.3662359669561537,18626,18755,258,0,18497,18579,1092305,129,0,0,129,176
2020-10-09,US,North Carolina,Warren,373,7,0,36.39728256,-78.10652228,37185.0,1890.4262328315847,1.8766756032171583,366,370,7,0,363,366,19807,3,0,0,3,4
2020-10-09,US,North Carolina,Washington,224,8,0,35.83810081,-76.57299037,37187.0,1934.369602763385,3.571428571428572,216,222,8,0,214,221,11859,2,0,0,2,1
2020-10-09,US,North Carolina,Watauga,1151,2,0,36.23103603,-81.70033724,37189.0,2048.881214732008,0.1737619461337967,1149,1122,2,0,1120,1095,55945,29,0,0,29,27
2020-10-09,US,North Carolina,Wayne,3751,74,0,35.36438125,-78.00027268,37191.0,3046.349010403554,1.9728072513996269,3677,3712,73,0,3639,3678,123248,39,1,0,38,34
2020-10-09,US,North Carolina,Wilkes,1378,35,0,36.2084135,-81.16232895,37193.0,2014.2665029526984,2.5399129172714083,1343,1359,35,0,1324,1346,68557,19,0,0,19,13
2020-10-09,US,North Carolina,Wilson,2452,58,0,35.70625477,-77.917978,37195.0,2997.518367746116,2.3654159869494293,2394,2433,58,0,2375,2402,81455,19,0,0,19,31
2020-10-09,US,North Carolina,Yadkin,814,9,0,36.16222629,-80.66239436,37197.0,2161.042822629888,1.1056511056511056,805,798,9,0,789,790,37543,16,0,0,16,8
2020-10-09,US,North Carolina,Yancey,226,0,0,35.90079156,-82.31237181,37199.0,1250.7609718302065,0.0,226,224,0,0,224,224,17903,2,0,0,2,0
2020-10-09,US,North Dakota,Adams,30,0,0,46.09686891,-102.5285397,38001.0,1353.7906137184116,0.0,30,29,0,0,29,28,2294,1,0,0,1,1
2020-10-09,US,North Dakota,Barnes,264,1,0,46.93579637,-98.06605978,38003.0,2534.8055688910226,0.3787878787878788,263,262,1,0,261,260,10542,2,0,0,2,2
2020-10-09,US,North Dakota,Benson,396,7,0,48.0683985,-99.35916363,38005.0,5796.252927400467,1.7676767676767675,389,375,7,0,368,372,6962,21,0,0,21,3
2020-10-09,US,North Dakota,Billings,24,0,0,47.02366884,-103.3762965,38007.0,2586.2068965517237,0.0,24,20,0,0,20,20,919,4,0,0,4,0
2020-10-09,US,North Dakota,Bottineau,126,9,0,48.79106111,-100.8378166,38009.0,2005.7306590257879,7.142857142857142,117,121,9,0,112,115,6411,5,0,0,5,6
2020-10-09,US,North Dakota,Bowman,57,0,0,46.11285362,-103.5203343,38011.0,1884.9206349206354,0.0,57,55,0,0,55,53,3076,2,0,0,2,2
2020-10-09,US,North Dakota,Burke,43,1,0,48.79094471,-102.51821170000001,38013.0,2033.096926713948,2.3255813953488373,42,40,1,0,39,40,2100,3,0,0,3,0
2020-10-09,US,North Dakota,Burleigh,4483,58,0,46.97847375,-100.46452140000001,38015.0,4688.055549745885,1.2937764889582868,4425,4356,56,0,4300,4266,95273,127,2,0,125,90
2020-10-09,US,North Dakota,Cass,6192,78,0,46.93201724,-97.24447190000001,38017.0,3403.637802806682,1.2596899224806202,6114,6081,78,0,6003,5946,181516,111,0,0,111,135
2020-10-09,US,North Dakota,Cavalier,57,0,0,48.77286211,-98.46685243,38019.0,1515.1515151515152,0.0,57,57,0,0,57,56,3829,0,0,0,0,1
2020-10-09,US,North Dakota,Dickey,158,0,0,46.11017712,-98.50490079999999,38021.0,3243.021346469622,0.0,158,152,0,0,152,151,4903,6,0,0,6,1
2020-10-09,US,North Dakota,Divide,22,1,0,48.814938700000006,-103.48736109999999,38023.0,971.7314487632507,4.545454545454546,21,21,1,0,20,18,2283,1,0,0,1,3
2020-10-09,US,North Dakota,Dunn,150,3,0,47.35423935,-102.61604679999999,38025.0,3390.596745027125,2.0,147,146,3,0,143,143,4332,4,0,0,4,3
2020-10-09,US,North Dakota,Eddy,117,3,0,47.71701474,-98.90432337,38027.0,5115.872321818977,2.5641025641025643,114,112,3,0,109,111,2313,5,0,0,5,1
2020-10-09,US,North Dakota,Emmons,231,5,0,46.28398398,-100.2389766,38029.0,7127.42980561555,2.1645021645021645,226,231,5,0,226,229,3295,0,0,0,0,2
2020-10-09,US,North Dakota,Foster,82,1,0,47.457108399999996,-98.88279923,38031.0,2554.5171339563863,1.2195121951219512,81,77,1,0,76,77,3216,5,0,0,5,0
2020-10-09,US,North Dakota,Golden Valley,82,0,0,46.94022281,-103.8465421,38033.0,4656.445201590006,0.0,82,79,0,0,79,69,1769,3,0,0,3,10
2020-10-09,US,North Dakota,Grand Forks,2587,14,0,47.92093639,-97.45450447,38035.0,3724.9283667621776,0.5411673753382296,2573,2511,14,0,2497,2480,70770,76,0,0,76,31
2020-10-09,US,North Dakota,Grant,44,1,0,46.35821257,-101.63900129999999,38037.0,1934.9164467897974,2.272727272727273,43,43,1,0,42,43,2374,1,0,0,1,0
2020-10-09,US,North Dakota,Griggs,62,1,0,47.45785838,-98.23850925,38039.0,2779.0228597041687,1.6129032258064515,61,61,1,0,60,61,2232,1,0,0,1,0
2020-10-09,US,North Dakota,Hettinger,76,0,0,46.43375068,-102.4632417,38041.0,3041.216486594638,0.0,76,74,0,0,74,73,2514,2,0,0,2,1
2020-10-09,US,North Dakota,Kidder,62,0,0,46.97830064,-99.77507857,38043.0,2500.0,0.0,62,62,0,0,62,61,2450,0,0,0,0,1
2020-10-09,US,North Dakota,LaMoure,115,0,0,46.45681054,-98.53542355,38045.0,2842.3133959466136,0.0,115,115,0,0,115,112,4062,0,0,0,0,3
2020-10-09,US,North Dakota,Logan,88,0,0,46.45729487,-99.47719806,38047.0,4756.756756756758,0.0,88,87,0,0,87,79,1903,1,0,0,1,8
2020-10-09,US,North Dakota,McHenry,117,7,0,48.23104458,-100.6324822,38049.0,2036.5535248041776,5.982905982905983,110,113,6,0,107,112,5816,4,1,0,3,1
2020-10-09,US,North Dakota,McIntosh,108,3,0,46.11182017,-99.44145858,38051.0,4325.190228273928,2.7777777777777777,105,102,3,0,99,101,2585,6,0,0,6,1
2020-10-09,US,North Dakota,McKenzie,328,3,0,47.74133370000001,-103.395905,38053.0,2183.1735889243882,0.9146341463414634,325,310,2,0,308,298,13632,18,1,0,17,12
2020-10-09,US,North Dakota,McLean,352,4,0,47.60766714,-101.3182418,38055.0,3724.8677248677254,1.1363636363636365,348,340,4,0,336,337,9541,12,0,0,12,3
2020-10-09,US,North Dakota,Mercer,225,1,0,47.31213126,-101.8318399,38057.0,2748.259435690729,0.4444444444444444,224,218,1,0,217,211,8267,7,0,0,7,7
2020-10-09,US,North Dakota,Morton,1569,41,0,46.71681782,-101.2822377,38059.0,5002.550695064405,2.613129381771829,1528,1521,41,0,1480,1501,31095,48,0,0,48,20
2020-10-09,US,North Dakota,Mountrail,326,4,0,48.20197971,-102.3555315,38061.0,3091.5125651967755,1.2269938650306749,322,323,3,0,320,314,10218,3,1,0,2,9
2020-10-09,US,North Dakota,Nelson,118,1,0,47.9226426,-98.19038437,38063.0,4098.645362973255,0.8474576271186439,117,118,0,0,118,117,2869,0,1,0,-1,1
2020-10-09,US,North Dakota,Oliver,31,0,0,47.11530482,-101.3406158,38065.0,1582.4400204185806,0.0,31,29,0,0,29,25,1952,2,0,0,2,4
2020-10-09,US,North Dakota,Pembina,140,0,0,48.76623521,-97.5523809,38067.0,2058.520805763859,0.0,140,134,0,0,134,131,6947,6,0,0,6,3
2020-10-09,US,North Dakota,Pierce,37,0,0,48.24977025,-99.96407787,38069.0,930.8176100628932,0.0,37,37,0,0,37,37,4081,0,0,0,0,0
2020-10-09,US,North Dakota,Ramsey,323,3,0,48.26886249,-98.72223879,38071.0,2804.0628526781843,0.9287925696594428,320,308,2,0,306,297,11481,15,1,0,14,11
2020-10-09,US,North Dakota,Ransom,91,0,0,46.45621782,-97.65742504,38073.0,1743.9632042928326,0.0,91,90,0,0,90,89,5237,1,0,0,1,1
2020-10-09,US,North Dakota,Renville,89,2,0,48.71982533,-101.6603912,38075.0,3824.666953158573,2.247191011235955,87,85,1,0,84,79,2374,4,1,0,3,6
2020-10-09,US,North Dakota,Richland,279,3,0,46.26440649,-96.94852979,38077.0,1724.6708289546887,1.075268817204301,276,273,2,0,271,268,16239,6,1,0,5,5
2020-10-09,US,North Dakota,Rolette,244,7,0,48.77245354,-99.84097493,38079.0,1721.2189616252822,2.8688524590163933,237,240,7,0,233,236,14301,4,0,0,4,4
2020-10-09,US,North Dakota,Sargent,92,1,0,46.10830372,-97.63217159,38081.0,2360.1847101077474,1.0869565217391304,91,93,1,0,92,91,3870,-1,0,0,-1,2
2020-10-09,US,North Dakota,Sheridan,18,1,0,47.57700669,-100.3426391,38083.0,1368.8212927756654,5.5555555555555545,17,18,1,0,17,18,1349,0,0,0,0,0
2020-10-09,US,North Dakota,Sioux,184,3,0,46.11323337,-101.04401490000001,38085.0,4349.881796690307,1.6304347826086956,181,177,3,0,174,176,4358,7,0,0,7,1
2020-10-09,US,North Dakota,Slope,11,0,0,46.44737738,-103.4601547,38087.0,1466.666666666667,0.0,11,11,0,0,11,11,763,0,0,0,0,0
2020-10-09,US,North Dakota,Stark,1983,22,0,46.80851182,-102.65763259999999,38089.0,6297.4372002921655,1.1094301563287947,1961,1926,21,0,1905,1877,30997,57,1,0,56,49
2020-10-09,US,North Dakota,Steele,31,0,0,47.45611548,-97.72728747,38091.0,1640.2116402116405,0.0,31,31,0,0,31,31,1903,0,0,0,0,0
2020-10-09,US,North Dakota,Stutsman,585,4,0,46.97962541,-98.95637318,38093.0,2825.540958268933,0.6837606837606838,581,572,4,0,568,563,20917,13,0,0,13,9
2020-10-09,US,North Dakota,Towner,30,0,0,48.68565745,-99.24564265,38095.0,1370.4888076747372,0.0,30,30,0,0,30,30,2192,0,0,0,0,0
2020-10-09,US,North Dakota,Traill,149,0,0,47.45367788,-97.16323288,38097.0,1854.1562966650079,0.0,149,149,0,0,149,147,8037,0,0,0,0,2
2020-10-09,US,North Dakota,Walsh,263,1,0,48.36876964,-97.72574783,38099.0,2471.572220655953,0.3802281368821293,262,255,1,0,254,251,10667,8,0,0,8,4
2020-10-09,US,North Dakota,Ward,1388,18,0,48.22390169,-101.54367629999999,38101.0,2052.009875667125,1.2968299711815563,1370,1353,17,0,1336,1319,67744,35,1,0,34,34
2020-10-09,US,North Dakota,Wells,56,0,0,47.58614526,-99.65904998,38103.0,1460.6155451225873,0.0,56,53,0,0,53,51,3957,3,0,0,3,2
2020-10-09,US,North Dakota,Williams,1324,9,0,48.34522353,-103.4793387,38105.0,3522.3070579158793,0.6797583081570997,1315,1308,9,0,1299,1276,35350,16,0,0,16,32
2020-10-09,US,Ohio,Adams,165,4,0,38.84541072,-83.4718964,39001.0,595.7108816521047,2.4242424242424243,161,162,4,0,158,160,27724,3,0,0,3,2
2020-10-09,US,Ohio,Allen,1664,72,0,40.77285242,-84.10802343,39003.0,1625.7779601567154,4.326923076923077,1592,1641,72,0,1569,1607,102663,23,0,0,23,34
2020-10-09,US,Ohio,Ashland,334,5,0,40.84772277,-82.27280781,39005.0,624.4858275372072,1.497005988023952,329,319,5,0,314,318,53745,15,0,0,15,1
2020-10-09,US,Ohio,Ashtabula,682,48,0,41.70860332,-80.74830218,39007.0,701.3502534938966,7.038123167155424,634,680,48,0,632,680,97493,2,0,0,2,0
2020-10-09,US,Ohio,Athens,955,2,0,39.33425634,-82.04278644,39009.0,1461.8764063863337,0.2094240837696335,953,909,2,0,907,887,65818,46,0,0,46,22
2020-10-09,US,Ohio,Auglaize,739,16,0,40.55998859,-84.22421429999999,39011.0,1618.6262484667955,2.165087956698241,723,717,16,0,701,701,45804,22,0,0,22,16
2020-10-09,US,Ohio,Belmont,736,27,0,40.01625942,-80.9924051,39013.0,1098.409097692744,3.668478260869565,709,733,27,0,706,731,67505,3,0,0,3,2
2020-10-09,US,Ohio,Brown,308,3,0,38.93416837,-83.86788395,39015.0,709.1545404310186,0.9740259740259741,305,303,3,0,300,302,43602,5,0,0,5,1
2020-10-09,US,Ohio,Butler,7014,116,0,39.44012838,-84.57388716,39017.0,1830.6910898014794,1.6538351867693184,6898,6911,115,0,6796,6828,382378,103,1,0,102,83
2020-10-09,US,Ohio,Carroll,171,7,0,40.578968599999996,-81.09178213,39019.0,635.3570632384633,4.093567251461988,164,168,7,0,161,164,27081,3,0,0,3,4
2020-10-09,US,Ohio,Champaign,341,3,0,40.13923427,-83.76875242,39021.0,876.9448373408769,0.8797653958944281,338,335,3,0,332,333,38754,6,0,0,6,2
2020-10-09,US,Ohio,Clark,2077,52,0,39.91592258,-83.78498252,39023.0,1549.0405196781098,2.5036109773712085,2025,2048,52,0,1996,2010,134585,29,0,0,29,38
2020-10-09,US,Ohio,Clermont,1953,34,0,39.04847534,-84.15375786,39025.0,946.0925843393338,1.7409114183307732,1919,1924,34,0,1890,1887,205466,29,0,0,29,37
2020-10-09,US,Ohio,Clinton,350,13,0,39.41485808,-83.80852286,39027.0,833.9687380861609,3.7142857142857135,337,346,13,0,333,340,42057,4,0,0,4,6
2020-10-09,US,Ohio,Columbiana,2006,86,0,40.76932373,-80.78094576,39029.0,1968.9251396209372,4.287138584247258,1920,2003,86,0,1917,1998,102665,3,0,0,3,5
2020-10-09,US,Ohio,Coshocton,253,11,0,40.30096166,-81.91729018,39031.0,691.2568306010927,4.3478260869565215,242,252,11,0,241,246,36629,1,0,0,1,6
2020-10-09,US,Ohio,Crawford,305,6,0,40.85065156,-82.91989099,39033.0,735.0460307514337,1.9672131147540983,299,294,6,0,288,286,41550,11,0,0,11,8
2020-10-09,US,Ohio,Cuyahoga,18299,667,0,41.424119,-81.65918339,39035.0,1481.6140273603482,3.645007923930269,17632,18183,665,0,17518,18107,1243857,116,2,0,114,76
2020-10-09,US,Ohio,Darke,978,44,0,40.13412966,-84.6194517,39037.0,1913.4075479819226,4.4989775051124745,934,964,44,0,920,938,51323,14,0,0,14,26
2020-10-09,US,Ohio,Defiance,397,13,0,41.32398837,-84.49076944,39039.0,1042.3504082757897,3.2745591939546603,384,390,13,0,377,385,38165,7,0,0,7,5
2020-10-09,US,Ohio,Delaware,2548,26,0,40.27942393,-83.00457058,39041.0,1218.1071532721096,1.020408163265306,2522,2511,26,0,2485,2496,204826,37,0,0,37,15
2020-10-09,US,Ohio,Erie,1036,51,0,41.36796058,-82.62904521,39043.0,1394.9855923302725,4.922779922779923,985,1022,51,0,971,1012,74615,14,0,0,14,10
2020-10-09,US,Ohio,Fairfield,2338,55,0,39.75107189,-82.63088163,39045.0,1483.7473187200933,2.352437981180496,2283,2310,55,0,2255,2298,155782,28,0,0,28,12
2020-10-09,US,Ohio,Fayette,334,7,0,39.56021306,-83.4562016,39047.0,1170.9027169149867,2.0958083832335332,327,324,7,0,317,318,28666,10,0,0,10,6
2020-10-09,US,Ohio,Franklin,28841,635,0,39.96995815,-83.01115755,39049.0,2190.30708802542,2.201726708505253,28206,28661,633,0,28028,28520,1310300,180,2,0,178,141
2020-10-09,US,Ohio,Fulton,384,2,0,41.60213491,-84.12571393,39051.0,911.5510611024072,0.5208333333333334,382,378,1,0,377,371,42276,6,1,0,5,7
2020-10-09,US,Ohio,Gallia,240,13,0,38.82708533,-82.31647569,39053.0,802.7292795504718,5.416666666666668,227,235,13,0,222,232,29979,5,0,0,5,3
2020-10-09,US,Ohio,Geauga,755,50,0,41.49952319,-81.17935342,39055.0,806.2018814936625,6.622516556291392,705,755,49,0,706,753,94031,0,1,0,-1,2
2020-10-09,US,Ohio,Greene,1805,37,0,39.69116283,-83.89032084,39057.0,1068.4456335793816,2.0498614958448758,1768,1774,37,0,1737,1722,167995,31,0,0,31,52
2020-10-09,US,Ohio,Guernsey,198,8,0,40.05026529,-81.49248905,39059.0,509.3247588424437,4.040404040404041,190,192,8,0,184,190,39022,6,0,0,6,2
2020-10-09,US,Ohio,Hamilton,14357,335,0,39.19673558,-84.54502924,39061.0,1756.2659561844855,2.333356550811451,14022,14208,333,0,13875,14093,816684,149,2,0,147,115
2020-10-09,US,Ohio,Hancock,866,14,0,41.00250487,-83.66838948,39063.0,1142.736497631395,1.6166281755196306,852,849,14,0,835,823,75930,17,0,0,17,26
2020-10-09,US,Ohio,Hardin,282,13,0,40.66015414,-83.65929931,39065.0,899.091343854615,4.609929078014185,269,274,13,0,261,272,31480,8,0,0,8,2
2020-10-09,US,Ohio,Harrison,71,3,0,40.29380509,-81.09068544,39067.0,472.0744680851063,4.225352112676056,68,71,3,0,68,70,15174,0,0,0,0,1
2020-10-09,US,Ohio,Henry,389,17,0,41.333964200000004,-84.06830637,39069.0,1440.4206472635708,4.370179948586118,372,382,17,0,365,373,27086,7,0,0,7,9
2020-10-09,US,Ohio,Highland,291,4,0,39.1839264,-83.60331456,39071.0,674.2197817474107,1.3745704467353952,287,281,4,0,277,272,43058,10,0,0,10,9
2020-10-09,US,Ohio,Hocking,180,9,0,39.49537927,-82.47991446,39073.0,636.8525332578546,5.0,171,179,9,0,170,178,28385,1,0,0,1,1
2020-10-09,US,Ohio,Holmes,454,10,0,40.56163713,-81.92635677,39075.0,1032.7570518653322,2.202643171806167,444,439,10,0,429,437,43892,15,0,0,15,2
2020-10-09,US,Ohio,Huron,641,8,0,41.14651175,-82.59867951,39077.0,1100.1270037414617,1.24804992199688,633,636,8,0,628,629,58504,5,0,0,5,7
2020-10-09,US,Ohio,Jackson,328,7,0,39.01914254,-82.61818559999998,39079.0,1011.939653842594,2.1341463414634148,321,317,7,0,310,315,32384,11,0,0,11,2
2020-10-09,US,Ohio,Jefferson,390,4,0,40.38614126,-80.76259514,39081.0,597.0149253731344,1.0256410256410255,386,380,4,0,376,376,65767,10,0,0,10,4
2020-10-09,US,Ohio,Knox,315,15,0,40.39830217,-82.42027563,39083.0,505.43949167228266,4.761904761904762,300,311,15,0,296,305,61893,4,0,0,4,6
2020-10-09,US,Ohio,Lake,1739,56,0,41.69710807,-81.23676539,39085.0,755.5974607754108,3.2202415181138586,1683,1729,56,0,1673,1717,230514,10,0,0,10,12
2020-10-09,US,Ohio,Lawrence,778,23,0,38.59743452,-82.53466552,39087.0,1308.3766375729444,2.956298200514139,755,766,23,0,743,752,59866,12,0,0,12,14
2020-10-09,US,Ohio,Licking,2138,65,0,40.09136236,-82.48185785,39089.0,1208.8520993769152,3.0402245088868103,2073,2076,65,0,2011,2061,175769,62,0,0,62,15
2020-10-09,US,Ohio,Logan,352,3,0,40.38996525,-83.76784341,39091.0,770.712909441233,0.8522727272727273,349,347,3,0,344,347,45358,5,0,0,5,0
2020-10-09,US,Ohio,Lorain,2460,89,0,41.29553751,-82.15083537,39093.0,793.9761097107151,3.617886178861789,2371,2447,89,0,2358,2426,309461,13,0,0,13,21
2020-10-09,US,Ohio,Lucas,7704,370,0,41.62101218,-83.65468618,39095.0,1798.5376376217469,4.80269989615784,7334,7656,369,0,7287,7624,429899,48,1,0,47,32
2020-10-09,US,Ohio,Madison,952,14,0,39.89381073,-83.40178317,39097.0,2128.2779280588406,1.4705882352941178,938,940,14,0,926,930,44413,12,0,0,12,10
2020-10-09,US,Ohio,Mahoning,3341,282,0,41.01631101,-80.77287029,39099.0,1460.9743618896027,8.440586650703382,3059,3316,282,0,3034,3289,229642,25,0,0,25,27
2020-10-09,US,Ohio,Marion,3227,48,0,40.58610662,-83.15736305,39101.0,4957.522314227336,1.4874496436318565,3179,3216,48,0,3168,3203,65256,11,0,0,11,13
2020-10-09,US,Ohio,Medina,1600,42,0,41.11770589,-81.89986209999998,39103.0,890.1449823640025,2.625,1558,1584,41,0,1543,1575,179146,16,1,0,15,9
2020-10-09,US,Ohio,Meigs,193,12,0,39.09224872,-82.0305041,39105.0,842.537215698258,6.217616580310881,181,191,12,0,179,191,23106,2,0,0,2,0
2020-10-09,US,Ohio,Mercer,1295,27,0,40.54043046,-84.62912742,39107.0,3145.3414942193717,2.0849420849420848,1268,1267,27,0,1240,1255,40959,28,0,0,28,12
2020-10-09,US,Ohio,Miami,1716,56,0,40.0543329,-84.22871271,39109.0,1603.9331881443536,3.2634032634032635,1660,1684,56,0,1628,1643,106222,32,0,0,32,41
2020-10-09,US,Ohio,Monroe,114,18,0,39.72984936,-81.08464734,39111.0,834.9201699135782,15.789473684210524,96,113,18,0,95,113,13790,1,0,0,1,0
2020-10-09,US,Ohio,Montgomery,8864,183,0,39.75394919,-84.29050975,39113.0,1667.1462721488394,2.0645306859205776,8681,8732,182,0,8550,8572,532331,132,1,0,131,160
2020-10-09,US,Ohio,Morgan,57,0,0,39.62081738,-81.85308173,39115.0,392.8866832092638,0.0,57,55,0,0,55,55,14604,2,0,0,2,0
2020-10-09,US,Ohio,Morrow,282,2,0,40.52363560000001,-82.7892599,39117.0,798.2336956521739,0.7092198581560284,280,277,2,0,275,273,35112,5,0,0,5,4
2020-10-09,US,Ohio,Muskingum,625,3,0,39.96575964,-81.94363275,39119.0,724.9318564054979,0.48,622,593,3,0,590,583,86183,32,0,0,32,10
2020-10-09,US,Ohio,Noble,69,0,0,39.76818851,-81.45937183,39121.0,478.369384359401,0.0,69,68,0,0,68,65,14354,1,0,0,1,3
2020-10-09,US,Ohio,Ottawa,509,30,0,41.53781826,-83.0940185,39123.0,1256.014805675509,5.893909626719058,479,500,30,0,470,497,40769,9,0,0,9,3
2020-10-09,US,Ohio,Paulding,143,0,0,41.11676341,-84.5801017,39125.0,765.8526135389887,0.0,143,138,0,0,138,135,18760,5,0,0,5,3
2020-10-09,US,Ohio,Perry,327,11,0,39.73508655,-82.23804971,39127.0,904.9648530469916,3.363914373088685,316,325,11,0,314,323,36033,2,0,0,2,2
2020-10-09,US,Ohio,Pickaway,2759,46,0,39.64170392,-83.0243386,39129.0,4719.70850368647,1.6672707502718376,2713,2749,46,0,2703,2748,58086,10,0,0,10,1
2020-10-09,US,Ohio,Pike,240,0,0,39.07634001,-83.06769584,39131.0,864.1797493878728,0.0,240,233,0,0,233,229,28067,7,0,0,7,4
2020-10-09,US,Ohio,Portage,1350,67,0,41.16793482,-81.19735782,39133.0,830.9430896310613,4.962962962962963,1283,1329,67,0,1262,1313,162927,21,0,0,21,16
2020-10-09,US,Ohio,Preble,500,17,0,39.7420247,-84.64787018,39135.0,1223.0321412846733,3.4,483,490,17,0,473,484,40997,10,0,0,10,6
2020-10-09,US,Ohio,Putnam,721,27,0,41.02094889,-84.1336111,39137.0,2129.2932872626325,3.7447988904299594,694,709,27,0,682,694,33780,12,0,0,12,15
2020-10-09,US,Ohio,Richland,1118,20,0,40.77180308,-82.53799609999999,39139.0,922.7924789936777,1.7889087656529516,1098,1101,20,0,1081,1092,121099,17,0,0,17,9
2020-10-09,US,Ohio,Ross,1065,31,0,39.33705391,-83.06000914,39141.0,1389.142514282733,2.9107981220657275,1034,1042,31,0,1011,1029,76931,23,0,0,23,13
2020-10-09,US,Ohio,Sandusky,626,21,0,41.35624126,-83.137872,39143.0,1069.7563142964557,3.3546325878594248,605,621,21,0,600,618,58799,5,0,0,5,3
2020-10-09,US,Ohio,Scioto,643,7,0,38.80270163,-82.98907345,39145.0,853.7589292827362,1.088646967340591,636,627,7,0,620,617,75502,16,0,0,16,10
2020-10-09,US,Ohio,Seneca,524,14,0,41.12351311,-83.12783209,39147.0,949.6538475479358,2.6717557251908395,510,519,14,0,505,514,55207,5,0,0,5,5
2020-10-09,US,Ohio,Shelby,764,14,0,40.33163494,-84.20258189,39149.0,1572.3399876517801,1.8324607329842928,750,758,14,0,744,738,48627,6,0,0,6,20
2020-10-09,US,Ohio,Stark,3255,178,0,40.81482476,-81.36437305,39151.0,878.2912311187622,5.468509984639017,3077,3229,178,0,3051,3185,371574,26,0,0,26,44
2020-10-09,US,Ohio,Summit,5813,258,0,41.12464734,-81.53123079,39153.0,1074.4658631123466,4.438327885773266,5555,5753,259,0,5494,5710,541918,60,-1,0,61,43
2020-10-09,US,Ohio,Trumbull,2063,133,0,41.31735028,-80.76109643,39155.0,1042.0560275591743,6.446921958313137,1930,2037,133,0,1904,2024,198627,26,0,0,26,13
2020-10-09,US,Ohio,Tuscarawas,1040,20,0,40.44214695,-81.47226262,39157.0,1130.5945405329014,1.9230769230769231,1020,1031,20,0,1011,1013,92176,9,0,0,9,18
2020-10-09,US,Ohio,Union,644,2,0,40.30016061,-83.37239023,39159.0,1091.7474740625212,0.3105590062111801,642,627,2,0,625,618,57835,17,0,0,17,9
2020-10-09,US,Ohio,Van Wert,171,3,0,40.8554138,-84.59111700000003,39161.0,604.7745358090185,1.7543859649122806,168,175,3,0,172,159,28281,-4,0,0,-4,16
2020-10-09,US,Ohio,Vinton,65,3,0,39.25208988,-82.4831444,39163.0,496.75200611387083,4.615384615384615,62,62,3,0,59,61,13139,3,0,0,3,1
2020-10-09,US,Ohio,Warren,3468,59,0,39.42581994,-84.16557457,39165.0,1478.248267278199,1.7012687427912343,3409,3414,59,0,3355,3365,232173,54,0,0,54,49
2020-10-09,US,Ohio,Washington,276,23,0,39.45690571,-81.49121382,39167.0,460.68334696466417,8.333333333333334,253,273,23,0,250,270,60155,3,0,0,3,3
2020-10-09,US,Ohio,Wayne,1035,68,0,40.82925852,-81.88844833,39169.0,894.4775732434532,6.570048309178745,967,1019,68,0,951,1005,115967,16,0,0,16,14
2020-10-09,US,Ohio,Williams,255,3,0,41.56052014,-84.58429552,39171.0,694.9743813365311,1.1764705882352942,252,251,3,0,248,246,36804,4,0,0,4,5
2020-10-09,US,Ohio,Wood,2212,81,0,41.36224827,-83.62285108,39173.0,1690.9117316556715,3.661844484629295,2131,2189,81,0,2108,2171,130696,23,0,0,23,18
2020-10-09,US,Ohio,Wyandot,240,13,0,40.84339621,-83.30734173,39175.0,1102.333272092596,5.416666666666668,227,233,13,0,220,228,21935,7,0,0,7,5
2020-10-09,US,Oklahoma,Adair,685,10,0,35.88494195,-94.65859267,40001.0,3086.41975308642,1.45985401459854,675,673,10,0,663,666,22082,12,0,0,12,7
2020-10-09,US,Oklahoma,Alfalfa,84,0,0,36.73090616,-98.32408495,40003.0,1473.1673097158896,0.0,84,83,0,0,83,81,5754,1,0,0,1,2
2020-10-09,US,Oklahoma,Atoka,355,1,0,34.37366573,-96.03802487,40005.0,2580.3169065271113,0.28169014084507044,354,350,1,0,349,347,13838,5,0,0,5,3
2020-10-09,US,Oklahoma,Beaver,71,0,0,36.7496847,-100.4758872,40007.0,1336.8480512144604,0.0,71,67,0,0,67,66,5319,4,0,0,4,1
2020-10-09,US,Oklahoma,Beckham,686,8,0,35.26862449,-99.68128023,40009.0,3138.295438949632,1.1661807580174928,678,673,8,0,665,665,21709,13,0,0,13,8
2020-10-09,US,Oklahoma,Blaine,153,1,0,35.87518314,-98.43307003,40011.0,1622.6535157492845,0.6535947712418301,152,148,1,0,147,145,9485,5,0,0,5,3
2020-10-09,US,Oklahoma,Bryan,1168,5,0,33.96472458,-96.25903472,40013.0,2433.5868319616625,0.4280821917808219,1163,1132,5,0,1127,1108,47192,36,0,0,36,24
2020-10-09,US,Oklahoma,Caddo,939,21,0,35.17364557,-98.37534464,40015.0,3264.7242889924205,2.236421725239617,918,919,21,0,898,906,28977,20,0,0,20,13
2020-10-09,US,Oklahoma,Canadian,2764,18,0,35.5426055,-97.98465569,40017.0,1863.7142125065743,0.6512301013024602,2746,2716,17,0,2699,2648,144447,48,1,0,47,68
2020-10-09,US,Oklahoma,Carter,638,9,0,34.25103751,-97.28552485,40019.0,1326.1000602772756,1.4106583072100314,629,626,9,0,617,620,48177,12,0,0,12,6
2020-10-09,US,Oklahoma,Cherokee,1230,8,0,35.90692775,-94.99980896,40021.0,2527.899377273568,0.6504065040650406,1222,1206,8,0,1198,1190,48675,24,0,0,24,16
2020-10-09,US,Oklahoma,Choctaw,367,2,0,34.02807439,-95.54771129,40023.0,2501.363140676118,0.5449591280653951,365,363,2,0,361,357,14668,4,0,0,4,6
2020-10-09,US,Oklahoma,Cimarron,31,0,0,36.74817177,-102.5173885,40025.0,1450.6317267197005,0.0,31,31,0,0,31,27,2153,0,0,0,0,4
2020-10-09,US,Oklahoma,Cleveland,6819,81,0,35.20413532,-97.32519562,40027.0,2400.937981930468,1.1878574571051477,6738,6734,81,0,6653,6654,281669,85,0,0,85,80
2020-10-09,US,Oklahoma,Coal,76,0,0,34.58840127,-96.29798747,40029.0,1383.0755232029114,0.0,76,75,0,0,75,75,5520,1,0,0,1,0
2020-10-09,US,Oklahoma,Comanche,1863,13,0,34.65973764,-98.47195055,40031.0,1542.869920247787,0.6977992485238862,1850,1839,13,0,1826,1812,120422,24,0,0,24,27
2020-10-09,US,Oklahoma,Cotton,76,3,0,34.28845626,-98.37053567,40033.0,1341.3342746205435,3.947368421052632,73,75,3,0,72,74,5776,1,0,0,1,1
2020-10-09,US,Oklahoma,Craig,560,1,0,36.76268118,-95.20916602,40035.0,3959.8359496535145,0.17857142857142858,559,551,1,0,550,535,14306,9,0,0,9,16
2020-10-09,US,Oklahoma,Creek,1325,35,0,35.90230551,-96.37086028,40037.0,1852.5768295070047,2.641509433962264,1290,1305,35,0,1270,1296,71604,20,0,0,20,9
2020-10-09,US,Oklahoma,Custer,866,1,0,35.63853802,-99.00170785,40039.0,2985.8980105506325,0.11547344110854504,865,841,1,0,840,827,29036,25,0,0,25,14
2020-10-09,US,Oklahoma,Delaware,965,26,0,36.40823634,-94.80325046,40041.0,2243.7164314445813,2.694300518134715,939,947,26,0,921,905,42733,18,0,0,18,42
2020-10-09,US,Oklahoma,Dewey,75,1,0,35.98772922,-99.00730714,40043.0,1533.428746677571,1.3333333333333333,74,74,1,0,73,73,4894,1,0,0,1,1
2020-10-09,US,Oklahoma,Ellis,15,0,0,36.218019399999996,-99.75324573,40045.0,388.7017362010884,0.0,15,15,0,0,15,15,3952,0,0,0,0,0
2020-10-09,US,Oklahoma,Garfield,1992,22,0,36.3791334,-97.78265517,40047.0,3262.578616352201,1.104417670682731,1970,1971,22,0,1949,1922,60913,21,0,0,21,49
2020-10-09,US,Oklahoma,Garvin,462,5,0,34.70418038,-97.30811132,40049.0,1667.2079679549634,1.0822510822510822,457,446,5,0,441,433,27811,16,0,0,16,13
2020-10-09,US,Oklahoma,Grady,1309,12,0,35.0167709,-97.88339847,40051.0,2344.4496185120183,0.9167303284950344,1297,1286,11,0,1275,1265,55551,23,1,0,22,21
2020-10-09,US,Oklahoma,Grant,60,1,0,36.796296999999996,-97.78638765,40053.0,1384.7219016847448,1.6666666666666667,59,58,1,0,57,55,4326,2,0,0,2,3
2020-10-09,US,Oklahoma,Greer,121,8,0,34.93535801,-99.56056120000001,40055.0,2118.347338935574,6.6115702479338845,113,119,8,0,111,118,5821,2,0,0,2,1
2020-10-09,US,Oklahoma,Harmon,57,0,0,34.7440135,-99.84741652,40057.0,2148.511119487373,0.0,57,54,0,0,54,53,2664,3,0,0,3,1
2020-10-09,US,Oklahoma,Harper,36,1,0,36.78836519,-99.6679804,40059.0,976.1388286334056,2.7777777777777777,35,35,1,0,34,33,3797,1,0,0,1,2
2020-10-09,US,Oklahoma,Haskell,324,4,0,35.22257600000001,-95.11513306,40061.0,2565.9301496792586,1.2345679012345678,320,316,4,0,312,309,12668,8,0,0,8,7
2020-10-09,US,Oklahoma,Hughes,317,4,0,35.04912569,-96.24921145,40063.0,2387.2279539121923,1.2618296529968454,313,317,4,0,313,315,13335,0,0,0,0,2
2020-10-09,US,Oklahoma,Jackson,913,10,0,34.58781741,-99.41138784,40065.0,3721.9730941704042,1.095290251916758,903,893,10,0,883,870,24949,20,0,0,20,23
2020-10-09,US,Oklahoma,Jefferson,54,0,0,34.11130184,-97.83182974,40067.0,899.7000999666777,0.0,54,54,0,0,54,52,6123,0,0,0,0,2
2020-10-09,US,Oklahoma,Johnston,238,4,0,34.31440473,-96.66011537,40069.0,2147.045557059089,1.680672268907563,234,228,4,0,224,226,10949,10,0,0,10,2
2020-10-09,US,Oklahoma,Kay,734,15,0,36.81799745,-97.14421435,40071.0,1685.8835959391795,2.043596730245232,719,725,15,0,710,716,44161,9,0,0,9,9
2020-10-09,US,Oklahoma,Kingfisher,436,2,0,35.94530008,-97.94193268,40073.0,2765.6200444021565,0.4587155963302753,434,427,2,0,425,418,15816,9,0,0,9,9
2020-10-09,US,Oklahoma,Kiowa,105,2,0,34.91671958,-98.97720696,40075.0,1205.7877813504824,1.9047619047619049,103,104,2,0,102,99,8729,1,0,0,1,5
2020-10-09,US,Oklahoma,Latimer,161,2,0,34.87844729,-95.25215049,40077.0,1598.3321751216122,1.2422360248447204,159,156,2,0,154,154,10231,5,0,0,5,2
2020-10-09,US,Oklahoma,Le Flore,1357,21,0,34.89851864,-94.70392124,40079.0,2722.002687902433,1.5475313190862197,1336,1337,21,0,1316,1324,49980,20,0,0,20,13
2020-10-09,US,Oklahoma,Lincoln,598,10,0,35.70270942,-96.8812462,40081.0,1714.5970123577142,1.6722408026755853,588,574,10,0,564,566,34920,24,0,0,24,8
2020-10-09,US,Oklahoma,Logan,615,2,0,35.91899576,-97.44352845,40083.0,1280.9564474807858,0.3252032520325203,613,611,2,0,609,601,47291,4,0,0,4,10
2020-10-09,US,Oklahoma,Love,233,1,0,33.95273467,-97.23906784,40085.0,2272.5056081146977,0.4291845493562232,232,224,1,0,223,223,10134,9,0,0,9,1
2020-10-09,US,Oklahoma,Major,113,2,0,36.31149996,-98.53467076,40093.0,1481.1901953073798,1.7699115044247788,111,111,2,0,109,103,7644,2,0,0,2,8
2020-10-09,US,Oklahoma,Marshall,209,2,0,34.02311222,-96.76855464,40095.0,1234.422066032721,0.9569377990430622,207,201,2,0,199,201,16806,8,0,0,8,0
2020-10-09,US,Oklahoma,Mayes,791,11,0,36.30179091,-95.23175116,40097.0,1924.5742092457424,1.390644753476612,780,773,11,0,762,761,41107,18,0,0,18,12
2020-10-09,US,Oklahoma,McClain,1024,7,0,35.01123903,-97.44572302,40087.0,2530.019271631171,0.68359375,1017,1003,7,0,996,987,39985,21,0,0,21,16
2020-10-09,US,Oklahoma,McCurtain,1388,35,0,34.11664328,-94.77222373,40089.0,4227.582846003897,2.521613832853026,1353,1381,35,0,1346,1368,32703,7,0,0,7,13
2020-10-09,US,Oklahoma,McIntosh,385,8,0,35.37235506,-95.66599306,40091.0,1964.6866707491324,2.0779220779220777,377,383,8,0,375,376,19815,2,0,0,2,7
2020-10-09,US,Oklahoma,Murray,199,2,0,34.48116015,-97.06826283,40099.0,1414.055283166347,1.0050251256281406,197,191,2,0,189,185,13953,8,0,0,8,6
2020-10-09,US,Oklahoma,Muskogee,2055,26,0,35.61318461,-95.37802952,40101.0,3022.1921555362737,1.265206812652068,2029,2021,25,0,1996,1997,68362,34,1,0,33,24
2020-10-09,US,Oklahoma,Noble,162,3,0,36.38953329,-97.22928674,40103.0,1455.3948432306174,1.851851851851852,159,162,3,0,159,163,11289,0,0,0,0,-1
2020-10-09,US,Oklahoma,Nowata,173,4,0,36.79843529,-95.61902331,40105.0,1716.9511710996426,2.3121387283237,169,163,4,0,159,160,10218,10,0,0,10,3
2020-10-09,US,Oklahoma,Okfuskee,197,5,0,35.46485198,-96.32639984,40107.0,1642.6248645042942,2.538071065989848,192,190,5,0,185,189,12098,7,0,0,7,1
2020-10-09,US,Oklahoma,Oklahoma,19985,200,0,35.55140095,-97.40716948,40109.0,2506.1635194887604,1.0007505629221916,19785,19736,200,0,19536,19537,792582,249,0,0,249,199
2020-10-09,US,Oklahoma,Okmulgee,937,8,0,35.64661916,-95.96432828,40111.0,2435.980761731444,0.8537886872998933,929,931,8,0,923,911,38335,6,0,0,6,20
2020-10-09,US,Oklahoma,Osage,1206,13,0,36.62888819,-96.39635704,40113.0,2567.9790473351363,1.077943615257048,1193,1193,13,0,1180,1183,47014,13,0,0,13,10
2020-10-09,US,Oklahoma,Ottawa,1003,8,0,36.83532655,-94.81011909,40115.0,3222.2829055161114,0.7976071784646062,995,980,7,0,973,961,31175,23,1,0,22,19
2020-10-09,US,Oklahoma,Pawnee,278,5,0,36.31743373,-96.70331759999999,40117.0,1697.6062530532486,1.7985611510791366,273,275,5,0,270,274,16390,3,0,0,3,1
2020-10-09,US,Oklahoma,Payne,2519,8,0,36.07695283,-96.97584944,40119.0,3080.064560305195,0.3175863437872172,2511,2492,7,0,2485,2471,82040,27,1,0,26,21
2020-10-09,US,Oklahoma,Pittsburg,1033,20,0,34.92065823,-95.75134320000001,40121.0,2366.3352728272325,1.936108422071636,1013,1022,20,0,1002,1018,43877,11,0,0,11,4
2020-10-09,US,Oklahoma,Pontotoc,526,3,0,34.72959848,-96.68337199,40123.0,1373.9421168112005,0.5703422053231939,523,520,3,0,517,507,38247,6,0,0,6,13
2020-10-09,US,Oklahoma,Pottawatomie,1703,11,0,35.20614018,-96.94923008,40125.0,2345.9885386819487,0.6459189665296535,1692,1664,11,0,1653,1649,72679,39,0,0,39,15
2020-10-09,US,Oklahoma,Pushmataha,217,3,0,34.41635232,-95.37603505,40127.0,1955.6596971881759,1.3824884792626728,214,212,3,0,209,208,11179,5,0,0,5,4
2020-10-09,US,Oklahoma,Roger Mills,75,1,0,35.68711719,-99.69666167,40129.0,2093.2179737650013,1.3333333333333333,74,75,1,0,74,74,3656,0,0,0,0,1
2020-10-09,US,Oklahoma,Rogers,2083,53,0,36.37004357,-95.60406759,40131.0,2252.8904703706507,2.544407105136822,2030,2062,53,0,2009,2040,91984,21,0,0,21,22
2020-10-09,US,Oklahoma,Seminole,605,6,0,35.16478725,-96.61686741,40133.0,2494.022590485613,0.9917355371900828,599,576,6,0,570,559,24578,29,0,0,29,17
2020-10-09,US,Oklahoma,Sequoyah,1038,12,0,35.49447108,-94.75463785,40135.0,2497.0530924486998,1.1560693641618498,1026,1022,12,0,1010,1012,41179,16,0,0,16,10
2020-10-09,US,Oklahoma,Stephens,511,5,0,34.48556989,-97.85141892,40137.0,1184.4331641285955,0.9784735812133072,506,508,5,0,503,489,43265,3,0,0,3,19
2020-10-09,US,Oklahoma,Texas,1656,10,0,36.74777635,-101.4889765,40139.0,8287.043987389281,0.6038647342995169,1646,1650,10,0,1640,1640,20455,6,0,0,6,10
2020-10-09,US,Oklahoma,Tillman,123,2,0,34.37288446,-98.92426619,40141.0,1696.551724137931,1.6260162601626016,121,120,2,0,118,111,7348,3,0,0,3,9
2020-10-09,US,Oklahoma,Tulsa,18812,176,0,36.11939621,-95.94013939,40143.0,2887.2599577623887,0.9355730384860728,18636,18484,175,0,18309,18305,648360,328,1,0,327,179
2020-10-09,US,Oklahoma,Unassigned,33,0,0,0.0,0.0,90040.0,0.0,0.0,33,25,0,0,25,36,,8,0,0,8,-11
2020-10-09,US,Oklahoma,Wagoner,1629,26,0,35.96024096,-95.51911308,40145.0,2003.961175558809,1.5960712093308778,1603,1614,26,0,1588,1604,80110,15,0,0,15,10
2020-10-09,US,Oklahoma,Washington,1090,41,0,36.71380786,-95.90514104,40147.0,2115.3958119044387,3.761467889908257,1049,1073,41,0,1032,1065,51843,17,0,0,17,8
2020-10-09,US,Oklahoma,Washita,118,0,0,35.29071824,-98.99180434,40149.0,1080.98204470502,0.0,118,111,0,0,111,106,11127,7,0,0,7,5
2020-10-09,US,Oklahoma,Woods,120,0,0,36.76705782,-98.86573064,40151.0,1364.721937905152,0.0,120,120,0,0,120,120,8897,0,0,0,0,0
2020-10-09,US,Oklahoma,Woodward,1159,5,0,36.42316318,-99.26283045,40153.0,5734.501014299144,0.4314063848144953,1154,1142,5,0,1137,1138,20222,17,0,0,17,4
2020-10-09,US,Oregon,Baker,107,2,0,44.70915557,-117.6749883,41001.0,663.6070453981642,1.8691588785046729,105,106,2,0,104,105,16006,1,0,0,1,1
2020-10-09,US,Oregon,Benton,378,6,0,44.49167306,-123.4316987,41003.0,406.2201111194696,1.5873015873015872,372,374,6,0,368,363,92101,4,0,0,4,11
2020-10-09,US,Oregon,Clackamas,2676,64,0,45.18787398,-122.2179634,41005.0,639.9051142192368,2.391629297458894,2612,2645,64,0,2581,2616,416075,31,0,0,31,29
2020-10-09,US,Oregon,Clatsop,230,0,0,45.99712889,-123.660711,41007.0,571.7979315831344,0.0,230,228,0,0,228,228,39764,2,0,0,2,0
2020-10-09,US,Oregon,Columbia,225,1,0,45.94464254,-123.08908980000001,41009.0,429.76658899033515,0.4444444444444444,224,224,1,0,223,217,52377,1,0,0,1,7
2020-10-09,US,Oregon,Coos,196,0,0,43.17406868,-124.0594514,41011.0,303.9372276582877,0.0,196,193,0,0,193,192,64389,3,0,0,3,1
2020-10-09,US,Oregon,Crook,64,1,0,44.14230227,-120.356297,41013.0,262.25208982134075,1.5625,63,65,1,0,64,65,23867,-1,0,0,-1,0
2020-10-09,US,Oregon,Curry,35,0,0,42.45911325,-124.15728200000001,41015.0,152.67175572519085,0.0,35,33,0,0,33,32,22813,2,0,0,2,1
2020-10-09,US,Oregon,Deschutes,967,13,0,43.91570171,-121.2289121,41017.0,489.1447301863505,1.3443640124095142,954,954,13,0,941,938,191996,13,0,0,13,16
2020-10-09,US,Oregon,Douglas,281,4,0,43.27941273,-123.16729099999999,41019.0,253.1987745539737,1.4234875444839858,277,275,4,0,271,265,110283,6,0,0,6,10
2020-10-09,US,Oregon,Gilliam,9,0,0,45.37160076,-120.20488689999999,41021.0,470.7112970711297,0.0,9,9,0,0,9,8,1894,0,0,0,0,1
2020-10-09,US,Oregon,Grant,10,0,0,44.49024544,-119.0068631,41023.0,138.90818169190166,0.0,10,10,0,0,10,10,7176,0,0,0,0,0
2020-10-09,US,Oregon,Harney,12,0,0,43.06422669,-118.96663059999999,41025.0,162.31570404436633,0.0,12,12,0,0,12,12,7329,0,0,0,0,0
2020-10-09,US,Oregon,Hood River,265,0,0,45.51872811,-121.65520359999998,41027.0,1133.3504405097938,0.0,265,258,0,0,258,255,23428,7,0,0,7,3
2020-10-09,US,Oregon,Jackson,1335,6,0,42.43201126,-122.72893090000001,41029.0,604.2255051053661,0.44943820224719105,1329,1311,6,0,1305,1295,219564,24,0,0,24,16
2020-10-09,US,Oregon,Jefferson,585,8,0,44.62806839,-121.17832,41031.0,2372.45518695758,1.3675213675213675,577,579,8,0,571,568,24192,6,0,0,6,11
2020-10-09,US,Oregon,Josephine,236,2,0,42.3665549,-123.5561938,41033.0,269.7543635054351,0.8474576271186439,234,229,2,0,227,228,87393,7,0,0,7,1
2020-10-09,US,Oregon,Klamath,369,3,0,42.68762984,-121.64964609999998,41035.0,540.754418359272,0.8130081300813008,366,365,3,0,362,308,67653,4,0,0,4,57
2020-10-09,US,Oregon,Lake,34,0,0,42.79246693,-120.38501629999999,41037.0,432.0752319227348,0.0,34,34,0,0,34,34,7879,0,0,0,0,0
2020-10-09,US,Oregon,Lane,1708,21,0,43.93727035,-122.847753,41039.0,447.0420109561936,1.2295081967213115,1687,1674,20,0,1654,1603,379611,34,1,0,33,71
2020-10-09,US,Oregon,Lincoln,493,13,0,44.64252874,-123.86991200000001,41041.0,986.7499299467596,2.636916835699797,480,492,13,0,479,489,49388,1,0,0,1,3
2020-10-09,US,Oregon,Linn,648,14,0,44.48899494,-122.53731540000001,41043.0,499.42581445714416,2.1604938271604937,634,630,14,0,616,611,127335,18,0,0,18,19
2020-10-09,US,Oregon,Malheur,1758,33,0,43.1937027,-117.62273950000001,41045.0,5750.54790487717,1.877133105802048,1725,1730,33,0,1697,1714,30725,28,0,0,28,16
2020-10-09,US,Oregon,Marion,5106,101,0,44.90287942,-122.58151170000001,41047.0,1468.0091312123004,1.9780650215432825,5005,5059,101,0,4958,5034,346868,47,0,0,47,25
2020-10-09,US,Oregon,Morrow,530,6,0,45.41846568,-119.584546,41049.0,4567.784193742999,1.1320754716981132,524,529,6,0,523,524,11372,1,0,0,1,5
2020-10-09,US,Oregon,Multnomah,7844,146,0,45.54747959,-122.4169351,41051.0,964.9937565740507,1.8612952575216728,7698,7746,145,0,7601,7665,811880,98,1,0,97,81
2020-10-09,US,Oregon,Polk,581,15,0,44.90322804,-123.4128888,41053.0,674.9143288610095,2.5817555938037864,566,574,15,0,559,570,85234,7,0,0,7,4
2020-10-09,US,Oregon,Sherman,18,0,0,45.41501554,-120.6827834,41055.0,1011.2359550561798,0.0,18,18,0,0,18,18,1708,0,0,0,0,0
2020-10-09,US,Oregon,Tillamook,61,0,0,45.46248721,-123.712066,41057.0,225.6250924693002,0.0,61,59,0,0,59,59,26787,2,0,0,2,0
2020-10-09,US,Oregon,Umatilla,3147,42,0,45.59073056,-118.7353826,41059.0,4037.2033354714563,1.334604385128694,3105,3138,42,0,3096,3120,77516,9,0,0,9,18
2020-10-09,US,Oregon,Union,451,2,0,45.30915495,-118.0068979,41061.0,1680.6409539780136,0.4434589800443459,449,449,2,0,447,447,26461,2,0,0,2,2
2020-10-09,US,Oregon,Wallowa,36,1,0,45.57894064,-117.18353799999998,41063.0,499.4450610432852,2.7777777777777777,35,36,1,0,35,36,7081,0,0,0,0,0
2020-10-09,US,Oregon,Wasco,316,14,0,45.16292781,-121.16709540000001,41065.0,1184.3190165654746,4.4303797468354436,302,313,13,0,300,310,26505,3,1,0,2,3
2020-10-09,US,Oregon,Washington,4956,65,0,45.55972701,-123.0955257,41067.0,823.8141464647136,1.3115415657788538,4891,4921,65,0,4856,4863,597695,35,0,0,35,58
2020-10-09,US,Oregon,Yamhill,859,14,0,45.23330449,-123.3086963,41071.0,802.0541549953316,1.6298020954598371,845,844,14,0,830,832,107002,15,0,0,15,12
2020-10-09,US,Pennsylvania,Adams,916,26,0,39.87140411,-77.21610347,42001.0,889.2426875321573,2.838427947598253,890,910,26,0,884,897,102811,6,0,0,6,13
2020-10-09,US,Pennsylvania,Allegheny,13102,371,0,40.46809875,-79.98167747,42003.0,1077.4272333671865,2.8316287589680966,12731,13024,371,0,12653,12897,1218452,78,0,0,78,127
2020-10-09,US,Pennsylvania,Armstrong,494,18,0,40.81665618,-79.46290811,42005.0,763.1111454390979,3.643724696356276,476,484,18,0,466,476,65263,10,0,0,10,8
2020-10-09,US,Pennsylvania,Beaver,2022,133,0,40.6825484,-80.34921611,42007.0,1233.460827553392,6.577645895153314,1889,2007,132,0,1875,1995,164742,15,1,0,14,12
2020-10-09,US,Pennsylvania,Bedford,274,6,0,40.00522157,-78.48998442,42009.0,572.1683929168057,2.18978102189781,268,273,6,0,267,269,48176,1,0,0,1,4
2020-10-09,US,Pennsylvania,Berks,7651,404,0,40.41570541,-75.92457766,42011.0,1816.6320008357789,5.28035550908378,7247,7564,404,0,7160,7489,420152,87,0,0,87,75
2020-10-09,US,Pennsylvania,Blair,844,20,0,40.47961444,-78.34917412,42013.0,692.7742984018582,2.3696682464454977,824,837,19,0,818,827,122492,7,1,0,6,10
2020-10-09,US,Pennsylvania,Bradford,291,6,0,41.78869215,-76.51570822,42015.0,482.4030635081146,2.061855670103093,285,279,6,0,273,274,60833,12,0,0,12,5
2020-10-09,US,Pennsylvania,Bucks,9248,621,0,40.33682119,-75.10836643,42017.0,1471.978607923345,6.714965397923876,8627,9172,621,0,8551,9136,628195,76,0,0,76,36
2020-10-09,US,Pennsylvania,Butler,1222,25,0,40.91152759,-79.91351055,42019.0,650.5086423959159,2.0458265139116203,1197,1199,25,0,1174,1175,187888,23,0,0,23,24
2020-10-09,US,Pennsylvania,Cambria,728,7,0,40.49527404,-78.71377428,42021.0,559.1741428044734,0.9615384615384616,721,705,7,0,698,701,131730,23,0,0,23,4
2020-10-09,US,Pennsylvania,Cameron,8,0,0,41.43625568,-78.20376845,42023.0,179.89655947830002,0.0,8,8,0,0,8,8,4492,0,0,0,0,0
2020-10-09,US,Pennsylvania,Carbon,496,29,0,40.91545395,-75.7068525,42025.0,772.8023433361377,5.846774193548387,467,492,29,0,463,485,64227,4,0,0,4,7
2020-10-09,US,Pennsylvania,Centre,3322,12,0,40.92058903,-77.82200624,42027.0,2045.7554577085325,0.3612281757977122,3310,3291,12,0,3279,3197,162805,31,0,0,31,94
2020-10-09,US,Pennsylvania,Chester,7285,374,0,39.97291773,-75.74768357,42029.0,1387.6481221511303,5.133836650652023,6911,7243,371,0,6872,7202,522046,42,3,0,39,41
2020-10-09,US,Pennsylvania,Clarion,154,3,0,41.19265812,-79.42413524,42031.0,400.6451948592538,1.9480519480519483,151,150,3,0,147,145,38779,4,0,0,4,5
2020-10-09,US,Pennsylvania,Clearfield,353,7,0,41.00110782,-78.47592663,42033.0,445.39776670241633,1.9830028328611895,346,350,7,0,343,349,79388,3,0,0,3,1
2020-10-09,US,Pennsylvania,Clinton,223,6,0,41.23255967,-77.63785995,42035.0,577.2416649409815,2.690582959641256,217,219,6,0,213,218,38684,4,0,0,4,1
2020-10-09,US,Pennsylvania,Columbia,989,36,0,41.04821986,-76.40565017,42037.0,1522.3816267471216,3.6400404448938324,953,976,36,0,940,966,65456,13,0,0,13,10
2020-10-09,US,Pennsylvania,Crawford,336,3,0,41.68447709,-80.10760592,42039.0,397.02702383343774,0.8928571428571429,333,334,3,0,331,332,85063,2,0,0,2,2
2020-10-09,US,Pennsylvania,Cumberland,2049,77,0,40.1625372,-77.26130755,42041.0,808.6987409717015,3.7579306979014153,1972,2021,77,0,1944,2004,251423,28,0,0,28,17
2020-10-09,US,Pennsylvania,Dauphin,4093,183,0,40.41377078,-76.77993242,42043.0,1470.7203403533608,4.47104813095529,3910,4048,183,0,3865,4013,277097,45,0,0,45,35
2020-10-09,US,Pennsylvania,Delaware,11963,759,0,39.91680171,-75.40243663,42045.0,2110.8184075081117,6.344562400735603,11204,11912,758,0,11154,11857,564751,51,1,0,50,55
2020-10-09,US,Pennsylvania,Elk,81,2,0,41.42822061,-78.64524744,42047.0,270.8124373119358,2.469135802469136,79,81,2,0,79,78,30169,0,0,0,0,3
2020-10-09,US,Pennsylvania,Erie,1730,39,0,41.99253829,-80.03301954,42049.0,641.3868786332897,2.2543352601156066,1691,1707,39,0,1668,1694,272061,23,0,0,23,13
2020-10-09,US,Pennsylvania,Fayette,855,8,0,39.92041012,-79.64291195,42051.0,661.3858935284743,0.935672514619883,847,850,8,0,842,849,130441,5,0,0,5,1
2020-10-09,US,Pennsylvania,Forest,15,1,0,41.51095103,-79.23229292,42053.0,206.9821995308404,6.666666666666668,14,15,1,0,14,15,7279,0,0,0,0,0
2020-10-09,US,Pennsylvania,Franklin,1875,52,0,39.92956518,-77.72157791,42055.0,1209.4667380520814,2.773333333333333,1823,1869,52,0,1817,1855,154835,6,0,0,6,14
2020-10-09,US,Pennsylvania,Fulton,57,2,0,39.92913544,-78.11163677,42057.0,392.2918100481762,3.5087719298245608,55,57,2,0,55,56,14523,0,0,0,0,1
2020-10-09,US,Pennsylvania,Greene,199,1,0,39.85746531,-80.22357106,42059.0,549.2230839290149,0.5025125628140703,198,198,1,0,197,197,36506,1,0,0,1,1
2020-10-09,US,Pennsylvania,Huntingdon,509,6,0,40.42162652,-77.97673273,42061.0,1127.5031011873118,1.1787819253438114,503,500,6,0,494,494,45168,9,0,0,9,6
2020-10-09,US,Pennsylvania,Indiana,843,14,0,40.65241041,-79.08963285,42063.0,1002.7000344938327,1.6607354685646498,829,819,13,0,806,813,84501,24,1,0,23,6
2020-10-09,US,Pennsylvania,Jefferson,126,3,0,41.12913106,-78.9986361,42065.0,290.15544041450784,2.380952380952381,123,126,3,0,123,123,43641,0,0,0,0,3
2020-10-09,US,Pennsylvania,Juniata,200,8,0,40.53358749,-77.39975129999998,42067.0,807.6565844203045,4.0,192,199,8,0,191,199,24704,1,0,0,1,0
2020-10-09,US,Pennsylvania,Lackawanna,2844,217,0,41.43564672,-75.60379201,42069.0,1356.3913503820215,7.630098452883263,2627,2799,216,0,2583,2769,210793,45,1,0,44,30
2020-10-09,US,Pennsylvania,Lancaster,8421,462,0,40.03904563,-76.24770128,42071.0,1543.0877146689536,5.486284289276808,7959,8368,462,0,7906,8317,543557,53,0,0,53,51
2020-10-09,US,Pennsylvania,Lawrence,602,23,0,40.99206278,-80.33393706,42073.0,703.9947609692207,3.8205980066445178,579,593,23,0,570,568,86184,9,0,0,9,25
2020-10-09,US,Pennsylvania,Lebanon,2265,63,0,40.36680311,-76.45651841,42075.0,1597.3990253397558,2.7814569536423845,2202,2245,62,0,2183,2211,141314,20,1,0,19,34
2020-10-09,US,Pennsylvania,Lehigh,5901,357,0,40.6154815,-75.59435245,42077.0,1597.8100173833932,6.049822064056939,5544,5875,357,0,5518,5850,368100,26,0,0,26,25
2020-10-09,US,Pennsylvania,Luzerne,4305,190,0,41.17823008,-75.98447579,42079.0,1356.260061685417,4.413472706155633,4115,4277,190,0,4087,4252,317646,28,0,0,28,25
2020-10-09,US,Pennsylvania,Lycoming,807,26,0,41.34310539,-77.06629984,42081.0,712.2746008349588,3.2218091697645597,781,795,26,0,769,771,113664,12,0,0,12,24
2020-10-09,US,Pennsylvania,McKean,66,2,0,41.80938602,-78.56478358,42083.0,162.46153846153842,3.0303030303030303,64,66,2,0,64,63,40968,0,0,0,0,3
2020-10-09,US,Pennsylvania,Mercer,802,24,0,41.30248872,-80.25816981,42085.0,732.9287907588829,2.9925187032418954,778,797,24,0,773,785,110683,5,0,0,5,12
2020-10-09,US,Pennsylvania,Mifflin,260,2,0,40.61116939,-77.61070738,42087.0,563.5268108717328,0.7692307692307693,258,257,2,0,255,252,46222,3,0,0,3,5
2020-10-09,US,Pennsylvania,Monroe,1852,134,0,41.05934058,-75.34031025,42089.0,1087.6778782059191,7.235421166306695,1718,1848,134,0,1714,1846,169507,4,0,0,4,2
2020-10-09,US,Pennsylvania,Montgomery,12703,886,0,40.21053671,-75.36652296,42091.0,1528.7965676392892,6.974730378650713,11817,12645,886,0,11759,12591,828604,58,0,0,58,54
2020-10-09,US,Pennsylvania,Montour,233,5,0,41.03023987,-76.66345939,42093.0,1278.1130005485466,2.145922746781116,228,226,5,0,221,219,18240,7,0,0,7,7
2020-10-09,US,Pennsylvania,Northampton,4737,307,0,40.75182733,-75.30471829,42095.0,1551.664837774539,6.480895081275069,4430,4714,307,0,4407,4684,304807,23,0,0,23,30
2020-10-09,US,Pennsylvania,Northumberland,1249,74,0,40.84785433,-76.70798222,42097.0,1374.8995519742853,5.924739791833468,1175,1227,73,0,1154,1211,91083,22,1,0,21,16
2020-10-09,US,Pennsylvania,Perry,260,6,0,40.40206612,-77.26297447,42099.0,561.8948824343015,2.3076923076923075,254,257,6,0,251,255,46139,3,0,0,3,2
2020-10-09,US,Pennsylvania,Philadelphia,38767,1830,0,40.00338507,-75.1379271,42101.0,2447.3127348389958,4.720509711868342,36937,38515,1817,0,36698,38264,1584138,252,13,0,239,251
2020-10-09,US,Pennsylvania,Pike,601,22,0,41.33155042,-75.03208106,42103.0,1076.8872404092529,3.6605657237936766,579,600,22,0,578,597,55933,1,0,0,1,3
2020-10-09,US,Pennsylvania,Potter,35,0,0,41.74471626,-77.89559864,42105.0,211.78748638509015,0.0,35,34,0,0,34,34,16622,1,0,0,1,0
2020-10-09,US,Pennsylvania,Schuylkill,1342,62,0,40.70497338,-76.2150785,42107.0,949.3558952737357,4.619970193740684,1280,1320,61,0,1259,1308,142067,22,1,0,21,12
2020-10-09,US,Pennsylvania,Snyder,419,10,0,40.77129231,-77.06840691,42109.0,1037.848013474685,2.386634844868735,409,408,10,0,398,407,40540,11,0,0,11,1
2020-10-09,US,Pennsylvania,Somerset,261,3,0,39.97172723,-79.02699593,42111.0,355.3582855664629,1.1494252873563218,258,259,3,0,256,246,73952,2,0,0,2,13
2020-10-09,US,Pennsylvania,Sullivan,15,0,0,41.44634738,-76.51246591,42113.0,247.27992087042526,0.0,15,15,0,0,15,15,6071,0,0,0,0,0
2020-10-09,US,Pennsylvania,Susquehanna,325,28,0,41.82147784,-75.80071959,42115.0,805.8916881571118,8.615384615384615,297,320,28,0,292,312,40589,5,0,0,5,8
2020-10-09,US,Pennsylvania,Tioga,104,3,0,41.77255149,-77.25433032,42117.0,256.2144317705896,2.8846153846153846,101,103,3,0,100,102,40763,1,0,0,1,1
2020-10-09,US,Pennsylvania,Union,586,7,0,40.96188846,-77.05996014,42119.0,1304.454288449124,1.1945392491467577,579,577,7,0,570,576,44785,9,0,0,9,1
2020-10-09,US,Pennsylvania,Venango,113,1,0,41.40323442,-79.75845449,42121.0,223.02044683034657,0.8849557522123894,112,110,1,0,109,104,51266,3,0,0,3,6
2020-10-09,US,Pennsylvania,Warren,50,1,0,41.81304978,-79.26969577,42123.0,127.58031180628204,2.0,49,46,1,0,45,46,39498,4,0,0,4,0
2020-10-09,US,Pennsylvania,Washington,1494,30,0,40.19208869,-80.24582867,42125.0,722.2101370458995,2.0080321285140563,1464,1484,30,0,1454,1469,207346,10,0,0,10,15
2020-10-09,US,Pennsylvania,Wayne,263,12,0,41.64938475,-75.29956506,42127.0,512.0616810420357,4.56273764258555,251,260,12,0,248,260,51276,3,0,0,3,0
2020-10-09,US,Pennsylvania,Westmoreland,2680,59,0,40.31377979999999,-79.46615476,42129.0,768.1306051321443,2.201492537313433,2621,2608,59,0,2549,2539,350611,72,0,0,72,69
2020-10-09,US,Pennsylvania,Wyoming,81,8,0,41.51955538,-76.01074915,42131.0,302.30648652683436,9.876543209876543,73,81,8,0,73,80,27046,0,0,0,0,1
2020-10-09,US,Pennsylvania,York,5333,176,0,39.9210089,-76.73040131,42133.0,1187.5971478071874,3.3002062628914306,5157,5300,176,0,5124,5239,448273,33,0,0,33,61
2020-10-09,US,Puerto Rico,Adjuntas,161,0,0,18.180117000000006,-66.754367,72001.0,826.3614433095519,0.0,161,160,0,0,160,159,,1,0,0,1,1
2020-10-09,US,Puerto Rico,Aguada,374,0,0,18.360255,-67.17513100000001,72003.0,891.3463142591577,0.0,374,372,0,0,372,371,,2,0,0,2,1
2020-10-09,US,Puerto Rico,Aguadilla,458,0,0,18.459681,-67.12081500000001,72005.0,751.4479318774713,0.0,458,451,0,0,451,450,,7,0,0,7,1
2020-10-09,US,Puerto Rico,Aguas Buenas,311,0,0,18.251619,-66.126806,72007.0,1085.1739418681739,0.0,311,307,0,0,307,306,,4,0,0,4,1
2020-10-09,US,Puerto Rico,Aibonito,164,0,0,18.131361,-66.264131,72009.0,633.2046332046333,0.0,164,164,0,0,164,162,,0,0,0,0,2
2020-10-09,US,Puerto Rico,Anasco,235,0,0,18.287985,-67.120611,72011.0,803.1167765968352,0.0,235,231,0,0,231,230,,4,0,0,4,1
2020-10-09,US,Puerto Rico,Arecibo,939,0,0,18.406631,-66.675077,72013.0,973.6623807548737,0.0,939,929,0,0,929,917,,10,0,0,10,12
2020-10-09,US,Puerto Rico,Arroyo,179,0,0,17.998457000000005,-66.056546,72015.0,914.4316730523628,0.0,179,178,0,0,178,178,,1,0,0,1,0
2020-10-09,US,Puerto Rico,Barceloneta,279,0,0,18.445532999999998,-66.56053100000001,72017.0,1124.2746615087042,0.0,279,277,0,0,277,275,,2,0,0,2,2
2020-10-09,US,Puerto Rico,Barranquitas,510,0,0,18.201592,-66.30963,72019.0,1682.1690085097962,0.0,510,507,0,0,507,504,,3,0,0,3,3
2020-10-09,US,Puerto Rico,Bayamon,4138,0,0,18.34946,-66.168435,72021.0,1988.3142093832287,0.0,4138,4093,0,0,4093,4058,,45,0,0,45,35
2020-10-09,US,Puerto Rico,Cabo Rojo,372,0,0,18.040993,-67.154391,72023.0,730.6007816642772,0.0,372,368,0,0,368,362,,4,0,0,4,6
2020-10-09,US,Puerto Rico,Caguas,1790,0,0,18.211615,-66.050779,72025.0,1252.685575920444,0.0,1790,1766,0,0,1766,1737,,24,0,0,24,29
2020-10-09,US,Puerto Rico,Camuy,326,0,0,18.418578,-66.860206,72027.0,927.2163599647316,0.0,326,320,0,0,320,317,,6,0,0,6,3
2020-10-09,US,Puerto Rico,Canovanas,766,0,0,18.328802,-65.887612,72029.0,1607.622565480188,0.0,766,763,0,0,763,757,,3,0,0,3,6
2020-10-09,US,Puerto Rico,Carolina,3185,0,0,18.374986,-65.95683100000001,72031.0,1801.8578653783054,0.0,3185,3145,0,0,3145,3121,,40,0,0,40,24
2020-10-09,US,Puerto Rico,Catano,511,0,0,18.437269,-66.14330600000001,72033.0,1815.9203980099505,0.0,511,508,0,0,508,501,,3,0,0,3,7
2020-10-09,US,Puerto Rico,Cayey,394,0,0,18.102851,-66.14914,72035.0,818.8033832789544,0.0,394,390,0,0,390,388,,4,0,0,4,2
2020-10-09,US,Puerto Rico,Ceiba,153,0,0,18.251818,-65.666416,72037.0,1122.4414936541707,0.0,153,153,0,0,153,148,,0,0,0,0,5
2020-10-09,US,Puerto Rico,Ciales,300,0,0,18.28885,-66.516475,72039.0,1597.2739857310196,0.0,300,294,0,0,294,293,,6,0,0,6,1
2020-10-09,US,Puerto Rico,Cidra,365,0,0,18.173559,-66.161179,72041.0,839.4664213431462,0.0,365,364,0,0,364,361,,1,0,0,1,3
2020-10-09,US,Puerto Rico,Coamo,324,0,0,18.097597,-66.36014,72043.0,799.7630331753554,0.0,324,324,0,0,324,320,,0,0,0,0,4
2020-10-09,US,Puerto Rico,Comerio,264,0,0,18.224687,-66.221622,72045.0,1270.5746462604675,0.0,264,262,0,0,262,261,,2,0,0,2,1
2020-10-09,US,Puerto Rico,Corozal,700,0,0,18.304264,-66.327738,72047.0,1884.6588767433093,0.0,700,697,0,0,697,689,,3,0,0,3,8
2020-10-09,US,Puerto Rico,Culebra,22,0,0,18.31586,-65.28813000000001,72049.0,1210.1210121012102,0.0,22,22,0,0,22,22,,0,0,0,0,0
2020-10-09,US,Puerto Rico,Dorado,871,0,0,18.436115,-66.278669,72051.0,2282.1957290711384,0.0,871,859,0,0,859,857,,12,0,0,12,2
2020-10-09,US,Puerto Rico,Fajardo,613,0,0,18.318373,-65.666866,72053.0,1657.0702565350202,0.0,613,605,0,0,605,603,,8,0,0,8,2
2020-10-09,US,Puerto Rico,Florida,350,0,0,18.373715,-66.560488,72054.0,2760.2523659305994,0.0,350,350,0,0,350,347,,0,0,0,0,3
2020-10-09,US,Puerto Rico,Guanica,118,0,0,17.982429,-66.91964300000001,72055.0,607.4020692850157,0.0,118,118,0,0,118,117,,0,0,0,0,1
2020-10-09,US,Puerto Rico,Guayama,332,0,0,18.007516,-66.13390799999999,72057.0,731.8901283012214,0.0,332,331,0,0,331,322,,1,0,0,1,9
2020-10-09,US,Puerto Rico,Guayanilla,204,0,0,18.039942,-66.79186,72059.0,945.2759371669524,0.0,204,202,0,0,202,201,,2,0,0,2,1
2020-10-09,US,Puerto Rico,Guaynabo,1929,0,0,18.345114000000002,-66.11452299999999,72061.0,1969.8950206282425,0.0,1929,1906,0,0,1906,1890,,23,0,0,23,16
2020-10-09,US,Puerto Rico,Gurabo,610,0,0,18.266461,-65.97970500000001,72063.0,1344.5304062245145,0.0,610,602,0,0,602,595,,8,0,0,8,7
2020-10-09,US,Puerto Rico,Hatillo,364,0,0,18.410928,-66.79632600000001,72065.0,867.6375944509332,0.0,364,361,0,0,361,349,,3,0,0,3,12
2020-10-09,US,Puerto Rico,Hormigueros,187,0,0,18.134532,-67.113972,72067.0,1084.0579710144928,0.0,187,185,0,0,185,183,,2,0,0,2,2
2020-10-09,US,Puerto Rico,Humacao,646,0,0,18.145211,-65.810174,72069.0,1104.9156774877706,0.0,646,638,0,0,638,627,,8,0,0,8,11
2020-10-09,US,Puerto Rico,Isabela,306,0,0,18.44981,-67.005093,72071.0,670.5967434419582,0.0,306,296,0,0,296,292,,10,0,0,10,4
2020-10-09,US,Puerto Rico,Jayuya,259,0,0,18.211446,-66.58878,72073.0,1556.3033289268114,0.0,259,256,0,0,256,253,,3,0,0,3,3
2020-10-09,US,Puerto Rico,Juana Diaz,380,0,0,18.050764,-66.49458100000001,72075.0,475.61235090178604,0.0,380,379,0,0,379,377,,1,0,0,1,2
2020-10-09,US,Puerto Rico,Juncos,462,0,0,18.223793,-65.909109,72077.0,1146.6865227103501,0.0,462,454,0,0,454,446,,8,0,0,8,8
2020-10-09,US,Puerto Rico,Lajas,182,0,0,18.011661,-67.040585,72079.0,706.7137809187277,0.0,182,182,0,0,182,182,,0,0,0,0,0
2020-10-09,US,Puerto Rico,Lares,375,0,0,18.269035000000002,-66.867236,72081.0,1219.3932299287876,0.0,375,371,0,0,371,365,,4,0,0,4,6
2020-10-09,US,Puerto Rico,Las Marias,114,0,0,18.23679,-66.98362,72083.0,1153.7293796174474,0.0,114,114,0,0,114,113,,0,0,0,0,1
2020-10-09,US,Puerto Rico,Las Piedras,549,0,0,18.187527,-65.86946800000001,72085.0,1419.5216548157723,0.0,549,543,0,0,543,535,,6,0,0,6,8
2020-10-09,US,Puerto Rico,Loiza,308,0,0,18.425688,-65.89943000000001,72087.0,1024.6174318030603,0.0,308,304,0,0,304,303,,4,0,0,4,1
2020-10-09,US,Puerto Rico,Luquillo,279,0,0,18.342114000000002,-65.72509699999999,72089.0,1390.2730715567072,0.0,279,279,0,0,279,278,,0,0,0,0,1
2020-10-09,US,Puerto Rico,Manati,641,0,0,18.420473,-66.490461,72091.0,1453.0863917665995,0.0,641,624,0,0,624,619,,17,0,0,17,5
2020-10-09,US,Puerto Rico,Maricao,88,0,0,18.171795,-66.942126,72093.0,1402.1669853409815,0.0,88,88,0,0,88,87,,0,0,0,0,1
2020-10-09,US,Puerto Rico,Maunabo,151,0,0,18.017889,-65.922235,72095.0,1235.1738241308794,0.0,151,146,0,0,146,142,,5,0,0,5,4
2020-10-09,US,Puerto Rico,Mayaguez,885,0,0,18.2013,-67.1452,72097.0,993.4889986528964,0.0,885,879,0,0,879,870,,6,0,0,6,9
2020-10-09,US,Puerto Rico,Moca,390,0,0,18.377805,-67.080952,72099.0,972.3503453090327,0.0,390,384,0,0,384,380,,6,0,0,6,4
2020-10-09,US,Puerto Rico,Morovis,566,0,0,18.316963,-66.420383,72101.0,1735.6639067770623,0.0,566,560,0,0,560,553,,6,0,0,6,7
2020-10-09,US,Puerto Rico,Naguabo,277,0,0,18.230636999999998,-65.753897,72103.0,1036.6766467065868,0.0,277,271,0,0,271,268,,6,0,0,6,3
2020-10-09,US,Puerto Rico,Naranjito,722,0,0,18.288019,-66.252703,72105.0,2374.843760278929,0.0,722,713,0,0,713,709,,9,0,0,9,4
2020-10-09,US,Puerto Rico,Orocovis,378,0,0,18.215046,-66.433604,72107.0,1613.7984032788283,0.0,378,375,0,0,375,374,,3,0,0,3,1
2020-10-09,US,Puerto Rico,Out of PR,804,0,0,0.0,0.0,72888.0,0.0,0.0,804,804,0,0,804,804,,0,0,0,0,0
2020-10-09,US,Puerto Rico,Patillas,185,0,0,18.03174,-66.012242,72109.0,959.6928982725528,0.0,185,184,0,0,184,183,,1,0,0,1,1
2020-10-09,US,Puerto Rico,Penuelas,128,0,0,18.059645,-66.721572,72111.0,527.1394448562721,0.0,128,127,0,0,127,126,,1,0,0,1,1
2020-10-09,US,Puerto Rico,Ponce,1011,0,0,18.059498,-66.613748,72113.0,607.8387754243147,0.0,1011,1007,0,0,1007,999,,4,0,0,4,8
2020-10-09,US,Puerto Rico,Quebradillas,213,0,0,18.439692,-66.926113,72115.0,821.7909641575677,0.0,213,208,0,0,208,199,,5,0,0,5,9
2020-10-09,US,Puerto Rico,Rincon,222,0,0,18.335442999999998,-67.23174,72117.0,1460.526315789474,0.0,222,219,0,0,219,216,,3,0,0,3,3
2020-10-09,US,Puerto Rico,Rio Grande,683,0,0,18.346329,-65.813742,72119.0,1257.734236888627,0.0,683,676,0,0,676,667,,7,0,0,7,9
2020-10-09,US,Puerto Rico,Sabana Grande,209,0,0,18.08282,-66.943758,72121.0,827.2313477142293,0.0,209,209,0,0,209,209,,0,0,0,0,0
2020-10-09,US,Puerto Rico,Salinas,475,0,0,18.010386999999994,-66.256592,72123.0,1528.4123817491472,0.0,475,470,0,0,470,469,,5,0,0,5,1
2020-10-09,US,Puerto Rico,San German,276,0,0,18.111484,-67.03858100000001,72125.0,776.8739268725195,0.0,276,275,0,0,275,273,,1,0,0,1,2
2020-10-09,US,Puerto Rico,San Juan,8582,0,0,18.386933,-66.061128,72127.0,2170.8665759398573,0.0,8582,8459,0,0,8459,8360,,123,0,0,123,99
2020-10-09,US,Puerto Rico,San Lorenzo,577,0,0,18.147987,-65.976392,72129.0,1405.329046714404,0.0,577,572,0,0,572,566,,5,0,0,5,6
2020-10-09,US,Puerto Rico,San Sebastian,506,0,0,18.328646,-66.971214,72131.0,1192.5524393118076,0.0,506,492,0,0,492,490,,14,0,0,14,2
2020-10-09,US,Puerto Rico,Santa Isabel,194,0,0,17.994525,-66.388913,72133.0,833.5481653347083,0.0,194,190,0,0,190,189,,4,0,0,4,1
2020-10-09,US,Puerto Rico,Toa Alta,1427,0,0,18.362406,-66.246616,72135.0,1926.6600059406478,0.0,1427,1417,0,0,1417,1405,,10,0,0,10,12
2020-10-09,US,Puerto Rico,Toa Baja,1589,0,0,18.431445999999998,-66.213553,72137.0,1773.2593824281046,0.0,1589,1572,0,0,1572,1554,,17,0,0,17,18
2020-10-09,US,Puerto Rico,Trujillo Alto,1238,0,0,18.336159,-65.99888399999999,72139.0,1654.1514123085967,0.0,1238,1223,0,0,1223,1202,,15,0,0,15,21
2020-10-09,US,Puerto Rico,Unassigned,666,720,0,0.0,0.0,72999.0,0.0,108.10810810810813,-54,651,715,0,-64,635,,15,5,0,10,16
2020-10-09,US,Puerto Rico,Utuado,176,0,0,18.271214,-66.702984,72141.0,530.9360765030619,0.0,176,172,0,0,172,171,,4,0,0,4,1
2020-10-09,US,Puerto Rico,Vega Alta,825,0,0,18.409346,-66.33725,72143.0,2065.029661335136,0.0,825,819,0,0,819,816,,6,0,0,6,3
2020-10-09,US,Puerto Rico,Vega Baja,1059,0,0,18.428262,-66.397924,72145.0,1774.999161945627,0.0,1059,1045,0,0,1045,1040,,14,0,0,14,5
2020-10-09,US,Puerto Rico,Vieques,98,0,0,18.123276,-65.44097099999999,72147.0,1053.6501451456834,0.0,98,97,0,0,97,97,,1,0,0,1,0
2020-10-09,US,Puerto Rico,Villalba,157,0,0,18.127951,-66.473115,72149.0,602.1554865186207,0.0,157,157,0,0,157,156,,0,0,0,0,1
2020-10-09,US,Puerto Rico,Yabucoa,402,0,0,18.070399,-65.896289,72151.0,1059.539811813078,0.0,402,395,0,0,395,386,,7,0,0,7,9
2020-10-09,US,Puerto Rico,Yauco,434,0,0,18.080374,-66.858814,72153.0,1032.2764788430893,0.0,434,434,0,0,434,432,,0,0,0,0,2
2020-10-09,US,Rhode Island,Bristol,430,0,0,41.71018079,-71.28652315,44001.0,886.9819922028095,0.0,430,430,0,0,430,430,48649,0,0,0,0,0
2020-10-09,US,Rhode Island,Kent,2018,0,0,41.67106337,-71.57641596,44003.0,1228.3008302291043,0.0,2018,2018,0,0,2018,2018,163861,0,0,0,0,0
2020-10-09,US,Rhode Island,Newport,545,0,0,41.5642026,-71.26569799,44005.0,663.9701761652982,0.0,545,545,0,0,545,545,82542,0,0,0,0,0
2020-10-09,US,Rhode Island,Providence,19636,0,0,41.87064746,-71.57753536,44007.0,3073.258301757153,0.0,19636,19636,0,0,19636,19636,636084,0,0,0,0,0
2020-10-09,US,Rhode Island,Unassigned,2710,1130,0,0.0,0.0,90044.0,0.0,41.69741697416974,1580,2461,1127,0,1334,2192,,249,3,0,246,269
2020-10-09,US,Rhode Island,Washington,955,0,0,41.45961631,-71.61435303,44009.0,760.4895800982664,0.0,955,955,0,0,955,955,126179,0,0,0,0,0
2020-10-09,US,South Carolina,Abbeville,687,15,0,34.22333378,-82.46170658,45001.0,2800.9948220328606,2.183406113537118,672,672,15,0,657,662,24541,15,0,0,15,10
2020-10-09,US,South Carolina,Aiken,4474,85,0,33.54338026,-81.63645384,45003.0,2618.3341916756403,1.8998658918194007,4389,4462,85,0,4377,4432,169401,12,0,0,12,30
2020-10-09,US,South Carolina,Allendale,408,6,0,32.98837386,-81.35321066,45005.0,4696.132596685083,1.4705882352941178,402,410,6,0,404,408,8903,-2,0,0,-2,2
2020-10-09,US,South Carolina,Anderson,4935,187,0,34.51828081,-82.63959517,45007.0,2436.3392213588213,3.7892603850050657,4748,4893,187,0,4706,4837,200482,42,0,0,42,56
2020-10-09,US,South Carolina,Bamberg,657,35,0,33.21927586,-81.05659969,45009.0,4670.8374804493105,5.327245053272451,622,656,35,0,621,655,14275,1,0,0,1,1
2020-10-09,US,South Carolina,Barnwell,778,17,0,33.26679302,-81.43584352,45011.0,3728.553627911435,2.185089974293059,761,775,17,0,758,777,21112,3,0,0,3,-2
2020-10-09,US,South Carolina,Beaufort,5844,88,0,32.39226291,-80.72619758,45013.0,3041.8171786677217,1.5058179329226558,5756,5830,87,0,5743,5796,188715,14,1,0,13,34
2020-10-09,US,South Carolina,Berkeley,5626,91,0,33.20222596,-79.94654523,45015.0,2468.550768515228,1.6174902239601852,5535,5608,90,0,5518,5592,221091,18,1,0,17,16
2020-10-09,US,South Carolina,Calhoun,485,17,0,33.66926881,-80.77722168,45017.0,3332.646189789047,3.5051546391752577,468,482,17,0,465,482,14520,3,0,0,3,0
2020-10-09,US,South Carolina,Charleston,16178,269,0,32.82487866,-79.96512315,45019.0,3932.368511883638,1.6627518852763012,15909,16141,269,0,15872,16100,405905,37,0,0,37,41
2020-10-09,US,South Carolina,Cherokee,1284,44,0,35.05122251,-81.61828622,45021.0,2240.8376963350784,3.4267912772585665,1240,1275,43,0,1232,1262,57078,9,1,0,8,13
2020-10-09,US,South Carolina,Chester,1109,22,0,34.69249168,-81.1583216,45023.0,3439.3995782161023,1.9837691614066728,1087,1089,22,0,1067,1080,32251,20,0,0,20,9
2020-10-09,US,South Carolina,Chesterfield,1321,38,0,34.64137396,-80.15640140000002,45025.0,2893.756845564075,2.8766086298258893,1283,1316,38,0,1278,1294,45754,5,0,0,5,22
2020-10-09,US,South Carolina,Clarendon,1120,67,0,33.66610974,-80.21647898,45027.0,3319.01022373685,5.982142857142858,1053,1120,67,0,1053,1118,33700,0,0,0,0,2
2020-10-09,US,South Carolina,Colleton,1122,42,0,32.87582989,-80.67641292,45029.0,2977.9441038299237,3.7433155080213902,1080,1112,42,0,1070,1101,37660,10,0,0,10,11
2020-10-09,US,South Carolina,Darlington,2218,61,0,34.33358335,-79.96027485,45031.0,3329.4304842535053,2.7502254283137963,2157,2200,61,0,2139,2185,66802,18,0,0,18,15
2020-10-09,US,South Carolina,Dillon,1167,44,0,34.39007791,-79.37741872,45033.0,3828.8657764362347,3.770351328191945,1123,1153,44,0,1109,1145,30599,14,0,0,14,8
2020-10-09,US,South Carolina,Dorchester,4375,91,0,33.0794369,-80.40502652,45035.0,2687.197882180961,2.08,4284,4352,91,0,4261,4321,160647,23,0,0,23,31
2020-10-09,US,South Carolina,Edgefield,837,19,0,33.77221995,-81.96231108,45037.0,3070.432868672048,2.2700119474313016,818,834,19,0,815,836,27052,3,0,0,3,-2
2020-10-09,US,South Carolina,Fairfield,810,37,0,34.39287073,-81.1195624,45039.0,3624.647603705195,4.567901234567901,773,808,37,0,771,802,22402,2,0,0,2,6
2020-10-09,US,South Carolina,Florence,5148,198,0,34.02361754,-79.70189312,45041.0,3722.5311476358174,3.8461538461538463,4950,5136,197,0,4939,5118,138159,12,1,0,11,18
2020-10-09,US,South Carolina,Georgetown,1974,44,0,33.43443342,-79.33202141,45043.0,3149.3299298021698,2.2289766970618032,1930,1964,44,0,1920,1951,62249,10,0,0,10,13
2020-10-09,US,South Carolina,Greenville,15395,323,0,34.89502264,-82.37295012,45045.0,2940.5472722341283,2.0980837934394283,15072,15245,319,0,14926,15136,514213,150,4,0,146,109
2020-10-09,US,South Carolina,Greenwood,2363,73,0,34.15272415,-82.12715789,45047.0,3337.0521529140947,3.0892932712653405,2290,2356,73,0,2283,2340,70741,7,0,0,7,16
2020-10-09,US,South Carolina,Hampton,711,28,0,32.77419582,-81.13845571,45049.0,3698.8866923317028,3.938115330520394,683,709,27,0,682,704,19351,2,1,0,1,5
2020-10-09,US,South Carolina,Horry,11045,204,0,33.9212828,-78.99555293,45051.0,3119.342749257938,1.846989588048891,10841,10972,204,0,10768,10863,344147,73,0,0,73,109
2020-10-09,US,South Carolina,Jasper,850,23,0,32.43171982,-81.02487495,45053.0,2826.455624646693,2.7058823529411766,827,842,23,0,819,839,28971,8,0,0,8,3
2020-10-09,US,South Carolina,Kershaw,2172,38,0,34.33988254,-80.58763164,45055.0,3263.6624543583116,1.7495395948434622,2134,2152,38,0,2114,2140,65592,20,0,0,20,12
2020-10-09,US,South Carolina,Lancaster,2304,56,0,34.68270843,-80.70513032,45057.0,2350.7325633595888,2.430555555555556,2248,2288,56,0,2232,2268,95380,16,0,0,16,20
2020-10-09,US,South Carolina,Laurens,1759,58,0,34.48244419,-82.00490796,45059.0,2606.19619812425,3.297328027288232,1701,1753,58,0,1695,1748,66994,6,0,0,6,5
2020-10-09,US,South Carolina,Lee,727,35,0,34.16393091,-80.25690731,45061.0,4320.18065129546,4.814305364511691,692,724,35,0,689,722,17142,3,0,0,3,2
2020-10-09,US,South Carolina,Lexington,7986,178,0,33.89665987,-81.27146426,45063.0,2673.1380753138073,2.228900576008014,7808,7943,178,0,7765,7885,295032,43,0,0,43,58
2020-10-09,US,South Carolina,Marion,975,31,0,34.07859748,-79.36400756,45067.0,3180.3503278207263,3.1794871794871797,944,961,31,0,930,946,31039,14,0,0,14,15
2020-10-09,US,South Carolina,Marlboro,997,12,0,34.59905577,-79.67561152,45069.0,3817.290757332108,1.2036108324974926,985,991,11,0,980,984,26398,6,1,0,5,7
2020-10-09,US,South Carolina,McCormick,250,7,0,33.90161443,-82.30794338,45065.0,2641.8683292824685,2.8,243,252,7,0,245,247,9410,-2,0,0,-2,5
2020-10-09,US,South Carolina,Newberry,1464,30,0,34.28629098,-81.59935761,45071.0,3808.5327783558787,2.0491803278688523,1434,1452,30,0,1422,1443,38520,12,0,0,12,9
2020-10-09,US,South Carolina,Oconee,2086,28,0,34.75225169,-83.06742317,45073.0,2622.382017951877,1.342281879194631,2058,2032,28,0,2004,1992,78374,54,0,0,54,40
2020-10-09,US,South Carolina,Orangeburg,3188,127,0,33.4391073,-80.79886287,45075.0,3699.44879605454,3.983688833124216,3061,3180,127,0,3053,3172,86934,8,0,0,8,8
2020-10-09,US,South Carolina,Pickens,3528,49,0,34.88807695,-82.72791551,45077.0,2780.4924182718073,1.3888888888888888,3479,3469,48,0,3421,3411,124937,59,1,0,58,58
2020-10-09,US,South Carolina,Richland,16017,253,0,34.01791263,-80.90267209,45079.0,3852.472225496021,1.5795717050633702,15764,15953,251,0,15702,15893,414576,64,2,0,62,60
2020-10-09,US,South Carolina,Saluda,697,22,0,34.00795823,-81.72713237,45081.0,3404.483954476628,3.1563845050215207,675,697,22,0,675,694,20544,0,0,0,0,3
2020-10-09,US,South Carolina,Spartanburg,7468,210,0,34.92960077,-81.99225984,45083.0,2335.319042481668,2.8119978575254416,7258,7438,209,0,7229,7329,313888,30,1,0,29,109
2020-10-09,US,South Carolina,Sumter,3296,83,0,33.91826534,-80.37942316,45085.0,3088.4268325821527,2.5182038834951457,3213,3287,82,0,3205,3282,106512,9,1,0,8,5
2020-10-09,US,South Carolina,Union,644,14,0,34.68835752,-81.61730349,45087.0,2357.5926197100603,2.1739130434782608,630,634,14,0,620,631,27410,10,0,0,10,3
2020-10-09,US,South Carolina,Williamsburg,1357,46,0,33.62190129,-79.72767442,45089.0,4468.519494204425,3.3898305084745757,1311,1355,45,0,1310,1350,30606,2,1,0,1,5
2020-10-09,US,South Carolina,York,5840,85,0,34.97281497,-81.18085944,45091.0,2078.447143736721,1.4554794520547945,5755,5782,85,0,5697,5732,274118,58,0,0,58,50
2020-10-09,US,South Dakota,Aurora,116,0,0,43.71757685,-98.56050467,46003.0,4216.648491457652,0.0,116,115,0,0,115,113,2801,1,0,0,1,2
2020-10-09,US,South Dakota,Beadle,919,11,0,44.41464384,-98.27858469,46005.0,4980.220018425189,1.1969532100108813,908,899,11,0,888,891,18883,20,0,0,20,8
2020-10-09,US,South Dakota,Bennett,97,4,0,43.19486375,-101.6665572,46007.0,2882.61515601783,4.123711340206185,93,89,4,0,85,82,3468,8,0,0,8,7
2020-10-09,US,South Dakota,Bon Homme,140,1,0,42.98914167,-97.88592746,46009.0,2028.6914939863789,0.7142857142857143,139,125,1,0,124,123,6980,15,0,0,15,2
2020-10-09,US,South Dakota,Brookings,907,2,0,44.36974375,-96.79079945,46011.0,2585.7399435527554,0.2205071664829107,905,874,2,0,872,863,35232,33,0,0,33,11
2020-10-09,US,South Dakota,Brown,1488,4,0,45.58994323,-98.35165355,46013.0,3831.200597337728,0.26881720430107525,1484,1427,4,0,1423,1415,39316,61,0,0,61,12
2020-10-09,US,South Dakota,Brule,163,1,0,43.71756379,-99.08118954,46015.0,3077.213517085142,0.6134969325153374,162,160,1,0,159,156,5229,3,0,0,3,4
2020-10-09,US,South Dakota,Buffalo,171,3,0,44.07657829,-99.20814467,46017.0,8715.59633027523,1.7543859649122806,168,164,3,0,161,159,2036,7,0,0,7,5
2020-10-09,US,South Dakota,Butte,153,3,0,44.90608745,-103.5079318,46019.0,1467.0629974110655,1.96078431372549,150,149,3,0,146,144,10222,4,0,0,4,5
2020-10-09,US,South Dakota,Campbell,49,0,0,45.77074915,-100.0510181,46021.0,3561.046511627907,0.0,49,44,0,0,44,43,1377,5,0,0,5,1
2020-10-09,US,South Dakota,Charles Mix,248,0,0,43.20660134,-98.58856175,46023.0,2668.9625484287562,0.0,248,239,0,0,239,234,9338,9,0,0,9,5
2020-10-09,US,South Dakota,Clark,50,0,0,44.85834507,-97.72925109,46025.0,1338.3297644539614,0.0,50,49,0,0,49,48,3739,1,0,0,1,1
2020-10-09,US,South Dakota,Clay,619,7,0,42.91296147,-96.97656917,46027.0,4399.431414356787,1.1308562197092085,612,606,7,0,599,603,14041,13,0,0,13,3
2020-10-09,US,South Dakota,Codington,1080,9,0,44.97788119,-97.18827677,46029.0,3855.903459602271,0.8333333333333334,1071,1053,9,0,1044,1031,28015,27,0,0,27,22
2020-10-09,US,South Dakota,Corson,112,1,0,45.70889983,-101.1970473,46031.0,2741.067058247675,0.8928571428571429,111,109,1,0,108,107,4165,3,0,0,3,2
2020-10-09,US,South Dakota,Custer,210,3,0,43.67741105,-103.45345209999999,46033.0,2340.615247436469,1.4285714285714286,207,207,3,0,204,202,8726,3,0,0,3,5
2020-10-09,US,South Dakota,Davison,505,3,0,43.67490933,-98.14458906,46035.0,2553.729456384324,0.594059405940594,502,474,3,0,471,460,19790,31,0,0,31,14
2020-10-09,US,South Dakota,Day,109,0,0,45.367281,-97.60737498,46037.0,2009.5870206489678,0.0,109,108,0,0,108,107,5505,1,0,0,1,1
2020-10-09,US,South Dakota,Deuel,115,0,0,44.75994309,-96.66943645,46039.0,2643.070558492301,0.0,115,109,0,0,109,102,4337,6,0,0,6,7
2020-10-09,US,South Dakota,Dewey,202,0,0,45.15639647,-100.8709139,46041.0,3428.377460964019,0.0,202,196,0,0,196,190,5904,6,0,0,6,6
2020-10-09,US,South Dakota,Douglas,119,1,0,43.38520741,-98.36978007,46043.0,4073.947278329339,0.8403361344537815,118,115,1,0,114,111,2935,4,0,0,4,4
2020-10-09,US,South Dakota,Edmunds,104,0,0,45.41846445,-99.21545423,46045.0,2716.1138678506136,0.0,104,104,0,0,104,104,3875,0,0,0,0,0
2020-10-09,US,South Dakota,Fall River,124,5,0,43.23929297,-103.5275691,46047.0,1847.1622225532547,4.032258064516129,119,122,5,0,117,113,6758,2,0,0,2,9
2020-10-09,US,South Dakota,Faulk,114,1,0,45.07082625,-99.14535601,46049.0,4958.677685950413,0.8771929824561403,113,109,1,0,108,108,2330,5,0,0,5,1
2020-10-09,US,South Dakota,Grant,206,2,0,45.1723937,-96.77002276,46051.0,2921.1571185479297,0.9708737864077671,204,197,1,0,196,194,7147,9,1,0,8,3
2020-10-09,US,South Dakota,Gregory,153,7,0,43.19419064,-99.18883902,46053.0,3655.913978494624,4.575163398692809,146,151,7,0,144,150,4212,2,0,0,2,1
2020-10-09,US,South Dakota,Haakon,41,1,0,44.29299053,-101.539099,46055.0,2159.031068983676,2.4390243902439024,40,37,1,0,36,37,1918,4,0,0,4,0
2020-10-09,US,South Dakota,Hamlin,120,0,0,44.67385954,-97.18829593,46057.0,1946.7878001297852,0.0,120,117,0,0,117,115,6111,3,0,0,3,2
2020-10-09,US,South Dakota,Hand,72,1,0,44.54708407,-99.00386459,46059.0,2256.345973049201,1.3888888888888888,71,68,1,0,67,62,3262,4,0,0,4,6
2020-10-09,US,South Dakota,Hanson,52,1,0,43.6746384,-97.78715148,46061.0,1505.9368664929048,1.9230769230769231,51,50,1,0,49,50,3376,2,0,0,2,0
2020-10-09,US,South Dakota,Harding,6,0,0,45.58015551,-103.4958629,46063.0,462.2496147919877,0.0,6,6,0,0,6,5,1249,0,0,0,0,1
2020-10-09,US,South Dakota,Hughes,611,5,0,44.39091534,-99.99661148,46065.0,3486.2490014835107,0.8183306055646481,606,596,5,0,591,585,17650,15,0,0,15,11
2020-10-09,US,South Dakota,Hutchinson,148,2,0,43.33449012,-97.75536441,46067.0,2029.8998765601427,1.351351351351351,146,141,2,0,139,135,7380,7,0,0,7,6
2020-10-09,US,South Dakota,Hyde,25,0,0,44.54747703,-99.48572582,46069.0,1921.5987701767872,0.0,25,25,0,0,25,24,1282,0,0,0,0,1
2020-10-09,US,South Dakota,Jackson,50,1,0,43.69318385,-101.6255063,46071.0,1495.2153110047848,2.0,49,46,1,0,45,44,3307,4,0,0,4,2
2020-10-09,US,South Dakota,Jerauld,147,4,0,44.06637798,-98.62965972,46073.0,7302.533532041729,2.7210884353741496,143,146,4,0,142,146,2043,1,0,0,1,0
2020-10-09,US,South Dakota,Jones,20,0,0,43.96278565,-100.6940008,46075.0,2214.839424141749,0.0,20,20,0,0,20,20,928,0,0,0,0,0
2020-10-09,US,South Dakota,Kingsbury,87,0,0,44.36956169,-97.4913945,46077.0,1761.4901801984204,0.0,87,82,0,0,82,80,4919,5,0,0,5,2
2020-10-09,US,South Dakota,Lake,238,8,0,44.02193107,-97.12926365,46079.0,1859.8108931780887,3.361344537815126,230,229,8,0,221,223,13057,9,0,0,9,6
2020-10-09,US,South Dakota,Lawrence,533,5,0,44.35919441,-103.79294279999999,46081.0,2062.3742454728367,0.9380863039399624,528,525,5,0,520,513,25741,8,0,0,8,12
2020-10-09,US,South Dakota,Lincoln,1740,8,0,43.27841182,-96.72039050000001,46083.0,2846.4860620337654,0.4597701149425287,1732,1692,6,0,1686,1648,58807,48,2,0,46,44
2020-10-09,US,South Dakota,Lyman,197,4,0,43.89522709,-99.85201878,46085.0,5210.2618354932565,2.0304568527918785,193,199,4,0,195,193,3821,-2,0,0,-2,6
2020-10-09,US,South Dakota,Marshall,51,0,0,45.75870838,-97.59855639,46091.0,1033.4346504559269,0.0,51,49,0,0,49,48,5112,2,0,0,2,1
2020-10-09,US,South Dakota,McCook,142,1,0,43.6742571,-97.36863144,46087.0,2542.0694593626927,0.7042253521126759,141,139,1,0,138,137,5546,3,0,0,3,2
2020-10-09,US,South Dakota,McPherson,43,0,0,45.76626028,-99.22118798,46089.0,1807.4821353509878,0.0,43,42,0,0,42,42,2407,1,0,0,1,0
2020-10-09,US,South Dakota,Meade,684,6,0,44.56676791,-102.71627409999999,46093.0,2414.23125794155,0.8771929824561403,678,669,6,0,663,659,28294,15,0,0,15,10
2020-10-09,US,South Dakota,Mellette,42,0,0,43.58078848,-100.7563186,46095.0,2037.8457059679768,0.0,42,40,0,0,40,40,2042,2,0,0,2,0
2020-10-09,US,South Dakota,Miner,54,0,0,44.02197882,-97.60992207,46097.0,2436.823104693141,0.0,54,47,0,0,47,44,2213,7,0,0,7,3
2020-10-09,US,South Dakota,Minnehaha,7708,88,0,43.67441641,-96.7910885,46099.0,3991.011422121429,1.1416709911779972,7620,7550,87,0,7463,7413,192876,158,1,0,157,137
2020-10-09,US,South Dakota,Moody,135,0,0,44.02266214,-96.67081159,46101.0,2052.919708029197,0.0,135,128,0,0,128,120,6579,7,0,0,7,8
2020-10-09,US,South Dakota,Oglala Lakota,384,4,0,43.33749164,-102.55554980000001,46102.0,2708.612541440361,1.0416666666666667,380,359,4,0,355,350,14309,25,0,0,25,9
2020-10-09,US,South Dakota,Pennington,3001,39,0,44.0025835,-102.8240777,46103.0,2637.6620522961985,1.299566811062979,2962,2921,39,0,2882,2864,111729,80,0,0,80,57
2020-10-09,US,South Dakota,Perkins,47,0,0,45.49049506,-102.47555859999999,46105.0,1640.4886561954627,0.0,47,47,0,0,47,48,2922,0,0,0,0,-1
2020-10-09,US,South Dakota,Potter,69,0,0,45.06583079,-99.95498503,46107.0,3204.8304691128656,0.0,69,66,0,0,66,63,2207,3,0,0,3,3
2020-10-09,US,South Dakota,Roberts,247,1,0,45.62975048,-96.94672673,46109.0,2376.370983259573,0.4048582995951417,246,244,1,0,243,243,10447,3,0,0,3,1
2020-10-09,US,South Dakota,Sanborn,53,0,0,44.02351092,-98.09098159999999,46111.0,2261.0921501706484,0.0,53,50,0,0,50,50,2429,3,0,0,3,0
2020-10-09,US,South Dakota,Spink,172,0,0,44.93837606,-98.34626602,46115.0,2697.616060225847,0.0,172,165,0,0,165,163,6495,7,0,0,7,2
2020-10-09,US,South Dakota,Stanley,50,0,0,44.41381872,-100.7349153,46117.0,1613.9444803098772,0.0,50,49,0,0,49,48,3022,1,0,0,1,1
2020-10-09,US,South Dakota,Sully,21,0,0,44.71571812,-100.1278092,46119.0,1509.705248023005,0.0,21,19,0,0,19,19,1392,2,0,0,2,0
2020-10-09,US,South Dakota,Todd,209,5,0,43.19338568,-100.71955030000001,46121.0,2053.6503881300973,2.392344497607656,204,201,5,0,196,195,10283,8,0,0,8,6
2020-10-09,US,South Dakota,Tripp,200,1,0,43.34459388,-99.8854891,46123.0,3675.794890645102,0.5,199,196,1,0,195,195,5478,4,0,0,4,1
2020-10-09,US,South Dakota,Turner,259,7,0,43.3109081,-97.14865776,46125.0,3089.217557251909,2.702702702702702,252,250,7,0,243,235,8424,9,0,0,9,15
2020-10-09,US,South Dakota,Union,526,10,0,42.83112163,-96.6557828,46127.0,3301.5315089128803,1.9011406844106464,516,514,10,0,504,485,15619,12,0,0,12,29
2020-10-09,US,South Dakota,Walworth,171,1,0,45.43019636,-100.03075140000001,46129.0,3146.2741490340386,0.5847953216374269,170,152,1,0,151,150,5587,19,0,0,19,2
2020-10-09,US,South Dakota,Yankton,517,5,0,43.00924485,-97.39467635,46135.0,2266.152362584378,0.9671179883945842,512,501,4,0,497,493,22869,16,1,0,15,8
2020-10-09,US,South Dakota,Ziebach,70,1,0,44.97881876,-101.6654622,46137.0,2539.912917271408,1.4285714285714286,69,70,1,0,69,69,2742,0,0,0,0,1
2020-10-09,US,Tennessee,Anderson,1363,13,0,36.12684348,-84.19965764,47001.0,1770.635766063031,0.9537784299339692,1350,1350,13,0,1337,1337,76482,13,0,0,13,13
2020-10-09,US,Tennessee,Bedford,1448,19,0,35.51123746,-86.45549096,47003.0,2912.7190071007585,1.3121546961325967,1429,1435,19,0,1416,1425,49038,13,0,0,13,10
2020-10-09,US,Tennessee,Benton,353,9,0,36.07110411,-88.06849355,47005.0,2184.4059405940593,2.54957507082153,344,354,9,0,345,351,16184,-1,0,0,-1,3
2020-10-09,US,Tennessee,Bledsoe,890,4,0,35.59942968,-85.20611967,47007.0,5908.125331917155,0.44943820224719105,886,883,4,0,879,880,14755,7,0,0,7,3
2020-10-09,US,Tennessee,Blount,2815,28,0,35.68938198,-83.92847788,47009.0,2115.1418610242845,0.994671403197158,2787,2772,28,0,2744,2741,131349,43,0,0,43,31
2020-10-09,US,Tennessee,Bradley,3186,19,0,35.15739424,-84.857186,47011.0,2946.9984275275183,0.5963590709353421,3167,3167,19,0,3148,3139,106727,19,0,0,19,28
2020-10-09,US,Tennessee,Campbell,635,4,0,36.40355516,-84.15108559999999,47013.0,1593.7954921941669,0.6299212598425197,631,615,4,0,611,570,39583,20,0,0,20,45
2020-10-09,US,Tennessee,Cannon,341,2,0,35.80990797,-86.05738983,47015.0,2323.2047962937727,0.5865102639296188,339,340,2,0,338,332,14462,1,0,0,1,8
2020-10-09,US,Tennessee,Carroll,1024,24,0,35.97366108,-88.45189331,47017.0,3687.8308783808116,2.34375,1000,1019,23,0,996,1004,28020,5,1,0,4,15
2020-10-09,US,Tennessee,Carter,1282,31,0,36.28969086,-82.12588974,47019.0,2273.412423968364,2.4180967238689552,1251,1267,31,0,1236,1256,56351,15,0,0,15,11
2020-10-09,US,Tennessee,Cheatham,879,10,0,36.26136216,-87.08903581,47021.0,2161.4576929697296,1.1376564277588168,869,874,10,0,864,862,40439,5,0,0,5,12
2020-10-09,US,Tennessee,Chester,676,13,0,35.42527478,-88.6095842,47023.0,3908.192172052957,1.9230769230769231,663,676,13,0,663,674,17276,0,0,0,0,2
2020-10-09,US,Tennessee,Claiborne,470,5,0,36.48319149,-83.65947309,47025.0,1470.6342501329834,1.0638297872340423,465,467,5,0,462,462,31756,3,0,0,3,5
2020-10-09,US,Tennessee,Clay,292,6,0,36.55151008,-85.53930419,47027.0,3834.537097833224,2.054794520547945,286,281,6,0,275,272,7717,11,0,0,11,9
2020-10-09,US,Tennessee,Cocke,843,11,0,35.9278914,-83.11828725,47029.0,2341.406510387735,1.3048635824436536,832,836,11,0,825,821,35774,7,0,0,7,15
2020-10-09,US,Tennessee,Coffee,1512,17,0,35.49090731,-86.07311784,47031.0,2675.1592356687893,1.1243386243386244,1495,1503,17,0,1486,1465,55700,9,0,0,9,38
2020-10-09,US,Tennessee,Crockett,626,19,0,35.81830662,-89.14916269,47033.0,4399.156711173578,3.0351437699680512,607,617,19,0,598,606,14328,9,0,0,9,11
2020-10-09,US,Tennessee,Cumberland,1374,23,0,35.95271721,-84.99840585,47035.0,2270.323859881031,1.6739446870451238,1351,1363,22,0,1341,1339,59673,11,1,0,10,24
2020-10-09,US,Tennessee,Davidson,27964,321,0,36.17007426,-86.78646056,47037.0,4028.558915729301,1.1479044485767416,27643,27765,319,0,27446,27636,692587,199,2,0,197,129
2020-10-09,US,Tennessee,DeKalb,617,17,0,35.97616272,-85.83689361,47041.0,3011.2249877989257,2.7552674230145873,600,613,17,0,596,608,20138,4,0,0,4,5
2020-10-09,US,Tennessee,Decatur,584,11,0,35.60048904,-88.11043779,47039.0,5007.28800480151,1.8835616438356164,573,585,10,0,575,570,11706,-1,1,0,-2,15
2020-10-09,US,Tennessee,Dickson,1407,17,0,36.14669837,-87.35891709,47043.0,2608.0670275079706,1.2082444918265811,1390,1403,17,0,1386,1385,53446,4,0,0,4,18
2020-10-09,US,Tennessee,Dyer,1670,21,0,36.05931946,-89.41542855,47045.0,4494.200597432654,1.2574850299401197,1649,1640,20,0,1620,1599,37320,30,1,0,29,41
2020-10-09,US,Tennessee,Fayette,1354,23,0,35.19615831,-89.41399032,47047.0,3291.7608732647755,1.6986706056129983,1331,1340,23,0,1317,1319,40507,14,0,0,14,21
2020-10-09,US,Tennessee,Fentress,728,5,0,36.38128818,-84.92870012,47049.0,3930.248879771095,0.6868131868131868,723,720,5,0,715,690,18217,8,0,0,8,30
2020-10-09,US,Tennessee,Franklin,1099,12,0,35.15634626,-86.09201039,47051.0,2603.771796815769,1.0919017288444042,1087,1080,12,0,1068,1073,41890,19,0,0,19,7
2020-10-09,US,Tennessee,Gibson,1914,28,0,35.99438059,-88.93358327,47053.0,3895.548816477724,1.4629049111807733,1886,1915,28,0,1887,1887,49045,-1,0,0,-1,28
2020-10-09,US,Tennessee,Giles,776,24,0,35.20222469,-87.03992678,47055.0,2633.722508824328,3.0927835051546397,752,773,23,0,750,757,29503,3,1,0,2,16
2020-10-09,US,Tennessee,Grainger,462,4,0,36.27469206,-83.51254721,47057.0,1981.132075471698,0.8658008658008658,458,453,4,0,449,441,23145,9,0,0,9,12
2020-10-09,US,Tennessee,Greene,1288,48,0,36.17470125,-82.84691273,47059.0,1864.801864801865,3.7267080745341614,1240,1268,48,0,1220,1258,69087,20,0,0,20,10
2020-10-09,US,Tennessee,Grundy,420,8,0,35.38433717,-85.72142731,47061.0,3128.025620019364,1.9047619047619049,412,412,8,0,404,405,13346,8,0,0,8,7
2020-10-09,US,Tennessee,Hamblen,2134,38,0,36.21990035,-83.26586179,47063.0,3286.413897187914,1.7806935332708531,2096,2115,35,0,2080,2094,64569,19,3,0,16,21
2020-10-09,US,Tennessee,Hamilton,10334,99,0,35.17670231,-85.16652245,47065.0,2809.6486171982906,0.9580027095026128,10235,10250,101,0,10149,10166,364286,84,-2,0,86,84
2020-10-09,US,Tennessee,Hancock,110,3,0,36.52692871,-83.22375847,47067.0,1661.631419939577,2.727272727272727,107,110,3,0,107,110,6549,0,0,0,0,0
2020-10-09,US,Tennessee,Hardeman,1663,28,0,35.20772017,-88.99161161,47069.0,6638.72255489022,1.6837041491280818,1635,1659,28,0,1631,1648,25220,4,0,0,4,11
2020-10-09,US,Tennessee,Hardin,1155,17,0,35.19732531,-88.18593755,47071.0,4502.572898799314,1.4718614718614718,1138,1153,17,0,1136,1146,25776,2,0,0,2,7
2020-10-09,US,Tennessee,Hawkins,940,22,0,36.44355426,-82.94885298,47073.0,1655.3375832071285,2.3404255319148937,918,922,22,0,900,916,56530,18,0,0,18,6
2020-10-09,US,Tennessee,Haywood,1123,24,0,35.58332824,-89.28536625,47075.0,6489.828941285252,2.1371326803205704,1099,1119,24,0,1095,1114,17335,4,0,0,4,5
2020-10-09,US,Tennessee,Henderson,1281,24,0,35.65581134,-88.38600175,47077.0,4555.962584913042,1.873536299765808,1257,1279,24,0,1255,1263,27847,2,0,0,2,16
2020-10-09,US,Tennessee,Henry,686,10,0,36.33160906,-88.30121797,47079.0,2120.884217035091,1.4577259475218658,676,683,10,0,673,673,32358,3,0,0,3,10
2020-10-09,US,Tennessee,Hickman,684,13,0,35.80609681,-87.47643507,47081.0,2716.657399316864,1.9005847953216373,671,685,12,0,673,674,25063,-1,1,0,-2,11
2020-10-09,US,Tennessee,Houston,342,13,0,36.28872054,-87.71878828,47083.0,4170.223143519083,3.801169590643275,329,332,13,0,319,327,8263,10,0,0,10,5
2020-10-09,US,Tennessee,Humphreys,326,3,0,36.03958805,-87.77992872,47085.0,1754.385964912281,0.9202453987730062,323,321,3,0,318,319,18486,5,0,0,5,2
2020-10-09,US,Tennessee,Jackson,377,5,0,36.36380466,-85.67239905,47087.0,3198.7103342949267,1.326259946949602,372,373,5,0,368,374,11758,4,0,0,4,-1
2020-10-09,US,Tennessee,Jefferson,1296,16,0,36.04818632,-83.45148924,47089.0,2378.199834847234,1.2345679012345678,1280,1286,16,0,1270,1267,54012,10,0,0,10,19
2020-10-09,US,Tennessee,Johnson,1019,4,0,36.45523950000001,-81.84886538,47091.0,5728.581065887115,0.3925417075564279,1015,1009,4,0,1005,1009,17778,10,0,0,10,0
2020-10-09,US,Tennessee,Knox,10540,82,0,35.99508821,-83.94635435,47093.0,2241.060740400542,0.7779886148007591,10458,10393,82,0,10311,10288,465289,147,0,0,147,105
2020-10-09,US,Tennessee,Lake,941,3,0,36.34180170000001,-89.48921915,47095.0,13412.200684150515,0.3188097768331562,938,941,3,0,938,940,7411,0,0,0,0,1
2020-10-09,US,Tennessee,Lauderdale,1128,16,0,35.75893438,-89.63015909999999,47097.0,4400.577380720166,1.4184397163120568,1112,1124,16,0,1108,1095,25825,4,0,0,4,29
2020-10-09,US,Tennessee,Lawrence,1224,17,0,35.21675201,-87.39787695,47099.0,2772.8693761043896,1.3888888888888888,1207,1206,16,0,1190,1193,43734,18,1,0,17,13
2020-10-09,US,Tennessee,Lewis,260,1,0,35.52853208,-87.49022694,47101.0,2119.3348549070747,0.38461538461538464,259,258,1,0,257,252,12086,2,0,0,2,6
2020-10-09,US,Tennessee,Lincoln,711,2,0,35.13738622,-86.58910106,47103.0,2068.9053133911425,0.2812939521800281,709,699,1,0,698,688,34117,12,1,0,11,11
2020-10-09,US,Tennessee,Loudon,1389,9,0,35.73939663,-84.31145275,47105.0,2568.987201302064,0.6479481641468683,1380,1369,8,0,1361,1342,53054,20,1,0,19,27
2020-10-09,US,Tennessee,Macon,1162,22,0,36.53157855,-86.00778595,47111.0,4723.1932363222495,1.8932874354561104,1140,1159,22,0,1137,1136,24265,3,0,0,3,23
2020-10-09,US,Tennessee,Madison,3326,74,0,35.61181957,-88.84076036,47113.0,3394.431743958197,2.2248947684906795,3252,3295,73,0,3222,3246,97605,31,1,0,30,49
2020-10-09,US,Tennessee,Marion,611,9,0,35.12997174,-85.62265895,47115.0,2113.6748884353274,1.4729950900163666,602,604,9,0,595,599,28575,7,0,0,7,5
2020-10-09,US,Tennessee,Marshall,878,5,0,35.45798777,-86.76420988,47117.0,2554.181818181818,0.5694760820045558,873,873,5,0,868,862,33683,5,0,0,5,11
2020-10-09,US,Tennessee,Maury,2684,32,0,35.618741299999996,-87.07462444,47119.0,2784.6078828057725,1.1922503725782414,2652,2647,31,0,2616,2602,94340,37,1,0,36,45
2020-10-09,US,Tennessee,McMinn,1280,29,0,35.42812616,-84.61520715,47107.0,2379.447522028479,2.265625,1251,1265,29,0,1236,1259,53285,15,0,0,15,6
2020-10-09,US,Tennessee,McNairy,1008,23,0,35.17468549,-88.5647812,47109.0,3923.094885965595,2.281746031746032,985,1009,21,0,988,990,25832,-1,2,0,-3,19
2020-10-09,US,Tennessee,Meigs,252,3,0,35.51558739,-84.81482914,47121.0,2028.658831106102,1.1904761904761905,249,250,3,0,247,245,12306,2,0,0,2,5
2020-10-09,US,Tennessee,Monroe,1179,21,0,35.44550387,-84.24902965,47123.0,2533.032549145988,1.7811704834605595,1158,1171,21,0,1150,1157,46357,8,0,0,8,14
2020-10-09,US,Tennessee,Montgomery,3417,48,0,36.49609412,-87.38550661,47125.0,1634.9829898609046,1.404741000877963,3369,3384,47,0,3337,3358,205950,33,1,0,32,26
2020-10-09,US,Tennessee,Moore,213,1,0,35.27724699,-86.36230578,47127.0,3282.983970406905,0.4694835680751174,212,207,1,0,206,206,6411,6,0,0,6,1
2020-10-09,US,Tennessee,Morgan,355,4,0,36.13248031,-84.64880098,47129.0,1658.6459842078214,1.1267605633802815,351,355,4,0,351,348,21579,0,0,0,0,7
2020-10-09,US,Tennessee,Obion,1454,16,0,36.35732446,-89.14921589,47131.0,4835.544913365925,1.1004126547455295,1438,1440,16,0,1424,1414,30267,14,0,0,14,26
2020-10-09,US,Tennessee,Out of TN,3180,30,0,0.0,0.0,80047.0,0.0,0.9433962264150944,3150,3182,29,0,3153,3169,,-2,1,0,-3,13
2020-10-09,US,Tennessee,Overton,939,8,0,36.34117832,-85.28989535,47133.0,4221.93246706533,0.8519701810436635,931,924,8,0,916,893,22068,15,0,0,15,31
2020-10-09,US,Tennessee,Perry,166,1,0,35.63708728,-87.86139634,47135.0,2055.473006438831,0.6024096385542169,165,166,1,0,165,159,8064,0,0,0,0,7
2020-10-09,US,Tennessee,Pickett,184,3,0,36.55606529,-85.07763299999998,47137.0,3645.0079239302704,1.6304347826086956,181,179,3,0,176,169,5082,5,0,0,5,10
2020-10-09,US,Tennessee,Polk,442,13,0,35.12245443,-84.52075859,47139.0,2625.950570342205,2.9411764705882355,429,438,12,0,426,437,16898,4,1,0,3,1
2020-10-09,US,Tennessee,Putnam,3714,50,0,36.14005459,-85.50646123,47141.0,4628.325752383325,1.3462574044157245,3664,3686,50,0,3636,3639,78843,28,0,0,28,47
2020-10-09,US,Tennessee,Rhea,958,16,0,35.60536161,-84.93076643,47143.0,2888.413181777068,1.6701461377870563,942,929,16,0,913,926,33044,29,0,0,29,3
2020-10-09,US,Tennessee,Roane,1025,6,0,35.84923189,-84.52458689,47145.0,1920.1228878648235,0.5853658536585366,1019,1010,6,0,1004,998,53140,15,0,0,15,12
2020-10-09,US,Tennessee,Robertson,2348,39,0,36.52454807,-86.87346725,47147.0,3269.602996671912,1.6609880749574106,2309,2342,39,0,2303,2326,71012,6,0,0,6,16
2020-10-09,US,Tennessee,Rutherford,10147,102,0,35.84591405,-86.4107263,47149.0,3053.703898761605,1.0052232186853256,10045,10048,101,0,9947,9978,324890,99,1,0,98,70
2020-10-09,US,Tennessee,Scott,263,3,0,36.42325673,-84.50360494,47151.0,1191.7708899764364,1.1406844106463878,260,264,3,0,261,255,22039,-1,0,0,-1,9
2020-10-09,US,Tennessee,Sequatchie,265,3,0,35.36979721,-85.41022136,47153.0,1763.6097431119395,1.1320754716981132,262,262,1,0,261,261,14876,3,2,0,1,1
2020-10-09,US,Tennessee,Sevier,2871,19,0,35.78077323,-83.52244332,47155.0,2922.137404580153,0.6617903169627307,2852,2857,19,0,2838,2811,97892,14,0,0,14,46
2020-10-09,US,Tennessee,Shelby,32447,529,0,35.1864775,-89.89692423,47157.0,3462.246816465813,1.6303510339938978,31918,32280,524,0,31756,32138,935764,167,5,0,162,142
2020-10-09,US,Tennessee,Smith,841,12,0,36.25359775,-85.95411046,47159.0,4172.247854343405,1.4268727705112958,829,833,12,0,821,813,19942,8,0,0,8,20
2020-10-09,US,Tennessee,Stewart,265,5,0,36.50235092,-87.83920548,47161.0,1932.191031717098,1.8867924528301887,260,261,4,0,257,259,13561,4,1,0,3,2
2020-10-09,US,Tennessee,Sullivan,2581,35,0,36.51240691,-82.30412917,47163.0,1629.954277919519,1.3560635412630764,2546,2522,35,0,2487,2481,157668,59,0,0,59,41
2020-10-09,US,Tennessee,Sumner,5200,104,0,36.46824103,-86.45917204,47165.0,2718.4851764140044,2.0,5096,5169,104,0,5065,5138,187149,31,0,0,31,31
2020-10-09,US,Tennessee,Tipton,1996,22,0,35.501942,-89.73694895,47167.0,3240.3123427328364,1.1022044088176353,1974,1987,22,0,1965,1964,61581,9,0,0,9,23
2020-10-09,US,Tennessee,Trousdale,1703,7,0,36.39026213,-86.16087954,47169.0,15092.165898617512,0.41103934233705225,1696,1702,7,0,1695,1700,11012,1,0,0,1,2
2020-10-09,US,Tennessee,Unassigned,3275,6,0,0.0,0.0,90047.0,0.0,0.18320610687022898,3269,3422,10,0,3412,3370,,-147,-4,0,-143,52
2020-10-09,US,Tennessee,Unicoi,300,1,0,36.10890856,-82.43709629,47171.0,1677.5708773695694,0.3333333333333333,299,300,1,0,299,300,17761,0,0,0,0,0
2020-10-09,US,Tennessee,Union,444,2,0,36.28590426,-83.83651902,47173.0,2223.11235730022,0.4504504504504505,442,437,2,0,435,429,19688,7,0,0,7,8
2020-10-09,US,Tennessee,Van Buren,176,1,0,35.69864497,-85.45221699,47175.0,2997.275204359673,0.5681818181818182,175,174,1,0,173,173,5765,2,0,0,2,1
2020-10-09,US,Tennessee,Warren,1184,9,0,35.672829899999996,-85.77969117,47177.0,2868.4255154202087,0.7601351351351351,1175,1180,9,0,1171,1162,40878,4,0,0,4,18
2020-10-09,US,Tennessee,Washington,2623,39,0,36.29472368,-82.49454720000001,47179.0,2027.4396135265704,1.4868471216164696,2584,2590,39,0,2551,2573,128607,33,0,0,33,17
2020-10-09,US,Tennessee,Wayne,1540,6,0,35.23868267,-87.78644456,47181.0,9236.490133749176,0.3896103896103896,1534,1538,6,0,1532,1529,16558,2,0,0,2,9
2020-10-09,US,Tennessee,Weakley,1331,23,0,36.29896232,-88.71990865,47183.0,3993.6389822371584,1.7280240420736288,1308,1330,22,0,1308,1310,33415,1,1,0,0,20
2020-10-09,US,Tennessee,White,980,10,0,35.92929884,-85.45591799,47185.0,3583.8361674894873,1.020408163265306,970,963,10,0,953,950,27107,17,0,0,17,13
2020-10-09,US,Tennessee,Williamson,5910,44,0,35.89099229,-86.89281867,47187.0,2478.902068687817,0.7445008460236887,5866,5833,42,0,5791,5798,231729,77,2,0,75,35
2020-10-09,US,Tennessee,Wilson,3931,52,0,36.15496772,-86.29775884,47189.0,2717.462687598941,1.3228186212159756,3879,3908,52,0,3856,3863,140625,23,0,0,23,45
2020-10-09,US,Texas,Anderson,2872,37,0,31.81534745,-95.65354823,48001.0,4974.452238676712,1.2883008356545962,2835,2858,37,0,2821,2849,58057,14,0,0,14,9
2020-10-09,US,Texas,Andrews,488,10,0,32.30468633,-102.63765479999999,48003.0,2608.928094092489,2.0491803278688523,478,477,10,0,467,477,18128,11,0,0,11,0
2020-10-09,US,Texas,Angelina,2205,85,0,31.25457347,-94.60901487,48005.0,2542.812662169175,3.8548752834467117,2120,2205,85,0,2120,2205,87092,0,0,0,0,0
2020-10-09,US,Texas,Aransas,335,18,0,28.10556197,-96.9995047,48007.0,1424.9255635899615,5.373134328358209,317,335,18,0,317,335,23792,0,0,0,0,0
2020-10-09,US,Texas,Archer,98,1,0,33.61569967,-98.68754589,48009.0,1145.7967964456916,1.020408163265306,97,89,1,0,88,89,8786,9,0,0,9,0
2020-10-09,US,Texas,Armstrong,17,1,0,34.96507426,-101.35748740000001,48011.0,900.9009009009008,5.882352941176472,16,15,1,0,14,13,1892,2,0,0,2,2
2020-10-09,US,Texas,Atascosa,1238,34,0,28.89333001,-98.52730485,48013.0,2420.190409164663,2.7463651050080777,1204,1237,34,0,1203,1240,50310,1,0,0,1,-3
2020-10-09,US,Texas,Austin,504,9,0,29.88548725,-96.27736949,48015.0,1678.2099094299415,1.7857142857142858,495,503,9,0,494,503,29989,1,0,0,1,0
2020-10-09,US,Texas,Bailey,238,5,0,34.06854817,-102.8299707,48017.0,3400.0,2.100840336134454,233,235,5,0,230,231,7027,3,0,0,3,4
2020-10-09,US,Texas,Bandera,175,8,0,29.74619598,-99.24598147,48019.0,757.1824160609207,4.571428571428571,167,176,8,0,168,176,22824,-1,0,0,-1,0
2020-10-09,US,Texas,Bastrop,1893,30,0,30.10370699,-97.31206354,48021.0,2133.6068437721897,1.584786053882726,1863,1887,30,0,1857,1882,86976,6,0,0,6,5
2020-10-09,US,Texas,Baylor,36,2,0,33.61640794,-99.21352901,48023.0,1025.9333143345682,5.5555555555555545,34,35,2,0,33,31,3582,1,0,0,1,4
2020-10-09,US,Texas,Bee,1823,36,0,28.41761668,-97.74215593,48025.0,5598.034699831107,1.9747668678003287,1787,1826,36,0,1790,1819,32587,-3,0,0,-3,7
2020-10-09,US,Texas,Bell,5775,92,0,31.03736027,-97.4785025,48027.0,1591.2422435551246,1.593073593073593,5683,5749,92,0,5657,5721,355642,26,0,0,26,28
2020-10-09,US,Texas,Bexar,59514,1356,0,29.44928723,-98.52019748,48029.0,2970.421560886305,2.278455489464664,58158,59323,1347,0,57976,59153,1986049,191,9,0,182,170
2020-10-09,US,Texas,Blanco,149,5,0,30.26640707,-98.3999852,48031.0,1248.847540021792,3.355704697986577,144,149,5,0,144,148,11702,0,0,0,0,1
2020-10-09,US,Texas,Borden,1,0,0,32.74363984,-101.43165090000001,48033.0,152.9051987767584,0.0,1,1,0,0,1,1,648,0,0,0,0,0
2020-10-09,US,Texas,Bosque,364,8,0,31.89978581,-97.63613524,48035.0,1948.086700561948,2.1978021978021984,356,363,7,0,356,358,18691,1,1,0,0,5
2020-10-09,US,Texas,Bowie,1514,62,0,33.44626922,-94.41834132,48037.0,1623.6795538634778,4.095112285336857,1452,1506,61,0,1445,1488,94324,8,1,0,7,18
2020-10-09,US,Texas,Brazoria,11703,173,0,29.18757369,-95.44563172,48039.0,3126.9371352841845,1.4782534392890712,11530,11691,173,0,11518,11658,370200,12,0,0,12,33
2020-10-09,US,Texas,Brazos,6949,65,0,30.663644800000004,-96.30205577,48041.0,3031.7044120919154,0.9353863865304359,6884,6901,65,0,6836,6794,226758,48,0,0,48,107
2020-10-09,US,Texas,Brewster,225,5,0,29.81008251,-103.25203259999999,48043.0,2444.854938606976,2.2222222222222223,220,223,4,0,219,223,9267,2,1,0,1,0
2020-10-09,US,Texas,Briscoe,16,1,0,34.53026962,-101.2084947,48045.0,1034.9288486416558,6.25,15,15,1,0,14,15,1516,1,0,0,1,0
2020-10-09,US,Texas,Brooks,333,23,0,27.03103197,-98.21808402,48047.0,4694.769491047512,6.906906906906907,310,329,23,0,306,329,7114,4,0,0,4,0
2020-10-09,US,Texas,Brown,604,26,0,31.77430356,-98.99907113,48049.0,1595.1827593492499,4.304635761589403,578,598,25,0,573,594,37924,6,1,0,5,4
2020-10-09,US,Texas,Burleson,369,6,0,30.49273808,-96.62158484,48051.0,2000.759095591824,1.6260162601626016,363,365,6,0,359,370,18389,4,0,0,4,-5
2020-10-09,US,Texas,Burnet,792,12,0,30.78801353,-98.181887,48053.0,1644.689025023362,1.5151515151515151,780,785,12,0,773,785,47542,7,0,0,7,0
2020-10-09,US,Texas,Caldwell,1646,36,0,29.83668859,-97.61814775,48055.0,3769.695859289117,2.187120291616039,1610,1641,36,0,1605,1669,43247,5,0,0,5,-28
2020-10-09,US,Texas,Calhoun,860,8,0,28.47048236,-96.61633945,48057.0,4039.4551432597455,0.9302325581395348,852,857,8,0,849,854,21561,3,0,0,3,3
2020-10-09,US,Texas,Callahan,100,4,0,32.29760619,-99.37326312,48059.0,717.2057663343612,4.0,96,98,4,0,94,98,13994,2,0,0,2,0
2020-10-09,US,Texas,Cameron,23147,1037,0,26.14524221,-97.48140372,48061.0,5469.996195319534,4.48006221108567,22110,23127,1037,0,22090,23084,423908,20,0,0,20,43
2020-10-09,US,Texas,Camp,369,12,0,32.97195142,-94.97790104,48063.0,2818.0846189094236,3.2520325203252027,357,369,12,0,357,369,13033,0,0,0,0,0
2020-10-09,US,Texas,Carson,37,0,0,35.40365929,-101.35426690000001,48065.0,624.3671954100572,0.0,37,34,0,0,34,33,6005,3,0,0,3,1
2020-10-09,US,Texas,Cass,411,17,0,33.07499881,-94.34646905,48067.0,1368.813694797842,4.13625304136253,394,406,17,0,389,404,30119,5,0,0,5,2
2020-10-09,US,Texas,Castro,267,5,0,34.53016752,-102.2617243,48069.0,3545.816733067729,1.8726591760299625,262,263,5,0,258,263,7665,4,0,0,4,0
2020-10-09,US,Texas,Chambers,1436,8,0,29.70972016,-94.67154501,48071.0,3275.7716084586077,0.5571030640668524,1428,1419,8,0,1411,1414,42454,17,0,0,17,5
2020-10-09,US,Texas,Cherokee,1581,30,0,31.837258000000002,-95.16559897,48073.0,3003.077156859021,1.8975332068311197,1551,1578,30,0,1548,1575,52592,3,0,0,3,3
2020-10-09,US,Texas,Childress,81,0,0,34.529304100000004,-100.2077916,48075.0,1108.677799069258,0.0,81,79,0,0,79,79,7291,2,0,0,2,0
2020-10-09,US,Texas,Clay,87,2,0,33.78686685,-98.20771198,48077.0,830.8662018909367,2.2988505747126435,85,86,2,0,84,83,10456,1,0,0,1,3
2020-10-09,US,Texas,Cochran,68,1,0,33.60425307,-102.82844990000001,48079.0,2383.4560112162635,1.4705882352941178,67,67,1,0,66,60,2836,1,0,0,1,7
2020-10-09,US,Texas,Coke,55,3,0,31.88911733,-100.5297533,48081.0,1623.8559196929434,5.454545454545454,52,54,3,0,51,54,3370,1,0,0,1,0
2020-10-09,US,Texas,Coleman,82,4,0,31.76736834,-99.45240766,48083.0,1003.0581039755352,4.878048780487805,78,81,4,0,77,81,8397,1,0,0,1,0
2020-10-09,US,Texas,Collin,16006,162,0,33.18820114,-96.57264368,48085.0,1546.8769630724923,1.0121204548294391,15844,15923,161,0,15762,15814,1005146,83,1,0,82,109
2020-10-09,US,Texas,Collingsworth,19,0,0,34.96489496,-100.27001109999999,48087.0,650.6849315068494,0.0,19,19,0,0,19,19,2962,0,0,0,0,0
2020-10-09,US,Texas,Colorado,492,4,0,29.622097999999998,-96.5273805,48089.0,2289.117387056251,0.8130081300813008,488,491,4,0,487,490,21217,1,0,0,1,1
2020-10-09,US,Texas,Comal,2766,103,0,29.80811278,-98.27647225,48091.0,1770.704632895672,3.723788864786696,2663,2766,103,0,2663,2766,148373,0,0,0,0,0
2020-10-09,US,Texas,Comanche,327,5,0,31.94854689,-98.55876441,48093.0,2398.2398239823983,1.529051987767584,322,327,4,0,323,327,13534,0,1,0,-1,0
2020-10-09,US,Texas,Concho,138,2,0,31.32635934,-99.86473038,48095.0,5062.362435803375,1.4492753623188406,136,138,2,0,136,138,4276,0,0,0,0,0
2020-10-09,US,Texas,Cooke,480,7,0,33.63979567,-97.21240912,48097.0,1163.4389315752478,1.4583333333333333,473,478,7,0,471,477,40574,2,0,0,2,1
2020-10-09,US,Texas,Coryell,1874,12,0,31.39078397,-97.79936155,48099.0,2467.380284657213,0.6403415154749199,1862,1864,12,0,1852,1854,74808,10,0,0,10,10
2020-10-09,US,Texas,Cottle,32,3,0,34.07783319,-100.27850620000001,48101.0,2288.9842632331893,9.375,29,32,3,0,29,32,1389,0,0,0,0,0
2020-10-09,US,Texas,Crane,73,2,0,31.43052248,-102.5143314,48103.0,1521.7844486137174,2.7397260273972597,71,72,2,0,70,72,4794,1,0,0,1,0
2020-10-09,US,Texas,Crockett,166,7,0,30.72367027,-101.4134238,48105.0,4792.147806004619,4.216867469879518,159,165,7,0,158,165,3499,1,0,0,1,0
2020-10-09,US,Texas,Crosby,91,3,0,33.61431553,-101.30003640000001,48107.0,1586.1948753704025,3.2967032967032965,88,91,3,0,88,90,5779,0,0,0,0,1
2020-10-09,US,Texas,Culberson,60,2,0,31.44506775,-104.5185739,48109.0,2763.703362505758,3.333333333333333,58,58,2,0,56,58,2204,2,0,0,2,0
2020-10-09,US,Texas,Dallam,293,10,0,36.27787176,-102.60207249999999,48111.0,4020.8590640867296,3.4129692832764507,283,284,10,0,274,283,7200,9,0,0,9,1
2020-10-09,US,Texas,Dallas,85637,1165,0,32.76670599,-96.77796049999999,48113.0,3249.3447203507776,1.3603932879479663,84472,85189,1161,0,84028,84951,2637772,448,4,0,444,238
2020-10-09,US,Texas,Dawson,602,11,0,32.74255572,-101.94772420000001,48115.0,4729.72972972973,1.8272425249169435,591,566,10,0,556,552,12619,36,1,0,35,14
2020-10-09,US,Texas,DeWitt,1036,42,0,29.08101855,-97.35681170000001,48123.0,5138.88888888889,4.0540540540540535,994,1036,42,0,994,1034,20187,0,0,0,0,2
2020-10-09,US,Texas,Deaf Smith,933,23,0,34.96522957,-102.6054267,48117.0,5030.734390164995,2.465166130760986,910,930,22,0,908,917,18760,3,1,0,2,13
2020-10-09,US,Texas,Delta,31,0,0,33.38570922,-95.66921122,48119.0,581.5044081785783,0.0,31,30,0,0,30,30,5349,1,0,0,1,0
2020-10-09,US,Texas,Denton,12828,158,0,33.20521901,-97.11691153,48121.0,1445.8857966630108,1.2316806984720925,12670,12720,158,0,12562,12646,859064,108,0,0,108,74
2020-10-09,US,Texas,Dickens,50,2,0,33.61616822,-100.7788855,48125.0,2261.420171867933,4.0,48,50,2,0,48,50,2249,0,0,0,0,0
2020-10-09,US,Texas,Dimmit,266,7,0,28.42270064,-99.75645095,48127.0,2627.419992097985,2.631578947368421,259,267,7,0,260,266,10308,-1,0,0,-1,1
2020-10-09,US,Texas,Donley,72,1,0,34.96517499,-100.8140093,48129.0,2196.4612568639413,1.3888888888888888,71,71,1,0,70,69,3319,1,0,0,1,2
2020-10-09,US,Texas,Duval,465,19,0,27.68184592,-98.50864568,48131.0,4167.787039526755,4.086021505376344,446,461,17,0,444,463,11212,4,2,0,2,-2
2020-10-09,US,Texas,Eastland,207,4,0,32.32743996,-98.83243566,48133.0,1127.450980392157,1.932367149758454,203,201,4,0,197,200,18322,6,0,0,6,1
2020-10-09,US,Texas,Ector,5275,101,0,31.86898877,-102.54294279999999,48135.0,3173.44771782485,1.914691943127962,5174,5219,101,0,5118,5167,162124,56,0,0,56,52
2020-10-09,US,Texas,Edwards,67,2,0,29.98202582,-100.304252,48137.0,3467.9089026915112,2.985074626865672,65,68,2,0,66,68,1928,-1,0,0,-1,0
2020-10-09,US,Texas,El Paso,27394,549,0,31.76980765,-106.23632749999999,48141.0,3264.151527933673,2.0040884865298967,26845,26969,546,0,26423,26432,840758,425,3,0,422,537
2020-10-09,US,Texas,Ellis,4570,71,0,32.34894117,-96.79371841,48139.0,2472.5958469046564,1.5536105032822758,4499,4536,70,0,4466,4523,179436,34,1,0,33,13
2020-10-09,US,Texas,Erath,917,13,0,32.23602653,-98.21773417,48143.0,2147.6415757178324,1.4176663031624863,904,911,13,0,898,902,42446,6,0,0,6,9
2020-10-09,US,Texas,Falls,580,5,0,31.25350609,-96.93630086,48145.0,3353.182632826501,0.8620689655172413,575,569,5,0,564,565,17335,11,0,0,11,4
2020-10-09,US,Texas,Fannin,710,15,0,33.59564294,-96.10751083,48147.0,1999.2115785324095,2.112676056338028,695,706,15,0,691,705,35286,4,0,0,4,1
2020-10-09,US,Texas,Fayette,632,21,0,29.87788372,-96.92076062,48149.0,2493.4900970567346,3.3227848101265822,611,626,21,0,605,625,25349,6,0,0,6,1
2020-10-09,US,Texas,Fisher,75,3,0,32.74281316,-100.40193020000001,48151.0,1958.2245430809398,4.0,72,70,3,0,67,70,3839,5,0,0,5,0
2020-10-09,US,Texas,Floyd,115,9,0,34.07227468,-101.3031546,48153.0,2013.305322128852,7.826086956521738,106,114,9,0,105,113,5837,1,0,0,1,1
2020-10-09,US,Texas,Foard,18,0,0,33.97308618,-99.7767797,48155.0,1558.4415584415585,0.0,18,18,0,0,18,18,1200,0,0,0,0,0
2020-10-09,US,Texas,Fort Bend,16797,295,0,29.52704478,-95.77219463,48157.0,2069.3911946462185,1.7562659998809311,16502,16712,295,0,16417,16703,787858,85,0,0,85,9
2020-10-09,US,Texas,Franklin,163,6,0,33.17653242,-95.21917243,48159.0,1519.8135198135199,3.6809815950920246,157,163,6,0,157,152,10766,0,0,0,0,11
2020-10-09,US,Texas,Freestone,427,3,0,31.70422788,-96.15072516,48161.0,2165.6438606278844,0.7025761124121779,424,426,3,0,423,422,19808,1,0,0,1,4
2020-10-09,US,Texas,Frio,996,9,0,28.86751206,-99.10804207,48163.0,4904.954200728848,0.9036144578313252,987,995,9,0,986,994,19816,1,0,0,1,1
2020-10-09,US,Texas,Gaines,411,10,0,32.74055318,-102.6353295,48165.0,1912.3394751535445,2.4330900243309004,401,409,10,0,399,403,20901,2,0,0,2,6
2020-10-09,US,Texas,Galveston,11878,165,0,29.40167322,-94.90469073,48167.0,3471.6884073432147,1.3891227479373631,11713,11851,165,0,11686,11833,337890,27,0,0,27,18
2020-10-09,US,Texas,Garza,108,4,0,33.17969345,-101.2984114,48169.0,1733.8256541981054,3.703703703703704,104,107,4,0,103,106,6578,1,0,0,1,1
2020-10-09,US,Texas,Gillespie,334,10,0,30.31824095,-98.94676915,48171.0,1237.5870757373648,2.9940119760479043,324,335,10,0,325,337,26804,-1,0,0,-1,-2
2020-10-09,US,Texas,Glasscock,9,0,0,31.86942909,-101.5207776,48173.0,638.7508871540099,0.0,9,9,0,0,9,9,1388,0,0,0,0,0
2020-10-09,US,Texas,Goliad,156,6,0,28.65696592,-97.42760647,48175.0,2037.0854008879605,3.8461538461538463,150,156,6,0,150,156,7584,0,0,0,0,0
2020-10-09,US,Texas,Gonzales,1069,18,0,29.45634206,-97.49424032,48177.0,5130.297067716082,1.6838166510757715,1051,1071,18,0,1053,1071,20826,-2,0,0,-2,0
2020-10-09,US,Texas,Gray,353,7,0,35.40081878,-100.8129222,48179.0,1612.9032258064515,1.9830028328611895,346,345,7,0,338,336,21895,8,0,0,8,9
2020-10-09,US,Texas,Grayson,2056,52,0,33.62744998,-96.67753461,48181.0,1509.411799254104,2.5291828793774314,2004,2035,50,0,1985,2009,133991,21,2,0,19,26
2020-10-09,US,Texas,Gregg,2346,76,0,32.47940482,-94.81591935,48183.0,1892.7750211787488,3.2395566922421137,2270,2343,76,0,2267,2328,123707,3,0,0,3,15
2020-10-09,US,Texas,Grimes,1110,33,0,30.54579585,-95.98902499,48185.0,3843.490304709141,2.972972972972973,1077,1104,33,0,1071,1101,28360,6,0,0,6,3
2020-10-09,US,Texas,Guadalupe,3733,78,0,29.58165339,-97.94786822,48187.0,2237.3791557534746,2.0894722743102063,3655,3730,78,0,3652,3727,163694,3,0,0,3,3
2020-10-09,US,Texas,Hale,2040,57,0,34.07044901,-101.82681140000001,48189.0,6106.687421421301,2.794117647058824,1983,2025,57,0,1968,2009,33830,15,0,0,15,16
2020-10-09,US,Texas,Hall,35,1,0,34.5307555,-100.68138520000001,48191.0,1180.8367071524967,2.8571428571428568,34,35,1,0,34,35,3028,0,0,0,0,0
2020-10-09,US,Texas,Hamilton,167,4,0,31.70470573,-98.11083887,48193.0,1973.7619666706064,2.395209580838323,163,165,4,0,161,162,8484,2,0,0,2,3
2020-10-09,US,Texas,Hansford,181,6,0,36.27743284,-101.3545796,48195.0,3352.472680125949,3.3149171270718236,175,171,6,0,165,168,5463,10,0,0,10,3
2020-10-09,US,Texas,Hardeman,40,1,0,34.28944521,-99.74632408,48197.0,1017.0353419781337,2.5,39,38,1,0,37,36,3922,2,0,0,2,2
2020-10-09,US,Texas,Hardin,1369,33,0,30.33364686,-94.38931817,48199.0,2376.653588417069,2.4105186267348433,1336,1363,32,0,1331,1358,57207,6,1,0,5,5
2020-10-09,US,Texas,Harris,150176,2668,0,29.85864939,-95.39339521,48201.0,3186.200824258883,1.7765821436181548,147508,149771,2657,0,147114,149394,4698619,405,11,0,394,377
2020-10-09,US,Texas,Harrison,952,34,0,32.54935988,-94.36934071,48203.0,1430.4388983216386,3.571428571428572,918,942,32,0,910,939,66726,10,2,0,8,3
2020-10-09,US,Texas,Hartley,148,0,0,35.84008013,-102.6029022,48205.0,2654.232424677188,0.0,148,145,0,0,145,145,5619,3,0,0,3,0
2020-10-09,US,Texas,Haskell,73,3,0,33.17823584,-99.73037358,48207.0,1290.2085542594555,4.109589041095891,70,72,3,0,69,72,5813,1,0,0,1,0
2020-10-09,US,Texas,Hays,6037,69,0,30.05669873,-98.02944344,48209.0,2622.6047065263197,1.1429517972502898,5968,6018,68,0,5950,6008,222631,19,1,0,18,10
2020-10-09,US,Texas,Hemphill,95,0,0,35.83764858,-100.2703577,48211.0,2487.562189054727,0.0,95,95,0,0,95,88,3825,0,0,0,0,7
2020-10-09,US,Texas,Henderson,1078,25,0,32.21128872,-95.85846587,48213.0,1302.9237221557464,2.3191094619666046,1053,1055,25,0,1030,1041,82299,23,0,0,23,14
2020-10-09,US,Texas,Hidalgo,33352,1841,0,26.39418217,-98.18299696,48215.0,3839.269166704079,5.519908851043415,31511,33148,1824,0,31324,33018,865939,204,17,0,187,130
2020-10-09,US,Texas,Hill,725,15,0,31.99045053,-97.13423143,48217.0,1978.2258724658245,2.0689655172413794,710,724,15,0,709,723,36354,1,0,0,1,1
2020-10-09,US,Texas,Hockley,399,11,0,33.60771256,-102.3431676,48219.0,1733.2001216280787,2.7568922305764407,388,392,9,0,383,387,22980,7,2,0,5,5
2020-10-09,US,Texas,Hood,1030,31,0,32.42990927,-97.83242024,48221.0,1670.9115390230845,3.0097087378640777,999,1006,31,0,975,1013,60537,24,0,0,24,-7
2020-10-09,US,Texas,Hopkins,423,18,0,33.14875072,-95.56351139,48223.0,1140.6536511703164,4.25531914893617,405,419,18,0,401,408,36810,4,0,0,4,11
2020-10-09,US,Texas,Houston,387,11,0,31.31925973,-95.42226208,48225.0,1684.9529780564264,2.842377260981912,376,387,11,0,376,385,23169,0,0,0,0,2
2020-10-09,US,Texas,Howard,975,17,0,32.30621324,-101.4356444,48227.0,2659.284311586297,1.7435897435897436,958,965,17,0,948,965,36459,10,0,0,10,0
2020-10-09,US,Texas,Hudspeth,65,3,0,31.45628381,-105.388178,48229.0,1330.3315595579206,4.615384615384615,62,64,3,0,61,64,4795,1,0,0,1,0
2020-10-09,US,Texas,Hunt,1748,40,0,33.12351514,-96.08551032,48231.0,1772.9273586627994,2.2883295194508007,1708,1742,40,0,1702,1709,96493,6,0,0,6,33
2020-10-09,US,Texas,Hutchinson,255,6,0,35.84006574,-101.3546643,48233.0,1217.8813640271276,2.3529411764705883,249,252,6,0,246,243,21198,3,0,0,3,9
2020-10-09,US,Texas,Irion,13,0,0,31.30375559,-100.982439,48235.0,846.3541666666665,0.0,13,12,0,0,12,12,1522,1,0,0,1,0
2020-10-09,US,Texas,Jack,143,3,0,33.23377248,-98.17283469,48237.0,1600.447677672076,2.097902097902098,140,144,3,0,141,144,8843,-1,0,0,-1,0
2020-10-09,US,Texas,Jackson,627,16,0,28.95472367,-96.57749563,48239.0,4247.967479674797,2.5518341307815,611,627,16,0,611,626,14874,0,0,0,0,1
2020-10-09,US,Texas,Jasper,500,30,0,30.74685667,-94.02667579,48241.0,1407.3010779926258,6.0,470,496,30,0,466,496,35872,4,0,0,4,0
2020-10-09,US,Texas,Jeff Davis,14,0,0,30.71490589,-104.1399973,48243.0,615.6552330694811,0.0,14,14,0,0,14,14,2252,0,0,0,0,0
2020-10-09,US,Texas,Jefferson,7763,140,0,29.8832777,-94.16434171,48245.0,3085.8823763242103,1.8034265103697025,7623,7753,138,0,7615,7708,255001,10,2,0,8,45
2020-10-09,US,Texas,Jim Hogg,141,3,0,27.04453923,-98.69681870000001,48247.0,2711.538461538461,2.127659574468085,138,141,3,0,138,113,5248,0,0,0,0,28
2020-10-09,US,Texas,Jim Wells,1548,40,0,27.73103938,-98.0904705,48249.0,3823.921742996888,2.5839793281653747,1508,1541,40,0,1501,1541,40822,7,0,0,7,0
2020-10-09,US,Texas,Johnson,3272,55,0,32.37877812,-97.36615819,48251.0,1861.025953121712,1.6809290953545233,3217,3256,55,0,3201,3234,171361,16,0,0,16,22
2020-10-09,US,Texas,Jones,569,0,0,32.73997145,-99.87861576,48253.0,2833.242045511129,0.0,569,567,0,0,567,565,19817,2,0,0,2,2
2020-10-09,US,Texas,Karnes,945,17,0,28.90705334,-97.85960149,48255.0,6057.304018973145,1.7989417989417988,928,946,17,0,929,946,15650,-1,0,0,-1,0
2020-10-09,US,Texas,Kaufman,3257,49,0,32.599141700000004,-96.28734728,48257.0,2392.1441896675824,1.5044519496469144,3208,3249,49,0,3200,3236,128622,8,0,0,8,13
2020-10-09,US,Texas,Kendall,371,10,0,29.94414155,-98.7113588,48259.0,782.1888638232381,2.6954177897574123,361,371,10,0,361,372,45641,0,0,0,0,-1
2020-10-09,US,Texas,Kenedy,7,2,0,26.92601662,-97.66413984,48261.0,1732.6732673267327,28.57142857142857,5,7,2,0,5,7,442,0,0,0,0,0
2020-10-09,US,Texas,Kent,9,0,0,33.18104136,-100.7780939,48263.0,1181.1023622047244,0.0,9,9,0,0,9,9,726,0,0,0,0,0
2020-10-09,US,Texas,Kerr,638,13,0,30.06040006,-99.34930144,48265.0,1212.9277566539924,2.0376175548589344,625,633,13,0,620,624,52405,5,0,0,5,9
2020-10-09,US,Texas,Kimble,18,1,0,30.48678918,-99.74856473,48267.0,415.0334332487895,5.5555555555555545,17,17,1,0,16,17,4362,1,0,0,1,0
2020-10-09,US,Texas,Kinney,59,1,0,29.34967888,-100.41866379999999,48271.0,1608.9446413962366,1.6949152542372878,58,58,1,0,57,58,3767,1,0,0,1,0
2020-10-09,US,Texas,Kleberg,1025,48,0,27.42435506,-97.69894948,48273.0,3340.9387222946543,4.682926829268292,977,1024,47,0,977,1022,31129,1,1,0,0,2
2020-10-09,US,Texas,Knox,108,8,0,33.60519951,-99.74229059999999,48275.0,2947.598253275109,7.407407407407407,100,107,8,0,99,106,3653,1,0,0,1,1
2020-10-09,US,Texas,La Salle,360,13,0,28.34453111,-99.09908775,48283.0,4787.234042553191,3.611111111111111,347,360,13,0,347,349,7531,0,0,0,0,11
2020-10-09,US,Texas,Lamar,1367,38,0,33.66981763,-95.57404777,48277.0,2741.7316833470386,2.7798098024871982,1329,1341,38,0,1303,1320,49728,26,0,0,26,21
2020-10-09,US,Texas,Lamb,356,23,0,34.06859623,-102.35162890000001,48279.0,2761.1882416815324,6.46067415730337,333,354,23,0,331,353,13158,2,0,0,2,1
2020-10-09,US,Texas,Lampasas,280,9,0,31.19531316,-98.24206613,48281.0,1306.7015120403212,3.2142857142857144,271,274,9,0,265,275,21229,6,0,0,6,-1
2020-10-09,US,Texas,Lavaca,1037,36,0,29.38508402,-96.93186692,48285.0,5145.3805696139725,3.4715525554484086,1001,1035,36,0,999,1033,20110,2,0,0,2,2
2020-10-09,US,Texas,Lee,233,14,0,30.31120597,-96.97045773,48287.0,1351.5865189396136,6.008583690987124,219,233,14,0,219,232,17144,0,0,0,0,1
2020-10-09,US,Texas,Leon,281,8,0,31.29872538,-95.9936328,48289.0,1614.5713629050792,2.846975088967972,273,270,8,0,262,269,17270,11,0,0,11,1
2020-10-09,US,Texas,Liberty,2272,52,0,30.15152688,-94.81205615,48291.0,2575.408925514912,2.2887323943661966,2220,2272,51,0,2221,2264,86323,0,1,0,-1,8
2020-10-09,US,Texas,Limestone,611,15,0,31.5454767,-96.58095444,48293.0,2606.988949097581,2.4549918166939437,596,605,15,0,590,600,23519,6,0,0,6,5
2020-10-09,US,Texas,Lipscomb,50,1,0,36.27783108,-100.27331509999999,48295.0,1546.5511908444169,2.0,49,50,1,0,49,44,3355,0,0,0,0,6
2020-10-09,US,Texas,Live Oak,374,9,0,28.35101362,-98.1246786,48297.0,3063.815843368559,2.406417112299465,365,374,9,0,365,374,12166,0,0,0,0,0
2020-10-09,US,Texas,Llano,149,2,0,30.70645047,-98.68475262,48299.0,683.6430373938978,1.342281879194631,147,143,2,0,141,143,21646,6,0,0,6,0
2020-10-09,US,Texas,Lubbock,13283,136,0,33.61008596,-101.82047890000001,48303.0,4276.988366514365,1.0238650907174585,13147,13070,135,0,12935,12939,307412,213,1,0,212,131
2020-10-09,US,Texas,Lynn,115,5,0,33.17657705,-101.8162849,48305.0,1932.4483280120987,4.3478260869565215,110,115,5,0,110,113,5877,0,0,0,0,2
2020-10-09,US,Texas,Madison,737,6,0,30.96694679,-95.93003775,48313.0,5159.619154298516,0.8141112618724559,731,735,6,0,729,733,14422,2,0,0,2,2
2020-10-09,US,Texas,Marion,158,14,0,32.79868409,-94.35661230000001,48315.0,1603.409782829308,8.860759493670884,144,156,14,0,142,156,9928,2,0,0,2,0
2020-10-09,US,Texas,Martin,79,6,0,32.30600051,-101.9513518,48317.0,1368.9135331831571,7.594936708860758,73,79,6,0,73,79,5753,0,0,0,0,0
2020-10-09,US,Texas,Mason,79,2,0,30.71780434,-99.22629416,48319.0,1848.3855872718768,2.5316455696202533,77,79,2,0,77,79,4280,0,0,0,0,0
2020-10-09,US,Texas,Matagorda,1069,51,0,28.81955746,-96.01230294,48321.0,2917.337554239555,4.770813844714686,1018,1068,50,0,1018,1063,36552,1,1,0,0,5
2020-10-09,US,Texas,Maverick,3838,135,0,28.7429195,-100.3157686,48323.0,6535.880930486021,3.5174570088587807,3703,3838,135,0,3703,3829,58485,0,0,0,0,9
2020-10-09,US,Texas,McCulloch,174,4,0,31.1925468,-99.34682807,48307.0,2179.35871743487,2.2988505747126435,170,172,4,0,168,172,7987,2,0,0,2,0
2020-10-09,US,Texas,McLennan,8800,115,0,31.55255453,-97.20217694,48309.0,3429.154830237352,1.306818181818182,8685,8716,114,0,8602,8642,254607,84,1,0,83,74
2020-10-09,US,Texas,McMullen,24,1,0,28.35251708,-98.56769164,48311.0,3230.1480484522212,4.166666666666667,23,24,1,0,23,24,749,0,0,0,0,0
2020-10-09,US,Texas,Medina,1241,48,0,29.355730100000002,-99.11030298,48325.0,2405.7847394540945,3.86784850926672,1193,1241,48,0,1193,1241,50921,0,0,0,0,0
2020-10-09,US,Texas,Menard,32,0,0,30.88990665,-99.82047940000001,48327.0,1496.7259120673525,0.0,32,31,0,0,31,31,2139,1,0,0,1,0
2020-10-09,US,Texas,Midland,4176,85,0,31.86904128,-102.03156820000001,48329.0,2361.5635179153096,2.0354406130268203,4091,4080,85,0,3995,4080,172578,96,0,0,96,0
2020-10-09,US,Texas,Milam,520,7,0,30.78581830000001,-96.97718698,48331.0,2094.831406357008,1.3461538461538465,513,519,7,0,512,517,25131,1,0,0,1,2
2020-10-09,US,Texas,Mills,65,0,0,31.49557106,-98.59272068,48333.0,1333.8805663862095,0.0,65,64,0,0,64,62,4921,1,0,0,1,2
2020-10-09,US,Texas,Mitchell,106,2,0,32.30623474,-100.9212058,48335.0,1240.491515506144,1.8867924528301887,104,106,2,0,104,106,8145,0,0,0,0,0
2020-10-09,US,Texas,Montague,204,4,0,33.67521893,-97.72500958,48337.0,1029.3672419013021,1.96078431372549,200,200,4,0,196,195,19596,4,0,0,4,5
2020-10-09,US,Texas,Montgomery,12114,164,0,30.30079133,-95.50572772,48339.0,1994.4319227647434,1.3538055142809973,11950,12022,162,0,11860,11855,590925,92,2,0,90,167
2020-10-09,US,Texas,Moore,1220,22,0,35.83769242,-101.8930281,48341.0,5826.170009551099,1.8032786885245904,1198,1209,22,0,1187,1206,21485,11,0,0,11,3
2020-10-09,US,Texas,Morris,194,4,0,33.11304005,-94.73255695,48343.0,1566.0316435259924,2.061855670103093,190,194,4,0,190,194,12339,0,0,0,0,0
2020-10-09,US,Texas,Motley,10,0,0,34.07408766,-100.77972199999999,48345.0,833.3333333333335,0.0,10,10,0,0,10,10,1234,0,0,0,0,0
2020-10-09,US,Texas,Nacogdoches,1683,65,0,31.62017125,-94.61803994,48347.0,2581.129992025029,3.86215092097445,1618,1664,65,0,1599,1658,65711,19,0,0,19,6
2020-10-09,US,Texas,Navarro,1350,29,0,32.04620681,-96.47428766,48349.0,2693.9117594237023,2.1481481481481484,1321,1342,28,0,1314,1340,49565,8,1,0,7,2
2020-10-09,US,Texas,Newton,187,13,0,30.78548982,-93.74408813,48351.0,1375.5057006252298,6.951871657754011,174,187,13,0,174,187,13746,0,0,0,0,0
2020-10-09,US,Texas,Nolan,308,5,0,32.30365282,-100.4060208,48353.0,2093.2445290199807,1.6233766233766234,303,291,5,0,286,282,14751,17,0,0,17,9
2020-10-09,US,Texas,Nueces,20783,425,0,27.736286,-97.5433285,48355.0,5736.501294528753,2.0449405764326607,20358,20767,423,0,20344,20745,362265,16,2,0,14,22
2020-10-09,US,Texas,Ochiltree,169,5,0,36.27829105,-100.8158184,48357.0,1718.1781211874743,2.9585798816568047,164,169,5,0,164,165,9947,0,0,0,0,4
2020-10-09,US,Texas,Oldham,22,1,0,35.40425596,-102.6027606,48359.0,1041.6666666666667,4.545454545454546,21,21,1,0,20,20,2131,1,0,0,1,1
2020-10-09,US,Texas,Orange,2022,45,0,30.11879481,-93.89412775,48361.0,2424.576718307833,2.225519287833828,1977,2022,44,0,1978,2008,83572,0,1,0,-1,14
2020-10-09,US,Texas,Palo Pinto,627,17,0,32.75310985,-98.31319001,48363.0,2148.0694782281,2.7113237639553427,610,623,16,0,607,620,28875,4,1,0,3,3
2020-10-09,US,Texas,Panola,423,27,0,32.163959600000005,-94.30552481,48365.0,1823.7475209105805,6.382978723404255,396,415,26,0,389,411,23148,8,1,0,7,4
2020-10-09,US,Texas,Parker,2120,39,0,32.77757172,-97.80500621,48367.0,1483.783367628326,1.8396226415094337,2081,2096,38,0,2058,2085,138371,24,1,0,23,11
2020-10-09,US,Texas,Parmer,452,13,0,34.52993409,-102.78446679999999,48369.0,4705.882352941177,2.8761061946902653,439,452,12,0,440,449,9864,0,1,0,-1,3
2020-10-09,US,Texas,Pecos,409,5,0,30.78097267,-102.72412609999999,48371.0,2584.844846110093,1.2224938875305624,404,403,5,0,398,403,15673,6,0,0,6,0
2020-10-09,US,Texas,Polk,876,26,0,30.79472531,-94.82766240000001,48373.0,1705.8399704009507,2.968036529680365,850,876,25,0,851,876,50031,0,1,0,-1,0
2020-10-09,US,Texas,Potter,6611,76,0,35.40133773,-101.893964,48375.0,5630.456074607163,1.1495991529269398,6535,6500,76,0,6424,6353,119648,111,0,0,111,147
2020-10-09,US,Texas,Presidio,98,7,0,29.99954402,-104.24080790000001,48377.0,1461.8138424821002,7.142857142857142,91,97,7,0,90,97,6948,1,0,0,1,0
2020-10-09,US,Texas,Rains,76,5,0,32.87109387,-95.79232691,48379.0,607.3198018219596,6.578947368421053,71,76,5,0,71,76,12159,0,0,0,0,0
2020-10-09,US,Texas,Randall,3575,46,0,34.96585996,-101.8971322,48381.0,2595.9785931611395,1.2867132867132869,3529,3404,46,0,3358,3335,136271,171,0,0,171,69
2020-10-09,US,Texas,Reagan,93,6,0,31.36607041,-101.52326590000001,48383.0,2416.212003117693,6.451612903225807,87,90,6,0,84,90,3741,3,0,0,3,0
2020-10-09,US,Texas,Real,120,8,0,29.83321503,-99.82018052,48385.0,3476.245654692932,6.666666666666668,112,120,8,0,112,120,3478,0,0,0,0,0
2020-10-09,US,Texas,Red River,169,14,0,33.61886692,-95.04841765,48387.0,1405.63919154953,8.284023668639053,155,169,14,0,155,169,12175,0,0,0,0,0
2020-10-09,US,Texas,Reeves,223,6,0,31.32323325,-103.69038959999999,48389.0,1395.843765648473,2.690582959641256,217,216,6,0,210,216,15695,7,0,0,7,0
2020-10-09,US,Texas,Refugio,310,14,0,28.323897600000002,-97.15766311,48391.0,4461.715601611974,4.516129032258065,296,310,14,0,296,310,7032,0,0,0,0,0
2020-10-09,US,Texas,Roberts,14,0,0,35.83809685,-100.813175,48393.0,1639.344262295082,0.0,14,14,0,0,14,12,903,0,0,0,0,2
2020-10-09,US,Texas,Robertson,352,4,0,31.02539637,-96.51272246,48395.0,2061.614150169849,1.1363636363636365,348,341,4,0,337,338,17284,11,0,0,11,3
2020-10-09,US,Texas,Rockwall,1721,30,0,32.89779518,-96.40771592,48397.0,1640.375542105514,1.7431725740848345,1691,1712,30,0,1682,1712,100657,9,0,0,9,0
2020-10-09,US,Texas,Runnels,287,9,0,31.8314342,-99.97616148,48399.0,2796.1808261886213,3.1358885017421603,278,285,9,0,276,285,10234,2,0,0,2,0
2020-10-09,US,Texas,Rusk,948,19,0,32.10773545,-94.76176432,48401.0,1742.454876300408,2.0042194092827006,929,950,19,0,931,958,54450,-2,0,0,-2,-8
2020-10-09,US,Texas,Sabine,85,8,0,31.34318809,-93.85440451,48403.0,806.2986150635553,9.411764705882351,77,82,8,0,74,82,10589,3,0,0,3,0
2020-10-09,US,Texas,San Augustine,207,15,0,31.39457611,-94.17000399,48405.0,2513.050868034479,7.246376811594202,192,207,15,0,192,207,8232,0,0,0,0,0
2020-10-09,US,Texas,San Jacinto,229,11,0,30.57933681,-95.16260304,48407.0,793.5132887487439,4.80349344978166,218,228,11,0,217,228,28719,1,0,0,1,0
2020-10-09,US,Texas,San Patricio,1501,78,0,28.00880118,-97.51763891,48409.0,2249.363105050202,5.19653564290473,1423,1501,77,0,1424,1501,66893,0,1,0,-1,0
2020-10-09,US,Texas,San Saba,77,0,0,31.1577796,-98.81758731,48411.0,1271.676300578035,0.0,77,77,0,0,77,79,6054,0,0,0,0,-2
2020-10-09,US,Texas,Schleicher,53,2,0,30.89740592,-100.5384842,48413.0,1897.6011457214465,3.7735849056603774,51,53,2,0,51,53,2895,0,0,0,0,0
2020-10-09,US,Texas,Scurry,868,8,0,32.74613808,-100.91626640000001,48415.0,5196.67125666048,0.9216589861751152,860,856,8,0,848,834,16866,12,0,0,12,22
2020-10-09,US,Texas,Shackelford,29,0,0,32.73587756,-99.35401337,48417.0,888.208269525268,0.0,29,29,0,0,29,29,3253,0,0,0,0,0
2020-10-09,US,Texas,Shelby,529,27,0,31.79211404,-94.14550696,48419.0,2093.0600617235104,5.103969754253309,502,525,27,0,498,495,25418,4,0,0,4,30
2020-10-09,US,Texas,Sherman,67,1,0,36.27751473,-101.8933156,48421.0,2217.074784910655,1.492537313432836,66,66,1,0,65,66,3079,1,0,0,1,0
2020-10-09,US,Texas,Smith,4009,113,0,32.37474036,-95.27175679999999,48423.0,1722.4415791983704,2.8186580194562234,3896,3981,112,0,3869,3953,230221,28,1,0,27,28
2020-10-09,US,Texas,Somervell,152,5,0,32.22236802,-97.77403489,48425.0,1665.2059596844872,3.2894736842105265,147,151,5,0,146,150,9016,1,0,0,1,1
2020-10-09,US,Texas,Starr,3481,174,0,26.56150059,-98.73892358,48427.0,5385.793634830505,4.998563631140477,3307,3479,173,0,3306,3465,64525,2,1,0,1,14
2020-10-09,US,Texas,Stephens,142,4,0,32.73553157,-98.83631615,48429.0,1516.1221439248345,2.8169014084507036,138,145,4,0,141,142,9433,-3,0,0,-3,3
2020-10-09,US,Texas,Sterling,7,0,0,31.82781912,-101.05007459999999,48431.0,542.2153369481024,0.0,7,7,0,0,7,7,1311,0,0,0,0,0
2020-10-09,US,Texas,Stonewall,16,1,0,33.17906744,-100.25384009999999,48433.0,1185.1851851851852,6.25,15,16,1,0,15,16,1362,0,0,0,0,0
2020-10-09,US,Texas,Sutton,85,3,0,30.49856623,-100.5382014,48435.0,2251.0593220338988,3.5294117647058822,82,85,3,0,82,85,3758,0,0,0,0,0
2020-10-09,US,Texas,Swisher,119,3,0,34.53028891,-101.73491740000001,48437.0,1608.7603082330677,2.5210084033613445,116,113,3,0,110,112,7462,6,0,0,6,1
2020-10-09,US,Texas,Tarrant,54152,757,0,32.77143818,-97.29101614,48439.0,2575.5821004844197,1.3979169744423106,53395,53838,751,0,53087,53292,2084931,314,6,0,308,546
2020-10-09,US,Texas,Taylor,1595,60,0,32.30163422,-99.89007449,48441.0,1155.5124099859454,3.761755485893417,1535,1582,60,0,1522,1574,137640,13,0,0,13,8
2020-10-09,US,Texas,Terrell,3,0,0,30.22429013,-102.0766732,48443.0,386.59793814432993,0.0,3,3,0,0,3,3,823,0,0,0,0,0
2020-10-09,US,Texas,Terry,337,6,0,33.17402785,-102.3354521,48445.0,2731.620329091352,1.7804154302670625,331,323,4,0,319,320,12287,14,2,0,12,3
2020-10-09,US,Texas,Throckmorton,14,2,0,33.17751417,-99.21226795,48447.0,932.711525649567,14.285714285714285,12,13,2,0,11,10,1515,1,0,0,1,3
2020-10-09,US,Texas,Titus,1646,31,0,33.21339719,-94.96797273,48449.0,5025.954198473282,1.8833535844471443,1615,1601,31,0,1570,1601,33033,45,0,0,45,0
2020-10-09,US,Texas,Tom Green,4001,71,0,31.40464436,-100.46244300000001,48451.0,3356.5436241610737,1.7745563609097723,3930,3968,71,0,3897,3932,118189,33,0,0,33,36
2020-10-09,US,Texas,Travis,30165,441,0,30.33432034,-97.78535620000001,48453.0,2367.8248979162513,1.4619592242665342,29724,30075,437,0,29638,29997,1248743,90,4,0,86,78
2020-10-09,US,Texas,Trinity,199,7,0,31.0879489,-95.1367187,48455.0,1358.2690601324139,3.5175879396984926,192,199,7,0,192,199,14740,0,0,0,0,0
2020-10-09,US,Texas,Tyler,242,4,0,30.77031716,-94.37690895,48457.0,1116.6482096714656,1.6528925619834711,238,236,4,0,232,236,21696,6,0,0,6,0
2020-10-09,US,Texas,Upshur,423,12,0,32.73706798,-94.93999853,48459.0,1013.1008550283811,2.8368794326241136,411,416,11,0,405,412,41260,7,1,0,6,4
2020-10-09,US,Texas,Upton,25,2,0,31.36868194,-102.0423217,48461.0,683.6204539239814,8.0,23,25,2,0,23,25,3671,0,0,0,0,0
2020-10-09,US,Texas,Uvalde,807,36,0,29.35739637,-99.76229172,48463.0,3017.8377771960663,4.4609665427509295,771,805,36,0,769,805,26846,2,0,0,2,0
2020-10-09,US,Texas,Val Verde,2295,117,0,29.89149232,-101.1525205,48465.0,4681.285058643549,5.098039215686273,2178,2278,117,0,2161,2269,49208,17,0,0,17,9
2020-10-09,US,Texas,Van Zandt,616,22,0,32.56483801,-95.83766469,48467.0,1088.5315426753843,3.571428571428572,594,611,20,0,591,606,56019,5,2,0,3,5
2020-10-09,US,Texas,Victoria,4150,97,0,28.79780988,-96.96813006,48469.0,4506.754702228401,2.3373493975903616,4053,4121,96,0,4025,4115,92035,29,1,0,28,6
2020-10-09,US,Texas,Walker,3813,58,0,30.73872995,-95.57440968,48471.0,5225.363500568719,1.5211119853134014,3755,3808,58,0,3750,3788,72480,5,0,0,5,20
2020-10-09,US,Texas,Waller,932,15,0,30.01058447,-95.99011759,48473.0,1686.999963798284,1.609442060085837,917,926,15,0,911,923,53126,6,0,0,6,3
2020-10-09,US,Texas,Ward,142,1,0,31.50999644,-103.09279090000001,48475.0,1183.5305884314052,0.7042253521126759,141,140,1,0,139,140,11720,2,0,0,2,0
2020-10-09,US,Texas,Washington,655,48,0,30.21498498,-96.40946246,48477.0,1825.427791093027,7.32824427480916,607,655,48,0,607,653,35108,0,0,0,0,2
2020-10-09,US,Texas,Webb,14320,328,0,27.7610369,-99.33237355,48479.0,5176.1780142561765,2.2905027932960893,13992,14301,326,0,13975,14287,275910,19,2,0,17,14
2020-10-09,US,Texas,Wharton,1396,55,0,29.27765923,-96.22319248,48481.0,3359.3223601886607,3.939828080229226,1341,1394,55,0,1339,1392,41619,2,0,0,2,2
2020-10-09,US,Texas,Wheeler,50,0,0,35.40114335,-100.26995140000001,48483.0,988.9240506329114,0.0,50,50,0,0,50,50,5191,0,0,0,0,0
2020-10-09,US,Texas,Wichita,2199,25,0,33.98842886,-98.70410340000001,48485.0,1663.011419496332,1.1368804001819008,2174,2118,25,0,2093,2051,132064,81,0,0,81,67
2020-10-09,US,Texas,Wilbarger,240,2,0,34.07945812,-99.24178437,48487.0,1879.5520400971106,0.8333333333333334,238,234,2,0,232,230,12820,6,0,0,6,4
2020-10-09,US,Texas,Willacy,1213,55,0,26.47411727,-97.61535848,48489.0,5679.370727596217,4.5342126957955475,1158,1213,54,0,1159,1211,21515,0,1,0,-1,2
2020-10-09,US,Texas,Williamson,8917,145,0,30.64655664,-97.60048540000001,48491.0,1509.9457963833775,1.626107435236066,8772,8894,145,0,8749,8882,566719,23,0,0,23,12
2020-10-09,US,Texas,Wilson,964,28,0,29.1732598,-98.08693082,48493.0,1887.6052476992365,2.904564315352697,936,963,28,0,935,961,50224,1,0,0,1,2
2020-10-09,US,Texas,Winkler,122,4,0,31.85008651,-103.04851629999999,48495.0,1523.0961298377026,3.278688524590164,118,121,4,0,117,121,7720,1,0,0,1,0
2020-10-09,US,Texas,Wise,812,14,0,33.21570665,-97.65460265,48497.0,1160.2652034750802,1.7241379310344829,798,801,14,0,787,799,68305,11,0,0,11,2
2020-10-09,US,Texas,Wood,569,30,0,32.78722382,-95.38236368,48499.0,1249.4784690045894,5.272407732864675,539,567,29,0,538,561,45129,2,1,0,1,6
2020-10-09,US,Texas,Yoakum,272,5,0,33.17320212,-102.82764329999999,48501.0,3121.772064730862,1.8382352941176472,267,268,5,0,263,265,8591,4,0,0,4,3
2020-10-09,US,Texas,Young,396,6,0,33.17659707,-98.68790885,48503.0,2198.778456413104,1.5151515151515151,390,386,6,0,380,371,18045,10,0,0,10,15
2020-10-09,US,Texas,Zapata,341,6,0,27.00156391,-99.16987152,48505.0,2404.9650892164473,1.7595307917888563,335,341,6,0,335,338,14190,0,0,0,0,3
2020-10-09,US,Texas,Zavala,399,16,0,28.86617238,-99.76050829,48507.0,3369.932432432432,4.010025062656641,383,401,16,0,385,400,11983,-2,0,0,-2,1
2020-10-09,US,Utah,Bear River,3911,11,0,41.52106798,-113.08328159999999,0.0,2093.4813561862347,0.2812579902838149,3900,3859,11,0,3848,3751,,52,0,0,52,108
2020-10-09,US,Utah,Central Utah,824,5,0,39.37231946,-111.5758676,0.0,1005.4420772628548,0.6067961165048543,819,809,5,0,804,794,,15,0,0,15,15
2020-10-09,US,Utah,Davis,6194,35,0,40.99001837,-112.1139997,49011.0,1742.4278653430142,0.5650629641588634,6159,6047,34,0,6013,5884,351713,147,1,0,146,163
2020-10-09,US,Utah,Salt Lake,35952,274,0,40.66616532,-111.92160109999999,49035.0,3098.143199501567,0.7621272808188696,35678,35436,271,0,35165,34884,1152633,516,3,0,513,552
2020-10-09,US,Utah,San Juan,714,29,0,37.62762978,-109.80337140000002,49037.0,4664.227854716488,4.061624649859944,685,713,29,0,684,712,15449,1,0,0,1,1
2020-10-09,US,Utah,Southeast Utah,277,1,0,38.99617072,-110.70139579999999,0.0,688.5580054189763,0.36101083032490977,276,268,1,0,267,257,,9,0,0,9,11
2020-10-09,US,Utah,Southwest Utah,4747,40,0,37.85447192,-111.4418764,0.0,1883.4162560208224,0.8426374552348852,4707,4682,40,0,4642,4653,,65,0,0,65,29
2020-10-09,US,Utah,Summit,1124,1,0,40.86688146,-110.9535882,49043.0,2666.9830347609445,0.08896797153024913,1123,1112,1,0,1111,1100,41933,12,0,0,12,12
2020-10-09,US,Utah,Tooele,1022,1,0,40.44862644,-113.12957150000001,49045.0,1414.3566891321493,0.09784735812133072,1021,993,1,0,992,968,69907,29,0,0,29,25
2020-10-09,US,Utah,TriCounty,275,2,0,40.12491499,-109.5174415,0.0,485.6769453569284,0.7272727272727273,273,273,2,0,271,265,,2,0,0,2,8
2020-10-09,US,Utah,Utah,22422,66,0,40.116672200000004,-111.66576620000001,49049.0,3524.1695285547007,0.2943537597002944,22356,22010,66,0,21944,21566,622213,412,0,0,412,444
2020-10-09,US,Utah,Wasatch,886,8,0,40.33110236,-111.1691419,49051.0,2598.926402862926,0.9029345372460496,878,875,8,0,867,865,33240,11,0,0,11,10
2020-10-09,US,Utah,Weber-Morgan,4942,32,0,41.27116049,-111.9145117,0.0,1814.6634500637078,0.6475111290975314,4910,4870,32,0,4838,4747,,72,0,0,72,123
2020-10-09,US,Vermont,Addison,112,2,0,44.03217337,-73.14130877,50001.0,304.5381624384806,1.7857142857142858,110,111,2,0,109,111,36973,1,0,0,1,0
2020-10-09,US,Vermont,Bennington,127,1,0,43.03519828,-73.09048868,50003.0,358.0490555398929,0.7874015748031497,126,126,1,0,125,125,35631,1,0,0,1,1
2020-10-09,US,Vermont,Caledonia,34,0,0,44.46548598,-72.10314651,50005.0,113.35978394958825,0.0,34,34,0,0,34,34,30302,0,0,0,0,0
2020-10-09,US,Vermont,Chittenden,865,39,0,44.46322849,-73.08359212,50007.0,528.1668640932016,4.508670520231213,826,863,39,0,824,859,164572,2,0,0,2,4
2020-10-09,US,Vermont,Essex,6,0,0,44.72736416,-71.73579864,50009.0,97.35518416355671,0.0,6,6,0,0,6,6,6250,0,0,0,0,0
2020-10-09,US,Vermont,Franklin,131,7,0,44.85627605,-72.91249563,50011.0,265.1714505485608,5.343511450381679,124,131,7,0,124,130,49421,0,0,0,0,1
2020-10-09,US,Vermont,Grand Isle,16,0,0,44.797582399999996,-73.29679772,50013.0,221.147201105736,0.0,16,16,0,0,16,16,7090,0,0,0,0,0
2020-10-09,US,Vermont,Lamoille,59,1,0,44.60353043,-72.64356694,50015.0,232.63149593880607,1.6949152542372878,58,59,1,0,58,59,25300,0,0,0,0,0
2020-10-09,US,Vermont,Orange,25,0,0,44.00470222,-72.37640104,50017.0,86.52914301536758,0.0,25,25,0,0,25,25,28999,0,0,0,0,0
2020-10-09,US,Vermont,Orleans,21,0,0,44.82964024,-72.24562697,50019.0,77.67133927580724,0.0,21,21,0,0,21,21,26907,0,0,0,0,0
2020-10-09,US,Vermont,Rutland,132,1,0,43.57723578,-73.03741676,50021.0,226.8392019384441,0.7575757575757576,131,131,1,0,130,131,58672,1,0,0,1,0
2020-10-09,US,Vermont,Unassigned,8,0,0,0.0,0.0,90050.0,0.0,0.0,8,8,0,0,8,8,,0,0,0,0,0
2020-10-09,US,Vermont,Washington,81,2,0,44.27343241,-72.61604978,50023.0,138.67725864164768,2.469135802469136,79,81,2,0,79,78,58140,0,0,0,0,3
2020-10-09,US,Vermont,Windham,129,3,0,42.986982,-72.71268875,50025.0,305.52792383117804,2.3255813953488373,126,129,3,0,126,129,42756,0,0,0,0,0
2020-10-09,US,Vermont,Windsor,100,2,0,43.58010937,-72.58595157,50027.0,181.61345392466674,2.0,98,97,2,0,95,95,55286,3,0,0,3,2
2020-10-09,US,Virginia,Accomack,1188,19,0,37.76707161,-75.63234615,51001.0,3676.197549201634,1.5993265993265993,1169,1188,19,0,1169,1188,32412,0,0,0,0,0
2020-10-09,US,Virginia,Albemarle,1417,22,0,38.02080697,-78.55481085,51003.0,1296.076099881094,1.5525758645024699,1395,1409,22,0,1387,1390,108718,8,0,0,8,19
2020-10-09,US,Virginia,Alexandria,3977,73,0,38.814003,-77.08183073,51510.0,2494.542991193517,1.8355544380186068,3904,3961,73,0,3888,3938,160530,16,0,0,16,23
2020-10-09,US,Virginia,Alleghany,82,4,0,37.78636074,-80.00222498,51005.0,551.8169582772543,4.878048780487805,78,81,4,0,77,81,14910,1,0,0,1,0
2020-10-09,US,Virginia,Amelia,128,5,0,37.34081025,-77.98584649,51007.0,973.7542791936096,3.90625,123,128,5,0,123,127,13013,0,0,0,0,1
2020-10-09,US,Virginia,Amherst,457,4,0,37.60308293,-79.14548696,51009.0,1445.9737383325423,0.8752735229759301,453,445,4,0,441,434,31666,12,0,0,12,11
2020-10-09,US,Virginia,Appomattox,235,4,0,37.37569884,-78.81340003,51011.0,1476.9656212683049,1.702127659574468,231,233,4,0,229,227,15841,2,0,0,2,6
2020-10-09,US,Virginia,Arlington,4148,152,0,38.8767675,-77.10139853,51013.0,1751.378556168247,3.6644165863066536,3996,4132,152,0,3980,4083,237521,16,0,0,16,49
2020-10-09,US,Virginia,Augusta,555,7,0,38.16404586,-79.12461614,51015.0,734.5350591598508,1.2612612612612613,548,550,7,0,543,540,75457,5,0,0,5,10
2020-10-09,US,Virginia,Bath,19,0,0,38.05852573,-79.73912095,51017.0,458.16252712804436,0.0,19,19,0,0,19,18,4292,0,0,0,0,1
2020-10-09,US,Virginia,Bedford,912,15,0,37.3080028,-79.5281964,51019.0,1154.4742205400205,1.6447368421052633,897,897,15,0,882,867,78747,15,0,0,15,30
2020-10-09,US,Virginia,Bland,64,5,0,37.13128068,-81.13599391,51021.0,1019.108280254777,7.8125,59,64,5,0,59,64,6293,0,0,0,0,0
2020-10-09,US,Virginia,Botetourt,325,11,0,37.55531756,-79.80982182,51023.0,972.5006732696968,3.3846153846153846,314,323,11,0,312,320,33277,2,0,0,2,3
2020-10-09,US,Virginia,Bristol,203,7,0,36.616302399999995,-82.16359122,51520.0,1211.0726643598614,3.4482758620689653,196,199,7,0,192,198,16482,4,0,0,4,1
2020-10-09,US,Virginia,Brunswick,387,5,0,36.76366949,-77.8593436,51025.0,2384.3262891996796,1.2919896640826871,382,384,5,0,379,374,16384,3,0,0,3,10
2020-10-09,US,Virginia,Buchanan,200,2,0,37.26818323,-82.03749726,51027.0,952.1995810321845,1.0,198,196,2,0,194,188,21221,4,0,0,4,8
2020-10-09,US,Virginia,Buckingham,710,9,0,37.57242268,-78.52518834,51029.0,4140.424539304875,1.2676056338028172,701,705,9,0,696,704,16999,5,0,0,5,1
2020-10-09,US,Virginia,Buena Vista,101,1,0,37.73484642,-79.35296097,51530.0,1559.1231861685706,0.99009900990099,100,99,1,0,98,94,6237,2,0,0,2,5
2020-10-09,US,Virginia,Campbell,536,4,0,37.20553386,-79.09678609,51031.0,976.5874100391728,0.746268656716418,532,520,4,0,516,496,54973,16,0,0,16,24
2020-10-09,US,Virginia,Caroline,374,5,0,38.02679129,-77.34901405,51033.0,1217.2497965825874,1.3368983957219251,369,371,5,0,366,370,30772,3,0,0,3,1
2020-10-09,US,Virginia,Carroll,523,25,0,36.73066666,-80.73455942,51035.0,1755.563760867376,4.780114722753346,498,522,25,0,497,517,29636,1,0,0,1,5
2020-10-09,US,Virginia,Charles City,87,5,0,37.35358063,-77.05634116,51036.0,1249.4614390348986,5.747126436781608,82,87,5,0,82,86,6941,0,0,0,0,1
2020-10-09,US,Virginia,Charlotte,167,0,0,37.01909701,-78.66314092,51037.0,1405.7239057239055,0.0,167,157,0,0,157,149,11938,10,0,0,10,8
2020-10-09,US,Virginia,Charlottesville,1438,30,0,38.03527919,-78.48569588,51540.0,3042.356027588541,2.086230876216968,1408,1421,30,0,1391,1386,48117,17,0,0,17,35
2020-10-09,US,Virginia,Chesapeake,4533,74,0,36.67670048,-76.30545744,51550.0,1851.450977188719,1.6324729759541143,4459,4517,73,0,4444,4457,242634,16,1,0,15,60
2020-10-09,US,Virginia,Chesterfield,6303,98,0,37.37373208,-77.58680140000001,51041.0,1786.554497990374,1.5548151673806123,6205,6266,98,0,6168,6207,348556,37,0,0,37,59
2020-10-09,US,Virginia,Clarke,100,1,0,39.11271747,-77.99199425,51043.0,684.0413160954922,1.0,99,100,1,0,99,99,14523,0,0,0,0,1
2020-10-09,US,Virginia,Colonial Heights,272,26,0,37.26420587,-77.39609676,51570.0,1565.9182498560735,9.558823529411764,246,272,26,0,246,269,17833,0,0,0,0,3
2020-10-09,US,Virginia,Covington,33,0,0,37.7824656,-79.98631446,51580.0,595.8829902491874,0.0,33,33,0,0,33,33,5460,0,0,0,0,0
2020-10-09,US,Virginia,Craig,33,0,0,37.48133648,-80.21072274,51045.0,643.1494835314752,0.0,33,32,0,0,32,31,5064,1,0,0,1,1
2020-10-09,US,Virginia,Culpeper,1238,18,0,38.48199985,-77.95630870000002,51047.0,2353.388461172892,1.4539579967689822,1220,1234,18,0,1216,1229,51859,4,0,0,4,5
2020-10-09,US,Virginia,Cumberland,110,2,0,37.51328851,-78.24398086,51049.0,1107.5312122432542,1.818181818181818,108,109,2,0,107,109,9809,1,0,0,1,0
2020-10-09,US,Virginia,Danville,1021,36,0,36.58022376,-79.40395668,51590.0,2549.6953351313555,3.5259549461312436,985,1011,34,0,977,978,40693,10,2,0,8,33
2020-10-09,US,Virginia,Dickenson,108,1,0,37.12560977,-82.35124171,51051.0,754.2952926386366,0.925925925925926,107,108,1,0,107,105,14523,0,0,0,0,3
2020-10-09,US,Virginia,Dinwiddie,433,11,0,37.07544585,-77.63451754,51053.0,1516.9562780269061,2.540415704387991,422,426,11,0,415,422,28529,7,0,0,7,4
2020-10-09,US,Virginia,Emporia,266,26,0,36.69455571,-77.53406129,51595.0,4975.682753460531,9.774436090225564,240,265,26,0,239,263,5121,1,0,0,1,2
2020-10-09,US,Virginia,Essex,183,2,0,37.93357639,-76.94230311,51057.0,1670.7751301013418,1.0928961748633879,181,183,2,0,181,183,10919,0,0,0,0,0
2020-10-09,US,Virginia,Fairfax,21736,598,0,38.83677558,-77.27565836,51059.0,1894.1519713611472,2.751196172248804,21138,21632,595,0,21037,21447,1150795,104,3,0,101,185
2020-10-09,US,Virginia,Fairfax,21736,598,0,38.83677558,-77.27565836,51059.0,1894.1519713611472,2.751196172248804,21138,21632,595,0,21037,21447,24574,104,3,0,101,185
2020-10-09,US,Virginia,Fairfax City,142,8,0,38.85157547,-77.29779640000002,51600.0,591.1986344144218,5.633802816901407,134,141,8,0,133,140,24574,1,0,0,1,1
2020-10-09,US,Virginia,Falls Church,73,7,0,38.88485255,-77.17560759,51610.0,499.41848532530616,9.58904109589041,66,72,7,0,65,72,14772,1,0,0,1,0
2020-10-09,US,Virginia,Fauquier,993,25,0,38.73564842,-77.80647472,51061.0,1394.2321192889838,2.5176233635448138,968,987,25,0,962,978,70675,6,0,0,6,9
2020-10-09,US,Virginia,Floyd,221,16,0,36.9302126,-80.36738849,51063.0,1403.263699282494,7.239819004524888,205,218,14,0,204,216,15795,3,2,0,1,2
2020-10-09,US,Virginia,Fluvanna,392,9,0,37.84157909,-78.27715475,51065.0,1437.4770810414375,2.295918367346939,383,387,9,0,378,386,26783,5,0,0,5,1
2020-10-09,US,Virginia,Franklin,194,1,0,36.99536167,-79.88023649,51067.0,346.1689447200313,0.5154639175257731,193,194,1,0,193,194,56195,0,0,0,0,0
2020-10-09,US,Virginia,Franklin,194,1,0,36.99536167,-79.88023649,51067.0,346.1689447200313,0.5154639175257731,193,194,1,0,193,194,8013,0,0,0,0,0
2020-10-09,US,Virginia,Franklin City,446,10,0,36.6831435,-76.93859681,51620.0,5598.0921300364,2.242152466367713,436,443,10,0,433,437,8013,3,0,0,3,6
2020-10-09,US,Virginia,Frederick,979,13,0,39.20172582,-78.25974949,51069.0,1096.145018082474,1.3278855975485189,966,971,13,0,958,957,88355,8,0,0,8,14
2020-10-09,US,Virginia,Fredericksburg,563,5,0,38.2977863,-77.4922454,51630.0,1938.9723102355692,0.8880994671403197,558,560,5,0,555,554,29144,3,0,0,3,6
2020-10-09,US,Virginia,Galax,422,30,0,36.66601852,-80.91703124,51640.0,6648.810461635418,7.109004739336492,392,421,30,0,391,421,6423,1,0,0,1,0
2020-10-09,US,Virginia,Giles,96,0,0,37.31234791,-80.70636931,51071.0,574.1626794258373,0.0,96,95,0,0,95,94,16844,1,0,0,1,1
2020-10-09,US,Virginia,Gloucester,281,2,0,37.40809042,-76.53524337,51073.0,752.3829923958444,0.7117437722419929,279,277,2,0,275,265,37349,4,0,0,4,12
2020-10-09,US,Virginia,Goochland,294,7,0,37.71714806,-77.90381514,51075.0,1237.7383909400914,2.380952380952381,287,290,7,0,283,287,23244,4,0,0,4,3
2020-10-09,US,Virginia,Grayson,329,17,0,36.65677234,-81.23215889,51077.0,2115.755627009646,5.1671732522796345,312,328,17,0,311,326,15631,1,0,0,1,2
2020-10-09,US,Virginia,Greene,248,3,0,38.29545894,-78.46525378,51079.0,1251.3244866037642,1.2096774193548387,245,244,3,0,241,241,19779,4,0,0,4,3
2020-10-09,US,Virginia,Greensville,813,11,0,36.67878901,-77.56351439,51081.0,7171.841919548341,1.3530135301353017,802,812,11,0,801,808,11627,1,0,0,1,4
2020-10-09,US,Virginia,Halifax,401,7,0,36.76654925,-78.93512622,51083.0,1182.5071510719235,1.745635910224439,394,394,7,0,387,385,34120,7,0,0,7,9
2020-10-09,US,Virginia,Hampton,1940,27,0,37.03513786,-76.35879121,51650.0,1442.2719500408896,1.3917525773195876,1913,1923,27,0,1896,1899,134313,17,0,0,17,24
2020-10-09,US,Virginia,Hanover,1421,40,0,37.7583355,-77.49464673,51085.0,1318.5977024293375,2.8149190710767065,1381,1416,40,0,1376,1401,107239,5,0,0,5,15
2020-10-09,US,Virginia,Harrisonburg,2808,35,0,38.43542574,-78.87536254,51660.0,5296.514259846084,1.2464387464387463,2773,2784,35,0,2749,2757,54033,24,0,0,24,27
2020-10-09,US,Virginia,Henrico,5700,220,0,37.53460572,-77.39326555,51087.0,1723.0017713667335,3.8596491228070176,5480,5659,220,0,5439,5617,329261,41,0,0,41,42
2020-10-09,US,Virginia,Henry,1158,27,0,36.68542395,-79.87634026,51089.0,2290.484008149217,2.33160621761658,1131,1140,27,0,1113,1120,50953,18,0,0,18,20
2020-10-09,US,Virginia,Highland,8,0,0,38.35799465,-79.56124594,51091.0,365.296803652968,0.0,8,8,0,0,8,8,2210,0,0,0,0,0
2020-10-09,US,Virginia,Hopewell,441,7,0,37.29186313,-77.29754684,51670.0,1957.4770296062848,1.5873015873015872,434,432,7,0,425,423,22596,9,0,0,9,9
2020-10-09,US,Virginia,Isle of Wight,794,20,0,36.90579348,-76.70842863,51093.0,2139.642674283867,2.5188916876574305,774,788,20,0,768,777,36953,6,0,0,6,11
2020-10-09,US,Virginia,James City,887,21,0,37.31156958,-76.76950618,51095.0,1159.1286279941976,2.367531003382187,866,878,21,0,857,871,76397,9,0,0,9,7
2020-10-09,US,Virginia,King George,250,4,0,38.26818502,-77.15852768,51099.0,931.5844388135339,1.6,246,250,4,0,246,242,26575,0,0,0,0,8
2020-10-09,US,Virginia,King William,172,2,0,37.70965316,-77.09384941,51101.0,1003.0324236062514,1.162790697674419,170,173,2,0,171,167,16939,-1,0,0,-1,6
2020-10-09,US,Virginia,King and Queen,79,1,0,37.71044922,-76.88689628,51097.0,1124.5551601423488,1.2658227848101269,78,78,1,0,77,78,7042,1,0,0,1,0
2020-10-09,US,Virginia,Lancaster,166,0,0,37.71889653,-76.46400482,51103.0,1565.5946430255588,0.0,166,164,0,0,164,161,10783,2,0,0,2,3
2020-10-09,US,Virginia,Lee,315,7,0,36.70586667,-83.12606515,51105.0,1344.832002732357,2.2222222222222223,308,310,7,0,303,306,23541,5,0,0,5,4
2020-10-09,US,Virginia,Lexington,161,1,0,37.78258621,-79.44262866,51678.0,2162.2347569164654,0.6211180124223602,160,148,1,0,147,140,7136,13,0,0,13,8
2020-10-09,US,Virginia,Loudoun,7137,128,0,39.08990083,-77.63481877,51107.0,1725.8389797310047,1.7934706459296623,7009,7110,127,0,6983,7042,406850,27,1,0,26,68
2020-10-09,US,Virginia,Louisa,322,7,0,37.97850256,-77.96274807,51109.0,856.5880130882393,2.1739130434782608,315,319,7,0,312,314,36778,3,0,0,3,5
2020-10-09,US,Virginia,Lunenburg,126,3,0,36.94618528,-78.24133319,51111.0,1033.1256149557232,2.380952380952381,123,124,3,0,121,124,12086,2,0,0,2,0
2020-10-09,US,Virginia,Lynchburg,1638,19,0,37.40021399,-79.19888138,51680.0,1993.4767792814719,1.15995115995116,1619,1613,19,0,1594,1577,82126,25,0,0,25,36
2020-10-09,US,Virginia,Madison,116,3,0,38.41531222,-78.28220331,51113.0,874.7454943066133,2.586206896551724,113,117,3,0,114,115,13295,-1,0,0,-1,2
2020-10-09,US,Virginia,Manassas,1979,24,0,38.7464321,-77.48509905,51683.0,4816.843130096142,1.212733703890854,1955,1970,24,0,1946,1961,41641,9,0,0,9,9
2020-10-09,US,Virginia,Manassas Park,624,8,0,38.77058531,-77.44399307,51685.0,3570.2025403364228,1.2820512820512822,616,621,8,0,613,619,17307,3,0,0,3,2
2020-10-09,US,Virginia,Martinsville,424,23,0,36.68212094,-79.86352771,51690.0,3377.409590568743,5.4245283018867925,401,420,23,0,397,407,12902,4,0,0,4,13
2020-10-09,US,Virginia,Mathews,104,0,0,37.44164146,-76.34098896,51115.0,1177.2696400271675,0.0,104,104,0,0,104,92,8802,0,0,0,0,12
2020-10-09,US,Virginia,Mecklenburg,819,34,0,36.67882005,-78.36131056,51117.0,2677.608134174649,4.151404151404152,785,815,34,0,781,807,30650,4,0,0,4,8
2020-10-09,US,Virginia,Middlesex,133,11,0,37.63191998,-76.55064617,51119.0,1256.851256851257,8.270676691729323,122,131,11,0,120,128,10769,2,0,0,2,3
2020-10-09,US,Virginia,Montgomery,2274,5,0,37.17746986,-80.37868691,51121.0,2307.809407824631,0.2198768689533861,2269,2216,5,0,2211,2178,98985,58,0,0,58,38
2020-10-09,US,Virginia,Nelson,113,2,0,37.78790447,-78.88498513,51125.0,756.8653717347622,1.7699115044247788,111,111,2,0,109,110,14836,2,0,0,2,1
2020-10-09,US,Virginia,New Kent,242,3,0,37.50694406,-76.99828634,51127.0,1048.0273699709844,1.2396694214876034,239,238,3,0,235,230,22391,4,0,0,4,8
2020-10-09,US,Virginia,Newport News,2891,49,0,37.08166899,-76.51754109,51700.0,1613.0562142558238,1.6949152542372878,2842,2867,49,0,2818,2845,178626,24,0,0,24,22
2020-10-09,US,Virginia,Norfolk,5017,79,0,36.89934014,-76.26420872,51710.0,2066.803437394435,1.5746462029101056,4938,4996,79,0,4917,4968,244076,21,0,0,21,28
2020-10-09,US,Virginia,Northampton,311,31,0,37.34062933,-75.87751591,51131.0,2655.849701110162,9.96784565916399,280,311,31,0,280,310,11735,0,0,0,0,1
2020-10-09,US,Virginia,Northumberland,190,6,0,37.89202088,-76.41949732,51133.0,1570.8970649028524,3.1578947368421053,184,188,6,0,182,183,12147,2,0,0,2,5
2020-10-09,US,Virginia,Norton,39,0,0,36.93357076,-82.62750411,51720.0,979.6533534287868,0.0,39,39,0,0,39,39,3968,0,0,0,0,0
2020-10-09,US,Virginia,Nottoway,295,20,0,37.1435975,-78.05065922,51135.0,1936.7121848739496,6.779661016949151,275,293,20,0,273,281,15420,2,0,0,2,12
2020-10-09,US,Virginia,Orange,348,5,0,38.24530219,-78.01560400000002,51137.0,939.2459042940812,1.4367816091954022,343,349,5,0,344,346,36644,-1,0,0,-1,3
2020-10-09,US,Virginia,Page,424,29,0,38.61807452,-78.48797204,51139.0,1773.9101330432602,6.839622641509434,395,422,29,0,393,415,23933,2,0,0,2,7
2020-10-09,US,Virginia,Patrick,291,26,0,36.680163799999995,-80.2865648,51141.0,1652.6578827805542,8.934707903780069,265,288,26,0,262,286,17673,3,0,0,3,2
2020-10-09,US,Virginia,Petersburg,798,29,0,37.20530399,-77.39368102,51730.0,2545.7793657882985,3.6340852130325816,769,787,29,0,758,782,31567,11,0,0,11,5
2020-10-09,US,Virginia,Pittsylvania,1128,11,0,36.81980341,-79.39731264,51143.0,1868.973058952182,0.9751773049645391,1117,1116,11,0,1105,1100,60949,12,0,0,12,16
2020-10-09,US,Virginia,Poquoson,80,2,0,37.14259351,-76.35798148,51735.0,651.9436068780052,2.5,78,77,2,0,75,76,12190,3,0,0,3,1
2020-10-09,US,Virginia,Portsmouth,2658,63,0,36.85914825,-76.35971629,51740.0,2815.737621559779,2.3702031602708797,2595,2652,63,0,2589,2634,94632,6,0,0,6,18
2020-10-09,US,Virginia,Powhatan,247,5,0,37.55016038,-77.91267882,51145.0,832.9960879535953,2.0242914979757085,242,240,5,0,235,240,29189,7,0,0,7,0
2020-10-09,US,Virginia,Prince Edward,652,12,0,37.22554789,-78.43597949,51147.0,2859.3982983948767,1.8404907975460123,640,631,12,0,619,625,22950,21,0,0,21,6
2020-10-09,US,Virginia,Prince George,889,5,0,37.18497668,-77.22922187,51149.0,2317.941230151488,0.562429696287964,884,879,5,0,874,872,38082,10,0,0,10,7
2020-10-09,US,Virginia,Prince William,13024,213,0,38.70916224,-77.48713689,51153.0,2769.0901166190056,1.6354422604422605,12811,12979,212,0,12767,12855,468011,45,1,0,44,124
2020-10-09,US,Virginia,Pulaski,249,5,0,37.06474963,-80.71229738,51155.0,731.7718282540336,2.0080321285140563,244,246,5,0,241,245,34066,3,0,0,3,1
2020-10-09,US,Virginia,Radford,766,2,0,37.12222899,-80.56027320000003,51750.0,4197.49027343964,0.2610966057441253,764,763,2,0,761,756,18339,3,0,0,3,7
2020-10-09,US,Virginia,Rappahannock,66,2,0,38.68295619,-78.15826963,51157.0,895.5223880597015,3.0303030303030303,64,67,2,0,65,66,7252,-1,0,0,-1,1
2020-10-09,US,Virginia,Richmond,358,4,0,37.937575,-76.72920628,51159.0,3967.6382577856593,1.11731843575419,354,355,4,0,351,352,9038,3,0,0,3,3
2020-10-09,US,Virginia,Richmond City,4871,62,0,37.53255773,-77.47966921,51760.0,2113.8190213334724,1.2728392527201806,4809,4839,62,0,4777,4792,228783,32,0,0,32,47
2020-10-09,US,Virginia,Roanoke,1058,8,0,37.26865804,-80.06396753,51161.0,1123.3091966958996,0.7561436672967864,1050,1037,8,0,1029,995,94073,21,0,0,21,42
2020-10-09,US,Virginia,Roanoke City,2051,32,0,37.27791025,-79.96189766,51770.0,2068.7290075950896,1.5602145294978058,2019,2022,32,0,1990,1966,99920,29,0,0,29,56
2020-10-09,US,Virginia,Rockbridge,134,2,0,37.81204314,-79.44605905,51163.0,593.6295574358747,1.492537313432836,132,131,2,0,129,129,22752,3,0,0,3,2
2020-10-09,US,Virginia,Rockingham,1601,22,0,38.51006137,-78.87260325,51165.0,1953.6779421096305,1.3741411617738912,1579,1576,22,0,1554,1566,81244,25,0,0,25,10
2020-10-09,US,Virginia,Russell,331,7,0,36.93028320000001,-82.10095486,51167.0,1245.0161739261266,2.114803625377644,324,318,6,0,312,300,26748,13,1,0,12,18
2020-10-09,US,Virginia,Salem,333,6,0,37.2836193,-80.06219455,51775.0,1316.1535117189046,1.8018018018018016,327,328,6,0,322,310,25643,5,0,0,5,18
2020-10-09,US,Virginia,Scott,214,4,0,36.71466456,-82.60171704,51169.0,992.302698692386,1.8691588785046729,210,210,4,0,206,205,21534,4,0,0,4,5
2020-10-09,US,Virginia,Shenandoah,855,59,0,38.85905135,-78.56813762,51171.0,1960.2898019075567,6.900584795321637,796,849,59,0,790,833,43497,6,0,0,6,16
2020-10-09,US,Virginia,Smyth,562,20,0,36.84455636,-81.53344948,51173.0,1866.8615466383205,3.5587188612099645,542,561,20,0,541,549,30472,1,0,0,1,12
2020-10-09,US,Virginia,Southampton,806,30,0,36.72231125,-77.10642712,51175.0,4571.493392320345,3.7220843672456576,776,801,29,0,772,790,17586,5,1,0,4,11
2020-10-09,US,Virginia,Spotsylvania,2231,46,0,38.18574462,-77.655399,51177.0,1637.8519252652054,2.061855670103093,2185,2217,46,0,2171,2197,134238,14,0,0,14,20
2020-10-09,US,Virginia,Stafford,2121,19,0,38.41758738,-77.45917053,51179.0,1387.3444879057056,0.8958038661008958,2102,2108,18,0,2090,2082,149960,13,1,0,12,26
2020-10-09,US,Virginia,Staunton,317,0,0,38.15965544,-79.05979937,51790.0,1271.4583667575805,0.0,317,295,0,0,295,292,24922,22,0,0,22,3
2020-10-09,US,Virginia,Suffolk,2172,77,0,36.70155394,-76.63603554,51800.0,2358.101359273896,3.5451197053407,2095,2164,77,0,2087,2134,91185,8,0,0,8,30
2020-10-09,US,Virginia,Surry,132,3,0,37.11781893,-76.88450012,51181.0,2055.434444098412,2.272727272727273,129,129,3,0,126,129,6474,3,0,0,3,0
2020-10-09,US,Virginia,Sussex,631,12,0,36.92432914,-77.25791182,51183.0,5654.6285509454265,1.901743264659271,619,632,12,0,620,612,11237,-1,0,0,-1,20
2020-10-09,US,Virginia,Tazewell,363,2,0,37.12191123,-81.56685568,51185.0,894.1987929547972,0.5509641873278237,361,358,2,0,356,344,40855,5,0,0,5,14
2020-10-09,US,Virginia,Virginia Beach,7204,97,0,36.73285734,-76.04566934,51810.0,1600.9813900358688,1.3464741810105496,7107,7192,95,0,7097,7141,450189,12,2,0,10,51
2020-10-09,US,Virginia,Warren,473,13,0,38.90847745,-78.20280433,51187.0,1177.6715466586993,2.748414376321353,460,467,12,0,455,460,40003,6,1,0,5,7
2020-10-09,US,Virginia,Washington,699,21,0,36.72341572,-81.95666289,51191.0,1300.7071082992184,3.004291845493562,678,685,21,0,664,660,54402,14,0,0,14,25
2020-10-09,US,Virginia,Waynesboro,322,3,0,38.06451466,-78.90293905,51820.0,1422.8899690676096,0.9316770186335404,319,315,3,0,312,302,22628,7,0,0,7,13
2020-10-09,US,Virginia,Westmoreland,282,4,0,38.11021557,-76.80213247,51193.0,1565.3621981681933,1.4184397163120568,278,282,4,0,278,279,17830,0,0,0,0,3
2020-10-09,US,Virginia,Williamsburg,204,8,0,37.28131268,-76.70905141,51830.0,1364.1834960545673,3.92156862745098,196,202,8,0,194,194,14896,2,0,0,2,8
2020-10-09,US,Virginia,Winchester,525,4,0,39.17054517,-78.17325058,51840.0,1869.7912956763305,0.7619047619047619,521,525,4,0,521,523,28108,0,0,0,0,2
2020-10-09,US,Virginia,Wise,464,9,0,36.9746148,-82.62410519,51195.0,1241.2058957280044,1.9396551724137927,455,464,9,0,455,456,38012,0,0,0,0,8
2020-10-09,US,Virginia,Wythe,275,4,0,36.91582035,-81.07834059,51197.0,958.7226328266628,1.4545454545454546,271,275,4,0,271,268,28754,0,0,0,0,7
2020-10-09,US,Virginia,York,580,9,0,37.24374789,-76.54412815,51199.0,849.4434680726421,1.5517241379310345,571,570,9,0,561,564,67846,10,0,0,10,6
2020-10-09,US,Washington,Adams,885,10,0,46.98299757,-118.56017340000001,53001.0,4428.764449782315,1.1299435028248588,875,879,10,0,869,878,19759,6,0,0,6,1
2020-10-09,US,Washington,Asotin,146,5,0,46.18894415,-117.2022851,53003.0,646.5326366132317,3.4246575342465757,141,141,5,0,136,138,22610,5,0,0,5,3
2020-10-09,US,Washington,Benton,4780,132,0,46.23946995,-119.51208340000001,53005.0,2338.666275258085,2.7615062761506275,4648,4766,132,0,4634,4751,201877,14,0,0,14,15
2020-10-09,US,Washington,Chelan,1900,16,0,47.87046092,-120.6173956,53007.0,2461.139896373057,0.8421052631578947,1884,1895,16,0,1879,1889,77036,5,0,0,5,6
2020-10-09,US,Washington,Clallam,242,1,0,48.04754642,-123.92263190000001,53009.0,312.94047665231284,0.4132231404958678,241,241,1,0,240,241,76737,1,0,0,1,0
2020-10-09,US,Washington,Clark,3637,69,0,45.77568046,-122.48292040000001,53011.0,744.9190051634337,1.8971679956007697,3568,3601,69,0,3532,3570,481857,36,0,0,36,31
2020-10-09,US,Washington,Columbia,14,1,0,46.29442881,-117.9051983,53013.0,351.3174404015057,7.142857142857142,13,14,1,0,13,14,4059,0,0,0,0,0
2020-10-09,US,Washington,Cowlitz,716,7,0,46.19074721,-122.6782231,53015.0,647.4189143978372,0.9776536312849162,709,715,7,0,708,712,108987,1,0,0,1,3
2020-10-09,US,Washington,Douglas,1200,9,0,47.7361335,-119.69293700000001,53017.0,2763.130627000391,0.75,1191,1197,9,0,1188,1197,42907,3,0,0,3,0
2020-10-09,US,Washington,Ferry,30,0,0,48.471143100000006,-118.5154041,53019.0,393.3394519470304,0.0,30,30,0,0,30,30,7649,0,0,0,0,0
2020-10-09,US,Washington,Franklin,4466,66,0,46.53351425,-118.9018212,53021.0,4690.092625653736,1.477832512315271,4400,4453,66,0,4387,4437,94347,13,0,0,13,16
2020-10-09,US,Washington,Garfield,13,0,0,46.43197502,-117.54540320000001,53023.0,584.2696629213483,0.0,13,13,0,0,13,13,2247,0,0,0,0,0
2020-10-09,US,Washington,Grant,3104,23,0,47.20753737,-119.4500749,53025.0,3175.9999181443322,0.740979381443299,3081,3084,23,0,3061,3060,97331,20,0,0,20,24
2020-10-09,US,Washington,Grays Harbor,570,11,0,47.14003705,-123.7820567,53027.0,759.3823690065415,1.9298245614035088,559,557,11,0,546,556,73901,13,0,0,13,1
2020-10-09,US,Washington,Island,326,12,0,48.14713305,-122.5216407,53029.0,382.8942577606559,3.6809815950920246,314,325,12,0,313,323,84460,1,0,0,1,2
2020-10-09,US,Washington,Jefferson,75,0,0,47.75003077,-123.56097040000002,53031.0,232.76744979981999,0.0,75,75,0,0,75,75,31729,0,0,0,0,0
2020-10-09,US,Washington,King,23712,784,0,47.49137892,-121.8346131,53033.0,1052.5652282377966,3.3063427800269904,22928,23547,782,0,22765,23351,2233163,165,2,0,163,196
2020-10-09,US,Washington,Kitsap,1347,16,0,47.63479026,-122.6436061,53035.0,496.18194074548853,1.1878247958426131,1331,1337,16,0,1321,1325,269805,10,0,0,10,12
2020-10-09,US,Washington,Kittitas,582,22,0,47.12521214,-120.67943899999999,53037.0,1214.1441535412534,3.7800687285223367,560,574,22,0,552,568,47364,8,0,0,8,6
2020-10-09,US,Washington,Klickitat,200,3,0,45.87325839,-120.7913598,53039.0,891.8617614269788,1.5,197,201,3,0,198,200,22107,-1,0,0,-1,1
2020-10-09,US,Washington,Lewis,617,8,0,46.57756476,-122.39257690000001,53041.0,764.4937861647687,1.2965964343598055,609,606,7,0,599,608,79604,11,1,0,10,-2
2020-10-09,US,Washington,Lincoln,63,1,0,47.57705241,-118.41943880000001,53043.0,575.9210165463022,1.5873015873015872,62,64,1,0,63,60,10740,-1,0,0,-1,4
2020-10-09,US,Washington,Mason,456,8,0,47.35007586,-123.1863685,53045.0,682.961897915169,1.7543859649122806,448,452,8,0,444,450,65507,4,0,0,4,2
2020-10-09,US,Washington,Okanogan,1069,10,0,48.54855019,-119.73872240000001,53047.0,2530.596785266198,0.9354536950420954,1059,1068,10,0,1058,1060,42132,1,0,0,1,8
2020-10-09,US,Washington,Pacific,92,3,0,46.55418369,-123.7285716,53049.0,409.4165813715455,3.260869565217391,89,91,3,0,88,91,22036,1,0,0,1,0
2020-10-09,US,Washington,Pend Oreille,97,0,0,48.53234021,-117.2741804,53051.0,706.791023025357,0.0,97,92,0,0,92,88,13602,5,0,0,5,4
2020-10-09,US,Washington,Pierce,8602,210,0,47.03892768,-122.14059579999999,53053.0,950.518243497094,2.441292722622646,8392,8518,208,0,8310,8437,891299,84,2,0,82,81
2020-10-09,US,Washington,San Juan,29,0,0,48.60182783,-122.96745,53055.0,164.94141735866228,0.0,29,29,0,0,29,29,17128,0,0,0,0,0
2020-10-09,US,Washington,Skagit,1156,22,0,48.48171488,-121.766131,53057.0,894.7022174064473,1.9031141868512111,1134,1152,22,0,1130,1147,128206,4,0,0,4,5
2020-10-09,US,Washington,Skamania,65,1,0,46.02408726,-121.91644029999999,53059.0,537.9458743689481,1.5384615384615383,64,65,1,0,64,65,11924,0,0,0,0,0
2020-10-09,US,Washington,Snohomish,7383,218,0,48.04615983,-121.7170703,53061.0,898.0844999835782,2.952729242855208,7165,7320,217,0,7103,7273,814901,63,1,0,62,47
2020-10-09,US,Washington,Spokane,7753,178,0,47.62113146,-117.4046494,53063.0,1482.9819547894215,2.2958854636914743,7575,7658,177,0,7481,7530,514631,95,1,0,94,128
2020-10-09,US,Washington,Stevens,212,3,0,48.40035475,-117.8542701,53065.0,463.66161450473504,1.4150943396226414,209,207,3,0,204,203,45260,5,0,0,5,4
2020-10-09,US,Washington,Thurston,1259,20,0,46.9291895,-122.82906559999999,53067.0,433.3370047085386,1.5885623510722795,1239,1243,20,0,1223,1208,286419,16,0,0,16,35
2020-10-09,US,Washington,Unassigned,330,3,0,0.0,0.0,90053.0,0.0,0.9090909090909092,327,327,3,0,324,321,,3,0,0,3,6
2020-10-09,US,Washington,Wahkiakum,7,0,0,46.29180039999999,-123.4250831,53069.0,155.97147950089123,0.0,7,7,0,0,7,7,4426,0,0,0,0,0
2020-10-09,US,Washington,Walla Walla,945,6,0,46.23040051,-118.4775539,53071.0,1555.299539170507,0.6349206349206349,939,943,6,0,937,936,60922,2,0,0,2,7
2020-10-09,US,Washington,Whatcom,1444,48,0,48.82227976,-121.74900179999999,53073.0,629.8882864334103,3.324099722991689,1396,1440,48,0,1392,1419,225685,4,0,0,4,21
2020-10-09,US,Washington,Whitman,1484,1,0,46.90022523,-117.52417630000001,53075.0,2961.839374101868,0.0673854447439353,1483,1455,1,0,1454,1427,49791,29,0,0,29,28
2020-10-09,US,Washington,Yakima,11552,263,0,46.45738486,-120.73801259999999,53077.0,4604.720316654243,2.2766620498614962,11289,11536,263,0,11273,11521,251446,16,0,0,16,15
2020-10-09,US,West Virginia,Barbour,130,1,0,39.1307219,-80.00350858,54001.0,790.7061614257042,0.7692307692307693,129,118,1,0,117,116,16535,12,0,0,12,2
2020-10-09,US,West Virginia,Berkeley,1187,16,0,39.46704621,-78.02414609,54003.0,996.0476961676918,1.3479359730412803,1171,1161,16,0,1145,1148,117123,26,0,0,26,13
2020-10-09,US,West Virginia,Boone,267,2,0,38.01974191,-81.69888019,54005.0,1244.3491634431655,0.7490636704119851,265,263,2,0,261,262,21951,4,0,0,4,1
2020-10-09,US,West Virginia,Braxton,16,0,0,38.70036159,-80.72011184,54007.0,114.63781614960234,0.0,16,16,0,0,16,16,14089,0,0,0,0,0
2020-10-09,US,West Virginia,Brooke,128,1,0,40.27367263,-80.57915332,54009.0,583.4358904234467,0.78125,127,125,1,0,124,124,22203,3,0,0,3,1
2020-10-09,US,West Virginia,Cabell,978,13,0,38.42424062,-82.23855912,54011.0,1063.6793735385286,1.3292433537832309,965,941,12,0,929,930,93224,37,1,0,36,11
2020-10-09,US,West Virginia,Calhoun,29,0,0,38.84315422,-81.11934872,54013.0,407.9336052890702,0.0,29,29,0,0,29,28,7254,0,0,0,0,1
2020-10-09,US,West Virginia,Clay,48,2,0,38.46231092,-81.07652217,54015.0,564.1748942172072,4.166666666666667,46,44,2,0,42,43,8632,4,0,0,4,1
2020-10-09,US,West Virginia,Doddridge,40,1,0,39.27057157,-80.70671527,54017.0,473.4848484848485,2.5,39,39,1,0,38,36,8406,1,0,0,1,3
2020-10-09,US,West Virginia,Fayette,678,17,0,38.02974928,-81.08286634,54019.0,1598.8303541951611,2.5073746312684366,661,670,16,0,654,664,43018,8,1,0,7,6
2020-10-09,US,West Virginia,Gilmer,50,0,0,38.9251277,-80.85952723,54021.0,639.1409945033872,0.0,50,50,0,0,50,49,8026,0,0,0,0,1
2020-10-09,US,West Virginia,Grant,169,7,0,39.10314817,-79.19440518,54023.0,1460.9266943291839,4.142011834319527,162,165,7,0,158,163,11626,4,0,0,4,2
2020-10-09,US,West Virginia,Greenbrier,142,3,0,37.9463652,-80.45335881,54025.0,409.67053257169226,2.112676056338028,139,139,3,0,136,138,34786,3,0,0,3,1
2020-10-09,US,West Virginia,Hampshire,115,1,0,39.32103553,-78.60826476,54027.0,496.22437971952536,0.8695652173913043,114,112,1,0,111,112,23347,3,0,0,3,0
2020-10-09,US,West Virginia,Hancock,165,0,0,40.51943859,-80.57461608,54029.0,572.717806317251,0.0,165,160,0,0,160,160,29094,5,0,0,5,0
2020-10-09,US,West Virginia,Hardy,98,1,0,39.00683177,-78.85855301,54031.0,711.3821138211383,1.020408163265306,97,96,1,0,95,96,13775,2,0,0,2,0
2020-10-09,US,West Virginia,Harrison,498,10,0,39.2853852,-80.37919577,54033.0,740.4543832520517,2.0080321285140563,488,486,10,0,476,473,67554,12,0,0,12,13
2020-10-09,US,West Virginia,Jackson,311,24,0,38.84263974,-81.68148753,54035.0,1088.325867861142,7.717041800643088,287,306,23,0,283,298,28706,5,1,0,4,8
2020-10-09,US,West Virginia,Jefferson,470,4,0,39.30776166,-77.86014147,54037.0,822.4547649879256,0.851063829787234,466,467,4,0,463,463,56811,3,0,0,3,4
2020-10-09,US,West Virginia,Kanawha,3054,91,0,38.33860077,-81.52857054,54039.0,1714.5359412544074,2.9796987557301895,2963,2994,89,0,2905,2965,180454,60,2,0,58,29
2020-10-09,US,West Virginia,Lewis,47,2,0,38.9947249,-80.49988181,54041.0,295.4674042874206,4.25531914893617,45,43,2,0,41,42,16024,4,0,0,4,1
2020-10-09,US,West Virginia,Lincoln,195,2,0,38.172154,-82.07017953,54043.0,955.4608261061296,1.0256410256410255,193,193,2,0,191,191,20599,2,0,0,2,2
2020-10-09,US,West Virginia,Logan,688,43,0,37.8299889,-81.93528571,54045.0,2148.7241950092134,6.25,645,679,42,0,637,673,32607,9,1,0,8,6
2020-10-09,US,West Virginia,Marion,318,5,0,39.50984542,-80.24244659,54049.0,567.1279783135967,1.572327044025157,313,312,5,0,307,311,56097,6,0,0,6,1
2020-10-09,US,West Virginia,Marshall,196,1,0,39.86064362,-80.66591062,54051.0,641.9704562575743,0.5102040816326531,195,188,1,0,187,186,30785,8,0,0,8,2
2020-10-09,US,West Virginia,Mason,154,6,0,38.77071799,-82.02524219,54053.0,580.7814149947202,3.8961038961038965,148,152,6,0,146,151,26718,2,0,0,2,1
2020-10-09,US,West Virginia,McDowell,96,1,0,37.38002939,-81.65083669,54047.0,544.7117566954154,1.0416666666666667,95,96,1,0,95,96,18223,0,0,0,0,0
2020-10-09,US,West Virginia,Mercer,450,28,0,37.40481169,-81.11023142,54055.0,765.8531604207087,6.222222222222222,422,449,28,0,421,449,59131,1,0,0,1,0
2020-10-09,US,West Virginia,Mineral,181,4,0,39.41561583,-78.94104895,54057.0,673.6638380229267,2.209944751381216,177,180,4,0,176,179,26940,1,0,0,1,1
2020-10-09,US,West Virginia,Mingo,427,10,0,37.73048351,-82.13338365,54059.0,1822.916666666667,2.34192037470726,417,419,10,0,409,414,23785,8,0,0,8,5
2020-10-09,US,West Virginia,Monongalia,2135,5,0,39.63218457,-80.04766838,54061.0,2021.550581373329,0.234192037470726,2130,2124,5,0,2119,2119,106420,11,0,0,11,5
2020-10-09,US,West Virginia,Monroe,166,8,0,37.56274716,-80.54577965,54063.0,1250.4708097928435,4.819277108433735,158,157,8,0,149,155,13280,9,0,0,9,2
2020-10-09,US,West Virginia,Morgan,73,0,0,39.55439028,-78.26311676,54065.0,408.1860881234623,0.0,73,68,0,0,68,67,17787,5,0,0,5,1
2020-10-09,US,West Virginia,Nicholas,136,3,0,38.29617706,-80.79759588,54067.0,555.1926845199216,2.2058823529411766,133,129,3,0,126,129,24842,7,0,0,7,0
2020-10-09,US,West Virginia,Ohio,408,7,0,40.0955451,-80.62203992,54069.0,985.2454661804834,1.7156862745098038,401,396,7,0,389,392,41755,12,0,0,12,4
2020-10-09,US,West Virginia,Pendleton,55,1,0,38.68314479,-79.35084086,54071.0,789.2093557181805,1.818181818181818,54,54,1,0,53,54,6997,1,0,0,1,0
2020-10-09,US,West Virginia,Pleasants,20,3,0,39.37091679,-81.16771771,54073.0,268.0965147453083,15.0,17,20,3,0,17,20,7507,0,0,0,0,0
2020-10-09,US,West Virginia,Pocahontas,60,0,0,38.32758728,-80.00993811,54075.0,727.5372862859223,0.0,60,60,0,0,60,60,8414,0,0,0,0,0
2020-10-09,US,West Virginia,Preston,168,5,0,39.46770987,-79.66712803,54077.0,502.51256281407035,2.9761904761904763,163,165,5,0,160,162,33839,3,0,0,3,3
2020-10-09,US,West Virginia,Putnam,675,10,0,38.50782345,-81.9082131,54079.0,1195.748449955713,1.4814814814814814,665,658,10,0,648,647,56682,17,0,0,17,11
2020-10-09,US,West Virginia,Raleigh,596,8,0,37.76936795,-81.2456041,54081.0,812.4207685282373,1.342281879194631,588,581,8,0,573,571,74254,15,0,0,15,10
2020-10-09,US,West Virginia,Randolph,303,2,0,38.769899,-79.87919615,54083.0,1055.9330893883953,0.6600660066006601,301,284,2,0,282,281,28823,19,0,0,19,3
2020-10-09,US,West Virginia,Ritchie,18,0,0,39.18094587,-81.06356878,54085.0,188.40276324052758,0.0,18,16,0,0,16,13,9721,2,0,0,2,3
2020-10-09,US,West Virginia,Roane,65,2,0,38.71622686,-81.35243568,54087.0,474.8684979544128,3.0769230769230766,63,61,2,0,59,59,13932,4,0,0,4,2
2020-10-09,US,West Virginia,Summers,62,0,0,37.65390597,-80.86009693,54089.0,493.1201781595482,0.0,62,61,0,0,61,59,12760,1,0,0,1,2
2020-10-09,US,West Virginia,Taylor,151,8,0,39.33602617,-80.0421439,54091.0,904.462413896376,5.298013245033113,143,151,8,0,143,150,16862,0,0,0,0,1
2020-10-09,US,West Virginia,Tucker,44,0,0,39.11240885,-79.57053576,54093.0,643.3689135838573,0.0,44,43,0,0,43,43,6955,1,0,0,1,0
2020-10-09,US,West Virginia,Tyler,20,1,0,39.46811972,-80.88772676,54095.0,232.80176929344663,5.0,19,18,1,0,17,17,8746,2,0,0,2,1
2020-10-09,US,West Virginia,Upshur,168,1,0,38.89285061,-80.23689136,54097.0,694.9040370615486,0.5952380952380952,167,150,1,0,149,146,24415,18,0,0,18,4
2020-10-09,US,West Virginia,Wayne,428,11,0,38.14901357,-82.42287994,54099.0,1086.239277194051,2.5700934579439254,417,426,11,0,415,426,39944,2,0,0,2,0
2020-10-09,US,West Virginia,Webster,9,0,0,38.49370949,-80.4202023,54101.0,110.9193985703722,0.0,9,9,0,0,9,9,8285,0,0,0,0,0
2020-10-09,US,West Virginia,Wetzel,67,0,0,39.6065771,-80.64016540000001,54103.0,444.73946232990374,0.0,67,67,0,0,67,66,15270,0,0,0,0,1
2020-10-09,US,West Virginia,Wirt,19,0,0,39.02775007,-81.37473928,54105.0,326.4043978697818,0.0,19,15,0,0,15,12,5830,4,0,0,4,3
2020-10-09,US,West Virginia,Wood,401,6,0,39.20967886,-81.5162836,54107.0,480.1360185828205,1.4962593516209477,395,396,6,0,390,387,84203,5,0,0,5,9
2020-10-09,US,West Virginia,Wyoming,135,5,0,37.612327,-81.54511071,54109.0,661.9593998234775,3.703703703703704,130,132,5,0,127,130,20786,3,0,0,3,2
2020-10-09,US,Wisconsin,Adams,290,4,0,43.96974651,-89.76782777,55001.0,1434.2235410484668,1.3793103448275863,286,287,4,0,283,281,20348,3,0,0,3,6
2020-10-09,US,Wisconsin,Ashland,180,2,0,46.31956891,-90.67837132,55003.0,1156.6636679090088,1.1111111111111112,178,173,2,0,171,168,15600,7,0,0,7,5
2020-10-09,US,Wisconsin,Barron,575,6,0,45.42372701,-91.84833627,55005.0,1270.8867474140218,1.0434782608695652,569,553,6,0,547,535,45164,22,0,0,22,18
2020-10-09,US,Wisconsin,Bayfield,136,1,0,46.52868768,-91.19716729,55007.0,904.4958765629157,0.7352941176470589,135,131,1,0,130,131,15042,5,0,0,5,0
2020-10-09,US,Wisconsin,Brown,11386,74,0,44.452655299999996,-88.00411844,55009.0,4304.042458286397,0.649920955559459,11312,11173,72,0,11101,10854,263378,213,2,0,211,319
2020-10-09,US,Wisconsin,Buffalo,169,2,0,44.37835084,-91.75332578,55011.0,1296.9073747218174,1.183431952662722,167,165,2,0,163,161,13125,4,0,0,4,4
2020-10-09,US,Wisconsin,Burnett,239,4,0,45.86303537,-92.36711412,55013.0,1550.538471519398,1.6736401673640169,235,238,4,0,234,233,15392,1,0,0,1,5
2020-10-09,US,Wisconsin,Calumet,1771,6,0,44.0816316,-88.21780273,55015.0,3535.7064425322924,0.33879164313946925,1765,1726,6,0,1720,1662,50159,45,0,0,45,64
2020-10-09,US,Wisconsin,Chippewa,763,0,0,45.06939744,-91.28068855,55017.0,1180.055058925423,0.0,763,730,0,0,730,698,64135,33,0,0,33,32
2020-10-09,US,Wisconsin,Clark,524,9,0,44.73483377,-90.61207486,55019.0,1506.8729510553865,1.717557251908397,515,510,9,0,501,502,34709,14,0,0,14,8
2020-10-09,US,Wisconsin,Columbia,1019,3,0,43.46492199,-89.33589004,55021.0,1771.188208301467,0.2944062806673209,1016,986,3,0,983,947,57358,33,0,0,33,39
2020-10-09,US,Wisconsin,Crawford,227,0,0,43.23870316,-90.93073686,55023.0,1407.2283181451862,0.0,227,220,0,0,220,210,16291,7,0,0,7,10
2020-10-09,US,Wisconsin,Dane,11035,43,0,43.06601594,-89.41733797,55025.0,2018.49294396327,0.3896692342546443,10992,10841,43,0,10798,10734,542364,194,0,0,194,107
2020-10-09,US,Wisconsin,Dodge,2428,19,0,43.41576662,-88.70928178,55027.0,2764.1480435797307,0.7825370675453048,2409,2369,19,0,2350,2268,87847,59,0,0,59,101
2020-10-09,US,Wisconsin,Door,491,4,0,44.95856458,-87.30002707,55029.0,1774.613271649559,0.8146639511201629,487,462,3,0,459,449,27610,29,1,0,28,13
2020-10-09,US,Wisconsin,Douglas,604,0,0,46.43222285,-91.91595768,55031.0,1399.7682502896869,0.0,604,587,0,0,587,566,43208,17,0,0,17,21
2020-10-09,US,Wisconsin,Dunn,745,1,0,44.94562799,-91.8962481,55033.0,1642.1266090636573,0.1342281879194631,744,725,1,0,724,706,45131,20,0,0,20,19
2020-10-09,US,Wisconsin,Eau Claire,2308,8,0,44.726614,-91.28609183,55035.0,2205.531028419625,0.3466204506065858,2300,2264,8,0,2256,2211,104534,44,0,0,44,53
2020-10-09,US,Wisconsin,Florence,122,2,0,45.84963535,-88.39804137,55037.0,2840.512223515716,1.639344262295082,120,121,2,0,119,120,4321,1,0,0,1,1
2020-10-09,US,Wisconsin,Fond du Lac,2747,15,0,43.75354908,-88.48885325,55039.0,2656.5960368654682,0.5460502366217692,2732,2694,14,0,2680,2600,103066,53,1,0,52,94
2020-10-09,US,Wisconsin,Forest,358,7,0,45.66678019,-88.77084892,55041.0,3976.0106619280323,1.9553072625698324,351,354,7,0,347,346,8991,4,0,0,4,8
2020-10-09,US,Wisconsin,Grant,1323,19,0,42.8671731,-90.7063218,55043.0,2571.9784599234044,1.4361300075585792,1304,1300,19,0,1281,1268,51554,23,0,0,23,32
2020-10-09,US,Wisconsin,Green,656,3,0,42.6794956,-89.60243287,55045.0,1774.891774891775,0.4573170731707317,653,647,3,0,644,632,36929,9,0,0,9,15
2020-10-09,US,Wisconsin,Green Lake,419,1,0,43.80025981,-89.04679553,55047.0,2215.4073917411306,0.2386634844868735,418,403,0,0,403,389,18918,16,1,0,15,14
2020-10-09,US,Wisconsin,Iowa,264,0,0,43.00050278,-90.13469017,55049.0,1114.9590337021707,0.0,264,251,0,0,251,243,23771,13,0,0,13,8
2020-10-09,US,Wisconsin,Iron,149,1,0,46.26302338,-90.24295041,55051.0,2620.010550378055,0.6711409395973155,148,150,1,0,149,149,5676,-1,0,0,-1,1
2020-10-09,US,Wisconsin,Jackson,202,1,0,44.31864893,-90.80566792,55053.0,978.539940900063,0.4950495049504951,201,194,1,0,193,189,20478,8,0,0,8,5
2020-10-09,US,Wisconsin,Jefferson,1803,8,0,43.02054068,-88.77529134,55055.0,2126.9567884486073,0.4437049362174154,1795,1752,8,0,1744,1714,85129,51,0,0,51,38
2020-10-09,US,Wisconsin,Juneau,500,2,0,43.92456975,-90.11120239,55057.0,1873.5714018061228,0.4,498,482,2,0,480,473,26617,18,0,0,18,9
2020-10-09,US,Wisconsin,Kenosha,3916,68,0,42.57639354,-88.04051686,55059.0,2309.493338680475,1.7364657814096016,3848,3875,68,0,3807,3818,169290,41,0,0,41,57
2020-10-09,US,Wisconsin,Kewaunee,782,2,0,44.51727459,-87.61468386,55061.0,3826.955074875208,0.2557544757033248,780,762,2,0,760,742,20383,20,0,0,20,20
2020-10-09,US,Wisconsin,La Crosse,3486,8,0,43.90632465,-91.11451093,55063.0,2953.8367678958784,0.2294893861158921,3478,3441,8,0,3433,3399,118230,45,0,0,45,42
2020-10-09,US,Wisconsin,Lafayette,387,0,0,42.66005229,-90.1317729,55065.0,2322.2322232223223,0.0,387,374,0,0,374,363,16665,13,0,0,13,11
2020-10-09,US,Wisconsin,Langlade,401,2,0,45.26271619,-89.07483625,55067.0,2089.73891291886,0.4987531172069826,399,359,2,0,357,346,19268,42,0,0,42,13
2020-10-09,US,Wisconsin,Lincoln,386,3,0,45.33737523,-89.73411273,55069.0,1398.9055195158194,0.7772020725388601,383,375,3,0,372,371,27689,11,0,0,11,4
2020-10-09,US,Wisconsin,Manitowoc,1618,5,0,44.11946801,-87.80928853,55071.0,2048.593965637305,0.3090234857849197,1613,1556,5,0,1551,1505,79074,62,0,0,62,51
2020-10-09,US,Wisconsin,Marathon,2332,27,0,44.89792533,-89.75863384,55073.0,1718.5980013560122,1.1578044596912522,2305,2183,24,0,2159,2096,135428,149,3,0,146,87
2020-10-09,US,Wisconsin,Marinette,1203,9,0,45.38553432,-88.03324599999998,55075.0,2981.412639405205,0.7481296758104738,1194,1191,9,0,1182,1167,40434,12,0,0,12,24
2020-10-09,US,Wisconsin,Marquette,383,1,0,43.81911946,-89.40073763,55077.0,2459.226916655965,0.2610966057441253,382,366,1,0,365,360,15434,17,0,0,17,6
2020-10-09,US,Wisconsin,Menominee,144,0,0,45.00422544,-88.70950714,55078.0,3160.667251975417,0.0,144,139,0,0,139,130,4658,5,0,0,5,9
2020-10-09,US,Wisconsin,Milwaukee,31647,548,0,43.00486062,-87.96733172,55079.0,3346.318066755064,1.7316017316017316,31099,31276,548,0,30728,30925,948201,371,0,0,371,351
2020-10-09,US,Wisconsin,Monroe,733,3,0,43.94641218,-90.61881899999999,55081.0,1584.7620694873847,0.4092769440654843,730,712,3,0,709,705,46051,21,0,0,21,7
2020-10-09,US,Wisconsin,Oconto,1435,4,0,45.02715345,-88.26807503,55083.0,3783.2849986817823,0.2787456445993031,1431,1373,4,0,1369,1278,37830,62,0,0,62,95
2020-10-09,US,Wisconsin,Oneida,694,4,0,45.70677897,-89.51944105,55085.0,1949.7120382076125,0.5763688760806917,690,671,4,0,667,648,35470,23,0,0,23,23
2020-10-09,US,Wisconsin,Outagamie,6215,36,0,44.41578887,-88.46565023,55087.0,3307.87449769806,0.5792437650844731,6179,6080,35,0,6045,5893,187365,135,1,0,134,187
2020-10-09,US,Wisconsin,Ozaukee,1580,21,0,43.38352225,-87.94625009,55089.0,1770.8835363871735,1.3291139240506329,1559,1555,21,0,1534,1528,89147,25,0,0,25,27
2020-10-09,US,Wisconsin,Pepin,75,0,0,44.58307413,-91.99949611,55091.0,1029.230135858378,0.0,75,73,0,0,73,73,7289,2,0,0,2,0
2020-10-09,US,Wisconsin,Pierce,511,7,0,44.71850291,-92.4224416,55093.0,1195.2098049305328,1.3698630136986298,504,498,7,0,491,492,42555,13,0,0,13,6
2020-10-09,US,Wisconsin,Polk,311,2,0,45.46130348,-92.44182875,55095.0,710.3213576045497,0.6430868167202572,309,303,2,0,301,298,43598,8,0,0,8,5
2020-10-09,US,Wisconsin,Portage,1797,13,0,44.47558711,-89.50152965,55097.0,2539.1397727915,0.7234279354479688,1784,1765,12,0,1753,1751,70942,32,1,0,31,14
2020-10-09,US,Wisconsin,Price,219,0,0,45.68051754,-90.36098879999999,55099.0,1640.3265672983298,0.0,219,207,0,0,207,200,13397,12,0,0,12,7
2020-10-09,US,Wisconsin,Racine,5486,99,0,42.74753117,-88.05941254,55101.0,2794.545389713261,1.804593510754648,5387,5434,98,0,5336,5349,196584,52,1,0,51,85
2020-10-09,US,Wisconsin,Richland,276,4,0,43.3762778,-90.43012729,55103.0,1599.8145142592166,1.4492753623188406,272,261,4,0,257,243,17377,15,0,0,15,18
2020-10-09,US,Wisconsin,Rock,3109,34,0,42.67151616,-89.07147900000002,55105.0,1903.2285710787608,1.0935992280476037,3075,3005,34,0,2971,2939,163129,104,0,0,104,66
2020-10-09,US,Wisconsin,Rusk,86,1,0,45.47498854,-91.1333012,55107.0,606.5735646776698,1.162790697674419,85,86,1,0,85,78,14147,0,0,0,0,8
2020-10-09,US,Wisconsin,Sauk,1151,5,0,43.42574087,-89.94966132,55111.0,1786.1022314639526,0.4344048653344917,1146,1139,5,0,1134,1099,64249,12,0,0,12,40
2020-10-09,US,Wisconsin,Sawyer,273,1,0,45.87931905,-91.14504927,55113.0,1648.7498490155813,0.3663003663003663,272,268,1,0,267,263,16489,5,0,0,5,5
2020-10-09,US,Wisconsin,Shawano,1475,7,0,44.78902246,-88.76443896,55115.0,3606.445145358077,0.4745762711864407,1468,1415,6,0,1409,1358,40796,60,1,0,59,57
2020-10-09,US,Wisconsin,Sheboygan,2465,20,0,43.72099677,-87.94579284,55117.0,2137.159701751344,0.8113590263691683,2445,2374,20,0,2354,2321,115456,91,0,0,91,53
2020-10-09,US,Wisconsin,St. Croix,1155,9,0,45.03437474,-92.45000068,55109.0,1273.6114327301598,0.7792207792207793,1146,1126,9,0,1117,1099,89694,29,0,0,29,27
2020-10-09,US,Wisconsin,Taylor,273,4,0,45.21179252,-90.5004405,55119.0,1341.9849579708007,1.465201465201465,269,259,4,0,255,254,20412,14,0,0,14,5
2020-10-09,US,Wisconsin,Trempealeau,774,2,0,44.30360275,-91.35893614,55121.0,2610.543357280178,0.25839793281653745,772,764,2,0,762,748,29442,10,0,0,10,16
2020-10-09,US,Wisconsin,Vernon,332,1,0,43.59422667,-90.8324691,55123.0,1077.1526831484005,0.3012048192771085,331,322,1,0,321,310,30785,10,0,0,10,12
2020-10-09,US,Wisconsin,Vilas,328,1,0,46.05467334,-89.51719204,55125.0,1477.810317639108,0.3048780487804878,327,319,1,0,318,307,21938,9,0,0,9,12
2020-10-09,US,Wisconsin,Walworth,2850,36,0,42.66858202,-88.54163073,55127.0,2743.86721608195,1.263157894736842,2814,2825,35,0,2790,2797,103718,25,1,0,24,28
2020-10-09,US,Wisconsin,Washburn,144,2,0,45.89838588,-91.79050449,55129.0,916.0305343511453,1.3888888888888888,142,144,2,0,142,144,15878,0,0,0,0,0
2020-10-09,US,Wisconsin,Washington,3155,37,0,43.36863664,-88.22974712,55131.0,2319.2731228957473,1.172741679873217,3118,3098,37,0,3061,3028,135693,57,0,0,57,70
2020-10-09,US,Wisconsin,Waukesha,8775,97,0,43.01833055,-88.30431188,55133.0,2170.9657148229335,1.1054131054131051,8678,8597,96,0,8501,8410,403072,178,1,0,177,187
2020-10-09,US,Wisconsin,Waupaca,1518,22,0,44.47068056,-88.96534501,55135.0,2977.054324377329,1.4492753623188406,1496,1495,22,0,1473,1430,51128,23,0,0,23,65
2020-10-09,US,Wisconsin,Waushara,561,3,0,44.11324419,-89.24317107,55137.0,2295.1356216503705,0.5347593582887701,558,524,3,0,521,499,24263,37,0,0,37,25
2020-10-09,US,Wisconsin,Winnebago,5886,40,0,44.06886922,-88.64477096,55139.0,3423.944341998872,0.6795786612300374,5846,5740,38,0,5702,5508,171020,146,2,0,144,232
2020-10-09,US,Wisconsin,Wood,1058,7,0,44.45537896,-90.04158336,55141.0,1449.3349223961973,0.6616257088846881,1051,1013,7,0,1006,987,73055,45,0,0,45,26
2020-10-09,US,Wyoming,Albany,811,0,0,41.65498705,-105.72354150000001,56001.0,2085.9053497942386,0.0,811,771,0,0,771,747,38601,40,0,0,40,24
2020-10-09,US,Wyoming,Big Horn,96,2,0,44.52405055,-107.9960365,56003.0,814.2493638676845,2.083333333333333,94,90,2,0,88,87,11881,6,0,0,6,3
2020-10-09,US,Wyoming,Campbell,445,2,0,44.24886082,-105.54744040000001,56005.0,960.2727606223433,0.44943820224719105,443,427,2,0,425,412,46140,18,0,0,18,15
2020-10-09,US,Wyoming,Carbon,255,2,0,41.69357844,-106.9326084,56007.0,1722.972972972973,0.7843137254901961,253,251,2,0,249,247,14971,4,0,0,4,4
2020-10-09,US,Wyoming,Converse,185,0,0,42.97272268,-105.5081848,56009.0,1338.4459557227608,0.0,185,180,0,0,180,172,13640,5,0,0,5,8
2020-10-09,US,Wyoming,Crook,61,0,0,44.58855102,-104.56977049999999,56011.0,804.3248945147681,0.0,61,55,0,0,55,54,7450,6,0,0,6,1
2020-10-09,US,Wyoming,Fremont,881,14,0,43.04183996,-108.6296893,56013.0,2243.957107562212,1.5891032917139614,867,866,14,0,852,835,39531,15,0,0,15,31
2020-10-09,US,Wyoming,Goshen,123,2,0,42.08798185,-104.3534743,56015.0,931.0423132238286,1.6260162601626016,121,121,2,0,119,120,13376,2,0,0,2,1
2020-10-09,US,Wyoming,Hot Springs,41,0,0,43.71930657,-108.44231740000001,56017.0,929.0731928393384,0.0,41,41,0,0,41,40,4555,0,0,0,0,1
2020-10-09,US,Wyoming,Johnson,47,1,0,44.04057166,-106.58451740000001,56019.0,556.542332741267,2.127659574468085,46,46,1,0,45,46,8460,1,0,0,1,0
2020-10-09,US,Wyoming,Laramie,883,4,0,41.30702520000001,-104.6887497,56021.0,887.4371859296483,0.4530011325028313,879,863,4,0,859,831,98976,20,0,0,20,32
2020-10-09,US,Wyoming,Lincoln,260,1,0,42.26376367,-110.6563997,56023.0,1311.1447302067575,0.38461538461538464,259,254,1,0,253,246,19434,6,0,0,6,8
2020-10-09,US,Wyoming,Natrona,748,6,0,42.96180148,-106.79788500000001,56025.0,936.6625760725287,0.8021390374331551,742,709,6,0,703,693,79115,39,0,0,39,16
2020-10-09,US,Wyoming,Niobrara,4,0,0,43.05607708,-104.47588959999999,56027.0,169.77928692699493,0.0,4,4,0,0,4,4,2388,0,0,0,0,0
2020-10-09,US,Wyoming,Park,304,2,0,44.52157546,-109.58528249999999,56029.0,1041.309858190039,0.6578947368421053,302,288,2,0,286,284,29324,16,0,0,16,4
2020-10-09,US,Wyoming,Platte,58,1,0,42.13299116,-104.96633100000001,56031.0,691.0520671988562,1.7241379310344829,57,54,1,0,53,54,8566,4,0,0,4,0
2020-10-09,US,Wyoming,Sheridan,389,4,0,44.79048913,-106.8862389,56033.0,1276.0373954403806,1.0282776349614395,385,369,4,0,365,352,30233,20,0,0,20,17
2020-10-09,US,Wyoming,Sublette,130,1,0,42.76558279,-109.91309220000001,56035.0,1322.3476757196622,0.7692307692307693,129,129,1,0,128,127,9813,1,0,0,1,2
2020-10-09,US,Wyoming,Sweetwater,393,2,0,41.65943896,-108.8827882,56037.0,928.1345204638312,0.5089058524173028,391,382,2,0,380,378,43051,11,0,0,11,4
2020-10-09,US,Wyoming,Teton,656,1,0,43.93522482,-110.5890801,56039.0,2795.7722468462325,0.1524390243902439,655,645,1,0,644,633,23081,11,0,0,11,12
2020-10-09,US,Wyoming,Uinta,378,2,0,41.2878183,-110.54757820000002,56041.0,1868.8816374962921,0.5291005291005291,376,373,2,0,371,368,20299,5,0,0,5,5
2020-10-09,US,Wyoming,Unassigned,10,1,0,0.0,0.0,90056.0,0.0,10.0,9,0,1,0,-1,,,10,0,0,10,
2020-10-09,US,Wyoming,Washakie,123,6,0,43.90451606,-107.68018700000002,56043.0,1575.9128763613069,4.878048780487805,117,123,6,0,117,119,7885,0,0,0,0,4
2020-10-09,US,Wyoming,Weston,54,0,0,43.83961191,-104.56748809999999,56045.0,779.558250324816,0.0,54,51,0,0,51,50,6967,3,0,0,3,1
