Date,Country/Region,Province/State,Admin2,Confirmed,Deaths,Recovered,Latitude,Longitude,FIPS,Active Cases,Previous Confirmed,Previous Deaths,Previous Recovered,Previous Active,Prev2 Confirmed,Population,Daily Confirmed,Daily Deaths,Daily Recovered,Daily Active,Previous Daily Confirmed
2020-05-05,US,Alabama,Autauga,53,3,0,32.53952745,-86.64408227,1001.0,50,53,3,0,50,48,55601,0,0,0,0,5
2020-05-05,US,Alabama,Baldwin,189,5,0,30.72774991,-87.72207058,1003.0,184,188,4,0,184,187,218022,1,1,0,0,1
2020-05-05,US,Alabama,Barbour,47,1,0,31.868263,-85.3871286,1005.0,46,45,1,0,44,45,24881,2,0,0,2,0
2020-05-05,US,Alabama,Bibb,43,0,0,32.99642064,-87.12511459999996,1007.0,43,42,0,0,42,43,22400,1,0,0,1,-1
2020-05-05,US,Alabama,Blount,40,0,0,33.98210918,-86.56790593,1009.0,40,40,0,0,40,40,57840,0,0,0,0,0
2020-05-05,US,Alabama,Bullock,18,0,0,32.10030533,-85.71265535,1011.0,18,16,0,0,16,14,10138,2,0,0,2,2
2020-05-05,US,Alabama,Butler,120,2,0,31.75300095,-86.68057478,1013.0,118,114,1,0,113,105,19680,6,1,0,5,9
2020-05-05,US,Alabama,Calhoun,114,3,0,33.77483727,-85.82630386,1015.0,111,105,3,0,102,105,114277,9,0,0,9,0
2020-05-05,US,Alabama,Chambers,304,21,0,32.91360079,-85.39072749,1017.0,283,302,21,0,281,300,33615,2,0,0,2,2
2020-05-05,US,Alabama,Cherokee,17,0,0,34.17805983,-85.60638968,1019.0,17,16,0,0,16,16,26032,1,0,0,1,0
2020-05-05,US,Alabama,Chilton,60,1,0,32.85044126,-86.7173256,1021.0,59,58,1,0,57,57,44153,2,0,0,2,1
2020-05-05,US,Alabama,Choctaw,54,0,0,32.02227341,-88.26564429999998,1023.0,54,51,0,0,51,49,12841,3,0,0,3,2
2020-05-05,US,Alabama,Clarke,43,1,0,31.68099859,-87.83548597,1025.0,42,43,1,0,42,42,23920,0,0,0,0,1
2020-05-05,US,Alabama,Clay,24,1,0,33.26984193,-85.85836077,1027.0,23,22,1,0,21,22,13275,2,0,0,2,0
2020-05-05,US,Alabama,Cleburne,13,1,0,33.67679204,-85.52005899,1029.0,12,12,1,0,11,12,14987,1,0,0,1,0
2020-05-05,US,Alabama,Coffee,134,0,0,31.39932826,-85.98901039,1031.0,134,134,0,0,134,130,51909,0,0,0,0,4
2020-05-05,US,Alabama,Colbert,42,2,0,34.69847452,-87.80168544,1033.0,40,41,2,0,39,41,54762,1,0,0,1,0
2020-05-05,US,Alabama,Conecuh,9,0,0,31.43401703,-86.99320044,1035.0,9,9,0,0,9,9,12277,0,0,0,0,0
2020-05-05,US,Alabama,Coosa,31,1,0,32.93690146,-86.24847739,1037.0,30,30,1,0,29,30,10715,1,0,0,1,0
2020-05-05,US,Alabama,Covington,46,1,0,31.2477854,-86.45050893,1039.0,45,45,1,0,44,45,36986,1,0,0,1,0
2020-05-05,US,Alabama,Crenshaw,26,0,0,31.72941803,-86.31593104,1041.0,26,25,0,0,25,23,13824,1,0,0,1,2
2020-05-05,US,Alabama,Cullman,58,0,0,34.13020303,-86.86888037,1043.0,58,58,0,0,58,58,83442,0,0,0,0,0
2020-05-05,US,Alabama,Dale,34,0,0,31.43037123,-85.61095742,1045.0,34,34,0,0,34,34,48956,0,0,0,0,0
2020-05-05,US,Alabama,Dallas,68,3,0,32.32688101,-87.10866709999998,1047.0,65,65,3,0,62,59,38310,3,0,0,3,6
2020-05-05,US,Alabama,DeKalb,99,2,0,34.45946862,-85.80782906,1049.0,97,90,2,0,88,79,71385,9,0,0,9,11
2020-05-05,US,Alabama,Elmore,121,3,0,32.59785413,-86.14415284,1051.0,118,111,3,0,108,103,81887,10,0,0,10,8
2020-05-05,US,Alabama,Escambia,31,2,0,31.1256789,-87.15918694,1053.0,29,32,2,0,30,31,36748,-1,0,0,-1,1
2020-05-05,US,Alabama,Etowah,152,10,0,34.04567266,-86.04051873,1055.0,142,146,10,0,136,143,102501,6,0,0,6,3
2020-05-05,US,Alabama,Fayette,6,0,0,33.72076938,-87.73886638,1057.0,6,6,0,0,6,6,16433,0,0,0,0,0
2020-05-05,US,Alabama,Franklin,152,0,0,34.44235334,-87.84289505,1059.0,152,136,0,0,136,132,31363,16,0,0,16,4
2020-05-05,US,Alabama,Geneva,11,0,0,31.09389027,-85.83572839,1061.0,11,11,0,0,11,10,26314,0,0,0,0,1
2020-05-05,US,Alabama,Greene,61,2,0,32.85504247,-87.95684022,1063.0,59,61,1,0,60,58,8233,0,1,0,-1,3
2020-05-05,US,Alabama,Hale,59,2,0,32.76039258,-87.63284988,1065.0,57,56,2,0,54,52,14726,3,0,0,3,4
2020-05-05,US,Alabama,Henry,27,1,0,31.51148016,-85.24267944,1067.0,26,27,1,0,26,27,17209,0,0,0,0,0
2020-05-05,US,Alabama,Houston,98,4,0,31.15197924,-85.29939599,1069.0,94,97,4,0,93,95,104722,1,0,0,1,2
2020-05-05,US,Alabama,Jackson,53,2,0,34.78144169,-85.99750489,1071.0,51,50,2,0,48,50,51736,3,0,0,3,0
2020-05-05,US,Alabama,Jefferson,1020,49,0,33.55554728,-86.89506300000002,1073.0,971,992,48,0,944,969,659300,28,1,0,27,23
2020-05-05,US,Alabama,Lamar,13,0,0,33.77995024,-88.09668032,1075.0,13,12,0,0,12,11,13844,1,0,0,1,1
2020-05-05,US,Alabama,Lauderdale,68,2,0,34.90171875,-87.65624729,1077.0,66,63,2,0,61,61,92387,5,0,0,5,2
2020-05-05,US,Alabama,Lawrence,16,0,0,34.52041498,-87.31069453,1079.0,16,14,0,0,14,14,32957,2,0,0,2,0
2020-05-05,US,Alabama,Lee,408,28,0,32.60154883,-85.35132246,1081.0,380,403,28,0,375,400,163941,5,0,0,5,3
2020-05-05,US,Alabama,Limestone,48,0,0,34.81185586,-86.98310072,1083.0,48,47,0,0,47,45,96174,1,0,0,1,2
2020-05-05,US,Alabama,Lowndes,80,3,0,32.1597283,-86.65158371,1085.0,77,75,1,0,74,71,9974,5,2,0,3,4
2020-05-05,US,Alabama,Macon,41,2,0,32.38759944,-85.69267724,1087.0,39,40,2,0,38,40,18439,1,0,0,1,0
2020-05-05,US,Alabama,Madison,238,4,0,34.76327133,-86.55069633,1089.0,234,237,4,0,233,234,366519,1,0,0,1,3
2020-05-05,US,Alabama,Marengo,68,3,0,32.24767634,-87.78796182,1091.0,65,66,3,0,63,58,19066,2,0,0,2,8
2020-05-05,US,Alabama,Marion,90,7,0,34.13697363,-87.88704173,1093.0,83,85,6,0,79,83,29763,5,1,0,4,2
2020-05-05,US,Alabama,Marshall,439,8,0,34.36975964,-86.30486727,1095.0,431,355,7,0,348,342,96109,84,1,0,83,13
2020-05-05,US,Alabama,Mobile,1265,71,0,30.78472347,-88.20842409,1097.0,1194,1222,66,0,1156,1198,413757,43,5,0,38,24
2020-05-05,US,Alabama,Monroe,13,1,0,31.56729412,-87.36995001,1099.0,12,13,1,0,12,13,21067,0,0,0,0,0
2020-05-05,US,Alabama,Montgomery,456,8,0,32.2206831,-86.20969272,1101.0,448,438,8,0,430,409,225763,18,0,0,18,29
2020-05-05,US,Alabama,Morgan,78,0,0,34.45500589,-86.85475946,1103.0,78,76,0,0,76,74,119089,2,0,0,2,2
2020-05-05,US,Alabama,Perry,16,0,0,32.64048341,-87.29770589,1105.0,16,16,0,0,16,15,9140,0,0,0,0,1
2020-05-05,US,Alabama,Pickens,57,2,0,33.28094866,-88.08818103,1107.0,55,56,2,0,54,55,19938,1,0,0,1,1
2020-05-05,US,Alabama,Pike,82,0,0,31.80396383,-85.9408295,1109.0,82,79,0,0,79,75,33338,3,0,0,3,4
2020-05-05,US,Alabama,Randolph,82,4,0,33.29526734,-85.45708831,1111.0,78,79,4,0,75,77,22725,3,0,0,3,2
2020-05-05,US,Alabama,Russell,63,0,0,32.28725256,-85.18415324,1113.0,63,63,0,0,63,61,57781,0,0,0,0,2
2020-05-05,US,Alabama,Shelby,335,13,0,33.26879845,-86.66232561,1117.0,322,328,13,0,315,327,215707,7,0,0,7,1
2020-05-05,US,Alabama,St. Clair,76,0,0,33.71902176,-86.31029372,1115.0,76,76,0,0,76,76,88690,0,0,0,0,0
2020-05-05,US,Alabama,Sumter,85,3,0,32.59117397,-88.19916205,1119.0,82,81,3,0,78,77,12691,4,0,0,4,4
2020-05-05,US,Alabama,Talladega,67,2,0,33.37823223,-86.16886178,1121.0,65,64,2,0,62,65,79828,3,0,0,3,-1
2020-05-05,US,Alabama,Tallapoosa,303,22,0,32.86698258,-85.79833053,1123.0,281,298,19,0,279,295,40497,5,3,0,2,3
2020-05-05,US,Alabama,Tuscaloosa,243,3,0,33.28726072,-87.52556818,1125.0,240,237,2,0,235,218,208911,6,1,0,5,19
2020-05-05,US,Alabama,Walker,100,0,0,33.80270512,-87.30027177,1127.0,100,100,0,0,100,99,63711,0,0,0,0,1
2020-05-05,US,Alabama,Washington,42,2,0,31.4092794,-88.20689944,1129.0,40,38,2,0,36,38,16378,4,0,0,4,0
2020-05-05,US,Alabama,Wilcox,72,4,0,31.98773215,-87.30891118,1131.0,68,72,4,0,68,72,10627,0,0,0,0,0
2020-05-05,US,Alabama,Winston,16,0,0,34.15030532,-87.37325922,1133.0,16,16,0,0,16,16,23660,0,0,0,0,0
2020-05-05,US,Alaska,Anchorage,190,4,0,61.14998174,-149.14269860000005,2020.0,186,189,4,0,185,187,291538,1,0,0,1,2
2020-05-05,US,Alaska,Bethel,1,0,0,60.90980451,-159.8561831,2050.0,1,1,0,0,1,1,18216,0,0,0,0,0
2020-05-05,US,Alaska,Fairbanks North Star,83,2,0,64.80726247,-146.5692662,2090.0,81,83,2,0,81,83,98971,0,0,0,0,0
2020-05-05,US,Alaska,Juneau,27,0,0,58.45031811,-134.200436,2110.0,27,27,0,0,27,27,32113,0,0,0,0,0
2020-05-05,US,Alaska,Kenai Peninsula,22,1,0,60.24429722,-151.53888840000005,2122.0,21,22,1,0,21,22,58533,0,0,0,0,0
2020-05-05,US,Alaska,Ketchikan Gateway,16,0,0,55.57445008,-130.975561,2130.0,16,16,0,0,16,16,13918,0,0,0,0,0
2020-05-05,US,Alaska,Kodiak Island,1,0,0,57.65529415,-153.7493579,2150.0,1,1,0,0,1,1,13345,0,0,0,0,0
2020-05-05,US,Alaska,Matanuska-Susitna,21,1,0,62.31305045,-149.5741743,2170.0,20,21,1,0,20,21,107610,0,0,0,0,0
2020-05-05,US,Alaska,Nome,1,0,0,64.90320724,-164.0353804,2180.0,1,1,0,0,1,1,10008,0,0,0,0,0
2020-05-05,US,Alaska,Petersburg,4,1,0,57.13978948,-132.9540995,2195.0,3,4,1,0,3,4,3221,0,0,0,0,0
2020-05-05,US,Alaska,Prince of Wales-Hyder,2,0,0,55.76261984,-133.0511621,2198.0,2,2,0,0,2,2,6422,0,0,0,0,0
2020-05-05,US,Alaska,Sitka,1,0,0,57.24124555,-135.3206587,2220.0,1,1,0,0,1,1,8647,0,0,0,0,0
2020-05-05,US,Alaska,Southeast Fairbanks,1,0,0,63.87692095,-143.2127643,2240.0,1,1,0,0,1,1,6918,0,0,0,0,0
2020-05-05,US,Alaska,Yukon-Koyukuk,1,0,0,65.50815459,-151.3907387,2290.0,1,1,0,0,1,1,5327,0,0,0,0,0
2020-05-05,US,Arizona,Apache,576,7,0,35.39465006,-109.4892383,4001.0,569,549,6,0,543,526,71818,27,1,0,26,23
2020-05-05,US,Arizona,Cochise,39,0,0,31.87934684,-109.7516088,4003.0,39,39,0,0,39,39,126770,0,0,0,0,0
2020-05-05,US,Arizona,Coconino,561,46,0,35.83883429,-111.7707178,4005.0,515,540,44,0,496,527,142854,21,2,0,19,13
2020-05-05,US,Arizona,Gila,14,0,0,33.80190085,-110.8132779,4007.0,14,14,0,0,14,14,53889,0,0,0,0,0
2020-05-05,US,Arizona,Graham,19,0,0,32.93166885,-109.8882178,4009.0,19,18,0,0,18,18,38072,1,0,0,1,0
2020-05-05,US,Arizona,Greenlee,2,0,0,33.21498827,-109.2405279,4011.0,2,2,0,0,2,2,9483,0,0,0,0,0
2020-05-05,US,Arizona,La Paz,16,1,0,33.72854224,-113.9810029,4012.0,15,14,1,0,13,14,21098,2,0,0,2,0
2020-05-05,US,Arizona,Maricopa,4929,175,0,33.34835867,-112.4918154,4013.0,4754,4751,147,0,4604,4585,4410824,178,28,0,150,166
2020-05-05,US,Arizona,Mohave,147,16,0,35.70471703,-113.7577902,4015.0,131,141,13,0,128,135,209550,6,3,0,3,6
2020-05-05,US,Arizona,Navajo,869,26,0,35.3997715,-110.3218983,4017.0,843,800,21,0,779,777,110445,69,5,0,64,23
2020-05-05,US,Arizona,Pima,1379,105,0,32.0971334,-111.7890033,4019.0,1274,1346,81,0,1265,1326,1039073,33,24,0,9,20
2020-05-05,US,Arizona,Pinal,478,15,0,32.90525627,-111.3449483,4021.0,463,468,13,0,455,456,447138,10,2,0,8,12
2020-05-05,US,Arizona,Santa Cruz,35,0,0,31.52508998,-110.8479088,4023.0,35,34,0,0,34,34,46511,1,0,0,1,0
2020-05-05,US,Arizona,Unassigned,0,2,0,0.0,0.0,90004.0,-2,0,34,0,-34,0,,0,-32,0,32,0
2020-05-05,US,Arizona,Yavapai,126,1,0,34.59933926,-112.5538588,4025.0,125,93,1,0,92,89,231993,33,0,0,33,4
2020-05-05,US,Arizona,Yuma,115,1,0,32.76895712,-113.90666740000002,4027.0,114,115,1,0,114,98,212128,0,0,0,0,17
2020-05-05,US,Arkansas,Arkansas,2,0,0,34.29145151,-91.37277296,5001.0,2,3,0,0,3,3,17769,-1,0,0,-1,0
2020-05-05,US,Arkansas,Ashley,15,0,0,33.19153461,-91.7698471,5003.0,15,16,0,0,16,16,20046,-1,0,0,-1,0
2020-05-05,US,Arkansas,Baxter,5,0,0,36.28784385,-92.33782872,5005.0,5,5,0,0,5,5,41619,0,0,0,0,0
2020-05-05,US,Arkansas,Benton,110,0,0,36.33644656,-94.25680817,5007.0,110,112,0,0,112,112,272608,-2,0,0,-2,0
2020-05-05,US,Arkansas,Boone,4,0,0,36.3084504,-93.09374925,5009.0,4,4,0,0,4,4,37480,0,0,0,0,0
2020-05-05,US,Arkansas,Bradley,11,1,0,33.46755808,-92.15980837,5011.0,10,11,1,0,10,11,10897,0,0,0,0,0
2020-05-05,US,Arkansas,Carroll,6,0,0,36.34038560000001,-93.54270261,5015.0,6,6,0,0,6,6,28223,0,0,0,0,0
2020-05-05,US,Arkansas,Chicot,9,0,0,33.26458973,-91.29539209,5017.0,9,9,0,0,9,9,10438,0,0,0,0,0
2020-05-05,US,Arkansas,Clark,32,0,0,34.04613432,-93.17484713,5019.0,32,32,0,0,32,31,22061,0,0,0,0,1
2020-05-05,US,Arkansas,Clay,3,0,0,36.36826212,-90.4148172,5021.0,3,3,0,0,3,3,14847,0,0,0,0,0
2020-05-05,US,Arkansas,Cleburne,72,4,0,35.53864922,-92.02640019,5023.0,68,73,4,0,69,73,24965,-1,0,0,-1,0
2020-05-05,US,Arkansas,Cleveland,11,0,0,33.89723187,-92.18537045,5025.0,11,11,0,0,11,11,8018,0,0,0,0,0
2020-05-05,US,Arkansas,Columbia,13,2,0,33.21230701,-93.22642793,5027.0,11,13,2,0,11,13,23537,0,0,0,0,0
2020-05-05,US,Arkansas,Conway,13,1,0,35.26205537,-92.70506566,5029.0,12,13,1,0,12,13,20891,0,0,0,0,0
2020-05-05,US,Arkansas,Craighead,85,0,0,35.83018283,-90.63235729,5031.0,85,84,0,0,84,81,108558,1,0,0,1,3
2020-05-05,US,Arkansas,Crawford,4,0,0,35.58928601,-94.2446814,5033.0,4,5,0,0,5,5,63406,-1,0,0,-1,0
2020-05-05,US,Arkansas,Crittenden,197,7,0,35.21247318,-90.30839406,5035.0,190,196,7,0,189,197,48342,1,0,0,1,-1
2020-05-05,US,Arkansas,Cross,25,0,0,35.29631396,-90.77185818,5037.0,25,25,0,0,25,24,16676,0,0,0,0,1
2020-05-05,US,Arkansas,Dallas,1,0,0,33.97042763,-92.65167437,5039.0,1,1,0,0,1,1,7182,0,0,0,0,0
2020-05-05,US,Arkansas,Desha,16,0,0,33.83011025,-91.25500948,5041.0,16,16,0,0,16,16,11512,0,0,0,0,0
2020-05-05,US,Arkansas,Drew,16,1,0,33.59035001,-91.71777921,5043.0,15,16,1,0,15,16,18328,0,0,0,0,0
2020-05-05,US,Arkansas,Faulkner,77,2,0,35.14719007,-92.33717519,5045.0,75,77,2,0,75,77,124806,0,0,0,0,0
2020-05-05,US,Arkansas,Franklin,2,0,0,35.51202821,-93.89299569,5047.0,2,2,0,0,2,2,17810,0,0,0,0,0
2020-05-05,US,Arkansas,Fulton,3,0,0,36.38177105,-91.81729127,5049.0,3,1,0,0,1,1,12269,2,0,0,2,0
2020-05-05,US,Arkansas,Garland,117,0,0,34.57692074,-93.14921604,5051.0,117,117,0,0,117,118,99154,0,0,0,0,-1
2020-05-05,US,Arkansas,Grant,14,0,0,34.29017991,-92.42320562,5053.0,14,14,0,0,14,14,18188,0,0,0,0,0
2020-05-05,US,Arkansas,Greene,21,0,0,36.11735460000001,-90.55832668,5055.0,21,19,0,0,19,19,45325,2,0,0,2,0
2020-05-05,US,Arkansas,Hempstead,7,1,0,33.73325583,-93.66935133,5057.0,6,7,1,0,6,6,21741,0,0,0,0,1
2020-05-05,US,Arkansas,Hot Spring,20,0,0,34.31709259,-92.95396325,5059.0,20,20,0,0,20,20,33701,0,0,0,0,0
2020-05-05,US,Arkansas,Howard,14,0,0,34.09007427,-93.9934871,5061.0,14,14,0,0,14,13,13341,0,0,0,0,1
2020-05-05,US,Arkansas,Independence,11,0,0,35.74242707,-91.57001641,5063.0,11,11,0,0,11,10,37678,0,0,0,0,1
2020-05-05,US,Arkansas,Izard,10,0,0,36.09604046,-91.90847954,5065.0,10,9,0,0,9,9,13593,1,0,0,1,0
2020-05-05,US,Arkansas,Jackson,1,0,0,35.59802983,-91.21494602,5067.0,1,1,0,0,1,1,16811,0,0,0,0,0
2020-05-05,US,Arkansas,Jefferson,199,19,0,34.26767081,-91.92619839,5069.0,180,195,18,0,177,184,68114,4,1,0,3,11
2020-05-05,US,Arkansas,Johnson,31,0,0,35.56759135,-93.46036368,5071.0,31,31,0,0,31,31,26742,0,0,0,0,0
2020-05-05,US,Arkansas,Lafayette,8,1,0,33.24116713,-93.60677071,5073.0,7,8,1,0,7,8,6682,0,0,0,0,0
2020-05-05,US,Arkansas,Lawrence,67,4,0,36.04188196,-91.10867198,5075.0,63,67,4,0,63,66,16434,0,0,0,0,1
2020-05-05,US,Arkansas,Lee,4,1,0,34.78498904,-90.78383866,5077.0,3,3,1,0,2,3,8985,1,0,0,1,0
2020-05-05,US,Arkansas,Lincoln,853,5,0,33.95317155,-91.74002806,5079.0,848,842,4,0,838,822,13383,11,1,0,10,20
2020-05-05,US,Arkansas,Logan,2,0,0,35.21413234,-93.71951016,5083.0,2,3,0,0,3,3,21737,-1,0,0,-1,0
2020-05-05,US,Arkansas,Lonoke,44,0,0,34.75392199,-91.88742357,5085.0,44,44,0,0,44,43,73657,0,0,0,0,1
2020-05-05,US,Arkansas,Madison,1,0,0,36.01038185,-93.72524943,5087.0,1,1,0,0,1,1,16481,0,0,0,0,0
2020-05-05,US,Arkansas,Marion,1,0,0,36.26844485,-92.68451899,5089.0,1,1,0,0,1,1,16722,0,0,0,0,0
2020-05-05,US,Arkansas,Miller,35,1,0,33.31403423,-93.89285258,5091.0,34,35,1,0,34,35,43592,0,0,0,0,0
2020-05-05,US,Arkansas,Mississippi,41,0,0,35.76271485,-90.05194370000002,5093.0,41,23,0,0,23,20,41239,18,0,0,18,3
2020-05-05,US,Arkansas,Monroe,4,0,0,34.6815935,-91.20540287,5095.0,4,4,0,0,4,4,6900,0,0,0,0,0
2020-05-05,US,Arkansas,Montgomery,1,0,0,34.53704874,-93.65824478,5097.0,1,1,0,0,1,1,8924,0,0,0,0,0
2020-05-05,US,Arkansas,Nevada,2,0,0,33.66340119,-93.30632432,5099.0,2,2,0,0,2,1,8326,0,0,0,0,1
2020-05-05,US,Arkansas,Newton,3,0,0,35.91947491,-93.21612969,5101.0,3,3,0,0,3,3,7805,0,0,0,0,0
2020-05-05,US,Arkansas,Ouachita,7,0,0,33.58839816,-92.87795984,5103.0,7,7,0,0,7,7,23606,0,0,0,0,0
2020-05-05,US,Arkansas,Perry,7,0,0,34.9459153,-92.94372564,5105.0,7,7,0,0,7,7,10352,0,0,0,0,0
2020-05-05,US,Arkansas,Phillips,5,1,0,34.43268455,-90.84800154,5107.0,4,6,1,0,5,6,18029,-1,0,0,-1,0
2020-05-05,US,Arkansas,Pike,3,0,0,34.16250414,-93.65789349,5109.0,3,3,0,0,3,3,10673,0,0,0,0,0
2020-05-05,US,Arkansas,Poinsett,25,2,0,35.57433534,-90.66268713,5111.0,23,23,2,0,21,23,23974,2,0,0,2,0
2020-05-05,US,Arkansas,Polk,7,0,0,34.48254879,-94.22728802,5113.0,7,8,0,0,8,8,20049,-1,0,0,-1,0
2020-05-05,US,Arkansas,Pope,45,0,0,35.44871474,-93.03212219,5115.0,45,44,0,0,44,44,64000,1,0,0,1,0
2020-05-05,US,Arkansas,Prairie,2,0,0,34.83624419,-91.55162157,5117.0,2,2,0,0,2,2,8074,0,0,0,0,0
2020-05-05,US,Arkansas,Pulaski,565,21,0,34.77054088,-92.31355101,5119.0,544,551,20,0,531,550,392680,14,1,0,13,1
2020-05-05,US,Arkansas,Randolph,19,0,0,36.3415714,-91.02455531,5121.0,19,19,0,0,19,18,17948,0,0,0,0,1
2020-05-05,US,Arkansas,Saline,67,1,0,34.64916145,-92.67583224,5125.0,66,68,1,0,67,68,121421,-1,0,0,-1,0
2020-05-05,US,Arkansas,Scott,1,0,0,34.85588887,-94.0632176,5127.0,1,1,0,0,1,1,10319,0,0,0,0,0
2020-05-05,US,Arkansas,Searcy,6,0,0,35.9109364,-92.69936482,5129.0,6,6,0,0,6,6,7958,0,0,0,0,0
2020-05-05,US,Arkansas,Sebastian,13,0,0,35.19605503,-94.27162713,5131.0,13,13,0,0,13,13,127753,0,0,0,0,0
2020-05-05,US,Arkansas,Sevier,14,1,0,33.99780401,-94.2424869,5133.0,13,13,1,0,12,12,17139,1,0,0,1,1
2020-05-05,US,Arkansas,Sharp,7,0,0,36.16258158,-91.47819342,5135.0,7,9,0,0,9,9,17366,-2,0,0,-2,0
2020-05-05,US,Arkansas,St. Francis,95,0,0,35.02201976,-90.74828138,5123.0,95,95,0,0,95,93,25439,0,0,0,0,2
2020-05-05,US,Arkansas,Stone,8,0,0,35.86251946,-92.15684085,5137.0,8,8,0,0,8,8,12457,0,0,0,0,0
2020-05-05,US,Arkansas,Unassigned,163,0,0,0.0,0.0,90005.0,163,176,0,0,176,174,,-13,0,0,-13,2
2020-05-05,US,Arkansas,Union,62,0,0,33.16887091,-92.59746952,5139.0,62,62,0,0,62,60,39126,0,0,0,0,2
2020-05-05,US,Arkansas,Van Buren,28,2,0,35.58095779,-92.51295036,5141.0,26,28,2,0,26,28,16603,0,0,0,0,0
2020-05-05,US,Arkansas,Washington,91,3,0,35.976844,-94.21800746,5143.0,88,91,3,0,88,90,236961,0,0,0,0,1
2020-05-05,US,Arkansas,White,35,1,0,35.25688493,-91.74908296,5145.0,34,35,1,0,34,35,78727,0,0,0,0,0
2020-05-05,US,Arkansas,Woodruff,1,0,0,35.18902527,-91.2439489,5147.0,1,1,0,0,1,1,6490,0,0,0,0,0
2020-05-05,US,Arkansas,Yell,6,1,0,35.00292371,-93.41171338,5149.0,5,6,1,0,5,5,21535,0,0,0,0,1
2020-05-05,US,California,Alameda,1809,66,0,37.64629437,-121.8929271,6001.0,1743,1776,63,0,1713,1749,1666753,33,3,0,30,27
2020-05-05,US,California,Alpine,2,0,0,38.59678594,-119.8223594,6003.0,2,2,0,0,2,2,1101,0,0,0,0,0
2020-05-05,US,California,Amador,8,0,0,38.44583082,-120.65696,6005.0,8,8,0,0,8,8,39383,0,0,0,0,0
2020-05-05,US,California,Butte,17,0,0,39.66727762,-121.6005252,6007.0,17,17,0,0,17,16,231256,0,0,0,0,1
2020-05-05,US,California,Calaveras,13,0,0,38.20537103,-120.552913,6009.0,13,13,0,0,13,13,45602,0,0,0,0,0
2020-05-05,US,California,Colusa,3,0,0,39.17881957,-122.2331726,6011.0,3,3,0,0,3,3,21627,0,0,0,0,0
2020-05-05,US,California,Contra Costa,969,29,0,37.91923498,-121.9289527,6013.0,940,947,28,0,919,945,1150215,22,1,0,21,2
2020-05-05,US,California,Del Norte,3,0,0,41.74228275,-123.8974063,6015.0,3,3,0,0,3,3,27828,0,0,0,0,0
2020-05-05,US,California,El Dorado,53,0,0,38.77965956,-120.5233166,6017.0,53,47,0,0,47,47,190678,6,0,0,6,0
2020-05-05,US,California,Fresno,672,9,0,36.75733899,-119.6466953,6019.0,663,633,8,0,625,633,994400,39,1,0,38,0
2020-05-05,US,California,Glenn,5,0,0,39.59875897,-122.3938452,6021.0,5,5,0,0,5,5,28047,0,0,0,0,0
2020-05-05,US,California,Humboldt,54,0,0,40.69923009,-123.876044,6023.0,54,54,0,0,54,54,136373,0,0,0,0,0
2020-05-05,US,California,Imperial,400,9,0,33.0393082,-115.3669042,6025.0,391,368,9,0,359,358,181827,32,0,0,32,10
2020-05-05,US,California,Inyo,19,1,0,36.51112084,-117.41119779999998,6027.0,18,19,1,0,18,19,17987,0,0,0,0,0
2020-05-05,US,California,Kern,1045,11,0,35.34329425,-118.7277796,6029.0,1034,1016,8,0,1008,1005,896764,29,3,0,26,11
2020-05-05,US,California,Kings,198,1,0,36.07409056,-119.8159973,6031.0,197,172,1,0,171,158,151366,26,0,0,26,14
2020-05-05,US,California,Lake,8,0,0,39.10124298,-122.7536244,6033.0,8,7,0,0,7,7,64382,1,0,0,1,0
2020-05-05,US,California,Los Angeles,27836,1315,0,34.30828379,-118.2282411,6037.0,26521,26225,1257,0,24968,25699,10105518,1611,58,0,1553,526
2020-05-05,US,California,Madera,54,2,0,37.21513971,-119.76655890000002,6039.0,52,51,2,0,49,51,157672,3,0,0,3,0
2020-05-05,US,California,Marin,241,13,0,38.07122463,-122.7210631,6041.0,228,240,13,0,227,240,259666,1,0,0,1,0
2020-05-05,US,California,Mariposa,14,0,0,37.57978556,-119.9073334,6043.0,14,14,0,0,14,13,17471,0,0,0,0,1
2020-05-05,US,California,Mendocino,12,0,0,39.4381191,-123.3911313,6045.0,12,12,0,0,12,12,87606,0,0,0,0,0
2020-05-05,US,California,Merced,147,3,0,37.18922369,-120.7209035,6047.0,144,143,3,0,140,140,274765,4,0,0,4,3
2020-05-05,US,California,Mono,26,1,0,37.93899289,-118.8872409,6051.0,25,26,1,0,25,26,14250,0,0,0,0,0
2020-05-05,US,California,Monterey,237,6,0,36.21862405,-121.2413397,6053.0,231,235,6,0,229,235,435594,2,0,0,2,0
2020-05-05,US,California,Napa,75,2,0,38.50735751,-122.332839,6055.0,73,74,2,0,72,70,139417,1,0,0,1,4
2020-05-05,US,California,Nevada,41,1,0,39.30394768,-120.7627281,6057.0,40,41,1,0,40,41,99696,0,0,0,0,0
2020-05-05,US,California,Orange,2873,69,0,33.70147516,-117.76459979999998,6059.0,2804,2819,57,0,2762,2743,3185968,54,12,0,42,76
2020-05-05,US,California,Placer,162,8,0,39.06167234,-120.7240569,6061.0,154,162,8,0,154,159,393149,0,0,0,0,3
2020-05-05,US,California,Plumas,4,0,0,40.00355989,-120.8395236,6063.0,4,4,0,0,4,4,18804,0,0,0,0,0
2020-05-05,US,California,Riverside,4454,184,0,33.74314981,-115.9933578,6065.0,4270,4354,181,0,4173,4180,2450758,100,3,0,97,174
2020-05-05,US,California,Sacramento,1133,47,0,38.45106826,-121.3425374,6067.0,1086,1127,47,0,1080,1117,1540975,6,0,0,6,10
2020-05-05,US,California,San Benito,52,2,0,36.60308176,-121.069975,6069.0,50,51,2,0,49,51,61537,1,0,0,1,0
2020-05-05,US,California,San Bernardino,2329,101,0,34.84060306,-116.1774685,6071.0,2228,2182,97,0,2085,2182,2171603,147,4,0,143,0
2020-05-05,US,California,San Diego,4020,144,0,33.03484597,-116.7365326,6073.0,3876,3927,139,0,3788,3927,3343364,93,5,0,88,0
2020-05-05,US,California,San Francisco,1728,31,0,37.75215114,-122.4385672,6075.0,1697,1624,29,0,1595,1602,883305,104,2,0,102,22
2020-05-05,US,California,San Joaquin,578,26,0,37.93433732,-121.2730061,6077.0,552,574,26,0,548,570,752660,4,0,0,4,4
2020-05-05,US,California,San Luis Obispo,204,1,0,35.38822029,-120.4039028,6079.0,203,202,1,0,201,201,284010,2,0,0,2,1
2020-05-05,US,California,San Mateo,1315,56,0,37.4228808,-122.32755459999998,6081.0,1259,1281,51,0,1230,1233,769545,34,5,0,29,48
2020-05-05,US,California,Santa Barbara,526,8,0,34.65329488,-120.0188492,6083.0,518,514,8,0,506,514,446527,12,0,0,12,0
2020-05-05,US,California,Santa Clara,2255,121,0,37.23104908,-121.6970462,6085.0,2134,2244,117,0,2127,2231,1937570,11,4,0,7,13
2020-05-05,US,California,Santa Cruz,138,2,0,37.05580291,-122.0066524,6087.0,136,137,2,0,135,137,274255,1,0,0,1,0
2020-05-05,US,California,Shasta,31,4,0,40.76391419,-122.0396884,6089.0,27,31,4,0,27,31,180040,0,0,0,0,0
2020-05-05,US,California,Siskiyou,5,0,0,41.59198861,-122.5407434,6093.0,5,5,0,0,5,5,43724,0,0,0,0,0
2020-05-05,US,California,Solano,320,6,0,38.26827353,-121.9357113,6095.0,314,267,5,0,262,266,446610,53,1,0,52,1
2020-05-05,US,California,Sonoma,261,3,0,38.52746429,-122.8862506,6097.0,258,257,3,0,254,252,499942,4,0,0,4,5
2020-05-05,US,California,Stanislaus,428,15,0,37.55862499,-120.9970722,6099.0,413,411,14,0,397,411,549815,17,1,0,16,0
2020-05-05,US,California,Sutter,31,2,0,39.03417539,-121.6945899,6101.0,29,31,2,0,29,31,96807,0,0,0,0,0
2020-05-05,US,California,Tehama,1,1,0,40.12570935,-122.2370171,6103.0,0,1,1,0,0,1,63916,0,0,0,0,0
2020-05-05,US,California,Tulare,858,40,0,36.22026558,-118.8020203,6107.0,818,757,40,0,717,743,465861,101,0,0,101,14
2020-05-05,US,California,Tuolumne,4,0,0,38.02644018,-119.9525093,6109.0,4,4,0,0,4,4,54539,0,0,0,0,0
2020-05-05,US,California,Unassigned,0,2,0,0.0,0.0,90006.0,-2,0,2,0,-2,0,,0,0,0,0,0
2020-05-05,US,California,Ventura,595,19,0,34.44465746,-119.0910613,6111.0,576,577,19,0,558,566,850967,18,0,0,18,11
2020-05-05,US,California,Yolo,171,19,0,38.68278902,-121.9018288,6113.0,152,171,19,0,152,171,220408,0,0,0,0,0
2020-05-05,US,California,Yuba,19,1,0,39.26255932,-121.3535644,6115.0,18,19,1,0,18,19,78041,0,0,0,0,0
2020-05-05,US,Colorado,Adams,1883,72,0,39.87432092,-104.3362578,8001.0,1811,1815,68,0,1747,1780,511868,68,4,0,64,35
2020-05-05,US,Colorado,Alamosa,14,2,0,37.57250606,-105.7885451,8003.0,12,14,2,0,12,12,16683,0,0,0,0,2
2020-05-05,US,Colorado,Arapahoe,2883,165,0,39.64977461,-104.3353617,8005.0,2718,2758,157,0,2601,2706,651215,125,8,0,117,52
2020-05-05,US,Colorado,Archuleta,8,0,0,37.19474156,-107.0476867,8007.0,8,8,0,0,8,8,13765,0,0,0,0,0
2020-05-05,US,Colorado,Baca,12,0,0,37.31940883,-102.5603223,8009.0,12,12,0,0,12,12,3585,0,0,0,0,0
2020-05-05,US,Colorado,Boulder,685,46,0,40.09313619,-105.3546767,8013.0,639,679,44,0,635,661,326078,6,2,0,4,18
2020-05-05,US,Colorado,Broomfield,178,16,0,39.95998787,-105.0566324,8014.0,162,167,12,0,155,165,69267,11,4,0,7,2
2020-05-05,US,Colorado,Chaffee,68,16,0,38.74745778,-106.19265729999998,8015.0,52,67,16,0,51,67,20027,1,0,0,1,0
2020-05-05,US,Colorado,Clear Creek,13,1,0,39.68864463,-105.6463118,8019.0,12,13,1,0,12,13,9605,0,0,0,0,0
2020-05-05,US,Colorado,Costilla,3,0,0,37.27732493,-105.4276548,8023.0,3,3,0,0,3,3,3828,0,0,0,0,0
2020-05-05,US,Colorado,Crowley,4,1,0,38.32608609,-103.7844965,8025.0,3,4,1,0,3,4,5858,0,0,0,0,0
2020-05-05,US,Colorado,Custer,2,0,0,38.10883162,-105.3683478,8027.0,2,2,0,0,2,2,4954,0,0,0,0,0
2020-05-05,US,Colorado,Delta,52,1,0,38.86246243,-107.8631342,8029.0,51,51,1,0,50,50,30953,1,0,0,1,1
2020-05-05,US,Colorado,Denver,3546,188,0,39.76018276,-104.8725695,8031.0,3358,3428,166,0,3262,3345,716492,118,22,0,96,83
2020-05-05,US,Colorado,Douglas,543,23,0,39.33133796,-104.930001,8035.0,520,531,23,0,508,526,342776,12,0,0,12,5
2020-05-05,US,Colorado,Eagle,547,7,0,39.62754308,-106.6933637,8037.0,540,552,7,0,545,551,54993,-5,0,0,-5,1
2020-05-05,US,Colorado,El Paso,1028,78,0,38.83240149,-104.5251411,8041.0,950,1005,76,0,929,994,713856,23,2,0,21,11
2020-05-05,US,Colorado,Elbert,36,1,0,39.28656773,-104.1358721,8039.0,35,32,1,0,31,31,26282,4,0,0,4,1
2020-05-05,US,Colorado,Fremont,22,0,0,38.47362326,-105.4399667,8043.0,22,22,0,0,22,22,48021,0,0,0,0,0
2020-05-05,US,Colorado,Garfield,99,2,0,39.59921777,-107.902708,8045.0,97,97,2,0,95,97,59770,2,0,0,2,0
2020-05-05,US,Colorado,Gilpin,1,0,0,39.85646523,-105.5252597,8047.0,1,1,0,0,1,1,6121,0,0,0,0,0
2020-05-05,US,Colorado,Grand,5,0,0,40.10603347,-106.1178042,8049.0,5,5,0,0,5,5,15525,0,0,0,0,0
2020-05-05,US,Colorado,Gunnison,168,5,0,38.66611652,-107.0320729,8051.0,163,168,5,0,163,165,17246,0,0,0,0,3
2020-05-05,US,Colorado,Hinsdale,3,0,0,37.82247444,-107.3004345,8053.0,3,3,0,0,3,3,811,0,0,0,0,0
2020-05-05,US,Colorado,Huerfano,2,0,0,37.68473101,-104.9612585,8055.0,2,2,0,0,2,2,6889,0,0,0,0,0
2020-05-05,US,Colorado,Jefferson,1466,88,0,39.58635604,-105.2517692,8059.0,1378,1431,85,0,1346,1405,580233,35,3,0,32,26
2020-05-05,US,Colorado,Kit Carson,22,2,0,39.30497777,-102.6022199,8063.0,20,21,2,0,19,21,7163,1,0,0,1,0
2020-05-05,US,Colorado,La Plata,63,0,0,37.28632032,-107.8429014,8067.0,63,63,0,0,63,63,56310,0,0,0,0,0
2020-05-05,US,Colorado,Lake,21,0,0,39.20278823,-106.3555697,8065.0,21,21,0,0,21,20,7824,0,0,0,0,1
2020-05-05,US,Colorado,Larimer,409,18,0,40.66671597,-105.4625784,8069.0,391,395,18,0,377,395,350518,14,0,0,14,0
2020-05-05,US,Colorado,Las Animas,4,0,0,37.3153406,-104.0376458,8071.0,4,3,0,0,3,3,14503,1,0,0,1,0
2020-05-05,US,Colorado,Lincoln,3,0,0,38.98749519,-103.5136649,8073.0,3,3,0,0,3,3,5610,0,0,0,0,0
2020-05-05,US,Colorado,Logan,292,1,0,40.7249637,-103.110817,8075.0,291,291,1,0,290,291,21528,1,0,0,1,0
2020-05-05,US,Colorado,Mesa,49,0,0,39.01787888,-108.469799,8077.0,49,47,0,0,47,47,153207,2,0,0,2,0
2020-05-05,US,Colorado,Mineral,2,0,0,37.66954283,-106.9281698,8079.0,2,2,0,0,2,2,776,0,0,0,0,0
2020-05-05,US,Colorado,Moffat,6,0,0,40.61810999,-108.2070876,8081.0,6,6,0,0,6,6,13188,0,0,0,0,0
2020-05-05,US,Colorado,Montezuma,18,2,0,37.33859579,-108.5958857,8083.0,16,18,2,0,16,17,26158,0,0,0,0,1
2020-05-05,US,Colorado,Montrose,107,11,0,38.40214114,-108.26390220000002,8085.0,96,106,11,0,95,105,42214,1,0,0,1,1
2020-05-05,US,Colorado,Morgan,422,21,0,40.26279810000001,-103.8093302,8087.0,401,413,20,0,393,399,28558,9,1,0,8,14
2020-05-05,US,Colorado,Otero,10,1,0,37.9014485,-103.7173385,8089.0,9,10,1,0,9,10,18432,0,0,0,0,0
2020-05-05,US,Colorado,Ouray,5,1,0,38.14717457,-107.7675136,8091.0,4,5,1,0,4,5,4833,0,0,0,0,0
2020-05-05,US,Colorado,Out of CO,0,2,0,0.0,0.0,80008.0,-2,0,2,0,-2,0,,0,0,0,0,0
2020-05-05,US,Colorado,Park,14,0,0,39.120926,-105.7182065,8093.0,14,14,0,0,14,14,18556,0,0,0,0,0
2020-05-05,US,Colorado,Phillips,5,0,0,40.59414277,-102.3577703,8095.0,5,5,0,0,5,5,4286,0,0,0,0,0
2020-05-05,US,Colorado,Pitkin,52,2,0,39.21720112,-106.9310027,8097.0,50,51,2,0,49,51,17950,1,0,0,1,0
2020-05-05,US,Colorado,Prowers,3,0,0,37.95544985,-102.3926052,8099.0,3,1,0,0,1,1,12164,2,0,0,2,0
2020-05-05,US,Colorado,Pueblo,158,11,0,38.17359144,-104.5127437,8101.0,147,158,11,0,147,158,167529,0,0,0,0,0
2020-05-05,US,Colorado,Rio Blanco,1,0,0,39.97913541,-108.2179009,8103.0,1,1,0,0,1,1,6336,0,0,0,0,0
2020-05-05,US,Colorado,Rio Grande,7,0,0,37.5836865,-106.3847838,8105.0,7,7,0,0,7,7,11250,0,0,0,0,0
2020-05-05,US,Colorado,Routt,58,6,0,40.48596505,-106.9905548,8107.0,52,56,6,0,50,56,25733,2,0,0,2,0
2020-05-05,US,Colorado,Saguache,3,0,0,38.08054629,-106.282466,8109.0,3,3,0,0,3,3,6843,0,0,0,0,0
2020-05-05,US,Colorado,San Miguel,20,0,0,38.00450883,-108.4020725,8113.0,20,20,0,0,20,19,8191,0,0,0,0,1
2020-05-05,US,Colorado,Summit,151,1,0,39.63803232,-106.1150762,8117.0,150,144,1,0,143,144,31007,7,0,0,7,0
2020-05-05,US,Colorado,Teller,29,2,0,38.88133511,-105.1614893,8119.0,27,28,2,0,26,28,25083,1,0,0,1,0
2020-05-05,US,Colorado,Unassigned,189,3,0,0.0,0.0,90008.0,186,242,2,0,240,242,,-53,1,0,-54,0
2020-05-05,US,Colorado,Washington,9,0,0,39.97015535,-103.202587,8121.0,9,8,0,0,8,8,4909,1,0,0,1,0
2020-05-05,US,Colorado,Weld,1955,107,0,40.55499405,-104.3929621,8123.0,1848,1897,102,0,1795,1872,314305,58,5,0,53,25
2020-05-05,US,Colorado,Yuma,9,0,0,40.00346839,-102.4258673,8125.0,9,9,0,0,9,9,10020,0,0,0,0,0
2020-05-05,US,Connecticut,Fairfield,12360,935,0,41.26809896,-73.3881171,9001.0,11425,12245,910,0,11335,11801,943823,115,25,0,90,444
2020-05-05,US,Connecticut,Hartford,6351,804,0,41.80283011,-72.73103891,9003.0,5547,6173,773,0,5400,6112,892697,178,31,0,147,61
2020-05-05,US,Connecticut,Litchfield,1065,95,0,41.7937534,-73.2451475,9005.0,970,1047,94,0,953,1036,181111,18,1,0,17,11
2020-05-05,US,Connecticut,Middlesex,734,95,0,41.45949668,-72.53714864,9007.0,639,713,93,0,620,707,162682,21,2,0,19,6
2020-05-05,US,Connecticut,New Haven,8337,610,0,41.4080325,-72.93620426,9009.0,7727,8110,595,0,7515,8024,857620,227,15,0,212,86
2020-05-05,US,Connecticut,New London,681,45,0,41.48896435,-72.10430976,9011.0,636,641,45,0,596,623,266784,40,0,0,40,18
2020-05-05,US,Connecticut,Tolland,502,43,0,41.85853803,-72.3308481,9013.0,459,464,40,0,424,461,150921,38,3,0,35,3
2020-05-05,US,Connecticut,Unassigned,368,2,0,0.0,0.0,90009.0,366,363,3,0,360,312,,5,-1,0,6,51
2020-05-05,US,Connecticut,Windham,223,4,0,41.82972709,-71.98182316,9015.0,219,217,3,0,214,211,117027,6,1,0,5,6
2020-05-05,US,Delaware,Kent,847,32,0,39.08646628,-75.56884914,10001.0,815,833,30,0,803,821,178550,14,2,0,12,12
2020-05-05,US,Delaware,New Castle,1979,83,0,39.57992638,-75.64054974,10003.0,1896,1934,82,0,1852,1903,559335,45,1,0,44,31
2020-05-05,US,Delaware,Sussex,2520,72,0,38.66143781,-75.39031349,10005.0,2448,2497,70,0,2427,2461,229286,23,2,0,21,36
2020-05-05,US,Delaware,Unassigned,25,0,0,0.0,0.0,90010.0,25,24,0,0,24,23,,1,0,0,1,1
2020-05-05,US,District of Columbia,District of Columbia,5322,264,0,38.90417773,-77.01655992,11001.0,5058,5170,258,0,4912,5016,702455,152,6,0,146,154
2020-05-05,US,Florida,Alachua,289,5,0,29.67866525,-82.35928158,12001.0,284,289,5,0,284,286,269956,0,0,0,0,3
2020-05-05,US,Florida,Baker,22,3,0,30.33060121,-82.28467476,12003.0,19,22,3,0,19,22,28355,0,0,0,0,0
2020-05-05,US,Florida,Bay,76,3,0,30.26548745,-85.62122584,12005.0,73,76,3,0,73,76,185287,0,0,0,0,0
2020-05-05,US,Florida,Bradford,48,2,0,29.95079741,-82.16611613,12007.0,46,48,2,0,46,48,27732,0,0,0,0,0
2020-05-05,US,Florida,Brevard,319,8,0,28.29409504,-80.73091022,12009.0,311,310,8,0,302,308,596849,9,0,0,9,2
2020-05-05,US,Florida,Broward,5492,215,0,26.15184651,-80.48725556,12011.0,5277,5383,208,0,5175,5312,1951260,109,7,0,102,71
2020-05-05,US,Florida,Calhoun,15,0,0,30.40666734,-85.19394153,12013.0,15,15,0,0,15,15,14587,0,0,0,0,0
2020-05-05,US,Florida,Charlotte,269,26,0,26.90131002,-81.92949121,12015.0,243,257,25,0,232,249,184998,12,1,0,11,8
2020-05-05,US,Florida,Citrus,100,11,0,28.84804315,-82.47614748,12017.0,89,99,11,0,88,99,147929,1,0,0,1,0
2020-05-05,US,Florida,Clay,287,18,0,29.98319144,-81.85609986,12019.0,269,285,18,0,267,279,216072,2,0,0,2,6
2020-05-05,US,Florida,Collier,656,25,0,26.11091986,-81.34687065,12021.0,631,653,22,0,631,640,378488,3,3,0,0,13
2020-05-05,US,Florida,Columbia,96,2,0,30.22509788,-82.62160164,12023.0,94,96,2,0,94,92,70503,0,0,0,0,4
2020-05-05,US,Florida,DeSoto,40,4,0,27.18677893,-81.80941373,12027.0,36,39,4,0,35,32,37489,1,0,0,1,7
2020-05-05,US,Florida,Dixie,10,0,0,29.60631086,-83.15724673,12029.0,10,10,0,0,10,9,16700,0,0,0,0,1
2020-05-05,US,Florida,Duval,1084,26,0,30.33225875,-81.66976468,12031.0,1058,1072,26,0,1046,1045,950181,12,0,0,12,27
2020-05-05,US,Florida,Escambia,598,14,0,30.67652764,-87.37284571,12033.0,584,595,13,0,582,593,315534,3,1,0,2,2
2020-05-05,US,Florida,Flagler,141,4,0,29.45933576,-81.31508595,12035.0,137,140,3,0,137,140,112067,1,1,0,0,0
2020-05-05,US,Florida,Franklin,2,0,0,29.83791238,-84.82731662,12037.0,2,2,0,0,2,2,11736,0,0,0,0,0
2020-05-05,US,Florida,Gadsden,115,0,0,30.57796289,-84.61915825,12039.0,115,113,0,0,113,107,45894,2,0,0,2,6
2020-05-05,US,Florida,Gilchrist,6,0,0,29.72856978,-82.79880657,12041.0,6,6,0,0,6,6,18256,0,0,0,0,0
2020-05-05,US,Florida,Glades,6,1,0,26.95635849,-81.18996211,12043.0,5,6,1,0,5,6,13724,0,0,0,0,0
2020-05-05,US,Florida,Gulf,1,0,0,29.93543004,-85.24270990000002,12045.0,1,1,0,0,1,1,16164,0,0,0,0,0
2020-05-05,US,Florida,Hamilton,7,0,0,30.49673973,-82.94998918,12047.0,7,7,0,0,7,7,14310,0,0,0,0,0
2020-05-05,US,Florida,Hardee,34,0,0,27.49293939,-81.80956574,12049.0,34,33,0,0,33,32,27245,1,0,0,1,1
2020-05-05,US,Florida,Hendry,115,5,0,26.55386945,-81.16469006,12051.0,110,111,4,0,107,101,41556,4,1,0,3,10
2020-05-05,US,Florida,Hernando,96,5,0,28.55364461,-82.42700204,12053.0,91,96,5,0,91,94,190865,0,0,0,0,2
2020-05-05,US,Florida,Highlands,88,7,0,27.34254618,-81.34071957,12055.0,81,87,7,0,80,85,105424,1,0,0,1,2
2020-05-05,US,Florida,Hillsborough,1324,32,0,27.9276559,-82.32013172,12057.0,1292,1300,29,0,1271,1281,1436888,24,3,0,21,19
2020-05-05,US,Florida,Holmes,10,0,0,30.86747479,-85.81319222,12059.0,10,10,0,0,10,10,19477,0,0,0,0,0
2020-05-05,US,Florida,Indian River,99,8,0,27.69308961,-80.60556721,12061.0,91,98,8,0,90,97,157413,1,0,0,1,1
2020-05-05,US,Florida,Jackson,15,0,0,30.7954597,-85.21500423,12063.0,15,15,0,0,15,15,48305,0,0,0,0,0
2020-05-05,US,Florida,Jefferson,28,2,0,30.43669112,-83.89442308,12065.0,26,28,2,0,26,28,14288,0,0,0,0,0
2020-05-05,US,Florida,Lafayette,3,0,0,29.98484137,-83.18166636,12067.0,3,2,0,0,2,2,8732,1,0,0,1,0
2020-05-05,US,Florida,Lake,235,14,0,28.76202069,-81.7125123,12069.0,221,235,13,0,222,234,356495,0,1,0,-1,1
2020-05-05,US,Florida,Lee,1160,49,0,26.58410348,-81.88399313,12071.0,1111,1138,46,0,1092,1118,754610,22,3,0,19,20
2020-05-05,US,Florida,Leon,243,5,0,30.45955727,-84.27491114,12073.0,238,243,5,0,238,234,292502,0,0,0,0,9
2020-05-05,US,Florida,Levy,20,0,0,29.31829741,-82.74007147,12075.0,20,20,0,0,20,19,40770,0,0,0,0,1
2020-05-05,US,Florida,Liberty,60,0,0,30.23766008,-84.8829258,12077.0,60,60,0,0,60,60,8457,0,0,0,0,0
2020-05-05,US,Florida,Madison,61,3,0,30.44396917,-83.47398594,12079.0,58,61,2,0,59,60,18529,0,1,0,-1,1
2020-05-05,US,Florida,Manatee,684,61,0,27.47196942,-82.31831044,12081.0,623,636,59,0,577,619,394855,48,2,0,46,17
2020-05-05,US,Florida,Marion,193,5,0,29.21227113,-82.05803627,12083.0,188,184,5,0,179,184,359977,9,0,0,9,0
2020-05-05,US,Florida,Martin,218,6,0,27.0772071,-80.43109784,12085.0,212,215,6,0,209,202,160912,3,0,0,3,13
2020-05-05,US,Florida,Miami-Dade,13224,407,0,25.6112362,-80.55170587,12086.0,12817,13092,378,0,12714,12775,2761581,132,29,0,103,317
2020-05-05,US,Florida,Monroe,80,3,0,25.20904673,-81.07812416,12087.0,77,80,3,0,77,80,75027,0,0,0,0,0
2020-05-05,US,Florida,Nassau,59,1,0,30.61037141,-81.80297522,12089.0,58,59,1,0,58,59,85832,0,0,0,0,0
2020-05-05,US,Florida,Okaloosa,161,5,0,30.69143028,-86.59267105,12091.0,156,160,5,0,155,160,207269,1,0,0,1,0
2020-05-05,US,Florida,Okeechobee,17,0,0,27.386336199999995,-80.88944347,12093.0,17,18,0,0,18,14,41537,-1,0,0,-1,4
2020-05-05,US,Florida,Orange,1446,35,0,28.51367621,-81.31799498,12095.0,1411,1438,35,0,1403,1434,1380645,8,0,0,8,4
2020-05-05,US,Florida,Osceola,514,9,0,28.06312234,-81.14882926,12097.0,505,516,8,0,508,509,367990,-2,1,0,-3,7
2020-05-05,US,Florida,Palm Beach,3390,205,0,26.64676272,-80.46536002,12099.0,3185,3311,196,0,3115,3130,1485941,79,9,0,70,181
2020-05-05,US,Florida,Pasco,284,8,0,28.30810945,-82.40227529,12101.0,276,282,8,0,274,278,539630,2,0,0,2,4
2020-05-05,US,Florida,Pinellas,788,44,0,27.93130349,-82.72239666,12103.0,744,784,42,0,742,766,975280,4,2,0,2,18
2020-05-05,US,Florida,Polk,547,28,0,27.95027105,-81.69732947,12105.0,519,536,26,0,510,523,708009,11,2,0,9,13
2020-05-05,US,Florida,Putnam,120,4,0,29.60779729,-81.74230285,12107.0,116,121,2,0,119,120,74163,-1,2,0,-3,1
2020-05-05,US,Florida,Santa Rosa,158,8,0,30.69341450000001,-87.02458128,12113.0,150,158,8,0,150,157,179349,0,0,0,0,1
2020-05-05,US,Florida,Sarasota,395,48,0,27.18546175,-82.33174248,12115.0,347,385,47,0,338,377,426718,10,1,0,9,8
2020-05-05,US,Florida,Seminole,403,8,0,28.7158582,-81.24060348,12117.0,395,396,8,0,388,394,467832,7,0,0,7,2
2020-05-05,US,Florida,St. Johns,214,4,0,29.90096506,-81.43589967,12109.0,210,211,4,0,207,211,254261,3,0,0,3,0
2020-05-05,US,Florida,St. Lucie,259,25,0,27.37763908,-80.47106649,12111.0,234,260,25,0,235,257,321128,-1,0,0,-1,3
2020-05-05,US,Florida,Sumter,236,14,0,28.70181754,-82.0794267,12119.0,222,233,14,0,219,226,128754,3,0,0,3,7
2020-05-05,US,Florida,Suwannee,142,17,0,30.19746066,-82.99099670000003,12121.0,125,141,16,0,125,141,44191,1,1,0,0,0
2020-05-05,US,Florida,Taylor,3,0,0,30.04848048,-83.60445406,12123.0,3,3,0,0,3,3,21623,0,0,0,0,0
2020-05-05,US,Florida,Unassigned,17,0,0,0.0,0.0,90012.0,17,12,0,0,12,12,,5,0,0,5,0
2020-05-05,US,Florida,Union,5,0,0,30.04412971,-82.37497443,12125.0,5,5,0,0,5,5,14940,0,0,0,0,0
2020-05-05,US,Florida,Volusia,521,27,0,29.05858895,-81.18263252,12127.0,494,514,26,0,488,513,547538,7,1,0,6,1
2020-05-05,US,Florida,Wakulla,29,1,0,30.16548905,-84.39895211,12129.0,28,24,1,0,23,24,32461,5,0,0,5,0
2020-05-05,US,Florida,Walton,50,1,0,30.64204028,-86.16935664,12131.0,49,50,1,0,49,49,71375,0,0,0,0,1
2020-05-05,US,Florida,Washington,12,0,0,30.61359259,-85.66002461,12133.0,12,12,0,0,12,12,24880,0,0,0,0,0
2020-05-05,US,Georgia,Appling,77,9,0,31.74847232,-82.28909114,13001.0,68,74,7,0,67,72,18507,3,2,0,1,2
2020-05-05,US,Georgia,Atkinson,14,1,0,31.29633502,-82.87545866,13003.0,13,12,1,0,11,11,8297,2,0,0,2,1
2020-05-05,US,Georgia,Bacon,28,1,0,31.55456473,-82.45936528,13005.0,27,28,1,0,27,27,11185,0,0,0,0,1
2020-05-05,US,Georgia,Baker,26,2,0,31.32669878,-84.44218806,13007.0,24,26,2,0,24,23,3092,0,0,0,0,3
2020-05-05,US,Georgia,Baldwin,260,10,0,33.06882326,-83.24701748,13009.0,250,239,9,0,230,233,44823,21,1,0,20,6
2020-05-05,US,Georgia,Banks,29,0,0,34.35607081,-83.49644388,13011.0,29,29,0,0,29,31,18988,0,0,0,0,-2
2020-05-05,US,Georgia,Barrow,177,5,0,33.99148694,-83.71436292,13013.0,172,167,4,0,163,159,80809,10,1,0,9,8
2020-05-05,US,Georgia,Bartow,350,31,0,34.23732119,-84.83887523,13015.0,319,341,31,0,310,325,106408,9,0,0,9,16
2020-05-05,US,Georgia,Ben Hill,29,0,0,31.76095874,-83.22145359,13017.0,29,29,0,0,29,29,16787,0,0,0,0,0
2020-05-05,US,Georgia,Berrien,17,0,0,31.27590016,-83.22529920000002,13019.0,17,17,0,0,17,17,19252,0,0,0,0,0
2020-05-05,US,Georgia,Bibb,351,13,0,32.80904227,-83.70489165,13021.0,338,347,12,0,335,323,153095,4,1,0,3,24
2020-05-05,US,Georgia,Bleckley,21,0,0,32.43829035,-83.33035166,13023.0,21,21,0,0,21,20,12838,0,0,0,0,1
2020-05-05,US,Georgia,Brantley,22,2,0,31.19576557,-81.97743999,13025.0,20,22,2,0,20,22,18897,0,0,0,0,0
2020-05-05,US,Georgia,Brooks,63,7,0,30.83922642,-83.58303423,13027.0,56,61,7,0,54,60,15513,2,0,0,2,1
2020-05-05,US,Georgia,Bryan,56,4,0,32.00979311,-81.44002948,13029.0,52,55,4,0,51,54,38109,1,0,0,1,1
2020-05-05,US,Georgia,Bulloch,43,2,0,32.39577406,-81.74811421,13031.0,41,43,2,0,41,42,77296,0,0,0,0,1
2020-05-05,US,Georgia,Burke,88,3,0,33.05917989,-81.99928721,13033.0,85,87,3,0,84,86,22423,1,0,0,1,1
2020-05-05,US,Georgia,Butts,158,17,0,33.283094500000004,-83.95435040000002,13035.0,141,152,17,0,135,150,24193,6,0,0,6,2
2020-05-05,US,Georgia,Calhoun,107,5,0,31.53169785,-84.62725131,13037.0,102,107,4,0,103,107,6352,0,1,0,-1,0
2020-05-05,US,Georgia,Camden,34,1,0,30.92951916,-81.66601818,13039.0,33,33,1,0,32,35,53677,1,0,0,1,-2
2020-05-05,US,Georgia,Candler,7,0,0,32.40209349,-82.07702563,13043.0,7,7,0,0,7,7,10836,0,0,0,0,0
2020-05-05,US,Georgia,Carroll,387,15,0,33.58138199,-85.07976677,13045.0,372,382,15,0,367,386,118121,5,0,0,5,-4
2020-05-05,US,Georgia,Catoosa,52,0,0,34.89872298,-85.13757014,13047.0,52,51,0,0,51,46,67420,1,0,0,1,5
2020-05-05,US,Georgia,Charlton,13,0,0,30.78371028,-82.13951596,13049.0,13,12,0,0,12,12,12968,1,0,0,1,0
2020-05-05,US,Georgia,Chatham,267,12,0,32.00043026,-81.12489526,13051.0,255,246,10,0,236,234,289195,21,2,0,19,12
2020-05-05,US,Georgia,Chattahoochee,13,0,0,32.34341231,-84.78809239,13053.0,13,13,0,0,13,13,10684,0,0,0,0,0
2020-05-05,US,Georgia,Chattooga,15,2,0,34.47197698,-85.34535662,13055.0,13,15,2,0,13,15,24790,0,0,0,0,0
2020-05-05,US,Georgia,Cherokee,517,15,0,34.24393976,-84.47431861,13057.0,502,509,14,0,495,490,254149,8,1,0,7,19
2020-05-05,US,Georgia,Clarke,168,13,0,33.95436462,-83.37124007,13059.0,155,161,13,0,148,156,127330,7,0,0,7,5
2020-05-05,US,Georgia,Clay,25,3,0,31.62221166,-84.97713865,13061.0,22,25,3,0,22,25,2887,0,0,0,0,0
2020-05-05,US,Georgia,Clayton,813,33,0,33.54187245,-84.35594188,13063.0,780,804,32,0,772,793,289615,9,1,0,8,11
2020-05-05,US,Georgia,Clinch,15,0,0,30.91395822,-82.70432472,13065.0,15,9,0,0,9,9,6648,6,0,0,6,0
2020-05-05,US,Georgia,Cobb,1886,102,0,33.94243204,-84.5761255,13067.0,1784,1840,101,0,1739,1768,756865,46,1,0,45,72
2020-05-05,US,Georgia,Coffee,154,8,0,31.54892966,-82.85492059999999,13069.0,146,149,7,0,142,146,43093,5,1,0,4,3
2020-05-05,US,Georgia,Colquitt,194,10,0,31.18810588,-83.7677946,13071.0,184,192,9,0,183,188,45592,2,1,0,1,4
2020-05-05,US,Georgia,Columbia,169,5,0,33.54534185,-82.263524,13073.0,164,168,4,0,164,164,154291,1,1,0,0,4
2020-05-05,US,Georgia,Cook,28,1,0,31.16068491,-83.42947229,13075.0,27,28,1,0,27,27,17162,0,0,0,0,1
2020-05-05,US,Georgia,Coweta,244,4,0,33.35334302,-84.76129976,13077.0,240,242,4,0,238,230,145864,2,0,0,2,12
2020-05-05,US,Georgia,Crawford,19,0,0,32.71391813,-83.98061238,13079.0,19,18,0,0,18,18,12318,1,0,0,1,0
2020-05-05,US,Georgia,Crisp,175,6,0,31.92289565,-83.76811843,13081.0,169,171,4,0,167,169,22601,4,2,0,2,2
2020-05-05,US,Georgia,Dade,16,1,0,34.854916700000004,-85.50490424,13083.0,15,16,1,0,15,15,16226,0,0,0,0,1
2020-05-05,US,Georgia,Dawson,67,1,0,34.44244079,-84.16964071,13085.0,66,67,1,0,66,66,25083,0,0,0,0,1
2020-05-05,US,Georgia,DeKalb,2284,59,0,33.76944049,-84.22396017,13089.0,2225,2259,57,0,2202,2183,756558,25,2,0,23,76
2020-05-05,US,Georgia,Decatur,96,2,0,30.87967778,-84.57619536,13087.0,94,94,1,0,93,91,26575,2,1,0,1,3
2020-05-05,US,Georgia,Dodge,31,1,0,32.17265114,-83.16948926,13091.0,30,30,1,0,29,29,20705,1,0,0,1,1
2020-05-05,US,Georgia,Dooly,132,11,0,32.15630737,-83.79746561,13093.0,121,133,12,0,121,132,13706,-1,-1,0,0,1
2020-05-05,US,Georgia,Dougherty,1550,126,0,31.53328528,-84.21722377,13095.0,1424,1543,125,0,1418,1536,91243,7,1,0,6,7
2020-05-05,US,Georgia,Douglas,353,11,0,33.70291126,-84.77026156,13097.0,342,343,11,0,332,341,145331,10,0,0,10,2
2020-05-05,US,Georgia,Early,223,27,0,31.32155345,-84.90255207,13099.0,196,221,24,0,197,219,10247,2,3,0,-1,2
2020-05-05,US,Georgia,Echols,5,0,0,30.71101099,-82.89687287,13101.0,5,5,0,0,5,5,4000,0,0,0,0,0
2020-05-05,US,Georgia,Effingham,38,1,0,32.36616021,-81.34280942,13103.0,37,36,1,0,35,36,62190,2,0,0,2,0
2020-05-05,US,Georgia,Elbert,32,0,0,34.11302332,-82.83936148,13105.0,32,31,0,0,31,31,19120,1,0,0,1,0
2020-05-05,US,Georgia,Emanuel,22,0,0,32.59221302,-82.30239915,13107.0,22,22,0,0,22,21,22612,0,0,0,0,1
2020-05-05,US,Georgia,Evans,5,0,0,32.15328841,-81.8870105,13109.0,5,5,0,0,5,5,10721,0,0,0,0,0
2020-05-05,US,Georgia,Fannin,32,1,0,34.86430205,-84.316964,13111.0,31,32,1,0,31,31,25964,0,0,0,0,1
2020-05-05,US,Georgia,Fayette,189,10,0,33.41357794,-84.49089434,13113.0,179,187,10,0,177,183,113459,2,0,0,2,4
2020-05-05,US,Georgia,Floyd,151,11,0,34.26268279,-85.21577392,13115.0,140,150,11,0,139,145,97927,1,0,0,1,5
2020-05-05,US,Georgia,Forsyth,347,10,0,34.22604035,-84.12315129999998,13117.0,337,341,10,0,331,332,236612,6,0,0,6,9
2020-05-05,US,Georgia,Franklin,24,1,0,34.37525597,-83.23159927,13119.0,23,22,1,0,21,21,23023,2,0,0,2,1
2020-05-05,US,Georgia,Fulton,3164,130,0,33.79216944,-84.46319413,13121.0,3034,3065,129,0,2936,2979,1050114,99,1,0,98,86
2020-05-05,US,Georgia,Gilmer,77,0,0,34.69316688,-84.45802506,13123.0,77,77,0,0,77,73,30816,0,0,0,0,4
2020-05-05,US,Georgia,Glynn,60,1,0,31.23279254,-81.53811412,13127.0,59,59,1,0,58,59,85219,1,0,0,1,0
2020-05-05,US,Georgia,Gordon,117,13,0,34.50487351,-84.87296253,13129.0,104,116,13,0,103,113,57685,1,0,0,1,3
2020-05-05,US,Georgia,Grady,63,3,0,30.87454847,-84.23418364,13131.0,60,63,3,0,60,64,24748,0,0,0,0,-1
2020-05-05,US,Georgia,Greene,57,5,0,33.5769205,-83.17139104,13133.0,52,57,5,0,52,54,17698,0,0,0,0,3
2020-05-05,US,Georgia,Gwinnett,2102,77,0,33.96044201,-84.02137802,13135.0,2025,2056,65,0,1991,1976,927781,46,12,0,34,80
2020-05-05,US,Georgia,Habersham,362,11,0,34.63331566,-83.53094677,13137.0,351,355,9,0,346,343,45388,7,2,0,5,12
2020-05-05,US,Georgia,Hall,1846,26,0,34.32207823,-83.81896936,13139.0,1820,1776,23,0,1753,1700,202148,70,3,0,67,76
2020-05-05,US,Georgia,Hancock,67,2,0,33.2721566,-82.99766919,13141.0,65,64,2,0,62,61,8348,3,0,0,3,3
2020-05-05,US,Georgia,Haralson,30,2,0,33.79602175,-85.21005667,13143.0,28,29,1,0,28,29,29533,1,1,0,0,0
2020-05-05,US,Georgia,Harris,60,2,0,32.73709786,-84.90538572,13145.0,58,59,2,0,57,61,34475,1,0,0,1,-2
2020-05-05,US,Georgia,Hart,13,0,0,34.34626973,-82.96567682,13147.0,13,12,0,0,12,11,26099,1,0,0,1,1
2020-05-05,US,Georgia,Heard,14,1,0,33.29686567,-85.12886832,13149.0,13,13,1,0,12,14,11879,1,0,0,1,-1
2020-05-05,US,Georgia,Henry,528,14,0,33.4533428,-84.14814659999998,13151.0,514,520,13,0,507,520,230220,8,1,0,7,0
2020-05-05,US,Georgia,Houston,267,14,0,32.45802497,-83.66879087,13153.0,253,262,14,0,248,242,155469,5,0,0,5,20
2020-05-05,US,Georgia,Irwin,19,1,0,31.60213036,-83.27501387,13155.0,18,18,1,0,17,16,9398,1,0,0,1,2
2020-05-05,US,Georgia,Jackson,116,3,0,34.13794553,-83.56814788,13157.0,113,111,2,0,109,108,70422,5,1,0,4,3
2020-05-05,US,Georgia,Jasper,25,0,0,33.31535543,-83.68844964,13159.0,25,25,0,0,25,24,14040,0,0,0,0,1
2020-05-05,US,Georgia,Jeff Davis,22,1,0,31.80405727,-82.63724870000001,13161.0,21,22,1,0,21,22,15029,0,0,0,0,0
2020-05-05,US,Georgia,Jefferson,16,1,0,33.05867328,-82.41609057,13163.0,15,15,1,0,14,15,15430,1,0,0,1,0
2020-05-05,US,Georgia,Jenkins,17,1,0,32.79248718,-81.96040187,13165.0,16,17,1,0,16,17,8683,0,0,0,0,0
2020-05-05,US,Georgia,Johnson,64,2,0,32.70211082,-82.66166794,13167.0,62,63,2,0,61,59,9708,1,0,0,1,4
2020-05-05,US,Georgia,Jones,31,0,0,33.02512137,-83.56019163,13169.0,31,29,0,0,29,29,28616,2,0,0,2,0
2020-05-05,US,Georgia,Lamar,39,1,0,33.07841647,-84.14263877,13171.0,38,39,1,0,38,40,19000,0,0,0,0,-1
2020-05-05,US,Georgia,Lanier,10,1,0,31.03828570000001,-83.06472457,13173.0,9,10,1,0,9,9,10340,0,0,0,0,1
2020-05-05,US,Georgia,Laurens,68,1,0,32.46325233,-82.92221316,13175.0,67,67,1,0,66,64,47325,1,0,0,1,3
2020-05-05,US,Georgia,Lee,333,22,0,31.779330600000005,-84.14324253,13177.0,311,329,20,0,309,328,29764,4,2,0,2,1
2020-05-05,US,Georgia,Liberty,37,0,0,31.82588896,-81.49251135,13179.0,37,37,0,0,37,38,61497,0,0,0,0,-1
2020-05-05,US,Georgia,Lincoln,12,0,0,33.79201475,-82.45024131,13181.0,12,12,0,0,12,12,7915,0,0,0,0,0
2020-05-05,US,Georgia,Long,5,0,0,31.75218791,-81.74952375,13183.0,5,5,0,0,5,5,18998,0,0,0,0,0
2020-05-05,US,Georgia,Lowndes,166,4,0,30.83568832,-83.27056716,13185.0,162,162,4,0,158,157,116321,4,0,0,4,5
2020-05-05,US,Georgia,Lumpkin,69,1,0,34.57286511,-84.00425681,13187.0,68,67,2,0,65,63,32955,2,-1,0,3,4
2020-05-05,US,Georgia,Macon,81,3,0,32.35207048,-84.04234127,13193.0,78,81,3,0,78,81,13143,0,0,0,0,0
2020-05-05,US,Georgia,Madison,27,1,0,34.12920917,-83.21218732,13195.0,26,26,1,0,25,25,29650,1,0,0,1,1
2020-05-05,US,Georgia,Marion,37,1,0,32.3483402,-84.52733571,13197.0,36,39,1,0,38,42,8351,-2,0,0,-2,-3
2020-05-05,US,Georgia,McDuffie,49,4,0,33.47851918,-82.48252774,13189.0,45,47,4,0,43,45,21531,2,0,0,2,2
2020-05-05,US,Georgia,McIntosh,6,0,0,31.49683595,-81.40163426,13191.0,6,6,0,0,6,6,14340,0,0,0,0,0
2020-05-05,US,Georgia,Meriwether,57,1,0,33.04163534,-84.68859732,13199.0,56,56,1,0,55,54,21068,1,0,0,1,2
2020-05-05,US,Georgia,Miller,32,0,0,31.16568912,-84.73151117,13201.0,32,32,0,0,32,33,5686,0,0,0,0,-1
2020-05-05,US,Georgia,Mitchell,331,33,0,31.22483255,-84.19381821,13205.0,298,326,33,0,293,319,22192,5,0,0,5,7
2020-05-05,US,Georgia,Monroe,30,4,0,33.014289,-83.92097166,13207.0,26,25,3,0,22,24,27520,5,1,0,4,1
2020-05-05,US,Georgia,Montgomery,2,0,0,32.17201038,-82.53527476,13209.0,2,2,0,0,2,2,9193,0,0,0,0,0
2020-05-05,US,Georgia,Morgan,30,0,0,33.59232073,-83.49129491,13211.0,30,29,0,0,29,28,18853,1,0,0,1,1
2020-05-05,US,Georgia,Murray,34,1,0,34.78897608,-84.74993177,13213.0,33,34,1,0,33,33,39921,0,0,0,0,1
2020-05-05,US,Georgia,Muscogee,342,8,0,32.50931999,-84.87142262,13215.0,334,337,7,0,330,328,194160,5,1,0,4,9
2020-05-05,US,Georgia,Newton,222,8,0,33.55514538,-83.84547140000002,13217.0,214,215,8,0,207,208,109541,7,0,0,7,7
2020-05-05,US,Georgia,Oconee,67,0,0,33.83749973,-83.43679568,13219.0,67,65,0,0,65,65,39272,2,0,0,2,0
2020-05-05,US,Georgia,Oglethorpe,52,3,0,33.878629600000004,-83.08278123,13221.0,49,50,3,0,47,50,15054,2,0,0,2,0
2020-05-05,US,Georgia,Out of GA,1043,18,0,0.0,0.0,80013.0,1025,1084,18,0,1066,1054,,-41,0,0,-41,30
2020-05-05,US,Georgia,Paulding,209,9,0,33.91969522,-84.86848792,13223.0,200,207,9,0,198,195,164044,2,0,0,2,12
2020-05-05,US,Georgia,Peach,60,2,0,32.56934316,-83.82937,13225.0,58,59,2,0,57,55,27297,1,0,0,1,4
2020-05-05,US,Georgia,Pickens,28,2,0,34.46589159,-84.46406611,13227.0,26,29,2,0,27,29,31980,-1,0,0,-1,0
2020-05-05,US,Georgia,Pierce,57,3,0,31.35928155,-82.21598442,13229.0,54,53,3,0,50,52,19389,4,0,0,4,1
2020-05-05,US,Georgia,Pike,40,2,0,33.09310242,-84.38790389,13231.0,38,40,2,0,38,40,18634,0,0,0,0,0
2020-05-05,US,Georgia,Polk,61,0,0,34.00267074,-85.18677781,13233.0,61,60,0,0,60,59,42470,1,0,0,1,1
2020-05-05,US,Georgia,Pulaski,33,1,0,32.23334561,-83.47549959999998,13235.0,32,33,1,0,32,32,11069,0,0,0,0,1
2020-05-05,US,Georgia,Putnam,49,5,0,33.32056115,-83.37552891,13237.0,44,46,5,0,41,41,21809,3,0,0,3,5
2020-05-05,US,Georgia,Quitman,6,1,0,31.86728114,-85.01773177,13239.0,5,6,1,0,5,8,2279,0,0,0,0,-2
2020-05-05,US,Georgia,Rabun,13,1,0,34.88389445,-83.40304637,13241.0,12,13,1,0,12,13,16867,0,0,0,0,0
2020-05-05,US,Georgia,Randolph,165,20,0,31.76622818,-84.75732369,13243.0,145,164,19,0,145,163,6833,1,1,0,0,1
2020-05-05,US,Georgia,Richmond,424,15,0,33.35777107,-82.07026432,13245.0,409,422,15,0,407,417,201554,2,0,0,2,5
2020-05-05,US,Georgia,Rockdale,204,6,0,33.65145002,-84.02202167,13247.0,198,199,6,0,193,195,90594,5,0,0,5,4
2020-05-05,US,Georgia,Schley,16,1,0,32.2654021,-84.31258912,13249.0,15,16,1,0,15,16,5236,0,0,0,0,0
2020-05-05,US,Georgia,Screven,16,1,0,32.74976524,-81.60779441,13251.0,15,15,1,0,14,15,13938,1,0,0,1,0
2020-05-05,US,Georgia,Seminole,31,2,0,30.93464824,-84.86823924,13253.0,29,31,2,0,29,31,8315,0,0,0,0,0
2020-05-05,US,Georgia,Spalding,222,11,0,33.26310031,-84.28013991,13255.0,211,219,11,0,208,219,66100,3,0,0,3,0
2020-05-05,US,Georgia,Stephens,90,1,0,34.55151201,-83.29405315,13257.0,89,88,1,0,87,87,26035,2,0,0,2,1
2020-05-05,US,Georgia,Stewart,25,0,0,32.07996777,-84.83208037,13259.0,25,25,0,0,25,25,6199,0,0,0,0,0
2020-05-05,US,Georgia,Sumter,392,29,0,32.03650571,-84.19821492,13261.0,363,391,29,0,362,388,29733,1,0,0,1,3
2020-05-05,US,Georgia,Talbot,25,1,0,32.69642758,-84.53351366,13263.0,24,25,1,0,24,26,6272,0,0,0,0,-1
2020-05-05,US,Georgia,Taliaferro,1,0,0,33.56543317,-82.88136816,13265.0,1,1,0,0,1,1,1608,0,0,0,0,0
2020-05-05,US,Georgia,Tattnall,9,0,0,32.04785085,-82.05539188,13267.0,9,9,0,0,9,9,25391,0,0,0,0,0
2020-05-05,US,Georgia,Taylor,18,2,0,32.55792548,-84.25077141,13269.0,16,18,2,0,16,18,8039,0,0,0,0,0
2020-05-05,US,Georgia,Telfair,28,0,0,31.92829517,-82.93491155,13271.0,28,28,0,0,28,28,15876,0,0,0,0,0
2020-05-05,US,Georgia,Terrell,191,21,0,31.77527543,-84.44069698,13273.0,170,189,21,0,168,186,8611,2,0,0,2,3
2020-05-05,US,Georgia,Thomas,204,20,0,30.86392347,-83.91847289,13275.0,184,196,20,0,176,192,44448,8,0,0,8,4
2020-05-05,US,Georgia,Tift,132,5,0,31.45743864,-83.5236119,13277.0,127,132,5,0,127,127,40571,0,0,0,0,5
2020-05-05,US,Georgia,Toombs,34,3,0,32.12059861,-82.32957247,13279.0,31,34,3,0,31,34,26887,0,0,0,0,0
2020-05-05,US,Georgia,Towns,20,1,0,34.91369188,-83.74107459999998,13281.0,19,19,1,0,18,20,11852,1,0,0,1,-1
2020-05-05,US,Georgia,Treutlen,3,0,0,32.40422134,-82.56904553,13283.0,3,3,0,0,3,3,6809,0,0,0,0,0
2020-05-05,US,Georgia,Troup,163,5,0,33.03349196,-85.02812115,13285.0,158,159,5,0,154,154,70034,4,0,0,4,5
2020-05-05,US,Georgia,Turner,70,10,0,31.71612656,-83.62069378,13287.0,60,69,10,0,59,69,7912,1,0,0,1,0
2020-05-05,US,Georgia,Twiggs,8,0,0,32.67435595,-83.43078662,13289.0,8,8,0,0,8,8,8188,0,0,0,0,0
2020-05-05,US,Georgia,Unassigned,686,3,0,0.0,0.0,90013.0,683,703,3,0,700,694,,-17,0,0,-17,9
2020-05-05,US,Georgia,Union,32,1,0,34.82995757,-83.98967069,13291.0,31,31,1,0,30,31,24001,1,0,0,1,0
2020-05-05,US,Georgia,Upson,243,23,0,32.87920671,-84.30024826,13293.0,220,240,21,0,219,230,26215,3,2,0,1,10
2020-05-05,US,Georgia,Walker,61,0,0,34.73376362,-85.30165174,13295.0,61,61,0,0,61,51,69410,0,0,0,0,10
2020-05-05,US,Georgia,Walton,139,5,0,33.78017694,-83.73552314,13297.0,134,136,4,0,132,133,93503,3,1,0,2,3
2020-05-05,US,Georgia,Ware,142,13,0,31.05449097,-82.42224148,13299.0,129,133,12,0,121,130,35680,9,1,0,8,3
2020-05-05,US,Georgia,Warren,13,0,0,33.41146451,-82.67795848,13301.0,13,13,0,0,13,13,5251,0,0,0,0,0
2020-05-05,US,Georgia,Washington,43,1,0,32.96711864,-82.79357039,13303.0,42,43,1,0,42,44,20386,0,0,0,0,-1
2020-05-05,US,Georgia,Wayne,13,0,0,31.5521809,-81.91894878,13305.0,13,13,0,0,13,13,29808,0,0,0,0,0
2020-05-05,US,Georgia,Webster,10,2,0,32.04066113,-84.54742852,13307.0,8,10,2,0,8,10,2611,0,0,0,0,0
2020-05-05,US,Georgia,Wheeler,5,0,0,32.12009104,-82.72574721,13309.0,5,5,0,0,5,5,7879,0,0,0,0,0
2020-05-05,US,Georgia,White,83,1,0,34.64624278,-83.74905525,13311.0,82,79,0,0,79,78,29970,4,1,0,3,1
2020-05-05,US,Georgia,Whitfield,131,6,0,34.80987459,-84.96093476,13313.0,125,126,6,0,120,120,104062,5,0,0,5,6
2020-05-05,US,Georgia,Wilcox,90,10,0,31.97496928,-83.43438555,13315.0,80,90,10,0,80,90,8812,0,0,0,0,0
2020-05-05,US,Georgia,Wilkes,26,0,0,33.78290391,-82.74286107,13317.0,26,25,0,0,25,25,9876,1,0,0,1,0
2020-05-05,US,Georgia,Wilkinson,35,2,0,32.80291082,-83.17140684,13319.0,33,36,2,0,34,35,9036,-1,0,0,-1,1
2020-05-05,US,Georgia,Worth,173,12,0,31.55162306,-83.85090513,13321.0,161,167,11,0,156,162,20299,6,1,0,5,5
2020-05-05,US,Hawaii,Hawaii,74,0,0,19.60121157,-155.5210167,15001.0,74,75,0,0,75,74,200983,-1,0,0,-1,1
2020-05-05,US,Hawaii,Honolulu,404,11,0,21.45803166,-157.97121819999995,15003.0,393,400,11,0,389,400,980080,4,0,0,4,0
2020-05-05,US,Hawaii,Kauai,21,0,0,22.03935037,-159.5966786,15007.0,21,21,0,0,21,21,72133,0,0,0,0,0
2020-05-05,US,Hawaii,Maui,116,6,0,20.86399628,-156.56890969999995,15009.0,110,116,6,0,110,116,167207,0,0,0,0,0
2020-05-05,US,Hawaii,Out of HI,10,0,0,0.0,0.0,80015.0,10,9,0,0,9,9,,1,0,0,1,0
2020-05-05,US,Idaho,Ada,713,19,0,43.4526575,-116.24155159999998,16001.0,694,710,17,0,693,705,469966,3,2,0,1,5
2020-05-05,US,Idaho,Adams,3,0,0,44.89333571,-116.4545247,16003.0,3,3,0,0,3,3,4250,0,0,0,0,0
2020-05-05,US,Idaho,Bannock,11,0,0,42.67002716,-112.2233311,16005.0,11,11,0,0,11,11,87138,0,0,0,0,0
2020-05-05,US,Idaho,Bingham,4,0,0,43.21672879999999,-112.3978437,16011.0,4,4,0,0,4,4,46236,0,0,0,0,0
2020-05-05,US,Idaho,Blaine,499,5,0,43.4085812,-113.9752658,16013.0,494,498,5,0,493,497,22601,1,0,0,1,1
2020-05-05,US,Idaho,Bonner,4,0,0,48.29996017,-116.6017932,16017.0,4,4,0,0,4,4,44727,0,0,0,0,0
2020-05-05,US,Idaho,Bonneville,28,0,0,43.38713372,-111.6161537,16019.0,28,28,0,0,28,28,116854,0,0,0,0,0
2020-05-05,US,Idaho,Camas,1,0,0,43.46665742,-114.8065892,16025.0,1,1,0,0,1,1,1127,0,0,0,0,0
2020-05-05,US,Idaho,Canyon,266,6,0,43.61970148,-116.7095499,16027.0,260,266,7,0,259,258,223499,0,-1,0,1,8
2020-05-05,US,Idaho,Caribou,1,0,0,42.77149116,-111.5597683,16029.0,1,1,0,0,1,1,7060,0,0,0,0,0
2020-05-05,US,Idaho,Cassia,13,1,0,42.28347888,-113.6012409,16031.0,12,13,1,0,12,13,23864,0,0,0,0,0
2020-05-05,US,Idaho,Custer,2,0,0,44.24186819,-114.2855494,16037.0,2,2,0,0,2,2,4280,0,0,0,0,0
2020-05-05,US,Idaho,Elmore,30,2,0,43.3507101,-115.4701578,16039.0,28,30,2,0,28,30,27259,0,0,0,0,0
2020-05-05,US,Idaho,Fremont,3,0,0,44.22800938,-111.4809943,16043.0,3,2,0,0,2,2,13168,1,0,0,1,0
2020-05-05,US,Idaho,Gem,14,0,0,44.06482372,-116.398376,16045.0,14,14,0,0,14,13,17634,0,0,0,0,1
2020-05-05,US,Idaho,Gooding,13,0,0,42.96927962,-114.8108306,16047.0,13,13,0,0,13,12,15196,0,0,0,0,1
2020-05-05,US,Idaho,Idaho,3,0,0,45.84721541,-115.4634436,16049.0,3,3,0,0,3,3,16513,0,0,0,0,0
2020-05-05,US,Idaho,Jefferson,5,0,0,43.82078483,-112.3131749,16051.0,5,5,0,0,5,5,29439,0,0,0,0,0
2020-05-05,US,Idaho,Jerome,61,2,0,42.68891267,-114.2655033,16053.0,59,57,2,0,55,55,24015,4,0,0,4,2
2020-05-05,US,Idaho,Kootenai,62,0,0,47.67282258,-116.7020872,16055.0,62,62,0,0,62,62,161505,0,0,0,0,0
2020-05-05,US,Idaho,Latah,5,0,0,46.81587887,-116.7113698,16057.0,5,5,0,0,5,5,40134,0,0,0,0,0
2020-05-05,US,Idaho,Lemhi,1,0,0,44.9438088,-113.9309747,16059.0,1,1,0,0,1,1,7961,0,0,0,0,0
2020-05-05,US,Idaho,Lincoln,29,0,0,43.0012336,-114.1358773,16063.0,29,29,0,0,29,29,5360,0,0,0,0,0
2020-05-05,US,Idaho,Madison,13,0,0,43.78141028,-111.65384740000002,16065.0,13,12,0,0,12,12,39304,1,0,0,1,0
2020-05-05,US,Idaho,Minidoka,11,0,0,42.85518524,-113.6357257,16067.0,11,11,0,0,11,11,20825,0,0,0,0,0
2020-05-05,US,Idaho,Nez Perce,74,18,0,46.32638236,-116.7500975,16069.0,56,74,18,0,56,60,40408,0,0,0,0,14
2020-05-05,US,Idaho,Owyhee,8,0,0,42.58016894,-116.1693871,16073.0,8,8,0,0,8,8,11693,0,0,0,0,0
2020-05-05,US,Idaho,Payette,17,1,0,44.00545243,-116.7647695,16075.0,16,17,1,0,16,16,23551,0,0,0,0,1
2020-05-05,US,Idaho,Power,2,0,0,42.69254894,-112.83957420000002,16077.0,2,2,0,0,2,2,7768,0,0,0,0,0
2020-05-05,US,Idaho,Teton,10,0,0,43.75303583,-111.2056773,16081.0,10,9,0,0,9,9,11640,1,0,0,1,0
2020-05-05,US,Idaho,Twin Falls,218,11,0,42.35440512,-114.6685381,16083.0,207,208,11,0,197,196,86081,10,0,0,10,12
2020-05-05,US,Idaho,Valley,2,0,0,44.76728382,-115.5676773,16085.0,2,2,0,0,2,2,11041,0,0,0,0,0
2020-05-05,US,Idaho,Washington,1,0,0,44.45275475,-116.7847688,16087.0,1,1,0,0,1,1,10161,0,0,0,0,0
2020-05-05,US,Illinois,Adams,40,1,0,39.98815591,-91.18786813,17001.0,39,40,1,0,39,40,65691,0,0,0,0,0
2020-05-05,US,Illinois,Alexander,4,0,0,37.18049267,-89.32910838,17003.0,4,4,0,0,4,4,6060,0,0,0,0,0
2020-05-05,US,Illinois,Bond,7,1,0,38.88829622,-89.43534887,17005.0,6,6,1,0,5,6,16630,1,0,0,1,0
2020-05-05,US,Illinois,Boone,146,10,0,42.32359279,-88.82345779,17007.0,136,144,10,0,134,138,53577,2,0,0,2,6
2020-05-05,US,Illinois,Brown,2,0,0,39.96209138,-90.75068024,17009.0,2,2,0,0,2,1,6556,0,0,0,0,1
2020-05-05,US,Illinois,Bureau,12,1,0,41.40385234,-89.5283051,17011.0,11,12,0,0,12,12,32993,0,1,0,-1,0
2020-05-05,US,Illinois,Calhoun,1,0,0,39.16840183,-90.66330078,17013.0,1,1,0,0,1,1,4802,0,0,0,0,0
2020-05-05,US,Illinois,Carroll,10,2,0,42.06823429,-89.93395545,17015.0,8,10,2,0,8,10,14312,0,0,0,0,0
2020-05-05,US,Illinois,Cass,42,0,0,39.96991073,-90.24734436,17017.0,42,40,0,0,40,40,12260,2,0,0,2,0
2020-05-05,US,Illinois,Champaign,212,6,0,40.13919438,-88.20046615,17019.0,206,182,6,0,176,177,209983,30,0,0,30,5
2020-05-05,US,Illinois,Christian,28,4,0,39.54581621,-89.27780482,17021.0,24,28,4,0,24,28,32661,0,0,0,0,0
2020-05-05,US,Illinois,Clark,5,0,0,39.33425789,-87.78705622,17023.0,5,5,0,0,5,5,15596,0,0,0,0,0
2020-05-05,US,Illinois,Clay,2,0,0,38.75388572,-88.48914513,17025.0,2,2,0,0,2,2,13253,0,0,0,0,0
2020-05-05,US,Illinois,Clinton,115,7,0,38.60704876,-89.42385254,17027.0,108,114,5,0,109,112,37639,1,2,0,-1,2
2020-05-05,US,Illinois,Coles,22,1,0,39.51949084,-88.22358557,17029.0,21,22,1,0,21,22,50885,0,0,0,0,0
2020-05-05,US,Illinois,Cook,45223,1922,0,41.84144849,-87.81658794,17031.0,43301,43715,1802,0,41913,42324,5180493,1508,120,0,1388,1391
2020-05-05,US,Illinois,Crawford,8,0,0,39.0032229,-87.75954624,17033.0,8,8,0,0,8,10,18807,0,0,0,0,-2
2020-05-05,US,Illinois,Cumberland,4,0,0,39.27432424,-88.2401158,17035.0,4,4,0,0,4,3,10808,0,0,0,0,1
2020-05-05,US,Illinois,De Witt,3,0,0,40.17514519,-88.90959682,17039.0,3,3,0,0,3,3,15769,0,0,0,0,0
2020-05-05,US,Illinois,DeKalb,132,1,0,41.89373302,-88.76958483,17037.0,131,130,1,0,129,125,104143,2,0,0,2,5
2020-05-05,US,Illinois,Douglas,20,0,0,39.76768052,-88.21854195,17041.0,20,20,0,0,20,20,19479,0,0,0,0,0
2020-05-05,US,Illinois,DuPage,3918,207,0,41.85116968,-88.08642662,17043.0,3711,3803,196,0,3607,3611,928589,115,11,0,104,192
2020-05-05,US,Illinois,Effingham,5,1,0,39.05935711,-88.58969584,17049.0,4,5,1,0,4,6,34208,0,0,0,0,-1
2020-05-05,US,Illinois,Fayette,16,2,0,39.00072038,-89.02452658,17051.0,14,16,2,0,14,16,21416,0,0,0,0,0
2020-05-05,US,Illinois,Ford,11,1,0,40.59706922,-88.22350769,17053.0,10,9,1,0,8,9,13264,2,0,0,2,0
2020-05-05,US,Illinois,Franklin,10,0,0,37.99189086,-88.92567818,17055.0,10,9,0,0,9,10,38701,1,0,0,1,-1
2020-05-05,US,Illinois,Fulton,3,0,0,40.47289135,-90.20862357,17057.0,3,4,1,0,3,3,34844,-1,-1,0,0,1
2020-05-05,US,Illinois,Gallatin,2,0,0,37.76430935,-88.22953869,17059.0,2,2,0,0,2,2,5058,0,0,0,0,0
2020-05-05,US,Illinois,Greene,3,0,0,39.35907414,-90.388865,17061.0,3,3,0,0,3,3,13044,0,0,0,0,0
2020-05-05,US,Illinois,Grundy,47,0,0,41.28569601,-88.41905692,17063.0,47,46,0,0,46,43,50972,1,0,0,1,3
2020-05-05,US,Illinois,Hamilton,2,0,0,38.08163641,-88.53883373,17065.0,2,2,0,0,2,2,8163,0,0,0,0,0
2020-05-05,US,Illinois,Hancock,9,0,0,40.40423981,-91.16313899,17067.0,9,9,0,0,9,8,17844,0,0,0,0,1
2020-05-05,US,Illinois,Hardin,1,0,0,37.51810645,-88.26873022,17069.0,1,1,0,0,1,1,3910,0,0,0,0,0
2020-05-05,US,Illinois,Henderson,4,0,0,40.81908672,-90.92491462,17071.0,4,4,0,0,4,5,6709,0,0,0,0,-1
2020-05-05,US,Illinois,Henry,53,0,0,41.3533994,-90.13296166,17073.0,53,53,0,0,53,50,49090,0,0,0,0,3
2020-05-05,US,Illinois,Iroquois,47,1,0,40.74717633,-87.82466784,17075.0,46,42,1,0,41,38,27604,5,0,0,5,4
2020-05-05,US,Illinois,Jackson,146,9,0,37.78595185,-89.38232563,17077.0,137,140,9,0,131,139,57419,6,0,0,6,1
2020-05-05,US,Illinois,Jasper,48,5,0,39.01054275,-88.15437049,17079.0,43,48,5,0,43,45,9611,0,0,0,0,3
2020-05-05,US,Illinois,Jefferson,86,15,0,38.29980057,-88.9240025,17081.0,71,87,15,0,72,86,37820,-1,0,0,-1,1
2020-05-05,US,Illinois,Jersey,14,1,0,39.08869046,-90.35393073,17083.0,13,14,1,0,13,13,21847,0,0,0,0,1
2020-05-05,US,Illinois,Jo Daviess,14,0,0,42.36542373,-90.21094405,17085.0,14,14,0,0,14,13,21366,0,0,0,0,1
2020-05-05,US,Illinois,Johnson,4,0,0,37.45939802,-88.88165419,17087.0,4,4,0,0,4,4,12456,0,0,0,0,0
2020-05-05,US,Illinois,Kane,2206,65,0,41.93842729,-88.42861412,17089.0,2141,2115,57,0,2058,1935,534216,91,8,0,83,180
2020-05-05,US,Illinois,Kankakee,393,27,0,41.13746989,-87.86205334,17091.0,366,383,25,0,358,358,110024,10,2,0,8,25
2020-05-05,US,Illinois,Kendall,334,9,0,41.59081014,-88.42869583,17093.0,325,326,6,0,320,305,127915,8,3,0,5,21
2020-05-05,US,Illinois,Knox,56,0,0,40.93148779,-90.21330340000002,17095.0,56,56,0,0,56,51,50112,0,0,0,0,5
2020-05-05,US,Illinois,LaSalle,69,1,0,41.34426129999999,-88.88633881,17099.0,68,70,1,0,69,67,109430,-1,0,0,-1,3
2020-05-05,US,Illinois,Lake,4370,151,0,42.3224907,-88.00367925,17097.0,4219,4252,151,0,4101,4161,700832,118,0,0,118,91
2020-05-05,US,Illinois,Lawrence,3,0,0,38.71987914,-87.72884035,17101.0,3,4,0,0,4,4,15765,-1,0,0,-1,0
2020-05-05,US,Illinois,Lee,41,0,0,41.74583951,-89.29977132,17103.0,41,25,0,0,25,25,34223,16,0,0,16,0
2020-05-05,US,Illinois,Livingston,23,1,0,40.89188292,-88.55784752,17105.0,22,23,1,0,22,24,35761,0,0,0,0,-1
2020-05-05,US,Illinois,Logan,7,0,0,40.12581572,-89.36638784,17107.0,7,7,0,0,7,7,28925,0,0,0,0,0
2020-05-05,US,Illinois,Macon,126,13,0,39.86064913,-88.96342505,17115.0,113,124,13,0,111,122,104712,2,0,0,2,2
2020-05-05,US,Illinois,Macoupin,36,1,0,39.26119767,-89.92424028,17117.0,35,34,0,0,34,32,45313,2,1,0,1,2
2020-05-05,US,Illinois,Madison,369,27,0,38.83042506,-89.90422563,17119.0,342,365,26,0,339,365,264461,4,1,0,3,0
2020-05-05,US,Illinois,Marion,36,0,0,38.64963204,-88.91899208,17121.0,36,35,0,0,35,34,37620,1,0,0,1,1
2020-05-05,US,Illinois,Marshall,4,0,0,41.0327901,-89.34510444,17123.0,4,4,0,0,4,4,11534,0,0,0,0,0
2020-05-05,US,Illinois,Mason,14,0,0,40.23917274,-89.91824452,17125.0,14,14,0,0,14,13,13565,0,0,0,0,1
2020-05-05,US,Illinois,Massac,4,0,0,37.22078441,-88.71036614,17127.0,4,4,0,0,4,4,14080,0,0,0,0,0
2020-05-05,US,Illinois,McDonough,37,2,0,40.45674722,-90.67775541,17109.0,35,36,1,0,35,35,29955,1,1,0,0,1
2020-05-05,US,Illinois,McHenry,802,40,0,42.32451172,-88.45248227,17111.0,762,790,38,0,752,738,308570,12,2,0,10,52
2020-05-05,US,Illinois,McLean,103,3,0,40.48996987,-88.84621113,17113.0,100,103,3,0,100,99,172828,0,0,0,0,4
2020-05-05,US,Illinois,Menard,15,0,0,40.02742725,-89.80246001,17129.0,15,14,0,0,14,15,12288,1,0,0,1,-1
2020-05-05,US,Illinois,Mercer,10,0,0,41.20596782,-90.74290052,17131.0,10,10,0,0,10,8,15601,0,0,0,0,2
2020-05-05,US,Illinois,Monroe,74,11,0,38.27594376,-90.17761038,17133.0,63,73,12,0,61,75,34335,1,-1,0,2,-2
2020-05-05,US,Illinois,Montgomery,30,1,0,39.23198845,-89.47809254,17135.0,29,29,1,0,28,28,28601,1,0,0,1,1
2020-05-05,US,Illinois,Morgan,26,1,0,39.71654544,-90.20255104,17137.0,25,24,1,0,23,24,33976,2,0,0,2,0
2020-05-05,US,Illinois,Moultrie,6,0,0,39.64187451,-88.62099969,17139.0,6,5,0,0,5,5,14717,1,0,0,1,0
2020-05-05,US,Illinois,Ogle,133,1,0,42.04165196,-89.32184679,17141.0,132,132,1,0,131,129,50923,1,0,0,1,3
2020-05-05,US,Illinois,Peoria,113,3,0,40.78702156,-89.76078901,17143.0,110,107,3,0,104,106,180621,6,0,0,6,1
2020-05-05,US,Illinois,Perry,32,0,0,38.08510853,-89.36856219,17145.0,32,34,0,0,34,34,21174,-2,0,0,-2,0
2020-05-05,US,Illinois,Piatt,7,0,0,40.01360584,-88.59319339,17147.0,7,7,0,0,7,7,16396,0,0,0,0,0
2020-05-05,US,Illinois,Pike,1,0,0,39.62265059,-90.8877017,17149.0,1,1,0,0,1,1,15611,0,0,0,0,0
2020-05-05,US,Illinois,Pulaski,20,0,0,37.22631423,-89.13085001,17153.0,20,20,0,0,20,20,5463,0,0,0,0,0
2020-05-05,US,Illinois,Randolph,183,2,0,38.05095369,-89.82512254,17157.0,181,182,1,0,181,179,32106,1,1,0,0,3
2020-05-05,US,Illinois,Richland,3,0,0,38.71240969,-88.08475366,17159.0,3,3,0,0,3,3,15763,0,0,0,0,0
2020-05-05,US,Illinois,Rock Island,454,12,0,41.46613806,-90.57042164,17161.0,442,452,9,0,443,436,143477,2,3,0,-1,16
2020-05-05,US,Illinois,Saline,4,0,0,37.75332999,-88.54119706,17165.0,4,4,0,0,4,4,23906,0,0,0,0,0
2020-05-05,US,Illinois,Sangamon,216,14,0,39.75836914,-89.65872023,17167.0,202,212,11,0,201,208,195348,4,3,0,1,4
2020-05-05,US,Illinois,Schuyler,2,0,0,40.1571798,-90.61114163,17169.0,2,1,0,0,1,1,6907,1,0,0,1,0
2020-05-05,US,Illinois,Shelby,10,1,0,39.39133527,-88.80611122,17173.0,9,10,1,0,9,10,21741,0,0,0,0,0
2020-05-05,US,Illinois,St. Clair,579,41,0,38.46996033,-89.93063427,17163.0,538,551,34,0,517,537,261059,28,7,0,21,14
2020-05-05,US,Illinois,Stark,1,0,0,41.09309773,-89.79745866,17175.0,1,1,0,0,1,1,5427,0,0,0,0,0
2020-05-05,US,Illinois,Stephenson,70,0,0,42.35129217,-89.662598,17177.0,70,71,0,0,71,63,44753,-1,0,0,-1,8
2020-05-05,US,Illinois,Tazewell,48,3,0,40.50716185,-89.51404662,17179.0,45,45,3,0,42,47,132328,3,0,0,3,-2
2020-05-05,US,Illinois,Unassigned,236,0,0,0.0,0.0,90017.0,236,214,0,0,214,257,,22,0,0,22,-43
2020-05-05,US,Illinois,Union,32,1,0,37.47119609,-89.25548938,17181.0,31,30,0,0,30,28,16841,2,1,0,1,2
2020-05-05,US,Illinois,Vermilion,23,1,0,40.18417171,-87.73384359,17183.0,22,21,1,0,20,18,76806,2,0,0,2,3
2020-05-05,US,Illinois,Wabash,1,0,0,38.44272901,-87.84922065,17185.0,1,1,0,0,1,1,11549,0,0,0,0,0
2020-05-05,US,Illinois,Warren,85,0,0,40.84925021,-90.6147432,17187.0,85,85,0,0,85,78,17032,0,0,0,0,7
2020-05-05,US,Illinois,Washington,14,0,0,38.35309213,-89.40982703,17189.0,14,13,0,0,13,13,13995,1,0,0,1,0
2020-05-05,US,Illinois,Wayne,2,0,0,38.42955355,-88.42586459,17191.0,2,2,0,0,2,2,16332,0,0,0,0,0
2020-05-05,US,Illinois,White,2,0,0,38.08706198,-88.17657461,17193.0,2,2,0,0,2,2,13665,0,0,0,0,0
2020-05-05,US,Illinois,Whiteside,94,6,0,41.75509713,-89.91556058,17195.0,88,92,6,0,86,92,55626,2,0,0,2,0
2020-05-05,US,Illinois,Will,3150,178,0,41.44619267,-87.97862712,17197.0,2972,3066,169,0,2897,2868,692310,84,9,0,75,198
2020-05-05,US,Illinois,Williamson,37,0,0,37.73033511,-88.92994027,17199.0,37,35,0,0,35,34,67056,2,0,0,2,1
2020-05-05,US,Illinois,Winnebago,649,19,0,42.33641854,-89.16085327,17201.0,630,638,18,0,620,579,284081,11,1,0,10,59
2020-05-05,US,Illinois,Woodford,13,1,0,40.78579374,-89.20973757,17203.0,12,13,1,0,12,13,38463,0,0,0,0,0
2020-05-05,US,Indiana,Adams,9,1,0,40.7457653,-84.93671406,18001.0,8,8,1,0,7,8,35636,1,0,0,1,0
2020-05-05,US,Indiana,Allen,695,55,0,41.09194313,-85.06800636,18003.0,640,664,54,0,610,619,375351,31,1,0,30,45
2020-05-05,US,Indiana,Bartholomew,297,17,0,39.20744865,-85.89558181,18005.0,280,269,14,0,255,268,82753,28,3,0,25,1
2020-05-05,US,Indiana,Benton,10,0,0,40.60626947,-87.31093999,18007.0,10,11,0,0,11,11,8653,-1,0,0,-1,0
2020-05-05,US,Indiana,Blackford,10,1,0,40.47388153,-85.32499702,18009.0,9,9,1,0,8,9,11930,1,0,0,1,0
2020-05-05,US,Indiana,Boone,207,26,0,40.0509304,-86.46841646,18011.0,181,199,24,0,175,198,66999,8,2,0,6,1
2020-05-05,US,Indiana,Brown,18,1,0,39.19605589,-86.22868909,18013.0,17,18,1,0,17,18,15234,0,0,0,0,0
2020-05-05,US,Indiana,Carroll,63,1,0,40.580783200000006,-86.56198812,18015.0,62,56,1,0,55,41,20127,7,0,0,7,15
2020-05-05,US,Indiana,Cass,1406,2,0,40.76135835,-86.34830753,18017.0,1404,1371,2,0,1369,1293,37955,35,0,0,35,78
2020-05-05,US,Indiana,Clark,339,21,0,38.48015445,-85.70510334,18019.0,318,334,16,0,318,331,117360,5,5,0,0,3
2020-05-05,US,Indiana,Clay,22,1,0,39.39561833,-87.11723506,18021.0,21,22,1,0,21,22,26170,0,0,0,0,0
2020-05-05,US,Indiana,Clinton,65,1,0,40.30319754,-86.47277257,18023.0,64,64,1,0,63,56,32250,1,0,0,1,8
2020-05-05,US,Indiana,Crawford,19,0,0,38.28814402,-86.44518825,18025.0,19,18,0,0,18,18,10558,1,0,0,1,0
2020-05-05,US,Indiana,Daviess,52,15,0,38.70186039,-87.07185406,18027.0,37,52,15,0,37,51,33147,0,0,0,0,1
2020-05-05,US,Indiana,DeKalb,22,1,0,41.39804622,-84.99906934,18033.0,21,22,1,0,21,22,43226,0,0,0,0,0
2020-05-05,US,Indiana,Dearborn,138,11,0,39.14647946,-84.97333539,18029.0,127,137,10,0,127,135,49568,1,1,0,0,2
2020-05-05,US,Indiana,Decatur,205,28,0,39.30712658,-85.50087166,18031.0,177,202,28,0,174,202,26794,3,0,0,3,0
2020-05-05,US,Indiana,Delaware,209,15,0,40.22787247,-85.39732772,18035.0,194,200,15,0,185,200,114772,9,0,0,9,0
2020-05-05,US,Indiana,Dubois,27,0,0,38.36597551,-86.87924170000002,18037.0,27,25,0,0,25,25,42565,2,0,0,2,0
2020-05-05,US,Indiana,Elkhart,342,13,0,41.59761169,-85.85875695,18039.0,329,321,13,0,308,311,205560,21,0,0,21,10
2020-05-05,US,Indiana,Fayette,30,4,0,39.63684962,-85.17797541,18041.0,26,30,4,0,26,29,23047,0,0,0,0,1
2020-05-05,US,Indiana,Floyd,212,27,0,38.32117957,-85.90385377,18043.0,185,204,18,0,186,203,77781,8,9,0,-1,1
2020-05-05,US,Indiana,Fountain,14,2,0,40.12361933,-87.24217689,18045.0,12,14,2,0,12,13,16351,0,0,0,0,1
2020-05-05,US,Indiana,Franklin,99,7,0,39.4142482,-85.06062647,18047.0,92,99,7,0,92,97,22736,0,0,0,0,2
2020-05-05,US,Indiana,Fulton,34,1,0,41.0469907,-86.26252745,18049.0,33,33,1,0,32,33,20092,1,0,0,1,0
2020-05-05,US,Indiana,Gibson,7,0,0,38.30393723,-87.58054938,18051.0,7,7,0,0,7,7,33452,0,0,0,0,0
2020-05-05,US,Indiana,Grant,146,12,0,40.51587228,-85.65468702,18053.0,134,146,12,0,134,144,65936,0,0,0,0,2
2020-05-05,US,Indiana,Greene,97,7,0,39.03630547,-86.96223202,18055.0,90,96,6,0,90,96,32006,1,1,0,0,0
2020-05-05,US,Indiana,Hamilton,859,74,0,40.07306535,-86.05244729,18057.0,785,845,72,0,773,824,330086,14,2,0,12,21
2020-05-05,US,Indiana,Hancock,233,12,0,39.82304555,-85.77566351,18059.0,221,231,11,0,220,230,76351,2,1,0,1,1
2020-05-05,US,Indiana,Harrison,138,9,0,38.19467379,-86.10948271,18061.0,129,138,8,0,130,138,40350,0,1,0,-1,0
2020-05-05,US,Indiana,Hendricks,785,44,0,39.76719009,-86.51037283,18063.0,741,774,41,0,733,764,167009,11,3,0,8,10
2020-05-05,US,Indiana,Henry,47,2,0,39.93029017,-85.39625719,18065.0,45,48,1,0,47,44,48271,-1,1,0,-2,4
2020-05-05,US,Indiana,Howard,211,9,0,40.48527731,-86.11351892,18067.0,202,202,9,0,193,191,82366,9,0,0,9,11
2020-05-05,US,Indiana,Huntington,11,2,0,40.82907273,-85.48822092,18069.0,9,11,2,0,9,11,36240,0,0,0,0,0
2020-05-05,US,Indiana,Jackson,183,1,0,38.90915820000001,-86.03851889,18071.0,182,166,1,0,165,165,44111,17,0,0,17,1
2020-05-05,US,Indiana,Jasper,37,1,0,41.02078733,-87.11553319,18073.0,36,36,1,0,35,36,33370,1,0,0,1,0
2020-05-05,US,Indiana,Jay,18,0,0,40.43781032,-85.00576229,18075.0,18,18,0,0,18,16,20764,0,0,0,0,2
2020-05-05,US,Indiana,Jefferson,30,0,0,38.78576239,-85.43633383,18077.0,30,30,0,0,30,30,32208,0,0,0,0,0
2020-05-05,US,Indiana,Jennings,86,3,0,38.99588883,-85.62710784,18079.0,83,82,3,0,79,82,27611,4,0,0,4,0
2020-05-05,US,Indiana,Johnson,730,75,0,39.48994426,-86.10149107,18081.0,655,718,72,0,646,706,156225,12,3,0,9,12
2020-05-05,US,Indiana,Knox,20,0,0,38.68861576,-87.4194665,18083.0,20,20,0,0,20,20,36895,0,0,0,0,0
2020-05-05,US,Indiana,Kosciusko,38,1,0,41.24521668,-85.86312322,18085.0,37,37,1,0,36,36,79344,1,0,0,1,1
2020-05-05,US,Indiana,LaGrange,33,2,0,41.64232188,-85.42674232,18087.0,31,30,2,0,28,28,39330,3,0,0,3,2
2020-05-05,US,Indiana,LaPorte,268,8,0,41.54366008,-86.74072188,18091.0,260,254,8,0,246,251,110007,14,0,0,14,3
2020-05-05,US,Indiana,Lake,2161,103,0,41.41874274,-87.38277575,18089.0,2058,2098,97,0,2001,2036,484411,63,6,0,57,62
2020-05-05,US,Indiana,Lawrence,109,14,0,38.84112637,-86.48361629,18093.0,95,108,14,0,94,105,45668,1,0,0,1,3
2020-05-05,US,Indiana,Madison,452,55,0,40.16143691,-85.71964711,18095.0,397,450,53,0,397,439,129641,2,2,0,0,11
2020-05-05,US,Indiana,Marion,6419,374,0,39.78163624,-86.13826325,18097.0,6045,6327,363,0,5964,6176,954670,92,11,0,81,151
2020-05-05,US,Indiana,Marshall,32,1,0,41.32467367,-86.26185087,18099.0,31,31,1,0,30,31,46248,1,0,0,1,0
2020-05-05,US,Indiana,Martin,7,0,0,38.7099921,-86.80373186,18101.0,7,7,0,0,7,7,10217,0,0,0,0,0
2020-05-05,US,Indiana,Miami,120,1,0,40.76940965,-86.04525048,18103.0,119,119,1,0,118,115,35567,1,0,0,1,4
2020-05-05,US,Indiana,Monroe,132,8,0,39.16130004,-86.52414358,18105.0,124,131,8,0,123,130,146917,1,0,0,1,1
2020-05-05,US,Indiana,Montgomery,106,0,0,40.04034823,-86.89335024,18107.0,106,102,0,0,102,100,38346,4,0,0,4,2
2020-05-05,US,Indiana,Morgan,171,7,0,39.47899078,-86.44573375,18109.0,164,168,7,0,161,163,70116,3,0,0,3,5
2020-05-05,US,Indiana,Newton,61,8,0,40.95610449,-87.39635768,18111.0,53,62,8,0,54,61,14011,-1,0,0,-1,1
2020-05-05,US,Indiana,Noble,122,14,0,41.39672484,-85.41966713,18113.0,108,86,14,0,72,83,47532,36,0,0,36,3
2020-05-05,US,Indiana,Ohio,6,0,0,38.955305,-84.96515993,18115.0,6,6,0,0,6,5,5844,0,0,0,0,1
2020-05-05,US,Indiana,Orange,106,13,0,38.54118920000001,-86.49523093,18117.0,93,105,12,0,93,104,19489,1,1,0,0,1
2020-05-05,US,Indiana,Owen,24,1,0,39.31145587,-86.83900724,18119.0,23,25,1,0,24,24,20845,-1,0,0,-1,1
2020-05-05,US,Indiana,Parke,13,0,0,39.77202286,-87.20375833,18121.0,13,12,0,0,12,12,16927,1,0,0,1,0
2020-05-05,US,Indiana,Perry,11,0,0,38.07809328,-86.63741946,18123.0,11,11,0,0,11,11,19102,0,0,0,0,0
2020-05-05,US,Indiana,Pike,2,0,0,38.40112197,-87.23574907,18125.0,2,2,0,0,2,2,12410,0,0,0,0,0
2020-05-05,US,Indiana,Porter,266,7,0,41.45986947,-87.06848888,18127.0,259,258,7,0,251,252,169594,8,0,0,8,6
2020-05-05,US,Indiana,Posey,14,0,0,38.02097333,-87.86480429,18129.0,14,13,0,0,13,12,25540,1,0,0,1,1
2020-05-05,US,Indiana,Pulaski,29,0,0,41.04166107,-86.69890683,18131.0,29,29,0,0,29,29,12469,0,0,0,0,0
2020-05-05,US,Indiana,Putnam,80,5,0,39.66437981,-86.84517605,18133.0,75,78,4,0,74,76,37779,2,1,0,1,2
2020-05-05,US,Indiana,Randolph,17,2,0,40.15734772,-85.01139319,18135.0,15,16,2,0,14,16,24851,1,0,0,1,0
2020-05-05,US,Indiana,Ripley,98,6,0,39.10235626,-85.26212744,18137.0,92,97,6,0,91,94,28523,1,0,0,1,3
2020-05-05,US,Indiana,Rush,36,2,0,39.62002287,-85.4655599,18139.0,34,35,1,0,34,34,16663,1,1,0,0,1
2020-05-05,US,Indiana,Scott,54,2,0,38.68672078,-85.74627859,18143.0,52,52,2,0,50,52,23878,2,0,0,2,0
2020-05-05,US,Indiana,Shelby,229,14,0,39.52305623,-85.79158570000001,18145.0,215,224,13,0,211,222,44593,5,1,0,4,2
2020-05-05,US,Indiana,Spencer,5,1,0,38.01519732,-87.0079644,18147.0,4,5,1,0,4,5,20327,0,0,0,0,0
2020-05-05,US,Indiana,St. Joseph,687,21,0,41.61756781,-86.29040834,18141.0,666,668,20,0,648,658,270771,19,1,0,18,10
2020-05-05,US,Indiana,Starke,17,2,0,41.27890281,-86.64686895,18149.0,15,17,2,0,15,17,22935,0,0,0,0,0
2020-05-05,US,Indiana,Steuben,51,1,0,41.64423868,-85.00101094,18151.0,50,41,1,0,40,26,34586,10,0,0,10,15
2020-05-05,US,Indiana,Sullivan,16,0,0,39.08952258,-87.41414469,18153.0,16,16,0,0,16,16,20690,0,0,0,0,0
2020-05-05,US,Indiana,Switzerland,15,0,0,38.82767338,-85.03022429,18155.0,15,15,0,0,15,15,10717,0,0,0,0,0
2020-05-05,US,Indiana,Tippecanoe,190,2,0,40.38872739,-86.89413959,18157.0,188,181,2,0,179,156,193048,9,0,0,9,25
2020-05-05,US,Indiana,Tipton,20,1,0,40.31123252,-86.05234925,18159.0,19,20,1,0,19,20,15128,0,0,0,0,0
2020-05-05,US,Indiana,Union,7,0,0,39.62550777,-84.92497066,18161.0,7,7,0,0,7,7,7037,0,0,0,0,0
2020-05-05,US,Indiana,Vanderburgh,153,2,0,38.02658833,-87.58763124,18163.0,151,150,1,0,149,151,180974,3,1,0,2,-1
2020-05-05,US,Indiana,Vermillion,7,0,0,39.8523352,-87.46160542,18165.0,7,7,0,0,7,7,15479,0,0,0,0,0
2020-05-05,US,Indiana,Vigo,71,6,0,39.42944561,-87.39169027,18167.0,65,69,6,0,63,67,107386,2,0,0,2,2
2020-05-05,US,Indiana,Wabash,63,2,0,40.84704239,-85.79328272,18169.0,61,63,2,0,61,60,31280,0,0,0,0,3
2020-05-05,US,Indiana,Warren,12,1,0,40.34728141,-87.35602659,18171.0,11,11,1,0,10,11,8263,1,0,0,1,0
2020-05-05,US,Indiana,Warrick,106,18,0,38.08922676,-87.2716085,18173.0,88,103,16,0,87,101,62567,3,2,0,1,2
2020-05-05,US,Indiana,Washington,45,0,0,38.60219804,-86.1049363,18175.0,45,45,0,0,45,45,27943,0,0,0,0,0
2020-05-05,US,Indiana,Wayne,41,3,0,39.8633444,-85.01044989,18177.0,38,39,3,0,36,38,65936,2,0,0,2,1
2020-05-05,US,Indiana,Wells,7,0,0,40.72934187,-85.22132966,18179.0,7,7,0,0,7,7,28206,0,0,0,0,0
2020-05-05,US,Indiana,White,100,0,0,40.74911165,-86.86492015,18181.0,100,99,0,0,99,82,24133,1,0,0,1,17
2020-05-05,US,Indiana,Whitley,22,1,0,41.13863784,-85.50791236,18183.0,21,21,1,0,20,21,34074,1,0,0,1,0
2020-05-05,US,Iowa,Adair,2,0,0,41.33075609,-94.47105874,19001.0,2,1,0,0,1,1,7063,1,0,0,1,0
2020-05-05,US,Iowa,Allamakee,98,4,0,43.28383218,-91.37860922,19005.0,94,99,3,0,96,98,13832,-1,1,0,-2,1
2020-05-05,US,Iowa,Appanoose,4,3,0,40.74324454,-92.86865906,19007.0,1,4,3,0,1,3,12437,0,0,0,0,1
2020-05-05,US,Iowa,Audubon,8,0,0,41.6844628,-94.90581859,19009.0,8,5,0,0,5,5,5506,3,0,0,3,0
2020-05-05,US,Iowa,Benton,34,1,0,42.08011739,-92.06463573,19011.0,33,34,1,0,33,33,25642,0,0,0,0,1
2020-05-05,US,Iowa,Black Hawk,1378,18,0,42.4704581,-92.30524729,19013.0,1360,1361,15,0,1346,1306,132408,17,3,0,14,55
2020-05-05,US,Iowa,Boone,28,0,0,42.03657094,-93.9313999,19015.0,28,28,0,0,28,23,26346,0,0,0,0,5
2020-05-05,US,Iowa,Bremer,55,5,0,42.77461496,-92.31795937,19017.0,50,55,5,0,50,53,24947,0,0,0,0,2
2020-05-05,US,Iowa,Buchanan,22,0,0,42.4709188,-91.83510825,19019.0,22,20,0,0,20,20,21199,2,0,0,2,0
2020-05-05,US,Iowa,Buena Vista,15,0,0,42.73545875,-95.15100162,19021.0,15,11,0,0,11,8,19874,4,0,0,4,3
2020-05-05,US,Iowa,Butler,10,0,0,42.73172833,-92.79015971,19023.0,10,9,0,0,9,9,14539,1,0,0,1,0
2020-05-05,US,Iowa,Calhoun,1,0,0,42.38521079,-94.64046046,19025.0,1,1,0,0,1,1,9699,0,0,0,0,0
2020-05-05,US,Iowa,Carroll,5,0,0,42.03617207,-94.86032705,19027.0,5,5,0,0,5,5,20154,0,0,0,0,0
2020-05-05,US,Iowa,Cass,1,0,0,41.33149454,-94.92792482,19029.0,1,1,0,0,1,1,12930,0,0,0,0,0
2020-05-05,US,Iowa,Cedar,35,0,0,41.77233777,-91.13246684,19031.0,35,33,0,0,33,31,18627,2,0,0,2,2
2020-05-05,US,Iowa,Cerro Gordo,14,0,0,43.08177563,-93.2612239,19033.0,14,14,0,0,14,14,42647,0,0,0,0,0
2020-05-05,US,Iowa,Cherokee,4,0,0,42.73538914,-95.62389402,19035.0,4,4,0,0,4,4,11321,0,0,0,0,0
2020-05-05,US,Iowa,Chickasaw,6,0,0,43.06001295,-92.31773347,19037.0,6,5,0,0,5,5,11964,1,0,0,1,0
2020-05-05,US,Iowa,Clarke,3,0,0,41.02868181,-93.78499767,19039.0,3,3,0,0,3,3,9423,0,0,0,0,0
2020-05-05,US,Iowa,Clay,7,0,0,43.08247182,-95.15096481,19041.0,7,6,0,0,6,5,16134,1,0,0,1,1
2020-05-05,US,Iowa,Clayton,18,1,0,42.84443388,-91.34133693,19043.0,17,17,1,0,16,15,17556,1,0,0,1,2
2020-05-05,US,Iowa,Clinton,51,1,0,41.89981633,-90.53275096,19045.0,50,50,1,0,49,50,46518,1,0,0,1,0
2020-05-05,US,Iowa,Crawford,96,1,0,42.03718237,-95.3819718,19047.0,95,78,1,0,77,51,17158,18,0,0,18,27
2020-05-05,US,Iowa,Dallas,613,3,0,41.68560356,-94.04127625,19049.0,610,578,1,0,577,537,90180,35,2,0,33,41
2020-05-05,US,Iowa,Davis,4,0,0,40.74773536,-92.41005468,19051.0,4,2,0,0,2,1,9017,2,0,0,2,1
2020-05-05,US,Iowa,Delaware,8,1,0,42.47104597,-91.3664492,19055.0,7,5,1,0,4,10,17069,3,0,0,3,-5
2020-05-05,US,Iowa,Des Moines,21,1,0,40.92012606,-91.18326592,19057.0,20,19,1,0,18,18,39138,2,0,0,2,1
2020-05-05,US,Iowa,Dickinson,6,0,0,43.37787725,-95.1510206,19059.0,6,6,0,0,6,6,17153,0,0,0,0,0
2020-05-05,US,Iowa,Dubuque,156,5,0,42.46815349,-90.88181925,19061.0,151,152,5,0,147,136,96854,4,0,0,4,16
2020-05-05,US,Iowa,Fayette,23,0,0,42.86271799,-91.8441231,19065.0,23,23,0,0,23,22,19660,0,0,0,0,1
2020-05-05,US,Iowa,Floyd,1,0,0,43.06000529999999,-92.78940097,19067.0,1,1,0,0,1,1,15761,0,0,0,0,0
2020-05-05,US,Iowa,Franklin,5,0,0,42.73270384,-93.26256925,19069.0,5,3,0,0,3,3,10124,2,0,0,2,0
2020-05-05,US,Iowa,Greene,11,0,0,42.03614551,-94.39658081,19073.0,11,11,0,0,11,11,8981,0,0,0,0,0
2020-05-05,US,Iowa,Grundy,17,0,0,42.40183723,-92.78829551,19075.0,17,16,0,0,16,15,12304,1,0,0,1,1
2020-05-05,US,Iowa,Guthrie,31,0,0,41.68378965,-94.50111014,19077.0,31,29,0,0,29,22,10720,2,0,0,2,7
2020-05-05,US,Iowa,Hamilton,7,0,0,42.38382428,-93.70197703,19079.0,7,7,0,0,7,7,14952,0,0,0,0,0
2020-05-05,US,Iowa,Hancock,3,0,0,43.08178477,-93.73454884,19081.0,3,3,0,0,3,3,10712,0,0,0,0,0
2020-05-05,US,Iowa,Hardin,9,0,0,42.38353877,-93.23654611,19083.0,9,9,0,0,9,9,16868,0,0,0,0,0
2020-05-05,US,Iowa,Harrison,17,0,0,41.68330137,-95.81558439,19085.0,17,16,0,0,16,16,14134,1,0,0,1,0
2020-05-05,US,Iowa,Henry,37,1,0,40.98767962,-91.54436349,19087.0,36,34,1,0,33,33,20067,3,0,0,3,1
2020-05-05,US,Iowa,Howard,12,0,0,43.35671042,-92.31702714,19089.0,12,12,0,0,12,10,9187,0,0,0,0,2
2020-05-05,US,Iowa,Humboldt,4,0,0,42.7764426,-94.20722537,19091.0,4,4,0,0,4,4,9547,0,0,0,0,0
2020-05-05,US,Iowa,Iowa,22,0,0,41.68630265,-92.0643373,19095.0,22,22,0,0,22,21,16141,0,0,0,0,1
2020-05-05,US,Iowa,Jackson,5,0,0,42.17178824,-90.57354837,19097.0,5,5,0,0,5,6,19432,0,0,0,0,-1
2020-05-05,US,Iowa,Jasper,219,3,0,41.68576082,-93.05567785,19099.0,216,210,2,0,208,193,37147,9,1,0,8,17
2020-05-05,US,Iowa,Jefferson,6,0,0,41.03192394,-91.94849466,19101.0,6,6,0,0,6,6,18381,0,0,0,0,0
2020-05-05,US,Iowa,Johnson,518,6,0,41.67169354,-91.58754744,19103.0,512,505,6,0,499,498,151260,13,0,0,13,7
2020-05-05,US,Iowa,Jones,25,0,0,42.12118609,-91.13139641,19105.0,25,24,0,0,24,24,20744,1,0,0,1,0
2020-05-05,US,Iowa,Keokuk,3,0,0,41.33649833,-92.1785067,19107.0,3,3,0,0,3,3,10225,0,0,0,0,0
2020-05-05,US,Iowa,Kossuth,2,0,0,43.20405458,-94.20691791,19109.0,2,2,0,0,2,2,14908,0,0,0,0,0
2020-05-05,US,Iowa,Lee,16,0,0,40.64181461,-91.48183025,19111.0,16,14,0,0,14,13,34055,2,0,0,2,1
2020-05-05,US,Iowa,Linn,767,53,0,42.07923082,-91.59809485,19113.0,714,757,47,0,710,731,225909,10,6,0,4,26
2020-05-05,US,Iowa,Louisa,279,2,0,41.21842119,-91.26102611,19115.0,277,277,2,0,275,277,11169,2,0,0,2,0
2020-05-05,US,Iowa,Lyon,15,0,0,43.38107862,-96.20926845,19119.0,15,15,0,0,15,14,11811,0,0,0,0,1
2020-05-05,US,Iowa,Madison,9,1,0,41.33081904,-94.01554631,19121.0,8,9,1,0,8,9,16249,0,0,0,0,0
2020-05-05,US,Iowa,Mahaska,18,1,0,41.33521503,-92.64083907,19123.0,17,17,1,0,16,16,22000,1,0,0,1,1
2020-05-05,US,Iowa,Marion,12,0,0,41.33445101,-93.09934783,19125.0,12,12,0,0,12,12,33407,0,0,0,0,0
2020-05-05,US,Iowa,Marshall,647,2,0,42.03586837,-92.9990819,19127.0,645,630,2,0,628,603,39981,17,0,0,17,27
2020-05-05,US,Iowa,Mills,3,0,0,41.03299766,-95.61920963,19129.0,3,3,0,0,3,3,15063,0,0,0,0,0
2020-05-05,US,Iowa,Mitchell,3,0,0,43.35638371,-92.78887719,19131.0,3,3,0,0,3,3,10569,0,0,0,0,0
2020-05-05,US,Iowa,Monona,10,0,0,42.05220391,-95.95743843,19133.0,10,10,0,0,10,10,8679,0,0,0,0,0
2020-05-05,US,Iowa,Monroe,1,0,0,41.02988815,-92.8690667,19135.0,1,1,0,0,1,1,7790,0,0,0,0,0
2020-05-05,US,Iowa,Montgomery,1,0,0,41.03018714,-95.15642896,19137.0,1,1,0,0,1,1,10003,0,0,0,0,0
2020-05-05,US,Iowa,Muscatine,415,16,0,41.48370744,-91.1121697,19139.0,399,387,16,0,371,372,42929,28,0,0,28,15
2020-05-05,US,Iowa,O'Brien,11,0,0,43.08310673,-95.62474482,19141.0,11,11,0,0,11,11,13840,0,0,0,0,0
2020-05-05,US,Iowa,Osceola,13,0,0,43.37824276,-95.62422844,19143.0,13,13,0,0,13,13,6040,0,0,0,0,0
2020-05-05,US,Iowa,Page,9,0,0,40.7393172,-95.1497813,19145.0,9,9,0,0,9,8,15249,0,0,0,0,1
2020-05-05,US,Iowa,Plymouth,33,0,0,42.737633,-96.21366621,19149.0,33,27,0,0,27,23,25095,6,0,0,6,4
2020-05-05,US,Iowa,Pocahontas,3,0,0,42.73420133,-94.67862564,19151.0,3,3,0,0,3,3,6740,0,0,0,0,0
2020-05-05,US,Iowa,Polk,1778,42,0,41.68679484,-93.57767461,19153.0,1736,1661,40,0,1621,1476,487204,117,2,0,115,185
2020-05-05,US,Iowa,Pottawattamie,61,2,0,41.33640314,-95.53907776,19155.0,59,49,2,0,47,44,93533,12,0,0,12,5
2020-05-05,US,Iowa,Poweshiek,73,5,0,41.68625425,-92.53155731,19157.0,68,73,5,0,68,68,18699,0,0,0,0,5
2020-05-05,US,Iowa,Sac,1,0,0,42.38624071,-95.10547892,19161.0,1,1,0,0,1,1,9719,0,0,0,0,0
2020-05-05,US,Iowa,Scott,255,7,0,41.63935978,-90.61959493,19163.0,248,245,7,0,238,241,173283,10,0,0,10,4
2020-05-05,US,Iowa,Shelby,14,0,0,41.6850066,-95.31015553,19165.0,14,12,0,0,12,12,11578,2,0,0,2,0
2020-05-05,US,Iowa,Sioux,24,0,0,43.08221074,-96.1767568,19167.0,24,23,0,0,23,17,34909,1,0,0,1,6
2020-05-05,US,Iowa,Story,39,1,0,42.03621213,-93.46499005,19169.0,38,38,1,0,37,33,98105,1,0,0,1,5
2020-05-05,US,Iowa,Tama,297,11,0,42.07991767,-92.53266945,19171.0,286,292,8,0,284,286,16904,5,3,0,2,6
2020-05-05,US,Iowa,Taylor,1,0,0,40.73710579,-94.69778563,19173.0,1,1,0,0,1,1,6191,0,0,0,0,0
2020-05-05,US,Iowa,Union,1,0,0,41.0277278,-94.24234847,19175.0,1,1,0,0,1,1,12359,0,0,0,0,0
2020-05-05,US,Iowa,Van Buren,8,0,0,40.75326764,-91.95017958,19177.0,8,8,0,0,8,8,7020,0,0,0,0,0
2020-05-05,US,Iowa,Wapello,108,0,0,41.03064984,-92.40954728,19179.0,108,94,0,0,94,61,35205,14,0,0,14,33
2020-05-05,US,Iowa,Warren,28,0,0,41.33559454,-93.56007641,19181.0,28,27,0,0,27,26,51056,1,0,0,1,1
2020-05-05,US,Iowa,Washington,149,7,0,41.33577126,-91.71725711,19183.0,142,149,7,0,142,148,22141,0,0,0,0,1
2020-05-05,US,Iowa,Wayne,1,0,0,40.73969028,-93.32752197,19185.0,1,1,0,0,1,1,6401,0,0,0,0,0
2020-05-05,US,Iowa,Webster,6,0,0,42.42853483,-94.17987389,19187.0,6,6,0,0,6,6,36277,0,0,0,0,0
2020-05-05,US,Iowa,Winnebago,3,0,0,43.37751174,-93.73407298,19189.0,3,3,0,0,3,2,10518,0,0,0,0,1
2020-05-05,US,Iowa,Winneshiek,18,0,0,43.29094334,-91.84422722,19191.0,18,18,0,0,18,18,20029,0,0,0,0,0
2020-05-05,US,Iowa,Woodbury,1296,3,0,42.38979414,-96.0459439,19193.0,1293,1152,2,0,1150,1112,102539,144,1,0,143,40
2020-05-05,US,Iowa,Worth,1,0,0,43.37750768,-93.26087602,19195.0,1,1,0,0,1,1,7453,0,0,0,0,0
2020-05-05,US,Iowa,Wright,4,0,0,42.73305373,-93.73515113,19197.0,4,3,0,0,3,3,12690,1,0,0,1,0
2020-05-05,US,Kansas,Atchison,12,0,0,39.53185661,-95.30870026,20005.0,12,11,0,0,11,11,16193,1,0,0,1,0
2020-05-05,US,Kansas,Barber,1,0,0,37.2288586,-98.68460053,20007.0,1,1,0,0,1,1,4472,0,0,0,0,0
2020-05-05,US,Kansas,Barton,9,0,0,38.47889676,-98.75636726,20009.0,9,9,0,0,9,9,26111,0,0,0,0,0
2020-05-05,US,Kansas,Bourbon,6,1,0,37.85508555,-94.84865997,20011.0,5,6,1,0,5,6,14653,0,0,0,0,0
2020-05-05,US,Kansas,Brown,1,0,0,39.82652589,-95.56421698,20013.0,1,1,0,0,1,1,9598,0,0,0,0,0
2020-05-05,US,Kansas,Butler,14,0,0,37.78134351,-96.83878537,20015.0,14,14,0,0,14,14,66765,0,0,0,0,0
2020-05-05,US,Kansas,Chase,3,0,0,38.30292938,-96.59563862,20017.0,3,3,0,0,3,3,2629,0,0,0,0,0
2020-05-05,US,Kansas,Chautauqua,4,0,0,37.14994405,-96.2454192,20019.0,4,4,0,0,4,4,3309,0,0,0,0,0
2020-05-05,US,Kansas,Cherokee,8,0,0,37.16928494,-94.8462897,20021.0,8,8,0,0,8,8,20015,0,0,0,0,0
2020-05-05,US,Kansas,Cheyenne,2,0,0,39.78580976,-101.7318201,20023.0,2,2,0,0,2,2,2660,0,0,0,0,0
2020-05-05,US,Kansas,Clark,8,0,0,37.23577007,-99.81883015,20025.0,8,2,0,0,2,1,2005,6,0,0,6,1
2020-05-05,US,Kansas,Clay,5,1,0,39.34948772,-97.16518128,20027.0,4,4,1,0,3,4,7997,1,0,0,1,0
2020-05-05,US,Kansas,Cloud,4,0,0,39.48028352,-97.64925343,20029.0,4,4,0,0,4,4,8729,0,0,0,0,0
2020-05-05,US,Kansas,Coffey,49,8,0,38.2365018,-95.73379515,20031.0,41,49,8,0,41,49,8233,0,0,0,0,0
2020-05-05,US,Kansas,Cowley,3,1,0,37.23781842,-96.83776647,20035.0,2,3,1,0,2,3,35218,0,0,0,0,0
2020-05-05,US,Kansas,Crawford,8,1,0,37.50675523,-94.85245778,20037.0,7,8,1,0,7,8,39019,0,0,0,0,0
2020-05-05,US,Kansas,Dickinson,2,0,0,38.86600962,-97.15532383,20041.0,2,2,0,0,2,2,18717,0,0,0,0,0
2020-05-05,US,Kansas,Doniphan,4,0,0,39.79067154,-95.14056866,20043.0,4,4,0,0,4,4,7682,0,0,0,0,0
2020-05-05,US,Kansas,Douglas,51,0,0,38.88503636,-95.2925121,20045.0,51,51,0,0,51,51,121436,0,0,0,0,0
2020-05-05,US,Kansas,Edwards,4,0,0,37.88735543,-99.31263309,20047.0,4,4,0,0,4,4,2849,0,0,0,0,0
2020-05-05,US,Kansas,Ellis,8,0,0,38.91458712,-99.31751551,20051.0,8,8,0,0,8,8,28710,0,0,0,0,0
2020-05-05,US,Kansas,Ellsworth,1,0,0,38.69677695,-98.20462799,20053.0,1,,,,,,6196,,,,,
2020-05-05,US,Kansas,Finney,659,3,0,38.04340344,-100.7381938,20055.0,656,586,3,0,583,550,36611,73,0,0,73,36
2020-05-05,US,Kansas,Ford,869,3,0,37.69200114,-99.88825298,20057.0,866,832,3,0,829,815,33888,37,0,0,37,17
2020-05-05,US,Kansas,Franklin,19,0,0,38.56443815,-95.28644341,20059.0,19,19,0,0,19,17,25631,0,0,0,0,2
2020-05-05,US,Kansas,Geary,11,0,0,38.99871131,-96.7577178,20061.0,11,11,0,0,11,11,32594,0,0,0,0,0
2020-05-05,US,Kansas,Gove,1,0,0,38.91588178,-100.4829321,20063.0,1,1,0,0,1,1,2612,0,0,0,0,0
2020-05-05,US,Kansas,Grant,7,0,0,37.56227336,-101.3079758,20067.0,7,7,0,0,7,7,7336,0,0,0,0,0
2020-05-05,US,Kansas,Gray,6,0,0,37.73836671,-100.4369088,20069.0,6,6,0,0,6,5,6033,0,0,0,0,1
2020-05-05,US,Kansas,Greenwood,3,0,0,37.8774388,-96.23250453,20073.0,3,3,0,0,3,3,6055,0,0,0,0,0
2020-05-05,US,Kansas,Hamilton,4,0,0,37.99978709,-101.7921066,20075.0,4,4,0,0,4,4,2607,0,0,0,0,0
2020-05-05,US,Kansas,Harper,1,0,0,37.19175361,-98.07578384,20077.0,1,1,0,0,1,1,5506,0,0,0,0,0
2020-05-05,US,Kansas,Harvey,9,0,0,38.04293782,-97.42747573,20079.0,9,8,0,0,8,8,34210,1,0,0,1,0
2020-05-05,US,Kansas,Haskell,8,0,0,37.5620394,-100.8710738,20081.0,8,8,0,0,8,7,3997,0,0,0,0,1
2020-05-05,US,Kansas,Jackson,2,0,0,39.41673394,-95.79356799,20085.0,2,2,0,0,2,2,13280,0,0,0,0,0
2020-05-05,US,Kansas,Jefferson,10,0,0,39.2347941,-95.38289232,20087.0,10,10,0,0,10,10,18975,0,0,0,0,0
2020-05-05,US,Kansas,Jewell,4,0,0,39.78470589,-98.21820662,20089.0,4,4,0,0,4,4,2841,0,0,0,0,0
2020-05-05,US,Kansas,Johnson,513,45,0,38.88548175,-94.82250877,20091.0,468,504,45,0,459,498,597555,9,0,0,9,6
2020-05-05,US,Kansas,Kearny,23,0,0,38.00017981,-101.321681,20093.0,23,21,0,0,21,19,3943,2,0,0,2,2
2020-05-05,US,Kansas,Kiowa,2,0,0,37.55848695,-99.2856537,20097.0,2,2,0,0,2,2,2516,0,0,0,0,0
2020-05-05,US,Kansas,Labette,22,0,0,37.19113093,-95.29849679,20099.0,22,22,0,0,22,22,19964,0,0,0,0,0
2020-05-05,US,Kansas,Leavenworth,602,6,0,39.20183497,-95.03620809,20103.0,596,529,6,0,523,498,81352,73,0,0,73,31
2020-05-05,US,Kansas,Linn,6,0,0,38.21267844,-94.84254089,20107.0,6,6,0,0,6,6,9750,0,0,0,0,0
2020-05-05,US,Kansas,Lyon,265,2,0,38.45576156,-96.15275715,20111.0,263,255,2,0,253,248,33406,10,0,0,10,7
2020-05-05,US,Kansas,Marion,5,1,0,38.35855394,-97.0985251,20115.0,4,5,1,0,4,5,11950,0,0,0,0,0
2020-05-05,US,Kansas,McPherson,23,0,0,38.39184858,-97.64769869,20113.0,23,23,0,0,23,23,28537,0,0,0,0,0
2020-05-05,US,Kansas,Meade,12,0,0,37.23859987,-100.364831,20119.0,12,11,0,0,11,10,4146,1,0,0,1,1
2020-05-05,US,Kansas,Miami,5,0,0,38.56383358,-94.83832189,20121.0,5,5,0,0,5,5,33680,0,0,0,0,0
2020-05-05,US,Kansas,Mitchell,3,0,0,39.39331582,-98.20906732,20123.0,3,3,0,0,3,3,6150,0,0,0,0,0
2020-05-05,US,Kansas,Montgomery,20,2,0,37.19236568,-95.74329258,20125.0,18,19,2,0,17,18,32120,1,0,0,1,1
2020-05-05,US,Kansas,Morris,3,0,0,38.68827511,-96.65128437,20127.0,3,3,0,0,3,3,5521,0,0,0,0,0
2020-05-05,US,Kansas,Morton,3,0,0,37.19141121,-101.79925190000002,20129.0,3,3,0,0,3,3,2667,0,0,0,0,0
2020-05-05,US,Kansas,Nemaha,1,0,0,39.78345387,-96.01392079,20131.0,1,1,0,0,1,1,10155,0,0,0,0,0
2020-05-05,US,Kansas,Neosho,2,0,0,37.55862897,-95.30670046,20133.0,2,2,0,0,2,2,15951,0,0,0,0,0
2020-05-05,US,Kansas,Norton,2,0,0,39.78443827,-99.90286639,20137.0,2,2,0,0,2,2,5430,0,0,0,0,0
2020-05-05,US,Kansas,Osage,5,0,0,38.65235984,-95.72707998,20139.0,5,5,0,0,5,5,15941,0,0,0,0,0
2020-05-05,US,Kansas,Osborne,2,0,0,39.3503437,-98.76753828,20141.0,2,2,0,0,2,2,3475,0,0,0,0,0
2020-05-05,US,Kansas,Ottawa,4,0,0,39.13237408,-97.65020313,20143.0,4,4,0,0,4,4,5802,0,0,0,0,0
2020-05-05,US,Kansas,Phillips,1,0,0,39.78465501,-99.34668865,20147.0,1,1,0,0,1,1,5317,0,0,0,0,0
2020-05-05,US,Kansas,Pottawatomie,15,0,0,39.37925655,-96.34564657,20149.0,15,15,0,0,15,15,24277,0,0,0,0,0
2020-05-05,US,Kansas,Pratt,1,0,0,37.64780729,-98.73922153,20151.0,1,1,0,0,1,1,9378,0,0,0,0,0
2020-05-05,US,Kansas,Reno,40,0,0,37.95230263,-98.08607292,20155.0,40,40,0,0,40,41,62342,0,0,0,0,-1
2020-05-05,US,Kansas,Republic,4,0,0,39.82799632,-97.65036709,20157.0,4,4,0,0,4,4,4664,0,0,0,0,0
2020-05-05,US,Kansas,Rice,3,0,0,38.34616184,-98.19992118,20159.0,3,3,0,0,3,3,9531,0,0,0,0,0
2020-05-05,US,Kansas,Riley,55,0,0,39.28935726,-96.73420026,20161.0,55,55,0,0,55,54,73703,0,0,0,0,1
2020-05-05,US,Kansas,Rooks,6,0,0,39.35022773,-99.32484567,20163.0,6,6,0,0,6,6,5013,0,0,0,0,0
2020-05-05,US,Kansas,Saline,21,2,0,38.78369175,-97.65185177,20169.0,19,21,2,0,19,21,54401,0,0,0,0,0
2020-05-05,US,Kansas,Scott,2,0,0,38.48222076,-100.9066539,20171.0,2,1,0,0,1,1,4897,1,0,0,1,0
2020-05-05,US,Kansas,Sedgwick,439,15,0,37.6842718,-97.4608198,20173.0,424,436,13,0,423,426,513607,3,2,0,1,10
2020-05-05,US,Kansas,Seward,622,0,0,37.19324632,-100.8507201,20175.0,622,599,0,0,599,547,21780,23,0,0,23,52
2020-05-05,US,Kansas,Shawnee,133,5,0,39.04100763,-95.7557264,20177.0,128,128,5,0,123,127,177499,5,0,0,5,1
2020-05-05,US,Kansas,Sheridan,2,0,0,39.35018161,-100.4418259,20179.0,2,2,0,0,2,2,2533,0,0,0,0,0
2020-05-05,US,Kansas,Sherman,5,0,0,39.35147699,-101.7197624,20181.0,5,5,0,0,5,5,5899,0,0,0,0,0
2020-05-05,US,Kansas,Smith,2,0,0,39.78516566,-98.78566062,20183.0,2,2,0,0,2,2,3603,0,0,0,0,0
2020-05-05,US,Kansas,Stafford,1,0,0,38.03100851,-98.71762001,20185.0,1,1,0,0,1,1,4178,0,0,0,0,0
2020-05-05,US,Kansas,Stanton,7,0,0,37.56304714,-101.7843534,20187.0,7,7,0,0,7,6,1987,0,0,0,0,1
2020-05-05,US,Kansas,Stevens,12,0,0,37.1923008,-101.3118967,20189.0,12,12,0,0,12,11,5559,0,0,0,0,1
2020-05-05,US,Kansas,Sumner,4,1,0,37.23682549,-97.47721621,20191.0,3,4,1,0,3,4,22996,0,0,0,0,0
2020-05-05,US,Kansas,Wabaunsee,27,0,0,38.95471985,-96.20350509,20197.0,27,27,0,0,27,24,6899,0,0,0,0,3
2020-05-05,US,Kansas,Wilson,1,0,0,37.55937174,-95.74323255,20205.0,1,1,0,0,1,1,8665,0,0,0,0,0
2020-05-05,US,Kansas,Woodson,6,0,0,37.8865336,-95.74006277,20207.0,6,6,0,0,6,6,3183,0,0,0,0,0
2020-05-05,US,Kansas,Wyandotte,896,64,0,39.11727348,-94.76378225,20209.0,832,879,61,0,818,826,165324,17,3,0,14,53
2020-05-05,US,Kentucky,Adair,81,13,0,37.10459774,-85.28129668,21001.0,68,81,13,0,68,81,19215,0,0,0,0,0
2020-05-05,US,Kentucky,Allen,16,0,0,36.75197631,-86.19457544,21003.0,16,14,0,0,14,14,21122,2,0,0,2,0
2020-05-05,US,Kentucky,Anderson,9,1,0,38.00671029,-84.99171713,21005.0,8,9,1,0,8,9,22663,0,0,0,0,0
2020-05-05,US,Kentucky,Ballard,8,0,0,37.05842757,-88.99427697,21007.0,8,8,0,0,8,10,7979,0,0,0,0,-2
2020-05-05,US,Kentucky,Barren,22,0,0,36.96469836,-85.93338945,21009.0,22,20,0,0,20,18,44176,2,0,0,2,2
2020-05-05,US,Kentucky,Bath,4,1,0,38.14735938,-83.74588932,21011.0,3,4,1,0,3,4,12383,0,0,0,0,0
2020-05-05,US,Kentucky,Boone,191,4,0,38.97065142,-84.72615357,21015.0,187,171,2,0,169,170,131533,20,2,0,18,1
2020-05-05,US,Kentucky,Bourbon,8,1,0,38.2054607,-84.21827874,21017.0,7,9,1,0,8,8,20184,-1,0,0,-1,1
2020-05-05,US,Kentucky,Boyd,31,3,0,38.36176608,-82.68652187,21019.0,28,31,3,0,28,31,47240,0,0,0,0,0
2020-05-05,US,Kentucky,Boyle,17,0,0,37.62680923,-84.8633779,21021.0,17,17,0,0,17,17,30100,0,0,0,0,0
2020-05-05,US,Kentucky,Bracken,9,0,0,38.69158994,-84.08532444,21023.0,9,9,0,0,9,9,8239,0,0,0,0,0
2020-05-05,US,Kentucky,Breathitt,2,0,0,37.52333168,-83.31959161,21025.0,2,2,0,0,2,2,12726,0,0,0,0,0
2020-05-05,US,Kentucky,Breckinridge,9,0,0,37.77377239,-86.42885017,21027.0,9,9,0,0,9,9,20388,0,0,0,0,0
2020-05-05,US,Kentucky,Bullitt,68,2,0,37.97162523,-85.68955617,21029.0,66,56,2,0,54,56,81069,12,0,0,12,0
2020-05-05,US,Kentucky,Butler,181,4,0,37.20946153,-86.68748787,21031.0,177,167,4,0,163,143,12772,14,0,0,14,24
2020-05-05,US,Kentucky,Caldwell,12,0,0,37.14749129,-87.86948214,21033.0,12,12,0,0,12,12,12715,0,0,0,0,0
2020-05-05,US,Kentucky,Calloway,35,1,0,36.62093411,-88.2731593,21035.0,34,35,1,0,34,35,39135,0,0,0,0,0
2020-05-05,US,Kentucky,Campbell,103,9,0,38.94384345,-84.37875208,21037.0,94,97,9,0,88,95,93152,6,0,0,6,2
2020-05-05,US,Kentucky,Carlisle,2,1,0,36.85372876,-88.96692220000001,21039.0,1,2,1,0,1,2,4771,0,0,0,0,0
2020-05-05,US,Kentucky,Carroll,2,0,0,38.66599534,-85.12601074,21041.0,2,2,0,0,2,2,10737,0,0,0,0,0
2020-05-05,US,Kentucky,Carter,6,0,0,38.31690743,-83.05092385,21043.0,6,6,0,0,6,6,27004,0,0,0,0,0
2020-05-05,US,Kentucky,Casey,1,0,0,37.32533118,-84.92726209,21045.0,1,1,0,0,1,1,15888,0,0,0,0,0
2020-05-05,US,Kentucky,Christian,91,3,0,36.89267803,-87.49055367,21047.0,88,90,3,0,87,90,71671,1,0,0,1,0
2020-05-05,US,Kentucky,Clark,20,0,0,37.9689263,-84.14615986,21049.0,20,20,0,0,20,20,36249,0,0,0,0,0
2020-05-05,US,Kentucky,Clay,1,0,0,37.16451126,-83.712575,21051.0,1,1,0,0,1,1,20105,0,0,0,0,0
2020-05-05,US,Kentucky,Clinton,3,0,0,36.72581156,-85.13377529,21053.0,3,3,0,0,3,3,10206,0,0,0,0,0
2020-05-05,US,Kentucky,Crittenden,4,1,0,37.35839237,-88.08826090000002,21055.0,3,4,1,0,3,4,8915,0,0,0,0,0
2020-05-05,US,Kentucky,Cumberland,5,0,0,36.78926125,-85.39050034,21057.0,5,5,0,0,5,5,6659,0,0,0,0,0
2020-05-05,US,Kentucky,Daviess,242,4,0,37.73028906,-87.09019479999998,21059.0,238,223,4,0,219,217,101104,19,0,0,19,6
2020-05-05,US,Kentucky,Edmonson,36,0,0,37.21218923,-86.23955613,21061.0,36,26,0,0,26,26,12274,10,0,0,10,0
2020-05-05,US,Kentucky,Fayette,298,9,0,38.0368225,-84.45576892,21067.0,289,295,9,0,286,287,323780,3,0,0,3,8
2020-05-05,US,Kentucky,Fleming,2,0,0,38.36758311,-83.69657514,21069.0,2,2,0,0,2,2,14432,0,0,0,0,0
2020-05-05,US,Kentucky,Floyd,12,0,0,37.56213922,-82.74750924,21071.0,12,12,0,0,12,12,35845,0,0,0,0,0
2020-05-05,US,Kentucky,Franklin,16,0,0,38.2379395,-84.87962551,21073.0,16,17,0,0,17,17,50815,-1,0,0,-1,0
2020-05-05,US,Kentucky,Fulton,1,0,0,36.55238827,-89.20140068,21075.0,1,1,0,0,1,2,6120,0,0,0,0,-1
2020-05-05,US,Kentucky,Gallatin,1,0,0,38.75398691,-84.8558382,21077.0,1,1,0,0,1,1,8832,0,0,0,0,0
2020-05-05,US,Kentucky,Garrard,2,0,0,37.6388668,-84.53289319,21079.0,2,2,0,0,2,2,17560,0,0,0,0,0
2020-05-05,US,Kentucky,Grant,26,3,0,38.64962758,-84.62415957,21081.0,23,25,3,0,22,25,25121,1,0,0,1,0
2020-05-05,US,Kentucky,Graves,143,14,0,36.72292505,-88.65143315,21083.0,129,141,14,0,127,138,37317,2,0,0,2,3
2020-05-05,US,Kentucky,Grayson,91,5,0,37.46231118,-86.34248968,21085.0,86,84,5,0,79,79,26321,7,0,0,7,5
2020-05-05,US,Kentucky,Green,1,0,0,37.26484328,-85.5540745,21087.0,1,1,0,0,1,1,11049,0,0,0,0,0
2020-05-05,US,Kentucky,Greenup,12,0,0,38.54332505,-82.9215658,21089.0,12,12,0,0,12,12,35268,0,0,0,0,0
2020-05-05,US,Kentucky,Hancock,6,0,0,37.83766422,-86.78280584,21091.0,6,6,0,0,6,6,8758,0,0,0,0,0
2020-05-05,US,Kentucky,Hardin,52,1,0,37.6976111,-85.96319251,21093.0,51,49,1,0,48,48,110356,3,0,0,3,1
2020-05-05,US,Kentucky,Harrison,18,0,0,38.44188174,-84.32869741,21097.0,18,18,0,0,18,17,18778,0,0,0,0,1
2020-05-05,US,Kentucky,Hart,8,0,0,37.29943898,-85.88461055,21099.0,8,6,0,0,6,4,18906,2,0,0,2,2
2020-05-05,US,Kentucky,Henderson,73,2,0,37.79344553,-87.57392021,21101.0,71,67,1,0,66,65,45591,6,1,0,5,2
2020-05-05,US,Kentucky,Henry,8,0,0,38.44942688,-85.11587507,21103.0,8,8,0,0,8,8,16106,0,0,0,0,0
2020-05-05,US,Kentucky,Hickman,5,0,0,36.67948079999999,-88.97875928,21105.0,5,4,0,0,4,1,4421,1,0,0,1,3
2020-05-05,US,Kentucky,Hopkins,204,24,0,37.30939025,-87.54670406,21107.0,180,203,23,0,180,206,45068,1,1,0,0,-3
2020-05-05,US,Kentucky,Jackson,60,10,0,37.41866422,-83.99825483,21109.0,50,59,8,0,51,59,13442,1,2,0,-1,0
2020-05-05,US,Kentucky,Jefferson,1497,105,0,38.18664655,-85.65931031,21111.0,1392,1419,101,0,1318,1403,770517,78,4,0,74,16
2020-05-05,US,Kentucky,Jessamine,40,0,0,37.87119786,-84.58252003,21113.0,40,40,0,0,40,40,53920,0,0,0,0,0
2020-05-05,US,Kentucky,Johnson,3,0,0,37.85106355,-82.8264322,21115.0,3,3,0,0,3,3,22386,0,0,0,0,0
2020-05-05,US,Kentucky,Kenton,340,24,0,38.93950319,-84.53241199,21117.0,316,317,20,0,297,308,166051,23,4,0,19,9
2020-05-05,US,Kentucky,Knott,4,0,0,37.35388197,-82.94981134,21119.0,4,4,0,0,4,4,15126,0,0,0,0,0
2020-05-05,US,Kentucky,Knox,8,0,0,36.89225732,-83.85403396,21121.0,8,6,0,0,6,6,31304,2,0,0,2,0
2020-05-05,US,Kentucky,Larue,5,0,0,37.54567114,-85.70138352,21123.0,5,5,0,0,5,5,14307,0,0,0,0,0
2020-05-05,US,Kentucky,Laurel,19,2,0,37.10975748,-84.11321779,21125.0,17,17,2,0,15,17,60669,2,0,0,2,0
2020-05-05,US,Kentucky,Lawrence,1,0,0,38.07136018,-82.72882223,21127.0,1,1,0,0,1,1,15571,0,0,0,0,0
2020-05-05,US,Kentucky,Leslie,4,0,0,37.09246661,-83.37999606,21131.0,4,4,0,0,4,4,10143,0,0,0,0,0
2020-05-05,US,Kentucky,Letcher,3,0,0,37.12306748,-82.85346474,21133.0,3,3,0,0,3,3,21899,0,0,0,0,0
2020-05-05,US,Kentucky,Lewis,3,0,0,38.53184419,-83.37735618,21135.0,3,3,0,0,3,3,13257,0,0,0,0,0
2020-05-05,US,Kentucky,Lincoln,5,1,0,37.45475628,-84.6565327,21137.0,4,5,1,0,4,5,24644,0,0,0,0,0
2020-05-05,US,Kentucky,Livingston,6,0,0,37.21137452,-88.34797529,21139.0,6,6,0,0,6,6,9242,0,0,0,0,0
2020-05-05,US,Kentucky,Logan,15,1,0,36.85949479,-86.877635,21141.0,14,14,1,0,13,13,26989,1,0,0,1,1
2020-05-05,US,Kentucky,Lyon,13,3,0,37.02080035,-88.07886257,21143.0,10,13,3,0,10,13,8009,0,0,0,0,0
2020-05-05,US,Kentucky,Madison,31,1,0,37.71659336,-84.27220275,21151.0,30,30,1,0,29,29,92368,1,0,0,1,1
2020-05-05,US,Kentucky,Marion,17,0,0,37.55218078,-85.26898542,21155.0,17,17,0,0,17,17,19404,0,0,0,0,0
2020-05-05,US,Kentucky,Marshall,33,1,0,36.88007070000001,-88.32803576,21157.0,32,33,1,0,32,34,31191,0,0,0,0,-1
2020-05-05,US,Kentucky,Martin,3,0,0,37.79990579,-82.51247478,21159.0,3,3,0,0,3,3,11323,0,0,0,0,0
2020-05-05,US,Kentucky,Mason,6,0,0,38.59471935,-83.82151043,21161.0,6,6,0,0,6,6,17150,0,0,0,0,0
2020-05-05,US,Kentucky,McCracken,63,2,0,37.05350953,-88.70445755,21145.0,61,62,2,0,60,59,65346,1,0,0,1,3
2020-05-05,US,Kentucky,McCreary,11,0,0,36.73874143,-84.48102924,21147.0,11,11,0,0,11,11,17408,0,0,0,0,0
2020-05-05,US,Kentucky,McLean,16,1,0,37.5301951,-87.26803443,21149.0,15,16,1,0,15,16,9252,0,0,0,0,0
2020-05-05,US,Kentucky,Meade,15,1,0,37.96163597,-86.21028219,21163.0,14,15,1,0,14,14,28715,0,0,0,0,1
2020-05-05,US,Kentucky,Menifee,3,0,0,37.94090733,-83.59985712,21165.0,3,3,0,0,3,3,6451,0,0,0,0,0
2020-05-05,US,Kentucky,Mercer,11,0,0,37.81474237,-84.87488475,21167.0,11,11,0,0,11,11,21774,0,0,0,0,0
2020-05-05,US,Kentucky,Metcalfe,1,0,0,36.99459295,-85.63123699,21169.0,1,1,0,0,1,1,10030,0,0,0,0,0
2020-05-05,US,Kentucky,Monroe,6,0,0,36.71225341,-85.71596443,21171.0,6,6,0,0,6,6,10718,0,0,0,0,0
2020-05-05,US,Kentucky,Montgomery,11,0,0,38.03253032,-83.9145241,21173.0,11,11,0,0,11,12,28203,0,0,0,0,-1
2020-05-05,US,Kentucky,Morgan,1,0,0,37.92465657,-83.25558245,21175.0,1,1,0,0,1,1,13345,0,0,0,0,0
2020-05-05,US,Kentucky,Muhlenberg,442,4,0,37.21425819,-87.14632053,21177.0,438,132,4,0,128,132,30774,310,0,0,310,0
2020-05-05,US,Kentucky,Nelson,24,0,0,37.80335779,-85.4657193,21179.0,24,24,0,0,24,24,45851,0,0,0,0,0
2020-05-05,US,Kentucky,Nicholas,1,0,0,38.33342292,-84.01889177,21181.0,1,1,0,0,1,1,7166,0,0,0,0,0
2020-05-05,US,Kentucky,Ohio,62,0,0,37.47751843,-86.85368087,21183.0,62,53,0,0,53,51,24087,9,0,0,9,2
2020-05-05,US,Kentucky,Oldham,36,0,0,38.39791089,-85.448222,21185.0,36,33,0,0,33,33,66470,3,0,0,3,0
2020-05-05,US,Kentucky,Owen,1,0,0,38.51679143,-84.82404619,21187.0,1,1,0,0,1,1,10880,0,0,0,0,0
2020-05-05,US,Kentucky,Owsley,2,0,0,37.42823949,-83.68811419,21189.0,2,2,0,0,2,2,4472,0,0,0,0,0
2020-05-05,US,Kentucky,Pendleton,5,0,0,38.69607718,-84.35599463,21191.0,5,5,0,0,5,5,14529,0,0,0,0,0
2020-05-05,US,Kentucky,Perry,14,0,0,37.25023553,-83.22922731,21193.0,14,14,0,0,14,14,26092,0,0,0,0,0
2020-05-05,US,Kentucky,Pike,13,2,0,37.47088263,-82.39487445,21195.0,11,13,2,0,11,13,58402,0,0,0,0,0
2020-05-05,US,Kentucky,Powell,1,0,0,37.83218794,-83.82553961,21197.0,1,1,0,0,1,1,12442,0,0,0,0,0
2020-05-05,US,Kentucky,Pulaski,43,2,0,37.10466131,-84.57629079,21199.0,41,43,2,0,41,43,64623,0,0,0,0,0
2020-05-05,US,Kentucky,Rockcastle,12,0,0,37.36642393,-84.31176452,21203.0,12,11,0,0,11,10,16750,1,0,0,1,1
2020-05-05,US,Kentucky,Rowan,2,0,0,38.19484205,-83.42088935,21205.0,2,2,0,0,2,2,24583,0,0,0,0,0
2020-05-05,US,Kentucky,Russell,17,3,0,36.99308373,-85.06070117,21207.0,14,16,3,0,13,16,17821,1,0,0,1,0
2020-05-05,US,Kentucky,Scott,25,0,0,38.29622293,-84.5816631,21209.0,25,24,0,0,24,24,56031,1,0,0,1,0
2020-05-05,US,Kentucky,Shelby,33,3,0,38.21476019,-85.194223,21211.0,30,31,3,0,28,32,48518,2,0,0,2,-1
2020-05-05,US,Kentucky,Simpson,31,2,0,36.74058474,-86.58047435,21213.0,29,28,2,0,26,29,18529,3,0,0,3,-1
2020-05-05,US,Kentucky,Spencer,15,0,0,38.03223971,-85.32749335,21215.0,15,14,0,0,14,13,18794,1,0,0,1,1
2020-05-05,US,Kentucky,Taylor,8,0,0,37.3677562,-85.3329931,21217.0,8,8,0,0,8,8,25549,0,0,0,0,0
2020-05-05,US,Kentucky,Todd,13,0,0,36.8381152,-87.17878374,21219.0,13,12,0,0,12,12,12311,1,0,0,1,0
2020-05-05,US,Kentucky,Trigg,9,0,0,36.80767017,-87.87333656,21221.0,9,9,0,0,9,9,14643,0,0,0,0,0
2020-05-05,US,Kentucky,Trimble,3,0,0,38.61056487,-85.33775972,21223.0,3,3,0,0,3,3,8515,0,0,0,0,0
2020-05-05,US,Kentucky,Unassigned,57,0,0,0.0,0.0,90021.0,57,58,0,0,58,62,,-1,0,0,-1,-4
2020-05-05,US,Kentucky,Union,9,0,0,37.66166713,-87.94300009,21225.0,9,8,0,0,8,8,14505,1,0,0,1,0
2020-05-05,US,Kentucky,Warren,426,1,0,36.99903045,-86.42672751,21227.0,425,400,1,0,399,369,131264,26,0,0,26,31
2020-05-05,US,Kentucky,Washington,5,0,0,37.75599461,-85.17407732,21229.0,5,5,0,0,5,5,12084,0,0,0,0,0
2020-05-05,US,Kentucky,Wayne,8,0,0,36.80310688,-84.8251971,21231.0,8,8,0,0,8,7,20468,0,0,0,0,1
2020-05-05,US,Kentucky,Webster,25,0,0,37.52168356,-87.67989953,21233.0,25,24,0,0,24,23,13111,1,0,0,1,1
2020-05-05,US,Kentucky,Whitley,11,0,0,36.75700531,-84.14541217,21235.0,11,11,0,0,11,11,36242,0,0,0,0,0
2020-05-05,US,Kentucky,Woodford,17,0,0,38.04178222,-84.7417556,21239.0,17,18,0,0,18,18,26533,-1,0,0,-1,0
2020-05-05,US,Louisiana,Acadia,136,10,0,30.2950649,-92.41419698,22001.0,126,134,10,0,124,134,62190,2,0,0,2,0
2020-05-05,US,Louisiana,Allen,90,9,0,30.65385745,-92.82442028,22003.0,81,90,9,0,81,90,25605,0,0,0,0,0
2020-05-05,US,Louisiana,Ascension,657,40,0,30.20406249,-90.91328409999998,22005.0,617,647,40,0,607,644,124672,10,0,0,10,3
2020-05-05,US,Louisiana,Assumption,202,6,0,29.89946234,-91.06461642,22007.0,196,201,6,0,195,197,22300,1,0,0,1,4
2020-05-05,US,Louisiana,Avoyelles,73,7,0,31.07796211,-92.00079449,22009.0,66,74,7,0,67,74,40462,-1,0,0,-1,0
2020-05-05,US,Louisiana,Beauregard,43,3,0,30.64836518,-93.34173616,22011.0,40,43,3,0,40,43,37253,0,0,0,0,0
2020-05-05,US,Louisiana,Bienville,78,14,0,32.34569994,-93.05398492,22013.0,64,78,13,0,65,76,13308,0,1,0,-1,2
2020-05-05,US,Louisiana,Bossier,300,17,0,32.67932307,-93.60460152,22015.0,283,300,17,0,283,295,127185,0,0,0,0,5
2020-05-05,US,Louisiana,Caddo,1639,123,0,32.57991587,-93.88375652,22017.0,1516,1629,114,0,1515,1610,242922,10,9,0,1,19
2020-05-05,US,Louisiana,Calcasieu,470,34,0,30.22931235,-93.35400434,22019.0,436,464,31,0,433,455,203112,6,3,0,3,9
2020-05-05,US,Louisiana,Caldwell,40,0,0,32.0902519,-92.11752148,22021.0,40,39,0,0,39,31,9960,1,0,0,1,8
2020-05-05,US,Louisiana,Cameron,3,0,0,29.87592238,-93.19310676,22023.0,3,3,0,0,3,3,6968,0,0,0,0,0
2020-05-05,US,Louisiana,Catahoula,46,3,0,31.66778967,-91.84526385,22025.0,43,46,2,0,44,45,9608,0,1,0,-1,1
2020-05-05,US,Louisiana,Claiborne,58,7,0,32.82308512,-92.99526883,22027.0,51,58,7,0,51,58,15944,0,0,0,0,0
2020-05-05,US,Louisiana,Concordia,41,4,0,31.44817835,-91.63814433,22029.0,37,40,5,0,35,39,19572,1,-1,0,2,1
2020-05-05,US,Louisiana,De Soto,202,13,0,32.05457447,-93.74130302,22031.0,189,202,13,0,189,198,27436,0,0,0,0,4
2020-05-05,US,Louisiana,East Baton Rouge,2175,163,0,30.53842039,-91.09777565,22033.0,2012,2131,156,0,1975,2086,440956,44,7,0,37,45
2020-05-05,US,Louisiana,East Carroll,9,0,0,32.73926954,-91.23425694,22035.0,9,8,0,0,8,9,7037,1,0,0,1,-1
2020-05-05,US,Louisiana,East Feliciana,131,16,0,30.84425359,-91.04976723,22037.0,115,130,16,0,114,129,19305,1,0,0,1,1
2020-05-05,US,Louisiana,Evangeline,63,1,0,30.72985248,-92.39915924,22039.0,62,60,1,0,59,59,33443,3,0,0,3,1
2020-05-05,US,Louisiana,Franklin,140,3,0,32.13675181,-91.67589857,22041.0,137,139,3,0,136,131,20156,1,0,0,1,8
2020-05-05,US,Louisiana,Grant,17,0,0,31.59882456,-92.56124347,22043.0,17,17,0,0,17,15,22482,0,0,0,0,2
2020-05-05,US,Louisiana,Iberia,274,23,0,29.86803617,-91.75871777,22045.0,251,270,23,0,247,267,70941,4,0,0,4,3
2020-05-05,US,Louisiana,Iberville,484,32,0,30.25734305,-91.3499598,22047.0,452,482,32,0,450,476,32721,2,0,0,2,6
2020-05-05,US,Louisiana,Jackson,48,3,0,32.30251776,-92.55692092,22049.0,45,47,3,0,44,42,15902,1,0,0,1,5
2020-05-05,US,Louisiana,Jefferson,6491,381,0,29.74075478,-90.11115756,22051.0,6110,6426,377,0,6049,6388,434051,65,4,0,61,38
2020-05-05,US,Louisiana,Jefferson Davis,65,6,0,30.26896765,-92.81210004,22053.0,59,65,6,0,59,64,31582,0,0,0,0,1
2020-05-05,US,Louisiana,LaSalle,27,0,0,31.67884782,-92.15907765,22059.0,27,27,0,0,27,26,14917,0,0,0,0,1
2020-05-05,US,Louisiana,Lafayette,473,20,0,30.2049055,-92.06959876,22055.0,453,468,20,0,448,466,242782,5,0,0,5,2
2020-05-05,US,Louisiana,Lafourche,686,53,0,29.52470226,-90.40976986,22057.0,633,681,52,0,629,669,98115,5,1,0,4,12
2020-05-05,US,Louisiana,Lincoln,96,10,0,32.6003154,-92.6659741,22061.0,86,94,9,0,85,90,47196,2,1,0,1,4
2020-05-05,US,Louisiana,Livingston,247,18,0,30.44143993,-90.73061664,22063.0,229,243,16,0,227,238,139567,4,2,0,2,5
2020-05-05,US,Louisiana,Madison,8,0,0,32.36918118,-91.23973355,22065.0,8,8,0,0,8,8,11161,0,0,0,0,0
2020-05-05,US,Louisiana,Morehouse,55,4,0,32.81686191,-91.80421614,22067.0,51,55,4,0,51,55,25398,0,0,0,0,0
2020-05-05,US,Louisiana,Natchitoches,90,6,0,31.72321584,-93.09816516,22069.0,84,90,5,0,85,87,38659,0,1,0,-1,3
2020-05-05,US,Louisiana,Orleans,6575,453,0,30.06971951,-89.92660315,22071.0,6122,6557,447,0,6110,6538,391006,18,6,0,12,19
2020-05-05,US,Louisiana,Ouachita,793,22,0,32.47645559,-92.15704172,22073.0,771,785,22,0,763,770,154475,8,0,0,8,15
2020-05-05,US,Louisiana,Plaquemines,181,17,0,29.42245447,-89.60322085,22075.0,164,181,17,0,164,180,23410,0,0,0,0,1
2020-05-05,US,Louisiana,Pointe Coupee,114,17,0,30.71409502,-91.60209535,22077.0,97,108,16,0,92,103,21940,6,1,0,5,5
2020-05-05,US,Louisiana,Rapides,308,11,0,31.19778499,-92.52997303,22079.0,297,300,10,0,290,281,130562,8,1,0,7,19
2020-05-05,US,Louisiana,Red River,34,6,0,32.09530039,-93.34213308,22081.0,28,33,5,0,28,32,8477,1,1,0,0,1
2020-05-05,US,Louisiana,Richland,84,1,0,32.41391005,-91.76634876,22083.0,83,82,0,0,82,74,20192,2,1,0,1,8
2020-05-05,US,Louisiana,Sabine,17,1,0,31.56388699,-93.55433981,22085.0,16,17,1,0,16,17,24032,0,0,0,0,0
2020-05-05,US,Louisiana,St. Bernard,502,20,0,29.87761636,-89.51887093,22087.0,482,480,20,0,460,475,46721,22,0,0,22,5
2020-05-05,US,Louisiana,St. Charles,589,41,0,29.90709658,-90.35555967,22089.0,548,584,41,0,543,582,52879,5,0,0,5,2
2020-05-05,US,Louisiana,St. Helena,32,1,0,30.82210324,-90.71013176,22091.0,31,31,1,0,30,30,10262,1,0,0,1,1
2020-05-05,US,Louisiana,St. James,254,20,0,30.02531716,-90.80212061,22093.0,234,253,20,0,233,250,21037,1,0,0,1,3
2020-05-05,US,Louisiana,St. John the Baptist,782,75,0,30.12597499,-90.4753503,22095.0,707,777,71,0,706,772,43184,5,4,0,1,5
2020-05-05,US,Louisiana,St. Landry,198,47,0,30.59724262,-92.00135806,22097.0,151,191,45,0,146,186,82764,7,2,0,5,5
2020-05-05,US,Louisiana,St. Martin,247,19,0,30.13112107,-91.61403569,22099.0,228,244,18,0,226,244,53621,3,1,0,2,0
2020-05-05,US,Louisiana,St. Mary,212,23,0,29.69262097,-91.44702164,22101.0,189,209,23,0,186,205,49774,3,0,0,3,4
2020-05-05,US,Louisiana,St. Tammany,1369,118,0,30.40942847,-89.95642711,22103.0,1251,1341,116,0,1225,1325,258111,28,2,0,26,16
2020-05-05,US,Louisiana,Tangipahoa,605,23,0,30.62888673,-90.40664996,22105.0,582,588,23,0,565,584,133777,17,0,0,17,4
2020-05-05,US,Louisiana,Tensas,2,0,0,32.00760749,-91.32915234,22107.0,2,2,0,0,2,2,4462,0,0,0,0,0
2020-05-05,US,Louisiana,Terrebonne,469,32,0,29.37343766,-90.82626855,22109.0,437,466,33,0,433,459,111021,3,-1,0,4,7
2020-05-05,US,Louisiana,Unassigned,63,73,0,0.0,0.0,90022.0,-10,63,73,0,-10,63,,0,0,0,0,0
2020-05-05,US,Louisiana,Union,144,7,0,32.83121059,-92.3749373,22111.0,137,143,7,0,136,135,22330,1,0,0,1,8
2020-05-05,US,Louisiana,Vermilion,40,1,0,29.83517605,-92.30292538,22113.0,39,38,1,0,37,38,59830,2,0,0,2,0
2020-05-05,US,Louisiana,Vernon,17,2,0,31.10884837,-93.18153838,22115.0,15,16,2,0,14,16,48860,1,0,0,1,0
2020-05-05,US,Louisiana,Washington,292,23,0,30.85288548,-90.03866652,22117.0,269,291,21,0,270,285,46582,1,2,0,-1,6
2020-05-05,US,Louisiana,Webster,95,4,0,32.70847669,-93.33121835,22119.0,91,92,4,0,88,92,38798,3,0,0,3,0
2020-05-05,US,Louisiana,West Baton Rouge,115,23,0,30.46058217,-91.30989571,22121.0,92,111,22,0,89,110,26427,4,1,0,3,1
2020-05-05,US,Louisiana,West Carroll,4,0,0,32.78550125,-91.461201,22123.0,4,4,0,0,4,4,10982,0,0,0,0,0
2020-05-05,US,Louisiana,West Feliciana,156,4,0,30.87882871,-91.4148538,22125.0,152,153,3,0,150,149,15460,3,1,0,2,4
2020-05-05,US,Louisiana,Winn,46,2,0,31.94449367,-92.63789413,22127.0,44,44,2,0,42,42,14134,2,0,0,2,2
2020-05-05,US,Maine,Androscoggin,62,2,0,44.1664747,-70.20380627,23001.0,60,60,2,0,58,56,107679,2,0,0,2,4
2020-05-05,US,Maine,Aroostook,6,0,0,46.65926321,-68.59841248,23003.0,6,5,0,0,5,5,67111,1,0,0,1,0
2020-05-05,US,Maine,Cumberland,571,30,0,43.8370751,-70.37226999,23005.0,541,558,28,0,530,549,293557,13,2,0,11,9
2020-05-05,US,Maine,Franklin,29,1,0,44.97330019,-70.44381045,23007.0,28,29,1,0,28,29,29897,0,0,0,0,0
2020-05-05,US,Maine,Hancock,10,0,0,44.59816444,-68.38401854,23009.0,10,10,0,0,10,10,54811,0,0,0,0,0
2020-05-05,US,Maine,Kennebec,105,8,0,44.40759555,-69.76738544,23011.0,97,105,6,0,99,105,122083,0,2,0,-2,0
2020-05-05,US,Maine,Knox,16,0,0,44.11486325,-69.10529169,23013.0,16,16,0,0,16,16,39771,0,0,0,0,0
2020-05-05,US,Maine,Lincoln,13,0,0,44.05996956,-69.54227124,23015.0,13,13,0,0,13,13,34342,0,0,0,0,0
2020-05-05,US,Maine,Oxford,15,0,0,44.49952995,-70.75682123,23017.0,15,15,0,0,15,15,57618,0,0,0,0,0
2020-05-05,US,Maine,Penobscot,85,0,0,45.40194593,-68.65020455,23019.0,85,85,0,0,85,84,151096,0,0,0,0,1
2020-05-05,US,Maine,Piscataquis,1,0,0,45.83839062,-69.2860223,23021.0,1,1,0,0,1,1,16800,0,0,0,0,0
2020-05-05,US,Maine,Sagadahoc,19,0,0,43.95415864,-69.85074999,23023.0,19,19,0,0,19,19,35634,0,0,0,0,0
2020-05-05,US,Maine,Somerset,17,0,0,45.51229767,-69.95995554,23025.0,17,17,0,0,17,17,50592,0,0,0,0,0
2020-05-05,US,Maine,Waldo,49,13,0,44.4858305,-69.12061935,23027.0,36,49,13,0,36,49,39694,0,0,0,0,0
2020-05-05,US,Maine,Washington,2,0,0,45.01607142,-67.62813524,23029.0,2,2,0,0,2,2,31490,0,0,0,0,0
2020-05-05,US,Maine,York,226,7,0,43.47808377,-70.71052375,23031.0,219,219,7,0,212,215,206229,7,0,0,7,4
2020-05-05,US,Maryland,Allegany,129,12,0,39.62357628,-78.69280486,24001.0,117,126,12,0,114,124,70975,3,0,0,3,2
2020-05-05,US,Maryland,Anne Arundel,2045,107,0,39.00670238,-76.60329337,24003.0,1938,2018,101,0,1917,1959,576031,27,6,0,21,59
2020-05-05,US,Maryland,Baltimore,3430,157,0,39.45784712,-76.62911955,24005.0,3273,3448,151,0,3297,3301,828431,-18,6,0,-24,147
2020-05-05,US,Maryland,Baltimore City,2609,133,0,39.30211911,-76.61151012,24510.0,2476,2411,129,0,2282,2319,621342,198,4,0,194,92
2020-05-05,US,Maryland,Calvert,174,11,0,38.53961642,-76.56820632,24009.0,163,171,11,0,160,162,92003,3,0,0,3,9
2020-05-05,US,Maryland,Caroline,99,0,0,38.87172293,-75.82904158,24011.0,99,98,0,0,98,95,33304,1,0,0,1,3
2020-05-05,US,Maryland,Carroll,513,52,0,39.56453592,-77.02373735,24013.0,461,506,47,0,459,494,168429,7,5,0,2,12
2020-05-05,US,Maryland,Cecil,195,13,0,39.56647682,-75.94627411,24015.0,182,194,10,0,184,188,102826,1,3,0,-2,6
2020-05-05,US,Maryland,Charles,660,50,0,38.51092331,-76.98580666,24017.0,610,651,50,0,601,637,161503,9,0,0,9,14
2020-05-05,US,Maryland,Dorchester,76,2,0,38.45413522,-76.02752426,24019.0,74,75,2,0,73,71,31998,1,0,0,1,4
2020-05-05,US,Maryland,Frederick,1071,66,0,39.47296601,-77.39999394,24021.0,1005,1038,62,0,976,1004,255648,33,4,0,29,34
2020-05-05,US,Maryland,Garrett,4,0,0,39.52786077,-79.27355126,24023.0,4,4,0,0,4,4,29163,0,0,0,0,0
2020-05-05,US,Maryland,Harford,499,19,0,39.55010644,-76.30775940000002,24025.0,480,491,16,0,475,479,253956,8,3,0,5,12
2020-05-05,US,Maryland,Howard,1010,23,0,39.25305293,-76.93126208,24027.0,987,992,22,0,970,969,323196,18,1,0,17,23
2020-05-05,US,Maryland,Kent,95,7,0,39.24976208,-76.04741541,24029.0,88,95,7,0,88,91,19383,0,0,0,0,4
2020-05-05,US,Maryland,Montgomery,5541,320,0,39.13676329,-77.20358245,24031.0,5221,5384,301,0,5083,5150,1052567,157,19,0,138,234
2020-05-05,US,Maryland,Prince George's,7831,295,0,38.83070039,-76.8496441,24033.0,7536,7598,284,0,7314,7333,909308,233,11,0,222,265
2020-05-05,US,Maryland,Queen Anne's,65,8,0,39.06198912,-76.03530977,24035.0,57,63,8,0,55,60,50251,2,0,0,2,3
2020-05-05,US,Maryland,Somerset,37,0,0,38.1163542,-75.75118623,24039.0,37,35,0,0,35,33,25675,2,0,0,2,2
2020-05-05,US,Maryland,St. Mary's,170,7,0,38.30058422,-76.60629279999998,24037.0,163,168,7,0,161,165,112664,2,0,0,2,3
2020-05-05,US,Maryland,Talbot,45,1,0,38.76618159,-76.10882561,24041.0,44,45,1,0,44,44,36968,0,0,0,0,1
2020-05-05,US,Maryland,Unassigned,0,87,0,0.0,0.0,90024.0,-87,0,77,0,-77,0,,0,10,0,-10,0
2020-05-05,US,Maryland,Washington,238,6,0,39.60835778,-77.82002295,24043.0,232,237,6,0,231,232,150926,1,0,0,1,5
2020-05-05,US,Maryland,Wicomico,500,11,0,38.37301947,-75.62705831,24045.0,489,480,10,0,470,473,103195,20,1,0,19,7
2020-05-05,US,Maryland,Worcester,81,3,0,38.21274277,-75.33200012,24047.0,78,80,3,0,77,75,51823,1,0,0,1,5
2020-05-05,US,Massachusetts,Barnstable,969,48,0,41.72980578,-70.28854339,25001.0,921,961,47,0,914,946,213413,8,1,0,7,15
2020-05-05,US,Massachusetts,Berkshire,457,36,0,42.37428441,-73.20524838,25003.0,421,453,36,0,417,451,126348,4,0,0,4,2
2020-05-05,US,Massachusetts,Bristol,4235,210,0,41.79228404,-71.10872211,25005.0,4025,4103,205,0,3898,4019,564022,132,5,0,127,84
2020-05-05,US,Massachusetts,Dukes and Nantucket,32,1,0,41.40674725,-70.68763497,0.0,31,32,1,0,31,32,26707,0,0,0,0,0
2020-05-05,US,Massachusetts,Essex,9979,527,0,42.6687626,-70.94687179,25009.0,9452,9773,512,0,9261,9542,790638,206,15,0,191,231
2020-05-05,US,Massachusetts,Franklin,275,37,0,42.58119713,-72.58602547,25011.0,238,273,37,0,236,269,70963,2,0,0,2,4
2020-05-05,US,Massachusetts,Hampden,4203,415,0,42.13440424,-72.63235561,25013.0,3788,4114,408,0,3706,4066,470406,89,7,0,82,48
2020-05-05,US,Massachusetts,Hampshire,575,47,0,42.33997957,-72.65898478,25015.0,528,563,36,0,527,559,161355,12,11,0,1,4
2020-05-05,US,Massachusetts,Middlesex,15980,1028,0,42.48607732,-71.39049229,25017.0,14952,15757,997,0,14760,15370,1614714,223,31,0,192,387
2020-05-05,US,Massachusetts,Norfolk,6466,575,0,42.16073095,-71.20530408,25021.0,5891,6382,555,0,5827,6280,705388,84,20,0,64,102
2020-05-05,US,Massachusetts,Plymouth,5736,341,0,41.94070556,-70.80802823,25023.0,5395,5602,333,0,5269,5507,518132,134,8,0,126,95
2020-05-05,US,Massachusetts,Suffolk,14173,609,0,42.3279514,-71.07850442,25025.0,13564,13941,596,0,13345,13777,807252,232,13,0,219,164
2020-05-05,US,Massachusetts,Unassigned,594,7,0,0.0,0.0,90025.0,587,662,7,0,655,981,,-68,0,0,-68,-319
2020-05-05,US,Massachusetts,Worcester,6597,331,0,42.35026951,-71.90493363,25027.0,6266,6471,320,0,6151,6288,830839,126,11,0,115,183
2020-05-05,US,Michigan,Alcona,4,1,0,44.6846864,-83.59507875,26001.0,3,4,1,0,3,4,10362,0,0,0,0,0
2020-05-05,US,Michigan,Allegan,120,2,0,42.59147037,-85.89102866,26005.0,118,116,2,0,114,113,117327,4,0,0,4,3
2020-05-05,US,Michigan,Alpena,85,7,0,45.03477666,-83.62212411,26007.0,78,83,7,0,76,83,28360,2,0,0,2,0
2020-05-05,US,Michigan,Antrim,10,0,0,44.99690221,-85.15503082,26009.0,10,10,0,0,10,10,23365,0,0,0,0,0
2020-05-05,US,Michigan,Arenac,28,1,0,44.0636262,-83.89277559,26011.0,27,28,1,0,27,28,15041,0,0,0,0,0
2020-05-05,US,Michigan,Baraga,1,0,0,46.6720582,-88.36363591,26013.0,1,1,0,0,1,1,8320,0,0,0,0,0
2020-05-05,US,Michigan,Barry,39,1,0,42.59513984,-85.30834519,26015.0,38,37,1,0,36,37,61157,2,0,0,2,0
2020-05-05,US,Michigan,Bay,162,8,0,43.70639106,-83.98731479,26017.0,154,161,8,0,153,157,103923,1,0,0,1,4
2020-05-05,US,Michigan,Benzie,4,0,0,44.63899297,-86.01608482,26019.0,4,4,0,0,4,4,17753,0,0,0,0,0
2020-05-05,US,Michigan,Berrien,315,20,0,41.95447397,-86.41313079999998,26021.0,295,304,20,0,284,300,154141,11,0,0,11,4
2020-05-05,US,Michigan,Branch,70,2,0,41.91600556,-85.05929476,26023.0,68,66,2,0,64,68,43622,4,0,0,4,-2
2020-05-05,US,Michigan,Calhoun,246,16,0,42.24633834,-85.00493569,26025.0,230,244,16,0,228,237,134487,2,0,0,2,7
2020-05-05,US,Michigan,Cass,34,2,0,41.91522292,-85.99405727,26027.0,32,33,2,0,31,32,51653,1,0,0,1,1
2020-05-05,US,Michigan,Charlevoix,13,1,0,45.37790017,-85.19614053,26029.0,12,13,1,0,12,13,26244,0,0,0,0,0
2020-05-05,US,Michigan,Cheboygan,19,1,0,45.44787015,-84.50122149,26031.0,18,19,1,0,18,19,25413,0,0,0,0,0
2020-05-05,US,Michigan,Chippewa,2,0,0,46.29552653,-84.54353449,26033.0,2,2,0,0,2,2,37517,0,0,0,0,0
2020-05-05,US,Michigan,Clare,11,2,0,43.98794227,-84.84819859999998,26035.0,9,11,2,0,9,11,30757,0,0,0,0,0
2020-05-05,US,Michigan,Clinton,120,10,0,42.94400871,-84.60145248,26037.0,110,119,10,0,109,118,79332,1,0,0,1,1
2020-05-05,US,Michigan,Crawford,56,4,0,44.68255561,-84.61006219,26039.0,52,56,4,0,52,56,13901,0,0,0,0,0
2020-05-05,US,Michigan,Delta,14,2,0,45.90484910000001,-86.9080745,26041.0,12,13,2,0,11,13,35857,1,0,0,1,0
2020-05-05,US,Michigan,Dickinson,3,2,0,46.00999672,-87.86961634,26043.0,1,3,2,0,1,4,25383,0,0,0,0,-1
2020-05-05,US,Michigan,Eaton,138,6,0,42.59599185,-84.83740035,26045.0,132,137,6,0,131,136,109826,1,0,0,1,1
2020-05-05,US,Michigan,Emmet,21,2,0,45.52625509,-84.89083249,26047.0,19,21,2,0,19,21,33308,0,0,0,0,0
2020-05-05,US,Michigan,Federal Correctional Institution (FCI),98,2,0,0.0,0.0,0.0,96,95,2,0,93,95,,3,0,0,3,0
2020-05-05,US,Michigan,Genesee,1668,200,0,43.02244215,-83.70589709,26049.0,1468,1647,199,0,1448,1634,406892,21,1,0,20,13
2020-05-05,US,Michigan,Gladwin,14,1,0,43.98901072,-84.38774817,26051.0,13,14,1,0,13,14,25337,0,0,0,0,0
2020-05-05,US,Michigan,Gogebic,5,1,0,46.40862701,-89.69377193,26053.0,4,5,1,0,4,4,15096,0,0,0,0,1
2020-05-05,US,Michigan,Grand Traverse,20,5,0,44.69565625,-85.55585247,26055.0,15,20,5,0,15,19,92573,0,0,0,0,1
2020-05-05,US,Michigan,Gratiot,26,2,0,43.29265605,-84.60505416,26057.0,24,25,2,0,23,26,40599,1,0,0,1,-1
2020-05-05,US,Michigan,Hillsdale,137,21,0,41.88753639,-84.59312019,26059.0,116,131,21,0,110,131,45749,6,0,0,6,0
2020-05-05,US,Michigan,Houghton,2,0,0,46.89988536,-88.68495385,26061.0,2,2,0,0,2,2,36219,0,0,0,0,0
2020-05-05,US,Michigan,Huron,25,1,0,43.83353985,-83.04078453,26063.0,24,24,1,0,23,22,31166,1,0,0,1,2
2020-05-05,US,Michigan,Ingham,518,14,0,42.59716886,-84.37472069,26065.0,504,506,13,0,493,506,292735,12,1,0,11,0
2020-05-05,US,Michigan,Ionia,93,2,0,42.94502238,-85.07413319,26067.0,91,90,2,0,88,90,64210,3,0,0,3,0
2020-05-05,US,Michigan,Iosco,52,7,0,44.35486835,-83.63484895,26069.0,45,52,7,0,45,52,25081,0,0,0,0,0
2020-05-05,US,Michigan,Isabella,61,7,0,43.64060976,-84.84664923,26073.0,54,61,7,0,54,61,70562,0,0,0,0,0
2020-05-05,US,Michigan,Jackson,367,26,0,42.24807035,-84.42258681,26075.0,341,363,26,0,337,361,158823,4,0,0,4,2
2020-05-05,US,Michigan,Kalamazoo,489,22,0,42.24542231,-85.53038622,26077.0,467,480,22,0,458,456,264870,9,0,0,9,24
2020-05-05,US,Michigan,Kalkaska,17,2,0,44.68512729,-85.09085699,26079.0,15,17,2,0,15,17,17824,0,0,0,0,0
2020-05-05,US,Michigan,Kent,1914,40,0,43.03197711,-85.54934642,26081.0,1874,1854,39,0,1815,1786,653786,60,1,0,59,68
2020-05-05,US,Michigan,Lake,2,0,0,43.99050893,-85.802173,26085.0,2,2,0,0,2,2,11881,0,0,0,0,0
2020-05-05,US,Michigan,Lapeer,173,27,0,43.09052506,-83.22153148,26087.0,146,171,27,0,144,171,88028,2,0,0,2,0
2020-05-05,US,Michigan,Leelanau,9,0,0,44.94430054,-85.80150326,26089.0,9,9,0,0,9,9,21764,0,0,0,0,0
2020-05-05,US,Michigan,Lenawee,110,2,0,41.89475156,-84.06603727,26091.0,108,110,2,0,108,107,98266,0,0,0,0,3
2020-05-05,US,Michigan,Livingston,362,20,0,42.60302282,-83.91297209,26093.0,342,356,20,0,336,361,191224,6,0,0,6,-5
2020-05-05,US,Michigan,Luce,1,0,0,46.47227431,-85.54471223,26095.0,1,1,0,0,1,1,6283,0,0,0,0,0
2020-05-05,US,Michigan,Mackinac,6,0,0,46.07028979,-85.04980537,26097.0,6,6,0,0,6,6,10787,0,0,0,0,0
2020-05-05,US,Michigan,Macomb,5789,647,0,42.69158356,-82.92752801,26099.0,5142,5736,643,0,5093,5756,874759,53,4,0,49,-20
2020-05-05,US,Michigan,Manistee,11,0,0,44.33352407,-86.05626916,26101.0,11,11,0,0,11,11,24528,0,0,0,0,0
2020-05-05,US,Michigan,Marquette,50,8,0,46.4338914,-87.64043701,26103.0,42,50,8,0,42,50,66516,0,0,0,0,0
2020-05-05,US,Michigan,Mason,13,0,0,43.99509218,-86.24988902,26105.0,13,12,0,0,12,12,29100,1,0,0,1,0
2020-05-05,US,Michigan,Mecosta,14,2,0,43.64064262,-85.32463223,26107.0,12,14,2,0,12,14,43545,0,0,0,0,0
2020-05-05,US,Michigan,Menominee,6,0,0,45.58038692,-87.55370409,26109.0,6,6,0,0,6,5,22983,0,0,0,0,1
2020-05-05,US,Michigan,Michigan Department of Corrections (MDOC),1898,48,0,0.0,0.0,0.0,1850,1870,45,0,1825,1844,,28,3,0,25,26
2020-05-05,US,Michigan,Midland,62,7,0,43.64330771,-84.38804374,26111.0,55,62,7,0,55,62,83209,0,0,0,0,0
2020-05-05,US,Michigan,Missaukee,16,1,0,44.33772443,-85.09256478,26113.0,15,16,1,0,15,16,15113,0,0,0,0,0
2020-05-05,US,Michigan,Monroe,327,13,0,41.92734151,-83.53749864,26115.0,314,320,13,0,307,311,150439,7,0,0,7,9
2020-05-05,US,Michigan,Montcalm,46,1,0,43.31082541,-85.15252824,26117.0,45,45,1,0,44,44,63968,1,0,0,1,1
2020-05-05,US,Michigan,Montmorency,5,0,0,45.0275929,-84.12696227,26119.0,5,5,0,0,5,5,9265,0,0,0,0,0
2020-05-05,US,Michigan,Muskegon,318,18,0,43.29123859,-86.15176712,26121.0,300,313,17,0,296,305,173588,5,1,0,4,8
2020-05-05,US,Michigan,Newaygo,31,0,0,43.554374,-85.80070107,26123.0,31,28,0,0,28,26,48892,3,0,0,3,2
2020-05-05,US,Michigan,Oakland,7522,772,0,42.66090111,-83.38595416,26125.0,6750,7499,762,0,6737,7518,1259201,23,10,0,13,-19
2020-05-05,US,Michigan,Oceana,21,1,0,43.64124435,-86.26726673,26127.0,20,19,1,0,18,16,26625,2,0,0,2,3
2020-05-05,US,Michigan,Ogemaw,15,0,0,44.33481032,-84.12725175,26129.0,15,15,0,0,15,14,20952,0,0,0,0,1
2020-05-05,US,Michigan,Osceola,8,0,0,43.98992088,-85.32566756,26133.0,8,8,0,0,8,8,23341,0,0,0,0,0
2020-05-05,US,Michigan,Oscoda,5,0,0,44.68192279,-84.12939244,26135.0,5,5,0,0,5,5,8276,0,0,0,0,0
2020-05-05,US,Michigan,Otsego,94,8,0,45.02085831,-84.59898295,26137.0,86,93,8,0,85,93,24665,1,0,0,1,0
2020-05-05,US,Michigan,Ottawa,346,16,0,42.95996803,-85.9969107,26139.0,330,321,16,0,305,321,290494,25,0,0,25,0
2020-05-05,US,Michigan,Out of MI,64,0,0,0.0,0.0,80026.0,64,22,0,0,22,18,,42,0,0,42,4
2020-05-05,US,Michigan,Presque Isle,11,0,0,45.34018577,-83.91498656,26141.0,11,11,0,0,11,11,12738,0,0,0,0,0
2020-05-05,US,Michigan,Roscommon,18,0,0,44.33473082,-84.61067651,26143.0,18,18,0,0,18,17,23884,0,0,0,0,1
2020-05-05,US,Michigan,Saginaw,742,70,0,43.33433923,-84.05131209999998,26145.0,672,728,68,0,660,720,190800,14,2,0,12,8
2020-05-05,US,Michigan,Sanilac,36,5,0,43.42406072,-82.82055898,26151.0,31,36,5,0,31,37,41182,0,0,0,0,-1
2020-05-05,US,Michigan,Schoolcraft,3,0,0,46.19235734,-86.19972234,26153.0,3,3,0,0,3,3,8068,0,0,0,0,0
2020-05-05,US,Michigan,Shiawassee,189,12,0,42.95392800000001,-84.14585902,26155.0,177,185,12,0,173,184,68192,4,0,0,4,1
2020-05-05,US,Michigan,St. Clair,342,21,0,42.92655373,-82.67937954,26147.0,321,339,21,0,318,335,159337,3,0,0,3,4
2020-05-05,US,Michigan,St. Joseph,43,1,0,41.91441767,-85.52797979,26149.0,42,42,1,0,41,36,61043,1,0,0,1,6
2020-05-05,US,Michigan,Tuscola,117,14,0,43.46606813,-83.41897025,26157.0,103,113,14,0,99,113,52516,4,0,0,4,0
2020-05-05,US,Michigan,Unassigned,13,1,0,0.0,0.0,90026.0,12,11,1,0,10,10,,2,0,0,2,1
2020-05-05,US,Michigan,Van Buren,69,2,0,42.25190229,-86.01939087,26159.0,67,67,2,0,65,61,75448,2,0,0,2,6
2020-05-05,US,Michigan,Washtenaw,1123,76,0,42.253105,-83.83853204,26161.0,1047,1118,76,0,1042,1113,370963,5,0,0,5,5
2020-05-05,US,Michigan,Wayne,17391,1945,0,42.28098405,-83.281255,26163.0,15446,17314,1924,0,15390,17298,1753893,77,21,0,56,16
2020-05-05,US,Michigan,Wexford,9,2,0,44.33853602,-85.57712739,26165.0,7,9,2,0,7,9,33466,0,0,0,0,0
2020-05-05,US,Minnesota,Aitkin,1,0,0,46.60962049,-93.4116826,27001.0,1,1,0,0,1,1,15902,0,0,0,0,0
2020-05-05,US,Minnesota,Anoka,344,20,0,45.27476015,-93.24604565,27003.0,324,299,17,0,282,281,353813,45,3,0,42,18
2020-05-05,US,Minnesota,Becker,15,0,0,46.93479392,-95.67158144,27005.0,15,13,0,0,13,10,34371,2,0,0,2,3
2020-05-05,US,Minnesota,Beltrami,6,0,0,47.97373527,-94.93732139,27007.0,6,6,0,0,6,6,46847,0,0,0,0,0
2020-05-05,US,Minnesota,Benton,48,1,0,45.69804958,-93.99514135,27009.0,47,35,1,0,34,32,40545,13,0,0,13,3
2020-05-05,US,Minnesota,Big Stone,2,0,0,45.42712824,-96.41403739,27011.0,2,2,0,0,2,2,4989,0,0,0,0,0
2020-05-05,US,Minnesota,Blue Earth,51,0,0,44.03554215,-94.06699781,27013.0,51,50,0,0,50,46,67427,1,0,0,1,4
2020-05-05,US,Minnesota,Brown,9,1,0,44.24205652,-94.72562874,27015.0,8,9,1,0,8,8,25111,0,0,0,0,1
2020-05-05,US,Minnesota,Carlton,60,0,0,46.59180601,-92.67601019,27017.0,60,60,0,0,60,60,35837,0,0,0,0,0
2020-05-05,US,Minnesota,Carver,39,0,0,44.82017001,-93.8009918,27019.0,39,27,0,0,27,26,103551,12,0,0,12,1
2020-05-05,US,Minnesota,Cass,7,0,0,46.95043611,-94.32603968,27021.0,7,7,0,0,7,7,29519,0,0,0,0,0
2020-05-05,US,Minnesota,Chippewa,3,0,0,45.02343421,-95.56403693,27023.0,3,3,0,0,3,3,11924,0,0,0,0,0
2020-05-05,US,Minnesota,Chisago,13,1,0,45.5021011,-92.90861945,27025.0,12,13,1,0,12,13,55922,0,0,0,0,0
2020-05-05,US,Minnesota,Clay,201,14,0,46.89289518,-96.48761922,27027.0,187,190,13,0,177,176,63955,11,1,0,10,14
2020-05-05,US,Minnesota,Clearwater,2,0,0,47.57992111,-95.37790562,27029.0,2,2,0,0,2,2,8810,0,0,0,0,0
2020-05-05,US,Minnesota,Cottonwood,41,0,0,44.00715262,-95.18138802,27033.0,41,37,0,0,37,28,11277,4,0,0,4,9
2020-05-05,US,Minnesota,Crow Wing,21,1,0,46.48096553,-94.06755609,27035.0,20,21,1,0,20,21,64889,0,0,0,0,0
2020-05-05,US,Minnesota,Dakota,241,11,0,44.67172617,-93.06299363,27037.0,230,215,11,0,204,202,425423,26,0,0,26,13
2020-05-05,US,Minnesota,Dodge,21,0,0,44.02238415,-92.86244324,27039.0,21,21,0,0,21,22,20822,0,0,0,0,-1
2020-05-05,US,Minnesota,Douglas,10,0,0,45.93348491,-95.45335469,27041.0,10,7,0,0,7,3,37964,3,0,0,3,4
2020-05-05,US,Minnesota,Faribault,7,0,0,43.67381499,-93.94787458,27043.0,7,7,0,0,7,6,13758,0,0,0,0,1
2020-05-05,US,Minnesota,Fillmore,12,1,0,43.67394126,-92.08980382,27045.0,11,13,1,0,12,13,21058,-1,0,0,-1,0
2020-05-05,US,Minnesota,Freeborn,37,0,0,43.67385583,-93.34884422,27047.0,37,36,0,0,36,35,30444,1,0,0,1,1
2020-05-05,US,Minnesota,Goodhue,23,0,0,44.40849741,-92.7234195,27049.0,23,23,0,0,23,21,46403,0,0,0,0,2
2020-05-05,US,Minnesota,Grant,1,0,0,45.93424769,-96.01139609,27051.0,1,1,0,0,1,1,6021,0,0,0,0,0
2020-05-05,US,Minnesota,Hennepin,2519,303,0,45.00761521,-93.47694895,27053.0,2216,2298,284,0,2014,2151,1259428,221,19,0,202,147
2020-05-05,US,Minnesota,Houston,1,0,0,43.67129565,-91.49143057,27055.0,1,1,0,0,1,1,18578,0,0,0,0,0
2020-05-05,US,Minnesota,Isanti,6,0,0,45.56181234,-93.29487636,27059.0,6,6,0,0,6,6,39966,0,0,0,0,0
2020-05-05,US,Minnesota,Itasca,13,0,0,47.51009045,-93.63092229,27061.0,13,12,0,0,12,11,45108,1,0,0,1,1
2020-05-05,US,Minnesota,Jackson,25,0,0,43.67423373,-95.15398258,27063.0,25,24,0,0,24,18,9911,1,0,0,1,6
2020-05-05,US,Minnesota,Kanabec,2,0,0,45.9459309,-93.29275192,27065.0,2,1,0,0,1,1,16207,1,0,0,1,0
2020-05-05,US,Minnesota,Kandiyohi,200,1,0,45.1526059,-95.00586446,27067.0,199,188,1,0,187,167,42855,12,0,0,12,21
2020-05-05,US,Minnesota,Kittson,1,0,0,48.77754106,-96.78317184,27069.0,1,1,0,0,1,1,4248,0,0,0,0,0
2020-05-05,US,Minnesota,Koochiching,1,0,0,48.24539665,-93.78352843,27071.0,1,1,0,0,1,1,12440,0,0,0,0,0
2020-05-05,US,Minnesota,Lac qui Parle,2,0,0,44.9973857,-96.17488219,27073.0,2,2,0,0,2,1,6658,0,0,0,0,1
2020-05-05,US,Minnesota,Le Sueur,26,0,0,44.37136597,-93.72844721,27079.0,26,26,0,0,26,26,28494,0,0,0,0,0
2020-05-05,US,Minnesota,Lincoln,3,0,0,44.41311883,-96.26688165,27081.0,3,3,0,0,3,3,5673,0,0,0,0,0
2020-05-05,US,Minnesota,Lyon,10,0,0,44.41327865,-95.83806103,27083.0,10,9,0,0,9,9,25629,1,0,0,1,0
2020-05-05,US,Minnesota,Mahnomen,2,0,0,47.32557075,-95.80921485,27087.0,2,2,0,0,2,2,5519,0,0,0,0,0
2020-05-05,US,Minnesota,Marshall,7,0,0,48.35825983,-96.37017407,27089.0,7,7,0,0,7,5,9390,0,0,0,0,2
2020-05-05,US,Minnesota,Martin,110,4,0,43.67429718,-94.55099908,27091.0,106,108,4,0,104,109,19785,2,0,0,2,-1
2020-05-05,US,Minnesota,McLeod,5,0,0,44.82367677,-94.27287017,27085.0,5,4,0,0,4,4,35873,1,0,0,1,0
2020-05-05,US,Minnesota,Meeker,17,0,0,45.12328869,-94.52839455,27093.0,17,17,0,0,17,15,23141,0,0,0,0,2
2020-05-05,US,Minnesota,Mille Lacs,4,1,0,45.93705297,-93.63236823,27095.0,3,3,1,0,2,2,26139,1,0,0,1,1
2020-05-05,US,Minnesota,Morrison,7,0,0,46.01265363,-94.27341528,27097.0,7,6,0,0,6,6,33169,1,0,0,1,0
2020-05-05,US,Minnesota,Mower,33,0,0,43.67142874,-92.75234549,27099.0,33,32,0,0,32,28,40011,1,0,0,1,4
2020-05-05,US,Minnesota,Murray,20,0,0,44.02216709,-95.76328482,27101.0,20,17,0,0,17,17,8276,3,0,0,3,0
2020-05-05,US,Minnesota,Nicollet,16,2,0,44.35291112,-94.24710352,27103.0,14,16,2,0,14,15,34220,0,0,0,0,1
2020-05-05,US,Minnesota,Nobles,1069,1,0,43.67434621,-95.75329576,27105.0,1068,1011,1,0,1010,940,21924,58,0,0,58,71
2020-05-05,US,Minnesota,Norman,9,0,0,47.32628443,-96.45620947,27107.0,9,9,0,0,9,8,6475,0,0,0,0,1
2020-05-05,US,Minnesota,Olmsted,313,8,0,44.00374114,-92.40209944,27109.0,305,305,8,0,297,293,156277,8,0,0,8,12
2020-05-05,US,Minnesota,Otter Tail,19,0,0,46.40846929,-95.70835255,27111.0,19,18,0,0,18,17,58812,1,0,0,1,1
2020-05-05,US,Minnesota,Pennington,1,0,0,48.06642577,-96.0370814,27113.0,1,1,0,0,1,1,14178,0,0,0,0,0
2020-05-05,US,Minnesota,Pine,60,0,0,46.12105238,-92.74070188,27115.0,60,60,0,0,60,58,29483,0,0,0,0,2
2020-05-05,US,Minnesota,Pipestone,4,0,0,44.02301619,-96.25841142,27117.0,4,4,0,0,4,3,9047,0,0,0,0,1
2020-05-05,US,Minnesota,Polk,42,0,0,47.77372465,-96.40134647,27119.0,42,42,0,0,42,41,31529,0,0,0,0,1
2020-05-05,US,Minnesota,Pope,1,0,0,45.58606667,-95.44451209,27121.0,1,,,,,,11097,,,,,
2020-05-05,US,Minnesota,Ramsey,583,37,0,45.01625271,-93.09872295,27123.0,546,535,34,0,501,493,550210,48,3,0,45,42
2020-05-05,US,Minnesota,Red Lake,1,0,0,47.87197525,-96.09561104,27125.0,1,1,0,0,1,1,3999,0,0,0,0,0
2020-05-05,US,Minnesota,Redwood,3,0,0,44.40555844,-95.25207021,27127.0,3,3,0,0,3,3,15249,0,0,0,0,0
2020-05-05,US,Minnesota,Renville,5,0,0,44.72836381,-94.94553734,27129.0,5,5,0,0,5,5,14612,0,0,0,0,0
2020-05-05,US,Minnesota,Rice,30,1,0,44.3543376,-93.29658715,27131.0,29,24,1,0,23,20,66523,6,0,0,6,4
2020-05-05,US,Minnesota,Rock,18,0,0,43.67482683,-96.25296832,27133.0,18,16,0,0,16,16,9414,2,0,0,2,0
2020-05-05,US,Minnesota,Roseau,1,0,0,48.77501878,-95.81079919,27135.0,1,1,0,0,1,1,15150,0,0,0,0,0
2020-05-05,US,Minnesota,Scott,74,1,0,44.6490231,-93.53340251,27139.0,73,63,1,0,62,58,147381,11,0,0,11,5
2020-05-05,US,Minnesota,Sherburne,71,1,0,45.44447208,-93.77617511,27141.0,70,61,0,0,61,54,96036,10,1,0,9,7
2020-05-05,US,Minnesota,Sibley,2,0,0,44.5796592,-94.23164924,27143.0,2,2,0,0,2,2,15028,0,0,0,0,0
2020-05-05,US,Minnesota,St. Louis,81,11,0,47.6048407,-92.46879855,27137.0,70,79,11,0,68,75,199754,2,0,0,2,4
2020-05-05,US,Minnesota,Stearns,815,2,0,45.55192576,-94.61078221,27145.0,813,728,2,0,726,589,159256,87,0,0,87,139
2020-05-05,US,Minnesota,Steele,25,0,0,44.02240351,-93.22627088,27147.0,25,24,0,0,24,21,36803,1,0,0,1,3
2020-05-05,US,Minnesota,Swift,2,0,0,45.2829032,-95.68264092,27151.0,2,2,0,0,2,2,9345,0,0,0,0,0
2020-05-05,US,Minnesota,Todd,15,0,0,46.06996226,-94.89785296,27153.0,15,15,0,0,15,8,24582,0,0,0,0,7
2020-05-05,US,Minnesota,Traverse,2,0,0,45.77298854,-96.47062949,27155.0,2,2,0,0,2,2,3308,0,0,0,0,0
2020-05-05,US,Minnesota,Unassigned,22,1,0,0.0,0.0,90027.0,21,21,0,0,21,20,,1,1,0,0,1
2020-05-05,US,Minnesota,Wabasha,10,0,0,44.28424356,-92.23121312,27157.0,10,10,0,0,10,10,21645,0,0,0,0,0
2020-05-05,US,Minnesota,Wadena,3,0,0,46.58589171,-94.96968506,27159.0,3,2,0,0,2,1,13773,1,0,0,1,1
2020-05-05,US,Minnesota,Waseca,6,0,0,44.02211116,-93.58720034,27161.0,6,6,0,0,6,6,18691,0,0,0,0,0
2020-05-05,US,Minnesota,Washington,162,12,0,45.03864533,-92.88429635,27163.0,150,152,12,0,140,146,259201,10,0,0,10,6
2020-05-05,US,Minnesota,Watonwan,15,0,0,43.97823903,-94.61413846,27165.0,15,15,0,0,15,14,10980,0,0,0,0,1
2020-05-05,US,Minnesota,Wilkin,11,3,0,46.35721532,-96.4684375,27167.0,8,11,3,0,8,11,6254,0,0,0,0,0
2020-05-05,US,Minnesota,Winona,68,15,0,43.98772283,-91.78081305,27169.0,53,67,15,0,52,67,50825,1,0,0,1,0
2020-05-05,US,Minnesota,Wright,60,1,0,45.17297924,-93.96234781,27171.0,59,54,1,0,53,50,136349,6,0,0,6,4
2020-05-05,US,Minnesota,Yellow Medicine,3,0,0,44.71710183,-95.86842453,27173.0,3,3,0,0,3,3,9795,0,0,0,0,0
2020-05-05,US,Mississippi,Adams,151,10,0,31.47669768,-91.35326037,28001.0,141,149,9,0,140,148,31192,2,1,0,1,1
2020-05-05,US,Mississippi,Alcorn,10,1,0,34.88084463,-88.57996173,28003.0,9,10,1,0,9,10,36925,0,0,0,0,0
2020-05-05,US,Mississippi,Amite,32,0,0,31.17467303,-90.80501621,28005.0,32,30,0,0,30,28,12326,2,0,0,2,2
2020-05-05,US,Mississippi,Attala,137,2,0,33.08658803,-89.57838564,28007.0,135,128,2,0,126,117,18365,9,0,0,9,11
2020-05-05,US,Mississippi,Benton,12,0,0,34.81681228,-89.18945516,28009.0,12,12,0,0,12,12,8271,0,0,0,0,0
2020-05-05,US,Mississippi,Bolivar,112,8,0,33.79696941,-90.87372121,28011.0,104,110,7,0,103,107,31333,2,1,0,1,3
2020-05-05,US,Mississippi,Calhoun,58,4,0,33.93683395,-89.33686647,28013.0,54,56,4,0,52,55,14436,2,0,0,2,1
2020-05-05,US,Mississippi,Carroll,111,3,0,33.44834567,-89.91994479,28015.0,108,77,2,0,75,62,9911,34,1,0,33,15
2020-05-05,US,Mississippi,Chickasaw,80,9,0,33.91983202,-88.9481545,28017.0,71,78,8,0,70,76,17171,2,1,0,1,2
2020-05-05,US,Mississippi,Choctaw,14,1,0,33.34598242,-89.24809382,28019.0,13,14,1,0,13,13,8278,0,0,0,0,1
2020-05-05,US,Mississippi,Claiborne,33,0,0,31.97061673,-90.90702196,28021.0,33,30,0,0,30,28,9002,3,0,0,3,2
2020-05-05,US,Mississippi,Clarke,67,6,0,32.04158545,-88.68896219999998,28023.0,61,62,3,0,59,61,15604,5,3,0,2,1
2020-05-05,US,Mississippi,Clay,57,2,0,33.65358105,-88.77784255,28025.0,55,52,2,0,50,48,19386,5,0,0,5,4
2020-05-05,US,Mississippi,Coahoma,70,3,0,34.22772299,-90.60415045,28027.0,67,70,3,0,67,69,22628,0,0,0,0,1
2020-05-05,US,Mississippi,Copiah,126,1,0,31.86977774,-90.44565118,28029.0,125,124,1,0,123,116,28543,2,0,0,2,8
2020-05-05,US,Mississippi,Covington,84,0,0,31.63225413,-89.55389939,28031.0,84,74,0,0,74,66,18853,10,0,0,10,8
2020-05-05,US,Mississippi,DeSoto,308,4,0,34.87625235,-89.99091418,28033.0,304,304,4,0,300,298,182001,4,0,0,4,6
2020-05-05,US,Mississippi,Forrest,259,14,0,31.18961454,-89.25832496,28035.0,245,248,14,0,234,232,75036,11,0,0,11,16
2020-05-05,US,Mississippi,Franklin,17,1,0,31.47786634,-90.89672989,28037.0,16,18,1,0,17,17,7788,-1,0,0,-1,1
2020-05-05,US,Mississippi,George,14,1,0,30.86259065,-88.64436789,28039.0,13,14,1,0,13,14,24250,0,0,0,0,0
2020-05-05,US,Mississippi,Greene,6,1,0,31.21444233,-88.63922281,28041.0,5,6,1,0,5,5,13586,0,0,0,0,1
2020-05-05,US,Mississippi,Grenada,36,2,0,33.77036166,-89.80245083,28043.0,34,35,2,0,33,34,21055,1,0,0,1,1
2020-05-05,US,Mississippi,Hancock,68,5,0,30.41830223,-89.48851033,28045.0,63,68,5,0,63,68,47334,0,0,0,0,0
2020-05-05,US,Mississippi,Harrison,186,6,0,30.51359752,-89.12467576,28047.0,180,184,6,0,178,181,206650,2,0,0,2,3
2020-05-05,US,Mississippi,Hinds,565,9,0,32.2656285,-90.44435448,28049.0,556,542,9,0,533,507,237085,23,0,0,23,35
2020-05-05,US,Mississippi,Holmes,168,10,0,33.12345854,-90.08923538,28051.0,158,168,10,0,158,161,17622,0,0,0,0,7
2020-05-05,US,Mississippi,Humphreys,26,4,0,33.12825718,-90.52252707,28053.0,22,25,4,0,21,24,8257,1,0,0,1,1
2020-05-05,US,Mississippi,Itawamba,64,6,0,34.27993475,-88.3606733,28057.0,58,64,4,0,60,63,23517,0,2,0,-2,1
2020-05-05,US,Mississippi,Jackson,270,9,0,30.54020656,-88.64184064,28059.0,261,267,7,0,260,267,143277,3,2,0,1,0
2020-05-05,US,Mississippi,Jasper,64,2,0,32.01922104,-89.11786866,28061.0,62,62,1,0,61,55,16428,2,1,0,1,7
2020-05-05,US,Mississippi,Jefferson,24,0,0,31.73397872,-91.03764977,28063.0,24,23,0,0,23,22,7106,1,0,0,1,1
2020-05-05,US,Mississippi,Jefferson Davis,45,1,0,31.56884708,-89.82670990000004,28065.0,44,43,1,0,42,40,11234,2,0,0,2,3
2020-05-05,US,Mississippi,Jones,193,2,0,31.62257767,-89.16896899999998,28067.0,191,185,2,0,183,172,68461,8,0,0,8,13
2020-05-05,US,Mississippi,Kemper,79,3,0,32.75462946,-88.64105766,28069.0,76,79,3,0,76,76,10027,0,0,0,0,3
2020-05-05,US,Mississippi,Lafayette,96,3,0,34.35687874,-89.48490961,28071.0,93,93,3,0,90,91,54793,3,0,0,3,2
2020-05-05,US,Mississippi,Lamar,125,3,0,31.20572971,-89.5077704,28073.0,122,121,3,0,118,117,62447,4,0,0,4,4
2020-05-05,US,Mississippi,Lauderdale,436,33,0,32.40419769,-88.66229662,28075.0,403,432,27,0,405,380,75317,4,6,0,-2,52
2020-05-05,US,Mississippi,Lawrence,57,0,0,31.55147224,-90.10841127,28077.0,57,53,0,0,53,50,12455,4,0,0,4,3
2020-05-05,US,Mississippi,Leake,257,2,0,32.7536828,-89.52402044,28079.0,255,247,2,0,245,233,22763,10,0,0,10,14
2020-05-05,US,Mississippi,Lee,75,4,0,34.291877500000005,-88.68149954,28081.0,71,72,4,0,68,71,85202,3,0,0,3,1
2020-05-05,US,Mississippi,Leflore,175,18,0,33.55545125,-90.29900733,28083.0,157,174,17,0,157,168,28919,1,1,0,0,6
2020-05-05,US,Mississippi,Lincoln,155,12,0,31.53288662,-90.45391915,28085.0,143,154,11,0,143,151,34205,1,1,0,0,3
2020-05-05,US,Mississippi,Lowndes,65,3,0,33.47386518,-88.44191529999998,28087.0,62,61,3,0,58,60,58930,4,0,0,4,1
2020-05-05,US,Mississippi,Madison,298,11,0,32.63389156,-90.03513564,28089.0,287,286,10,0,276,272,105630,12,1,0,11,14
2020-05-05,US,Mississippi,Marion,76,7,0,31.23132643,-89.8209217,28091.0,69,75,7,0,68,75,24715,1,0,0,1,0
2020-05-05,US,Mississippi,Marshall,48,2,0,34.76216286,-89.50299462,28093.0,46,48,2,0,46,47,35451,0,0,0,0,1
2020-05-05,US,Mississippi,Monroe,177,16,0,33.89236763,-88.4808438,28095.0,161,175,16,0,159,175,35564,2,0,0,2,0
2020-05-05,US,Mississippi,Montgomery,47,1,0,33.49419589,-89.61729103,28097.0,46,35,1,0,34,32,10023,12,0,0,12,3
2020-05-05,US,Mississippi,Neshoba,243,10,0,32.75339664,-89.11726492,28099.0,233,222,4,0,218,214,29125,21,6,0,15,8
2020-05-05,US,Mississippi,Newton,106,0,0,32.40021118,-89.11843336,28101.0,106,93,0,0,93,93,21443,13,0,0,13,0
2020-05-05,US,Mississippi,Noxubee,92,2,0,33.11009499,-88.56949061,28103.0,90,88,1,0,87,79,10535,4,1,0,3,9
2020-05-05,US,Mississippi,Oktibbeha,57,4,0,33.42491685,-88.87905132,28105.0,53,54,3,0,51,52,49599,3,1,0,2,2
2020-05-05,US,Mississippi,Panola,40,2,0,34.36398677,-89.95064249,28107.0,38,40,2,0,38,40,34178,0,0,0,0,0
2020-05-05,US,Mississippi,Pearl River,183,20,0,30.77090935,-89.58677275,28109.0,163,181,20,0,161,177,55387,2,0,0,2,4
2020-05-05,US,Mississippi,Perry,31,1,0,31.17161885,-88.99281835,28111.0,30,31,1,0,30,29,11931,0,0,0,0,2
2020-05-05,US,Mississippi,Pike,160,9,0,31.17507789,-90.40392572,28113.0,151,155,7,0,148,155,39563,5,2,0,3,0
2020-05-05,US,Mississippi,Pontotoc,22,2,0,34.226046000000004,-89.03636807,28115.0,20,22,2,0,20,22,31833,0,0,0,0,0
2020-05-05,US,Mississippi,Prentiss,33,1,0,34.61810501,-88.51986294,28117.0,32,32,1,0,31,32,25315,1,0,0,1,0
2020-05-05,US,Mississippi,Quitman,16,0,0,34.25157572,-90.28908,28119.0,16,16,0,0,16,15,7051,0,0,0,0,1
2020-05-05,US,Mississippi,Rankin,221,6,0,32.26469147,-89.94537876,28121.0,215,207,6,0,201,200,153902,14,0,0,14,7
2020-05-05,US,Mississippi,Scott,404,3,0,32.406704100000006,-89.53789439,28123.0,401,369,2,0,367,358,28287,35,1,0,34,11
2020-05-05,US,Mississippi,Sharkey,5,0,0,32.88149103,-90.8159538,28125.0,5,5,0,0,5,5,4377,0,0,0,0,0
2020-05-05,US,Mississippi,Simpson,53,0,0,31.91282117,-89.91716179,28127.0,53,49,0,0,49,48,26758,4,0,0,4,1
2020-05-05,US,Mississippi,Smith,86,4,0,32.01744532,-89.50644846,28129.0,82,81,4,0,77,79,16002,5,0,0,5,2
2020-05-05,US,Mississippi,Stone,22,0,0,30.79187949,-89.11547539,28131.0,22,22,0,0,22,22,18717,0,0,0,0,0
2020-05-05,US,Mississippi,Sunflower,60,3,0,33.60192578,-90.58882684,28133.0,57,57,3,0,54,56,25735,3,0,0,3,1
2020-05-05,US,Mississippi,Tallahatchie,12,1,0,33.95339918,-90.1729398,28135.0,11,12,1,0,11,12,13987,0,0,0,0,0
2020-05-05,US,Mississippi,Tate,45,0,0,34.65133709,-89.94485778,28137.0,45,45,0,0,45,43,28759,0,0,0,0,2
2020-05-05,US,Mississippi,Tippah,58,10,0,34.76872156,-88.90988194,28139.0,48,58,10,0,48,57,21995,0,0,0,0,1
2020-05-05,US,Mississippi,Tishomingo,8,0,0,34.74023475,-88.23917219,28141.0,8,8,0,0,8,8,19454,0,0,0,0,0
2020-05-05,US,Mississippi,Tunica,36,2,0,34.64967704,-90.37481167,28143.0,34,36,2,0,34,36,9944,0,0,0,0,0
2020-05-05,US,Mississippi,Union,36,2,0,34.49162015,-89.00776006,28145.0,34,30,2,0,28,27,28606,6,0,0,6,3
2020-05-05,US,Mississippi,Walthall,35,0,0,31.14971548,-90.10446654,28147.0,35,33,0,0,33,33,14465,2,0,0,2,0
2020-05-05,US,Mississippi,Warren,88,2,0,32.35810271,-90.83352619,28149.0,86,83,2,0,81,81,46176,5,0,0,5,2
2020-05-05,US,Mississippi,Washington,78,3,0,33.28392041,-90.94196237,28151.0,75,77,3,0,74,77,45063,1,0,0,1,0
2020-05-05,US,Mississippi,Wayne,25,0,0,31.64135687,-88.69573913,28153.0,25,24,0,0,24,24,20298,1,0,0,1,0
2020-05-05,US,Mississippi,Webster,21,1,0,33.61300486,-89.28392912,28155.0,20,20,1,0,19,19,9788,1,0,0,1,1
2020-05-05,US,Mississippi,Wilkinson,71,7,0,31.16078225,-91.31018819,28157.0,64,70,7,0,63,69,8792,1,0,0,1,1
2020-05-05,US,Mississippi,Winston,52,0,0,33.08747908,-89.03391385,28159.0,52,49,0,0,49,47,18165,3,0,0,3,2
2020-05-05,US,Mississippi,Yalobusha,21,0,0,34.02824175,-89.70762049999998,28161.0,21,20,0,0,20,20,12392,1,0,0,1,0
2020-05-05,US,Mississippi,Yazoo,154,2,0,32.77890365,-90.39656148,28163.0,152,151,2,0,149,147,28248,3,0,0,3,4
2020-05-05,US,Missouri,Adair,12,0,0,40.19058551,-92.60078167,29001.0,12,12,0,0,12,12,25339,0,0,0,0,0
2020-05-05,US,Missouri,Andrew,6,0,0,39.98492163,-94.80163024,29003.0,6,6,0,0,6,5,17607,0,0,0,0,1
2020-05-05,US,Missouri,Atchison,2,0,0,40.43238737,-95.42970639,29005.0,2,2,0,0,2,2,5171,0,0,0,0,0
2020-05-05,US,Missouri,Audrain,1,0,0,39.215877,-91.84242683,29007.0,1,1,0,0,1,1,25473,0,0,0,0,0
2020-05-05,US,Missouri,Barry,5,0,0,36.70978521,-93.82919888,29009.0,5,6,0,0,6,6,35886,-1,0,0,-1,0
2020-05-05,US,Missouri,Bates,6,1,0,38.25271289,-94.34113157,29013.0,5,6,1,0,5,6,16320,0,0,0,0,0
2020-05-05,US,Missouri,Benton,8,0,0,38.29503305,-93.28756116,29015.0,8,8,0,0,8,8,19278,0,0,0,0,0
2020-05-05,US,Missouri,Bollinger,4,0,0,37.32449052,-90.02725304,29017.0,4,4,0,0,4,4,12169,0,0,0,0,0
2020-05-05,US,Missouri,Boone,97,1,0,38.99186229,-92.30723575,29019.0,96,97,1,0,96,102,180005,0,0,0,0,-5
2020-05-05,US,Missouri,Buchanan,369,2,0,39.65816401,-94.80138942,29021.0,367,341,2,0,339,229,88571,28,0,0,28,112
2020-05-05,US,Missouri,Butler,26,0,0,36.71462476,-90.40421163,29023.0,26,26,0,0,26,26,42639,0,0,0,0,0
2020-05-05,US,Missouri,Caldwell,3,0,0,39.65620858,-93.98308093,29025.0,3,3,0,0,3,3,9108,0,0,0,0,0
2020-05-05,US,Missouri,Callaway,23,1,0,38.83674754,-91.92186505,29027.0,22,23,1,0,22,23,44889,0,0,0,0,0
2020-05-05,US,Missouri,Camden,35,1,0,38.02199522,-92.76083747,29029.0,34,35,1,0,34,35,45815,0,0,0,0,0
2020-05-05,US,Missouri,Cape Girardeau,49,1,0,37.38489388,-89.6843587,29031.0,48,49,1,0,48,49,78753,0,0,0,0,0
2020-05-05,US,Missouri,Carroll,2,0,0,39.42762566,-93.50626255,29033.0,2,3,0,0,3,3,8743,-1,0,0,-1,0
2020-05-05,US,Missouri,Carter,3,1,0,36.94160441,-90.96051322,29035.0,2,3,1,0,2,3,6054,0,0,0,0,0
2020-05-05,US,Missouri,Cass,64,6,0,38.64789422,-94.353399,29037.0,58,63,6,0,57,63,104954,1,0,0,1,0
2020-05-05,US,Missouri,Cedar,5,0,0,37.72391475,-93.85445441,29039.0,5,5,0,0,5,5,14165,0,0,0,0,0
2020-05-05,US,Missouri,Chariton,5,0,0,39.51499357,-92.9629191,29041.0,5,5,0,0,5,5,7451,0,0,0,0,0
2020-05-05,US,Missouri,Christian,19,0,0,36.9711783,-93.18537118,29043.0,19,19,0,0,19,19,86983,0,0,0,0,0
2020-05-05,US,Missouri,Clark,1,0,0,40.41040752,-91.73661677,29045.0,1,1,0,0,1,1,6842,0,0,0,0,0
2020-05-05,US,Missouri,Clay,84,2,0,39.31132056,-94.41850862,29047.0,82,80,2,0,78,76,246365,4,0,0,4,4
2020-05-05,US,Missouri,Clinton,11,0,0,39.6013098,-94.40465394,29049.0,11,11,0,0,11,11,20470,0,0,0,0,0
2020-05-05,US,Missouri,Cole,52,1,0,38.50455671,-92.27860244,29051.0,51,54,1,0,53,54,76796,-2,0,0,-2,0
2020-05-05,US,Missouri,Cooper,9,0,0,38.844478,-92.80896081,29053.0,9,9,0,0,9,9,17603,0,0,0,0,0
2020-05-05,US,Missouri,Crawford,8,0,0,37.97663738,-91.30528104,29055.0,8,8,0,0,8,8,23957,0,0,0,0,0
2020-05-05,US,Missouri,Dallas,2,0,0,37.6811355,-93.02127031,29059.0,2,2,0,0,2,2,16762,0,0,0,0,0
2020-05-05,US,Missouri,Daviess,3,0,0,39.96145298,-93.98519678,29061.0,3,3,0,0,3,3,8313,0,0,0,0,0
2020-05-05,US,Missouri,DeKalb,3,0,0,39.89201062,-94.40476508,29063.0,3,3,0,0,3,3,12630,0,0,0,0,0
2020-05-05,US,Missouri,Dunklin,24,2,0,36.27167174,-90.09122243,29069.0,22,23,2,0,21,23,29423,1,0,0,1,0
2020-05-05,US,Missouri,Franklin,127,13,0,38.41127108,-91.07522826,29071.0,114,125,12,0,113,122,103670,2,1,0,1,3
2020-05-05,US,Missouri,Gasconade,2,0,0,38.43947277,-91.50847147,29073.0,2,3,0,0,3,3,14705,-1,0,0,-1,0
2020-05-05,US,Missouri,Gentry,1,0,0,40.21097916,-94.40944419,29075.0,1,1,0,0,1,1,6628,0,0,0,0,0
2020-05-05,US,Missouri,Greene,99,8,0,37.2575872,-93.34230916,29077.0,91,99,8,0,91,97,291923,0,0,0,0,2
2020-05-05,US,Missouri,Harrison,6,0,0,40.35570088,-93.99222144,29081.0,6,6,0,0,6,6,8414,0,0,0,0,0
2020-05-05,US,Missouri,Henry,8,1,0,38.38482826,-93.79293734,29083.0,7,7,1,0,6,7,21792,1,0,0,1,0
2020-05-05,US,Missouri,Holt,1,0,0,40.09799248,-95.2163888,29087.0,1,1,0,0,1,1,4404,0,0,0,0,0
2020-05-05,US,Missouri,Howard,2,0,0,39.1435761,-92.69756691,29089.0,2,2,0,0,2,2,10137,0,0,0,0,0
2020-05-05,US,Missouri,Howell,5,0,0,36.77383887,-91.88683935,29091.0,5,5,0,0,5,5,40076,0,0,0,0,0
2020-05-05,US,Missouri,Iron,2,0,0,37.55487945,-90.7735296,29093.0,2,2,0,0,2,2,10177,0,0,0,0,0
2020-05-05,US,Missouri,Jackson,347,16,0,39.01002188,-94.34724536,29095.0,331,335,15,0,320,342,700307,12,1,0,11,-7
2020-05-05,US,Missouri,Jasper,24,0,0,37.20351921,-94.34050458,29097.0,24,25,0,0,25,25,120636,-1,0,0,-1,0
2020-05-05,US,Missouri,Jefferson,293,10,0,38.25926778,-90.53870896,29099.0,283,290,10,0,280,285,224347,3,0,0,3,5
2020-05-05,US,Missouri,Johnson,60,0,0,38.74719601,-93.80691168,29101.0,60,59,0,0,59,59,53652,1,0,0,1,0
2020-05-05,US,Missouri,Kansas City,683,16,0,39.0997,-94.5786,0.0,667,659,16,0,643,609,491918,24,0,0,24,50
2020-05-05,US,Missouri,Lafayette,47,1,0,39.06986886,-93.78076396,29107.0,46,45,1,0,44,42,32598,2,0,0,2,3
2020-05-05,US,Missouri,Lawrence,1,0,0,37.10626634,-93.83293097,29109.0,1,,,,,,38359,,,,,
2020-05-05,US,Missouri,Lewis,6,1,0,40.09673161,-91.72070156,29111.0,5,6,1,0,5,6,9855,0,0,0,0,0
2020-05-05,US,Missouri,Lincoln,74,1,0,39.05345619,-90.95588181,29113.0,73,74,1,0,73,70,57686,0,0,0,0,4
2020-05-05,US,Missouri,Linn,5,1,0,39.87001769,-93.10704106,29115.0,4,5,1,0,4,5,12037,0,0,0,0,0
2020-05-05,US,Missouri,Livingston,3,0,0,39.78110272,-93.54645978,29117.0,3,2,0,0,2,2,15146,1,0,0,1,0
2020-05-05,US,Missouri,Macon,2,0,0,39.83049768,-92.56453089,29121.0,2,2,0,0,2,2,15153,0,0,0,0,0
2020-05-05,US,Missouri,Madison,2,0,0,37.47865134,-90.3467143,29123.0,2,1,0,0,1,1,12188,1,0,0,1,0
2020-05-05,US,Missouri,Maries,2,0,0,38.16193985,-91.92249662,29125.0,2,2,0,0,2,2,8769,0,0,0,0,0
2020-05-05,US,Missouri,Marion,4,0,0,39.80601912,-91.62203062,29127.0,4,5,0,0,5,5,28592,-1,0,0,-1,0
2020-05-05,US,Missouri,McDonald,4,0,0,36.62869595,-94.34867205,29119.0,4,4,0,0,4,4,23078,0,0,0,0,0
2020-05-05,US,Missouri,Miller,2,0,0,38.21450288,-92.42610898,29131.0,2,2,0,0,2,2,25336,0,0,0,0,0
2020-05-05,US,Missouri,Mississippi,29,0,0,36.82516239,-89.29505753,29133.0,29,29,0,0,29,29,13336,0,0,0,0,0
2020-05-05,US,Missouri,Moniteau,51,0,0,38.63571781,-92.57976951,29135.0,51,52,0,0,52,52,16121,-1,0,0,-1,0
2020-05-05,US,Missouri,Montgomery,7,0,0,38.94022054,-91.47000721,29139.0,7,7,0,0,7,7,11534,0,0,0,0,0
2020-05-05,US,Missouri,Morgan,5,0,0,38.4181765,-92.88791859,29141.0,5,5,0,0,5,5,20358,0,0,0,0,0
2020-05-05,US,Missouri,New Madrid,11,0,0,36.59666326,-89.66070007,29143.0,11,11,0,0,11,10,17296,0,0,0,0,1
2020-05-05,US,Missouri,Newton,11,1,0,36.90519407,-94.3394104,29145.0,10,10,1,0,9,10,58266,1,0,0,1,0
2020-05-05,US,Missouri,Nodaway,4,0,0,40.36079813,-94.88133008,29147.0,4,4,0,0,4,4,22304,0,0,0,0,0
2020-05-05,US,Missouri,Oregon,2,0,0,36.68710164,-91.4033755,29149.0,2,2,0,0,2,2,10541,0,0,0,0,0
2020-05-05,US,Missouri,Osage,5,0,0,38.46036182,-91.8613635,29151.0,5,5,0,0,5,5,13714,0,0,0,0,0
2020-05-05,US,Missouri,Pemiscot,46,3,0,36.2130572,-89.78742322,29155.0,43,40,3,0,37,32,16272,6,0,0,6,8
2020-05-05,US,Missouri,Perry,43,0,0,37.70660776,-89.82741088,29157.0,43,43,0,0,43,43,19150,0,0,0,0,0
2020-05-05,US,Missouri,Pettis,53,0,0,38.72798918,-93.28471706,29159.0,53,48,0,0,48,43,42542,5,0,0,5,5
2020-05-05,US,Missouri,Phelps,3,0,0,37.87736118,-91.79351727,29161.0,3,2,0,0,2,2,44732,1,0,0,1,0
2020-05-05,US,Missouri,Pike,11,0,0,39.34310674,-91.16980779,29163.0,11,11,0,0,11,11,18504,0,0,0,0,0
2020-05-05,US,Missouri,Platte,36,0,0,39.38154439,-94.77068479,29165.0,36,34,0,0,34,34,102985,2,0,0,2,0
2020-05-05,US,Missouri,Polk,1,0,0,37.6162296,-93.39828174,29167.0,1,1,0,0,1,1,32201,0,0,0,0,0
2020-05-05,US,Missouri,Pulaski,36,1,0,37.82462075,-92.20783203,29169.0,35,36,1,0,35,36,52014,0,0,0,0,0
2020-05-05,US,Missouri,Ralls,1,0,0,39.52817427,-91.51838643,29173.0,1,1,0,0,1,1,10212,0,0,0,0,0
2020-05-05,US,Missouri,Randolph,8,0,0,39.44007257,-92.4971374,29175.0,8,8,0,0,8,8,24763,0,0,0,0,0
2020-05-05,US,Missouri,Ray,12,0,0,39.3537468,-93.98905745,29177.0,12,12,0,0,12,12,22883,0,0,0,0,0
2020-05-05,US,Missouri,Reynolds,2,0,0,37.36085952,-90.97009925,29179.0,2,2,0,0,2,2,6254,0,0,0,0,0
2020-05-05,US,Missouri,Ripley,5,0,0,36.65460667,-90.85990261,29181.0,5,5,0,0,5,5,13401,0,0,0,0,0
2020-05-05,US,Missouri,Saline,206,0,0,39.13734288,-93.20259964,29195.0,206,204,0,0,204,199,22895,2,0,0,2,5
2020-05-05,US,Missouri,Scotland,4,0,0,40.45214695,-92.14709064,29199.0,4,4,0,0,4,4,4966,0,0,0,0,0
2020-05-05,US,Missouri,Scott,75,2,0,37.05588075,-89.56474493,29201.0,73,76,2,0,74,76,38458,-1,0,0,-1,0
2020-05-05,US,Missouri,Shelby,1,0,0,39.79742518,-92.07634971,29205.0,1,1,0,0,1,1,6050,0,0,0,0,0
2020-05-05,US,Missouri,St. Charles,626,43,0,38.77875681,-90.66662425,29183.0,583,612,41,0,571,608,399182,14,2,0,12,4
2020-05-05,US,Missouri,St. Clair,2,0,0,38.03699437,-93.77631447,29185.0,2,2,0,0,2,2,9395,0,0,0,0,0
2020-05-05,US,Missouri,St. Francois,29,1,0,37.81214171,-90.47598685,29187.0,28,28,1,0,27,28,66692,1,0,0,1,0
2020-05-05,US,Missouri,St. Louis,3569,189,0,38.63770039999999,-90.4458375,29189.0,3380,3521,177,0,3344,3433,996945,48,12,0,36,88
2020-05-05,US,Missouri,St. Louis City,1362,78,0,38.63555736,-90.24349225,29510.0,1284,1346,71,0,1275,1304,302838,16,7,0,9,42
2020-05-05,US,Missouri,Ste. Genevieve,9,1,0,37.89090059,-90.1949941,29186.0,8,9,1,0,8,8,17888,0,0,0,0,1
2020-05-05,US,Missouri,Stoddard,22,0,0,36.85571651,-89.9444155,29207.0,22,21,0,0,21,20,29206,1,0,0,1,1
2020-05-05,US,Missouri,Stone,3,0,0,36.75000327,-93.45256475,29209.0,3,3,0,0,3,3,31749,0,0,0,0,0
2020-05-05,US,Missouri,Sullivan,1,0,0,40.2099105,-93.11150106,29211.0,1,,,,,,6221,,,,,
2020-05-05,US,Missouri,Taney,12,2,0,36.65465345,-93.04075153,29213.0,10,12,2,0,10,12,55852,0,0,0,0,0
2020-05-05,US,Missouri,Vernon,4,0,0,37.8457799,-94.34127305,29217.0,4,4,0,0,4,4,20528,0,0,0,0,0
2020-05-05,US,Missouri,Warren,26,0,0,38.76529479,-91.16124662,29219.0,26,22,0,0,22,22,34711,4,0,0,4,0
2020-05-05,US,Missouri,Washington,9,1,0,37.96130078,-90.87948158,29221.0,8,9,1,0,8,8,24943,0,0,0,0,1
2020-05-05,US,Missouri,Webster,15,0,0,37.2813734,-92.876329,29225.0,15,15,0,0,15,15,39109,0,0,0,0,0
2020-05-05,US,Missouri,Worth,1,0,0,40.47945588,-94.42328751,29227.0,1,1,0,0,1,1,2040,0,0,0,0,0
2020-05-05,US,Missouri,Wright,10,0,0,37.27029221,-92.46914488,29229.0,10,10,0,0,10,10,18378,0,0,0,0,0
2020-05-05,US,Montana,Beaverhead,1,0,0,45.13434354,-112.8984694,30001.0,1,1,0,0,1,1,9404,0,0,0,0,0
2020-05-05,US,Montana,Big Horn,3,0,0,45.42335905,-107.492347,30003.0,3,3,0,0,3,3,13338,0,0,0,0,0
2020-05-05,US,Montana,Broadwater,4,0,0,46.33277565,-111.4955813,30007.0,4,4,0,0,4,4,6085,0,0,0,0,0
2020-05-05,US,Montana,Carbon,6,0,0,45.22850116,-109.0274047,30009.0,6,6,0,0,6,6,10714,0,0,0,0,0
2020-05-05,US,Montana,Cascade,16,2,0,47.30797024,-111.3467922,30013.0,14,16,2,0,14,15,81643,0,0,0,0,1
2020-05-05,US,Montana,Deer Lodge,3,0,0,46.05953325,-113.073353,30023.0,3,3,0,0,3,3,9131,0,0,0,0,0
2020-05-05,US,Montana,Flathead,37,2,0,48.29575866,-114.0520569,30029.0,35,37,2,0,35,37,102106,0,0,0,0,0
2020-05-05,US,Montana,Gallatin,146,1,0,45.54486106,-111.1692571,30031.0,145,146,1,0,145,146,111876,0,0,0,0,0
2020-05-05,US,Montana,Glacier,6,0,0,48.70513576,-112.9934235,30035.0,6,6,0,0,6,6,13747,0,0,0,0,0
2020-05-05,US,Montana,Golden Valley,3,0,0,46.3816474,-109.1768522,30037.0,3,3,0,0,3,3,826,0,0,0,0,0
2020-05-05,US,Montana,Hill,1,0,0,48.62879827,-110.1129252,30041.0,1,1,0,0,1,1,16347,0,0,0,0,0
2020-05-05,US,Montana,Jefferson,2,0,0,46.14907081,-112.094396,30043.0,2,2,0,0,2,2,12097,0,0,0,0,0
2020-05-05,US,Montana,Lake,5,0,0,47.64514965,-114.0898013,30047.0,5,5,0,0,5,5,30250,0,0,0,0,0
2020-05-05,US,Montana,Lewis and Clark,16,0,0,47.12610041,-112.394698,30049.0,16,16,0,0,16,16,68700,0,0,0,0,0
2020-05-05,US,Montana,Liberty,1,0,0,48.56084317,-111.024307,30051.0,1,1,0,0,1,1,2430,0,0,0,0,0
2020-05-05,US,Montana,Lincoln,7,1,0,48.54265777,-115.4046155,30053.0,6,7,1,0,6,7,19794,0,0,0,0,0
2020-05-05,US,Montana,Madison,8,1,0,45.30080065,-111.9173017,30057.0,7,8,1,0,7,8,8768,0,0,0,0,0
2020-05-05,US,Montana,Meagher,1,0,0,46.59907074,-110.8898557,30059.0,1,1,0,0,1,1,1866,0,0,0,0,0
2020-05-05,US,Montana,Missoula,39,1,0,47.03728583,-113.92135079999998,30063.0,38,39,1,0,38,39,118791,0,0,0,0,0
2020-05-05,US,Montana,Musselshell,1,0,0,46.49684637,-108.39498,30065.0,1,1,0,0,1,1,4651,0,0,0,0,0
2020-05-05,US,Montana,Park,8,0,0,45.48965095,-110.52643940000002,30067.0,8,8,0,0,8,8,16736,0,0,0,0,0
2020-05-05,US,Montana,Pondera,2,0,0,48.22773388,-112.2252703,30073.0,2,2,0,0,2,2,5972,0,0,0,0,0
2020-05-05,US,Montana,Ravalli,5,0,0,46.08520862,-114.11891640000002,30081.0,5,5,0,0,5,5,43172,0,0,0,0,0
2020-05-05,US,Montana,Richland,3,0,0,47.78668011,-104.5610786,30083.0,3,3,0,0,3,3,10913,0,0,0,0,0
2020-05-05,US,Montana,Roosevelt,7,0,0,48.29607488,-105.0079268,30085.0,7,7,0,0,7,7,11059,0,0,0,0,0
2020-05-05,US,Montana,Silver Bow,11,0,0,45.90018933,-112.6620092,30093.0,11,11,0,0,11,11,34993,0,0,0,0,0
2020-05-05,US,Montana,Stillwater,1,0,0,45.67071407,-109.3950061,30095.0,1,1,0,0,1,1,9534,0,0,0,0,0
2020-05-05,US,Montana,Toole,29,6,0,48.65577551,-111.6942414,30101.0,23,29,6,0,23,29,4853,0,0,0,0,0
2020-05-05,US,Montana,Wheatland,1,0,0,46.46652491,-109.8464636,30107.0,1,1,0,0,1,1,2236,0,0,0,0,0
2020-05-05,US,Montana,Yellowstone,83,2,0,45.93955949,-108.2691486,30111.0,81,83,2,0,81,82,160137,0,0,0,0,1
2020-05-05,US,Nebraska,Adams,204,3,0,40.52449420000001,-98.50117804,31001.0,201,204,3,0,201,203,31511,0,0,0,0,1
2020-05-05,US,Nebraska,Antelope,4,0,0,42.17695516,-98.0666283,31003.0,4,4,0,0,4,3,6336,0,0,0,0,1
2020-05-05,US,Nebraska,Boone,2,0,0,41.70759415,-98.06737183,31011.0,2,,,,,,5239,,,,,
2020-05-05,US,Nebraska,Box Butte,1,0,0,42.22079243,-103.0878834,31013.0,1,1,0,0,1,1,10772,0,0,0,0,0
2020-05-05,US,Nebraska,Buffalo,116,1,0,40.85486962,-99.07500296,31019.0,115,116,1,0,115,114,49615,0,0,0,0,2
2020-05-05,US,Nebraska,Burt,5,0,0,41.85056773,-96.32605633,31021.0,5,5,0,0,5,5,6488,0,0,0,0,0
2020-05-05,US,Nebraska,Butler,8,0,0,41.22703692,-97.13106306,31023.0,8,7,0,0,7,6,8058,1,0,0,1,1
2020-05-05,US,Nebraska,Cass,6,0,0,40.90899107,-96.13971217,31025.0,6,6,0,0,6,6,26159,0,0,0,0,0
2020-05-05,US,Nebraska,Cedar,4,0,0,42.5988851,-97.25311951,31027.0,4,4,0,0,4,4,8446,0,0,0,0,0
2020-05-05,US,Nebraska,Cherry,1,0,0,42.54502621,-101.1244332,31031.0,1,1,0,0,1,1,5761,0,0,0,0,0
2020-05-05,US,Nebraska,Cheyenne,7,0,0,41.21999357,-102.9941693,31033.0,7,7,0,0,7,7,9310,0,0,0,0,0
2020-05-05,US,Nebraska,Clay,13,0,0,40.52439441,-98.05126296,31035.0,13,13,0,0,13,12,6214,0,0,0,0,1
2020-05-05,US,Nebraska,Colfax,255,0,0,41.57486951,-97.0868542,31037.0,255,241,0,0,241,161,10881,14,0,0,14,80
2020-05-05,US,Nebraska,Cuming,10,0,0,41.91637624,-96.78730772,31039.0,10,9,0,0,9,7,8940,1,0,0,1,2
2020-05-05,US,Nebraska,Custer,26,3,0,41.39374521,-99.72805369,31041.0,23,26,3,0,23,26,10840,0,0,0,0,0
2020-05-05,US,Nebraska,Dakota,980,1,0,42.39040144,-96.56656425,31043.0,979,980,1,0,979,980,20083,0,0,0,0,0
2020-05-05,US,Nebraska,Dawson,617,0,0,40.87028216,-99.8201461,31047.0,617,552,0,0,552,543,23709,65,0,0,65,9
2020-05-05,US,Nebraska,Dixon,14,0,0,42.49188363,-96.86782408,31051.0,14,14,0,0,14,13,5709,0,0,0,0,1
2020-05-05,US,Nebraska,Dodge,124,0,0,41.58071748,-96.65598179,31053.0,124,119,0,0,119,111,36791,5,0,0,5,8
2020-05-05,US,Nebraska,Douglas,1049,14,0,41.29518299,-96.15085305,31055.0,1035,944,14,0,930,878,566880,105,0,0,105,66
2020-05-05,US,Nebraska,Fillmore,3,0,0,40.52458567,-97.59646937,31059.0,3,2,0,0,2,2,5527,1,0,0,1,0
2020-05-05,US,Nebraska,Franklin,5,0,0,40.17636348,-98.95299073,31061.0,5,5,0,0,5,5,3023,0,0,0,0,0
2020-05-05,US,Nebraska,Frontier,1,0,0,40.52993007,-100.3924658,31063.0,1,1,0,0,1,1,2608,0,0,0,0,0
2020-05-05,US,Nebraska,Furnas,4,0,0,40.17642064,-99.91247454,31065.0,4,4,0,0,4,4,4715,0,0,0,0,0
2020-05-05,US,Nebraska,Gage,39,3,0,40.26186809,-96.68946704,31067.0,36,39,3,0,36,38,21493,0,0,0,0,1
2020-05-05,US,Nebraska,Gosper,12,0,0,40.51481965,-99.83020279,31073.0,12,11,0,0,11,11,1996,1,0,0,1,0
2020-05-05,US,Nebraska,Greeley,2,0,0,41.56742671,-98.52150266,31077.0,2,2,0,0,2,2,2356,0,0,0,0,0
2020-05-05,US,Nebraska,Hall,1284,28,0,40.87257079,-98.50218293,31079.0,1256,1281,28,0,1253,1256,61607,3,0,0,3,25
2020-05-05,US,Nebraska,Hamilton,45,7,0,40.87349452,-98.02099117,31081.0,38,45,7,0,38,45,9280,0,0,0,0,0
2020-05-05,US,Nebraska,Hitchcock,1,0,0,40.17609175,-101.0416477,31087.0,1,1,0,0,1,1,2806,0,0,0,0,0
2020-05-05,US,Nebraska,Holt,1,0,0,42.45522056,-98.78402558,31089.0,1,1,0,0,1,1,10178,0,0,0,0,0
2020-05-05,US,Nebraska,Howard,17,0,0,41.2200529,-98.5166499,31093.0,17,17,0,0,17,17,6468,0,0,0,0,0
2020-05-05,US,Nebraska,Jefferson,4,0,0,40.17584531,-97.142601,31095.0,4,4,0,0,4,4,7097,0,0,0,0,0
2020-05-05,US,Nebraska,Johnson,4,0,0,40.39257596,-96.26522753,31097.0,4,4,0,0,4,4,5134,0,0,0,0,0
2020-05-05,US,Nebraska,Kearney,5,0,0,40.50663314,-98.94877182,31099.0,5,4,0,0,4,4,6544,1,0,0,1,0
2020-05-05,US,Nebraska,Keith,1,0,0,41.19930341,-101.6620164,31101.0,1,1,0,0,1,1,8021,0,0,0,0,0
2020-05-05,US,Nebraska,Kimball,9,0,0,41.19774275,-103.7148131,31105.0,9,9,0,0,9,9,3618,0,0,0,0,0
2020-05-05,US,Nebraska,Knox,4,0,0,42.63758421,-97.89178836,31107.0,4,2,0,0,2,2,8419,2,0,0,2,0
2020-05-05,US,Nebraska,Lancaster,441,1,0,40.78416049,-96.68777155,31109.0,440,390,1,0,389,330,317272,51,0,0,51,60
2020-05-05,US,Nebraska,Lincoln,33,1,0,41.04658298,-100.7475374,31111.0,32,33,1,0,32,33,35185,0,0,0,0,0
2020-05-05,US,Nebraska,Madison,184,3,0,41.91676024,-97.6005481,31119.0,181,157,3,0,154,149,35392,27,0,0,27,8
2020-05-05,US,Nebraska,Merrick,19,0,0,41.16624273,-98.0374887,31121.0,19,19,0,0,19,19,7733,0,0,0,0,0
2020-05-05,US,Nebraska,Morrill,3,0,0,41.71711774,-103.0061405,31123.0,3,3,0,0,3,1,4686,0,0,0,0,2
2020-05-05,US,Nebraska,Nance,4,0,0,41.39750195,-97.99327291,31125.0,4,4,0,0,4,3,3532,0,0,0,0,1
2020-05-05,US,Nebraska,Nemaha,1,0,0,40.38514847,-95.85433992,31127.0,1,1,0,0,1,1,6958,0,0,0,0,0
2020-05-05,US,Nebraska,Otoe,3,0,0,40.64843556,-96.13374142,31131.0,3,3,0,0,3,2,15985,0,0,0,0,1
2020-05-05,US,Nebraska,Phelps,6,0,0,40.51156033,-99.41461667,31137.0,6,6,0,0,6,6,8996,0,0,0,0,0
2020-05-05,US,Nebraska,Pierce,2,0,0,42.26434853,-97.60122773,31139.0,2,2,0,0,2,1,7142,0,0,0,0,1
2020-05-05,US,Nebraska,Platte,205,0,0,41.57246836,-97.52144359,31141.0,205,185,0,0,185,157,33363,20,0,0,20,28
2020-05-05,US,Nebraska,Polk,9,0,0,41.18813488,-97.56630712,31143.0,9,9,0,0,9,9,5278,0,0,0,0,0
2020-05-05,US,Nebraska,Red Willow,4,0,0,40.17556879999999,-100.476998,31145.0,4,4,0,0,4,3,10726,0,0,0,0,1
2020-05-05,US,Nebraska,Saline,285,0,0,40.52418865,-97.14085859,31151.0,285,264,0,0,264,212,14350,21,0,0,21,52
2020-05-05,US,Nebraska,Sarpy,168,0,0,41.11314181,-96.11156432,31153.0,168,158,0,0,158,142,184459,10,0,0,10,16
2020-05-05,US,Nebraska,Saunders,11,0,0,41.2278103,-96.63773905,31155.0,11,11,0,0,11,9,21303,0,0,0,0,2
2020-05-05,US,Nebraska,Scotts Bluff,34,0,0,41.85070896,-103.7080986,31157.0,34,34,0,0,34,34,35989,0,0,0,0,0
2020-05-05,US,Nebraska,Seward,13,1,0,40.87241834,-97.139673,31159.0,12,11,1,0,10,8,17318,2,0,0,2,3
2020-05-05,US,Nebraska,Sherman,2,0,0,41.22045983,-98.97588642,31163.0,2,2,0,0,2,2,3038,0,0,0,0,0
2020-05-05,US,Nebraska,Stanton,8,0,0,41.9169835,-97.19394708,31167.0,8,7,0,0,7,5,5970,1,0,0,1,2
2020-05-05,US,Nebraska,Thurston,7,0,0,42.15725356,-96.54157099,31173.0,7,6,0,0,6,6,7303,1,0,0,1,0
2020-05-05,US,Nebraska,Unassigned,0,11,0,0.0,0.0,90031.0,-11,0,11,0,-11,0,,0,0,0,0,0
2020-05-05,US,Nebraska,Valley,1,0,0,41.56730777,-98.98197724,31175.0,1,1,0,0,1,1,4190,0,0,0,0,0
2020-05-05,US,Nebraska,Washington,22,1,0,41.52815707,-96.22019892,31177.0,21,23,1,0,22,22,20667,-1,0,0,-1,1
2020-05-05,US,Nebraska,Wayne,1,0,0,42.20934475,-97.11926964,31179.0,1,1,0,0,1,1,9403,0,0,0,0,0
2020-05-05,US,Nebraska,Webster,5,0,0,40.17642643,-98.50019851,31181.0,5,5,0,0,5,5,3533,0,0,0,0,0
2020-05-05,US,Nebraska,York,15,0,0,40.87272618,-97.59710186,31185.0,15,12,0,0,12,12,13772,3,0,0,3,0
2020-05-05,US,Nevada,Carson City,51,1,0,39.15509045,-119.7480219,32510.0,50,48,1,0,47,48,55414,3,0,0,3,0
2020-05-05,US,Nevada,Churchill,3,0,0,39.58105744,-118.3394607,32001.0,3,3,0,0,3,3,24440,0,0,0,0,0
2020-05-05,US,Nevada,Clark,4408,226,0,36.21458855,-115.0130241,32003.0,4182,4411,223,0,4188,4274,2231647,-3,3,0,-6,137
2020-05-05,US,Nevada,Douglas,22,0,0,38.912862,-119.6171333,32005.0,22,21,0,0,21,21,48467,1,0,0,1,0
2020-05-05,US,Nevada,Elko,15,1,0,41.14531606,-115.3577619,32007.0,14,15,1,0,14,15,52460,0,0,0,0,0
2020-05-05,US,Nevada,Humboldt,53,3,0,41.40692186,-118.1109427,32013.0,50,50,3,0,47,49,16786,3,0,0,3,1
2020-05-05,US,Nevada,Lander,13,0,0,39.9332233,-117.0397075,32015.0,13,13,0,0,13,7,5575,0,0,0,0,6
2020-05-05,US,Nevada,Lyon,35,0,0,39.01777974,-119.1870479,32019.0,35,35,0,0,35,34,55808,0,0,0,0,1
2020-05-05,US,Nevada,Mineral,4,0,0,38.53841696,-118.4344506,32021.0,4,4,0,0,4,4,4514,0,0,0,0,0
2020-05-05,US,Nevada,Nye,39,0,0,38.04264256,-116.4722702,32023.0,39,39,0,0,39,37,45346,0,0,0,0,2
2020-05-05,US,Nevada,Unassigned,0,3,0,0.0,0.0,90032.0,-3,0,3,0,-3,0,,0,0,0,0,0
2020-05-05,US,Nevada,Washoe,1014,36,0,40.66562265,-119.6631594,32031.0,978,988,34,0,954,977,465735,26,2,0,24,11
2020-05-05,US,Nevada,White Pine,3,0,0,39.44157041,-114.899966,32033.0,3,3,0,0,3,3,9475,0,0,0,0,0
2020-05-05,US,New Hampshire,Belknap,40,0,0,43.51637314,-71.41684235,33001.0,40,40,0,0,40,39,61022,0,0,0,0,1
2020-05-05,US,New Hampshire,Carroll,34,0,0,43.87498583,-71.20430216,33003.0,34,33,0,0,33,32,48779,1,0,0,1,1
2020-05-05,US,New Hampshire,Cheshire,41,2,0,42.92015988,-72.25311043,33005.0,39,40,2,0,38,40,76493,1,0,0,1,0
2020-05-05,US,New Hampshire,Coos,2,0,0,44.69063265,-71.30633239,33007.0,2,2,0,0,2,2,31589,0,0,0,0,0
2020-05-05,US,New Hampshire,Grafton,54,0,0,43.93779815,-71.82057197,33009.0,54,53,0,0,53,53,89786,1,0,0,1,0
2020-05-05,US,New Hampshire,Hillsborough,1181,31,0,42.91537785,-71.7200253,33011.0,1150,1157,31,0,1126,1109,415247,24,0,0,24,48
2020-05-05,US,New Hampshire,Merrimack,206,3,0,43.29662971,-71.6811573,33013.0,203,200,3,0,197,195,151132,6,0,0,6,5
2020-05-05,US,New Hampshire,Rockingham,888,16,0,42.98499744,-71.12883377,33015.0,872,878,16,0,862,862,309176,10,0,0,10,16
2020-05-05,US,New Hampshire,Strafford,163,7,0,43.291833,-71.02336013,33017.0,156,158,7,0,151,155,130090,5,0,0,5,3
2020-05-05,US,New Hampshire,Sullivan,12,1,0,43.36094111,-72.22203125,33019.0,11,12,1,0,11,12,43144,0,0,0,0,0
2020-05-05,US,New Hampshire,Unassigned,15,32,0,0.0,0.0,90033.0,-17,15,26,0,-11,19,,0,6,0,-6,-4
2020-05-05,US,New Jersey,Atlantic,1190,51,0,39.47538693,-74.65848483,34001.0,1139,1135,51,0,1084,1075,265429,55,0,0,55,60
2020-05-05,US,New Jersey,Bergen,16460,1261,0,40.96010917,-74.07164325,34003.0,15199,16282,1215,0,15067,16185,936692,178,46,0,132,97
2020-05-05,US,New Jersey,Burlington,3207,164,0,39.87681124,-74.66927768,34005.0,3043,3100,149,0,2951,3043,445384,107,15,0,92,57
2020-05-05,US,New Jersey,Camden,4251,180,0,39.80343818,-74.96388753,34007.0,4071,4073,163,0,3910,3973,507078,178,17,0,161,100
2020-05-05,US,New Jersey,Cape May,369,26,0,39.15008829,-74.80170244,34009.0,343,355,24,0,331,344,92560,14,2,0,12,11
2020-05-05,US,New Jersey,Cumberland,985,23,0,39.37199394,-75.10712559,34011.0,962,940,19,0,921,881,150972,45,4,0,41,59
2020-05-05,US,New Jersey,Essex,14840,1319,0,40.78681335,-74.24657979,34013.0,13521,14621,1292,0,13329,14521,799767,219,27,0,192,100
2020-05-05,US,New Jersey,Gloucester,1467,61,0,39.71581067,-75.13995546,34015.0,1406,1433,51,0,1382,1384,291408,34,10,0,24,49
2020-05-05,US,New Jersey,Hudson,16099,870,0,40.73766234,-74.07515667,34017.0,15229,15881,845,0,15036,15769,676061,218,25,0,193,112
2020-05-05,US,New Jersey,Hunterdon,679,38,0,40.56335249,-74.91284156,34019.0,641,665,37,0,628,661,124714,14,1,0,13,4
2020-05-05,US,New Jersey,Mercer,4743,280,0,40.28047017,-74.70479631,34021.0,4463,4594,256,0,4338,4504,369811,149,24,0,125,90
2020-05-05,US,New Jersey,Middlesex,13142,667,0,40.43629879,-74.41426991,34023.0,12475,12768,642,0,12126,12597,829685,374,25,0,349,171
2020-05-05,US,New Jersey,Monmouth,6490,398,0,40.26549699,-74.22240686,34025.0,6092,6378,385,0,5993,6290,621354,112,13,0,99,88
2020-05-05,US,New Jersey,Morris,5625,474,0,40.86095313,-74.54553709999998,34027.0,5151,5549,449,0,5100,5517,494228,76,25,0,51,32
2020-05-05,US,New Jersey,Ocean,7060,469,0,39.8895449,-74.28089251,34029.0,6591,6974,447,0,6527,6871,601651,86,22,0,64,103
2020-05-05,US,New Jersey,Passaic,13797,663,0,41.03238628,-74.29954144,34031.0,13134,13496,633,0,12863,13364,503310,301,30,0,271,132
2020-05-05,US,New Jersey,Salem,347,15,0,39.58719656,-75.34696629999998,34033.0,332,312,14,0,298,270,62607,35,1,0,34,42
2020-05-05,US,New Jersey,Somerset,3820,306,0,40.56465737,-74.61683016,34035.0,3514,3753,298,0,3455,3703,331164,67,8,0,59,50
2020-05-05,US,New Jersey,Sussex,987,120,0,41.13891592,-74.69118243,34037.0,867,979,116,0,863,969,140799,8,4,0,4,10
2020-05-05,US,New Jersey,Unassigned,550,0,0,0.0,0.0,90034.0,550,647,0,0,647,641,,-97,0,0,-97,6
2020-05-05,US,New Jersey,Union,13503,768,0,40.65835409,-74.30680092,34039.0,12735,13357,737,0,12620,13225,558067,146,31,0,115,132
2020-05-05,US,New Jersey,Warren,982,91,0,40.85951833,-74.99556527,34041.0,891,977,87,0,890,957,105779,5,4,0,1,20
2020-05-05,US,New Mexico,Bernalillo,963,42,0,35.05163625,-106.6703554,35001.0,921,944,40,0,904,920,678701,19,2,0,17,24
2020-05-05,US,New Mexico,Catron,1,1,0,33.91514144,-108.4046587,35003.0,0,1,1,0,0,1,3578,0,0,0,0,0
2020-05-05,US,New Mexico,Chaves,25,1,0,33.36406072,-104.4665365,35005.0,24,24,1,0,23,23,64689,1,0,0,1,1
2020-05-05,US,New Mexico,Cibola,74,3,0,34.91131525,-107.998876,35006.0,71,69,3,0,66,68,26746,5,0,0,5,1
2020-05-05,US,New Mexico,Colfax,5,0,0,36.60569702,-104.64726740000002,35007.0,5,5,0,0,5,5,12110,0,0,0,0,0
2020-05-05,US,New Mexico,Curry,20,0,0,34.57421077,-103.3468876,35009.0,20,19,0,0,19,18,49437,1,0,0,1,1
2020-05-05,US,New Mexico,De Baca,1,0,0,34.34274529,-104.4117842,35011.0,1,1,0,0,1,,1781,0,0,0,0,
2020-05-05,US,New Mexico,Dona Ana,173,2,0,32.35275771,-106.83293870000001,35013.0,171,170,2,0,168,159,217522,3,0,0,3,11
2020-05-05,US,New Mexico,Eddy,13,1,0,32.47167456,-104.3053527,35015.0,12,13,1,0,12,13,57900,0,0,0,0,0
2020-05-05,US,New Mexico,Grant,15,0,0,32.73911281,-108.3827845,35017.0,15,15,0,0,15,16,27346,0,0,0,0,-1
2020-05-05,US,New Mexico,Guadalupe,15,0,0,34.86319296,-104.790669,35019.0,15,15,0,0,15,15,4341,0,0,0,0,0
2020-05-05,US,New Mexico,Harding,1,0,0,35.85751555,-103.8220938,35021.0,1,1,0,0,1,1,655,0,0,0,0,0
2020-05-05,US,New Mexico,Lea,12,0,0,32.79215361,-103.4123733,35025.0,12,12,0,0,12,12,69611,0,0,0,0,0
2020-05-05,US,New Mexico,Lincoln,2,0,0,33.74526079,-105.4586166,35027.0,2,2,0,0,2,2,19556,0,0,0,0,0
2020-05-05,US,New Mexico,Los Alamos,6,0,0,35.86631386,-106.3134985,35028.0,6,6,0,0,6,6,19101,0,0,0,0,0
2020-05-05,US,New Mexico,Luna,7,1,0,32.18179341,-107.75088259999998,35029.0,6,7,1,0,6,7,23963,0,0,0,0,0
2020-05-05,US,New Mexico,McKinley,1274,25,0,35.58007720000001,-108.262245,35031.0,1249,1233,21,0,1212,1144,72290,41,4,0,37,89
2020-05-05,US,New Mexico,Otero,8,0,0,32.61348406,-105.7417604,35035.0,8,8,0,0,8,6,66781,0,0,0,0,2
2020-05-05,US,New Mexico,Quay,4,1,0,35.10403332,-103.5481727,35037.0,3,4,1,0,3,4,8253,0,0,0,0,0
2020-05-05,US,New Mexico,Rio Arriba,24,0,0,36.51072137,-106.6931674,35039.0,24,24,0,0,24,24,39006,0,0,0,0,0
2020-05-05,US,New Mexico,Roosevelt,10,0,0,34.02097406,-103.4799493,35041.0,10,10,0,0,10,10,18743,0,0,0,0,0
2020-05-05,US,New Mexico,San Juan,806,62,0,36.50838318,-108.320437,35045.0,744,781,57,0,724,736,125043,25,5,0,20,45
2020-05-05,US,New Mexico,San Miguel,3,0,0,35.48014807,-104.8163562,35047.0,3,2,0,0,2,2,27591,1,0,0,1,0
2020-05-05,US,New Mexico,Sandoval,426,20,0,35.68862401,-106.8687803,35043.0,406,421,19,0,402,416,145179,5,1,0,4,5
2020-05-05,US,New Mexico,Santa Fe,108,0,0,35.50708973,-105.9774716,35049.0,108,108,0,0,108,107,150056,0,0,0,0,1
2020-05-05,US,New Mexico,Sierra,1,0,0,33.13028233,-107.1925893,35051.0,1,1,0,0,1,1,10968,0,0,0,0,0
2020-05-05,US,New Mexico,Socorro,48,2,0,34.00715494,-106.9298354,35053.0,46,46,2,0,44,45,16735,2,0,0,2,1
2020-05-05,US,New Mexico,Taos,20,0,0,36.58006022,-105.6310198,35055.0,20,20,0,0,20,20,32835,0,0,0,0,0
2020-05-05,US,New Mexico,Torrance,17,0,0,34.64048375,-105.8508949,35057.0,17,16,0,0,16,16,15591,1,0,0,1,0
2020-05-05,US,New Mexico,Union,3,0,0,36.48126404,-103.4709624,35059.0,3,3,0,0,3,3,4118,0,0,0,0,0
2020-05-05,US,New Mexico,Valencia,53,1,0,34.71669834,-106.8103733,35061.0,52,50,1,0,49,50,76456,3,0,0,3,0
2020-05-05,US,New York,Albany,1294,49,0,42.60060306,-73.97723916,36001.0,1245,1287,49,0,1238,1258,307117,7,0,0,7,29
2020-05-05,US,New York,Allegany,35,0,0,42.25748406,-78.02750466,36003.0,35,35,0,0,35,35,46430,0,0,0,0,0
2020-05-05,US,New York,Broome,338,22,0,42.15903158,-75.81326086,36007.0,316,334,22,0,312,327,191659,4,0,0,4,7
2020-05-05,US,New York,Cattaraugus,53,0,0,42.24778241,-78.67923096,36009.0,53,53,0,0,53,53,76840,0,0,0,0,0
2020-05-05,US,New York,Cayuga,51,1,0,42.91261714,-76.55731592,36011.0,50,51,1,0,50,51,77145,0,0,0,0,0
2020-05-05,US,New York,Chautauqua,37,4,0,42.22769210000001,-79.36691763,36013.0,33,37,4,0,33,36,127939,0,0,0,0,1
2020-05-05,US,New York,Chemung,126,1,0,42.13891056,-76.7638805,36015.0,125,126,1,0,125,125,84254,0,0,0,0,1
2020-05-05,US,New York,Chenango,100,0,0,42.49430041,-75.60887553,36017.0,100,100,0,0,100,99,47536,0,0,0,0,1
2020-05-05,US,New York,Clinton,69,4,0,44.74530905,-73.67875352,36019.0,65,68,4,0,64,66,80695,1,0,0,1,2
2020-05-05,US,New York,Columbia,229,16,0,42.24819348,-73.63089095,36021.0,213,213,16,0,197,209,59916,16,0,0,16,4
2020-05-05,US,New York,Cortland,28,0,0,42.59509207,-76.07048931,36023.0,28,28,0,0,28,28,47823,0,0,0,0,0
2020-05-05,US,New York,Delaware,62,4,0,42.19837623,-74.96709306,36025.0,58,62,4,0,58,61,44527,0,0,0,0,1
2020-05-05,US,New York,Dutchess,3151,40,0,41.76486060000001,-73.74356679,36027.0,3111,3131,40,0,3091,3086,293718,20,0,0,20,45
2020-05-05,US,New York,Erie,3891,308,0,42.76249024,-78.73063652,36029.0,3583,3802,283,0,3519,3710,919719,89,25,0,64,92
2020-05-05,US,New York,Essex,30,0,0,44.11630765,-73.77297842,36031.0,30,29,0,0,29,29,37300,1,0,0,1,0
2020-05-05,US,New York,Franklin,16,0,0,44.59040891,-74.29926032,36033.0,16,16,0,0,16,15,50293,0,0,0,0,1
2020-05-05,US,New York,Fulton,97,0,0,43.11363907,-74.41798804,36035.0,97,84,0,0,84,82,53591,13,0,0,13,2
2020-05-05,US,New York,Genesee,159,3,0,43.0022601,-78.19135193,36037.0,156,159,3,0,156,155,57511,0,0,0,0,4
2020-05-05,US,New York,Greene,166,10,0,42.275797,-74.12384884,36039.0,156,154,10,0,144,151,47491,12,0,0,12,3
2020-05-05,US,New York,Hamilton,3,0,0,43.66146647,-74.49721957,36041.0,3,3,0,0,3,3,4434,0,0,0,0,0
2020-05-05,US,New York,Herkimer,67,3,0,43.42034246,-74.96145307,36043.0,64,63,3,0,60,62,61833,4,0,0,4,1
2020-05-05,US,New York,Jefferson,63,0,0,44.04200959,-75.94653457,36045.0,63,63,0,0,63,62,111755,0,0,0,0,1
2020-05-05,US,New York,Lewis,9,0,0,43.7844157,-75.44903992,36049.0,9,9,0,0,9,9,26447,0,0,0,0,0
2020-05-05,US,New York,Livingston,86,6,0,42.72596275,-77.77966158,36051.0,80,85,6,0,79,83,63227,1,0,0,1,2
2020-05-05,US,New York,Madison,223,6,0,42.91653905,-75.67266639,36053.0,217,217,6,0,211,151,70795,6,0,0,6,66
2020-05-05,US,New York,Monroe,1623,128,0,43.14638895,-77.69322942,36055.0,1495,1595,128,0,1467,1566,742474,28,0,0,28,29
2020-05-05,US,New York,Montgomery,61,1,0,42.90123494,-74.44011632,36057.0,60,56,1,0,55,56,49455,5,0,0,5,0
2020-05-05,US,New York,Nassau,37152,1818,0,40.74066522,-73.58941873,36059.0,35334,36965,1792,0,35173,36780,1358343,187,26,0,161,185
2020-05-05,US,New York,New York City,176874,19067,0,40.76727260000001,-73.97152637,36061.0,157807,175651,19057,0,156594,174331,1628701,1223,10,0,1213,1320
2020-05-05,US,New York,Niagara,508,28,0,43.19898042,-78.74777412,36063.0,480,493,28,0,465,474,210433,15,0,0,15,19
2020-05-05,US,New York,Oneida,574,18,0,43.24375382,-75.43710392,36065.0,556,550,18,0,532,489,229577,24,0,0,24,61
2020-05-05,US,New York,Onondaga,1002,37,0,43.00491923,-76.19971155,36067.0,965,971,37,0,934,952,461809,31,0,0,31,19
2020-05-05,US,New York,Ontario,97,9,0,42.85145728,-77.30874425,36069.0,88,96,9,0,87,95,109864,1,0,0,1,1
2020-05-05,US,New York,Orange,9144,354,0,41.40337468,-74.30240757,36071.0,8790,9015,343,0,8672,8967,381951,129,11,0,118,48
2020-05-05,US,New York,Orleans,99,14,0,43.2516977,-78.2320066,36073.0,85,97,14,0,83,97,40612,2,0,0,2,0
2020-05-05,US,New York,Oswego,68,3,0,43.42778894,-76.14635194,36075.0,65,67,3,0,64,66,117898,1,0,0,1,1
2020-05-05,US,New York,Otsego,67,4,0,42.63492579,-75.03151402,36077.0,63,67,4,0,63,67,59749,0,0,0,0,0
2020-05-05,US,New York,Putnam,1031,7,0,41.42630093,-73.74965532,36079.0,1024,1026,7,0,1019,1013,98892,5,0,0,5,13
2020-05-05,US,New York,Rensselaer,339,23,0,42.71348136,-73.51089874,36083.0,316,337,23,0,314,322,159442,2,0,0,2,15
2020-05-05,US,New York,Rockland,12144,551,0,41.15027894,-74.02560498,36087.0,11593,12095,536,0,11559,12025,325695,49,15,0,34,70
2020-05-05,US,New York,Saratoga,368,11,0,43.10904162,-73.86653895,36091.0,357,367,11,0,356,363,230163,1,0,0,1,4
2020-05-05,US,New York,Schenectady,537,28,0,42.81668777,-74.05278291,36093.0,509,535,28,0,507,527,155350,2,0,0,2,8
2020-05-05,US,New York,Schoharie,45,0,0,42.58831742,-74.44339029999998,36095.0,45,45,0,0,45,45,31097,0,0,0,0,0
2020-05-05,US,New York,Schuyler,7,0,0,42.39184015,-76.8773299,36097.0,7,7,0,0,7,7,17912,0,0,0,0,0
2020-05-05,US,New York,Seneca,46,0,0,42.78081007,-76.82497064,36099.0,46,45,0,0,45,45,34300,1,0,0,1,0
2020-05-05,US,New York,St. Lawrence,178,0,0,44.4976179,-75.06550039,36089.0,178,178,0,0,178,177,108047,0,0,0,0,1
2020-05-05,US,New York,Steuben,221,37,0,42.2689144,-77.3829924,36101.0,184,219,37,0,182,218,95796,2,0,0,2,1
2020-05-05,US,New York,Suffolk,35275,1296,0,40.88320119,-72.8012172,36103.0,33979,35077,1273,0,33804,34855,1481093,198,23,0,175,222
2020-05-05,US,New York,Sullivan,984,23,0,41.71579493,-74.76394559,36105.0,961,976,23,0,953,951,75498,8,0,0,8,25
2020-05-05,US,New York,Tioga,92,14,0,42.16852837,-76.30835812,36107.0,78,90,14,0,76,90,48560,2,0,0,2,0
2020-05-05,US,New York,Tompkins,129,0,0,42.44945765,-76.47229843,36109.0,129,129,0,0,129,129,102793,0,0,0,0,0
2020-05-05,US,New York,Ulster,1357,44,0,41.89027881,-74.26252104,36111.0,1313,1354,44,0,1310,1341,178599,3,0,0,3,13
2020-05-05,US,New York,Warren,192,0,0,43.56173026,-73.8433699,36113.0,192,192,0,0,192,188,64265,0,0,0,0,4
2020-05-05,US,New York,Washington,188,8,0,43.31153794,-73.43043448,36115.0,180,188,8,0,180,186,61197,0,0,0,0,2
2020-05-05,US,New York,Wayne,78,2,0,43.15494365,-77.02976528,36117.0,76,76,2,0,74,75,90064,2,0,0,2,1
2020-05-05,US,New York,Westchester,30240,1116,0,41.16278376,-73.75741653,36119.0,29124,30097,1101,0,28996,29884,967612,143,15,0,128,213
2020-05-05,US,New York,Wyoming,70,5,0,42.70145109,-78.22199579,36121.0,65,69,5,0,64,69,40085,1,0,0,1,0
2020-05-05,US,New York,Yates,19,1,0,42.63505484,-77.10369919,36123.0,18,19,1,0,18,19,24841,0,0,0,0,0
2020-05-05,US,North Carolina,Alamance,128,3,0,36.0434701,-79.39976137,37001.0,125,128,2,0,126,124,166436,0,1,0,-1,4
2020-05-05,US,North Carolina,Alexander,5,0,0,35.922379600000006,-81.17751948,37003.0,5,4,0,0,4,4,37353,1,0,0,1,0
2020-05-05,US,North Carolina,Alleghany,6,0,0,36.49360862,-81.12857041,37005.0,6,6,0,0,6,6,11161,0,0,0,0,0
2020-05-05,US,North Carolina,Anson,30,0,0,34.97403241,-80.09953279,37007.0,30,30,0,0,30,30,24877,0,0,0,0,0
2020-05-05,US,North Carolina,Ashe,5,0,0,36.43296207,-81.49862729,37009.0,5,5,0,0,5,5,27109,0,0,0,0,0
2020-05-05,US,North Carolina,Beaufort,22,0,0,35.48531943,-76.84325809,37013.0,22,22,0,0,22,22,47079,0,0,0,0,0
2020-05-05,US,North Carolina,Bertie,51,2,0,36.0688473,-76.96545943,37015.0,49,48,2,0,46,47,19026,3,0,0,3,1
2020-05-05,US,North Carolina,Bladen,34,0,0,34.61296243,-78.56180059,37017.0,34,29,0,0,29,27,33190,5,0,0,5,2
2020-05-05,US,North Carolina,Brunswick,50,2,0,34.070565,-78.22814204,37019.0,48,47,2,0,45,44,136744,3,0,0,3,3
2020-05-05,US,North Carolina,Buncombe,78,5,0,35.61113393,-82.53305,37021.0,73,77,5,0,72,73,259103,1,0,0,1,4
2020-05-05,US,North Carolina,Burke,117,9,0,35.74989637,-81.70755735,37023.0,108,112,9,0,103,110,90382,5,0,0,5,2
2020-05-05,US,North Carolina,Cabarrus,320,15,0,35.3877799,-80.55267168,37025.0,305,317,13,0,304,313,211342,3,2,0,1,4
2020-05-05,US,North Carolina,Caldwell,45,0,0,35.95204977,-81.54799522,37027.0,45,38,0,0,38,36,82029,7,0,0,7,2
2020-05-05,US,North Carolina,Camden,2,0,0,36.33804939,-76.15568396,37029.0,2,2,0,0,2,2,10710,0,0,0,0,0
2020-05-05,US,North Carolina,Carteret,29,3,0,34.8932941,-76.54120135,37031.0,26,29,3,0,26,29,69524,0,0,0,0,0
2020-05-05,US,North Carolina,Caswell,34,0,0,36.39312665,-79.33353281,37033.0,34,32,0,0,32,32,22698,2,0,0,2,0
2020-05-05,US,North Carolina,Catawba,65,1,0,35.66211129,-81.2132617,37035.0,64,60,1,0,59,56,158652,5,0,0,5,4
2020-05-05,US,North Carolina,Chatham,403,11,0,35.70394416,-79.25541492,37037.0,392,383,10,0,373,378,73139,20,1,0,19,5
2020-05-05,US,North Carolina,Cherokee,19,1,0,35.1349263,-84.05970864,37039.0,18,19,1,0,18,19,28383,0,0,0,0,0
2020-05-05,US,North Carolina,Chowan,7,0,0,36.12908077,-76.60118385,37041.0,7,7,0,0,7,7,14029,0,0,0,0,0
2020-05-05,US,North Carolina,Clay,6,0,0,35.05704275,-83.74353633,37043.0,6,6,0,0,6,6,11139,0,0,0,0,0
2020-05-05,US,North Carolina,Cleveland,48,2,0,35.33553364,-81.55204486,37045.0,46,47,2,0,45,47,97645,1,0,0,1,0
2020-05-05,US,North Carolina,Columbus,167,11,0,34.26744084,-78.65801424,37047.0,156,167,10,0,157,166,55655,0,1,0,-1,1
2020-05-05,US,North Carolina,Craven,44,4,0,35.11833364,-77.08398081,37049.0,40,44,4,0,40,42,102912,0,0,0,0,2
2020-05-05,US,North Carolina,Cumberland,320,8,0,35.04762133,-78.82623165,37051.0,312,289,8,0,281,289,332330,31,0,0,31,0
2020-05-05,US,North Carolina,Currituck,5,0,0,36.36123664,-75.95876401,37053.0,5,5,0,0,5,5,27072,0,0,0,0,0
2020-05-05,US,North Carolina,Dare,18,1,0,35.66520691,-75.71767334,37055.0,17,15,1,0,14,15,36501,3,0,0,3,0
2020-05-05,US,North Carolina,Davidson,183,10,0,35.79115496,-80.21256572,37057.0,173,180,9,0,171,180,166614,3,1,0,2,0
2020-05-05,US,North Carolina,Davie,31,2,0,35.93099927,-80.54496571,37059.0,29,31,2,0,29,31,42733,0,0,0,0,0
2020-05-05,US,North Carolina,Duplin,132,2,0,34.93449805,-77.93140529,37061.0,130,120,1,0,119,115,58856,12,1,0,11,5
2020-05-05,US,North Carolina,Durham,800,28,0,36.03638492,-78.87608331,37063.0,772,767,24,0,743,767,316739,33,4,0,29,0
2020-05-05,US,North Carolina,Edgecombe,123,5,0,35.91230639,-77.59436892,37065.0,118,113,5,0,108,105,52005,10,0,0,10,8
2020-05-05,US,North Carolina,Forsyth,287,5,0,36.12859861,-80.25459052,37067.0,282,271,5,0,266,267,379099,16,0,0,16,4
2020-05-05,US,North Carolina,Franklin,106,22,0,36.081519,-78.28708884,37069.0,84,105,22,0,83,105,67560,1,0,0,1,0
2020-05-05,US,North Carolina,Gaston,152,3,0,35.29373559,-81.17477045,37071.0,149,152,3,0,149,150,222846,0,0,0,0,2
2020-05-05,US,North Carolina,Gates,9,0,0,36.44667547,-76.69749701,37073.0,9,9,0,0,9,9,11573,0,0,0,0,0
2020-05-05,US,North Carolina,Graham,2,0,0,35.3506925,-83.83369267,37075.0,2,2,0,0,2,2,8484,0,0,0,0,0
2020-05-05,US,North Carolina,Granville,160,6,0,36.30337451,-78.65184241,37077.0,154,160,6,0,154,159,60115,0,0,0,0,1
2020-05-05,US,North Carolina,Greene,22,0,0,35.48544173,-77.67578087,37079.0,22,22,0,0,22,19,21012,0,0,0,0,3
2020-05-05,US,North Carolina,Guilford,464,33,0,36.07959451,-79.78824948,37081.0,431,443,31,0,412,439,533670,21,2,0,19,4
2020-05-05,US,North Carolina,Halifax,69,1,0,36.25669272,-77.6556109,37083.0,68,64,1,0,63,62,50574,5,0,0,5,2
2020-05-05,US,North Carolina,Harnett,188,9,0,35.36731853,-78.87243571,37085.0,179,182,8,0,174,174,134214,6,1,0,5,8
2020-05-05,US,North Carolina,Haywood,18,0,0,35.55269063,-82.98196486,37087.0,18,17,0,0,17,12,61971,1,0,0,1,5
2020-05-05,US,North Carolina,Henderson,210,21,0,35.33788927,-82.4766782,37089.0,189,203,21,0,182,201,116748,7,0,0,7,2
2020-05-05,US,North Carolina,Hertford,45,1,0,36.3607755,-76.98104134,37091.0,44,44,1,0,43,42,23659,1,0,0,1,2
2020-05-05,US,North Carolina,Hoke,101,0,0,35.01888303,-79.23651674,37093.0,101,97,0,0,97,97,54764,4,0,0,4,0
2020-05-05,US,North Carolina,Hyde,1,0,0,35.42017674,-76.15180542,37095.0,1,1,0,0,1,1,5230,0,0,0,0,0
2020-05-05,US,North Carolina,Iredell,131,6,0,35.80950511,-80.8743128,37097.0,125,120,6,0,114,119,178435,11,0,0,11,1
2020-05-05,US,North Carolina,Jackson,20,0,0,35.28814273,-83.14093385,37099.0,20,16,0,0,16,16,43327,4,0,0,4,0
2020-05-05,US,North Carolina,Johnston,187,17,0,35.51745004,-78.36622717,37101.0,170,174,15,0,159,174,202675,13,2,0,11,0
2020-05-05,US,North Carolina,Jones,18,2,0,35.02254606,-77.35870791,37103.0,16,18,2,0,16,18,9637,0,0,0,0,0
2020-05-05,US,North Carolina,Lee,207,0,0,35.47623147,-79.17569362,37105.0,207,202,0,0,202,198,61452,5,0,0,5,4
2020-05-05,US,North Carolina,Lenoir,92,4,0,35.24032589999999,-77.64245615,37107.0,88,84,4,0,80,82,55976,8,0,0,8,2
2020-05-05,US,North Carolina,Lincoln,35,0,0,35.48508185,-81.21740317,37109.0,35,32,0,0,32,28,83770,3,0,0,3,4
2020-05-05,US,North Carolina,Macon,3,1,0,35.14867843,-83.41696617,37113.0,2,3,1,0,2,3,35285,0,0,0,0,0
2020-05-05,US,North Carolina,Madison,1,0,0,35.85402722,-82.71346418,37115.0,1,1,0,0,1,1,21763,0,0,0,0,0
2020-05-05,US,North Carolina,Martin,21,1,0,35.84326734,-77.10860251,37117.0,20,21,1,0,20,20,22671,0,0,0,0,1
2020-05-05,US,North Carolina,McDowell,28,1,0,35.67736232,-82.0482425,37111.0,27,27,1,0,26,27,45507,1,0,0,1,0
2020-05-05,US,North Carolina,Mecklenburg,1787,57,0,35.24469268,-80.8317671,37119.0,1730,1734,51,0,1683,1724,1093901,53,6,0,47,10
2020-05-05,US,North Carolina,Mitchell,5,0,0,36.01059309,-82.1582442,37121.0,5,5,0,0,5,5,15000,0,0,0,0,0
2020-05-05,US,North Carolina,Montgomery,38,2,0,35.33155144,-79.90416657,37123.0,36,38,2,0,36,38,27271,0,0,0,0,0
2020-05-05,US,North Carolina,Moore,147,6,0,35.30885257,-79.48474178,37125.0,141,140,6,0,134,125,98682,7,0,0,7,15
2020-05-05,US,North Carolina,Nash,103,3,0,35.96575634,-77.98422508,37127.0,100,100,3,0,97,99,94016,3,0,0,3,1
2020-05-05,US,North Carolina,New Hanover,91,3,0,34.25758282,-77.87075626,37129.0,88,89,3,0,86,79,232274,2,0,0,2,10
2020-05-05,US,North Carolina,Northampton,93,5,0,36.41736238,-77.39769443,37131.0,88,92,5,0,87,89,19676,1,0,0,1,3
2020-05-05,US,North Carolina,Onslow,51,2,0,34.72607366,-77.42908179,37133.0,49,51,2,0,49,51,197683,0,0,0,0,0
2020-05-05,US,North Carolina,Orange,230,18,0,36.06092947,-79.12167935,37135.0,212,229,18,0,211,226,146027,1,0,0,1,3
2020-05-05,US,North Carolina,Pamlico,8,0,0,35.15253315,-76.66559823,37137.0,8,8,0,0,8,8,12670,0,0,0,0,0
2020-05-05,US,North Carolina,Pasquotank,38,1,0,36.26723798,-76.25134778,37139.0,37,37,1,0,36,37,39639,1,0,0,1,0
2020-05-05,US,North Carolina,Pender,17,1,0,34.52265624,-77.90352133,37141.0,16,17,1,0,16,16,62162,0,0,0,0,1
2020-05-05,US,North Carolina,Perquimans,14,0,0,36.17847453,-76.40603143,37143.0,14,14,0,0,14,14,13422,0,0,0,0,0
2020-05-05,US,North Carolina,Person,23,1,0,36.38989032,-78.97217358,37145.0,22,23,0,0,23,23,39507,0,1,0,-1,0
2020-05-05,US,North Carolina,Pitt,144,2,0,35.59535426,-77.37353178,37147.0,142,135,2,0,133,129,179914,9,0,0,9,6
2020-05-05,US,North Carolina,Polk,26,0,0,35.27820615,-82.16812354,37149.0,26,25,0,0,25,25,20611,1,0,0,1,0
2020-05-05,US,North Carolina,Randolph,255,4,0,35.71015088,-79.80570339,37151.0,251,242,3,0,239,238,143351,13,1,0,12,4
2020-05-05,US,North Carolina,Richmond,61,2,0,35.00417719,-79.74491009,37153.0,59,58,2,0,56,57,44887,3,0,0,3,1
2020-05-05,US,North Carolina,Robeson,281,3,0,34.64244496,-79.10250529999998,37155.0,278,204,3,0,201,201,131831,77,0,0,77,3
2020-05-05,US,North Carolina,Rockingham,30,2,0,36.39593137,-79.77504841,37157.0,28,27,2,0,25,26,90690,3,0,0,3,1
2020-05-05,US,North Carolina,Rowan,417,25,0,35.64003916,-80.52446628,37159.0,392,392,25,0,367,388,141262,25,0,0,25,4
2020-05-05,US,North Carolina,Rutherford,147,6,0,35.40114178,-81.92112099,37161.0,141,147,6,0,141,145,66826,0,0,0,0,2
2020-05-05,US,North Carolina,Sampson,100,1,0,34.98820368,-78.36914061,37163.0,99,88,0,0,88,88,63626,12,1,0,11,0
2020-05-05,US,North Carolina,Scotland,30,0,0,34.8386299,-79.4757978,37165.0,30,30,0,0,30,29,34810,0,0,0,0,1
2020-05-05,US,North Carolina,Stanly,30,4,0,35.31647813,-80.25093221,37167.0,26,30,4,0,26,29,62075,0,0,0,0,1
2020-05-05,US,North Carolina,Stokes,11,0,0,36.4017975,-80.23893369,37169.0,11,11,0,0,11,11,45467,0,0,0,0,0
2020-05-05,US,North Carolina,Surry,20,0,0,36.41689489,-80.69102283,37171.0,20,17,0,0,17,17,71948,3,0,0,3,0
2020-05-05,US,North Carolina,Swain,4,0,0,35.48665845,-83.48748932,37173.0,4,4,0,0,4,4,14245,0,0,0,0,0
2020-05-05,US,North Carolina,Transylvania,8,0,0,35.20383864,-82.79638423,37175.0,8,8,0,0,8,8,34215,0,0,0,0,0
2020-05-05,US,North Carolina,Tyrrell,4,0,0,35.87147226,-76.17055253,37177.0,4,4,0,0,4,4,4131,0,0,0,0,0
2020-05-05,US,North Carolina,Union,271,13,0,34.98960527,-80.52955873,37179.0,258,263,12,0,251,263,235908,8,1,0,7,0
2020-05-05,US,North Carolina,Vance,119,8,0,36.36880673,-78.40670845,37181.0,111,113,7,0,106,113,44582,6,1,0,5,0
2020-05-05,US,North Carolina,Wake,928,21,0,35.78879266,-78.65249174,37183.0,907,891,19,0,872,887,1092305,37,2,0,35,4
2020-05-05,US,North Carolina,Warren,17,0,0,36.39728256,-78.10652228,37185.0,17,17,0,0,17,16,19807,0,0,0,0,1
2020-05-05,US,North Carolina,Washington,25,3,0,35.83810081,-76.57299037,37187.0,22,25,3,0,22,24,11859,0,0,0,0,1
2020-05-05,US,North Carolina,Watauga,9,0,0,36.23103603,-81.70033724,37189.0,9,9,0,0,9,9,55945,0,0,0,0,0
2020-05-05,US,North Carolina,Wayne,688,12,0,35.36438125,-78.00027268,37191.0,676,685,11,0,674,677,123248,3,1,0,2,8
2020-05-05,US,North Carolina,Wilkes,128,1,0,36.2084135,-81.16232895,37193.0,127,115,1,0,114,92,68557,13,0,0,13,23
2020-05-05,US,North Carolina,Wilson,182,7,0,35.70625477,-77.917978,37195.0,175,180,7,0,173,175,81455,2,0,0,2,5
2020-05-05,US,North Carolina,Yadkin,25,1,0,36.16222629,-80.66239436,37197.0,24,24,1,0,23,23,37543,1,0,0,1,1
2020-05-05,US,North Carolina,Yancey,1,0,0,35.90079156,-82.31237181,37199.0,1,1,0,0,1,1,17903,0,0,0,0,0
2020-05-05,US,North Dakota,Barnes,4,0,0,46.93579637,-98.06605978,38003.0,4,4,0,0,4,4,10542,0,0,0,0,0
2020-05-05,US,North Dakota,Bowman,1,0,0,46.11285362,-103.5203343,38011.0,1,1,0,0,1,1,3076,0,0,0,0,0
2020-05-05,US,North Dakota,Burke,5,0,0,48.79094471,-102.5182117,38013.0,5,3,0,0,3,3,2100,2,0,0,2,0
2020-05-05,US,North Dakota,Burleigh,92,0,0,46.97847375,-100.4645214,38015.0,92,83,0,0,83,80,95273,9,0,0,9,3
2020-05-05,US,North Dakota,Cass,643,12,0,46.93201724,-97.2444719,38017.0,631,630,12,0,618,605,181516,13,0,0,13,25
2020-05-05,US,North Dakota,Divide,1,0,0,48.814938700000006,-103.4873611,38023.0,1,1,0,0,1,1,2283,0,0,0,0,0
2020-05-05,US,North Dakota,Dunn,11,0,0,47.35423935,-102.6160468,38025.0,11,11,0,0,11,11,4332,0,0,0,0,0
2020-05-05,US,North Dakota,Eddy,1,0,0,47.71701474,-98.90432337,38027.0,1,1,0,0,1,1,2313,0,0,0,0,0
2020-05-05,US,North Dakota,Emmons,1,1,0,46.28398398,-100.2389766,38029.0,0,1,1,0,0,1,3295,0,0,0,0,0
2020-05-05,US,North Dakota,Foster,1,0,0,47.4571084,-98.88279923,38031.0,1,1,0,0,1,1,3216,0,0,0,0,0
2020-05-05,US,North Dakota,Grand Forks,270,0,0,47.92093639,-97.45450447,38035.0,270,269,0,0,269,267,70770,1,0,0,1,2
2020-05-05,US,North Dakota,Grant,1,0,0,46.35821257,-101.6390013,38037.0,1,1,0,0,1,1,2374,0,0,0,0,0
2020-05-05,US,North Dakota,McHenry,1,1,0,48.23104458,-100.6324822,38049.0,0,1,1,0,0,1,5816,0,0,0,0,0
2020-05-05,US,North Dakota,McIntosh,1,0,0,46.11182017,-99.44145858,38051.0,1,1,0,0,1,1,2585,0,0,0,0,0
2020-05-05,US,North Dakota,McKenzie,13,0,0,47.74133370000001,-103.395905,38053.0,13,13,0,0,13,13,13632,0,0,0,0,0
2020-05-05,US,North Dakota,McLean,5,0,0,47.60766714,-101.3182418,38055.0,5,5,0,0,5,5,9541,0,0,0,0,0
2020-05-05,US,North Dakota,Mercer,3,0,0,47.31213126,-101.8318399,38057.0,3,,,,,,8267,,,,,
2020-05-05,US,North Dakota,Morton,35,2,0,46.71681782,-101.2822377,38059.0,33,26,2,0,24,24,31095,9,0,0,9,2
2020-05-05,US,North Dakota,Mountrail,35,0,0,48.20197971,-102.3555315,38061.0,35,35,0,0,35,35,10218,0,0,0,0,0
2020-05-05,US,North Dakota,Nelson,1,0,0,47.9226426,-98.19038437,38063.0,1,1,0,0,1,1,2869,0,0,0,0,0
2020-05-05,US,North Dakota,Oliver,1,0,0,47.11530482,-101.3406158,38065.0,1,1,0,0,1,1,1952,0,0,0,0,0
2020-05-05,US,North Dakota,Pembina,4,0,0,48.76623521,-97.5523809,38067.0,4,3,0,0,3,3,6947,1,0,0,1,0
2020-05-05,US,North Dakota,Pierce,2,0,0,48.24977025,-99.96407787,38069.0,2,2,0,0,2,2,4081,0,0,0,0,0
2020-05-05,US,North Dakota,Ramsey,3,0,0,48.26886249,-98.72223879,38071.0,3,3,0,0,3,3,11481,0,0,0,0,0
2020-05-05,US,North Dakota,Ransom,1,0,0,46.45621782,-97.65742504,38073.0,1,1,0,0,1,1,5237,0,0,0,0,0
2020-05-05,US,North Dakota,Renville,1,0,0,48.71982533,-101.6603912,38075.0,1,1,0,0,1,1,2374,0,0,0,0,0
2020-05-05,US,North Dakota,Richland,7,0,0,46.26440649,-96.94852979,38077.0,7,7,0,0,7,7,16239,0,0,0,0,0
2020-05-05,US,North Dakota,Rolette,1,0,0,48.77245354,-99.84097493,38079.0,1,1,0,0,1,1,14301,0,0,0,0,0
2020-05-05,US,North Dakota,Sargent,1,0,0,46.10830372,-97.63217159,38081.0,1,1,0,0,1,1,3870,0,0,0,0,0
2020-05-05,US,North Dakota,Sioux,1,0,0,46.11323337,-101.0440149,38085.0,1,1,0,0,1,1,4358,0,0,0,0,0
2020-05-05,US,North Dakota,Slope,3,0,0,46.44737738,-103.4601547,38087.0,3,3,0,0,3,3,763,0,0,0,0,0
2020-05-05,US,North Dakota,Stark,57,2,0,46.80851182,-102.6576326,38089.0,55,57,2,0,55,55,30997,0,0,0,0,2
2020-05-05,US,North Dakota,Stutsman,12,0,0,46.97962541,-98.95637318,38093.0,12,11,0,0,11,11,20917,1,0,0,1,0
2020-05-05,US,North Dakota,Unassigned,0,6,0,0.0,0.0,90038.0,-6,0,6,0,-6,0,,0,0,0,0,0
2020-05-05,US,North Dakota,Walsh,7,0,0,48.36876964,-97.72574783,38099.0,7,7,0,0,7,7,10667,0,0,0,0,0
2020-05-05,US,North Dakota,Ward,25,1,0,48.22390169,-101.5436763,38101.0,24,25,1,0,24,25,67744,0,0,0,0,0
2020-05-05,US,North Dakota,Wells,2,0,0,47.58614526,-99.65904998,38103.0,2,2,0,0,2,2,3957,0,0,0,0,0
2020-05-05,US,North Dakota,Williams,13,0,0,48.34522353,-103.4793387,38105.0,13,11,0,0,11,11,35350,2,0,0,2,0
2020-05-05,US,Ohio,Adams,5,0,0,38.84541072,-83.4718964,39001.0,5,5,0,0,5,5,27724,0,0,0,0,0
2020-05-05,US,Ohio,Allen,135,25,0,40.77285242,-84.10802343,39003.0,110,133,23,0,110,124,102663,2,2,0,0,9
2020-05-05,US,Ohio,Ashland,9,0,0,40.84772277,-82.27280781,39005.0,9,9,0,0,9,9,53745,0,0,0,0,0
2020-05-05,US,Ohio,Ashtabula,160,17,0,41.70860332,-80.74830218,39007.0,143,149,16,0,133,146,97493,11,1,0,10,3
2020-05-05,US,Ohio,Athens,4,1,0,39.33425634,-82.04278644,39009.0,3,4,1,0,3,4,65818,0,0,0,0,0
2020-05-05,US,Ohio,Auglaize,36,3,0,40.55998859,-84.22421429999999,39011.0,33,35,3,0,32,35,45804,1,0,0,1,0
2020-05-05,US,Ohio,Belmont,181,7,0,40.01625942,-80.9924051,39013.0,174,174,7,0,167,163,67505,7,0,0,7,11
2020-05-05,US,Ohio,Brown,13,1,0,38.93416837,-83.86788395,39015.0,12,12,1,0,11,11,43602,1,0,0,1,1
2020-05-05,US,Ohio,Butler,346,8,0,39.44012838,-84.57388716,39017.0,338,334,7,0,327,328,382378,12,1,0,11,6
2020-05-05,US,Ohio,Carroll,21,1,0,40.5789686,-81.09178213,39019.0,20,21,1,0,20,21,27081,0,0,0,0,0
2020-05-05,US,Ohio,Champaign,15,1,0,40.13923427,-83.76875242,39021.0,14,14,1,0,13,15,38754,1,0,0,1,-1
2020-05-05,US,Ohio,Clark,69,2,0,39.91592258,-83.78498252,39023.0,67,70,2,0,68,67,134585,-1,0,0,-1,3
2020-05-05,US,Ohio,Clermont,109,3,0,39.04847534,-84.15375786,39025.0,106,103,3,0,100,101,205466,6,0,0,6,2
2020-05-05,US,Ohio,Clinton,31,0,0,39.41485808,-83.80852286,39027.0,31,31,0,0,31,31,42057,0,0,0,0,0
2020-05-05,US,Ohio,Columbiana,292,28,0,40.76932373,-80.78094576,39029.0,264,287,25,0,262,278,102665,5,3,0,2,9
2020-05-05,US,Ohio,Coshocton,17,0,0,40.30096166,-81.91729018,39031.0,17,17,0,0,17,17,36629,0,0,0,0,0
2020-05-05,US,Ohio,Crawford,57,1,0,40.85065156,-82.91989099,39033.0,56,56,1,0,55,52,41550,1,0,0,1,4
2020-05-05,US,Ohio,Cuyahoga,2428,128,0,41.424119,-81.65918339,39035.0,2300,2398,121,0,2277,2338,1243857,30,7,0,23,60
2020-05-05,US,Ohio,Darke,77,14,0,40.13412966,-84.6194517,39037.0,63,77,14,0,63,77,51323,0,0,0,0,0
2020-05-05,US,Ohio,Defiance,21,1,0,41.32398837,-84.49076944,39039.0,20,20,1,0,19,20,38165,1,0,0,1,0
2020-05-05,US,Ohio,Delaware,184,4,0,40.27942393,-83.00457058,39041.0,180,179,4,0,175,175,204826,5,0,0,5,4
2020-05-05,US,Ohio,Erie,67,3,0,41.36796058,-82.62904521,39043.0,64,60,3,0,57,58,74615,7,0,0,7,2
2020-05-05,US,Ohio,Fairfield,155,3,0,39.75107189,-82.63088163,39045.0,152,152,2,0,150,150,155782,3,1,0,2,2
2020-05-05,US,Ohio,Fayette,21,0,0,39.56021306,-83.4562016,39047.0,21,20,0,0,20,20,28666,1,0,0,1,0
2020-05-05,US,Ohio,Franklin,3097,87,0,39.96995815,-83.01115755,39049.0,3010,2988,84,0,2904,2905,1310300,109,3,0,106,83
2020-05-05,US,Ohio,Fulton,29,0,0,41.60213491,-84.12571393,39051.0,29,26,0,0,26,24,42276,3,0,0,3,2
2020-05-05,US,Ohio,Gallia,6,1,0,38.82708533,-82.31647569,39053.0,5,6,1,0,5,6,29979,0,0,0,0,0
2020-05-05,US,Ohio,Geauga,172,16,0,41.49952319,-81.17935342,39055.0,156,169,16,0,153,163,94031,3,0,0,3,6
2020-05-05,US,Ohio,Greene,50,5,0,39.69116283,-83.89032084,39057.0,45,49,4,0,45,48,167995,1,1,0,0,1
2020-05-05,US,Ohio,Guernsey,19,0,0,40.05026529,-81.49248905,39059.0,19,19,0,0,19,19,39022,0,0,0,0,0
2020-05-05,US,Ohio,Hamilton,1480,83,0,39.19673558,-84.54502924,39061.0,1397,1434,80,0,1354,1380,816684,46,3,0,43,54
2020-05-05,US,Ohio,Hancock,39,1,0,41.00250487,-83.66838948,39063.0,38,39,1,0,38,38,75930,0,0,0,0,1
2020-05-05,US,Ohio,Hardin,26,0,0,40.66015414,-83.65929931,39065.0,26,26,0,0,26,26,31480,0,0,0,0,0
2020-05-05,US,Ohio,Harrison,6,0,0,40.29380509,-81.09068544,39067.0,6,6,0,0,6,6,15174,0,0,0,0,0
2020-05-05,US,Ohio,Henry,6,0,0,41.3339642,-84.06830637,39069.0,6,5,0,0,5,5,27086,1,0,0,1,0
2020-05-05,US,Ohio,Highland,11,1,0,39.1839264,-83.60331456,39071.0,10,11,1,0,10,10,43058,0,0,0,0,1
2020-05-05,US,Ohio,Hocking,19,1,0,39.49537927,-82.47991446,39073.0,18,19,1,0,18,19,28385,0,0,0,0,0
2020-05-05,US,Ohio,Holmes,6,1,0,40.56163713,-81.92635677,39075.0,5,6,1,0,5,6,43892,0,0,0,0,0
2020-05-05,US,Ohio,Huron,33,1,0,41.14651175,-82.59867951,39077.0,32,32,1,0,31,31,58504,1,0,0,1,1
2020-05-05,US,Ohio,Jackson,6,0,0,39.01914254,-82.61818559999998,39079.0,6,5,0,0,5,5,32384,1,0,0,1,0
2020-05-05,US,Ohio,Jefferson,46,1,0,40.38614126,-80.76259514,39081.0,45,45,1,0,44,45,65767,1,0,0,1,0
2020-05-05,US,Ohio,Knox,19,1,0,40.39830217,-82.42027563,39083.0,18,19,1,0,18,18,61893,0,0,0,0,1
2020-05-05,US,Ohio,Lake,176,8,0,41.69710807,-81.23676539,39085.0,168,173,8,0,165,172,230514,3,0,0,3,1
2020-05-05,US,Ohio,Lawrence,24,0,0,38.59743452,-82.53466552,39087.0,24,24,0,0,24,25,59866,0,0,0,0,-1
2020-05-05,US,Ohio,Licking,133,7,0,40.09136236,-82.48185785,39089.0,126,130,5,0,125,125,175769,3,2,0,1,5
2020-05-05,US,Ohio,Logan,19,0,0,40.38996525,-83.76784341,39091.0,19,19,0,0,19,19,45358,0,0,0,0,0
2020-05-05,US,Ohio,Lorain,510,39,0,41.29553751,-82.15083537,39093.0,471,503,37,0,466,490,309461,7,2,0,5,13
2020-05-05,US,Ohio,Lucas,1478,133,0,41.62101218,-83.65468618,39095.0,1345,1429,120,0,1309,1376,429899,49,13,0,36,53
2020-05-05,US,Ohio,Madison,73,3,0,39.89381073,-83.40178317,39097.0,70,71,3,0,68,67,44413,2,0,0,2,4
2020-05-05,US,Ohio,Mahoning,998,92,0,41.01631101,-80.77287029,39099.0,906,961,83,0,878,937,229642,37,9,0,28,24
2020-05-05,US,Ohio,Marion,2335,9,0,40.58610662,-83.15736305,39101.0,2326,2332,4,0,2328,2329,65256,3,5,0,-2,3
2020-05-05,US,Ohio,Medina,177,16,0,41.11770589,-81.89986209999998,39103.0,161,175,16,0,159,172,179146,2,0,0,2,3
2020-05-05,US,Ohio,Meigs,3,0,0,39.09224872,-82.0305041,39105.0,3,3,0,0,3,3,23106,0,0,0,0,0
2020-05-05,US,Ohio,Mercer,38,1,0,40.54043046,-84.62912742,39107.0,37,33,1,0,32,29,40959,5,0,0,5,4
2020-05-05,US,Ohio,Miami,144,27,0,40.0543329,-84.22871271,39109.0,117,144,27,0,117,143,106222,0,0,0,0,1
2020-05-05,US,Ohio,Monroe,4,0,0,39.72984936,-81.08464734,39111.0,4,4,0,0,4,3,13790,0,0,0,0,1
2020-05-05,US,Ohio,Montgomery,328,10,0,39.75394919,-84.29050975,39113.0,318,320,10,0,310,316,532331,8,0,0,8,4
2020-05-05,US,Ohio,Morgan,5,0,0,39.62081738,-81.85308173,39115.0,5,5,0,0,5,4,14604,0,0,0,0,1
2020-05-05,US,Ohio,Morrow,83,1,0,40.52363560000001,-82.7892599,39117.0,82,75,1,0,74,75,35112,8,0,0,8,0
2020-05-05,US,Ohio,Muskingum,21,0,0,39.96575964,-81.94363275,39119.0,21,18,0,0,18,17,86183,3,0,0,3,1
2020-05-05,US,Ohio,Noble,5,0,0,39.76818851,-81.45937183,39121.0,5,5,0,0,5,5,14354,0,0,0,0,0
2020-05-05,US,Ohio,Ottawa,44,1,0,41.53781826,-83.0940185,39123.0,43,40,1,0,39,40,40769,4,0,0,4,0
2020-05-05,US,Ohio,Paulding,8,0,0,41.11676341,-84.5801017,39125.0,8,8,0,0,8,8,18760,0,0,0,0,0
2020-05-05,US,Ohio,Perry,13,1,0,39.73508655,-82.23804971,39127.0,12,13,0,0,13,13,36033,0,1,0,-1,0
2020-05-05,US,Ohio,Pickaway,1831,22,0,39.64170392,-83.0243386,39129.0,1809,1828,22,0,1806,1729,58086,3,0,0,3,99
2020-05-05,US,Ohio,Pike,4,0,0,39.07634001,-83.06769584,39131.0,4,3,0,0,3,3,28067,1,0,0,1,0
2020-05-05,US,Ohio,Portage,254,43,0,41.16793482,-81.19735782,39133.0,211,251,42,0,209,247,162927,3,1,0,2,4
2020-05-05,US,Ohio,Preble,27,1,0,39.7420247,-84.64787018,39135.0,26,27,1,0,26,27,40997,0,0,0,0,0
2020-05-05,US,Ohio,Putnam,71,10,0,41.02094889,-84.1336111,39137.0,61,71,9,0,62,69,33780,0,1,0,-1,2
2020-05-05,US,Ohio,Richland,91,2,0,40.77180308,-82.53799609999999,39139.0,89,90,2,0,88,90,121099,1,0,0,1,0
2020-05-05,US,Ohio,Ross,42,2,0,39.33705391,-83.06000914,39141.0,40,41,1,0,40,41,76931,1,1,0,0,0
2020-05-05,US,Ohio,Sandusky,41,7,0,41.35624126,-83.137872,39143.0,34,36,7,0,29,34,58799,5,0,0,5,2
2020-05-05,US,Ohio,Scioto,13,0,0,38.80270163,-82.98907345,39145.0,13,12,0,0,12,12,75502,1,0,0,1,0
2020-05-05,US,Ohio,Seneca,14,1,0,41.12351311,-83.12783209,39147.0,13,14,1,0,13,14,55207,0,0,0,0,0
2020-05-05,US,Ohio,Shelby,30,1,0,40.33163494,-84.20258189,39149.0,29,30,1,0,29,30,48627,0,0,0,0,0
2020-05-05,US,Ohio,Stark,414,57,0,40.81482476,-81.36437305,39151.0,357,405,53,0,352,398,371574,9,4,0,5,7
2020-05-05,US,Ohio,Summit,751,66,0,41.12464734,-81.53123079,39153.0,685,716,58,0,658,701,541918,35,8,0,27,15
2020-05-05,US,Ohio,Trumbull,356,35,0,41.31735028,-80.76109643,39155.0,321,347,31,0,316,331,198627,9,4,0,5,16
2020-05-05,US,Ohio,Tuscarawas,133,0,0,40.44214695,-81.47226262,39157.0,133,126,0,0,126,118,92176,7,0,0,7,8
2020-05-05,US,Ohio,Union,26,0,0,40.30016061,-83.37239023,39159.0,26,25,0,0,25,24,57835,1,0,0,1,1
2020-05-05,US,Ohio,Van Wert,3,0,0,40.8554138,-84.59111700000003,39161.0,3,3,0,0,3,3,28281,0,0,0,0,0
2020-05-05,US,Ohio,Vinton,8,0,0,39.25208988,-82.4831444,39163.0,8,6,0,0,6,6,13139,2,0,0,2,0
2020-05-05,US,Ohio,Warren,178,12,0,39.42581994,-84.16557457,39165.0,166,172,11,0,161,168,232173,6,1,0,5,4
2020-05-05,US,Ohio,Washington,105,15,0,39.45690571,-81.49121382,39167.0,90,103,14,0,89,102,60155,2,1,0,1,1
2020-05-05,US,Ohio,Wayne,166,33,0,40.82925852,-81.88844833,39169.0,133,161,33,0,128,153,115967,5,0,0,5,8
2020-05-05,US,Ohio,Williams,42,1,0,41.56052014,-84.58429552,39171.0,41,41,1,0,40,36,36804,1,0,0,1,5
2020-05-05,US,Ohio,Wood,203,27,0,41.36224827,-83.62285108,39173.0,176,193,24,0,169,187,130696,10,3,0,7,6
2020-05-05,US,Ohio,Wyandot,24,2,0,40.84339621,-83.30734173,39175.0,22,24,2,0,22,24,21935,0,0,0,0,0
2020-05-05,US,Oklahoma,Adair,66,3,0,35.88494195,-94.65859267,40001.0,63,65,3,0,62,65,22082,1,0,0,1,0
2020-05-05,US,Oklahoma,Alfalfa,1,0,0,36.73090616,-98.32408495,40003.0,1,1,0,0,1,1,5754,0,0,0,0,0
2020-05-05,US,Oklahoma,Atoka,1,0,0,34.37366573,-96.03802487,40005.0,1,1,0,0,1,1,13838,0,0,0,0,0
2020-05-05,US,Oklahoma,Beaver,15,0,0,36.7496847,-100.4758872,40007.0,15,14,0,0,14,14,5319,1,0,0,1,0
2020-05-05,US,Oklahoma,Beckham,6,0,0,35.26862449,-99.68128023,40009.0,6,6,0,0,6,5,21709,0,0,0,0,1
2020-05-05,US,Oklahoma,Blaine,2,0,0,35.87518314,-98.43307003,40011.0,2,1,0,0,1,,9485,1,0,0,1,
2020-05-05,US,Oklahoma,Bryan,9,1,0,33.96472458,-96.25903472,40013.0,8,9,1,0,8,9,47192,0,0,0,0,0
2020-05-05,US,Oklahoma,Caddo,77,8,0,35.17364557,-98.37534464,40015.0,69,72,8,0,64,69,28977,5,0,0,5,3
2020-05-05,US,Oklahoma,Canadian,103,3,0,35.5426055,-97.98465569,40017.0,100,102,3,0,99,100,144447,1,0,0,1,2
2020-05-05,US,Oklahoma,Carter,5,1,0,34.25103751,-97.28552485,40019.0,4,4,1,0,3,4,48177,1,0,0,1,0
2020-05-05,US,Oklahoma,Cherokee,29,1,0,35.90692775,-94.99980896,40021.0,28,27,1,0,26,27,48675,2,0,0,2,0
2020-05-05,US,Oklahoma,Choctaw,3,0,0,34.02807439,-95.54771129,40023.0,3,3,0,0,3,3,14668,0,0,0,0,0
2020-05-05,US,Oklahoma,Cimarron,1,0,0,36.74817177,-102.5173885,40025.0,1,1,0,0,1,1,2153,0,0,0,0,0
2020-05-05,US,Oklahoma,Cleveland,439,30,0,35.20413532,-97.32519562,40027.0,409,436,29,0,407,432,281669,3,1,0,2,4
2020-05-05,US,Oklahoma,Comanche,104,2,0,34.65973764,-98.47195055,40031.0,102,102,2,0,100,98,120422,2,0,0,2,4
2020-05-05,US,Oklahoma,Cotton,5,1,0,34.28845626,-98.37053567,40033.0,4,5,1,0,4,5,5776,0,0,0,0,0
2020-05-05,US,Oklahoma,Craig,12,0,0,36.76268118,-95.20916602,40035.0,12,12,0,0,12,11,14306,0,0,0,0,1
2020-05-05,US,Oklahoma,Creek,80,6,0,35.90230551,-96.37086028,40037.0,74,80,6,0,74,80,71604,0,0,0,0,0
2020-05-05,US,Oklahoma,Custer,11,0,0,35.63853802,-99.00170785,40039.0,11,11,0,0,11,11,29036,0,0,0,0,0
2020-05-05,US,Oklahoma,Delaware,92,14,0,36.40823634,-94.80325046,40041.0,78,91,13,0,78,91,42733,1,1,0,0,0
2020-05-05,US,Oklahoma,Dewey,2,0,0,35.98772922,-99.00730714,40043.0,2,2,0,0,2,2,4894,0,0,0,0,0
2020-05-05,US,Oklahoma,Garfield,21,1,0,36.3791334,-97.78265517,40047.0,20,19,1,0,18,19,60913,2,0,0,2,0
2020-05-05,US,Oklahoma,Garvin,14,1,0,34.70418038,-97.30811132,40049.0,13,14,1,0,13,14,27811,0,0,0,0,0
2020-05-05,US,Oklahoma,Grady,40,2,0,35.0167709,-97.88339847,40051.0,38,40,2,0,38,39,55551,0,0,0,0,1
2020-05-05,US,Oklahoma,Grant,2,0,0,36.796297,-97.78638765,40053.0,2,2,0,0,2,2,4326,0,0,0,0,0
2020-05-05,US,Oklahoma,Greer,65,6,0,34.93535801,-99.5605612,40055.0,59,65,6,0,59,65,5821,0,0,0,0,0
2020-05-05,US,Oklahoma,Harper,1,0,0,36.78836519,-99.6679804,40059.0,1,1,0,0,1,1,3797,0,0,0,0,0
2020-05-05,US,Oklahoma,Haskell,5,0,0,35.22257600000001,-95.11513306,40061.0,5,5,0,0,5,5,12668,0,0,0,0,0
2020-05-05,US,Oklahoma,Jackson,18,0,0,34.58781741,-99.41138784,40065.0,18,17,0,0,17,17,24949,1,0,0,1,0
2020-05-05,US,Oklahoma,Jefferson,2,0,0,34.11130184,-97.83182974,40067.0,2,2,0,0,2,2,6123,0,0,0,0,0
2020-05-05,US,Oklahoma,Johnston,3,0,0,34.31440473,-96.66011537,40069.0,3,3,0,0,3,3,10949,0,0,0,0,0
2020-05-05,US,Oklahoma,Kay,48,7,0,36.81799745,-97.14421435,40071.0,41,47,7,0,40,47,44161,1,0,0,1,0
2020-05-05,US,Oklahoma,Kingfisher,8,0,0,35.94530008,-97.94193268,40073.0,8,8,0,0,8,8,15816,0,0,0,0,0
2020-05-05,US,Oklahoma,Kiowa,5,0,0,34.91671958,-98.97720696,40075.0,5,5,0,0,5,5,8729,0,0,0,0,0
2020-05-05,US,Oklahoma,Latimer,5,1,0,34.87844729,-95.25215049,40077.0,4,5,1,0,4,5,10231,0,0,0,0,0
2020-05-05,US,Oklahoma,Le Flore,13,0,0,34.89851864,-94.70392124,40079.0,13,13,0,0,13,13,49980,0,0,0,0,0
2020-05-05,US,Oklahoma,Lincoln,16,2,0,35.70270942,-96.8812462,40081.0,14,14,1,0,13,14,34920,2,1,0,1,0
2020-05-05,US,Oklahoma,Logan,17,1,0,35.91899576,-97.44352845,40083.0,16,16,1,0,15,16,47291,1,0,0,1,0
2020-05-05,US,Oklahoma,Love,2,0,0,33.95273467,-97.23906784,40085.0,2,2,0,0,2,2,10134,0,0,0,0,0
2020-05-05,US,Oklahoma,Major,4,1,0,36.31149996,-98.53467076,40093.0,3,3,1,0,2,3,7644,1,0,0,1,0
2020-05-05,US,Oklahoma,Marshall,2,0,0,34.02311222,-96.76855464,40095.0,2,2,0,0,2,2,16806,0,0,0,0,0
2020-05-05,US,Oklahoma,Mayes,24,4,0,36.30179091,-95.23175116,40097.0,20,24,4,0,20,24,41107,0,0,0,0,0
2020-05-05,US,Oklahoma,McClain,84,2,0,35.01123903,-97.44572302,40087.0,82,77,2,0,75,77,39985,7,0,0,7,0
2020-05-05,US,Oklahoma,McCurtain,8,0,0,34.11664328,-94.77222373,40089.0,8,8,0,0,8,8,32703,0,0,0,0,0
2020-05-05,US,Oklahoma,McIntosh,3,0,0,35.37235506,-95.66599306,40091.0,3,3,0,0,3,2,19815,0,0,0,0,1
2020-05-05,US,Oklahoma,Murray,2,0,0,34.48116015,-97.06826283,40099.0,2,2,0,0,2,2,13953,0,0,0,0,0
2020-05-05,US,Oklahoma,Muskogee,27,6,0,35.61318461,-95.37802952,40101.0,21,27,6,0,21,27,68362,0,0,0,0,0
2020-05-05,US,Oklahoma,Noble,6,0,0,36.38953329,-97.22928674,40103.0,6,6,0,0,6,6,11289,0,0,0,0,0
2020-05-05,US,Oklahoma,Nowata,21,0,0,36.79843529,-95.61902331,40105.0,21,21,0,0,21,21,10218,0,0,0,0,0
2020-05-05,US,Oklahoma,Okfuskee,1,0,0,35.46485198,-96.32639984,40107.0,1,1,0,0,1,1,12098,0,0,0,0,0
2020-05-05,US,Oklahoma,Oklahoma,853,36,0,35.55140095,-97.40716948,40109.0,817,841,33,0,808,838,792582,12,3,0,9,3
2020-05-05,US,Oklahoma,Okmulgee,16,0,0,35.64661916,-95.96432828,40111.0,16,16,0,0,16,16,38335,0,0,0,0,0
2020-05-05,US,Oklahoma,Osage,78,8,0,36.62888819,-96.39635704,40113.0,70,78,8,0,70,76,47014,0,0,0,0,2
2020-05-05,US,Oklahoma,Ottawa,34,1,0,36.83532655,-94.81011909,40115.0,33,34,1,0,33,34,31175,0,0,0,0,0
2020-05-05,US,Oklahoma,Pawnee,29,2,0,36.31743373,-96.7033176,40117.0,27,29,2,0,27,29,16390,0,0,0,0,0
2020-05-05,US,Oklahoma,Payne,44,1,0,36.07695283,-96.97584944,40119.0,43,44,1,0,43,44,82040,0,0,0,0,0
2020-05-05,US,Oklahoma,Pittsburg,39,2,0,34.92065823,-95.7513432,40121.0,37,38,2,0,36,39,43877,1,0,0,1,-1
2020-05-05,US,Oklahoma,Pontotoc,10,2,0,34.72959848,-96.68337199,40123.0,8,10,2,0,8,10,38247,0,0,0,0,0
2020-05-05,US,Oklahoma,Pottawatomie,52,4,0,35.20614018,-96.94923008,40125.0,48,52,4,0,48,52,72679,0,0,0,0,0
2020-05-05,US,Oklahoma,Pushmataha,1,0,0,34.41635232,-95.37603505,40127.0,1,1,0,0,1,1,11179,0,0,0,0,0
2020-05-05,US,Oklahoma,Rogers,68,4,0,36.37004357,-95.60406759,40131.0,64,67,4,0,63,66,91984,1,0,0,1,1
2020-05-05,US,Oklahoma,Seminole,19,2,0,35.16478725,-96.61686741,40133.0,17,12,2,0,10,12,24578,7,0,0,7,0
2020-05-05,US,Oklahoma,Sequoyah,12,3,0,35.49447108,-94.75463785,40135.0,9,12,3,0,9,12,41179,0,0,0,0,0
2020-05-05,US,Oklahoma,Stephens,22,1,0,34.48556989,-97.85141892,40137.0,21,22,1,0,21,22,43265,0,0,0,0,0
2020-05-05,US,Oklahoma,Texas,252,3,0,36.74777635,-101.4889765,40139.0,249,236,2,0,234,201,20455,16,1,0,15,35
2020-05-05,US,Oklahoma,Tillman,15,0,0,34.37288446,-98.92426619,40141.0,15,14,0,0,14,14,7348,1,0,0,1,0
2020-05-05,US,Oklahoma,Tulsa,645,36,0,36.11939621,-95.94013939,40143.0,609,639,34,0,605,628,648360,6,2,0,4,11
2020-05-05,US,Oklahoma,Wagoner,123,15,0,35.96024096,-95.51911308,40145.0,108,122,15,0,107,122,80110,1,0,0,1,0
2020-05-05,US,Oklahoma,Washington,281,23,0,36.71380786,-95.90514104,40147.0,258,276,23,0,253,273,51843,5,0,0,5,3
2020-05-05,US,Oklahoma,Woods,3,0,0,36.76705782,-98.86573064,40151.0,3,3,0,0,3,3,8897,0,0,0,0,0
2020-05-05,US,Oklahoma,Woodward,1,0,0,36.42316318,-99.26283045,40153.0,1,1,0,0,1,1,20222,0,0,0,0,0
2020-05-05,US,Oregon,Benton,39,5,0,44.49167306,-123.4316987,41003.0,34,36,5,0,31,32,92101,3,0,0,3,4
2020-05-05,US,Oregon,Clackamas,231,7,0,45.18787398,-122.2179634,41005.0,224,226,7,0,219,225,416075,5,0,0,5,1
2020-05-05,US,Oregon,Clatsop,17,0,0,45.99712889,-123.660711,41007.0,17,8,0,0,8,7,39764,9,0,0,9,1
2020-05-05,US,Oregon,Columbia,14,0,0,45.94464254,-123.0890898,41009.0,14,14,0,0,14,14,52377,0,0,0,0,0
2020-05-05,US,Oregon,Coos,28,0,0,43.17406868,-124.0594514,41011.0,28,27,0,0,27,25,64389,1,0,0,1,2
2020-05-05,US,Oregon,Crook,1,0,0,44.14230227,-120.356297,41013.0,1,1,0,0,1,1,23867,0,0,0,0,0
2020-05-05,US,Oregon,Curry,4,0,0,42.45911325,-124.157282,41015.0,4,4,0,0,4,4,22813,0,0,0,0,0
2020-05-05,US,Oregon,Deschutes,80,0,0,43.91570171,-121.2289121,41017.0,80,79,0,0,79,78,191996,1,0,0,1,1
2020-05-05,US,Oregon,Douglas,24,0,0,43.27941273,-123.167291,41019.0,24,24,0,0,24,24,110283,0,0,0,0,0
2020-05-05,US,Oregon,Grant,1,0,0,44.49024544,-119.0068631,41023.0,1,1,0,0,1,1,7176,0,0,0,0,0
2020-05-05,US,Oregon,Harney,1,0,0,43.06422669,-118.9666306,41025.0,1,1,0,0,1,1,7329,0,0,0,0,0
2020-05-05,US,Oregon,Hood River,11,0,0,45.51872811,-121.65520359999998,41027.0,11,10,0,0,10,9,23428,1,0,0,1,1
2020-05-05,US,Oregon,Jackson,49,0,0,42.43201126,-122.7289309,41029.0,49,49,0,0,49,49,219564,0,0,0,0,0
2020-05-05,US,Oregon,Jefferson,14,0,0,44.62806839,-121.17832,41031.0,14,14,0,0,14,13,24192,0,0,0,0,1
2020-05-05,US,Oregon,Josephine,24,1,0,42.3665549,-123.5561938,41033.0,23,22,1,0,21,22,87393,2,0,0,2,0
2020-05-05,US,Oregon,Klamath,39,0,0,42.68762984,-121.64964609999998,41035.0,39,39,0,0,39,39,67653,0,0,0,0,0
2020-05-05,US,Oregon,Lane,55,2,0,43.93727035,-122.847753,41039.0,53,55,2,0,53,54,379611,0,0,0,0,1
2020-05-05,US,Oregon,Lincoln,5,0,0,44.64252874,-123.869912,41041.0,5,5,0,0,5,5,49388,0,0,0,0,0
2020-05-05,US,Oregon,Linn,98,7,0,44.48899494,-122.5373154,41043.0,91,97,7,0,90,87,127335,1,0,0,1,10
2020-05-05,US,Oregon,Malheur,13,0,0,43.1937027,-117.6227395,41045.0,13,13,0,0,13,13,30725,0,0,0,0,0
2020-05-05,US,Oregon,Marion,574,19,0,44.90287942,-122.5815117,41047.0,555,561,19,0,542,544,346868,13,0,0,13,17
2020-05-05,US,Oregon,Morrow,10,0,0,45.41846568,-119.584546,41049.0,10,9,0,0,9,9,11372,1,0,0,1,0
2020-05-05,US,Oregon,Multnomah,769,49,0,45.54747959,-122.4169351,41051.0,720,754,46,0,708,739,811880,15,3,0,12,15
2020-05-05,US,Oregon,Polk,68,2,0,44.90322804,-123.4128888,41053.0,66,49,2,0,47,41,85234,19,0,0,19,8
2020-05-05,US,Oregon,Sherman,1,0,0,45.41501554,-120.6827834,41055.0,1,1,0,0,1,1,1708,0,0,0,0,0
2020-05-05,US,Oregon,Tillamook,6,0,0,45.46248721,-123.712066,41057.0,6,6,0,0,6,6,26787,0,0,0,0,0
2020-05-05,US,Oregon,Umatilla,73,1,0,45.59073056,-118.7353826,41059.0,72,70,1,0,69,64,77516,3,0,0,3,6
2020-05-05,US,Oregon,Union,4,0,0,45.30915495,-118.0068979,41061.0,4,4,0,0,4,4,26461,0,0,0,0,0
2020-05-05,US,Oregon,Wallowa,1,0,0,45.57894064,-117.18353799999998,41063.0,1,1,0,0,1,1,7081,0,0,0,0,0
2020-05-05,US,Oregon,Wasco,13,1,0,45.16292781,-121.1670954,41065.0,12,13,1,0,12,13,26505,0,0,0,0,0
2020-05-05,US,Oregon,Washington,531,12,0,45.55972701,-123.0955257,41067.0,519,526,11,0,515,516,597695,5,1,0,4,10
2020-05-05,US,Oregon,Yamhill,41,7,0,45.23330449,-123.3086963,41071.0,34,40,7,0,33,39,107002,1,0,0,1,1
2020-05-05,US,Pennsylvania,Adams,148,5,0,39.87140411,-77.21610347,42001.0,143,148,4,0,144,145,102811,0,1,0,-1,3
2020-05-05,US,Pennsylvania,Allegheny,1375,109,0,40.46809875,-79.98167747,42003.0,1266,1365,102,0,1263,1345,1218452,10,7,0,3,20
2020-05-05,US,Pennsylvania,Armstrong,53,3,0,40.81665618,-79.46290811,42005.0,50,52,2,0,50,52,65263,1,1,0,0,0
2020-05-05,US,Pennsylvania,Beaver,466,73,0,40.6825484,-80.34921611,42007.0,393,458,68,0,390,435,164742,8,5,0,3,23
2020-05-05,US,Pennsylvania,Bedford,26,1,0,40.00522157,-78.48998442,42009.0,25,24,1,0,23,24,48176,2,0,0,2,0
2020-05-05,US,Pennsylvania,Berks,3004,147,0,40.41570541,-75.92457766,42011.0,2857,2948,118,0,2830,2886,420152,56,29,0,27,62
2020-05-05,US,Pennsylvania,Blair,25,0,0,40.47961444,-78.34917412,42013.0,25,25,0,0,25,24,122492,0,0,0,0,1
2020-05-05,US,Pennsylvania,Bradford,35,2,0,41.78869215,-76.51570822,42015.0,33,35,2,0,33,35,60833,0,0,0,0,0
2020-05-05,US,Pennsylvania,Bucks,3505,280,0,40.33682119,-75.10836643,42017.0,3225,3356,240,0,3116,3286,628195,149,40,0,109,70
2020-05-05,US,Pennsylvania,Butler,184,6,0,40.91152759,-79.91351055,42019.0,178,180,6,0,174,180,187888,4,0,0,4,0
2020-05-05,US,Pennsylvania,Cambria,34,1,0,40.49527404,-78.71377428,42021.0,33,34,1,0,33,33,131730,0,0,0,0,1
2020-05-05,US,Pennsylvania,Cameron,2,0,0,41.43625568,-78.20376845,42023.0,2,1,0,0,1,1,4492,1,0,0,1,0
2020-05-05,US,Pennsylvania,Carbon,185,15,0,40.91545395,-75.7068525,42025.0,170,185,15,0,170,183,64227,0,0,0,0,2
2020-05-05,US,Pennsylvania,Centre,106,1,0,40.92058903,-77.82200624,42027.0,105,105,1,0,104,102,162805,1,0,0,1,3
2020-05-05,US,Pennsylvania,Chester,1601,149,0,39.97291773,-75.74768357,42029.0,1452,1560,118,0,1442,1502,522046,41,31,0,10,58
2020-05-05,US,Pennsylvania,Clarion,23,1,0,41.19265812,-79.42413524,42031.0,22,23,1,0,22,23,38779,0,0,0,0,0
2020-05-05,US,Pennsylvania,Clearfield,21,0,0,41.00110782,-78.47592663,42033.0,21,21,0,0,21,21,79388,0,0,0,0,0
2020-05-05,US,Pennsylvania,Clinton,33,0,0,41.23255967,-77.63785995,42035.0,33,33,0,0,33,32,38684,0,0,0,0,1
2020-05-05,US,Pennsylvania,Columbia,298,16,0,41.04821986,-76.40565017,42037.0,282,296,13,0,283,291,65456,2,3,0,-1,5
2020-05-05,US,Pennsylvania,Crawford,19,0,0,41.68447709,-80.10760592,42039.0,19,19,0,0,19,19,85063,0,0,0,0,0
2020-05-05,US,Pennsylvania,Cumberland,382,25,0,40.1625372,-77.26130755,42041.0,357,375,18,0,357,373,251423,7,7,0,0,2
2020-05-05,US,Pennsylvania,Dauphin,695,29,0,40.41377078,-76.77993242,42043.0,666,652,28,0,624,634,277097,43,1,0,42,18
2020-05-05,US,Pennsylvania,Delaware,4269,318,0,39.91680171,-75.40243663,42045.0,3951,4198,258,0,3940,4113,564751,71,60,0,11,85
2020-05-05,US,Pennsylvania,Elk,4,0,0,41.42822061,-78.64524744,42047.0,4,4,0,0,4,4,30169,0,0,0,0,0
2020-05-05,US,Pennsylvania,Erie,93,2,0,41.99253829,-80.03301954,42049.0,91,91,2,0,89,91,272061,2,0,0,2,0
2020-05-05,US,Pennsylvania,Fayette,84,4,0,39.92041012,-79.64291195,42051.0,80,83,4,0,79,83,130441,1,0,0,1,0
2020-05-05,US,Pennsylvania,Forest,7,0,0,41.51095103,-79.23229292,42053.0,7,7,0,0,7,7,7279,0,0,0,0,0
2020-05-05,US,Pennsylvania,Franklin,396,9,0,39.92956518,-77.72157791,42055.0,387,377,8,0,369,351,154835,19,1,0,18,26
2020-05-05,US,Pennsylvania,Fulton,7,0,0,39.92913544,-78.11163677,42057.0,7,6,0,0,6,6,14523,1,0,0,1,0
2020-05-05,US,Pennsylvania,Greene,27,1,0,39.85746531,-80.22357106,42059.0,26,27,1,0,26,27,36506,0,0,0,0,0
2020-05-05,US,Pennsylvania,Huntingdon,59,0,0,40.42162652,-77.97673273,42061.0,59,57,0,0,57,56,45168,2,0,0,2,1
2020-05-05,US,Pennsylvania,Indiana,74,5,0,40.65241041,-79.08963285,42063.0,69,70,4,0,66,69,84501,4,1,0,3,1
2020-05-05,US,Pennsylvania,Jefferson,6,0,0,41.12913106,-78.9986361,42065.0,6,6,0,0,6,6,43641,0,0,0,0,0
2020-05-05,US,Pennsylvania,Juniata,86,1,0,40.53358749,-77.39975129999998,42067.0,85,86,1,0,85,86,24704,0,0,0,0,0
2020-05-05,US,Pennsylvania,Lackawanna,1038,103,0,41.43564672,-75.60379201,42069.0,935,1017,87,0,930,999,210793,21,16,0,5,18
2020-05-05,US,Pennsylvania,Lancaster,2018,198,0,40.03904563,-76.24770128,42071.0,1820,1991,191,0,1800,1936,543557,27,7,0,20,55
2020-05-05,US,Pennsylvania,Lawrence,67,7,0,40.99206278,-80.33393706,42073.0,60,65,6,0,59,65,86184,2,1,0,1,0
2020-05-05,US,Pennsylvania,Lebanon,766,15,0,40.36680311,-76.45651841,42075.0,751,756,10,0,746,735,141314,10,5,0,5,21
2020-05-05,US,Pennsylvania,Lehigh,2999,94,0,40.6154815,-75.59435245,42077.0,2905,2963,83,0,2880,2924,368100,36,11,0,25,39
2020-05-05,US,Pennsylvania,Luzerne,2280,104,0,41.17823008,-75.98447579,42079.0,2176,2255,101,0,2154,2240,317646,25,3,0,22,15
2020-05-05,US,Pennsylvania,Lycoming,86,4,0,41.34310539,-77.06629984,42081.0,82,86,3,0,83,85,113664,0,1,0,-1,1
2020-05-05,US,Pennsylvania,McKean,6,0,0,41.80938602,-78.56478358,42083.0,6,6,0,0,6,6,40968,0,0,0,0,0
2020-05-05,US,Pennsylvania,Mercer,67,1,0,41.30248872,-80.25816981,42085.0,66,66,1,0,65,66,110683,1,0,0,1,0
2020-05-05,US,Pennsylvania,Mifflin,42,0,0,40.61116939,-77.61070738,42087.0,42,39,0,0,39,39,46222,3,0,0,3,0
2020-05-05,US,Pennsylvania,Monroe,1186,60,0,41.05934058,-75.34031025,42089.0,1126,1173,55,0,1118,1172,169507,13,5,0,8,1
2020-05-05,US,Pennsylvania,Montgomery,4687,443,0,40.21053671,-75.36652296,42091.0,4244,4645,382,0,4263,4552,828604,42,61,0,-19,93
2020-05-05,US,Pennsylvania,Montour,50,0,0,41.03023987,-76.66345939,42093.0,50,50,0,0,50,50,18240,0,0,0,0,0
2020-05-05,US,Pennsylvania,Northampton,2279,117,0,40.75182733,-75.30471829,42095.0,2162,2240,94,0,2146,2214,304807,39,23,0,16,26
2020-05-05,US,Pennsylvania,Northumberland,107,0,0,40.84785433,-76.70798222,42097.0,107,100,0,0,100,99,91083,7,0,0,7,1
2020-05-05,US,Pennsylvania,Perry,34,1,0,40.40206612,-77.26297447,42099.0,33,34,1,0,33,34,46139,0,0,0,0,0
2020-05-05,US,Pennsylvania,Philadelphia,16410,743,0,40.00338507,-75.1379271,42101.0,15667,16040,726,0,15314,15137,1584138,370,17,0,353,903
2020-05-05,US,Pennsylvania,Pike,412,17,0,41.33155042,-75.03208106,42103.0,395,408,17,0,391,405,55933,4,0,0,4,3
2020-05-05,US,Pennsylvania,Potter,4,0,0,41.74471626,-77.89559864,42105.0,4,4,0,0,4,4,16622,0,0,0,0,0
2020-05-05,US,Pennsylvania,Schuylkill,405,7,0,40.70497338,-76.2150785,42107.0,398,398,7,0,391,395,142067,7,0,0,7,3
2020-05-05,US,Pennsylvania,Snyder,33,1,0,40.77129231,-77.06840691,42109.0,32,33,1,0,32,33,40540,0,0,0,0,0
2020-05-05,US,Pennsylvania,Somerset,30,1,0,39.97172723,-79.02699593,42111.0,29,30,1,0,29,29,73952,0,0,0,0,1
2020-05-05,US,Pennsylvania,Sullivan,1,0,0,41.44634738,-76.51246591,42113.0,1,1,0,0,1,1,6071,0,0,0,0,0
2020-05-05,US,Pennsylvania,Susquehanna,86,11,0,41.82147784,-75.80071959,42115.0,75,86,9,0,77,85,40589,0,2,0,-2,1
2020-05-05,US,Pennsylvania,Tioga,16,1,0,41.77255149,-77.25433032,42117.0,15,16,1,0,15,16,40763,0,0,0,0,0
2020-05-05,US,Pennsylvania,Union,38,1,0,40.96188846,-77.05996014,42119.0,37,38,0,0,38,38,44785,0,1,0,-1,0
2020-05-05,US,Pennsylvania,Venango,7,0,0,41.40323442,-79.75845449,42121.0,7,7,0,0,7,7,51266,0,0,0,0,0
2020-05-05,US,Pennsylvania,Warren,1,0,0,41.81304978,-79.26969577,42123.0,1,1,0,0,1,1,39498,0,0,0,0,0
2020-05-05,US,Pennsylvania,Washington,120,2,0,40.19208869,-80.24582867,42125.0,118,120,2,0,118,119,207346,0,0,0,0,1
2020-05-05,US,Pennsylvania,Wayne,109,5,0,41.64938475,-75.29956506,42127.0,104,109,5,0,104,109,51276,0,0,0,0,0
2020-05-05,US,Pennsylvania,Westmoreland,405,27,0,40.31377979999999,-79.46615476,42129.0,378,403,26,0,377,401,350611,2,1,0,1,2
2020-05-05,US,Pennsylvania,Wyoming,27,2,0,41.51955538,-76.01074915,42131.0,25,27,2,0,25,25,27046,0,0,0,0,2
2020-05-05,US,Pennsylvania,York,716,11,0,39.9210089,-76.73040131,42133.0,705,702,11,0,691,679,448273,14,0,0,14,23
2020-05-05,US,Rhode Island,Bristol,154,0,0,41.71018079,-71.28652315,44001.0,154,154,0,0,154,152,48649,0,0,0,0,2
2020-05-05,US,Rhode Island,Kent,703,0,0,41.67106337,-71.57641596,44003.0,703,703,0,0,703,697,163861,0,0,0,0,6
2020-05-05,US,Rhode Island,Newport,161,0,0,41.5642026,-71.26569799,44005.0,161,161,0,0,161,158,82542,0,0,0,0,3
2020-05-05,US,Rhode Island,Providence,7138,0,0,41.87064746,-71.57753536,44007.0,7138,7138,0,0,7138,7028,636084,0,0,0,0,110
2020-05-05,US,Rhode Island,Unassigned,1414,355,0,0.0,0.0,90044.0,1059,1133,341,0,792,1086,,281,14,0,267,47
2020-05-05,US,Rhode Island,Washington,363,0,0,41.45961631,-71.61435303,44009.0,363,363,0,0,363,356,126179,0,0,0,0,7
2020-05-05,US,South Carolina,Abbeville,33,0,0,34.22333378,-82.46170658,45001.0,33,33,0,0,33,33,24541,0,0,0,0,0
2020-05-05,US,South Carolina,Aiken,108,6,0,33.54338026,-81.63645384,45003.0,102,108,6,0,102,108,169401,0,0,0,0,0
2020-05-05,US,South Carolina,Allendale,18,1,0,32.98837386,-81.35321066,45005.0,17,14,1,0,13,12,8903,4,0,0,4,2
2020-05-05,US,South Carolina,Anderson,172,8,0,34.51828081,-82.63959517,45007.0,164,171,8,0,163,171,200482,1,0,0,1,0
2020-05-05,US,South Carolina,Bamberg,13,0,0,33.21927586,-81.05659969,45009.0,13,13,0,0,13,12,14275,0,0,0,0,1
2020-05-05,US,South Carolina,Barnwell,27,0,0,33.26679302,-81.43584352,45011.0,27,25,0,0,25,25,21112,2,0,0,2,0
2020-05-05,US,South Carolina,Beaufort,270,12,0,32.39226291,-80.72619758,45013.0,258,269,11,0,258,270,188715,1,1,0,0,-1
2020-05-05,US,South Carolina,Berkeley,188,14,0,33.20222596,-79.94654523,45015.0,174,190,11,0,179,186,221091,-2,3,0,-5,4
2020-05-05,US,South Carolina,Calhoun,7,1,0,33.66926881,-80.77722168,45017.0,6,7,1,0,6,7,14520,0,0,0,0,0
2020-05-05,US,South Carolina,Charleston,463,8,0,32.82487866,-79.96512315,45019.0,455,464,7,0,457,457,405905,-1,1,0,-2,7
2020-05-05,US,South Carolina,Cherokee,18,0,0,35.05122251,-81.61828622,45021.0,18,18,0,0,18,17,57078,0,0,0,0,1
2020-05-05,US,South Carolina,Chester,35,0,0,34.69249168,-81.1583216,45023.0,35,34,0,0,34,34,32251,1,0,0,1,0
2020-05-05,US,South Carolina,Chesterfield,61,1,0,34.64137396,-80.15640140000002,45025.0,60,60,1,0,59,59,45754,1,0,0,1,1
2020-05-05,US,South Carolina,Clarendon,237,24,0,33.66610974,-80.21647898,45027.0,213,232,24,0,208,229,33700,5,0,0,5,3
2020-05-05,US,South Carolina,Colleton,32,4,0,32.87582989,-80.67641292,45029.0,28,32,4,0,28,32,37660,0,0,0,0,0
2020-05-05,US,South Carolina,Darlington,149,2,0,34.33358335,-79.96027485,45031.0,147,144,2,0,142,140,66802,5,0,0,5,4
2020-05-05,US,South Carolina,Dillon,74,0,0,34.39007791,-79.37741872,45033.0,74,74,0,0,74,72,30599,0,0,0,0,2
2020-05-05,US,South Carolina,Dorchester,101,3,0,33.0794369,-80.40502652,45035.0,98,100,3,0,97,101,160647,1,0,0,1,-1
2020-05-05,US,South Carolina,Edgefield,32,2,0,33.77221995,-81.96231108,45037.0,30,32,2,0,30,32,27052,0,0,0,0,0
2020-05-05,US,South Carolina,Fairfield,71,2,0,34.39287073,-81.1195624,45039.0,69,68,2,0,66,68,22402,3,0,0,3,0
2020-05-05,US,South Carolina,Florence,353,17,0,34.02361754,-79.70189312,45041.0,336,348,16,0,332,336,138159,5,1,0,4,12
2020-05-05,US,South Carolina,Georgetown,46,3,0,33.43443342,-79.33202141,45043.0,43,46,3,0,43,45,62249,0,0,0,0,1
2020-05-05,US,South Carolina,Greenville,796,42,0,34.89502264,-82.37295012,45045.0,754,788,42,0,746,757,514213,8,0,0,8,31
2020-05-05,US,South Carolina,Greenwood,57,0,0,34.15272415,-82.12715789,45047.0,57,55,0,0,55,55,70741,2,0,0,2,0
2020-05-05,US,South Carolina,Hampton,26,0,0,32.77419582,-81.13845571,45049.0,26,26,0,0,26,26,19351,0,0,0,0,0
2020-05-05,US,South Carolina,Horry,236,18,0,33.9212828,-78.99555293,45051.0,218,230,18,0,212,226,344147,6,0,0,6,4
2020-05-05,US,South Carolina,Jasper,21,1,0,32.43171982,-81.02487495,45053.0,20,21,1,0,20,21,28971,0,0,0,0,0
2020-05-05,US,South Carolina,Kershaw,247,10,0,34.33988254,-80.58763164,45055.0,237,245,10,0,235,245,65592,2,0,0,2,0
2020-05-05,US,South Carolina,Lancaster,96,4,0,34.68270843,-80.70513032,45057.0,92,99,4,0,95,101,95380,-3,0,0,-3,-2
2020-05-05,US,South Carolina,Laurens,42,2,0,34.48244419,-82.00490796,45059.0,40,41,2,0,39,40,66994,1,0,0,1,1
2020-05-05,US,South Carolina,Lee,69,8,0,34.16393091,-80.25690731,45061.0,61,68,8,0,60,68,17142,1,0,0,1,0
2020-05-05,US,South Carolina,Lexington,440,17,0,33.89665987,-81.27146426,45063.0,423,432,17,0,415,420,295032,8,0,0,8,12
2020-05-05,US,South Carolina,Marion,41,2,0,34.07859748,-79.36400756,45067.0,39,40,2,0,38,37,31039,1,0,0,1,3
2020-05-05,US,South Carolina,Marlboro,54,1,0,34.59905577,-79.67561152,45069.0,53,52,1,0,51,50,26398,2,0,0,2,2
2020-05-05,US,South Carolina,McCormick,7,1,0,33.90161443,-82.30794338,45065.0,6,7,1,0,6,6,9410,0,0,0,0,1
2020-05-05,US,South Carolina,Newberry,31,1,0,34.28629098,-81.59935761,45071.0,30,30,1,0,29,30,38520,1,0,0,1,0
2020-05-05,US,South Carolina,Oconee,29,0,0,34.75225169,-83.06742317,45073.0,29,27,0,0,27,26,78374,2,0,0,2,1
2020-05-05,US,South Carolina,Orangeburg,94,2,0,33.4391073,-80.79886287,45075.0,92,92,2,0,90,87,86934,2,0,0,2,5
2020-05-05,US,South Carolina,Pickens,61,1,0,34.88807695,-82.72791551,45077.0,60,59,1,0,58,58,124937,2,0,0,2,1
2020-05-05,US,South Carolina,Richland,990,47,0,34.01791263,-80.90267209,45079.0,943,977,42,0,935,964,414576,13,5,0,8,13
2020-05-05,US,South Carolina,Saluda,70,0,0,34.00795823,-81.72713237,45081.0,70,68,0,0,68,67,20544,2,0,0,2,1
2020-05-05,US,South Carolina,Spartanburg,317,12,0,34.92960077,-81.99225984,45083.0,305,315,12,0,303,308,313888,2,0,0,2,7
2020-05-05,US,South Carolina,Sumter,270,12,0,33.91826534,-80.37942316,45085.0,258,264,12,0,252,251,106512,6,0,0,6,13
2020-05-05,US,South Carolina,Union,26,0,0,34.68835752,-81.61730349,45087.0,26,26,0,0,26,26,27410,0,0,0,0,0
2020-05-05,US,South Carolina,Williamsburg,94,3,0,33.62190129,-79.72767442,45089.0,91,91,2,0,89,90,30606,3,1,0,2,1
2020-05-05,US,South Carolina,York,219,4,0,34.97281497,-81.18085944,45091.0,215,222,3,0,219,221,274118,-3,1,0,-4,1
2020-05-05,US,South Dakota,Aurora,1,0,0,43.71757685,-98.56050467,46003.0,1,1,0,0,1,1,2801,0,0,0,0,0
2020-05-05,US,South Dakota,Beadle,21,2,0,44.41464384,-98.27858469,46005.0,19,21,2,0,19,21,18883,0,0,0,0,0
2020-05-05,US,South Dakota,Bon Homme,4,0,0,42.98914167,-97.88592746,46009.0,4,4,0,0,4,4,6980,0,0,0,0,0
2020-05-05,US,South Dakota,Brookings,13,0,0,44.36974375,-96.79079945,46011.0,13,13,0,0,13,13,35232,0,0,0,0,0
2020-05-05,US,South Dakota,Brown,71,0,0,45.58994323,-98.35165355,46013.0,71,65,0,0,65,59,39316,6,0,0,6,6
2020-05-05,US,South Dakota,Buffalo,1,0,0,44.07657829,-99.20814467,46017.0,1,1,0,0,1,1,2036,0,0,0,0,0
2020-05-05,US,South Dakota,Charles Mix,5,0,0,43.20660134,-98.58856175,46023.0,5,5,0,0,5,5,9338,0,0,0,0,0
2020-05-05,US,South Dakota,Clark,1,0,0,44.85834507,-97.72925109,46025.0,1,1,0,0,1,1,3739,0,0,0,0,0
2020-05-05,US,South Dakota,Clay,7,0,0,42.91296147,-96.97656917,46027.0,7,7,0,0,7,7,14041,0,0,0,0,0
2020-05-05,US,South Dakota,Codington,15,0,0,44.97788119,-97.18827677,46029.0,15,15,0,0,15,14,28015,0,0,0,0,1
2020-05-05,US,South Dakota,Corson,1,0,0,45.70889983,-101.1970473,46031.0,1,1,0,0,1,1,4165,0,0,0,0,0
2020-05-05,US,South Dakota,Davison,7,0,0,43.67490933,-98.14458906,46035.0,7,6,0,0,6,6,19790,1,0,0,1,0
2020-05-05,US,South Dakota,Day,8,0,0,45.367281,-97.60737498,46037.0,8,8,0,0,8,8,5505,0,0,0,0,0
2020-05-05,US,South Dakota,Deuel,1,0,0,44.75994309,-96.66943645,46039.0,1,1,0,0,1,1,4337,0,0,0,0,0
2020-05-05,US,South Dakota,Dewey,1,0,0,45.15639647,-100.8709139,46041.0,1,1,0,0,1,1,5904,0,0,0,0,0
2020-05-05,US,South Dakota,Douglas,1,0,0,43.38520741,-98.36978007,46043.0,1,1,0,0,1,1,2935,0,0,0,0,0
2020-05-05,US,South Dakota,Fall River,2,0,0,43.23929297,-103.5275691,46047.0,2,2,0,0,2,2,6758,0,0,0,0,0
2020-05-05,US,South Dakota,Faulk,1,0,0,45.07082625,-99.14535601,46049.0,1,1,0,0,1,1,2330,0,0,0,0,0
2020-05-05,US,South Dakota,Hamlin,2,0,0,44.67385954,-97.18829593,46057.0,2,2,0,0,2,2,6111,0,0,0,0,0
2020-05-05,US,South Dakota,Hand,1,0,0,44.54708407,-99.00386459,46059.0,1,1,0,0,1,1,3262,0,0,0,0,0
2020-05-05,US,South Dakota,Hughes,13,0,0,44.39091534,-99.99661148,46065.0,13,13,0,0,13,13,17650,0,0,0,0,0
2020-05-05,US,South Dakota,Hutchinson,3,0,0,43.33449012,-97.75536441,46067.0,3,3,0,0,3,3,7380,0,0,0,0,0
2020-05-05,US,South Dakota,Hyde,1,0,0,44.54747703,-99.48572582,46069.0,1,1,0,0,1,1,1282,0,0,0,0,0
2020-05-05,US,South Dakota,Jerauld,6,1,0,44.06637798,-98.62965972,46073.0,5,6,1,0,5,6,2043,0,0,0,0,0
2020-05-05,US,South Dakota,Lake,4,0,0,44.02193107,-97.12926365,46079.0,4,4,0,0,4,4,13057,0,0,0,0,0
2020-05-05,US,South Dakota,Lawrence,9,0,0,44.35919441,-103.7929428,46081.0,9,9,0,0,9,9,25741,0,0,0,0,0
2020-05-05,US,South Dakota,Lincoln,164,0,0,43.27841182,-96.7203905,46083.0,164,163,0,0,163,162,58807,1,0,0,1,1
2020-05-05,US,South Dakota,Lyman,3,0,0,43.89522709,-99.85201878,46085.0,3,3,0,0,3,3,3821,0,0,0,0,0
2020-05-05,US,South Dakota,Marshall,1,0,0,45.75870838,-97.59855639,46091.0,1,1,0,0,1,1,5112,0,0,0,0,0
2020-05-05,US,South Dakota,McCook,4,1,0,43.6742571,-97.36863144,46087.0,3,4,1,0,3,4,5546,0,0,0,0,0
2020-05-05,US,South Dakota,McPherson,1,0,0,45.76626028,-99.22118798,46089.0,1,1,0,0,1,1,2407,0,0,0,0,0
2020-05-05,US,South Dakota,Meade,2,0,0,44.56676791,-102.7162741,46093.0,2,1,0,0,1,1,28294,1,0,0,1,0
2020-05-05,US,South Dakota,Miner,1,0,0,44.02197882,-97.60992207,46097.0,1,1,0,0,1,1,2213,0,0,0,0,0
2020-05-05,US,South Dakota,Minnehaha,2195,19,0,43.67441641,-96.7910885,46099.0,2176,2170,16,0,2154,2142,192876,25,3,0,22,28
2020-05-05,US,South Dakota,Moody,6,0,0,44.02266214,-96.67081159,46101.0,6,6,0,0,6,6,6579,0,0,0,0,0
2020-05-05,US,South Dakota,Oglala Lakota,1,0,0,43.33749164,-102.5555498,46102.0,1,1,0,0,1,1,14309,0,0,0,0,0
2020-05-05,US,South Dakota,Pennington,16,1,0,44.0025835,-102.8240777,46103.0,15,14,1,0,13,14,111729,2,0,0,2,0
2020-05-05,US,South Dakota,Roberts,10,0,0,45.62975048,-96.94672673,46109.0,10,10,0,0,10,10,10447,0,0,0,0,0
2020-05-05,US,South Dakota,Sanborn,3,0,0,44.02351092,-98.0909816,46111.0,3,3,0,0,3,3,2429,0,0,0,0,0
2020-05-05,US,South Dakota,Spink,3,0,0,44.93837606,-98.34626602,46115.0,3,3,0,0,3,3,6495,0,0,0,0,0
2020-05-05,US,South Dakota,Stanley,8,0,0,44.41381872,-100.7349153,46117.0,8,8,0,0,8,8,3022,0,0,0,0,0
2020-05-05,US,South Dakota,Sully,1,0,0,44.71571812,-100.1278092,46119.0,1,1,0,0,1,1,1392,0,0,0,0,0
2020-05-05,US,South Dakota,Todd,6,0,0,43.19338568,-100.7195503,46121.0,6,3,0,0,3,3,10283,3,0,0,3,0
2020-05-05,US,South Dakota,Turner,17,0,0,43.3109081,-97.14865776,46125.0,17,17,0,0,17,17,8424,0,0,0,0,0
2020-05-05,US,South Dakota,Union,46,0,0,42.83112163,-96.6557828,46127.0,46,32,0,0,32,31,15619,14,0,0,14,1
2020-05-05,US,South Dakota,Walworth,5,0,0,45.43019636,-100.0307514,46129.0,5,5,0,0,5,5,5587,0,0,0,0,0
2020-05-05,US,South Dakota,Yankton,28,0,0,43.00924485,-97.39467635,46135.0,28,28,0,0,28,28,22869,0,0,0,0,0
2020-05-05,US,Tennessee,Anderson,29,1,0,36.12684348,-84.19965764,47001.0,28,30,1,0,29,28,76482,-1,0,0,-1,2
2020-05-05,US,Tennessee,Bedford,201,3,0,35.51123746,-86.45549096,47003.0,198,200,3,0,197,200,49038,1,0,0,1,0
2020-05-05,US,Tennessee,Benton,6,1,0,36.07110411,-88.06849355,47005.0,5,6,1,0,5,6,16184,0,0,0,0,0
2020-05-05,US,Tennessee,Bledsoe,601,0,0,35.59942968,-85.20611967,47007.0,601,598,0,0,598,598,14755,3,0,0,3,0
2020-05-05,US,Tennessee,Blount,73,3,0,35.68938198,-83.92847788,47009.0,70,70,3,0,67,63,131349,3,0,0,3,7
2020-05-05,US,Tennessee,Bradley,59,1,0,35.15739424,-84.857186,47011.0,58,56,1,0,55,53,106727,3,0,0,3,3
2020-05-05,US,Tennessee,Campbell,17,1,0,36.40355516,-84.15108559999999,47013.0,16,17,1,0,16,16,39583,0,0,0,0,1
2020-05-05,US,Tennessee,Cannon,12,0,0,35.80990797,-86.05738983,47015.0,12,12,0,0,12,12,14462,0,0,0,0,0
2020-05-05,US,Tennessee,Carroll,22,1,0,35.97366108,-88.45189331,47017.0,21,23,1,0,22,18,28020,-1,0,0,-1,5
2020-05-05,US,Tennessee,Carter,16,1,0,36.28969086,-82.12588974,47019.0,15,14,1,0,13,14,56351,2,0,0,2,0
2020-05-05,US,Tennessee,Cheatham,57,0,0,36.26136216,-87.08903581,47021.0,57,56,0,0,56,53,40439,1,0,0,1,3
2020-05-05,US,Tennessee,Chester,10,0,0,35.42527478,-88.6095842,47023.0,10,10,0,0,10,10,17276,0,0,0,0,0
2020-05-05,US,Tennessee,Claiborne,6,0,0,36.48319149,-83.65947309,47025.0,6,5,0,0,5,5,31756,1,0,0,1,0
2020-05-05,US,Tennessee,Clay,5,0,0,36.55151008,-85.53930419,47027.0,5,5,0,0,5,5,7717,0,0,0,0,0
2020-05-05,US,Tennessee,Cocke,19,0,0,35.9278914,-83.11828725,47029.0,19,19,0,0,19,16,35774,0,0,0,0,3
2020-05-05,US,Tennessee,Coffee,45,0,0,35.49090731,-86.07311784,47031.0,45,44,0,0,44,41,55700,1,0,0,1,3
2020-05-05,US,Tennessee,Crockett,9,0,0,35.81830662,-89.14916269,47033.0,9,9,0,0,9,7,14328,0,0,0,0,2
2020-05-05,US,Tennessee,Cumberland,84,1,0,35.95271721,-84.99840585,47035.0,83,84,1,0,83,80,59673,0,0,0,0,4
2020-05-05,US,Tennessee,Davidson,3033,30,0,36.17007426,-86.78646056,47037.0,3003,2999,29,0,2970,2904,692587,34,1,0,33,95
2020-05-05,US,Tennessee,DeKalb,25,0,0,35.97616272,-85.83689361,47041.0,25,25,0,0,25,21,20138,0,0,0,0,4
2020-05-05,US,Tennessee,Decatur,4,0,0,35.60048904,-88.11043779,47039.0,4,4,0,0,4,4,11706,0,0,0,0,0
2020-05-05,US,Tennessee,Dickson,84,0,0,36.14669837,-87.35891709,47043.0,84,82,0,0,82,80,53446,2,0,0,2,2
2020-05-05,US,Tennessee,Dyer,40,0,0,36.05931946,-89.41542855,47045.0,40,39,0,0,39,36,37320,1,0,0,1,3
2020-05-05,US,Tennessee,Fayette,69,1,0,35.19615831,-89.41399032,47047.0,68,68,1,0,67,63,40507,1,0,0,1,5
2020-05-05,US,Tennessee,Fentress,5,0,0,36.38128818,-84.92870012,47049.0,5,5,0,0,5,4,18217,0,0,0,0,1
2020-05-05,US,Tennessee,Franklin,36,1,0,35.15634626,-86.09201039,47051.0,35,36,1,0,35,36,41890,0,0,0,0,0
2020-05-05,US,Tennessee,Gibson,53,1,0,35.99438059,-88.93358327,47053.0,52,53,1,0,52,50,49045,0,0,0,0,3
2020-05-05,US,Tennessee,Giles,8,0,0,35.20222469,-87.03992678,47055.0,8,8,0,0,8,8,29503,0,0,0,0,0
2020-05-05,US,Tennessee,Grainger,7,0,0,36.27469206,-83.51254721,47057.0,7,7,0,0,7,6,23145,0,0,0,0,1
2020-05-05,US,Tennessee,Greene,43,2,0,36.17470125,-82.84691273,47059.0,41,43,2,0,41,43,69087,0,0,0,0,0
2020-05-05,US,Tennessee,Grundy,28,1,0,35.38433717,-85.72142731,47061.0,27,28,1,0,27,28,13346,0,0,0,0,0
2020-05-05,US,Tennessee,Hamblen,23,2,0,36.21990035,-83.26586179,47063.0,21,22,2,0,20,19,64569,1,0,0,1,3
2020-05-05,US,Tennessee,Hamilton,184,13,0,35.17670231,-85.16652245,47065.0,171,180,13,0,167,172,364286,4,0,0,4,8
2020-05-05,US,Tennessee,Hardeman,20,0,0,35.20772017,-88.99161161,47069.0,20,20,0,0,20,19,25220,0,0,0,0,1
2020-05-05,US,Tennessee,Hardin,7,0,0,35.19732531,-88.18593755,47071.0,7,7,0,0,7,7,25776,0,0,0,0,0
2020-05-05,US,Tennessee,Hawkins,31,2,0,36.44355426,-82.94885298,47073.0,29,31,2,0,29,30,56530,0,0,0,0,1
2020-05-05,US,Tennessee,Haywood,27,1,0,35.58332824,-89.28536625,47075.0,26,27,1,0,26,25,17335,0,0,0,0,2
2020-05-05,US,Tennessee,Henderson,10,0,0,35.65581134,-88.38600175,47077.0,10,9,0,0,9,9,27847,1,0,0,1,0
2020-05-05,US,Tennessee,Henry,13,0,0,36.33160906,-88.30121797,47079.0,13,13,0,0,13,13,32358,0,0,0,0,0
2020-05-05,US,Tennessee,Hickman,47,0,0,35.80609681,-87.47643507,47081.0,47,45,0,0,45,45,25063,2,0,0,2,0
2020-05-05,US,Tennessee,Houston,6,0,0,36.28872054,-87.71878828,47083.0,6,5,0,0,5,5,8263,1,0,0,1,0
2020-05-05,US,Tennessee,Humphreys,11,1,0,36.03958805,-87.77992872,47085.0,10,11,1,0,10,11,18486,0,0,0,0,0
2020-05-05,US,Tennessee,Jackson,7,0,0,36.36380466,-85.67239905,47087.0,7,7,0,0,7,7,11758,0,0,0,0,0
2020-05-05,US,Tennessee,Jefferson,27,0,0,36.04818632,-83.45148924,47089.0,27,28,0,0,28,24,54012,-1,0,0,-1,4
2020-05-05,US,Tennessee,Johnson,5,0,0,36.45523950000001,-81.84886538,47091.0,5,5,0,0,5,3,17778,0,0,0,0,2
2020-05-05,US,Tennessee,Knox,251,5,0,35.99508821,-83.94635435,47093.0,246,249,5,0,244,243,465289,2,0,0,2,6
2020-05-05,US,Tennessee,Lake,58,0,0,36.34180170000001,-89.48921915,47095.0,58,58,0,0,58,57,7411,0,0,0,0,1
2020-05-05,US,Tennessee,Lauderdale,25,0,0,35.75893438,-89.63015909999999,47097.0,25,25,0,0,25,24,25825,0,0,0,0,1
2020-05-05,US,Tennessee,Lawrence,17,0,0,35.21675201,-87.39787695,47099.0,17,17,0,0,17,17,43734,0,0,0,0,0
2020-05-05,US,Tennessee,Lewis,2,0,0,35.52853208,-87.49022694,47101.0,2,2,0,0,2,2,12086,0,0,0,0,0
2020-05-05,US,Tennessee,Lincoln,16,0,0,35.13738622,-86.58910106,47103.0,16,16,0,0,16,14,34117,0,0,0,0,2
2020-05-05,US,Tennessee,Loudon,39,0,0,35.73939663,-84.31145275,47105.0,39,39,0,0,39,37,53054,0,0,0,0,2
2020-05-05,US,Tennessee,Macon,53,3,0,36.53157855,-86.00778595,47111.0,50,53,3,0,50,50,24265,0,0,0,0,3
2020-05-05,US,Tennessee,Madison,140,1,0,35.61181957,-88.84076036,47113.0,139,142,1,0,141,140,97605,-2,0,0,-2,2
2020-05-05,US,Tennessee,Marion,29,1,0,35.12997174,-85.62265895,47115.0,28,29,1,0,28,29,28575,0,0,0,0,0
2020-05-05,US,Tennessee,Marshall,24,1,0,35.45798777,-86.76420988,47117.0,23,24,1,0,23,23,33683,0,0,0,0,1
2020-05-05,US,Tennessee,Maury,49,0,0,35.6187413,-87.07462444,47119.0,49,49,0,0,49,44,94340,0,0,0,0,5
2020-05-05,US,Tennessee,McMinn,106,2,0,35.42812616,-84.61520715,47107.0,104,103,1,0,102,100,53285,3,1,0,2,3
2020-05-05,US,Tennessee,McNairy,11,0,0,35.17468549,-88.5647812,47109.0,11,11,0,0,11,11,25832,0,0,0,0,0
2020-05-05,US,Tennessee,Meigs,10,0,0,35.51558739,-84.81482914,47121.0,10,10,0,0,10,9,12306,0,0,0,0,1
2020-05-05,US,Tennessee,Monroe,32,1,0,35.44550387,-84.24902965,47123.0,31,29,1,0,28,21,46357,3,0,0,3,8
2020-05-05,US,Tennessee,Montgomery,151,2,0,36.49609412,-87.38550661,47125.0,149,149,2,0,147,148,205950,2,0,0,2,1
2020-05-05,US,Tennessee,Moore,3,0,0,35.27724699,-86.36230578,47127.0,3,3,0,0,3,3,6411,0,0,0,0,0
2020-05-05,US,Tennessee,Morgan,6,0,0,36.13248031,-84.64880098,47129.0,6,6,0,0,6,6,21579,0,0,0,0,0
2020-05-05,US,Tennessee,Obion,16,1,0,36.35732446,-89.14921589,47131.0,15,17,1,0,16,15,30267,-1,0,0,-1,2
2020-05-05,US,Tennessee,Out of TN,356,5,0,0.0,0.0,80047.0,351,347,5,0,342,311,,9,0,0,9,36
2020-05-05,US,Tennessee,Overton,10,0,0,36.34117832,-85.28989535,47133.0,10,9,0,0,9,9,22068,1,0,0,1,0
2020-05-05,US,Tennessee,Perry,12,0,0,35.63708728,-87.86139634,47135.0,12,12,0,0,12,12,8064,0,0,0,0,0
2020-05-05,US,Tennessee,Polk,12,0,0,35.12245443,-84.52075859,47139.0,12,12,0,0,12,11,16898,0,0,0,0,1
2020-05-05,US,Tennessee,Putnam,160,5,0,36.14005459,-85.50646123,47141.0,155,139,5,0,134,136,78843,21,0,0,21,3
2020-05-05,US,Tennessee,Rhea,6,0,0,35.60536161,-84.93076643,47143.0,6,5,0,0,5,5,33044,1,0,0,1,0
2020-05-05,US,Tennessee,Roane,8,0,0,35.84923189,-84.52458689,47145.0,8,8,0,0,8,7,53140,0,0,0,0,1
2020-05-05,US,Tennessee,Robertson,185,0,0,36.52454807,-86.87346725,47147.0,185,184,0,0,184,179,71012,1,0,0,1,5
2020-05-05,US,Tennessee,Rutherford,620,12,0,35.84591405,-86.4107263,47149.0,608,603,11,0,592,579,324890,17,1,0,16,24
2020-05-05,US,Tennessee,Scott,12,0,0,36.42325673,-84.50360494,47151.0,12,12,0,0,12,11,22039,0,0,0,0,1
2020-05-05,US,Tennessee,Sequatchie,5,0,0,35.36979721,-85.41022136,47153.0,5,5,0,0,5,5,14876,0,0,0,0,0
2020-05-05,US,Tennessee,Sevier,60,2,0,35.78077323,-83.52244332,47155.0,58,58,1,0,57,51,97892,2,1,0,1,7
2020-05-05,US,Tennessee,Shelby,2901,60,0,35.1864775,-89.89692423,47157.0,2841,2878,58,0,2820,2815,935764,23,2,0,21,63
2020-05-05,US,Tennessee,Smith,23,1,0,36.25359775,-85.95411046,47159.0,22,24,1,0,23,22,19942,-1,0,0,-1,2
2020-05-05,US,Tennessee,Stewart,7,0,0,36.50235092,-87.83920548,47161.0,7,8,0,0,8,7,13561,-1,0,0,-1,1
2020-05-05,US,Tennessee,Sullivan,59,1,0,36.51240691,-82.30412917,47163.0,58,57,1,0,56,51,157668,2,0,0,2,6
2020-05-05,US,Tennessee,Sumner,665,38,0,36.46824103,-86.45917204,47165.0,627,663,38,0,625,653,187149,2,0,0,2,10
2020-05-05,US,Tennessee,Tipton,149,1,0,35.501942,-89.73694895,47167.0,148,148,1,0,147,146,61581,1,0,0,1,2
2020-05-05,US,Tennessee,Trousdale,1352,2,0,36.39026213,-86.16087954,47169.0,1350,1348,1,0,1347,1346,11012,4,1,0,3,2
2020-05-05,US,Tennessee,Unassigned,89,0,0,0.0,0.0,90047.0,89,133,0,0,133,118,,-44,0,0,-44,15
2020-05-05,US,Tennessee,Unicoi,2,0,0,36.10890856,-82.43709629,47171.0,2,2,0,0,2,2,17761,0,0,0,0,0
2020-05-05,US,Tennessee,Union,3,0,0,36.28590426,-83.83651902,47173.0,3,3,0,0,3,3,19688,0,0,0,0,0
2020-05-05,US,Tennessee,Van Buren,2,0,0,35.69864497,-85.45221699,47175.0,2,2,0,0,2,2,5765,0,0,0,0,0
2020-05-05,US,Tennessee,Warren,8,0,0,35.6728299,-85.77969117,47177.0,8,8,0,0,8,8,40878,0,0,0,0,0
2020-05-05,US,Tennessee,Washington,58,0,0,36.29472368,-82.49454720000001,47179.0,58,57,0,0,57,57,128607,1,0,0,1,0
2020-05-05,US,Tennessee,Wayne,4,0,0,35.23868267,-87.78644456,47181.0,4,4,0,0,4,4,16558,0,0,0,0,0
2020-05-05,US,Tennessee,Weakley,25,0,0,36.29896232,-88.71990865,47183.0,25,24,0,0,24,23,33415,1,0,0,1,1
2020-05-05,US,Tennessee,White,15,0,0,35.92929884,-85.45591799,47185.0,15,15,0,0,15,14,27107,0,0,0,0,1
2020-05-05,US,Tennessee,Williamson,439,9,0,35.89099229,-86.89281867,47187.0,430,431,9,0,422,427,231729,8,0,0,8,4
2020-05-05,US,Tennessee,Wilson,281,5,0,36.15496772,-86.29775884,47189.0,276,276,5,0,271,273,140625,5,0,0,5,3
2020-05-05,US,Texas,Anderson,38,0,0,31.81534745,-95.65354823,48001.0,38,34,0,0,34,32,58057,4,0,0,4,2
2020-05-05,US,Texas,Andrews,21,0,0,32.30468633,-102.6376548,48003.0,21,21,0,0,21,21,18128,0,0,0,0,0
2020-05-05,US,Texas,Angelina,79,0,0,31.25457347,-94.60901487,48005.0,79,55,0,0,55,55,87092,24,0,0,24,0
2020-05-05,US,Texas,Aransas,2,0,0,28.10556197,-96.9995047,48007.0,2,2,0,0,2,2,23792,0,0,0,0,0
2020-05-05,US,Texas,Armstrong,2,0,0,34.96507426,-101.3574874,48011.0,2,2,0,0,2,2,1892,0,0,0,0,0
2020-05-05,US,Texas,Atascosa,19,1,0,28.89333001,-98.52730485,48013.0,18,19,1,0,18,19,50310,0,0,0,0,0
2020-05-05,US,Texas,Austin,13,0,0,29.88548725,-96.27736949,48015.0,13,13,0,0,13,13,29989,0,0,0,0,0
2020-05-05,US,Texas,Bailey,1,0,0,34.06854817,-102.8299707,48017.0,1,,,,,,7027,,,,,
2020-05-05,US,Texas,Bandera,6,0,0,29.74619598,-99.24598147,48019.0,6,6,0,0,6,6,22824,0,0,0,0,0
2020-05-05,US,Texas,Bastrop,98,2,0,30.10370699,-97.31206354,48021.0,96,89,2,0,87,86,86976,9,0,0,9,3
2020-05-05,US,Texas,Bee,6,0,0,28.41761668,-97.74215593,48025.0,6,6,0,0,6,6,32587,0,0,0,0,0
2020-05-05,US,Texas,Bell,210,3,0,31.03736027,-97.4785025,48027.0,207,194,3,0,191,194,355642,16,0,0,16,0
2020-05-05,US,Texas,Bexar,1652,48,0,29.44928723,-98.52019748,48029.0,1604,1585,48,0,1537,1585,1986049,67,0,0,67,0
2020-05-05,US,Texas,Blanco,6,0,0,30.26640707,-98.3999852,48031.0,6,6,0,0,6,6,11702,0,0,0,0,0
2020-05-05,US,Texas,Bosque,5,0,0,31.89978581,-97.63613524,48035.0,5,4,0,0,4,4,18691,1,0,0,1,0
2020-05-05,US,Texas,Bowie,79,2,0,33.44626922,-94.41834132,48037.0,77,76,2,0,74,76,94324,3,0,0,3,0
2020-05-05,US,Texas,Brazoria,566,7,0,29.18757369,-95.44563172,48039.0,559,551,6,0,545,542,370200,15,1,0,14,9
2020-05-05,US,Texas,Brazos,209,16,0,30.663644800000004,-96.30205577,48041.0,193,208,16,0,192,208,226758,1,0,0,1,0
2020-05-05,US,Texas,Brewster,1,0,0,29.81008251,-103.2520326,48043.0,1,1,0,0,1,1,9267,0,0,0,0,0
2020-05-05,US,Texas,Briscoe,1,0,0,34.53026962,-101.2084947,48045.0,1,1,0,0,1,1,1516,0,0,0,0,0
2020-05-05,US,Texas,Brooks,1,0,0,27.03103197,-98.21808402,48047.0,1,1,0,0,1,1,7114,0,0,0,0,0
2020-05-05,US,Texas,Brown,38,6,0,31.77430356,-98.99907113,48049.0,32,36,5,0,31,36,37924,2,1,0,1,0
2020-05-05,US,Texas,Burleson,14,0,0,30.49273808,-96.62158484,48051.0,14,14,0,0,14,14,18389,0,0,0,0,0
2020-05-05,US,Texas,Burnet,24,0,0,30.78801353,-98.181887,48053.0,24,23,0,0,23,20,47542,1,0,0,1,3
2020-05-05,US,Texas,Caldwell,23,0,0,29.83668859,-97.61814775,48055.0,23,21,0,0,21,20,43247,2,0,0,2,1
2020-05-05,US,Texas,Calhoun,34,3,0,28.47048236,-96.61633945,48057.0,31,33,3,0,30,32,21561,1,0,0,1,1
2020-05-05,US,Texas,Callahan,2,0,0,32.29760619,-99.37326312,48059.0,2,2,0,0,2,2,13994,0,0,0,0,0
2020-05-05,US,Texas,Cameron,443,18,0,26.14524221,-97.48140372,48061.0,425,432,18,0,414,432,423908,11,0,0,11,0
2020-05-05,US,Texas,Camp,7,0,0,32.97195142,-94.97790104,48063.0,7,7,0,0,7,7,13033,0,0,0,0,0
2020-05-05,US,Texas,Carson,3,0,0,35.40365929,-101.3542669,48065.0,3,3,0,0,3,3,6005,0,0,0,0,0
2020-05-05,US,Texas,Cass,16,0,0,33.07499881,-94.34646905,48067.0,16,15,0,0,15,15,30119,1,0,0,1,0
2020-05-05,US,Texas,Castro,18,1,0,34.53016752,-102.2617243,48069.0,17,18,1,0,17,15,7665,0,0,0,0,3
2020-05-05,US,Texas,Chambers,45,0,0,29.70972016,-94.67154501,48071.0,45,45,0,0,45,44,42454,0,0,0,0,1
2020-05-05,US,Texas,Cherokee,19,1,0,31.837258,-95.16559897,48073.0,18,17,1,0,16,17,52592,2,0,0,2,0
2020-05-05,US,Texas,Childress,1,0,0,34.529304100000004,-100.2077916,48075.0,1,1,0,0,1,1,7291,0,0,0,0,0
2020-05-05,US,Texas,Clay,3,0,0,33.78686685,-98.20771198,48077.0,3,3,0,0,3,3,10456,0,0,0,0,0
2020-05-05,US,Texas,Cochran,1,0,0,33.60425307,-102.8284499,48079.0,1,1,0,0,1,1,2836,0,0,0,0,0
2020-05-05,US,Texas,Coke,1,0,0,31.88911733,-100.5297533,48081.0,1,,,,,,3370,,,,,
2020-05-05,US,Texas,Coleman,1,0,0,31.76736834,-99.45240766,48083.0,1,1,0,0,1,1,8397,0,0,0,0,0
2020-05-05,US,Texas,Collin,804,22,0,33.18820114,-96.57264368,48085.0,782,789,22,0,767,784,1005146,15,0,0,15,5
2020-05-05,US,Texas,Collingsworth,1,0,0,34.96489496,-100.2700111,48087.0,1,,,,,,2962,,,,,
2020-05-05,US,Texas,Colorado,10,0,0,29.622098,-96.5273805,48089.0,10,10,0,0,10,11,21217,0,0,0,0,-1
2020-05-05,US,Texas,Comal,58,6,0,29.80811278,-98.27647225,48091.0,52,58,6,0,52,58,148373,0,0,0,0,0
2020-05-05,US,Texas,Comanche,3,1,0,31.94854689,-98.55876441,48093.0,2,3,1,0,2,3,13534,0,0,0,0,0
2020-05-05,US,Texas,Concho,1,0,0,31.32635934,-99.86473038,48095.0,1,1,0,0,1,1,4276,0,0,0,0,0
2020-05-05,US,Texas,Cooke,9,0,0,33.63979567,-97.21240912,48097.0,9,9,0,0,9,8,40574,0,0,0,0,1
2020-05-05,US,Texas,Coryell,180,2,0,31.39078397,-97.79936155,48099.0,178,162,2,0,160,162,74808,18,0,0,18,0
2020-05-05,US,Texas,Cottle,3,0,0,34.07783319,-100.2785062,48101.0,3,2,0,0,2,2,1389,1,0,0,1,0
2020-05-05,US,Texas,Crane,2,0,0,31.43052248,-102.5143314,48103.0,2,2,0,0,2,2,4794,0,0,0,0,0
2020-05-05,US,Texas,Crosby,2,1,0,33.61431553,-101.3000364,48107.0,1,2,1,0,1,2,5779,0,0,0,0,0
2020-05-05,US,Texas,Dallam,12,1,0,36.27787176,-102.6020725,48111.0,11,13,1,0,12,12,7200,-1,0,0,-1,1
2020-05-05,US,Texas,Dallas,4623,121,0,32.76670599,-96.7779605,48113.0,4502,4370,114,0,4256,4133,2637772,253,7,0,246,237
2020-05-05,US,Texas,Dawson,29,1,0,32.74255572,-101.9477242,48115.0,28,26,1,0,25,26,12619,3,0,0,3,0
2020-05-05,US,Texas,DeWitt,15,1,0,29.08101855,-97.35681170000001,48123.0,14,15,1,0,14,15,20187,0,0,0,0,0
2020-05-05,US,Texas,Deaf Smith,38,0,0,34.96522957,-102.6054267,48117.0,38,37,0,0,37,35,18760,1,0,0,1,2
2020-05-05,US,Texas,Delta,1,0,0,33.38570922,-95.66921122,48119.0,1,1,0,0,1,1,5349,0,0,0,0,0
2020-05-05,US,Texas,Denton,806,22,0,33.20521901,-97.11691153,48121.0,784,803,22,0,781,799,859064,3,0,0,3,4
2020-05-05,US,Texas,Dickens,1,0,0,33.61616822,-100.7788855,48125.0,1,1,0,0,1,1,2249,0,0,0,0,0
2020-05-05,US,Texas,Dimmit,1,0,0,28.42270064,-99.75645095,48127.0,1,1,0,0,1,1,10308,0,0,0,0,0
2020-05-05,US,Texas,Donley,25,0,0,34.96517499,-100.8140093,48129.0,25,25,0,0,25,25,3319,0,0,0,0,0
2020-05-05,US,Texas,Duval,3,0,0,27.68184592,-98.50864568,48131.0,3,3,0,0,3,3,11212,0,0,0,0,0
2020-05-05,US,Texas,Eastland,3,0,0,32.32743996,-98.83243566,48133.0,3,3,0,0,3,3,18322,0,0,0,0,0
2020-05-05,US,Texas,Ector,84,4,0,31.86898877,-102.5429428,48135.0,80,84,4,0,80,81,162124,0,0,0,0,3
2020-05-05,US,Texas,El Paso,1029,22,0,31.76980765,-106.2363275,48141.0,1007,998,22,0,976,986,840758,31,0,0,31,12
2020-05-05,US,Texas,Ellis,176,6,0,32.34894117,-96.79371841,48139.0,170,169,6,0,163,166,179436,7,0,0,7,3
2020-05-05,US,Texas,Erath,12,1,0,32.23602653,-98.21773417,48143.0,11,12,1,0,11,12,42446,0,0,0,0,0
2020-05-05,US,Texas,Falls,6,0,0,31.25350609,-96.93630086,48145.0,6,4,0,0,4,4,17335,2,0,0,2,0
2020-05-05,US,Texas,Fannin,20,0,0,33.59564294,-96.10751083,48147.0,20,20,0,0,20,19,35286,0,0,0,0,1
2020-05-05,US,Texas,Fayette,17,1,0,29.87788372,-96.92076062,48149.0,16,15,1,0,14,15,25349,2,0,0,2,0
2020-05-05,US,Texas,Floyd,4,0,0,34.07227468,-101.3031546,48153.0,4,3,0,0,3,3,5837,1,0,0,1,0
2020-05-05,US,Texas,Fort Bend,1187,28,0,29.52704478,-95.77219463,48157.0,1159,1183,28,0,1155,1133,787858,4,0,0,4,50
2020-05-05,US,Texas,Franklin,2,0,0,33.17653242,-95.21917243,48159.0,2,2,0,0,2,2,10766,0,0,0,0,0
2020-05-05,US,Texas,Freestone,7,0,0,31.70422788,-96.15072516,48161.0,7,7,0,0,7,7,19808,0,0,0,0,0
2020-05-05,US,Texas,Frio,10,0,0,28.86751206,-99.10804207,48163.0,10,10,0,0,10,10,19816,0,0,0,0,0
2020-05-05,US,Texas,Gaines,3,0,0,32.74055318,-102.6353295,48165.0,3,2,0,0,2,2,20901,1,0,0,1,0
2020-05-05,US,Texas,Galveston,648,28,0,29.40167322,-94.90469073,48167.0,620,636,28,0,608,629,337890,12,0,0,12,7
2020-05-05,US,Texas,Garza,3,0,0,33.17969345,-101.2984114,48169.0,3,3,0,0,3,3,6578,0,0,0,0,0
2020-05-05,US,Texas,Gillespie,4,0,0,30.31824095,-98.94676915,48171.0,4,4,0,0,4,3,26804,0,0,0,0,1
2020-05-05,US,Texas,Glasscock,1,0,0,31.86942909,-101.5207776,48173.0,1,1,0,0,1,1,1388,0,0,0,0,0
2020-05-05,US,Texas,Goliad,7,0,0,28.65696592,-97.42760647,48175.0,7,7,0,0,7,7,7584,0,0,0,0,0
2020-05-05,US,Texas,Gonzales,31,2,0,29.45634206,-97.49424032,48177.0,29,30,2,0,28,27,20826,1,0,0,1,3
2020-05-05,US,Texas,Gray,68,0,0,35.40081878,-100.8129222,48179.0,68,67,0,0,67,58,21895,1,0,0,1,9
2020-05-05,US,Texas,Grayson,53,0,0,33.62744998,-96.67753461,48181.0,53,49,0,0,49,41,133991,4,0,0,4,8
2020-05-05,US,Texas,Gregg,97,0,0,32.47940482,-94.81591935,48183.0,97,87,0,0,87,87,123707,10,0,0,10,0
2020-05-05,US,Texas,Grimes,22,1,0,30.54579585,-95.98902499,48185.0,21,22,1,0,21,22,28360,0,0,0,0,0
2020-05-05,US,Texas,Guadalupe,87,0,0,29.58165339,-97.94786822,48187.0,87,86,0,0,86,85,163694,1,0,0,1,1
2020-05-05,US,Texas,Hale,29,4,0,34.07044901,-101.8268114,48189.0,25,29,4,0,25,29,33830,0,0,0,0,0
2020-05-05,US,Texas,Hamilton,5,0,0,31.70470573,-98.11083887,48193.0,5,5,0,0,5,5,8484,0,0,0,0,0
2020-05-05,US,Texas,Hansford,11,2,0,36.27743284,-101.3545796,48195.0,9,7,1,0,6,7,5463,4,1,0,3,0
2020-05-05,US,Texas,Hardin,112,3,0,30.33364686,-94.38931817,48199.0,109,103,3,0,100,103,57207,9,0,0,9,0
2020-05-05,US,Texas,Harris,7128,144,0,29.86,-95.39,48201.0,6984,6967,140,0,6827,6838,4698619,161,4,0,157,129
2020-05-05,US,Texas,Harrison,149,6,0,32.54935988,-94.36934071,48203.0,143,140,6,0,134,140,66726,9,0,0,9,0
2020-05-05,US,Texas,Hartley,7,1,0,35.84008013,-102.6029022,48205.0,6,5,0,0,5,5,5619,2,1,0,1,0
2020-05-05,US,Texas,Hays,176,1,0,30.05669873,-98.02944344,48209.0,175,168,1,0,167,167,222631,8,0,0,8,1
2020-05-05,US,Texas,Hemphill,1,0,0,35.83764858,-100.2703577,48211.0,1,1,0,0,1,1,3825,0,0,0,0,0
2020-05-05,US,Texas,Henderson,32,0,0,32.21128872,-95.85846587,48213.0,32,28,0,0,28,28,82299,4,0,0,4,0
2020-05-05,US,Texas,Hidalgo,353,7,0,26.39418217,-98.18299696,48215.0,346,341,6,0,335,340,865939,12,1,0,11,1
2020-05-05,US,Texas,Hill,18,1,0,31.99045053,-97.13423143,48217.0,17,17,1,0,16,17,36354,1,0,0,1,0
2020-05-05,US,Texas,Hockley,20,1,0,33.60771256,-102.3431676,48219.0,19,20,1,0,19,20,22980,0,0,0,0,0
2020-05-05,US,Texas,Hood,20,3,0,32.42990927,-97.83242024,48221.0,17,20,3,0,17,20,60537,0,0,0,0,0
2020-05-05,US,Texas,Hopkins,6,0,0,33.14875072,-95.56351139,48223.0,6,6,0,0,6,6,36810,0,0,0,0,0
2020-05-05,US,Texas,Houston,8,0,0,31.31925973,-95.42226208,48225.0,8,7,0,0,7,7,23169,1,0,0,1,0
2020-05-05,US,Texas,Howard,5,1,0,32.30621324,-101.4356444,48227.0,4,4,1,0,3,4,36459,1,0,0,1,0
2020-05-05,US,Texas,Hunt,52,3,0,33.12351514,-96.08551032,48231.0,49,49,3,0,46,49,96493,3,0,0,3,0
2020-05-05,US,Texas,Hutchinson,19,0,0,35.84006574,-101.3546643,48233.0,19,16,0,0,16,16,21198,3,0,0,3,0
2020-05-05,US,Texas,Jack,4,0,0,33.23377248,-98.17283469,48237.0,4,4,0,0,4,4,8843,0,0,0,0,0
2020-05-05,US,Texas,Jackson,14,0,0,28.95472367,-96.57749563,48239.0,14,14,0,0,14,14,14874,0,0,0,0,0
2020-05-05,US,Texas,Jasper,18,1,0,30.74685667,-94.02667579,48241.0,17,18,1,0,17,18,35872,0,0,0,0,0
2020-05-05,US,Texas,Jefferson,333,23,0,29.8832777,-94.16434171,48245.0,310,325,23,0,302,319,255001,8,0,0,8,6
2020-05-05,US,Texas,Jim Hogg,3,0,0,27.04453923,-98.6968187,48247.0,3,3,0,0,3,3,5248,0,0,0,0,0
2020-05-05,US,Texas,Jim Wells,5,0,0,27.73103938,-98.0904705,48249.0,5,5,0,0,5,5,40822,0,0,0,0,0
2020-05-05,US,Texas,Johnson,87,4,0,32.37877812,-97.36615819,48251.0,83,83,4,0,79,82,171361,4,0,0,4,1
2020-05-05,US,Texas,Jones,78,0,0,32.73997145,-99.87861576,48253.0,78,78,0,0,78,62,19817,0,0,0,0,16
2020-05-05,US,Texas,Karnes,3,0,0,28.90705334,-97.85960149,48255.0,3,3,0,0,3,3,15650,0,0,0,0,0
2020-05-05,US,Texas,Kaufman,96,1,0,32.599141700000004,-96.28734728,48257.0,95,90,1,0,89,87,128622,6,0,0,6,3
2020-05-05,US,Texas,Kendall,17,0,0,29.94414155,-98.7113588,48259.0,17,16,0,0,16,16,45641,1,0,0,1,0
2020-05-05,US,Texas,Kerr,5,0,0,30.06040006,-99.34930144,48265.0,5,5,0,0,5,5,52405,0,0,0,0,0
2020-05-05,US,Texas,Kleberg,10,1,0,27.42435506,-97.69894948,48273.0,9,10,1,0,9,10,31129,0,0,0,0,0
2020-05-05,US,Texas,Knox,1,0,0,33.60519951,-99.7422906,48275.0,1,1,0,0,1,1,3653,0,0,0,0,0
2020-05-05,US,Texas,La Salle,1,0,0,28.34453111,-99.09908775,48283.0,1,1,0,0,1,1,7531,0,0,0,0,0
2020-05-05,US,Texas,Lamar,69,1,0,33.66981763,-95.57404777,48277.0,68,67,1,0,66,67,49728,2,0,0,2,0
2020-05-05,US,Texas,Lamb,4,0,0,34.06859623,-102.3516289,48279.0,4,4,0,0,4,4,13158,0,0,0,0,0
2020-05-05,US,Texas,Lampasas,5,0,0,31.19531316,-98.24206613,48281.0,5,4,0,0,4,4,21229,1,0,0,1,0
2020-05-05,US,Texas,Lavaca,6,1,0,29.38508402,-96.93186692,48285.0,5,6,1,0,5,6,20110,0,0,0,0,0
2020-05-05,US,Texas,Lee,2,0,0,30.31120597,-96.97045773,48287.0,2,2,0,0,2,2,17144,0,0,0,0,0
2020-05-05,US,Texas,Leon,7,0,0,31.29872538,-95.9936328,48289.0,7,6,0,0,6,6,17270,1,0,0,1,0
2020-05-05,US,Texas,Liberty,46,1,0,30.15152688,-94.81205615,48291.0,45,45,1,0,44,45,86323,1,0,0,1,0
2020-05-05,US,Texas,Limestone,13,1,0,31.5454767,-96.58095444,48293.0,12,13,1,0,12,13,23519,0,0,0,0,0
2020-05-05,US,Texas,Lipscomb,2,0,0,36.27783108,-100.2733151,48295.0,2,2,0,0,2,2,3355,0,0,0,0,0
2020-05-05,US,Texas,Live Oak,5,0,0,28.35101362,-98.1246786,48297.0,5,5,0,0,5,5,12166,0,0,0,0,0
2020-05-05,US,Texas,Llano,3,0,0,30.70645047,-98.68475262,48299.0,3,3,0,0,3,3,21646,0,0,0,0,0
2020-05-05,US,Texas,Lubbock,560,45,0,33.61008596,-101.8204789,48303.0,515,553,44,0,509,549,307412,7,1,0,6,4
2020-05-05,US,Texas,Lynn,5,1,0,33.17657705,-101.8162849,48305.0,4,5,1,0,4,5,5877,0,0,0,0,0
2020-05-05,US,Texas,Madison,1,0,0,30.96694679,-95.93003775,48313.0,1,1,0,0,1,1,14422,0,0,0,0,0
2020-05-05,US,Texas,Marion,15,0,0,32.79868409,-94.3566123,48315.0,15,15,0,0,15,15,9928,0,0,0,0,0
2020-05-05,US,Texas,Martin,3,1,0,32.30600051,-101.9513518,48317.0,2,2,0,0,2,2,5753,1,1,0,0,0
2020-05-05,US,Texas,Mason,26,0,0,30.71780434,-99.22629416,48319.0,26,24,0,0,24,24,4280,2,0,0,2,0
2020-05-05,US,Texas,Matagorda,64,3,0,28.81955746,-96.01230294,48321.0,61,64,3,0,61,62,36552,0,0,0,0,2
2020-05-05,US,Texas,Maverick,26,0,0,28.7429195,-100.3157686,48323.0,26,26,0,0,26,26,58485,0,0,0,0,0
2020-05-05,US,Texas,McCulloch,3,0,0,31.1925468,-99.34682807,48307.0,3,3,0,0,3,3,7987,0,0,0,0,0
2020-05-05,US,Texas,McLennan,91,4,0,31.55255453,-97.20217694,48309.0,87,91,4,0,87,91,254607,0,0,0,0,0
2020-05-05,US,Texas,Medina,20,2,0,29.3557301,-99.11030298,48325.0,18,20,2,0,18,20,50921,0,0,0,0,0
2020-05-05,US,Texas,Midland,90,8,0,31.86904128,-102.0315682,48329.0,82,89,8,0,81,82,172578,1,0,0,1,7
2020-05-05,US,Texas,Milam,18,1,0,30.78581830000001,-96.97718698,48331.0,17,18,1,0,17,17,25131,0,0,0,0,1
2020-05-05,US,Texas,Mitchell,1,0,0,32.30623474,-100.9212058,48335.0,1,1,0,0,1,1,8145,0,0,0,0,0
2020-05-05,US,Texas,Montague,8,1,0,33.67521893,-97.72500958,48337.0,7,7,1,0,6,6,19596,1,0,0,1,1
2020-05-05,US,Texas,Montgomery,662,15,0,30.30079133,-95.50572772,48339.0,647,640,15,0,625,634,590925,22,0,0,22,6
2020-05-05,US,Texas,Moore,434,6,0,35.83769242,-101.8930281,48341.0,428,399,6,0,393,399,21485,35,0,0,35,0
2020-05-05,US,Texas,Morris,9,0,0,33.11304005,-94.73255695,48343.0,9,9,0,0,9,9,12339,0,0,0,0,0
2020-05-05,US,Texas,Motley,1,0,0,34.07408766,-100.779722,48345.0,1,1,0,0,1,1,1234,0,0,0,0,0
2020-05-05,US,Texas,Nacogdoches,187,7,0,31.62017125,-94.61803994,48347.0,180,174,7,0,167,172,65711,13,0,0,13,2
2020-05-05,US,Texas,Navarro,31,2,0,32.04620681,-96.47428766,48349.0,29,31,2,0,29,31,49565,0,0,0,0,0
2020-05-05,US,Texas,Newton,2,0,0,30.78548982,-93.74408813,48351.0,2,2,0,0,2,2,13746,0,0,0,0,0
2020-05-05,US,Texas,Nolan,2,0,0,32.30365282,-100.4060208,48353.0,2,2,0,0,2,2,14751,0,0,0,0,0
2020-05-05,US,Texas,Nueces,113,3,0,27.736286,-97.5433285,48355.0,110,107,3,0,104,107,362265,6,0,0,6,0
2020-05-05,US,Texas,Ochiltree,25,1,0,36.27829105,-100.8158184,48357.0,24,19,1,0,18,19,9947,6,0,0,6,0
2020-05-05,US,Texas,Oldham,3,1,0,35.40425596,-102.6027606,48359.0,2,3,1,0,2,3,2131,0,0,0,0,0
2020-05-05,US,Texas,Orange,77,2,0,30.11879481,-93.89412775,48361.0,75,71,1,0,70,71,83572,6,1,0,5,0
2020-05-05,US,Texas,Palo Pinto,8,1,0,32.75310985,-98.31319001,48363.0,7,8,1,0,7,8,28875,0,0,0,0,0
2020-05-05,US,Texas,Panola,135,3,0,32.163959600000005,-94.30552481,48365.0,132,135,7,0,128,133,23148,0,-4,0,4,2
2020-05-05,US,Texas,Parker,40,0,0,32.77757172,-97.80500621,48367.0,40,39,0,0,39,35,138371,1,0,0,1,4
2020-05-05,US,Texas,Parmer,13,0,0,34.52993409,-102.7844668,48369.0,13,13,0,0,13,8,9864,0,0,0,0,5
2020-05-05,US,Texas,Pecos,13,0,0,30.78097267,-102.7241261,48371.0,13,10,0,0,10,10,15673,3,0,0,3,0
2020-05-05,US,Texas,Polk,30,0,0,30.79472531,-94.8276624,48373.0,30,20,0,0,20,20,50031,10,0,0,10,0
2020-05-05,US,Texas,Potter,876,9,0,35.40133773,-101.893964,48375.0,867,818,9,0,809,766,119648,58,0,0,58,52
2020-05-05,US,Texas,Rains,2,0,0,32.87109387,-95.79232691,48379.0,2,2,0,0,2,2,12159,0,0,0,0,0
2020-05-05,US,Texas,Randall,296,3,0,34.96585996,-101.8971322,48381.0,293,279,3,0,276,270,136271,17,0,0,17,9
2020-05-05,US,Texas,Red River,1,0,0,33.61886692,-95.04841765,48387.0,1,1,0,0,1,1,12175,0,0,0,0,0
2020-05-05,US,Texas,Reeves,5,0,0,31.32323325,-103.6903896,48389.0,5,5,0,0,5,5,15695,0,0,0,0,0
2020-05-05,US,Texas,Refugio,1,0,0,28.3238976,-97.15766311,48391.0,1,1,0,0,1,,7032,0,0,0,0,
2020-05-05,US,Texas,Roberts,2,0,0,35.83809685,-100.813175,48393.0,2,2,0,0,2,2,903,0,0,0,0,0
2020-05-05,US,Texas,Robertson,4,0,0,31.02539637,-96.51272246,48395.0,4,4,0,0,4,4,17284,0,0,0,0,0
2020-05-05,US,Texas,Rockwall,91,3,0,32.89779518,-96.40771592,48397.0,88,88,3,0,85,85,100657,3,0,0,3,3
2020-05-05,US,Texas,Runnels,2,0,0,31.8314342,-99.97616148,48399.0,2,2,0,0,2,2,10234,0,0,0,0,0
2020-05-05,US,Texas,Rusk,38,1,0,32.10773545,-94.76176432,48401.0,37,36,1,0,35,36,54450,2,0,0,2,0
2020-05-05,US,Texas,Sabine,1,0,0,31.34318809,-93.85440451,48403.0,1,1,0,0,1,1,10589,0,0,0,0,0
2020-05-05,US,Texas,San Augustine,19,1,0,31.39457611,-94.17000399,48405.0,18,19,1,0,18,19,8232,0,0,0,0,0
2020-05-05,US,Texas,San Jacinto,10,0,0,30.57933681,-95.16260304,48407.0,10,10,0,0,10,10,28719,0,0,0,0,0
2020-05-05,US,Texas,San Patricio,13,0,0,28.00880118,-97.51763891,48409.0,13,13,0,0,13,12,66893,0,0,0,0,1
2020-05-05,US,Texas,Scurry,2,0,0,32.74613808,-100.9162664,48415.0,2,2,0,0,2,2,16866,0,0,0,0,0
2020-05-05,US,Texas,Shelby,129,4,0,31.79211404,-94.14550696,48419.0,125,117,4,0,113,117,25418,12,0,0,12,0
2020-05-05,US,Texas,Sherman,18,0,0,36.27751473,-101.8933156,48421.0,18,18,0,0,18,18,3079,0,0,0,0,0
2020-05-05,US,Texas,Smith,155,3,0,32.37474036,-95.2717568,48423.0,152,146,3,0,143,146,230221,9,0,0,9,0
2020-05-05,US,Texas,Starr,10,0,0,26.56150059,-98.73892358,48427.0,10,9,0,0,9,9,64525,1,0,0,1,0
2020-05-05,US,Texas,Stephens,1,0,0,32.73553157,-98.83631615,48429.0,1,1,0,0,1,1,9433,0,0,0,0,0
2020-05-05,US,Texas,Swisher,10,0,0,34.53028891,-101.7349174,48437.0,10,9,0,0,9,9,7462,1,0,0,1,0
2020-05-05,US,Texas,Tarrant,2624,77,0,32.77143818,-97.29101614,48439.0,2547,2584,75,0,2509,2503,2084931,40,2,0,38,81
2020-05-05,US,Texas,Taylor,356,5,0,32.30163422,-99.89007449,48441.0,351,349,5,0,344,348,137640,7,0,0,7,1
2020-05-05,US,Texas,Terry,12,0,0,33.17402785,-102.3354521,48445.0,12,11,0,0,11,11,12287,1,0,0,1,0
2020-05-05,US,Texas,Titus,21,0,0,33.21339719,-94.96797273,48449.0,21,20,0,0,20,20,33033,1,0,0,1,0
2020-05-05,US,Texas,Tom Green,79,1,0,31.40464436,-100.462443,48451.0,78,79,1,0,78,78,118189,0,0,0,0,1
2020-05-05,US,Texas,Travis,1876,58,0,30.33432034,-97.7853562,48453.0,1818,1816,53,0,1763,1756,1248743,60,5,0,55,60
2020-05-05,US,Texas,Trinity,9,0,0,31.0879489,-95.1367187,48455.0,9,8,0,0,8,8,14740,1,0,0,1,0
2020-05-05,US,Texas,Tyler,7,0,0,30.77031716,-94.37690895,48457.0,7,6,0,0,6,6,21696,1,0,0,1,0
2020-05-05,US,Texas,Upshur,15,0,0,32.73706798,-94.93999853,48459.0,15,15,0,0,15,15,41260,0,0,0,0,0
2020-05-05,US,Texas,Uvalde,6,0,0,29.35739637,-99.76229172,48463.0,6,6,0,0,6,6,26846,0,0,0,0,0
2020-05-05,US,Texas,Val Verde,13,0,0,29.89149232,-101.1525205,48465.0,13,13,0,0,13,13,49208,0,0,0,0,0
2020-05-05,US,Texas,Van Zandt,16,1,0,32.56483801,-95.83766469,48467.0,15,16,1,0,15,16,56019,0,0,0,0,0
2020-05-05,US,Texas,Victoria,143,5,0,28.79780988,-96.96813006,48469.0,138,139,5,0,134,139,92035,4,0,0,4,0
2020-05-05,US,Texas,Walker,298,2,0,30.73872995,-95.57440968,48471.0,296,298,2,0,296,298,72480,0,0,0,0,0
2020-05-05,US,Texas,Waller,33,0,0,30.01058447,-95.99011759,48473.0,33,33,0,0,33,33,53126,0,0,0,0,0
2020-05-05,US,Texas,Washington,147,18,0,30.21498498,-96.40946246,48477.0,129,145,18,0,127,145,35108,2,0,0,2,0
2020-05-05,US,Texas,Webb,396,17,0,27.7610369,-99.33237355,48479.0,379,391,16,0,375,385,275910,5,1,0,4,6
2020-05-05,US,Texas,Wharton,40,0,0,29.27765923,-96.22319248,48481.0,40,39,0,0,39,37,41619,1,0,0,1,2
2020-05-05,US,Texas,Wheeler,11,0,0,35.40114335,-100.2699514,48483.0,11,9,0,0,9,9,5191,2,0,0,2,0
2020-05-05,US,Texas,Wichita,68,2,0,33.98842886,-98.7041034,48485.0,66,65,2,0,63,65,132064,3,0,0,3,0
2020-05-05,US,Texas,Wilbarger,1,0,0,34.07945812,-99.24178437,48487.0,1,1,0,0,1,1,12820,0,0,0,0,0
2020-05-05,US,Texas,Willacy,13,1,0,26.47411727,-97.61535848,48489.0,12,13,1,0,12,13,21515,0,0,0,0,0
2020-05-05,US,Texas,Williamson,333,11,0,30.64655664,-97.6004854,48491.0,322,328,10,0,318,323,566719,5,1,0,4,5
2020-05-05,US,Texas,Wilson,34,3,0,29.1732598,-98.08693082,48493.0,31,33,3,0,30,33,50224,1,0,0,1,0
2020-05-05,US,Texas,Winkler,3,0,0,31.85008651,-103.0485163,48495.0,3,3,0,0,3,3,7720,0,0,0,0,0
2020-05-05,US,Texas,Wise,27,2,0,33.21570665,-97.65460265,48497.0,25,26,2,0,24,24,68305,1,0,0,1,2
2020-05-05,US,Texas,Wood,11,0,0,32.78722382,-95.38236368,48499.0,11,10,0,0,10,10,45129,1,0,0,1,0
2020-05-05,US,Texas,Yoakum,2,0,0,33.17320212,-102.8276433,48501.0,2,1,0,0,1,1,8591,1,0,0,1,0
2020-05-05,US,Texas,Young,4,1,0,33.17659707,-98.68790885,48503.0,3,4,1,0,3,4,18045,0,0,0,0,0
2020-05-05,US,Texas,Zapata,7,0,0,27.00156391,-99.16987152,48505.0,7,7,0,0,7,7,14190,0,0,0,0,0
2020-05-05,US,Texas,Zavala,1,0,0,28.86617238,-99.76050829,48507.0,1,1,0,0,1,1,11983,0,0,0,0,0
2020-05-05,US,Utah,Bear River,62,1,0,41.52106798,-113.0832816,0.0,61,62,1,0,61,62,,0,0,0,0,0
2020-05-05,US,Utah,Central Utah,25,0,0,39.37231946,-111.5758676,0.0,25,25,0,0,25,24,,0,0,0,0,1
2020-05-05,US,Utah,Davis,302,2,0,40.99001837,-112.1139997,49011.0,300,299,2,0,297,300,351713,3,0,0,3,-1
2020-05-05,US,Utah,Salt Lake,2832,35,0,40.66616532,-111.9216011,49035.0,2797,2769,31,0,2738,2707,1152633,63,4,0,59,62
2020-05-05,US,Utah,San Juan,119,2,0,37.62762978,-109.80337140000002,49037.0,117,116,2,0,114,100,15449,3,0,0,3,16
2020-05-05,US,Utah,Southeast Utah,12,0,0,38.99617072,-110.7013958,0.0,12,11,0,0,11,11,,1,0,0,1,0
2020-05-05,US,Utah,Southwest Utah,121,3,0,37.85447192,-111.4418764,90049.0,118,119,2,0,117,111,,2,1,0,1,8
2020-05-05,US,Utah,Summit,382,0,0,40.86688146,-110.9535882,49043.0,382,377,0,0,377,376,41933,5,0,0,5,1
2020-05-05,US,Utah,Tooele,70,0,0,40.44862644,-113.1295715,49045.0,70,71,0,0,71,71,69907,-1,0,0,-1,0
2020-05-05,US,Utah,TriCounty,14,0,0,40.12491499,-109.5174415,0.0,14,14,0,0,14,14,,0,0,0,0,0
2020-05-05,US,Utah,Utah,1171,10,0,40.1166722,-111.6657662,49049.0,1161,1122,9,0,1113,1073,622213,49,1,0,48,49
2020-05-05,US,Utah,Wasatch,166,1,0,40.33110236,-111.1691419,49051.0,165,165,1,0,164,159,33240,1,0,0,1,6
2020-05-05,US,Utah,Weber-Morgan,173,2,0,41.27116049,-111.9145117,0.0,171,167,2,0,165,167,,6,0,0,6,0
2020-05-05,US,Vermont,Addison,61,2,0,44.03217337,-73.14130877,50001.0,59,61,2,0,59,61,36973,0,0,0,0,0
2020-05-05,US,Vermont,Bennington,54,1,0,43.03519828,-73.09048868,50003.0,53,51,1,0,50,51,35631,3,0,0,3,0
2020-05-05,US,Vermont,Caledonia,14,0,0,44.46548598,-72.10314651,50005.0,14,14,0,0,14,14,30302,0,0,0,0,0
2020-05-05,US,Vermont,Chittenden,425,36,0,44.46322849,-73.08359212,50007.0,389,425,36,0,389,423,164572,0,0,0,0,2
2020-05-05,US,Vermont,Essex,2,0,0,44.72736416,-71.73579864,50009.0,2,2,0,0,2,2,6250,0,0,0,0,0
2020-05-05,US,Vermont,Franklin,99,5,0,44.85627605,-72.91249563,50011.0,94,99,5,0,94,99,49421,0,0,0,0,0
2020-05-05,US,Vermont,Grand Isle,4,0,0,44.7975824,-73.29679772,50013.0,4,4,0,0,4,4,7090,0,0,0,0,0
2020-05-05,US,Vermont,Lamoille,26,1,0,44.60353043,-72.64356694,50015.0,25,26,1,0,25,25,25300,0,0,0,0,1
2020-05-05,US,Vermont,Orange,8,0,0,44.00470222,-72.37640104,50017.0,8,8,0,0,8,7,28999,0,0,0,0,1
2020-05-05,US,Vermont,Orleans,9,0,0,44.82964024,-72.24562697,50019.0,9,9,0,0,9,9,26907,0,0,0,0,0
2020-05-05,US,Vermont,Rutland,50,1,0,43.57723578,-73.03741676,50021.0,49,49,1,0,48,49,58672,1,0,0,1,0
2020-05-05,US,Vermont,Unassigned,4,0,0,0.0,0.0,90050.0,4,4,0,0,4,4,,0,0,0,0,0
2020-05-05,US,Vermont,Washington,35,1,0,44.27343241,-72.61604978,50023.0,34,35,1,0,34,35,58140,0,0,0,0,0
2020-05-05,US,Vermont,Windham,73,3,0,42.986982,-72.71268875,50025.0,70,72,3,0,69,72,42756,1,0,0,1,0
2020-05-05,US,Vermont,Windsor,43,2,0,43.58010937,-72.58595157,50027.0,41,43,2,0,41,42,55286,0,0,0,0,1
2020-05-05,US,Virginia,Accomack,429,7,0,37.76707161,-75.63234615,51001.0,422,425,6,0,419,400,32412,4,1,0,3,25
2020-05-05,US,Virginia,Albemarle,110,4,0,38.02080697,-78.55481085,51003.0,106,110,4,0,106,108,108718,0,0,0,0,2
2020-05-05,US,Virginia,Alexandria,983,26,0,38.814003,-77.08183073,51510.0,957,940,26,0,914,899,160530,43,0,0,43,41
2020-05-05,US,Virginia,Alleghany,6,0,0,37.78636074,-80.00222498,51005.0,6,6,0,0,6,6,14910,0,0,0,0,0
2020-05-05,US,Virginia,Amelia,18,1,0,37.34081025,-77.98584649,51007.0,17,16,1,0,15,16,13013,2,0,0,2,0
2020-05-05,US,Virginia,Amherst,15,0,0,37.60308293,-79.14548696,51009.0,15,14,0,0,14,14,31666,1,0,0,1,0
2020-05-05,US,Virginia,Appomattox,21,0,0,37.37569884,-78.81340003,51011.0,21,21,0,0,21,21,15841,0,0,0,0,0
2020-05-05,US,Virginia,Arlington,1169,49,0,38.8767675,-77.10139853,51013.0,1120,1139,47,0,1092,1106,237521,30,2,0,28,33
2020-05-05,US,Virginia,Augusta,47,1,0,38.16404586,-79.12461614,51015.0,46,47,1,0,46,46,75457,0,0,0,0,1
2020-05-05,US,Virginia,Bedford,36,0,0,37.3080028,-79.5281964,51019.0,36,35,0,0,35,34,78747,1,0,0,1,1
2020-05-05,US,Virginia,Botetourt,29,3,0,37.55531756,-79.80982182,51023.0,26,28,3,0,25,28,33277,1,0,0,1,0
2020-05-05,US,Virginia,Bristol,2,0,0,36.6163024,-82.16359122,51520.0,2,2,0,0,2,2,16482,0,0,0,0,0
2020-05-05,US,Virginia,Brunswick,15,0,0,36.76366949,-77.8593436,51025.0,15,15,0,0,15,15,16384,0,0,0,0,0
2020-05-05,US,Virginia,Buchanan,16,0,0,37.26818323,-82.03749726,51027.0,16,16,0,0,16,16,21221,0,0,0,0,0
2020-05-05,US,Virginia,Buckingham,171,0,0,37.57242268,-78.52518834,51029.0,171,137,0,0,137,137,16999,34,0,0,34,0
2020-05-05,US,Virginia,Buena Vista,6,0,0,37.73484642,-79.35296097,51530.0,6,6,0,0,6,6,6237,0,0,0,0,0
2020-05-05,US,Virginia,Campbell,13,0,0,37.20553386,-79.09678609,51031.0,13,13,0,0,13,13,54973,0,0,0,0,0
2020-05-05,US,Virginia,Caroline,34,1,0,38.02679129,-77.34901405,51033.0,33,32,1,0,31,31,30772,2,0,0,2,1
2020-05-05,US,Virginia,Carroll,19,0,0,36.73066666,-80.73455942,51035.0,19,19,0,0,19,15,29636,0,0,0,0,4
2020-05-05,US,Virginia,Charles City,17,1,0,37.35358063,-77.05634116,51036.0,16,17,1,0,16,17,6941,0,0,0,0,0
2020-05-05,US,Virginia,Charlotte,11,0,0,37.01909701,-78.66314092,51037.0,11,10,0,0,10,9,11938,1,0,0,1,1
2020-05-05,US,Virginia,Charlottesville,64,2,0,38.03527919,-78.48569588,51540.0,62,63,2,0,61,63,48117,1,0,0,1,0
2020-05-05,US,Virginia,Chesapeake,293,9,0,36.67670048,-76.30545744,51550.0,284,284,9,0,275,279,242634,9,0,0,9,5
2020-05-05,US,Virginia,Chesterfield,646,25,0,37.37373208,-77.58680140000001,51041.0,621,601,24,0,577,601,348556,45,1,0,44,0
2020-05-05,US,Virginia,Clarke,12,0,0,39.11271747,-77.99199425,51043.0,12,10,0,0,10,10,14523,2,0,0,2,0
2020-05-05,US,Virginia,Colonial Heights,58,6,0,37.26420587,-77.39609676,51570.0,52,57,6,0,51,57,17833,1,0,0,1,0
2020-05-05,US,Virginia,Covington,1,0,0,37.7824656,-79.98631446,51580.0,1,1,0,0,1,1,5460,0,0,0,0,0
2020-05-05,US,Virginia,Craig,4,0,0,37.48133648,-80.21072274,51045.0,4,3,0,0,3,3,5064,1,0,0,1,0
2020-05-05,US,Virginia,Culpeper,201,3,0,38.48199985,-77.95630870000002,51047.0,198,196,3,0,193,191,51859,5,0,0,5,5
2020-05-05,US,Virginia,Cumberland,12,0,0,37.51328851,-78.24398086,51049.0,12,12,0,0,12,12,9809,0,0,0,0,0
2020-05-05,US,Virginia,Danville,37,1,0,36.58022376,-79.40395668,51590.0,36,37,1,0,36,37,40693,0,0,0,0,0
2020-05-05,US,Virginia,Dinwiddie,25,0,0,37.07544585,-77.63451754,51053.0,25,23,0,0,23,18,28529,2,0,0,2,5
2020-05-05,US,Virginia,Emporia,46,3,0,36.69455571,-77.53406129,51595.0,43,46,3,0,43,24,5121,0,0,0,0,22
2020-05-05,US,Virginia,Essex,17,0,0,37.93357639,-76.94230311,51057.0,17,16,0,0,16,11,10919,1,0,0,1,5
2020-05-05,US,Virginia,Fairfax,4834,201,0,38.83677558,-77.27565836,51059.0,4633,4615,198,0,4417,4340,1150795,219,3,0,216,275
2020-05-05,US,Virginia,Fairfax,4834,201,0,38.83677558,-77.27565836,51059.0,4633,4615,198,0,4417,4340,24574,219,3,0,216,275
2020-05-05,US,Virginia,Fairfax City,33,2,0,38.85157547,-77.29779640000002,51600.0,31,33,2,0,31,32,24574,0,0,0,0,1
2020-05-05,US,Virginia,Falls Church,36,4,0,38.88485255,-77.17560759,51610.0,32,36,4,0,32,35,14772,0,0,0,0,1
2020-05-05,US,Virginia,Fauquier,147,3,0,38.73564842,-77.80647472,51061.0,144,140,3,0,137,133,70675,7,0,0,7,7
2020-05-05,US,Virginia,Floyd,3,0,0,36.9302126,-80.36738849,51063.0,3,3,0,0,3,3,15795,0,0,0,0,0
2020-05-05,US,Virginia,Fluvanna,76,6,0,37.84157909,-78.27715475,51065.0,70,76,6,0,70,76,26783,0,0,0,0,0
2020-05-05,US,Virginia,Franklin,23,0,0,36.99536167,-79.88023649,51067.0,23,23,0,0,23,23,56195,0,0,0,0,0
2020-05-05,US,Virginia,Franklin,23,0,0,36.99536167,-79.88023649,51067.0,23,23,0,0,23,23,8013,0,0,0,0,0
2020-05-05,US,Virginia,Franklin City,23,1,0,36.6831435,-76.93859681,51620.0,22,23,1,0,22,23,8013,0,0,0,0,0
2020-05-05,US,Virginia,Frederick,132,1,0,39.20172582,-78.25974949,51069.0,131,126,1,0,125,121,88355,6,0,0,6,5
2020-05-05,US,Virginia,Fredericksburg,45,0,0,38.2977863,-77.4922454,51630.0,45,45,0,0,45,39,29144,0,0,0,0,6
2020-05-05,US,Virginia,Galax,25,0,0,36.66601852,-80.91703124,51640.0,25,25,0,0,25,12,6423,0,0,0,0,13
2020-05-05,US,Virginia,Giles,4,0,0,37.31234791,-80.70636931,51071.0,4,4,0,0,4,4,16844,0,0,0,0,0
2020-05-05,US,Virginia,Gloucester,26,1,0,37.40809042,-76.53524337,51073.0,25,27,1,0,26,25,37349,-1,0,0,-1,2
2020-05-05,US,Virginia,Goochland,80,5,0,37.71714806,-77.90381514,51075.0,75,80,5,0,75,79,23244,0,0,0,0,1
2020-05-05,US,Virginia,Grayson,5,0,0,36.65677234,-81.23215889,51077.0,5,4,0,0,4,2,15631,1,0,0,1,2
2020-05-05,US,Virginia,Greene,13,1,0,38.29545894,-78.46525378,51079.0,12,12,1,0,11,10,19779,1,0,0,1,2
2020-05-05,US,Virginia,Greensville,41,7,0,36.67878901,-77.56351439,51081.0,34,41,7,0,34,39,11627,0,0,0,0,2
2020-05-05,US,Virginia,Halifax,18,0,0,36.76654925,-78.93512622,51083.0,18,19,0,0,19,19,34120,-1,0,0,-1,0
2020-05-05,US,Virginia,Hampton,128,3,0,37.03513786,-76.35879121,51650.0,125,128,1,0,127,123,134313,0,2,0,-2,5
2020-05-05,US,Virginia,Hanover,145,13,0,37.7583355,-77.49464673,51085.0,132,141,12,0,129,137,107239,4,1,0,3,4
2020-05-05,US,Virginia,Harrisonburg,525,19,0,38.43542574,-78.87536254,51660.0,506,497,16,0,481,478,54033,28,3,0,25,19
2020-05-05,US,Virginia,Henrico,985,106,0,37.53460572,-77.39326555,51087.0,879,964,105,0,859,954,329261,21,1,0,20,10
2020-05-05,US,Virginia,Henry,19,1,0,36.68542395,-79.87634026,51089.0,18,19,1,0,18,19,50953,0,0,0,0,0
2020-05-05,US,Virginia,Highland,2,0,0,38.35799465,-79.56124594,51091.0,2,2,0,0,2,2,2210,0,0,0,0,0
2020-05-05,US,Virginia,Hopewell,31,0,0,37.29186313,-77.29754684,51670.0,31,31,0,0,31,27,22596,0,0,0,0,4
2020-05-05,US,Virginia,Isle of Wight,100,3,0,36.90579348,-76.70842863,51093.0,97,99,2,0,97,99,36953,1,1,0,0,0
2020-05-05,US,Virginia,James City,166,14,0,37.31156958,-76.76950618,51095.0,152,167,13,0,154,163,76397,-1,1,0,-2,4
2020-05-05,US,Virginia,King George,36,4,0,38.26818502,-77.15852768,51099.0,32,35,4,0,31,35,26575,1,0,0,1,0
2020-05-05,US,Virginia,King William,10,1,0,37.70965316,-77.09384941,51101.0,9,9,1,0,8,9,16939,1,0,0,1,0
2020-05-05,US,Virginia,King and Queen,3,0,0,37.71044922,-76.88689628,51097.0,3,3,0,0,3,3,7042,0,0,0,0,0
2020-05-05,US,Virginia,Lancaster,5,0,0,37.71889653,-76.46400482,51103.0,5,5,0,0,5,4,10783,0,0,0,0,1
2020-05-05,US,Virginia,Lee,10,0,0,36.70586667,-83.12606515,51105.0,10,10,0,0,10,10,23541,0,0,0,0,0
2020-05-05,US,Virginia,Lexington,5,0,0,37.78258621,-79.44262866,51678.0,5,6,0,0,6,6,7136,-1,0,0,-1,0
2020-05-05,US,Virginia,Loudoun,998,24,0,39.08990083,-77.63481877,51107.0,974,961,18,0,943,931,406850,37,6,0,31,30
2020-05-05,US,Virginia,Louisa,50,0,0,37.97850256,-77.96274807,51109.0,50,49,0,0,49,46,36778,1,0,0,1,3
2020-05-05,US,Virginia,Lunenburg,4,0,0,36.94618528,-78.24133319,51111.0,4,4,0,0,4,4,12086,0,0,0,0,0
2020-05-05,US,Virginia,Lynchburg,65,1,0,37.40021399,-79.19888138,51680.0,64,64,1,0,63,64,82126,1,0,0,1,0
2020-05-05,US,Virginia,Madison,17,1,0,38.41531222,-78.28220331,51113.0,16,16,1,0,15,15,13295,1,0,0,1,1
2020-05-05,US,Virginia,Manassas,289,1,0,38.7464321,-77.48509905,51683.0,288,273,1,0,272,266,41641,16,0,0,16,7
2020-05-05,US,Virginia,Manassas Park,96,2,0,38.77058531,-77.44399307,51685.0,94,88,2,0,86,82,17307,8,0,0,8,6
2020-05-05,US,Virginia,Martinsville,2,0,0,36.68212094,-79.86352771,51690.0,2,2,0,0,2,2,12902,0,0,0,0,0
2020-05-05,US,Virginia,Mathews,4,0,0,37.44164146,-76.34098896,51115.0,4,4,0,0,4,4,8802,0,0,0,0,0
2020-05-05,US,Virginia,Mecklenburg,106,10,0,36.67882005,-78.36131056,51117.0,96,106,10,0,96,106,30650,0,0,0,0,0
2020-05-05,US,Virginia,Middlesex,7,0,0,37.63191998,-76.55064617,51119.0,7,7,0,0,7,7,10769,0,0,0,0,0
2020-05-05,US,Virginia,Montgomery,61,1,0,37.17746986,-80.37868691,51121.0,60,59,1,0,58,56,98985,2,0,0,2,3
2020-05-05,US,Virginia,Nelson,9,0,0,37.78790447,-78.88498513,51125.0,9,9,0,0,9,8,14836,0,0,0,0,1
2020-05-05,US,Virginia,New Kent,26,1,0,37.50694406,-76.99828634,51127.0,25,26,1,0,25,25,22391,0,0,0,0,1
2020-05-05,US,Virginia,Newport News,133,9,0,37.08166899,-76.51754109,51700.0,124,132,9,0,123,125,178626,1,0,0,1,7
2020-05-05,US,Virginia,Norfolk,251,4,0,36.89934014,-76.26420872,51710.0,247,239,4,0,235,221,244076,12,0,0,12,18
2020-05-05,US,Virginia,Northampton,140,1,0,37.34062933,-75.87751591,51131.0,139,139,1,0,138,134,11735,1,0,0,1,5
2020-05-05,US,Virginia,Northumberland,9,0,0,37.89202088,-76.41949732,51133.0,9,9,0,0,9,9,12147,0,0,0,0,0
2020-05-05,US,Virginia,Norton,2,0,0,36.93357076,-82.62750411,51720.0,2,2,0,0,2,2,3968,0,0,0,0,0
2020-05-05,US,Virginia,Nottoway,14,0,0,37.1435975,-78.05065922,51135.0,14,14,0,0,14,13,15420,0,0,0,0,1
2020-05-05,US,Virginia,Orange,41,0,0,38.24530219,-78.01560400000002,51137.0,41,39,0,0,39,37,36644,2,0,0,2,2
2020-05-05,US,Virginia,Page,113,5,0,38.61807452,-78.48797204,51139.0,108,113,2,0,111,109,23933,0,3,0,-3,4
2020-05-05,US,Virginia,Patrick,2,0,0,36.6801638,-80.2865648,51141.0,2,2,0,0,2,2,17673,0,0,0,0,0
2020-05-05,US,Virginia,Petersburg,40,2,0,37.20530399,-77.39368102,51730.0,38,39,2,0,37,35,31567,1,0,0,1,4
2020-05-05,US,Virginia,Pittsylvania,16,1,0,36.81980341,-79.39731264,51143.0,15,15,1,0,14,14,60949,1,0,0,1,1
2020-05-05,US,Virginia,Poquoson,7,0,0,37.14259351,-76.35798148,51735.0,7,6,0,0,6,6,12190,1,0,0,1,0
2020-05-05,US,Virginia,Portsmouth,187,8,0,36.85914825,-76.35971629,51740.0,179,183,8,0,175,183,94632,4,0,0,4,0
2020-05-05,US,Virginia,Powhatan,15,0,0,37.55016038,-77.91267882,51145.0,15,15,0,0,15,15,29189,0,0,0,0,0
2020-05-05,US,Virginia,Prince Edward,58,2,0,37.22554789,-78.43597949,51147.0,56,55,2,0,53,55,22950,3,0,0,3,0
2020-05-05,US,Virginia,Prince George,40,0,0,37.18497668,-77.22922187,51149.0,40,40,0,0,40,35,38082,0,0,0,0,5
2020-05-05,US,Virginia,Prince William,2223,33,0,38.70916224,-77.48713689,51153.0,2190,2146,32,0,2114,2026,468011,77,1,0,76,120
2020-05-05,US,Virginia,Pulaski,9,0,0,37.06474963,-80.71229738,51155.0,9,9,0,0,9,9,34066,0,0,0,0,0
2020-05-05,US,Virginia,Radford,3,0,0,37.12222899,-80.56027320000003,51750.0,3,3,0,0,3,3,18339,0,0,0,0,0
2020-05-05,US,Virginia,Rappahannock,6,0,0,38.68295619,-78.15826963,51157.0,6,6,0,0,6,6,7252,0,0,0,0,0
2020-05-05,US,Virginia,Richmond,143,1,0,37.937575,-76.72920628,51159.0,142,145,0,0,145,145,9038,-2,1,0,-3,0
2020-05-05,US,Virginia,Richmond City,438,16,0,37.53255773,-77.47966921,51760.0,422,419,16,0,403,403,228783,19,0,0,19,16
2020-05-05,US,Virginia,Roanoke,57,0,0,37.26865804,-80.06396753,51161.0,57,57,0,0,57,57,94073,0,0,0,0,0
2020-05-05,US,Virginia,Roanoke City,82,0,0,37.27791025,-79.96189766,51770.0,82,81,0,0,81,81,99920,1,0,0,1,0
2020-05-05,US,Virginia,Rockbridge,8,0,0,37.81204314,-79.44605905,51163.0,8,7,0,0,7,7,22752,1,0,0,1,0
2020-05-05,US,Virginia,Rockingham,282,1,0,38.51006137,-78.87260325,51165.0,281,269,1,0,268,265,81244,13,0,0,13,4
2020-05-05,US,Virginia,Russell,5,0,0,36.93028320000001,-82.10095486,51167.0,5,5,0,0,5,5,26748,0,0,0,0,0
2020-05-05,US,Virginia,Salem,31,0,0,37.2836193,-80.06219455,51775.0,31,27,0,0,27,26,25643,4,0,0,4,1
2020-05-05,US,Virginia,Scott,7,1,0,36.71466456,-82.60171704,51169.0,6,7,1,0,6,7,21534,0,0,0,0,0
2020-05-05,US,Virginia,Shenandoah,165,3,0,38.85905135,-78.56813762,51171.0,162,149,2,0,147,145,43497,16,1,0,15,4
2020-05-05,US,Virginia,Smyth,13,0,0,36.84455636,-81.53344948,51173.0,13,13,0,0,13,13,30472,0,0,0,0,0
2020-05-05,US,Virginia,Southampton,128,1,0,36.72231125,-77.10642712,51175.0,127,127,1,0,126,127,17586,1,0,0,1,0
2020-05-05,US,Virginia,Spotsylvania,206,4,0,38.18574462,-77.655399,51177.0,202,195,4,0,191,186,134238,11,0,0,11,9
2020-05-05,US,Virginia,Stafford,308,2,0,38.41758738,-77.45917053,51179.0,306,288,2,0,286,271,149960,20,0,0,20,17
2020-05-05,US,Virginia,Staunton,13,0,0,38.15965544,-79.05979937,51790.0,13,13,0,0,13,13,24922,0,0,0,0,0
2020-05-05,US,Virginia,Suffolk,205,15,0,36.70155394,-76.63603554,51800.0,190,190,14,0,176,190,91185,15,1,0,14,0
2020-05-05,US,Virginia,Surry,4,1,0,37.11781893,-76.88450012,51181.0,3,4,1,0,3,4,6474,0,0,0,0,0
2020-05-05,US,Virginia,Sussex,32,1,0,36.92432914,-77.25791182,51183.0,31,32,1,0,31,31,11237,0,0,0,0,1
2020-05-05,US,Virginia,Tazewell,6,0,0,37.12191123,-81.56685568,51185.0,6,6,0,0,6,6,40855,0,0,0,0,0
2020-05-05,US,Virginia,Virginia Beach,445,15,0,36.73285734,-76.04566934,51810.0,430,439,15,0,424,413,450189,6,0,0,6,26
2020-05-05,US,Virginia,Warren,68,0,0,38.90847745,-78.20280433,51187.0,68,63,0,0,63,61,40003,5,0,0,5,2
2020-05-05,US,Virginia,Washington,40,3,0,36.72341572,-81.95666289,51191.0,37,39,3,0,36,39,54402,1,0,0,1,0
2020-05-05,US,Virginia,Waynesboro,16,0,0,38.06451466,-78.90293905,51820.0,16,14,0,0,14,14,22628,2,0,0,2,0
2020-05-05,US,Virginia,Westmoreland,30,0,0,38.11021557,-76.80213247,51193.0,30,31,0,0,31,26,17830,-1,0,0,-1,5
2020-05-05,US,Virginia,Williamsburg,27,2,0,37.28131268,-76.70905141,51830.0,25,23,2,0,21,22,14896,4,0,0,4,1
2020-05-05,US,Virginia,Winchester,56,0,0,39.17054517,-78.17325058,51840.0,56,50,0,0,50,49,28108,6,0,0,6,1
2020-05-05,US,Virginia,Wise,22,1,0,36.9746148,-82.62410519,51195.0,21,22,1,0,21,22,38012,0,0,0,0,0
2020-05-05,US,Virginia,Wythe,12,1,0,36.91582035,-81.07834059,51197.0,11,12,1,0,11,12,28754,0,0,0,0,0
2020-05-05,US,Virginia,York,48,1,0,37.24374789,-76.54412815,51199.0,47,47,1,0,46,47,67846,1,0,0,1,0
2020-05-05,US,Washington,Adams,48,0,0,46.98299757,-118.5601734,53001.0,48,48,0,0,48,48,19759,0,0,0,0,0
2020-05-05,US,Washington,Asotin,18,2,0,46.18894415,-117.2022851,53003.0,16,18,2,0,16,18,22610,0,0,0,0,0
2020-05-05,US,Washington,Benton,537,46,0,46.23946995,-119.5120834,53005.0,491,532,44,0,488,518,201877,5,2,0,3,14
2020-05-05,US,Washington,Chelan,125,5,0,47.87046092,-120.6173956,53007.0,120,120,5,0,115,118,77036,5,0,0,5,2
2020-05-05,US,Washington,Clallam,19,0,0,48.04754642,-123.9226319,53009.0,19,18,0,0,18,19,76737,1,0,0,1,-1
2020-05-05,US,Washington,Clark,337,20,0,45.77568046,-122.4829204,53011.0,317,336,19,0,317,328,481857,1,1,0,0,8
2020-05-05,US,Washington,Columbia,1,0,0,46.29442881,-117.9051983,53013.0,1,1,0,0,1,1,4059,0,0,0,0,0
2020-05-05,US,Washington,Cowlitz,60,0,0,46.19074721,-122.6782231,53015.0,60,59,0,0,59,53,108987,1,0,0,1,6
2020-05-05,US,Washington,Douglas,84,2,0,47.7361335,-119.692937,53017.0,82,84,1,0,83,82,42907,0,1,0,-1,2
2020-05-05,US,Washington,Ferry,1,0,0,48.471143100000006,-118.5154041,53019.0,1,1,0,0,1,1,7649,0,0,0,0,0
2020-05-05,US,Washington,Franklin,379,13,0,46.53351425,-118.9018212,53021.0,366,377,11,0,366,363,94347,2,2,0,0,14
2020-05-05,US,Washington,Grant,180,3,0,47.20753737,-119.4500749,53025.0,177,180,3,0,177,170,97331,0,0,0,0,10
2020-05-05,US,Washington,Grays Harbor,12,0,0,47.14003705,-123.7820567,53027.0,12,12,0,0,12,12,73901,0,0,0,0,0
2020-05-05,US,Washington,Island,168,9,0,48.14713305,-122.5216407,53029.0,159,169,9,0,160,169,84460,-1,0,0,-1,0
2020-05-05,US,Washington,Jefferson,28,0,0,47.75003077,-123.56097040000002,53031.0,28,28,0,0,28,28,31729,0,0,0,0,0
2020-05-05,US,Washington,King,6621,469,0,47.49137892,-121.8346131,53033.0,6152,6545,463,0,6082,6449,2233163,76,6,0,70,96
2020-05-05,US,Washington,Kitsap,150,2,0,47.63479026,-122.6436061,53035.0,148,150,2,0,148,150,269805,0,0,0,0,0
2020-05-05,US,Washington,Kittitas,14,0,0,47.12521214,-120.679439,53037.0,14,14,0,0,14,15,47364,0,0,0,0,-1
2020-05-05,US,Washington,Klickitat,17,3,0,45.87325839,-120.7913598,53039.0,14,18,3,0,15,18,22107,-1,0,0,-1,0
2020-05-05,US,Washington,Lewis,29,3,0,46.57756476,-122.3925769,53041.0,26,29,3,0,26,29,79604,0,0,0,0,0
2020-05-05,US,Washington,Lincoln,2,0,0,47.57705241,-118.4194388,53043.0,2,2,0,0,2,2,10740,0,0,0,0,0
2020-05-05,US,Washington,Mason,26,1,0,47.35007586,-123.1863685,53045.0,25,26,1,0,25,26,65507,0,0,0,0,0
2020-05-05,US,Washington,Okanogan,21,1,0,48.54855019,-119.7387224,53047.0,20,21,1,0,20,21,42132,0,0,0,0,0
2020-05-05,US,Washington,Pacific,4,0,0,46.55418369,-123.7285716,53049.0,4,4,0,0,4,4,22036,0,0,0,0,0
2020-05-05,US,Washington,Pend Oreille,2,0,0,48.53234021,-117.2741804,53051.0,2,2,0,0,2,2,13602,0,0,0,0,0
2020-05-05,US,Washington,Pierce,1433,52,0,47.03892768,-122.1405958,53053.0,1381,1414,50,0,1364,1393,891299,19,2,0,17,21
2020-05-05,US,Washington,San Juan,14,0,0,48.60182783,-122.96745,53055.0,14,14,0,0,14,14,17128,0,0,0,0,0
2020-05-05,US,Washington,Skagit,364,13,0,48.48171488,-121.766131,53057.0,351,357,13,0,344,354,128206,7,0,0,7,3
2020-05-05,US,Washington,Skamania,3,0,0,46.02408726,-121.9164403,53059.0,3,3,0,0,3,3,11924,0,0,0,0,0
2020-05-05,US,Washington,Snohomish,2549,112,0,48.04615983,-121.7170703,53061.0,2437,2537,111,0,2426,2509,814901,12,1,0,11,28
2020-05-05,US,Washington,Spokane,373,23,0,47.62113146,-117.4046494,53063.0,350,372,22,0,350,369,514631,1,1,0,0,3
2020-05-05,US,Washington,Stevens,9,1,0,48.40035475,-117.8542701,53065.0,8,9,1,0,8,9,45260,0,0,0,0,0
2020-05-05,US,Washington,Thurston,113,1,0,46.9291895,-122.8290656,53067.0,112,113,1,0,112,111,286419,0,0,0,0,2
2020-05-05,US,Washington,Unassigned,37,0,0,0.0,0.0,90053.0,37,52,0,0,52,63,,-15,0,0,-15,-11
2020-05-05,US,Washington,Wahkiakum,2,0,0,46.29180039999999,-123.4250831,53069.0,2,2,0,0,2,2,4426,0,0,0,0,0
2020-05-05,US,Washington,Walla Walla,93,0,0,46.23040051,-118.4775539,53071.0,93,92,0,0,92,88,60922,1,0,0,1,4
2020-05-05,US,Washington,Whatcom,318,29,0,48.82227976,-121.7490018,53073.0,289,317,28,0,289,316,225685,1,1,0,0,1
2020-05-05,US,Washington,Whitman,14,0,0,46.90022523,-117.5241763,53075.0,14,14,0,0,14,14,49791,0,0,0,0,0
2020-05-05,US,Washington,Yakima,1389,52,0,46.45738486,-120.7380126,53077.0,1337,1372,48,0,1324,1296,251446,17,4,0,13,76
2020-05-05,US,West Virginia,Barbour,6,1,0,39.1307219,-80.00350858,54001.0,5,5,1,0,4,5,16535,1,0,0,1,0
2020-05-05,US,West Virginia,Berkeley,166,2,0,39.46704621,-78.02414609,54003.0,164,166,2,0,164,159,117123,0,0,0,0,7
2020-05-05,US,West Virginia,Boone,6,0,0,38.01974191,-81.69888019,54005.0,6,6,0,0,6,6,21951,0,0,0,0,0
2020-05-05,US,West Virginia,Braxton,2,0,0,38.70036159,-80.72011184,54007.0,2,2,0,0,2,2,14089,0,0,0,0,0
2020-05-05,US,West Virginia,Brooke,3,0,0,40.27367263,-80.57915332,54009.0,3,3,0,0,3,3,22203,0,0,0,0,0
2020-05-05,US,West Virginia,Cabell,44,0,0,38.42424062,-82.23855912,54011.0,44,44,0,0,44,44,93224,0,0,0,0,0
2020-05-05,US,West Virginia,Fayette,20,0,0,38.02974928,-81.08286634,54019.0,20,16,0,0,16,15,43018,4,0,0,4,1
2020-05-05,US,West Virginia,Gilmer,3,0,0,38.9251277,-80.85952723,54021.0,3,3,0,0,3,2,8026,0,0,0,0,1
2020-05-05,US,West Virginia,Grant,3,0,0,39.10314817,-79.19440518,54023.0,3,3,0,0,3,1,11626,0,0,0,0,2
2020-05-05,US,West Virginia,Greenbrier,7,0,0,37.9463652,-80.45335881,54025.0,7,7,0,0,7,6,34786,0,0,0,0,1
2020-05-05,US,West Virginia,Hampshire,8,1,0,39.32103553,-78.60826476,54027.0,7,8,1,0,7,7,23347,0,0,0,0,1
2020-05-05,US,West Virginia,Hancock,11,0,0,40.51943859,-80.57461608,54029.0,11,11,0,0,11,11,29094,0,0,0,0,0
2020-05-05,US,West Virginia,Hardy,9,0,0,39.00683177,-78.85855301,54031.0,9,9,0,0,9,7,13775,0,0,0,0,2
2020-05-05,US,West Virginia,Harrison,31,1,0,39.2853852,-80.37919577,54033.0,30,31,1,0,30,31,67554,0,0,0,0,0
2020-05-05,US,West Virginia,Jackson,135,15,0,38.84263974,-81.68148753,54035.0,120,135,15,0,120,130,28706,0,0,0,0,5
2020-05-05,US,West Virginia,Jefferson,83,1,0,39.30776166,-77.86014147,54037.0,82,82,1,0,81,81,56811,1,0,0,1,1
2020-05-05,US,West Virginia,Kanawha,170,9,0,38.33860077,-81.52857054,54039.0,161,168,9,0,159,167,180454,2,0,0,2,1
2020-05-05,US,West Virginia,Lewis,4,0,0,38.9947249,-80.49988181,54041.0,4,4,0,0,4,4,16024,0,0,0,0,0
2020-05-05,US,West Virginia,Lincoln,2,0,0,38.172154,-82.07017953,54043.0,2,2,0,0,2,2,20599,0,0,0,0,0
2020-05-05,US,West Virginia,Logan,14,1,0,37.8299889,-81.93528571,54045.0,13,13,1,0,12,13,32607,1,0,0,1,0
2020-05-05,US,West Virginia,Marion,46,2,0,39.50984542,-80.24244659,54049.0,44,46,2,0,44,46,56097,0,0,0,0,0
2020-05-05,US,West Virginia,Marshall,19,0,0,39.86064362,-80.66591062,54051.0,19,19,0,0,19,16,30785,0,0,0,0,3
2020-05-05,US,West Virginia,Mason,12,0,0,38.77071799,-82.02524219,54053.0,12,12,0,0,12,12,26718,0,0,0,0,0
2020-05-05,US,West Virginia,McDowell,6,0,0,37.38002939,-81.65083669,54047.0,6,6,0,0,6,6,18223,0,0,0,0,0
2020-05-05,US,West Virginia,Mercer,11,0,0,37.40481169,-81.11023142,54055.0,11,11,0,0,11,10,59131,0,0,0,0,1
2020-05-05,US,West Virginia,Mineral,18,0,0,39.41561583,-78.94104895,54057.0,18,18,0,0,18,18,26940,0,0,0,0,0
2020-05-05,US,West Virginia,Mingo,2,1,0,37.73048351,-82.13338365,54059.0,1,2,1,0,1,2,23785,0,0,0,0,0
2020-05-05,US,West Virginia,Monongalia,108,4,0,39.63218457,-80.04766838,54061.0,104,107,4,0,103,105,106420,1,0,0,1,2
2020-05-05,US,West Virginia,Monroe,6,0,0,37.56274716,-80.54577965,54063.0,6,5,0,0,5,5,13280,1,0,0,1,0
2020-05-05,US,West Virginia,Morgan,14,0,0,39.55439028,-78.26311676,54065.0,14,13,0,0,13,13,17787,1,0,0,1,0
2020-05-05,US,West Virginia,Nicholas,8,0,0,38.29617706,-80.79759588,54067.0,8,6,0,0,6,6,24842,2,0,0,2,0
2020-05-05,US,West Virginia,Ohio,34,1,0,40.0955451,-80.62203992,54069.0,33,33,1,0,32,33,41755,1,0,0,1,0
2020-05-05,US,West Virginia,Pendleton,5,0,0,38.68314479,-79.35084086,54071.0,5,3,0,0,3,3,6997,2,0,0,2,0
2020-05-05,US,West Virginia,Pleasants,2,0,0,39.37091679,-81.16771771,54073.0,2,2,0,0,2,2,7507,0,0,0,0,0
2020-05-05,US,West Virginia,Pocahontas,2,0,0,38.32758728,-80.00993811,54075.0,2,2,0,0,2,2,8414,0,0,0,0,0
2020-05-05,US,West Virginia,Preston,13,0,0,39.46770987,-79.66712803,54077.0,13,13,0,0,13,13,33839,0,0,0,0,0
2020-05-05,US,West Virginia,Putnam,29,0,0,38.50782345,-81.9082131,54079.0,29,29,0,0,29,28,56682,0,0,0,0,1
2020-05-05,US,West Virginia,Raleigh,10,0,0,37.76936795,-81.2456041,54081.0,10,10,0,0,10,11,74254,0,0,0,0,-1
2020-05-05,US,West Virginia,Randolph,5,0,0,38.769899,-79.87919615,54083.0,5,4,0,0,4,4,28823,1,0,0,1,0
2020-05-05,US,West Virginia,Ritchie,1,0,0,39.18094587,-81.06356878,54085.0,1,1,0,0,1,1,9721,0,0,0,0,0
2020-05-05,US,West Virginia,Roane,6,0,0,38.71622686,-81.35243568,54087.0,6,6,0,0,6,7,13932,0,0,0,0,-1
2020-05-05,US,West Virginia,Summers,1,0,0,37.65390597,-80.86009693,54089.0,1,1,0,0,1,1,12760,0,0,0,0,0
2020-05-05,US,West Virginia,Taylor,9,0,0,39.33602617,-80.0421439,54091.0,9,7,0,0,7,7,16862,2,0,0,2,0
2020-05-05,US,West Virginia,Tucker,4,0,0,39.11240885,-79.57053576,54093.0,4,4,0,0,4,4,6955,0,0,0,0,0
2020-05-05,US,West Virginia,Tyler,3,0,0,39.46811972,-80.88772676,54095.0,3,3,0,0,3,3,8746,0,0,0,0,0
2020-05-05,US,West Virginia,Upshur,5,0,0,38.89285061,-80.23689136,54097.0,5,5,0,0,5,4,24415,0,0,0,0,1
2020-05-05,US,West Virginia,Wayne,91,7,0,38.14901357,-82.42287994,54099.0,84,90,7,0,83,89,39944,1,0,0,1,1
2020-05-05,US,West Virginia,Wetzel,3,0,0,39.6065771,-80.64016540000001,54103.0,3,3,0,0,3,3,15270,0,0,0,0,0
2020-05-05,US,West Virginia,Wirt,3,0,0,39.02775007,-81.37473928,54105.0,3,3,0,0,3,3,5830,0,0,0,0,0
2020-05-05,US,West Virginia,Wood,42,2,0,39.20967886,-81.5162836,54107.0,40,41,2,0,39,41,84203,1,0,0,1,0
2020-05-05,US,West Virginia,Wyoming,1,0,0,37.612327,-81.54511071,54109.0,1,1,0,0,1,1,20786,0,0,0,0,0
2020-05-05,US,Wisconsin,Adams,4,1,0,43.96974651,-89.76782777,55001.0,3,4,1,0,3,4,20348,0,0,0,0,0
2020-05-05,US,Wisconsin,Ashland,2,0,0,46.31956891,-90.67837132,55003.0,2,2,0,0,2,2,15600,0,0,0,0,0
2020-05-05,US,Wisconsin,Barron,7,0,0,45.42372701,-91.84833627,55005.0,7,7,0,0,7,7,45164,0,0,0,0,0
2020-05-05,US,Wisconsin,Bayfield,3,1,0,46.52868768,-91.19716729,55007.0,2,3,1,0,2,3,15042,0,0,0,0,0
2020-05-05,US,Wisconsin,Brown,1545,9,0,44.4526553,-88.00411844,55009.0,1536,1448,6,0,1442,1358,263378,97,3,0,94,90
2020-05-05,US,Wisconsin,Buffalo,6,1,0,44.37835084,-91.75332578,55011.0,5,5,1,0,4,4,13125,1,0,0,1,1
2020-05-05,US,Wisconsin,Calumet,20,0,0,44.0816316,-88.21780273,55015.0,20,19,0,0,19,18,50159,1,0,0,1,1
2020-05-05,US,Wisconsin,Chippewa,25,0,0,45.06939744,-91.28068855,55017.0,25,25,0,0,25,25,64135,0,0,0,0,0
2020-05-05,US,Wisconsin,Clark,21,4,0,44.73483377,-90.61207486,55019.0,17,21,4,0,17,21,34709,0,0,0,0,0
2020-05-05,US,Wisconsin,Columbia,32,1,0,43.46492199,-89.33589004,55021.0,31,30,1,0,29,29,57358,2,0,0,2,1
2020-05-05,US,Wisconsin,Crawford,7,0,0,43.23870316,-90.93073686,55023.0,7,6,0,0,6,5,16291,1,0,0,1,1
2020-05-05,US,Wisconsin,Dane,443,22,0,43.06601594,-89.41733797,55025.0,421,441,22,0,419,436,542364,2,0,0,2,5
2020-05-05,US,Wisconsin,Dodge,40,1,0,43.41576662,-88.70928178,55027.0,39,39,1,0,38,38,87847,1,0,0,1,1
2020-05-05,US,Wisconsin,Door,18,3,0,44.95856458,-87.30002707,55029.0,15,15,3,0,12,15,27610,3,0,0,3,0
2020-05-05,US,Wisconsin,Douglas,9,0,0,46.43222285,-91.91595768,55031.0,9,9,0,0,9,9,43208,0,0,0,0,0
2020-05-05,US,Wisconsin,Dunn,13,0,0,44.94562799,-91.8962481,55033.0,13,12,0,0,12,12,45131,1,0,0,1,0
2020-05-05,US,Wisconsin,Eau Claire,42,0,0,44.726614,-91.28609183,55035.0,42,41,0,0,41,36,104534,1,0,0,1,5
2020-05-05,US,Wisconsin,Florence,2,0,0,45.84963535,-88.39804137,55037.0,2,2,0,0,2,2,4321,0,0,0,0,0
2020-05-05,US,Wisconsin,Fond du Lac,77,3,0,43.75354908,-88.48885325,55039.0,74,75,3,0,72,73,103066,2,0,0,2,2
2020-05-05,US,Wisconsin,Grant,55,7,0,42.8671731,-90.7063218,55043.0,48,48,6,0,42,48,51554,7,1,0,6,0
2020-05-05,US,Wisconsin,Green,20,0,0,42.6794956,-89.60243287,55045.0,20,16,0,0,16,15,36929,4,0,0,4,1
2020-05-05,US,Wisconsin,Green Lake,5,0,0,43.80025981,-89.04679553,55047.0,5,5,0,0,5,3,18918,0,0,0,0,2
2020-05-05,US,Wisconsin,Iowa,7,0,0,43.00050278,-90.13469017,55049.0,7,7,0,0,7,7,23771,0,0,0,0,0
2020-05-05,US,Wisconsin,Iron,2,1,0,46.26302338,-90.24295041,55051.0,1,2,1,0,1,2,5676,0,0,0,0,0
2020-05-05,US,Wisconsin,Jackson,12,1,0,44.31864893,-90.80566792,55053.0,11,12,1,0,11,12,20478,0,0,0,0,0
2020-05-05,US,Wisconsin,Jefferson,46,0,0,43.02054068,-88.77529134,55055.0,46,46,0,0,46,46,85129,0,0,0,0,0
2020-05-05,US,Wisconsin,Juneau,18,1,0,43.92456975,-90.11120239,55057.0,17,18,1,0,17,18,26617,0,0,0,0,0
2020-05-05,US,Wisconsin,Kenosha,571,14,0,42.57639354,-88.04051686,55059.0,557,546,14,0,532,534,169290,25,0,0,25,12
2020-05-05,US,Wisconsin,Kewaunee,22,1,0,44.51727459,-87.61468386,55061.0,21,22,1,0,21,18,20383,0,0,0,0,4
2020-05-05,US,Wisconsin,La Crosse,32,0,0,43.90632465,-91.11451093,55063.0,32,31,0,0,31,29,118230,1,0,0,1,2
2020-05-05,US,Wisconsin,Lafayette,6,0,0,42.66005229,-90.1317729,55065.0,6,6,0,0,6,6,16665,0,0,0,0,0
2020-05-05,US,Wisconsin,Lincoln,1,0,0,45.33737523,-89.73411273,55069.0,1,1,0,0,1,1,27689,0,0,0,0,0
2020-05-05,US,Wisconsin,Manitowoc,16,1,0,44.11946801,-87.80928853,55071.0,15,14,1,0,13,13,79074,2,0,0,2,1
2020-05-05,US,Wisconsin,Marathon,21,1,0,44.89792533,-89.75863384,55073.0,20,19,1,0,18,19,135428,2,0,0,2,0
2020-05-05,US,Wisconsin,Marinette,11,1,0,45.38553432,-88.03324599999998,55075.0,10,11,1,0,10,11,40434,0,0,0,0,0
2020-05-05,US,Wisconsin,Marquette,3,1,0,43.81911946,-89.40073763,55077.0,2,3,1,0,2,3,15434,0,0,0,0,0
2020-05-05,US,Wisconsin,Menominee,1,0,0,45.00422544,-88.70950714,55078.0,1,1,0,0,1,1,4658,0,0,0,0,0
2020-05-05,US,Wisconsin,Milwaukee,3353,201,0,43.00486062,-87.96733172,55079.0,3152,3296,195,0,3101,3244,948201,57,6,0,51,52
2020-05-05,US,Wisconsin,Monroe,14,1,0,43.94641218,-90.618819,55081.0,13,14,1,0,13,14,46051,0,0,0,0,0
2020-05-05,US,Wisconsin,Oconto,20,0,0,45.02715345,-88.26807503,55083.0,20,18,0,0,18,18,37830,2,0,0,2,0
2020-05-05,US,Wisconsin,Oneida,6,0,0,45.70677897,-89.51944105,55085.0,6,6,0,0,6,6,35470,0,0,0,0,0
2020-05-05,US,Wisconsin,Outagamie,77,2,0,44.41578887,-88.46565023,55087.0,75,73,2,0,71,68,187365,4,0,0,4,5
2020-05-05,US,Wisconsin,Ozaukee,95,9,0,43.38352225,-87.94625009,55089.0,86,94,9,0,85,92,89147,1,0,0,1,2
2020-05-05,US,Wisconsin,Pierce,11,0,0,44.71850291,-92.4224416,55093.0,11,10,0,0,10,10,42555,1,0,0,1,0
2020-05-05,US,Wisconsin,Polk,4,0,0,45.46130348,-92.44182875,55095.0,4,4,0,0,4,4,43598,0,0,0,0,0
2020-05-05,US,Wisconsin,Portage,7,0,0,44.47558711,-89.50152965,55097.0,7,7,0,0,7,6,70942,0,0,0,0,1
2020-05-05,US,Wisconsin,Price,1,0,0,45.68051754,-90.3609888,55099.0,1,1,0,0,1,1,13397,0,0,0,0,0
2020-05-05,US,Wisconsin,Racine,535,15,0,42.74753117,-88.05941254,55101.0,520,457,14,0,443,435,196584,78,1,0,77,22
2020-05-05,US,Wisconsin,Richland,13,2,0,43.3762778,-90.43012729,55103.0,11,13,2,0,11,13,17377,0,0,0,0,0
2020-05-05,US,Wisconsin,Rock,301,9,0,42.67151616,-89.07147900000002,55105.0,292,289,7,0,282,262,163129,12,2,0,10,27
2020-05-05,US,Wisconsin,Rusk,4,0,0,45.47498854,-91.1333012,55107.0,4,4,0,0,4,4,14147,0,0,0,0,0
2020-05-05,US,Wisconsin,Sauk,67,3,0,43.42574087,-89.94966132,55111.0,64,66,3,0,63,65,64249,1,0,0,1,1
2020-05-05,US,Wisconsin,Sawyer,4,0,0,45.87931905,-91.14504927,55113.0,4,4,0,0,4,3,16489,0,0,0,0,1
2020-05-05,US,Wisconsin,Shawano,17,0,0,44.78902246,-88.76443896,55115.0,17,16,0,0,16,16,40796,1,0,0,1,0
2020-05-05,US,Wisconsin,Sheboygan,55,2,0,43.72099677,-87.94579284,55117.0,53,53,2,0,51,52,115456,2,0,0,2,1
2020-05-05,US,Wisconsin,St. Croix,21,0,0,45.03437474,-92.45000068,55109.0,21,20,0,0,20,18,89694,1,0,0,1,2
2020-05-05,US,Wisconsin,Trempealeau,4,0,0,44.30360275,-91.35893614,55121.0,4,4,0,0,4,3,29442,0,0,0,0,1
2020-05-05,US,Wisconsin,Vernon,2,0,0,43.59422667,-90.8324691,55123.0,2,2,0,0,2,1,30785,0,0,0,0,1
2020-05-05,US,Wisconsin,Vilas,4,0,0,46.05467334,-89.51719204,55125.0,4,4,0,0,4,4,21938,0,0,0,0,0
2020-05-05,US,Wisconsin,Walworth,212,8,0,42.66858202,-88.54163073,55127.0,204,211,8,0,203,197,103718,1,0,0,1,14
2020-05-05,US,Wisconsin,Washburn,1,0,0,45.89838588,-91.79050449,55129.0,1,1,0,0,1,1,15878,0,0,0,0,0
2020-05-05,US,Wisconsin,Washington,106,4,0,43.36863664,-88.22974712,55131.0,102,104,4,0,100,101,135693,2,0,0,2,3
2020-05-05,US,Wisconsin,Waukesha,368,20,0,43.01833055,-88.30431188,55133.0,348,367,20,0,347,360,403072,1,0,0,1,7
2020-05-05,US,Wisconsin,Waupaca,10,1,0,44.47068056,-88.96534501,55135.0,9,10,1,0,9,10,51128,0,0,0,0,0
2020-05-05,US,Wisconsin,Waushara,4,0,0,44.11324419,-89.24317107,55137.0,4,2,0,0,2,2,24263,2,0,0,2,0
2020-05-05,US,Wisconsin,Winnebago,83,1,0,44.06886922,-88.64477096,55139.0,82,72,1,0,71,69,171020,11,0,0,11,3
2020-05-05,US,Wisconsin,Wood,2,0,0,44.45537896,-90.04158336,55141.0,2,2,0,0,2,2,73055,0,0,0,0,0
2020-05-05,US,Wyoming,Albany,8,0,0,41.65498705,-105.7235415,56001.0,8,8,0,0,8,8,38601,0,0,0,0,0
2020-05-05,US,Wyoming,Big Horn,3,0,0,44.52405055,-107.9960365,56003.0,3,3,0,0,3,3,11881,0,0,0,0,0
2020-05-05,US,Wyoming,Campbell,24,0,0,44.24886082,-105.5474404,56005.0,24,24,0,0,24,24,46140,0,0,0,0,0
2020-05-05,US,Wyoming,Carbon,5,0,0,41.69357844,-106.9326084,56007.0,5,5,0,0,5,5,14971,0,0,0,0,0
2020-05-05,US,Wyoming,Converse,23,0,0,42.97272268,-105.5081848,56009.0,23,23,0,0,23,23,13640,0,0,0,0,0
2020-05-05,US,Wyoming,Crook,5,0,0,44.58855102,-104.5697705,56011.0,5,5,0,0,5,5,7450,0,0,0,0,0
2020-05-05,US,Wyoming,Fremont,140,0,0,43.04183996,-108.6296893,56013.0,140,137,0,0,137,131,39531,3,0,0,3,6
2020-05-05,US,Wyoming,Goshen,4,0,0,42.08798185,-104.3534743,56015.0,4,4,0,0,4,4,13376,0,0,0,0,0
2020-05-05,US,Wyoming,Hot Springs,3,0,0,43.71930657,-108.4423174,56017.0,3,3,0,0,3,3,4555,0,0,0,0,0
2020-05-05,US,Wyoming,Johnson,15,1,0,44.04057166,-106.5845174,56019.0,14,15,1,0,14,15,8460,0,0,0,0,0
2020-05-05,US,Wyoming,Laramie,162,0,0,41.30702520000001,-104.6887497,56021.0,162,158,0,0,158,154,98976,4,0,0,4,4
2020-05-05,US,Wyoming,Lincoln,10,0,0,42.26376367,-110.6563997,56023.0,10,9,0,0,9,9,19434,1,0,0,1,0
2020-05-05,US,Wyoming,Natrona,48,0,0,42.96180148,-106.797885,56025.0,48,48,0,0,48,48,79115,0,0,0,0,0
2020-05-05,US,Wyoming,Niobrara,2,0,0,43.05607708,-104.4758896,56027.0,2,2,0,0,2,2,2388,0,0,0,0,0
2020-05-05,US,Wyoming,Park,1,0,0,44.52157546,-109.5852825,56029.0,1,1,0,0,1,1,29324,0,0,0,0,0
2020-05-05,US,Wyoming,Sheridan,16,0,0,44.79048913,-106.8862389,56033.0,16,16,0,0,16,16,30233,0,0,0,0,0
2020-05-05,US,Wyoming,Sublette,3,0,0,42.76558279,-109.9130922,56035.0,3,3,0,0,3,3,9813,0,0,0,0,0
2020-05-05,US,Wyoming,Sweetwater,18,0,0,41.65943896,-108.8827882,56037.0,18,18,0,0,18,18,43051,0,0,0,0,0
2020-05-05,US,Wyoming,Teton,98,0,0,43.93522482,-110.5890801,56039.0,98,98,0,0,98,98,23081,0,0,0,0,0
2020-05-05,US,Wyoming,Uinta,8,0,0,41.2878183,-110.54757820000002,56041.0,8,8,0,0,8,8,20299,0,0,0,0,0
2020-05-05,US,Wyoming,Unassigned,0,6,0,0.0,0.0,90056.0,-6,0,6,0,-6,0,,0,0,0,0,0
2020-05-05,US,Wyoming,Washakie,8,0,0,43.90451606,-107.68018700000002,56043.0,8,8,0,0,8,8,7885,0,0,0,0,0
