Date,Country/Region,Province/State,Admin2,Confirmed,Deaths,Recovered,Latitude,Longitude,FIPS,Incidence_Rate,Case-Fatality_Ratio,Active Cases,Previous Confirmed,Previous Deaths,Previous Recovered,Previous Active,Prev2 Confirmed,Population,Daily Confirmed,Daily Deaths,Daily Recovered,Daily Active,Previous Daily Confirmed
2020-08-15,US,Alabama,Autauga,1206,22,0,32.53952745,-86.64408227,1001.0,2158.621059979595,1.8242122719734657,1184,1196,22,0,1174,1196,55601,10,0,0,10,0
2020-08-15,US,Alabama,Baldwin,3839,29,0,30.72774991,-87.72207058,1003.0,1719.7201143195034,0.7554050533993227,3810,3791,29,0,3762,3744,218022,48,0,0,48,47
2020-08-15,US,Alabama,Barbour,598,6,0,31.868263,-85.3871286,1005.0,2422.4256663696024,1.0033444816053512,592,590,6,0,584,586,24881,8,0,0,8,4
2020-08-15,US,Alabama,Bibb,469,5,0,32.99642064,-87.12511459999996,1007.0,2094.310976154327,1.0660980810234542,464,465,5,0,460,457,22400,4,0,0,4,8
2020-08-15,US,Alabama,Blount,854,5,0,33.98210918,-86.56790593,1009.0,1476.8443260816935,0.585480093676815,849,848,5,0,843,835,57840,6,0,0,6,13
2020-08-15,US,Alabama,Bullock,495,11,0,32.10030533,-85.71265535,1011.0,4900.5049005048995,2.2222222222222223,484,494,11,0,483,493,10138,1,0,0,1,1
2020-08-15,US,Alabama,Butler,788,36,0,31.75300095,-86.68057478,1013.0,4051.830522418758,4.568527918781727,752,779,36,0,743,775,19680,9,0,0,9,4
2020-08-15,US,Alabama,Calhoun,1903,19,0,33.77483727,-85.82630386,1015.0,1675.102328242595,0.9984235417761428,1884,1867,19,0,1848,1853,114277,36,0,0,36,14
2020-08-15,US,Alabama,Chambers,854,38,0,32.91360079,-85.39072749,1017.0,2568.1121068142184,4.4496487119437935,816,852,38,0,814,848,33615,2,0,0,2,4
2020-08-15,US,Alabama,Cherokee,299,8,0,34.17805983,-85.60638968,1019.0,1141.3956329210566,2.6755852842809364,291,293,8,0,285,288,26032,6,0,0,6,5
2020-08-15,US,Alabama,Chilton,857,9,0,32.85044126,-86.7173256,1021.0,1928.9637165751328,1.0501750291715286,848,843,9,0,834,830,44153,14,0,0,14,13
2020-08-15,US,Alabama,Choctaw,292,12,0,32.02227341,-88.26564429999998,1023.0,2319.4852649138143,4.109589041095891,280,292,12,0,280,290,12841,0,0,0,0,2
2020-08-15,US,Alabama,Clarke,835,10,0,31.68099859,-87.83548597,1025.0,3534.8404030141387,1.1976047904191616,825,830,10,0,820,827,23920,5,0,0,5,3
2020-08-15,US,Alabama,Clay,296,5,0,33.26984193,-85.85836077,1027.0,2236.494144314318,1.6891891891891893,291,278,5,0,273,278,13275,18,0,0,18,0
2020-08-15,US,Alabama,Cleburne,132,1,0,33.67679204,-85.52005899,1029.0,885.3118712273642,0.7575757575757576,131,131,1,0,130,130,14987,1,0,0,1,1
2020-08-15,US,Alabama,Coffee,805,6,0,31.39932826,-85.98901039,1031.0,1537.9618661877648,0.7453416149068323,799,792,6,0,786,781,51909,13,0,0,13,11
2020-08-15,US,Alabama,Colbert,1265,18,0,34.69847452,-87.80168544,1033.0,2289.965786281928,1.4229249011857708,1247,1243,18,0,1225,1232,54762,22,0,0,22,11
2020-08-15,US,Alabama,Conecuh,402,10,0,31.43401703,-86.99320044,1035.0,3331.3996850915723,2.487562189054726,392,398,10,0,388,397,12277,4,0,0,4,1
2020-08-15,US,Alabama,Coosa,106,3,0,32.93690146,-86.24847739,1037.0,994.091719028416,2.830188679245283,103,106,3,0,103,106,10715,0,0,0,0,0
2020-08-15,US,Alabama,Covington,771,21,0,31.247785399999998,-86.45050893,1039.0,2081.027828011552,2.723735408560312,750,763,21,0,742,755,36986,8,0,0,8,8
2020-08-15,US,Alabama,Crenshaw,347,8,0,31.72941803,-86.31593104,1041.0,2519.6049956433344,2.3054755043227666,339,339,8,0,331,333,13824,8,0,0,8,6
2020-08-15,US,Alabama,Cullman,1258,12,0,34.13020303,-86.86888037,1043.0,1501.7667844522969,0.9538950715421304,1246,1252,12,0,1240,1246,83442,6,0,0,6,6
2020-08-15,US,Alabama,Dale,871,29,0,31.43037123,-85.61095742,1045.0,1771.3332791019282,3.3295063145809416,842,863,29,0,834,856,48956,8,0,0,8,7
2020-08-15,US,Alabama,Dallas,1363,25,0,32.32688101,-87.10866709999998,1047.0,3664.37251317346,1.8341892883345559,1338,1349,25,0,1324,1348,38310,14,0,0,14,1
2020-08-15,US,Alabama,DeKalb,1893,14,0,34.45946862,-85.80782906,1049.0,2647.07116188665,0.739566825145272,1879,1870,14,0,1856,1866,71385,23,0,0,23,4
2020-08-15,US,Alabama,Elmore,1800,39,0,32.59785413,-86.14415284,1051.0,2216.5030969473833,2.1666666666666665,1761,1789,39,0,1750,1783,81887,11,0,0,11,6
2020-08-15,US,Alabama,Escambia,1104,17,0,31.1256789,-87.15918694,1053.0,3013.676193595938,1.539855072463768,1087,1099,17,0,1082,1094,36748,5,0,0,5,5
2020-08-15,US,Alabama,Etowah,2228,34,0,34.04567266,-86.04051873,1055.0,2178.5895881409633,1.526032315978456,2194,2219,34,0,2185,2209,102501,9,0,0,9,10
2020-08-15,US,Alabama,Fayette,237,5,0,33.72076938,-87.73886638,1057.0,1453.8093485461911,2.109704641350211,232,234,5,0,229,227,16433,3,0,0,3,7
2020-08-15,US,Alabama,Franklin,1325,22,0,34.44235334,-87.84289505,1059.0,4224.858108538996,1.660377358490566,1303,1315,22,0,1293,1310,31363,10,0,0,10,5
2020-08-15,US,Alabama,Geneva,278,2,0,31.09389027,-85.83572839,1061.0,1058.2010582010582,0.7194244604316546,276,274,2,0,272,269,26314,4,0,0,4,5
2020-08-15,US,Alabama,Greene,257,11,0,32.85504247,-87.95684022,1063.0,3168.5365552952776,4.280155642023346,246,256,11,0,245,255,8233,1,0,0,1,1
2020-08-15,US,Alabama,Hale,495,26,0,32.76039258,-87.63284988,1065.0,3378.608968671081,5.252525252525253,469,490,26,0,464,487,14726,5,0,0,5,3
2020-08-15,US,Alabama,Henry,274,3,0,31.51148016,-85.24267944,1067.0,1592.5603022377215,1.094890510948905,271,273,3,0,270,268,17209,1,0,0,1,5
2020-08-15,US,Alabama,Houston,1510,13,0,31.15197924,-85.29939599,1069.0,1426.1158648306605,0.8609271523178808,1497,1493,13,0,1480,1459,104722,17,0,0,17,34
2020-08-15,US,Alabama,Jackson,1120,5,0,34.78144169,-85.99750489,1071.0,2169.4495021888197,0.44642857142857145,1115,1091,4,0,1087,1079,51736,29,1,0,28,12
2020-08-15,US,Alabama,Jefferson,13905,262,0,33.55554728,-86.89506300000002,1073.0,2111.3832483263054,1.8842143113987773,13643,13682,262,0,13420,13578,659300,223,0,0,223,104
2020-08-15,US,Alabama,Lamar,239,2,0,33.77995024,-88.09668032,1075.0,1731.2567910177472,0.8368200836820083,237,237,2,0,235,237,13844,2,0,0,2,0
2020-08-15,US,Alabama,Lauderdale,1231,20,0,34.90171875,-87.65624729,1077.0,1327.5242912141832,1.6246953696181965,1211,1219,20,0,1199,1213,92387,12,0,0,12,6
2020-08-15,US,Alabama,Lawrence,367,3,0,34.52041498,-87.31069453,1079.0,1114.6883732231806,0.8174386920980926,364,364,3,0,361,360,32957,3,0,0,3,4
2020-08-15,US,Alabama,Lee,2760,47,0,32.60154883,-85.35132246,1081.0,1677.383282079955,1.7028985507246377,2713,2735,47,0,2688,2736,163941,25,0,0,25,-1
2020-08-15,US,Alabama,Limestone,1432,13,0,34.81185586,-86.98310072,1083.0,1447.707627761209,0.9078212290502792,1419,1407,13,0,1394,1393,96174,25,0,0,25,14
2020-08-15,US,Alabama,Lowndes,577,24,0,32.1597283,-86.65158371,1085.0,5932.551922681472,4.15944540727903,553,576,24,0,552,575,9974,1,0,0,1,1
2020-08-15,US,Alabama,Macon,345,15,0,32.38759944,-85.69267724,1087.0,1909.4531768873144,4.3478260869565215,330,344,15,0,329,344,18439,1,0,0,1,0
2020-08-15,US,Alabama,Madison,5661,35,0,34.76327133,-86.55069633,1089.0,1518.0647289285052,0.6182653241476771,5626,5581,35,0,5546,5550,366519,80,0,0,80,31
2020-08-15,US,Alabama,Marengo,583,17,0,32.24767634,-87.78796182,1091.0,3090.706674442029,2.9159519725557463,566,578,17,0,561,572,19066,5,0,0,5,6
2020-08-15,US,Alabama,Marion,600,26,0,34.13697363,-87.88704173,1093.0,2019.5900232252848,4.333333333333333,574,594,26,0,568,592,29763,6,0,0,6,2
2020-08-15,US,Alabama,Marshall,3227,38,0,34.36975964,-86.30486727,1095.0,3334.5733358133384,1.1775643012085528,3189,3214,38,0,3176,3207,96109,13,0,0,13,7
2020-08-15,US,Alabama,Mobile,10961,225,0,30.78472347,-88.20842409,1097.0,2652.646354154062,2.0527324149256456,10736,10836,223,0,10613,10747,413757,125,2,0,123,89
2020-08-15,US,Alabama,Monroe,432,6,0,31.56729412,-87.36995001,1099.0,2083.6347851251626,1.3888888888888888,426,427,6,0,421,425,21067,5,0,0,5,2
2020-08-15,US,Alabama,Montgomery,7069,153,0,32.2206831,-86.20969272,1101.0,3121.164222071121,2.1643796859527518,6916,7009,153,0,6856,6999,225763,60,0,0,60,10
2020-08-15,US,Alabama,Morgan,2488,20,0,34.45500589,-86.85475946,1103.0,2078.894375788568,0.8038585209003215,2468,2457,20,0,2437,2443,119089,31,0,0,31,14
2020-08-15,US,Alabama,Perry,455,4,0,32.64048341,-87.29770589,1105.0,5099.181889499047,0.8791208791208791,451,452,4,0,448,448,9140,3,0,0,3,4
2020-08-15,US,Alabama,Pickens,434,10,0,33.28094866,-88.08818103,1107.0,2177.6216758655287,2.3041474654377883,424,420,10,0,410,413,19938,14,0,0,14,7
2020-08-15,US,Alabama,Pike,722,7,0,31.80396383,-85.9408295,1109.0,2180.3466811620465,0.969529085872576,715,718,7,0,711,716,33338,4,0,0,4,2
2020-08-15,US,Alabama,Randolph,409,11,0,33.29526734,-85.45708831,1111.0,1800.0176040841477,2.6894865525672373,398,405,11,0,394,404,22725,4,0,0,4,1
2020-08-15,US,Alabama,Russell,1405,2,0,32.28725256,-85.18415324,1113.0,2424.0437535584274,0.1423487544483986,1403,1398,2,0,1396,1391,57781,7,0,0,7,7
2020-08-15,US,Alabama,Shelby,3466,37,0,33.26879845,-86.66232561,1117.0,1592.0845927001126,1.0675129832660126,3429,3414,37,0,3377,3381,215707,52,0,0,52,33
2020-08-15,US,Alabama,St. Clair,1395,20,0,33.71902176,-86.31029372,1115.0,1558.4502636518012,1.4336917562724014,1375,1388,20,0,1368,1381,88690,7,0,0,7,7
2020-08-15,US,Alabama,Sumter,373,19,0,32.59117397,-88.19916205,1119.0,3001.528928945039,5.093833780160859,354,371,19,0,352,370,12691,2,0,0,2,1
2020-08-15,US,Alabama,Talladega,1122,14,0,33.37823223,-86.16886178,1121.0,1402.8857935932376,1.2477718360071302,1108,1103,14,0,1089,1087,79828,19,0,0,19,16
2020-08-15,US,Alabama,Tallapoosa,887,79,0,32.86698258,-85.79833053,1123.0,2197.339410904948,8.90642615558061,808,883,79,0,804,878,40497,4,0,0,4,5
2020-08-15,US,Alabama,Tuscaloosa,4411,80,0,33.28726072,-87.52556818,1125.0,2106.9475293162327,1.813647698934482,4331,4378,80,0,4298,4350,208911,33,0,0,33,28
2020-08-15,US,Alabama,Unassigned,4223,68,0,0.0,0.0,90001.0,0.0,1.610229694529955,4155,4113,68,0,4045,4061,,110,0,0,110,52
2020-08-15,US,Alabama,Walker,1599,66,0,33.80270512,-87.30027177,1127.0,2517.2777506651346,4.127579737335835,1533,1584,66,0,1518,1562,63711,15,0,0,15,22
2020-08-15,US,Alabama,Washington,464,13,0,31.4092794,-88.20689944,1129.0,2842.0923680019605,2.8017241379310347,451,461,13,0,448,453,16378,3,0,0,3,8
2020-08-15,US,Alabama,Wilcox,448,10,0,31.98773215,-87.30891118,1131.0,4318.904849127543,2.232142857142857,438,445,10,0,435,445,10627,3,0,0,3,0
2020-08-15,US,Alabama,Winston,464,11,0,34.15030532,-87.37325922,1133.0,1963.6886876296078,2.3706896551724137,453,459,11,0,448,456,23660,5,0,0,5,3
2020-08-15,US,Alaska,Aleutians East,2,0,0,55.32222414,-161.9722021,2013.0,59.93407252022774,0.0,2,2,0,0,2,2,3515,0,0,0,0,0
2020-08-15,US,Alaska,Aleutians West,5,0,0,52.3233,-174.1596,2016.0,88.74689385871494,0.0,5,5,0,0,5,4,5723,0,0,0,0,1
2020-08-15,US,Alaska,Anchorage,2408,15,0,61.14998174,-149.14269860000005,2020.0,836.1111111111113,0.6229235880398671,2393,2373,14,0,2359,2290,291538,35,1,0,34,83
2020-08-15,US,Alaska,Bethel,29,0,0,60.90980451,-159.8561831,2050.0,157.7287066246057,0.0,29,23,0,0,23,23,18216,6,0,0,6,0
2020-08-15,US,Alaska,Bristol Bay,11,0,0,58.74513976,-156.701064,2060.0,1315.7894736842104,0.0,11,11,0,0,11,11,877,0,0,0,0,0
2020-08-15,US,Alaska,Denali,1,0,0,63.67264044,-150.0076108,2068.0,47.687172150691474,0.0,1,1,0,0,1,1,2059,0,0,0,0,0
2020-08-15,US,Alaska,Dillingham,2,0,0,59.79603738,-158.23819419999995,2070.0,40.68348250610252,0.0,2,2,0,0,2,2,5000,0,0,0,0,0
2020-08-15,US,Alaska,Fairbanks North Star,481,6,0,64.80726247,-146.5692662,2090.0,496.64942332910005,1.2474012474012477,475,464,6,0,458,462,98971,17,0,0,17,2
2020-08-15,US,Alaska,Haines,5,0,0,59.09893571,-135.4679843,2100.0,197.6284584980237,0.0,5,5,0,0,5,4,2474,0,0,0,0,1
2020-08-15,US,Alaska,Juneau,142,1,0,58.45031811,-134.200436,2110.0,444.11084005754685,0.7042253521126759,141,135,1,0,134,121,32113,7,0,0,7,14
2020-08-15,US,Alaska,Kenai Peninsula,349,2,0,60.24429722,-151.53888840000005,2122.0,594.4675342372419,0.5730659025787965,347,346,2,0,344,344,58533,3,0,0,3,2
2020-08-15,US,Alaska,Ketchikan Gateway,39,0,0,55.57445008,-130.975561,2130.0,280.55535572980364,0.0,39,38,0,0,38,38,13918,1,0,0,1,0
2020-08-15,US,Alaska,Kodiak Island,10,0,0,57.65529415,-153.7493579,2150.0,76.93491306354824,0.0,10,10,0,0,10,10,13345,0,0,0,0,0
2020-08-15,US,Alaska,Kusilvak,8,0,0,62.15429159999999,-163.39678830000003,2158.0,96.22323791195574,0.0,8,8,0,0,8,7,8303,0,0,0,0,1
2020-08-15,US,Alaska,Matanuska-Susitna,372,2,0,62.31305045,-149.5741743,2170.0,343.43639502571165,0.5376344086021505,370,365,2,0,363,362,107610,7,0,0,7,3
2020-08-15,US,Alaska,Nome,24,0,0,64.90320724,-164.0353804,2180.0,239.9040383846461,0.0,24,24,0,0,24,24,10008,0,0,0,0,0
2020-08-15,US,Alaska,North Slope,21,0,0,69.31479216,-153.4836093,2185.0,213.58828315703826,0.0,21,20,0,0,20,20,9872,1,0,0,1,0
2020-08-15,US,Alaska,Northwest Arctic,44,0,0,67.04919196,-159.7503946,2188.0,577.3520535362812,0.0,44,44,0,0,44,43,7671,0,0,0,0,1
2020-08-15,US,Alaska,Petersburg,7,1,0,57.13978948,-132.9540995,2195.0,214.32945499081444,14.285714285714285,6,7,1,0,6,7,3221,0,0,0,0,0
2020-08-15,US,Alaska,Prince of Wales-Hyder,13,0,0,55.76261984,-133.0511621,2198.0,209.5760116072868,0.0,13,12,0,0,12,11,6422,1,0,0,1,1
2020-08-15,US,Alaska,Sitka,31,0,0,57.24124555,-135.3206587,2220.0,365.006475921347,0.0,31,29,0,0,29,28,8647,2,0,0,2,1
2020-08-15,US,Alaska,Southeast Fairbanks,18,0,0,63.87692095,-143.2127643,2240.0,261.13448425939356,0.0,18,17,0,0,17,17,6918,1,0,0,1,0
2020-08-15,US,Alaska,Unassigned,1,0,0,0.0,0.0,90002.0,0.0,0.0,1,2,0,0,2,2,,-1,0,0,-1,0
2020-08-15,US,Alaska,Valdez-Cordova,59,0,0,61.47502768,-144.7126799,2261.0,641.1649641382309,0.0,59,59,0,0,59,59,9164,0,0,0,0,0
2020-08-15,US,Alaska,Wrangell,8,0,0,56.3202004,-132.05837309999998,2275.0,319.744204636291,0.0,8,8,0,0,8,8,2503,0,0,0,0,0
2020-08-15,US,Alaska,Yakutat,9,0,0,59.890980799999994,-140.36014509999998,2282.0,1554.4041450777206,0.0,9,8,0,0,8,8,604,1,0,0,1,0
2020-08-15,US,Alaska,Yukon-Koyukuk,57,1,0,65.50815459,-151.39073869999999,2290.0,1089.866156787763,1.7543859649122806,56,55,1,0,54,55,5327,2,0,0,2,0
2020-08-15,US,Arizona,Apache,3241,142,0,35.39465006,-109.4892383,4001.0,4508.464673724039,4.381363776612156,3099,3221,140,0,3081,3218,71818,20,2,0,18,3
2020-08-15,US,Arizona,Cochise,1760,57,0,31.87934684,-109.7516088,4003.0,1397.690633884468,3.238636363636364,1703,1751,57,0,1694,1747,126770,9,0,0,9,4
2020-08-15,US,Arizona,Coconino,3167,120,0,35.83883429,-111.77071780000001,4005.0,2207.3378125958347,3.7890748342279763,3047,3149,119,0,3030,3146,142854,18,1,0,17,3
2020-08-15,US,Arizona,Gila,998,42,0,33.80190085,-110.8132779,4007.0,1847.5323040468,4.208416833667335,956,982,42,0,940,978,53889,16,0,0,16,4
2020-08-15,US,Arizona,Graham,596,21,0,32.93166885,-109.8882178,4009.0,1534.6190488451737,3.523489932885906,575,584,20,0,564,574,38072,12,1,0,11,10
2020-08-15,US,Arizona,Greenlee,57,1,0,33.21498827,-109.2405279,4011.0,600.1263423878711,1.7543859649122806,56,57,1,0,56,57,9483,0,0,0,0,0
2020-08-15,US,Arizona,La Paz,490,12,0,33.72854224,-113.98100290000001,4012.0,2321.394731855221,2.4489795918367347,478,489,12,0,477,488,21098,1,0,0,1,1
2020-08-15,US,Arizona,Maricopa,128865,2585,0,33.34835867,-112.49181540000001,4013.0,2872.9789491003507,2.0059752454118653,126280,128352,2536,0,125816,127768,4410824,513,49,0,464,584
2020-08-15,US,Arizona,Mohave,3348,184,0,35.70471703,-113.7577902,4015.0,1577.8981152883625,5.4958183990442055,3164,3294,181,0,3113,3285,209550,54,3,0,51,9
2020-08-15,US,Arizona,Navajo,5451,208,0,35.3997715,-110.3218983,4017.0,4914.175471493996,3.8158136121812514,5243,5446,205,0,5241,5430,110445,5,3,0,2,16
2020-08-15,US,Arizona,Pima,19313,530,0,32.0971334,-111.7890033,4019.0,1844.1122184250805,2.7442655206337703,18783,19164,524,0,18640,19001,1039073,149,6,0,143,163
2020-08-15,US,Arizona,Pinal,8684,169,0,32.90525627,-111.3449483,4021.0,1876.4490945117536,1.9461077844311376,8515,8665,166,0,8499,8616,447138,19,3,0,16,49
2020-08-15,US,Arizona,Santa Cruz,2697,55,0,31.52508998,-110.8479088,4023.0,5800.249473095617,2.0393029291805713,2642,2696,55,0,2641,2698,46511,1,0,0,1,-2
2020-08-15,US,Arizona,Unassigned,0,1,0,0.0,0.0,90004.0,0.0,0.0,-1,0,1,0,-1,1,,0,0,0,0,-1
2020-08-15,US,Arizona,Yavapai,2134,73,0,34.59933926,-112.5538588,4025.0,907.7027124743194,3.4208059981255867,2061,2105,72,0,2033,2084,231993,29,1,0,28,21
2020-08-15,US,Arizona,Yuma,11853,292,0,32.76895712,-113.90666740000002,4027.0,5544.303442211173,2.463511347338226,11561,11766,292,0,11474,11703,212128,87,0,0,87,63
2020-08-15,US,Arkansas,Arkansas,246,2,0,34.29145151,-91.37277296,5001.0,1406.839757520302,0.8130081300813008,244,243,1,0,242,241,17769,3,1,0,2,2
2020-08-15,US,Arkansas,Ashley,352,5,0,33.19153461,-91.76984709999999,5003.0,1790.7106883044207,1.4204545454545454,347,342,5,0,337,337,20046,10,0,0,10,5
2020-08-15,US,Arkansas,Baxter,81,0,0,36.28784385,-92.33782872,5005.0,193.16989411428025,0.0,81,81,0,0,81,78,41619,0,0,0,0,3
2020-08-15,US,Arkansas,Benton,4900,43,0,36.33644656,-94.25680817,5007.0,1755.3852712428486,0.8775510204081632,4857,4879,43,0,4836,4864,272608,21,0,0,21,15
2020-08-15,US,Arkansas,Boone,225,2,0,36.3084504,-93.09374925,5009.0,601.0899764907033,0.8888888888888888,223,223,2,0,221,222,37480,2,0,0,2,1
2020-08-15,US,Arkansas,Bradley,218,4,0,33.46755808,-92.15980837,5011.0,2025.4575861748583,1.834862385321101,214,213,4,0,209,212,10897,5,0,0,5,1
2020-08-15,US,Arkansas,Calhoun,16,0,0,33.55598792,-92.49974403,5013.0,308.3445750626325,0.0,16,17,0,0,17,17,5277,-1,0,0,-1,0
2020-08-15,US,Arkansas,Carroll,383,7,0,36.34038560000001,-93.54270261,5015.0,1349.5419309372799,1.827676240208877,376,380,7,0,373,380,28223,3,0,0,3,0
2020-08-15,US,Arkansas,Chicot,919,9,0,33.26458973,-91.29539209,5017.0,9082.822692231666,0.9793253536452666,910,887,9,0,878,746,10438,32,0,0,32,141
2020-08-15,US,Arkansas,Clark,186,2,0,34.04613432,-93.17484713,5019.0,833.3333333333335,1.075268817204301,184,185,2,0,183,183,22061,1,0,0,1,2
2020-08-15,US,Arkansas,Clay,145,4,0,36.36826212,-90.4148172,5021.0,996.4950862483678,2.7586206896551726,141,143,4,0,139,140,14847,2,0,0,2,3
2020-08-15,US,Arkansas,Cleburne,220,5,0,35.53864922,-92.02640019,5023.0,882.8604679160478,2.272727272727273,215,210,5,0,205,210,24965,10,0,0,10,0
2020-08-15,US,Arkansas,Cleveland,117,2,0,33.89723187,-92.18537045,5025.0,1470.588235294117,1.709401709401709,115,115,2,0,113,115,8018,2,0,0,2,0
2020-08-15,US,Arkansas,Columbia,241,12,0,33.21230701,-93.22642793,5027.0,1027.4118599991473,4.979253112033195,229,227,12,0,215,226,23537,14,0,0,14,1
2020-08-15,US,Arkansas,Conway,162,3,0,35.26205537,-92.70506566,5029.0,777.1275064760623,1.851851851851852,159,161,3,0,158,161,20891,1,0,0,1,0
2020-08-15,US,Arkansas,Craighead,1473,13,0,35.83018283,-90.63235729,5031.0,1335.0614508936665,0.8825526137135098,1460,1451,12,0,1439,1445,108558,22,1,0,21,6
2020-08-15,US,Arkansas,Crawford,711,5,0,35.58928601,-94.2446814,5033.0,1123.9862781984602,0.7032348804500703,706,695,5,0,690,682,63406,16,0,0,16,13
2020-08-15,US,Arkansas,Crittenden,1460,24,0,35.21247318,-90.30839406,5035.0,3044.5209050151184,1.643835616438356,1436,1455,24,0,1431,1442,48342,5,0,0,5,13
2020-08-15,US,Arkansas,Cross,222,4,0,35.29631396,-90.77185818,5037.0,1352.0920884341313,1.8018018018018016,218,220,4,0,216,217,16676,2,0,0,2,3
2020-08-15,US,Arkansas,Dallas,68,2,0,33.97042763,-92.65167437,5039.0,970.18119560565,2.9411764705882355,66,67,1,0,66,67,7182,1,1,0,0,0
2020-08-15,US,Arkansas,Desha,210,2,0,33.83011025,-91.25500948,5041.0,1848.4288354898333,0.9523809523809524,208,207,2,0,205,206,11512,3,0,0,3,1
2020-08-15,US,Arkansas,Drew,254,3,0,33.59035001,-91.71777921,5043.0,1394.1489653658268,1.1811023622047243,251,240,3,0,237,234,18328,14,0,0,14,6
2020-08-15,US,Arkansas,Faulkner,1375,6,0,35.14719007,-92.33717519,5045.0,1091.2092185354782,0.4363636363636363,1369,1370,6,0,1364,1361,124806,5,0,0,5,9
2020-08-15,US,Arkansas,Franklin,139,2,0,35.51202821,-93.89299569,5047.0,784.6457804120803,1.4388489208633093,137,138,2,0,136,136,17810,1,0,0,1,2
2020-08-15,US,Arkansas,Fulton,47,0,0,36.38177105,-91.81729127,5049.0,376.6931153322113,0.0,47,47,0,0,47,44,12269,0,0,0,0,3
2020-08-15,US,Arkansas,Garland,1169,17,0,34.57692074,-93.14921604,5051.0,1176.222003099028,1.4542343883661248,1152,1155,17,0,1138,1134,99154,14,0,0,14,21
2020-08-15,US,Arkansas,Grant,148,0,0,34.29017991,-92.42320562,5053.0,810.2929099370381,0.0,148,144,0,0,144,144,18188,4,0,0,4,0
2020-08-15,US,Arkansas,Greene,531,3,0,36.11735460000001,-90.55832668,5055.0,1171.5388858246001,0.5649717514124294,528,526,3,0,523,523,45325,5,0,0,5,3
2020-08-15,US,Arkansas,Hempstead,265,2,0,33.73325583,-93.66935133,5057.0,1230.7263607653724,0.7547169811320755,263,260,2,0,258,255,21741,5,0,0,5,5
2020-08-15,US,Arkansas,Hot Spring,1621,13,0,34.31709259,-92.95396325,5059.0,4799.976311036096,0.8019740900678594,1608,1599,13,0,1586,1569,33701,22,0,0,22,30
2020-08-15,US,Arkansas,Howard,367,4,0,34.09007427,-93.9934871,5061.0,2779.881836085441,1.0899182561307903,363,364,4,0,360,362,13341,3,0,0,3,2
2020-08-15,US,Arkansas,Independence,604,2,0,35.74242707,-91.57001641,5063.0,1596.8274950429611,0.3311258278145696,602,589,2,0,587,584,37678,15,0,0,15,5
2020-08-15,US,Arkansas,Izard,62,1,0,36.09604046,-91.90847954,5065.0,454.91231931909897,1.6129032258064515,61,64,1,0,63,62,13593,-2,0,0,-2,2
2020-08-15,US,Arkansas,Jackson,124,1,0,35.59802983,-91.21494602,5067.0,741.671152580896,0.8064516129032258,123,120,1,0,119,119,16811,4,0,0,4,1
2020-08-15,US,Arkansas,Jefferson,1670,41,0,34.26767081,-91.92619839,5069.0,2499.102118999162,2.455089820359281,1629,1657,41,0,1616,1644,68114,13,0,0,13,13
2020-08-15,US,Arkansas,Johnson,687,2,0,35.56759135,-93.46036368,5071.0,2584.844608322673,0.2911208151382824,685,687,2,0,685,679,26742,0,0,0,0,8
2020-08-15,US,Arkansas,Lafayette,59,2,0,33.24116713,-93.60677071,5073.0,890.7004830917874,3.3898305084745757,57,59,2,0,57,58,6682,0,0,0,0,1
2020-08-15,US,Arkansas,Lawrence,229,9,0,36.04188196,-91.10867198,5075.0,1395.8307936120932,3.930131004366812,220,226,9,0,217,223,16434,3,0,0,3,3
2020-08-15,US,Arkansas,Lee,901,8,0,34.78498904,-90.78383866,5077.0,10172.74472168906,0.8879023307436182,893,901,8,0,893,901,8985,0,0,0,0,0
2020-08-15,US,Arkansas,Lincoln,1290,12,0,33.95317155,-91.74002806,5079.0,9904.791154791155,0.9302325581395348,1278,1228,12,0,1216,1224,13383,62,0,0,62,4
2020-08-15,US,Arkansas,Little River,215,3,0,33.70375665,-94.23468591,5081.0,1753.8135247573211,1.3953488372093024,212,196,3,0,193,193,12326,19,0,0,19,3
2020-08-15,US,Arkansas,Logan,334,1,0,35.21413234,-93.71951016,5083.0,1555.9489425137424,0.2994011976047904,333,331,1,0,330,321,21737,3,0,0,3,10
2020-08-15,US,Arkansas,Lonoke,564,2,0,34.75392199,-91.88742357,5085.0,769.3461921455755,0.3546099290780142,562,556,2,0,554,546,73657,8,0,0,8,10
2020-08-15,US,Arkansas,Madison,277,2,0,36.01038185,-93.72524943,5087.0,1671.0907335907336,0.7220216606498195,275,277,2,0,275,275,16481,0,0,0,0,2
2020-08-15,US,Arkansas,Marion,33,0,0,36.26844485,-92.68451899,5089.0,197.6758116688631,0.0,33,33,0,0,33,31,16722,0,0,0,0,2
2020-08-15,US,Arkansas,Miller,536,5,0,33.31403423,-93.89285258,5091.0,1239.1058094643645,0.9328358208955224,531,533,5,0,528,527,43592,3,0,0,3,6
2020-08-15,US,Arkansas,Mississippi,1133,14,0,35.76271485,-90.05194370000002,5093.0,2787.1393077661064,1.235657546337158,1119,1097,14,0,1083,1089,41239,36,0,0,36,8
2020-08-15,US,Arkansas,Monroe,73,0,0,34.6815935,-91.20540287,5095.0,1089.3896433368154,0.0,73,71,0,0,71,65,6900,2,0,0,2,6
2020-08-15,US,Arkansas,Montgomery,42,1,0,34.53704874,-93.65824478,5097.0,467.3937235699978,2.380952380952381,41,40,1,0,39,38,8924,2,0,0,2,2
2020-08-15,US,Arkansas,Nevada,147,9,0,33.66340119,-93.30632432,5099.0,1781.3863305865243,6.1224489795918355,138,146,9,0,137,147,8326,1,0,0,1,-1
2020-08-15,US,Arkansas,Newton,107,11,0,35.91947491,-93.21612969,5101.0,1380.110924803302,10.280373831775703,96,107,10,0,97,107,7805,0,1,0,-1,0
2020-08-15,US,Arkansas,Ouachita,113,3,0,33.58839816,-92.87795984,5103.0,483.27773500983665,2.6548672566371683,110,111,3,0,108,110,23606,2,0,0,2,1
2020-08-15,US,Arkansas,Perry,55,0,0,34.945915299999996,-92.94372564,5105.0,526.0640841702535,0.0,55,55,0,0,55,55,10352,0,0,0,0,0
2020-08-15,US,Arkansas,Phillips,346,9,0,34.43268455,-90.84800154,5107.0,1945.787875379597,2.601156069364162,337,336,9,0,327,334,18029,10,0,0,10,2
2020-08-15,US,Arkansas,Pike,138,1,0,34.16250414,-93.65789349,5109.0,1287.5536480686694,0.7246376811594203,137,130,1,0,129,126,10673,8,0,0,8,4
2020-08-15,US,Arkansas,Poinsett,336,4,0,35.57433534,-90.66268713,5111.0,1428.0856851411083,1.1904761904761905,332,324,4,0,320,319,23974,12,0,0,12,5
2020-08-15,US,Arkansas,Polk,159,1,0,34.48254879,-94.22728802,5113.0,796.4335804448007,0.6289308176100629,158,157,1,0,156,157,20049,2,0,0,2,0
2020-08-15,US,Arkansas,Pope,1426,12,0,35.44871474,-93.03212219,5115.0,2225.6211761768013,0.8415147265077139,1414,1401,11,0,1390,1380,64000,25,1,0,24,21
2020-08-15,US,Arkansas,Prairie,108,0,0,34.83624419,-91.55162157,5117.0,1339.6179608037708,0.0,108,107,0,0,107,104,8074,1,0,0,1,3
2020-08-15,US,Arkansas,Pulaski,6000,88,0,34.77054088,-92.31355101,5119.0,1530.9598352687217,1.4666666666666666,5912,5937,88,0,5849,5880,392680,63,0,0,63,57
2020-08-15,US,Arkansas,Randolph,255,11,0,36.3415714,-91.02455531,5121.0,1419.9799532241898,4.313725490196078,244,252,4,0,248,245,17948,3,7,0,-4,7
2020-08-15,US,Arkansas,Saline,1239,8,0,34.64916145,-92.67583224,5125.0,1011.9490023440628,0.645682001614205,1231,1184,8,0,1176,1158,121421,55,0,0,55,26
2020-08-15,US,Arkansas,Scott,77,0,0,34.85588887,-94.0632176,5127.0,748.954381869468,0.0,77,72,0,0,72,70,10319,5,0,0,5,2
2020-08-15,US,Arkansas,Searcy,34,0,0,35.9109364,-92.69936482,5129.0,431.4173328257836,0.0,34,32,0,0,32,32,7958,2,0,0,2,0
2020-08-15,US,Arkansas,Sebastian,2401,22,0,35.19605503,-94.27162713,5131.0,1878.3199167624994,0.9162848812994584,2379,2358,21,0,2337,2344,127753,43,1,0,42,14
2020-08-15,US,Arkansas,Sevier,1053,11,0,33.99780401,-94.2424869,5133.0,6191.568177809138,1.0446343779677112,1042,1034,11,0,1023,1017,17139,19,0,0,19,17
2020-08-15,US,Arkansas,Sharp,127,5,0,36.16258158,-91.47819342,5135.0,728.1275083132667,3.9370078740157477,122,125,5,0,120,120,17366,2,0,0,2,5
2020-08-15,US,Arkansas,St. Francis,1236,3,0,35.02201976,-90.74828138,5123.0,4945.186844842762,0.2427184466019417,1233,1236,3,0,1233,1231,25439,0,0,0,0,5
2020-08-15,US,Arkansas,Stone,84,1,0,35.86251946,-92.15684085,5137.0,671.6775947545177,1.1904761904761905,83,79,1,0,78,76,12457,5,0,0,5,3
2020-08-15,US,Arkansas,Unassigned,742,0,0,0.0,0.0,90005.0,0.0,0.0,742,1835,0,0,1835,1816,,-1093,0,0,-1093,19
2020-08-15,US,Arkansas,Union,553,20,0,33.16887091,-92.59746952,5139.0,1429.6055012667389,3.6166365280289328,533,539,20,0,519,532,39126,14,0,0,14,7
2020-08-15,US,Arkansas,Van Buren,54,2,0,35.58095779,-92.51295036,5141.0,326.38259292837716,3.703703703703704,52,53,2,0,51,53,16603,1,0,0,1,0
2020-08-15,US,Arkansas,Washington,6400,53,0,35.976844,-94.21800746,5143.0,2675.7307044279164,0.828125,6347,6394,53,0,6341,6373,236961,6,0,0,6,21
2020-08-15,US,Arkansas,White,389,3,0,35.25688493,-91.74908296,5145.0,493.9494368468503,0.7712082262210797,386,370,3,0,367,342,78727,19,0,0,19,28
2020-08-15,US,Arkansas,Woodruff,24,0,0,35.18902527,-91.2439489,5147.0,379.74683544303804,0.0,24,23,0,0,23,22,6490,1,0,0,1,1
2020-08-15,US,Arkansas,Yell,1085,17,0,35.00292371,-93.41171338,5149.0,5084.110397825782,1.566820276497696,1068,1086,17,0,1069,1084,21535,-1,0,0,-1,2
2020-08-15,US,California,Alameda,14558,219,0,37.64629437,-121.8929271,6001.0,871.0433433513091,1.5043275175161424,14339,14558,219,0,14339,14548,1666753,0,0,0,0,10
2020-08-15,US,California,Alpine,2,0,0,38.59678594,-119.82235940000001,6003.0,177.14791851195747,0.0,2,2,0,0,2,2,1101,0,0,0,0,0
2020-08-15,US,California,Amador,208,11,0,38.44583082,-120.65696000000001,6005.0,523.244113503723,5.288461538461538,197,208,11,0,197,198,39383,0,0,0,0,10
2020-08-15,US,California,Butte,1370,12,0,39.66727762,-121.6005252,6007.0,625.0399204328744,0.8759124087591241,1358,1370,12,0,1358,1305,231256,0,0,0,0,65
2020-08-15,US,California,Calaveras,174,1,0,38.20537103,-120.55291299999999,6009.0,379.0436771593508,0.5747126436781609,173,174,1,0,173,161,45602,0,0,0,0,13
2020-08-15,US,California,Colusa,409,5,0,39.17881957,-122.2331726,6011.0,1898.1760801967791,1.2224938875305624,404,409,5,0,404,401,21627,0,0,0,0,8
2020-08-15,US,California,Contra Costa,11013,156,0,37.91923498,-121.9289527,6013.0,954.72490433679,1.4165077635521657,10857,10756,152,0,10604,10482,1150215,257,4,0,253,274
2020-08-15,US,California,Del Norte,106,0,0,41.74228275,-123.89740630000001,6015.0,381.13044728894005,0.0,106,106,0,0,106,104,27828,0,0,0,0,2
2020-08-15,US,California,El Dorado,827,2,0,38.77965956,-120.5233166,6017.0,428.8462635408078,0.2418379685610641,825,827,2,0,825,793,190678,0,0,0,0,34
2020-08-15,US,California,Fresno,19157,203,0,36.75733899,-119.6466953,6019.0,1917.4237639638034,1.0596648744584225,18954,19157,203,0,18954,18344,994400,0,0,0,0,813
2020-08-15,US,California,Glenn,436,3,0,39.59875897,-122.3938452,6021.0,1535.5897580389533,0.6880733944954128,433,436,3,0,433,436,28047,0,0,0,0,0
2020-08-15,US,California,Humboldt,309,4,0,40.69923009,-123.876044,6023.0,227.9467091577037,1.2944983818770226,305,309,4,0,305,299,136373,0,0,0,0,10
2020-08-15,US,California,Imperial,10058,257,0,33.0393082,-115.36690420000001,6025.0,5550.313163921309,2.5551799562537285,9801,10035,257,0,9778,9957,181827,23,0,0,23,78
2020-08-15,US,California,Inyo,127,5,0,36.51112084,-117.41119779999998,6027.0,704.0301568823105,3.9370078740157477,122,127,5,0,122,115,17987,0,0,0,0,12
2020-08-15,US,California,Kern,26266,204,0,35.34329425,-118.72777959999999,6029.0,2917.789562787019,0.7766694586157009,26062,25888,204,0,25684,25499,896764,378,0,0,378,389
2020-08-15,US,California,Kings,5310,64,0,36.07409056,-119.8159973,6031.0,3471.949784229109,1.2052730696798493,5246,5243,64,0,5179,5127,151366,67,0,0,67,116
2020-08-15,US,California,Lake,268,2,0,39.10124298,-122.75362439999999,6033.0,416.23955518280366,0.746268656716418,266,268,2,0,266,267,64382,0,0,0,0,1
2020-08-15,US,California,Lassen,695,0,0,40.67311306,-120.59350990000002,6035.0,2273.2476368037155,0.0,695,695,0,0,695,694,30802,0,0,0,0,1
2020-08-15,US,California,Los Angeles,220867,5246,0,34.30828379,-118.22824109999999,6037.0,2200.0662011073296,2.375185066125768,215621,218831,5215,0,213616,214425,10105518,2036,31,0,2005,4406
2020-08-15,US,California,Madera,2924,47,0,37.21513971,-119.76655890000002,6039.0,1858.5493907593732,1.6073871409028728,2877,2924,47,0,2877,2759,157672,0,0,0,0,165
2020-08-15,US,California,Marin,5710,82,0,38.07122463,-122.72106310000001,6041.0,2206.115305262995,1.4360770577933448,5628,5674,82,0,5592,5583,259666,36,0,0,36,91
2020-08-15,US,California,Mariposa,64,2,0,37.57978556,-119.9073334,6043.0,372.0281346276812,3.125,62,63,2,0,61,63,17471,1,0,0,1,0
2020-08-15,US,California,Mendocino,529,10,0,39.4381191,-123.39113130000001,6045.0,609.8053003492836,1.8903591682419658,519,529,10,0,519,489,87606,0,0,0,0,40
2020-08-15,US,California,Merced,6777,89,0,37.18922369,-120.72090349999999,6047.0,2440.579083837511,1.3132654566917514,6688,6777,89,0,6688,6224,274765,0,0,0,0,553
2020-08-15,US,California,Modoc,5,0,0,41.58965602,-120.7244817,6049.0,56.55468838366701,0.0,5,5,0,0,5,5,8777,0,0,0,0,0
2020-08-15,US,California,Mono,160,1,0,37.93899289,-118.8872409,6051.0,1107.7263915812794,0.625,159,160,1,0,159,160,14250,0,0,0,0,0
2020-08-15,US,California,Monterey,6057,46,0,36.21862405,-121.24133970000001,6053.0,1395.4259885131353,0.7594518738649496,6011,5890,41,0,5849,5803,435594,167,5,0,162,87
2020-08-15,US,California,Napa,1206,11,0,38.50735751,-122.33283899999999,6055.0,875.5372284818213,0.9121061359867328,1195,1206,11,0,1195,1142,139417,0,0,0,0,64
2020-08-15,US,California,Nevada,372,2,0,39.30394768,-120.76272809999999,6057.0,372.9136384141146,0.5376344086021505,370,362,1,0,361,357,99696,10,1,0,9,5
2020-08-15,US,California,Orange,43367,809,0,33.70147516,-117.76459979999998,6059.0,1365.5921292115233,1.8654737473193903,42558,42854,789,0,42065,42171,3185968,513,20,0,493,683
2020-08-15,US,California,Placer,2582,28,0,39.06167234,-120.72405690000001,6061.0,648.2078884540167,1.0844306738962044,2554,2543,27,0,2516,2486,393149,39,1,0,38,57
2020-08-15,US,California,Plumas,39,0,0,40.00355989,-120.8395236,6063.0,207.36959642686242,0.0,39,39,0,0,39,38,18804,0,0,0,0,1
2020-08-15,US,California,Riverside,45662,881,0,33.74314981,-115.9933578,6065.0,1848.255405890034,1.9293942446673384,44781,45662,881,0,44781,43983,2450758,0,0,0,0,1679
2020-08-15,US,California,Sacramento,13615,199,0,38.45106826,-121.34253740000001,6067.0,877.2223718443512,1.461623209695189,13416,13615,199,0,13416,13216,1540975,0,0,0,0,399
2020-08-15,US,California,San Benito,815,4,0,36.60308176,-121.069975,6069.0,1297.6054005859125,0.4907975460122699,811,815,4,0,811,773,61537,0,0,0,0,42
2020-08-15,US,California,San Bernardino,40338,568,0,34.84060306,-116.1774685,6071.0,1850.294827953956,1.4081015419703506,39770,39374,561,0,38813,38290,2171603,964,7,0,957,1084
2020-08-15,US,California,San Diego,34065,622,0,33.03484597,-116.73653259999999,6073.0,1020.4203898356365,1.8259210333186555,33443,34065,622,0,33443,33393,3343364,0,0,0,0,672
2020-08-15,US,California,San Francisco,8157,69,0,37.75215114,-122.43856720000001,6075.0,925.3030744745897,0.8458992276572269,8088,8053,69,0,7984,7944,883305,104,0,0,104,109
2020-08-15,US,California,San Joaquin,14651,261,0,37.93433732,-121.2730061,6077.0,1922.330046132772,1.781448365299297,14390,14651,261,0,14390,14276,752660,0,0,0,0,375
2020-08-15,US,California,San Luis Obispo,2439,18,0,35.38822029,-120.4039028,6079.0,861.4995531787886,0.7380073800738007,2421,2439,18,0,2421,2324,284010,0,0,0,0,115
2020-08-15,US,California,San Mateo,6952,126,0,37.422880799999994,-122.32755459999998,6081.0,906.893407411949,1.812428078250863,6826,6803,126,0,6677,6640,769545,149,0,0,149,163
2020-08-15,US,California,Santa Barbara,7274,77,0,34.65329488,-120.0188492,6083.0,1629.118990188108,1.0585647511685454,7197,7274,77,0,7197,7083,446527,0,0,0,0,191
2020-08-15,US,California,Santa Clara,13865,208,0,37.23104908,-121.6970462,6085.0,719.194212003826,1.5001803101334297,13657,13865,208,0,13657,13059,1937570,0,0,0,0,806
2020-08-15,US,California,Santa Cruz,1420,7,0,37.05580291,-122.0066524,6087.0,519.7410079315406,0.4929577464788733,1413,1371,6,0,1365,1357,274255,49,1,0,48,14
2020-08-15,US,California,Shasta,488,10,0,40.76391419,-122.0396884,6089.0,270.990670812972,2.0491803278688523,478,488,10,0,478,476,180040,0,0,0,0,12
2020-08-15,US,California,Sierra,6,0,0,39.57713498,-120.52007009999998,6091.0,199.6672212978369,0.0,6,6,0,0,6,5,2987,0,0,0,0,1
2020-08-15,US,California,Siskiyou,111,0,0,41.59198861,-122.54074340000001,6093.0,254.94384345069938,0.0,111,111,0,0,111,109,43724,0,0,0,0,2
2020-08-15,US,California,Solano,4596,41,0,38.26827353,-121.9357113,6095.0,1026.7110174849154,0.8920800696257616,4555,4596,41,0,4555,4414,446610,0,0,0,0,182
2020-08-15,US,California,Sonoma,4157,51,0,38.52746429,-122.88625060000001,6097.0,840.9260098394615,1.2268462833774356,4106,4063,51,0,4012,3859,499942,94,0,0,94,204
2020-08-15,US,California,Stanislaus,11953,195,0,37.55862499,-120.9970722,6099.0,2170.667925761813,1.6313896093031035,11758,11953,195,0,11758,11592,549815,0,0,0,0,361
2020-08-15,US,California,Sutter,1091,7,0,39.03417539,-121.6945899,6101.0,1125.0786317558857,0.6416131989000916,1084,1091,7,0,1084,1041,96807,0,0,0,0,50
2020-08-15,US,California,Tehama,318,1,0,40.12570935,-122.23701709999999,6103.0,488.59934853420197,0.31446540880503143,317,312,1,0,311,305,63916,6,0,0,6,7
2020-08-15,US,California,Trinity,8,0,0,40.64917670000001,-123.114713,6105.0,65.12006512006512,0.0,8,8,0,0,8,6,12535,0,0,0,0,2
2020-08-15,US,California,Tulare,12105,205,0,36.22026558,-118.8020203,6107.0,2596.5529445832753,1.693515076414705,11900,12105,205,0,11900,11847,465861,0,0,0,0,258
2020-08-15,US,California,Tuolumne,160,2,0,38.02644018,-119.95250929999999,6109.0,293.6965380520577,1.25,158,160,2,0,158,159,54539,0,0,0,0,1
2020-08-15,US,California,Ventura,9090,95,0,34.44465746,-119.09106129999999,6111.0,1074.4604648193983,1.045104510451045,8995,9090,95,0,8995,8790,850967,0,0,0,0,300
2020-08-15,US,California,Yolo,1966,46,0,38.68278902,-121.90182879999999,6113.0,891.609977324263,2.3397761953204474,1920,1966,46,0,1920,1918,220408,0,0,0,0,48
2020-08-15,US,California,Yuba,740,4,0,39.26255932,-121.35356440000001,6115.0,940.6620226775816,0.5405405405405406,736,740,4,0,736,688,78041,0,0,0,0,52
2020-08-15,US,Colorado,Adams,6771,183,0,39.87432092,-104.3362578,8001.0,1308.605564907493,2.702702702702702,6588,6721,181,0,6540,6677,511868,50,2,0,48,44
2020-08-15,US,Colorado,Alamosa,233,9,0,37.57250606,-105.7885451,8003.0,1435.3477484137252,3.862660944206009,224,232,9,0,223,232,16683,1,0,0,1,0
2020-08-15,US,Colorado,Arapahoe,7547,364,0,39.64977461,-104.3353617,8005.0,1149.4235367580984,4.8231085199417,7183,7497,363,0,7134,7461,651215,50,1,0,49,36
2020-08-15,US,Colorado,Archuleta,40,0,0,37.19474156,-107.04768670000001,8007.0,285.1236723929004,0.0,40,40,0,0,40,39,13765,0,0,0,0,1
2020-08-15,US,Colorado,Baca,15,0,0,37.31940883,-102.5603223,8009.0,418.8774085450991,0.0,15,15,0,0,15,15,3585,0,0,0,0,0
2020-08-15,US,Colorado,Bent,10,0,0,37.95474293,-103.0720195,8011.0,179.3078716155639,0.0,10,9,0,0,9,9,5882,1,0,0,1,0
2020-08-15,US,Colorado,Boulder,2131,77,0,40.09313619,-105.3546767,8013.0,653.2882070902158,3.6133270764899112,2054,2120,76,0,2044,2114,326078,11,1,0,10,6
2020-08-15,US,Colorado,Broomfield,489,32,0,39.95998787,-105.0566324,8014.0,693.9615411906619,6.543967280163598,457,484,32,0,452,482,69267,5,0,0,5,2
2020-08-15,US,Colorado,Chaffee,304,19,0,38.74745778,-106.19265729999998,8015.0,1493.4171742975045,6.25,285,303,19,0,284,305,20027,1,0,0,1,-2
2020-08-15,US,Colorado,Cheyenne,9,0,0,38.82777431,-102.6032558,8017.0,491.53468050245766,0.0,9,9,0,0,9,9,1876,0,0,0,0,0
2020-08-15,US,Colorado,Clear Creek,31,1,0,39.68864463,-105.6463118,8019.0,319.5876288659793,3.2258064516129035,30,31,1,0,30,31,9605,0,0,0,0,0
2020-08-15,US,Colorado,Conejos,27,0,0,37.201606,-106.19174879999998,8021.0,329.0676416819013,0.0,27,27,0,0,27,26,8200,0,0,0,0,1
2020-08-15,US,Colorado,Costilla,24,0,0,37.27732493,-105.4276548,8023.0,617.4427579109854,0.0,24,24,0,0,24,23,3828,0,0,0,0,1
2020-08-15,US,Colorado,Crowley,73,1,0,38.32608609,-103.7844965,8025.0,1204.4217125886814,1.3698630136986298,72,73,1,0,72,73,5858,0,0,0,0,0
2020-08-15,US,Colorado,Custer,13,0,0,38.10883162,-105.3683478,8027.0,256.5114443567482,0.0,13,12,0,0,12,11,4954,1,0,0,1,1
2020-08-15,US,Colorado,Delta,132,1,0,38.86246243,-107.86313419999999,8029.0,423.5928374302035,0.7575757575757576,131,132,1,0,131,130,30953,0,0,0,0,2
2020-08-15,US,Colorado,Denver,10508,420,0,39.76018276,-104.87256950000001,8031.0,1444.9726420529944,3.996954701180053,10088,10471,418,0,10053,10426,716492,37,2,0,35,45
2020-08-15,US,Colorado,Dolores,1,0,0,37.75208676,-108.5211585,8033.0,48.661800486618006,0.0,1,1,0,0,1,1,2074,0,0,0,0,0
2020-08-15,US,Colorado,Douglas,1817,59,0,39.33133796,-104.930001,8035.0,517.4367941131242,3.2471106219042376,1758,1803,59,0,1744,1788,342776,14,0,0,14,15
2020-08-15,US,Colorado,Eagle,1148,9,0,39.62754308,-106.6933637,8037.0,2082.464128285595,0.7839721254355401,1139,1145,9,0,1136,1139,54993,3,0,0,3,6
2020-08-15,US,Colorado,El Paso,5438,144,0,38.83240149,-104.5251411,8041.0,754.8552685094313,2.6480323648400153,5294,5389,143,0,5246,5334,713856,49,1,0,48,55
2020-08-15,US,Colorado,Elbert,110,2,0,39.28656773,-104.13587209999999,8039.0,411.5380298552135,1.818181818181818,108,109,2,0,107,108,26282,1,0,0,1,1
2020-08-15,US,Colorado,Fremont,136,0,0,38.47362326,-105.43996670000001,8043.0,284.28687890633165,0.0,136,135,0,0,135,132,48021,1,0,0,1,3
2020-08-15,US,Colorado,Garfield,792,4,0,39.59921777,-107.902708,8045.0,1318.6593629809693,0.5050505050505051,788,784,4,0,780,780,59770,8,0,0,8,4
2020-08-15,US,Colorado,Gilpin,17,0,0,39.85646523,-105.5252597,8047.0,272.30498157936887,0.0,17,17,0,0,17,17,6121,0,0,0,0,0
2020-08-15,US,Colorado,Grand,54,1,0,40.10603347,-106.11780420000001,8049.0,343.2057963645608,1.851851851851852,53,54,1,0,53,54,15525,0,0,0,0,0
2020-08-15,US,Colorado,Gunnison,279,7,0,38.66611652,-107.0320729,8051.0,1597.7551254151874,2.508960573476702,272,279,7,0,272,278,17246,0,0,0,0,1
2020-08-15,US,Colorado,Hinsdale,3,0,0,37.82247444,-107.3004345,8053.0,365.8536585365854,0.0,3,3,0,0,3,3,811,0,0,0,0,0
2020-08-15,US,Colorado,Huerfano,8,1,0,37.68473101,-104.9612585,8055.0,115.99246049006815,12.5,7,8,1,0,7,8,6889,0,0,0,0,0
2020-08-15,US,Colorado,Jackson,9,0,0,40.66593870000001,-106.3408905,8057.0,646.5517241379309,0.0,9,9,0,0,9,9,1399,0,0,0,0,0
2020-08-15,US,Colorado,Jefferson,4377,235,0,39.58635604,-105.2517692,8059.0,750.9251459560356,5.368974183230523,4142,4362,234,0,4128,4334,580233,15,1,0,14,28
2020-08-15,US,Colorado,Kit Carson,70,3,0,39.30497777,-102.60221990000001,8063.0,986.3322530646753,4.285714285714286,67,70,3,0,67,69,7163,0,0,0,0,1
2020-08-15,US,Colorado,La Plata,227,3,0,37.28632032,-107.8429014,8067.0,403.7637181835969,1.3215859030837005,224,229,3,0,226,226,56310,-2,0,0,-2,3
2020-08-15,US,Colorado,Lake,79,0,0,39.20278823,-106.35556969999999,8065.0,972.0684139288793,0.0,79,79,0,0,79,79,7824,0,0,0,0,0
2020-08-15,US,Colorado,Larimer,1667,36,0,40.66671597,-105.4625784,8069.0,467.0789214875917,2.159568086382724,1631,1651,37,0,1614,1630,350518,16,-1,0,17,21
2020-08-15,US,Colorado,Las Animas,18,0,0,37.3153406,-104.03764579999999,8071.0,124.08658486143663,0.0,18,18,0,0,18,18,14503,0,0,0,0,0
2020-08-15,US,Colorado,Lincoln,8,0,0,38.98749519,-103.51366490000001,8073.0,140.3262585511314,0.0,8,8,0,0,8,8,5610,0,0,0,0,0
2020-08-15,US,Colorado,Logan,655,5,0,40.7249637,-103.110817,8075.0,2922.9327502342812,0.7633587786259542,650,655,5,0,650,655,21528,0,0,0,0,0
2020-08-15,US,Colorado,Mesa,365,5,0,39.01787888,-108.469799,8077.0,236.69022761169842,1.3698630136986298,360,361,4,0,357,351,153207,4,1,0,3,10
2020-08-15,US,Colorado,Mineral,18,0,0,37.66954283,-106.92816979999999,8079.0,2340.702210663199,0.0,18,18,0,0,18,18,776,0,0,0,0,0
2020-08-15,US,Colorado,Moffat,32,1,0,40.61810999,-108.2070876,8081.0,240.9094331099902,3.125,31,32,1,0,31,32,13188,0,0,0,0,0
2020-08-15,US,Colorado,Montezuma,113,5,0,37.33859579,-108.59588570000001,8083.0,431.5777412825116,4.424778761061948,108,113,5,0,108,113,26158,0,0,0,0,0
2020-08-15,US,Colorado,Montrose,317,13,0,38.40214114,-108.26390220000002,8085.0,741.3817297347865,4.100946372239748,304,317,13,0,304,316,42214,0,0,0,0,1
2020-08-15,US,Colorado,Morgan,695,47,0,40.26279810000001,-103.8093302,8087.0,2390.9453694784643,6.762589928057554,648,694,47,0,647,693,28558,1,0,0,1,1
2020-08-15,US,Colorado,Otero,78,6,0,37.9014485,-103.7173385,8089.0,426.7425320056898,7.6923076923076925,72,78,6,0,72,78,18432,0,0,0,0,0
2020-08-15,US,Colorado,Ouray,13,1,0,38.14717457,-107.7675136,8091.0,262.52019386106616,7.6923076923076925,12,13,1,0,12,13,4833,0,0,0,0,0
2020-08-15,US,Colorado,Park,42,1,0,39.120926000000004,-105.7182065,8093.0,222.870788007429,2.380952380952381,41,42,1,0,41,42,18556,0,0,0,0,0
2020-08-15,US,Colorado,Phillips,19,0,0,40.59414277,-102.3577703,8095.0,445.48651817116064,0.0,19,19,0,0,19,19,4286,0,0,0,0,0
2020-08-15,US,Colorado,Pitkin,191,2,0,39.21720112,-106.9310027,8097.0,1075.0267349580683,1.0471204188481675,189,190,2,0,188,190,17950,1,0,0,1,0
2020-08-15,US,Colorado,Prowers,62,0,0,37.95544985,-102.3926052,8099.0,509.36575747617485,0.0,62,62,0,0,62,61,12164,0,0,0,0,1
2020-08-15,US,Colorado,Pueblo,750,34,0,38.17359144,-104.5127437,8101.0,445.3047071676245,4.533333333333333,716,729,34,0,695,723,167529,21,0,0,21,6
2020-08-15,US,Colorado,Rio Blanco,20,0,0,39.97913541,-108.2179009,8103.0,316.25553447185325,0.0,20,20,0,0,20,20,6336,0,0,0,0,0
2020-08-15,US,Colorado,Rio Grande,92,2,0,37.5836865,-106.3847838,8105.0,816.5438892340463,2.1739130434782608,90,92,2,0,90,91,11250,0,0,0,0,1
2020-08-15,US,Colorado,Routt,127,8,0,40.48596505,-106.9905548,8107.0,495.3584522973711,6.299212598425197,119,125,8,0,117,124,25733,2,0,0,2,1
2020-08-15,US,Colorado,Saguache,106,2,0,38.08054629,-106.28246599999999,8109.0,1553.3411488862835,1.8867924528301887,104,106,2,0,104,106,6843,0,0,0,0,0
2020-08-15,US,Colorado,San Juan,2,0,0,37.76248981,-107.67632890000002,8111.0,274.72527472527474,0.0,2,2,0,0,2,2,762,0,0,0,0,0
2020-08-15,US,Colorado,San Miguel,93,0,0,38.00450883,-108.4020725,8113.0,1137.0583200880305,0.0,93,92,0,0,92,92,8191,1,0,0,1,0
2020-08-15,US,Colorado,Sedgwick,11,1,0,40.87595412,-102.3519227,8115.0,489.32384341637015,9.090909090909092,10,11,1,0,10,11,2303,0,0,0,0,0
2020-08-15,US,Colorado,Summit,344,4,0,39.63803232,-106.1150762,8117.0,1109.2838025216859,1.162790697674419,340,344,4,0,340,342,31007,0,0,0,0,2
2020-08-15,US,Colorado,Teller,145,3,0,38.88133511,-105.16148929999999,8119.0,571.1359697494878,2.0689655172413794,142,144,3,0,141,143,25083,1,0,0,1,1
2020-08-15,US,Colorado,Washington,50,0,0,39.97015535,-103.202587,8121.0,1018.7449062754688,0.0,50,50,0,0,50,50,4909,0,0,0,0,0
2020-08-15,US,Colorado,Weld,3801,145,0,40.55499405,-104.39296209999999,8123.0,1171.369402019156,3.814785582741384,3656,3794,145,0,3649,3774,314305,7,0,0,7,20
2020-08-15,US,Colorado,Yuma,63,0,0,40.00346839,-102.4258673,8125.0,628.8052699870246,0.0,63,63,0,0,63,63,10020,0,0,0,0,0
2020-08-15,US,Connecticut,Fairfield,18160,1410,0,41.26809896,-73.3881171,9001.0,1925.0910601993783,7.76431718061674,16750,18160,1410,0,16750,18126,943823,0,0,0,0,34
2020-08-15,US,Connecticut,Hartford,12871,1419,0,41.80283011,-72.73103891,9003.0,1443.390301888485,11.024784399036593,11452,12871,1419,0,11452,12855,892697,0,0,0,0,16
2020-08-15,US,Connecticut,Litchfield,1632,139,0,41.7937534,-73.2451475,9005.0,904.9924306699272,8.517156862745098,1493,1632,139,0,1493,1620,181111,0,0,0,0,12
2020-08-15,US,Connecticut,Middlesex,1414,192,0,41.45949668,-72.53714864,9007.0,870.4966879263217,13.578500707213578,1222,1414,192,0,1222,1411,162682,0,0,0,0,3
2020-08-15,US,Connecticut,New Haven,13316,1109,0,41.408032500000004,-72.93620426,9009.0,1557.869663541802,8.328326824872335,12207,13316,1109,0,12207,13272,857620,0,0,0,0,44
2020-08-15,US,Connecticut,New London,1477,104,0,41.48896435,-72.10430976,9011.0,556.92555975355,7.041299932295193,1373,1477,104,0,1373,1475,266784,0,0,0,0,2
2020-08-15,US,Connecticut,Tolland,1056,65,0,41.85853803,-72.3308481,9013.0,700.6322941063289,6.15530303030303,991,1056,65,0,991,1056,150921,0,0,0,0,0
2020-08-15,US,Connecticut,Unassigned,216,0,0,0.0,0.0,90009.0,0.0,0.0,216,216,0,0,216,216,,0,0,0,0,0
2020-08-15,US,Connecticut,Windham,755,15,0,41.82972709,-71.98182316,9015.0,646.5037420150368,1.9867549668874167,740,755,15,0,740,751,117027,0,0,0,0,4
2020-08-15,US,Delaware,Kent,2475,108,0,39.08646628,-75.56884914,10001.0,1369.0219375394113,4.363636363636363,2367,2463,108,0,2355,2402,178550,12,0,0,12,61
2020-08-15,US,Delaware,New Castle,7490,293,0,39.57992638,-75.64054974,10003.0,1340.484972787618,3.911882510013351,7197,7450,293,0,7157,7379,559335,40,0,0,40,71
2020-08-15,US,Delaware,Sussex,6172,192,0,38.66143781,-75.39031349,10005.0,2635.073113459281,3.110823071937784,5980,6167,192,0,5975,5928,229286,5,0,0,5,239
2020-08-15,US,Delaware,Unassigned,259,0,0,0.0,0.0,90010.0,0.0,0.0,259,260,0,0,260,258,,-1,0,0,-1,2
2020-08-15,US,District of Columbia,District of Columbia,13159,597,0,38.90417773,-77.01655992,11001.0,1864.543910087014,4.536818907211794,12562,13118,594,0,12524,13024,702455,41,3,0,38,94
2020-08-15,US,Florida,Alachua,4544,28,0,29.67866525,-82.35928158,12001.0,1688.9493501038867,0.6161971830985915,4516,4483,27,0,4456,4391,269956,61,1,0,60,92
2020-08-15,US,Florida,Baker,1070,4,0,30.33060121,-82.28467476,12003.0,3663.1290653885662,0.37383177570093457,1066,1059,4,0,1055,1052,28355,11,0,0,11,7
2020-08-15,US,Florida,Bay,4787,64,0,30.26548745,-85.62122584,12005.0,2740.047508657451,1.3369542510967205,4723,4720,61,0,4659,4644,185287,67,3,0,64,76
2020-08-15,US,Florida,Bradford,563,4,0,29.95079741,-82.16611613,12007.0,1996.3831069820221,0.7104795737122558,559,554,4,0,550,545,27732,9,0,0,9,9
2020-08-15,US,Florida,Brevard,6478,174,0,28.29409504,-80.73091022,12009.0,1076.1834196650177,2.686014201914171,6304,6392,168,0,6224,6313,596849,86,6,0,80,79
2020-08-15,US,Florida,Broward,66011,940,0,26.15184651,-80.48725556,12011.0,3380.3637689486463,1.4240050900607475,65071,65369,914,0,64455,64741,1951260,642,26,0,616,628
2020-08-15,US,Florida,Calhoun,497,8,0,30.40666734,-85.19394153,12013.0,3523.573200992556,1.6096579476861168,489,488,8,0,480,484,14587,9,0,0,9,4
2020-08-15,US,Florida,Charlotte,2369,100,0,26.90131002,-81.92949121,12015.0,1254.0363135884813,4.221190375685944,2269,2340,97,0,2243,2321,184998,29,3,0,26,19
2020-08-15,US,Florida,Citrus,1750,40,0,28.84804315,-82.47614748,12017.0,1169.3405587443287,2.2857142857142856,1710,1708,38,0,1670,1663,147929,42,2,0,40,45
2020-08-15,US,Florida,Clay,3440,65,0,29.98319144,-81.85609986,12019.0,1568.9708645759217,1.8895348837209305,3375,3389,61,0,3328,3369,216072,51,4,0,47,20
2020-08-15,US,Florida,Collier,10840,151,0,26.11091986,-81.34687065,12021.0,2816.3012922769954,1.3929889298892988,10689,10734,151,0,10583,10640,378488,106,0,0,106,94
2020-08-15,US,Florida,Columbia,3027,26,0,30.22509788,-82.62160164,12023.0,4222.581815138242,0.8589362405021473,3001,2985,24,0,2961,2958,70503,42,2,0,40,27
2020-08-15,US,Florida,DeSoto,1413,20,0,27.18677893,-81.80941373,12027.0,3718.323202021,1.4154281670205238,1393,1398,19,0,1379,1393,37489,15,1,0,14,5
2020-08-15,US,Florida,Dixie,584,4,0,29.60631086,-83.15724673,12029.0,3470.818970640675,0.6849315068493149,580,572,4,0,568,570,16700,12,0,0,12,2
2020-08-15,US,Florida,Duval,24509,221,0,30.33225875,-81.66976468,12031.0,2559.005173556912,0.9017095760740952,24288,24300,214,0,24086,24162,950181,209,7,0,202,138
2020-08-15,US,Florida,Escambia,10205,150,0,30.67652764,-87.37284571,12033.0,3205.933726234308,1.4698677119059285,10055,10122,147,0,9975,10035,315534,83,3,0,80,87
2020-08-15,US,Florida,Flagler,1154,14,0,29.45933576,-81.31508595,12035.0,1002.7719606190424,1.2131715771230502,1140,1127,14,0,1113,1107,112067,27,0,0,27,20
2020-08-15,US,Florida,Franklin,464,3,0,29.83791238,-84.82731662,12037.0,3826.80412371134,0.646551724137931,461,449,3,0,446,448,11736,15,0,0,15,1
2020-08-15,US,Florida,Gadsden,2023,28,0,30.57796289,-84.61915825,12039.0,4430.573806395094,1.3840830449826989,1995,1999,26,0,1973,1984,45894,24,2,0,22,15
2020-08-15,US,Florida,Gilchrist,399,7,0,29.72856978,-82.79880657,12041.0,2147.239263803681,1.7543859649122806,392,398,7,0,391,387,18256,1,0,0,1,11
2020-08-15,US,Florida,Glades,419,3,0,26.95635849,-81.18996211,12043.0,3033.8136268192025,0.7159904534606205,416,419,3,0,416,410,13724,0,0,0,0,9
2020-08-15,US,Florida,Gulf,726,4,0,29.93543004,-85.24270990000002,12045.0,5322.970892294156,0.5509641873278237,722,720,4,0,716,712,16164,6,0,0,6,8
2020-08-15,US,Florida,Hamilton,634,4,0,30.49673973,-82.94998918,12047.0,4394.2334349875255,0.6309148264984227,630,629,4,0,625,625,14310,5,0,0,5,4
2020-08-15,US,Florida,Hardee,1009,8,0,27.49293939,-81.80956574,12049.0,3745.7771837992354,0.7928642220019821,1001,1006,8,0,998,998,27245,3,0,0,3,8
2020-08-15,US,Florida,Hendry,1878,39,0,26.55386945,-81.16469006,12051.0,4469.087620770073,2.07667731629393,1839,1852,38,0,1814,1839,41556,26,1,0,25,13
2020-08-15,US,Florida,Hernando,2200,60,0,28.55364461,-82.42700204,12053.0,1134.4884488448845,2.727272727272727,2140,2160,56,0,2104,2124,190865,40,4,0,36,36
2020-08-15,US,Florida,Highlands,1581,41,0,27.34254618,-81.34071957,12055.0,1488.4062473522185,2.5932953826691967,1540,1548,40,0,1508,1523,105424,33,1,0,32,25
2020-08-15,US,Florida,Hillsborough,34040,460,0,27.9276559,-82.32013172,12057.0,2312.550272832018,1.351351351351351,33580,33694,458,0,33236,33428,1436888,346,2,0,344,266
2020-08-15,US,Florida,Holmes,528,4,0,30.86747479,-85.81319222,12059.0,2691.543049395932,0.7575757575757576,524,524,4,0,520,518,19477,4,0,0,4,6
2020-08-15,US,Florida,Indian River,2640,65,0,27.69308961,-80.60556721,12061.0,1650.7944448265728,2.462121212121212,2575,2618,62,0,2556,2584,157413,22,3,0,19,34
2020-08-15,US,Florida,Jackson,2018,51,0,30.795459700000002,-85.21500423,12063.0,4347.826086956522,2.527254707631318,1967,2007,47,0,1960,1996,48305,11,4,0,7,11
2020-08-15,US,Florida,Jefferson,467,5,0,30.43669112,-83.89442308,12065.0,3278.113154569704,1.0706638115631693,462,462,5,0,457,462,14288,5,0,0,5,0
2020-08-15,US,Florida,Lafayette,936,2,0,29.98484137,-83.18166636,12067.0,11113.749703158395,0.21367521367521367,934,777,2,0,775,469,8732,159,0,0,159,308
2020-08-15,US,Florida,Lake,5587,82,0,28.76202069,-81.7125123,12069.0,1521.8540087928131,1.4676928584213351,5505,5489,79,0,5410,5391,356495,98,3,0,95,98
2020-08-15,US,Florida,Lee,17305,375,0,26.58410348,-81.88399313,12071.0,2245.7197658378072,2.167003756139844,16930,17178,371,0,16807,17039,754610,127,4,0,123,139
2020-08-15,US,Florida,Leon,5363,27,0,30.45955727,-84.27491114,12073.0,1826.7468714021973,0.5034495618124184,5336,5290,26,0,5264,5235,292502,73,1,0,72,55
2020-08-15,US,Florida,Levy,754,5,0,29.31829741,-82.74007147,12075.0,1816.7361395561768,0.6631299734748011,749,736,5,0,731,720,40770,18,0,0,18,16
2020-08-15,US,Florida,Liberty,411,7,0,30.23766008,-84.8829258,12077.0,4919.798898731146,1.70316301703163,404,410,7,0,403,407,8457,1,0,0,1,3
2020-08-15,US,Florida,Madison,754,10,0,30.44396917,-83.47398594,12079.0,4077.218406964797,1.326259946949602,744,748,10,0,738,738,18529,6,0,0,6,10
2020-08-15,US,Florida,Manatee,9735,245,0,27.47196942,-82.31831044,12081.0,2414.117191936576,2.516692347200822,9490,9662,245,0,9417,9554,394855,73,0,0,73,108
2020-08-15,US,Florida,Marion,7161,113,0,29.21227113,-82.05803627,12083.0,1958.8105443693426,1.5779919005725458,7048,7030,111,0,6919,6921,359977,131,2,0,129,109
2020-08-15,US,Florida,Martin,3913,104,0,27.0772071,-80.43109784,12085.0,2430.4347826086955,2.6578073089701,3809,3907,104,0,3803,3883,160912,6,0,0,6,24
2020-08-15,US,Florida,Miami-Dade,144407,2047,0,25.6112362,-80.55170587,12086.0,5315.060325218812,1.4175213112937743,142360,142662,1999,0,140663,140984,2761581,1745,48,0,1697,1678
2020-08-15,US,Florida,Monroe,1622,13,0,25.20904673,-81.07812416,12087.0,2185.159239101148,0.8014796547472256,1609,1603,13,0,1590,1577,75027,19,0,0,19,26
2020-08-15,US,Florida,Nassau,1316,13,0,30.61037141,-81.80297522,12089.0,1484.9083215796895,0.9878419452887538,1303,1296,11,0,1285,1280,85832,20,2,0,18,16
2020-08-15,US,Florida,Okaloosa,3696,50,0,30.69143028,-86.59267105,12091.0,1753.8365173817724,1.3528138528138531,3646,3653,50,0,3603,3632,207269,43,0,0,43,21
2020-08-15,US,Florida,Okeechobee,1125,12,0,27.386336199999995,-80.88944347,12093.0,2667.899829254411,1.0666666666666669,1113,1093,12,0,1081,1087,41537,32,0,0,32,6
2020-08-15,US,Florida,Orange,33180,351,0,28.51367621,-81.31799498,12095.0,2381.136917525685,1.057866184448463,32829,32861,335,0,32526,32575,1380645,319,16,0,303,286
2020-08-15,US,Florida,Osceola,10228,118,0,28.06312234,-81.14882926,12097.0,2722.015377204585,1.153695737192022,10110,10146,109,0,10037,10037,367990,82,9,0,73,109
2020-08-15,US,Florida,Palm Beach,38902,989,0,26.64676272,-80.46536002,12099.0,2599.063316341188,2.5422857436635646,37913,38575,976,0,37599,38208,1485941,327,13,0,314,367
2020-08-15,US,Florida,Pasco,7406,149,0,28.30810945,-82.40227529,12101.0,1336.951007948414,2.0118822576289497,7257,7348,145,0,7203,7283,539630,58,4,0,54,65
2020-08-15,US,Florida,Pinellas,18660,544,0,27.93130349,-82.72239666,12103.0,1913.8540055548947,2.915326902465166,18116,18466,541,0,17925,18329,975280,194,3,0,191,137
2020-08-15,US,Florida,Polk,15312,358,0,27.95027105,-81.69732947,12105.0,2112.649821945233,2.3380355276907,14954,15108,353,0,14755,14992,708009,204,5,0,199,116
2020-08-15,US,Florida,Putnam,1602,31,0,29.60779729,-81.74230285,12107.0,2149.729606419667,1.9350811485642947,1571,1576,30,0,1546,1559,74163,26,1,0,25,17
2020-08-15,US,Florida,Santa Rosa,4173,47,0,30.69341450000001,-87.02458128,12113.0,2264.083379902665,1.1262880421758927,4126,4125,45,0,4080,4088,179349,48,2,0,46,37
2020-08-15,US,Florida,Sarasota,6652,173,0,27.18546175,-82.33174248,12115.0,1533.6305914575946,2.600721587492484,6479,6604,174,0,6430,6479,426718,48,-1,0,49,125
2020-08-15,US,Florida,Seminole,7424,145,0,28.7158582,-81.24060348,12117.0,1573.4614031443796,1.953125,7279,7370,143,0,7227,7323,467832,54,2,0,52,47
2020-08-15,US,Florida,St. Johns,3948,44,0,29.90096506,-81.43589967,12109.0,1491.6575988393179,1.1144883485309016,3904,3883,42,0,3841,3817,254261,65,2,0,63,66
2020-08-15,US,Florida,St. Lucie,6192,196,0,27.37763908,-80.47106649,12111.0,1886.097040180081,3.1653746770025837,5996,6125,195,0,5930,6040,321128,67,1,0,66,85
2020-08-15,US,Florida,Sumter,1475,44,0,28.70181754,-82.0794267,12119.0,1113.8800785379851,2.983050847457627,1431,1436,44,0,1392,1410,128754,39,0,0,39,26
2020-08-15,US,Florida,Suwannee,2236,46,0,30.19746066,-82.99099670000003,12121.0,5034.108562037058,2.0572450805008944,2190,2203,46,0,2157,2152,44191,33,0,0,33,51
2020-08-15,US,Florida,Taylor,1092,5,0,30.04848048,-83.60445406,12123.0,5062.821642171635,0.4578754578754578,1087,1069,5,0,1064,1027,21623,23,0,0,23,42
2020-08-15,US,Florida,Unassigned,758,0,0,0.0,0.0,90012.0,0.0,0.0,758,735,0,0,735,720,,23,0,0,23,15
2020-08-15,US,Florida,Union,481,5,0,30.04412971,-82.37497443,12125.0,3156.789394237712,1.0395010395010396,476,459,5,0,454,456,14940,22,0,0,22,3
2020-08-15,US,Florida,Volusia,8402,163,0,29.05858895,-81.18263252,12127.0,1518.5691254400995,1.9400142823137347,8239,8308,151,0,8157,8206,547538,94,12,0,82,102
2020-08-15,US,Florida,Wakulla,764,5,0,30.16548905,-84.39895211,12129.0,2264.4417439758145,0.6544502617801047,759,753,5,0,748,747,32461,11,0,0,11,6
2020-08-15,US,Florida,Walton,1476,18,0,30.64204028,-86.16935664,12131.0,1992.682696331898,1.2195121951219512,1458,1466,18,0,1448,1450,71375,10,0,0,10,16
2020-08-15,US,Florida,Washington,922,14,0,30.61359259,-85.66002461,12133.0,3619.518706080949,1.5184381778741864,908,910,14,0,896,896,24880,12,0,0,12,14
2020-08-15,US,Georgia,Appling,778,19,0,31.74847232,-82.28909114,13001.0,4231.480474273903,2.442159383033419,759,765,19,0,746,733,18507,13,0,0,13,32
2020-08-15,US,Georgia,Atkinson,350,3,0,31.29633502,-82.87545866,13003.0,4286.5890998162895,0.8571428571428571,347,339,3,0,336,331,8297,11,0,0,11,8
2020-08-15,US,Georgia,Bacon,472,8,0,31.55456473,-82.45936528,13005.0,4227.875313507703,1.6949152542372878,464,462,8,0,454,452,11185,10,0,0,10,10
2020-08-15,US,Georgia,Baker,71,3,0,31.32669878,-84.44218806,13007.0,2337.063857801185,4.225352112676056,68,70,3,0,67,68,3092,1,0,0,1,2
2020-08-15,US,Georgia,Baldwin,1148,44,0,33.06882326,-83.24701748,13009.0,2557.362441523725,3.8327526132404177,1104,1130,43,0,1087,1115,44823,18,1,0,17,15
2020-08-15,US,Georgia,Banks,300,6,0,34.35607081,-83.49644388,13011.0,1559.7379640220445,2.0,294,290,5,0,285,288,18988,10,1,0,9,2
2020-08-15,US,Georgia,Barrow,1412,33,0,33.99148694,-83.71436292,13013.0,1696.299855838539,2.3371104815864023,1379,1391,33,0,1358,1367,80809,21,0,0,21,24
2020-08-15,US,Georgia,Bartow,2033,64,0,34.23732119,-84.83887523,13015.0,1886.985093467486,3.148057058534186,1969,1999,64,0,1935,1968,106408,34,0,0,34,31
2020-08-15,US,Georgia,Ben Hill,529,7,0,31.76095874,-83.22145359,13017.0,3167.664670658682,1.3232514177693762,522,509,5,0,504,495,16787,20,2,0,18,14
2020-08-15,US,Georgia,Berrien,334,1,0,31.27590016,-83.22529920000002,13019.0,1721.9157601690986,0.2994011976047904,333,329,1,0,328,324,19252,5,0,0,5,5
2020-08-15,US,Georgia,Bibb,3997,83,0,32.80904227,-83.70489165,13021.0,2609.7062529789305,2.0765574180635475,3914,3951,79,0,3872,3835,153095,46,4,0,42,116
2020-08-15,US,Georgia,Bleckley,276,10,0,32.43829035,-83.33035166,13023.0,2144.0223724073644,3.6231884057971016,266,264,10,0,254,260,12838,12,0,0,12,4
2020-08-15,US,Georgia,Brantley,271,7,0,31.19576557,-81.97743999,13025.0,1418.1799152231933,2.5830258302583027,264,269,6,0,263,261,18897,2,1,0,1,8
2020-08-15,US,Georgia,Brooks,427,18,0,30.83922642,-83.58303423,13027.0,2762.5024260852692,4.215456674473068,409,421,17,0,404,419,15513,6,1,0,5,2
2020-08-15,US,Georgia,Bryan,728,8,0,32.00979311,-81.44002948,13029.0,1837.131248895955,1.0989010989010992,720,717,8,0,709,701,38109,11,0,0,11,16
2020-08-15,US,Georgia,Bulloch,1380,17,0,32.39577406,-81.74811421,13031.0,1733.49412119385,1.2318840579710144,1363,1365,17,0,1348,1338,77296,15,0,0,15,27
2020-08-15,US,Georgia,Burke,538,7,0,33.05917989,-81.99928721,13033.0,2403.609882500112,1.3011152416356877,531,518,7,0,511,508,22423,20,0,0,20,10
2020-08-15,US,Georgia,Butts,507,40,0,33.283094500000004,-83.95435040000002,13035.0,2033.2050048123199,7.889546351084813,467,502,40,0,462,497,24193,5,0,0,5,5
2020-08-15,US,Georgia,Calhoun,213,6,0,31.53169785,-84.62725131,13037.0,3441.5899175957343,2.8169014084507036,207,211,6,0,205,211,6352,2,0,0,2,0
2020-08-15,US,Georgia,Camden,849,6,0,30.92951916,-81.66601818,13039.0,1553.0677203380524,0.7067137809187279,843,831,5,0,826,825,53677,18,1,0,17,6
2020-08-15,US,Georgia,Candler,279,9,0,32.40209349,-82.07702563,13043.0,2582.615940016662,3.2258064516129035,270,277,7,0,270,271,10836,2,2,0,0,6
2020-08-15,US,Georgia,Carroll,2035,54,0,33.58138199,-85.07976677,13045.0,1695.9463964264285,2.6535626535626538,1981,1997,52,0,1945,1933,118121,38,2,0,36,64
2020-08-15,US,Georgia,Catoosa,709,11,0,34.89872298,-85.13757014,13047.0,1049.1269606392425,1.5514809590973202,698,699,11,0,688,686,67420,10,0,0,10,13
2020-08-15,US,Georgia,Charlton,451,3,0,30.78371028,-82.13951596,13049.0,3367.6821983273594,0.6651884700665188,448,451,3,0,448,444,12968,0,0,0,0,7
2020-08-15,US,Georgia,Chatham,6216,95,0,32.00043026,-81.12489526,13051.0,2147.669557405936,1.5283140283140284,6121,6146,91,0,6055,6040,289195,70,4,0,66,106
2020-08-15,US,Georgia,Chattahoochee,810,2,0,32.34341231,-84.78809239,13053.0,7426.423397817915,0.2469135802469136,808,794,2,0,792,778,10684,16,0,0,16,16
2020-08-15,US,Georgia,Chattooga,355,4,0,34.47197698,-85.34535662,13055.0,1432.0868126991807,1.1267605633802815,351,349,4,0,345,324,24790,6,0,0,6,25
2020-08-15,US,Georgia,Cherokee,3939,67,0,34.24393976,-84.47431861,13057.0,1522.1835353765655,1.7009393247017008,3872,3861,66,0,3795,3796,254149,78,1,0,77,65
2020-08-15,US,Georgia,Clarke,2238,21,0,33.95436462,-83.37124007,13059.0,1743.927811674498,0.9383378016085792,2217,2209,21,0,2188,2166,127330,29,0,0,29,43
2020-08-15,US,Georgia,Clay,101,2,0,31.62221166,-84.97713865,13061.0,3563.8673253352154,1.98019801980198,99,100,2,0,98,96,2887,1,0,0,1,4
2020-08-15,US,Georgia,Clayton,5450,116,0,33.54187245,-84.35594188,13063.0,1864.8034599802913,2.1284403669724767,5334,5380,115,0,5265,5301,289615,70,1,0,69,79
2020-08-15,US,Georgia,Clinch,214,4,0,30.91395822,-82.70432472,13065.0,3233.605318827441,1.8691588785046729,210,212,4,0,208,209,6648,2,0,0,2,3
2020-08-15,US,Georgia,Cobb,14826,338,0,33.94243204,-84.5761255,13067.0,1950.4276180340225,2.279778767030892,14488,14690,334,0,14356,14463,756865,136,4,0,132,227
2020-08-15,US,Georgia,Coffee,1585,32,0,31.54892966,-82.85492059999999,13069.0,3662.7920412266308,2.018927444794953,1553,1566,30,0,1536,1537,43093,19,2,0,17,29
2020-08-15,US,Georgia,Colquitt,1617,24,0,31.18810588,-83.7677946,13071.0,3546.052631578948,1.4842300556586268,1593,1593,24,0,1569,1586,45592,24,0,0,24,7
2020-08-15,US,Georgia,Columbia,2596,34,0,33.54534185,-82.263524,13073.0,1656.5207958446595,1.3097072419106317,2562,2511,29,0,2482,2456,154291,85,5,0,80,55
2020-08-15,US,Georgia,Cook,472,8,0,31.16068491,-83.42947229,13075.0,2733.06311522872,1.6949152542372878,464,462,6,0,456,456,17162,10,2,0,8,6
2020-08-15,US,Georgia,Coweta,1750,26,0,33.35334302,-84.76129976,13077.0,1178.3797614959362,1.4857142857142858,1724,1688,26,0,1662,1625,145864,62,0,0,62,63
2020-08-15,US,Georgia,Crawford,116,0,0,32.71391813,-83.98061238,13079.0,935.1821992905516,0.0,116,112,0,0,112,107,12318,4,0,0,4,5
2020-08-15,US,Georgia,Crisp,411,15,0,31.92289565,-83.76811843,13081.0,1837.1178258537452,3.6496350364963503,396,405,15,0,390,401,22601,6,0,0,6,4
2020-08-15,US,Georgia,Dade,153,2,0,34.854916700000004,-85.50490424,13083.0,949.3670886075952,1.30718954248366,151,147,2,0,145,138,16226,6,0,0,6,9
2020-08-15,US,Georgia,Dawson,481,5,0,34.44244079,-84.16964071,13085.0,1842.3471732802207,1.0395010395010396,476,458,5,0,453,450,25083,23,0,0,23,8
2020-08-15,US,Georgia,DeKalb,14926,262,0,33.76944049,-84.22396017,13089.0,1965.765701695121,1.7553262762963957,14664,14746,254,0,14492,14563,756558,180,8,0,172,183
2020-08-15,US,Georgia,Decatur,839,17,0,30.87967778,-84.57619536,13087.0,3177.5488562339037,2.026221692491061,822,845,16,0,829,837,26575,-6,1,0,-7,8
2020-08-15,US,Georgia,Dodge,250,3,0,32.17265114,-83.16948926,13091.0,1213.2977432661976,1.2,247,246,3,0,243,240,20705,4,0,0,4,6
2020-08-15,US,Georgia,Dooly,263,14,0,32.15630737,-83.79746561,13093.0,1964.152352501867,5.32319391634981,249,262,14,0,248,262,13706,1,0,0,1,0
2020-08-15,US,Georgia,Dougherty,2805,173,0,31.53328528,-84.21722377,13095.0,3189.094547273637,6.167557932263815,2632,2786,172,0,2614,2776,91243,19,1,0,18,10
2020-08-15,US,Georgia,Douglas,2859,58,0,33.70291126,-84.77026156,13097.0,1953.6294868903879,2.028681357117873,2801,2838,56,0,2782,2812,145331,21,2,0,19,26
2020-08-15,US,Georgia,Early,383,32,0,31.32155345,-84.90255207,13099.0,3758.586849852797,8.355091383812011,351,377,32,0,345,373,10247,6,0,0,6,4
2020-08-15,US,Georgia,Echols,226,2,0,30.71101099,-82.89687287,13101.0,5641.537693459811,0.8849557522123894,224,226,2,0,224,225,4000,0,0,0,0,1
2020-08-15,US,Georgia,Effingham,810,5,0,32.36616021,-81.34280942,13103.0,1259.7984322508396,0.6172839506172839,805,793,5,0,788,775,62190,17,0,0,17,18
2020-08-15,US,Georgia,Elbert,383,1,0,34.11302332,-82.83936148,13105.0,1995.415233927269,0.2610966057441253,382,381,1,0,380,376,19120,2,0,0,2,5
2020-08-15,US,Georgia,Emanuel,580,11,0,32.59221302,-82.30239915,13107.0,2561.158703523801,1.8965517241379308,569,566,11,0,555,547,22612,14,0,0,14,19
2020-08-15,US,Georgia,Evans,312,3,0,32.15328841,-81.8870105,13109.0,2928.477567110944,0.9615384615384616,309,304,3,0,301,291,10721,8,0,0,8,13
2020-08-15,US,Georgia,Fannin,365,5,0,34.86430205,-84.316964,13111.0,1393.7681380785093,1.3698630136986298,360,362,5,0,357,360,25964,3,0,0,3,2
2020-08-15,US,Georgia,Fayette,1263,33,0,33.41357794,-84.49089434,13113.0,1103.8183550222425,2.6128266033254155,1230,1243,33,0,1210,1210,113459,20,0,0,20,33
2020-08-15,US,Georgia,Floyd,1789,18,0,34.26268279,-85.21577392,13115.0,1816.2805336148958,1.0061486864169928,1771,1751,18,0,1733,1692,97927,38,0,0,38,59
2020-08-15,US,Georgia,Forsyth,2554,26,0,34.22604035,-84.12315129999998,13117.0,1045.6413867644892,1.0180109631949883,2528,2507,26,0,2481,2455,236612,47,0,0,47,52
2020-08-15,US,Georgia,Franklin,452,6,0,34.37525597,-83.23159927,13119.0,1935.8430767912973,1.327433628318584,446,443,6,0,437,434,23023,9,0,0,9,9
2020-08-15,US,Georgia,Fulton,21867,472,0,33.79216944,-84.46319413,13121.0,2055.2908677863447,2.1585036813463208,21395,21601,463,0,21138,21373,1050114,266,9,0,257,228
2020-08-15,US,Georgia,Gilmer,676,4,0,34.69316688,-84.45802506,13123.0,2154.9937836717777,0.591715976331361,672,665,4,0,661,658,30816,11,0,0,11,7
2020-08-15,US,Georgia,Glascock,27,1,0,33.22879932,-82.61297636,13125.0,908.7849209020533,3.703703703703704,26,26,1,0,25,26,2995,1,0,0,1,0
2020-08-15,US,Georgia,Glynn,2725,56,0,31.23279254,-81.53811412,13127.0,3194.906908033579,2.055045871559633,2669,2698,55,0,2643,2672,85219,27,1,0,26,26
2020-08-15,US,Georgia,Gordon,1325,24,0,34.50487351,-84.87296253,13129.0,2285.9410313475837,1.8113207547169807,1301,1310,23,0,1287,1285,57685,15,1,0,14,25
2020-08-15,US,Georgia,Grady,546,8,0,30.87454847,-84.23418364,13131.0,2216.538789428815,1.465201465201465,538,543,7,0,536,538,24748,3,1,0,2,5
2020-08-15,US,Georgia,Greene,356,13,0,33.5769205,-83.17139104,13133.0,1942.8072473259115,3.651685393258427,343,348,12,0,336,339,17698,8,1,0,7,9
2020-08-15,US,Georgia,Gwinnett,21411,287,0,33.96044201,-84.02137802,13135.0,2286.8891855807738,1.3404324879734717,21124,21175,283,0,20892,20900,927781,236,4,0,232,275
2020-08-15,US,Georgia,Habersham,1206,52,0,34.63331566,-83.53094677,13137.0,2660.607130250617,4.311774461028192,1154,1188,51,0,1137,1183,45388,18,1,0,17,5
2020-08-15,US,Georgia,Hall,6512,104,0,34.32207823,-83.81896936,13139.0,3185.2710561971417,1.597051597051597,6408,6420,104,0,6316,6339,202148,92,0,0,92,81
2020-08-15,US,Georgia,Hancock,338,35,0,33.2721566,-82.99766919,13141.0,3996.6891332623854,10.355029585798817,303,336,35,0,301,331,8348,2,0,0,2,5
2020-08-15,US,Georgia,Haralson,247,7,0,33.79602175,-85.21005667,13143.0,829.0816326530612,2.8340080971659916,240,241,7,0,234,237,29533,6,0,0,6,4
2020-08-15,US,Georgia,Harris,682,17,0,32.73709786,-84.90538572,13145.0,1935.5204904075376,2.49266862170088,665,676,17,0,659,674,34475,6,0,0,6,2
2020-08-15,US,Georgia,Hart,345,8,0,34.34626973,-82.96567682,13147.0,1316.542644533486,2.318840579710145,337,336,8,0,328,331,26099,9,0,0,9,5
2020-08-15,US,Georgia,Heard,153,5,0,33.29686567,-85.12886832,13149.0,1283.2340853811959,3.2679738562091503,148,151,5,0,146,149,11879,2,0,0,2,2
2020-08-15,US,Georgia,Henry,3694,58,0,33.4533428,-84.14814659999998,13151.0,1574.8568602623623,1.5701136978884678,3636,3588,56,0,3532,3537,230220,106,2,0,104,51
2020-08-15,US,Georgia,Houston,2159,62,0,32.45802497,-83.66879087,13153.0,1367.6415626207531,2.8716998610467814,2097,2133,62,0,2071,2079,155469,26,0,0,26,54
2020-08-15,US,Georgia,Irwin,178,1,0,31.60213036,-83.27501387,13155.0,1890.3993203058624,0.5617977528089888,177,178,1,0,177,174,9398,0,0,0,0,4
2020-08-15,US,Georgia,Jackson,1176,17,0,34.13794553,-83.56814788,13157.0,1611.4666264713544,1.445578231292517,1159,1148,17,0,1131,1122,70422,28,0,0,28,26
2020-08-15,US,Georgia,Jasper,176,2,0,33.31535543,-83.68844964,13159.0,1237.7804346297207,1.1363636363636365,174,175,2,0,173,171,14040,1,0,0,1,4
2020-08-15,US,Georgia,Jeff Davis,528,8,0,31.80405727,-82.63724870000001,13161.0,3493.2186569632813,1.5151515151515151,520,505,8,0,497,491,15029,23,0,0,23,14
2020-08-15,US,Georgia,Jefferson,555,10,0,33.05867328,-82.41609057,13163.0,3612.8108319229273,1.8018018018018016,545,545,9,0,536,536,15430,10,1,0,9,9
2020-08-15,US,Georgia,Jenkins,261,24,0,32.79248718,-81.96040187,13165.0,3008.298755186722,9.195402298850574,237,258,24,0,234,256,8683,3,0,0,3,2
2020-08-15,US,Georgia,Johnson,260,12,0,32.70211082,-82.66166794,13167.0,2696.256351757752,4.615384615384615,248,256,12,0,244,253,9708,4,0,0,4,3
2020-08-15,US,Georgia,Jones,341,4,0,33.02512137,-83.56019163,13169.0,1186.706107534366,1.1730205278592376,337,331,4,0,327,327,28616,10,0,0,10,4
2020-08-15,US,Georgia,Lamar,292,14,0,33.07841647,-84.14263877,13171.0,1530.638989358914,4.794520547945205,278,288,13,0,275,283,19000,4,1,0,3,5
2020-08-15,US,Georgia,Lanier,229,4,0,31.03828570000001,-83.06472457,13173.0,2197.0641849755348,1.7467248908296944,225,227,4,0,223,227,10340,2,0,0,2,0
2020-08-15,US,Georgia,Laurens,1109,19,0,32.46325233,-82.92221316,13175.0,2332.478021284651,1.7132551848512174,1090,1086,17,0,1069,1075,47325,23,2,0,21,11
2020-08-15,US,Georgia,Lee,603,23,0,31.779330600000005,-84.14324253,13177.0,2010.536142971459,3.814262023217247,580,597,23,0,574,569,29764,6,0,0,6,28
2020-08-15,US,Georgia,Liberty,798,7,0,31.82588896,-81.49251135,13179.0,1298.9338325059007,0.8771929824561403,791,789,7,0,782,784,61497,9,0,0,9,5
2020-08-15,US,Georgia,Lincoln,167,5,0,33.79201475,-82.45024131,13181.0,2108.319656609014,2.9940119760479043,162,164,5,0,159,154,7915,3,0,0,3,10
2020-08-15,US,Georgia,Long,144,2,0,31.75218791,-81.74952375,13183.0,736.2339587913492,1.3888888888888888,142,141,2,0,139,136,18998,3,0,0,3,5
2020-08-15,US,Georgia,Lowndes,3249,50,0,30.83568832,-83.27056716,13185.0,2767.3202391700593,1.538935056940597,3199,3237,50,0,3187,3257,116321,12,0,0,12,-20
2020-08-15,US,Georgia,Lumpkin,416,9,0,34.57286511,-84.00425681,13187.0,1237.726867003868,2.1634615384615383,407,394,8,0,386,381,32955,22,1,0,21,13
2020-08-15,US,Georgia,Macon,189,10,0,32.35207048,-84.04234127,13193.0,1459.7976365181125,5.291005291005291,179,187,10,0,177,185,13143,2,0,0,2,2
2020-08-15,US,Georgia,Madison,440,7,0,34.12920917,-83.21218732,13195.0,1472.5568942436414,1.5909090909090908,433,437,7,0,430,428,29650,3,0,0,3,9
2020-08-15,US,Georgia,Marion,161,5,0,32.3483402,-84.52733571,13197.0,1926.0677114487376,3.1055900621118013,156,161,5,0,156,157,8351,0,0,0,0,4
2020-08-15,US,Georgia,McDuffie,412,10,0,33.47851918,-82.48252774,13189.0,1933.1831831831832,2.4271844660194173,402,399,10,0,389,389,21531,13,0,0,13,10
2020-08-15,US,Georgia,McIntosh,209,3,0,31.49683595,-81.40163426,13191.0,1453.609681457783,1.4354066985645932,206,203,3,0,200,201,14340,6,0,0,6,2
2020-08-15,US,Georgia,Meriwether,430,7,0,33.04163534,-84.68859732,13199.0,2031.4640714319464,1.627906976744186,423,421,7,0,414,411,21068,9,0,0,9,10
2020-08-15,US,Georgia,Miller,160,0,0,31.16568912,-84.73151117,13201.0,2798.181182231549,0.0,160,157,0,0,157,152,5686,3,0,0,3,5
2020-08-15,US,Georgia,Mitchell,664,41,0,31.22483255,-84.19381821,13205.0,3037.094634771074,6.174698795180722,623,660,41,0,619,659,22192,4,0,0,4,1
2020-08-15,US,Georgia,Monroe,490,30,0,33.014289,-83.92097166,13207.0,1776.7785916310102,6.1224489795918355,460,486,29,0,457,474,27520,4,1,0,3,12
2020-08-15,US,Georgia,Montgomery,171,2,0,32.17201038,-82.53527476,13209.0,1864.369821194941,1.1695906432748535,169,163,2,0,161,159,9193,8,0,0,8,4
2020-08-15,US,Georgia,Morgan,318,1,0,33.59232073,-83.49129491,13211.0,1649.7198588918866,0.31446540880503143,317,308,0,0,308,301,18853,10,1,0,9,7
2020-08-15,US,Georgia,Murray,651,3,0,34.78897608,-84.74993177,13213.0,1623.6033519553073,0.4608294930875576,648,643,3,0,640,627,39921,8,0,0,8,16
2020-08-15,US,Georgia,Muscogee,5029,109,0,32.50931999,-84.87142262,13215.0,2568.843892546828,2.16742891230861,4920,4992,107,0,4885,4930,194160,37,2,0,35,62
2020-08-15,US,Georgia,Newton,1987,48,0,33.55514538,-83.84547140000002,13217.0,1778.1715349369988,2.415702063412179,1939,1944,46,0,1898,1914,109541,43,2,0,41,30
2020-08-15,US,Georgia,Oconee,469,16,0,33.83749973,-83.43679568,13219.0,1164.3495531281033,3.411513859275053,453,464,15,0,449,459,39272,5,1,0,4,5
2020-08-15,US,Georgia,Oglethorpe,250,7,0,33.878629600000004,-83.08278123,13221.0,1638.3773510714987,2.8,243,243,7,0,236,238,15054,7,0,0,7,5
2020-08-15,US,Georgia,Out of GA,16824,101,0,0.0,0.0,80013.0,0.0,0.6003328578221588,16723,16567,99,0,16468,16659,,257,2,0,255,-92
2020-08-15,US,Georgia,Paulding,1868,26,0,33.91969522,-84.86848792,13223.0,1107.5076926725442,1.39186295503212,1842,1851,25,0,1826,1809,164044,17,1,0,16,42
2020-08-15,US,Georgia,Peach,438,16,0,32.56934316,-83.82937,13225.0,1590.0675234153782,3.6529680365296797,422,428,16,0,412,411,27297,10,0,0,10,17
2020-08-15,US,Georgia,Pickens,442,6,0,34.46589159,-84.46406611,13227.0,1356.2026326286398,1.3574660633484164,436,434,6,0,428,430,31980,8,0,0,8,4
2020-08-15,US,Georgia,Pierce,439,9,0,31.35928155,-82.21598442,13229.0,2255.330079630105,2.050113895216401,430,434,9,0,425,429,19389,5,0,0,5,5
2020-08-15,US,Georgia,Pike,241,6,0,33.09310242,-84.38790389,13231.0,1270.9629785887566,2.489626556016597,235,239,6,0,233,232,18634,2,0,0,2,7
2020-08-15,US,Georgia,Polk,939,11,0,34.00267074,-85.18677781,13233.0,2203.552906390069,1.1714589989350372,928,927,11,0,916,901,42470,12,0,0,12,26
2020-08-15,US,Georgia,Pulaski,137,3,0,32.23334561,-83.47549959999998,13235.0,1230.1337882733233,2.18978102189781,134,135,3,0,132,132,11069,2,0,0,2,3
2020-08-15,US,Georgia,Putnam,469,18,0,33.32056115,-83.37552891,13237.0,2120.349021203491,3.837953091684435,451,465,18,0,447,454,21809,4,0,0,4,11
2020-08-15,US,Georgia,Quitman,31,1,0,31.86728114,-85.01773177,13239.0,1348.4123531970422,3.2258064516129035,30,31,1,0,30,31,2279,0,0,0,0,0
2020-08-15,US,Georgia,Rabun,232,3,0,34.88389445,-83.40304637,13241.0,1353.7958802590883,1.293103448275862,229,231,3,0,228,230,16867,1,0,0,1,1
2020-08-15,US,Georgia,Randolph,280,26,0,31.76622818,-84.75732369,13243.0,4131.0120979640005,9.285714285714286,254,278,26,0,252,276,6833,2,0,0,2,2
2020-08-15,US,Georgia,Richmond,4961,97,0,33.35777107,-82.07026432,13245.0,2449.658795761364,1.9552509574682524,4864,4829,96,0,4733,4718,201554,132,1,0,131,111
2020-08-15,US,Georgia,Rockdale,1455,26,0,33.65145002,-84.02202167,13247.0,1600.7305051927478,1.7869415807560138,1429,1439,26,0,1413,1411,90594,16,0,0,16,28
2020-08-15,US,Georgia,Schley,78,1,0,32.2654021,-84.31258912,13249.0,1483.7359710861704,1.2820512820512822,77,79,1,0,78,77,5236,-1,0,0,-1,2
2020-08-15,US,Georgia,Screven,228,9,0,32.74976524,-81.60779441,13251.0,1632.5361592438778,3.947368421052632,219,223,9,0,214,220,13938,5,0,0,5,3
2020-08-15,US,Georgia,Seminole,239,5,0,30.93464824,-84.86823924,13253.0,2954.2645241038317,2.092050209205021,234,231,5,0,226,229,8315,8,0,0,8,2
2020-08-15,US,Georgia,Spalding,1028,43,0,33.26310031,-84.28013991,13255.0,1541.1600677630688,4.182879377431907,985,1019,43,0,976,990,66100,9,0,0,9,29
2020-08-15,US,Georgia,Stephens,693,17,0,34.55151201,-83.29405315,13257.0,2673.095467695275,2.453102453102453,676,679,14,0,665,676,26035,14,3,0,11,3
2020-08-15,US,Georgia,Stewart,260,9,0,32.07996777,-84.83208037,13259.0,3926.8992599305243,3.4615384615384617,251,258,9,0,249,257,6199,2,0,0,2,1
2020-08-15,US,Georgia,Sumter,779,56,0,32.03650571,-84.19821492,13261.0,2638.531364313779,7.1887034659820275,723,778,56,0,722,768,29733,1,0,0,1,10
2020-08-15,US,Georgia,Talbot,146,5,0,32.69642758,-84.53351366,13263.0,2356.7393058918483,3.4246575342465757,141,145,3,0,142,143,6272,1,2,0,-1,2
2020-08-15,US,Georgia,Taliaferro,17,0,0,33.56543317,-82.88136816,13265.0,1106.0507482108003,0.0,17,15,0,0,15,14,1608,2,0,0,2,1
2020-08-15,US,Georgia,Tattnall,585,2,0,32.04785085,-82.05539188,13267.0,2313.5331804160405,0.3418803418803419,583,578,2,0,576,558,25391,7,0,0,7,20
2020-08-15,US,Georgia,Taylor,103,3,0,32.55792548,-84.25077141,13269.0,1284.28927680798,2.9126213592233015,100,102,3,0,99,99,8039,1,0,0,1,3
2020-08-15,US,Georgia,Telfair,306,12,0,31.92829517,-82.93491155,13271.0,1929.3820933165198,3.92156862745098,294,299,12,0,287,299,15876,7,0,0,7,0
2020-08-15,US,Georgia,Terrell,307,30,0,31.77527543,-84.44069698,13273.0,3598.6402531942326,9.77198697068404,277,307,30,0,277,307,8611,0,0,0,0,0
2020-08-15,US,Georgia,Thomas,1237,44,0,30.86392347,-83.91847289,13275.0,2782.839531169152,3.556992724333064,1193,1165,44,0,1121,1147,44448,72,0,0,72,18
2020-08-15,US,Georgia,Tift,1395,45,0,31.45743864,-83.5236119,13277.0,3432.240921169176,3.2258064516129035,1350,1390,44,0,1346,1380,40571,5,1,0,4,10
2020-08-15,US,Georgia,Toombs,857,9,0,32.12059861,-82.32957247,13279.0,3194.1856131196423,1.0501750291715286,848,841,9,0,832,816,26887,16,0,0,16,25
2020-08-15,US,Georgia,Towns,158,2,0,34.91369188,-83.74107459999998,13281.0,1312.6194234443801,1.2658227848101269,156,155,2,0,153,155,11852,3,0,0,3,0
2020-08-15,US,Georgia,Treutlen,138,3,0,32.40422134,-82.56904553,13283.0,1999.7101869294306,2.1739130434782608,135,137,3,0,134,135,6809,1,0,0,1,2
2020-08-15,US,Georgia,Troup,2400,76,0,33.03349196,-85.02812115,13285.0,3432.396098509768,3.1666666666666665,2324,2380,74,0,2306,2354,70034,20,2,0,18,26
2020-08-15,US,Georgia,Turner,262,18,0,31.71612656,-83.62069378,13287.0,3281.1521603005635,6.870229007633588,244,261,18,0,243,260,7912,1,0,0,1,1
2020-08-15,US,Georgia,Twiggs,132,4,0,32.67435595,-83.43078662,13289.0,1625.615763546798,3.0303030303030303,128,131,4,0,127,127,8188,1,0,0,1,4
2020-08-15,US,Georgia,Unassigned,2758,7,0,0.0,0.0,90013.0,0.0,0.2538071065989848,2751,2765,7,0,2758,2783,,-7,0,0,-7,-18
2020-08-15,US,Georgia,Union,331,7,0,34.82995757,-83.98967069,13291.0,1350.41409979193,2.114803625377644,324,324,7,0,317,313,24001,7,0,0,7,11
2020-08-15,US,Georgia,Upson,624,49,0,32.87920671,-84.30024826,13293.0,2370.820668693009,7.852564102564102,575,620,49,0,571,574,26215,4,0,0,4,46
2020-08-15,US,Georgia,Walker,808,17,0,34.73376362,-85.30165174,13295.0,1158.2402775189576,2.103960396039604,791,791,16,0,775,760,69410,17,1,0,16,31
2020-08-15,US,Georgia,Walton,1259,41,0,33.78017694,-83.73552314,13297.0,1330.9652934149462,3.2565528196981735,1218,1233,41,0,1192,1210,93503,26,0,0,26,23
2020-08-15,US,Georgia,Ware,1210,33,0,31.05449097,-82.42224148,13299.0,3386.130855767616,2.727272727272727,1177,1201,32,0,1169,1186,35680,9,1,0,8,15
2020-08-15,US,Georgia,Warren,90,1,0,33.41146451,-82.67795848,13301.0,1712.9805862200228,1.1111111111111112,89,89,1,0,88,89,5251,1,0,0,1,0
2020-08-15,US,Georgia,Washington,531,3,0,32.96711864,-82.79357039,13303.0,2606.26288406793,0.5649717514124294,528,529,2,0,527,518,20386,2,1,0,1,11
2020-08-15,US,Georgia,Wayne,863,13,0,31.5521809,-81.91894878,13305.0,2883.683630166739,1.5063731170336037,850,857,12,0,845,846,29808,6,1,0,5,11
2020-08-15,US,Georgia,Webster,39,2,0,32.04066113,-84.54742852,13307.0,1495.9723820483316,5.128205128205129,37,39,2,0,37,39,2611,0,0,0,0,0
2020-08-15,US,Georgia,Wheeler,103,1,0,32.12009104,-82.72574721,13309.0,1311.2667091024825,0.9708737864077671,102,101,1,0,100,100,7879,2,0,0,2,1
2020-08-15,US,Georgia,White,391,6,0,34.64624278,-83.74905525,13311.0,1269.5629586336775,1.5345268542199488,385,381,6,0,375,376,29970,10,0,0,10,5
2020-08-15,US,Georgia,Whitfield,3700,36,0,34.80987459,-84.96093476,13313.0,3536.3382650915623,0.972972972972973,3664,3678,34,0,3644,3654,104062,22,2,0,20,24
2020-08-15,US,Georgia,Wilcox,198,19,0,31.97496928,-83.43438555,13315.0,2292.9936305732485,9.595959595959595,179,192,19,0,173,188,8812,6,0,0,6,4
2020-08-15,US,Georgia,Wilkes,199,3,0,33.78290391,-82.74286107,13317.0,2035.389178684668,1.5075376884422111,196,197,3,0,194,196,9876,2,0,0,2,1
2020-08-15,US,Georgia,Wilkinson,235,12,0,32.80291082,-83.17140684,13319.0,2624.525351798079,5.1063829787234045,223,234,12,0,222,223,9036,1,0,0,1,11
2020-08-15,US,Georgia,Worth,468,23,0,31.55162306,-83.85090513,13321.0,2311.453548673878,4.914529914529915,445,465,23,0,442,461,20299,3,0,0,3,4
2020-08-15,US,Hawaii,Hawaii,145,0,0,19.60121157,-155.5210167,15001.0,71.9556554663967,0.0,145,144,0,0,144,139,200983,1,0,0,1,5
2020-08-15,US,Hawaii,Honolulu,4390,33,0,21.45803166,-157.97121819999995,15003.0,450.4583079800897,0.7517084282460137,4357,4117,33,0,4084,3900,980080,273,0,0,273,217
2020-08-15,US,Hawaii,Kauai,54,0,0,22.03935037,-159.5966786,15007.0,74.69602866114285,0.0,54,53,0,0,53,52,72133,1,0,0,1,1
2020-08-15,US,Hawaii,Maui,213,6,0,20.86399628,-156.56890969999995,15009.0,127.22722304186551,2.8169014084507036,207,206,6,0,200,198,167207,7,0,0,7,8
2020-08-15,US,Hawaii,Out of HI,23,1,0,0.0,0.0,80015.0,0.0,4.3478260869565215,22,23,1,0,22,23,,0,0,0,0,0
2020-08-15,US,Idaho,Ada,9924,95,0,43.4526575,-116.24155159999998,16001.0,2060.686854088669,0.9572752922208788,9829,9753,93,0,9660,9595,469966,171,2,0,169,158
2020-08-15,US,Idaho,Adams,22,0,0,44.89333571,-116.4545247,16003.0,512.342803912436,0.0,22,22,0,0,22,21,4250,0,0,0,0,1
2020-08-15,US,Idaho,Bannock,489,2,0,42.67002716,-112.2233311,16005.0,556.8968658892128,0.40899795501022496,487,488,2,0,486,464,87138,1,0,0,1,24
2020-08-15,US,Idaho,Bear Lake,21,0,0,42.28269683,-111.32892379999998,16007.0,342.85714285714283,0.0,21,21,0,0,21,20,6050,0,0,0,0,1
2020-08-15,US,Idaho,Benewah,80,1,0,47.21754179,-116.6586851,16009.0,860.4000860400087,1.25,79,80,1,0,79,80,9226,0,0,0,0,0
2020-08-15,US,Idaho,Bingham,339,2,0,43.21672879999999,-112.3978437,16011.0,724.1887590523595,0.5899705014749262,337,338,2,0,336,320,46236,1,0,0,1,18
2020-08-15,US,Idaho,Blaine,585,6,0,43.4085812,-113.9752658,16013.0,2541.1580730637243,1.0256410256410255,579,584,6,0,578,582,22601,1,0,0,1,2
2020-08-15,US,Idaho,Boise,53,1,0,43.98829931,-115.7309284,16015.0,676.7973438896693,1.8867924528301887,52,52,1,0,51,52,7634,1,0,0,1,0
2020-08-15,US,Idaho,Bonner,191,0,0,48.29996017,-116.6017932,16017.0,417.5867421675157,0.0,191,191,0,0,191,189,44727,0,0,0,0,2
2020-08-15,US,Idaho,Bonneville,1281,6,0,43.38713372,-111.6161537,16019.0,1075.9100300683676,0.468384074941452,1275,1266,4,0,1262,1206,116854,15,2,0,13,60
2020-08-15,US,Idaho,Boundary,38,0,0,48.76684761,-116.4630179,16021.0,310.330747243773,0.0,38,38,0,0,38,38,11948,0,0,0,0,0
2020-08-15,US,Idaho,Butte,1,0,0,43.72592209,-113.1735463,16023.0,38.50596842510589,0.0,1,1,0,0,1,1,2611,0,0,0,0,0
2020-08-15,US,Idaho,Camas,1,0,0,43.46665742,-114.8065892,16025.0,90.41591320072331,0.0,1,1,0,0,1,1,1127,0,0,0,0,0
2020-08-15,US,Idaho,Canyon,6308,56,0,43.61970148,-116.70954990000001,16027.0,2744.410460780773,0.8877615726062144,6252,6257,56,0,6201,6137,223499,51,0,0,51,120
2020-08-15,US,Idaho,Caribou,34,0,0,42.77149116,-111.5597683,16029.0,475.1921733053808,0.0,34,34,0,0,34,34,7060,0,0,0,0,0
2020-08-15,US,Idaho,Cassia,545,1,0,42.28347888,-113.6012409,16031.0,2267.998335414066,0.1834862385321101,544,544,1,0,543,543,23864,1,0,0,1,1
2020-08-15,US,Idaho,Clark,11,0,0,44.28496071,-112.35057040000001,16033.0,1301.775147928994,0.0,11,10,0,0,10,10,852,1,0,0,1,0
2020-08-15,US,Idaho,Clearwater,17,0,0,46.67459924,-115.6622393,16035.0,194.15258108725445,0.0,17,17,0,0,17,17,8758,0,0,0,0,0
2020-08-15,US,Idaho,Custer,11,0,0,44.24186819,-114.2855494,16037.0,254.9246813441484,0.0,11,11,0,0,11,11,4280,0,0,0,0,0
2020-08-15,US,Idaho,Elmore,234,3,0,43.3507101,-115.4701578,16039.0,850.5688633637454,1.2820512820512822,231,230,3,0,227,229,27259,4,0,0,4,1
2020-08-15,US,Idaho,Franklin,52,0,0,42.18332217,-111.81496659999999,16041.0,374.7477659267801,0.0,52,52,0,0,52,52,13726,0,0,0,0,0
2020-08-15,US,Idaho,Fremont,92,0,0,44.22800938,-111.48099429999999,16043.0,702.3436903580426,0.0,92,92,0,0,92,90,13168,0,0,0,0,2
2020-08-15,US,Idaho,Gem,189,1,0,44.06482372,-116.398376,16045.0,1043.5070671378094,0.5291005291005291,188,188,1,0,187,187,17634,1,0,0,1,1
2020-08-15,US,Idaho,Gooding,180,1,0,42.96927962,-114.81083059999999,16047.0,1185.8488701495487,0.5555555555555556,179,179,1,0,178,175,15196,1,0,0,1,4
2020-08-15,US,Idaho,Idaho,34,0,0,45.84721541,-115.4634436,16049.0,203.9959200815984,0.0,34,34,0,0,34,33,16513,0,0,0,0,1
2020-08-15,US,Idaho,Jefferson,242,1,0,43.82078483,-112.3131749,16051.0,810.1503130126207,0.4132231404958678,241,239,1,0,238,229,29439,3,0,0,3,10
2020-08-15,US,Idaho,Jerome,521,6,0,42.68891267,-114.2655033,16053.0,2134.1962969031624,1.151631477927063,515,517,6,0,511,505,24015,4,0,0,4,12
2020-08-15,US,Idaho,Kootenai,1989,20,0,47.67282258,-116.7020872,16055.0,1200.3838331412155,1.0055304172951232,1969,1972,20,0,1952,1946,161505,17,0,0,17,26
2020-08-15,US,Idaho,Latah,133,0,0,46.81587887,-116.71136979999999,16057.0,331.60466739802536,0.0,133,133,0,0,133,124,40134,0,0,0,0,9
2020-08-15,US,Idaho,Lemhi,45,0,0,44.9438088,-113.9309747,16059.0,560.6079481749097,0.0,45,41,0,0,41,35,7961,4,0,0,4,6
2020-08-15,US,Idaho,Lincoln,61,0,0,43.0012336,-114.1358773,16063.0,1136.7871785314944,0.0,61,61,0,0,61,60,5360,0,0,0,0,1
2020-08-15,US,Idaho,Madison,180,0,0,43.78141028,-111.65384740000002,16065.0,451.04868820006516,0.0,180,180,0,0,180,177,39304,0,0,0,0,3
2020-08-15,US,Idaho,Minidoka,503,2,0,42.85518524,-113.6357257,16067.0,2390.798041732021,0.3976143141153082,501,503,2,0,501,498,20825,0,0,0,0,5
2020-08-15,US,Idaho,Nez Perce,174,19,0,46.32638236,-116.75009750000001,16069.0,430.6078004355574,10.919540229885056,155,174,19,0,155,168,40408,0,0,0,0,6
2020-08-15,US,Idaho,Oneida,16,0,0,42.19494279999999,-112.5407838,16071.0,353.12293092032667,0.0,16,16,0,0,16,16,4488,0,0,0,0,0
2020-08-15,US,Idaho,Owyhee,276,3,0,42.58016894,-116.16938710000001,16073.0,2334.432885054555,1.0869565217391304,273,276,3,0,273,272,11693,0,0,0,0,4
2020-08-15,US,Idaho,Payette,443,3,0,44.00545243,-116.7647695,16075.0,1849.6096196400986,0.6772009029345373,440,441,3,0,438,424,23551,2,0,0,2,17
2020-08-15,US,Idaho,Power,66,0,0,42.69254894,-112.83957420000002,16077.0,859.263116781669,0.0,66,66,0,0,66,64,7768,0,0,0,0,2
2020-08-15,US,Idaho,Shoshone,166,3,0,47.35364087,-115.89167490000001,16079.0,1288.6197795373394,1.8072289156626504,163,163,3,0,160,154,12796,3,0,0,3,9
2020-08-15,US,Idaho,Teton,98,0,0,43.75303583,-111.2056773,16081.0,807.1157964091583,0.0,98,95,0,0,95,90,11640,3,0,0,3,5
2020-08-15,US,Idaho,Twin Falls,1517,33,0,42.35440512,-114.6685381,16083.0,1746.1267524574691,2.1753460777851017,1484,1506,33,0,1473,1482,86081,11,0,0,11,24
2020-08-15,US,Idaho,Unassigned,5,0,0,0.0,0.0,90016.0,0.0,0.0,5,5,0,0,5,5,,0,0,0,0,0
2020-08-15,US,Idaho,Valley,74,1,0,44.76728382,-115.5676773,16085.0,649.5786516853932,1.351351351351351,73,71,1,0,70,69,11041,3,0,0,3,2
2020-08-15,US,Idaho,Washington,234,3,0,44.45275475,-116.78476880000001,16087.0,2295.4679223072394,1.2820512820512822,231,229,3,0,226,224,10161,5,0,0,5,5
2020-08-15,US,Illinois,Adams,620,7,0,39.98815591,-91.18786813,17001.0,947.5051577901736,1.1290322580645162,613,607,7,0,600,581,65691,13,0,0,13,26
2020-08-15,US,Illinois,Alexander,39,0,0,37.18049267,-89.32910838,17003.0,676.9658045478217,0.0,39,37,0,0,37,37,6060,2,0,0,2,0
2020-08-15,US,Illinois,Bond,77,3,0,38.88829622,-89.43534887,17005.0,468.76902471691216,3.8961038961038965,74,69,3,0,66,68,16630,8,0,0,8,1
2020-08-15,US,Illinois,Boone,764,23,0,42.32359279,-88.82345779,17007.0,1426.8638876438074,3.0104712041884816,741,768,23,0,745,770,53577,-4,0,0,-4,-2
2020-08-15,US,Illinois,Brown,15,0,0,39.96209138,-90.75068024,17009.0,228.0328367284889,0.0,15,15,0,0,15,15,6556,0,0,0,0,0
2020-08-15,US,Illinois,Bureau,269,4,0,41.40385234,-89.5283051,17011.0,824.4452617383843,1.4869888475836432,265,262,4,0,258,247,32993,7,0,0,7,15
2020-08-15,US,Illinois,Calhoun,13,0,0,39.16840183,-90.66330078,17013.0,274.3194766828445,0.0,13,12,0,0,12,12,4802,1,0,0,1,0
2020-08-15,US,Illinois,Carroll,79,4,0,42.06823429,-89.93395545,17015.0,552.2544564837468,5.063291139240507,75,72,4,0,68,68,14312,7,0,0,7,4
2020-08-15,US,Illinois,Cass,251,11,0,39.96991073,-90.24734436,17017.0,2066.353832221948,4.382470119521912,240,252,11,0,241,245,12260,-1,0,0,-1,7
2020-08-15,US,Illinois,Champaign,1752,19,0,40.13919438,-88.20046615,17019.0,835.5230841865811,1.0844748858447488,1733,1737,19,0,1718,1729,209983,15,0,0,15,8
2020-08-15,US,Illinois,Christian,150,4,0,39.54581621,-89.27780482,17021.0,464.33878157503716,2.6666666666666665,146,146,4,0,142,144,32661,4,0,0,4,2
2020-08-15,US,Illinois,Clark,93,2,0,39.33425789,-87.78705622,17023.0,602.2925976296873,2.150537634408602,91,91,2,0,89,88,15596,2,0,0,2,3
2020-08-15,US,Illinois,Clay,32,0,0,38.75388572,-88.48914513,17025.0,242.71844660194168,0.0,32,32,0,0,32,31,13253,0,0,0,0,1
2020-08-15,US,Illinois,Clinton,468,17,0,38.60704876,-89.42385254,17027.0,1245.940045790959,3.632478632478633,451,454,17,0,437,433,37639,14,0,0,14,21
2020-08-15,US,Illinois,Coles,602,21,0,39.51949084,-88.22358557,17029.0,1189.2297663025224,3.4883720930232562,581,564,21,0,543,546,50885,38,0,0,38,18
2020-08-15,US,Illinois,Cook,115344,4953,0,41.84144849,-87.81658794,17031.0,2239.58799533924,4.294111527257595,110391,114724,4951,0,109773,113788,5180493,620,2,0,618,936
2020-08-15,US,Illinois,Crawford,35,0,0,39.0032229,-87.75954624,17033.0,187.49665184550273,0.0,35,35,0,0,35,31,18807,0,0,0,0,4
2020-08-15,US,Illinois,Cumberland,62,3,0,39.27432424,-88.2401158,17035.0,575.8870518298347,4.838709677419356,59,61,3,0,58,60,10808,1,0,0,1,1
2020-08-15,US,Illinois,De Witt,37,0,0,40.17514519,-88.90959682,17039.0,236.60314618237626,0.0,37,39,0,0,39,34,15769,-2,0,0,-2,5
2020-08-15,US,Illinois,DeKalb,977,32,0,41.89373302,-88.76958483,17037.0,931.3898395568988,3.2753326509723646,945,970,32,0,938,960,104143,7,0,0,7,10
2020-08-15,US,Illinois,Douglas,140,3,0,39.76768052,-88.21854195,17041.0,719.2396609298743,2.142857142857143,137,135,3,0,132,133,19479,5,0,0,5,2
2020-08-15,US,Illinois,DuPage,12815,526,0,41.85116968,-88.08642662,17043.0,1388.5262118859575,4.104564962934061,12289,12693,525,0,12168,12592,928589,122,1,0,121,101
2020-08-15,US,Illinois,Edgar,34,0,0,39.6809186,-87.74759563,17045.0,198.1236524678049,0.0,34,34,0,0,34,30,17360,0,0,0,0,4
2020-08-15,US,Illinois,Edwards,25,0,0,38.41353228,-88.05720863,17047.0,390.93041438623925,0.0,25,24,0,0,24,24,6392,1,0,0,1,0
2020-08-15,US,Illinois,Effingham,228,1,0,39.05935711,-88.58969584,17049.0,670.4304869442484,0.43859649122807015,227,208,1,0,207,192,34208,20,0,0,20,16
2020-08-15,US,Illinois,Fayette,78,3,0,39.00072038,-89.02452658,17051.0,365.5793025871766,3.8461538461538463,75,73,3,0,70,73,21416,5,0,0,5,0
2020-08-15,US,Illinois,Ford,57,2,0,40.59706922,-88.22350769,17053.0,439.780881104853,3.5087719298245608,55,57,2,0,55,52,13264,0,0,0,0,5
2020-08-15,US,Illinois,Franklin,232,1,0,37.99189086,-88.92567818,17055.0,603.0830018976319,0.4310344827586207,231,222,1,0,221,205,38701,10,0,0,10,17
2020-08-15,US,Illinois,Fulton,44,0,0,40.47289135,-90.20862357,17057.0,128.13046010483401,0.0,44,42,0,0,42,37,34844,2,0,0,2,5
2020-08-15,US,Illinois,Gallatin,51,2,0,37.76430935,-88.22953869,17059.0,1056.338028169014,3.92156862745098,49,51,2,0,49,51,5058,0,0,0,0,0
2020-08-15,US,Illinois,Greene,71,0,0,39.35907414,-90.388865,17061.0,547.4593260852803,0.0,71,69,0,0,69,66,13044,2,0,0,2,3
2020-08-15,US,Illinois,Grundy,378,5,0,41.28569601,-88.41905692,17063.0,740.3925255611705,1.3227513227513228,373,368,5,0,363,353,50972,10,0,0,10,15
2020-08-15,US,Illinois,Hamilton,34,0,0,38.08163641,-88.53883373,17065.0,418.9255791030064,0.0,34,33,0,0,33,31,8163,1,0,0,1,2
2020-08-15,US,Illinois,Hancock,85,1,0,40.40423981,-91.16313899,17067.0,480.009035464197,1.1764705882352942,84,76,1,0,75,72,17844,9,0,0,9,4
2020-08-15,US,Illinois,Hardin,18,0,0,37.51810645,-88.26873022,17069.0,471.08086888249153,0.0,18,18,0,0,18,18,3910,0,0,0,0,0
2020-08-15,US,Illinois,Henderson,22,0,0,40.81908672,-90.92491462,17071.0,331.02618116160096,0.0,22,21,0,0,21,15,6709,1,0,0,1,6
2020-08-15,US,Illinois,Henry,285,1,0,41.3533994,-90.13296166,17073.0,582.667184593053,0.3508771929824561,284,274,1,0,273,266,49090,11,0,0,11,8
2020-08-15,US,Illinois,Iroquois,279,14,0,40.74717633,-87.82466784,17075.0,1028.9887143173269,5.017921146953405,265,276,13,0,263,274,27604,3,1,0,2,2
2020-08-15,US,Illinois,Jackson,760,20,0,37.78595185,-89.38232563,17077.0,1339.2070484581498,2.631578947368421,740,755,20,0,735,743,57419,5,0,0,5,12
2020-08-15,US,Illinois,Jasper,64,7,0,39.01054275,-88.15437049,17079.0,665.9729448491155,10.9375,57,61,7,0,54,61,9611,3,0,0,3,0
2020-08-15,US,Illinois,Jefferson,345,20,0,38.29980057,-88.9240025,17081.0,915.5079078654072,5.797101449275362,325,320,20,0,300,317,37820,25,0,0,25,3
2020-08-15,US,Illinois,Jersey,145,2,0,39.08869046,-90.35393073,17083.0,665.9624305332292,1.3793103448275863,143,143,2,0,141,141,21847,2,0,0,2,2
2020-08-15,US,Illinois,Jo Daviess,140,1,0,42.36542373,-90.21094405,17085.0,659.2889098186955,0.7142857142857143,139,139,1,0,138,136,21366,1,0,0,1,3
2020-08-15,US,Illinois,Johnson,77,0,0,37.45939802,-88.88165419,17087.0,620.1175807360877,0.0,77,76,0,0,76,71,12456,1,0,0,1,5
2020-08-15,US,Illinois,Kane,10157,304,0,41.93842729,-88.42861412,17089.0,1907.7653581967045,2.993009746972531,9853,10100,305,0,9795,10027,534216,57,-1,0,58,73
2020-08-15,US,Illinois,Kankakee,1874,69,0,41.13746989,-87.86205334,17091.0,1705.7763375871548,3.6819637139807897,1805,1857,69,0,1788,1829,110024,17,0,0,17,28
2020-08-15,US,Illinois,Kendall,1458,23,0,41.59081014,-88.42869583,17093.0,1130.3201798589039,1.5775034293552812,1435,1443,23,0,1420,1431,127915,15,0,0,15,12
2020-08-15,US,Illinois,Knox,351,1,0,40.93148779,-90.21330340000002,17095.0,706.2516348417473,0.2849002849002849,350,344,1,0,343,331,50112,7,0,0,7,13
2020-08-15,US,Illinois,LaSalle,932,29,0,41.34426129999999,-88.88633881,17099.0,857.6502958525432,3.1115879828326185,903,910,28,0,882,878,109430,22,1,0,21,32
2020-08-15,US,Illinois,Lake,13231,450,0,42.3224907,-88.00367925,17097.0,1899.545607901972,3.4011034691255384,12781,13144,450,0,12694,13047,700832,87,0,0,87,97
2020-08-15,US,Illinois,Lawrence,58,0,0,38.71987914,-87.72884035,17101.0,369.945146064549,0.0,58,55,0,0,55,52,15765,3,0,0,3,3
2020-08-15,US,Illinois,Lee,192,1,0,41.74583951,-89.29977132,17103.0,563.1159080244017,0.5208333333333334,191,191,1,0,190,186,34223,1,0,0,1,5
2020-08-15,US,Illinois,Livingston,143,3,0,40.89188292,-88.55784752,17105.0,401.1445242369838,2.097902097902098,140,140,3,0,137,134,35761,3,0,0,3,6
2020-08-15,US,Illinois,Logan,190,1,0,40.12581572,-89.36638784,17107.0,663.9178139632402,0.5263157894736842,189,187,1,0,186,179,28925,3,0,0,3,8
2020-08-15,US,Illinois,Macon,741,23,0,39.86064913,-88.96342505,17115.0,712.4383466815373,3.10391363022942,718,721,23,0,698,702,104712,20,0,0,20,19
2020-08-15,US,Illinois,Macoupin,235,3,0,39.26119767,-89.92424028,17117.0,523.0824021724613,1.2765957446808511,232,222,3,0,219,209,45313,13,0,0,13,13
2020-08-15,US,Illinois,Madison,3051,85,0,38.83042506,-89.90422563,17119.0,1160.2260368260534,2.785971812520485,2966,2969,85,0,2884,2855,264461,82,0,0,82,114
2020-08-15,US,Illinois,Marion,179,0,0,38.64963204,-88.91899208,17121.0,481.11812928369835,0.0,179,172,0,0,172,168,37620,7,0,0,7,4
2020-08-15,US,Illinois,Marshall,35,0,0,41.0327901,-89.34510444,17123.0,305.9975520195838,0.0,35,35,0,0,35,33,11534,0,0,0,0,2
2020-08-15,US,Illinois,Mason,62,0,0,40.23917274,-89.91824452,17125.0,464.1065948050004,0.0,62,60,0,0,60,58,13565,2,0,0,2,2
2020-08-15,US,Illinois,Massac,43,0,0,37.22078441,-88.71036614,17127.0,312.22770839384265,0.0,43,43,0,0,43,43,14080,0,0,0,0,0
2020-08-15,US,Illinois,McDonough,155,15,0,40.45674722,-90.67775541,17109.0,522.2020079509466,9.677419354838712,140,149,15,0,134,147,29955,6,0,0,6,2
2020-08-15,US,Illinois,McHenry,3364,114,0,42.32451172,-88.45248227,17111.0,1093.0098058965343,3.3888228299643286,3250,3335,114,0,3221,3308,308570,29,0,0,29,27
2020-08-15,US,Illinois,McLean,756,15,0,40.48996987,-88.84621113,17113.0,440.772634782558,1.984126984126984,741,730,15,0,715,703,172828,26,0,0,26,27
2020-08-15,US,Illinois,Menard,61,0,0,40.02742725,-89.80246001,17129.0,500.1639881928501,0.0,61,60,0,0,60,58,12288,1,0,0,1,2
2020-08-15,US,Illinois,Mercer,78,4,0,41.20596782,-90.74290052,17131.0,505.27952322342423,5.128205128205129,74,76,4,0,72,77,15601,2,0,0,2,-1
2020-08-15,US,Illinois,Monroe,353,13,0,38.27594376,-90.17761038,17133.0,1019.1413806045558,3.68271954674221,340,339,13,0,326,334,34335,14,0,0,14,5
2020-08-15,US,Illinois,Montgomery,183,7,0,39.23198845,-89.47809254,17135.0,644.0487083831914,3.8251366120218577,176,179,7,0,172,175,28601,4,0,0,4,4
2020-08-15,US,Illinois,Morgan,368,9,0,39.71654544,-90.20255104,17137.0,1093.350763562897,2.4456521739130435,359,353,9,0,344,291,33976,15,0,0,15,62
2020-08-15,US,Illinois,Moultrie,105,0,0,39.64187451,-88.62099969,17139.0,724.087993931453,0.0,105,103,0,0,103,100,14717,2,0,0,2,3
2020-08-15,US,Illinois,Ogle,432,5,0,42.04165196,-89.32184679,17141.0,853.0300337657721,1.1574074074074074,427,429,5,0,424,421,50923,3,0,0,3,8
2020-08-15,US,Illinois,Peoria,1866,37,0,40.78702156,-89.76078901,17143.0,1041.4166838747844,1.9828510182207928,1829,1807,37,0,1770,1758,180621,59,0,0,59,49
2020-08-15,US,Illinois,Perry,198,3,0,38.08510853,-89.36856219,17145.0,946.6437177280553,1.5151515151515151,195,193,3,0,190,193,21174,5,0,0,5,0
2020-08-15,US,Illinois,Piatt,67,0,0,40.01360584,-88.59319339,17147.0,409.9363680861479,0.0,67,66,0,0,66,65,16396,1,0,0,1,1
2020-08-15,US,Illinois,Pike,33,0,0,39.62265059,-90.8877017,17149.0,212.0686331212647,0.0,33,32,0,0,32,30,15611,1,0,0,1,2
2020-08-15,US,Illinois,Pope,11,0,0,37.41391284,-88.56152109,17151.0,263.3468996887718,0.0,11,11,0,0,11,11,4212,0,0,0,0,0
2020-08-15,US,Illinois,Pulaski,101,1,0,37.22631423,-89.13085001,17153.0,1893.1583880037488,0.99009900990099,100,101,1,0,100,101,5463,0,0,0,0,0
2020-08-15,US,Illinois,Putnam,13,0,0,41.2013541,-89.2869272,17155.0,226.5202997037812,0.0,13,13,0,0,13,13,5740,0,0,0,0,0
2020-08-15,US,Illinois,Randolph,505,7,0,38.05095369,-89.82512254,17157.0,1588.9497199672771,1.3861386138613858,498,497,7,0,490,495,32106,8,0,0,8,2
2020-08-15,US,Illinois,Richland,31,0,0,38.71240969,-88.08475366,17159.0,199.83239863340424,0.0,31,24,0,0,24,24,15763,7,0,0,7,0
2020-08-15,US,Illinois,Rock Island,1850,39,0,41.46613806,-90.57042164,17161.0,1303.9279949816396,2.108108108108108,1811,1831,38,0,1793,1796,143477,19,1,0,18,35
2020-08-15,US,Illinois,Saline,137,2,0,37.75332999,-88.54119706,17165.0,583.2020773913414,1.45985401459854,135,136,2,0,134,134,23906,1,0,0,1,2
2020-08-15,US,Illinois,Sangamon,1422,35,0,39.75836914,-89.65872023,17167.0,730.4594394674118,2.461322081575246,1387,1391,35,0,1356,1345,195348,31,0,0,31,46
2020-08-15,US,Illinois,Schuyler,18,0,0,40.157179799999994,-90.61114163,17169.0,265.9574468085106,0.0,18,18,0,0,18,19,6907,0,0,0,0,-1
2020-08-15,US,Illinois,Scott,35,0,0,39.642916899999996,-90.47814431,17171.0,706.9278933548778,0.0,35,32,0,0,32,28,4926,3,0,0,3,4
2020-08-15,US,Illinois,Shelby,101,2,0,39.39133527,-88.80611122,17173.0,466.8577239530369,1.98019801980198,99,94,2,0,92,92,21741,7,0,0,7,2
2020-08-15,US,Illinois,St. Clair,4370,162,0,38.46996033,-89.93063427,17163.0,1682.8015372411294,3.7070938215102975,4208,4289,162,0,4127,4215,261059,81,0,0,81,74
2020-08-15,US,Illinois,Stark,7,0,0,41.09309773,-89.79745866,17175.0,131.03706476974915,0.0,7,7,0,0,7,7,5427,0,0,0,0,0
2020-08-15,US,Illinois,Stephenson,342,6,0,42.35129217,-89.662598,17177.0,768.5738684884714,1.7543859649122806,336,340,6,0,334,336,44753,2,0,0,2,4
2020-08-15,US,Illinois,Tazewell,671,9,0,40.50716185,-89.51404662,17179.0,509.09311624166367,1.3412816691505216,662,653,9,0,644,612,132328,18,0,0,18,41
2020-08-15,US,Illinois,Unassigned,1368,211,0,0.0,0.0,90017.0,0.0,15.423976608187134,1157,1381,211,0,1170,1382,,-13,0,0,-13,-1
2020-08-15,US,Illinois,Union,344,23,0,37.47119609,-89.25548938,17181.0,2065.6938689725575,6.686046511627908,321,339,23,0,316,337,16841,5,0,0,5,2
2020-08-15,US,Illinois,Vermilion,264,2,0,40.18417171,-87.73384359,17183.0,348.47804852292825,0.7575757575757576,262,259,2,0,257,257,76806,5,0,0,5,2
2020-08-15,US,Illinois,Wabash,58,0,0,38.44272901,-87.84922065,17185.0,503.47222222222223,0.0,58,49,0,0,49,44,11549,9,0,0,9,5
2020-08-15,US,Illinois,Warren,199,0,0,40.84925021,-90.6147432,17187.0,1181.429589171218,0.0,199,196,0,0,196,196,17032,3,0,0,3,0
2020-08-15,US,Illinois,Washington,73,1,0,38.35309213,-89.40982703,17189.0,525.6714913228199,1.3698630136986298,72,69,1,0,68,69,13995,4,0,0,4,0
2020-08-15,US,Illinois,Wayne,73,2,0,38.42955355,-88.42586459,17191.0,450.2004316990441,2.7397260273972597,71,72,2,0,70,67,16332,1,0,0,1,5
2020-08-15,US,Illinois,White,80,0,0,38.08706198,-88.17657461,17193.0,590.9728891187118,0.0,80,80,0,0,80,75,13665,0,0,0,0,5
2020-08-15,US,Illinois,Whiteside,388,17,0,41.75509713,-89.91556058,17195.0,703.2170367014046,4.3814432989690735,371,384,17,0,367,368,55626,4,0,0,4,16
2020-08-15,US,Illinois,Will,9804,348,0,41.44619267,-87.97862712,17197.0,1419.3412021547808,3.5495716034271725,9456,9692,348,0,9344,9576,692310,112,0,0,112,116
2020-08-15,US,Illinois,Williamson,512,7,0,37.73033511,-88.92994027,17199.0,768.8033995525324,1.3671875,505,499,7,0,492,477,67056,13,0,0,13,22
2020-08-15,US,Illinois,Winnebago,3853,134,0,42.33641854,-89.16085327,17201.0,1363.5462820095406,3.477809499091617,3719,3835,134,0,3701,3814,284081,18,0,0,18,21
2020-08-15,US,Illinois,Woodford,184,3,0,40.78579374,-89.20973757,17203.0,478.4315764840479,1.6304347826086956,181,171,3,0,168,172,38463,13,0,0,13,-1
2020-08-15,US,Indiana,Adams,132,2,0,40.7457653,-84.93671406,18001.0,368.95212007714446,1.5151515151515151,130,124,2,0,122,120,35636,8,0,0,8,4
2020-08-15,US,Indiana,Allen,4225,166,0,41.09194313,-85.06800636,18003.0,1113.8969520088374,3.9289940828402368,4059,4161,164,0,3997,4103,375351,64,2,0,62,58
2020-08-15,US,Indiana,Bartholomew,888,47,0,39.20744865,-85.89558181,18005.0,1059.9314864106757,5.292792792792793,841,867,47,0,820,844,82753,21,0,0,21,23
2020-08-15,US,Indiana,Benton,68,0,0,40.60626947,-87.31093999,18007.0,777.3205304069502,0.0,68,64,0,0,64,63,8653,4,0,0,4,1
2020-08-15,US,Indiana,Blackford,66,2,0,40.47388153,-85.32499702,18009.0,561.3199523728525,3.0303030303030303,64,66,2,0,64,66,11930,0,0,0,0,0
2020-08-15,US,Indiana,Boone,726,46,0,40.0509304,-86.46841646,18011.0,1070.1177719145674,6.336088154269973,680,716,46,0,670,704,66999,10,0,0,10,12
2020-08-15,US,Indiana,Brown,78,2,0,39.19605589,-86.22868909,18013.0,516.8301086668433,2.5641025641025643,76,76,2,0,74,75,15234,2,0,0,2,1
2020-08-15,US,Indiana,Carroll,225,6,0,40.580783200000006,-86.56198812,18015.0,1110.7271560448241,2.6666666666666665,219,213,5,0,208,203,20127,12,1,0,11,10
2020-08-15,US,Indiana,Cass,1818,9,0,40.76135835,-86.34830753,18017.0,4823.688609408579,0.4950495049504951,1809,1813,9,0,1804,1809,37955,5,0,0,5,4
2020-08-15,US,Indiana,Clark,1385,50,0,38.48015445,-85.70510334,18019.0,1170.7325319943873,3.610108303249097,1335,1352,50,0,1302,1333,117360,33,0,0,33,19
2020-08-15,US,Indiana,Clay,163,5,0,39.39561833,-87.11723506,18021.0,621.5443279313632,3.0674846625766867,158,150,5,0,145,141,26170,13,0,0,13,9
2020-08-15,US,Indiana,Clinton,474,4,0,40.30319754,-86.47277257,18023.0,1463.0081175344915,0.8438818565400844,470,462,4,0,458,456,32250,12,0,0,12,6
2020-08-15,US,Indiana,Crawford,52,0,0,38.28814402,-86.44518825,18025.0,491.6327881251773,0.0,52,50,0,0,50,48,10558,2,0,0,2,2
2020-08-15,US,Indiana,Daviess,309,20,0,38.70186039,-87.07185406,18027.0,926.508950256364,6.472491909385114,289,296,20,0,276,284,33147,13,0,0,13,12
2020-08-15,US,Indiana,DeKalb,250,4,0,41.39804622,-84.99906934,18033.0,575.0431282346176,1.6,246,244,4,0,240,242,43226,6,0,0,6,2
2020-08-15,US,Indiana,Dearborn,533,28,0,39.14647946,-84.97333539,18029.0,1077.6820736786772,5.25328330206379,505,528,28,0,500,522,49568,5,0,0,5,6
2020-08-15,US,Indiana,Decatur,358,32,0,39.30712658,-85.50087166,18031.0,1347.942317105313,8.938547486033519,326,353,32,0,321,347,26794,5,0,0,5,6
2020-08-15,US,Indiana,Delaware,796,53,0,40.22787247,-85.39732772,18035.0,697.4197222587288,6.658291457286433,743,777,52,0,725,768,114772,19,1,0,18,9
2020-08-15,US,Indiana,Dubois,741,13,0,38.36597551,-86.87924170000002,18037.0,1733.9011606140025,1.7543859649122806,728,729,12,0,717,718,42565,12,1,0,11,11
2020-08-15,US,Indiana,Elkhart,5102,92,0,41.59761169,-85.85875695,18039.0,2472.6060259473397,1.8032144257154057,5010,5051,91,0,4960,4992,205560,51,1,0,50,59
2020-08-15,US,Indiana,Fayette,215,7,0,39.63684962,-85.17797541,18041.0,930.6553545147606,3.255813953488372,208,209,7,0,202,205,23047,6,0,0,6,4
2020-08-15,US,Indiana,Floyd,877,50,0,38.32117957,-85.90385377,18043.0,1116.884440029546,5.701254275940706,827,861,50,0,811,837,77781,16,0,0,16,24
2020-08-15,US,Indiana,Fountain,76,2,0,40.12361933,-87.24217689,18045.0,464.9455524287287,2.631578947368421,74,76,2,0,74,76,16351,0,0,0,0,0
2020-08-15,US,Indiana,Franklin,253,19,0,39.4142482,-85.06062647,18047.0,1111.696985675367,7.509881422924901,234,251,16,0,235,249,22736,2,3,0,-1,2
2020-08-15,US,Indiana,Fulton,177,2,0,41.0469907,-86.26252745,18049.0,886.1519975968761,1.1299435028248588,175,175,2,0,173,174,20092,2,0,0,2,1
2020-08-15,US,Indiana,Gibson,246,4,0,38.30393723,-87.58054938,18051.0,730.8595026590212,1.6260162601626016,242,246,4,0,242,243,33452,0,0,0,0,3
2020-08-15,US,Indiana,Grant,538,30,0,40.51587228,-85.65468702,18053.0,818.0145661329808,5.5762081784386615,508,533,30,0,503,532,65936,5,0,0,5,1
2020-08-15,US,Indiana,Greene,263,34,0,39.03630547,-86.96223202,18055.0,823.883215337385,12.927756653992395,229,259,34,0,225,256,32006,4,0,0,4,3
2020-08-15,US,Indiana,Hamilton,3103,105,0,40.07306535,-86.05244729,18057.0,918.0174609702052,3.3838221076377697,2998,3033,104,0,2929,2941,330086,70,1,0,69,92
2020-08-15,US,Indiana,Hancock,711,40,0,39.82304555,-85.77566351,18059.0,909.5793675161192,5.625879043600564,671,702,39,0,663,694,76351,9,1,0,8,8
2020-08-15,US,Indiana,Harrison,372,24,0,38.19467379,-86.10948271,18061.0,918.1784524250278,6.451612903225807,348,365,24,0,341,355,40350,7,0,0,7,10
2020-08-15,US,Indiana,Hendricks,1996,109,0,39.76719009,-86.51037283,18063.0,1171.9736247218325,5.460921843687375,1887,1978,109,0,1869,1972,167009,18,0,0,18,6
2020-08-15,US,Indiana,Henry,502,21,0,39.93029017,-85.39625719,18065.0,1046.4437588593346,4.183266932270916,481,467,20,0,447,460,48271,35,1,0,34,7
2020-08-15,US,Indiana,Howard,965,65,0,40.48527731,-86.11351892,18067.0,1169.0734638495833,6.735751295336788,900,948,65,0,883,938,82366,17,0,0,17,10
2020-08-15,US,Indiana,Huntington,131,3,0,40.82907273,-85.48822092,18069.0,358.7075575027382,2.2900763358778624,128,130,3,0,127,130,36240,1,0,0,1,0
2020-08-15,US,Indiana,Jackson,621,5,0,38.90915820000001,-86.03851889,18071.0,1403.992674820827,0.8051529790660226,616,607,5,0,602,606,44111,14,0,0,14,1
2020-08-15,US,Indiana,Jasper,270,2,0,41.02078733,-87.11553319,18073.0,804.4812585662356,0.7407407407407407,268,266,2,0,264,259,33370,4,0,0,4,7
2020-08-15,US,Indiana,Jay,99,0,0,40.43781032,-85.00576229,18075.0,484.4392248972402,0.0,99,97,0,0,97,94,20764,2,0,0,2,3
2020-08-15,US,Indiana,Jefferson,180,2,0,38.78576239,-85.43633383,18077.0,557.1375510709422,1.1111111111111112,178,175,2,0,173,172,32208,5,0,0,5,3
2020-08-15,US,Indiana,Jennings,235,12,0,38.99588883,-85.62710784,18079.0,847.304849468181,5.1063829787234045,223,233,12,0,221,232,27611,2,0,0,2,1
2020-08-15,US,Indiana,Johnson,1833,119,0,39.48994426,-86.10149107,18081.0,1158.901667225148,6.492089470812875,1714,1819,119,0,1700,1800,156225,14,0,0,14,19
2020-08-15,US,Indiana,Knox,184,2,0,38.68861576,-87.4194665,18083.0,502.8146690714325,1.0869565217391304,182,171,1,0,170,168,36895,13,1,0,12,3
2020-08-15,US,Indiana,Kosciusko,881,12,0,41.24521668,-85.86312322,18085.0,1108.789770438985,1.362088535754824,869,878,12,0,866,872,79344,3,0,0,3,6
2020-08-15,US,Indiana,LaGrange,572,10,0,41.64232188,-85.42674232,18087.0,1443.9339627404456,1.7482517482517483,562,571,10,0,561,569,39330,1,0,0,1,2
2020-08-15,US,Indiana,LaPorte,979,30,0,41.54366008,-86.74072188,18091.0,890.907105416424,3.0643513789581207,949,967,30,0,937,957,110007,12,0,0,12,10
2020-08-15,US,Indiana,Lake,8032,283,0,41.41874274,-87.38277575,18089.0,1654.400784357344,3.5234063745019917,7749,7952,283,0,7669,7840,484411,80,0,0,80,112
2020-08-15,US,Indiana,Lawrence,362,27,0,38.84112637,-86.48361629,18093.0,797.8840643597093,7.458563535911603,335,359,27,0,332,358,45668,3,0,0,3,1
2020-08-15,US,Indiana,Madison,1079,66,0,40.16143691,-85.71964711,18095.0,832.7609227515843,6.1167747914735875,1013,1062,66,0,996,1048,129641,17,0,0,17,14
2020-08-15,US,Indiana,Marion,16539,735,0,39.78163624,-86.13826325,18097.0,1714.6287200051422,4.4440413567930355,15804,16437,734,0,15703,16304,954670,102,1,0,101,133
2020-08-15,US,Indiana,Marshall,807,23,0,41.32467367,-86.26185087,18099.0,1744.5631025984696,2.850061957868649,784,805,23,0,782,801,46248,2,0,0,2,4
2020-08-15,US,Indiana,Martin,54,0,0,38.7099921,-86.80373186,18101.0,526.5724037055095,0.0,54,53,0,0,53,50,10217,1,0,0,1,3
2020-08-15,US,Indiana,Miami,284,2,0,40.76940965,-86.04525048,18103.0,799.6395990539476,0.7042253521126759,282,279,2,0,277,279,35567,5,0,0,5,0
2020-08-15,US,Indiana,Monroe,794,32,0,39.16130004,-86.52414358,18105.0,534.9286874035747,4.030226700251888,762,784,32,0,752,777,146917,10,0,0,10,7
2020-08-15,US,Indiana,Montgomery,368,21,0,40.04034823,-86.89335024,18107.0,959.88314466065,5.706521739130435,347,367,21,0,346,363,38346,1,0,0,1,4
2020-08-15,US,Indiana,Morgan,505,35,0,39.47899078,-86.44573375,18109.0,716.4238391805814,6.9306930693069315,470,501,35,0,466,492,70116,4,0,0,4,9
2020-08-15,US,Indiana,Newton,122,10,0,40.95610449,-87.39635768,18111.0,872.4256292906176,8.196721311475411,112,121,10,0,111,121,14011,1,0,0,1,0
2020-08-15,US,Indiana,Noble,724,29,0,41.39672484,-85.41966713,18113.0,1516.42091152815,4.0055248618784525,695,717,29,0,688,708,47532,7,0,0,7,9
2020-08-15,US,Indiana,Ohio,64,6,0,38.955304999999996,-84.96515993,18115.0,1089.3617021276596,9.375,58,63,6,0,57,65,5844,1,0,0,1,-2
2020-08-15,US,Indiana,Orange,190,24,0,38.54118920000001,-86.49523093,18117.0,967.117988394584,12.63157894736842,166,188,24,0,164,179,19489,2,0,0,2,9
2020-08-15,US,Indiana,Owen,114,1,0,39.31145587,-86.83900724,18119.0,548.1032741958747,0.8771929824561403,113,113,1,0,112,110,20845,1,0,0,1,3
2020-08-15,US,Indiana,Parke,60,1,0,39.77202286,-87.20375833,18121.0,354.25400011808466,1.6666666666666667,59,58,1,0,57,59,16927,2,0,0,2,-1
2020-08-15,US,Indiana,Perry,191,13,0,38.07809328,-86.63741946,18123.0,996.4004382075226,6.806282722513089,178,189,13,0,176,188,19102,2,0,0,2,1
2020-08-15,US,Indiana,Pike,73,0,0,38.40112197,-87.23574907,18125.0,589.2323835660667,0.0,73,67,0,0,67,66,12410,6,0,0,6,1
2020-08-15,US,Indiana,Porter,1438,39,0,41.45986947,-87.06848888,18127.0,843.9511940324786,2.7121001390820583,1399,1415,39,0,1376,1391,169594,23,0,0,23,24
2020-08-15,US,Indiana,Posey,186,0,0,38.02097333,-87.86480429,18129.0,731.5058795768277,0.0,186,184,0,0,184,181,25540,2,0,0,2,3
2020-08-15,US,Indiana,Pulaski,85,1,0,41.04166107,-86.69890683,18131.0,688.0919614668503,1.1764705882352942,84,84,1,0,83,84,12469,1,0,0,1,0
2020-08-15,US,Indiana,Putnam,340,8,0,39.66437981,-86.84517605,18133.0,904.8328720459867,2.3529411764705883,332,331,8,0,323,328,37779,9,0,0,9,3
2020-08-15,US,Indiana,Randolph,134,5,0,40.15734772,-85.01139319,18135.0,543.2799513480642,3.7313432835820897,129,134,5,0,129,132,24851,0,0,0,0,2
2020-08-15,US,Indiana,Ripley,223,8,0,39.10235626,-85.26212744,18137.0,787.318175398955,3.5874439461883414,215,221,8,0,213,220,28523,2,0,0,2,1
2020-08-15,US,Indiana,Rush,101,4,0,39.62002287,-85.4655599,18139.0,609.1309329955974,3.96039603960396,97,100,4,0,96,91,16663,1,0,0,1,9
2020-08-15,US,Indiana,Scott,287,10,0,38.68672078,-85.74627859,18143.0,1202.1949482679174,3.484320557491289,277,281,10,0,271,278,23878,6,0,0,6,3
2020-08-15,US,Indiana,Shelby,580,28,0,39.52305623,-85.79158570000001,18145.0,1296.6978917480828,4.827586206896552,552,573,28,0,545,572,44593,7,0,0,7,1
2020-08-15,US,Indiana,Spencer,140,3,0,38.01519732,-87.0079644,18147.0,690.4374414361099,2.142857142857143,137,140,3,0,137,139,20327,0,0,0,0,1
2020-08-15,US,Indiana,St. Joseph,3808,83,0,41.61756781,-86.29040834,18141.0,1400.8961615150868,2.179621848739496,3725,3766,83,0,3683,3681,270771,42,0,0,42,85
2020-08-15,US,Indiana,Starke,184,7,0,41.27890281,-86.64686895,18149.0,800.1739508588823,3.804347826086957,177,181,7,0,174,181,22935,3,0,0,3,0
2020-08-15,US,Indiana,Steuben,222,3,0,41.64423868,-85.00101094,18151.0,641.7297797305891,1.351351351351351,219,217,3,0,214,217,34586,5,0,0,5,0
2020-08-15,US,Indiana,Sullivan,173,1,0,39.08952258,-87.41414469,18153.0,837.0022739368138,0.5780346820809249,172,163,1,0,162,152,20690,10,0,0,10,11
2020-08-15,US,Indiana,Switzerland,59,0,0,38.82767338,-85.03022429,18155.0,548.7861594270299,0.0,59,59,0,0,59,56,10717,0,0,0,0,3
2020-08-15,US,Indiana,Tippecanoe,1316,12,0,40.38872739,-86.89413959,18157.0,672.3479042772768,0.9118541033434652,1304,1293,12,0,1281,1263,193048,23,0,0,23,30
2020-08-15,US,Indiana,Tipton,160,17,0,40.31123252,-86.05234925,18159.0,1056.2450488513334,10.625,143,155,16,0,139,154,15128,5,1,0,4,1
2020-08-15,US,Indiana,Unassigned,0,207,0,0.0,0.0,90018.0,0.0,0.0,-207,0,207,0,-207,0,,0,0,0,0,0
2020-08-15,US,Indiana,Union,42,0,0,39.62550777,-84.92497066,18161.0,595.4068613552595,0.0,42,42,0,0,42,41,7037,0,0,0,0,1
2020-08-15,US,Indiana,Vanderburgh,2149,15,0,38.02658833,-87.58763124,18163.0,1184.3417782211175,0.6979990693345742,2134,2122,15,0,2107,2082,180974,27,0,0,27,40
2020-08-15,US,Indiana,Vermillion,64,0,0,39.8523352,-87.46160542,18165.0,412.9565105174862,0.0,64,62,0,0,62,61,15479,2,0,0,2,1
2020-08-15,US,Indiana,Vigo,812,13,0,39.42944561,-87.39169027,18167.0,758.6090920981334,1.6009852216748768,799,779,13,0,766,752,107386,33,0,0,33,27
2020-08-15,US,Indiana,Wabash,182,5,0,40.84704239,-85.79328272,18169.0,587.1725383920508,2.7472527472527477,177,180,5,0,175,179,31280,2,0,0,2,1
2020-08-15,US,Indiana,Warren,25,1,0,40.34728141,-87.35602659,18171.0,302.48033877797945,4.0,24,25,1,0,24,25,8263,0,0,0,0,0
2020-08-15,US,Indiana,Warrick,622,30,0,38.08922676,-87.2716085,18173.0,987.3329312041652,4.823151125401928,592,612,30,0,582,600,62567,10,0,0,10,12
2020-08-15,US,Indiana,Washington,159,1,0,38.60219804,-86.1049363,18175.0,567.1279783135967,0.6289308176100629,158,153,1,0,152,148,27943,6,0,0,6,5
2020-08-15,US,Indiana,Wayne,424,10,0,39.863344399999995,-85.01044989,18177.0,643.5553396879362,2.358490566037736,414,410,10,0,400,402,65936,14,0,0,14,8
2020-08-15,US,Indiana,Wells,180,2,0,40.72934187,-85.22132966,18179.0,636.1323155216285,1.1111111111111112,178,180,2,0,178,178,28206,0,0,0,0,2
2020-08-15,US,Indiana,White,387,11,0,40.74911165,-86.86492015,18181.0,1605.6758775205378,2.842377260981912,376,384,11,0,373,380,24133,3,0,0,3,4
2020-08-15,US,Indiana,Whitley,164,6,0,41.13863784,-85.50791236,18183.0,482.8642091626428,3.6585365853658534,158,162,6,0,156,160,34074,2,0,0,2,2
2020-08-15,US,Iowa,Adair,38,0,0,41.33075609,-94.47105874,19001.0,531.3199105145413,0.0,38,38,0,0,38,38,7063,0,0,0,0,0
2020-08-15,US,Iowa,Adams,17,0,0,41.02903567,-94.69932645,19003.0,471.9600222098833,0.0,17,17,0,0,17,17,3645,0,0,0,0,0
2020-08-15,US,Iowa,Allamakee,163,4,0,43.28383218,-91.37860922,19005.0,1190.9110835099,2.4539877300613497,159,162,4,0,158,158,13832,1,0,0,1,4
2020-08-15,US,Iowa,Appanoose,54,3,0,40.74324454,-92.86865906,19007.0,434.5726702076292,5.5555555555555545,51,53,3,0,50,52,12437,1,0,0,1,1
2020-08-15,US,Iowa,Audubon,30,1,0,41.6844628,-94.90581859,19009.0,545.8515283842795,3.333333333333333,29,30,1,0,29,29,5506,0,0,0,0,1
2020-08-15,US,Iowa,Benton,171,1,0,42.08011739,-92.06463573,19011.0,666.7966465197893,0.5847953216374269,170,164,1,0,163,162,25642,7,0,0,7,2
2020-08-15,US,Iowa,Black Hawk,3284,66,0,42.4704581,-92.30524729,19013.0,2502.514707227116,2.009744214372716,3218,3245,66,0,3179,3200,132408,39,0,0,39,45
2020-08-15,US,Iowa,Boone,289,3,0,42.03657094,-93.9313999,19015.0,1101.6238469162156,1.038062283737024,286,278,3,0,275,272,26346,11,0,0,11,6
2020-08-15,US,Iowa,Bremer,243,7,0,42.77461496,-92.31795937,19017.0,969.5954033995688,2.8806584362139915,236,240,7,0,233,233,24947,3,0,0,3,7
2020-08-15,US,Iowa,Buchanan,146,1,0,42.4709188,-91.83510825,19019.0,689.4923258559622,0.6849315068493149,145,140,1,0,139,135,21199,6,0,0,6,5
2020-08-15,US,Iowa,Buena Vista,1802,12,0,42.73545875,-95.15100162,19021.0,9184.505606523957,0.6659267480577137,1790,1801,12,0,1789,1800,19874,1,0,0,1,1
2020-08-15,US,Iowa,Butler,138,2,0,42.73172833,-92.79015971,19023.0,955.7448576771243,1.4492753623188406,136,133,2,0,131,131,14539,5,0,0,5,2
2020-08-15,US,Iowa,Calhoun,93,2,0,42.38521079,-94.64046046,19025.0,961.9362846503932,2.150537634408602,91,92,2,0,90,87,9699,1,0,0,1,5
2020-08-15,US,Iowa,Carroll,222,2,0,42.03617207,-94.86032705,19027.0,1100.9174311926606,0.9009009009009008,220,208,2,0,206,201,20154,14,0,0,14,7
2020-08-15,US,Iowa,Cass,94,2,0,41.33149454,-94.92792482,19029.0,732.3153630414461,2.127659574468085,92,90,1,0,89,87,12930,4,1,0,3,3
2020-08-15,US,Iowa,Cedar,137,1,0,41.77233777,-91.13246684,19031.0,735.4914908466205,0.7299270072992701,136,136,1,0,135,135,18627,1,0,0,1,1
2020-08-15,US,Iowa,Cerro Gordo,678,19,0,43.08177563,-93.2612239,19033.0,1597.173144876325,2.8023598820059004,659,671,19,0,652,656,42647,7,0,0,7,15
2020-08-15,US,Iowa,Cherokee,112,1,0,42.73538914,-95.62389402,19035.0,996.8847352024924,0.8928571428571429,111,110,1,0,109,110,11321,2,0,0,2,0
2020-08-15,US,Iowa,Chickasaw,66,0,0,43.06001295,-92.31773347,19037.0,553.0880750858962,0.0,66,62,0,0,62,60,11964,4,0,0,4,2
2020-08-15,US,Iowa,Clarke,211,3,0,41.02868181,-93.78499767,19039.0,2245.875465673231,1.4218009478672986,208,210,3,0,207,206,9423,1,0,0,1,4
2020-08-15,US,Iowa,Clay,212,1,0,43.08247182,-95.15096481,19041.0,1323.6763236763236,0.4716981132075472,211,210,1,0,209,202,16134,2,0,0,2,8
2020-08-15,US,Iowa,Clayton,118,3,0,42.84443388,-91.34133693,19043.0,672.402985925124,2.5423728813559316,115,116,3,0,113,109,17556,2,0,0,2,7
2020-08-15,US,Iowa,Clinton,473,4,0,41.89981633,-90.53275096,19045.0,1018.7598268323676,0.8456659619450317,469,450,4,0,446,434,46518,23,0,0,23,16
2020-08-15,US,Iowa,Crawford,753,3,0,42.03718237,-95.3819718,19047.0,4476.813317479191,0.398406374501992,750,743,3,0,740,739,17158,10,0,0,10,4
2020-08-15,US,Iowa,Dallas,1986,35,0,41.68560356,-94.04127625,19049.0,2125.132419504992,1.7623363544813695,1951,1951,35,0,1916,1932,90180,35,0,0,35,19
2020-08-15,US,Iowa,Davis,62,2,0,40.74773536,-92.41005468,19051.0,688.8888888888887,3.2258064516129035,60,62,2,0,60,61,9017,0,0,0,0,1
2020-08-15,US,Iowa,Decatur,29,0,0,40.73742757,-93.78645949,19053.0,368.4879288437104,0.0,29,28,0,0,28,27,7890,1,0,0,1,1
2020-08-15,US,Iowa,Delaware,131,1,0,42.47104597,-91.3664492,19055.0,770.0899418023632,0.7633587786259542,130,129,1,0,128,123,17069,2,0,0,2,6
2020-08-15,US,Iowa,Des Moines,242,2,0,40.92012606,-91.18326592,19057.0,621.0383144712192,0.8264462809917356,240,226,2,0,224,199,39138,16,0,0,16,27
2020-08-15,US,Iowa,Dickinson,389,4,0,43.37787725,-95.1510206,19059.0,2254.0271178583844,1.0282776349614395,385,387,4,0,383,384,17153,2,0,0,2,3
2020-08-15,US,Iowa,Dubuque,1795,31,0,42.46815349,-90.88181925,19061.0,1844.6013297571703,1.7270194986072422,1764,1770,31,0,1739,1734,96854,25,0,0,25,36
2020-08-15,US,Iowa,Emmet,198,4,0,43.37782951,-94.67858943,19063.0,2150.3040834057338,2.0202020202020203,194,197,4,0,193,193,9253,1,0,0,1,4
2020-08-15,US,Iowa,Fayette,99,0,0,42.86271799,-91.84412309999999,19065.0,503.8167938931298,0.0,99,96,0,0,96,90,19660,3,0,0,3,6
2020-08-15,US,Iowa,Floyd,177,3,0,43.06000529999999,-92.78940097,19067.0,1131.5688530878406,1.6949152542372878,174,175,3,0,172,167,15761,2,0,0,2,8
2020-08-15,US,Iowa,Franklin,265,13,0,42.73270384,-93.26256925,19069.0,2631.578947368421,4.90566037735849,252,259,12,0,247,255,10124,6,1,0,5,4
2020-08-15,US,Iowa,Fremont,45,0,0,40.74542720000001,-95.60129045,19071.0,646.5517241379309,0.0,45,45,0,0,45,45,6993,0,0,0,0,0
2020-08-15,US,Iowa,Greene,42,0,0,42.03614551,-94.39658081,19073.0,472.54725472547256,0.0,42,42,0,0,42,42,8981,0,0,0,0,0
2020-08-15,US,Iowa,Grundy,89,1,0,42.40183723,-92.78829551,19075.0,727.5997383911052,1.1235955056179776,88,86,1,0,85,83,12304,3,0,0,3,3
2020-08-15,US,Iowa,Guthrie,146,5,0,41.68378965,-94.50111014,19077.0,1365.8901674618767,3.4246575342465757,141,142,5,0,137,138,10720,4,0,0,4,4
2020-08-15,US,Iowa,Hamilton,258,1,0,42.38382428,-93.70197703,19079.0,1746.4292966899072,0.3875968992248062,257,256,1,0,255,255,14952,2,0,0,2,1
2020-08-15,US,Iowa,Hancock,126,2,0,43.08178477,-93.73454884,19081.0,1185.324553151458,1.5873015873015872,124,125,2,0,123,124,10712,1,0,0,1,1
2020-08-15,US,Iowa,Hardin,193,0,0,42.38353877,-93.23654611,19083.0,1145.6725632197556,0.0,193,189,0,0,189,186,16868,4,0,0,4,3
2020-08-15,US,Iowa,Harrison,116,1,0,41.68330137,-95.81558439,19085.0,825.6815431703324,0.8620689655172413,115,116,1,0,115,113,14134,0,0,0,0,3
2020-08-15,US,Iowa,Henry,148,4,0,40.98767962,-91.54436349,19087.0,741.7059236243359,2.702702702702702,144,146,4,0,142,140,20067,2,0,0,2,6
2020-08-15,US,Iowa,Howard,56,0,0,43.35671042,-92.31702714,19089.0,611.4872242847782,0.0,56,55,0,0,55,51,9187,1,0,0,1,4
2020-08-15,US,Iowa,Humboldt,133,1,0,42.7764426,-94.20722537,19091.0,1391.5044988491316,0.7518796992481203,132,127,1,0,126,124,9547,6,0,0,6,3
2020-08-15,US,Iowa,Ida,33,0,0,42.38696136,-95.51355387,19093.0,481.04956268221565,0.0,33,33,0,0,33,33,6841,0,0,0,0,0
2020-08-15,US,Iowa,Iowa,99,1,0,41.68630265,-92.0643373,19095.0,611.7152743450323,1.0101010101010102,98,98,1,0,97,98,16141,1,0,0,1,0
2020-08-15,US,Iowa,Jackson,169,1,0,42.17178824,-90.57354837,19097.0,869.386285302742,0.591715976331361,168,167,1,0,166,160,19432,2,0,0,2,7
2020-08-15,US,Iowa,Jasper,495,28,0,41.68576082,-93.05567785,19099.0,1331.1819281968535,5.656565656565657,467,490,28,0,462,484,37147,5,0,0,5,6
2020-08-15,US,Iowa,Jefferson,91,0,0,41.03192394,-91.94849466,19101.0,497.4036622027877,0.0,91,89,0,0,89,87,18381,2,0,0,2,2
2020-08-15,US,Iowa,Johnson,2182,21,0,41.67169354,-91.58754744,19103.0,1443.6945877993912,0.9624197983501376,2161,2165,21,0,2144,2138,151260,17,0,0,17,27
2020-08-15,US,Iowa,Jones,136,2,0,42.12118609,-91.13139641,19105.0,657.6084328610802,1.4705882352941178,134,136,2,0,134,135,20744,0,0,0,0,1
2020-08-15,US,Iowa,Keokuk,42,1,0,41.33649833,-92.1785067,19107.0,409.9160648057778,2.380952380952381,41,41,1,0,40,40,10225,1,0,0,1,1
2020-08-15,US,Iowa,Kossuth,103,0,0,43.20405458,-94.20691791,19109.0,695.3351785593735,0.0,103,102,0,0,102,97,14908,1,0,0,1,5
2020-08-15,US,Iowa,Lee,149,5,0,40.64181461,-91.48183025,19111.0,442.7013697002109,3.355704697986577,144,141,5,0,136,129,34055,8,0,0,8,12
2020-08-15,US,Iowa,Linn,2531,89,0,42.07923082,-91.59809485,19113.0,1116.4239146736302,3.5163966811536937,2442,2503,89,0,2414,2456,225909,28,0,0,28,47
2020-08-15,US,Iowa,Louisa,378,14,0,41.21842119,-91.26102611,19115.0,3425.46443135478,3.703703703703704,364,378,14,0,364,378,11169,0,0,0,0,0
2020-08-15,US,Iowa,Lucas,75,4,0,41.02958964,-93.32780803,19117.0,872.0930232558139,5.333333333333333,71,74,4,0,70,73,8645,1,0,0,1,1
2020-08-15,US,Iowa,Lyon,127,2,0,43.38107862,-96.20926845,19119.0,1080.3913228413444,1.5748031496062993,125,124,2,0,122,123,11811,3,0,0,3,1
2020-08-15,US,Iowa,Madison,133,2,0,41.33081904,-94.01554631,19121.0,814.0531276778063,1.5037593984962403,131,130,2,0,128,128,16249,3,0,0,3,2
2020-08-15,US,Iowa,Mahaska,145,17,0,41.33521503,-92.64083907,19123.0,656.2570717356867,11.724137931034482,128,144,17,0,127,142,22000,1,0,0,1,2
2020-08-15,US,Iowa,Marion,198,0,0,41.33445101,-93.09934783,19125.0,595.4349983460139,0.0,198,193,0,0,193,183,33407,5,0,0,5,10
2020-08-15,US,Iowa,Marshall,1494,27,0,42.03586837,-92.99908190000001,19127.0,3794.8639792730323,1.8072289156626504,1467,1475,27,0,1448,1456,39981,19,0,0,19,19
2020-08-15,US,Iowa,Mills,97,1,0,41.03299766,-95.61920963,19129.0,642.0014560857768,1.0309278350515465,96,95,1,0,94,94,15063,2,0,0,2,1
2020-08-15,US,Iowa,Mitchell,83,0,0,43.35638371,-92.78887719,19131.0,784.0544114868692,0.0,83,83,0,0,83,80,10569,0,0,0,0,3
2020-08-15,US,Iowa,Monona,93,1,0,42.05220391,-95.95743843,19133.0,1079.5124782356356,1.075268817204301,92,93,1,0,92,92,8679,0,0,0,0,1
2020-08-15,US,Iowa,Monroe,77,8,0,41.02988815,-92.8690667,19135.0,999.0917347865576,10.389610389610391,69,75,8,0,67,75,7790,2,0,0,2,0
2020-08-15,US,Iowa,Montgomery,64,4,0,41.03018714,-95.15642896,19137.0,645.3564586064334,6.25,60,62,4,0,58,61,10003,2,0,0,2,1
2020-08-15,US,Iowa,Muscatine,887,48,0,41.48370744,-91.11216970000001,19139.0,2079.03618976186,5.411499436302142,839,880,48,0,832,860,42929,7,0,0,7,20
2020-08-15,US,Iowa,O'Brien,147,5,0,43.08310673,-95.62474482,19141.0,1068.8577037737218,3.4013605442176873,142,146,5,0,141,143,13840,1,0,0,1,3
2020-08-15,US,Iowa,Osceola,89,0,0,43.37824276,-95.62422844,19143.0,1493.7898623699227,0.0,89,88,0,0,88,85,6040,1,0,0,1,3
2020-08-15,US,Iowa,Page,101,0,0,40.7393172,-95.1497813,19145.0,668.5642417422388,0.0,101,101,0,0,101,100,15249,0,0,0,0,1
2020-08-15,US,Iowa,Palo Alto,99,0,0,43.08193849,-94.67824621,19147.0,1114.1120864280892,0.0,99,98,0,0,98,91,8929,1,0,0,1,7
2020-08-15,US,Iowa,Plymouth,503,12,0,42.737633,-96.21366621,19149.0,1997.85518528816,2.3856858846918487,491,493,12,0,481,479,25095,10,0,0,10,14
2020-08-15,US,Iowa,Pocahontas,122,2,0,42.73420133,-94.67862564,19151.0,1843.1787279045166,1.639344262295082,120,120,2,0,118,121,6740,2,0,0,2,-1
2020-08-15,US,Iowa,Polk,10921,211,0,41.68679484,-93.57767461,19153.0,2228.0434387884798,1.9320575038915848,10710,10800,210,0,10590,10612,487204,121,1,0,120,188
2020-08-15,US,Iowa,Pottawattamie,1416,29,0,41.33640314,-95.53907776,19155.0,1519.2155011479947,2.0480225988700567,1387,1400,29,0,1371,1367,93533,16,0,0,16,33
2020-08-15,US,Iowa,Poweshiek,162,8,0,41.68625425,-92.53155731,19157.0,875.4863813229573,4.938271604938271,154,160,8,0,152,160,18699,2,0,0,2,0
2020-08-15,US,Iowa,Ringgold,24,1,0,40.73518949,-94.24368535,19159.0,490.3964037597057,4.166666666666667,23,24,1,0,23,23,4968,0,0,0,0,1
2020-08-15,US,Iowa,Sac,88,0,0,42.38624071,-95.10547892,19161.0,905.2566608373623,0.0,88,87,0,0,87,86,9719,1,0,0,1,1
2020-08-15,US,Iowa,Scott,1842,15,0,41.63935978,-90.61959493,19163.0,1065.0908102669666,0.8143322475570033,1827,1808,15,0,1793,1768,173283,34,0,0,34,40
2020-08-15,US,Iowa,Shelby,194,1,0,41.6850066,-95.31015553,19165.0,1693.7314475292474,0.5154639175257731,193,193,1,0,192,188,11578,1,0,0,1,5
2020-08-15,US,Iowa,Sioux,689,3,0,43.08221074,-96.17675679999999,19167.0,1976.7608664467082,0.4354136429608128,686,671,3,0,668,653,34909,18,0,0,18,18
2020-08-15,US,Iowa,Story,1382,15,0,42.03621213,-93.46499005,19169.0,1423.025834817797,1.085383502170767,1367,1203,15,0,1188,1189,98105,179,0,0,179,14
2020-08-15,US,Iowa,Tama,562,29,0,42.07991767,-92.53266945,19171.0,3334.519995253352,5.160142348754448,533,561,29,0,532,557,16904,1,0,0,1,4
2020-08-15,US,Iowa,Taylor,104,0,0,40.73710579,-94.69778563,19173.0,1699.0687796111747,0.0,104,100,0,0,100,100,6191,4,0,0,4,0
2020-08-15,US,Iowa,Unassigned,1,0,0,0.0,0.0,90019.0,0.0,0.0,1,5,0,0,5,2,,-4,0,0,-4,3
2020-08-15,US,Iowa,Union,87,2,0,41.0277278,-94.24234847,19175.0,710.7262478555673,2.2988505747126435,85,83,1,0,82,81,12359,4,1,0,3,2
2020-08-15,US,Iowa,Van Buren,40,1,0,40.75326764,-91.95017958,19177.0,567.8591709256103,2.5,39,39,1,0,38,38,7020,1,0,0,1,1
2020-08-15,US,Iowa,Wapello,947,37,0,41.03064984,-92.40954728,19179.0,2708.1128999971397,3.9070749736008454,910,943,36,0,907,934,35205,4,1,0,3,9
2020-08-15,US,Iowa,Warren,603,2,0,41.33559454,-93.56007641,19181.0,1171.6473011308435,0.33167495854063017,601,597,2,0,595,586,51056,6,0,0,6,11
2020-08-15,US,Iowa,Washington,308,10,0,41.33577126,-91.71725711,19183.0,1402.2308217618936,3.2467532467532467,298,307,10,0,297,305,22141,1,0,0,1,2
2020-08-15,US,Iowa,Wayne,21,1,0,40.73969028,-93.32752197,19185.0,326.03632976245916,4.761904761904762,20,21,1,0,20,21,6401,0,0,0,0,0
2020-08-15,US,Iowa,Webster,880,8,0,42.42853483,-94.17987389,19187.0,2450.980392156863,0.9090909090909092,872,867,8,0,859,849,36277,13,0,0,13,18
2020-08-15,US,Iowa,Winnebago,113,0,0,43.37751174,-93.73407298,19189.0,1091.365655785204,0.0,113,108,0,0,108,92,10518,5,0,0,5,16
2020-08-15,US,Iowa,Winneshiek,108,1,0,43.29094334,-91.84422722,19191.0,540.2431093992296,0.925925925925926,107,106,1,0,105,102,20029,2,0,0,2,4
2020-08-15,US,Iowa,Woodbury,3803,54,0,42.38979414,-96.0459439,19193.0,3688.4013694511527,1.4199316329213778,3749,3783,54,0,3729,3770,102539,20,0,0,20,13
2020-08-15,US,Iowa,Worth,71,0,0,43.37750768,-93.26087602,19195.0,961.9292778756267,0.0,71,71,0,0,71,68,7453,0,0,0,0,3
2020-08-15,US,Iowa,Wright,488,1,0,42.73305373,-93.73515113,19197.0,3884.731730616144,0.20491803278688525,487,485,1,0,484,482,12690,3,0,0,3,3
2020-08-15,US,Kansas,Allen,22,0,0,37.88582951,-95.30030847,20001.0,177.8640148758994,0.0,22,20,0,0,20,20,12444,2,0,0,2,0
2020-08-15,US,Kansas,Anderson,30,0,0,38.21413251,-95.29272815,20003.0,381.7765334690762,0.0,30,31,0,0,31,31,7878,-1,0,0,-1,0
2020-08-15,US,Kansas,Atchison,83,0,0,39.53185661,-95.30870026,20005.0,516.3939525913022,0.0,83,99,0,0,99,82,16193,-16,0,0,-16,17
2020-08-15,US,Kansas,Barber,4,0,0,37.2288586,-98.68460053,20007.0,90.35464196973119,0.0,4,4,0,0,4,4,4472,0,0,0,0,0
2020-08-15,US,Kansas,Barton,149,3,0,38.47889676,-98.75636726,20009.0,577.9898366887778,2.0134228187919465,146,165,3,0,162,157,26111,-16,0,0,-16,8
2020-08-15,US,Kansas,Bourbon,78,2,0,37.85508555,-94.84865997,20011.0,536.6726296958855,2.5641025641025643,76,79,2,0,77,79,14653,-1,0,0,-1,0
2020-08-15,US,Kansas,Brown,47,0,0,39.82652589,-95.56421698,20013.0,491.42618151401086,0.0,47,53,0,0,53,41,9598,-6,0,0,-6,12
2020-08-15,US,Kansas,Butler,333,2,0,37.78134351,-96.83878537,20015.0,497.6760173962429,0.6006006006006006,331,306,2,0,304,290,66765,27,0,0,27,16
2020-08-15,US,Kansas,Chase,46,0,0,38.30292938,-96.59563862,20017.0,1737.1601208459217,0.0,46,48,0,0,48,48,2629,-2,0,0,-2,0
2020-08-15,US,Kansas,Chautauqua,6,0,0,37.14994405,-96.2454192,20019.0,184.61538461538456,0.0,6,6,0,0,6,6,3309,0,0,0,0,0
2020-08-15,US,Kansas,Cherokee,157,1,0,37.16928494,-94.8462897,20021.0,787.4015748031495,0.6369426751592356,156,152,1,0,151,152,20015,5,0,0,5,0
2020-08-15,US,Kansas,Cheyenne,5,0,0,39.78580976,-101.7318201,20023.0,188.1821603312006,0.0,5,5,0,0,5,4,2660,0,0,0,0,1
2020-08-15,US,Kansas,Clark,45,1,0,37.23577007,-99.81883015,20025.0,2256.7703109327986,2.2222222222222223,44,44,1,0,43,44,2005,1,0,0,1,0
2020-08-15,US,Kansas,Clay,22,2,0,39.34948772,-97.16518128,20027.0,274.93126718320417,9.090909090909092,20,20,2,0,18,20,7997,2,0,0,2,0
2020-08-15,US,Kansas,Cloud,41,0,0,39.48028352,-97.64925343,20029.0,466.65149100842245,0.0,41,41,0,0,41,40,8729,0,0,0,0,1
2020-08-15,US,Kansas,Coffey,70,8,0,38.2365018,-95.73379515,20031.0,855.8503484533563,11.428571428571427,62,68,8,0,60,68,8233,2,0,0,2,0
2020-08-15,US,Kansas,Comanche,9,0,0,37.19114520000001,-99.27113247,20033.0,529.4117647058823,0.0,9,9,0,0,9,7,1748,0,0,0,0,2
2020-08-15,US,Kansas,Cowley,182,2,0,37.23781842,-96.83776647,20035.0,521.3704594935258,1.0989010989010992,180,182,2,0,180,178,35218,0,0,0,0,4
2020-08-15,US,Kansas,Crawford,415,1,0,37.50675523,-94.85245778,20037.0,1069.0916585089392,0.24096385542168675,414,395,1,0,394,389,39019,20,0,0,20,6
2020-08-15,US,Kansas,Decatur,5,0,0,39.78468441,-100.45940809999999,20039.0,176.86593562079943,0.0,5,5,0,0,5,5,2871,0,0,0,0,0
2020-08-15,US,Kansas,Dickinson,47,1,0,38.86600962,-97.15532383,20041.0,254.52182389255933,2.127659574468085,46,50,1,0,49,50,18717,-3,0,0,-3,0
2020-08-15,US,Kansas,Doniphan,46,0,0,39.79067154,-95.14056866,20043.0,605.2631578947369,0.0,46,48,0,0,48,48,7682,-2,0,0,-2,0
2020-08-15,US,Kansas,Douglas,805,5,0,38.88503636,-95.2925121,20045.0,658.4382335860755,0.6211180124223602,800,812,5,0,807,783,121436,-7,0,0,-7,29
2020-08-15,US,Kansas,Edwards,16,0,0,37.88735543,-99.31263309,20047.0,571.8370264474622,0.0,16,12,0,0,12,10,2849,4,0,0,4,2
2020-08-15,US,Kansas,Elk,1,0,0,37.45338105,-96.24369667,20049.0,39.52569169960474,0.0,1,1,0,0,1,1,2508,0,0,0,0,0
2020-08-15,US,Kansas,Ellis,153,1,0,38.91458712,-99.31751551,20051.0,535.8456204251744,0.6535947712418301,152,150,1,0,149,145,28710,3,0,0,3,5
2020-08-15,US,Kansas,Ellsworth,21,0,0,38.69677695,-98.20462799,20053.0,344.14945919370695,0.0,21,21,0,0,21,21,6196,0,0,0,0,0
2020-08-15,US,Kansas,Finney,1730,11,0,38.04340344,-100.73819379999999,20055.0,4744.015136973154,0.6358381502890174,1719,1801,11,0,1790,1798,36611,-71,0,0,-71,3
2020-08-15,US,Kansas,Ford,2206,10,0,37.69200114,-99.88825298,20057.0,6561.765668223326,0.4533091568449682,2196,2106,10,0,2096,2093,33888,100,0,0,100,13
2020-08-15,US,Kansas,Franklin,222,1,0,38.56443815,-95.28644341,20059.0,869.0886313811462,0.4504504504504505,221,224,1,0,223,210,25631,-2,0,0,-2,14
2020-08-15,US,Kansas,Geary,223,2,0,38.99871131,-96.7577178,20061.0,704.1364066940323,0.8968609865470852,221,165,2,0,163,157,32594,58,0,0,58,8
2020-08-15,US,Kansas,Gove,5,0,0,38.91588178,-100.4829321,20063.0,189.68133535660093,0.0,5,6,0,0,6,6,2612,-1,0,0,-1,0
2020-08-15,US,Kansas,Graham,18,0,0,39.34987223,-99.88332493,20065.0,725.2215954875101,0.0,18,17,0,0,17,17,2492,1,0,0,1,0
2020-08-15,US,Kansas,Grant,102,2,0,37.56227336,-101.3079758,20067.0,1426.5734265734266,1.96078431372549,100,120,2,0,118,120,7336,-18,0,0,-18,0
2020-08-15,US,Kansas,Gray,77,0,0,37.73836671,-100.4369088,20069.0,1285.9051436205746,0.0,77,87,0,0,87,87,6033,-10,0,0,-10,0
2020-08-15,US,Kansas,Greeley,4,0,0,38.4808095,-101.8061079,20071.0,324.67532467532465,0.0,4,4,0,0,4,4,1227,0,0,0,0,0
2020-08-15,US,Kansas,Greenwood,23,0,0,37.8774388,-96.23250453,20073.0,384.4867937144768,0.0,23,23,0,0,23,23,6055,0,0,0,0,0
2020-08-15,US,Kansas,Hamilton,43,0,0,37.99978709,-101.7921066,20075.0,1693.5801496652225,0.0,43,39,0,0,39,39,2607,4,0,0,4,0
2020-08-15,US,Kansas,Harper,21,0,0,37.19175361,-98.07578384,20077.0,386.31346578366447,0.0,21,16,0,0,16,14,5506,5,0,0,5,2
2020-08-15,US,Kansas,Harvey,224,1,0,38.04293782,-97.42747573,20079.0,650.6143077057133,0.44642857142857145,223,216,1,0,215,211,34210,8,0,0,8,5
2020-08-15,US,Kansas,Haskell,49,0,0,37.562039399999996,-100.8710738,20081.0,1234.8790322580646,0.0,49,44,0,0,44,44,3997,5,0,0,5,0
2020-08-15,US,Kansas,Hodgeman,11,0,0,38.08780079,-99.89829881,20083.0,613.1549609810479,0.0,11,11,0,0,11,11,1818,0,0,0,0,0
2020-08-15,US,Kansas,Jackson,164,1,0,39.41673394,-95.79356799,20085.0,1245.1598208184648,0.6097560975609756,163,163,1,0,162,163,13280,1,0,0,1,0
2020-08-15,US,Kansas,Jefferson,89,0,0,39.2347941,-95.38289232,20087.0,467.36333560888517,0.0,89,88,0,0,88,85,18975,1,0,0,1,3
2020-08-15,US,Kansas,Jewell,13,1,0,39.78470589,-98.21820662,20089.0,451.5456755817992,7.6923076923076925,12,13,1,0,12,12,2841,0,0,0,0,1
2020-08-15,US,Kansas,Johnson,6357,108,0,38.88548175,-94.82250877,20091.0,1055.2771326740826,1.6989145823501652,6249,6228,106,0,6122,6127,597555,129,2,0,127,101
2020-08-15,US,Kansas,Kearny,66,1,0,38.00017981,-101.32168100000001,20093.0,1719.6456487754035,1.5151515151515151,65,66,1,0,65,63,3943,0,0,0,0,3
2020-08-15,US,Kansas,Kingman,25,0,0,37.55909527,-98.13638678,20095.0,349.5525727069351,0.0,25,24,0,0,24,20,7310,1,0,0,1,4
2020-08-15,US,Kansas,Kiowa,8,0,0,37.55848695,-99.2856537,20097.0,323.2323232323232,0.0,8,8,0,0,8,8,2516,0,0,0,0,0
2020-08-15,US,Kansas,Labette,153,1,0,37.19113093,-95.29849679,20099.0,779.896013864818,0.6535947712418301,152,153,1,0,152,148,19964,0,0,0,0,5
2020-08-15,US,Kansas,Lane,6,0,0,38.48119447,-100.46607540000001,20101.0,390.8794788273616,0.0,6,6,0,0,6,5,1560,0,0,0,0,1
2020-08-15,US,Kansas,Leavenworth,1549,9,0,39.20183497,-95.03620809,20103.0,1894.6158174123639,0.5810200129115558,1540,1519,9,0,1510,1503,81352,30,0,0,30,16
2020-08-15,US,Kansas,Lincoln,6,0,0,39.04549684,-98.20756994,20105.0,202.56583389601624,0.0,6,6,0,0,6,6,3023,0,0,0,0,0
2020-08-15,US,Kansas,Linn,50,0,0,38.21267844,-94.84254089,20107.0,515.3045449860866,0.0,50,46,0,0,46,43,9750,4,0,0,4,3
2020-08-15,US,Kansas,Logan,2,0,0,38.91735806,-101.148475,20109.0,71.58196134574086,0.0,2,2,0,0,2,2,2844,0,0,0,0,0
2020-08-15,US,Kansas,Lyon,703,14,0,38.45576156,-96.15275715,20111.0,2117.7888236180147,1.9914651493598865,689,734,14,0,720,731,33406,-31,0,0,-31,3
2020-08-15,US,Kansas,Marion,59,1,0,38.35855394,-97.09852509999999,20115.0,496.4658364187142,1.6949152542372878,58,48,1,0,47,48,11950,11,0,0,11,0
2020-08-15,US,Kansas,Marshall,14,0,0,39.78359669,-96.52278974,20117.0,144.22581642113937,0.0,14,15,0,0,15,15,9722,-1,0,0,-1,0
2020-08-15,US,Kansas,McPherson,164,1,0,38.39184858,-97.64769869,20113.0,574.591829584472,0.6097560975609756,163,151,1,0,150,151,28537,13,0,0,13,0
2020-08-15,US,Kansas,Meade,59,0,0,37.23859987,-100.36483100000001,20119.0,1462.930820728986,0.0,59,52,0,0,52,52,4146,7,0,0,7,0
2020-08-15,US,Kansas,Miami,152,0,0,38.56383358,-94.83832189,20121.0,443.96413237141104,0.0,152,150,0,0,150,150,33680,2,0,0,2,0
2020-08-15,US,Kansas,Mitchell,28,0,0,39.39331582,-98.20906732,20123.0,468.3057367452751,0.0,28,28,0,0,28,28,6150,0,0,0,0,0
2020-08-15,US,Kansas,Montgomery,168,5,0,37.19236568,-95.74329258,20125.0,527.8205410160546,2.9761904761904763,163,183,5,0,178,177,32120,-15,0,0,-15,6
2020-08-15,US,Kansas,Morris,13,0,0,38.68827511,-96.65128437,20127.0,231.3167259786477,0.0,13,12,0,0,12,13,5521,1,0,0,1,-1
2020-08-15,US,Kansas,Morton,10,2,0,37.19141121,-101.79925190000002,20129.0,386.54812524159263,20.0,8,9,2,0,7,9,2667,1,0,0,1,0
2020-08-15,US,Kansas,Nemaha,50,1,0,39.78345387,-96.01392079,20131.0,488.710780959828,2.0,49,50,1,0,49,49,10155,0,0,0,0,1
2020-08-15,US,Kansas,Neosho,67,0,0,37.55862897,-95.30670046,20133.0,418.5668769913163,0.0,67,66,0,0,66,66,15951,1,0,0,1,0
2020-08-15,US,Kansas,Ness,7,0,0,38.47974157,-99.91547333,20135.0,254.54545454545453,0.0,7,6,0,0,6,6,2840,1,0,0,1,0
2020-08-15,US,Kansas,Norton,23,0,0,39.78443827,-99.90286639,20137.0,429.0244357396009,0.0,23,23,0,0,23,23,5430,0,0,0,0,0
2020-08-15,US,Kansas,Osage,47,0,0,38.65235984,-95.72707998,20139.0,294.68932221455884,0.0,47,46,0,0,46,46,15941,1,0,0,1,0
2020-08-15,US,Kansas,Osborne,4,0,0,39.3503437,-98.76753828,20141.0,116.92487576731949,0.0,4,4,0,0,4,4,3475,0,0,0,0,0
2020-08-15,US,Kansas,Ottawa,37,0,0,39.13237408,-97.65020313,20143.0,648.6676016830295,0.0,37,37,0,0,37,35,5802,0,0,0,0,2
2020-08-15,US,Kansas,Pawnee,63,0,0,38.18108732,-99.23692334,20145.0,982.2263797942004,0.0,63,60,0,0,60,8,6562,3,0,0,3,52
2020-08-15,US,Kansas,Phillips,48,8,0,39.78465501,-99.34668865,20147.0,917.0806266717616,16.666666666666668,40,51,8,0,43,51,5317,-3,0,0,-3,0
2020-08-15,US,Kansas,Pottawatomie,119,0,0,39.37925655,-96.34564657,20149.0,488.044949349957,0.0,119,111,0,0,111,109,24277,8,0,0,8,2
2020-08-15,US,Kansas,Pratt,35,0,0,37.64780729,-98.73922153,20151.0,381.9292885202968,0.0,35,35,0,0,35,35,9378,0,0,0,0,0
2020-08-15,US,Kansas,Reno,418,1,0,37.95230263,-98.08607292,20155.0,674.2152972676537,0.23923444976076555,417,408,1,0,407,397,62342,10,0,0,10,11
2020-08-15,US,Kansas,Republic,31,0,0,39.82799632,-97.65036709,20157.0,668.6798964624677,0.0,31,32,0,0,32,32,4664,-1,0,0,-1,0
2020-08-15,US,Kansas,Rice,39,0,0,38.34616184,-98.19992118,20159.0,408.9336269267065,0.0,39,39,0,0,39,39,9531,0,0,0,0,0
2020-08-15,US,Kansas,Riley,451,5,0,39.28935726,-96.73420026,20161.0,607.5546933936847,1.1086474501108647,446,495,5,0,490,489,73703,-44,0,0,-44,6
2020-08-15,US,Kansas,Rooks,18,0,0,39.35022773,-99.32484567,20163.0,365.8536585365854,0.0,18,18,0,0,18,18,5013,0,0,0,0,0
2020-08-15,US,Kansas,Rush,10,0,0,38.52275276,-99.30863983,20165.0,329.3807641633729,0.0,10,10,0,0,10,10,3093,0,0,0,0,0
2020-08-15,US,Kansas,Russell,19,0,0,38.91462787,-98.76254297,20167.0,277.1295215869312,0.0,19,16,0,0,16,16,6907,3,0,0,3,0
2020-08-15,US,Kansas,Saline,385,7,0,38.78369175,-97.65185177,20169.0,710.0177043375627,1.818181818181818,378,399,7,0,392,389,54401,-14,0,0,-14,10
2020-08-15,US,Kansas,Scott,54,0,0,38.48222076,-100.90665390000001,20171.0,1119.6350818992328,0.0,54,69,0,0,69,64,4897,-15,0,0,-15,5
2020-08-15,US,Kansas,Sedgwick,5718,47,0,37.6842718,-97.4608198,20173.0,1108.0493448207703,0.8219657222805177,5671,5213,47,0,5166,5141,513607,505,0,0,505,72
2020-08-15,US,Kansas,Seward,1189,4,0,37.19324632,-100.85072009999999,20175.0,5548.814635056935,0.33641715727502103,1185,1257,4,0,1253,1252,21780,-68,0,0,-68,5
2020-08-15,US,Kansas,Shawnee,1720,19,0,39.04100763,-95.75572640000001,20177.0,972.4381625441696,1.1046511627906976,1701,1712,19,0,1693,1682,177499,8,0,0,8,30
2020-08-15,US,Kansas,Sheridan,7,0,0,39.35018161,-100.44182590000001,20179.0,277.66759222530743,0.0,7,7,0,0,7,7,2533,0,0,0,0,0
2020-08-15,US,Kansas,Sherman,17,0,0,39.35147699,-101.71976240000001,20181.0,287.30775730944737,0.0,17,17,0,0,17,16,5899,0,0,0,0,1
2020-08-15,US,Kansas,Smith,3,0,0,39.78516566,-98.78566062,20183.0,83.72871895060004,0.0,3,3,0,0,3,3,3603,0,0,0,0,0
2020-08-15,US,Kansas,Stafford,7,1,0,38.03100851,-98.71762001,20185.0,168.43118383060641,14.285714285714285,6,7,1,0,6,6,4178,0,0,0,0,1
2020-08-15,US,Kansas,Stanton,40,1,0,37.56304714,-101.78435340000001,20187.0,1994.0179461615155,2.5,39,20,1,0,19,20,1987,20,0,0,20,0
2020-08-15,US,Kansas,Stevens,46,0,0,37.1923008,-101.3118967,20189.0,838.6508659981769,0.0,46,46,0,0,46,46,5559,0,0,0,0,0
2020-08-15,US,Kansas,Sumner,104,3,0,37.23682549,-97.47721621,20191.0,455.4212646698197,2.8846153846153846,101,104,3,0,101,101,22996,0,0,0,0,3
2020-08-15,US,Kansas,Thomas,45,0,0,39.35107575,-101.0553705,20193.0,578.6292915005786,0.0,45,45,0,0,45,44,7711,0,0,0,0,1
2020-08-15,US,Kansas,Trego,7,1,0,38.91467218,-99.87284448,20195.0,249.73242953977882,14.285714285714285,6,7,1,0,6,6,2793,0,0,0,0,1
2020-08-15,US,Kansas,Unassigned,0,1,0,0.0,0.0,90020.0,0.0,0.0,-1,0,1,0,-1,0,,0,0,0,0,0
2020-08-15,US,Kansas,Wabaunsee,43,0,0,38.95471985,-96.20350509,20197.0,620.4010965228682,0.0,43,43,0,0,43,43,6899,0,0,0,0,0
2020-08-15,US,Kansas,Washington,1,0,0,39.78420784,-97.08753229999999,20201.0,18.49796522382538,0.0,1,1,0,0,1,1,5420,0,0,0,0,0
2020-08-15,US,Kansas,Wichita,4,0,0,38.48178252,-101.3471509,20203.0,188.76828692779614,0.0,4,4,0,0,4,4,2105,0,0,0,0,0
2020-08-15,US,Kansas,Wilson,14,0,0,37.55937174,-95.74323255,20205.0,164.22287390029325,0.0,14,11,0,0,11,11,8665,3,0,0,3,0
2020-08-15,US,Kansas,Woodson,12,0,0,37.8865336,-95.74006277,20207.0,382.4091778202677,0.0,12,12,0,0,12,12,3183,0,0,0,0,0
2020-08-15,US,Kansas,Wyandotte,5329,107,0,39.11727348,-94.76378225,20209.0,3221.3215337093256,2.0078814036404578,5222,5137,107,0,5030,5087,165324,192,0,0,192,50
2020-08-15,US,Kentucky,Adair,224,19,0,37.10459774,-85.28129668,21001.0,1166.5451515467141,8.482142857142858,205,220,19,0,201,218,19215,4,0,0,4,2
2020-08-15,US,Kentucky,Allen,234,8,0,36.75197631,-86.19457544,21003.0,1097.8184377199157,3.418803418803418,226,233,8,0,225,233,21122,1,0,0,1,0
2020-08-15,US,Kentucky,Anderson,90,1,0,38.00671029,-84.99171713,21005.0,395.6565700971557,1.1111111111111112,89,89,1,0,88,89,22663,1,0,0,1,0
2020-08-15,US,Kentucky,Ballard,37,0,0,37.05842757,-88.99427697,21007.0,469.06693711967546,0.0,37,37,0,0,37,36,7979,0,0,0,0,1
2020-08-15,US,Kentucky,Barren,429,3,0,36.96469836,-85.93338945,21009.0,969.513435331872,0.6993006993006993,426,421,3,0,418,404,44176,8,0,0,8,17
2020-08-15,US,Kentucky,Bath,41,1,0,38.14735938,-83.74588932,21011.0,328.0,2.4390243902439024,40,41,1,0,40,41,12383,0,0,0,0,0
2020-08-15,US,Kentucky,Bell,338,5,0,36.73355174,-83.67766671,21013.0,1298.40196681008,1.4792899408284024,333,336,5,0,331,327,26569,2,0,0,2,9
2020-08-15,US,Kentucky,Boone,1149,24,0,38.97065142,-84.72615357,21015.0,860.1522671637433,2.0887728459530033,1125,1143,24,0,1119,1126,131533,6,0,0,6,17
2020-08-15,US,Kentucky,Bourbon,97,1,0,38.2054607,-84.21827874,21017.0,490.19607843137254,1.0309278350515465,96,91,1,0,90,90,20184,6,0,0,6,1
2020-08-15,US,Kentucky,Boyd,201,3,0,38.36176608,-82.68652187,21019.0,430.2410205916349,1.492537313432836,198,197,3,0,194,196,47240,4,0,0,4,1
2020-08-15,US,Kentucky,Boyle,168,0,0,37.62680923,-84.8633779,21021.0,558.8822355289421,0.0,168,167,0,0,167,163,30100,1,0,0,1,4
2020-08-15,US,Kentucky,Bracken,37,0,0,38.69158994,-84.08532444,21023.0,445.6220643141034,0.0,37,37,0,0,37,33,8239,0,0,0,0,4
2020-08-15,US,Kentucky,Breathitt,33,0,0,37.52333168,-83.31959161,21025.0,261.2826603325416,0.0,33,32,0,0,32,33,12726,1,0,0,1,-1
2020-08-15,US,Kentucky,Breckinridge,84,2,0,37.77377239,-86.42885017,21027.0,410.21634028422136,2.380952380952381,82,80,2,0,78,79,20388,4,0,0,4,1
2020-08-15,US,Kentucky,Bullitt,440,5,0,37.97162523,-85.68955617,21029.0,538.713942896322,1.1363636363636365,435,434,5,0,429,421,81069,6,0,0,6,13
2020-08-15,US,Kentucky,Butler,303,15,0,37.20946153,-86.68748787,21031.0,2352.6671325413463,4.950495049504951,288,302,15,0,287,300,12772,1,0,0,1,2
2020-08-15,US,Kentucky,Caldwell,55,0,0,37.14749129,-87.86948214,21033.0,431.4740723307445,0.0,55,55,0,0,55,55,12715,0,0,0,0,0
2020-08-15,US,Kentucky,Calloway,289,4,0,36.62093411,-88.2731593,21035.0,741.0066408553627,1.3840830449826989,285,273,4,0,269,270,39135,16,0,0,16,3
2020-08-15,US,Kentucky,Campbell,612,13,0,38.94384345,-84.37875208,21037.0,653.9579415284662,2.124183006535948,599,605,13,0,592,603,93152,7,0,0,7,2
2020-08-15,US,Kentucky,Carlisle,50,1,0,36.85372876,-88.96692220000001,21039.0,1050.420168067227,2.0,49,50,1,0,49,46,4771,0,0,0,0,4
2020-08-15,US,Kentucky,Carroll,170,2,0,38.66599534,-85.12601074,21041.0,1599.096980528643,1.1764705882352942,168,170,2,0,168,164,10737,0,0,0,0,6
2020-08-15,US,Kentucky,Carter,105,2,0,38.31690743,-83.05092385,21043.0,391.8349068925626,1.9047619047619049,103,104,2,0,102,104,27004,1,0,0,1,0
2020-08-15,US,Kentucky,Casey,213,11,0,37.32533118,-84.92726209,21045.0,1318.1508756729995,5.164319248826291,202,209,11,0,198,204,15888,4,0,0,4,5
2020-08-15,US,Kentucky,Christian,532,10,0,36.89267803,-87.49055367,21047.0,755.0276039227374,1.8796992481203008,522,532,10,0,522,529,71671,0,0,0,0,3
2020-08-15,US,Kentucky,Clark,186,7,0,37.9689263,-84.14615986,21049.0,512.9195047293384,3.7634408602150535,179,179,7,0,172,167,36249,7,0,0,7,12
2020-08-15,US,Kentucky,Clay,185,5,0,37.16451126,-83.712575,21051.0,929.6015275614293,2.702702702702702,180,184,5,0,179,181,20105,1,0,0,1,3
2020-08-15,US,Kentucky,Clinton,42,1,0,36.72581156,-85.13377529,21053.0,411.0393423370522,2.380952380952381,41,40,1,0,39,39,10206,2,0,0,2,1
2020-08-15,US,Kentucky,Crittenden,34,1,0,37.35839237,-88.08826090000002,21055.0,386.1003861003861,2.9411764705882355,33,32,1,0,31,32,8915,2,0,0,2,0
2020-08-15,US,Kentucky,Cumberland,66,0,0,36.78926125,-85.39050034,21057.0,997.8832778953737,0.0,66,63,0,0,63,62,6659,3,0,0,3,1
2020-08-15,US,Kentucky,Daviess,824,9,0,37.73028906,-87.09019479999998,21059.0,811.7346888514545,1.0922330097087378,815,807,9,0,798,805,101104,17,0,0,17,2
2020-08-15,US,Kentucky,Edmonson,115,12,0,37.21218923,-86.23955613,21061.0,946.5020576131687,10.434782608695652,103,112,12,0,100,112,12274,3,0,0,3,0
2020-08-15,US,Kentucky,Elliott,15,0,0,38.11624059,-83.09771563,21063.0,199.5476918983637,0.0,15,14,0,0,14,14,7508,1,0,0,1,0
2020-08-15,US,Kentucky,Estill,27,0,0,37.69241417,-83.95956369,21065.0,191.40791152700984,0.0,27,27,0,0,27,27,14198,0,0,0,0,0
2020-08-15,US,Kentucky,Fayette,3385,49,0,38.0368225,-84.45576892,21067.0,1047.4946774273408,1.4475627769571642,3336,3342,49,0,3293,3299,323780,43,0,0,43,43
2020-08-15,US,Kentucky,Fleming,64,0,0,38.36758311,-83.69657514,21069.0,438.9273712365407,0.0,64,64,0,0,64,62,14432,0,0,0,0,2
2020-08-15,US,Kentucky,Floyd,119,2,0,37.56213922,-82.74750924,21071.0,334.37298041529687,1.680672268907563,117,114,2,0,112,115,35845,5,0,0,5,-1
2020-08-15,US,Kentucky,Franklin,349,9,0,38.2379395,-84.87962551,21073.0,684.4345080504402,2.5787965616045847,340,348,9,0,339,343,50815,1,0,0,1,5
2020-08-15,US,Kentucky,Fulton,98,2,0,36.55238827,-89.20140068,21075.0,1641.8160495895459,2.0408163265306123,96,97,2,0,95,93,6120,1,0,0,1,4
2020-08-15,US,Kentucky,Gallatin,82,7,0,38.75398691,-84.8558382,21077.0,924.5687225166307,8.536585365853659,75,82,7,0,75,82,8832,0,0,0,0,0
2020-08-15,US,Kentucky,Garrard,91,0,0,37.638866799999995,-84.53289319,21079.0,515.1137778784105,0.0,91,90,0,0,90,84,17560,1,0,0,1,6
2020-08-15,US,Kentucky,Grant,127,6,0,38.64962758,-84.62415957,21081.0,506.60177908971235,4.724409448818896,121,127,6,0,121,126,25121,0,0,0,0,1
2020-08-15,US,Kentucky,Graves,580,26,0,36.72292505,-88.65143315,21083.0,1556.3784683089145,4.482758620689656,554,574,25,0,549,576,37317,6,1,0,5,-2
2020-08-15,US,Kentucky,Grayson,219,11,0,37.46231118,-86.34248968,21085.0,828.6979225791805,5.0228310502283104,208,214,11,0,203,214,26321,5,0,0,5,0
2020-08-15,US,Kentucky,Green,57,2,0,37.26484328,-85.5540745,21087.0,520.9761447765286,3.5087719298245608,55,54,2,0,52,52,11049,3,0,0,3,2
2020-08-15,US,Kentucky,Greenup,139,1,0,38.54332505,-82.9215658,21089.0,396.0339620491196,0.7194244604316546,138,130,1,0,129,125,35268,9,0,0,9,5
2020-08-15,US,Kentucky,Hancock,52,0,0,37.83766422,-86.78280584,21091.0,596.1935335932127,0.0,52,52,0,0,52,52,8758,0,0,0,0,0
2020-08-15,US,Kentucky,Hardin,744,8,0,37.6976111,-85.96319251,21093.0,670.5239820472611,1.075268817204301,736,730,8,0,722,703,110356,14,0,0,14,27
2020-08-15,US,Kentucky,Harlan,253,3,0,36.85699301,-83.21899516,21095.0,972.7028066128412,1.1857707509881423,250,257,3,0,254,243,26409,-4,0,0,-4,14
2020-08-15,US,Kentucky,Harrison,123,0,0,38.44188174,-84.32869741,21097.0,651.276077517738,0.0,123,123,0,0,123,123,18778,0,0,0,0,0
2020-08-15,US,Kentucky,Hart,109,0,0,37.29943898,-85.88461055,21099.0,572.6293669556081,0.0,109,109,0,0,109,109,18906,0,0,0,0,0
2020-08-15,US,Kentucky,Henderson,371,3,0,37.79344553,-87.57392021,21101.0,820.614908206149,0.8086253369272237,368,370,3,0,367,365,45591,1,0,0,1,5
2020-08-15,US,Kentucky,Henry,142,2,0,38.44942688,-85.11587507,21103.0,880.5655463227088,1.4084507042253518,140,136,1,0,135,134,16106,6,1,0,5,2
2020-08-15,US,Kentucky,Hickman,58,0,0,36.67948079999999,-88.97875928,21105.0,1324.2009132420092,0.0,58,57,0,0,57,56,4421,1,0,0,1,1
2020-08-15,US,Kentucky,Hopkins,439,35,0,37.30939025,-87.54670406,21107.0,982.4105983977084,7.972665148063781,404,438,35,0,403,433,45068,1,0,0,1,5
2020-08-15,US,Kentucky,Jackson,155,14,0,37.41866422,-83.99825483,21109.0,1162.877935328982,9.03225806451613,141,154,14,0,140,154,13442,1,0,0,1,0
2020-08-15,US,Kentucky,Jefferson,9350,251,0,38.18664655,-85.65931031,21111.0,1219.421537723164,2.6844919786096257,9099,9149,249,0,8900,8976,770517,201,2,0,199,173
2020-08-15,US,Kentucky,Jessamine,372,0,0,37.87119786,-84.58252003,21113.0,687.4249283932367,0.0,372,366,0,0,366,361,53920,6,0,0,6,5
2020-08-15,US,Kentucky,Johnson,83,0,0,37.85106355,-82.8264322,21115.0,374.0760771588246,0.0,83,80,0,0,80,73,22386,3,0,0,3,7
2020-08-15,US,Kentucky,Kenton,1507,41,0,38.93950319,-84.53241199,21117.0,902.4060168385248,2.7206370272063705,1466,1490,41,0,1449,1472,166051,17,0,0,17,18
2020-08-15,US,Kentucky,Knott,75,1,0,37.35388197,-82.94981134,21119.0,506.5513980818587,1.3333333333333333,74,73,1,0,72,70,15126,2,0,0,2,3
2020-08-15,US,Kentucky,Knox,268,8,0,36.89225732,-83.85403396,21121.0,860.4912506020227,2.985074626865672,260,264,8,0,256,262,31304,4,0,0,4,2
2020-08-15,US,Kentucky,Larue,66,1,0,37.54567114,-85.70138352,21123.0,458.3969995832754,1.5151515151515151,65,65,1,0,64,61,14307,1,0,0,1,4
2020-08-15,US,Kentucky,Laurel,480,5,0,37.10975748,-84.11321779,21125.0,789.3049183562724,1.0416666666666667,475,476,5,0,471,466,60669,4,0,0,4,10
2020-08-15,US,Kentucky,Lawrence,38,0,0,38.07136018,-82.72882223,21127.0,248.0903571195404,0.0,38,37,0,0,37,37,15571,1,0,0,1,0
2020-08-15,US,Kentucky,Lee,5,0,0,37.59645942,-83.71513901,21129.0,67.5401864109145,0.0,5,6,0,0,6,6,7033,-1,0,0,-1,0
2020-08-15,US,Kentucky,Leslie,34,0,0,37.09246661,-83.37999606,21131.0,344.2340791738382,0.0,34,33,0,0,33,33,10143,1,0,0,1,0
2020-08-15,US,Kentucky,Letcher,65,0,0,37.12306748,-82.85346474,21133.0,301.5821463369368,0.0,65,63,0,0,63,62,21899,2,0,0,2,1
2020-08-15,US,Kentucky,Lewis,84,1,0,38.53184419,-83.37735618,21135.0,632.7683615819209,1.1904761904761905,83,84,1,0,83,54,13257,0,0,0,0,30
2020-08-15,US,Kentucky,Lincoln,119,2,0,37.45475628,-84.6565327,21137.0,484.74479612204163,1.680672268907563,117,118,2,0,116,118,24644,1,0,0,1,0
2020-08-15,US,Kentucky,Livingston,36,1,0,37.21137452,-88.34797529,21139.0,391.5597128562106,2.7777777777777777,35,36,1,0,35,35,9242,0,0,0,0,1
2020-08-15,US,Kentucky,Logan,354,23,0,36.85949479,-86.877635,21141.0,1306.1766659287134,6.497175141242938,331,351,23,0,328,352,26989,3,0,0,3,-1
2020-08-15,US,Kentucky,Lyon,32,4,0,37.02080035,-88.07886257,21143.0,389.768574908648,12.5,28,32,4,0,28,32,8009,0,0,0,0,0
2020-08-15,US,Kentucky,Madison,630,1,0,37.71659336,-84.27220275,21151.0,677.5140611053158,0.15873015873015872,629,623,1,0,622,603,92368,7,0,0,7,20
2020-08-15,US,Kentucky,Magoffin,49,0,0,37.70820545,-83.0657714,21153.0,402.9273908395691,0.0,49,49,0,0,49,49,12362,0,0,0,0,0
2020-08-15,US,Kentucky,Marion,129,0,0,37.55218078,-85.26898542,21155.0,669.3301509884294,0.0,129,124,0,0,124,123,19404,5,0,0,5,1
2020-08-15,US,Kentucky,Marshall,155,2,0,36.88007070000001,-88.32803576,21157.0,498.39228295819936,1.2903225806451613,153,147,2,0,145,142,31191,8,0,0,8,5
2020-08-15,US,Kentucky,Martin,41,0,0,37.79990579,-82.51247478,21159.0,366.2349263063868,0.0,41,41,0,0,41,38,11323,0,0,0,0,3
2020-08-15,US,Kentucky,Mason,56,1,0,38.59471935,-83.82151043,21161.0,328.06092560046864,1.7857142857142858,55,56,1,0,55,54,17150,0,0,0,0,2
2020-08-15,US,Kentucky,McCracken,401,5,0,37.05350953,-88.70445755,21145.0,612.9811366902076,1.2468827930174564,396,397,4,0,393,391,65346,4,1,0,3,6
2020-08-15,US,Kentucky,McCreary,52,0,0,36.73874143,-84.48102924,21147.0,301.7816725668853,0.0,52,49,0,0,49,48,17408,3,0,0,3,1
2020-08-15,US,Kentucky,McLean,44,1,0,37.5301951,-87.26803443,21149.0,477.89725209080046,2.272727272727273,43,44,1,0,43,43,9252,0,0,0,0,1
2020-08-15,US,Kentucky,Meade,103,3,0,37.96163597,-86.21028219,21163.0,360.49279014419716,2.9126213592233015,100,102,3,0,99,101,28715,1,0,0,1,1
2020-08-15,US,Kentucky,Menifee,28,0,0,37.94090733,-83.59985712,21165.0,431.4994606256742,0.0,28,28,0,0,28,28,6451,0,0,0,0,0
2020-08-15,US,Kentucky,Mercer,91,0,0,37.81474237,-84.87488475,21167.0,414.8999224912232,0.0,91,87,0,0,87,87,21774,4,0,0,4,0
2020-08-15,US,Kentucky,Metcalfe,65,2,0,36.99459295,-85.63123699,21169.0,645.4175354979644,3.0769230769230766,63,64,2,0,62,63,10030,1,0,0,1,1
2020-08-15,US,Kentucky,Monroe,104,2,0,36.71225341,-85.71596443,21171.0,976.5258215962441,1.9230769230769231,102,99,2,0,97,98,10718,5,0,0,5,1
2020-08-15,US,Kentucky,Montgomery,139,0,0,38.03253032,-83.9145241,21173.0,493.6605462229641,0.0,139,130,0,0,130,129,28203,9,0,0,9,1
2020-08-15,US,Kentucky,Morgan,35,0,0,37.92465657,-83.25558245,21175.0,262.9799383875573,0.0,35,33,0,0,33,32,13345,2,0,0,2,1
2020-08-15,US,Kentucky,Muhlenberg,633,11,0,37.21425819,-87.14632053,21177.0,2067.141270981648,1.7377567140600316,622,633,11,0,622,633,30774,0,0,0,0,0
2020-08-15,US,Kentucky,Nelson,253,2,0,37.80335779,-85.4657193,21179.0,547.2281703545086,0.7905138339920948,251,247,2,0,245,245,45851,6,0,0,6,2
2020-08-15,US,Kentucky,Nicholas,21,1,0,38.33342292,-84.01889177,21181.0,288.8980602558812,4.761904761904762,20,20,0,0,20,20,7166,1,1,0,0,0
2020-08-15,US,Kentucky,Ohio,365,9,0,37.47751843,-86.85368087,21183.0,1521.213636742519,2.4657534246575343,356,364,9,0,355,362,24087,1,0,0,1,2
2020-08-15,US,Kentucky,Oldham,663,16,0,38.39791089,-85.448222,21185.0,992.5298282908427,2.4132730015082955,647,653,16,0,637,645,66470,10,0,0,10,8
2020-08-15,US,Kentucky,Owen,65,0,0,38.51679143,-84.82404619,21187.0,596.2755710485278,0.0,65,64,0,0,64,64,10880,1,0,0,1,0
2020-08-15,US,Kentucky,Owsley,15,0,0,37.42823949,-83.68811419,21189.0,339.75084937712336,0.0,15,15,0,0,15,14,4472,0,0,0,0,1
2020-08-15,US,Kentucky,Pendleton,51,0,0,38.69607718,-84.35599463,21191.0,349.5544893762851,0.0,51,50,0,0,50,48,14529,1,0,0,1,2
2020-08-15,US,Kentucky,Perry,254,3,0,37.25023553,-83.22922731,21193.0,986.1014053886172,1.1811023622047243,251,251,3,0,248,251,26092,3,0,0,3,0
2020-08-15,US,Kentucky,Pike,270,3,0,37.47088263,-82.39487445,21195.0,466.5146174580137,1.1111111111111112,267,253,3,0,250,253,58402,17,0,0,17,0
2020-08-15,US,Kentucky,Powell,68,0,0,37.83218794,-83.82553961,21197.0,550.2063273727648,0.0,68,68,0,0,68,67,12442,0,0,0,0,1
2020-08-15,US,Kentucky,Pulaski,376,5,0,37.10466131,-84.57629079,21199.0,578.6484864340788,1.3297872340425532,371,367,5,0,362,358,64623,9,0,0,9,9
2020-08-15,US,Kentucky,Robertson,3,0,0,38.51923469,-84.05055616,21201.0,142.31499051233396,0.0,3,3,0,0,3,3,2135,0,0,0,0,0
2020-08-15,US,Kentucky,Rockcastle,86,0,0,37.36642393,-84.31176452,21203.0,515.1242887091944,0.0,86,84,0,0,84,77,16750,2,0,0,2,7
2020-08-15,US,Kentucky,Rowan,88,0,0,38.19484205,-83.42088935,21205.0,359.7710547833197,0.0,88,88,0,0,88,87,24583,0,0,0,0,1
2020-08-15,US,Kentucky,Russell,139,5,0,36.99308373,-85.06070117,21207.0,775.5398091837303,3.5971223021582728,134,136,5,0,131,130,17821,3,0,0,3,6
2020-08-15,US,Kentucky,Scott,426,0,0,38.29622293,-84.5816631,21209.0,747.3159778261174,0.0,426,421,0,0,421,415,56031,5,0,0,5,6
2020-08-15,US,Kentucky,Shelby,817,21,0,38.21476019,-85.194223,21211.0,1666.530678851175,2.5703794369645037,796,801,21,0,780,797,48518,16,0,0,16,4
2020-08-15,US,Kentucky,Simpson,167,7,0,36.74058474,-86.58047435,21213.0,899.2031014430327,4.1916167664670665,160,160,7,0,153,156,18529,7,0,0,7,4
2020-08-15,US,Kentucky,Spencer,138,0,0,38.03223971,-85.32749335,21215.0,713.1414397188776,0.0,138,138,0,0,138,136,18794,0,0,0,0,2
2020-08-15,US,Kentucky,Taylor,153,3,0,37.3677562,-85.3329931,21217.0,593.7366603283015,1.96078431372549,150,150,3,0,147,150,25549,3,0,0,3,0
2020-08-15,US,Kentucky,Todd,35,0,0,36.8381152,-87.17878374,21219.0,284.691719537986,0.0,35,34,0,0,34,34,12311,1,0,0,1,0
2020-08-15,US,Kentucky,Trigg,59,0,0,36.80767017,-87.87333656,21221.0,402.7028871749369,0.0,59,58,0,0,58,57,14643,1,0,0,1,1
2020-08-15,US,Kentucky,Trimble,35,0,0,38.61056487,-85.33775972,21223.0,413.17435957974266,0.0,35,34,0,0,34,34,8515,1,0,0,1,0
2020-08-15,US,Kentucky,Union,73,0,0,37.66166713,-87.94300009,21225.0,507.6142131979696,0.0,73,73,0,0,73,70,14505,0,0,0,0,3
2020-08-15,US,Kentucky,Warren,2773,22,0,36.99903045,-86.42672751,21227.0,2086.5940284131952,0.7933645870897944,2751,2737,22,0,2715,2721,131264,36,0,0,36,16
2020-08-15,US,Kentucky,Washington,101,0,0,37.75599461,-85.17407732,21229.0,835.0558081852005,0.0,101,96,0,0,96,93,12084,5,0,0,5,3
2020-08-15,US,Kentucky,Wayne,77,0,0,36.80310688,-84.8251971,21231.0,378.69473270053606,0.0,77,76,0,0,76,76,20468,1,0,0,1,0
2020-08-15,US,Kentucky,Webster,92,1,0,37.52168356,-87.67989953,21233.0,710.8638541183742,1.0869565217391304,91,91,1,0,90,90,13111,1,0,0,1,1
2020-08-15,US,Kentucky,Whitley,170,1,0,36.75700531,-84.14541217,21235.0,468.7844694462828,0.5882352941176471,169,168,1,0,167,168,36242,2,0,0,2,0
2020-08-15,US,Kentucky,Wolfe,16,0,0,37.73941626,-83.49303612,21237.0,223.55735643426013,0.0,16,16,0,0,16,17,7177,0,0,0,0,-1
2020-08-15,US,Kentucky,Woodford,177,0,0,38.04178222,-84.7417556,21239.0,662.078252412658,0.0,177,175,0,0,175,170,26533,2,0,0,2,5
2020-08-15,US,Louisiana,Acadia,2684,89,0,30.295064899999996,-92.41419698,22001.0,4325.8924973809335,3.3159463487332337,2595,2684,89,0,2595,2673,62190,0,0,0,0,11
2020-08-15,US,Louisiana,Allen,1367,32,0,30.65385745,-92.82442028,22003.0,5334.217817145979,2.3408924652523773,1335,1367,32,0,1335,1332,25605,0,0,0,0,35
2020-08-15,US,Louisiana,Ascension,3016,79,0,30.20406249,-90.91328409999998,22005.0,2382.2312091245144,2.619363395225464,2937,3016,79,0,2937,2970,124672,0,0,0,0,46
2020-08-15,US,Louisiana,Assumption,606,20,0,29.89946234,-91.06461642,22007.0,2768.260929148965,3.3003300330033003,586,606,20,0,586,600,22300,0,0,0,0,6
2020-08-15,US,Louisiana,Avoyelles,1138,36,0,31.07796211,-92.00079449,22009.0,2834.794738939817,3.1634446397188047,1102,1138,36,0,1102,1128,40462,0,0,0,0,10
2020-08-15,US,Louisiana,Beauregard,878,21,0,30.64836518,-93.34173616,22011.0,2341.520654985732,2.3917995444191344,857,878,21,0,857,868,37253,0,0,0,0,10
2020-08-15,US,Louisiana,Bienville,390,30,0,32.34569994,-93.05398492,22013.0,2945.3968733479346,7.6923076923076925,360,390,30,0,360,388,13308,0,0,0,0,2
2020-08-15,US,Louisiana,Bossier,2445,82,0,32.67932307,-93.60460152,22015.0,1924.6058297058387,3.3537832310838445,2363,2445,82,0,2363,2428,127185,0,0,0,0,17
2020-08-15,US,Louisiana,Caddo,6887,297,0,32.57991587,-93.88375652,22017.0,2867.146259013173,4.312472774793088,6590,6887,297,0,6590,6851,242922,0,0,0,0,36
2020-08-15,US,Louisiana,Calcasieu,7013,154,0,30.22931235,-93.35400434,22019.0,3447.275801726341,2.195921859403964,6859,7013,154,0,6859,6960,203112,0,0,0,0,53
2020-08-15,US,Louisiana,Caldwell,234,3,0,32.0902519,-92.11752148,22021.0,2359.3466424682397,1.2820512820512822,231,234,3,0,231,230,9960,0,0,0,0,4
2020-08-15,US,Louisiana,Cameron,173,0,0,29.87592238,-93.19310676,22023.0,2480.998135666141,0.0,173,173,0,0,173,172,6968,0,0,0,0,1
2020-08-15,US,Louisiana,Catahoula,312,5,0,31.66778967,-91.84526385,22025.0,3286.2860754160524,1.6025641025641026,307,312,5,0,307,305,9608,0,0,0,0,7
2020-08-15,US,Louisiana,Claiborne,292,11,0,32.82308512,-92.99526883,22027.0,1863.4333120612635,3.767123287671233,281,292,11,0,281,290,15944,0,0,0,0,2
2020-08-15,US,Louisiana,Concordia,356,9,0,31.44817835,-91.63814433,22029.0,1848.4864219326032,2.5280898876404496,347,356,9,0,347,352,19572,0,0,0,0,4
2020-08-15,US,Louisiana,De Soto,765,27,0,32.05457447,-93.74130302,22031.0,2785.5660343006957,3.5294117647058822,738,765,27,0,738,756,27436,0,0,0,0,9
2020-08-15,US,Louisiana,East Baton Rouge,12716,372,0,30.53842039,-91.09777565,22033.0,2889.612529229036,2.925448254167977,12344,12716,372,0,12344,12587,440956,0,0,0,0,129
2020-08-15,US,Louisiana,East Carroll,520,2,0,32.73926954,-91.23425694,22035.0,7579.070106398484,0.38461538461538464,518,520,2,0,518,520,7037,0,0,0,0,0
2020-08-15,US,Louisiana,East Feliciana,619,39,0,30.84425359,-91.04976723,22037.0,3234.9098510582703,6.30048465266559,580,619,39,0,580,612,19305,0,0,0,0,7
2020-08-15,US,Louisiana,Evangeline,958,9,0,30.72985248,-92.39915924,22039.0,2868.6929181015116,0.9394572025052192,949,958,9,0,949,946,33443,0,0,0,0,12
2020-08-15,US,Louisiana,Franklin,980,19,0,32.13675181,-91.67589857,22041.0,4896.327754184362,1.9387755102040816,961,980,19,0,961,964,20156,0,0,0,0,16
2020-08-15,US,Louisiana,Grant,350,21,0,31.59882456,-92.56124347,22043.0,1563.2676760909376,6.0,329,350,21,0,329,335,22482,0,0,0,0,15
2020-08-15,US,Louisiana,Iberia,2602,75,0,29.86803617,-91.75871777,22045.0,3726.1921810110266,2.8823981552651805,2527,2602,75,0,2527,2588,70941,0,0,0,0,14
2020-08-15,US,Louisiana,Iberville,1279,50,0,30.25734305,-91.3499598,22047.0,3934.0530897234776,3.909304143862392,1229,1279,50,0,1229,1267,32721,0,0,0,0,12
2020-08-15,US,Louisiana,Jackson,397,19,0,32.30251776,-92.55692092,22049.0,2521.595528455285,4.785894206549118,378,397,19,0,378,386,15902,0,0,0,0,11
2020-08-15,US,Louisiana,Jefferson,15703,530,0,29.74075478,-90.11115756,22051.0,3630.810209645012,3.3751512449850347,15173,15703,530,0,15173,15597,434051,0,0,0,0,106
2020-08-15,US,Louisiana,Jefferson Davis,1071,29,0,30.26896765,-92.81210004,22053.0,3414.3075745983174,2.707749766573296,1042,1071,29,0,1042,1056,31582,0,0,0,0,15
2020-08-15,US,Louisiana,LaSalle,339,3,0,31.67884782,-92.15907765,22059.0,2276.390008058018,0.8849557522123894,336,339,3,0,336,324,14917,0,0,0,0,15
2020-08-15,US,Louisiana,Lafayette,7916,100,0,30.2049055,-92.06959876,22055.0,3239.0850689471745,1.2632642748863059,7816,7916,100,0,7816,7846,242782,0,0,0,0,70
2020-08-15,US,Louisiana,Lafourche,2949,104,0,29.52470226,-90.40976986,22057.0,3021.0830413670174,3.5266191929467614,2845,2949,104,0,2845,2916,98115,0,0,0,0,33
2020-08-15,US,Louisiana,Lincoln,839,34,0,32.6003154,-92.66597409999999,22061.0,1794.9595652732019,4.052443384982122,805,839,34,0,805,819,47196,0,0,0,0,20
2020-08-15,US,Louisiana,Livingston,3071,54,0,30.44143993,-90.73061664,22063.0,2181.27836691787,1.7583848909150115,3017,3071,54,0,3017,3027,139567,0,0,0,0,44
2020-08-15,US,Louisiana,Madison,631,6,0,32.36918118,-91.23973355,22065.0,5762.030864761208,0.9508716323296356,625,631,6,0,625,628,11161,0,0,0,0,3
2020-08-15,US,Louisiana,Morehouse,549,14,0,32.81686191,-91.80421614,22067.0,2207.123904478572,2.550091074681238,535,549,14,0,535,542,25398,0,0,0,0,7
2020-08-15,US,Louisiana,Natchitoches,823,17,0,31.72321584,-93.09816516,22069.0,2156.8216363541064,2.0656136087484813,806,823,17,0,806,816,38659,0,0,0,0,7
2020-08-15,US,Louisiana,Orleans,10939,566,0,30.06971951,-89.92660315,22071.0,2803.836532152231,5.174147545479476,10373,10939,566,0,10373,10899,391006,0,0,0,0,40
2020-08-15,US,Louisiana,Ouachita,5067,117,0,32.47645559,-92.15704172,22073.0,3305.7365979684105,2.3090586145648317,4950,5067,117,0,4950,5027,154475,0,0,0,0,40
2020-08-15,US,Louisiana,Plaquemines,469,19,0,29.42245447,-89.60322085,22075.0,2021.8131654955387,4.051172707889126,450,469,19,0,450,465,23410,0,0,0,0,4
2020-08-15,US,Louisiana,Pointe Coupee,838,33,0,30.71409502,-91.60209535,22077.0,3856.4196962724345,3.9379474940334127,805,838,33,0,805,818,21940,0,0,0,0,20
2020-08-15,US,Louisiana,Rapides,3447,123,0,31.19778499,-92.52997303,22079.0,2658.7375046279158,3.5683202785030463,3324,3447,123,0,3324,3410,130562,0,0,0,0,37
2020-08-15,US,Louisiana,Red River,276,14,0,32.09530039,-93.34213308,22081.0,3269.3674484719263,5.0724637681159415,262,276,14,0,262,252,8477,0,0,0,0,24
2020-08-15,US,Louisiana,Richland,635,8,0,32.41391005,-91.76634876,22083.0,3155.749925454726,1.2598425196850394,627,635,8,0,627,624,20192,0,0,0,0,11
2020-08-15,US,Louisiana,Sabine,682,11,0,31.56388699,-93.55433981,22085.0,2855.4680957963487,1.6129032258064515,671,682,11,0,671,671,24032,0,0,0,0,11
2020-08-15,US,Louisiana,St. Bernard,1126,24,0,29.87761636,-89.51887093,22087.0,2383.371433409533,2.131438721136768,1102,1126,24,0,1102,1125,46721,0,0,0,0,1
2020-08-15,US,Louisiana,St. Charles,1526,54,0,29.90709658,-90.35555967,22089.0,2873.8229755178913,3.5386631716906947,1472,1526,54,0,1472,1515,52879,0,0,0,0,11
2020-08-15,US,Louisiana,St. Helena,280,2,0,30.82210324,-90.71013176,22091.0,2763.521515988946,0.7142857142857143,278,280,2,0,278,279,10262,0,0,0,0,1
2020-08-15,US,Louisiana,St. James,734,32,0,30.02531716,-90.80212061,22093.0,3479.3325748957145,4.359673024523161,702,734,32,0,702,730,21037,0,0,0,0,4
2020-08-15,US,Louisiana,St. John the Baptist,1455,93,0,30.12597499,-90.4753503,22095.0,3396.5964003081453,6.391752577319587,1362,1455,93,0,1362,1448,43184,0,0,0,0,7
2020-08-15,US,Louisiana,St. Landry,2866,93,0,30.59724262,-92.00135806,22097.0,3489.844625200916,3.2449406838799715,2773,2866,93,0,2773,2841,82764,0,0,0,0,25
2020-08-15,US,Louisiana,St. Martin,1784,47,0,30.13112107,-91.61403569,22099.0,3338.885665624824,2.6345291479820627,1737,1784,47,0,1737,1760,53621,0,0,0,0,24
2020-08-15,US,Louisiana,St. Mary,1666,59,0,29.69262097,-91.44702164,22101.0,3376.0233444111213,3.5414165666266513,1607,1666,59,0,1607,1658,49774,0,0,0,0,8
2020-08-15,US,Louisiana,St. Tammany,5480,218,0,30.40942847,-89.95642711,22103.0,2104.3011454617367,3.9781021897810223,5262,5480,218,0,5262,5429,258111,0,0,0,0,51
2020-08-15,US,Louisiana,Tangipahoa,3664,80,0,30.62888673,-90.40664996,22105.0,2718.948040190564,2.183406113537118,3584,3664,80,0,3584,3619,133777,0,0,0,0,45
2020-08-15,US,Louisiana,Tensas,94,0,0,32.00760749,-91.32915234,22107.0,2168.897092754961,0.0,94,94,0,0,94,91,4462,0,0,0,0,3
2020-08-15,US,Louisiana,Terrebonne,3160,86,0,29.37343766,-90.82626855,22109.0,2860.7381790858312,2.7215189873417716,3074,3160,86,0,3074,3115,111021,0,0,0,0,45
2020-08-15,US,Louisiana,Unassigned,238,123,0,0.0,0.0,90022.0,0.0,51.680672268907564,115,238,123,0,115,240,,0,0,0,0,-2
2020-08-15,US,Louisiana,Union,737,35,0,32.83121059,-92.3749373,22111.0,3333.634883300163,4.7489823609226605,702,737,35,0,702,732,22330,0,0,0,0,5
2020-08-15,US,Louisiana,Vermilion,1714,28,0,29.83517605,-92.30292538,22113.0,2880.1398060862707,1.633605600933489,1686,1714,28,0,1686,1689,59830,0,0,0,0,25
2020-08-15,US,Louisiana,Vernon,806,30,0,31.10884837,-93.18153838,22115.0,1699.382234497881,3.7220843672456576,776,806,30,0,776,798,48860,0,0,0,0,8
2020-08-15,US,Louisiana,Washington,1320,58,0,30.85288548,-90.03866652,22117.0,2857.513962852319,4.393939393939394,1262,1320,58,0,1262,1312,46582,0,0,0,0,8
2020-08-15,US,Louisiana,Webster,939,16,0,32.70847669,-93.33121835,22119.0,2449.1392801251955,1.703940362087327,923,939,16,0,923,916,38798,0,0,0,0,23
2020-08-15,US,Louisiana,West Baton Rouge,754,37,0,30.46058217,-91.30989571,22121.0,2849.045909692047,4.907161803713529,717,754,37,0,717,745,26427,0,0,0,0,9
2020-08-15,US,Louisiana,West Carroll,307,7,0,32.78550125,-91.461201,22123.0,2834.71837488458,2.280130293159609,300,307,7,0,300,302,10982,0,0,0,0,5
2020-08-15,US,Louisiana,West Feliciana,399,18,0,30.87882871,-91.41485379999999,22125.0,2562.94964028777,4.511278195488722,381,399,18,0,381,397,15460,0,0,0,0,2
2020-08-15,US,Louisiana,Winn,467,7,0,31.94449367,-92.63789413,22127.0,3358.7456846950518,1.4989293361884368,460,467,7,0,460,453,14134,0,0,0,0,14
2020-08-15,US,Maine,Androscoggin,575,9,0,44.1664747,-70.20380627,23001.0,531.0453743639,1.5652173913043481,566,575,8,0,567,570,107679,0,1,0,-1,5
2020-08-15,US,Maine,Aroostook,33,1,0,46.65926321,-68.59841248,23003.0,49.21333233912461,3.0303030303030303,32,33,1,0,32,33,67111,0,0,0,0,0
2020-08-15,US,Maine,Cumberland,2122,69,0,43.8370751,-70.37226999,23005.0,719.3147188333678,3.2516493873704047,2053,2113,69,0,2044,2103,293557,9,0,0,9,10
2020-08-15,US,Maine,Franklin,47,1,0,44.97330019,-70.44381045,23007.0,155.6342925262426,2.127659574468085,46,47,1,0,46,45,29897,0,0,0,0,2
2020-08-15,US,Maine,Hancock,40,1,0,44.59816444,-68.38401854,23009.0,72.74446687398842,2.5,39,40,1,0,39,40,54811,0,0,0,0,0
2020-08-15,US,Maine,Kennebec,171,11,0,44.40759555,-69.76738544,23011.0,139.81782799954212,6.432748538011697,160,171,11,0,160,171,122083,0,0,0,0,0
2020-08-15,US,Maine,Knox,27,1,0,44.11486325,-69.10529169,23013.0,67.88695564718898,3.703703703703704,26,27,1,0,26,27,39771,0,0,0,0,0
2020-08-15,US,Maine,Lincoln,35,1,0,44.05996956,-69.54227124,23015.0,101.05676502858464,2.8571428571428568,34,35,1,0,34,35,34342,0,0,0,0,0
2020-08-15,US,Maine,Oxford,57,0,0,44.49952995,-70.75682123,23017.0,98.31824062095731,0.0,57,56,0,0,56,55,57618,1,0,0,1,1
2020-08-15,US,Maine,Penobscot,170,5,0,45.40194593,-68.65020455,23019.0,111.73331230118043,2.9411764705882355,165,162,5,0,157,156,151096,8,0,0,8,6
2020-08-15,US,Maine,Piscataquis,11,0,0,45.83839062,-69.2860223,23021.0,65.5347036044087,0.0,11,6,0,0,6,6,16800,5,0,0,5,0
2020-08-15,US,Maine,Sagadahoc,58,0,0,43.95415864,-69.85074999,23023.0,161.75814368585452,0.0,58,58,0,0,58,57,35634,0,0,0,0,1
2020-08-15,US,Maine,Somerset,36,1,0,45.51229767,-69.95995554,23025.0,71.30972189208462,2.7777777777777777,35,35,1,0,34,35,50592,1,0,0,1,0
2020-08-15,US,Maine,Unassigned,2,0,0,0.0,0.0,90023.0,0.0,0.0,2,1,0,0,1,1,,1,0,0,1,0
2020-08-15,US,Maine,Waldo,62,14,0,44.4858305,-69.12061935,23027.0,156.11230013848672,22.580645161290327,48,62,14,0,48,62,39694,0,0,0,0,0
2020-08-15,US,Maine,Washington,14,0,0,45.01607142,-67.62813524,23029.0,44.61582587080533,0.0,14,14,0,0,14,13,31490,0,0,0,0,1
2020-08-15,US,Maine,York,684,13,0,43.47808377,-70.71052375,23031.0,329.41471096748717,1.9005847953216373,671,681,13,0,668,680,206229,3,0,0,3,1
2020-08-15,US,Maryland,Allegany,338,18,0,39.62357628,-78.69280486,24001.0,480.0045444217224,5.325443786982248,320,326,18,0,308,312,70975,12,0,0,12,14
2020-08-15,US,Maryland,Anne Arundel,7618,229,0,39.00670238,-76.60329337,24003.0,1315.1852273865138,3.006038330270412,7389,7564,228,0,7336,7528,576031,54,1,0,53,36
2020-08-15,US,Maryland,Baltimore,13847,574,0,39.45784712,-76.62911955,24005.0,1673.6163989508927,4.145302231530295,13273,13699,574,0,13125,13593,828431,148,0,0,148,106
2020-08-15,US,Maryland,Baltimore City,13341,441,0,39.30211911,-76.61151012,24510.0,2247.889602183693,3.305599280413762,12900,13210,438,0,12772,13063,621342,131,3,0,128,147
2020-08-15,US,Maryland,Calvert,733,28,0,38.53961642,-76.56820632,24009.0,792.2183193731424,3.819918144611187,705,725,28,0,697,724,92003,8,0,0,8,1
2020-08-15,US,Maryland,Caroline,460,3,0,38.87172293,-75.82904158,24011.0,1376.9981440459799,0.6521739130434783,457,457,3,0,454,455,33304,3,0,0,3,2
2020-08-15,US,Maryland,Carroll,1603,118,0,39.56453592,-77.02373735,24013.0,951.6346387884616,7.3611977542108535,1485,1596,118,0,1478,1583,168429,7,0,0,7,13
2020-08-15,US,Maryland,Cecil,724,30,0,39.56647682,-75.94627411,24015.0,703.9035535462544,4.143646408839779,694,719,30,0,689,715,102826,5,0,0,5,4
2020-08-15,US,Maryland,Charles,2152,93,0,38.51092331,-76.98580666,24017.0,1318.1670617492666,4.321561338289963,2059,2119,92,0,2027,2102,161503,33,1,0,32,17
2020-08-15,US,Maryland,Dorchester,402,5,0,38.45413522,-76.02752426,24019.0,1259.0435027717751,1.243781094527363,397,394,5,0,389,393,31998,8,0,0,8,1
2020-08-15,US,Maryland,Frederick,3196,121,0,39.47296601,-77.39999394,24021.0,1231.3762054656768,3.7859824780976217,3075,3173,121,0,3052,3154,255648,23,0,0,23,19
2020-08-15,US,Maryland,Garrett,58,0,0,39.52786077,-79.27355126,24023.0,199.90349486454812,0.0,58,54,0,0,54,54,29163,4,0,0,4,0
2020-08-15,US,Maryland,Harford,2125,69,0,39.55010644,-76.30775940000002,24025.0,831.8946449473656,3.247058823529412,2056,2085,69,0,2016,2055,253956,40,0,0,40,30
2020-08-15,US,Maryland,Howard,4040,115,0,39.25305293,-76.93126208,24027.0,1240.4433663913535,2.8465346534653464,3925,4009,115,0,3894,3967,323196,31,0,0,31,42
2020-08-15,US,Maryland,Kent,242,23,0,39.24976208,-76.04741541,24029.0,1246.0096797446195,9.504132231404961,219,242,23,0,219,242,19383,0,0,0,0,0
2020-08-15,US,Maryland,Montgomery,18925,808,0,39.13676329,-77.20358245,24031.0,1801.2007370408726,4.2694848084544255,18117,18819,808,0,18011,18752,1052567,106,0,0,106,67
2020-08-15,US,Maryland,Prince George's,24588,768,0,38.83070039,-76.8496441,24033.0,2703.9777769713205,3.123474865788189,23820,24442,766,0,23676,24301,909308,146,2,0,144,141
2020-08-15,US,Maryland,Queen Anne's,470,26,0,39.06198912,-76.03530977,24035.0,932.8913677775353,5.531914893617022,444,468,26,0,442,446,50251,2,0,0,2,22
2020-08-15,US,Maryland,Somerset,147,3,0,38.1163542,-75.75118623,24039.0,573.8600874453466,2.0408163265306123,144,142,3,0,139,141,25675,5,0,0,5,1
2020-08-15,US,Maryland,St. Mary's,1040,52,0,38.30058422,-76.60629279999998,24037.0,916.2188353449036,5.0,988,1039,52,0,987,1022,112664,1,0,0,1,17
2020-08-15,US,Maryland,Talbot,418,4,0,38.76618159,-76.10882561,24041.0,1124.2301175331486,0.9569377990430622,414,412,4,0,408,411,36968,6,0,0,6,1
2020-08-15,US,Maryland,Unassigned,0,12,0,0.0,0.0,90024.0,0.0,0.0,-12,0,14,0,-14,0,,0,-2,0,2,0
2020-08-15,US,Maryland,Washington,1117,31,0,39.60835778,-77.82002295,24043.0,739.4951307191707,2.775290957923008,1086,1090,31,0,1059,1066,150926,27,0,0,27,24
2020-08-15,US,Maryland,Wicomico,1390,45,0,38.37301947,-75.62705831,24045.0,1341.582294974375,3.2374100719424463,1345,1381,45,0,1336,1374,103195,9,0,0,9,7
2020-08-15,US,Maryland,Worcester,719,20,0,38.21274277,-75.33200012,24047.0,1375.3921493610833,2.7816411682892905,699,710,20,0,690,707,51823,9,0,0,9,3
2020-08-15,US,Massachusetts,Barnstable,1803,158,0,41.72980578,-70.28854339,25001.0,846.51861589746,8.763172490293954,1645,1803,158,0,1645,1803,213413,0,0,0,0,0
2020-08-15,US,Massachusetts,Berkshire,667,46,0,42.37428441,-73.20524838,25003.0,533.8391599436547,6.896551724137932,621,667,46,0,621,667,126348,0,0,0,0,0
2020-08-15,US,Massachusetts,Bristol,9408,637,0,41.79228404,-71.10872211,25005.0,1664.4934600339334,6.770833333333332,8771,9408,637,0,8771,9408,564022,0,0,0,0,0
2020-08-15,US,Massachusetts,Dukes and Nantucket,103,1,0,41.40674725,-70.68763497,0.0,358.49778984372284,0.9708737864077671,102,103,1,0,102,103,26707,0,0,0,0,0
2020-08-15,US,Massachusetts,Essex,17930,1194,0,42.6687626,-70.94687179,25009.0,2272.3989080318465,6.659230340211935,16736,17930,1194,0,16736,17930,790638,0,0,0,0,0
2020-08-15,US,Massachusetts,Franklin,411,61,0,42.58119713,-72.58602547,25011.0,585.6369335993161,14.841849148418493,350,411,61,0,350,411,70963,0,0,0,0,0
2020-08-15,US,Massachusetts,Hampden,7637,709,0,42.13440424,-72.63235561,25013.0,1637.5339857452848,9.283750163676837,6928,7637,709,0,6928,7637,470406,0,0,0,0,0
2020-08-15,US,Massachusetts,Hampshire,1184,130,0,42.33997957,-72.65898478,25015.0,736.1810607473732,10.979729729729732,1054,1184,130,0,1054,1184,161355,0,0,0,0,0
2020-08-15,US,Massachusetts,Middlesex,26565,2006,0,42.48607732,-71.39049229,25017.0,1648.26062434735,7.551289290419725,24559,26565,2006,0,24559,26565,1614714,0,0,0,0,0
2020-08-15,US,Massachusetts,Norfolk,10682,997,0,42.16073095,-71.20530408,25021.0,1511.3720773937955,9.333458153903763,9685,10682,997,0,9685,10682,705388,0,0,0,0,0
2020-08-15,US,Massachusetts,Plymouth,9288,723,0,41.94070556,-70.80802823,25023.0,1782.034604625462,7.784237726098191,8565,9288,723,0,8565,9288,518132,0,0,0,0,0
2020-08-15,US,Massachusetts,Suffolk,22017,1076,0,42.327951399999996,-71.07850442,25025.0,2738.749631487224,4.8871326702093825,20941,22017,1076,0,20941,22017,807252,0,0,0,0,0
2020-08-15,US,Massachusetts,Unassigned,1818,81,0,0.0,0.0,90025.0,0.0,4.455445544554456,1737,1347,65,0,1282,1042,,471,16,0,455,305
2020-08-15,US,Massachusetts,Worcester,13686,1007,0,42.35026951,-71.90493363,25027.0,1647.6808945585356,7.3578839690194355,12679,13686,1007,0,12679,13686,830839,0,0,0,0,0
2020-08-15,US,Michigan,Alcona,29,1,0,44.6846864,-83.59507875,26001.0,278.71215761653053,3.4482758620689653,28,29,1,0,28,29,10362,0,0,0,0,0
2020-08-15,US,Michigan,Alger,17,0,0,46.41292944,-86.60260122,26003.0,186.649099692578,0.0,17,17,0,0,17,15,9097,0,0,0,0,2
2020-08-15,US,Michigan,Allegan,564,6,0,42.59147037,-85.89102866,26005.0,477.6382313835418,1.0638297872340423,558,549,6,0,543,548,117327,15,0,0,15,1
2020-08-15,US,Michigan,Alpena,129,13,0,45.03477666,-83.62212411,26007.0,454.145396937159,10.077519379844961,116,129,13,0,116,130,28360,0,0,0,0,-1
2020-08-15,US,Michigan,Antrim,42,0,0,44.99690221,-85.15503082,26009.0,180.07202881152458,0.0,42,42,0,0,42,41,23365,0,0,0,0,1
2020-08-15,US,Michigan,Arenac,48,3,0,44.0636262,-83.89277559,26011.0,322.5156218504334,6.25,45,47,3,0,44,44,15041,1,0,0,1,3
2020-08-15,US,Michigan,Baraga,5,0,0,46.6720582,-88.36363591,26013.0,60.9087586794981,0.0,5,5,0,0,5,5,8320,0,0,0,0,0
2020-08-15,US,Michigan,Barry,197,2,0,42.59513984,-85.30834519,26015.0,320.06498781478473,1.0152284263959392,195,195,2,0,193,192,61157,2,0,0,2,3
2020-08-15,US,Michigan,Bay,704,35,0,43.70639106,-83.98731479,26017.0,682.6600469328782,4.971590909090909,669,697,35,0,662,686,103923,7,0,0,7,11
2020-08-15,US,Michigan,Benzie,36,1,0,44.63899297,-86.01608482,26019.0,202.63424518743668,2.7777777777777777,35,35,1,0,34,30,17753,1,0,0,1,5
2020-08-15,US,Michigan,Berrien,1453,69,0,41.95447397,-86.41313079999998,26021.0,947.1906962796852,4.748795595320027,1384,1429,67,0,1362,1408,154141,24,2,0,22,21
2020-08-15,US,Michigan,Branch,379,2,0,41.91600556,-85.05929476,26023.0,870.9240067100212,0.5277044854881267,377,378,2,0,376,369,43622,1,0,0,1,9
2020-08-15,US,Michigan,Calhoun,835,43,0,42.24633834,-85.00493569,26025.0,622.3958139222863,5.1497005988023945,792,829,43,0,786,819,134487,6,0,0,6,10
2020-08-15,US,Michigan,Cass,359,15,0,41.91522292,-85.99405727,26027.0,693.2241682275475,4.178272980501393,344,348,14,0,334,345,51653,11,1,0,10,3
2020-08-15,US,Michigan,Charlevoix,54,2,0,45.37790017,-85.19614053,26029.0,206.55624832651188,3.703703703703704,52,51,2,0,49,51,26244,3,0,0,3,0
2020-08-15,US,Michigan,Cheboygan,56,2,0,45.44787015,-84.50122149,26031.0,221.55404336129126,3.571428571428572,54,54,2,0,52,53,25413,2,0,0,2,1
2020-08-15,US,Michigan,Chippewa,44,0,0,46.29552653,-84.54353449,26033.0,117.80770569493158,0.0,44,44,0,0,44,44,37517,0,0,0,0,0
2020-08-15,US,Michigan,Clare,80,3,0,43.98794227,-84.84819859999998,26035.0,258.48142164781905,3.75,77,80,3,0,77,80,30757,0,0,0,0,0
2020-08-15,US,Michigan,Clinton,436,13,0,42.94400871,-84.60145248,26037.0,547.7731013254602,2.9816513761467887,423,431,13,0,418,430,79332,5,0,0,5,1
2020-08-15,US,Michigan,Crawford,109,5,0,44.68255561,-84.61006219,26039.0,776.9620072706537,4.587155963302751,104,108,5,0,103,107,13901,1,0,0,1,1
2020-08-15,US,Michigan,Delta,113,3,0,45.90484910000001,-86.9080745,26041.0,315.78359043147776,2.6548672566371683,110,111,3,0,108,106,35857,2,0,0,2,5
2020-08-15,US,Michigan,Dickinson,59,2,0,46.00999672,-87.86961634,26043.0,233.76520464360715,3.3898305084745757,57,59,2,0,57,62,25383,0,0,0,0,-3
2020-08-15,US,Michigan,Eaton,473,8,0,42.59599185,-84.83740035,26045.0,428.9549098559872,1.6913319238900637,465,471,8,0,463,465,109826,2,0,0,2,6
2020-08-15,US,Michigan,Emmet,74,2,0,45.52625509,-84.89083249,26047.0,221.4574292982193,2.702702702702702,72,72,2,0,70,67,33308,2,0,0,2,5
2020-08-15,US,Michigan,Federal Correctional Institution (FCI),195,5,0,0.0,0.0,0.0,0.0,2.5641025641025643,190,195,5,0,190,195,,0,0,0,0,0
2020-08-15,US,Michigan,Genesee,3733,298,0,43.02244215,-83.70589709,26049.0,919.8818174873649,7.9828556121082235,3435,3717,299,0,3418,3699,406892,16,-1,0,17,18
2020-08-15,US,Michigan,Gladwin,66,2,0,43.98901072,-84.38774817,26051.0,259.3422138394436,3.0303030303030303,64,63,2,0,61,62,25337,3,0,0,3,1
2020-08-15,US,Michigan,Gogebic,133,1,0,46.40862701,-89.69377193,26053.0,951.6994633273703,0.7518796992481203,132,132,1,0,131,130,15096,1,0,0,1,2
2020-08-15,US,Michigan,Grand Traverse,237,5,0,44.69565625,-85.55585247,26055.0,254.59779993124783,2.109704641350211,232,235,5,0,230,224,92573,2,0,0,2,11
2020-08-15,US,Michigan,Gratiot,165,15,0,43.29265605,-84.60505416,26057.0,405.2958659821669,9.090909090909092,150,162,15,0,147,161,40599,3,0,0,3,1
2020-08-15,US,Michigan,Hillsdale,282,25,0,41.88753639,-84.59312019,26059.0,618.3532507400504,8.865248226950357,257,281,25,0,256,281,45749,1,0,0,1,0
2020-08-15,US,Michigan,Houghton,53,0,0,46.89988536,-88.68495385,26061.0,148.52595000560476,0.0,53,53,0,0,53,51,36219,0,0,0,0,2
2020-08-15,US,Michigan,Huron,170,4,0,43.83353985,-83.04078453,26063.0,548.7234111229463,2.3529411764705883,166,166,4,0,162,165,31166,4,0,0,4,1
2020-08-15,US,Michigan,Ingham,1610,33,0,42.59716886,-84.37472069,26065.0,550.6042967654563,2.0496894409937894,1577,1597,32,0,1565,1588,292735,13,1,0,12,9
2020-08-15,US,Michigan,Ionia,278,7,0,42.94502238,-85.07413319,26067.0,429.6953490888295,2.5179856115107917,271,277,7,0,270,275,64210,1,0,0,1,2
2020-08-15,US,Michigan,Iosco,136,12,0,44.35486835,-83.63484895,26069.0,541.2504477255542,8.823529411764708,124,136,12,0,124,135,25081,0,0,0,0,1
2020-08-15,US,Michigan,Iron,21,1,0,46.20974132,-88.53136251,26071.0,189.77046810048802,4.761904761904762,20,20,1,0,19,20,11117,1,0,0,1,0
2020-08-15,US,Michigan,Isabella,224,9,0,43.64060976,-84.84664923,26073.0,320.5862147927639,4.017857142857143,215,221,9,0,212,222,70562,3,0,0,3,-1
2020-08-15,US,Michigan,Jackson,737,35,0,42.24807035,-84.42258681,26075.0,464.95489243580846,4.7489823609226605,702,734,34,0,700,724,158823,3,1,0,2,10
2020-08-15,US,Michigan,Kalamazoo,1728,84,0,42.24542231,-85.53038622,26077.0,651.9131084333712,4.861111111111111,1644,1705,84,0,1621,1700,264870,23,0,0,23,5
2020-08-15,US,Michigan,Kalkaska,56,4,0,44.68512729,-85.09085699,26079.0,310.45570462357244,7.142857142857142,52,54,4,0,50,54,17824,2,0,0,2,0
2020-08-15,US,Michigan,Kent,7743,157,0,43.03197711,-85.54934642,26081.0,1178.6195401511518,2.0276378664600285,7586,7702,157,0,7545,7671,653786,41,0,0,41,31
2020-08-15,US,Michigan,Keweenaw,3,0,0,47.63197653,-88.41434263,26083.0,141.77693761814746,0.0,3,3,0,0,3,3,2113,0,0,0,0,0
2020-08-15,US,Michigan,Lake,28,0,0,43.99050893,-85.802173,26085.0,236.22711549818612,0.0,28,28,0,0,28,27,11881,0,0,0,0,1
2020-08-15,US,Michigan,Lapeer,491,33,0,43.09052506,-83.22153148,26087.0,560.4574976885409,6.720977596741344,458,490,33,0,457,482,88028,1,0,0,1,8
2020-08-15,US,Michigan,Leelanau,74,0,0,44.94430054,-85.80150326,26089.0,340.0579017508386,0.0,74,74,0,0,74,74,21764,0,0,0,0,0
2020-08-15,US,Michigan,Lenawee,470,12,0,41.89475156,-84.06603727,26091.0,477.39484616712883,2.5531914893617023,458,466,12,0,454,458,98266,4,0,0,4,8
2020-08-15,US,Michigan,Livingston,905,28,0,42.60302282,-83.91297209,26093.0,471.36644183442274,3.0939226519337018,877,880,28,0,852,869,191224,25,0,0,25,11
2020-08-15,US,Michigan,Luce,15,0,0,46.47227431,-85.54471223,26095.0,240.8091186386258,0.0,15,23,0,0,23,4,6283,-8,0,0,-8,19
2020-08-15,US,Michigan,Mackinac,27,0,0,46.07028979,-85.04980537,26097.0,250.0231502916937,0.0,27,27,0,0,27,26,10787,0,0,0,0,1
2020-08-15,US,Michigan,Macomb,11221,955,0,42.69158356,-82.92752801,26099.0,1283.9084089650466,8.510827911950807,10266,11084,950,0,10134,10953,874759,137,5,0,132,131
2020-08-15,US,Michigan,Manistee,42,1,0,44.33352407,-86.05626916,26101.0,171.02369899828975,2.380952380952381,41,42,1,0,41,40,24528,0,0,0,0,2
2020-08-15,US,Michigan,Marquette,194,11,0,46.4338914,-87.64043701,26103.0,290.85893341729263,5.6701030927835046,183,184,11,0,173,179,66516,10,0,0,10,5
2020-08-15,US,Michigan,Mason,104,0,0,43.99509218,-86.24988902,26105.0,356.84875102937133,0.0,104,104,0,0,104,103,29100,0,0,0,0,1
2020-08-15,US,Michigan,Mecosta,73,2,0,43.64064262,-85.32463223,26107.0,167.9976066094401,2.7397260273972597,71,71,2,0,69,70,43545,2,0,0,2,1
2020-08-15,US,Michigan,Menominee,176,0,0,45.58038692,-87.55370409,26109.0,772.6075504828798,0.0,176,165,0,0,165,153,22983,11,0,0,11,12
2020-08-15,US,Michigan,Michigan Department of Corrections (MDOC),4713,69,0,0.0,0.0,0.0,0.0,1.464035646085296,4644,4602,69,0,4533,4598,,111,0,0,111,4
2020-08-15,US,Michigan,Midland,357,10,0,43.64330771,-84.38804374,26111.0,429.31357929674346,2.8011204481792715,347,352,10,0,342,348,83209,5,0,0,5,4
2020-08-15,US,Michigan,Missaukee,42,1,0,44.33772443,-85.09256478,26113.0,277.81452573091684,2.380952380952381,41,42,1,0,41,42,15113,0,0,0,0,0
2020-08-15,US,Michigan,Monroe,1056,25,0,41.92734151,-83.53749864,26115.0,701.6611295681063,2.3674242424242418,1031,1050,25,0,1025,1032,150439,6,0,0,6,18
2020-08-15,US,Michigan,Montcalm,204,2,0,43.31082541,-85.15252824,26117.0,319.30879038317056,0.9803921568627452,202,201,2,0,199,199,63968,3,0,0,3,2
2020-08-15,US,Michigan,Montmorency,8,0,0,45.0275929,-84.12696227,26119.0,85.76329331046313,0.0,8,8,0,0,8,8,9265,0,0,0,0,0
2020-08-15,US,Michigan,Muskegon,1377,63,0,43.29123859,-86.15176712,26121.0,793.3581461807036,4.575163398692809,1314,1209,61,0,1148,1202,173588,168,2,0,166,7
2020-08-15,US,Michigan,Newaygo,264,0,0,43.554373999999996,-85.80070107,26123.0,538.9955083707637,0.0,264,263,0,0,263,258,48892,1,0,0,1,5
2020-08-15,US,Michigan,Oakland,16378,1140,0,42.66090111,-83.38595416,26125.0,1302.3384521431572,6.960556844547564,15238,16236,1136,0,15100,16083,1259201,142,4,0,138,153
2020-08-15,US,Michigan,Oceana,485,6,0,43.64124435,-86.26726673,26127.0,1832.4706237956696,1.2371134020618555,479,484,6,0,478,479,26625,1,0,0,1,5
2020-08-15,US,Michigan,Ogemaw,54,3,0,44.33481032,-84.12725175,26129.0,257.17959708529787,5.5555555555555545,51,54,3,0,51,54,20952,0,0,0,0,0
2020-08-15,US,Michigan,Ontonagon,23,0,0,46.665226200000006,-89.31390481,26131.0,402.0979020979021,0.0,23,21,0,0,21,20,5795,2,0,0,2,1
2020-08-15,US,Michigan,Osceola,71,0,0,43.98992088,-85.32566756,26133.0,302.64279624893436,0.0,71,71,0,0,71,71,23341,0,0,0,0,0
2020-08-15,US,Michigan,Oscoda,26,1,0,44.68192279,-84.12939244,26135.0,315.4956922703556,3.8461538461538463,25,26,1,0,25,24,8276,0,0,0,0,2
2020-08-15,US,Michigan,Otsego,136,11,0,45.02085831,-84.59898295,26137.0,551.3215501864763,8.088235294117647,125,135,11,0,124,135,24665,1,0,0,1,0
2020-08-15,US,Michigan,Ottawa,1910,59,0,42.95996803,-85.9969107,26139.0,654.4906281054039,3.089005235602094,1851,1893,59,0,1834,1873,290494,17,0,0,17,20
2020-08-15,US,Michigan,Out of MI,129,1,0,0.0,0.0,80026.0,0.0,0.7751937984496124,128,118,1,0,117,119,,11,0,0,11,-1
2020-08-15,US,Michigan,Presque Isle,21,1,0,45.34018577,-83.91498656,26141.0,166.77255400254128,4.761904761904762,20,21,1,0,20,21,12738,0,0,0,0,0
2020-08-15,US,Michigan,Roscommon,57,2,0,44.33473082,-84.61067651,26143.0,237.31212789874684,3.5087719298245608,55,57,2,0,55,57,23884,0,0,0,0,0
2020-08-15,US,Michigan,Saginaw,2158,128,0,43.33433923,-84.05131209999998,26145.0,1132.57653288828,5.931417979610751,2030,2152,128,0,2024,2115,190800,6,0,0,6,37
2020-08-15,US,Michigan,Sanilac,113,6,0,43.42406072,-82.82055898,26151.0,274.471702696138,5.3097345132743365,107,111,6,0,105,111,41182,2,0,0,2,0
2020-08-15,US,Michigan,Schoolcraft,13,0,0,46.19235734,-86.19972234,26153.0,160.6127996046454,0.0,13,13,0,0,13,13,8068,0,0,0,0,0
2020-08-15,US,Michigan,Shiawassee,354,28,0,42.95392800000001,-84.14585902,26155.0,519.6559114529813,7.909604519774011,326,351,28,0,323,350,68192,3,0,0,3,1
2020-08-15,US,Michigan,St. Clair,841,53,0,42.92655373,-82.67937954,26147.0,528.5053541802826,6.302021403091557,788,841,53,0,788,837,159337,0,0,0,0,4
2020-08-15,US,Michigan,St. Joseph,622,10,0,41.91441767,-85.52797979,26149.0,1020.2742602191456,1.6077170418006432,612,618,10,0,608,608,61043,4,0,0,4,10
2020-08-15,US,Michigan,Tuscola,383,29,0,43.46606813,-83.41897025,26157.0,733.0845056943248,7.571801566579634,354,377,29,0,348,367,52516,6,0,0,6,10
2020-08-15,US,Michigan,Unassigned,7,1,0,0.0,0.0,90026.0,0.0,14.285714285714285,6,19,1,0,18,30,,-12,0,0,-12,-11
2020-08-15,US,Michigan,Van Buren,497,13,0,42.25190229,-86.01939087,26159.0,656.7385070761262,2.6156941649899395,484,491,10,0,481,478,75448,6,3,0,3,13
2020-08-15,US,Michigan,Washtenaw,2665,114,0,42.253105,-83.83853204,26161.0,724.9708243448738,4.277673545966228,2551,2659,114,0,2545,2640,370963,6,0,0,6,19
2020-08-15,US,Michigan,Wayne,29062,2837,0,42.28098405,-83.281255,26163.0,1661.3094173069546,9.761888376574221,26225,28877,2835,0,26042,28690,1753893,185,2,0,183,187
2020-08-15,US,Michigan,Wexford,71,4,0,44.33853602,-85.57712739,26165.0,211.11474532425441,5.633802816901407,67,71,4,0,67,70,33466,0,0,0,0,1
2020-08-15,US,Minnesota,Aitkin,42,1,0,46.60962049,-93.41168259999999,27001.0,264.3837341055017,2.380952380952381,41,42,1,0,41,41,15902,0,0,0,0,1
2020-08-15,US,Minnesota,Anoka,3955,115,0,45.27476015,-93.24604565,27003.0,1108.0883444795907,2.9077117572692788,3840,3891,115,0,3776,3841,353813,64,0,0,64,50
2020-08-15,US,Minnesota,Becker,164,1,0,46.93479392,-95.67158144,27005.0,476.4256456439009,0.6097560975609756,163,164,1,0,163,162,34371,0,0,0,0,2
2020-08-15,US,Minnesota,Beltrami,269,0,0,47.97373527,-94.93732139,27007.0,570.0601847927439,0.0,269,267,0,0,267,264,46847,2,0,0,2,3
2020-08-15,US,Minnesota,Benton,331,3,0,45.69804958,-93.99514135,27009.0,809.5086698133972,0.9063444108761328,328,327,3,0,324,325,40545,4,0,0,4,2
2020-08-15,US,Minnesota,Big Stone,25,0,0,45.42712824,-96.41403739,27011.0,500.9016229212583,0.0,25,25,0,0,25,25,4989,0,0,0,0,0
2020-08-15,US,Minnesota,Blue Earth,977,6,0,44.03554215,-94.06699781,27013.0,1444.1340369237134,0.6141248720573184,971,960,6,0,954,946,67427,17,0,0,17,14
2020-08-15,US,Minnesota,Brown,96,2,0,44.24205652,-94.72562874,27015.0,383.8771593090211,2.083333333333333,94,92,2,0,90,92,25111,4,0,0,4,0
2020-08-15,US,Minnesota,Carlton,151,0,0,46.59180601,-92.67601019,27017.0,420.9528588553428,0.0,151,149,0,0,149,147,35837,2,0,0,2,2
2020-08-15,US,Minnesota,Carver,928,3,0,44.82017001,-93.80099179999999,27019.0,883.0610244649772,0.3232758620689655,925,915,3,0,912,899,103551,13,0,0,13,16
2020-08-15,US,Minnesota,Cass,79,3,0,46.95043611,-94.32603968,27021.0,265.287618791766,3.79746835443038,76,79,3,0,76,80,29519,0,0,0,0,-1
2020-08-15,US,Minnesota,Chippewa,121,1,0,45.02343421,-95.56403693,27023.0,1025.4237288135594,0.8264462809917356,120,119,1,0,118,117,11924,2,0,0,2,2
2020-08-15,US,Minnesota,Chisago,212,1,0,45.5021011,-92.90861945,27025.0,374.6973258629527,0.4716981132075472,211,211,1,0,210,209,55922,1,0,0,1,2
2020-08-15,US,Minnesota,Clay,797,40,0,46.89289518,-96.48761922,27027.0,1241.0077543520913,5.018820577164368,757,795,40,0,755,794,63955,2,0,0,2,1
2020-08-15,US,Minnesota,Clearwater,14,0,0,47.57992111,-95.37790562,27029.0,158.76616012701294,0.0,14,14,0,0,14,14,8810,0,0,0,0,0
2020-08-15,US,Minnesota,Cook,6,0,0,47.90504893,-90.52629546,27031.0,109.82976386600771,0.0,6,6,0,0,6,5,5393,0,0,0,0,1
2020-08-15,US,Minnesota,Cottonwood,180,0,0,44.00715262,-95.18138802,27033.0,1607.717041800643,0.0,180,180,0,0,180,178,11277,0,0,0,0,2
2020-08-15,US,Minnesota,Crow Wing,268,14,0,46.48096553,-94.06755609,27035.0,411.95911152102076,5.223880597014926,254,265,14,0,251,252,64889,3,0,0,3,13
2020-08-15,US,Minnesota,Dakota,4740,106,0,44.67172617,-93.06299363,27037.0,1104.8410217681649,2.2362869198312234,4634,4670,106,0,4564,4610,425423,70,0,0,70,60
2020-08-15,US,Minnesota,Dodge,136,0,0,44.02238415,-92.86244324,27039.0,649.6608388267889,0.0,136,136,0,0,136,131,20822,0,0,0,0,5
2020-08-15,US,Minnesota,Douglas,147,1,0,45.93348491,-95.45335469,27041.0,385.4120238064026,0.6802721088435374,146,144,1,0,143,144,37964,3,0,0,3,0
2020-08-15,US,Minnesota,Faribault,94,0,0,43.67381499,-93.94787458,27043.0,688.4933714202008,0.0,94,93,0,0,93,92,13758,1,0,0,1,1
2020-08-15,US,Minnesota,Fillmore,74,0,0,43.67394126,-92.08980382,27045.0,351.26026486922683,0.0,74,73,0,0,73,72,21058,1,0,0,1,1
2020-08-15,US,Minnesota,Freeborn,366,1,0,43.67385583,-93.34884422,27047.0,1208.6787094217495,0.27322404371584696,365,365,1,0,364,361,30444,1,0,0,1,4
2020-08-15,US,Minnesota,Goodhue,210,9,0,44.40849741,-92.72341949999999,27049.0,453.1722054380664,4.285714285714286,201,208,9,0,199,205,46403,2,0,0,2,3
2020-08-15,US,Minnesota,Grant,57,4,0,45.93424769,-96.01139609,27051.0,954.4541192230407,7.0175438596491215,53,57,4,0,53,56,6021,0,0,0,0,1
2020-08-15,US,Minnesota,Hennepin,20251,846,0,45.00761521,-93.47694895,27053.0,1599.8034511388853,4.177571477951706,19405,20063,845,0,19218,19873,1259428,188,1,0,187,190
2020-08-15,US,Minnesota,Houston,52,0,0,43.67129565,-91.49143057,27055.0,279.5698924731184,0.0,52,49,0,0,49,45,18578,3,0,0,3,4
2020-08-15,US,Minnesota,Hubbard,37,0,0,47.10778564,-94.91693868,27057.0,172.16509236424545,0.0,37,37,0,0,37,36,21332,0,0,0,0,1
2020-08-15,US,Minnesota,Isanti,146,0,0,45.56181234,-93.29487636,27059.0,359.64134397477585,0.0,146,141,0,0,141,137,39966,5,0,0,5,4
2020-08-15,US,Minnesota,Itasca,146,12,0,47.51009045,-93.63092229,27061.0,323.5098604032794,8.219178082191782,134,146,12,0,134,146,45108,0,0,0,0,0
2020-08-15,US,Minnesota,Jackson,82,0,0,43.67423373,-95.15398258,27063.0,832.8255128986391,0.0,82,81,0,0,81,79,9911,1,0,0,1,2
2020-08-15,US,Minnesota,Kanabec,40,3,0,45.9459309,-93.29275192,27065.0,244.84299442982189,7.5,37,37,2,0,35,37,16207,3,1,0,2,0
2020-08-15,US,Minnesota,Kandiyohi,728,1,0,45.1526059,-95.00586446,27067.0,1685.2241950045138,0.13736263736263735,727,725,1,0,724,714,42855,3,0,0,3,11
2020-08-15,US,Minnesota,Kittson,3,0,0,48.77754106,-96.78317184,27069.0,69.79990693345742,0.0,3,3,0,0,3,3,4248,0,0,0,0,0
2020-08-15,US,Minnesota,Koochiching,84,3,0,48.24539665,-93.78352843,27071.0,686.89181453921,3.571428571428572,81,83,3,0,80,83,12440,1,0,0,1,0
2020-08-15,US,Minnesota,Lac qui Parle,9,0,0,44.9973857,-96.17488219,27073.0,135.89008002415824,0.0,9,9,0,0,9,8,6658,0,0,0,0,1
2020-08-15,US,Minnesota,Lake,24,0,0,47.64270764,-91.44557998,27075.0,225.5427121511136,0.0,24,24,0,0,24,22,10658,0,0,0,0,2
2020-08-15,US,Minnesota,Lake of the Woods,7,0,0,48.77217001,-94.90274472,27077.0,187.16577540106945,0.0,7,7,0,0,7,4,3758,0,0,0,0,3
2020-08-15,US,Minnesota,Le Sueur,246,1,0,44.37136597,-93.72844721,27079.0,851.5941426939453,0.4065040650406504,245,237,1,0,236,230,28494,9,0,0,9,7
2020-08-15,US,Minnesota,Lincoln,61,0,0,44.41311883,-96.26688165,27081.0,1081.752083702784,0.0,61,61,0,0,61,61,5673,0,0,0,0,0
2020-08-15,US,Minnesota,Lyon,429,3,0,44.41327865,-95.83806103,27083.0,1684.0700321896836,0.6993006993006993,426,427,3,0,424,426,25629,2,0,0,2,1
2020-08-15,US,Minnesota,Mahnomen,28,1,0,47.32557075,-95.80921485,27087.0,506.6039442735661,3.571428571428572,27,27,1,0,26,27,5519,1,0,0,1,0
2020-08-15,US,Minnesota,Marshall,30,0,0,48.35825983,-96.37017407,27089.0,321.3367609254499,0.0,30,30,0,0,30,29,9390,0,0,0,0,1
2020-08-15,US,Minnesota,Martin,211,6,0,43.67429718,-94.55099908,27091.0,1071.9910582736372,2.8436018957345968,205,212,5,0,207,210,19785,-1,1,0,-2,2
2020-08-15,US,Minnesota,McLeod,249,0,0,44.82367677,-94.27287017,27085.0,693.7285821747972,0.0,249,240,0,0,240,224,35873,9,0,0,9,16
2020-08-15,US,Minnesota,Meeker,88,2,0,45.12328869,-94.52839455,27093.0,378.9509947463612,2.272727272727273,86,88,2,0,86,87,23141,0,0,0,0,1
2020-08-15,US,Minnesota,Mille Lacs,74,3,0,45.93705297,-93.63236823,27095.0,281.6151006583705,4.0540540540540535,71,73,3,0,70,73,26139,1,0,0,1,0
2020-08-15,US,Minnesota,Morrison,97,1,0,46.01265363,-94.27341528,27097.0,290.54094530641584,1.0309278350515465,96,97,1,0,96,94,33169,0,0,0,0,3
2020-08-15,US,Minnesota,Mower,1125,2,0,43.67142874,-92.75234549,27099.0,2808.1473715740613,0.17777777777777778,1123,1117,2,0,1115,1111,40011,8,0,0,8,6
2020-08-15,US,Minnesota,Murray,127,1,0,44.02216709,-95.76328482,27101.0,1549.9145716377834,0.7874015748031497,126,125,1,0,124,125,8276,2,0,0,2,0
2020-08-15,US,Minnesota,Nicollet,371,13,0,44.35291112,-94.24710352,27103.0,1082.4531715002627,3.5040431266846364,358,363,13,0,350,356,34220,8,0,0,8,7
2020-08-15,US,Minnesota,Nobles,1783,9,0,43.67434621,-95.75329576,27105.0,8243.561884506911,0.5047672462142456,1774,1781,9,0,1772,1777,21924,2,0,0,2,4
2020-08-15,US,Minnesota,Norman,40,0,0,47.32628443,-96.45620947,27107.0,627.4509803921569,0.0,40,40,0,0,40,40,6475,0,0,0,0,0
2020-08-15,US,Minnesota,Olmsted,1825,23,0,44.00374114,-92.40209944,27109.0,1152.9252714902111,1.2602739726027397,1802,1809,23,0,1786,1791,156277,16,0,0,16,18
2020-08-15,US,Minnesota,Otter Tail,211,4,0,46.40846929,-95.70835255,27111.0,359.1733905287168,1.895734597156398,207,209,4,0,205,204,58812,2,0,0,2,5
2020-08-15,US,Minnesota,Pennington,75,1,0,48.06642577,-96.0370814,27113.0,531.1990934202139,1.3333333333333333,74,75,1,0,74,75,14178,0,0,0,0,0
2020-08-15,US,Minnesota,Pine,132,0,0,46.12105238,-92.74070188,27115.0,446.26255113425066,0.0,132,132,0,0,132,129,29483,0,0,0,0,3
2020-08-15,US,Minnesota,Pipestone,161,9,0,44.02301619,-96.25841142,27117.0,1764.1902257286872,5.590062111801243,152,161,9,0,152,158,9047,0,0,0,0,3
2020-08-15,US,Minnesota,Polk,160,4,0,47.77372465,-96.40134647,27119.0,510.1390128810102,2.5,156,161,4,0,157,156,31529,-1,0,0,-1,5
2020-08-15,US,Minnesota,Pope,48,0,0,45.58606667,-95.44451209,27121.0,426.7045959640857,0.0,48,48,0,0,48,48,11097,0,0,0,0,0
2020-08-15,US,Minnesota,Ramsey,7969,272,0,45.01625271,-93.09872295,27123.0,1448.0639481320902,3.413226251725436,7697,7904,270,0,7634,7827,550210,65,2,0,63,77
2020-08-15,US,Minnesota,Red Lake,24,0,0,47.87197525,-96.09561104,27125.0,591.8618988902589,0.0,24,24,0,0,24,24,3999,0,0,0,0,0
2020-08-15,US,Minnesota,Redwood,37,0,0,44.40555844,-95.25207021,27127.0,243.90243902439025,0.0,37,37,0,0,37,37,15249,0,0,0,0,0
2020-08-15,US,Minnesota,Renville,68,5,0,44.72836381,-94.94553734,27129.0,467.41820181468245,7.352941176470589,63,67,5,0,62,67,14612,1,0,0,1,0
2020-08-15,US,Minnesota,Rice,1055,8,0,44.3543376,-93.29658715,27131.0,1575.2851938123395,0.7582938388625592,1047,1048,8,0,1040,1046,66523,7,0,0,7,2
2020-08-15,US,Minnesota,Rock,90,0,0,43.67482683,-96.25296832,27133.0,966.1835748792273,0.0,90,89,0,0,89,86,9414,1,0,0,1,3
2020-08-15,US,Minnesota,Roseau,54,0,0,48.77501878,-95.81079919,27135.0,356.0830860534125,0.0,54,53,0,0,53,53,15150,1,0,0,1,0
2020-08-15,US,Minnesota,Scott,1695,22,0,44.6490231,-93.53340251,27139.0,1137.4846489903564,1.297935103244838,1673,1669,22,0,1647,1634,147381,26,0,0,26,35
2020-08-15,US,Minnesota,Sherburne,769,10,0,45.44447208,-93.77617511,27141.0,790.8430860363233,1.3003901170351104,759,758,10,0,748,753,96036,11,0,0,11,5
2020-08-15,US,Minnesota,Sibley,88,2,0,44.5796592,-94.23164924,27143.0,591.9946182307434,2.272727272727273,86,86,2,0,84,86,15028,2,0,0,2,0
2020-08-15,US,Minnesota,St. Louis,650,20,0,47.604840700000004,-92.46879855,27137.0,326.51831014216106,3.0769230769230766,630,636,20,0,616,621,199754,14,0,0,14,15
2020-08-15,US,Minnesota,Stearns,2950,20,0,45.55192576,-94.61078221,27145.0,1831.4449790470278,0.6779661016949152,2930,2935,20,0,2915,2928,159256,15,0,0,15,7
2020-08-15,US,Minnesota,Steele,365,2,0,44.02240351,-93.22627088,27147.0,995.9344047586563,0.547945205479452,363,363,2,0,361,356,36803,2,0,0,2,7
2020-08-15,US,Minnesota,Stevens,22,0,0,45.58613007,-96.00163705,27149.0,224.37531871494136,0.0,22,22,0,0,22,18,9753,0,0,0,0,4
2020-08-15,US,Minnesota,Swift,57,1,0,45.2829032,-95.68264092,27151.0,615.1521692208073,1.7543859649122806,56,57,1,0,56,56,9345,0,0,0,0,1
2020-08-15,US,Minnesota,Todd,432,2,0,46.06996226,-94.89785296,27153.0,1751.5407071034704,0.462962962962963,430,431,2,0,429,430,24582,1,0,0,1,1
2020-08-15,US,Minnesota,Traverse,16,0,0,45.77298854,-96.47062949,27155.0,490.948143602332,0.0,16,15,0,0,15,13,3308,1,0,0,1,2
2020-08-15,US,Minnesota,Unassigned,146,6,0,0.0,0.0,90027.0,0.0,4.109589041095891,140,144,46,0,98,135,,2,-40,0,42,9
2020-08-15,US,Minnesota,Wabasha,99,0,0,44.28424356,-92.23121312,27157.0,457.7611319184353,0.0,99,97,0,0,97,93,21645,2,0,0,2,4
2020-08-15,US,Minnesota,Wadena,29,0,0,46.58589171,-94.96968506,27159.0,211.95731618184482,0.0,29,28,0,0,28,28,13773,1,0,0,1,0
2020-08-15,US,Minnesota,Waseca,166,1,0,44.02211116,-93.58720034,27161.0,891.8977004083388,0.6024096385542169,165,157,1,0,156,156,18691,9,0,0,9,1
2020-08-15,US,Minnesota,Washington,2300,48,0,45.03864533,-92.88429635,27163.0,876.3907940862672,2.0869565217391304,2252,2255,48,0,2207,2227,259201,45,0,0,45,28
2020-08-15,US,Minnesota,Watonwan,390,2,0,43.97823903,-94.61413846,27165.0,3578.966688079288,0.5128205128205128,388,384,2,0,382,367,10980,6,0,0,6,17
2020-08-15,US,Minnesota,Wilkin,38,3,0,46.35721532,-96.4684375,27167.0,612.2120186885774,7.894736842105262,35,35,3,0,32,35,6254,3,0,0,3,0
2020-08-15,US,Minnesota,Winona,274,17,0,43.98772283,-91.78081305,27169.0,542.7462166230886,6.204379562043796,257,272,16,0,256,266,50825,2,1,0,1,6
2020-08-15,US,Minnesota,Wright,957,5,0,45.17297924,-93.96234781,27171.0,691.5889201240091,0.522466039707419,952,939,5,0,934,918,136349,18,0,0,18,21
2020-08-15,US,Minnesota,Yellow Medicine,54,0,0,44.71710183,-95.86842453,27173.0,556.1849830054589,0.0,54,53,0,0,53,53,9795,1,0,0,1,0
2020-08-15,US,Mississippi,Adams,664,28,0,31.47669768,-91.35326037,28001.0,2163.359723715505,4.216867469879518,636,655,28,0,627,647,31192,9,0,0,9,8
2020-08-15,US,Mississippi,Alcorn,451,5,0,34.88084463,-88.57996173,28003.0,1220.4692447162613,1.1086474501108647,446,447,5,0,442,445,36925,4,0,0,4,2
2020-08-15,US,Mississippi,Amite,246,6,0,31.17467303,-90.80501621,28005.0,2000.487923883874,2.4390243902439024,240,244,6,0,238,242,12326,2,0,0,2,2
2020-08-15,US,Mississippi,Attala,549,25,0,33.08658803,-89.57838564,28007.0,3020.7989435457253,4.553734061930784,524,544,25,0,519,539,18365,5,0,0,5,5
2020-08-15,US,Mississippi,Benton,165,1,0,34.81681228,-89.18945516,28009.0,1997.8205593897567,0.6060606060606061,164,159,1,0,158,157,8271,6,0,0,6,2
2020-08-15,US,Mississippi,Bolivar,1219,40,0,33.79696941,-90.87372121,28011.0,3980.018283923208,3.2813781788351113,1179,1189,40,0,1149,1167,31333,30,0,0,30,22
2020-08-15,US,Mississippi,Calhoun,433,9,0,33.93683395,-89.33686647,28013.0,3015.110368358749,2.07852193995381,424,430,9,0,421,428,14436,3,0,0,3,2
2020-08-15,US,Mississippi,Carroll,265,11,0,33.44834567,-89.91994479,28015.0,2664.119835126169,4.150943396226415,254,264,11,0,253,263,9911,1,0,0,1,1
2020-08-15,US,Mississippi,Chickasaw,508,19,0,33.91983202,-88.9481545,28017.0,2970.239139332281,3.7401574803149606,489,502,19,0,483,491,17171,6,0,0,6,11
2020-08-15,US,Mississippi,Choctaw,141,4,0,33.34598242,-89.24809382,28019.0,1717.4177831912302,2.8368794326241136,137,138,4,0,134,138,8278,3,0,0,3,0
2020-08-15,US,Mississippi,Claiborne,414,14,0,31.97061673,-90.90702196,28021.0,4606.141522029373,3.3816425120772946,400,411,14,0,397,410,9002,3,0,0,3,1
2020-08-15,US,Mississippi,Clarke,368,28,0,32.04158545,-88.68896219999998,28023.0,2367.92999163503,7.608695652173912,340,359,28,0,331,355,15604,9,0,0,9,4
2020-08-15,US,Mississippi,Clay,417,14,0,33.65358105,-88.77784255,28025.0,2158.8320563263615,3.357314148681055,403,411,14,0,397,406,19386,6,0,0,6,5
2020-08-15,US,Mississippi,Coahoma,812,13,0,34.22772299,-90.60415045,28027.0,3670.222382932562,1.6009852216748768,799,810,13,0,797,798,22628,2,0,0,2,12
2020-08-15,US,Mississippi,Copiah,986,30,0,31.86977774,-90.44565118,28029.0,3513.2727596650634,3.042596348884381,956,980,29,0,951,973,28543,6,1,0,5,7
2020-08-15,US,Mississippi,Covington,656,16,0,31.63225413,-89.55389939,28031.0,3520.0686842670093,2.4390243902439024,640,650,15,0,635,641,18853,6,1,0,5,9
2020-08-15,US,Mississippi,DeSoto,3888,34,0,34.87625235,-89.99091418,28033.0,2102.246613858174,0.8744855967078189,3854,3832,33,0,3799,3796,182001,56,1,0,55,36
2020-08-15,US,Mississippi,Forrest,1905,57,0,31.18961454,-89.25832496,28035.0,2543.493063807629,2.9921259842519685,1848,1889,57,0,1832,1865,75036,16,0,0,16,24
2020-08-15,US,Mississippi,Franklin,150,2,0,31.47786634,-90.89672989,28037.0,1944.7685725398678,1.3333333333333333,148,142,2,0,140,137,7788,8,0,0,8,5
2020-08-15,US,Mississippi,George,637,9,0,30.86259065,-88.64436789,28039.0,2600.0,1.41287284144427,628,626,9,0,617,605,24250,11,0,0,11,21
2020-08-15,US,Mississippi,Greene,275,13,0,31.21444233,-88.63922281,28041.0,2024.1424996319736,4.727272727272728,262,267,13,0,254,262,13586,8,0,0,8,5
2020-08-15,US,Mississippi,Grenada,866,27,0,33.77036166,-89.80245083,28043.0,4171.88553810579,3.117782909930716,839,863,26,0,837,861,21055,3,1,0,2,2
2020-08-15,US,Mississippi,Hancock,422,15,0,30.41830223,-89.48851033,28045.0,885.9590191467921,3.5545023696682465,407,419,15,0,404,414,47334,3,0,0,3,5
2020-08-15,US,Mississippi,Harrison,2755,37,0,30.51359752,-89.12467576,28047.0,1324.0099961553246,1.3430127041742286,2718,2710,36,0,2674,2663,206650,45,1,0,44,47
2020-08-15,US,Mississippi,Hinds,5878,128,0,32.2656285,-90.44435448,28049.0,2535.369220151829,2.1776114324600204,5750,5852,126,0,5726,5803,237085,26,2,0,24,49
2020-08-15,US,Mississippi,Holmes,945,50,0,33.12345854,-90.08923538,28051.0,5555.555555555556,5.291005291005291,895,938,50,0,888,928,17622,7,0,0,7,10
2020-08-15,US,Mississippi,Humphreys,310,12,0,33.12825718,-90.52252707,28053.0,3844.2460317460323,3.870967741935484,298,309,12,0,297,303,8257,1,0,0,1,6
2020-08-15,US,Mississippi,Issaquena,27,2,0,32.72531359,-90.97392828,28055.0,2034.6646571213266,7.407407407407407,25,27,2,0,25,27,1308,0,0,0,0,0
2020-08-15,US,Mississippi,Itawamba,422,10,0,34.27993475,-88.3606733,28057.0,1804.1898247114152,2.3696682464454977,412,414,10,0,404,404,23517,8,0,0,8,10
2020-08-15,US,Mississippi,Jackson,2449,47,0,30.54020656,-88.64184064,28059.0,1705.2298822562784,1.9191506737443853,2402,2430,47,0,2383,2411,143277,19,0,0,19,19
2020-08-15,US,Mississippi,Jasper,424,11,0,32.01922104,-89.11786866,28061.0,2588.048586949887,2.5943396226415096,413,416,10,0,406,412,16428,8,1,0,7,4
2020-08-15,US,Mississippi,Jefferson,198,8,0,31.73397872,-91.03764977,28063.0,2832.618025751073,4.040404040404041,190,197,8,0,189,197,7106,1,0,0,1,0
2020-08-15,US,Mississippi,Jefferson Davis,253,6,0,31.56884708,-89.82670990000004,28065.0,2273.544212796549,2.3715415019762847,247,252,6,0,246,243,11234,1,0,0,1,9
2020-08-15,US,Mississippi,Jones,1978,64,0,31.62257767,-89.16896899999998,28067.0,2904.637434285882,3.2355915065722947,1914,1965,62,0,1903,1945,68461,13,2,0,11,20
2020-08-15,US,Mississippi,Kemper,248,14,0,32.75462946,-88.64105766,28069.0,2545.678505440361,5.645161290322582,234,246,14,0,232,241,10027,2,0,0,2,5
2020-08-15,US,Mississippi,Lafayette,1062,21,0,34.35687874,-89.48490961,28071.0,1965.9749347451825,1.9774011299435028,1041,1043,21,0,1022,1025,54793,19,0,0,19,18
2020-08-15,US,Mississippi,Lamar,1284,19,0,31.20572971,-89.5077704,28073.0,2027.059027832594,1.4797507788161994,1265,1265,18,0,1247,1246,62447,19,1,0,18,19
2020-08-15,US,Mississippi,Lauderdale,1488,98,0,32.40419769,-88.66229662,28075.0,2007.4198988195608,6.586021505376344,1390,1481,96,0,1385,1458,75317,7,2,0,5,23
2020-08-15,US,Mississippi,Lawrence,341,8,0,31.55147224,-90.10841127,28077.0,2709.35960591133,2.3460410557184748,333,340,8,0,332,332,12455,1,0,0,1,8
2020-08-15,US,Mississippi,Leake,811,27,0,32.7536828,-89.52402044,28079.0,3559.203019397876,3.3292231812577064,784,811,27,0,784,804,22763,0,0,0,0,7
2020-08-15,US,Mississippi,Lee,1700,43,0,34.291877500000005,-88.68149954,28081.0,1989.7935296596286,2.5294117647058822,1657,1657,42,0,1615,1610,85202,43,1,0,42,47
2020-08-15,US,Mississippi,Leflore,976,70,0,33.55545125,-90.29900733,28083.0,3463.080580491786,7.172131147540983,906,971,69,0,902,963,28919,5,1,0,4,8
2020-08-15,US,Mississippi,Lincoln,871,44,0,31.53288662,-90.45391915,28085.0,2550.288408046145,5.051664753157291,827,862,44,0,818,849,34205,9,0,0,9,13
2020-08-15,US,Mississippi,Lowndes,1136,42,0,33.47386518,-88.44191529999998,28087.0,1938.7319737178934,3.6971830985915495,1094,1121,40,0,1081,1114,58930,15,2,0,13,7
2020-08-15,US,Mississippi,Madison,2538,74,0,32.63389156,-90.03513564,28089.0,2388.211382113821,2.9156816390858946,2464,2521,72,0,2449,2503,105630,17,2,0,15,18
2020-08-15,US,Mississippi,Marion,707,21,0,31.23132643,-89.8209217,28091.0,2877.1415781548853,2.9702970297029703,686,698,21,0,677,692,24715,9,0,0,9,6
2020-08-15,US,Mississippi,Marshall,766,10,0,34.76216286,-89.50299462,28093.0,2170.3405678018926,1.3054830287206267,756,757,10,0,747,740,35451,9,0,0,9,17
2020-08-15,US,Mississippi,Monroe,868,55,0,33.89236763,-88.4808438,28095.0,2462.271644162033,6.336405529953918,813,858,55,0,803,839,35564,10,0,0,10,19
2020-08-15,US,Mississippi,Montgomery,365,10,0,33.49419589,-89.61729103,28097.0,3734.0153452685413,2.7397260273972597,355,355,8,0,347,346,10023,10,2,0,8,9
2020-08-15,US,Mississippi,Neshoba,1328,96,0,32.75339664,-89.11726492,28099.0,4560.752798955972,7.2289156626506035,1232,1320,95,0,1225,1309,29125,8,1,0,7,11
2020-08-15,US,Mississippi,Newton,587,12,0,32.40021118,-89.11843336,28101.0,2792.8442287563043,2.044293015332197,575,575,12,0,563,567,21443,12,0,0,12,8
2020-08-15,US,Mississippi,Noxubee,482,12,0,33.11009499,-88.56949061,28103.0,4627.051934338101,2.489626556016597,470,472,12,0,460,466,10535,10,0,0,10,6
2020-08-15,US,Mississippi,Oktibbeha,1171,41,0,33.42491685,-88.87905132,28105.0,2361.506039889487,3.5012809564474807,1130,1157,39,0,1118,1145,49599,14,2,0,12,12
2020-08-15,US,Mississippi,Panola,1139,18,0,34.36398677,-89.95064249,28107.0,3331.188582124473,1.5803336259877083,1121,1108,18,0,1090,1096,34178,31,0,0,31,12
2020-08-15,US,Mississippi,Pearl River,596,41,0,30.77090935,-89.58677275,28109.0,1073.1970829206807,6.879194630872482,555,584,40,0,544,571,55387,12,1,0,11,13
2020-08-15,US,Mississippi,Perry,256,8,0,31.17161885,-88.99281835,28111.0,2138.144157688132,3.125,248,251,8,0,243,249,11931,5,0,0,5,2
2020-08-15,US,Mississippi,Pike,977,38,0,31.17507789,-90.40392572,28113.0,2486.7644064345345,3.8894575230296833,939,966,38,0,928,960,39563,11,0,0,11,6
2020-08-15,US,Mississippi,Pontotoc,884,9,0,34.226046000000004,-89.03636807,28115.0,2747.5601417293465,1.0180995475113122,875,876,9,0,867,866,31833,8,0,0,8,10
2020-08-15,US,Mississippi,Prentiss,497,11,0,34.61810501,-88.51986294,28117.0,1978.030725145268,2.2132796780684103,486,475,10,0,465,462,25315,22,1,0,21,13
2020-08-15,US,Mississippi,Quitman,278,1,0,34.25157572,-90.28908,28119.0,4093.050647820967,0.3597122302158273,277,275,1,0,274,275,7051,3,0,0,3,0
2020-08-15,US,Mississippi,Rankin,2411,41,0,32.26469147,-89.94537876,28121.0,1552.7690296320627,1.7005391953546247,2370,2382,41,0,2341,2337,153902,29,0,0,29,45
2020-08-15,US,Mississippi,Scott,1029,21,0,32.406704100000006,-89.53789439,28123.0,3658.7967572180346,2.0408163265306123,1008,1025,21,0,1004,1017,28287,4,0,0,4,8
2020-08-15,US,Mississippi,Sharkey,215,7,0,32.88149103,-90.81595379999999,28125.0,4975.700069428372,3.255813953488372,208,214,7,0,207,209,4377,1,0,0,1,5
2020-08-15,US,Mississippi,Simpson,852,36,0,31.91282117,-89.91716179,28127.0,3196.0387125815887,4.225352112676056,816,842,32,0,810,822,26758,10,4,0,6,20
2020-08-15,US,Mississippi,Smith,421,13,0,32.01744532,-89.50644846,28129.0,2645.1369690877104,3.0878859857482186,408,419,13,0,406,415,16002,2,0,0,2,4
2020-08-15,US,Mississippi,Stone,249,6,0,30.79187949,-89.11547539,28131.0,1357.9842931937171,2.409638554216868,243,235,6,0,229,225,18717,14,0,0,14,10
2020-08-15,US,Mississippi,Sunflower,1106,29,0,33.60192578,-90.58882684,28133.0,4404.619673436878,2.6220614828209765,1077,1101,28,0,1073,1086,25735,5,1,0,4,15
2020-08-15,US,Mississippi,Tallahatchie,565,11,0,33.95339918,-90.1729398,28135.0,4091.534506481281,1.9469026548672568,554,563,11,0,552,550,13987,2,0,0,2,13
2020-08-15,US,Mississippi,Tate,768,30,0,34.65133709,-89.94485778,28137.0,2711.7686522368563,3.90625,738,760,30,0,730,753,28759,8,0,0,8,7
2020-08-15,US,Mississippi,Tippah,434,14,0,34.76872156,-88.90988194,28139.0,1971.3831478537359,3.2258064516129035,420,426,14,0,412,411,21995,8,0,0,8,15
2020-08-15,US,Mississippi,Tishomingo,467,12,0,34.74023475,-88.23917219,28141.0,2409.327761440437,2.569593147751606,455,463,9,0,454,453,19454,4,3,0,1,10
2020-08-15,US,Mississippi,Tunica,375,8,0,34.64967704,-90.37481167,28143.0,3893.2724252491694,2.1333333333333333,367,370,8,0,362,367,9944,5,0,0,5,3
2020-08-15,US,Mississippi,Union,761,19,0,34.49162015,-89.00776006,28145.0,2640.985597778935,2.4967148488830486,742,750,17,0,733,732,28606,11,2,0,9,18
2020-08-15,US,Mississippi,Walthall,525,22,0,31.14971548,-90.10446654,28147.0,3674.9265014699695,4.190476190476192,503,521,22,0,499,519,14465,4,0,0,4,2
2020-08-15,US,Mississippi,Warren,1173,37,0,32.35810271,-90.83352619,28149.0,2584.782177563297,3.1543052003410064,1136,1166,37,0,1129,1151,46176,7,0,0,7,15
2020-08-15,US,Mississippi,Washington,1811,46,0,33.28392041,-90.94196237,28151.0,4124.439181033501,2.5400331308669237,1765,1771,46,0,1725,1739,45063,40,0,0,40,32
2020-08-15,US,Mississippi,Wayne,808,21,0,31.64135687,-88.69573913,28153.0,4003.369172075509,2.599009900990099,787,805,21,0,784,790,20298,3,0,0,3,15
2020-08-15,US,Mississippi,Webster,257,13,0,33.61300486,-89.28392912,28155.0,2652.4925172876456,5.058365758754863,244,254,13,0,241,250,9788,3,0,0,3,4
2020-08-15,US,Mississippi,Wilkinson,233,14,0,31.16078225,-91.31018819,28157.0,2699.8841251448434,6.008583690987124,219,231,14,0,217,227,8792,2,0,0,2,4
2020-08-15,US,Mississippi,Winston,652,18,0,33.08747908,-89.03391385,28159.0,3631.300473405737,2.7607361963190185,634,644,17,0,627,637,18165,8,1,0,7,7
2020-08-15,US,Mississippi,Yalobusha,324,10,0,34.02824175,-89.70762049999998,28161.0,2675.91674925669,3.08641975308642,314,320,10,0,310,318,12392,4,0,0,4,2
2020-08-15,US,Mississippi,Yazoo,887,14,0,32.77890365,-90.39656148,28163.0,2987.5378915459746,1.5783540022547915,873,882,14,0,868,874,28248,5,0,0,5,8
2020-08-15,US,Missouri,Adair,178,0,0,40.19058551,-92.60078167,29001.0,702.3635717949727,0.0,178,178,0,0,178,178,25339,0,0,0,0,0
2020-08-15,US,Missouri,Andrew,96,1,0,39.98492163,-94.80163024,29003.0,542.0054200542005,1.0416666666666667,95,95,1,0,94,94,17607,1,0,0,1,1
2020-08-15,US,Missouri,Atchison,20,0,0,40.43238737,-95.42970639,29005.0,388.8780867198133,0.0,20,19,0,0,19,19,5171,1,0,0,1,0
2020-08-15,US,Missouri,Audrain,220,1,0,39.215877,-91.84242683,29007.0,866.5511265164647,0.4545454545454545,219,217,1,0,216,210,25473,3,0,0,3,7
2020-08-15,US,Missouri,Barry,283,4,0,36.70978521,-93.82919888,29009.0,790.7457598703512,1.413427561837456,279,280,4,0,276,273,35886,3,0,0,3,7
2020-08-15,US,Missouri,Barton,71,0,0,37.50207671,-94.34757022,29011.0,604.0496852135442,0.0,71,71,0,0,71,71,11798,0,0,0,0,0
2020-08-15,US,Missouri,Bates,54,1,0,38.25271289,-94.34113157,29013.0,333.91046252782587,1.851851851851852,53,54,1,0,53,52,16320,0,0,0,0,2
2020-08-15,US,Missouri,Benton,117,2,0,38.29503305,-93.28756116,29015.0,601.7589878105232,1.709401709401709,115,116,2,0,114,112,19278,1,0,0,1,4
2020-08-15,US,Missouri,Bollinger,81,1,0,37.32449052,-90.02725304,29017.0,667.6007582625897,1.2345679012345678,80,80,1,0,79,77,12169,1,0,0,1,3
2020-08-15,US,Missouri,Boone,1534,3,0,38.99186229,-92.30723575,29019.0,850.0357413985138,0.19556714471968709,1531,1525,3,0,1522,1500,180005,9,0,0,9,25
2020-08-15,US,Missouri,Buchanan,1123,10,0,39.65816401,-94.80138942,29021.0,1285.4264914610135,0.8904719501335708,1113,1117,10,0,1107,1112,88571,6,0,0,6,5
2020-08-15,US,Missouri,Butler,311,2,0,36.71462476,-90.40421163,29023.0,732.1436979142143,0.6430868167202572,309,302,2,0,300,297,42639,9,0,0,9,5
2020-08-15,US,Missouri,Caldwell,36,1,0,39.65620858,-93.98308093,29025.0,399.1130820399113,2.7777777777777777,35,36,1,0,35,36,9108,0,0,0,0,0
2020-08-15,US,Missouri,Callaway,179,1,0,38.83674754,-91.92186505,29027.0,400.0625796213933,0.5586592178770949,178,170,1,0,169,168,44889,9,0,0,9,2
2020-08-15,US,Missouri,Camden,398,7,0,38.02199522,-92.76083747,29029.0,859.5184105388188,1.7587939698492463,391,388,7,0,381,382,45815,10,0,0,10,6
2020-08-15,US,Missouri,Cape Girardeau,735,5,0,37.38489388,-89.6843587,29031.0,931.9014593450064,0.6802721088435374,730,732,5,0,727,705,78753,3,0,0,3,27
2020-08-15,US,Missouri,Carroll,102,0,0,39.42762566,-93.50626255,29033.0,1175.2506049083995,0.0,102,102,0,0,102,102,8743,0,0,0,0,0
2020-08-15,US,Missouri,Carter,22,1,0,36.94160441,-90.96051322,29035.0,367.76997659645605,4.545454545454546,21,21,1,0,20,21,6054,1,0,0,1,0
2020-08-15,US,Missouri,Cass,857,9,0,38.64789422,-94.353399,29037.0,810.1720552089242,1.0501750291715286,848,830,9,0,821,811,104954,27,0,0,27,19
2020-08-15,US,Missouri,Cedar,44,0,0,37.72391475,-93.85445441,29039.0,306.64157781030036,0.0,44,41,0,0,41,41,14165,3,0,0,3,0
2020-08-15,US,Missouri,Chariton,21,0,0,39.51499357,-92.9629191,29041.0,282.79019660651767,0.0,21,21,0,0,21,20,7451,0,0,0,0,1
2020-08-15,US,Missouri,Christian,424,1,0,36.9711783,-93.18537118,29043.0,478.5823127716011,0.2358490566037736,423,411,1,0,410,403,86983,13,0,0,13,8
2020-08-15,US,Missouri,Clark,28,0,0,40.41040752,-91.73661677,29045.0,411.94644696189494,0.0,28,27,0,0,27,24,6842,1,0,0,1,3
2020-08-15,US,Missouri,Clay,1133,30,0,39.31132056,-94.41850862,29047.0,453.294285211324,2.64783759929391,1103,1126,22,0,1104,1098,246365,7,8,0,-1,28
2020-08-15,US,Missouri,Clinton,95,0,0,39.6013098,-94.40465394,29049.0,465.9832246039143,0.0,95,93,0,0,93,88,20470,2,0,0,2,5
2020-08-15,US,Missouri,Cole,527,3,0,38.50455671,-92.27860244,29051.0,686.6896866245359,0.5692599620493358,524,496,3,0,493,477,76796,31,0,0,31,19
2020-08-15,US,Missouri,Cooper,158,0,0,38.844478,-92.80896081,29053.0,892.2017053475633,0.0,158,157,0,0,157,148,17603,1,0,0,1,9
2020-08-15,US,Missouri,Crawford,102,0,0,37.97663738,-91.30528104,29055.0,426.42140468227433,0.0,102,97,0,0,97,90,23957,5,0,0,5,7
2020-08-15,US,Missouri,Dade,17,0,0,37.431814,-93.8503345,29057.0,224.83798439359882,0.0,17,17,0,0,17,17,7569,0,0,0,0,0
2020-08-15,US,Missouri,Dallas,75,1,0,37.681135499999996,-93.02127031,29059.0,444.3654461429078,1.3333333333333333,74,73,1,0,72,72,16762,2,0,0,2,1
2020-08-15,US,Missouri,Daviess,19,0,0,39.96145298,-93.98519678,29061.0,229.52403962309742,0.0,19,19,0,0,19,18,8313,0,0,0,0,1
2020-08-15,US,Missouri,DeKalb,41,1,0,39.89201062,-94.40476508,29063.0,326.77133976249297,2.4390243902439024,40,40,1,0,39,38,12630,1,0,0,1,2
2020-08-15,US,Missouri,Dent,20,0,0,37.60663134,-91.50790473,29065.0,128.42740640852762,0.0,20,18,0,0,18,16,15441,2,0,0,2,2
2020-08-15,US,Missouri,Douglas,92,2,0,36.9325593,-92.49905109,29067.0,697.7626090254075,2.1739130434782608,90,89,2,0,87,89,13373,3,0,0,3,0
2020-08-15,US,Missouri,Dunklin,378,4,0,36.27167174,-90.09122243,29069.0,1297.5867632419072,1.058201058201058,374,372,4,0,368,339,29423,6,0,0,6,33
2020-08-15,US,Missouri,Franklin,729,19,0,38.41127108,-91.07522826,29071.0,701.1840295478372,2.606310013717421,710,704,18,0,686,680,103670,25,1,0,24,24
2020-08-15,US,Missouri,Gasconade,34,0,0,38.43947277,-91.50847147,29073.0,231.1981504147967,0.0,34,34,0,0,34,31,14705,0,0,0,0,3
2020-08-15,US,Missouri,Gentry,87,9,0,40.21097916,-94.40944419,29075.0,1323.9993912646478,10.344827586206897,78,86,9,0,77,86,6628,1,0,0,1,0
2020-08-15,US,Missouri,Greene,1836,10,0,37.2575872,-93.34230916,29077.0,626.4372914434671,0.5446623093681917,1826,1775,10,0,1765,1737,291923,61,0,0,61,38
2020-08-15,US,Missouri,Grundy,30,1,0,40.11406587,-93.56509276,29079.0,304.56852791878174,3.333333333333333,29,30,1,0,29,30,9914,0,0,0,0,0
2020-08-15,US,Missouri,Harrison,60,1,0,40.35570088,-93.99222144,29081.0,718.3908045977013,1.6666666666666667,59,60,1,0,59,60,8414,0,0,0,0,0
2020-08-15,US,Missouri,Henry,94,3,0,38.38482826,-93.79293734,29083.0,430.71847507331375,3.191489361702128,91,92,3,0,89,92,21792,2,0,0,2,0
2020-08-15,US,Missouri,Hickory,40,0,0,37.94163617,-93.3203037,29085.0,419.1114836546522,0.0,40,37,0,0,37,36,9509,3,0,0,3,1
2020-08-15,US,Missouri,Holt,41,0,0,40.09799248,-95.21638879999999,29087.0,931.1832841244606,0.0,41,41,0,0,41,31,4404,0,0,0,0,10
2020-08-15,US,Missouri,Howard,68,0,0,39.1435761,-92.69756691,29089.0,679.9320067993201,0.0,68,65,0,0,65,60,10137,3,0,0,3,5
2020-08-15,US,Missouri,Howell,173,2,0,36.77383887,-91.88683935,29091.0,431.23862701597824,1.1560693641618498,171,169,2,0,167,164,40076,4,0,0,4,5
2020-08-15,US,Missouri,Iron,24,0,0,37.55487945,-90.7735296,29093.0,237.03703703703704,0.0,24,23,0,0,23,24,10177,1,0,0,1,-1
2020-08-15,US,Missouri,Jackson,4523,66,0,39.01002188,-94.34724536,29095.0,643.3754237131425,1.459208489940305,4457,4451,66,0,4385,4363,700307,72,0,0,72,88
2020-08-15,US,Missouri,Jasper,1938,32,0,37.20351921,-94.34050458,29097.0,1597.322959250956,1.6511867905056758,1906,1891,32,0,1859,1874,120636,47,0,0,47,17
2020-08-15,US,Missouri,Jefferson,1887,27,0,38.25926778,-90.53870896,29099.0,838.3648553187517,1.4308426073131957,1860,1833,27,0,1806,1769,224347,54,0,0,54,64
2020-08-15,US,Missouri,Johnson,507,3,0,38.74719601,-93.80691168,29101.0,937.8121416151828,0.591715976331361,504,504,3,0,501,501,53652,3,0,0,3,3
2020-08-15,US,Missouri,Kansas City,7535,65,0,39.0997,-94.5786,0.0,1541.0794305266668,0.8626410086264101,7470,7440,65,0,7375,7285,491918,95,0,0,95,155
2020-08-15,US,Missouri,Knox,35,0,0,40.12699751,-92.14780832,29103.0,884.0616317251831,0.0,35,35,0,0,35,33,3947,0,0,0,0,2
2020-08-15,US,Missouri,Laclede,221,1,0,37.65896829,-92.5888493,29105.0,618.6490496318899,0.4524886877828054,220,221,1,0,220,212,35713,0,0,0,0,9
2020-08-15,US,Missouri,Lafayette,198,2,0,39.06986886,-93.78076396,29107.0,605.3564877094287,1.0101010101010102,196,194,2,0,192,189,32598,4,0,0,4,5
2020-08-15,US,Missouri,Lawrence,252,2,0,37.10626634,-93.83293097,29109.0,657.0199452483379,0.7936507936507936,250,247,2,0,245,246,38359,5,0,0,5,1
2020-08-15,US,Missouri,Lewis,54,1,0,40.09673161,-91.72070156,29111.0,552.3731587561375,1.851851851851852,53,54,1,0,53,52,9855,0,0,0,0,2
2020-08-15,US,Missouri,Lincoln,430,1,0,39.05345619,-90.95588181,29113.0,728.653008659109,0.2325581395348837,429,421,1,0,420,416,57686,9,0,0,9,5
2020-08-15,US,Missouri,Linn,39,1,0,39.87001769,-93.10704106,29115.0,327.18120805369125,2.5641025641025643,38,38,1,0,37,38,12037,1,0,0,1,0
2020-08-15,US,Missouri,Livingston,64,0,0,39.78110272,-93.54645978,29117.0,420.3060353319761,0.0,64,64,0,0,64,64,15146,0,0,0,0,0
2020-08-15,US,Missouri,Macon,67,0,0,39.83049768,-92.56453089,29121.0,443.20963154064964,0.0,67,66,0,0,66,66,15153,1,0,0,1,0
2020-08-15,US,Missouri,Madison,34,0,0,37.47865134,-90.34671429999999,29123.0,281.2706816677697,0.0,34,30,0,0,30,29,12188,4,0,0,4,1
2020-08-15,US,Missouri,Maries,27,0,0,38.16193985,-91.92249662,29125.0,310.45187995860636,0.0,27,27,0,0,27,27,8769,0,0,0,0,0
2020-08-15,US,Missouri,Marion,264,1,0,39.80601912,-91.62203062,29127.0,925.34174553102,0.3787878787878788,263,256,1,0,255,236,28592,8,0,0,8,20
2020-08-15,US,Missouri,McDonald,958,8,0,36.62869595,-94.34867205,29119.0,4194.946796864737,0.8350730688935282,950,955,8,0,947,955,23078,3,0,0,3,0
2020-08-15,US,Missouri,Mercer,15,0,0,40.42212303,-93.56829590000001,29129.0,414.7083218136577,0.0,15,15,0,0,15,13,3641,0,0,0,0,2
2020-08-15,US,Missouri,Miller,145,1,0,38.21450288,-92.42610898,29131.0,565.9861821304503,0.6896551724137931,144,144,1,0,143,138,25336,1,0,0,1,6
2020-08-15,US,Missouri,Mississippi,170,0,0,36.82516239,-89.29505753,29133.0,1289.8330804248862,0.0,170,167,0,0,167,153,13336,3,0,0,3,14
2020-08-15,US,Missouri,Moniteau,161,2,0,38.63571781,-92.57976951,29135.0,998.016364988842,1.2422360248447204,159,160,2,0,158,156,16121,1,0,0,1,4
2020-08-15,US,Missouri,Monroe,36,0,0,39.49593978,-92.00043978,29137.0,416.4738546968997,0.0,36,34,0,0,34,33,8664,2,0,0,2,1
2020-08-15,US,Missouri,Montgomery,44,0,0,38.94022054,-91.47000721,29139.0,380.9194009176695,0.0,44,44,0,0,44,43,11534,0,0,0,0,1
2020-08-15,US,Missouri,Morgan,94,0,0,38.4181765,-92.88791859,29141.0,455.7133853686917,0.0,94,92,0,0,92,94,20358,2,0,0,2,-2
2020-08-15,US,Missouri,New Madrid,294,3,0,36.59666326,-89.66070007,29143.0,1721.7146872803933,1.020408163265306,291,285,3,0,282,279,17296,9,0,0,9,6
2020-08-15,US,Missouri,Newton,944,6,0,36.90519407,-94.3394104,29145.0,1620.990452640978,0.6355932203389829,938,923,6,0,917,920,58266,21,0,0,21,3
2020-08-15,US,Missouri,Nodaway,221,0,0,40.36079813,-94.88133008,29147.0,1000.3621220351256,0.0,221,220,0,0,220,192,22304,1,0,0,1,28
2020-08-15,US,Missouri,Oregon,21,0,0,36.68710164,-91.4033755,29149.0,199.4491404691804,0.0,21,21,0,0,21,19,10541,0,0,0,0,2
2020-08-15,US,Missouri,Osage,58,1,0,38.46036182,-91.8613635,29151.0,426.000734484025,1.7241379310344829,57,55,1,0,54,54,13714,3,0,0,3,1
2020-08-15,US,Missouri,Ozark,16,0,0,36.64916339,-92.44459066,29153.0,174.40592980161327,0.0,16,16,0,0,16,16,9017,0,0,0,0,0
2020-08-15,US,Missouri,Pemiscot,255,9,0,36.2130572,-89.78742322,29155.0,1613.4134767478647,3.5294117647058822,246,251,9,0,242,244,16272,4,0,0,4,7
2020-08-15,US,Missouri,Perry,255,4,0,37.70660776,-89.82741088,29157.0,1332.566889632107,1.568627450980392,251,254,4,0,250,249,19150,1,0,0,1,5
2020-08-15,US,Missouri,Pettis,639,5,0,38.72798918,-93.28471706,29159.0,1509.2467937362715,0.7824726134585289,634,624,6,0,618,589,42542,15,-1,0,16,35
2020-08-15,US,Missouri,Phelps,115,0,0,37.87736118,-91.79351727,29161.0,258.00372422767146,0.0,115,114,0,0,114,104,44732,1,0,0,1,10
2020-08-15,US,Missouri,Pike,141,1,0,39.34310674,-91.16980779,29163.0,770.4076057261501,0.7092198581560284,140,142,1,0,141,140,18504,-1,0,0,-1,2
2020-08-15,US,Missouri,Platte,404,10,0,39.38154439,-94.77068479,29165.0,386.9064720642035,2.4752475247524752,394,401,10,0,391,393,102985,3,0,0,3,8
2020-08-15,US,Missouri,Polk,234,0,0,37.616229600000004,-93.39828174,29167.0,727.8608976951073,0.0,234,227,0,0,227,221,32201,7,0,0,7,6
2020-08-15,US,Missouri,Pulaski,271,1,0,37.82462075,-92.20783203,29169.0,515.1405706464918,0.3690036900369004,270,262,1,0,261,254,52014,9,0,0,9,8
2020-08-15,US,Missouri,Putnam,13,1,0,40.47942497,-93.02042674,29171.0,276.83134582623507,7.6923076923076925,12,13,1,0,12,13,4757,0,0,0,0,0
2020-08-15,US,Missouri,Ralls,54,0,0,39.52817427,-91.51838643,29173.0,523.8141429818605,0.0,54,49,0,0,49,45,10212,5,0,0,5,4
2020-08-15,US,Missouri,Randolph,82,1,0,39.44007257,-92.49713740000001,29175.0,331.3399062550509,1.2195121951219512,81,76,1,0,75,75,24763,6,0,0,6,1
2020-08-15,US,Missouri,Ray,119,0,0,39.353746799999996,-93.98905745,29177.0,516.98670605613,0.0,119,119,0,0,119,119,22883,0,0,0,0,0
2020-08-15,US,Missouri,Reynolds,16,0,0,37.36085952,-90.97009925,29179.0,255.18341307814998,0.0,16,16,0,0,16,16,6254,0,0,0,0,0
2020-08-15,US,Missouri,Ripley,72,0,0,36.65460667,-90.85990261,29181.0,541.8422636965684,0.0,72,60,0,0,60,58,13401,12,0,0,12,2
2020-08-15,US,Missouri,Saline,481,7,0,39.13734288,-93.20259964,29195.0,2113.2639163481394,1.4553014553014554,474,478,7,0,471,472,22895,3,0,0,3,6
2020-08-15,US,Missouri,Schuyler,10,0,0,40.46921489,-92.52311943,29197.0,214.5922746781116,0.0,10,10,0,0,10,10,4599,0,0,0,0,0
2020-08-15,US,Missouri,Scotland,18,1,0,40.45214695,-92.14709064,29199.0,367.1970624235006,5.5555555555555545,17,16,1,0,15,16,4966,2,0,0,2,0
2020-08-15,US,Missouri,Scott,461,13,0,37.05588075,-89.56474493,29201.0,1204.2842215256007,2.8199566160520613,448,449,13,0,436,429,38458,12,0,0,12,20
2020-08-15,US,Missouri,Shannon,44,1,0,37.15772072,-91.40190382,29203.0,538.8194954690179,2.272727272727273,43,44,1,0,43,44,8189,0,0,0,0,0
2020-08-15,US,Missouri,Shelby,42,0,0,39.79742518,-92.07634971,29205.0,708.2630691399663,0.0,42,42,0,0,42,42,6050,0,0,0,0,0
2020-08-15,US,Missouri,St. Charles,4610,87,0,38.77875681,-90.66662425,29183.0,1146.7034142410116,1.8872017353579176,4523,4520,87,0,4433,4408,399182,90,0,0,90,112
2020-08-15,US,Missouri,St. Clair,23,0,0,38.03699437,-93.77631447,29185.0,244.75896562732788,0.0,23,23,0,0,23,23,9395,0,0,0,0,0
2020-08-15,US,Missouri,St. Francois,498,2,0,37.81214171,-90.47598685,29187.0,740.9060477571968,0.4016064257028112,496,478,2,0,476,462,66692,20,0,0,20,16
2020-08-15,US,Missouri,St. Louis,16409,678,0,38.63770039999999,-90.4458375,29189.0,1650.464441438134,4.131878846974222,15731,16133,676,0,15457,15872,996945,276,2,0,274,261
2020-08-15,US,Missouri,St. Louis City,5553,181,0,38.63555736,-90.24349225,29510.0,1847.4528904503354,3.2594993697100665,5372,5479,178,0,5301,5430,302838,74,3,0,71,49
2020-08-15,US,Missouri,Ste. Genevieve,68,1,0,37.89090059,-90.1949941,29186.0,380.0156477031407,1.4705882352941178,67,66,1,0,65,63,17888,2,0,0,2,3
2020-08-15,US,Missouri,Stoddard,242,9,0,36.85571651,-89.9444155,29207.0,833.7639965546942,3.71900826446281,233,239,9,0,230,237,29206,3,0,0,3,2
2020-08-15,US,Missouri,Stone,168,1,0,36.75000327,-93.45256475,29209.0,525.7886830245368,0.5952380952380952,167,161,1,0,160,156,31749,7,0,0,7,5
2020-08-15,US,Missouri,Sullivan,153,0,0,40.2099105,-93.11150106,29211.0,2512.727869929381,0.0,153,152,0,0,152,149,6221,1,0,0,1,3
2020-08-15,US,Missouri,Taney,708,3,0,36.65465345,-93.04075153,29213.0,1265.913317122014,0.42372881355932196,705,685,3,0,682,678,55852,23,0,0,23,7
2020-08-15,US,Missouri,Texas,65,1,0,37.31728859,-91.96564727,29215.0,255.92566343806598,1.5384615384615383,64,63,1,0,62,64,25571,2,0,0,2,-1
2020-08-15,US,Missouri,Vernon,62,0,0,37.8457799,-94.34127305,29217.0,301.5124252297816,0.0,62,59,0,0,59,58,20528,3,0,0,3,1
2020-08-15,US,Missouri,Warren,238,0,0,38.76529479,-91.16124662,29219.0,667.6204101096805,0.0,238,226,0,0,226,216,34711,12,0,0,12,10
2020-08-15,US,Missouri,Washington,126,1,0,37.96130078,-90.87948158,29221.0,509.502628386575,0.7936507936507936,125,124,1,0,123,105,24943,2,0,0,2,19
2020-08-15,US,Missouri,Wayne,65,0,0,37.11303869,-90.46001416,29223.0,504.93280509593717,0.0,65,63,0,0,63,63,13122,2,0,0,2,0
2020-08-15,US,Missouri,Webster,149,1,0,37.2813734,-92.876329,29225.0,376.33865427359046,0.6711409395973155,148,147,1,0,146,142,39109,2,0,0,2,5
2020-08-15,US,Missouri,Worth,9,0,0,40.47945588,-94.42328751,29227.0,447.0938897168405,0.0,9,9,0,0,9,9,2040,0,0,0,0,0
2020-08-15,US,Missouri,Wright,73,0,0,37.27029221,-92.46914488,29229.0,399.14702826835816,0.0,73,70,0,0,70,67,18378,3,0,0,3,3
2020-08-15,US,Montana,Beaverhead,68,0,0,45.13434354,-112.89846940000001,30001.0,719.3483550195705,0.0,68,68,0,0,68,68,9404,0,0,0,0,0
2020-08-15,US,Montana,Big Horn,510,14,0,45.42335905,-107.492347,30003.0,3829.116300022524,2.7450980392156863,496,492,14,0,478,477,13338,18,0,0,18,15
2020-08-15,US,Montana,Blaine,15,0,0,48.43175214,-108.9582723,30005.0,224.51728783116297,0.0,15,14,0,0,14,13,6807,1,0,0,1,1
2020-08-15,US,Montana,Broadwater,14,0,0,46.33277565,-111.49558130000001,30007.0,224.46689113355785,0.0,14,14,0,0,14,14,6085,0,0,0,0,0
2020-08-15,US,Montana,Carbon,75,0,0,45.22850116,-109.0274047,30009.0,699.3006993006993,0.0,75,75,0,0,75,75,10714,0,0,0,0,0
2020-08-15,US,Montana,Cascade,181,4,0,47.30797024,-111.3467922,30013.0,222.45163827643,2.209944751381216,177,179,4,0,175,170,81643,2,0,0,2,9
2020-08-15,US,Montana,Chouteau,10,0,0,47.88084126,-110.4353362,30015.0,177.4622892635315,0.0,10,10,0,0,10,10,5745,0,0,0,0,0
2020-08-15,US,Montana,Custer,61,2,0,46.25319932,-105.57375259999998,30017.0,534.9938607261884,3.278688524590164,59,61,2,0,59,61,11586,0,0,0,0,0
2020-08-15,US,Montana,Daniels,3,0,0,48.78420029,-105.54763429999998,30019.0,177.5147928994083,0.0,3,3,0,0,3,3,1747,0,0,0,0,0
2020-08-15,US,Montana,Dawson,30,0,0,47.26584855,-104.89444170000002,30021.0,348.31069313827936,0.0,30,29,0,0,29,27,8680,1,0,0,1,2
2020-08-15,US,Montana,Deer Lodge,30,0,0,46.05953325,-113.073353,30023.0,328.2275711159737,0.0,30,28,0,0,28,26,9131,2,0,0,2,2
2020-08-15,US,Montana,Fallon,2,0,0,46.33478338,-104.41835649999999,30025.0,70.27406886858749,0.0,2,2,0,0,2,2,2920,0,0,0,0,0
2020-08-15,US,Montana,Fergus,23,0,0,47.26331584,-109.2245206,30027.0,208.1447963800905,0.0,23,19,0,0,19,18,11113,4,0,0,4,1
2020-08-15,US,Montana,Flathead,385,3,0,48.29575866,-114.05205690000001,30029.0,370.8841492784617,0.7792207792207793,382,376,3,0,373,364,102106,9,0,0,9,12
2020-08-15,US,Montana,Gallatin,988,3,0,45.54486106,-111.1692571,30031.0,863.3797647552301,0.30364372469635625,985,977,3,0,974,970,111876,11,0,0,11,7
2020-08-15,US,Montana,Garfield,12,0,0,47.27545948,-107.0002351,30033.0,953.8950715421304,0.0,12,12,0,0,12,12,1268,0,0,0,0,0
2020-08-15,US,Montana,Glacier,87,1,0,48.70513576,-112.9934235,30035.0,632.5892532538355,1.1494252873563218,86,87,1,0,86,82,13747,0,0,0,0,5
2020-08-15,US,Montana,Golden Valley,3,0,0,46.3816474,-109.17685220000001,30037.0,365.4080389768576,0.0,3,3,0,0,3,3,826,0,0,0,0,0
2020-08-15,US,Montana,Granite,18,0,0,46.40605220000001,-113.4414186,30039.0,532.7019828351583,0.0,18,18,0,0,18,18,3378,0,0,0,0,0
2020-08-15,US,Montana,Hill,48,2,0,48.62879827,-110.1129252,30041.0,291.1914583838874,4.166666666666667,46,48,2,0,46,46,16347,0,0,0,0,2
2020-08-15,US,Montana,Jefferson,31,0,0,46.14907081,-112.094396,30043.0,253.66172980934456,0.0,31,30,0,0,30,29,12097,1,0,0,1,1
2020-08-15,US,Montana,Judith Basin,3,0,0,47.04581276,-110.26606880000001,30045.0,149.47683109118088,0.0,3,3,0,0,3,3,1952,0,0,0,0,0
2020-08-15,US,Montana,Lake,187,1,0,47.64514965,-114.0898013,30047.0,613.9602074988509,0.5347593582887701,186,184,1,0,183,184,30250,3,0,0,3,0
2020-08-15,US,Montana,Lewis and Clark,176,2,0,47.12610041,-112.39469799999999,30049.0,253.48542458808618,1.1363636363636365,174,171,2,0,169,168,68700,5,0,0,5,3
2020-08-15,US,Montana,Liberty,1,0,0,48.56084317,-111.02430700000001,30051.0,42.78990158322636,0.0,1,1,0,0,1,1,2430,0,0,0,0,0
2020-08-15,US,Montana,Lincoln,78,2,0,48.54265777,-115.4046155,30053.0,390.3903903903904,2.5641025641025643,76,78,2,0,76,78,19794,0,0,0,0,0
2020-08-15,US,Montana,Madison,84,1,0,45.30080065,-111.9173017,30057.0,976.7441860465117,1.1904761904761905,83,84,1,0,83,83,8768,0,0,0,0,1
2020-08-15,US,Montana,McCone,5,0,0,47.64469406,-105.79449939999999,30055.0,300.48076923076917,0.0,5,5,0,0,5,5,1675,0,0,0,0,0
2020-08-15,US,Montana,Meagher,4,0,0,46.59907074,-110.8898557,30059.0,214.8227712137487,0.0,4,4,0,0,4,4,1866,0,0,0,0,0
2020-08-15,US,Montana,Mineral,2,0,0,47.15283992,-115.00152390000001,30061.0,45.48555833522857,0.0,2,2,0,0,2,2,4316,0,0,0,0,0
2020-08-15,US,Montana,Missoula,378,2,0,47.03728583,-113.92135079999998,30063.0,316.0535117056856,0.5291005291005291,376,357,1,0,356,346,118791,21,1,0,20,11
2020-08-15,US,Montana,Musselshell,4,0,0,46.49684637,-108.39498,30065.0,86.33714655730628,0.0,4,4,0,0,4,3,4651,0,0,0,0,1
2020-08-15,US,Montana,Park,63,0,0,45.48965095,-110.52643940000002,30067.0,379.3809466457907,0.0,63,62,0,0,62,60,16736,1,0,0,1,2
2020-08-15,US,Montana,Phillips,91,0,0,48.25936577,-107.9128511,30071.0,2301.466868993424,0.0,91,85,0,0,85,78,4074,6,0,0,6,7
2020-08-15,US,Montana,Pondera,11,0,0,48.22773388,-112.22527029999999,30073.0,186.09372356623246,0.0,11,11,0,0,11,11,5972,0,0,0,0,0
2020-08-15,US,Montana,Powder River,1,0,0,45.39617714,-105.636738,30075.0,59.453032104637344,0.0,1,1,0,0,1,1,1716,0,0,0,0,0
2020-08-15,US,Montana,Powell,2,0,0,46.85538891,-112.93591640000001,30077.0,29.027576197387518,0.0,2,2,0,0,2,2,6968,0,0,0,0,0
2020-08-15,US,Montana,Prairie,1,0,0,46.86048047,-105.379384,30079.0,92.85051067780873,0.0,1,1,0,0,1,1,1087,0,0,0,0,0
2020-08-15,US,Montana,Ravalli,85,2,0,46.08520862,-114.11891640000002,30081.0,194.03734648221703,2.3529411764705883,83,85,2,0,83,84,43172,0,0,0,0,1
2020-08-15,US,Montana,Richland,48,2,0,47.78668011,-104.5610786,30083.0,444.3210219383504,4.166666666666667,46,48,2,0,46,48,10913,0,0,0,0,0
2020-08-15,US,Montana,Roosevelt,30,0,0,48.29607488,-105.00792679999999,30085.0,272.6281352235551,0.0,30,29,0,0,29,25,11059,1,0,0,1,4
2020-08-15,US,Montana,Rosebud,71,1,0,46.23397237,-106.72928799999998,30087.0,794.4500391630299,1.4084507042253518,70,65,1,0,64,58,9063,6,0,0,6,7
2020-08-15,US,Montana,Sanders,11,0,0,47.67657534,-115.1329916,30089.0,90.81152480805746,0.0,11,11,0,0,11,11,11844,0,0,0,0,0
2020-08-15,US,Montana,Sheridan,5,0,0,48.72085833,-104.50382900000001,30091.0,151.1030522816561,0.0,5,5,0,0,5,5,3424,0,0,0,0,0
2020-08-15,US,Montana,Silver Bow,103,0,0,45.90018933,-112.6620092,30093.0,295.00214807389375,0.0,103,104,0,0,104,103,34993,-1,0,0,-1,1
2020-08-15,US,Montana,Stillwater,31,1,0,45.67071407,-109.3950061,30095.0,321.5100601534952,3.2258064516129035,30,29,1,0,28,29,9534,2,0,0,2,0
2020-08-15,US,Montana,Sweet Grass,5,1,0,45.81367654,-109.9425686,30097.0,133.7971635001338,20.0,4,5,1,0,4,5,3710,0,0,0,0,0
2020-08-15,US,Montana,Teton,15,0,0,47.83741052,-112.24106880000001,30099.0,244.0214738897023,0.0,15,15,0,0,15,15,6162,0,0,0,0,0
2020-08-15,US,Montana,Toole,45,6,0,48.65577551,-111.69424140000001,30101.0,950.1689189189192,13.333333333333336,39,44,6,0,38,44,4853,1,0,0,1,0
2020-08-15,US,Montana,Treasure,2,0,0,46.20973220000001,-107.26665159999999,30103.0,287.3563218390805,0.0,2,2,0,0,2,2,679,0,0,0,0,0
2020-08-15,US,Montana,Valley,30,0,0,48.36435097,-106.6669635,30105.0,405.6246619794484,0.0,30,30,0,0,30,30,7437,0,0,0,0,0
2020-08-15,US,Montana,Wheatland,3,0,0,46.46652491,-109.84646359999999,30107.0,141.11006585136406,0.0,3,3,0,0,3,3,2236,0,0,0,0,0
2020-08-15,US,Montana,Wibaux,3,0,0,46.95925154,-104.2510927,30109.0,309.59752321981426,0.0,3,3,0,0,3,3,1034,0,0,0,0,0
2020-08-15,US,Montana,Yellowstone,1487,32,0,45.93955949,-108.26914860000001,30111.0,921.8846869187848,2.151983860121049,1455,1463,32,0,1431,1424,160137,24,0,0,24,39
2020-08-15,US,Nebraska,Adams,364,11,0,40.52449420000001,-98.50117804,31001.0,1160.6032586168415,3.021978021978022,353,364,11,0,353,363,31511,0,0,0,0,1
2020-08-15,US,Nebraska,Antelope,21,1,0,42.17695516,-98.06662829999999,31003.0,333.4391870435058,4.761904761904762,20,20,1,0,19,20,6336,1,0,0,1,0
2020-08-15,US,Nebraska,Arthur,1,0,0,41.56896142,-101.6959559,31005.0,215.98272138228938,0.0,1,1,0,0,1,1,465,0,0,0,0,0
2020-08-15,US,Nebraska,Banner,2,0,0,41.54634427,-103.7114332,31007.0,268.4563758389262,0.0,2,2,0,0,2,2,730,0,0,0,0,0
2020-08-15,US,Nebraska,Boone,11,0,0,41.70759415,-98.06737183,31011.0,211.86440677966095,0.0,11,11,0,0,11,10,5239,0,0,0,0,1
2020-08-15,US,Nebraska,Box Butte,16,0,0,42.22079243,-103.08788340000001,31013.0,148.3817119540017,0.0,16,16,0,0,16,15,10772,0,0,0,0,1
2020-08-15,US,Nebraska,Boyd,8,0,0,42.899727399999996,-98.76486568,31015.0,416.8837936425222,0.0,8,8,0,0,8,7,1955,0,0,0,0,1
2020-08-15,US,Nebraska,Brown,2,0,0,42.43018907,-99.92904055,31017.0,67.68189509306261,0.0,2,2,0,0,2,1,2973,0,0,0,0,1
2020-08-15,US,Nebraska,Buffalo,494,1,0,40.85486962,-99.07500296,31019.0,994.7844298113133,0.20242914979757085,493,481,1,0,480,462,49615,13,0,0,13,19
2020-08-15,US,Nebraska,Burt,52,0,0,41.85056773,-96.32605633,31021.0,805.0781854776282,0.0,52,48,0,0,48,45,6488,4,0,0,4,3
2020-08-15,US,Nebraska,Butler,66,0,0,41.22703692,-97.13106306,31023.0,823.3532934131737,0.0,66,66,0,0,66,63,8058,0,0,0,0,3
2020-08-15,US,Nebraska,Cass,213,2,0,40.90899107,-96.13971217,31025.0,811.4903992685158,0.9389671361502347,211,209,2,0,207,203,26159,4,0,0,4,6
2020-08-15,US,Nebraska,Cedar,27,0,0,42.598885100000004,-97.25311951,31027.0,321.35205903356336,0.0,27,26,0,0,26,24,8446,1,0,0,1,2
2020-08-15,US,Nebraska,Chase,7,0,0,40.523719799999995,-101.69780259999999,31029.0,178.38939857288483,0.0,7,7,0,0,7,7,3977,0,0,0,0,0
2020-08-15,US,Nebraska,Cherry,4,0,0,42.54502621,-101.1244332,31031.0,70.31112673580594,0.0,4,4,0,0,4,4,5761,0,0,0,0,0
2020-08-15,US,Nebraska,Cheyenne,26,0,0,41.21999357,-102.9941693,31033.0,291.8069584736251,0.0,26,26,0,0,26,27,9310,0,0,0,0,-1
2020-08-15,US,Nebraska,Clay,50,0,0,40.52439441,-98.05126296,31035.0,806.0615831049491,0.0,50,50,0,0,50,50,6214,0,0,0,0,0
2020-08-15,US,Nebraska,Colfax,707,4,0,41.57486951,-97.0868542,31037.0,6601.923615650389,0.5657708628005658,703,707,4,0,703,705,10881,0,0,0,0,2
2020-08-15,US,Nebraska,Cuming,72,0,0,41.91637624,-96.78730772,31039.0,813.927198733891,0.0,72,72,0,0,72,68,8940,0,0,0,0,4
2020-08-15,US,Nebraska,Custer,57,4,0,41.39374521,-99.72805369,31041.0,528.9041477220005,7.0175438596491215,53,57,4,0,53,53,10840,0,0,0,0,4
2020-08-15,US,Nebraska,Dakota,1939,42,0,42.39040144,-96.56656425,31043.0,9682.412863277741,2.166064981949458,1897,1934,42,0,1892,1935,20083,5,0,0,5,-1
2020-08-15,US,Nebraska,Dawes,15,0,0,42.71985036,-103.1313774,31045.0,174.64198393293748,0.0,15,14,0,0,14,12,8716,1,0,0,1,2
2020-08-15,US,Nebraska,Dawson,973,9,0,40.87028216,-99.82014609999999,31047.0,4123.755032845942,0.9249743062692704,964,970,9,0,961,968,23709,3,0,0,3,2
2020-08-15,US,Nebraska,Deuel,2,0,0,41.11168186,-102.33333309999999,31049.0,111.48272017837236,0.0,2,2,0,0,2,2,1825,0,0,0,0,0
2020-08-15,US,Nebraska,Dixon,57,2,0,42.49188363,-96.86782408,31051.0,1011.3555713271824,3.5087719298245608,55,57,2,0,55,57,5709,0,0,0,0,0
2020-08-15,US,Nebraska,Dodge,837,10,0,41.58071748,-96.65598179,31053.0,2289.074251333242,1.1947431302270013,827,832,10,0,822,832,36791,5,0,0,5,0
2020-08-15,US,Nebraska,Douglas,12035,143,0,41.29518299,-96.15085305,31055.0,2106.4994302737314,1.1882010801828002,11892,11929,143,0,11786,11802,566880,106,0,0,106,127
2020-08-15,US,Nebraska,Dundy,1,0,0,40.17638677,-101.6876522,31057.0,59.06674542232722,0.0,1,1,0,0,1,1,1770,0,0,0,0,0
2020-08-15,US,Nebraska,Fillmore,29,1,0,40.52458567,-97.59646937,31059.0,530.9410472354449,3.4482758620689653,28,29,1,0,28,28,5527,0,0,0,0,1
2020-08-15,US,Nebraska,Franklin,15,0,0,40.17636348,-98.95299073,31061.0,503.5246727089627,0.0,15,15,0,0,15,15,3023,0,0,0,0,0
2020-08-15,US,Nebraska,Frontier,4,0,0,40.52993007,-100.3924658,31063.0,152.26494099733537,0.0,4,3,0,0,3,3,2608,1,0,0,1,0
2020-08-15,US,Nebraska,Furnas,17,1,0,40.17642064,-99.91247454,31065.0,363.5585970915312,5.882352941176472,16,16,1,0,15,15,4715,1,0,0,1,1
2020-08-15,US,Nebraska,Gage,96,4,0,40.26186809,-96.68946704,31067.0,446.24180727931946,4.166666666666667,92,95,4,0,91,93,21493,1,0,0,1,2
2020-08-15,US,Nebraska,Garden,4,0,0,41.61703149,-102.3313973,31069.0,217.74632553075668,0.0,4,4,0,0,4,4,1897,0,0,0,0,0
2020-08-15,US,Nebraska,Garfield,6,0,0,41.91428955,-98.99111827,31071.0,304.7232097511427,0.0,6,4,0,0,4,4,1987,2,0,0,2,0
2020-08-15,US,Nebraska,Gosper,22,0,0,40.51481965,-99.83020279,31073.0,1105.5276381909548,0.0,22,20,0,0,20,20,1996,2,0,0,2,0
2020-08-15,US,Nebraska,Greeley,10,0,0,41.56742671,-98.52150266,31077.0,424.44821731748726,0.0,10,10,0,0,10,10,2356,0,0,0,0,0
2020-08-15,US,Nebraska,Hall,1767,45,0,40.87257079,-98.50218293,31079.0,2880.054765048164,2.546689303904924,1722,1766,45,0,1721,1763,61607,1,0,0,1,3
2020-08-15,US,Nebraska,Hamilton,103,12,0,40.87349452,-98.02099117,31081.0,1104.6761046761046,11.650485436893206,91,102,12,0,90,101,9280,1,0,0,1,1
2020-08-15,US,Nebraska,Harlan,2,0,0,40.17658508,-99.40438879,31083.0,59.1715976331361,0.0,2,2,0,0,2,1,3401,0,0,0,0,1
2020-08-15,US,Nebraska,Hitchcock,1,0,0,40.17609175,-101.04164770000001,31087.0,36.205648081100655,0.0,1,1,0,0,1,1,2806,0,0,0,0,0
2020-08-15,US,Nebraska,Holt,14,0,0,42.45522056,-98.78402558,31089.0,139.0682427734181,0.0,14,14,0,0,14,14,10178,0,0,0,0,0
2020-08-15,US,Nebraska,Hooker,4,0,0,41.91586243,-101.1354293,31091.0,586.5102639296188,0.0,4,4,0,0,4,4,682,0,0,0,0,0
2020-08-15,US,Nebraska,Howard,56,5,0,41.2200529,-98.5166499,31093.0,868.8906128782003,8.928571428571429,51,55,5,0,50,55,6468,1,0,0,1,0
2020-08-15,US,Nebraska,Jefferson,19,0,0,40.17584531,-97.142601,31095.0,269.6565427192733,0.0,19,19,0,0,19,18,7097,0,0,0,0,1
2020-08-15,US,Nebraska,Johnson,14,0,0,40.39257596,-96.26522753,31097.0,276.07966870439753,0.0,14,14,0,0,14,14,5134,0,0,0,0,0
2020-08-15,US,Nebraska,Kearney,82,0,0,40.50663314,-98.94877182,31099.0,1262.509622786759,0.0,82,81,0,0,81,67,6544,1,0,0,1,14
2020-08-15,US,Nebraska,Keith,37,0,0,41.19930341,-101.66201640000001,31101.0,460.54269355240234,0.0,37,33,0,0,33,32,8021,4,0,0,4,1
2020-08-15,US,Nebraska,Kimball,15,0,0,41.19774275,-103.7148131,31105.0,412.9955947136564,0.0,15,15,0,0,15,15,3618,0,0,0,0,0
2020-08-15,US,Nebraska,Knox,42,0,0,42.63758421,-97.89178836,31107.0,504.0806529044647,0.0,42,41,0,0,41,39,8419,1,0,0,1,2
2020-08-15,US,Nebraska,Lancaster,3424,19,0,40.78416049,-96.68777155,31109.0,1073.0514901751858,0.5549065420560748,3405,3407,19,0,3388,3390,317272,17,0,0,17,17
2020-08-15,US,Nebraska,Lincoln,190,2,0,41.04658298,-100.74753740000001,31111.0,544.1943060090508,1.0526315789473684,188,172,2,0,170,154,35185,18,0,0,18,18
2020-08-15,US,Nebraska,Madison,490,5,0,41.91676024,-97.6005481,31119.0,1396.0511695489902,1.020408163265306,485,482,5,0,477,477,35392,8,0,0,8,5
2020-08-15,US,Nebraska,McPherson,6,0,0,41.56797682,-101.05993620000001,31117.0,1214.5748987854256,0.0,6,6,0,0,6,5,492,0,0,0,0,1
2020-08-15,US,Nebraska,Merrick,62,0,0,41.16624273,-98.0374887,31121.0,799.4842037395229,0.0,62,62,0,0,62,62,7733,0,0,0,0,0
2020-08-15,US,Nebraska,Morrill,63,0,0,41.71711774,-103.0061405,31123.0,1357.1736320551486,0.0,63,63,0,0,63,63,4686,0,0,0,0,0
2020-08-15,US,Nebraska,Nance,10,0,0,41.39750195,-97.99327291,31125.0,284.1716396703609,0.0,10,10,0,0,10,9,3532,0,0,0,0,1
2020-08-15,US,Nebraska,Nemaha,50,0,0,40.38514847,-95.85433992,31127.0,717.1543316121629,0.0,50,50,0,0,50,48,6958,0,0,0,0,2
2020-08-15,US,Nebraska,Nuckolls,6,0,0,40.17637905,-98.04743961,31129.0,144.64802314368367,0.0,6,6,0,0,6,6,4195,0,0,0,0,0
2020-08-15,US,Nebraska,Otoe,63,0,0,40.64843556,-96.13374142,31131.0,393.45490881838623,0.0,63,63,0,0,63,57,15985,0,0,0,0,6
2020-08-15,US,Nebraska,Pawnee,9,0,0,40.13141096,-96.23705437,31133.0,344.4316877152698,0.0,9,9,0,0,9,9,2632,0,0,0,0,0
2020-08-15,US,Nebraska,Perkins,21,7,0,40.85082525,-101.6502942,31135.0,726.3922518159807,33.333333333333336,14,21,7,0,14,19,2929,0,0,0,0,2
2020-08-15,US,Nebraska,Phelps,43,0,0,40.51156033,-99.41461667,31137.0,475.97963249944655,0.0,43,43,0,0,43,42,8996,0,0,0,0,1
2020-08-15,US,Nebraska,Pierce,44,0,0,42.26434853,-97.60122773,31139.0,615.5567991046448,0.0,44,37,0,0,37,37,7142,7,0,0,7,0
2020-08-15,US,Nebraska,Platte,815,3,0,41.57246836,-97.52144359,31141.0,2435.0164326262325,0.3680981595092024,812,812,3,0,809,804,33363,3,0,0,3,8
2020-08-15,US,Nebraska,Polk,28,0,0,41.18813488,-97.56630712,31143.0,537.1187416075196,0.0,28,28,0,0,28,27,5278,0,0,0,0,1
2020-08-15,US,Nebraska,Red Willow,18,0,0,40.17556879999999,-100.476998,31145.0,167.84781797836632,0.0,18,18,0,0,18,18,10726,0,0,0,0,0
2020-08-15,US,Nebraska,Richardson,27,1,0,40.1247415,-95.71755036,31147.0,343.2930705657978,3.703703703703704,26,27,1,0,26,24,7937,0,0,0,0,3
2020-08-15,US,Nebraska,Rock,3,0,0,42.42252217,-99.44832069,31149.0,221.07590272660286,0.0,3,3,0,0,3,3,1360,0,0,0,0,0
2020-08-15,US,Nebraska,Saline,602,2,0,40.52418865,-97.14085859,31151.0,4232.283464566929,0.3322259136212625,600,600,2,0,598,597,14350,2,0,0,2,3
2020-08-15,US,Nebraska,Sarpy,2471,11,0,41.11314181,-96.11156432,31153.0,1320.0068377529435,0.4451639012545528,2460,2441,11,0,2430,2409,184459,30,0,0,30,32
2020-08-15,US,Nebraska,Saunders,174,2,0,41.227810299999994,-96.63773905,31155.0,806.3768653257947,1.1494252873563218,172,173,2,0,171,170,21303,1,0,0,1,3
2020-08-15,US,Nebraska,Scotts Bluff,312,6,0,41.85070896,-103.70809859999999,31157.0,875.961592453254,1.9230769230769231,306,311,6,0,305,309,35989,1,0,0,1,2
2020-08-15,US,Nebraska,Seward,131,1,0,40.87241834,-97.139673,31159.0,757.9264059245544,0.7633587786259542,130,130,1,0,129,127,17318,1,0,0,1,3
2020-08-15,US,Nebraska,Sheridan,12,0,0,42.50284406,-102.4126613,31161.0,228.7457110179184,0.0,12,12,0,0,12,12,5190,0,0,0,0,0
2020-08-15,US,Nebraska,Sherman,14,0,0,41.22045983,-98.97588642,31163.0,466.5111629456848,0.0,14,14,0,0,14,12,3038,0,0,0,0,2
2020-08-15,US,Nebraska,Sioux,5,0,0,42.48932059,-103.7576544,31165.0,428.8164665523156,0.0,5,5,0,0,5,5,1187,0,0,0,0,0
2020-08-15,US,Nebraska,Stanton,32,0,0,41.9169835,-97.19394708,31167.0,540.5405405405405,0.0,32,32,0,0,32,32,5970,0,0,0,0,0
2020-08-15,US,Nebraska,Thayer,27,0,0,40.17626377,-97.59504381,31169.0,539.6761942834298,0.0,27,27,0,0,27,27,5039,0,0,0,0,0
2020-08-15,US,Nebraska,Thomas,2,0,0,41.91358968,-100.5556632,31171.0,277.0083102493075,0.0,2,2,0,0,2,2,720,0,0,0,0,0
2020-08-15,US,Nebraska,Thurston,211,4,0,42.15725356,-96.54157099,31173.0,2920.8194905869323,1.895734597156398,207,211,4,0,207,211,7303,0,0,0,0,0
2020-08-15,US,Nebraska,Unassigned,155,0,0,0.0,0.0,90031.0,0.0,0.0,155,161,0,0,161,155,,-6,0,0,-6,6
2020-08-15,US,Nebraska,Valley,13,0,0,41.56730777,-98.98197724,31175.0,312.6503126503126,0.0,13,12,0,0,12,11,4190,1,0,0,1,1
2020-08-15,US,Nebraska,Washington,146,1,0,41.52815707,-96.22019892,31177.0,704.3272709730327,0.6849315068493149,145,138,1,0,137,134,20667,8,0,0,8,4
2020-08-15,US,Nebraska,Wayne,40,0,0,42.20934475,-97.11926964,31179.0,426.212040490144,0.0,40,40,0,0,40,38,9403,0,0,0,0,2
2020-08-15,US,Nebraska,Webster,10,0,0,40.17642643,-98.50019851,31181.0,286.77946659019216,0.0,10,10,0,0,10,10,3533,0,0,0,0,0
2020-08-15,US,Nebraska,Wheeler,1,0,0,41.91482725,-98.52798941,31183.0,127.7139208173691,0.0,1,1,0,0,1,1,805,0,0,0,0,0
2020-08-15,US,Nebraska,York,93,0,0,40.87272618,-97.59710186,31185.0,679.8742598143139,0.0,93,90,0,0,90,89,13772,3,0,0,3,1
2020-08-15,US,Nevada,Carson City,382,8,0,39.15509045,-119.7480219,32510.0,683.1676085556908,2.094240837696335,374,374,8,0,366,371,55414,8,0,0,8,3
2020-08-15,US,Nevada,Churchill,82,1,0,39.58105744,-118.3394607,32001.0,329.1982817455538,1.2195121951219512,81,81,1,0,80,82,24440,1,0,0,1,-1
2020-08-15,US,Nevada,Clark,52239,908,0,36.21458855,-115.0130241,32003.0,2304.612622230849,1.7381649725301018,51331,51457,884,0,50573,50569,2231647,782,24,0,758,888
2020-08-15,US,Nevada,Douglas,215,1,0,38.912862,-119.61713329999999,32005.0,439.62784991309684,0.4651162790697674,214,215,1,0,214,209,48467,0,0,0,0,6
2020-08-15,US,Nevada,Elko,623,3,0,41.14531606,-115.3577619,32007.0,1180.4160824586004,0.4815409309791333,620,613,3,0,610,579,52460,10,0,0,10,34
2020-08-15,US,Nevada,Eureka,4,0,0,39.98100864,-116.26832040000001,32011.0,197.1414489896501,0.0,4,4,0,0,4,4,2003,0,0,0,0,0
2020-08-15,US,Nevada,Humboldt,104,4,0,41.40692186,-118.11094270000001,32013.0,617.9074327134455,3.8461538461538463,100,104,4,0,100,104,16786,0,0,0,0,0
2020-08-15,US,Nevada,Lander,52,1,0,39.933223299999995,-117.03970749999999,32015.0,939.9855386840204,1.9230769230769231,51,52,1,0,51,52,5575,0,0,0,0,0
2020-08-15,US,Nevada,Lincoln,5,0,0,37.64268459,-114.8790388,32017.0,96.46922631680496,0.0,5,5,0,0,5,5,5201,0,0,0,0,0
2020-08-15,US,Nevada,Lyon,266,6,0,39.01777974,-119.18704790000001,32019.0,462.528255955486,2.255639097744361,260,259,6,0,253,250,55808,7,0,0,7,9
2020-08-15,US,Nevada,Mineral,11,0,0,38.53841696,-118.4344506,32021.0,244.173140954495,0.0,11,11,0,0,11,11,4514,0,0,0,0,0
2020-08-15,US,Nevada,Nye,428,12,0,38.04264256,-116.47227020000001,32023.0,919.9750660963394,2.803738317757009,416,421,12,0,409,416,45346,7,0,0,7,5
2020-08-15,US,Nevada,Pershing,14,0,0,40.44003782,-118.40056409999998,32027.0,208.17843866171,0.0,14,14,0,0,14,14,6666,0,0,0,0,0
2020-08-15,US,Nevada,Storey,6,0,0,39.44875482,-119.5250207,32029.0,145.52510308028138,0.0,6,6,0,0,6,6,4029,0,0,0,0,0
2020-08-15,US,Nevada,Washoe,6161,124,0,40.66562265,-119.6631594,32031.0,1306.6281528421973,2.0126602824216846,6037,6117,124,0,5993,5962,465735,44,0,0,44,155
2020-08-15,US,Nevada,White Pine,16,1,0,39.44157041,-114.89996599999999,32033.0,167.0146137787056,6.25,15,16,1,0,15,16,9475,0,0,0,0,0
2020-08-15,US,New Hampshire,Belknap,120,4,0,43.51637314,-71.41684235,33001.0,195.74898455214264,3.333333333333333,116,120,4,0,116,119,61022,0,0,0,0,1
2020-08-15,US,New Hampshire,Carroll,96,1,0,43.87498583,-71.20430216,33003.0,196.27887957472907,1.0416666666666667,95,95,1,0,94,95,48779,1,0,0,1,0
2020-08-15,US,New Hampshire,Cheshire,106,3,0,42.92015988,-72.25311043,33005.0,139.31786817375308,2.830188679245283,103,106,3,0,103,103,76493,0,0,0,0,3
2020-08-15,US,New Hampshire,Coos,17,0,0,44.69063265,-71.30633239,33007.0,53.86053290244907,0.0,17,17,0,0,17,17,31589,0,0,0,0,0
2020-08-15,US,New Hampshire,Grafton,107,1,0,43.93779815,-71.82057197,33009.0,119.03967247402264,0.9345794392523364,106,106,1,0,105,105,89786,1,0,0,1,1
2020-08-15,US,New Hampshire,Hillsborough,3931,281,0,42.91537785,-71.7200253,33011.0,942.6293387686592,7.1483083184940215,3650,3919,281,0,3638,3891,415247,12,0,0,12,28
2020-08-15,US,New Hampshire,Merrimack,472,23,0,43.29662971,-71.6811573,33013.0,311.77546881915043,4.872881355932203,449,472,23,0,449,472,151132,0,0,0,0,0
2020-08-15,US,New Hampshire,Rockingham,1721,96,0,42.98499744,-71.12883377,33015.0,555.5752835177179,5.57815223707147,1625,1719,96,0,1623,1712,309176,2,0,0,2,7
2020-08-15,US,New Hampshire,Strafford,367,13,0,43.291833000000004,-71.02336013,33017.0,280.93973192072445,3.5422343324250685,354,366,13,0,353,363,130090,1,0,0,1,3
2020-08-15,US,New Hampshire,Sullivan,43,1,0,43.36094111,-72.22203125,33019.0,99.6616140546053,2.3255813953488373,42,44,1,0,43,44,43144,-1,0,0,-1,0
2020-08-15,US,New Jersey,Atlantic,3566,253,0,39.47538693,-74.65848483,34001.0,1352.448135927485,7.094784071789119,3313,3535,252,0,3283,3521,265429,31,1,0,30,14
2020-08-15,US,New Jersey,Bergen,21120,2036,0,40.96010917,-74.07164325,34003.0,2265.603377808673,9.640151515151516,19084,21058,2036,0,19022,20940,936692,62,0,0,62,118
2020-08-15,US,New Jersey,Burlington,6128,477,0,39.87681124,-74.66927768,34005.0,1375.9994970236826,7.7839425587467375,5651,6108,477,0,5631,6094,445384,20,0,0,20,14
2020-08-15,US,New Jersey,Camden,8774,582,0,39.80343818,-74.96388753,34007.0,1732.3795439422988,6.6332345566446325,8192,8733,581,0,8152,8689,507078,41,1,0,40,44
2020-08-15,US,New Jersey,Cape May,846,89,0,39.15008829,-74.80170244,34009.0,919.1755668792578,10.520094562647754,757,846,89,0,757,843,92560,0,0,0,0,3
2020-08-15,US,New Jersey,Cumberland,3420,158,0,39.37199394,-75.10712559,34011.0,2287.2123429213448,4.619883040935672,3262,3396,158,0,3238,3386,150972,24,0,0,24,10
2020-08-15,US,New Jersey,Essex,19911,2110,0,40.78681335,-74.24657979,34013.0,2492.0679620764104,10.597157350208429,17801,19870,2110,0,17760,19840,799767,41,0,0,41,30
2020-08-15,US,New Jersey,Gloucester,3400,215,0,39.71581067,-75.13995546,34015.0,1165.8368651332482,6.3235294117647065,3185,3368,215,0,3153,3339,291408,32,0,0,32,29
2020-08-15,US,New Jersey,Hudson,19866,1508,0,40.73766234,-74.07515667,34017.0,2954.5309202532453,7.590858753649452,18358,19830,1508,0,18322,19792,676061,36,0,0,36,38
2020-08-15,US,New Jersey,Hunterdon,1158,124,0,40.56335249,-74.91284156,34019.0,931.0852208312227,10.70811744386874,1034,1154,124,0,1030,1151,124714,4,0,0,4,3
2020-08-15,US,New Jersey,Mercer,8182,622,0,40.28047017,-74.70479631,34021.0,2226.818713768609,7.602053287704717,7560,8169,621,0,7548,8164,369811,13,1,0,12,5
2020-08-15,US,New Jersey,Middlesex,18070,1414,0,40.43629879,-74.41426991,34023.0,2190.1384380810173,7.825124515771997,16656,18045,1412,0,16633,18015,829685,25,2,0,23,30
2020-08-15,US,New Jersey,Monmouth,10459,858,0,40.26549699,-74.22240686,34025.0,1690.2205092154913,8.20346113395162,9601,10434,857,0,9577,10407,621354,25,1,0,24,27
2020-08-15,US,New Jersey,Morris,7332,829,0,40.86095313,-74.54553709999998,34027.0,1490.7135378015432,11.30660120021822,6503,7315,829,0,6486,7304,494228,17,0,0,17,11
2020-08-15,US,New Jersey,Ocean,10740,1020,0,39.8895449,-74.28089251,34029.0,1768.8154865230756,9.497206703910617,9720,10708,1020,0,9688,10668,601651,32,0,0,32,40
2020-08-15,US,New Jersey,Passaic,17915,1244,0,41.03238628,-74.29954144,34031.0,3569.962496961098,6.943901758303097,16671,17858,1244,0,16614,17801,503310,57,0,0,57,57
2020-08-15,US,New Jersey,Salem,924,87,0,39.58719656,-75.34696629999998,34033.0,1481.1252704977155,9.415584415584416,837,919,87,0,832,912,62607,5,0,0,5,7
2020-08-15,US,New Jersey,Somerset,5300,565,0,40.56465737,-74.61683016,34035.0,1611.2654818291815,10.660377358490566,4735,5291,564,0,4727,5282,331164,9,1,0,8,9
2020-08-15,US,New Jersey,Sussex,1349,198,0,41.13891592,-74.69118243,34037.0,960.2243607994988,14.677538917716827,1151,1344,198,0,1146,1343,140799,5,0,0,5,1
2020-08-15,US,New Jersey,Unassigned,773,0,0,0.0,0.0,90034.0,0.0,0.0,773,1001,0,0,1001,939,,-228,0,0,-228,62
2020-08-15,US,New Jersey,Union,16847,1349,0,40.65835409,-74.30680092,34039.0,3028.178760867885,8.007360360895115,15498,16827,1349,0,15478,16812,558067,20,0,0,20,15
2020-08-15,US,New Jersey,Warren,1362,172,0,40.85951833,-74.99556527,34041.0,1293.8527743737354,12.62848751835536,1190,1355,172,0,1183,1352,105779,7,0,0,7,3
2020-08-15,US,New Mexico,Bernalillo,5318,136,0,35.05163625,-106.6703554,35001.0,783.0710580294232,2.557352388115833,5182,5303,134,0,5169,5264,678701,15,2,0,13,39
2020-08-15,US,New Mexico,Catron,6,1,0,33.91514144,-108.4046587,35003.0,170.1162461015027,16.666666666666668,5,6,1,0,5,5,3578,0,0,0,0,1
2020-08-15,US,New Mexico,Chaves,527,6,0,33.36406072,-104.4665365,35005.0,815.6000928576956,1.1385199240986716,521,518,6,0,512,504,64689,9,0,0,9,14
2020-08-15,US,New Mexico,Cibola,380,19,0,34.91131525,-107.998876,35006.0,1424.554826616682,5.0,361,377,18,0,359,374,26746,3,1,0,2,3
2020-08-15,US,New Mexico,Colfax,18,1,0,36.60569702,-104.64726740000002,35007.0,150.74114395779247,5.5555555555555545,17,18,1,0,17,18,12110,0,0,0,0,0
2020-08-15,US,New Mexico,Curry,591,2,0,34.57421077,-103.34688759999999,35009.0,1207.2557911508766,0.33840947546531297,589,583,2,0,581,575,49437,8,0,0,8,8
2020-08-15,US,New Mexico,Dona Ana,2618,35,0,32.35275771,-106.83293870000001,35013.0,1199.8441760810285,1.3368983957219251,2583,2602,32,0,2570,2572,217522,16,3,0,13,30
2020-08-15,US,New Mexico,Eddy,364,5,0,32.47167456,-104.3053527,35015.0,622.6479644201163,1.3736263736263736,359,352,4,0,348,350,57900,12,1,0,11,2
2020-08-15,US,New Mexico,Grant,72,2,0,32.73911281,-108.3827845,35017.0,266.6864212163864,2.7777777777777777,70,72,2,0,70,72,27346,0,0,0,0,0
2020-08-15,US,New Mexico,Guadalupe,32,0,0,34.86319296,-104.790669,35019.0,744.1860465116278,0.0,32,32,0,0,32,32,4341,0,0,0,0,0
2020-08-15,US,New Mexico,Harding,1,0,0,35.85751555,-103.82209379999999,35021.0,160.0,0.0,1,1,0,0,1,1,655,0,0,0,0,0
2020-08-15,US,New Mexico,Hidalgo,90,0,0,31.91383467,-108.7151824,35023.0,2143.8780371605526,0.0,90,90,0,0,90,90,4240,0,0,0,0,0
2020-08-15,US,New Mexico,Lea,903,5,0,32.79215361,-103.4123733,35025.0,1270.578303081469,0.5537098560354374,898,890,5,0,885,876,69611,13,0,0,13,14
2020-08-15,US,New Mexico,Lincoln,151,2,0,33.74526079,-105.4586166,35027.0,771.510320866544,1.3245033112582782,149,150,2,0,148,144,19556,1,0,0,1,6
2020-08-15,US,New Mexico,Los Alamos,24,0,0,35.86631386,-106.31349850000001,35028.0,123.90933966647735,0.0,24,24,0,0,24,24,19101,0,0,0,0,0
2020-08-15,US,New Mexico,Luna,257,5,0,32.18179341,-107.75088259999998,35029.0,1083.976548989835,1.9455252918287935,252,256,5,0,251,255,23963,1,0,0,1,1
2020-08-15,US,New Mexico,McKinley,4120,232,0,35.58007720000001,-108.262245,35031.0,5772.9763055754065,5.631067961165049,3888,4104,232,0,3872,4087,72290,16,0,0,16,17
2020-08-15,US,New Mexico,Mora,6,0,0,36.01095101,-104.9497716,35033.0,132.71400132713998,0.0,6,6,0,0,6,6,4506,0,0,0,0,0
2020-08-15,US,New Mexico,Otero,207,10,0,32.61348406,-105.7417604,35035.0,306.71210549711066,4.8309178743961345,197,204,10,0,194,204,66781,3,0,0,3,0
2020-08-15,US,New Mexico,Quay,47,1,0,35.10403332,-103.54817270000001,35037.0,569.4898824669817,2.127659574468085,46,44,1,0,43,41,8253,3,0,0,3,3
2020-08-15,US,New Mexico,Rio Arriba,327,10,0,36.51072137,-106.69316740000001,35039.0,840.1634079288817,3.058103975535168,317,323,9,0,314,323,39006,4,1,0,3,0
2020-08-15,US,New Mexico,Roosevelt,175,1,0,34.02097406,-103.4799493,35041.0,945.945945945946,0.5714285714285714,174,170,1,0,169,169,18743,5,0,0,5,1
2020-08-15,US,New Mexico,San Juan,3093,187,0,36.50838318,-108.32043700000001,35045.0,2495.199987092403,6.045910119624961,2906,3084,187,0,2897,3072,125043,9,0,0,9,12
2020-08-15,US,New Mexico,San Miguel,53,0,0,35.48014807,-104.8163562,35047.0,194.3028925468344,0.0,53,51,0,0,51,46,27591,2,0,0,2,5
2020-08-15,US,New Mexico,Sandoval,1158,33,0,35.68862401,-106.86878030000001,35043.0,789.1078583694498,2.8497409326424865,1125,1152,33,0,1119,1149,145179,6,0,0,6,3
2020-08-15,US,New Mexico,Santa Fe,686,3,0,35.50708973,-105.9774716,35049.0,456.2444299604943,0.43731778425655976,683,681,3,0,678,672,150056,5,0,0,5,9
2020-08-15,US,New Mexico,Sierra,34,1,0,33.13028233,-107.1925893,35051.0,315.0773792975628,2.9411764705882355,33,32,1,0,31,32,10968,2,0,0,2,0
2020-08-15,US,New Mexico,Socorro,75,6,0,34.00715494,-106.9298354,35053.0,450.8024283224138,8.0,69,75,6,0,69,75,16735,0,0,0,0,0
2020-08-15,US,New Mexico,Taos,115,1,0,36.58006022,-105.63101979999999,35055.0,351.43477065061273,0.8695652173913043,114,114,1,0,113,112,32835,1,0,0,1,2
2020-08-15,US,New Mexico,Torrance,63,1,0,34.64048375,-105.8508949,35057.0,407.4768773041847,1.5873015873015872,62,62,1,0,61,62,15591,1,0,0,1,0
2020-08-15,US,New Mexico,Unassigned,1305,0,0,0.0,0.0,90035.0,0.0,0.0,1305,1305,0,0,1305,1305,,0,0,0,0,0
2020-08-15,US,New Mexico,Union,30,2,0,36.48126404,-103.4709624,35059.0,739.09830007391,6.666666666666668,28,30,2,0,28,30,4118,0,0,0,0,0
2020-08-15,US,New Mexico,Valencia,456,4,0,34.71669834,-106.8103733,35061.0,594.6171500104317,0.8771929824561403,452,449,4,0,445,446,76456,7,0,0,7,3
2020-08-15,US,New York,Albany,2643,129,0,42.60060306,-73.97723916,36001.0,865.1221252610424,4.880817253121453,2514,2639,129,0,2510,2636,307117,4,0,0,4,3
2020-08-15,US,New York,Allegany,80,1,0,42.25748406,-78.02750466,36003.0,173.56967737736218,1.25,79,80,1,0,79,80,46430,0,0,0,0,0
2020-08-15,US,New York,Broome,1165,69,0,42.15903158,-75.81326086,36007.0,611.5870816009408,5.92274678111588,1096,1165,69,0,1096,1153,191659,0,0,0,0,12
2020-08-15,US,New York,Cattaraugus,170,6,0,42.24778241,-78.67923096,36009.0,223.34038388270687,3.5294117647058822,164,169,6,0,163,169,76840,1,0,0,1,0
2020-08-15,US,New York,Cayuga,163,2,0,42.91261714,-76.55731592,36011.0,212.86042624320942,1.2269938650306749,161,163,2,0,161,162,77145,0,0,0,0,1
2020-08-15,US,New York,Chautauqua,263,9,0,42.22769210000001,-79.36691763,36013.0,207.2449035877796,3.4220532319391634,254,260,9,0,251,260,127939,3,0,0,3,0
2020-08-15,US,New York,Chemung,188,3,0,42.13891056,-76.7638805,36015.0,225.26840490797542,1.5957446808510638,185,187,3,0,184,184,84254,1,0,0,1,3
2020-08-15,US,New York,Chenango,218,6,0,42.49430041,-75.60887553,36017.0,461.79592009659586,2.7522935779816518,212,218,6,0,212,218,47536,0,0,0,0,0
2020-08-15,US,New York,Clinton,131,4,0,44.74530905,-73.67875352,36019.0,162.76324781015097,3.053435114503817,127,130,4,0,126,129,80695,1,0,0,1,1
2020-08-15,US,New York,Columbia,551,37,0,42.24819348,-73.63089095,36021.0,926.6578093203948,6.715063520871142,514,551,37,0,514,550,59916,0,0,0,0,1
2020-08-15,US,New York,Cortland,97,0,0,42.59509207,-76.07048931,36023.0,203.86288644627052,0.0,97,97,0,0,97,97,47823,0,0,0,0,0
2020-08-15,US,New York,Delaware,107,4,0,42.19837623,-74.96709306,36025.0,242.43797439673733,3.7383177570093458,103,107,4,0,103,107,44527,0,0,0,0,0
2020-08-15,US,New York,Dutchess,4668,153,0,41.76486060000001,-73.74356679,36027.0,1586.5786593614264,3.2776349614395888,4515,4655,153,0,4502,4640,293718,13,0,0,13,15
2020-08-15,US,New York,Erie,9114,674,0,42.76249024,-78.73063652,36029.0,992.0518296466099,7.39521615097652,8440,9064,674,0,8390,9033,919719,50,0,0,50,31
2020-08-15,US,New York,Essex,59,0,0,44.11630765,-73.77297842,36031.0,159.95662193303508,0.0,59,57,0,0,57,56,37300,2,0,0,2,1
2020-08-15,US,New York,Franklin,54,0,0,44.59040891,-74.29926032,36033.0,107.95250089960415,0.0,54,54,0,0,54,54,50293,0,0,0,0,0
2020-08-15,US,New York,Fulton,303,24,0,43.11363907,-74.41798804,36035.0,567.5964258284473,7.920792079207921,279,303,24,0,279,300,53591,0,0,0,0,3
2020-08-15,US,New York,Genesee,284,5,0,43.0022601,-78.19135193,36037.0,495.8100558659218,1.7605633802816902,279,284,5,0,279,280,57511,0,0,0,0,4
2020-08-15,US,New York,Greene,297,18,0,42.275797,-74.12384884,36039.0,629.3973043994235,6.0606060606060606,279,296,18,0,278,296,47491,1,0,0,1,0
2020-08-15,US,New York,Hamilton,8,0,0,43.66146647,-74.49721957,36041.0,181.15942028985503,0.0,8,8,0,0,8,8,4434,0,0,0,0,0
2020-08-15,US,New York,Herkimer,282,4,0,43.42034246,-74.96145307,36043.0,459.8900830085292,1.4184397163120568,278,278,4,0,274,278,61833,4,0,0,4,0
2020-08-15,US,New York,Jefferson,143,0,0,44.04200959,-75.94653457,36045.0,130.19647832183114,0.0,143,143,0,0,143,142,111755,0,0,0,0,1
2020-08-15,US,New York,Lewis,47,0,0,43.784415700000004,-75.44903992,36049.0,178.73440827502282,0.0,47,47,0,0,47,47,26447,0,0,0,0,0
2020-08-15,US,New York,Livingston,178,8,0,42.72596275,-77.77966158,36051.0,282.9258988460438,4.49438202247191,170,178,8,0,170,176,63227,0,0,0,0,2
2020-08-15,US,New York,Madison,421,17,0,42.91653905,-75.67266639,36053.0,593.450895814832,4.0380047505938235,404,419,17,0,402,417,70795,2,0,0,2,2
2020-08-15,US,New York,Monroe,5143,285,0,43.14638895,-77.69322942,36055.0,693.3416018442374,5.54151273575734,4858,5122,285,0,4837,5079,742474,21,0,0,21,43
2020-08-15,US,New York,Montgomery,184,4,0,42.90123494,-74.44011632,36057.0,373.8241807358648,2.1739130434782608,180,181,4,0,177,179,49455,3,0,0,3,2
2020-08-15,US,New York,Nassau,43891,2195,0,40.74066522,-73.58941873,36059.0,3234.5953052639647,5.001025267139049,41696,43840,2195,0,41645,43795,1358343,51,0,0,51,45
2020-08-15,US,New York,New York City,229916,23621,0,40.76727260000001,-73.97152637,36061.0,2757.8391129372276,10.273752152960213,206295,229534,23615,0,205919,229167,1628701,382,6,0,376,367
2020-08-15,US,New York,Niagara,1529,98,0,43.19898042,-78.74777412,36063.0,730.5966619043297,6.409417920209288,1431,1524,98,0,1426,1518,210433,5,0,0,5,6
2020-08-15,US,New York,Oneida,2195,117,0,43.24375382,-75.43710392,36065.0,959.8943460255127,5.330296127562642,2078,2189,117,0,2072,2183,229577,6,0,0,6,6
2020-08-15,US,New York,Onondaga,3663,203,0,43.00491923,-76.19971155,36067.0,795.3913768543933,5.541905541905542,3460,3646,203,0,3443,3627,461809,17,0,0,17,19
2020-08-15,US,New York,Ontario,367,34,0,42.85145728,-77.30874425,36069.0,334.3141095129217,9.264305177111716,333,366,34,0,332,365,109864,1,0,0,1,1
2020-08-15,US,New York,Orange,11229,491,0,41.40337468,-74.30240757,36071.0,2917.0779861796636,4.372606643512334,10738,11217,491,0,10726,11210,381951,12,0,0,12,7
2020-08-15,US,New York,Orleans,300,54,0,43.2516977,-78.2320066,36073.0,743.4575733544806,18.0,246,299,54,0,245,299,40612,1,0,0,1,0
2020-08-15,US,New York,Oswego,271,3,0,43.42778894,-76.14635194,36075.0,231.37870974351966,1.1070110701107012,268,264,3,0,261,258,117898,7,0,0,7,6
2020-08-15,US,New York,Otsego,118,5,0,42.63492579,-75.03151402,36077.0,198.342662161935,4.2372881355932215,113,118,5,0,113,118,59749,0,0,0,0,0
2020-08-15,US,New York,Putnam,1459,63,0,41.42630093,-73.74965532,36079.0,1483.9300244100891,4.318026045236463,1396,1457,63,0,1394,1455,98892,2,0,0,2,2
2020-08-15,US,New York,Rensselaer,789,38,0,42.71348136,-73.51089874,36083.0,497.1206068777802,4.816223067173636,751,785,38,0,747,782,159442,4,0,0,4,3
2020-08-15,US,New York,Rockland,13997,674,0,41.15027894,-74.02560498,36087.0,4296.339041526878,4.815317568050297,13323,13981,674,0,13307,13973,325695,16,0,0,16,8
2020-08-15,US,New York,Saratoga,783,17,0,43.10904162,-73.86653895,36091.0,340.63768418579764,2.1711366538952745,766,782,17,0,765,774,230163,1,0,0,1,8
2020-08-15,US,New York,Schenectady,1101,37,0,42.81668777,-74.05278291,36093.0,708.9549836122577,3.360581289736603,1064,1092,37,0,1055,1084,155350,9,0,0,9,8
2020-08-15,US,New York,Schoharie,69,0,0,42.58831742,-74.44339029999998,36095.0,222.58782541372295,0.0,69,69,0,0,69,69,31097,0,0,0,0,0
2020-08-15,US,New York,Schuyler,23,0,0,42.39184015,-76.8773299,36097.0,129.16268883023528,0.0,23,22,0,0,22,22,17912,1,0,0,1,0
2020-08-15,US,New York,Seneca,93,3,0,42.78081007,-76.82497064,36099.0,273.40075258701785,3.2258064516129035,90,93,3,0,90,92,34300,0,0,0,0,1
2020-08-15,US,New York,St. Lawrence,263,4,0,44.4976179,-75.06550039,36089.0,244.10618154817158,1.520912547528517,259,263,4,0,259,263,108047,0,0,0,0,0
2020-08-15,US,New York,Steuben,306,42,0,42.2689144,-77.3829924,36101.0,320.8253389110812,13.725490196078429,264,303,42,0,261,301,95796,3,0,0,3,2
2020-08-15,US,New York,Suffolk,44109,1998,0,40.88320119,-72.8012172,36103.0,2987.198302046389,4.529687818812487,42111,44045,1998,0,42047,43987,1481093,64,0,0,64,58
2020-08-15,US,New York,Sullivan,1493,48,0,41.71579493,-74.76394559,36105.0,1979.2660939654252,3.215003348961822,1445,1491,48,0,1443,1491,75498,2,0,0,2,0
2020-08-15,US,New York,Tioga,195,25,0,42.16852837,-76.30835812,36107.0,404.5391365682634,12.82051282051282,170,195,25,0,170,194,48560,0,0,0,0,1
2020-08-15,US,New York,Tompkins,238,0,0,42.44945765,-76.47229843,36109.0,232.92229399099628,0.0,238,236,0,0,236,234,102793,2,0,0,2,2
2020-08-15,US,New York,Ulster,2089,92,0,41.89027881,-74.26252104,36111.0,1176.4175860068815,4.404021062709432,1997,2086,92,0,1994,2081,178599,3,0,0,3,5
2020-08-15,US,New York,Warren,312,33,0,43.56173026,-73.8433699,36113.0,487.9269360690605,10.576923076923077,279,312,33,0,279,312,64265,0,0,0,0,0
2020-08-15,US,New York,Washington,261,14,0,43.31153794,-73.43043448,36115.0,426.4427161623423,5.363984674329502,247,260,14,0,246,260,61197,1,0,0,1,0
2020-08-15,US,New York,Wayne,269,3,0,43.15494365,-77.02976528,36117.0,299.16145821748705,1.1152416356877324,266,265,3,0,262,263,90064,4,0,0,4,2
2020-08-15,US,New York,Westchester,36435,1447,0,41.16278376,-73.75741653,36119.0,3765.8681186473273,3.971456017565528,34988,36402,1447,0,34955,36357,967612,33,0,0,33,45
2020-08-15,US,New York,Wyoming,118,5,0,42.70145109,-78.22199579,36121.0,296.04355352617983,4.2372881355932215,113,118,5,0,113,118,40085,0,0,0,0,0
2020-08-15,US,New York,Yates,59,7,0,42.63505484,-77.10369919,36123.0,236.82414803516238,11.864406779661017,52,58,7,0,51,58,24841,1,0,0,1,0
2020-08-15,US,North Carolina,Alamance,2612,42,0,36.0434701,-79.39976137,37001.0,1540.9211310313904,1.6079632465543643,2570,2586,42,0,2544,2567,166436,26,0,0,26,19
2020-08-15,US,North Carolina,Alexander,332,2,0,35.922379600000006,-81.17751948,37003.0,885.4041656665868,0.6024096385542169,330,327,2,0,325,323,37353,5,0,0,5,4
2020-08-15,US,North Carolina,Alleghany,177,0,0,36.49360862,-81.12857041,37005.0,1589.2969381341477,0.0,177,172,0,0,172,171,11161,5,0,0,5,1
2020-08-15,US,North Carolina,Anson,366,3,0,34.97403241,-80.09953279,37007.0,1497.1774523439417,0.819672131147541,363,363,3,0,360,358,24877,3,0,0,3,5
2020-08-15,US,North Carolina,Ashe,168,1,0,36.43296207,-81.49862729,37009.0,617.5789434988787,0.5952380952380952,167,168,1,0,167,167,27109,0,0,0,0,1
2020-08-15,US,North Carolina,Avery,106,0,0,36.07569796,-81.92308483,37011.0,603.7477929031155,0.0,106,99,0,0,99,95,17505,7,0,0,7,4
2020-08-15,US,North Carolina,Beaufort,435,2,0,35.48531943,-76.84325809,37013.0,925.6500829893178,0.4597701149425287,433,425,2,0,423,419,47079,10,0,0,10,6
2020-08-15,US,North Carolina,Bertie,313,5,0,36.0688473,-76.96545943,37015.0,1651.9765662110094,1.597444089456869,308,299,5,0,294,294,19026,14,0,0,14,5
2020-08-15,US,North Carolina,Bladen,651,7,0,34.61296243,-78.56180059,37017.0,1989.48719515922,1.075268817204301,644,640,6,0,634,634,33190,11,1,0,10,6
2020-08-15,US,North Carolina,Brunswick,1302,22,0,34.070565,-78.22814204,37019.0,911.6370256266628,1.6897081413210446,1280,1293,22,0,1271,1287,136744,9,0,0,9,6
2020-08-15,US,North Carolina,Buncombe,2033,53,0,35.61113393,-82.53305,37021.0,778.3576003767357,2.606984751598622,1980,2001,52,0,1949,1965,259103,32,1,0,31,36
2020-08-15,US,North Carolina,Burke,1702,27,0,35.74989637,-81.70755735,37023.0,1880.974747195668,1.5863689776733254,1675,1686,27,0,1659,1679,90382,16,0,0,16,7
2020-08-15,US,North Carolina,Cabarrus,2767,50,0,35.3877799,-80.55267168,37025.0,1278.3375605789709,1.8070112034694612,2717,2753,50,0,2703,2714,211342,14,0,0,14,39
2020-08-15,US,North Carolina,Caldwell,1265,13,0,35.95204977,-81.54799522,37027.0,1539.3414295796927,1.0276679841897234,1252,1252,12,0,1240,1246,82029,13,1,0,12,6
2020-08-15,US,North Carolina,Camden,76,2,0,36.33804939,-76.15568396,37029.0,699.3650501518358,2.631578947368421,74,76,2,0,74,76,10710,0,0,0,0,0
2020-08-15,US,North Carolina,Carteret,374,5,0,34.8932941,-76.54120135,37031.0,538.338635153225,1.3368983957219251,369,369,5,0,364,362,69524,5,0,0,5,7
2020-08-15,US,North Carolina,Caswell,200,2,0,36.39312665,-79.33353281,37033.0,884.7991505928154,1.0,198,198,2,0,196,198,22698,2,0,0,2,0
2020-08-15,US,North Carolina,Catawba,2242,33,0,35.66211129,-81.2132617,37035.0,1405.193323764815,1.4719000892060659,2209,2216,33,0,2183,2203,158652,26,0,0,26,13
2020-08-15,US,North Carolina,Chatham,1338,55,0,35.70394416,-79.25541492,37037.0,1796.696656371693,4.110612855007473,1283,1332,55,0,1277,1323,73139,6,0,0,6,9
2020-08-15,US,North Carolina,Cherokee,285,4,0,35.1349263,-84.05970864,37039.0,996.0855585069203,1.4035087719298245,281,279,4,0,275,277,28383,6,0,0,6,2
2020-08-15,US,North Carolina,Chowan,165,2,0,36.12908077,-76.60118385,37041.0,1183.3895144516964,1.2121212121212122,163,162,2,0,160,160,14029,3,0,0,3,2
2020-08-15,US,North Carolina,Clay,75,1,0,35.05704275,-83.74353633,37043.0,667.7944973733416,1.3333333333333333,74,74,1,0,73,72,11139,1,0,0,1,2
2020-08-15,US,North Carolina,Cleveland,1304,23,0,35.33553364,-81.55204486,37045.0,1331.3322511153992,1.7638036809815951,1281,1286,23,0,1263,1255,97645,18,0,0,18,31
2020-08-15,US,North Carolina,Columbus,968,48,0,34.26744084,-78.65801424,37047.0,1743.8927722130145,4.958677685950414,920,961,48,0,913,950,55655,7,0,0,7,11
2020-08-15,US,North Carolina,Craven,780,18,0,35.11833364,-77.08398081,37049.0,763.6652013432675,2.3076923076923075,762,758,18,0,740,742,102912,22,0,0,22,16
2020-08-15,US,North Carolina,Cumberland,3384,56,0,35.04762133,-78.82623165,37051.0,1008.616758417807,1.6548463356973997,3328,3324,55,0,3269,3276,332330,60,1,0,59,48
2020-08-15,US,North Carolina,Currituck,80,0,0,36.36123664,-75.95876401,37053.0,288.15329755429883,0.0,80,78,0,0,78,78,27072,2,0,0,2,0
2020-08-15,US,North Carolina,Dare,212,2,0,35.66520691,-75.71767334,37055.0,572.8336350617417,0.9433962264150944,210,211,2,0,209,211,36501,1,0,0,1,0
2020-08-15,US,North Carolina,Davidson,1864,23,0,35.79115496,-80.21256572,37057.0,1112.112118084351,1.2339055793991416,1841,1849,22,0,1827,1836,166614,15,1,0,14,13
2020-08-15,US,North Carolina,Davie,436,5,0,35.93099927,-80.54496571,37059.0,1017.5979087896187,1.1467889908256879,431,431,5,0,426,430,42733,5,0,0,5,1
2020-08-15,US,North Carolina,Duplin,2023,49,0,34.93449805,-77.93140529,37061.0,3443.931836366422,2.4221453287197234,1974,2019,48,0,1971,2017,58856,4,1,0,3,2
2020-08-15,US,North Carolina,Durham,6377,80,0,36.03638492,-78.87608331,37063.0,1983.5888120240882,1.254508389524855,6297,6330,80,0,6250,6298,316739,47,0,0,47,32
2020-08-15,US,North Carolina,Edgecombe,725,13,0,35.91230639,-77.59436892,37065.0,1408.5327945290646,1.7931034482758617,712,709,13,0,696,691,52005,16,0,0,16,18
2020-08-15,US,North Carolina,Forsyth,5513,56,0,36.12859861,-80.25459052,37067.0,1442.0800690566186,1.0157808815526936,5457,5477,56,0,5421,5440,379099,36,0,0,36,37
2020-08-15,US,North Carolina,Franklin,921,26,0,36.081519,-78.28708884,37069.0,1321.661763650714,2.8230184581976117,895,915,26,0,889,905,67560,6,0,0,6,10
2020-08-15,US,North Carolina,Gaston,3539,57,0,35.29373559,-81.17477045,37071.0,1576.1883765571483,1.6106244701893189,3482,3495,57,0,3438,3438,222846,44,0,0,44,57
2020-08-15,US,North Carolina,Gates,51,2,0,36.44667547,-76.69749701,37073.0,441.10015568240783,3.92156862745098,49,49,2,0,47,49,11573,2,0,0,2,0
2020-08-15,US,North Carolina,Graham,46,0,0,35.3506925,-83.83369267,37075.0,544.9591280653951,0.0,46,46,0,0,46,44,8484,0,0,0,0,2
2020-08-15,US,North Carolina,Granville,1341,29,0,36.30337451,-78.65184241,37077.0,2218.6191949439967,2.162565249813572,1312,1313,29,0,1284,1293,60115,28,0,0,28,20
2020-08-15,US,North Carolina,Greene,341,3,0,35.48544173,-77.67578087,37079.0,1618.4916227633014,0.8797653958944281,338,338,3,0,335,336,21012,3,0,0,3,2
2020-08-15,US,North Carolina,Guilford,5911,158,0,36.07959451,-79.78824948,37081.0,1100.3883285490365,2.6729825748604297,5753,5858,158,0,5700,5826,533670,53,0,0,53,32
2020-08-15,US,North Carolina,Halifax,752,8,0,36.25669272,-77.6556109,37083.0,1503.6992601479706,1.0638297872340423,744,747,7,0,740,746,50574,5,1,0,4,1
2020-08-15,US,North Carolina,Harnett,1398,40,0,35.36731853,-78.87243571,37085.0,1028.1226098723303,2.861230329041488,1358,1367,40,0,1327,1357,134214,31,0,0,31,10
2020-08-15,US,North Carolina,Haywood,457,24,0,35.55269063,-82.98196486,37087.0,733.3472407208305,5.25164113785558,433,455,19,0,436,445,61971,2,5,0,-3,10
2020-08-15,US,North Carolina,Henderson,1542,56,0,35.33788927,-82.4766782,37089.0,1313.268095761261,3.631647211413749,1486,1526,56,0,1470,1517,116748,16,0,0,16,9
2020-08-15,US,North Carolina,Hertford,394,11,0,36.3607755,-76.98104134,37091.0,1664.062170038434,2.7918781725888326,383,375,11,0,364,365,23659,19,0,0,19,10
2020-08-15,US,North Carolina,Hoke,773,11,0,35.01888303,-79.23651674,37093.0,1399.500307781439,1.423027166882277,762,767,11,0,756,761,54764,6,0,0,6,6
2020-08-15,US,North Carolina,Hyde,54,0,0,35.42017674,-76.15180542,37095.0,1093.7816487745597,0.0,54,51,0,0,51,48,5230,3,0,0,3,3
2020-08-15,US,North Carolina,Iredell,1963,17,0,35.80950511,-80.8743128,37097.0,1079.7223413968736,0.8660213958227203,1946,1946,17,0,1929,1912,178435,17,0,0,17,34
2020-08-15,US,North Carolina,Jackson,458,7,0,35.28814273,-83.14093385,37099.0,1042.37789612636,1.5283842794759823,451,460,7,0,453,460,43327,-2,0,0,-2,0
2020-08-15,US,North Carolina,Johnston,3424,45,0,35.51745004,-78.36622717,37101.0,1635.6245133491614,1.3142523364485978,3379,3399,45,0,3354,3381,202675,25,0,0,25,18
2020-08-15,US,North Carolina,Jones,100,4,0,35.02254606,-77.35870791,37103.0,1061.6838305552606,4.0,96,99,4,0,95,99,9637,1,0,0,1,0
2020-08-15,US,North Carolina,Lee,1328,11,0,35.47623147,-79.17569362,37105.0,2149.597759756552,0.8283132530120482,1317,1323,11,0,1312,1311,61452,5,0,0,5,12
2020-08-15,US,North Carolina,Lenoir,632,11,0,35.24032589999999,-77.64245615,37107.0,1129.6001715848365,1.7405063291139242,621,613,11,0,602,600,55976,19,0,0,19,13
2020-08-15,US,North Carolina,Lincoln,926,10,0,35.48508185,-81.21740317,37109.0,1075.3562262660982,1.079913606911447,916,908,10,0,898,893,83770,18,0,0,18,15
2020-08-15,US,North Carolina,Macon,475,2,0,35.14867843,-83.41696617,37113.0,1324.6695298120364,0.42105263157894735,473,469,2,0,467,469,35285,6,0,0,6,0
2020-08-15,US,North Carolina,Madison,49,1,0,35.85402722,-82.71346418,37115.0,225.23557802803955,2.0408163265306123,48,49,1,0,48,48,21763,0,0,0,0,1
2020-08-15,US,North Carolina,Martin,277,6,0,35.84326734,-77.10860251,37117.0,1234.402852049911,2.166064981949458,271,273,6,0,267,265,22671,4,0,0,4,8
2020-08-15,US,North Carolina,McDowell,709,20,0,35.67736232,-82.0482425,37111.0,1549.5235597517265,2.8208744710860367,689,701,20,0,681,696,45507,8,0,0,8,5
2020-08-15,US,North Carolina,Mecklenburg,22989,257,0,35.24469268,-80.8317671,37119.0,2070.4170554308707,1.1179259645917612,22732,22850,253,0,22597,22803,1093901,139,4,0,135,47
2020-08-15,US,North Carolina,Mitchell,80,3,0,36.01059309,-82.1582442,37121.0,534.6164127238707,3.75,77,80,3,0,77,81,15000,0,0,0,0,-1
2020-08-15,US,North Carolina,Montgomery,686,16,0,35.33155144,-79.90416657,37123.0,2524.564825378133,2.332361516034985,670,673,15,0,658,659,27271,13,1,0,12,14
2020-08-15,US,North Carolina,Moore,1081,20,0,35.30885257,-79.48474178,37125.0,1071.5701823949246,1.8501387604070303,1061,1062,20,0,1042,1046,98682,19,0,0,19,16
2020-08-15,US,North Carolina,Nash,1315,14,0,35.96575634,-77.98422508,37127.0,1394.5152601327707,1.064638783269962,1301,1290,12,0,1278,1252,94016,25,2,0,23,38
2020-08-15,US,North Carolina,New Hanover,2692,21,0,34.25758282,-77.87075626,37129.0,1148.1066050248855,0.7800891530460624,2671,2666,21,0,2645,2644,232274,26,0,0,26,22
2020-08-15,US,North Carolina,Northampton,318,16,0,36.41736238,-77.39769443,37131.0,1632.1921675306678,5.031446540880503,302,314,16,0,298,311,19676,4,0,0,4,3
2020-08-15,US,North Carolina,Onslow,1194,12,0,34.72607366,-77.42908179,37133.0,603.2191898473259,1.0050251256281406,1182,1178,12,0,1166,1154,197683,16,0,0,16,24
2020-08-15,US,North Carolina,Orange,1430,48,0,36.06092947,-79.12167935,37135.0,963.1186184972656,3.3566433566433567,1382,1403,48,0,1355,1389,146027,27,0,0,27,14
2020-08-15,US,North Carolina,Pamlico,73,1,0,35.15253315,-76.66559823,37137.0,573.6287914505738,1.3698630136986298,72,73,1,0,72,73,12670,0,0,0,0,0
2020-08-15,US,North Carolina,Pasquotank,443,20,0,36.26723798,-76.25134778,37139.0,1112.3945359582162,4.514672686230249,423,436,20,0,416,430,39639,7,0,0,7,6
2020-08-15,US,North Carolina,Pender,692,3,0,34.52265624,-77.90352133,37141.0,1097.3675864256263,0.4335260115606937,689,676,3,0,673,675,62162,16,0,0,16,1
2020-08-15,US,North Carolina,Perquimans,93,2,0,36.17847453,-76.40603143,37143.0,690.7821436529747,2.150537634408602,91,92,2,0,90,90,13422,1,0,0,1,2
2020-08-15,US,North Carolina,Person,243,2,0,36.38989032,-78.97217358,37145.0,615.345657128387,0.8230452674897121,241,237,2,0,235,234,39507,6,0,0,6,3
2020-08-15,US,North Carolina,Pitt,2241,14,0,35.59535426,-77.37353178,37147.0,1239.8889024133848,0.6247211066488175,2227,2205,14,0,2191,2161,179914,36,0,0,36,44
2020-08-15,US,North Carolina,Polk,172,6,0,35.27820615,-82.16812354,37149.0,829.9556070256708,3.4883720930232562,166,165,6,0,159,165,20611,7,0,0,7,0
2020-08-15,US,North Carolina,Randolph,2243,39,0,35.71015088,-79.80570339,37151.0,1561.249277843903,1.7387427552385195,2204,2225,39,0,2186,2211,143351,18,0,0,18,14
2020-08-15,US,North Carolina,Richmond,553,9,0,35.00417719,-79.74491009,37153.0,1233.5764795110308,1.6274864376130198,544,543,9,0,534,534,44887,10,0,0,10,9
2020-08-15,US,North Carolina,Robeson,3003,56,0,34.64244496,-79.10250529999998,37155.0,2298.9473684210525,1.8648018648018647,2947,2952,56,0,2896,2856,131831,51,0,0,51,96
2020-08-15,US,North Carolina,Rockingham,585,6,0,36.39593137,-79.77504841,37157.0,642.7865069772553,1.0256410256410255,579,577,4,0,573,574,90690,8,2,0,6,3
2020-08-15,US,North Carolina,Rowan,2340,51,0,35.64003916,-80.52446628,37159.0,1646.8667304768876,2.1794871794871797,2289,2316,50,0,2266,2291,141262,24,1,0,23,25
2020-08-15,US,North Carolina,Rutherford,812,13,0,35.40114178,-81.92112099,37161.0,1211.4159542884422,1.6009852216748768,799,799,13,0,786,787,66826,13,0,0,13,12
2020-08-15,US,North Carolina,Sampson,1510,19,0,34.98820368,-78.36914061,37163.0,2376.792432041051,1.2582781456953642,1491,1504,18,0,1486,1504,63626,6,1,0,5,0
2020-08-15,US,North Carolina,Scotland,415,5,0,34.8386299,-79.4757978,37165.0,1191.7410906584728,1.2048192771084338,410,395,5,0,390,388,34810,20,0,0,20,7
2020-08-15,US,North Carolina,Stanly,1224,31,0,35.31647813,-80.25093221,37167.0,1948.8583893258608,2.5326797385620914,1193,1207,31,0,1176,1171,62075,17,0,0,17,36
2020-08-15,US,North Carolina,Stokes,301,3,0,36.4017975,-80.23893369,37169.0,660.2180254874867,0.9966777408637874,298,295,3,0,292,295,45467,6,0,0,6,0
2020-08-15,US,North Carolina,Surry,998,10,0,36.41689489,-80.69102283,37171.0,1390.3013248262125,1.002004008016032,988,984,10,0,974,974,71948,14,0,0,14,10
2020-08-15,US,North Carolina,Swain,120,2,0,35.48665845,-83.48748932,37173.0,840.8660920748372,1.6666666666666667,118,119,2,0,117,123,14245,1,0,0,1,-4
2020-08-15,US,North Carolina,Transylvania,155,1,0,35.20383864,-82.79638423,37175.0,450.77795550385343,0.6451612903225806,154,150,1,0,149,146,34215,5,0,0,5,4
2020-08-15,US,North Carolina,Tyrrell,101,2,0,35.87147226,-76.17055253,37177.0,2514.9402390438245,1.98019801980198,99,100,2,0,98,100,4131,1,0,0,1,0
2020-08-15,US,North Carolina,Union,3326,43,0,34.98960527,-80.52955873,37179.0,1386.6479890268865,1.2928442573662056,3283,3276,43,0,3233,3222,235908,50,0,0,50,54
2020-08-15,US,North Carolina,Vance,810,41,0,36.36880673,-78.40670845,37181.0,1818.7942068036373,5.061728395061729,769,801,41,0,760,793,44582,9,0,0,9,8
2020-08-15,US,North Carolina,Wake,12603,182,0,35.78879266,-78.65249174,37183.0,1133.606953293019,1.4441006109656431,12421,12508,181,0,12327,12406,1092305,95,1,0,94,102
2020-08-15,US,North Carolina,Warren,267,6,0,36.39728256,-78.10652228,37185.0,1353.200547362019,2.247191011235955,261,266,6,0,260,264,19807,1,0,0,1,2
2020-08-15,US,North Carolina,Washington,140,4,0,35.83810081,-76.57299037,37187.0,1208.9810017271154,2.8571428571428568,136,137,4,0,133,136,11859,3,0,0,3,1
2020-08-15,US,North Carolina,Watauga,331,0,0,36.23103603,-81.70033724,37189.0,589.2091069298823,0.0,331,314,0,0,314,309,55945,17,0,0,17,5
2020-08-15,US,North Carolina,Wayne,2515,42,0,35.36438125,-78.00027268,37191.0,2042.5400589615936,1.6699801192842942,2473,2485,42,0,2443,2463,123248,30,0,0,30,22
2020-08-15,US,North Carolina,Wilkes,905,18,0,36.2084135,-81.16232895,37193.0,1322.8673332163949,1.988950276243094,887,897,12,0,885,871,68557,8,6,0,2,26
2020-08-15,US,North Carolina,Wilson,1552,36,0,35.70625477,-77.917978,37195.0,1897.2873192259265,2.31958762886598,1516,1536,36,0,1500,1525,81455,16,0,0,16,11
2020-08-15,US,North Carolina,Yadkin,562,6,0,36.16222629,-80.66239436,37197.0,1492.0221944938544,1.0676156583629892,556,561,6,0,555,558,37543,1,0,0,1,3
2020-08-15,US,North Carolina,Yancey,80,0,0,35.90079156,-82.31237181,37199.0,442.74724666555977,0.0,80,78,0,0,78,78,17903,2,0,0,2,0
2020-08-15,US,North Dakota,Adams,3,0,0,46.09686891,-102.5285397,38001.0,135.37906137184117,0.0,3,3,0,0,3,3,2294,0,0,0,0,0
2020-08-15,US,North Dakota,Barnes,43,0,0,46.93579637,-98.06605978,38003.0,412.8660585693711,0.0,43,39,0,0,39,39,10542,4,0,0,4,0
2020-08-15,US,North Dakota,Benson,165,2,0,48.0683985,-99.35916363,38005.0,2415.1053864168616,1.2121212121212122,163,163,2,0,161,157,6962,2,0,0,2,6
2020-08-15,US,North Dakota,Billings,3,0,0,47.02366884,-103.3762965,38007.0,323.27586206896547,0.0,3,3,0,0,3,3,919,0,0,0,0,0
2020-08-15,US,North Dakota,Bottineau,22,0,0,48.79106111,-100.8378166,38009.0,350.2069404648201,0.0,22,22,0,0,22,21,6411,0,0,0,0,1
2020-08-15,US,North Dakota,Bowman,11,0,0,46.11285362,-103.5203343,38011.0,363.7566137566138,0.0,11,11,0,0,11,11,3076,0,0,0,0,0
2020-08-15,US,North Dakota,Burke,23,0,0,48.79094471,-102.51821170000001,38013.0,1087.4704491725768,0.0,23,23,0,0,23,23,2100,0,0,0,0,0
2020-08-15,US,North Dakota,Burleigh,1344,8,0,46.97847375,-100.46452140000001,38015.0,1405.4754982954425,0.5952380952380952,1336,1325,8,0,1317,1294,95273,19,0,0,19,31
2020-08-15,US,North Dakota,Cass,3117,76,0,46.93201724,-97.24447190000001,38017.0,1713.3622466647973,2.438241899262111,3041,3104,76,0,3028,3088,181516,13,0,0,13,16
2020-08-15,US,North Dakota,Cavalier,31,0,0,48.77286211,-98.46685243,38019.0,824.0297713981925,0.0,31,31,0,0,31,31,3829,0,0,0,0,0
2020-08-15,US,North Dakota,Dickey,14,0,0,46.11017712,-98.50490079999999,38021.0,287.3563218390805,0.0,14,14,0,0,14,13,4903,0,0,0,0,1
2020-08-15,US,North Dakota,Divide,4,0,0,48.814938700000006,-103.48736109999999,38023.0,176.67844522968196,0.0,4,4,0,0,4,4,2283,0,0,0,0,0
2020-08-15,US,North Dakota,Dunn,31,0,0,47.35423935,-102.61604679999999,38025.0,700.7233273056057,0.0,31,31,0,0,31,31,4332,0,0,0,0,0
2020-08-15,US,North Dakota,Eddy,19,0,0,47.71701474,-98.90432337,38027.0,830.7826847398337,0.0,19,18,0,0,18,20,2313,1,0,0,1,-2
2020-08-15,US,North Dakota,Emmons,23,1,0,46.28398398,-100.2389766,38029.0,709.6575131132367,4.3478260869565215,22,19,1,0,18,18,3295,4,0,0,4,1
2020-08-15,US,North Dakota,Foster,26,0,0,47.457108399999996,-98.88279923,38031.0,809.9688473520247,0.0,26,27,0,0,27,26,3216,-1,0,0,-1,1
2020-08-15,US,North Dakota,Golden Valley,11,0,0,46.94022281,-103.8465421,38033.0,624.6450880181715,0.0,11,10,0,0,10,8,1769,1,0,0,1,2
2020-08-15,US,North Dakota,Grand Forks,775,8,0,47.92093639,-97.45450447,38035.0,1115.8946595441394,1.032258064516129,767,737,8,0,729,728,70770,38,0,0,38,9
2020-08-15,US,North Dakota,Grant,4,0,0,46.35821257,-101.63900129999999,38037.0,175.9014951627089,0.0,4,4,0,0,4,4,2374,0,0,0,0,0
2020-08-15,US,North Dakota,Griggs,37,1,0,47.45785838,-98.23850925,38039.0,1658.4491259524875,2.702702702702702,36,37,1,0,36,37,2232,0,0,0,0,0
2020-08-15,US,North Dakota,Hettinger,7,0,0,46.43375068,-102.4632417,38041.0,280.11204481792714,0.0,7,7,0,0,7,6,2514,0,0,0,0,1
2020-08-15,US,North Dakota,Kidder,22,0,0,46.97830064,-99.77507857,38043.0,887.0967741935484,0.0,22,19,0,0,19,19,2450,3,0,0,3,0
2020-08-15,US,North Dakota,LaMoure,16,0,0,46.45681054,-98.53542355,38045.0,395.45229856648535,0.0,16,16,0,0,16,16,4062,0,0,0,0,0
2020-08-15,US,North Dakota,Logan,7,0,0,46.45729487,-99.47719806,38047.0,378.3783783783784,0.0,7,7,0,0,7,7,1903,0,0,0,0,0
2020-08-15,US,North Dakota,McHenry,21,1,0,48.23104458,-100.6324822,38049.0,365.53524804177545,4.761904761904762,20,21,1,0,20,19,5816,0,0,0,0,2
2020-08-15,US,North Dakota,McIntosh,41,2,0,46.11182017,-99.44145858,38051.0,1641.9703644373249,4.878048780487805,39,41,2,0,39,41,2585,0,0,0,0,0
2020-08-15,US,North Dakota,McKenzie,92,2,0,47.74133370000001,-103.395905,38053.0,612.3535676251331,2.1739130434782608,90,92,2,0,90,91,13632,0,0,0,0,1
2020-08-15,US,North Dakota,McLean,98,0,0,47.60766714,-101.3182418,38055.0,1037.037037037037,0.0,98,90,0,0,90,83,9541,8,0,0,8,7
2020-08-15,US,North Dakota,Mercer,34,0,0,47.31213126,-101.8318399,38057.0,415.2925369488214,0.0,34,34,0,0,34,32,8267,0,0,0,0,2
2020-08-15,US,North Dakota,Morton,440,4,0,46.71681782,-101.2822377,38059.0,1402.8822854227774,0.9090909090909092,436,435,4,0,431,425,31095,5,0,0,5,10
2020-08-15,US,North Dakota,Mountrail,151,1,0,48.20197971,-102.3555315,38061.0,1431.9582740635376,0.6622516556291391,150,149,1,0,148,146,10218,2,0,0,2,3
2020-08-15,US,North Dakota,Nelson,27,0,0,47.9226426,-98.19038437,38063.0,937.8256339006599,0.0,27,26,0,0,26,26,2869,1,0,0,1,0
2020-08-15,US,North Dakota,Oliver,7,0,0,47.11530482,-101.3406158,38065.0,357.32516590096986,0.0,7,7,0,0,7,7,1952,0,0,0,0,0
2020-08-15,US,North Dakota,Pembina,27,0,0,48.76623521,-97.5523809,38067.0,397.00044111160116,0.0,27,27,0,0,27,27,6947,0,0,0,0,0
2020-08-15,US,North Dakota,Pierce,16,0,0,48.24977025,-99.96407787,38069.0,402.5157232704403,0.0,16,15,0,0,15,15,4081,1,0,0,1,0
2020-08-15,US,North Dakota,Ramsey,85,2,0,48.26886249,-98.72223879,38071.0,737.9112770205747,2.3529411764705883,83,83,2,0,81,80,11481,2,0,0,2,3
2020-08-15,US,North Dakota,Ransom,28,0,0,46.45621782,-97.65742504,38073.0,536.6040628593331,0.0,28,28,0,0,28,28,5237,0,0,0,0,0
2020-08-15,US,North Dakota,Renville,10,0,0,48.71982533,-101.6603912,38075.0,429.7378599054577,0.0,10,10,0,0,10,9,2374,0,0,0,0,1
2020-08-15,US,North Dakota,Richland,115,1,0,46.26440649,-96.94852979,38077.0,710.8858255547998,0.8695652173913043,114,115,1,0,114,114,16239,0,0,0,0,1
2020-08-15,US,North Dakota,Rolette,88,0,0,48.77245354,-99.84097493,38079.0,620.7674943566591,0.0,88,86,0,0,86,85,14301,2,0,0,2,1
2020-08-15,US,North Dakota,Sargent,10,0,0,46.10830372,-97.63217159,38081.0,256.5418163160595,0.0,10,10,0,0,10,10,3870,0,0,0,0,0
2020-08-15,US,North Dakota,Sheridan,9,0,0,47.57700669,-100.3426391,38083.0,684.4106463878327,0.0,9,9,0,0,9,9,1349,0,0,0,0,0
2020-08-15,US,North Dakota,Sioux,93,1,0,46.11323337,-101.04401490000001,38085.0,2198.581560283688,1.075268817204301,92,93,1,0,92,91,4358,0,0,0,0,2
2020-08-15,US,North Dakota,Slope,4,0,0,46.44737738,-103.4601547,38087.0,533.3333333333334,0.0,4,4,0,0,4,4,763,0,0,0,0,0
2020-08-15,US,North Dakota,Stark,375,5,0,46.80851182,-102.65763259999999,38089.0,1190.8920575439042,1.3333333333333333,370,373,5,0,368,349,30997,2,0,0,2,24
2020-08-15,US,North Dakota,Steele,16,0,0,47.45611548,-97.72728747,38091.0,846.5608465608466,0.0,16,16,0,0,16,15,1903,0,0,0,0,1
2020-08-15,US,North Dakota,Stutsman,130,3,0,46.97962541,-98.95637318,38093.0,627.8979907264297,2.3076923076923075,127,129,3,0,126,127,20917,1,0,0,1,2
2020-08-15,US,North Dakota,Towner,5,0,0,48.68565745,-99.24564265,38095.0,228.41480127912288,0.0,5,5,0,0,5,5,2192,0,0,0,0,0
2020-08-15,US,North Dakota,Traill,62,0,0,47.45367788,-97.16323288,38097.0,771.5281234444998,0.0,62,60,0,0,60,58,8037,2,0,0,2,2
2020-08-15,US,North Dakota,Walsh,114,0,0,48.36876964,-97.72574783,38099.0,1071.3278827177896,0.0,114,112,0,0,112,107,10667,2,0,0,2,5
2020-08-15,US,North Dakota,Ward,263,1,0,48.22390169,-101.54367629999999,38101.0,388.81743321358346,0.3802281368821293,262,254,1,0,253,245,67744,9,0,0,9,9
2020-08-15,US,North Dakota,Wells,24,0,0,47.58614526,-99.65904998,38103.0,625.9780907668231,0.0,24,25,0,0,25,23,3957,-1,0,0,-1,2
2020-08-15,US,North Dakota,Williams,301,2,0,48.34522353,-103.4793387,38105.0,800.7661815956793,0.6644518272425249,299,299,2,0,297,293,35350,2,0,0,2,6
2020-08-15,US,Ohio,Adams,69,2,0,38.84541072,-83.4718964,39001.0,249.11545959997108,2.898550724637681,67,68,2,0,66,68,27724,1,0,0,1,0
2020-08-15,US,Ohio,Allen,872,46,0,40.77285242,-84.10802343,39003.0,851.9701810436635,5.275229357798165,826,842,46,0,796,817,102663,30,0,0,30,25
2020-08-15,US,Ohio,Ashland,160,3,0,40.84772277,-82.27280781,39005.0,299.15488744297363,1.875,157,159,3,0,156,156,53745,1,0,0,1,3
2020-08-15,US,Ohio,Ashtabula,583,46,0,41.70860332,-80.74830218,39007.0,599.5413457286536,7.890222984562608,537,582,46,0,536,580,97493,1,0,0,1,2
2020-08-15,US,Ohio,Athens,366,2,0,39.33425634,-82.04278644,39009.0,560.2583923951812,0.5464480874316939,364,366,2,0,364,364,65818,0,0,0,0,2
2020-08-15,US,Ohio,Auglaize,291,8,0,40.55998859,-84.22421429999999,39011.0,637.3751533204836,2.7491408934707904,283,288,8,0,280,286,45804,3,0,0,3,2
2020-08-15,US,Ohio,Belmont,638,26,0,40.01625942,-80.9924051,39013.0,952.1535384890906,4.075235109717869,612,629,26,0,603,628,67505,9,0,0,9,1
2020-08-15,US,Ohio,Brown,157,2,0,38.93416837,-83.86788395,39015.0,361.48461963529195,1.2738853503184713,155,153,2,0,151,150,43602,4,0,0,4,3
2020-08-15,US,Ohio,Butler,3164,69,0,39.44012838,-84.57388716,39017.0,825.8207311280127,2.1807838179519594,3095,3105,69,0,3036,3070,382378,59,0,0,59,35
2020-08-15,US,Ohio,Carroll,116,5,0,40.578968599999996,-81.09178213,39019.0,431.0024522553318,4.310344827586206,111,115,5,0,110,114,27081,1,0,0,1,1
2020-08-15,US,Ohio,Champaign,198,2,0,40.13923427,-83.76875242,39021.0,509.1937765205092,1.0101010101010102,196,192,2,0,190,192,38754,6,0,0,6,0
2020-08-15,US,Ohio,Clark,1249,16,0,39.91592258,-83.78498252,39023.0,931.5125705719593,1.281024819855885,1233,1235,16,0,1219,1218,134585,14,0,0,14,17
2020-08-15,US,Ohio,Clermont,1029,11,0,39.04847534,-84.15375786,39025.0,498.4788885228749,1.0689990281827018,1018,1000,11,0,989,981,205466,29,0,0,29,19
2020-08-15,US,Ohio,Clinton,183,6,0,39.41485808,-83.80852286,39027.0,436.04651162790697,3.278688524590164,177,180,6,0,174,174,42057,3,0,0,3,6
2020-08-15,US,Ohio,Columbiana,1712,62,0,40.76932373,-80.78094576,39029.0,1680.358842986563,3.6214953271028034,1650,1704,61,0,1643,1699,102665,8,1,0,7,5
2020-08-15,US,Ohio,Coshocton,201,9,0,40.30096166,-81.91729018,39031.0,549.1803278688525,4.477611940298506,192,199,9,0,190,199,36629,2,0,0,2,0
2020-08-15,US,Ohio,Crawford,183,5,0,40.85065156,-82.91989099,39033.0,441.02761845086036,2.7322404371584703,178,181,5,0,176,177,41550,2,0,0,2,4
2020-08-15,US,Ohio,Cuyahoga,14278,529,0,41.424119,-81.65918339,39035.0,1156.0459633122605,3.705000700378205,13749,14120,523,0,13597,13999,1243857,158,6,0,152,121
2020-08-15,US,Ohio,Darke,450,30,0,40.13412966,-84.6194517,39037.0,880.402246003952,6.666666666666668,420,442,30,0,412,425,51323,8,0,0,8,17
2020-08-15,US,Ohio,Defiance,164,4,0,41.32398837,-84.49076944,39039.0,430.59311576128334,2.4390243902439024,160,157,4,0,153,155,38165,7,0,0,7,2
2020-08-15,US,Ohio,Delaware,1404,19,0,40.27942393,-83.00457058,39041.0,671.2019007825908,1.3532763532763532,1385,1392,19,0,1373,1378,204826,12,0,0,12,14
2020-08-15,US,Ohio,Erie,630,30,0,41.36796058,-82.62904521,39043.0,848.3020493900302,4.761904761904762,600,626,30,0,596,619,74615,4,0,0,4,7
2020-08-15,US,Ohio,Fairfield,1492,35,0,39.75107189,-82.63088163,39045.0,946.856714940282,2.345844504021448,1457,1473,34,0,1439,1449,155782,19,1,0,18,24
2020-08-15,US,Ohio,Fayette,129,0,0,39.56021306,-83.4562016,39047.0,452.2348816827345,0.0,129,127,0,0,127,126,28666,2,0,0,2,1
2020-08-15,US,Ohio,Franklin,19437,537,0,39.96995815,-83.01115755,39049.0,1476.1276956398908,2.7627720327210987,18900,19287,533,0,18754,19124,1310300,150,4,0,146,163
2020-08-15,US,Ohio,Fulton,162,1,0,41.60213491,-84.12571393,39051.0,384.56060390257795,0.6172839506172839,161,160,1,0,159,158,42276,2,0,0,2,2
2020-08-15,US,Ohio,Gallia,88,2,0,38.82708533,-82.31647569,39053.0,294.33406916850623,2.272727272727273,86,85,2,0,83,78,29979,3,0,0,3,7
2020-08-15,US,Ohio,Geauga,565,45,0,41.49952319,-81.17935342,39055.0,603.3166397932706,7.9646017699115035,520,564,45,0,519,565,94031,1,0,0,1,-1
2020-08-15,US,Ohio,Greene,773,12,0,39.69116283,-83.89032084,39057.0,457.5670220259623,1.552393272962484,761,765,12,0,753,742,167995,8,0,0,8,23
2020-08-15,US,Ohio,Guernsey,121,7,0,40.05026529,-81.49248905,39059.0,311.2540192926045,5.785123966942148,114,121,7,0,114,121,39022,0,0,0,0,0
2020-08-15,US,Ohio,Hamilton,10101,269,0,39.19673558,-84.54502924,39061.0,1235.6371403092212,2.6631026631026637,9832,10001,262,0,9739,9917,816684,100,7,0,93,84
2020-08-15,US,Ohio,Hancock,428,3,0,41.00250487,-83.66838948,39063.0,564.7704630326062,0.7009345794392523,425,415,3,0,412,410,75930,13,0,0,13,5
2020-08-15,US,Ohio,Hardin,186,12,0,40.66015414,-83.65929931,39065.0,593.0176948828313,6.451612903225807,174,183,12,0,171,180,31480,3,0,0,3,3
2020-08-15,US,Ohio,Harrison,26,1,0,40.29380509,-81.09068544,39067.0,172.87234042553192,3.8461538461538463,25,26,1,0,25,26,15174,0,0,0,0,0
2020-08-15,US,Ohio,Henry,128,2,0,41.333964200000004,-84.06830637,39069.0,473.9687476856994,1.5625,126,125,2,0,123,124,27086,3,0,0,3,1
2020-08-15,US,Ohio,Highland,171,2,0,39.1839264,-83.60331456,39071.0,396.1910057690972,1.1695906432748535,169,171,2,0,169,169,43058,0,0,0,0,2
2020-08-15,US,Ohio,Hocking,124,9,0,39.49537927,-82.47991446,39073.0,438.7206340220777,7.258064516129032,115,123,9,0,114,122,28385,1,0,0,1,1
2020-08-15,US,Ohio,Holmes,333,6,0,40.56163713,-81.92635677,39075.0,757.5068243858052,1.8018018018018016,327,332,6,0,326,331,43892,1,0,0,1,1
2020-08-15,US,Ohio,Huron,418,5,0,41.14651175,-82.59867951,39077.0,717.3995125802354,1.1961722488038278,413,414,5,0,409,413,58504,4,0,0,4,1
2020-08-15,US,Ohio,Jackson,81,0,0,39.01914254,-82.61818559999998,39079.0,249.89973158917718,0.0,81,79,0,0,79,78,32384,2,0,0,2,1
2020-08-15,US,Ohio,Jefferson,250,3,0,40.38614126,-80.76259514,39081.0,382.70187523918884,1.2,247,240,3,0,237,240,65767,10,0,0,10,0
2020-08-15,US,Ohio,Knox,223,9,0,40.39830217,-82.42027563,39083.0,357.8190687076795,4.035874439461884,214,219,9,0,210,218,61893,4,0,0,4,1
2020-08-15,US,Ohio,Lake,1170,43,0,41.69710807,-81.23676539,39085.0,508.36631921059836,3.675213675213675,1127,1163,43,0,1120,1154,230514,7,0,0,7,9
2020-08-15,US,Ohio,Lawrence,336,4,0,38.59743452,-82.53466552,39087.0,565.0572624993694,1.1904761904761905,332,334,0,0,334,323,59866,2,4,0,-2,11
2020-08-15,US,Ohio,Licking,1409,55,0,40.09136236,-82.48185785,39089.0,796.6663274191177,3.9034776437189502,1354,1390,53,0,1337,1367,175769,19,2,0,17,23
2020-08-15,US,Ohio,Logan,181,2,0,40.38996525,-83.76784341,39091.0,396.3040812751796,1.1049723756906078,179,174,2,0,172,169,45358,7,0,0,7,5
2020-08-15,US,Ohio,Lorain,1906,77,0,41.29553751,-82.15083537,39093.0,615.1701077677328,4.0398740818468,1829,1884,77,0,1807,1867,309461,22,0,0,22,17
2020-08-15,US,Ohio,Lucas,5673,329,0,41.62101218,-83.65468618,39095.0,1324.3904488873536,5.79940066983959,5344,5609,324,0,5285,5544,429899,64,5,0,59,65
2020-08-15,US,Ohio,Madison,592,10,0,39.89381073,-83.40178317,39097.0,1323.4669468601194,1.6891891891891893,582,587,10,0,577,580,44413,5,0,0,5,7
2020-08-15,US,Ohio,Mahoning,2675,260,0,41.01631101,-80.77287029,39099.0,1169.7415199205886,9.719626168224297,2415,2665,259,0,2406,2644,229642,10,1,0,9,21
2020-08-15,US,Ohio,Marion,2961,45,0,40.58610662,-83.15736305,39101.0,4548.876223249812,1.5197568389057752,2916,2956,45,0,2911,2952,65256,5,0,0,5,4
2020-08-15,US,Ohio,Medina,993,36,0,41.11770589,-81.89986209999998,39103.0,552.4462296796589,3.625377643504532,957,988,36,0,952,977,179146,5,0,0,5,11
2020-08-15,US,Ohio,Meigs,66,0,0,39.09224872,-82.0305041,39105.0,288.121534901995,0.0,66,66,0,0,66,63,23106,0,0,0,0,3
2020-08-15,US,Ohio,Mercer,682,14,0,40.54043046,-84.62912742,39107.0,1656.465559117847,2.0527859237536656,668,676,13,0,663,668,40959,6,1,0,5,8
2020-08-15,US,Ohio,Miami,905,39,0,40.0543329,-84.22871271,39109.0,845.8971650761307,4.30939226519337,866,893,39,0,854,881,106222,12,0,0,12,12
2020-08-15,US,Ohio,Monroe,96,18,0,39.72984936,-81.08464734,39111.0,703.0906694009082,18.75,78,96,18,0,78,94,13790,0,0,0,0,2
2020-08-15,US,Ohio,Montgomery,4651,103,0,39.75394919,-84.29050975,39113.0,874.7627833669059,2.214577510212857,4548,4619,101,0,4518,4544,532331,32,2,0,30,75
2020-08-15,US,Ohio,Morgan,33,0,0,39.62081738,-81.85308173,39115.0,227.46071133167908,0.0,33,32,0,0,32,31,14604,1,0,0,1,1
2020-08-15,US,Ohio,Morrow,189,2,0,40.52363560000001,-82.7892599,39117.0,534.9864130434784,1.058201058201058,187,188,2,0,186,185,35112,1,0,0,1,3
2020-08-15,US,Ohio,Muskingum,266,1,0,39.96575964,-81.94363275,39119.0,308.5309980861798,0.3759398496240601,265,265,1,0,264,256,86183,1,0,0,1,9
2020-08-15,US,Ohio,Noble,19,0,0,39.76818851,-81.45937183,39121.0,131.72490293954522,0.0,19,19,0,0,19,19,14354,0,0,0,0,0
2020-08-15,US,Ohio,Ottawa,411,27,0,41.53781826,-83.0940185,39123.0,1014.1887723627393,6.569343065693432,384,408,27,0,381,405,40769,3,0,0,3,3
2020-08-15,US,Ohio,Paulding,74,0,0,41.11676341,-84.5801017,39125.0,396.3153384747215,0.0,74,74,0,0,74,72,18760,0,0,0,0,2
2020-08-15,US,Ohio,Perry,175,3,0,39.73508655,-82.23804971,39127.0,484.30840759395585,1.7142857142857142,172,169,3,0,166,164,36033,6,0,0,6,5
2020-08-15,US,Ohio,Pickaway,2416,42,0,39.64170392,-83.0243386,39129.0,4132.952426569957,1.7384105960264902,2374,2411,42,0,2369,2404,58086,5,0,0,5,7
2020-08-15,US,Ohio,Pike,82,0,0,39.07634001,-83.06769584,39131.0,295.26141437418977,0.0,82,81,0,0,81,80,28067,1,0,0,1,1
2020-08-15,US,Ohio,Portage,786,65,0,41.16793482,-81.19735782,39133.0,483.7935321851957,8.26972010178117,721,782,64,0,718,780,162927,4,1,0,3,2
2020-08-15,US,Ohio,Preble,250,2,0,39.7420247,-84.64787018,39135.0,611.5160706423362,0.8,248,230,2,0,228,219,40997,20,0,0,20,11
2020-08-15,US,Ohio,Putnam,224,17,0,41.02094889,-84.1336111,39137.0,661.5280115767403,7.5892857142857135,207,221,17,0,204,215,33780,3,0,0,3,6
2020-08-15,US,Ohio,Richland,640,12,0,40.77180308,-82.53799609999999,39139.0,528.2532974561302,1.875,628,635,12,0,623,626,121099,5,0,0,5,9
2020-08-15,US,Ohio,Ross,535,6,0,39.33705391,-83.06000914,39141.0,697.8321550622179,1.1214953271028036,529,528,5,0,523,520,76931,7,1,0,6,8
2020-08-15,US,Ohio,Sandusky,435,17,0,41.35624126,-83.137872,39143.0,743.3610171229366,3.9080459770114944,418,421,17,0,404,407,58799,14,0,0,14,14
2020-08-15,US,Ohio,Scioto,268,1,0,38.80270163,-82.98907345,39145.0,355.84353506652155,0.373134328358209,267,265,1,0,264,260,75502,3,0,0,3,5
2020-08-15,US,Ohio,Seneca,248,4,0,41.12351311,-83.12783209,39147.0,449.45449273261084,1.6129032258064515,244,245,4,0,241,242,55207,3,0,0,3,3
2020-08-15,US,Ohio,Shelby,239,4,0,40.33163494,-84.20258189,39149.0,491.8707552994443,1.6736401673640169,235,234,4,0,230,219,48627,5,0,0,5,15
2020-08-15,US,Ohio,Stark,2001,143,0,40.81482476,-81.36437305,39151.0,539.9264987614879,7.146426786606697,1858,1947,142,0,1805,1931,371574,54,1,0,53,16
2020-08-15,US,Ohio,Summit,3779,228,0,41.12464734,-81.53123079,39153.0,698.5044721661033,6.033342154008997,3551,3749,225,0,3524,3712,541918,30,3,0,27,37
2020-08-15,US,Ohio,Trumbull,1604,112,0,41.31735028,-80.76109643,39155.0,810.2074009718448,6.982543640897756,1492,1598,112,0,1486,1578,198627,6,0,0,6,20
2020-08-15,US,Ohio,Tuscarawas,808,14,0,40.44214695,-81.47226262,39157.0,878.3849891832541,1.7326732673267329,794,806,14,0,792,801,92176,2,0,0,2,5
2020-08-15,US,Ohio,Union,287,1,0,40.30016061,-83.37239023,39159.0,486.5396351800366,0.3484320557491289,286,280,1,0,279,277,57835,7,0,0,7,3
2020-08-15,US,Ohio,Van Wert,73,2,0,40.8554138,-84.59111700000003,39161.0,258.17860300618923,2.7397260273972597,71,73,2,0,71,73,28281,0,0,0,0,0
2020-08-15,US,Ohio,Vinton,32,2,0,39.25208988,-82.4831444,39163.0,244.5548337791364,6.25,30,32,2,0,30,32,13139,0,0,0,0,0
2020-08-15,US,Ohio,Warren,1937,40,0,39.42581994,-84.16557457,39165.0,825.6536602416006,2.065049044914817,1897,1914,40,0,1874,1877,232173,23,0,0,23,37
2020-08-15,US,Ohio,Washington,212,22,0,39.45690571,-81.49121382,39167.0,353.85822303082915,10.377358490566039,190,212,22,0,190,212,60155,0,0,0,0,0
2020-08-15,US,Ohio,Wayne,588,60,0,40.82925852,-81.88844833,39169.0,508.1669691470055,10.20408163265306,528,581,60,0,521,567,115967,7,0,0,7,14
2020-08-15,US,Ohio,Williams,139,3,0,41.56052014,-84.58429552,39171.0,378.82917257167776,2.1582733812949644,136,139,3,0,136,139,36804,0,0,0,0,0
2020-08-15,US,Ohio,Wood,1136,58,0,41.36224827,-83.62285108,39173.0,868.3886650817552,5.105633802816901,1078,1115,58,0,1057,1101,130696,21,0,0,21,14
2020-08-15,US,Ohio,Wyandot,159,9,0,40.84339621,-83.30734173,39175.0,730.2957927613447,5.660377358490566,150,158,9,0,149,155,21935,1,0,0,1,3
2020-08-15,US,Oklahoma,Adair,376,6,0,35.88494195,-94.65859267,40001.0,1694.1515724970716,1.5957446808510638,370,361,6,0,355,358,22082,15,0,0,15,3
2020-08-15,US,Oklahoma,Alfalfa,5,0,0,36.73090616,-98.32408495,40003.0,87.6885303402315,0.0,5,5,0,0,5,4,5754,0,0,0,0,1
2020-08-15,US,Oklahoma,Atoka,83,1,0,34.37366573,-96.03802487,40005.0,603.2853612443669,1.2048192771084338,82,81,0,0,81,80,13838,2,1,0,1,1
2020-08-15,US,Oklahoma,Beaver,39,0,0,36.7496847,-100.4758872,40007.0,734.3249858783656,0.0,39,39,0,0,39,39,5319,0,0,0,0,0
2020-08-15,US,Oklahoma,Beckham,76,1,0,35.26862449,-99.68128023,40009.0,347.6828766183265,1.3157894736842106,75,67,1,0,66,61,21709,9,0,0,9,6
2020-08-15,US,Oklahoma,Blaine,45,0,0,35.87518314,-98.43307003,40011.0,477.2510340439071,0.0,45,45,0,0,45,45,9485,0,0,0,0,0
2020-08-15,US,Oklahoma,Bryan,505,2,0,33.96472458,-96.25903472,40013.0,1052.1929367642463,0.3960396039603961,503,494,1,0,493,487,47192,11,1,0,10,7
2020-08-15,US,Oklahoma,Caddo,463,18,0,35.17364557,-98.37534464,40015.0,1609.7628815798623,3.887688984881209,445,456,18,0,438,436,28977,7,0,0,7,20
2020-08-15,US,Oklahoma,Canadian,1314,9,0,35.5426055,-97.98465569,40017.0,886.0059606489285,0.6849315068493149,1305,1298,9,0,1289,1275,144447,16,0,0,16,23
2020-08-15,US,Oklahoma,Carter,365,5,0,34.25103751,-97.28552485,40019.0,758.6622601899776,1.3698630136986298,360,361,5,0,356,358,48177,4,0,0,4,3
2020-08-15,US,Oklahoma,Cherokee,504,2,0,35.90692775,-94.99980896,40021.0,1035.8221838584377,0.3968253968253968,502,481,2,0,479,470,48675,23,0,0,23,11
2020-08-15,US,Oklahoma,Choctaw,208,1,0,34.02807439,-95.54771129,40023.0,1417.6663031624869,0.4807692307692308,207,207,1,0,206,202,14668,1,0,0,1,5
2020-08-15,US,Oklahoma,Cimarron,11,0,0,36.74817177,-102.5173885,40025.0,514.7402901263454,0.0,11,3,0,0,3,2,2153,8,0,0,8,1
2020-08-15,US,Oklahoma,Cleveland,3179,57,0,35.20413532,-97.32519562,40027.0,1119.3110198793015,1.7930166719094054,3122,3151,56,0,3095,3123,281669,28,1,0,27,28
2020-08-15,US,Oklahoma,Coal,46,0,0,34.58840127,-96.29798747,40029.0,837.1246587807096,0.0,46,43,0,0,43,40,5520,3,0,0,3,3
2020-08-15,US,Oklahoma,Comanche,884,11,0,34.65973764,-98.47195055,40031.0,732.0971602249292,1.2443438914027152,873,875,10,0,865,868,120422,9,1,0,8,7
2020-08-15,US,Oklahoma,Cotton,21,2,0,34.28845626,-98.37053567,40033.0,370.63183903988715,9.523809523809524,19,21,2,0,19,20,5776,0,0,0,0,1
2020-08-15,US,Oklahoma,Craig,93,1,0,36.76268118,-95.20916602,40035.0,657.6156130674586,1.075268817204301,92,92,1,0,91,90,14306,1,0,0,1,2
2020-08-15,US,Oklahoma,Creek,678,15,0,35.90230551,-96.37086028,40037.0,947.9600682307539,2.2123893805309733,663,663,15,0,648,657,71604,15,0,0,15,6
2020-08-15,US,Oklahoma,Custer,227,0,0,35.63853802,-99.00170785,40039.0,782.6776540357894,0.0,227,222,0,0,222,217,29036,5,0,0,5,5
2020-08-15,US,Oklahoma,Delaware,467,20,0,36.40823634,-94.80325046,40041.0,1085.8192471343207,4.282655246252677,447,461,20,0,441,451,42733,6,0,0,6,10
2020-08-15,US,Oklahoma,Dewey,12,0,0,35.98772922,-99.00730714,40043.0,245.34859946841138,0.0,12,12,0,0,12,11,4894,0,0,0,0,1
2020-08-15,US,Oklahoma,Ellis,5,0,0,36.218019399999996,-99.75324573,40045.0,129.5672454003628,0.0,5,5,0,0,5,5,3952,0,0,0,0,0
2020-08-15,US,Oklahoma,Garfield,571,8,0,36.3791334,-97.78265517,40047.0,935.2070230607968,1.4010507880910683,563,555,7,0,548,529,60913,16,1,0,15,26
2020-08-15,US,Oklahoma,Garvin,241,4,0,34.70418038,-97.30811132,40049.0,869.6907365306198,1.6597510373443984,237,238,4,0,234,235,27811,3,0,0,3,3
2020-08-15,US,Oklahoma,Grady,464,7,0,35.0167709,-97.88339847,40051.0,831.0348533151844,1.5086206896551724,457,460,7,0,453,453,55551,4,0,0,4,7
2020-08-15,US,Oklahoma,Grant,17,0,0,36.796296999999996,-97.78638765,40053.0,392.33787214401116,0.0,17,17,0,0,17,16,4326,0,0,0,0,1
2020-08-15,US,Oklahoma,Greer,84,8,0,34.93535801,-99.56056120000001,40055.0,1470.588235294117,9.523809523809524,76,83,8,0,75,83,5821,1,0,0,1,0
2020-08-15,US,Oklahoma,Harmon,32,0,0,34.7440135,-99.84741652,40057.0,1206.181681115718,0.0,32,32,0,0,32,32,2664,0,0,0,0,0
2020-08-15,US,Oklahoma,Harper,11,0,0,36.78836519,-99.6679804,40059.0,298.2646420824296,0.0,11,11,0,0,11,11,3797,0,0,0,0,0
2020-08-15,US,Oklahoma,Haskell,88,1,0,35.22257600000001,-95.11513306,40061.0,696.9192999128851,1.1363636363636365,87,81,1,0,80,74,12668,7,0,0,7,7
2020-08-15,US,Oklahoma,Hughes,177,2,0,35.04912569,-96.24921145,40063.0,1332.931696663905,1.1299435028248588,175,172,2,0,170,152,13335,5,0,0,5,20
2020-08-15,US,Oklahoma,Jackson,537,7,0,34.58781741,-99.41138784,40065.0,2189.1561353444768,1.303538175046555,530,535,7,0,528,532,24949,2,0,0,2,3
2020-08-15,US,Oklahoma,Jefferson,33,0,0,34.11130184,-97.83182974,40067.0,549.8167277574141,0.0,33,33,0,0,33,33,6123,0,0,0,0,0
2020-08-15,US,Oklahoma,Johnston,53,0,0,34.31440473,-96.66011537,40069.0,478.12359043752815,0.0,53,53,0,0,53,52,10949,0,0,0,0,1
2020-08-15,US,Oklahoma,Kay,265,11,0,36.81799745,-97.14421435,40071.0,608.6636960815839,4.150943396226415,254,256,11,0,245,254,44161,9,0,0,9,2
2020-08-15,US,Oklahoma,Kingfisher,155,0,0,35.94530008,-97.94193268,40073.0,983.1906121154456,0.0,155,151,0,0,151,144,15816,4,0,0,4,7
2020-08-15,US,Oklahoma,Kiowa,31,1,0,34.91671958,-98.97720696,40075.0,355.99448782728524,3.2258064516129035,30,31,1,0,30,31,8729,0,0,0,0,0
2020-08-15,US,Oklahoma,Latimer,98,2,0,34.87844729,-95.25215049,40077.0,972.8978457261987,2.0408163265306123,96,96,2,0,94,94,10231,2,0,0,2,2
2020-08-15,US,Oklahoma,Le Flore,423,1,0,34.89851864,-94.70392124,40079.0,848.4945740477002,0.2364066193853428,422,405,1,0,404,386,49980,18,0,0,18,19
2020-08-15,US,Oklahoma,Lincoln,242,3,0,35.70270942,-96.8812462,40081.0,693.8670183788744,1.2396694214876034,239,224,3,0,221,190,34920,18,0,0,18,34
2020-08-15,US,Oklahoma,Logan,242,1,0,35.91899576,-97.44352845,40083.0,504.05115494365873,0.4132231404958678,241,237,1,0,236,235,47291,5,0,0,5,2
2020-08-15,US,Oklahoma,Love,82,0,0,33.95273467,-97.23906784,40085.0,799.7659221691213,0.0,82,79,0,0,79,78,10134,3,0,0,3,1
2020-08-15,US,Oklahoma,Major,39,1,0,36.31149996,-98.53467076,40093.0,511.20723554856477,2.5641025641025643,38,38,1,0,37,37,7644,1,0,0,1,1
2020-08-15,US,Oklahoma,Marshall,121,1,0,34.02311222,-96.76855464,40095.0,714.6654066505228,0.8264462809917356,120,119,1,0,118,118,16806,2,0,0,2,1
2020-08-15,US,Oklahoma,Mayes,365,8,0,36.30179091,-95.23175116,40097.0,888.0778588807785,2.191780821917808,357,360,7,0,353,353,41107,5,1,0,4,7
2020-08-15,US,Oklahoma,McClain,479,4,0,35.01123903,-97.44572302,40087.0,1183.4758116321589,0.8350730688935282,475,473,4,0,469,464,39985,6,0,0,6,9
2020-08-15,US,Oklahoma,McCurtain,886,28,0,34.11664328,-94.77222373,40089.0,2698.5867446393763,3.160270880361174,858,884,28,0,856,879,32703,2,0,0,2,5
2020-08-15,US,Oklahoma,McIntosh,205,2,0,35.37235506,-95.66599306,40091.0,1046.131863645642,0.975609756097561,203,207,1,0,206,202,19815,-2,1,0,-3,5
2020-08-15,US,Oklahoma,Murray,79,0,0,34.48116015,-97.06826283,40099.0,561.3586300007106,0.0,79,79,0,0,79,78,13953,0,0,0,0,1
2020-08-15,US,Oklahoma,Muskogee,572,16,0,35.61318461,-95.37802952,40101.0,841.2135829521892,2.797202797202797,556,559,16,0,543,540,68362,13,0,0,13,19
2020-08-15,US,Oklahoma,Noble,91,2,0,36.38953329,-97.22928674,40103.0,817.5366094690504,2.1978021978021984,89,89,2,0,87,87,11289,2,0,0,2,2
2020-08-15,US,Oklahoma,Nowata,62,1,0,36.79843529,-95.61902331,40105.0,615.3235410877332,1.6129032258064515,61,62,1,0,61,63,10218,0,0,0,0,-1
2020-08-15,US,Oklahoma,Okfuskee,82,1,0,35.46485198,-96.32639984,40107.0,683.7321771033103,1.2195121951219512,81,76,1,0,75,74,12098,6,0,0,6,2
2020-08-15,US,Oklahoma,Oklahoma,11458,129,0,35.55140095,-97.40716948,40109.0,1436.8587243583795,1.1258509338453482,11329,11312,124,0,11188,11148,792582,146,5,0,141,164
2020-08-15,US,Oklahoma,Okmulgee,504,3,0,35.64661916,-95.96432828,40111.0,1310.2820746132847,0.5952380952380952,501,500,3,0,497,496,38335,4,0,0,4,4
2020-08-15,US,Oklahoma,Osage,559,12,0,36.62888819,-96.39635704,40113.0,1190.2987458211785,2.146690518783542,547,456,12,0,444,446,47014,103,0,0,103,10
2020-08-15,US,Oklahoma,Ottawa,417,3,0,36.83532655,-94.81011909,40115.0,1339.6729527419925,0.7194244604316546,414,405,3,0,402,401,31175,12,0,0,12,4
2020-08-15,US,Oklahoma,Pawnee,166,3,0,36.31743373,-96.70331759999999,40117.0,1013.6785539814363,1.8072289156626504,163,153,3,0,150,151,16390,13,0,0,13,2
2020-08-15,US,Oklahoma,Payne,792,4,0,36.07695283,-96.97584944,40119.0,968.4045779125502,0.5050505050505051,788,788,4,0,784,773,82040,4,0,0,4,15
2020-08-15,US,Oklahoma,Pittsburg,428,4,0,34.92065823,-95.75134320000001,40121.0,980.4370733495211,0.9345794392523364,424,419,4,0,415,395,43877,9,0,0,9,24
2020-08-15,US,Oklahoma,Pontotoc,211,2,0,34.72959848,-96.68337199,40123.0,551.1440810782573,0.9478672985781992,209,208,2,0,206,205,38247,3,0,0,3,3
2020-08-15,US,Oklahoma,Pottawatomie,502,9,0,35.20614018,-96.94923008,40125.0,691.5362574388362,1.792828685258964,493,480,9,0,471,475,72679,22,0,0,22,5
2020-08-15,US,Oklahoma,Pushmataha,116,0,0,34.41635232,-95.37603505,40127.0,1045.4217736121125,0.0,116,111,0,0,111,112,11179,5,0,0,5,-1
2020-08-15,US,Oklahoma,Roger Mills,9,1,0,35.68711719,-99.69666167,40129.0,251.18615685180012,11.111111111111109,8,9,1,0,8,9,3656,0,0,0,0,0
2020-08-15,US,Oklahoma,Rogers,1108,21,0,36.37004357,-95.60406759,40131.0,1198.3690068030153,1.895306859205776,1087,1081,20,0,1061,1053,91984,27,1,0,26,28
2020-08-15,US,Oklahoma,Seminole,257,5,0,35.16478725,-96.61686741,40133.0,1059.4443070327316,1.9455252918287935,252,253,5,0,248,248,24578,4,0,0,4,5
2020-08-15,US,Oklahoma,Sequoyah,425,4,0,35.49447108,-94.75463785,40135.0,1022.396497389882,0.9411764705882352,421,384,4,0,380,369,41179,41,0,0,41,15
2020-08-15,US,Oklahoma,Stephens,215,3,0,34.48556989,-97.85141892,40137.0,498.3427207194679,1.3953488372093024,212,215,3,0,212,209,43265,0,0,0,0,6
2020-08-15,US,Oklahoma,Texas,1077,7,0,36.74777635,-101.4889765,40139.0,5389.581143972377,0.6499535747446611,1070,1076,7,0,1069,1066,20455,1,0,0,1,10
2020-08-15,US,Oklahoma,Tillman,59,1,0,34.37288446,-98.92426619,40141.0,813.7931034482757,1.6949152542372878,58,59,1,0,58,59,7348,0,0,0,0,0
2020-08-15,US,Oklahoma,Tulsa,11312,113,0,36.11939621,-95.94013939,40143.0,1736.1622710083002,0.998939179632249,11199,11130,113,0,11017,10999,648360,182,0,0,182,131
2020-08-15,US,Oklahoma,Unassigned,4,0,0,0.0,0.0,90040.0,0.0,0.0,4,4,0,0,4,2,,0,0,0,0,2
2020-08-15,US,Oklahoma,Wagoner,954,23,0,35.96024096,-95.51911308,40145.0,1173.5905227029484,2.4109014675052407,931,940,23,0,917,922,80110,14,0,0,14,18
2020-08-15,US,Oklahoma,Washington,690,39,0,36.71380786,-95.90514104,40147.0,1339.1037708385895,5.652173913043479,651,676,39,0,637,661,51843,14,0,0,14,15
2020-08-15,US,Oklahoma,Washita,32,0,0,35.29071824,-98.99180434,40149.0,293.1476731403445,0.0,32,32,0,0,32,31,11127,0,0,0,0,1
2020-08-15,US,Oklahoma,Woods,21,0,0,36.76705782,-98.86573064,40151.0,238.8263391334016,0.0,21,21,0,0,21,20,8897,0,0,0,0,1
2020-08-15,US,Oklahoma,Woodward,49,0,0,36.42316318,-99.26283045,40153.0,242.44223442679728,0.0,49,47,0,0,47,45,20222,2,0,0,2,2
2020-08-15,US,Oregon,Baker,53,0,0,44.70915557,-117.6749883,41001.0,328.7025551972216,0.0,53,52,0,0,52,45,16006,1,0,0,1,7
2020-08-15,US,Oregon,Benton,186,6,0,44.49167306,-123.4316987,41003.0,199.886086423866,3.2258064516129035,180,182,6,0,176,181,92101,4,0,0,4,1
2020-08-15,US,Oregon,Clackamas,1664,49,0,45.18787398,-122.2179634,41005.0,397.90811287773175,2.9447115384615383,1615,1627,49,0,1578,1607,416075,37,0,0,37,20
2020-08-15,US,Oregon,Clatsop,90,0,0,45.99712889,-123.660711,41007.0,223.7470167064439,0.0,90,88,0,0,88,87,39764,2,0,0,2,1
2020-08-15,US,Oregon,Columbia,106,1,0,45.94464254,-123.08908980000001,41009.0,202.4678152576689,0.9433962264150944,105,103,1,0,102,103,52377,3,0,0,3,0
2020-08-15,US,Oregon,Coos,93,0,0,43.17406868,-124.0594514,41011.0,144.2151131235753,0.0,93,93,0,0,93,91,64389,0,0,0,0,2
2020-08-15,US,Oregon,Crook,52,1,0,44.14230227,-120.356297,41013.0,213.07982297983932,1.9230769230769231,51,51,1,0,50,51,23867,1,0,0,1,0
2020-08-15,US,Oregon,Curry,19,0,0,42.45911325,-124.15728200000001,41015.0,82.87895310796074,0.0,19,17,0,0,17,17,22813,2,0,0,2,0
2020-08-15,US,Oregon,Deschutes,637,11,0,43.91570171,-121.2289121,41017.0,322.21840033992265,1.7268445839874411,626,627,11,0,616,621,191996,10,0,0,10,6
2020-08-15,US,Oregon,Douglas,160,1,0,43.27941273,-123.16729099999999,41019.0,144.17012074247612,0.625,159,159,1,0,158,159,110283,1,0,0,1,0
2020-08-15,US,Oregon,Gilliam,4,0,0,45.37160076,-120.20488689999999,41021.0,209.20502092050208,0.0,4,4,0,0,4,4,1894,0,0,0,0,0
2020-08-15,US,Oregon,Grant,4,0,0,44.49024544,-119.0068631,41023.0,55.563272676760654,0.0,4,4,0,0,4,4,7176,0,0,0,0,0
2020-08-15,US,Oregon,Harney,11,0,0,43.06422669,-118.96663059999999,41025.0,148.7893953740024,0.0,11,11,0,0,11,11,7329,0,0,0,0,0
2020-08-15,US,Oregon,Hood River,216,0,0,45.51872811,-121.65520359999998,41027.0,923.7875288683605,0.0,216,215,0,0,215,207,23428,1,0,0,1,8
2020-08-15,US,Oregon,Jackson,542,2,0,42.43201126,-122.72893090000001,41029.0,245.31102903903252,0.3690036900369004,540,536,2,0,534,515,219564,6,0,0,6,21
2020-08-15,US,Oregon,Jefferson,408,5,0,44.62806839,-121.17832,41031.0,1654.6354124422094,1.2254901960784317,403,396,4,0,392,392,24192,12,1,0,11,4
2020-08-15,US,Oregon,Josephine,138,2,0,42.3665549,-123.5561938,41033.0,157.73772103283918,1.4492753623188406,136,136,2,0,134,130,87393,2,0,0,2,6
2020-08-15,US,Oregon,Klamath,208,2,0,42.68762984,-121.64964609999998,41035.0,304.8154986957414,0.9615384615384616,206,206,2,0,204,206,67653,2,0,0,2,0
2020-08-15,US,Oregon,Lake,32,0,0,42.79246693,-120.38501629999999,41037.0,406.6590418096328,0.0,32,32,0,0,32,32,7879,0,0,0,0,0
2020-08-15,US,Oregon,Lane,621,4,0,43.93727035,-122.847753,41039.0,162.53693723875656,0.644122383252818,617,615,4,0,611,611,379611,6,0,0,6,4
2020-08-15,US,Oregon,Lincoln,437,9,0,44.64252874,-123.86991200000001,41041.0,874.6647452063568,2.059496567505721,428,431,9,0,422,428,49388,6,0,0,6,3
2020-08-15,US,Oregon,Linn,328,11,0,44.48899494,-122.53731540000001,41043.0,252.7957826264557,3.3536585365853657,317,315,11,0,304,306,127335,13,0,0,13,9
2020-08-15,US,Oregon,Malheur,894,15,0,43.1937027,-117.62273950000001,41045.0,2924.3400608419743,1.6778523489932886,879,869,15,0,854,851,30725,25,0,0,25,18
2020-08-15,US,Oregon,Marion,3165,73,0,44.90287942,-122.58151170000001,41047.0,909.9586565387648,2.306477093206951,3092,3090,73,0,3017,3040,346868,75,0,0,75,50
2020-08-15,US,Oregon,Morrow,400,3,0,45.41846568,-119.584546,41049.0,3447.3842971645263,0.75,397,393,3,0,390,384,11372,7,0,0,7,9
2020-08-15,US,Oregon,Multnomah,5264,101,0,45.54747959,-122.4169351,41051.0,647.5939743250641,1.9186930091185408,5163,5186,101,0,5085,5135,811880,78,0,0,78,51
2020-08-15,US,Oregon,Polk,356,12,0,44.90322804,-123.4128888,41053.0,413.5447522797235,3.3707865168539324,344,350,12,0,338,337,85234,6,0,0,6,13
2020-08-15,US,Oregon,Sherman,16,0,0,45.41501554,-120.6827834,41055.0,898.876404494382,0.0,16,16,0,0,16,16,1708,0,0,0,0,0
2020-08-15,US,Oregon,Tillamook,35,0,0,45.46248721,-123.712066,41057.0,129.4570202692706,0.0,35,35,0,0,35,35,26787,0,0,0,0,0
2020-08-15,US,Oregon,Umatilla,2435,32,0,45.59073056,-118.7353826,41059.0,3123.797305965363,1.3141683778234086,2403,2398,32,0,2366,2362,77516,37,0,0,37,36
2020-08-15,US,Oregon,Union,398,2,0,45.30915495,-118.0068979,41061.0,1483.1376933109743,0.5025125628140703,396,397,2,0,395,397,26461,1,0,0,1,0
2020-08-15,US,Oregon,Wallowa,21,1,0,45.57894064,-117.18353799999998,41063.0,291.34295227524973,4.761904761904762,20,20,1,0,19,20,7081,1,0,0,1,0
2020-08-15,US,Oregon,Wasco,201,3,0,45.16292781,-121.16709540000001,41065.0,753.3168428153813,1.492537313432836,198,199,3,0,196,197,26505,2,0,0,2,2
2020-08-15,US,Oregon,Washington,3310,27,0,45.55972701,-123.0955257,41067.0,550.2067846646897,0.8157099697885196,3283,3258,27,0,3231,3235,597695,52,0,0,52,23
2020-08-15,US,Oregon,Yamhill,514,13,0,45.23330449,-123.3086963,41071.0,479.9253034547152,2.5291828793774314,501,502,13,0,489,483,107002,12,0,0,12,19
2020-08-15,US,Pennsylvania,Adams,547,22,0,39.87140411,-77.21610347,42001.0,531.0215612228058,4.021937842778794,525,544,22,0,522,539,102811,3,0,0,3,5
2020-08-15,US,Pennsylvania,Allegheny,9359,269,0,40.46809875,-79.98167747,42003.0,769.6261240332389,2.8742387007158885,9090,9282,265,0,9017,9192,1218452,77,4,0,73,90
2020-08-15,US,Pennsylvania,Armstrong,244,9,0,40.81665618,-79.46290811,42005.0,376.9212945083803,3.6885245901639343,235,242,8,0,234,237,65263,2,1,0,1,5
2020-08-15,US,Pennsylvania,Beaver,1401,94,0,40.6825484,-80.34921611,42007.0,854.6382885273503,6.709493219129193,1307,1382,93,0,1289,1374,164742,19,1,0,18,8
2020-08-15,US,Pennsylvania,Bedford,151,4,0,40.00522157,-78.48998442,42009.0,315.3190778483127,2.6490066225165565,147,150,4,0,146,145,48176,1,0,0,1,5
2020-08-15,US,Pennsylvania,Berks,5563,374,0,40.41570541,-75.92457766,42011.0,1320.863131701665,6.722991191802984,5189,5529,374,0,5155,5491,420152,34,0,0,34,38
2020-08-15,US,Pennsylvania,Blair,338,8,0,40.47961444,-78.34917412,42013.0,277.43804841211863,2.366863905325444,330,317,8,0,309,304,122492,21,0,0,21,13
2020-08-15,US,Pennsylvania,Bradford,92,3,0,41.78869215,-76.51570822,42015.0,152.51230873796064,3.260869565217391,89,92,3,0,89,91,60833,0,0,0,0,1
2020-08-15,US,Pennsylvania,Bucks,7382,583,0,40.33682119,-75.10836643,42017.0,1174.9725436516146,7.897588729341643,6799,7344,583,0,6761,7318,628195,38,0,0,38,26
2020-08-15,US,Pennsylvania,Butler,712,17,0,40.91152759,-79.91351055,42019.0,379.0197654549036,2.3876404494382024,695,710,17,0,693,707,187888,2,0,0,2,3
2020-08-15,US,Pennsylvania,Cambria,370,3,0,40.49527404,-78.71377428,42021.0,284.1956495022736,0.8108108108108109,367,365,3,0,362,353,131730,5,0,0,5,12
2020-08-15,US,Pennsylvania,Cameron,8,0,0,41.43625568,-78.20376845,42023.0,179.89655947830002,0.0,8,8,0,0,8,8,4492,0,0,0,0,0
2020-08-15,US,Pennsylvania,Carbon,386,28,0,40.91545395,-75.7068525,42025.0,601.4147268704621,7.253886010362693,358,382,28,0,354,379,64227,4,0,0,4,3
2020-08-15,US,Pennsylvania,Centre,391,11,0,40.92058903,-77.82200624,42027.0,240.78578686455032,2.8132992327365733,380,386,11,0,375,380,162805,5,0,0,5,6
2020-08-15,US,Pennsylvania,Chester,5293,350,0,39.97291773,-75.74768357,42029.0,1008.211600624013,6.612507084829018,4943,5293,350,0,4943,5264,522046,0,0,0,0,29
2020-08-15,US,Pennsylvania,Clarion,88,2,0,41.19265812,-79.42413524,42031.0,228.94011134814502,2.272727272727273,86,84,2,0,82,84,38779,4,0,0,4,0
2020-08-15,US,Pennsylvania,Clearfield,187,1,0,41.00110782,-78.47592663,42033.0,235.94725884802224,0.5347593582887701,186,186,1,0,185,182,79388,1,0,0,1,4
2020-08-15,US,Pennsylvania,Clinton,128,5,0,41.23255967,-77.63785995,42035.0,331.3315386208325,3.90625,123,128,5,0,123,125,38684,0,0,0,0,3
2020-08-15,US,Pennsylvania,Columbia,485,35,0,41.04821986,-76.40565017,42037.0,746.567329597931,7.216494845360825,450,483,35,0,448,483,65456,2,0,0,2,0
2020-08-15,US,Pennsylvania,Crawford,166,1,0,41.68447709,-80.10760592,42039.0,196.1502558224722,0.6024096385542169,165,165,1,0,164,161,85063,1,0,0,1,4
2020-08-15,US,Pennsylvania,Cumberland,1362,71,0,40.1625372,-77.26130755,42041.0,537.553775111497,5.212922173274597,1291,1353,71,0,1282,1339,251423,9,0,0,9,14
2020-08-15,US,Pennsylvania,Dauphin,2963,160,0,40.41377078,-76.77993242,42043.0,1064.6822302631342,5.39993250084374,2803,2940,160,0,2780,2914,277097,23,0,0,23,26
2020-08-15,US,Pennsylvania,Delaware,9635,713,0,39.91680171,-75.40243663,42045.0,1700.0531101179183,7.400103788271926,8922,9551,710,0,8841,9496,564751,84,3,0,81,55
2020-08-15,US,Pennsylvania,Elk,56,2,0,41.42822061,-78.64524744,42047.0,187.22835172183213,3.571428571428572,54,54,2,0,52,54,30169,2,0,0,2,0
2020-08-15,US,Pennsylvania,Erie,1200,27,0,41.99253829,-80.03301954,42049.0,444.8926325780045,2.25,1173,1182,27,0,1155,1163,272061,18,0,0,18,19
2020-08-15,US,Pennsylvania,Fayette,613,6,0,39.92041012,-79.64291195,42051.0,474.1866113835728,0.9787928221859706,607,609,6,0,603,595,130441,4,0,0,4,14
2020-08-15,US,Pennsylvania,Forest,12,0,0,41.51095103,-79.23229292,42053.0,165.58575962467228,0.0,12,12,0,0,12,11,7279,0,0,0,0,1
2020-08-15,US,Pennsylvania,Franklin,1415,46,0,39.92956518,-77.72157791,42055.0,912.7442316499704,3.2508833922261484,1369,1407,46,0,1361,1393,154835,8,0,0,8,14
2020-08-15,US,Pennsylvania,Fulton,28,2,0,39.92913544,-78.11163677,42057.0,192.70474879559532,7.142857142857142,26,28,2,0,26,28,14523,0,0,0,0,0
2020-08-15,US,Pennsylvania,Greene,126,1,0,39.85746531,-80.22357106,42059.0,347.7492893218889,0.7936507936507936,125,123,1,0,122,121,36506,3,0,0,3,2
2020-08-15,US,Pennsylvania,Huntingdon,327,5,0,40.42162652,-77.97673273,42061.0,724.3487506645401,1.529051987767584,322,320,5,0,315,313,45168,7,0,0,7,7
2020-08-15,US,Pennsylvania,Indiana,356,8,0,40.65241041,-79.08963285,42063.0,423.4415329535047,2.247191011235955,348,351,7,0,344,343,84501,5,1,0,4,8
2020-08-15,US,Pennsylvania,Jefferson,75,1,0,41.12913106,-78.9986361,42065.0,172.71157167530225,1.3333333333333333,74,75,1,0,74,75,43641,0,0,0,0,0
2020-08-15,US,Pennsylvania,Juniata,137,6,0,40.53358749,-77.39975129999998,42067.0,553.2447603279086,4.37956204379562,131,137,6,0,131,135,24704,0,0,0,0,2
2020-08-15,US,Pennsylvania,Lackawanna,1960,212,0,41.43564672,-75.60379201,42069.0,934.7844749468222,10.816326530612244,1748,1957,212,0,1745,1952,210793,3,0,0,3,5
2020-08-15,US,Pennsylvania,Lancaster,6182,421,0,40.03904563,-76.24770128,42071.0,1132.807059979037,6.8100938207699775,5761,6146,420,0,5726,6099,543557,36,1,0,35,47
2020-08-15,US,Pennsylvania,Lawrence,422,16,0,40.99206278,-80.33393706,42073.0,493.49798858639724,3.791469194312796,406,420,16,0,404,414,86184,2,0,0,2,6
2020-08-15,US,Pennsylvania,Lebanon,1644,55,0,40.36680311,-76.45651841,42075.0,1159.4366435578625,3.345498783454988,1589,1640,55,0,1585,1632,141314,4,0,0,4,8
2020-08-15,US,Pennsylvania,Lehigh,5059,341,0,40.6154815,-75.59435245,42077.0,1369.822212835551,6.740462542004348,4718,5047,340,0,4707,5036,368100,12,1,0,11,11
2020-08-15,US,Pennsylvania,Luzerne,3598,185,0,41.17823008,-75.98447579,42079.0,1133.5246694411453,5.141745414118955,3413,3576,185,0,3391,3553,317646,22,0,0,22,23
2020-08-15,US,Pennsylvania,Lycoming,440,20,0,41.34310539,-77.06629984,42081.0,388.3529422148474,4.545454545454546,420,430,20,0,410,426,113664,10,0,0,10,4
2020-08-15,US,Pennsylvania,McKean,34,1,0,41.80938602,-78.56478358,42083.0,83.69230769230771,2.9411764705882355,33,34,1,0,33,34,40968,0,0,0,0,0
2020-08-15,US,Pennsylvania,Mercer,490,12,0,41.30248872,-80.25816981,42085.0,447.799385875128,2.4489795918367347,478,480,12,0,468,468,110683,10,0,0,10,12
2020-08-15,US,Pennsylvania,Mifflin,124,1,0,40.61116939,-77.61070738,42087.0,268.75894056959555,0.8064516129032258,123,122,1,0,121,123,46222,2,0,0,2,-1
2020-08-15,US,Pennsylvania,Monroe,1663,125,0,41.05934058,-75.34031025,42089.0,976.6783539181656,7.5165363800360785,1538,1657,125,0,1532,1655,169507,6,0,0,6,2
2020-08-15,US,Pennsylvania,Montgomery,10361,859,0,40.21053671,-75.36652296,42091.0,1246.938615863235,8.290705530354213,9502,10307,859,0,9448,10264,828604,54,0,0,54,43
2020-08-15,US,Pennsylvania,Montour,110,3,0,41.03023987,-76.66345939,42093.0,603.4009873834339,2.727272727272727,107,106,3,0,103,106,18240,4,0,0,4,0
2020-08-15,US,Pennsylvania,Northampton,3999,295,0,40.75182733,-75.30471829,42095.0,1309.9235140933881,7.376844211052762,3704,3991,295,0,3696,3982,304807,8,0,0,8,9
2020-08-15,US,Pennsylvania,Northumberland,537,18,0,40.84785433,-76.70798222,42097.0,591.1297513292162,3.35195530726257,519,526,17,0,509,524,91083,11,1,0,10,2
2020-08-15,US,Pennsylvania,Perry,135,5,0,40.40206612,-77.26297447,42099.0,291.753112033195,3.703703703703704,130,132,5,0,127,128,46139,3,0,0,3,4
2020-08-15,US,Pennsylvania,Philadelphia,32186,1717,0,40.00338507,-75.1379271,42101.0,2031.8623489960003,5.3346175355744725,30469,32057,1715,0,30342,31910,1584138,129,2,0,127,147
2020-08-15,US,Pennsylvania,Pike,527,21,0,41.33155042,-75.03208106,42103.0,944.2921392606927,3.984819734345351,506,527,21,0,506,527,55933,0,0,0,0,0
2020-08-15,US,Pennsylvania,Potter,21,0,0,41.74471626,-77.89559864,42105.0,127.0724918310541,0.0,21,21,0,0,21,20,16622,0,0,0,0,1
2020-08-15,US,Pennsylvania,Schuylkill,942,51,0,40.70497338,-76.2150785,42107.0,666.3884153113703,5.414012738853503,891,938,51,0,887,930,142067,4,0,0,4,8
2020-08-15,US,Pennsylvania,Snyder,118,2,0,40.77129231,-77.06840691,42109.0,292.28177945110474,1.6949152542372878,116,116,2,0,114,113,40540,2,0,0,2,3
2020-08-15,US,Pennsylvania,Somerset,142,3,0,39.97172723,-79.02699593,42111.0,193.33669176412928,2.112676056338028,139,140,3,0,137,138,73952,2,0,0,2,2
2020-08-15,US,Pennsylvania,Sullivan,10,0,0,41.44634738,-76.51246591,42113.0,164.85328058028355,0.0,10,10,0,0,10,10,6071,0,0,0,0,0
2020-08-15,US,Pennsylvania,Susquehanna,220,27,0,41.82147784,-75.80071959,42115.0,545.5266812140449,12.272727272727273,193,219,27,0,192,218,40589,1,0,0,1,1
2020-08-15,US,Pennsylvania,Tioga,41,3,0,41.77255149,-77.25433032,42117.0,101.00761252494397,7.317073170731707,38,41,3,0,38,40,40763,0,0,0,0,1
2020-08-15,US,Pennsylvania,Union,292,2,0,40.96188846,-77.05996014,42119.0,650.0011130156045,0.6849315068493149,290,279,2,0,277,276,44785,13,0,0,13,3
2020-08-15,US,Pennsylvania,Venango,68,0,0,41.40323442,-79.75845449,42121.0,134.20699455277492,0.0,68,67,0,0,67,67,51266,1,0,0,1,0
2020-08-15,US,Pennsylvania,Warren,23,1,0,41.81304978,-79.26969577,42123.0,58.68694343088975,4.3478260869565215,22,22,1,0,21,22,39498,1,0,0,1,0
2020-08-15,US,Pennsylvania,Washington,899,17,0,40.19208869,-80.24582867,42125.0,434.58294056510283,1.8909899888765296,882,891,16,0,875,880,207346,8,1,0,7,11
2020-08-15,US,Pennsylvania,Wayne,162,10,0,41.64938475,-75.29956506,42127.0,315.4144195011778,6.172839506172839,152,162,10,0,152,162,51276,0,0,0,0,0
2020-08-15,US,Pennsylvania,Westmoreland,1609,48,0,40.31377979999999,-79.46615476,42129.0,461.164978976724,2.983219390926041,1561,1593,47,0,1546,1586,350611,16,1,0,15,7
2020-08-15,US,Pennsylvania,Wyoming,63,8,0,41.51955538,-76.01074915,42131.0,235.12726729864886,12.698412698412698,55,63,8,0,55,62,27046,0,0,0,0,1
2020-08-15,US,Pennsylvania,York,2854,105,0,39.9210089,-76.73040131,42133.0,635.5526457606812,3.679046951646812,2749,2801,105,0,2696,2751,448273,53,0,0,53,50
2020-08-15,US,Puerto Rico,Adjuntas,100,0,0,18.180117000000006,-66.754367,72001.0,513.2679772109018,0.0,100,99,0,0,99,98,,1,0,0,1,1
2020-08-15,US,Puerto Rico,Aguada,160,0,0,18.360255,-67.17513100000001,72003.0,381.32462642103,0.0,160,155,0,0,155,152,,5,0,0,5,3
2020-08-15,US,Puerto Rico,Aguadilla,247,0,0,18.459681,-67.12081500000001,72005.0,405.25685409112543,0.0,247,239,0,0,239,234,,8,0,0,8,5
2020-08-15,US,Puerto Rico,Aguas Buenas,149,0,0,18.251619,-66.126806,72007.0,519.9064866185141,0.0,149,145,0,0,145,139,,4,0,0,4,6
2020-08-15,US,Puerto Rico,Aibonito,98,0,0,18.131361,-66.264131,72009.0,378.3783783783784,0.0,98,97,0,0,97,94,,1,0,0,1,3
2020-08-15,US,Puerto Rico,Anasco,153,0,0,18.287985,-67.120611,72011.0,522.8802843375141,0.0,153,151,0,0,151,150,,2,0,0,2,1
2020-08-15,US,Puerto Rico,Arecibo,377,0,0,18.406631,-66.675077,72013.0,390.9166321028618,0.0,377,366,0,0,366,352,,11,0,0,11,14
2020-08-15,US,Puerto Rico,Arroyo,102,0,0,17.998457000000005,-66.056546,72015.0,521.0727969348659,0.0,102,100,0,0,100,98,,2,0,0,2,2
2020-08-15,US,Puerto Rico,Barceloneta,104,0,0,18.445532999999998,-66.56053100000001,72017.0,419.08446163765313,0.0,104,102,0,0,102,98,,2,0,0,2,4
2020-08-15,US,Puerto Rico,Barranquitas,273,0,0,18.201592,-66.30963,72019.0,900.4551751434793,0.0,273,269,0,0,269,267,,4,0,0,4,2
2020-08-15,US,Puerto Rico,Bayamon,1830,0,0,18.34946,-66.168435,72021.0,879.3173038113359,0.0,1830,1783,0,0,1783,1710,,47,0,0,47,73
2020-08-15,US,Puerto Rico,Cabo Rojo,239,0,0,18.040993,-67.154391,72023.0,469.3913624133394,0.0,239,236,0,0,236,231,,3,0,0,3,5
2020-08-15,US,Puerto Rico,Caguas,842,0,0,18.211615,-66.050779,72025.0,589.2520977234714,0.0,842,827,0,0,827,803,,15,0,0,15,24
2020-08-15,US,Puerto Rico,Camuy,157,0,0,18.418578,-66.860206,72027.0,446.5428482038738,0.0,157,151,0,0,151,145,,6,0,0,6,6
2020-08-15,US,Puerto Rico,Canovanas,423,0,0,18.328802,-65.887612,72029.0,887.760241773002,0.0,423,417,0,0,417,415,,6,0,0,6,2
2020-08-15,US,Puerto Rico,Carolina,1473,0,0,18.374986,-65.95683100000001,72031.0,833.3239044591032,0.0,1473,1444,0,0,1444,1407,,29,0,0,29,37
2020-08-15,US,Puerto Rico,Catano,225,0,0,18.437269,-66.14330600000001,72033.0,799.5735607675906,0.0,225,218,0,0,218,209,,7,0,0,7,9
2020-08-15,US,Puerto Rico,Cayey,222,0,0,18.102851,-66.14914,72035.0,461.3562210353498,0.0,222,215,0,0,215,206,,7,0,0,7,9
2020-08-15,US,Puerto Rico,Ceiba,75,0,0,18.251818,-65.666416,72037.0,550.2164184579268,0.0,75,74,0,0,74,73,,1,0,0,1,1
2020-08-15,US,Puerto Rico,Ciales,168,0,0,18.28885,-66.516475,72039.0,894.4734320093705,0.0,168,165,0,0,165,163,,3,0,0,3,2
2020-08-15,US,Puerto Rico,Cidra,194,0,0,18.173559,-66.161179,72041.0,446.18215271389147,0.0,194,188,0,0,188,185,,6,0,0,6,3
2020-08-15,US,Puerto Rico,Coamo,176,0,0,18.097597,-66.36014,72043.0,434.4391785150079,0.0,176,174,0,0,174,169,,2,0,0,2,5
2020-08-15,US,Puerto Rico,Comerio,137,0,0,18.224687,-66.221622,72045.0,659.351236885167,0.0,137,132,0,0,132,131,,5,0,0,5,1
2020-08-15,US,Puerto Rico,Corozal,275,0,0,18.304264,-66.327738,72047.0,740.4017015777288,0.0,275,271,0,0,271,263,,4,0,0,4,8
2020-08-15,US,Puerto Rico,Culebra,19,0,0,18.31586,-65.28813000000001,72049.0,1045.1045104510451,0.0,19,19,0,0,19,19,,0,0,0,0,0
2020-08-15,US,Puerto Rico,Dorado,362,0,0,18.436115,-66.278669,72051.0,948.5130355037338,0.0,362,354,0,0,354,348,,8,0,0,8,6
2020-08-15,US,Puerto Rico,Fajardo,288,0,0,18.318373,-65.666866,72053.0,778.5256670180846,0.0,288,281,0,0,281,276,,7,0,0,7,5
2020-08-15,US,Puerto Rico,Florida,192,0,0,18.373715,-66.560488,72054.0,1514.1955835962146,0.0,192,191,0,0,191,191,,1,0,0,1,0
2020-08-15,US,Puerto Rico,Guanica,66,0,0,17.982429,-66.91964300000001,72055.0,339.7333607865342,0.0,66,65,0,0,65,65,,1,0,0,1,0
2020-08-15,US,Puerto Rico,Guayama,185,0,0,18.007516,-66.13390799999999,72057.0,407.8303425774878,0.0,185,179,0,0,179,170,,6,0,0,6,9
2020-08-15,US,Puerto Rico,Guayanilla,135,0,0,18.039942,-66.79186,72059.0,625.5502525369537,0.0,135,134,0,0,134,132,,1,0,0,1,2
2020-08-15,US,Puerto Rico,Guaynabo,983,0,0,18.345114000000002,-66.11452299999999,72061.0,1003.8397124300476,0.0,983,962,0,0,962,934,,21,0,0,21,28
2020-08-15,US,Puerto Rico,Gurabo,294,0,0,18.266461,-65.97970500000001,72063.0,648.0195728360775,0.0,294,291,0,0,291,278,,3,0,0,3,13
2020-08-15,US,Puerto Rico,Hatillo,121,0,0,18.410928,-66.79632600000001,72065.0,288.417991561986,0.0,121,121,0,0,121,118,,0,0,0,0,3
2020-08-15,US,Puerto Rico,Hormigueros,108,0,0,18.134532,-67.113972,72067.0,626.0869565217391,0.0,108,102,0,0,102,100,,6,0,0,6,2
2020-08-15,US,Puerto Rico,Humacao,220,0,0,18.145211,-65.810174,72069.0,376.28707282865247,0.0,220,214,0,0,214,207,,6,0,0,6,7
2020-08-15,US,Puerto Rico,Isabela,153,0,0,18.44981,-67.005093,72071.0,335.2983717209792,0.0,153,150,0,0,150,144,,3,0,0,3,6
2020-08-15,US,Puerto Rico,Jayuya,183,0,0,18.211446,-66.58878,72073.0,1099.6274486239636,0.0,183,182,0,0,182,180,,1,0,0,1,2
2020-08-15,US,Puerto Rico,Juana Diaz,216,0,0,18.050764,-66.49458100000001,72075.0,270.3480731441731,0.0,216,212,0,0,212,209,,4,0,0,4,3
2020-08-15,US,Puerto Rico,Juncos,169,0,0,18.223793,-65.909109,72077.0,419.4589228096302,0.0,169,165,0,0,165,154,,4,0,0,4,11
2020-08-15,US,Puerto Rico,Lajas,92,0,0,18.011661,-67.040585,72079.0,357.23993321166466,0.0,92,91,0,0,91,86,,1,0,0,1,5
2020-08-15,US,Puerto Rico,Lares,198,0,0,18.269035000000002,-66.867236,72081.0,643.8396254023997,0.0,198,196,0,0,196,192,,2,0,0,2,4
2020-08-15,US,Puerto Rico,Las Marias,76,0,0,18.23679,-66.98362,72083.0,769.1529197449651,0.0,76,74,0,0,74,73,,2,0,0,2,1
2020-08-15,US,Puerto Rico,Las Piedras,184,0,0,18.187527,-65.86946800000001,72085.0,475.75953458306395,0.0,184,179,0,0,179,175,,5,0,0,5,4
2020-08-15,US,Puerto Rico,Loiza,151,0,0,18.425688,-65.89943000000001,72087.0,502.32867598137057,0.0,151,144,0,0,144,140,,7,0,0,7,4
2020-08-15,US,Puerto Rico,Luquillo,132,0,0,18.342114000000002,-65.72509699999999,72089.0,657.7636037472594,0.0,132,128,0,0,128,122,,4,0,0,4,6
2020-08-15,US,Puerto Rico,Manati,287,0,0,18.420473,-66.490461,72091.0,650.6018633962777,0.0,287,282,0,0,282,276,,5,0,0,5,6
2020-08-15,US,Puerto Rico,Maricao,43,0,0,18.171795,-66.942126,72093.0,685.1497769279797,0.0,43,42,0,0,42,42,,1,0,0,1,0
2020-08-15,US,Puerto Rico,Maunabo,72,0,0,18.017889,-65.922235,72095.0,588.9570552147239,0.0,72,71,0,0,71,66,,1,0,0,1,5
2020-08-15,US,Puerto Rico,Mayaguez,549,0,0,18.2013,-67.1452,72097.0,616.2999550965425,0.0,549,544,0,0,544,526,,5,0,0,5,18
2020-08-15,US,Puerto Rico,Moca,187,0,0,18.377805,-67.080952,72099.0,466.2295245456132,0.0,187,187,0,0,187,184,,0,0,0,0,3
2020-08-15,US,Puerto Rico,Morovis,300,0,0,18.316963,-66.420383,72101.0,919.9632014719413,0.0,300,294,0,0,294,284,,6,0,0,6,10
2020-08-15,US,Puerto Rico,Naguabo,102,0,0,18.230636999999998,-65.753897,72103.0,381.7365269461078,0.0,102,101,0,0,101,100,,1,0,0,1,1
2020-08-15,US,Puerto Rico,Naranjito,342,0,0,18.288019,-66.252703,72105.0,1124.9259917110717,0.0,342,329,0,0,329,321,,13,0,0,13,8
2020-08-15,US,Puerto Rico,Orocovis,238,0,0,18.215046,-66.433604,72107.0,1016.0952909533363,0.0,238,236,0,0,236,234,,2,0,0,2,2
2020-08-15,US,Puerto Rico,Out of PR,683,0,0,0.0,0.0,72888.0,0.0,0.0,683,677,0,0,677,660,,6,0,0,6,17
2020-08-15,US,Puerto Rico,Patillas,113,0,0,18.03174,-66.012242,72109.0,586.190797323235,0.0,113,110,0,0,110,110,,3,0,0,3,0
2020-08-15,US,Puerto Rico,Penuelas,83,0,0,18.059645,-66.721572,72111.0,341.81698377398897,0.0,83,80,0,0,80,78,,3,0,0,3,2
2020-08-15,US,Puerto Rico,Ponce,552,0,0,18.059498,-66.613748,72113.0,331.8763640298929,0.0,552,541,0,0,541,526,,11,0,0,11,15
2020-08-15,US,Puerto Rico,Quebradillas,81,0,0,18.439692,-66.926113,72115.0,312.51205679231447,0.0,81,81,0,0,81,80,,0,0,0,0,1
2020-08-15,US,Puerto Rico,Rincon,107,0,0,18.335442999999998,-67.23174,72117.0,703.9473684210526,0.0,107,106,0,0,106,104,,1,0,0,1,2
2020-08-15,US,Puerto Rico,Rio Grande,349,0,0,18.346329,-65.813742,72119.0,642.6782557454331,0.0,349,338,0,0,338,321,,11,0,0,11,17
2020-08-15,US,Puerto Rico,Sabana Grande,133,0,0,18.08282,-66.943758,72121.0,526.4199485454186,0.0,133,133,0,0,133,132,,0,0,0,0,1
2020-08-15,US,Puerto Rico,Salinas,222,0,0,18.010386999999994,-66.256592,72123.0,714.3316815753909,0.0,222,212,0,0,212,200,,10,0,0,10,12
2020-08-15,US,Puerto Rico,San German,159,0,0,18.111484,-67.03858100000001,72125.0,447.5469361330819,0.0,159,153,0,0,153,149,,6,0,0,6,4
2020-08-15,US,Puerto Rico,San Juan,3933,0,0,18.386933,-66.061128,72127.0,994.8751157272733,0.0,3933,3849,0,0,3849,3718,,84,0,0,84,131
2020-08-15,US,Puerto Rico,San Lorenzo,200,0,0,18.147987,-65.976392,72129.0,487.11578742267034,0.0,200,194,0,0,194,187,,6,0,0,6,7
2020-08-15,US,Puerto Rico,San Sebastian,251,0,0,18.328646,-66.971214,72131.0,591.5625736507187,0.0,251,246,0,0,246,245,,5,0,0,5,1
2020-08-15,US,Puerto Rico,Santa Isabel,108,0,0,17.994525,-66.388913,72133.0,464.03712296983764,0.0,108,107,0,0,107,102,,1,0,0,1,5
2020-08-15,US,Puerto Rico,Toa Alta,678,0,0,18.362406,-66.246616,72135.0,915.3997785758647,0.0,678,652,0,0,652,637,,26,0,0,26,15
2020-08-15,US,Puerto Rico,Toa Baja,658,0,0,18.431445999999998,-66.213553,72137.0,734.3012420627392,0.0,658,632,0,0,632,605,,26,0,0,26,27
2020-08-15,US,Puerto Rico,Trujillo Alto,588,0,0,18.336159,-65.99888399999999,72139.0,785.6551134389781,0.0,588,579,0,0,579,567,,9,0,0,9,12
2020-08-15,US,Puerto Rico,Unassigned,516,329,0,0.0,0.0,72999.0,0.0,63.75968992248062,187,502,317,0,185,532,,14,12,0,2,-30
2020-08-15,US,Puerto Rico,Utuado,80,0,0,18.271214,-66.702984,72141.0,241.33458022866446,0.0,80,80,0,0,80,79,,0,0,0,0,1
2020-08-15,US,Puerto Rico,Vega Alta,303,0,0,18.409346,-66.33725,72143.0,758.4290756176317,0.0,303,295,0,0,295,279,,8,0,0,8,16
2020-08-15,US,Puerto Rico,Vega Baja,478,0,0,18.428262,-66.397924,72145.0,801.1799805571385,0.0,478,463,0,0,463,445,,15,0,0,15,18
2020-08-15,US,Puerto Rico,Vieques,69,0,0,18.123276,-65.44097099999999,72147.0,741.8557144393076,0.0,69,67,0,0,67,66,,2,0,0,2,1
2020-08-15,US,Puerto Rico,Villalba,85,0,0,18.127951,-66.473115,72149.0,326.0077474782342,0.0,85,84,0,0,84,84,,1,0,0,1,0
2020-08-15,US,Puerto Rico,Yabucoa,150,0,0,18.070399,-65.896289,72151.0,395.350676049656,0.0,150,142,0,0,142,137,,8,0,0,8,5
2020-08-15,US,Puerto Rico,Yauco,270,0,0,18.080374,-66.858814,72153.0,642.199652736484,0.0,270,267,0,0,267,265,,3,0,0,3,2
2020-08-15,US,Rhode Island,Bristol,322,0,0,41.71018079,-71.28652315,44001.0,664.205119742569,0.0,322,322,0,0,322,322,48649,0,0,0,0,0
2020-08-15,US,Rhode Island,Kent,1544,0,0,41.67106337,-71.57641596,44003.0,939.7901297689481,0.0,1544,1544,0,0,1544,1544,163861,0,0,0,0,0
2020-08-15,US,Rhode Island,Newport,405,0,0,41.5642026,-71.26569799,44005.0,493.40902999439584,0.0,405,405,0,0,405,405,82542,0,0,0,0,0
2020-08-15,US,Rhode Island,Providence,15644,0,0,41.87064746,-71.57753536,44007.0,2448.464701196217,0.0,15644,15644,0,0,15644,15644,636084,0,0,0,0,0
2020-08-15,US,Rhode Island,Unassigned,1799,1021,0,0.0,0.0,90044.0,0.0,56.75375208449139,778,1799,1021,0,778,1704,,0,0,0,0,95
2020-08-15,US,Rhode Island,Washington,621,0,0,41.45961631,-71.61435303,44009.0,494.5173081057837,0.0,621,621,0,0,621,621,126179,0,0,0,0,0
2020-08-15,US,South Carolina,Abbeville,360,8,0,34.22333378,-82.46170658,45001.0,1467.7702124189664,2.2222222222222223,352,353,8,0,345,355,24541,7,0,0,7,-2
2020-08-15,US,South Carolina,Aiken,2096,46,0,33.54338026,-81.63645384,45003.0,1226.649187696053,2.1946564885496183,2050,2047,44,0,2003,2017,169401,49,2,0,47,30
2020-08-15,US,South Carolina,Allendale,244,6,0,32.98837386,-81.35321066,45005.0,2808.471454880295,2.459016393442623,238,243,6,0,237,242,8903,1,0,0,1,1
2020-08-15,US,South Carolina,Anderson,2591,76,0,34.51828081,-82.63959517,45007.0,1279.1398019332735,2.933230412967966,2515,2537,71,0,2466,2489,200482,54,5,0,49,48
2020-08-15,US,South Carolina,Bamberg,485,27,0,33.21927586,-81.05659969,45009.0,3448.0307123560356,5.56701030927835,458,484,27,0,457,482,14275,1,0,0,1,2
2020-08-15,US,South Carolina,Barnwell,453,9,0,33.26679302,-81.43584352,45011.0,2170.9958784625705,1.9867549668874167,444,444,8,0,436,439,21112,9,1,0,8,5
2020-08-15,US,South Carolina,Beaufort,4331,60,0,32.39226291,-80.72619758,45013.0,2254.296748940777,1.385361348418379,4271,4297,60,0,4237,4256,188715,34,0,0,34,41
2020-08-15,US,South Carolina,Berkeley,4422,73,0,33.20222596,-79.94654523,45015.0,1940.2651081362135,1.6508367254635912,4349,4384,70,0,4314,4324,221091,38,3,0,35,60
2020-08-15,US,South Carolina,Calhoun,392,14,0,33.66926881,-80.77722168,45017.0,2693.602693602693,3.571428571428572,378,385,14,0,371,384,14520,7,0,0,7,1
2020-08-15,US,South Carolina,Charleston,12821,213,0,32.82487866,-79.96512315,45019.0,3116.3862461898952,1.6613368691989705,12608,12726,210,0,12516,12631,405905,95,3,0,92,95
2020-08-15,US,South Carolina,Cherokee,717,31,0,35.05122251,-81.61828622,45021.0,1251.3089005235602,4.3235704323570445,686,710,31,0,679,692,57078,7,0,0,7,18
2020-08-15,US,South Carolina,Chester,736,14,0,34.69249168,-81.1583216,45023.0,2282.5952115122195,1.9021739130434785,722,730,14,0,716,716,32251,6,0,0,6,14
2020-08-15,US,South Carolina,Chesterfield,817,22,0,34.64137396,-80.15640140000002,45025.0,1789.7042716319825,2.692778457772338,795,806,22,0,784,803,45754,11,0,0,11,3
2020-08-15,US,South Carolina,Clarendon,898,57,0,33.66610974,-80.21647898,45027.0,2661.134982960439,6.3474387527839635,841,883,56,0,827,874,33700,15,1,0,14,9
2020-08-15,US,South Carolina,Colleton,847,36,0,32.87582989,-80.67641292,45029.0,2248.0558430872948,4.250295159386068,811,840,34,0,806,837,37660,7,2,0,5,3
2020-08-15,US,South Carolina,Darlington,1425,38,0,34.33358335,-79.96027485,45031.0,2139.0615149058813,2.6666666666666665,1387,1386,37,0,1349,1362,66802,39,1,0,38,24
2020-08-15,US,South Carolina,Dillon,671,25,0,34.39007791,-79.37741872,45033.0,2201.515797762394,3.725782414307005,646,663,25,0,638,661,30599,8,0,0,8,2
2020-08-15,US,South Carolina,Dorchester,3242,58,0,33.0794369,-80.40502652,45035.0,1991.2904077784399,1.7890191239975324,3184,3203,53,0,3150,3176,160647,39,5,0,34,27
2020-08-15,US,South Carolina,Edgefield,359,7,0,33.77221995,-81.96231108,45037.0,1316.9479090242112,1.9498607242339836,352,353,7,0,346,349,27052,6,0,0,6,4
2020-08-15,US,South Carolina,Fairfield,583,24,0,34.39287073,-81.1195624,45039.0,2608.851299950777,4.1166380789022305,559,578,24,0,554,578,22402,5,0,0,5,0
2020-08-15,US,South Carolina,Florence,3721,128,0,34.02361754,-79.70189312,45041.0,2690.6640249325706,3.4399355012093524,3593,3659,124,0,3535,3614,138159,62,4,0,58,45
2020-08-15,US,South Carolina,Georgetown,1521,25,0,33.43443342,-79.33202141,45043.0,2426.6113592852585,1.643655489809336,1496,1504,25,0,1479,1498,62249,17,0,0,17,6
2020-08-15,US,South Carolina,Greenville,11238,227,0,34.89502264,-82.37295012,45045.0,2146.5326564057896,2.01993237230824,11011,11186,222,0,10964,11109,514213,52,5,0,47,77
2020-08-15,US,South Carolina,Greenwood,1541,20,0,34.15272415,-82.12715789,45047.0,2176.2155597294204,1.2978585334198571,1521,1533,20,0,1513,1489,70741,8,0,0,8,44
2020-08-15,US,South Carolina,Hampton,468,13,0,32.77419582,-81.13845571,45049.0,2434.710227863906,2.7777777777777777,455,464,13,0,451,457,19351,4,0,0,4,7
2020-08-15,US,South Carolina,Horry,8839,169,0,33.9212828,-78.99555293,45051.0,2496.321463168032,1.911980993325037,8670,8792,168,0,8624,8743,344147,47,1,0,46,49
2020-08-15,US,South Carolina,Jasper,625,19,0,32.43171982,-81.02487495,45053.0,2078.2761945931566,3.04,606,615,18,0,597,611,28971,10,1,0,9,4
2020-08-15,US,South Carolina,Kershaw,1450,27,0,34.33988254,-80.58763164,45055.0,2178.7801836185777,1.862068965517241,1423,1437,27,0,1410,1425,65592,13,0,0,13,12
2020-08-15,US,South Carolina,Lancaster,1353,27,0,34.68270843,-80.70513032,45057.0,1380.4432110353837,1.9955654101995568,1326,1322,27,0,1295,1297,95380,31,0,0,31,25
2020-08-15,US,South Carolina,Laurens,1373,49,0,34.48244419,-82.00490796,45059.0,2034.2850369667965,3.5688273852876917,1324,1369,48,0,1321,1354,66994,4,1,0,3,15
2020-08-15,US,South Carolina,Lee,581,30,0,34.16393091,-80.25690731,45061.0,3452.579034941764,5.163511187607574,551,572,30,0,542,564,17142,9,0,0,9,8
2020-08-15,US,South Carolina,Lexington,5179,120,0,33.89665987,-81.27146426,45063.0,1733.5564853556484,2.317049623479436,5059,5132,118,0,5014,5078,295032,47,2,0,45,54
2020-08-15,US,South Carolina,Marion,579,14,0,34.07859748,-79.36400756,45067.0,1888.6388100596928,2.4179620034542317,565,577,14,0,563,573,31039,2,0,0,2,4
2020-08-15,US,South Carolina,Marlboro,542,4,0,34.59905577,-79.67561152,45069.0,2075.197182020063,0.7380073800738007,538,536,4,0,532,529,26398,6,0,0,6,7
2020-08-15,US,South Carolina,McCormick,140,2,0,33.90161443,-82.30794338,45065.0,1479.4462643981824,1.4285714285714286,138,131,2,0,129,131,9410,9,0,0,9,0
2020-08-15,US,South Carolina,Newberry,890,12,0,34.28629098,-81.59935761,45071.0,2315.2965660770033,1.348314606741573,878,887,11,0,876,881,38520,3,1,0,2,6
2020-08-15,US,South Carolina,Oconee,872,13,0,34.75225169,-83.06742317,45073.0,1096.2210544841978,1.4908256880733946,859,864,12,0,852,854,78374,8,1,0,7,10
2020-08-15,US,South Carolina,Orangeburg,2550,76,0,33.4391073,-80.79886287,45075.0,2959.094865100087,2.980392156862745,2474,2514,72,0,2442,2494,86934,36,4,0,32,20
2020-08-15,US,South Carolina,Pickens,1923,29,0,34.88807695,-82.72791551,45077.0,1515.5575171022351,1.5080603224128966,1894,1908,27,0,1881,1897,124937,15,2,0,13,11
2020-08-15,US,South Carolina,Richland,9315,165,0,34.01791263,-80.90267209,45079.0,2240.4806630764456,1.7713365539452497,9150,9224,163,0,9061,9142,414576,91,2,0,89,82
2020-08-15,US,South Carolina,Saluda,482,10,0,34.00795823,-81.72713237,45081.0,2354.3203243296052,2.074688796680498,472,473,9,0,464,469,20544,9,1,0,8,4
2020-08-15,US,South Carolina,Spartanburg,4360,114,0,34.92960077,-81.99225984,45083.0,1363.4160451553387,2.614678899082569,4246,4335,111,0,4224,4299,313888,25,3,0,22,36
2020-08-15,US,South Carolina,Sumter,2629,56,0,33.91826534,-80.37942316,45085.0,2463.4326889740537,2.130087485736021,2573,2589,53,0,2536,2604,106512,40,3,0,37,-15
2020-08-15,US,South Carolina,Union,399,4,0,34.68835752,-81.61730349,45087.0,1460.682383950798,1.0025062656641603,395,386,4,0,382,383,27410,13,0,0,13,3
2020-08-15,US,South Carolina,Williamsburg,1070,31,0,33.62190129,-79.72767442,45089.0,3523.445732349842,2.8971962616822435,1039,1052,31,0,1021,1042,30606,18,0,0,18,10
2020-08-15,US,South Carolina,York,3752,32,0,34.97281497,-81.18085944,45091.0,1335.3311101541397,0.8528784648187633,3720,3728,30,0,3698,3705,274118,24,2,0,22,23
2020-08-15,US,South Dakota,Aurora,40,0,0,43.71757685,-98.56050467,46003.0,1454.0167211922933,0.0,40,39,0,0,39,38,2801,1,0,0,1,1
2020-08-15,US,South Dakota,Beadle,598,9,0,44.41464384,-98.27858469,46005.0,3240.665474448599,1.5050167224080269,589,596,9,0,587,596,18883,2,0,0,2,0
2020-08-15,US,South Dakota,Bennett,6,0,0,43.19486375,-101.6665572,46007.0,178.30609212481426,0.0,6,6,0,0,6,6,3468,0,0,0,0,0
2020-08-15,US,South Dakota,Bon Homme,17,0,0,42.98914167,-97.88592746,46009.0,246.34110998406032,0.0,17,15,0,0,15,14,6980,2,0,0,2,1
2020-08-15,US,South Dakota,Brookings,151,1,0,44.36974375,-96.79079945,46011.0,430.48151210194715,0.6622516556291391,150,145,1,0,144,143,35232,6,0,0,6,2
2020-08-15,US,South Dakota,Brown,466,3,0,45.58994323,-98.35165355,46013.0,1199.8249182522725,0.6437768240343348,463,463,3,0,460,456,39316,3,0,0,3,7
2020-08-15,US,South Dakota,Brule,47,0,0,43.71756379,-99.08118954,46015.0,887.2946951104399,0.0,47,46,0,0,46,46,5229,1,0,0,1,0
2020-08-15,US,South Dakota,Buffalo,109,3,0,44.07657829,-99.20814467,46017.0,5555.555555555556,2.7522935779816518,106,109,3,0,106,109,2036,0,0,0,0,0
2020-08-15,US,South Dakota,Butte,19,1,0,44.90608745,-103.5079318,46019.0,182.18429379614537,5.2631578947368425,18,18,1,0,17,18,10222,1,0,0,1,0
2020-08-15,US,South Dakota,Campbell,3,0,0,45.77074915,-100.0510181,46021.0,218.02325581395348,0.0,3,3,0,0,3,3,1377,0,0,0,0,0
2020-08-15,US,South Dakota,Charles Mix,112,0,0,43.20660134,-98.58856175,46023.0,1205.3379250968574,0.0,112,109,0,0,109,103,9338,3,0,0,3,6
2020-08-15,US,South Dakota,Clark,17,0,0,44.85834507,-97.72925109,46025.0,455.0321199143468,0.0,17,17,0,0,17,17,3739,0,0,0,0,0
2020-08-15,US,South Dakota,Clay,137,0,0,42.91296147,-96.97656917,46027.0,973.7029140014216,0.0,137,136,0,0,136,135,14041,1,0,0,1,1
2020-08-15,US,South Dakota,Codington,156,1,0,44.97788119,-97.18827677,46029.0,556.9638330536613,0.6410256410256411,155,151,1,0,150,147,28015,5,0,0,5,4
2020-08-15,US,South Dakota,Corson,46,0,0,45.70889983,-101.1970473,46031.0,1125.7953989231523,0.0,46,41,0,0,41,37,4165,5,0,0,5,4
2020-08-15,US,South Dakota,Custer,39,0,0,43.67741105,-103.45345209999999,46033.0,434.68568880963,0.0,39,37,0,0,37,36,8726,2,0,0,2,1
2020-08-15,US,South Dakota,Davison,100,1,0,43.67490933,-98.14458906,46035.0,505.6890012642225,1.0,99,99,1,0,98,99,19790,1,0,0,1,0
2020-08-15,US,South Dakota,Day,25,0,0,45.367281,-97.60737498,46037.0,460.9144542772862,0.0,25,24,0,0,24,24,5505,1,0,0,1,0
2020-08-15,US,South Dakota,Deuel,15,0,0,44.75994309,-96.66943645,46039.0,344.7483337163871,0.0,15,13,0,0,13,13,4337,2,0,0,2,0
2020-08-15,US,South Dakota,Dewey,57,0,0,45.15639647,-100.8709139,46041.0,967.4134419551932,0.0,57,57,0,0,57,49,5904,0,0,0,0,8
2020-08-15,US,South Dakota,Douglas,19,0,0,43.38520741,-98.36978007,46043.0,650.4621704895584,0.0,19,19,0,0,19,19,2935,0,0,0,0,0
2020-08-15,US,South Dakota,Edmunds,19,0,0,45.41846445,-99.21545423,46045.0,496.2131104727083,0.0,19,19,0,0,19,18,3875,0,0,0,0,1
2020-08-15,US,South Dakota,Fall River,23,0,0,43.23929297,-103.5275691,46047.0,342.6187993445553,0.0,23,22,0,0,22,22,6758,1,0,0,1,0
2020-08-15,US,South Dakota,Faulk,29,1,0,45.07082625,-99.14535601,46049.0,1261.418007829491,3.4482758620689653,28,29,1,0,28,29,2330,0,0,0,0,0
2020-08-15,US,South Dakota,Grant,32,0,0,45.1723937,-96.77002276,46051.0,453.77197958026085,0.0,32,31,0,0,31,28,7147,1,0,0,1,3
2020-08-15,US,South Dakota,Gregory,7,0,0,43.19419064,-99.18883902,46053.0,167.26403823178018,0.0,7,7,0,0,7,7,4212,0,0,0,0,0
2020-08-15,US,South Dakota,Haakon,2,0,0,44.29299053,-101.539099,46055.0,105.318588730911,0.0,2,2,0,0,2,2,1918,0,0,0,0,0
2020-08-15,US,South Dakota,Hamlin,27,0,0,44.67385954,-97.18829593,46057.0,438.0272550292018,0.0,27,27,0,0,27,25,6111,0,0,0,0,2
2020-08-15,US,South Dakota,Hand,10,0,0,44.54708407,-99.00386459,46059.0,313.3813851457224,0.0,10,10,0,0,10,10,3262,0,0,0,0,0
2020-08-15,US,South Dakota,Hanson,22,0,0,43.6746384,-97.78715148,46061.0,637.1271358239213,0.0,22,22,0,0,22,22,3376,0,0,0,0,0
2020-08-15,US,South Dakota,Harding,2,0,0,45.58015551,-103.4958629,46063.0,154.08320493066256,0.0,2,2,0,0,2,2,1249,0,0,0,0,0
2020-08-15,US,South Dakota,Hughes,97,3,0,44.39091534,-99.99661148,46065.0,553.4634257674312,3.0927835051546397,94,97,3,0,94,93,17650,0,0,0,0,4
2020-08-15,US,South Dakota,Hutchinson,31,0,0,43.33449012,-97.75536441,46067.0,425.1817309011108,0.0,31,29,0,0,29,29,7380,2,0,0,2,0
2020-08-15,US,South Dakota,Hyde,4,0,0,44.54747703,-99.48572582,46069.0,307.455803228286,0.0,4,4,0,0,4,4,1282,0,0,0,0,0
2020-08-15,US,South Dakota,Jackson,11,1,0,43.69318385,-101.6255063,46071.0,328.9473684210526,9.090909090909092,10,11,1,0,10,11,3307,0,0,0,0,0
2020-08-15,US,South Dakota,Jerauld,39,1,0,44.06637798,-98.62965972,46073.0,1937.4068554396426,2.5641025641025643,38,39,1,0,38,39,2043,0,0,0,0,0
2020-08-15,US,South Dakota,Jones,2,0,0,43.96278565,-100.6940008,46075.0,221.48394241417492,0.0,2,2,0,0,2,2,928,0,0,0,0,0
2020-08-15,US,South Dakota,Kingsbury,14,0,0,44.36956169,-97.4913945,46077.0,283.4581899169873,0.0,14,14,0,0,14,14,4919,0,0,0,0,0
2020-08-15,US,South Dakota,Lake,100,3,0,44.02193107,-97.12926365,46079.0,781.4331483941548,3.0,97,100,3,0,97,100,13057,0,0,0,0,0
2020-08-15,US,South Dakota,Lawrence,69,1,0,44.35919441,-103.79294279999999,46081.0,266.98653459216837,1.4492753623188406,68,63,0,0,63,62,25741,6,1,0,5,1
2020-08-15,US,South Dakota,Lincoln,694,2,0,43.27841182,-96.72039050000001,46083.0,1135.3226017536972,0.2881844380403458,692,687,2,0,685,672,58807,7,0,0,7,15
2020-08-15,US,South Dakota,Lyman,91,3,0,43.89522709,-99.85201878,46085.0,2406.770695583179,3.2967032967032965,88,91,3,0,88,91,3821,0,0,0,0,0
2020-08-15,US,South Dakota,Marshall,12,0,0,45.75870838,-97.59855639,46091.0,243.161094224924,0.0,12,12,0,0,12,12,5112,0,0,0,0,0
2020-08-15,US,South Dakota,McCook,33,1,0,43.6742571,-97.36863144,46087.0,590.7626208378088,3.0303030303030303,32,32,1,0,31,30,5546,1,0,0,1,2
2020-08-15,US,South Dakota,McPherson,8,0,0,45.76626028,-99.22118798,46089.0,336.27574611181166,0.0,8,8,0,0,8,8,2407,0,0,0,0,0
2020-08-15,US,South Dakota,Meade,97,1,0,44.56676791,-102.71627409999999,46093.0,342.3690526613017,1.0309278350515465,96,97,1,0,96,98,28294,0,0,0,0,-1
2020-08-15,US,South Dakota,Mellette,24,0,0,43.58078848,-100.7563186,46095.0,1164.4832605531294,0.0,24,24,0,0,24,24,2042,0,0,0,0,0
2020-08-15,US,South Dakota,Miner,15,0,0,44.02197882,-97.60992207,46097.0,676.8953068592058,0.0,15,15,0,0,15,15,2213,0,0,0,0,0
2020-08-15,US,South Dakota,Minnehaha,4584,68,0,43.67441641,-96.7910885,46099.0,2373.4816241573208,1.4834205933682374,4516,4561,68,0,4493,4521,192876,23,0,0,23,40
2020-08-15,US,South Dakota,Moody,33,0,0,44.02266214,-96.67081159,46101.0,501.8248175182482,0.0,33,33,0,0,33,32,6579,0,0,0,0,1
2020-08-15,US,South Dakota,Oglala Lakota,158,2,0,43.33749164,-102.55554980000001,46102.0,1114.4812019468152,1.2658227848101269,156,157,2,0,155,157,14309,1,0,0,1,0
2020-08-15,US,South Dakota,Pennington,930,33,0,44.0025835,-102.8240777,46103.0,817.4027686222809,3.548387096774193,897,924,33,0,891,915,111729,6,0,0,6,9
2020-08-15,US,South Dakota,Perkins,6,0,0,45.49049506,-102.47555859999999,46105.0,209.42408376963348,0.0,6,6,0,0,6,6,2922,0,0,0,0,0
2020-08-15,US,South Dakota,Potter,2,0,0,45.06583079,-99.95498503,46107.0,92.89363678588016,0.0,2,2,0,0,2,2,2207,0,0,0,0,0
2020-08-15,US,South Dakota,Roberts,83,1,0,45.62975048,-96.94672673,46109.0,798.5376178564557,1.2048192771084338,82,83,1,0,82,80,10447,0,0,0,0,3
2020-08-15,US,South Dakota,Sanborn,13,0,0,44.02351092,-98.09098159999999,46111.0,554.6075085324234,0.0,13,13,0,0,13,13,2429,0,0,0,0,0
2020-08-15,US,South Dakota,Spink,26,0,0,44.93837606,-98.34626602,46115.0,407.7791718946048,0.0,26,26,0,0,26,26,6495,0,0,0,0,0
2020-08-15,US,South Dakota,Stanley,15,0,0,44.41381872,-100.7349153,46117.0,484.1833440929632,0.0,15,15,0,0,15,14,3022,0,0,0,0,1
2020-08-15,US,South Dakota,Sully,4,0,0,44.71571812,-100.1278092,46119.0,287.56290438533426,0.0,4,4,0,0,4,3,1392,0,0,0,0,1
2020-08-15,US,South Dakota,Todd,75,5,0,43.19338568,-100.71955030000001,46121.0,736.9558809079297,6.666666666666668,70,75,5,0,70,74,10283,0,0,0,0,1
2020-08-15,US,South Dakota,Tripp,20,0,0,43.34459388,-99.8854891,46123.0,367.5794890645102,0.0,20,20,0,0,20,20,5478,0,0,0,0,0
2020-08-15,US,South Dakota,Turner,59,0,0,43.3109081,-97.14865776,46125.0,703.7213740458017,0.0,59,56,0,0,56,56,8424,3,0,0,3,0
2020-08-15,US,South Dakota,Union,223,4,0,42.83112163,-96.6557828,46127.0,1399.6987195581219,1.7937219730941705,219,221,4,0,217,220,15619,2,0,0,2,1
2020-08-15,US,South Dakota,Walworth,18,0,0,45.43019636,-100.03075140000001,46129.0,331.1867525298988,0.0,18,18,0,0,18,18,5587,0,0,0,0,0
2020-08-15,US,South Dakota,Yankton,141,3,0,43.00924485,-97.39467635,46135.0,618.0415534321031,2.127659574468085,138,136,2,0,134,128,22869,5,1,0,4,8
2020-08-15,US,South Dakota,Ziebach,35,0,0,44.97881876,-101.6654622,46137.0,1269.956458635704,0.0,35,35,0,0,35,35,2742,0,0,0,0,0
2020-08-15,US,Tennessee,Anderson,754,6,0,36.12684348,-84.19965764,47001.0,979.5006365455065,0.7957559681697612,748,743,7,0,736,722,76482,11,-1,0,12,21
2020-08-15,US,Tennessee,Bedford,964,12,0,35.51123746,-86.45549096,47003.0,1939.130609699676,1.2448132780082988,952,962,11,0,951,955,49038,2,1,0,1,7
2020-08-15,US,Tennessee,Benton,180,2,0,36.07110411,-88.06849355,47005.0,1113.861386138614,1.1111111111111112,178,179,1,0,178,173,16184,1,1,0,0,6
2020-08-15,US,Tennessee,Bledsoe,746,2,0,35.59942968,-85.20611967,47007.0,4952.203929899098,0.2680965147453083,744,734,2,0,732,727,14755,12,0,0,12,7
2020-08-15,US,Tennessee,Blount,1465,15,0,35.68938198,-83.92847788,47009.0,1100.775426785285,1.023890784982935,1450,1414,15,0,1399,1373,131349,51,0,0,51,41
2020-08-15,US,Tennessee,Bradley,2126,16,0,35.15739424,-84.857186,47011.0,1966.5155859772449,0.7525870178739417,2110,2102,15,0,2087,2066,106727,24,1,0,23,36
2020-08-15,US,Tennessee,Campbell,267,1,0,36.40355516,-84.15108559999999,47013.0,670.1470809698309,0.3745318352059925,266,264,1,0,263,261,39583,3,0,0,3,3
2020-08-15,US,Tennessee,Cannon,163,0,0,35.80990797,-86.05738983,47015.0,1110.505518463006,0.0,163,160,0,0,160,159,14462,3,0,0,3,1
2020-08-15,US,Tennessee,Carroll,384,6,0,35.97366108,-88.45189331,47017.0,1382.9365793928046,1.5625,378,379,6,0,373,352,28020,5,0,0,5,27
2020-08-15,US,Tennessee,Carter,608,6,0,36.28969086,-82.12588974,47019.0,1078.1862353921724,0.986842105263158,602,602,6,0,596,593,56351,6,0,0,6,9
2020-08-15,US,Tennessee,Cheatham,631,9,0,36.26136216,-87.08903581,47021.0,1551.6266260112625,1.4263074484944531,622,624,9,0,615,622,40439,7,0,0,7,2
2020-08-15,US,Tennessee,Chester,268,2,0,35.42527478,-88.6095842,47023.0,1549.4016303405215,0.746268656716418,266,251,2,0,249,240,17276,17,0,0,17,11
2020-08-15,US,Tennessee,Claiborne,305,0,0,36.48319149,-83.65947309,47025.0,954.3477580650208,0.0,305,301,0,0,301,296,31756,4,0,0,4,5
2020-08-15,US,Tennessee,Clay,87,0,0,36.55151008,-85.53930419,47027.0,1142.4819435325014,0.0,87,86,0,0,86,84,7717,1,0,0,1,2
2020-08-15,US,Tennessee,Cocke,535,5,0,35.9278914,-83.11828725,47029.0,1485.9460059993335,0.9345794392523364,530,525,5,0,520,514,35774,10,0,0,10,11
2020-08-15,US,Tennessee,Coffee,595,4,0,35.49090731,-86.07311784,47031.0,1052.7246992215146,0.6722689075630253,591,594,3,0,591,584,55700,1,1,0,0,10
2020-08-15,US,Tennessee,Crockett,297,7,0,35.81830662,-89.14916269,47033.0,2087.1398453970487,2.356902356902357,290,294,6,0,288,285,14328,3,1,0,2,9
2020-08-15,US,Tennessee,Cumberland,561,7,0,35.95271721,-84.99840585,47035.0,926.9662921348314,1.2477718360071302,554,530,7,0,523,502,59673,31,0,0,31,28
2020-08-15,US,Tennessee,Davidson,21677,220,0,36.17007426,-86.78646056,47037.0,3122.839065093122,1.014900585874429,21457,21528,221,0,21307,21280,692587,149,-1,0,150,248
2020-08-15,US,Tennessee,DeKalb,389,2,0,35.97616272,-85.83689361,47041.0,1898.487066861884,0.5141388174807198,387,384,2,0,382,379,20138,5,0,0,5,5
2020-08-15,US,Tennessee,Decatur,239,3,0,35.60048904,-88.11043779,47039.0,2049.2154677184258,1.2552301255230125,236,234,3,0,231,226,11706,5,0,0,5,8
2020-08-15,US,Tennessee,Dickson,766,4,0,36.14669837,-87.35891709,47043.0,1419.885815970935,0.5221932114882507,762,757,4,0,753,743,53446,9,0,0,9,14
2020-08-15,US,Tennessee,Dyer,728,9,0,36.05931946,-89.41542855,47045.0,1959.148523910762,1.2362637362637363,719,715,9,0,706,696,37320,13,0,0,13,19
2020-08-15,US,Tennessee,Fayette,749,8,0,35.19615831,-89.41399032,47047.0,1820.9223737631585,1.068090787716956,741,744,8,0,736,725,40507,5,0,0,5,19
2020-08-15,US,Tennessee,Fentress,119,0,0,36.38128818,-84.92870012,47049.0,642.4445284241214,0.0,119,106,0,0,106,104,18217,13,0,0,13,2
2020-08-15,US,Tennessee,Franklin,366,4,0,35.15634626,-86.09201039,47051.0,867.1341925701289,1.0928961748633879,362,363,4,0,359,359,41890,3,0,0,3,4
2020-08-15,US,Tennessee,Gibson,806,9,0,35.99438059,-88.93358327,47053.0,1640.445321881424,1.1166253101736974,797,787,9,0,778,765,49045,19,0,0,19,22
2020-08-15,US,Tennessee,Giles,407,13,0,35.20222469,-87.03992678,47055.0,1381.3467282106976,3.194103194103194,394,402,13,0,389,402,29503,5,0,0,5,0
2020-08-15,US,Tennessee,Grainger,218,1,0,36.27469206,-83.51254721,47057.0,934.819897084048,0.4587155963302753,217,217,1,0,216,212,23145,1,0,0,1,5
2020-08-15,US,Tennessee,Greene,563,9,0,36.17470125,-82.84691273,47059.0,815.1269020834237,1.5985790408525755,554,561,9,0,552,552,69087,2,0,0,2,9
2020-08-15,US,Tennessee,Grundy,128,2,0,35.38433717,-85.72142731,47061.0,953.3030461011392,1.5625,126,126,2,0,124,124,13346,2,0,0,2,2
2020-08-15,US,Tennessee,Hamblen,1487,15,0,36.21990035,-83.26586179,47063.0,2290.017556287923,1.0087424344317415,1472,1476,15,0,1461,1456,64569,11,0,0,11,20
2020-08-15,US,Tennessee,Hamilton,6644,58,0,35.17670231,-85.16652245,47065.0,1806.396885297604,0.8729680915111379,6586,6605,58,0,6547,6547,364286,39,0,0,39,58
2020-08-15,US,Tennessee,Hancock,84,2,0,36.52692871,-83.22375847,47067.0,1268.882175226586,2.380952380952381,82,84,2,0,82,83,6549,0,0,0,0,1
2020-08-15,US,Tennessee,Hardeman,1033,18,0,35.20772017,-88.99161161,47069.0,4123.75249500998,1.7424975798644724,1015,1027,18,0,1009,975,25220,6,0,0,6,52
2020-08-15,US,Tennessee,Hardin,505,8,0,35.19732531,-88.18593755,47071.0,1968.65741462654,1.5841584158415842,497,499,8,0,491,493,25776,6,0,0,6,6
2020-08-15,US,Tennessee,Hawkins,540,10,0,36.44355426,-82.94885298,47073.0,950.9386116296272,1.851851851851852,530,534,10,0,524,520,56530,6,0,0,6,14
2020-08-15,US,Tennessee,Haywood,594,7,0,35.58332824,-89.28536625,47075.0,3432.732316227462,1.1784511784511784,587,581,7,0,574,547,17335,13,0,0,13,34
2020-08-15,US,Tennessee,Henderson,678,3,0,35.65581134,-88.38600175,47077.0,2411.352562506669,0.4424778761061947,675,661,2,0,659,636,27847,17,1,0,16,25
2020-08-15,US,Tennessee,Henry,324,1,0,36.33160906,-88.30121797,47079.0,1001.700417375174,0.308641975308642,323,316,1,0,315,307,32358,8,0,0,8,9
2020-08-15,US,Tennessee,Hickman,297,1,0,35.80609681,-87.47643507,47081.0,1179.6012391770594,0.3367003367003367,296,292,1,0,291,290,25063,5,0,0,5,2
2020-08-15,US,Tennessee,Houston,65,0,0,36.28872054,-87.71878828,47083.0,792.5862699670772,0.0,65,63,0,0,63,63,8263,2,0,0,2,0
2020-08-15,US,Tennessee,Humphreys,139,3,0,36.03958805,-87.77992872,47085.0,748.035733505543,2.1582733812949644,136,135,3,0,132,131,18486,4,0,0,4,4
2020-08-15,US,Tennessee,Jackson,144,1,0,36.36380466,-85.67239905,47087.0,1221.7885627015105,0.6944444444444444,143,145,1,0,144,137,11758,-1,0,0,-1,8
2020-08-15,US,Tennessee,Jefferson,647,4,0,36.04818632,-83.45148924,47089.0,1187.264886686852,0.6182380216383307,643,639,4,0,635,616,54012,8,0,0,8,23
2020-08-15,US,Tennessee,Johnson,321,0,0,36.45523950000001,-81.84886538,47091.0,1804.5873622666968,0.0,321,319,0,0,319,318,17778,2,0,0,2,1
2020-08-15,US,Tennessee,Knox,5123,42,0,35.99508821,-83.94635435,47093.0,1089.2745894755194,0.8198321296115557,5081,5051,41,0,5010,4946,465289,72,1,0,71,105
2020-08-15,US,Tennessee,Lake,799,1,0,36.34180170000001,-89.48921915,47095.0,11388.25541619156,0.1251564455569462,798,800,0,0,800,798,7411,-1,1,0,-2,2
2020-08-15,US,Tennessee,Lauderdale,564,9,0,35.75893438,-89.63015909999999,47097.0,2200.288690360083,1.5957446808510638,555,552,9,0,543,535,25825,12,0,0,12,17
2020-08-15,US,Tennessee,Lawrence,623,7,0,35.21675201,-87.39787695,47099.0,1411.3542657786234,1.1235955056179776,616,619,7,0,612,613,43734,4,0,0,4,6
2020-08-15,US,Tennessee,Lewis,84,1,0,35.52853208,-87.49022694,47101.0,684.7081838930551,1.1904761904761905,83,81,1,0,80,80,12086,3,0,0,3,1
2020-08-15,US,Tennessee,Lincoln,338,1,0,35.13738622,-86.58910106,47103.0,983.5302333701917,0.2958579881656805,337,335,1,0,334,325,34117,3,0,0,3,10
2020-08-15,US,Tennessee,Loudon,799,3,0,35.73939663,-84.31145275,47105.0,1477.7687356661982,0.37546933667083854,796,788,3,0,785,779,53054,11,0,0,11,9
2020-08-15,US,Tennessee,Macon,866,13,0,36.53157855,-86.00778595,47111.0,3520.0390212177867,1.5011547344110854,853,874,13,0,861,873,24265,-8,0,0,-8,1
2020-08-15,US,Tennessee,Madison,1302,25,0,35.61181957,-88.84076036,47113.0,1328.7883736120182,1.9201228878648235,1277,1282,23,0,1259,1244,97605,20,2,0,18,38
2020-08-15,US,Tennessee,Marion,243,5,0,35.12997174,-85.62265895,47115.0,840.6268377901546,2.05761316872428,238,240,5,0,235,239,28575,3,0,0,3,1
2020-08-15,US,Tennessee,Marshall,340,4,0,35.45798777,-86.76420988,47117.0,989.0909090909092,1.1764705882352942,336,336,4,0,332,325,33683,4,0,0,4,11
2020-08-15,US,Tennessee,Maury,1382,9,0,35.618741299999996,-87.07462444,47119.0,1433.8033137248801,0.6512301013024602,1373,1367,9,0,1358,1329,94340,15,0,0,15,38
2020-08-15,US,Tennessee,McMinn,596,20,0,35.42812616,-84.61520715,47107.0,1107.9302524445106,3.355704697986577,576,591,20,0,571,583,53285,5,0,0,5,8
2020-08-15,US,Tennessee,McNairy,415,6,0,35.17468549,-88.5647812,47109.0,1615.163073090994,1.4457831325301205,409,410,6,0,404,400,25832,5,0,0,5,10
2020-08-15,US,Tennessee,Meigs,115,0,0,35.51558739,-84.81482914,47121.0,925.7768475285783,0.0,115,115,0,0,115,113,12306,0,0,0,0,2
2020-08-15,US,Tennessee,Monroe,497,10,0,35.44550387,-84.24902965,47123.0,1067.7838650768074,2.0120724346076457,487,479,10,0,469,469,46357,18,0,0,18,10
2020-08-15,US,Tennessee,Montgomery,2118,16,0,36.49609412,-87.38550661,47125.0,1013.4310718540813,0.7554296506137866,2102,2085,15,0,2070,2041,205950,33,1,0,32,44
2020-08-15,US,Tennessee,Moore,72,0,0,35.27724699,-86.36230578,47127.0,1109.7410604192357,0.0,72,74,0,0,74,68,6411,-2,0,0,-2,6
2020-08-15,US,Tennessee,Morgan,140,1,0,36.13248031,-84.64880098,47129.0,654.1139092650562,0.7142857142857143,139,135,1,0,134,133,21579,5,0,0,5,2
2020-08-15,US,Tennessee,Obion,653,4,0,36.35732446,-89.14921589,47131.0,2171.671821477269,0.6125574272588055,649,639,4,0,635,619,30267,14,0,0,14,20
2020-08-15,US,Tennessee,Out of TN,2988,20,0,0.0,0.0,80047.0,0.0,0.6693440428380187,2968,2993,20,0,2973,3024,,-5,0,0,-5,-31
2020-08-15,US,Tennessee,Overton,270,1,0,36.34117832,-85.28989535,47133.0,1213.9741918079226,0.3703703703703704,269,250,1,0,249,235,22068,20,0,0,20,15
2020-08-15,US,Tennessee,Perry,87,0,0,35.63708728,-87.86139634,47135.0,1077.2659732540862,0.0,87,86,0,0,86,84,8064,1,0,0,1,2
2020-08-15,US,Tennessee,Pickett,40,1,0,36.55606529,-85.07763299999998,47137.0,792.3930269413629,2.5,39,40,1,0,39,40,5082,0,0,0,0,0
2020-08-15,US,Tennessee,Polk,244,8,0,35.12245443,-84.52075859,47139.0,1449.6197718631179,3.278688524590164,236,237,5,0,232,224,16898,7,3,0,4,13
2020-08-15,US,Tennessee,Putnam,1936,20,0,36.14005459,-85.50646123,47141.0,2412.611377655929,1.033057851239669,1916,1932,20,0,1912,1878,78843,4,0,0,4,54
2020-08-15,US,Tennessee,Rhea,576,2,0,35.60536161,-84.93076643,47143.0,1736.6659631561492,0.3472222222222222,574,574,2,0,572,566,33044,2,0,0,2,8
2020-08-15,US,Tennessee,Roane,524,2,0,35.84923189,-84.52458689,47145.0,981.6042860889438,0.3816793893129771,522,516,2,0,514,510,53140,8,0,0,8,6
2020-08-15,US,Tennessee,Robertson,1630,21,0,36.52454807,-86.87346725,47147.0,2269.784022391489,1.2883435582822085,1609,1616,21,0,1595,1596,71012,14,0,0,14,20
2020-08-15,US,Tennessee,Rutherford,6999,59,0,35.84591405,-86.4107263,47149.0,2106.3243902072018,0.8429775682240319,6940,6938,57,0,6881,6834,324890,61,2,0,59,104
2020-08-15,US,Tennessee,Scott,137,2,0,36.42325673,-84.50360494,47151.0,620.8084103679537,1.45985401459854,135,134,2,0,132,130,22039,3,0,0,3,4
2020-08-15,US,Tennessee,Sequatchie,118,1,0,35.36979721,-85.41022136,47153.0,785.3054705177693,0.8474576271186439,117,117,1,0,116,115,14876,1,0,0,1,2
2020-08-15,US,Tennessee,Sevier,2021,9,0,35.78077323,-83.52244332,47155.0,2056.997455470738,0.4453240969816922,2012,1989,9,0,1980,1947,97892,32,0,0,32,42
2020-08-15,US,Tennessee,Shelby,24440,323,0,35.1864775,-89.89692423,47157.0,2607.8624277876065,1.3216039279869067,24117,24251,321,0,23930,23943,935764,189,2,0,187,308
2020-08-15,US,Tennessee,Smith,480,4,0,36.25359775,-85.95411046,47159.0,2381.306742074713,0.8333333333333334,476,476,4,0,472,467,19942,4,0,0,4,9
2020-08-15,US,Tennessee,Stewart,82,0,0,36.50235092,-87.83920548,47161.0,597.8855267954792,0.0,82,81,0,0,81,79,13561,1,0,0,1,2
2020-08-15,US,Tennessee,Sullivan,1171,16,0,36.51240691,-82.30412917,47163.0,739.5104453482204,1.3663535439795047,1155,1136,16,0,1120,1106,157668,35,0,0,35,30
2020-08-15,US,Tennessee,Sumner,3622,75,0,36.46824103,-86.45917204,47165.0,1893.529482494524,2.0706791827719493,3547,3581,74,0,3507,3538,187149,41,1,0,40,43
2020-08-15,US,Tennessee,Tipton,1253,12,0,35.501942,-89.73694895,47167.0,2034.123930583289,0.9577015163607342,1241,1247,12,0,1235,1233,61581,6,0,0,6,14
2020-08-15,US,Tennessee,Trousdale,1584,6,0,36.39026213,-86.16087954,47169.0,14037.575327897908,0.3787878787878788,1578,1583,6,0,1577,1583,11012,1,0,0,1,0
2020-08-15,US,Tennessee,Unassigned,3066,3,0,0.0,0.0,90047.0,0.0,0.09784735812133072,3063,3122,3,0,3119,3151,,-56,0,0,-56,-29
2020-08-15,US,Tennessee,Unicoi,179,0,0,36.10890856,-82.43709629,47171.0,1000.950623497176,0.0,179,180,0,0,180,180,17761,-1,0,0,-1,0
2020-08-15,US,Tennessee,Union,177,0,0,36.28590426,-83.83651902,47173.0,886.2407370318448,0.0,177,170,0,0,170,166,19688,7,0,0,7,4
2020-08-15,US,Tennessee,Van Buren,44,0,0,35.69864497,-85.45221699,47175.0,749.3188010899182,0.0,44,43,0,0,43,39,5765,1,0,0,1,4
2020-08-15,US,Tennessee,Warren,590,5,0,35.672829899999996,-85.77969117,47177.0,1429.367444339463,0.8474576271186439,585,587,4,0,583,567,40878,3,1,0,2,20
2020-08-15,US,Tennessee,Washington,1405,2,0,36.29472368,-82.49454720000001,47179.0,1085.9903381642512,0.1423487544483986,1403,1391,2,0,1389,1382,128607,14,0,0,14,9
2020-08-15,US,Tennessee,Wayne,233,2,0,35.23868267,-87.78644456,47181.0,1397.4689617945182,0.8583690987124464,231,232,2,0,230,231,16558,1,0,0,1,1
2020-08-15,US,Tennessee,Weakley,585,5,0,36.29896232,-88.71990865,47183.0,1755.2808449351894,0.8547008547008547,580,557,5,0,552,529,33415,28,0,0,28,28
2020-08-15,US,Tennessee,White,335,5,0,35.92929884,-85.45591799,47185.0,1225.0868531724263,1.492537313432836,330,327,5,0,322,315,27107,8,0,0,8,12
2020-08-15,US,Tennessee,Williamson,3812,26,0,35.89099229,-86.89281867,47187.0,1598.9128064023623,0.6820566631689402,3786,3741,25,0,3716,3702,231729,71,1,0,70,39
2020-08-15,US,Tennessee,Wilson,2457,23,0,36.15496772,-86.29775884,47189.0,1698.5005910533193,0.936100936100936,2434,2434,23,0,2411,2411,140625,23,0,0,23,23
2020-08-15,US,Texas,Anderson,2434,16,0,31.81534745,-95.65354823,48001.0,4215.813631246211,0.6573541495480689,2418,2435,15,0,2420,2437,58057,-1,1,0,-2,-2
2020-08-15,US,Texas,Andrews,338,7,0,32.30468633,-102.63765479999999,48003.0,1807.0034750066827,2.0710059171597632,331,338,7,0,331,316,18128,0,0,0,0,22
2020-08-15,US,Texas,Angelina,1906,54,0,31.25457347,-94.60901487,48005.0,2198.004958772992,2.833158447009444,1852,1898,49,0,1849,1869,87092,8,5,0,3,29
2020-08-15,US,Texas,Aransas,186,16,0,28.10556197,-96.9995047,48007.0,791.152700978307,8.602150537634408,170,186,16,0,170,183,23792,0,0,0,0,3
2020-08-15,US,Texas,Archer,33,0,0,33.61569967,-98.68754589,48009.0,385.8295334970186,0.0,33,31,0,0,31,29,8786,2,0,0,2,2
2020-08-15,US,Texas,Armstrong,8,0,0,34.96507426,-101.35748740000001,48011.0,423.9533651298357,0.0,8,8,0,0,8,8,1892,0,0,0,0,0
2020-08-15,US,Texas,Atascosa,517,19,0,28.89333001,-98.52730485,48013.0,1010.6934099661798,3.67504835589942,498,509,19,0,490,499,50310,8,0,0,8,10
2020-08-15,US,Texas,Austin,328,4,0,29.88548725,-96.27736949,48015.0,1092.1683537559936,1.2195121951219512,324,315,4,0,311,297,29989,13,0,0,13,18
2020-08-15,US,Texas,Bailey,187,4,0,34.06854817,-102.8299707,48017.0,2671.428571428572,2.1390374331550803,183,183,4,0,179,180,7027,4,0,0,4,3
2020-08-15,US,Texas,Bandera,100,3,0,29.74619598,-99.24598147,48019.0,432.6756663205262,3.0,97,98,3,0,95,95,22824,2,0,0,2,3
2020-08-15,US,Texas,Bastrop,1435,23,0,30.10370699,-97.31206354,48021.0,1617.3934605457434,1.6027874564459932,1412,1421,23,0,1398,1409,86976,14,0,0,14,12
2020-08-15,US,Texas,Baylor,13,0,0,33.61640794,-99.21352901,48023.0,370.4759190652608,0.0,13,13,0,0,13,13,3582,0,0,0,0,0
2020-08-15,US,Texas,Bee,1374,16,0,28.41761668,-97.74215593,48025.0,4219.253800092123,1.1644832605531297,1358,1344,15,0,1329,1303,32587,30,1,0,29,41
2020-08-15,US,Texas,Bell,4281,48,0,31.03736027,-97.4785025,48027.0,1179.5858085990455,1.1212333566923616,4233,4195,46,0,4149,4071,355642,86,2,0,84,124
2020-08-15,US,Texas,Bexar,43993,887,0,29.44928723,-98.52019748,48029.0,2195.7481555276267,2.016229854749619,43106,43823,865,0,42958,43673,1986049,170,22,0,148,150
2020-08-15,US,Texas,Blanco,115,5,0,30.26640707,-98.3999852,48031.0,963.8756181376248,4.3478260869565215,110,115,5,0,110,114,11702,0,0,0,0,1
2020-08-15,US,Texas,Bosque,179,2,0,31.89978581,-97.63613524,48035.0,957.9876906609579,1.11731843575419,177,179,2,0,177,178,18691,0,0,0,0,1
2020-08-15,US,Texas,Bowie,790,38,0,33.44626922,-94.41834132,48037.0,847.230414499437,4.810126582278482,752,774,38,0,736,774,94324,16,0,0,16,0
2020-08-15,US,Texas,Brazoria,8025,110,0,29.18757369,-95.44563172,48039.0,2144.208366286899,1.3707165109034267,7915,7917,105,0,7812,7789,370200,108,5,0,103,128
2020-08-15,US,Texas,Brazos,4173,51,0,30.663644800000004,-96.30205577,48041.0,1820.5932525053336,1.2221423436376708,4122,4158,51,0,4107,4147,226758,15,0,0,15,11
2020-08-15,US,Texas,Brewster,187,2,0,29.81008251,-103.25203259999999,48043.0,2031.9461045311316,1.0695187165775402,185,187,2,0,185,187,9267,0,0,0,0,0
2020-08-15,US,Texas,Briscoe,12,1,0,34.53026962,-101.2084947,48045.0,776.1966364812421,8.333333333333334,11,12,1,0,11,12,1516,0,0,0,0,0
2020-08-15,US,Texas,Brooks,145,5,0,27.03103197,-98.21808402,48047.0,2044.268997603271,3.4482758620689653,140,144,4,0,140,143,7114,1,1,0,0,1
2020-08-15,US,Texas,Brown,408,18,0,31.77430356,-98.99907113,48049.0,1077.5406718783013,4.411764705882354,390,502,17,0,485,403,37924,-94,1,0,-95,99
2020-08-15,US,Texas,Burleson,248,6,0,30.49273808,-96.62158484,48051.0,1344.6836198015508,2.419354838709677,242,248,6,0,242,248,18389,0,0,0,0,0
2020-08-15,US,Texas,Burnet,574,11,0,30.78801353,-98.181887,48053.0,1191.9842176305679,1.9163763066202089,563,572,10,0,562,577,47542,2,1,0,1,-5
2020-08-15,US,Texas,Caldwell,1175,29,0,29.83668859,-97.61814775,48055.0,2691.004030780505,2.4680851063829787,1146,1171,29,0,1142,1171,43247,4,0,0,4,0
2020-08-15,US,Texas,Calhoun,555,6,0,28.47048236,-96.61633945,48057.0,2606.857679661813,1.0810810810810811,549,552,6,0,546,551,21561,3,0,0,3,1
2020-08-15,US,Texas,Callahan,52,3,0,32.29760619,-99.37326312,48059.0,372.94699849386797,5.769230769230768,49,51,3,0,48,51,13994,1,0,0,1,0
2020-08-15,US,Texas,Cameron,17816,547,0,26.14524221,-97.48140372,48061.0,4210.197961542006,3.0702739110911534,17269,17618,528,0,17090,17316,423908,198,19,0,179,302
2020-08-15,US,Texas,Camp,248,6,0,32.97195142,-94.97790104,48063.0,1893.997250649152,2.419354838709677,242,248,6,0,242,247,13033,0,0,0,0,1
2020-08-15,US,Texas,Carson,17,0,0,35.40365929,-101.35426690000001,48065.0,286.87141410732363,0.0,17,17,0,0,17,17,6005,0,0,0,0,0
2020-08-15,US,Texas,Cass,199,9,0,33.07499881,-94.34646905,48067.0,662.7589422500499,4.522613065326633,190,197,9,0,188,193,30119,2,0,0,2,4
2020-08-15,US,Texas,Castro,209,4,0,34.53016752,-102.2617243,48069.0,2775.5644090305445,1.9138755980861244,205,205,4,0,201,206,7665,4,0,0,4,-1
2020-08-15,US,Texas,Chambers,1028,5,0,29.70972016,-94.67154501,48071.0,2345.050984328307,0.4863813229571984,1023,1018,5,0,1013,1008,42454,10,0,0,10,10
2020-08-15,US,Texas,Cherokee,1232,11,0,31.837258000000002,-95.16559897,48073.0,2340.1587964897612,0.8928571428571429,1221,1217,11,0,1206,1184,52592,15,0,0,15,33
2020-08-15,US,Texas,Childress,53,0,0,34.529304100000004,-100.2077916,48075.0,725.4311524774158,0.0,53,50,0,0,50,50,7291,3,0,0,3,0
2020-08-15,US,Texas,Clay,47,1,0,33.78686685,-98.20771198,48077.0,448.85875274567854,2.127659574468085,46,45,1,0,44,45,10456,2,0,0,2,0
2020-08-15,US,Texas,Cochran,33,0,0,33.60425307,-102.82844990000001,48079.0,1156.677181913775,0.0,33,32,0,0,32,32,2836,1,0,0,1,0
2020-08-15,US,Texas,Coke,42,2,0,31.88911733,-100.5297533,48081.0,1240.0354295837026,4.761904761904762,40,42,2,0,40,42,3370,0,0,0,0,0
2020-08-15,US,Texas,Coleman,33,0,0,31.76736834,-99.45240766,48083.0,403.6697247706422,0.0,33,33,0,0,33,29,8397,0,0,0,0,4
2020-08-15,US,Texas,Collin,10007,98,0,33.18820114,-96.57264368,48085.0,967.1121935190823,0.9793144798640953,9909,9612,98,0,9514,8445,1005146,395,0,0,395,1167
2020-08-15,US,Texas,Collingsworth,13,0,0,34.96489496,-100.27001109999999,48087.0,445.2054794520548,0.0,13,12,0,0,12,12,2962,1,0,0,1,0
2020-08-15,US,Texas,Colorado,359,2,0,29.622097999999998,-96.5273805,48089.0,1670.3112641325085,0.5571030640668524,357,354,2,0,352,345,21217,5,0,0,5,9
2020-08-15,US,Texas,Comal,2062,80,0,29.80811278,-98.27647225,48091.0,1320.0263749207793,3.879728419010669,1982,2008,80,0,1928,1993,148373,54,0,0,54,15
2020-08-15,US,Texas,Comanche,172,3,0,31.94854689,-98.55876441,48093.0,1261.4594792812613,1.7441860465116281,169,171,3,0,168,171,13534,1,0,0,1,0
2020-08-15,US,Texas,Concho,33,0,0,31.32635934,-99.86473038,48095.0,1210.564930300807,0.0,33,33,0,0,33,32,4276,0,0,0,0,1
2020-08-15,US,Texas,Cooke,265,3,0,33.63979567,-97.21240912,48097.0,642.3152434738348,1.1320754716981132,262,264,3,0,261,256,40574,1,0,0,1,8
2020-08-15,US,Texas,Coryell,716,6,0,31.39078397,-97.79936155,48099.0,942.7130650024358,0.8379888268156425,710,712,6,0,706,710,74808,4,0,0,4,2
2020-08-15,US,Texas,Cottle,18,2,0,34.07783319,-100.27850620000001,48101.0,1287.5536480686694,11.111111111111109,16,18,2,0,16,18,1389,0,0,0,0,0
2020-08-15,US,Texas,Crane,70,2,0,31.43052248,-102.5143314,48103.0,1459.245361684386,2.8571428571428568,68,70,2,0,68,70,4794,0,0,0,0,0
2020-08-15,US,Texas,Crockett,157,4,0,30.72367027,-101.4134238,48105.0,4532.332563510393,2.5477707006369426,153,157,4,0,153,157,3499,0,0,0,0,0
2020-08-15,US,Texas,Crosby,65,1,0,33.61431553,-101.30003640000001,48107.0,1132.9963395502875,1.5384615384615383,64,65,1,0,64,65,5779,0,0,0,0,0
2020-08-15,US,Texas,Culberson,21,2,0,31.44506775,-104.5185739,48109.0,967.2961768770152,9.523809523809524,19,21,2,0,19,21,2204,0,0,0,0,0
2020-08-15,US,Texas,Dallam,196,6,0,36.27787176,-102.60207249999999,48111.0,2689.7214217098945,3.0612244897959178,190,196,6,0,190,196,7200,0,0,0,0,0
2020-08-15,US,Texas,Dallas,58067,824,0,32.76670599,-96.77796049999999,48113.0,2203.2497620959234,1.4190504072881327,57243,57313,816,0,56497,56428,2637772,754,8,0,746,885
2020-08-15,US,Texas,Dawson,172,5,0,32.74255572,-101.94772420000001,48115.0,1351.3513513513512,2.9069767441860463,167,162,5,0,157,157,12619,10,0,0,10,5
2020-08-15,US,Texas,DeWitt,745,21,0,29.08101855,-97.35681170000001,48123.0,3695.436507936509,2.8187919463087248,724,728,21,0,707,727,20187,17,0,0,17,1
2020-08-15,US,Texas,Deaf Smith,726,18,0,34.96522957,-102.6054267,48117.0,3914.590747330961,2.479338842975207,708,723,18,0,705,702,18760,3,0,0,3,21
2020-08-15,US,Texas,Delta,17,0,0,33.38570922,-95.66921122,48119.0,318.88951416244606,0.0,17,17,0,0,17,17,5349,0,0,0,0,0
2020-08-15,US,Texas,Denton,8300,103,0,33.20521901,-97.11691153,48121.0,935.5201210089639,1.2409638554216869,8197,8214,100,0,8114,8077,859064,86,3,0,83,137
2020-08-15,US,Texas,Dickens,5,1,0,33.61616822,-100.7788855,48125.0,226.14201718679334,20.0,4,5,1,0,4,5,2249,0,0,0,0,0
2020-08-15,US,Texas,Dimmit,164,4,0,28.42270064,-99.75645095,48127.0,1619.913077834848,2.4390243902439024,160,163,4,0,159,161,10308,1,0,0,1,2
2020-08-15,US,Texas,Donley,49,0,0,34.96517499,-100.8140093,48129.0,1494.8139109212937,0.0,49,49,0,0,49,49,3319,0,0,0,0,0
2020-08-15,US,Texas,Duval,195,7,0,27.68184592,-98.50864568,48131.0,1747.781661737026,3.58974358974359,188,195,7,0,188,193,11212,0,0,0,0,2
2020-08-15,US,Texas,Eastland,92,1,0,32.32743996,-98.83243566,48133.0,501.0893246187363,1.0869565217391304,91,90,1,0,89,86,18322,2,0,0,2,4
2020-08-15,US,Texas,Ector,3771,59,0,31.86898877,-102.54294279999999,48135.0,2268.6391173303327,1.5645717316361707,3712,3771,59,0,3712,3716,162124,0,0,0,0,55
2020-08-15,US,Texas,Edwards,30,0,0,29.98202582,-100.304252,48137.0,1552.7950310559006,0.0,30,30,0,0,30,29,1928,0,0,0,0,1
2020-08-15,US,Texas,El Paso,18079,357,0,31.76980765,-106.23632749999999,48141.0,2154.216086497513,1.9746667404170584,17722,17632,354,0,17278,17378,840758,447,3,0,444,254
2020-08-15,US,Texas,Ellis,3255,50,0,32.34894117,-96.79371841,48139.0,1761.1158603226818,1.5360983102918586,3205,3238,48,0,3190,3244,179436,17,2,0,15,-6
2020-08-15,US,Texas,Erath,580,7,0,32.23602653,-98.21773417,48143.0,1358.3774415663495,1.206896551724138,573,574,7,0,567,577,42446,6,0,0,6,-3
2020-08-15,US,Texas,Falls,143,3,0,31.25350609,-96.93630086,48145.0,826.732959472741,2.097902097902098,140,142,3,0,139,142,17335,1,0,0,1,0
2020-08-15,US,Texas,Fannin,321,9,0,33.59564294,-96.10751083,48147.0,903.8688967731036,2.803738317757009,312,276,9,0,267,310,35286,45,0,0,45,-34
2020-08-15,US,Texas,Fayette,405,14,0,29.87788372,-96.92076062,48149.0,1597.8852678923695,3.45679012345679,391,405,14,0,391,403,25349,0,0,0,0,2
2020-08-15,US,Texas,Fisher,31,1,0,32.74281316,-100.40193020000001,48151.0,809.3994778067885,3.2258064516129035,30,30,1,0,29,30,3839,1,0,0,1,0
2020-08-15,US,Texas,Floyd,94,6,0,34.07227468,-101.3031546,48153.0,1645.6582633053222,6.382978723404255,88,92,6,0,86,91,5837,2,0,0,2,1
2020-08-15,US,Texas,Foard,3,0,0,33.97308618,-99.7767797,48155.0,259.7402597402597,0.0,3,2,0,0,2,2,1200,1,0,0,1,0
2020-08-15,US,Texas,Fort Bend,12228,192,0,29.52704478,-95.77219463,48157.0,1506.4901784922283,1.5701668302257117,12036,11369,189,0,11180,10823,787858,859,3,0,856,546
2020-08-15,US,Texas,Franklin,95,3,0,33.17653242,-95.21917243,48159.0,885.7808857808858,3.1578947368421053,92,92,2,0,90,92,10766,3,1,0,2,0
2020-08-15,US,Texas,Freestone,181,0,0,31.70422788,-96.15072516,48161.0,917.9895521631081,0.0,181,174,0,0,174,172,19808,7,0,0,7,2
2020-08-15,US,Texas,Frio,571,6,0,28.86751206,-99.10804207,48163.0,2811.9767556387274,1.0507880910683012,565,567,6,0,561,563,19816,4,0,0,4,4
2020-08-15,US,Texas,Gaines,199,4,0,32.74055318,-102.6353295,48165.0,925.9259259259261,2.010050251256281,195,191,3,0,188,186,20901,8,1,0,7,5
2020-08-15,US,Texas,Galveston,9937,123,0,29.40167322,-94.90469073,48167.0,2904.3751223917766,1.2377981282077086,9814,9888,122,0,9766,9800,337890,49,1,0,48,88
2020-08-15,US,Texas,Garza,101,3,0,33.17969345,-101.2984114,48169.0,1621.4480655000802,2.9702970297029703,98,101,3,0,98,100,6578,0,0,0,0,1
2020-08-15,US,Texas,Gillespie,188,6,0,30.31824095,-98.94676915,48171.0,696.6058989180376,3.191489361702128,182,185,6,0,179,179,26804,3,0,0,3,6
2020-08-15,US,Texas,Glasscock,6,0,0,31.86942909,-101.5207776,48173.0,425.83392476934,0.0,6,6,0,0,6,6,1388,0,0,0,0,0
2020-08-15,US,Texas,Goliad,119,6,0,28.65696592,-97.42760647,48175.0,1553.9305301645334,5.042016806722689,113,117,6,0,111,96,7584,2,0,0,2,21
2020-08-15,US,Texas,Gonzales,721,11,0,29.45634206,-97.49424032,48177.0,3460.1910063828773,1.5256588072122053,710,716,11,0,705,703,20826,5,0,0,5,13
2020-08-15,US,Texas,Gray,226,2,0,35.40081878,-100.8129222,48179.0,1032.6235949922323,0.8849557522123894,224,221,2,0,219,221,21895,5,0,0,5,0
2020-08-15,US,Texas,Grayson,1251,16,0,33.62744998,-96.67753461,48181.0,918.4212844683287,1.2789768185451638,1235,1204,16,0,1188,1199,133991,47,0,0,47,5
2020-08-15,US,Texas,Gregg,1646,30,0,32.47940482,-94.81591935,48183.0,1328.008390818508,1.8226002430133657,1616,1630,29,0,1601,1604,123707,16,1,0,15,26
2020-08-15,US,Texas,Grimes,926,27,0,30.54579585,-95.98902499,48185.0,3206.371191135734,2.9157667386609067,899,920,27,0,893,918,28360,6,0,0,6,2
2020-08-15,US,Texas,Guadalupe,1799,59,0,29.58165339,-97.94786822,48187.0,1078.2333515136622,3.2795997776542523,1740,1762,58,0,1704,1735,163694,37,1,0,36,27
2020-08-15,US,Texas,Hale,1478,31,0,34.07044901,-101.82681140000001,48189.0,4424.354906304257,2.0974289580514207,1447,1474,31,0,1443,1443,33830,4,0,0,4,31
2020-08-15,US,Texas,Hall,15,1,0,34.5307555,-100.68138520000001,48191.0,506.07287449392715,6.666666666666668,14,15,1,0,14,15,3028,0,0,0,0,0
2020-08-15,US,Texas,Hamilton,92,3,0,31.70470573,-98.11083887,48193.0,1087.3419217586577,3.260869565217391,89,91,3,0,88,89,8484,1,0,0,1,2
2020-08-15,US,Texas,Hansford,93,2,0,36.27743284,-101.3545796,48195.0,1722.5412113354325,2.150537634408602,91,91,2,0,89,82,5463,2,0,0,2,9
2020-08-15,US,Texas,Hardeman,22,0,0,34.28944521,-99.74632408,48197.0,559.3694380879734,0.0,22,22,0,0,22,22,3922,0,0,0,0,0
2020-08-15,US,Texas,Hardin,1124,18,0,30.33364686,-94.38931817,48199.0,1951.3211346828234,1.6014234875444842,1106,1099,18,0,1081,1090,57207,25,0,0,25,9
2020-08-15,US,Texas,Harris,91698,1812,0,29.85864939,-95.39339521,48201.0,1945.5055613606103,1.9760518222862,89886,90574,1771,0,88803,89425,4698619,1124,41,0,1083,1149
2020-08-15,US,Texas,Harrison,735,24,0,32.54935988,-94.36934071,48203.0,1104.382972968912,3.26530612244898,711,729,24,0,705,728,66726,6,0,0,6,1
2020-08-15,US,Texas,Hartley,94,0,0,35.84008013,-102.6029022,48205.0,1685.7962697274033,0.0,94,93,0,0,93,92,5619,1,0,0,1,1
2020-08-15,US,Texas,Haskell,52,0,0,33.17823584,-99.73037358,48207.0,919.0526687875574,0.0,52,51,0,0,51,44,5813,1,0,0,1,7
2020-08-15,US,Texas,Hays,5111,46,0,30.05669873,-98.02944344,48209.0,2220.330073721388,0.9000195656427313,5065,5111,45,0,5066,5103,222631,0,1,0,-1,8
2020-08-15,US,Texas,Hemphill,45,0,0,35.83764858,-100.2703577,48211.0,1178.318931657502,0.0,45,44,0,0,44,44,3825,1,0,0,1,0
2020-08-15,US,Texas,Henderson,697,12,0,32.21128872,-95.85846587,48213.0,842.4284177574725,1.721664275466284,685,677,12,0,665,664,82299,20,0,0,20,13
2020-08-15,US,Texas,Hidalgo,21806,931,0,26.39418217,-98.18299696,48215.0,2510.167409725028,4.26946711914152,20875,21806,931,0,20875,20767,865939,0,0,0,0,1039
2020-08-15,US,Texas,Hill,340,7,0,31.99045053,-97.13423143,48217.0,927.7197195012144,2.0588235294117645,333,339,7,0,332,336,36354,1,0,0,1,3
2020-08-15,US,Texas,Hockley,223,5,0,33.60771256,-102.3431676,48219.0,968.6807697319838,2.242152466367713,218,221,5,0,216,219,22980,2,0,0,2,2
2020-08-15,US,Texas,Hood,657,13,0,32.42990927,-97.83242024,48221.0,1065.8144477069575,1.9786910197869099,644,650,13,0,637,625,60537,7,0,0,7,25
2020-08-15,US,Texas,Hopkins,216,3,0,33.14875072,-95.56351139,48223.0,582.4614388954807,1.3888888888888888,213,213,3,0,210,212,36810,3,0,0,3,1
2020-08-15,US,Texas,Houston,323,7,0,31.31925973,-95.42226208,48225.0,1406.3044235458026,2.1671826625387,316,320,7,0,313,320,23169,3,0,0,3,0
2020-08-15,US,Texas,Howard,201,7,0,32.30621324,-101.4356444,48227.0,548.2216888500982,3.4825870646766166,194,189,7,0,182,184,36459,12,0,0,12,5
2020-08-15,US,Texas,Hudspeth,35,2,0,31.45628381,-105.388178,48229.0,716.3323782234958,5.7142857142857135,33,35,2,0,33,33,4795,0,0,0,0,2
2020-08-15,US,Texas,Hunt,1261,21,0,33.12351514,-96.08551032,48231.0,1278.9824938637241,1.6653449643140366,1240,1261,21,0,1240,1241,96493,0,0,0,0,20
2020-08-15,US,Texas,Hutchinson,133,3,0,35.84006574,-101.3546643,48233.0,635.2087114337567,2.255639097744361,130,133,3,0,130,131,21198,0,0,0,0,2
2020-08-15,US,Texas,Irion,9,0,0,31.30375559,-100.982439,48235.0,585.9375,0.0,9,9,0,0,9,9,1522,0,0,0,0,0
2020-08-15,US,Texas,Jack,99,0,0,33.23377248,-98.17283469,48237.0,1108.0022383883604,0.0,99,66,0,0,66,70,8843,33,0,0,33,-4
2020-08-15,US,Texas,Jackson,418,11,0,28.95472367,-96.57749563,48239.0,2831.9783197831985,2.631578947368421,407,415,11,0,404,411,14874,3,0,0,3,4
2020-08-15,US,Texas,Jasper,359,15,0,30.74685667,-94.02667579,48241.0,1010.4421739987052,4.178272980501393,344,332,13,0,319,332,35872,27,2,0,25,0
2020-08-15,US,Texas,Jeff Davis,8,0,0,30.71490589,-104.1399973,48243.0,351.8029903254178,0.0,8,8,0,0,8,8,2252,0,0,0,0,0
2020-08-15,US,Texas,Jefferson,6237,92,0,29.8832777,-94.16434171,48245.0,2479.279709021525,1.4750681417348084,6145,6165,91,0,6074,6126,255001,72,1,0,71,39
2020-08-15,US,Texas,Jim Hogg,65,2,0,27.04453923,-98.69681870000001,48247.0,1250.0,3.0769230769230766,63,65,2,0,63,65,5248,0,0,0,0,0
2020-08-15,US,Texas,Jim Wells,816,19,0,27.73103938,-98.0904705,48249.0,2015.7106862309174,2.32843137254902,797,813,18,0,795,802,40822,3,1,0,2,11
2020-08-15,US,Texas,Johnson,2159,33,0,32.37877812,-97.36615819,48251.0,1227.9813669895402,1.5284854099119962,2126,2103,32,0,2071,2073,171361,56,1,0,55,30
2020-08-15,US,Texas,Jones,600,0,0,32.73997145,-99.87861576,48253.0,2987.6014539660414,0.0,600,601,0,0,601,599,19817,-1,0,0,-1,2
2020-08-15,US,Texas,Karnes,672,10,0,28.90705334,-97.85960149,48255.0,4307.41619126979,1.488095238095238,662,661,9,0,652,648,15650,11,1,0,10,13
2020-08-15,US,Texas,Kaufman,2446,30,0,32.599141700000004,-96.28734728,48257.0,1796.4951452032258,1.226492232215863,2416,2406,29,0,2377,2364,128622,40,1,0,39,42
2020-08-15,US,Texas,Kendall,180,4,0,29.94414155,-98.7113588,48259.0,379.4986401298729,2.2222222222222223,176,171,4,0,167,167,45641,9,0,0,9,4
2020-08-15,US,Texas,Kenedy,6,1,0,26.92601662,-97.66413984,48261.0,1485.148514851485,16.666666666666668,5,6,1,0,5,6,442,0,0,0,0,0
2020-08-15,US,Texas,Kent,3,0,0,33.18104136,-100.7780939,48263.0,393.70078740157476,0.0,3,3,0,0,3,3,726,0,0,0,0,0
2020-08-15,US,Texas,Kerr,416,6,0,30.06040006,-99.34930144,48265.0,790.8745247148289,1.4423076923076923,410,415,6,0,409,411,52405,1,0,0,1,4
2020-08-15,US,Texas,Kimble,16,1,0,30.48678918,-99.74856473,48267.0,368.9186073322573,6.25,15,16,1,0,15,15,4362,0,0,0,0,1
2020-08-15,US,Texas,Kinney,21,0,0,29.34967888,-100.41866379999999,48271.0,572.6752113444232,0.0,21,21,0,0,21,21,3767,0,0,0,0,0
2020-08-15,US,Texas,Kleberg,480,17,0,27.42435506,-97.69894948,48273.0,1564.5371577574967,3.5416666666666665,463,476,17,0,459,471,31129,4,0,0,4,5
2020-08-15,US,Texas,Knox,62,5,0,33.60519951,-99.74229059999999,48275.0,1692.1397379912664,8.064516129032258,57,62,4,0,58,62,3653,0,1,0,-1,0
2020-08-15,US,Texas,La Salle,364,2,0,28.34453111,-99.09908775,48283.0,4840.425531914893,0.5494505494505495,362,361,2,0,359,362,7531,3,0,0,3,-1
2020-08-15,US,Texas,Lamar,705,19,0,33.66981763,-95.57404777,48277.0,1413.9874445937546,2.695035460992908,686,690,19,0,671,677,49728,15,0,0,15,13
2020-08-15,US,Texas,Lamb,246,16,0,34.06859623,-102.35162890000001,48279.0,1908.012099588924,6.5040650406504055,230,242,16,0,226,238,13158,4,0,0,4,4
2020-08-15,US,Texas,Lampasas,128,5,0,31.19531316,-98.24206613,48281.0,597.3492626470039,3.90625,123,129,4,0,125,126,21229,-1,1,0,-2,3
2020-08-15,US,Texas,Lavaca,641,23,0,29.38508402,-96.93186692,48285.0,3180.510072442195,3.588143525741029,618,638,23,0,615,637,20110,3,0,0,3,1
2020-08-15,US,Texas,Lee,178,12,0,30.31120597,-96.97045773,48287.0,1032.5424908637394,6.741573033707866,166,177,11,0,166,177,17144,1,1,0,0,0
2020-08-15,US,Texas,Leon,158,3,0,31.29872538,-95.9936328,48289.0,907.8372787864861,1.8987341772151896,155,156,3,0,153,154,17270,2,0,0,2,2
2020-08-15,US,Texas,Liberty,1107,36,0,30.15152688,-94.81205615,48291.0,1254.8317255919924,3.2520325203252027,1071,1085,35,0,1050,1047,86323,22,1,0,21,38
2020-08-15,US,Texas,Limestone,297,3,0,31.5454767,-96.58095444,48293.0,1267.2270341767294,1.0101010101010102,294,290,3,0,287,287,23519,7,0,0,7,3
2020-08-15,US,Texas,Lipscomb,22,0,0,36.27783108,-100.27331509999999,48295.0,680.4825239715435,0.0,22,22,0,0,22,22,3355,0,0,0,0,0
2020-08-15,US,Texas,Live Oak,240,5,0,28.35101362,-98.1246786,48297.0,1966.0850331776846,2.083333333333333,235,240,4,0,236,240,12166,0,1,0,-1,0
2020-08-15,US,Texas,Llano,90,1,0,30.70645047,-98.68475262,48299.0,412.9387474191328,1.1111111111111112,89,90,1,0,89,89,21646,0,0,0,0,1
2020-08-15,US,Texas,Lubbock,6495,78,0,33.61008596,-101.82047890000001,48303.0,2091.322701235474,1.2009237875288683,6417,6429,76,0,6353,6365,307412,66,2,0,64,64
2020-08-15,US,Texas,Lynn,74,4,0,33.17657705,-101.8162849,48305.0,1243.4884893295246,5.405405405405406,70,74,4,0,70,74,5877,0,0,0,0,0
2020-08-15,US,Texas,Madison,684,3,0,30.96694679,-95.93003775,48313.0,4788.5746289554745,0.43859649122807015,681,686,2,0,684,685,14422,-2,1,0,-3,1
2020-08-15,US,Texas,Marion,136,9,0,32.79868409,-94.35661230000001,48315.0,1380.1501928151004,6.617647058823528,127,135,9,0,126,135,9928,1,0,0,1,0
2020-08-15,US,Texas,Martin,67,5,0,32.30600051,-101.9513518,48317.0,1160.9773002945765,7.462686567164179,62,65,5,0,60,65,5753,2,0,0,2,0
2020-08-15,US,Texas,Mason,60,0,0,30.71780434,-99.22629416,48319.0,1403.8371548900327,0.0,60,60,0,0,60,60,4280,0,0,0,0,0
2020-08-15,US,Texas,Matagorda,830,32,0,28.81955746,-96.01230294,48321.0,2265.0983816827224,3.8554216867469884,798,828,32,0,796,807,36552,2,0,0,2,21
2020-08-15,US,Texas,Maverick,2596,53,0,28.7429195,-100.3157686,48323.0,4420.830353189605,2.041602465331279,2543,2596,47,0,2549,2569,58485,0,6,0,-6,27
2020-08-15,US,Texas,McCulloch,55,1,0,31.1925468,-99.34682807,48307.0,688.8777555110222,1.818181818181818,54,55,1,0,54,54,7987,0,0,0,0,1
2020-08-15,US,Texas,McLennan,5296,61,0,31.55255453,-97.20217694,48309.0,2063.7277251064793,1.1518126888217524,5235,5248,60,0,5188,5164,254607,48,1,0,47,84
2020-08-15,US,Texas,McMullen,10,0,0,28.35251708,-98.56769164,48311.0,1345.8950201884254,0.0,10,10,0,0,10,10,749,0,0,0,0,0
2020-08-15,US,Texas,Medina,987,31,0,29.355730100000002,-99.11030298,48325.0,1913.3839950372208,3.1408308004052685,956,963,31,0,932,949,50921,24,0,0,24,14
2020-08-15,US,Texas,Menard,18,0,0,30.88990665,-99.82047940000001,48327.0,841.9083255378857,0.0,18,18,0,0,18,18,2139,0,0,0,0,0
2020-08-15,US,Texas,Midland,2888,53,0,31.86904128,-102.03156820000001,48329.0,1633.18856315599,1.835180055401662,2835,2888,53,0,2835,2846,172578,0,0,0,0,42
2020-08-15,US,Texas,Milam,366,3,0,30.78581830000001,-96.97718698,48331.0,1474.4390283205096,0.819672131147541,363,366,3,0,363,357,25131,0,0,0,0,9
2020-08-15,US,Texas,Mills,26,0,0,31.49557106,-98.59272068,48333.0,533.5522265544839,0.0,26,26,0,0,26,26,4921,0,0,0,0,0
2020-08-15,US,Texas,Mitchell,70,1,0,32.30623474,-100.9212058,48335.0,819.1925102399063,1.4285714285714286,69,70,1,0,69,69,8145,0,0,0,0,1
2020-08-15,US,Texas,Montague,86,2,0,33.67521893,-97.72500958,48337.0,433.9489353113332,2.3255813953488373,84,83,2,0,81,79,19596,3,0,0,3,4
2020-08-15,US,Texas,Montgomery,6957,102,0,30.30079133,-95.50572772,48339.0,1145.3906956145215,1.466149202242346,6855,6957,97,0,6860,6864,590925,0,5,0,-5,93
2020-08-15,US,Texas,Moore,1082,14,0,35.83769242,-101.8930281,48341.0,5167.144221585482,1.2939001848428835,1068,1080,14,0,1066,1077,21485,2,0,0,2,3
2020-08-15,US,Texas,Morris,133,3,0,33.11304005,-94.73255695,48343.0,1073.6196319018404,2.255639097744361,130,131,3,0,128,130,12339,2,0,0,2,1
2020-08-15,US,Texas,Motley,6,0,0,34.07408766,-100.77972199999999,48345.0,500.0,0.0,6,6,0,0,6,6,1234,0,0,0,0,0
2020-08-15,US,Texas,Nacogdoches,1200,43,0,31.62017125,-94.61803994,48347.0,1840.377890926937,3.583333333333333,1157,1187,43,0,1144,1184,65711,13,0,0,13,3
2020-08-15,US,Texas,Navarro,942,11,0,32.04620681,-96.47428766,48349.0,1879.7517610200946,1.167728237791932,931,925,11,0,914,917,49565,17,0,0,17,8
2020-08-15,US,Texas,Newton,124,4,0,30.78548982,-93.74408813,48351.0,912.1000367782273,3.2258064516129035,120,116,4,0,112,116,13746,8,0,0,8,0
2020-08-15,US,Texas,Nolan,140,3,0,32.30365282,-100.4060208,48353.0,951.4747859181732,2.142857142857143,137,137,3,0,134,137,14751,3,0,0,3,0
2020-08-15,US,Texas,Nueces,16878,279,0,27.736286,-97.5433285,48355.0,4658.647396865529,1.6530394596516176,16599,16527,277,0,16250,16403,362265,351,2,0,349,124
2020-08-15,US,Texas,Ochiltree,100,2,0,36.27829105,-100.8158184,48357.0,1016.6734444896301,2.0,98,100,2,0,98,100,9947,0,0,0,0,0
2020-08-15,US,Texas,Oldham,14,1,0,35.40425596,-102.6027606,48359.0,662.8787878787879,7.142857142857142,13,14,1,0,13,14,2131,0,0,0,0,0
2020-08-15,US,Texas,Orange,1539,28,0,30.11879481,-93.89412775,48361.0,1845.412249988009,1.8193632228719947,1511,1521,27,0,1494,1497,83572,18,1,0,17,24
2020-08-15,US,Texas,Palo Pinto,347,10,0,32.75310985,-98.31319001,48363.0,1188.804001507417,2.8818443804034577,337,342,10,0,332,328,28875,5,0,0,5,14
2020-08-15,US,Texas,Panola,301,18,0,32.163959600000005,-94.30552481,48365.0,1297.7494179529187,5.980066445182724,283,301,18,0,283,301,23148,0,0,0,0,0
2020-08-15,US,Texas,Parker,1401,19,0,32.77757172,-97.80500621,48367.0,980.5568387015497,1.3561741613133476,1382,1379,19,0,1360,1366,138371,22,0,0,22,13
2020-08-15,US,Texas,Parmer,360,7,0,34.52993409,-102.78446679999999,48369.0,3748.0478917230607,1.9444444444444444,353,359,7,0,352,351,9864,1,0,0,1,8
2020-08-15,US,Texas,Pecos,258,2,0,30.78097267,-102.72412609999999,48371.0,1630.5378246855844,0.7751937984496124,256,256,2,0,254,251,15673,2,0,0,2,5
2020-08-15,US,Texas,Polk,769,14,0,30.79472531,-94.82766240000001,48373.0,1497.478238856542,1.820546163849155,755,769,14,0,755,762,50031,0,0,0,0,7
2020-08-15,US,Texas,Potter,3802,46,0,35.40133773,-101.893964,48375.0,3238.087126857727,1.209889531825355,3756,3802,46,0,3756,3759,119648,0,0,0,0,43
2020-08-15,US,Texas,Presidio,49,4,0,29.99954402,-104.24080790000001,48377.0,730.9069212410501,8.16326530612245,45,49,4,0,45,49,6948,0,0,0,0,0
2020-08-15,US,Texas,Rains,54,1,0,32.87109387,-95.79232691,48379.0,431.5167012945501,1.851851851851852,53,54,1,0,53,52,12159,0,0,0,0,2
2020-08-15,US,Texas,Randall,1899,23,0,34.96585996,-101.8971322,48381.0,1378.9547827728686,1.2111637704054763,1876,1847,23,0,1824,1804,136271,52,0,0,52,43
2020-08-15,US,Texas,Reagan,66,4,0,31.36607041,-101.52326590000001,48383.0,1714.7310989867499,6.0606060606060606,62,65,3,0,62,64,3741,1,1,0,0,1
2020-08-15,US,Texas,Real,91,2,0,29.83321503,-99.82018052,48385.0,2636.1529548088065,2.1978021978021984,89,90,1,0,89,90,3478,1,1,0,0,0
2020-08-15,US,Texas,Red River,140,12,0,33.61886692,-95.04841765,48387.0,1164.4348332362972,8.571428571428571,128,140,12,0,128,140,12175,0,0,0,0,0
2020-08-15,US,Texas,Reeves,152,5,0,31.32323325,-103.69038959999999,48389.0,951.4271407110666,3.2894736842105265,147,150,5,0,145,147,15695,2,0,0,2,3
2020-08-15,US,Texas,Refugio,243,7,0,28.323897600000002,-97.15766311,48391.0,3497.4093264248704,2.8806584362139915,236,241,5,0,236,238,7032,2,2,0,0,3
2020-08-15,US,Texas,Roberts,6,0,0,35.83809685,-100.813175,48393.0,702.5761124121782,0.0,6,6,0,0,6,6,903,0,0,0,0,0
2020-08-15,US,Texas,Robertson,239,3,0,31.02539637,-96.51272246,48395.0,1399.789153098278,1.2552301255230125,236,238,2,0,236,238,17284,1,1,0,0,0
2020-08-15,US,Texas,Rockwall,1105,15,0,32.89779518,-96.40771592,48397.0,1053.2335700328838,1.3574660633484164,1090,1090,15,0,1075,1057,100657,15,0,0,15,33
2020-08-15,US,Texas,Runnels,152,2,0,31.8314342,-99.97616148,48399.0,1480.904130943102,1.3157894736842106,150,150,2,0,148,149,10234,2,0,0,2,1
2020-08-15,US,Texas,Rusk,398,2,0,32.10773545,-94.76176432,48401.0,731.5369628349814,0.5025125628140703,396,398,2,0,396,396,54450,0,0,0,0,2
2020-08-15,US,Texas,Sabine,65,6,0,31.34318809,-93.85440451,48403.0,616.5812938721307,9.23076923076923,59,62,6,0,56,62,10589,3,0,0,3,0
2020-08-15,US,Texas,San Augustine,178,11,0,31.39457611,-94.17000399,48405.0,2160.9809396624983,6.179775280898878,167,178,11,0,167,175,8232,0,0,0,0,3
2020-08-15,US,Texas,San Jacinto,183,8,0,30.57933681,-95.16260304,48407.0,634.1176062926643,4.371584699453551,175,185,8,0,177,183,28719,-2,0,0,-2,2
2020-08-15,US,Texas,San Patricio,1114,34,0,28.00880118,-97.51763891,48409.0,1669.4140566461856,3.052064631956912,1080,1082,34,0,1048,1051,66893,32,0,0,32,31
2020-08-15,US,Texas,San Saba,26,0,0,31.1577796,-98.81758731,48411.0,429.39719240297273,0.0,26,26,0,0,26,26,6054,0,0,0,0,0
2020-08-15,US,Texas,Schleicher,36,1,0,30.89740592,-100.5384842,48413.0,1288.936627282492,2.7777777777777777,35,36,1,0,35,36,2895,0,0,0,0,0
2020-08-15,US,Texas,Scurry,505,2,0,32.74613808,-100.91626640000001,48415.0,3023.4089684487817,0.3960396039603961,503,505,2,0,503,503,16866,0,0,0,0,2
2020-08-15,US,Texas,Shackelford,19,0,0,32.73587756,-99.35401337,48417.0,581.9295558958653,0.0,19,19,0,0,19,21,3253,0,0,0,0,-2
2020-08-15,US,Texas,Shelby,411,18,0,31.79211404,-94.14550696,48419.0,1626.1770989950146,4.37956204379562,393,411,18,0,393,411,25418,0,0,0,0,0
2020-08-15,US,Texas,Sherman,44,0,0,36.27751473,-101.8933156,48421.0,1455.989410986102,0.0,44,44,0,0,44,43,3079,0,0,0,0,1
2020-08-15,US,Texas,Smith,2750,32,0,32.37474036,-95.27175679999999,48423.0,1181.5201653268946,1.1636363636363636,2718,2717,31,0,2686,2666,230221,33,1,0,32,51
2020-08-15,US,Texas,Somervell,85,0,0,32.22236802,-97.77403489,48425.0,931.2007011393514,0.0,85,84,0,0,84,83,9016,1,0,0,1,1
2020-08-15,US,Texas,Starr,2411,87,0,26.56150059,-98.73892358,48427.0,3730.292575000387,3.6084612194110326,2324,2368,83,0,2285,2294,64525,43,4,0,39,74
2020-08-15,US,Texas,Stephens,131,3,0,32.73553157,-98.83631615,48429.0,1398.6760623531925,2.2900763358778624,128,48,3,0,45,47,9433,83,0,0,83,1
2020-08-15,US,Texas,Sterling,1,0,0,31.82781912,-101.05007459999999,48431.0,77.45933384972889,0.0,1,1,0,0,1,1,1311,0,0,0,0,0
2020-08-15,US,Texas,Stonewall,7,0,0,33.17906744,-100.25384009999999,48433.0,518.5185185185185,0.0,7,7,0,0,7,6,1362,0,0,0,0,1
2020-08-15,US,Texas,Sutton,67,1,0,30.49856623,-100.5382014,48435.0,1774.3644067796606,1.492537313432836,66,67,1,0,66,67,3758,0,0,0,0,0
2020-08-15,US,Texas,Swisher,83,3,0,34.53028891,-101.73491740000001,48437.0,1122.0765175070974,3.614457831325301,80,82,2,0,80,82,7462,1,1,0,0,0
2020-08-15,US,Texas,Tarrant,33874,499,0,32.77143818,-97.29101614,48439.0,1611.1181133071584,1.4731062171577018,33375,33403,492,0,32911,33070,2084931,471,7,0,464,333
2020-08-15,US,Texas,Taylor,1148,29,0,32.30163422,-99.89007449,48441.0,831.6791515133953,2.526132404181185,1119,1145,28,0,1117,1137,137640,3,1,0,2,8
2020-08-15,US,Texas,Terrell,2,0,0,30.22429013,-102.0766732,48443.0,257.73195876288656,0.0,2,2,0,0,2,2,823,0,0,0,0,0
2020-08-15,US,Texas,Terry,173,2,0,33.17402785,-102.3354521,48445.0,1402.2858069222666,1.1560693641618498,171,166,2,0,164,161,12287,7,0,0,7,5
2020-08-15,US,Texas,Throckmorton,4,2,0,33.17751417,-99.21226795,48447.0,266.4890073284477,50.0,2,4,2,0,2,4,1515,0,0,0,0,0
2020-08-15,US,Texas,Titus,1397,17,0,33.21339719,-94.96797273,48449.0,4265.6488549618325,1.2168933428775948,1380,1397,17,0,1380,1393,33033,0,0,0,0,4
2020-08-15,US,Texas,Tom Green,2869,32,0,31.40464436,-100.46244300000001,48451.0,2406.8791946308725,1.1153712094806554,2837,2844,32,0,2812,2809,118189,25,0,0,25,35
2020-08-15,US,Texas,Travis,24008,335,0,30.33432034,-97.78535620000001,48453.0,1884.5264428699936,1.3953682105964678,23673,23870,332,0,23538,23718,1248743,138,3,0,135,152
2020-08-15,US,Texas,Trinity,163,4,0,31.0879489,-95.1367187,48455.0,1112.5520442290629,2.4539877300613497,159,163,4,0,159,162,14740,0,0,0,0,1
2020-08-15,US,Texas,Tyler,146,2,0,30.77031716,-94.37690895,48457.0,673.6803248431155,1.3698630136986298,144,127,2,0,125,127,21696,19,0,0,19,0
2020-08-15,US,Texas,Upshur,267,2,0,32.73706798,-94.93999853,48459.0,639.4750077838718,0.7490636704119851,265,264,2,0,262,262,41260,3,0,0,3,2
2020-08-15,US,Texas,Upton,16,1,0,31.36868194,-102.0423217,48461.0,437.5170905113481,6.25,15,16,1,0,15,16,3671,0,0,0,0,0
2020-08-15,US,Texas,Uvalde,591,12,0,29.35739637,-99.76229172,48463.0,2210.089375864777,2.0304568527918785,579,584,10,0,574,573,26846,7,2,0,5,11
2020-08-15,US,Texas,Val Verde,1693,49,0,29.89149232,-101.1525205,48465.0,3453.340132585416,2.8942705256940333,1644,1693,49,0,1644,1693,49208,0,0,0,0,0
2020-08-15,US,Texas,Van Zandt,446,8,0,32.56483801,-95.83766469,48467.0,788.1251104435413,1.7937219730941705,438,440,7,0,433,434,56019,6,1,0,5,6
2020-08-15,US,Texas,Victoria,3584,56,0,28.79780988,-96.96813006,48469.0,3892.098518743756,1.5625,3528,3569,55,0,3514,3560,92035,15,1,0,14,9
2020-08-15,US,Texas,Walker,3190,43,0,30.73872995,-95.57440968,48471.0,4371.599676583848,1.3479623824451408,3147,3184,42,0,3142,3128,72480,6,1,0,5,56
2020-08-15,US,Texas,Waller,521,5,0,30.01058447,-95.99011759,48473.0,943.0547007928177,0.9596928982725528,516,515,5,0,510,491,53126,6,0,0,6,24
2020-08-15,US,Texas,Ward,99,1,0,31.50999644,-103.09279090000001,48475.0,825.1375229204867,1.0101010101010102,98,96,1,0,95,95,11720,3,0,0,3,1
2020-08-15,US,Texas,Washington,526,41,0,30.21498498,-96.40946246,48477.0,1465.9160581907363,7.79467680608365,485,523,40,0,483,523,35108,3,1,0,2,0
2020-08-15,US,Texas,Webb,9435,191,0,27.7610369,-99.33237355,48479.0,3410.4217572979774,2.0243773184949654,9244,9303,185,0,9118,9126,275910,132,6,0,126,177
2020-08-15,US,Texas,Wharton,1008,30,0,29.27765923,-96.22319248,48481.0,2425.6425064972573,2.9761904761904763,978,982,30,0,952,945,41619,26,0,0,26,37
2020-08-15,US,Texas,Wheeler,36,0,0,35.40114335,-100.26995140000001,48483.0,712.0253164556963,0.0,36,35,0,0,35,35,5191,1,0,0,1,0
2020-08-15,US,Texas,Wichita,1117,12,0,33.98842886,-98.70410340000001,48485.0,844.7402253648945,1.0743061772605194,1105,1099,11,0,1088,1079,132064,18,1,0,17,20
2020-08-15,US,Texas,Wilbarger,78,1,0,34.07945812,-99.24178437,48487.0,610.8544130315609,1.2820512820512822,77,77,1,0,76,77,12820,1,0,0,1,0
2020-08-15,US,Texas,Willacy,760,30,0,26.47411727,-97.61535848,48489.0,3558.38561663077,3.947368421052632,730,751,30,0,721,734,21515,9,0,0,9,17
2020-08-15,US,Texas,Williamson,7330,103,0,30.64655664,-97.60048540000001,48491.0,1241.2137139722056,1.4051841746248297,7227,7330,102,0,7228,7148,566719,0,1,0,-1,182
2020-08-15,US,Texas,Wilson,499,20,0,29.1732598,-98.08693082,48493.0,977.0902682592521,4.008016032064128,479,484,20,0,464,475,50224,15,0,0,15,9
2020-08-15,US,Texas,Winkler,88,1,0,31.85008651,-103.04851629999999,48495.0,1098.6267166042446,1.1363636363636365,87,88,1,0,87,86,7720,0,0,0,0,2
2020-08-15,US,Texas,Wise,536,10,0,33.21570665,-97.65460265,48497.0,765.8893461362597,1.8656716417910448,526,508,10,0,498,494,68305,28,0,0,28,14
2020-08-15,US,Texas,Wood,360,9,0,32.78722382,-95.38236368,48499.0,790.5311930433255,2.5,351,358,9,0,349,350,45129,2,0,0,2,8
2020-08-15,US,Texas,Yoakum,124,3,0,33.17320212,-102.82764329999999,48501.0,1423.16079421554,2.419354838709677,121,119,3,0,116,114,8591,5,0,0,5,5
2020-08-15,US,Texas,Young,200,6,0,33.17659707,-98.68790885,48503.0,1110.494169905608,3.0,194,199,6,0,193,196,18045,1,0,0,1,3
2020-08-15,US,Texas,Zapata,195,3,0,27.00156391,-99.16987152,48505.0,1375.273291487411,1.5384615384615383,192,190,3,0,187,188,14190,5,0,0,5,2
2020-08-15,US,Texas,Zavala,243,6,0,28.86617238,-99.76050829,48507.0,2052.364864864865,2.469135802469136,237,236,6,0,230,234,11983,7,0,0,7,2
2020-08-15,US,Utah,Bear River,2384,7,0,41.52106798,-113.08328159999999,0.0,1276.1082979156186,0.2936241610738255,2377,2372,7,0,2365,2358,,12,0,0,12,14
2020-08-15,US,Utah,Central Utah,447,3,0,39.37231946,-111.5758676,0.0,545.4279229811846,0.6711409395973155,444,445,2,0,443,442,,2,1,0,1,3
2020-08-15,US,Utah,Davis,3388,21,0,40.99001837,-112.1139997,49011.0,953.0748478821653,0.6198347107438017,3367,3360,21,0,3339,3316,351713,28,0,0,28,44
2020-08-15,US,Utah,Salt Lake,21621,211,0,40.66616532,-111.92160109999999,49035.0,1863.1774064425726,0.9759030572128948,21410,21462,209,0,21253,21199,1152633,159,2,0,157,263
2020-08-15,US,Utah,San Juan,653,26,0,37.62762978,-109.80337140000002,49037.0,4265.743402142671,3.981623277182236,627,655,26,0,629,651,15449,-2,0,0,-2,4
2020-08-15,US,Utah,Southeast Utah,117,1,0,38.99617072,-110.70139579999999,0.0,290.834969797907,0.8547008547008547,116,117,1,0,116,114,,0,0,0,0,3
2020-08-15,US,Utah,Southwest Utah,3312,26,0,37.85447192,-111.4418764,0.0,1314.0667031685196,0.7850241545893721,3286,3288,26,0,3262,3264,,24,0,0,24,24
2020-08-15,US,Utah,Summit,729,1,0,40.86688146,-110.9535882,49043.0,1729.7425554632816,0.13717421124828533,728,724,1,0,723,718,41933,5,0,0,5,6
2020-08-15,US,Utah,Tooele,613,0,0,40.44862644,-113.12957150000001,49045.0,848.3372313483443,0.0,613,603,0,0,603,598,69907,10,0,0,10,5
2020-08-15,US,Utah,TriCounty,190,0,0,40.12491499,-109.5174415,0.0,335.55861679205964,0.0,190,186,0,0,186,183,,4,0,0,4,3
2020-08-15,US,Utah,Utah,9304,38,0,40.116672200000004,-111.66576620000001,49049.0,1462.352747019576,0.4084264832330181,9266,9216,38,0,9178,9062,622213,88,0,0,88,154
2020-08-15,US,Utah,Wasatch,592,4,0,40.33110236,-111.1691419,49051.0,1736.5287025901266,0.6756756756756757,588,588,4,0,584,584,33240,4,0,0,4,4
2020-08-15,US,Utah,Weber-Morgan,2971,25,0,41.27116049,-111.9145117,0.0,1090.9277843260372,0.8414675193537529,2946,2960,25,0,2935,2935,,11,0,0,11,25
2020-08-15,US,Vermont,Addison,75,2,0,44.03217337,-73.14130877,50001.0,203.93180520433967,2.6666666666666665,73,74,2,0,72,74,36973,1,0,0,1,0
2020-08-15,US,Vermont,Bennington,92,1,0,43.03519828,-73.09048868,50003.0,259.37411897378064,1.0869565217391304,91,92,1,0,91,91,35631,0,0,0,0,1
2020-08-15,US,Vermont,Caledonia,29,0,0,44.46548598,-72.10314651,50005.0,96.6892274864135,0.0,29,28,0,0,28,28,30302,1,0,0,1,0
2020-08-15,US,Vermont,Chittenden,752,39,0,44.46322849,-73.08359212,50007.0,459.1693431191764,5.1861702127659575,713,749,39,0,710,738,164572,3,0,0,3,11
2020-08-15,US,Vermont,Essex,6,0,0,44.72736416,-71.73579864,50009.0,97.35518416355671,0.0,6,6,0,0,6,6,6250,0,0,0,0,0
2020-08-15,US,Vermont,Franklin,120,7,0,44.85627605,-72.91249563,50011.0,242.90514554066638,5.833333333333332,113,120,7,0,113,118,49421,0,0,0,0,2
2020-08-15,US,Vermont,Grand Isle,13,0,0,44.797582399999996,-73.29679772,50013.0,179.68210089841045,0.0,13,13,0,0,13,13,7090,0,0,0,0,0
2020-08-15,US,Vermont,Lamoille,43,1,0,44.60353043,-72.64356694,50015.0,169.5449885655706,2.3255813953488373,42,43,1,0,42,43,25300,0,0,0,0,0
2020-08-15,US,Vermont,Orange,17,0,0,44.00470222,-72.37640104,50017.0,58.839817250449954,0.0,17,16,0,0,16,16,28999,1,0,0,1,0
2020-08-15,US,Vermont,Orleans,15,0,0,44.82964024,-72.24562697,50019.0,55.479528054148034,0.0,15,15,0,0,15,14,26907,0,0,0,0,1
2020-08-15,US,Vermont,Rutland,101,1,0,43.57723578,-73.03741676,50021.0,173.56635905896096,0.99009900990099,100,101,1,0,100,101,58672,0,0,0,0,0
2020-08-15,US,Vermont,Unassigned,8,0,0,0.0,0.0,90050.0,0.0,0.0,8,8,0,0,8,8,,0,0,0,0,0
2020-08-15,US,Vermont,Washington,58,2,0,44.27343241,-72.61604978,50023.0,99.29976544710577,3.4482758620689653,56,57,2,0,55,57,58140,1,0,0,1,0
2020-08-15,US,Vermont,Windham,105,3,0,42.986982,-72.71268875,50025.0,248.6855193974705,2.8571428571428568,102,105,3,0,102,104,42756,0,0,0,0,1
2020-08-15,US,Vermont,Windsor,75,2,0,43.58010937,-72.58595157,50027.0,136.21009044350006,2.6666666666666665,73,74,2,0,72,73,55286,1,0,0,1,1
2020-08-15,US,Virginia,Accomack,1120,17,0,37.76707161,-75.63234615,51001.0,3465.7754672608007,1.5178571428571428,1103,1116,17,0,1099,1111,32412,4,0,0,4,5
2020-08-15,US,Virginia,Albemarle,890,16,0,38.02080697,-78.55481085,51003.0,814.0492088173421,1.7977528089887642,874,883,16,0,867,869,108718,7,0,0,7,14
2020-08-15,US,Virginia,Alexandria,3082,61,0,38.814003,-77.08183073,51510.0,1933.1610507564544,1.9792342634652824,3021,3050,61,0,2989,3020,160530,32,0,0,32,30
2020-08-15,US,Virginia,Alleghany,59,4,0,37.78636074,-80.00222498,51005.0,397.0390309555855,6.779661016949151,55,62,4,0,58,62,14910,-3,0,0,-3,0
2020-08-15,US,Virginia,Amelia,83,2,0,37.34081025,-77.98584649,51007.0,631.4187904146063,2.409638554216868,81,83,2,0,81,82,13013,0,0,0,0,1
2020-08-15,US,Virginia,Amherst,206,1,0,37.60308293,-79.14548696,51009.0,651.795601961715,0.4854368932038835,205,202,1,0,201,196,31666,4,0,0,4,6
2020-08-15,US,Virginia,Appomattox,102,0,0,37.37569884,-78.81340003,51011.0,641.0659292313494,0.0,102,98,0,0,98,93,15841,4,0,0,4,5
2020-08-15,US,Virginia,Arlington,3196,135,0,38.8767675,-77.10139853,51013.0,1349.4228219656986,4.2240300375469335,3061,3176,135,0,3041,3134,237521,20,0,0,20,42
2020-08-15,US,Virginia,Augusta,306,4,0,38.16404586,-79.12461614,51015.0,404.9868974827285,1.30718954248366,302,300,4,0,296,296,75457,6,0,0,6,4
2020-08-15,US,Virginia,Bath,4,0,0,38.05852573,-79.73912095,51017.0,96.45526886906195,0.0,4,4,0,0,4,4,4292,0,0,0,0,0
2020-08-15,US,Virginia,Bedford,397,8,0,37.3080028,-79.5281964,51019.0,502.55072977454836,2.0151133501259446,389,384,8,0,376,377,78747,13,0,0,13,7
2020-08-15,US,Virginia,Bland,30,0,0,37.13128068,-81.13599391,51021.0,477.7070063694268,0.0,30,30,0,0,30,27,6293,0,0,0,0,3
2020-08-15,US,Virginia,Botetourt,220,7,0,37.55531756,-79.80982182,51023.0,658.3081480594873,3.1818181818181817,213,219,7,0,212,217,33277,1,0,0,1,2
2020-08-15,US,Virginia,Bristol,92,0,0,36.616302399999995,-82.16359122,51520.0,548.8605178379669,0.0,92,91,0,0,91,90,16482,1,0,0,1,1
2020-08-15,US,Virginia,Brunswick,247,2,0,36.76366949,-77.8593436,51025.0,1521.7793111946273,0.8097165991902834,245,247,2,0,245,240,16384,0,0,0,0,7
2020-08-15,US,Virginia,Buchanan,83,1,0,37.26818323,-82.03749726,51027.0,395.16282612835647,1.2048192771084338,82,83,1,0,82,81,21221,0,0,0,0,2
2020-08-15,US,Virginia,Buckingham,616,8,0,37.57242268,-78.52518834,51029.0,3592.255656636343,1.2987012987012987,608,613,8,0,605,612,16999,3,0,0,3,1
2020-08-15,US,Virginia,Buena Vista,64,1,0,37.73484642,-79.35296097,51530.0,987.9592466810743,1.5625,63,64,1,0,63,62,6237,0,0,0,0,2
2020-08-15,US,Virginia,Campbell,244,3,0,37.20553386,-79.09678609,51031.0,444.5659105402205,1.2295081967213115,241,237,2,0,235,228,54973,7,1,0,6,9
2020-08-15,US,Virginia,Caroline,224,5,0,38.02679129,-77.34901405,51033.0,729.0480065093573,2.232142857142857,219,223,5,0,218,221,30772,1,0,0,1,2
2020-08-15,US,Virginia,Carroll,340,14,0,36.73066666,-80.73455942,51035.0,1141.2842804873956,4.117647058823529,326,339,14,0,325,335,29636,1,0,0,1,4
2020-08-15,US,Virginia,Charles City,54,5,0,37.35358063,-77.05634116,51036.0,775.5277897457993,9.25925925925926,49,53,5,0,48,53,6941,1,0,0,1,0
2020-08-15,US,Virginia,Charlotte,57,0,0,37.01909701,-78.66314092,51037.0,479.7979797979798,0.0,57,56,0,0,56,55,11938,1,0,0,1,1
2020-08-15,US,Virginia,Charlottesville,558,15,0,38.03527919,-78.48569588,51540.0,1180.5526171032034,2.6881720430107525,543,555,15,0,540,554,48117,3,0,0,3,1
2020-08-15,US,Virginia,Chesapeake,3197,41,0,36.67670048,-76.30545744,51550.0,1305.7773602630346,1.2824522990303409,3156,3158,41,0,3117,3082,242634,39,0,0,39,76
2020-08-15,US,Virginia,Chesterfield,4596,80,0,37.37373208,-77.58680140000001,51041.0,1302.7137034370553,1.7406440382941688,4516,4542,80,0,4462,4512,348556,54,0,0,54,30
2020-08-15,US,Virginia,Clarke,73,0,0,39.11271747,-77.99199425,51043.0,499.3501607497094,0.0,73,73,0,0,73,72,14523,0,0,0,0,1
2020-08-15,US,Virginia,Colonial Heights,205,22,0,37.26420587,-77.39609676,51570.0,1180.195739781232,10.731707317073173,183,204,22,0,182,204,17833,1,0,0,1,0
2020-08-15,US,Virginia,Covington,13,0,0,37.7824656,-79.98631446,51580.0,234.74178403755863,0.0,13,13,0,0,13,13,5460,0,0,0,0,0
2020-08-15,US,Virginia,Craig,19,0,0,37.48133648,-80.21072274,51045.0,370.2981874878191,0.0,19,19,0,0,19,18,5064,0,0,0,0,1
2020-08-15,US,Virginia,Culpeper,1033,12,0,38.48199985,-77.95630870000002,51047.0,1963.6916642904666,1.1616650532429815,1021,1029,12,0,1017,1021,51859,4,0,0,4,8
2020-08-15,US,Virginia,Cumberland,80,0,0,37.51328851,-78.24398086,51049.0,805.4772452678212,0.0,80,79,0,0,79,78,9809,1,0,0,1,1
2020-08-15,US,Virginia,Danville,451,8,0,36.58022376,-79.40395668,51590.0,1126.2611127759465,1.7738359201773837,443,441,8,0,433,430,40693,10,0,0,10,11
2020-08-15,US,Virginia,Dickenson,52,1,0,37.12560977,-82.35124171,51051.0,363.1792149741584,1.9230769230769231,51,49,1,0,48,49,14523,3,0,0,3,0
2020-08-15,US,Virginia,Dinwiddie,232,7,0,37.07544585,-77.63451754,51053.0,812.7802690582961,3.0172413793103448,225,227,7,0,220,226,28529,5,0,0,5,1
2020-08-15,US,Virginia,Emporia,188,15,0,36.69455571,-77.53406129,51595.0,3516.647961092405,7.978723404255319,173,183,15,0,168,182,5121,5,0,0,5,1
2020-08-15,US,Virginia,Essex,108,1,0,37.93357639,-76.94230311,51057.0,986.0312243221035,0.925925925925926,107,108,1,0,107,107,10919,0,0,0,0,1
2020-08-15,US,Virginia,Fairfax,16882,533,0,38.83677558,-77.27565836,51059.0,1471.1572313451825,3.1572088615093,16349,16816,531,0,16285,16703,1150795,66,2,0,64,113
2020-08-15,US,Virginia,Fairfax,16882,533,0,38.83677558,-77.27565836,51059.0,1471.1572313451825,3.1572088615093,16349,16816,531,0,16285,16703,24574,66,2,0,64,113
2020-08-15,US,Virginia,Fairfax City,98,7,0,38.85157547,-77.29779640000002,51600.0,408.0103251592489,7.142857142857142,91,93,7,0,86,92,24574,5,0,0,5,1
2020-08-15,US,Virginia,Falls Church,62,6,0,38.88485255,-77.17560759,51610.0,424.163645070808,9.677419354838712,56,63,6,0,57,63,14772,-1,0,0,-1,0
2020-08-15,US,Virginia,Fauquier,632,9,0,38.73564842,-77.80647472,51061.0,887.3662632332706,1.4240506329113924,623,627,9,0,618,624,70675,5,0,0,5,3
2020-08-15,US,Virginia,Floyd,111,2,0,36.9302126,-80.36738849,51063.0,704.8066543907547,1.8018018018018016,109,111,2,0,109,109,15795,0,0,0,0,2
2020-08-15,US,Virginia,Fluvanna,201,9,0,37.84157909,-78.27715475,51065.0,737.0737073707371,4.477611940298506,192,199,9,0,190,197,26783,2,0,0,2,2
2020-08-15,US,Virginia,Franklin,182,1,0,36.99536167,-79.88023649,51067.0,324.7564326754934,0.5494505494505495,181,179,1,0,178,177,56195,3,0,0,3,2
2020-08-15,US,Virginia,Franklin,182,1,0,36.99536167,-79.88023649,51067.0,324.7564326754934,0.5494505494505495,181,179,1,0,178,177,8013,3,0,0,3,2
2020-08-15,US,Virginia,Franklin City,205,6,0,36.6831435,-76.93859681,51620.0,2573.114095644534,2.9268292682926833,199,205,6,0,199,201,8013,0,0,0,0,4
2020-08-15,US,Virginia,Frederick,695,10,0,39.20172582,-78.25974949,51069.0,778.1621936336255,1.4388489208633093,685,690,9,0,681,688,88355,5,1,0,4,2
2020-08-15,US,Virginia,Fredericksburg,426,4,0,38.2977863,-77.4922454,51630.0,1467.1442347430775,0.9389671361502347,422,424,4,0,420,421,29144,2,0,0,2,3
2020-08-15,US,Virginia,Galax,353,27,0,36.66601852,-80.91703124,51640.0,5561.682684732946,7.648725212464589,326,353,27,0,326,352,6423,0,0,0,0,1
2020-08-15,US,Virginia,Giles,29,0,0,37.31234791,-80.70636931,51071.0,173.44497607655504,0.0,29,28,0,0,28,27,16844,1,0,0,1,1
2020-08-15,US,Virginia,Gloucester,175,2,0,37.40809042,-76.53524337,51073.0,468.5659205312199,1.1428571428571428,173,173,2,0,171,171,37349,2,0,0,2,2
2020-08-15,US,Virginia,Goochland,171,7,0,37.71714806,-77.90381514,51075.0,719.9090641182165,4.093567251461988,164,170,7,0,163,169,23244,1,0,0,1,1
2020-08-15,US,Virginia,Grayson,164,5,0,36.65677234,-81.23215889,51077.0,1054.6623794212219,3.0487804878048776,159,161,5,0,156,157,15631,3,0,0,3,4
2020-08-15,US,Virginia,Greene,176,2,0,38.29545894,-78.46525378,51079.0,888.0367324284778,1.1363636363636365,174,173,2,0,171,172,19779,3,0,0,3,1
2020-08-15,US,Virginia,Greensville,569,11,0,36.67878901,-77.56351439,51081.0,5019.407198306281,1.9332161687170475,558,569,11,0,558,535,11627,0,0,0,0,34
2020-08-15,US,Virginia,Halifax,167,2,0,36.76654925,-78.93512622,51083.0,492.4655716434195,1.1976047904191616,165,164,2,0,162,160,34120,3,0,0,3,4
2020-08-15,US,Virginia,Hampton,1321,9,0,37.03513786,-76.35879121,51650.0,982.0831164969148,0.6813020439061317,1312,1309,7,0,1302,1291,134313,12,2,0,10,18
2020-08-15,US,Virginia,Hanover,695,33,0,37.7583355,-77.49464673,51085.0,644.9158361635398,4.748201438848921,662,690,33,0,657,676,107239,5,0,0,5,14
2020-08-15,US,Virginia,Harrisonburg,1093,31,0,38.43542574,-78.87536254,51660.0,2061.64176852271,2.8362305580969807,1062,1088,31,0,1057,1086,54033,5,0,0,5,2
2020-08-15,US,Virginia,Henrico,4068,187,0,37.53460572,-77.39326555,51087.0,1229.6791589333106,4.5968534906588,3881,4042,187,0,3855,3999,329261,26,0,0,26,43
2020-08-15,US,Virginia,Henry,672,9,0,36.68542395,-79.87634026,51089.0,1329.1927922938467,1.3392857142857142,663,660,9,0,651,644,50953,12,0,0,12,16
2020-08-15,US,Virginia,Highland,6,0,0,38.35799465,-79.56124594,51091.0,273.97260273972597,0.0,6,6,0,0,6,6,2210,0,0,0,0,0
2020-08-15,US,Virginia,Hopewell,286,5,0,37.29186313,-77.29754684,51670.0,1269.4748990190421,1.7482517482517483,281,282,5,0,277,279,22596,4,0,0,4,3
2020-08-15,US,Virginia,Isle of Wight,429,9,0,36.90579348,-76.70842863,51093.0,1156.0537874909053,2.097902097902098,420,424,9,0,415,415,36953,5,0,0,5,9
2020-08-15,US,Virginia,James City,637,17,0,37.31156958,-76.76950618,51095.0,832.42946565085,2.668759811616954,620,632,17,0,615,624,76397,5,0,0,5,8
2020-08-15,US,Virginia,King George,164,4,0,38.26818502,-77.15852768,51099.0,611.1193918616782,2.4390243902439024,160,160,4,0,156,158,26575,4,0,0,4,2
2020-08-15,US,Virginia,King William,101,2,0,37.70965316,-77.09384941,51101.0,588.989969675764,1.98019801980198,99,100,2,0,98,93,16939,1,0,0,1,7
2020-08-15,US,Virginia,King and Queen,42,1,0,37.71044922,-76.88689628,51097.0,597.8647686832742,2.380952380952381,41,42,1,0,41,42,7042,0,0,0,0,0
2020-08-15,US,Virginia,Lancaster,49,0,0,37.71889653,-76.46400482,51103.0,462.1333584834481,0.0,49,45,0,0,45,45,10783,4,0,0,4,0
2020-08-15,US,Virginia,Lee,144,2,0,36.70586667,-83.12606515,51105.0,614.7803441062204,1.3888888888888888,142,140,1,0,139,135,23541,4,1,0,3,5
2020-08-15,US,Virginia,Lexington,35,0,0,37.78258621,-79.44262866,51678.0,470.05103411227515,0.0,35,35,0,0,35,34,7136,0,0,0,0,1
2020-08-15,US,Virginia,Loudoun,5482,115,0,39.08990083,-77.63481877,51107.0,1325.6339199783333,2.0977745348412986,5367,5441,115,0,5326,5403,406850,41,0,0,41,38
2020-08-15,US,Virginia,Louisa,203,2,0,37.97850256,-77.96274807,51109.0,540.0228778164986,0.9852216748768472,201,198,2,0,196,198,36778,5,0,0,5,0
2020-08-15,US,Virginia,Lunenburg,67,1,0,36.94618528,-78.24133319,51111.0,549.3604460478846,1.492537313432836,66,66,1,0,65,66,12086,1,0,0,1,0
2020-08-15,US,Virginia,Lynchburg,719,5,0,37.40021399,-79.19888138,51680.0,875.0365105637231,0.6954102920723226,714,703,5,0,698,680,82126,16,0,0,16,23
2020-08-15,US,Virginia,Madison,72,1,0,38.41531222,-78.28220331,51113.0,542.9454792247947,1.3888888888888888,71,73,1,0,72,73,13295,-1,0,0,-1,0
2020-08-15,US,Virginia,Manassas,1696,22,0,38.7464321,-77.48509905,51683.0,4128.027260557381,1.2971698113207548,1674,1689,22,0,1667,1679,41641,7,0,0,7,10
2020-08-15,US,Virginia,Manassas Park,530,7,0,38.77058531,-77.44399307,51685.0,3032.383567913949,1.320754716981132,523,530,7,0,523,520,17307,0,0,0,0,10
2020-08-15,US,Virginia,Martinsville,240,3,0,36.68212094,-79.86352771,51690.0,1911.7412776804208,1.25,237,238,3,0,235,229,12902,2,0,0,2,9
2020-08-15,US,Virginia,Mathews,23,0,0,37.44164146,-76.34098896,51115.0,260.3577088521621,0.0,23,21,0,0,21,20,8802,2,0,0,2,1
2020-08-15,US,Virginia,Mecklenburg,458,32,0,36.67882005,-78.36131056,51117.0,1497.368162945042,6.986899563318777,426,454,32,0,422,449,30650,4,0,0,4,5
2020-08-15,US,Virginia,Middlesex,51,1,0,37.63191998,-76.55064617,51119.0,481.950481950482,1.96078431372549,50,50,1,0,49,49,10769,1,0,0,1,1
2020-08-15,US,Virginia,Montgomery,321,3,0,37.17746986,-80.37868691,51121.0,325.77256812300203,0.9345794392523364,318,315,3,0,312,313,98985,6,0,0,6,2
2020-08-15,US,Virginia,Nelson,61,0,0,37.78790447,-78.88498513,51125.0,408.57334226389816,0.0,61,59,0,0,59,57,14836,2,0,0,2,2
2020-08-15,US,Virginia,New Kent,134,1,0,37.50694406,-76.99828634,51127.0,580.3126759343468,0.746268656716418,133,133,1,0,132,132,22391,1,0,0,1,1
2020-08-15,US,Virginia,Newport News,1960,20,0,37.08166899,-76.51754109,51700.0,1093.5974333937786,1.020408163265306,1940,1936,20,0,1916,1898,178626,24,0,0,24,38
2020-08-15,US,Virginia,Norfolk,3944,34,0,36.89934014,-76.26420872,51710.0,1624.770332286955,0.8620689655172413,3910,3895,33,0,3862,3858,244076,49,1,0,48,37
2020-08-15,US,Virginia,Northampton,298,29,0,37.34062933,-75.87751591,51131.0,2544.8334756618274,9.731543624161072,269,298,29,0,269,297,11735,0,0,0,0,1
2020-08-15,US,Virginia,Northumberland,79,3,0,37.89202088,-76.41949732,51133.0,653.1624638280281,3.79746835443038,76,79,3,0,76,77,12147,0,0,0,0,2
2020-08-15,US,Virginia,Norton,23,0,0,36.93357076,-82.62750411,51720.0,577.7442853554384,0.0,23,22,0,0,22,22,3968,1,0,0,1,0
2020-08-15,US,Virginia,Nottoway,183,14,0,37.1435975,-78.05065922,51135.0,1201.4180672268908,7.6502732240437155,169,183,14,0,169,183,15420,0,0,0,0,0
2020-08-15,US,Virginia,Orange,233,3,0,38.24530219,-78.01560400000002,51137.0,628.8629186796577,1.2875536480686696,230,233,3,0,230,232,36644,0,0,0,0,1
2020-08-15,US,Virginia,Page,352,25,0,38.61807452,-78.48797204,51139.0,1472.6801104510082,7.102272727272728,327,351,25,0,326,349,23933,1,0,0,1,2
2020-08-15,US,Virginia,Patrick,176,5,0,36.680163799999995,-80.2865648,51141.0,999.5456610631533,2.8409090909090913,171,174,4,0,170,167,17673,2,1,0,1,7
2020-08-15,US,Virginia,Petersburg,537,19,0,37.20530399,-77.39368102,51730.0,1713.137242391374,3.538175046554935,518,531,19,0,512,531,31567,6,0,0,6,0
2020-08-15,US,Virginia,Pittsylvania,560,2,0,36.81980341,-79.39731264,51143.0,927.8589654372536,0.35714285714285715,558,553,2,0,551,530,60949,7,0,0,7,23
2020-08-15,US,Virginia,Poquoson,45,0,0,37.14259351,-76.35798148,51735.0,366.7182788688778,0.0,45,44,0,0,44,44,12190,1,0,0,1,0
2020-08-15,US,Virginia,Portsmouth,1964,25,0,36.85914825,-76.35971629,51740.0,2080.552554079536,1.2729124236252545,1939,1952,25,0,1927,1907,94632,12,0,0,12,45
2020-08-15,US,Virginia,Powhatan,161,4,0,37.55016038,-77.91267882,51145.0,542.9650613786591,2.4844720496894412,157,159,4,0,155,156,29189,2,0,0,2,3
2020-08-15,US,Virginia,Prince Edward,447,10,0,37.22554789,-78.43597949,51147.0,1960.3543548811508,2.237136465324385,437,436,10,0,426,427,22950,11,0,0,11,9
2020-08-15,US,Virginia,Prince George,454,2,0,37.18497668,-77.22922187,51149.0,1183.7405157354053,0.4405286343612335,452,443,2,0,441,424,38082,11,0,0,11,19
2020-08-15,US,Virginia,Prince William,9824,178,0,38.70916224,-77.48713689,51153.0,2088.7239945995943,1.8118892508143325,9646,9773,178,0,9595,9686,468011,51,0,0,51,87
2020-08-15,US,Virginia,Pulaski,91,3,0,37.06474963,-80.71229738,51155.0,267.4346842213536,3.2967032967032965,88,90,3,0,87,90,34066,1,0,0,1,0
2020-08-15,US,Virginia,Radford,65,0,0,37.12222899,-80.56027320000003,51750.0,356.1839004876979,0.0,65,63,0,0,63,60,18339,2,0,0,2,3
2020-08-15,US,Virginia,Rappahannock,45,2,0,38.68295619,-78.15826963,51157.0,610.5834464043419,4.4444444444444455,43,45,2,0,43,44,7252,0,0,0,0,1
2020-08-15,US,Virginia,Richmond,323,4,0,37.937575,-76.72920628,51159.0,3579.7406627507485,1.238390092879257,319,322,4,0,318,321,9038,1,0,0,1,1
2020-08-15,US,Virginia,Richmond City,3339,42,0,37.53255773,-77.47966921,51760.0,1448.992344946102,1.2578616352201255,3297,3308,41,0,3267,3280,228783,31,1,0,30,28
2020-08-15,US,Virginia,Roanoke,515,4,0,37.26865804,-80.06396753,51161.0,546.7903934767376,0.7766990291262136,511,513,4,0,509,506,94073,2,0,0,2,7
2020-08-15,US,Virginia,Roanoke City,1056,15,0,37.27791025,-79.96189766,51770.0,1065.128148230334,1.4204545454545454,1041,1051,15,0,1036,1041,99920,5,0,0,5,10
2020-08-15,US,Virginia,Rockbridge,75,1,0,37.81204314,-79.44605905,51163.0,332.2553493111239,1.3333333333333333,74,72,1,0,71,71,22752,3,0,0,3,1
2020-08-15,US,Virginia,Rockingham,968,20,0,38.51006137,-78.87260325,51165.0,1181.2368819251233,2.066115702479338,948,964,20,0,944,963,81244,4,0,0,4,1
2020-08-15,US,Virginia,Russell,145,3,0,36.93028320000001,-82.10095486,51167.0,545.3998344993606,2.0689655172413794,142,140,3,0,137,136,26748,5,0,0,5,4
2020-08-15,US,Virginia,Salem,165,3,0,37.2836193,-80.06219455,51775.0,652.148136437295,1.818181818181818,162,165,3,0,162,164,25643,0,0,0,0,1
2020-08-15,US,Virginia,Scott,114,3,0,36.71466456,-82.60171704,51169.0,528.6098488361309,2.631578947368421,111,112,3,0,109,111,21534,2,0,0,2,1
2020-08-15,US,Virginia,Shenandoah,736,47,0,38.85905135,-78.56813762,51171.0,1687.4541452677915,6.3858695652173925,689,732,46,0,686,728,43497,4,1,0,3,4
2020-08-15,US,Virginia,Smyth,164,3,0,36.84455636,-81.53344948,51173.0,544.7781025777307,1.8292682926829267,161,160,3,0,157,158,30472,4,0,0,4,2
2020-08-15,US,Virginia,Southampton,301,13,0,36.72231125,-77.10642712,51175.0,1707.2202370824116,4.318936877076412,288,293,13,0,280,278,17586,8,0,0,8,15
2020-08-15,US,Virginia,Spotsylvania,1598,35,0,38.18574462,-77.655399,51177.0,1173.1453951473773,2.1902377972465583,1563,1581,35,0,1546,1570,134238,17,0,0,17,11
2020-08-15,US,Virginia,Stafford,1480,10,0,38.41758738,-77.45917053,51179.0,968.0668751062911,0.6756756756756757,1470,1460,10,0,1450,1446,149960,20,0,0,20,14
2020-08-15,US,Virginia,Staunton,158,0,0,38.15965544,-79.05979937,51790.0,633.7237285416332,0.0,158,156,0,0,156,155,24922,2,0,0,2,1
2020-08-15,US,Virginia,Suffolk,1401,53,0,36.70155394,-76.63603554,51800.0,1521.0405176531895,3.783012134189864,1348,1379,53,0,1326,1351,91185,22,0,0,22,28
2020-08-15,US,Virginia,Surry,51,2,0,37.11781893,-76.88450012,51181.0,794.1451261289317,3.92156862745098,49,51,2,0,49,52,6474,0,0,0,0,-1
2020-08-15,US,Virginia,Sussex,316,9,0,36.92432914,-77.25791182,51183.0,2831.7949637064253,2.848101265822785,307,315,9,0,306,313,11237,1,0,0,1,2
2020-08-15,US,Virginia,Tazewell,130,0,0,37.12191123,-81.56685568,51185.0,320.23648232540955,0.0,130,127,0,0,127,126,40855,3,0,0,3,1
2020-08-15,US,Virginia,Virginia Beach,5322,55,0,36.73285734,-76.04566934,51810.0,1182.7350024668092,1.0334460729049229,5267,5277,55,0,5222,5204,450189,45,0,0,45,73
2020-08-15,US,Virginia,Warren,367,6,0,38.90847745,-78.20280433,51187.0,913.7536101981874,1.6348773841961852,361,366,6,0,360,360,40003,1,0,0,1,6
2020-08-15,US,Virginia,Washington,261,6,0,36.72341572,-81.95666289,51191.0,485.67175288425767,2.2988505747126435,255,250,6,0,244,242,54402,11,0,0,11,8
2020-08-15,US,Virginia,Waynesboro,187,3,0,38.06451466,-78.90293905,51820.0,826.3367211665933,1.60427807486631,184,185,3,0,182,180,22628,2,0,0,2,5
2020-08-15,US,Virginia,Westmoreland,216,3,0,38.11021557,-76.80213247,51193.0,1199.000832639467,1.3888888888888888,213,215,3,0,212,216,17830,1,0,0,1,-1
2020-08-15,US,Virginia,Williamsburg,133,6,0,37.28131268,-76.70905141,51830.0,889.3941420355757,4.511278195488722,127,132,6,0,126,130,14896,1,0,0,1,2
2020-08-15,US,Virginia,Winchester,416,4,0,39.17054517,-78.17325058,51840.0,1481.5870076216254,0.9615384615384616,412,412,4,0,408,408,28108,4,0,0,4,4
2020-08-15,US,Virginia,Wise,229,5,0,36.9746148,-82.62410519,51195.0,612.5779097450712,2.183406113537118,224,208,5,0,203,201,38012,21,0,0,21,7
2020-08-15,US,Virginia,Wythe,125,3,0,36.91582035,-81.07834059,51197.0,435.78301492121045,2.4,122,122,3,0,119,120,28754,3,0,0,3,2
2020-08-15,US,Virginia,York,400,4,0,37.24374789,-76.54412815,51199.0,585.8230814294083,1.0,396,394,4,0,390,383,67846,6,0,0,6,11
2020-08-15,US,Washington,Adams,494,5,0,46.98299757,-118.56017340000001,53001.0,2472.101286093179,1.0121457489878545,489,479,5,0,474,460,19759,15,0,0,15,19
2020-08-15,US,Washington,Asotin,39,2,0,46.18894415,-117.2022851,53003.0,172.703923478877,5.128205128205129,37,33,2,0,31,31,22610,6,0,0,6,2
2020-08-15,US,Washington,Benton,3845,121,0,46.23946995,-119.51208340000001,53005.0,1881.2074954743384,3.1469440832249678,3724,3815,121,0,3694,3802,201877,30,0,0,30,13
2020-08-15,US,Washington,Chelan,1501,10,0,47.87046092,-120.6173956,53007.0,1944.300518134715,0.6662225183211192,1491,1482,10,0,1472,1449,77036,19,0,0,19,33
2020-08-15,US,Washington,Clallam,152,1,0,48.04754642,-123.92263190000001,53009.0,196.55765475682446,0.6578947368421053,151,146,0,0,146,144,76737,6,1,0,5,2
2020-08-15,US,Washington,Clark,1927,48,0,45.77568046,-122.48292040000001,53011.0,394.682134437706,2.4909185262065385,1879,1897,47,0,1850,1874,481857,30,1,0,29,23
2020-08-15,US,Washington,Columbia,13,1,0,46.29442881,-117.9051983,53013.0,326.2233375156838,7.6923076923076925,12,13,1,0,12,13,4059,0,0,0,0,0
2020-08-15,US,Washington,Cowlitz,504,5,0,46.19074721,-122.6782231,53015.0,455.72504588898033,0.992063492063492,499,504,5,0,499,502,108987,0,0,0,0,2
2020-08-15,US,Washington,Douglas,1011,7,0,47.7361335,-119.69293700000001,53017.0,2327.9375532478307,0.6923837784371909,1004,1007,7,0,1000,985,42907,4,0,0,4,22
2020-08-15,US,Washington,Ferry,22,0,0,48.471143100000006,-118.5154041,53019.0,288.4489314278223,0.0,22,22,0,0,22,22,7649,0,0,0,0,0
2020-08-15,US,Washington,Franklin,3705,51,0,46.53351425,-118.9018212,53021.0,3890.907563378211,1.3765182186234817,3654,3667,51,0,3616,3605,94347,38,0,0,38,62
2020-08-15,US,Washington,Garfield,4,0,0,46.43197502,-117.54540320000001,53023.0,179.77528089887642,0.0,4,4,0,0,4,4,2247,0,0,0,0,0
2020-08-15,US,Washington,Grant,1746,13,0,47.20753737,-119.4500749,53025.0,1786.4999539561868,0.7445589919816724,1733,1676,13,0,1663,1627,97331,70,0,0,70,49
2020-08-15,US,Washington,Grays Harbor,138,3,0,47.14003705,-123.7820567,53027.0,183.85046828579425,2.1739130434782608,135,132,3,0,129,127,73901,6,0,0,6,5
2020-08-15,US,Washington,Island,250,12,0,48.14713305,-122.5216407,53029.0,293.6305657673741,4.8,238,249,13,0,236,249,84460,1,-1,0,2,0
2020-08-15,US,Washington,Jefferson,57,0,0,47.75003077,-123.56097040000002,53031.0,176.9032618478632,0.0,57,57,0,0,57,56,31729,0,0,0,0,1
2020-08-15,US,Washington,King,17491,688,0,47.49137892,-121.8346131,53033.0,776.4177803267247,3.9334514893373735,16803,17308,689,0,16619,17118,2233163,183,-1,0,184,190
2020-08-15,US,Washington,Kitsap,801,7,0,47.63479026,-122.6436061,53035.0,295.0569669911925,0.8739076154806492,794,793,7,0,786,778,269805,8,0,0,8,15
2020-08-15,US,Washington,Kittitas,445,20,0,47.12521214,-120.67943899999999,53037.0,928.3404610409932,4.49438202247191,425,426,20,0,406,412,47364,19,0,0,19,14
2020-08-15,US,Washington,Klickitat,133,3,0,45.87325839,-120.7913598,53039.0,593.088071348941,2.255639097744361,130,121,3,0,118,119,22107,12,0,0,12,2
2020-08-15,US,Washington,Lewis,257,4,0,46.57756476,-122.39257690000001,53041.0,318.43582341060875,1.5564202334630348,253,241,4,0,237,233,79604,16,0,0,16,8
2020-08-15,US,Washington,Lincoln,31,0,0,47.57705241,-118.41943880000001,53043.0,283.3897065545296,0.0,31,30,0,0,30,27,10740,1,0,0,1,3
2020-08-15,US,Washington,Mason,257,1,0,47.35007586,-123.1863685,53045.0,384.91492930745284,0.3891050583657588,256,254,1,0,253,240,65507,3,0,0,3,14
2020-08-15,US,Washington,Okanogan,907,5,0,48.54855019,-119.73872240000001,53047.0,2147.101294889094,0.5512679162072768,902,903,5,0,898,885,42132,4,0,0,4,18
2020-08-15,US,Washington,Pacific,57,2,0,46.55418369,-123.7285716,53049.0,253.66027324106625,3.5087719298245608,55,55,2,0,53,54,22036,2,0,0,2,1
2020-08-15,US,Washington,Pend Oreille,48,0,0,48.53234021,-117.2741804,53051.0,349.7522588166716,0.0,48,46,0,0,46,46,13602,2,0,0,2,0
2020-08-15,US,Washington,Pierce,6094,146,0,47.03892768,-122.14059579999999,53053.0,673.3850471833632,2.3957991467016737,5948,6038,146,0,5892,5940,891299,56,0,0,56,98
2020-08-15,US,Washington,San Juan,30,0,0,48.60182783,-122.96745,53055.0,170.62905243999546,0.0,30,30,0,0,30,30,17128,0,0,0,0,0
2020-08-15,US,Washington,Skagit,922,23,0,48.48171488,-121.766131,53057.0,713.5946751286716,2.4945770065075923,899,916,22,0,894,909,128206,6,1,0,5,7
2020-08-15,US,Washington,Skamania,58,1,0,46.02408726,-121.91644029999999,53059.0,480.01324174459984,1.7241379310344829,57,58,1,0,57,57,11924,0,0,0,0,1
2020-08-15,US,Washington,Snohomish,5716,203,0,48.04615983,-121.7170703,53061.0,695.306921563881,3.5514345696291114,5513,5668,202,0,5466,5621,814901,48,1,0,47,47
2020-08-15,US,Washington,Spokane,4758,105,0,47.62113146,-117.4046494,53063.0,910.102946070949,2.206809583858764,4653,4723,101,0,4622,4667,514631,35,4,0,31,56
2020-08-15,US,Washington,Stevens,117,1,0,48.40035475,-117.8542701,53065.0,255.88872121251887,0.8547008547008547,116,114,1,0,113,113,45260,3,0,0,3,1
2020-08-15,US,Washington,Thurston,781,11,0,46.9291895,-122.82906559999999,53067.0,268.81350331800536,1.4084507042253518,770,774,11,0,763,761,286419,7,0,0,7,13
2020-08-15,US,Washington,Unassigned,250,4,0,0.0,0.0,90053.0,0.0,1.6,246,217,2,0,215,210,,33,2,0,31,7
2020-08-15,US,Washington,Wahkiakum,5,0,0,46.29180039999999,-123.4250831,53069.0,111.40819964349377,0.0,5,5,0,0,5,5,4426,0,0,0,0,0
2020-08-15,US,Washington,Walla Walla,587,4,0,46.23040051,-118.4775539,53071.0,966.0961158657013,0.6814310051107325,583,581,3,0,578,572,60922,6,1,0,5,9
2020-08-15,US,Washington,Whatcom,1018,39,0,48.82227976,-121.74900179999999,53073.0,444.0625177210607,3.831041257367387,979,1012,39,0,973,1007,225685,6,0,0,6,5
2020-08-15,US,Washington,Whitman,124,0,0,46.90022523,-117.52417630000001,53075.0,247.48523072010212,0.0,124,120,0,0,120,118,49791,4,0,0,4,2
2020-08-15,US,Washington,Yakima,10590,220,0,46.45738486,-120.73801259999999,53077.0,4221.259362306823,2.077431539187913,10370,10523,218,0,10305,10467,251446,67,2,0,65,56
2020-08-15,US,West Virginia,Barbour,31,1,0,39.1307219,-80.00350858,54001.0,188.5530077245909,3.2258064516129035,30,31,1,0,30,29,16535,0,0,0,0,2
2020-08-15,US,West Virginia,Berkeley,733,11,0,39.46704621,-78.02414609,54003.0,615.0825284674962,1.500682128240109,722,727,11,0,716,720,117123,6,0,0,6,7
2020-08-15,US,West Virginia,Boone,117,0,0,38.01974191,-81.69888019,54005.0,545.27659971105,0.0,117,114,0,0,114,112,21951,3,0,0,3,2
2020-08-15,US,West Virginia,Braxton,8,0,0,38.70036159,-80.72011184,54007.0,57.31890807480117,0.0,8,8,0,0,8,8,14089,0,0,0,0,0
2020-08-15,US,West Virginia,Brooke,74,1,0,40.27367263,-80.57915332,54009.0,337.2988741510552,1.351351351351351,73,72,1,0,71,70,22203,2,0,0,2,2
2020-08-15,US,West Virginia,Cabell,447,3,0,38.42424062,-82.23855912,54011.0,486.1602044700636,0.6711409395973155,444,436,3,0,433,431,93224,11,0,0,11,5
2020-08-15,US,West Virginia,Calhoun,6,0,0,38.84315422,-81.11934872,54013.0,84.40005626670418,0.0,6,6,0,0,6,6,7254,0,0,0,0,0
2020-08-15,US,West Virginia,Clay,18,1,0,38.46231092,-81.07652217,54015.0,211.56558533145275,5.5555555555555545,17,18,1,0,17,18,8632,0,0,0,0,0
2020-08-15,US,West Virginia,Doddridge,6,0,0,39.27057157,-80.70671527,54017.0,71.02272727272727,0.0,6,6,0,0,6,6,8406,0,0,0,0,0
2020-08-15,US,West Virginia,Fayette,166,7,0,38.02974928,-81.08286634,54019.0,391.45403952270897,4.216867469879518,159,166,7,0,159,160,43018,0,0,0,0,6
2020-08-15,US,West Virginia,Gilmer,18,0,0,38.9251277,-80.85952723,54021.0,230.09075802121947,0.0,18,18,0,0,18,17,8026,0,0,0,0,1
2020-08-15,US,West Virginia,Grant,131,4,0,39.10314817,-79.19440518,54023.0,1132.4343015214386,3.053435114503817,127,131,4,0,127,131,11626,0,0,0,0,0
2020-08-15,US,West Virginia,Greenbrier,95,3,0,37.9463652,-80.45335881,54025.0,274.0753562979632,3.1578947368421053,92,94,3,0,91,93,34786,1,0,0,1,1
2020-08-15,US,West Virginia,Hampshire,86,1,0,39.32103553,-78.60826476,54027.0,371.08953613807984,1.162790697674419,85,86,1,0,85,84,23347,0,0,0,0,2
2020-08-15,US,West Virginia,Hancock,112,0,0,40.51943859,-80.57461608,54029.0,388.753904894134,0.0,112,112,0,0,112,112,29094,0,0,0,0,0
2020-08-15,US,West Virginia,Hardy,63,0,0,39.00683177,-78.85855301,54031.0,457.31707317073165,0.0,63,62,0,0,62,62,13775,1,0,0,1,0
2020-08-15,US,West Virginia,Harrison,243,1,0,39.2853852,-80.37919577,54033.0,361.3060544784108,0.41152263374485604,242,240,1,0,239,238,67554,3,0,0,3,2
2020-08-15,US,West Virginia,Jackson,166,19,0,38.84263974,-81.68148753,54035.0,580.9070548712208,11.445783132530119,147,166,19,0,147,166,28706,0,0,0,0,0
2020-08-15,US,West Virginia,Jefferson,304,4,0,39.30776166,-77.86014147,54037.0,531.9707416092115,1.3157894736842106,300,303,4,0,299,302,56811,1,0,0,1,1
2020-08-15,US,West Virginia,Kanawha,1066,24,0,38.33860077,-81.52857054,54039.0,598.4595001235092,2.25140712945591,1042,1046,24,0,1022,1020,180454,20,0,0,20,26
2020-08-15,US,West Virginia,Lewis,28,2,0,38.9947249,-80.49988181,54041.0,176.02313446910165,7.142857142857142,26,28,2,0,26,29,16024,0,0,0,0,-1
2020-08-15,US,West Virginia,Lincoln,105,0,0,38.172154,-82.07017953,54043.0,514.4789063648391,0.0,105,97,0,0,97,96,20599,8,0,0,8,1
2020-08-15,US,West Virginia,Logan,354,11,0,37.8299889,-81.93528571,54045.0,1105.593553827415,3.1073446327683616,343,285,10,0,275,276,32607,69,1,0,68,9
2020-08-15,US,West Virginia,Marion,199,2,0,39.50984542,-80.24244659,54049.0,354.90084177486085,1.0050251256281406,197,198,2,0,196,195,56097,1,0,0,1,3
2020-08-15,US,West Virginia,Marshall,130,1,0,39.86064362,-80.66591062,54051.0,425.79673119124817,0.7692307692307693,129,130,1,0,129,130,30785,0,0,0,0,0
2020-08-15,US,West Virginia,Mason,70,1,0,38.77071799,-82.02524219,54053.0,263.99155227032736,1.4285714285714286,69,70,1,0,69,67,26718,0,0,0,0,3
2020-08-15,US,West Virginia,McDowell,66,0,0,37.38002939,-81.65083669,54047.0,374.489332728098,0.0,66,65,0,0,65,64,18223,1,0,0,1,1
2020-08-15,US,West Virginia,Mercer,227,18,0,37.40481169,-81.11023142,54055.0,386.3303720344464,7.929515418502202,209,219,17,0,202,216,59131,8,1,0,7,3
2020-08-15,US,West Virginia,Mineral,127,4,0,39.41561583,-78.94104895,54057.0,472.6812565133243,3.1496062992125986,123,127,4,0,123,127,26940,0,0,0,0,0
2020-08-15,US,West Virginia,Mingo,200,5,0,37.73048351,-82.13338365,54059.0,853.825136612022,2.5,195,198,5,0,193,195,23785,2,0,0,2,3
2020-08-15,US,West Virginia,Monongalia,986,5,0,39.63218457,-80.04766838,54061.0,933.6060296178464,0.5070993914807302,981,973,5,0,968,962,106420,13,0,0,13,11
2020-08-15,US,West Virginia,Monroe,21,0,0,37.56274716,-80.54577965,54063.0,158.19209039548022,0.0,21,21,0,0,21,21,13280,0,0,0,0,0
2020-08-15,US,West Virginia,Morgan,32,0,0,39.55439028,-78.26311676,54065.0,178.93088794453143,0.0,32,32,0,0,32,31,17787,0,0,0,0,1
2020-08-15,US,West Virginia,Nicholas,40,1,0,38.29617706,-80.79759588,54067.0,163.29196603527106,2.5,39,40,1,0,39,40,24842,0,0,0,0,0
2020-08-15,US,West Virginia,Ohio,278,4,0,40.0955451,-80.62203992,54069.0,671.3192147014079,1.4388489208633093,274,275,4,0,271,272,41755,3,0,0,3,3
2020-08-15,US,West Virginia,Pendleton,42,1,0,38.68314479,-79.35084086,54071.0,602.6689625484287,2.380952380952381,41,42,1,0,41,42,6997,0,0,0,0,0
2020-08-15,US,West Virginia,Pleasants,14,2,0,39.37091679,-81.16771771,54073.0,187.66756032171585,14.285714285714285,12,14,1,0,13,14,7507,0,1,0,-1,0
2020-08-15,US,West Virginia,Pocahontas,42,0,0,38.32758728,-80.00993811,54075.0,509.2761004001455,0.0,42,42,0,0,42,42,8414,0,0,0,0,0
2020-08-15,US,West Virginia,Preston,128,4,0,39.46770987,-79.66712803,54077.0,382.86671452500605,3.125,124,127,4,0,123,125,33839,1,0,0,1,2
2020-08-15,US,West Virginia,Putnam,216,0,0,38.50782345,-81.9082131,54079.0,382.6395039858282,0.0,216,207,0,0,207,204,56682,9,0,0,9,3
2020-08-15,US,West Virginia,Raleigh,292,1,0,37.76936795,-81.2456041,54081.0,398.03165169504234,0.3424657534246575,291,282,1,0,281,276,74254,10,0,0,10,6
2020-08-15,US,West Virginia,Randolph,213,0,0,38.769899,-79.87919615,54083.0,742.2895974908521,0.0,213,213,0,0,213,212,28823,0,0,0,0,1
2020-08-15,US,West Virginia,Ritchie,3,0,0,39.18094587,-81.06356878,54085.0,31.400460540087924,0.0,3,3,0,0,3,3,9721,0,0,0,0,0
2020-08-15,US,West Virginia,Roane,19,1,0,38.71622686,-81.35243568,54087.0,138.80771478667447,5.2631578947368425,18,19,1,0,18,19,13932,0,0,0,0,0
2020-08-15,US,West Virginia,Summers,18,0,0,37.65390597,-80.86009693,54089.0,143.16392269148173,0.0,18,17,0,0,17,16,12760,1,0,0,1,1
2020-08-15,US,West Virginia,Taylor,61,1,0,39.33602617,-80.0421439,54091.0,365.3788559448937,1.639344262295082,60,61,1,0,60,60,16862,0,0,0,0,1
2020-08-15,US,West Virginia,Tucker,11,0,0,39.11240885,-79.57053576,54093.0,160.84222839596433,0.0,11,11,0,0,11,11,6955,0,0,0,0,0
2020-08-15,US,West Virginia,Tyler,15,0,0,39.46811972,-80.88772676,54095.0,174.60132697008495,0.0,15,15,0,0,15,15,8746,0,0,0,0,0
2020-08-15,US,West Virginia,Upshur,40,0,0,38.89285061,-80.23689136,54097.0,165.45334215751157,0.0,40,40,0,0,40,40,24415,0,0,0,0,0
2020-08-15,US,West Virginia,Wayne,218,9,0,38.14901357,-82.42287994,54099.0,553.2714075427643,4.128440366972477,209,214,9,0,205,214,39944,4,0,0,4,0
2020-08-15,US,West Virginia,Webster,4,0,0,38.49370949,-80.4202023,54101.0,49.297510475720976,0.0,4,4,0,0,4,4,8285,0,0,0,0,0
2020-08-15,US,West Virginia,Wetzel,45,0,0,39.6065771,-80.64016540000001,54103.0,298.70560902754727,0.0,45,44,0,0,44,44,15270,1,0,0,1,0
2020-08-15,US,West Virginia,Wirt,7,0,0,39.02775007,-81.37473928,54105.0,120.25425184676172,0.0,7,7,0,0,7,7,5830,0,0,0,0,0
2020-08-15,US,West Virginia,Wood,275,5,0,39.20967886,-81.5162836,54107.0,329.2703369333557,1.818181818181818,270,269,5,0,264,266,84203,6,0,0,6,3
2020-08-15,US,West Virginia,Wyoming,46,2,0,37.612327,-81.54511071,54109.0,225.55653623614788,4.3478260869565215,44,46,2,0,44,43,20786,0,0,0,0,3
2020-08-15,US,Wisconsin,Adams,94,2,0,43.96974651,-89.76782777,55001.0,464.88625123639963,2.127659574468085,92,93,2,0,91,91,20348,1,0,0,1,2
2020-08-15,US,Wisconsin,Ashland,30,1,0,46.31956891,-90.67837132,55003.0,192.77727798483485,3.333333333333333,29,30,1,0,29,29,15600,0,0,0,0,1
2020-08-15,US,Wisconsin,Barron,323,3,0,45.42372701,-91.84833627,55005.0,713.9068163734418,0.9287925696594428,320,320,3,0,317,315,45164,3,0,0,3,5
2020-08-15,US,Wisconsin,Bayfield,32,1,0,46.52868768,-91.19716729,55007.0,212.8225591912743,3.125,31,32,1,0,31,30,15042,0,0,0,0,2
2020-08-15,US,Wisconsin,Brown,4469,55,0,44.452655299999996,-88.00411844,55009.0,1689.3347748183648,1.2307003803982994,4414,4425,55,0,4370,4391,263378,44,0,0,44,34
2020-08-15,US,Wisconsin,Buffalo,47,2,0,44.37835084,-91.75332578,55011.0,360.67838231908524,4.25531914893617,45,45,2,0,43,45,13125,2,0,0,2,0
2020-08-15,US,Wisconsin,Burnett,27,1,0,45.86303537,-92.36711412,55013.0,175.16543402101985,3.703703703703704,26,28,1,0,27,25,15392,-1,0,0,-1,3
2020-08-15,US,Wisconsin,Calumet,387,2,0,44.0816316,-88.21780273,55015.0,772.6247279841881,0.5167958656330749,385,372,2,0,370,355,50159,15,0,0,15,17
2020-08-15,US,Wisconsin,Chippewa,266,0,0,45.06939744,-91.28068855,55017.0,411.39534164372543,0.0,266,259,0,0,259,252,64135,7,0,0,7,7
2020-08-15,US,Wisconsin,Clark,195,8,0,44.73483377,-90.61207486,55019.0,560.7637890377869,4.102564102564102,187,196,8,0,188,191,34709,-1,0,0,-1,5
2020-08-15,US,Wisconsin,Columbia,287,2,0,43.46492199,-89.33589004,55021.0,498.85281234791074,0.6968641114982579,285,279,2,0,277,274,57358,8,0,0,8,5
2020-08-15,US,Wisconsin,Crawford,84,0,0,43.23870316,-90.93073686,55023.0,520.7364701506416,0.0,84,84,0,0,84,82,16291,0,0,0,0,2
2020-08-15,US,Wisconsin,Dane,4783,39,0,43.06601594,-89.41733797,55025.0,874.8936792910124,0.8153878319046624,4744,4749,38,0,4711,4666,542364,34,1,0,33,83
2020-08-15,US,Wisconsin,Dodge,920,5,0,43.41576662,-88.70928178,55027.0,1047.3707578638189,0.5434782608695652,915,894,5,0,889,875,87847,26,0,0,26,19
2020-08-15,US,Wisconsin,Door,115,3,0,44.95856458,-87.30002707,55029.0,415.64261963278886,2.608695652173913,112,109,3,0,106,109,27610,6,0,0,6,0
2020-08-15,US,Wisconsin,Douglas,218,0,0,46.43222285,-91.91595768,55031.0,505.2143684820393,0.0,218,212,0,0,212,207,43208,6,0,0,6,5
2020-08-15,US,Wisconsin,Dunn,139,0,0,44.94562799,-91.8962481,55033.0,306.38335390583666,0.0,139,138,0,0,138,134,45131,1,0,0,1,4
2020-08-15,US,Wisconsin,Eau Claire,654,4,0,44.726614,-91.28609183,55035.0,624.9641648988016,0.6116207951070336,650,645,4,0,641,629,104534,9,0,0,9,16
2020-08-15,US,Wisconsin,Florence,15,0,0,45.84963535,-88.39804137,55037.0,349.2433061699652,0.0,15,12,0,0,12,10,4321,3,0,0,3,2
2020-08-15,US,Wisconsin,Fond du Lac,757,8,0,43.75354908,-88.48885325,55039.0,732.0870767772694,1.056803170409511,749,744,8,0,736,712,103066,13,0,0,13,32
2020-08-15,US,Wisconsin,Forest,60,4,0,45.66678019,-88.77084892,55041.0,666.3705019991115,6.666666666666668,56,60,4,0,56,60,8991,0,0,0,0,0
2020-08-15,US,Wisconsin,Grant,391,16,0,42.8671731,-90.7063218,55043.0,760.1236415948987,4.092071611253196,375,387,16,0,371,375,51554,4,0,0,4,12
2020-08-15,US,Wisconsin,Green,210,1,0,42.6794956,-89.60243287,55045.0,568.1818181818181,0.4761904761904762,209,194,1,0,193,186,36929,16,0,0,16,8
2020-08-15,US,Wisconsin,Green Lake,62,0,0,43.80025981,-89.04679553,55047.0,327.8168455559668,0.0,62,61,0,0,61,60,18918,1,0,0,1,1
2020-08-15,US,Wisconsin,Iowa,97,0,0,43.00050278,-90.13469017,55049.0,409.6629782920855,0.0,97,93,0,0,93,88,23771,4,0,0,4,5
2020-08-15,US,Wisconsin,Iron,78,1,0,46.26302338,-90.24295041,55051.0,1371.549147177774,1.2820512820512822,77,78,1,0,77,76,5676,0,0,0,0,2
2020-08-15,US,Wisconsin,Jackson,60,1,0,44.31864893,-90.80566792,55053.0,290.65542799011774,1.6666666666666667,59,61,1,0,60,60,20478,-1,0,0,-1,1
2020-08-15,US,Wisconsin,Jefferson,701,5,0,43.02054068,-88.77529134,55055.0,826.9532494190094,0.7132667617689016,696,690,5,0,685,677,85129,11,0,0,11,13
2020-08-15,US,Wisconsin,Juneau,151,1,0,43.92456975,-90.11120239,55057.0,565.8185633454491,0.6622516556291391,150,149,1,0,148,145,26617,2,0,0,2,4
2020-08-15,US,Wisconsin,Kenosha,2771,60,0,42.57639354,-88.04051686,55059.0,1634.2201331674146,2.1652832912306033,2711,2734,60,0,2674,2718,169290,37,0,0,37,16
2020-08-15,US,Wisconsin,Kewaunee,142,2,0,44.51727459,-87.61468386,55061.0,694.9202309875698,1.4084507042253518,140,141,2,0,139,137,20383,1,0,0,1,4
2020-08-15,US,Wisconsin,La Crosse,959,1,0,43.90632465,-91.11451093,55063.0,812.6016811279826,0.10427528675703858,958,951,1,0,950,945,118230,8,0,0,8,6
2020-08-15,US,Wisconsin,Lafayette,169,0,0,42.66005229,-90.1317729,55065.0,1014.101410141014,0.0,169,166,0,0,166,159,16665,3,0,0,3,7
2020-08-15,US,Wisconsin,Langlade,73,1,0,45.26271619,-89.07483625,55067.0,380.4262858929595,1.3698630136986298,72,70,1,0,69,67,19268,3,0,0,3,3
2020-08-15,US,Wisconsin,Lincoln,73,0,0,45.33737523,-89.73411273,55069.0,264.5598521364114,0.0,73,73,0,0,73,71,27689,0,0,0,0,2
2020-08-15,US,Wisconsin,Manitowoc,391,1,0,44.11946801,-87.80928853,55071.0,495.0557729074082,0.2557544757033248,390,373,1,0,372,361,79074,18,0,0,18,12
2020-08-15,US,Wisconsin,Marathon,691,12,0,44.89792533,-89.75863384,55073.0,509.2415175544616,1.7366136034732271,679,680,11,0,669,671,135428,11,1,0,10,9
2020-08-15,US,Wisconsin,Marinette,485,5,0,45.38553432,-88.03324599999998,55075.0,1201.9826517967779,1.0309278350515465,480,479,5,0,474,449,40434,6,0,0,6,30
2020-08-15,US,Wisconsin,Marquette,81,1,0,43.81911946,-89.40073763,55077.0,520.0975985617054,1.2345679012345678,80,81,1,0,80,80,15434,0,0,0,0,1
2020-08-15,US,Wisconsin,Menominee,26,0,0,45.00422544,-88.70950714,55078.0,570.6760316066725,0.0,26,26,0,0,26,26,4658,0,0,0,0,0
2020-08-15,US,Wisconsin,Milwaukee,22054,465,0,43.00486062,-87.96733172,55079.0,2331.965072335962,2.1084610501496326,21589,21879,462,0,21417,21666,948201,175,3,0,172,213
2020-08-15,US,Wisconsin,Monroe,252,2,0,43.94641218,-90.61881899999999,55081.0,544.8295245713791,0.7936507936507936,250,249,2,0,247,249,46051,3,0,0,3,0
2020-08-15,US,Wisconsin,Oconto,272,1,0,45.02715345,-88.26807503,55083.0,717.1104666490904,0.36764705882352944,271,263,1,0,262,262,37830,9,0,0,9,1
2020-08-15,US,Wisconsin,Oneida,173,0,0,45.70677897,-89.51944105,55085.0,486.02331788172495,0.0,173,170,0,0,170,160,35470,3,0,0,3,10
2020-08-15,US,Wisconsin,Outagamie,1369,14,0,44.41578887,-88.46565023,55087.0,728.6371982861857,1.0226442658875092,1355,1354,14,0,1340,1326,187365,15,0,0,15,28
2020-08-15,US,Wisconsin,Ozaukee,770,18,0,43.38352225,-87.94625009,55089.0,863.0255208975467,2.3376623376623376,752,757,18,0,739,737,89147,13,0,0,13,20
2020-08-15,US,Wisconsin,Pepin,44,0,0,44.58307413,-91.99949611,55091.0,603.8150130369149,0.0,44,43,0,0,43,42,7289,1,0,0,1,1
2020-08-15,US,Wisconsin,Pierce,239,4,0,44.71850291,-92.4224416,55093.0,559.0120222669224,1.6736401673640169,235,232,3,0,229,230,42555,7,1,0,6,2
2020-08-15,US,Wisconsin,Polk,140,2,0,45.46130348,-92.44182875,55095.0,319.75881049722494,1.4285714285714286,138,140,2,0,138,138,43598,0,0,0,0,2
2020-08-15,US,Wisconsin,Portage,457,0,0,44.47558711,-89.50152965,55097.0,645.7356016503702,0.0,457,448,0,0,448,438,70942,9,0,0,9,10
2020-08-15,US,Wisconsin,Price,32,0,0,45.68051754,-90.36098879999999,55099.0,239.68242079245,0.0,32,32,0,0,32,32,13397,0,0,0,0,0
2020-08-15,US,Wisconsin,Racine,3665,81,0,42.74753117,-88.05941254,55101.0,1866.9356276520416,2.210095497953615,3584,3643,78,0,3565,3599,196584,22,3,0,19,44
2020-08-15,US,Wisconsin,Richland,38,4,0,43.3762778,-90.43012729,55103.0,220.26431718061679,10.526315789473683,34,37,4,0,33,37,17377,1,0,0,1,0
2020-08-15,US,Wisconsin,Rock,1477,26,0,42.67151616,-89.07147900000002,55105.0,904.1713089364202,1.760324983073798,1451,1470,26,0,1444,1462,163129,7,0,0,7,8
2020-08-15,US,Wisconsin,Rusk,22,1,0,45.47498854,-91.1333012,55107.0,155.16998166172942,4.545454545454546,21,21,1,0,20,21,14147,1,0,0,1,0
2020-08-15,US,Wisconsin,Sauk,502,3,0,43.42574087,-89.94966132,55111.0,778.9950653300642,0.5976095617529881,499,495,3,0,492,484,64249,7,0,0,7,11
2020-08-15,US,Wisconsin,Sawyer,101,0,0,45.87931905,-91.14504927,55113.0,609.9770503684017,0.0,101,92,0,0,92,86,16489,9,0,0,9,6
2020-08-15,US,Wisconsin,Shawano,214,0,0,44.78902246,-88.76443896,55115.0,523.2401770214431,0.0,214,210,0,0,210,207,40796,4,0,0,4,3
2020-08-15,US,Wisconsin,Sheboygan,835,8,0,43.72099677,-87.94579284,55117.0,723.9465926825038,0.9580838323353292,827,814,8,0,806,804,115456,21,0,0,21,10
2020-08-15,US,Wisconsin,St. Croix,534,6,0,45.03437474,-92.45000068,55109.0,588.838532534983,1.1235955056179776,528,528,6,0,522,524,89694,6,0,0,6,4
2020-08-15,US,Wisconsin,Taylor,76,2,0,45.21179252,-90.5004405,55119.0,373.59288207245737,2.631578947368421,74,77,1,0,76,73,20412,-1,1,0,-2,4
2020-08-15,US,Wisconsin,Trempealeau,370,2,0,44.30360275,-91.35893614,55121.0,1247.934163040912,0.5405405405405406,368,364,2,0,362,360,29442,6,0,0,6,4
2020-08-15,US,Wisconsin,Vernon,71,0,0,43.59422667,-90.8324691,55123.0,230.3549412757121,0.0,71,70,0,0,70,68,30785,1,0,0,1,2
2020-08-15,US,Wisconsin,Vilas,73,0,0,46.05467334,-89.51719204,55125.0,328.90290605992334,0.0,73,69,0,0,69,66,21938,4,0,0,4,3
2020-08-15,US,Wisconsin,Walworth,1479,25,0,42.66858202,-88.54163073,55127.0,1423.9226710825278,1.690331304935767,1454,1430,24,0,1406,1401,103718,49,1,0,48,29
2020-08-15,US,Wisconsin,Washburn,49,0,0,45.89838588,-91.79050449,55129.0,311.70483460559797,0.0,49,48,0,0,48,49,15878,1,0,0,1,-1
2020-08-15,US,Wisconsin,Washington,1207,23,0,43.36863664,-88.22974712,55131.0,887.2781804548863,1.9055509527754764,1184,1188,23,0,1165,1147,135693,19,0,0,19,41
2020-08-15,US,Wisconsin,Waukesha,4746,65,0,43.01833055,-88.30431188,55133.0,1174.1770122563694,1.369574378423936,4681,4657,63,0,4594,4515,403072,89,2,0,87,142
2020-08-15,US,Wisconsin,Waupaca,520,16,0,44.47068056,-88.96534501,55135.0,1019.8078054520494,3.0769230769230766,504,507,16,0,491,494,51128,13,0,0,13,13
2020-08-15,US,Wisconsin,Waushara,127,1,0,44.11324419,-89.24317107,55137.0,519.5761567729002,0.7874015748031497,126,122,1,0,121,122,24263,5,0,0,5,0
2020-08-15,US,Wisconsin,Winnebago,1263,19,0,44.06886922,-88.64477096,55139.0,734.699575933499,1.5043547110055424,1244,1248,19,0,1229,1235,171020,15,0,0,15,13
2020-08-15,US,Wisconsin,Wood,372,2,0,44.45537896,-90.04158336,55141.0,509.59602186331324,0.5376344086021505,370,357,2,0,355,339,73055,15,0,0,15,18
2020-08-15,US,Wyoming,Albany,93,0,0,41.65498705,-105.72354150000001,56001.0,239.19753086419757,0.0,93,92,0,0,92,90,38601,1,0,0,1,2
2020-08-15,US,Wyoming,Big Horn,37,0,0,44.52405055,-107.9960365,56003.0,313.8252756573367,0.0,37,37,0,0,37,37,11881,0,0,0,0,0
2020-08-15,US,Wyoming,Campbell,148,0,0,44.24886082,-105.54744040000001,56005.0,319.37161476877924,0.0,148,146,0,0,146,139,46140,2,0,0,2,7
2020-08-15,US,Wyoming,Carbon,129,0,0,41.69357844,-106.9326084,56007.0,871.6216216216217,0.0,129,106,0,0,106,105,14971,23,0,0,23,1
2020-08-15,US,Wyoming,Converse,31,0,0,42.97272268,-105.5081848,56009.0,224.2801331211113,0.0,31,31,0,0,31,32,13640,0,0,0,0,-1
2020-08-15,US,Wyoming,Crook,11,0,0,44.58855102,-104.56977049999999,56011.0,145.042194092827,0.0,11,11,0,0,11,10,7450,0,0,0,0,1
2020-08-15,US,Wyoming,Fremont,520,0,0,43.04183996,-108.6296893,56013.0,1324.4695754056188,0.0,520,515,0,0,515,500,39531,5,0,0,5,15
2020-08-15,US,Wyoming,Goshen,37,0,0,42.08798185,-104.3534743,56015.0,280.06963893724924,0.0,37,37,0,0,37,36,13376,0,0,0,0,1
2020-08-15,US,Wyoming,Hot Springs,23,0,0,43.71930657,-108.44231740000001,56017.0,521.1874008610922,0.0,23,23,0,0,23,23,4555,0,0,0,0,0
2020-08-15,US,Wyoming,Johnson,25,1,0,44.04057166,-106.58451740000001,56019.0,296.03315571343984,4.0,24,25,1,0,24,25,8460,0,0,0,0,0
2020-08-15,US,Wyoming,Laramie,512,0,0,41.30702520000001,-104.6887497,56021.0,514.572864321608,0.0,512,512,0,0,512,509,98976,0,0,0,0,3
2020-08-15,US,Wyoming,Lincoln,101,0,0,42.26376367,-110.6563997,56023.0,509.3292990418559,0.0,101,101,0,0,101,101,19434,0,0,0,0,0
2020-08-15,US,Wyoming,Natrona,247,0,0,42.96180148,-106.79788500000001,56025.0,309.29900573517995,0.0,247,245,0,0,245,240,79115,2,0,0,2,5
2020-08-15,US,Wyoming,Niobrara,2,0,0,43.05607708,-104.47588959999999,56027.0,84.88964346349746,0.0,2,2,0,0,2,2,2388,0,0,0,0,0
2020-08-15,US,Wyoming,Park,144,0,0,44.52157546,-109.58528249999999,56029.0,493.25203809001846,0.0,144,144,0,0,144,139,29324,0,0,0,0,5
2020-08-15,US,Wyoming,Platte,6,0,0,42.13299116,-104.96633100000001,56031.0,71.4881448826403,0.0,6,6,0,0,6,6,8566,0,0,0,0,0
2020-08-15,US,Wyoming,Sheridan,81,0,0,44.79048913,-106.8862389,56033.0,265.7044448089224,0.0,81,78,0,0,78,74,30233,3,0,0,3,4
2020-08-15,US,Wyoming,Sublette,40,0,0,42.76558279,-109.91309220000001,56035.0,406.87620791374223,0.0,40,40,0,0,40,40,9813,0,0,0,0,0
2020-08-15,US,Wyoming,Sweetwater,275,0,0,41.65943896,-108.8827882,56037.0,649.4579977800345,0.0,275,271,0,0,271,267,43051,4,0,0,4,4
2020-08-15,US,Wyoming,Teton,385,0,0,43.93522482,-110.5890801,56039.0,1640.8114558472553,0.0,385,383,0,0,383,375,23081,2,0,0,2,8
2020-08-15,US,Wyoming,Uinta,276,0,0,41.2878183,-110.54757820000002,56041.0,1364.5802432512608,0.0,276,277,0,0,277,278,20299,-1,0,0,-1,-1
2020-08-15,US,Wyoming,Unassigned,0,29,0,0.0,0.0,90056.0,0.0,0.0,-29,0,29,0,-29,0,,0,0,0,0,0
2020-08-15,US,Wyoming,Washakie,97,0,0,43.90451606,-107.68018700000002,56043.0,1242.7930813581038,0.0,97,96,0,0,96,86,7885,1,0,0,1,10
2020-08-15,US,Wyoming,Weston,7,0,0,43.83961191,-104.56748809999999,56045.0,101.053847264328,0.0,7,5,0,0,5,5,6967,2,0,0,2,0
