Date,Country/Region,Province/State,Admin2,Confirmed,Deaths,Recovered,Latitude,Longitude,FIPS,Incidence_Rate,Case-Fatality_Ratio,Active Cases,Previous Confirmed,Previous Deaths,Previous Recovered,Previous Active,Prev2 Confirmed,Population,Daily Confirmed,Daily Deaths,Daily Recovered,Daily Active,Previous Daily Confirmed
2020-08-26,US,Alabama,Autauga,1281,22,0,32.53952745,-86.64408227,1001.0,2292.863663212157,1.717408274785324,1259,1286,22,0,1264,1286,55601,-5,0,0,-5,0
2020-08-26,US,Alabama,Baldwin,4166,33,0,30.72774991,-87.72207058,1003.0,1866.203176935413,0.7921267402784445,4133,4100,32,0,4068,4083,218022,66,1,0,65,17
2020-08-26,US,Alabama,Barbour,616,7,0,31.868263,-85.3871286,1005.0,2495.3414891031352,1.1363636363636365,609,628,7,0,621,633,24881,-12,0,0,-12,-5
2020-08-26,US,Alabama,Bibb,513,5,0,32.99642064,-87.12511459999996,1007.0,2290.792176475841,0.9746588693957114,508,511,6,0,505,510,22400,2,-1,0,3,1
2020-08-26,US,Alabama,Blount,968,7,0,33.98210918,-86.56790593,1009.0,1673.9874796804206,0.7231404958677686,961,967,6,0,961,946,57840,1,1,0,0,21
2020-08-26,US,Alabama,Bullock,526,13,0,32.10030533,-85.71265535,1011.0,5207.405207405207,2.4714828897338403,513,527,13,0,514,527,10138,-1,0,0,-1,0
2020-08-26,US,Alabama,Butler,809,36,0,31.75300095,-86.68057478,1013.0,4159.810777457837,4.449938195302843,773,804,36,0,768,805,19680,5,0,0,5,-1
2020-08-26,US,Alabama,Calhoun,2215,25,0,33.77483727,-85.82630386,1015.0,1949.7381277232519,1.1286681715575622,2190,2179,24,0,2155,2168,114277,36,1,0,35,11
2020-08-26,US,Alabama,Chambers,862,38,0,32.91360079,-85.39072749,1017.0,2592.16936308414,4.408352668213457,824,863,38,0,825,870,33615,-1,0,0,-1,-7
2020-08-26,US,Alabama,Cherokee,331,9,0,34.17805983,-85.60638968,1019.0,1263.5516872805008,2.7190332326283992,322,334,9,0,325,336,26032,-3,0,0,-3,-2
2020-08-26,US,Alabama,Chilton,965,10,0,32.85044126,-86.7173256,1021.0,2172.053659854146,1.0362694300518134,955,958,10,0,948,953,44153,7,0,0,7,5
2020-08-26,US,Alabama,Choctaw,315,12,0,32.02227341,-88.26564429999998,1023.0,2502.184446739217,3.809523809523809,303,314,12,0,302,312,12841,1,0,0,1,2
2020-08-26,US,Alabama,Clarke,900,11,0,31.68099859,-87.83548597,1025.0,3810.00762001524,1.2222222222222223,889,892,10,0,882,887,23920,8,1,0,7,5
2020-08-26,US,Alabama,Clay,333,6,0,33.26984193,-85.85836077,1027.0,2516.055912353608,1.8018018018018016,327,317,6,0,311,317,13275,16,0,0,16,0
2020-08-26,US,Alabama,Cleburne,191,4,0,33.67679204,-85.52005899,1029.0,1281.0194500335344,2.094240837696335,187,188,4,0,184,182,14987,3,0,0,3,6
2020-08-26,US,Alabama,Coffee,909,5,0,31.39932826,-85.98901039,1031.0,1736.6550762294141,0.5500550055005501,904,907,5,0,902,906,51909,2,0,0,2,1
2020-08-26,US,Alabama,Colbert,1367,19,0,34.69847452,-87.80168544,1033.0,2474.6112488912217,1.3899049012435991,1348,1358,19,0,1339,1350,54762,9,0,0,9,8
2020-08-26,US,Alabama,Conecuh,431,11,0,31.43401703,-86.99320044,1035.0,3571.724537996188,2.5522041763341066,420,429,11,0,418,425,12277,2,0,0,2,4
2020-08-26,US,Alabama,Coosa,110,3,0,32.93690146,-86.24847739,1037.0,1031.6046140860922,2.727272727272727,107,110,3,0,107,112,10715,0,0,0,0,-2
2020-08-26,US,Alabama,Covington,796,22,0,31.247785399999998,-86.45050893,1039.0,2148.506032551486,2.7638190954773867,774,812,22,0,790,822,36986,-16,0,0,-16,-10
2020-08-26,US,Alabama,Crenshaw,377,17,0,31.72941803,-86.31593104,1041.0,2737.438280569271,4.509283819628648,360,368,17,0,351,367,13824,9,0,0,9,1
2020-08-26,US,Alabama,Cullman,1386,11,0,34.13020303,-86.86888037,1043.0,1654.5697641104005,0.7936507936507936,1375,1379,12,0,1367,1380,83442,7,-1,0,8,-1
2020-08-26,US,Alabama,Dale,975,36,0,31.43037123,-85.61095742,1045.0,1982.8357601887253,3.692307692307693,939,965,36,0,929,968,48956,10,0,0,10,-3
2020-08-26,US,Alabama,Dallas,1395,25,0,32.32688101,-87.10866709999998,1047.0,3750.403269168728,1.7921146953405018,1370,1413,25,0,1388,1414,38310,-18,0,0,-18,-1
2020-08-26,US,Alabama,DeKalb,2010,14,0,34.45946862,-85.80782906,1049.0,2810.677778865381,0.6965174129353234,1996,1999,14,0,1985,1996,71385,11,0,0,11,3
2020-08-26,US,Alabama,Elmore,1935,42,0,32.59785413,-86.14415284,1051.0,2382.7408292184364,2.1705426356589146,1893,1938,42,0,1896,1939,81887,-3,0,0,-3,-1
2020-08-26,US,Alabama,Escambia,1193,20,0,31.1256789,-87.15918694,1053.0,3256.6265389130017,1.6764459346186085,1173,1191,20,0,1171,1194,36748,2,0,0,2,-3
2020-08-26,US,Alabama,Etowah,2568,37,0,34.04567266,-86.04051873,1055.0,2511.0493996166933,1.440809968847352,2531,2556,37,0,2519,2551,102501,12,0,0,12,5
2020-08-26,US,Alabama,Fayette,272,6,0,33.72076938,-87.73886638,1057.0,1668.5069316648264,2.2058823529411766,266,270,6,0,264,270,16433,2,0,0,2,0
2020-08-26,US,Alabama,Franklin,1465,24,0,34.44235334,-87.84289505,1059.0,4671.258210573305,1.6382252559726962,1441,1456,24,0,1432,1453,31363,9,0,0,9,3
2020-08-26,US,Alabama,Geneva,365,2,0,31.09389027,-85.83572839,1061.0,1389.3646987172167,0.547945205479452,363,359,2,0,357,356,26314,6,0,0,6,3
2020-08-26,US,Alabama,Greene,273,14,0,32.85504247,-87.95684022,1063.0,3365.7995315004314,5.128205128205129,259,269,14,0,255,268,8233,4,0,0,4,1
2020-08-26,US,Alabama,Hale,517,27,0,32.76039258,-87.63284988,1065.0,3528.769367278684,5.222437137330754,490,513,27,0,486,514,14726,4,0,0,4,-1
2020-08-26,US,Alabama,Henry,310,3,0,31.51148016,-85.24267944,1067.0,1801.801801801801,0.967741935483871,307,310,3,0,307,313,17209,0,0,0,0,-3
2020-08-26,US,Alabama,Houston,1762,14,0,31.15197924,-85.29939599,1069.0,1664.1166581666384,0.7945516458569807,1748,1755,14,0,1741,1753,104722,7,0,0,7,2
2020-08-26,US,Alabama,Jackson,1238,6,0,34.78144169,-85.99750489,1071.0,2398.0165033122844,0.4846526655896608,1232,1223,5,0,1218,1217,51736,15,1,0,14,6
2020-08-26,US,Alabama,Jefferson,15068,285,0,33.55554728,-86.89506300000002,1073.0,2287.9771870392497,1.8914255375630475,14783,14729,285,0,14444,14688,659300,339,0,0,339,41
2020-08-26,US,Alabama,Lamar,266,2,0,33.77995024,-88.09668032,1075.0,1926.8381021369064,0.7518796992481203,264,264,2,0,262,261,13844,2,0,0,2,3
2020-08-26,US,Alabama,Lauderdale,1364,22,0,34.90171875,-87.65624729,1077.0,1470.9529920521088,1.6129032258064515,1342,1353,22,0,1331,1339,92387,11,0,0,11,14
2020-08-26,US,Alabama,Lawrence,427,5,0,34.52041498,-87.31069453,1079.0,1296.926254404082,1.17096018735363,422,419,5,0,414,411,32957,8,0,0,8,8
2020-08-26,US,Alabama,Lee,3006,48,0,32.60154883,-85.35132246,1081.0,1826.8891833088207,1.5968063872255491,2958,2946,48,0,2898,2940,163941,60,0,0,60,6
2020-08-26,US,Alabama,Limestone,1570,14,0,34.81185586,-86.98310072,1083.0,1587.2213516655715,0.89171974522293,1556,1548,14,0,1534,1541,96174,22,0,0,22,7
2020-08-26,US,Alabama,Lowndes,588,24,0,32.1597283,-86.65158371,1085.0,6045.650832819248,4.081632653061225,564,591,24,0,567,588,9974,-3,0,0,-3,3
2020-08-26,US,Alabama,Macon,380,16,0,32.38759944,-85.69267724,1087.0,2103.16581802081,4.2105263157894735,364,373,16,0,357,375,18439,7,0,0,7,-2
2020-08-26,US,Alabama,Madison,6008,41,0,34.76327133,-86.55069633,1089.0,1611.1169212864263,0.6824234354194407,5967,5926,41,0,5885,5926,366519,82,0,0,82,0
2020-08-26,US,Alabama,Marengo,621,17,0,32.24767634,-87.78796182,1091.0,3292.159253565181,2.7375201288244773,604,616,17,0,599,613,19066,5,0,0,5,3
2020-08-26,US,Alabama,Marion,681,28,0,34.13697363,-87.88704173,1093.0,2292.234676360699,4.1116005873715125,653,681,28,0,653,670,29763,0,0,0,0,11
2020-08-26,US,Alabama,Marshall,3438,39,0,34.36975964,-86.30486727,1095.0,3552.60710521421,1.1343804537521816,3399,3432,39,0,3393,3436,96109,6,0,0,6,-4
2020-08-26,US,Alabama,Mobile,11731,246,0,30.78472347,-88.20842409,1097.0,2838.9922799545025,2.097007927712897,11485,11573,244,0,11329,11568,413757,158,2,0,156,5
2020-08-26,US,Alabama,Monroe,439,6,0,31.56729412,-87.36995001,1099.0,2117.397385810061,1.366742596810934,433,449,6,0,443,449,21067,-10,0,0,-10,0
2020-08-26,US,Alabama,Montgomery,7497,156,0,32.2206831,-86.20969272,1101.0,3310.1383749988963,2.080832332933173,7341,7477,155,0,7322,7463,225763,20,1,0,19,14
2020-08-26,US,Alabama,Morgan,2698,22,0,34.45500589,-86.85475946,1103.0,2254.363756381654,0.815418828762046,2676,2638,22,0,2616,2629,119089,60,0,0,60,9
2020-08-26,US,Alabama,Perry,473,4,0,32.64048341,-87.29770589,1105.0,5300.907766446262,0.8456659619450317,469,473,4,0,469,472,9140,0,0,0,0,1
2020-08-26,US,Alabama,Pickens,508,10,0,33.28094866,-88.08818103,1107.0,2548.9212242849976,1.9685039370078738,498,501,10,0,491,501,19938,7,0,0,7,0
2020-08-26,US,Alabama,Pike,802,7,0,31.80396383,-85.9408295,1109.0,2421.9363411246,0.8728179551122195,795,785,7,0,778,784,33338,17,0,0,17,1
2020-08-26,US,Alabama,Randolph,450,11,0,33.29526734,-85.45708831,1111.0,1980.4594665962506,2.4444444444444446,439,442,11,0,431,439,22725,8,0,0,8,3
2020-08-26,US,Alabama,Russell,1503,2,0,32.28725256,-85.18415324,1113.0,2593.122961991684,0.1330671989354624,1501,1500,2,0,1498,1507,57781,3,0,0,3,-7
2020-08-26,US,Alabama,Shelby,3732,38,0,33.26879845,-86.66232561,1117.0,1714.2699653654995,1.0182207931404073,3694,3662,38,0,3624,3654,215707,70,0,0,70,8
2020-08-26,US,Alabama,St. Clair,1568,24,0,33.71902176,-86.31029372,1115.0,1751.7204397175797,1.5306122448979589,1544,1555,24,0,1531,1560,88690,13,0,0,13,-5
2020-08-26,US,Alabama,Sumter,393,19,0,32.59117397,-88.19916205,1119.0,3162.468817896516,4.8346055979643765,374,392,19,0,373,391,12691,1,0,0,1,1
2020-08-26,US,Alabama,Talladega,1222,16,0,33.37823223,-86.16886178,1121.0,1527.9201780489636,1.3093289689034369,1206,1225,16,0,1209,1234,79828,-3,0,0,-3,-9
2020-08-26,US,Alabama,Tallapoosa,910,79,0,32.86698258,-85.79833053,1123.0,2254.3166447841063,8.68131868131868,831,920,79,0,841,921,40497,-10,0,0,-10,-1
2020-08-26,US,Alabama,Tuscaloosa,4899,87,0,33.28726072,-87.52556818,1125.0,2340.0444221537578,1.7758726270667484,4812,4823,87,0,4736,4821,208911,76,0,0,76,2
2020-08-26,US,Alabama,Unassigned,7128,80,0,0.0,0.0,90001.0,0.0,1.1223344556677892,7048,6288,78,0,6210,5941,,840,2,0,838,347
2020-08-26,US,Alabama,Walker,1758,67,0,33.80270512,-87.30027177,1127.0,2767.5886714629805,3.811149032992037,1691,1746,67,0,1679,1744,63711,12,0,0,12,2
2020-08-26,US,Alabama,Washington,494,13,0,31.4092794,-88.20689944,1129.0,3025.8483400710525,2.631578947368421,481,487,13,0,474,484,16378,7,0,0,7,3
2020-08-26,US,Alabama,Wilcox,475,10,0,31.98773215,-87.30891118,1131.0,4579.195989588355,2.1052631578947367,465,472,10,0,462,471,10627,3,0,0,3,1
2020-08-26,US,Alabama,Winston,512,11,0,34.15030532,-87.37325922,1133.0,2166.8288966947393,2.1484375,501,508,11,0,497,506,23660,4,0,0,4,2
2020-08-26,US,Alaska,Aleutians East,2,0,0,55.32222414,-161.9722021,2013.0,59.93407252022774,0.0,2,2,0,0,2,2,3515,0,0,0,0,0
2020-08-26,US,Alaska,Aleutians West,6,0,0,52.3233,-174.1596,2016.0,106.49627263045794,0.0,6,5,0,0,5,5,5723,1,0,0,1,0
2020-08-26,US,Alaska,Anchorage,2777,21,0,61.14998174,-149.14269860000005,2020.0,964.2361111111113,0.7562117392870004,2756,2751,20,0,2731,2737,291538,26,1,0,25,14
2020-08-26,US,Alaska,Bethel,55,1,0,60.90980451,-159.8561831,2050.0,299.14065049494184,1.818181818181818,54,55,1,0,54,55,18216,0,0,0,0,0
2020-08-26,US,Alaska,Bristol Bay,11,0,0,58.74513976,-156.701064,2060.0,1315.7894736842104,0.0,11,11,0,0,11,11,877,0,0,0,0,0
2020-08-26,US,Alaska,Denali,1,0,0,63.67264044,-150.0076108,2068.0,47.687172150691474,0.0,1,1,0,0,1,1,2059,0,0,0,0,0
2020-08-26,US,Alaska,Dillingham,5,0,0,59.79603738,-158.23819419999995,2070.0,101.70870626525631,0.0,5,5,0,0,5,5,5000,0,0,0,0,0
2020-08-26,US,Alaska,Fairbanks North Star,575,8,0,64.80726247,-146.5692662,2090.0,593.7077305909197,1.391304347826087,567,565,8,0,557,561,98971,10,0,0,10,4
2020-08-26,US,Alaska,Haines,5,0,0,59.09893571,-135.4679843,2100.0,197.6284584980237,0.0,5,5,0,0,5,5,2474,0,0,0,0,0
2020-08-26,US,Alaska,Juneau,164,1,0,58.45031811,-134.200436,2110.0,512.9167448551948,0.6097560975609756,163,164,1,0,163,163,32113,0,0,0,0,1
2020-08-26,US,Alaska,Kenai Peninsula,406,2,0,60.24429722,-151.53888840000005,2122.0,691.5582203447569,0.4926108374384237,404,403,2,0,401,401,58533,3,0,0,3,2
2020-08-26,US,Alaska,Ketchikan Gateway,43,0,0,55.57445008,-130.975561,2130.0,309.3302640097835,0.0,43,43,0,0,43,42,13918,0,0,0,0,1
2020-08-26,US,Alaska,Kodiak Island,14,0,0,57.65529415,-153.7493579,2150.0,107.70887828896757,0.0,14,14,0,0,14,14,13345,0,0,0,0,0
2020-08-26,US,Alaska,Kusilvak,8,0,0,62.15429159999999,-163.39678830000003,2158.0,96.22323791195574,0.0,8,8,0,0,8,8,8303,0,0,0,0,0
2020-08-26,US,Alaska,Matanuska-Susitna,454,2,0,62.31305045,-149.5741743,2170.0,419.1401165098738,0.4405286343612335,452,447,2,0,445,442,107610,7,0,0,7,5
2020-08-26,US,Alaska,Nome,32,0,0,64.90320724,-164.0353804,2180.0,319.87205117952817,0.0,32,32,0,0,32,31,10008,0,0,0,0,1
2020-08-26,US,Alaska,North Slope,34,0,0,69.31479216,-153.4836093,2185.0,345.80960130187134,0.0,34,33,0,0,33,30,9872,1,0,0,1,3
2020-08-26,US,Alaska,Northwest Arctic,65,0,0,67.04919196,-159.7503946,2188.0,852.906442724052,0.0,65,63,0,0,63,62,7671,2,0,0,2,1
2020-08-26,US,Alaska,Petersburg,7,1,0,57.13978948,-132.9540995,2195.0,214.32945499081444,14.285714285714285,6,7,1,0,6,7,3221,0,0,0,0,0
2020-08-26,US,Alaska,Prince of Wales-Hyder,20,0,0,55.76261984,-133.0511621,2198.0,322.4246332419797,0.0,20,20,0,0,20,20,6422,0,0,0,0,0
2020-08-26,US,Alaska,Sitka,34,0,0,57.24124555,-135.3206587,2220.0,400.3296832685741,0.0,34,34,0,0,34,34,8647,0,0,0,0,0
2020-08-26,US,Alaska,Southeast Fairbanks,18,0,0,63.87692095,-143.2127643,2240.0,261.13448425939356,0.0,18,18,0,0,18,18,6918,0,0,0,0,0
2020-08-26,US,Alaska,Unassigned,2,0,0,0.0,0.0,90002.0,0.0,0.0,2,2,0,0,2,2,,0,0,0,0,0
2020-08-26,US,Alaska,Valdez-Cordova,71,0,0,61.47502768,-144.7126799,2261.0,771.5713975222777,0.0,71,71,0,0,71,70,9164,0,0,0,0,1
2020-08-26,US,Alaska,Wrangell,9,0,0,56.3202004,-132.05837309999998,2275.0,359.71223021582733,0.0,9,9,0,0,9,9,2503,0,0,0,0,0
2020-08-26,US,Alaska,Yakutat,11,0,0,59.890980799999994,-140.36014509999998,2282.0,1899.827288428325,0.0,11,9,0,0,9,9,604,2,0,0,2,0
2020-08-26,US,Alaska,Yukon-Koyukuk,66,1,0,65.50815459,-151.39073869999999,2290.0,1261.9502868068835,1.5151515151515151,65,66,1,0,65,66,5327,0,0,0,0,0
2020-08-26,US,Arizona,Apache,3315,151,0,35.39465006,-109.4892383,4001.0,4611.40400906979,4.555052790346908,3164,3309,148,0,3161,3301,71818,6,3,0,3,8
2020-08-26,US,Arizona,Cochise,1802,58,0,31.87934684,-109.7516088,4003.0,1431.0446149203476,3.2186459489456163,1744,1798,57,0,1741,1795,126770,4,1,0,3,3
2020-08-26,US,Arizona,Coconino,3266,123,0,35.83883429,-111.77071780000001,4005.0,2276.3388998856954,3.7660747091243114,3143,3264,122,0,3142,3249,142854,2,1,0,1,15
2020-08-26,US,Arizona,Gila,1081,47,0,33.80190085,-110.8132779,4007.0,2001.1847902551,4.3478260869565215,1034,1083,44,0,1039,1076,53889,-2,3,0,-5,7
2020-08-26,US,Arizona,Graham,698,22,0,32.93166885,-109.8882178,4009.0,1797.2551947884754,3.151862464183381,676,694,22,0,672,669,38072,4,0,0,4,25
2020-08-26,US,Arizona,Greenlee,58,1,0,33.21498827,-109.2405279,4011.0,610.6548747104654,1.7241379310344829,57,58,1,0,57,58,9483,0,0,0,0,0
2020-08-26,US,Arizona,La Paz,496,15,0,33.72854224,-113.98100290000001,4012.0,2349.8199734697746,3.0241935483870965,481,496,14,0,482,495,21098,0,1,0,-1,1
2020-08-26,US,Arizona,Maricopa,132434,2869,0,33.34835867,-112.49181540000001,4013.0,2952.547969930981,2.166362112448465,129565,132290,2804,0,129486,131962,4410824,144,65,0,79,328
2020-08-26,US,Arizona,Mohave,3541,201,0,35.70471703,-113.7577902,4015.0,1668.8581918267896,5.6763626094323625,3340,3534,196,0,3338,3500,209550,7,5,0,2,34
2020-08-26,US,Arizona,Navajo,5529,218,0,35.3997715,-110.3218983,4017.0,4984.493887706898,3.942846807741002,5311,5523,216,0,5307,5496,110445,6,2,0,4,27
2020-08-26,US,Arizona,Pima,20911,563,0,32.0971334,-111.7890033,4019.0,1996.698110054723,2.6923628712161065,20348,20919,553,0,20366,20535,1039073,-8,10,0,-18,384
2020-08-26,US,Arizona,Pinal,9247,180,0,32.90525627,-111.3449483,4021.0,1998.1028071107999,1.9465772683032332,9067,9232,178,0,9054,9211,447138,15,2,0,13,21
2020-08-26,US,Arizona,Santa Cruz,2718,56,0,31.52508998,-110.8479088,4023.0,5845.412705922836,2.060338484179544,2662,2728,56,0,2672,2745,46511,-10,0,0,-10,-17
2020-08-26,US,Arizona,Unassigned,0,1,0,0.0,0.0,90004.0,0.0,0.0,-1,1,1,0,0,1,,-1,0,0,-1,0
2020-08-26,US,Arizona,Yavapai,2260,76,0,34.59933926,-112.5538588,4025.0,961.2971556663364,3.3628318584070795,2184,2259,76,0,2183,2249,231993,1,0,0,1,10
2020-08-26,US,Arizona,Yuma,12103,315,0,32.76895712,-113.90666740000002,4027.0,5661.242264496906,2.6026604973973395,11788,12085,304,0,11781,12072,212128,18,11,0,7,13
2020-08-26,US,Arkansas,Arkansas,270,2,0,34.29145151,-91.37277296,5001.0,1544.0924167905753,0.7407407407407407,268,266,2,0,264,265,17769,4,0,0,4,1
2020-08-26,US,Arkansas,Ashley,383,7,0,33.19153461,-91.76984709999999,5003.0,1948.415322785776,1.827676240208877,376,380,7,0,373,380,20046,3,0,0,3,0
2020-08-26,US,Arkansas,Baxter,121,0,0,36.28784385,-92.33782872,5005.0,288.56243441762854,0.0,121,116,0,0,116,116,41619,5,0,0,5,0
2020-08-26,US,Arkansas,Benton,5147,47,0,36.33644656,-94.25680817,5007.0,1843.871018589172,0.9131532931804937,5100,5113,45,0,5068,5097,272608,34,2,0,32,16
2020-08-26,US,Arkansas,Boone,292,1,0,36.3084504,-93.09374925,5009.0,780.0812139346015,0.3424657534246575,291,274,1,0,273,270,37480,18,0,0,18,4
2020-08-26,US,Arkansas,Bradley,271,5,0,33.46755808,-92.15980837,5011.0,2517.8853479513145,1.845018450184502,266,267,5,0,262,267,10897,4,0,0,4,0
2020-08-26,US,Arkansas,Calhoun,23,0,0,33.55598792,-92.49974403,5013.0,443.24532665253423,0.0,23,23,0,0,23,23,5277,0,0,0,0,0
2020-08-26,US,Arkansas,Carroll,442,7,0,36.34038560000001,-93.54270261,5015.0,1557.4348132487671,1.5837104072398192,435,437,7,0,430,436,28223,5,0,0,5,1
2020-08-26,US,Arkansas,Chicot,943,10,0,33.26458973,-91.29539209,5017.0,9320.023720102789,1.0604453870625663,933,939,10,0,929,939,10438,4,0,0,4,0
2020-08-26,US,Arkansas,Clark,218,3,0,34.04613432,-93.17484713,5019.0,976.7025089605736,1.3761467889908257,215,215,3,0,212,210,22061,3,0,0,3,5
2020-08-26,US,Arkansas,Clay,167,5,0,36.36826212,-90.4148172,5021.0,1147.6874441619134,2.9940119760479043,162,165,5,0,160,164,14847,2,0,0,2,1
2020-08-26,US,Arkansas,Cleburne,249,6,0,35.53864922,-92.02640019,5023.0,999.2375295958908,2.409638554216868,243,247,6,0,241,245,24965,2,0,0,2,2
2020-08-26,US,Arkansas,Cleveland,132,2,0,33.89723187,-92.18537045,5025.0,1659.1251885369531,1.5151515151515151,130,130,2,0,128,130,8018,2,0,0,2,0
2020-08-26,US,Arkansas,Columbia,286,14,0,33.21230701,-93.22642793,5027.0,1219.2522487956687,4.895104895104895,272,284,13,0,271,281,23537,2,1,0,1,3
2020-08-26,US,Arkansas,Conway,195,3,0,35.26205537,-92.70506566,5029.0,935.4312577952603,1.5384615384615383,192,193,3,0,190,189,20891,2,0,0,2,4
2020-08-26,US,Arkansas,Craighead,1728,14,0,35.83018283,-90.63235729,5031.0,1566.1820686654826,0.8101851851851852,1714,1701,14,0,1687,1696,108558,27,0,0,27,5
2020-08-26,US,Arkansas,Crawford,865,6,0,35.58928601,-94.2446814,5033.0,1367.4375958391956,0.6936416184971098,859,851,6,0,845,839,63406,14,0,0,14,12
2020-08-26,US,Arkansas,Crittenden,1602,29,0,35.21247318,-90.30839406,5035.0,3340.6318423522052,1.8102372034956304,1573,1595,28,0,1567,1582,48342,7,1,0,6,13
2020-08-26,US,Arkansas,Cross,248,5,0,35.29631396,-90.77185818,5037.0,1510.4452159083987,2.0161290322580645,243,244,4,0,240,241,16676,4,1,0,3,3
2020-08-26,US,Arkansas,Dallas,104,2,0,33.97042763,-92.65167437,5039.0,1483.8065344557,1.9230769230769231,102,103,2,0,101,90,7182,1,0,0,1,13
2020-08-26,US,Arkansas,Desha,225,5,0,33.83011025,-91.25500948,5041.0,1980.4594665962506,2.2222222222222223,220,224,5,0,219,223,11512,1,0,0,1,1
2020-08-26,US,Arkansas,Drew,295,4,0,33.59035001,-91.71777921,5043.0,1619.1887589878695,1.3559322033898304,291,294,4,0,290,296,18328,1,0,0,1,-2
2020-08-26,US,Arkansas,Faulkner,1593,8,0,35.14719007,-92.33717519,5045.0,1264.2154800923759,0.5021971123666039,1585,1579,7,0,1572,1535,124806,14,1,0,13,44
2020-08-26,US,Arkansas,Franklin,156,2,0,35.51202821,-93.89299569,5047.0,880.6096528365791,1.2820512820512822,154,153,2,0,151,153,17810,3,0,0,3,0
2020-08-26,US,Arkansas,Fulton,62,0,0,36.38177105,-91.81729127,5049.0,496.91432235312965,0.0,62,61,0,0,61,60,12269,1,0,0,1,1
2020-08-26,US,Arkansas,Garland,1348,28,0,34.57692074,-93.14921604,5051.0,1356.3278530175276,2.0771513353115734,1320,1320,27,0,1293,1308,99154,28,1,0,27,12
2020-08-26,US,Arkansas,Grant,174,1,0,34.29017991,-92.42320562,5053.0,952.6416643854367,0.5747126436781609,173,169,0,0,169,169,18188,5,1,0,4,0
2020-08-26,US,Arkansas,Greene,598,4,0,36.11735460000001,-90.55832668,5055.0,1319.3601765030335,0.6688963210702341,594,587,4,0,583,584,45325,11,0,0,11,3
2020-08-26,US,Arkansas,Hempstead,318,3,0,33.73325583,-93.66935133,5057.0,1476.871632918447,0.9433962264150944,315,312,3,0,309,307,21741,6,0,0,6,5
2020-08-26,US,Arkansas,Hot Spring,1687,19,0,34.31709259,-92.95396325,5059.0,4995.410263243613,1.1262596324836989,1668,1684,18,0,1666,1681,33701,3,1,0,2,3
2020-08-26,US,Arkansas,Howard,398,5,0,34.09007427,-93.9934871,5061.0,3014.694743220724,1.256281407035176,393,398,5,0,393,393,13341,0,0,0,0,5
2020-08-26,US,Arkansas,Independence,723,4,0,35.74242707,-91.57001641,5063.0,1911.434236615995,0.5532503457814661,719,705,4,0,701,692,37678,18,0,0,18,13
2020-08-26,US,Arkansas,Izard,83,0,0,36.09604046,-91.90847954,5065.0,608.9955242497615,0.0,83,80,0,0,80,81,13593,3,0,0,3,-1
2020-08-26,US,Arkansas,Jackson,175,1,0,35.59802983,-91.21494602,5067.0,1046.7133201746517,0.5714285714285714,174,175,1,0,174,176,16811,0,0,0,0,-1
2020-08-26,US,Arkansas,Jefferson,1970,47,0,34.26767081,-91.92619839,5069.0,2948.042619418173,2.3857868020304567,1923,1924,47,0,1877,1904,68114,46,0,0,46,20
2020-08-26,US,Arkansas,Johnson,745,4,0,35.56759135,-93.46036368,5071.0,2803.070208443073,0.5369127516778524,741,742,3,0,739,739,26742,3,1,0,2,3
2020-08-26,US,Arkansas,Lafayette,66,2,0,33.24116713,-93.60677071,5073.0,996.3768115942028,3.0303030303030303,64,65,2,0,63,65,6682,1,0,0,1,0
2020-08-26,US,Arkansas,Lawrence,244,10,0,36.04188196,-91.10867198,5075.0,1487.2607582591736,4.0983606557377055,234,245,10,0,235,245,16434,-1,0,0,-1,0
2020-08-26,US,Arkansas,Lee,996,10,0,34.78498904,-90.78383866,5077.0,11245.342666817207,1.0040160642570282,986,993,10,0,983,993,8985,3,0,0,3,0
2020-08-26,US,Arkansas,Lincoln,1398,13,0,33.95317155,-91.74002806,5079.0,10734.029484029483,0.9298998569384836,1385,1384,13,0,1371,1375,13383,14,0,0,14,9
2020-08-26,US,Arkansas,Little River,271,14,0,33.70375665,-94.23468591,5081.0,2210.620768415042,5.166051660516605,257,265,13,0,252,258,12326,6,1,0,5,7
2020-08-26,US,Arkansas,Logan,355,1,0,35.21413234,-93.71951016,5083.0,1653.7780676418522,0.28169014084507044,354,351,1,0,350,351,21737,4,0,0,4,0
2020-08-26,US,Arkansas,Lonoke,674,3,0,34.75392199,-91.88742357,5085.0,919.395981393826,0.4451038575667656,671,661,2,0,659,652,73657,13,1,0,12,9
2020-08-26,US,Arkansas,Madison,287,2,0,36.01038185,-93.72524943,5087.0,1731.418918918919,0.6968641114982579,285,287,2,0,285,286,16481,0,0,0,0,1
2020-08-26,US,Arkansas,Marion,43,0,0,36.26844485,-92.68451899,5089.0,257.57757278063974,0.0,43,41,0,0,41,41,16722,2,0,0,2,0
2020-08-26,US,Arkansas,Miller,584,5,0,33.31403423,-93.89285258,5091.0,1350.0705088193818,0.8561643835616438,579,578,5,0,573,572,43592,6,0,0,6,6
2020-08-26,US,Arkansas,Mississippi,1292,20,0,35.76271485,-90.05194370000002,5093.0,3178.273597205481,1.547987616099071,1272,1277,18,0,1259,1268,41239,15,2,0,13,9
2020-08-26,US,Arkansas,Monroe,91,0,0,34.6815935,-91.20540287,5095.0,1358.0062677212354,0.0,91,90,0,0,90,89,6900,1,0,0,1,1
2020-08-26,US,Arkansas,Montgomery,65,3,0,34.53704874,-93.65824478,5097.0,723.3474293345204,4.615384615384615,62,61,3,0,58,60,8924,4,0,0,4,1
2020-08-26,US,Arkansas,Nevada,158,11,0,33.66340119,-93.30632432,5099.0,1914.6873485215704,6.962025316455697,147,158,11,0,147,156,8326,0,0,0,0,2
2020-08-26,US,Arkansas,Newton,110,15,0,35.91947491,-93.21612969,5101.0,1418.8056236295627,13.636363636363635,95,109,15,0,94,109,7805,1,0,0,1,0
2020-08-26,US,Arkansas,Ouachita,135,4,0,33.58839816,-92.87795984,5103.0,577.3672055427252,2.962962962962963,131,133,4,0,129,132,23606,2,0,0,2,1
2020-08-26,US,Arkansas,Perry,59,0,0,34.945915299999996,-92.94372564,5105.0,564.3232902917265,0.0,59,58,0,0,58,59,10352,1,0,0,1,-1
2020-08-26,US,Arkansas,Phillips,385,9,0,34.43268455,-90.84800154,5107.0,2165.11078618828,2.3376623376623376,376,379,9,0,370,375,18029,6,0,0,6,4
2020-08-26,US,Arkansas,Pike,163,1,0,34.16250414,-93.65789349,5109.0,1520.8061205448776,0.6134969325153374,162,161,1,0,160,157,10673,2,0,0,2,4
2020-08-26,US,Arkansas,Poinsett,452,4,0,35.57433534,-90.66268713,5111.0,1921.1152669160153,0.8849557522123894,448,432,4,0,428,429,23974,20,0,0,20,3
2020-08-26,US,Arkansas,Polk,212,3,0,34.48254879,-94.22728802,5113.0,1061.9114405930677,1.4150943396226414,209,208,2,0,206,207,20049,4,1,0,3,1
2020-08-26,US,Arkansas,Pope,1620,14,0,35.44871474,-93.03212219,5115.0,2528.4055437632665,0.8641975308641975,1606,1605,14,0,1591,1593,64000,15,0,0,15,12
2020-08-26,US,Arkansas,Prairie,114,0,0,34.83624419,-91.55162157,5117.0,1414.0411808484243,0.0,114,114,0,0,114,114,8074,0,0,0,0,0
2020-08-26,US,Arkansas,Pulaski,6761,99,0,34.77054088,-92.31355101,5119.0,1725.136574375305,1.464280431888774,6662,6675,98,0,6577,6590,392680,86,1,0,85,85
2020-08-26,US,Arkansas,Randolph,292,12,0,36.3415714,-91.02455531,5121.0,1626.0162601626016,4.109589041095891,280,291,12,0,279,290,17948,1,0,0,1,1
2020-08-26,US,Arkansas,Saline,1475,11,0,34.64916145,-92.67583224,5125.0,1204.7011932667413,0.7457627118644068,1464,1409,10,0,1399,1384,121421,66,1,0,65,25
2020-08-26,US,Arkansas,Scott,84,0,0,34.85588887,-94.0632176,5127.0,817.0411438576014,0.0,84,84,0,0,84,84,10319,0,0,0,0,0
2020-08-26,US,Arkansas,Searcy,73,0,0,35.9109364,-92.69936482,5129.0,926.2783910671236,0.0,73,66,0,0,66,62,7958,7,0,0,7,4
2020-08-26,US,Arkansas,Sebastian,2753,32,0,35.19605503,-94.27162713,5131.0,2153.692099478201,1.1623683254631312,2721,2722,30,0,2692,2686,127753,31,2,0,29,36
2020-08-26,US,Arkansas,Sevier,1142,12,0,33.99780401,-94.2424869,5133.0,6714.8821073675535,1.0507880910683012,1130,1134,12,0,1122,1121,17139,8,0,0,8,13
2020-08-26,US,Arkansas,Sharp,145,5,0,36.16258158,-91.47819342,5135.0,831.3266827198715,3.4482758620689653,140,137,5,0,132,136,17366,8,0,0,8,1
2020-08-26,US,Arkansas,St. Francis,1282,3,0,35.02201976,-90.74828138,5123.0,5129.231015443706,0.23400936037441494,1279,1280,3,0,1277,1280,25439,2,0,0,2,0
2020-08-26,US,Arkansas,Stone,169,1,0,35.86251946,-92.15684085,5137.0,1351.3513513513512,0.591715976331361,168,159,1,0,158,155,12457,10,0,0,10,4
2020-08-26,US,Arkansas,Unassigned,794,0,0,0.0,0.0,90005.0,0.0,0.0,794,820,0,0,820,826,,-26,0,0,-26,-6
2020-08-26,US,Arkansas,Union,653,20,0,33.16887091,-92.59746952,5139.0,1688.1236750943592,3.062787136294028,633,650,21,0,629,634,39126,3,-1,0,4,16
2020-08-26,US,Arkansas,Van Buren,106,2,0,35.58095779,-92.51295036,5141.0,640.6769416742218,1.8867924528301887,104,99,2,0,97,84,16603,7,0,0,7,15
2020-08-26,US,Arkansas,Washington,6659,55,0,35.976844,-94.21800746,5143.0,2784.0141813727337,0.8259498423186664,6604,6631,55,0,6576,6615,236961,28,0,0,28,16
2020-08-26,US,Arkansas,White,480,10,0,35.25688493,-91.74908296,5145.0,609.500590453697,2.083333333333333,470,472,9,0,463,462,78727,8,1,0,7,10
2020-08-26,US,Arkansas,Woodruff,27,0,0,35.18902527,-91.2439489,5147.0,427.21518987341767,0.0,27,27,0,0,27,27,6490,0,0,0,0,0
2020-08-26,US,Arkansas,Yell,1118,23,0,35.00292371,-93.41171338,5149.0,5238.742326976243,2.0572450805008944,1095,1113,21,0,1092,1111,21535,5,2,0,3,2
2020-08-26,US,California,Alameda,17385,243,0,37.64629437,-121.8929271,6001.0,1040.1901720128114,1.3977566867989646,17142,17275,240,0,17035,16786,1666753,110,3,0,107,489
2020-08-26,US,California,Alpine,2,0,0,38.59678594,-119.82235940000001,6003.0,177.14791851195747,0.0,2,2,0,0,2,2,1101,0,0,0,0,0
2020-08-26,US,California,Amador,270,14,0,38.44583082,-120.65696000000001,6005.0,679.2111088750253,5.185185185185184,256,268,14,0,254,265,39383,2,0,0,2,3
2020-08-26,US,California,Butte,1718,18,0,39.66727762,-121.6005252,6007.0,783.8091848931958,1.0477299185098952,1700,1664,18,0,1646,1637,231256,54,0,0,54,27
2020-08-26,US,California,Calaveras,223,2,0,38.20537103,-120.55291299999999,6009.0,485.78586210652435,0.8968609865470852,221,197,2,0,195,197,45602,26,0,0,26,0
2020-08-26,US,California,Colusa,430,5,0,39.17881957,-122.2331726,6011.0,1995.6374437276647,1.162790697674419,425,426,5,0,421,424,21627,4,0,0,4,2
2020-08-26,US,California,Contra Costa,13181,171,0,37.91923498,-121.9289527,6013.0,1142.670386276512,1.2973219027387908,13010,12906,169,0,12737,12663,1150215,275,2,0,273,243
2020-08-26,US,California,Del Norte,121,1,0,41.74228275,-123.89740630000001,6015.0,435.0640011505825,0.8264462809917356,120,116,1,0,115,116,27828,5,0,0,5,0
2020-08-26,US,California,El Dorado,932,2,0,38.77965956,-120.5233166,6017.0,483.29470087065636,0.2145922746781116,930,924,2,0,922,901,190678,8,0,0,8,23
2020-08-26,US,California,Fresno,23932,239,0,36.75733899,-119.6466953,6019.0,2395.353422727032,0.9986628781547718,23693,23618,239,0,23379,23414,994400,314,0,0,314,204
2020-08-26,US,California,Glenn,433,3,0,39.59875897,-122.3938452,6021.0,1525.0237734652908,0.6928406466512702,430,433,3,0,430,425,28047,0,0,0,0,8
2020-08-26,US,California,Humboldt,361,4,0,40.69923009,-123.876044,6023.0,266.3066731583529,1.10803324099723,357,360,4,0,356,359,136373,1,0,0,1,1
2020-08-26,US,California,Imperial,10509,283,0,33.0393082,-115.36690420000001,6025.0,5799.188808873438,2.6929298696355506,10226,10486,272,0,10214,10396,181827,23,11,0,12,90
2020-08-26,US,California,Inyo,168,13,0,36.51112084,-117.41119779999998,6027.0,931.3154831199067,7.738095238095237,155,167,11,0,156,164,17987,1,2,0,-1,3
2020-08-26,US,California,Kern,28520,251,0,35.34329425,-118.72777959999999,6029.0,3168.177808980651,0.8800841514726507,28269,28234,240,0,27994,28140,896764,286,11,0,275,94
2020-08-26,US,California,Kings,5977,72,0,36.07409056,-119.8159973,6031.0,3908.0685236040276,1.204617701187887,5905,5957,69,0,5888,5921,151366,20,3,0,17,36
2020-08-26,US,California,Lake,304,3,0,39.10124298,-122.75362439999999,6033.0,472.1523312521357,0.986842105263158,301,303,3,0,300,299,64382,1,0,0,1,4
2020-08-26,US,California,Lassen,714,0,0,40.67311306,-120.59350990000002,6035.0,2335.3939750760474,0.0,714,704,0,0,704,704,30802,10,0,0,10,0
2020-08-26,US,California,Los Angeles,235386,5663,0,34.30828379,-118.22824109999999,6037.0,2344.6906183986284,2.4058355212289597,229723,233777,5605,0,228172,232893,10105518,1609,58,0,1551,884
2020-08-26,US,California,Madera,3551,53,0,37.21513971,-119.76655890000002,6039.0,2257.082382553535,1.492537313432836,3498,3509,51,0,3458,3484,157672,42,2,0,40,25
2020-08-26,US,California,Marin,5965,95,0,38.07122463,-122.72106310000001,6041.0,2304.637092100485,1.592623637887678,5870,5942,94,0,5848,5930,259666,23,1,0,22,12
2020-08-26,US,California,Mariposa,70,2,0,37.57978556,-119.9073334,6043.0,406.9057722490263,2.8571428571428568,68,70,2,0,68,69,17471,0,0,0,0,1
2020-08-26,US,California,Mendocino,653,16,0,39.4381191,-123.39113130000001,6045.0,752.7464293536525,2.4502297090352214,637,645,16,0,629,629,87606,8,0,0,8,16
2020-08-26,US,California,Merced,7693,110,0,37.18922369,-120.72090349999999,6047.0,2770.455200230481,1.4298713115819577,7583,7653,106,0,7547,7574,274765,40,4,0,36,79
2020-08-26,US,California,Modoc,5,0,0,41.58965602,-120.7244817,6049.0,56.55468838366701,0.0,5,5,0,0,5,5,8777,0,0,0,0,0
2020-08-26,US,California,Mono,162,2,0,37.93899289,-118.8872409,6051.0,1121.5729714760457,1.2345679012345678,160,162,2,0,160,162,14250,0,0,0,0,0
2020-08-26,US,California,Monterey,7393,53,0,36.21862405,-121.24133970000001,6053.0,1703.2168289710435,0.7168943595292845,7340,7274,52,0,7222,7226,435594,119,1,0,118,48
2020-08-26,US,California,Napa,1374,13,0,38.50735751,-122.33283899999999,6055.0,997.5026135439656,0.9461426491994176,1361,1358,13,0,1345,1348,139417,16,0,0,16,10
2020-08-26,US,California,Nevada,430,5,0,39.30394768,-120.76272809999999,6057.0,431.0560874141647,1.162790697674419,425,423,3,0,420,421,99696,7,2,0,5,2
2020-08-26,US,California,Orange,47090,918,0,33.70147516,-117.76459979999998,6059.0,1482.8264201944016,1.9494584837545128,46172,46642,912,0,45730,46307,3185968,448,6,0,442,335
2020-08-26,US,California,Placer,2852,32,0,39.06167234,-120.72405690000001,6061.0,715.9910526223297,1.1220196353436185,2820,2833,32,0,2801,2795,393149,19,0,0,19,38
2020-08-26,US,California,Plumas,40,0,0,40.00355989,-120.8395236,6063.0,212.6867655660127,0.0,40,40,0,0,40,40,18804,0,0,0,0,0
2020-08-26,US,California,Riverside,51538,984,0,33.74314981,-115.9933578,6065.0,2086.097567096504,1.9092708292910088,50554,51200,978,0,50222,50744,2450758,338,6,0,332,456
2020-08-26,US,California,Sacramento,16742,259,0,38.45106826,-121.34253740000001,6067.0,1078.6968012793336,1.5470075259825589,16483,16623,252,0,16371,16331,1540975,119,7,0,112,292
2020-08-26,US,California,San Benito,998,7,0,36.60308176,-121.069975,6069.0,1588.969558018087,0.7014028056112225,991,987,7,0,980,978,61537,11,0,0,11,9
2020-08-26,US,California,San Bernardino,46051,709,0,34.84060306,-116.1774685,6071.0,2112.3488304355105,1.5395974028794164,45342,45666,695,0,44971,45246,2171603,385,14,0,371,420
2020-08-26,US,California,San Diego,37222,668,0,33.03484597,-116.73653259999999,6073.0,1114.9886320405712,1.7946375799258505,36554,36994,665,0,36329,36727,3343364,228,3,0,225,267
2020-08-26,US,California,San Francisco,9060,80,0,37.75215114,-122.43856720000001,6075.0,1027.7364048963811,0.8830022075055187,8980,8981,77,0,8904,8936,883305,79,3,0,76,45
2020-08-26,US,California,San Joaquin,16795,297,0,37.93433732,-121.2730061,6077.0,2203.640237854065,1.7683834474545996,16498,16565,297,0,16268,16131,752660,230,0,0,230,434
2020-08-26,US,California,San Luis Obispo,2769,21,0,35.38822029,-120.4039028,6079.0,978.0616083444304,0.7583965330444203,2748,2735,21,0,2714,2679,284010,34,0,0,34,56
2020-08-26,US,California,San Mateo,7849,130,0,37.422880799999994,-122.32755459999998,6081.0,1023.9077035063848,1.6562619441967132,7719,7788,130,0,7658,7670,769545,61,0,0,61,118
2020-08-26,US,California,Santa Barbara,7869,89,0,34.65329488,-120.0188492,6083.0,1762.3779672518865,1.1310204600330411,7780,7800,88,0,7712,7725,446527,69,1,0,68,75
2020-08-26,US,California,Santa Clara,16306,237,0,37.23104908,-121.6970462,6085.0,845.8118154298152,1.4534527167913651,16069,16151,233,0,15918,16151,1937570,155,4,0,151,0
2020-08-26,US,California,Santa Cruz,1714,7,0,37.05580291,-122.0066524,6087.0,627.3493574610286,0.4084014002333721,1707,1698,7,0,1691,1636,274255,16,0,0,16,62
2020-08-26,US,California,Shasta,554,11,0,40.76391419,-122.0396884,6089.0,307.6410484229231,1.985559566787004,543,553,11,0,542,531,180040,1,0,0,1,22
2020-08-26,US,California,Sierra,6,0,0,39.57713498,-120.52007009999998,6091.0,199.6672212978369,0.0,6,6,0,0,6,6,2987,0,0,0,0,0
2020-08-26,US,California,Siskiyou,125,0,0,41.59198861,-122.54074340000001,6093.0,287.09892280484166,0.0,125,124,0,0,124,123,43724,1,0,0,1,1
2020-08-26,US,California,Solano,5280,46,0,38.26827353,-121.9357113,6095.0,1179.5113516797985,0.8712121212121212,5234,5231,46,0,5185,5206,446610,49,0,0,49,25
2020-08-26,US,California,Sonoma,5422,75,0,38.52746429,-122.88625060000001,6097.0,1096.824831693423,1.383253412025083,5347,5351,75,0,5276,5212,499942,71,0,0,71,139
2020-08-26,US,California,Stanislaus,13886,240,0,37.55862499,-120.9970722,6099.0,2521.701231249773,1.7283594987757454,13646,13521,237,0,13284,13483,549815,365,3,0,362,38
2020-08-26,US,California,Sutter,1312,8,0,39.03417539,-121.6945899,6101.0,1352.9818193068033,0.6097560975609756,1304,1283,8,0,1275,1260,96807,29,0,0,29,23
2020-08-26,US,California,Tehama,394,1,0,40.12570935,-122.23701709999999,6103.0,605.3715198819988,0.2538071065989848,393,388,1,0,387,381,63916,6,0,0,6,7
2020-08-26,US,California,Trinity,10,0,0,40.64917670000001,-123.114713,6105.0,81.4000814000814,0.0,10,10,0,0,10,10,12535,0,0,0,0,0
2020-08-26,US,California,Tulare,13609,216,0,36.22026558,-118.8020203,6107.0,2919.1647272064265,1.587184951135278,13393,13431,216,0,13215,13303,465861,178,0,0,178,128
2020-08-26,US,California,Tuolumne,179,2,0,38.02644018,-119.95250929999999,6109.0,328.57300194573963,1.11731843575419,177,177,2,0,175,172,54539,2,0,0,2,5
2020-08-26,US,California,Ventura,10313,105,0,34.44465746,-119.09106129999999,6111.0,1219.0220873138016,1.0181324541840395,10208,10261,103,0,10158,10126,850967,52,2,0,50,135
2020-08-26,US,California,Yolo,2274,49,0,38.68278902,-121.90182879999999,6113.0,1031.2925170068029,2.1547933157431842,2225,2255,49,0,2206,2239,220408,19,0,0,19,16
2020-08-26,US,California,Yuba,883,5,0,39.26255932,-121.35356440000001,6115.0,1122.438602735547,0.5662514156285391,878,880,4,0,876,859,78041,3,1,0,2,21
2020-08-26,US,Colorado,Adams,7285,196,0,39.87432092,-104.3362578,8001.0,1407.9444011742855,2.6904598490048044,7089,7248,196,0,7052,7188,511868,37,0,0,37,60
2020-08-26,US,Colorado,Alamosa,238,9,0,37.57250606,-105.7885451,8003.0,1466.1492022423458,3.7815126050420167,229,237,9,0,228,236,16683,1,0,0,1,1
2020-08-26,US,Colorado,Arapahoe,7928,365,0,39.64977461,-104.3353617,8005.0,1207.4506160617734,4.60393541876892,7563,7907,365,0,7542,7853,651215,21,0,0,21,54
2020-08-26,US,Colorado,Archuleta,46,0,0,37.19474156,-107.04768670000001,8007.0,327.8922232518355,0.0,46,46,0,0,46,45,13765,0,0,0,0,1
2020-08-26,US,Colorado,Baca,16,0,0,37.31940883,-102.5603223,8009.0,446.8025691147723,0.0,16,15,0,0,15,15,3585,1,0,0,1,0
2020-08-26,US,Colorado,Bent,11,0,0,37.95474293,-103.0720195,8011.0,197.23865877712032,0.0,11,11,0,0,11,11,5882,0,0,0,0,0
2020-08-26,US,Colorado,Boulder,2252,79,0,40.09313619,-105.3546767,8013.0,690.3824694355542,3.5079928952042634,2173,2247,79,0,2168,2231,326078,5,0,0,5,16
2020-08-26,US,Colorado,Broomfield,521,33,0,39.95998787,-105.0566324,8014.0,739.374157383098,6.333973128598847,488,523,33,0,490,515,69267,-2,0,0,-2,8
2020-08-26,US,Colorado,Chaffee,314,19,0,38.74745778,-106.19265729999998,8015.0,1542.5427392415008,6.050955414012739,295,314,19,0,295,311,20027,0,0,0,0,3
2020-08-26,US,Colorado,Cheyenne,9,0,0,38.82777431,-102.6032558,8017.0,491.53468050245766,0.0,9,9,0,0,9,9,1876,0,0,0,0,0
2020-08-26,US,Colorado,Clear Creek,34,1,0,39.68864463,-105.6463118,8019.0,350.5154639175258,2.9411764705882355,33,34,1,0,33,34,9605,0,0,0,0,0
2020-08-26,US,Colorado,Conejos,31,0,0,37.201606,-106.19174879999998,8021.0,377.8184034125533,0.0,31,31,0,0,31,31,8200,0,0,0,0,0
2020-08-26,US,Colorado,Costilla,32,0,0,37.27732493,-105.4276548,8023.0,823.2570105479805,0.0,32,29,0,0,29,27,3828,3,0,0,3,2
2020-08-26,US,Colorado,Crowley,73,1,0,38.32608609,-103.7844965,8025.0,1204.4217125886814,1.3698630136986298,72,73,1,0,72,73,5858,0,0,0,0,0
2020-08-26,US,Colorado,Custer,15,0,0,38.10883162,-105.3683478,8027.0,295.97474348855565,0.0,15,13,0,0,13,13,4954,2,0,0,2,0
2020-08-26,US,Colorado,Delta,148,1,0,38.86246243,-107.86313419999999,8029.0,474.9374237853796,0.6756756756756757,147,147,1,0,146,140,30953,1,0,0,1,7
2020-08-26,US,Colorado,Denver,11021,424,0,39.76018276,-104.87256950000001,8031.0,1515.5161294314855,3.8472007984756376,10597,11038,422,0,10616,10931,716492,-17,2,0,-19,107
2020-08-26,US,Colorado,Dolores,2,0,0,37.75208676,-108.5211585,8033.0,97.32360097323601,0.0,2,2,0,0,2,2,2074,0,0,0,0,0
2020-08-26,US,Colorado,Douglas,1941,60,0,39.33133796,-104.930001,8035.0,552.7489363641024,3.091190108191654,1881,1927,60,0,1867,1911,342776,14,0,0,14,16
2020-08-26,US,Colorado,Eagle,1168,9,0,39.62754308,-106.6933637,8037.0,2118.7439911477136,0.7705479452054794,1159,1167,10,0,1157,1166,54993,1,-1,0,2,1
2020-08-26,US,Colorado,El Paso,5845,149,0,38.83240149,-104.5251411,8041.0,811.3514241334365,2.549187339606501,5696,5806,151,0,5655,5747,713856,39,-2,0,41,59
2020-08-26,US,Colorado,Elbert,119,2,0,39.28656773,-104.13587209999999,8039.0,445.2093232070037,1.680672268907563,117,117,2,0,115,117,26282,2,0,0,2,0
2020-08-26,US,Colorado,Fremont,153,0,0,38.47362326,-105.43996670000001,8043.0,319.8227387696232,0.0,153,152,0,0,152,146,48021,1,0,0,1,6
2020-08-26,US,Colorado,Garfield,825,4,0,39.59921777,-107.902708,8045.0,1373.6035031051765,0.4848484848484849,821,821,4,0,817,818,59770,4,0,0,4,3
2020-08-26,US,Colorado,Gilpin,17,0,0,39.85646523,-105.5252597,8047.0,272.30498157936887,0.0,17,17,0,0,17,17,6121,0,0,0,0,0
2020-08-26,US,Colorado,Grand,60,1,0,40.10603347,-106.11780420000001,8049.0,381.33977373840094,1.6666666666666667,59,57,1,0,56,56,15525,3,0,0,3,1
2020-08-26,US,Colorado,Gunnison,289,7,0,38.66611652,-107.0320729,8051.0,1655.0223342114305,2.4221453287197234,282,286,7,0,279,286,17246,3,0,0,3,0
2020-08-26,US,Colorado,Hinsdale,3,0,0,37.82247444,-107.3004345,8053.0,365.8536585365854,0.0,3,3,0,0,3,3,811,0,0,0,0,0
2020-08-26,US,Colorado,Huerfano,8,1,0,37.68473101,-104.9612585,8055.0,115.99246049006815,12.5,7,8,1,0,7,8,6889,0,0,0,0,0
2020-08-26,US,Colorado,Jackson,9,0,0,40.66593870000001,-106.3408905,8057.0,646.5517241379309,0.0,9,9,0,0,9,9,1399,0,0,0,0,0
2020-08-26,US,Colorado,Jefferson,4670,236,0,39.58635604,-105.2517692,8059.0,801.1926962793435,5.053533190578158,4434,4645,235,0,4410,4605,580233,25,1,0,24,40
2020-08-26,US,Colorado,Kit Carson,74,3,0,39.30497777,-102.60221990000001,8063.0,1042.6940960969425,4.0540540540540535,71,74,3,0,71,69,7163,0,0,0,0,5
2020-08-26,US,Colorado,La Plata,234,2,0,37.28632032,-107.8429014,8067.0,416.21458173991925,0.8547008547008547,232,234,2,0,232,232,56310,0,0,0,0,2
2020-08-26,US,Colorado,Lake,80,0,0,39.20278823,-106.35556969999999,8065.0,984.3730773963333,0.0,80,80,0,0,80,80,7824,0,0,0,0,0
2020-08-26,US,Colorado,Larimer,1849,39,0,40.66671597,-105.4625784,8069.0,518.0737407501841,2.109248242293132,1810,1840,38,0,1802,1817,350518,9,1,0,8,23
2020-08-26,US,Colorado,Las Animas,19,0,0,37.3153406,-104.03764579999999,8071.0,130.98028402040538,0.0,19,19,0,0,19,19,14503,0,0,0,0,0
2020-08-26,US,Colorado,Lincoln,8,0,0,38.98749519,-103.51366490000001,8073.0,140.3262585511314,0.0,8,8,0,0,8,8,5610,0,0,0,0,0
2020-08-26,US,Colorado,Logan,672,5,0,40.7249637,-103.110817,8075.0,2998.795126957919,0.7440476190476191,667,672,5,0,667,665,21528,0,0,0,0,7
2020-08-26,US,Colorado,Mesa,393,5,0,39.01787888,-108.469799,8077.0,254.84728616821218,1.272264631043257,388,393,5,0,388,388,153207,0,0,0,0,5
2020-08-26,US,Colorado,Mineral,19,0,0,37.66954283,-106.92816979999999,8079.0,2470.74122236671,0.0,19,19,0,0,19,19,776,0,0,0,0,0
2020-08-26,US,Colorado,Moffat,35,1,0,40.61810999,-108.2070876,8081.0,263.4946924640518,2.8571428571428568,34,33,1,0,32,33,13188,2,0,0,2,0
2020-08-26,US,Colorado,Montezuma,122,5,0,37.33859579,-108.59588570000001,8083.0,465.95118970324256,4.0983606557377055,117,122,5,0,117,121,26158,0,0,0,0,1
2020-08-26,US,Colorado,Montrose,338,13,0,38.40214114,-108.26390220000002,8085.0,790.4953459001822,3.8461538461538463,325,339,13,0,326,336,42214,-1,0,0,-1,3
2020-08-26,US,Colorado,Morgan,710,47,0,40.26279810000001,-103.8093302,8087.0,2442.5485069492224,6.619718309859155,663,708,47,0,661,706,28558,2,0,0,2,2
2020-08-26,US,Colorado,Otero,81,6,0,37.9014485,-103.7173385,8089.0,443.15570631360106,7.407407407407407,75,81,6,0,75,81,18432,0,0,0,0,0
2020-08-26,US,Colorado,Ouray,22,1,0,38.14717457,-107.7675136,8091.0,444.264943457189,4.545454545454546,21,21,1,0,20,20,4833,1,0,0,1,1
2020-08-26,US,Colorado,Park,43,1,0,39.120926000000004,-105.7182065,8093.0,228.1772353409393,2.3255813953488373,42,43,1,0,42,43,18556,0,0,0,0,0
2020-08-26,US,Colorado,Phillips,19,0,0,40.59414277,-102.3577703,8095.0,445.48651817116064,0.0,19,19,0,0,19,19,4286,0,0,0,0,0
2020-08-26,US,Colorado,Pitkin,195,2,0,39.21720112,-106.9310027,8097.0,1097.5403838577138,1.0256410256410255,193,195,2,0,193,193,17950,0,0,0,0,2
2020-08-26,US,Colorado,Prowers,79,0,0,37.95544985,-102.3926052,8099.0,649.0305619454485,0.0,79,79,0,0,79,78,12164,0,0,0,0,1
2020-08-26,US,Colorado,Pueblo,821,34,0,38.17359144,-104.5127437,8101.0,487.46021944615967,4.141291108404385,787,806,34,0,772,802,167529,15,0,0,15,4
2020-08-26,US,Colorado,Rio Blanco,21,0,0,39.97913541,-108.2179009,8103.0,332.0683111954458,0.0,21,21,0,0,21,21,6336,0,0,0,0,0
2020-08-26,US,Colorado,Rio Grande,94,2,0,37.5836865,-106.3847838,8105.0,834.2948433478299,2.127659574468085,92,94,2,0,92,94,11250,0,0,0,0,0
2020-08-26,US,Colorado,Routt,132,8,0,40.48596505,-106.9905548,8107.0,514.8607535689212,6.0606060606060606,124,131,8,0,123,130,25733,1,0,0,1,1
2020-08-26,US,Colorado,Saguache,110,2,0,38.08054629,-106.28246599999999,8109.0,1611.957796014068,1.818181818181818,108,108,2,0,106,108,6843,2,0,0,2,0
2020-08-26,US,Colorado,San Juan,2,0,0,37.76248981,-107.67632890000002,8111.0,274.72527472527474,0.0,2,2,0,0,2,2,762,0,0,0,0,0
2020-08-26,US,Colorado,San Miguel,93,0,0,38.00450883,-108.4020725,8113.0,1137.0583200880305,0.0,93,93,0,0,93,93,8191,0,0,0,0,0
2020-08-26,US,Colorado,Sedgwick,12,1,0,40.87595412,-102.3519227,8115.0,533.8078291814946,8.333333333333334,11,12,1,0,11,12,2303,0,0,0,0,0
2020-08-26,US,Colorado,Summit,361,4,0,39.63803232,-106.1150762,8117.0,1164.1030602044434,1.10803324099723,357,358,4,0,354,352,31007,3,0,0,3,6
2020-08-26,US,Colorado,Teller,158,3,0,38.88133511,-105.16148929999999,8119.0,622.3412635890973,1.8987341772151896,155,157,3,0,154,155,25083,1,0,0,1,2
2020-08-26,US,Colorado,Washington,52,0,0,39.97015535,-103.202587,8121.0,1059.4947025264873,0.0,52,52,0,0,52,52,4909,0,0,0,0,0
2020-08-26,US,Colorado,Weld,3979,146,0,40.55499405,-104.39296209999999,8123.0,1226.2243753312869,3.6692636340789133,3833,3965,146,0,3819,3956,314305,14,0,0,14,9
2020-08-26,US,Colorado,Yuma,63,0,0,40.00346839,-102.4258673,8125.0,628.8052699870246,0.0,63,63,0,0,63,63,10020,0,0,0,0,0
2020-08-26,US,Connecticut,Fairfield,18667,1413,0,41.26809896,-73.3881171,9001.0,1978.8367192038434,7.5695076873627265,17254,18622,1412,0,17210,18605,943823,45,1,0,44,17
2020-08-26,US,Connecticut,Hartford,13273,1424,0,41.80283011,-72.73103891,9003.0,1488.4717175795092,10.728546673698485,11849,13184,1424,0,11760,13180,892697,89,0,0,89,4
2020-08-26,US,Connecticut,Litchfield,1662,139,0,41.7937534,-73.2451475,9005.0,921.628320939595,8.363417569193743,1523,1658,139,0,1519,1658,181111,4,0,0,4,0
2020-08-26,US,Connecticut,Middlesex,1437,192,0,41.45949668,-72.53714864,9007.0,884.6561107143738,13.36116910229645,1245,1436,192,0,1244,1434,162682,1,0,0,1,2
2020-08-26,US,Connecticut,New Haven,13556,1109,0,41.408032500000004,-72.93620426,9009.0,1585.9478190877642,8.18087931543228,12447,13524,1110,0,12414,13518,857620,32,-1,0,33,6
2020-08-26,US,Connecticut,New London,1526,106,0,41.48896435,-72.10430976,9011.0,575.4017631576962,6.946264744429882,1420,1520,106,0,1414,1517,266784,6,0,0,6,3
2020-08-26,US,Connecticut,Tolland,1093,65,0,41.85853803,-72.3308481,9013.0,725.1809635020999,5.9469350411710895,1028,1090,65,0,1025,1085,150921,3,0,0,3,5
2020-08-26,US,Connecticut,Unassigned,221,0,0,0.0,0.0,90009.0,0.0,0.0,221,226,0,0,226,234,,-5,0,0,-5,-8
2020-08-26,US,Connecticut,Windham,785,15,0,41.82972709,-71.98182316,9015.0,672.19263242623,1.9108280254777068,770,780,15,0,765,780,117027,5,0,0,5,0
2020-08-26,US,Delaware,Kent,2560,109,0,39.08646628,-75.56884914,10001.0,1416.038852566017,4.2578125,2451,2556,109,0,2447,2553,178550,4,0,0,4,3
2020-08-26,US,Delaware,New Castle,7925,300,0,39.57992638,-75.64054974,10003.0,1418.3369037839618,3.785488958990536,7625,7890,299,0,7591,7865,559335,35,1,0,34,25
2020-08-26,US,Delaware,Sussex,6225,195,0,38.66143781,-75.39031349,10005.0,2657.7009285943004,3.132530120481928,6030,6239,195,0,6044,6249,229286,-14,0,0,-14,-10
2020-08-26,US,Delaware,Unassigned,276,0,0,0.0,0.0,90010.0,0.0,0.0,276,277,0,0,277,275,,-1,0,0,-1,2
2020-08-26,US,District of Columbia,District of Columbia,13684,605,0,38.90417773,-77.01655992,11001.0,1938.932963419006,4.421221864951769,13079,13684,604,0,13080,13639,702455,0,1,0,-1,45
2020-08-26,US,Florida,Alachua,5053,31,0,29.67866525,-82.35928158,12001.0,1878.1384388369145,0.6134969325153374,5022,5023,31,0,4992,4981,269956,30,0,0,30,42
2020-08-26,US,Florida,Baker,1132,4,0,30.33060121,-82.28467476,12003.0,3875.385142074632,0.353356890459364,1128,1118,4,0,1114,1118,28355,14,0,0,14,0
2020-08-26,US,Florida,Bay,5237,76,0,30.26548745,-85.62122584,12005.0,2997.6245671274432,1.4512125262554898,5161,5195,74,0,5121,5181,185287,42,2,0,40,14
2020-08-26,US,Florida,Bradford,673,5,0,29.95079741,-82.16611613,12007.0,2386.440197156129,0.7429420505200595,668,663,5,0,658,660,27732,10,0,0,10,3
2020-08-26,US,Florida,Brevard,7040,200,0,28.29409504,-80.73091022,12009.0,1169.5478966412047,2.8409090909090913,6840,6972,195,0,6777,6946,596849,68,5,0,63,26
2020-08-26,US,Florida,Broward,69883,1160,0,26.15184651,-80.48725556,12011.0,3578.645396455716,1.65991729032812,68723,69584,1147,0,68437,69383,1951260,299,13,0,286,201
2020-08-26,US,Florida,Calhoun,546,8,0,30.40666734,-85.19394153,12013.0,3870.967741935484,1.465201465201465,538,546,8,0,538,538,14587,0,0,0,0,8
2020-08-26,US,Florida,Charlotte,2582,108,0,26.90131002,-81.92949121,12015.0,1366.7884177650733,4.18280402788536,2474,2569,108,0,2461,2538,184998,13,0,0,13,31
2020-08-26,US,Florida,Citrus,1996,53,0,28.84804315,-82.47614748,12017.0,1333.7164315735315,2.6553106212424846,1943,1980,50,0,1930,1970,147929,16,3,0,13,10
2020-08-26,US,Florida,Clay,3759,73,0,29.98319144,-81.85609986,12019.0,1714.4655464944449,1.9420058526203776,3686,3734,73,0,3661,3690,216072,25,0,0,25,44
2020-08-26,US,Florida,Collier,11376,170,0,26.11091986,-81.34687065,12021.0,2955.5575185371863,1.4943741209563994,11206,11351,166,0,11185,11268,378488,25,4,0,21,83
2020-08-26,US,Florida,Columbia,3269,31,0,30.22509788,-82.62160164,12023.0,4560.165164746254,0.948302233098807,3238,3249,31,0,3218,3226,70503,20,0,0,20,23
2020-08-26,US,Florida,DeSoto,1457,21,0,27.18677893,-81.80941373,12027.0,3834.109628693982,1.4413177762525735,1436,1454,21,0,1433,1450,37489,3,0,0,3,4
2020-08-26,US,Florida,Dixie,681,4,0,29.60631086,-83.15724673,12029.0,4047.3077380244868,0.5873715124816447,677,677,4,0,673,660,16700,4,0,0,4,17
2020-08-26,US,Florida,Duval,25879,246,0,30.33225875,-81.66976468,12031.0,2702.0480185433644,0.9505776884732796,25633,25732,243,0,25489,25658,950181,147,3,0,144,74
2020-08-26,US,Florida,Escambia,10944,179,0,30.67652764,-87.37284571,12033.0,3438.0929642242304,1.6355994152046784,10765,10871,178,0,10693,10832,315534,73,1,0,72,39
2020-08-26,US,Florida,Flagler,1275,15,0,29.45933576,-81.31508595,12035.0,1107.9152944447824,1.1764705882352942,1260,1266,15,0,1251,1257,112067,9,0,0,9,9
2020-08-26,US,Florida,Franklin,522,3,0,29.83791238,-84.82731662,12037.0,4305.154639175258,0.5747126436781609,519,520,3,0,517,519,11736,2,0,0,2,1
2020-08-26,US,Florida,Gadsden,2240,31,0,30.57796289,-84.61915825,12039.0,4905.825667980727,1.3839285714285714,2209,2211,30,0,2181,2194,45894,29,1,0,28,17
2020-08-26,US,Florida,Gilchrist,443,9,0,29.72856978,-82.79880657,12041.0,2384.027553546443,2.031602708803612,434,442,9,0,433,441,18256,1,0,0,1,1
2020-08-26,US,Florida,Glades,451,3,0,26.95635849,-81.18996211,12043.0,3265.51299688654,0.6651884700665188,448,448,3,0,445,444,13724,3,0,0,3,4
2020-08-26,US,Florida,Gulf,801,9,0,29.93543004,-85.24270990000002,12045.0,5872.864579514628,1.1235955056179776,792,801,8,0,793,800,16164,0,1,0,-1,1
2020-08-26,US,Florida,Hamilton,681,4,0,30.49673973,-82.94998918,12047.0,4719.988910451899,0.5873715124816447,677,677,4,0,673,673,14310,4,0,0,4,4
2020-08-26,US,Florida,Hardee,1073,9,0,27.49293939,-81.80956574,12049.0,3983.3686008092964,0.8387698042870456,1064,1066,9,0,1057,1064,27245,7,0,0,7,2
2020-08-26,US,Florida,Hendry,1948,39,0,26.55386945,-81.16469006,12051.0,4635.6670315549,2.0020533880903493,1909,1945,39,0,1906,1938,41556,3,0,0,3,7
2020-08-26,US,Florida,Hernando,2493,79,0,28.55364461,-82.42700204,12053.0,1285.5816831683169,3.1688728439630967,2414,2476,77,0,2399,2449,190865,17,2,0,15,27
2020-08-26,US,Florida,Highlands,1756,57,0,27.34254618,-81.34071957,12055.0,1653.157096995886,3.2460136674259683,1699,1747,57,0,1690,1740,105424,9,0,0,9,7
2020-08-26,US,Florida,Hillsborough,36157,537,0,27.9276559,-82.32013172,12057.0,2456.3713341594384,1.4851895898442902,35620,35953,534,0,35419,35814,1436888,204,3,0,201,139
2020-08-26,US,Florida,Holmes,600,4,0,30.86747479,-85.81319222,12059.0,3058.571647040832,0.6666666666666666,596,600,4,0,596,589,19477,0,0,0,0,11
2020-08-26,US,Florida,Indian River,2780,91,0,27.69308961,-80.60556721,12061.0,1738.3365744764667,3.2733812949640284,2689,2766,87,0,2679,2756,157413,14,4,0,10,10
2020-08-26,US,Florida,Jackson,2292,65,0,30.795459700000002,-85.21500423,12063.0,4938.1652087732145,2.835951134380453,2227,2282,65,0,2217,2236,48305,10,0,0,10,46
2020-08-26,US,Florida,Jefferson,493,6,0,30.43669112,-83.89442308,12065.0,3460.6205250596668,1.2170385395537526,487,492,5,0,487,491,14288,1,1,0,0,1
2020-08-26,US,Florida,Lafayette,1169,7,0,29.98484137,-83.18166636,12067.0,13880.313464735218,0.5988023952095808,1162,1164,4,0,1160,1165,8732,5,3,0,2,-1
2020-08-26,US,Florida,Lake,6163,98,0,28.76202069,-81.7125123,12069.0,1678.751790977288,1.5901346746714262,6065,6122,96,0,6026,6089,356495,41,2,0,39,33
2020-08-26,US,Florida,Lee,18217,409,0,26.58410348,-81.88399313,12071.0,2364.0726364788984,2.245155623867816,17808,18140,406,0,17734,18064,754610,77,3,0,74,76
2020-08-26,US,Florida,Leon,5975,30,0,30.45955727,-84.27491114,12073.0,2035.2065181107835,0.502092050209205,5945,5933,30,0,5903,5908,292502,42,0,0,42,25
2020-08-26,US,Florida,Levy,874,6,0,29.31829741,-82.74007147,12075.0,2105.8718646844804,0.6864988558352403,868,868,6,0,862,858,40770,6,0,0,6,10
2020-08-26,US,Florida,Liberty,427,7,0,30.23766008,-84.8829258,12077.0,5111.323916686617,1.639344262295082,420,426,7,0,419,424,8457,1,0,0,1,2
2020-08-26,US,Florida,Madison,841,14,0,30.44396917,-83.47398594,12079.0,4547.666684691505,1.6646848989298455,827,834,12,0,822,832,18529,7,2,0,5,2
2020-08-26,US,Florida,Manatee,10278,252,0,27.47196942,-82.31831044,12081.0,2548.772110808847,2.4518388791593697,10026,10241,250,0,9991,10209,394855,37,2,0,35,32
2020-08-26,US,Florida,Marion,8172,156,0,29.21227113,-82.05803627,12083.0,2235.3581578810604,1.908957415565345,8016,8092,148,0,7944,8046,359977,80,8,0,72,46
2020-08-26,US,Florida,Martin,4173,113,0,27.0772071,-80.43109784,12085.0,2591.925465838509,2.707884016295232,4060,4112,112,0,4000,4091,160912,61,1,0,60,21
2020-08-26,US,Florida,Miami-Dade,154135,2317,0,25.6112362,-80.55170587,12086.0,5673.110190140378,1.5032276900120023,151818,153385,2277,0,151108,152612,2761581,750,40,0,710,773
2020-08-26,US,Florida,Monroe,1700,15,0,25.20904673,-81.07812416,12087.0,2290.2408794524977,0.8823529411764706,1685,1695,14,0,1681,1694,75027,5,1,0,4,1
2020-08-26,US,Florida,Nassau,1533,16,0,30.61037141,-81.80297522,12089.0,1729.7602256699577,1.0437051532941943,1517,1522,16,0,1506,1512,85832,11,0,0,11,10
2020-08-26,US,Florida,Okaloosa,4020,75,0,30.69143028,-86.59267105,12091.0,1907.5819263730318,1.8656716417910448,3945,3998,74,0,3924,3965,207269,22,1,0,21,33
2020-08-26,US,Florida,Okeechobee,1210,14,0,27.386336199999995,-80.88944347,12093.0,2869.4744830203003,1.1570247933884297,1196,1208,13,0,1195,1202,41537,2,1,0,1,6
2020-08-26,US,Florida,Orange,35083,365,0,28.51367621,-81.31799498,12095.0,2517.704233802097,1.040389932445914,34718,34910,364,0,34546,34781,1380645,173,1,0,172,129
2020-08-26,US,Florida,Osceola,10844,128,0,28.06312234,-81.14882926,12097.0,2885.9537299967274,1.1803762449280708,10716,10804,127,0,10677,10772,367990,40,1,0,39,32
2020-08-26,US,Florida,Palm Beach,41013,1078,0,26.64676272,-80.46536002,12099.0,2740.100349419083,2.6284348864994027,39935,40853,1066,0,39787,40746,1485941,160,12,0,148,107
2020-08-26,US,Florida,Pasco,7868,171,0,28.30810945,-82.40227529,12101.0,1420.3524885954794,2.1733604473818002,7697,7807,171,0,7636,7777,539630,61,0,0,61,30
2020-08-26,US,Florida,Pinellas,19605,635,0,27.93130349,-82.72239666,12103.0,2010.7774801127387,3.2389696505993366,18970,19522,630,0,18892,19478,975280,83,5,0,78,44
2020-08-26,US,Florida,Polk,16498,423,0,27.95027105,-81.69732947,12105.0,2276.2863611841985,2.563947145108498,16075,16388,419,0,15969,16322,708009,110,4,0,106,66
2020-08-26,US,Florida,Putnam,1740,36,0,29.60779729,-81.74230285,12107.0,2334.9123065981407,2.0689655172413794,1704,1730,35,0,1695,1725,74163,10,1,0,9,5
2020-08-26,US,Florida,Santa Rosa,4523,54,0,30.69341450000001,-87.02458128,12113.0,2453.9777443804833,1.1938978554057045,4469,4483,54,0,4429,4462,179349,40,0,0,40,21
2020-08-26,US,Florida,Sarasota,7066,191,0,27.18546175,-82.33174248,12115.0,1629.0790377689966,2.703085196716672,6875,7042,187,0,6855,7016,426718,24,4,0,20,26
2020-08-26,US,Florida,Seminole,7839,169,0,28.7158582,-81.24060348,12117.0,1661.4175564720892,2.155887230514096,7670,7811,164,0,7647,7778,467832,28,5,0,23,33
2020-08-26,US,Florida,St. Johns,4219,54,0,29.90096506,-81.43589967,12109.0,1594.0484826502234,1.2799241526428065,4165,4197,53,0,4144,4160,254261,22,1,0,21,37
2020-08-26,US,Florida,St. Lucie,6773,230,0,27.37763908,-80.47106649,12111.0,2063.0709388145488,3.39583640927211,6543,6720,224,0,6496,6651,321128,53,6,0,47,69
2020-08-26,US,Florida,Sumter,1742,47,0,28.70181754,-82.0794267,12119.0,1315.5112520767254,2.6980482204362803,1695,1724,46,0,1678,1718,128754,18,1,0,17,6
2020-08-26,US,Florida,Suwannee,2377,56,0,30.19746066,-82.99099670000003,12121.0,5351.55458495621,2.3559108119478336,2321,2363,56,0,2307,2357,44191,14,0,0,14,6
2020-08-26,US,Florida,Taylor,1171,5,0,30.04848048,-83.60445406,12123.0,5429.088043024712,0.4269854824935952,1166,1164,5,0,1159,1158,21623,7,0,0,7,6
2020-08-26,US,Florida,Unassigned,886,0,0,0.0,0.0,90012.0,0.0,0.0,886,862,0,0,862,851,,24,0,0,24,11
2020-08-26,US,Florida,Union,547,5,0,30.04412971,-82.37497443,12125.0,3589.945527334777,0.9140767824497258,542,535,5,0,530,533,14940,12,0,0,12,2
2020-08-26,US,Florida,Volusia,9069,185,0,29.05858895,-81.18263252,12127.0,1639.1220422061724,2.03991619803727,8884,8997,182,0,8815,8952,547538,72,3,0,69,45
2020-08-26,US,Florida,Wakulla,869,7,0,30.16548905,-84.39895211,12129.0,2575.654287323276,0.8055235903337169,862,863,6,0,857,859,32461,6,1,0,5,4
2020-08-26,US,Florida,Walton,1601,20,0,30.64204028,-86.16935664,12131.0,2161.43969974754,1.2492192379762648,1581,1588,20,0,1568,1580,71375,13,0,0,13,8
2020-08-26,US,Florida,Washington,990,15,0,30.61359259,-85.66002461,12133.0,3886.468024967613,1.5151515151515151,975,989,14,0,975,978,24880,1,1,0,0,11
2020-08-26,US,Georgia,Appling,862,23,0,31.74847232,-82.28909114,13001.0,4688.349831393452,2.668213457076566,839,856,23,0,833,853,18507,6,0,0,6,3
2020-08-26,US,Georgia,Atkinson,391,3,0,31.29633502,-82.87545866,13003.0,4788.732394366197,0.7672634271099744,388,386,3,0,383,382,8297,5,0,0,5,4
2020-08-26,US,Georgia,Bacon,498,8,0,31.55456473,-82.45936528,13005.0,4460.766750268721,1.606425702811245,490,493,8,0,485,492,11185,5,0,0,5,1
2020-08-26,US,Georgia,Baker,73,3,0,31.32669878,-84.44218806,13007.0,2402.896642527979,4.109589041095891,70,73,3,0,70,73,3092,0,0,0,0,0
2020-08-26,US,Georgia,Baldwin,1510,48,0,33.06882326,-83.24701748,13009.0,3363.778124303854,3.178807947019868,1462,1467,47,0,1420,1415,44823,43,1,0,42,52
2020-08-26,US,Georgia,Banks,355,8,0,34.35607081,-83.49644388,13011.0,1845.6899240927523,2.2535211267605635,347,346,8,0,338,337,18988,9,0,0,9,9
2020-08-26,US,Georgia,Barrow,1655,38,0,33.99148694,-83.71436292,13013.0,1988.2268140317153,2.29607250755287,1617,1629,36,0,1593,1587,80809,26,2,0,24,42
2020-08-26,US,Georgia,Bartow,2325,67,0,34.23732119,-84.83887523,13015.0,2158.0129573595204,2.881720430107527,2258,2292,67,0,2225,2256,106408,33,0,0,33,36
2020-08-26,US,Georgia,Ben Hill,607,10,0,31.76095874,-83.22145359,13017.0,3634.7305389221556,1.6474464579901154,597,605,10,0,595,603,16787,2,0,0,2,2
2020-08-26,US,Georgia,Berrien,368,3,0,31.27590016,-83.22529920000002,13019.0,1897.2005980306235,0.8152173913043478,365,367,3,0,364,365,19252,1,0,0,1,2
2020-08-26,US,Georgia,Bibb,5327,110,0,32.80904227,-83.70489165,13021.0,3478.084866054231,2.0649521306551533,5217,5340,106,0,5234,5302,153095,-13,4,0,-17,38
2020-08-26,US,Georgia,Bleckley,330,15,0,32.43829035,-83.33035166,13023.0,2563.505010487066,4.545454545454546,315,328,15,0,313,316,12838,2,0,0,2,12
2020-08-26,US,Georgia,Brantley,297,8,0,31.19576557,-81.97743999,13025.0,1554.2414569051232,2.6936026936026938,289,296,8,0,288,292,18897,1,0,0,1,4
2020-08-26,US,Georgia,Brooks,459,20,0,30.83922642,-83.58303423,13027.0,2969.5283690237434,4.357298474945534,439,455,20,0,435,453,15513,4,0,0,4,2
2020-08-26,US,Georgia,Bryan,807,9,0,32.00979311,-81.44002948,13029.0,2036.4902717843893,1.1152416356877324,798,799,9,0,790,793,38109,8,0,0,8,6
2020-08-26,US,Georgia,Bulloch,1546,21,0,32.39577406,-81.74811421,13031.0,1942.015877801226,1.3583441138421732,1525,1525,21,0,1504,1511,77296,21,0,0,21,14
2020-08-26,US,Georgia,Burke,633,8,0,33.05917989,-81.99928721,13033.0,2828.039136844927,1.263823064770932,625,631,7,0,624,621,22423,2,1,0,1,10
2020-08-26,US,Georgia,Butts,546,40,0,33.283094500000004,-83.95435040000002,13035.0,2189.6053897978827,7.326007326007326,506,541,40,0,501,535,24193,5,0,0,5,6
2020-08-26,US,Georgia,Calhoun,226,7,0,31.53169785,-84.62725131,13037.0,3651.6400064630798,3.0973451327433628,219,226,7,0,219,225,6352,0,0,0,0,1
2020-08-26,US,Georgia,Camden,970,7,0,30.92951916,-81.66601818,13039.0,1774.4118830717448,0.7216494845360825,963,957,7,0,950,946,53677,13,0,0,13,11
2020-08-26,US,Georgia,Candler,318,11,0,32.40209349,-82.07702563,13043.0,2943.6267703415724,3.459119496855346,307,317,11,0,306,304,10836,1,0,0,1,13
2020-08-26,US,Georgia,Carroll,2227,56,0,33.58138199,-85.07976677,13045.0,1855.9570638042533,2.5145936237090254,2171,2216,56,0,2160,2232,118121,11,0,0,11,-16
2020-08-26,US,Georgia,Catoosa,816,17,0,34.89872298,-85.13757014,13047.0,1207.4578277596922,2.083333333333333,799,809,17,0,792,803,67420,7,0,0,7,6
2020-08-26,US,Georgia,Charlton,547,5,0,30.78371028,-82.13951596,13049.0,4084.52807646356,0.9140767824497258,542,545,5,0,540,544,12968,2,0,0,2,1
2020-08-26,US,Georgia,Chatham,6802,118,0,32.00043026,-81.12489526,13051.0,2350.136475140794,1.7347838870920318,6684,6760,116,0,6644,6730,289195,42,2,0,40,30
2020-08-26,US,Georgia,Chattahoochee,1026,2,0,32.34341231,-84.78809239,13053.0,9406.802970569359,0.1949317738791423,1024,978,2,0,976,942,10684,48,0,0,48,36
2020-08-26,US,Georgia,Chattooga,491,5,0,34.47197698,-85.34535662,13055.0,1980.7172536205576,1.0183299389002036,486,465,5,0,460,422,24790,26,0,0,26,43
2020-08-26,US,Georgia,Cherokee,4565,74,0,34.24393976,-84.47431861,13057.0,1764.0943993384162,1.6210295728368018,4491,4459,72,0,4387,4412,254149,106,2,0,104,47
2020-08-26,US,Georgia,Clarke,2628,26,0,33.95436462,-83.37124007,13059.0,2047.8294410547726,0.9893455098934549,2602,2564,27,0,2537,2511,127330,64,-1,0,65,53
2020-08-26,US,Georgia,Clay,111,2,0,31.62221166,-84.97713865,13061.0,3916.7254763585042,1.8018018018018016,109,110,2,0,108,110,2887,1,0,0,1,0
2020-08-26,US,Georgia,Clayton,6283,128,0,33.54187245,-84.35594188,13063.0,2149.827548450673,2.0372433550851503,6155,6124,128,0,5996,6087,289615,159,0,0,159,37
2020-08-26,US,Georgia,Clinch,274,4,0,30.91395822,-82.70432472,13065.0,4140.223632517377,1.45985401459854,270,271,4,0,267,269,6648,3,0,0,3,2
2020-08-26,US,Georgia,Cobb,16369,381,0,33.94243204,-84.5761255,13067.0,2153.416274085992,2.3275704074775487,15988,16144,373,0,15771,16055,756865,225,8,0,217,89
2020-08-26,US,Georgia,Coffee,1730,36,0,31.54892966,-82.85492059999999,13069.0,3997.873962979225,2.0809248554913293,1694,1721,36,0,1685,1715,43093,9,0,0,9,6
2020-08-26,US,Georgia,Colquitt,1708,26,0,31.18810588,-83.7677946,13071.0,3745.6140350877204,1.5222482435597189,1682,1702,26,0,1676,1693,45592,6,0,0,6,9
2020-08-26,US,Georgia,Columbia,3028,41,0,33.54534185,-82.263524,13073.0,1932.1821917633401,1.3540290620871862,2987,2995,41,0,2954,2978,154291,33,0,0,33,17
2020-08-26,US,Georgia,Cook,500,10,0,31.16068491,-83.42947229,13075.0,2895.193977996526,2.0,490,497,10,0,487,497,17162,3,0,0,3,0
2020-08-26,US,Georgia,Coweta,2107,26,0,33.35334302,-84.76129976,13077.0,1418.7692328411072,1.2339819648789752,2081,2041,26,0,2015,2025,145864,66,0,0,66,16
2020-08-26,US,Georgia,Crawford,146,1,0,32.71391813,-83.98061238,13079.0,1177.0396646243148,0.6849315068493149,145,143,1,0,142,146,12318,3,0,0,3,-3
2020-08-26,US,Georgia,Crisp,449,15,0,31.92289565,-83.76811843,13081.0,2006.973001966744,3.3407572383073503,434,448,15,0,433,436,22601,1,0,0,1,12
2020-08-26,US,Georgia,Dade,186,3,0,34.854916700000004,-85.50490424,13083.0,1154.132539091586,1.6129032258064515,183,183,3,0,180,180,16226,3,0,0,3,3
2020-08-26,US,Georgia,Dawson,614,6,0,34.44244079,-84.16964071,13085.0,2351.7695725448143,0.977198697068404,608,599,6,0,593,590,25083,15,0,0,15,9
2020-08-26,US,Georgia,DeKalb,16193,287,0,33.76944049,-84.22396017,13089.0,2132.630578021512,1.772370777496449,15906,16086,287,0,15799,16004,756558,107,0,0,107,82
2020-08-26,US,Georgia,Decatur,949,20,0,30.87967778,-84.57619536,13087.0,3594.152401151341,2.107481559536354,929,929,20,0,909,923,26575,20,0,0,20,6
2020-08-26,US,Georgia,Dodge,299,5,0,32.17265114,-83.16948926,13091.0,1451.1041009463725,1.6722408026755853,294,295,5,0,290,289,20705,4,0,0,4,6
2020-08-26,US,Georgia,Dooly,286,14,0,32.15630737,-83.79746561,13093.0,2135.9223300970875,4.895104895104895,272,282,14,0,268,282,13706,4,0,0,4,0
2020-08-26,US,Georgia,Dougherty,2939,177,0,31.53328528,-84.21722377,13095.0,3341.443448997226,6.0224566178972445,2762,2925,176,0,2749,2922,91243,14,1,0,13,3
2020-08-26,US,Georgia,Douglas,3092,62,0,33.70291126,-84.77026156,13097.0,2112.844481799608,2.0051746442432083,3030,3060,62,0,2998,3048,145331,32,0,0,32,12
2020-08-26,US,Georgia,Early,404,32,0,31.32155345,-84.90255207,13099.0,3964.6712463199215,7.920792079207921,372,402,32,0,370,400,10247,2,0,0,2,2
2020-08-26,US,Georgia,Echols,231,2,0,30.71101099,-82.89687287,13101.0,5766.350474288567,0.8658008658008658,229,231,2,0,229,230,4000,0,0,0,0,1
2020-08-26,US,Georgia,Effingham,996,14,0,32.36616021,-81.34280942,13103.0,1549.0854796565882,1.4056224899598393,982,975,14,0,961,962,62190,21,0,0,21,13
2020-08-26,US,Georgia,Elbert,438,1,0,34.11302332,-82.83936148,13105.0,2281.9631134729602,0.22831050228310498,437,431,1,0,430,422,19120,7,0,0,7,9
2020-08-26,US,Georgia,Emanuel,691,21,0,32.59221302,-82.30239915,13107.0,3051.311489887839,3.0390738060781475,670,688,21,0,667,662,22612,3,0,0,3,26
2020-08-26,US,Georgia,Evans,350,4,0,32.15328841,-81.8870105,13109.0,3285.15111695138,1.1428571428571428,346,336,4,0,332,334,10721,14,0,0,14,2
2020-08-26,US,Georgia,Fannin,422,6,0,34.86430205,-84.316964,13111.0,1611.4250801893998,1.4218009478672986,416,416,6,0,410,416,25964,6,0,0,6,0
2020-08-26,US,Georgia,Fayette,1453,36,0,33.41357794,-84.49089434,13113.0,1269.8717892694526,2.4776324845147966,1417,1434,36,0,1398,1419,113459,19,0,0,19,15
2020-08-26,US,Georgia,Floyd,2154,30,0,34.26268279,-85.21577392,13115.0,2186.8464334301198,1.3927576601671308,2124,2086,29,0,2057,2028,97927,68,1,0,67,58
2020-08-26,US,Georgia,Forsyth,2938,31,0,34.22604035,-84.12315129999998,13117.0,1202.8560666852268,1.055139550714772,2907,2884,32,0,2852,2814,236612,54,-1,0,55,70
2020-08-26,US,Georgia,Franklin,517,10,0,34.37525597,-83.23159927,13119.0,2214.227590046683,1.9342359767891684,507,514,10,0,504,503,23023,3,0,0,3,11
2020-08-26,US,Georgia,Fulton,24211,497,0,33.79216944,-84.46319413,13121.0,2275.604664561905,2.0527859237536656,23714,23987,497,0,23490,23825,1050114,224,0,0,224,162
2020-08-26,US,Georgia,Gilmer,729,5,0,34.69316688,-84.45802506,13123.0,2323.950396888648,0.6858710562414266,724,719,5,0,714,718,30816,10,0,0,10,1
2020-08-26,US,Georgia,Glascock,34,2,0,33.22879932,-82.61297636,13125.0,1144.3958263211039,5.882352941176472,32,34,2,0,32,34,2995,0,0,0,0,0
2020-08-26,US,Georgia,Glynn,2935,64,0,31.23279254,-81.53811412,13127.0,3441.11991746002,2.180579216354344,2871,2907,64,0,2843,2891,85219,28,0,0,28,16
2020-08-26,US,Georgia,Gordon,1469,27,0,34.50487351,-84.87296253,13129.0,2534.375377395925,1.837985023825732,1442,1461,25,0,1436,1444,57685,8,2,0,6,17
2020-08-26,US,Georgia,Grady,630,8,0,30.87454847,-84.23418364,13131.0,2557.544757033248,1.2698412698412698,622,628,8,0,620,627,24748,2,0,0,2,1
2020-08-26,US,Georgia,Greene,410,15,0,33.5769205,-83.17139104,13133.0,2237.5027286618642,3.6585365853658534,395,409,15,0,394,400,17698,1,0,0,1,9
2020-08-26,US,Georgia,Gwinnett,23636,314,0,33.96044201,-84.02137802,13135.0,2524.539385847797,1.3284819766457945,23322,23411,309,0,23102,23178,927781,225,5,0,220,233
2020-08-26,US,Georgia,Habersham,1297,59,0,34.63331566,-83.53094677,13137.0,2861.3660430638897,4.548959136468773,1238,1279,59,0,1220,1268,45388,18,0,0,18,11
2020-08-26,US,Georgia,Hall,7266,118,0,34.32207823,-83.81896936,13139.0,3554.0816176794287,1.624002202036884,7148,7116,118,0,6998,7020,202148,150,0,0,150,96
2020-08-26,US,Georgia,Hancock,352,39,0,33.2721566,-82.99766919,13141.0,4162.232470143077,11.079545454545457,313,351,39,0,312,348,8348,1,0,0,1,3
2020-08-26,US,Georgia,Haralson,301,7,0,33.79602175,-85.21005667,13143.0,1010.3383458646615,2.3255813953488373,294,296,7,0,289,293,29533,5,0,0,5,3
2020-08-26,US,Georgia,Harris,713,21,0,32.73709786,-84.90538572,13145.0,2023.4986945169712,2.945301542776998,692,711,21,0,690,711,34475,2,0,0,2,0
2020-08-26,US,Georgia,Hart,390,10,0,34.34626973,-82.96567682,13147.0,1488.2655981682885,2.5641025641025643,380,390,10,0,380,385,26099,0,0,0,0,5
2020-08-26,US,Georgia,Heard,164,5,0,33.29686567,-85.12886832,13149.0,1375.492745114485,3.0487804878048776,159,161,5,0,156,161,11879,3,0,0,3,0
2020-08-26,US,Georgia,Henry,4263,69,0,33.4533428,-84.14814659999998,13151.0,1817.4376814559964,1.6185784658691065,4194,4166,68,0,4098,4145,230220,97,1,0,96,21
2020-08-26,US,Georgia,Houston,2567,64,0,32.45802497,-83.66879087,13153.0,1626.0935114624704,2.4931827035449943,2503,2543,64,0,2479,2508,155469,24,0,0,24,35
2020-08-26,US,Georgia,Irwin,207,2,0,31.60213036,-83.27501387,13155.0,2198.3857264231096,0.966183574879227,205,204,2,0,202,200,9398,3,0,0,3,4
2020-08-26,US,Georgia,Jackson,1381,22,0,34.13794553,-83.56814788,13157.0,1892.3770503035205,1.5930485155684286,1359,1351,22,0,1329,1311,70422,30,0,0,30,40
2020-08-26,US,Georgia,Jasper,193,3,0,33.31535543,-83.68844964,13159.0,1357.3387720655462,1.5544041450777202,190,191,3,0,188,189,14040,2,0,0,2,2
2020-08-26,US,Georgia,Jeff Davis,605,9,0,31.80405727,-82.63724870000001,13161.0,4002.6463777704266,1.487603305785124,596,603,9,0,594,600,15029,2,0,0,2,3
2020-08-26,US,Georgia,Jefferson,629,13,0,33.05867328,-82.41609057,13163.0,4094.518942845984,2.066772655007949,616,624,13,0,611,620,15430,5,0,0,5,4
2020-08-26,US,Georgia,Jenkins,292,24,0,32.79248718,-81.96040187,13165.0,3365.6062701705846,8.219178082191782,268,286,24,0,262,283,8683,6,0,0,6,3
2020-08-26,US,Georgia,Johnson,293,13,0,32.70211082,-82.66166794,13167.0,3038.4735040962355,4.436860068259387,280,290,13,0,277,287,9708,3,0,0,3,3
2020-08-26,US,Georgia,Jones,433,5,0,33.02512137,-83.56019163,13169.0,1506.8731512093266,1.1547344110854505,428,430,5,0,425,422,28616,3,0,0,3,8
2020-08-26,US,Georgia,Lamar,317,16,0,33.07841647,-84.14263877,13171.0,1661.686848036903,5.047318611987381,301,315,16,0,299,313,19000,2,0,0,2,2
2020-08-26,US,Georgia,Lanier,246,5,0,31.03828570000001,-83.06472457,13173.0,2360.165019668041,2.0325203252032518,241,246,5,0,241,244,10340,0,0,0,0,2
2020-08-26,US,Georgia,Laurens,1253,40,0,32.46325233,-82.92221316,13175.0,2635.3426155722877,3.1923383878691136,1213,1244,39,0,1205,1227,47325,9,1,0,8,17
2020-08-26,US,Georgia,Lee,643,23,0,31.779330600000005,-84.14324253,13177.0,2143.9050413443583,3.576982892690513,620,643,23,0,620,637,29764,0,0,0,0,6
2020-08-26,US,Georgia,Liberty,894,15,0,31.82588896,-81.49251135,13179.0,1455.1965491983394,1.6778523489932886,879,884,14,0,870,878,61497,10,1,0,9,6
2020-08-26,US,Georgia,Lincoln,188,6,0,33.79201475,-82.45024131,13181.0,2373.4376972604473,3.191489361702128,182,188,6,0,182,188,7915,0,0,0,0,0
2020-08-26,US,Georgia,Long,172,2,0,31.75218791,-81.74952375,13183.0,879.3905618896672,1.162790697674419,170,172,2,0,170,172,18998,0,0,0,0,0
2020-08-26,US,Georgia,Lowndes,3402,61,0,30.83568832,-83.27056716,13185.0,2897.637258743165,1.7930629041740154,3341,3379,59,0,3320,3368,116321,23,2,0,21,11
2020-08-26,US,Georgia,Lumpkin,619,12,0,34.57286511,-84.00425681,13187.0,1841.7137756620048,1.9386106623586432,607,596,12,0,584,559,32955,23,0,0,23,37
2020-08-26,US,Georgia,Macon,201,10,0,32.35207048,-84.04234127,13193.0,1552.4832007414843,4.975124378109452,191,197,10,0,187,195,13143,4,0,0,4,2
2020-08-26,US,Georgia,Madison,509,7,0,34.12920917,-83.21218732,13195.0,1703.4805890227576,1.3752455795677798,502,503,7,0,496,496,29650,6,0,0,6,7
2020-08-26,US,Georgia,Marion,165,5,0,32.3483402,-84.52733571,13197.0,1973.9203253977744,3.0303030303030303,160,163,5,0,158,163,8351,2,0,0,2,0
2020-08-26,US,Georgia,McDuffie,495,12,0,33.47851918,-82.48252774,13189.0,2322.635135135135,2.4242424242424243,483,489,12,0,477,480,21531,6,0,0,6,9
2020-08-26,US,Georgia,McIntosh,233,4,0,31.49683595,-81.40163426,13191.0,1620.5313673668106,1.7167381974248928,229,231,4,0,227,232,14340,2,0,0,2,-1
2020-08-26,US,Georgia,Meriwether,469,9,0,33.04163534,-84.68859732,13199.0,2215.7131383757737,1.9189765458422172,460,463,8,0,455,459,21068,6,1,0,5,4
2020-08-26,US,Georgia,Miller,201,0,0,31.16568912,-84.73151117,13201.0,3515.215110178384,0.0,201,200,0,0,200,199,5686,1,0,0,1,1
2020-08-26,US,Georgia,Mitchell,698,42,0,31.22483255,-84.19381821,13205.0,3192.608516672003,6.017191977077363,656,694,42,0,652,688,22192,4,0,0,4,6
2020-08-26,US,Georgia,Monroe,581,36,0,33.014289,-83.92097166,13207.0,2106.7517586481977,6.196213425129089,545,582,35,0,547,576,27520,-1,1,0,-2,6
2020-08-26,US,Georgia,Montgomery,205,2,0,32.17201038,-82.53527476,13209.0,2235.063235935456,0.975609756097561,203,202,2,0,200,201,9193,3,0,0,3,1
2020-08-26,US,Georgia,Morgan,396,2,0,33.59232073,-83.49129491,13211.0,2054.3681261672546,0.5050505050505051,394,394,2,0,392,381,18853,2,0,0,2,13
2020-08-26,US,Georgia,Murray,689,3,0,34.78897608,-84.74993177,13213.0,1718.3758978451715,0.4354136429608128,686,685,3,0,682,683,39921,4,0,0,4,2
2020-08-26,US,Georgia,Muscogee,5361,126,0,32.50931999,-84.87142262,13215.0,2738.4315187797865,2.3503077783995523,5235,5330,125,0,5205,5304,194160,31,1,0,30,26
2020-08-26,US,Georgia,Newton,2208,58,0,33.55514538,-83.84547140000002,13217.0,1975.9450171821304,2.6268115942028984,2150,2189,58,0,2131,2168,109541,19,0,0,19,21
2020-08-26,US,Georgia,Oconee,528,20,0,33.83749973,-83.43679568,13219.0,1310.824230387289,3.787878787878788,508,525,20,0,505,516,39272,3,0,0,3,9
2020-08-26,US,Georgia,Oglethorpe,271,9,0,33.878629600000004,-83.08278123,13221.0,1776.0010485615046,3.3210332103321027,262,270,9,0,261,265,15054,1,0,0,1,5
2020-08-26,US,Georgia,Out of GA,16096,116,0,0.0,0.0,80013.0,0.0,0.7206759443339961,15980,16489,115,0,16374,16641,,-393,1,0,-394,-152
2020-08-26,US,Georgia,Paulding,2147,30,0,33.91969522,-84.86848792,13223.0,1272.9223855288824,1.3972985561248252,2117,2106,30,0,2076,2082,164044,41,0,0,41,24
2020-08-26,US,Georgia,Peach,553,16,0,32.56934316,-83.82937,13225.0,2007.5510055906484,2.8933092224231465,537,546,16,0,530,540,27297,7,0,0,7,6
2020-08-26,US,Georgia,Pickens,492,6,0,34.46589159,-84.46406611,13227.0,1509.61922003007,1.2195121951219512,486,490,6,0,484,477,31980,2,0,0,2,13
2020-08-26,US,Georgia,Pierce,502,11,0,31.35928155,-82.21598442,13229.0,2578.9879270485485,2.191235059760956,491,499,11,0,488,495,19389,3,0,0,3,4
2020-08-26,US,Georgia,Pike,268,8,0,33.09310242,-84.38790389,13231.0,1413.35302183314,2.985074626865672,260,267,8,0,259,266,18634,1,0,0,1,1
2020-08-26,US,Georgia,Polk,1153,13,0,34.00267074,-85.18677781,13233.0,2705.747072489616,1.1274934952298352,1140,1122,12,0,1110,1074,42470,31,1,0,30,48
2020-08-26,US,Georgia,Pulaski,169,6,0,32.23334561,-83.47549959999998,13235.0,1517.4643081619827,3.5502958579881656,163,168,6,0,162,165,11069,1,0,0,1,3
2020-08-26,US,Georgia,Putnam,607,20,0,33.32056115,-83.37552891,13237.0,2744.2470274424704,3.2948929159802307,587,597,20,0,577,573,21809,10,0,0,10,24
2020-08-26,US,Georgia,Quitman,32,1,0,31.86728114,-85.01773177,13239.0,1391.9095258808175,3.125,31,32,1,0,31,32,2279,0,0,0,0,0
2020-08-26,US,Georgia,Rabun,263,5,0,34.88389445,-83.40304637,13241.0,1534.691019431639,1.9011406844106464,258,257,5,0,252,255,16867,6,0,0,6,2
2020-08-26,US,Georgia,Randolph,308,27,0,31.76622818,-84.75732369,13243.0,4544.113307760401,8.766233766233766,281,307,27,0,280,305,6833,1,0,0,1,2
2020-08-26,US,Georgia,Richmond,5773,116,0,33.35777107,-82.07026432,13245.0,2850.610809903317,2.0093538887926554,5657,5731,115,0,5616,5691,201554,42,1,0,41,40
2020-08-26,US,Georgia,Rockdale,1622,29,0,33.65145002,-84.02202167,13247.0,1784.4569618024993,1.7879161528976573,1593,1613,28,0,1585,1597,90594,9,1,0,8,16
2020-08-26,US,Georgia,Schley,92,2,0,32.2654021,-84.31258912,13249.0,1750.0475556400988,2.1739130434782608,90,92,2,0,90,90,5236,0,0,0,0,2
2020-08-26,US,Georgia,Screven,276,9,0,32.74976524,-81.60779441,13251.0,1976.2279822425887,3.260869565217391,267,274,9,0,265,268,13938,2,0,0,2,6
2020-08-26,US,Georgia,Seminole,276,8,0,30.93464824,-84.86823924,13253.0,3411.6192830655127,2.898550724637681,268,269,8,0,261,264,8315,7,0,0,7,5
2020-08-26,US,Georgia,Spalding,1137,48,0,33.26310031,-84.28013991,13255.0,1704.5710088002038,4.221635883905013,1089,1126,48,0,1078,1115,66100,11,0,0,11,11
2020-08-26,US,Georgia,Stephens,778,22,0,34.55151201,-83.29405315,13257.0,3000.9643201542913,2.8277634961439593,756,766,21,0,745,756,26035,12,1,0,11,10
2020-08-26,US,Georgia,Stewart,318,11,0,32.07996777,-84.83208037,13259.0,4802.899864068872,3.459119496855346,307,315,10,0,305,316,6199,3,1,0,2,-1
2020-08-26,US,Georgia,Sumter,832,58,0,32.03650571,-84.19821492,13261.0,2818.0463351849353,6.971153846153847,774,826,57,0,769,824,29733,6,1,0,5,2
2020-08-26,US,Georgia,Talbot,154,5,0,32.69642758,-84.53351366,13263.0,2485.875706214689,3.2467532467532467,149,153,5,0,148,152,6272,1,0,0,1,1
2020-08-26,US,Georgia,Taliaferro,18,0,0,33.56543317,-82.88136816,13265.0,1171.1125569290825,0.0,18,18,0,0,18,18,1608,0,0,0,0,0
2020-08-26,US,Georgia,Tattnall,658,6,0,32.04785085,-82.05539188,13267.0,2602.2304832713753,0.9118541033434652,652,651,5,0,646,648,25391,7,1,0,6,3
2020-08-26,US,Georgia,Taylor,126,5,0,32.55792548,-84.25077141,13269.0,1571.072319201995,3.968253968253968,121,121,5,0,116,118,8039,5,0,0,5,3
2020-08-26,US,Georgia,Telfair,333,13,0,31.92829517,-82.93491155,13271.0,2099.6216897856243,3.903903903903904,320,332,13,0,319,331,15876,1,0,0,1,1
2020-08-26,US,Georgia,Terrell,313,31,0,31.77527543,-84.44069698,13273.0,3668.9719845270192,9.904153354632587,282,313,31,0,282,311,8611,0,0,0,0,2
2020-08-26,US,Georgia,Thomas,1355,47,0,30.86392347,-83.91847289,13275.0,3048.300375694585,3.468634686346864,1308,1341,47,0,1294,1332,44448,14,0,0,14,9
2020-08-26,US,Georgia,Tift,1468,48,0,31.45743864,-83.5236119,13277.0,3611.849227438244,3.2697547683923704,1420,1451,48,0,1403,1448,40571,17,0,0,17,3
2020-08-26,US,Georgia,Toombs,1011,12,0,32.12059861,-82.32957247,13279.0,3768.169959001118,1.1869436201780414,999,1000,12,0,988,982,26887,11,0,0,11,18
2020-08-26,US,Georgia,Towns,192,5,0,34.91369188,-83.74107459999998,13281.0,1595.0818310210184,2.6041666666666665,187,187,5,0,182,184,11852,5,0,0,5,3
2020-08-26,US,Georgia,Treutlen,188,3,0,32.40422134,-82.56904553,13283.0,2724.2428633531367,1.5957446808510638,185,185,3,0,182,179,6809,3,0,0,3,6
2020-08-26,US,Georgia,Troup,2540,81,0,33.03349196,-85.02812115,13285.0,3632.619204256171,3.1889763779527565,2459,2516,79,0,2437,2512,70034,24,2,0,22,4
2020-08-26,US,Georgia,Turner,275,19,0,31.71612656,-83.62069378,13287.0,3443.957420162805,6.909090909090909,256,274,19,0,255,274,7912,1,0,0,1,0
2020-08-26,US,Georgia,Twiggs,169,6,0,32.67435595,-83.43078662,13289.0,2081.28078817734,3.5502958579881656,163,169,6,0,163,168,8188,0,0,0,0,1
2020-08-26,US,Georgia,Unassigned,2597,5,0,0.0,0.0,90013.0,0.0,0.19252984212552945,2592,2725,4,0,2721,2668,,-128,1,0,-129,57
2020-08-26,US,Georgia,Union,427,7,0,34.82995757,-83.98967069,13291.0,1742.0749867406466,1.639344262295082,420,423,7,0,416,413,24001,4,0,0,4,10
2020-08-26,US,Georgia,Upson,636,53,0,32.87920671,-84.30024826,13293.0,2416.4133738601818,8.333333333333334,583,634,53,0,581,663,26215,2,0,0,2,-29
2020-08-26,US,Georgia,Walker,942,21,0,34.73376362,-85.30165174,13295.0,1350.3246799787844,2.2292993630573252,921,925,20,0,905,912,69410,17,1,0,16,13
2020-08-26,US,Georgia,Walton,1411,44,0,33.78017694,-83.73552314,13297.0,1491.653716448363,3.118355776045358,1367,1403,44,0,1359,1371,93503,8,0,0,8,32
2020-08-26,US,Georgia,Ware,1311,42,0,31.05449097,-82.42224148,13299.0,3668.774836290368,3.203661327231121,1269,1306,42,0,1264,1302,35680,5,0,0,5,4
2020-08-26,US,Georgia,Warren,116,5,0,33.41146451,-82.67795848,13301.0,2207.8416444613626,4.310344827586206,111,114,5,0,109,110,5251,2,0,0,2,4
2020-08-26,US,Georgia,Washington,594,3,0,32.96711864,-82.79357039,13303.0,2915.480514381074,0.5050505050505051,591,592,3,0,589,587,20386,2,0,0,2,5
2020-08-26,US,Georgia,Wayne,934,22,0,31.5521809,-81.91894878,13305.0,3120.927590470144,2.3554603854389717,912,931,22,0,909,927,29808,3,0,0,3,4
2020-08-26,US,Georgia,Webster,38,2,0,32.04066113,-84.54742852,13307.0,1457.6141158419641,5.2631578947368425,36,39,2,0,37,38,2611,-1,0,0,-1,1
2020-08-26,US,Georgia,Wheeler,141,4,0,32.12009104,-82.72574721,13309.0,1795.0350095480585,2.8368794326241136,137,141,4,0,137,137,7879,0,0,0,0,4
2020-08-26,US,Georgia,White,462,9,0,34.64624278,-83.74905525,13311.0,1500.0974089226572,1.9480519480519483,453,450,9,0,441,442,29970,12,0,0,12,8
2020-08-26,US,Georgia,Whitfield,3878,49,0,34.80987459,-84.96093476,13313.0,3706.4648086554266,1.263537906137184,3829,3859,47,0,3812,3851,104062,19,2,0,17,8
2020-08-26,US,Georgia,Wilcox,215,20,0,31.97496928,-83.43438555,13315.0,2489.866821077012,9.30232558139535,195,213,20,0,193,212,8812,2,0,0,2,1
2020-08-26,US,Georgia,Wilkes,216,3,0,33.78290391,-82.74286107,13317.0,2209.266646210494,1.3888888888888888,213,216,3,0,213,214,9876,0,0,0,0,2
2020-08-26,US,Georgia,Wilkinson,280,14,0,32.80291082,-83.17140684,13319.0,3127.0940361849453,5.0,266,283,14,0,269,280,9036,-3,0,0,-3,3
2020-08-26,US,Georgia,Worth,492,24,0,31.55162306,-83.85090513,13321.0,2429.989628093051,4.878048780487805,468,488,24,0,464,487,20299,4,0,0,4,1
2020-08-26,US,Hawaii,Hawaii,243,0,0,19.60121157,-155.5210167,15001.0,120.58775364368552,0.0,243,220,0,0,220,209,200983,23,0,0,23,11
2020-08-26,US,Hawaii,Honolulu,6626,43,0,21.45803166,-157.97121819999995,15003.0,679.8944757804267,0.6489586477512829,6583,6382,41,0,6341,6181,980080,244,2,0,242,201
2020-08-26,US,Hawaii,Kauai,56,0,0,22.03935037,-159.5966786,15007.0,77.46254824118517,0.0,56,56,0,0,56,56,72133,0,0,0,0,0
2020-08-26,US,Hawaii,Maui,311,7,0,20.86399628,-156.56890969999995,15009.0,185.7636918592497,2.2508038585209005,304,303,7,0,296,300,167207,8,0,0,8,3
2020-08-26,US,Hawaii,Out of HI,24,1,0,0.0,0.0,80015.0,0.0,4.166666666666667,23,23,1,0,22,23,,1,0,0,1,0
2020-08-26,US,Idaho,Ada,10853,116,0,43.4526575,-116.24155159999998,16001.0,2253.590732307973,1.0688288952363405,10737,10748,112,0,10636,10664,469966,105,4,0,101,84
2020-08-26,US,Idaho,Adams,25,0,0,44.89333571,-116.4545247,16003.0,582.2077317186772,0.0,25,25,0,0,25,25,4250,0,0,0,0,0
2020-08-26,US,Idaho,Bannock,589,2,0,42.67002716,-112.2233311,16005.0,670.7817055393588,0.3395585738539898,587,573,2,0,571,560,87138,16,0,0,16,13
2020-08-26,US,Idaho,Bear Lake,30,0,0,42.28269683,-111.32892379999998,16007.0,489.79591836734687,0.0,30,30,0,0,30,27,6050,0,0,0,0,3
2020-08-26,US,Idaho,Benewah,103,1,0,47.21754179,-116.6586851,16009.0,1107.7651107765112,0.9708737864077671,102,103,1,0,102,95,9226,0,0,0,0,8
2020-08-26,US,Idaho,Bingham,419,5,0,43.21672879999999,-112.3978437,16011.0,895.0887611886095,1.1933174224343674,414,407,4,0,403,398,46236,12,1,0,11,9
2020-08-26,US,Idaho,Blaine,598,6,0,43.4085812,-113.9752658,16013.0,2597.628252465141,1.0033444816053512,592,596,6,0,590,595,22601,2,0,0,2,1
2020-08-26,US,Idaho,Boise,59,1,0,43.98829931,-115.7309284,16015.0,753.415911122462,1.6949152542372878,58,58,1,0,57,57,7634,1,0,0,1,1
2020-08-26,US,Idaho,Bonner,204,0,0,48.29996017,-116.6017932,16017.0,446.0088764511686,0.0,204,202,0,0,202,197,44727,2,0,0,2,5
2020-08-26,US,Idaho,Bonneville,1596,8,0,43.38713372,-111.6161537,16019.0,1340.4780702491141,0.5012531328320802,1588,1582,8,0,1574,1553,116854,14,0,0,14,29
2020-08-26,US,Idaho,Boundary,43,1,0,48.76684761,-116.4630179,16021.0,351.1637403021642,2.3255813953488373,42,42,0,0,42,42,11948,1,1,0,0,0
2020-08-26,US,Idaho,Butte,4,0,0,43.72592209,-113.1735463,16023.0,154.02387370042356,0.0,4,4,0,0,4,4,2611,0,0,0,0,0
2020-08-26,US,Idaho,Camas,2,0,0,43.46665742,-114.8065892,16025.0,180.83182640144662,0.0,2,2,0,0,2,2,1127,0,0,0,0,0
2020-08-26,US,Idaho,Canyon,6950,71,0,43.61970148,-116.70954990000001,16027.0,3023.7242711519293,1.0215827338129495,6879,6910,70,0,6840,6825,223499,40,1,0,39,85
2020-08-26,US,Idaho,Caribou,35,0,0,42.77149116,-111.5597683,16029.0,489.1684136967156,0.0,35,35,0,0,35,35,7060,0,0,0,0,0
2020-08-26,US,Idaho,Cassia,573,3,0,42.28347888,-113.6012409,16031.0,2384.5193508114858,0.5235602094240838,570,572,3,0,569,570,23864,1,0,0,1,2
2020-08-26,US,Idaho,Clark,18,0,0,44.28496071,-112.35057040000001,16033.0,2130.1775147928993,0.0,18,18,0,0,18,16,852,0,0,0,0,2
2020-08-26,US,Idaho,Clearwater,21,0,0,46.67459924,-115.6622393,16035.0,239.83554134307903,0.0,21,21,0,0,21,21,8758,0,0,0,0,0
2020-08-26,US,Idaho,Custer,21,0,0,44.24186819,-114.2855494,16037.0,486.67439165701035,0.0,21,18,0,0,18,18,4280,3,0,0,3,0
2020-08-26,US,Idaho,Elmore,273,3,0,43.3507101,-115.4701578,16039.0,992.3303405910364,1.0989010989010992,270,267,3,0,264,265,27259,6,0,0,6,2
2020-08-26,US,Idaho,Franklin,54,0,0,42.18332217,-111.81496659999999,16041.0,389.16114153934853,0.0,54,54,0,0,54,54,13726,0,0,0,0,0
2020-08-26,US,Idaho,Fremont,103,1,0,44.22800938,-111.48099429999999,16043.0,786.3195663791129,0.9708737864077671,102,103,1,0,102,102,13168,0,0,0,0,1
2020-08-26,US,Idaho,Gem,205,2,0,44.06482372,-116.398376,16045.0,1131.84628975265,0.975609756097561,203,205,2,0,203,205,17634,0,0,0,0,0
2020-08-26,US,Idaho,Gooding,211,1,0,42.96927962,-114.81083059999999,16047.0,1390.0783977864155,0.4739336492890995,210,209,1,0,208,200,15196,2,0,0,2,9
2020-08-26,US,Idaho,Idaho,40,0,0,45.84721541,-115.4634436,16049.0,239.9952000959981,0.0,40,40,0,0,40,39,16513,0,0,0,0,1
2020-08-26,US,Idaho,Jefferson,329,1,0,43.82078483,-112.3131749,16051.0,1101.4026982692244,0.30395136778115506,328,325,1,0,324,318,29439,4,0,0,4,7
2020-08-26,US,Idaho,Jerome,579,6,0,42.68891267,-114.2655033,16053.0,2371.7843683434376,1.0362694300518134,573,576,6,0,570,571,24015,3,0,0,3,5
2020-08-26,US,Idaho,Kootenai,2136,29,0,47.67282258,-116.7020872,16055.0,1289.0999837051968,1.3576779026217227,2107,2120,27,0,2093,2074,161505,16,2,0,14,46
2020-08-26,US,Idaho,Latah,219,0,0,46.81587887,-116.71136979999999,16057.0,546.0257305275755,0.0,219,215,0,0,215,191,40134,4,0,0,4,24
2020-08-26,US,Idaho,Lemhi,69,0,0,44.9438088,-113.9309747,16059.0,859.5988538681949,0.0,69,68,0,0,68,63,7961,1,0,0,1,5
2020-08-26,US,Idaho,Lincoln,66,0,0,43.0012336,-114.1358773,16063.0,1229.9664554603055,0.0,66,64,0,0,64,63,5360,2,0,0,2,1
2020-08-26,US,Idaho,Madison,226,0,0,43.78141028,-111.65384740000002,16065.0,566.3166862956374,0.0,226,221,0,0,221,219,39304,5,0,0,5,2
2020-08-26,US,Idaho,Minidoka,540,2,0,42.85518524,-113.6357257,16067.0,2566.661913589049,0.3703703703703704,538,539,2,0,537,528,20825,1,0,0,1,11
2020-08-26,US,Idaho,Nez Perce,269,19,0,46.32638236,-116.75009750000001,16069.0,665.7097604434765,7.063197026022304,250,259,19,0,240,243,40408,10,0,0,10,16
2020-08-26,US,Idaho,Oneida,20,0,0,42.19494279999999,-112.5407838,16071.0,441.4036636504083,0.0,20,18,0,0,18,18,4488,2,0,0,2,0
2020-08-26,US,Idaho,Owyhee,293,4,0,42.58016894,-116.16938710000001,16073.0,2478.220417829655,1.3651877133105803,289,290,4,0,286,290,11693,3,0,0,3,0
2020-08-26,US,Idaho,Payette,605,4,0,44.00545243,-116.7647695,16075.0,2525.990564068306,0.6611570247933884,601,586,4,0,582,570,23551,19,0,0,19,16
2020-08-26,US,Idaho,Power,104,0,0,42.69254894,-112.83957420000002,16077.0,1353.9903658377816,0.0,104,97,0,0,97,94,7768,7,0,0,7,3
2020-08-26,US,Idaho,Shoshone,192,12,0,47.35364087,-115.89167490000001,16079.0,1490.4517931998134,6.25,180,192,11,0,181,184,12796,0,1,0,-1,8
2020-08-26,US,Idaho,Teton,122,0,0,43.75303583,-111.2056773,16081.0,1004.7768077746664,0.0,122,122,0,0,122,120,11640,0,0,0,0,2
2020-08-26,US,Idaho,Twin Falls,1628,34,0,42.35440512,-114.6685381,16083.0,1873.8921245885035,2.0884520884520885,1594,1610,34,0,1576,1604,86081,18,0,0,18,6
2020-08-26,US,Idaho,Unassigned,3,0,0,0.0,0.0,90016.0,0.0,0.0,3,3,0,0,3,3,,0,0,0,0,0
2020-08-26,US,Idaho,Valley,79,1,0,44.76728382,-115.5676773,16085.0,693.4691011235955,1.2658227848101269,78,78,1,0,77,78,11041,1,0,0,1,0
2020-08-26,US,Idaho,Washington,263,4,0,44.45275475,-116.78476880000001,16087.0,2579.948989601727,1.520912547528517,259,258,3,0,255,257,10161,5,1,0,4,1
2020-08-26,US,Illinois,Adams,731,7,0,39.98815591,-91.18786813,17001.0,1117.139145717124,0.957592339261286,724,730,7,0,723,727,65691,1,0,0,1,3
2020-08-26,US,Illinois,Alexander,42,0,0,37.18049267,-89.32910838,17003.0,729.0400972053462,0.0,42,41,0,0,41,40,6060,1,0,0,1,1
2020-08-26,US,Illinois,Bond,119,3,0,38.88829622,-89.43534887,17005.0,724.461220017046,2.5210084033613445,116,117,3,0,114,107,16630,2,0,0,2,10
2020-08-26,US,Illinois,Boone,843,23,0,42.32359279,-88.82345779,17007.0,1574.4060959211115,2.7283511269276395,820,835,23,0,812,827,53577,8,0,0,8,8
2020-08-26,US,Illinois,Brown,16,0,0,39.96209138,-90.75068024,17009.0,243.2350258437215,0.0,16,16,0,0,16,16,6556,0,0,0,0,0
2020-08-26,US,Illinois,Bureau,335,5,0,41.40385234,-89.5283051,17011.0,1026.72551183033,1.492537313432836,330,330,4,0,326,322,32993,5,1,0,4,8
2020-08-26,US,Illinois,Calhoun,25,0,0,39.16840183,-90.66330078,17013.0,527.5374551593163,0.0,25,24,0,0,24,22,4802,1,0,0,1,2
2020-08-26,US,Illinois,Carroll,115,4,0,42.06823429,-89.93395545,17015.0,803.9147151345684,3.4782608695652173,111,113,4,0,109,115,14312,2,0,0,2,-2
2020-08-26,US,Illinois,Cass,296,11,0,39.96991073,-90.24734436,17017.0,2436.815674652177,3.716216216216216,285,290,11,0,279,287,12260,6,0,0,6,3
2020-08-26,US,Illinois,Champaign,2187,20,0,40.13919438,-88.20046615,17019.0,1042.973165020578,0.9144947416552356,2167,2100,20,0,2080,2078,209983,87,0,0,87,22
2020-08-26,US,Illinois,Christian,192,4,0,39.54581621,-89.27780482,17021.0,594.3536404160476,2.083333333333333,188,191,4,0,187,185,32661,1,0,0,1,6
2020-08-26,US,Illinois,Clark,113,2,0,39.33425789,-87.78705622,17023.0,731.8178874425232,1.7699115044247788,111,112,2,0,110,112,15596,1,0,0,1,0
2020-08-26,US,Illinois,Clay,62,0,0,38.75388572,-88.48914513,17025.0,470.2669902912621,0.0,62,61,0,0,61,60,13253,1,0,0,1,1
2020-08-26,US,Illinois,Clinton,647,17,0,38.60704876,-89.42385254,17027.0,1722.4854906554494,2.627511591962905,630,632,17,0,615,606,37639,15,0,0,15,26
2020-08-26,US,Illinois,Coles,827,21,0,39.51949084,-88.22358557,17029.0,1633.7093301199106,2.5392986698911733,806,798,21,0,777,786,50885,29,0,0,29,12
2020-08-26,US,Illinois,Cook,123172,5031,0,41.84144849,-87.81658794,17031.0,2391.5811187571508,4.084532198876368,118141,122423,5022,0,117401,121877,5180493,749,9,0,740,546
2020-08-26,US,Illinois,Crawford,72,0,0,39.0032229,-87.75954624,17033.0,385.7073980821771,0.0,72,61,0,0,61,57,18807,11,0,0,11,4
2020-08-26,US,Illinois,Cumberland,123,3,0,39.27432424,-88.2401158,17035.0,1142.4856028237045,2.4390243902439024,120,114,3,0,111,109,10808,9,0,0,9,5
2020-08-26,US,Illinois,De Witt,38,1,0,40.17514519,-88.90959682,17039.0,242.99782580892696,2.631578947368421,37,39,1,0,38,38,15769,-1,0,0,-1,1
2020-08-26,US,Illinois,DeKalb,1078,33,0,41.89373302,-88.76958483,17037.0,1027.674766675882,3.0612244897959178,1045,1064,33,0,1031,1048,104143,14,0,0,14,16
2020-08-26,US,Illinois,Douglas,198,4,0,39.76768052,-88.21854195,17041.0,1017.210377600822,2.0202020202020203,194,195,4,0,191,189,19479,3,0,0,3,6
2020-08-26,US,Illinois,DuPage,14103,532,0,41.85116968,-88.08642662,17043.0,1528.0831187068015,3.772247039636957,13571,14001,531,0,13470,13909,928589,102,1,0,101,92
2020-08-26,US,Illinois,Edgar,75,0,0,39.6809186,-87.74759563,17045.0,437.0374686789814,0.0,75,60,0,0,60,61,17360,15,0,0,15,-1
2020-08-26,US,Illinois,Edwards,33,0,0,38.41353228,-88.05720863,17047.0,516.0281469898358,0.0,33,31,0,0,31,31,6392,2,0,0,2,0
2020-08-26,US,Illinois,Effingham,424,1,0,39.05935711,-88.58969584,17049.0,1246.7654669489532,0.2358490566037736,423,412,1,0,411,398,34208,12,0,0,12,14
2020-08-26,US,Illinois,Fayette,140,3,0,39.00072038,-89.02452658,17051.0,656.1679790026246,2.142857142857143,137,127,3,0,124,120,21416,13,0,0,13,7
2020-08-26,US,Illinois,Ford,69,2,0,40.59706922,-88.22350769,17053.0,532.3663297585064,2.898550724637681,67,68,2,0,66,70,13264,1,0,0,1,-2
2020-08-26,US,Illinois,Franklin,305,1,0,37.99189086,-88.92567818,17055.0,792.8461878395593,0.3278688524590164,304,298,1,0,297,293,38701,7,0,0,7,5
2020-08-26,US,Illinois,Fulton,72,0,0,40.47289135,-90.20862357,17057.0,209.66802562609203,0.0,72,72,0,0,72,73,34844,0,0,0,0,-1
2020-08-26,US,Illinois,Gallatin,62,2,0,37.76430935,-88.22953869,17059.0,1284.175642087821,3.2258064516129035,60,60,2,0,58,60,5058,2,0,0,2,0
2020-08-26,US,Illinois,Greene,97,0,0,39.35907414,-90.388865,17061.0,747.9373891587633,0.0,97,97,0,0,97,98,13044,0,0,0,0,-1
2020-08-26,US,Illinois,Grundy,452,5,0,41.28569601,-88.41905692,17063.0,885.3370940572728,1.106194690265487,447,441,5,0,436,436,50972,11,0,0,11,5
2020-08-26,US,Illinois,Hamilton,44,0,0,38.08163641,-88.53883373,17065.0,542.1389847215377,0.0,44,42,0,0,42,42,8163,2,0,0,2,0
2020-08-26,US,Illinois,Hancock,120,1,0,40.40423981,-91.16313899,17067.0,677.659814772984,0.8333333333333334,119,118,1,0,117,116,17844,2,0,0,2,2
2020-08-26,US,Illinois,Hardin,18,0,0,37.51810645,-88.26873022,17069.0,471.08086888249153,0.0,18,18,0,0,18,18,3910,0,0,0,0,0
2020-08-26,US,Illinois,Henderson,37,0,0,40.81908672,-90.92491462,17071.0,556.7258501354198,0.0,37,37,0,0,37,36,6709,0,0,0,0,1
2020-08-26,US,Illinois,Henry,412,1,0,41.3533994,-90.13296166,17073.0,842.3118598327643,0.2427184466019417,411,406,1,0,405,396,49090,6,0,0,6,10
2020-08-26,US,Illinois,Iroquois,284,18,0,40.74717633,-87.82466784,17075.0,1047.429372280003,6.338028169014086,266,284,18,0,266,284,27604,0,0,0,0,0
2020-08-26,US,Illinois,Jackson,877,20,0,37.78595185,-89.38232563,17077.0,1545.3744493392069,2.2805017103762832,857,862,20,0,842,851,57419,15,0,0,15,11
2020-08-26,US,Illinois,Jasper,100,7,0,39.01054275,-88.15437049,17079.0,1040.5827263267427,7.0,93,91,7,0,84,89,9611,9,0,0,9,2
2020-08-26,US,Illinois,Jefferson,416,31,0,38.29980057,-88.9240025,17081.0,1103.9167816579982,7.4519230769230775,385,411,31,0,380,402,37820,5,0,0,5,9
2020-08-26,US,Illinois,Jersey,246,3,0,39.08869046,-90.35393073,17083.0,1129.8397097322372,1.2195121951219512,243,239,3,0,236,229,21847,7,0,0,7,10
2020-08-26,US,Illinois,Jo Daviess,171,2,0,42.36542373,-90.21094405,17085.0,805.2743112785498,1.1695906432748535,169,168,2,0,166,166,21366,3,0,0,3,2
2020-08-26,US,Illinois,Johnson,105,0,0,37.45939802,-88.88165419,17087.0,845.6148828219376,0.0,105,96,0,0,96,95,12456,9,0,0,9,1
2020-08-26,US,Illinois,Kane,10956,312,0,41.93842729,-88.42861412,17089.0,2057.839644029053,2.8477546549835706,10644,10857,308,0,10549,10796,534216,99,4,0,95,61
2020-08-26,US,Illinois,Kankakee,2089,71,0,41.13746989,-87.86205334,17091.0,1901.476397662522,3.3987553853518433,2018,2064,71,0,1993,2050,110024,25,0,0,25,14
2020-08-26,US,Illinois,Kendall,1609,23,0,41.59081014,-88.42869583,17093.0,1247.3835181021784,1.4294592914853947,1586,1601,23,0,1578,1588,127915,8,0,0,8,13
2020-08-26,US,Illinois,Knox,436,3,0,40.93148779,-90.21330340000002,17095.0,877.2812330227972,0.6880733944954128,433,429,3,0,426,425,50112,7,0,0,7,4
2020-08-26,US,Illinois,LaSalle,1148,43,0,41.34426129999999,-88.88633881,17099.0,1056.4190339471238,3.7456445993031364,1105,1128,42,0,1086,1115,109430,20,1,0,19,13
2020-08-26,US,Illinois,Lake,14172,460,0,42.3224907,-88.00367925,17097.0,2034.6429109807834,3.2458368614168784,13712,14027,459,0,13568,13937,700832,145,1,0,144,90
2020-08-26,US,Illinois,Lawrence,89,0,0,38.71987914,-87.72884035,17101.0,567.6744482714632,0.0,89,89,0,0,89,87,15765,0,0,0,0,2
2020-08-26,US,Illinois,Lee,222,1,0,41.74583951,-89.29977132,17103.0,651.1027686532143,0.4504504504504505,221,218,1,0,217,218,34223,4,0,0,4,0
2020-08-26,US,Illinois,Livingston,172,4,0,40.89188292,-88.55784752,17105.0,482.49551166965887,2.3255813953488373,168,173,3,0,170,170,35761,-1,1,0,-2,3
2020-08-26,US,Illinois,Logan,245,1,0,40.12581572,-89.36638784,17107.0,856.1045495841777,0.4081632653061225,244,237,1,0,236,228,28925,8,0,0,8,9
2020-08-26,US,Illinois,Macon,875,26,0,39.86064913,-88.96342505,17115.0,841.2733513445952,2.9714285714285715,849,866,24,0,842,852,104712,9,2,0,7,14
2020-08-26,US,Illinois,Macoupin,324,3,0,39.26119767,-89.92424028,17117.0,721.1859502292659,0.925925925925926,321,302,3,0,299,301,45313,22,0,0,22,1
2020-08-26,US,Illinois,Madison,3752,92,0,38.83042506,-89.90422563,17119.0,1426.800422868355,2.4520255863539444,3660,3666,92,0,3574,3606,264461,86,0,0,86,60
2020-08-26,US,Illinois,Marion,249,0,0,38.64963204,-88.91899208,17121.0,669.2648837521839,0.0,249,245,0,0,245,234,37620,4,0,0,4,11
2020-08-26,US,Illinois,Marshall,42,0,0,41.0327901,-89.34510444,17123.0,367.1970624235006,0.0,42,40,0,0,40,39,11534,2,0,0,2,1
2020-08-26,US,Illinois,Mason,73,1,0,40.23917274,-89.91824452,17125.0,546.448087431694,1.3698630136986298,72,73,1,0,72,72,13565,0,0,0,0,1
2020-08-26,US,Illinois,Massac,61,1,0,37.22078441,-88.71036614,17127.0,442.9276793494045,1.639344262295082,60,60,1,0,59,56,14080,1,0,0,1,4
2020-08-26,US,Illinois,McDonough,164,15,0,40.45674722,-90.67775541,17109.0,552.5234148642273,9.146341463414632,149,165,15,0,150,161,29955,-1,0,0,-1,4
2020-08-26,US,Illinois,McHenry,3698,115,0,42.32451172,-88.45248227,17111.0,1201.53099352122,3.10978907517577,3583,3667,115,0,3552,3620,308570,31,0,0,31,47
2020-08-26,US,Illinois,McLean,1250,16,0,40.48996987,-88.84621113,17113.0,728.7907321140178,1.28,1234,1188,16,0,1172,1138,172828,62,0,0,62,50
2020-08-26,US,Illinois,Menard,68,0,0,40.02742725,-89.80246001,17129.0,557.5598556903901,0.0,68,67,0,0,67,63,12288,1,0,0,1,4
2020-08-26,US,Illinois,Mercer,95,4,0,41.20596782,-90.74290052,17131.0,615.404547515709,4.2105263157894735,91,91,4,0,87,90,15601,4,0,0,4,1
2020-08-26,US,Illinois,Monroe,429,14,0,38.27594376,-90.17761038,17133.0,1238.559921471259,3.2634032634032635,415,413,14,0,399,402,34335,16,0,0,16,11
2020-08-26,US,Illinois,Montgomery,234,8,0,39.23198845,-89.47809254,17135.0,823.5376926867038,3.418803418803418,226,230,8,0,222,223,28601,4,0,0,4,7
2020-08-26,US,Illinois,Morgan,466,18,0,39.71654544,-90.20255104,17137.0,1384.5148255986692,3.862660944206009,448,459,17,0,442,448,33976,7,1,0,6,11
2020-08-26,US,Illinois,Moultrie,140,0,0,39.64187451,-88.62099969,17139.0,965.4506585752707,0.0,140,136,0,0,136,133,14717,4,0,0,4,3
2020-08-26,US,Illinois,Ogle,467,5,0,42.04165196,-89.32184679,17141.0,922.1412633532768,1.0706638115631693,462,459,5,0,454,459,50923,8,0,0,8,0
2020-08-26,US,Illinois,Peoria,2255,40,0,40.78702156,-89.76078901,17143.0,1258.5180182945544,1.7738359201773837,2215,2220,39,0,2181,2190,180621,35,1,0,34,30
2020-08-26,US,Illinois,Perry,278,8,0,38.08510853,-89.36856219,17145.0,1329.1260279212086,2.8776978417266186,270,272,6,0,266,271,21174,6,2,0,4,1
2020-08-26,US,Illinois,Piatt,71,0,0,40.01360584,-88.59319339,17147.0,434.41018110621627,0.0,71,70,0,0,70,70,16396,1,0,0,1,0
2020-08-26,US,Illinois,Pike,64,0,0,39.62265059,-90.8877017,17149.0,411.28462181093767,0.0,64,63,0,0,63,57,15611,1,0,0,1,6
2020-08-26,US,Illinois,Pope,14,1,0,37.41391284,-88.56152109,17151.0,335.16878142207327,7.142857142857142,13,11,0,0,11,11,4212,3,1,0,2,0
2020-08-26,US,Illinois,Pulaski,114,1,0,37.22631423,-89.13085001,17153.0,2136.832239925024,0.8771929824561403,113,107,1,0,106,106,5463,7,0,0,7,1
2020-08-26,US,Illinois,Putnam,14,0,0,41.2013541,-89.2869272,17155.0,243.9449381425336,0.0,14,13,0,0,13,13,5740,1,0,0,1,0
2020-08-26,US,Illinois,Randolph,682,7,0,38.05095369,-89.82512254,17157.0,2145.868730728085,1.0263929618768328,675,667,7,0,660,647,32106,15,0,0,15,20
2020-08-26,US,Illinois,Richland,58,1,0,38.71240969,-88.08475366,17159.0,373.87997163669183,1.7241379310344829,57,58,1,0,57,54,15763,0,0,0,0,4
2020-08-26,US,Illinois,Rock Island,2071,52,0,41.46613806,-90.57042164,17161.0,1459.6945284362027,2.5108643167551907,2019,2054,47,0,2007,2026,143477,17,5,0,12,28
2020-08-26,US,Illinois,Saline,158,3,0,37.75332999,-88.54119706,17165.0,672.5980162615471,1.8987341772151896,155,155,3,0,152,155,23906,3,0,0,3,0
2020-08-26,US,Illinois,Sangamon,1680,37,0,39.75836914,-89.65872023,17167.0,862.9900550669846,2.202380952380953,1643,1656,37,0,1619,1637,195348,24,0,0,24,19
2020-08-26,US,Illinois,Schuyler,19,0,0,40.157179799999994,-90.61114163,17169.0,280.73286052009456,0.0,19,19,0,0,19,19,6907,0,0,0,0,0
2020-08-26,US,Illinois,Scott,43,0,0,39.642916899999996,-90.47814431,17171.0,868.5114118359927,0.0,43,41,0,0,41,41,4926,2,0,0,2,0
2020-08-26,US,Illinois,Shelby,171,3,0,39.39133527,-88.80611122,17173.0,790.422483128409,1.7543859649122806,168,158,3,0,155,153,21741,13,0,0,13,5
2020-08-26,US,Illinois,St. Clair,5058,168,0,38.46996033,-89.93063427,17163.0,1947.7368822346994,3.3214709371292996,4890,5010,166,0,4844,4958,261059,48,2,0,46,52
2020-08-26,US,Illinois,Stark,13,0,0,41.09309773,-89.79745866,17175.0,243.35454885810557,0.0,13,10,0,0,10,10,5427,3,0,0,3,0
2020-08-26,US,Illinois,Stephenson,371,6,0,42.35129217,-89.662598,17177.0,833.7453368690727,1.6172506738544474,365,369,6,0,363,368,44753,2,0,0,2,1
2020-08-26,US,Illinois,Tazewell,993,9,0,40.50716185,-89.51404662,17179.0,753.3971153919107,0.9063444108761328,984,971,9,0,962,951,132328,22,0,0,22,20
2020-08-26,US,Illinois,Unassigned,1463,209,0,0.0,0.0,90017.0,0.0,14.285714285714285,1254,1497,209,0,1288,1463,,-34,0,0,-34,34
2020-08-26,US,Illinois,Union,409,23,0,37.47119609,-89.25548938,17181.0,2456.013931423768,5.623471882640587,386,402,23,0,379,400,16841,7,0,0,7,2
2020-08-26,US,Illinois,Vermilion,306,3,0,40.18417171,-87.73384359,17183.0,403.91773806066686,0.9803921568627452,303,302,3,0,299,298,76806,4,0,0,4,4
2020-08-26,US,Illinois,Wabash,95,1,0,38.44272901,-87.84922065,17185.0,824.6527777777777,1.0526315789473684,94,94,1,0,93,93,11549,1,0,0,1,1
2020-08-26,US,Illinois,Warren,238,1,0,40.84925021,-90.6147432,17187.0,1412.9660413203515,0.4201680672268908,237,231,0,0,231,230,17032,7,1,0,6,1
2020-08-26,US,Illinois,Washington,101,1,0,38.35309213,-89.40982703,17189.0,727.2989126521206,0.99009900990099,100,98,1,0,97,92,13995,3,0,0,3,6
2020-08-26,US,Illinois,Wayne,90,2,0,38.42955355,-88.42586459,17191.0,555.0416281221093,2.2222222222222223,88,88,2,0,86,86,16332,2,0,0,2,2
2020-08-26,US,Illinois,White,113,0,0,38.08706198,-88.17657461,17193.0,834.7492058801802,0.0,113,113,0,0,113,113,13665,0,0,0,0,0
2020-08-26,US,Illinois,Whiteside,471,18,0,41.75509713,-89.91556058,17195.0,853.6474852741278,3.8216560509554136,453,456,18,0,438,444,55626,15,0,0,15,12
2020-08-26,US,Illinois,Will,11063,356,0,41.44619267,-87.97862712,17197.0,1601.6087025130912,3.2179336527162614,10707,10927,354,0,10573,10830,692310,136,2,0,134,97
2020-08-26,US,Illinois,Williamson,784,11,0,37.73033511,-88.92994027,17199.0,1177.2302055648152,1.4030612244897958,773,747,10,0,737,716,67056,37,1,0,36,31
2020-08-26,US,Illinois,Winnebago,4116,145,0,42.33641854,-89.16085327,17201.0,1456.6199057231433,3.5228377065111762,3971,4087,144,0,3943,4069,284081,29,1,0,28,18
2020-08-26,US,Illinois,Woodford,249,3,0,40.78579374,-89.20973757,17203.0,647.4427312202605,1.2048192771084338,246,245,3,0,242,242,38463,4,0,0,4,3
2020-08-26,US,Indiana,Adams,164,2,0,40.7457653,-84.93671406,18001.0,458.39505827766436,1.2195121951219512,162,161,2,0,159,160,35636,3,0,0,3,1
2020-08-26,US,Indiana,Allen,4756,176,0,41.09194313,-85.06800636,18003.0,1253.8920482258059,3.700588730025231,4580,4714,173,0,4541,4650,375351,42,3,0,39,64
2020-08-26,US,Indiana,Bartholomew,1025,52,0,39.20744865,-85.89558181,18005.0,1223.45695221953,5.073170731707316,973,1023,50,0,973,1013,82753,2,2,0,0,10
2020-08-26,US,Indiana,Benton,77,0,0,40.60626947,-87.31093999,18007.0,880.2011888431641,0.0,77,76,0,0,76,76,8653,1,0,0,1,0
2020-08-26,US,Indiana,Blackford,70,2,0,40.47388153,-85.32499702,18009.0,595.3393434257526,2.8571428571428568,68,70,2,0,68,70,11930,0,0,0,0,0
2020-08-26,US,Indiana,Boone,798,46,0,40.0509304,-86.46841646,18011.0,1176.2451542532021,5.764411027568923,752,789,46,0,743,785,66999,9,0,0,9,4
2020-08-26,US,Indiana,Brown,84,2,0,39.19605589,-86.22868909,18013.0,556.5862708719851,2.380952380952381,82,83,2,0,81,83,15234,1,0,0,1,0
2020-08-26,US,Indiana,Carroll,248,12,0,40.580783200000006,-86.56198812,18015.0,1224.268154218295,4.838709677419356,236,249,12,0,237,249,20127,-1,0,0,-1,0
2020-08-26,US,Indiana,Cass,1848,9,0,40.76135835,-86.34830753,18017.0,4903.287431346016,0.48701298701298706,1839,1844,9,0,1835,1842,37955,4,0,0,4,2
2020-08-26,US,Indiana,Clark,1644,51,0,38.48015445,-85.70510334,18019.0,1389.6637419485724,3.102189781021898,1593,1625,51,0,1574,1601,117360,19,0,0,19,24
2020-08-26,US,Indiana,Clay,209,5,0,39.39561833,-87.11723506,18021.0,796.9494756911345,2.392344497607656,204,209,5,0,204,207,26170,0,0,0,0,2
2020-08-26,US,Indiana,Clinton,525,7,0,40.30319754,-86.47277257,18023.0,1620.4203833451652,1.3333333333333333,518,523,6,0,517,521,32250,2,1,0,1,2
2020-08-26,US,Indiana,Crawford,56,0,0,38.28814402,-86.44518825,18025.0,529.450694904037,0.0,56,56,0,0,56,55,10558,0,0,0,0,1
2020-08-26,US,Indiana,Daviess,430,23,0,38.70186039,-87.07185406,18027.0,1289.3166621690505,5.348837209302325,407,416,23,0,393,407,33147,14,0,0,14,9
2020-08-26,US,Indiana,DeKalb,304,4,0,41.39804622,-84.99906934,18033.0,699.252443933295,1.3157894736842106,300,294,4,0,290,286,43226,10,0,0,10,8
2020-08-26,US,Indiana,Dearborn,559,28,0,39.14647946,-84.97333539,18029.0,1130.2519309312954,5.008944543828265,531,558,28,0,530,556,49568,1,0,0,1,2
2020-08-26,US,Indiana,Decatur,380,34,0,39.30712658,-85.50087166,18031.0,1430.776761173237,8.947368421052632,346,376,34,0,342,374,26794,4,0,0,4,2
2020-08-26,US,Indiana,Delaware,931,54,0,40.22787247,-85.39732772,18035.0,815.7007053051211,5.800214822771213,877,908,54,0,854,897,114772,23,0,0,23,11
2020-08-26,US,Indiana,Dubois,810,17,0,38.36597551,-86.87924170000002,18037.0,1895.3575439910144,2.098765432098765,793,804,17,0,787,796,42565,6,0,0,6,8
2020-08-26,US,Indiana,Elkhart,5439,97,0,41.59761169,-85.85875695,18039.0,2635.9279057482518,1.7834160691303549,5342,5398,97,0,5301,5384,205560,41,0,0,41,14
2020-08-26,US,Indiana,Fayette,295,8,0,39.63684962,-85.17797541,18041.0,1276.9457189853692,2.7118644067796613,287,295,8,0,287,282,23047,0,0,0,0,13
2020-08-26,US,Indiana,Floyd,1022,54,0,38.32117957,-85.90385377,18043.0,1301.5460635235984,5.283757338551859,968,1010,54,0,956,997,77781,12,0,0,12,13
2020-08-26,US,Indiana,Fountain,86,2,0,40.12361933,-87.24217689,18045.0,526.1225988009298,2.3255813953488373,84,83,2,0,81,82,16351,3,0,0,3,1
2020-08-26,US,Indiana,Franklin,265,23,0,39.4142482,-85.06062647,18047.0,1164.4256964583885,8.679245283018869,242,264,23,0,241,261,22736,1,0,0,1,3
2020-08-26,US,Indiana,Fulton,198,2,0,41.0469907,-86.26252745,18049.0,991.2886752778612,1.0101010101010102,196,198,2,0,196,196,20092,0,0,0,0,2
2020-08-26,US,Indiana,Gibson,301,4,0,38.30393723,-87.58054938,18051.0,894.2630500014855,1.32890365448505,297,294,4,0,290,288,33452,7,0,0,7,6
2020-08-26,US,Indiana,Grant,612,30,0,40.51587228,-85.65468702,18053.0,930.5295808055464,4.901960784313727,582,606,30,0,576,601,65936,6,0,0,6,5
2020-08-26,US,Indiana,Greene,345,35,0,39.03630547,-86.96223202,18055.0,1080.7593509178623,10.144927536231883,310,338,35,0,303,335,32006,7,0,0,7,3
2020-08-26,US,Indiana,Hamilton,3639,107,0,40.07306535,-86.05244729,18057.0,1076.5921819112395,2.9403682330310525,3532,3588,106,0,3482,3529,330086,51,1,0,50,59
2020-08-26,US,Indiana,Hancock,786,41,0,39.82304555,-85.77566351,18059.0,1005.5265581823764,5.216284987277353,745,780,41,0,739,777,76351,6,0,0,6,3
2020-08-26,US,Indiana,Harrison,458,24,0,38.19467379,-86.10948271,18061.0,1130.445514007158,5.240174672489083,434,449,24,0,425,437,40350,9,0,0,9,12
2020-08-26,US,Indiana,Hendricks,2204,111,0,39.76719009,-86.51037283,18063.0,1294.103140724909,5.036297640653356,2093,2188,111,0,2077,2171,167009,16,0,0,16,17
2020-08-26,US,Indiana,Henry,568,21,0,39.93029017,-85.39625719,18065.0,1184.0240140081714,3.6971830985915495,547,560,21,0,539,555,48271,8,0,0,8,5
2020-08-26,US,Indiana,Howard,1035,61,0,40.48527731,-86.11351892,18067.0,1253.8767202946308,5.893719806763285,974,1031,61,0,970,1026,82366,4,0,0,4,5
2020-08-26,US,Indiana,Huntington,153,4,0,40.82907273,-85.48822092,18069.0,418.9485213581599,2.6143790849673203,149,153,3,0,150,154,36240,0,1,0,-1,-1
2020-08-26,US,Indiana,Jackson,675,7,0,38.90915820000001,-86.03851889,18071.0,1526.0789943704642,1.037037037037037,668,673,7,0,666,672,44111,2,0,0,2,1
2020-08-26,US,Indiana,Jasper,306,2,0,41.02078733,-87.11553319,18073.0,911.745426375067,0.6535947712418301,304,302,2,0,300,301,33370,4,0,0,4,1
2020-08-26,US,Indiana,Jay,119,0,0,40.43781032,-85.00576229,18075.0,582.3057349774907,0.0,119,114,0,0,114,114,20764,5,0,0,5,0
2020-08-26,US,Indiana,Jefferson,200,3,0,38.78576239,-85.43633383,18077.0,619.0417234121579,1.5,197,199,3,0,196,198,32208,1,0,0,1,1
2020-08-26,US,Indiana,Jennings,261,12,0,38.99588883,-85.62710784,18079.0,941.0492157923204,4.597701149425287,249,259,12,0,247,254,27611,2,0,0,2,5
2020-08-26,US,Indiana,Johnson,1964,120,0,39.48994426,-86.10149107,18081.0,1241.7255179651884,6.109979633401222,1844,1956,120,0,1836,1942,156225,8,0,0,8,14
2020-08-26,US,Indiana,Knox,303,3,0,38.68861576,-87.4194665,18083.0,828.0045909165437,0.99009900990099,300,282,3,0,279,279,36895,21,0,0,21,3
2020-08-26,US,Indiana,Kosciusko,1002,16,0,41.24521668,-85.86312322,18085.0,1261.0753121224325,1.5968063872255491,986,994,12,0,982,986,79344,8,4,0,4,8
2020-08-26,US,Indiana,LaGrange,585,11,0,41.64232188,-85.42674232,18087.0,1476.7506437118188,1.8803418803418803,574,582,11,0,571,581,39330,3,0,0,3,1
2020-08-26,US,Indiana,LaPorte,1127,31,0,41.54366008,-86.74072188,18091.0,1025.5896913220731,2.750665483584738,1096,1122,31,0,1091,1114,110007,5,0,0,5,8
2020-08-26,US,Indiana,Lake,8799,293,0,41.41874274,-87.38277575,18089.0,1812.3845245966477,3.3299238549835217,8506,8744,292,0,8452,8700,484411,55,1,0,54,44
2020-08-26,US,Indiana,Lawrence,431,27,0,38.84112637,-86.48361629,18093.0,949.9669385056204,6.264501160092808,404,424,27,0,397,418,45668,7,0,0,7,6
2020-08-26,US,Indiana,Madison,1230,68,0,40.16143691,-85.71964711,18095.0,949.3011445639003,5.5284552845528445,1162,1213,67,0,1146,1201,129641,17,1,0,16,12
2020-08-26,US,Indiana,Marion,17833,745,0,39.78163624,-86.13826325,18097.0,1848.780093346133,4.177648180339818,17088,17690,745,0,16945,17593,954670,143,0,0,143,97
2020-08-26,US,Indiana,Marshall,864,23,0,41.32467367,-86.26185087,18099.0,1867.785031778287,2.662037037037037,841,858,23,0,835,858,46248,6,0,0,6,0
2020-08-26,US,Indiana,Martin,83,0,0,38.7099921,-86.80373186,18101.0,809.3612871769867,0.0,83,78,0,0,78,75,10217,5,0,0,5,3
2020-08-26,US,Indiana,Miami,308,2,0,40.76940965,-86.04525048,18103.0,867.2147764387881,0.6493506493506493,306,307,2,0,305,306,35567,1,0,0,1,1
2020-08-26,US,Indiana,Monroe,993,36,0,39.16130004,-86.52414358,18105.0,668.997716110516,3.625377643504532,957,968,36,0,932,952,146917,25,0,0,25,16
2020-08-26,US,Indiana,Montgomery,391,21,0,40.04034823,-86.89335024,18107.0,1019.8758412019406,5.3708439897698215,370,388,21,0,367,388,38346,3,0,0,3,0
2020-08-26,US,Indiana,Morgan,557,35,0,39.47899078,-86.44573375,18109.0,790.1942147001662,6.283662477558348,522,555,35,0,520,553,70116,2,0,0,2,2
2020-08-26,US,Indiana,Newton,134,10,0,40.95610449,-87.39635768,18111.0,958.2379862700227,7.462686567164179,124,133,10,0,123,133,14011,1,0,0,1,0
2020-08-26,US,Indiana,Noble,779,30,0,41.39672484,-85.41966713,18113.0,1631.6186327077744,3.851091142490372,749,775,30,0,745,773,47532,4,0,0,4,2
2020-08-26,US,Indiana,Ohio,71,7,0,38.955304999999996,-84.96515993,18115.0,1208.5106382978724,9.859154929577462,64,70,7,0,63,70,5844,1,0,0,1,0
2020-08-26,US,Indiana,Orange,224,24,0,38.54118920000001,-86.49523093,18117.0,1140.181207370457,10.714285714285714,200,216,24,0,192,214,19489,8,0,0,8,2
2020-08-26,US,Indiana,Owen,133,1,0,39.31145587,-86.83900724,18119.0,639.4538198951873,0.7518796992481203,132,133,1,0,132,132,20845,0,0,0,0,1
2020-08-26,US,Indiana,Parke,74,2,0,39.77202286,-87.20375833,18121.0,436.91326681230436,2.702702702702702,72,75,2,0,73,75,16927,-1,0,0,-1,0
2020-08-26,US,Indiana,Perry,196,13,0,38.07809328,-86.63741946,18123.0,1022.4842193124316,6.632653061224491,183,195,13,0,182,195,19102,1,0,0,1,0
2020-08-26,US,Indiana,Pike,84,1,0,38.40112197,-87.23574907,18125.0,678.020824925337,1.1904761904761905,83,82,1,0,81,80,12410,2,0,0,2,2
2020-08-26,US,Indiana,Porter,1613,41,0,41.45986947,-87.06848888,18127.0,946.657354641438,2.541847489150651,1572,1599,41,0,1558,1582,169594,14,0,0,14,17
2020-08-26,US,Indiana,Posey,206,0,0,38.02097333,-87.86480429,18129.0,810.1624257678845,0.0,206,202,0,0,202,202,25540,4,0,0,4,0
2020-08-26,US,Indiana,Pulaski,93,1,0,41.04166107,-86.69890683,18131.0,752.8535578402008,1.075268817204301,92,92,1,0,91,92,12469,1,0,0,1,0
2020-08-26,US,Indiana,Putnam,410,8,0,39.66437981,-86.84517605,18133.0,1091.121992761337,1.951219512195122,402,406,8,0,398,401,37779,4,0,0,4,5
2020-08-26,US,Indiana,Randolph,153,7,0,40.15734772,-85.01139319,18135.0,620.3121832556254,4.575163398692809,146,151,7,0,144,150,24851,2,0,0,2,1
2020-08-26,US,Indiana,Ripley,237,8,0,39.10235626,-85.26212744,18137.0,836.746222284988,3.3755274261603376,229,235,8,0,227,234,28523,2,0,0,2,1
2020-08-26,US,Indiana,Rush,128,4,0,39.62002287,-85.4655599,18139.0,771.9679150835292,3.125,124,128,4,0,124,127,16663,0,0,0,0,1
2020-08-26,US,Indiana,Scott,305,10,0,38.68672078,-85.74627859,18143.0,1277.593934570435,3.278688524590164,295,305,10,0,295,303,23878,0,0,0,0,2
2020-08-26,US,Indiana,Shelby,609,28,0,39.52305623,-85.79158570000001,18145.0,1361.5327863354871,4.597701149425287,581,608,28,0,580,607,44593,1,0,0,1,1
2020-08-26,US,Indiana,Spencer,150,3,0,38.01519732,-87.0079644,18147.0,739.7544015386893,2.0,147,150,3,0,147,150,20327,0,0,0,0,0
2020-08-26,US,Indiana,St. Joseph,4823,90,0,41.61756781,-86.29040834,18141.0,1774.2967928012772,1.8660584698320548,4733,4692,90,0,4602,4540,270771,131,0,0,131,152
2020-08-26,US,Indiana,Starke,193,7,0,41.27890281,-86.64686895,18149.0,839.3128941074145,3.6269430051813467,186,191,7,0,184,189,22935,2,0,0,2,2
2020-08-26,US,Indiana,Steuben,252,3,0,41.64423868,-85.00101094,18151.0,728.4500202347227,1.1904761904761905,249,246,3,0,243,246,34586,6,0,0,6,0
2020-08-26,US,Indiana,Sullivan,271,7,0,39.08952258,-87.41414469,18153.0,1311.1422903865696,2.5830258302583027,264,266,6,0,260,258,20690,5,1,0,4,8
2020-08-26,US,Indiana,Switzerland,63,0,0,38.82767338,-85.03022429,18155.0,585.9920007441167,0.0,63,63,0,0,63,63,10717,0,0,0,0,0
2020-08-26,US,Indiana,Tippecanoe,1500,13,0,40.38872739,-86.89413959,18157.0,766.353994237018,0.8666666666666667,1487,1475,13,0,1462,1464,193048,25,0,0,25,11
2020-08-26,US,Indiana,Tipton,173,19,0,40.31123252,-86.05234925,18159.0,1142.0649590705045,10.982658959537574,154,172,19,0,153,170,15128,1,0,0,1,2
2020-08-26,US,Indiana,Unassigned,0,218,0,0.0,0.0,90018.0,0.0,0.0,-218,0,218,0,-218,0,,0,0,0,0,0
2020-08-26,US,Indiana,Union,58,0,0,39.62550777,-84.92497066,18161.0,822.2285228239298,0.0,58,57,0,0,57,57,7037,1,0,0,1,0
2020-08-26,US,Indiana,Vanderburgh,2417,18,0,38.02658833,-87.58763124,18163.0,1332.0400548908522,0.7447248655357882,2399,2382,17,0,2365,2361,180974,35,1,0,34,21
2020-08-26,US,Indiana,Vermillion,82,0,0,39.8523352,-87.46160542,18165.0,529.1005291005291,0.0,82,81,0,0,81,81,15479,1,0,0,1,0
2020-08-26,US,Indiana,Vigo,1100,15,0,39.42944561,-87.39169027,18167.0,1027.6724154038752,1.3636363636363635,1085,1075,15,0,1060,1046,107386,25,0,0,25,29
2020-08-26,US,Indiana,Wabash,199,5,0,40.84704239,-85.79328272,18169.0,642.0183249451543,2.512562814070352,194,199,5,0,194,195,31280,0,0,0,0,4
2020-08-26,US,Indiana,Warren,36,1,0,40.34728141,-87.35602659,18171.0,435.5716878402904,2.7777777777777777,35,35,1,0,34,34,8263,1,0,0,1,1
2020-08-26,US,Indiana,Warrick,721,31,0,38.08922676,-87.2716085,18173.0,1144.4807771675294,4.2995839112343965,690,706,30,0,676,699,62567,15,1,0,14,7
2020-08-26,US,Indiana,Washington,199,1,0,38.60219804,-86.1049363,18175.0,709.8016835497217,0.5025125628140703,198,195,1,0,194,190,27943,4,0,0,4,5
2020-08-26,US,Indiana,Wayne,502,10,0,39.863344399999995,-85.01044989,18177.0,761.9452370833586,1.99203187250996,492,499,10,0,489,490,65936,3,0,0,3,9
2020-08-26,US,Indiana,Wells,202,2,0,40.72934187,-85.22132966,18179.0,713.8818207520497,0.99009900990099,200,200,2,0,198,195,28206,2,0,0,2,5
2020-08-26,US,Indiana,White,419,12,0,40.74911165,-86.86492015,18181.0,1738.4449423284375,2.863961813842482,407,417,11,0,406,414,24133,2,1,0,1,3
2020-08-26,US,Indiana,Whitley,195,6,0,41.13863784,-85.50791236,18183.0,574.1373218702155,3.0769230769230766,189,194,6,0,188,192,34074,1,0,0,1,2
2020-08-26,US,Iowa,Adair,43,1,0,41.33075609,-94.47105874,19001.0,601.2304250559283,2.3255813953488373,42,43,1,0,42,43,7063,0,0,0,0,0
2020-08-26,US,Iowa,Adams,20,0,0,41.02903567,-94.69932645,19003.0,555.247084952804,0.0,20,20,0,0,20,20,3645,0,0,0,0,0
2020-08-26,US,Iowa,Allamakee,169,4,0,43.28383218,-91.37860922,19005.0,1234.7483013078106,2.366863905325444,165,168,4,0,164,168,13832,1,0,0,1,0
2020-08-26,US,Iowa,Appanoose,70,3,0,40.74324454,-92.86865906,19007.0,563.3349428617415,4.285714285714286,67,68,3,0,65,66,12437,2,0,0,2,2
2020-08-26,US,Iowa,Audubon,36,1,0,41.6844628,-94.90581859,19009.0,655.0218340611352,2.7777777777777777,35,36,1,0,35,36,5506,0,0,0,0,0
2020-08-26,US,Iowa,Benton,184,1,0,42.08011739,-92.06463573,19011.0,717.4887892376681,0.5434782608695652,183,183,1,0,182,182,25642,1,0,0,1,1
2020-08-26,US,Iowa,Black Hawk,3576,72,0,42.4704581,-92.30524729,19013.0,2725.0281952022438,2.0134228187919465,3504,3536,72,0,3464,3522,132408,40,0,0,40,14
2020-08-26,US,Iowa,Boone,326,4,0,42.03657094,-93.9313999,19015.0,1242.6621940992607,1.2269938650306749,322,322,3,0,319,322,26346,4,1,0,3,0
2020-08-26,US,Iowa,Bremer,274,7,0,42.77461496,-92.31795937,19017.0,1093.2886441624769,2.554744525547445,267,267,7,0,260,265,24947,7,0,0,7,2
2020-08-26,US,Iowa,Buchanan,166,1,0,42.4709188,-91.83510825,19019.0,783.9433293978749,0.6024096385542169,165,165,1,0,164,164,21199,1,0,0,1,1
2020-08-26,US,Iowa,Buena Vista,1822,12,0,42.73545875,-95.15100162,19021.0,9286.442405708462,0.6586169045005489,1810,1817,12,0,1805,1817,19874,5,0,0,5,0
2020-08-26,US,Iowa,Butler,171,2,0,42.73172833,-92.79015971,19023.0,1184.2925410346975,1.1695906432748535,169,168,2,0,166,163,14539,3,0,0,3,5
2020-08-26,US,Iowa,Calhoun,104,2,0,42.38521079,-94.64046046,19025.0,1075.7136946628052,1.9230769230769231,102,104,2,0,102,102,9699,0,0,0,0,2
2020-08-26,US,Iowa,Carroll,323,2,0,42.03617207,-94.86032705,19027.0,1601.785271510042,0.6191950464396285,321,311,2,0,309,306,20154,12,0,0,12,5
2020-08-26,US,Iowa,Cass,107,2,0,41.33149454,-94.92792482,19029.0,833.5930196322843,1.8691588785046729,105,105,2,0,103,104,12930,2,0,0,2,1
2020-08-26,US,Iowa,Cedar,146,1,0,41.77233777,-91.13246684,19031.0,783.8084500993183,0.6849315068493149,145,146,1,0,145,146,18627,0,0,0,0,0
2020-08-26,US,Iowa,Cerro Gordo,726,20,0,43.08177563,-93.2612239,19033.0,1710.2473498233214,2.7548209366391183,706,724,20,0,704,720,42647,2,0,0,2,4
2020-08-26,US,Iowa,Cherokee,131,1,0,42.73538914,-95.62389402,19035.0,1165.9991099243437,0.7633587786259542,130,129,1,0,128,126,11321,2,0,0,2,3
2020-08-26,US,Iowa,Chickasaw,94,0,0,43.06001295,-92.31773347,19037.0,787.7315008799127,0.0,94,88,0,0,88,86,11964,6,0,0,6,2
2020-08-26,US,Iowa,Clarke,224,3,0,41.02868181,-93.78499767,19039.0,2384.246939861629,1.3392857142857142,221,218,3,0,215,216,9423,6,0,0,6,2
2020-08-26,US,Iowa,Clay,235,2,0,43.08247182,-95.15096481,19041.0,1467.2827172827176,0.851063829787234,233,233,2,0,231,231,16134,2,0,0,2,2
2020-08-26,US,Iowa,Clayton,172,3,0,42.84443388,-91.34133693,19043.0,980.112826941706,1.7441860465116281,169,167,3,0,164,160,17556,5,0,0,5,7
2020-08-26,US,Iowa,Clinton,728,8,0,41.89981633,-90.53275096,19045.0,1567.9855262874496,1.0989010989010992,720,697,8,0,689,679,46518,31,0,0,31,18
2020-08-26,US,Iowa,Crawford,804,3,0,42.03718237,-95.3819718,19047.0,4780.023781212842,0.373134328358209,801,797,3,0,794,794,17158,7,0,0,7,3
2020-08-26,US,Iowa,Dallas,2167,36,0,41.68560356,-94.04127625,19049.0,2318.8126651899884,1.6612828795569912,2131,2134,36,0,2098,2127,90180,33,0,0,33,7
2020-08-26,US,Iowa,Davis,78,2,0,40.74773536,-92.41005468,19051.0,866.6666666666665,2.5641025641025643,76,78,2,0,76,77,9017,0,0,0,0,1
2020-08-26,US,Iowa,Decatur,38,0,0,40.73742757,-93.78645949,19053.0,482.8462515883101,0.0,38,37,0,0,37,36,7890,1,0,0,1,1
2020-08-26,US,Iowa,Delaware,185,3,0,42.47104597,-91.3664492,19055.0,1087.5315972018107,1.6216216216216215,182,178,2,0,176,169,17069,7,1,0,6,9
2020-08-26,US,Iowa,Des Moines,479,4,0,40.92012606,-91.18326592,19057.0,1229.2452588087356,0.8350730688935282,475,438,3,0,435,427,39138,41,1,0,40,11
2020-08-26,US,Iowa,Dickinson,409,5,0,43.37787725,-95.1510206,19059.0,2369.915401552903,1.2224938875305624,404,404,5,0,399,402,17153,5,0,0,5,2
2020-08-26,US,Iowa,Dubuque,1938,36,0,42.46815349,-90.88181925,19061.0,1991.5528563060705,1.8575851393188851,1902,1920,36,0,1884,1907,96854,18,0,0,18,13
2020-08-26,US,Iowa,Emmet,216,7,0,43.37782951,-94.67858943,19063.0,2345.7862728062555,3.2407407407407414,209,214,7,0,207,214,9253,2,0,0,2,0
2020-08-26,US,Iowa,Fayette,130,1,0,42.86271799,-91.84412309999999,19065.0,661.5776081424938,0.7692307692307693,129,127,1,0,126,125,19660,3,0,0,3,2
2020-08-26,US,Iowa,Floyd,191,3,0,43.06000529999999,-92.78940097,19067.0,1221.0714742360312,1.5706806282722514,188,188,3,0,185,184,15761,3,0,0,3,4
2020-08-26,US,Iowa,Franklin,280,16,0,42.73270384,-93.26256925,19069.0,2780.536246276068,5.7142857142857135,264,274,16,0,258,275,10124,6,0,0,6,-1
2020-08-26,US,Iowa,Fremont,55,0,0,40.74542720000001,-95.60129045,19071.0,790.2298850574713,0.0,55,54,0,0,54,54,6993,1,0,0,1,0
2020-08-26,US,Iowa,Greene,52,0,0,42.03614551,-94.39658081,19073.0,585.0585058505851,0.0,52,49,0,0,49,47,8981,3,0,0,3,2
2020-08-26,US,Iowa,Grundy,116,1,0,42.40183723,-92.78829551,19075.0,948.3322432962719,0.8620689655172413,115,115,1,0,114,113,12304,1,0,0,1,2
2020-08-26,US,Iowa,Guthrie,160,5,0,41.68378965,-94.50111014,19077.0,1496.8659369445224,3.125,155,159,5,0,154,157,10720,1,0,0,1,2
2020-08-26,US,Iowa,Hamilton,248,2,0,42.38382428,-93.70197703,19079.0,1678.7382386786703,0.8064516129032258,246,248,2,0,246,248,14952,0,0,0,0,0
2020-08-26,US,Iowa,Hancock,139,2,0,43.08178477,-93.73454884,19081.0,1307.6199435559736,1.4388489208633093,137,138,2,0,136,136,10712,1,0,0,1,2
2020-08-26,US,Iowa,Hardin,214,1,0,42.38353877,-93.23654611,19083.0,1270.3312359016975,0.4672897196261682,213,214,1,0,213,214,16868,0,0,0,0,0
2020-08-26,US,Iowa,Harrison,140,1,0,41.68330137,-95.81558439,19085.0,996.5122072745392,0.7142857142857143,139,139,1,0,138,137,14134,1,0,0,1,2
2020-08-26,US,Iowa,Henry,215,4,0,40.98767962,-91.54436349,19087.0,1077.4781998596773,1.8604651162790695,211,205,4,0,201,205,20067,10,0,0,10,0
2020-08-26,US,Iowa,Howard,115,2,0,43.35671042,-92.31702714,19089.0,1255.7326927276695,1.7391304347826086,113,109,1,0,108,89,9187,6,1,0,5,20
2020-08-26,US,Iowa,Humboldt,101,2,0,42.7764426,-94.20722537,19091.0,1056.7064239380622,1.98019801980198,99,100,2,0,98,100,9547,1,0,0,1,0
2020-08-26,US,Iowa,Ida,39,0,0,42.38696136,-95.51355387,19093.0,568.5131195335277,0.0,39,37,0,0,37,36,6841,2,0,0,2,1
2020-08-26,US,Iowa,Iowa,109,1,0,41.68630265,-92.0643373,19095.0,673.5046959960455,0.9174311926605504,108,107,1,0,106,107,16141,2,0,0,2,0
2020-08-26,US,Iowa,Jackson,187,1,0,42.17178824,-90.57354837,19097.0,961.9836411338033,0.5347593582887701,186,182,1,0,181,180,19432,5,0,0,5,2
2020-08-26,US,Iowa,Jasper,536,30,0,41.68576082,-93.05567785,19099.0,1441.4414414414416,5.597014925373133,506,527,30,0,497,523,37147,9,0,0,9,4
2020-08-26,US,Iowa,Jefferson,110,0,0,41.03192394,-91.94849466,19101.0,601.2571740912817,0.0,110,107,0,0,107,105,18381,3,0,0,3,2
2020-08-26,US,Iowa,Johnson,2939,24,0,41.67169354,-91.58754744,19103.0,1944.5547174804813,0.8166042871725077,2915,2707,24,0,2683,2592,151260,232,0,0,232,115
2020-08-26,US,Iowa,Jones,164,2,0,42.12118609,-91.13139641,19105.0,792.9984043324791,1.2195121951219512,162,158,2,0,156,155,20744,6,0,0,6,3
2020-08-26,US,Iowa,Keokuk,52,1,0,41.33649833,-92.1785067,19107.0,507.51512785477263,1.9230769230769231,51,47,1,0,46,48,10225,5,0,0,5,-1
2020-08-26,US,Iowa,Kossuth,115,0,0,43.20405458,-94.20691791,19109.0,776.3451022750287,0.0,115,113,0,0,113,113,14908,2,0,0,2,0
2020-08-26,US,Iowa,Lee,326,5,0,40.64181461,-91.48183025,19111.0,968.594943102475,1.5337423312883436,321,281,5,0,276,272,34055,45,0,0,45,9
2020-08-26,US,Iowa,Linn,2828,92,0,42.07923082,-91.59809485,19113.0,1247.4305929265215,3.2531824611032527,2736,2781,91,0,2690,2758,225909,47,1,0,46,23
2020-08-26,US,Iowa,Louisa,386,14,0,41.21842119,-91.26102611,19115.0,3497.9610330765745,3.6269430051813467,372,383,14,0,369,382,11169,3,0,0,3,1
2020-08-26,US,Iowa,Lucas,85,5,0,41.02958964,-93.32780803,19117.0,988.3720930232556,5.882352941176472,80,83,5,0,78,83,8645,2,0,0,2,0
2020-08-26,US,Iowa,Lyon,140,2,0,43.38107862,-96.20926845,19119.0,1190.9825606125053,1.4285714285714286,138,136,2,0,134,136,11811,4,0,0,4,0
2020-08-26,US,Iowa,Madison,151,2,0,41.33081904,-94.01554631,19121.0,924.2257314236748,1.3245033112582782,149,150,2,0,148,150,16249,1,0,0,1,0
2020-08-26,US,Iowa,Mahaska,203,18,0,41.33521503,-92.64083907,19123.0,918.7599004299617,8.866995073891626,185,195,18,0,177,166,22000,8,0,0,8,29
2020-08-26,US,Iowa,Marion,376,0,0,41.33445101,-93.09934783,19125.0,1130.7250473641475,0.0,376,339,0,0,339,324,33407,37,0,0,37,15
2020-08-26,US,Iowa,Marshall,1594,29,0,42.03586837,-92.99908190000001,19127.0,4048.8709390637305,1.8193224592220831,1565,1575,28,0,1547,1570,39981,19,1,0,18,5
2020-08-26,US,Iowa,Mills,120,1,0,41.03299766,-95.61920963,19129.0,794.2286054669403,0.8333333333333334,119,118,1,0,117,118,15063,2,0,0,2,0
2020-08-26,US,Iowa,Mitchell,93,0,0,43.35638371,-92.78887719,19131.0,878.5187984129982,0.0,93,91,0,0,91,93,10569,2,0,0,2,-2
2020-08-26,US,Iowa,Monona,105,1,0,42.05220391,-95.95743843,19133.0,1218.8044109112013,0.9523809523809524,104,105,1,0,104,105,8679,0,0,0,0,0
2020-08-26,US,Iowa,Monroe,93,8,0,41.02988815,-92.8690667,19135.0,1206.6952121448035,8.602150537634408,85,93,8,0,85,93,7790,0,0,0,0,0
2020-08-26,US,Iowa,Montgomery,70,4,0,41.03018714,-95.15642896,19137.0,705.8586266007866,5.7142857142857135,66,68,4,0,64,68,10003,2,0,0,2,0
2020-08-26,US,Iowa,Muscatine,939,48,0,41.48370744,-91.11216970000001,19139.0,2200.918807425464,5.1118210862619815,891,933,48,0,885,928,42929,6,0,0,6,5
2020-08-26,US,Iowa,O'Brien,175,7,0,43.08310673,-95.62474482,19141.0,1272.4496473496692,4.0,168,170,7,0,163,166,13840,5,0,0,5,4
2020-08-26,US,Iowa,Osceola,92,0,0,43.37824276,-95.62422844,19143.0,1544.142329640819,0.0,92,93,0,0,93,91,6040,-1,0,0,-1,2
2020-08-26,US,Iowa,Page,107,0,0,40.7393172,-95.1497813,19145.0,708.2809293704905,0.0,107,105,0,0,105,104,15249,2,0,0,2,1
2020-08-26,US,Iowa,Palo Alto,107,0,0,43.08193849,-94.67824621,19147.0,1204.1413459374296,0.0,107,105,0,0,105,105,8929,2,0,0,2,0
2020-08-26,US,Iowa,Plymouth,654,16,0,42.737633,-96.21366621,19149.0,2597.6089287842083,2.4464831804281344,638,640,15,0,625,622,25095,14,1,0,13,18
2020-08-26,US,Iowa,Pocahontas,124,2,0,42.73420133,-94.67862564,19151.0,1873.3947726242639,1.6129032258064515,122,122,2,0,120,122,6740,2,0,0,2,0
2020-08-26,US,Iowa,Polk,12080,221,0,41.68679484,-93.57767461,19153.0,2464.496359359476,1.8294701986754969,11859,11955,218,0,11737,11836,487204,125,3,0,122,119
2020-08-26,US,Iowa,Pottawattamie,1541,34,0,41.33640314,-95.53907776,19155.0,1653.3270390318219,2.2063595068137567,1507,1521,34,0,1487,1518,93533,20,0,0,20,3
2020-08-26,US,Iowa,Poweshiek,178,8,0,41.68625425,-92.53155731,19157.0,961.9541720709036,4.49438202247191,170,177,8,0,169,178,18699,1,0,0,1,-1
2020-08-26,US,Iowa,Ringgold,30,1,0,40.73518949,-94.24368535,19159.0,612.9955046996323,3.333333333333333,29,30,1,0,29,30,4968,0,0,0,0,0
2020-08-26,US,Iowa,Sac,103,0,0,42.38624071,-95.10547892,19161.0,1059.5617734800946,0.0,103,103,0,0,103,102,9719,0,0,0,0,1
2020-08-26,US,Iowa,Scott,2059,19,0,41.63935978,-90.61959493,19163.0,1190.5656777088404,0.9227780475959204,2040,2025,18,0,2007,2014,173283,34,1,0,33,11
2020-08-26,US,Iowa,Shelby,211,1,0,41.6850066,-95.31015553,19165.0,1842.1512135498515,0.4739336492890995,210,209,1,0,208,208,11578,2,0,0,2,1
2020-08-26,US,Iowa,Sioux,834,3,0,43.08221074,-96.17675679999999,19167.0,2392.770047338976,0.3597122302158273,831,806,3,0,803,792,34909,28,0,0,28,14
2020-08-26,US,Iowa,Story,1854,16,0,42.03621213,-93.46499005,19169.0,1909.0375526426885,0.8629989212513485,1838,1705,16,0,1689,1606,98105,149,0,0,149,99
2020-08-26,US,Iowa,Tama,600,29,0,42.07991767,-92.53266945,19171.0,3559.9857600569603,4.833333333333333,571,590,29,0,561,586,16904,10,0,0,10,4
2020-08-26,US,Iowa,Taylor,107,0,0,40.73710579,-94.69778563,19173.0,1748.0803790230357,0.0,107,107,0,0,107,107,6191,0,0,0,0,0
2020-08-26,US,Iowa,Unassigned,17,0,0,0.0,0.0,90019.0,0.0,0.0,17,12,0,0,12,16,,5,0,0,5,-4
2020-08-26,US,Iowa,Union,91,3,0,41.0277278,-94.24234847,19175.0,743.4033167224901,3.2967032967032965,88,90,3,0,87,90,12359,1,0,0,1,0
2020-08-26,US,Iowa,Van Buren,49,1,0,40.75326764,-91.95017958,19177.0,695.6274843838727,2.0408163265306123,48,47,1,0,46,47,7020,2,0,0,2,0
2020-08-26,US,Iowa,Wapello,1042,46,0,41.03064984,-92.40954728,19179.0,2979.7820927106873,4.414587332053743,996,1030,45,0,985,1021,35205,12,1,0,11,9
2020-08-26,US,Iowa,Warren,679,5,0,41.33559454,-93.56007641,19181.0,1319.3176077410328,0.7363770250368189,674,666,5,0,661,660,51056,13,0,0,13,6
2020-08-26,US,Iowa,Washington,320,11,0,41.33577126,-91.71725711,19183.0,1456.8631914409286,3.4375,309,319,11,0,308,315,22141,1,0,0,1,4
2020-08-26,US,Iowa,Wayne,39,2,0,40.73969028,-93.32752197,19185.0,605.4960409874243,5.128205128205129,37,39,2,0,37,37,6401,0,0,0,0,2
2020-08-26,US,Iowa,Webster,712,8,0,42.42853483,-94.17987389,19187.0,1983.065953654189,1.1235955056179776,704,703,8,0,695,696,36277,9,0,0,9,7
2020-08-26,US,Iowa,Winnebago,149,6,0,43.37751174,-93.73407298,19189.0,1439.0573691327027,4.026845637583893,143,146,6,0,140,144,10518,3,0,0,3,2
2020-08-26,US,Iowa,Winneshiek,196,1,0,43.29094334,-91.84422722,19191.0,980.4411985393428,0.5102040816326531,195,187,1,0,186,173,20029,9,0,0,9,14
2020-08-26,US,Iowa,Woodbury,4008,54,0,42.38979414,-96.0459439,19193.0,3887.2239518170454,1.3473053892215572,3954,3985,54,0,3931,3967,102539,23,0,0,23,18
2020-08-26,US,Iowa,Worth,76,0,0,43.37750768,-93.26087602,19195.0,1029.670776317572,0.0,76,75,0,0,75,75,7453,1,0,0,1,0
2020-08-26,US,Iowa,Wright,496,1,0,42.73305373,-93.73515113,19197.0,3948.415857347556,0.20161290322580644,495,494,1,0,493,495,12690,2,0,0,2,-1
2020-08-26,US,Kansas,Allen,20,0,0,37.88582951,-95.30030847,20001.0,161.69455897809038,0.0,20,20,0,0,20,20,12444,0,0,0,0,0
2020-08-26,US,Kansas,Anderson,32,0,0,38.21413251,-95.29272815,20003.0,407.22830236701446,0.0,32,32,0,0,32,32,7878,0,0,0,0,0
2020-08-26,US,Kansas,Atchison,157,0,0,39.53185661,-95.30870026,20005.0,976.7933802028247,0.0,157,157,0,0,157,157,16193,0,0,0,0,0
2020-08-26,US,Kansas,Barber,5,0,0,37.2288586,-98.68460053,20007.0,112.943302462164,0.0,5,5,0,0,5,5,4472,0,0,0,0,0
2020-08-26,US,Kansas,Barton,257,4,0,38.47889676,-98.75636726,20009.0,996.9354901276233,1.5564202334630348,253,229,4,0,225,229,26111,28,0,0,28,0
2020-08-26,US,Kansas,Bourbon,82,2,0,37.85508555,-94.84865997,20011.0,564.1943030136233,2.4390243902439024,80,82,2,0,80,82,14653,0,0,0,0,0
2020-08-26,US,Kansas,Brown,62,0,0,39.82652589,-95.56421698,20013.0,648.2643245503973,0.0,62,62,0,0,62,62,9598,0,0,0,0,0
2020-08-26,US,Kansas,Butler,393,2,0,37.78134351,-96.83878537,20015.0,587.3473718820522,0.5089058524173028,391,387,2,0,385,387,66765,6,0,0,6,0
2020-08-26,US,Kansas,Chase,65,0,0,38.30292938,-96.59563862,20017.0,2454.6827794561927,0.0,65,65,0,0,65,65,2629,0,0,0,0,0
2020-08-26,US,Kansas,Chautauqua,8,0,0,37.14994405,-96.2454192,20019.0,246.15384615384616,0.0,8,8,0,0,8,8,3309,0,0,0,0,0
2020-08-26,US,Kansas,Cherokee,215,1,0,37.16928494,-94.8462897,20021.0,1078.2887807813831,0.4651162790697674,214,215,1,0,214,215,20015,0,0,0,0,0
2020-08-26,US,Kansas,Cheyenne,6,0,0,39.78580976,-101.7318201,20023.0,225.81859239744068,0.0,6,6,0,0,6,6,2660,0,0,0,0,0
2020-08-26,US,Kansas,Clark,46,1,0,37.23577007,-99.81883015,20025.0,2306.9207622868607,2.1739130434782608,45,45,1,0,44,45,2005,1,0,0,1,0
2020-08-26,US,Kansas,Clay,30,2,0,39.34948772,-97.16518128,20027.0,374.90627343164215,6.666666666666668,28,29,2,0,27,29,7997,1,0,0,1,0
2020-08-26,US,Kansas,Cloud,48,0,0,39.48028352,-97.64925343,20029.0,546.3236967903483,0.0,48,45,0,0,45,45,8729,3,0,0,3,0
2020-08-26,US,Kansas,Coffey,77,8,0,38.2365018,-95.73379515,20031.0,941.4353832986916,10.389610389610391,69,76,8,0,68,75,8233,1,0,0,1,1
2020-08-26,US,Kansas,Comanche,9,0,0,37.19114520000001,-99.27113247,20033.0,529.4117647058823,0.0,9,9,0,0,9,9,1748,0,0,0,0,0
2020-08-26,US,Kansas,Cowley,247,3,0,37.23781842,-96.83776647,20035.0,707.5741950269279,1.214574898785425,244,232,3,0,229,226,35218,15,0,0,15,6
2020-08-26,US,Kansas,Crawford,440,1,0,37.50675523,-94.85245778,20037.0,1133.4947704673089,0.2272727272727273,439,421,1,0,420,421,39019,19,0,0,19,0
2020-08-26,US,Kansas,Decatur,6,0,0,39.78468441,-100.45940809999999,20039.0,212.2391227449593,0.0,6,6,0,0,6,6,2871,0,0,0,0,0
2020-08-26,US,Kansas,Dickinson,72,1,0,38.86600962,-97.15532383,20041.0,389.9057727715802,1.3888888888888888,71,66,1,0,65,66,18717,6,0,0,6,0
2020-08-26,US,Kansas,Doniphan,58,0,0,39.79067154,-95.14056866,20043.0,763.1578947368422,0.0,58,58,0,0,58,58,7682,0,0,0,0,0
2020-08-26,US,Kansas,Douglas,1199,8,0,38.88503636,-95.2925121,20045.0,980.7048969809996,0.6672226855713094,1191,1040,8,0,1032,1020,121436,159,0,0,159,20
2020-08-26,US,Kansas,Edwards,16,0,0,37.88735543,-99.31263309,20047.0,571.8370264474622,0.0,16,15,0,0,15,15,2849,1,0,0,1,0
2020-08-26,US,Kansas,Elk,1,0,0,37.45338105,-96.24369667,20049.0,39.52569169960474,0.0,1,1,0,0,1,1,2508,0,0,0,0,0
2020-08-26,US,Kansas,Ellis,294,1,0,38.91458712,-99.31751551,20051.0,1029.6641333660214,0.3401360544217687,293,256,1,0,255,256,28710,38,0,0,38,0
2020-08-26,US,Kansas,Ellsworth,25,0,0,38.69677695,-98.20462799,20053.0,409.70173713536553,0.0,25,24,0,0,24,24,6196,1,0,0,1,0
2020-08-26,US,Kansas,Finney,1861,12,0,38.04340344,-100.73819379999999,20055.0,5103.244028847999,0.6448146157979581,1849,1858,12,0,1846,1851,36611,3,0,0,3,7
2020-08-26,US,Kansas,Ford,2239,10,0,37.69200114,-99.88825298,20057.0,6659.924447485052,0.4466279589102278,2229,2219,10,0,2209,2219,33888,20,0,0,20,0
2020-08-26,US,Kansas,Franklin,253,2,0,38.56443815,-95.28644341,20059.0,990.4478546821173,0.7905138339920948,251,248,2,0,246,248,25631,5,0,0,5,0
2020-08-26,US,Kansas,Geary,207,2,0,38.99871131,-96.7577178,20061.0,653.6154089043257,0.966183574879227,205,194,2,0,192,194,32594,13,0,0,13,0
2020-08-26,US,Kansas,Gove,9,0,0,38.91588178,-100.4829321,20063.0,341.4264036418816,0.0,9,7,0,0,7,7,2612,2,0,0,2,0
2020-08-26,US,Kansas,Graham,24,0,0,39.34987223,-99.88332493,20065.0,966.9621273166805,0.0,24,24,0,0,24,24,2492,0,0,0,0,0
2020-08-26,US,Kansas,Grant,148,3,0,37.56227336,-101.3079758,20067.0,2069.9300699300697,2.0270270270270268,145,143,3,0,140,139,7336,5,0,0,5,4
2020-08-26,US,Kansas,Gray,106,0,0,37.73836671,-100.4369088,20069.0,1770.2070808283233,0.0,106,106,0,0,106,106,6033,0,0,0,0,0
2020-08-26,US,Kansas,Greeley,4,0,0,38.4808095,-101.8061079,20071.0,324.67532467532465,0.0,4,4,0,0,4,4,1227,0,0,0,0,0
2020-08-26,US,Kansas,Greenwood,23,0,0,37.8774388,-96.23250453,20073.0,384.4867937144768,0.0,23,23,0,0,23,23,6055,0,0,0,0,0
2020-08-26,US,Kansas,Hamilton,42,0,0,37.99978709,-101.7921066,20075.0,1654.1945647892871,0.0,42,42,0,0,42,42,2607,0,0,0,0,0
2020-08-26,US,Kansas,Harper,95,0,0,37.19175361,-98.07578384,20077.0,1747.608535688006,0.0,95,88,0,0,88,88,5506,7,0,0,7,0
2020-08-26,US,Kansas,Harvey,285,4,0,38.04293782,-97.42747573,20079.0,827.7905254291438,1.4035087719298245,281,279,4,0,275,279,34210,6,0,0,6,0
2020-08-26,US,Kansas,Haskell,46,0,0,37.562039399999996,-100.8710738,20081.0,1159.274193548387,0.0,46,44,0,0,44,44,3997,2,0,0,2,0
2020-08-26,US,Kansas,Hodgeman,13,0,0,38.08780079,-99.89829881,20083.0,724.6376811594204,0.0,13,13,0,0,13,13,1818,0,0,0,0,0
2020-08-26,US,Kansas,Jackson,187,1,0,39.41673394,-95.79356799,20085.0,1419.785893250323,0.5347593582887701,186,181,1,0,180,181,13280,6,0,0,6,0
2020-08-26,US,Kansas,Jefferson,113,0,0,39.2347941,-95.38289232,20087.0,593.3938980202702,0.0,113,105,0,0,105,105,18975,8,0,0,8,0
2020-08-26,US,Kansas,Jewell,14,1,0,39.78470589,-98.21820662,20089.0,486.2799583188608,7.142857142857142,13,14,1,0,13,14,2841,0,0,0,0,0
2020-08-26,US,Kansas,Johnson,7604,116,0,38.88548175,-94.82250877,20091.0,1262.2821011253302,1.5255128879537083,7488,7485,112,0,7373,7393,597555,119,4,0,115,92
2020-08-26,US,Kansas,Kearny,69,1,0,38.00017981,-101.32168100000001,20093.0,1797.8113600833767,1.4492753623188406,68,69,1,0,68,69,3943,0,0,0,0,0
2020-08-26,US,Kansas,Kingman,39,0,0,37.55909527,-98.13638678,20095.0,545.3020134228188,0.0,39,39,0,0,39,38,7310,0,0,0,0,1
2020-08-26,US,Kansas,Kiowa,8,0,0,37.55848695,-99.2856537,20097.0,323.2323232323232,0.0,8,8,0,0,8,8,2516,0,0,0,0,0
2020-08-26,US,Kansas,Labette,172,1,0,37.19113093,-95.29849679,20099.0,876.7458456519522,0.5813953488372093,171,165,1,0,164,165,19964,7,0,0,7,0
2020-08-26,US,Kansas,Lane,8,0,0,38.48119447,-100.46607540000001,20101.0,521.1726384364822,0.0,8,7,0,0,7,7,1560,1,0,0,1,0
2020-08-26,US,Kansas,Leavenworth,1624,9,0,39.20183497,-95.03620809,20103.0,1986.3499596369766,0.5541871921182266,1615,1606,9,0,1597,1606,81352,18,0,0,18,0
2020-08-26,US,Kansas,Lincoln,7,0,0,39.04549684,-98.20756994,20105.0,236.32680621201888,0.0,7,6,0,0,6,6,3023,1,0,0,1,0
2020-08-26,US,Kansas,Linn,53,0,0,38.21267844,-94.84254089,20107.0,546.222817685252,0.0,53,50,0,0,50,50,9750,3,0,0,3,0
2020-08-26,US,Kansas,Logan,2,0,0,38.91735806,-101.148475,20109.0,71.58196134574086,0.0,2,2,0,0,2,2,2844,0,0,0,0,0
2020-08-26,US,Kansas,Lyon,897,17,0,38.45576156,-96.15275715,20111.0,2702.2141888838682,1.89520624303233,880,889,14,0,875,881,33406,8,3,0,5,8
2020-08-26,US,Kansas,Marion,61,1,0,38.35855394,-97.09852509999999,20115.0,513.2951868057893,1.639344262295082,60,60,1,0,59,60,11950,1,0,0,1,0
2020-08-26,US,Kansas,Marshall,14,0,0,39.78359669,-96.52278974,20117.0,144.22581642113937,0.0,14,14,0,0,14,14,9722,0,0,0,0,0
2020-08-26,US,Kansas,McPherson,207,1,0,38.39184858,-97.64769869,20113.0,725.247004414547,0.4830917874396135,206,195,1,0,194,195,28537,12,0,0,12,0
2020-08-26,US,Kansas,Meade,62,0,0,37.23859987,-100.36483100000001,20119.0,1537.3171336474088,0.0,62,58,0,0,58,58,4146,4,0,0,4,0
2020-08-26,US,Kansas,Miami,188,0,0,38.56383358,-94.83832189,20121.0,549.1135321435873,0.0,188,177,0,0,177,177,33680,11,0,0,11,0
2020-08-26,US,Kansas,Mitchell,30,0,0,39.39331582,-98.20906732,20123.0,501.7561465127948,0.0,30,28,0,0,28,28,6150,2,0,0,2,0
2020-08-26,US,Kansas,Montgomery,220,5,0,37.19236568,-95.74329258,20125.0,691.1935656162619,2.272727272727273,215,217,5,0,212,211,32120,3,0,0,3,6
2020-08-26,US,Kansas,Morris,18,0,0,38.68827511,-96.65128437,20127.0,320.28469750889684,0.0,18,17,0,0,17,17,5521,1,0,0,1,0
2020-08-26,US,Kansas,Morton,10,2,0,37.19141121,-101.79925190000002,20129.0,386.54812524159263,20.0,8,10,2,0,8,10,2667,0,0,0,0,0
2020-08-26,US,Kansas,Nemaha,55,1,0,39.78345387,-96.01392079,20131.0,537.5818590558108,1.818181818181818,54,55,1,0,54,53,10155,0,0,0,0,2
2020-08-26,US,Kansas,Neosho,79,0,0,37.55862897,-95.30670046,20133.0,493.5340788405073,0.0,79,72,0,0,72,72,15951,7,0,0,7,0
2020-08-26,US,Kansas,Ness,18,0,0,38.47974157,-99.91547333,20135.0,654.5454545454545,0.0,18,15,0,0,15,15,2840,3,0,0,3,0
2020-08-26,US,Kansas,Norton,23,0,0,39.78443827,-99.90286639,20137.0,429.0244357396009,0.0,23,23,0,0,23,23,5430,0,0,0,0,0
2020-08-26,US,Kansas,Osage,60,0,0,38.65235984,-95.72707998,20139.0,376.1991347419901,0.0,60,55,0,0,55,55,15941,5,0,0,5,0
2020-08-26,US,Kansas,Osborne,4,0,0,39.3503437,-98.76753828,20141.0,116.92487576731949,0.0,4,4,0,0,4,4,3475,0,0,0,0,0
2020-08-26,US,Kansas,Ottawa,40,0,0,39.13237408,-97.65020313,20143.0,701.2622720897616,0.0,40,39,0,0,39,39,5802,1,0,0,1,0
2020-08-26,US,Kansas,Pawnee,187,0,0,38.18108732,-99.23692334,20145.0,2915.497349547864,0.0,187,187,0,0,187,148,6562,0,0,0,0,39
2020-08-26,US,Kansas,Phillips,51,8,0,39.78465501,-99.34668865,20147.0,974.3981658387466,15.68627450980392,43,51,8,0,43,51,5317,0,0,0,0,0
2020-08-26,US,Kansas,Pottawatomie,151,0,0,39.37925655,-96.34564657,20149.0,619.2839273264159,0.0,151,149,0,0,149,149,24277,2,0,0,2,0
2020-08-26,US,Kansas,Pratt,40,0,0,37.64780729,-98.73922153,20151.0,436.4906154517678,0.0,40,40,0,0,40,40,9378,0,0,0,0,0
2020-08-26,US,Kansas,Rawlins,1,0,0,39.78525843,-101.07616170000001,20153.0,39.52569169960474,0.0,1,1,0,0,1,1,2508,0,0,0,0,0
2020-08-26,US,Kansas,Reno,684,1,0,37.95230263,-98.08607292,20155.0,1103.261395528888,0.14619883040935672,683,677,1,0,676,661,62342,7,0,0,7,16
2020-08-26,US,Kansas,Republic,35,0,0,39.82799632,-97.65036709,20157.0,754.9611734253668,0.0,35,35,0,0,35,35,4664,0,0,0,0,0
2020-08-26,US,Kansas,Rice,43,1,0,38.34616184,-98.19992118,20159.0,450.8755373807277,2.3255813953488373,42,43,1,0,42,43,9531,0,0,0,0,0
2020-08-26,US,Kansas,Riley,686,5,0,39.28935726,-96.73420026,20161.0,924.1297553615692,0.7288629737609329,681,618,5,0,613,618,73703,68,0,0,68,0
2020-08-26,US,Kansas,Rooks,25,0,0,39.35022773,-99.32484567,20163.0,508.130081300813,0.0,25,23,0,0,23,23,5013,2,0,0,2,0
2020-08-26,US,Kansas,Rush,14,0,0,38.52275276,-99.30863983,20165.0,461.133069828722,0.0,14,13,0,0,13,13,3093,1,0,0,1,0
2020-08-26,US,Kansas,Russell,18,0,0,38.91462787,-98.76254297,20167.0,262.54375729288216,0.0,18,17,0,0,17,17,6907,1,0,0,1,0
2020-08-26,US,Kansas,Saline,455,9,0,38.78369175,-97.65185177,20169.0,839.1118323989377,1.978021978021978,446,444,9,0,435,444,54401,11,0,0,11,0
2020-08-26,US,Kansas,Scott,91,1,0,38.48222076,-100.90665390000001,20171.0,1886.7924528301885,1.0989010989010992,90,90,0,0,90,88,4897,1,1,0,0,2
2020-08-26,US,Kansas,Sedgwick,6621,50,0,37.6842718,-97.4608198,20173.0,1283.03510179404,0.7551729346020238,6571,6428,48,0,6380,6375,513607,193,2,0,191,53
2020-08-26,US,Kansas,Seward,1356,4,0,37.19324632,-100.85072009999999,20175.0,6328.168751166698,0.2949852507374631,1352,1356,4,0,1352,1332,21780,0,0,0,0,24
2020-08-26,US,Kansas,Shawnee,2062,21,0,39.04100763,-95.75572640000001,20177.0,1165.7950530035334,1.0184287099903009,2041,2014,21,0,1993,1998,177499,48,0,0,48,16
2020-08-26,US,Kansas,Sheridan,9,0,0,39.35018161,-100.44182590000001,20179.0,357.0011900039666,0.0,9,9,0,0,9,9,2533,0,0,0,0,0
2020-08-26,US,Kansas,Sherman,17,0,0,39.35147699,-101.71976240000001,20181.0,287.30775730944737,0.0,17,17,0,0,17,17,5899,0,0,0,0,0
2020-08-26,US,Kansas,Smith,3,0,0,39.78516566,-98.78566062,20183.0,83.72871895060004,0.0,3,3,0,0,3,3,3603,0,0,0,0,0
2020-08-26,US,Kansas,Stafford,19,1,0,38.03100851,-98.71762001,20185.0,457.1703561116458,5.2631578947368425,18,17,1,0,16,17,4178,2,0,0,2,0
2020-08-26,US,Kansas,Stanton,22,1,0,37.56304714,-101.78435340000001,20187.0,1096.7098703888337,4.545454545454546,21,21,1,0,20,21,1987,1,0,0,1,0
2020-08-26,US,Kansas,Stevens,60,0,0,37.1923008,-101.3118967,20189.0,1093.8924339106654,0.0,60,60,0,0,60,60,5559,0,0,0,0,0
2020-08-26,US,Kansas,Sumner,117,3,0,37.23682549,-97.47721621,20191.0,512.3489227535472,2.5641025641025643,114,111,3,0,108,111,22996,6,0,0,6,0
2020-08-26,US,Kansas,Thomas,53,0,0,39.35107575,-101.0553705,20193.0,681.4967211006815,0.0,53,53,0,0,53,53,7711,0,0,0,0,0
2020-08-26,US,Kansas,Trego,11,1,0,38.91467218,-99.87284448,20195.0,392.43667499108085,9.090909090909092,10,9,1,0,8,9,2793,2,0,0,2,0
2020-08-26,US,Kansas,Wabaunsee,52,0,0,38.95471985,-96.20350509,20197.0,750.2524888183522,0.0,52,51,0,0,51,51,6899,1,0,0,1,0
2020-08-26,US,Kansas,Wallace,1,0,0,38.91686134,-101.76388759999999,20199.0,65.87615283267458,0.0,1,1,0,0,1,1,1503,0,0,0,0,0
2020-08-26,US,Kansas,Washington,3,0,0,39.78420784,-97.08753229999999,20201.0,55.493895671476146,0.0,3,2,0,0,2,2,5420,1,0,0,1,0
2020-08-26,US,Kansas,Wichita,4,0,0,38.48178252,-101.3471509,20203.0,188.76828692779614,0.0,4,4,0,0,4,4,2105,0,0,0,0,0
2020-08-26,US,Kansas,Wilson,16,0,0,37.55937174,-95.74323255,20205.0,187.68328445747798,0.0,16,16,0,0,16,16,8665,0,0,0,0,0
2020-08-26,US,Kansas,Woodson,12,0,0,37.8865336,-95.74006277,20207.0,382.4091778202677,0.0,12,12,0,0,12,12,3183,0,0,0,0,0
2020-08-26,US,Kansas,Wyandotte,5850,113,0,39.11727348,-94.76378225,20209.0,3536.2602687557805,1.931623931623932,5737,5741,111,0,5630,5723,165324,109,2,0,107,18
2020-08-26,US,Kentucky,Adair,250,19,0,37.10459774,-85.28129668,21001.0,1301.9477137798144,7.6,231,248,19,0,229,247,19215,2,0,0,2,1
2020-08-26,US,Kentucky,Allen,244,8,0,36.75197631,-86.19457544,21003.0,1144.733755571194,3.278688524590164,236,243,8,0,235,245,21122,1,0,0,1,-2
2020-08-26,US,Kentucky,Anderson,113,1,0,38.00671029,-84.99171713,21005.0,496.7688046775399,0.8849557522123894,112,107,1,0,106,104,22663,6,0,0,6,3
2020-08-26,US,Kentucky,Ballard,41,0,0,37.05842757,-88.99427697,21007.0,519.7768762677484,0.0,41,41,0,0,41,39,7979,0,0,0,0,2
2020-08-26,US,Kentucky,Barren,483,6,0,36.96469836,-85.93338945,21009.0,1091.5500915274922,1.2422360248447204,477,475,6,0,469,472,44176,8,0,0,8,3
2020-08-26,US,Kentucky,Bath,53,1,0,38.14735938,-83.74588932,21011.0,424.0,1.8867924528301887,52,53,1,0,52,53,12383,0,0,0,0,0
2020-08-26,US,Kentucky,Bell,372,7,0,36.73355174,-83.67766671,21013.0,1429.0104486785494,1.8817204301075268,365,371,7,0,364,368,26569,1,0,0,1,3
2020-08-26,US,Kentucky,Boone,1248,25,0,38.97065142,-84.72615357,21015.0,934.2646034990006,2.003205128205128,1223,1239,24,0,1215,1231,131533,9,1,0,8,8
2020-08-26,US,Kentucky,Bourbon,105,1,0,38.2054607,-84.21827874,21017.0,530.6246209824136,0.9523809523809524,104,105,1,0,104,104,20184,0,0,0,0,1
2020-08-26,US,Kentucky,Boyd,221,4,0,38.36176608,-82.68652187,21019.0,473.0510723917976,1.8099547511312215,217,221,4,0,217,218,47240,0,0,0,0,3
2020-08-26,US,Kentucky,Boyle,196,0,0,37.62680923,-84.8633779,21021.0,652.0292747837657,0.0,196,189,0,0,189,189,30100,7,0,0,7,0
2020-08-26,US,Kentucky,Bracken,37,0,0,38.69158994,-84.08532444,21023.0,445.6220643141034,0.0,37,37,0,0,37,37,8239,0,0,0,0,0
2020-08-26,US,Kentucky,Breathitt,51,0,0,37.52333168,-83.31959161,21025.0,403.80047505938245,0.0,51,49,0,0,49,49,12726,2,0,0,2,0
2020-08-26,US,Kentucky,Breckinridge,92,2,0,37.77377239,-86.42885017,21027.0,449.28456316843284,2.1739130434782608,90,92,2,0,90,91,20388,0,0,0,0,1
2020-08-26,US,Kentucky,Bullitt,580,5,0,37.97162523,-85.68955617,21029.0,710.1229247269699,0.8620689655172413,575,556,5,0,551,548,81069,24,0,0,24,8
2020-08-26,US,Kentucky,Butler,311,16,0,37.20946153,-86.68748787,21031.0,2414.783756502834,5.144694533762059,295,312,16,0,296,311,12772,-1,0,0,-1,1
2020-08-26,US,Kentucky,Caldwell,68,0,0,37.14749129,-87.86948214,21033.0,533.4588530634659,0.0,68,65,0,0,65,64,12715,3,0,0,3,1
2020-08-26,US,Kentucky,Calloway,379,5,0,36.62093411,-88.2731593,21035.0,971.7699546165483,1.3192612137203166,374,371,5,0,366,369,39135,8,0,0,8,2
2020-08-26,US,Kentucky,Campbell,663,13,0,38.94384345,-84.37875208,21037.0,708.4544366558383,1.96078431372549,650,658,13,0,645,654,93152,5,0,0,5,4
2020-08-26,US,Kentucky,Carlisle,58,1,0,36.85372876,-88.96692220000001,21039.0,1218.4873949579833,1.7241379310344829,57,57,1,0,56,56,4771,1,0,0,1,1
2020-08-26,US,Kentucky,Carroll,188,2,0,38.66599534,-85.12601074,21041.0,1768.413131408146,1.0638297872340423,186,187,2,0,185,187,10737,1,0,0,1,0
2020-08-26,US,Kentucky,Carter,113,3,0,38.31690743,-83.05092385,21043.0,421.68899503675766,2.6548672566371683,110,110,3,0,107,111,27004,3,0,0,3,-1
2020-08-26,US,Kentucky,Casey,234,11,0,37.32533118,-84.92726209,21045.0,1448.1094127111826,4.700854700854701,223,230,11,0,219,228,15888,4,0,0,4,2
2020-08-26,US,Kentucky,Christian,757,10,0,36.89267803,-87.49055367,21047.0,1074.3531882885568,1.3210039630118893,747,716,10,0,706,697,71671,41,0,0,41,19
2020-08-26,US,Kentucky,Clark,235,8,0,37.9689263,-84.14615986,21049.0,648.0434602763148,3.404255319148936,227,232,8,0,224,227,36249,3,0,0,3,5
2020-08-26,US,Kentucky,Clay,199,6,0,37.16451126,-83.712575,21051.0,999.9497512687803,3.0150753768844223,193,197,6,0,191,197,20105,2,0,0,2,0
2020-08-26,US,Kentucky,Clinton,63,1,0,36.72581156,-85.13377529,21053.0,616.5590135055784,1.5873015873015872,62,61,1,0,60,60,10206,2,0,0,2,1
2020-08-26,US,Kentucky,Crittenden,43,1,0,37.35839237,-88.08826090000002,21055.0,488.30342947990005,2.3255813953488373,42,38,1,0,37,38,8915,5,0,0,5,0
2020-08-26,US,Kentucky,Cumberland,82,0,0,36.78926125,-85.39050034,21057.0,1239.7943755669792,0.0,82,79,0,0,79,79,6659,3,0,0,3,0
2020-08-26,US,Kentucky,Daviess,913,11,0,37.73028906,-87.09019479999998,21059.0,899.4099161667209,1.2048192771084338,902,898,11,0,887,895,101104,15,0,0,15,3
2020-08-26,US,Kentucky,Edmonson,116,12,0,37.21218923,-86.23955613,21061.0,954.7325102880659,10.344827586206897,104,116,12,0,104,116,12274,0,0,0,0,0
2020-08-26,US,Kentucky,Elliott,20,0,0,38.11624059,-83.09771563,21063.0,266.06358919781826,0.0,20,20,0,0,20,19,7508,0,0,0,0,1
2020-08-26,US,Kentucky,Estill,30,0,0,37.69241417,-83.95956369,21065.0,212.6754572522331,0.0,30,28,0,0,28,29,14198,2,0,0,2,-1
2020-08-26,US,Kentucky,Fayette,3901,52,0,38.0368225,-84.45576892,21067.0,1207.1718572065158,1.3329915406306074,3849,3881,52,0,3829,3833,323780,20,0,0,20,48
2020-08-26,US,Kentucky,Fleming,65,0,0,38.36758311,-83.69657514,21069.0,445.7856114121117,0.0,65,65,0,0,65,65,14432,0,0,0,0,0
2020-08-26,US,Kentucky,Floyd,140,2,0,37.56213922,-82.74750924,21071.0,393.37997695917284,1.4285714285714286,138,139,2,0,137,136,35845,1,0,0,1,3
2020-08-26,US,Kentucky,Franklin,448,11,0,38.2379395,-84.87962551,21073.0,878.5864172108803,2.455357142857143,437,442,11,0,431,433,50815,6,0,0,6,9
2020-08-26,US,Kentucky,Fulton,112,2,0,36.55238827,-89.20140068,21075.0,1876.361199530909,1.7857142857142858,110,111,2,0,109,109,6120,1,0,0,1,2
2020-08-26,US,Kentucky,Gallatin,89,8,0,38.75398691,-84.8558382,21077.0,1003.4953207802458,8.98876404494382,81,89,8,0,81,88,8832,0,0,0,0,1
2020-08-26,US,Kentucky,Garrard,109,2,0,37.638866799999995,-84.53289319,21079.0,617.0044152609532,1.834862385321101,107,108,2,0,106,102,17560,1,0,0,1,6
2020-08-26,US,Kentucky,Grant,132,6,0,38.64962758,-84.62415957,21081.0,526.5467310223784,4.545454545454546,126,132,6,0,126,132,25121,0,0,0,0,0
2020-08-26,US,Kentucky,Graves,625,29,0,36.72292505,-88.65143315,21083.0,1677.1319701604682,4.64,596,623,28,0,595,617,37317,2,1,0,1,6
2020-08-26,US,Kentucky,Grayson,244,11,0,37.46231118,-86.34248968,21085.0,923.2981420516896,4.508196721311474,233,243,11,0,232,239,26321,1,0,0,1,4
2020-08-26,US,Kentucky,Green,111,5,0,37.26484328,-85.5540745,21087.0,1014.5324924595558,4.504504504504505,106,105,5,0,100,101,11049,6,0,0,6,4
2020-08-26,US,Kentucky,Greenup,185,2,0,38.54332505,-82.9215658,21089.0,527.0955610006268,1.0810810810810811,183,182,1,0,181,169,35268,3,1,0,2,13
2020-08-26,US,Kentucky,Hancock,56,0,0,37.83766422,-86.78280584,21091.0,642.0545746388442,0.0,56,56,0,0,56,56,8758,0,0,0,0,0
2020-08-26,US,Kentucky,Hardin,870,8,0,37.6976111,-85.96319251,21093.0,784.0804628778458,0.9195402298850576,862,860,8,0,852,847,110356,10,0,0,10,13
2020-08-26,US,Kentucky,Harlan,273,6,0,36.85699301,-83.21899516,21095.0,1049.5963091118801,2.1978021978021984,267,273,6,0,267,267,26409,0,0,0,0,6
2020-08-26,US,Kentucky,Harrison,146,0,0,38.44188174,-84.32869741,21097.0,773.0594090860956,0.0,146,139,0,0,139,139,18778,7,0,0,7,0
2020-08-26,US,Kentucky,Hart,121,1,0,37.29943898,-85.88461055,21099.0,635.6711321250327,0.8264462809917356,120,120,1,0,119,118,18906,1,0,0,1,2
2020-08-26,US,Kentucky,Henderson,410,3,0,37.79344553,-87.57392021,21101.0,906.87900906879,0.7317073170731707,407,411,3,0,408,410,45591,-1,0,0,-1,1
2020-08-26,US,Kentucky,Henry,158,2,0,38.44942688,-85.11587507,21103.0,979.7841994294928,1.2658227848101269,156,157,2,0,155,156,16106,1,0,0,1,1
2020-08-26,US,Kentucky,Hickman,66,0,0,36.67948079999999,-88.97875928,21105.0,1506.849315068493,0.0,66,66,0,0,66,63,4421,0,0,0,0,3
2020-08-26,US,Kentucky,Hopkins,495,36,0,37.30939025,-87.54670406,21107.0,1107.7294902206509,7.272727272727272,459,487,36,0,451,479,45068,8,0,0,8,8
2020-08-26,US,Kentucky,Jackson,198,15,0,37.41866422,-83.99825483,21109.0,1485.4827819041186,7.575757575757576,183,187,15,0,172,178,13442,11,0,0,11,9
2020-08-26,US,Kentucky,Jefferson,11018,263,0,38.18664655,-85.65931031,21111.0,1436.9611232763446,2.3870030858595026,10755,10888,261,0,10627,10703,770517,130,2,0,128,185
2020-08-26,US,Kentucky,Jessamine,428,0,0,37.87119786,-84.58252003,21113.0,790.9082509470572,0.0,428,420,0,0,420,416,53920,8,0,0,8,4
2020-08-26,US,Kentucky,Johnson,105,1,0,37.85106355,-82.8264322,21115.0,473.2287723093564,0.9523809523809524,104,101,1,0,100,101,22386,4,0,0,4,0
2020-08-26,US,Kentucky,Kenton,1666,41,0,38.93950319,-84.53241199,21117.0,997.616737925005,2.460984393757503,1625,1656,41,0,1615,1644,166051,10,0,0,10,12
2020-08-26,US,Kentucky,Knott,88,1,0,37.35388197,-82.94981134,21119.0,594.3536404160476,1.1363636363636365,87,88,1,0,87,88,15126,0,0,0,0,0
2020-08-26,US,Kentucky,Knox,321,9,0,36.89225732,-83.85403396,21121.0,1030.6630277733184,2.803738317757009,312,317,9,0,308,312,31304,4,0,0,4,5
2020-08-26,US,Kentucky,Larue,78,1,0,37.54567114,-85.70138352,21123.0,541.7419085984163,1.2820512820512822,77,78,1,0,77,77,14307,0,0,0,0,1
2020-08-26,US,Kentucky,Laurel,529,5,0,37.10975748,-84.11321779,21125.0,869.8797954384752,0.9451795841209829,524,523,5,0,518,513,60669,6,0,0,6,10
2020-08-26,US,Kentucky,Lawrence,40,0,0,38.07136018,-82.72882223,21127.0,261.1477443363583,0.0,40,40,0,0,40,40,15571,0,0,0,0,0
2020-08-26,US,Kentucky,Lee,12,0,0,37.59645942,-83.71513901,21129.0,162.09644738619482,0.0,12,13,0,0,13,11,7033,-1,0,0,-1,2
2020-08-26,US,Kentucky,Leslie,39,0,0,37.09246661,-83.37999606,21131.0,394.85673787587325,0.0,39,38,0,0,38,38,10143,1,0,0,1,0
2020-08-26,US,Kentucky,Letcher,68,2,0,37.12306748,-82.85346474,21133.0,315.5013223217185,2.9411764705882355,66,68,2,0,66,67,21899,0,0,0,0,1
2020-08-26,US,Kentucky,Lewis,137,9,0,38.53184419,-83.37735618,21135.0,1032.015065913371,6.569343065693432,128,116,9,0,107,115,13257,21,0,0,21,1
2020-08-26,US,Kentucky,Lincoln,132,2,0,37.45475628,-84.6565327,21137.0,537.7001099841134,1.5151515151515151,130,132,2,0,130,132,24644,0,0,0,0,0
2020-08-26,US,Kentucky,Livingston,43,1,0,37.21137452,-88.34797529,21139.0,467.69632368936266,2.3255813953488373,42,42,1,0,41,42,9242,1,0,0,1,0
2020-08-26,US,Kentucky,Logan,393,26,0,36.85949479,-86.877635,21141.0,1450.0774850564535,6.6157760814249365,367,391,26,0,365,378,26989,2,0,0,2,13
2020-08-26,US,Kentucky,Lyon,34,4,0,37.02080035,-88.07886257,21143.0,414.12911084043856,11.764705882352944,30,34,4,0,30,34,8009,0,0,0,0,0
2020-08-26,US,Kentucky,Madison,859,2,0,37.71659336,-84.27220275,21151.0,923.7850452213753,0.2328288707799767,857,828,2,0,826,805,92368,31,0,0,31,23
2020-08-26,US,Kentucky,Magoffin,62,0,0,37.70820545,-83.0657714,21153.0,509.82649453169967,0.0,62,60,0,0,60,60,12362,2,0,0,2,0
2020-08-26,US,Kentucky,Marion,172,2,0,37.55218078,-85.26898542,21155.0,892.4402013179059,1.162790697674419,170,167,2,0,165,165,19404,5,0,0,5,2
2020-08-26,US,Kentucky,Marshall,183,2,0,36.88007070000001,-88.32803576,21157.0,588.4244372990354,1.0928961748633879,181,183,2,0,181,177,31191,0,0,0,0,6
2020-08-26,US,Kentucky,Martin,51,0,0,37.79990579,-82.51247478,21159.0,455.56051808843233,0.0,51,49,0,0,49,49,11323,2,0,0,2,0
2020-08-26,US,Kentucky,Mason,80,2,0,38.59471935,-83.82151043,21161.0,468.6584651435266,2.5,78,79,2,0,77,71,17150,1,0,0,1,8
2020-08-26,US,Kentucky,McCracken,472,5,0,37.05350953,-88.70445755,21145.0,721.5139564034364,1.0593220338983051,467,469,5,0,464,460,65346,3,0,0,3,9
2020-08-26,US,Kentucky,McCreary,72,0,0,36.73874143,-84.48102924,21147.0,417.8515466310719,0.0,72,69,0,0,69,61,17408,3,0,0,3,8
2020-08-26,US,Kentucky,McLean,51,1,0,37.5301951,-87.26803443,21149.0,553.9263603779733,1.96078431372549,50,50,1,0,49,51,9252,1,0,0,1,-1
2020-08-26,US,Kentucky,Meade,121,3,0,37.96163597,-86.21028219,21163.0,423.4915301693966,2.479338842975207,118,121,3,0,118,122,28715,0,0,0,0,-1
2020-08-26,US,Kentucky,Menifee,30,0,0,37.94090733,-83.59985712,21165.0,462.32085067036525,0.0,30,31,0,0,31,29,6451,-1,0,0,-1,2
2020-08-26,US,Kentucky,Mercer,107,1,0,37.81474237,-84.87488475,21167.0,487.84935941275705,0.9345794392523364,106,106,1,0,105,104,21774,1,0,0,1,2
2020-08-26,US,Kentucky,Metcalfe,80,2,0,36.99459295,-85.63123699,21169.0,794.3600436898024,2.5,78,80,2,0,78,77,10030,0,0,0,0,3
2020-08-26,US,Kentucky,Monroe,124,2,0,36.71225341,-85.71596443,21171.0,1164.3192488262912,1.6129032258064515,122,115,2,0,113,114,10718,9,0,0,9,1
2020-08-26,US,Kentucky,Montgomery,177,1,0,38.03253032,-83.9145241,21173.0,628.6181056220478,0.5649717514124294,176,174,1,0,173,170,28203,3,0,0,3,4
2020-08-26,US,Kentucky,Morgan,41,0,0,37.92465657,-83.25558245,21175.0,308.06221353970994,0.0,41,41,0,0,41,40,13345,0,0,0,0,1
2020-08-26,US,Kentucky,Muhlenberg,652,11,0,37.21425819,-87.14632053,21177.0,2129.1881653713017,1.6871165644171784,641,651,11,0,640,648,30774,1,0,0,1,3
2020-08-26,US,Kentucky,Nelson,322,2,0,37.80335779,-85.4657193,21179.0,696.4722168148293,0.6211180124223602,320,318,2,0,316,315,45851,4,0,0,4,3
2020-08-26,US,Kentucky,Nicholas,22,1,0,38.33342292,-84.01889177,21181.0,302.65511074425643,4.545454545454546,21,22,1,0,21,22,7166,0,0,0,0,0
2020-08-26,US,Kentucky,Ohio,378,9,0,37.47751843,-86.85368087,21183.0,1575.3938484621156,2.380952380952381,369,376,9,0,367,376,24087,2,0,0,2,0
2020-08-26,US,Kentucky,Oldham,779,23,0,38.39791089,-85.448222,21185.0,1166.1851225317744,2.952503209242619,756,770,22,0,748,757,66470,9,1,0,8,13
2020-08-26,US,Kentucky,Owen,75,0,0,38.51679143,-84.82404619,21187.0,688.0102742867628,0.0,75,75,0,0,75,75,10880,0,0,0,0,0
2020-08-26,US,Kentucky,Owsley,26,0,0,37.42823949,-83.68811419,21189.0,588.9014722536806,0.0,26,26,0,0,26,25,4472,0,0,0,0,1
2020-08-26,US,Kentucky,Pendleton,62,0,0,38.69607718,-84.35599463,21191.0,424.94859492803283,0.0,62,62,0,0,62,59,14529,0,0,0,0,3
2020-08-26,US,Kentucky,Perry,275,7,0,37.25023553,-83.22922731,21193.0,1067.6294743380697,2.5454545454545454,268,272,7,0,265,269,26092,3,0,0,3,3
2020-08-26,US,Kentucky,Pike,299,3,0,37.47088263,-82.39487445,21195.0,516.6217430368374,1.0033444816053512,296,298,3,0,295,298,58402,1,0,0,1,0
2020-08-26,US,Kentucky,Powell,72,0,0,37.83218794,-83.82553961,21197.0,582.5714054535158,0.0,72,71,0,0,71,70,12442,1,0,0,1,1
2020-08-26,US,Kentucky,Pulaski,467,6,0,37.10466131,-84.57629079,21199.0,718.6937318210498,1.284796573875803,461,458,6,0,452,448,64623,9,0,0,9,10
2020-08-26,US,Kentucky,Robertson,4,0,0,38.51923469,-84.05055616,21201.0,189.75332068311195,0.0,4,4,0,0,4,3,2135,0,0,0,0,1
2020-08-26,US,Kentucky,Rockcastle,110,0,0,37.36642393,-84.31176452,21203.0,658.879904162923,0.0,110,110,0,0,110,108,16750,0,0,0,0,2
2020-08-26,US,Kentucky,Rowan,112,0,0,38.19484205,-83.42088935,21205.0,457.8904333605887,0.0,112,103,0,0,103,89,24583,9,0,0,9,14
2020-08-26,US,Kentucky,Russell,158,5,0,36.99308373,-85.06070117,21207.0,881.5488478491324,3.1645569620253164,153,155,5,0,150,151,17821,3,0,0,3,4
2020-08-26,US,Kentucky,Scott,539,4,0,38.29622293,-84.5816631,21209.0,945.5476808645008,0.7421150278293135,535,513,4,0,509,504,56031,26,0,0,26,9
2020-08-26,US,Kentucky,Shelby,877,23,0,38.21476019,-85.194223,21211.0,1788.9197127937334,2.622576966932725,854,872,23,0,849,872,48518,5,0,0,5,0
2020-08-26,US,Kentucky,Simpson,199,7,0,36.74058474,-86.58047435,21213.0,1071.5054921387034,3.5175879396984926,192,198,7,0,191,193,18529,1,0,0,1,5
2020-08-26,US,Kentucky,Spencer,162,0,0,38.03223971,-85.32749335,21215.0,837.1660379308563,0.0,162,161,0,0,161,160,18794,1,0,0,1,1
2020-08-26,US,Kentucky,Taylor,186,4,0,37.3677562,-85.3329931,21217.0,721.7975086344056,2.150537634408602,182,183,4,0,179,181,25549,3,0,0,3,2
2020-08-26,US,Kentucky,Todd,100,0,0,36.8381152,-87.17878374,21219.0,813.4049129656743,0.0,100,52,0,0,52,46,12311,48,0,0,48,6
2020-08-26,US,Kentucky,Trigg,74,0,0,36.80767017,-87.87333656,21221.0,505.0849771346666,0.0,74,71,0,0,71,68,14643,3,0,0,3,3
2020-08-26,US,Kentucky,Trimble,43,0,0,38.61056487,-85.33775972,21223.0,507.6142131979696,0.0,43,41,0,0,41,41,8515,2,0,0,2,0
2020-08-26,US,Kentucky,Union,83,0,0,37.66166713,-87.94300009,21225.0,577.1504067867324,0.0,83,81,0,0,81,81,14505,2,0,0,2,0
2020-08-26,US,Kentucky,Warren,3120,24,0,36.99903045,-86.42672751,21227.0,2347.700457500602,0.7692307692307693,3096,3076,24,0,3052,2998,131264,44,0,0,44,78
2020-08-26,US,Kentucky,Washington,118,1,0,37.75599461,-85.17407732,21229.0,975.609756097561,0.8474576271186439,117,116,1,0,115,116,12084,2,0,0,2,0
2020-08-26,US,Kentucky,Wayne,86,0,0,36.80310688,-84.8251971,21231.0,422.9577534057936,0.0,86,86,0,0,86,86,20468,0,0,0,0,0
2020-08-26,US,Kentucky,Webster,95,2,0,37.52168356,-87.67989953,21233.0,734.0441971874518,2.1052631578947367,93,97,2,0,95,97,13111,-2,0,0,-2,0
2020-08-26,US,Kentucky,Whitley,182,2,0,36.75700531,-84.14541217,21235.0,501.8751378777851,1.0989010989010992,180,179,1,0,178,178,36242,3,1,0,2,1
2020-08-26,US,Kentucky,Wolfe,27,0,0,37.73941626,-83.49303612,21237.0,377.253038982814,0.0,27,26,0,0,26,27,7177,1,0,0,1,-1
2020-08-26,US,Kentucky,Woodford,201,0,0,38.04178222,-84.7417556,21239.0,751.8515747736965,0.0,201,201,0,0,201,202,26533,0,0,0,0,-1
2020-08-26,US,Louisiana,Acadia,2775,93,0,30.295064899999996,-92.41419698,22001.0,4472.560238536546,3.3513513513513518,2682,2776,93,0,2683,2748,62190,-1,0,0,-1,28
2020-08-26,US,Louisiana,Allen,1430,37,0,30.65385745,-92.82442028,22003.0,5580.052288601865,2.5874125874125875,1393,1426,37,0,1389,1409,25605,4,0,0,4,17
2020-08-26,US,Louisiana,Ascension,3257,90,0,30.20406249,-90.91328409999998,22005.0,2572.588543805883,2.76327909118821,3167,3245,90,0,3155,3226,124672,12,0,0,12,19
2020-08-26,US,Louisiana,Assumption,649,22,0,29.89946234,-91.06461642,22007.0,2964.6886848476543,3.3898305084745757,627,651,21,0,630,631,22300,-2,1,0,-3,20
2020-08-26,US,Louisiana,Avoyelles,1255,43,0,31.07796211,-92.00079449,22009.0,3126.245516141889,3.4262948207171315,1212,1248,43,0,1205,1218,40462,7,0,0,7,30
2020-08-26,US,Louisiana,Beauregard,926,31,0,30.64836518,-93.34173616,22011.0,2469.5308958049977,3.3477321814254863,895,924,31,0,893,941,37253,2,0,0,2,-17
2020-08-26,US,Louisiana,Bienville,414,30,0,32.34569994,-93.05398492,22013.0,3126.652065553961,7.246376811594202,384,409,30,0,379,403,13308,5,0,0,5,6
2020-08-26,US,Louisiana,Bossier,2653,92,0,32.67932307,-93.60460152,22015.0,2088.3350782043312,3.467772333207689,2561,2619,92,0,2527,2557,127185,34,0,0,34,62
2020-08-26,US,Louisiana,Caddo,7225,312,0,32.57991587,-93.88375652,22017.0,3007.8599856788396,4.318339100346022,6913,7117,311,0,6806,7180,242922,108,1,0,107,-63
2020-08-26,US,Louisiana,Calcasieu,7269,179,0,30.22931235,-93.35400434,22019.0,3573.113903143986,2.4625120374191773,7090,7256,178,0,7078,7284,203112,13,1,0,12,-28
2020-08-26,US,Louisiana,Caldwell,271,3,0,32.0902519,-92.11752148,22021.0,2732.4057269610807,1.1070110701107012,268,271,3,0,268,271,9960,0,0,0,0,0
2020-08-26,US,Louisiana,Cameron,205,1,0,29.87592238,-93.19310676,22023.0,2939.9110856159473,0.4878048780487805,204,201,1,0,200,175,6968,4,0,0,4,26
2020-08-26,US,Louisiana,Catahoula,358,6,0,31.66778967,-91.84526385,22025.0,3770.802612176111,1.675977653631285,352,354,6,0,348,351,9608,4,0,0,4,3
2020-08-26,US,Louisiana,Claiborne,344,12,0,32.82308512,-92.99526883,22027.0,2195.2776005105293,3.4883720930232562,332,342,12,0,330,331,15944,2,0,0,2,11
2020-08-26,US,Louisiana,Concordia,421,9,0,31.44817835,-91.63814433,22029.0,2185.990965262994,2.1377672209026133,412,420,9,0,411,411,19572,1,0,0,1,9
2020-08-26,US,Louisiana,De Soto,808,32,0,32.05457447,-93.74130302,22031.0,2942.140334267924,3.96039603960396,776,804,31,0,773,803,27436,4,1,0,3,1
2020-08-26,US,Louisiana,East Baton Rouge,13450,404,0,30.53842039,-91.09777565,22033.0,3056.408345244615,3.003717472118959,13046,13391,404,0,12987,13412,440956,59,0,0,59,-21
2020-08-26,US,Louisiana,East Carroll,532,2,0,32.73926954,-91.23425694,22035.0,7753.9717242384495,0.3759398496240601,530,530,2,0,528,529,7037,2,0,0,2,1
2020-08-26,US,Louisiana,East Feliciana,888,43,0,30.84425359,-91.04976723,22037.0,4640.7107394826235,4.8423423423423415,845,865,44,0,821,862,19305,23,-1,0,24,3
2020-08-26,US,Louisiana,Evangeline,1028,24,0,30.72985248,-92.39915924,22039.0,3078.3051354993268,2.3346303501945527,1004,1019,24,0,995,1006,33443,9,0,0,9,13
2020-08-26,US,Louisiana,Franklin,1061,28,0,32.13675181,-91.67589857,22041.0,5301.024231826131,2.639019792648445,1033,1059,26,0,1033,1042,20156,2,2,0,0,17
2020-08-26,US,Louisiana,Grant,390,26,0,31.59882456,-92.56124347,22043.0,1741.9268390727589,6.666666666666668,364,388,26,0,362,382,22482,2,0,0,2,6
2020-08-26,US,Louisiana,Iberia,2698,84,0,29.86803617,-91.75871777,22045.0,3863.668910210511,3.113417346182357,2614,2686,81,0,2605,2670,70941,12,3,0,9,16
2020-08-26,US,Louisiana,Iberville,1317,53,0,30.25734305,-91.3499598,22047.0,4050.9366060717907,4.024297646165528,1264,1311,53,0,1258,1330,32721,6,0,0,6,-19
2020-08-26,US,Louisiana,Jackson,431,20,0,32.30251776,-92.55692092,22049.0,2737.550813008131,4.640371229698376,411,425,20,0,405,421,15902,6,0,0,6,4
2020-08-26,US,Louisiana,Jefferson,16227,541,0,29.74075478,-90.11115756,22051.0,3751.968239948392,3.333949590189192,15686,16159,539,0,15620,16171,434051,68,2,0,66,-12
2020-08-26,US,Louisiana,Jefferson Davis,1153,34,0,30.26896765,-92.81210004,22053.0,3675.7204794695226,2.9488291413703385,1119,1149,34,0,1115,1120,31582,4,0,0,4,29
2020-08-26,US,Louisiana,LaSalle,382,5,0,31.67884782,-92.15907765,22059.0,2565.135643298416,1.3089005235602094,377,379,5,0,374,379,14917,3,0,0,3,0
2020-08-26,US,Louisiana,Lafayette,8183,110,0,30.2049055,-92.06959876,22055.0,3348.336674986701,1.3442502749602836,8073,8136,109,0,8027,8168,242782,47,1,0,46,-32
2020-08-26,US,Louisiana,Lafourche,3216,107,0,29.52470226,-90.40976986,22057.0,3294.609379802077,3.327114427860697,3109,3211,107,0,3104,3111,98115,5,0,0,5,100
2020-08-26,US,Louisiana,Lincoln,884,39,0,32.6003154,-92.66597409999999,22061.0,1891.2327243164605,4.411764705882354,845,883,39,0,844,885,47196,1,0,0,1,-2
2020-08-26,US,Louisiana,Livingston,3325,64,0,30.44143993,-90.73061664,22063.0,2361.690188864187,1.924812030075188,3261,3313,63,0,3250,3279,139567,12,1,0,11,34
2020-08-26,US,Louisiana,Madison,780,7,0,32.36918118,-91.23973355,22065.0,7122.637202082002,0.8974358974358975,773,671,7,0,664,655,11161,109,0,0,109,16
2020-08-26,US,Louisiana,Morehouse,582,16,0,32.81686191,-91.80421614,22067.0,2339.792554474552,2.7491408934707904,566,580,15,0,565,570,25398,2,1,0,1,10
2020-08-26,US,Louisiana,Natchitoches,907,22,0,31.72321584,-93.09816516,22069.0,2376.958960113213,2.4255788313120177,885,898,22,0,876,894,38659,9,0,0,9,4
2020-08-26,US,Louisiana,Orleans,11269,573,0,30.06971951,-89.92660315,22071.0,2888.420685695538,5.084745762711863,10696,11229,572,0,10657,11214,391006,40,1,0,39,15
2020-08-26,US,Louisiana,Ouachita,5369,125,0,32.47645559,-92.15704172,22073.0,3502.762935561949,2.328180294281989,5244,5355,125,0,5230,5389,154475,14,0,0,14,-34
2020-08-26,US,Louisiana,Plaquemines,487,19,0,29.42245447,-89.60322085,22075.0,2099.4094063887574,3.901437371663244,468,487,19,0,468,489,23410,0,0,0,0,-2
2020-08-26,US,Louisiana,Pointe Coupee,924,37,0,30.71409502,-91.60209535,22077.0,4252.185918085595,4.004329004329004,887,917,36,0,881,894,21940,7,1,0,6,23
2020-08-26,US,Louisiana,Rapides,3691,134,0,31.19778499,-92.52997303,22079.0,2846.9394051585828,3.630452451910052,3557,3679,133,0,3546,3703,130562,12,1,0,11,-24
2020-08-26,US,Louisiana,Red River,310,19,0,32.09530039,-93.34213308,22081.0,3672.11561241412,6.129032258064517,291,309,19,0,290,300,8477,1,0,0,1,9
2020-08-26,US,Louisiana,Richland,666,9,0,32.41391005,-91.76634876,22083.0,3309.8101580359803,1.351351351351351,657,664,9,0,655,667,20192,2,0,0,2,-3
2020-08-26,US,Louisiana,Sabine,736,13,0,31.56388699,-93.55433981,22085.0,3081.5608775749456,1.766304347826087,723,735,13,0,722,712,24032,1,0,0,1,23
2020-08-26,US,Louisiana,St. Bernard,1213,25,0,29.87761636,-89.51887093,22087.0,2567.5218017102693,2.061005770816158,1188,1203,25,0,1178,1196,46721,10,0,0,10,7
2020-08-26,US,Louisiana,St. Charles,1614,54,0,29.90709658,-90.35555967,22089.0,3039.548022598869,3.3457249070631967,1560,1611,54,0,1557,1587,52879,3,0,0,3,24
2020-08-26,US,Louisiana,St. Helena,364,2,0,30.82210324,-90.71013176,22091.0,3592.577970785629,0.5494505494505495,362,368,2,0,366,307,10262,-4,0,0,-4,61
2020-08-26,US,Louisiana,St. James,754,35,0,30.02531716,-90.80212061,22093.0,3574.137277208949,4.641909814323609,719,752,35,0,717,749,21037,2,0,0,2,3
2020-08-26,US,Louisiana,St. John the Baptist,1500,95,0,30.12597499,-90.4753503,22095.0,3501.6457735135523,6.333333333333332,1405,1499,95,0,1404,1490,43184,1,0,0,1,9
2020-08-26,US,Louisiana,St. Landry,3021,110,0,30.59724262,-92.00135806,22097.0,3678.5836052798213,3.6411784177424695,2911,3006,109,0,2897,3001,82764,15,1,0,14,5
2020-08-26,US,Louisiana,St. Martin,1920,55,0,30.13112107,-91.61403569,22099.0,3593.4195504482427,2.864583333333333,1865,1928,54,0,1874,1839,53621,-8,1,0,-9,89
2020-08-26,US,Louisiana,St. Mary,1737,67,0,29.69262097,-91.44702164,22101.0,3519.899489341007,3.857225100748417,1670,1739,66,0,1673,1726,49774,-2,1,0,-3,13
2020-08-26,US,Louisiana,St. Tammany,5892,231,0,30.40942847,-89.95642711,22103.0,2262.507727930758,3.9205702647657836,5661,5859,226,0,5633,5841,258111,33,5,0,28,18
2020-08-26,US,Louisiana,Tangipahoa,3956,90,0,30.62888673,-90.40664996,22105.0,2935.632763917541,2.2750252780586453,3866,3939,90,0,3849,3959,133777,17,0,0,17,-20
2020-08-26,US,Louisiana,Tensas,133,1,0,32.00760749,-91.32915234,22107.0,3068.7586525149977,0.7518796992481203,132,134,1,0,133,127,4462,-1,0,0,-1,7
2020-08-26,US,Louisiana,Terrebonne,3285,95,0,29.37343766,-90.82626855,22109.0,2973.900290600303,2.8919330289193304,3190,3259,94,0,3165,3333,111021,26,1,0,25,-74
2020-08-26,US,Louisiana,Unassigned,190,163,0,0.0,0.0,90022.0,0.0,85.78947368421052,27,190,141,0,49,247,,0,22,0,-22,-57
2020-08-26,US,Louisiana,Union,806,39,0,32.83121059,-92.3749373,22111.0,3645.7390989686987,4.838709677419356,767,796,39,0,757,788,22330,10,0,0,10,8
2020-08-26,US,Louisiana,Vermilion,1854,40,0,29.83517605,-92.30292538,22113.0,3115.3904320209717,2.157497303128371,1814,1842,38,0,1804,1789,59830,12,2,0,10,53
2020-08-26,US,Louisiana,Vernon,935,38,0,31.10884837,-93.18153838,22115.0,1971.3677286048621,4.0641711229946536,897,927,36,0,891,898,48860,8,2,0,6,29
2020-08-26,US,Louisiana,Washington,1431,60,0,30.85288548,-90.03866652,22117.0,3097.8049097285357,4.19287211740042,1371,1426,59,0,1367,1415,46582,5,1,0,4,11
2020-08-26,US,Louisiana,Webster,1005,19,0,32.70847669,-93.33121835,22119.0,2621.283255086072,1.8905472636815916,986,993,19,0,974,988,38798,12,0,0,12,5
2020-08-26,US,Louisiana,West Baton Rouge,814,38,0,30.46058217,-91.30989571,22121.0,3075.7604383147554,4.6683046683046685,776,809,38,0,771,787,26427,5,0,0,5,22
2020-08-26,US,Louisiana,West Carroll,310,9,0,32.78550125,-91.461201,22123.0,2862.419205909511,2.9032258064516134,301,310,8,0,302,321,10982,0,1,0,-1,-11
2020-08-26,US,Louisiana,West Feliciana,545,20,0,30.87882871,-91.41485379999999,22125.0,3500.770811921891,3.669724770642202,525,504,19,0,485,468,15460,41,1,0,40,36
2020-08-26,US,Louisiana,Winn,535,15,0,31.94449367,-92.63789413,22127.0,3847.813578826237,2.803738317757009,520,531,15,0,516,517,14134,4,0,0,4,14
2020-08-26,US,Maine,Androscoggin,596,10,0,44.1664747,-70.20380627,23001.0,550.4400749928425,1.6778523489932886,586,594,10,0,584,594,107679,2,0,0,2,0
2020-08-26,US,Maine,Aroostook,38,1,0,46.65926321,-68.59841248,23003.0,56.66989784505257,2.631578947368421,37,37,1,0,36,37,67111,1,0,0,1,0
2020-08-26,US,Maine,Cumberland,2167,70,0,43.8370751,-70.37226999,23005.0,734.5688009952441,3.2302722658052607,2097,2166,70,0,2096,2161,293557,1,0,0,1,5
2020-08-26,US,Maine,Franklin,48,1,0,44.97330019,-70.44381045,23007.0,158.94566045233285,2.083333333333333,47,48,1,0,47,48,29897,0,0,0,0,0
2020-08-26,US,Maine,Hancock,46,1,0,44.59816444,-68.38401854,23009.0,83.65613690508665,2.1739130434782608,45,46,1,0,45,46,54811,0,0,0,0,0
2020-08-26,US,Maine,Kennebec,183,11,0,44.40759555,-69.76738544,23011.0,149.62960540301873,6.0109289617486334,172,182,11,0,171,181,122083,1,0,0,1,1
2020-08-26,US,Maine,Knox,29,1,0,44.11486325,-69.10529169,23013.0,72.91561902846225,3.4482758620689653,28,29,1,0,28,29,39771,0,0,0,0,0
2020-08-26,US,Maine,Lincoln,35,1,0,44.05996956,-69.54227124,23015.0,101.05676502858464,2.8571428571428568,34,35,1,0,34,35,34342,0,0,0,0,0
2020-08-26,US,Maine,Oxford,59,0,0,44.49952995,-70.75682123,23017.0,101.76800344976284,0.0,59,59,0,0,59,59,57618,0,0,0,0,0
2020-08-26,US,Maine,Penobscot,221,6,0,45.40194593,-68.65020455,23019.0,145.25330599153455,2.7149321266968327,215,220,6,0,214,220,151096,1,0,0,1,0
2020-08-26,US,Maine,Piscataquis,8,0,0,45.83839062,-69.2860223,23021.0,47.66160262138814,0.0,8,7,0,0,7,7,16800,1,0,0,1,0
2020-08-26,US,Maine,Sagadahoc,59,0,0,43.95415864,-69.85074999,23023.0,164.54707719767958,0.0,59,59,0,0,59,59,35634,0,0,0,0,0
2020-08-26,US,Maine,Somerset,47,1,0,45.51229767,-69.95995554,23025.0,93.0988035813327,2.127659574468085,46,46,1,0,45,46,50592,1,0,0,1,0
2020-08-26,US,Maine,Unassigned,1,0,0,0.0,0.0,90023.0,0.0,0.0,1,1,0,0,1,1,,0,0,0,0,0
2020-08-26,US,Maine,Waldo,69,14,0,44.4858305,-69.12061935,23027.0,173.73788241218682,20.28985507246377,55,69,14,0,55,69,39694,0,0,0,0,0
2020-08-26,US,Maine,Washington,15,0,0,45.01607142,-67.62813524,23029.0,47.802670575862855,0.0,15,15,0,0,15,15,31490,0,0,0,0,0
2020-08-26,US,Maine,York,768,15,0,43.47808377,-70.71052375,23031.0,369.8691491564768,1.953125,753,756,14,0,742,750,206229,12,1,0,11,6
2020-08-26,US,Maryland,Allegany,388,20,0,39.62357628,-78.69280486,24001.0,551.0111338332197,5.154639175257731,368,387,20,0,367,381,70975,1,0,0,1,6
2020-08-26,US,Maryland,Anne Arundel,8091,232,0,39.00670238,-76.60329337,24003.0,1396.8447984752274,2.867383512544803,7859,8037,232,0,7805,8011,576031,54,0,0,54,26
2020-08-26,US,Maryland,Baltimore,14912,596,0,39.45784712,-76.62911955,24005.0,1802.3375273456852,3.996781115879828,14316,14823,592,0,14231,14788,828431,89,4,0,85,35
2020-08-26,US,Maryland,Baltimore City,14172,454,0,39.30211911,-76.61151012,24510.0,2387.9088105949554,3.203499858876658,13718,14110,451,0,13659,14072,621342,62,3,0,59,38
2020-08-26,US,Maryland,Calvert,768,28,0,38.53961642,-76.56820632,24009.0,830.045933531478,3.6458333333333335,740,766,28,0,738,764,92003,2,0,0,2,2
2020-08-26,US,Maryland,Caroline,481,3,0,38.87172293,-75.82904158,24011.0,1439.8611027959053,0.6237006237006237,478,480,3,0,477,479,33304,1,0,0,1,1
2020-08-26,US,Maryland,Carroll,1660,121,0,39.56453592,-77.02373735,24013.0,985.4731755388935,7.289156626506023,1539,1655,120,0,1535,1651,168429,5,1,0,4,4
2020-08-26,US,Maryland,Cecil,766,32,0,39.56647682,-75.94627411,24015.0,744.7377375917554,4.1775456919060066,734,766,31,0,735,765,102826,0,1,0,-1,1
2020-08-26,US,Maryland,Charles,2319,93,0,38.51092331,-76.98580666,24017.0,1420.4597658905896,4.010349288486417,2226,2306,93,0,2213,2278,161503,13,0,0,13,28
2020-08-26,US,Maryland,Dorchester,430,5,0,38.45413522,-76.02752426,24019.0,1346.7380751041376,1.162790697674419,425,430,5,0,425,430,31998,0,0,0,0,0
2020-08-26,US,Maryland,Frederick,3404,123,0,39.47296601,-77.39999394,24021.0,1311.5158333558086,3.613396004700352,3281,3376,123,0,3253,3371,255648,28,0,0,28,5
2020-08-26,US,Maryland,Garrett,63,0,0,39.52786077,-79.27355126,24023.0,217.1365547666644,0.0,63,63,0,0,63,61,29163,0,0,0,0,2
2020-08-26,US,Maryland,Harford,2357,69,0,39.55010644,-76.30775940000002,24025.0,922.7179661839721,2.9274501484938478,2288,2344,69,0,2275,2337,253956,13,0,0,13,7
2020-08-26,US,Maryland,Howard,4282,117,0,39.25305293,-76.93126208,24027.0,1314.7471521999448,2.732368052312004,4165,4266,117,0,4149,4249,323196,16,0,0,16,17
2020-08-26,US,Maryland,Kent,256,23,0,39.24976208,-76.04741541,24029.0,1318.0928843579445,8.984375,233,255,23,0,232,254,19383,1,0,0,1,1
2020-08-26,US,Maryland,Montgomery,19646,816,0,39.13676329,-77.20358245,24031.0,1869.8224401534994,4.153517255420951,18830,19599,815,0,18784,19540,1052567,47,1,0,46,59
2020-08-26,US,Maryland,Prince George's,25705,783,0,38.83070039,-76.8496441,24033.0,2826.8158759170237,3.046099980548532,24922,25648,780,0,24868,25537,909308,57,3,0,54,111
2020-08-26,US,Maryland,Queen Anne's,524,26,0,39.06198912,-76.03530977,24035.0,1040.074631309422,4.961832061068702,498,523,26,0,497,517,50251,1,0,0,1,6
2020-08-26,US,Maryland,Somerset,183,3,0,38.1163542,-75.75118623,24039.0,714.3972517176767,1.639344262295082,180,181,3,0,178,176,25675,2,0,0,2,5
2020-08-26,US,Maryland,St. Mary's,1089,54,0,38.30058422,-76.60629279999998,24037.0,959.3868381640384,4.958677685950414,1035,1086,54,0,1032,1084,112664,3,0,0,3,2
2020-08-26,US,Maryland,Talbot,459,4,0,38.76618159,-76.10882561,24041.0,1234.5014926978834,0.8714596949891068,455,458,4,0,454,452,36968,1,0,0,1,6
2020-08-26,US,Maryland,Unassigned,0,13,0,0.0,0.0,90024.0,0.0,0.0,-13,0,16,0,-16,0,,0,-3,0,3,0
2020-08-26,US,Maryland,Washington,1258,32,0,39.60835778,-77.82002295,24043.0,832.8423226899879,2.5437201907790143,1226,1241,32,0,1209,1237,150926,17,0,0,17,4
2020-08-26,US,Maryland,Wicomico,1488,47,0,38.37301947,-75.62705831,24045.0,1436.1686726056616,3.1586021505376345,1441,1480,47,0,1433,1473,103195,8,0,0,8,7
2020-08-26,US,Maryland,Worcester,785,23,0,38.21274277,-75.33200012,24047.0,1501.6451143928382,2.929936305732484,762,766,23,0,743,762,51823,19,0,0,19,4
2020-08-26,US,Massachusetts,Barnstable,1594,165,0,41.72980578,-70.28854339,25001.0,748.3919432837222,10.351317440401504,1429,1591,164,0,1427,1585,213413,3,1,0,2,6
2020-08-26,US,Massachusetts,Berkshire,648,46,0,42.37428441,-73.20524838,25003.0,518.6323472915866,7.098765432098767,602,645,46,0,599,641,126348,3,0,0,3,4
2020-08-26,US,Massachusetts,Bristol,8993,653,0,41.79228404,-71.10872211,25005.0,1591.0703322794614,7.261203158011787,8340,8972,652,0,8320,8954,564022,21,1,0,20,18
2020-08-26,US,Massachusetts,Dukes and Nantucket,92,1,0,41.40674725,-70.68763497,0.0,320.2116181128398,1.0869565217391304,91,92,1,0,91,87,26707,0,0,0,0,5
2020-08-26,US,Massachusetts,Essex,17772,1226,0,42.6687626,-70.94687179,25009.0,2252.3744223949802,6.898492009903219,16546,17707,1222,0,16485,17654,790638,65,4,0,61,53
2020-08-26,US,Massachusetts,Franklin,385,63,0,42.58119713,-72.58602547,25011.0,548.5893416927902,16.363636363636363,322,382,61,0,321,381,70963,3,2,0,1,1
2020-08-26,US,Massachusetts,Hampden,7569,744,0,42.13440424,-72.63235561,25013.0,1622.9533505442007,9.829567974633372,6825,7555,739,0,6816,7538,470406,14,5,0,9,17
2020-08-26,US,Massachusetts,Hampshire,1139,136,0,42.33997957,-72.65898478,25015.0,708.2012062426164,11.940298507462687,1003,1135,135,0,1000,1130,161355,4,1,0,3,5
2020-08-26,US,Massachusetts,Middlesex,24938,2058,0,42.48607732,-71.39049229,25017.0,1547.311253528109,8.252466115967598,22880,24890,2054,0,22836,24800,1614714,48,4,0,44,90
2020-08-26,US,Massachusetts,Norfolk,9419,1008,0,42.16073095,-71.20530408,25021.0,1332.6730571964204,10.701773011997027,8411,9406,1006,0,8400,9382,705388,13,2,0,11,24
2020-08-26,US,Massachusetts,Plymouth,8989,738,0,41.94070556,-70.80802823,25023.0,1724.6672115609686,8.210034486594727,8251,8975,737,0,8238,8955,518132,14,1,0,13,20
2020-08-26,US,Massachusetts,Suffolk,21946,1101,0,42.327951399999996,-71.07850442,25025.0,2729.917764119481,5.0168595643853084,20845,21855,1097,0,20758,21786,807252,91,4,0,87,69
2020-08-26,US,Massachusetts,Unassigned,9980,5,0,0.0,0.0,90025.0,0.0,0.050100200400801605,9975,9958,5,0,9953,9899,,22,0,0,22,59
2020-08-26,US,Massachusetts,Worcester,13292,1043,0,42.35026951,-71.90493363,25027.0,1600.2465622148225,7.846825157989768,12249,13257,1042,0,12215,13230,830839,35,1,0,34,27
2020-08-26,US,Michigan,Alcona,31,2,0,44.6846864,-83.59507875,26001.0,297.93368572801535,6.451612903225807,29,31,2,0,29,30,10362,0,0,0,0,1
2020-08-26,US,Michigan,Alger,17,0,0,46.41292944,-86.60260122,26003.0,186.649099692578,0.0,17,17,0,0,17,17,9097,0,0,0,0,0
2020-08-26,US,Michigan,Allegan,613,6,0,42.59147037,-85.89102866,26005.0,519.135169925729,0.9787928221859706,607,606,6,0,600,600,117327,7,0,0,7,6
2020-08-26,US,Michigan,Alpena,132,14,0,45.03477666,-83.62212411,26007.0,464.70691779616266,10.606060606060606,118,132,14,0,118,131,28360,0,0,0,0,1
2020-08-26,US,Michigan,Antrim,54,0,0,44.99690221,-85.15503082,26009.0,231.52117990053156,0.0,54,53,0,0,53,52,23365,1,0,0,1,1
2020-08-26,US,Michigan,Arenac,52,3,0,44.0636262,-83.89277559,26011.0,349.3919236713028,5.769230769230768,49,51,3,0,48,51,15041,1,0,0,1,0
2020-08-26,US,Michigan,Baraga,8,0,0,46.6720582,-88.36363591,26013.0,97.45401388719698,0.0,8,8,0,0,8,8,8320,0,0,0,0,0
2020-08-26,US,Michigan,Barry,209,2,0,42.59513984,-85.30834519,26015.0,339.56133225020307,0.9569377990430622,207,208,2,0,206,204,61157,1,0,0,1,4
2020-08-26,US,Michigan,Bay,790,40,0,43.70639106,-83.98731479,26017.0,766.053177666156,5.063291139240507,750,786,40,0,746,780,103923,4,0,0,4,6
2020-08-26,US,Michigan,Benzie,41,2,0,44.63899297,-86.01608482,26019.0,230.77789035235844,4.878048780487805,39,41,2,0,39,42,17753,0,0,0,0,-1
2020-08-26,US,Michigan,Berrien,1565,69,0,41.95447397,-86.41313079999998,26021.0,1020.201954354926,4.4089456869009584,1496,1555,69,0,1486,1549,154141,10,0,0,10,6
2020-08-26,US,Michigan,Branch,425,3,0,41.91600556,-85.05929476,26023.0,976.6298228278604,0.7058823529411765,422,408,3,0,405,406,43622,17,0,0,17,2
2020-08-26,US,Michigan,Calhoun,909,44,0,42.24633834,-85.00493569,26025.0,677.5542453357583,4.840484048404839,865,897,44,0,853,886,134487,12,0,0,12,11
2020-08-26,US,Michigan,Cass,395,15,0,41.91522292,-85.99405727,26027.0,762.7396837044046,3.79746835443038,380,393,15,0,378,387,51653,2,0,0,2,6
2020-08-26,US,Michigan,Charlevoix,69,2,0,45.37790017,-85.19614053,26029.0,263.9329839727652,2.898550724637681,67,67,2,0,65,66,26244,2,0,0,2,1
2020-08-26,US,Michigan,Cheboygan,67,2,0,45.44787015,-84.50122149,26031.0,265.0735875929736,2.985074626865672,65,65,2,0,63,65,25413,2,0,0,2,0
2020-08-26,US,Michigan,Chippewa,51,0,0,46.29552653,-84.54353449,26033.0,136.54984069185252,0.0,51,51,0,0,51,48,37517,0,0,0,0,3
2020-08-26,US,Michigan,Clare,98,3,0,43.98794227,-84.84819859999998,26035.0,316.6397415185784,3.0612244897959178,95,97,3,0,94,94,30757,1,0,0,1,3
2020-08-26,US,Michigan,Clinton,466,13,0,42.94400871,-84.60145248,26037.0,585.463911049689,2.7896995708154506,453,461,13,0,448,456,79332,5,0,0,5,5
2020-08-26,US,Michigan,Crawford,113,5,0,44.68255561,-84.61006219,26039.0,805.4743745099437,4.424778761061948,108,113,5,0,108,113,13901,0,0,0,0,0
2020-08-26,US,Michigan,Delta,137,3,0,45.90484910000001,-86.9080745,26041.0,382.85267158506593,2.18978102189781,134,134,3,0,131,133,35857,3,0,0,3,1
2020-08-26,US,Michigan,Dickinson,63,2,0,46.00999672,-87.86961634,26043.0,249.6136930940212,3.1746031746031744,61,61,2,0,59,61,25383,2,0,0,2,0
2020-08-26,US,Michigan,Eaton,499,8,0,42.59599185,-84.83740035,26045.0,452.53382667682365,1.6032064128256514,491,497,8,0,489,492,109826,2,0,0,2,5
2020-08-26,US,Michigan,Emmet,108,2,0,45.52625509,-84.89083249,26047.0,323.2081400568607,1.851851851851852,106,107,2,0,105,105,33308,1,0,0,1,2
2020-08-26,US,Michigan,Federal Correctional Institution (FCI),195,5,0,0.0,0.0,0.0,0.0,2.5641025641025643,190,195,5,0,190,195,,0,0,0,0,0
2020-08-26,US,Michigan,Genesee,3914,303,0,43.02244215,-83.70589709,26049.0,964.4836414801892,7.741440981093509,3611,3888,303,0,3585,3869,406892,26,0,0,26,19
2020-08-26,US,Michigan,Gladwin,75,2,0,43.98901072,-84.38774817,26051.0,294.7070611811858,2.6666666666666665,73,75,2,0,73,74,25337,0,0,0,0,1
2020-08-26,US,Michigan,Gogebic,142,1,0,46.40862701,-89.69377193,26053.0,1016.1001788908766,0.7042253521126759,141,142,1,0,141,143,15096,0,0,0,0,-1
2020-08-26,US,Michigan,Grand Traverse,306,6,0,44.69565625,-85.55585247,26055.0,328.7212100378137,1.96078431372549,300,292,5,0,287,283,92573,14,1,0,13,9
2020-08-26,US,Michigan,Gratiot,183,15,0,43.29265605,-84.60505416,26057.0,449.50996045294886,8.196721311475411,168,181,15,0,166,177,40599,2,0,0,2,4
2020-08-26,US,Michigan,Hillsdale,298,26,0,41.88753639,-84.59312019,26059.0,653.4371231224646,8.724832214765101,272,297,26,0,271,294,45749,1,0,0,1,3
2020-08-26,US,Michigan,Houghton,61,0,0,46.89988536,-88.68495385,26061.0,170.94496132720548,0.0,61,61,0,0,61,59,36219,0,0,0,0,2
2020-08-26,US,Michigan,Huron,196,4,0,43.83353985,-83.04078453,26063.0,632.645815177044,2.0408163265306123,192,194,4,0,190,194,31166,2,0,0,2,0
2020-08-26,US,Michigan,Ingham,1742,38,0,42.59716886,-84.37472069,26065.0,595.7470092952949,2.1814006888633752,1704,1714,37,0,1677,1705,292735,28,1,0,27,9
2020-08-26,US,Michigan,Ionia,290,7,0,42.94502238,-85.07413319,26067.0,448.2433497689228,2.413793103448276,283,288,7,0,281,287,64210,2,0,0,2,1
2020-08-26,US,Michigan,Iosco,141,12,0,44.35486835,-83.63484895,26069.0,561.149361244876,8.51063829787234,129,141,12,0,129,140,25081,0,0,0,0,1
2020-08-26,US,Michigan,Iron,27,1,0,46.20974132,-88.53136251,26071.0,243.99060184348454,3.703703703703704,26,26,1,0,25,25,11117,1,0,0,1,1
2020-08-26,US,Michigan,Isabella,379,9,0,43.64060976,-84.84664923,26073.0,542.4204259216854,2.3746701846965697,370,354,9,0,345,337,70562,25,0,0,25,17
2020-08-26,US,Michigan,Jackson,787,38,0,42.24807035,-84.42258681,26075.0,496.49864361869913,4.828462515883102,749,782,38,0,744,773,158823,5,0,0,5,9
2020-08-26,US,Michigan,Kalamazoo,1864,87,0,42.24542231,-85.53038622,26077.0,703.2210845600719,4.667381974248927,1777,1857,86,0,1771,1844,264870,7,1,0,6,13
2020-08-26,US,Michigan,Kalkaska,62,4,0,44.68512729,-85.09085699,26079.0,343.7188158332409,6.451612903225807,58,61,4,0,57,61,17824,1,0,0,1,0
2020-08-26,US,Michigan,Kent,8229,162,0,43.03197711,-85.54934642,26081.0,1252.5972098545562,1.9686474662777982,8067,8165,162,0,8003,8113,653786,64,0,0,64,52
2020-08-26,US,Michigan,Keweenaw,2,0,0,47.63197653,-88.41434263,26083.0,94.5179584120983,0.0,2,2,0,0,2,3,2113,0,0,0,0,-1
2020-08-26,US,Michigan,Lake,29,0,0,43.99050893,-85.802173,26085.0,244.6637981945499,0.0,29,29,0,0,29,29,11881,0,0,0,0,0
2020-08-26,US,Michigan,Lapeer,523,35,0,43.09052506,-83.22153148,26087.0,596.9842592486901,6.692160611854685,488,521,35,0,486,521,88028,2,0,0,2,0
2020-08-26,US,Michigan,Leelanau,84,1,0,44.94430054,-85.80150326,26089.0,386.0116722577088,1.1904761904761905,83,84,1,0,83,84,21764,0,0,0,0,0
2020-08-26,US,Michigan,Lenawee,520,13,0,41.89475156,-84.06603727,26091.0,528.1815319295894,2.5,507,513,13,0,500,506,98266,7,0,0,7,7
2020-08-26,US,Michigan,Livingston,1046,29,0,42.60302282,-83.91297209,26093.0,544.8058543191229,2.7724665391969405,1017,1036,29,0,1007,1021,191224,10,0,0,10,15
2020-08-26,US,Michigan,Luce,4,0,0,46.47227431,-85.54471223,26095.0,64.21576497030021,0.0,4,4,0,0,4,4,6283,0,0,0,0,0
2020-08-26,US,Michigan,Mackinac,32,0,0,46.07028979,-85.04980537,26097.0,296.3237336790444,0.0,32,32,0,0,32,33,10787,0,0,0,0,-1
2020-08-26,US,Michigan,Macomb,12360,962,0,42.69158356,-82.92752801,26099.0,1414.2329502546993,7.783171521035599,11398,12255,961,0,11294,12154,874759,105,1,0,104,101
2020-08-26,US,Michigan,Manistee,50,1,0,44.33352407,-86.05626916,26101.0,203.5996416646307,2.0,49,47,1,0,46,46,24528,3,0,0,3,1
2020-08-26,US,Michigan,Marquette,238,11,0,46.4338914,-87.64043701,26103.0,356.8269389346167,4.621848739495798,227,233,11,0,222,233,66516,5,0,0,5,0
2020-08-26,US,Michigan,Mason,115,0,0,43.99509218,-86.24988902,26105.0,394.59236892670873,0.0,115,114,0,0,114,113,29100,1,0,0,1,1
2020-08-26,US,Michigan,Mecosta,82,2,0,43.64064262,-85.32463223,26107.0,188.7096403010149,2.4390243902439024,80,82,2,0,80,80,43545,0,0,0,0,2
2020-08-26,US,Michigan,Menominee,233,0,0,45.58038692,-87.55370409,26109.0,1022.8270412642668,0.0,233,233,0,0,233,229,22983,0,0,0,0,4
2020-08-26,US,Michigan,Michigan Department of Corrections (MDOC),5164,70,0,0.0,0.0,0.0,0.0,1.3555383423702556,5094,5163,70,0,5093,4963,,1,0,0,1,200
2020-08-26,US,Michigan,Midland,398,11,0,43.64330771,-84.38804374,26111.0,478.6185001683583,2.7638190954773867,387,389,11,0,378,385,83209,9,0,0,9,4
2020-08-26,US,Michigan,Missaukee,43,1,0,44.33772443,-85.09256478,26113.0,284.4291572959386,2.3255813953488373,42,43,1,0,42,43,15113,0,0,0,0,0
2020-08-26,US,Michigan,Monroe,1242,26,0,41.92734151,-83.53749864,26115.0,825.2491694352159,2.0933977455716586,1216,1230,26,0,1204,1198,150439,12,0,0,12,32
2020-08-26,US,Michigan,Montcalm,215,3,0,43.31082541,-85.15252824,26117.0,336.5264212371651,1.3953488372093024,212,214,3,0,211,211,63968,1,0,0,1,3
2020-08-26,US,Michigan,Montmorency,12,0,0,45.0275929,-84.12696227,26119.0,128.6449399656947,0.0,12,12,0,0,12,12,9265,0,0,0,0,0
2020-08-26,US,Michigan,Muskegon,1305,64,0,43.29123859,-86.15176712,26121.0,751.8753672954381,4.904214559386973,1241,1295,64,0,1231,1289,173588,10,0,0,10,6
2020-08-26,US,Michigan,Newaygo,288,0,0,43.554373999999996,-85.80070107,26123.0,587.995100040833,0.0,288,286,0,0,286,284,48892,2,0,0,2,2
2020-08-26,US,Michigan,Oakland,17579,1156,0,42.66090111,-83.38595416,26125.0,1397.8390310309292,6.576028215484384,16423,17459,1155,0,16304,17358,1259201,120,1,0,119,101
2020-08-26,US,Michigan,Oceana,499,6,0,43.64124435,-86.26726673,26127.0,1885.3666830392565,1.2024048096192386,493,497,6,0,491,496,26625,2,0,0,2,1
2020-08-26,US,Michigan,Ogemaw,56,3,0,44.33481032,-84.12725175,26129.0,266.7047673477163,5.357142857142857,53,55,3,0,52,55,20952,1,0,0,1,0
2020-08-26,US,Michigan,Ontonagon,34,0,0,46.665226200000006,-89.31390481,26131.0,594.4055944055945,0.0,34,33,0,0,33,33,5795,1,0,0,1,0
2020-08-26,US,Michigan,Osceola,74,0,0,43.98992088,-85.32566756,26133.0,315.4305200341006,0.0,74,74,0,0,74,74,23341,0,0,0,0,0
2020-08-26,US,Michigan,Oscoda,29,1,0,44.68192279,-84.12939244,26135.0,351.8990413784735,3.4482758620689653,28,29,1,0,28,29,8276,0,0,0,0,0
2020-08-26,US,Michigan,Otsego,143,11,0,45.02085831,-84.59898295,26137.0,579.6983946813685,7.6923076923076925,132,140,11,0,129,138,24665,3,0,0,3,2
2020-08-26,US,Michigan,Ottawa,2026,63,0,42.95996803,-85.9969107,26139.0,694.2397971421718,3.1095755182625866,1963,2008,63,0,1945,2002,290494,18,0,0,18,6
2020-08-26,US,Michigan,Out of MI,93,0,0,0.0,0.0,80026.0,0.0,0.0,93,111,0,0,111,106,,-18,0,0,-18,5
2020-08-26,US,Michigan,Presque Isle,21,1,0,45.34018577,-83.91498656,26141.0,166.77255400254128,4.761904761904762,20,21,1,0,20,21,12738,0,0,0,0,0
2020-08-26,US,Michigan,Roscommon,73,4,0,44.33473082,-84.61067651,26143.0,303.9260585369916,5.479452054794519,69,72,4,0,68,71,23884,1,0,0,1,1
2020-08-26,US,Michigan,Saginaw,2429,130,0,43.33433923,-84.05131209999998,26145.0,1274.8046331722114,5.3519967064635665,2299,2407,130,0,2277,2387,190800,22,0,0,22,20
2020-08-26,US,Michigan,Sanilac,121,7,0,43.42406072,-82.82055898,26151.0,293.90332766577615,5.785123966942148,114,118,7,0,111,117,41182,3,0,0,3,1
2020-08-26,US,Michigan,Schoolcraft,15,0,0,46.19235734,-86.19972234,26153.0,185.32246108228318,0.0,15,15,0,0,15,15,8068,0,0,0,0,0
2020-08-26,US,Michigan,Shiawassee,402,29,0,42.95392800000001,-84.14585902,26155.0,590.1177299550807,7.213930348258708,373,400,29,0,371,387,68192,2,0,0,2,13
2020-08-26,US,Michigan,St. Clair,895,53,0,42.92655373,-82.67937954,26147.0,562.4402996329999,5.921787709497208,842,885,53,0,832,883,159337,10,0,0,10,2
2020-08-26,US,Michigan,St. Joseph,669,11,0,41.91441767,-85.52797979,26149.0,1097.3689390459945,1.6442451420029895,658,670,11,0,659,667,61043,-1,0,0,-1,3
2020-08-26,US,Michigan,Tuscola,431,29,0,43.46606813,-83.41897025,26157.0,824.9593262513159,6.728538283062644,402,427,29,0,398,422,52516,4,0,0,4,5
2020-08-26,US,Michigan,Unassigned,6,0,0,0.0,0.0,90026.0,0.0,0.0,6,15,0,0,15,15,,-9,0,0,-9,0
2020-08-26,US,Michigan,Van Buren,586,14,0,42.25190229,-86.01939087,26159.0,774.3435918442856,2.389078498293516,572,582,14,0,568,579,75448,4,0,0,4,3
2020-08-26,US,Michigan,Washtenaw,2825,115,0,42.253105,-83.83853204,26161.0,768.4962772136093,4.070796460176991,2710,2826,115,0,2711,2787,370963,-1,0,0,-1,39
2020-08-26,US,Michigan,Wayne,30595,2864,0,42.28098405,-83.281255,26163.0,1748.9423172013721,9.361006700441248,27731,30333,2863,0,27470,30166,1753893,262,1,0,261,167
2020-08-26,US,Michigan,Wexford,91,4,0,44.33853602,-85.57712739,26165.0,270.5836876691148,4.395604395604397,87,91,4,0,87,88,33466,0,0,0,0,3
2020-08-26,US,Minnesota,Aitkin,46,1,0,46.60962049,-93.41168259999999,27001.0,289.56313735364466,2.1739130434782608,45,45,1,0,44,45,15902,1,0,0,1,0
2020-08-26,US,Minnesota,Anoka,4447,119,0,45.27476015,-93.24604565,27003.0,1245.9339741847634,2.6759613222397123,4328,4412,118,0,4294,4386,353813,35,1,0,34,26
2020-08-26,US,Minnesota,Becker,181,2,0,46.93479392,-95.67158144,27005.0,525.8112308630857,1.1049723756906078,179,181,2,0,179,178,34371,0,0,0,0,3
2020-08-26,US,Minnesota,Beltrami,305,1,0,47.97373527,-94.93732139,27007.0,646.3507671441891,0.3278688524590164,304,301,1,0,300,296,46847,4,0,0,4,5
2020-08-26,US,Minnesota,Benton,362,3,0,45.69804958,-93.99514135,27009.0,885.323681185649,0.8287292817679558,359,361,3,0,358,354,40545,1,0,0,1,7
2020-08-26,US,Minnesota,Big Stone,32,0,0,45.42712824,-96.41403739,27011.0,641.1540773392106,0.0,32,31,0,0,31,31,4989,1,0,0,1,0
2020-08-26,US,Minnesota,Blue Earth,1095,5,0,44.03554215,-94.06699781,27013.0,1618.5535009533944,0.45662100456620996,1090,1071,5,0,1066,1057,67427,24,0,0,24,14
2020-08-26,US,Minnesota,Brown,113,2,0,44.24205652,-94.72562874,27015.0,451.8554062699936,1.7699115044247788,111,110,2,0,108,110,25111,3,0,0,3,0
2020-08-26,US,Minnesota,Carlton,179,1,0,46.59180601,-92.67601019,27017.0,499.01034261659834,0.5586592178770949,178,177,1,0,176,171,35837,2,0,0,2,6
2020-08-26,US,Minnesota,Carver,1057,4,0,44.82017001,-93.80099179999999,27019.0,1005.8141194606476,0.3784295175023652,1053,1046,4,0,1042,1040,103551,11,0,0,11,6
2020-08-26,US,Minnesota,Cass,98,3,0,46.95043611,-94.32603968,27021.0,329.09097014674774,3.0612244897959178,95,93,3,0,90,92,29519,5,0,0,5,1
2020-08-26,US,Minnesota,Chippewa,129,1,0,45.02343421,-95.56403693,27023.0,1093.2203389830506,0.7751937984496124,128,129,1,0,128,129,11924,0,0,0,0,0
2020-08-26,US,Minnesota,Chisago,281,1,0,45.5021011,-92.90861945,27025.0,496.6507007900458,0.3558718861209965,280,278,1,0,277,277,55922,3,0,0,3,1
2020-08-26,US,Minnesota,Clay,836,40,0,46.89289518,-96.48761922,27027.0,1301.7346080782283,4.784688995215312,796,833,40,0,793,830,63955,3,0,0,3,3
2020-08-26,US,Minnesota,Clearwater,18,0,0,47.57992111,-95.37790562,27029.0,204.12792016330243,0.0,18,18,0,0,18,17,8810,0,0,0,0,1
2020-08-26,US,Minnesota,Cook,6,0,0,47.90504893,-90.52629546,27031.0,109.82976386600771,0.0,6,6,0,0,6,6,5393,0,0,0,0,0
2020-08-26,US,Minnesota,Cottonwood,195,0,0,44.00715262,-95.18138802,27033.0,1741.6934619506967,0.0,195,195,0,0,195,194,11277,0,0,0,0,1
2020-08-26,US,Minnesota,Crow Wing,290,16,0,46.48096553,-94.06755609,27035.0,445.7766505264777,5.517241379310344,274,290,16,0,274,290,64889,0,0,0,0,0
2020-08-26,US,Minnesota,Dakota,5427,110,0,44.67172617,-93.06299363,27037.0,1264.9730432776018,2.0269025244149623,5317,5375,110,0,5265,5337,425423,52,0,0,52,38
2020-08-26,US,Minnesota,Dodge,147,0,0,44.02238415,-92.86244324,27039.0,702.2069360848378,0.0,147,148,0,0,148,148,20822,-1,0,0,-1,0
2020-08-26,US,Minnesota,Douglas,148,1,0,45.93348491,-95.45335469,27041.0,388.0338743084869,0.6756756756756757,147,148,1,0,147,147,37964,0,0,0,0,1
2020-08-26,US,Minnesota,Faribault,109,0,0,43.67381499,-93.94787458,27043.0,798.3593349447008,0.0,109,107,0,0,107,108,13758,2,0,0,2,-1
2020-08-26,US,Minnesota,Fillmore,83,0,0,43.67394126,-92.08980382,27045.0,393.9811078938624,0.0,83,81,0,0,81,80,21058,2,0,0,2,1
2020-08-26,US,Minnesota,Freeborn,390,1,0,43.67385583,-93.34884422,27047.0,1287.9363297117004,0.2564102564102564,389,389,1,0,388,389,30444,1,0,0,1,0
2020-08-26,US,Minnesota,Goodhue,244,9,0,44.40849741,-92.72341949999999,27049.0,526.5429434613725,3.6885245901639343,235,243,9,0,234,241,46403,1,0,0,1,2
2020-08-26,US,Minnesota,Grant,55,4,0,45.93424769,-96.01139609,27051.0,920.9645010046886,7.272727272727272,51,55,4,0,51,55,6021,0,0,0,0,0
2020-08-26,US,Minnesota,Hennepin,22044,873,0,45.00761521,-93.47694895,27053.0,1741.4481890724203,3.960261295590637,21171,21934,868,0,21066,21846,1259428,110,5,0,105,88
2020-08-26,US,Minnesota,Houston,66,0,0,43.67129565,-91.49143057,27055.0,354.8387096774193,0.0,66,67,0,0,67,65,18578,-1,0,0,-1,2
2020-08-26,US,Minnesota,Hubbard,41,0,0,47.10778564,-94.91693868,27057.0,190.77753478200177,0.0,41,41,0,0,41,42,21332,0,0,0,0,-1
2020-08-26,US,Minnesota,Isanti,168,0,0,45.56181234,-93.29487636,27059.0,413.8338752586462,0.0,168,167,0,0,167,166,39966,1,0,0,1,1
2020-08-26,US,Minnesota,Itasca,173,12,0,47.51009045,-93.63092229,27061.0,383.3370263682695,6.9364161849710975,161,171,12,0,159,166,45108,2,0,0,2,5
2020-08-26,US,Minnesota,Jackson,91,0,0,43.67423373,-95.15398258,27063.0,924.2331911436116,0.0,91,91,0,0,91,91,9911,0,0,0,0,0
2020-08-26,US,Minnesota,Kanabec,63,4,0,45.9459309,-93.29275192,27065.0,385.6277162269696,6.349206349206349,59,62,4,0,58,62,16207,1,0,0,1,0
2020-08-26,US,Minnesota,Kandiyohi,780,1,0,45.1526059,-95.00586446,27067.0,1805.5973517905506,0.1282051282051282,779,779,1,0,778,779,42855,1,0,0,1,0
2020-08-26,US,Minnesota,Kittson,3,0,0,48.77754106,-96.78317184,27069.0,69.79990693345742,0.0,3,3,0,0,3,3,4248,0,0,0,0,0
2020-08-26,US,Minnesota,Koochiching,87,3,0,48.24539665,-93.78352843,27071.0,711.4236650584676,3.4482758620689653,84,85,3,0,82,85,12440,2,0,0,2,0
2020-08-26,US,Minnesota,Lac qui Parle,13,0,0,44.9973857,-96.17488219,27073.0,196.2856711460064,0.0,13,13,0,0,13,13,6658,0,0,0,0,0
2020-08-26,US,Minnesota,Lake,27,0,0,47.64270764,-91.44557998,27075.0,253.73555117000282,0.0,27,27,0,0,27,27,10658,0,0,0,0,0
2020-08-26,US,Minnesota,Lake of the Woods,7,0,0,48.77217001,-94.90274472,27077.0,187.16577540106945,0.0,7,7,0,0,7,7,3758,0,0,0,0,0
2020-08-26,US,Minnesota,Le Sueur,339,2,0,44.37136597,-93.72844721,27079.0,1173.538269809949,0.5899705014749262,337,330,2,0,328,326,28494,9,0,0,9,4
2020-08-26,US,Minnesota,Lincoln,63,0,0,44.41311883,-96.26688165,27081.0,1117.2193651356624,0.0,63,63,0,0,63,63,5673,0,0,0,0,0
2020-08-26,US,Minnesota,Lyon,451,3,0,44.41327865,-95.83806103,27083.0,1770.4325979430007,0.6651884700665188,448,447,3,0,444,445,25629,4,0,0,4,2
2020-08-26,US,Minnesota,Mahnomen,33,1,0,47.32557075,-95.80921485,27087.0,597.0689343224172,3.0303030303030303,32,33,1,0,32,32,5519,0,0,0,0,1
2020-08-26,US,Minnesota,Marshall,30,0,0,48.35825983,-96.37017407,27089.0,321.3367609254499,0.0,30,30,0,0,30,31,9390,0,0,0,0,-1
2020-08-26,US,Minnesota,Martin,222,6,0,43.67429718,-94.55099908,27091.0,1127.8768480414572,2.702702702702702,216,219,6,0,213,219,19785,3,0,0,3,0
2020-08-26,US,Minnesota,McLeod,344,1,0,44.82367677,-94.27287017,27085.0,958.4041456551416,0.2906976744186047,343,328,1,0,327,307,35873,16,0,0,16,21
2020-08-26,US,Minnesota,Meeker,97,2,0,45.12328869,-94.52839455,27093.0,417.7073464817845,2.061855670103093,95,96,2,0,94,94,23141,1,0,0,1,2
2020-08-26,US,Minnesota,Mille Lacs,89,3,0,45.93705297,-93.63236823,27095.0,338.6992426837158,3.3707865168539324,86,88,3,0,85,87,26139,1,0,0,1,1
2020-08-26,US,Minnesota,Morrison,110,1,0,46.01265363,-94.27341528,27097.0,329.4794225124304,0.9090909090909092,109,108,1,0,107,108,33169,2,0,0,2,0
2020-08-26,US,Minnesota,Mower,1162,3,0,43.67142874,-92.75234549,27099.0,2900.504218461385,0.2581755593803787,1159,1163,3,0,1160,1162,40011,-1,0,0,-1,1
2020-08-26,US,Minnesota,Murray,139,1,0,44.02216709,-95.76328482,27101.0,1696.3631925799366,0.7194244604316546,138,139,1,0,138,137,8276,0,0,0,0,2
2020-08-26,US,Minnesota,Nicollet,413,15,0,44.35291112,-94.24710352,27103.0,1204.9950399719905,3.6319612590799033,398,413,14,0,399,412,34220,0,1,0,-1,1
2020-08-26,US,Minnesota,Nobles,1833,13,0,43.67434621,-95.75329576,27105.0,8474.73299736465,0.7092198581560284,1820,1832,12,0,1820,1827,21924,1,1,0,0,5
2020-08-26,US,Minnesota,Norman,45,0,0,47.32628443,-96.45620947,27107.0,705.8823529411765,0.0,45,46,0,0,46,45,6475,-1,0,0,-1,1
2020-08-26,US,Minnesota,Olmsted,1947,24,0,44.00374114,-92.40209944,27109.0,1229.9975362144885,1.2326656394453004,1923,1928,24,0,1904,1919,156277,19,0,0,19,9
2020-08-26,US,Minnesota,Otter Tail,257,4,0,46.40846929,-95.70835255,27111.0,437.47659415109115,1.5564202334630348,253,252,4,0,248,245,58812,5,0,0,5,7
2020-08-26,US,Minnesota,Pennington,77,1,0,48.06642577,-96.0370814,27113.0,545.3644025780861,1.2987012987012987,76,77,1,0,76,76,14178,0,0,0,0,1
2020-08-26,US,Minnesota,Pine,142,0,0,46.12105238,-92.74070188,27115.0,480.0703201595728,0.0,142,140,0,0,140,139,29483,2,0,0,2,1
2020-08-26,US,Minnesota,Pipestone,175,9,0,44.02301619,-96.25841142,27117.0,1917.5980714442248,5.142857142857143,166,175,9,0,166,174,9047,0,0,0,0,1
2020-08-26,US,Minnesota,Polk,186,4,0,47.77372465,-96.40134647,27119.0,593.0366024741743,2.150537634408602,182,180,4,0,176,179,31529,6,0,0,6,1
2020-08-26,US,Minnesota,Pope,60,0,0,45.58606667,-95.44451209,27121.0,533.3807449551072,0.0,60,59,0,0,59,58,11097,1,0,0,1,1
2020-08-26,US,Minnesota,Ramsey,8783,291,0,45.01625271,-93.09872295,27123.0,1595.977620334314,3.313218717977912,8492,8720,287,0,8433,8678,550210,63,4,0,59,42
2020-08-26,US,Minnesota,Red Lake,28,0,0,47.87197525,-96.09561104,27125.0,690.5055487053021,0.0,28,28,0,0,28,28,3999,0,0,0,0,0
2020-08-26,US,Minnesota,Redwood,47,0,0,44.40555844,-95.25207021,27127.0,309.8220171390903,0.0,47,47,0,0,47,47,15249,0,0,0,0,0
2020-08-26,US,Minnesota,Renville,72,6,0,44.72836381,-94.94553734,27129.0,494.9133901567226,8.333333333333334,66,72,6,0,66,72,14612,0,0,0,0,0
2020-08-26,US,Minnesota,Rice,1151,8,0,44.3543376,-93.29658715,27131.0,1718.628680642657,0.6950477845351868,1143,1150,8,0,1142,1147,66523,1,0,0,1,3
2020-08-26,US,Minnesota,Rock,99,0,0,43.67482683,-96.25296832,27133.0,1062.8019323671497,0.0,99,99,0,0,99,99,9414,0,0,0,0,0
2020-08-26,US,Minnesota,Roseau,64,0,0,48.77501878,-95.81079919,27135.0,422.0243982855259,0.0,64,64,0,0,64,64,15150,0,0,0,0,0
2020-08-26,US,Minnesota,Scott,1892,29,0,44.6490231,-93.53340251,27139.0,1269.6878795809762,1.53276955602537,1863,1870,28,0,1842,1859,147381,22,1,0,21,11
2020-08-26,US,Minnesota,Sherburne,849,13,0,45.44447208,-93.77617511,27141.0,873.115448692898,1.5312131919905771,836,837,13,0,824,835,96036,12,0,0,12,2
2020-08-26,US,Minnesota,Sibley,123,2,0,44.5796592,-94.23164924,27143.0,827.44702320888,1.6260162601626016,121,119,2,0,117,116,15028,4,0,0,4,3
2020-08-26,US,Minnesota,St. Louis,790,23,0,47.604840700000004,-92.46879855,27137.0,396.845330788165,2.911392405063291,767,777,23,0,754,768,199754,13,0,0,13,9
2020-08-26,US,Minnesota,Stearns,3145,21,0,45.55192576,-94.61078221,27145.0,1952.5065963060688,0.6677265500794912,3124,3131,21,0,3110,3106,159256,14,0,0,14,25
2020-08-26,US,Minnesota,Steele,401,2,0,44.02240351,-93.22627088,27147.0,1094.1635515293733,0.4987531172069826,399,400,2,0,398,399,36803,1,0,0,1,1
2020-08-26,US,Minnesota,Stevens,27,0,0,45.58613007,-96.00163705,27149.0,275.36970933197347,0.0,27,27,0,0,27,28,9753,0,0,0,0,-1
2020-08-26,US,Minnesota,Swift,60,1,0,45.2829032,-95.68264092,27151.0,647.5285991797971,1.6666666666666667,59,60,1,0,59,60,9345,0,0,0,0,0
2020-08-26,US,Minnesota,Todd,444,2,0,46.06996226,-94.89785296,27153.0,1800.1946156341226,0.4504504504504505,442,443,2,0,441,443,24582,1,0,0,1,0
2020-08-26,US,Minnesota,Traverse,21,0,0,45.77298854,-96.47062949,27155.0,644.3694384780607,0.0,21,21,0,0,21,21,3308,0,0,0,0,0
2020-08-26,US,Minnesota,Unassigned,127,46,0,0.0,0.0,90027.0,0.0,36.22047244094488,81,124,46,0,78,127,,3,0,0,3,-3
2020-08-26,US,Minnesota,Wabasha,113,0,0,44.28424356,-92.23121312,27157.0,522.4950293614463,0.0,113,111,0,0,111,111,21645,2,0,0,2,0
2020-08-26,US,Minnesota,Wadena,44,0,0,46.58589171,-94.96968506,27159.0,321.590410758661,0.0,44,44,0,0,44,44,13773,0,0,0,0,0
2020-08-26,US,Minnesota,Waseca,226,2,0,44.02211116,-93.58720034,27161.0,1214.2703632065336,0.8849557522123894,224,223,2,0,221,219,18691,3,0,0,3,4
2020-08-26,US,Minnesota,Washington,2715,53,0,45.03864533,-92.88429635,27163.0,1034.5221764974851,1.9521178637200736,2662,2682,51,0,2631,2663,259201,33,2,0,31,19
2020-08-26,US,Minnesota,Watonwan,413,4,0,43.97823903,-94.61413846,27165.0,3790.033954299349,0.9685230024213076,409,405,4,0,401,404,10980,8,0,0,8,1
2020-08-26,US,Minnesota,Wilkin,45,3,0,46.35721532,-96.4684375,27167.0,724.9879168680523,6.666666666666668,42,45,3,0,42,45,6254,0,0,0,0,0
2020-08-26,US,Minnesota,Winona,315,17,0,43.98772283,-91.78081305,27169.0,623.9600665557405,5.396825396825397,298,310,17,0,293,302,50825,5,0,0,5,8
2020-08-26,US,Minnesota,Wright,1124,6,0,45.17297924,-93.96234781,27171.0,812.273716007718,0.5338078291814946,1118,1114,6,0,1108,1102,136349,10,0,0,10,12
2020-08-26,US,Minnesota,Yellow Medicine,68,1,0,44.71710183,-95.86842453,27173.0,700.3810897105777,1.4705882352941178,67,68,1,0,67,66,9795,0,0,0,0,2
2020-08-26,US,Mississippi,Adams,751,31,0,31.47669768,-91.35326037,28001.0,2446.8119766722048,4.1278295605858855,720,744,30,0,714,739,31192,7,1,0,6,5
2020-08-26,US,Mississippi,Alcorn,580,6,0,34.88084463,-88.57996173,28003.0,1569.5613346683624,1.0344827586206895,574,565,6,0,559,526,36925,15,0,0,15,39
2020-08-26,US,Mississippi,Amite,265,7,0,31.17467303,-90.80501621,28005.0,2154.997153777344,2.641509433962264,258,265,6,0,259,262,12326,0,1,0,-1,3
2020-08-26,US,Mississippi,Attala,576,25,0,33.08658803,-89.57838564,28007.0,3169.362826015187,4.340277777777779,551,571,25,0,546,571,18365,5,0,0,5,0
2020-08-26,US,Mississippi,Benton,191,1,0,34.81681228,-89.18945516,28009.0,2312.628647536021,0.5235602094240838,190,187,1,0,186,195,8271,4,0,0,4,-8
2020-08-26,US,Mississippi,Bolivar,1420,45,0,33.79696941,-90.87372121,28011.0,4636.280527621784,3.1690140845070425,1375,1380,42,0,1338,1351,31333,40,3,0,37,29
2020-08-26,US,Mississippi,Calhoun,460,10,0,33.93683395,-89.33686647,28013.0,3203.1195599192256,2.1739130434782608,450,456,10,0,446,451,14436,4,0,0,4,5
2020-08-26,US,Mississippi,Carroll,287,11,0,33.44834567,-89.91994479,28015.0,2885.2920478536244,3.8327526132404177,276,287,11,0,276,284,9911,0,0,0,0,3
2020-08-26,US,Mississippi,Chickasaw,564,20,0,33.91983202,-88.9481545,28017.0,3297.6670759515873,3.5460992907801416,544,560,20,0,540,562,17171,4,0,0,4,-2
2020-08-26,US,Mississippi,Choctaw,153,4,0,33.34598242,-89.24809382,28019.0,1863.5809987819728,2.6143790849673203,149,152,4,0,148,151,8278,1,0,0,1,1
2020-08-26,US,Mississippi,Claiborne,430,16,0,31.97061673,-90.90702196,28021.0,4784.156653315532,3.72093023255814,414,427,15,0,412,426,9002,3,1,0,2,1
2020-08-26,US,Mississippi,Clarke,421,28,0,32.04158545,-88.68896219999998,28023.0,2708.9633871694227,6.65083135391924,393,419,28,0,391,416,15604,2,0,0,2,3
2020-08-26,US,Mississippi,Clay,464,14,0,33.65358105,-88.77784255,28025.0,2402.1536550010355,3.0172413793103448,450,462,14,0,448,449,19386,2,0,0,2,13
2020-08-26,US,Mississippi,Coahoma,926,17,0,34.22772299,-90.60415045,28027.0,4185.499909600434,1.8358531317494602,909,923,16,0,907,910,22628,3,1,0,2,13
2020-08-26,US,Mississippi,Copiah,1048,31,0,31.86977774,-90.44565118,28029.0,3734.188491003029,2.9580152671755724,1017,1039,31,0,1008,1038,28543,9,0,0,9,1
2020-08-26,US,Mississippi,Covington,708,17,0,31.63225413,-89.55389939,28031.0,3799.098518995493,2.4011299435028253,691,703,17,0,686,702,18853,5,0,0,5,1
2020-08-26,US,Mississippi,DeSoto,4421,41,0,34.87625235,-89.99091418,28033.0,2390.440401200357,0.9273919927618186,4380,4365,41,0,4324,4320,182001,56,0,0,56,45
2020-08-26,US,Mississippi,Forrest,2063,62,0,31.18961454,-89.25832496,28035.0,2754.4494439029604,3.005332040717402,2001,2043,61,0,1982,2047,75036,20,1,0,19,-4
2020-08-26,US,Mississippi,Franklin,171,3,0,31.47786634,-90.89672989,28037.0,2217.0361726954493,1.7543859649122806,168,169,3,0,166,170,7788,2,0,0,2,-1
2020-08-26,US,Mississippi,George,673,12,0,30.86259065,-88.64436789,28039.0,2746.938775510204,1.7830609212481427,661,672,12,0,660,672,24250,1,0,0,1,0
2020-08-26,US,Mississippi,Greene,285,14,0,31.21444233,-88.63922281,28041.0,2097.7476814367733,4.912280701754386,271,284,14,0,270,282,13586,1,0,0,1,2
2020-08-26,US,Mississippi,Grenada,908,30,0,33.77036166,-89.80245083,28043.0,4374.217169284131,3.3039647577092515,878,903,30,0,873,902,21055,5,0,0,5,1
2020-08-26,US,Mississippi,Hancock,466,18,0,30.41830223,-89.48851033,28045.0,978.3338931810547,3.862660944206009,448,463,18,0,445,457,47334,3,0,0,3,6
2020-08-26,US,Mississippi,Harrison,3158,53,0,30.51359752,-89.12467576,28047.0,1517.685505574779,1.6782773907536417,3105,3100,48,0,3052,3061,206650,58,5,0,53,39
2020-08-26,US,Mississippi,Hinds,6357,137,0,32.2656285,-90.44435448,28049.0,2741.977225672878,2.15510460909234,6220,6317,135,0,6182,6292,237085,40,2,0,38,25
2020-08-26,US,Mississippi,Holmes,1038,52,0,33.12345854,-90.08923538,28051.0,6102.2927689594335,5.009633911368017,986,1019,52,0,967,1013,17622,19,0,0,19,6
2020-08-26,US,Mississippi,Humphreys,334,13,0,33.12825718,-90.52252707,28053.0,4141.8650793650795,3.8922155688622753,321,329,13,0,316,328,8257,5,0,0,5,1
2020-08-26,US,Mississippi,Issaquena,95,3,0,32.72531359,-90.97392828,28055.0,7159.005275056518,3.1578947368421053,92,95,2,0,93,94,1308,0,1,0,-1,1
2020-08-26,US,Mississippi,Itawamba,514,14,0,34.27993475,-88.3606733,28057.0,2197.5203078238565,2.723735408560312,500,495,14,0,481,483,23517,19,0,0,19,12
2020-08-26,US,Mississippi,Jackson,2879,59,0,30.54020656,-88.64184064,28059.0,2004.6373340203452,2.0493226814866268,2820,2830,57,0,2773,2775,143277,49,2,0,47,55
2020-08-26,US,Mississippi,Jasper,470,13,0,32.01922104,-89.11786866,28061.0,2868.8274430812426,2.765957446808511,457,465,12,0,453,462,16428,5,1,0,4,3
2020-08-26,US,Mississippi,Jefferson,213,8,0,31.73397872,-91.03764977,28063.0,3047.2103004291844,3.755868544600939,205,211,8,0,203,211,7106,2,0,0,2,0
2020-08-26,US,Mississippi,Jefferson Davis,291,8,0,31.56884708,-89.82670990000004,28065.0,2615.025161754134,2.7491408934707904,283,280,7,0,273,271,11234,11,1,0,10,9
2020-08-26,US,Mississippi,Jones,2114,69,0,31.62257767,-89.16896899999998,28067.0,3104.3496137918883,3.2639545884579,2045,2087,69,0,2018,2080,68461,27,0,0,27,7
2020-08-26,US,Mississippi,Kemper,264,15,0,32.75462946,-88.64105766,28069.0,2709.9158283719976,5.6818181818181825,249,263,14,0,249,260,10027,1,1,0,0,3
2020-08-26,US,Mississippi,Lafayette,1244,34,0,34.35687874,-89.48490961,28071.0,2302.893426387012,2.733118971061093,1210,1202,34,0,1168,1178,54793,42,0,0,42,24
2020-08-26,US,Mississippi,Lamar,1400,25,0,31.20572971,-89.5077704,28073.0,2210.188971157034,1.7857142857142858,1375,1387,25,0,1362,1360,62447,13,0,0,13,27
2020-08-26,US,Mississippi,Lauderdale,1688,103,0,32.40419769,-88.66229662,28075.0,2277.2344013490724,6.101895734597156,1585,1672,103,0,1569,1634,75317,16,0,0,16,38
2020-08-26,US,Mississippi,Lawrence,397,10,0,31.55147224,-90.10841127,28077.0,3154.2984268234545,2.5188916876574305,387,391,10,0,381,377,12455,6,0,0,6,14
2020-08-26,US,Mississippi,Leake,875,31,0,32.7536828,-89.52402044,28079.0,3840.0772404107774,3.5428571428571427,844,866,29,0,837,862,22763,9,2,0,7,4
2020-08-26,US,Mississippi,Lee,2066,49,0,34.291877500000005,-88.68149954,28081.0,2418.184371927525,2.3717328170377536,2017,2041,49,0,1992,2036,85202,25,0,0,25,5
2020-08-26,US,Mississippi,Leflore,1215,74,0,33.55545125,-90.29900733,28083.0,4311.109534116311,6.090534979423867,1141,1208,73,0,1135,1206,28919,7,1,0,6,2
2020-08-26,US,Mississippi,Lincoln,941,49,0,31.53288662,-90.45391915,28085.0,2755.2484408397504,5.20722635494155,892,937,49,0,888,926,34205,4,0,0,4,11
2020-08-26,US,Mississippi,Lowndes,1245,53,0,33.47386518,-88.44191529999998,28087.0,2124.7546719003326,4.257028112449799,1192,1237,52,0,1185,1227,58930,8,1,0,7,10
2020-08-26,US,Mississippi,Madison,2821,82,0,32.63389156,-90.03513564,28089.0,2654.509183980729,2.9067706487061327,2739,2802,81,0,2721,2792,105630,19,1,0,18,10
2020-08-26,US,Mississippi,Marion,766,25,0,31.23132643,-89.8209217,28091.0,3117.242501933016,3.2637075718015667,741,761,25,0,736,760,24715,5,0,0,5,1
2020-08-26,US,Mississippi,Marshall,907,11,0,34.76216286,-89.50299462,28093.0,2569.841899472998,1.2127894156560088,896,899,11,0,888,879,35451,8,0,0,8,20
2020-08-26,US,Mississippi,Monroe,996,56,0,33.89236763,-88.4808438,28095.0,2825.371610121412,5.622489959839356,940,984,56,0,928,974,35564,12,0,0,12,10
2020-08-26,US,Mississippi,Montgomery,402,15,0,33.49419589,-89.61729103,28097.0,4112.5319693094625,3.7313432835820897,387,396,14,0,382,390,10023,6,1,0,5,6
2020-08-26,US,Mississippi,Neshoba,1410,99,0,32.75339664,-89.11726492,28099.0,4842.365547084278,7.0212765957446805,1311,1404,99,0,1305,1403,29125,6,0,0,6,1
2020-08-26,US,Mississippi,Newton,641,13,0,32.40021118,-89.11843336,28101.0,3049.7668664953853,2.0280811232449296,628,634,13,0,621,627,21443,7,0,0,7,7
2020-08-26,US,Mississippi,Noxubee,514,14,0,33.11009499,-88.56949061,28103.0,4934.242104252664,2.723735408560312,500,514,14,0,500,510,10535,0,0,0,0,4
2020-08-26,US,Mississippi,Oktibbeha,1346,46,0,33.42491685,-88.87905132,28105.0,2714.4211184383003,3.4175334323922733,1300,1319,46,0,1273,1304,49599,27,0,0,27,15
2020-08-26,US,Mississippi,Panola,1263,23,0,34.36398677,-89.95064249,28107.0,3693.846513804399,1.8210609659540773,1240,1257,21,0,1236,1248,34178,6,2,0,4,9
2020-08-26,US,Mississippi,Pearl River,718,48,0,30.77090935,-89.58677275,28109.0,1292.878364995048,6.685236768802228,670,708,46,0,662,697,55387,10,2,0,8,11
2020-08-26,US,Mississippi,Perry,289,9,0,31.17161885,-88.99281835,28111.0,2413.764303015117,3.1141868512110733,280,285,9,0,276,284,11931,4,0,0,4,1
2020-08-26,US,Mississippi,Pike,1101,43,0,31.17507789,-90.40392572,28113.0,2802.382406841784,3.905540417801998,1058,1092,40,0,1052,1073,39563,9,3,0,6,19
2020-08-26,US,Mississippi,Pontotoc,1014,10,0,34.226046000000004,-89.03636807,28115.0,3151.6131037483683,0.9861932938856016,1004,1003,9,0,994,983,31833,11,1,0,10,20
2020-08-26,US,Mississippi,Prentiss,593,12,0,34.61810501,-88.51986294,28117.0,2360.1050704449576,2.023608768971332,581,581,12,0,569,557,25315,12,0,0,12,24
2020-08-26,US,Mississippi,Quitman,306,3,0,34.25157572,-90.28908,28119.0,4505.300353356891,0.9803921568627452,303,305,3,0,302,303,7051,1,0,0,1,2
2020-08-26,US,Mississippi,Rankin,2756,59,0,32.26469147,-89.94537876,28121.0,1774.9611968751408,2.140783744557329,2697,2708,54,0,2654,2688,153902,48,5,0,43,20
2020-08-26,US,Mississippi,Scott,1079,22,0,32.406704100000006,-89.53789439,28123.0,3836.5808562082207,2.0389249304911954,1057,1074,21,0,1053,1069,28287,5,1,0,4,5
2020-08-26,US,Mississippi,Sharkey,247,8,0,32.88149103,-90.81595379999999,28125.0,5716.269382087479,3.238866396761133,239,243,8,0,235,240,4377,4,0,0,4,3
2020-08-26,US,Mississippi,Simpson,918,39,0,31.91282117,-89.91716179,28127.0,3443.6191762322755,4.248366013071895,879,907,39,0,868,897,26758,11,0,0,11,10
2020-08-26,US,Mississippi,Smith,456,13,0,32.01744532,-89.50644846,28129.0,2865.0414677054537,2.8508771929824563,443,454,13,0,441,454,16002,2,0,0,2,0
2020-08-26,US,Mississippi,Stone,302,9,0,30.79187949,-89.11547539,28131.0,1647.0331588132635,2.9801324503311264,293,296,9,0,287,290,18717,6,0,0,6,6
2020-08-26,US,Mississippi,Sunflower,1229,35,0,33.60192578,-90.58882684,28133.0,4894.464356829948,2.8478437754271764,1194,1216,34,0,1182,1204,25735,13,1,0,12,12
2020-08-26,US,Mississippi,Tallahatchie,611,13,0,33.95339918,-90.1729398,28135.0,4424.650590194799,2.127659574468085,598,610,12,0,598,602,13987,1,1,0,0,8
2020-08-26,US,Mississippi,Tate,849,32,0,34.65133709,-89.94485778,28137.0,2997.7755022774627,3.7691401648998815,817,836,32,0,804,833,28759,13,0,0,13,3
2020-08-26,US,Mississippi,Tippah,524,15,0,34.76872156,-88.90988194,28139.0,2380.195321371792,2.862595419847328,509,517,15,0,502,500,21995,7,0,0,7,17
2020-08-26,US,Mississippi,Tishomingo,539,26,0,34.74023475,-88.23917219,28141.0,2780.787287829541,4.823747680890538,513,528,18,0,510,511,19454,11,8,0,3,17
2020-08-26,US,Mississippi,Tunica,438,11,0,34.64967704,-90.37481167,28143.0,4547.34219269103,2.5114155251141552,427,431,10,0,421,429,9944,7,1,0,6,2
2020-08-26,US,Mississippi,Union,849,21,0,34.49162015,-89.00776006,28145.0,2946.3820926600733,2.4734982332155475,828,838,20,0,818,826,28606,11,1,0,10,12
2020-08-26,US,Mississippi,Walthall,553,24,0,31.14971548,-90.10446654,28147.0,3870.922581548369,4.33996383363472,529,551,24,0,527,548,14465,2,0,0,2,3
2020-08-26,US,Mississippi,Warren,1274,43,0,32.35810271,-90.83352619,28149.0,2807.3422798087304,3.3751962323390896,1231,1260,43,0,1217,1248,46176,14,0,0,14,12
2020-08-26,US,Mississippi,Washington,1964,59,0,33.28392041,-90.94196237,28151.0,4472.8871074267245,3.0040733197556007,1905,1944,57,0,1887,1930,45063,20,2,0,18,14
2020-08-26,US,Mississippi,Wayne,842,21,0,31.64135687,-88.69573913,28153.0,4171.827775850964,2.494061757719715,821,840,21,0,819,833,20298,2,0,0,2,7
2020-08-26,US,Mississippi,Webster,295,13,0,33.61300486,-89.28392912,28155.0,3044.689854474146,4.40677966101695,282,292,13,0,279,282,9788,3,0,0,3,10
2020-08-26,US,Mississippi,Wilkinson,277,17,0,31.16078225,-91.31018819,28157.0,3209.7334878331403,6.137184115523466,260,273,15,0,258,258,8792,4,2,0,2,15
2020-08-26,US,Mississippi,Winston,691,19,0,33.08747908,-89.03391385,28159.0,3848.510164299638,2.7496382054992763,672,688,18,0,670,682,18165,3,1,0,2,6
2020-08-26,US,Mississippi,Yalobusha,362,11,0,34.02824175,-89.70762049999998,28161.0,2989.7588371324746,3.0386740331491717,351,350,11,0,339,348,12392,12,0,0,12,2
2020-08-26,US,Mississippi,Yazoo,939,19,0,32.77890365,-90.39656148,28163.0,3162.681037386325,2.0234291799787005,920,935,19,0,916,930,28248,4,0,0,4,5
2020-08-26,US,Missouri,Adair,212,0,0,40.19058551,-92.60078167,29001.0,836.5229057333386,0.0,212,209,0,0,209,206,25339,3,0,0,3,3
2020-08-26,US,Missouri,Andrew,114,1,0,39.98492163,-94.80163024,29003.0,643.6314363143631,0.8771929824561403,113,108,1,0,107,110,17607,6,0,0,6,-2
2020-08-26,US,Missouri,Atchison,22,0,0,40.43238737,-95.42970639,29005.0,427.7658953917947,0.0,22,20,0,0,20,20,5171,2,0,0,2,0
2020-08-26,US,Missouri,Audrain,245,1,0,39.215877,-91.84242683,29007.0,965.02284543879,0.4081632653061225,244,243,1,0,242,244,25473,2,0,0,2,-1
2020-08-26,US,Missouri,Barry,335,4,0,36.70978521,-93.82919888,29009.0,936.0418005532426,1.1940298507462686,331,326,4,0,322,323,35886,9,0,0,9,3
2020-08-26,US,Missouri,Barton,88,0,0,37.50207671,-94.34757022,29011.0,748.6812999829846,0.0,88,84,0,0,84,83,11798,4,0,0,4,1
2020-08-26,US,Missouri,Bates,62,1,0,38.25271289,-94.34113157,29013.0,383.37867919861486,1.6129032258064515,61,62,1,0,61,61,16320,0,0,0,0,1
2020-08-26,US,Missouri,Benton,152,1,0,38.29503305,-93.28756116,29015.0,781.7723602324744,0.6578947368421053,151,147,1,0,146,145,19278,5,0,0,5,2
2020-08-26,US,Missouri,Bollinger,105,1,0,37.32449052,-90.02725304,29017.0,865.408390340394,0.9523809523809524,104,97,1,0,96,97,12169,8,0,0,8,0
2020-08-26,US,Missouri,Boone,2097,6,0,38.99186229,-92.30723575,29019.0,1162.0110493563775,0.2861230329041488,2091,1984,6,0,1978,1951,180005,113,0,0,113,33
2020-08-26,US,Missouri,Buchanan,1215,10,0,39.65816401,-94.80138942,29021.0,1390.7330250446407,0.8230452674897121,1205,1197,10,0,1187,1188,88571,18,0,0,18,9
2020-08-26,US,Missouri,Butler,358,2,0,36.71462476,-90.40421163,29023.0,842.7892085314751,0.5586592178770949,356,354,2,0,352,354,42639,4,0,0,4,0
2020-08-26,US,Missouri,Caldwell,40,1,0,39.65620858,-93.98308093,29025.0,443.4589800443459,2.5,39,40,1,0,39,40,9108,0,0,0,0,0
2020-08-26,US,Missouri,Callaway,276,2,0,38.83674754,-91.92186505,29027.0,616.8562680195785,0.7246376811594203,274,260,2,0,258,259,44889,16,0,0,16,1
2020-08-26,US,Missouri,Camden,481,8,0,38.02199522,-92.76083747,29029.0,1038.7647122341,1.6632016632016633,473,471,8,0,463,455,45815,10,0,0,10,16
2020-08-26,US,Missouri,Cape Girardeau,893,7,0,37.38489388,-89.6843587,29031.0,1132.2285757756335,0.7838745800671892,886,868,6,0,862,863,78753,25,1,0,24,5
2020-08-26,US,Missouri,Carroll,107,0,0,39.42762566,-93.50626255,29033.0,1232.8609286784192,0.0,107,107,0,0,107,107,8743,0,0,0,0,0
2020-08-26,US,Missouri,Carter,27,1,0,36.94160441,-90.96051322,29035.0,451.3540621865597,3.703703703703704,26,27,1,0,26,27,6054,0,0,0,0,0
2020-08-26,US,Missouri,Cass,998,9,0,38.64789422,-94.353399,29037.0,943.4675742106258,0.9018036072144288,989,975,9,0,966,971,104954,23,0,0,23,4
2020-08-26,US,Missouri,Cedar,46,0,0,37.72391475,-93.85445441,29039.0,320.5798313471322,0.0,46,46,0,0,46,46,14165,0,0,0,0,0
2020-08-26,US,Missouri,Chariton,24,0,0,39.51499357,-92.9629191,29041.0,323.1887961217345,0.0,24,23,0,0,23,22,7451,1,0,0,1,1
2020-08-26,US,Missouri,Christian,576,1,0,36.9711783,-93.18537118,29043.0,650.1495569727413,0.1736111111111111,575,546,1,0,545,540,86983,30,0,0,30,6
2020-08-26,US,Missouri,Clark,34,0,0,40.41040752,-91.73661677,29045.0,500.22068559658686,0.0,34,33,0,0,33,33,6842,1,0,0,1,0
2020-08-26,US,Missouri,Clay,1309,30,0,39.31132056,-94.41850862,29047.0,523.7089314577432,2.2918258212375857,1279,1285,30,0,1255,1269,246365,24,0,0,24,16
2020-08-26,US,Missouri,Clinton,121,0,0,39.6013098,-94.40465394,29049.0,593.5154755481434,0.0,121,118,0,0,118,115,20470,3,0,0,3,3
2020-08-26,US,Missouri,Cole,758,4,0,38.50455671,-92.27860244,29051.0,987.6864942341521,0.5277044854881267,754,729,4,0,725,722,76796,29,0,0,29,7
2020-08-26,US,Missouri,Cooper,193,0,0,38.844478,-92.80896081,29053.0,1089.8413236207575,0.0,193,188,0,0,188,187,17603,5,0,0,5,1
2020-08-26,US,Missouri,Crawford,159,1,0,37.97663738,-91.30528104,29055.0,664.7157190635452,0.6289308176100629,158,148,1,0,147,146,23957,11,0,0,11,2
2020-08-26,US,Missouri,Dade,22,0,0,37.431814,-93.8503345,29057.0,290.9668033328925,0.0,22,20,0,0,20,20,7569,2,0,0,2,0
2020-08-26,US,Missouri,Dallas,99,1,0,37.681135499999996,-93.02127031,29059.0,586.5623889086386,1.0101010101010102,98,93,1,0,92,90,16762,6,0,0,6,3
2020-08-26,US,Missouri,Daviess,20,0,0,39.96145298,-93.98519678,29061.0,241.60425223483932,0.0,20,19,0,0,19,19,8313,1,0,0,1,0
2020-08-26,US,Missouri,DeKalb,54,1,0,39.89201062,-94.40476508,29063.0,430.38176456523473,1.851851851851852,53,52,1,0,51,52,12630,2,0,0,2,0
2020-08-26,US,Missouri,Dent,33,0,0,37.60663134,-91.50790473,29065.0,211.9052205740705,0.0,33,31,0,0,31,32,15441,2,0,0,2,-1
2020-08-26,US,Missouri,Douglas,101,2,0,36.9325593,-92.49905109,29067.0,766.0219946909367,1.98019801980198,99,98,2,0,96,98,13373,3,0,0,3,0
2020-08-26,US,Missouri,Dunklin,464,4,0,36.27167174,-90.09122243,29069.0,1592.8049157255155,0.8620689655172413,460,452,4,0,448,446,29423,12,0,0,12,6
2020-08-26,US,Missouri,Franklin,922,19,0,38.41127108,-91.07522826,29071.0,886.8198563005569,2.0607375271149677,903,889,19,0,870,877,103670,33,0,0,33,12
2020-08-26,US,Missouri,Gasconade,52,0,0,38.43947277,-91.50847147,29073.0,353.59717122263015,0.0,52,49,0,0,49,47,14705,3,0,0,3,2
2020-08-26,US,Missouri,Gentry,89,9,0,40.21097916,-94.40944419,29075.0,1354.436158879927,10.112359550561797,80,89,9,0,80,89,6628,0,0,0,0,0
2020-08-26,US,Missouri,Greene,2585,10,0,37.2575872,-93.34230916,29077.0,881.9936810356004,0.3868471953578336,2575,2514,10,0,2504,2434,291923,71,0,0,71,80
2020-08-26,US,Missouri,Grundy,34,1,0,40.11406587,-93.56509276,29079.0,345.1776649746193,2.9411764705882355,33,34,1,0,33,34,9914,0,0,0,0,0
2020-08-26,US,Missouri,Harrison,62,1,0,40.35570088,-93.99222144,29081.0,742.337164750958,1.6129032258064515,61,62,1,0,61,62,8414,0,0,0,0,0
2020-08-26,US,Missouri,Henry,110,3,0,38.38482826,-93.79293734,29083.0,504.0322580645162,2.727272727272727,107,107,3,0,104,107,21792,3,0,0,3,0
2020-08-26,US,Missouri,Hickory,53,0,0,37.94163617,-93.3203037,29085.0,555.322715842414,0.0,53,53,0,0,53,53,9509,0,0,0,0,0
2020-08-26,US,Missouri,Holt,55,0,0,40.09799248,-95.21638879999999,29087.0,1249.1483079718373,0.0,55,55,0,0,55,55,4404,0,0,0,0,0
2020-08-26,US,Missouri,Howard,96,0,0,39.1435761,-92.69756691,29089.0,959.90400959904,0.0,96,90,0,0,90,86,10137,6,0,0,6,4
2020-08-26,US,Missouri,Howell,214,3,0,36.77383887,-91.88683935,29091.0,533.4396889099385,1.4018691588785046,211,206,3,0,203,202,40076,8,0,0,8,4
2020-08-26,US,Missouri,Iron,43,0,0,37.55487945,-90.7735296,29093.0,424.6913580246914,0.0,43,42,0,0,42,40,10177,1,0,0,1,2
2020-08-26,US,Missouri,Jackson,5184,75,0,39.01002188,-94.34724536,29095.0,737.3995570481827,1.4467592592592593,5109,5116,73,0,5043,5071,700307,68,2,0,66,45
2020-08-26,US,Missouri,Jasper,2162,34,0,37.20351921,-94.34050458,29097.0,1781.9464591850192,1.5726179463459757,2128,2137,35,0,2102,2123,120636,25,-1,0,26,14
2020-08-26,US,Missouri,Jefferson,2417,31,0,38.25926778,-90.53870896,29099.0,1073.8356413913214,1.2825817128671908,2386,2351,30,0,2321,2324,224347,66,1,0,65,27
2020-08-26,US,Missouri,Johnson,560,3,0,38.74719601,-93.80691168,29101.0,1035.8477303836337,0.5357142857142857,557,551,3,0,548,551,53652,9,0,0,9,0
2020-08-26,US,Missouri,Kansas City,8686,66,0,39.0997,-94.5786,0.0,1776.4851935706204,0.7598434262030854,8620,8538,66,0,8472,8509,491918,148,0,0,148,29
2020-08-26,US,Missouri,Knox,38,0,0,40.12699751,-92.14780832,29103.0,959.8383430159132,0.0,38,38,0,0,38,38,3947,0,0,0,0,0
2020-08-26,US,Missouri,Laclede,271,1,0,37.65896829,-92.5888493,29105.0,758.6148979648967,0.3690036900369004,270,267,1,0,266,263,35713,4,0,0,4,4
2020-08-26,US,Missouri,Lafayette,220,2,0,39.06986886,-93.78076396,29107.0,672.6183196771433,0.9090909090909092,218,217,2,0,215,215,32598,3,0,0,3,2
2020-08-26,US,Missouri,Lawrence,323,2,0,37.10626634,-93.83293097,29109.0,842.1327076000522,0.6191950464396285,321,319,2,0,317,317,38359,4,0,0,4,2
2020-08-26,US,Missouri,Lewis,54,2,0,40.09673161,-91.72070156,29111.0,552.3731587561375,3.703703703703704,52,54,1,0,53,54,9855,0,1,0,-1,0
2020-08-26,US,Missouri,Lincoln,514,1,0,39.05345619,-90.95588181,29113.0,870.9945266297258,0.19455252918287935,513,510,1,0,509,505,57686,4,0,0,4,5
2020-08-26,US,Missouri,Linn,46,1,0,39.87001769,-93.10704106,29115.0,385.90604026845637,2.1739130434782608,45,44,1,0,43,41,12037,2,0,0,2,3
2020-08-26,US,Missouri,Livingston,71,1,0,39.78110272,-93.54645978,29117.0,466.277007946411,1.4084507042253518,70,69,1,0,68,68,15146,2,0,0,2,1
2020-08-26,US,Missouri,Macon,72,0,0,39.83049768,-92.56453089,29121.0,476.2849771780115,0.0,72,72,0,0,72,72,15153,0,0,0,0,0
2020-08-26,US,Missouri,Madison,84,0,0,37.47865134,-90.34671429999999,29123.0,694.9040370615486,0.0,84,77,0,0,77,77,12188,7,0,0,7,0
2020-08-26,US,Missouri,Maries,37,0,0,38.16193985,-91.92249662,29125.0,425.43405772105325,0.0,37,35,0,0,35,35,8769,2,0,0,2,0
2020-08-26,US,Missouri,Marion,365,1,0,39.80601912,-91.62203062,29127.0,1279.3550648440241,0.273972602739726,364,360,1,0,359,349,28592,5,0,0,5,11
2020-08-26,US,Missouri,McDonald,981,9,0,36.62869595,-94.34867205,29119.0,4295.660550860446,0.9174311926605504,972,980,9,0,971,978,23078,1,0,0,1,2
2020-08-26,US,Missouri,Mercer,15,0,0,40.42212303,-93.56829590000001,29129.0,414.7083218136577,0.0,15,15,0,0,15,15,3641,0,0,0,0,0
2020-08-26,US,Missouri,Miller,218,1,0,38.21450288,-92.42610898,29131.0,850.9309496857802,0.4587155963302753,217,212,1,0,211,205,25336,6,0,0,6,7
2020-08-26,US,Missouri,Mississippi,216,0,0,36.82516239,-89.29505753,29133.0,1638.8467374810318,0.0,216,214,0,0,214,214,13336,2,0,0,2,0
2020-08-26,US,Missouri,Moniteau,179,2,0,38.63571781,-92.57976951,29135.0,1109.5958343664765,1.11731843575419,177,176,2,0,174,175,16121,3,0,0,3,1
2020-08-26,US,Missouri,Monroe,62,0,0,39.49593978,-92.00043978,29137.0,717.2605275335492,0.0,62,56,0,0,56,55,8664,6,0,0,6,1
2020-08-26,US,Missouri,Montgomery,51,1,0,38.94022054,-91.47000721,29139.0,441.52021470002603,1.96078431372549,50,49,1,0,48,49,11534,2,0,0,2,0
2020-08-26,US,Missouri,Morgan,113,0,0,38.4181765,-92.88791859,29141.0,547.8256653900228,0.0,113,109,0,0,109,108,20358,4,0,0,4,1
2020-08-26,US,Missouri,New Madrid,358,4,0,36.59666326,-89.66070007,29143.0,2096.5097212461933,1.11731843575419,354,342,3,0,339,341,17296,16,1,0,15,1
2020-08-26,US,Missouri,Newton,1040,13,0,36.90519407,-94.3394104,29145.0,1785.83693935023,1.25,1027,1028,11,0,1017,1020,58266,12,2,0,10,8
2020-08-26,US,Missouri,Nodaway,319,1,0,40.36079813,-94.88133008,29147.0,1443.9616150642767,0.31347962382445144,318,297,1,0,296,295,22304,22,0,0,22,2
2020-08-26,US,Missouri,Oregon,34,0,0,36.68710164,-91.4033755,29149.0,322.91765599772066,0.0,34,32,0,0,32,31,10541,2,0,0,2,1
2020-08-26,US,Missouri,Osage,73,1,0,38.46036182,-91.8613635,29151.0,536.1733382298935,1.3698630136986298,72,71,1,0,70,70,13714,2,0,0,2,1
2020-08-26,US,Missouri,Ozark,18,0,0,36.64916339,-92.44459066,29153.0,196.20667102681492,0.0,18,17,0,0,17,17,9017,1,0,0,1,0
2020-08-26,US,Missouri,Pemiscot,311,9,0,36.2130572,-89.78742322,29155.0,1967.7317304650428,2.893890675241157,302,308,9,0,299,305,16272,3,0,0,3,3
2020-08-26,US,Missouri,Perry,324,4,0,37.70660776,-89.82741088,29157.0,1693.14381270903,1.2345679012345678,320,308,4,0,304,297,19150,16,0,0,16,11
2020-08-26,US,Missouri,Pettis,754,8,0,38.72798918,-93.28471706,29159.0,1780.8639788374787,1.0610079575596818,746,746,7,0,739,742,42542,8,1,0,7,4
2020-08-26,US,Missouri,Phelps,175,0,0,37.87736118,-91.79351727,29161.0,392.6143629551522,0.0,175,164,0,0,164,152,44732,11,0,0,11,12
2020-08-26,US,Missouri,Pike,133,1,0,39.34310674,-91.16980779,29163.0,726.6965358977161,0.7518796992481203,132,132,1,0,131,132,18504,1,0,0,1,0
2020-08-26,US,Missouri,Platte,454,10,0,39.38154439,-94.77068479,29165.0,434.7909364285852,2.202643171806167,444,448,10,0,438,442,102985,6,0,0,6,6
2020-08-26,US,Missouri,Polk,267,0,0,37.616229600000004,-93.39828174,29167.0,830.5079473700583,0.0,267,264,0,0,264,262,32201,3,0,0,3,2
2020-08-26,US,Missouri,Pulaski,360,1,0,37.82462075,-92.20783203,29169.0,684.3195772425722,0.2777777777777778,359,336,1,0,335,330,52014,24,0,0,24,6
2020-08-26,US,Missouri,Putnam,20,1,0,40.47942497,-93.02042674,29171.0,425.89437819420783,5.0,19,19,1,0,18,19,4757,1,0,0,1,0
2020-08-26,US,Missouri,Ralls,92,0,0,39.52817427,-91.51838643,29173.0,892.4240954505773,0.0,92,91,0,0,91,89,10212,1,0,0,1,2
2020-08-26,US,Missouri,Randolph,114,1,0,39.44007257,-92.49713740000001,29175.0,460.6432843058025,0.8771929824561403,113,110,1,0,109,109,24763,4,0,0,4,1
2020-08-26,US,Missouri,Ray,122,0,0,39.353746799999996,-93.98905745,29177.0,530.019984360066,0.0,122,122,0,0,122,122,22883,0,0,0,0,0
2020-08-26,US,Missouri,Reynolds,19,0,0,37.36085952,-90.97009925,29179.0,303.030303030303,0.0,19,19,0,0,19,19,6254,0,0,0,0,0
2020-08-26,US,Missouri,Ripley,84,0,0,36.65460667,-90.85990261,29181.0,632.1493076459964,0.0,84,83,0,0,83,83,13401,1,0,0,1,0
2020-08-26,US,Missouri,Saline,530,7,0,39.13734288,-93.20259964,29195.0,2328.544440050965,1.320754716981132,523,525,7,0,518,525,22895,5,0,0,5,0
2020-08-26,US,Missouri,Schuyler,14,0,0,40.46921489,-92.52311943,29197.0,300.42918454935625,0.0,14,13,0,0,13,13,4599,1,0,0,1,0
2020-08-26,US,Missouri,Scotland,18,1,0,40.45214695,-92.14709064,29199.0,367.1970624235006,5.5555555555555545,17,18,1,0,17,18,4966,0,0,0,0,0
2020-08-26,US,Missouri,Scott,565,13,0,37.05588075,-89.56474493,29201.0,1475.966562173459,2.3008849557522124,552,551,13,0,538,548,38458,14,0,0,14,3
2020-08-26,US,Missouri,Shannon,47,1,0,37.15772072,-91.40190382,29203.0,575.5571883419052,2.127659574468085,46,47,1,0,46,47,8189,0,0,0,0,0
2020-08-26,US,Missouri,Shelby,46,0,0,39.79742518,-92.07634971,29205.0,775.716694772344,0.0,46,45,0,0,45,44,6050,1,0,0,1,1
2020-08-26,US,Missouri,St. Charles,5392,96,0,38.77875681,-90.66662425,29183.0,1341.2201322315693,1.7804154302670625,5296,5338,96,0,5242,5290,399182,54,0,0,54,48
2020-08-26,US,Missouri,St. Clair,26,0,0,38.03699437,-93.77631447,29185.0,276.68404810045763,0.0,26,26,0,0,26,26,9395,0,0,0,0,0
2020-08-26,US,Missouri,St. Francois,873,4,0,37.81214171,-90.47598685,29187.0,1298.817228297255,0.4581901489117984,869,839,4,0,835,829,66692,34,0,0,34,10
2020-08-26,US,Missouri,St. Louis,18334,721,0,38.63770039999999,-90.4458375,29189.0,1844.0864811583124,3.9325842696629216,17613,18210,720,0,17490,17975,996945,124,1,0,123,235
2020-08-26,US,Missouri,St. Louis City,6015,188,0,38.63555736,-90.24349225,29510.0,2001.157777068029,3.1255195344970907,5827,5978,187,0,5791,5951,302838,37,1,0,36,27
2020-08-26,US,Missouri,Ste. Genevieve,99,1,0,37.89090059,-90.1949941,29186.0,553.2580753325136,1.0101010101010102,98,97,1,0,96,91,17888,2,0,0,2,6
2020-08-26,US,Missouri,Stoddard,277,9,0,36.85571651,-89.9444155,29207.0,954.3496985357448,3.249097472924188,268,273,9,0,264,273,29206,4,0,0,4,0
2020-08-26,US,Missouri,Stone,252,2,0,36.75000327,-93.45256475,29209.0,788.6830245368053,0.7936507936507936,250,247,1,0,246,245,31749,5,1,0,4,2
2020-08-26,US,Missouri,Sullivan,169,0,0,40.2099105,-93.11150106,29211.0,2775.4967975036952,0.0,169,166,0,0,166,160,6221,3,0,0,3,6
2020-08-26,US,Missouri,Taney,879,3,0,36.65465345,-93.04075153,29213.0,1571.6635674438564,0.3412969283276451,876,868,3,0,865,864,55852,11,0,0,11,4
2020-08-26,US,Missouri,Texas,85,1,0,37.31728859,-91.96564727,29215.0,334.6720214190093,1.1764705882352942,84,79,1,0,78,78,25571,6,0,0,6,1
2020-08-26,US,Missouri,Vernon,77,0,0,37.8457799,-94.34127305,29217.0,374.4589797208578,0.0,77,71,0,0,71,71,20528,6,0,0,6,0
2020-08-26,US,Missouri,Warren,303,0,0,38.76529479,-91.16124662,29219.0,849.9537153917363,0.0,303,299,0,0,299,293,34711,4,0,0,4,6
2020-08-26,US,Missouri,Washington,212,1,0,37.96130078,-90.87948158,29221.0,857.2583906186818,0.4716981132075472,211,200,1,0,199,199,24943,12,0,0,12,1
2020-08-26,US,Missouri,Wayne,76,0,0,37.11303869,-90.46001416,29223.0,590.3829721121728,0.0,76,73,0,0,73,73,13122,3,0,0,3,0
2020-08-26,US,Missouri,Webster,194,1,0,37.2813734,-92.876329,29225.0,489.9979793897757,0.5154639175257731,193,185,1,0,184,181,39109,9,0,0,9,4
2020-08-26,US,Missouri,Worth,10,0,0,40.47945588,-94.42328751,29227.0,496.77098857426734,0.0,10,10,0,0,10,10,2040,0,0,0,0,0
2020-08-26,US,Missouri,Wright,85,0,0,37.27029221,-92.46914488,29229.0,464.7602383946635,0.0,85,79,0,0,79,78,18378,6,0,0,6,1
2020-08-26,US,Montana,Beaverhead,69,0,0,45.13434354,-112.89846940000001,30001.0,729.92700729927,0.0,69,69,0,0,69,69,9404,0,0,0,0,0
2020-08-26,US,Montana,Big Horn,609,15,0,45.42335905,-107.492347,30003.0,4572.415346497485,2.4630541871921183,594,603,15,0,588,591,13338,6,0,0,6,12
2020-08-26,US,Montana,Blaine,15,0,0,48.43175214,-108.9582723,30005.0,224.51728783116297,0.0,15,15,0,0,15,15,6807,0,0,0,0,0
2020-08-26,US,Montana,Broadwater,16,0,0,46.33277565,-111.49558130000001,30007.0,256.5335898669232,0.0,16,16,0,0,16,15,6085,0,0,0,0,1
2020-08-26,US,Montana,Carbon,84,0,0,45.22850116,-109.0274047,30009.0,783.2167832167833,0.0,84,84,0,0,84,83,10714,0,0,0,0,1
2020-08-26,US,Montana,Cascade,258,5,0,47.30797024,-111.3467922,30013.0,317.0857606371212,1.937984496124031,253,256,5,0,251,217,81643,2,0,0,2,39
2020-08-26,US,Montana,Chouteau,10,0,0,47.88084126,-110.4353362,30015.0,177.4622892635315,0.0,10,10,0,0,10,10,5745,0,0,0,0,0
2020-08-26,US,Montana,Custer,65,2,0,46.25319932,-105.57375259999998,30017.0,570.0754253639712,3.0769230769230766,63,64,2,0,62,64,11586,1,0,0,1,0
2020-08-26,US,Montana,Daniels,3,0,0,48.78420029,-105.54763429999998,30019.0,177.5147928994083,0.0,3,3,0,0,3,3,1747,0,0,0,0,0
2020-08-26,US,Montana,Dawson,32,0,0,47.26584855,-104.89444170000002,30021.0,371.5314060141648,0.0,32,32,0,0,32,31,8680,0,0,0,0,1
2020-08-26,US,Montana,Deer Lodge,33,0,0,46.05953325,-113.073353,30023.0,361.05032822757113,0.0,33,32,0,0,32,32,9131,1,0,0,1,0
2020-08-26,US,Montana,Fallon,2,0,0,46.33478338,-104.41835649999999,30025.0,70.27406886858749,0.0,2,2,0,0,2,2,2920,0,0,0,0,0
2020-08-26,US,Montana,Fergus,26,0,0,47.26331584,-109.2245206,30027.0,235.29411764705884,0.0,26,24,0,0,24,24,11113,2,0,0,2,0
2020-08-26,US,Montana,Flathead,539,4,0,48.29575866,-114.05205690000001,30029.0,519.2378089898465,0.7421150278293135,535,506,3,0,503,490,102106,33,1,0,32,16
2020-08-26,US,Montana,Gallatin,1029,3,0,45.54486106,-111.1692571,30031.0,899.2082772602548,0.2915451895043732,1026,1023,3,0,1020,1017,111876,6,0,0,6,6
2020-08-26,US,Montana,Garfield,12,0,0,47.27545948,-107.0002351,30033.0,953.8950715421304,0.0,12,12,0,0,12,12,1268,0,0,0,0,0
2020-08-26,US,Montana,Glacier,128,1,0,48.70513576,-112.9934235,30035.0,930.706027775758,0.78125,127,121,1,0,120,111,13747,7,0,0,7,10
2020-08-26,US,Montana,Golden Valley,3,0,0,46.3816474,-109.17685220000001,30037.0,365.4080389768576,0.0,3,3,0,0,3,3,826,0,0,0,0,0
2020-08-26,US,Montana,Granite,18,0,0,46.40605220000001,-113.4414186,30039.0,532.7019828351583,0.0,18,18,0,0,18,18,3378,0,0,0,0,0
2020-08-26,US,Montana,Hill,72,2,0,48.62879827,-110.1129252,30041.0,436.7871875758311,2.7777777777777777,70,67,2,0,65,54,16347,5,0,0,5,13
2020-08-26,US,Montana,Jefferson,36,0,0,46.14907081,-112.094396,30043.0,294.5749120366582,0.0,36,35,0,0,35,34,12097,1,0,0,1,1
2020-08-26,US,Montana,Judith Basin,4,0,0,47.04581276,-110.26606880000001,30045.0,199.30244145490784,0.0,4,4,0,0,4,3,1952,0,0,0,0,1
2020-08-26,US,Montana,Lake,192,1,0,47.64514965,-114.0898013,30047.0,630.3762558276973,0.5208333333333334,191,193,1,0,192,193,30250,-1,0,0,-1,0
2020-08-26,US,Montana,Lewis and Clark,191,2,0,47.12610041,-112.39469799999999,30049.0,275.0892960018436,1.0471204188481675,189,191,2,0,189,191,68700,0,0,0,0,0
2020-08-26,US,Montana,Liberty,5,0,0,48.56084317,-111.02430700000001,30051.0,213.9495079161317,0.0,5,1,0,0,1,1,2430,4,0,0,4,0
2020-08-26,US,Montana,Lincoln,85,2,0,48.54265777,-115.4046155,30053.0,425.42542542542543,2.3529411764705883,83,83,2,0,81,81,19794,2,0,0,2,2
2020-08-26,US,Montana,Madison,91,1,0,45.30080065,-111.9173017,30057.0,1058.139534883721,1.0989010989010992,90,91,1,0,90,91,8768,0,0,0,0,0
2020-08-26,US,Montana,McCone,8,0,0,47.64469406,-105.79449939999999,30055.0,480.76923076923083,0.0,8,7,0,0,7,5,1675,1,0,0,1,2
2020-08-26,US,Montana,Meagher,4,0,0,46.59907074,-110.8898557,30059.0,214.8227712137487,0.0,4,4,0,0,4,4,1866,0,0,0,0,0
2020-08-26,US,Montana,Mineral,2,0,0,47.15283992,-115.00152390000001,30061.0,45.48555833522857,0.0,2,2,0,0,2,2,4316,0,0,0,0,0
2020-08-26,US,Montana,Missoula,417,3,0,47.03728583,-113.92135079999998,30063.0,348.66220735785964,0.7194244604316546,414,408,3,0,405,407,118791,9,0,0,9,1
2020-08-26,US,Montana,Musselshell,7,0,0,46.49684637,-108.39498,30065.0,151.090006475286,0.0,7,7,0,0,7,7,4651,0,0,0,0,0
2020-08-26,US,Montana,Park,63,0,0,45.48965095,-110.52643940000002,30067.0,379.3809466457907,0.0,63,63,0,0,63,63,16736,0,0,0,0,0
2020-08-26,US,Montana,Phillips,110,0,0,48.25936577,-107.9128511,30071.0,2781.99291856348,0.0,110,109,0,0,109,108,4074,1,0,0,1,1
2020-08-26,US,Montana,Pondera,15,0,0,48.22773388,-112.22527029999999,30073.0,253.76416849940787,0.0,15,15,0,0,15,15,5972,0,0,0,0,0
2020-08-26,US,Montana,Powder River,2,0,0,45.39617714,-105.636738,30075.0,118.90606420927469,0.0,2,2,0,0,2,1,1716,0,0,0,0,1
2020-08-26,US,Montana,Powell,10,0,0,46.85538891,-112.93591640000001,30077.0,145.1378809869376,0.0,10,10,0,0,10,8,6968,0,0,0,0,2
2020-08-26,US,Montana,Prairie,1,0,0,46.86048047,-105.379384,30079.0,92.85051067780873,0.0,1,1,0,0,1,1,1087,0,0,0,0,0
2020-08-26,US,Montana,Ravalli,99,2,0,46.08520862,-114.11891640000002,30081.0,225.99643884399399,2.0202020202020203,97,98,2,0,96,94,43172,1,0,0,1,4
2020-08-26,US,Montana,Richland,55,2,0,47.78668011,-104.5610786,30083.0,509.11783763769324,3.636363636363636,53,54,2,0,52,54,10913,1,0,0,1,0
2020-08-26,US,Montana,Roosevelt,34,1,0,48.29607488,-105.00792679999999,30085.0,308.9785532533624,2.9411764705882355,33,35,1,0,34,34,11059,-1,0,0,-1,1
2020-08-26,US,Montana,Rosebud,166,2,0,46.23397237,-106.72928799999998,30087.0,1857.446570437507,1.2048192771084338,164,135,2,0,133,134,9063,31,0,0,31,1
2020-08-26,US,Montana,Sanders,31,0,0,47.67657534,-115.1329916,30089.0,255.9233880954346,0.0,31,31,0,0,31,31,11844,0,0,0,0,0
2020-08-26,US,Montana,Sheridan,5,0,0,48.72085833,-104.50382900000001,30091.0,151.1030522816561,0.0,5,5,0,0,5,5,3424,0,0,0,0,0
2020-08-26,US,Montana,Silver Bow,110,0,0,45.90018933,-112.6620092,30093.0,315.05083774881854,0.0,110,110,0,0,110,111,34993,0,0,0,0,-1
2020-08-26,US,Montana,Stillwater,34,2,0,45.67071407,-109.3950061,30095.0,352.623936942543,5.882352941176472,32,33,2,0,31,33,9534,1,0,0,1,0
2020-08-26,US,Montana,Sweet Grass,9,1,0,45.81367654,-109.9425686,30097.0,240.83489430024085,11.111111111111109,8,9,1,0,8,8,3710,0,0,0,0,1
2020-08-26,US,Montana,Teton,17,0,0,47.83741052,-112.24106880000001,30099.0,276.55767040832933,0.0,17,17,0,0,17,17,6162,0,0,0,0,0
2020-08-26,US,Montana,Toole,47,6,0,48.65577551,-111.69424140000001,30101.0,992.3986486486486,12.76595744680851,41,47,6,0,41,47,4853,0,0,0,0,0
2020-08-26,US,Montana,Treasure,3,0,0,46.20973220000001,-107.26665159999999,30103.0,431.0344827586207,0.0,3,3,0,0,3,3,679,0,0,0,0,0
2020-08-26,US,Montana,Valley,37,0,0,48.36435097,-106.6669635,30105.0,500.27041644131964,0.0,37,37,0,0,37,37,7437,0,0,0,0,0
2020-08-26,US,Montana,Wheatland,3,0,0,46.46652491,-109.84646359999999,30107.0,141.11006585136406,0.0,3,3,0,0,3,3,2236,0,0,0,0,0
2020-08-26,US,Montana,Wibaux,5,0,0,46.95925154,-104.2510927,30109.0,515.9958720330237,0.0,5,5,0,0,5,5,1034,0,0,0,0,0
2020-08-26,US,Montana,Yellowstone,1864,41,0,45.93955949,-108.26914860000001,30111.0,1155.6106633601985,2.199570815450644,1823,1816,41,0,1775,1797,160137,48,0,0,48,19
2020-08-26,US,Nebraska,Adams,392,11,0,40.52449420000001,-98.50117804,31001.0,1249.8804323565985,2.8061224489795915,381,387,11,0,376,384,31511,5,0,0,5,3
2020-08-26,US,Nebraska,Antelope,23,1,0,42.17695516,-98.06662829999999,31003.0,365.1953000952684,4.3478260869565215,22,23,1,0,22,23,6336,0,0,0,0,0
2020-08-26,US,Nebraska,Arthur,1,0,0,41.56896142,-101.6959559,31005.0,215.98272138228938,0.0,1,1,0,0,1,1,465,0,0,0,0,0
2020-08-26,US,Nebraska,Banner,2,0,0,41.54634427,-103.7114332,31007.0,268.4563758389262,0.0,2,3,0,0,3,3,730,-1,0,0,-1,0
2020-08-26,US,Nebraska,Boone,20,0,0,41.70759415,-98.06737183,31011.0,385.20801232665633,0.0,20,18,0,0,18,16,5239,2,0,0,2,2
2020-08-26,US,Nebraska,Box Butte,21,0,0,42.22079243,-103.08788340000001,31013.0,194.75099693962719,0.0,21,19,0,0,19,19,10772,2,0,0,2,0
2020-08-26,US,Nebraska,Boyd,10,0,0,42.899727399999996,-98.76486568,31015.0,521.1047420531527,0.0,10,10,0,0,10,10,1955,0,0,0,0,0
2020-08-26,US,Nebraska,Brown,3,0,0,42.43018907,-99.92904055,31017.0,101.5228426395939,0.0,3,3,0,0,3,2,2973,0,0,0,0,1
2020-08-26,US,Nebraska,Buffalo,612,3,0,40.85486962,-99.07500296,31019.0,1232.4050021144205,0.4901960784313725,609,591,3,0,588,582,49615,21,0,0,21,9
2020-08-26,US,Nebraska,Burt,61,0,0,41.85056773,-96.32605633,31021.0,944.4186406564484,0.0,61,60,0,0,60,57,6488,1,0,0,1,3
2020-08-26,US,Nebraska,Butler,77,0,0,41.22703692,-97.13106306,31023.0,960.5788423153692,0.0,77,75,0,0,75,73,8058,2,0,0,2,2
2020-08-26,US,Nebraska,Cass,245,2,0,40.90899107,-96.13971217,31025.0,933.4044498628467,0.8163265306122449,243,241,2,0,239,236,26159,4,0,0,4,5
2020-08-26,US,Nebraska,Cedar,44,0,0,42.598885100000004,-97.25311951,31027.0,523.6848369435849,0.0,44,44,0,0,44,42,8446,0,0,0,0,2
2020-08-26,US,Nebraska,Chase,11,0,0,40.523719799999995,-101.69780259999999,31029.0,280.32619775739045,0.0,11,11,0,0,11,11,3977,0,0,0,0,0
2020-08-26,US,Nebraska,Cherry,6,0,0,42.54502621,-101.1244332,31031.0,105.46669010370891,0.0,6,5,0,0,5,5,5761,1,0,0,1,0
2020-08-26,US,Nebraska,Cheyenne,28,0,0,41.21999357,-102.9941693,31033.0,314.25364758698095,0.0,28,28,0,0,28,28,9310,0,0,0,0,0
2020-08-26,US,Nebraska,Clay,54,0,0,40.52439441,-98.05126296,31035.0,870.5465097533452,0.0,54,53,0,0,53,54,6214,1,0,0,1,-1
2020-08-26,US,Nebraska,Colfax,716,4,0,41.57486951,-97.0868542,31037.0,6685.965076104211,0.5586592178770949,712,714,4,0,710,713,10881,2,0,0,2,1
2020-08-26,US,Nebraska,Cuming,78,0,0,41.91637624,-96.78730772,31039.0,881.7544652950487,0.0,78,78,0,0,78,74,8940,0,0,0,0,4
2020-08-26,US,Nebraska,Custer,69,4,0,41.39374521,-99.72805369,31041.0,640.2523893476848,5.797101449275362,65,67,4,0,63,66,10840,2,0,0,2,1
2020-08-26,US,Nebraska,Dakota,1971,42,0,42.39040144,-96.56656425,31043.0,9842.205133326675,2.13089802130898,1929,1966,42,0,1924,1963,20083,5,0,0,5,3
2020-08-26,US,Nebraska,Dawes,64,0,0,42.71985036,-103.1313774,31045.0,745.1391314471997,0.0,64,57,0,0,57,53,8716,7,0,0,7,4
2020-08-26,US,Nebraska,Dawson,993,9,0,40.87028216,-99.82014609999999,31047.0,4208.518753973301,0.9063444108761328,984,989,9,0,980,988,23709,4,0,0,4,1
2020-08-26,US,Nebraska,Deuel,2,0,0,41.11168186,-102.33333309999999,31049.0,111.48272017837236,0.0,2,2,0,0,2,2,1825,0,0,0,0,0
2020-08-26,US,Nebraska,Dixon,57,2,0,42.49188363,-96.86782408,31051.0,1011.3555713271824,3.5087719298245608,55,57,2,0,55,58,5709,0,0,0,0,-1
2020-08-26,US,Nebraska,Dodge,883,11,0,41.58071748,-96.65598179,31053.0,2414.877615205798,1.2457531143827858,872,876,11,0,865,868,36791,7,0,0,7,8
2020-08-26,US,Nebraska,Douglas,12944,151,0,41.29518299,-96.15085305,31055.0,2265.6027108818594,1.1665636588380717,12793,12815,151,0,12664,12715,566880,129,0,0,129,100
2020-08-26,US,Nebraska,Dundy,5,0,0,40.17638677,-101.6876522,31057.0,295.3337271116362,0.0,5,5,0,0,5,5,1770,0,0,0,0,0
2020-08-26,US,Nebraska,Fillmore,30,1,0,40.52458567,-97.59646937,31059.0,549.2493592090809,3.333333333333333,29,30,1,0,29,30,5527,0,0,0,0,0
2020-08-26,US,Nebraska,Franklin,18,0,0,40.17636348,-98.95299073,31061.0,604.2296072507552,0.0,18,17,0,0,17,17,3023,1,0,0,1,0
2020-08-26,US,Nebraska,Frontier,6,0,0,40.52993007,-100.3924658,31063.0,228.39741149600303,0.0,6,6,0,0,6,5,2608,0,0,0,0,1
2020-08-26,US,Nebraska,Furnas,20,1,0,40.17642064,-99.91247454,31065.0,427.71599657827204,5.0,19,20,1,0,19,19,4715,0,0,0,0,1
2020-08-26,US,Nebraska,Gage,125,4,0,40.26186809,-96.68946704,31067.0,581.0440198949473,3.2,121,123,4,0,119,118,21493,2,0,0,2,5
2020-08-26,US,Nebraska,Garden,7,0,0,41.61703149,-102.3313973,31069.0,381.05606967882414,0.0,7,6,0,0,6,6,1897,1,0,0,1,0
2020-08-26,US,Nebraska,Garfield,6,0,0,41.91428955,-98.99111827,31071.0,304.7232097511427,0.0,6,6,0,0,6,6,1987,0,0,0,0,0
2020-08-26,US,Nebraska,Gosper,23,0,0,40.51481965,-99.83020279,31073.0,1155.7788944723618,0.0,23,23,0,0,23,22,1996,0,0,0,0,1
2020-08-26,US,Nebraska,Greeley,11,0,0,41.56742671,-98.52150266,31077.0,466.893039049236,0.0,11,10,0,0,10,10,2356,1,0,0,1,0
2020-08-26,US,Nebraska,Hall,1809,46,0,40.87257079,-98.50218293,31079.0,2948.5110752530436,2.542841348811498,1763,1806,46,0,1760,1800,61607,3,0,0,3,6
2020-08-26,US,Nebraska,Hamilton,103,12,0,40.87349452,-98.02099117,31081.0,1104.6761046761046,11.650485436893206,91,103,12,0,91,103,9280,0,0,0,0,0
2020-08-26,US,Nebraska,Harlan,4,0,0,40.17658508,-99.40438879,31083.0,118.3431952662722,0.0,4,4,0,0,4,3,3401,0,0,0,0,1
2020-08-26,US,Nebraska,Hitchcock,2,0,0,40.17609175,-101.04164770000001,31087.0,72.41129616220131,0.0,2,2,0,0,2,2,2806,0,0,0,0,0
2020-08-26,US,Nebraska,Holt,19,0,0,42.45522056,-98.78402558,31089.0,188.7354723353532,0.0,19,17,0,0,17,17,10178,2,0,0,2,0
2020-08-26,US,Nebraska,Hooker,4,0,0,41.91586243,-101.1354293,31091.0,586.5102639296188,0.0,4,4,0,0,4,4,682,0,0,0,0,0
2020-08-26,US,Nebraska,Howard,61,5,0,41.2200529,-98.5166499,31093.0,946.4701318851824,8.196721311475411,56,60,5,0,55,60,6468,1,0,0,1,0
2020-08-26,US,Nebraska,Jefferson,19,0,0,40.17584531,-97.142601,31095.0,269.6565427192733,0.0,19,19,0,0,19,19,7097,0,0,0,0,0
2020-08-26,US,Nebraska,Johnson,21,0,0,40.39257596,-96.26522753,31097.0,414.1195030565963,0.0,21,21,0,0,21,21,5134,0,0,0,0,0
2020-08-26,US,Nebraska,Kearney,101,0,0,40.50663314,-98.94877182,31099.0,1555.0423402617398,0.0,101,97,0,0,97,97,6544,4,0,0,4,0
2020-08-26,US,Nebraska,Keith,47,0,0,41.19930341,-101.66201640000001,31101.0,585.0136918098083,0.0,47,47,0,0,47,46,8021,0,0,0,0,1
2020-08-26,US,Nebraska,Keya Paha,1,0,0,42.87990694,-99.71343729,31103.0,124.06947890818859,0.0,1,,,,,,810,,,,,
2020-08-26,US,Nebraska,Kimball,15,0,0,41.19774275,-103.7148131,31105.0,412.9955947136564,0.0,15,15,0,0,15,15,3618,0,0,0,0,0
2020-08-26,US,Nebraska,Knox,58,0,0,42.63758421,-97.89178836,31107.0,696.1113778204513,0.0,58,57,0,0,57,50,8419,1,0,0,1,7
2020-08-26,US,Nebraska,Lancaster,3720,20,0,40.78416049,-96.68777155,31109.0,1165.8152872230405,0.5376344086021505,3700,3674,20,0,3654,3611,317272,46,0,0,46,63
2020-08-26,US,Nebraska,Lincoln,265,2,0,41.04658298,-100.74753740000001,31111.0,759.0078478547287,0.7547169811320755,263,257,2,0,255,254,35185,8,0,0,8,3
2020-08-26,US,Nebraska,Logan,3,0,0,41.56650314,-100.4817851,31113.0,401.06951871657753,0.0,3,3,0,0,3,3,749,0,0,0,0,0
2020-08-26,US,Nebraska,Madison,554,5,0,41.91676024,-97.6005481,31119.0,1578.3925467962051,0.9025270758122744,549,552,5,0,547,546,35392,2,0,0,2,6
2020-08-26,US,Nebraska,McPherson,6,0,0,41.56797682,-101.05993620000001,31117.0,1214.5748987854256,0.0,6,6,0,0,6,6,492,0,0,0,0,0
2020-08-26,US,Nebraska,Merrick,63,1,0,41.16624273,-98.0374887,31121.0,812.3791102514508,1.5873015873015872,62,63,0,0,63,62,7733,0,1,0,-1,1
2020-08-26,US,Nebraska,Morrill,64,0,0,41.71711774,-103.0061405,31123.0,1378.7160706591985,0.0,64,64,0,0,64,64,4686,0,0,0,0,0
2020-08-26,US,Nebraska,Nance,11,0,0,41.39750195,-97.99327291,31125.0,312.588803637397,0.0,11,11,0,0,11,11,3532,0,0,0,0,0
2020-08-26,US,Nebraska,Nemaha,71,0,0,40.38514847,-95.85433992,31127.0,1018.3591508892714,0.0,71,68,0,0,68,61,6958,3,0,0,3,7
2020-08-26,US,Nebraska,Nuckolls,9,0,0,40.17637905,-98.04743961,31129.0,216.97203471552555,0.0,9,9,0,0,9,7,4195,0,0,0,0,2
2020-08-26,US,Nebraska,Otoe,100,1,0,40.64843556,-96.13374142,31131.0,624.5316012990257,1.0,99,94,1,0,93,91,15985,6,0,0,6,3
2020-08-26,US,Nebraska,Pawnee,10,0,0,40.13141096,-96.23705437,31133.0,382.70187523918884,0.0,10,10,0,0,10,10,2632,0,0,0,0,0
2020-08-26,US,Nebraska,Perkins,29,7,0,40.85082525,-101.6502942,31135.0,1003.1131096506399,24.13793103448276,22,28,7,0,21,28,2929,1,0,0,1,0
2020-08-26,US,Nebraska,Phelps,56,0,0,40.51156033,-99.41461667,31137.0,619.8804516271863,0.0,56,55,0,0,55,54,8996,1,0,0,1,1
2020-08-26,US,Nebraska,Pierce,60,2,0,42.26434853,-97.60122773,31139.0,839.3956351426973,3.333333333333333,58,57,1,0,56,56,7142,3,1,0,2,1
2020-08-26,US,Nebraska,Platte,834,3,0,41.57246836,-97.52144359,31141.0,2491.7836868837767,0.3597122302158273,831,832,3,0,829,830,33363,2,0,0,2,2
2020-08-26,US,Nebraska,Polk,32,0,0,41.18813488,-97.56630712,31143.0,613.849990408594,0.0,32,32,0,0,32,31,5278,0,0,0,0,1
2020-08-26,US,Nebraska,Red Willow,18,0,0,40.17556879999999,-100.476998,31145.0,167.84781797836632,0.0,18,18,0,0,18,18,10726,0,0,0,0,0
2020-08-26,US,Nebraska,Richardson,31,1,0,40.1247415,-95.71755036,31147.0,394.15130324221235,3.2258064516129035,30,30,1,0,29,30,7937,1,0,0,1,0
2020-08-26,US,Nebraska,Rock,5,0,0,42.42252217,-99.44832069,31149.0,368.45983787767136,0.0,5,5,0,0,5,5,1360,0,0,0,0,0
2020-08-26,US,Nebraska,Saline,624,2,0,40.52418865,-97.14085859,31151.0,4386.95163104612,0.3205128205128205,622,620,2,0,618,617,14350,4,0,0,4,3
2020-08-26,US,Nebraska,Sarpy,2724,15,0,41.11314181,-96.11156432,31153.0,1455.1592982756042,0.5506607929515418,2709,2675,15,0,2660,2648,184459,49,0,0,49,27
2020-08-26,US,Nebraska,Saunders,202,2,0,41.227810299999994,-96.63773905,31155.0,936.1386597460375,0.99009900990099,200,196,2,0,194,189,21303,6,0,0,6,7
2020-08-26,US,Nebraska,Scotts Bluff,348,6,0,41.85070896,-103.70809859999999,31157.0,977.034083890168,1.7241379310344829,342,342,6,0,336,331,35989,6,0,0,6,11
2020-08-26,US,Nebraska,Seward,154,2,0,40.87241834,-97.139673,31159.0,890.9974542929879,1.2987012987012987,152,147,2,0,145,147,17318,7,0,0,7,0
2020-08-26,US,Nebraska,Sheridan,20,0,0,42.50284406,-102.4126613,31161.0,381.2428516965307,0.0,20,14,0,0,14,14,5190,6,0,0,6,0
2020-08-26,US,Nebraska,Sherman,15,1,0,41.22045983,-98.97588642,31163.0,499.8333888703766,6.666666666666668,14,15,1,0,14,15,3038,0,0,0,0,0
2020-08-26,US,Nebraska,Sioux,5,0,0,42.48932059,-103.7576544,31165.0,428.8164665523156,0.0,5,5,0,0,5,5,1187,0,0,0,0,0
2020-08-26,US,Nebraska,Stanton,32,0,0,41.9169835,-97.19394708,31167.0,540.5405405405405,0.0,32,32,0,0,32,32,5970,0,0,0,0,0
2020-08-26,US,Nebraska,Thayer,27,0,0,40.17626377,-97.59504381,31169.0,539.6761942834298,0.0,27,27,0,0,27,27,5039,0,0,0,0,0
2020-08-26,US,Nebraska,Thomas,4,0,0,41.91358968,-100.5556632,31171.0,554.016620498615,0.0,4,4,0,0,4,3,720,0,0,0,0,1
2020-08-26,US,Nebraska,Thurston,217,4,0,42.15725356,-96.54157099,31173.0,3003.875968992248,1.8433179723502304,213,217,4,0,213,217,7303,0,0,0,0,0
2020-08-26,US,Nebraska,Unassigned,158,2,0,0.0,0.0,90031.0,0.0,1.2658227848101269,156,150,1,0,149,168,,8,1,0,7,-18
2020-08-26,US,Nebraska,Valley,18,0,0,41.56730777,-98.98197724,31175.0,432.9004329004329,0.0,18,18,0,0,18,18,4190,0,0,0,0,0
2020-08-26,US,Nebraska,Washington,169,1,0,41.52815707,-96.22019892,31177.0,815.2829369482367,0.591715976331361,168,163,1,0,162,158,20667,6,0,0,6,5
2020-08-26,US,Nebraska,Wayne,46,0,0,42.20934475,-97.11926964,31179.0,490.14384656366536,0.0,46,46,0,0,46,45,9403,0,0,0,0,1
2020-08-26,US,Nebraska,Webster,13,0,0,40.17642643,-98.50019851,31181.0,372.8133065672498,0.0,13,13,0,0,13,11,3533,0,0,0,0,2
2020-08-26,US,Nebraska,Wheeler,1,0,0,41.91482725,-98.52798941,31183.0,127.7139208173691,0.0,1,1,0,0,1,1,805,0,0,0,0,0
2020-08-26,US,Nebraska,York,107,0,0,40.87272618,-97.59710186,31185.0,782.2209225820601,0.0,107,104,0,0,104,102,13772,3,0,0,3,2
2020-08-26,US,Nevada,Carson City,416,8,0,39.15509045,-119.7480219,32510.0,743.9731025109093,1.9230769230769231,408,412,8,0,404,408,55414,4,0,0,4,4
2020-08-26,US,Nevada,Churchill,84,1,0,39.58105744,-118.3394607,32001.0,337.22750812959174,1.1904761904761905,83,84,1,0,83,84,24440,0,0,0,0,0
2020-08-26,US,Nevada,Clark,57283,1078,0,36.21458855,-115.0130241,32003.0,2527.1372889842787,1.881884677827628,56205,57131,1058,0,56073,56796,2231647,152,20,0,132,335
2020-08-26,US,Nevada,Douglas,233,1,0,38.912862,-119.61713329999999,32005.0,476.4339024639608,0.4291845493562232,232,231,1,0,230,229,48467,2,0,0,2,2
2020-08-26,US,Nevada,Elko,735,3,0,41.14531606,-115.3577619,32007.0,1392.6257152601465,0.4081632653061225,732,735,3,0,732,731,52460,0,0,0,0,4
2020-08-26,US,Nevada,Eureka,5,0,0,39.98100864,-116.26832040000001,32011.0,246.4268112370626,0.0,5,5,0,0,5,5,2003,0,0,0,0,0
2020-08-26,US,Nevada,Humboldt,109,4,0,41.40692186,-118.11094270000001,32013.0,647.6145208246687,3.669724770642202,105,109,4,0,105,109,16786,0,0,0,0,0
2020-08-26,US,Nevada,Lander,58,1,0,39.933223299999995,-117.03970749999999,32015.0,1048.4454085321763,1.7241379310344829,57,57,1,0,56,56,5575,1,0,0,1,1
2020-08-26,US,Nevada,Lincoln,6,0,0,37.64268459,-114.8790388,32017.0,115.76307158016591,0.0,6,6,0,0,6,7,5201,0,0,0,0,-1
2020-08-26,US,Nevada,Lyon,308,6,0,39.01777974,-119.18704790000001,32019.0,535.5590332116153,1.9480519480519483,302,303,6,0,297,300,55808,5,0,0,5,3
2020-08-26,US,Nevada,Mineral,12,0,0,38.53841696,-118.4344506,32021.0,266.37069922308547,0.0,12,12,0,0,12,12,4514,0,0,0,0,0
2020-08-26,US,Nevada,Nye,464,14,0,38.04264256,-116.47227020000001,32023.0,997.3561464221996,3.0172413793103448,450,463,14,0,449,458,45346,1,0,0,1,5
2020-08-26,US,Nevada,Pershing,19,0,0,40.44003782,-118.40056409999998,32027.0,282.52788104089217,0.0,19,19,0,0,19,17,6666,0,0,0,0,2
2020-08-26,US,Nevada,Storey,6,0,0,39.44875482,-119.5250207,32029.0,145.52510308028138,0.0,6,6,0,0,6,6,4029,0,0,0,0,0
2020-08-26,US,Nevada,Washoe,6904,133,0,40.66562265,-119.6631594,32031.0,1464.2039875381479,1.9264194669756665,6771,6816,133,0,6683,6767,465735,88,0,0,88,49
2020-08-26,US,Nevada,White Pine,24,1,0,39.44157041,-114.89996599999999,32033.0,250.52192066805844,4.166666666666667,23,24,1,0,23,25,9475,0,0,0,0,-1
2020-08-26,US,New Hampshire,Belknap,122,4,0,43.51637314,-71.41684235,33001.0,199.0114676280117,3.278688524590164,118,122,4,0,118,122,61022,0,0,0,0,0
2020-08-26,US,New Hampshire,Carroll,100,1,0,43.87498583,-71.20430216,33003.0,204.4571662236761,1.0,99,100,1,0,99,99,48779,0,0,0,0,1
2020-08-26,US,New Hampshire,Cheshire,121,3,0,42.92015988,-72.25311043,33005.0,159.03266083985017,2.479338842975207,118,121,3,0,118,119,76493,0,0,0,0,2
2020-08-26,US,New Hampshire,Coos,17,0,0,44.69063265,-71.30633239,33007.0,53.86053290244907,0.0,17,17,0,0,17,17,31589,0,0,0,0,0
2020-08-26,US,New Hampshire,Grafton,109,1,0,43.93779815,-71.82057197,33009.0,121.26471308101372,0.9174311926605504,108,109,1,0,108,109,89786,0,0,0,0,0
2020-08-26,US,New Hampshire,Hillsborough,3987,284,0,42.91537785,-71.7200253,33011.0,956.0577903003416,7.123150238274393,3703,3987,284,0,3703,3983,415247,0,0,0,0,4
2020-08-26,US,New Hampshire,Merrimack,495,23,0,43.29662971,-71.6811573,33013.0,326.967917511609,4.646464646464646,472,495,23,0,472,494,151132,0,0,0,0,1
2020-08-26,US,New Hampshire,Rockingham,1775,99,0,42.98499744,-71.12883377,33015.0,573.0076282649328,5.577464788732394,1676,1775,99,0,1676,1771,309176,0,0,0,0,4
2020-08-26,US,New Hampshire,Strafford,378,13,0,43.291833000000004,-71.02336013,33017.0,289.3602688447789,3.4391534391534386,365,378,13,0,365,376,130090,0,0,0,0,2
2020-08-26,US,New Hampshire,Sullivan,46,1,0,43.36094111,-72.22203125,33019.0,106.61474991888008,2.1739130434782608,45,46,1,0,45,44,43144,0,0,0,0,2
2020-08-26,US,New Hampshire,Unassigned,6,0,0,0.0,0.0,90033.0,0.0,0.0,6,6,0,0,6,6,,0,0,0,0,0
2020-08-26,US,New Jersey,Atlantic,3703,251,0,39.47538693,-74.65848483,34001.0,1404.4070239314294,6.7782878746961925,3452,3686,252,0,3434,3680,265429,17,-1,0,18,6
2020-08-26,US,New Jersey,Bergen,21436,2030,0,40.96010917,-74.07164325,34003.0,2299.501610166037,9.470050382534057,19406,21395,2033,0,19362,21352,936692,41,-3,0,44,43
2020-08-26,US,New Jersey,Burlington,6314,481,0,39.87681124,-74.66927768,34005.0,1417.764494811934,7.617991764333228,5833,6304,482,0,5822,6287,445384,10,-1,0,11,17
2020-08-26,US,New Jersey,Camden,9020,585,0,39.80343818,-74.96388753,34007.0,1780.9509330247934,6.485587583148559,8435,9001,585,0,8416,8979,507078,19,0,0,19,22
2020-08-26,US,New Jersey,Cape May,886,92,0,39.15008829,-74.80170244,34009.0,962.6354045567641,10.383747178329573,794,882,91,0,791,881,92560,4,1,0,3,1
2020-08-26,US,New Jersey,Cumberland,3523,155,0,39.37199394,-75.10712559,34011.0,2356.0962234245317,4.399659381209196,3368,3516,159,0,3357,3508,150972,7,-4,0,11,8
2020-08-26,US,New Jersey,Essex,20183,2110,0,40.78681335,-74.24657979,34013.0,2526.111580462468,10.454342763712036,18073,20159,2115,0,18044,20131,799767,24,-5,0,29,28
2020-08-26,US,New Jersey,Gloucester,3592,219,0,39.71581067,-75.13995546,34015.0,1231.6723586937144,6.096881959910912,3373,3579,220,0,3359,3568,291408,13,-1,0,14,11
2020-08-26,US,New Jersey,Hudson,20068,1506,0,40.73766234,-74.07515667,34017.0,2984.5729642425317,7.504484751843731,18562,20058,1510,0,18548,20052,676061,10,-4,0,14,6
2020-08-26,US,New Jersey,Hunterdon,1202,124,0,40.56335249,-74.91284156,34019.0,966.463243038972,10.316139767054908,1078,1197,124,0,1073,1196,124714,5,0,0,5,1
2020-08-26,US,New Jersey,Mercer,8288,625,0,40.28047017,-74.70479631,34021.0,2255.667746237379,7.541023166023166,7663,8274,626,0,7648,8267,369811,14,-1,0,15,7
2020-08-26,US,New Jersey,Middlesex,18348,1416,0,40.43629879,-74.41426991,34023.0,2223.832875589956,7.717462393721386,16932,18319,1421,0,16898,18293,829685,29,-5,0,34,26
2020-08-26,US,New Jersey,Monmouth,10628,856,0,40.26549699,-74.22240686,34025.0,1717.5316542635285,8.054196462175385,9772,10607,860,0,9747,10594,621354,21,-4,0,25,13
2020-08-26,US,New Jersey,Morris,7442,829,0,40.86095313,-74.54553709999998,34027.0,1513.078307190273,11.139478634775598,6613,7439,830,0,6609,7427,494228,3,-1,0,4,12
2020-08-26,US,New Jersey,Ocean,11036,1020,0,39.8895449,-74.28089251,34029.0,1817.564963619056,9.24247915911562,10016,10997,1025,0,9972,10946,601651,39,-5,0,44,51
2020-08-26,US,New Jersey,Passaic,18223,1244,0,41.03238628,-74.29954144,34031.0,3631.338352337265,6.826537891675356,16979,18206,1249,0,16957,18187,503310,17,-5,0,22,19
2020-08-26,US,New Jersey,Salem,966,88,0,39.58719656,-75.34696629999998,34033.0,1548.44914642943,9.109730848861282,878,960,88,0,872,960,62607,6,0,0,6,0
2020-08-26,US,New Jersey,Somerset,5364,565,0,40.56465737,-74.61683016,34035.0,1630.7222725531565,10.533184190902313,4799,5358,564,0,4794,5351,331164,6,1,0,5,7
2020-08-26,US,New Jersey,Sussex,1380,197,0,41.13891592,-74.69118243,34037.0,982.29030237458,14.27536231884058,1183,1380,198,0,1182,1369,140799,0,-1,0,1,11
2020-08-26,US,New Jersey,Unassigned,297,0,0,0.0,0.0,90034.0,0.0,0.0,297,310,0,0,310,318,,-13,0,0,-13,-8
2020-08-26,US,New Jersey,Union,17023,1350,0,40.65835409,-74.30680092,34039.0,3059.8140349174337,7.930447042236973,15673,17010,1350,0,15660,16992,558067,13,0,0,13,18
2020-08-26,US,New Jersey,Warren,1384,171,0,40.85951833,-74.99556527,34041.0,1314.7520115515786,12.355491329479769,1213,1384,171,0,1213,1381,105779,0,0,0,0,3
2020-08-26,US,New Mexico,Bernalillo,5668,150,0,35.05163625,-106.6703554,35001.0,834.6082656846129,2.6464361326746646,5518,5633,149,0,5484,5619,678701,35,1,0,34,14
2020-08-26,US,New Mexico,Catron,5,1,0,33.91514144,-108.4046587,35003.0,141.7635384179189,20.0,4,5,1,0,4,5,3578,0,0,0,0,0
2020-08-26,US,New Mexico,Chaves,647,6,0,33.36406072,-104.4665365,35005.0,1001.3154840207384,0.927357032457496,641,627,6,0,621,625,64689,20,0,0,20,2
2020-08-26,US,New Mexico,Cibola,396,19,0,34.91131525,-107.998876,35006.0,1484.5360824742268,4.797979797979798,377,393,19,0,374,392,26746,3,0,0,3,1
2020-08-26,US,New Mexico,Colfax,19,1,0,36.60569702,-104.64726740000002,35007.0,159.11565195544762,5.2631578947368425,18,19,1,0,18,19,12110,0,0,0,0,0
2020-08-26,US,New Mexico,Curry,650,3,0,34.57421077,-103.34688759999999,35009.0,1327.777096866446,0.4615384615384616,647,645,3,0,642,640,49437,5,0,0,5,5
2020-08-26,US,New Mexico,Dona Ana,2752,40,0,32.35275771,-106.83293870000001,35013.0,1261.2571323815853,1.4534883720930232,2712,2733,40,0,2693,2726,217522,19,0,0,19,7
2020-08-26,US,New Mexico,Eddy,457,5,0,32.47167456,-104.3053527,35015.0,781.7310981867944,1.0940919037199124,452,433,5,0,428,426,57900,24,0,0,24,7
2020-08-26,US,New Mexico,Grant,76,2,0,32.73911281,-108.3827845,35017.0,281.50233350618566,2.631578947368421,74,76,2,0,74,76,27346,0,0,0,0,0
2020-08-26,US,New Mexico,Guadalupe,32,1,0,34.86319296,-104.790669,35019.0,744.1860465116278,3.125,31,33,1,0,32,33,4341,-1,0,0,-1,0
2020-08-26,US,New Mexico,Harding,2,0,0,35.85751555,-103.82209379999999,35021.0,320.0,0.0,2,2,0,0,2,2,655,0,0,0,0,0
2020-08-26,US,New Mexico,Hidalgo,93,1,0,31.91383467,-108.7151824,35023.0,2215.340638399238,1.075268817204301,92,93,1,0,92,93,4240,0,0,0,0,0
2020-08-26,US,New Mexico,Lea,1076,9,0,32.79215361,-103.4123733,35025.0,1514.0002814126917,0.8364312267657993,1067,1048,9,0,1039,1045,69611,28,0,0,28,3
2020-08-26,US,New Mexico,Lincoln,164,2,0,33.74526079,-105.4586166,35027.0,837.9317392192929,1.2195121951219512,162,164,2,0,162,164,19556,0,0,0,0,0
2020-08-26,US,New Mexico,Los Alamos,24,0,0,35.86631386,-106.31349850000001,35028.0,123.90933966647735,0.0,24,24,0,0,24,24,19101,0,0,0,0,0
2020-08-26,US,New Mexico,Luna,275,5,0,32.18179341,-107.75088259999998,35029.0,1159.8970854949598,1.818181818181818,270,273,5,0,268,273,23963,2,0,0,2,0
2020-08-26,US,New Mexico,McKinley,4167,241,0,35.58007720000001,-108.262245,35031.0,5838.833074109883,5.783537317014639,3926,4164,239,0,3925,4159,72290,3,2,0,1,5
2020-08-26,US,New Mexico,Mora,6,0,0,36.01095101,-104.9497716,35033.0,132.71400132713998,0.0,6,6,0,0,6,6,4506,0,0,0,0,0
2020-08-26,US,New Mexico,Otero,218,11,0,32.61348406,-105.7417604,35035.0,323.010816417247,5.045871559633029,207,217,11,0,206,216,66781,1,0,0,1,1
2020-08-26,US,New Mexico,Quay,60,1,0,35.10403332,-103.54817270000001,35037.0,727.0083605961469,1.6666666666666667,59,60,1,0,59,60,8253,0,0,0,0,0
2020-08-26,US,New Mexico,Rio Arriba,352,11,0,36.51072137,-106.69316740000001,35039.0,904.3960843760437,3.125,341,349,11,0,338,347,39006,3,0,0,3,2
2020-08-26,US,New Mexico,Roosevelt,194,1,0,34.02097406,-103.4799493,35041.0,1048.6486486486488,0.5154639175257731,193,191,1,0,190,191,18743,3,0,0,3,0
2020-08-26,US,New Mexico,San Juan,3162,189,0,36.50838318,-108.32043700000001,35045.0,2550.8640023233675,5.977229601518028,2973,3158,189,0,2969,3149,125043,4,0,0,4,9
2020-08-26,US,New Mexico,San Miguel,75,0,0,35.48014807,-104.8163562,35047.0,274.95692341533163,0.0,75,67,0,0,67,67,27591,8,0,0,8,0
2020-08-26,US,New Mexico,Sandoval,1230,37,0,35.68862401,-106.86878030000001,35043.0,838.1715594079648,3.008130081300813,1193,1202,35,0,1167,1199,145179,28,2,0,26,3
2020-08-26,US,New Mexico,Santa Fe,791,3,0,35.50708973,-105.9774716,35049.0,526.0777610768963,0.3792667509481669,788,785,3,0,782,780,150056,6,0,0,6,5
2020-08-26,US,New Mexico,Sierra,37,1,0,33.13028233,-107.1925893,35051.0,342.87832452970065,2.702702702702702,36,37,1,0,36,37,10968,0,0,0,0,0
2020-08-26,US,New Mexico,Socorro,77,6,0,34.00715494,-106.9298354,35053.0,462.8238264110117,7.792207792207793,71,76,6,0,70,76,16735,1,0,0,1,0
2020-08-26,US,New Mexico,Taos,116,2,0,36.58006022,-105.63101979999999,35055.0,354.4907251780093,1.7241379310344829,114,116,2,0,114,116,32835,0,0,0,0,0
2020-08-26,US,New Mexico,Torrance,63,1,0,34.64048375,-105.8508949,35057.0,407.4768773041847,1.5873015873015872,62,63,1,0,62,63,15591,0,0,0,0,0
2020-08-26,US,New Mexico,Unassigned,1318,0,0,0.0,0.0,90035.0,0.0,0.0,1318,1389,2,0,1387,1389,,-71,-2,0,-69,0
2020-08-26,US,New Mexico,Union,31,2,0,36.48126404,-103.4709624,35059.0,763.7349100763735,6.451612903225807,29,31,2,0,29,31,4118,0,0,0,0,0
2020-08-26,US,New Mexico,Valencia,499,4,0,34.71669834,-106.8103733,35061.0,650.6885040684332,0.8016032064128257,495,494,4,0,490,494,76456,5,0,0,5,0
2020-08-26,US,New York,Albany,2718,131,0,42.60060306,-73.97723916,36001.0,889.6715612786653,4.81972038263429,2587,2711,131,0,2580,2701,307117,7,0,0,7,10
2020-08-26,US,New York,Allegany,86,1,0,42.25748406,-78.02750466,36003.0,186.58740318066432,1.162790697674419,85,86,1,0,85,85,46430,0,0,0,0,1
2020-08-26,US,New York,Broome,1268,69,0,42.15903158,-75.81326086,36007.0,665.6587291587923,5.441640378548897,1199,1256,69,0,1187,1250,191659,12,0,0,12,6
2020-08-26,US,New York,Cattaraugus,185,6,0,42.24778241,-78.67923096,36009.0,243.04688834294566,3.2432432432432434,179,184,6,0,178,182,76840,1,0,0,1,2
2020-08-26,US,New York,Cayuga,175,2,0,42.91261714,-76.55731592,36011.0,228.5311324697033,1.1428571428571428,173,174,2,0,172,167,77145,1,0,0,1,7
2020-08-26,US,New York,Chautauqua,310,9,0,42.22769210000001,-79.36691763,36013.0,244.2810650654437,2.9032258064516134,301,305,9,0,296,289,127939,5,0,0,5,16
2020-08-26,US,New York,Chemung,194,3,0,42.13891056,-76.7638805,36015.0,232.45782208588957,1.5463917525773196,191,194,3,0,191,194,84254,0,0,0,0,0
2020-08-26,US,New York,Chenango,223,7,0,42.49430041,-75.60887553,36017.0,472.38756964009576,3.1390134529147984,216,223,7,0,216,223,47536,0,0,0,0,0
2020-08-26,US,New York,Clinton,147,5,0,44.74530905,-73.67875352,36019.0,182.64272845871898,3.4013605442176873,142,146,5,0,141,142,80695,1,0,0,1,4
2020-08-26,US,New York,Columbia,564,37,0,42.24819348,-73.63089095,36021.0,948.5208792317653,6.560283687943263,527,564,37,0,527,562,59916,0,0,0,0,2
2020-08-26,US,New York,Cortland,98,0,0,42.59509207,-76.07048931,36023.0,205.9645656879847,0.0,98,98,0,0,98,98,47823,0,0,0,0,0
2020-08-26,US,New York,Delaware,109,4,0,42.19837623,-74.96709306,36025.0,246.96952532004082,3.669724770642202,105,109,4,0,105,109,44527,0,0,0,0,0
2020-08-26,US,New York,Dutchess,4798,153,0,41.76486060000001,-73.74356679,36027.0,1630.7635834653213,3.18882867861609,4645,4790,153,0,4637,4777,293718,8,0,0,8,13
2020-08-26,US,New York,Erie,9589,676,0,42.76249024,-78.73063652,36029.0,1043.75521115661,7.049744498904995,8913,9546,676,0,8870,9491,919719,43,0,0,43,55
2020-08-26,US,New York,Essex,105,0,0,44.11630765,-73.77297842,36031.0,284.66856445709635,0.0,105,101,0,0,101,100,37300,4,0,0,4,1
2020-08-26,US,New York,Franklin,57,0,0,44.59040891,-74.29926032,36033.0,113.94986206069328,0.0,57,56,0,0,56,56,50293,1,0,0,1,0
2020-08-26,US,New York,Fulton,309,24,0,43.11363907,-74.41798804,36035.0,578.835959013169,7.766990291262137,285,309,24,0,285,309,53591,0,0,0,0,0
2020-08-26,US,New York,Genesee,292,5,0,43.0022601,-78.19135193,36037.0,509.7765363128492,1.7123287671232876,287,291,5,0,286,290,57511,1,0,0,1,1
2020-08-26,US,New York,Greene,306,18,0,42.275797,-74.12384884,36039.0,648.4699499872847,5.882352941176472,288,305,18,0,287,305,47491,1,0,0,1,0
2020-08-26,US,New York,Hamilton,13,0,0,43.66146647,-74.49721957,36041.0,294.3840579710145,0.0,13,13,0,0,13,12,4434,0,0,0,0,1
2020-08-26,US,New York,Herkimer,292,4,0,43.42034246,-74.96145307,36043.0,476.19824198046285,1.3698630136986298,288,290,4,0,286,289,61833,2,0,0,2,1
2020-08-26,US,New York,Jefferson,146,0,0,44.04200959,-75.94653457,36045.0,132.92787297193948,0.0,146,146,0,0,146,145,111755,0,0,0,0,1
2020-08-26,US,New York,Lewis,48,0,0,43.784415700000004,-75.44903992,36049.0,182.5372680255552,0.0,48,47,0,0,47,47,26447,1,0,0,1,0
2020-08-26,US,New York,Livingston,181,8,0,42.72596275,-77.77966158,36051.0,287.6943128715389,4.419889502762431,173,181,8,0,173,180,63227,0,0,0,0,1
2020-08-26,US,New York,Madison,435,17,0,42.91653905,-75.67266639,36053.0,613.1856049393157,3.9080459770114944,418,434,17,0,417,432,70795,1,0,0,1,2
2020-08-26,US,New York,Monroe,5364,289,0,43.14638895,-77.69322942,36055.0,723.1352036345497,5.387770320656227,5075,5348,289,0,5059,5330,742474,16,0,0,16,18
2020-08-26,US,New York,Montgomery,197,4,0,42.90123494,-74.44011632,36057.0,400.235671766116,2.0304568527918785,193,196,4,0,192,196,49455,1,0,0,1,0
2020-08-26,US,New York,Nassau,44403,2196,0,40.74066522,-73.58941873,36059.0,3272.3277058995195,4.945611782987637,42207,44348,2196,0,42152,44284,1358343,55,0,0,55,64
2020-08-26,US,New York,New York City,232825,23669,0,40.76727260000001,-73.97152637,36061.0,2792.7325260947914,10.166004509824976,209156,232565,23666,0,208899,232334,1628701,260,3,0,257,231
2020-08-26,US,New York,Niagara,1590,101,0,43.19898042,-78.74777412,36063.0,759.7440761464253,6.352201257861634,1489,1586,101,0,1485,1576,210433,4,0,0,4,10
2020-08-26,US,New York,Oneida,2259,120,0,43.24375382,-75.43710392,36065.0,987.8821538367348,5.3120849933598935,2139,2256,120,0,2136,2245,229577,3,0,0,3,11
2020-08-26,US,New York,Onondaga,3801,204,0,43.00491923,-76.19971155,36067.0,825.3569815516104,5.3670086819258085,3597,3792,204,0,3588,3768,461809,9,0,0,9,24
2020-08-26,US,New York,Ontario,381,35,0,42.85145728,-77.30874425,36069.0,347.06723630633013,9.186351706036746,346,381,35,0,346,381,109864,0,0,0,0,0
2020-08-26,US,New York,Orange,11366,494,0,41.40337468,-74.30240757,36071.0,2952.667948251676,4.346295970438149,10872,11354,494,0,10860,11343,381951,12,0,0,12,11
2020-08-26,US,New York,Orleans,305,54,0,43.2516977,-78.2320066,36073.0,755.8485329103886,17.704918032786885,251,304,54,0,250,304,40612,1,0,0,1,0
2020-08-26,US,New York,Oswego,286,3,0,43.42778894,-76.14635194,36075.0,244.18564939722003,1.048951048951049,283,285,3,0,282,282,117898,1,0,0,1,3
2020-08-26,US,New York,Otsego,124,5,0,42.63492579,-75.03151402,36077.0,208.4278822718639,4.032258064516129,119,124,5,0,119,124,59749,0,0,0,0,0
2020-08-26,US,New York,Putnam,1482,63,0,41.42630093,-73.74965532,36079.0,1507.3230268510986,4.251012145748988,1419,1480,63,0,1417,1475,98892,2,0,0,2,5
2020-08-26,US,New York,Rensselaer,822,40,0,42.71348136,-73.51089874,36083.0,517.9127235152539,4.866180048661801,782,819,40,0,779,818,159442,3,0,0,3,1
2020-08-26,US,New York,Rockland,14161,674,0,41.15027894,-74.02560498,36087.0,4346.678371584062,4.759550879175199,13487,14149,674,0,13475,14139,325695,12,0,0,12,10
2020-08-26,US,New York,Saratoga,824,17,0,43.10904162,-73.86653895,36091.0,358.4743956182597,2.063106796116505,807,824,17,0,807,816,230163,0,0,0,0,8
2020-08-26,US,New York,Schenectady,1211,44,0,42.81668777,-74.05278291,36093.0,779.7860900585323,3.6333608587943846,1167,1206,44,0,1162,1182,155350,5,0,0,5,24
2020-08-26,US,New York,Schoharie,69,0,0,42.58831742,-74.44339029999998,36095.0,222.58782541372295,0.0,69,69,0,0,69,69,31097,0,0,0,0,0
2020-08-26,US,New York,Schuyler,24,0,0,42.39184015,-76.8773299,36097.0,134.77845790981078,0.0,24,24,0,0,24,24,17912,0,0,0,0,0
2020-08-26,US,New York,Seneca,98,3,0,42.78081007,-76.82497064,36099.0,288.0997177798684,3.0612244897959178,95,96,3,0,93,95,34300,2,0,0,2,1
2020-08-26,US,New York,St. Lawrence,267,4,0,44.4976179,-75.06550039,36089.0,247.81882309263042,1.49812734082397,263,267,4,0,263,267,108047,0,0,0,0,0
2020-08-26,US,New York,Steuben,310,42,0,42.2689144,-77.3829924,36101.0,325.01913419096445,13.548387096774194,268,310,42,0,268,310,95796,0,0,0,0,0
2020-08-26,US,New York,Suffolk,44605,2001,0,40.88320119,-72.8012172,36103.0,3020.7889605926043,4.486044165452303,42604,44561,2001,0,42560,44519,1481093,44,0,0,44,42
2020-08-26,US,New York,Sullivan,1499,48,0,41.71579493,-74.76394559,36105.0,1987.2202778661576,3.2021347565043365,1451,1499,48,0,1451,1495,75498,0,0,0,0,4
2020-08-26,US,New York,Tioga,206,25,0,42.16852837,-76.30835812,36107.0,427.35929299006284,12.135922330097088,181,206,25,0,181,206,48560,0,0,0,0,0
2020-08-26,US,New York,Tompkins,248,0,0,42.44945765,-76.47229843,36109.0,242.7089449990213,0.0,248,245,0,0,245,244,102793,3,0,0,3,1
2020-08-26,US,New York,Ulster,2141,94,0,41.89027881,-74.26252104,36111.0,1205.7013172047552,4.390471742176553,2047,2137,94,0,2043,2134,178599,4,0,0,4,3
2020-08-26,US,New York,Warren,316,33,0,43.56173026,-73.8433699,36113.0,494.18240960840734,10.443037974683543,283,316,33,0,283,315,64265,0,0,0,0,1
2020-08-26,US,New York,Washington,266,14,0,43.31153794,-73.43043448,36115.0,434.6121168551075,5.2631578947368425,252,266,14,0,252,266,61197,0,0,0,0,0
2020-08-26,US,New York,Wayne,277,5,0,43.15494365,-77.02976528,36117.0,308.0584532574123,1.8050541516245489,272,275,5,0,270,275,90064,2,0,0,2,0
2020-08-26,US,New York,Westchester,36780,1449,0,41.16278376,-73.75741653,36119.0,3801.526812236824,3.939641109298532,35331,36742,1449,0,35293,36710,967612,38,0,0,38,32
2020-08-26,US,New York,Wyoming,125,5,0,42.70145109,-78.22199579,36121.0,313.6054592438345,4.0,120,125,5,0,120,124,40085,0,0,0,0,1
2020-08-26,US,New York,Yates,60,7,0,42.63505484,-77.10369919,36123.0,240.83811664592784,11.666666666666664,53,60,7,0,53,60,24841,0,0,0,0,0
2020-08-26,US,North Carolina,Alamance,2955,44,0,36.0434701,-79.39976137,37001.0,1743.2702688352829,1.4890016920473774,2911,2931,44,0,2887,2921,166436,24,0,0,24,10
2020-08-26,US,North Carolina,Alexander,378,2,0,35.922379600000006,-81.17751948,37003.0,1008.080646451716,0.5291005291005291,376,374,2,0,372,369,37353,4,0,0,4,5
2020-08-26,US,North Carolina,Alleghany,193,0,0,36.49360862,-81.12857041,37005.0,1732.9621980784768,0.0,193,193,0,0,193,191,11161,0,0,0,0,2
2020-08-26,US,North Carolina,Anson,421,3,0,34.97403241,-80.09953279,37007.0,1722.1631350732223,0.7125890736342043,418,415,3,0,412,406,24877,6,0,0,6,9
2020-08-26,US,North Carolina,Ashe,187,1,0,36.43296207,-81.49862729,37009.0,687.4241811564901,0.5347593582887701,186,185,1,0,184,184,27109,2,0,0,2,1
2020-08-26,US,North Carolina,Avery,121,0,0,36.07569796,-81.92308483,37011.0,689.1838013328019,0.0,121,120,0,0,120,120,17505,1,0,0,1,0
2020-08-26,US,North Carolina,Beaufort,512,9,0,35.48531943,-76.84325809,37013.0,1089.5007873345533,1.7578125,503,507,9,0,498,504,47079,5,0,0,5,3
2020-08-26,US,North Carolina,Bertie,372,5,0,36.0688473,-76.96545943,37015.0,1963.3715100015838,1.3440860215053765,367,367,5,0,362,362,19026,5,0,0,5,5
2020-08-26,US,North Carolina,Bladen,684,9,0,34.61296243,-78.56180059,37017.0,2090.3367764806553,1.3157894736842106,675,680,9,0,671,674,33190,4,0,0,4,6
2020-08-26,US,North Carolina,Brunswick,1365,24,0,34.070565,-78.22814204,37019.0,955.7484946085982,1.7582417582417582,1341,1361,24,0,1337,1358,136744,4,0,0,4,3
2020-08-26,US,North Carolina,Buncombe,2314,67,0,35.61113393,-82.53305,37021.0,885.9417054952122,2.8954191875540185,2247,2305,65,0,2240,2298,259103,9,2,0,7,7
2020-08-26,US,North Carolina,Burke,1817,28,0,35.74989637,-81.70755735,37023.0,2008.0676355196995,1.5410016510731976,1789,1804,27,0,1777,1799,90382,13,1,0,12,5
2020-08-26,US,North Carolina,Cabarrus,3029,51,0,35.3877799,-80.55267168,37025.0,1399.3800039731489,1.683724001320568,2978,3014,51,0,2963,2986,211342,15,0,0,15,28
2020-08-26,US,North Carolina,Caldwell,1369,14,0,35.95204977,-81.54799522,37027.0,1665.8959818929638,1.0226442658875092,1355,1362,14,0,1348,1357,82029,7,0,0,7,5
2020-08-26,US,North Carolina,Camden,89,3,0,36.33804939,-76.15568396,37029.0,818.9932824146498,3.3707865168539324,86,89,2,0,87,87,10710,0,1,0,-1,2
2020-08-26,US,North Carolina,Carteret,446,5,0,34.8932941,-76.54120135,37031.0,641.9760194607977,1.1210762331838564,441,445,5,0,440,436,69524,1,0,0,1,9
2020-08-26,US,North Carolina,Caswell,225,2,0,36.39312665,-79.33353281,37033.0,995.3990444169174,0.8888888888888888,223,222,2,0,220,219,22698,3,0,0,3,3
2020-08-26,US,North Carolina,Catawba,2483,42,0,35.66211129,-81.2132617,37035.0,1556.2422046869024,1.6915022150624246,2441,2473,42,0,2431,2454,158652,10,0,0,10,19
2020-08-26,US,North Carolina,Chatham,1443,56,0,35.70394416,-79.25541492,37037.0,1937.6930307506384,3.8808038808038807,1387,1435,56,0,1379,1433,73139,8,0,0,8,2
2020-08-26,US,North Carolina,Cherokee,376,5,0,35.1349263,-84.05970864,37039.0,1314.133929819656,1.3297872340425532,371,372,5,0,367,367,28383,4,0,0,4,5
2020-08-26,US,North Carolina,Chowan,193,2,0,36.12908077,-76.60118385,37041.0,1384.2071290253173,1.0362694300518134,191,187,2,0,185,186,14029,6,0,0,6,1
2020-08-26,US,North Carolina,Clay,83,1,0,35.05704275,-83.74353633,37043.0,739.0259104264981,1.2048192771084338,82,83,1,0,82,83,11139,0,0,0,0,0
2020-08-26,US,North Carolina,Cleveland,1509,30,0,35.33553364,-81.55204486,37045.0,1540.629115746271,1.9880715705765408,1479,1499,26,0,1473,1488,97645,10,4,0,6,11
2020-08-26,US,North Carolina,Columbus,1058,51,0,34.26744084,-78.65801424,37047.0,1906.0315630179434,4.8204158790170135,1007,1054,50,0,1004,1040,55655,4,1,0,3,14
2020-08-26,US,North Carolina,Craven,881,26,0,35.11833364,-77.08398081,37049.0,862.5500543377162,2.9511918274687856,855,879,26,0,853,875,102912,2,0,0,2,4
2020-08-26,US,North Carolina,Cumberland,3861,65,0,35.04762133,-78.82623165,37051.0,1150.7888014926575,1.6835016835016836,3796,3805,65,0,3740,3745,332330,56,0,0,56,60
2020-08-26,US,North Carolina,Currituck,91,0,0,36.36123664,-75.95876401,37053.0,327.77437596801497,0.0,91,90,0,0,90,89,27072,1,0,0,1,1
2020-08-26,US,North Carolina,Dare,236,2,0,35.66520691,-75.71767334,37055.0,637.6827258234482,0.8474576271186439,234,233,2,0,231,232,36501,3,0,0,3,1
2020-08-26,US,North Carolina,Davidson,2080,32,0,35.79115496,-80.21256572,37057.0,1240.9834794074307,1.5384615384615383,2048,2060,32,0,2028,2040,166614,20,0,0,20,20
2020-08-26,US,North Carolina,Davie,463,6,0,35.93099927,-80.54496571,37059.0,1080.6142930495262,1.2958963282937366,457,464,6,0,458,461,42733,-1,0,0,-1,3
2020-08-26,US,North Carolina,Duplin,2061,49,0,34.93449805,-77.93140529,37061.0,3508.6225975042985,2.37748665696264,2012,2060,49,0,2011,2060,58856,1,0,0,1,0
2020-08-26,US,North Carolina,Durham,6699,82,0,36.03638492,-78.87608331,37063.0,2083.7480714676753,1.2240632930288102,6617,6650,82,0,6568,6626,316739,49,0,0,49,24
2020-08-26,US,North Carolina,Edgecombe,871,17,0,35.91230639,-77.59436892,37065.0,1692.1821572894,1.9517795637198625,854,857,17,0,840,854,52005,14,0,0,14,3
2020-08-26,US,North Carolina,Forsyth,5952,70,0,36.12859861,-80.25459052,37067.0,1556.9128552557581,1.1760752688172045,5882,5915,69,0,5846,5876,379099,37,1,0,36,39
2020-08-26,US,North Carolina,Franklin,996,28,0,36.081519,-78.28708884,37069.0,1429.288943101098,2.8112449799196786,968,984,28,0,956,976,67560,12,0,0,12,8
2020-08-26,US,North Carolina,Gaston,3910,62,0,35.29373559,-81.17477045,37071.0,1741.4231569195956,1.5856777493606138,3848,3877,62,0,3815,3846,222846,33,0,0,33,31
2020-08-26,US,North Carolina,Gates,75,2,0,36.44667547,-76.69749701,37073.0,648.6766995329527,2.6666666666666665,73,74,2,0,72,75,11573,1,0,0,1,-1
2020-08-26,US,North Carolina,Graham,50,0,0,35.3506925,-83.83369267,37075.0,592.3468783319512,0.0,50,50,0,0,50,50,8484,0,0,0,0,0
2020-08-26,US,North Carolina,Granville,1468,40,0,36.30337451,-78.65184241,37077.0,2428.734510199692,2.7247956403269757,1428,1448,39,0,1409,1446,60115,20,1,0,19,2
2020-08-26,US,North Carolina,Greene,378,3,0,35.48544173,-77.67578087,37079.0,1794.105083297736,0.7936507936507936,375,375,3,0,372,373,21012,3,0,0,3,2
2020-08-26,US,North Carolina,Guilford,6518,166,0,36.07959451,-79.78824948,37081.0,1213.3870961736793,2.5467934949370967,6352,6479,163,0,6316,6427,533670,39,3,0,36,52
2020-08-26,US,North Carolina,Halifax,836,10,0,36.25669272,-77.6556109,37083.0,1671.665666866627,1.1961722488038278,826,830,9,0,821,816,50574,6,1,0,5,14
2020-08-26,US,North Carolina,Harnett,1531,45,0,35.36731853,-78.87243571,37085.0,1125.9339883508856,2.939255388634879,1486,1521,45,0,1476,1509,134214,10,0,0,10,12
2020-08-26,US,North Carolina,Haywood,491,25,0,35.55269063,-82.98196486,37087.0,787.9069916716145,5.091649694501019,466,491,25,0,466,487,61971,0,0,0,0,4
2020-08-26,US,North Carolina,Henderson,1667,59,0,35.33788927,-82.4766782,37089.0,1419.726274730235,3.5392921415716856,1608,1661,59,0,1602,1647,116748,6,0,0,6,14
2020-08-26,US,North Carolina,Hertford,486,14,0,36.3607755,-76.98104134,37091.0,2052.624910250454,2.8806584362139915,472,481,12,0,469,467,23659,5,2,0,3,14
2020-08-26,US,North Carolina,Hoke,842,12,0,35.01888303,-79.23651674,37093.0,1524.4233624216968,1.4251781472684086,830,839,12,0,827,833,54764,3,0,0,3,6
2020-08-26,US,North Carolina,Hyde,85,0,0,35.42017674,-76.15180542,37095.0,1721.6933360340286,0.0,85,80,0,0,80,77,5230,5,0,0,5,3
2020-08-26,US,North Carolina,Iredell,2239,18,0,35.80950511,-80.8743128,37097.0,1231.5325126783493,0.8039303260384101,2221,2230,18,0,2212,2214,178435,9,0,0,9,16
2020-08-26,US,North Carolina,Jackson,473,7,0,35.28814273,-83.14093385,37099.0,1076.5169101916338,1.4799154334038056,466,472,7,0,465,469,43327,1,0,0,1,3
2020-08-26,US,North Carolina,Johnston,3664,49,0,35.51745004,-78.36622717,37101.0,1750.2710913876535,1.3373362445414847,3615,3645,49,0,3596,3618,202675,19,0,0,19,27
2020-08-26,US,North Carolina,Jones,128,6,0,35.02254606,-77.35870791,37103.0,1358.9553031107334,4.6875,122,126,6,0,120,126,9637,2,0,0,2,0
2020-08-26,US,North Carolina,Lee,1391,12,0,35.47623147,-79.17569362,37105.0,2251.5741595040386,0.8626887131560029,1379,1390,11,0,1379,1386,61452,1,1,0,0,4
2020-08-26,US,North Carolina,Lenoir,741,12,0,35.24032589999999,-77.64245615,37107.0,1324.4204543423475,1.6194331983805668,729,735,11,0,724,727,55976,6,1,0,5,8
2020-08-26,US,North Carolina,Lincoln,1049,10,0,35.48508185,-81.21740317,37109.0,1218.195120251768,0.9532888465204956,1039,1041,10,0,1031,1029,83770,8,0,0,8,12
2020-08-26,US,North Carolina,Macon,521,2,0,35.14867843,-83.41696617,37113.0,1452.9533158569916,0.3838771593090211,519,520,2,0,518,520,35285,1,0,0,1,0
2020-08-26,US,North Carolina,Madison,58,1,0,35.85402722,-82.71346418,37115.0,266.605378074006,1.7241379310344829,57,58,1,0,57,58,21763,0,0,0,0,0
2020-08-26,US,North Carolina,Martin,318,7,0,35.84326734,-77.10860251,37117.0,1417.1122994652405,2.2012578616352205,311,316,7,0,309,312,22671,2,0,0,2,4
2020-08-26,US,North Carolina,McDowell,762,24,0,35.67736232,-82.0482425,37111.0,1665.3553632310516,3.1496062992125986,738,757,24,0,733,753,45507,5,0,0,5,4
2020-08-26,US,North Carolina,Mecklenburg,24545,283,0,35.24469268,-80.8317671,37119.0,2210.552291337193,1.152984314524343,24262,24408,274,0,24134,24260,1093901,137,9,0,128,148
2020-08-26,US,North Carolina,Mitchell,89,3,0,36.01059309,-82.1582442,37121.0,594.7607591553061,3.3707865168539324,86,90,4,0,86,89,15000,-1,-1,0,0,1
2020-08-26,US,North Carolina,Montgomery,824,17,0,35.33155144,-79.90416657,37123.0,3032.421889375483,2.063106796116505,807,804,17,0,787,797,27271,20,0,0,20,7
2020-08-26,US,North Carolina,Moore,1230,21,0,35.30885257,-79.48474178,37125.0,1219.2704203013482,1.7073170731707317,1209,1225,21,0,1204,1231,98682,5,0,0,5,-6
2020-08-26,US,North Carolina,Nash,1518,21,0,35.96575634,-77.98422508,37127.0,1609.7902394536468,1.383399209486166,1497,1507,21,0,1486,1476,94016,11,0,0,11,31
2020-08-26,US,North Carolina,New Hanover,2884,21,0,34.25758282,-77.87075626,37129.0,1229.9923658587554,0.7281553398058253,2863,2865,21,0,2844,2846,232274,19,0,0,19,19
2020-08-26,US,North Carolina,Northampton,333,17,0,36.41736238,-77.39769443,37131.0,1709.1823641123028,5.105105105105106,316,332,17,0,315,336,19676,1,0,0,1,-4
2020-08-26,US,North Carolina,Onslow,1403,14,0,34.72607366,-77.42908179,37133.0,708.8078085056939,0.9978617248752673,1389,1391,14,0,1377,1355,197683,12,0,0,12,36
2020-08-26,US,North Carolina,Orange,2090,50,0,36.06092947,-79.12167935,37135.0,1407.634903957542,2.392344497607656,2040,2025,50,0,1975,1955,146027,65,0,0,65,70
2020-08-26,US,North Carolina,Pamlico,92,2,0,35.15253315,-76.66559823,37137.0,722.9294358007228,2.1739130434782608,90,91,2,0,89,90,12670,1,0,0,1,1
2020-08-26,US,North Carolina,Pasquotank,515,23,0,36.26723798,-76.25134778,37139.0,1293.1900361591001,4.466019417475729,492,512,22,0,490,513,39639,3,1,0,2,-1
2020-08-26,US,North Carolina,Pender,743,4,0,34.52265624,-77.90352133,37141.0,1178.242943228671,0.5383580080753702,739,738,4,0,734,740,62162,5,0,0,5,-2
2020-08-26,US,North Carolina,Perquimans,112,2,0,36.17847453,-76.40603143,37143.0,831.9096783777762,1.7857142857142858,110,111,2,0,109,105,13422,1,0,0,1,6
2020-08-26,US,North Carolina,Person,298,2,0,36.38989032,-78.97217358,37145.0,754.6214231450999,0.6711409395973155,296,282,2,0,280,279,39507,16,0,0,16,3
2020-08-26,US,North Carolina,Pitt,2934,15,0,35.59535426,-77.37353178,37147.0,1623.3083621958374,0.5112474437627812,2919,2855,15,0,2840,2766,179914,79,0,0,79,89
2020-08-26,US,North Carolina,Polk,214,6,0,35.27820615,-82.16812354,37149.0,1032.6191854854276,2.803738317757009,208,210,6,0,204,209,20611,4,0,0,4,1
2020-08-26,US,North Carolina,Randolph,2346,43,0,35.71015088,-79.80570339,37151.0,1632.942847000355,1.832907075873828,2303,2332,43,0,2289,2325,143351,14,0,0,14,7
2020-08-26,US,North Carolina,Richmond,628,9,0,35.00417719,-79.74491009,37153.0,1400.8788953579156,1.4331210191082802,619,622,9,0,613,619,44887,6,0,0,6,3
2020-08-26,US,North Carolina,Robeson,3303,59,0,34.64244496,-79.10250529999998,37155.0,2528.612440191388,1.7862549197699062,3244,3250,59,0,3191,3219,131831,53,0,0,53,31
2020-08-26,US,North Carolina,Rockingham,721,7,0,36.39593137,-79.77504841,37157.0,792.2206350950446,0.9708737864077671,714,713,7,0,706,698,90690,8,0,0,8,15
2020-08-26,US,North Carolina,Rowan,2628,59,0,35.64003916,-80.52446628,37159.0,1849.5580203817362,2.2450532724505328,2569,2616,56,0,2560,2572,141262,12,3,0,9,44
2020-08-26,US,North Carolina,Rutherford,906,18,0,35.40114178,-81.92112099,37161.0,1351.653761804592,1.9867549668874167,888,897,18,0,879,897,66826,9,0,0,9,0
2020-08-26,US,North Carolina,Sampson,1574,20,0,34.98820368,-78.36914061,37163.0,2477.5306543262345,1.2706480304955527,1554,1566,20,0,1546,1558,63626,8,0,0,8,8
2020-08-26,US,North Carolina,Scotland,573,8,0,34.8386299,-79.4757978,37165.0,1645.464204692301,1.3961605584642234,565,569,8,0,561,561,34810,4,0,0,4,8
2020-08-26,US,North Carolina,Stanly,1413,31,0,35.31647813,-80.25093221,37167.0,2249.7850523835305,2.193913658881812,1382,1400,31,0,1369,1381,62075,13,0,0,13,19
2020-08-26,US,North Carolina,Stokes,321,3,0,36.4017975,-80.23893369,37169.0,704.0863328288478,0.9345794392523364,318,320,3,0,317,320,45467,1,0,0,1,0
2020-08-26,US,North Carolina,Surry,1110,15,0,36.41689489,-80.69102283,37171.0,1546.3271248067092,1.351351351351351,1095,1092,14,0,1078,1091,71948,18,1,0,17,1
2020-08-26,US,North Carolina,Swain,125,3,0,35.48665845,-83.48748932,37173.0,875.9021792446222,2.4,122,124,3,0,121,123,14245,1,0,0,1,1
2020-08-26,US,North Carolina,Transylvania,215,2,0,35.20383864,-82.79638423,37175.0,625.2726479569578,0.9302325581395348,213,210,2,0,208,207,34215,5,0,0,5,3
2020-08-26,US,North Carolina,Tyrrell,104,2,0,35.87147226,-76.17055253,37177.0,2589.641434262948,1.9230769230769231,102,103,2,0,101,103,4131,1,0,0,1,0
2020-08-26,US,North Carolina,Union,3751,47,0,34.98960527,-80.52955873,37179.0,1563.8354199759024,1.2529992002132764,3704,3732,47,0,3685,3702,235908,19,0,0,19,30
2020-08-26,US,North Carolina,Vance,871,42,0,36.36880673,-78.40670845,37181.0,1955.765128550578,4.822043628013777,829,866,42,0,824,858,44582,5,0,0,5,8
2020-08-26,US,North Carolina,Wake,14151,196,0,35.78879266,-78.65249174,37183.0,1272.8455126596455,1.3850611264221608,13955,14004,193,0,13811,13842,1092305,147,3,0,144,162
2020-08-26,US,North Carolina,Warren,283,6,0,36.39728256,-78.10652228,37185.0,1434.291216866859,2.120141342756184,277,281,6,0,275,281,19807,2,0,0,2,0
2020-08-26,US,North Carolina,Washington,169,4,0,35.83810081,-76.57299037,37187.0,1459.412780656304,2.366863905325444,165,168,4,0,164,168,11859,1,0,0,1,0
2020-08-26,US,North Carolina,Watauga,391,0,0,36.23103603,-81.70033724,37189.0,696.0143831105256,0.0,391,388,0,0,388,387,55945,3,0,0,3,1
2020-08-26,US,North Carolina,Wayne,2717,51,0,35.36438125,-78.00027268,37191.0,2206.592978210199,1.8770702981229297,2666,2712,50,0,2662,2681,123248,5,1,0,4,31
2020-08-26,US,North Carolina,Wilkes,999,20,0,36.2084135,-81.16232895,37193.0,1460.2701280477108,2.002002002002002,979,994,20,0,974,981,68557,5,0,0,5,13
2020-08-26,US,North Carolina,Wilson,1677,36,0,35.70625477,-77.917978,37195.0,2050.0971870759527,2.146690518783542,1641,1679,36,0,1643,1670,81455,-2,0,0,-2,9
2020-08-26,US,North Carolina,Yadkin,604,7,0,36.16222629,-80.66239436,37197.0,1603.5256325165265,1.1589403973509933,597,602,7,0,595,599,37543,2,0,0,2,3
2020-08-26,US,North Carolina,Yancey,87,0,0,35.90079156,-82.31237181,37199.0,481.48763074879633,0.0,87,85,0,0,85,85,17903,2,0,0,2,0
2020-08-26,US,North Dakota,Adams,5,0,0,46.09686891,-102.5285397,38001.0,225.6317689530686,0.0,5,5,0,0,5,5,2294,0,0,0,0,0
2020-08-26,US,North Dakota,Barnes,63,0,0,46.93579637,-98.06605978,38003.0,604.8967834853578,0.0,63,60,0,0,60,59,10542,3,0,0,3,1
2020-08-26,US,North Dakota,Benson,209,3,0,48.0683985,-99.35916363,38005.0,3059.133489461359,1.4354066985645932,206,205,3,0,202,205,6962,4,0,0,4,0
2020-08-26,US,North Dakota,Billings,4,0,0,47.02366884,-103.3762965,38007.0,431.0344827586207,0.0,4,4,0,0,4,4,919,0,0,0,0,0
2020-08-26,US,North Dakota,Bottineau,25,0,0,48.79106111,-100.8378166,38009.0,397.9624323463865,0.0,25,24,0,0,24,24,6411,1,0,0,1,0
2020-08-26,US,North Dakota,Bowman,14,0,0,46.11285362,-103.5203343,38011.0,462.9629629629631,0.0,14,15,0,0,15,15,3076,-1,0,0,-1,0
2020-08-26,US,North Dakota,Burke,24,1,0,48.79094471,-102.51821170000001,38013.0,1134.7517730496456,4.166666666666667,23,24,1,0,23,24,2100,0,0,0,0,0
2020-08-26,US,North Dakota,Burleigh,1810,13,0,46.97847375,-100.46452140000001,38015.0,1892.790663627047,0.7182320441988951,1797,1750,13,0,1737,1716,95273,60,0,0,60,34
2020-08-26,US,North Dakota,Cass,3339,76,0,46.93201724,-97.24447190000001,38017.0,1835.3918965716266,2.2761305780173706,3263,3309,76,0,3233,3289,181516,30,0,0,30,20
2020-08-26,US,North Dakota,Cavalier,32,0,0,48.77286211,-98.46685243,38019.0,850.6113769271665,0.0,32,31,0,0,31,31,3829,1,0,0,1,0
2020-08-26,US,North Dakota,Dickey,22,0,0,46.11017712,-98.50490079999999,38021.0,451.559934318555,0.0,22,20,0,0,20,19,4903,2,0,0,2,1
2020-08-26,US,North Dakota,Divide,5,0,0,48.814938700000006,-103.48736109999999,38023.0,220.84805653710248,0.0,5,5,0,0,5,5,2283,0,0,0,0,0
2020-08-26,US,North Dakota,Dunn,46,0,0,47.35423935,-102.61604679999999,38025.0,1039.7830018083182,0.0,46,44,0,0,44,40,4332,2,0,0,2,4
2020-08-26,US,North Dakota,Eddy,26,0,0,47.71701474,-98.90432337,38027.0,1136.8605159597726,0.0,26,24,0,0,24,24,2313,2,0,0,2,0
2020-08-26,US,North Dakota,Emmons,25,1,0,46.28398398,-100.2389766,38029.0,771.3668620796051,4.0,24,24,1,0,23,24,3295,1,0,0,1,0
2020-08-26,US,North Dakota,Foster,28,0,0,47.457108399999996,-98.88279923,38031.0,872.2741433021807,0.0,28,28,0,0,28,28,3216,0,0,0,0,0
2020-08-26,US,North Dakota,Golden Valley,26,0,0,46.94022281,-103.8465421,38033.0,1476.4338444065872,0.0,26,24,0,0,24,23,1769,2,0,0,2,1
2020-08-26,US,North Dakota,Grand Forks,1170,10,0,47.92093639,-97.45450447,38035.0,1684.6409698924426,0.8547008547008547,1160,1154,10,0,1144,1044,70770,16,0,0,16,110
2020-08-26,US,North Dakota,Grant,9,0,0,46.35821257,-101.63900129999999,38037.0,395.77836411609496,0.0,9,9,0,0,9,9,2374,0,0,0,0,0
2020-08-26,US,North Dakota,Griggs,38,1,0,47.45785838,-98.23850925,38039.0,1703.2720753025546,2.631578947368421,37,38,1,0,37,38,2232,0,0,0,0,0
2020-08-26,US,North Dakota,Hettinger,14,0,0,46.43375068,-102.4632417,38041.0,560.2240896358543,0.0,14,12,0,0,12,12,2514,2,0,0,2,0
2020-08-26,US,North Dakota,Kidder,28,0,0,46.97830064,-99.77507857,38043.0,1129.032258064516,0.0,28,27,0,0,27,25,2450,1,0,0,1,2
2020-08-26,US,North Dakota,LaMoure,18,0,0,46.45681054,-98.53542355,38045.0,444.8838358872961,0.0,18,18,0,0,18,18,4062,0,0,0,0,0
2020-08-26,US,North Dakota,Logan,9,0,0,46.45729487,-99.47719806,38047.0,486.4864864864865,0.0,9,9,0,0,9,7,1903,0,0,0,0,2
2020-08-26,US,North Dakota,McHenry,29,1,0,48.23104458,-100.6324822,38049.0,504.78677110530884,3.4482758620689653,28,28,1,0,27,28,5816,1,0,0,1,0
2020-08-26,US,North Dakota,McIntosh,44,3,0,46.11182017,-99.44145858,38051.0,1762.1145374449338,6.8181818181818175,41,44,3,0,41,43,2585,0,0,0,0,1
2020-08-26,US,North Dakota,McKenzie,111,2,0,47.74133370000001,-103.395905,38053.0,738.8178913738019,1.8018018018018016,109,105,2,0,103,100,13632,6,0,0,6,5
2020-08-26,US,North Dakota,McLean,137,1,0,47.60766714,-101.3182418,38055.0,1449.7354497354495,0.7299270072992701,136,129,1,0,128,127,9541,8,0,0,8,2
2020-08-26,US,North Dakota,Mercer,39,0,0,47.31213126,-101.8318399,38057.0,476.3649688530597,0.0,39,37,0,0,37,37,8267,2,0,0,2,0
2020-08-26,US,North Dakota,Morton,559,5,0,46.71681782,-101.2822377,38059.0,1782.298176253029,0.8944543828264758,554,548,5,0,543,544,31095,11,0,0,11,4
2020-08-26,US,North Dakota,Mountrail,163,1,0,48.20197971,-102.3555315,38061.0,1545.7562825983878,0.6134969325153374,162,161,1,0,160,161,10218,2,0,0,2,0
2020-08-26,US,North Dakota,Nelson,28,0,0,47.9226426,-98.19038437,38063.0,972.5599166377216,0.0,28,28,0,0,28,28,2869,0,0,0,0,0
2020-08-26,US,North Dakota,Oliver,10,0,0,47.11530482,-101.3406158,38065.0,510.46452271567125,0.0,10,9,0,0,9,8,1952,1,0,0,1,1
2020-08-26,US,North Dakota,Pembina,29,0,0,48.76623521,-97.5523809,38067.0,426.40788119394205,0.0,29,28,0,0,28,28,6947,1,0,0,1,0
2020-08-26,US,North Dakota,Pierce,24,0,0,48.24977025,-99.96407787,38069.0,603.7735849056604,0.0,24,22,0,0,22,22,4081,2,0,0,2,0
2020-08-26,US,North Dakota,Ramsey,114,2,0,48.26886249,-98.72223879,38071.0,989.669242121712,1.7543859649122806,112,108,2,0,106,107,11481,6,0,0,6,1
2020-08-26,US,North Dakota,Ransom,37,0,0,46.45621782,-97.65742504,38073.0,709.0839402069759,0.0,37,35,0,0,35,35,5237,2,0,0,2,0
2020-08-26,US,North Dakota,Renville,11,0,0,48.71982533,-101.6603912,38075.0,472.71164589600335,0.0,11,10,0,0,10,10,2374,1,0,0,1,0
2020-08-26,US,North Dakota,Richland,124,1,0,46.26440649,-96.94852979,38077.0,766.5203684243062,0.8064516129032258,123,124,1,0,123,124,16239,0,0,0,0,0
2020-08-26,US,North Dakota,Rolette,106,2,0,48.77245354,-99.84097493,38079.0,747.7426636568849,1.8867924528301887,104,102,2,0,100,101,14301,4,0,0,4,1
2020-08-26,US,North Dakota,Sargent,13,0,0,46.10830372,-97.63217159,38081.0,333.5043612108774,0.0,13,12,0,0,12,10,3870,1,0,0,1,2
2020-08-26,US,North Dakota,Sheridan,9,0,0,47.57700669,-100.3426391,38083.0,684.4106463878327,0.0,9,9,0,0,9,9,1349,0,0,0,0,0
2020-08-26,US,North Dakota,Sioux,119,2,0,46.11323337,-101.04401490000001,38085.0,2813.2387706855793,1.680672268907563,117,112,2,0,110,110,4358,7,0,0,7,2
2020-08-26,US,North Dakota,Slope,5,0,0,46.44737738,-103.4601547,38087.0,666.6666666666666,0.0,5,5,0,0,5,5,763,0,0,0,0,0
2020-08-26,US,North Dakota,Stark,556,6,0,46.80851182,-102.65763259999999,38089.0,1765.6959573184286,1.0791366906474822,550,553,6,0,547,544,30997,3,0,0,3,9
2020-08-26,US,North Dakota,Steele,17,0,0,47.45611548,-97.72728747,38091.0,899.4708994708992,0.0,17,17,0,0,17,17,1903,0,0,0,0,0
2020-08-26,US,North Dakota,Stutsman,152,3,0,46.97962541,-98.95637318,38093.0,734.1576506955178,1.973684210526316,149,142,3,0,139,142,20917,10,0,0,10,0
2020-08-26,US,North Dakota,Towner,6,0,0,48.68565745,-99.24564265,38095.0,274.09776153494744,0.0,6,6,0,0,6,6,2192,0,0,0,0,0
2020-08-26,US,North Dakota,Traill,67,0,0,47.45367788,-97.16323288,38097.0,833.7481333997014,0.0,67,67,0,0,67,67,8037,0,0,0,0,0
2020-08-26,US,North Dakota,Walsh,141,1,0,48.36876964,-97.72574783,38099.0,1325.0634338877926,0.7092198581560284,140,139,1,0,138,138,10667,2,0,0,2,1
2020-08-26,US,North Dakota,Ward,444,1,0,48.22390169,-101.54367629999999,38101.0,656.4066172883312,0.22522522522522526,443,421,1,0,420,403,67744,23,0,0,23,18
2020-08-26,US,North Dakota,Wells,28,0,0,47.58614526,-99.65904998,38103.0,730.3077725612936,0.0,28,27,0,0,27,27,3957,1,0,0,1,0
2020-08-26,US,North Dakota,Williams,356,2,0,48.34522353,-103.4793387,38105.0,947.0855835483784,0.5617977528089888,354,338,2,0,336,331,35350,18,0,0,18,7
2020-08-26,US,Ohio,Adams,86,4,0,38.84541072,-83.4718964,39001.0,310.4917322550365,4.651162790697675,82,85,4,0,81,84,27724,1,0,0,1,1
2020-08-26,US,Ohio,Allen,1052,51,0,40.77285242,-84.10802343,39003.0,1027.8355853875391,4.847908745247148,1001,1028,49,0,979,1010,102663,24,2,0,22,18
2020-08-26,US,Ohio,Ashland,162,3,0,40.84772277,-82.27280781,39005.0,302.89432353601075,1.851851851851852,159,162,3,0,159,162,53745,0,0,0,0,0
2020-08-26,US,Ohio,Ashtabula,595,46,0,41.70860332,-80.74830218,39007.0,611.8818193971679,7.73109243697479,549,595,46,0,549,595,97493,0,0,0,0,0
2020-08-26,US,Ohio,Athens,376,2,0,39.33425634,-82.04278644,39009.0,575.5659987447763,0.5319148936170213,374,374,2,0,372,373,65818,2,0,0,2,1
2020-08-26,US,Ohio,Auglaize,377,8,0,40.55998859,-84.22421429999999,39011.0,825.7403189066057,2.122015915119364,369,366,8,0,358,365,45804,11,0,0,11,1
2020-08-26,US,Ohio,Belmont,676,26,0,40.01625942,-80.9924051,39013.0,1008.8648777721396,3.8461538461538463,650,676,26,0,650,674,67505,0,0,0,0,2
2020-08-26,US,Ohio,Brown,195,2,0,38.93416837,-83.86788395,39015.0,448.9777122858722,1.0256410256410255,193,191,2,0,189,190,43602,4,0,0,4,1
2020-08-26,US,Ohio,Butler,3613,72,0,39.44012838,-84.57388716,39017.0,943.0121054252561,1.9928037641848884,3541,3536,69,0,3467,3478,382378,77,3,0,74,58
2020-08-26,US,Ohio,Carroll,123,6,0,40.578968599999996,-81.09178213,39019.0,457.0112209259122,4.878048780487805,117,123,6,0,117,122,27081,0,0,0,0,1
2020-08-26,US,Ohio,Champaign,239,2,0,40.13923427,-83.76875242,39021.0,614.6328918606148,0.8368200836820083,237,237,2,0,235,234,38754,2,0,0,2,3
2020-08-26,US,Ohio,Clark,1373,21,0,39.91592258,-83.78498252,39023.0,1023.992601597518,1.5294974508375818,1352,1360,21,0,1339,1351,134585,13,0,0,13,9
2020-08-26,US,Ohio,Clermont,1193,13,0,39.04847534,-84.15375786,39025.0,577.925475226229,1.0896898575020957,1180,1174,13,0,1161,1153,205466,19,0,0,19,21
2020-08-26,US,Ohio,Clinton,224,8,0,39.41485808,-83.80852286,39027.0,533.739992375143,3.571428571428572,216,220,7,0,213,216,42057,4,1,0,3,4
2020-08-26,US,Ohio,Columbiana,1781,63,0,40.76932373,-80.78094576,39029.0,1748.0835860742225,3.537338573834924,1718,1773,63,0,1710,1771,102665,8,0,0,8,2
2020-08-26,US,Ohio,Coshocton,211,9,0,40.30096166,-81.91729018,39031.0,576.5027322404371,4.265402843601897,202,210,9,0,201,209,36629,1,0,0,1,1
2020-08-26,US,Ohio,Crawford,190,5,0,40.85065156,-82.91989099,39033.0,457.8975273533523,2.631578947368421,185,189,5,0,184,189,41550,1,0,0,1,0
2020-08-26,US,Ohio,Cuyahoga,15192,565,0,41.424119,-81.65918339,39035.0,1230.0497460876775,3.719062664560295,14627,15088,552,0,14536,15032,1243857,104,13,0,91,56
2020-08-26,US,Ohio,Darke,556,31,0,40.13412966,-84.6194517,39037.0,1087.7858861737718,5.575539568345324,525,551,31,0,520,548,51323,5,0,0,5,3
2020-08-26,US,Ohio,Defiance,196,5,0,41.32398837,-84.49076944,39039.0,514.6112846903143,2.5510204081632653,191,192,5,0,187,191,38165,4,0,0,4,1
2020-08-26,US,Ohio,Delaware,1565,20,0,40.27942393,-83.00457058,39041.0,748.1702099179164,1.2779552715654952,1545,1546,20,0,1526,1527,204826,19,0,0,19,19
2020-08-26,US,Ohio,Erie,747,35,0,41.36796058,-82.62904521,39043.0,1005.8438585624648,4.685408299866131,712,720,35,0,685,710,74615,27,0,0,27,10
2020-08-26,US,Ohio,Fairfield,1630,39,0,39.75107189,-82.63088163,39045.0,1034.4346148476272,2.392638036809816,1591,1609,39,0,1570,1594,155782,21,0,0,21,15
2020-08-26,US,Ohio,Fayette,181,3,0,39.56021306,-83.4562016,39047.0,634.5311130587204,1.6574585635359116,178,175,1,0,174,172,28666,6,2,0,4,3
2020-08-26,US,Ohio,Franklin,20954,556,0,39.96995815,-83.01115755,39049.0,1591.3350689117801,2.6534313257611912,20398,20794,554,0,20240,20659,1310300,160,2,0,158,135
2020-08-26,US,Ohio,Fulton,178,1,0,41.60213491,-84.12571393,39051.0,422.5418981151783,0.5617977528089888,177,178,1,0,177,177,42276,0,0,0,0,1
2020-08-26,US,Ohio,Gallia,130,2,0,38.82708533,-82.31647569,39053.0,434.8116930898388,1.5384615384615383,128,129,2,0,127,121,29979,1,0,0,1,8
2020-08-26,US,Ohio,Geauga,598,46,0,41.49952319,-81.17935342,39055.0,638.5546028254439,7.6923076923076925,552,595,46,0,549,595,94031,3,0,0,3,0
2020-08-26,US,Ohio,Greene,916,16,0,39.69116283,-83.89032084,39057.0,542.2139614175699,1.7467248908296944,900,896,16,0,880,885,167995,20,0,0,20,11
2020-08-26,US,Ohio,Guernsey,129,7,0,40.05026529,-81.49248905,39059.0,331.83279742765274,5.426356589147288,122,129,7,0,122,128,39022,0,0,0,0,1
2020-08-26,US,Ohio,Hamilton,10727,281,0,39.19673558,-84.54502924,39061.0,1312.2145930201975,2.6195581243590937,10446,10663,281,0,10382,10606,816684,64,0,0,64,57
2020-08-26,US,Ohio,Hancock,487,6,0,41.00250487,-83.66838948,39063.0,642.6243352730824,1.2320328542094456,481,489,6,0,483,476,75930,-2,0,0,-2,13
2020-08-26,US,Ohio,Hardin,210,13,0,40.66015414,-83.65929931,39065.0,669.5361071257771,6.190476190476191,197,205,13,0,192,204,31480,5,0,0,5,1
2020-08-26,US,Ohio,Harrison,28,1,0,40.29380509,-81.09068544,39067.0,186.17021276595744,3.571428571428572,27,28,1,0,27,28,15174,0,0,0,0,0
2020-08-26,US,Ohio,Henry,201,3,0,41.333964200000004,-84.06830637,39069.0,744.2790491001999,1.492537313432836,198,174,2,0,172,172,27086,27,1,0,26,2
2020-08-26,US,Ohio,Highland,185,3,0,39.1839264,-83.60331456,39071.0,428.6276962999004,1.6216216216216215,182,185,3,0,182,183,43058,0,0,0,0,2
2020-08-26,US,Ohio,Hocking,134,9,0,39.49537927,-82.47991446,39073.0,474.1013303141806,6.7164179104477615,125,132,9,0,123,131,28385,2,0,0,2,1
2020-08-26,US,Ohio,Holmes,343,7,0,40.56163713,-81.92635677,39075.0,780.2547770700638,2.0408163265306123,336,342,7,0,335,342,43892,1,0,0,1,0
2020-08-26,US,Ohio,Huron,462,6,0,41.14651175,-82.59867951,39077.0,792.9152507465759,1.2987012987012987,456,462,6,0,456,462,58504,0,0,0,0,0
2020-08-26,US,Ohio,Jackson,148,1,0,39.01914254,-82.61818559999998,39079.0,456.6069169777558,0.6756756756756757,147,142,0,0,142,137,32384,6,1,0,5,5
2020-08-26,US,Ohio,Jefferson,263,4,0,40.38614126,-80.76259514,39081.0,402.6023727516265,1.520912547528517,259,263,4,0,259,261,65767,0,0,0,0,2
2020-08-26,US,Ohio,Knox,238,13,0,40.39830217,-82.42027563,39083.0,381.8876159301692,5.46218487394958,225,238,13,0,225,236,61893,0,0,0,0,2
2020-08-26,US,Ohio,Lake,1267,44,0,41.69710807,-81.23676539,39085.0,550.5129285810497,3.472770323599053,1223,1262,44,0,1218,1254,230514,5,0,0,5,8
2020-08-26,US,Ohio,Lawrence,400,7,0,38.59743452,-82.53466552,39087.0,672.687217261154,1.75,393,397,7,0,390,395,59866,3,0,0,3,2
2020-08-26,US,Ohio,Licking,1520,57,0,40.09136236,-82.48185785,39089.0,859.4271239723628,3.75,1463,1512,56,0,1456,1499,175769,8,1,0,7,13
2020-08-26,US,Ohio,Logan,225,2,0,40.38996525,-83.76784341,39091.0,492.6431949553337,0.8888888888888888,223,223,2,0,221,219,45358,2,0,0,2,4
2020-08-26,US,Ohio,Lorain,2045,81,0,41.29553751,-82.15083537,39093.0,660.0329855115498,3.960880195599022,1964,2036,81,0,1955,2022,309461,9,0,0,9,14
2020-08-26,US,Ohio,Lucas,6197,341,0,41.62101218,-83.65468618,39095.0,1446.7208904909094,5.502662578667097,5856,6149,339,0,5810,6117,429899,48,2,0,46,32
2020-08-26,US,Ohio,Madison,662,11,0,39.89381073,-83.40178317,39097.0,1479.957970982093,1.661631419939577,651,655,11,0,644,654,44413,7,0,0,7,1
2020-08-26,US,Ohio,Mahoning,2812,264,0,41.01631101,-80.77287029,39099.0,1229.649777202503,9.388335704125176,2548,2795,262,0,2533,2788,229642,17,2,0,15,7
2020-08-26,US,Ohio,Marion,2990,46,0,40.58610662,-83.15736305,39101.0,4593.427864747361,1.5384615384615383,2944,2991,45,0,2946,2986,65256,-1,1,0,-2,5
2020-08-26,US,Ohio,Medina,1119,36,0,41.11770589,-81.89986209999998,39103.0,622.5451470408243,3.2171581769437,1083,1110,36,0,1074,1098,179146,9,0,0,9,12
2020-08-26,US,Ohio,Meigs,106,0,0,39.09224872,-82.0305041,39105.0,462.7406469638102,0.0,106,87,0,0,87,85,23106,19,0,0,19,2
2020-08-26,US,Ohio,Mercer,786,17,0,40.54043046,-84.62912742,39107.0,1909.064412707665,2.1628498727735366,769,775,14,0,761,772,40959,11,3,0,8,3
2020-08-26,US,Ohio,Miami,1004,42,0,40.0543329,-84.22871271,39109.0,938.4317720844588,4.183266932270916,962,996,40,0,956,992,106222,8,2,0,6,4
2020-08-26,US,Ohio,Monroe,103,18,0,39.72984936,-81.08464734,39111.0,754.3576973780578,17.475728155339805,85,102,18,0,84,102,13790,1,0,0,1,0
2020-08-26,US,Ohio,Montgomery,5215,117,0,39.75394919,-84.29050975,39113.0,980.8402311886504,2.2435282837967403,5098,5144,115,0,5029,5081,532331,71,2,0,69,63
2020-08-26,US,Ohio,Morgan,43,0,0,39.62081738,-81.85308173,39115.0,296.38819961400606,0.0,43,43,0,0,43,43,14604,0,0,0,0,0
2020-08-26,US,Ohio,Morrow,220,2,0,40.52363560000001,-82.7892599,39117.0,622.7355072463768,0.9090909090909092,218,217,2,0,215,214,35112,3,0,0,3,3
2020-08-26,US,Ohio,Muskingum,294,1,0,39.96575964,-81.94363275,39119.0,341.00794525314615,0.3401360544217687,293,294,1,0,293,291,86183,0,0,0,0,3
2020-08-26,US,Ohio,Noble,21,0,0,39.76818851,-81.45937183,39121.0,145.59068219633943,0.0,21,21,0,0,21,21,14354,0,0,0,0,0
2020-08-26,US,Ohio,Ottawa,444,29,0,41.53781826,-83.0940185,39123.0,1095.6199876619369,6.531531531531532,415,436,28,0,408,435,40769,8,1,0,7,1
2020-08-26,US,Ohio,Paulding,79,0,0,41.11676341,-84.5801017,39125.0,423.0934018851757,0.0,79,77,0,0,77,77,18760,2,0,0,2,0
2020-08-26,US,Ohio,Perry,219,5,0,39.73508655,-82.23804971,39127.0,606.0773786461505,2.2831050228310503,214,216,5,0,211,207,36033,3,0,0,3,9
2020-08-26,US,Ohio,Pickaway,2462,42,0,39.64170392,-83.0243386,39129.0,4211.6427459500155,1.7059301380991063,2420,2456,42,0,2414,2448,58086,6,0,0,6,8
2020-08-26,US,Ohio,Pike,100,0,0,39.07634001,-83.06769584,39131.0,360.0748955782804,0.0,100,97,0,0,97,93,28067,3,0,0,3,4
2020-08-26,US,Ohio,Portage,835,65,0,41.16793482,-81.19735782,39133.0,513.9536887718045,7.7844311377245505,770,834,65,0,769,828,162927,1,0,0,1,6
2020-08-26,US,Ohio,Preble,323,3,0,39.7420247,-84.64787018,39135.0,790.0787632698987,0.9287925696594428,320,320,3,0,317,317,40997,3,0,0,3,3
2020-08-26,US,Ohio,Putnam,279,17,0,41.02094889,-84.1336111,39137.0,823.9567644192433,6.093189964157706,262,273,17,0,256,266,33780,6,0,0,6,7
2020-08-26,US,Ohio,Richland,687,17,0,40.77180308,-82.53799609999999,39139.0,567.0468989880648,2.4745269286754,670,679,16,0,663,674,121099,8,1,0,7,5
2020-08-26,US,Ohio,Ross,636,10,0,39.33705391,-83.06000914,39141.0,829.5724310646181,1.572327044025157,626,626,9,0,617,619,76931,10,1,0,9,7
2020-08-26,US,Ohio,Sandusky,494,17,0,41.35624126,-83.137872,39143.0,844.1846953074268,3.4412955465587043,477,483,17,0,466,483,58799,11,0,0,11,0
2020-08-26,US,Ohio,Scioto,317,2,0,38.80270163,-82.98907345,39145.0,420.9044799107736,0.6309148264984227,315,312,1,0,311,308,75502,5,1,0,4,4
2020-08-26,US,Ohio,Seneca,309,11,0,41.12351311,-83.12783209,39147.0,560.0057994128093,3.559870550161812,298,296,10,0,286,297,55207,13,1,0,12,-1
2020-08-26,US,Ohio,Shelby,318,4,0,40.33163494,-84.20258189,39149.0,654.4556493105578,1.2578616352201255,314,308,4,0,304,293,48627,10,0,0,10,15
2020-08-26,US,Ohio,Stark,2218,151,0,40.81482476,-81.36437305,39151.0,598.4792475027388,6.8079350766456255,2067,2192,150,0,2042,2166,371574,26,1,0,25,26
2020-08-26,US,Ohio,Summit,4256,233,0,41.12464734,-81.53123079,39153.0,786.6724089809302,5.474624060150377,4023,4219,232,0,3987,4188,541918,37,1,0,36,31
2020-08-26,US,Ohio,Trumbull,1725,117,0,41.31735028,-80.76109643,39155.0,871.3265378281998,6.782608695652174,1608,1715,116,0,1599,1710,198627,10,1,0,9,5
2020-08-26,US,Ohio,Tuscarawas,846,16,0,40.44214695,-81.47226262,39157.0,919.6951743181102,1.8912529550827424,830,840,16,0,824,834,92176,6,0,0,6,6
2020-08-26,US,Ohio,Union,341,1,0,40.30016061,-83.37239023,39159.0,578.0836780362108,0.2932551319648094,340,333,1,0,332,330,57835,8,0,0,8,3
2020-08-26,US,Ohio,Van Wert,84,2,0,40.8554138,-84.59111700000003,39161.0,297.0822281167109,2.380952380952381,82,81,2,0,79,80,28281,3,0,0,3,1
2020-08-26,US,Ohio,Vinton,36,2,0,39.25208988,-82.4831444,39163.0,275.12418800152847,5.5555555555555545,34,36,2,0,34,36,13139,0,0,0,0,0
2020-08-26,US,Ohio,Warren,2173,42,0,39.42581994,-84.16557457,39165.0,926.2495630898288,1.932811780947998,2131,2155,41,0,2114,2130,232173,18,1,0,17,25
2020-08-26,US,Ohio,Washington,224,23,0,39.45690571,-81.49121382,39167.0,373.8879337684232,10.267857142857142,201,223,23,0,200,222,60155,1,0,0,1,1
2020-08-26,US,Ohio,Wayne,685,61,0,40.82925852,-81.88844833,39169.0,591.997234465474,8.905109489051094,624,672,61,0,611,657,115967,13,0,0,13,15
2020-08-26,US,Ohio,Williams,152,3,0,41.56052014,-84.58429552,39171.0,414.2592390711872,1.973684210526316,149,152,3,0,149,149,36804,0,0,0,0,3
2020-08-26,US,Ohio,Wood,1271,61,0,41.36224827,-83.62285108,39173.0,971.5862617243936,4.799370574350905,1210,1255,60,0,1195,1243,130696,16,1,0,15,12
2020-08-26,US,Ohio,Wyandot,178,10,0,40.84339621,-83.30734173,39175.0,817.5638434686754,5.617977528089888,168,176,10,0,166,175,21935,2,0,0,2,1
2020-08-26,US,Oklahoma,Adair,417,6,0,35.88494195,-94.65859267,40001.0,1878.886185455529,1.4388489208633093,411,413,6,0,407,410,22082,4,0,0,4,3
2020-08-26,US,Oklahoma,Alfalfa,12,0,0,36.73090616,-98.32408495,40003.0,210.4524728165556,0.0,12,12,0,0,12,11,5754,0,0,0,0,1
2020-08-26,US,Oklahoma,Atoka,100,1,0,34.37366573,-96.03802487,40005.0,726.8498328245386,1.0,99,101,1,0,100,98,13838,-1,0,0,-1,3
2020-08-26,US,Oklahoma,Beaver,42,0,0,36.7496847,-100.4758872,40007.0,790.8115232536246,0.0,42,42,0,0,42,41,5319,0,0,0,0,1
2020-08-26,US,Oklahoma,Beckham,118,1,0,35.26862449,-99.68128023,40009.0,539.8234136968754,0.8474576271186439,117,118,1,0,117,114,21709,0,0,0,0,4
2020-08-26,US,Oklahoma,Blaine,62,0,0,35.87518314,-98.43307003,40011.0,657.5458691271609,0.0,62,62,0,0,62,62,9485,0,0,0,0,0
2020-08-26,US,Oklahoma,Bryan,563,3,0,33.96472458,-96.25903472,40013.0,1173.0388582143974,0.5328596802841918,560,559,3,0,556,551,47192,4,0,0,4,8
2020-08-26,US,Oklahoma,Caddo,522,20,0,35.17364557,-98.37534464,40015.0,1814.894652666713,3.8314176245210727,502,513,20,0,493,509,28977,9,0,0,9,4
2020-08-26,US,Oklahoma,Canadian,1455,11,0,35.5426055,-97.98465569,40017.0,981.079659622672,0.7560137457044673,1444,1433,11,0,1422,1420,144447,22,0,0,22,13
2020-08-26,US,Oklahoma,Carter,399,6,0,34.25103751,-97.28552485,40019.0,829.3321693583588,1.5037593984962403,393,396,6,0,390,394,48177,3,0,0,3,2
2020-08-26,US,Oklahoma,Cherokee,597,5,0,35.90692775,-94.99980896,40021.0,1226.9560392132685,0.8375209380234506,592,589,4,0,585,588,48675,8,1,0,7,1
2020-08-26,US,Oklahoma,Choctaw,229,1,0,34.02807439,-95.54771129,40023.0,1560.7960741548527,0.4366812227074236,228,229,1,0,228,222,14668,0,0,0,0,7
2020-08-26,US,Oklahoma,Cimarron,14,0,0,36.74817177,-102.5173885,40025.0,655.1240056153488,0.0,14,14,0,0,14,14,2153,0,0,0,0,0
2020-08-26,US,Oklahoma,Cleveland,3638,63,0,35.20413532,-97.32519562,40027.0,1280.9227714126766,1.7317207256734466,3575,3581,63,0,3518,3543,281669,57,0,0,57,38
2020-08-26,US,Oklahoma,Coal,50,0,0,34.58840127,-96.29798747,40029.0,909.9181073703368,0.0,50,50,0,0,50,50,5520,0,0,0,0,0
2020-08-26,US,Oklahoma,Comanche,1203,11,0,34.65973764,-98.47195055,40031.0,996.2815427042874,0.914380714879468,1192,1181,11,0,1170,1151,120422,22,0,0,22,30
2020-08-26,US,Oklahoma,Cotton,26,2,0,34.28845626,-98.37053567,40033.0,458.8775150017649,7.6923076923076925,24,25,2,0,23,25,5776,1,0,0,1,0
2020-08-26,US,Oklahoma,Craig,112,1,0,36.76268118,-95.20916602,40035.0,791.9671899307028,0.8928571428571429,111,108,1,0,107,106,14306,4,0,0,4,2
2020-08-26,US,Oklahoma,Creek,765,20,0,35.90230551,-96.37086028,40037.0,1069.60096194178,2.6143790849673203,745,758,19,0,739,746,71604,7,1,0,6,12
2020-08-26,US,Oklahoma,Custer,303,0,0,35.63853802,-99.00170785,40039.0,1044.719511774644,0.0,303,292,0,0,292,282,29036,11,0,0,11,10
2020-08-26,US,Oklahoma,Delaware,521,20,0,36.40823634,-94.80325046,40041.0,1211.3743635053129,3.838771593090211,501,511,20,0,491,506,42733,10,0,0,10,5
2020-08-26,US,Oklahoma,Dewey,18,0,0,35.98772922,-99.00730714,40043.0,368.02289920261705,0.0,18,19,0,0,19,18,4894,-1,0,0,-1,1
2020-08-26,US,Oklahoma,Ellis,6,0,0,36.218019399999996,-99.75324573,40045.0,155.48069448043537,0.0,6,6,0,0,6,6,3952,0,0,0,0,0
2020-08-26,US,Oklahoma,Garfield,816,10,0,36.3791334,-97.78265517,40047.0,1336.4779874213834,1.2254901960784317,806,795,9,0,786,766,60913,21,1,0,20,29
2020-08-26,US,Oklahoma,Garvin,258,4,0,34.70418038,-97.30811132,40049.0,931.0382158709536,1.5503875968992251,254,255,4,0,251,257,27811,3,0,0,3,-2
2020-08-26,US,Oklahoma,Grady,501,7,0,35.0167709,-97.88339847,40051.0,897.3027187735072,1.3972055888223551,494,499,7,0,492,494,55551,2,0,0,2,5
2020-08-26,US,Oklahoma,Grant,23,0,0,36.796296999999996,-97.78638765,40053.0,530.8100623124857,0.0,23,22,0,0,22,21,4326,1,0,0,1,1
2020-08-26,US,Oklahoma,Greer,87,8,0,34.93535801,-99.56056120000001,40055.0,1523.1092436974786,9.195402298850574,79,86,8,0,78,86,5821,1,0,0,1,0
2020-08-26,US,Oklahoma,Harmon,37,0,0,34.7440135,-99.84741652,40057.0,1394.647568790049,0.0,37,37,0,0,37,37,2664,0,0,0,0,0
2020-08-26,US,Oklahoma,Harper,17,0,0,36.78836519,-99.6679804,40059.0,460.95444685466384,0.0,17,17,0,0,17,17,3797,0,0,0,0,0
2020-08-26,US,Oklahoma,Haskell,152,3,0,35.22257600000001,-95.11513306,40061.0,1203.7696998495287,1.973684210526316,149,151,2,0,149,147,12668,1,1,0,0,4
2020-08-26,US,Oklahoma,Hughes,205,3,0,35.04912569,-96.24921145,40063.0,1543.7909481135625,1.4634146341463414,202,199,3,0,196,194,13335,6,0,0,6,5
2020-08-26,US,Oklahoma,Jackson,576,8,0,34.58781741,-99.41138784,40065.0,2348.145128414187,1.3888888888888888,568,570,7,0,563,566,24949,6,1,0,5,4
2020-08-26,US,Oklahoma,Jefferson,34,0,0,34.11130184,-97.83182974,40067.0,566.47784071976,0.0,34,34,0,0,34,34,6123,0,0,0,0,0
2020-08-26,US,Oklahoma,Johnston,70,0,0,34.31440473,-96.66011537,40069.0,631.4839873703203,0.0,70,70,0,0,70,69,10949,0,0,0,0,1
2020-08-26,US,Oklahoma,Kay,294,11,0,36.81799745,-97.14421435,40071.0,675.2721760301347,3.741496598639456,283,291,11,0,280,288,44161,3,0,0,3,3
2020-08-26,US,Oklahoma,Kingfisher,240,0,0,35.94530008,-97.94193268,40073.0,1522.359657469077,0.0,240,238,0,0,238,236,15816,2,0,0,2,2
2020-08-26,US,Oklahoma,Kiowa,40,1,0,34.91671958,-98.97720696,40075.0,459.34772622875516,2.5,39,40,1,0,39,40,8729,0,0,0,0,0
2020-08-26,US,Oklahoma,Latimer,107,2,0,34.87844729,-95.25215049,40077.0,1062.2456070684007,1.8691588785046729,105,107,2,0,105,104,10231,0,0,0,0,3
2020-08-26,US,Oklahoma,Le Flore,575,3,0,34.89851864,-94.70392124,40079.0,1153.3909694501835,0.5217391304347826,572,560,3,0,557,552,49980,15,0,0,15,8
2020-08-26,US,Oklahoma,Lincoln,279,5,0,35.70270942,-96.8812462,40081.0,799.9541244946527,1.7921146953405018,274,276,5,0,271,272,34920,3,0,0,3,4
2020-08-26,US,Oklahoma,Logan,277,1,0,35.91899576,-97.44352845,40083.0,576.9511153693945,0.36101083032490977,276,268,1,0,267,265,47291,9,0,0,9,3
2020-08-26,US,Oklahoma,Love,89,0,0,33.95273467,-97.23906784,40085.0,868.038622842095,0.0,89,88,0,0,88,88,10134,1,0,0,1,0
2020-08-26,US,Oklahoma,Major,45,1,0,36.31149996,-98.53467076,40093.0,589.8545025560362,2.2222222222222223,44,43,1,0,42,43,7644,2,0,0,2,0
2020-08-26,US,Oklahoma,Marshall,128,1,0,34.02311222,-96.76855464,40095.0,756.0096863741066,0.78125,127,127,1,0,126,126,16806,1,0,0,1,1
2020-08-26,US,Oklahoma,Mayes,399,9,0,36.30179091,-95.23175116,40097.0,970.8029197080292,2.255639097744361,390,395,8,0,387,388,41107,4,1,0,3,7
2020-08-26,US,Oklahoma,McClain,544,4,0,35.01123903,-97.44572302,40087.0,1344.0727380540593,0.7352941176470589,540,540,4,0,536,536,39985,4,0,0,4,4
2020-08-26,US,Oklahoma,McCurtain,981,29,0,34.11664328,-94.77222373,40089.0,2987.938596491228,2.9561671763506627,952,968,29,0,939,958,32703,13,0,0,13,10
2020-08-26,US,Oklahoma,McIntosh,228,4,0,35.37235506,-95.66599306,40091.0,1163.5027556644213,1.7543859649122806,224,225,4,0,221,223,19815,3,0,0,3,2
2020-08-26,US,Oklahoma,Murray,87,1,0,34.48116015,-97.06826283,40099.0,618.2050735450862,1.1494252873563218,86,87,0,0,87,86,13953,0,1,0,-1,1
2020-08-26,US,Oklahoma,Muskogee,697,16,0,35.61318461,-95.37802952,40101.0,1025.0452225833494,2.295552367288378,681,681,16,0,665,670,68362,16,0,0,16,11
2020-08-26,US,Oklahoma,Noble,100,2,0,36.38953329,-97.22928674,40103.0,898.391878537418,2.0,98,99,2,0,97,99,11289,1,0,0,1,0
2020-08-26,US,Oklahoma,Nowata,86,1,0,36.79843529,-95.61902331,40105.0,853.513298928146,1.162790697674419,85,81,1,0,80,78,10218,5,0,0,5,3
2020-08-26,US,Oklahoma,Okfuskee,96,3,0,35.46485198,-96.32639984,40107.0,800.4669390477777,3.125,93,91,3,0,88,91,12098,5,0,0,5,0
2020-08-26,US,Oklahoma,Oklahoma,12870,148,0,35.55140095,-97.40716948,40109.0,1613.9266697933622,1.1499611499611497,12722,12765,145,0,12620,12651,792582,105,3,0,102,114
2020-08-26,US,Oklahoma,Okmulgee,585,4,0,35.64661916,-95.96432828,40111.0,1520.8631223189914,0.6837606837606838,581,578,4,0,574,567,38335,7,0,0,7,11
2020-08-26,US,Oklahoma,Osage,608,12,0,36.62888819,-96.39635704,40113.0,1294.6362029682941,1.973684210526316,596,602,12,0,590,600,47014,6,0,0,6,2
2020-08-26,US,Oklahoma,Ottawa,488,4,0,36.83532655,-94.81011909,40115.0,1567.7707456548974,0.819672131147541,484,476,4,0,472,470,31175,12,0,0,12,6
2020-08-26,US,Oklahoma,Pawnee,201,3,0,36.31743373,-96.70331759999999,40117.0,1227.4059599413777,1.492537313432836,198,197,3,0,194,197,16390,4,0,0,4,0
2020-08-26,US,Oklahoma,Payne,961,5,0,36.07695283,-96.97584944,40119.0,1175.0464638560104,0.5202913631633714,956,950,5,0,945,935,82040,11,0,0,11,15
2020-08-26,US,Oklahoma,Pittsburg,548,15,0,34.92065823,-95.75134320000001,40121.0,1255.3259724194804,2.7372262773722627,533,545,14,0,531,534,43877,3,1,0,2,11
2020-08-26,US,Oklahoma,Pontotoc,229,2,0,34.72959848,-96.68337199,40123.0,598.1611116915682,0.8733624454148472,227,227,2,0,225,225,38247,2,0,0,2,2
2020-08-26,US,Oklahoma,Pottawatomie,776,9,0,35.20614018,-96.94923008,40125.0,1068.988318271986,1.1597938144329898,767,766,9,0,757,760,72679,10,0,0,10,6
2020-08-26,US,Oklahoma,Pushmataha,121,1,0,34.41635232,-95.37603505,40127.0,1090.4830569574624,0.8264462809917356,120,121,1,0,120,121,11179,0,0,0,0,0
2020-08-26,US,Oklahoma,Roger Mills,13,1,0,35.68711719,-99.69666167,40129.0,362.8244487859336,7.6923076923076925,12,13,1,0,12,12,3656,0,0,0,0,1
2020-08-26,US,Oklahoma,Rogers,1234,37,0,36.37004357,-95.60406759,40131.0,1334.6456267102174,2.9983792544570504,1197,1224,31,0,1193,1214,91984,10,6,0,4,10
2020-08-26,US,Oklahoma,Seminole,302,5,0,35.16478725,-96.61686741,40133.0,1244.9501195481905,1.6556291390728477,297,294,5,0,289,288,24578,8,0,0,8,6
2020-08-26,US,Oklahoma,Sequoyah,539,7,0,35.49447108,-94.75463785,40135.0,1296.639322572109,1.2987012987012987,532,520,6,0,514,509,41179,19,1,0,18,11
2020-08-26,US,Oklahoma,Stephens,241,4,0,34.48556989,-97.85141892,40137.0,558.607421829729,1.6597510373443984,237,237,4,0,233,235,43265,4,0,0,4,2
2020-08-26,US,Oklahoma,Texas,1115,7,0,36.74777635,-101.4889765,40139.0,5579.74278136416,0.6278026905829597,1108,1114,7,0,1107,1099,20455,1,0,0,1,15
2020-08-26,US,Oklahoma,Tillman,64,1,0,34.37288446,-98.92426619,40141.0,882.7586206896551,1.5625,63,63,1,0,62,63,7348,1,0,0,1,0
2020-08-26,US,Oklahoma,Tulsa,12714,128,0,36.11939621,-95.94013939,40143.0,1951.340798585532,1.006764196948246,12586,12559,127,0,12432,12391,648360,155,1,0,154,168
2020-08-26,US,Oklahoma,Unassigned,8,0,0,0.0,0.0,90040.0,0.0,0.0,8,7,0,0,7,11,,1,0,0,1,-4
2020-08-26,US,Oklahoma,Wagoner,1086,23,0,35.96024096,-95.51911308,40145.0,1335.9741170392058,2.117863720073665,1063,1075,23,0,1052,1056,80110,11,0,0,11,19
2020-08-26,US,Oklahoma,Washington,751,39,0,36.71380786,-95.90514104,40147.0,1457.4883071011313,5.193075898801598,712,746,39,0,707,744,51843,5,0,0,5,2
2020-08-26,US,Oklahoma,Washita,42,0,0,35.29071824,-98.99180434,40149.0,384.756320996702,0.0,42,42,0,0,42,45,11127,0,0,0,0,-3
2020-08-26,US,Oklahoma,Woods,24,0,0,36.76705782,-98.86573064,40151.0,272.9443875810304,0.0,24,24,0,0,24,25,8897,0,0,0,0,-1
2020-08-26,US,Oklahoma,Woodward,78,0,0,36.42316318,-99.26283045,40153.0,385.9284548018406,0.0,78,75,0,0,75,72,20222,3,0,0,3,3
2020-08-26,US,Oregon,Baker,67,2,0,44.70915557,-117.6749883,41001.0,415.52964524931775,2.985074626865672,65,67,1,0,66,64,16006,0,1,0,-1,3
2020-08-26,US,Oregon,Benton,206,6,0,44.49167306,-123.4316987,41003.0,221.3792139963247,2.9126213592233015,200,206,6,0,200,202,92101,0,0,0,0,4
2020-08-26,US,Oregon,Clackamas,1861,55,0,45.18787398,-122.2179634,41005.0,445.0162247989536,2.9554003224073084,1806,1852,55,0,1797,1833,416075,9,0,0,9,19
2020-08-26,US,Oregon,Clatsop,94,0,0,45.99712889,-123.660711,41007.0,233.6913285600636,0.0,94,94,0,0,94,93,39764,0,0,0,0,1
2020-08-26,US,Oregon,Columbia,127,1,0,45.94464254,-123.08908980000001,41009.0,242.57936356343362,0.7874015748031497,126,126,1,0,125,125,52377,1,0,0,1,1
2020-08-26,US,Oregon,Coos,106,0,0,43.17406868,-124.0594514,41011.0,164.37421495805356,0.0,106,101,0,0,101,99,64389,5,0,0,5,2
2020-08-26,US,Oregon,Crook,54,1,0,44.14230227,-120.356297,41013.0,221.27520078675627,1.851851851851852,53,54,1,0,53,54,23867,0,0,0,0,0
2020-08-26,US,Oregon,Curry,20,0,0,42.45911325,-124.15728200000001,41015.0,87.24100327153762,0.0,20,20,0,0,20,20,22813,0,0,0,0,0
2020-08-26,US,Oregon,Deschutes,677,11,0,43.91570171,-121.2289121,41017.0,342.4518948667624,1.6248153618906942,666,673,11,0,662,672,191996,4,0,0,4,1
2020-08-26,US,Oregon,Douglas,173,2,0,43.27941273,-123.16729099999999,41019.0,155.88394305280232,1.1560693641618498,171,169,2,0,167,169,110283,4,0,0,4,0
2020-08-26,US,Oregon,Gilliam,4,0,0,45.37160076,-120.20488689999999,41021.0,209.20502092050208,0.0,4,4,0,0,4,4,1894,0,0,0,0,0
2020-08-26,US,Oregon,Grant,8,0,0,44.49024544,-119.0068631,41023.0,111.12654535352131,0.0,8,8,0,0,8,8,7176,0,0,0,0,0
2020-08-26,US,Oregon,Harney,11,0,0,43.06422669,-118.96663059999999,41025.0,148.7893953740024,0.0,11,11,0,0,11,11,7329,0,0,0,0,0
2020-08-26,US,Oregon,Hood River,222,0,0,45.51872811,-121.65520359999998,41027.0,949.4482935591479,0.0,222,225,0,0,225,225,23428,-3,0,0,-3,0
2020-08-26,US,Oregon,Jackson,747,2,0,42.43201126,-122.72893090000001,41029.0,338.09472083423856,0.2677376171352075,745,728,2,0,726,713,219564,19,0,0,19,15
2020-08-26,US,Oregon,Jefferson,450,7,0,44.62806839,-121.17832,41031.0,1824.9655284289074,1.5555555555555556,443,452,6,0,446,448,24192,-2,1,0,-3,4
2020-08-26,US,Oregon,Josephine,152,2,0,42.3665549,-123.5561938,41033.0,173.7400985289243,1.3157894736842106,150,151,2,0,149,151,87393,1,0,0,1,0
2020-08-26,US,Oregon,Klamath,225,2,0,42.68762984,-121.64964609999998,41035.0,329.72830387760484,0.8888888888888888,223,225,2,0,223,225,67653,0,0,0,0,0
2020-08-26,US,Oregon,Lake,30,0,0,42.79246693,-120.38501629999999,41037.0,381.2428516965307,0.0,30,32,0,0,32,32,7879,-2,0,0,-2,0
2020-08-26,US,Oregon,Lane,667,5,0,43.93727035,-122.847753,41039.0,174.57671036755337,0.7496251874062968,662,659,5,0,654,656,379611,8,0,0,8,3
2020-08-26,US,Oregon,Lincoln,458,13,0,44.64252874,-123.86991200000001,41041.0,916.6966894840076,2.838427947598253,445,456,13,0,443,453,49388,2,0,0,2,3
2020-08-26,US,Oregon,Linn,366,12,0,44.48899494,-122.53731540000001,41043.0,282.08309890634996,3.278688524590164,354,365,12,0,353,362,127335,1,0,0,1,3
2020-08-26,US,Oregon,Malheur,1073,16,0,43.1937027,-117.62273950000001,41045.0,3509.8622877890807,1.4911463187325256,1057,1064,16,0,1048,1044,30725,9,0,0,9,20
2020-08-26,US,Oregon,Marion,3624,77,0,44.90287942,-122.58151170000001,41047.0,1041.9242247382253,2.1247240618101544,3547,3587,77,0,3510,3547,346868,37,0,0,37,40
2020-08-26,US,Oregon,Morrow,425,3,0,45.41846568,-119.584546,41049.0,3662.845815737309,0.7058823529411765,422,430,3,0,427,424,11372,-5,0,0,-5,6
2020-08-26,US,Oregon,Multnomah,5810,113,0,45.54747959,-122.4169351,41051.0,714.7646259172916,1.9449225473321856,5697,5761,110,0,5651,5718,811880,49,3,0,46,43
2020-08-26,US,Oregon,Polk,396,13,0,44.90322804,-123.4128888,41053.0,460.01045478306327,3.2828282828282833,383,396,13,0,383,395,85234,0,0,0,0,1
2020-08-26,US,Oregon,Sherman,16,0,0,45.41501554,-120.6827834,41055.0,898.876404494382,0.0,16,16,0,0,16,16,1708,0,0,0,0,0
2020-08-26,US,Oregon,Tillamook,38,0,0,45.46248721,-123.712066,41057.0,140.55333629235093,0.0,38,37,0,0,37,37,26787,1,0,0,1,0
2020-08-26,US,Oregon,Umatilla,2594,35,0,45.59073056,-118.7353826,41059.0,3327.774214239897,1.3492675404780259,2559,2570,35,0,2535,2547,77516,24,0,0,24,23
2020-08-26,US,Oregon,Union,410,2,0,45.30915495,-118.0068979,41061.0,1527.8554127072853,0.4878048780487805,408,409,2,0,407,408,26461,1,0,0,1,1
2020-08-26,US,Oregon,Wallowa,22,1,0,45.57894064,-117.18353799999998,41063.0,305.2164261931188,4.545454545454546,21,22,1,0,21,21,7081,0,0,0,0,1
2020-08-26,US,Oregon,Wasco,206,3,0,45.16292781,-121.16709540000001,41065.0,772.0560677610374,1.4563106796116505,203,207,3,0,204,207,26505,-1,0,0,-1,0
2020-08-26,US,Oregon,Washington,3626,35,0,45.55972701,-123.0955257,41067.0,602.7340789106238,0.9652509652509652,3591,3610,35,0,3575,3575,597695,16,0,0,16,35
2020-08-26,US,Oregon,Yamhill,606,14,0,45.23330449,-123.3086963,41071.0,565.8263305322129,2.31023102310231,592,604,14,0,590,597,107002,2,0,0,2,7
2020-08-26,US,Pennsylvania,Adams,580,23,0,39.87140411,-77.21610347,42001.0,563.057596909008,3.9655172413793114,557,574,23,0,551,570,102811,6,0,0,6,4
2020-08-26,US,Pennsylvania,Allegheny,10004,301,0,40.46809875,-79.98167747,42003.0,822.6669243325699,3.008796481407437,9703,9990,296,0,9694,9932,1218452,14,5,0,9,58
2020-08-26,US,Pennsylvania,Armstrong,297,9,0,40.81665618,-79.46290811,42005.0,458.7935429056925,3.0303030303030303,288,291,9,0,282,285,65263,6,0,0,6,6
2020-08-26,US,Pennsylvania,Beaver,1526,96,0,40.6825484,-80.34921611,42007.0,930.8908124858932,6.290956749672346,1430,1515,96,0,1419,1504,164742,11,0,0,11,11
2020-08-26,US,Pennsylvania,Bedford,162,5,0,40.00522157,-78.48998442,42009.0,338.28934179752764,3.08641975308642,157,161,5,0,156,161,48176,1,0,0,1,0
2020-08-26,US,Pennsylvania,Berks,5916,378,0,40.41570541,-75.92457766,42011.0,1404.6784625466564,6.389452332657202,5538,5889,378,0,5511,5847,420152,27,0,0,27,42
2020-08-26,US,Pennsylvania,Blair,422,10,0,40.47961444,-78.34917412,42013.0,346.3871492009292,2.3696682464454977,412,414,9,0,405,407,122492,8,1,0,7,7
2020-08-26,US,Pennsylvania,Bradford,96,3,0,41.78869215,-76.51570822,42015.0,159.14327868308936,3.125,93,96,3,0,93,96,60833,0,0,0,0,0
2020-08-26,US,Pennsylvania,Bucks,7641,585,0,40.33682119,-75.10836643,42017.0,1216.1968580387413,7.656065959952887,7056,7623,585,0,7038,7607,628195,18,0,0,18,16
2020-08-26,US,Pennsylvania,Butler,757,18,0,40.91152759,-79.91351055,42019.0,402.97466636146345,2.3778071334214004,739,750,17,0,733,745,187888,7,1,0,6,5
2020-08-26,US,Pennsylvania,Cambria,443,3,0,40.49527404,-78.71377428,42021.0,340.2666830527222,0.6772009029345373,440,439,3,0,436,430,131730,4,0,0,4,9
2020-08-26,US,Pennsylvania,Cameron,8,0,0,41.43625568,-78.20376845,42023.0,179.89655947830002,0.0,8,8,0,0,8,8,4492,0,0,0,0,0
2020-08-26,US,Pennsylvania,Carbon,419,28,0,40.91545395,-75.7068525,42025.0,652.8310118101647,6.682577565632457,391,416,28,0,388,416,64227,3,0,0,3,0
2020-08-26,US,Pennsylvania,Centre,429,11,0,40.92058903,-77.82200624,42027.0,264.1869630815654,2.5641025641025643,418,427,11,0,416,423,162805,2,0,0,2,4
2020-08-26,US,Pennsylvania,Chester,5542,354,0,39.97291773,-75.74768357,42029.0,1055.6411658149027,6.387585709130278,5188,5527,352,0,5175,5505,522046,15,2,0,13,22
2020-08-26,US,Pennsylvania,Clarion,96,3,0,41.19265812,-79.42413524,42031.0,249.75284874343097,3.125,93,96,3,0,93,95,38779,0,0,0,0,1
2020-08-26,US,Pennsylvania,Clearfield,213,1,0,41.00110782,-78.47592663,42033.0,268.7527600782285,0.4694835680751174,212,212,1,0,211,210,79388,1,0,0,1,2
2020-08-26,US,Pennsylvania,Clinton,130,5,0,41.23255967,-77.63785995,42035.0,336.50859391178295,3.8461538461538463,125,130,5,0,125,130,38684,0,0,0,0,0
2020-08-26,US,Pennsylvania,Columbia,546,35,0,41.04821986,-76.40565017,42037.0,840.4654885782895,6.410256410256411,511,532,35,0,497,527,65456,14,0,0,14,5
2020-08-26,US,Pennsylvania,Crawford,193,2,0,41.68447709,-80.10760592,42039.0,228.054213094802,1.0362694300518134,191,192,2,0,190,190,85063,1,0,0,1,2
2020-08-26,US,Pennsylvania,Cumberland,1472,72,0,40.1625372,-77.26130755,42041.0,580.9685440265225,4.891304347826087,1400,1469,72,0,1397,1458,251423,3,0,0,3,11
2020-08-26,US,Pennsylvania,Dauphin,3197,161,0,40.41377078,-76.77993242,42043.0,1148.7644583703138,5.035971223021583,3036,3179,161,0,3018,3144,277097,18,0,0,18,35
2020-08-26,US,Pennsylvania,Delaware,10144,722,0,39.91680171,-75.40243663,42045.0,1789.8639075284036,7.117507886435331,9422,10109,721,0,9388,10078,564751,35,1,0,34,31
2020-08-26,US,Pennsylvania,Elk,64,2,0,41.42822061,-78.64524744,42047.0,213.97525911066532,3.125,62,64,2,0,62,64,30169,0,0,0,0,0
2020-08-26,US,Pennsylvania,Erie,1313,30,0,41.99253829,-80.03301954,42049.0,486.7866888124332,2.2848438690022848,1283,1305,30,0,1275,1297,272061,8,0,0,8,8
2020-08-26,US,Pennsylvania,Fayette,665,6,0,39.92041012,-79.64291195,42051.0,514.4112505221467,0.9022556390977444,659,663,6,0,657,661,130441,2,0,0,2,2
2020-08-26,US,Pennsylvania,Forest,14,0,0,41.51095103,-79.23229292,42053.0,193.1833862287843,0.0,14,13,0,0,13,13,7279,1,0,0,1,0
2020-08-26,US,Pennsylvania,Franklin,1488,46,0,39.92956518,-77.72157791,42055.0,959.8328033181316,3.091397849462365,1442,1483,46,0,1437,1472,154835,5,0,0,5,11
2020-08-26,US,Pennsylvania,Fulton,34,2,0,39.92913544,-78.11163677,42057.0,233.9986235375086,5.882352941176472,32,34,2,0,32,31,14523,0,0,0,0,3
2020-08-26,US,Pennsylvania,Greene,135,1,0,39.85746531,-80.22357106,42059.0,372.5885242734524,0.7407407407407407,134,135,1,0,134,135,36506,0,0,0,0,0
2020-08-26,US,Pennsylvania,Huntingdon,350,5,0,40.42162652,-77.97673273,42061.0,775.2968279284069,1.4285714285714286,345,350,5,0,345,350,45168,0,0,0,0,0
2020-08-26,US,Pennsylvania,Indiana,411,10,0,40.65241041,-79.08963285,42063.0,488.8608709098046,2.4330900243309004,401,404,9,0,395,400,84501,7,1,0,6,4
2020-08-26,US,Pennsylvania,Jefferson,95,1,0,41.12913106,-78.9986361,42065.0,218.7679907887162,1.0526315789473684,94,94,1,0,93,94,43641,1,0,0,1,0
2020-08-26,US,Pennsylvania,Juniata,146,6,0,40.53358749,-77.39975129999998,42067.0,589.5893066268222,4.109589041095891,140,143,6,0,137,143,24704,3,0,0,3,0
2020-08-26,US,Pennsylvania,Lackawanna,2008,213,0,41.43564672,-75.60379201,42069.0,957.677155965928,10.607569721115539,1795,2002,213,0,1789,1999,210793,6,0,0,6,3
2020-08-26,US,Pennsylvania,Lancaster,6547,429,0,40.03904563,-76.24770128,42071.0,1199.690686134383,6.552619520391018,6118,6518,428,0,6090,6479,543557,29,1,0,28,39
2020-08-26,US,Pennsylvania,Lawrence,445,18,0,40.99206278,-80.33393706,42073.0,520.3947983908691,4.044943820224719,427,443,17,0,426,441,86184,2,1,0,1,2
2020-08-26,US,Pennsylvania,Lebanon,1685,57,0,40.36680311,-76.45651841,42075.0,1188.352034303527,3.3827893175074184,1628,1681,56,0,1625,1677,141314,4,1,0,3,4
2020-08-26,US,Pennsylvania,Lehigh,5139,342,0,40.6154815,-75.59435245,42077.0,1391.483761961237,6.654991243432574,4797,5135,342,0,4793,5132,368100,4,0,0,4,3
2020-08-26,US,Pennsylvania,Luzerne,3720,187,0,41.17823008,-75.98447579,42079.0,1171.959913930256,5.026881720430108,3533,3712,187,0,3525,3698,317646,8,0,0,8,14
2020-08-26,US,Pennsylvania,Lycoming,498,22,0,41.34310539,-77.06629984,42081.0,439.5449209613501,4.417670682730924,476,492,20,0,472,484,113664,6,2,0,4,8
2020-08-26,US,Pennsylvania,McKean,35,1,0,41.80938602,-78.56478358,42083.0,86.15384615384615,2.8571428571428568,34,35,1,0,34,35,40968,0,0,0,0,0
2020-08-26,US,Pennsylvania,Mercer,537,13,0,41.30248872,-80.25816981,42085.0,490.751571867232,2.4208566108007448,524,534,13,0,521,532,110683,3,0,0,3,2
2020-08-26,US,Pennsylvania,Mifflin,146,1,0,40.61116939,-77.61070738,42087.0,316.4419784125883,0.6849315068493149,145,141,1,0,140,138,46222,5,0,0,5,3
2020-08-26,US,Pennsylvania,Monroe,1700,127,0,41.05934058,-75.34031025,42089.0,998.4084195194721,7.470588235294117,1573,1701,127,0,1574,1694,169507,-1,0,0,-1,7
2020-08-26,US,Pennsylvania,Montgomery,10818,862,0,40.21053671,-75.36652296,42091.0,1301.9382247281612,7.968201146237752,9956,10784,862,0,9922,10755,828604,34,0,0,34,29
2020-08-26,US,Pennsylvania,Montour,126,4,0,41.03023987,-76.66345939,42093.0,691.1684037301152,3.1746031746031744,122,124,4,0,120,123,18240,2,0,0,2,1
2020-08-26,US,Pennsylvania,Northampton,4073,298,0,40.75182733,-75.30471829,42095.0,1334.1631590153465,7.316474343235943,3775,4068,297,0,3771,4066,304807,5,1,0,4,2
2020-08-26,US,Pennsylvania,Northumberland,641,31,0,40.84785433,-76.70798222,42097.0,705.6129806369231,4.8361934477379105,610,638,30,0,608,631,91083,3,1,0,2,7
2020-08-26,US,Pennsylvania,Perry,165,5,0,40.40206612,-77.26297447,42099.0,356.5871369294606,3.0303030303030303,160,162,5,0,157,160,46139,3,0,0,3,2
2020-08-26,US,Pennsylvania,Philadelphia,33255,1749,0,40.00338507,-75.1379271,42101.0,2099.3469960809666,5.25935949481281,31506,33139,1736,0,31403,33054,1584138,116,13,0,103,85
2020-08-26,US,Pennsylvania,Pike,536,21,0,41.33155042,-75.03208106,42103.0,960.4185704814636,3.917910447761194,515,535,21,0,514,535,55933,1,0,0,1,0
2020-08-26,US,Pennsylvania,Potter,24,0,0,41.74471626,-77.89559864,42105.0,145.22570494977614,0.0,24,24,0,0,24,24,16622,0,0,0,0,0
2020-08-26,US,Pennsylvania,Schuylkill,976,51,0,40.70497338,-76.2150785,42107.0,690.4406511081714,5.225409836065574,925,975,51,0,924,971,142067,1,0,0,1,4
2020-08-26,US,Pennsylvania,Snyder,148,2,0,40.77129231,-77.06840691,42109.0,366.59070643019913,1.351351351351351,146,144,2,0,142,142,40540,4,0,0,4,2
2020-08-26,US,Pennsylvania,Somerset,160,3,0,39.97172723,-79.02699593,42111.0,217.8441597342301,1.875,157,157,3,0,154,156,73952,3,0,0,3,1
2020-08-26,US,Pennsylvania,Sullivan,10,0,0,41.44634738,-76.51246591,42113.0,164.85328058028355,0.0,10,10,0,0,10,10,6071,0,0,0,0,0
2020-08-26,US,Pennsylvania,Susquehanna,252,27,0,41.82147784,-75.80071959,42115.0,624.8760166633605,10.714285714285714,225,249,27,0,222,247,40589,3,0,0,3,2
2020-08-26,US,Pennsylvania,Tioga,46,3,0,41.77255149,-77.25433032,42117.0,113.32561405237614,6.521739130434782,43,46,3,0,43,46,40763,0,0,0,0,0
2020-08-26,US,Pennsylvania,Union,359,4,0,40.96188846,-77.05996014,42119.0,799.1452040157602,1.1142061281337048,355,359,4,0,355,361,44785,0,0,0,0,-2
2020-08-26,US,Pennsylvania,Venango,70,1,0,41.40323442,-79.75845449,42121.0,138.15425909844478,1.4285714285714286,69,70,1,0,69,69,51266,0,0,0,0,1
2020-08-26,US,Pennsylvania,Warren,26,1,0,41.81304978,-79.26969577,42123.0,66.34176213926665,3.8461538461538463,25,26,1,0,25,26,39498,0,0,0,0,0
2020-08-26,US,Pennsylvania,Washington,994,24,0,40.19208869,-80.24582867,42125.0,480.5066105914485,2.414486921529175,970,983,24,0,959,979,207346,11,0,0,11,4
2020-08-26,US,Pennsylvania,Wayne,175,10,0,41.64938475,-75.29956506,42127.0,340.7254531648527,5.7142857142857135,165,175,10,0,165,171,51276,0,0,0,0,4
2020-08-26,US,Pennsylvania,Westmoreland,1763,49,0,40.31377979999999,-79.46615476,42129.0,505.30382718207846,2.779353374929098,1714,1748,49,0,1699,1740,350611,15,0,0,15,8
2020-08-26,US,Pennsylvania,Wyoming,65,8,0,41.51955538,-76.01074915,42131.0,242.59162499066954,12.307692307692307,57,65,8,0,57,65,27046,0,0,0,0,0
2020-08-26,US,Pennsylvania,York,3189,116,0,39.9210089,-76.73040131,42133.0,710.1532541453442,3.6375039197240513,3073,3158,116,0,3042,3136,448273,31,0,0,31,22
2020-08-26,US,Puerto Rico,Adjuntas,117,0,0,18.180117000000006,-66.754367,72001.0,600.5235333367551,0.0,117,117,0,0,117,116,,0,0,0,0,1
2020-08-26,US,Puerto Rico,Aguada,200,0,0,18.360255,-67.17513100000001,72003.0,476.6557830262876,0.0,200,200,0,0,200,200,,0,0,0,0,0
2020-08-26,US,Puerto Rico,Aguadilla,293,0,0,18.459681,-67.12081500000001,72005.0,480.7297904805657,0.0,293,293,0,0,293,288,,0,0,0,0,5
2020-08-26,US,Puerto Rico,Aguas Buenas,184,0,0,18.251619,-66.126806,72007.0,642.0321713946752,0.0,184,184,0,0,184,184,,0,0,0,0,0
2020-08-26,US,Puerto Rico,Aibonito,118,0,0,18.131361,-66.264131,72009.0,455.59845559845564,0.0,118,117,0,0,117,117,,1,0,0,1,0
2020-08-26,US,Puerto Rico,Anasco,180,0,0,18.287985,-67.120611,72011.0,615.153275691193,0.0,180,180,0,0,180,179,,0,0,0,0,1
2020-08-26,US,Puerto Rico,Arecibo,462,0,0,18.406631,-66.675077,72013.0,479.05433430111987,0.0,462,458,0,0,458,457,,4,0,0,4,1
2020-08-26,US,Puerto Rico,Arroyo,117,0,0,17.998457000000005,-66.056546,72015.0,597.7011494252872,0.0,117,115,0,0,115,115,,2,0,0,2,0
2020-08-26,US,Puerto Rico,Barceloneta,117,0,0,18.445532999999998,-66.56053100000001,72017.0,471.47001934235976,0.0,117,117,0,0,117,116,,0,0,0,0,1
2020-08-26,US,Puerto Rico,Barranquitas,316,0,0,18.201592,-66.30963,72019.0,1042.2851111550897,0.0,316,314,0,0,314,313,,2,0,0,2,1
2020-08-26,US,Puerto Rico,Bayamon,2309,0,0,18.34946,-66.168435,72021.0,1109.4774068308059,0.0,2309,2296,0,0,2296,2289,,13,0,0,13,7
2020-08-26,US,Puerto Rico,Cabo Rojo,264,0,0,18.040993,-67.154391,72023.0,518.4908773101322,0.0,264,263,0,0,263,263,,1,0,0,1,0
2020-08-26,US,Puerto Rico,Caguas,1032,0,0,18.211615,-66.050779,72025.0,722.2187231005017,0.0,1032,1030,0,0,1030,1029,,2,0,0,2,1
2020-08-26,US,Puerto Rico,Camuy,187,0,0,18.418578,-66.860206,72027.0,531.8695070963338,0.0,187,186,0,0,186,186,,1,0,0,1,0
2020-08-26,US,Puerto Rico,Canovanas,483,0,0,18.328802,-65.887612,72029.0,1013.683680322364,0.0,483,481,0,0,481,480,,2,0,0,2,1
2020-08-26,US,Puerto Rico,Carolina,1732,0,0,18.374986,-65.95683100000001,72031.0,979.848609995361,0.0,1732,1728,0,0,1728,1724,,4,0,0,4,4
2020-08-26,US,Puerto Rico,Catano,279,0,0,18.437269,-66.14330600000001,72033.0,991.4712153518125,0.0,279,277,0,0,277,275,,2,0,0,2,2
2020-08-26,US,Puerto Rico,Cayey,246,0,0,18.102851,-66.14914,72035.0,511.23256925538766,0.0,246,246,0,0,246,245,,0,0,0,0,1
2020-08-26,US,Puerto Rico,Ceiba,82,0,0,18.251818,-65.666416,72037.0,601.5699508473332,0.0,82,82,0,0,82,81,,0,0,0,0,1
2020-08-26,US,Puerto Rico,Ciales,182,0,0,18.28885,-66.516475,72039.0,969.0128846768182,0.0,182,182,0,0,182,180,,0,0,0,0,2
2020-08-26,US,Puerto Rico,Cidra,233,0,0,18.173559,-66.161179,72041.0,535.8785648574056,0.0,233,233,0,0,233,233,,0,0,0,0,0
2020-08-26,US,Puerto Rico,Coamo,199,0,0,18.097597,-66.36014,72043.0,491.2124802527646,0.0,199,199,0,0,199,199,,0,0,0,0,0
2020-08-26,US,Puerto Rico,Comerio,160,0,0,18.224687,-66.221622,72045.0,770.0452401578592,0.0,160,160,0,0,160,160,,0,0,0,0,0
2020-08-26,US,Puerto Rico,Corozal,361,0,0,18.304264,-66.327738,72047.0,971.9455064347638,0.0,361,359,0,0,359,358,,2,0,0,2,1
2020-08-26,US,Puerto Rico,Culebra,19,0,0,18.31586,-65.28813000000001,72049.0,1045.1045104510451,0.0,19,19,0,0,19,19,,0,0,0,0,0
2020-08-26,US,Puerto Rico,Dorado,449,0,0,18.436115,-66.278669,72051.0,1176.4705882352941,0.0,449,449,0,0,449,445,,0,0,0,0,4
2020-08-26,US,Puerto Rico,Fajardo,329,0,0,18.318373,-65.666866,72053.0,889.3574460032979,0.0,329,330,0,0,330,329,,-1,0,0,-1,1
2020-08-26,US,Puerto Rico,Florida,203,0,0,18.373715,-66.560488,72054.0,1600.9463722397477,0.0,203,203,0,0,203,202,,0,0,0,0,1
2020-08-26,US,Puerto Rico,Guanica,76,0,0,17.982429,-66.91964300000001,72055.0,391.2081124208576,0.0,76,75,0,0,75,75,,1,0,0,1,0
2020-08-26,US,Puerto Rico,Guayama,212,0,0,18.007516,-66.13390799999999,72057.0,467.3515277104184,0.0,212,212,0,0,212,212,,0,0,0,0,0
2020-08-26,US,Puerto Rico,Guayanilla,139,0,0,18.039942,-66.79186,72059.0,644.085074834345,0.0,139,139,0,0,139,139,,0,0,0,0,0
2020-08-26,US,Puerto Rico,Guaynabo,1173,0,0,18.345114000000002,-66.11452299999999,72061.0,1197.8677341611865,0.0,1173,1166,0,0,1166,1162,,7,0,0,7,4
2020-08-26,US,Puerto Rico,Gurabo,339,0,0,18.266461,-65.97970500000001,72063.0,747.206242147722,0.0,339,338,0,0,338,338,,1,0,0,1,0
2020-08-26,US,Puerto Rico,Hatillo,168,0,0,18.410928,-66.79632600000001,72065.0,400.4481205158153,0.0,168,166,0,0,166,166,,2,0,0,2,0
2020-08-26,US,Puerto Rico,Hormigueros,118,0,0,18.134532,-67.113972,72067.0,684.0579710144928,0.0,118,118,0,0,118,118,,0,0,0,0,0
2020-08-26,US,Puerto Rico,Humacao,282,0,0,18.145211,-65.810174,72069.0,482.3316115349092,0.0,282,281,0,0,281,279,,1,0,0,1,2
2020-08-26,US,Puerto Rico,Isabela,184,0,0,18.44981,-67.005093,72071.0,403.2346431154258,0.0,184,183,0,0,183,182,,1,0,0,1,1
2020-08-26,US,Puerto Rico,Jayuya,197,0,0,18.211446,-66.58878,72073.0,1183.7519528902776,0.0,197,197,0,0,197,197,,0,0,0,0,0
2020-08-26,US,Puerto Rico,Juana Diaz,243,0,0,18.050764,-66.49458100000001,72075.0,304.14158228719475,0.0,243,243,0,0,243,243,,0,0,0,0,0
2020-08-26,US,Puerto Rico,Juncos,219,0,0,18.223793,-65.909109,72077.0,543.5591958302308,0.0,219,219,0,0,219,217,,0,0,0,0,2
2020-08-26,US,Puerto Rico,Lajas,108,0,0,18.011661,-67.040585,72079.0,419.36861724847597,0.0,108,108,0,0,108,106,,0,0,0,0,2
2020-08-26,US,Puerto Rico,Lares,231,0,0,18.269035000000002,-66.867236,72081.0,751.1462296361333,0.0,231,231,0,0,231,230,,0,0,0,0,1
2020-08-26,US,Puerto Rico,Las Marias,80,0,0,18.23679,-66.98362,72083.0,809.6346523631212,0.0,80,80,0,0,80,80,,0,0,0,0,0
2020-08-26,US,Puerto Rico,Las Piedras,247,0,0,18.187527,-65.86946800000001,72085.0,638.655462184874,0.0,247,246,0,0,246,245,,1,0,0,1,1
2020-08-26,US,Puerto Rico,Loiza,171,0,0,18.425688,-65.89943000000001,72087.0,568.8622754491017,0.0,171,171,0,0,171,170,,0,0,0,0,1
2020-08-26,US,Puerto Rico,Luquillo,165,0,0,18.342114000000002,-65.72509699999999,72089.0,822.2045046840741,0.0,165,163,0,0,163,163,,2,0,0,2,0
2020-08-26,US,Puerto Rico,Manati,336,0,0,18.420473,-66.490461,72091.0,761.6802303175932,0.0,336,334,0,0,334,334,,2,0,0,2,0
2020-08-26,US,Puerto Rico,Maricao,50,0,0,18.171795,-66.942126,72093.0,796.6857871255577,0.0,50,50,0,0,50,48,,0,0,0,0,2
2020-08-26,US,Puerto Rico,Maunabo,79,0,0,18.017889,-65.922235,72095.0,646.2167689161554,0.0,79,79,0,0,79,79,,0,0,0,0,0
2020-08-26,US,Puerto Rico,Mayaguez,607,0,0,18.2013,-67.1452,72097.0,681.4099685675798,0.0,607,607,0,0,607,606,,0,0,0,0,1
2020-08-26,US,Puerto Rico,Moca,242,0,0,18.377805,-67.080952,72099.0,603.355855294323,0.0,242,242,0,0,242,242,,0,0,0,0,0
2020-08-26,US,Puerto Rico,Morovis,356,0,0,18.316963,-66.420383,72101.0,1091.6896657467034,0.0,356,356,0,0,356,354,,0,0,0,0,2
2020-08-26,US,Puerto Rico,Naguabo,123,0,0,18.230636999999998,-65.753897,72103.0,460.3293413173653,0.0,123,122,0,0,122,122,,1,0,0,1,0
2020-08-26,US,Puerto Rico,Naranjito,422,0,0,18.288019,-66.252703,72105.0,1388.0665745674626,0.0,422,421,0,0,421,421,,1,0,0,1,0
2020-08-26,US,Puerto Rico,Orocovis,266,0,0,18.215046,-66.433604,72107.0,1135.6359134184352,0.0,266,266,0,0,266,264,,0,0,0,0,2
2020-08-26,US,Puerto Rico,Out of PR,734,0,0,0.0,0.0,72888.0,0.0,0.0,734,727,0,0,727,727,,7,0,0,7,0
2020-08-26,US,Puerto Rico,Patillas,130,0,0,18.03174,-66.012242,72109.0,674.3787933807128,0.0,130,128,0,0,128,128,,2,0,0,2,0
2020-08-26,US,Puerto Rico,Penuelas,93,0,0,18.059645,-66.721572,72111.0,382.9997529033852,0.0,93,93,0,0,93,92,,0,0,0,0,1
2020-08-26,US,Puerto Rico,Ponce,624,0,0,18.059498,-66.613748,72113.0,375.1645854250963,0.0,624,622,0,0,622,618,,2,0,0,2,4
2020-08-26,US,Puerto Rico,Quebradillas,106,0,0,18.439692,-66.926113,72115.0,408.96639530846085,0.0,106,106,0,0,106,105,,0,0,0,0,1
2020-08-26,US,Puerto Rico,Rincon,123,0,0,18.335442999999998,-67.23174,72117.0,809.2105263157895,0.0,123,123,0,0,123,123,,0,0,0,0,0
2020-08-26,US,Puerto Rico,Rio Grande,411,0,0,18.346329,-65.813742,72119.0,756.8503241013553,0.0,411,409,0,0,409,409,,2,0,0,2,0
2020-08-26,US,Puerto Rico,Sabana Grande,153,0,0,18.08282,-66.943758,72121.0,605.5808430635266,0.0,153,153,0,0,153,153,,0,0,0,0,0
2020-08-26,US,Puerto Rico,Salinas,292,0,0,18.010386999999994,-66.256592,72123.0,939.5714009910547,0.0,292,292,0,0,292,292,,0,0,0,0,0
2020-08-26,US,Puerto Rico,San German,185,0,0,18.111484,-67.03858100000001,72125.0,520.7307118529568,0.0,185,185,0,0,185,184,,0,0,0,0,1
2020-08-26,US,Puerto Rico,San Juan,4886,0,0,18.386933,-66.061128,72127.0,1235.9419820603755,0.0,4886,4860,0,0,4860,4850,,26,0,0,26,10
2020-08-26,US,Puerto Rico,San Lorenzo,238,0,0,18.147987,-65.976392,72129.0,579.6677870329778,0.0,238,237,0,0,237,237,,1,0,0,1,0
2020-08-26,US,Puerto Rico,San Sebastian,270,0,0,18.328646,-66.971214,72131.0,636.3422106999765,0.0,270,270,0,0,270,270,,0,0,0,0,0
2020-08-26,US,Puerto Rico,Santa Isabel,123,0,0,17.994525,-66.388913,72133.0,528.4867233823152,0.0,123,123,0,0,123,123,,0,0,0,0,0
2020-08-26,US,Puerto Rico,Toa Alta,833,0,0,18.362406,-66.246616,72135.0,1124.672589312235,0.0,833,831,0,0,831,828,,2,0,0,2,3
2020-08-26,US,Puerto Rico,Toa Baja,827,0,0,18.431445999999998,-66.213553,72137.0,922.8983695834123,0.0,827,822,0,0,822,819,,5,0,0,5,3
2020-08-26,US,Puerto Rico,Trujillo Alto,696,0,0,18.336159,-65.99888399999999,72139.0,929.9591138665455,0.0,696,693,0,0,693,692,,3,0,0,3,1
2020-08-26,US,Puerto Rico,Unassigned,572,404,0,0.0,0.0,72999.0,0.0,70.62937062937063,168,656,395,0,261,649,,-84,9,0,-93,7
2020-08-26,US,Puerto Rico,Utuado,94,0,0,18.271214,-66.702984,72141.0,283.5681317686808,0.0,94,94,0,0,94,94,,0,0,0,0,0
2020-08-26,US,Puerto Rico,Vega Alta,397,0,0,18.409346,-66.33725,72143.0,993.7173036970288,0.0,397,397,0,0,397,392,,0,0,0,0,5
2020-08-26,US,Puerto Rico,Vega Baja,616,0,0,18.428262,-66.397924,72145.0,1032.4829874962288,0.0,616,615,0,0,615,606,,1,0,0,1,9
2020-08-26,US,Puerto Rico,Vieques,82,0,0,18.123276,-65.44097099999999,72147.0,881.6256316525105,0.0,82,82,0,0,82,82,,0,0,0,0,0
2020-08-26,US,Puerto Rico,Villalba,92,0,0,18.127951,-66.473115,72149.0,352.85544432938286,0.0,92,92,0,0,92,92,,0,0,0,0,0
2020-08-26,US,Puerto Rico,Yabucoa,183,0,0,18.070399,-65.896289,72151.0,482.3278247805804,0.0,183,181,0,0,181,181,,2,0,0,2,0
2020-08-26,US,Puerto Rico,Yauco,298,0,0,18.080374,-66.858814,72153.0,708.7981352424898,0.0,298,298,0,0,298,298,,0,0,0,0,0
2020-08-26,US,Rhode Island,Bristol,349,0,0,41.71018079,-71.28652315,44001.0,719.8993378576291,0.0,349,329,0,0,329,329,48649,20,0,0,20,0
2020-08-26,US,Rhode Island,Kent,1664,0,0,41.67106337,-71.57641596,44003.0,1012.8308134297473,0.0,1664,1592,0,0,1592,1592,163861,72,0,0,72,0
2020-08-26,US,Rhode Island,Newport,434,0,0,41.5642026,-71.26569799,44005.0,528.7395531297972,0.0,434,411,0,0,411,411,82542,23,0,0,23,0
2020-08-26,US,Rhode Island,Providence,16668,0,0,41.87064746,-71.57753536,44007.0,2608.7323983340925,0.0,16668,16142,0,0,16142,16142,636084,526,0,0,526,0
2020-08-26,US,Rhode Island,Unassigned,1645,1041,0,0.0,0.0,90044.0,0.0,63.282674772036465,604,2239,1039,0,1200,2169,,-594,2,0,-596,70
2020-08-26,US,Rhode Island,Washington,694,0,0,41.45961631,-71.61435303,44009.0,552.6489723436616,0.0,694,659,0,0,659,659,126179,35,0,0,35,0
2020-08-26,US,South Carolina,Abbeville,393,10,0,34.22333378,-82.46170658,45001.0,1602.3158152240387,2.544529262086514,383,388,10,0,378,392,24541,5,0,0,5,-4
2020-08-26,US,South Carolina,Aiken,2277,57,0,33.54338026,-81.63645384,45003.0,1332.5764314808746,2.5032938076416342,2220,2255,57,0,2198,2239,169401,22,0,0,22,16
2020-08-26,US,South Carolina,Allendale,283,6,0,32.98837386,-81.35321066,45005.0,3257.366482504604,2.120141342756184,277,279,6,0,273,275,8903,4,0,0,4,4
2020-08-26,US,South Carolina,Anderson,2978,104,0,34.51828081,-82.63959517,45007.0,1470.1961907206824,3.4922766957689726,2874,2942,99,0,2843,2893,200482,36,5,0,31,49
2020-08-26,US,South Carolina,Bamberg,523,27,0,33.21927586,-81.05659969,45009.0,3718.1856960045498,5.162523900573613,496,523,27,0,496,519,14275,0,0,0,0,4
2020-08-26,US,South Carolina,Barnwell,516,12,0,33.26679302,-81.43584352,45011.0,2472.9224575865037,2.3255813953488373,504,514,12,0,502,503,21112,2,0,0,2,11
2020-08-26,US,South Carolina,Beaufort,4627,64,0,32.39226291,-80.72619758,45013.0,2408.365517743933,1.383185649448887,4563,4596,64,0,4532,4580,188715,31,0,0,31,16
2020-08-26,US,South Carolina,Berkeley,4658,76,0,33.20222596,-79.94654523,45015.0,2043.8161179779474,1.6316015457277802,4582,4640,76,0,4564,4612,221091,18,0,0,18,28
2020-08-26,US,South Carolina,Calhoun,407,15,0,33.66926881,-80.77722168,45017.0,2796.6742252456543,3.6855036855036856,392,405,15,0,390,411,14520,2,0,0,2,-6
2020-08-26,US,South Carolina,Charleston,13478,230,0,32.82487866,-79.96512315,45019.0,3276.08250730422,1.706484641638225,13248,13440,228,0,13212,13405,405905,38,2,0,36,35
2020-08-26,US,South Carolina,Cherokee,764,31,0,35.05122251,-81.61828622,45021.0,1333.3333333333333,4.057591623036648,733,762,31,0,731,761,57078,2,0,0,2,1
2020-08-26,US,South Carolina,Chester,823,17,0,34.69249168,-81.1583216,45023.0,2552.412852003473,2.0656136087484813,806,824,17,0,807,810,32251,-1,0,0,-1,14
2020-08-26,US,South Carolina,Chesterfield,928,24,0,34.64137396,-80.15640140000002,45025.0,2032.8587075575028,2.586206896551724,904,922,24,0,898,913,45754,6,0,0,6,9
2020-08-26,US,South Carolina,Clarendon,956,61,0,33.66610974,-80.21647898,45027.0,2833.01229811824,6.380753138075313,895,951,61,0,890,947,33700,5,0,0,5,4
2020-08-26,US,South Carolina,Colleton,875,38,0,32.87582989,-80.67641292,45029.0,2322.3717387265438,4.342857142857143,837,872,36,0,836,867,37660,3,2,0,1,5
2020-08-26,US,South Carolina,Darlington,1582,45,0,34.33358335,-79.96027485,45031.0,2374.733555495512,2.844500632111252,1537,1576,45,0,1531,1567,66802,6,0,0,6,9
2020-08-26,US,South Carolina,Dillon,721,28,0,34.39007791,-79.37741872,45033.0,2365.563174644837,3.8834951456310685,693,720,28,0,692,714,30599,1,0,0,1,6
2020-08-26,US,South Carolina,Dorchester,3471,71,0,33.0794369,-80.40502652,45035.0,2131.946022640026,2.045520023048113,3400,3463,68,0,3395,3451,160647,8,3,0,5,12
2020-08-26,US,South Carolina,Edgefield,483,10,0,33.77221995,-81.96231108,45037.0,1771.8268525311817,2.070393374741201,473,467,9,0,458,464,27052,16,1,0,15,3
2020-08-26,US,South Carolina,Fairfield,620,26,0,34.39287073,-81.1195624,45039.0,2774.421622589162,4.193548387096774,594,618,26,0,592,618,22402,2,0,0,2,0
2020-08-26,US,South Carolina,Florence,4103,147,0,34.02361754,-79.70189312,45041.0,2966.889141171281,3.5827443334145745,3956,4079,145,0,3934,4052,138159,24,2,0,22,27
2020-08-26,US,South Carolina,Georgetown,1691,37,0,33.43443342,-79.33202141,45043.0,2697.8302488832164,2.1880544056771143,1654,1677,35,0,1642,1667,62249,14,2,0,12,10
2020-08-26,US,South Carolina,Greenville,11835,248,0,34.89502264,-82.37295012,45045.0,2260.5636224027867,2.0954795099281798,11587,11804,245,0,11559,11620,514213,31,3,0,28,184
2020-08-26,US,South Carolina,Greenwood,1746,32,0,34.15272415,-82.12715789,45047.0,2465.7186030419,1.8327605956471933,1714,1720,30,0,1690,1678,70741,26,2,0,24,42
2020-08-26,US,South Carolina,Hampton,523,21,0,32.77419582,-81.13845571,45049.0,2720.8407033607323,4.0152963671128115,502,519,18,0,501,513,19351,4,3,0,1,6
2020-08-26,US,South Carolina,Horry,9186,178,0,33.9212828,-78.99555293,45051.0,2594.321638269209,1.9377313302852168,9008,9157,178,0,8979,9112,344147,29,0,0,29,45
2020-08-26,US,South Carolina,Jasper,678,18,0,32.43171982,-81.02487495,45053.0,2254.5140158946565,2.6548672566371683,660,669,18,0,651,669,28971,9,0,0,9,0
2020-08-26,US,South Carolina,Kershaw,1540,29,0,34.33988254,-80.58763164,45055.0,2314.014815705249,1.8831168831168832,1511,1534,29,0,1505,1518,65592,6,0,0,6,16
2020-08-26,US,South Carolina,Lancaster,1568,35,0,34.68270843,-80.70513032,45057.0,1599.8041056197198,2.232142857142857,1533,1563,31,0,1532,1554,95380,5,4,0,1,9
2020-08-26,US,South Carolina,Laurens,1451,54,0,34.48244419,-82.00490796,45059.0,2149.852577304313,3.7215713301171607,1397,1449,54,0,1395,1424,66994,2,0,0,2,25
2020-08-26,US,South Carolina,Lee,624,30,0,34.16393091,-80.25690731,45061.0,3708.1055383884004,4.807692307692308,594,615,30,0,585,610,17142,9,0,0,9,5
2020-08-26,US,South Carolina,Lexington,5524,133,0,33.89665987,-81.27146426,45063.0,1849.0376569037653,2.4076755973931934,5391,5518,133,0,5385,5492,295032,6,0,0,6,26
2020-08-26,US,South Carolina,Marion,656,17,0,34.07859748,-79.36400756,45067.0,2139.8049385132267,2.591463414634146,639,650,17,0,633,646,31039,6,0,0,6,4
2020-08-26,US,South Carolina,Marlboro,660,5,0,34.59905577,-79.67561152,45069.0,2526.9928784746153,0.7575757575757576,655,656,5,0,651,652,26398,4,0,0,4,4
2020-08-26,US,South Carolina,McCormick,155,4,0,33.90161443,-82.30794338,45065.0,1637.9583641551305,2.5806451612903225,151,153,4,0,149,151,9410,2,0,0,2,2
2020-08-26,US,South Carolina,Newberry,934,14,0,34.28629098,-81.59935761,45071.0,2429.760665972945,1.4989293361884368,920,929,13,0,916,923,38520,5,1,0,4,6
2020-08-26,US,South Carolina,Oconee,998,18,0,34.75225169,-83.06742317,45073.0,1254.6199683202174,1.8036072144288575,980,995,16,0,979,960,78374,3,2,0,1,35
2020-08-26,US,South Carolina,Orangeburg,2765,93,0,33.4391073,-80.79886287,45075.0,3208.5871772555847,3.3634719710669083,2672,2761,93,0,2668,2757,86934,4,0,0,4,4
2020-08-26,US,South Carolina,Pickens,2113,31,0,34.88807695,-82.72791551,45077.0,1665.3005895148324,1.4671083767155704,2082,2100,31,0,2069,2047,124937,13,0,0,13,53
2020-08-26,US,South Carolina,Richland,10179,190,0,34.01791263,-80.90267209,45079.0,2448.2933622603477,1.8665880734846247,9989,10084,187,0,9897,9997,414576,95,3,0,92,87
2020-08-26,US,South Carolina,Saluda,529,11,0,34.00795823,-81.72713237,45081.0,2583.890978361745,2.0793950850661624,518,526,11,0,515,521,20544,3,0,0,3,5
2020-08-26,US,South Carolina,Spartanburg,4804,132,0,34.92960077,-81.99225984,45083.0,1502.2593304876716,2.747710241465445,4672,4778,127,0,4651,4715,313888,26,5,0,21,63
2020-08-26,US,South Carolina,Sumter,2779,61,0,33.91826534,-80.37942316,45085.0,2603.986094583072,2.1950341849586184,2718,2754,60,0,2694,2731,106512,25,1,0,24,23
2020-08-26,US,South Carolina,Union,443,5,0,34.68835752,-81.61730349,45087.0,1621.7601405769512,1.1286681715575622,438,440,5,0,435,435,27410,3,0,0,3,5
2020-08-26,US,South Carolina,Williamsburg,1165,35,0,33.62190129,-79.72767442,45089.0,3836.2750263435205,3.004291845493562,1130,1152,36,0,1116,1146,30606,13,-1,0,14,6
2020-08-26,US,South Carolina,York,4081,43,0,34.97281497,-81.18085944,45091.0,1452.4217112310885,1.0536633178142611,4038,4049,39,0,4010,4020,274118,32,4,0,28,29
2020-08-26,US,South Dakota,Aurora,42,0,0,43.71757685,-98.56050467,46003.0,1526.7175572519086,0.0,42,42,0,0,42,42,2801,0,0,0,0,0
2020-08-26,US,South Dakota,Beadle,620,9,0,44.41464384,-98.27858469,46005.0,3359.8872812008885,1.4516129032258065,611,619,9,0,610,616,18883,1,0,0,1,3
2020-08-26,US,South Dakota,Bennett,13,0,0,43.19486375,-101.6665572,46007.0,386.3298662704309,0.0,13,11,0,0,11,11,3468,2,0,0,2,0
2020-08-26,US,South Dakota,Bon Homme,39,1,0,42.98914167,-97.88592746,46009.0,565.1354876104913,2.5641025641025643,38,39,1,0,38,39,6980,0,0,0,0,0
2020-08-26,US,South Dakota,Brookings,197,1,0,44.36974375,-96.79079945,46011.0,561.621575391282,0.5076142131979695,196,195,1,0,194,188,35232,2,0,0,2,7
2020-08-26,US,South Dakota,Brown,562,3,0,45.58994323,-98.35165355,46013.0,1446.9991503385772,0.5338078291814946,559,561,3,0,558,555,39316,1,0,0,1,6
2020-08-26,US,South Dakota,Brule,50,0,0,43.71756379,-99.08118954,46015.0,943.9305267132339,0.0,50,50,0,0,50,50,5229,0,0,0,0,0
2020-08-26,US,South Dakota,Buffalo,109,3,0,44.07657829,-99.20814467,46017.0,5555.555555555556,2.7522935779816518,106,109,3,0,106,109,2036,0,0,0,0,0
2020-08-26,US,South Dakota,Butte,33,1,0,44.90608745,-103.5079318,46019.0,316.42535238277884,3.0303030303030303,32,31,1,0,30,29,10222,2,0,0,2,2
2020-08-26,US,South Dakota,Campbell,4,0,0,45.77074915,-100.0510181,46021.0,290.6976744186046,0.0,4,4,0,0,4,4,1377,0,0,0,0,0
2020-08-26,US,South Dakota,Charles Mix,116,0,0,43.20660134,-98.58856175,46023.0,1248.385708136031,0.0,116,116,0,0,116,116,9338,0,0,0,0,0
2020-08-26,US,South Dakota,Clark,18,0,0,44.85834507,-97.72925109,46025.0,481.7987152034261,0.0,18,18,0,0,18,18,3739,0,0,0,0,0
2020-08-26,US,South Dakota,Clay,176,1,0,42.91296147,-96.97656917,46027.0,1250.8884150675194,0.5681818181818182,175,176,1,0,175,172,14041,0,0,0,0,4
2020-08-26,US,South Dakota,Codington,221,1,0,44.97788119,-97.18827677,46029.0,789.0320968260202,0.4524886877828054,220,220,1,0,219,220,28015,1,0,0,1,0
2020-08-26,US,South Dakota,Corson,52,0,0,45.70889983,-101.1970473,46031.0,1272.6382770435634,0.0,52,52,0,0,52,52,4165,0,0,0,0,0
2020-08-26,US,South Dakota,Custer,92,0,0,43.67741105,-103.45345209999999,46033.0,1025.4123941150244,0.0,92,90,0,0,90,86,8726,2,0,0,2,4
2020-08-26,US,South Dakota,Davison,113,2,0,43.67490933,-98.14458906,46035.0,571.4285714285714,1.7699115044247788,111,112,2,0,110,108,19790,1,0,0,1,4
2020-08-26,US,South Dakota,Day,32,0,0,45.367281,-97.60737498,46037.0,589.9705014749262,0.0,32,32,0,0,32,32,5505,0,0,0,0,0
2020-08-26,US,South Dakota,Deuel,34,0,0,44.75994309,-96.66943645,46039.0,781.4295564238106,0.0,34,34,0,0,34,34,4337,0,0,0,0,0
2020-08-26,US,South Dakota,Dewey,68,0,0,45.15639647,-100.8709139,46041.0,1154.1072640868974,0.0,68,65,0,0,65,65,5904,3,0,0,3,0
2020-08-26,US,South Dakota,Douglas,22,0,0,43.38520741,-98.36978007,46043.0,753.1667237247517,0.0,22,22,0,0,22,22,2935,0,0,0,0,0
2020-08-26,US,South Dakota,Edmunds,26,0,0,45.41846445,-99.21545423,46045.0,679.0284669626534,0.0,26,25,0,0,25,25,3875,1,0,0,1,0
2020-08-26,US,South Dakota,Fall River,27,0,0,43.23929297,-103.5275691,46047.0,402.20467749143455,0.0,27,24,0,0,24,24,6758,3,0,0,3,0
2020-08-26,US,South Dakota,Faulk,29,1,0,45.07082625,-99.14535601,46049.0,1261.418007829491,3.4482758620689653,28,29,1,0,28,29,2330,0,0,0,0,0
2020-08-26,US,South Dakota,Grant,39,0,0,45.1723937,-96.77002276,46051.0,553.034600113443,0.0,39,39,0,0,39,39,7147,0,0,0,0,0
2020-08-26,US,South Dakota,Gregory,10,0,0,43.19419064,-99.18883902,46053.0,238.94862604540023,0.0,10,10,0,0,10,9,4212,0,0,0,0,1
2020-08-26,US,South Dakota,Haakon,3,0,0,44.29299053,-101.539099,46055.0,157.9778830963665,0.0,3,3,0,0,3,3,1918,0,0,0,0,0
2020-08-26,US,South Dakota,Hamlin,44,0,0,44.67385954,-97.18829593,46057.0,713.8221933809215,0.0,44,42,0,0,42,42,6111,2,0,0,2,0
2020-08-26,US,South Dakota,Hand,13,0,0,44.54708407,-99.00386459,46059.0,407.3958006894391,0.0,13,13,0,0,13,13,3262,0,0,0,0,0
2020-08-26,US,South Dakota,Hanson,22,0,0,43.6746384,-97.78715148,46061.0,637.1271358239213,0.0,22,22,0,0,22,22,3376,0,0,0,0,0
2020-08-26,US,South Dakota,Harding,2,0,0,45.58015551,-103.4958629,46063.0,154.08320493066256,0.0,2,2,0,0,2,2,1249,0,0,0,0,0
2020-08-26,US,South Dakota,Hughes,113,3,0,44.39091534,-99.99661148,46065.0,644.756361976492,2.6548672566371683,110,111,3,0,108,111,17650,2,0,0,2,0
2020-08-26,US,South Dakota,Hutchinson,35,1,0,43.33449012,-97.75536441,46067.0,480.0438897270608,2.8571428571428568,34,35,1,0,34,35,7380,0,0,0,0,0
2020-08-26,US,South Dakota,Hyde,5,0,0,44.54747703,-99.48572582,46069.0,384.3197540353573,0.0,5,5,0,0,5,5,1282,0,0,0,0,0
2020-08-26,US,South Dakota,Jackson,12,1,0,43.69318385,-101.6255063,46071.0,358.85167464114835,8.333333333333334,11,12,1,0,11,12,3307,0,0,0,0,0
2020-08-26,US,South Dakota,Jerauld,40,1,0,44.06637798,-98.62965972,46073.0,1987.083954297069,2.5,39,40,1,0,39,40,2043,0,0,0,0,0
2020-08-26,US,South Dakota,Jones,3,0,0,43.96278565,-100.6940008,46075.0,332.2259136212625,0.0,3,3,0,0,3,3,928,0,0,0,0,0
2020-08-26,US,South Dakota,Kingsbury,18,0,0,44.36956169,-97.4913945,46077.0,364.4462441789836,0.0,18,18,0,0,18,18,4919,0,0,0,0,0
2020-08-26,US,South Dakota,Lake,109,6,0,44.02193107,-97.12926365,46079.0,851.7621317496288,5.504587155963303,103,108,6,0,102,108,13057,1,0,0,1,0
2020-08-26,US,South Dakota,Lawrence,129,2,0,44.35919441,-103.79294279999999,46081.0,499.1487385853583,1.5503875968992251,127,125,1,0,124,120,25741,4,1,0,3,5
2020-08-26,US,South Dakota,Lincoln,805,2,0,43.27841182,-96.72039050000001,46083.0,1316.9087815730925,0.2484472049689441,803,798,2,0,796,795,58807,7,0,0,7,3
2020-08-26,US,South Dakota,Lyman,95,3,0,43.89522709,-99.85201878,46085.0,2512.562814070352,3.1578947368421053,92,94,3,0,91,94,3821,1,0,0,1,0
2020-08-26,US,South Dakota,Marshall,16,0,0,45.75870838,-97.59855639,46091.0,324.2147922998987,0.0,16,15,0,0,15,15,5112,1,0,0,1,0
2020-08-26,US,South Dakota,McCook,39,1,0,43.6742571,-97.36863144,46087.0,698.1740064446832,2.5641025641025643,38,39,1,0,38,39,5546,0,0,0,0,0
2020-08-26,US,South Dakota,McPherson,10,0,0,45.76626028,-99.22118798,46089.0,420.34468263976464,0.0,10,10,0,0,10,10,2407,0,0,0,0,0
2020-08-26,US,South Dakota,Meade,179,1,0,44.56676791,-102.71627409999999,46093.0,631.7944373852888,0.5586592178770949,178,176,1,0,175,170,28294,3,0,0,3,6
2020-08-26,US,South Dakota,Mellette,24,0,0,43.58078848,-100.7563186,46095.0,1164.4832605531294,0.0,24,24,0,0,24,24,2042,0,0,0,0,0
2020-08-26,US,South Dakota,Miner,15,0,0,44.02197882,-97.60992207,46097.0,676.8953068592058,0.0,15,15,0,0,15,15,2213,0,0,0,0,0
2020-08-26,US,South Dakota,Minnehaha,4954,70,0,43.67441641,-96.7910885,46099.0,2565.058456822724,1.4129995962858295,4884,4938,70,0,4868,4924,192876,16,0,0,16,14
2020-08-26,US,South Dakota,Moody,38,0,0,44.02266214,-96.67081159,46101.0,577.8588807785889,0.0,38,38,0,0,38,38,6579,0,0,0,0,0
2020-08-26,US,South Dakota,Oglala Lakota,163,2,0,43.33749164,-102.55554980000001,46102.0,1149.7495944134864,1.2269938650306749,161,163,2,0,161,163,14309,0,0,0,0,0
2020-08-26,US,South Dakota,Pennington,1091,33,0,44.0025835,-102.8240777,46103.0,958.910129641837,3.0247479376718607,1058,1082,33,0,1049,1070,111729,9,0,0,9,12
2020-08-26,US,South Dakota,Perkins,9,0,0,45.49049506,-102.47555859999999,46105.0,314.13612565445027,0.0,9,9,0,0,9,8,2922,0,0,0,0,1
2020-08-26,US,South Dakota,Potter,4,0,0,45.06583079,-99.95498503,46107.0,185.78727357176032,0.0,4,4,0,0,4,4,2207,0,0,0,0,0
2020-08-26,US,South Dakota,Roberts,91,1,0,45.62975048,-96.94672673,46109.0,875.5050990956323,1.0989010989010992,90,91,1,0,90,91,10447,0,0,0,0,0
2020-08-26,US,South Dakota,Sanborn,13,0,0,44.02351092,-98.09098159999999,46111.0,554.6075085324234,0.0,13,13,0,0,13,13,2429,0,0,0,0,0
2020-08-26,US,South Dakota,Spink,38,0,0,44.93837606,-98.34626602,46115.0,595.9849435382685,0.0,38,37,0,0,37,35,6495,1,0,0,1,2
2020-08-26,US,South Dakota,Stanley,20,0,0,44.41381872,-100.7349153,46117.0,645.577792123951,0.0,20,20,0,0,20,20,3022,0,0,0,0,0
2020-08-26,US,South Dakota,Sully,8,0,0,44.71571812,-100.1278092,46119.0,575.1258087706685,0.0,8,8,0,0,8,8,1392,0,0,0,0,0
2020-08-26,US,South Dakota,Todd,77,5,0,43.19338568,-100.71955030000001,46121.0,756.6080377321413,6.493506493506493,72,77,5,0,72,76,10283,0,0,0,0,1
2020-08-26,US,South Dakota,Tripp,20,0,0,43.34459388,-99.8854891,46123.0,367.5794890645102,0.0,20,20,0,0,20,20,5478,0,0,0,0,0
2020-08-26,US,South Dakota,Turner,70,0,0,43.3109081,-97.14865776,46125.0,834.9236641221374,0.0,70,70,0,0,70,69,8424,0,0,0,0,1
2020-08-26,US,South Dakota,Union,237,4,0,42.83112163,-96.6557828,46127.0,1487.5721817725332,1.6877637130801688,233,237,4,0,233,235,15619,0,0,0,0,2
2020-08-26,US,South Dakota,Walworth,32,0,0,45.43019636,-100.03075140000001,46129.0,588.7764489420422,0.0,32,32,0,0,32,32,5587,0,0,0,0,0
2020-08-26,US,South Dakota,Yankton,185,3,0,43.00924485,-97.39467635,46135.0,810.9055842903481,1.6216216216216215,182,185,3,0,182,183,22869,0,0,0,0,2
2020-08-26,US,South Dakota,Ziebach,46,0,0,44.97881876,-101.6654622,46137.0,1669.0856313497825,0.0,46,46,0,0,46,46,2742,0,0,0,0,0
2020-08-26,US,Tennessee,Anderson,847,8,0,36.12684348,-84.19965764,47001.0,1100.3143755358674,0.9445100354191264,839,841,8,0,833,839,76482,6,0,0,6,2
2020-08-26,US,Tennessee,Bedford,1076,14,0,35.51123746,-86.45549096,47003.0,2164.4237925693483,1.3011152416356877,1062,1064,14,0,1050,1057,49038,12,0,0,12,7
2020-08-26,US,Tennessee,Benton,231,4,0,36.07110411,-88.06849355,47005.0,1429.4554455445545,1.7316017316017316,227,224,4,0,220,223,16184,7,0,0,7,1
2020-08-26,US,Tennessee,Bledsoe,770,3,0,35.59942968,-85.20611967,47007.0,5111.5241635687735,0.3896103896103896,767,768,3,0,765,768,14755,2,0,0,2,0
2020-08-26,US,Tennessee,Blount,1770,17,0,35.68938198,-83.92847788,47009.0,1329.9471026689107,0.9604519774011301,1753,1753,16,0,1737,1744,131349,17,1,0,16,9
2020-08-26,US,Tennessee,Bradley,2398,16,0,35.15739424,-84.857186,47011.0,2218.1111830542964,0.6672226855713094,2382,2370,16,0,2354,2359,106727,28,0,0,28,11
2020-08-26,US,Tennessee,Campbell,311,2,0,36.40355516,-84.15108559999999,47013.0,780.5833040510014,0.6430868167202572,309,304,2,0,302,302,39583,7,0,0,7,2
2020-08-26,US,Tennessee,Cannon,187,0,0,35.80990797,-86.05738983,47015.0,1274.0155334514238,0.0,187,186,0,0,186,186,14462,1,0,0,1,0
2020-08-26,US,Tennessee,Carroll,530,7,0,35.97366108,-88.45189331,47017.0,1908.7405913494433,1.320754716981132,523,525,7,0,518,516,28020,5,0,0,5,9
2020-08-26,US,Tennessee,Carter,770,17,0,36.28969086,-82.12588974,47019.0,1365.4661204802185,2.207792207792208,753,743,16,0,727,736,56351,27,1,0,26,7
2020-08-26,US,Tennessee,Cheatham,697,10,0,36.26136216,-87.08903581,47021.0,1713.9203777018222,1.4347202295552368,687,692,10,0,682,694,40439,5,0,0,5,-2
2020-08-26,US,Tennessee,Chester,351,4,0,35.42527478,-88.6095842,47023.0,2029.2536277967279,1.1396011396011396,347,343,4,0,339,336,17276,8,0,0,8,7
2020-08-26,US,Tennessee,Claiborne,345,3,0,36.48319149,-83.65947309,47025.0,1079.5081197784662,0.8695652173913043,342,346,3,0,343,345,31756,-1,0,0,-1,1
2020-08-26,US,Tennessee,Clay,103,0,0,36.55151008,-85.53930419,47027.0,1352.5935653315826,0.0,103,103,0,0,103,103,7717,0,0,0,0,0
2020-08-26,US,Tennessee,Cocke,619,7,0,35.9278914,-83.11828725,47029.0,1719.2534162870788,1.1308562197092085,612,612,6,0,606,606,35774,7,1,0,6,6
2020-08-26,US,Tennessee,Coffee,725,6,0,35.49090731,-86.07311784,47031.0,1282.7317763623496,0.8275862068965517,719,700,6,0,694,695,55700,25,0,0,25,5
2020-08-26,US,Tennessee,Crockett,364,13,0,35.81830662,-89.14916269,47033.0,2557.976106816585,3.571428571428572,351,362,13,0,349,359,14328,2,0,0,2,3
2020-08-26,US,Tennessee,Cumberland,747,8,0,35.95271721,-84.99840585,47035.0,1234.302709847984,1.07095046854083,739,712,8,0,704,709,59673,35,0,0,35,3
2020-08-26,US,Tennessee,Davidson,23056,250,0,36.17007426,-86.78646056,47037.0,3321.5010141987827,1.084316446911867,22806,22907,249,0,22658,22816,692587,149,1,0,148,91
2020-08-26,US,Tennessee,DeKalb,427,5,0,35.97616272,-85.83689361,47041.0,2083.9433870180574,1.17096018735363,422,424,5,0,419,417,20138,3,0,0,3,7
2020-08-26,US,Tennessee,Decatur,280,4,0,35.60048904,-88.11043779,47039.0,2400.7545228500385,1.4285714285714286,276,272,4,0,268,272,11706,8,0,0,8,0
2020-08-26,US,Tennessee,Dickson,877,9,0,36.14669837,-87.35891709,47043.0,1625.6395047082376,1.026225769669327,868,861,8,0,853,851,53446,16,1,0,15,10
2020-08-26,US,Tennessee,Dyer,887,9,0,36.05931946,-89.41542855,47045.0,2387.039478995667,1.0146561443066515,878,866,9,0,857,862,37320,21,0,0,21,4
2020-08-26,US,Tennessee,Fayette,851,10,0,35.19615831,-89.41399032,47047.0,2068.898451365084,1.1750881316098707,841,824,10,0,814,820,40507,27,0,0,27,4
2020-08-26,US,Tennessee,Fentress,180,0,0,36.38128818,-84.92870012,47049.0,971.7648329104356,0.0,180,161,0,0,161,149,18217,19,0,0,19,12
2020-08-26,US,Tennessee,Franklin,444,4,0,35.15634626,-86.09201039,47051.0,1051.9332827899923,0.9009009009009008,440,427,4,0,423,426,41890,17,0,0,17,1
2020-08-26,US,Tennessee,Gibson,1013,13,0,35.99438059,-88.93358327,47053.0,2061.750758146256,1.2833168805528137,1000,1005,13,0,992,995,49045,8,0,0,8,10
2020-08-26,US,Tennessee,Giles,433,14,0,35.20222469,-87.03992678,47055.0,1469.5900081455334,3.233256351039261,419,430,14,0,416,428,29503,3,0,0,3,2
2020-08-26,US,Tennessee,Grainger,255,1,0,36.27469206,-83.51254721,47057.0,1093.4819897084046,0.392156862745098,254,250,1,0,249,249,23145,5,0,0,5,1
2020-08-26,US,Tennessee,Greene,759,11,0,36.17470125,-82.84691273,47059.0,1098.901098901099,1.4492753623188406,748,738,11,0,727,730,69087,21,0,0,21,8
2020-08-26,US,Tennessee,Grundy,143,2,0,35.38433717,-85.72142731,47061.0,1065.0182468161167,1.3986013986013983,141,142,2,0,140,142,13346,1,0,0,1,0
2020-08-26,US,Tennessee,Hamblen,1609,20,0,36.21990035,-83.26586179,47063.0,2477.9006375704557,1.2430080795525171,1589,1588,20,0,1568,1580,64569,21,0,0,21,8
2020-08-26,US,Tennessee,Hamilton,7689,69,0,35.17670231,-85.16652245,47065.0,2090.515600700373,0.8973858759266484,7620,7586,69,0,7517,7496,364286,103,0,0,103,90
2020-08-26,US,Tennessee,Hancock,89,2,0,36.52692871,-83.22375847,47067.0,1344.4108761329305,2.247191011235955,87,88,2,0,86,88,6549,1,0,0,1,0
2020-08-26,US,Tennessee,Hardeman,1194,22,0,35.20772017,-88.99161161,47069.0,4766.467065868264,1.8425460636515916,1172,1183,22,0,1161,1179,25220,11,0,0,11,4
2020-08-26,US,Tennessee,Hardin,642,9,0,35.19732531,-88.18593755,47071.0,2502.7288320598777,1.4018691588785046,633,624,9,0,615,620,25776,18,0,0,18,4
2020-08-26,US,Tennessee,Hawkins,643,12,0,36.44355426,-82.94885298,47073.0,1132.3213468108333,1.8662519440124417,631,636,12,0,624,637,56530,7,0,0,7,-1
2020-08-26,US,Tennessee,Haywood,713,10,0,35.58332824,-89.28536625,47075.0,4120.4345815996285,1.4025245441795229,703,705,10,0,695,702,17335,8,0,0,8,3
2020-08-26,US,Tennessee,Henderson,805,6,0,35.65581134,-88.38600175,47077.0,2863.036597076502,0.7453416149068323,799,796,6,0,790,793,27847,9,0,0,9,3
2020-08-26,US,Tennessee,Henry,424,4,0,36.33160906,-88.30121797,47079.0,1310.8672128613389,0.9433962264150944,420,412,4,0,408,410,32358,12,0,0,12,2
2020-08-26,US,Tennessee,Hickman,356,2,0,35.80609681,-87.47643507,47081.0,1413.932798474859,0.5617977528089888,354,333,1,0,332,331,25063,23,1,0,22,2
2020-08-26,US,Tennessee,Houston,79,0,0,36.28872054,-87.71878828,47083.0,963.297158883063,0.0,79,73,0,0,73,73,8263,6,0,0,6,0
2020-08-26,US,Tennessee,Humphreys,157,3,0,36.03958805,-87.77992872,47085.0,844.903670218491,1.9108280254777068,154,155,3,0,152,155,18486,2,0,0,2,0
2020-08-26,US,Tennessee,Jackson,197,1,0,36.36380466,-85.67239905,47087.0,1671.4746309180387,0.5076142131979695,196,193,1,0,192,189,11758,4,0,0,4,4
2020-08-26,US,Tennessee,Jefferson,738,6,0,36.04818632,-83.45148924,47089.0,1354.2526837324526,0.8130081300813008,732,721,6,0,715,721,54012,17,0,0,17,0
2020-08-26,US,Tennessee,Johnson,396,1,0,36.45523950000001,-81.84886538,47091.0,2226.219923543962,0.2525252525252525,395,392,1,0,391,387,17778,4,0,0,4,5
2020-08-26,US,Tennessee,Knox,5988,51,0,35.99508821,-83.94635435,47093.0,1273.1946597266076,0.8517034068136272,5937,5891,51,0,5840,5855,465289,97,0,0,97,36
2020-08-26,US,Tennessee,Lake,820,1,0,36.34180170000001,-89.48921915,47095.0,11687.571265678447,0.12195121951219512,819,820,1,0,819,820,7411,0,0,0,0,0
2020-08-26,US,Tennessee,Lauderdale,700,12,0,35.75893438,-89.63015909999999,47097.0,2730.8547575391103,1.7142857142857142,688,669,12,0,657,637,25825,31,0,0,31,32
2020-08-26,US,Tennessee,Lawrence,721,9,0,35.21675201,-87.39787695,47099.0,1633.3650491595306,1.2482662968099858,712,717,9,0,708,703,43734,4,0,0,4,14
2020-08-26,US,Tennessee,Lewis,120,1,0,35.52853208,-87.49022694,47101.0,978.1545484186502,0.8333333333333334,119,117,1,0,116,117,12086,3,0,0,3,0
2020-08-26,US,Tennessee,Lincoln,391,1,0,35.13738622,-86.58910106,47103.0,1137.7524297270559,0.2557544757033248,390,386,1,0,385,386,34117,5,0,0,5,0
2020-08-26,US,Tennessee,Loudon,903,3,0,35.73939663,-84.31145275,47105.0,1670.1191092698084,0.3322259136212625,900,888,3,0,885,879,53054,15,0,0,15,9
2020-08-26,US,Tennessee,Macon,885,15,0,36.53157855,-86.00778595,47111.0,3597.268514754897,1.6949152542372878,870,882,15,0,867,882,24265,3,0,0,3,0
2020-08-26,US,Tennessee,Madison,1618,34,0,35.61181957,-88.84076036,47113.0,1651.2900065316787,2.1013597033374536,1584,1590,34,0,1556,1571,97605,28,0,0,28,19
2020-08-26,US,Tennessee,Marion,308,6,0,35.12997174,-85.62265895,47115.0,1065.485868474764,1.9480519480519483,302,300,5,0,295,300,28575,8,1,0,7,0
2020-08-26,US,Tennessee,Marshall,488,4,0,35.45798777,-86.76420988,47117.0,1419.6363636363635,0.819672131147541,484,474,4,0,470,472,33683,14,0,0,14,2
2020-08-26,US,Tennessee,Maury,1648,13,0,35.618741299999996,-87.07462444,47119.0,1709.7741396661374,0.7888349514563107,1635,1599,13,0,1586,1593,94340,49,0,0,49,6
2020-08-26,US,Tennessee,McMinn,742,21,0,35.42812616,-84.61520715,47107.0,1379.335985425884,2.830188679245283,721,722,20,0,702,717,53285,20,1,0,19,5
2020-08-26,US,Tennessee,McNairy,503,10,0,35.17468549,-88.5647812,47109.0,1957.65548377053,1.9880715705765408,493,493,8,0,485,490,25832,10,2,0,8,3
2020-08-26,US,Tennessee,Meigs,142,2,0,35.51558739,-84.81482914,47121.0,1143.133150861375,1.4084507042253518,140,134,2,0,132,134,12306,8,0,0,8,0
2020-08-26,US,Tennessee,Monroe,654,13,0,35.44550387,-84.24902965,47123.0,1405.0918466000644,1.9877675840978597,641,621,12,0,609,608,46357,33,1,0,32,13
2020-08-26,US,Tennessee,Montgomery,2377,28,0,36.49609412,-87.38550661,47125.0,1137.3586675151798,1.1779554059739168,2349,2345,28,0,2317,2330,205950,32,0,0,32,15
2020-08-26,US,Tennessee,Moore,86,0,0,35.27724699,-86.36230578,47127.0,1325.5240443896425,0.0,86,85,0,0,85,84,6411,1,0,0,1,1
2020-08-26,US,Tennessee,Morgan,187,1,0,36.13248031,-84.64880098,47129.0,873.7092930897537,0.5347593582887701,186,185,1,0,184,184,21579,2,0,0,2,1
2020-08-26,US,Tennessee,Obion,770,6,0,36.35732446,-89.14921589,47131.0,2560.776879843028,0.7792207792207793,764,759,6,0,753,757,30267,11,0,0,11,2
2020-08-26,US,Tennessee,Out of TN,2953,25,0,0.0,0.0,80047.0,0.0,0.8465966813410092,2928,2916,23,0,2893,2929,,37,2,0,35,-13
2020-08-26,US,Tennessee,Overton,387,1,0,36.34117832,-85.28989535,47133.0,1740.0296749246884,0.25839793281653745,386,375,1,0,374,360,22068,12,0,0,12,15
2020-08-26,US,Tennessee,Perry,100,0,0,35.63708728,-87.86139634,47135.0,1238.2367508667658,0.0,100,98,0,0,98,98,8064,2,0,0,2,0
2020-08-26,US,Tennessee,Pickett,54,1,0,36.55606529,-85.07763299999998,47137.0,1069.73058637084,1.851851851851852,53,50,1,0,49,46,5082,4,0,0,4,4
2020-08-26,US,Tennessee,Polk,314,10,0,35.12245443,-84.52075859,47139.0,1865.4942965779467,3.1847133757961785,304,306,10,0,296,305,16898,8,0,0,8,1
2020-08-26,US,Tennessee,Putnam,2226,26,0,36.14005459,-85.50646123,47141.0,2774.0046108791826,1.1680143755615453,2200,2171,24,0,2147,2149,78843,55,2,0,53,22
2020-08-26,US,Tennessee,Rhea,627,2,0,35.60536161,-84.93076643,47143.0,1890.4332619772665,0.3189792663476874,625,618,2,0,616,616,33044,9,0,0,9,2
2020-08-26,US,Tennessee,Roane,597,2,0,35.84923189,-84.52458689,47145.0,1118.3545015173654,0.33500837520938026,595,587,2,0,585,587,53140,10,0,0,10,0
2020-08-26,US,Tennessee,Robertson,1779,25,0,36.52454807,-86.87346725,47147.0,2477.267347137705,1.4052838673412027,1754,1772,25,0,1747,1751,71012,7,0,0,7,21
2020-08-26,US,Tennessee,Rutherford,7620,67,0,35.84591405,-86.4107263,47149.0,2293.212152218728,0.8792650918635171,7553,7523,67,0,7456,7486,324890,97,0,0,97,37
2020-08-26,US,Tennessee,Scott,154,2,0,36.42325673,-84.50360494,47151.0,697.8430306325902,1.2987012987012987,152,154,2,0,152,153,22039,0,0,0,0,1
2020-08-26,US,Tennessee,Sequatchie,138,1,0,35.36979721,-85.41022136,47153.0,918.408092639425,0.7246376811594203,137,138,1,0,137,138,14876,0,0,0,0,0
2020-08-26,US,Tennessee,Sevier,2181,11,0,35.78077323,-83.52244332,47155.0,2219.8473282442746,0.504355800091701,2170,2157,11,0,2146,2154,97892,24,0,0,24,3
2020-08-26,US,Tennessee,Shelby,26334,374,0,35.1864775,-89.89692423,47157.0,2809.9610954729474,1.4202172096908938,25960,26086,370,0,25716,25976,935764,248,4,0,244,110
2020-08-26,US,Tennessee,Smith,506,8,0,36.25359775,-85.95411046,47159.0,2510.2941906037604,1.5810276679841897,498,501,8,0,493,497,19942,5,0,0,5,4
2020-08-26,US,Tennessee,Stewart,91,0,0,36.50235092,-87.83920548,47161.0,663.5071090047394,0.0,91,91,0,0,91,89,13561,0,0,0,0,2
2020-08-26,US,Tennessee,Sullivan,1523,22,0,36.51240691,-82.30412917,47163.0,961.805643266729,1.4445173998686802,1501,1495,22,0,1473,1474,157668,28,0,0,28,21
2020-08-26,US,Tennessee,Sumner,3939,83,0,36.46824103,-86.45917204,47165.0,2059.2525211336083,2.107133790302107,3856,3903,83,0,3820,3889,187149,36,0,0,36,14
2020-08-26,US,Tennessee,Tipton,1356,14,0,35.501942,-89.73694895,47167.0,2201.334437247358,1.0324483775811208,1342,1349,13,0,1336,1337,61581,7,1,0,6,12
2020-08-26,US,Tennessee,Trousdale,1592,6,0,36.39026213,-86.16087954,47169.0,14108.4721729883,0.3768844221105528,1586,1592,6,0,1586,1592,11012,0,0,0,0,0
2020-08-26,US,Tennessee,Unassigned,3303,4,0,0.0,0.0,90047.0,0.0,0.12110202845897668,3299,3294,5,0,3289,3293,,9,-1,0,10,1
2020-08-26,US,Tennessee,Unicoi,215,1,0,36.10890856,-82.43709629,47171.0,1202.2591287815244,0.4651162790697674,214,213,1,0,212,212,17761,2,0,0,2,1
2020-08-26,US,Tennessee,Union,211,1,0,36.28590426,-83.83651902,47173.0,1056.4790706989786,0.4739336492890995,210,210,1,0,209,208,19688,1,0,0,1,2
2020-08-26,US,Tennessee,Van Buren,59,0,0,35.69864497,-85.45221699,47175.0,1004.7683923705722,0.0,59,57,0,0,57,54,5765,2,0,0,2,3
2020-08-26,US,Tennessee,Warren,780,7,0,35.672829899999996,-85.77969117,47177.0,1889.6722145504762,0.8974358974358975,773,745,7,0,738,741,40878,35,0,0,35,4
2020-08-26,US,Tennessee,Washington,1641,8,0,36.29472368,-82.49454720000001,47179.0,1268.4057971014493,0.4875076173065204,1633,1601,8,0,1593,1597,128607,40,0,0,40,4
2020-08-26,US,Tennessee,Wayne,271,2,0,35.23868267,-87.78644456,47181.0,1625.382354705212,0.7380073800738007,269,266,2,0,264,261,16558,5,0,0,5,5
2020-08-26,US,Tennessee,Weakley,770,11,0,36.29896232,-88.71990865,47183.0,2310.369659145463,1.4285714285714286,759,749,11,0,738,742,33415,21,0,0,21,7
2020-08-26,US,Tennessee,White,482,7,0,35.92929884,-85.45591799,47185.0,1762.6622782958493,1.4522821576763485,475,446,7,0,439,435,27107,36,0,0,36,11
2020-08-26,US,Tennessee,Williamson,4210,27,0,35.89099229,-86.89281867,47187.0,1765.8507122124724,0.6413301662707839,4183,4165,27,0,4138,4157,231729,45,0,0,45,8
2020-08-26,US,Tennessee,Wilson,2712,31,0,36.15496772,-86.29775884,47189.0,1874.779651174848,1.1430678466076696,2681,2672,30,0,2642,2664,140625,40,1,0,39,8
2020-08-26,US,Texas,Anderson,2453,18,0,31.81534745,-95.65354823,48001.0,4248.722611933836,0.7337953526294333,2435,2449,18,0,2431,2431,58057,4,0,0,4,18
2020-08-26,US,Texas,Andrews,357,8,0,32.30468633,-102.63765479999999,48003.0,1908.5805934242185,2.2408963585434174,349,356,8,0,348,356,18128,1,0,0,1,0
2020-08-26,US,Texas,Angelina,1968,63,0,31.25457347,-94.60901487,48005.0,2269.5035460992913,3.2012195121951224,1905,1968,63,0,1905,1964,87092,0,0,0,0,4
2020-08-26,US,Texas,Aransas,198,16,0,28.10556197,-96.9995047,48007.0,842.1948107188431,8.080808080808081,182,198,16,0,182,198,23792,0,0,0,0,0
2020-08-26,US,Texas,Archer,42,0,0,33.61569967,-98.68754589,48009.0,491.0557699052964,0.0,42,40,0,0,40,39,8786,2,0,0,2,1
2020-08-26,US,Texas,Armstrong,11,0,0,34.96507426,-101.35748740000001,48011.0,582.9358770535241,0.0,11,11,0,0,11,10,1892,0,0,0,0,1
2020-08-26,US,Texas,Atascosa,558,24,0,28.89333001,-98.52730485,48013.0,1090.8451117236523,4.301075268817204,534,551,23,0,528,544,50310,7,1,0,6,7
2020-08-26,US,Texas,Austin,401,5,0,29.88548725,-96.27736949,48015.0,1335.2424080980288,1.2468827930174564,396,398,5,0,393,398,29989,3,0,0,3,0
2020-08-26,US,Texas,Bailey,199,4,0,34.06854817,-102.8299707,48017.0,2842.857142857143,2.010050251256281,195,198,4,0,194,196,7027,1,0,0,1,2
2020-08-26,US,Texas,Bandera,106,3,0,29.74619598,-99.24598147,48019.0,458.6362062997577,2.830188679245283,103,106,3,0,103,106,22824,0,0,0,0,0
2020-08-26,US,Texas,Bastrop,1561,25,0,30.10370699,-97.31206354,48021.0,1759.4084961058575,1.601537475976938,1536,1542,25,0,1517,1536,86976,19,0,0,19,6
2020-08-26,US,Texas,Baylor,13,0,0,33.61640794,-99.21352901,48023.0,370.4759190652608,0.0,13,13,0,0,13,12,3582,0,0,0,0,1
2020-08-26,US,Texas,Bee,1490,22,0,28.41761668,-97.74215593,48025.0,4575.464455703977,1.4765100671140938,1468,1489,20,0,1469,1473,32587,1,2,0,-1,16
2020-08-26,US,Texas,Bell,4679,59,0,31.03736027,-97.4785025,48027.0,1289.2506420076932,1.2609531951271642,4620,4636,58,0,4578,4534,355642,43,1,0,42,102
2020-08-26,US,Texas,Bexar,45622,1026,0,29.44928723,-98.52019748,48029.0,2277.053675618426,2.2489149971504974,44596,45488,1007,0,44481,45364,1986049,134,19,0,115,124
2020-08-26,US,Texas,Blanco,124,5,0,30.26640707,-98.3999852,48031.0,1039.3093621657865,4.032258064516129,119,122,5,0,117,127,11702,2,0,0,2,-5
2020-08-26,US,Texas,Bosque,206,5,0,31.89978581,-97.63613524,48035.0,1102.4886272411024,2.4271844660194173,201,200,5,0,195,197,18691,6,0,0,6,3
2020-08-26,US,Texas,Bowie,914,43,0,33.44626922,-94.41834132,48037.0,980.2134162689688,4.704595185995624,871,860,42,0,818,860,94324,54,1,0,53,0
2020-08-26,US,Texas,Brazoria,8886,130,0,29.18757369,-95.44563172,48039.0,2374.259880725905,1.4629754670267836,8756,8824,127,0,8697,8662,370200,62,3,0,59,162
2020-08-26,US,Texas,Brazos,4481,53,0,30.663644800000004,-96.30205577,48041.0,1954.967257243326,1.1827717027449227,4428,4433,53,0,4380,4390,226758,48,0,0,48,43
2020-08-26,US,Texas,Brewster,189,2,0,29.81008251,-103.25203259999999,48043.0,2053.6781484298604,1.058201058201058,187,188,2,0,186,189,9267,1,0,0,1,-1
2020-08-26,US,Texas,Briscoe,12,1,0,34.53026962,-101.2084947,48045.0,776.1966364812421,8.333333333333334,11,12,1,0,11,12,1516,0,0,0,0,0
2020-08-26,US,Texas,Brooks,197,16,0,27.03103197,-98.21808402,48047.0,2777.3861553644438,8.121827411167514,181,197,14,0,183,197,7114,0,2,0,-2,0
2020-08-26,US,Texas,Brown,461,19,0,31.77430356,-98.99907113,48049.0,1217.5153179801393,4.121475054229935,442,447,19,0,428,435,37924,14,0,0,14,12
2020-08-26,US,Texas,Burleson,275,6,0,30.49273808,-96.62158484,48051.0,1491.0806267960745,2.1818181818181817,269,275,6,0,269,275,18389,0,0,0,0,0
2020-08-26,US,Texas,Burnet,628,12,0,30.78801353,-98.181887,48053.0,1304.1221057003427,1.9108280254777068,616,630,12,0,618,605,47542,-2,0,0,-2,25
2020-08-26,US,Texas,Caldwell,1226,32,0,29.83668859,-97.61814775,48055.0,2807.805056797362,2.6101141924959217,1194,1217,32,0,1185,1210,43247,9,0,0,9,7
2020-08-26,US,Texas,Calhoun,589,7,0,28.47048236,-96.61633945,48057.0,2766.557069046501,1.1884550084889642,582,586,7,0,579,579,21561,3,0,0,3,7
2020-08-26,US,Texas,Callahan,62,3,0,32.29760619,-99.37326312,48059.0,444.667575127304,4.838709677419356,59,60,3,0,57,57,13994,2,0,0,2,3
2020-08-26,US,Texas,Cameron,20335,688,0,26.14524221,-97.48140372,48061.0,4805.476849346469,3.3833292353085813,19647,19862,668,0,19194,19225,423908,473,20,0,453,637
2020-08-26,US,Texas,Camp,290,7,0,32.97195142,-94.97790104,48063.0,2214.754849549412,2.413793103448276,283,280,7,0,273,274,13033,10,0,0,10,6
2020-08-26,US,Texas,Carson,17,0,0,35.40365929,-101.35426690000001,48065.0,286.87141410732363,0.0,17,17,0,0,17,17,6005,0,0,0,0,0
2020-08-26,US,Texas,Cass,246,9,0,33.07499881,-94.34646905,48067.0,819.2899487111171,3.6585365853658534,237,229,9,0,220,227,30119,17,0,0,17,2
2020-08-26,US,Texas,Castro,220,4,0,34.53016752,-102.2617243,48069.0,2921.646746347941,1.818181818181818,216,219,4,0,215,214,7665,1,0,0,1,5
2020-08-26,US,Texas,Chambers,1123,5,0,29.70972016,-94.67154501,48071.0,2561.762894358647,0.4452359750667854,1118,1123,5,0,1118,1103,42454,0,0,0,0,20
2020-08-26,US,Texas,Cherokee,1377,14,0,31.837258000000002,-95.16559897,48073.0,2615.5833301675343,1.0167029774872909,1363,1353,14,0,1339,1339,52592,24,0,0,24,14
2020-08-26,US,Texas,Childress,55,0,0,34.529304100000004,-100.2077916,48075.0,752.8059129482617,0.0,55,51,0,0,51,52,7291,4,0,0,4,-1
2020-08-26,US,Texas,Clay,61,1,0,33.78686685,-98.20771198,48077.0,582.5613599465189,1.639344262295082,60,60,1,0,59,59,10456,1,0,0,1,1
2020-08-26,US,Texas,Cochran,37,1,0,33.60425307,-102.82844990000001,48079.0,1296.880476691202,2.702702702702702,36,36,1,0,35,35,2836,1,0,0,1,1
2020-08-26,US,Texas,Coke,48,3,0,31.88911733,-100.5297533,48081.0,1417.1833480956598,6.25,45,48,3,0,45,45,3370,0,0,0,0,3
2020-08-26,US,Texas,Coleman,47,2,0,31.76736834,-99.45240766,48083.0,574.9235474006116,4.25531914893617,45,45,2,0,43,44,8397,2,0,0,2,1
2020-08-26,US,Texas,Collin,10570,106,0,33.18820114,-96.57264368,48085.0,1021.5225227837213,1.0028382213812677,10464,10474,105,0,10369,10639,1005146,96,1,0,95,-165
2020-08-26,US,Texas,Collingsworth,15,0,0,34.96489496,-100.27001109999999,48087.0,513.6986301369864,0.0,15,15,0,0,15,15,2962,0,0,0,0,0
2020-08-26,US,Texas,Colorado,421,3,0,29.622097999999998,-96.5273805,48089.0,1958.7772763225241,0.7125890736342043,418,421,3,0,418,421,21217,0,0,0,0,0
2020-08-26,US,Texas,Comal,2293,94,0,29.80811278,-98.27647225,48091.0,1467.9051783187908,4.099433057130397,2199,2293,94,0,2199,2275,148373,0,0,0,0,18
2020-08-26,US,Texas,Comanche,207,3,0,31.94854689,-98.55876441,48093.0,1518.1518151815185,1.4492753623188406,204,206,3,0,203,184,13534,1,0,0,1,22
2020-08-26,US,Texas,Concho,42,0,0,31.32635934,-99.86473038,48095.0,1540.7190022010273,0.0,42,41,0,0,41,35,4276,1,0,0,1,6
2020-08-26,US,Texas,Cooke,300,4,0,33.63979567,-97.21240912,48097.0,727.1493322345299,1.3333333333333333,296,298,4,0,294,288,40574,2,0,0,2,10
2020-08-26,US,Texas,Coryell,793,9,0,31.39078397,-97.79936155,48099.0,1044.0942186409661,1.1349306431273645,784,786,9,0,777,781,74808,7,0,0,7,5
2020-08-26,US,Texas,Cottle,18,2,0,34.07783319,-100.27850620000001,48101.0,1287.5536480686694,11.111111111111109,16,18,2,0,16,18,1389,0,0,0,0,0
2020-08-26,US,Texas,Crane,70,2,0,31.43052248,-102.5143314,48103.0,1459.245361684386,2.8571428571428568,68,70,2,0,68,70,4794,0,0,0,0,0
2020-08-26,US,Texas,Crockett,161,5,0,30.72367027,-101.4134238,48105.0,4647.806004618938,3.1055900621118013,156,161,5,0,156,160,3499,0,0,0,0,1
2020-08-26,US,Texas,Crosby,81,1,0,33.61431553,-101.30003640000001,48107.0,1411.8877462088199,1.2345679012345678,80,80,1,0,79,75,5779,1,0,0,1,5
2020-08-26,US,Texas,Culberson,23,2,0,31.44506775,-104.5185739,48109.0,1059.4196222938738,8.695652173913043,21,23,2,0,21,22,2204,0,0,0,0,1
2020-08-26,US,Texas,Dallam,206,7,0,36.27787176,-102.60207249999999,48111.0,2826.9521064910114,3.3980582524271843,199,204,6,0,198,202,7200,2,1,0,1,2
2020-08-26,US,Texas,Dallas,69881,912,0,32.76670599,-96.77796049999999,48113.0,2651.511127232769,1.30507577166898,68969,69086,899,0,68187,69086,2637772,795,13,0,782,0
2020-08-26,US,Texas,Dawson,190,8,0,32.74255572,-101.94772420000001,48115.0,1492.7718416090506,4.2105263157894735,182,189,8,0,181,187,12619,1,0,0,1,2
2020-08-26,US,Texas,DeWitt,798,25,0,29.08101855,-97.35681170000001,48123.0,3958.333333333334,3.1328320802005014,773,798,24,0,774,782,20187,0,1,0,-1,16
2020-08-26,US,Texas,Deaf Smith,785,19,0,34.96522957,-102.6054267,48117.0,4232.7186455300325,2.4203821656050954,766,781,19,0,762,770,18760,4,0,0,4,11
2020-08-26,US,Texas,Delta,17,0,0,33.38570922,-95.66921122,48119.0,318.88951416244606,0.0,17,18,0,0,18,18,5349,-1,0,0,-1,0
2020-08-26,US,Texas,Denton,9544,122,0,33.20521901,-97.11691153,48121.0,1075.7354258927173,1.2782900251466889,9422,9406,119,0,9287,9235,859064,138,3,0,135,171
2020-08-26,US,Texas,Dickens,16,1,0,33.61616822,-100.7788855,48125.0,723.6544549977385,6.25,15,13,1,0,12,10,2249,3,0,0,3,3
2020-08-26,US,Texas,Dimmit,176,6,0,28.42270064,-99.75645095,48127.0,1738.4433030422754,3.4090909090909087,170,174,5,0,169,171,10308,2,1,0,1,3
2020-08-26,US,Texas,Donley,53,1,0,34.96517499,-100.8140093,48129.0,1616.8395363026236,1.8867924528301887,52,52,1,0,51,52,3319,1,0,0,1,0
2020-08-26,US,Texas,Duval,234,9,0,27.68184592,-98.50864568,48131.0,2097.337994084431,3.8461538461538463,225,230,9,0,221,229,11212,4,0,0,4,1
2020-08-26,US,Texas,Eastland,109,2,0,32.32743996,-98.83243566,48133.0,593.6819172113289,1.834862385321101,107,106,2,0,104,103,18322,3,0,0,3,3
2020-08-26,US,Texas,Ector,4134,66,0,31.86898877,-102.54294279999999,48135.0,2487.0204484337305,1.5965166908563135,4068,4120,66,0,4054,4057,162124,14,0,0,14,63
2020-08-26,US,Texas,Edwards,34,1,0,29.98202582,-100.304252,48137.0,1759.8343685300208,2.9411764705882355,33,34,0,0,34,34,1928,0,1,0,-1,0
2020-08-26,US,Texas,El Paso,19753,399,0,31.76980765,-106.23632749999999,48141.0,2353.6827455382145,2.019946337265225,19354,19622,397,0,19225,19554,840758,131,2,0,129,68
2020-08-26,US,Texas,Ellis,3670,55,0,32.34894117,-96.79371841,48139.0,1985.6513693960806,1.4986376021798364,3615,3562,55,0,3507,3486,179436,108,0,0,108,76
2020-08-26,US,Texas,Erath,647,8,0,32.23602653,-98.21773417,48143.0,1515.2934563679798,1.2364760432766615,639,633,8,0,625,618,42446,14,0,0,14,15
2020-08-26,US,Texas,Falls,158,3,0,31.25350609,-96.93630086,48145.0,913.4531999768747,1.8987341772151896,155,156,3,0,153,151,17335,2,0,0,2,5
2020-08-26,US,Texas,Fannin,566,10,0,33.59564294,-96.10751083,48147.0,1593.7376809145694,1.7667844522968197,556,559,10,0,549,388,35286,7,0,0,7,171
2020-08-26,US,Texas,Fayette,450,16,0,29.87788372,-96.92076062,48149.0,1775.4280754359665,3.555555555555556,434,444,15,0,429,444,25349,6,1,0,5,0
2020-08-26,US,Texas,Fisher,52,1,0,32.74281316,-100.40193020000001,48151.0,1357.7023498694514,1.9230769230769231,51,50,1,0,49,48,3839,2,0,0,2,2
2020-08-26,US,Texas,Floyd,98,7,0,34.07227468,-101.3031546,48153.0,1715.686274509804,7.142857142857142,91,98,7,0,91,98,5837,0,0,0,0,0
2020-08-26,US,Texas,Foard,3,0,0,33.97308618,-99.7767797,48155.0,259.7402597402597,0.0,3,3,0,0,3,3,1200,0,0,0,0,0
2020-08-26,US,Texas,Fort Bend,14761,226,0,29.52704478,-95.77219463,48157.0,1818.555898325465,1.531061581193686,14535,14645,220,0,14425,14640,787858,116,6,0,110,5
2020-08-26,US,Texas,Franklin,107,4,0,33.17653242,-95.21917243,48159.0,997.6689976689977,3.7383177570093458,103,101,4,0,97,101,10766,6,0,0,6,0
2020-08-26,US,Texas,Freestone,378,0,0,31.70422788,-96.15072516,48161.0,1917.127352031242,0.0,378,374,0,0,374,372,19808,4,0,0,4,2
2020-08-26,US,Texas,Frio,623,7,0,28.86751206,-99.10804207,48163.0,3068.0587018615192,1.1235955056179776,616,622,7,0,615,613,19816,1,0,0,1,9
2020-08-26,US,Texas,Gaines,239,5,0,32.74055318,-102.6353295,48165.0,1112.0416899311372,2.092050209205021,234,236,5,0,231,228,20901,3,0,0,3,8
2020-08-26,US,Texas,Galveston,10430,135,0,29.40167322,-94.90469073,48167.0,3048.468604865274,1.2943432406519657,10295,10430,135,0,10295,10400,337890,0,0,0,0,30
2020-08-26,US,Texas,Garza,101,3,0,33.17969345,-101.2984114,48169.0,1621.4480655000802,2.9702970297029703,98,102,3,0,99,102,6578,-1,0,0,-1,0
2020-08-26,US,Texas,Gillespie,197,6,0,30.31824095,-98.94676915,48171.0,729.9540536534756,3.045685279187817,191,196,6,0,190,193,26804,1,0,0,1,3
2020-08-26,US,Texas,Glasscock,6,0,0,31.86942909,-101.5207776,48173.0,425.83392476934,0.0,6,6,0,0,6,6,1388,0,0,0,0,0
2020-08-26,US,Texas,Goliad,121,6,0,28.65696592,-97.42760647,48175.0,1580.0470096630975,4.958677685950414,115,121,6,0,115,121,7584,0,0,0,0,0
2020-08-26,US,Texas,Gonzales,805,12,0,29.45634206,-97.49424032,48177.0,3863.320055670201,1.4906832298136643,793,795,12,0,783,783,20826,10,0,0,10,12
2020-08-26,US,Texas,Gray,242,4,0,35.40081878,-100.8129222,48179.0,1105.7296902129217,1.6528925619834711,238,241,3,0,238,239,21895,1,1,0,0,2
2020-08-26,US,Texas,Grayson,1408,22,0,33.62744998,-96.67753461,48181.0,1033.68278859425,1.5625,1386,1391,20,0,1371,1383,133991,17,2,0,15,8
2020-08-26,US,Texas,Gregg,1824,43,0,32.47940482,-94.81591935,48183.0,1471.6204768243979,2.357456140350877,1781,1803,43,0,1760,1769,123707,21,0,0,21,34
2020-08-26,US,Texas,Grimes,977,29,0,30.54579585,-95.98902499,48185.0,3382.9639889196674,2.968270214943705,948,977,29,0,948,979,28360,0,0,0,0,-2
2020-08-26,US,Texas,Guadalupe,1882,70,0,29.58165339,-97.94786822,48187.0,1127.9795261527029,3.719447396386823,1812,1871,67,0,1804,1858,163694,11,3,0,8,13
2020-08-26,US,Texas,Hale,1584,40,0,34.07044901,-101.82681140000001,48189.0,4741.663174280069,2.525252525252525,1544,1554,40,0,1514,1538,33830,30,0,0,30,16
2020-08-26,US,Texas,Hall,17,1,0,34.5307555,-100.68138520000001,48191.0,573.549257759784,5.882352941176472,16,16,1,0,15,16,3028,1,0,0,1,0
2020-08-26,US,Texas,Hamilton,98,3,0,31.70470573,-98.11083887,48193.0,1158.2555253516134,3.0612244897959178,95,97,3,0,94,96,8484,1,0,0,1,1
2020-08-26,US,Texas,Hansford,101,3,0,36.27743284,-101.3545796,48195.0,1870.7167994072975,2.9702970297029703,98,100,3,0,97,99,5463,1,0,0,1,1
2020-08-26,US,Texas,Hardeman,22,0,0,34.28944521,-99.74632408,48197.0,559.3694380879734,0.0,22,22,0,0,22,22,3922,0,0,0,0,0
2020-08-26,US,Texas,Hardin,1254,19,0,30.33364686,-94.38931817,48199.0,2177.0077427867086,1.5151515151515151,1235,1233,19,0,1214,1217,57207,21,0,0,21,16
2020-08-26,US,Texas,Harris,101077,2106,0,29.85864939,-95.39339521,48201.0,2144.4945977627262,2.083560058173472,98971,100171,2072,0,98099,99290,4698619,906,34,0,872,881
2020-08-26,US,Texas,Harrison,783,26,0,32.54935988,-94.36934071,48203.0,1176.505942632188,3.3205619412515963,757,774,26,0,748,774,66726,9,0,0,9,0
2020-08-26,US,Texas,Hartley,99,0,0,35.84008013,-102.6029022,48205.0,1775.4662840746055,0.0,99,99,0,0,99,99,5619,0,0,0,0,0
2020-08-26,US,Texas,Haskell,52,1,0,33.17823584,-99.73037358,48207.0,919.0526687875574,1.9230769230769231,51,51,1,0,50,50,5813,1,0,0,1,1
2020-08-26,US,Texas,Hays,5322,53,0,30.05669873,-98.02944344,48209.0,2311.993084004153,0.9958662157083804,5269,5308,53,0,5255,5297,222631,14,0,0,14,11
2020-08-26,US,Texas,Hemphill,53,0,0,35.83764858,-100.2703577,48211.0,1387.797852841058,0.0,53,53,0,0,53,47,3825,0,0,0,0,6
2020-08-26,US,Texas,Henderson,771,16,0,32.21128872,-95.85846587,48213.0,931.8684506327278,2.075226977950713,755,765,16,0,749,755,82299,6,0,0,6,10
2020-08-26,US,Texas,Hidalgo,26606,1130,0,26.39418217,-98.18299696,48215.0,3062.712744343029,4.247162294219349,25476,25951,1121,0,24830,25169,865939,655,9,0,646,782
2020-08-26,US,Texas,Hill,361,8,0,31.99045053,-97.13423143,48217.0,985.0200551174656,2.21606648199446,353,346,8,0,338,345,36354,15,0,0,15,1
2020-08-26,US,Texas,Hockley,253,5,0,33.60771256,-102.3431676,48219.0,1098.9965683506364,1.9762845849802368,248,246,5,0,241,242,22980,7,0,0,7,4
2020-08-26,US,Texas,Hood,737,21,0,32.42990927,-97.83242024,48221.0,1195.5939847184595,2.849389416553596,716,725,21,0,704,703,60537,12,0,0,12,22
2020-08-26,US,Texas,Hopkins,238,5,0,33.14875072,-95.56351139,48223.0,641.7862150792795,2.100840336134454,233,236,5,0,231,234,36810,2,0,0,2,2
2020-08-26,US,Texas,Houston,531,8,0,31.31925973,-95.42226208,48225.0,2311.912225705329,1.5065913370998116,523,526,8,0,518,327,23169,5,0,0,5,199
2020-08-26,US,Texas,Howard,260,8,0,32.30621324,-101.4356444,48227.0,709.1424830896792,3.0769230769230766,252,258,8,0,250,253,36459,2,0,0,2,5
2020-08-26,US,Texas,Hudspeth,37,2,0,31.45628381,-105.388178,48229.0,757.2656569791243,5.405405405405406,35,37,2,0,35,36,4795,0,0,0,0,1
2020-08-26,US,Texas,Hunt,1383,26,0,33.12351514,-96.08551032,48231.0,1402.7222751891595,1.8799710773680405,1357,1385,25,0,1360,1363,96493,-2,1,0,-3,22
2020-08-26,US,Texas,Hutchinson,144,3,0,35.84006574,-101.3546643,48233.0,687.7447702741428,2.083333333333333,141,142,3,0,139,139,21198,2,0,0,2,3
2020-08-26,US,Texas,Irion,9,0,0,31.30375559,-100.982439,48235.0,585.9375,0.0,9,9,0,0,9,9,1522,0,0,0,0,0
2020-08-26,US,Texas,Jack,119,0,0,33.23377248,-98.17283469,48237.0,1331.841074426413,0.0,119,120,0,0,120,116,8843,-1,0,0,-1,4
2020-08-26,US,Texas,Jackson,492,13,0,28.95472367,-96.57749563,48239.0,3333.333333333333,2.6422764227642275,479,486,13,0,473,477,14874,6,0,0,6,9
2020-08-26,US,Texas,Jasper,393,18,0,30.74685667,-94.02667579,48241.0,1106.138647302204,4.580152671755725,375,393,17,0,376,393,35872,0,1,0,-1,0
2020-08-26,US,Texas,Jeff Davis,8,0,0,30.71490589,-104.1399973,48243.0,351.8029903254178,0.0,8,8,0,0,8,8,2252,0,0,0,0,0
2020-08-26,US,Texas,Jefferson,6569,104,0,29.8832777,-94.16434171,48245.0,2611.2535527597242,1.5831937890089816,6465,6559,104,0,6455,6499,255001,10,0,0,10,60
2020-08-26,US,Texas,Jim Hogg,75,2,0,27.04453923,-98.69681870000001,48247.0,1442.3076923076926,2.6666666666666665,73,73,2,0,71,73,5248,2,0,0,2,0
2020-08-26,US,Texas,Jim Wells,957,23,0,27.73103938,-98.0904705,48249.0,2364.013635689936,2.4033437826541277,934,943,23,0,920,942,40822,14,0,0,14,1
2020-08-26,US,Texas,Johnson,2451,42,0,32.37877812,-97.36615819,48251.0,1394.0631452021137,1.7135862913096696,2409,2427,42,0,2385,2393,171361,24,0,0,24,34
2020-08-26,US,Texas,Jones,602,0,0,32.73997145,-99.87861576,48253.0,2997.560125479261,0.0,602,604,0,0,604,601,19817,-2,0,0,-2,3
2020-08-26,US,Texas,Karnes,732,11,0,28.90705334,-97.85960149,48255.0,4692.006922633164,1.5027322404371584,721,730,10,0,720,720,15650,2,1,0,1,10
2020-08-26,US,Texas,Kaufman,2705,33,0,32.599141700000004,-96.28734728,48257.0,1986.7209189594132,1.21996303142329,2672,2685,33,0,2652,2656,128622,20,0,0,20,29
2020-08-26,US,Texas,Kendall,199,4,0,29.94414155,-98.7113588,48259.0,419.5568299213594,2.010050251256281,195,198,4,0,194,193,45641,1,0,0,1,5
2020-08-26,US,Texas,Kenedy,7,1,0,26.92601662,-97.66413984,48261.0,1732.6732673267327,14.285714285714285,6,7,1,0,6,7,442,0,0,0,0,0
2020-08-26,US,Texas,Kent,7,0,0,33.18104136,-100.7780939,48263.0,918.6351706036743,0.0,7,7,0,0,7,6,726,0,0,0,0,1
2020-08-26,US,Texas,Kerr,431,9,0,30.06040006,-99.34930144,48265.0,819.3916349809888,2.0881670533642693,422,430,9,0,421,426,52405,1,0,0,1,4
2020-08-26,US,Texas,Kimble,16,1,0,30.48678918,-99.74856473,48267.0,368.9186073322573,6.25,15,16,1,0,15,16,4362,0,0,0,0,0
2020-08-26,US,Texas,Kinney,22,1,0,29.34967888,-100.41866379999999,48271.0,599.9454595036815,4.545454545454546,21,22,1,0,21,22,3767,0,0,0,0,0
2020-08-26,US,Texas,Kleberg,591,22,0,27.42435506,-97.69894948,48273.0,1926.3363754889176,3.7225042301184432,569,567,21,0,546,563,31129,24,1,0,23,4
2020-08-26,US,Texas,Knox,64,8,0,33.60519951,-99.74229059999999,48275.0,1746.7248908296942,12.5,56,64,8,0,56,64,3653,0,0,0,0,0
2020-08-26,US,Texas,La Salle,366,2,0,28.34453111,-99.09908775,48283.0,4867.021276595745,0.5464480874316939,364,365,2,0,363,367,7531,1,0,0,1,-2
2020-08-26,US,Texas,Lamar,791,24,0,33.66981763,-95.57404777,48277.0,1586.4738562746945,3.034134007585335,767,791,24,0,767,791,49728,0,0,0,0,0
2020-08-26,US,Texas,Lamb,272,19,0,34.06859623,-102.35162890000001,48279.0,2109.671914992632,6.985294117647059,253,267,19,0,248,263,13158,5,0,0,5,4
2020-08-26,US,Texas,Lampasas,146,5,0,31.19531316,-98.24206613,48281.0,681.3515027067389,3.4246575342465757,141,143,5,0,138,141,21229,3,0,0,3,2
2020-08-26,US,Texas,Lavaca,670,28,0,29.38508402,-96.93186692,48285.0,3324.402103800734,4.17910447761194,642,665,28,0,637,661,20110,5,0,0,5,4
2020-08-26,US,Texas,Lee,191,13,0,30.31120597,-96.97045773,48287.0,1107.952897499855,6.806282722513089,178,191,13,0,178,188,17144,0,0,0,0,3
2020-08-26,US,Texas,Leon,173,4,0,31.29872538,-95.9936328,48289.0,994.0243622155824,2.3121387283237,169,167,4,0,163,167,17270,6,0,0,6,0
2020-08-26,US,Texas,Liberty,1665,41,0,30.15152688,-94.81205615,48291.0,1887.3485303619398,2.4624624624624625,1624,1602,41,0,1561,1376,86323,63,0,0,63,226
2020-08-26,US,Texas,Limestone,396,5,0,31.5454767,-96.58095444,48293.0,1689.636045568972,1.2626262626262623,391,389,5,0,384,381,23519,7,0,0,7,8
2020-08-26,US,Texas,Lipscomb,23,0,0,36.27783108,-100.27331509999999,48295.0,711.4135477884317,0.0,23,23,0,0,23,23,3355,0,0,0,0,0
2020-08-26,US,Texas,Live Oak,330,6,0,28.35101362,-98.1246786,48297.0,2703.366920619317,1.818181818181818,324,282,5,0,277,282,12166,48,1,0,47,0
2020-08-26,US,Texas,Llano,100,1,0,30.70645047,-98.68475262,48299.0,458.8208304657031,1.0,99,100,1,0,99,99,21646,0,0,0,0,1
2020-08-26,US,Texas,Lubbock,6975,91,0,33.61008596,-101.82047890000001,48303.0,2245.877727654724,1.3046594982078854,6884,6918,87,0,6831,6885,307412,57,4,0,53,33
2020-08-26,US,Texas,Lynn,76,4,0,33.17657705,-101.8162849,48305.0,1277.0962863384304,5.2631578947368425,72,76,4,0,72,76,5877,0,0,0,0,0
2020-08-26,US,Texas,Madison,836,4,0,30.96694679,-95.93003775,48313.0,5852.702324278914,0.4784688995215311,832,779,4,0,775,690,14422,57,0,0,57,89
2020-08-26,US,Texas,Marion,139,10,0,32.79868409,-94.35661230000001,48315.0,1410.5946823624924,7.1942446043165456,129,139,10,0,129,139,9928,0,0,0,0,0
2020-08-26,US,Texas,Martin,70,5,0,32.30600051,-101.9513518,48317.0,1212.9613585167215,7.142857142857142,65,70,5,0,65,70,5753,0,0,0,0,0
2020-08-26,US,Texas,Mason,68,0,0,30.71780434,-99.22629416,48319.0,1591.0154422087037,0.0,68,67,0,0,67,64,4280,1,0,0,1,3
2020-08-26,US,Texas,Matagorda,891,38,0,28.81955746,-96.01230294,48321.0,2431.569467565429,4.264870931537598,853,887,38,0,849,887,36552,4,0,0,4,0
2020-08-26,US,Texas,Maverick,3228,73,0,28.7429195,-100.3157686,48323.0,5497.087973842853,2.261462205700124,3155,3168,67,0,3101,3117,58485,60,6,0,54,51
2020-08-26,US,Texas,McCulloch,82,1,0,31.1925468,-99.34682807,48307.0,1027.054108216433,1.2195121951219512,81,75,1,0,74,74,7987,7,0,0,7,1
2020-08-26,US,Texas,McLennan,5907,77,0,31.55255453,-97.20217694,48309.0,2301.820179796823,1.303538175046555,5830,5796,76,0,5720,5760,254607,111,1,0,110,36
2020-08-26,US,Texas,McMullen,11,0,0,28.35251708,-98.56769164,48311.0,1480.4845222072681,0.0,11,11,0,0,11,11,749,0,0,0,0,0
2020-08-26,US,Texas,Medina,1101,34,0,29.355730100000002,-99.11030298,48325.0,2134.382754342432,3.0881017257039054,1067,1073,34,0,1039,1070,50921,28,0,0,28,3
2020-08-26,US,Texas,Menard,20,0,0,30.88990665,-99.82047940000001,48327.0,935.4536950420952,0.0,20,20,0,0,20,20,2139,0,0,0,0,0
2020-08-26,US,Texas,Midland,3166,65,0,31.86904128,-102.03156820000001,48329.0,1790.3999276149111,2.053063802905875,3101,3134,65,0,3069,3094,172578,32,0,0,32,40
2020-08-26,US,Texas,Milam,409,4,0,30.78581830000001,-96.97718698,48331.0,1647.6654715384925,0.9779951100244498,405,402,4,0,398,400,25131,7,0,0,7,2
2020-08-26,US,Texas,Mills,31,0,0,31.49557106,-98.59272068,48333.0,636.1584239688077,0.0,31,31,0,0,31,31,4921,0,0,0,0,0
2020-08-26,US,Texas,Mitchell,73,1,0,32.30623474,-100.9212058,48335.0,854.3007606787595,1.3698630136986298,72,73,1,0,72,72,8145,0,0,0,0,1
2020-08-26,US,Texas,Montague,112,3,0,33.67521893,-97.72500958,48337.0,565.1427994752246,2.6785714285714284,109,110,3,0,107,109,19596,2,0,0,2,1
2020-08-26,US,Texas,Montgomery,8515,117,0,30.30079133,-95.50572772,48339.0,1401.897624429733,1.3740458015267176,8398,8268,115,0,8153,8122,590925,247,2,0,245,146
2020-08-26,US,Texas,Moore,1112,18,0,35.83769242,-101.8930281,48341.0,5310.4106972301815,1.6187050359712232,1094,1109,18,0,1091,1103,21485,3,0,0,3,6
2020-08-26,US,Texas,Morris,147,3,0,33.11304005,-94.73255695,48343.0,1186.6322247336134,2.0408163265306123,144,142,3,0,139,141,12339,5,0,0,5,1
2020-08-26,US,Texas,Motley,6,0,0,34.07408766,-100.77972199999999,48345.0,500.0,0.0,6,6,0,0,6,6,1234,0,0,0,0,0
2020-08-26,US,Texas,Nacogdoches,1305,47,0,31.62017125,-94.61803994,48347.0,2001.410956383044,3.6015325670498086,1258,1292,45,0,1247,1279,65711,13,2,0,11,13
2020-08-26,US,Texas,Navarro,1048,14,0,32.04620681,-96.47428766,48349.0,2091.2737213896594,1.3358778625954195,1034,1037,13,0,1024,1009,49565,11,1,0,10,28
2020-08-26,US,Texas,Newton,162,6,0,30.78548982,-93.74408813,48351.0,1191.6145641780067,3.703703703703704,156,162,6,0,156,162,13746,0,0,0,0,0
2020-08-26,US,Texas,Nolan,147,4,0,32.30365282,-100.4060208,48353.0,999.0485252140816,2.7210884353741496,143,147,4,0,143,145,14751,0,0,0,0,2
2020-08-26,US,Texas,Nueces,18444,336,0,27.736286,-97.5433285,48355.0,5090.893031626249,1.8217306441119063,18108,18349,327,0,18022,18181,362265,95,9,0,86,168
2020-08-26,US,Texas,Ochiltree,104,3,0,36.27829105,-100.8158184,48357.0,1057.3403822692148,2.8846153846153846,101,103,3,0,100,102,9947,1,0,0,1,1
2020-08-26,US,Texas,Oldham,14,1,0,35.40425596,-102.6027606,48359.0,662.8787878787879,7.142857142857142,13,14,1,0,13,14,2131,0,0,0,0,0
2020-08-26,US,Texas,Orange,1817,35,0,30.11879481,-93.89412775,48361.0,2178.7615712983843,1.9262520638414966,1782,1744,34,0,1710,1736,83572,73,1,0,72,8
2020-08-26,US,Texas,Palo Pinto,413,11,0,32.75310985,-98.31319001,48363.0,1414.9165781630065,2.6634382566585955,402,412,10,0,402,405,28875,1,1,0,0,7
2020-08-26,US,Texas,Panola,309,20,0,32.163959600000005,-94.30552481,48365.0,1332.2410968353886,6.472491909385114,289,305,20,0,285,302,23148,4,0,0,4,3
2020-08-26,US,Texas,Parker,1615,24,0,32.77757172,-97.80500621,48367.0,1130.3349710942202,1.4860681114551084,1591,1607,23,0,1584,1580,138371,8,1,0,7,27
2020-08-26,US,Texas,Parmer,380,7,0,34.52993409,-102.78446679999999,48369.0,3956.272774596565,1.8421052631578947,373,379,7,0,372,372,9864,1,0,0,1,7
2020-08-26,US,Texas,Pecos,287,3,0,30.78097267,-102.72412609999999,48371.0,1813.8153321114835,1.0452961672473868,284,284,3,0,281,272,15673,3,0,0,3,12
2020-08-26,US,Texas,Polk,774,16,0,30.79472531,-94.82766240000001,48373.0,1507.214768367963,2.0671834625323,758,774,16,0,758,773,50031,0,0,0,0,1
2020-08-26,US,Texas,Potter,3981,51,0,35.40133773,-101.893964,48375.0,3390.5378358812764,1.2810851544837978,3930,3966,51,0,3915,3943,119648,15,0,0,15,23
2020-08-26,US,Texas,Presidio,49,4,0,29.99954402,-104.24080790000001,48377.0,730.9069212410501,8.16326530612245,45,49,4,0,45,49,6948,0,0,0,0,0
2020-08-26,US,Texas,Rains,58,1,0,32.87109387,-95.79232691,48379.0,463.4809013904427,1.7241379310344829,57,58,1,0,57,55,12159,0,0,0,0,3
2020-08-26,US,Texas,Randall,2102,26,0,34.96585996,-101.8971322,48381.0,1526.3627979929277,1.236917221693625,2076,2077,25,0,2052,2042,136271,25,1,0,24,35
2020-08-26,US,Texas,Reagan,78,5,0,31.36607041,-101.52326590000001,48383.0,2026.5003897116133,6.410256410256411,73,77,5,0,72,77,3741,1,0,0,1,0
2020-08-26,US,Texas,Real,101,5,0,29.83321503,-99.82018052,48385.0,2925.840092699885,4.950495049504951,96,100,5,0,95,99,3478,1,0,0,1,1
2020-08-26,US,Texas,Red River,144,14,0,33.61886692,-95.04841765,48387.0,1197.7043999001912,9.722222222222221,130,144,14,0,130,143,12175,0,0,0,0,1
2020-08-26,US,Texas,Reeves,169,5,0,31.32323325,-103.69038959999999,48389.0,1057.836755132699,2.9585798816568047,164,167,5,0,162,161,15695,2,0,0,2,6
2020-08-26,US,Texas,Refugio,254,10,0,28.323897600000002,-97.15766311,48391.0,3655.728267127231,3.9370078740157477,244,251,10,0,241,251,7032,3,0,0,3,0
2020-08-26,US,Texas,Roberts,8,0,0,35.83809685,-100.813175,48393.0,936.768149882904,0.0,8,8,0,0,8,6,903,0,0,0,0,2
2020-08-26,US,Texas,Robertson,247,3,0,31.02539637,-96.51272246,48395.0,1446.6440201475928,1.214574898785425,244,246,3,0,243,244,17284,1,0,0,1,2
2020-08-26,US,Texas,Rockwall,1284,21,0,32.89779518,-96.40771592,48397.0,1223.8478768526902,1.6355140186915889,1263,1274,21,0,1253,1266,100657,10,0,0,10,8
2020-08-26,US,Texas,Runnels,183,3,0,31.8314342,-99.97616148,48399.0,1782.9306313328134,1.639344262295082,180,183,3,0,180,177,10234,0,0,0,0,6
2020-08-26,US,Texas,Rusk,700,4,0,32.10773545,-94.76176432,48401.0,1286.6227989559975,0.5714285714285714,696,556,4,0,552,446,54450,144,0,0,144,110
2020-08-26,US,Texas,Sabine,72,6,0,31.34318809,-93.85440451,48403.0,682.9823562891291,8.333333333333334,66,72,6,0,66,72,10589,0,0,0,0,0
2020-08-26,US,Texas,San Augustine,186,12,0,31.39457611,-94.17000399,48405.0,2258.1036785237343,6.451612903225807,174,186,12,0,174,185,8232,0,0,0,0,1
2020-08-26,US,Texas,San Jacinto,198,8,0,30.57933681,-95.16260304,48407.0,686.0944592674729,4.040404040404041,190,197,8,0,189,193,28719,1,0,0,1,4
2020-08-26,US,Texas,San Patricio,1226,52,0,28.00880118,-97.51763891,48409.0,1837.254608122284,4.241435562805873,1174,1208,52,0,1156,1202,66893,18,0,0,18,6
2020-08-26,US,Texas,San Saba,34,0,0,31.1577796,-98.81758731,48411.0,561.5194054500413,0.0,34,33,0,0,33,33,6054,1,0,0,1,0
2020-08-26,US,Texas,Schleicher,38,2,0,30.89740592,-100.5384842,48413.0,1360.544217687075,5.2631578947368425,36,38,1,0,37,36,2895,0,1,0,-1,2
2020-08-26,US,Texas,Scurry,532,2,0,32.74613808,-100.91626640000001,48415.0,3185.0565766628747,0.3759398496240601,530,532,2,0,530,515,16866,0,0,0,0,17
2020-08-26,US,Texas,Shackelford,23,0,0,32.73587756,-99.35401337,48417.0,704.4410413476262,0.0,23,21,0,0,21,20,3253,2,0,0,2,1
2020-08-26,US,Texas,Shelby,430,19,0,31.79211404,-94.14550696,48419.0,1701.3531692648571,4.418604651162791,411,428,19,0,409,426,25418,2,0,0,2,2
2020-08-26,US,Texas,Sherman,53,0,0,36.27751473,-101.8933156,48421.0,1753.8054268696228,0.0,53,49,0,0,49,50,3079,4,0,0,4,-1
2020-08-26,US,Texas,Smith,3136,54,0,32.37474036,-95.27175679999999,48423.0,1347.3626321691422,1.7219387755102042,3082,3044,53,0,2991,2978,230221,92,1,0,91,66
2020-08-26,US,Texas,Somervell,114,2,0,32.22236802,-97.77403489,48425.0,1248.9044697633656,1.7543859649122806,112,114,2,0,112,113,9016,0,0,0,0,1
2020-08-26,US,Texas,Starr,2624,121,0,26.56150059,-98.73892358,48427.0,4059.8455897142326,4.611280487804878,2503,2618,118,0,2500,2603,64525,6,3,0,3,15
2020-08-26,US,Texas,Stephens,113,3,0,32.73553157,-98.83631615,48429.0,1206.4915652359598,2.6548672566371683,110,114,3,0,111,111,9433,-1,0,0,-1,3
2020-08-26,US,Texas,Sterling,1,0,0,31.82781912,-101.05007459999999,48431.0,77.45933384972889,0.0,1,1,0,0,1,1,1311,0,0,0,0,0
2020-08-26,US,Texas,Stonewall,9,1,0,33.17906744,-100.25384009999999,48433.0,666.6666666666666,11.111111111111109,8,8,1,0,7,7,1362,1,0,0,1,1
2020-08-26,US,Texas,Sutton,76,2,0,30.49856623,-100.5382014,48435.0,2012.71186440678,2.631578947368421,74,76,2,0,74,76,3758,0,0,0,0,0
2020-08-26,US,Texas,Swisher,91,3,0,34.53028891,-101.73491740000001,48437.0,1230.2284710017575,3.2967032967032965,88,91,3,0,88,88,7462,0,0,0,0,3
2020-08-26,US,Texas,Tarrant,38283,586,0,32.77143818,-97.29101614,48439.0,1820.8193520616974,1.5307055350939058,37697,37924,570,0,37354,37834,2084931,359,16,0,343,90
2020-08-26,US,Texas,Taylor,1254,33,0,32.30163422,-99.89007449,48441.0,908.4718257820537,2.631578947368421,1221,1249,33,0,1216,1249,137640,5,0,0,5,0
2020-08-26,US,Texas,Terrell,3,0,0,30.22429013,-102.0766732,48443.0,386.59793814432993,0.0,3,3,0,0,3,3,823,0,0,0,0,0
2020-08-26,US,Texas,Terry,194,3,0,33.17402785,-102.3354521,48445.0,1572.5054713463564,1.5463917525773196,191,191,3,0,188,188,12287,3,0,0,3,3
2020-08-26,US,Texas,Throckmorton,4,2,0,33.17751417,-99.21226795,48447.0,266.4890073284477,50.0,2,4,2,0,2,4,1515,0,0,0,0,0
2020-08-26,US,Texas,Titus,1436,21,0,33.21339719,-94.96797273,48449.0,4384.732824427481,1.4623955431754874,1415,1436,20,0,1416,1436,33033,0,1,0,-1,0
2020-08-26,US,Texas,Tom Green,3138,46,0,31.40464436,-100.46244300000001,48451.0,2632.55033557047,1.4659018483110262,3092,3110,43,0,3067,3094,118189,28,3,0,25,16
2020-08-26,US,Texas,Travis,26117,371,0,30.33432034,-97.78535620000001,48453.0,2050.0740215109813,1.4205306888233715,25746,26017,366,0,25651,25890,1248743,100,5,0,95,127
2020-08-26,US,Texas,Trinity,173,5,0,31.0879489,-95.1367187,48455.0,1180.8067708688827,2.8901734104046244,168,172,4,0,168,169,14740,1,1,0,0,3
2020-08-26,US,Texas,Tyler,175,3,0,30.77031716,-94.37690895,48457.0,807.4935400516797,1.7142857142857142,172,175,3,0,172,175,21696,0,0,0,0,0
2020-08-26,US,Texas,Upshur,318,5,0,32.73706798,-94.93999853,48459.0,761.6219193830382,1.572327044025157,313,316,5,0,311,312,41260,2,0,0,2,4
2020-08-26,US,Texas,Upton,18,1,0,31.36868194,-102.0423217,48461.0,492.2067268252666,5.5555555555555545,17,18,1,0,17,18,3671,0,0,0,0,0
2020-08-26,US,Texas,Uvalde,663,16,0,29.35739637,-99.76229172,48463.0,2479.3388429752067,2.4132730015082955,647,660,16,0,644,654,26846,3,0,0,3,6
2020-08-26,US,Texas,Val Verde,1881,86,0,29.89149232,-101.1525205,48465.0,3836.817950025497,4.57203615098352,1795,1881,86,0,1795,1869,49208,0,0,0,0,12
2020-08-26,US,Texas,Van Zandt,508,12,0,32.56483801,-95.83766469,48467.0,897.6851033751548,2.3622047244094486,496,499,12,0,487,488,56019,9,0,0,9,11
2020-08-26,US,Texas,Victoria,3755,72,0,28.79780988,-96.96813006,48469.0,4077.7985317753364,1.9174434087882823,3683,3749,71,0,3678,3712,92035,6,1,0,5,37
2020-08-26,US,Texas,Walker,3426,46,0,30.73872995,-95.57440968,48471.0,4695.0158282057255,1.3426736719206072,3380,3344,46,0,3298,3340,72480,82,0,0,82,4
2020-08-26,US,Texas,Waller,639,8,0,30.01058447,-95.99011759,48473.0,1156.6448249647033,1.2519561815336464,631,635,5,0,630,635,53126,4,3,0,1,0
2020-08-26,US,Texas,Ward,103,1,0,31.50999644,-103.09279090000001,48475.0,858.4764127354559,0.9708737864077671,102,103,1,0,102,102,11720,0,0,0,0,1
2020-08-26,US,Texas,Washington,560,44,0,30.21498498,-96.40946246,48477.0,1560.6710885680843,7.857142857142858,516,561,44,0,517,560,35108,-1,0,0,-1,1
2020-08-26,US,Texas,Webb,10417,232,0,27.7610369,-99.33237355,48479.0,3765.380333415265,2.22712873188058,10185,10345,229,0,10116,10164,275910,72,3,0,69,181
2020-08-26,US,Texas,Wharton,1165,41,0,29.27765923,-96.22319248,48481.0,2803.4459524497065,3.51931330472103,1124,1156,40,0,1116,1152,41619,9,1,0,8,4
2020-08-26,US,Texas,Wheeler,41,0,0,35.40114335,-100.26995140000001,48483.0,810.9177215189874,0.0,41,41,0,0,41,40,5191,0,0,0,0,1
2020-08-26,US,Texas,Wichita,1242,14,0,33.98842886,-98.70410340000001,48485.0,939.2724797700977,1.1272141706924317,1228,1227,14,0,1213,1205,132064,15,0,0,15,22
2020-08-26,US,Texas,Wilbarger,100,2,0,34.07945812,-99.24178437,48487.0,783.1466833737959,2.0,98,95,2,0,93,95,12820,5,0,0,5,0
2020-08-26,US,Texas,Willacy,822,41,0,26.47411727,-97.61535848,48489.0,3848.67496956644,4.987834549878347,781,818,41,0,777,817,21515,4,0,0,4,1
2020-08-26,US,Texas,Williamson,7820,116,0,30.64655664,-97.60048540000001,48491.0,1324.1870727507026,1.483375959079284,7704,7789,115,0,7674,7747,566719,31,1,0,30,42
2020-08-26,US,Texas,Wilson,533,24,0,29.1732598,-98.08693082,48493.0,1043.6655570785197,4.50281425891182,509,530,24,0,506,524,50224,3,0,0,3,6
2020-08-26,US,Texas,Winkler,88,1,0,31.85008651,-103.04851629999999,48495.0,1098.6267166042446,1.1363636363636365,87,88,1,0,87,88,7720,0,0,0,0,0
2020-08-26,US,Texas,Wise,624,12,0,33.21570665,-97.65460265,48497.0,891.6323731138547,1.9230769230769231,612,620,11,0,609,604,68305,4,1,0,3,16
2020-08-26,US,Texas,Wood,392,13,0,32.78722382,-95.38236368,48499.0,860.8006324249544,3.3163265306122454,379,386,13,0,373,378,45129,6,0,0,6,8
2020-08-26,US,Texas,Yoakum,141,4,0,33.17320212,-102.82764329999999,48501.0,1618.2715482612189,2.8368794326241136,137,142,4,0,138,139,8591,-1,0,0,-1,3
2020-08-26,US,Texas,Young,213,6,0,33.17659707,-98.68790885,48503.0,1182.6762909494726,2.8169014084507036,207,211,6,0,205,209,18045,2,0,0,2,2
2020-08-26,US,Texas,Zapata,247,3,0,27.00156391,-99.16987152,48505.0,1742.0128358840539,1.214574898785425,244,247,3,0,244,242,14190,0,0,0,0,5
2020-08-26,US,Texas,Zavala,259,10,0,28.86617238,-99.76050829,48507.0,2187.5,3.8610038610038613,249,257,8,0,249,253,11983,2,2,0,0,4
2020-08-26,US,Utah,Bear River,2510,9,0,41.52106798,-113.08328159999999,0.0,1343.5536190302862,0.35856573705179284,2501,2500,9,0,2491,2491,,10,0,0,10,9
2020-08-26,US,Utah,Central Utah,494,3,0,39.37231946,-111.5758676,0.0,602.7771676794299,0.6072874493927125,491,490,3,0,487,486,,4,0,0,4,4
2020-08-26,US,Utah,Davis,3708,23,0,40.99001837,-112.1139997,49011.0,1043.0937237151916,0.6202804746494067,3685,3670,22,0,3648,3625,351713,38,1,0,37,45
2020-08-26,US,Utah,Salt Lake,23186,227,0,40.66616532,-111.92160109999999,49035.0,1998.0403934035198,0.9790390753040628,22959,23029,226,0,22803,22883,1152633,157,1,0,156,146
2020-08-26,US,Utah,San Juan,663,28,0,37.62762978,-109.80337140000002,49037.0,4331.068722236739,4.223227752639517,635,662,28,0,634,662,15449,1,0,0,1,0
2020-08-26,US,Utah,Southeast Utah,135,1,0,38.99617072,-110.70139579999999,0.0,335.57881130527727,0.7407407407407407,134,134,1,0,133,133,,1,0,0,1,1
2020-08-26,US,Utah,Southwest Utah,3504,27,0,37.85447192,-111.4418764,0.0,1390.2444830623467,0.7705479452054794,3477,3485,27,0,3458,3463,,19,0,0,19,22
2020-08-26,US,Utah,Summit,828,1,0,40.86688146,-110.9535882,49043.0,1964.645865464468,0.12077294685990338,827,821,1,0,820,815,41933,7,0,0,7,6
2020-08-26,US,Utah,Tooele,663,0,0,40.44862644,-113.12957150000001,49045.0,917.5327640847509,0.0,663,648,0,0,648,644,69907,15,0,0,15,4
2020-08-26,US,Utah,TriCounty,201,1,0,40.12491499,-109.5174415,0.0,354.98569460633684,0.4975124378109453,200,201,1,0,200,198,,0,0,0,0,3
2020-08-26,US,Utah,Utah,10435,46,0,40.116672200000004,-111.66576620000001,49049.0,1640.117252273138,0.4408241494968855,10389,10316,45,0,10271,10187,622213,119,1,0,118,129
2020-08-26,US,Utah,Wasatch,624,6,0,40.33110236,-111.1691419,49051.0,1830.395118946349,0.9615384615384616,618,621,5,0,616,615,33240,3,1,0,2,6
2020-08-26,US,Utah,Weber-Morgan,3223,29,0,41.27116049,-111.9145117,0.0,1183.4601982103054,0.8997828110456096,3194,3190,29,0,3161,3162,,33,0,0,33,28
2020-08-26,US,Vermont,Addison,77,2,0,44.03217337,-73.14130877,50001.0,209.36998667645543,2.5974025974025974,75,77,2,0,75,77,36973,0,0,0,0,0
2020-08-26,US,Vermont,Bennington,97,1,0,43.03519828,-73.09048868,50003.0,273.47053848322525,1.0309278350515465,96,96,1,0,95,96,35631,1,0,0,1,0
2020-08-26,US,Vermont,Caledonia,30,0,0,44.46548598,-72.10314651,50005.0,100.02333877904844,0.0,30,30,0,0,30,30,30302,0,0,0,0,0
2020-08-26,US,Vermont,Chittenden,780,39,0,44.46322849,-73.08359212,50007.0,476.2660739799968,5.0,741,779,39,0,740,775,164572,1,0,0,1,4
2020-08-26,US,Vermont,Essex,6,0,0,44.72736416,-71.73579864,50009.0,97.35518416355671,0.0,6,6,0,0,6,6,6250,0,0,0,0,0
2020-08-26,US,Vermont,Franklin,123,7,0,44.85627605,-72.91249563,50011.0,248.97777417918306,5.691056910569106,116,123,7,0,116,123,49421,0,0,0,0,0
2020-08-26,US,Vermont,Grand Isle,13,0,0,44.797582399999996,-73.29679772,50013.0,179.68210089841045,0.0,13,13,0,0,13,13,7090,0,0,0,0,0
2020-08-26,US,Vermont,Lamoille,45,1,0,44.60353043,-72.64356694,50015.0,177.43080198722495,2.2222222222222223,44,45,1,0,44,45,25300,0,0,0,0,0
2020-08-26,US,Vermont,Orange,20,0,0,44.00470222,-72.37640104,50017.0,69.22331441229406,0.0,20,20,0,0,20,20,28999,0,0,0,0,0
2020-08-26,US,Vermont,Orleans,15,0,0,44.82964024,-72.24562697,50019.0,55.479528054148034,0.0,15,15,0,0,15,15,26907,0,0,0,0,0
2020-08-26,US,Vermont,Rutland,107,1,0,43.57723578,-73.03741676,50021.0,183.87723187434483,0.9345794392523364,106,105,1,0,104,105,58672,2,0,0,2,0
2020-08-26,US,Vermont,Unassigned,8,0,0,0.0,0.0,90050.0,0.0,0.0,8,8,0,0,8,8,,0,0,0,0,0
2020-08-26,US,Vermont,Washington,61,2,0,44.27343241,-72.61604978,50023.0,104.43596021161123,3.278688524590164,59,61,2,0,59,61,58140,0,0,0,0,0
2020-08-26,US,Vermont,Windham,120,3,0,42.986982,-72.71268875,50025.0,284.21202216853766,2.5,117,119,3,0,116,117,42756,1,0,0,1,2
2020-08-26,US,Vermont,Windsor,75,2,0,43.58010937,-72.58595157,50027.0,136.21009044350006,2.6666666666666665,73,75,2,0,73,75,55286,0,0,0,0,0
2020-08-26,US,Virginia,Accomack,1136,18,0,37.76707161,-75.63234615,51001.0,3515.286545364525,1.5845070422535212,1118,1135,18,0,1117,1135,32412,1,0,0,1,0
2020-08-26,US,Virginia,Albemarle,980,17,0,38.02080697,-78.55481085,51003.0,896.3687917314552,1.7346938775510203,963,975,16,0,959,963,108718,5,1,0,4,12
2020-08-26,US,Virginia,Alexandria,3324,61,0,38.814003,-77.08183073,51510.0,2084.953709511504,1.8351383874849576,3263,3309,61,0,3248,3270,160530,15,0,0,15,39
2020-08-26,US,Virginia,Alleghany,63,4,0,37.78636074,-80.00222498,51005.0,423.95693135935403,6.349206349206349,59,61,4,0,57,61,14910,2,0,0,2,0
2020-08-26,US,Virginia,Amelia,94,3,0,37.34081025,-77.98584649,51007.0,715.1007987828071,3.191489361702128,91,93,2,0,91,92,13013,1,1,0,0,1
2020-08-26,US,Virginia,Amherst,269,1,0,37.60308293,-79.14548696,51009.0,851.1311501344724,0.3717472118959108,268,270,1,0,269,262,31666,-1,0,0,-1,8
2020-08-26,US,Virginia,Appomattox,145,1,0,37.37569884,-78.81340003,51011.0,911.3192131229966,0.6896551724137931,144,142,1,0,141,136,15841,3,0,0,3,6
2020-08-26,US,Virginia,Arlington,3435,138,0,38.8767675,-77.10139853,51013.0,1450.3339779262124,4.0174672489082965,3297,3415,138,0,3277,3400,237521,20,0,0,20,15
2020-08-26,US,Virginia,Augusta,349,4,0,38.16404586,-79.12461614,51015.0,461.8968209852034,1.146131805157593,345,347,4,0,343,346,75457,2,0,0,2,1
2020-08-26,US,Virginia,Bath,4,0,0,38.05852573,-79.73912095,51017.0,96.45526886906195,0.0,4,4,0,0,4,4,4292,0,0,0,0,0
2020-08-26,US,Virginia,Bedford,502,8,0,37.3080028,-79.5281964,51019.0,635.4671696393534,1.593625498007968,494,502,8,0,494,487,78747,0,0,0,0,15
2020-08-26,US,Virginia,Bland,42,0,0,37.13128068,-81.13599391,51021.0,668.7898089171973,0.0,42,42,0,0,42,38,6293,0,0,0,0,4
2020-08-26,US,Virginia,Botetourt,237,8,0,37.55531756,-79.80982182,51023.0,709.1774140459021,3.3755274261603376,229,231,8,0,223,230,33277,6,0,0,6,1
2020-08-26,US,Virginia,Bristol,109,2,0,36.616302399999995,-82.16359122,51520.0,650.2803961341128,1.834862385321101,107,108,2,0,106,105,16482,1,0,0,1,3
2020-08-26,US,Virginia,Brunswick,273,2,0,36.76366949,-77.8593436,51025.0,1681.9666071098513,0.7326007326007326,271,273,2,0,271,269,16384,0,0,0,0,4
2020-08-26,US,Virginia,Buchanan,97,1,0,37.26818323,-82.03749726,51027.0,461.8167968006094,1.0309278350515465,96,97,1,0,96,93,21221,0,0,0,0,4
2020-08-26,US,Virginia,Buckingham,640,8,0,37.57242268,-78.52518834,51029.0,3732.213669232564,1.25,632,637,8,0,629,634,16999,3,0,0,3,3
2020-08-26,US,Virginia,Buena Vista,71,1,0,37.73484642,-79.35296097,51530.0,1096.017289286817,1.4084507042253518,70,70,1,0,69,70,6237,1,0,0,1,0
2020-08-26,US,Virginia,Campbell,298,3,0,37.20553386,-79.09678609,51031.0,542.9534481187939,1.0067114093959733,295,300,3,0,297,298,54973,-2,0,0,-2,2
2020-08-26,US,Virginia,Caroline,250,5,0,38.02679129,-77.34901405,51033.0,813.6696501220505,2.0,245,251,5,0,246,252,30772,-1,0,0,-1,-1
2020-08-26,US,Virginia,Carroll,384,19,0,36.73066666,-80.73455942,51035.0,1288.9798932563526,4.947916666666667,365,382,19,0,363,378,29636,2,0,0,2,4
2020-08-26,US,Virginia,Charles City,66,5,0,37.35358063,-77.05634116,51036.0,947.8672985781993,7.575757575757576,61,66,5,0,61,66,6941,0,0,0,0,0
2020-08-26,US,Virginia,Charlotte,64,0,0,37.01909701,-78.66314092,51037.0,538.7205387205387,0.0,64,65,0,0,65,59,11938,-1,0,0,-1,6
2020-08-26,US,Virginia,Charlottesville,595,17,0,38.03527919,-78.48569588,51540.0,1258.8329877713368,2.8571428571428568,578,592,17,0,575,589,48117,3,0,0,3,3
2020-08-26,US,Virginia,Chesapeake,3625,45,0,36.67670048,-76.30545744,51550.0,1480.5889680805442,1.2413793103448276,3580,3582,43,0,3539,3564,242634,43,2,0,41,18
2020-08-26,US,Virginia,Chesterfield,4915,77,0,37.37373208,-77.58680140000001,51041.0,1393.132691991542,1.5666327568667344,4838,4888,77,0,4811,4867,348556,27,0,0,27,21
2020-08-26,US,Virginia,Clarke,76,0,0,39.11271747,-77.99199425,51043.0,519.871400232574,0.0,76,76,0,0,76,76,14523,0,0,0,0,0
2020-08-26,US,Virginia,Colonial Heights,218,22,0,37.26420587,-77.39609676,51570.0,1255.0374208405294,10.091743119266058,196,218,22,0,196,214,17833,0,0,0,0,4
2020-08-26,US,Virginia,Covington,19,0,0,37.7824656,-79.98631446,51580.0,343.08414590104735,0.0,19,19,0,0,19,19,5460,0,0,0,0,0
2020-08-26,US,Virginia,Craig,21,0,0,37.48133648,-80.21072274,51045.0,409.2769440654843,0.0,21,22,0,0,22,22,5064,-1,0,0,-1,0
2020-08-26,US,Virginia,Culpeper,1090,13,0,38.48199985,-77.95630870000002,51047.0,2072.0463834236293,1.1926605504587156,1077,1084,13,0,1071,1073,51859,6,0,0,6,11
2020-08-26,US,Virginia,Cumberland,96,0,0,37.51328851,-78.24398086,51049.0,966.5726943213854,0.0,96,95,0,0,95,92,9809,1,0,0,1,3
2020-08-26,US,Virginia,Danville,558,12,0,36.58022376,-79.40395668,51590.0,1393.4671860952951,2.150537634408602,546,550,12,0,538,544,40693,8,0,0,8,6
2020-08-26,US,Virginia,Dickenson,58,1,0,37.12560977,-82.35124171,51051.0,405.0845090096382,1.7241379310344829,57,56,1,0,55,55,14523,2,0,0,2,1
2020-08-26,US,Virginia,Dinwiddie,267,8,0,37.07544585,-77.63451754,51053.0,935.3979820627803,2.9962546816479403,259,266,8,0,258,264,28529,1,0,0,1,2
2020-08-26,US,Virginia,Emporia,216,15,0,36.69455571,-77.53406129,51595.0,4040.4040404040397,6.9444444444444455,201,215,15,0,200,214,5121,1,0,0,1,1
2020-08-26,US,Virginia,Essex,113,2,0,37.93357639,-76.94230311,51057.0,1031.6808180407197,1.7699115044247788,111,113,2,0,111,113,10919,0,0,0,0,0
2020-08-26,US,Virginia,Fairfax,17878,549,0,38.83677558,-77.27565836,51059.0,1557.9521965400531,3.0708132900771896,17329,17784,547,0,17237,17729,1150795,94,2,0,92,55
2020-08-26,US,Virginia,Fairfax,17878,549,0,38.83677558,-77.27565836,51059.0,1557.9521965400531,3.0708132900771896,17329,17784,547,0,17237,17729,24574,94,2,0,92,55
2020-08-26,US,Virginia,Fairfax City,109,7,0,38.85157547,-77.29779640000002,51600.0,453.8074024730422,6.422018348623853,102,106,7,0,99,106,24574,3,0,0,3,0
2020-08-26,US,Virginia,Falls Church,66,7,0,38.88485255,-77.17560759,51610.0,451.5290415269892,10.606060606060606,59,66,7,0,59,64,14772,0,0,0,0,2
2020-08-26,US,Virginia,Fauquier,724,9,0,38.73564842,-77.80647472,51061.0,1016.5398331976074,1.2430939226519335,715,723,9,0,714,720,70675,1,0,0,1,3
2020-08-26,US,Virginia,Floyd,139,2,0,36.9302126,-80.36738849,51063.0,882.5957203631976,1.4388489208633093,137,125,2,0,123,124,15795,14,0,0,14,1
2020-08-26,US,Virginia,Fluvanna,219,9,0,37.84157909,-78.27715475,51065.0,803.080308030803,4.109589041095891,210,218,9,0,209,210,26783,1,0,0,1,8
2020-08-26,US,Virginia,Franklin,194,1,0,36.99536167,-79.88023649,51067.0,346.1689447200313,0.5154639175257731,193,194,1,0,193,194,56195,0,0,0,0,0
2020-08-26,US,Virginia,Franklin,194,1,0,36.99536167,-79.88023649,51067.0,346.1689447200313,0.5154639175257731,193,194,1,0,193,194,8013,0,0,0,0,0
2020-08-26,US,Virginia,Franklin City,272,6,0,36.6831435,-76.93859681,51620.0,3414.0830927576253,2.2058823529411766,266,269,6,0,263,264,8013,3,0,0,3,5
2020-08-26,US,Virginia,Frederick,755,10,0,39.20172582,-78.25974949,51069.0,845.3416635876076,1.3245033112582782,745,753,10,0,743,744,88355,2,0,0,2,9
2020-08-26,US,Virginia,Fredericksburg,456,4,0,38.2977863,-77.4922454,51630.0,1570.4642512742803,0.8771929824561403,452,455,4,0,451,453,29144,1,0,0,1,2
2020-08-26,US,Virginia,Galax,394,28,0,36.66601852,-80.91703124,51640.0,6207.6571608633985,7.1065989847715745,366,394,28,0,366,394,6423,0,0,0,0,0
2020-08-26,US,Virginia,Giles,37,0,0,37.31234791,-80.70636931,51071.0,221.29186602870809,0.0,37,36,0,0,36,35,16844,1,0,0,1,1
2020-08-26,US,Virginia,Gloucester,189,2,0,37.40809042,-76.53524337,51073.0,506.0511941737175,1.058201058201058,187,188,2,0,186,188,37349,1,0,0,1,0
2020-08-26,US,Virginia,Goochland,212,7,0,37.71714806,-77.90381514,51075.0,892.5188397255083,3.30188679245283,205,182,7,0,175,180,23244,30,0,0,30,2
2020-08-26,US,Virginia,Grayson,177,6,0,36.65677234,-81.23215889,51077.0,1138.2636655948554,3.3898305084745757,171,175,6,0,169,174,15631,2,0,0,2,1
2020-08-26,US,Virginia,Greene,196,2,0,38.29545894,-78.46525378,51079.0,988.9499974771684,1.020408163265306,194,195,2,0,193,192,19779,1,0,0,1,3
2020-08-26,US,Virginia,Greensville,660,11,0,36.67878901,-77.56351439,51081.0,5822.159491884263,1.6666666666666667,649,658,11,0,647,657,11627,2,0,0,2,1
2020-08-26,US,Virginia,Halifax,193,2,0,36.76654925,-78.93512622,51083.0,569.1368582465866,1.0362694300518134,191,191,2,0,189,186,34120,2,0,0,2,5
2020-08-26,US,Virginia,Hampton,1483,15,0,37.03513786,-76.35879121,51650.0,1102.520258716824,1.0114632501685772,1468,1474,15,0,1459,1463,134313,9,0,0,9,11
2020-08-26,US,Virginia,Hanover,757,34,0,37.7583355,-77.49464673,51085.0,702.4478963680568,4.491413474240423,723,745,34,0,711,743,107239,12,0,0,12,2
2020-08-26,US,Virginia,Harrisonburg,1161,32,0,38.43542574,-78.87536254,51660.0,2189.9049343594393,2.756244616709733,1129,1155,32,0,1123,1143,54033,6,0,0,6,12
2020-08-26,US,Virginia,Henrico,4428,190,0,37.53460572,-77.39326555,51087.0,1338.5003234406834,4.290876242095754,4238,4403,189,0,4214,4359,329261,25,1,0,24,44
2020-08-26,US,Virginia,Henry,778,14,0,36.68542395,-79.87634026,51089.0,1538.857131554483,1.7994858611825193,764,763,14,0,749,750,50953,15,0,0,15,13
2020-08-26,US,Virginia,Highland,6,0,0,38.35799465,-79.56124594,51091.0,273.97260273972597,0.0,6,6,0,0,6,6,2210,0,0,0,0,0
2020-08-26,US,Virginia,Hopewell,334,4,0,37.29186313,-77.29754684,51670.0,1482.5336233299304,1.1976047904191616,330,324,4,0,320,318,22596,10,0,0,10,6
2020-08-26,US,Virginia,Isle of Wight,494,10,0,36.90579348,-76.70842863,51093.0,1331.2134522622546,2.0242914979757085,484,489,10,0,479,485,36953,5,0,0,5,4
2020-08-26,US,Virginia,James City,717,18,0,37.31156958,-76.76950618,51095.0,936.9731976007214,2.510460251046025,699,716,18,0,698,712,76397,1,0,0,1,4
2020-08-26,US,Virginia,King George,196,4,0,38.26818502,-77.15852768,51099.0,730.3622000298108,2.0408163265306123,192,194,4,0,190,193,26575,2,0,0,2,1
2020-08-26,US,Virginia,King William,110,2,0,37.70965316,-77.09384941,51101.0,641.4742243993469,1.818181818181818,108,109,2,0,107,106,16939,1,0,0,1,3
2020-08-26,US,Virginia,King and Queen,48,1,0,37.71044922,-76.88689628,51097.0,683.2740213523132,2.083333333333333,47,47,1,0,46,47,7042,1,0,0,1,0
2020-08-26,US,Virginia,Lancaster,63,0,0,37.71889653,-76.46400482,51103.0,594.1714609072902,0.0,63,61,0,0,61,60,10783,2,0,0,2,1
2020-08-26,US,Virginia,Lee,172,3,0,36.70586667,-83.12606515,51105.0,734.3209665713188,1.7441860465116281,169,169,3,0,166,161,23541,3,0,0,3,8
2020-08-26,US,Virginia,Lexington,41,0,0,37.78258621,-79.44262866,51678.0,550.6312113886652,0.0,41,42,0,0,42,42,7136,-1,0,0,-1,0
2020-08-26,US,Virginia,Loudoun,5787,117,0,39.08990083,-77.63481877,51107.0,1399.387722530941,2.021772939346812,5670,5769,115,0,5654,5735,406850,18,2,0,16,34
2020-08-26,US,Virginia,Louisa,238,2,0,37.97850256,-77.96274807,51109.0,633.1302705434812,0.8403361344537815,236,233,2,0,231,233,36778,5,0,0,5,0
2020-08-26,US,Virginia,Lunenburg,89,2,0,36.94618528,-78.24133319,51111.0,729.7474581830107,2.247191011235955,87,89,2,0,87,81,12086,0,0,0,0,8
2020-08-26,US,Virginia,Lynchburg,874,5,0,37.40021399,-79.19888138,51680.0,1063.6744231330933,0.5720823798627003,869,867,5,0,862,839,82126,7,0,0,7,28
2020-08-26,US,Virginia,Madison,86,2,0,38.41531222,-78.28220331,51113.0,648.5182112962823,2.3255813953488373,84,86,2,0,84,85,13295,0,0,0,0,1
2020-08-26,US,Virginia,Manassas,1772,23,0,38.7464321,-77.48509905,51683.0,4313.009614214434,1.2979683972911964,1749,1769,23,0,1746,1758,41641,3,0,0,3,11
2020-08-26,US,Virginia,Manassas Park,555,7,0,38.77058531,-77.44399307,51685.0,3175.420528664607,1.2612612612612613,548,554,7,0,547,552,17307,1,0,0,1,2
2020-08-26,US,Virginia,Martinsville,293,5,0,36.68212094,-79.86352771,51690.0,2333.917476501513,1.706484641638225,288,289,4,0,285,280,12902,4,1,0,3,9
2020-08-26,US,Virginia,Mathews,23,0,0,37.44164146,-76.34098896,51115.0,260.3577088521621,0.0,23,23,0,0,23,23,8802,0,0,0,0,0
2020-08-26,US,Virginia,Mecklenburg,491,33,0,36.67882005,-78.36131056,51117.0,1605.2571353843134,6.720977596741344,458,484,33,0,451,482,30650,7,0,0,7,2
2020-08-26,US,Virginia,Middlesex,54,1,0,37.63191998,-76.55064617,51119.0,510.3005103005103,1.851851851851852,53,54,1,0,53,54,10769,0,0,0,0,0
2020-08-26,US,Virginia,Montgomery,404,3,0,37.17746986,-80.37868691,51121.0,410.0065966407877,0.7425742574257426,401,392,3,0,389,387,98985,12,0,0,12,5
2020-08-26,US,Virginia,Nelson,81,0,0,37.78790447,-78.88498513,51125.0,542.5318151373075,0.0,81,81,0,0,81,82,14836,0,0,0,0,-1
2020-08-26,US,Virginia,New Kent,145,1,0,37.50694406,-76.99828634,51127.0,627.9502836603006,0.6896551724137931,144,143,1,0,142,142,22391,2,0,0,2,1
2020-08-26,US,Virginia,Newport News,2167,21,0,37.08166899,-76.51754109,51700.0,1209.0947133491422,0.9690816797415782,2146,2155,21,0,2134,2145,178626,12,0,0,12,10
2020-08-26,US,Virginia,Norfolk,4260,47,0,36.89934014,-76.26420872,51710.0,1754.9496996811429,1.1032863849765258,4213,4245,44,0,4201,4164,244076,15,3,0,12,81
2020-08-26,US,Virginia,Northampton,303,29,0,37.34062933,-75.87751591,51131.0,2587.532023911187,9.570957095709572,274,303,29,0,274,303,11735,0,0,0,0,0
2020-08-26,US,Virginia,Northumberland,86,3,0,37.89202088,-76.41949732,51133.0,711.0376188507647,3.4883720930232562,83,85,3,0,82,85,12147,1,0,0,1,0
2020-08-26,US,Virginia,Norton,26,0,0,36.93357076,-82.62750411,51720.0,653.1022356191911,0.0,26,24,0,0,24,22,3968,2,0,0,2,2
2020-08-26,US,Virginia,Nottoway,188,14,0,37.1435975,-78.05065922,51135.0,1234.2436974789916,7.446808510638298,174,186,14,0,172,184,15420,2,0,0,2,2
2020-08-26,US,Virginia,Orange,251,3,0,38.24530219,-78.01560400000002,51137.0,677.444603384524,1.195219123505976,248,249,3,0,246,244,36644,2,0,0,2,5
2020-08-26,US,Virginia,Page,358,25,0,38.61807452,-78.48797204,51139.0,1497.782612333696,6.983240223463688,333,358,25,0,333,358,23933,0,0,0,0,0
2020-08-26,US,Virginia,Patrick,209,10,0,36.680163799999995,-80.2865648,51141.0,1186.9604725124946,4.784688995215312,199,205,10,0,195,199,17673,4,0,0,4,6
2020-08-26,US,Virginia,Petersburg,604,20,0,37.20530399,-77.39368102,51730.0,1926.8806227269827,3.3112582781456954,584,588,20,0,568,587,31567,16,0,0,16,1
2020-08-26,US,Virginia,Pittsylvania,678,4,0,36.81980341,-79.39731264,51143.0,1123.3721045829604,0.5899705014749262,674,663,4,0,659,644,60949,15,0,0,15,19
2020-08-26,US,Virginia,Poquoson,59,0,0,37.14259351,-76.35798148,51735.0,480.8084100725288,0.0,59,58,0,0,58,57,12190,1,0,0,1,1
2020-08-26,US,Virginia,Portsmouth,2142,34,0,36.85914825,-76.35971629,51740.0,2269.115871098964,1.5873015873015872,2108,2135,31,0,2104,2086,94632,7,3,0,4,49
2020-08-26,US,Virginia,Powhatan,181,4,0,37.55016038,-77.91267882,51145.0,610.4141373263186,2.209944751381216,177,180,4,0,176,179,29189,1,0,0,1,1
2020-08-26,US,Virginia,Prince Edward,472,11,0,37.22554789,-78.43597949,51147.0,2069.993860187703,2.3305084745762707,461,470,11,0,459,466,22950,2,0,0,2,4
2020-08-26,US,Virginia,Prince George,495,2,0,37.18497668,-77.22922187,51149.0,1290.6421922665766,0.404040404040404,493,492,2,0,490,491,38082,3,0,0,3,1
2020-08-26,US,Virginia,Prince William,10511,183,0,38.70916224,-77.48713689,51153.0,2234.7900964206365,1.7410332033108171,10328,10470,183,0,10287,10392,468011,41,0,0,41,78
2020-08-26,US,Virginia,Pulaski,122,3,0,37.06474963,-80.71229738,51155.0,358.5388074176388,2.459016393442623,119,116,3,0,113,109,34066,6,0,0,6,7
2020-08-26,US,Virginia,Radford,223,0,0,37.12222899,-80.56027320000003,51750.0,1221.9847662885636,0.0,223,188,0,0,188,166,18339,35,0,0,35,22
2020-08-26,US,Virginia,Rappahannock,51,2,0,38.68295619,-78.15826963,51157.0,691.9945725915875,3.92156862745098,49,49,2,0,47,49,7252,2,0,0,2,0
2020-08-26,US,Virginia,Richmond,324,4,0,37.937575,-76.72920628,51159.0,3590.8234511803166,1.2345679012345678,320,325,4,0,321,328,9038,-1,0,0,-1,-3
2020-08-26,US,Virginia,Richmond City,3735,44,0,37.53255773,-77.47966921,51760.0,1620.8404936728634,1.1780455153949132,3691,3662,43,0,3619,3615,228783,73,1,0,72,47
2020-08-26,US,Virginia,Roanoke,565,4,0,37.26865804,-80.06396753,51161.0,599.8768394453529,0.7079646017699115,561,559,4,0,555,557,94073,6,0,0,6,2
2020-08-26,US,Virginia,Roanoke City,1140,15,0,37.27791025,-79.96189766,51770.0,1149.8542509304739,1.3157894736842106,1125,1129,15,0,1114,1129,99920,11,0,0,11,0
2020-08-26,US,Virginia,Rockbridge,82,1,0,37.81204314,-79.44605905,51163.0,363.2658485801621,1.2195121951219512,81,81,1,0,80,81,22752,1,0,0,1,0
2020-08-26,US,Virginia,Rockingham,1011,20,0,38.51006137,-78.87260325,51165.0,1233.7091814321275,1.9782393669634024,991,1009,20,0,989,1000,81244,2,0,0,2,9
2020-08-26,US,Virginia,Russell,172,4,0,36.93028320000001,-82.10095486,51167.0,646.9570450613105,2.3255813953488373,168,171,4,0,167,168,26748,1,0,0,1,3
2020-08-26,US,Virginia,Salem,203,3,0,37.2836193,-80.06219455,51775.0,802.3398284652783,1.477832512315271,200,194,3,0,191,190,25643,9,0,0,9,4
2020-08-26,US,Virginia,Scott,144,3,0,36.71466456,-82.60171704,51169.0,667.7177037930078,2.083333333333333,141,144,3,0,141,143,21534,0,0,0,0,1
2020-08-26,US,Virginia,Shenandoah,762,48,0,38.85905135,-78.56813762,51171.0,1747.0652971386646,6.299212598425197,714,762,48,0,714,759,43497,0,0,0,0,3
2020-08-26,US,Virginia,Smyth,233,3,0,36.84455636,-81.53344948,51173.0,773.9835237842148,1.2875536480686696,230,230,3,0,227,222,30472,3,0,0,3,8
2020-08-26,US,Virginia,Southampton,335,13,0,36.72231125,-77.10642712,51175.0,1900.062390108332,3.880597014925373,322,333,13,0,320,331,17586,2,0,0,2,2
2020-08-26,US,Virginia,Spotsylvania,1735,37,0,38.18574462,-77.655399,51177.0,1273.7216899754064,2.132564841498559,1698,1730,37,0,1693,1718,134238,5,0,0,5,12
2020-08-26,US,Virginia,Stafford,1625,10,0,38.41758738,-77.45917053,51179.0,1062.9112648971102,0.6153846153846154,1615,1612,10,0,1602,1602,149960,13,0,0,13,10
2020-08-26,US,Virginia,Staunton,167,0,0,38.15965544,-79.05979937,51790.0,669.8219156104607,0.0,167,167,0,0,167,165,24922,0,0,0,0,2
2020-08-26,US,Virginia,Suffolk,1573,59,0,36.70155394,-76.63603554,51800.0,1707.7778260303126,3.750794659885569,1514,1553,59,0,1494,1545,91185,20,0,0,20,8
2020-08-26,US,Virginia,Surry,62,2,0,37.11781893,-76.88450012,51181.0,965.4313298037996,3.2258064516129035,60,62,2,0,60,60,6474,0,0,0,0,2
2020-08-26,US,Virginia,Sussex,326,9,0,36.92432914,-77.25791182,51183.0,2921.4087283806793,2.7607361963190185,317,324,9,0,315,324,11237,2,0,0,2,0
2020-08-26,US,Virginia,Tazewell,178,1,0,37.12191123,-81.56685568,51185.0,438.4776450301762,0.5617977528089888,177,175,0,0,175,171,40855,3,1,0,2,4
2020-08-26,US,Virginia,Virginia Beach,5821,66,0,36.73285734,-76.04566934,51810.0,1293.630298639477,1.1338258031266106,5755,5788,64,0,5724,5739,450189,33,2,0,31,49
2020-08-26,US,Virginia,Warren,388,6,0,38.90847745,-78.20280433,51187.0,966.0392391196096,1.5463917525773196,382,386,6,0,380,386,40003,2,0,0,2,0
2020-08-26,US,Virginia,Washington,326,8,0,36.72341572,-81.95666289,51191.0,606.6244882768888,2.4539877300613497,318,321,7,0,314,311,54402,5,1,0,4,10
2020-08-26,US,Virginia,Waynesboro,210,3,0,38.06451466,-78.90293905,51820.0,927.9717189571364,1.4285714285714286,207,210,3,0,207,208,22628,0,0,0,0,2
2020-08-26,US,Virginia,Westmoreland,221,3,0,38.11021557,-76.80213247,51193.0,1226.7554815431586,1.3574660633484164,218,221,3,0,218,220,17830,0,0,0,0,1
2020-08-26,US,Virginia,Williamsburg,146,6,0,37.28131268,-76.70905141,51830.0,976.3274040390531,4.109589041095891,140,146,6,0,140,145,14896,0,0,0,0,1
2020-08-26,US,Virginia,Winchester,436,4,0,39.17054517,-78.17325058,51840.0,1552.817152218819,0.9174311926605504,432,435,4,0,431,429,28108,1,0,0,1,6
2020-08-26,US,Virginia,Wise,310,5,0,36.9746148,-82.62410519,51195.0,829.25393895621,1.6129032258064515,305,310,5,0,305,287,38012,0,0,0,0,23
2020-08-26,US,Virginia,Wythe,146,3,0,36.91582035,-81.07834059,51197.0,508.9945614279738,2.054794520547945,143,142,3,0,139,139,28754,4,0,0,4,3
2020-08-26,US,Virginia,York,437,5,0,37.24374789,-76.54412815,51199.0,640.0117164616287,1.1441647597254003,432,433,5,0,428,432,67846,4,0,0,4,1
2020-08-26,US,Washington,Adams,576,6,0,46.98299757,-118.56017340000001,53001.0,2882.450082570185,1.0416666666666667,570,568,6,0,562,552,19759,8,0,0,8,16
2020-08-26,US,Washington,Asotin,50,2,0,46.18894415,-117.2022851,53003.0,221.4152865113808,4.0,48,49,2,0,47,49,22610,1,0,0,1,0
2020-08-26,US,Washington,Benton,4037,122,0,46.23946995,-119.51208340000001,53005.0,1975.145555066295,3.022046073817191,3915,4021,122,0,3899,4001,201877,16,0,0,16,20
2020-08-26,US,Washington,Chelan,1693,11,0,47.87046092,-120.6173956,53007.0,2193.0051813471505,0.6497341996455995,1682,1676,11,0,1665,1667,77036,17,0,0,17,9
2020-08-26,US,Washington,Clallam,202,1,0,48.04754642,-123.92263190000001,53009.0,261.2147780320958,0.4950495049504951,201,198,1,0,197,196,76737,4,0,0,4,2
2020-08-26,US,Washington,Clark,2111,53,0,45.77568046,-122.48292040000001,53011.0,432.3684409953281,2.510658455708195,2058,2093,53,0,2040,2056,481857,18,0,0,18,37
2020-08-26,US,Washington,Columbia,13,1,0,46.29442881,-117.9051983,53013.0,326.2233375156838,7.6923076923076925,12,13,1,0,12,13,4059,0,0,0,0,0
2020-08-26,US,Washington,Cowlitz,526,6,0,46.19074721,-122.6782231,53015.0,475.61780582857864,1.1406844106463878,520,524,6,0,518,520,108987,2,0,0,2,4
2020-08-26,US,Washington,Douglas,1134,7,0,47.7361335,-119.69293700000001,53017.0,2611.15844251537,0.6172839506172839,1127,1119,7,0,1112,1118,42907,15,0,0,15,1
2020-08-26,US,Washington,Ferry,25,0,0,48.471143100000006,-118.5154041,53019.0,327.78287662252524,0.0,25,24,0,0,24,24,7649,1,0,0,1,0
2020-08-26,US,Washington,Franklin,3864,55,0,46.53351425,-118.9018212,53021.0,4057.885782697276,1.4233954451345756,3809,3850,55,0,3795,3843,94347,14,0,0,14,7
2020-08-26,US,Washington,Garfield,4,0,0,46.43197502,-117.54540320000001,53023.0,179.77528089887642,0.0,4,4,0,0,4,4,2247,0,0,0,0,0
2020-08-26,US,Washington,Grant,2106,14,0,47.20753737,-119.4500749,53025.0,2154.8504599265343,0.6647673314339981,2092,2109,15,0,2094,2079,97331,-3,-1,0,-2,30
2020-08-26,US,Washington,Grays Harbor,219,5,0,47.14003705,-123.7820567,53027.0,291.7626996709343,2.2831050228310503,214,215,5,0,210,215,73901,4,0,0,4,0
2020-08-26,US,Washington,Island,268,11,0,48.14713305,-122.5216407,53029.0,314.77196650262505,4.104477611940299,257,267,11,0,256,265,84460,1,0,0,1,2
2020-08-26,US,Washington,Jefferson,69,0,0,47.75003077,-123.56097040000002,53031.0,214.1460538158344,0.0,69,70,0,0,70,69,31729,-1,0,0,-1,1
2020-08-26,US,Washington,King,18976,719,0,47.49137892,-121.8346131,53033.0,842.3362757692488,3.7889966273187183,18257,18837,715,0,18122,18797,2233163,139,4,0,135,40
2020-08-26,US,Washington,Kitsap,949,9,0,47.63479026,-122.6436061,53035.0,349.5743591443717,0.9483667017913592,940,938,8,0,930,937,269805,11,1,0,10,1
2020-08-26,US,Washington,Kittitas,448,21,0,47.12521214,-120.67943899999999,53037.0,934.5989360592469,4.6875,427,448,21,0,427,448,47364,0,0,0,0,0
2020-08-26,US,Washington,Klickitat,169,3,0,45.87325839,-120.7913598,53039.0,753.6231884057971,1.7751479289940828,166,166,3,0,163,166,22107,3,0,0,3,0
2020-08-26,US,Washington,Lewis,319,4,0,46.57756476,-122.39257690000001,53041.0,395.2569169960474,1.2539184952978055,315,315,4,0,311,308,79604,4,0,0,4,7
2020-08-26,US,Washington,Lincoln,32,1,0,47.57705241,-118.41943880000001,53043.0,292.53130999177256,3.125,31,31,1,0,30,31,10740,1,0,0,1,0
2020-08-26,US,Washington,Mason,299,1,0,47.35007586,-123.1863685,53045.0,447.81931464174454,0.33444816053511706,298,295,1,0,294,292,65507,4,0,0,4,3
2020-08-26,US,Washington,Okanogan,977,6,0,48.54855019,-119.73872240000001,53047.0,2312.8092228298183,0.6141248720573184,971,970,6,0,964,971,42132,7,0,0,7,-1
2020-08-26,US,Washington,Pacific,60,3,0,46.55418369,-123.7285716,53049.0,267.01081393796454,5.0,57,60,3,0,57,60,22036,0,0,0,0,0
2020-08-26,US,Washington,Pend Oreille,52,0,0,48.53234021,-117.2741804,53051.0,378.8982803847274,0.0,52,53,0,0,53,53,13602,-1,0,0,-1,0
2020-08-26,US,Washington,Pierce,6621,163,0,47.03892768,-122.14059579999999,53053.0,731.6183783067029,2.4618637668025984,6458,6585,164,0,6421,6564,891299,36,-1,0,37,21
2020-08-26,US,Washington,San Juan,29,0,0,48.60182783,-122.96745,53055.0,164.94141735866228,0.0,29,29,0,0,29,29,17128,0,0,0,0,0
2020-08-26,US,Washington,Skagit,992,22,0,48.48171488,-121.766131,53057.0,767.7721450408266,2.217741935483871,970,985,22,0,963,983,128206,7,0,0,7,2
2020-08-26,US,Washington,Skamania,58,1,0,46.02408726,-121.91644029999999,53059.0,480.01324174459984,1.7241379310344829,57,58,1,0,57,58,11924,0,0,0,0,0
2020-08-26,US,Washington,Snohomish,6032,208,0,48.04615983,-121.7170703,53061.0,733.7458626440396,3.4482758620689653,5824,5998,207,0,5791,5965,814901,34,1,0,33,33
2020-08-26,US,Washington,Spokane,5117,128,0,47.62113146,-117.4046494,53063.0,978.7719157303586,2.5014657025600937,4989,5073,127,0,4946,5044,514631,44,1,0,43,29
2020-08-26,US,Washington,Stevens,125,1,0,48.40035475,-117.8542701,53065.0,273.3853859108107,0.8,124,123,1,0,122,123,45260,2,0,0,2,0
2020-08-26,US,Washington,Thurston,884,12,0,46.9291895,-122.82906559999999,53067.0,304.26522014483584,1.3574660633484164,872,875,12,0,863,868,286419,9,0,0,9,7
2020-08-26,US,Washington,Unassigned,257,4,0,0.0,0.0,90053.0,0.0,1.5564202334630348,253,249,4,0,245,246,,8,0,0,8,3
2020-08-26,US,Washington,Wahkiakum,6,0,0,46.29180039999999,-123.4250831,53069.0,133.6898395721925,0.0,6,6,0,0,6,6,4426,0,0,0,0,0
2020-08-26,US,Washington,Walla Walla,725,4,0,46.23040051,-118.4775539,53071.0,1193.2192231731406,0.5517241379310345,721,710,4,0,706,704,60922,15,0,0,15,6
2020-08-26,US,Washington,Whatcom,1062,39,0,48.82227976,-121.74900179999999,53073.0,463.25578960684334,3.6723163841807906,1023,1057,40,0,1017,1057,225685,5,-1,0,6,0
2020-08-26,US,Washington,Whitman,222,0,0,46.90022523,-117.52417630000001,53075.0,443.07839693437654,0.0,222,201,0,0,201,160,49791,21,0,0,21,41
2020-08-26,US,Washington,Yakima,10853,237,0,46.45738486,-120.73801259999999,53077.0,4326.093282258354,2.183728001474247,10616,10843,237,0,10606,10830,251446,10,0,0,10,13
2020-08-26,US,West Virginia,Barbour,33,1,0,39.1307219,-80.00350858,54001.0,200.717717900371,3.0303030303030303,32,33,1,0,32,33,16535,0,0,0,0,0
2020-08-26,US,West Virginia,Berkeley,777,11,0,39.46704621,-78.02414609,54003.0,652.0042627820528,1.4157014157014156,766,769,11,0,758,767,117123,8,0,0,8,2
2020-08-26,US,West Virginia,Boone,131,0,0,38.01974191,-81.69888019,54005.0,610.5233723260475,0.0,131,130,0,0,130,128,21951,1,0,0,1,2
2020-08-26,US,West Virginia,Braxton,9,0,0,38.70036159,-80.72011184,54007.0,64.48377158415133,0.0,9,9,0,0,9,9,14089,0,0,0,0,0
2020-08-26,US,West Virginia,Brooke,85,1,0,40.27367263,-80.57915332,54009.0,387.4378959843202,1.1764705882352942,84,85,1,0,84,85,22203,0,0,0,0,0
2020-08-26,US,West Virginia,Cabell,501,6,0,38.42424062,-82.23855912,54011.0,544.8909674261787,1.1976047904191616,495,493,6,0,487,490,93224,8,0,0,8,3
2020-08-26,US,West Virginia,Calhoun,8,0,0,38.84315422,-81.11934872,54013.0,112.53340835560556,0.0,8,8,0,0,8,8,7254,0,0,0,0,0
2020-08-26,US,West Virginia,Clay,19,1,0,38.46231092,-81.07652217,54015.0,223.3192289609779,5.2631578947368425,18,19,1,0,18,19,8632,0,0,0,0,0
2020-08-26,US,West Virginia,Doddridge,6,0,0,39.27057157,-80.70671527,54017.0,71.02272727272727,0.0,6,6,0,0,6,6,8406,0,0,0,0,0
2020-08-26,US,West Virginia,Fayette,195,9,0,38.02974928,-81.08286634,54019.0,459.84058859595336,4.615384615384615,186,188,9,0,179,187,43018,7,0,0,7,1
2020-08-26,US,West Virginia,Gilmer,18,0,0,38.9251277,-80.85952723,54021.0,230.09075802121947,0.0,18,18,0,0,18,18,8026,0,0,0,0,0
2020-08-26,US,West Virginia,Grant,138,5,0,39.10314817,-79.19440518,54023.0,1192.9460580912862,3.6231884057971016,133,134,5,0,129,133,11626,4,0,0,4,1
2020-08-26,US,West Virginia,Greenbrier,99,3,0,37.9463652,-80.45335881,54025.0,285.61537129998266,3.0303030303030303,96,98,3,0,95,100,34786,1,0,0,1,-2
2020-08-26,US,West Virginia,Hampshire,91,1,0,39.32103553,-78.60826476,54027.0,392.6645091693636,1.0989010989010992,90,92,1,0,91,92,23347,-1,0,0,-1,0
2020-08-26,US,West Virginia,Hancock,118,0,0,40.51943859,-80.57461608,54029.0,409.580006942034,0.0,118,118,0,0,118,118,29094,0,0,0,0,0
2020-08-26,US,West Virginia,Hardy,66,0,0,39.00683177,-78.85855301,54031.0,479.09407665505233,0.0,66,66,0,0,66,63,13775,0,0,0,0,3
2020-08-26,US,West Virginia,Harrison,259,1,0,39.2853852,-80.37919577,54033.0,385.09575353871764,0.3861003861003861,258,258,1,0,257,256,67554,1,0,0,1,2
2020-08-26,US,West Virginia,Jackson,194,19,0,38.84263974,-81.68148753,54035.0,678.8913773796193,9.793814432989693,175,192,19,0,173,190,28706,2,0,0,2,2
2020-08-26,US,West Virginia,Jefferson,332,4,0,39.30776166,-77.86014147,54037.0,580.9680467574284,1.2048192771084338,328,328,4,0,324,324,56811,4,0,0,4,4
2020-08-26,US,West Virginia,Kanawha,1281,27,0,38.33860077,-81.52857054,54039.0,719.1619321371629,2.107728337236534,1254,1246,27,0,1219,1225,180454,35,0,0,35,21
2020-08-26,US,West Virginia,Lewis,32,2,0,38.9947249,-80.49988181,54041.0,201.16929653611615,6.25,30,32,2,0,30,32,16024,0,0,0,0,0
2020-08-26,US,West Virginia,Lincoln,115,1,0,38.172154,-82.07017953,54043.0,543.8777010142584,0.8695652173913043,114,115,1,0,114,115,20599,0,0,0,0,0
2020-08-26,US,West Virginia,Logan,454,21,0,37.8299889,-81.93528571,54045.0,1417.9081170554985,4.625550660792952,433,446,20,0,426,439,32607,8,1,0,7,7
2020-08-26,US,West Virginia,Marion,212,2,0,39.50984542,-80.24244659,54049.0,378.0853188757312,0.9433962264150944,210,211,2,0,209,208,56097,1,0,0,1,3
2020-08-26,US,West Virginia,Marshall,134,1,0,39.86064362,-80.66591062,54051.0,438.8981690740559,0.746268656716418,133,134,1,0,133,135,30785,0,0,0,0,-1
2020-08-26,US,West Virginia,Mason,91,1,0,38.77071799,-82.02524219,54053.0,343.1890179514256,1.0989010989010992,90,86,1,0,85,84,26718,5,0,0,5,2
2020-08-26,US,West Virginia,McDowell,72,0,0,37.38002939,-81.65083669,54047.0,408.5338175215615,0.0,72,66,0,0,66,66,18223,6,0,0,6,0
2020-08-26,US,West Virginia,Mercer,284,22,0,37.40481169,-81.11023142,54055.0,483.33843902106946,7.746478873239437,262,276,21,0,255,276,59131,8,1,0,7,0
2020-08-26,US,West Virginia,Mineral,131,4,0,39.41561583,-78.94104895,54057.0,487.5688551436653,3.053435114503817,127,131,4,0,127,131,26940,0,0,0,0,0
2020-08-26,US,West Virginia,Mingo,222,5,0,37.73048351,-82.13338365,54059.0,947.7459016393443,2.2522522522522523,217,219,5,0,214,213,23785,3,0,0,3,6
2020-08-26,US,West Virginia,Monongalia,1072,5,0,39.63218457,-80.04766838,54061.0,1015.036170132182,0.4664179104477612,1067,1059,5,0,1054,1060,106420,13,0,0,13,-1
2020-08-26,US,West Virginia,Monroe,91,0,0,37.56274716,-80.54577965,54063.0,685.4990583804142,0.0,91,79,0,0,79,65,13280,12,0,0,12,14
2020-08-26,US,West Virginia,Morgan,37,0,0,39.55439028,-78.26311676,54065.0,206.8888391858645,0.0,37,37,0,0,37,37,17787,0,0,0,0,0
2020-08-26,US,West Virginia,Nicholas,47,1,0,38.29617706,-80.79759588,54067.0,191.86806009144348,2.127659574468085,46,44,1,0,43,43,24842,3,0,0,3,1
2020-08-26,US,West Virginia,Ohio,289,5,0,40.0955451,-80.62203992,54069.0,697.8822052111757,1.7301038062283738,284,289,4,0,285,288,41755,0,1,0,-1,1
2020-08-26,US,West Virginia,Pendleton,44,1,0,38.68314479,-79.35084086,54071.0,631.3674845745444,2.272727272727273,43,48,1,0,47,48,6997,-4,0,0,-4,0
2020-08-26,US,West Virginia,Pleasants,14,2,0,39.37091679,-81.16771771,54073.0,187.66756032171585,14.285714285714285,12,14,2,0,12,14,7507,0,0,0,0,0
2020-08-26,US,West Virginia,Pocahontas,42,0,0,38.32758728,-80.00993811,54075.0,509.2761004001455,0.0,42,42,0,0,42,42,8414,0,0,0,0,0
2020-08-26,US,West Virginia,Preston,136,4,0,39.46770987,-79.66712803,54077.0,406.7958841828189,2.9411764705882355,132,136,4,0,132,135,33839,0,0,0,0,1
2020-08-26,US,West Virginia,Putnam,254,0,0,38.50782345,-81.9082131,54079.0,449.955713020372,0.0,254,252,0,0,252,247,56682,2,0,0,2,5
2020-08-26,US,West Virginia,Raleigh,331,3,0,37.76936795,-81.2456041,54081.0,451.1934133940377,0.9063444108761328,328,328,3,0,325,325,74254,3,0,0,3,3
2020-08-26,US,West Virginia,Randolph,220,0,0,38.769899,-79.87919615,54083.0,766.6840913051054,0.0,220,221,0,0,221,220,28823,-1,0,0,-1,1
2020-08-26,US,West Virginia,Ritchie,3,0,0,39.18094587,-81.06356878,54085.0,31.400460540087924,0.0,3,3,0,0,3,3,9721,0,0,0,0,0
2020-08-26,US,West Virginia,Roane,25,1,0,38.71622686,-81.35243568,54087.0,182.6417299824664,4.0,24,25,1,0,24,25,13932,0,0,0,0,0
2020-08-26,US,West Virginia,Summers,18,0,0,37.65390597,-80.86009693,54089.0,143.16392269148173,0.0,18,18,0,0,18,18,12760,0,0,0,0,0
2020-08-26,US,West Virginia,Taylor,103,3,0,39.33602617,-80.0421439,54091.0,616.9511829889187,2.9126213592233015,100,100,3,0,97,101,16862,3,0,0,3,-1
2020-08-26,US,West Virginia,Tucker,11,0,0,39.11240885,-79.57053576,54093.0,160.84222839596433,0.0,11,11,0,0,11,11,6955,0,0,0,0,0
2020-08-26,US,West Virginia,Tyler,15,0,0,39.46811972,-80.88772676,54095.0,174.60132697008495,0.0,15,15,0,0,15,15,8746,0,0,0,0,0
2020-08-26,US,West Virginia,Upshur,41,0,0,38.89285061,-80.23689136,54097.0,169.58967571144942,0.0,41,40,0,0,40,40,24415,1,0,0,1,0
2020-08-26,US,West Virginia,Wayne,232,9,0,38.14901357,-82.42287994,54099.0,588.8025988528501,3.8793103448275854,223,230,9,0,221,227,39944,2,0,0,2,3
2020-08-26,US,West Virginia,Webster,7,0,0,38.49370949,-80.4202023,54101.0,86.27064333251171,0.0,7,7,0,0,7,7,8285,0,0,0,0,0
2020-08-26,US,West Virginia,Wetzel,45,0,0,39.6065771,-80.64016540000001,54103.0,298.70560902754727,0.0,45,45,0,0,45,45,15270,0,0,0,0,0
2020-08-26,US,West Virginia,Wirt,8,0,0,39.02775007,-81.37473928,54105.0,137.4334306820134,0.0,8,7,0,0,7,7,5830,1,0,0,1,0
2020-08-26,US,West Virginia,Wood,297,5,0,39.20967886,-81.5162836,54107.0,355.61196388802415,1.6835016835016836,292,292,5,0,287,291,84203,5,0,0,5,1
2020-08-26,US,West Virginia,Wyoming,55,3,0,37.612327,-81.54511071,54109.0,269.6871628910464,5.454545454545454,52,51,3,0,48,51,20786,4,0,0,4,0
2020-08-26,US,Wisconsin,Adams,102,3,0,43.96974651,-89.76782777,55001.0,504.4510385756677,2.9411764705882355,99,101,3,0,98,99,20348,1,0,0,1,2
2020-08-26,US,Wisconsin,Ashland,33,1,0,46.31956891,-90.67837132,55003.0,212.0550057833184,3.0303030303030303,32,33,1,0,32,31,15600,0,0,0,0,2
2020-08-26,US,Wisconsin,Barron,362,3,0,45.42372701,-91.84833627,55005.0,800.1060914154363,0.8287292817679558,359,359,3,0,356,358,45164,3,0,0,3,1
2020-08-26,US,Wisconsin,Bayfield,41,1,0,46.52868768,-91.19716729,55007.0,272.6789039638202,2.4390243902439024,40,42,1,0,41,41,15042,-1,0,0,-1,1
2020-08-26,US,Wisconsin,Brown,5143,58,0,44.452655299999996,-88.00411844,55009.0,1944.1147341442947,1.127746451487459,5085,5074,57,0,5017,4969,263378,69,1,0,68,105
2020-08-26,US,Wisconsin,Buffalo,58,2,0,44.37835084,-91.75332578,55011.0,445.0924717980201,3.4482758620689653,56,56,2,0,54,54,13125,2,0,0,2,2
2020-08-26,US,Wisconsin,Burnett,37,1,0,45.86303537,-92.36711412,55013.0,240.0415206954717,2.702702702702702,36,33,1,0,32,33,15392,4,0,0,4,0
2020-08-26,US,Wisconsin,Calumet,461,2,0,44.0816316,-88.21780273,55015.0,920.361756074188,0.4338394793926248,459,452,2,0,450,450,50159,9,0,0,9,2
2020-08-26,US,Wisconsin,Chippewa,312,0,0,45.06939744,-91.28068855,55017.0,482.5388969655727,0.0,312,304,0,0,304,302,64135,8,0,0,8,2
2020-08-26,US,Wisconsin,Clark,234,8,0,44.73483377,-90.61207486,55019.0,672.9165468453442,3.418803418803418,226,230,8,0,222,230,34709,4,0,0,4,0
2020-08-26,US,Wisconsin,Columbia,334,2,0,43.46492199,-89.33589004,55021.0,580.5464784815407,0.5988023952095808,332,329,2,0,327,326,57358,5,0,0,5,3
2020-08-26,US,Wisconsin,Crawford,98,0,0,43.23870316,-90.93073686,55023.0,607.5258818424153,0.0,98,98,0,0,98,96,16291,0,0,0,0,2
2020-08-26,US,Wisconsin,Dane,5209,39,0,43.06601594,-89.41733797,55025.0,952.8164698780856,0.7487041658667691,5170,5161,39,0,5122,5117,542364,48,0,0,48,44
2020-08-26,US,Wisconsin,Dodge,1057,5,0,43.41576662,-88.70928178,55027.0,1203.337925067453,0.4730368968779565,1052,1046,5,0,1041,1034,87847,11,0,0,11,12
2020-08-26,US,Wisconsin,Door,128,3,0,44.95856458,-87.30002707,55029.0,462.6283070695388,2.34375,125,127,3,0,124,126,27610,1,0,0,1,1
2020-08-26,US,Wisconsin,Douglas,243,0,0,46.43222285,-91.91595768,55031.0,563.1517960602549,0.0,243,242,0,0,242,241,43208,1,0,0,1,1
2020-08-26,US,Wisconsin,Dunn,159,0,0,44.94562799,-91.8962481,55033.0,350.46728971962614,0.0,159,155,0,0,155,155,45131,4,0,0,4,0
2020-08-26,US,Wisconsin,Eau Claire,748,6,0,44.726614,-91.28609183,55035.0,714.7908185692717,0.8021390374331551,742,737,6,0,731,728,104534,11,0,0,11,9
2020-08-26,US,Wisconsin,Florence,23,0,0,45.84963535,-88.39804137,55037.0,535.5064027939463,0.0,23,22,0,0,22,22,4321,1,0,0,1,0
2020-08-26,US,Wisconsin,Fond du Lac,1010,9,0,43.75354908,-88.48885325,55039.0,976.7608289894878,0.8910891089108911,1001,969,9,0,960,964,103066,41,0,0,41,5
2020-08-26,US,Wisconsin,Forest,66,4,0,45.66678019,-88.77084892,55041.0,733.0075521990227,6.0606060606060606,62,66,4,0,62,65,8991,0,0,0,0,1
2020-08-26,US,Wisconsin,Grant,426,17,0,42.8671731,-90.7063218,55043.0,828.1653997939306,3.9906103286384975,409,423,16,0,407,421,51554,3,1,0,2,2
2020-08-26,US,Wisconsin,Green,256,1,0,42.6794956,-89.60243287,55045.0,692.6406926406928,0.390625,255,255,1,0,254,250,36929,1,0,0,1,5
2020-08-26,US,Wisconsin,Green Lake,87,0,0,43.80025981,-89.04679553,55047.0,460.00105747369537,0.0,87,87,0,0,87,83,18918,0,0,0,0,4
2020-08-26,US,Wisconsin,Iowa,113,0,0,43.00050278,-90.13469017,55049.0,477.236253061914,0.0,113,111,0,0,111,110,23771,2,0,0,2,1
2020-08-26,US,Wisconsin,Iron,115,1,0,46.26302338,-90.24295041,55051.0,2022.1557939159488,0.8695652173913043,114,111,1,0,110,110,5676,4,0,0,4,1
2020-08-26,US,Wisconsin,Jackson,72,1,0,44.31864893,-90.80566792,55053.0,348.78651358814125,1.3888888888888888,71,71,1,0,70,71,20478,1,0,0,1,0
2020-08-26,US,Wisconsin,Jefferson,844,6,0,43.02054068,-88.77529134,55055.0,995.6469935943563,0.7109004739336493,838,829,6,0,823,824,85129,15,0,0,15,5
2020-08-26,US,Wisconsin,Juneau,182,1,0,43.92456975,-90.11120239,55057.0,681.9799902574288,0.5494505494505495,181,177,1,0,176,173,26617,5,0,0,5,4
2020-08-26,US,Wisconsin,Kenosha,2912,61,0,42.57639354,-88.04051686,55059.0,1717.3760475581064,2.09478021978022,2851,2894,61,0,2833,2874,169290,18,0,0,18,20
2020-08-26,US,Wisconsin,Kewaunee,154,2,0,44.51727459,-87.61468386,55061.0,753.645884310463,1.2987012987012987,152,155,2,0,153,156,20383,-1,0,0,-1,-1
2020-08-26,US,Wisconsin,La Crosse,1077,1,0,43.90632465,-91.11451093,55063.0,912.5881236442516,0.09285051067780872,1076,1060,1,0,1059,1047,118230,17,0,0,17,13
2020-08-26,US,Wisconsin,Lafayette,184,0,0,42.66005229,-90.1317729,55065.0,1104.110411041104,0.0,184,184,0,0,184,182,16665,0,0,0,0,2
2020-08-26,US,Wisconsin,Langlade,77,2,0,45.26271619,-89.07483625,55067.0,401.27156183229965,2.5974025974025974,75,77,2,0,75,76,19268,0,0,0,0,1
2020-08-26,US,Wisconsin,Lincoln,76,1,0,45.33737523,-89.73411273,55069.0,275.4321748269489,1.3157894736842106,75,76,1,0,75,76,27689,0,0,0,0,0
2020-08-26,US,Wisconsin,Manitowoc,478,1,0,44.11946801,-87.80928853,55071.0,605.2088476975475,0.20920502092050208,477,468,1,0,467,457,79074,10,0,0,10,11
2020-08-26,US,Wisconsin,Marathon,748,13,0,44.89792533,-89.75863384,55073.0,551.2484155292871,1.7379679144385027,735,738,13,0,725,733,135428,10,0,0,10,5
2020-08-26,US,Wisconsin,Marinette,574,6,0,45.38553432,-88.03324599999998,55075.0,1422.552664188352,1.0452961672473868,568,570,6,0,564,565,40434,4,0,0,4,5
2020-08-26,US,Wisconsin,Marquette,85,1,0,43.81911946,-89.40073763,55077.0,545.781430589444,1.1764705882352942,84,83,1,0,82,82,15434,2,0,0,2,1
2020-08-26,US,Wisconsin,Menominee,28,0,0,45.00422544,-88.70950714,55078.0,614.5741878841087,0.0,28,28,0,0,28,28,4658,0,0,0,0,0
2020-08-26,US,Wisconsin,Milwaukee,23514,485,0,43.00486062,-87.96733172,55079.0,2486.343824744165,2.062601003657396,23029,23396,482,0,22914,23281,948201,118,3,0,115,115
2020-08-26,US,Wisconsin,Monroe,271,2,0,43.94641218,-90.61881899999999,55081.0,585.9079411065228,0.7380073800738007,269,267,2,0,265,266,46051,4,0,0,4,1
2020-08-26,US,Wisconsin,Oconto,391,1,0,45.02715345,-88.26807503,55083.0,1030.8462958080677,0.2557544757033248,390,376,1,0,375,372,37830,15,0,0,15,4
2020-08-26,US,Wisconsin,Oneida,199,0,0,45.70677897,-89.51944105,55085.0,559.0672847310016,0.0,199,198,0,0,198,193,35470,1,0,0,1,5
2020-08-26,US,Wisconsin,Outagamie,1646,19,0,44.41578887,-88.46565023,55087.0,876.0678074353993,1.1543134872417984,1627,1606,19,0,1587,1576,187365,40,0,0,40,30
2020-08-26,US,Wisconsin,Ozaukee,870,18,0,43.38352225,-87.94625009,55089.0,975.1067573777474,2.0689655172413794,852,866,18,0,848,853,89147,4,0,0,4,13
2020-08-26,US,Wisconsin,Pepin,47,0,0,44.58307413,-91.99949611,55091.0,644.9842184712502,0.0,47,47,0,0,47,47,7289,0,0,0,0,0
2020-08-26,US,Wisconsin,Pierce,276,5,0,44.71850291,-92.4224416,55093.0,645.5536324086635,1.8115942028985508,271,276,5,0,271,271,42555,0,0,0,0,5
2020-08-26,US,Wisconsin,Polk,164,2,0,45.46130348,-92.44182875,55095.0,374.5746065824636,1.2195121951219512,162,159,2,0,157,156,43598,5,0,0,5,3
2020-08-26,US,Wisconsin,Portage,534,1,0,44.47558711,-89.50152965,55097.0,754.5356920816142,0.18726591760299627,533,524,1,0,523,512,70942,10,0,0,10,12
2020-08-26,US,Wisconsin,Price,35,0,0,45.68051754,-90.36098879999999,55099.0,262.15264774174216,0.0,35,34,0,0,34,33,13397,1,0,0,1,1
2020-08-26,US,Wisconsin,Racine,3897,86,0,42.74753117,-88.05941254,55101.0,1985.1154545593472,2.2068257634077497,3811,3867,86,0,3781,3840,196584,30,0,0,30,27
2020-08-26,US,Wisconsin,Richland,44,4,0,43.3762778,-90.43012729,55103.0,255.04289357755616,9.090909090909092,40,42,4,0,38,41,17377,2,0,0,2,1
2020-08-26,US,Wisconsin,Rock,1597,26,0,42.67151616,-89.07147900000002,55105.0,977.6314017410042,1.6280525986224168,1571,1582,26,0,1556,1571,163129,15,0,0,15,11
2020-08-26,US,Wisconsin,Rusk,24,1,0,45.47498854,-91.1333012,55107.0,169.27634363097758,4.166666666666667,23,24,1,0,23,23,14147,0,0,0,0,1
2020-08-26,US,Wisconsin,Sauk,604,3,0,43.42574087,-89.94966132,55111.0,937.276931193942,0.4966887417218543,601,598,3,0,595,590,64249,6,0,0,6,8
2020-08-26,US,Wisconsin,Sawyer,150,0,0,45.87931905,-91.14504927,55113.0,905.9065104481216,0.0,150,147,0,0,147,143,16489,3,0,0,3,4
2020-08-26,US,Wisconsin,Shawano,239,0,0,44.78902246,-88.76443896,55115.0,584.3663659258173,0.0,239,239,0,0,239,234,40796,0,0,0,0,5
2020-08-26,US,Wisconsin,Sheboygan,980,8,0,43.72099677,-87.94579284,55117.0,849.6618692561124,0.8163265306122449,972,962,8,0,954,939,115456,18,0,0,18,23
2020-08-26,US,Wisconsin,St. Croix,605,7,0,45.03437474,-92.45000068,55109.0,667.1297980967504,1.1570247933884297,598,598,7,0,591,591,89694,7,0,0,7,7
2020-08-26,US,Wisconsin,Taylor,87,3,0,45.21179252,-90.5004405,55119.0,427.6655360566288,3.4482758620689653,84,85,3,0,82,85,20412,2,0,0,2,0
2020-08-26,US,Wisconsin,Trempealeau,407,2,0,44.30360275,-91.35893614,55121.0,1372.7275793450033,0.4914004914004914,405,400,2,0,398,395,29442,7,0,0,7,5
2020-08-26,US,Wisconsin,Vernon,89,0,0,43.59422667,-90.8324691,55123.0,288.75478554279414,0.0,89,86,0,0,86,86,30785,3,0,0,3,0
2020-08-26,US,Wisconsin,Vilas,95,0,0,46.05467334,-89.51719204,55125.0,428.02432980400994,0.0,95,95,0,0,95,93,21938,0,0,0,0,2
2020-08-26,US,Wisconsin,Walworth,1636,26,0,42.66858202,-88.54163073,55127.0,1575.0760580737092,1.5892420537897312,1610,1623,26,0,1597,1604,103718,13,0,0,13,19
2020-08-26,US,Wisconsin,Washburn,58,0,0,45.89838588,-91.79050449,55129.0,368.95674300254456,0.0,58,56,0,0,56,56,15878,2,0,0,2,0
2020-08-26,US,Wisconsin,Washington,1521,27,0,43.36863664,-88.22974712,55131.0,1118.102827234368,1.7751479289940828,1494,1482,26,0,1456,1460,135693,39,1,0,38,22
2020-08-26,US,Wisconsin,Waukesha,5353,71,0,43.01833055,-88.30431188,55133.0,1324.3509369170556,1.3263590509994396,5282,5286,71,0,5215,5267,403072,67,0,0,67,19
2020-08-26,US,Wisconsin,Waupaca,615,17,0,44.47068056,-88.96534501,55135.0,1206.1188468327125,2.7642276422764227,598,599,17,0,582,593,51128,16,0,0,16,6
2020-08-26,US,Wisconsin,Waushara,139,1,0,44.11324419,-89.24317107,55137.0,568.6699668616783,0.7194244604316546,138,135,1,0,134,135,24263,4,0,0,4,0
2020-08-26,US,Wisconsin,Winnebago,1402,21,0,44.06886922,-88.64477096,55139.0,815.5572489776448,1.4978601997146932,1381,1383,21,0,1362,1371,171020,19,0,0,19,12
2020-08-26,US,Wisconsin,Wood,425,2,0,44.45537896,-90.04158336,55141.0,582.1997561610433,0.4705882352941176,423,421,2,0,419,418,73055,4,0,0,4,3
2020-08-26,US,Wyoming,Albany,128,0,0,41.65498705,-105.72354150000001,56001.0,329.2181069958848,0.0,128,127,0,0,127,127,38601,1,0,0,1,0
2020-08-26,US,Wyoming,Big Horn,39,0,0,44.52405055,-107.9960365,56003.0,330.7888040712468,0.0,39,39,0,0,39,39,11881,0,0,0,0,0
2020-08-26,US,Wyoming,Campbell,172,0,0,44.24886082,-105.54744040000001,56005.0,371.16160635290566,0.0,172,164,0,0,164,164,46140,8,0,0,8,0
2020-08-26,US,Wyoming,Carbon,185,0,0,41.69357844,-106.9326084,56007.0,1250.0,0.0,185,185,0,0,185,185,14971,0,0,0,0,0
2020-08-26,US,Wyoming,Converse,40,0,0,42.97272268,-105.5081848,56009.0,289.3937201562726,0.0,40,37,0,0,37,36,13640,3,0,0,3,1
2020-08-26,US,Wyoming,Crook,14,0,0,44.58855102,-104.56977049999999,56011.0,184.59915611814347,0.0,14,14,0,0,14,14,7450,0,0,0,0,0
2020-08-26,US,Wyoming,Fremont,585,0,0,43.04183996,-108.6296893,56013.0,1490.0282723313212,0.0,585,577,0,0,577,574,39531,8,0,0,8,3
2020-08-26,US,Wyoming,Goshen,51,0,0,42.08798185,-104.3534743,56015.0,386.0419347513436,0.0,51,50,0,0,50,46,13376,1,0,0,1,4
2020-08-26,US,Wyoming,Hot Springs,29,0,0,43.71930657,-108.44231740000001,56017.0,657.1493315205076,0.0,29,28,0,0,28,28,4555,1,0,0,1,0
2020-08-26,US,Wyoming,Johnson,27,1,0,44.04057166,-106.58451740000001,56019.0,319.7158081705151,3.703703703703704,26,27,1,0,26,27,8460,0,0,0,0,0
2020-08-26,US,Wyoming,Laramie,560,0,0,41.30702520000001,-104.6887497,56021.0,562.8140703517588,0.0,560,552,0,0,552,545,98976,8,0,0,8,7
2020-08-26,US,Wyoming,Lincoln,108,0,0,42.26376367,-110.6563997,56023.0,544.6293494704994,0.0,108,108,0,0,108,108,19434,0,0,0,0,0
2020-08-26,US,Wyoming,Natrona,278,0,0,42.96180148,-106.79788500000001,56025.0,348.117909288988,0.0,278,276,0,0,276,273,79115,2,0,0,2,3
2020-08-26,US,Wyoming,Niobrara,2,0,0,43.05607708,-104.47588959999999,56027.0,84.88964346349746,0.0,2,2,0,0,2,2,2388,0,0,0,0,0
2020-08-26,US,Wyoming,Park,160,0,0,44.52157546,-109.58528249999999,56029.0,548.0578201000205,0.0,160,158,0,0,158,158,29324,2,0,0,2,0
2020-08-26,US,Wyoming,Platte,7,0,0,42.13299116,-104.96633100000001,56031.0,83.40283569641367,0.0,7,7,0,0,7,7,8566,0,0,0,0,0
2020-08-26,US,Wyoming,Sheridan,127,0,0,44.79048913,-106.8862389,56033.0,416.5983270460882,0.0,127,124,0,0,124,121,30233,3,0,0,3,3
2020-08-26,US,Wyoming,Sublette,48,0,0,42.76558279,-109.91309220000001,56035.0,488.2514494964907,0.0,48,48,0,0,48,48,9813,0,0,0,0,0
2020-08-26,US,Wyoming,Sweetwater,295,0,0,41.65943896,-108.8827882,56037.0,696.6913067094914,0.0,295,295,0,0,295,290,43051,0,0,0,0,5
2020-08-26,US,Wyoming,Teton,417,0,0,43.93522482,-110.5890801,56039.0,1777.1905898397547,0.0,417,412,0,0,412,409,23081,5,0,0,5,3
2020-08-26,US,Wyoming,Uinta,289,0,0,41.2878183,-110.54757820000002,56041.0,1428.8539503609215,0.0,289,283,0,0,283,283,20299,6,0,0,6,0
2020-08-26,US,Wyoming,Unassigned,0,36,0,0.0,0.0,90056.0,0.0,0.0,-36,0,36,0,-36,0,,0,0,0,0,0
2020-08-26,US,Wyoming,Washakie,108,0,0,43.90451606,-107.68018700000002,56043.0,1383.7283792440744,0.0,108,108,0,0,108,108,7885,0,0,0,0,0
2020-08-26,US,Wyoming,Weston,11,0,0,43.83961191,-104.56748809999999,56045.0,158.79890284394398,0.0,11,11,0,0,11,11,6967,0,0,0,0,0
