Date,Country/Region,Province/State,Admin2,Confirmed,Deaths,Recovered,Latitude,Longitude,FIPS,Incidence_Rate,Case-Fatality_Ratio,Active Cases,Previous Confirmed,Previous Deaths,Previous Recovered,Previous Active,Prev2 Confirmed,Population,Daily Confirmed,Daily Deaths,Daily Recovered,Daily Active,Previous Daily Confirmed
2020-05-30,US,Alabama,Autauga,216,4,0,32.53952745,-86.64408227,1001.0,386.6186973097782,1.851851851851852,212,212,3,0,209,205,55601,4,1,0,3,7
2020-05-30,US,Alabama,Baldwin,283,9,0,30.72774991,-87.72207058,1003.0,126.77280342600142,3.180212014134276,274,282,9,0,273,281,218022,1,0,0,1,1
2020-05-30,US,Alabama,Barbour,150,1,0,31.868263,-85.3871286,1005.0,607.6318561127765,0.6666666666666666,149,147,1,0,146,132,24881,3,0,0,3,15
2020-05-30,US,Alabama,Bibb,72,1,0,32.99642064,-87.12511459999996,1007.0,321.5146914352058,1.3888888888888888,71,71,1,0,70,71,22400,1,0,0,1,0
2020-05-30,US,Alabama,Blount,61,1,0,33.98210918,-86.56790593,1009.0,105.48888043440668,1.639344262295082,60,60,1,0,59,58,57840,1,0,0,1,2
2020-05-30,US,Alabama,Bullock,203,4,0,32.10030533,-85.71265535,1011.0,2009.7020097020095,1.9704433497536944,199,201,4,0,197,183,10138,2,0,0,2,18
2020-05-30,US,Alabama,Butler,402,17,0,31.75300095,-86.68057478,1013.0,2067.050596462361,4.2288557213930345,385,396,16,0,380,392,19680,6,1,0,5,4
2020-05-30,US,Alabama,Calhoun,154,3,0,33.77483727,-85.82630386,1015.0,135.55741384622155,1.9480519480519483,151,153,3,0,150,152,114277,1,0,0,1,1
2020-05-30,US,Alabama,Chambers,353,25,0,32.91360079,-85.39072749,1017.0,1061.5264329103263,7.0821529745042495,328,352,24,0,328,349,33615,1,1,0,0,3
2020-05-30,US,Alabama,Cherokee,37,3,0,34.17805983,-85.60638968,1019.0,141.24293785310738,8.108108108108109,34,36,3,0,33,34,26032,1,0,0,1,2
2020-05-30,US,Alabama,Chilton,100,1,0,32.85044126,-86.7173256,1021.0,225.08328081390113,1.0,99,99,1,0,98,97,44153,1,0,0,1,2
2020-05-30,US,Alabama,Choctaw,151,8,0,32.02227341,-88.26564429999998,1023.0,1199.4598458972118,5.298013245033113,143,149,8,0,141,148,12841,2,0,0,2,1
2020-05-30,US,Alabama,Clarke,142,2,0,31.68099859,-87.83548597,1025.0,601.1345356024045,1.4084507042253518,140,134,2,0,132,129,23920,8,0,0,8,5
2020-05-30,US,Alabama,Clay,27,2,0,33.26984193,-85.85836077,1027.0,204.0045334340763,7.407407407407407,25,27,2,0,25,27,13275,0,0,0,0,0
2020-05-30,US,Alabama,Cleburne,14,1,0,33.67679204,-85.52005899,1029.0,93.89671361502349,7.142857142857142,13,14,1,0,13,13,14987,0,0,0,0,1
2020-05-30,US,Alabama,Coffee,229,1,0,31.39932826,-85.98901039,1031.0,437.5071644186313,0.4366812227074236,228,226,1,0,225,224,51909,3,0,0,3,2
2020-05-30,US,Alabama,Colbert,178,2,0,34.69847452,-87.80168544,1033.0,322.224434749552,1.1235955056179776,176,165,2,0,163,161,54762,13,0,0,13,4
2020-05-30,US,Alabama,Conecuh,39,1,0,31.43401703,-86.99320044,1035.0,323.19549183724206,2.5641025641025643,38,38,1,0,37,35,12277,1,0,0,1,3
2020-05-30,US,Alabama,Coosa,38,1,0,32.93690146,-86.24847739,1037.0,356.37250304792275,2.631578947368421,37,38,1,0,37,35,10715,0,0,0,0,3
2020-05-30,US,Alabama,Covington,77,1,0,31.247785399999998,-86.45050893,1039.0,207.8328699829955,1.2987012987012987,76,77,1,0,76,77,36986,0,0,0,0,0
2020-05-30,US,Alabama,Crenshaw,76,3,0,31.72941803,-86.31593104,1041.0,551.844321812373,3.947368421052632,73,73,3,0,70,72,13824,3,0,0,3,1
2020-05-30,US,Alabama,Cullman,126,0,0,34.13020303,-86.86888037,1043.0,150.41543310094548,0.0,126,114,0,0,114,96,83442,12,0,0,12,18
2020-05-30,US,Alabama,Dale,110,0,0,31.43037123,-85.61095742,1045.0,223.7045473033434,0.0,110,106,0,0,106,99,48956,4,0,0,4,7
2020-05-30,US,Alabama,Dallas,260,3,0,32.32688101,-87.10866709999998,1047.0,698.9998924615551,1.1538461538461535,257,255,3,0,252,244,38310,5,0,0,5,11
2020-05-30,US,Alabama,DeKalb,243,3,0,34.45946862,-85.80782906,1049.0,339.7983583404416,1.2345679012345678,240,243,3,0,240,241,71385,0,0,0,0,2
2020-05-30,US,Alabama,Elmore,339,8,0,32.59785413,-86.14415284,1051.0,417.44141659175705,2.359882005899705,331,323,7,0,316,313,81887,16,1,0,15,10
2020-05-30,US,Alabama,Escambia,57,3,0,31.1256789,-87.15918694,1053.0,155.5974121693555,5.2631578947368425,54,57,3,0,54,49,36748,0,0,0,0,8
2020-05-30,US,Alabama,Etowah,248,11,0,34.04567266,-86.04051873,1055.0,242.5000977822975,4.435483870967742,237,247,11,0,236,244,102501,1,0,0,1,3
2020-05-30,US,Alabama,Fayette,15,0,0,33.72076938,-87.73886638,1057.0,92.01324990798678,0.0,15,13,0,0,13,13,16433,2,0,0,2,0
2020-05-30,US,Alabama,Franklin,545,7,0,34.44235334,-87.84289505,1059.0,1737.7718257764172,1.2844036697247707,538,540,7,0,533,514,31363,5,0,0,5,26
2020-05-30,US,Alabama,Geneva,40,0,0,31.09389027,-85.83572839,1061.0,152.25914506490042,0.0,40,39,0,0,39,40,26314,1,0,0,1,-1
2020-05-30,US,Alabama,Greene,94,4,0,32.85504247,-87.95684022,1063.0,1158.9199852052768,4.25531914893617,90,93,4,0,89,92,8233,1,0,0,1,1
2020-05-30,US,Alabama,Hale,159,8,0,32.76039258,-87.63284988,1065.0,1085.2501535731349,5.031446540880503,151,157,8,0,149,151,14726,2,0,0,2,6
2020-05-30,US,Alabama,Henry,74,2,0,31.51148016,-85.24267944,1067.0,430.1075268817205,2.702702702702702,72,73,2,0,71,71,17209,1,0,0,1,2
2020-05-30,US,Alabama,Houston,209,4,0,31.15197924,-85.29939599,1069.0,197.3895468540451,1.9138755980861244,205,204,4,0,200,188,104722,5,0,0,5,16
2020-05-30,US,Alabama,Jackson,77,2,0,34.78144169,-85.99750489,1071.0,149.14965327548134,2.5974025974025974,75,76,2,0,74,75,51736,1,0,0,1,1
2020-05-30,US,Alabama,Jefferson,1780,102,0,33.55554728,-86.89506300000002,1073.0,270.2813507386425,5.7303370786516865,1678,1744,102,0,1642,1712,659300,36,0,0,36,32
2020-05-30,US,Alabama,Lamar,23,0,0,33.77995024,-88.09668032,1075.0,166.60630206446942,0.0,23,23,0,0,23,21,13844,0,0,0,0,2
2020-05-30,US,Alabama,Lauderdale,161,2,0,34.90171875,-87.65624729,1077.0,173.62421680380461,1.2422360248447204,159,156,2,0,154,153,92387,5,0,0,5,3
2020-05-30,US,Alabama,Lawrence,48,0,0,34.52041498,-87.31069453,1079.0,145.79030494472119,0.0,48,48,0,0,48,46,32957,0,0,0,0,2
2020-05-30,US,Alabama,Lee,540,33,0,32.60154883,-85.35132246,1081.0,328.18368562433915,6.111111111111112,507,536,32,0,504,533,163941,4,1,0,3,3
2020-05-30,US,Alabama,Limestone,94,0,0,34.81185586,-86.98310072,1083.0,95.03108729717434,0.0,94,92,0,0,92,87,96174,2,0,0,2,5
2020-05-30,US,Alabama,Lowndes,238,12,0,32.1597283,-86.65158371,1085.0,2447.0491466173144,5.042016806722689,226,227,11,0,216,222,9974,11,1,0,10,5
2020-05-30,US,Alabama,Macon,75,4,0,32.38759944,-85.69267724,1087.0,415.09851671463366,5.333333333333333,71,72,3,0,69,71,18439,3,1,0,2,1
2020-05-30,US,Alabama,Madison,327,4,0,34.76327133,-86.55069633,1089.0,87.68895360530317,1.2232415902140672,323,324,4,0,320,318,366519,3,0,0,3,6
2020-05-30,US,Alabama,Marengo,163,6,0,32.24767634,-87.78796182,1091.0,864.1255367650958,3.6809815950920246,157,160,6,0,154,155,19066,3,0,0,3,5
2020-05-30,US,Alabama,Marion,121,11,0,34.13697363,-87.88704173,1093.0,407.28398801709915,9.090909090909092,110,120,11,0,109,119,29763,1,0,0,1,1
2020-05-30,US,Alabama,Marshall,687,9,0,34.36975964,-86.30486727,1095.0,709.9014198028398,1.310043668122271,678,681,9,0,672,668,96109,6,0,0,6,13
2020-05-30,US,Alabama,Mobile,2191,115,0,30.78472347,-88.20842409,1097.0,530.2388615957988,5.248744865358284,2076,2162,114,0,2048,2124,413757,29,1,0,28,38
2020-05-30,US,Alabama,Monroe,37,2,0,31.56729412,-87.36995001,1099.0,178.45946076303474,5.405405405405406,35,36,2,0,34,35,21067,1,0,0,1,1
2020-05-30,US,Alabama,Montgomery,1632,38,0,32.2206831,-86.20969272,1101.0,720.5743401358142,2.32843137254902,1594,1590,38,0,1552,1541,225763,42,0,0,42,49
2020-05-30,US,Alabama,Morgan,251,1,0,34.45500589,-86.85475946,1103.0,209.7276882326891,0.398406374501992,250,244,1,0,243,231,119089,7,0,0,7,13
2020-05-30,US,Alabama,Perry,37,0,0,32.64048341,-87.29770589,1105.0,414.6587470581643,0.0,37,35,0,0,35,35,9140,2,0,0,2,0
2020-05-30,US,Alabama,Pickens,111,4,0,33.28094866,-88.08818103,1107.0,556.9493226292022,3.603603603603604,107,109,4,0,105,101,19938,2,0,0,2,8
2020-05-30,US,Alabama,Pike,198,0,0,31.80396383,-85.9408295,1109.0,597.9344084073201,0.0,198,191,0,0,191,179,33338,7,0,0,7,12
2020-05-30,US,Alabama,Randolph,125,7,0,33.29526734,-85.45708831,1111.0,550.1276296100697,5.6,118,125,7,0,118,125,22725,0,0,0,0,0
2020-05-30,US,Alabama,Russell,167,0,0,32.28725256,-85.18415324,1113.0,288.1247735546316,0.0,167,162,0,0,162,159,57781,5,0,0,5,3
2020-05-30,US,Alabama,Shelby,503,19,0,33.26879845,-86.66232561,1117.0,231.04978364920856,3.7773359840954273,484,497,19,0,478,484,215707,6,0,0,6,13
2020-05-30,US,Alabama,St. Clair,118,1,0,33.71902176,-86.31029372,1115.0,131.8259004379301,0.8474576271186439,117,118,1,0,117,116,88690,0,0,0,0,2
2020-05-30,US,Alabama,Sumter,220,6,0,32.59117397,-88.19916205,1119.0,1770.338778466243,2.727272727272727,214,216,6,0,210,213,12691,4,0,0,4,3
2020-05-30,US,Alabama,Talladega,109,3,0,33.37823223,-86.16886178,1121.0,136.28747905674058,2.7522935779816518,106,106,3,0,103,100,79828,3,0,0,3,6
2020-05-30,US,Alabama,Tallapoosa,423,64,0,32.86698258,-85.79833053,1123.0,1047.8856491688755,15.13002364066194,359,422,64,0,358,418,40497,1,0,0,1,4
2020-05-30,US,Alabama,Tuscaloosa,738,14,0,33.28726072,-87.52556818,1125.0,352.51128466002723,1.897018970189702,724,720,14,0,706,678,208911,18,0,0,18,42
2020-05-30,US,Alabama,Walker,344,2,0,33.80270512,-87.30027177,1127.0,541.5531871349632,0.5813953488372093,342,330,2,0,328,299,63711,14,0,0,14,31
2020-05-30,US,Alabama,Washington,68,6,0,31.4092794,-88.20689944,1129.0,416.5135366899424,8.823529411764708,62,67,6,0,61,66,16378,1,0,0,1,1
2020-05-30,US,Alabama,Wilcox,144,7,0,31.98773215,-87.30891118,1131.0,1388.2194157909958,4.861111111111111,137,141,7,0,134,134,10627,3,0,0,3,7
2020-05-30,US,Alabama,Winston,88,0,0,34.15030532,-87.37325922,1133.0,372.42371661940837,0.0,88,87,0,0,87,82,23660,1,0,0,1,5
2020-05-30,US,Alaska,Anchorage,214,4,0,61.14998174,-149.14269860000005,2020.0,74.30555555555556,1.8691588785046729,210,213,4,0,209,211,291538,1,0,0,1,2
2020-05-30,US,Alaska,Bethel,3,0,0,60.90980451,-159.8561831,2050.0,16.316762754269554,0.0,3,3,0,0,3,3,18216,0,0,0,0,0
2020-05-30,US,Alaska,Fairbanks North Star,85,2,0,64.80726247,-146.5692662,2090.0,87.76549060909252,2.3529411764705883,83,85,2,0,83,85,98971,0,0,0,0,0
2020-05-30,US,Alaska,Juneau,33,0,0,58.45031811,-134.200436,2110.0,103.20885719647215,0.0,33,33,0,0,33,32,32113,0,0,0,0,1
2020-05-30,US,Alaska,Kenai Peninsula,38,2,0,60.24429722,-151.53888840000005,2122.0,64.72712407167677,5.2631578947368425,36,36,2,0,34,34,58533,2,0,0,2,2
2020-05-30,US,Alaska,Ketchikan Gateway,16,0,0,55.57445008,-130.975561,2130.0,115.09963311991943,0.0,16,16,0,0,16,16,13918,0,0,0,0,0
2020-05-30,US,Alaska,Kodiak Island,1,0,0,57.65529415,-153.7493579,2150.0,7.693491306354824,0.0,1,1,0,0,1,1,13345,0,0,0,0,0
2020-05-30,US,Alaska,Matanuska-Susitna,25,1,0,62.31305045,-149.5741743,2170.0,23.080402891512875,4.0,24,24,1,0,23,24,107610,1,0,0,1,0
2020-05-30,US,Alaska,Nome,3,0,0,64.90320724,-164.0353804,2180.0,29.98800479808077,0.0,3,3,0,0,3,3,10008,0,0,0,0,0
2020-05-30,US,Alaska,North Slope,1,0,0,69.31479216,-153.4836093,2185.0,10.17087062652563,0.0,1,1,0,0,1,1,9872,0,0,0,0,0
2020-05-30,US,Alaska,Northwest Arctic,2,0,0,67.04919196,-159.7503946,2188.0,26.243275160740065,0.0,2,2,0,0,2,2,7671,0,0,0,0,0
2020-05-30,US,Alaska,Petersburg,4,1,0,57.13978948,-132.9540995,2195.0,122.47397428046541,25.0,3,4,1,0,3,4,3221,0,0,0,0,0
2020-05-30,US,Alaska,Prince of Wales-Hyder,2,0,0,55.76261984,-133.0511621,2198.0,32.24246332419797,0.0,2,2,0,0,2,2,6422,0,0,0,0,0
2020-05-30,US,Alaska,Sitka,2,0,0,57.24124555,-135.3206587,2220.0,23.54880489815142,0.0,2,2,0,0,2,2,8647,0,0,0,0,0
2020-05-30,US,Alaska,Southeast Fairbanks,3,0,0,63.87692095,-143.2127643,2240.0,43.52241404323227,0.0,3,3,0,0,3,3,6918,0,0,0,0,0
2020-05-30,US,Alaska,Yukon-Koyukuk,1,0,0,65.50815459,-151.39073869999999,2290.0,19.120458891013385,0.0,1,1,0,0,1,1,5327,0,0,0,0,0
2020-05-30,US,Arizona,Apache,1491,35,0,35.39465006,-109.4892383,4001.0,2074.0885000069547,2.347417840375587,1456,1414,34,0,1380,1290,71818,77,1,0,76,124
2020-05-30,US,Arizona,Cochise,72,3,0,31.87934684,-109.7516088,4003.0,57.1782532043646,4.166666666666667,69,67,1,0,66,67,126770,5,2,0,3,0
2020-05-30,US,Arizona,Coconino,1123,81,0,35.83883429,-111.77071780000001,4005.0,782.7093032981127,7.212822796081923,1042,1104,81,0,1023,1078,142854,19,0,0,19,26
2020-05-30,US,Arizona,Gila,30,1,0,33.80190085,-110.8132779,4007.0,55.537043207819615,3.333333333333333,29,28,1,0,27,25,53889,2,0,0,2,3
2020-05-30,US,Arizona,Graham,28,1,0,32.93166885,-109.8882178,4009.0,72.09619692561219,3.571428571428572,27,27,1,0,26,26,38072,1,0,0,1,1
2020-05-30,US,Arizona,Greenlee,4,0,0,33.21498827,-109.2405279,4011.0,42.11412929037692,0.0,4,4,0,0,4,4,9483,0,0,0,0,0
2020-05-30,US,Arizona,La Paz,70,1,0,33.72854224,-113.98100290000001,4012.0,331.6278188364601,1.4285714285714286,69,54,1,0,53,53,21098,16,0,0,16,1
2020-05-30,US,Arizona,Maricopa,9522,430,0,33.34835867,-112.49181540000001,4013.0,212.28809648340157,4.5158580130224735,9092,9112,419,0,8693,8896,4410824,410,11,0,399,216
2020-05-30,US,Arizona,Mohave,383,44,0,35.70471703,-113.7577902,4015.0,180.50626587677502,11.488250652741515,339,369,42,0,327,350,209550,14,2,0,12,19
2020-05-30,US,Arizona,Navajo,1833,59,0,35.3997715,-110.3218983,4017.0,1652.4827810032093,3.2187670485542825,1774,1752,58,0,1694,1678,110445,81,1,0,80,74
2020-05-30,US,Arizona,Pima,2290,185,0,32.0971334,-111.7890033,4019.0,218.66188475086392,8.078602620087336,2105,2234,185,0,2049,2167,1039073,56,0,0,56,67
2020-05-30,US,Arizona,Pinal,837,39,0,32.90525627,-111.3449483,4021.0,180.8599599385465,4.659498207885305,798,814,39,0,775,788,447138,23,0,0,23,26
2020-05-30,US,Arizona,Santa Cruz,297,0,0,31.52508998,-110.8479088,4023.0,638.7371499849456,0.0,297,262,0,0,262,225,46511,35,0,0,35,37
2020-05-30,US,Arizona,Unassigned,0,3,0,0.0,0.0,90004.0,0.0,0.0,-3,0,4,0,-4,0,,0,-1,0,1,0
2020-05-30,US,Arizona,Yavapai,296,7,0,34.59933926,-112.5538588,4025.0,125.90440622886528,2.3648648648648654,289,295,6,0,289,294,231993,1,1,0,0,1
2020-05-30,US,Arizona,Yuma,982,15,0,32.76895712,-113.90666740000002,4027.0,459.3356939383592,1.5274949083503055,967,936,14,0,922,936,212128,46,1,0,45,0
2020-05-30,US,Arkansas,Arkansas,5,0,0,34.29145151,-91.37277296,5001.0,28.594304014640283,0.0,5,4,0,0,4,3,17769,1,0,0,1,1
2020-05-30,US,Arkansas,Ashley,19,0,0,33.19153461,-91.76984709999999,5003.0,96.65767919825001,0.0,19,19,0,0,19,19,20046,0,0,0,0,0
2020-05-30,US,Arkansas,Baxter,11,0,0,36.28784385,-92.33782872,5005.0,26.232948583420768,0.0,11,9,0,0,9,9,41619,2,0,0,2,0
2020-05-30,US,Arkansas,Benton,507,2,0,36.33644656,-94.25680817,5007.0,181.62863928982128,0.3944773175542407,505,468,1,0,467,428,272608,39,1,0,38,40
2020-05-30,US,Arkansas,Boone,6,0,0,36.3084504,-93.09374925,5009.0,16.029066039752085,0.0,6,6,0,0,6,6,37480,0,0,0,0,0
2020-05-30,US,Arkansas,Bradley,18,1,0,33.46755808,-92.15980837,5011.0,167.2396172070984,5.5555555555555545,17,18,1,0,17,18,10897,0,0,0,0,0
2020-05-30,US,Arkansas,Carroll,24,1,0,36.34038560000001,-93.54270261,5015.0,84.56659619450318,4.166666666666667,23,24,1,0,23,24,28223,0,0,0,0,0
2020-05-30,US,Arkansas,Chicot,15,0,0,33.26458973,-91.29539209,5017.0,148.2506424194505,0.0,15,15,0,0,15,15,10438,0,0,0,0,0
2020-05-30,US,Arkansas,Clark,39,0,0,34.04613432,-93.17484713,5019.0,174.73118279569889,0.0,39,39,0,0,39,38,22061,0,0,0,0,1
2020-05-30,US,Arkansas,Clay,4,0,0,36.36826212,-90.4148172,5021.0,27.489519620644625,0.0,4,4,0,0,4,4,14847,0,0,0,0,0
2020-05-30,US,Arkansas,Cleburne,73,4,0,35.53864922,-92.02640019,5023.0,292.94915526305226,5.479452054794519,69,73,4,0,69,73,24965,0,0,0,0,0
2020-05-30,US,Arkansas,Cleveland,19,0,0,33.89723187,-92.18537045,5025.0,238.81347410759173,0.0,19,19,0,0,19,18,8018,0,0,0,0,1
2020-05-30,US,Arkansas,Columbia,25,2,0,33.21230701,-93.22642793,5027.0,106.57799377584517,8.0,23,21,2,0,19,20,23537,4,0,0,4,1
2020-05-30,US,Arkansas,Conway,14,1,0,35.26205537,-92.70506566,5029.0,67.15916722632639,7.142857142857142,13,14,1,0,13,14,20891,0,0,0,0,0
2020-05-30,US,Arkansas,Craighead,212,0,0,35.83018283,-90.63235729,5031.0,192.14733712794109,0.0,212,206,0,0,206,203,108558,6,0,0,6,3
2020-05-30,US,Arkansas,Crawford,24,0,0,35.58928601,-94.2446814,5033.0,37.94046508686785,0.0,24,18,0,0,18,17,63406,6,0,0,6,1
2020-05-30,US,Arkansas,Crittenden,367,9,0,35.21247318,-90.30839406,5035.0,765.3008028359919,2.4523160762942777,358,341,9,0,332,318,48342,26,0,0,26,23
2020-05-30,US,Arkansas,Cross,51,0,0,35.29631396,-90.77185818,5037.0,310.61575004567885,0.0,51,50,0,0,50,48,16676,1,0,0,1,2
2020-05-30,US,Arkansas,Dallas,1,0,0,33.97042763,-92.65167437,5039.0,14.267370523612499,0.0,1,1,0,0,1,1,7182,0,0,0,0,0
2020-05-30,US,Arkansas,Desha,19,0,0,33.83011025,-91.25500948,5041.0,167.23879940146114,0.0,19,19,0,0,19,19,11512,0,0,0,0,0
2020-05-30,US,Arkansas,Drew,19,1,0,33.59035001,-91.71777921,5043.0,104.28673362972721,5.2631578947368425,18,19,1,0,18,19,18328,0,0,0,0,0
2020-05-30,US,Arkansas,Faulkner,102,3,0,35.14719007,-92.33717519,5045.0,80.94788384772275,2.9411764705882355,99,102,3,0,99,101,124806,0,0,0,0,1
2020-05-30,US,Arkansas,Franklin,4,0,0,35.51202821,-93.89299569,5047.0,22.579734688117412,0.0,4,4,0,0,4,4,17810,0,0,0,0,0
2020-05-30,US,Arkansas,Fulton,7,0,0,36.38177105,-91.81729127,5049.0,56.10322994309529,0.0,7,7,0,0,7,7,12269,0,0,0,0,0
2020-05-30,US,Arkansas,Garland,136,1,0,34.57692074,-93.14921604,5051.0,136.8401988207595,0.7352941176470589,135,136,1,0,135,136,99154,0,0,0,0,0
2020-05-30,US,Arkansas,Grant,18,0,0,34.29017991,-92.42320562,5053.0,98.54913769504519,0.0,18,18,0,0,18,18,18188,0,0,0,0,0
2020-05-30,US,Arkansas,Greene,64,0,0,36.11735460000001,-90.55832668,5055.0,141.20242691671262,0.0,64,63,0,0,63,60,45325,1,0,0,1,3
2020-05-30,US,Arkansas,Hempstead,16,1,0,33.73325583,-93.66935133,5057.0,74.30800668772059,6.25,15,15,1,0,14,14,21741,1,0,0,1,1
2020-05-30,US,Arkansas,Hot Spring,32,0,0,34.31709259,-92.95396325,5059.0,94.755855615765,0.0,32,32,0,0,32,31,33701,0,0,0,0,1
2020-05-30,US,Arkansas,Howard,20,0,0,34.09007427,-93.9934871,5061.0,151.4921981517952,0.0,20,19,0,0,19,18,13341,1,0,0,1,1
2020-05-30,US,Arkansas,Independence,31,0,0,35.74242707,-91.57001641,5063.0,81.95637805684072,0.0,31,30,0,0,30,29,37678,1,0,0,1,1
2020-05-30,US,Arkansas,Izard,16,0,0,36.09604046,-91.90847954,5065.0,117.3967275662191,0.0,16,16,0,0,16,16,13593,0,0,0,0,0
2020-05-30,US,Arkansas,Jackson,1,0,0,35.59802983,-91.21494602,5067.0,5.98121897242658,0.0,1,1,0,0,1,1,16811,0,0,0,0,0
2020-05-30,US,Arkansas,Jefferson,517,25,0,34.26767081,-91.92619839,5069.0,773.674129055429,4.835589941972921,492,516,25,0,491,515,68114,1,0,0,1,1
2020-05-30,US,Arkansas,Johnson,43,0,0,35.56759135,-93.46036368,5071.0,161.78794491684852,0.0,43,42,0,0,42,40,26742,1,0,0,1,2
2020-05-30,US,Arkansas,Lafayette,9,1,0,33.24116713,-93.60677071,5073.0,135.8695652173913,11.111111111111109,8,9,1,0,8,9,6682,0,0,0,0,0
2020-05-30,US,Arkansas,Lawrence,84,5,0,36.04188196,-91.10867198,5075.0,512.0078020236499,5.9523809523809526,79,82,5,0,77,82,16434,2,0,0,2,0
2020-05-30,US,Arkansas,Lee,19,1,0,34.78498904,-90.78383866,5077.0,214.51958902562941,5.2631578947368425,18,18,1,0,17,18,8985,1,0,0,1,0
2020-05-30,US,Arkansas,Lincoln,978,9,0,33.95317155,-91.74002806,5079.0,7509.21375921376,0.9202453987730062,969,975,9,0,966,975,13383,3,0,0,3,0
2020-05-30,US,Arkansas,Little River,6,0,0,33.70375665,-94.23468591,5081.0,48.94363324904152,0.0,6,6,0,0,6,6,12326,0,0,0,0,0
2020-05-30,US,Arkansas,Logan,6,0,0,35.21413234,-93.71951016,5083.0,27.951178608031306,0.0,6,5,0,0,5,4,21737,1,0,0,1,1
2020-05-30,US,Arkansas,Lonoke,47,0,0,34.75392199,-91.88742357,5085.0,64.11218267879796,0.0,47,47,0,0,47,46,73657,0,0,0,0,1
2020-05-30,US,Arkansas,Madison,22,0,0,36.01038185,-93.72524943,5087.0,132.7220077220077,0.0,22,13,0,0,13,6,16481,9,0,0,9,7
2020-05-30,US,Arkansas,Marion,1,0,0,36.26844485,-92.68451899,5089.0,5.990176111177669,0.0,1,1,0,0,1,1,16722,0,0,0,0,0
2020-05-30,US,Arkansas,Miller,43,1,0,33.31403423,-93.89285258,5091.0,99.4058765055367,2.3255813953488373,42,42,1,0,41,42,43592,1,0,0,1,0
2020-05-30,US,Arkansas,Mississippi,75,2,0,35.76271485,-90.05194370000002,5093.0,184.49730633932742,2.6666666666666665,73,73,2,0,71,73,41239,2,0,0,2,0
2020-05-30,US,Arkansas,Monroe,5,0,0,34.6815935,-91.20540287,5095.0,74.61572899567228,0.0,5,5,0,0,5,5,6900,0,0,0,0,0
2020-05-30,US,Arkansas,Montgomery,2,0,0,34.53704874,-93.65824478,5097.0,22.2568439795237,0.0,2,2,0,0,2,2,8924,0,0,0,0,0
2020-05-30,US,Arkansas,Nevada,5,0,0,33.66340119,-93.30632432,5099.0,60.59137178865729,0.0,5,5,0,0,5,5,8326,0,0,0,0,0
2020-05-30,US,Arkansas,Newton,3,0,0,35.91947491,-93.21612969,5101.0,38.6946988262608,0.0,3,3,0,0,3,3,7805,0,0,0,0,0
2020-05-30,US,Arkansas,Ouachita,10,0,0,33.58839816,-92.87795984,5103.0,42.767941151312975,0.0,10,10,0,0,10,10,23606,0,0,0,0,0
2020-05-30,US,Arkansas,Perry,14,0,0,34.945915299999996,-92.94372564,5105.0,133.90722142515543,0.0,14,14,0,0,14,14,10352,0,0,0,0,0
2020-05-30,US,Arkansas,Phillips,20,1,0,34.43268455,-90.84800154,5107.0,112.47328759419638,5.0,19,19,1,0,18,12,18029,1,0,0,1,7
2020-05-30,US,Arkansas,Pike,5,0,0,34.16250414,-93.65789349,5109.0,46.65049449524165,0.0,5,5,0,0,5,5,10673,0,0,0,0,0
2020-05-30,US,Arkansas,Poinsett,33,2,0,35.57433534,-90.66268713,5111.0,140.2584155049303,6.0606060606060606,31,31,2,0,29,31,23974,2,0,0,2,0
2020-05-30,US,Arkansas,Polk,17,0,0,34.48254879,-94.22728802,5113.0,85.1532758966139,0.0,17,17,0,0,17,12,20049,0,0,0,0,5
2020-05-30,US,Arkansas,Pope,142,1,0,35.44871474,-93.03212219,5115.0,221.62567111999002,0.7042253521126759,141,136,1,0,135,129,64000,6,0,0,6,7
2020-05-30,US,Arkansas,Prairie,2,0,0,34.83624419,-91.55162157,5117.0,24.807740014884644,0.0,2,2,0,0,2,2,8074,0,0,0,0,0
2020-05-30,US,Arkansas,Pulaski,876,34,0,34.77054088,-92.31355101,5119.0,223.52013594923335,3.8812785388127855,842,846,34,0,812,830,392680,30,0,0,30,16
2020-05-30,US,Arkansas,Randolph,26,0,0,36.3415714,-91.02455531,5121.0,144.78226974050563,0.0,26,26,0,0,26,26,17948,0,0,0,0,0
2020-05-30,US,Arkansas,Saline,112,1,0,34.64916145,-92.67583224,5125.0,91.47561603110172,0.8928571428571429,111,110,1,0,109,108,121421,2,0,0,2,2
2020-05-30,US,Arkansas,Scott,1,0,0,34.85588887,-94.0632176,5127.0,9.726680284019064,0.0,1,1,0,0,1,1,10319,0,0,0,0,0
2020-05-30,US,Arkansas,Searcy,7,0,0,35.9109364,-92.69936482,5129.0,88.82121558177894,0.0,7,7,0,0,7,7,7958,0,0,0,0,0
2020-05-30,US,Arkansas,Sebastian,38,0,0,35.19605503,-94.27162713,5131.0,29.727678815899612,0.0,38,29,0,0,29,24,127753,9,0,0,9,5
2020-05-30,US,Arkansas,Sevier,170,2,0,33.99780401,-94.2424869,5133.0,999.5884047745047,1.1764705882352942,168,162,2,0,160,131,17139,8,0,0,8,31
2020-05-30,US,Arkansas,Sharp,46,2,0,36.16258158,-91.47819342,5135.0,263.7312234835455,4.3478260869565215,44,46,2,0,44,45,17366,0,0,0,0,1
2020-05-30,US,Arkansas,St. Francis,672,1,0,35.02201976,-90.74828138,5123.0,2688.645274865968,0.1488095238095238,671,664,1,0,663,660,25439,8,0,0,8,4
2020-05-30,US,Arkansas,Stone,9,0,0,35.86251946,-92.15684085,5137.0,71.96545658084119,0.0,9,8,0,0,8,8,12457,1,0,0,1,0
2020-05-30,US,Arkansas,Unassigned,196,0,0,0.0,0.0,90005.0,0.0,0.0,196,193,0,0,193,199,,3,0,0,3,-6
2020-05-30,US,Arkansas,Union,171,8,0,33.16887091,-92.59746952,5139.0,442.0660772452304,4.678362573099415,163,166,8,0,158,164,39126,5,0,0,5,2
2020-05-30,US,Arkansas,Van Buren,28,2,0,35.58095779,-92.51295036,5141.0,169.23541855545486,7.142857142857142,26,28,2,0,26,28,16603,0,0,0,0,0
2020-05-30,US,Arkansas,Washington,452,7,0,35.976844,-94.21800746,5143.0,188.9734810002216,1.5486725663716814,445,410,7,0,403,352,236961,42,0,0,42,58
2020-05-30,US,Arkansas,White,44,1,0,35.25688493,-91.74908296,5145.0,55.87088745825556,2.272727272727273,43,43,1,0,42,43,78727,1,0,0,1,0
2020-05-30,US,Arkansas,Woodruff,1,0,0,35.18902527,-91.2439489,5147.0,15.822784810126587,0.0,1,2,0,0,2,2,6490,-1,0,0,-1,0
2020-05-30,US,Arkansas,Yell,137,1,0,35.00292371,-93.41171338,5149.0,641.9567967761585,0.7299270072992701,136,128,1,0,127,114,21535,9,0,0,9,14
2020-05-30,US,California,Alameda,3289,95,0,37.64629437,-121.8929271,6001.0,196.7895010497634,2.8884159318941927,3194,3195,95,0,3100,3097,1666753,94,0,0,94,98
2020-05-30,US,California,Alpine,2,0,0,38.59678594,-119.82235940000001,6003.0,177.14791851195747,0.0,2,2,0,0,2,2,1101,0,0,0,0,0
2020-05-30,US,California,Amador,10,0,0,38.44583082,-120.65696000000001,6005.0,25.155966995371298,0.0,10,10,0,0,10,10,39383,0,0,0,0,0
2020-05-30,US,California,Butte,44,0,0,39.66727762,-121.6005252,6007.0,20.074274816822246,0.0,44,44,0,0,44,40,231256,0,0,0,0,4
2020-05-30,US,California,Calaveras,15,0,0,38.20537103,-120.55291299999999,6009.0,32.676179065461284,0.0,15,15,0,0,15,15,45602,0,0,0,0,0
2020-05-30,US,California,Colusa,5,0,0,39.17881957,-122.2331726,6011.0,23.205086554972855,0.0,5,5,0,0,5,5,21627,0,0,0,0,0
2020-05-30,US,California,Contra Costa,1426,37,0,37.91923498,-121.9289527,6013.0,123.62096736441137,2.594670406732118,1389,1404,37,0,1367,1384,1150215,22,0,0,22,20
2020-05-30,US,California,Del Norte,45,0,0,41.74228275,-123.89740630000001,6015.0,161.80066158492735,0.0,45,44,0,0,44,44,27828,1,0,0,1,0
2020-05-30,US,California,El Dorado,90,0,0,38.77965956,-120.5233166,6017.0,46.670089139870264,0.0,90,84,0,0,84,84,190678,6,0,0,6,0
2020-05-30,US,California,Fresno,1714,35,0,36.75733899,-119.6466953,6019.0,171.55422725029803,2.0420070011668607,1679,1658,32,0,1626,1658,994400,56,3,0,53,0
2020-05-30,US,California,Glenn,16,0,0,39.59875897,-122.3938452,6021.0,56.351917726200114,0.0,16,14,0,0,14,14,28047,2,0,0,2,0
2020-05-30,US,California,Humboldt,99,3,0,40.69923009,-123.876044,6023.0,73.03146992431284,3.0303030303030303,96,98,3,0,95,98,136373,1,0,0,1,0
2020-05-30,US,California,Imperial,1634,27,0,33.0393082,-115.36690420000001,6025.0,901.6913610904173,1.6523867809057529,1607,1634,27,0,1607,1443,181827,0,0,0,0,191
2020-05-30,US,California,Inyo,20,1,0,36.51112084,-117.41119779999998,6027.0,110.87089084760795,5.0,19,20,1,0,19,19,17987,0,0,0,0,1
2020-05-30,US,California,Kern,2145,38,0,35.34329425,-118.72777959999999,6029.0,238.27985274416187,1.7715617715617715,2107,2076,37,0,2039,2007,896764,69,1,0,68,69
2020-05-30,US,California,Kings,735,3,0,36.07409056,-119.8159973,6031.0,480.580619850922,0.4081632653061225,732,714,3,0,711,704,151366,21,0,0,21,10
2020-05-30,US,California,Lake,21,0,0,39.10124298,-122.75362439999999,6033.0,32.61578604044357,0.0,21,23,0,0,23,23,64382,-2,0,0,-2,0
2020-05-30,US,California,Lassen,5,0,0,40.67311306,-120.59350990000002,6035.0,16.35429954535047,0.0,5,5,0,0,5,5,30802,0,0,0,0,0
2020-05-30,US,California,Los Angeles,53746,2339,0,34.30828379,-118.22824109999999,6037.0,535.3663428430439,4.351951773155212,51407,51678,2294,0,49384,49860,10105518,2068,45,0,2023,1818
2020-05-30,US,California,Madera,104,2,0,37.21513971,-119.76655890000002,6039.0,66.10435589568225,1.9230769230769231,102,98,2,0,96,94,157672,6,0,0,6,4
2020-05-30,US,California,Marin,450,14,0,38.07122463,-122.72106310000001,6041.0,173.8619767720399,3.111111111111111,436,436,14,0,422,436,259666,14,0,0,14,0
2020-05-30,US,California,Mariposa,16,1,0,37.57978556,-119.9073334,6043.0,93.0070336569203,6.25,15,16,1,0,15,16,17471,0,0,0,0,0
2020-05-30,US,California,Mendocino,30,0,0,39.4381191,-123.39113130000001,6045.0,34.582531210734416,0.0,30,30,0,0,30,25,87606,0,0,0,0,5
2020-05-30,US,California,Merced,283,7,0,37.18922369,-120.72090349999999,6047.0,101.9158743877845,2.4734982332155475,276,280,7,0,273,280,274765,3,0,0,3,0
2020-05-30,US,California,Mono,35,1,0,37.93899289,-118.8872409,6051.0,242.3151481584049,2.8571428571428568,34,35,1,0,34,35,14250,0,0,0,0,0
2020-05-30,US,California,Monterey,509,10,0,36.21862405,-121.24133970000001,6053.0,117.26462409661316,1.9646365422396856,499,477,10,0,467,469,435594,32,0,0,32,8
2020-05-30,US,California,Napa,112,3,0,38.50735751,-122.33283899999999,6055.0,81.31025670809619,2.6785714285714284,109,111,3,0,108,111,139417,1,0,0,1,0
2020-05-30,US,California,Nevada,41,1,0,39.30394768,-120.76272809999999,6057.0,41.100696706931984,2.4390243902439024,40,41,1,0,40,41,99696,0,0,0,0,0
2020-05-30,US,California,Orange,6100,146,0,33.70147516,-117.76459979999998,6059.0,192.08411898886916,2.39344262295082,5954,5923,145,0,5778,5744,3185968,177,1,0,176,179
2020-05-30,US,California,Placer,214,9,0,39.06167234,-120.72405690000001,6061.0,53.72443382229263,4.205607476635514,205,199,9,0,190,196,393149,15,0,0,15,3
2020-05-30,US,California,Plumas,4,0,0,40.00355989,-120.8395236,6063.0,21.268676556601264,0.0,4,4,0,0,4,4,18804,0,0,0,0,0
2020-05-30,US,California,Riverside,7486,323,0,33.74314981,-115.9933578,6065.0,303.00994193186443,4.314720812182741,7163,7486,323,0,7163,7341,2450758,0,0,0,0,145
2020-05-30,US,California,Sacramento,1400,56,0,38.45106826,-121.34253740000001,6067.0,90.20281458553741,4.0,1344,1373,56,0,1317,1349,1540975,27,0,0,27,24
2020-05-30,US,California,San Benito,87,2,0,36.60308176,-121.069975,6069.0,138.51738632021394,2.2988505747126435,85,85,2,0,83,85,61537,2,0,0,2,0
2020-05-30,US,California,San Bernardino,5200,204,0,34.84060306,-116.1774685,6071.0,238.52280989044002,3.9230769230769234,4996,5034,199,0,4835,4914,2171603,166,5,0,161,120
2020-05-30,US,California,San Diego,7385,269,0,33.03484597,-116.73653259999999,6073.0,221.21839362795168,3.642518618821936,7116,7100,260,0,6840,7100,3343364,285,9,0,276,0
2020-05-30,US,California,San Francisco,2532,41,0,37.75215114,-122.43856720000001,6075.0,287.2216972624324,1.6192733017377567,2491,2473,41,0,2432,2437,883305,59,0,0,59,36
2020-05-30,US,California,San Joaquin,858,34,0,37.93433732,-121.2730061,6077.0,112.57655993324131,3.962703962703962,824,858,34,0,824,842,752660,0,0,0,0,16
2020-05-30,US,California,San Luis Obispo,269,1,0,35.38822029,-120.4039028,6079.0,95.01573587744736,0.3717472118959108,268,269,1,0,268,268,284010,0,0,0,0,1
2020-05-30,US,California,San Mateo,2104,84,0,37.422880799999994,-122.32755459999998,6081.0,274.46831547680387,3.9923954372623576,2020,2061,84,0,1977,2022,769545,43,0,0,43,39
2020-05-30,US,California,Santa Barbara,1649,12,0,34.65329488,-120.0188492,6083.0,369.3177364339002,0.7277137659187386,1637,1636,12,0,1624,1636,446527,13,0,0,13,0
2020-05-30,US,California,Santa Clara,2731,141,0,37.23104908,-121.6970462,6085.0,141.66025192805256,5.16294397656536,2590,2707,140,0,2567,2701,1937570,24,1,0,23,6
2020-05-30,US,California,Santa Cruz,212,2,0,37.05580291,-122.0066524,6087.0,77.59513639541309,0.9433962264150944,210,206,2,0,204,206,274255,6,0,0,6,0
2020-05-30,US,California,Shasta,37,4,0,40.76391419,-122.0396884,6089.0,20.546423811639272,10.810810810810812,33,37,4,0,33,37,180040,0,0,0,0,0
2020-05-30,US,California,Sierra,1,0,0,39.57713498,-120.52007009999998,6091.0,33.277870216306155,0.0,1,1,0,0,1,1,2987,0,0,0,0,0
2020-05-30,US,California,Siskiyou,7,0,0,41.59198861,-122.54074340000001,6093.0,16.077539677071133,0.0,7,7,0,0,7,6,43724,0,0,0,0,1
2020-05-30,US,California,Solano,517,22,0,38.26827353,-121.9357113,6095.0,115.49381985198026,4.25531914893617,495,509,22,0,487,509,446610,8,0,0,8,0
2020-05-30,US,California,Sonoma,548,4,0,38.52746429,-122.88625060000001,6097.0,110.85577421025377,0.7299270072992701,544,531,4,0,527,530,499942,17,0,0,17,1
2020-05-30,US,California,Stanislaus,699,28,0,37.55862499,-120.9970722,6099.0,126.9385827915592,4.005722460658083,671,683,28,0,655,683,549815,16,0,0,16,0
2020-05-30,US,California,Sutter,43,2,0,39.03417539,-121.6945899,6101.0,44.34315413886626,4.651162790697675,41,42,2,0,40,42,96807,1,0,0,1,0
2020-05-30,US,California,Tehama,4,1,0,40.12570935,-122.23701709999999,6103.0,6.145903755147193,25.0,3,4,1,0,3,4,63916,0,0,0,0,0
2020-05-30,US,California,Trinity,1,0,0,40.64917670000001,-123.114713,6105.0,8.14000814000814,0.0,1,1,0,0,1,1,12535,0,0,0,0,0
2020-05-30,US,California,Tulare,1844,84,0,36.22026558,-118.8020203,6107.0,395.54263773742747,4.55531453362256,1760,1844,84,0,1760,1835,465861,0,0,0,0,9
2020-05-30,US,California,Tuolumne,4,0,0,38.02644018,-119.95250929999999,6109.0,7.342413451301442,0.0,4,4,0,0,4,4,54539,0,0,0,0,0
2020-05-30,US,California,Ventura,1078,33,0,34.44465746,-119.09106129999999,6111.0,127.42226414469873,3.0612244897959178,1045,1062,32,0,1030,1062,850967,16,1,0,15,0
2020-05-30,US,California,Yolo,210,24,0,38.68278902,-121.90182879999999,6113.0,95.23809523809523,11.428571428571427,186,207,23,0,184,207,220408,3,1,0,2,0
2020-05-30,US,California,Yuba,30,1,0,39.26255932,-121.35356440000001,6115.0,38.13494686530737,3.333333333333333,29,29,1,0,28,28,78041,1,0,0,1,1
2020-05-30,US,Colorado,Adams,3224,120,0,39.87432092,-104.3362578,8001.0,623.0902881792583,3.7220843672456576,3104,3142,120,0,3022,3070,511868,82,0,0,82,72
2020-05-30,US,Colorado,Alamosa,74,2,0,37.57250606,-105.7885451,8003.0,455.8615166635866,2.702702702702702,72,65,2,0,63,60,16683,9,0,0,9,5
2020-05-30,US,Colorado,Arapahoe,4353,305,0,39.64977461,-104.3353617,8005.0,662.9708036978936,7.0066620721341595,4048,4254,304,0,3950,4201,651215,99,1,0,98,53
2020-05-30,US,Colorado,Archuleta,8,0,0,37.19474156,-107.0476867,8007.0,57.02473447858009,0.0,8,8,0,0,8,8,13765,0,0,0,0,0
2020-05-30,US,Colorado,Baca,12,0,0,37.31940883,-102.5603223,8009.0,335.1019268360793,0.0,12,12,0,0,12,12,3585,0,0,0,0,0
2020-05-30,US,Colorado,Bent,2,0,0,37.95474293,-103.0720195,8011.0,35.861574323112784,0.0,2,2,0,0,2,2,5882,0,0,0,0,0
2020-05-30,US,Colorado,Boulder,974,64,0,40.09313619,-105.3546767,8013.0,298.5934836723933,6.570841889117043,910,964,63,0,901,956,326078,10,1,0,9,8
2020-05-30,US,Colorado,Broomfield,236,26,0,39.95998787,-105.0566324,8014.0,334.9180444192152,11.016949152542374,210,232,26,0,206,227,69267,4,0,0,4,5
2020-05-30,US,Colorado,Chaffee,72,20,0,38.74745778,-106.19265729999998,8015.0,353.70406759677735,27.777777777777782,52,72,20,0,52,72,20027,0,0,0,0,0
2020-05-30,US,Colorado,Cheyenne,5,0,0,38.82777431,-102.6032558,8017.0,273.07482250136536,0.0,5,5,0,0,5,5,1876,0,0,0,0,0
2020-05-30,US,Colorado,Clear Creek,16,1,0,39.68864463,-105.6463118,8019.0,164.94845360824743,6.25,15,16,1,0,15,16,9605,0,0,0,0,0
2020-05-30,US,Colorado,Conejos,1,0,0,37.201606,-106.19174879999998,8021.0,12.187690432663011,0.0,1,1,0,0,1,1,8200,0,0,0,0,0
2020-05-30,US,Colorado,Costilla,6,0,0,37.27732493,-105.4276548,8023.0,154.36068947774638,0.0,6,5,0,0,5,5,3828,1,0,0,1,0
2020-05-30,US,Colorado,Crowley,64,1,0,38.32608609,-103.7844965,8025.0,1055.93136446131,1.5625,63,63,1,0,62,63,5858,1,0,0,1,0
2020-05-30,US,Colorado,Custer,2,0,0,38.10883162,-105.3683478,8027.0,39.463299131807425,0.0,2,2,0,0,2,2,4954,0,0,0,0,0
2020-05-30,US,Colorado,Delta,69,1,0,38.86246243,-107.8631342,8029.0,221.42352865669727,1.4492753623188406,68,68,1,0,67,67,30953,1,0,0,1,1
2020-05-30,US,Colorado,Denver,5690,327,0,39.76018276,-104.8725695,8031.0,782.4414097146497,5.746924428822496,5363,5569,326,0,5243,5434,716492,121,1,0,120,135
2020-05-30,US,Colorado,Douglas,715,45,0,39.33133796,-104.930001,8035.0,203.6143686245921,6.293706293706293,670,705,45,0,660,699,342776,10,0,0,10,6
2020-05-30,US,Colorado,Eagle,587,8,0,39.62754308,-106.6933637,8037.0,1064.8139750031744,1.3628620102214652,579,586,8,0,578,584,54993,1,0,0,1,2
2020-05-30,US,Colorado,El Paso,1717,88,0,38.83240149,-104.5251411,8041.0,238.3388186889838,5.125218404193362,1629,1674,88,0,1586,1636,713856,43,0,0,43,38
2020-05-30,US,Colorado,Elbert,52,2,0,39.28656773,-104.1358721,8039.0,194.54525047701,3.8461538461538463,50,52,2,0,50,51,26282,0,0,0,0,1
2020-05-30,US,Colorado,Fremont,26,0,0,38.47362326,-105.4399667,8043.0,54.34896214385753,0.0,26,26,0,0,26,26,48021,0,0,0,0,0
2020-05-30,US,Colorado,Garfield,138,2,0,39.59921777,-107.902708,8045.0,229.76640415577492,1.4492753623188406,136,137,2,0,135,135,59770,1,0,0,1,2
2020-05-30,US,Colorado,Gilpin,3,0,0,39.85646523,-105.5252597,8047.0,48.05382027871216,0.0,3,3,0,0,3,3,6121,0,0,0,0,0
2020-05-30,US,Colorado,Grand,14,0,0,40.10603347,-106.1178042,8049.0,88.97928053896021,0.0,14,12,0,0,12,10,15525,2,0,0,2,2
2020-05-30,US,Colorado,Gunnison,177,6,0,38.66611652,-107.0320729,8051.0,1013.6295956935057,3.3898305084745757,171,177,6,0,171,177,17246,0,0,0,0,0
2020-05-30,US,Colorado,Hinsdale,3,0,0,37.82247444,-107.3004345,8053.0,365.8536585365854,0.0,3,3,0,0,3,3,811,0,0,0,0,0
2020-05-30,US,Colorado,Huerfano,3,0,0,37.68473101,-104.9612585,8055.0,43.497172683775545,0.0,3,3,0,0,3,3,6889,0,0,0,0,0
2020-05-30,US,Colorado,Jefferson,2196,171,0,39.58635604,-105.2517692,8059.0,376.7492850170103,7.786885245901638,2025,2171,169,0,2002,2123,580233,25,2,0,23,48
2020-05-30,US,Colorado,Kit Carson,26,3,0,39.30497777,-102.6022199,8063.0,366.3519797097365,11.538461538461537,23,26,3,0,23,26,7163,0,0,0,0,0
2020-05-30,US,Colorado,La Plata,80,1,0,37.28632032,-107.8429014,8067.0,142.2955835008271,1.25,79,80,1,0,79,77,56310,0,0,0,0,3
2020-05-30,US,Colorado,Lake,29,0,0,39.20278823,-106.3555697,8065.0,356.8352405561708,0.0,29,29,0,0,29,27,7824,0,0,0,0,2
2020-05-30,US,Colorado,Larimer,576,27,0,40.66671597,-105.4625784,8069.0,161.39019722666637,4.6875,549,570,27,0,543,567,350518,6,0,0,6,3
2020-05-30,US,Colorado,Las Animas,5,0,0,37.3153406,-104.0376458,8071.0,34.46849579484351,0.0,5,5,0,0,5,5,14503,0,0,0,0,0
2020-05-30,US,Colorado,Lincoln,3,0,0,38.98749519,-103.5136649,8073.0,52.62234695667427,0.0,3,3,0,0,3,3,5610,0,0,0,0,0
2020-05-30,US,Colorado,Logan,602,3,0,40.7249637,-103.110817,8075.0,2686.4206345664693,0.4983388704318937,599,601,3,0,598,585,21528,1,0,0,1,16
2020-05-30,US,Colorado,Mesa,54,0,0,39.01787888,-108.469799,8077.0,35.01718435899099,0.0,54,54,0,0,54,53,153207,0,0,0,0,1
2020-05-30,US,Colorado,Mineral,2,0,0,37.66954283,-106.9281698,8079.0,260.0780234070221,0.0,2,2,0,0,2,2,776,0,0,0,0,0
2020-05-30,US,Colorado,Moffat,7,0,0,40.61810999,-108.2070876,8081.0,52.69893849281036,0.0,7,7,0,0,7,7,13188,0,0,0,0,0
2020-05-30,US,Colorado,Montezuma,43,3,0,37.33859579,-108.5958857,8083.0,164.22869801015923,6.9767441860465125,40,39,3,0,36,37,26158,4,0,0,4,2
2020-05-30,US,Colorado,Montrose,169,12,0,38.40214114,-108.26390220000002,8085.0,395.24767295009116,7.100591715976331,157,168,12,0,156,163,42214,1,0,0,1,5
2020-05-30,US,Colorado,Morgan,628,43,0,40.26279810000001,-103.8093302,8087.0,2160.451355442411,6.847133757961784,585,623,42,0,581,620,28558,5,1,0,4,3
2020-05-30,US,Colorado,Otero,18,1,0,37.9014485,-103.7173385,8089.0,98.4790458474669,5.5555555555555545,17,18,1,0,17,18,18432,0,0,0,0,0
2020-05-30,US,Colorado,Ouray,8,1,0,38.14717457,-107.7675136,8091.0,161.55088852988692,12.5,7,8,1,0,7,8,4833,0,0,0,0,0
2020-05-30,US,Colorado,Park,23,0,0,39.120926,-105.7182065,8093.0,122.04828867073496,0.0,23,23,0,0,23,23,18556,0,0,0,0,0
2020-05-30,US,Colorado,Phillips,13,0,0,40.59414277,-102.3577703,8095.0,304.8065650644783,0.0,13,13,0,0,13,12,4286,0,0,0,0,1
2020-05-30,US,Colorado,Pitkin,58,2,0,39.21720112,-106.9310027,8097.0,326.44790904485836,3.4482758620689653,56,57,2,0,55,57,17950,1,0,0,1,0
2020-05-30,US,Colorado,Prowers,13,0,0,37.95544985,-102.3926052,8099.0,106.80249753532698,0.0,13,13,0,0,13,13,12164,0,0,0,0,0
2020-05-30,US,Colorado,Pueblo,289,16,0,38.17359144,-104.5127437,8101.0,171.5907471619247,5.536332179930795,273,281,16,0,265,278,167529,8,0,0,8,3
2020-05-30,US,Colorado,Rio Blanco,1,0,0,39.97913541,-108.2179009,8103.0,15.812776723592664,0.0,1,1,0,0,1,1,6336,0,0,0,0,0
2020-05-30,US,Colorado,Rio Grande,23,0,0,37.5836865,-106.3847838,8105.0,204.13597230851158,0.0,23,16,0,0,16,14,11250,7,0,0,7,2
2020-05-30,US,Colorado,Routt,61,6,0,40.48596505,-106.9905548,8107.0,237.9280755129105,9.836065573770492,55,61,6,0,55,61,25733,0,0,0,0,0
2020-05-30,US,Colorado,Saguache,79,1,0,38.08054629,-106.282466,8109.0,1157.6787807737398,1.2658227848101269,78,48,1,0,47,33,6843,31,0,0,31,15
2020-05-30,US,Colorado,San Juan,1,0,0,37.76248981,-107.67632890000002,8111.0,137.36263736263737,0.0,1,1,0,0,1,1,762,0,0,0,0,0
2020-05-30,US,Colorado,San Miguel,23,0,0,38.00450883,-108.4020725,8113.0,281.2079716346741,0.0,23,23,0,0,23,23,8191,0,0,0,0,0
2020-05-30,US,Colorado,Summit,224,2,0,39.63803232,-106.1150762,8117.0,722.3243365257489,0.8928571428571429,222,219,2,0,217,213,31007,5,0,0,5,6
2020-05-30,US,Colorado,Teller,32,2,0,38.88133511,-105.1614893,8119.0,126.04380022057664,6.25,30,32,2,0,30,32,25083,0,0,0,0,0
2020-05-30,US,Colorado,Washington,40,0,0,39.97015535,-103.202587,8121.0,814.9959250203749,0.0,40,40,0,0,40,33,4909,0,0,0,0,7
2020-05-30,US,Colorado,Weld,2480,131,0,40.55499405,-104.3929621,8123.0,764.2715382813752,5.282258064516129,2349,2472,130,0,2342,2444,314305,8,1,0,7,28
2020-05-30,US,Colorado,Yuma,35,0,0,40.00346839,-102.4258673,8125.0,349.3362611039026,0.0,35,36,0,0,36,20,10020,-1,0,0,-1,16
2020-05-30,US,Connecticut,Fairfield,15502,1267,0,41.26809896,-73.3881171,9001.0,1643.3238774895794,8.173138949812927,14235,15409,1257,0,14152,15353,943823,93,10,0,83,56
2020-05-30,US,Connecticut,Hartford,10207,1238,0,41.80283011,-72.73103891,9003.0,1144.641815816624,12.12893112569805,8969,10146,1222,0,8924,10078,892697,61,16,0,45,68
2020-05-30,US,Connecticut,Litchfield,1381,131,0,41.7937534,-73.2451475,9005.0,765.8054820803735,9.485879797248373,1250,1375,130,0,1245,1366,181111,6,1,0,5,9
2020-05-30,US,Connecticut,Middlesex,1104,150,0,41.45949668,-72.53714864,9007.0,679.6522938264918,13.58695652173913,954,1090,146,0,944,1082,162682,14,4,0,10,8
2020-05-30,US,Connecticut,New Haven,11309,966,0,41.408032500000004,-72.93620426,9009.0,1323.0660877886933,8.54186930763109,10343,11241,957,0,10284,11198,857620,68,9,0,59,43
2020-05-30,US,Connecticut,New London,1076,89,0,41.48896435,-72.10430976,9011.0,405.722344140027,8.271375464684015,987,1068,85,0,983,1067,266784,8,4,0,4,1
2020-05-30,US,Connecticut,Tolland,833,57,0,41.85853803,-72.3308481,9013.0,552.6768001804659,6.842737094837935,776,827,57,0,770,822,150921,6,0,0,6,5
2020-05-30,US,Connecticut,Unassigned,229,0,0,0.0,0.0,90009.0,0.0,0.0,229,226,0,0,226,218,,3,0,0,3,8
2020-05-30,US,Connecticut,Windham,381,14,0,41.82972709,-71.98182316,9015.0,326.2489082221575,3.674540682414698,367,380,14,0,366,375,117027,1,0,0,1,5
2020-05-30,US,Delaware,Kent,1432,63,0,39.08646628,-75.56884914,10001.0,792.0967331541159,4.399441340782123,1369,1401,62,0,1339,1392,178550,31,1,0,30,9
2020-05-30,US,Delaware,New Castle,3723,166,0,39.57992638,-75.64054974,10003.0,666.3051473549135,4.458769809293582,3557,3629,163,0,3466,3575,559335,94,3,0,91,54
2020-05-30,US,Delaware,Sussex,4215,132,0,38.66143781,-75.39031349,10005.0,1799.5517130963815,3.1316725978647684,4083,4155,131,0,4024,4151,229286,60,1,0,59,4
2020-05-30,US,Delaware,Unassigned,52,0,0,0.0,0.0,90010.0,0.0,0.0,52,51,0,0,51,53,,1,0,0,1,-2
2020-05-30,US,District of Columbia,District of Columbia,8717,462,0,38.90417773,-77.01655992,11001.0,1235.1416721809028,5.299988528163358,8255,8538,460,0,8078,8492,702455,179,2,0,177,46
2020-05-30,US,Florida,Alachua,379,7,0,29.67866525,-82.35928158,12001.0,140.86967510769654,1.8469656992084436,372,378,7,0,371,372,269956,1,0,0,1,6
2020-05-30,US,Florida,Baker,29,3,0,30.33060121,-82.28467476,12003.0,99.28106812735365,10.344827586206897,26,28,3,0,25,28,28355,1,0,0,1,0
2020-05-30,US,Florida,Bay,97,3,0,30.26548745,-85.62122584,12005.0,55.522165936864994,3.0927835051546397,94,98,3,0,95,97,185287,-1,0,0,-1,1
2020-05-30,US,Florida,Bradford,51,2,0,29.95079741,-82.16611613,12007.0,180.8446508989043,3.92156862745098,49,51,2,0,49,51,27732,0,0,0,0,0
2020-05-30,US,Florida,Brevard,420,12,0,28.29409504,-80.73091022,12009.0,69.77416428825369,2.8571428571428568,408,409,12,0,397,401,596849,11,0,0,11,8
2020-05-30,US,Florida,Broward,7067,313,0,26.15184651,-80.48725556,12011.0,361.8946956592096,4.429036366209141,6754,6975,308,0,6667,6870,1951260,92,5,0,87,105
2020-05-30,US,Florida,Calhoun,56,4,0,30.40666734,-85.19394153,12013.0,397.02233250620355,7.142857142857142,52,53,4,0,49,52,14587,3,0,0,3,1
2020-05-30,US,Florida,Charlotte,450,63,0,26.90131002,-81.92949121,12015.0,238.20867079561694,14.0,387,446,62,0,384,438,184998,4,1,0,3,8
2020-05-30,US,Florida,Citrus,121,12,0,28.84804315,-82.47614748,12017.0,80.85154720460788,9.917355371900827,109,120,12,0,108,119,147929,1,0,0,1,1
2020-05-30,US,Florida,Clay,380,28,0,29.98319144,-81.85609986,12019.0,173.31654899385182,7.36842105263158,352,374,28,0,346,369,216072,6,0,0,6,5
2020-05-30,US,Florida,Collier,1514,49,0,26.11091986,-81.34687065,12021.0,393.34687790658404,3.2364597093791283,1465,1454,49,0,1405,1401,378488,60,0,0,60,53
2020-05-30,US,Florida,Columbia,144,2,0,30.22509788,-82.62160164,12023.0,200.876042741958,1.3888888888888888,142,140,2,0,138,136,70503,4,0,0,4,4
2020-05-30,US,Florida,DeSoto,173,7,0,27.18677893,-81.80941373,12027.0,455.25117760058953,4.0462427745664735,166,171,8,0,163,132,37489,2,-1,0,3,39
2020-05-30,US,Florida,Dixie,49,2,0,29.60631086,-83.15724673,12029.0,291.215975276358,4.081632653061225,47,49,2,0,47,46,16700,0,0,0,0,3
2020-05-30,US,Florida,Duval,1608,48,0,30.33225875,-81.66976468,12031.0,167.89262389650796,2.985074626865672,1560,1561,47,0,1514,1523,950181,47,1,0,46,38
2020-05-30,US,Florida,Escambia,810,33,0,30.67652764,-87.37284571,12033.0,254.46411741791172,4.0740740740740735,777,791,33,0,758,784,315534,19,0,0,19,7
2020-05-30,US,Florida,Flagler,185,4,0,29.45933576,-81.31508595,12035.0,160.75633684100762,2.1621621621621623,181,182,4,0,178,179,112067,3,0,0,3,3
2020-05-30,US,Florida,Franklin,2,0,0,29.83791238,-84.82731662,12037.0,16.49484536082474,0.0,2,2,0,0,2,2,11736,0,0,0,0,0
2020-05-30,US,Florida,Gadsden,269,2,0,30.57796289,-84.61915825,12039.0,589.1371003066141,0.7434944237918215,267,269,2,0,267,268,45894,0,0,0,0,1
2020-05-30,US,Florida,Gilchrist,13,0,0,29.72856978,-82.79880657,12041.0,69.9601765149069,0.0,13,12,0,0,12,12,18256,1,0,0,1,0
2020-05-30,US,Florida,Glades,29,1,0,26.95635849,-81.18996211,12043.0,209.97755412352475,3.4482758620689653,28,27,1,0,26,24,13724,2,0,0,2,3
2020-05-30,US,Florida,Gulf,1,0,0,29.93543004,-85.24270990000002,12045.0,7.331915829606276,0.0,1,1,0,0,1,1,16164,0,0,0,0,0
2020-05-30,US,Florida,Hamilton,230,0,0,30.49673973,-82.94998918,12047.0,1594.1225395065148,0.0,230,221,0,0,221,209,14310,9,0,0,9,12
2020-05-30,US,Florida,Hardee,93,0,0,27.49293939,-81.80956574,12049.0,345.2500278427442,0.0,93,91,0,0,91,88,27245,2,0,0,2,3
2020-05-30,US,Florida,Hendry,405,14,0,26.55386945,-81.16469006,12051.0,963.7808766836418,3.45679012345679,391,387,14,0,373,354,41556,18,0,0,18,33
2020-05-30,US,Florida,Hernando,113,5,0,28.55364461,-82.42700204,12053.0,58.27145214521453,4.424778761061948,108,113,5,0,108,113,190865,0,0,0,0,0
2020-05-30,US,Florida,Highlands,127,9,0,27.34254618,-81.34071957,12055.0,119.56204516997579,7.086614173228346,118,120,9,0,111,119,105424,7,0,0,7,1
2020-05-30,US,Florida,Hillsborough,2129,81,0,27.9276559,-82.32013172,12057.0,144.636296441227,3.8046031000469696,2048,2069,79,0,1990,2019,1436888,60,2,0,58,50
2020-05-30,US,Florida,Holmes,19,0,0,30.86747479,-85.81319222,12059.0,96.85476882295968,0.0,19,19,0,0,19,18,19477,0,0,0,0,1
2020-05-30,US,Florida,Indian River,126,10,0,27.69308961,-80.60556721,12061.0,78.78791668490463,7.936507936507938,116,122,9,0,113,120,157413,4,1,0,3,2
2020-05-30,US,Florida,Jackson,249,1,0,30.795459700000002,-85.21500423,12063.0,536.476063256776,0.4016064257028112,248,248,1,0,247,241,48305,1,0,0,1,7
2020-05-30,US,Florida,Jefferson,29,3,0,30.43669112,-83.89442308,12065.0,203.56591323880392,10.344827586206897,26,29,3,0,26,29,14288,0,0,0,0,0
2020-05-30,US,Florida,Lafayette,8,0,0,29.98484137,-83.18166636,12067.0,94.9893137022085,0.0,8,8,0,0,8,8,8732,0,0,0,0,0
2020-05-30,US,Florida,Lake,298,15,0,28.76202069,-81.7125123,12069.0,81.17281092182895,5.033557046979865,283,291,15,0,276,280,356495,7,0,0,7,11
2020-05-30,US,Florida,Lee,1894,105,0,26.58410348,-81.88399313,12071.0,245.78984319542369,5.543822597676876,1789,1847,101,0,1746,1802,754610,47,4,0,43,45
2020-05-30,US,Florida,Leon,406,6,0,30.45955727,-84.27491114,12073.0,138.29185713020553,1.477832512315271,400,401,6,0,395,379,292502,5,0,0,5,22
2020-05-30,US,Florida,Levy,31,1,0,29.31829741,-82.74007147,12075.0,74.69339565814519,3.2258064516129035,30,31,0,0,31,30,40770,0,1,0,-1,1
2020-05-30,US,Florida,Liberty,213,0,0,30.23766008,-84.8829258,12077.0,2549.6768015322,0.0,213,213,0,0,213,209,8457,0,0,0,0,4
2020-05-30,US,Florida,Madison,69,4,0,30.44396917,-83.47398594,12079.0,373.1141513004921,5.797101449275362,65,69,4,0,65,69,18529,0,0,0,0,0
2020-05-30,US,Florida,Manatee,1037,97,0,27.47196942,-82.31831044,12081.0,257.15865722015707,9.353905496624881,940,1022,96,0,926,1007,394855,15,1,0,14,15
2020-05-30,US,Florida,Marion,244,7,0,29.21227113,-82.05803627,12083.0,66.74343985841638,2.8688524590163933,237,243,6,0,237,241,359977,1,1,0,0,2
2020-05-30,US,Florida,Martin,626,9,0,27.0772071,-80.43109784,12085.0,388.81987577639745,1.437699680511182,617,601,9,0,592,557,160912,25,0,0,25,44
2020-05-30,US,Florida,Miami-Dade,17826,700,0,25.6112362,-80.55170587,12086.0,656.1057660456248,3.9268484236508465,17126,17641,685,0,16956,17396,2761581,185,15,0,170,245
2020-05-30,US,Florida,Monroe,108,4,0,25.20904673,-81.07812416,12087.0,145.49765587109982,3.703703703703704,104,108,4,0,104,107,75027,0,0,0,0,1
2020-05-30,US,Florida,Nassau,75,1,0,30.61037141,-81.80297522,12089.0,84.62623413258109,1.3333333333333333,74,74,1,0,73,74,85832,1,0,0,1,0
2020-05-30,US,Florida,Okaloosa,212,6,0,30.69143028,-86.59267105,12091.0,100.5988478584783,2.830188679245283,206,207,6,0,201,199,207269,5,0,0,5,8
2020-05-30,US,Florida,Okeechobee,76,0,0,27.386336199999995,-80.88944347,12093.0,180.23145513185355,0.0,76,70,0,0,70,68,41537,6,0,0,6,2
2020-05-30,US,Florida,Orange,1976,41,0,28.51367621,-81.31799498,12095.0,141.80610455186113,2.074898785425101,1935,1945,41,0,1904,1902,1380645,31,0,0,31,43
2020-05-30,US,Florida,Osceola,698,19,0,28.06312234,-81.14882926,12097.0,185.76131533914744,2.722063037249284,679,688,19,0,669,674,367990,10,0,0,10,14
2020-05-30,US,Florida,Palm Beach,5898,337,0,26.64676272,-80.46536002,12099.0,394.0485178083473,5.713801288572397,5561,5765,335,0,5430,5541,1485941,133,2,0,131,224
2020-05-30,US,Florida,Pasco,381,13,0,28.30810945,-82.40227529,12101.0,68.77914313102157,3.4120734908136483,368,377,13,0,364,375,539630,4,0,0,4,2
2020-05-30,US,Florida,Pinellas,1262,82,0,27.93130349,-82.72239666,12103.0,129.4364284571424,6.497622820919176,1180,1238,82,0,1156,1218,975280,24,0,0,24,20
2020-05-30,US,Florida,Polk,1005,55,0,27.95027105,-81.69732947,12105.0,138.6633405861389,5.472636815920398,950,977,55,0,922,939,708009,28,0,0,28,38
2020-05-30,US,Florida,Putnam,150,5,0,29.60779729,-81.74230285,12107.0,201.28554367225345,3.333333333333333,145,149,5,0,144,149,74163,1,0,0,1,0
2020-05-30,US,Florida,Santa Rosa,242,9,0,30.69341450000001,-87.02458128,12113.0,131.2983891532339,3.71900826446281,233,240,9,0,231,237,179349,2,0,0,2,3
2020-05-30,US,Florida,Sarasota,629,77,0,27.18546175,-82.33174248,12115.0,145.01708388857892,12.241653418124006,552,622,77,0,545,611,426718,7,0,0,7,11
2020-05-30,US,Florida,Seminole,484,12,0,28.7158582,-81.24060348,12117.0,102.5801884593049,2.479338842975207,472,481,12,0,469,474,467832,3,0,0,3,7
2020-05-30,US,Florida,St. Johns,256,6,0,29.90096506,-81.43589967,12109.0,96.72349171805101,2.34375,250,252,6,0,246,247,254261,4,0,0,4,5
2020-05-30,US,Florida,St. Lucie,463,30,0,27.37763908,-80.47106649,12111.0,141.03083488426637,6.479481641468682,433,449,30,0,419,424,321128,14,0,0,14,25
2020-05-30,US,Florida,Sumter,253,17,0,28.70181754,-82.0794267,12119.0,191.058752454312,6.7193675889328075,236,253,17,0,236,253,128754,0,0,0,0,0
2020-05-30,US,Florida,Suwannee,167,18,0,30.19746066,-82.99099670000003,12121.0,375.9821689893509,10.778443113772457,149,166,18,0,148,166,44191,1,0,0,1,0
2020-05-30,US,Florida,Taylor,20,0,0,30.04848048,-83.60445406,12123.0,92.7256711020446,0.0,20,19,0,0,19,16,21623,1,0,0,1,3
2020-05-30,US,Florida,Unassigned,84,0,0,0.0,0.0,90012.0,0.0,0.0,84,83,0,0,83,86,,1,0,0,1,-3
2020-05-30,US,Florida,Union,31,1,0,30.04412971,-82.37497443,12125.0,203.45212312134936,3.2258064516129035,30,31,1,0,30,31,14940,0,0,0,0,0
2020-05-30,US,Florida,Volusia,730,38,0,29.05858895,-81.18263252,12127.0,131.93947412178915,5.205479452054795,692,725,37,0,688,709,547538,5,1,0,4,16
2020-05-30,US,Florida,Wakulla,34,1,0,30.16548905,-84.39895211,12129.0,100.77358546489228,2.9411764705882355,33,33,1,0,32,32,32461,1,0,0,1,1
2020-05-30,US,Florida,Walton,114,9,0,30.64204028,-86.16935664,12131.0,153.90638711506531,7.894736842105262,105,114,9,0,105,109,71375,0,0,0,0,5
2020-05-30,US,Florida,Washington,57,4,0,30.61359259,-85.66002461,12133.0,223.76634083146863,7.0175438596491215,53,54,4,0,50,51,24880,3,0,0,3,3
2020-05-30,US,Georgia,Appling,156,13,0,31.74847232,-82.28909114,13001.0,848.4716632220168,8.333333333333334,143,156,13,0,143,148,18507,0,0,0,0,8
2020-05-30,US,Georgia,Atkinson,47,2,0,31.29633502,-82.87545866,13003.0,575.6276791181874,4.25531914893617,45,46,2,0,44,41,8297,1,0,0,1,5
2020-05-30,US,Georgia,Bacon,108,3,0,31.55456473,-82.45936528,13005.0,967.3951988534576,2.7777777777777777,105,92,3,0,89,91,11185,16,0,0,16,1
2020-05-30,US,Georgia,Baker,34,2,0,31.32669878,-84.44218806,13007.0,1119.1573403554974,5.882352941176472,32,34,2,0,32,34,3092,0,0,0,0,0
2020-05-30,US,Georgia,Baldwin,343,26,0,33.06882326,-83.24701748,13009.0,764.0899977723323,7.580174927113703,317,348,26,0,322,342,44823,-5,0,0,-5,6
2020-05-30,US,Georgia,Banks,88,1,0,34.35607081,-83.49644388,13011.0,457.52313611313303,1.1363636363636365,87,92,0,0,92,92,18988,-4,1,0,-5,0
2020-05-30,US,Georgia,Barrow,326,14,0,33.99148694,-83.71436292,13013.0,391.63863527150414,4.294478527607362,312,325,13,0,312,321,80809,1,1,0,0,4
2020-05-30,US,Georgia,Bartow,478,39,0,34.23732119,-84.83887523,13015.0,443.66890048079597,8.158995815899582,439,477,38,0,439,469,106408,1,1,0,0,8
2020-05-30,US,Georgia,Ben Hill,74,1,0,31.76095874,-83.22145359,13017.0,443.1137724550898,1.351351351351351,73,72,1,0,71,71,16787,2,0,0,2,1
2020-05-30,US,Georgia,Berrien,46,0,0,31.27590016,-83.22529920000002,13019.0,237.1500747538279,0.0,46,46,0,0,46,42,19252,0,0,0,0,4
2020-05-30,US,Georgia,Bibb,454,27,0,32.80904227,-83.70489165,13021.0,296.42397769638086,5.9471365638766525,427,451,27,0,424,444,153095,3,0,0,3,7
2020-05-30,US,Georgia,Bleckley,45,0,0,32.43829035,-83.33035166,13023.0,349.56886506641814,0.0,45,45,0,0,45,45,12838,0,0,0,0,0
2020-05-30,US,Georgia,Brantley,56,2,0,31.19576557,-81.97743999,13025.0,293.055628238003,3.571428571428572,54,54,2,0,52,51,18897,2,0,0,2,3
2020-05-30,US,Georgia,Brooks,68,8,0,30.83922642,-83.58303423,13027.0,439.9301287442583,11.764705882352944,60,69,9,0,60,69,15513,-1,-1,0,0,0
2020-05-30,US,Georgia,Bryan,74,5,0,32.00979311,-81.44002948,13029.0,186.74136321195144,6.756756756756758,69,74,5,0,69,74,38109,0,0,0,0,0
2020-05-30,US,Georgia,Bulloch,60,2,0,32.39577406,-81.74811421,13031.0,75.3693096171239,3.333333333333333,58,60,2,0,58,60,77296,0,0,0,0,0
2020-05-30,US,Georgia,Burke,121,5,0,33.05917989,-81.99928721,13033.0,540.5888397444488,4.132231404958676,116,121,5,0,116,121,22423,0,0,0,0,0
2020-05-30,US,Georgia,Butts,229,22,0,33.283094500000004,-83.95435040000002,13035.0,918.3509785049727,9.60698689956332,207,229,22,0,207,223,24193,0,0,0,0,6
2020-05-30,US,Georgia,Calhoun,132,5,0,31.53169785,-84.62725131,13037.0,2132.8162869607368,3.787878787878788,127,131,5,0,126,130,6352,1,0,0,1,1
2020-05-30,US,Georgia,Camden,61,1,0,30.92951916,-81.66601818,13039.0,111.58672666739838,1.639344262295082,60,62,1,0,61,62,53677,-1,0,0,-1,0
2020-05-30,US,Georgia,Candler,13,0,0,32.40209349,-82.07702563,13043.0,120.33694344163658,0.0,13,13,0,0,13,13,10836,0,0,0,0,0
2020-05-30,US,Georgia,Carroll,518,24,0,33.58138199,-85.07976677,13045.0,431.6954463630909,4.633204633204633,494,519,25,0,494,516,118121,-1,-1,0,0,3
2020-05-30,US,Georgia,Catoosa,133,0,0,34.89872298,-85.13757014,13047.0,196.80378810298905,0.0,133,129,0,0,129,119,67420,4,0,0,4,10
2020-05-30,US,Georgia,Charlton,32,1,0,30.78371028,-82.13951596,13049.0,238.94862604540023,3.125,31,33,1,0,32,33,12968,-1,0,0,-1,0
2020-05-30,US,Georgia,Chatham,501,24,0,32.00043026,-81.12489526,13051.0,173.0988494627371,4.790419161676646,477,491,24,0,467,477,289195,10,0,0,10,14
2020-05-30,US,Georgia,Chattahoochee,43,0,0,32.34341231,-84.78809239,13053.0,394.2422297607042,0.0,43,39,0,0,39,33,10684,4,0,0,4,6
2020-05-30,US,Georgia,Chattooga,24,2,0,34.47197698,-85.34535662,13055.0,96.81713663318408,8.333333333333334,22,24,2,0,22,24,24790,0,0,0,0,0
2020-05-30,US,Georgia,Cherokee,890,33,0,34.24393976,-84.47431861,13057.0,343.93078103202413,3.707865168539326,857,885,32,0,853,869,254149,5,1,0,4,16
2020-05-30,US,Georgia,Clarke,283,13,0,33.95436462,-83.37124007,13059.0,220.5234900374812,4.593639575971731,270,279,13,0,266,270,127330,4,0,0,4,9
2020-05-30,US,Georgia,Clay,39,2,0,31.62221166,-84.97713865,13061.0,1376.1467889908256,5.128205128205129,37,39,2,0,37,37,2887,0,0,0,0,2
2020-05-30,US,Georgia,Clayton,1216,45,0,33.54187245,-84.35594188,13063.0,416.0735793277127,3.700657894736842,1171,1217,45,0,1172,1204,289615,-1,0,0,-1,13
2020-05-30,US,Georgia,Clinch,59,2,0,30.91395822,-82.70432472,13065.0,891.5080084617709,3.3898305084745757,57,58,2,0,56,58,6648,1,0,0,1,0
2020-05-30,US,Georgia,Cobb,3009,171,0,33.94243204,-84.5761255,13067.0,395.847612482421,5.682951146560319,2838,2987,170,0,2817,2948,756865,22,1,0,21,39
2020-05-30,US,Georgia,Coffee,268,15,0,31.54892966,-82.85492059999999,13069.0,619.3238277910012,5.597014925373133,253,265,15,0,250,261,43093,3,0,0,3,4
2020-05-30,US,Georgia,Colquitt,465,14,0,31.18810588,-83.7677946,13071.0,1019.7368421052632,3.010752688172043,451,461,14,0,447,461,45592,4,0,0,4,0
2020-05-30,US,Georgia,Columbia,248,7,0,33.54534185,-82.263524,13073.0,158.25006061998292,2.8225806451612905,241,248,7,0,241,243,154291,0,0,0,0,5
2020-05-30,US,Georgia,Cook,48,2,0,31.16068491,-83.42947229,13075.0,277.9386218876665,4.166666666666667,46,48,2,0,46,48,17162,0,0,0,0,0
2020-05-30,US,Georgia,Coweta,415,8,0,33.35334302,-84.76129976,13077.0,279.4443434404649,1.9277108433734942,407,414,8,0,406,403,145864,1,0,0,1,11
2020-05-30,US,Georgia,Crawford,28,0,0,32.71391813,-83.98061238,13079.0,225.73363431151242,0.0,28,28,0,0,28,28,12318,0,0,0,0,0
2020-05-30,US,Georgia,Crisp,232,7,0,31.92289565,-83.76811843,13081.0,1037.0105489004113,3.0172413793103448,225,231,7,0,224,228,22601,1,0,0,1,3
2020-05-30,US,Georgia,Dade,28,1,0,34.854916700000004,-85.50490424,13083.0,173.7403822288409,3.571428571428572,27,28,1,0,27,28,16226,0,0,0,0,0
2020-05-30,US,Georgia,Dawson,109,1,0,34.44244079,-84.16964071,13085.0,417.49655278075693,0.9174311926605504,108,109,1,0,108,108,25083,0,0,0,0,1
2020-05-30,US,Georgia,DeKalb,3731,112,0,33.76944049,-84.22396017,13089.0,491.3755750384896,3.00187617260788,3619,3718,112,0,3606,3635,756558,13,0,0,13,83
2020-05-30,US,Georgia,Decatur,186,4,0,30.87967778,-84.57619536,13087.0,704.4387214058477,2.150537634408602,182,185,4,0,181,181,26575,1,0,0,1,4
2020-05-30,US,Georgia,Dodge,51,2,0,32.17265114,-83.16948926,13091.0,247.51273962630432,3.92156862745098,49,51,2,0,49,51,20705,0,0,0,0,0
2020-05-30,US,Georgia,Dooly,179,12,0,32.15630737,-83.79746561,13093.0,1336.8185212845408,6.70391061452514,167,179,12,0,167,177,13706,0,0,0,0,2
2020-05-30,US,Georgia,Dougherty,1770,145,0,31.53328528,-84.21722377,13095.0,2012.3698212742734,8.192090395480227,1625,1764,144,0,1620,1764,91243,6,1,0,5,0
2020-05-30,US,Georgia,Douglas,539,25,0,33.70291126,-84.77026156,13097.0,368.31279938227317,4.638218923933209,514,539,24,0,515,528,145331,0,1,0,-1,11
2020-05-30,US,Georgia,Early,238,31,0,31.32155345,-84.90255207,13099.0,2335.623159960746,13.025210084033613,207,238,31,0,207,238,10247,0,0,0,0,0
2020-05-30,US,Georgia,Echols,110,0,0,30.71101099,-82.89687287,13101.0,2745.881178232651,0.0,110,107,0,0,107,104,4000,3,0,0,3,3
2020-05-30,US,Georgia,Effingham,73,1,0,32.36616021,-81.34280942,13103.0,113.53738957322383,1.3698630136986298,72,75,1,0,74,75,62190,-2,0,0,-2,0
2020-05-30,US,Georgia,Elbert,75,0,0,34.11302332,-82.83936148,13105.0,390.7471084713973,0.0,75,74,0,0,74,73,19120,1,0,0,1,1
2020-05-30,US,Georgia,Emanuel,27,2,0,32.59221302,-82.30239915,13107.0,119.22635343990109,7.407407407407407,25,27,2,0,25,27,22612,0,0,0,0,0
2020-05-30,US,Georgia,Evans,5,0,0,32.15328841,-81.8870105,13109.0,46.93073024216257,0.0,5,5,0,0,5,5,10721,0,0,0,0,0
2020-05-30,US,Georgia,Fannin,43,1,0,34.86430205,-84.316964,13111.0,164.19734229418052,2.3255813953488373,42,43,1,0,42,41,25964,0,0,0,0,2
2020-05-30,US,Georgia,Fayette,235,13,0,33.41357794,-84.49089434,13113.0,205.3818792004964,5.531914893617022,222,234,13,0,221,231,113459,1,0,0,1,3
2020-05-30,US,Georgia,Floyd,263,15,0,34.26268279,-85.21577392,13115.0,267.0104976750797,5.70342205323194,248,260,15,0,245,258,97927,3,0,0,3,2
2020-05-30,US,Georgia,Forsyth,512,12,0,34.22604035,-84.12315129999998,13117.0,209.6195732276501,2.34375,500,512,12,0,500,507,236612,0,0,0,0,5
2020-05-30,US,Georgia,Franklin,46,1,0,34.37525597,-83.23159927,13119.0,197.0105786115037,2.1739130434782608,45,46,1,0,45,45,23023,0,0,0,0,1
2020-05-30,US,Georgia,Fulton,4507,230,0,33.79216944,-84.46319413,13121.0,423.61530804925485,5.103172842245397,4277,4490,229,0,4261,4367,1050114,17,1,0,16,123
2020-05-30,US,Georgia,Gilmer,149,0,0,34.69316688,-84.45802506,13123.0,474.9912333832765,0.0,149,148,0,0,148,148,30816,1,0,0,1,0
2020-05-30,US,Georgia,Glascock,1,0,0,33.22879932,-82.61297636,13125.0,33.65870077415012,0.0,1,1,0,0,1,1,2995,0,0,0,0,0
2020-05-30,US,Georgia,Glynn,115,1,0,31.23279254,-81.53811412,13127.0,134.8309337335272,0.8695652173913043,114,115,1,0,114,112,85219,0,0,0,0,3
2020-05-30,US,Georgia,Gordon,160,16,0,34.50487351,-84.87296253,13129.0,276.03816227593467,10.0,144,152,15,0,137,148,57685,8,1,0,7,4
2020-05-30,US,Georgia,Grady,94,4,0,30.87454847,-84.23418364,13131.0,381.60191612877037,4.25531914893617,90,94,4,0,90,93,24748,0,0,0,0,1
2020-05-30,US,Georgia,Greene,68,7,0,33.5769205,-83.17139104,13133.0,371.09801353416293,10.294117647058824,61,68,7,0,61,67,17698,0,0,0,0,1
2020-05-30,US,Georgia,Gwinnett,3769,127,0,33.96044201,-84.02137802,13135.0,402.5634178905208,3.3695940567789866,3642,3733,127,0,3606,3619,927781,36,0,0,36,114
2020-05-30,US,Georgia,Habersham,520,23,0,34.63331566,-83.53094677,13137.0,1147.1937875044125,4.4230769230769225,497,519,20,0,499,514,45388,1,3,0,-2,5
2020-05-30,US,Georgia,Hall,2467,47,0,34.32207823,-83.81896936,13139.0,1206.7051129665772,1.9051479529793272,2420,2465,47,0,2418,2450,202148,2,0,0,2,15
2020-05-30,US,Georgia,Hancock,194,23,0,33.2721566,-82.99766919,13141.0,2293.957668203854,11.855670103092784,171,194,22,0,172,194,8348,0,1,0,-1,0
2020-05-30,US,Georgia,Haralson,43,2,0,33.79602175,-85.21005667,13143.0,144.33404940923737,4.651162790697675,41,43,2,0,41,42,29533,0,0,0,0,1
2020-05-30,US,Georgia,Harris,91,5,0,32.73709786,-84.90538572,13145.0,258.25859915995005,5.494505494505495,86,91,5,0,86,89,34475,0,0,0,0,2
2020-05-30,US,Georgia,Hart,30,0,0,34.34626973,-82.96567682,13147.0,114.48196908986833,0.0,30,28,0,0,28,28,26099,2,0,0,2,0
2020-05-30,US,Georgia,Heard,33,2,0,33.29686567,-85.12886832,13149.0,276.7759791998658,6.0606060606060606,31,32,2,0,30,32,11879,1,0,0,1,0
2020-05-30,US,Georgia,Henry,688,22,0,33.4533428,-84.14814659999998,13151.0,293.3138927613712,3.197674418604651,666,686,22,0,664,672,230220,2,0,0,2,14
2020-05-30,US,Georgia,Houston,365,17,0,32.45802497,-83.66879087,13153.0,231.21314050790875,4.6575342465753415,348,364,16,0,348,363,155469,1,1,0,0,1
2020-05-30,US,Georgia,Irwin,28,1,0,31.60213036,-83.27501387,13155.0,297.36618521665247,3.571428571428572,27,29,1,0,28,25,9398,-1,0,0,-1,4
2020-05-30,US,Georgia,Jackson,184,5,0,34.13794553,-83.56814788,13157.0,252.13423407374927,2.717391304347826,179,184,5,0,179,175,70422,0,0,0,0,9
2020-05-30,US,Georgia,Jasper,36,1,0,33.31535543,-83.68844964,13159.0,253.18236162880646,2.7777777777777777,35,33,1,0,32,32,14040,3,0,0,3,1
2020-05-30,US,Georgia,Jeff Davis,38,1,0,31.80405727,-82.63724870000001,13161.0,251.40588819053917,2.631578947368421,37,38,1,0,37,38,15029,0,0,0,0,0
2020-05-30,US,Georgia,Jefferson,41,1,0,33.05867328,-82.41609057,13163.0,266.8923317276397,2.4390243902439024,40,36,1,0,35,33,15430,5,0,0,5,3
2020-05-30,US,Georgia,Jenkins,19,1,0,32.79248718,-81.96040187,13165.0,218.99492853849702,5.2631578947368425,18,19,1,0,18,19,8683,0,0,0,0,0
2020-05-30,US,Georgia,Johnson,82,2,0,32.70211082,-82.66166794,13167.0,850.3577724774448,2.4390243902439024,80,82,2,0,80,82,9708,0,0,0,0,0
2020-05-30,US,Georgia,Jones,37,0,0,33.02512137,-83.56019163,13169.0,128.7628327823212,0.0,37,35,0,0,35,35,28616,2,0,0,2,0
2020-05-30,US,Georgia,Lamar,67,2,0,33.07841647,-84.14263877,13171.0,351.2082612570111,2.985074626865672,65,67,1,0,66,66,19000,0,1,0,-1,1
2020-05-30,US,Georgia,Lanier,21,2,0,31.03828570000001,-83.06472457,13173.0,201.4775016789792,9.523809523809524,19,21,2,0,19,20,10340,0,0,0,0,1
2020-05-30,US,Georgia,Laurens,105,1,0,32.46325233,-82.92221316,13175.0,220.8387666680688,0.9523809523809524,104,104,1,0,103,104,47325,1,0,0,1,0
2020-05-30,US,Georgia,Lee,361,22,0,31.779330600000005,-84.14324253,13177.0,1203.6543078154175,6.094182825484765,339,361,22,0,339,361,29764,0,0,0,0,0
2020-05-30,US,Georgia,Liberty,82,0,0,31.82588896,-81.49251135,13179.0,133.47440384145844,0.0,82,81,0,0,81,72,61497,1,0,0,1,9
2020-05-30,US,Georgia,Lincoln,16,0,0,33.79201475,-82.45024131,13181.0,201.99469763918697,0.0,16,16,0,0,16,16,7915,0,0,0,0,0
2020-05-30,US,Georgia,Long,16,1,0,31.75218791,-81.74952375,13183.0,81.8037731990388,6.25,15,15,1,0,14,15,18998,1,0,0,1,0
2020-05-30,US,Georgia,Lowndes,301,4,0,30.83568832,-83.27056716,13185.0,256.37531301637057,1.32890365448505,297,298,4,0,294,283,116321,3,0,0,3,15
2020-05-30,US,Georgia,Lumpkin,99,1,0,34.57286511,-84.00425681,13187.0,294.55519190717047,1.0101010101010102,98,99,1,0,98,95,32955,0,0,0,0,4
2020-05-30,US,Georgia,Macon,101,6,0,32.35207048,-84.04234127,13193.0,780.1034988800494,5.9405940594059405,95,100,6,0,94,99,13143,1,0,0,1,1
2020-05-30,US,Georgia,Madison,54,1,0,34.12920917,-83.21218732,13195.0,180.72289156626502,1.851851851851852,53,54,1,0,53,49,29650,0,0,0,0,5
2020-05-30,US,Georgia,Marion,57,2,0,32.3483402,-84.52733571,13197.0,681.8997487737768,3.5087719298245608,55,57,2,0,55,53,8351,0,0,0,0,4
2020-05-30,US,Georgia,McDuffie,67,5,0,33.47851918,-82.48252774,13189.0,314.37687687687685,7.462686567164179,62,67,5,0,62,67,21531,0,0,0,0,0
2020-05-30,US,Georgia,McIntosh,16,1,0,31.49683595,-81.40163426,13191.0,111.28112393935179,6.25,15,16,0,0,16,16,14340,0,1,0,-1,0
2020-05-30,US,Georgia,Meriwether,85,2,0,33.04163534,-84.68859732,13199.0,401.5684792365474,2.3529411764705883,83,84,2,0,82,82,21068,1,0,0,1,2
2020-05-30,US,Georgia,Miller,41,0,0,31.16568912,-84.73151117,13201.0,717.0339279468345,0.0,41,41,0,0,41,41,5686,0,0,0,0,0
2020-05-30,US,Georgia,Mitchell,408,32,0,31.22483255,-84.19381821,13205.0,1866.166582811142,7.84313725490196,376,409,32,0,377,409,22192,-1,0,0,-1,0
2020-05-30,US,Georgia,Monroe,120,8,0,33.014289,-83.92097166,13207.0,435.12945101167605,6.666666666666668,112,120,8,0,112,119,27520,0,0,0,0,1
2020-05-30,US,Georgia,Montgomery,9,0,0,32.17201038,-82.53527476,13209.0,98.12472743131269,0.0,9,9,0,0,9,9,9193,0,0,0,0,0
2020-05-30,US,Georgia,Morgan,37,0,0,33.59232073,-83.49129491,13211.0,191.94853704087987,0.0,37,37,0,0,37,37,18853,0,0,0,0,0
2020-05-30,US,Georgia,Murray,90,1,0,34.78897608,-84.74993177,13213.0,224.4612928970471,1.1111111111111112,89,86,1,0,85,85,39921,4,0,0,4,1
2020-05-30,US,Georgia,Muscogee,604,17,0,32.50931999,-84.87142262,13215.0,308.52688627923726,2.8145695364238406,587,602,17,0,585,593,194160,2,0,0,2,9
2020-05-30,US,Georgia,Newton,352,11,0,33.55514538,-83.84547140000002,13217.0,315.0057273768614,3.125,341,351,11,0,340,344,109541,1,0,0,1,7
2020-05-30,US,Georgia,Oconee,116,6,0,33.83749973,-83.43679568,13219.0,287.98411122144984,5.172413793103448,110,116,5,0,111,111,39272,0,1,0,-1,5
2020-05-30,US,Georgia,Oglethorpe,61,6,0,33.878629600000004,-83.08278123,13221.0,399.7640736614457,9.836065573770492,55,60,6,0,54,58,15054,1,0,0,1,2
2020-05-30,US,Georgia,Out of GA,1995,31,0,0.0,0.0,80013.0,0.0,1.5538847117794483,1964,1975,31,0,1944,1903,,20,0,0,20,72
2020-05-30,US,Georgia,Paulding,326,11,0,33.91969522,-84.86848792,13223.0,193.2802504342877,3.3742331288343568,315,320,11,0,309,309,164044,6,0,0,6,11
2020-05-30,US,Georgia,Peach,72,4,0,32.56934316,-83.82937,13225.0,261.3809627532128,5.5555555555555545,68,72,4,0,68,70,27297,0,0,0,0,2
2020-05-30,US,Georgia,Pickens,47,3,0,34.46589159,-84.46406611,13227.0,144.21159215734406,6.382978723404255,44,47,4,0,43,45,31980,0,-1,0,1,2
2020-05-30,US,Georgia,Pierce,99,3,0,31.35928155,-82.21598442,13229.0,508.605188800411,3.0303030303030303,96,98,3,0,95,97,19389,1,0,0,1,1
2020-05-30,US,Georgia,Pike,54,2,0,33.09310242,-84.38790389,13231.0,284.78008648876704,3.703703703703704,52,54,2,0,52,54,18634,0,0,0,0,0
2020-05-30,US,Georgia,Polk,118,1,0,34.00267074,-85.18677781,13233.0,276.91080186797456,0.8474576271186439,117,118,1,0,117,113,42470,0,0,0,0,5
2020-05-30,US,Georgia,Pulaski,42,2,0,32.23334561,-83.47549959999998,13235.0,377.1213073538655,4.761904761904762,40,42,2,0,40,40,11069,0,0,0,0,2
2020-05-30,US,Georgia,Putnam,90,9,0,33.32056115,-83.37552891,13237.0,406.89000406890005,10.0,81,89,9,0,80,88,21809,1,0,0,1,1
2020-05-30,US,Georgia,Quitman,12,1,0,31.86728114,-85.01773177,13239.0,521.9660722053067,8.333333333333334,11,12,1,0,11,12,2279,0,0,0,0,0
2020-05-30,US,Georgia,Rabun,20,1,0,34.88389445,-83.40304637,13241.0,116.70654140164557,5.0,19,20,1,0,19,19,16867,0,0,0,0,1
2020-05-30,US,Georgia,Randolph,179,19,0,31.76622818,-84.75732369,13243.0,2640.897019769844,10.614525139664805,160,179,19,0,160,177,6833,0,0,0,0,2
2020-05-30,US,Georgia,Richmond,595,22,0,33.35777107,-82.07026432,13245.0,293.8010448453965,3.6974789915966384,573,595,22,0,573,576,201554,0,0,0,0,19
2020-05-30,US,Georgia,Rockdale,285,8,0,33.65145002,-84.02202167,13247.0,313.54515050167225,2.8070175438596485,277,283,8,0,275,278,90594,2,0,0,2,5
2020-05-30,US,Georgia,Schley,16,1,0,32.2654021,-84.31258912,13249.0,304.3560966330607,6.25,15,16,1,0,15,16,5236,0,0,0,0,0
2020-05-30,US,Georgia,Screven,51,2,0,32.74976524,-81.60779441,13251.0,365.1725619361306,3.92156862745098,49,50,2,0,48,50,13938,1,0,0,1,0
2020-05-30,US,Georgia,Seminole,44,2,0,30.93464824,-84.86823924,13253.0,543.8813349814586,4.545454545454546,42,44,2,0,42,44,8315,0,0,0,0,0
2020-05-30,US,Georgia,Spalding,275,21,0,33.26310031,-84.28013991,13255.0,412.275309956074,7.636363636363638,254,275,21,0,254,267,66100,0,0,0,0,8
2020-05-30,US,Georgia,Stephens,138,2,0,34.55151201,-83.29405315,13257.0,532.304725168756,1.4492753623188406,136,138,2,0,136,136,26035,0,0,0,0,2
2020-05-30,US,Georgia,Stewart,52,1,0,32.07996777,-84.83208037,13259.0,785.3798519861048,1.9230769230769231,51,52,1,0,51,51,6199,0,0,0,0,1
2020-05-30,US,Georgia,Sumter,475,43,0,32.03650571,-84.19821492,13261.0,1608.8605879962063,9.052631578947368,432,476,42,0,434,466,29733,-1,1,0,-2,10
2020-05-30,US,Georgia,Talbot,38,1,0,32.69642758,-84.53351366,13263.0,613.3979015334947,2.631578947368421,37,38,1,0,37,38,6272,0,0,0,0,0
2020-05-30,US,Georgia,Taliaferro,1,0,0,33.56543317,-82.88136816,13265.0,65.06180871828235,0.0,1,1,0,0,1,1,1608,0,0,0,0,0
2020-05-30,US,Georgia,Tattnall,23,0,0,32.04785085,-82.05539188,13267.0,90.9594241872973,0.0,23,23,0,0,23,20,25391,0,0,0,0,3
2020-05-30,US,Georgia,Taylor,22,2,0,32.55792548,-84.25077141,13269.0,274.3142144638404,9.090909090909092,20,23,2,0,21,22,8039,-1,0,0,-1,1
2020-05-30,US,Georgia,Telfair,37,1,0,31.92829517,-82.93491155,13271.0,233.2912988650694,2.702702702702702,36,37,1,0,36,36,15876,0,0,0,0,1
2020-05-30,US,Georgia,Terrell,213,26,0,31.77527543,-84.44069698,13273.0,2496.7764623139137,12.206572769953054,187,213,26,0,187,213,8611,0,0,0,0,0
2020-05-30,US,Georgia,Thomas,324,32,0,30.86392347,-83.91847289,13275.0,728.8924883579672,9.876543209876543,292,324,31,0,293,324,44448,0,1,0,-1,0
2020-05-30,US,Georgia,Tift,256,17,0,31.45743864,-83.5236119,13277.0,629.8592658202933,6.640625,239,255,17,0,238,247,40571,1,0,0,1,8
2020-05-30,US,Georgia,Toombs,56,4,0,32.12059861,-82.32957247,13279.0,208.7215803205367,7.142857142857142,52,56,4,0,52,55,26887,0,0,0,0,1
2020-05-30,US,Georgia,Towns,24,1,0,34.91369188,-83.74107459999998,13281.0,199.3852288776273,4.166666666666667,23,24,1,0,23,23,11852,0,0,0,0,1
2020-05-30,US,Georgia,Treutlen,9,0,0,32.40422134,-82.56904553,13283.0,130.4158817562672,0.0,9,9,0,0,9,8,6809,0,0,0,0,1
2020-05-30,US,Georgia,Troup,307,11,0,33.03349196,-85.02812115,13285.0,439.06066760104113,3.5830618892508137,296,292,10,0,282,283,70034,15,1,0,14,9
2020-05-30,US,Georgia,Turner,118,12,0,31.71612656,-83.62069378,13287.0,1477.77082028804,10.169491525423727,106,115,12,0,103,114,7912,3,0,0,3,1
2020-05-30,US,Georgia,Twiggs,17,0,0,32.67435595,-83.43078662,13289.0,209.35960591133002,0.0,17,15,0,0,15,15,8188,2,0,0,2,0
2020-05-30,US,Georgia,Unassigned,1202,0,0,0.0,0.0,90013.0,0.0,0.0,1202,1025,0,0,1025,1319,,177,0,0,177,-294
2020-05-30,US,Georgia,Union,44,1,0,34.82995757,-83.98967069,13291.0,179.51123985149525,2.272727272727273,43,44,1,0,43,43,24001,0,0,0,0,1
2020-05-30,US,Georgia,Upson,280,34,0,32.87920671,-84.30024826,13293.0,1063.8297872340424,12.142857142857142,246,280,34,0,246,280,26215,0,0,0,0,0
2020-05-30,US,Georgia,Walker,141,0,0,34.73376362,-85.30165174,13295.0,202.11866228981808,0.0,141,138,0,0,138,112,69410,3,0,0,3,26
2020-05-30,US,Georgia,Walton,265,12,0,33.78017694,-83.73552314,13297.0,280.1475796306281,4.528301886792453,253,261,12,0,249,246,93503,4,0,0,4,15
2020-05-30,US,Georgia,Ware,228,14,0,31.05449097,-82.42224148,13299.0,638.0477976157161,6.140350877192982,214,229,14,0,215,225,35680,-1,0,0,-1,4
2020-05-30,US,Georgia,Warren,18,0,0,33.41146451,-82.67795848,13301.0,342.59611724400463,0.0,18,18,0,0,18,18,5251,0,0,0,0,0
2020-05-30,US,Georgia,Washington,74,1,0,32.96711864,-82.79357039,13303.0,363.20801020909,1.351351351351351,73,74,1,0,73,74,20386,0,0,0,0,0
2020-05-30,US,Georgia,Wayne,20,0,0,31.5521809,-81.91894878,13305.0,66.82928459250844,0.0,20,19,0,0,19,18,29808,1,0,0,1,1
2020-05-30,US,Georgia,Webster,12,1,0,32.04066113,-84.54742852,13307.0,460.2991944764096,8.333333333333334,11,12,1,0,11,11,2611,0,0,0,0,1
2020-05-30,US,Georgia,Wheeler,13,0,0,32.12009104,-82.72574721,13309.0,165.49968173138132,0.0,13,13,0,0,13,13,7879,0,0,0,0,0
2020-05-30,US,Georgia,White,101,3,0,34.64624278,-83.74905525,13311.0,327.9433729462952,2.9702970297029703,98,101,3,0,98,99,29970,0,0,0,0,2
2020-05-30,US,Georgia,Whitfield,351,7,0,34.80987459,-84.96093476,13313.0,335.47425163436174,1.9943019943019944,344,331,7,0,324,322,104062,20,0,0,20,9
2020-05-30,US,Georgia,Wilcox,111,13,0,31.97496928,-83.43438555,13315.0,1285.4661262304573,11.711711711711711,98,109,13,0,96,106,8812,2,0,0,2,3
2020-05-30,US,Georgia,Wilkes,33,1,0,33.78290391,-82.74286107,13317.0,337.52684872660325,3.0303030303030303,32,33,1,0,32,33,9876,0,0,0,0,0
2020-05-30,US,Georgia,Wilkinson,69,5,0,32.80291082,-83.17140684,13319.0,770.6053160598615,7.246376811594202,64,69,5,0,64,68,9036,0,0,0,0,1
2020-05-30,US,Georgia,Worth,210,21,0,31.55162306,-83.85090513,13321.0,1037.1906949177658,10.0,189,209,21,0,188,208,20299,1,0,0,1,1
2020-05-30,US,Hawaii,Hawaii,81,0,0,19.60121157,-155.5210167,15001.0,40.195917881228496,0.0,81,82,0,0,82,82,200983,-1,0,0,-1,0
2020-05-30,US,Hawaii,Honolulu,421,11,0,21.45803166,-157.97121819999995,15003.0,43.19884912519765,2.6128266033254155,410,419,11,0,408,417,980080,2,0,0,2,2
2020-05-30,US,Hawaii,Kauai,20,0,0,22.03935037,-159.5966786,15007.0,27.665195800423284,0.0,20,20,0,0,20,20,72133,0,0,0,0,0
2020-05-30,US,Hawaii,Maui,119,6,0,20.86399628,-156.56890969999995,15009.0,71.07999784968074,5.042016806722689,113,118,6,0,112,118,167207,1,0,0,1,0
2020-05-30,US,Hawaii,Out of HI,10,0,0,0.0,0.0,80015.0,0.0,0.0,10,10,0,0,10,10,,0,0,0,0,0
2020-05-30,US,Idaho,Ada,805,22,0,43.4526575,-116.24155159999998,16001.0,167.1556748832506,2.732919254658385,783,803,22,0,781,803,469966,2,0,0,2,0
2020-05-30,US,Idaho,Adams,3,0,0,44.89333571,-116.4545247,16003.0,69.86492780624127,0.0,3,3,0,0,3,3,4250,0,0,0,0,0
2020-05-30,US,Idaho,Bannock,27,0,0,42.67002716,-112.2233311,16005.0,30.74890670553936,0.0,27,24,0,0,24,24,87138,3,0,0,3,0
2020-05-30,US,Idaho,Benewah,8,0,0,47.21754179,-116.6586851,16009.0,86.04000860400086,0.0,8,9,0,0,9,9,9226,-1,0,0,-1,0
2020-05-30,US,Idaho,Bingham,6,0,0,43.21672879999999,-112.3978437,16011.0,12.817500160218751,0.0,6,6,0,0,6,6,46236,0,0,0,0,0
2020-05-30,US,Idaho,Blaine,512,5,0,43.4085812,-113.9752658,16013.0,2224.0562964250034,0.9765625,507,512,5,0,507,512,22601,0,0,0,0,0
2020-05-30,US,Idaho,Bonner,6,0,0,48.29996017,-116.6017932,16017.0,13.117908130916724,0.0,6,4,0,0,4,4,44727,2,0,0,2,0
2020-05-30,US,Idaho,Bonneville,37,0,0,43.38713372,-111.6161537,16019.0,31.076245989484466,0.0,37,37,0,0,37,37,116854,0,0,0,0,0
2020-05-30,US,Idaho,Camas,1,0,0,43.46665742,-114.8065892,16025.0,90.41591320072331,0.0,1,1,0,0,1,1,1127,0,0,0,0,0
2020-05-30,US,Idaho,Canyon,300,6,0,43.61970148,-116.70954990000001,16027.0,130.52047213605456,2.0,294,294,6,0,288,294,223499,6,0,0,6,0
2020-05-30,US,Idaho,Caribou,1,0,0,42.77149116,-111.5597683,16029.0,13.976240391334732,0.0,1,1,0,0,1,1,7060,0,0,0,0,0
2020-05-30,US,Idaho,Cassia,62,1,0,42.28347888,-113.6012409,16031.0,258.0108198085726,1.6129032258064515,61,56,1,0,55,56,23864,6,0,0,6,0
2020-05-30,US,Idaho,Custer,2,0,0,44.24186819,-114.2855494,16037.0,46.349942062572424,0.0,2,2,0,0,2,2,4280,0,0,0,0,0
2020-05-30,US,Idaho,Elmore,31,2,0,43.3507101,-115.4701578,16039.0,112.68219984733379,6.451612903225807,29,31,2,0,29,31,27259,0,0,0,0,0
2020-05-30,US,Idaho,Franklin,1,0,0,42.18332217,-111.81496659999999,16041.0,7.206687806284232,0.0,1,,,,,,13726,,,,,
2020-05-30,US,Idaho,Fremont,3,0,0,44.22800938,-111.48099429999999,16043.0,22.902511642110085,0.0,3,3,0,0,3,3,13168,0,0,0,0,0
2020-05-30,US,Idaho,Gem,17,0,0,44.06482372,-116.398376,16045.0,93.86042402826857,0.0,17,17,0,0,17,17,17634,0,0,0,0,0
2020-05-30,US,Idaho,Gooding,47,0,0,42.96927962,-114.81083059999999,16047.0,309.63831609460436,0.0,47,46,0,0,46,46,15196,1,0,0,1,0
2020-05-30,US,Idaho,Idaho,3,0,0,45.84721541,-115.4634436,16049.0,17.999640007199854,0.0,3,3,0,0,3,3,16513,0,0,0,0,0
2020-05-30,US,Idaho,Jefferson,7,0,0,43.82078483,-112.3131749,16051.0,23.434099963174987,0.0,7,7,0,0,7,7,29439,0,0,0,0,0
2020-05-30,US,Idaho,Jerome,165,2,0,42.68891267,-114.2655033,16053.0,675.89709978699,1.2121212121212122,163,161,2,0,159,161,24015,4,0,0,4,0
2020-05-30,US,Idaho,Kootenai,67,0,0,47.67282258,-116.7020872,16055.0,40.435252297869,0.0,67,67,0,0,67,67,161505,0,0,0,0,0
2020-05-30,US,Idaho,Latah,7,0,0,46.81587887,-116.71136979999999,16057.0,17.452877231475018,0.0,7,7,0,0,7,7,40134,0,0,0,0,0
2020-05-30,US,Idaho,Lemhi,1,0,0,44.9438088,-113.9309747,16059.0,12.457954403886884,0.0,1,1,0,0,1,1,7961,0,0,0,0,0
2020-05-30,US,Idaho,Lincoln,33,0,0,43.0012336,-114.1358773,16063.0,614.9832277301529,0.0,33,33,0,0,33,33,5360,0,0,0,0,0
2020-05-30,US,Idaho,Madison,21,0,0,43.78141028,-111.65384740000002,16065.0,52.62234695667427,0.0,21,21,0,0,21,21,39304,0,0,0,0,0
2020-05-30,US,Idaho,Minidoka,46,0,0,42.85518524,-113.6357257,16067.0,218.6415704168449,0.0,46,45,0,0,45,45,20825,1,0,0,1,0
2020-05-30,US,Idaho,Nez Perce,82,19,0,46.32638236,-116.75009750000001,16069.0,202.9301128489408,23.170731707317074,63,82,19,0,63,82,40408,0,0,0,0,0
2020-05-30,US,Idaho,Owyhee,8,0,0,42.58016894,-116.16938710000001,16073.0,67.66472130592912,0.0,8,8,0,0,8,8,11693,0,0,0,0,0
2020-05-30,US,Idaho,Payette,23,2,0,44.00545243,-116.7647695,16075.0,96.02939334474551,8.695652173913043,21,23,2,0,21,23,23551,0,0,0,0,0
2020-05-30,US,Idaho,Power,4,0,0,42.69254894,-112.83957420000002,16077.0,52.076552532222365,0.0,4,3,0,0,3,3,7768,1,0,0,1,0
2020-05-30,US,Idaho,Teton,11,0,0,43.75303583,-111.2056773,16081.0,90.59463020919122,0.0,11,11,0,0,11,11,11640,0,0,0,0,0
2020-05-30,US,Idaho,Twin Falls,416,23,0,42.35440512,-114.6685381,16083.0,478.8323856442368,5.528846153846153,393,410,23,0,387,410,86081,6,0,0,6,0
2020-05-30,US,Idaho,Valley,2,0,0,44.76728382,-115.5676773,16085.0,17.5561797752809,0.0,2,2,0,0,2,2,11041,0,0,0,0,0
2020-05-30,US,Idaho,Washington,38,0,0,44.45275475,-116.78476880000001,16087.0,372.7682950755346,0.0,38,36,0,0,36,36,10161,2,0,0,2,0
2020-05-30,US,Illinois,Adams,44,1,0,39.98815591,-91.18786813,17001.0,67.24230152059296,2.272727272727273,43,44,1,0,43,44,65691,0,0,0,0,0
2020-05-30,US,Illinois,Alexander,8,0,0,37.18049267,-89.32910838,17003.0,138.86478042006596,0.0,8,8,0,0,8,8,6060,0,0,0,0,0
2020-05-30,US,Illinois,Bond,12,1,0,38.88829622,-89.43534887,17005.0,73.0549129428954,8.333333333333334,11,12,1,0,11,12,16630,0,0,0,0,0
2020-05-30,US,Illinois,Boone,441,17,0,42.32359279,-88.82345779,17007.0,823.6216943074853,3.8548752834467117,424,428,17,0,411,424,53577,13,0,0,13,4
2020-05-30,US,Illinois,Brown,10,0,0,39.96209138,-90.75068024,17009.0,152.02189115232594,0.0,10,10,0,0,10,10,6556,0,0,0,0,0
2020-05-30,US,Illinois,Bureau,15,1,0,41.40385234,-89.5283051,17011.0,45.97278411180581,6.666666666666668,14,15,1,0,14,15,32993,0,0,0,0,0
2020-05-30,US,Illinois,Calhoun,1,0,0,39.16840183,-90.66330078,17013.0,21.101498206372653,0.0,1,1,0,0,1,1,4802,0,0,0,0,0
2020-05-30,US,Illinois,Carroll,16,2,0,42.06823429,-89.93395545,17015.0,111.84900384480949,12.5,14,14,2,0,12,14,14312,2,0,0,2,0
2020-05-30,US,Illinois,Cass,73,0,0,39.96991073,-90.24734436,17017.0,600.971433275706,0.0,73,71,0,0,71,69,12260,2,0,0,2,2
2020-05-30,US,Illinois,Champaign,627,7,0,40.13919438,-88.20046615,17019.0,299.01425444348536,1.116427432216906,620,617,7,0,610,595,209983,10,0,0,10,22
2020-05-30,US,Illinois,Christian,35,4,0,39.54581621,-89.27780482,17021.0,108.34571570084199,11.428571428571427,31,33,4,0,29,33,32661,2,0,0,2,0
2020-05-30,US,Illinois,Clark,11,0,0,39.33425789,-87.78705622,17023.0,71.23890939705977,0.0,11,11,0,0,11,11,15596,0,0,0,0,0
2020-05-30,US,Illinois,Clay,2,0,0,38.75388572,-88.48914513,17025.0,15.169902912621357,0.0,2,2,0,0,2,2,13253,0,0,0,0,0
2020-05-30,US,Illinois,Clinton,186,17,0,38.60704876,-89.42385254,17027.0,495.18130025025283,9.13978494623656,169,181,17,0,164,180,37639,5,0,0,5,1
2020-05-30,US,Illinois,Coles,126,15,0,39.51949084,-88.22358557,17029.0,248.9085557377373,11.904761904761903,111,125,14,0,111,123,50885,1,1,0,0,2
2020-05-30,US,Illinois,Cook,77119,3603,0,41.84144849,-87.81658794,17031.0,1497.3885647503714,4.672000414943139,73516,76266,3570,0,72696,75306,5180493,853,33,0,820,960
2020-05-30,US,Illinois,Crawford,11,0,0,39.0032229,-87.75954624,17033.0,58.92751915144373,0.0,11,11,0,0,11,11,18807,0,0,0,0,0
2020-05-30,US,Illinois,Cumberland,10,0,0,39.27432424,-88.2401158,17035.0,92.88500835965077,0.0,10,10,0,0,10,10,10808,0,0,0,0,0
2020-05-30,US,Illinois,De Witt,4,0,0,40.17514519,-88.90959682,17039.0,25.57871850620284,0.0,4,4,0,0,4,4,15769,0,0,0,0,0
2020-05-30,US,Illinois,DeKalb,399,4,0,41.89373302,-88.76958483,17037.0,380.3731279254888,1.0025062656641603,395,392,4,0,388,370,104143,7,0,0,7,22
2020-05-30,US,Illinois,Douglas,27,0,0,39.76768052,-88.21854195,17041.0,138.71050603647572,0.0,27,26,0,0,26,26,19479,1,0,0,1,0
2020-05-30,US,Illinois,DuPage,7620,368,0,41.85116968,-88.08642662,17043.0,825.6394642661721,4.829396325459316,7252,7543,362,0,7181,7460,928589,77,6,0,71,83
2020-05-30,US,Illinois,Edgar,1,0,0,39.6809186,-87.74759563,17045.0,5.827166249053086,0.0,1,1,0,0,1,,17360,0,0,0,0,
2020-05-30,US,Illinois,Edwards,2,0,0,38.41353228,-88.05720863,17047.0,31.27443315089914,0.0,2,2,0,0,2,2,6392,0,0,0,0,0
2020-05-30,US,Illinois,Effingham,7,1,0,39.05935711,-88.58969584,17049.0,20.58339214302517,14.285714285714285,6,7,1,0,6,6,34208,0,0,0,0,1
2020-05-30,US,Illinois,Fayette,20,3,0,39.00072038,-89.02452658,17051.0,93.73828271466068,15.0,17,20,3,0,17,20,21416,0,0,0,0,0
2020-05-30,US,Illinois,Ford,20,1,0,40.59706922,-88.22350769,17053.0,154.30908108942208,5.0,19,20,1,0,19,20,13264,0,0,0,0,0
2020-05-30,US,Illinois,Franklin,12,0,0,37.99189086,-88.92567818,17055.0,31.19394837401544,0.0,12,12,0,0,12,12,38701,0,0,0,0,0
2020-05-30,US,Illinois,Fulton,11,0,0,40.47289135,-90.20862357,17057.0,32.032615026208504,0.0,11,11,0,0,11,11,34844,0,0,0,0,0
2020-05-30,US,Illinois,Gallatin,2,0,0,37.76430935,-88.22953869,17059.0,41.42502071251035,0.0,2,2,0,0,2,2,5058,0,0,0,0,0
2020-05-30,US,Illinois,Greene,5,0,0,39.35907414,-90.388865,17061.0,38.55347366797749,0.0,5,5,0,0,5,5,13044,0,0,0,0,0
2020-05-30,US,Illinois,Grundy,98,2,0,41.28569601,-88.41905692,17063.0,191.95361773808125,2.0408163265306123,96,95,2,0,93,95,50972,3,0,0,3,0
2020-05-30,US,Illinois,Hamilton,2,0,0,38.08163641,-88.53883373,17065.0,24.64268112370626,0.0,2,2,0,0,2,2,8163,0,0,0,0,0
2020-05-30,US,Illinois,Hancock,17,0,0,40.40423981,-91.16313899,17067.0,96.00180709283941,0.0,17,16,0,0,16,16,17844,1,0,0,1,0
2020-05-30,US,Illinois,Hardin,1,0,0,37.51810645,-88.26873022,17069.0,26.17115938236064,0.0,1,1,0,0,1,1,3910,0,0,0,0,0
2020-05-30,US,Illinois,Henderson,8,0,0,40.81908672,-90.92491462,17071.0,120.37315678603672,0.0,8,8,0,0,8,8,6709,0,0,0,0,0
2020-05-30,US,Illinois,Henry,69,0,0,41.3533994,-90.13296166,17073.0,141.06679205937073,0.0,69,68,0,0,68,67,49090,1,0,0,1,1
2020-05-30,US,Illinois,Iroquois,131,4,0,40.74717633,-87.82466784,17075.0,483.14523862211405,3.053435114503817,127,131,4,0,127,131,27604,0,0,0,0,0
2020-05-30,US,Illinois,Jackson,282,10,0,37.78595185,-89.38232563,17077.0,496.9162995594714,3.5460992907801416,272,268,10,0,258,256,57419,14,0,0,14,12
2020-05-30,US,Illinois,Jasper,45,7,0,39.01054275,-88.15437049,17079.0,468.26222684703436,15.555555555555555,38,45,7,0,38,45,9611,0,0,0,0,0
2020-05-30,US,Illinois,Jefferson,101,16,0,38.29980057,-88.9240025,17081.0,268.0182570852351,15.84158415841584,85,101,16,0,85,101,37820,0,0,0,0,0
2020-05-30,US,Illinois,Jersey,20,1,0,39.08869046,-90.35393073,17083.0,91.85688697010059,5.0,19,20,1,0,19,20,21847,0,0,0,0,0
2020-05-30,US,Illinois,Jo Daviess,32,0,0,42.36542373,-90.21094405,17085.0,150.69460795855895,0.0,32,32,0,0,32,32,21366,0,0,0,0,0
2020-05-30,US,Illinois,Johnson,8,0,0,37.45939802,-88.88165419,17087.0,64.42780059595715,0.0,8,7,0,0,7,7,12456,1,0,0,1,0
2020-05-30,US,Illinois,Kane,6259,176,0,41.93842729,-88.42861412,17089.0,1175.613210293706,2.81195079086116,6083,6188,170,0,6018,6083,534216,71,6,0,65,105
2020-05-30,US,Illinois,Kankakee,900,45,0,41.13746989,-87.86205334,17091.0,819.2095538038631,5.0,855,871,44,0,827,836,110024,29,1,0,28,35
2020-05-30,US,Illinois,Kendall,778,19,0,41.59081014,-88.42869583,17093.0,603.1475308163424,2.442159383033419,759,769,19,0,750,751,127915,9,0,0,9,18
2020-05-30,US,Illinois,Knox,98,0,0,40.93148779,-90.21330340000002,17095.0,197.1870661381517,0.0,98,97,0,0,97,96,50112,1,0,0,1,1
2020-05-30,US,Illinois,LaSalle,150,13,0,41.34426129999999,-88.88633881,17099.0,138.03384589901444,8.666666666666666,137,147,13,0,134,141,109430,3,0,0,3,6
2020-05-30,US,Illinois,Lake,8238,288,0,42.3224907,-88.00367925,17097.0,1182.7115651044094,3.4959941733430444,7950,8063,287,0,7776,7933,700832,175,1,0,174,130
2020-05-30,US,Illinois,Lawrence,4,0,0,38.71987914,-87.72884035,17101.0,25.513458349279247,0.0,4,4,0,0,4,4,15765,0,0,0,0,0
2020-05-30,US,Illinois,Lee,81,1,0,41.74583951,-89.29977132,17103.0,237.56452369779447,1.2345679012345678,80,79,1,0,78,79,34223,2,0,0,2,0
2020-05-30,US,Illinois,Livingston,34,2,0,40.89188292,-88.55784752,17105.0,95.37701974865351,5.882352941176472,32,32,2,0,30,32,35761,2,0,0,2,0
2020-05-30,US,Illinois,Logan,10,0,0,40.12581572,-89.36638784,17107.0,34.94304284017052,0.0,10,10,0,0,10,10,28925,0,0,0,0,0
2020-05-30,US,Illinois,Macon,194,19,0,39.86064913,-88.96342505,17115.0,186.52232018383026,9.793814432989693,175,195,19,0,176,192,104712,-1,0,0,-1,3
2020-05-30,US,Illinois,Macoupin,45,2,0,39.26119767,-89.92424028,17117.0,100.16471530962026,4.4444444444444455,43,45,2,0,43,44,45313,0,0,0,0,1
2020-05-30,US,Illinois,Madison,572,59,0,38.83042506,-89.90422563,17119.0,217.5186145737472,10.314685314685317,513,565,58,0,507,545,264461,7,1,0,6,20
2020-05-30,US,Illinois,Marion,50,0,0,38.64963204,-88.91899208,17121.0,134.390538906061,0.0,50,50,0,0,50,50,37620,0,0,0,0,0
2020-05-30,US,Illinois,Marshall,5,0,0,41.0327901,-89.34510444,17123.0,43.7139360027977,0.0,5,5,0,0,5,5,11534,0,0,0,0,0
2020-05-30,US,Illinois,Mason,18,0,0,40.23917274,-89.91824452,17125.0,134.74062429822592,0.0,18,18,0,0,18,18,13565,0,0,0,0,0
2020-05-30,US,Illinois,Massac,7,0,0,37.22078441,-88.71036614,17127.0,50.827766482718566,0.0,7,7,0,0,7,7,14080,0,0,0,0,0
2020-05-30,US,Illinois,McDonough,87,11,0,40.45674722,-90.67775541,17109.0,293.1069334950475,12.64367816091954,76,87,8,0,79,84,29955,0,3,0,-3,3
2020-05-30,US,Illinois,McHenry,1539,72,0,42.32451172,-88.45248227,17111.0,500.04223878560236,4.678362573099415,1467,1514,71,0,1443,1488,308570,25,1,0,24,26
2020-05-30,US,Illinois,McLean,218,13,0,40.48996987,-88.84621113,17113.0,127.10110368068472,5.963302752293577,205,217,13,0,204,216,172828,1,0,0,1,1
2020-05-30,US,Illinois,Menard,20,0,0,40.02742725,-89.80246001,17129.0,163.9881928501148,0.0,20,21,0,0,21,19,12288,-1,0,0,-1,2
2020-05-30,US,Illinois,Mercer,17,0,0,41.20596782,-90.74290052,17131.0,110.12502429228478,0.0,17,17,0,0,17,16,15601,0,0,0,0,1
2020-05-30,US,Illinois,Monroe,95,11,0,38.27594376,-90.17761038,17133.0,274.27317608337904,11.578947368421053,84,94,11,0,83,93,34335,1,0,0,1,1
2020-05-30,US,Illinois,Montgomery,39,1,0,39.23198845,-89.47809254,17135.0,137.25628211445058,2.5641025641025643,38,39,1,0,38,39,28601,0,0,0,0,0
2020-05-30,US,Illinois,Morgan,36,1,0,39.71654544,-90.20255104,17137.0,106.95822687028343,2.7777777777777777,35,35,1,0,34,34,33976,1,0,0,1,1
2020-05-30,US,Illinois,Moultrie,11,0,0,39.64187451,-88.62099969,17139.0,75.85683745948555,0.0,11,11,0,0,11,10,14717,0,0,0,0,1
2020-05-30,US,Illinois,Ogle,203,3,0,42.04165196,-89.32184679,17141.0,400.84513160752715,1.477832512315271,200,202,3,0,199,200,50923,1,0,0,1,2
2020-05-30,US,Illinois,Out of IL,118,1,0,0.0,0.0,80017.0,0.0,0.8474576271186439,117,119,1,0,118,183,,-1,0,0,-1,-64
2020-05-30,US,Illinois,Peoria,221,8,0,40.78702156,-89.76078901,17143.0,123.34034680403394,3.619909502262444,213,212,8,0,204,191,180621,9,0,0,9,21
2020-05-30,US,Illinois,Perry,42,0,0,38.08510853,-89.36856219,17145.0,200.8032128514056,0.0,42,42,0,0,42,41,21174,0,0,0,0,1
2020-05-30,US,Illinois,Piatt,11,0,0,40.01360584,-88.59319339,17147.0,67.30298580518844,0.0,11,12,0,0,12,12,16396,-1,0,0,-1,0
2020-05-30,US,Illinois,Pike,1,0,0,39.62265059,-90.8877017,17149.0,6.426322215795901,0.0,1,1,0,0,1,1,15611,0,0,0,0,0
2020-05-30,US,Illinois,Pope,1,0,0,37.41391284,-88.56152109,17151.0,23.94062724443381,0.0,1,1,0,0,1,1,4212,0,0,0,0,0
2020-05-30,US,Illinois,Pulaski,56,0,0,37.22631423,-89.13085001,17153.0,1049.671977507029,0.0,56,51,0,0,51,41,5463,5,0,0,5,10
2020-05-30,US,Illinois,Putnam,1,0,0,41.2013541,-89.2869272,17155.0,17.424638438752392,0.0,1,1,0,0,1,1,5740,0,0,0,0,0
2020-05-30,US,Illinois,Randolph,269,4,0,38.05095369,-89.82512254,17157.0,846.3910389528663,1.4869888475836432,265,267,4,0,263,267,32106,2,0,0,2,0
2020-05-30,US,Illinois,Richland,3,0,0,38.71240969,-88.08475366,17159.0,19.338619222587507,0.0,3,3,0,0,3,3,15763,0,0,0,0,0
2020-05-30,US,Illinois,Rock Island,651,24,0,41.46613806,-90.57042164,17161.0,458.84168904489036,3.6866359447004617,627,646,24,0,622,639,143477,5,0,0,5,7
2020-05-30,US,Illinois,Saline,7,0,0,37.75332999,-88.54119706,17165.0,29.798646290068536,0.0,7,7,0,0,7,7,23906,0,0,0,0,0
2020-05-30,US,Illinois,Sangamon,348,29,0,39.75836914,-89.65872023,17167.0,178.76222569244678,8.333333333333334,319,346,29,0,317,343,195348,2,0,0,2,3
2020-05-30,US,Illinois,Schuyler,13,0,0,40.157179799999994,-90.61114163,17169.0,192.08037825059105,0.0,13,12,0,0,12,12,6907,1,0,0,1,0
2020-05-30,US,Illinois,Shelby,16,1,0,39.39133527,-88.80611122,17173.0,73.95765924008505,6.25,15,16,1,0,15,16,21741,0,0,0,0,0
2020-05-30,US,Illinois,St. Clair,1121,80,0,38.46996033,-89.93063427,17163.0,431.67517694446366,7.136485280999107,1041,1091,79,0,1012,1050,261059,30,1,0,29,41
2020-05-30,US,Illinois,Stark,3,0,0,41.09309773,-89.79745866,17175.0,56.15874204417821,0.0,3,3,0,0,3,3,5427,0,0,0,0,0
2020-05-30,US,Illinois,Stephenson,201,2,0,42.35129217,-89.662598,17177.0,451.7056946379613,0.9950248756218906,199,199,2,0,197,199,44753,2,0,0,2,0
2020-05-30,US,Illinois,Tazewell,72,5,0,40.50716185,-89.51404662,17179.0,54.626981176452745,6.9444444444444455,67,71,4,0,67,70,132328,1,1,0,0,1
2020-05-30,US,Illinois,Unassigned,80,0,0,0.0,0.0,90017.0,0.0,0.0,80,125,0,0,125,149,,-45,0,0,-45,-24
2020-05-30,US,Illinois,Union,155,10,0,37.47119609,-89.25548938,17181.0,930.763225845193,6.451612903225807,145,151,9,0,142,151,16841,4,1,0,3,0
2020-05-30,US,Illinois,Vermilion,39,1,0,40.18417171,-87.73384359,17183.0,51.47971171361441,2.5641025641025643,38,39,1,0,38,38,76806,0,0,0,0,1
2020-05-30,US,Illinois,Wabash,2,0,0,38.44272901,-87.84922065,17185.0,17.36111111111111,0.0,2,2,0,0,2,2,11549,0,0,0,0,0
2020-05-30,US,Illinois,Warren,115,0,0,40.84925021,-90.6147432,17187.0,682.7356922346237,0.0,115,113,0,0,113,113,17032,2,0,0,2,0
2020-05-30,US,Illinois,Washington,18,0,0,38.35309213,-89.40982703,17189.0,129.61762799740765,0.0,18,18,0,0,18,18,13995,0,0,0,0,0
2020-05-30,US,Illinois,Wayne,9,1,0,38.42955355,-88.42586459,17191.0,55.50416281221092,11.111111111111109,8,9,1,0,8,9,16332,0,0,0,0,0
2020-05-30,US,Illinois,White,2,0,0,38.08706198,-88.17657461,17193.0,14.774322227967794,0.0,2,2,0,0,2,2,13665,0,0,0,0,0
2020-05-30,US,Illinois,Whiteside,139,12,0,41.75509713,-89.91556058,17195.0,251.92569098323517,8.633093525179858,127,135,12,0,123,134,55626,4,0,0,4,1
2020-05-30,US,Illinois,Will,5510,273,0,41.44619267,-87.97862712,17197.0,797.6917609009429,4.954627949183303,5237,5442,269,0,5173,5356,692310,68,4,0,64,86
2020-05-30,US,Illinois,Williamson,66,1,0,37.73033511,-88.92994027,17199.0,99.10356322356866,1.5151515151515151,65,64,2,0,62,60,67056,2,-1,0,3,4
2020-05-30,US,Illinois,Winnebago,2209,55,0,42.33641854,-89.16085327,17201.0,781.7476607731835,2.4898143956541423,2154,2156,54,0,2102,2091,284081,53,1,0,52,65
2020-05-30,US,Illinois,Woodford,19,2,0,40.78579374,-89.20973757,17203.0,49.40326061520061,10.526315789473683,17,19,2,0,17,18,38463,0,0,0,0,1
2020-05-30,US,Indiana,Adams,17,1,0,40.7457653,-84.93671406,18001.0,47.51656091902618,5.882352941176472,16,13,1,0,12,13,35636,4,0,0,4,0
2020-05-30,US,Indiana,Allen,1600,69,0,41.09194313,-85.06800636,18003.0,421.83079839387926,4.3125,1531,1451,68,0,1383,1419,375351,149,1,0,148,32
2020-05-30,US,Indiana,Bartholomew,508,34,0,39.20744865,-85.89558181,18005.0,606.3572016853867,6.692913385826771,474,500,34,0,466,490,82753,8,0,0,8,10
2020-05-30,US,Indiana,Benton,30,0,0,40.60626947,-87.31093999,18007.0,342.9355281207133,0.0,30,30,0,0,30,26,8653,0,0,0,0,4
2020-05-30,US,Indiana,Blackford,25,2,0,40.47388153,-85.32499702,18009.0,212.621194080626,8.0,23,24,2,0,22,22,11930,1,0,0,1,2
2020-05-30,US,Indiana,Boone,316,35,0,40.0509304,-86.46841646,18011.0,465.7812891528971,11.075949367088606,281,309,35,0,274,305,66999,7,0,0,7,4
2020-05-30,US,Indiana,Brown,33,1,0,39.19605589,-86.22868909,18013.0,218.65889212827992,3.0303030303030303,32,33,1,0,32,33,15234,0,0,0,0,0
2020-05-30,US,Indiana,Carroll,93,2,0,40.580783200000006,-86.56198812,18015.0,459.10055783186067,2.150537634408602,91,92,2,0,90,93,20127,1,0,0,1,-1
2020-05-30,US,Indiana,Cass,1587,7,0,40.76135835,-86.34830753,18017.0,4210.777680490329,0.4410838059231254,1580,1589,7,0,1582,1589,37955,-2,0,0,-2,0
2020-05-30,US,Indiana,Clark,497,41,0,38.48015445,-85.70510334,18019.0,420.1112407228957,8.249496981891348,456,492,41,0,451,479,117360,5,0,0,5,13
2020-05-30,US,Indiana,Clay,51,1,0,39.39561833,-87.11723506,18021.0,194.47092469018116,1.96078431372549,50,47,1,0,46,46,26170,4,0,0,4,1
2020-05-30,US,Indiana,Clinton,227,1,0,40.30319754,-86.47277257,18023.0,700.6389086082904,0.4405286343612335,226,223,1,0,222,222,32250,4,0,0,4,1
2020-05-30,US,Indiana,Crawford,24,0,0,38.28814402,-86.44518825,18025.0,226.90744067315876,0.0,24,24,0,0,24,23,10558,0,0,0,0,1
2020-05-30,US,Indiana,Daviess,85,16,0,38.70186039,-87.07185406,18027.0,254.86492159155648,18.823529411764707,69,85,16,0,69,84,33147,0,0,0,0,1
2020-05-30,US,Indiana,DeKalb,37,1,0,41.39804622,-84.99906934,18033.0,85.1063829787234,2.702702702702702,36,33,1,0,32,33,43226,4,0,0,4,0
2020-05-30,US,Indiana,Dearborn,168,21,0,39.14647946,-84.97333539,18029.0,339.68215455538035,12.5,147,166,21,0,145,165,49568,2,0,0,2,1
2020-05-30,US,Indiana,Decatur,224,31,0,39.30712658,-85.50087166,18031.0,843.4052486915923,13.839285714285715,193,224,31,0,193,224,26794,0,0,0,0,0
2020-05-30,US,Indiana,Delaware,385,36,0,40.22787247,-85.39732772,18035.0,337.31984053971166,9.35064935064935,349,377,36,0,341,376,114772,8,0,0,8,1
2020-05-30,US,Indiana,Dubois,199,3,0,38.36597551,-86.87924170000002,18037.0,465.64956944964433,1.5075376884422111,196,192,3,0,189,190,42565,7,0,0,7,2
2020-05-30,US,Indiana,Elkhart,1262,28,0,41.59761169,-85.85875695,18039.0,611.6089386016351,2.218700475435816,1234,1163,28,0,1135,1101,205560,99,0,0,99,62
2020-05-30,US,Indiana,Fayette,77,7,0,39.63684962,-85.17797541,18041.0,333.30447580296084,9.090909090909092,70,76,7,0,69,74,23047,1,0,0,1,2
2020-05-30,US,Indiana,Floyd,318,39,0,38.32117957,-85.90385377,18043.0,404.9820432490257,12.264150943396224,279,318,39,0,279,317,77781,0,0,0,0,1
2020-05-30,US,Indiana,Fountain,21,2,0,40.12361933,-87.24217689,18045.0,128.47179738162242,9.523809523809524,19,20,2,0,18,18,16351,1,0,0,1,2
2020-05-30,US,Indiana,Franklin,110,8,0,39.4142482,-85.06062647,18047.0,483.3465155110291,7.272727272727272,102,109,8,0,101,109,22736,1,0,0,1,0
2020-05-30,US,Indiana,Fulton,49,1,0,41.0469907,-86.26252745,18049.0,245.3189145889657,2.0408163265306123,48,48,1,0,47,47,20092,1,0,0,1,1
2020-05-30,US,Indiana,Gibson,15,2,0,38.30393723,-87.58054938,18051.0,44.56460382067203,13.333333333333336,13,14,2,0,12,14,33452,1,0,0,1,0
2020-05-30,US,Indiana,Grant,210,22,0,40.51587228,-85.65468702,18053.0,319.2993659626876,10.476190476190476,188,206,21,0,185,197,65936,4,1,0,3,9
2020-05-30,US,Indiana,Greene,169,24,0,39.03630547,-86.96223202,18055.0,529.4154501597644,14.201183431952662,145,168,24,0,144,168,32006,1,0,0,1,0
2020-05-30,US,Indiana,Hamilton,1154,93,0,40.07306535,-86.05244729,18057.0,341.40900739916754,8.05892547660312,1061,1156,93,0,1063,1132,330086,-2,0,0,-2,24
2020-05-30,US,Indiana,Hancock,331,27,0,39.82304555,-85.77566351,18059.0,423.4469348070822,8.157099697885196,304,327,28,0,299,327,76351,4,-1,0,5,0
2020-05-30,US,Indiana,Harrison,194,22,0,38.19467379,-86.10948271,18061.0,478.83499938294466,11.340206185567009,172,192,21,0,171,189,40350,2,1,0,1,3
2020-05-30,US,Indiana,Hendricks,1166,71,0,39.76719009,-86.51037283,18063.0,684.6298829787859,6.089193825042883,1095,1161,71,0,1090,1142,167009,5,0,0,5,19
2020-05-30,US,Indiana,Henry,172,11,0,39.93029017,-85.39625719,18065.0,358.5424831151505,6.395348837209302,161,169,10,0,159,169,48271,3,1,0,2,0
2020-05-30,US,Indiana,Howard,404,28,0,40.48527731,-86.11351892,18067.0,489.4359371971312,6.9306930693069315,376,395,26,0,369,378,82366,9,2,0,7,17
2020-05-30,US,Indiana,Huntington,27,2,0,40.82907273,-85.48822092,18069.0,73.93209200438116,7.407407407407407,25,27,2,0,25,26,36240,0,0,0,0,1
2020-05-30,US,Indiana,Jackson,382,1,0,38.90915820000001,-86.03851889,18071.0,863.6476679252107,0.2617801047120419,381,379,1,0,378,372,44111,3,0,0,3,7
2020-05-30,US,Indiana,Jasper,66,1,0,41.02078733,-87.11553319,18073.0,196.6509743161909,1.5151515151515151,65,65,1,0,64,66,33370,1,0,0,1,-1
2020-05-30,US,Indiana,Jay,50,0,0,40.43781032,-85.00576229,18075.0,244.66627520062642,0.0,50,50,0,0,50,49,20764,0,0,0,0,1
2020-05-30,US,Indiana,Jefferson,45,1,0,38.78576239,-85.43633383,18077.0,139.28438776773555,2.2222222222222223,44,43,1,0,42,43,32208,2,0,0,2,0
2020-05-30,US,Indiana,Jennings,130,4,0,38.99588883,-85.62710784,18079.0,468.721831620696,3.0769230769230766,126,130,4,0,126,129,27611,0,0,0,0,1
2020-05-30,US,Indiana,Johnson,1097,108,0,39.48994426,-86.10149107,18081.0,693.5707195559123,9.845031905195992,989,1093,108,0,985,1092,156225,4,0,0,4,1
2020-05-30,US,Indiana,Knox,28,0,0,38.68861576,-87.4194665,18083.0,76.51527572826146,0.0,28,29,0,0,29,25,36895,-1,0,0,-1,4
2020-05-30,US,Indiana,Kosciusko,127,1,0,41.24521668,-85.86312322,18085.0,159.83689085783325,0.7874015748031497,126,111,1,0,110,101,79344,16,0,0,16,10
2020-05-30,US,Indiana,LaGrange,76,2,0,41.64232188,-85.42674232,18087.0,191.8513656788004,2.631578947368421,74,71,2,0,69,68,39330,5,0,0,5,3
2020-05-30,US,Indiana,LaPorte,430,23,0,41.54366008,-86.74072188,18091.0,391.30751310425165,5.348837209302325,407,424,23,0,401,420,110007,6,0,0,6,4
2020-05-30,US,Indiana,Lake,3573,186,0,41.41874274,-87.38277575,18089.0,735.9529385593613,5.205709487825357,3387,3538,185,0,3353,3494,484411,35,1,0,34,44
2020-05-30,US,Indiana,Lawrence,159,24,0,38.84112637,-86.48361629,18093.0,350.4518404231872,15.094339622641508,135,154,23,0,131,152,45668,5,1,0,4,2
2020-05-30,US,Indiana,Madison,586,59,0,40.16143691,-85.71964711,18095.0,452.268675377598,10.06825938566553,527,585,59,0,526,584,129641,1,0,0,1,1
2020-05-30,US,Indiana,Marion,9761,576,0,39.78163624,-86.13826325,18097.0,1011.9409236332422,5.901034730048151,9185,9616,571,0,9045,9524,954670,145,5,0,140,92
2020-05-30,US,Indiana,Marshall,102,1,0,41.32467367,-86.26185087,18099.0,220.50239958493663,0.9803921568627452,101,90,1,0,89,80,46248,12,0,0,12,10
2020-05-30,US,Indiana,Martin,11,0,0,38.7099921,-86.80373186,18101.0,107.26474890297415,0.0,11,11,0,0,11,9,10217,0,0,0,0,2
2020-05-30,US,Indiana,Miami,140,1,0,40.76940965,-86.04525048,18103.0,394.18853474490373,0.7142857142857143,139,141,1,0,140,140,35567,-1,0,0,-1,1
2020-05-30,US,Indiana,Monroe,167,12,0,39.16130004,-86.52414358,18105.0,112.51018991989544,7.185628742514971,155,166,12,0,154,165,146917,1,0,0,1,1
2020-05-30,US,Indiana,Montgomery,238,17,0,40.04034823,-86.89335024,18107.0,620.7939902968334,7.142857142857142,221,235,17,0,218,234,38346,3,0,0,3,1
2020-05-30,US,Indiana,Morgan,278,24,0,39.47899078,-86.44573375,18109.0,394.38777681624083,8.633093525179858,254,278,24,0,254,277,70116,0,0,0,0,1
2020-05-30,US,Indiana,Newton,77,10,0,40.95610449,-87.39635768,18111.0,550.6292906178489,12.987012987012987,67,77,10,0,67,76,14011,0,0,0,0,1
2020-05-30,US,Indiana,Noble,228,21,0,41.39672484,-85.41966713,18113.0,477.54691689008035,9.210526315789474,207,211,21,0,190,204,47532,17,0,0,17,7
2020-05-30,US,Indiana,Ohio,13,0,0,38.955304999999996,-84.96515993,18115.0,221.27659574468086,0.0,13,13,0,0,13,13,5844,0,0,0,0,0
2020-05-30,US,Indiana,Orange,126,22,0,38.54118920000001,-86.49523093,18117.0,641.3519291458821,17.460317460317462,104,125,22,0,103,124,19489,1,0,0,1,1
2020-05-30,US,Indiana,Owen,34,1,0,39.31145587,-86.83900724,18119.0,163.46939756719073,2.9411764705882355,33,34,1,0,33,35,20845,0,0,0,0,-1
2020-05-30,US,Indiana,Parke,17,0,0,39.77202286,-87.20375833,18121.0,100.37196670012399,0.0,17,17,0,0,17,19,16927,0,0,0,0,-2
2020-05-30,US,Indiana,Perry,32,0,0,38.07809328,-86.63741946,18123.0,166.9361990714174,0.0,32,31,0,0,31,28,19102,1,0,0,1,3
2020-05-30,US,Indiana,Pike,6,0,0,38.40112197,-87.23574907,18125.0,48.43005892323836,0.0,6,6,0,0,6,6,12410,0,0,0,0,0
2020-05-30,US,Indiana,Porter,534,28,0,41.45986947,-87.06848888,18127.0,313.40051294391066,5.243445692883896,506,516,27,0,489,505,169594,18,1,0,17,11
2020-05-30,US,Indiana,Posey,16,0,0,38.02097333,-87.86480429,18129.0,62.9252369528454,0.0,16,16,0,0,16,16,25540,0,0,0,0,0
2020-05-30,US,Indiana,Pulaski,46,0,0,41.04166107,-86.69890683,18131.0,372.379179146766,0.0,46,46,0,0,46,41,12469,0,0,0,0,5
2020-05-30,US,Indiana,Putnam,136,7,0,39.66437981,-86.84517605,18133.0,361.9331488183947,5.147058823529412,129,136,7,0,129,135,37779,0,0,0,0,1
2020-05-30,US,Indiana,Randolph,47,3,0,40.15734772,-85.01139319,18135.0,190.55341577133592,6.382978723404255,44,46,3,0,43,45,24851,1,0,0,1,1
2020-05-30,US,Indiana,Ripley,108,6,0,39.10235626,-85.26212744,18137.0,381.3020759779692,5.5555555555555545,102,108,6,0,102,110,28523,0,0,0,0,-2
2020-05-30,US,Indiana,Rush,46,2,0,39.62002287,-85.4655599,18139.0,277.42596948314343,4.3478260869565215,44,46,2,0,44,45,16663,0,0,0,0,1
2020-05-30,US,Indiana,Scott,119,3,0,38.68672078,-85.74627859,18143.0,498.4710761110878,2.5210084033613445,116,119,3,0,116,120,23878,0,0,0,0,-1
2020-05-30,US,Indiana,Shelby,371,22,0,39.52305623,-85.79158570000001,18145.0,829.439513514722,5.929919137466308,349,368,22,0,346,368,44593,3,0,0,3,0
2020-05-30,US,Indiana,Spencer,20,1,0,38.01519732,-87.0079644,18147.0,98.63392020515856,5.0,19,19,1,0,18,19,20327,1,0,0,1,0
2020-05-30,US,Indiana,St. Joseph,1266,34,0,41.61756781,-86.29040834,18141.0,465.73911252050937,2.6856240126382307,1232,1248,34,0,1214,1221,270771,18,0,0,18,27
2020-05-30,US,Indiana,Starke,39,3,0,41.27890281,-86.64686895,18149.0,169.60208741030658,7.6923076923076925,36,36,3,0,33,32,22935,3,0,0,3,4
2020-05-30,US,Indiana,Steuben,83,2,0,41.64423868,-85.00101094,18151.0,239.92599872810314,2.409638554216868,81,81,2,0,79,81,34586,2,0,0,2,0
2020-05-30,US,Indiana,Sullivan,35,1,0,39.08952258,-87.41414469,18153.0,169.33572016062703,2.8571428571428568,34,34,1,0,33,34,20690,1,0,0,1,0
2020-05-30,US,Indiana,Switzerland,20,0,0,38.82767338,-85.03022429,18155.0,186.0292065854339,0.0,20,20,0,0,20,19,10717,0,0,0,0,1
2020-05-30,US,Indiana,Tippecanoe,393,3,0,40.38872739,-86.89413959,18157.0,200.78474649009868,0.7633587786259542,390,390,3,0,387,382,193048,3,0,0,3,8
2020-05-30,US,Indiana,Tipton,25,1,0,40.31123252,-86.05234925,18159.0,165.03828888302087,4.0,24,25,1,0,24,24,15128,0,0,0,0,1
2020-05-30,US,Indiana,Unassigned,0,167,0,0.0,0.0,90018.0,0.0,0.0,-167,0,164,0,-164,0,,0,3,0,-3,0
2020-05-30,US,Indiana,Union,9,0,0,39.62550777,-84.92497066,18161.0,127.58718457612702,0.0,9,8,0,0,8,8,7037,1,0,0,1,0
2020-05-30,US,Indiana,Vanderburgh,266,2,0,38.02658833,-87.58763124,18163.0,146.59605072443804,0.7518796992481203,264,265,2,0,263,259,180974,1,0,0,1,6
2020-05-30,US,Indiana,Vermillion,10,0,0,39.8523352,-87.46160542,18165.0,64.5244547683572,0.0,10,10,0,0,10,10,15479,0,0,0,0,0
2020-05-30,US,Indiana,Vigo,168,8,0,39.42944561,-87.39169027,18167.0,156.95360526168275,4.761904761904762,160,164,8,0,156,153,107386,4,0,0,4,11
2020-05-30,US,Indiana,Wabash,77,2,0,40.84704239,-85.79328272,18169.0,248.41915085817524,2.5974025974025974,75,76,2,0,74,74,31280,1,0,0,1,2
2020-05-30,US,Indiana,Warren,12,1,0,40.34728141,-87.35602659,18171.0,145.19056261343013,8.333333333333334,11,12,1,0,11,12,8263,0,0,0,0,0
2020-05-30,US,Indiana,Warrick,166,28,0,38.08922676,-87.2716085,18173.0,263.5004285850345,16.867469879518072,138,166,28,0,138,165,62567,0,0,0,0,1
2020-05-30,US,Indiana,Washington,52,1,0,38.60219804,-86.1049363,18175.0,185.47581680696248,1.9230769230769231,51,52,1,0,51,51,27943,0,0,0,0,1
2020-05-30,US,Indiana,Wayne,78,5,0,39.863344399999995,-85.01044989,18177.0,118.38989739542222,6.410256410256411,73,77,6,0,71,75,65936,1,-1,0,2,2
2020-05-30,US,Indiana,Wells,31,0,0,40.72934187,-85.22132966,18179.0,109.55612100650268,0.0,31,28,0,0,28,27,28206,3,0,0,3,1
2020-05-30,US,Indiana,White,233,8,0,40.74911165,-86.86492015,18181.0,966.7247531325203,3.433476394849785,225,231,8,0,223,230,24133,2,0,0,2,1
2020-05-30,US,Indiana,Whitley,41,3,0,41.13863784,-85.50791236,18183.0,120.7160522906607,7.317073170731707,38,39,3,0,36,38,34074,2,0,0,2,1
2020-05-30,US,Iowa,Adair,9,0,0,41.33075609,-94.47105874,19001.0,125.83892617449663,0.0,9,9,0,0,9,8,7063,0,0,0,0,1
2020-05-30,US,Iowa,Adams,7,0,0,41.02903567,-94.69932645,19003.0,194.3364797334814,0.0,7,7,0,0,7,7,3645,0,0,0,0,0
2020-05-30,US,Iowa,Allamakee,120,4,0,43.28383218,-91.37860922,19005.0,876.7443559582084,3.333333333333333,116,120,4,0,116,120,13832,0,0,0,0,0
2020-05-30,US,Iowa,Appanoose,15,3,0,40.74324454,-92.86865906,19007.0,120.7146306132303,20.0,12,14,3,0,11,14,12437,1,0,0,1,0
2020-05-30,US,Iowa,Audubon,12,1,0,41.6844628,-94.90581859,19009.0,218.34061135371175,8.333333333333334,11,12,1,0,11,12,5506,0,0,0,0,0
2020-05-30,US,Iowa,Benton,41,1,0,42.08011739,-92.06463573,19011.0,159.87521934100215,2.4390243902439024,40,40,1,0,39,39,25642,1,0,0,1,1
2020-05-30,US,Iowa,Black Hawk,1739,44,0,42.4704581,-92.30524729,19013.0,1325.174505440912,2.530189764232317,1695,1730,44,0,1686,1724,132408,9,0,0,9,6
2020-05-30,US,Iowa,Boone,61,0,0,42.03657094,-93.9313999,19015.0,232.5226804909659,0.0,61,58,0,0,58,57,26346,3,0,0,3,1
2020-05-30,US,Iowa,Bremer,69,6,0,42.77461496,-92.31795937,19017.0,275.31721331098873,8.695652173913043,63,69,6,0,63,67,24947,0,0,0,0,2
2020-05-30,US,Iowa,Buchanan,33,0,0,42.4709188,-91.83510825,19019.0,155.84415584415584,0.0,33,32,0,0,32,32,21199,1,0,0,1,0
2020-05-30,US,Iowa,Buena Vista,735,0,0,42.73545875,-95.15100162,19021.0,3746.177370030581,0.0,735,721,0,0,721,702,19874,14,0,0,14,19
2020-05-30,US,Iowa,Butler,15,1,0,42.73172833,-92.79015971,19023.0,103.88531061707874,6.666666666666668,14,15,0,0,15,15,14539,0,1,0,-1,0
2020-05-30,US,Iowa,Calhoun,2,0,0,42.38521079,-94.64046046,19025.0,20.68680182043856,0.0,2,2,0,0,2,2,9699,0,0,0,0,0
2020-05-30,US,Iowa,Carroll,9,0,0,42.03617207,-94.86032705,19027.0,44.63178775105381,0.0,9,9,0,0,9,9,20154,0,0,0,0,0
2020-05-30,US,Iowa,Cass,12,0,0,41.33149454,-94.92792482,19029.0,93.48706762231224,0.0,12,12,0,0,12,11,12930,0,0,0,0,1
2020-05-30,US,Iowa,Cedar,46,1,0,41.77233777,-91.13246684,19031.0,246.95334729156602,2.1739130434782608,45,46,1,0,45,46,18627,0,0,0,0,0
2020-05-30,US,Iowa,Cerro Gordo,28,1,0,43.08177563,-93.2612239,19033.0,65.95995288574794,3.571428571428572,27,27,1,0,26,25,42647,1,0,0,1,2
2020-05-30,US,Iowa,Cherokee,28,0,0,42.73538914,-95.62389402,19035.0,249.2211838006231,0.0,28,27,0,0,27,24,11321,1,0,0,1,3
2020-05-30,US,Iowa,Chickasaw,10,0,0,43.06001295,-92.31773347,19037.0,83.80122349786306,0.0,10,10,0,0,10,8,11964,0,0,0,0,2
2020-05-30,US,Iowa,Clarke,53,0,0,41.02868181,-93.78499767,19039.0,564.129856306546,0.0,53,50,0,0,50,45,9423,3,0,0,3,5
2020-05-30,US,Iowa,Clay,15,0,0,43.08247182,-95.15096481,19041.0,93.65634365634364,0.0,15,13,0,0,13,13,16134,2,0,0,2,0
2020-05-30,US,Iowa,Clayton,34,3,0,42.84443388,-91.34133693,19043.0,193.74323323266282,8.823529411764708,31,33,3,0,30,32,17556,1,0,0,1,1
2020-05-30,US,Iowa,Clinton,61,1,0,41.89981633,-90.53275096,19045.0,131.3834026147451,1.639344262295082,60,60,1,0,59,60,46518,1,0,0,1,0
2020-05-30,US,Iowa,Crawford,514,2,0,42.03718237,-95.3819718,19047.0,3055.8858501783593,0.3891050583657588,512,501,2,0,499,489,17158,13,0,0,13,12
2020-05-30,US,Iowa,Dallas,892,20,0,41.68560356,-94.04127625,19049.0,954.4904925470556,2.242152466367713,872,886,20,0,866,875,90180,6,0,0,6,11
2020-05-30,US,Iowa,Davis,21,0,0,40.74773536,-92.41005468,19051.0,233.33333333333331,0.0,21,20,0,0,20,20,9017,1,0,0,1,0
2020-05-30,US,Iowa,Decatur,1,0,0,40.73742757,-93.78645949,19053.0,12.706480304955528,0.0,1,1,0,0,1,1,7890,0,0,0,0,0
2020-05-30,US,Iowa,Delaware,15,0,0,42.47104597,-91.3664492,19055.0,88.17823761095761,0.0,15,15,0,0,15,15,17069,0,0,0,0,0
2020-05-30,US,Iowa,Des Moines,62,1,0,40.92012606,-91.18326592,19057.0,159.10898965791569,1.6129032258064515,61,62,1,0,61,59,39138,0,0,0,0,3
2020-05-30,US,Iowa,Dickinson,20,0,0,43.37787725,-95.1510206,19059.0,115.88828369451849,0.0,20,19,0,0,19,16,17153,1,0,0,1,3
2020-05-30,US,Iowa,Dubuque,345,18,0,42.46815349,-90.88181925,19061.0,354.5334032123809,5.217391304347826,327,341,18,0,323,334,96854,4,0,0,4,7
2020-05-30,US,Iowa,Emmet,14,0,0,43.37782951,-94.67858943,19063.0,152.04170286707208,0.0,14,13,0,0,13,12,9253,1,0,0,1,1
2020-05-30,US,Iowa,Fayette,27,0,0,42.86271799,-91.84412309999999,19065.0,137.40458015267177,0.0,27,26,0,0,26,26,19660,1,0,0,1,0
2020-05-30,US,Iowa,Floyd,19,1,0,43.06000529999999,-92.78940097,19067.0,121.4678429868303,5.2631578947368425,18,19,1,0,18,18,15761,0,0,0,0,1
2020-05-30,US,Iowa,Franklin,13,0,0,42.73270384,-93.26256925,19069.0,129.09632571996028,0.0,13,12,0,0,12,10,10124,1,0,0,1,2
2020-05-30,US,Iowa,Fremont,4,0,0,40.74542720000001,-95.60129045,19071.0,57.4712643678161,0.0,4,4,0,0,4,4,6993,0,0,0,0,0
2020-05-30,US,Iowa,Greene,13,0,0,42.03614551,-94.39658081,19073.0,146.26462646264628,0.0,13,13,0,0,13,13,8981,0,0,0,0,0
2020-05-30,US,Iowa,Grundy,20,0,0,42.40183723,-92.78829551,19075.0,163.50555918901242,0.0,20,20,0,0,20,19,12304,0,0,0,0,1
2020-05-30,US,Iowa,Guthrie,50,3,0,41.68378965,-94.50111014,19077.0,467.77060529516325,6.0,47,50,3,0,47,46,10720,0,0,0,0,4
2020-05-30,US,Iowa,Hamilton,35,0,0,42.38382428,-93.70197703,19079.0,236.9187030393285,0.0,35,30,0,0,30,29,14952,5,0,0,5,1
2020-05-30,US,Iowa,Hancock,16,0,0,43.08178477,-93.73454884,19081.0,150.51740357478837,0.0,16,16,0,0,16,16,10712,0,0,0,0,0
2020-05-30,US,Iowa,Hardin,16,0,0,42.38353877,-93.23654611,19083.0,94.97803632909891,0.0,16,16,0,0,16,16,16868,0,0,0,0,0
2020-05-30,US,Iowa,Harrison,22,0,0,41.68330137,-95.81558439,19085.0,156.59477542885614,0.0,22,21,0,0,21,19,14134,1,0,0,1,2
2020-05-30,US,Iowa,Henry,71,1,0,40.98767962,-91.54436349,19087.0,355.81838227924226,1.4084507042253518,70,70,1,0,69,67,20067,1,0,0,1,3
2020-05-30,US,Iowa,Howard,12,0,0,43.35671042,-92.31702714,19089.0,131.03297663245252,0.0,12,12,0,0,12,12,9187,0,0,0,0,0
2020-05-30,US,Iowa,Humboldt,17,0,0,42.7764426,-94.20722537,19091.0,177.86147729650554,0.0,17,16,0,0,16,15,9547,1,0,0,1,1
2020-05-30,US,Iowa,Ida,14,0,0,42.38696136,-95.51355387,19093.0,204.08163265306126,0.0,14,14,0,0,14,14,6841,0,0,0,0,0
2020-05-30,US,Iowa,Iowa,33,0,0,41.68630265,-92.0643373,19095.0,203.90509144834405,0.0,33,34,0,0,34,35,16141,-1,0,0,-1,-1
2020-05-30,US,Iowa,Jackson,12,0,0,42.17178824,-90.57354837,19097.0,61.73157055404084,0.0,12,12,0,0,12,11,19432,0,0,0,0,1
2020-05-30,US,Iowa,Jasper,261,16,0,41.68576082,-93.05567785,19099.0,701.8959257765226,6.130268199233718,245,260,16,0,244,258,37147,1,0,0,1,2
2020-05-30,US,Iowa,Jefferson,23,0,0,41.03192394,-91.94849466,19101.0,125.7174091281771,0.0,23,21,0,0,21,19,18381,2,0,0,2,2
2020-05-30,US,Iowa,Johnson,614,9,0,41.67169354,-91.58754744,19103.0,406.2458647611486,1.4657980456026058,605,610,8,0,602,607,151260,4,1,0,3,3
2020-05-30,US,Iowa,Jones,36,0,0,42.12118609,-91.13139641,19105.0,174.07282046322712,0.0,36,36,0,0,36,36,20744,0,0,0,0,0
2020-05-30,US,Iowa,Keokuk,15,0,0,41.33649833,-92.1785067,19107.0,146.3985945734921,0.0,15,14,0,0,14,14,10225,1,0,0,1,0
2020-05-30,US,Iowa,Kossuth,9,0,0,43.20405458,-94.20691791,19109.0,60.75744278674138,0.0,9,9,0,0,9,9,14908,0,0,0,0,0
2020-05-30,US,Iowa,Lee,25,0,0,40.64181461,-91.48183025,19111.0,74.27875330540452,0.0,25,25,0,0,25,24,34055,0,0,0,0,1
2020-05-30,US,Iowa,Linn,949,76,0,42.07923082,-91.59809485,19113.0,418.6038305117642,8.008429926238145,873,945,76,0,869,941,225909,4,0,0,4,4
2020-05-30,US,Iowa,Louisa,343,11,0,41.21842119,-91.26102611,19115.0,3108.29179882193,3.206997084548105,332,341,11,0,330,342,11169,2,0,0,2,-1
2020-05-30,US,Iowa,Lucas,17,0,0,41.02958964,-93.32780803,19117.0,197.67441860465115,0.0,17,13,0,0,13,12,8645,4,0,0,4,1
2020-05-30,US,Iowa,Lyon,21,0,0,43.38107862,-96.20926845,19119.0,178.6473840918758,0.0,21,20,0,0,20,19,11811,1,0,0,1,1
2020-05-30,US,Iowa,Madison,28,2,0,41.33081904,-94.01554631,19121.0,171.37960582690658,7.142857142857142,26,27,1,0,26,27,16249,1,1,0,0,0
2020-05-30,US,Iowa,Mahaska,93,10,0,41.33521503,-92.64083907,19123.0,420.90970807875084,10.752688172043008,83,92,9,0,83,91,22000,1,1,0,0,1
2020-05-30,US,Iowa,Marion,32,0,0,41.33445101,-93.09934783,19125.0,96.23191892460831,0.0,32,32,0,0,32,31,33407,0,0,0,0,1
2020-05-30,US,Iowa,Marshall,892,16,0,42.03586837,-92.99908190000001,19127.0,2265.742081333029,1.7937219730941705,876,891,16,0,875,882,39981,1,0,0,1,9
2020-05-30,US,Iowa,Mills,19,0,0,41.03299766,-95.61920963,19129.0,125.75286253226555,0.0,19,16,0,0,16,16,15063,3,0,0,3,0
2020-05-30,US,Iowa,Mitchell,4,0,0,43.35638371,-92.78887719,19131.0,37.78575477045154,0.0,4,5,0,0,5,5,10569,-1,0,0,-1,0
2020-05-30,US,Iowa,Monona,24,0,0,42.05220391,-95.95743843,19133.0,278.5838653511317,0.0,24,24,0,0,24,24,8679,0,0,0,0,0
2020-05-30,US,Iowa,Monroe,38,5,0,41.02988815,-92.8690667,19135.0,493.0582587258336,13.157894736842106,33,38,5,0,33,38,7790,0,0,0,0,0
2020-05-30,US,Iowa,Montgomery,7,0,0,41.03018714,-95.15642896,19137.0,70.58586266007866,0.0,7,6,0,0,6,6,10003,1,0,0,1,0
2020-05-30,US,Iowa,Muscatine,556,41,0,41.48370744,-91.11216970000001,19139.0,1303.2064504031505,7.374100719424461,515,554,41,0,513,549,42929,2,0,0,2,5
2020-05-30,US,Iowa,O'Brien,27,0,0,43.08310673,-95.62474482,19141.0,196.32080273394897,0.0,27,28,0,0,28,27,13840,-1,0,0,-1,1
2020-05-30,US,Iowa,Osceola,33,0,0,43.37824276,-95.62422844,19143.0,553.8771399798592,0.0,33,32,0,0,32,32,6040,1,0,0,1,0
2020-05-30,US,Iowa,Page,13,0,0,40.7393172,-95.1497813,19145.0,86.05282319454557,0.0,13,11,0,0,11,11,15249,2,0,0,2,0
2020-05-30,US,Iowa,Palo Alto,6,0,0,43.08193849,-94.67824621,19147.0,67.5219446320054,0.0,6,6,0,0,6,3,8929,0,0,0,0,3
2020-05-30,US,Iowa,Plymouth,129,2,0,42.737633,-96.21366621,19149.0,512.372403384041,1.5503875968992251,127,127,2,0,125,119,25095,2,0,0,2,8
2020-05-30,US,Iowa,Pocahontas,11,0,0,42.73420133,-94.67862564,19151.0,166.18824595860403,0.0,11,11,0,0,11,10,6740,0,0,0,0,1
2020-05-30,US,Iowa,Polk,4160,125,0,41.68679484,-93.57767461,19153.0,848.7007330244553,3.0048076923076925,4035,4056,123,0,3933,3930,487204,104,2,0,102,126
2020-05-30,US,Iowa,Pottawattamie,257,8,0,41.33640314,-95.53907776,19155.0,275.73332188914884,3.1128404669260696,249,244,8,0,236,234,93533,13,0,0,13,10
2020-05-30,US,Iowa,Poweshiek,90,8,0,41.68625425,-92.53155731,19157.0,486.3813229571985,8.888888888888891,82,89,8,0,81,89,18699,1,0,0,1,0
2020-05-30,US,Iowa,Ringgold,4,0,0,40.73518949,-94.24368535,19159.0,81.73273395995095,0.0,4,4,0,0,4,4,4968,0,0,0,0,0
2020-05-30,US,Iowa,Sac,18,0,0,42.38624071,-95.10547892,19161.0,185.16613517127868,0.0,18,18,0,0,18,17,9719,0,0,0,0,1
2020-05-30,US,Iowa,Scott,358,10,0,41.63935978,-90.61959493,19163.0,207.0046200193127,2.793296089385475,348,357,10,0,347,352,173283,1,0,0,1,5
2020-05-30,US,Iowa,Shelby,37,0,0,41.6850066,-95.31015553,19165.0,323.031255456609,0.0,37,35,0,0,35,34,11578,2,0,0,2,1
2020-05-30,US,Iowa,Sioux,219,0,0,43.08221074,-96.17675679999999,19167.0,628.3173145890116,0.0,219,214,0,0,214,213,34909,5,0,0,5,1
2020-05-30,US,Iowa,Story,109,1,0,42.03621213,-93.46499005,19169.0,112.23575687057878,0.9174311926605504,108,105,1,0,104,99,98105,4,0,0,4,6
2020-05-30,US,Iowa,Tama,402,27,0,42.07991767,-92.53266945,19171.0,2385.190459238163,6.7164179104477615,375,401,27,0,374,400,16904,1,0,0,1,1
2020-05-30,US,Iowa,Taylor,54,0,0,40.73710579,-94.69778563,19173.0,882.2087894134945,0.0,54,51,0,0,51,49,6191,3,0,0,3,2
2020-05-30,US,Iowa,Unassigned,6,0,0,0.0,0.0,90019.0,0.0,0.0,6,1,0,0,1,1,,5,0,0,5,0
2020-05-30,US,Iowa,Union,7,0,0,41.0277278,-94.24234847,19175.0,57.18487051711462,0.0,7,7,0,0,7,7,12359,0,0,0,0,0
2020-05-30,US,Iowa,Van Buren,9,0,0,40.75326764,-91.95017958,19177.0,127.76831345826237,0.0,9,9,0,0,9,9,7020,0,0,0,0,0
2020-05-30,US,Iowa,Wapello,558,9,0,41.03064984,-92.40954728,19179.0,1595.6990477279874,1.6129032258064515,549,556,8,0,548,545,35205,2,1,0,1,11
2020-05-30,US,Iowa,Warren,126,0,0,41.33559454,-93.56007641,19181.0,244.8218241168927,0.0,126,121,0,0,121,116,51056,5,0,0,5,5
2020-05-30,US,Iowa,Washington,188,8,0,41.33577126,-91.71725711,19183.0,855.9071249715456,4.25531914893617,180,187,8,0,179,185,22141,1,0,0,1,2
2020-05-30,US,Iowa,Wayne,1,0,0,40.73969028,-93.32752197,19185.0,15.525539512498062,0.0,1,1,0,0,1,1,6401,0,0,0,0,0
2020-05-30,US,Iowa,Webster,39,1,0,42.42853483,-94.17987389,19187.0,108.62299465240642,2.5641025641025643,38,37,1,0,36,32,36277,2,0,0,2,5
2020-05-30,US,Iowa,Winnebago,11,0,0,43.37751174,-93.73407298,19189.0,106.23913463395789,0.0,11,11,0,0,11,11,10518,0,0,0,0,0
2020-05-30,US,Iowa,Winneshiek,24,0,0,43.29094334,-91.84422722,19191.0,120.05402431093992,0.0,24,23,0,0,23,23,20029,1,0,0,1,0
2020-05-30,US,Iowa,Woodbury,2740,34,0,42.38979414,-96.0459439,19193.0,2657.433539914846,1.2408759124087592,2706,2721,34,0,2687,2672,102539,19,0,0,19,49
2020-05-30,US,Iowa,Worth,3,0,0,43.37750768,-93.26087602,19195.0,40.64489906516732,0.0,3,3,0,0,3,3,7453,0,0,0,0,0
2020-05-30,US,Iowa,Wright,167,0,0,42.73305373,-93.73515113,19197.0,1329.4061455182296,0.0,167,153,0,0,153,145,12690,14,0,0,14,8
2020-05-30,US,Kansas,Allen,1,0,0,37.88582951,-95.30030847,20001.0,8.084727948904519,0.0,1,1,0,0,1,1,12444,0,0,0,0,0
2020-05-30,US,Kansas,Anderson,1,0,0,38.21413251,-95.29272815,20003.0,12.725884448969204,0.0,1,1,0,0,1,1,7878,0,0,0,0,0
2020-05-30,US,Kansas,Atchison,22,0,0,39.53185661,-95.30870026,20005.0,136.8755055061283,0.0,22,22,0,0,22,21,16193,0,0,0,0,1
2020-05-30,US,Kansas,Barber,1,0,0,37.2288586,-98.68460053,20007.0,22.588660492432798,0.0,1,1,0,0,1,1,4472,0,0,0,0,0
2020-05-30,US,Kansas,Barton,45,1,0,38.47889676,-98.75636726,20009.0,174.56068893285232,2.2222222222222223,44,45,1,0,44,45,26111,0,0,0,0,0
2020-05-30,US,Kansas,Bourbon,7,1,0,37.85508555,-94.84865997,20011.0,48.16292830604101,14.285714285714285,6,7,1,0,6,7,14653,0,0,0,0,0
2020-05-30,US,Kansas,Brown,6,0,0,39.82652589,-95.56421698,20013.0,62.73525721455458,0.0,6,6,0,0,6,6,9598,0,0,0,0,0
2020-05-30,US,Kansas,Butler,31,0,0,37.78134351,-96.83878537,20015.0,46.330199817668245,0.0,31,31,0,0,31,31,66765,0,0,0,0,0
2020-05-30,US,Kansas,Chase,4,0,0,38.30292938,-96.59563862,20017.0,151.0574018126888,0.0,4,4,0,0,4,4,2629,0,0,0,0,0
2020-05-30,US,Kansas,Chautauqua,4,0,0,37.14994405,-96.2454192,20019.0,123.07692307692308,0.0,4,4,0,0,4,4,3309,0,0,0,0,0
2020-05-30,US,Kansas,Cherokee,10,0,0,37.16928494,-94.8462897,20021.0,50.15296654797132,0.0,10,9,0,0,9,9,20015,1,0,0,1,0
2020-05-30,US,Kansas,Cheyenne,2,0,0,39.78580976,-101.7318201,20023.0,75.27286413248024,0.0,2,2,0,0,2,2,2660,0,0,0,0,0
2020-05-30,US,Kansas,Clark,33,1,0,37.23577007,-99.81883015,20025.0,1654.964894684052,3.0303030303030303,32,33,1,0,32,31,2005,0,0,0,0,2
2020-05-30,US,Kansas,Clay,5,2,0,39.34948772,-97.16518128,20027.0,62.48437890527367,40.0,3,5,2,0,3,5,7997,0,0,0,0,0
2020-05-30,US,Kansas,Cloud,5,0,0,39.48028352,-97.64925343,20029.0,56.908718415661276,0.0,5,5,0,0,5,5,8729,0,0,0,0,0
2020-05-30,US,Kansas,Coffey,50,8,0,38.2365018,-95.73379515,20031.0,611.321677466683,16.0,42,50,8,0,42,50,8233,0,0,0,0,0
2020-05-30,US,Kansas,Comanche,2,0,0,37.19114520000001,-99.27113247,20033.0,117.64705882352942,0.0,2,2,0,0,2,1,1748,0,0,0,0,1
2020-05-30,US,Kansas,Cowley,5,1,0,37.23781842,-96.83776647,20035.0,14.32336427180016,20.0,4,5,1,0,4,4,35218,0,0,0,0,1
2020-05-30,US,Kansas,Crawford,8,1,0,37.50675523,-94.85245778,20037.0,20.608995826678342,12.5,7,8,1,0,7,8,39019,0,0,0,0,0
2020-05-30,US,Kansas,Dickinson,3,0,0,38.86600962,-97.15532383,20041.0,16.246073865482508,0.0,3,3,0,0,3,3,18717,0,0,0,0,0
2020-05-30,US,Kansas,Doniphan,15,0,0,39.79067154,-95.14056866,20043.0,197.36842105263162,0.0,15,15,0,0,15,14,7682,0,0,0,0,1
2020-05-30,US,Kansas,Douglas,66,0,0,38.88503636,-95.2925121,20045.0,53.98375579711923,0.0,66,66,0,0,66,65,121436,0,0,0,0,1
2020-05-30,US,Kansas,Edwards,5,0,0,37.88735543,-99.31263309,20047.0,178.69907076483204,0.0,5,5,0,0,5,5,2849,0,0,0,0,0
2020-05-30,US,Kansas,Ellis,8,0,0,38.91458712,-99.31751551,20051.0,28.01807165621826,0.0,8,8,0,0,8,8,28710,0,0,0,0,0
2020-05-30,US,Kansas,Ellsworth,2,0,0,38.69677695,-98.20462799,20053.0,32.77613897082924,0.0,2,2,0,0,2,2,6196,0,0,0,0,0
2020-05-30,US,Kansas,Finney,1481,8,0,38.04340344,-100.73819379999999,20055.0,4061.2060218827983,0.5401755570560433,1473,1481,8,0,1473,1466,36611,0,0,0,0,15
2020-05-30,US,Kansas,Ford,1732,8,0,37.69200114,-99.88825298,20057.0,5151.848657009428,0.4618937644341801,1724,1732,8,0,1724,1622,33888,0,0,0,0,110
2020-05-30,US,Kansas,Franklin,34,0,0,38.56443815,-95.28644341,20059.0,133.10366426558096,0.0,34,34,0,0,34,34,25631,0,0,0,0,0
2020-05-30,US,Kansas,Geary,20,0,0,38.99871131,-96.7577178,20061.0,63.15124723713294,0.0,20,20,0,0,20,20,32594,0,0,0,0,0
2020-05-30,US,Kansas,Gove,1,0,0,38.91588178,-100.4829321,20063.0,37.93626707132018,0.0,1,1,0,0,1,1,2612,0,0,0,0,0
2020-05-30,US,Kansas,Grant,18,0,0,37.56227336,-101.3079758,20067.0,251.74825174825176,0.0,18,18,0,0,18,18,7336,0,0,0,0,0
2020-05-30,US,Kansas,Gray,22,0,0,37.73836671,-100.4369088,20069.0,367.4014696058785,0.0,22,22,0,0,22,22,6033,0,0,0,0,0
2020-05-30,US,Kansas,Greenwood,9,0,0,37.8774388,-96.23250453,20073.0,150.45135406218657,0.0,9,8,0,0,8,3,6055,1,0,0,1,5
2020-05-30,US,Kansas,Hamilton,17,0,0,37.99978709,-101.7921066,20075.0,669.5549428909019,0.0,17,17,0,0,17,16,2607,0,0,0,0,1
2020-05-30,US,Kansas,Harper,2,0,0,37.19175361,-98.07578384,20077.0,36.79175864606328,0.0,2,2,0,0,2,2,5506,0,0,0,0,0
2020-05-30,US,Kansas,Harvey,11,0,0,38.04293782,-97.42747573,20079.0,31.949809753405557,0.0,11,11,0,0,11,11,34210,0,0,0,0,0
2020-05-30,US,Kansas,Haskell,21,0,0,37.562039399999996,-100.8710738,20081.0,529.233870967742,0.0,21,21,0,0,21,18,3997,0,0,0,0,3
2020-05-30,US,Kansas,Hodgeman,5,0,0,38.08780079,-99.89829881,20083.0,278.70680044593087,0.0,5,4,0,0,4,1,1818,1,0,0,1,3
2020-05-30,US,Kansas,Jackson,96,1,0,39.41673394,-95.79356799,20085.0,728.8740414547111,1.0416666666666667,95,96,1,0,95,95,13280,0,0,0,0,1
2020-05-30,US,Kansas,Jefferson,22,0,0,39.2347941,-95.38289232,20087.0,115.52801554376936,0.0,22,22,0,0,22,22,18975,0,0,0,0,0
2020-05-30,US,Kansas,Jewell,4,0,0,39.78470589,-98.21820662,20089.0,138.9371309482459,0.0,4,4,0,0,4,4,2841,0,0,0,0,0
2020-05-30,US,Kansas,Johnson,812,62,0,38.88548175,-94.82250877,20091.0,134.79393294499843,7.635467980295568,750,801,62,0,739,771,597555,11,0,0,11,30
2020-05-30,US,Kansas,Kearny,45,1,0,38.00017981,-101.32168100000001,20093.0,1172.4856696195934,2.2222222222222223,44,45,1,0,44,44,3943,0,0,0,0,1
2020-05-30,US,Kansas,Kiowa,2,0,0,37.55848695,-99.2856537,20097.0,80.8080808080808,0.0,2,2,0,0,2,2,2516,0,0,0,0,0
2020-05-30,US,Kansas,Labette,22,0,0,37.19113093,-95.29849679,20099.0,112.141910490366,0.0,22,22,0,0,22,22,19964,0,0,0,0,0
2020-05-30,US,Kansas,Lane,3,0,0,38.48119447,-100.46607540000001,20101.0,195.4397394136808,0.0,3,3,0,0,3,3,1560,0,0,0,0,0
2020-05-30,US,Kansas,Leavenworth,1082,7,0,39.20183497,-95.03620809,20103.0,1323.4178918270995,0.6469500924214417,1075,1082,7,0,1075,1076,81352,0,0,0,0,6
2020-05-30,US,Kansas,Linn,11,0,0,38.21267844,-94.84254089,20107.0,113.36699989693909,0.0,11,11,0,0,11,7,9750,0,0,0,0,4
2020-05-30,US,Kansas,Lyon,354,3,0,38.45576156,-96.15275715,20111.0,1066.4256665160415,0.8474576271186439,351,354,3,0,351,339,33406,0,0,0,0,15
2020-05-30,US,Kansas,Marion,5,1,0,38.35855394,-97.09852509999999,20115.0,42.07337596768765,20.0,4,5,1,0,4,5,11950,0,0,0,0,0
2020-05-30,US,Kansas,McPherson,27,0,0,38.39184858,-97.64769869,20113.0,94.59743535841919,0.0,27,27,0,0,27,27,28537,0,0,0,0,0
2020-05-30,US,Kansas,Meade,29,0,0,37.23859987,-100.36483100000001,20119.0,719.0676915447557,0.0,29,29,0,0,29,26,4146,0,0,0,0,3
2020-05-30,US,Kansas,Miami,7,0,0,38.56383358,-94.83832189,20121.0,20.445716622367613,0.0,7,7,0,0,7,7,33680,0,0,0,0,0
2020-05-30,US,Kansas,Mitchell,4,0,0,39.39331582,-98.20906732,20123.0,66.9008195350393,0.0,4,4,0,0,4,3,6150,0,0,0,0,1
2020-05-30,US,Kansas,Montgomery,20,2,0,37.19236568,-95.74329258,20125.0,62.835778692387436,10.0,18,20,2,0,18,20,32120,0,0,0,0,0
2020-05-30,US,Kansas,Morris,5,0,0,38.68827511,-96.65128437,20127.0,88.96797153024912,0.0,5,5,0,0,5,5,5521,0,0,0,0,0
2020-05-30,US,Kansas,Morton,5,0,0,37.19141121,-101.79925190000002,20129.0,193.27406262079631,0.0,5,5,0,0,5,4,2667,0,0,0,0,1
2020-05-30,US,Kansas,Nemaha,16,0,0,39.78345387,-96.01392079,20131.0,156.38744990714494,0.0,16,16,0,0,16,15,10155,0,0,0,0,1
2020-05-30,US,Kansas,Neosho,2,0,0,37.55862897,-95.30670046,20133.0,12.494533641531827,0.0,2,2,0,0,2,2,15951,0,0,0,0,0
2020-05-30,US,Kansas,Ness,1,0,0,38.47974157,-99.91547333,20135.0,36.36363636363637,0.0,1,1,0,0,1,1,2840,0,0,0,0,0
2020-05-30,US,Kansas,Norton,2,0,0,39.78443827,-99.90286639,20137.0,37.30647267300878,0.0,2,2,0,0,2,2,5430,0,0,0,0,0
2020-05-30,US,Kansas,Osage,7,0,0,38.65235984,-95.72707998,20139.0,43.889899053232185,0.0,7,7,0,0,7,7,15941,0,0,0,0,0
2020-05-30,US,Kansas,Osborne,2,0,0,39.3503437,-98.76753828,20141.0,58.46243788365975,0.0,2,2,0,0,2,2,3475,0,0,0,0,0
2020-05-30,US,Kansas,Ottawa,4,0,0,39.13237408,-97.65020313,20143.0,70.12622720897616,0.0,4,4,0,0,4,4,5802,0,0,0,0,0
2020-05-30,US,Kansas,Phillips,2,0,0,39.78465501,-99.34668865,20147.0,38.211692777990066,0.0,2,2,0,0,2,2,5317,0,0,0,0,0
2020-05-30,US,Kansas,Pottawatomie,25,0,0,39.37925655,-96.34564657,20149.0,102.5304515441086,0.0,25,25,0,0,25,23,24277,0,0,0,0,2
2020-05-30,US,Kansas,Pratt,2,0,0,37.64780729,-98.73922153,20151.0,21.824530772588393,0.0,2,2,0,0,2,1,9378,0,0,0,0,1
2020-05-30,US,Kansas,Reno,43,0,0,37.95230263,-98.08607292,20155.0,69.3570760347108,0.0,43,43,0,0,43,43,62342,0,0,0,0,0
2020-05-30,US,Kansas,Republic,4,0,0,39.82799632,-97.65036709,20157.0,86.28127696289906,0.0,4,4,0,0,4,4,4664,0,0,0,0,0
2020-05-30,US,Kansas,Rice,4,0,0,38.34616184,-98.19992118,20159.0,41.94191045402118,0.0,4,4,0,0,4,4,9531,0,0,0,0,0
2020-05-30,US,Kansas,Riley,64,1,0,39.28935726,-96.73420026,20161.0,86.21618708912598,1.5625,63,64,1,0,63,64,73703,0,0,0,0,0
2020-05-30,US,Kansas,Rooks,6,0,0,39.35022773,-99.32484567,20163.0,121.95121951219512,0.0,6,6,0,0,6,6,5013,0,0,0,0,0
2020-05-30,US,Kansas,Saline,25,2,0,38.78369175,-97.65185177,20169.0,46.10504573620537,8.0,23,25,2,0,23,25,54401,0,0,0,0,0
2020-05-30,US,Kansas,Scott,14,0,0,38.48222076,-100.90665390000001,20171.0,290.2757619738752,0.0,14,14,0,0,14,13,4897,0,0,0,0,1
2020-05-30,US,Kansas,Sedgwick,580,21,0,37.6842718,-97.4608198,20173.0,112.39395243022855,3.6206896551724137,559,575,21,0,554,573,513607,5,0,0,5,2
2020-05-30,US,Kansas,Seward,883,2,0,37.19324632,-100.85072009999999,20175.0,4120.776554041441,0.2265005662514156,881,883,2,0,881,856,21780,0,0,0,0,27
2020-05-30,US,Kansas,Shawnee,300,7,0,39.04100763,-95.75572640000001,20177.0,169.61130742049468,2.333333333333333,293,294,7,0,287,274,177499,6,0,0,6,20
2020-05-30,US,Kansas,Sheridan,2,0,0,39.35018161,-100.44182590000001,20179.0,79.33359777865927,0.0,2,2,0,0,2,2,2533,0,0,0,0,0
2020-05-30,US,Kansas,Sherman,7,0,0,39.35147699,-101.71976240000001,20181.0,118.30319418624303,0.0,7,7,0,0,7,7,5899,0,0,0,0,0
2020-05-30,US,Kansas,Smith,2,0,0,39.78516566,-98.78566062,20183.0,55.81914596706671,0.0,2,2,0,0,2,2,3603,0,0,0,0,0
2020-05-30,US,Kansas,Stafford,1,0,0,38.03100851,-98.71762001,20185.0,24.06159769008662,0.0,1,1,0,0,1,1,4178,0,0,0,0,0
2020-05-30,US,Kansas,Stanton,9,0,0,37.56304714,-101.78435340000001,20187.0,448.65403788634103,0.0,9,9,0,0,9,9,1987,0,0,0,0,0
2020-05-30,US,Kansas,Stevens,30,0,0,37.1923008,-101.3118967,20189.0,546.9462169553327,0.0,30,29,0,0,29,27,5559,1,0,0,1,2
2020-05-30,US,Kansas,Sumner,8,1,0,37.23682549,-97.47721621,20191.0,35.032404974601505,12.5,7,8,1,0,7,6,22996,0,0,0,0,2
2020-05-30,US,Kansas,Trego,1,0,0,38.91467218,-99.87284448,20195.0,35.676061362825536,0.0,1,1,0,0,1,1,2793,0,0,0,0,0
2020-05-30,US,Kansas,Wabaunsee,31,0,0,38.95471985,-96.20350509,20197.0,447.2659067955562,0.0,31,31,0,0,31,31,6899,0,0,0,0,0
2020-05-30,US,Kansas,Wilson,1,0,0,37.55937174,-95.74323255,20205.0,11.730205278592374,0.0,1,1,0,0,1,1,8665,0,0,0,0,0
2020-05-30,US,Kansas,Woodson,6,0,0,37.8865336,-95.74006277,20207.0,191.20458891013385,0.0,6,6,0,0,6,6,3183,0,0,0,0,0
2020-05-30,US,Kansas,Wyandotte,1337,73,0,39.11727348,-94.76378225,20209.0,808.2017058677742,5.459985041136874,1264,1335,73,0,1262,1308,165324,2,0,0,2,27
2020-05-30,US,Kentucky,Adair,97,19,0,37.10459774,-85.28129668,21001.0,505.15571294656814,19.587628865979386,78,97,19,0,78,96,19215,0,0,0,0,1
2020-05-30,US,Kentucky,Allen,70,3,0,36.75197631,-86.19457544,21003.0,328.40722495894914,4.285714285714286,67,70,3,0,67,63,21122,0,0,0,0,7
2020-05-30,US,Kentucky,Anderson,18,1,0,38.00671029,-84.99171713,21005.0,79.13131401943113,5.5555555555555545,17,18,1,0,17,16,22663,0,0,0,0,2
2020-05-30,US,Kentucky,Ballard,12,0,0,37.05842757,-88.99427697,21007.0,152.1298174442191,0.0,12,10,0,0,10,10,7979,2,0,0,2,0
2020-05-30,US,Kentucky,Barren,45,1,0,36.96469836,-85.93338945,21009.0,101.69721349635022,2.2222222222222223,44,45,1,0,44,44,44176,0,0,0,0,1
2020-05-30,US,Kentucky,Bath,9,1,0,38.14735938,-83.74588932,21011.0,72.0,11.111111111111109,8,9,1,0,8,8,12383,0,0,0,0,1
2020-05-30,US,Kentucky,Bell,1,0,0,36.73355174,-83.67766671,21013.0,3.8414259373079287,0.0,1,1,0,0,1,1,26569,0,0,0,0,0
2020-05-30,US,Kentucky,Boone,436,17,0,38.97065142,-84.72615357,21015.0,326.3937236583047,3.8990825688073394,419,423,17,0,406,409,131533,13,0,0,13,14
2020-05-30,US,Kentucky,Bourbon,11,1,0,38.2054607,-84.21827874,21017.0,55.589246007681425,9.090909090909092,10,10,1,0,9,10,20184,1,0,0,1,0
2020-05-30,US,Kentucky,Boyd,39,3,0,38.36176608,-82.68652187,21019.0,83.47960101031723,7.6923076923076925,36,39,3,0,36,39,47240,0,0,0,0,0
2020-05-30,US,Kentucky,Boyle,25,0,0,37.62680923,-84.8633779,21021.0,83.166999334664,0.0,25,23,0,0,23,23,30100,2,0,0,2,0
2020-05-30,US,Kentucky,Bracken,12,0,0,38.69158994,-84.08532444,21023.0,144.52607491268216,0.0,12,11,0,0,11,11,8239,1,0,0,1,0
2020-05-30,US,Kentucky,Breathitt,3,0,0,37.52333168,-83.31959161,21025.0,23.752969121140147,0.0,3,3,0,0,3,3,12726,0,0,0,0,0
2020-05-30,US,Kentucky,Breckinridge,17,2,0,37.77377239,-86.42885017,21027.0,83.01997362894957,11.764705882352944,15,17,2,0,15,17,20388,0,0,0,0,0
2020-05-30,US,Kentucky,Bullitt,111,4,0,37.97162523,-85.68955617,21029.0,135.90283559429943,3.603603603603604,107,111,4,0,107,109,81069,0,0,0,0,2
2020-05-30,US,Kentucky,Butler,228,13,0,37.20946153,-86.68748787,21031.0,1770.3237829023992,5.701754385964912,215,228,13,0,215,227,12772,0,0,0,0,1
2020-05-30,US,Kentucky,Caldwell,12,0,0,37.14749129,-87.86948214,21033.0,94.13979759943516,0.0,12,12,0,0,12,12,12715,0,0,0,0,0
2020-05-30,US,Kentucky,Calloway,50,1,0,36.62093411,-88.2731593,21035.0,128.20184097843642,2.0,49,50,1,0,49,48,39135,0,0,0,0,2
2020-05-30,US,Kentucky,Campbell,173,11,0,38.94384345,-84.37875208,21037.0,184.8606599418704,6.3583815028901745,162,164,11,0,153,153,93152,9,0,0,9,11
2020-05-30,US,Kentucky,Carlisle,5,1,0,36.85372876,-88.96692220000001,21039.0,105.04201680672269,20.0,4,5,1,0,4,5,4771,0,0,0,0,0
2020-05-30,US,Kentucky,Carroll,12,0,0,38.66599534,-85.12601074,21041.0,112.87743391966889,0.0,12,11,0,0,11,10,10737,1,0,0,1,1
2020-05-30,US,Kentucky,Carter,11,0,0,38.31690743,-83.05092385,21043.0,41.04937119826846,0.0,11,9,0,0,9,9,27004,2,0,0,2,0
2020-05-30,US,Kentucky,Casey,3,0,0,37.32533118,-84.92726209,21045.0,18.565505291169007,0.0,3,3,0,0,3,2,15888,0,0,0,0,1
2020-05-30,US,Kentucky,Christian,110,3,0,36.89267803,-87.49055367,21047.0,156.1147301344006,2.727272727272727,107,109,3,0,106,107,71671,1,0,0,1,2
2020-05-30,US,Kentucky,Clark,41,0,0,37.9689263,-84.14615986,21049.0,113.06290158012301,0.0,41,39,0,0,39,38,36249,2,0,0,2,1
2020-05-30,US,Kentucky,Clay,7,0,0,37.16451126,-83.712575,21051.0,35.1741118536757,0.0,7,7,0,0,7,7,20105,0,0,0,0,0
2020-05-30,US,Kentucky,Clinton,3,0,0,36.72581156,-85.13377529,21053.0,29.35995302407516,0.0,3,3,0,0,3,3,10206,0,0,0,0,0
2020-05-30,US,Kentucky,Crittenden,6,1,0,37.35839237,-88.08826090000002,21055.0,68.1353622530093,16.666666666666668,5,6,1,0,5,5,8915,0,0,0,0,1
2020-05-30,US,Kentucky,Cumberland,5,0,0,36.78926125,-85.39050034,21057.0,75.59721802237678,0.0,5,5,0,0,5,5,6659,0,0,0,0,0
2020-05-30,US,Kentucky,Daviess,317,6,0,37.73028906,-87.09019479999998,21059.0,312.28142762853287,1.892744479495268,311,316,6,0,310,313,101104,1,0,0,1,3
2020-05-30,US,Kentucky,Edmonson,56,9,0,37.21218923,-86.23955613,21061.0,460.90534979423865,16.071428571428573,47,56,9,0,47,56,12274,0,0,0,0,0
2020-05-30,US,Kentucky,Elliott,1,0,0,38.11624059,-83.09771563,21063.0,13.303179459890915,0.0,1,1,0,0,1,1,7508,0,0,0,0,0
2020-05-30,US,Kentucky,Fayette,714,13,0,38.0368225,-84.45576892,21067.0,220.9486557409516,1.8207282913165264,701,702,13,0,689,661,323780,12,0,0,12,41
2020-05-30,US,Kentucky,Fleming,3,0,0,38.36758311,-83.69657514,21069.0,20.574720526712845,0.0,3,3,0,0,3,3,14432,0,0,0,0,0
2020-05-30,US,Kentucky,Floyd,16,0,0,37.56213922,-82.74750924,21071.0,44.957711652476895,0.0,16,16,0,0,16,16,35845,0,0,0,0,0
2020-05-30,US,Kentucky,Franklin,38,0,0,38.2379395,-84.87962551,21073.0,74.52295503128003,0.0,38,35,0,0,35,28,50815,3,0,0,3,7
2020-05-30,US,Kentucky,Fulton,7,0,0,36.55238827,-89.20140068,21075.0,117.27257497068186,0.0,7,6,0,0,6,5,6120,1,0,0,1,1
2020-05-30,US,Kentucky,Gallatin,36,3,0,38.75398691,-84.8558382,21077.0,405.90821964144766,8.333333333333334,33,33,2,0,31,15,8832,3,1,0,2,18
2020-05-30,US,Kentucky,Garrard,5,0,0,37.638866799999995,-84.53289319,21079.0,28.302954828484093,0.0,5,5,0,0,5,5,17560,0,0,0,0,0
2020-05-30,US,Kentucky,Grant,42,4,0,38.64962758,-84.62415957,21081.0,167.5375962343931,9.523809523809524,38,41,4,0,37,39,25121,1,0,0,1,2
2020-05-30,US,Kentucky,Graves,165,19,0,36.72292505,-88.65143315,21083.0,442.7628401223637,11.515151515151516,146,162,19,0,143,159,37317,3,0,0,3,3
2020-05-30,US,Kentucky,Grayson,124,8,0,37.46231118,-86.34248968,21085.0,469.2170885836455,6.451612903225807,116,124,8,0,116,124,26321,0,0,0,0,0
2020-05-30,US,Kentucky,Green,1,0,0,37.26484328,-85.5540745,21087.0,9.139932364500504,0.0,1,1,0,0,1,1,11049,0,0,0,0,0
2020-05-30,US,Kentucky,Greenup,14,0,0,38.54332505,-82.9215658,21089.0,39.88831272437176,0.0,14,14,0,0,14,14,35268,0,0,0,0,0
2020-05-30,US,Kentucky,Hancock,7,0,0,37.83766422,-86.78280584,21091.0,80.25682182985555,0.0,7,7,0,0,7,7,8758,0,0,0,0,0
2020-05-30,US,Kentucky,Hardin,102,2,0,37.6976111,-85.96319251,21093.0,91.92667495809224,1.96078431372549,100,100,2,0,98,99,110356,2,0,0,2,1
2020-05-30,US,Kentucky,Harlan,1,0,0,36.85699301,-83.21899516,21095.0,3.8446751249519417,0.0,1,1,0,0,1,1,26409,0,0,0,0,0
2020-05-30,US,Kentucky,Harrison,18,0,0,38.44188174,-84.32869741,21097.0,95.3086942708885,0.0,18,18,0,0,18,18,18778,0,0,0,0,0
2020-05-30,US,Kentucky,Hart,22,0,0,37.29943898,-85.88461055,21099.0,115.57656947727871,0.0,22,21,0,0,21,21,18906,1,0,0,1,0
2020-05-30,US,Kentucky,Henderson,110,3,0,37.79344553,-87.57392021,21101.0,243.30900243309003,2.727272727272727,107,106,3,0,103,103,45591,4,0,0,4,3
2020-05-30,US,Kentucky,Henry,22,0,0,38.44942688,-85.11587507,21103.0,136.4256480218281,0.0,22,19,0,0,19,19,16106,3,0,0,3,0
2020-05-30,US,Kentucky,Hickman,5,0,0,36.67948079999999,-88.97875928,21105.0,114.15525114155253,0.0,5,5,0,0,5,5,4421,0,0,0,0,0
2020-05-30,US,Kentucky,Hopkins,221,30,0,37.30939025,-87.54670406,21107.0,494.5620552298259,13.574660633484163,191,221,29,0,192,221,45068,0,1,0,-1,0
2020-05-30,US,Kentucky,Jackson,61,13,0,37.41866422,-83.99825483,21109.0,457.6487358391477,21.311475409836067,48,61,13,0,48,61,13442,0,0,0,0,0
2020-05-30,US,Kentucky,Jefferson,2437,153,0,38.18664655,-85.65931031,21111.0,317.83211630281824,6.2782109150595,2284,2329,145,0,2184,2267,770517,108,8,0,100,62
2020-05-30,US,Kentucky,Jessamine,62,0,0,37.87119786,-84.58252003,21113.0,114.57082139887275,0.0,62,57,0,0,57,56,53920,5,0,0,5,1
2020-05-30,US,Kentucky,Johnson,5,0,0,37.85106355,-82.8264322,21115.0,22.534703443302693,0.0,5,5,0,0,5,5,22386,0,0,0,0,0
2020-05-30,US,Kentucky,Kenton,585,33,0,38.93950319,-84.53241199,21117.0,350.30359645025686,5.641025641025642,552,566,33,0,533,547,166051,19,0,0,19,19
2020-05-30,US,Kentucky,Knott,4,0,0,37.35388197,-82.94981134,21119.0,27.016074564365802,0.0,4,4,0,0,4,4,15126,0,0,0,0,0
2020-05-30,US,Kentucky,Knox,8,0,0,36.89225732,-83.85403396,21121.0,25.686305988120083,0.0,8,8,0,0,8,8,31304,0,0,0,0,0
2020-05-30,US,Kentucky,Larue,8,0,0,37.54567114,-85.70138352,21123.0,55.563272676760654,0.0,8,7,0,0,7,7,14307,1,0,0,1,0
2020-05-30,US,Kentucky,Laurel,21,2,0,37.10975748,-84.11321779,21125.0,34.532090178086925,9.523809523809524,19,21,2,0,19,21,60669,0,0,0,0,0
2020-05-30,US,Kentucky,Lawrence,2,0,0,38.07136018,-82.72882223,21127.0,13.057387216817913,0.0,2,2,0,0,2,2,15571,0,0,0,0,0
2020-05-30,US,Kentucky,Lee,1,0,0,37.59645942,-83.71513901,21129.0,13.508037282182901,0.0,1,1,0,0,1,1,7033,0,0,0,0,0
2020-05-30,US,Kentucky,Leslie,6,0,0,37.09246661,-83.37999606,21131.0,60.74719044244203,0.0,6,6,0,0,6,6,10143,0,0,0,0,0
2020-05-30,US,Kentucky,Letcher,4,0,0,37.12306748,-82.85346474,21133.0,18.558901313042266,0.0,4,4,0,0,4,4,21899,0,0,0,0,0
2020-05-30,US,Kentucky,Lewis,7,0,0,38.53184419,-83.37735618,21135.0,52.730696798493405,0.0,7,7,0,0,7,7,13257,0,0,0,0,0
2020-05-30,US,Kentucky,Lincoln,8,1,0,37.45475628,-84.6565327,21137.0,32.58788545358263,12.5,7,8,1,0,7,8,24644,0,0,0,0,0
2020-05-30,US,Kentucky,Livingston,9,0,0,37.21137452,-88.34797529,21139.0,97.88992821405265,0.0,9,9,0,0,9,9,9242,0,0,0,0,0
2020-05-30,US,Kentucky,Logan,145,3,0,36.85949479,-86.877635,21141.0,535.01586598775,2.0689655172413794,142,139,3,0,136,128,26989,6,0,0,6,11
2020-05-30,US,Kentucky,Lyon,15,3,0,37.02080035,-88.07886257,21143.0,182.70401948842877,20.0,12,14,3,0,11,14,8009,1,0,0,1,0
2020-05-30,US,Kentucky,Madison,55,1,0,37.71659336,-84.27220275,21151.0,59.148052953638675,1.818181818181818,54,50,1,0,49,47,92368,5,0,0,5,3
2020-05-30,US,Kentucky,Magoffin,2,0,0,37.70820545,-83.0657714,21153.0,16.446015952635474,0.0,2,2,0,0,2,2,12362,0,0,0,0,0
2020-05-30,US,Kentucky,Marion,21,0,0,37.55218078,-85.26898542,21155.0,108.96072225393036,0.0,21,20,0,0,20,20,19404,1,0,0,1,0
2020-05-30,US,Kentucky,Marshall,38,2,0,36.88007070000001,-88.32803576,21157.0,122.18649517684887,5.2631578947368425,36,38,2,0,36,37,31191,0,0,0,0,1
2020-05-30,US,Kentucky,Martin,3,0,0,37.79990579,-82.51247478,21159.0,26.797677534613662,0.0,3,3,0,0,3,3,11323,0,0,0,0,0
2020-05-30,US,Kentucky,Mason,9,0,0,38.59471935,-83.82151043,21161.0,52.72407732864674,0.0,9,9,0,0,9,9,17150,0,0,0,0,0
2020-05-30,US,Kentucky,McCracken,95,2,0,37.05350953,-88.70445755,21145.0,145.21997003882726,2.1052631578947367,93,95,2,0,93,95,65346,0,0,0,0,0
2020-05-30,US,Kentucky,McCreary,13,0,0,36.73874143,-84.48102924,21147.0,75.44541814172132,0.0,13,13,0,0,13,13,17408,0,0,0,0,0
2020-05-30,US,Kentucky,McLean,22,1,0,37.5301951,-87.26803443,21149.0,238.94862604540023,4.545454545454546,21,22,1,0,21,22,9252,0,0,0,0,0
2020-05-30,US,Kentucky,Meade,22,2,0,37.96163597,-86.21028219,21163.0,76.99846003079938,9.090909090909092,20,21,2,0,19,21,28715,1,0,0,1,0
2020-05-30,US,Kentucky,Menifee,10,0,0,37.94090733,-83.59985712,21165.0,154.10695022345507,0.0,10,10,0,0,10,10,6451,0,0,0,0,0
2020-05-30,US,Kentucky,Mercer,13,0,0,37.81474237,-84.87488475,21167.0,59.271417498746175,0.0,13,13,0,0,13,13,21774,0,0,0,0,0
2020-05-30,US,Kentucky,Metcalfe,6,1,0,36.99459295,-85.63123699,21169.0,59.577003276735184,16.666666666666668,5,6,0,0,6,4,10030,0,1,0,-1,2
2020-05-30,US,Kentucky,Monroe,17,0,0,36.71225341,-85.71596443,21171.0,159.6244131455399,0.0,17,16,0,0,16,16,10718,1,0,0,1,0
2020-05-30,US,Kentucky,Montgomery,24,0,0,38.03253032,-83.9145241,21173.0,85.23635330468444,0.0,24,23,0,0,23,23,28203,1,0,0,1,0
2020-05-30,US,Kentucky,Morgan,1,0,0,37.92465657,-83.25558245,21175.0,7.5137125253587795,0.0,1,1,0,0,1,1,13345,0,0,0,0,0
2020-05-30,US,Kentucky,Muhlenberg,483,7,0,37.21425819,-87.14632053,21177.0,1577.2973679054276,1.4492753623188406,476,482,7,0,475,482,30774,1,0,0,1,0
2020-05-30,US,Kentucky,Nelson,41,1,0,37.80335779,-85.4657193,21179.0,88.68124499816149,2.4390243902439024,40,41,0,0,41,38,45851,0,1,0,-1,3
2020-05-30,US,Kentucky,Nicholas,3,0,0,38.33342292,-84.01889177,21181.0,41.27115146512588,0.0,3,3,0,0,3,3,7166,0,0,0,0,0
2020-05-30,US,Kentucky,Ohio,144,0,0,37.47751843,-86.85368087,21183.0,600.1500375093774,0.0,144,141,0,0,141,141,24087,3,0,0,3,0
2020-05-30,US,Kentucky,Oldham,83,5,0,38.39791089,-85.448222,21185.0,124.25335708618393,6.024096385542169,78,74,5,0,69,72,66470,9,0,0,9,2
2020-05-30,US,Kentucky,Owen,2,0,0,38.51679143,-84.82404619,21187.0,18.34694064764701,0.0,2,2,0,0,2,2,10880,0,0,0,0,0
2020-05-30,US,Kentucky,Owsley,2,0,0,37.42823949,-83.68811419,21189.0,45.30011325028314,0.0,2,2,0,0,2,2,4472,0,0,0,0,0
2020-05-30,US,Kentucky,Pendleton,9,0,0,38.69607718,-84.35599463,21191.0,61.686086360520896,0.0,9,8,0,0,8,8,14529,1,0,0,1,0
2020-05-30,US,Kentucky,Perry,19,0,0,37.25023553,-83.22922731,21193.0,73.76349095426663,0.0,19,19,0,0,19,19,26092,0,0,0,0,0
2020-05-30,US,Kentucky,Pike,29,2,0,37.47088263,-82.39487445,21195.0,50.10712557882369,6.896551724137932,27,29,2,0,27,28,58402,0,0,0,0,1
2020-05-30,US,Kentucky,Powell,1,0,0,37.83218794,-83.82553961,21197.0,8.091269520187717,0.0,1,1,0,0,1,1,12442,0,0,0,0,0
2020-05-30,US,Kentucky,Pulaski,58,2,0,37.10466131,-84.57629079,21199.0,89.25960694993769,3.4482758620689653,56,56,2,0,54,56,64623,2,0,0,2,0
2020-05-30,US,Kentucky,Rockcastle,13,0,0,37.36642393,-84.31176452,21203.0,77.86762503743634,0.0,13,13,0,0,13,13,16750,0,0,0,0,0
2020-05-30,US,Kentucky,Rowan,7,0,0,38.19484205,-83.42088935,21205.0,28.618152085036797,0.0,7,7,0,0,7,7,24583,0,0,0,0,0
2020-05-30,US,Kentucky,Russell,24,4,0,36.99308373,-85.06070117,21207.0,133.9061541036657,16.666666666666668,20,23,4,0,19,23,17821,1,0,0,1,0
2020-05-30,US,Kentucky,Scott,35,0,0,38.29622293,-84.5816631,21209.0,61.39920005613641,0.0,35,35,0,0,35,35,56031,0,0,0,0,0
2020-05-30,US,Kentucky,Shelby,164,4,0,38.21476019,-85.194223,21211.0,334.5300261096606,2.4390243902439024,160,156,4,0,152,140,48518,8,0,0,8,16
2020-05-30,US,Kentucky,Simpson,52,3,0,36.74058474,-86.58047435,21213.0,279.9913848804652,5.769230769230768,49,51,3,0,48,49,18529,1,0,0,1,2
2020-05-30,US,Kentucky,Spencer,22,0,0,38.03223971,-85.32749335,21215.0,113.68921502764715,0.0,22,19,0,0,19,19,18794,3,0,0,3,0
2020-05-30,US,Kentucky,Taylor,11,1,0,37.3677562,-85.3329931,21217.0,42.68694943536808,9.090909090909092,10,11,0,0,11,11,25549,0,1,0,-1,0
2020-05-30,US,Kentucky,Todd,17,0,0,36.8381152,-87.17878374,21219.0,138.27883520416464,0.0,17,17,0,0,17,17,12311,0,0,0,0,0
2020-05-30,US,Kentucky,Trigg,10,0,0,36.80767017,-87.87333656,21221.0,68.25472663981981,0.0,10,10,0,0,10,10,14643,0,0,0,0,0
2020-05-30,US,Kentucky,Trimble,6,0,0,38.61056487,-85.33775972,21223.0,70.82989021367017,0.0,6,5,0,0,5,5,8515,1,0,0,1,0
2020-05-30,US,Kentucky,Unassigned,6,0,0,0.0,0.0,90021.0,0.0,0.0,6,25,0,0,25,29,,-19,0,0,-19,-4
2020-05-30,US,Kentucky,Union,11,0,0,37.66166713,-87.94300009,21225.0,76.48981294763925,0.0,11,11,0,0,11,10,14505,0,0,0,0,1
2020-05-30,US,Kentucky,Warren,1007,6,0,36.99903045,-86.42672751,21227.0,757.7353720202265,0.5958291956305859,1001,995,6,0,989,964,131264,12,0,0,12,31
2020-05-30,US,Kentucky,Washington,6,0,0,37.75599461,-85.17407732,21229.0,49.60727573377429,0.0,6,6,0,0,6,6,12084,0,0,0,0,0
2020-05-30,US,Kentucky,Wayne,8,0,0,36.80310688,-84.8251971,21231.0,39.34490729356219,0.0,8,8,0,0,8,8,20468,0,0,0,0,0
2020-05-30,US,Kentucky,Webster,32,0,0,37.52168356,-87.67989953,21233.0,247.25699273682582,0.0,32,32,0,0,32,32,13111,0,0,0,0,0
2020-05-30,US,Kentucky,Whitley,13,0,0,36.75700531,-84.14541217,21235.0,35.848224134127506,0.0,13,13,0,0,13,13,36242,0,0,0,0,0
2020-05-30,US,Kentucky,Wolfe,1,0,0,37.73941626,-83.49303612,21237.0,13.972334777141258,0.0,1,1,0,0,1,1,7177,0,0,0,0,0
2020-05-30,US,Kentucky,Woodford,27,0,0,38.04178222,-84.7417556,21239.0,100.99498765616819,0.0,27,27,0,0,27,26,26533,0,0,0,0,1
2020-05-30,US,Louisiana,Acadia,412,23,0,30.295064899999996,-92.41419698,22001.0,664.034168748489,5.58252427184466,389,401,23,0,378,401,62190,11,0,0,11,0
2020-05-30,US,Louisiana,Allen,184,10,0,30.65385745,-92.82442028,22003.0,717.9927420298903,5.434782608695652,174,184,10,0,174,184,25605,0,0,0,0,0
2020-05-30,US,Louisiana,Ascension,817,56,0,30.20406249,-90.91328409999998,22005.0,645.3192632144326,6.854345165238677,761,810,56,0,754,810,124672,7,0,0,7,0
2020-05-30,US,Louisiana,Assumption,251,14,0,29.89946234,-91.06461642,22007.0,1146.589922799324,5.577689243027889,237,248,14,0,234,248,22300,3,0,0,3,0
2020-05-30,US,Louisiana,Avoyelles,125,9,0,31.07796211,-92.00079449,22009.0,311.3790354722998,7.2,116,120,9,0,111,120,40462,5,0,0,5,0
2020-05-30,US,Louisiana,Beauregard,66,4,0,30.64836518,-93.34173616,22011.0,176.01408112649008,6.0606060606060606,62,61,4,0,57,61,37253,5,0,0,5,0
2020-05-30,US,Louisiana,Bienville,144,23,0,32.34569994,-93.05398492,22013.0,1087.5311532361604,15.972222222222221,121,139,23,0,116,139,13308,5,0,0,5,0
2020-05-30,US,Louisiana,Bossier,412,26,0,32.67932307,-93.60460152,22015.0,324.3098576027834,6.310679611650484,386,406,26,0,380,406,127185,6,0,0,6,0
2020-05-30,US,Louisiana,Caddo,2525,188,0,32.57991587,-93.88375652,22017.0,1051.1898219846464,7.445544554455446,2337,2480,186,0,2294,2480,242922,45,2,0,43,0
2020-05-30,US,Louisiana,Calcasieu,596,49,0,30.22931235,-93.35400434,22019.0,292.96682986295446,8.221476510067115,547,588,46,0,542,588,203112,8,3,0,5,0
2020-05-30,US,Louisiana,Caldwell,53,0,0,32.0902519,-92.11752148,22021.0,534.3819318410971,0.0,53,52,0,0,52,52,9960,1,0,0,1,0
2020-05-30,US,Louisiana,Cameron,5,0,0,29.87592238,-93.19310676,22023.0,71.70514842965723,0.0,5,3,0,0,3,3,6968,2,0,0,2,0
2020-05-30,US,Louisiana,Catahoula,113,3,0,31.66778967,-91.84526385,22025.0,1190.2254055192752,2.6548672566371683,110,112,3,0,109,112,9608,1,0,0,1,0
2020-05-30,US,Louisiana,Claiborne,66,10,0,32.82308512,-92.99526883,22027.0,421.18698149329936,15.151515151515152,56,62,10,0,52,62,15944,4,0,0,4,0
2020-05-30,US,Louisiana,Concordia,87,5,0,31.44817835,-91.63814433,22029.0,451.73685030375407,5.747126436781608,82,86,5,0,81,86,19572,1,0,0,1,0
2020-05-30,US,Louisiana,De Soto,246,17,0,32.05457447,-93.74130302,22031.0,895.7506463241452,6.9105691056910565,229,242,17,0,225,242,27436,4,0,0,4,0
2020-05-30,US,Louisiana,East Baton Rouge,3591,239,0,30.53842039,-91.09777565,22033.0,816.0269418418893,6.655527708159287,3352,3526,236,0,3290,3526,440956,65,3,0,62,0
2020-05-30,US,Louisiana,East Carroll,138,0,0,32.73926954,-91.23425694,22035.0,2011.3686051595976,0.0,138,118,0,0,118,118,7037,20,0,0,20,0
2020-05-30,US,Louisiana,East Feliciana,194,30,0,30.84425359,-91.04976723,22037.0,1013.8489678599424,15.463917525773196,164,192,30,0,162,192,19305,2,0,0,2,0
2020-05-30,US,Louisiana,Evangeline,78,1,0,30.72985248,-92.39915924,22039.0,233.56789938613562,1.2820512820512822,77,75,1,0,74,75,33443,3,0,0,3,0
2020-05-30,US,Louisiana,Franklin,314,10,0,32.13675181,-91.67589857,22041.0,1568.8233824631527,3.1847133757961785,304,311,10,0,301,311,20156,3,0,0,3,0
2020-05-30,US,Louisiana,Grant,28,1,0,31.59882456,-92.56124347,22043.0,125.06141408727501,3.571428571428572,27,28,1,0,27,28,22482,0,0,0,0,0
2020-05-30,US,Louisiana,Iberia,407,37,0,29.86803617,-91.75871777,22045.0,582.8440498353143,9.090909090909092,370,404,37,0,367,404,70941,3,0,0,3,0
2020-05-30,US,Louisiana,Iberville,564,41,0,30.25734305,-91.3499598,22047.0,1734.7974531696964,7.26950354609929,523,563,41,0,522,563,32721,1,0,0,1,0
2020-05-30,US,Louisiana,Jackson,106,13,0,32.30251776,-92.55692092,22049.0,673.2723577235772,12.264150943396224,93,100,13,0,87,100,15902,6,0,0,6,0
2020-05-30,US,Louisiana,Jefferson,7536,447,0,29.74075478,-90.11115756,22051.0,1742.4559472638864,5.931528662420383,7089,7424,446,0,6978,7424,434051,112,1,0,111,0
2020-05-30,US,Louisiana,Jefferson Davis,76,7,0,30.26896765,-92.81210004,22053.0,242.28513134404488,9.210526315789474,69,75,7,0,68,75,31582,1,0,0,1,0
2020-05-30,US,Louisiana,LaSalle,51,1,0,31.67884782,-92.15907765,22059.0,342.4657534246575,1.96078431372549,50,48,1,0,47,48,14917,3,0,0,3,0
2020-05-30,US,Louisiana,Lafayette,763,26,0,30.2049055,-92.06959876,22055.0,312.20590040509023,3.4076015727391877,737,695,26,0,669,695,242782,68,0,0,68,0
2020-05-30,US,Louisiana,Lafourche,809,71,0,29.52470226,-90.40976986,22057.0,828.7745610260823,8.776266996291719,738,789,71,0,718,789,98115,20,0,0,20,0
2020-05-30,US,Louisiana,Lincoln,152,14,0,32.6003154,-92.66597409999999,22061.0,325.18933721278506,9.210526315789474,138,144,14,0,130,144,47196,8,0,0,8,0
2020-05-30,US,Louisiana,Livingston,417,28,0,30.44143993,-90.73061664,22063.0,296.1879124079296,6.71462829736211,389,408,27,0,381,408,139567,9,1,0,8,0
2020-05-30,US,Louisiana,Madison,90,0,0,32.36918118,-91.23973355,22065.0,821.8427540863847,0.0,90,79,0,0,79,79,11161,11,0,0,11,0
2020-05-30,US,Louisiana,Morehouse,121,5,0,32.81686191,-91.80421614,22067.0,486.45171665192566,4.132231404958676,116,121,5,0,116,121,25398,0,0,0,0,0
2020-05-30,US,Louisiana,Natchitoches,168,13,0,31.72321584,-93.09816516,22069.0,440.27464751821367,7.738095238095237,155,157,13,0,144,157,38659,11,0,0,11,0
2020-05-30,US,Louisiana,Orleans,7108,507,0,30.06971951,-89.92660315,22071.0,1821.8914041994751,7.132808103545301,6601,7067,505,0,6562,7067,391006,41,2,0,39,0
2020-05-30,US,Louisiana,Ouachita,1219,41,0,32.47645559,-92.15704172,22073.0,795.2818063792171,3.3634126333059884,1178,1166,41,0,1125,1166,154475,53,0,0,53,0
2020-05-30,US,Louisiana,Plaquemines,211,17,0,29.42245447,-89.60322085,22075.0,909.6003793594,8.056872037914692,194,201,17,0,184,201,23410,10,0,0,10,0
2020-05-30,US,Louisiana,Pointe Coupee,195,24,0,30.71409502,-91.60209535,22077.0,897.3768982972847,12.307692307692307,171,192,24,0,168,192,21940,3,0,0,3,0
2020-05-30,US,Louisiana,Rapides,783,26,0,31.19778499,-92.52997303,22079.0,603.9429840799704,3.3205619412515963,757,703,24,0,679,703,130562,80,2,0,78,0
2020-05-30,US,Louisiana,Red River,50,7,0,32.09530039,-93.34213308,22081.0,592.2767116796967,14.0,43,49,7,0,42,49,8477,1,0,0,1,0
2020-05-30,US,Louisiana,Richland,128,3,0,32.41391005,-91.76634876,22083.0,636.1196700129212,2.34375,125,125,3,0,122,125,20192,3,0,0,3,0
2020-05-30,US,Louisiana,Sabine,46,0,0,31.56388699,-93.55433981,22085.0,192.5975548484341,0.0,46,41,0,0,41,41,24032,5,0,0,5,0
2020-05-30,US,Louisiana,St. Bernard,536,22,0,29.87761636,-89.51887093,22087.0,1134.5356024045382,4.104477611940299,514,534,22,0,512,534,46721,2,0,0,2,0
2020-05-30,US,Louisiana,St. Charles,637,44,0,29.90709658,-90.35555967,22089.0,1199.623352165725,6.9073783359497645,593,633,44,0,589,633,52879,4,0,0,4,0
2020-05-30,US,Louisiana,St. Helena,51,1,0,30.82210324,-90.71013176,22091.0,503.3557046979866,1.96078431372549,50,51,1,0,50,51,10262,0,0,0,0,0
2020-05-30,US,Louisiana,St. James,294,25,0,30.02531716,-90.80212061,22093.0,1393.6291240045507,8.503401360544219,269,294,25,0,269,294,21037,0,0,0,0,0
2020-05-30,US,Louisiana,St. John the Baptist,858,79,0,30.12597499,-90.4753503,22095.0,2002.9413824497517,9.207459207459207,779,850,79,0,771,850,43184,8,0,0,8,0
2020-05-30,US,Louisiana,St. Landry,255,54,0,30.59724262,-92.00135806,22097.0,310.5060640007793,21.176470588235293,201,252,54,0,198,252,82764,3,0,0,3,0
2020-05-30,US,Louisiana,St. Martin,294,23,0,30.13112107,-91.61403569,22099.0,550.242368662387,7.82312925170068,271,293,23,0,270,293,53621,1,0,0,1,0
2020-05-30,US,Louisiana,St. Mary,317,30,0,29.69262097,-91.44702164,22101.0,642.3765907432926,9.463722397476339,287,309,29,0,280,309,49774,8,1,0,7,0
2020-05-30,US,Louisiana,St. Tammany,1724,158,0,30.40942847,-89.95642711,22103.0,662.0100683897872,9.164733178654293,1566,1703,157,0,1546,1703,258111,21,1,0,20,0
2020-05-30,US,Louisiana,Tangipahoa,854,35,0,30.62888673,-90.40664996,22105.0,633.7286098042417,4.0983606557377055,819,831,34,0,797,831,133777,23,1,0,22,0
2020-05-30,US,Louisiana,Tensas,11,0,0,32.00760749,-91.32915234,22107.0,253.8071065989848,0.0,11,10,0,0,10,10,4462,1,0,0,1,0
2020-05-30,US,Louisiana,Terrebonne,667,51,0,29.37343766,-90.82626855,22109.0,603.8330270412183,7.646176911544227,616,653,49,0,604,653,111021,14,2,0,12,0
2020-05-30,US,Louisiana,Unassigned,84,105,0,0.0,0.0,90022.0,0.0,125.0,-21,84,105,0,-21,84,,0,0,0,0,0
2020-05-30,US,Louisiana,Union,313,17,0,32.83121059,-92.3749373,22111.0,1415.7770942645193,5.4313099041533555,296,306,17,0,289,306,22330,7,0,0,7,0
2020-05-30,US,Louisiana,Vermilion,53,3,0,29.83517605,-92.30292538,22113.0,89.05916553242258,5.660377358490566,50,53,3,0,50,53,59830,0,0,0,0,0
2020-05-30,US,Louisiana,Vernon,25,3,0,31.10884837,-93.18153838,22115.0,52.710367074996306,12.0,22,25,3,0,22,25,48860,0,0,0,0,0
2020-05-30,US,Louisiana,Washington,419,38,0,30.85288548,-90.03866652,22117.0,907.044204875092,9.069212410501192,381,410,38,0,372,410,46582,9,0,0,9,0
2020-05-30,US,Louisiana,Webster,147,7,0,32.70847669,-93.33121835,22119.0,383.4115805946792,4.761904761904762,140,143,7,0,136,143,38798,4,0,0,4,0
2020-05-30,US,Louisiana,West Baton Rouge,161,30,0,30.46058217,-91.30989571,22121.0,608.3506518042697,18.633540372670808,131,159,31,0,128,159,26427,2,-1,0,3,0
2020-05-30,US,Louisiana,West Carroll,61,0,0,32.78550125,-91.461201,22123.0,563.2502308402585,0.0,61,56,0,0,56,56,10982,5,0,0,5,0
2020-05-30,US,Louisiana,West Feliciana,208,13,0,30.87882871,-91.41485379999999,22125.0,1336.0739979445016,6.25,195,205,12,0,193,205,15460,3,1,0,2,0
2020-05-30,US,Louisiana,Winn,163,2,0,31.94449367,-92.63789413,22127.0,1172.3245109321058,1.2269938650306749,161,153,2,0,151,153,14134,10,0,0,10,0
2020-05-30,US,Maine,Androscoggin,287,2,0,44.1664747,-70.20380627,23001.0,265.0609085955466,0.6968641114982579,285,269,2,0,267,264,107679,18,0,0,18,5
2020-05-30,US,Maine,Aroostook,10,1,0,46.65926321,-68.59841248,23003.0,14.913131011855938,10.0,9,10,1,0,9,8,67111,0,0,0,0,2
2020-05-30,US,Maine,Cumberland,1146,50,0,43.8370751,-70.37226999,23005.0,388.47062572245034,4.363001745200698,1096,1117,47,0,1070,1092,293557,29,3,0,26,25
2020-05-30,US,Maine,Franklin,36,1,0,44.97330019,-70.44381045,23007.0,119.20924533924965,2.7777777777777777,35,36,1,0,35,36,29897,0,0,0,0,0
2020-05-30,US,Maine,Hancock,11,1,0,44.59816444,-68.38401854,23009.0,20.00472839034681,9.090909090909092,10,11,1,0,10,11,54811,0,0,0,0,0
2020-05-30,US,Maine,Kennebec,128,9,0,44.40759555,-69.76738544,23011.0,104.65895897041749,7.03125,119,128,9,0,119,128,122083,0,0,0,0,0
2020-05-30,US,Maine,Knox,20,0,0,44.11486325,-69.10529169,23013.0,50.28663381273258,0.0,20,20,0,0,20,20,39771,0,0,0,0,0
2020-05-30,US,Maine,Lincoln,20,0,0,44.05996956,-69.54227124,23015.0,57.746722873476934,0.0,20,20,0,0,20,20,34342,0,0,0,0,0
2020-05-30,US,Maine,Oxford,33,0,0,44.49952995,-70.75682123,23017.0,56.92108667529107,0.0,33,32,0,0,32,29,57618,1,0,0,1,3
2020-05-30,US,Maine,Penobscot,100,1,0,45.40194593,-68.65020455,23019.0,65.72547782422379,1.0,99,100,1,0,99,100,151096,0,0,0,0,0
2020-05-30,US,Maine,Piscataquis,1,0,0,45.83839062,-69.2860223,23021.0,5.957700327673518,0.0,1,1,0,0,1,1,16800,0,0,0,0,0
2020-05-30,US,Maine,Sagadahoc,30,0,0,43.95415864,-69.85074999,23023.0,83.66800535475234,0.0,30,30,0,0,30,30,35634,0,0,0,0,0
2020-05-30,US,Maine,Somerset,22,0,0,45.51229767,-69.95995554,23025.0,43.57816337849616,0.0,22,22,0,0,22,22,50592,0,0,0,0,0
2020-05-30,US,Maine,Unassigned,4,0,0,0.0,0.0,90023.0,0.0,0.0,4,4,0,0,4,5,,0,0,0,0,-1
2020-05-30,US,Maine,Waldo,51,14,0,44.4858305,-69.12061935,23027.0,128.4149565655294,27.450980392156858,37,51,14,0,37,51,39694,0,0,0,0,0
2020-05-30,US,Maine,Washington,2,0,0,45.01607142,-67.62813524,23029.0,6.373689410115046,0.0,2,2,0,0,2,2,31490,0,0,0,0,0
2020-05-30,US,Maine,York,381,10,0,43.47808377,-70.71052375,23031.0,183.4897732143459,2.6246719160104988,371,373,9,0,364,370,206229,8,1,0,7,3
2020-05-30,US,Maryland,Allegany,177,16,0,39.62357628,-78.69280486,24001.0,251.36332651670074,9.039548022598868,161,177,16,0,161,178,70975,0,0,0,0,-1
2020-05-30,US,Maryland,Anne Arundel,3743,172,0,39.00670238,-76.60329337,24003.0,646.1982549366923,4.5952444563184605,3571,3643,167,0,3476,3556,576031,100,5,0,95,87
2020-05-30,US,Maryland,Baltimore,5955,340,0,39.45784712,-76.62911955,24005.0,719.7505348272236,5.709487825356843,5615,5819,336,0,5483,5678,828431,136,4,0,132,141
2020-05-30,US,Maryland,Baltimore City,5564,254,0,39.30211911,-76.61151012,24510.0,937.5052654636136,4.565061107117182,5310,5426,248,0,5178,5203,621342,138,6,0,132,223
2020-05-30,US,Maryland,Calvert,334,18,0,38.53961642,-76.56820632,24009.0,360.9835179681167,5.389221556886229,316,329,17,0,312,320,92003,5,1,0,4,9
2020-05-30,US,Maryland,Caroline,253,0,0,38.87172293,-75.82904158,24011.0,757.3489792252889,0.0,253,248,0,0,248,245,33304,5,0,0,5,3
2020-05-30,US,Maryland,Carroll,880,90,0,39.56453592,-77.02373735,24013.0,522.4195147435098,10.227272727272727,790,861,85,0,776,840,168429,19,5,0,14,21
2020-05-30,US,Maryland,Cecil,366,22,0,39.56647682,-75.94627411,24015.0,355.8407466822226,6.0109289617486334,344,364,22,0,342,356,102826,2,0,0,2,8
2020-05-30,US,Maryland,Charles,1085,72,0,38.51092331,-76.98580666,24017.0,664.5963113373392,6.635944700460828,1013,1056,72,0,984,1027,161503,29,0,0,29,29
2020-05-30,US,Maryland,Dorchester,141,3,0,38.45413522,-76.02752426,24019.0,441.60481067368215,2.127659574468085,138,140,3,0,137,136,31998,1,0,0,1,4
2020-05-30,US,Maryland,Frederick,1890,105,0,39.47296601,-77.39999394,24021.0,728.1918111170618,5.5555555555555545,1785,1856,105,0,1751,1824,255648,34,0,0,34,32
2020-05-30,US,Maryland,Garrett,10,0,0,39.52786077,-79.27355126,24023.0,34.46611980423244,0.0,10,10,0,0,10,10,29163,0,0,0,0,0
2020-05-30,US,Maryland,Harford,861,49,0,39.55010644,-76.30775940000002,24025.0,337.06413614102667,5.691056910569106,812,854,49,0,805,827,253956,7,0,0,7,27
2020-05-30,US,Maryland,Howard,1905,58,0,39.25305293,-76.93126208,24027.0,584.9120329147347,3.0446194225721785,1847,1868,58,0,1810,1815,323196,37,0,0,37,53
2020-05-30,US,Maryland,Kent,170,19,0,39.24976208,-76.04741541,24029.0,875.2960560189476,11.176470588235292,151,167,17,0,150,165,19383,3,2,0,1,2
2020-05-30,US,Maryland,Montgomery,11251,605,0,39.13676329,-77.20358245,24031.0,1070.8221660473896,5.377299795573727,10646,11035,595,0,10440,10752,1052567,216,10,0,206,283
2020-05-30,US,Maryland,Prince George's,15022,539,0,38.83070039,-76.8496441,24033.0,1651.9909779430282,3.58807082945014,14483,14773,530,0,14243,14508,909308,249,9,0,240,265
2020-05-30,US,Maryland,Queen Anne's,159,12,0,39.06198912,-76.03530977,24035.0,315.5951648438896,7.547169811320754,147,160,12,0,148,152,50251,-1,0,0,-1,8
2020-05-30,US,Maryland,Somerset,73,2,0,38.1163542,-75.75118623,24039.0,284.97813866333536,2.7397260273972597,71,73,2,0,71,73,25675,0,0,0,0,0
2020-05-30,US,Maryland,St. Mary's,471,20,0,38.30058422,-76.60629279999998,24037.0,414.94141485331687,4.246284501061571,451,460,20,0,440,417,112664,11,0,0,11,43
2020-05-30,US,Maryland,Talbot,96,2,0,38.76618159,-76.10882561,24041.0,258.19639062962267,2.083333333333333,94,91,1,0,90,87,36968,5,1,0,4,4
2020-05-30,US,Maryland,Unassigned,0,55,0,0.0,0.0,90024.0,0.0,0.0,-55,0,55,0,-55,0,,0,0,0,0,0
2020-05-30,US,Maryland,Washington,456,13,0,39.60835778,-77.82002295,24043.0,301.88879105455845,2.8508771929824563,443,441,13,0,428,423,150926,15,0,0,15,18
2020-05-30,US,Maryland,Wicomico,943,30,0,38.37301947,-75.62705831,24045.0,910.1525929214644,3.1813361611876987,913,931,30,0,901,919,103195,12,0,0,12,12
2020-05-30,US,Maryland,Worcester,210,13,0,38.21274277,-75.33200012,24047.0,401.7139796464917,6.190476190476191,197,206,13,0,193,198,51823,4,0,0,4,8
2020-05-30,US,Massachusetts,Barnstable,1305,115,0,41.72980578,-70.28854339,25001.0,612.7048218226208,8.812260536398467,1190,1303,116,0,1187,1295,213413,2,-1,0,3,8
2020-05-30,US,Massachusetts,Berkshire,544,40,0,42.37428441,-73.20524838,25003.0,435.3950569855295,7.352941176470589,504,544,40,0,504,539,126348,0,0,0,0,5
2020-05-30,US,Massachusetts,Bristol,7089,410,0,41.79228404,-71.10872211,25005.0,1254.2085606059266,5.783608407391733,6679,6930,404,0,6526,6852,564022,159,6,0,153,78
2020-05-30,US,Massachusetts,Dukes and Nantucket,39,1,0,41.40674725,-70.68763497,0.0,135.7418815913125,2.5641025641025643,38,39,1,0,38,39,26707,0,0,0,0,0
2020-05-30,US,Massachusetts,Essex,14099,909,0,42.6687626,-70.94687179,25009.0,1786.8684999632462,6.4472657635293285,13190,13994,906,0,13088,13899,790638,105,3,0,102,95
2020-05-30,US,Massachusetts,Franklin,319,47,0,42.58119713,-72.58602547,25011.0,454.54545454545456,14.733542319749215,272,319,47,0,272,319,70963,0,0,0,0,0
2020-05-30,US,Massachusetts,Hampden,5982,572,0,42.13440424,-72.63235561,25013.0,1282.6670554836053,9.562019391507855,5410,5942,569,0,5373,5878,470406,40,3,0,37,64
2020-05-30,US,Massachusetts,Hampshire,855,88,0,42.33997957,-72.65898478,25015.0,531.6172355903749,10.292397660818713,767,853,86,0,767,845,161355,2,2,0,0,8
2020-05-30,US,Massachusetts,Middlesex,21124,1596,0,42.48607732,-71.39049229,25017.0,1310.6665698743996,7.555387237265669,19528,20972,1583,0,19389,20857,1614714,152,13,0,139,115
2020-05-30,US,Massachusetts,Norfolk,8016,815,0,42.16073095,-71.20530408,25021.0,1134.1657528916558,10.167165668662673,7201,7959,811,0,7148,7919,705388,57,4,0,53,40
2020-05-30,US,Massachusetts,Plymouth,7819,548,0,41.94070556,-70.80802823,25023.0,1500.1861082651255,7.008568870699578,7271,7766,542,0,7224,7724,518132,53,6,0,47,42
2020-05-30,US,Massachusetts,Suffolk,17873,868,0,42.327951399999996,-71.07850442,25025.0,2223.267119206575,4.856487439154031,17005,17786,861,0,16925,17698,807252,87,7,0,80,88
2020-05-30,US,Massachusetts,Unassigned,336,6,0,0.0,0.0,90025.0,0.0,1.7857142857142858,330,289,6,0,283,318,,47,0,0,47,-29
2020-05-30,US,Massachusetts,Worcester,10901,753,0,42.35026951,-71.90493363,25027.0,1312.3899920782258,6.907623153839098,10148,10816,746,0,10070,10713,830839,85,7,0,78,103
2020-05-30,US,Michigan,Alcona,14,1,0,44.6846864,-83.59507875,26001.0,134.55069678039405,7.142857142857142,13,14,1,0,13,14,10362,0,0,0,0,0
2020-05-30,US,Michigan,Allegan,217,6,0,42.59147037,-85.89102866,26005.0,183.7721564011145,2.7649769585253456,211,216,6,0,210,214,117327,1,0,0,1,2
2020-05-30,US,Michigan,Alpena,94,9,0,45.03477666,-83.62212411,26007.0,330.9276535821158,9.574468085106382,85,94,9,0,85,94,28360,0,0,0,0,0
2020-05-30,US,Michigan,Antrim,12,0,0,44.99690221,-85.15503082,26009.0,51.44915108900703,0.0,12,12,0,0,12,12,23365,0,0,0,0,0
2020-05-30,US,Michigan,Arenac,34,1,0,44.0636262,-83.89277559,26011.0,228.44856547739033,2.9411764705882355,33,34,1,0,33,33,15041,0,0,0,0,1
2020-05-30,US,Michigan,Baraga,1,0,0,46.6720582,-88.36363591,26013.0,12.181751735899622,0.0,1,1,0,0,1,1,8320,0,0,0,0,0
2020-05-30,US,Michigan,Barry,62,2,0,42.59513984,-85.30834519,26015.0,100.7311129163282,3.2258064516129035,60,62,2,0,60,62,61157,0,0,0,0,0
2020-05-30,US,Michigan,Bay,303,23,0,43.70639106,-83.98731479,26017.0,293.8153326998041,7.590759075907591,280,302,22,0,280,296,103923,1,1,0,0,6
2020-05-30,US,Michigan,Benzie,4,0,0,44.63899297,-86.01608482,26019.0,22.514916131937408,0.0,4,4,0,0,4,4,17753,0,0,0,0,0
2020-05-30,US,Michigan,Berrien,618,49,0,41.95447397,-86.41313079999998,26021.0,402.8656918794532,7.9288025889967635,569,613,49,0,564,606,154141,5,0,0,5,7
2020-05-30,US,Michigan,Branch,117,2,0,41.91600556,-85.05929476,26023.0,268.8604453431992,1.709401709401709,115,111,2,0,109,109,43622,6,0,0,6,2
2020-05-30,US,Michigan,Calhoun,365,22,0,42.24633834,-85.00493569,26025.0,272.0652360259096,6.027397260273973,343,361,22,0,339,357,134487,4,0,0,4,4
2020-05-30,US,Michigan,Cass,82,3,0,41.91522292,-85.99405727,26027.0,158.34089636395234,3.6585365853658534,79,80,3,0,77,80,51653,2,0,0,2,0
2020-05-30,US,Michigan,Charlevoix,15,1,0,45.37790017,-85.19614053,26029.0,57.3767356462533,6.666666666666668,14,15,1,0,14,15,26244,0,0,0,0,0
2020-05-30,US,Michigan,Cheboygan,21,1,0,45.44787015,-84.50122149,26031.0,83.08276626048425,4.761904761904762,20,21,1,0,20,21,25413,0,0,0,0,0
2020-05-30,US,Michigan,Chippewa,2,0,0,46.29552653,-84.54353449,26033.0,5.354895713405981,0.0,2,2,0,0,2,2,37517,0,0,0,0,0
2020-05-30,US,Michigan,Clare,18,2,0,43.98794227,-84.84819859999998,26035.0,58.158319870759286,11.111111111111109,16,18,2,0,16,18,30757,0,0,0,0,0
2020-05-30,US,Michigan,Clinton,139,10,0,42.94400871,-84.60145248,26037.0,174.63408505559394,7.1942446043165456,129,139,10,0,129,139,79332,0,0,0,0,0
2020-05-30,US,Michigan,Crawford,58,5,0,44.68255561,-84.61006219,26039.0,413.42932496970565,8.620689655172415,53,58,5,0,53,58,13901,0,0,0,0,0
2020-05-30,US,Michigan,Delta,17,2,0,45.90484910000001,-86.9080745,26041.0,47.507265817124974,11.764705882352944,15,17,2,0,15,17,35857,0,0,0,0,0
2020-05-30,US,Michigan,Dickinson,5,2,0,46.00999672,-87.86961634,26043.0,19.81061056301755,40.0,3,5,2,0,3,5,25383,0,0,0,0,0
2020-05-30,US,Michigan,Eaton,187,6,0,42.59599185,-84.83740035,26045.0,169.58682482678566,3.2085561497326203,181,185,6,0,179,183,109826,2,0,0,2,2
2020-05-30,US,Michigan,Emmet,21,2,0,45.52625509,-84.89083249,26047.0,62.84602723327846,9.523809523809524,19,21,2,0,19,21,33308,0,0,0,0,0
2020-05-30,US,Michigan,Federal Correctional Institution (FCI),146,4,0,0.0,0.0,0.0,0.0,2.7397260273972597,142,142,4,0,138,142,,4,0,0,4,0
2020-05-30,US,Michigan,Genesee,2004,252,0,43.02244215,-83.70589709,26049.0,493.8235098432037,12.574850299401195,1752,1998,250,0,1748,1983,406892,6,2,0,4,15
2020-05-30,US,Michigan,Gladwin,18,1,0,43.98901072,-84.38774817,26051.0,70.72969468348461,5.5555555555555545,17,18,1,0,17,18,25337,0,0,0,0,0
2020-05-30,US,Michigan,Gogebic,5,1,0,46.40862701,-89.69377193,26053.0,35.77817531305904,20.0,4,5,1,0,4,5,15096,0,0,0,0,0
2020-05-30,US,Michigan,Grand Traverse,27,5,0,44.69565625,-85.55585247,26055.0,29.004812650395326,18.51851851851852,22,25,5,0,20,23,92573,2,0,0,2,2
2020-05-30,US,Michigan,Gratiot,74,9,0,43.29265605,-84.60505416,26057.0,181.76905504654758,12.162162162162161,65,74,8,0,66,74,40599,0,1,0,-1,0
2020-05-30,US,Michigan,Hillsdale,169,24,0,41.88753639,-84.59312019,26059.0,370.5734020392501,14.201183431952662,145,169,24,0,145,169,45749,0,0,0,0,0
2020-05-30,US,Michigan,Houghton,6,0,0,46.89988536,-88.68495385,26061.0,16.814258491200537,0.0,6,5,0,0,5,5,36219,1,0,0,1,0
2020-05-30,US,Michigan,Huron,44,1,0,43.83353985,-83.04078453,26063.0,142.02252993770375,2.272727272727273,43,44,1,0,43,44,31166,0,0,0,0,0
2020-05-30,US,Michigan,Ingham,736,25,0,42.59716886,-84.37472069,26065.0,251.70482137849427,3.3967391304347827,711,734,25,0,709,729,292735,2,0,0,2,5
2020-05-30,US,Michigan,Ionia,147,4,0,42.94502238,-85.07413319,26067.0,227.2130083311436,2.7210884353741496,143,147,4,0,143,147,64210,0,0,0,0,0
2020-05-30,US,Michigan,Iosco,94,9,0,44.35486835,-83.63484895,26069.0,374.0995741632507,9.574468085106382,85,94,9,0,85,90,25081,0,0,0,0,4
2020-05-30,US,Michigan,Isabella,77,7,0,43.64060976,-84.84664923,26073.0,110.20151133501258,9.090909090909092,70,76,7,0,69,76,70562,1,0,0,1,0
2020-05-30,US,Michigan,Jackson,510,28,0,42.24807035,-84.42258681,26075.0,321.7462620654848,5.490196078431373,482,510,28,0,482,445,158823,0,0,0,0,65
2020-05-30,US,Michigan,Kalamazoo,834,54,0,42.24542231,-85.53038622,26077.0,314.63861830638405,6.474820143884893,780,833,54,0,779,820,264870,1,0,0,1,13
2020-05-30,US,Michigan,Kalkaska,19,2,0,44.68512729,-85.09085699,26079.0,105.33318549728351,10.526315789473683,17,19,2,0,17,19,17824,0,0,0,0,0
2020-05-30,US,Michigan,Kent,3642,84,0,43.03197711,-85.54934642,26081.0,554.3758704934128,2.306425041186161,3558,3596,80,0,3516,3540,653786,46,4,0,42,56
2020-05-30,US,Michigan,Lake,7,0,0,43.99050893,-85.802173,26085.0,59.05677887454653,0.0,7,7,0,0,7,5,11881,0,0,0,0,2
2020-05-30,US,Michigan,Lapeer,189,30,0,43.09052506,-83.22153148,26087.0,215.73618546463183,15.873015873015873,159,188,30,0,158,188,88028,1,0,0,1,0
2020-05-30,US,Michigan,Leelanau,11,0,0,44.94430054,-85.80150326,26089.0,50.549147557557106,0.0,11,11,0,0,11,11,21764,0,0,0,0,0
2020-05-30,US,Michigan,Lenawee,151,4,0,41.89475156,-84.06603727,26091.0,153.37579100263076,2.6490066225165565,147,151,4,0,147,150,98266,0,0,0,0,1
2020-05-30,US,Michigan,Livingston,395,26,0,42.60302282,-83.91297209,26093.0,205.73452433657127,6.582278481012659,369,395,26,0,369,391,191224,0,0,0,0,4
2020-05-30,US,Michigan,Luce,3,0,0,46.47227431,-85.54471223,26095.0,48.16182372772515,0.0,3,3,0,0,3,3,6283,0,0,0,0,0
2020-05-30,US,Michigan,Mackinac,8,0,0,46.07028979,-85.04980537,26097.0,74.0809334197611,0.0,8,8,0,0,8,8,10787,0,0,0,0,0
2020-05-30,US,Michigan,Macomb,6624,802,0,42.69158356,-82.92752801,26099.0,757.9190180005768,12.107487922705314,5822,6616,793,0,5823,6586,874759,8,9,0,-1,30
2020-05-30,US,Michigan,Manistee,11,0,0,44.33352407,-86.05626916,26101.0,44.79192116621875,0.0,11,11,0,0,11,11,24528,0,0,0,0,0
2020-05-30,US,Michigan,Marquette,55,11,0,46.4338914,-87.64043701,26103.0,82.46000689665512,20.0,44,54,10,0,44,54,66516,1,1,0,0,0
2020-05-30,US,Michigan,Mason,32,0,0,43.99509218,-86.24988902,26105.0,109.79961570134505,0.0,32,32,0,0,32,31,29100,0,0,0,0,1
2020-05-30,US,Michigan,Mecosta,21,2,0,43.64064262,-85.32463223,26107.0,48.328078613674535,9.523809523809524,19,21,2,0,19,20,43545,0,0,0,0,1
2020-05-30,US,Michigan,Menominee,8,0,0,45.58038692,-87.55370409,26109.0,35.11852502194907,0.0,8,8,0,0,8,8,22983,0,0,0,0,0
2020-05-30,US,Michigan,Michigan Department of Corrections (MDOC),3914,69,0,0.0,0.0,0.0,0.0,1.7629024016351558,3845,3749,66,0,3683,3604,,165,3,0,162,145
2020-05-30,US,Michigan,Midland,82,8,0,43.64330771,-84.38804374,26111.0,98.6098417432296,9.75609756097561,74,81,8,0,73,81,83209,1,0,0,1,0
2020-05-30,US,Michigan,Missaukee,16,1,0,44.33772443,-85.09256478,26113.0,105.83410504034927,6.25,15,16,1,0,15,16,15113,0,0,0,0,0
2020-05-30,US,Michigan,Monroe,469,19,0,41.92734151,-83.53749864,26115.0,311.6279069767442,4.051172707889126,450,469,19,0,450,468,150439,0,0,0,0,1
2020-05-30,US,Michigan,Montcalm,65,1,0,43.31082541,-85.15252824,26117.0,101.74054595542201,1.5384615384615383,64,65,1,0,64,65,63968,0,0,0,0,0
2020-05-30,US,Michigan,Montmorency,5,0,0,45.0275929,-84.12696227,26119.0,53.60205831903945,0.0,5,5,0,0,5,5,9265,0,0,0,0,0
2020-05-30,US,Michigan,Muskegon,636,36,0,43.29123859,-86.15176712,26121.0,366.4312134865123,5.660377358490566,600,631,36,0,595,619,173588,5,0,0,5,12
2020-05-30,US,Michigan,Newaygo,105,0,0,43.554373999999996,-85.80070107,26123.0,214.37321355655368,0.0,105,103,0,0,103,101,48892,2,0,0,2,2
2020-05-30,US,Michigan,Oakland,8319,983,0,42.66090111,-83.38595416,26125.0,661.5065077163831,11.816324077413151,7336,8311,975,0,7336,8281,1259201,8,8,0,0,30
2020-05-30,US,Michigan,Oceana,85,2,0,43.64124435,-86.26726673,26127.0,321.15464540748854,2.3529411764705883,83,85,2,0,83,85,26625,0,0,0,0,0
2020-05-30,US,Michigan,Ogemaw,21,1,0,44.33481032,-84.12725175,26129.0,100.01428775539362,4.761904761904762,20,21,1,0,20,21,20952,0,0,0,0,0
2020-05-30,US,Michigan,Osceola,11,0,0,43.98992088,-85.32566756,26133.0,46.88832054560954,0.0,11,11,0,0,11,11,23341,0,0,0,0,0
2020-05-30,US,Michigan,Oscoda,5,1,0,44.68192279,-84.12939244,26135.0,60.6722485135299,20.0,4,5,1,0,4,5,8276,0,0,0,0,0
2020-05-30,US,Michigan,Otsego,100,10,0,45.02085831,-84.59898295,26137.0,405.3834927841738,10.0,90,100,10,0,90,100,24665,0,0,0,0,0
2020-05-30,US,Michigan,Ottawa,766,33,0,42.95996803,-85.9969107,26139.0,262.48158174279547,4.308093994778068,733,759,33,0,726,744,290494,7,0,0,7,15
2020-05-30,US,Michigan,Out of MI,36,0,0,0.0,0.0,80026.0,0.0,0.0,36,32,0,0,32,70,,4,0,0,4,-38
2020-05-30,US,Michigan,Presque Isle,11,0,0,45.34018577,-83.91498656,26141.0,87.35705209656925,0.0,11,11,0,0,11,11,12738,0,0,0,0,0
2020-05-30,US,Michigan,Roscommon,21,0,0,44.33473082,-84.61067651,26143.0,87.43078396269621,0.0,21,21,0,0,21,21,23884,0,0,0,0,0
2020-05-30,US,Michigan,Saginaw,1029,108,0,43.33433923,-84.05131209999998,26145.0,540.0469195282856,10.495626822157435,921,1018,108,0,910,1013,190800,11,0,0,11,5
2020-05-30,US,Michigan,Sanilac,41,5,0,43.42406072,-82.82055898,26151.0,99.5870779693952,12.19512195121951,36,41,5,0,36,40,41182,0,0,0,0,1
2020-05-30,US,Michigan,Schoolcraft,4,0,0,46.19235734,-86.19972234,26153.0,49.419322955275504,0.0,4,4,0,0,4,4,8068,0,0,0,0,0
2020-05-30,US,Michigan,Shiawassee,240,26,0,42.95392800000001,-84.14585902,26155.0,352.30909251049593,10.833333333333336,214,239,26,0,213,239,68192,1,0,0,1,0
2020-05-30,US,Michigan,St. Clair,448,41,0,42.92655373,-82.67937954,26147.0,281.53436227439545,9.151785714285714,407,448,39,0,409,438,159337,0,2,0,-2,10
2020-05-30,US,Michigan,St. Joseph,118,2,0,41.91441767,-85.52797979,26149.0,193.55685322485402,1.6949152542372878,116,112,2,0,110,110,61043,6,0,0,6,2
2020-05-30,US,Michigan,Tuscola,189,23,0,43.46606813,-83.41897025,26157.0,361.75710594315245,12.16931216931217,166,189,23,0,166,186,52516,0,0,0,0,3
2020-05-30,US,Michigan,Unassigned,24,0,0,0.0,0.0,90026.0,0.0,0.0,24,24,0,0,24,3,,0,0,0,0,21
2020-05-30,US,Michigan,Van Buren,140,6,0,42.25190229,-86.01939087,26159.0,184.99676255665528,4.285714285714286,134,136,6,0,130,134,75448,4,0,0,4,2
2020-05-30,US,Michigan,Washtenaw,1331,100,0,42.253105,-83.83853204,26161.0,362.0773610517926,7.513148009015777,1231,1318,100,0,1218,1313,370963,13,0,0,13,5
2020-05-30,US,Michigan,Wayne,20254,2452,0,42.28098405,-83.281255,26163.0,1157.8061020623172,12.106250617162043,17802,20227,2425,0,17802,20059,1753893,27,27,0,0,168
2020-05-30,US,Michigan,Wexford,11,3,0,44.33853602,-85.57712739,26165.0,32.707918289673216,27.272727272727273,8,11,3,0,8,11,33466,0,0,0,0,0
2020-05-30,US,Minnesota,Aitkin,8,0,0,46.60962049,-93.41168259999999,27001.0,50.35880649628604,0.0,8,7,0,0,7,7,15902,1,0,0,1,0
2020-05-30,US,Minnesota,Anoka,1363,70,0,45.27476015,-93.24604565,27003.0,381.87722213038734,5.1357300073367576,1293,1324,67,0,1257,1289,353813,39,3,0,36,35
2020-05-30,US,Minnesota,Becker,39,0,0,46.93479392,-95.67158144,27005.0,113.29634256165936,0.0,39,36,0,0,36,36,34371,3,0,0,3,0
2020-05-30,US,Minnesota,Beltrami,14,0,0,47.97373527,-94.93732139,27007.0,29.66855980333983,0.0,14,14,0,0,14,14,46847,0,0,0,0,0
2020-05-30,US,Minnesota,Benton,175,3,0,45.69804958,-93.99514135,27009.0,427.9879674240016,1.7142857142857142,172,175,3,0,172,173,40545,0,0,0,0,2
2020-05-30,US,Minnesota,Big Stone,4,0,0,45.42712824,-96.41403739,27011.0,80.14425966740133,0.0,4,4,0,0,4,4,4989,0,0,0,0,0
2020-05-30,US,Minnesota,Blue Earth,138,0,0,44.03554215,-94.06699781,27013.0,203.9820850516607,0.0,138,137,1,0,136,126,67427,1,-1,0,2,11
2020-05-30,US,Minnesota,Brown,15,2,0,44.24205652,-94.72562874,27015.0,59.98080614203455,13.333333333333336,13,14,2,0,12,14,25111,1,0,0,1,0
2020-05-30,US,Minnesota,Carlton,73,0,0,46.59180601,-92.67601019,27017.0,203.5070112347021,0.0,73,73,0,0,73,73,35837,0,0,0,0,0
2020-05-30,US,Minnesota,Carver,206,2,0,44.82017001,-93.80099179999999,27019.0,196.02432224114798,0.9708737864077671,204,201,2,0,199,189,103551,5,0,0,5,12
2020-05-30,US,Minnesota,Cass,13,2,0,46.95043611,-94.32603968,27021.0,43.65492461130327,15.384615384615385,11,13,2,0,11,13,29519,0,0,0,0,0
2020-05-30,US,Minnesota,Chippewa,49,1,0,45.02343421,-95.56403693,27023.0,415.2542372881356,2.0408163265306123,48,49,1,0,48,44,11924,0,0,0,0,5
2020-05-30,US,Minnesota,Chisago,61,1,0,45.5021011,-92.90861945,27025.0,107.81385319641564,1.639344262295082,60,60,1,0,59,54,55922,1,0,0,1,6
2020-05-30,US,Minnesota,Clay,424,26,0,46.89289518,-96.48761922,27027.0,660.2098969200586,6.132075471698112,398,420,25,0,395,416,63955,4,1,0,3,4
2020-05-30,US,Minnesota,Clearwater,3,0,0,47.57992111,-95.37790562,27029.0,34.02132002721706,0.0,3,3,0,0,3,3,8810,0,0,0,0,0
2020-05-30,US,Minnesota,Cottonwood,70,0,0,44.00715262,-95.18138802,27033.0,625.2232940335833,0.0,70,69,0,0,69,69,11277,1,0,0,1,0
2020-05-30,US,Minnesota,Crow Wing,68,2,0,46.48096553,-94.06755609,27035.0,104.52693874413956,2.9411764705882355,66,64,1,0,63,59,64889,4,1,0,3,5
2020-05-30,US,Minnesota,Dakota,1263,54,0,44.67172617,-93.06299363,27037.0,294.39118364835286,4.275534441805227,1209,1230,51,0,1179,1202,425423,33,3,0,30,28
2020-05-30,US,Minnesota,Dodge,52,0,0,44.02238415,-92.86244324,27039.0,248.39973249259575,0.0,52,50,0,0,50,46,20822,2,0,0,2,4
2020-05-30,US,Minnesota,Douglas,41,0,0,45.93348491,-95.45335469,27041.0,107.49587058545922,0.0,41,40,0,0,40,39,37964,1,0,0,1,1
2020-05-30,US,Minnesota,Faribault,18,0,0,43.67381499,-93.94787458,27043.0,131.83915622940015,0.0,18,15,0,0,15,13,13758,3,0,0,3,2
2020-05-30,US,Minnesota,Fillmore,17,1,0,43.67394126,-92.08980382,27045.0,80.69492571320075,5.882352941176472,16,17,1,0,16,17,21058,0,0,0,0,0
2020-05-30,US,Minnesota,Freeborn,115,0,0,43.67385583,-93.34884422,27047.0,379.7760972226809,0.0,115,108,0,0,108,102,30444,7,0,0,7,6
2020-05-30,US,Minnesota,Goodhue,66,3,0,44.40849741,-92.72341949999999,27049.0,142.42555028053516,4.545454545454546,63,62,3,0,59,60,46403,4,0,0,4,2
2020-05-30,US,Minnesota,Grant,4,0,0,45.93424769,-96.01139609,27051.0,66.97923643670461,0.0,4,4,0,0,4,3,6021,0,0,0,0,1
2020-05-30,US,Minnesota,Hennepin,8181,606,0,45.00761521,-93.47694895,27053.0,646.2886787698001,7.407407407407407,7575,7932,593,0,7339,7695,1259428,249,13,0,236,237
2020-05-30,US,Minnesota,Houston,2,0,0,43.67129565,-91.49143057,27055.0,10.752688172043008,0.0,2,2,0,0,2,2,18578,0,0,0,0,0
2020-05-30,US,Minnesota,Hubbard,3,0,0,47.10778564,-94.91693868,27057.0,13.959331813317206,0.0,3,2,0,0,2,1,21332,1,0,0,1,1
2020-05-30,US,Minnesota,Isanti,32,0,0,45.56181234,-93.29487636,27059.0,78.82550004926594,0.0,32,32,0,0,32,32,39966,0,0,0,0,0
2020-05-30,US,Minnesota,Itasca,54,10,0,47.51009045,-93.63092229,27061.0,119.65433192998007,18.51851851851852,44,54,9,0,45,54,45108,0,1,0,-1,0
2020-05-30,US,Minnesota,Jackson,39,0,0,43.67423373,-95.15398258,27063.0,396.0999390615478,0.0,39,39,0,0,39,39,9911,0,0,0,0,0
2020-05-30,US,Minnesota,Kanabec,11,1,0,45.9459309,-93.29275192,27065.0,67.33182346820102,9.090909090909092,10,11,1,0,10,11,16207,0,0,0,0,0
2020-05-30,US,Minnesota,Kandiyohi,490,1,0,45.1526059,-95.00586446,27067.0,1134.2855158684226,0.20408163265306126,489,486,1,0,485,476,42855,4,0,0,4,10
2020-05-30,US,Minnesota,Kittson,1,0,0,48.77754106,-96.78317184,27069.0,23.266635644485806,0.0,1,1,0,0,1,1,4248,0,0,0,0,0
2020-05-30,US,Minnesota,Koochiching,7,0,0,48.24539665,-93.78352843,27071.0,57.240984544934165,0.0,7,7,0,0,7,7,12440,0,0,0,0,0
2020-05-30,US,Minnesota,Lac qui Parle,3,0,0,44.9973857,-96.17488219,27073.0,45.29669334138608,0.0,3,3,0,0,3,3,6658,0,0,0,0,0
2020-05-30,US,Minnesota,Lake,1,0,0,47.64270764,-91.44557998,27075.0,9.3976130062964,0.0,1,1,0,0,1,1,10658,0,0,0,0,0
2020-05-30,US,Minnesota,Le Sueur,44,1,0,44.37136597,-93.72844721,27079.0,152.31765153875446,2.272727272727273,43,44,1,0,43,44,28494,0,0,0,0,0
2020-05-30,US,Minnesota,Lincoln,5,0,0,44.41311883,-96.26688165,27081.0,88.66820358219543,0.0,5,5,0,0,5,5,5673,0,0,0,0,0
2020-05-30,US,Minnesota,Lyon,49,0,0,44.41327865,-95.83806103,27083.0,192.35298735966083,0.0,49,43,0,0,43,38,25629,6,0,0,6,5
2020-05-30,US,Minnesota,Mahnomen,6,1,0,47.32557075,-95.80921485,27087.0,108.5579880586213,16.666666666666668,5,6,1,0,5,5,5519,0,0,0,0,1
2020-05-30,US,Minnesota,Marshall,10,0,0,48.35825983,-96.37017407,27089.0,107.11225364181662,0.0,10,10,0,0,10,9,9390,0,0,0,0,1
2020-05-30,US,Minnesota,Martin,129,5,0,43.67429718,-94.55099908,27091.0,655.3878981862522,3.875968992248062,124,129,5,0,124,126,19785,0,0,0,0,3
2020-05-30,US,Minnesota,McLeod,34,0,0,44.82367677,-94.27287017,27085.0,94.72599114033379,0.0,34,33,0,0,33,30,35873,1,0,0,1,3
2020-05-30,US,Minnesota,Meeker,45,0,0,45.12328869,-94.52839455,27093.0,193.78175867711656,0.0,45,44,0,0,44,44,23141,1,0,0,1,0
2020-05-30,US,Minnesota,Mille Lacs,19,1,0,45.93705297,-93.63236823,27095.0,72.3065798987708,5.2631578947368425,18,19,1,0,18,19,26139,0,0,0,0,0
2020-05-30,US,Minnesota,Morrison,45,0,0,46.01265363,-94.27341528,27097.0,134.78703648235788,0.0,45,45,0,0,45,41,33169,0,0,0,0,4
2020-05-30,US,Minnesota,Mower,303,1,0,43.67142874,-92.75234549,27099.0,756.3276920772803,0.33003300330033003,302,254,1,0,253,231,40011,49,0,0,49,23
2020-05-30,US,Minnesota,Murray,39,0,0,44.02216709,-95.76328482,27101.0,475.9580180619966,0.0,39,37,0,0,37,36,8276,2,0,0,2,1
2020-05-30,US,Minnesota,Nicollet,86,10,0,44.35291112,-94.24710352,27103.0,250.91906401353802,11.627906976744184,76,83,9,0,74,82,34220,3,1,0,2,1
2020-05-30,US,Minnesota,Nobles,1512,5,0,43.67434621,-95.75329576,27105.0,6990.614452817976,0.3306878306878307,1507,1503,4,0,1499,1496,21924,9,1,0,8,7
2020-05-30,US,Minnesota,Norman,13,0,0,47.32628443,-96.45620947,27107.0,203.921568627451,0.0,13,12,0,0,12,11,6475,1,0,0,1,1
2020-05-30,US,Minnesota,Olmsted,608,10,0,44.00374114,-92.40209944,27109.0,384.0978438718074,1.6447368421052633,598,594,10,0,584,582,156277,14,0,0,14,12
2020-05-30,US,Minnesota,Otter Tail,64,0,0,46.40846929,-95.70835255,27111.0,108.94358764852078,0.0,64,63,0,0,63,63,58812,1,0,0,1,0
2020-05-30,US,Minnesota,Pennington,17,0,0,48.06642577,-96.0370814,27113.0,120.40512784191515,0.0,17,17,0,0,17,17,14178,0,0,0,0,0
2020-05-30,US,Minnesota,Pine,89,0,0,46.12105238,-92.74070188,27115.0,300.889144325366,0.0,89,89,0,0,89,89,29483,0,0,0,0,0
2020-05-30,US,Minnesota,Pipestone,12,0,0,44.02301619,-96.25841142,27117.0,131.49243918474687,0.0,12,10,0,0,10,10,9047,2,0,0,2,0
2020-05-30,US,Minnesota,Polk,61,2,0,47.77372465,-96.40134647,27119.0,194.4904986608851,3.278688524590164,59,60,2,0,58,59,31529,1,0,0,1,1
2020-05-30,US,Minnesota,Pope,9,0,0,45.58606667,-95.44451209,27121.0,80.00711174326605,0.0,9,9,0,0,9,8,11097,0,0,0,0,1
2020-05-30,US,Minnesota,Ramsey,2863,122,0,45.01625271,-93.09872295,27123.0,520.2418224999591,4.261264407963674,2741,2790,115,0,2675,2698,550210,73,7,0,66,92
2020-05-30,US,Minnesota,Red Lake,4,0,0,47.87197525,-96.09561104,27125.0,98.64364981504316,0.0,4,4,0,0,4,4,3999,0,0,0,0,0
2020-05-30,US,Minnesota,Redwood,4,0,0,44.40555844,-95.25207021,27127.0,26.367831245880023,0.0,4,4,0,0,4,4,15249,0,0,0,0,0
2020-05-30,US,Minnesota,Renville,5,0,0,44.72836381,-94.94553734,27129.0,34.36898542755018,0.0,5,5,0,0,5,5,14612,0,0,0,0,0
2020-05-30,US,Minnesota,Rice,452,2,0,44.3543376,-93.29658715,27131.0,674.90891715941,0.4424778761061947,450,438,2,0,436,423,66523,14,0,0,14,15
2020-05-30,US,Minnesota,Rock,22,0,0,43.67482683,-96.25296832,27133.0,236.17820719269997,0.0,22,22,0,0,22,22,9414,0,0,0,0,0
2020-05-30,US,Minnesota,Roseau,3,0,0,48.77501878,-95.81079919,27135.0,19.782393669634022,0.0,3,2,0,0,2,2,15150,1,0,0,1,0
2020-05-30,US,Minnesota,Scott,408,2,0,44.6490231,-93.53340251,27139.0,273.8016146242274,0.4901960784313725,406,394,2,0,392,383,147381,14,0,0,14,11
2020-05-30,US,Minnesota,Sherburne,237,2,0,45.44447208,-93.77617511,27141.0,243.73187437010225,0.8438818565400844,235,226,2,0,224,222,96036,11,0,0,11,4
2020-05-30,US,Minnesota,Sibley,16,0,0,44.5796592,-94.23164924,27143.0,107.63538513286241,0.0,16,16,0,0,16,15,15028,0,0,0,0,1
2020-05-30,US,Minnesota,St. Louis,118,14,0,47.604840700000004,-92.46879855,27137.0,59.275631687346156,11.864406779661017,104,118,14,0,104,117,199754,0,0,0,0,1
2020-05-30,US,Minnesota,Stearns,2014,13,0,45.55192576,-94.61078221,27145.0,1250.3492162036318,0.6454816285998014,2001,2001,13,0,1988,1995,159256,13,0,0,13,6
2020-05-30,US,Minnesota,Steele,159,0,0,44.02240351,-93.22627088,27147.0,433.8453982373325,0.0,159,151,0,0,151,149,36803,8,0,0,8,2
2020-05-30,US,Minnesota,Stevens,1,0,0,45.58613007,-96.00163705,27149.0,10.198878123406423,0.0,1,2,0,0,2,1,9753,-1,0,0,-1,1
2020-05-30,US,Minnesota,Swift,18,0,0,45.2829032,-95.68264092,27151.0,194.25857975393916,0.0,18,18,0,0,18,17,9345,0,0,0,0,1
2020-05-30,US,Minnesota,Todd,313,0,0,46.06996226,-94.89785296,27153.0,1269.0561141745054,0.0,313,302,0,0,302,296,24582,11,0,0,11,6
2020-05-30,US,Minnesota,Traverse,3,0,0,45.77298854,-96.47062949,27155.0,92.05277692543726,0.0,3,3,0,0,3,3,3308,0,0,0,0,0
2020-05-30,US,Minnesota,Unassigned,86,10,0,0.0,0.0,90027.0,0.0,11.627906976744184,76,66,10,0,56,94,,20,0,0,20,-28
2020-05-30,US,Minnesota,Wabasha,18,0,0,44.28424356,-92.23121312,27157.0,83.22929671244277,0.0,18,17,0,0,17,17,21645,1,0,0,1,0
2020-05-30,US,Minnesota,Wadena,9,0,0,46.58589171,-94.96968506,27159.0,65.77985674608975,0.0,9,8,0,0,8,8,13773,1,0,0,1,0
2020-05-30,US,Minnesota,Waseca,26,0,0,44.02211116,-93.58720034,27161.0,139.69482054588437,0.0,26,26,0,0,26,25,18691,0,0,0,0,1
2020-05-30,US,Minnesota,Washington,617,31,0,45.03864533,-92.88429635,27163.0,235.10135650053346,5.024311183144246,586,598,31,0,567,576,259201,19,0,0,19,22
2020-05-30,US,Minnesota,Watonwan,71,0,0,43.97823903,-94.61413846,27165.0,651.5554739836653,0.0,71,69,0,0,69,64,10980,2,0,0,2,5
2020-05-30,US,Minnesota,Wilkin,11,3,0,46.35721532,-96.4684375,27167.0,177.2192685677461,27.272727272727273,8,11,3,0,8,11,6254,0,0,0,0,0
2020-05-30,US,Minnesota,Winona,79,15,0,43.98772283,-91.78081305,27169.0,156.4852230409635,18.9873417721519,64,79,15,0,64,78,50825,0,0,0,0,1
2020-05-30,US,Minnesota,Wright,305,1,0,45.17297924,-93.96234781,27171.0,220.41235176366013,0.3278688524590164,304,287,1,0,286,280,136349,18,0,0,18,7
2020-05-30,US,Minnesota,Yellow Medicine,6,0,0,44.71710183,-95.86842453,27173.0,61.79833144505098,0.0,6,6,0,0,6,6,9795,0,0,0,0,0
2020-05-30,US,Mississippi,Adams,196,15,0,31.47669768,-91.35326037,28001.0,638.5820871208417,7.653061224489796,181,192,15,0,177,190,31192,4,0,0,4,2
2020-05-30,US,Mississippi,Alcorn,17,1,0,34.88084463,-88.57996173,28003.0,46.004383947176144,5.882352941176472,16,16,1,0,15,14,36925,1,0,0,1,2
2020-05-30,US,Mississippi,Amite,60,1,0,31.17467303,-90.80501621,28005.0,487.9238838741156,1.6666666666666667,59,59,1,0,58,56,12326,1,0,0,1,3
2020-05-30,US,Mississippi,Attala,292,16,0,33.08658803,-89.57838564,28007.0,1606.6908770771429,5.479452054794519,276,287,15,0,272,284,18365,5,1,0,4,3
2020-05-30,US,Mississippi,Benton,15,0,0,34.81681228,-89.18945516,28009.0,181.62005085361423,0.0,15,15,0,0,15,15,8271,0,0,0,0,0
2020-05-30,US,Mississippi,Bolivar,160,11,0,33.79696941,-90.87372121,28011.0,522.3978059292151,6.875,149,156,11,0,145,154,31333,4,0,0,4,2
2020-05-30,US,Mississippi,Calhoun,64,4,0,33.93683395,-89.33686647,28013.0,445.65141703224015,6.25,60,63,4,0,59,63,14436,1,0,0,1,0
2020-05-30,US,Mississippi,Carroll,117,11,0,33.44834567,-89.91994479,28015.0,1176.2340404141953,9.401709401709402,106,118,11,0,107,115,9911,-1,0,0,-1,3
2020-05-30,US,Mississippi,Chickasaw,133,12,0,33.91983202,-88.9481545,28017.0,777.641349470853,9.022556390977444,121,132,12,0,120,130,17171,1,0,0,1,2
2020-05-30,US,Mississippi,Choctaw,43,2,0,33.34598242,-89.24809382,28019.0,523.7515225334957,4.651162790697675,41,39,2,0,37,34,8278,4,0,0,4,5
2020-05-30,US,Mississippi,Claiborne,111,2,0,31.97061673,-90.90702196,28021.0,1234.9799732977306,1.8018018018018016,109,72,2,0,70,69,9002,39,0,0,39,3
2020-05-30,US,Mississippi,Clarke,143,18,0,32.04158545,-88.68896219999998,28023.0,920.1467087060034,12.587412587412588,125,139,18,0,121,138,15604,4,0,0,4,1
2020-05-30,US,Mississippi,Clay,112,4,0,33.65358105,-88.77784255,28025.0,579.8301925864569,3.571428571428572,108,111,4,0,107,108,19386,1,0,0,1,3
2020-05-30,US,Mississippi,Coahoma,121,4,0,34.22772299,-90.60415045,28027.0,546.9173747966008,3.3057851239669422,117,120,4,0,116,114,22628,1,0,0,1,6
2020-05-30,US,Mississippi,Copiah,310,4,0,31.86977774,-90.44565118,28029.0,1104.5786566898269,1.2903225806451613,306,298,4,0,294,290,28543,12,0,0,12,8
2020-05-30,US,Mississippi,Covington,165,2,0,31.63225413,-89.55389939,28031.0,885.3831294269156,1.2121212121212122,163,159,2,0,157,143,18853,6,0,0,6,16
2020-05-30,US,Mississippi,DeSoto,533,7,0,34.87625235,-89.99091418,28033.0,288.1937873421828,1.3133208255159474,526,520,7,0,513,503,182001,13,0,0,13,17
2020-05-30,US,Mississippi,Forrest,553,38,0,31.18961454,-89.25832496,28035.0,738.3473303336583,6.871609403254973,515,534,38,0,496,523,75036,19,0,0,19,11
2020-05-30,US,Mississippi,Franklin,28,2,0,31.47786634,-90.89672989,28037.0,363.02346687410864,7.142857142857142,26,28,2,0,26,28,7788,0,0,0,0,0
2020-05-30,US,Mississippi,George,25,1,0,30.86259065,-88.64436789,28039.0,102.04081632653063,4.0,24,21,1,0,20,21,24250,4,0,0,4,0
2020-05-30,US,Mississippi,Greene,12,1,0,31.21444233,-88.63922281,28041.0,88.32621816575887,8.333333333333334,11,11,1,0,10,9,13586,1,0,0,1,2
2020-05-30,US,Mississippi,Grenada,89,3,0,33.77036166,-89.80245083,28043.0,428.7503613064842,3.3707865168539324,86,88,3,0,85,85,21055,1,0,0,1,3
2020-05-30,US,Mississippi,Hancock,90,11,0,30.41830223,-89.48851033,28045.0,188.9486059791737,12.222222222222221,79,87,11,0,76,87,47334,3,0,0,3,0
2020-05-30,US,Mississippi,Harrison,257,7,0,30.51359752,-89.12467576,28047.0,123.51018838908112,2.723735408560312,250,251,7,0,244,247,206650,6,0,0,6,4
2020-05-30,US,Mississippi,Hinds,999,25,0,32.2656285,-90.44435448,28049.0,430.9006211180124,2.5025025025025025,974,971,25,0,946,959,237085,28,0,0,28,12
2020-05-30,US,Mississippi,Holmes,397,28,0,33.12345854,-90.08923538,28051.0,2333.921222810112,7.052896725440807,369,389,24,0,365,385,17622,8,4,0,4,4
2020-05-30,US,Mississippi,Humphreys,60,7,0,33.12825718,-90.52252707,28053.0,744.047619047619,11.666666666666664,53,59,7,0,52,58,8257,1,0,0,1,1
2020-05-30,US,Mississippi,Itawamba,87,7,0,34.27993475,-88.3606733,28057.0,371.9538264215477,8.045977011494253,80,85,7,0,78,84,23517,2,0,0,2,1
2020-05-30,US,Mississippi,Jackson,305,13,0,30.54020656,-88.64184064,28059.0,212.37040183265213,4.262295081967213,292,303,13,0,290,303,143277,2,0,0,2,0
2020-05-30,US,Mississippi,Jasper,157,4,0,32.01922104,-89.11786866,28061.0,958.3104437526705,2.5477707006369426,153,152,4,0,148,152,16428,5,0,0,5,0
2020-05-30,US,Mississippi,Jefferson,42,1,0,31.73397872,-91.03764977,28063.0,600.8583690987125,2.380952380952381,41,41,1,0,40,40,7106,1,0,0,1,1
2020-05-30,US,Mississippi,Jefferson Davis,77,2,0,31.56884708,-89.82670990000004,28065.0,691.9482386772107,2.5974025974025974,75,77,2,0,75,77,11234,0,0,0,0,0
2020-05-30,US,Mississippi,Jones,598,25,0,31.62257767,-89.16896899999998,28067.0,878.1462010631736,4.180602006688964,573,576,25,0,551,566,68461,22,0,0,22,10
2020-05-30,US,Mississippi,Kemper,144,11,0,32.75462946,-88.64105766,28069.0,1478.135906384726,7.638888888888888,133,144,11,0,133,136,10027,0,0,0,0,8
2020-05-30,US,Mississippi,Lafayette,131,4,0,34.35687874,-89.48490961,28071.0,242.50726596197634,3.053435114503817,127,130,4,0,126,127,54793,1,0,0,1,3
2020-05-30,US,Mississippi,Lamar,235,5,0,31.20572971,-89.5077704,28073.0,370.9960058727879,2.127659574468085,230,235,5,0,230,231,62447,0,0,0,0,4
2020-05-30,US,Mississippi,Lauderdale,735,61,0,32.40419769,-88.66229662,28075.0,991.5682967959527,8.299319727891156,674,730,59,0,671,713,75317,5,2,0,3,17
2020-05-30,US,Mississippi,Lawrence,102,1,0,31.55147224,-90.10841127,28077.0,810.4242809470842,0.9803921568627452,101,102,1,0,101,102,12455,0,0,0,0,0
2020-05-30,US,Mississippi,Leake,421,12,0,32.7536828,-89.52402044,28079.0,1847.6257351005004,2.8503562945368173,409,409,12,0,397,400,22763,12,0,0,12,9
2020-05-30,US,Mississippi,Lee,149,6,0,34.291877500000005,-88.68149954,28081.0,174.39955054075563,4.026845637583893,143,139,6,0,133,124,85202,10,0,0,10,15
2020-05-30,US,Mississippi,Leflore,258,31,0,33.55545125,-90.29900733,28083.0,915.4454813185254,12.015503875968992,227,255,30,0,225,251,28919,3,1,0,2,4
2020-05-30,US,Mississippi,Lincoln,256,28,0,31.53288662,-90.45391915,28085.0,749.5681199308992,10.9375,228,250,27,0,223,250,34205,6,1,0,5,0
2020-05-30,US,Mississippi,Lowndes,211,9,0,33.47386518,-88.44191529999998,28087.0,360.0989845549961,4.265402843601897,202,200,9,0,191,189,58930,11,0,0,11,11
2020-05-30,US,Mississippi,Madison,720,23,0,32.63389156,-90.03513564,28089.0,677.5067750677508,3.1944444444444446,697,709,23,0,686,694,105630,11,0,0,11,15
2020-05-30,US,Mississippi,Marion,115,9,0,31.23132643,-89.8209217,28091.0,467.9933260082204,7.826086956521738,106,114,9,0,105,114,24715,1,0,0,1,0
2020-05-30,US,Mississippi,Marshall,83,3,0,34.76216286,-89.50299462,28093.0,235.16745055816853,3.614457831325301,80,81,3,0,78,77,35451,2,0,0,2,4
2020-05-30,US,Mississippi,Monroe,255,25,0,33.89236763,-88.4808438,28095.0,723.3632134346988,9.803921568627453,230,254,25,0,229,252,35564,1,0,0,1,2
2020-05-30,US,Mississippi,Montgomery,83,1,0,33.49419589,-89.61729103,28097.0,849.1048593350383,1.2048192771084338,82,81,1,0,80,81,10023,2,0,0,2,0
2020-05-30,US,Mississippi,Neshoba,630,38,0,32.75339664,-89.11726492,28099.0,2163.6101380589325,6.0317460317460325,592,606,38,0,568,589,29125,24,0,0,24,17
2020-05-30,US,Mississippi,Newton,271,4,0,32.40021118,-89.11843336,28101.0,1289.3710153202016,1.4760147601476017,267,263,4,0,259,256,21443,8,0,0,8,7
2020-05-30,US,Mississippi,Noxubee,185,6,0,33.11009499,-88.56949061,28103.0,1775.9431698185656,3.2432432432432434,179,179,6,0,173,173,10535,6,0,0,6,6
2020-05-30,US,Mississippi,Oktibbeha,235,12,0,33.42491685,-88.87905132,28105.0,473.91453405126333,5.1063829787234045,223,233,11,0,222,154,49599,2,1,0,1,79
2020-05-30,US,Mississippi,Panola,70,3,0,34.36398677,-89.95064249,28107.0,204.72625175479644,4.285714285714286,67,66,3,0,63,64,34178,4,0,0,4,2
2020-05-30,US,Mississippi,Pearl River,209,31,0,30.77090935,-89.58677275,28109.0,376.33924552084267,14.832535885167465,178,207,31,0,176,206,55387,2,0,0,2,1
2020-05-30,US,Mississippi,Perry,50,3,0,31.17161885,-88.99281835,28111.0,417.6062807984632,6.0,47,50,3,0,47,50,11931,0,0,0,0,0
2020-05-30,US,Mississippi,Pike,202,11,0,31.17507789,-90.40392572,28113.0,514.1519038892283,5.445544554455446,191,203,11,0,192,203,39563,-1,0,0,-1,0
2020-05-30,US,Mississippi,Pontotoc,32,3,0,34.226046000000004,-89.03636807,28115.0,99.45919065083609,9.375,29,29,3,0,26,29,31833,3,0,0,3,0
2020-05-30,US,Mississippi,Prentiss,52,3,0,34.61810501,-88.51986294,28117.0,206.95693703733184,5.769230769230768,49,51,3,0,48,42,25315,1,0,0,1,9
2020-05-30,US,Mississippi,Quitman,26,0,0,34.25157572,-90.28908,28119.0,382.80329799764434,0.0,26,25,0,0,25,25,7051,1,0,0,1,0
2020-05-30,US,Mississippi,Rankin,421,7,0,32.26469147,-89.94537876,28121.0,271.1388475632926,1.66270783847981,414,399,7,0,392,385,153902,22,0,0,22,14
2020-05-30,US,Mississippi,Scott,650,12,0,32.406704100000006,-89.53789439,28123.0,2311.193286872422,1.8461538461538465,638,640,11,0,629,630,28287,10,1,0,9,10
2020-05-30,US,Mississippi,Sharkey,7,0,0,32.88149103,-90.81595379999999,28125.0,161.99953714417958,0.0,7,7,0,0,7,7,4377,0,0,0,0,0
2020-05-30,US,Mississippi,Simpson,101,0,0,31.91282117,-89.91716179,28127.0,378.8731337684748,0.0,101,95,0,0,95,95,26758,6,0,0,6,0
2020-05-30,US,Mississippi,Smith,150,11,0,32.01744532,-89.50644846,28129.0,942.4478512188992,7.333333333333332,139,148,11,0,137,145,16002,2,0,0,2,3
2020-05-30,US,Mississippi,Stone,30,0,0,30.79187949,-89.11547539,28131.0,163.61256544502618,0.0,30,30,0,0,30,30,18717,0,0,0,0,0
2020-05-30,US,Mississippi,Sunflower,81,3,0,33.60192578,-90.58882684,28133.0,322.5806451612903,3.703703703703704,78,79,3,0,76,78,25735,2,0,0,2,1
2020-05-30,US,Mississippi,Tallahatchie,27,1,0,33.95339918,-90.1729398,28135.0,195.52465783184883,3.703703703703704,26,26,1,0,25,26,13987,1,0,0,1,0
2020-05-30,US,Mississippi,Tate,89,1,0,34.65133709,-89.94485778,28137.0,314.2544401680732,1.1235955056179776,88,81,1,0,80,74,28759,8,0,0,8,7
2020-05-30,US,Mississippi,Tippah,73,11,0,34.76872156,-88.90988194,28139.0,331.5920962979786,15.068493150684931,62,71,11,0,60,71,21995,2,0,0,2,0
2020-05-30,US,Mississippi,Tishomingo,32,0,0,34.74023475,-88.23917219,28141.0,165.09312283960168,0.0,32,30,0,0,30,28,19454,2,0,0,2,2
2020-05-30,US,Mississippi,Tunica,54,3,0,34.64967704,-90.37481167,28143.0,560.6312292358804,5.5555555555555545,51,53,3,0,50,53,9944,1,0,0,1,0
2020-05-30,US,Mississippi,Union,83,5,0,34.49162015,-89.00776006,28145.0,288.0444213083464,6.024096385542169,78,81,5,0,76,80,28606,2,0,0,2,1
2020-05-30,US,Mississippi,Walthall,55,0,0,31.14971548,-90.10446654,28147.0,384.9923001539969,0.0,55,54,0,0,54,52,14465,1,0,0,1,2
2020-05-30,US,Mississippi,Warren,171,9,0,32.35810271,-90.83352619,28149.0,376.80967805909967,5.2631578947368425,162,163,8,0,155,159,46176,8,1,0,7,4
2020-05-30,US,Mississippi,Washington,168,7,0,33.28392041,-90.94196237,28151.0,382.6094878043226,4.166666666666667,161,166,7,0,159,166,45063,2,0,0,2,0
2020-05-30,US,Mississippi,Wayne,177,1,0,31.64135687,-88.69573913,28153.0,876.9756725957487,0.5649717514124294,176,171,0,0,171,154,20298,6,1,0,5,17
2020-05-30,US,Mississippi,Webster,69,1,0,33.61300486,-89.28392912,28155.0,712.147796470224,1.4492753623188406,68,64,1,0,63,61,9788,5,0,0,5,3
2020-05-30,US,Mississippi,Wilkinson,88,9,0,31.16078225,-91.31018819,28157.0,1019.6987253765933,10.227272727272727,79,86,9,0,77,85,8792,2,0,0,2,1
2020-05-30,US,Mississippi,Winston,112,1,0,33.08747908,-89.03391385,28159.0,623.7816764132554,0.8928571428571429,111,109,1,0,108,105,18165,3,0,0,3,4
2020-05-30,US,Mississippi,Yalobusha,90,5,0,34.02824175,-89.70762049999998,28161.0,743.3102081268582,5.5555555555555545,85,87,5,0,82,85,12392,3,0,0,3,2
2020-05-30,US,Mississippi,Yazoo,273,4,0,32.77890365,-90.39656148,28163.0,919.501515661839,1.465201465201465,269,239,4,0,235,227,28248,34,0,0,34,12
2020-05-30,US,Missouri,Adair,51,0,0,40.19058551,-92.60078167,29001.0,201.23900090754844,0.0,51,50,0,0,50,49,25339,1,0,0,1,1
2020-05-30,US,Missouri,Andrew,30,0,0,39.98492163,-94.80163024,29003.0,169.3766937669377,0.0,30,30,0,0,30,30,17607,0,0,0,0,0
2020-05-30,US,Missouri,Atchison,3,0,0,40.43238737,-95.42970639,29005.0,58.331713007972,0.0,3,3,0,0,3,3,5171,0,0,0,0,0
2020-05-30,US,Missouri,Audrain,79,0,0,39.215877,-91.84242683,29007.0,311.1706317945486,0.0,79,73,0,0,73,71,25473,6,0,0,6,2
2020-05-30,US,Missouri,Barry,9,0,0,36.70978521,-93.82919888,29009.0,25.147391656654282,0.0,9,9,0,0,9,9,35886,0,0,0,0,0
2020-05-30,US,Missouri,Bates,7,1,0,38.25271289,-94.34113157,29013.0,43.284689586940395,14.285714285714285,6,7,1,0,6,7,16320,0,0,0,0,0
2020-05-30,US,Missouri,Benton,11,0,0,38.29503305,-93.28756116,29015.0,56.57563133261328,0.0,11,10,0,0,10,10,19278,1,0,0,1,0
2020-05-30,US,Missouri,Bollinger,6,0,0,37.32449052,-90.02725304,29017.0,49.451908019451075,0.0,6,6,0,0,6,6,12169,0,0,0,0,0
2020-05-30,US,Missouri,Boone,147,1,0,38.99186229,-92.30723575,29019.0,81.45714079894493,0.6802721088435374,146,144,1,0,143,138,180005,3,0,0,3,6
2020-05-30,US,Missouri,Buchanan,690,2,0,39.65816401,-94.80138942,29021.0,789.7990018772034,0.2898550724637681,688,687,2,0,685,677,88571,3,0,0,3,10
2020-05-30,US,Missouri,Butler,35,0,0,36.71462476,-90.40421163,29023.0,82.3955930128537,0.0,35,32,0,0,32,30,42639,3,0,0,3,2
2020-05-30,US,Missouri,Caldwell,5,0,0,39.65620858,-93.98308093,29025.0,55.43237250554324,0.0,5,5,0,0,5,5,9108,0,0,0,0,0
2020-05-30,US,Missouri,Callaway,29,1,0,38.83674754,-91.92186505,29027.0,64.81460787162237,3.4482758620689653,28,27,1,0,26,27,44889,2,0,0,2,0
2020-05-30,US,Missouri,Camden,38,1,0,38.02199522,-92.76083747,29029.0,82.06457186049023,2.631578947368421,37,38,1,0,37,38,45815,0,0,0,0,0
2020-05-30,US,Missouri,Cape Girardeau,73,2,0,37.38489388,-89.6843587,29031.0,92.55619936351765,2.7397260273972597,71,73,2,0,71,70,78753,0,0,0,0,3
2020-05-30,US,Missouri,Carroll,8,0,0,39.42762566,-93.50626255,29033.0,92.17651803203134,0.0,8,8,0,0,8,8,8743,0,0,0,0,0
2020-05-30,US,Missouri,Carter,5,1,0,36.94160441,-90.96051322,29035.0,83.58408559010364,20.0,4,5,1,0,4,5,6054,0,0,0,0,0
2020-05-30,US,Missouri,Cass,89,8,0,38.64789422,-94.353399,29037.0,84.1368878805067,8.98876404494382,81,85,8,0,77,85,104954,4,0,0,4,0
2020-05-30,US,Missouri,Cedar,9,0,0,37.72391475,-93.85445441,29039.0,62.72214091574325,0.0,9,9,0,0,9,9,14165,0,0,0,0,0
2020-05-30,US,Missouri,Chariton,6,0,0,39.51499357,-92.9629191,29041.0,80.79719903043363,0.0,6,6,0,0,6,6,7451,0,0,0,0,0
2020-05-30,US,Missouri,Christian,23,0,0,36.9711783,-93.18537118,29043.0,25.960833004119873,0.0,23,21,0,0,21,21,86983,2,0,0,2,0
2020-05-30,US,Missouri,Clark,1,0,0,40.41040752,-91.73661677,29045.0,14.712373105781962,0.0,1,1,0,0,1,1,6842,0,0,0,0,0
2020-05-30,US,Missouri,Clay,171,3,0,39.31132056,-94.41850862,29047.0,68.41423015987326,1.7543859649122806,168,167,3,0,164,162,246365,4,0,0,4,5
2020-05-30,US,Missouri,Clinton,18,0,0,39.6013098,-94.40465394,29049.0,88.29155834600479,0.0,18,18,0,0,18,18,20470,0,0,0,0,0
2020-05-30,US,Missouri,Cole,60,1,0,38.50455671,-92.27860244,29051.0,78.18098898951072,1.6666666666666667,59,60,1,0,59,60,76796,0,0,0,0,0
2020-05-30,US,Missouri,Cooper,9,0,0,38.844478,-92.80896081,29053.0,50.82161612739286,0.0,9,9,0,0,9,9,17603,0,0,0,0,0
2020-05-30,US,Missouri,Crawford,9,0,0,37.97663738,-91.30528104,29055.0,37.625418060200666,0.0,9,9,0,0,9,9,23957,0,0,0,0,0
2020-05-30,US,Missouri,Dallas,3,0,0,37.681135499999996,-93.02127031,29059.0,17.774617845716318,0.0,3,3,0,0,3,3,16762,0,0,0,0,0
2020-05-30,US,Missouri,Daviess,4,0,0,39.96145298,-93.98519678,29061.0,48.32085044696787,0.0,4,4,0,0,4,4,8313,0,0,0,0,0
2020-05-30,US,Missouri,DeKalb,6,0,0,39.89201062,-94.40476508,29063.0,47.82019606280386,0.0,6,6,0,0,6,6,12630,0,0,0,0,0
2020-05-30,US,Missouri,Dunklin,38,2,0,36.27167174,-90.09122243,29069.0,130.44523016717585,5.2631578947368425,36,33,2,0,31,32,29423,5,0,0,5,1
2020-05-30,US,Missouri,Franklin,139,16,0,38.41127108,-91.07522826,29071.0,133.69626900843537,11.510791366906474,123,140,16,0,124,140,103670,-1,0,0,-1,0
2020-05-30,US,Missouri,Gasconade,2,0,0,38.43947277,-91.50847147,29073.0,13.599891200870395,0.0,2,2,0,0,2,2,14705,0,0,0,0,0
2020-05-30,US,Missouri,Gentry,26,0,0,40.21097916,-94.40944419,29075.0,395.67797899863035,0.0,26,26,0,0,26,25,6628,0,0,0,0,1
2020-05-30,US,Missouri,Greene,148,8,0,37.2575872,-93.34230916,29077.0,50.49712371112916,5.405405405405406,140,139,8,0,131,128,291923,9,0,0,9,11
2020-05-30,US,Missouri,Harrison,9,0,0,40.35570088,-93.99222144,29081.0,107.75862068965515,0.0,9,9,0,0,9,9,8414,0,0,0,0,0
2020-05-30,US,Missouri,Henry,12,3,0,38.38482826,-93.79293734,29083.0,54.98533724340176,25.0,9,11,3,0,8,10,21792,1,0,0,1,1
2020-05-30,US,Missouri,Holt,1,0,0,40.09799248,-95.21638879999999,29087.0,22.71178741766977,0.0,1,1,0,0,1,1,4404,0,0,0,0,0
2020-05-30,US,Missouri,Howard,3,0,0,39.1435761,-92.69756691,29089.0,29.99700029997,0.0,3,3,0,0,3,3,10137,0,0,0,0,0
2020-05-30,US,Missouri,Howell,7,0,0,36.77383887,-91.88683935,29091.0,17.448961786773687,0.0,7,6,0,0,6,6,40076,1,0,0,1,0
2020-05-30,US,Missouri,Iron,2,0,0,37.55487945,-90.7735296,29093.0,19.753086419753085,0.0,2,2,0,0,2,2,10177,0,0,0,0,0
2020-05-30,US,Missouri,Jackson,570,19,0,39.01002188,-94.34724536,29095.0,81.07981240691824,3.333333333333333,551,560,17,0,543,554,700307,10,2,0,8,6
2020-05-30,US,Missouri,Jasper,36,0,0,37.20351921,-94.34050458,29097.0,29.671633917974415,0.0,36,36,0,0,36,33,120636,0,0,0,0,3
2020-05-30,US,Missouri,Jefferson,349,17,0,38.25926778,-90.53870896,29099.0,155.05529120627685,4.871060171919772,332,349,16,0,333,348,224347,0,1,0,-1,1
2020-05-30,US,Missouri,Johnson,76,0,0,38.74719601,-93.80691168,29101.0,140.57933483777884,0.0,76,76,0,0,76,74,53652,0,0,0,0,2
2020-05-30,US,Missouri,Kansas City,1149,26,0,39.0997,-94.5786,0.0,234.9967174087777,2.2628372497824194,1123,1117,26,0,1091,1105,491918,32,0,0,32,12
2020-05-30,US,Missouri,Laclede,3,0,0,37.65896829,-92.5888493,29105.0,8.397950899980406,0.0,3,3,0,0,3,3,35713,0,0,0,0,0
2020-05-30,US,Missouri,Lafayette,73,3,0,39.06986886,-93.78076396,29107.0,223.18698789287026,4.109589041095891,70,73,3,0,70,73,32598,0,0,0,0,0
2020-05-30,US,Missouri,Lawrence,8,0,0,37.10626634,-93.83293097,29109.0,20.857776039629773,0.0,8,8,0,0,8,8,38359,0,0,0,0,0
2020-05-30,US,Missouri,Lewis,7,1,0,40.09673161,-91.72070156,29111.0,71.6039279869067,14.285714285714285,6,7,1,0,6,7,9855,0,0,0,0,0
2020-05-30,US,Missouri,Lincoln,109,1,0,39.05345619,-90.95588181,29113.0,184.70506498568116,0.9174311926605504,108,109,1,0,108,109,57686,0,0,0,0,0
2020-05-30,US,Missouri,Linn,9,1,0,39.87001769,-93.10704106,29115.0,75.50335570469798,11.111111111111109,8,6,1,0,5,6,12037,3,0,0,3,0
2020-05-30,US,Missouri,Livingston,3,0,0,39.78110272,-93.54645978,29117.0,19.70184540618638,0.0,3,3,0,0,3,3,15146,0,0,0,0,0
2020-05-30,US,Missouri,Macon,4,0,0,39.83049768,-92.56453089,29121.0,26.460276509889532,0.0,4,4,0,0,4,3,15153,0,0,0,0,1
2020-05-30,US,Missouri,Madison,3,0,0,37.47865134,-90.34671429999999,29123.0,24.81800132362674,0.0,3,3,0,0,3,3,12188,0,0,0,0,0
2020-05-30,US,Missouri,Maries,2,0,0,38.16193985,-91.92249662,29125.0,22.996435552489363,0.0,2,2,0,0,2,2,8769,0,0,0,0,0
2020-05-30,US,Missouri,Marion,5,0,0,39.80601912,-91.62203062,29127.0,17.525411847178407,0.0,5,5,0,0,5,5,28592,0,0,0,0,0
2020-05-30,US,Missouri,McDonald,20,0,0,36.62869595,-94.34867205,29119.0,87.5771773875728,0.0,20,20,0,0,20,19,23078,0,0,0,0,1
2020-05-30,US,Missouri,Miller,4,0,0,38.21450288,-92.42610898,29131.0,15.613411920839999,0.0,4,4,0,0,4,4,25336,0,0,0,0,0
2020-05-30,US,Missouri,Mississippi,56,0,0,36.82516239,-89.29505753,29133.0,424.8861911987861,0.0,56,56,0,0,56,55,13336,0,0,0,0,1
2020-05-30,US,Missouri,Moniteau,46,0,0,38.63571781,-92.57976951,29135.0,285.1475328539549,0.0,46,46,0,0,46,46,16121,0,0,0,0,0
2020-05-30,US,Missouri,Montgomery,9,0,0,38.94022054,-91.47000721,29139.0,77.91533200588694,0.0,9,9,0,0,9,9,11534,0,0,0,0,0
2020-05-30,US,Missouri,Morgan,9,0,0,38.4181765,-92.88791859,29141.0,43.63213264168323,0.0,9,9,0,0,9,9,20358,0,0,0,0,0
2020-05-30,US,Missouri,New Madrid,21,0,0,36.59666326,-89.66070007,29143.0,122.97962052002809,0.0,21,20,0,0,20,19,17296,1,0,0,1,1
2020-05-30,US,Missouri,Newton,16,1,0,36.90519407,-94.3394104,29145.0,27.474414451542007,6.25,15,16,1,0,15,16,58266,0,0,0,0,0
2020-05-30,US,Missouri,Nodaway,13,0,0,40.36079813,-94.88133008,29147.0,58.84483070794858,0.0,13,12,0,0,12,12,22304,1,0,0,1,0
2020-05-30,US,Missouri,Oregon,2,0,0,36.68710164,-91.4033755,29149.0,18.995156235160035,0.0,2,2,0,0,2,2,10541,0,0,0,0,0
2020-05-30,US,Missouri,Osage,5,0,0,38.46036182,-91.8613635,29151.0,36.72420124862284,0.0,5,5,0,0,5,5,13714,0,0,0,0,0
2020-05-30,US,Missouri,Pemiscot,78,4,0,36.2130572,-89.78742322,29155.0,493.51471053464087,5.128205128205129,74,76,4,0,72,76,16272,2,0,0,2,0
2020-05-30,US,Missouri,Perry,57,0,0,37.70660776,-89.82741088,29157.0,297.8678929765886,0.0,57,55,0,0,55,50,19150,2,0,0,2,5
2020-05-30,US,Missouri,Pettis,78,1,0,38.72798918,-93.28471706,29159.0,184.2273081556012,1.2820512820512822,77,78,1,0,77,78,42542,0,0,0,0,0
2020-05-30,US,Missouri,Phelps,4,0,0,37.87736118,-91.79351727,29161.0,8.974042581832052,0.0,4,4,0,0,4,4,44732,0,0,0,0,0
2020-05-30,US,Missouri,Pike,19,1,0,39.34310674,-91.16980779,29163.0,103.81379084253088,5.2631578947368425,18,17,1,0,16,17,18504,2,0,0,2,0
2020-05-30,US,Missouri,Platte,70,0,0,39.38154439,-94.77068479,29165.0,67.03825011013427,0.0,70,70,0,0,70,69,102985,0,0,0,0,1
2020-05-30,US,Missouri,Polk,3,0,0,37.616229600000004,-93.39828174,29167.0,9.33154997045009,0.0,3,3,0,0,3,3,32201,0,0,0,0,0
2020-05-30,US,Missouri,Pulaski,34,1,0,37.82462075,-92.20783203,29169.0,64.63018229513183,2.9411764705882355,33,34,1,0,33,34,52014,0,0,0,0,0
2020-05-30,US,Missouri,Ralls,3,0,0,39.52817427,-91.51838643,29173.0,29.10078572121447,0.0,3,3,0,0,3,3,10212,0,0,0,0,0
2020-05-30,US,Missouri,Randolph,10,0,0,39.44007257,-92.49713740000001,29175.0,40.40730564085987,0.0,10,9,0,0,9,9,24763,1,0,0,1,0
2020-05-30,US,Missouri,Ray,19,0,0,39.353746799999996,-93.98905745,29177.0,82.54409592492831,0.0,19,19,0,0,19,19,22883,0,0,0,0,0
2020-05-30,US,Missouri,Reynolds,2,0,0,37.36085952,-90.97009925,29179.0,31.897926634768737,0.0,2,2,0,0,2,2,6254,0,0,0,0,0
2020-05-30,US,Missouri,Ripley,7,0,0,36.65460667,-90.85990261,29181.0,52.679108970499705,0.0,7,7,0,0,7,7,13401,0,0,0,0,0
2020-05-30,US,Missouri,Saline,269,2,0,39.13734288,-93.20259964,29195.0,1181.8461403277533,0.7434944237918215,267,269,2,0,267,268,22895,0,0,0,0,1
2020-05-30,US,Missouri,Scotland,4,0,0,40.45214695,-92.14709064,29199.0,81.59934720522236,0.0,4,4,0,0,4,4,4966,0,0,0,0,0
2020-05-30,US,Missouri,Scott,108,10,0,37.05588075,-89.56474493,29201.0,282.13166144200625,9.25925925925926,98,100,9,0,91,98,38458,8,1,0,7,2
2020-05-30,US,Missouri,Shelby,1,0,0,39.79742518,-92.07634971,29205.0,16.863406408094434,0.0,1,1,0,0,1,1,6050,0,0,0,0,0
2020-05-30,US,Missouri,St. Charles,775,58,0,38.77875681,-90.66662425,29183.0,192.7755197476755,7.483870967741934,717,768,57,0,711,763,399182,7,1,0,6,5
2020-05-30,US,Missouri,St. Clair,3,0,0,38.03699437,-93.77631447,29185.0,31.925082473129727,0.0,3,3,0,0,3,3,9395,0,0,0,0,0
2020-05-30,US,Missouri,St. Francois,35,2,0,37.81214171,-90.47598685,29187.0,52.071710183738745,5.7142857142857135,33,34,2,0,32,33,66692,1,0,0,1,1
2020-05-30,US,Missouri,St. Louis,4914,442,0,38.63770039999999,-90.4458375,29189.0,494.2642613947828,8.994708994708995,4472,4832,415,0,4417,4832,996945,82,27,0,55,0
2020-05-30,US,Missouri,St. Louis City,1930,130,0,38.63555736,-90.24349225,29510.0,642.1005003726181,6.735751295336788,1800,1916,118,0,1798,1906,302838,14,12,0,2,10
2020-05-30,US,Missouri,Ste. Genevieve,12,1,0,37.89090059,-90.1949941,29186.0,67.06158488878954,8.333333333333334,11,11,1,0,10,9,17888,1,0,0,1,2
2020-05-30,US,Missouri,Stoddard,79,0,0,36.85571651,-89.9444155,29207.0,272.17915590008613,0.0,79,78,0,0,78,76,29206,1,0,0,1,2
2020-05-30,US,Missouri,Stone,4,0,0,36.75000327,-93.45256475,29209.0,12.518778167250874,0.0,4,4,0,0,4,4,31749,0,0,0,0,0
2020-05-30,US,Missouri,Sullivan,57,0,0,40.2099105,-93.11150106,29211.0,936.1143044834947,0.0,57,55,0,0,55,54,6221,2,0,0,2,1
2020-05-30,US,Missouri,Taney,14,2,0,36.65465345,-93.04075153,29213.0,25.03218423687598,14.285714285714285,12,14,2,0,12,14,55852,0,0,0,0,0
2020-05-30,US,Missouri,Texas,1,0,0,37.31728859,-91.96564727,29215.0,3.937317899047169,0.0,1,1,0,0,1,,25571,0,0,0,0,
2020-05-30,US,Missouri,Vernon,9,0,0,37.8457799,-94.34127305,29217.0,43.76793269464572,0.0,9,9,0,0,9,9,20528,0,0,0,0,0
2020-05-30,US,Missouri,Warren,28,0,0,38.76529479,-91.16124662,29219.0,78.54357765996241,0.0,28,28,0,0,28,28,34711,0,0,0,0,0
2020-05-30,US,Missouri,Washington,11,1,0,37.96130078,-90.87948158,29221.0,44.48038819247877,9.090909090909092,10,11,1,0,10,10,24943,0,0,0,0,1
2020-05-30,US,Missouri,Webster,17,0,0,37.2813734,-92.876329,29225.0,42.93796726611437,0.0,17,17,0,0,17,17,39109,0,0,0,0,0
2020-05-30,US,Missouri,Worth,4,0,0,40.47945588,-94.42328751,29227.0,198.7083954297069,0.0,4,4,0,0,4,4,2040,0,0,0,0,0
2020-05-30,US,Missouri,Wright,11,0,0,37.27029221,-92.46914488,29229.0,60.14544261577997,0.0,11,11,0,0,11,11,18378,0,0,0,0,0
2020-05-30,US,Montana,Beaverhead,1,0,0,45.13434354,-112.89846940000001,30001.0,10.578652279699568,0.0,1,1,0,0,1,1,9404,0,0,0,0,0
2020-05-30,US,Montana,Big Horn,28,0,0,45.42335905,-107.492347,30003.0,210.22599294241311,0.0,28,18,0,0,18,12,13338,10,0,0,10,6
2020-05-30,US,Montana,Broadwater,4,0,0,46.33277565,-111.49558130000001,30007.0,64.1333974667308,0.0,4,4,0,0,4,4,6085,0,0,0,0,0
2020-05-30,US,Montana,Carbon,6,0,0,45.22850116,-109.0274047,30009.0,55.94405594405596,0.0,6,6,0,0,6,6,10714,0,0,0,0,0
2020-05-30,US,Montana,Cascade,17,2,0,47.30797024,-111.3467922,30013.0,20.893247793918835,11.764705882352944,15,17,2,0,15,17,81643,0,0,0,0,0
2020-05-30,US,Montana,Deer Lodge,3,0,0,46.05953325,-113.073353,30023.0,32.822757111597376,0.0,3,3,0,0,3,3,9131,0,0,0,0,0
2020-05-30,US,Montana,Flathead,37,2,0,48.29575866,-114.05205690000001,30029.0,35.64341174883918,5.405405405405406,35,37,2,0,35,37,102106,0,0,0,0,0
2020-05-30,US,Montana,Gallatin,151,1,0,45.54486106,-111.1692571,30031.0,131.9537899575301,0.6622516556291391,150,150,1,0,149,149,111876,1,0,0,1,1
2020-05-30,US,Montana,Glacier,6,0,0,48.70513576,-112.9934235,30035.0,43.62684505198866,0.0,6,6,0,0,6,6,13747,0,0,0,0,0
2020-05-30,US,Montana,Golden Valley,3,0,0,46.3816474,-109.17685220000001,30037.0,365.40803897685754,0.0,3,3,0,0,3,3,826,0,0,0,0,0
2020-05-30,US,Montana,Hill,1,0,0,48.62879827,-110.1129252,30041.0,6.066488716330987,0.0,1,1,0,0,1,1,16347,0,0,0,0,0
2020-05-30,US,Montana,Jefferson,3,0,0,46.14907081,-112.094396,30043.0,24.547909336388184,0.0,3,3,0,0,3,3,12097,0,0,0,0,0
2020-05-30,US,Montana,Lake,5,0,0,47.64514965,-114.0898013,30047.0,16.41604832884628,0.0,5,5,0,0,5,5,30250,0,0,0,0,0
2020-05-30,US,Montana,Lewis and Clark,16,0,0,47.12610041,-112.39469799999999,30049.0,23.044129508007835,0.0,16,16,0,0,16,16,68700,0,0,0,0,0
2020-05-30,US,Montana,Liberty,1,0,0,48.56084317,-111.02430700000001,30051.0,42.78990158322636,0.0,1,1,0,0,1,1,2430,0,0,0,0,0
2020-05-30,US,Montana,Lincoln,7,1,0,48.54265777,-115.4046155,30053.0,35.03503503503504,14.285714285714285,6,7,1,0,6,7,19794,0,0,0,0,0
2020-05-30,US,Montana,Madison,8,1,0,45.30080065,-111.9173017,30057.0,93.02325581395347,12.5,7,8,1,0,7,8,8768,0,0,0,0,0
2020-05-30,US,Montana,Meagher,1,0,0,46.59907074,-110.8898557,30059.0,53.705692803437174,0.0,1,1,0,0,1,1,1866,0,0,0,0,0
2020-05-30,US,Montana,Missoula,40,1,0,47.03728583,-113.92135079999998,30063.0,33.44481605351171,2.5,39,40,1,0,39,39,118791,0,0,0,0,1
2020-05-30,US,Montana,Musselshell,1,0,0,46.49684637,-108.39498,30065.0,21.58428663932657,0.0,1,1,0,0,1,1,4651,0,0,0,0,0
2020-05-30,US,Montana,Park,8,0,0,45.48965095,-110.52643940000002,30067.0,48.17535830422739,0.0,8,8,0,0,8,8,16736,0,0,0,0,0
2020-05-30,US,Montana,Pondera,2,0,0,48.22773388,-112.22527029999999,30073.0,33.83522246658772,0.0,2,2,0,0,2,2,5972,0,0,0,0,0
2020-05-30,US,Montana,Ravalli,13,0,0,46.08520862,-114.11891640000002,30081.0,29.67630005022143,0.0,13,13,0,0,13,13,43172,0,0,0,0,0
2020-05-30,US,Montana,Richland,3,0,0,47.78668011,-104.5610786,30083.0,27.770063871146906,0.0,3,3,0,0,3,3,10913,0,0,0,0,0
2020-05-30,US,Montana,Roosevelt,7,0,0,48.29607488,-105.00792679999999,30085.0,63.613231552162844,0.0,7,7,0,0,7,7,11059,0,0,0,0,0
2020-05-30,US,Montana,Silver Bow,11,0,0,45.90018933,-112.6620092,30093.0,31.505083774881854,0.0,11,11,0,0,11,11,34993,0,0,0,0,0
2020-05-30,US,Montana,Stillwater,1,0,0,45.67071407,-109.3950061,30095.0,10.371292263015972,0.0,1,1,0,0,1,1,9534,0,0,0,0,0
2020-05-30,US,Montana,Toole,29,6,0,48.65577551,-111.69424140000001,30101.0,612.331081081081,20.689655172413797,23,29,6,0,23,29,4853,0,0,0,0,0
2020-05-30,US,Montana,Wheatland,1,0,0,46.46652491,-109.84646359999999,30107.0,47.036688617121364,0.0,1,1,0,0,1,1,2236,0,0,0,0,0
2020-05-30,US,Montana,Yellowstone,91,3,0,45.93955949,-108.26914860000001,30111.0,56.416615003099814,3.2967032967032965,88,90,3,0,87,90,160137,1,0,0,1,0
2020-05-30,US,Nebraska,Adams,270,11,0,40.52449420000001,-98.50117804,31001.0,860.8870324905142,4.0740740740740735,259,268,11,0,257,265,31511,2,0,0,2,3
2020-05-30,US,Nebraska,Antelope,8,0,0,42.17695516,-98.06662829999999,31003.0,127.02445220704986,0.0,8,8,0,0,8,8,6336,0,0,0,0,0
2020-05-30,US,Nebraska,Boone,6,0,0,41.70759415,-98.06737183,31011.0,115.56240369799693,0.0,6,5,0,0,5,4,5239,1,0,0,1,1
2020-05-30,US,Nebraska,Box Butte,2,0,0,42.22079243,-103.08788340000001,31013.0,18.547713994250213,0.0,2,2,0,0,2,2,10772,0,0,0,0,0
2020-05-30,US,Nebraska,Buffalo,156,1,0,40.85486962,-99.07500296,31019.0,314.14245151936206,0.6410256410256411,155,153,1,0,152,150,49615,3,0,0,3,3
2020-05-30,US,Nebraska,Burt,9,0,0,41.85056773,-96.32605633,31021.0,139.34045517882026,0.0,9,9,0,0,9,9,6488,0,0,0,0,0
2020-05-30,US,Nebraska,Butler,48,0,0,41.22703692,-97.13106306,31023.0,598.8023952095807,0.0,48,47,0,0,47,47,8058,1,0,0,1,0
2020-05-30,US,Nebraska,Cass,47,0,0,40.90899107,-96.13971217,31025.0,179.06126181042362,0.0,47,46,0,0,46,42,26159,1,0,0,1,4
2020-05-30,US,Nebraska,Cedar,8,0,0,42.598885100000004,-97.25311951,31027.0,95.21542489883362,0.0,8,7,0,0,7,7,8446,1,0,0,1,0
2020-05-30,US,Nebraska,Chase,1,0,0,40.523719799999995,-101.69780259999999,31029.0,25.4841997961264,0.0,1,1,0,0,1,1,3977,0,0,0,0,0
2020-05-30,US,Nebraska,Cherry,1,0,0,42.54502621,-101.1244332,31031.0,17.577781683951486,0.0,1,1,0,0,1,1,5761,0,0,0,0,0
2020-05-30,US,Nebraska,Cheyenne,9,0,0,41.21999357,-102.9941693,31033.0,101.010101010101,0.0,9,9,0,0,9,9,9310,0,0,0,0,0
2020-05-30,US,Nebraska,Clay,24,0,0,40.52439441,-98.05126296,31035.0,386.90955989037565,0.0,24,24,0,0,24,24,6214,0,0,0,0,0
2020-05-30,US,Nebraska,Colfax,612,2,0,41.57486951,-97.0868542,31037.0,5714.819310860024,0.32679738562091504,610,612,2,0,610,609,10881,0,0,0,0,3
2020-05-30,US,Nebraska,Cuming,31,0,0,41.91637624,-96.78730772,31039.0,350.44087723264755,0.0,31,31,0,0,31,31,8940,0,0,0,0,0
2020-05-30,US,Nebraska,Custer,31,4,0,41.39374521,-99.72805369,31041.0,287.64962419968447,12.903225806451614,27,31,4,0,27,31,10840,0,0,0,0,0
2020-05-30,US,Nebraska,Dakota,1661,15,0,42.39040144,-96.56656425,31043.0,8294.217517227604,0.9030704394942806,1646,1650,15,0,1635,1650,20083,11,0,0,11,0
2020-05-30,US,Nebraska,Dawes,1,0,0,42.71985036,-103.1313774,31045.0,11.6427989288625,0.0,1,1,0,0,1,1,8716,0,0,0,0,0
2020-05-30,US,Nebraska,Dawson,835,7,0,40.87028216,-99.82014609999999,31047.0,3538.8853570671754,0.8383233532934131,828,833,7,0,826,833,23709,2,0,0,2,0
2020-05-30,US,Nebraska,Dixon,27,0,0,42.49188363,-96.86782408,31051.0,479.06316536550753,0.0,27,26,0,0,26,26,5709,1,0,0,1,0
2020-05-30,US,Nebraska,Dodge,463,1,0,41.58071748,-96.65598179,31053.0,1266.2382059346367,0.2159827213822894,462,439,1,0,438,413,36791,24,0,0,24,26
2020-05-30,US,Nebraska,Douglas,4073,23,0,41.29518299,-96.15085305,31055.0,712.9017182804242,0.5646943285047876,4050,3955,23,0,3932,3736,566880,118,0,0,118,219
2020-05-30,US,Nebraska,Fillmore,6,0,0,40.52458567,-97.59646937,31059.0,109.8498718418162,0.0,6,5,0,0,5,5,5527,1,0,0,1,0
2020-05-30,US,Nebraska,Franklin,6,0,0,40.17636348,-98.95299073,31061.0,201.40986908358508,0.0,6,6,0,0,6,6,3023,0,0,0,0,0
2020-05-30,US,Nebraska,Frontier,1,0,0,40.52993007,-100.3924658,31063.0,38.06623524933384,0.0,1,1,0,0,1,1,2608,0,0,0,0,0
2020-05-30,US,Nebraska,Furnas,9,0,0,40.17642064,-99.91247454,31065.0,192.4721984602224,0.0,9,8,0,0,8,8,4715,1,0,0,1,0
2020-05-30,US,Nebraska,Gage,45,4,0,40.26186809,-96.68946704,31067.0,209.17584716218101,8.888888888888891,41,45,4,0,41,44,21493,0,0,0,0,1
2020-05-30,US,Nebraska,Gosper,13,0,0,40.51481965,-99.83020279,31073.0,653.2663316582915,0.0,13,13,0,0,13,13,1996,0,0,0,0,0
2020-05-30,US,Nebraska,Greeley,2,0,0,41.56742671,-98.52150266,31077.0,84.88964346349746,0.0,2,2,0,0,2,2,2356,0,0,0,0,0
2020-05-30,US,Nebraska,Hall,1495,39,0,40.87257079,-98.50218293,31079.0,2436.71866086418,2.608695652173913,1456,1484,39,0,1445,1476,61607,11,0,0,11,8
2020-05-30,US,Nebraska,Hamilton,55,10,0,40.87349452,-98.02099117,31081.0,589.8755898755899,18.181818181818183,45,54,10,0,44,54,9280,1,0,0,1,0
2020-05-30,US,Nebraska,Hitchcock,1,0,0,40.17609175,-101.04164770000001,31087.0,36.205648081100655,0.0,1,1,0,0,1,1,2806,0,0,0,0,0
2020-05-30,US,Nebraska,Holt,1,0,0,42.45522056,-98.78402558,31089.0,9.933445912387008,0.0,1,1,0,0,1,1,10178,0,0,0,0,0
2020-05-30,US,Nebraska,Howard,42,0,0,41.2200529,-98.5166499,31093.0,651.6679596586501,0.0,42,42,0,0,42,40,6468,0,0,0,0,2
2020-05-30,US,Nebraska,Jefferson,6,0,0,40.17584531,-97.142601,31095.0,85.15469770082315,0.0,6,6,0,0,6,6,7097,0,0,0,0,0
2020-05-30,US,Nebraska,Johnson,6,0,0,40.39257596,-96.26522753,31097.0,118.3198580161704,0.0,6,7,0,0,7,7,5134,-1,0,0,-1,0
2020-05-30,US,Nebraska,Kearney,11,0,0,40.50663314,-98.94877182,31099.0,169.36104695919937,0.0,11,11,0,0,11,12,6544,0,0,0,0,-1
2020-05-30,US,Nebraska,Keith,2,0,0,41.19930341,-101.66201640000001,31101.0,24.894199651481205,0.0,2,2,0,0,2,2,8021,0,0,0,0,0
2020-05-30,US,Nebraska,Kimball,8,0,0,41.19774275,-103.7148131,31105.0,220.26431718061676,0.0,8,8,0,0,8,8,3618,0,0,0,0,0
2020-05-30,US,Nebraska,Knox,10,0,0,42.63758421,-97.89178836,31107.0,120.01920307249159,0.0,10,10,0,0,10,10,8419,0,0,0,0,0
2020-05-30,US,Nebraska,Lancaster,1194,6,0,40.78416049,-96.68777155,31109.0,374.1891002538469,0.5025125628140703,1188,1176,6,0,1170,1140,317272,18,0,0,18,36
2020-05-30,US,Nebraska,Lincoln,47,2,0,41.04658298,-100.74753740000001,31111.0,134.6164862232915,4.25531914893617,45,47,2,0,45,47,35185,0,0,0,0,0
2020-05-30,US,Nebraska,Madison,314,3,0,41.91676024,-97.6005481,31119.0,894.6123821191487,0.9554140127388536,311,312,3,0,309,306,35392,2,0,0,2,6
2020-05-30,US,Nebraska,Merrick,33,0,0,41.16624273,-98.0374887,31121.0,425.531914893617,0.0,33,33,0,0,33,33,7733,0,0,0,0,0
2020-05-30,US,Nebraska,Morrill,11,0,0,41.71711774,-103.0061405,31123.0,236.96682464454975,0.0,11,11,0,0,11,11,4686,0,0,0,0,0
2020-05-30,US,Nebraska,Nance,4,0,0,41.39750195,-97.99327291,31125.0,113.66865586814436,0.0,4,4,0,0,4,5,3532,0,0,0,0,-1
2020-05-30,US,Nebraska,Nemaha,3,0,0,40.38514847,-95.85433992,31127.0,43.029259896729776,0.0,3,3,0,0,3,3,6958,0,0,0,0,0
2020-05-30,US,Nebraska,Nuckolls,1,0,0,40.17637905,-98.04743961,31129.0,24.10800385728061,0.0,1,1,0,0,1,1,4195,0,0,0,0,0
2020-05-30,US,Nebraska,Otoe,7,0,0,40.64843556,-96.13374142,31131.0,43.717212090931795,0.0,7,7,0,0,7,6,15985,0,0,0,0,1
2020-05-30,US,Nebraska,Phelps,20,0,0,40.51156033,-99.41461667,31137.0,221.38587558113792,0.0,20,20,0,0,20,20,8996,0,0,0,0,0
2020-05-30,US,Nebraska,Pierce,6,0,0,42.26434853,-97.60122773,31139.0,83.93956351426971,0.0,6,5,0,0,5,5,7142,1,0,0,1,0
2020-05-30,US,Nebraska,Platte,571,1,0,41.57246836,-97.52144359,31141.0,1706.005377950403,0.17513134851138354,570,560,1,0,559,549,33363,11,0,0,11,11
2020-05-30,US,Nebraska,Polk,11,0,0,41.18813488,-97.56630712,31143.0,211.01093420295413,0.0,11,11,0,0,11,10,5278,0,0,0,0,1
2020-05-30,US,Nebraska,Red Willow,5,0,0,40.17556879999999,-100.476998,31145.0,46.624393882879524,0.0,5,5,0,0,5,5,10726,0,0,0,0,0
2020-05-30,US,Nebraska,Richardson,1,0,0,40.1247415,-95.71755036,31147.0,12.714558169103626,0.0,1,1,0,0,1,1,7937,0,0,0,0,0
2020-05-30,US,Nebraska,Saline,497,1,0,40.52418865,-97.14085859,31151.0,3494.0944881889764,0.2012072434607646,496,498,1,0,497,495,14350,-1,0,0,-1,3
2020-05-30,US,Nebraska,Sarpy,596,2,0,41.11314181,-96.11156432,31153.0,318.3828714288767,0.3355704697986577,594,578,2,0,576,531,184459,18,0,0,18,47
2020-05-30,US,Nebraska,Saunders,36,1,0,41.227810299999994,-96.63773905,31155.0,166.8365928260265,2.7777777777777777,35,34,1,0,33,33,21303,2,0,0,2,1
2020-05-30,US,Nebraska,Scotts Bluff,102,0,0,41.85070896,-103.70809859999999,31157.0,286.37205907125616,0.0,102,88,0,0,88,84,35989,14,0,0,14,4
2020-05-30,US,Nebraska,Seward,28,1,0,40.87241834,-97.139673,31159.0,161.99953714417958,3.571428571428572,27,27,1,0,26,27,17318,1,0,0,1,0
2020-05-30,US,Nebraska,Sherman,4,0,0,41.22045983,-98.97588642,31163.0,133.2889036987671,0.0,4,4,0,0,4,4,3038,0,0,0,0,0
2020-05-30,US,Nebraska,Stanton,20,0,0,41.9169835,-97.19394708,31167.0,337.8378378378378,0.0,20,20,0,0,20,21,5970,0,0,0,0,-1
2020-05-30,US,Nebraska,Thayer,1,0,0,40.17626377,-97.59504381,31169.0,19.98800719568259,0.0,1,1,0,0,1,,5039,0,0,0,0,
2020-05-30,US,Nebraska,Thomas,1,0,0,41.91358968,-100.5556632,31171.0,138.50415512465375,0.0,1,1,0,0,1,1,720,0,0,0,0,0
2020-05-30,US,Nebraska,Thurston,44,0,0,42.15725356,-96.54157099,31173.0,609.0808416389813,0.0,44,41,0,0,41,38,7303,3,0,0,3,3
2020-05-30,US,Nebraska,Unassigned,217,35,0,0.0,0.0,90031.0,0.0,16.129032258064516,182,207,29,0,178,192,,10,6,0,4,15
2020-05-30,US,Nebraska,Valley,4,0,0,41.56730777,-98.98197724,31175.0,96.20009620009621,0.0,4,4,0,0,4,3,4190,0,0,0,0,1
2020-05-30,US,Nebraska,Washington,29,1,0,41.52815707,-96.22019892,31177.0,139.90062231656134,3.4482758620689653,28,29,1,0,28,28,20667,0,0,0,0,1
2020-05-30,US,Nebraska,Wayne,15,0,0,42.20934475,-97.11926964,31179.0,159.82951518380398,0.0,15,14,0,0,14,14,9403,1,0,0,1,0
2020-05-30,US,Nebraska,Webster,5,0,0,40.17642643,-98.50019851,31181.0,143.38973329509608,0.0,5,5,0,0,5,5,3533,0,0,0,0,0
2020-05-30,US,Nebraska,York,36,0,0,40.87272618,-97.59710186,31185.0,263.1771328313473,0.0,36,36,0,0,36,35,13772,0,0,0,0,1
2020-05-30,US,Nevada,Carson City,95,4,0,39.15509045,-119.7480219,32510.0,169.89770369840474,4.2105263157894735,91,95,4,0,91,94,55414,0,0,0,0,1
2020-05-30,US,Nevada,Churchill,7,1,0,39.58105744,-118.3394607,32001.0,28.102292344132643,14.285714285714285,6,7,1,0,6,7,24440,0,0,0,0,0
2020-05-30,US,Nevada,Clark,6579,343,0,36.21458855,-115.0130241,32003.0,290.2438109775601,5.2135582915336665,6236,6457,339,0,6118,6352,2231647,122,4,0,118,105
2020-05-30,US,Nevada,Douglas,31,0,0,38.912862,-119.61713329999999,32005.0,63.38820161537675,0.0,31,30,0,0,30,30,48467,1,0,0,1,0
2020-05-30,US,Nevada,Elko,24,1,0,41.14531606,-115.3577619,32007.0,45.47349274318846,4.166666666666667,23,24,1,0,23,24,52460,0,0,0,0,0
2020-05-30,US,Nevada,Humboldt,78,4,0,41.40692186,-118.11094270000001,32013.0,463.43057453508413,5.128205128205129,74,78,4,0,74,78,16786,0,0,0,0,0
2020-05-30,US,Nevada,Lander,20,0,0,39.933223299999995,-117.03970749999999,32015.0,361.53289949385396,0.0,20,20,0,0,20,20,5575,0,0,0,0,0
2020-05-30,US,Nevada,Lincoln,2,0,0,37.64268459,-114.8790388,32017.0,38.58769052672198,0.0,2,2,0,0,2,2,5201,0,0,0,0,0
2020-05-30,US,Nevada,Lyon,62,1,0,39.01777974,-119.18704790000001,32019.0,107.80733785428622,1.6129032258064515,61,61,1,0,60,57,55808,1,0,0,1,4
2020-05-30,US,Nevada,Mineral,4,0,0,38.53841696,-118.4344506,32021.0,88.79023307436182,0.0,4,4,0,0,4,4,4514,0,0,0,0,0
2020-05-30,US,Nevada,Nye,62,2,0,38.04264256,-116.47227020000001,32023.0,133.26741611675942,3.2258064516129035,60,62,1,0,61,61,45346,0,1,0,-1,1
2020-05-30,US,Nevada,Storey,1,0,0,39.44875482,-119.5250207,32029.0,24.254183846713556,0.0,1,1,0,0,1,1,4029,0,0,0,0,0
2020-05-30,US,Nevada,Unassigned,0,2,0,0.0,0.0,90032.0,0.0,0.0,-2,,,,,,,,,,,
2020-05-30,US,Nevada,Washoe,1548,59,0,40.66562265,-119.6631594,32031.0,328.300662327499,3.811369509043928,1489,1531,55,0,1476,1514,465735,17,4,0,13,17
2020-05-30,US,Nevada,White Pine,4,0,0,39.44157041,-114.89996599999999,32033.0,41.7536534446764,0.0,4,4,0,0,4,4,9475,0,0,0,0,0
2020-05-30,US,New Hampshire,Belknap,58,0,0,43.51637314,-71.41684235,33001.0,94.61200920020228,0.0,58,58,0,0,58,57,61022,0,0,0,0,1
2020-05-30,US,New Hampshire,Carroll,46,0,0,43.87498583,-71.20430216,33003.0,94.05029646289104,0.0,46,46,0,0,46,46,48779,0,0,0,0,0
2020-05-30,US,New Hampshire,Cheshire,57,2,0,42.92015988,-72.25311043,33005.0,74.91621213116909,3.5087719298245608,55,57,2,0,55,55,76493,0,0,0,0,2
2020-05-30,US,New Hampshire,Coos,5,0,0,44.69063265,-71.30633239,33007.0,15.841333206602668,0.0,5,5,0,0,5,5,31589,0,0,0,0,0
2020-05-30,US,New Hampshire,Grafton,74,1,0,43.93779815,-71.82057197,33009.0,82.32650245866986,1.351351351351351,73,74,1,0,73,74,89786,0,0,0,0,0
2020-05-30,US,New Hampshire,Hillsborough,2342,134,0,42.91537785,-71.7200253,33011.0,561.5970265571608,5.721605465414176,2208,2342,134,0,2208,2254,415247,0,0,0,0,88
2020-05-30,US,New Hampshire,Merrimack,334,14,0,43.29662971,-71.6811573,33013.0,220.6207766643988,4.1916167664670665,320,334,14,0,320,331,151132,0,0,0,0,3
2020-05-30,US,New Hampshire,Rockingham,1284,73,0,42.98499744,-71.12883377,33015.0,414.5024195448866,5.685358255451713,1211,1284,73,0,1211,1277,309176,0,0,0,0,7
2020-05-30,US,New Hampshire,Strafford,267,13,0,43.291833000000004,-71.02336013,33017.0,204.38939624750253,4.868913857677903,254,267,13,0,254,263,130090,0,0,0,0,4
2020-05-30,US,New Hampshire,Sullivan,19,1,0,43.36094111,-72.22203125,33019.0,44.03652714040699,5.2631578947368425,18,19,1,0,18,17,43144,0,0,0,0,2
2020-05-30,US,New Hampshire,Unassigned,6,0,0,0.0,0.0,90033.0,0.0,0.0,6,6,0,0,6,10,,0,0,0,0,-4
2020-05-30,US,New Jersey,Atlantic,2183,159,0,39.47538693,-74.65848483,34001.0,827.9288504570106,7.2835547411818595,2024,2154,158,0,1996,2120,265429,29,1,0,28,34
2020-05-30,US,New Jersey,Bergen,18211,1573,0,40.96010917,-74.07164325,34003.0,1953.5465489239457,8.637636593267805,16638,18223,1567,0,16656,18158,936692,-12,6,0,-18,65
2020-05-30,US,New Jersey,Burlington,4567,290,0,39.87681124,-74.66927768,34005.0,1025.4878758007765,6.349901467046201,4277,4519,286,0,4233,4476,445384,48,4,0,44,43
2020-05-30,US,New Jersey,Camden,6425,334,0,39.80343818,-74.96388753,34007.0,1268.5820116057978,5.198443579766537,6091,6350,327,0,6023,6292,507078,75,7,0,68,58
2020-05-30,US,New Jersey,Cape May,615,49,0,39.15008829,-74.80170244,34009.0,668.195004291659,7.967479674796747,566,611,48,0,563,602,92560,4,1,0,3,9
2020-05-30,US,New Jersey,Cumberland,2259,72,0,39.37199394,-75.10712559,34011.0,1510.7639422980465,3.187250996015936,2187,2209,69,0,2140,2146,150972,50,3,0,47,63
2020-05-30,US,New Jersey,Essex,17594,1657,0,40.78681335,-74.24657979,34013.0,2202.071403986357,9.417983403432988,15937,17561,1647,0,15914,17516,799767,33,10,0,23,45
2020-05-30,US,New Jersey,Gloucester,2217,147,0,39.71581067,-75.13995546,34015.0,760.1942147060033,6.630581867388363,2070,2198,147,0,2051,2165,291408,19,0,0,19,33
2020-05-30,US,New Jersey,Hudson,18919,1173,0,40.73766234,-74.07515667,34017.0,2813.690248679712,6.2001162852159215,17746,18919,1168,0,17751,18660,676061,0,5,0,-5,259
2020-05-30,US,New Jersey,Hunterdon,985,60,0,40.56335249,-74.91284156,34019.0,791.9852698780263,6.091370558375634,925,981,58,0,923,974,124714,4,2,0,2,7
2020-05-30,US,New Jersey,Mercer,6850,470,0,40.28047017,-74.70479631,34021.0,1864.300683123316,6.861313868613138,6380,6775,466,0,6309,6670,369811,75,4,0,71,105
2020-05-30,US,New Jersey,Middlesex,15824,989,0,40.43629879,-74.41426991,34023.0,1917.9164717318213,6.25,14835,15734,972,0,14762,15633,829685,90,17,0,73,101
2020-05-30,US,New Jersey,Monmouth,8159,596,0,40.26549699,-74.22240686,34025.0,1318.5303695084801,7.304816766760632,7563,8100,587,0,7513,8012,621354,59,9,0,50,88
2020-05-30,US,New Jersey,Morris,6383,613,0,40.86095313,-74.54553709999998,34027.0,1297.7665728024072,9.60363465455115,5770,6367,610,0,5757,6354,494228,16,3,0,13,13
2020-05-30,US,New Jersey,Ocean,8700,726,0,39.8895449,-74.28089251,34029.0,1432.8393605913182,8.344827586206897,7974,8627,721,0,7906,8577,601651,73,5,0,68,50
2020-05-30,US,New Jersey,Passaic,16099,925,0,41.03238628,-74.29954144,34031.0,3208.0840769509746,5.7456984905894775,15174,16045,917,0,15128,15959,503310,54,8,0,46,86
2020-05-30,US,New Jersey,Salem,621,37,0,39.58719656,-75.34696629999998,34033.0,995.4315941332053,5.9581320450885675,584,602,34,0,568,592,62607,19,3,0,16,10
2020-05-30,US,New Jersey,Somerset,4567,417,0,40.56465737,-74.61683016,34035.0,1388.4244255686554,9.13072038537333,4150,4552,411,0,4141,4522,331164,15,6,0,9,30
2020-05-30,US,New Jersey,Sussex,1110,149,0,41.13891592,-74.69118243,34037.0,790.1030693012925,13.423423423423426,961,1106,147,0,959,1104,140799,4,2,0,2,2
2020-05-30,US,New Jersey,Unassigned,394,0,0,0.0,0.0,90034.0,0.0,0.0,394,448,0,0,448,32,,-54,0,0,-54,416
2020-05-30,US,New Jersey,Union,15764,1067,0,40.65835409,-74.30680092,34039.0,2833.5139779379906,6.768586653133722,14697,15610,1060,0,14550,15475,558067,154,7,0,147,135
2020-05-30,US,New Jersey,Warren,1162,131,0,40.85951833,-74.99556527,34041.0,1103.859709120617,11.273666092943204,1031,1153,131,0,1022,1146,105779,9,0,0,9,7
2020-05-30,US,New Mexico,Bernalillo,1464,71,0,35.05163625,-106.6703554,35001.0,215.57277716342156,4.8497267759562845,1393,1445,71,0,1374,1434,678701,19,0,0,19,11
2020-05-30,US,New Mexico,Catron,2,1,0,33.91514144,-108.4046587,35003.0,56.70541536716757,50.0,1,2,1,0,1,2,3578,0,0,0,0,0
2020-05-30,US,New Mexico,Chaves,45,2,0,33.36406072,-104.4665365,35005.0,69.64327168614099,4.4444444444444455,43,44,2,0,42,42,64689,1,0,0,1,2
2020-05-30,US,New Mexico,Cibola,139,5,0,34.91131525,-107.998876,35006.0,521.087160262418,3.5971223021582728,134,137,5,0,132,136,26746,2,0,0,2,1
2020-05-30,US,New Mexico,Colfax,5,0,0,36.60569702,-104.64726740000002,35007.0,41.87253998827568,0.0,5,5,0,0,5,5,12110,0,0,0,0,0
2020-05-30,US,New Mexico,Curry,51,0,0,34.57421077,-103.34688759999999,35009.0,104.17943375413654,0.0,51,52,0,0,52,51,49437,-1,0,0,-1,1
2020-05-30,US,New Mexico,Dona Ana,460,3,0,32.35275771,-106.83293870000001,35013.0,210.8205962556429,0.6521739130434783,457,449,3,0,446,442,217522,11,0,0,11,7
2020-05-30,US,New Mexico,Eddy,20,1,0,32.47167456,-104.3053527,35015.0,34.21142661648991,5.0,19,20,1,0,19,21,57900,0,0,0,0,-1
2020-05-30,US,New Mexico,Grant,15,0,0,32.73911281,-108.3827845,35017.0,55.55967108674717,0.0,15,15,0,0,15,15,27346,0,0,0,0,0
2020-05-30,US,New Mexico,Guadalupe,20,0,0,34.86319296,-104.790669,35019.0,465.11627906976736,0.0,20,20,0,0,20,20,4341,0,0,0,0,0
2020-05-30,US,New Mexico,Harding,1,0,0,35.85751555,-103.82209379999999,35021.0,160.0,0.0,1,1,0,0,1,1,655,0,0,0,0,0
2020-05-30,US,New Mexico,Hidalgo,1,0,0,31.91383467,-108.7151824,35023.0,23.820867079561697,0.0,1,1,0,0,1,1,4240,0,0,0,0,0
2020-05-30,US,New Mexico,Lea,26,0,0,32.79215361,-103.4123733,35025.0,36.58364992261151,0.0,26,26,0,0,26,24,69611,0,0,0,0,2
2020-05-30,US,New Mexico,Lincoln,2,0,0,33.74526079,-105.4586166,35027.0,10.218679746576742,0.0,2,2,0,0,2,2,19556,0,0,0,0,0
2020-05-30,US,New Mexico,Los Alamos,6,0,0,35.86631386,-106.31349850000001,35028.0,30.977334916619338,0.0,6,6,0,0,6,6,19101,0,0,0,0,0
2020-05-30,US,New Mexico,Luna,8,1,0,32.18179341,-107.75088259999998,35029.0,33.74246066894428,12.5,7,8,1,0,7,7,23963,0,0,0,0,1
2020-05-30,US,New Mexico,McKinley,2406,109,0,35.58007720000001,-108.262245,35031.0,3371.3060658287445,4.53034081463009,2297,2348,104,0,2244,2291,72290,58,5,0,53,57
2020-05-30,US,New Mexico,Otero,22,2,0,32.61348406,-105.7417604,35035.0,32.597421840272624,9.090909090909092,20,22,2,0,20,18,66781,0,0,0,0,4
2020-05-30,US,New Mexico,Quay,5,1,0,35.10403332,-103.54817270000001,35037.0,60.5840300496789,20.0,4,5,1,0,4,5,8253,0,0,0,0,0
2020-05-30,US,New Mexico,Rio Arriba,44,1,0,36.51072137,-106.69316740000001,35039.0,113.04951054700548,2.272727272727273,43,43,1,0,42,41,39006,1,0,0,1,2
2020-05-30,US,New Mexico,Roosevelt,38,0,0,34.02097406,-103.4799493,35041.0,205.40540540540542,0.0,38,37,0,0,37,37,18743,1,0,0,1,0
2020-05-30,US,New Mexico,San Juan,1715,117,0,36.50838318,-108.32043700000001,35045.0,1383.5331321899353,6.822157434402333,1598,1692,115,0,1577,1662,125043,23,2,0,21,30
2020-05-30,US,New Mexico,San Miguel,15,0,0,35.48014807,-104.8163562,35047.0,54.99138468306632,0.0,15,15,0,0,15,14,27591,0,0,0,0,1
2020-05-30,US,New Mexico,Sandoval,566,27,0,35.68862401,-106.86878030000001,35043.0,385.69520538610413,4.770318021201414,539,559,27,0,532,556,145179,7,0,0,7,3
2020-05-30,US,New Mexico,Santa Fe,140,3,0,35.50708973,-105.9774716,35049.0,93.11110815520293,2.142857142857143,137,137,3,0,134,138,150056,3,0,0,3,-1
2020-05-30,US,New Mexico,Sierra,1,0,0,33.13028233,-107.1925893,35051.0,9.266981744045964,0.0,1,1,0,0,1,1,10968,0,0,0,0,0
2020-05-30,US,New Mexico,Socorro,50,4,0,34.00715494,-106.9298354,35053.0,300.5349522149426,8.0,46,50,4,0,46,50,16735,0,0,0,0,0
2020-05-30,US,New Mexico,Taos,25,0,0,36.58006022,-105.63101979999999,35055.0,76.39886318491581,0.0,25,25,0,0,25,24,32835,0,0,0,0,1
2020-05-30,US,New Mexico,Torrance,32,1,0,34.64048375,-105.8508949,35057.0,206.9723821227605,3.125,31,33,1,0,32,33,15591,-1,0,0,-1,0
2020-05-30,US,New Mexico,Unassigned,223,0,0,0.0,0.0,90035.0,0.0,0.0,223,215,0,0,215,209,,8,0,0,8,6
2020-05-30,US,New Mexico,Union,4,0,0,36.48126404,-103.4709624,35059.0,98.54644000985463,0.0,4,4,0,0,4,3,4118,0,0,0,0,1
2020-05-30,US,New Mexico,Valencia,73,2,0,34.71669834,-106.8103733,35061.0,95.1909034007928,2.7397260273972597,71,74,2,0,72,73,76456,-1,0,0,-1,1
2020-05-30,US,New York,Albany,1843,76,0,42.60060306,-73.97723916,36001.0,603.2614744063948,4.123711340206185,1767,1834,76,0,1758,1814,307117,9,0,0,9,20
2020-05-30,US,New York,Allegany,45,0,0,42.25748406,-78.02750466,36003.0,97.63294352476622,0.0,45,45,0,0,45,45,46430,0,0,0,0,0
2020-05-30,US,New York,Broome,561,44,0,42.15903158,-75.81326086,36007.0,294.50674058208386,7.84313725490196,517,557,44,0,513,545,191659,4,0,0,4,12
2020-05-30,US,New York,Cattaraugus,87,0,0,42.24778241,-78.67923096,36009.0,114.29772586938527,0.0,87,86,0,0,86,85,76840,1,0,0,1,1
2020-05-30,US,New York,Cayuga,90,1,0,42.91261714,-76.55731592,36011.0,117.53029669870456,1.1111111111111112,89,89,1,0,88,84,77145,1,0,0,1,5
2020-05-30,US,New York,Chautauqua,83,4,0,42.22769210000001,-79.36691763,36013.0,65.40428516268331,4.819277108433735,79,82,4,0,78,81,127939,1,0,0,1,1
2020-05-30,US,New York,Chemung,137,1,0,42.13891056,-76.7638805,36015.0,164.15835889570553,0.7299270072992701,136,137,1,0,136,136,84254,0,0,0,0,1
2020-05-30,US,New York,Chenango,132,0,0,42.49430041,-75.60887553,36017.0,279.6195479483975,0.0,132,130,0,0,130,126,47536,2,0,0,2,4
2020-05-30,US,New York,Clinton,95,4,0,44.74530905,-73.67875352,36019.0,118.03441635087285,4.2105263157894735,91,95,4,0,91,95,80695,0,0,0,0,0
2020-05-30,US,New York,Columbia,383,32,0,42.24819348,-73.63089095,36021.0,644.1196750811456,8.355091383812011,351,382,32,0,350,380,59916,1,0,0,1,2
2020-05-30,US,New York,Cortland,41,0,0,42.59509207,-76.07048931,36023.0,86.16884891027931,0.0,41,39,0,0,39,39,47823,2,0,0,2,0
2020-05-30,US,New York,Delaware,79,4,0,42.19837623,-74.96709306,36025.0,178.99626147048824,5.063291139240507,75,79,4,0,75,78,44527,0,0,0,0,1
2020-05-30,US,New York,Dutchess,3899,139,0,41.76486060000001,-73.74356679,36027.0,1325.2078390853042,3.565016670941267,3760,3887,139,0,3748,3867,293718,12,0,0,12,20
2020-05-30,US,New York,Erie,6014,516,0,42.76249024,-78.73063652,36029.0,654.6192345287155,8.579980046558031,5498,5935,516,0,5419,5886,919719,79,0,0,79,49
2020-05-30,US,New York,Essex,36,0,0,44.11630765,-73.77297842,36031.0,97.60065067100449,0.0,36,36,0,0,36,36,37300,0,0,0,0,0
2020-05-30,US,New York,Franklin,22,0,0,44.59040891,-74.29926032,36033.0,43.98064851465355,0.0,22,21,0,0,21,20,50293,1,0,0,1,1
2020-05-30,US,New York,Fulton,207,18,0,43.11363907,-74.41798804,36035.0,387.76389487289964,8.695652173913043,189,206,18,0,188,200,53591,1,0,0,1,6
2020-05-30,US,New York,Genesee,200,4,0,43.0022601,-78.19135193,36037.0,349.16201117318434,2.0,196,199,4,0,195,197,57511,1,0,0,1,2
2020-05-30,US,New York,Greene,238,18,0,42.275797,-74.12384884,36039.0,504.3655166567772,7.563025210084032,220,237,18,0,219,236,47491,1,0,0,1,1
2020-05-30,US,New York,Hamilton,5,0,0,43.66146647,-74.49721957,36041.0,113.22463768115942,0.0,5,5,0,0,5,5,4434,0,0,0,0,0
2020-05-30,US,New York,Herkimer,107,3,0,43.42034246,-74.96145307,36043.0,174.49730099969014,2.803738317757009,104,107,3,0,104,106,61833,0,0,0,0,1
2020-05-30,US,New York,Jefferson,74,0,0,44.04200959,-75.94653457,36045.0,67.37440136933918,0.0,74,74,0,0,74,72,111755,0,0,0,0,2
2020-05-30,US,New York,Lewis,20,0,0,43.784415700000004,-75.44903992,36049.0,76.057195010648,0.0,20,20,0,0,20,20,26447,0,0,0,0,0
2020-05-30,US,New York,Livingston,118,7,0,42.72596275,-77.77966158,36051.0,187.5576183361414,5.932203389830509,111,118,7,0,111,118,63227,0,0,0,0,0
2020-05-30,US,New York,Madison,311,10,0,42.91653905,-75.67266639,36053.0,438.39246697960283,3.2154340836012865,301,310,10,0,300,310,70795,1,0,0,1,0
2020-05-30,US,New York,Monroe,2909,216,0,43.14638895,-77.69322942,36055.0,392.1700796742926,7.425232038501202,2693,2860,216,0,2644,2824,742474,49,0,0,49,36
2020-05-30,US,New York,Montgomery,89,4,0,42.90123494,-74.44011632,36057.0,180.8171308994129,4.49438202247191,85,84,4,0,80,82,49455,5,0,0,5,2
2020-05-30,US,New York,Nassau,40307,2121,0,40.74066522,-73.58941873,36059.0,2970.4685008150786,5.262113280571612,38186,40226,2118,0,38108,40140,1358343,81,3,0,78,86
2020-05-30,US,New York,New York City,202751,21512,0,40.76727260000001,-73.97152637,36061.0,2431.995328672801,10.610058643360576,181239,201999,21477,0,180522,201051,1628701,752,35,0,717,948
2020-05-30,US,New York,Niagara,1020,63,0,43.19898042,-78.74777412,36063.0,487.3829922448765,6.1764705882352935,957,1008,63,0,945,984,210433,12,0,0,12,24
2020-05-30,US,New York,Oneida,1006,46,0,43.24375382,-75.43710392,36065.0,439.93335403264956,4.572564612326044,960,988,46,0,942,959,229577,18,0,0,18,29
2020-05-30,US,New York,Onondaga,2133,131,0,43.00491923,-76.19971155,36067.0,463.1640204287253,6.14158462259728,2002,2092,131,0,1961,2054,461809,41,0,0,41,38
2020-05-30,US,New York,Ontario,206,9,0,42.85145728,-77.30874425,36069.0,187.6531513887244,4.368932038834951,197,205,9,0,196,201,109864,1,0,0,1,4
2020-05-30,US,New York,Orange,10389,444,0,41.40337468,-74.30240757,36071.0,2698.862160336676,4.273751082876118,9945,10361,444,0,9917,10325,381951,28,0,0,28,36
2020-05-30,US,New York,Orleans,228,33,0,43.2516977,-78.2320066,36073.0,565.0277557494052,14.473684210526313,195,216,33,0,183,212,40612,12,0,0,12,4
2020-05-30,US,New York,Oswego,108,3,0,43.42778894,-76.14635194,36075.0,92.20996550664252,2.7777777777777777,105,108,3,0,105,107,117898,0,0,0,0,1
2020-05-30,US,New York,Otsego,71,5,0,42.63492579,-75.03151402,36077.0,119.34177130082529,7.042253521126762,66,71,5,0,66,70,59749,0,0,0,0,1
2020-05-30,US,New York,Putnam,1248,60,0,41.42630093,-73.74965532,36079.0,1269.3246541903986,4.807692307692308,1188,1241,58,0,1183,1236,98892,7,2,0,5,5
2020-05-30,US,New York,Rensselaer,486,28,0,42.71348136,-73.51089874,36083.0,306.2111722973399,5.761316872427983,458,478,28,0,450,469,159442,8,0,0,8,9
2020-05-30,US,New York,Rockland,13128,631,0,41.15027894,-74.02560498,36087.0,4029.6019816507014,4.806520414381475,12497,13100,631,0,12469,13076,325695,28,0,0,28,24
2020-05-30,US,New York,Saratoga,477,14,0,43.10904162,-73.86653895,36091.0,207.51491105571583,2.9350104821802936,463,473,11,0,462,468,230163,4,3,0,1,5
2020-05-30,US,New York,Schenectady,686,29,0,42.81668777,-74.05278291,36093.0,441.7285365649489,4.227405247813412,657,680,29,0,651,676,155350,6,0,0,6,4
2020-05-30,US,New York,Schoharie,50,0,0,42.58831742,-74.44339029999998,36095.0,161.29552566211814,0.0,50,49,0,0,49,49,31097,1,0,0,1,0
2020-05-30,US,New York,Schuyler,11,0,0,42.39184015,-76.8773299,36097.0,61.773459875329934,0.0,11,11,0,0,11,11,17912,0,0,0,0,0
2020-05-30,US,New York,Seneca,58,0,0,42.78081007,-76.82497064,36099.0,170.5079962370649,0.0,58,57,0,0,57,56,34300,1,0,0,1,1
2020-05-30,US,New York,St. Lawrence,202,2,0,44.4976179,-75.06550039,36089.0,187.4883979951736,0.99009900990099,200,202,2,0,200,201,108047,0,0,0,0,1
2020-05-30,US,New York,Steuben,241,41,0,42.2689144,-77.3829924,36101.0,252.67616561297558,17.012448132780086,200,241,41,0,200,241,95796,0,0,0,0,0
2020-05-30,US,New York,Suffolk,39532,1892,0,40.88320119,-72.8012172,36103.0,2677.2296646148825,4.7859961550136605,37640,39445,1879,0,37566,39359,1481093,87,13,0,74,86
2020-05-30,US,New York,Sullivan,1375,31,0,41.71579493,-74.76394559,36105.0,1822.8338105843675,2.2545454545454544,1344,1364,30,0,1334,1351,75498,11,1,0,10,13
2020-05-30,US,New York,Tioga,128,21,0,42.16852837,-76.30835812,36107.0,265.5436383627575,16.40625,107,126,21,0,105,126,48560,2,0,0,2,0
2020-05-30,US,New York,Tompkins,161,0,0,42.44945765,-76.47229843,36109.0,157.56508122920337,0.0,161,157,0,0,157,156,102793,4,0,0,4,1
2020-05-30,US,New York,Ulster,1678,74,0,41.89027881,-74.26252104,36111.0,944.9634798083043,4.410011918951132,1604,1663,74,0,1589,1658,178599,15,0,0,15,5
2020-05-30,US,New York,Warren,255,28,0,43.56173026,-73.8433699,36113.0,398.7864381333667,10.980392156862745,227,254,26,0,228,253,64265,1,2,0,-1,1
2020-05-30,US,New York,Washington,235,13,0,43.31153794,-73.43043448,36115.0,383.9618325599634,5.531914893617022,222,232,13,0,219,231,61197,3,0,0,3,1
2020-05-30,US,New York,Wayne,113,3,0,43.15494365,-77.02976528,36117.0,125.67005493894438,2.6548672566371683,110,113,3,0,110,112,90064,0,0,0,0,1
2020-05-30,US,New York,Westchester,33429,1364,0,41.16278376,-73.75741653,36119.0,3455.172371024056,4.0802895689371494,32065,33349,1359,0,31990,33293,967612,80,5,0,75,56
2020-05-30,US,New York,Wyoming,84,5,0,42.70145109,-78.22199579,36121.0,210.7428686118568,5.9523809523809526,79,82,5,0,77,82,40085,2,0,0,2,0
2020-05-30,US,New York,Yates,39,6,0,42.63505484,-77.10369919,36123.0,156.5447758198531,15.384615384615385,33,39,6,0,33,39,24841,0,0,0,0,0
2020-05-30,US,North Carolina,Alamance,342,24,0,36.0434701,-79.39976137,37001.0,201.75919862662158,7.0175438596491215,318,342,24,0,318,325,166436,0,0,0,0,17
2020-05-30,US,North Carolina,Alexander,33,0,0,35.922379600000006,-81.17751948,37003.0,88.00704056324507,0.0,33,30,0,0,30,30,37353,3,0,0,3,0
2020-05-30,US,North Carolina,Alleghany,15,0,0,36.49360862,-81.12857041,37005.0,134.68618119780908,0.0,15,14,0,0,14,14,11161,1,0,0,1,0
2020-05-30,US,North Carolina,Anson,64,1,0,34.97403241,-80.09953279,37007.0,261.801521721345,1.5625,63,64,1,0,63,64,24877,0,0,0,0,0
2020-05-30,US,North Carolina,Ashe,36,0,0,36.43296207,-81.49862729,37009.0,132.33834503547402,0.0,36,36,0,0,36,35,27109,0,0,0,0,1
2020-05-30,US,North Carolina,Avery,2,0,0,36.07569796,-81.92308483,37011.0,11.391467790624821,0.0,2,2,0,0,2,2,17505,0,0,0,0,0
2020-05-30,US,North Carolina,Beaufort,36,0,0,35.48531943,-76.84325809,37013.0,76.60552410946079,0.0,36,36,0,0,36,36,47079,0,0,0,0,0
2020-05-30,US,North Carolina,Bertie,122,4,0,36.0688473,-76.96545943,37015.0,643.9014091940678,3.278688524590164,118,119,4,0,115,118,19026,3,0,0,3,1
2020-05-30,US,North Carolina,Bladen,100,2,0,34.61296243,-78.56180059,37017.0,305.60479188313667,2.0,98,95,2,0,93,94,33190,5,0,0,5,1
2020-05-30,US,North Carolina,Brunswick,83,2,0,34.070565,-78.22814204,37019.0,58.115109928581425,2.409638554216868,81,83,2,0,81,83,136744,0,0,0,0,0
2020-05-30,US,North Carolina,Buncombe,323,23,0,35.61113393,-82.53305,37021.0,123.66429164864029,7.120743034055728,300,310,23,0,287,303,259103,13,0,0,13,7
2020-05-30,US,North Carolina,Burke,390,15,0,35.74989637,-81.70755735,37023.0,431.0106647510637,3.8461538461538463,375,380,15,0,365,350,90382,10,0,0,10,30
2020-05-30,US,North Carolina,Cabarrus,478,22,0,35.3877799,-80.55267168,37025.0,220.8331600855613,4.602510460251046,456,473,22,0,451,457,211342,5,0,0,5,16
2020-05-30,US,North Carolina,Caldwell,132,3,0,35.95204977,-81.54799522,37027.0,160.6269317822288,2.272727272727273,129,127,2,0,125,120,82029,5,1,0,4,7
2020-05-30,US,North Carolina,Camden,3,0,0,36.33804939,-76.15568396,37029.0,27.606515137572465,0.0,3,3,0,0,3,3,10710,0,0,0,0,0
2020-05-30,US,North Carolina,Carteret,37,9,0,34.8932941,-76.54120135,37031.0,53.25810026916932,24.324324324324326,28,37,9,0,28,37,69524,0,0,0,0,0
2020-05-30,US,North Carolina,Caswell,60,1,0,36.39312665,-79.33353281,37033.0,265.4397451778446,1.6666666666666667,59,58,1,0,57,57,22698,2,0,0,2,1
2020-05-30,US,North Carolina,Catawba,208,6,0,35.66211129,-81.2132617,37035.0,130.36583913607558,2.8846153846153846,202,208,6,0,202,194,158652,0,0,0,0,14
2020-05-30,US,North Carolina,Chatham,630,26,0,35.70394416,-79.25541492,37037.0,845.9782462736673,4.126984126984127,604,610,26,0,584,595,73139,20,0,0,20,15
2020-05-30,US,North Carolina,Cherokee,30,1,0,35.1349263,-84.05970864,37039.0,104.85111142178108,3.333333333333333,29,30,1,0,29,30,28383,0,0,0,0,0
2020-05-30,US,North Carolina,Chowan,17,0,0,36.12908077,-76.60118385,37041.0,121.92498027684142,0.0,17,17,0,0,17,17,14029,0,0,0,0,0
2020-05-30,US,North Carolina,Clay,8,0,0,35.05704275,-83.74353633,37043.0,71.23141305315643,0.0,8,8,0,0,8,8,11139,0,0,0,0,0
2020-05-30,US,North Carolina,Cleveland,89,2,0,35.33553364,-81.55204486,37045.0,90.86546805925656,2.247191011235955,87,79,2,0,77,78,97645,10,0,0,10,1
2020-05-30,US,North Carolina,Columbus,330,26,0,34.26744084,-78.65801424,37047.0,594.5088996180731,7.878787878787879,304,330,26,0,304,323,55655,0,0,0,0,7
2020-05-30,US,North Carolina,Craven,204,5,0,35.11833364,-77.08398081,37049.0,199.7278218897777,2.4509803921568634,199,192,5,0,187,192,102912,12,0,0,12,0
2020-05-30,US,North Carolina,Cumberland,682,23,0,35.04762133,-78.82623165,37051.0,203.2732355912956,3.372434017595308,659,662,23,0,639,622,332330,20,0,0,20,40
2020-05-30,US,North Carolina,Currituck,13,0,0,36.36123664,-75.95876401,37053.0,46.824910852573566,0.0,13,15,0,0,15,15,27072,-2,0,0,-2,0
2020-05-30,US,North Carolina,Dare,22,3,0,35.66520691,-75.71767334,37055.0,59.44499986489773,13.636363636363635,19,22,3,0,19,22,36501,0,0,0,0,0
2020-05-30,US,North Carolina,Davidson,398,13,0,35.79115496,-80.21256572,37057.0,237.45741577122948,3.266331658291457,385,385,12,0,373,368,166614,13,1,0,12,17
2020-05-30,US,North Carolina,Davie,90,2,0,35.93099927,-80.54496571,37059.0,210.0546141996919,2.2222222222222223,88,87,2,0,85,82,42733,3,0,0,3,5
2020-05-30,US,North Carolina,Duplin,794,16,0,34.93449805,-77.93140529,37061.0,1351.6964300914185,2.0151133501259446,778,750,16,0,734,744,58856,44,0,0,44,6
2020-05-30,US,North Carolina,Durham,1552,47,0,36.03638492,-78.87608331,37063.0,482.7551883740606,3.028350515463917,1505,1441,47,0,1394,1411,316739,111,0,0,111,30
2020-05-30,US,North Carolina,Edgecombe,197,9,0,35.91230639,-77.59436892,37065.0,382.7323593410009,4.568527918781727,188,190,9,0,181,190,52005,7,0,0,7,0
2020-05-30,US,North Carolina,Forsyth,1253,11,0,36.12859861,-80.25459052,37067.0,327.75736015380795,0.8778930566640064,1242,1207,11,0,1196,1081,379099,46,0,0,46,126
2020-05-30,US,North Carolina,Franklin,159,22,0,36.081519,-78.28708884,37069.0,228.1696204348138,13.836477987421384,137,157,22,0,135,156,67560,2,0,0,2,1
2020-05-30,US,North Carolina,Gaston,276,7,0,35.29373559,-81.17477045,37071.0,122.92398754726558,2.5362318840579707,269,261,7,0,254,255,222846,15,0,0,15,6
2020-05-30,US,North Carolina,Gates,24,1,0,36.44667547,-76.69749701,37073.0,207.57654385054488,4.166666666666667,23,25,1,0,24,25,11573,-1,0,0,-1,0
2020-05-30,US,North Carolina,Graham,2,0,0,35.3506925,-83.83369267,37075.0,23.693875133278052,0.0,2,2,0,0,2,2,8484,0,0,0,0,0
2020-05-30,US,North Carolina,Granville,294,10,0,36.30337451,-78.65184241,37077.0,486.4086825604289,3.4013605442176873,284,287,8,0,279,278,60115,7,2,0,5,9
2020-05-30,US,North Carolina,Greene,77,2,0,35.48544173,-77.67578087,37079.0,365.4658503013907,2.5974025974025974,75,70,2,0,68,68,21012,7,0,0,7,2
2020-05-30,US,North Carolina,Guilford,1227,65,0,36.07959451,-79.78824948,37081.0,228.4176077025321,5.297473512632437,1162,1195,65,0,1130,1173,533670,32,0,0,32,22
2020-05-30,US,North Carolina,Halifax,176,1,0,36.25669272,-77.6556109,37083.0,351.9296140771845,0.5681818181818182,175,167,1,0,166,167,50574,9,0,0,9,0
2020-05-30,US,North Carolina,Harnett,287,27,0,35.36731853,-78.87243571,37085.0,211.0666588221451,9.40766550522648,260,285,27,0,258,281,134214,2,0,0,2,4
2020-05-30,US,North Carolina,Haywood,47,0,0,35.55269063,-82.98196486,37087.0,75.42083219667185,0.0,47,47,0,0,47,47,61971,0,0,0,0,0
2020-05-30,US,North Carolina,Henderson,339,46,0,35.33788927,-82.4766782,37089.0,288.714581363857,13.569321533923304,293,334,46,0,288,327,116748,5,0,0,5,7
2020-05-30,US,North Carolina,Hertford,117,2,0,36.3607755,-76.98104134,37091.0,494.1504413565908,1.709401709401709,115,89,1,0,88,72,23659,28,1,0,27,17
2020-05-30,US,North Carolina,Hoke,239,1,0,35.01888303,-79.23651674,37093.0,432.70449360900886,0.41841004184100417,238,232,1,0,231,227,54764,7,0,0,7,5
2020-05-30,US,North Carolina,Hyde,1,0,0,35.42017674,-76.15180542,37095.0,20.2552157180474,0.0,1,1,0,0,1,1,5230,0,0,0,0,0
2020-05-30,US,North Carolina,Iredell,254,6,0,35.80950511,-80.8743128,37097.0,139.7093605271553,2.3622047244094486,248,251,6,0,245,239,178435,3,0,0,3,12
2020-05-30,US,North Carolina,Jackson,33,1,0,35.28814273,-83.14093385,37099.0,75.10583094360234,3.0303030303030303,32,33,1,0,32,33,43327,0,0,0,0,0
2020-05-30,US,North Carolina,Johnston,440,21,0,35.51745004,-78.36622717,37101.0,210.18539307056972,4.7727272727272725,419,428,21,0,407,408,202675,12,0,0,12,20
2020-05-30,US,North Carolina,Jones,28,3,0,35.02254606,-77.35870791,37103.0,297.271472555473,10.714285714285714,25,28,3,0,25,28,9637,0,0,0,0,0
2020-05-30,US,North Carolina,Lee,432,4,0,35.47623147,-79.17569362,37105.0,699.2667411256253,0.925925925925926,428,428,4,0,424,396,61452,4,0,0,4,32
2020-05-30,US,North Carolina,Lenoir,215,7,0,35.24032589999999,-77.64245615,37107.0,384.27853938408185,3.255813953488372,208,209,7,0,202,200,55976,6,0,0,6,9
2020-05-30,US,North Carolina,Lincoln,67,0,0,35.48508185,-81.21740317,37109.0,77.8065520084542,0.0,67,67,0,0,67,63,83770,0,0,0,0,4
2020-05-30,US,North Carolina,Macon,62,1,0,35.14867843,-83.41696617,37113.0,172.90423336493947,1.6129032258064515,61,47,1,0,46,19,35285,15,0,0,15,28
2020-05-30,US,North Carolina,Madison,4,0,0,35.85402722,-82.71346418,37115.0,18.38657779820731,0.0,4,4,0,0,4,4,21763,0,0,0,0,0
2020-05-30,US,North Carolina,Martin,70,4,0,35.84326734,-77.10860251,37117.0,311.94295900178247,5.7142857142857135,66,65,4,0,61,62,22671,5,0,0,5,3
2020-05-30,US,North Carolina,McDowell,64,1,0,35.67736232,-82.0482425,37111.0,139.87236646560015,1.5625,63,53,1,0,52,53,45507,11,0,0,11,0
2020-05-30,US,North Carolina,Mecklenburg,4028,88,0,35.24469268,-80.8317671,37119.0,362.76653613795935,2.184707050645481,3940,3837,88,0,3749,3605,1093901,191,0,0,191,232
2020-05-30,US,North Carolina,Mitchell,12,0,0,36.01059309,-82.1582442,37121.0,80.19246190858058,0.0,12,12,0,0,12,9,15000,0,0,0,0,3
2020-05-30,US,North Carolina,Montgomery,123,4,0,35.33155144,-79.90416657,37123.0,452.65520921502963,3.2520325203252027,119,113,4,0,109,104,27271,10,0,0,10,9
2020-05-30,US,North Carolina,Moore,220,10,0,35.30885257,-79.48474178,37125.0,218.080888183981,4.545454545454546,210,220,10,0,210,220,98682,0,0,0,0,0
2020-05-30,US,North Carolina,Nash,201,4,0,35.96575634,-77.98422508,37127.0,213.1540435640204,1.9900497512437807,197,193,4,0,189,186,94016,8,0,0,8,7
2020-05-30,US,North Carolina,New Hanover,193,5,0,34.25758282,-77.87075626,37129.0,82.3122491715464,2.5906735751295336,188,193,4,0,189,171,232274,0,1,0,-1,22
2020-05-30,US,North Carolina,Northampton,156,14,0,36.41736238,-77.39769443,37131.0,800.6980444490068,8.974358974358974,142,156,14,0,142,149,19676,0,0,0,0,7
2020-05-30,US,North Carolina,Onslow,108,2,0,34.72607366,-77.42908179,37133.0,54.56253978518526,1.851851851851852,106,100,2,0,98,98,197683,8,0,0,8,2
2020-05-30,US,North Carolina,Orange,340,40,0,36.06092947,-79.12167935,37135.0,228.9932379643848,11.764705882352944,300,326,40,0,286,320,146027,14,0,0,14,6
2020-05-30,US,North Carolina,Pamlico,10,0,0,35.15253315,-76.66559823,37137.0,78.57928650007858,0.0,10,10,0,0,10,10,12670,0,0,0,0,0
2020-05-30,US,North Carolina,Pasquotank,105,11,0,36.26723798,-76.25134778,37139.0,263.6601044596224,10.476190476190476,94,104,10,0,94,104,39639,1,1,0,0,0
2020-05-30,US,North Carolina,Pender,75,1,0,34.52265624,-77.90352133,37141.0,118.93434823977164,1.3333333333333333,74,76,1,0,75,76,62162,-1,0,0,-1,0
2020-05-30,US,North Carolina,Perquimans,24,2,0,36.17847453,-76.40603143,37143.0,178.2663596523806,8.333333333333334,22,24,2,0,22,23,13422,0,0,0,0,1
2020-05-30,US,North Carolina,Person,48,1,0,36.38989032,-78.97217358,37145.0,121.54975943276779,2.083333333333333,47,45,1,0,44,44,39507,3,0,0,3,1
2020-05-30,US,North Carolina,Pitt,295,2,0,35.59535426,-77.37353178,37147.0,163.21607595356917,0.6779661016949152,293,286,2,0,284,273,179914,9,0,0,9,13
2020-05-30,US,North Carolina,Polk,36,4,0,35.27820615,-82.16812354,37149.0,173.71163867979158,11.111111111111109,32,35,4,0,31,35,20611,1,0,0,1,0
2020-05-30,US,North Carolina,Randolph,659,13,0,35.71015088,-79.80570339,37151.0,458.6996317873972,1.9726858877086493,646,651,12,0,639,639,143351,8,1,0,7,12
2020-05-30,US,North Carolina,Richmond,163,2,0,35.00417719,-79.74491009,37153.0,363.6039171072297,1.2269938650306749,161,162,2,0,160,162,44887,1,0,0,1,0
2020-05-30,US,North Carolina,Robeson,786,21,0,34.64244496,-79.10250529999998,37155.0,601.7224880382776,2.6717557251908395,765,786,21,0,765,737,131831,0,0,0,0,49
2020-05-30,US,North Carolina,Rockingham,92,2,0,36.39593137,-79.77504841,37157.0,101.0877925502692,2.1739130434782608,90,86,2,0,84,76,90690,6,0,0,6,10
2020-05-30,US,North Carolina,Rowan,640,37,0,35.64003916,-80.52446628,37159.0,450.42508867743936,5.78125,603,629,37,0,592,619,141262,11,0,0,11,10
2020-05-30,US,North Carolina,Rutherford,182,7,0,35.40114178,-81.92112099,37161.0,271.52426561637503,3.8461538461538463,175,174,7,0,167,174,66826,8,0,0,8,0
2020-05-30,US,North Carolina,Sampson,462,4,0,34.98820368,-78.36914061,37163.0,727.2040421211693,0.8658008658008658,458,429,4,0,425,413,63626,33,0,0,33,16
2020-05-30,US,North Carolina,Scotland,84,0,0,34.8386299,-79.4757978,37165.0,241.21988341038968,0.0,84,84,0,0,84,78,34810,0,0,0,0,6
2020-05-30,US,North Carolina,Stanly,72,4,0,35.31647813,-80.25093221,37167.0,114.63872878387414,5.5555555555555545,68,57,4,0,53,55,62075,15,0,0,15,2
2020-05-30,US,North Carolina,Stokes,66,0,0,36.4017975,-80.23893369,37169.0,144.7654142264921,0.0,66,65,0,0,65,60,45467,1,0,0,1,5
2020-05-30,US,North Carolina,Surry,201,2,0,36.41689489,-80.69102283,37171.0,280.01058746499865,0.9950248756218906,199,197,2,0,195,187,71948,4,0,0,4,10
2020-05-30,US,North Carolina,Swain,13,0,0,35.48665845,-83.48748932,37173.0,91.0938266414407,0.0,13,11,0,0,11,10,14245,2,0,0,2,1
2020-05-30,US,North Carolina,Transylvania,13,0,0,35.20383864,-82.79638423,37175.0,37.80718336483932,0.0,13,12,0,0,12,12,34215,1,0,0,1,0
2020-05-30,US,North Carolina,Tyrrell,4,0,0,35.87147226,-76.17055253,37177.0,99.60159362549801,0.0,4,4,0,0,4,4,4131,0,0,0,0,0
2020-05-30,US,North Carolina,Union,439,20,0,34.98960527,-80.52955873,37179.0,183.0241933802776,4.555808656036446,419,439,20,0,419,417,235908,0,0,0,0,22
2020-05-30,US,North Carolina,Vance,310,21,0,36.36880673,-78.40670845,37181.0,696.0817334680588,6.774193548387097,289,300,20,0,280,297,44582,10,1,0,9,3
2020-05-30,US,North Carolina,Wake,1683,38,0,35.78879266,-78.65249174,37183.0,151.381456985809,2.2578728461081403,1645,1661,37,0,1624,1604,1092305,22,1,0,21,57
2020-05-30,US,North Carolina,Warren,62,2,0,36.39728256,-78.10652228,37185.0,314.2263443312554,3.2258064516129035,60,58,2,0,56,57,19807,4,0,0,4,1
2020-05-30,US,North Carolina,Washington,27,3,0,35.83810081,-76.57299037,37187.0,233.160621761658,11.111111111111109,24,27,3,0,24,27,11859,0,0,0,0,0
2020-05-30,US,North Carolina,Watauga,19,0,0,36.23103603,-81.70033724,37189.0,33.821670790537055,0.0,19,15,0,0,15,15,55945,4,0,0,4,0
2020-05-30,US,North Carolina,Wayne,1112,20,0,35.36438125,-78.00027268,37191.0,903.1031990319252,1.7985611510791366,1092,1088,20,0,1068,1061,123248,24,0,0,24,27
2020-05-30,US,North Carolina,Wilkes,494,5,0,36.2084135,-81.16232895,37193.0,722.0955387943635,1.0121457489878545,489,492,5,0,487,488,68557,2,0,0,2,4
2020-05-30,US,North Carolina,Wilson,347,10,0,35.70625477,-77.917978,37195.0,424.200193151673,2.8818443804034577,337,338,10,0,328,331,81455,9,0,0,9,7
2020-05-30,US,North Carolina,Yadkin,169,2,0,36.16222629,-80.66239436,37197.0,448.6685958531341,1.183431952662722,167,169,2,0,167,154,37543,0,0,0,0,15
2020-05-30,US,North Carolina,Yancey,14,0,0,35.90079156,-82.31237181,37199.0,77.48076816647297,0.0,14,14,0,0,14,12,17903,0,0,0,0,2
2020-05-30,US,North Dakota,Barnes,4,0,0,46.93579637,-98.06605978,38003.0,38.40614498319732,0.0,4,4,0,0,4,4,10542,0,0,0,0,0
2020-05-30,US,North Dakota,Benson,1,0,0,48.0683985,-99.35916363,38005.0,14.637002341920375,0.0,1,1,0,0,1,1,6962,0,0,0,0,0
2020-05-30,US,North Dakota,Bottineau,2,0,0,48.79106111,-100.8378166,38009.0,31.836994587710922,0.0,2,2,0,0,2,2,6411,0,0,0,0,0
2020-05-30,US,North Dakota,Bowman,1,0,0,46.11285362,-103.5203343,38011.0,33.06878306878307,0.0,1,1,0,0,1,1,3076,0,0,0,0,0
2020-05-30,US,North Dakota,Burke,5,0,0,48.79094471,-102.51821170000001,38013.0,236.40661938534282,0.0,5,5,0,0,5,5,2100,0,0,0,0,0
2020-05-30,US,North Dakota,Burleigh,127,0,0,46.97847375,-100.46452140000001,38015.0,132.80906866333424,0.0,127,126,0,0,126,125,95273,1,0,0,1,1
2020-05-30,US,North Dakota,Cass,1685,43,0,46.93201724,-97.24447190000001,38017.0,926.2160364549836,2.551928783382789,1642,1661,42,0,1619,1632,181516,24,1,0,23,29
2020-05-30,US,North Dakota,Divide,1,0,0,48.814938700000006,-103.48736109999999,38023.0,44.16961130742049,0.0,1,1,0,0,1,1,2283,0,0,0,0,0
2020-05-30,US,North Dakota,Dunn,12,0,0,47.35423935,-102.61604679999999,38025.0,271.24773960217004,0.0,12,12,0,0,12,12,4332,0,0,0,0,0
2020-05-30,US,North Dakota,Eddy,4,0,0,47.71701474,-98.90432337,38027.0,174.90161783996498,0.0,4,4,0,0,4,4,2313,0,0,0,0,0
2020-05-30,US,North Dakota,Emmons,4,1,0,46.28398398,-100.2389766,38029.0,123.41869793273679,25.0,3,4,1,0,3,4,3295,0,0,0,0,0
2020-05-30,US,North Dakota,Foster,1,0,0,47.457108399999996,-98.88279923,38031.0,31.152647975077887,0.0,1,1,0,0,1,1,3216,0,0,0,0,0
2020-05-30,US,North Dakota,Grand Forks,333,3,0,47.92093639,-97.45450447,38035.0,479.474737584772,0.9009009009009008,330,331,3,0,328,328,70770,2,0,0,2,3
2020-05-30,US,North Dakota,Grant,2,0,0,46.35821257,-101.63900129999999,38037.0,87.95074758135445,0.0,2,2,0,0,2,2,2374,0,0,0,0,0
2020-05-30,US,North Dakota,Griggs,1,0,0,47.45785838,-98.23850925,38039.0,44.822949350067226,0.0,1,1,0,0,1,1,2232,0,0,0,0,0
2020-05-30,US,North Dakota,McHenry,2,1,0,48.23104458,-100.6324822,38049.0,34.81288076588338,50.0,1,2,1,0,1,2,5816,0,0,0,0,0
2020-05-30,US,North Dakota,McIntosh,1,0,0,46.11182017,-99.44145858,38051.0,40.04805766920305,0.0,1,1,0,0,1,1,2585,0,0,0,0,0
2020-05-30,US,North Dakota,McKenzie,17,0,0,47.74133370000001,-103.395905,38053.0,113.15228966986156,0.0,17,16,0,0,16,16,13632,1,0,0,1,0
2020-05-30,US,North Dakota,McLean,7,0,0,47.60766714,-101.3182418,38055.0,74.07407407407408,0.0,7,7,0,0,7,7,9541,0,0,0,0,0
2020-05-30,US,North Dakota,Mercer,5,0,0,47.31213126,-101.8318399,38057.0,61.072431904238435,0.0,5,5,0,0,5,5,8267,0,0,0,0,0
2020-05-30,US,North Dakota,Morton,59,2,0,46.71681782,-101.2822377,38059.0,188.11376099987243,3.3898305084745757,57,59,2,0,57,59,31095,0,0,0,0,0
2020-05-30,US,North Dakota,Mountrail,39,0,0,48.20197971,-102.3555315,38061.0,369.84352773826464,0.0,39,39,0,0,39,39,10218,0,0,0,0,0
2020-05-30,US,North Dakota,Nelson,1,0,0,47.9226426,-98.19038437,38063.0,34.734282737061484,0.0,1,1,0,0,1,1,2869,0,0,0,0,0
2020-05-30,US,North Dakota,Oliver,1,0,0,47.11530482,-101.3406158,38065.0,51.046452271567134,0.0,1,1,0,0,1,1,1952,0,0,0,0,0
2020-05-30,US,North Dakota,Pembina,6,0,0,48.76623521,-97.5523809,38067.0,88.2223202470225,0.0,6,6,0,0,6,6,6947,0,0,0,0,0
2020-05-30,US,North Dakota,Pierce,3,0,0,48.24977025,-99.96407787,38069.0,75.47169811320755,0.0,3,3,0,0,3,3,4081,0,0,0,0,0
2020-05-30,US,North Dakota,Ramsey,8,1,0,48.26886249,-98.72223879,38071.0,69.4504731313482,12.5,7,8,1,0,7,8,11481,0,0,0,0,0
2020-05-30,US,North Dakota,Ransom,8,0,0,46.45621782,-97.65742504,38073.0,153.31544653123802,0.0,8,8,0,0,8,8,5237,0,0,0,0,0
2020-05-30,US,North Dakota,Renville,3,0,0,48.71982533,-101.6603912,38075.0,128.92135797163732,0.0,3,1,0,0,1,1,2374,2,0,0,2,0
2020-05-30,US,North Dakota,Richland,22,0,0,46.26440649,-96.94852979,38077.0,135.99554923657044,0.0,22,21,0,0,21,20,16239,1,0,0,1,1
2020-05-30,US,North Dakota,Rolette,6,0,0,48.77245354,-99.84097493,38079.0,42.32505643340858,0.0,6,6,0,0,6,5,14301,0,0,0,0,1
2020-05-30,US,North Dakota,Sargent,3,0,0,46.10830372,-97.63217159,38081.0,76.96254489481785,0.0,3,3,0,0,3,3,3870,0,0,0,0,0
2020-05-30,US,North Dakota,Sioux,2,0,0,46.11323337,-101.04401490000001,38085.0,47.28132387706856,0.0,2,2,0,0,2,2,4358,0,0,0,0,0
2020-05-30,US,North Dakota,Slope,3,0,0,46.44737738,-103.4601547,38087.0,400.0,0.0,3,3,0,0,3,3,763,0,0,0,0,0
2020-05-30,US,North Dakota,Stark,61,2,0,46.80851182,-102.65763259999999,38089.0,193.71844136047508,3.278688524590164,59,61,2,0,59,61,30997,0,0,0,0,0
2020-05-30,US,North Dakota,Steele,1,0,0,47.45611548,-97.72728747,38091.0,52.91005291005291,0.0,1,1,0,0,1,1,1903,0,0,0,0,0
2020-05-30,US,North Dakota,Stutsman,23,0,0,46.97962541,-98.95637318,38093.0,111.08964451313757,0.0,23,22,0,0,22,18,20917,1,0,0,1,4
2020-05-30,US,North Dakota,Traill,12,0,0,47.45367788,-97.16323288,38097.0,149.32802389248386,0.0,12,11,0,0,11,11,8037,1,0,0,1,0
2020-05-30,US,North Dakota,Unassigned,0,6,0,0.0,0.0,90038.0,0.0,0.0,-6,0,6,0,-6,0,,0,0,0,0,0
2020-05-30,US,North Dakota,Walsh,13,0,0,48.36876964,-97.72574783,38099.0,122.1689690818532,0.0,13,13,0,0,13,13,10667,0,0,0,0,0
2020-05-30,US,North Dakota,Ward,37,1,0,48.22390169,-101.54367629999999,38101.0,54.700551440694255,2.702702702702702,36,37,1,0,36,37,67744,0,0,0,0,0
2020-05-30,US,North Dakota,Wells,3,0,0,47.58614526,-99.65904998,38103.0,78.24726134585289,0.0,3,3,0,0,3,3,3957,0,0,0,0,0
2020-05-30,US,North Dakota,Williams,25,0,0,48.34522353,-103.4793387,38105.0,66.5088190694086,0.0,25,24,0,0,24,24,35350,1,0,0,1,0
2020-05-30,US,Ohio,Adams,9,1,0,38.84541072,-83.4718964,39001.0,32.493320817387534,11.111111111111109,8,9,1,0,8,8,27724,0,0,0,0,1
2020-05-30,US,Ohio,Allen,211,32,0,40.77285242,-84.10802343,39003.0,206.15333509198737,15.165876777251187,179,212,32,0,180,206,102663,-1,0,0,-1,6
2020-05-30,US,Ohio,Ashland,20,0,0,40.84772277,-82.27280781,39005.0,37.394360930371704,0.0,20,20,0,0,20,19,53745,0,0,0,0,1
2020-05-30,US,Ohio,Ashtabula,338,34,0,41.70860332,-80.74830218,39007.0,347.59000832981974,10.059171597633137,304,330,34,0,296,324,97493,8,0,0,8,6
2020-05-30,US,Ohio,Athens,18,1,0,39.33425634,-82.04278644,39009.0,27.5536914292712,5.5555555555555545,17,18,1,0,17,18,65818,0,0,0,0,0
2020-05-30,US,Ohio,Auglaize,73,3,0,40.55998859,-84.22421429999999,39011.0,159.89136148589452,4.109589041095891,70,71,3,0,68,65,45804,2,0,0,2,6
2020-05-30,US,Ohio,Belmont,428,12,0,40.01625942,-80.9924051,39013.0,638.7487687669761,2.803738317757009,416,419,12,0,407,412,67505,9,0,0,9,7
2020-05-30,US,Ohio,Brown,28,1,0,38.93416837,-83.86788395,39015.0,64.46859458463804,3.571428571428572,27,28,1,0,27,28,43602,0,0,0,0,0
2020-05-30,US,Ohio,Butler,874,29,0,39.44012838,-84.57388716,39017.0,228.1186216832753,3.318077803203661,845,862,29,0,833,847,382378,12,0,0,12,15
2020-05-30,US,Ohio,Carroll,30,3,0,40.578968599999996,-81.09178213,39019.0,111.46615144534442,10.0,27,30,3,0,27,30,27081,0,0,0,0,0
2020-05-30,US,Ohio,Champaign,27,1,0,40.13923427,-83.76875242,39021.0,69.43551498006944,3.703703703703704,26,27,1,0,26,27,38754,0,0,0,0,0
2020-05-30,US,Ohio,Clark,277,6,0,39.91592258,-83.78498252,39023.0,206.5884564038693,2.166064981949458,271,252,6,0,246,234,134585,25,0,0,25,18
2020-05-30,US,Ohio,Clermont,206,5,0,39.04847534,-84.15375786,39025.0,99.79266378592052,2.4271844660194173,201,206,5,0,201,202,205466,0,0,0,0,4
2020-05-30,US,Ohio,Clinton,43,1,0,39.41485808,-83.80852286,39027.0,102.45901639344262,2.3255813953488373,42,43,0,0,43,43,42057,0,1,0,-1,0
2020-05-30,US,Ohio,Columbiana,743,52,0,40.76932373,-80.78094576,39029.0,729.2678857120422,6.998654104979812,691,739,51,0,688,684,102665,4,1,0,3,55
2020-05-30,US,Ohio,Coshocton,38,0,0,40.30096166,-81.91729018,39031.0,103.82513661202186,0.0,38,38,0,0,38,37,36629,0,0,0,0,1
2020-05-30,US,Ohio,Crawford,114,4,0,40.85065156,-82.91989099,39033.0,274.7385164120114,3.5087719298245608,110,110,4,0,106,110,41550,4,0,0,4,0
2020-05-30,US,Ohio,Cuyahoga,4369,226,0,41.424119,-81.65918339,39035.0,353.74455902166034,5.172808422980086,4143,4318,226,0,4092,4211,1243857,51,0,0,51,107
2020-05-30,US,Ohio,Darke,167,21,0,40.13412966,-84.6194517,39037.0,326.7270557392444,12.574850299401195,146,167,21,0,146,162,51323,0,0,0,0,5
2020-05-30,US,Ohio,Defiance,33,2,0,41.32398837,-84.49076944,39039.0,86.64373670806313,6.0606060606060606,31,33,2,0,31,33,38165,0,0,0,0,0
2020-05-30,US,Ohio,Delaware,331,13,0,40.27942393,-83.00457058,39041.0,158.23919455771906,3.9274924471299095,318,320,13,0,307,310,204826,11,0,0,11,10
2020-05-30,US,Ohio,Erie,171,14,0,41.36796058,-82.62904521,39043.0,230.25341340586544,8.187134502923977,157,167,11,0,156,165,74615,4,3,0,1,2
2020-05-30,US,Ohio,Fairfield,259,6,0,39.75107189,-82.63088163,39045.0,164.36721794204627,2.3166023166023164,253,258,6,0,252,251,155782,1,0,0,1,7
2020-05-30,US,Ohio,Fayette,40,0,0,39.56021306,-83.4562016,39047.0,140.22787028922,0.0,40,40,0,0,40,39,28666,0,0,0,0,1
2020-05-30,US,Ohio,Franklin,5773,260,0,39.96995815,-83.01115755,39049.0,438.4259498342897,4.5037242335007805,5513,5674,256,0,5418,5566,1310300,99,4,0,95,108
2020-05-30,US,Ohio,Fulton,40,0,0,41.60213491,-84.12571393,39051.0,94.95323553150074,0.0,40,39,0,0,39,37,42276,1,0,0,1,2
2020-05-30,US,Ohio,Gallia,9,1,0,38.82708533,-82.31647569,39053.0,30.102347983142685,11.111111111111109,8,7,1,0,6,7,29979,2,0,0,2,0
2020-05-30,US,Ohio,Geauga,282,32,0,41.49952319,-81.17935342,39055.0,301.1244113658448,11.347517730496454,250,277,32,0,245,272,94031,5,0,0,5,5
2020-05-30,US,Ohio,Greene,101,5,0,39.69116283,-83.89032084,39057.0,59.78560054931721,4.950495049504951,96,101,5,0,96,101,167995,0,0,0,0,0
2020-05-30,US,Ohio,Guernsey,35,1,0,40.05026529,-81.49248905,39059.0,90.03215434083602,2.8571428571428568,34,34,0,0,34,34,39022,1,1,0,0,0
2020-05-30,US,Ohio,Hamilton,2642,148,0,39.19673558,-84.54502924,39061.0,323.1911023361016,5.601816805450416,2494,2603,147,0,2456,2555,816684,39,1,0,38,48
2020-05-30,US,Ohio,Hancock,50,1,0,41.00250487,-83.66838948,39063.0,65.97785783091194,2.0,49,50,1,0,49,51,75930,0,0,0,0,-1
2020-05-30,US,Ohio,Hardin,60,0,0,40.66015414,-83.65929931,39065.0,191.29603060736488,0.0,60,45,0,0,45,42,31480,15,0,0,15,3
2020-05-30,US,Ohio,Harrison,10,0,0,40.29380509,-81.09068544,39067.0,66.48936170212765,0.0,10,10,0,0,10,10,15174,0,0,0,0,0
2020-05-30,US,Ohio,Henry,15,0,0,41.333964200000004,-84.06830637,39069.0,55.54321261941791,0.0,15,15,0,0,15,15,27086,0,0,0,0,0
2020-05-30,US,Ohio,Highland,23,1,0,39.1839264,-83.60331456,39071.0,53.28884872917682,4.3478260869565215,22,23,1,0,22,22,43058,0,0,0,0,1
2020-05-30,US,Ohio,Hocking,69,4,0,39.49537927,-82.47991446,39073.0,244.1268044155109,5.797101449275362,65,69,4,0,65,69,28385,0,0,0,0,0
2020-05-30,US,Ohio,Holmes,34,1,0,40.56163713,-81.92635677,39075.0,77.34303912647863,2.9411764705882355,33,32,1,0,31,29,43892,2,0,0,2,3
2020-05-30,US,Ohio,Huron,57,1,0,41.14651175,-82.59867951,39077.0,97.8272062609412,1.7543859649122806,56,56,1,0,55,56,58504,1,0,0,1,0
2020-05-30,US,Ohio,Jackson,14,0,0,39.01914254,-82.61818559999998,39079.0,43.192546200598535,0.0,14,13,0,0,13,13,32384,1,0,0,1,0
2020-05-30,US,Ohio,Jefferson,67,2,0,40.38614126,-80.76259514,39081.0,102.56410256410255,2.985074626865672,65,67,2,0,65,66,65767,0,0,0,0,1
2020-05-30,US,Ohio,Knox,25,1,0,40.39830217,-82.42027563,39083.0,40.11424537081609,4.0,24,24,1,0,23,23,61893,1,0,0,1,1
2020-05-30,US,Ohio,Lake,306,12,0,41.69710807,-81.23676539,39085.0,132.95734502431034,3.92156862745098,294,302,12,0,290,290,230514,4,0,0,4,12
2020-05-30,US,Ohio,Lawrence,30,0,0,38.59743452,-82.53466552,39087.0,50.45154129458654,0.0,30,30,0,0,30,29,59866,0,0,0,0,1
2020-05-30,US,Ohio,Licking,243,10,0,40.09136236,-82.48185785,39089.0,137.39525731926588,4.11522633744856,233,230,10,0,220,222,175769,13,0,0,13,8
2020-05-30,US,Ohio,Logan,38,0,0,40.38996525,-83.76784341,39091.0,83.20196181467857,0.0,38,37,0,0,37,37,45358,1,0,0,1,0
2020-05-30,US,Ohio,Lorain,678,59,0,41.29553751,-82.15083537,39093.0,218.82756194466046,8.702064896755163,619,672,59,0,613,667,309461,6,0,0,6,5
2020-05-30,US,Ohio,Lucas,2241,242,0,41.62101218,-83.65468618,39095.0,523.1727473923072,10.798750557786702,1999,2202,240,0,1962,2178,429899,39,2,0,37,24
2020-05-30,US,Ohio,Madison,152,7,0,39.89381073,-83.40178317,39097.0,339.8090809505712,4.605263157894737,145,152,7,0,145,148,44413,0,0,0,0,4
2020-05-30,US,Ohio,Mahoning,1428,174,0,41.01631101,-80.77287029,39099.0,624.4451926903181,12.184873949579833,1254,1405,173,0,1232,1397,229642,23,1,0,22,8
2020-05-30,US,Ohio,Marion,2660,28,0,40.58610662,-83.15736305,39101.0,4086.4609097752445,1.0526315789473684,2632,2657,28,0,2629,2642,65256,3,0,0,3,15
2020-05-30,US,Ohio,Medina,337,23,0,41.11770589,-81.89986209999998,39103.0,187.486786910418,6.824925816023739,314,328,23,0,305,313,179146,9,0,0,9,15
2020-05-30,US,Ohio,Meigs,6,0,0,39.09224872,-82.0305041,39105.0,26.192866809272275,0.0,6,6,0,0,6,6,23106,0,0,0,0,0
2020-05-30,US,Ohio,Mercer,210,7,0,40.54043046,-84.62912742,39107.0,510.0553774409793,3.333333333333333,203,203,7,0,196,201,40959,7,0,0,7,2
2020-05-30,US,Ohio,Miami,355,30,0,40.0543329,-84.22871271,39109.0,331.81601502986337,8.450704225352112,325,355,30,0,325,352,106222,0,0,0,0,3
2020-05-30,US,Ohio,Monroe,78,12,0,39.72984936,-81.08464734,39111.0,571.2611688882379,15.384615384615385,66,77,12,0,65,75,13790,1,0,0,1,2
2020-05-30,US,Ohio,Montgomery,656,16,0,39.75394919,-84.29050975,39113.0,123.38086129621377,2.4390243902439024,640,651,17,0,634,637,532331,5,-1,0,6,14
2020-05-30,US,Ohio,Morgan,5,0,0,39.62081738,-81.85308173,39115.0,34.46374414116349,0.0,5,5,0,0,5,5,14604,0,0,0,0,0
2020-05-30,US,Ohio,Morrow,107,1,0,40.52363560000001,-82.7892599,39117.0,302.87590579710144,0.9345794392523364,106,105,1,0,104,104,35112,2,0,0,2,1
2020-05-30,US,Ohio,Muskingum,50,0,0,39.96575964,-81.94363275,39119.0,57.994548512439835,0.0,50,50,0,0,50,48,86183,0,0,0,0,2
2020-05-30,US,Ohio,Noble,6,0,0,39.76818851,-81.45937183,39121.0,41.59733777038269,0.0,6,6,0,0,6,5,14354,0,0,0,0,1
2020-05-30,US,Ohio,Ottawa,99,16,0,41.53781826,-83.0940185,39123.0,244.2936458975941,16.161616161616163,83,95,13,0,82,93,40769,4,3,0,1,2
2020-05-30,US,Ohio,Paulding,14,0,0,41.11676341,-84.5801017,39125.0,74.97857754927162,0.0,14,14,0,0,14,13,18760,0,0,0,0,1
2020-05-30,US,Ohio,Perry,18,1,0,39.73508655,-82.23804971,39127.0,49.814579066806886,5.5555555555555545,17,18,1,0,17,18,36033,0,0,0,0,0
2020-05-30,US,Ohio,Pickaway,2050,37,0,39.64170392,-83.0243386,39129.0,3506.851189763416,1.804878048780488,2013,2050,36,0,2014,2048,58086,0,1,0,-1,2
2020-05-30,US,Ohio,Pike,6,0,0,39.07634001,-83.06769584,39131.0,21.604493734696817,0.0,6,6,0,0,6,6,28067,0,0,0,0,0
2020-05-30,US,Ohio,Portage,323,57,0,41.16793482,-81.19735782,39133.0,198.81082811172797,17.647058823529417,266,322,57,0,265,318,162927,1,0,0,1,4
2020-05-30,US,Ohio,Preble,35,1,0,39.7420247,-84.64787018,39135.0,85.61224988992711,2.8571428571428568,34,35,1,0,34,33,40997,0,0,0,0,2
2020-05-30,US,Ohio,Putnam,91,14,0,41.02094889,-84.1336111,39137.0,268.7457547030507,15.384615384615385,77,90,14,0,76,88,33780,1,0,0,1,2
2020-05-30,US,Ohio,Richland,199,3,0,40.77180308,-82.53799609999999,39139.0,164.25375967776552,1.5075376884422111,196,197,3,0,194,193,121099,2,0,0,2,4
2020-05-30,US,Ohio,Ross,71,2,0,39.33705391,-83.06000914,39141.0,92.6095009521822,2.8169014084507036,69,68,2,0,66,67,76931,3,0,0,3,1
2020-05-30,US,Ohio,Sandusky,73,11,0,41.35624126,-83.137872,39143.0,124.74794080453877,15.068493150684931,62,73,11,0,62,72,58799,0,0,0,0,1
2020-05-30,US,Ohio,Scioto,15,0,0,38.80270163,-82.98907345,39145.0,19.91661576864859,0.0,15,15,0,0,15,15,75502,0,0,0,0,0
2020-05-30,US,Ohio,Seneca,20,2,0,41.12351311,-83.12783209,39147.0,36.24633005908152,10.0,18,20,2,0,18,20,55207,0,0,0,0,0
2020-05-30,US,Ohio,Shelby,41,3,0,40.33163494,-84.20258189,39149.0,84.3795019551348,7.317073170731707,38,40,3,0,37,40,48627,1,0,0,1,0
2020-05-30,US,Ohio,Stark,723,91,0,40.81482476,-81.36437305,39151.0,195.08588635909837,12.586445366528356,632,716,91,0,625,705,371574,7,0,0,7,11
2020-05-30,US,Ohio,Summit,1390,172,0,41.12464734,-81.53123079,39153.0,256.925434324129,12.37410071942446,1218,1380,172,0,1208,1335,541918,10,0,0,10,45
2020-05-30,US,Ohio,Trumbull,569,48,0,41.31735028,-80.76109643,39155.0,287.411478274925,8.43585237258348,521,562,48,0,514,551,198627,7,0,0,7,11
2020-05-30,US,Ohio,Tuscarawas,342,3,0,40.44214695,-81.47226262,39157.0,371.79166621370416,0.8771929824561403,339,339,3,0,336,337,92176,3,0,0,3,2
2020-05-30,US,Ohio,Union,51,1,0,40.30016061,-83.37239023,39159.0,86.45826269749779,1.96078431372549,50,51,1,0,50,49,57835,0,0,0,0,2
2020-05-30,US,Ohio,Van Wert,6,0,0,40.8554138,-84.59111700000003,39161.0,21.220159151193638,0.0,6,6,0,0,6,6,28281,0,0,0,0,0
2020-05-30,US,Ohio,Vinton,21,2,0,39.25208988,-82.4831444,39163.0,160.4891096675583,9.523809523809524,19,19,2,0,17,19,13139,2,0,0,2,0
2020-05-30,US,Ohio,Warren,366,21,0,39.42581994,-84.16557457,39165.0,156.0089001798791,5.737704918032787,345,359,20,0,339,351,232173,7,1,0,6,8
2020-05-30,US,Ohio,Washington,118,19,0,39.45690571,-81.49121382,39167.0,196.9588222530086,16.10169491525424,99,118,19,0,99,118,60155,0,0,0,0,0
2020-05-30,US,Ohio,Wayne,272,50,0,40.82925852,-81.88844833,39169.0,235.0704347074583,18.38235294117647,222,266,50,0,216,260,115967,6,0,0,6,6
2020-05-30,US,Ohio,Williams,54,1,0,41.56052014,-84.58429552,39171.0,147.1710454595007,1.851851851851852,53,54,1,0,53,51,36804,0,0,0,0,3
2020-05-30,US,Ohio,Wood,287,46,0,41.36224827,-83.62285108,39173.0,219.3904461958308,16.027874564459932,241,285,46,0,239,282,130696,2,0,0,2,3
2020-05-30,US,Ohio,Wyandot,40,2,0,40.84339621,-83.30734173,39175.0,183.72221201543263,5.0,38,39,2,0,37,38,21935,1,0,0,1,1
2020-05-30,US,Oklahoma,Adair,87,3,0,35.88494195,-94.65859267,40001.0,391.9978372533117,3.4482758620689653,84,85,3,0,82,84,22082,2,0,0,2,1
2020-05-30,US,Oklahoma,Alfalfa,1,0,0,36.73090616,-98.32408495,40003.0,17.5377060680463,0.0,1,1,0,0,1,1,5754,0,0,0,0,0
2020-05-30,US,Oklahoma,Atoka,3,0,0,34.37366573,-96.03802487,40005.0,21.805494984736157,0.0,3,3,0,0,3,2,13838,0,0,0,0,1
2020-05-30,US,Oklahoma,Beaver,24,0,0,36.7496847,-100.4758872,40007.0,451.8922990020711,0.0,24,24,0,0,24,24,5319,0,0,0,0,0
2020-05-30,US,Oklahoma,Beckham,6,0,0,35.26862449,-99.68128023,40009.0,27.448648154078413,0.0,6,6,0,0,6,6,21709,0,0,0,0,0
2020-05-30,US,Oklahoma,Blaine,6,0,0,35.87518314,-98.43307003,40011.0,63.633471205854285,0.0,6,6,0,0,6,6,9485,0,0,0,0,0
2020-05-30,US,Oklahoma,Bryan,26,1,0,33.96472458,-96.25903472,40013.0,54.172309615584965,3.8461538461538463,25,24,1,0,23,23,47192,2,0,0,2,1
2020-05-30,US,Oklahoma,Caddo,158,10,0,35.17364557,-98.37534464,40015.0,549.3359293512274,6.329113924050633,148,155,10,0,145,154,28977,3,0,0,3,1
2020-05-30,US,Oklahoma,Canadian,132,3,0,35.5426055,-97.98465569,40017.0,89.00516499669601,2.272727272727273,129,129,3,0,126,128,144447,3,0,0,3,1
2020-05-30,US,Oklahoma,Carter,41,1,0,34.25103751,-97.28552485,40019.0,85.21959635010705,2.4390243902439024,40,39,1,0,38,38,48177,2,0,0,2,1
2020-05-30,US,Oklahoma,Cherokee,29,1,0,35.90692775,-94.99980896,40021.0,59.60087962677518,3.4482758620689653,28,28,1,0,27,29,48675,1,0,0,1,-1
2020-05-30,US,Oklahoma,Choctaw,39,1,0,34.02807439,-95.54771129,40023.0,265.8124318429662,2.5641025641025643,38,32,1,0,31,30,14668,7,0,0,7,2
2020-05-30,US,Oklahoma,Cimarron,1,0,0,36.74817177,-102.5173885,40025.0,46.79457182966776,0.0,1,1,0,0,1,1,2153,0,0,0,0,0
2020-05-30,US,Oklahoma,Cleveland,500,37,0,35.20413532,-97.32519562,40027.0,176.047659622413,7.4,463,498,37,0,461,496,281669,2,0,0,2,2
2020-05-30,US,Oklahoma,Coal,1,0,0,34.58840127,-96.29798747,40029.0,18.198362147406737,0.0,1,1,0,0,1,1,5520,0,0,0,0,0
2020-05-30,US,Oklahoma,Comanche,279,3,0,34.65973764,-98.47195055,40031.0,231.0578141433884,1.075268817204301,276,279,3,0,276,278,120422,0,0,0,0,1
2020-05-30,US,Oklahoma,Cotton,5,2,0,34.28845626,-98.37053567,40033.0,88.24567596187786,40.0,3,5,2,0,3,5,5776,0,0,0,0,0
2020-05-30,US,Oklahoma,Craig,15,0,0,36.76268118,-95.20916602,40035.0,106.06703436571915,0.0,15,15,0,0,15,15,14306,0,0,0,0,0
2020-05-30,US,Oklahoma,Creek,94,7,0,35.90230551,-96.37086028,40037.0,131.4280920555913,7.446808510638298,87,93,7,0,86,93,71604,1,0,0,1,0
2020-05-30,US,Oklahoma,Custer,16,0,0,35.63853802,-99.00170785,40039.0,55.16670689239045,0.0,16,13,0,0,13,13,29036,3,0,0,3,0
2020-05-30,US,Oklahoma,Delaware,100,16,0,36.40823634,-94.80325046,40041.0,232.50947476109653,16.0,84,100,16,0,84,100,42733,0,0,0,0,0
2020-05-30,US,Oklahoma,Dewey,2,0,0,35.98772922,-99.00730714,40043.0,40.891433244735225,0.0,2,2,0,0,2,4,4894,0,0,0,0,-2
2020-05-30,US,Oklahoma,Garfield,27,1,0,36.3791334,-97.78265517,40047.0,44.22169811320755,3.703703703703704,26,26,1,0,25,26,60913,1,0,0,1,0
2020-05-30,US,Oklahoma,Garvin,17,1,0,34.70418038,-97.30811132,40049.0,61.34747934033416,5.882352941176472,16,17,1,0,16,16,27811,0,0,0,0,1
2020-05-30,US,Oklahoma,Grady,92,3,0,35.0167709,-97.88339847,40051.0,164.77415195042445,3.260869565217391,89,85,3,0,82,83,55551,7,0,0,7,2
2020-05-30,US,Oklahoma,Grant,2,0,0,36.796296999999996,-97.78638765,40053.0,46.15739672282484,0.0,2,2,0,0,2,2,4326,0,0,0,0,0
2020-05-30,US,Oklahoma,Greer,66,7,0,34.93535801,-99.56056120000001,40055.0,1155.4621848739494,10.606060606060606,59,66,7,0,59,66,5821,0,0,0,0,0
2020-05-30,US,Oklahoma,Harper,1,0,0,36.78836519,-99.6679804,40059.0,27.11496746203905,0.0,1,1,0,0,1,1,3797,0,0,0,0,0
2020-05-30,US,Oklahoma,Haskell,6,0,0,35.22257600000001,-95.11513306,40061.0,47.517224994060356,0.0,6,6,0,0,6,6,12668,0,0,0,0,0
2020-05-30,US,Oklahoma,Hughes,1,0,0,35.04912569,-96.24921145,40063.0,7.530687551773478,0.0,1,1,0,0,1,,13335,0,0,0,0,
2020-05-30,US,Oklahoma,Jackson,27,3,0,34.58781741,-99.41138784,40065.0,110.069302894415,11.111111111111109,24,24,3,0,21,24,24949,3,0,0,3,0
2020-05-30,US,Oklahoma,Jefferson,3,0,0,34.11130184,-97.83182974,40067.0,49.98333888703765,0.0,3,3,0,0,3,4,6123,0,0,0,0,-1
2020-05-30,US,Oklahoma,Johnston,3,0,0,34.31440473,-96.66011537,40069.0,27.063599458728014,0.0,3,3,0,0,3,3,10949,0,0,0,0,0
2020-05-30,US,Oklahoma,Kay,53,7,0,36.81799745,-97.14421435,40071.0,121.7327392163168,13.20754716981132,46,52,7,0,45,52,44161,1,0,0,1,0
2020-05-30,US,Oklahoma,Kingfisher,11,0,0,35.94530008,-97.94193268,40073.0,69.77481763399936,0.0,11,11,0,0,11,11,15816,0,0,0,0,0
2020-05-30,US,Oklahoma,Kiowa,6,0,0,34.91671958,-98.97720696,40075.0,68.90215893431328,0.0,6,6,0,0,6,6,8729,0,0,0,0,0
2020-05-30,US,Oklahoma,Latimer,5,1,0,34.87844729,-95.25215049,40077.0,49.63764519011218,20.0,4,5,1,0,4,5,10231,0,0,0,0,0
2020-05-30,US,Oklahoma,Le Flore,14,1,0,34.89851864,-94.70392124,40079.0,28.08256273443925,7.142857142857142,13,14,1,0,13,14,49980,0,0,0,0,0
2020-05-30,US,Oklahoma,Lincoln,22,2,0,35.70270942,-96.8812462,40081.0,63.07881985262494,9.090909090909092,20,22,2,0,20,22,34920,0,0,0,0,0
2020-05-30,US,Oklahoma,Logan,19,1,0,35.91899576,-97.44352845,40083.0,39.5742642311137,5.2631578947368425,18,19,1,0,18,19,47291,0,0,0,0,0
2020-05-30,US,Oklahoma,Love,15,0,0,33.95273467,-97.23906784,40085.0,146.2986442992295,0.0,15,15,0,0,15,15,10134,0,0,0,0,0
2020-05-30,US,Oklahoma,Major,6,1,0,36.31149996,-98.53467076,40093.0,78.64726700747148,16.666666666666668,5,6,1,0,5,6,7644,0,0,0,0,0
2020-05-30,US,Oklahoma,Marshall,8,0,0,34.02311222,-96.76855464,40095.0,47.25060539838167,0.0,8,8,0,0,8,8,16806,0,0,0,0,0
2020-05-30,US,Oklahoma,Mayes,30,4,0,36.30179091,-95.23175116,40097.0,72.99270072992701,13.333333333333336,26,30,4,0,26,30,41107,0,0,0,0,0
2020-05-30,US,Oklahoma,McClain,104,3,0,35.01123903,-97.44572302,40087.0,256.95508227504075,2.8846153846153846,101,104,3,0,101,103,39985,0,0,0,0,1
2020-05-30,US,Oklahoma,McCurtain,35,1,0,34.11664328,-94.77222373,40089.0,106.60331384015595,2.8571428571428568,34,34,0,0,34,33,32703,1,1,0,0,1
2020-05-30,US,Oklahoma,McIntosh,11,1,0,35.37235506,-95.66599306,40091.0,56.133904878546645,9.090909090909092,10,11,1,0,10,11,19815,0,0,0,0,0
2020-05-30,US,Oklahoma,Murray,4,0,0,34.48116015,-97.06826283,40099.0,28.423221772187876,0.0,4,4,0,0,4,4,13953,0,0,0,0,0
2020-05-30,US,Oklahoma,Muskogee,48,6,0,35.61318461,-95.37802952,40101.0,70.59134961836551,12.5,42,46,6,0,40,43,68362,2,0,0,2,3
2020-05-30,US,Oklahoma,Noble,7,0,0,36.38953329,-97.22928674,40103.0,62.887431497619254,0.0,7,7,0,0,7,7,11289,0,0,0,0,0
2020-05-30,US,Oklahoma,Nowata,23,0,0,36.79843529,-95.61902331,40105.0,228.2651845970624,0.0,23,23,0,0,23,23,10218,0,0,0,0,0
2020-05-30,US,Oklahoma,Okfuskee,4,0,0,35.46485198,-96.32639984,40107.0,33.352789126990736,0.0,4,6,0,0,6,3,12098,-2,0,0,-2,3
2020-05-30,US,Oklahoma,Oklahoma,1263,61,0,35.55140095,-97.40716948,40109.0,158.3830135158521,4.829770387965162,1202,1254,60,0,1194,1241,792582,9,1,0,8,13
2020-05-30,US,Oklahoma,Okmulgee,26,0,0,35.64661916,-95.96432828,40111.0,67.59391654751073,0.0,26,25,0,0,25,23,38335,1,0,0,1,2
2020-05-30,US,Oklahoma,Osage,95,8,0,36.62888819,-96.39635704,40113.0,202.28690671379601,8.421052631578947,87,95,8,0,87,94,47014,0,0,0,0,1
2020-05-30,US,Oklahoma,Ottawa,35,2,0,36.83532655,-94.81011909,40115.0,112.44257397115044,5.7142857142857135,33,35,2,0,33,35,31175,0,0,0,0,0
2020-05-30,US,Oklahoma,Pawnee,31,2,0,36.31743373,-96.70331759999999,40117.0,189.30141670737663,6.451612903225807,29,30,2,0,28,30,16390,1,0,0,1,0
2020-05-30,US,Oklahoma,Payne,45,1,0,36.07695283,-96.97584944,40119.0,55.02298738139489,2.2222222222222223,44,45,1,0,44,45,82040,0,0,0,0,0
2020-05-30,US,Oklahoma,Pittsburg,41,3,0,34.92065823,-95.75134320000001,40121.0,93.92037384890274,7.317073170731707,38,40,3,0,37,40,43877,1,0,0,1,0
2020-05-30,US,Oklahoma,Pontotoc,13,2,0,34.72959848,-96.68337199,40123.0,33.95674433183575,15.384615384615385,11,13,2,0,11,12,38247,0,0,0,0,1
2020-05-30,US,Oklahoma,Pottawatomie,59,4,0,35.20614018,-96.94923008,40125.0,81.27617368305047,6.779661016949151,55,59,4,0,55,59,72679,0,0,0,0,0
2020-05-30,US,Oklahoma,Pushmataha,2,0,0,34.41635232,-95.37603505,40127.0,18.02451333813987,0.0,2,2,0,0,2,2,11179,0,0,0,0,0
2020-05-30,US,Oklahoma,Rogers,81,5,0,36.37004357,-95.60406759,40131.0,87.60639851177278,6.172839506172839,76,80,5,0,75,80,91984,1,0,0,1,0
2020-05-30,US,Oklahoma,Seminole,26,2,0,35.16478725,-96.61686741,40133.0,107.18113612004288,7.6923076923076925,24,26,2,0,24,24,24578,0,0,0,0,2
2020-05-30,US,Oklahoma,Sequoyah,15,3,0,35.49447108,-94.75463785,40135.0,36.08458226081936,20.0,12,14,3,0,11,14,41179,1,0,0,1,0
2020-05-30,US,Oklahoma,Stephens,38,1,0,34.48556989,-97.85141892,40137.0,88.07917854576641,2.631578947368421,37,37,1,0,36,37,43265,1,0,0,1,0
2020-05-30,US,Oklahoma,Texas,917,5,0,36.74777635,-101.4889765,40139.0,4588.900565480659,0.5452562704471101,912,908,5,0,903,904,20455,9,0,0,9,4
2020-05-30,US,Oklahoma,Tillman,23,1,0,34.37288446,-98.92426619,40141.0,317.2413793103448,4.3478260869565215,22,23,1,0,22,23,7348,0,0,0,0,0
2020-05-30,US,Oklahoma,Tulsa,998,54,0,36.11939621,-95.94013939,40143.0,153.1727321840774,5.410821643286573,944,983,51,0,932,960,648360,15,3,0,12,23
2020-05-30,US,Oklahoma,Wagoner,149,17,0,35.96024096,-95.51911308,40145.0,183.29663300077505,11.409395973154364,132,150,17,0,133,150,80110,-1,0,0,-1,0
2020-05-30,US,Oklahoma,Washington,316,35,0,36.71380786,-95.90514104,40147.0,613.2707124420207,11.075949367088606,281,314,35,0,279,314,51843,2,0,0,2,0
2020-05-30,US,Oklahoma,Washita,2,0,0,35.29071824,-98.99180434,40149.0,18.321729571271533,0.0,2,2,0,0,2,2,11127,0,0,0,0,0
2020-05-30,US,Oklahoma,Woods,3,0,0,36.76705782,-98.86573064,40151.0,34.1180484476288,0.0,3,3,0,0,3,3,8897,0,0,0,0,0
2020-05-30,US,Oklahoma,Woodward,5,0,0,36.42316318,-99.26283045,40153.0,24.7390035129385,0.0,5,4,0,0,4,4,20222,1,0,0,1,0
2020-05-30,US,Oregon,Baker,1,0,0,44.70915557,-117.6749883,41001.0,6.201935003721161,0.0,1,1,0,0,1,1,16006,0,0,0,0,0
2020-05-30,US,Oregon,Benton,55,5,0,44.49167306,-123.4316987,41003.0,59.10610082426144,9.090909090909092,50,55,5,0,50,55,92101,0,0,0,0,0
2020-05-30,US,Oregon,Clackamas,306,11,0,45.18787398,-122.2179634,41005.0,73.17300633448673,3.594771241830065,295,305,11,0,294,304,416075,1,0,0,1,1
2020-05-30,US,Oregon,Clatsop,45,0,0,45.99712889,-123.660711,41007.0,111.87350835322195,0.0,45,45,0,0,45,45,39764,0,0,0,0,0
2020-05-30,US,Oregon,Columbia,16,0,0,45.94464254,-123.08908980000001,41009.0,30.561179661534933,0.0,16,16,0,0,16,16,52377,0,0,0,0,0
2020-05-30,US,Oregon,Coos,31,0,0,43.17406868,-124.0594514,41011.0,48.0717043745251,0.0,31,31,0,0,31,31,64389,0,0,0,0,0
2020-05-30,US,Oregon,Crook,6,0,0,44.14230227,-120.356297,41013.0,24.586133420750688,0.0,6,6,0,0,6,6,23867,0,0,0,0,0
2020-05-30,US,Oregon,Curry,7,0,0,42.45911325,-124.15728200000001,41015.0,30.53435114503817,0.0,7,7,0,0,7,6,22813,0,0,0,0,1
2020-05-30,US,Oregon,Deschutes,124,0,0,43.91570171,-121.2289121,41017.0,62.72383303320317,0.0,124,121,0,0,121,121,191996,3,0,0,3,0
2020-05-30,US,Oregon,Douglas,27,0,0,43.27941273,-123.16729099999999,41019.0,24.32870787529285,0.0,27,26,0,0,26,25,110283,1,0,0,1,1
2020-05-30,US,Oregon,Grant,1,0,0,44.49024544,-119.0068631,41023.0,13.890818169190164,0.0,1,1,0,0,1,1,7176,0,0,0,0,0
2020-05-30,US,Oregon,Harney,1,0,0,43.06422669,-118.96663059999999,41025.0,13.526308670363855,0.0,1,1,0,0,1,1,7329,0,0,0,0,0
2020-05-30,US,Oregon,Hood River,16,0,0,45.51872811,-121.65520359999998,41027.0,68.42870584210075,0.0,16,14,0,0,14,13,23428,2,0,0,2,1
2020-05-30,US,Oregon,Jackson,65,0,0,42.43201126,-122.72893090000001,41029.0,29.419219349699468,0.0,65,65,0,0,65,65,219564,0,0,0,0,0
2020-05-30,US,Oregon,Jefferson,30,0,0,44.62806839,-121.17832,41031.0,121.66436856192715,0.0,30,28,0,0,28,25,24192,2,0,0,2,3
2020-05-30,US,Oregon,Josephine,23,1,0,42.3665549,-123.5561938,41033.0,26.28962017213986,4.3478260869565215,22,23,1,0,22,25,87393,0,0,0,0,-2
2020-05-30,US,Oregon,Klamath,44,0,0,42.68762984,-121.64964609999998,41035.0,64.48020164717606,0.0,44,42,0,0,42,41,67653,2,0,0,2,1
2020-05-30,US,Oregon,Lake,2,0,0,42.79246693,-120.38501629999999,41037.0,25.41619011310205,0.0,2,2,0,0,2,2,7879,0,0,0,0,0
2020-05-30,US,Oregon,Lane,69,3,0,43.93727035,-122.847753,41039.0,18.05965969319517,4.3478260869565215,66,68,2,0,66,67,379611,1,1,0,0,1
2020-05-30,US,Oregon,Lincoln,12,0,0,44.64252874,-123.86991200000001,41041.0,24.01825387294344,0.0,12,12,0,0,12,10,49388,0,0,0,0,2
2020-05-30,US,Oregon,Linn,115,9,0,44.48899494,-122.53731540000001,41043.0,88.63266768915369,7.826086956521738,106,115,9,0,106,115,127335,0,0,0,0,0
2020-05-30,US,Oregon,Malheur,32,0,0,43.1937027,-117.62273950000001,41045.0,104.67436459389616,0.0,32,32,0,0,32,33,30725,0,0,0,0,-1
2020-05-30,US,Oregon,Marion,949,25,0,44.90287942,-122.58151170000001,41047.0,272.84384361936407,2.6343519494204424,924,942,25,0,917,931,346868,7,0,0,7,11
2020-05-30,US,Oregon,Morrow,11,0,0,45.41846568,-119.584546,41049.0,94.80306817202448,0.0,11,12,0,0,12,12,11372,-1,0,0,-1,0
2020-05-30,US,Oregon,Multnomah,1142,59,0,45.54747959,-122.4169351,41051.0,140.49246175517158,5.166374781085814,1083,1121,59,0,1062,1103,811880,21,0,0,21,18
2020-05-30,US,Oregon,Polk,98,12,0,44.90322804,-123.4128888,41053.0,113.84097113318232,12.244897959183671,86,98,11,0,87,98,85234,0,1,0,-1,0
2020-05-30,US,Oregon,Sherman,1,0,0,45.41501554,-120.6827834,41055.0,56.179775280898866,0.0,1,1,0,0,1,1,1708,0,0,0,0,0
2020-05-30,US,Oregon,Tillamook,6,0,0,45.46248721,-123.712066,41057.0,22.192632046160675,0.0,6,6,0,0,6,6,26787,0,0,0,0,0
2020-05-30,US,Oregon,Umatilla,116,3,0,45.59073056,-118.7353826,41059.0,148.81334188582423,2.586206896551724,113,114,3,0,111,114,77516,2,0,0,2,0
2020-05-30,US,Oregon,Union,6,0,0,45.30915495,-118.0068979,41061.0,22.3588596981554,0.0,6,6,0,0,6,6,26461,0,0,0,0,0
2020-05-30,US,Oregon,Wallowa,2,0,0,45.57894064,-117.18353799999998,41063.0,27.746947835738073,0.0,2,2,0,0,2,2,7081,0,0,0,0,0
2020-05-30,US,Oregon,Wasco,23,1,0,45.16292781,-121.16709540000001,41065.0,86.20043475001873,4.3478260869565215,22,22,1,0,21,21,26505,1,0,0,1,1
2020-05-30,US,Oregon,Washington,734,17,0,45.55972701,-123.0955257,41067.0,122.0096011915052,2.316076294277929,717,722,17,0,705,715,597695,12,0,0,12,7
2020-05-30,US,Oregon,Yamhill,69,7,0,45.23330449,-123.3086963,41071.0,64.42577030812325,10.144927536231883,62,69,7,0,62,69,107002,0,0,0,0,0
2020-05-30,US,Pennsylvania,Adams,245,8,0,39.87140411,-77.21610347,42001.0,237.8432952460465,3.26530612244898,237,241,7,0,234,240,102811,4,1,0,3,1
2020-05-30,US,Pennsylvania,Allegheny,1897,163,0,40.46809875,-79.98167747,42003.0,155.9975165392728,8.592514496573537,1734,1870,162,0,1708,1851,1218452,27,1,0,26,19
2020-05-30,US,Pennsylvania,Armstrong,62,4,0,40.81665618,-79.46290811,42005.0,95.77508303081795,6.451612903225807,58,62,4,0,58,62,65263,0,0,0,0,0
2020-05-30,US,Pennsylvania,Beaver,589,73,0,40.6825484,-80.34921611,42007.0,359.30189289265473,12.393887945670626,516,582,73,0,509,579,164742,7,0,0,7,3
2020-05-30,US,Pennsylvania,Bedford,39,2,0,40.00522157,-78.48998442,42009.0,81.4400267290344,5.128205128205129,37,39,2,0,37,38,48176,0,0,0,0,1
2020-05-30,US,Pennsylvania,Berks,4002,316,0,40.41570541,-75.92457766,42011.0,950.2236658403853,7.896051974012994,3686,3988,311,0,3677,3973,420152,14,5,0,9,15
2020-05-30,US,Pennsylvania,Blair,50,1,0,40.47961444,-78.34917412,42013.0,41.04113142191104,2.0,49,49,1,0,48,49,122492,1,0,0,1,0
2020-05-30,US,Pennsylvania,Bradford,46,3,0,41.78869215,-76.51570822,42015.0,76.25615436898032,6.521739130434782,43,46,3,0,43,46,60833,0,0,0,0,0
2020-05-30,US,Pennsylvania,Bucks,5050,501,0,40.33682119,-75.10836643,42017.0,803.7945469304599,9.92079207920792,4549,5012,493,0,4519,4966,628195,38,8,0,30,46
2020-05-30,US,Pennsylvania,Butler,229,12,0,40.91152759,-79.91351055,42019.0,121.90382905782712,5.240174672489083,217,227,12,0,215,226,187888,2,0,0,2,1
2020-05-30,US,Pennsylvania,Cambria,57,2,0,40.49527404,-78.71377428,42021.0,43.781491950350244,3.5087719298245608,55,57,2,0,55,57,131730,0,0,0,0,0
2020-05-30,US,Pennsylvania,Cameron,2,0,0,41.43625568,-78.20376845,42023.0,44.974139869575005,0.0,2,2,0,0,2,2,4492,0,0,0,0,0
2020-05-30,US,Pennsylvania,Carbon,235,24,0,40.91545395,-75.7068525,42025.0,366.14627154030717,10.212765957446807,211,234,23,0,211,232,64227,1,1,0,0,2
2020-05-30,US,Pennsylvania,Centre,152,7,0,40.92058903,-77.82200624,42027.0,93.6047048680605,4.605263157894737,145,151,6,0,145,150,162805,1,1,0,0,1
2020-05-30,US,Pennsylvania,Chester,2669,280,0,39.97291773,-75.74768357,42029.0,508.3916043955207,10.490820532034471,2389,2607,277,0,2330,2555,522046,62,3,0,59,52
2020-05-30,US,Pennsylvania,Clarion,27,2,0,41.19265812,-79.42413524,42031.0,70.24298870908996,7.407407407407407,25,26,2,0,24,25,38779,1,0,0,1,1
2020-05-30,US,Pennsylvania,Clearfield,39,0,0,41.00110782,-78.47592663,42033.0,49.20825184530944,0.0,39,38,0,0,38,37,79388,1,0,0,1,1
2020-05-30,US,Pennsylvania,Clinton,56,3,0,41.23255967,-77.63785995,42035.0,144.95754814661422,5.357142857142857,53,55,2,0,53,55,38684,1,1,0,0,0
2020-05-30,US,Pennsylvania,Columbia,346,31,0,41.04821986,-76.40565017,42037.0,532.6026722492459,8.959537572254336,315,346,31,0,315,346,65456,0,0,0,0,0
2020-05-30,US,Pennsylvania,Crawford,29,0,0,41.68447709,-80.10760592,42039.0,34.26721336657646,0.0,29,30,0,0,30,23,85063,-1,0,0,-1,7
2020-05-30,US,Pennsylvania,Cumberland,626,50,0,40.1625372,-77.26130755,42041.0,247.06950309823574,7.987220447284344,576,621,48,0,573,618,251423,5,2,0,3,3
2020-05-30,US,Pennsylvania,Dauphin,1258,73,0,40.41377078,-76.77993242,42043.0,452.03180751637626,5.8028616852146255,1185,1231,72,0,1159,1212,277097,27,1,0,26,19
2020-05-30,US,Pennsylvania,Delaware,6420,558,0,39.91680171,-75.40243663,42045.0,1132.780588163678,8.69158878504673,5862,6379,550,0,5829,6337,564751,41,8,0,33,42
2020-05-30,US,Pennsylvania,Elk,6,0,0,41.42822061,-78.64524744,42047.0,20.060180541624874,0.0,6,6,0,0,6,6,30169,0,0,0,0,0
2020-05-30,US,Pennsylvania,Erie,274,4,0,41.99253829,-80.03301954,42049.0,101.58381777197769,1.45985401459854,270,253,4,0,249,242,272061,21,0,0,21,11
2020-05-30,US,Pennsylvania,Fayette,95,4,0,39.92041012,-79.64291195,42051.0,73.48732150316383,4.2105263157894735,91,95,4,0,91,95,130441,0,0,0,0,0
2020-05-30,US,Pennsylvania,Forest,7,0,0,41.51095103,-79.23229292,42053.0,96.59169311439214,0.0,7,7,0,0,7,7,7279,0,0,0,0,0
2020-05-30,US,Pennsylvania,Franklin,767,35,0,39.92956518,-77.72157791,42055.0,494.75252697917136,4.563233376792699,732,762,34,0,728,759,154835,5,1,0,4,3
2020-05-30,US,Pennsylvania,Fulton,15,1,0,39.92913544,-78.11163677,42057.0,103.2346868547832,6.666666666666668,14,15,1,0,14,15,14523,0,0,0,0,0
2020-05-30,US,Pennsylvania,Greene,27,0,0,39.85746531,-80.22357106,42059.0,74.51770485469048,0.0,27,27,0,0,27,27,36506,0,0,0,0,0
2020-05-30,US,Pennsylvania,Huntingdon,230,2,0,40.42162652,-77.97673273,42061.0,509.48077263866736,0.8695652173913043,228,228,2,0,226,228,45168,2,0,0,2,0
2020-05-30,US,Pennsylvania,Indiana,91,5,0,40.65241041,-79.08963285,42063.0,108.23926825496888,5.494505494505495,86,90,5,0,85,90,84501,1,0,0,1,0
2020-05-30,US,Pennsylvania,Jefferson,9,0,0,41.12913106,-78.9986361,42065.0,20.72538860103627,0.0,9,7,0,0,7,7,43641,2,0,0,2,0
2020-05-30,US,Pennsylvania,Juniata,95,4,0,40.53358749,-77.39975129999998,42067.0,383.6368775996446,4.2105263157894735,91,95,4,0,91,95,24704,0,0,0,0,0
2020-05-30,US,Pennsylvania,Lackawanna,1543,170,0,41.43564672,-75.60379201,42069.0,735.9043085933401,11.017498379779651,1373,1528,166,0,1362,1516,210793,15,4,0,11,12
2020-05-30,US,Pennsylvania,Lancaster,3131,295,0,40.03904563,-76.24770128,42071.0,573.7332424448989,9.421909932928775,2836,3105,292,0,2813,3056,543557,26,3,0,23,49
2020-05-30,US,Pennsylvania,Lawrence,79,8,0,40.99206278,-80.33393706,42073.0,92.38469454579473,10.126582278481012,71,76,8,0,68,74,86184,3,0,0,3,2
2020-05-30,US,Pennsylvania,Lebanon,958,33,0,40.36680311,-76.45651841,42075.0,675.6327886425987,3.444676409185804,925,950,33,0,917,944,141314,8,0,0,8,6
2020-05-30,US,Pennsylvania,Lehigh,3747,228,0,40.6154815,-75.59435245,42077.0,1014.5728071743052,6.084867894315453,3519,3738,222,0,3516,3719,368100,9,6,0,3,19
2020-05-30,US,Pennsylvania,Luzerne,2722,147,0,41.17823008,-75.98447579,42079.0,857.547012289827,5.400440852314475,2575,2711,144,0,2567,2689,317646,11,3,0,8,22
2020-05-30,US,Pennsylvania,Lycoming,164,17,0,41.34310539,-77.06629984,42081.0,144.74973300735226,10.365853658536585,147,162,16,0,146,162,113664,2,1,0,1,0
2020-05-30,US,Pennsylvania,McKean,12,1,0,41.80938602,-78.56478358,42083.0,29.538461538461537,8.333333333333334,11,12,1,0,11,12,40968,0,0,0,0,0
2020-05-30,US,Pennsylvania,Mercer,107,5,0,41.30248872,-80.25816981,42085.0,97.78476385436468,4.672897196261682,102,107,5,0,102,106,110683,0,0,0,0,1
2020-05-30,US,Pennsylvania,Mifflin,59,1,0,40.61116939,-77.61070738,42087.0,127.8772378516624,1.6949152542372878,58,58,1,0,57,58,46222,1,0,0,1,0
2020-05-30,US,Pennsylvania,Monroe,1318,101,0,41.05934058,-75.34031025,42089.0,774.0601746627435,7.663125948406678,1217,1315,101,0,1214,1311,169507,3,0,0,3,4
2020-05-30,US,Pennsylvania,Montgomery,7006,682,0,40.21053671,-75.36652296,42091.0,843.1668702574872,9.734513274336283,6324,6906,674,0,6232,6811,828604,100,8,0,92,95
2020-05-30,US,Pennsylvania,Montour,50,0,0,41.03023987,-76.66345939,42093.0,274.27317608337904,0.0,50,50,0,0,50,50,18240,0,0,0,0,0
2020-05-30,US,Pennsylvania,Northampton,3062,210,0,40.75182733,-75.30471829,42095.0,1002.9971993383232,6.858262573481385,2852,3045,207,0,2838,3022,304807,17,3,0,14,23
2020-05-30,US,Pennsylvania,Northumberland,190,3,0,40.84785433,-76.70798222,42097.0,209.15205354292567,1.5789473684210529,187,186,3,0,183,186,91083,4,0,0,4,0
2020-05-30,US,Pennsylvania,Perry,57,3,0,40.40206612,-77.26297447,42099.0,123.18464730290457,5.2631578947368425,54,56,2,0,54,54,46139,1,1,0,0,2
2020-05-30,US,Pennsylvania,Philadelphia,22629,1308,0,40.00338507,-75.1379271,42101.0,1428.540766029655,5.780193556940208,21321,22405,1300,0,21105,22150,1584138,224,8,0,216,255
2020-05-30,US,Pennsylvania,Pike,476,19,0,41.33155042,-75.03208106,42103.0,852.9090290096581,3.9915966386554618,457,476,19,0,457,476,55933,0,0,0,0,0
2020-05-30,US,Pennsylvania,Potter,4,0,0,41.74471626,-77.89559864,42105.0,24.20428415829602,0.0,4,4,0,0,4,4,16622,0,0,0,0,0
2020-05-30,US,Pennsylvania,Schuylkill,623,34,0,40.70497338,-76.2150785,42107.0,440.72185004138396,5.457463884430177,589,616,32,0,584,606,142067,7,2,0,5,10
2020-05-30,US,Pennsylvania,Snyder,42,1,0,40.77129231,-77.06840691,42109.0,104.0324977707322,2.380952380952381,41,39,1,0,38,39,40540,3,0,0,3,0
2020-05-30,US,Pennsylvania,Somerset,38,1,0,39.97172723,-79.02699593,42111.0,51.737987936879655,2.631578947368421,37,37,1,0,36,37,73952,1,0,0,1,0
2020-05-30,US,Pennsylvania,Sullivan,3,0,0,41.44634738,-76.51246591,42113.0,49.455984174085074,0.0,3,3,0,0,3,2,6071,0,0,0,0,1
2020-05-30,US,Pennsylvania,Susquehanna,109,15,0,41.82147784,-75.80071959,42115.0,270.2836738742313,13.761467889908257,94,109,15,0,94,99,40589,0,0,0,0,10
2020-05-30,US,Pennsylvania,Tioga,17,2,0,41.77255149,-77.25433032,42117.0,41.88120519326944,11.764705882352944,15,17,2,0,15,16,40763,0,0,0,0,1
2020-05-30,US,Pennsylvania,Union,59,1,0,40.96188846,-77.05996014,42119.0,131.33584132849543,1.6949152542372878,58,57,1,0,56,56,44785,2,0,0,2,1
2020-05-30,US,Pennsylvania,Venango,9,0,0,41.40323442,-79.75845449,42121.0,17.762690455514328,0.0,9,8,0,0,8,8,51266,1,0,0,1,0
2020-05-30,US,Pennsylvania,Warren,3,0,0,41.81304978,-79.26969577,42123.0,7.654818708376923,0.0,3,3,0,0,3,3,39498,0,0,0,0,0
2020-05-30,US,Pennsylvania,Washington,139,5,0,40.19208869,-80.24582867,42125.0,67.19358035433737,3.5971223021582728,134,139,5,0,134,139,207346,0,0,0,0,0
2020-05-30,US,Pennsylvania,Wayne,119,8,0,41.64938475,-75.29956506,42127.0,231.69330815209983,6.722689075630252,111,119,7,0,112,118,51276,0,1,0,-1,1
2020-05-30,US,Pennsylvania,Westmoreland,447,38,0,40.31377979999999,-79.46615476,42129.0,128.11730615450315,8.501118568232663,409,444,38,0,406,443,350611,3,0,0,3,1
2020-05-30,US,Pennsylvania,Wyoming,34,7,0,41.51955538,-76.01074915,42131.0,126.89408076435022,20.58823529411765,27,34,7,0,27,34,27046,0,0,0,0,0
2020-05-30,US,Pennsylvania,York,1000,26,0,39.9210089,-76.73040131,42133.0,222.6883832378,2.6,974,991,26,0,965,970,448273,9,0,0,9,21
2020-05-30,US,Rhode Island,Bristol,224,0,0,41.71018079,-71.28652315,44001.0,462.0557354730914,0.0,224,224,0,0,224,222,48649,0,0,0,0,2
2020-05-30,US,Rhode Island,Kent,1052,0,0,41.67106337,-71.57641596,44003.0,640.3233267596718,0.0,1052,1052,0,0,1052,1038,163861,0,0,0,0,14
2020-05-30,US,Rhode Island,Newport,244,0,0,41.5642026,-71.26569799,44005.0,297.26371189785823,0.0,244,244,0,0,244,237,82542,0,0,0,0,7
2020-05-30,US,Rhode Island,Providence,11052,0,0,41.87064746,-71.57753536,44007.0,1729.7642468435556,0.0,11052,11052,0,0,11052,10968,636084,0,0,0,0,84
2020-05-30,US,Rhode Island,Unassigned,1748,711,0,0.0,0.0,90044.0,0.0,40.675057208237995,1037,1564,693,0,871,1533,,184,18,0,166,31
2020-05-30,US,Rhode Island,Washington,499,0,0,41.45961631,-71.61435303,44009.0,397.36575965343974,0.0,499,499,0,0,499,496,126179,0,0,0,0,3
2020-05-30,US,South Carolina,Abbeville,39,0,0,34.22333378,-82.46170658,45001.0,159.0084396787214,0.0,39,39,0,0,39,37,24541,0,0,0,0,2
2020-05-30,US,South Carolina,Aiken,194,7,0,33.54338026,-81.63645384,45003.0,113.53527786881409,3.608247422680413,187,191,7,0,184,189,169401,3,0,0,3,2
2020-05-30,US,South Carolina,Allendale,34,3,0,32.98837386,-81.35321066,45005.0,391.3443830570902,8.823529411764708,31,34,3,0,31,34,8903,0,0,0,0,0
2020-05-30,US,South Carolina,Anderson,234,8,0,34.51828081,-82.63959517,45007.0,115.52246763889849,3.418803418803418,226,234,8,0,226,226,200482,0,0,0,0,8
2020-05-30,US,South Carolina,Bamberg,22,0,0,33.21927586,-81.05659969,45009.0,156.40551684913976,0.0,22,21,0,0,21,21,14275,1,0,0,1,0
2020-05-30,US,South Carolina,Barnwell,45,1,0,33.26679302,-81.43584352,45011.0,215.6618422313812,2.2222222222222223,44,44,1,0,43,44,21112,1,0,0,1,0
2020-05-30,US,South Carolina,Beaufort,376,14,0,32.39226291,-80.72619758,45013.0,195.7089765877932,3.723404255319149,362,361,14,0,347,351,188715,15,0,0,15,10
2020-05-30,US,South Carolina,Berkeley,230,16,0,33.20222596,-79.94654523,45015.0,100.91835704914725,6.956521739130435,214,228,16,0,212,224,221091,2,0,0,2,4
2020-05-30,US,South Carolina,Calhoun,14,1,0,33.66926881,-80.77722168,45017.0,96.20009620009621,7.142857142857142,13,11,1,0,10,10,14520,3,0,0,3,1
2020-05-30,US,South Carolina,Charleston,609,12,0,32.82487866,-79.96512315,45019.0,148.0289543662465,1.9704433497536944,597,586,12,0,574,578,405905,23,0,0,23,8
2020-05-30,US,South Carolina,Cherokee,34,2,0,35.05122251,-81.61828622,45021.0,59.33682373472949,5.882352941176472,32,34,2,0,32,32,57078,0,0,0,0,2
2020-05-30,US,South Carolina,Chester,74,0,0,34.69249168,-81.1583216,45023.0,229.50006202704375,0.0,74,62,0,0,62,59,32251,12,0,0,12,3
2020-05-30,US,South Carolina,Chesterfield,180,4,0,34.64137396,-80.15640140000002,45025.0,394.3044906900329,2.2222222222222223,176,165,4,0,161,151,45754,15,0,0,15,14
2020-05-30,US,South Carolina,Clarendon,301,39,0,33.66610974,-80.21647898,45027.0,891.9839976292784,12.956810631229233,262,296,38,0,258,296,33700,5,1,0,4,0
2020-05-30,US,South Carolina,Colleton,101,11,0,32.87582989,-80.67641292,45029.0,268.0680521272925,10.891089108910892,90,92,11,0,81,86,37660,9,0,0,9,6
2020-05-30,US,South Carolina,Darlington,284,9,0,34.33358335,-79.96027485,45031.0,426.3112071812423,3.1690140845070425,275,276,9,0,267,262,66802,8,0,0,8,14
2020-05-30,US,South Carolina,Dillon,162,3,0,34.39007791,-79.37741872,45033.0,531.5135010991173,1.851851851851852,159,156,3,0,153,155,30599,6,0,0,6,1
2020-05-30,US,South Carolina,Dorchester,164,3,0,33.0794369,-80.40502652,45035.0,100.731532040612,1.8292682926829267,161,161,3,0,158,150,160647,3,0,0,3,11
2020-05-30,US,South Carolina,Edgefield,51,2,0,33.77221995,-81.96231108,45037.0,187.08730741012474,3.92156862745098,49,51,2,0,49,51,27052,0,0,0,0,0
2020-05-30,US,South Carolina,Fairfield,174,15,0,34.39287073,-81.1195624,45039.0,778.6280037588938,8.620689655172415,159,168,15,0,153,163,22402,6,0,0,6,5
2020-05-30,US,South Carolina,Florence,643,38,0,34.02361754,-79.70189312,45041.0,464.9548422552117,5.909797822706065,605,637,37,0,600,622,138159,6,1,0,5,15
2020-05-30,US,South Carolina,Georgetown,73,3,0,33.43443342,-79.33202141,45043.0,116.46458200382895,4.109589041095891,70,74,3,0,71,71,62249,-1,0,0,-1,3
2020-05-30,US,South Carolina,Greenville,1469,57,0,34.89502264,-82.37295012,45045.0,280.58875887703374,3.8801906058543225,1412,1461,57,0,1404,1382,514213,8,0,0,8,79
2020-05-30,US,South Carolina,Greenwood,129,1,0,34.15272415,-82.12715789,45047.0,182.17508579175552,0.7751937984496124,128,128,1,0,127,121,70741,1,0,0,1,7
2020-05-30,US,South Carolina,Hampton,36,0,0,32.77419582,-81.13845571,45049.0,187.28540214337738,0.0,36,36,0,0,36,36,19351,0,0,0,0,0
2020-05-30,US,South Carolina,Horry,417,25,0,33.9212828,-78.99555293,45051.0,117.76966287374924,5.9952038369304566,392,410,25,0,385,395,344147,7,0,0,7,15
2020-05-30,US,South Carolina,Jasper,41,2,0,32.43171982,-81.02487495,45053.0,136.33491836531107,4.878048780487805,39,39,2,0,37,39,28971,2,0,0,2,0
2020-05-30,US,South Carolina,Kershaw,329,14,0,34.33988254,-80.58763164,45055.0,494.35771062793947,4.25531914893617,315,324,14,0,310,317,65592,5,0,0,5,7
2020-05-30,US,South Carolina,Lancaster,130,5,0,34.68270843,-80.70513032,45057.0,132.63681998122678,3.8461538461538463,125,129,5,0,124,126,95380,1,0,0,1,3
2020-05-30,US,South Carolina,Laurens,67,4,0,34.48244419,-82.00490796,45059.0,99.2695538796616,5.970149253731344,63,65,4,0,61,63,66994,2,0,0,2,2
2020-05-30,US,South Carolina,Lee,217,16,0,34.16393091,-80.25690731,45061.0,1289.5174708818636,7.3732718894009235,201,212,16,0,196,209,17142,5,0,0,5,3
2020-05-30,US,South Carolina,Lexington,625,33,0,33.89665987,-81.27146426,45063.0,209.20502092050208,5.28,592,597,33,0,564,589,295032,28,0,0,28,8
2020-05-30,US,South Carolina,Marion,68,5,0,34.07859748,-79.36400756,45067.0,221.80904850441985,7.352941176470589,63,68,5,0,63,67,31039,0,0,0,0,1
2020-05-30,US,South Carolina,Marlboro,161,0,0,34.59905577,-79.67561152,45069.0,616.4331112642623,0.0,161,149,0,0,149,137,26398,12,0,0,12,12
2020-05-30,US,South Carolina,McCormick,8,1,0,33.90161443,-82.30794338,45065.0,84.53978653703898,12.5,7,8,1,0,7,8,9410,0,0,0,0,0
2020-05-30,US,South Carolina,Newberry,60,1,0,34.28629098,-81.59935761,45071.0,156.08740894901143,1.6666666666666667,59,55,1,0,54,51,38520,5,0,0,5,4
2020-05-30,US,South Carolina,Oconee,50,0,0,34.75225169,-83.06742317,45073.0,62.85671183969025,0.0,50,50,0,0,50,49,78374,0,0,0,0,1
2020-05-30,US,South Carolina,Orangeburg,179,3,0,33.4391073,-80.79886287,45075.0,207.71685523643745,1.675977653631285,176,168,3,0,165,161,86934,11,0,0,11,7
2020-05-30,US,South Carolina,Pickens,140,3,0,34.88807695,-82.72791551,45077.0,110.33700072507172,2.142857142857143,137,138,3,0,135,129,124937,2,0,0,2,9
2020-05-30,US,South Carolina,Richland,1485,66,0,34.01791263,-80.90267209,45079.0,357.17807672233187,4.4444444444444455,1419,1461,66,0,1395,1432,414576,24,0,0,24,29
2020-05-30,US,South Carolina,Saluda,144,1,0,34.00795823,-81.72713237,45081.0,703.3654080984711,0.6944444444444444,143,142,1,0,141,139,20544,2,0,0,2,3
2020-05-30,US,South Carolina,Spartanburg,556,20,0,34.92960077,-81.99225984,45083.0,173.86681676751567,3.5971223021582728,536,555,20,0,535,534,313888,1,0,0,1,21
2020-05-30,US,South Carolina,Sumter,378,18,0,33.91826534,-80.37942316,45085.0,354.1945821347251,4.761904761904762,360,365,18,0,347,359,106512,13,0,0,13,6
2020-05-30,US,South Carolina,Union,36,0,0,34.68835752,-81.61730349,45087.0,131.7908917850344,0.0,36,36,0,0,36,35,27410,0,0,0,0,1
2020-05-30,US,South Carolina,Williamsburg,233,14,0,33.62190129,-79.72767442,45089.0,767.2550052687039,6.008583690987124,219,229,12,0,217,227,30606,4,2,0,2,2
2020-05-30,US,South Carolina,York,398,7,0,34.97281497,-81.18085944,45091.0,141.6475964395916,1.7587939698492463,391,385,7,0,378,371,274118,13,0,0,13,14
2020-05-30,US,South Dakota,Aurora,25,0,0,43.71757685,-98.56050467,46003.0,908.7604507451836,0.0,25,23,0,0,23,23,2801,2,0,0,2,0
2020-05-30,US,South Dakota,Beadle,252,5,0,44.41464384,-98.27858469,46005.0,1365.6316046171355,1.984126984126984,247,222,3,0,219,190,18883,30,2,0,28,32
2020-05-30,US,South Dakota,Bon Homme,8,0,0,42.98914167,-97.88592746,46009.0,115.92522822779308,0.0,8,8,0,0,8,8,6980,0,0,0,0,0
2020-05-30,US,South Dakota,Brookings,16,0,0,44.36974375,-96.79079945,46011.0,45.613935057159956,0.0,16,16,0,0,16,15,35232,0,0,0,0,1
2020-05-30,US,South Dakota,Brown,271,1,0,45.58994323,-98.35165355,46013.0,697.7522593269651,0.3690036900369004,270,269,1,0,268,266,39316,2,0,0,2,3
2020-05-30,US,South Dakota,Buffalo,17,0,0,44.07657829,-99.20814467,46017.0,866.4627930682976,0.0,17,12,0,0,12,10,2036,5,0,0,5,2
2020-05-30,US,South Dakota,Charles Mix,17,0,0,43.20660134,-98.58856175,46023.0,182.9530779164873,0.0,17,16,0,0,16,16,9338,1,0,0,1,0
2020-05-30,US,South Dakota,Clark,4,0,0,44.85834507,-97.72925109,46025.0,107.06638115631692,0.0,4,4,0,0,4,4,3739,0,0,0,0,0
2020-05-30,US,South Dakota,Clay,15,0,0,42.91296147,-96.97656917,46027.0,106.60980810234541,0.0,15,15,0,0,15,15,14041,0,0,0,0,0
2020-05-30,US,South Dakota,Codington,36,0,0,44.97788119,-97.18827677,46029.0,128.53011532007568,0.0,36,35,0,0,35,35,28015,1,0,0,1,0
2020-05-30,US,South Dakota,Corson,4,0,0,45.70889983,-101.1970473,46031.0,97.89525208027409,0.0,4,4,0,0,4,4,4165,0,0,0,0,0
2020-05-30,US,South Dakota,Davison,15,0,0,43.67490933,-98.14458906,46035.0,75.85335018963337,0.0,15,14,0,0,14,13,19790,1,0,0,1,1
2020-05-30,US,South Dakota,Day,13,0,0,45.367281,-97.60737498,46037.0,239.6755162241888,0.0,13,13,0,0,13,13,5505,0,0,0,0,0
2020-05-30,US,South Dakota,Deuel,1,0,0,44.75994309,-96.66943645,46039.0,22.983222247759137,0.0,1,1,0,0,1,1,4337,0,0,0,0,0
2020-05-30,US,South Dakota,Douglas,3,0,0,43.38520741,-98.36978007,46043.0,102.70455323519344,0.0,3,3,0,0,3,3,2935,0,0,0,0,0
2020-05-30,US,South Dakota,Edmunds,1,0,0,45.41846445,-99.21545423,46045.0,26.11647949856359,0.0,1,1,0,0,1,,3875,0,0,0,0,
2020-05-30,US,South Dakota,Fall River,4,0,0,43.23929297,-103.5275691,46047.0,59.58587814687919,0.0,4,4,0,0,4,4,6758,0,0,0,0,0
2020-05-30,US,South Dakota,Faulk,1,0,0,45.07082625,-99.14535601,46049.0,43.497172683775545,0.0,1,1,0,0,1,1,2330,0,0,0,0,0
2020-05-30,US,South Dakota,Grant,13,0,0,45.1723937,-96.77002276,46051.0,184.344866704481,0.0,13,13,0,0,13,11,7147,0,0,0,0,2
2020-05-30,US,South Dakota,Hamlin,4,0,0,44.67385954,-97.18829593,46057.0,64.89292667099286,0.0,4,4,0,0,4,4,6111,0,0,0,0,0
2020-05-30,US,South Dakota,Hand,2,0,0,44.54708407,-99.00386459,46059.0,62.676277029144465,0.0,2,2,0,0,2,2,3262,0,0,0,0,0
2020-05-30,US,South Dakota,Hughes,19,0,0,44.39091534,-99.99661148,46065.0,108.41036174825972,0.0,19,19,0,0,19,19,17650,0,0,0,0,0
2020-05-30,US,South Dakota,Hutchinson,5,0,0,43.33449012,-97.75536441,46067.0,68.57769853243725,0.0,5,4,0,0,4,4,7380,1,0,0,1,0
2020-05-30,US,South Dakota,Hyde,1,0,0,44.54747703,-99.48572582,46069.0,76.86395080707149,0.0,1,1,0,0,1,1,1282,0,0,0,0,0
2020-05-30,US,South Dakota,Jackson,4,0,0,43.69318385,-101.6255063,46071.0,119.61722488038279,0.0,4,3,0,0,3,3,3307,1,0,0,1,0
2020-05-30,US,South Dakota,Jerauld,34,1,0,44.06637798,-98.62965972,46073.0,1689.021361152509,2.9411764705882355,33,34,1,0,33,33,2043,0,0,0,0,1
2020-05-30,US,South Dakota,Kingsbury,1,0,0,44.36956169,-97.4913945,46077.0,20.24701356549909,0.0,1,1,0,0,1,,4919,0,0,0,0,
2020-05-30,US,South Dakota,Lake,8,0,0,44.02193107,-97.12926365,46079.0,62.5146518715324,0.0,8,8,0,0,8,7,13057,0,0,0,0,1
2020-05-30,US,South Dakota,Lawrence,11,0,0,44.35919441,-103.79294279999999,46081.0,42.563070732084824,0.0,11,11,0,0,11,9,25741,0,0,0,0,2
2020-05-30,US,South Dakota,Lincoln,237,0,0,43.27841182,-96.72039050000001,46083.0,387.7110325873577,0.0,237,236,0,0,236,237,58807,1,0,0,1,-1
2020-05-30,US,South Dakota,Lyman,14,0,0,43.89522709,-99.85201878,46085.0,370.2724147051045,0.0,14,13,0,0,13,14,3821,1,0,0,1,-1
2020-05-30,US,South Dakota,Marshall,4,0,0,45.75870838,-97.59855639,46091.0,81.05369807497469,0.0,4,4,0,0,4,4,5112,0,0,0,0,0
2020-05-30,US,South Dakota,McCook,6,1,0,43.6742571,-97.36863144,46087.0,107.41138560687432,16.666666666666668,5,5,1,0,4,5,5546,1,0,0,1,0
2020-05-30,US,South Dakota,McPherson,1,0,0,45.76626028,-99.22118798,46089.0,42.03446826397647,0.0,1,1,0,0,1,1,2407,0,0,0,0,0
2020-05-30,US,South Dakota,Meade,18,0,0,44.56676791,-102.71627409999999,46093.0,63.53240152477764,0.0,18,13,0,0,13,10,28294,5,0,0,5,3
2020-05-30,US,South Dakota,Miner,1,0,0,44.02197882,-97.60992207,46097.0,45.12635379061372,0.0,1,1,0,0,1,1,2213,0,0,0,0,0
2020-05-30,US,South Dakota,Minnehaha,3345,49,0,43.67441641,-96.7910885,46099.0,1731.9581223399298,1.4648729446935724,3296,3330,49,0,3281,3317,192876,15,0,0,15,13
2020-05-30,US,South Dakota,Moody,19,0,0,44.02266214,-96.67081159,46101.0,288.92944038929437,0.0,19,19,0,0,19,19,6579,0,0,0,0,0
2020-05-30,US,South Dakota,Oglala Lakota,25,0,0,43.33749164,-102.55554980000001,46102.0,176.34196233335686,0.0,25,21,0,0,21,21,14309,4,0,0,4,0
2020-05-30,US,South Dakota,Pennington,218,4,0,44.0025835,-102.8240777,46103.0,191.60624038672816,1.834862385321101,214,201,3,0,198,186,111729,17,1,0,16,15
2020-05-30,US,South Dakota,Roberts,36,0,0,45.62975048,-96.94672673,46109.0,346.353665576294,0.0,36,35,0,0,35,39,10447,1,0,0,1,-4
2020-05-30,US,South Dakota,Sanborn,13,0,0,44.02351092,-98.09098159999999,46111.0,554.6075085324234,0.0,13,12,0,0,12,12,2429,1,0,0,1,0
2020-05-30,US,South Dakota,Spink,5,0,0,44.93837606,-98.34626602,46115.0,78.41907151819322,0.0,5,5,0,0,5,4,6495,0,0,0,0,1
2020-05-30,US,South Dakota,Stanley,10,0,0,44.41381872,-100.7349153,46117.0,322.7888960619755,0.0,10,10,0,0,10,10,3022,0,0,0,0,0
2020-05-30,US,South Dakota,Sully,1,0,0,44.71571812,-100.1278092,46119.0,71.89072609633357,0.0,1,1,0,0,1,1,1392,0,0,0,0,0
2020-05-30,US,South Dakota,Todd,26,1,0,43.19338568,-100.71955030000001,46121.0,255.47803871474892,3.8461538461538463,25,23,1,0,22,23,10283,3,0,0,3,0
2020-05-30,US,South Dakota,Tripp,6,0,0,43.34459388,-99.8854891,46123.0,110.27384671935306,0.0,6,6,0,0,6,6,5478,0,0,0,0,0
2020-05-30,US,South Dakota,Turner,24,0,0,43.3109081,-97.14865776,46125.0,286.25954198473283,0.0,24,24,0,0,24,24,8424,0,0,0,0,0
2020-05-30,US,South Dakota,Union,89,0,0,42.83112163,-96.6557828,46127.0,558.6241526487572,0.0,89,88,0,0,88,88,15619,1,0,0,1,0
2020-05-30,US,South Dakota,Walworth,5,0,0,45.43019636,-100.03075140000001,46129.0,91.99632014719411,0.0,5,5,0,0,5,5,5587,0,0,0,0,0
2020-05-30,US,South Dakota,Yankton,51,0,0,43.00924485,-97.39467635,46135.0,223.54694485842026,0.0,51,51,0,0,51,51,22869,0,0,0,0,0
2020-05-30,US,South Dakota,Ziebach,1,0,0,44.97881876,-101.6654622,46137.0,36.2844702467344,0.0,1,1,0,0,1,1,2742,0,0,0,0,0
2020-05-30,US,Tennessee,Anderson,40,1,0,36.12684348,-84.19965764,47001.0,51.9628984904778,2.5,39,39,1,0,38,39,76482,1,0,0,1,0
2020-05-30,US,Tennessee,Bedford,283,4,0,35.51123746,-86.45549096,47003.0,569.2675960010462,1.413427561837456,279,283,4,0,279,274,49038,0,0,0,0,9
2020-05-30,US,Tennessee,Benton,7,1,0,36.07110411,-88.06849355,47005.0,43.31683168316832,14.285714285714285,6,7,1,0,6,7,16184,0,0,0,0,0
2020-05-30,US,Tennessee,Bledsoe,607,1,0,35.59942968,-85.20611967,47007.0,4029.47424322889,0.16474464579901152,606,608,1,0,607,608,14755,-1,0,0,-1,0
2020-05-30,US,Tennessee,Blount,91,3,0,35.68938198,-83.92847788,47009.0,68.3758114931474,3.2967032967032965,88,89,3,0,86,89,131349,2,0,0,2,0
2020-05-30,US,Tennessee,Bradley,122,1,0,35.15739424,-84.857186,47011.0,112.84802515955973,0.819672131147541,121,113,1,0,112,108,106727,9,0,0,9,5
2020-05-30,US,Tennessee,Campbell,18,1,0,36.40355516,-84.15108559999999,47013.0,45.178454896842524,5.5555555555555545,17,17,1,0,16,17,39583,1,0,0,1,0
2020-05-30,US,Tennessee,Cannon,21,0,0,35.80990797,-86.05738983,47015.0,143.07126311486581,0.0,21,17,0,0,17,17,14462,4,0,0,4,0
2020-05-30,US,Tennessee,Carroll,27,1,0,35.97366108,-88.45189331,47017.0,97.23772823855656,3.703703703703704,26,27,1,0,26,27,28020,0,0,0,0,0
2020-05-30,US,Tennessee,Carter,19,1,0,36.28969086,-82.12588974,47019.0,33.693319856005395,5.2631578947368425,18,19,1,0,18,19,56351,0,0,0,0,0
2020-05-30,US,Tennessee,Cheatham,123,0,0,36.26136216,-87.08903581,47021.0,302.4565372414981,0.0,123,118,0,0,118,118,40439,5,0,0,5,0
2020-05-30,US,Tennessee,Chester,12,0,0,35.42527478,-88.6095842,47023.0,69.37619240330693,0.0,12,12,0,0,12,12,17276,0,0,0,0,0
2020-05-30,US,Tennessee,Claiborne,9,0,0,36.48319149,-83.65947309,47025.0,28.161081385525204,0.0,9,9,0,0,9,9,31756,0,0,0,0,0
2020-05-30,US,Tennessee,Clay,7,0,0,36.55151008,-85.53930419,47027.0,91.92383453709783,0.0,7,7,0,0,7,6,7717,0,0,0,0,1
2020-05-30,US,Tennessee,Cocke,20,0,0,35.9278914,-83.11828725,47029.0,55.549383401844246,0.0,20,20,0,0,20,20,35774,0,0,0,0,0
2020-05-30,US,Tennessee,Coffee,73,0,0,35.49090731,-86.07311784,47031.0,129.15782024062278,0.0,73,70,0,0,70,68,55700,3,0,0,3,2
2020-05-30,US,Tennessee,Crockett,16,2,0,35.81830662,-89.14916269,47033.0,112.43851018974001,12.5,14,16,2,0,14,16,14328,0,0,0,0,0
2020-05-30,US,Tennessee,Cumberland,112,1,0,35.95271721,-84.99840585,47035.0,185.0627891606081,0.8928571428571429,111,111,1,0,110,111,59673,1,0,0,1,0
2020-05-30,US,Tennessee,Davidson,5040,62,0,36.17007426,-86.78646056,47037.0,726.0741287110455,1.2301587301587302,4978,4968,60,0,4908,4894,692587,72,2,0,70,74
2020-05-30,US,Tennessee,DeKalb,37,0,0,35.97616272,-85.83689361,47041.0,180.57589067837966,0.0,37,37,0,0,37,37,20138,0,0,0,0,0
2020-05-30,US,Tennessee,Decatur,5,0,0,35.60048904,-88.11043779,47039.0,42.87061647946497,0.0,5,5,0,0,5,5,11706,0,0,0,0,0
2020-05-30,US,Tennessee,Dickson,109,0,0,36.14669837,-87.35891709,47043.0,202.04641506636017,0.0,109,110,0,0,110,110,53446,-1,0,0,-1,0
2020-05-30,US,Tennessee,Dyer,50,0,0,36.05931946,-89.41542855,47045.0,134.55690411475013,0.0,50,50,0,0,50,50,37320,0,0,0,0,0
2020-05-30,US,Tennessee,Fayette,115,2,0,35.19615831,-89.41399032,47047.0,279.58087180609243,1.7391304347826086,113,112,2,0,110,110,40507,3,0,0,3,2
2020-05-30,US,Tennessee,Fentress,12,0,0,36.38128818,-84.92870012,47049.0,64.78432219402903,0.0,12,12,0,0,12,12,18217,0,0,0,0,0
2020-05-30,US,Tennessee,Franklin,53,1,0,35.15634626,-86.09201039,47051.0,125.56861258529189,1.8867924528301887,52,51,1,0,50,49,41890,2,0,0,2,2
2020-05-30,US,Tennessee,Gibson,63,1,0,35.99438059,-88.93358327,47053.0,128.2233936458185,1.5873015873015872,62,62,1,0,61,61,49045,1,0,0,1,1
2020-05-30,US,Tennessee,Giles,12,0,0,35.20222469,-87.03992678,47055.0,40.727667662231866,0.0,12,12,0,0,12,12,29503,0,0,0,0,0
2020-05-30,US,Tennessee,Grainger,8,0,0,36.27469206,-83.51254721,47057.0,34.30531732418525,0.0,8,6,0,0,6,6,23145,2,0,0,2,0
2020-05-30,US,Tennessee,Greene,50,2,0,36.17470125,-82.84691273,47059.0,72.39137673920283,4.0,48,49,2,0,47,48,69087,1,0,0,1,1
2020-05-30,US,Tennessee,Grundy,31,1,0,35.38433717,-85.72142731,47061.0,230.8780814776197,3.2258064516129035,30,32,1,0,31,32,13346,-1,0,0,-1,0
2020-05-30,US,Tennessee,Hamblen,36,2,0,36.21990035,-83.26586179,47063.0,55.44090923091139,5.5555555555555545,34,34,2,0,32,30,64569,2,0,0,2,4
2020-05-30,US,Tennessee,Hamilton,794,15,0,35.17670231,-85.16652245,47065.0,215.87584691846746,1.889168765743073,779,753,15,0,738,719,364286,41,0,0,41,34
2020-05-30,US,Tennessee,Hancock,1,0,0,36.52692871,-83.22375847,47067.0,15.105740181268883,0.0,1,1,0,0,1,1,6549,0,0,0,0,0
2020-05-30,US,Tennessee,Hardeman,196,0,0,35.20772017,-88.99161161,47069.0,782.435129740519,0.0,196,195,0,0,195,194,25220,1,0,0,1,1
2020-05-30,US,Tennessee,Hardin,15,2,0,35.19732531,-88.18593755,47071.0,58.4749727116794,13.333333333333336,13,12,2,0,10,11,25776,3,0,0,3,1
2020-05-30,US,Tennessee,Hawkins,33,2,0,36.44355426,-82.94885298,47073.0,58.112915155143874,6.0606060606060606,31,32,2,0,30,31,56530,1,0,0,1,1
2020-05-30,US,Tennessee,Haywood,31,2,0,35.58332824,-89.28536625,47075.0,179.14932963476653,6.451612903225807,29,30,2,0,28,30,17335,1,0,0,1,0
2020-05-30,US,Tennessee,Henderson,15,0,0,35.65581134,-88.38600175,47077.0,53.34850802005904,0.0,15,15,0,0,15,14,27847,0,0,0,0,1
2020-05-30,US,Tennessee,Henry,30,0,0,36.33160906,-88.30121797,47079.0,92.75003864584944,0.0,30,30,0,0,30,30,32358,0,0,0,0,0
2020-05-30,US,Tennessee,Hickman,58,0,0,35.80609681,-87.47643507,47081.0,230.3598379537692,0.0,58,57,0,0,57,57,25063,1,0,0,1,0
2020-05-30,US,Tennessee,Houston,8,0,0,36.28872054,-87.71878828,47083.0,97.54907938056334,0.0,8,8,0,0,8,8,8263,0,0,0,0,0
2020-05-30,US,Tennessee,Humphreys,13,1,0,36.03958805,-87.77992872,47085.0,69.9601765149069,7.6923076923076925,12,13,1,0,12,13,18486,0,0,0,0,0
2020-05-30,US,Tennessee,Jackson,17,0,0,36.36380466,-85.67239905,47087.0,144.23892754115053,0.0,17,17,0,0,17,17,11758,0,0,0,0,0
2020-05-30,US,Tennessee,Jefferson,28,0,0,36.04818632,-83.45148924,47089.0,51.380860629415544,0.0,28,28,0,0,28,28,54012,0,0,0,0,0
2020-05-30,US,Tennessee,Johnson,16,0,0,36.45523950000001,-81.84886538,47091.0,89.94827973915001,0.0,16,16,0,0,16,16,17778,0,0,0,0,0
2020-05-30,US,Tennessee,Knox,375,5,0,35.99508821,-83.94635435,47093.0,79.73413450191681,1.3333333333333333,370,366,5,0,361,357,465289,9,0,0,9,9
2020-05-30,US,Tennessee,Lake,414,0,0,36.34180170000001,-89.48921915,47095.0,5900.798175598632,0.0,414,413,0,0,413,413,7411,1,0,0,1,0
2020-05-30,US,Tennessee,Lauderdale,56,1,0,35.75893438,-89.63015909999999,47097.0,218.46838060312882,1.7857142857142858,55,56,1,0,55,56,25825,0,0,0,0,0
2020-05-30,US,Tennessee,Lawrence,31,0,0,35.21675201,-87.39787695,47099.0,70.22790086538896,0.0,31,29,0,0,29,24,43734,2,0,0,2,5
2020-05-30,US,Tennessee,Lewis,3,0,0,35.52853208,-87.49022694,47101.0,24.45386371046625,0.0,3,3,0,0,3,3,12086,0,0,0,0,0
2020-05-30,US,Tennessee,Lincoln,25,0,0,35.13738622,-86.58910106,47103.0,72.74631903625676,0.0,25,25,0,0,25,25,34117,0,0,0,0,0
2020-05-30,US,Tennessee,Loudon,143,0,0,35.73939663,-84.31145275,47105.0,264.4817637049641,0.0,143,142,0,0,142,137,53054,1,0,0,1,5
2020-05-30,US,Tennessee,Macon,136,3,0,36.53157855,-86.00778595,47111.0,552.8005853182668,2.2058823529411766,133,130,3,0,127,124,24265,6,0,0,6,6
2020-05-30,US,Tennessee,Madison,175,2,0,35.61181957,-88.84076036,47113.0,178.60058785107773,1.1428571428571428,173,175,2,0,173,175,97605,0,0,0,0,0
2020-05-30,US,Tennessee,Marion,40,1,0,35.12997174,-85.62265895,47115.0,138.37478811360572,2.5,39,39,1,0,38,38,28575,1,0,0,1,1
2020-05-30,US,Tennessee,Marshall,31,1,0,35.45798777,-86.76420988,47117.0,90.1818181818182,3.2258064516129035,30,31,1,0,30,30,33683,0,0,0,0,1
2020-05-30,US,Tennessee,Maury,89,0,0,35.618741299999996,-87.07462444,47119.0,92.33610341643585,0.0,89,88,0,0,88,81,94340,1,0,0,1,7
2020-05-30,US,Tennessee,McMinn,141,14,0,35.42812616,-84.61520715,47107.0,262.11101609844957,9.929078014184396,127,136,14,0,122,136,53285,5,0,0,5,0
2020-05-30,US,Tennessee,McNairy,12,0,0,35.17468549,-88.5647812,47109.0,46.703510547209476,0.0,12,12,0,0,12,12,25832,0,0,0,0,0
2020-05-30,US,Tennessee,Meigs,26,0,0,35.51558739,-84.81482914,47121.0,209.3060698760264,0.0,26,26,0,0,26,26,12306,0,0,0,0,0
2020-05-30,US,Tennessee,Monroe,62,2,0,35.44550387,-84.24902965,47123.0,133.20442582447095,3.2258064516129035,60,61,2,0,59,61,46357,1,0,0,1,0
2020-05-30,US,Tennessee,Montgomery,269,3,0,36.49609412,-87.38550661,47125.0,128.71244491442295,1.1152416356877324,266,262,3,0,259,261,205950,7,0,0,7,1
2020-05-30,US,Tennessee,Moore,3,0,0,35.27724699,-86.36230578,47127.0,46.23921085080148,0.0,3,3,0,0,3,3,6411,0,0,0,0,0
2020-05-30,US,Tennessee,Morgan,17,0,0,36.13248031,-84.64880098,47129.0,79.42811755361397,0.0,17,17,0,0,17,17,21579,0,0,0,0,0
2020-05-30,US,Tennessee,Obion,30,1,0,36.35732446,-89.14921589,47131.0,99.77052778609199,3.333333333333333,29,30,1,0,29,28,30267,0,0,0,0,2
2020-05-30,US,Tennessee,Out of TN,418,4,0,0.0,0.0,80047.0,0.0,0.9569377990430622,414,379,4,0,375,379,,39,0,0,39,0
2020-05-30,US,Tennessee,Overton,26,0,0,36.34117832,-85.28989535,47133.0,116.90121847039251,0.0,26,26,0,0,26,26,22068,0,0,0,0,0
2020-05-30,US,Tennessee,Perry,21,0,0,35.63708728,-87.86139634,47135.0,260.0297176820208,0.0,21,17,0,0,17,16,8064,4,0,0,4,1
2020-05-30,US,Tennessee,Pickett,3,0,0,36.55606529,-85.07763299999998,47137.0,59.429477020602214,0.0,3,3,0,0,3,3,5082,0,0,0,0,0
2020-05-30,US,Tennessee,Polk,16,0,0,35.12245443,-84.52075859,47139.0,95.05703422053232,0.0,16,15,0,0,15,15,16898,1,0,0,1,0
2020-05-30,US,Tennessee,Putnam,479,5,0,36.14005459,-85.50646123,47141.0,596.9219265997881,1.0438413361169103,474,465,6,0,459,461,78843,14,-1,0,15,4
2020-05-30,US,Tennessee,Rhea,210,0,0,35.60536161,-84.93076643,47143.0,633.1594657340128,0.0,210,209,0,0,209,198,33044,1,0,0,1,11
2020-05-30,US,Tennessee,Roane,16,0,0,35.84923189,-84.52458689,47145.0,29.97264995691432,0.0,16,16,0,0,16,16,53140,0,0,0,0,0
2020-05-30,US,Tennessee,Robertson,465,3,0,36.52454807,-86.87346725,47147.0,647.5150738724186,0.6451612903225806,462,449,3,0,446,441,71012,16,0,0,16,8
2020-05-30,US,Tennessee,Rutherford,1196,23,0,35.84591405,-86.4107263,47149.0,359.9319860962728,1.9230769230769231,1173,1162,22,0,1140,1116,324890,34,1,0,33,46
2020-05-30,US,Tennessee,Scott,12,0,0,36.42325673,-84.50360494,47151.0,54.37737901033171,0.0,12,12,0,0,12,11,22039,0,0,0,0,1
2020-05-30,US,Tennessee,Sequatchie,15,0,0,35.36979721,-85.41022136,47153.0,99.82696659124184,0.0,15,15,0,0,15,15,14876,0,0,0,0,0
2020-05-30,US,Tennessee,Sevier,81,2,0,35.78077323,-83.52244332,47155.0,82.44274809160305,2.469135802469136,79,80,2,0,78,76,97892,1,0,0,1,4
2020-05-30,US,Tennessee,Shelby,4943,111,0,35.1864775,-89.89692423,47157.0,527.4412430668633,2.2455998381549667,4832,4823,110,0,4713,4718,935764,120,1,0,119,105
2020-05-30,US,Tennessee,Smith,34,1,0,36.25359775,-85.95411046,47159.0,168.67589423029222,2.9411764705882355,33,32,1,0,31,30,19942,2,0,0,2,2
2020-05-30,US,Tennessee,Stewart,11,0,0,36.50235092,-87.83920548,47161.0,80.20415603353993,0.0,11,11,0,0,11,11,13561,0,0,0,0,0
2020-05-30,US,Tennessee,Sullivan,60,2,0,36.51240691,-82.30412917,47163.0,37.891226917927604,3.333333333333333,58,60,2,0,58,60,157668,0,0,0,0,0
2020-05-30,US,Tennessee,Sumner,881,45,0,36.46824103,-86.45917204,47165.0,460.57412315783415,5.107832009080591,836,858,45,0,813,852,187149,23,0,0,23,6
2020-05-30,US,Tennessee,Tipton,442,3,0,35.501942,-89.73694895,47167.0,717.5441159759088,0.6787330316742082,439,437,3,0,434,430,61581,5,0,0,5,7
2020-05-30,US,Tennessee,Trousdale,1392,4,0,36.39026213,-86.16087954,47169.0,12336.051045728464,0.28735632183908044,1388,1393,4,0,1389,1393,11012,-1,0,0,-1,0
2020-05-30,US,Tennessee,Unassigned,92,0,0,0.0,0.0,90047.0,0.0,0.0,92,67,0,0,67,67,,25,0,0,25,0
2020-05-30,US,Tennessee,Unicoi,4,0,0,36.10890856,-82.43709629,47171.0,22.367611698260923,0.0,4,4,0,0,4,4,17761,0,0,0,0,0
2020-05-30,US,Tennessee,Union,4,0,0,36.28590426,-83.83651902,47173.0,20.02803925495694,0.0,4,4,0,0,4,4,19688,0,0,0,0,0
2020-05-30,US,Tennessee,Van Buren,4,0,0,35.69864497,-85.45221699,47175.0,68.11989100817439,0.0,4,4,0,0,4,4,5765,0,0,0,0,0
2020-05-30,US,Tennessee,Warren,23,0,0,35.672829899999996,-85.77969117,47177.0,55.72110376238582,0.0,23,23,0,0,23,22,40878,0,0,0,0,1
2020-05-30,US,Tennessee,Washington,75,0,0,36.29472368,-82.49454720000001,47179.0,57.97101449275362,0.0,75,75,0,0,75,75,128607,0,0,0,0,0
2020-05-30,US,Tennessee,Wayne,64,0,0,35.23868267,-87.78644456,47181.0,383.85413542853723,0.0,64,63,0,0,63,63,16558,1,0,0,1,0
2020-05-30,US,Tennessee,Weakley,26,0,0,36.29896232,-88.71990865,47183.0,78.01248199711955,0.0,26,26,0,0,26,26,33415,0,0,0,0,0
2020-05-30,US,Tennessee,White,33,0,0,35.92929884,-85.45591799,47185.0,120.6801974766868,0.0,33,31,0,0,31,30,27107,2,0,0,2,1
2020-05-30,US,Tennessee,Williamson,552,10,0,35.89099229,-86.89281867,47187.0,231.53196986728852,1.8115942028985508,542,542,10,0,532,533,231729,10,0,0,10,9
2020-05-30,US,Tennessee,Wilson,407,8,0,36.15496772,-86.29775884,47189.0,281.35520576259705,1.9656019656019657,399,389,8,0,381,387,140625,18,0,0,18,2
2020-05-30,US,Texas,Anderson,72,0,0,31.81534745,-95.65354823,48001.0,124.70771628994542,0.0,72,66,0,0,66,66,58057,6,0,0,6,0
2020-05-30,US,Texas,Andrews,27,0,0,32.30468633,-102.63765479999999,48003.0,144.34643143544506,0.0,27,27,0,0,27,27,18128,0,0,0,0,0
2020-05-30,US,Texas,Angelina,205,4,0,31.25457347,-94.60901487,48005.0,236.40661938534282,1.951219512195122,201,201,4,0,197,201,87092,4,0,0,4,0
2020-05-30,US,Texas,Aransas,5,0,0,28.10556197,-96.9995047,48007.0,21.267545725223307,0.0,5,5,0,0,5,5,23792,0,0,0,0,0
2020-05-30,US,Texas,Archer,1,0,0,33.61569967,-98.68754589,48009.0,11.691804045364199,0.0,1,1,0,0,1,1,8786,0,0,0,0,0
2020-05-30,US,Texas,Armstrong,3,0,0,34.96507426,-101.35748740000001,48011.0,158.9825119236884,0.0,3,2,0,0,2,2,1892,1,0,0,1,0
2020-05-30,US,Texas,Atascosa,35,2,0,28.89333001,-98.52730485,48013.0,68.42218442711082,5.7142857142857135,33,35,2,0,33,35,50310,0,0,0,0,0
2020-05-30,US,Texas,Austin,25,0,0,29.88548725,-96.27736949,48015.0,83.24453915823122,0.0,25,24,0,0,24,24,29989,1,0,0,1,0
2020-05-30,US,Texas,Bailey,17,0,0,34.06854817,-102.8299707,48017.0,242.85714285714286,0.0,17,14,0,0,14,14,7027,3,0,0,3,0
2020-05-30,US,Texas,Bandera,6,0,0,29.74619598,-99.24598147,48019.0,25.960539979231573,0.0,6,6,0,0,6,6,22824,0,0,0,0,0
2020-05-30,US,Texas,Bastrop,204,3,0,30.10370699,-97.31206354,48021.0,229.9291051925656,1.4705882352941178,201,196,3,0,193,196,86976,8,0,0,8,0
2020-05-30,US,Texas,Bee,9,0,0,28.41761668,-97.74215593,48025.0,27.637033625057573,0.0,9,9,0,0,9,9,32587,0,0,0,0,0
2020-05-30,US,Texas,Bell,356,3,0,31.03736027,-97.4785025,48027.0,98.09216254642843,0.8426966292134831,353,335,3,0,332,335,355642,21,0,0,21,0
2020-05-30,US,Texas,Bexar,2636,72,0,29.44928723,-98.52019748,48029.0,131.5662068504268,2.731411229135053,2564,2583,71,0,2512,2583,1986049,53,1,0,52,0
2020-05-30,US,Texas,Blanco,10,1,0,30.26640707,-98.3999852,48031.0,83.81527114240214,10.0,9,8,0,0,8,8,11702,2,1,0,1,0
2020-05-30,US,Texas,Bosque,7,0,0,31.89978581,-97.63613524,48035.0,37.46320578003746,0.0,7,6,0,0,6,6,18691,1,0,0,1,0
2020-05-30,US,Texas,Bowie,197,6,0,33.44626922,-94.41834132,48037.0,211.2713818435305,3.045685279187817,191,189,11,0,178,189,94324,8,-5,0,13,0
2020-05-30,US,Texas,Brazoria,894,12,0,29.18757369,-95.44563172,48039.0,238.86881987046573,1.342281879194631,882,861,12,0,849,861,370200,33,0,0,33,0
2020-05-30,US,Texas,Brazos,470,19,0,30.663644800000004,-96.30205577,48041.0,205.05124099628728,4.042553191489361,451,455,19,0,436,455,226758,15,0,0,15,0
2020-05-30,US,Texas,Brewster,1,0,0,29.81008251,-103.25203259999999,48043.0,10.866021949364338,0.0,1,1,0,0,1,1,9267,0,0,0,0,0
2020-05-30,US,Texas,Briscoe,1,0,0,34.53026962,-101.2084947,48045.0,64.68305304010349,0.0,1,1,0,0,1,1,1516,0,0,0,0,0
2020-05-30,US,Texas,Brooks,1,0,0,27.03103197,-98.21808402,48047.0,14.098406880022555,0.0,1,1,0,0,1,1,7114,0,0,0,0,0
2020-05-30,US,Texas,Brown,58,9,0,31.77430356,-98.99907113,48049.0,153.1798013944644,15.517241379310345,49,57,9,0,48,57,37924,1,0,0,1,0
2020-05-30,US,Texas,Burleson,24,0,0,30.49273808,-96.62158484,48051.0,130.13067288402107,0.0,24,23,0,0,23,23,18389,1,0,0,1,0
2020-05-30,US,Texas,Burnet,36,0,0,30.78801353,-98.181887,48053.0,74.75859204651645,0.0,36,32,0,0,32,32,47542,4,0,0,4,0
2020-05-30,US,Texas,Caldwell,64,0,0,29.83668859,-97.61814775,48055.0,146.57383657017226,0.0,64,57,0,0,57,57,43247,7,0,0,7,0
2020-05-30,US,Texas,Calhoun,37,3,0,28.47048236,-96.61633945,48057.0,173.79051197745417,8.108108108108109,34,37,3,0,34,37,21561,0,0,0,0,0
2020-05-30,US,Texas,Callahan,9,1,0,32.29760619,-99.37326312,48059.0,64.54851897009253,11.111111111111109,8,9,1,0,8,9,13994,0,0,0,0,0
2020-05-30,US,Texas,Cameron,754,36,0,26.14524221,-97.48140372,48061.0,178.18192989462693,4.774535809018569,718,743,35,0,708,731,423908,11,1,0,10,12
2020-05-30,US,Texas,Camp,82,0,0,32.97195142,-94.97790104,48063.0,626.2410264243165,0.0,82,74,0,0,74,74,13033,8,0,0,8,0
2020-05-30,US,Texas,Carson,6,0,0,35.40365929,-101.35426690000001,48065.0,101.24873439082012,0.0,6,6,0,0,6,6,6005,0,0,0,0,0
2020-05-30,US,Texas,Cass,29,0,0,33.07499881,-94.34646905,48067.0,96.58296143342436,0.0,29,29,0,0,29,29,30119,0,0,0,0,0
2020-05-30,US,Texas,Castro,33,1,0,34.53016752,-102.2617243,48069.0,438.24701195219126,3.0303030303030303,32,32,1,0,31,32,7665,1,0,0,1,0
2020-05-30,US,Texas,Chambers,67,0,0,29.70972016,-94.67154501,48071.0,152.83892602139744,0.0,67,62,0,0,62,62,42454,5,0,0,5,0
2020-05-30,US,Texas,Cherokee,44,2,0,31.837258000000002,-95.16559897,48073.0,83.57709987463436,4.545454545454546,42,44,2,0,42,44,52592,0,0,0,0,0
2020-05-30,US,Texas,Childress,2,0,0,34.529304100000004,-100.2077916,48075.0,27.37476047084588,0.0,2,2,0,0,2,2,7291,0,0,0,0,0
2020-05-30,US,Texas,Clay,3,0,0,33.78686685,-98.20771198,48077.0,28.65055868589437,0.0,3,3,0,0,3,3,10456,0,0,0,0,0
2020-05-30,US,Texas,Cochran,1,0,0,33.60425307,-102.82844990000001,48079.0,35.05082369435681,0.0,1,1,0,0,1,1,2836,0,0,0,0,0
2020-05-30,US,Texas,Coke,1,0,0,31.88911733,-100.5297533,48081.0,29.524653085326253,0.0,1,1,0,0,1,1,3370,0,0,0,0,0
2020-05-30,US,Texas,Coleman,3,0,0,31.76736834,-99.45240766,48083.0,36.697247706422026,0.0,3,3,0,0,3,3,8397,0,0,0,0,0
2020-05-30,US,Texas,Collin,1278,34,0,33.18820114,-96.57264368,48085.0,123.51048099504222,2.660406885758998,1244,1217,33,0,1184,1217,1005146,61,1,0,60,0
2020-05-30,US,Texas,Collingsworth,5,0,0,34.96489496,-100.27001109999999,48087.0,171.23287671232876,0.0,5,5,0,0,5,5,2962,0,0,0,0,0
2020-05-30,US,Texas,Colorado,22,0,0,29.622097999999998,-96.5273805,48089.0,102.35890755129576,0.0,22,22,0,0,22,22,21217,0,0,0,0,0
2020-05-30,US,Texas,Comal,94,7,0,29.80811278,-98.27647225,48091.0,60.17579012732941,7.446808510638298,87,87,6,0,81,87,148373,7,1,0,6,0
2020-05-30,US,Texas,Comanche,12,1,0,31.94854689,-98.55876441,48093.0,88.008800880088,8.333333333333334,11,9,1,0,8,9,13534,3,0,0,3,0
2020-05-30,US,Texas,Concho,1,0,0,31.32635934,-99.86473038,48095.0,36.683785766691116,0.0,1,1,0,0,1,1,4276,0,0,0,0,0
2020-05-30,US,Texas,Cooke,14,0,0,33.63979567,-97.21240912,48097.0,33.933635504278065,0.0,14,13,0,0,13,13,40574,1,0,0,1,0
2020-05-30,US,Texas,Coryell,231,2,0,31.39078397,-97.79936155,48099.0,304.1434609155903,0.8658008658008658,229,227,2,0,225,227,74808,4,0,0,4,0
2020-05-30,US,Texas,Cottle,4,1,0,34.07783319,-100.27850620000001,48101.0,286.12303290414883,25.0,3,4,1,0,3,4,1389,0,0,0,0,0
2020-05-30,US,Texas,Crane,23,2,0,31.43052248,-102.5143314,48103.0,479.46633312486966,8.695652173913043,21,22,2,0,20,22,4794,1,0,0,1,0
2020-05-30,US,Texas,Crosby,4,1,0,33.61431553,-101.30003640000001,48107.0,69.72285166463307,25.0,3,3,1,0,2,3,5779,1,0,0,1,0
2020-05-30,US,Texas,Dallam,25,1,0,36.27787176,-102.60207249999999,48111.0,343.0767119527926,4.0,24,24,1,0,23,24,7200,1,0,0,1,0
2020-05-30,US,Texas,Dallas,9787,223,0,32.76670599,-96.77796049999999,48113.0,371.3504300486129,2.2785327475222235,9564,9787,223,0,9564,9587,2637772,0,0,0,0,200
2020-05-30,US,Texas,Dawson,42,1,0,32.74255572,-101.94772420000001,48115.0,329.9811439346323,2.380952380952381,41,40,1,0,39,40,12619,2,0,0,2,0
2020-05-30,US,Texas,DeWitt,17,1,0,29.08101855,-97.35681170000001,48123.0,84.32539682539681,5.882352941176472,16,17,1,0,16,17,20187,0,0,0,0,0
2020-05-30,US,Texas,Deaf Smith,164,13,0,34.96522957,-102.6054267,48117.0,884.2877170279304,7.926829268292682,151,161,13,0,148,161,18760,3,0,0,3,0
2020-05-30,US,Texas,Delta,1,0,0,33.38570922,-95.66921122,48119.0,18.758206715438003,0.0,1,1,0,0,1,1,5349,0,0,0,0,0
2020-05-30,US,Texas,Denton,1329,30,0,33.20521901,-97.11691153,48121.0,149.79593262902569,2.2573363431151243,1299,1285,30,0,1255,1285,859064,44,0,0,44,0
2020-05-30,US,Texas,Dickens,1,0,0,33.61616822,-100.7788855,48125.0,45.22840343735866,0.0,1,1,0,0,1,1,2249,0,0,0,0,0
2020-05-30,US,Texas,Dimmit,1,0,0,28.42270064,-99.75645095,48127.0,9.877518767285656,0.0,1,1,0,0,1,1,10308,0,0,0,0,0
2020-05-30,US,Texas,Donley,26,0,0,34.96517499,-100.8140093,48129.0,793.1665649786455,0.0,26,26,0,0,26,26,3319,0,0,0,0,0
2020-05-30,US,Texas,Duval,5,0,0,27.68184592,-98.50864568,48131.0,44.81491440351349,0.0,5,5,0,0,5,5,11212,0,0,0,0,0
2020-05-30,US,Texas,Eastland,6,0,0,32.32743996,-98.83243566,48133.0,32.6797385620915,0.0,6,6,0,0,6,6,18322,0,0,0,0,0
2020-05-30,US,Texas,Ector,154,5,0,31.86898877,-102.54294279999999,48135.0,92.64662531659279,3.2467532467532467,149,152,5,0,147,152,162124,2,0,0,2,0
2020-05-30,US,Texas,El Paso,2704,78,0,31.76980765,-106.23632749999999,48141.0,322.19704064877897,2.8846153846153846,2626,2569,72,0,2497,2569,840758,135,6,0,129,0
2020-05-30,US,Texas,Ellis,317,14,0,32.34894117,-96.79371841,48139.0,171.5126659669094,4.416403785488959,303,305,13,0,292,305,179436,12,1,0,11,0
2020-05-30,US,Texas,Erath,17,1,0,32.23602653,-98.21773417,48143.0,39.81451121832404,5.882352941176472,16,16,1,0,15,16,42446,1,0,0,1,0
2020-05-30,US,Texas,Falls,7,0,0,31.25350609,-96.93630086,48145.0,40.46944556859571,0.0,7,6,0,0,6,6,17335,1,0,0,1,0
2020-05-30,US,Texas,Fannin,41,2,0,33.59564294,-96.10751083,48147.0,115.44742918285746,4.878048780487805,39,37,2,0,35,37,35286,4,0,0,4,0
2020-05-30,US,Texas,Fayette,34,2,0,29.87788372,-96.92076062,48149.0,134.14345458849522,5.882352941176472,32,34,2,0,32,34,25349,0,0,0,0,0
2020-05-30,US,Texas,Fisher,2,1,0,32.74281316,-100.40193020000001,48151.0,52.219321148825074,50.0,1,2,1,0,1,2,3839,0,0,0,0,0
2020-05-30,US,Texas,Floyd,11,0,0,34.07227468,-101.3031546,48153.0,192.57703081232486,0.0,11,8,0,0,8,8,5837,3,0,0,3,0
2020-05-30,US,Texas,Fort Bend,1832,41,0,29.52704478,-95.77219463,48157.0,225.70248666975488,2.2379912663755457,1791,1766,41,0,1725,1766,787858,66,0,0,66,0
2020-05-30,US,Texas,Franklin,15,0,0,33.17653242,-95.21917243,48159.0,139.86013986013987,0.0,15,13,0,0,13,13,10766,2,0,0,2,0
2020-05-30,US,Texas,Freestone,10,0,0,31.70422788,-96.15072516,48161.0,50.717654815641325,0.0,10,10,0,0,10,10,19808,0,0,0,0,0
2020-05-30,US,Texas,Frio,37,0,0,28.86751206,-99.10804207,48163.0,182.21215404313995,0.0,37,37,0,0,37,37,19816,0,0,0,0,0
2020-05-30,US,Texas,Gaines,7,0,0,32.74055318,-102.6353295,48165.0,32.570258700911964,0.0,7,7,0,0,7,7,20901,0,0,0,0,0
2020-05-30,US,Texas,Galveston,795,37,0,29.40167322,-94.90469073,48167.0,232.36170094610668,4.654088050314464,758,779,32,0,747,779,337890,16,5,0,11,0
2020-05-30,US,Texas,Garza,5,0,0,33.17969345,-101.2984114,48169.0,80.26970621287526,0.0,5,5,0,0,5,5,6578,0,0,0,0,0
2020-05-30,US,Texas,Gillespie,5,0,0,30.31824095,-98.94676915,48171.0,18.526752630798875,0.0,5,5,0,0,5,5,26804,0,0,0,0,0
2020-05-30,US,Texas,Glasscock,1,0,0,31.86942909,-101.5207776,48173.0,70.97232079489001,0.0,1,1,0,0,1,1,1388,0,0,0,0,0
2020-05-30,US,Texas,Goliad,7,0,0,28.65696592,-97.42760647,48175.0,91.40767824497256,0.0,7,7,0,0,7,7,7584,0,0,0,0,0
2020-05-30,US,Texas,Gonzales,121,2,0,29.45634206,-97.49424032,48177.0,580.697797187695,1.6528925619834711,119,111,2,0,109,111,20826,10,0,0,10,0
2020-05-30,US,Texas,Gray,98,2,0,35.40081878,-100.8129222,48179.0,447.77483322672026,2.0408163265306123,96,96,2,0,94,96,21895,2,0,0,2,0
2020-05-30,US,Texas,Grayson,327,2,0,33.62744998,-96.67753461,48181.0,240.06695445335214,0.6116207951070336,325,316,2,0,314,316,133991,11,0,0,11,0
2020-05-30,US,Texas,Gregg,213,6,0,32.47940482,-94.81591935,48183.0,171.85041752390174,2.8169014084507036,207,201,6,0,195,201,123707,12,0,0,12,0
2020-05-30,US,Texas,Grimes,121,1,0,30.54579585,-95.98902499,48185.0,418.9750692520776,0.8264462809917356,120,113,1,0,112,113,28360,8,0,0,8,0
2020-05-30,US,Texas,Guadalupe,132,0,0,29.58165339,-97.94786822,48187.0,79.11439822112473,0.0,132,126,0,0,126,126,163694,6,0,0,6,0
2020-05-30,US,Texas,Hale,57,4,0,34.07044901,-101.82681140000001,48189.0,170.628030892654,7.0175438596491215,53,56,4,0,52,56,33830,1,0,0,1,0
2020-05-30,US,Texas,Hall,2,0,0,34.5307555,-100.68138520000001,48191.0,67.47638326585695,0.0,2,2,0,0,2,2,3028,0,0,0,0,0
2020-05-30,US,Texas,Hamilton,8,1,0,31.70470573,-98.11083887,48193.0,94.55147145727457,12.5,7,7,1,0,6,7,8484,1,0,0,1,0
2020-05-30,US,Texas,Hansford,19,2,0,36.27743284,-101.3545796,48195.0,351.9170216706798,10.526315789473683,17,18,2,0,16,18,5463,1,0,0,1,0
2020-05-30,US,Texas,Hardeman,1,0,0,34.28944521,-99.74632408,48197.0,25.425883549453346,0.0,1,1,0,0,1,1,3922,0,0,0,0,0
2020-05-30,US,Texas,Hardin,138,5,0,30.33364686,-94.38931817,48199.0,239.57501475643207,3.6231884057971016,133,137,5,0,132,137,57207,1,0,0,1,0
2020-05-30,US,Texas,Harris,12220,231,0,29.86,-95.39,48201.0,259.264956267603,1.8903436988543367,11989,12009,228,0,11781,11770,4698619,211,3,0,208,239
2020-05-30,US,Texas,Harrison,244,25,0,32.54935988,-94.36934071,48203.0,366.6250957883191,10.245901639344263,219,239,25,0,214,239,66726,5,0,0,5,0
2020-05-30,US,Texas,Hartley,11,2,0,35.84008013,-102.6029022,48205.0,197.27403156384503,18.181818181818183,9,11,2,0,9,11,5619,0,0,0,0,0
2020-05-30,US,Texas,Haskell,3,0,0,33.17823584,-99.73037358,48207.0,53.022269353128316,0.0,3,2,0,0,2,2,5813,1,0,0,1,0
2020-05-30,US,Texas,Hays,329,4,0,30.05669873,-98.02944344,48209.0,142.92478854516466,1.2158054711246202,325,297,3,0,294,297,222631,32,1,0,31,0
2020-05-30,US,Texas,Hemphill,1,0,0,35.83764858,-100.2703577,48211.0,26.18486514794449,0.0,1,1,0,0,1,1,3825,0,0,0,0,0
2020-05-30,US,Texas,Henderson,57,2,0,32.21128872,-95.85846587,48213.0,68.89299829580477,3.5087719298245608,55,57,0,0,57,57,82299,0,2,0,-2,0
2020-05-30,US,Texas,Hidalgo,560,10,0,26.39418217,-98.18299696,48215.0,64.46362237210015,1.7857142857142858,550,548,10,0,538,537,865939,12,0,0,12,11
2020-05-30,US,Texas,Hill,24,1,0,31.99045053,-97.13423143,48217.0,65.48609784714452,4.166666666666667,23,24,1,0,23,24,36354,0,0,0,0,0
2020-05-30,US,Texas,Hockley,27,1,0,33.60771256,-102.3431676,48219.0,117.28421875678728,3.703703703703704,26,27,1,0,26,27,22980,0,0,0,0,0
2020-05-30,US,Texas,Hood,27,3,0,32.42990927,-97.83242024,48221.0,43.800593741381824,11.111111111111109,24,26,3,0,23,26,60537,1,0,0,1,0
2020-05-30,US,Texas,Hopkins,26,0,0,33.14875072,-95.56351139,48223.0,70.11109912630783,0.0,26,24,0,0,24,24,36810,2,0,0,2,0
2020-05-30,US,Texas,Houston,84,0,0,31.31925973,-95.42226208,48225.0,365.7262277951933,0.0,84,84,0,0,84,84,23169,0,0,0,0,0
2020-05-30,US,Texas,Howard,8,1,0,32.30621324,-101.4356444,48227.0,21.81976871045167,12.5,7,7,1,0,6,7,36459,1,0,0,1,0
2020-05-30,US,Texas,Hudspeth,2,0,0,31.45628381,-105.388178,48229.0,40.93327875562833,0.0,2,1,0,0,1,1,4795,1,0,0,1,0
2020-05-30,US,Texas,Hunt,82,4,0,33.12351514,-96.08551032,48231.0,83.16936121873542,4.878048780487805,78,76,4,0,72,76,96493,6,0,0,6,0
2020-05-30,US,Texas,Hutchinson,36,0,0,35.84006574,-101.3546643,48233.0,171.9361925685357,0.0,36,34,0,0,34,34,21198,2,0,0,2,0
2020-05-30,US,Texas,Jack,4,0,0,33.23377248,-98.17283469,48237.0,44.76776720761052,0.0,4,4,0,0,4,4,8843,0,0,0,0,0
2020-05-30,US,Texas,Jackson,18,1,0,28.95472367,-96.57749563,48239.0,121.95121951219512,5.5555555555555545,17,18,1,0,17,18,14874,0,0,0,0,0
2020-05-30,US,Texas,Jasper,29,1,0,30.74685667,-94.02667579,48241.0,81.62346252357229,3.4482758620689653,28,28,1,0,27,28,35872,1,0,0,1,0
2020-05-30,US,Texas,Jefferson,533,27,0,29.8832777,-94.16434171,48245.0,211.87367082066262,5.065666041275797,506,518,27,0,491,518,255001,15,0,0,15,0
2020-05-30,US,Texas,Jim Hogg,4,0,0,27.04453923,-98.69681870000001,48247.0,76.92307692307692,0.0,4,4,0,0,4,4,5248,0,0,0,0,0
2020-05-30,US,Texas,Jim Wells,9,0,0,27.73103938,-98.0904705,48249.0,22.232103156958647,0.0,9,9,0,0,9,9,40822,0,0,0,0,0
2020-05-30,US,Texas,Johnson,175,4,0,32.37877812,-97.36615819,48251.0,99.53531228493263,2.2857142857142856,171,165,4,0,161,165,171361,10,0,0,10,0
2020-05-30,US,Texas,Jones,401,0,0,32.73997145,-99.87861576,48253.0,1996.7136384006371,0.0,401,323,0,0,323,323,19817,78,0,0,78,0
2020-05-30,US,Texas,Karnes,4,0,0,28.90705334,-97.85960149,48255.0,25.63938209089161,0.0,4,4,0,0,4,4,15650,0,0,0,0,0
2020-05-30,US,Texas,Kaufman,223,2,0,32.599141700000004,-96.28734728,48257.0,163.78512566652466,0.8968609865470852,221,203,2,0,201,203,128622,20,0,0,20,0
2020-05-30,US,Texas,Kendall,29,0,0,29.94414155,-98.7113588,48259.0,61.14144757647952,0.0,29,28,0,0,28,28,45641,1,0,0,1,0
2020-05-30,US,Texas,Kerr,18,0,0,30.06040006,-99.34930144,48265.0,34.220532319391644,0.0,18,17,0,0,17,17,52405,1,0,0,1,0
2020-05-30,US,Texas,Kimble,1,0,0,30.48678918,-99.74856473,48267.0,23.057412958266077,0.0,1,1,0,0,1,1,4362,0,0,0,0,0
2020-05-30,US,Texas,Kinney,1,0,0,29.34967888,-100.41866379999999,48271.0,27.27024815925825,0.0,1,,,,,,3767,,,,,
2020-05-30,US,Texas,Kleberg,16,1,0,27.42435506,-97.69894948,48273.0,52.15123859191656,6.25,15,16,1,0,15,16,31129,0,0,0,0,0
2020-05-30,US,Texas,Knox,1,0,0,33.60519951,-99.74229059999999,48275.0,27.29257641921397,0.0,1,1,0,0,1,1,3653,0,0,0,0,0
2020-05-30,US,Texas,La Salle,4,0,0,28.34453111,-99.09908775,48283.0,53.19148936170214,0.0,4,4,0,0,4,4,7531,0,0,0,0,0
2020-05-30,US,Texas,Lamar,138,9,0,33.66981763,-95.57404777,48277.0,276.7805210694157,6.521739130434782,129,136,9,0,127,136,49728,2,0,0,2,0
2020-05-30,US,Texas,Lamb,16,0,0,34.06859623,-102.35162890000001,48279.0,124.09834794074304,0.0,16,16,0,0,16,16,13158,0,0,0,0,0
2020-05-30,US,Texas,Lampasas,9,0,0,31.19531316,-98.24206613,48281.0,42.001120029867465,0.0,9,8,0,0,8,8,21229,1,0,0,1,0
2020-05-30,US,Texas,Lavaca,12,1,0,29.38508402,-96.93186692,48285.0,59.541530217326596,8.333333333333334,11,11,1,0,10,11,20110,1,0,0,1,0
2020-05-30,US,Texas,Lee,25,0,0,30.31120597,-96.97045773,48287.0,145.02001276176114,0.0,25,21,0,0,21,21,17144,4,0,0,4,0
2020-05-30,US,Texas,Leon,10,0,0,31.29872538,-95.9936328,48289.0,57.45805561939784,0.0,10,10,0,0,10,10,17270,0,0,0,0,0
2020-05-30,US,Texas,Liberty,92,3,0,30.15152688,-94.81205615,48291.0,104.28592480077988,3.260869565217391,89,81,3,0,78,81,86323,11,0,0,11,0
2020-05-30,US,Texas,Limestone,24,1,0,31.5454767,-96.58095444,48293.0,102.40218457993772,4.166666666666667,23,23,1,0,22,23,23519,1,0,0,1,0
2020-05-30,US,Texas,Lipscomb,2,0,0,36.27783108,-100.27331509999999,48295.0,61.86204763377668,0.0,2,2,0,0,2,2,3355,0,0,0,0,0
2020-05-30,US,Texas,Live Oak,9,0,0,28.35101362,-98.1246786,48297.0,73.72818874416319,0.0,9,9,0,0,9,9,12166,0,0,0,0,0
2020-05-30,US,Texas,Llano,3,0,0,30.70645047,-98.68475262,48299.0,13.764624913971096,0.0,3,3,0,0,3,3,21646,0,0,0,0,0
2020-05-30,US,Texas,Lubbock,688,50,0,33.61008596,-101.82047890000001,48303.0,221.52887120092475,7.267441860465117,638,677,50,0,627,677,307412,11,0,0,11,0
2020-05-30,US,Texas,Lynn,7,1,0,33.17657705,-101.8162849,48305.0,117.62728953117123,14.285714285714285,6,6,1,0,5,6,5877,1,0,0,1,0
2020-05-30,US,Texas,Madison,8,0,0,30.96694679,-95.93003775,48313.0,56.00672080649678,0.0,8,8,0,0,8,8,14422,0,0,0,0,0
2020-05-30,US,Texas,Marion,16,1,0,32.79868409,-94.35661230000001,48315.0,162.3706109194236,6.25,15,16,1,0,15,16,9928,0,0,0,0,0
2020-05-30,US,Texas,Martin,3,1,0,32.30600051,-101.9513518,48317.0,51.984058222145215,33.333333333333336,2,3,1,0,2,3,5753,0,0,0,0,0
2020-05-30,US,Texas,Mason,32,0,0,30.71780434,-99.22629416,48319.0,748.7131492746843,0.0,32,31,0,0,31,31,4280,1,0,0,1,0
2020-05-30,US,Texas,Matagorda,70,5,0,28.81955746,-96.01230294,48321.0,191.03239363589225,7.142857142857142,65,70,5,0,65,70,36552,0,0,0,0,0
2020-05-30,US,Texas,Maverick,116,1,0,28.7429195,-100.3157686,48323.0,197.5409556895201,0.8620689655172413,115,116,1,0,115,109,58485,0,0,0,0,7
2020-05-30,US,Texas,McCulloch,3,0,0,31.1925468,-99.34682807,48307.0,37.5751503006012,0.0,3,3,0,0,3,3,7987,0,0,0,0,0
2020-05-30,US,Texas,McLennan,118,4,0,31.55255453,-97.20217694,48309.0,45.98184886000086,3.3898305084745757,114,113,4,0,109,113,254607,5,0,0,5,0
2020-05-30,US,Texas,Medina,71,2,0,29.355730100000002,-99.11030298,48325.0,137.63957816377172,2.8169014084507036,69,69,2,0,67,69,50921,2,0,0,2,0
2020-05-30,US,Texas,Midland,129,12,0,31.86904128,-102.03156820000001,48329.0,72.95059717698155,9.30232558139535,117,126,12,0,114,126,172578,3,0,0,3,0
2020-05-30,US,Texas,Milam,28,1,0,30.78581830000001,-96.97718698,48331.0,112.79861418845422,3.571428571428572,27,28,1,0,27,28,25131,0,0,0,0,0
2020-05-30,US,Texas,Mills,1,0,0,31.49557106,-98.59272068,48333.0,20.521239482864765,0.0,1,1,0,0,1,1,4921,0,0,0,0,0
2020-05-30,US,Texas,Mitchell,1,0,0,32.30623474,-100.9212058,48335.0,11.702750146284375,0.0,1,1,0,0,1,1,8145,0,0,0,0,0
2020-05-30,US,Texas,Montague,9,1,0,33.67521893,-97.72500958,48337.0,45.41326067211626,11.111111111111109,8,9,1,0,8,9,19596,0,0,0,0,0
2020-05-30,US,Texas,Montgomery,954,26,0,30.30079133,-95.50572772,48339.0,157.0652182860793,2.7253668763102725,928,954,26,0,928,926,590925,0,0,0,0,28
2020-05-30,US,Texas,Moore,604,13,0,35.83769242,-101.8930281,48341.0,2884.431709646609,2.1523178807947017,591,583,13,0,570,583,21485,21,0,0,21,0
2020-05-30,US,Texas,Morris,26,0,0,33.11304005,-94.73255695,48343.0,209.8805295447207,0.0,26,27,0,0,27,27,12339,-1,0,0,-1,0
2020-05-30,US,Texas,Motley,1,0,0,34.07408766,-100.77972199999999,48345.0,83.33333333333333,0.0,1,1,0,0,1,1,1234,0,0,0,0,0
2020-05-30,US,Texas,Nacogdoches,287,21,0,31.62017125,-94.61803994,48347.0,440.1570455800258,7.317073170731707,266,271,20,0,251,271,65711,16,1,0,15,0
2020-05-30,US,Texas,Navarro,55,2,0,32.04620681,-96.47428766,48349.0,109.75196056911379,3.636363636363636,53,49,2,0,47,49,49565,6,0,0,6,0
2020-05-30,US,Texas,Newton,5,0,0,30.78548982,-93.74408813,48351.0,36.778227289444644,0.0,5,4,0,0,4,4,13746,1,0,0,1,0
2020-05-30,US,Texas,Nolan,4,0,0,32.30365282,-100.4060208,48353.0,27.184993883376368,0.0,4,2,0,0,2,2,14751,2,0,0,2,0
2020-05-30,US,Texas,Nueces,268,3,0,27.736286,-97.5433285,48355.0,73.97307159378848,1.1194029850746268,265,268,3,0,265,268,362265,0,0,0,0,0
2020-05-30,US,Texas,Ochiltree,49,2,0,36.27829105,-100.8158184,48357.0,498.1699877999186,4.081632653061225,47,48,2,0,46,48,9947,1,0,0,1,0
2020-05-30,US,Texas,Oldham,3,1,0,35.40425596,-102.6027606,48359.0,142.04545454545453,33.333333333333336,2,3,1,0,2,3,2131,0,0,0,0,0
2020-05-30,US,Texas,Orange,98,2,0,30.11879481,-93.89412775,48361.0,117.51163125329752,2.0408163265306123,96,96,2,0,94,96,83572,2,0,0,2,0
2020-05-30,US,Texas,Palo Pinto,13,2,0,32.75310985,-98.31319001,48363.0,44.53732570488883,15.384615384615385,11,11,2,0,9,11,28875,2,0,0,2,0
2020-05-30,US,Texas,Panola,197,23,0,32.163959600000005,-94.30552481,48365.0,849.3575924808141,11.6751269035533,174,196,22,0,174,196,23148,1,1,0,0,0
2020-05-30,US,Texas,Parker,76,1,0,32.77757172,-97.80500621,48367.0,53.19223393384566,1.3157894736842106,75,70,1,0,69,70,138371,6,0,0,6,0
2020-05-30,US,Texas,Parmer,59,0,0,34.52993409,-102.78446679999999,48369.0,614.263404476835,0.0,59,53,0,0,53,53,9864,6,0,0,6,0
2020-05-30,US,Texas,Pecos,66,0,0,30.78097267,-102.72412609999999,48371.0,417.1143272451495,0.0,66,56,0,0,56,56,15673,10,0,0,10,0
2020-05-30,US,Texas,Polk,56,0,0,30.79472531,-94.82766240000001,48373.0,109.04913052791464,0.0,56,54,0,0,54,54,50031,2,0,0,2,0
2020-05-30,US,Texas,Potter,2317,28,0,35.40133773,-101.893964,48375.0,1973.342417919346,1.2084592145015105,2289,2266,27,0,2239,2266,119648,51,1,0,50,0
2020-05-30,US,Texas,Presidio,1,0,0,29.99954402,-104.24080790000001,48377.0,14.916467780429594,0.0,1,1,0,0,1,1,6948,0,0,0,0,0
2020-05-30,US,Texas,Rains,3,0,0,32.87109387,-95.79232691,48379.0,23.973150071919452,0.0,3,3,0,0,3,3,12159,0,0,0,0,0
2020-05-30,US,Texas,Randall,671,6,0,34.96585996,-101.8971322,48381.0,487.2452128702446,0.8941877794336811,665,655,6,0,649,655,136271,16,0,0,16,0
2020-05-30,US,Texas,Reagan,2,0,0,31.36607041,-101.52326590000001,48383.0,51.96154845414394,0.0,2,1,0,0,1,1,3741,1,0,0,1,0
2020-05-30,US,Texas,Red River,66,8,0,33.61886692,-95.04841765,48387.0,548.9478499542544,12.12121212121212,58,50,5,0,45,50,12175,16,3,0,13,0
2020-05-30,US,Texas,Reeves,7,0,0,31.32323325,-103.69038959999999,48389.0,43.81572358537807,0.0,7,7,0,0,7,7,15695,0,0,0,0,0
2020-05-30,US,Texas,Refugio,3,0,0,28.323897600000002,-97.15766311,48391.0,43.17789291882556,0.0,3,3,0,0,3,3,7032,0,0,0,0,0
2020-05-30,US,Texas,Roberts,2,0,0,35.83809685,-100.813175,48393.0,234.192037470726,0.0,2,2,0,0,2,2,903,0,0,0,0,0
2020-05-30,US,Texas,Robertson,8,0,0,31.02539637,-96.51272246,48395.0,46.85486704931475,0.0,8,7,0,0,7,7,17284,1,0,0,1,0
2020-05-30,US,Texas,Rockwall,167,13,0,32.89779518,-96.40771592,48397.0,159.176476195015,7.7844311377245505,154,159,13,0,146,159,100657,8,0,0,8,0
2020-05-30,US,Texas,Runnels,3,0,0,31.8314342,-99.97616148,48399.0,29.228371005455962,0.0,3,2,0,0,2,2,10234,1,0,0,1,0
2020-05-30,US,Texas,Rusk,52,2,0,32.10773545,-94.76176432,48401.0,95.57769363673124,3.8461538461538463,50,45,2,0,43,45,54450,7,0,0,7,0
2020-05-30,US,Texas,Sabine,14,0,0,31.34318809,-93.85440451,48403.0,132.80212483399734,0.0,14,6,0,0,6,6,10589,8,0,0,8,0
2020-05-30,US,Texas,San Augustine,38,2,0,31.39457611,-94.17000399,48405.0,461.3330095908705,5.2631578947368425,36,31,2,0,29,31,8232,7,0,0,7,0
2020-05-30,US,Texas,San Jacinto,14,0,0,30.57933681,-95.16260304,48407.0,48.51172944315465,0.0,14,14,0,0,14,14,28719,0,0,0,0,0
2020-05-30,US,Texas,San Patricio,33,0,0,28.00880118,-97.51763891,48409.0,49.45301963135022,0.0,33,32,0,0,32,32,66893,1,0,0,1,0
2020-05-30,US,Texas,San Saba,1,0,0,31.1577796,-98.81758731,48411.0,16.515276630883566,0.0,1,1,0,0,1,1,6054,0,0,0,0,0
2020-05-30,US,Texas,Scurry,24,0,0,32.74613808,-100.91626640000001,48415.0,143.68676285697182,0.0,24,2,0,0,2,2,16866,22,0,0,22,0
2020-05-30,US,Texas,Shackelford,1,0,0,32.73587756,-99.35401337,48417.0,30.627871362940283,0.0,1,1,0,0,1,1,3253,0,0,0,0,0
2020-05-30,US,Texas,Shelby,201,6,0,31.79211404,-94.14550696,48419.0,795.2836907493868,2.985074626865672,195,189,6,0,183,189,25418,12,0,0,12,0
2020-05-30,US,Texas,Sherman,24,0,0,36.27751473,-101.8933156,48421.0,794.1760423560556,0.0,24,23,0,0,23,23,3079,1,0,0,1,0
2020-05-30,US,Texas,Smith,204,4,0,32.37474036,-95.27175679999999,48423.0,87.64731408243144,1.96078431372549,200,200,4,0,196,200,230221,4,0,0,4,0
2020-05-30,US,Texas,Starr,33,0,0,26.56150059,-98.73892358,48427.0,51.05750932186344,0.0,33,27,0,0,27,27,64525,6,0,0,6,0
2020-05-30,US,Texas,Stephens,4,0,0,32.73553157,-98.83631615,48429.0,42.707666026051676,0.0,4,4,0,0,4,4,9433,0,0,0,0,0
2020-05-30,US,Texas,Swisher,17,0,0,34.53028891,-101.73491740000001,48437.0,229.8229011761525,0.0,17,18,0,0,18,18,7462,-1,0,0,-1,0
2020-05-30,US,Texas,Tarrant,5379,160,0,32.77143818,-97.29101614,48439.0,255.836462522265,2.9745305818925445,5219,5190,155,0,5035,5190,2084931,189,5,0,184,0
2020-05-30,US,Texas,Taylor,234,5,0,32.30163422,-99.89007449,48441.0,169.52345074401958,2.1367521367521367,229,231,5,0,226,231,137640,3,0,0,3,0
2020-05-30,US,Texas,Terry,13,0,0,33.17402785,-102.3354521,48445.0,105.3740779768177,0.0,13,13,0,0,13,13,12287,0,0,0,0,0
2020-05-30,US,Texas,Titus,464,2,0,33.21339719,-94.96797273,48449.0,1416.793893129771,0.4310344827586207,462,443,2,0,441,443,33033,21,0,0,21,0
2020-05-30,US,Texas,Tom Green,99,1,0,31.40464436,-100.46244300000001,48451.0,83.05369127516778,1.0101010101010102,98,93,1,0,92,93,118189,6,0,0,6,0
2020-05-30,US,Texas,Travis,3186,93,0,30.33432034,-97.78535620000001,48453.0,250.0875227833972,2.919020715630885,3093,3057,91,0,2966,3057,1248743,129,2,0,127,0
2020-05-30,US,Texas,Trinity,14,0,0,31.0879489,-95.1367187,48455.0,95.55661729574771,0.0,14,13,0,0,13,13,14740,1,0,0,1,0
2020-05-30,US,Texas,Tyler,12,0,0,30.77031716,-94.37690895,48457.0,55.37098560354374,0.0,12,11,0,0,11,11,21696,1,0,0,1,0
2020-05-30,US,Texas,Upshur,26,0,0,32.73706798,-94.93999853,48459.0,62.27097454075156,0.0,26,20,0,0,20,20,41260,6,0,0,6,0
2020-05-30,US,Texas,Uvalde,11,0,0,29.35739637,-99.76229172,48463.0,41.13533525298231,0.0,11,6,0,0,6,6,26846,5,0,0,5,0
2020-05-30,US,Texas,Val Verde,20,0,0,29.89149232,-101.1525205,48465.0,40.7955124936257,0.0,20,20,0,0,20,20,49208,0,0,0,0,0
2020-05-30,US,Texas,Van Zandt,31,1,0,32.56483801,-95.83766469,48467.0,54.779996465806676,3.2258064516129035,30,30,1,0,29,30,56019,1,0,0,1,0
2020-05-30,US,Texas,Victoria,160,7,0,28.79780988,-96.96813006,48469.0,173.7543981582034,4.375,153,159,7,0,152,159,92035,1,0,0,1,0
2020-05-30,US,Texas,Walker,945,27,0,30.73872995,-95.57440968,48471.0,1295.0350139096354,2.8571428571428568,918,869,27,0,842,869,72480,76,0,0,76,0
2020-05-30,US,Texas,Waller,57,0,0,30.01058447,-95.99011759,48473.0,103.17489048980921,0.0,57,55,0,0,55,55,53126,2,0,0,2,0
2020-05-30,US,Texas,Ward,1,0,0,31.50999644,-103.09279090000001,48475.0,8.334722453742291,0.0,1,1,0,0,1,1,11720,0,0,0,0,0
2020-05-30,US,Texas,Washington,202,25,0,30.21498498,-96.40946246,48477.0,562.9563569477733,12.376237623762375,177,197,23,0,174,197,35108,5,2,0,3,0
2020-05-30,US,Texas,Webb,540,19,0,27.7610369,-99.33237355,48479.0,195.19107036999554,3.5185185185185186,521,524,19,0,505,524,275910,16,0,0,16,0
2020-05-30,US,Texas,Wharton,57,0,0,29.27765923,-96.22319248,48481.0,137.1643084031187,0.0,57,57,0,0,57,57,41619,0,0,0,0,0
2020-05-30,US,Texas,Wheeler,15,0,0,35.40114335,-100.26995140000001,48483.0,296.67721518987344,0.0,15,15,0,0,15,15,5191,0,0,0,0,0
2020-05-30,US,Texas,Wichita,84,2,0,33.98842886,-98.70410340000001,48485.0,63.525674960296456,2.380952380952381,82,84,2,0,82,84,132064,0,0,0,0,0
2020-05-30,US,Texas,Wilbarger,7,0,0,34.07945812,-99.24178437,48487.0,54.82026783616571,0.0,7,6,0,0,6,6,12820,1,0,0,1,0
2020-05-30,US,Texas,Willacy,16,1,0,26.47411727,-97.61535848,48489.0,74.91338140275306,6.25,15,14,1,0,13,14,21515,2,0,0,2,0
2020-05-30,US,Texas,Williamson,612,24,0,30.64655664,-97.60048540000001,48491.0,103.63203178048973,3.92156862745098,588,605,24,0,581,596,566719,7,0,0,7,9
2020-05-30,US,Texas,Wilson,38,5,0,29.1732598,-98.08693082,48493.0,74.40767573918151,13.157894736842106,33,38,5,0,33,38,50224,0,0,0,0,0
2020-05-30,US,Texas,Winkler,3,0,0,31.85008651,-103.04851629999999,48495.0,37.453183520599254,0.0,3,3,0,0,3,3,7720,0,0,0,0,0
2020-05-30,US,Texas,Wise,46,3,0,33.21570665,-97.65460265,48497.0,65.72930955647006,6.521739130434782,43,45,3,0,42,45,68305,1,0,0,1,0
2020-05-30,US,Texas,Wood,29,1,0,32.78722382,-95.38236368,48499.0,63.68167943960122,3.4482758620689653,28,26,1,0,25,26,45129,3,0,0,3,0
2020-05-30,US,Texas,Yoakum,3,0,0,33.17320212,-102.82764329999999,48501.0,34.43130953747274,0.0,3,3,0,0,3,3,8591,0,0,0,0,0
2020-05-30,US,Texas,Young,4,1,0,33.17659707,-98.68790885,48503.0,22.209883398112158,25.0,3,4,1,0,3,4,18045,0,0,0,0,0
2020-05-30,US,Texas,Zapata,9,0,0,27.00156391,-99.16987152,48505.0,63.47415191480359,0.0,9,8,0,0,8,8,14190,1,0,0,1,0
2020-05-30,US,Texas,Zavala,11,0,0,28.86617238,-99.76050829,48507.0,92.9054054054054,0.0,11,11,0,0,11,11,11983,0,0,0,0,0
2020-05-30,US,Utah,Bear River,190,2,0,41.52106798,-113.08328159999999,0.0,101.70326199830852,1.0526315789473684,188,156,2,0,154,117,,34,0,0,34,39
2020-05-30,US,Utah,Central Utah,38,0,0,39.37231946,-111.5758676,0.0,46.36747443687923,0.0,38,38,0,0,38,34,,0,0,0,0,4
2020-05-30,US,Utah,Davis,458,2,0,40.99001837,-112.1139997,49011.0,128.83951603601878,0.4366812227074236,456,447,2,0,445,435,351713,11,0,0,11,12
2020-05-30,US,Utah,Salt Lake,5118,74,0,40.66616532,-111.92160109999999,49035.0,441.0407458569487,1.4458772958186792,5044,4994,71,0,4923,4806,1152633,124,3,0,121,188
2020-05-30,US,Utah,San Juan,289,5,0,37.62762978,-109.80337140000002,49037.0,1887.9017507185786,1.7301038062283738,284,286,5,0,281,283,15449,3,0,0,3,3
2020-05-30,US,Utah,Southeast Utah,24,0,0,38.99617072,-110.70139579999999,0.0,59.65845534316041,0.0,24,23,0,0,23,23,,1,0,0,1,0
2020-05-30,US,Utah,Southwest Utah,423,4,0,37.85447192,-111.4418764,0.0,167.82917132858807,0.9456264775413712,419,386,4,0,382,360,,37,0,0,37,26
2020-05-30,US,Utah,Summit,412,0,0,40.86688146,-110.9535882,49043.0,977.5774113180687,0.0,412,412,0,0,412,409,41933,0,0,0,0,3
2020-05-30,US,Utah,Tooele,126,0,0,40.44862644,-113.12957150000001,49045.0,174.3727424957445,0.0,126,125,0,0,125,122,69907,1,0,0,1,3
2020-05-30,US,Utah,TriCounty,20,0,0,40.12491499,-109.5174415,0.0,35.321959662322065,0.0,20,18,0,0,18,20,,2,0,0,2,-2
2020-05-30,US,Utah,Utah,1870,17,0,40.116672200000004,-111.66576620000001,49049.0,293.9165559895322,0.9090909090909092,1853,1826,17,0,1809,1777,622213,44,0,0,44,49
2020-05-30,US,Utah,Wasatch,272,1,0,40.33110236,-111.1691419,49051.0,797.864539027896,0.36764705882352944,271,265,1,0,264,259,33240,7,0,0,7,6
2020-05-30,US,Utah,Weber-Morgan,293,7,0,41.27116049,-111.9145117,0.0,107.58729074639143,2.389078498293516,286,288,5,0,283,276,,5,2,0,3,12
2020-05-30,US,Vermont,Addison,63,2,0,44.03217337,-73.14130877,50001.0,171.30271637164532,3.1746031746031744,61,62,2,0,60,62,36973,1,0,0,1,0
2020-05-30,US,Vermont,Bennington,63,1,0,43.03519828,-73.09048868,50003.0,177.61488581900196,1.5873015873015872,62,63,1,0,62,62,35631,0,0,0,0,1
2020-05-30,US,Vermont,Caledonia,15,0,0,44.46548598,-72.10314651,50005.0,50.01166938952422,0.0,15,15,0,0,15,15,30302,0,0,0,0,0
2020-05-30,US,Vermont,Chittenden,449,39,0,44.46322849,-73.08359212,50007.0,274.15829130387,8.68596881959911,410,448,39,0,409,449,164572,1,0,0,1,-1
2020-05-30,US,Vermont,Essex,3,0,0,44.72736416,-71.73579864,50009.0,48.67759208177836,0.0,3,3,0,0,3,3,6250,0,0,0,0,0
2020-05-30,US,Vermont,Franklin,99,5,0,44.85627605,-72.91249563,50011.0,200.39674507104976,5.05050505050505,94,99,5,0,94,99,49421,0,0,0,0,0
2020-05-30,US,Vermont,Grand Isle,7,0,0,44.797582399999996,-73.29679772,50013.0,96.7519004837595,0.0,7,7,0,0,7,7,7090,0,0,0,0,0
2020-05-30,US,Vermont,Lamoille,29,1,0,44.60353043,-72.64356694,50015.0,114.34429461398943,3.4482758620689653,28,29,1,0,28,29,25300,0,0,0,0,0
2020-05-30,US,Vermont,Orange,8,0,0,44.00470222,-72.37640104,50017.0,27.689325764917626,0.0,8,8,0,0,8,8,28999,0,0,0,0,0
2020-05-30,US,Vermont,Orleans,10,0,0,44.82964024,-72.24562697,50019.0,36.98635203609868,0.0,10,10,0,0,10,10,26907,0,0,0,0,0
2020-05-30,US,Vermont,Rutland,55,1,0,43.57723578,-73.03741676,50021.0,94.51633414101838,1.818181818181818,54,55,1,0,54,54,58672,0,0,0,0,1
2020-05-30,US,Vermont,Unassigned,5,0,0,0.0,0.0,90050.0,0.0,0.0,5,5,0,0,5,5,,0,0,0,0,0
2020-05-30,US,Vermont,Washington,39,1,0,44.27343241,-72.61604978,50023.0,66.77053193857111,2.5641025641025643,38,39,1,0,38,39,58140,0,0,0,0,0
2020-05-30,US,Vermont,Windham,81,3,0,42.986982,-72.71268875,50025.0,191.84311496376296,3.703703703703704,78,81,3,0,78,81,42756,0,0,0,0,0
2020-05-30,US,Vermont,Windsor,51,2,0,43.58010937,-72.58595157,50027.0,92.62286150158005,3.92156862745098,49,51,2,0,49,51,55286,0,0,0,0,0
2020-05-30,US,Virginia,Accomack,863,12,0,37.76707161,-75.63234615,51001.0,2670.503775219705,1.3904982618771726,851,827,12,0,815,807,32412,36,0,0,36,20
2020-05-30,US,Virginia,Albemarle,187,8,0,38.02080697,-78.55481085,51003.0,171.04180005487973,4.2780748663101615,179,180,8,0,172,170,108718,7,0,0,7,10
2020-05-30,US,Virginia,Alexandria,1960,44,0,38.814003,-77.08183073,51510.0,1229.3950874375896,2.2448979591836733,1916,1941,44,0,1897,1887,160530,19,0,0,19,54
2020-05-30,US,Virginia,Alleghany,20,2,0,37.78636074,-80.00222498,51005.0,134.5895020188425,10.0,18,19,2,0,17,17,14910,1,0,0,1,2
2020-05-30,US,Virginia,Amelia,25,1,0,37.34081025,-77.98584649,51007.0,190.18638265500192,4.0,24,25,1,0,24,23,13013,0,0,0,0,2
2020-05-30,US,Virginia,Amherst,27,0,0,37.60308293,-79.14548696,51009.0,85.42952064546748,0.0,27,27,0,0,27,27,31666,0,0,0,0,0
2020-05-30,US,Virginia,Appomattox,31,0,0,37.37569884,-78.81340003,51011.0,194.83376280560614,0.0,31,31,0,0,31,31,15841,0,0,0,0,0
2020-05-30,US,Virginia,Arlington,2107,113,0,38.8767675,-77.10139853,51013.0,889.6226176100522,5.363075462743237,1994,2089,111,0,1978,2039,237521,18,2,0,16,50
2020-05-30,US,Virginia,Augusta,109,1,0,38.16404586,-79.12461614,51015.0,144.26003864580852,0.9174311926605504,108,105,1,0,104,105,75457,4,0,0,4,0
2020-05-30,US,Virginia,Bedford,51,2,0,37.3080028,-79.5281964,51019.0,64.55941364861957,3.92156862745098,49,47,2,0,45,47,78747,4,0,0,4,0
2020-05-30,US,Virginia,Botetourt,32,4,0,37.55531756,-79.80982182,51023.0,95.75391244501631,12.5,28,32,4,0,28,32,33277,0,0,0,0,0
2020-05-30,US,Virginia,Bristol,4,0,0,36.616302399999995,-82.16359122,51520.0,23.863500775563768,0.0,4,4,0,0,4,4,16482,0,0,0,0,0
2020-05-30,US,Virginia,Brunswick,25,1,0,36.76366949,-77.8593436,51025.0,154.02624607233074,4.0,24,25,1,0,24,24,16384,0,0,0,0,1
2020-05-30,US,Virginia,Buchanan,18,0,0,37.26818323,-82.03749726,51027.0,85.69796229289659,0.0,18,18,0,0,18,18,21221,0,0,0,0,0
2020-05-30,US,Virginia,Buckingham,456,3,0,37.57242268,-78.52518834,51029.0,2659.202239328201,0.6578947368421053,453,453,3,0,450,453,16999,3,0,0,3,0
2020-05-30,US,Virginia,Buena Vista,13,0,0,37.73484642,-79.35296097,51530.0,200.6792219820932,0.0,13,13,0,0,13,13,6237,0,0,0,0,0
2020-05-30,US,Virginia,Campbell,18,1,0,37.20553386,-79.09678609,51031.0,32.79584585952446,5.5555555555555545,17,17,1,0,16,16,54973,1,0,0,1,1
2020-05-30,US,Virginia,Caroline,64,2,0,38.02679129,-77.34901405,51033.0,208.2994304312449,3.125,62,58,2,0,56,56,30772,6,0,0,6,2
2020-05-30,US,Virginia,Carroll,91,1,0,36.73066666,-80.73455942,51035.0,305.46138095397936,1.0989010989010992,90,90,1,0,89,88,29636,1,0,0,1,2
2020-05-30,US,Virginia,Charles City,27,1,0,37.35358063,-77.05634116,51036.0,387.76389487289964,3.703703703703704,26,27,1,0,26,27,6941,0,0,0,0,0
2020-05-30,US,Virginia,Charlotte,23,0,0,37.01909701,-78.66314092,51037.0,193.6026936026936,0.0,23,23,0,0,23,23,11938,0,0,0,0,0
2020-05-30,US,Virginia,Charlottesville,108,3,0,38.03527919,-78.48569588,51540.0,228.4940549232006,2.7777777777777777,105,105,3,0,102,102,48117,3,0,0,3,3
2020-05-30,US,Virginia,Chesapeake,520,15,0,36.67670048,-76.30545744,51550.0,212.3879347315539,2.8846153846153846,505,494,15,0,479,481,242634,26,0,0,26,13
2020-05-30,US,Virginia,Chesterfield,1461,35,0,37.37373208,-77.58680140000001,51041.0,414.11329867744513,2.3956194387405887,1426,1400,35,0,1365,1331,348556,61,0,0,61,69
2020-05-30,US,Virginia,Clarke,25,0,0,39.11271747,-77.99199425,51043.0,171.01032902387306,0.0,25,25,0,0,25,24,14523,0,0,0,0,1
2020-05-30,US,Virginia,Colonial Heights,91,17,0,37.26420587,-77.39609676,51570.0,523.8917674150835,18.68131868131868,74,86,17,0,69,86,17833,5,0,0,5,0
2020-05-30,US,Virginia,Covington,4,0,0,37.7824656,-79.98631446,51580.0,72.22824124232575,0.0,4,3,0,0,3,3,5460,1,0,0,1,0
2020-05-30,US,Virginia,Craig,5,0,0,37.48133648,-80.21072274,51045.0,97.44689144416292,0.0,5,5,0,0,5,5,5064,0,0,0,0,0
2020-05-30,US,Virginia,Culpeper,674,6,0,38.48199985,-77.95630870000002,51047.0,1281.2470297500238,0.8902077151335311,668,666,6,0,660,656,51859,8,0,0,8,10
2020-05-30,US,Virginia,Cumberland,37,0,0,37.51328851,-78.24398086,51049.0,372.53322593636733,0.0,37,35,0,0,35,32,9809,2,0,0,2,3
2020-05-30,US,Virginia,Danville,51,2,0,36.58022376,-79.40395668,51590.0,127.35990410548395,3.92156862745098,49,51,2,0,49,50,40693,0,0,0,0,1
2020-05-30,US,Virginia,Dinwiddie,77,0,0,37.07544585,-77.63451754,51053.0,269.75896860986546,0.0,77,71,0,0,71,68,28529,6,0,0,6,3
2020-05-30,US,Virginia,Emporia,78,5,0,36.69455571,-77.53406129,51595.0,1459.0347923681256,6.410256410256411,73,78,5,0,73,76,5121,0,0,0,0,2
2020-05-30,US,Virginia,Essex,46,0,0,37.93357639,-76.94230311,51057.0,419.9762622112663,0.0,46,46,0,0,46,46,10919,0,0,0,0,0
2020-05-30,US,Virginia,Fairfax,10906,383,0,38.83677558,-77.27565836,51059.0,950.3874401759604,3.5118283513662205,10523,10738,378,0,10360,10503,1150795,168,5,0,163,235
2020-05-30,US,Virginia,Fairfax,10906,383,0,38.83677558,-77.27565836,51059.0,950.3874401759604,3.5118283513662205,10523,10738,378,0,10360,10503,24574,168,5,0,163,235
2020-05-30,US,Virginia,Fairfax City,65,6,0,38.85157547,-77.29779640000002,51600.0,270.6190932178692,9.23076923076923,59,63,6,0,57,63,24574,2,0,0,2,0
2020-05-30,US,Virginia,Falls Church,55,8,0,38.88485255,-77.17560759,51610.0,376.27420127249087,14.545454545454545,47,55,8,0,47,53,14772,0,0,0,0,2
2020-05-30,US,Virginia,Fauquier,312,6,0,38.73564842,-77.80647472,51061.0,438.0668894442728,1.9230769230769231,306,308,6,0,302,303,70675,4,0,0,4,5
2020-05-30,US,Virginia,Floyd,6,0,0,36.9302126,-80.36738849,51063.0,38.097656994094855,0.0,6,6,0,0,6,5,15795,0,0,0,0,1
2020-05-30,US,Virginia,Fluvanna,91,6,0,37.84157909,-78.27715475,51065.0,333.70003667033365,6.593406593406592,85,90,6,0,84,88,26783,1,0,0,1,2
2020-05-30,US,Virginia,Franklin,36,1,0,36.99536167,-79.88023649,51067.0,64.23753613361407,2.7777777777777777,35,35,1,0,34,35,56195,1,0,0,1,0
2020-05-30,US,Virginia,Franklin,36,1,0,36.99536167,-79.88023649,51067.0,64.23753613361407,2.7777777777777777,35,35,1,0,34,35,8013,1,0,0,1,0
2020-05-30,US,Virginia,Franklin City,42,2,0,36.6831435,-76.93859681,51620.0,527.1745952052215,4.761904761904762,40,42,2,0,40,41,8013,0,0,0,0,1
2020-05-30,US,Virginia,Frederick,344,4,0,39.20172582,-78.25974949,51069.0,385.1622944028305,1.162790697674419,340,331,4,0,327,319,88355,13,0,0,13,12
2020-05-30,US,Virginia,Fredericksburg,158,0,0,38.2977863,-77.4922454,51630.0,544.1520870643341,0.0,158,147,0,0,147,142,29144,11,0,0,11,5
2020-05-30,US,Virginia,Galax,112,0,0,36.66601852,-80.91703124,51640.0,1764.613203088073,0.0,112,107,0,0,107,107,6423,5,0,0,5,0
2020-05-30,US,Virginia,Giles,5,0,0,37.31234791,-80.70636931,51071.0,29.90430622009569,0.0,5,5,0,0,5,5,16844,0,0,0,0,0
2020-05-30,US,Virginia,Gloucester,31,1,0,37.40809042,-76.53524337,51073.0,83.00310592267323,3.2258064516129035,30,30,1,0,29,30,37349,1,0,0,1,0
2020-05-30,US,Virginia,Goochland,96,6,0,37.71714806,-77.90381514,51075.0,404.159474592683,6.25,90,95,6,0,89,93,23244,1,0,0,1,2
2020-05-30,US,Virginia,Grayson,37,0,0,36.65677234,-81.23215889,51077.0,237.94212218649517,0.0,37,34,0,0,34,32,15631,3,0,0,3,2
2020-05-30,US,Virginia,Greene,34,1,0,38.29545894,-78.46525378,51079.0,171.55255058277407,2.9411764705882355,33,31,1,0,30,28,19779,3,0,0,3,3
2020-05-30,US,Virginia,Greensville,73,7,0,36.67878901,-77.56351439,51081.0,643.9661256175018,9.58904109589041,66,69,7,0,62,63,11627,4,0,0,4,6
2020-05-30,US,Virginia,Halifax,30,0,0,36.76654925,-78.93512622,51083.0,88.46686915750051,0.0,30,30,0,0,30,30,34120,0,0,0,0,0
2020-05-30,US,Virginia,Hampton,197,3,0,37.03513786,-76.35879121,51650.0,146.45751245260576,1.5228426395939083,194,192,3,0,189,190,134313,5,0,0,5,2
2020-05-30,US,Virginia,Hanover,322,24,0,37.7583355,-77.49464673,51085.0,298.79553848152483,7.453416149068322,298,320,24,0,296,316,107239,2,0,0,2,4
2020-05-30,US,Virginia,Harrisonburg,774,23,0,38.43542574,-78.87536254,51660.0,1459.9366229062923,2.9715762273901807,751,765,23,0,742,757,54033,9,0,0,9,8
2020-05-30,US,Virginia,Henrico,1754,133,0,37.53460572,-77.39326555,51087.0,530.2008959609211,7.58266818700114,1621,1678,133,0,1545,1624,329261,76,0,0,76,54
2020-05-30,US,Virginia,Henry,104,3,0,36.68542395,-79.87634026,51089.0,205.70840833119053,2.8846153846153846,101,99,3,0,96,95,50953,5,0,0,5,4
2020-05-30,US,Virginia,Highland,3,0,0,38.35799465,-79.56124594,51091.0,136.98630136986299,0.0,3,3,0,0,3,3,2210,0,0,0,0,0
2020-05-30,US,Virginia,Hopewell,87,0,0,37.29186313,-77.29754684,51670.0,386.1689378134848,0.0,87,85,0,0,85,81,22596,2,0,0,2,4
2020-05-30,US,Virginia,Isle of Wight,128,3,0,36.90579348,-76.70842863,51093.0,344.9298013958878,2.34375,125,127,3,0,124,126,36953,1,0,0,1,1
2020-05-30,US,Virginia,James City,202,15,0,37.31156958,-76.76950618,51095.0,263.972923173425,7.425742574257426,187,202,15,0,187,202,76397,0,0,0,0,0
2020-05-30,US,Virginia,King George,65,4,0,38.26818502,-77.15852768,51099.0,242.21195409151886,6.153846153846153,61,62,4,0,58,62,26575,3,0,0,3,0
2020-05-30,US,Virginia,King William,30,0,0,37.70965316,-77.09384941,51101.0,174.9475157452764,0.0,30,26,0,0,26,26,16939,4,0,0,4,0
2020-05-30,US,Virginia,King and Queen,10,1,0,37.71044922,-76.88689628,51097.0,142.34875444839858,10.0,9,10,1,0,9,10,7042,0,0,0,0,0
2020-05-30,US,Virginia,Lancaster,10,0,0,37.71889653,-76.46400482,51103.0,94.3129303027445,0.0,10,10,0,0,10,10,10783,0,0,0,0,0
2020-05-30,US,Virginia,Lee,9,0,0,36.70586667,-83.12606515,51105.0,38.42377150663877,0.0,9,9,0,0,9,9,23541,0,0,0,0,0
2020-05-30,US,Virginia,Lexington,7,0,0,37.78258621,-79.44262866,51678.0,94.010206822455,0.0,7,7,0,0,7,7,7136,0,0,0,0,0
2020-05-30,US,Virginia,Loudoun,2529,62,0,39.08990083,-77.63481877,51107.0,611.552021821453,2.4515618821668643,2467,2429,62,0,2367,2318,406850,100,0,0,100,111
2020-05-30,US,Virginia,Louisa,78,1,0,37.97850256,-77.96274807,51109.0,207.49647522013248,1.2820512820512822,77,76,1,0,75,76,36778,2,0,0,2,0
2020-05-30,US,Virginia,Lunenburg,13,0,0,36.94618528,-78.24133319,51111.0,106.59232535257462,0.0,13,12,0,0,12,11,12086,1,0,0,1,1
2020-05-30,US,Virginia,Lynchburg,80,1,0,37.40021399,-79.19888138,51680.0,97.36150326161035,1.25,79,80,1,0,79,80,82126,0,0,0,0,0
2020-05-30,US,Virginia,Madison,40,1,0,38.41531222,-78.28220331,51113.0,301.63637734710807,2.5,39,39,1,0,38,38,13295,1,0,0,1,1
2020-05-30,US,Virginia,Manassas,1046,10,0,38.7464321,-77.48509905,51683.0,2545.941341122064,0.9560229445506692,1036,1004,10,0,994,971,41641,42,0,0,42,33
2020-05-30,US,Virginia,Manassas Park,299,6,0,38.77058531,-77.44399307,51685.0,1710.7220505778696,2.0066889632107023,293,287,6,0,281,281,17307,12,0,0,12,6
2020-05-30,US,Virginia,Martinsville,31,1,0,36.68212094,-79.86352771,51690.0,246.93324836705432,3.2258064516129035,30,31,1,0,30,31,12902,0,0,0,0,0
2020-05-30,US,Virginia,Mathews,5,0,0,37.44164146,-76.34098896,51115.0,56.599501924383055,0.0,5,5,0,0,5,5,8802,0,0,0,0,0
2020-05-30,US,Virginia,Mecklenburg,217,21,0,36.67882005,-78.36131056,51117.0,709.4517278582405,9.677419354838712,196,214,21,0,193,214,30650,3,0,0,3,0
2020-05-30,US,Virginia,Middlesex,15,0,0,37.63191998,-76.55064617,51119.0,141.75014175014175,0.0,15,14,0,0,14,14,10769,1,0,0,1,0
2020-05-30,US,Virginia,Montgomery,73,1,0,37.17746986,-80.37868691,51121.0,74.0853503831126,1.3698630136986298,72,73,1,0,72,72,98985,0,0,0,0,1
2020-05-30,US,Virginia,Nelson,17,0,0,37.78790447,-78.88498513,51125.0,113.86470194239786,0.0,17,16,0,0,16,16,14836,1,0,0,1,0
2020-05-30,US,Virginia,New Kent,36,1,0,37.50694406,-76.99828634,51127.0,155.90489801221256,2.7777777777777777,35,36,1,0,35,36,22391,0,0,0,0,0
2020-05-30,US,Virginia,Newport News,258,10,0,37.08166899,-76.51754109,51700.0,143.95313153856884,3.875968992248062,248,257,10,0,247,257,178626,1,0,0,1,0
2020-05-30,US,Virginia,Norfolk,490,6,0,36.89934014,-76.26420872,51710.0,201.86041146567138,1.2244897959183674,484,470,6,0,464,452,244076,20,0,0,20,18
2020-05-30,US,Virginia,Northampton,230,20,0,37.34062933,-75.87751591,51131.0,1964.133219470538,8.695652173913043,210,228,20,0,208,227,11735,2,0,0,2,1
2020-05-30,US,Virginia,Northumberland,25,1,0,37.89202088,-76.41949732,51133.0,206.69698222405952,4.0,24,25,1,0,24,25,12147,0,0,0,0,0
2020-05-30,US,Virginia,Norton,2,0,0,36.93357076,-82.62750411,51720.0,50.23863350916855,0.0,2,2,0,0,2,2,3968,0,0,0,0,0
2020-05-30,US,Virginia,Nottoway,28,0,0,37.1435975,-78.05065922,51135.0,183.82352941176467,0.0,28,25,0,0,25,24,15420,3,0,0,3,1
2020-05-30,US,Virginia,Orange,101,1,0,38.24530219,-78.01560400000002,51137.0,272.5972308439719,0.99009900990099,100,97,1,0,96,92,36644,4,0,0,4,5
2020-05-30,US,Virginia,Page,219,21,0,38.61807452,-78.48797204,51139.0,916.2413187180988,9.58904109589041,198,214,21,0,193,213,23933,5,0,0,5,1
2020-05-30,US,Virginia,Patrick,18,0,0,36.680163799999995,-80.2865648,51141.0,102.22626079054973,0.0,18,18,0,0,18,18,17673,0,0,0,0,0
2020-05-30,US,Virginia,Petersburg,127,3,0,37.20530399,-77.39368102,51730.0,405.15536272570665,2.3622047244094486,124,118,3,0,115,112,31567,9,0,0,9,6
2020-05-30,US,Virginia,Pittsylvania,40,1,0,36.81980341,-79.39731264,51143.0,66.27564038837525,2.5,39,39,1,0,38,38,60949,1,0,0,1,1
2020-05-30,US,Virginia,Poquoson,7,0,0,37.14259351,-76.35798148,51735.0,57.045065601825435,0.0,7,7,0,0,7,7,12190,0,0,0,0,0
2020-05-30,US,Virginia,Portsmouth,307,11,0,36.85914825,-76.35971629,51740.0,325.2187546346321,3.5830618892508137,296,294,11,0,283,284,94632,13,0,0,13,10
2020-05-30,US,Virginia,Powhatan,32,0,0,37.55016038,-77.91267882,51145.0,107.91852151625523,0.0,32,32,0,0,32,30,29189,0,0,0,0,2
2020-05-30,US,Virginia,Prince Edward,134,2,0,37.22554789,-78.43597949,51147.0,587.6677484431191,1.492537313432836,132,129,2,0,127,129,22950,5,0,0,5,0
2020-05-30,US,Virginia,Prince George,126,0,0,37.18497668,-77.22922187,51149.0,328.5271034860376,0.0,126,121,0,0,121,81,38082,5,0,0,5,40
2020-05-30,US,Virginia,Prince William,5412,104,0,38.70916224,-77.48713689,51153.0,1150.66920386533,1.921655580192165,5308,5270,101,0,5169,5157,468011,142,3,0,139,113
2020-05-30,US,Virginia,Pulaski,19,0,0,37.06474963,-80.71229738,51155.0,55.83801099127164,0.0,19,19,0,0,19,18,34066,0,0,0,0,1
2020-05-30,US,Virginia,Radford,6,0,0,37.12222899,-80.56027320000003,51750.0,32.878513891172126,0.0,6,6,0,0,6,6,18339,0,0,0,0,0
2020-05-30,US,Virginia,Rappahannock,13,0,0,38.68295619,-78.15826963,51157.0,176.39077340569878,0.0,13,13,0,0,13,13,7252,0,0,0,0,0
2020-05-30,US,Virginia,Richmond,275,4,0,37.937575,-76.72920628,51159.0,3047.766818131442,1.4545454545454546,271,276,4,0,272,275,9038,-1,0,0,-1,1
2020-05-30,US,Virginia,Richmond City,1249,24,0,37.53255773,-77.47966921,51760.0,542.0160044437501,1.9215372297838271,1225,1202,22,0,1180,1133,228783,47,2,0,45,69
2020-05-30,US,Virginia,Roanoke,104,7,0,37.26865804,-80.06396753,51161.0,110.41980761471982,6.730769230769232,97,102,7,0,95,97,94073,2,0,0,2,5
2020-05-30,US,Virginia,Roanoke City,155,9,0,37.27791025,-79.96189766,51770.0,156.3398323633539,5.806451612903227,146,152,9,0,143,147,99920,3,0,0,3,5
2020-05-30,US,Virginia,Rockbridge,18,0,0,37.81204314,-79.44605905,51163.0,79.74128383466973,0.0,18,16,0,0,16,16,22752,2,0,0,2,0
2020-05-30,US,Virginia,Rockingham,511,6,0,38.51006137,-78.87260325,51165.0,623.5661639088203,1.1741682974559686,505,505,6,0,499,490,81244,6,0,0,6,15
2020-05-30,US,Virginia,Russell,8,0,0,36.93028320000001,-82.10095486,51167.0,30.091025351688856,0.0,8,8,0,0,8,8,26748,0,0,0,0,0
2020-05-30,US,Virginia,Salem,34,3,0,37.2836193,-80.06219455,51775.0,134.3820402355638,8.823529411764708,31,34,3,0,31,32,25643,0,0,0,0,2
2020-05-30,US,Virginia,Scott,7,2,0,36.71466456,-82.60171704,51169.0,32.458499489937864,28.57142857142857,5,7,2,0,5,7,21534,0,0,0,0,0
2020-05-30,US,Virginia,Shenandoah,444,21,0,38.85905135,-78.56813762,51171.0,1017.9750550256787,4.729729729729731,423,429,21,0,408,414,43497,15,0,0,15,15
2020-05-30,US,Virginia,Smyth,15,0,0,36.84455636,-81.53344948,51173.0,49.827265479670466,0.0,15,15,0,0,15,15,30472,0,0,0,0,0
2020-05-30,US,Virginia,Southampton,146,2,0,36.72231125,-77.10642712,51175.0,828.0868924054222,1.3698630136986298,144,146,2,0,144,146,17586,0,0,0,0,0
2020-05-30,US,Virginia,Spotsylvania,524,7,0,38.18574462,-77.655399,51177.0,384.68597437873945,1.3358778625954195,517,500,7,0,493,487,134238,24,0,0,24,13
2020-05-30,US,Virginia,Stafford,702,4,0,38.41758738,-77.45917053,51179.0,459.1776664355516,0.5698005698005698,698,681,4,0,677,672,149960,21,0,0,21,9
2020-05-30,US,Virginia,Staunton,39,0,0,38.15965544,-79.05979937,51790.0,156.42547729825125,0.0,39,36,0,0,36,36,24922,3,0,0,3,0
2020-05-30,US,Virginia,Suffolk,314,32,0,36.70155394,-76.63603554,51800.0,340.90415599079336,10.19108280254777,282,311,32,0,279,308,91185,3,0,0,3,3
2020-05-30,US,Virginia,Surry,10,1,0,37.11781893,-76.88450012,51181.0,155.71473061351602,10.0,9,10,1,0,9,9,6474,0,0,0,0,1
2020-05-30,US,Virginia,Sussex,154,2,0,36.92432914,-77.25791182,51183.0,1380.051975983511,1.2987012987012987,152,151,2,0,149,142,11237,3,0,0,3,9
2020-05-30,US,Virginia,Tazewell,7,0,0,37.12191123,-81.56685568,51185.0,17.243502894445133,0.0,7,7,0,0,7,7,40855,0,0,0,0,0
2020-05-30,US,Virginia,Virginia Beach,699,23,0,36.73285734,-76.04566934,51810.0,155.34230866672297,3.2904148783977116,676,680,23,0,657,662,450189,19,0,0,19,18
2020-05-30,US,Virginia,Warren,155,2,0,38.90847745,-78.20280433,51187.0,385.9177372771636,1.2903225806451613,153,146,2,0,144,141,40003,9,0,0,9,5
2020-05-30,US,Virginia,Washington,51,4,0,36.72341572,-81.95666289,51191.0,94.90137700037216,7.84313725490196,47,51,4,0,47,51,54402,0,0,0,0,0
2020-05-30,US,Virginia,Waynesboro,43,0,0,38.06451466,-78.90293905,51820.0,190.01325673884224,0.0,43,41,0,0,41,41,22628,2,0,0,2,0
2020-05-30,US,Virginia,Westmoreland,63,1,0,38.11021557,-76.80213247,51193.0,349.7085761865112,1.5873015873015872,62,63,1,0,62,63,17830,0,0,0,0,0
2020-05-30,US,Virginia,Williamsburg,44,4,0,37.28131268,-76.70905141,51830.0,294.23565601176944,9.090909090909092,40,44,4,0,40,44,14896,0,0,0,0,0
2020-05-30,US,Virginia,Winchester,187,2,0,39.17054517,-78.17325058,51840.0,666.0018519837596,1.0695187165775402,185,176,2,0,174,168,28108,11,0,0,11,8
2020-05-30,US,Virginia,Wise,24,2,0,36.9746148,-82.62410519,51195.0,64.20030495144853,8.333333333333334,22,24,2,0,22,24,38012,0,0,0,0,0
2020-05-30,US,Virginia,Wythe,21,1,0,36.91582035,-81.07834059,51197.0,73.21154650676337,4.761904761904762,20,21,1,0,20,21,28754,0,0,0,0,0
2020-05-30,US,Virginia,York,72,3,0,37.24374789,-76.54412815,51199.0,105.44815465729349,4.166666666666667,69,72,3,0,69,72,67846,0,0,0,0,0
2020-05-30,US,Washington,Adams,62,0,0,46.98299757,-118.56017340000001,53001.0,310.26372416554074,0.0,62,59,0,0,59,54,19759,3,0,0,3,5
2020-05-30,US,Washington,Asotin,19,2,0,46.18894415,-117.2022851,53003.0,84.13780887432469,10.526315789473683,17,19,2,0,17,19,22610,0,0,0,0,0
2020-05-30,US,Washington,Benton,776,62,0,46.23946995,-119.51208340000001,53005.0,379.6663241841577,7.9896907216494855,714,757,62,0,695,742,201877,19,0,0,19,15
2020-05-30,US,Washington,Chelan,246,6,0,47.87046092,-120.6173956,53007.0,318.6528497409326,2.4390243902439024,240,244,6,0,238,238,77036,2,0,0,2,6
2020-05-30,US,Washington,Clallam,25,0,0,48.04754642,-123.92263190000001,53009.0,32.328561637635616,0.0,25,25,0,0,25,25,76737,0,0,0,0,0
2020-05-30,US,Washington,Clark,509,22,0,45.77568046,-122.48292040000001,53011.0,104.25179368385695,4.322200392927308,487,477,22,0,455,449,481857,32,0,0,32,28
2020-05-30,US,Washington,Columbia,1,0,0,46.29442881,-117.9051983,53013.0,25.094102885821833,0.0,1,1,0,0,1,1,4059,0,0,0,0,0
2020-05-30,US,Washington,Cowlitz,73,0,0,46.19074721,-122.6782231,53015.0,66.00779434503087,0.0,73,73,0,0,73,73,108987,0,0,0,0,0
2020-05-30,US,Washington,Douglas,169,3,0,47.7361335,-119.69293700000001,53017.0,389.1408966358885,1.7751479289940828,166,167,3,0,164,164,42907,2,0,0,2,3
2020-05-30,US,Washington,Ferry,1,0,0,48.471143100000006,-118.5154041,53019.0,13.111315064901008,0.0,1,1,0,0,1,1,7649,0,0,0,0,0
2020-05-30,US,Washington,Franklin,549,20,0,46.53351425,-118.9018212,53021.0,576.5474365167712,3.6429872495446265,529,535,20,0,515,523,94347,14,0,0,14,12
2020-05-30,US,Washington,Grant,203,4,0,47.20753737,-119.4500749,53025.0,207.70875753327942,1.9704433497536944,199,202,4,0,198,198,97331,1,0,0,1,4
2020-05-30,US,Washington,Grays Harbor,16,0,0,47.14003705,-123.7820567,53027.0,21.315996322990635,0.0,16,16,0,0,16,16,73901,0,0,0,0,0
2020-05-30,US,Washington,Island,178,11,0,48.14713305,-122.5216407,53029.0,209.0649628263704,6.179775280898878,167,178,11,0,167,177,84460,0,0,0,0,1
2020-05-30,US,Washington,Jefferson,30,0,0,47.75003077,-123.56097040000002,53031.0,93.106979919928,0.0,30,30,0,0,30,30,31729,0,0,0,0,0
2020-05-30,US,Washington,King,7993,567,0,47.49137892,-121.8346131,53033.0,354.80574684989494,7.093706993619418,7426,7949,564,0,7385,7923,2233163,44,3,0,41,26
2020-05-30,US,Washington,Kitsap,161,2,0,47.63479026,-122.6436061,53035.0,59.306082004471904,1.2422360248447204,159,161,2,0,159,161,269805,0,0,0,0,0
2020-05-30,US,Washington,Kittitas,87,0,0,47.12521214,-120.67943899999999,53037.0,181.49577552936267,0.0,87,83,0,0,83,80,47364,4,0,0,4,3
2020-05-30,US,Washington,Klickitat,24,3,0,45.87325839,-120.7913598,53039.0,107.02341137123744,12.5,21,24,3,0,21,24,22107,0,0,0,0,0
2020-05-30,US,Washington,Lewis,36,3,0,46.57756476,-122.39257690000001,53041.0,44.60579627541601,8.333333333333334,33,35,3,0,32,35,79604,1,0,0,1,0
2020-05-30,US,Washington,Lincoln,2,0,0,47.57705241,-118.41943880000001,53043.0,18.283206874485785,0.0,2,2,0,0,2,2,10740,0,0,0,0,0
2020-05-30,US,Washington,Mason,35,1,0,47.35007586,-123.1863685,53045.0,52.42032111190989,2.8571428571428568,34,35,1,0,34,34,65507,0,0,0,0,1
2020-05-30,US,Washington,Okanogan,46,1,0,48.54855019,-119.73872240000001,53047.0,108.89378121819,2.1739130434782608,45,47,1,0,46,47,42132,-1,0,0,-1,0
2020-05-30,US,Washington,Pacific,9,1,0,46.55418369,-123.7285716,53049.0,40.05162209069467,11.111111111111109,8,9,1,0,8,9,22036,0,0,0,0,0
2020-05-30,US,Washington,Pend Oreille,3,0,0,48.53234021,-117.2741804,53051.0,21.85951617604197,0.0,3,3,0,0,3,3,13602,0,0,0,0,0
2020-05-30,US,Washington,Pierce,1922,79,0,47.03892768,-122.14059579999999,53053.0,212.38038409688613,4.1103017689906345,1843,1909,78,0,1831,1884,891299,13,1,0,12,25
2020-05-30,US,Washington,San Juan,15,0,0,48.60182783,-122.96745,53055.0,85.31452621999773,0.0,15,15,0,0,15,15,17128,0,0,0,0,0
2020-05-30,US,Washington,Skagit,432,15,0,48.48171488,-121.766131,53057.0,334.35238574358584,3.4722222222222223,417,430,15,0,415,428,128206,2,0,0,2,2
2020-05-30,US,Washington,Skamania,3,0,0,46.02408726,-121.91644029999999,53059.0,24.828271124720683,0.0,3,3,0,0,3,3,11924,0,0,0,0,0
2020-05-30,US,Washington,Snohomish,2956,148,0,48.04615983,-121.7170703,53061.0,359.57439820553395,5.006765899864681,2808,2945,147,0,2798,2937,814901,11,1,0,10,8
2020-05-30,US,Washington,Spokane,582,32,0,47.62113146,-117.4046494,53063.0,111.324067804391,5.498281786941581,550,555,32,0,523,531,514631,27,0,0,27,24
2020-05-30,US,Washington,Stevens,11,1,0,48.40035475,-117.8542701,53065.0,24.057913960151343,9.090909090909092,10,11,1,0,10,11,45260,0,0,0,0,0
2020-05-30,US,Washington,Thurston,135,2,0,46.9291895,-122.82906559999999,53067.0,46.46584244293307,1.4814814814814814,133,133,1,0,132,132,286419,2,1,0,1,1
2020-05-30,US,Washington,Unassigned,61,0,0,0.0,0.0,90053.0,0.0,0.0,61,58,0,0,58,53,,3,0,0,3,5
2020-05-30,US,Washington,Wahkiakum,4,0,0,46.29180039999999,-123.4250831,53069.0,89.12655971479502,0.0,4,4,0,0,4,4,4426,0,0,0,0,0
2020-05-30,US,Washington,Walla Walla,109,2,0,46.23040051,-118.4775539,53071.0,179.3943383805135,1.834862385321101,107,108,2,0,106,108,60922,1,0,0,1,0
2020-05-30,US,Washington,Whatcom,392,36,0,48.82227976,-121.74900179999999,53073.0,170.99460407333575,9.183673469387756,356,383,36,0,347,383,225685,9,0,0,9,0
2020-05-30,US,Washington,Whitman,16,0,0,46.90022523,-117.52417630000001,53075.0,31.93357815743254,0.0,16,16,0,0,16,16,49791,0,0,0,0,0
2020-05-30,US,Washington,Yakima,3458,95,0,46.45738486,-120.73801259999999,53077.0,1378.3866737353162,2.7472527472527477,3363,3369,94,0,3275,3231,251446,89,1,0,88,138
2020-05-30,US,West Virginia,Barbour,9,1,0,39.1307219,-80.00350858,54001.0,54.741195791010284,11.111111111111109,8,9,1,0,8,9,16535,0,0,0,0,0
2020-05-30,US,West Virginia,Berkeley,307,6,0,39.46704621,-78.02414609,54003.0,257.6130098765639,1.954397394136808,301,301,6,0,295,298,117123,6,0,0,6,3
2020-05-30,US,West Virginia,Boone,9,0,0,38.01974191,-81.69888019,54005.0,41.94435382392693,0.0,9,10,0,0,10,10,21951,-1,0,0,-1,0
2020-05-30,US,West Virginia,Braxton,2,0,0,38.70036159,-80.72011184,54007.0,14.329727018700293,0.0,2,2,0,0,2,2,14089,0,0,0,0,0
2020-05-30,US,West Virginia,Brooke,5,0,0,40.27367263,-80.57915332,54009.0,22.79046446966589,0.0,5,4,0,0,4,4,22203,1,0,0,1,0
2020-05-30,US,West Virginia,Cabell,64,0,0,38.42424062,-82.23855912,54011.0,69.60683017021046,0.0,64,61,0,0,61,61,93224,3,0,0,3,0
2020-05-30,US,West Virginia,Calhoun,2,0,0,38.84315422,-81.11934872,54013.0,28.133352088901397,0.0,2,2,0,0,2,2,7254,0,0,0,0,0
2020-05-30,US,West Virginia,Clay,4,0,0,38.46231092,-81.07652217,54015.0,47.0145745181006,0.0,4,2,0,0,2,2,8632,2,0,0,2,0
2020-05-30,US,West Virginia,Fayette,46,4,0,38.02974928,-81.08286634,54019.0,108.47521577135309,8.695652173913043,42,46,3,0,43,46,43018,0,1,0,-1,0
2020-05-30,US,West Virginia,Gilmer,10,0,0,38.9251277,-80.85952723,54021.0,127.82819890067749,0.0,10,10,0,0,10,10,8026,0,0,0,0,0
2020-05-30,US,West Virginia,Grant,12,0,0,39.10314817,-79.19440518,54023.0,103.73443983402491,0.0,12,11,0,0,11,11,11626,1,0,0,1,0
2020-05-30,US,West Virginia,Greenbrier,9,0,0,37.9463652,-80.45335881,54025.0,25.965033754543878,0.0,9,9,0,0,9,9,34786,0,0,0,0,0
2020-05-30,US,West Virginia,Hampshire,28,1,0,39.32103553,-78.60826476,54027.0,120.81984897518879,3.571428571428572,27,29,1,0,28,29,23347,-1,0,0,-1,0
2020-05-30,US,West Virginia,Hancock,18,0,0,40.51943859,-80.57461608,54029.0,62.4783061437001,0.0,18,17,0,0,17,17,29094,1,0,0,1,0
2020-05-30,US,West Virginia,Hardy,39,0,0,39.00683177,-78.85855301,54031.0,283.1010452961673,0.0,39,38,0,0,38,38,13775,1,0,0,1,0
2020-05-30,US,West Virginia,Harrison,40,1,0,39.2853852,-80.37919577,54033.0,59.47424765076722,2.5,39,41,1,0,40,40,67554,-1,0,0,-1,1
2020-05-30,US,West Virginia,Jackson,137,18,0,38.84263974,-81.68148753,54035.0,479.42329227323626,13.138686131386864,119,135,18,0,117,135,28706,2,0,0,2,0
2020-05-30,US,West Virginia,Jefferson,180,1,0,39.30776166,-77.86014147,54037.0,314.9826759528226,0.5555555555555556,179,172,1,0,171,168,56811,8,0,0,8,4
2020-05-30,US,West Virginia,Kanawha,226,18,0,38.33860077,-81.52857054,54039.0,126.87790527946824,7.9646017699115035,208,220,18,0,202,218,180454,6,0,0,6,2
2020-05-30,US,West Virginia,Lewis,8,1,0,38.9947249,-80.49988181,54041.0,50.292324134029045,12.5,7,7,1,0,6,6,16024,1,0,0,1,1
2020-05-30,US,West Virginia,Lincoln,6,0,0,38.172154,-82.07017953,54043.0,29.39879464941937,0.0,6,5,0,0,5,5,20599,1,0,0,1,0
2020-05-30,US,West Virginia,Logan,17,1,0,37.8299889,-81.93528571,54045.0,53.093475748774175,5.882352941176472,16,17,1,0,16,17,32607,0,0,0,0,0
2020-05-30,US,West Virginia,Marion,50,2,0,39.50984542,-80.24244659,54049.0,89.17106577257813,4.0,48,50,2,0,48,51,56097,0,0,0,0,-1
2020-05-30,US,West Virginia,Marshall,29,0,0,39.86064362,-80.66591062,54051.0,94.98542465035536,0.0,29,28,0,0,28,28,30785,1,0,0,1,0
2020-05-30,US,West Virginia,Mason,15,0,0,38.77071799,-82.02524219,54053.0,56.569618343641565,0.0,15,15,0,0,15,15,26718,0,0,0,0,0
2020-05-30,US,West Virginia,McDowell,6,0,0,37.38002939,-81.65083669,54047.0,34.04448479346346,0.0,6,6,0,0,6,6,18223,0,0,0,0,0
2020-05-30,US,West Virginia,Mercer,13,0,0,37.40481169,-81.11023142,54055.0,22.124646856598247,0.0,13,13,0,0,13,13,59131,0,0,0,0,0
2020-05-30,US,West Virginia,Mineral,44,1,0,39.41561583,-78.94104895,54057.0,163.7635849337502,2.272727272727273,43,45,1,0,44,44,26940,-1,0,0,-1,1
2020-05-30,US,West Virginia,Mingo,6,1,0,37.73048351,-82.13338365,54059.0,25.614754098360656,16.666666666666668,5,7,1,0,6,6,23785,-1,0,0,-1,1
2020-05-30,US,West Virginia,Monongalia,133,5,0,39.63218457,-80.04766838,54061.0,125.93265916751885,3.7593984962406015,128,132,5,0,127,131,106420,1,0,0,1,1
2020-05-30,US,West Virginia,Monroe,7,0,0,37.56274716,-80.54577965,54063.0,52.730696798493405,0.0,7,7,0,0,7,7,13280,0,0,0,0,0
2020-05-30,US,West Virginia,Morgan,18,0,0,39.55439028,-78.26311676,54065.0,100.64862446879893,0.0,18,18,0,0,18,18,17787,0,0,0,0,0
2020-05-30,US,West Virginia,Nicholas,8,1,0,38.29617706,-80.79759588,54067.0,32.65839320705421,12.5,7,8,1,0,7,8,24842,0,0,0,0,0
2020-05-30,US,West Virginia,Ohio,41,1,0,40.0955451,-80.62203992,54069.0,99.00751008186229,2.4390243902439024,40,41,1,0,40,41,41755,0,0,0,0,0
2020-05-30,US,West Virginia,Pendleton,12,0,0,38.68314479,-79.35084086,54071.0,172.19113215669393,0.0,12,11,0,0,11,11,6997,1,0,0,1,0
2020-05-30,US,West Virginia,Pleasants,4,0,0,39.37091679,-81.16771771,54073.0,53.61930294906166,0.0,4,4,0,0,4,4,7507,0,0,0,0,0
2020-05-30,US,West Virginia,Pocahontas,21,0,0,38.32758728,-80.00993811,54075.0,254.63805020007274,0.0,21,19,0,0,19,18,8414,2,0,0,2,1
2020-05-30,US,West Virginia,Preston,25,1,0,39.46770987,-79.66712803,54077.0,74.77865518066524,4.0,24,22,1,0,21,22,33839,3,0,0,3,0
2020-05-30,US,West Virginia,Putnam,35,0,0,38.50782345,-81.9082131,54079.0,62.001771479185116,0.0,35,35,0,0,35,35,56682,0,0,0,0,0
2020-05-30,US,West Virginia,Raleigh,16,0,0,37.76936795,-81.2456041,54081.0,21.80995351753657,0.0,16,16,0,0,16,16,74254,0,0,0,0,0
2020-05-30,US,West Virginia,Randolph,129,0,0,38.769899,-79.87919615,54083.0,449.55567171981176,0.0,129,126,0,0,126,123,28823,3,0,0,3,3
2020-05-30,US,West Virginia,Ritchie,1,0,0,39.18094587,-81.06356878,54085.0,10.466820180029307,0.0,1,1,0,0,1,1,9721,0,0,0,0,0
2020-05-30,US,West Virginia,Roane,9,0,0,38.71622686,-81.35243568,54087.0,65.7510227936879,0.0,9,9,0,0,9,9,13932,0,0,0,0,0
2020-05-30,US,West Virginia,Summers,1,0,0,37.65390597,-80.86009693,54089.0,7.953551260637875,0.0,1,1,0,0,1,1,12760,0,0,0,0,0
2020-05-30,US,West Virginia,Taylor,8,0,0,39.33602617,-80.0421439,54091.0,47.91853848457622,0.0,8,8,0,0,8,8,16862,0,0,0,0,0
2020-05-30,US,West Virginia,Tucker,4,0,0,39.11240885,-79.57053576,54093.0,58.488083053077936,0.0,4,4,0,0,4,4,6955,0,0,0,0,0
2020-05-30,US,West Virginia,Tyler,3,0,0,39.46811972,-80.88772676,54095.0,34.920265394016994,0.0,3,3,0,0,3,3,8746,0,0,0,0,0
2020-05-30,US,West Virginia,Upshur,7,0,0,38.89285061,-80.23689136,54097.0,28.95433487756453,0.0,7,7,0,0,7,7,24415,0,0,0,0,0
2020-05-30,US,West Virginia,Wayne,98,9,0,38.14901357,-82.42287994,54099.0,248.71833917060047,9.183673469387756,89,98,9,0,89,98,39944,0,0,0,0,0
2020-05-30,US,West Virginia,Wetzel,8,0,0,39.6065771,-80.64016540000001,54103.0,53.103219382675064,0.0,8,8,0,0,8,8,15270,0,0,0,0,0
2020-05-30,US,West Virginia,Wirt,4,0,0,39.02775007,-81.37473928,54105.0,68.7167153410067,0.0,4,4,0,0,4,4,5830,0,0,0,0,0
2020-05-30,US,West Virginia,Wood,53,2,0,39.20967886,-81.5162836,54107.0,63.45937402715583,3.7735849056603774,51,54,2,0,52,54,84203,-1,0,0,-1,0
2020-05-30,US,West Virginia,Wyoming,3,0,0,37.612327,-81.54511071,54109.0,14.710208884966164,0.0,3,3,0,0,3,3,20786,0,0,0,0,0
2020-05-30,US,Wisconsin,Adams,4,1,0,43.96974651,-89.76782777,55001.0,19.782393669634022,25.0,3,4,1,0,3,4,20348,0,0,0,0,0
2020-05-30,US,Wisconsin,Ashland,2,0,0,46.31956891,-90.67837132,55003.0,12.851818532322323,0.0,2,2,0,0,2,2,15600,0,0,0,0,0
2020-05-30,US,Wisconsin,Barron,17,0,0,45.42372701,-91.84833627,55005.0,37.574042967023246,0.0,17,15,0,0,15,14,45164,2,0,0,2,1
2020-05-30,US,Wisconsin,Bayfield,3,1,0,46.52868768,-91.19716729,55007.0,19.952114924181963,33.333333333333336,2,3,1,0,2,3,15042,0,0,0,0,0
2020-05-30,US,Wisconsin,Brown,2318,37,0,44.452655299999996,-88.00411844,55009.0,876.2313734681071,1.5962036238136323,2281,2308,35,0,2273,2300,263378,10,2,0,8,8
2020-05-30,US,Wisconsin,Buffalo,6,1,0,44.37835084,-91.75332578,55011.0,46.04404880669172,16.666666666666668,5,5,1,0,4,5,13125,1,0,0,1,0
2020-05-30,US,Wisconsin,Burnett,1,1,0,45.86303537,-92.36711412,55013.0,6.487608667445179,100.0,0,1,1,0,0,1,15392,0,0,0,0,0
2020-05-30,US,Wisconsin,Calumet,76,1,0,44.0816316,-88.21780273,55015.0,151.72992074108092,1.3157894736842106,75,75,1,0,74,74,50159,1,0,0,1,1
2020-05-30,US,Wisconsin,Chippewa,56,0,0,45.06939744,-91.28068855,55017.0,86.60954560920536,0.0,56,55,0,0,55,53,64135,1,0,0,1,2
2020-05-30,US,Wisconsin,Clark,31,4,0,44.73483377,-90.61207486,55019.0,89.14706389831483,12.903225806451614,27,32,4,0,28,32,34709,-1,0,0,-1,0
2020-05-30,US,Wisconsin,Columbia,44,1,0,43.46492199,-89.33589004,55021.0,76.47917680595147,2.272727272727273,43,43,1,0,42,42,57358,1,0,0,1,1
2020-05-30,US,Wisconsin,Crawford,26,0,0,43.23870316,-90.93073686,55023.0,161.18033599900812,0.0,26,26,0,0,26,26,16291,0,0,0,0,0
2020-05-30,US,Wisconsin,Dane,725,29,0,43.06601594,-89.41733797,55025.0,132.61507787706122,4.0,696,705,27,0,678,679,542364,20,2,0,18,26
2020-05-30,US,Wisconsin,Dodge,215,2,0,43.41576662,-88.70928178,55027.0,244.76599232687082,0.9302325581395348,213,180,1,0,179,172,87847,35,1,0,34,8
2020-05-30,US,Wisconsin,Door,38,3,0,44.95856458,-87.30002707,55029.0,137.34277866126934,7.894736842105262,35,38,3,0,35,38,27610,0,0,0,0,0
2020-05-30,US,Wisconsin,Douglas,19,0,0,46.43222285,-91.91595768,55031.0,44.0324449594438,0.0,19,19,0,0,19,19,43208,0,0,0,0,0
2020-05-30,US,Wisconsin,Dunn,24,0,0,44.94562799,-91.8962481,55033.0,52.90072297654736,0.0,24,24,0,0,24,24,45131,0,0,0,0,0
2020-05-30,US,Wisconsin,Eau Claire,108,0,0,44.726614,-91.28609183,55035.0,103.20509145117826,0.0,108,107,0,0,107,99,104534,1,0,0,1,8
2020-05-30,US,Wisconsin,Florence,2,0,0,45.84963535,-88.39804137,55037.0,46.56577415599534,0.0,2,2,0,0,2,2,4321,0,0,0,0,0
2020-05-30,US,Wisconsin,Fond du Lac,203,5,0,43.75354908,-88.48885325,55039.0,196.3192557275901,2.4630541871921183,198,194,5,0,189,192,103066,9,0,0,9,2
2020-05-30,US,Wisconsin,Forest,28,1,0,45.66678019,-88.77084892,55041.0,310.9729009329187,3.571428571428572,27,28,1,0,27,26,8991,0,0,0,0,2
2020-05-30,US,Wisconsin,Grant,95,12,0,42.8671731,-90.7063218,55043.0,184.68477225451502,12.63157894736842,83,94,12,0,82,93,51554,1,0,0,1,1
2020-05-30,US,Wisconsin,Green,66,0,0,42.6794956,-89.60243287,55045.0,178.5714285714286,0.0,66,65,0,0,65,60,36929,1,0,0,1,5
2020-05-30,US,Wisconsin,Green Lake,19,0,0,43.80025981,-89.04679553,55047.0,100.46000105747368,0.0,19,18,0,0,18,16,18918,1,0,0,1,2
2020-05-30,US,Wisconsin,Iowa,16,0,0,43.00050278,-90.13469017,55049.0,67.57327476982853,0.0,16,15,0,0,15,14,23771,1,0,0,1,1
2020-05-30,US,Wisconsin,Iron,2,1,0,46.26302338,-90.24295041,55051.0,35.16792685071215,50.0,1,2,1,0,1,2,5676,0,0,0,0,0
2020-05-30,US,Wisconsin,Jackson,17,1,0,44.31864893,-90.80566792,55053.0,82.35237126386669,5.882352941176472,16,16,1,0,15,15,20478,1,0,0,1,1
2020-05-30,US,Wisconsin,Jefferson,104,3,0,43.02054068,-88.77529134,55055.0,122.68635940025246,2.8846153846153846,101,101,3,0,98,96,85129,3,0,0,3,5
2020-05-30,US,Wisconsin,Juneau,23,1,0,43.92456975,-90.11120239,55057.0,86.18428448308167,4.3478260869565215,22,23,1,0,22,22,26617,0,0,0,0,1
2020-05-30,US,Wisconsin,Kenosha,1165,30,0,42.57639354,-88.04051686,55059.0,687.0683706748604,2.5751072961373387,1135,1131,27,0,1104,1088,169290,34,3,0,31,43
2020-05-30,US,Wisconsin,Kewaunee,34,1,0,44.51727459,-87.61468386,55061.0,166.38935108153078,2.9411764705882355,33,34,1,0,33,34,20383,0,0,0,0,0
2020-05-30,US,Wisconsin,La Crosse,53,0,0,43.90632465,-91.11451093,55063.0,44.90916485900217,0.0,53,53,0,0,53,51,118230,0,0,0,0,2
2020-05-30,US,Wisconsin,Lafayette,27,0,0,42.66005229,-90.1317729,55065.0,162.01620162016198,0.0,27,27,0,0,27,26,16665,0,0,0,0,1
2020-05-30,US,Wisconsin,Langlade,2,0,0,45.26271619,-89.07483625,55067.0,10.422637969670124,0.0,2,2,0,0,2,2,19268,0,0,0,0,0
2020-05-30,US,Wisconsin,Lincoln,7,0,0,45.33737523,-89.73411273,55069.0,25.3687529445874,0.0,7,7,0,0,7,7,27689,0,0,0,0,0
2020-05-30,US,Wisconsin,Manitowoc,36,1,0,44.11946801,-87.80928853,55071.0,45.58058267178182,2.7777777777777777,35,36,1,0,35,36,79074,0,0,0,0,0
2020-05-30,US,Wisconsin,Marathon,51,1,0,44.89792533,-89.75863384,55073.0,37.585119240633205,1.96078431372549,50,46,1,0,45,43,135428,5,0,0,5,3
2020-05-30,US,Wisconsin,Marinette,33,2,0,45.38553432,-88.03324599999998,55075.0,81.78438661710037,6.0606060606060606,31,33,2,0,31,33,40434,0,0,0,0,0
2020-05-30,US,Wisconsin,Marquette,4,1,0,43.81911946,-89.40073763,55077.0,25.68383202773854,25.0,3,3,1,0,2,3,15434,1,0,0,1,0
2020-05-30,US,Wisconsin,Menominee,3,0,0,45.00422544,-88.70950714,55078.0,65.84723441615452,0.0,3,3,0,0,3,3,4658,0,0,0,0,0
2020-05-30,US,Wisconsin,Milwaukee,7656,299,0,43.00486062,-87.96733172,55079.0,809.5368002994525,3.905433646812957,7357,7429,294,0,7135,6952,948201,227,5,0,222,477
2020-05-30,US,Wisconsin,Monroe,16,1,0,43.94641218,-90.61881899999999,55081.0,34.592350766436766,6.25,15,16,1,0,15,16,46051,0,0,0,0,0
2020-05-30,US,Wisconsin,Oconto,37,0,0,45.02715345,-88.26807503,55083.0,97.5481149485895,0.0,37,35,0,0,35,35,37830,2,0,0,2,0
2020-05-30,US,Wisconsin,Oneida,9,0,0,45.70677897,-89.51944105,55085.0,25.284450063211125,0.0,9,9,0,0,9,9,35470,0,0,0,0,0
2020-05-30,US,Wisconsin,Outagamie,223,8,0,44.41578887,-88.46565023,55087.0,118.6896239721106,3.5874439461883414,215,213,8,0,205,204,187365,10,0,0,10,9
2020-05-30,US,Wisconsin,Ozaukee,160,11,0,43.38352225,-87.94625009,55089.0,179.32997836832138,6.875,149,159,11,0,148,156,89147,1,0,0,1,3
2020-05-30,US,Wisconsin,Pepin,1,0,0,44.58307413,-91.99949611,55091.0,13.723068478111706,0.0,1,1,0,0,1,1,7289,0,0,0,0,0
2020-05-30,US,Wisconsin,Pierce,45,0,0,44.71850291,-92.4224416,55093.0,105.2533096318473,0.0,45,45,0,0,45,44,42555,0,0,0,0,1
2020-05-30,US,Wisconsin,Polk,19,1,0,45.46130348,-92.44182875,55095.0,43.39583856748054,5.2631578947368425,18,18,1,0,17,18,43598,1,0,0,1,0
2020-05-30,US,Wisconsin,Portage,11,0,0,44.47558711,-89.50152965,55097.0,15.542870061606285,0.0,11,11,0,0,11,11,70942,0,0,0,0,0
2020-05-30,US,Wisconsin,Price,2,0,0,45.68051754,-90.36098879999999,55099.0,14.980151299528124,0.0,2,2,0,0,2,2,13397,0,0,0,0,0
2020-05-30,US,Wisconsin,Racine,1714,36,0,42.74753117,-88.05941254,55101.0,873.104410858281,2.1003500583430568,1678,1652,35,0,1617,1605,196584,62,1,0,61,47
2020-05-30,US,Wisconsin,Richland,14,4,0,43.3762778,-90.43012729,55103.0,81.1500115928588,28.57142857142857,10,14,4,0,10,14,17377,0,0,0,0,0
2020-05-30,US,Wisconsin,Rock,632,19,0,42.67151616,-89.07147900000002,55105.0,386.88982210414184,3.0063291139240507,613,620,18,0,602,607,163129,12,1,0,11,13
2020-05-30,US,Wisconsin,Rusk,5,0,0,45.47498854,-91.1333012,55107.0,35.265904923120324,0.0,5,5,0,0,5,5,14147,0,0,0,0,0
2020-05-30,US,Wisconsin,Sauk,78,3,0,43.42574087,-89.94966132,55111.0,121.03907389590641,3.8461538461538463,75,78,3,0,75,78,64249,0,0,0,0,0
2020-05-30,US,Wisconsin,Sawyer,8,0,0,45.87931905,-91.14504927,55113.0,48.31501389056649,0.0,8,8,0,0,8,8,16489,0,0,0,0,0
2020-05-30,US,Wisconsin,Shawano,46,0,0,44.78902246,-88.76443896,55115.0,112.47218758404851,0.0,46,45,0,0,45,43,40796,1,0,0,1,2
2020-05-30,US,Wisconsin,Sheboygan,88,3,0,43.72099677,-87.94579284,55117.0,76.29616785156928,3.4090909090909087,85,87,3,0,84,84,115456,1,0,0,1,3
2020-05-30,US,Wisconsin,St. Croix,81,0,0,45.03437474,-92.45000068,55109.0,89.31820437328393,0.0,81,77,0,0,77,74,89694,4,0,0,4,3
2020-05-30,US,Wisconsin,Taylor,2,0,0,45.21179252,-90.5004405,55119.0,9.83139163348572,0.0,2,2,0,0,2,1,20412,0,0,0,0,1
2020-05-30,US,Wisconsin,Trempealeau,25,0,0,44.30360275,-91.35893614,55121.0,84.3198758811427,0.0,25,24,0,0,24,23,29442,1,0,0,1,1
2020-05-30,US,Wisconsin,Vernon,21,0,0,43.59422667,-90.8324691,55123.0,68.13315164492894,0.0,21,21,0,0,21,20,30785,0,0,0,0,1
2020-05-30,US,Wisconsin,Vilas,7,0,0,46.05467334,-89.51719204,55125.0,31.538634827663888,0.0,7,6,0,0,6,6,21938,1,0,0,1,0
2020-05-30,US,Wisconsin,Walworth,392,17,0,42.66858202,-88.54163073,55127.0,377.4020872646051,4.336734693877552,375,379,17,0,362,372,103718,13,0,0,13,7
2020-05-30,US,Wisconsin,Washburn,2,0,0,45.89838588,-91.79050449,55129.0,12.72264631043257,0.0,2,2,0,0,2,2,15878,0,0,0,0,0
2020-05-30,US,Wisconsin,Washington,248,7,0,43.36863664,-88.22974712,55131.0,182.30736433538672,2.8225806451612905,241,238,6,0,232,233,135693,10,1,0,9,5
2020-05-30,US,Wisconsin,Waukesha,690,30,0,43.01833055,-88.30431188,55133.0,170.708415182658,4.3478260869565215,660,665,28,0,637,650,403072,25,2,0,23,15
2020-05-30,US,Wisconsin,Waupaca,39,1,0,44.47068056,-88.96534501,55135.0,76.4855854089037,2.5641025641025643,38,29,1,0,28,27,51128,10,0,0,10,2
2020-05-30,US,Wisconsin,Waushara,8,0,0,44.11324419,-89.24317107,55137.0,32.72920672585198,0.0,8,8,0,0,8,8,24263,0,0,0,0,0
2020-05-30,US,Wisconsin,Winnebago,238,6,0,44.06886922,-88.64477096,55139.0,138.44695096767438,2.5210084033613445,232,224,4,0,220,205,171020,14,2,0,12,19
2020-05-30,US,Wisconsin,Wood,10,1,0,44.45537896,-90.04158336,55141.0,13.698817792024547,10.0,9,10,1,0,9,10,73055,0,0,0,0,0
2020-05-30,US,Wyoming,Albany,25,0,0,41.65498705,-105.72354150000001,56001.0,64.30041152263375,0.0,25,25,0,0,25,24,38601,0,0,0,0,1
2020-05-30,US,Wyoming,Big Horn,5,0,0,44.52405055,-107.9960365,56003.0,42.408821034775244,0.0,5,5,0,0,5,5,11881,0,0,0,0,0
2020-05-30,US,Wyoming,Campbell,31,0,0,44.24886082,-105.54744040000001,56005.0,66.89540579616323,0.0,31,31,0,0,31,30,46140,0,0,0,0,1
2020-05-30,US,Wyoming,Carbon,16,0,0,41.69357844,-106.9326084,56007.0,108.10810810810813,0.0,16,16,0,0,16,16,14971,0,0,0,0,0
2020-05-30,US,Wyoming,Converse,24,0,0,42.97272268,-105.5081848,56009.0,173.63623209376357,0.0,24,24,0,0,24,24,13640,0,0,0,0,0
2020-05-30,US,Wyoming,Crook,5,0,0,44.58855102,-104.56977049999999,56011.0,65.92827004219409,0.0,5,5,0,0,5,5,7450,0,0,0,0,0
2020-05-30,US,Wyoming,Fremont,277,0,0,43.04183996,-108.6296893,56013.0,705.5347545910699,0.0,277,273,0,0,273,261,39531,4,0,0,4,12
2020-05-30,US,Wyoming,Goshen,5,0,0,42.08798185,-104.3534743,56015.0,37.847248505033676,0.0,5,5,0,0,5,5,13376,0,0,0,0,0
2020-05-30,US,Wyoming,Hot Springs,12,0,0,43.71930657,-108.44231740000001,56017.0,271.92386131883075,0.0,12,12,0,0,12,12,4555,0,0,0,0,0
2020-05-30,US,Wyoming,Johnson,18,1,0,44.04057166,-106.58451740000001,56019.0,213.14387211367676,5.5555555555555545,17,18,1,0,17,18,8460,0,0,0,0,0
2020-05-30,US,Wyoming,Laramie,188,0,0,41.30702520000001,-104.6887497,56021.0,188.94472361809045,0.0,188,188,0,0,188,188,98976,0,0,0,0,0
2020-05-30,US,Wyoming,Lincoln,15,0,0,42.26376367,-110.6563997,56023.0,75.642965204236,0.0,15,15,0,0,15,15,19434,0,0,0,0,0
2020-05-30,US,Wyoming,Natrona,76,0,0,42.96180148,-106.79788500000001,56025.0,95.16892484159384,0.0,76,76,0,0,76,75,79115,0,0,0,0,1
2020-05-30,US,Wyoming,Niobrara,2,0,0,43.05607708,-104.47588959999999,56027.0,84.88964346349746,0.0,2,2,0,0,2,2,2388,0,0,0,0,0
2020-05-30,US,Wyoming,Park,2,0,0,44.52157546,-109.58528249999999,56029.0,6.850722751250258,0.0,2,2,0,0,2,2,29324,0,0,0,0,0
2020-05-30,US,Wyoming,Platte,1,0,0,42.13299116,-104.96633100000001,56031.0,11.914690813773385,0.0,1,1,0,0,1,1,8566,0,0,0,0,0
2020-05-30,US,Wyoming,Sheridan,16,0,0,44.79048913,-106.8862389,56033.0,52.484828604231595,0.0,16,16,0,0,16,16,30233,0,0,0,0,0
2020-05-30,US,Wyoming,Sublette,3,0,0,42.76558279,-109.91309220000001,56035.0,30.515715593530675,0.0,3,3,0,0,3,3,9813,0,0,0,0,0
2020-05-30,US,Wyoming,Sweetwater,27,0,0,41.65943896,-108.8827882,56037.0,63.76496705476703,0.0,27,26,0,0,26,26,43051,1,0,0,1,0
2020-05-30,US,Wyoming,Teton,100,0,0,43.93522482,-110.5890801,56039.0,426.1847937265599,0.0,100,100,0,0,100,100,23081,0,0,0,0,0
2020-05-30,US,Wyoming,Uinta,12,0,0,41.2878183,-110.54757820000002,56041.0,59.32957579353307,0.0,12,12,0,0,12,12,20299,0,0,0,0,0
2020-05-30,US,Wyoming,Unassigned,0,15,0,0.0,0.0,90056.0,0.0,0.0,-15,0,14,0,-14,0,,0,1,0,-1,0
2020-05-30,US,Wyoming,Washakie,37,0,0,43.90451606,-107.68018700000002,56043.0,474.05509288917364,0.0,37,35,0,0,35,35,7885,2,0,0,2,0
2020-05-30,US,Wyoming,Weston,1,0,0,43.83961191,-104.56748809999999,56045.0,14.436263894903998,0.0,1,1,0,0,1,1,6967,0,0,0,0,0
