Date,Country/Region,Province/State,Admin2,Confirmed,Deaths,Recovered,Latitude,Longitude,FIPS,Incidence_Rate,Case-Fatality_Ratio,Active Cases,Previous Confirmed,Previous Deaths,Previous Recovered,Previous Active,Prev2 Confirmed,Population,Daily Confirmed,Daily Deaths,Daily Recovered,Daily Active,Previous Daily Confirmed
2020-06-23,US,Alabama,Autauga,447,8,0,32.53952745,-86.64408227,1001.0,800.0859152660687,1.7897091722595078,439,436,8,0,428,428,55601,11,0,0,11,8
2020-06-23,US,Alabama,Baldwin,435,9,0,30.72774991,-87.72207058,1003.0,194.8627897184121,2.0689655172413794,426,422,9,0,413,415,218022,13,0,0,13,7
2020-06-23,US,Alabama,Barbour,279,1,0,31.868263,-85.3871286,1005.0,1130.195252369764,0.35842293906810035,278,276,1,0,275,271,24881,3,0,0,3,5
2020-06-23,US,Alabama,Bibb,132,1,0,32.99642064,-87.12511459999996,1007.0,589.4436009645441,0.7575757575757576,131,126,1,0,125,124,22400,6,0,0,6,2
2020-06-23,US,Alabama,Blount,156,1,0,33.98210918,-86.56790593,1009.0,269.7748417666793,0.6410256410256411,155,150,1,0,149,146,57840,6,0,0,6,4
2020-06-23,US,Alabama,Bullock,325,9,0,32.10030533,-85.71265535,1011.0,3217.503217503217,2.769230769230769,316,325,9,0,316,324,10138,0,0,0,0,1
2020-06-23,US,Alabama,Butler,579,27,0,31.75300095,-86.68057478,1013.0,2977.169888934595,4.66321243523316,552,576,26,0,550,574,19680,3,1,0,2,2
2020-06-23,US,Alabama,Calhoun,208,5,0,33.77483727,-85.82630386,1015.0,183.09053298710447,2.4038461538461537,203,207,4,0,203,205,114277,1,1,0,0,2
2020-06-23,US,Alabama,Chambers,520,27,0,32.91360079,-85.39072749,1017.0,1563.721657544957,5.1923076923076925,493,514,27,0,487,507,33615,6,0,0,6,7
2020-06-23,US,Alabama,Cherokee,56,7,0,34.17805983,-85.60638968,1019.0,213.77309512902733,12.5,49,56,6,0,50,56,26032,0,1,0,-1,0
2020-06-23,US,Alabama,Chilton,169,2,0,32.85044126,-86.7173256,1021.0,380.3907445754929,1.183431952662722,167,163,2,0,161,159,44153,6,0,0,6,4
2020-06-23,US,Alabama,Choctaw,185,12,0,32.02227341,-88.26564429999998,1023.0,1469.536897291286,6.486486486486488,173,185,12,0,173,185,12841,0,0,0,0,0
2020-06-23,US,Alabama,Clarke,221,4,0,31.68099859,-87.83548597,1025.0,935.5685378037424,1.8099547511312215,217,217,5,0,212,215,23920,4,-1,0,5,2
2020-06-23,US,Alabama,Clay,34,2,0,33.26984193,-85.85836077,1027.0,256.89459765772574,5.882352941176472,32,33,2,0,31,32,13275,1,0,0,1,1
2020-06-23,US,Alabama,Cleburne,23,1,0,33.67679204,-85.52005899,1029.0,154.25888665325286,4.3478260869565215,22,22,1,0,21,22,14987,1,0,0,1,0
2020-06-23,US,Alabama,Coffee,315,1,0,31.39932826,-85.98901039,1031.0,601.811165029995,0.31746031746031744,314,313,1,0,312,313,51909,2,0,0,2,0
2020-06-23,US,Alabama,Colbert,303,5,0,34.69847452,-87.80168544,1033.0,548.5056389276081,1.6501650165016502,298,298,5,0,293,297,54762,5,0,0,5,1
2020-06-23,US,Alabama,Conecuh,144,1,0,31.43401703,-86.99320044,1035.0,1193.3372006298168,0.6944444444444444,143,141,1,0,140,138,12277,3,0,0,3,3
2020-06-23,US,Alabama,Coosa,52,1,0,32.93690146,-86.24847739,1037.0,487.667635749789,1.9230769230769231,51,50,1,0,49,50,10715,2,0,0,2,0
2020-06-23,US,Alabama,Covington,238,2,0,31.247785399999998,-86.45050893,1039.0,642.3925072201679,0.8403361344537815,236,224,2,0,222,223,36986,14,0,0,14,1
2020-06-23,US,Alabama,Crenshaw,116,3,0,31.72941803,-86.31593104,1041.0,842.2887017136218,2.586206896551724,113,115,3,0,112,114,13824,1,0,0,1,1
2020-06-23,US,Alabama,Cullman,312,3,0,34.13020303,-86.86888037,1043.0,372.4572629166269,0.9615384615384616,309,305,1,0,304,302,83442,7,2,0,5,3
2020-06-23,US,Alabama,Dale,206,0,0,31.43037123,-85.61095742,1045.0,418.9376067680794,0.0,206,202,0,0,202,202,48956,4,0,0,4,0
2020-06-23,US,Alabama,Dallas,660,6,0,32.32688101,-87.10866709999998,1047.0,1774.384342402409,0.9090909090909092,654,640,6,0,634,628,38310,20,0,0,20,12
2020-06-23,US,Alabama,DeKalb,427,5,0,34.45946862,-85.80782906,1049.0,597.0942346146853,1.17096018735363,422,414,5,0,409,411,71385,13,0,0,13,3
2020-06-23,US,Alabama,Elmore,689,12,0,32.59785413,-86.14415284,1051.0,848.4281298870815,1.741654571843251,677,677,11,0,666,660,81887,12,1,0,11,17
2020-06-23,US,Alabama,Escambia,166,6,0,31.1256789,-87.15918694,1053.0,453.143340703737,3.614457831325301,160,158,6,0,152,148,36748,8,0,0,8,10
2020-06-23,US,Alabama,Etowah,429,12,0,34.04567266,-86.04051873,1055.0,419.4860562443775,2.797202797202797,417,415,12,0,403,398,102501,14,0,0,14,17
2020-06-23,US,Alabama,Fayette,59,1,0,33.72076938,-87.73886638,1057.0,361.91878297141454,1.6949152542372878,58,58,1,0,57,58,16433,1,0,0,1,0
2020-06-23,US,Alabama,Franklin,784,10,0,34.44235334,-87.84289505,1059.0,2499.8405713921306,1.2755102040816326,774,779,10,0,769,778,31363,5,0,0,5,1
2020-06-23,US,Alabama,Geneva,51,0,0,31.09389027,-85.83572839,1061.0,194.1304099577481,0.0,51,51,0,0,51,51,26314,0,0,0,0,0
2020-06-23,US,Alabama,Greene,157,6,0,32.85504247,-87.95684022,1063.0,1935.642954013069,3.8216560509554136,151,154,5,0,149,154,8233,3,1,0,2,0
2020-06-23,US,Alabama,Hale,264,18,0,32.76039258,-87.63284988,1065.0,1801.9247832912426,6.8181818181818175,246,262,18,0,244,258,14726,2,0,0,2,4
2020-06-23,US,Alabama,Henry,121,3,0,31.51148016,-85.24267944,1067.0,703.2839290903808,2.479338842975207,118,119,3,0,116,115,17209,2,0,0,2,4
2020-06-23,US,Alabama,Houston,354,4,0,31.15197924,-85.29939599,1069.0,334.3344477814926,1.1299435028248588,350,348,4,0,344,345,104722,6,0,0,6,3
2020-06-23,US,Alabama,Jackson,159,3,0,34.78144169,-85.99750489,1071.0,307.9843489714485,1.8867924528301887,156,152,3,0,149,149,51736,7,0,0,7,3
2020-06-23,US,Alabama,Jefferson,3100,126,0,33.55554728,-86.89506300000002,1073.0,470.71471196055717,4.064516129032258,2974,3025,125,0,2900,2943,659300,75,1,0,74,82
2020-06-23,US,Alabama,Lamar,57,0,0,33.77995024,-88.09668032,1075.0,412.89387902933714,0.0,57,55,0,0,55,54,13844,2,0,0,2,1
2020-06-23,US,Alabama,Lauderdale,306,4,0,34.90171875,-87.65624729,1077.0,329.99385305567836,1.30718954248366,302,297,4,0,293,296,92387,9,0,0,9,1
2020-06-23,US,Alabama,Lawrence,77,0,0,34.52041498,-87.31069453,1079.0,233.87194751549026,0.0,77,76,0,0,76,75,32957,1,0,0,1,1
2020-06-23,US,Alabama,Lee,900,35,0,32.60154883,-85.35132246,1081.0,546.9728093738985,3.888888888888889,865,865,35,0,830,836,163941,35,0,0,35,29
2020-06-23,US,Alabama,Limestone,283,0,0,34.81185586,-86.98310072,1083.0,286.1042309053228,0.0,283,273,0,0,273,269,96174,10,0,0,10,4
2020-06-23,US,Alabama,Lowndes,423,15,0,32.1597283,-86.65158371,1085.0,4349.167180752622,3.5460992907801416,408,420,14,0,406,415,9974,3,1,0,2,5
2020-06-23,US,Alabama,Macon,147,7,0,32.38759944,-85.69267724,1087.0,813.5930927606819,4.761904761904762,140,148,6,0,142,147,18439,-1,1,0,-2,1
2020-06-23,US,Alabama,Madison,727,6,0,34.76327133,-86.55069633,1089.0,194.95372865766183,0.8253094910591472,721,711,6,0,705,701,366519,16,0,0,16,10
2020-06-23,US,Alabama,Marengo,243,11,0,32.24767634,-87.78796182,1091.0,1288.2362296559402,4.526748971193416,232,237,11,0,226,237,19066,6,0,0,6,0
2020-06-23,US,Alabama,Marion,171,12,0,34.13697363,-87.88704173,1093.0,575.5831566192062,7.0175438596491215,159,168,12,0,156,168,29763,3,0,0,3,0
2020-06-23,US,Alabama,Marshall,1140,9,0,34.36975964,-86.30486727,1095.0,1178.002356004712,0.7894736842105263,1131,1097,9,0,1088,1075,96109,43,0,0,43,22
2020-06-23,US,Alabama,Mobile,3052,132,0,30.78472347,-88.20842409,1097.0,738.6074877181094,4.3250327653997385,2920,3014,132,0,2882,2994,413757,38,0,0,38,20
2020-06-23,US,Alabama,Monroe,168,2,0,31.56729412,-87.36995001,1099.0,810.3024164375634,1.1904761904761905,166,162,2,0,160,162,21067,6,0,0,6,0
2020-06-23,US,Alabama,Montgomery,3307,85,0,32.2206831,-86.20969272,1101.0,1460.1344012433442,2.5703054127608103,3222,3254,79,0,3175,3215,225763,53,6,0,47,39
2020-06-23,US,Alabama,Morgan,775,2,0,34.45500589,-86.85475946,1103.0,647.5655712363907,0.25806451612903225,773,759,2,0,757,747,119089,16,0,0,16,12
2020-06-23,US,Alabama,Perry,91,0,0,32.64048341,-87.29770589,1105.0,1019.8363778998096,0.0,91,88,0,0,88,87,9140,3,0,0,3,1
2020-06-23,US,Alabama,Pickens,171,6,0,33.28094866,-88.08818103,1107.0,858.0030105368792,3.5087719298245608,165,169,6,0,163,165,19938,2,0,0,2,4
2020-06-23,US,Alabama,Pike,366,4,0,31.80396383,-85.9408295,1109.0,1105.2726943286827,1.0928961748633879,362,357,3,0,354,356,33338,9,1,0,8,1
2020-06-23,US,Alabama,Randolph,144,9,0,33.29526734,-85.45708831,1111.0,633.7470293108001,6.25,135,142,8,0,134,142,22725,2,1,0,1,0
2020-06-23,US,Alabama,Russell,378,0,0,32.28725256,-85.18415324,1113.0,652.162661099705,0.0,378,366,0,0,366,358,57781,12,0,0,12,8
2020-06-23,US,Alabama,Shelby,811,22,0,33.26879845,-86.66232561,1117.0,372.52758357755096,2.7127003699136867,789,779,22,0,757,765,215707,32,0,0,32,14
2020-06-23,US,Alabama,St. Clair,210,2,0,33.71902176,-86.31029372,1115.0,234.60541603360443,0.9523809523809524,208,204,2,0,202,201,88690,6,0,0,6,3
2020-06-23,US,Alabama,Sumter,269,12,0,32.59117397,-88.19916205,1119.0,2164.6415063973604,4.4609665427509295,257,268,12,0,256,268,12691,1,0,0,1,0
2020-06-23,US,Alabama,Talladega,189,6,0,33.37823223,-86.16886178,1121.0,236.31498662132088,3.1746031746031744,183,185,6,0,179,182,79828,4,0,0,4,3
2020-06-23,US,Alabama,Tallapoosa,518,69,0,32.86698258,-85.79833053,1123.0,1283.2263978001833,13.320463320463322,449,513,69,0,444,510,40497,5,0,0,5,3
2020-06-23,US,Alabama,Tuscaloosa,1637,35,0,33.28726072,-87.52556818,1125.0,781.925437653746,2.1380574221136226,1602,1604,31,0,1573,1581,208911,33,4,0,29,23
2020-06-23,US,Alabama,Unassigned,427,10,0,0.0,0.0,90001.0,0.0,2.34192037470726,417,423,10,0,413,423,,4,0,0,4,0
2020-06-23,US,Alabama,Walker,712,10,0,33.80270512,-87.30027177,1127.0,1120.8891547677147,1.404494382022472,702,695,8,0,687,683,63711,17,2,0,15,12
2020-06-23,US,Alabama,Washington,94,6,0,31.4092794,-88.20689944,1129.0,575.7687124831557,6.382978723404255,88,94,6,0,88,92,16378,0,0,0,0,2
2020-06-23,US,Alabama,Wilcox,251,8,0,31.98773215,-87.30891118,1131.0,2419.743565024583,3.187250996015936,243,246,8,0,238,244,10627,5,0,0,5,2
2020-06-23,US,Alabama,Winston,178,1,0,34.15030532,-87.37325922,1133.0,753.3116086165304,0.5617977528089888,177,177,1,0,176,175,23660,1,0,0,1,2
2020-06-23,US,Alaska,Anchorage,355,6,0,61.14998174,-149.14269860000005,2020.0,123.26388888888887,1.6901408450704225,349,355,6,0,349,352,291538,0,0,0,0,3
2020-06-23,US,Alaska,Bethel,6,0,0,60.90980451,-159.8561831,2050.0,32.63352550853911,0.0,6,6,0,0,6,6,18216,0,0,0,0,0
2020-06-23,US,Alaska,Fairbanks North Star,117,2,0,64.80726247,-146.5692662,2090.0,120.80661648545673,1.709401709401709,115,117,2,0,115,117,98971,0,0,0,0,0
2020-06-23,US,Alaska,Haines,3,0,0,59.09893571,-135.4679843,2100.0,118.57707509881423,0.0,3,2,0,0,2,2,2474,1,0,0,1,0
2020-06-23,US,Alaska,Juneau,39,0,0,58.45031811,-134.200436,2110.0,121.97410395946709,0.0,39,39,0,0,39,39,32113,0,0,0,0,0
2020-06-23,US,Alaska,Kenai Peninsula,120,2,0,60.24429722,-151.53888840000005,2122.0,204.40144443687402,1.6666666666666667,118,120,2,0,118,120,58533,0,0,0,0,0
2020-06-23,US,Alaska,Ketchikan Gateway,21,0,0,55.57445008,-130.975561,2130.0,151.06826846989426,0.0,21,21,0,0,21,21,13918,0,0,0,0,0
2020-06-23,US,Alaska,Kodiak Island,3,0,0,57.65529415,-153.7493579,2150.0,23.08047391906447,0.0,3,3,0,0,3,3,13345,0,0,0,0,0
2020-06-23,US,Alaska,Matanuska-Susitna,57,1,0,62.31305045,-149.5741743,2170.0,52.623318592649355,1.7543859649122806,56,57,1,0,56,55,107610,0,0,0,0,2
2020-06-23,US,Alaska,Nome,5,0,0,64.90320724,-164.0353804,2180.0,49.980007996801284,0.0,5,5,0,0,5,5,10008,0,0,0,0,0
2020-06-23,US,Alaska,North Slope,4,0,0,69.31479216,-153.4836093,2185.0,40.68348250610252,0.0,4,4,0,0,4,3,9872,0,0,0,0,1
2020-06-23,US,Alaska,Northwest Arctic,4,0,0,67.04919196,-159.7503946,2188.0,52.48655032148013,0.0,4,4,0,0,4,4,7671,0,0,0,0,0
2020-06-23,US,Alaska,Petersburg,4,1,0,57.13978948,-132.9540995,2195.0,122.47397428046541,25.0,3,4,1,0,3,4,3221,0,0,0,0,0
2020-06-23,US,Alaska,Prince of Wales-Hyder,2,0,0,55.76261984,-133.0511621,2198.0,32.24246332419797,0.0,2,2,0,0,2,2,6422,0,0,0,0,0
2020-06-23,US,Alaska,Sitka,11,0,0,57.24124555,-135.3206587,2220.0,129.5184269398328,0.0,11,11,0,0,11,11,8647,0,0,0,0,0
2020-06-23,US,Alaska,Southeast Fairbanks,4,0,0,63.87692095,-143.2127643,2240.0,58.029885390976354,0.0,4,3,0,0,3,3,6918,1,0,0,1,0
2020-06-23,US,Alaska,Wrangell,3,0,0,56.3202004,-132.05837309999998,2275.0,119.90407673860909,0.0,3,3,0,0,3,3,2503,0,0,0,0,0
2020-06-23,US,Alaska,Yukon-Koyukuk,2,0,0,65.50815459,-151.39073869999999,2290.0,38.24091778202677,0.0,2,2,0,0,2,2,5327,0,0,0,0,0
2020-06-23,US,Arizona,Apache,2165,67,0,35.39465006,-109.4892383,4001.0,3011.671094912849,3.094688221709007,2098,2121,66,0,2055,2117,71818,44,1,0,43,4
2020-06-23,US,Arizona,Cochise,432,6,0,31.87934684,-109.7516088,4003.0,343.06951922618765,1.3888888888888888,426,372,6,0,366,363,126770,60,0,0,60,9
2020-06-23,US,Arizona,Coconino,1595,90,0,35.83883429,-111.77071780000001,4005.0,1111.6841841144164,5.6426332288401255,1505,1541,90,0,1451,1536,142854,54,0,0,54,5
2020-06-23,US,Arizona,Gila,192,5,0,33.80190085,-110.8132779,4007.0,355.43707653004554,2.6041666666666665,187,176,4,0,172,160,53889,16,1,0,15,16
2020-06-23,US,Arizona,Graham,66,1,0,32.93166885,-109.8882178,4009.0,169.94103561037156,1.5151515151515151,65,65,1,0,64,63,38072,1,0,0,1,2
2020-06-23,US,Arizona,Greenlee,16,1,0,33.21498827,-109.2405279,4011.0,168.4565171615077,6.25,15,13,1,0,12,13,9483,3,0,0,3,0
2020-06-23,US,Arizona,La Paz,286,3,0,33.72854224,-113.98100290000001,4012.0,1354.9365169603939,1.048951048951049,283,279,3,0,276,273,21098,7,0,0,7,6
2020-06-23,US,Arizona,Maricopa,33883,663,0,33.34835867,-112.49181540000001,4013.0,755.404071954116,1.95673346515952,33220,31650,634,0,31016,30136,4410824,2233,29,0,2204,1514
2020-06-23,US,Arizona,Mohave,813,75,0,35.70471703,-113.7577902,4015.0,383.16343122145713,9.22509225092251,738,723,73,0,650,721,209550,90,2,0,88,2
2020-06-23,US,Arizona,Navajo,3166,97,0,35.3997715,-110.3218983,4017.0,2854.206483718582,3.0638029058749217,3069,3037,95,0,2942,3009,110445,129,2,0,127,28
2020-06-23,US,Arizona,Pima,6089,247,0,32.0971334,-111.7890033,4019.0,581.4114481432358,4.056495319428477,5842,5587,242,0,5345,5370,1039073,502,5,0,497,217
2020-06-23,US,Arizona,Pinal,2704,51,0,32.90525627,-111.3449483,4021.0,584.2835503868934,1.886094674556213,2653,2459,50,0,2409,2357,447138,245,1,0,244,102
2020-06-23,US,Arizona,Santa Cruz,1521,13,0,31.52508998,-110.8479088,4023.0,3271.108434771388,0.8547008547008547,1508,1482,13,0,1469,1413,46511,39,0,0,39,69
2020-06-23,US,Arizona,Unassigned,0,1,0,0.0,0.0,90004.0,0.0,0.0,-1,0,1,0,-1,0,,0,0,0,0,0
2020-06-23,US,Arizona,Yavapai,510,7,0,34.59933926,-112.5538588,4025.0,216.92988911054488,1.3725490196078431,503,490,7,0,483,456,231993,20,0,0,20,34
2020-06-23,US,Arizona,Yuma,4940,69,0,32.76895712,-113.90666740000002,4027.0,2310.711128366084,1.3967611336032388,4871,4604,65,0,4539,4604,212128,336,4,0,332,0
2020-06-23,US,Arkansas,Arkansas,21,0,0,34.29145151,-91.37277296,5001.0,120.0960768614892,0.0,21,19,0,0,19,19,17769,2,0,0,2,0
2020-06-23,US,Arkansas,Ashley,57,1,0,33.19153461,-91.76984709999999,5003.0,289.97303759474994,1.7543859649122806,56,56,1,0,55,53,20046,1,0,0,1,3
2020-06-23,US,Arkansas,Baxter,15,0,0,36.28784385,-92.33782872,5005.0,35.7722026137556,0.0,15,15,0,0,15,14,41619,0,0,0,0,1
2020-06-23,US,Arkansas,Benton,2128,14,0,36.33644656,-94.25680817,5007.0,762.3387463683229,0.6578947368421053,2114,2087,13,0,2074,2003,272608,41,1,0,40,84
2020-06-23,US,Arkansas,Boone,14,1,0,36.3084504,-93.09374925,5009.0,37.40115409275487,7.142857142857142,13,13,0,0,13,11,37480,1,1,0,0,2
2020-06-23,US,Arkansas,Bradley,38,2,0,33.46755808,-92.15980837,5011.0,353.06141410387437,5.2631578947368425,36,38,2,0,36,38,10897,0,0,0,0,0
2020-06-23,US,Arkansas,Carroll,136,4,0,36.34038560000001,-93.54270261,5015.0,479.2107117688513,2.9411764705882355,132,136,4,0,132,129,28223,0,0,0,0,7
2020-06-23,US,Arkansas,Chicot,93,2,0,33.26458973,-91.29539209,5017.0,919.1539830005929,2.150537634408602,91,88,2,0,86,81,10438,5,0,0,5,7
2020-06-23,US,Arkansas,Clark,53,0,0,34.04613432,-93.17484713,5019.0,237.4551971326165,0.0,53,53,0,0,53,51,22061,0,0,0,0,2
2020-06-23,US,Arkansas,Clay,48,3,0,36.36826212,-90.4148172,5021.0,329.87423544773554,6.25,45,46,2,0,44,40,14847,2,1,0,1,6
2020-06-23,US,Arkansas,Cleburne,77,4,0,35.53864922,-92.02640019,5023.0,309.0011637706168,5.194805194805196,73,77,4,0,73,77,24965,0,0,0,0,0
2020-06-23,US,Arkansas,Cleveland,25,0,0,33.89723187,-92.18537045,5025.0,314.228255404726,0.0,25,25,0,0,25,25,8018,0,0,0,0,0
2020-06-23,US,Arkansas,Columbia,44,3,0,33.21230701,-93.22642793,5027.0,187.57726904548753,6.8181818181818175,41,43,2,0,41,38,23537,1,1,0,0,5
2020-06-23,US,Arkansas,Conway,36,3,0,35.26205537,-92.70506566,5029.0,172.69500143912498,8.333333333333334,33,34,3,0,31,34,20891,2,0,0,2,0
2020-06-23,US,Arkansas,Craighead,404,6,0,35.83018283,-90.63235729,5031.0,366.1675669796614,1.4851485148514851,398,401,5,0,396,396,108558,3,1,0,2,5
2020-06-23,US,Arkansas,Crawford,105,0,0,35.58928601,-94.2446814,5033.0,165.9895347550469,0.0,105,98,0,0,98,97,63406,7,0,0,7,1
2020-06-23,US,Arkansas,Crittenden,604,10,0,35.21247318,-90.30839406,5035.0,1259.514127828172,1.6556291390728477,594,600,10,0,590,588,48342,4,0,0,4,12
2020-06-23,US,Arkansas,Cross,83,1,0,35.29631396,-90.77185818,5037.0,505.5119069370851,1.2048192771084338,82,82,1,0,81,82,16676,1,0,0,1,0
2020-06-23,US,Arkansas,Dallas,6,0,0,33.97042763,-92.65167437,5039.0,85.60422314167499,0.0,6,6,0,0,6,6,7182,0,0,0,0,0
2020-06-23,US,Arkansas,Desha,29,0,0,33.83011025,-91.25500948,5041.0,255.25922013907226,0.0,29,29,0,0,29,29,11512,0,0,0,0,0
2020-06-23,US,Arkansas,Drew,39,1,0,33.59035001,-91.71777921,5043.0,214.0622427136506,2.5641025641025643,38,39,1,0,38,37,18328,0,0,0,0,2
2020-06-23,US,Arkansas,Faulkner,305,3,0,35.14719007,-92.33717519,5045.0,242.0500448387788,0.9836065573770492,302,290,3,0,287,269,124806,15,0,0,15,21
2020-06-23,US,Arkansas,Franklin,13,0,0,35.51202821,-93.89299569,5047.0,73.3841377363816,0.0,13,13,0,0,13,12,17810,0,0,0,0,1
2020-06-23,US,Arkansas,Fulton,10,0,0,36.38177105,-91.81729127,5049.0,80.147471347279,0.0,10,10,0,0,10,9,12269,0,0,0,0,1
2020-06-23,US,Arkansas,Garland,183,1,0,34.57692074,-93.14921604,5051.0,184.13056164852196,0.5464480874316939,182,180,1,0,179,177,99154,3,0,0,3,3
2020-06-23,US,Arkansas,Grant,28,0,0,34.29017991,-92.42320562,5053.0,153.29865863673692,0.0,28,27,0,0,27,26,18188,1,0,0,1,1
2020-06-23,US,Arkansas,Greene,97,0,0,36.11735460000001,-90.55832668,5055.0,214.0099282956426,0.0,97,94,0,0,94,93,45325,3,0,0,3,1
2020-06-23,US,Arkansas,Hempstead,46,1,0,33.73325583,-93.66935133,5057.0,213.63551922719674,2.1739130434782608,45,45,1,0,44,44,21741,1,0,0,1,1
2020-06-23,US,Arkansas,Hot Spring,226,0,0,34.31709259,-92.95396325,5059.0,669.2132302863404,0.0,226,138,0,0,138,53,33701,88,0,0,88,85
2020-06-23,US,Arkansas,Howard,70,0,0,34.09007427,-93.9934871,5061.0,530.2226935312831,0.0,70,68,0,0,68,68,13341,2,0,0,2,0
2020-06-23,US,Arkansas,Independence,46,0,0,35.74242707,-91.57001641,5063.0,121.61269001982815,0.0,46,46,0,0,46,46,37678,0,0,0,0,0
2020-06-23,US,Arkansas,Izard,20,1,0,36.09604046,-91.90847954,5065.0,146.74590945777388,5.0,19,20,1,0,19,20,13593,0,0,0,0,0
2020-06-23,US,Arkansas,Jackson,24,0,0,35.59802983,-91.21494602,5067.0,143.54925533823794,0.0,24,24,0,0,24,21,16811,0,0,0,0,3
2020-06-23,US,Arkansas,Jefferson,657,28,0,34.26767081,-91.92619839,5069.0,983.1796959176344,4.26179604261796,629,657,28,0,629,650,68114,0,0,0,0,7
2020-06-23,US,Arkansas,Johnson,166,0,0,35.56759135,-93.46036368,5071.0,624.5767175859734,0.0,166,158,0,0,158,146,26742,8,0,0,8,12
2020-06-23,US,Arkansas,Lafayette,13,1,0,33.24116713,-93.60677071,5073.0,196.256038647343,7.6923076923076925,12,13,1,0,12,13,6682,0,0,0,0,0
2020-06-23,US,Arkansas,Lawrence,96,9,0,36.04188196,-91.10867198,5075.0,585.1517737413143,9.375,87,94,9,0,85,93,16434,2,0,0,2,1
2020-06-23,US,Arkansas,Lee,621,1,0,34.78498904,-90.78383866,5077.0,7011.403409732415,0.1610305958132045,620,576,1,0,575,574,8985,45,0,0,45,2
2020-06-23,US,Arkansas,Lincoln,1036,11,0,33.95317155,-91.74002806,5079.0,7954.545454545455,1.061776061776062,1025,1036,11,0,1025,1036,13383,0,0,0,0,0
2020-06-23,US,Arkansas,Little River,36,0,0,33.70375665,-94.23468591,5081.0,293.6617994942491,0.0,36,35,0,0,35,35,12326,1,0,0,1,0
2020-06-23,US,Arkansas,Logan,34,0,0,35.21413234,-93.71951016,5083.0,158.3900121121774,0.0,34,32,0,0,32,28,21737,2,0,0,2,4
2020-06-23,US,Arkansas,Lonoke,91,0,0,34.75392199,-91.88742357,5085.0,124.1320983780982,0.0,91,89,0,0,89,88,73657,2,0,0,2,1
2020-06-23,US,Arkansas,Madison,162,0,0,36.01038185,-93.72524943,5087.0,977.3166023166024,0.0,162,154,0,0,154,146,16481,8,0,0,8,8
2020-06-23,US,Arkansas,Marion,2,0,0,36.26844485,-92.68451899,5089.0,11.980352222355338,0.0,2,2,0,0,2,2,16722,0,0,0,0,0
2020-06-23,US,Arkansas,Miller,94,2,0,33.31403423,-93.89285258,5091.0,217.30586957024295,2.127659574468085,92,92,2,0,90,91,43592,2,0,0,2,1
2020-06-23,US,Arkansas,Mississippi,121,3,0,35.76271485,-90.05194370000002,5093.0,297.65565422744834,2.479338842975207,118,115,3,0,112,114,41239,6,0,0,6,1
2020-06-23,US,Arkansas,Monroe,8,0,0,34.6815935,-91.20540287,5095.0,119.38516639307565,0.0,8,7,0,0,7,7,6900,1,0,0,1,0
2020-06-23,US,Arkansas,Montgomery,2,0,0,34.53704874,-93.65824478,5097.0,22.2568439795237,0.0,2,2,0,0,2,2,8924,0,0,0,0,0
2020-06-23,US,Arkansas,Nevada,95,2,0,33.66340119,-93.30632432,5099.0,1151.2360639844885,2.1052631578947367,93,94,2,0,92,87,8326,1,0,0,1,7
2020-06-23,US,Arkansas,Newton,4,0,0,35.91947491,-93.21612969,5101.0,51.59293176834774,0.0,4,4,0,0,4,4,7805,0,0,0,0,0
2020-06-23,US,Arkansas,Ouachita,17,0,0,33.58839816,-92.87795984,5103.0,72.70549995723206,0.0,17,17,0,0,17,17,23606,0,0,0,0,0
2020-06-23,US,Arkansas,Perry,21,0,0,34.945915299999996,-92.94372564,5105.0,200.86083213773315,0.0,21,21,0,0,21,20,10352,0,0,0,0,1
2020-06-23,US,Arkansas,Phillips,90,3,0,34.43268455,-90.84800154,5107.0,506.1297941738837,3.333333333333333,87,87,2,0,85,79,18029,3,1,0,2,8
2020-06-23,US,Arkansas,Pike,7,0,0,34.16250414,-93.65789349,5109.0,65.31069229333829,0.0,7,7,0,0,7,7,10673,0,0,0,0,0
2020-06-23,US,Arkansas,Poinsett,53,3,0,35.57433534,-90.66268713,5111.0,225.26351581094863,5.660377358490566,50,53,3,0,50,53,23974,0,0,0,0,0
2020-06-23,US,Arkansas,Polk,67,0,0,34.48254879,-94.22728802,5113.0,335.6040873572431,0.0,67,67,0,0,67,64,20049,0,0,0,0,3
2020-06-23,US,Arkansas,Pope,349,2,0,35.44871474,-93.03212219,5115.0,544.699712823074,0.5730659025787965,347,333,2,0,331,326,64000,16,0,0,16,7
2020-06-23,US,Arkansas,Prairie,16,0,0,34.83624419,-91.55162157,5117.0,198.46192011907715,0.0,16,16,0,0,16,13,8074,0,0,0,0,3
2020-06-23,US,Arkansas,Pulaski,1556,53,0,34.77054088,-92.31355101,5119.0,397.02891727968847,3.4061696658097684,1503,1531,52,0,1479,1514,392680,25,1,0,24,17
2020-06-23,US,Arkansas,Randolph,39,1,0,36.3415714,-91.02455531,5121.0,217.17340461075844,2.5641025641025643,38,39,1,0,38,34,17948,0,0,0,0,5
2020-06-23,US,Arkansas,Saline,211,2,0,34.64916145,-92.67583224,5125.0,172.33352663002196,0.9478672985781992,209,210,2,0,208,209,121421,1,0,0,1,1
2020-06-23,US,Arkansas,Scott,8,0,0,34.85588887,-94.0632176,5127.0,77.81344227215251,0.0,8,8,0,0,8,8,10319,0,0,0,0,0
2020-06-23,US,Arkansas,Searcy,7,0,0,35.9109364,-92.69936482,5129.0,88.82121558177894,0.0,7,7,0,0,7,7,7958,0,0,0,0,0
2020-06-23,US,Arkansas,Sebastian,258,2,0,35.19605503,-94.27162713,5131.0,201.8352930132132,0.7751937984496124,256,250,2,0,248,244,127753,8,0,0,8,6
2020-06-23,US,Arkansas,Sevier,606,6,0,33.99780401,-94.2424869,5133.0,3563.238666431469,0.99009900990099,600,592,6,0,586,588,17139,14,0,0,14,4
2020-06-23,US,Arkansas,Sharp,51,4,0,36.16258158,-91.47819342,5135.0,292.39766081871346,7.84313725490196,47,51,4,0,47,50,17366,0,0,0,0,1
2020-06-23,US,Arkansas,St. Francis,793,3,0,35.02201976,-90.74828138,5123.0,3172.76146275106,0.37831021437578816,790,792,3,0,789,791,25439,1,0,0,1,1
2020-06-23,US,Arkansas,Stone,13,0,0,35.86251946,-92.15684085,5137.0,103.95010395010395,0.0,13,13,0,0,13,11,12457,0,0,0,0,2
2020-06-23,US,Arkansas,Unassigned,683,0,0,0.0,0.0,90005.0,0.0,0.0,683,584,0,0,584,571,,99,0,0,99,13
2020-06-23,US,Arkansas,Union,232,13,0,33.16887091,-92.59746952,5139.0,599.7621632800785,5.603448275862068,219,227,13,0,214,224,39126,5,0,0,5,3
2020-06-23,US,Arkansas,Van Buren,30,2,0,35.58095779,-92.51295036,5141.0,181.3236627379873,6.666666666666668,28,30,2,0,28,30,16603,0,0,0,0,0
2020-06-23,US,Arkansas,Washington,2680,21,0,35.976844,-94.21800746,5143.0,1120.46223247919,0.7835820895522388,2659,2531,18,0,2513,2404,236961,149,3,0,146,127
2020-06-23,US,Arkansas,White,76,1,0,35.25688493,-91.74908296,5145.0,96.50426015516871,1.3157894736842106,75,76,1,0,75,73,78727,0,0,0,0,3
2020-06-23,US,Arkansas,Woodruff,6,0,0,35.18902527,-91.2439489,5147.0,94.93670886075951,0.0,6,6,0,0,6,6,6490,0,0,0,0,0
2020-06-23,US,Arkansas,Yell,448,3,0,35.00292371,-93.41171338,5149.0,2099.245583618387,0.6696428571428571,445,435,3,0,432,416,21535,13,0,0,13,19
2020-06-23,US,California,Alameda,5267,121,0,37.64629437,-121.8929271,6001.0,315.13843175101965,2.2973229542434024,5146,5007,120,0,4887,4924,1666753,260,1,0,259,83
2020-06-23,US,California,Alpine,2,0,0,38.59678594,-119.82235940000001,6003.0,177.14791851195747,0.0,2,2,0,0,2,2,1101,0,0,0,0,0
2020-06-23,US,California,Amador,16,0,0,38.44583082,-120.65696000000001,6005.0,40.24954719259409,0.0,16,22,0,0,22,13,39383,-6,0,0,-6,9
2020-06-23,US,California,Butte,119,1,0,39.66727762,-121.6005252,6007.0,54.29178870913288,0.8403361344537815,118,111,1,0,110,94,231256,8,0,0,8,17
2020-06-23,US,California,Calaveras,29,0,0,38.20537103,-120.55291299999999,6009.0,63.17394619322515,0.0,29,28,0,0,28,28,45602,1,0,0,1,0
2020-06-23,US,California,Colusa,11,0,0,39.17881957,-122.2331726,6011.0,51.05119042094027,0.0,11,7,0,0,7,7,21627,4,0,0,4,0
2020-06-23,US,California,Contra Costa,2454,62,0,37.91923498,-121.9289527,6013.0,212.739027988966,2.526487367563162,2392,2369,62,0,2307,2294,1150215,85,0,0,85,75
2020-06-23,US,California,Del Norte,49,1,0,41.74228275,-123.89740630000001,6015.0,176.18294261469867,2.0408163265306123,48,48,1,0,47,48,27828,1,0,0,1,0
2020-06-23,US,California,El Dorado,150,0,0,38.77965956,-120.5233166,6017.0,77.78348189978377,0.0,150,145,0,0,145,130,190678,5,0,0,5,15
2020-06-23,US,California,Fresno,3672,70,0,36.75733899,-119.6466953,6019.0,367.5304098384448,1.906318082788671,3602,3485,67,0,3418,3245,994400,187,3,0,184,240
2020-06-23,US,California,Glenn,66,0,0,39.59875897,-122.3938452,6021.0,232.4516606205755,0.0,66,42,0,0,42,42,28047,24,0,0,24,0
2020-06-23,US,California,Humboldt,113,4,0,40.69923009,-123.876044,6023.0,83.35915253987224,3.5398230088495577,109,112,4,0,108,110,136373,1,0,0,1,2
2020-06-23,US,California,Imperial,5270,68,0,33.0393082,-115.36690420000001,6025.0,2908.147780261016,1.2903225806451613,5202,4800,64,0,4736,4800,181827,470,4,0,466,0
2020-06-23,US,California,Inyo,27,1,0,36.51112084,-117.41119779999998,6027.0,149.67570264427076,3.703703703703704,26,25,1,0,24,24,17987,2,0,0,2,1
2020-06-23,US,California,Kern,4049,60,0,35.34329425,-118.72777959999999,6029.0,449.7879364853666,1.481847369720919,3989,3965,60,0,3905,3890,896764,84,0,0,84,75
2020-06-23,US,California,Kings,2158,18,0,36.07409056,-119.8159973,6031.0,1411.0108539296455,0.8341056533827618,2140,2158,18,0,2140,2091,151366,0,0,0,0,67
2020-06-23,US,California,Lake,41,0,0,39.10124298,-122.75362439999999,6033.0,63.6784394122946,0.0,41,40,0,0,40,35,64382,1,0,0,1,5
2020-06-23,US,California,Lassen,15,0,0,40.67311306,-120.59350990000002,6035.0,49.06289863605143,0.0,15,11,0,0,11,11,30802,4,0,0,4,0
2020-06-23,US,California,Los Angeles,88512,3171,0,34.30828379,-118.22824109999999,6037.0,881.672045133098,3.5825650759219085,85341,86017,3137,0,82880,83414,10105518,2495,34,0,2461,2603
2020-06-23,US,California,Madera,359,5,0,37.21513971,-119.76655890000002,6039.0,228.1871516014416,1.3927576601671308,354,334,5,0,329,314,157672,25,0,0,25,20
2020-06-23,US,California,Marin,1349,18,0,38.07122463,-122.72106310000001,6041.0,521.1995703677374,1.3343217197924389,1331,1250,18,0,1232,1110,259666,99,0,0,99,140
2020-06-23,US,California,Mariposa,21,1,0,37.57978556,-119.9073334,6043.0,122.0717316747079,4.761904761904762,20,18,1,0,17,18,17471,3,0,0,3,0
2020-06-23,US,California,Mendocino,62,0,0,39.4381191,-123.39113130000001,6045.0,71.47056450218446,0.0,62,62,0,0,62,54,87606,0,0,0,0,8
2020-06-23,US,California,Merced,710,9,0,37.18922369,-120.72090349999999,6047.0,255.6900028810141,1.2676056338028172,701,661,9,0,652,616,274765,49,0,0,49,45
2020-06-23,US,California,Mono,40,1,0,37.93899289,-118.8872409,6051.0,276.93159789531984,2.5,39,40,1,0,39,37,14250,0,0,0,0,3
2020-06-23,US,California,Monterey,1341,12,0,36.21862405,-121.24133970000001,6053.0,308.94275228596905,0.8948545861297539,1329,1291,12,0,1279,1225,435594,50,0,0,50,66
2020-06-23,US,California,Napa,239,4,0,38.50735751,-122.33283899999999,6055.0,173.5102799395981,1.6736401673640169,235,239,4,0,235,224,139417,0,0,0,0,15
2020-06-23,US,California,Nevada,92,1,0,39.30394768,-120.76272809999999,6057.0,92.22595358628641,1.0869565217391304,91,82,1,0,81,75,99696,10,0,0,10,7
2020-06-23,US,California,Orange,10737,273,0,33.70147516,-117.76459979999998,6059.0,338.099538620244,2.5426096675048897,10464,10595,269,0,10326,10422,3185968,142,4,0,138,173
2020-06-23,US,California,Placer,534,10,0,39.06167234,-120.72405690000001,6061.0,134.06003579955262,1.8726591760299625,524,519,9,0,510,502,393149,15,1,0,14,17
2020-06-23,US,California,Plumas,6,0,0,40.00355989,-120.8395236,6063.0,31.9030148349019,0.0,6,6,0,0,6,6,18804,0,0,0,0,0
2020-06-23,US,California,Riverside,14431,431,0,33.74314981,-115.9933578,6065.0,584.1218904646988,2.986626013443282,14000,13800,424,0,13376,12778,2450758,631,7,0,624,1022
2020-06-23,US,California,Sacramento,2374,66,0,38.45106826,-121.34253740000001,6067.0,152.9582013043327,2.7801179443976407,2308,2243,66,0,2177,2160,1540975,131,0,0,131,83
2020-06-23,US,California,San Benito,185,2,0,36.60308176,-121.069975,6069.0,294.54846516367337,1.0810810810810811,183,181,2,0,179,170,61537,4,0,0,4,11
2020-06-23,US,California,San Bernardino,10010,234,0,34.84060306,-116.1774685,6071.0,459.1564090390971,2.3376623376623376,9776,9361,234,0,9127,9156,2171603,649,0,0,649,205
2020-06-23,US,California,San Diego,11294,341,0,33.03484597,-116.73653259999999,6073.0,338.312869009355,3.019302284398796,10953,11096,338,0,10758,10794,3343364,198,3,0,195,302
2020-06-23,US,California,San Francisco,3219,48,0,37.75215114,-122.43856720000001,6075.0,365.15270279927717,1.4911463187325256,3171,3185,48,0,3137,3058,883305,34,0,0,34,127
2020-06-23,US,California,San Joaquin,2560,48,0,37.93433732,-121.2730061,6077.0,335.8927662343797,1.875,2512,2400,48,0,2352,2519,752660,160,0,0,160,-119
2020-06-23,US,California,San Luis Obispo,453,1,0,35.38822029,-120.4039028,6079.0,160.00791209101732,0.22075055187637968,452,442,1,0,441,404,284010,11,0,0,11,38
2020-06-23,US,California,San Mateo,2901,104,0,37.422880799999994,-122.32755459999998,6081.0,378.4375395428745,3.5849706997587036,2797,2825,103,0,2722,2721,769545,76,1,0,75,104
2020-06-23,US,California,Santa Barbara,2509,27,0,34.65329488,-120.0188492,6083.0,561.9273503412102,1.076125946592268,2482,2446,27,0,2419,2319,446527,63,0,0,63,127
2020-06-23,US,California,Santa Clara,3727,154,0,37.23104908,-121.6970462,6085.0,193.32396885238083,4.13200965924336,3573,3606,154,0,3452,3547,1937570,121,0,0,121,59
2020-06-23,US,California,Santa Cruz,322,2,0,37.05580291,-122.0066524,6087.0,117.8567637703916,0.6211180124223602,320,296,2,0,294,296,274255,26,0,0,26,0
2020-06-23,US,California,Shasta,88,4,0,40.76391419,-122.0396884,6089.0,48.8671701466015,4.545454545454546,84,86,4,0,82,81,180040,2,0,0,2,5
2020-06-23,US,California,Sierra,1,0,0,39.57713498,-120.52007009999998,6091.0,33.277870216306155,0.0,1,1,0,0,1,1,2987,0,0,0,0,0
2020-06-23,US,California,Siskiyou,25,0,0,41.59198861,-122.54074340000001,6093.0,57.419784560968324,0.0,25,24,0,0,24,23,43724,1,0,0,1,1
2020-06-23,US,California,Solano,1020,23,0,38.26827353,-121.9357113,6095.0,227.86014748359744,2.2549019607843137,997,933,23,0,910,860,446610,87,0,0,87,73
2020-06-23,US,California,Sonoma,935,5,0,38.52746429,-122.88625060000001,6097.0,189.14260745727603,0.5347593582887701,930,885,5,0,880,853,499942,50,0,0,50,32
2020-06-23,US,California,Stanislaus,1714,37,0,37.55862499,-120.9970722,6099.0,311.26284821850146,2.158693115519253,1677,1639,37,0,1602,1599,549815,75,0,0,75,40
2020-06-23,US,California,Sutter,125,3,0,39.03417539,-121.6945899,6101.0,128.90451784554145,2.4,122,161,4,0,157,101,96807,-36,-1,0,-35,60
2020-06-23,US,California,Tehama,54,1,0,40.12570935,-122.23701709999999,6103.0,82.96970069448713,1.851851851851852,53,53,1,0,52,34,63916,1,0,0,1,19
2020-06-23,US,California,Trinity,2,0,0,40.64917670000001,-123.114713,6105.0,16.28001628001628,0.0,2,2,0,0,2,2,12535,0,0,0,0,0
2020-06-23,US,California,Tulare,3434,116,0,36.22026558,-118.8020203,6107.0,736.6016366541897,3.3779848573092597,3318,3177,113,0,3064,3046,465861,257,3,0,254,131
2020-06-23,US,California,Tuolumne,14,0,0,38.02644018,-119.95250929999999,6109.0,25.69844707955505,0.0,14,12,0,0,12,12,54539,2,0,0,2,0
2020-06-23,US,California,Ventura,2161,43,0,34.44465746,-119.09106129999999,6111.0,255.43554064628384,1.989819527996298,2118,2030,43,0,1987,1835,850967,131,0,0,131,195
2020-06-23,US,California,Yolo,366,24,0,38.68278902,-121.90182879999999,6113.0,165.98639455782313,6.557377049180328,342,347,24,0,323,330,220408,19,0,0,19,17
2020-06-23,US,California,Yuba,43,1,0,39.26255932,-121.35356440000001,6115.0,54.66009050694056,2.3255813953488373,42,43,1,0,42,42,78041,0,0,0,0,1
2020-06-23,US,Colorado,Adams,3941,154,0,39.87432092,-104.3362578,8001.0,761.6621667848813,3.9076376554174064,3787,3932,153,0,3779,3909,511868,9,1,0,8,23
2020-06-23,US,Colorado,Alamosa,175,3,0,37.57250606,-105.7885451,8003.0,1078.0508840017246,1.7142857142857142,172,169,3,0,166,168,16683,6,0,0,6,1
2020-06-23,US,Colorado,Arapahoe,4993,342,0,39.64977461,-104.3353617,8005.0,760.4441127644344,6.849589425195274,4651,4975,339,0,4636,4941,651215,18,3,0,15,34
2020-06-23,US,Colorado,Archuleta,9,0,0,37.19474156,-107.0476867,8007.0,64.15282628840261,0.0,9,8,0,0,8,8,13765,1,0,0,1,0
2020-06-23,US,Colorado,Baca,12,0,0,37.31940883,-102.5603223,8009.0,335.1019268360793,0.0,12,12,0,0,12,12,3585,0,0,0,0,0
2020-06-23,US,Colorado,Bent,4,0,0,37.95474293,-103.0720195,8011.0,71.72314864622557,0.0,4,4,0,0,4,3,5882,0,0,0,0,1
2020-06-23,US,Colorado,Boulder,1282,71,0,40.09313619,-105.3546767,8013.0,393.0152423696183,5.538221528861153,1211,1259,71,0,1188,1243,326078,23,0,0,23,16
2020-06-23,US,Colorado,Broomfield,282,29,0,39.95998787,-105.0566324,8014.0,400.1986801958419,10.28368794326241,253,280,28,0,252,278,69267,2,1,0,1,2
2020-06-23,US,Colorado,Chaffee,78,20,0,38.74745778,-106.19265729999998,8015.0,383.1794065631754,25.64102564102564,58,78,20,0,58,78,20027,0,0,0,0,0
2020-06-23,US,Colorado,Cheyenne,5,0,0,38.82777431,-102.6032558,8017.0,273.07482250136536,0.0,5,5,0,0,5,5,1876,0,0,0,0,0
2020-06-23,US,Colorado,Clear Creek,18,1,0,39.68864463,-105.6463118,8019.0,185.56701030927837,5.5555555555555545,17,18,1,0,17,18,9605,0,0,0,0,0
2020-06-23,US,Colorado,Conejos,12,0,0,37.201606,-106.19174879999998,8021.0,146.25228519195613,0.0,12,12,0,0,12,12,8200,0,0,0,0,0
2020-06-23,US,Colorado,Costilla,18,0,0,37.27732493,-105.4276548,8023.0,463.082068433239,0.0,18,17,0,0,17,17,3828,1,0,0,1,0
2020-06-23,US,Colorado,Crowley,69,1,0,38.32608609,-103.7844965,8025.0,1138.4260023098498,1.4492753623188406,68,69,1,0,68,68,5858,0,0,0,0,1
2020-06-23,US,Colorado,Custer,2,0,0,38.10883162,-105.3683478,8027.0,39.463299131807425,0.0,2,2,0,0,2,2,4954,0,0,0,0,0
2020-06-23,US,Colorado,Delta,80,1,0,38.86246243,-107.8631342,8029.0,256.7229317758809,1.25,79,80,1,0,79,80,30953,0,0,0,0,0
2020-06-23,US,Colorado,Denver,6700,369,0,39.76018276,-104.8725695,8031.0,921.3281977307823,5.507462686567163,6331,6663,367,0,6296,6630,716492,37,2,0,35,33
2020-06-23,US,Colorado,Douglas,869,51,0,39.33133796,-104.930001,8035.0,247.46977109758114,5.868814729574224,818,864,51,0,813,852,342776,5,0,0,5,12
2020-06-23,US,Colorado,Eagle,660,8,0,39.62754308,-106.6933637,8037.0,1197.2354744499064,1.2121212121212122,652,656,8,0,648,649,54993,4,0,0,4,7
2020-06-23,US,Colorado,El Paso,2139,120,0,38.83240149,-104.5251411,8041.0,296.91714221067934,5.6100981767180915,2019,2113,116,0,1997,2101,713856,26,4,0,22,12
2020-06-23,US,Colorado,Elbert,54,2,0,39.28656773,-104.1358721,8039.0,202.02776011074118,3.703703703703704,52,54,2,0,52,54,26282,0,0,0,0,0
2020-06-23,US,Colorado,Fremont,31,0,0,38.47362326,-105.4399667,8043.0,64.8006856330609,0.0,31,31,0,0,31,31,48021,0,0,0,0,0
2020-06-23,US,Colorado,Garfield,236,2,0,39.59921777,-107.902708,8045.0,392.93385058523836,0.8474576271186439,234,224,2,0,222,222,59770,12,0,0,12,2
2020-06-23,US,Colorado,Gilpin,6,0,0,39.85646523,-105.5252597,8047.0,96.10764055742432,0.0,6,6,0,0,6,6,6121,0,0,0,0,0
2020-06-23,US,Colorado,Grand,18,0,0,40.10603347,-106.1178042,8049.0,114.40193212152029,0.0,18,18,0,0,18,19,15525,0,0,0,0,-1
2020-06-23,US,Colorado,Gunnison,184,6,0,38.66611652,-107.0320729,8051.0,1053.7166418508764,3.260869565217391,178,182,6,0,176,182,17246,2,0,0,2,0
2020-06-23,US,Colorado,Hinsdale,3,0,0,37.82247444,-107.3004345,8053.0,365.8536585365854,0.0,3,3,0,0,3,3,811,0,0,0,0,0
2020-06-23,US,Colorado,Huerfano,4,0,0,37.68473101,-104.9612585,8055.0,57.99623024503408,0.0,4,4,0,0,4,4,6889,0,0,0,0,0
2020-06-23,US,Colorado,Jefferson,2555,206,0,39.58635604,-105.2517692,8059.0,438.3399012834524,8.062622309197652,2349,2543,205,0,2338,2532,580233,12,1,0,11,11
2020-06-23,US,Colorado,Kit Carson,31,3,0,39.30497777,-102.6022199,8063.0,436.80428350007037,9.677419354838712,28,31,3,0,28,31,7163,0,0,0,0,0
2020-06-23,US,Colorado,La Plata,88,1,0,37.28632032,-107.8429014,8067.0,156.52514185090982,1.1363636363636365,87,86,1,0,85,86,56310,2,0,0,2,0
2020-06-23,US,Colorado,Lake,48,0,0,39.20278823,-106.3555697,8065.0,590.6238464377999,0.0,48,48,0,0,48,48,7824,0,0,0,0,0
2020-06-23,US,Colorado,Larimer,683,29,0,40.66671597,-105.4625784,8069.0,191.3706678920367,4.24597364568082,654,680,29,0,651,680,350518,3,0,0,3,0
2020-06-23,US,Colorado,Las Animas,7,0,0,37.3153406,-104.0376458,8071.0,48.25589411278092,0.0,7,8,0,0,8,8,14503,-1,0,0,-1,0
2020-06-23,US,Colorado,Lincoln,4,0,0,38.98749519,-103.5136649,8073.0,70.1631292755657,0.0,4,4,0,0,4,4,5610,0,0,0,0,0
2020-06-23,US,Colorado,Logan,635,5,0,40.7249637,-103.110817,8075.0,2833.682895265295,0.7874015748031497,630,635,5,0,630,635,21528,0,0,0,0,0
2020-06-23,US,Colorado,Mesa,85,0,0,39.01787888,-108.469799,8077.0,55.11964204655989,0.0,85,80,0,0,80,79,153207,5,0,0,5,1
2020-06-23,US,Colorado,Mineral,3,0,0,37.66954283,-106.9281698,8079.0,390.1170351105332,0.0,3,2,0,0,2,2,776,1,0,0,1,0
2020-06-23,US,Colorado,Moffat,9,0,0,40.61810999,-108.2070876,8081.0,67.75577806218476,0.0,9,9,0,0,9,9,13188,0,0,0,0,0
2020-06-23,US,Colorado,Montezuma,68,3,0,37.33859579,-108.5958857,8083.0,259.71049917885654,4.411764705882354,65,68,3,0,65,67,26158,0,0,0,0,1
2020-06-23,US,Colorado,Montrose,201,12,0,38.40214114,-108.26390220000002,8085.0,470.0874690116469,5.970149253731344,189,201,12,0,189,200,42214,0,0,0,0,1
2020-06-23,US,Colorado,Morgan,649,46,0,40.26279810000001,-103.8093302,8087.0,2232.6957479014723,7.0878274268104775,603,649,46,0,603,649,28558,0,0,0,0,0
2020-06-23,US,Colorado,Otero,22,1,0,37.9014485,-103.7173385,8089.0,120.3632782580151,4.545454545454546,21,22,1,0,21,22,18432,0,0,0,0,0
2020-06-23,US,Colorado,Ouray,10,1,0,38.14717457,-107.7675136,8091.0,201.93861066235863,10.0,9,10,1,0,9,10,4833,0,0,0,0,0
2020-06-23,US,Colorado,Park,26,0,0,39.120926,-105.7182065,8093.0,137.9676306712656,0.0,26,25,0,0,25,24,18556,1,0,0,1,1
2020-06-23,US,Colorado,Phillips,15,0,0,40.59414277,-102.3577703,8095.0,351.6998827667058,0.0,15,15,0,0,15,15,4286,0,0,0,0,0
2020-06-23,US,Colorado,Pitkin,85,2,0,39.21720112,-106.9310027,8097.0,478.4150391174649,2.3529411764705883,83,80,2,0,78,80,17950,5,0,0,5,0
2020-06-23,US,Colorado,Prowers,16,0,0,37.95544985,-102.3926052,8099.0,131.44922773578705,0.0,16,16,0,0,16,16,12164,0,0,0,0,0
2020-06-23,US,Colorado,Pueblo,358,26,0,38.17359144,-104.5127437,8101.0,212.55878022134613,7.2625698324022325,332,358,24,0,334,357,167529,0,2,0,-2,1
2020-06-23,US,Colorado,Rio Blanco,2,0,0,39.97913541,-108.2179009,8103.0,31.625553447185325,0.0,2,2,0,0,2,2,6336,0,0,0,0,0
2020-06-23,US,Colorado,Rio Grande,66,1,0,37.5836865,-106.3847838,8105.0,585.7814857548592,1.5151515151515151,65,65,1,0,64,64,11250,1,0,0,1,1
2020-06-23,US,Colorado,Routt,67,6,0,40.48596505,-106.9905548,8107.0,261.3308370387706,8.955223880597012,61,65,6,0,59,64,25733,2,0,0,2,1
2020-06-23,US,Colorado,Saguache,99,2,0,38.08054629,-106.282466,8109.0,1450.762016412661,2.0202020202020203,97,99,2,0,97,100,6843,0,0,0,0,-1
2020-06-23,US,Colorado,San Juan,1,0,0,37.76248981,-107.67632890000002,8111.0,137.36263736263737,0.0,1,1,0,0,1,1,762,0,0,0,0,0
2020-06-23,US,Colorado,San Miguel,32,0,0,38.00450883,-108.4020725,8113.0,391.24587357867716,0.0,32,28,0,0,28,28,8191,4,0,0,4,0
2020-06-23,US,Colorado,Summit,264,3,0,39.63803232,-106.1150762,8117.0,851.3108251910612,1.1363636363636365,261,263,3,0,260,262,31007,1,0,0,1,1
2020-06-23,US,Colorado,Teller,40,2,0,38.88133511,-105.1614893,8119.0,157.5547502757208,5.0,38,40,2,0,38,39,25083,0,0,0,0,1
2020-06-23,US,Colorado,Washington,44,0,0,39.97015535,-103.202587,8121.0,896.4955175224122,0.0,44,44,0,0,44,44,4909,0,0,0,0,0
2020-06-23,US,Colorado,Weld,2730,136,0,40.55499405,-104.3929621,8123.0,841.3150401242557,4.981684981684982,2594,2724,136,0,2588,2721,314305,6,0,0,6,3
2020-06-23,US,Colorado,Yuma,50,0,0,40.00346839,-102.4258673,8125.0,499.0518015770037,0.0,50,50,0,0,50,50,10020,0,0,0,0,0
2020-06-23,US,Connecticut,Fairfield,16522,1367,0,41.26809896,-73.3881171,9001.0,1751.4512388003375,8.273816729209539,15155,16483,1362,0,15121,16475,943823,39,5,0,34,8
2020-06-23,US,Connecticut,Hartford,11443,1352,0,41.80283011,-72.73103891,9003.0,1283.2503476427578,11.815083457135367,10091,11414,1350,0,10064,11405,892697,29,2,0,27,9
2020-06-23,US,Connecticut,Litchfield,1469,136,0,41.7937534,-73.2451475,9005.0,814.6040935380657,9.257998638529614,1333,1467,135,0,1332,1467,181111,2,1,0,1,0
2020-06-23,US,Connecticut,Middlesex,1272,177,0,41.45949668,-72.53714864,9007.0,783.0776428870447,13.915094339622641,1095,1259,174,0,1085,1259,162682,13,3,0,10,0
2020-06-23,US,Connecticut,New Haven,12225,1065,0,41.408032500000004,-72.93620426,9009.0,1430.2310481224488,8.71165644171779,11160,12196,1063,0,11133,12185,857620,29,2,0,27,11
2020-06-23,US,Connecticut,New London,1221,102,0,41.48896435,-72.10430976,9011.0,460.396823601276,8.353808353808352,1119,1214,101,0,1113,1217,266784,7,1,0,6,-3
2020-06-23,US,Connecticut,Tolland,898,64,0,41.85853803,-72.3308481,9013.0,595.8028410108744,7.126948775055681,834,895,64,0,831,895,150921,3,0,0,3,0
2020-06-23,US,Connecticut,Unassigned,262,0,0,0.0,0.0,90009.0,0.0,0.0,262,270,0,0,270,273,,-8,0,0,-8,-3
2020-06-23,US,Connecticut,Windham,587,14,0,41.82972709,-71.98182316,9015.0,502.64595571235293,2.385008517887564,573,584,14,0,570,579,117027,3,0,0,3,5
2020-06-23,US,Delaware,Kent,1624,89,0,39.08646628,-75.56884914,10001.0,898.2996470965672,5.480295566502463,1535,1620,84,0,1536,1613,178550,4,5,0,-1,7
2020-06-23,US,Delaware,New Castle,4697,239,0,39.57992638,-75.64054974,10003.0,840.621884804198,5.088354268682138,4458,4682,197,0,4485,4647,559335,15,42,0,-27,35
2020-06-23,US,Delaware,Sussex,4509,176,0,38.66143781,-75.39031349,10005.0,1925.0720461095102,3.903304502106897,4333,4501,154,0,4347,4495,229286,8,22,0,-14,6
2020-06-23,US,Delaware,Unassigned,17,0,0,0.0,0.0,90010.0,0.0,0.0,17,17,0,0,17,20,,0,0,0,0,-3
2020-06-23,US,District of Columbia,District of Columbia,10094,537,0,38.90417773,-77.01655992,11001.0,1430.2535320630986,5.319992074499703,9557,10058,535,0,9523,10020,702455,36,2,0,34,38
2020-06-23,US,Florida,Alachua,760,11,0,29.67866525,-82.35928158,12001.0,282.48272580962896,1.4473684210526316,749,738,11,0,727,716,269956,22,0,0,22,22
2020-06-23,US,Florida,Baker,42,4,0,30.33060121,-82.28467476,12003.0,143.78637452927083,9.523809523809524,38,44,4,0,40,41,28355,-2,0,0,-2,3
2020-06-23,US,Florida,Bay,230,4,0,30.26548745,-85.62122584,12005.0,131.65049655132938,1.7391304347826086,226,205,4,0,201,190,185287,25,0,0,25,15
2020-06-23,US,Florida,Bradford,64,2,0,29.95079741,-82.16611613,12007.0,226.94230701038967,3.125,62,63,2,0,61,61,27732,1,0,0,1,2
2020-06-23,US,Florida,Brevard,918,17,0,28.29409504,-80.73091022,12009.0,152.50638765861163,1.851851851851852,901,878,16,0,862,850,596849,40,1,0,39,28
2020-06-23,US,Florida,Broward,11744,377,0,26.15184651,-80.48725556,12011.0,601.3996470668965,3.210149863760218,11367,11327,373,0,10954,11155,1951260,417,4,0,413,172
2020-06-23,US,Florida,Calhoun,88,6,0,30.40666734,-85.19394153,12013.0,623.8922367954626,6.8181818181818175,82,69,6,0,63,69,14587,19,0,0,19,0
2020-06-23,US,Florida,Charlotte,605,75,0,26.90131002,-81.92949121,12015.0,320.2583240696628,12.396694214876034,530,597,75,0,522,587,184998,8,0,0,8,10
2020-06-23,US,Florida,Citrus,204,12,0,28.84804315,-82.47614748,12017.0,136.31169941933888,5.882352941176472,192,199,12,0,187,189,147929,5,0,0,5,10
2020-06-23,US,Florida,Clay,511,33,0,29.98319144,-81.85609986,12019.0,233.06514877857444,6.457925636007827,478,519,32,0,487,494,216072,-8,1,0,-9,25
2020-06-23,US,Florida,Collier,3375,65,0,26.11091986,-81.34687065,12021.0,876.8465739331052,1.9259259259259256,3310,3206,64,0,3142,3159,378488,169,1,0,168,47
2020-06-23,US,Florida,Columbia,233,3,0,30.22509788,-82.62160164,12023.0,325.0285969366403,1.2875536480686696,230,232,3,0,229,227,70503,1,0,0,1,5
2020-06-23,US,Florida,DeSoto,487,10,0,27.18677893,-81.80941373,12027.0,1281.5452224941448,2.053388090349076,477,468,10,0,458,450,37489,19,0,0,19,18
2020-06-23,US,Florida,Dixie,62,3,0,29.60631086,-83.15724673,12029.0,368.4773564721265,4.838709677419356,59,61,3,0,58,61,16700,1,0,0,1,0
2020-06-23,US,Florida,Duval,3202,62,0,30.33225875,-81.66976468,12031.0,334.32349609242453,1.9362898188632105,3140,3085,60,0,3025,2902,950181,117,2,0,115,183
2020-06-23,US,Florida,Escambia,1244,43,0,30.67652764,-87.37284571,12033.0,390.8066198368916,3.4565916398713825,1201,1202,41,0,1161,1198,315534,42,2,0,40,4
2020-06-23,US,Florida,Flagler,244,5,0,29.45933576,-81.31508595,12035.0,212.02457399570736,2.0491803278688523,239,237,5,0,232,226,112067,7,0,0,7,11
2020-06-23,US,Florida,Franklin,4,0,0,29.83791238,-84.82731662,12037.0,32.98969072164948,0.0,4,4,0,0,4,2,11736,0,0,0,0,2
2020-06-23,US,Florida,Gadsden,329,6,0,30.57796289,-84.61915825,12039.0,720.5431449846692,1.82370820668693,323,326,6,0,320,322,45894,3,0,0,3,4
2020-06-23,US,Florida,Gilchrist,86,0,0,29.72856978,-82.79880657,12041.0,462.81347540630725,0.0,86,86,0,0,86,75,18256,0,0,0,0,11
2020-06-23,US,Florida,Glades,142,1,0,26.95635849,-81.18996211,12043.0,1028.1659546738108,0.7042253521126759,141,142,1,0,141,142,13724,0,0,0,0,0
2020-06-23,US,Florida,Gulf,13,0,0,29.93543004,-85.24270990000002,12045.0,95.31490578488159,0.0,13,11,0,0,11,11,16164,2,0,0,2,0
2020-06-23,US,Florida,Hamilton,304,2,0,30.49673973,-82.94998918,12047.0,2107.014139173829,0.6578947368421053,302,302,2,0,300,289,14310,2,0,0,2,13
2020-06-23,US,Florida,Hardee,318,2,0,27.49293939,-81.80956574,12049.0,1180.5323532687382,0.6289308176100629,316,305,1,0,304,289,27245,13,1,0,12,16
2020-06-23,US,Florida,Hendry,780,24,0,26.55386945,-81.16469006,12051.0,1856.170577316644,3.0769230769230766,756,763,22,0,741,759,41556,17,2,0,15,4
2020-06-23,US,Florida,Hernando,206,5,0,28.55364461,-82.42700204,12053.0,106.22937293729372,2.4271844660194173,201,200,5,0,195,185,190865,6,0,0,6,15
2020-06-23,US,Florida,Highlands,258,10,0,27.34254618,-81.34071957,12055.0,242.88982404609257,3.875968992248062,248,238,10,0,228,226,105424,20,0,0,20,12
2020-06-23,US,Florida,Hillsborough,6176,119,0,27.9276559,-82.32013172,12057.0,419.5743385725777,1.9268134715025904,6057,5973,115,0,5858,5580,1436888,203,4,0,199,393
2020-06-23,US,Florida,Holmes,121,0,0,30.86747479,-85.81319222,12059.0,616.8119488199011,0.0,121,58,0,0,58,47,19477,63,0,0,63,11
2020-06-23,US,Florida,Indian River,422,15,0,27.69308961,-80.60556721,12061.0,263.8769908018233,3.5545023696682465,407,409,15,0,394,389,157413,13,0,0,13,20
2020-06-23,US,Florida,Jackson,341,2,0,30.795459700000002,-85.21500423,12063.0,734.6921187572716,0.5865102639296188,339,338,2,0,336,333,48305,3,0,0,3,5
2020-06-23,US,Florida,Jefferson,38,4,0,30.43669112,-83.89442308,12065.0,266.74154148532915,10.526315789473683,34,36,4,0,32,36,14288,2,0,0,2,0
2020-06-23,US,Florida,Lafayette,20,0,0,29.98484137,-83.18166636,12067.0,237.47328425552126,0.0,20,20,0,0,20,19,8732,0,0,0,0,1
2020-06-23,US,Florida,Lake,795,21,0,28.76202069,-81.7125123,12069.0,216.55162645253026,2.641509433962264,774,763,20,0,743,733,356495,32,1,0,31,30
2020-06-23,US,Florida,Lee,3745,149,0,26.58410348,-81.88399313,12071.0,485.9994523584275,3.978638184245661,3596,3666,149,0,3517,3627,754610,79,0,0,79,39
2020-06-23,US,Florida,Leon,596,8,0,30.45955727,-84.27491114,12073.0,203.0097213044396,1.342281879194631,588,587,8,0,579,573,292502,9,0,0,9,14
2020-06-23,US,Florida,Levy,151,1,0,29.31829741,-82.74007147,12075.0,363.8291207864492,0.6622516556291391,150,147,1,0,146,139,40770,4,0,0,4,8
2020-06-23,US,Florida,Liberty,220,1,0,30.23766008,-84.8829258,12077.0,2633.4689968877187,0.4545454545454545,219,221,1,0,220,221,8457,-1,0,0,-1,0
2020-06-23,US,Florida,Madison,143,3,0,30.44396917,-83.47398594,12079.0,773.2655599415996,2.097902097902098,140,142,3,0,139,123,18529,1,0,0,1,19
2020-06-23,US,Florida,Manatee,2013,127,0,27.47196942,-82.31831044,12081.0,499.1903346038344,6.308991554893193,1886,1977,126,0,1851,1890,394855,36,1,0,35,87
2020-06-23,US,Florida,Marion,424,10,0,29.21227113,-82.05803627,12083.0,115.9804036883957,2.358490566037736,414,412,10,0,402,395,359977,12,0,0,12,17
2020-06-23,US,Florida,Martin,1611,22,0,27.0772071,-80.43109784,12085.0,1000.6211180124224,1.3656114214773432,1589,1582,20,0,1562,1525,160912,29,2,0,27,57
2020-06-23,US,Florida,Miami-Dade,26822,902,0,25.6112362,-80.55170587,12086.0,987.2135564274516,3.362911043173513,25920,26239,884,0,25355,25790,2761581,583,18,0,565,449
2020-06-23,US,Florida,Monroe,166,4,0,25.20904673,-81.07812416,12087.0,223.63528587594973,2.409638554216868,162,165,4,0,161,162,75027,1,0,0,1,3
2020-06-23,US,Florida,Nassau,126,1,0,30.61037141,-81.80297522,12089.0,142.17207334273624,0.7936507936507936,125,120,1,0,119,115,85832,6,0,0,6,5
2020-06-23,US,Florida,Okaloosa,436,6,0,30.69143028,-86.59267105,12091.0,206.89197012404028,1.3761467889908257,430,421,6,0,415,400,207269,15,0,0,15,21
2020-06-23,US,Florida,Okeechobee,256,0,0,27.386336199999995,-80.88944347,12093.0,607.0954278125593,0.0,256,250,0,0,250,245,41537,6,0,0,6,5
2020-06-23,US,Florida,Orange,5502,51,0,28.51367621,-81.31799498,12095.0,394.8467546783097,0.9269356597600872,5451,5157,49,0,5108,4914,1380645,345,2,0,343,243
2020-06-23,US,Florida,Osceola,1147,23,0,28.06312234,-81.14882926,12097.0,305.2553419684845,2.005231037489102,1124,1080,23,0,1057,1052,367990,67,0,0,67,28
2020-06-23,US,Florida,Palm Beach,11180,476,0,26.64676272,-80.46536002,12099.0,746.9417478971385,4.257602862254025,10704,10943,468,0,10475,10754,1485941,237,8,0,229,189
2020-06-23,US,Florida,Pasco,954,17,0,28.30810945,-82.40227529,12101.0,172.21864185562882,1.7819706498951782,937,872,17,0,855,809,539630,82,0,0,82,63
2020-06-23,US,Florida,Pinellas,4033,129,0,27.93130349,-82.72239666,12103.0,413.6427226368109,3.1986114554921894,3904,3854,117,0,3737,3667,975280,179,12,0,167,187
2020-06-23,US,Florida,Polk,2279,78,0,27.95027105,-81.69732947,12105.0,314.44154546846823,3.4225537516454585,2201,2225,78,0,2147,2042,708009,54,0,0,54,183
2020-06-23,US,Florida,Putnam,242,6,0,29.60779729,-81.74230285,12107.0,324.7406771245689,2.479338842975207,236,238,6,0,232,237,74163,4,0,0,4,1
2020-06-23,US,Florida,Santa Rosa,355,9,0,30.69341450000001,-87.02458128,12113.0,192.60714111321502,2.5352112676056344,346,350,9,0,341,344,179349,5,0,0,5,6
2020-06-23,US,Florida,Sarasota,1031,95,0,27.18546175,-82.33174248,12115.0,237.69890856776607,9.21435499515034,936,992,94,0,898,962,426718,39,1,0,38,30
2020-06-23,US,Florida,Seminole,1451,16,0,28.7158582,-81.24060348,12117.0,307.5286228397757,1.1026878015161958,1435,1361,16,0,1345,1265,467832,90,0,0,90,96
2020-06-23,US,Florida,St. Johns,510,7,0,29.90096506,-81.43589967,12109.0,192.69133115705483,1.3725490196078431,503,496,7,0,489,461,254261,14,0,0,14,35
2020-06-23,US,Florida,St. Lucie,1249,42,0,27.37763908,-80.47106649,12111.0,380.44819172883086,3.362690152121697,1207,1226,41,0,1185,1214,321128,23,1,0,22,12
2020-06-23,US,Florida,Sumter,290,17,0,28.70181754,-82.0794267,12119.0,219.0001510345869,5.862068965517241,273,286,17,0,269,284,128754,4,0,0,4,2
2020-06-23,US,Florida,Suwannee,339,19,0,30.19746066,-82.99099670000003,12121.0,763.2212891460476,5.604719764011801,320,290,18,0,272,310,44191,49,1,0,48,-20
2020-06-23,US,Florida,Taylor,69,0,0,30.04848048,-83.60445406,12123.0,319.9035653020539,0.0,69,68,0,0,68,65,21623,1,0,0,1,3
2020-06-23,US,Florida,Unassigned,126,0,0,0.0,0.0,90012.0,0.0,0.0,126,119,0,0,119,118,,7,0,0,7,1
2020-06-23,US,Florida,Union,43,2,0,30.04412971,-82.37497443,12125.0,282.20778368445235,4.651162790697675,41,42,2,0,40,41,14940,1,0,0,1,1
2020-06-23,US,Florida,Volusia,1301,53,0,29.05858895,-81.18263252,12127.0,235.14144634581882,4.073789392774788,1248,1263,53,0,1210,1218,547538,38,0,0,38,45
2020-06-23,US,Florida,Wakulla,41,1,0,30.16548905,-84.39895211,12129.0,121.52108835472302,2.4390243902439024,40,40,1,0,39,40,32461,1,0,0,1,0
2020-06-23,US,Florida,Walton,188,9,0,30.64204028,-86.16935664,12131.0,253.81053313712522,4.787234042553191,179,186,9,0,177,181,71375,2,0,0,2,5
2020-06-23,US,Florida,Washington,98,11,0,30.61359259,-85.66002461,12133.0,384.7210772190162,11.224489795918366,87,96,11,0,85,96,24880,2,0,0,2,0
2020-06-23,US,Georgia,Appling,223,13,0,31.74847232,-82.28909114,13001.0,1212.8793647340367,5.829596412556054,210,220,13,0,207,217,18507,3,0,0,3,3
2020-06-23,US,Georgia,Atkinson,99,2,0,31.29633502,-82.87545866,13003.0,1212.4923453766075,2.0202020202020203,97,97,2,0,95,91,8297,2,0,0,2,6
2020-06-23,US,Georgia,Bacon,207,4,0,31.55456473,-82.45936528,13005.0,1854.1741311357935,1.932367149758454,203,204,4,0,200,196,11185,3,0,0,3,8
2020-06-23,US,Georgia,Baker,36,3,0,31.32669878,-84.44218806,13007.0,1184.990125082291,8.333333333333334,33,36,3,0,33,36,3092,0,0,0,0,0
2020-06-23,US,Georgia,Baldwin,457,33,0,33.06882326,-83.24701748,13009.0,1018.0441078191133,7.2210065645514225,424,450,33,0,417,444,44823,7,0,0,7,6
2020-06-23,US,Georgia,Banks,116,0,0,34.35607081,-83.49644388,13011.0,603.0986794218571,0.0,116,114,0,0,114,114,18988,2,0,0,2,0
2020-06-23,US,Georgia,Barrow,432,25,0,33.99148694,-83.71436292,13013.0,518.9812590100913,5.787037037037037,407,423,25,0,398,416,80809,9,0,0,9,7
2020-06-23,US,Georgia,Bartow,625,39,0,34.23732119,-84.83887523,13015.0,580.1110100428817,6.24,586,604,39,0,565,596,106408,21,0,0,21,8
2020-06-23,US,Georgia,Ben Hill,125,1,0,31.76095874,-83.22145359,13017.0,748.502994011976,0.8,124,125,1,0,124,122,16787,0,0,0,0,3
2020-06-23,US,Georgia,Berrien,99,0,0,31.27590016,-83.22529920000002,13019.0,510.38820436149916,0.0,99,95,0,0,95,91,19252,4,0,0,4,4
2020-06-23,US,Georgia,Bibb,627,37,0,32.80904227,-83.70489165,13021.0,409.37848902121317,5.901116427432218,590,609,37,0,572,601,153095,18,0,0,18,8
2020-06-23,US,Georgia,Bleckley,54,1,0,32.43829035,-83.33035166,13023.0,419.4826380797017,1.851851851851852,53,54,1,0,53,54,12838,0,0,0,0,0
2020-06-23,US,Georgia,Brantley,78,2,0,31.19576557,-81.97743999,13025.0,408.18462504578986,2.5641025641025643,76,76,2,0,74,73,18897,2,0,0,2,3
2020-06-23,US,Georgia,Brooks,121,11,0,30.83922642,-83.58303423,13027.0,782.8168467361065,9.090909090909092,110,119,11,0,108,115,15513,2,0,0,2,4
2020-06-23,US,Georgia,Bryan,107,5,0,32.00979311,-81.44002948,13029.0,270.0179170767406,4.672897196261682,102,101,5,0,96,95,38109,6,0,0,6,6
2020-06-23,US,Georgia,Bulloch,183,3,0,32.39577406,-81.74811421,13031.0,229.8763943322279,1.639344262295082,180,164,3,0,161,151,77296,19,0,0,19,13
2020-06-23,US,Georgia,Burke,135,6,0,33.05917989,-81.99928721,13033.0,603.1363088057901,4.4444444444444455,129,135,6,0,129,133,22423,0,0,0,0,2
2020-06-23,US,Georgia,Butts,249,33,0,33.283094500000004,-83.95435040000002,13035.0,998.5563041385948,13.25301204819277,216,247,32,0,215,246,24193,2,1,0,1,1
2020-06-23,US,Georgia,Calhoun,162,6,0,31.53169785,-84.62725131,13037.0,2617.547261269995,3.703703703703704,156,159,6,0,153,158,6352,3,0,0,3,1
2020-06-23,US,Georgia,Camden,102,1,0,30.92951916,-81.66601818,13039.0,186.5876413126989,0.9803921568627452,101,99,1,0,98,96,53677,3,0,0,3,3
2020-06-23,US,Georgia,Candler,22,0,0,32.40209349,-82.07702563,13043.0,203.64713505507729,0.0,22,21,0,0,21,21,10836,1,0,0,1,0
2020-06-23,US,Georgia,Carroll,646,39,0,33.58138199,-85.07976677,13045.0,538.3692246149743,6.037151702786377,607,635,39,0,596,625,118121,11,0,0,11,10
2020-06-23,US,Georgia,Catoosa,283,6,0,34.89872298,-85.13757014,13047.0,418.7629476176384,2.120141342756184,277,276,6,0,270,275,67420,7,0,0,7,1
2020-06-23,US,Georgia,Charlton,43,2,0,30.78371028,-82.13951596,13049.0,321.08721624850665,4.651162790697675,41,41,2,0,39,38,12968,2,0,0,2,3
2020-06-23,US,Georgia,Chatham,872,35,0,32.00043026,-81.12489526,13051.0,301.28182980340665,4.013761467889908,837,807,33,0,774,779,289195,65,2,0,63,28
2020-06-23,US,Georgia,Chattahoochee,317,1,0,32.34341231,-84.78809239,13053.0,2906.3903914917028,0.3154574132492113,316,317,1,0,316,315,10684,0,0,0,0,2
2020-06-23,US,Georgia,Chattooga,50,2,0,34.47197698,-85.34535662,13055.0,201.70236798580012,4.0,48,49,2,0,47,49,24790,1,0,0,1,0
2020-06-23,US,Georgia,Cherokee,1126,41,0,34.24393976,-84.47431861,13057.0,435.1304038674823,3.641207815275311,1085,1114,39,0,1075,1099,254149,12,2,0,10,15
2020-06-23,US,Georgia,Clarke,408,15,0,33.95436462,-83.37124007,13059.0,317.92785842859485,3.6764705882352944,393,391,15,0,376,381,127330,17,0,0,17,10
2020-06-23,US,Georgia,Clay,56,2,0,31.62221166,-84.97713865,13061.0,1976.0056457304165,3.571428571428572,54,56,2,0,54,56,2887,0,0,0,0,0
2020-06-23,US,Georgia,Clayton,1687,77,0,33.54187245,-84.35594188,13063.0,577.2336581627068,4.564315352697094,1610,1631,76,0,1555,1598,289615,56,1,0,55,33
2020-06-23,US,Georgia,Clinch,87,2,0,30.91395822,-82.70432472,13065.0,1314.596554850408,2.2988505747126435,85,86,2,0,84,85,6648,1,0,0,1,1
2020-06-23,US,Georgia,Cobb,4134,234,0,33.94243204,-84.5761255,13067.0,543.8464705890092,5.660377358490566,3900,3969,229,0,3740,3893,756865,165,5,0,160,76
2020-06-23,US,Georgia,Coffee,444,15,0,31.54892966,-82.85492059999999,13069.0,1026.0439535044948,3.3783783783783785,429,418,15,0,403,408,43093,26,0,0,26,10
2020-06-23,US,Georgia,Colquitt,764,18,0,31.18810588,-83.7677946,13071.0,1675.438596491228,2.356020942408377,746,748,17,0,731,734,45592,16,1,0,15,14
2020-06-23,US,Georgia,Columbia,359,8,0,33.54534185,-82.263524,13073.0,229.07972484908814,2.2284122562674096,351,345,8,0,337,342,154291,14,0,0,14,3
2020-06-23,US,Georgia,Cook,104,1,0,31.16068491,-83.42947229,13075.0,602.2003474232773,0.9615384615384616,103,97,1,0,96,91,17162,7,0,0,7,6
2020-06-23,US,Georgia,Coweta,569,15,0,33.35334302,-84.76129976,13077.0,383.1417624521073,2.636203866432337,554,554,14,0,540,550,145864,15,1,0,14,4
2020-06-23,US,Georgia,Crawford,37,0,0,32.71391813,-83.98061238,13079.0,298.29087391164137,0.0,37,36,0,0,36,36,12318,1,0,0,1,0
2020-06-23,US,Georgia,Crisp,261,12,0,31.92289565,-83.76811843,13081.0,1166.636867512963,4.597701149425287,249,258,11,0,247,257,22601,3,1,0,2,1
2020-06-23,US,Georgia,Dade,60,1,0,34.854916700000004,-85.50490424,13083.0,372.3008190618019,1.6666666666666667,59,60,1,0,59,59,16226,0,0,0,0,1
2020-06-23,US,Georgia,Dawson,125,3,0,34.44244079,-84.16964071,13085.0,478.7804504366477,2.4,122,124,3,0,121,124,25083,1,0,0,1,0
2020-06-23,US,Georgia,DeKalb,5042,166,0,33.76944049,-84.22396017,13089.0,664.0352852704541,3.2923443078143597,4876,4791,165,0,4626,4694,756558,251,1,0,250,97
2020-06-23,US,Georgia,Decatur,245,8,0,30.87967778,-84.57619536,13087.0,927.8897136797457,3.26530612244898,237,244,8,0,236,243,26575,1,0,0,1,1
2020-06-23,US,Georgia,Dodge,70,2,0,32.17265114,-83.16948926,13091.0,339.7233681145353,2.8571428571428568,68,67,2,0,65,67,20705,3,0,0,3,0
2020-06-23,US,Georgia,Dooly,194,12,0,32.15630737,-83.79746561,13093.0,1448.8424197162065,6.185567010309278,182,194,12,0,182,194,13706,0,0,0,0,0
2020-06-23,US,Georgia,Dougherty,1865,153,0,31.53328528,-84.21722377,13095.0,2120.378371003684,8.203753351206434,1712,1854,152,0,1702,1848,91243,11,1,0,10,6
2020-06-23,US,Georgia,Douglas,778,36,0,33.70291126,-84.77026156,13097.0,531.6277512419451,4.627249357326479,742,740,36,0,704,724,145331,38,0,0,38,16
2020-06-23,US,Georgia,Early,255,31,0,31.32155345,-84.90255207,13099.0,2502.4533856722283,12.15686274509804,224,255,31,0,224,256,10247,0,0,0,0,-1
2020-06-23,US,Georgia,Echols,177,0,0,30.71101099,-82.89687287,13101.0,4418.372441337993,0.0,177,177,0,0,177,173,4000,0,0,0,0,4
2020-06-23,US,Georgia,Effingham,111,1,0,32.36616021,-81.34280942,13103.0,172.63904441955953,0.9009009009009008,110,101,1,0,100,98,62190,10,0,0,10,3
2020-06-23,US,Georgia,Elbert,94,0,0,34.11302332,-82.83936148,13105.0,489.73637595081794,0.0,94,92,0,0,92,92,19120,2,0,0,2,0
2020-06-23,US,Georgia,Emanuel,72,3,0,32.59221302,-82.30239915,13107.0,317.9369425064029,4.166666666666667,69,66,2,0,64,64,22612,6,1,0,5,2
2020-06-23,US,Georgia,Evans,17,0,0,32.15328841,-81.8870105,13109.0,159.5644828233527,0.0,17,17,0,0,17,16,10721,0,0,0,0,1
2020-06-23,US,Georgia,Fannin,82,1,0,34.86430205,-84.316964,13111.0,313.12051321215824,1.2195121951219512,81,79,1,0,78,75,25964,3,0,0,3,4
2020-06-23,US,Georgia,Fayette,299,16,0,33.41357794,-84.49089434,13113.0,261.31566757850396,5.351170568561873,283,292,16,0,276,280,113459,7,0,0,7,12
2020-06-23,US,Georgia,Floyd,433,15,0,34.26268279,-85.21577392,13115.0,439.60283457532137,3.4642032332563515,418,426,15,0,411,414,97927,7,0,0,7,12
2020-06-23,US,Georgia,Forsyth,694,14,0,34.22604035,-84.12315129999998,13117.0,284.13278089841634,2.0172910662824206,680,660,14,0,646,650,236612,34,0,0,34,10
2020-06-23,US,Georgia,Franklin,160,1,0,34.37525597,-83.23159927,13119.0,685.2541864747956,0.625,159,158,1,0,157,156,23023,2,0,0,2,2
2020-06-23,US,Georgia,Fulton,5885,304,0,33.79216944,-84.46319413,13121.0,553.134255129768,5.165675446049279,5581,5705,304,0,5401,5496,1050114,180,0,0,180,209
2020-06-23,US,Georgia,Gilmer,178,2,0,34.69316688,-84.45802506,13123.0,567.4391915585452,1.1235955056179776,176,178,2,0,176,178,30816,0,0,0,0,0
2020-06-23,US,Georgia,Glascock,3,0,0,33.22879932,-82.61297636,13125.0,100.97610232245034,0.0,3,3,0,0,3,3,2995,0,0,0,0,0
2020-06-23,US,Georgia,Glynn,411,3,0,31.23279254,-81.53811412,13127.0,481.8740327346058,0.7299270072992701,408,308,3,0,305,305,85219,103,0,0,103,3
2020-06-23,US,Georgia,Gordon,318,18,0,34.50487351,-84.87296253,13129.0,548.6258475234201,5.660377358490566,300,298,18,0,280,291,57685,20,0,0,20,7
2020-06-23,US,Georgia,Grady,165,4,0,30.87454847,-84.23418364,13131.0,669.833150651565,2.4242424242424243,161,164,4,0,160,163,24748,1,0,0,1,1
2020-06-23,US,Georgia,Greene,90,9,0,33.5769205,-83.17139104,13133.0,491.15913555992137,10.0,81,89,9,0,80,88,17698,1,0,0,1,1
2020-06-23,US,Georgia,Gwinnett,6636,163,0,33.96044201,-84.02137802,13135.0,708.7850467289719,2.456298975286317,6473,6407,162,0,6245,6151,927781,229,1,0,228,256
2020-06-23,US,Georgia,Habersham,644,35,0,34.63331566,-83.53094677,13137.0,1420.7553829862336,5.434782608695652,609,639,34,0,605,637,45388,5,1,0,4,2
2020-06-23,US,Georgia,Hall,2982,58,0,34.32207823,-83.81896936,13139.0,1458.611530955141,1.9450033534540576,2924,2946,58,0,2888,2935,202148,36,0,0,36,11
2020-06-23,US,Georgia,Hancock,208,32,0,33.2721566,-82.99766919,13141.0,2459.501005084545,15.384615384615385,176,208,32,0,176,206,8348,0,0,0,0,2
2020-06-23,US,Georgia,Haralson,66,4,0,33.79602175,-85.21005667,13143.0,221.5359828141783,6.0606060606060606,62,65,4,0,61,64,29533,1,0,0,1,1
2020-06-23,US,Georgia,Harris,269,8,0,32.73709786,-84.90538572,13145.0,763.423771143149,2.9739776951672865,261,252,8,0,244,243,34475,17,0,0,17,9
2020-06-23,US,Georgia,Hart,50,0,0,34.34626973,-82.96567682,13147.0,190.80328181644725,0.0,50,50,0,0,50,48,26099,0,0,0,0,2
2020-06-23,US,Georgia,Heard,47,3,0,33.29686567,-85.12886832,13149.0,394.1960915876877,6.382978723404255,44,46,3,0,43,45,11879,1,0,0,1,1
2020-06-23,US,Georgia,Henry,1013,31,0,33.4533428,-84.14814659999998,13151.0,431.870600824519,3.0602171767028628,982,964,31,0,933,945,230220,49,0,0,49,19
2020-06-23,US,Georgia,Houston,519,20,0,32.45802497,-83.66879087,13153.0,328.76608198247845,3.8535645472061657,499,513,20,0,493,499,155469,6,0,0,6,14
2020-06-23,US,Georgia,Irwin,46,1,0,31.60213036,-83.27501387,13155.0,488.5301614273577,2.1739130434782608,45,46,1,0,45,45,9398,0,0,0,0,1
2020-06-23,US,Georgia,Jackson,314,7,0,34.13794553,-83.56814788,13157.0,430.2725516258547,2.2292993630573252,307,305,7,0,298,300,70422,9,0,0,9,5
2020-06-23,US,Georgia,Jasper,65,1,0,33.31535543,-83.68844964,13159.0,457.13481960756735,1.5384615384615383,64,63,1,0,62,61,14040,2,0,0,2,2
2020-06-23,US,Georgia,Jeff Davis,76,2,0,31.80405727,-82.63724870000001,13161.0,502.81177638107835,2.631578947368421,74,75,2,0,73,73,15029,1,0,0,1,2
2020-06-23,US,Georgia,Jefferson,73,1,0,33.05867328,-82.41609057,13163.0,475.1985418565292,1.3698630136986298,72,70,1,0,69,67,15430,3,0,0,3,3
2020-06-23,US,Georgia,Jenkins,78,9,0,32.79248718,-81.96040187,13165.0,899.0318118948825,11.538461538461537,69,75,9,0,66,73,8683,3,0,0,3,2
2020-06-23,US,Georgia,Johnson,81,2,0,32.70211082,-82.66166794,13167.0,839.9875557399149,2.469135802469136,79,80,2,0,78,80,9708,1,0,0,1,0
2020-06-23,US,Georgia,Jones,51,0,0,33.02512137,-83.56019163,13169.0,177.4839046459022,0.0,51,51,0,0,51,51,28616,0,0,0,0,0
2020-06-23,US,Georgia,Lamar,95,6,0,33.07841647,-84.14263877,13171.0,497.98186297635897,6.315789473684211,89,91,6,0,85,87,19000,4,0,0,4,4
2020-06-23,US,Georgia,Lanier,116,3,0,31.03828570000001,-83.06472457,13173.0,1112.9233426076946,2.586206896551724,113,116,2,0,114,114,10340,0,1,0,-1,2
2020-06-23,US,Georgia,Laurens,135,1,0,32.46325233,-82.92221316,13175.0,283.93555714465987,0.7407407407407407,134,133,1,0,132,131,47325,2,0,0,2,2
2020-06-23,US,Georgia,Lee,385,22,0,31.779330600000005,-84.14324253,13177.0,1283.675646839157,5.7142857142857135,363,381,22,0,359,378,29764,4,0,0,4,3
2020-06-23,US,Georgia,Liberty,110,1,0,31.82588896,-81.49251135,13179.0,179.05102954341987,0.9090909090909092,109,102,1,0,101,101,61497,8,0,0,8,1
2020-06-23,US,Georgia,Lincoln,25,1,0,33.79201475,-82.45024131,13181.0,315.6167150612296,4.0,24,24,1,0,23,22,7915,1,0,0,1,2
2020-06-23,US,Georgia,Long,35,1,0,31.75218791,-81.74952375,13183.0,178.94575387289743,2.8571428571428568,34,32,1,0,31,29,18998,3,0,0,3,3
2020-06-23,US,Georgia,Lowndes,975,6,0,30.83568832,-83.27056716,13185.0,830.4515953188082,0.6153846153846154,969,939,4,0,935,911,116321,36,2,0,34,28
2020-06-23,US,Georgia,Lumpkin,121,3,0,34.57286511,-84.00425681,13187.0,360.011901219875,2.479338842975207,118,120,3,0,117,118,32955,1,0,0,1,2
2020-06-23,US,Georgia,Macon,112,9,0,32.35207048,-84.04234127,13193.0,865.0652660848073,8.035714285714286,103,112,9,0,103,112,13143,0,0,0,0,0
2020-06-23,US,Georgia,Madison,78,4,0,34.12920917,-83.21218732,13195.0,261.04417670682733,5.128205128205129,74,78,4,0,74,78,29650,0,0,0,0,0
2020-06-23,US,Georgia,Marion,78,3,0,32.3483402,-84.52733571,13197.0,933.1259720062206,3.8461538461538463,75,75,3,0,72,74,8351,3,0,0,3,1
2020-06-23,US,Georgia,McDuffie,81,5,0,33.47851918,-82.48252774,13189.0,380.0675675675676,6.172839506172839,76,78,5,0,73,78,21531,3,0,0,3,0
2020-06-23,US,Georgia,McIntosh,27,1,0,31.49683595,-81.40163426,13191.0,187.78689664765614,3.703703703703704,26,25,1,0,24,25,14340,2,0,0,2,0
2020-06-23,US,Georgia,Meriwether,160,2,0,33.04163534,-84.68859732,13199.0,755.8936079746776,1.25,158,154,2,0,152,149,21068,6,0,0,6,5
2020-06-23,US,Georgia,Miller,45,0,0,31.16568912,-84.73151117,13201.0,786.9884575026233,0.0,45,45,0,0,45,45,5686,0,0,0,0,0
2020-06-23,US,Georgia,Mitchell,441,38,0,31.22483255,-84.19381821,13205.0,2017.106527009102,8.616780045351472,403,436,38,0,398,434,22192,5,0,0,5,2
2020-06-23,US,Georgia,Monroe,138,16,0,33.014289,-83.92097166,13207.0,500.3988686634274,11.594202898550725,122,137,15,0,122,135,27520,1,1,0,0,2
2020-06-23,US,Georgia,Montgomery,28,0,0,32.17201038,-82.53527476,13209.0,305.27692978630614,0.0,28,27,0,0,27,26,9193,1,0,0,1,1
2020-06-23,US,Georgia,Morgan,45,0,0,33.59232073,-83.49129491,13211.0,233.45092342809716,0.0,45,45,0,0,45,45,18853,0,0,0,0,0
2020-06-23,US,Georgia,Murray,172,1,0,34.78897608,-84.74993177,13213.0,428.97047086991216,0.5813953488372093,171,168,1,0,167,164,39921,4,0,0,4,4
2020-06-23,US,Georgia,Muscogee,1341,39,0,32.50931999,-84.87142262,13215.0,684.9909842722801,2.9082774049217,1302,1213,34,0,1179,1169,194160,128,5,0,123,44
2020-06-23,US,Georgia,Newton,516,11,0,33.55514538,-83.84547140000002,13217.0,461.7697594501718,2.1317829457364343,505,493,11,0,482,474,109541,23,0,0,23,19
2020-06-23,US,Georgia,Oconee,136,10,0,33.83749973,-83.43679568,13219.0,337.63654419066535,7.352941176470589,126,134,10,0,124,133,39272,2,0,0,2,1
2020-06-23,US,Georgia,Oglethorpe,85,7,0,33.878629600000004,-83.08278123,13221.0,557.0482993643096,8.235294117647058,78,81,7,0,74,81,15054,4,0,0,4,0
2020-06-23,US,Georgia,Out of GA,3223,41,0,0.0,0.0,80013.0,0.0,1.272106732857586,3182,3223,41,0,3182,3208,,0,0,0,0,15
2020-06-23,US,Georgia,Paulding,493,13,0,33.91969522,-84.86848792,13223.0,292.2919124665761,2.636916835699797,480,470,13,0,457,466,164044,23,0,0,23,4
2020-06-23,US,Georgia,Peach,95,9,0,32.56934316,-83.82937,13225.0,344.87765918826693,9.473684210526317,86,93,9,0,84,93,27297,2,0,0,2,0
2020-06-23,US,Georgia,Pickens,83,5,0,34.46589159,-84.46406611,13227.0,254.67153508637355,6.024096385542169,78,80,5,0,75,80,31980,3,0,0,3,0
2020-06-23,US,Georgia,Pierce,143,4,0,31.35928155,-82.21598442,13229.0,734.6519393783715,2.797202797202797,139,140,4,0,136,137,19389,3,0,0,3,3
2020-06-23,US,Georgia,Pike,84,3,0,33.09310242,-84.38790389,13231.0,442.9912456491931,3.571428571428572,81,81,3,0,78,81,18634,3,0,0,3,0
2020-06-23,US,Georgia,Polk,188,1,0,34.00267074,-85.18677781,13233.0,441.1799216201629,0.5319148936170213,187,184,1,0,183,178,42470,4,0,0,4,6
2020-06-23,US,Georgia,Pulaski,48,2,0,32.23334561,-83.47549959999998,13235.0,430.9957798329891,4.166666666666667,46,46,2,0,44,46,11069,2,0,0,2,0
2020-06-23,US,Georgia,Putnam,123,11,0,33.32056115,-83.37552891,13237.0,556.0830055608302,8.943089430894311,112,120,11,0,109,120,21809,3,0,0,3,0
2020-06-23,US,Georgia,Quitman,15,1,0,31.86728114,-85.01773177,13239.0,652.4575902566334,6.666666666666668,14,15,1,0,14,15,2279,0,0,0,0,0
2020-06-23,US,Georgia,Rabun,36,4,0,34.88389445,-83.40304637,13241.0,210.071774522962,11.111111111111109,32,35,4,0,31,35,16867,1,0,0,1,0
2020-06-23,US,Georgia,Randolph,197,25,0,31.76622818,-84.75732369,13243.0,2906.4620832103865,12.690355329949238,172,195,23,0,172,194,6833,2,2,0,0,1
2020-06-23,US,Georgia,Richmond,776,48,0,33.35777107,-82.07026432,13245.0,383.1758164706347,6.185567010309278,728,755,42,0,713,746,201554,21,6,0,15,9
2020-06-23,US,Georgia,Rockdale,390,10,0,33.65145002,-84.02202167,13247.0,429.06178489702523,2.5641025641025643,380,379,9,0,370,371,90594,11,1,0,10,8
2020-06-23,US,Georgia,Schley,22,1,0,32.2654021,-84.31258912,13249.0,418.48963287045837,4.545454545454546,21,22,1,0,21,21,5236,0,0,0,0,1
2020-06-23,US,Georgia,Screven,85,5,0,32.74976524,-81.60779441,13251.0,608.6209365602176,5.882352941176472,80,79,4,0,75,75,13938,6,1,0,5,4
2020-06-23,US,Georgia,Seminole,48,2,0,30.93464824,-84.86823924,13253.0,593.3250927070458,4.166666666666667,46,48,2,0,46,49,8315,0,0,0,0,-1
2020-06-23,US,Georgia,Spalding,353,32,0,33.26310031,-84.28013991,13255.0,529.2115796890695,9.06515580736544,321,343,31,0,312,340,66100,10,1,0,9,3
2020-06-23,US,Georgia,Stephens,182,6,0,34.55151201,-83.29405315,13257.0,702.0250723240117,3.2967032967032965,176,165,5,0,160,165,26035,17,1,0,16,0
2020-06-23,US,Georgia,Stewart,93,3,0,32.07996777,-84.83208037,13259.0,1404.6216583597643,3.2258064516129035,90,84,1,0,83,82,6199,9,2,0,7,2
2020-06-23,US,Georgia,Sumter,540,50,0,32.03650571,-84.19821492,13261.0,1829.0204579325296,9.25925925925926,490,536,49,0,487,532,29733,4,1,0,3,4
2020-06-23,US,Georgia,Talbot,64,2,0,32.69642758,-84.53351366,13263.0,1033.0912025827279,3.125,62,62,2,0,60,58,6272,2,0,0,2,4
2020-06-23,US,Georgia,Taliaferro,2,0,0,33.56543317,-82.88136816,13265.0,130.1236174365647,0.0,2,2,0,0,2,2,1608,0,0,0,0,0
2020-06-23,US,Georgia,Tattnall,92,0,0,32.04785085,-82.05539188,13267.0,363.8376967491892,0.0,92,88,0,0,88,80,25391,4,0,0,4,8
2020-06-23,US,Georgia,Taylor,26,2,0,32.55792548,-84.25077141,13269.0,324.18952618453864,7.6923076923076925,24,26,2,0,24,27,8039,0,0,0,0,-1
2020-06-23,US,Georgia,Telfair,65,2,0,31.92829517,-82.93491155,13271.0,409.8360655737705,3.0769230769230766,63,64,2,0,62,64,15876,1,0,0,1,0
2020-06-23,US,Georgia,Terrell,219,27,0,31.77527543,-84.44069698,13273.0,2567.1081936467003,12.32876712328767,192,218,27,0,191,218,8611,1,0,0,1,0
2020-06-23,US,Georgia,Thomas,388,33,0,30.86392347,-83.91847289,13275.0,872.8712514904051,8.505154639175258,355,372,33,0,339,371,44448,16,0,0,16,1
2020-06-23,US,Georgia,Tift,569,25,0,31.45743864,-83.5236119,13277.0,1399.9606337958862,4.393673110720561,544,549,25,0,524,525,40571,20,0,0,20,24
2020-06-23,US,Georgia,Toombs,170,5,0,32.12059861,-82.32957247,13279.0,633.619083115915,2.9411764705882355,165,163,5,0,158,147,26887,7,0,0,7,16
2020-06-23,US,Georgia,Towns,36,1,0,34.91369188,-83.74107459999998,13281.0,299.077843316441,2.7777777777777777,35,36,1,0,35,36,11852,0,0,0,0,0
2020-06-23,US,Georgia,Treutlen,19,1,0,32.40422134,-82.56904553,13283.0,275.3224170410086,5.2631578947368425,18,19,1,0,18,19,6809,0,0,0,0,0
2020-06-23,US,Georgia,Troup,1158,29,0,33.03349196,-85.02812115,13285.0,1656.1311175309631,2.5043177892918824,1129,1027,28,0,999,978,70034,131,1,0,130,49
2020-06-23,US,Georgia,Turner,171,16,0,31.71612656,-83.62069378,13287.0,2141.5153412648715,9.35672514619883,155,170,16,0,154,167,7912,1,0,0,1,3
2020-06-23,US,Georgia,Twiggs,24,1,0,32.67435595,-83.43078662,13289.0,295.5665024630542,4.166666666666667,23,23,1,0,22,23,8188,1,0,0,1,0
2020-06-23,US,Georgia,Unassigned,1482,2,0,0.0,0.0,90013.0,0.0,0.1349527665317139,1480,1792,1,0,1791,1958,,-310,1,0,-311,-166
2020-06-23,US,Georgia,Union,60,3,0,34.82995757,-83.98967069,13291.0,244.7880543429481,5.0,57,56,3,0,53,56,24001,4,0,0,4,0
2020-06-23,US,Georgia,Upson,328,43,0,32.87920671,-84.30024826,13293.0,1246.2006079027356,13.109756097560975,285,323,43,0,280,319,26215,5,0,0,5,4
2020-06-23,US,Georgia,Walker,294,5,0,34.73376362,-85.30165174,13295.0,421.43891285962064,1.7006802721088434,289,287,5,0,282,284,69410,7,0,0,7,3
2020-06-23,US,Georgia,Walton,352,26,0,33.78017694,-83.73552314,13297.0,372.12055860370214,7.386363636363638,326,346,25,0,321,344,93503,6,1,0,5,2
2020-06-23,US,Georgia,Ware,352,15,0,31.05449097,-82.42224148,13299.0,985.0562489505792,4.261363636363637,337,331,15,0,316,317,35680,21,0,0,21,14
2020-06-23,US,Georgia,Warren,19,0,0,33.41146451,-82.67795848,13301.0,361.6292348686714,0.0,19,19,0,0,19,19,5251,0,0,0,0,0
2020-06-23,US,Georgia,Washington,81,1,0,32.96711864,-82.79357039,13303.0,397.56552468832825,1.2345679012345678,80,81,1,0,80,79,20386,0,0,0,0,2
2020-06-23,US,Georgia,Wayne,49,0,0,31.5521809,-81.91894878,13305.0,163.73174725164566,0.0,49,48,0,0,48,46,29808,1,0,0,1,2
2020-06-23,US,Georgia,Webster,18,1,0,32.04066113,-84.54742852,13307.0,690.4487917146146,5.5555555555555545,17,17,1,0,16,17,2611,1,0,0,1,0
2020-06-23,US,Georgia,Wheeler,41,0,0,32.12009104,-82.72574721,13309.0,521.9605346912796,0.0,41,38,0,0,38,35,7879,3,0,0,3,3
2020-06-23,US,Georgia,White,132,4,0,34.64624278,-83.74905525,13311.0,428.5992596921878,3.0303030303030303,128,129,4,0,125,129,29970,3,0,0,3,0
2020-06-23,US,Georgia,Whitfield,819,10,0,34.80987459,-84.96093476,13313.0,782.7732538135108,1.2210012210012209,809,800,10,0,790,763,104062,19,0,0,19,37
2020-06-23,US,Georgia,Wilcox,122,15,0,31.97496928,-83.43438555,13315.0,1412.8546612623045,12.295081967213116,107,122,15,0,107,121,8812,0,0,0,0,1
2020-06-23,US,Georgia,Wilkes,49,1,0,33.78290391,-82.74286107,13317.0,501.1762299273806,2.0408163265306123,48,49,1,0,48,43,9876,0,0,0,0,6
2020-06-23,US,Georgia,Wilkinson,74,8,0,32.80291082,-83.17140684,13319.0,826.4462809917355,10.810810810810812,66,74,7,0,67,73,9036,0,1,0,-1,1
2020-06-23,US,Georgia,Worth,291,21,0,31.55162306,-83.85090513,13321.0,1437.2499629574752,7.216494845360825,270,288,21,0,267,285,20299,3,0,0,3,3
2020-06-23,US,Hawaii,Hawaii,85,0,0,19.60121157,-155.5210167,15001.0,42.18090148030152,0.0,85,85,0,0,85,85,200983,0,0,0,0,0
2020-06-23,US,Hawaii,Honolulu,571,11,0,21.45803166,-157.97121819999995,15003.0,58.590363065291825,1.926444833625219,560,568,11,0,557,566,980080,3,0,0,3,2
2020-06-23,US,Hawaii,Kauai,29,0,0,22.03935037,-159.5966786,15007.0,40.11453391061375,0.0,29,29,0,0,29,29,72133,0,0,0,0,0
2020-06-23,US,Hawaii,Maui,122,6,0,20.86399628,-156.56890969999995,15009.0,72.87193056858024,4.918032786885246,116,122,6,0,116,122,167207,0,0,0,0,0
2020-06-23,US,Hawaii,Out of HI,12,0,0,0.0,0.0,80015.0,0.0,0.0,12,12,0,0,12,12,,0,0,0,0,0
2020-06-23,US,Idaho,Ada,1307,22,0,43.4526575,-116.24155159999998,16001.0,271.3943690340478,1.6832440703902063,1285,1307,22,0,1285,1166,469966,0,0,0,0,141
2020-06-23,US,Idaho,Adams,10,0,0,44.89333571,-116.4545247,16003.0,232.8830926874709,0.0,10,10,0,0,10,9,4250,0,0,0,0,1
2020-06-23,US,Idaho,Bannock,82,1,0,42.67002716,-112.2233311,16005.0,93.38556851311955,1.2195121951219512,81,82,1,0,81,79,87138,0,0,0,0,3
2020-06-23,US,Idaho,Benewah,21,0,0,47.21754179,-116.6586851,16009.0,225.85502258550227,0.0,21,21,0,0,21,21,9226,0,0,0,0,0
2020-06-23,US,Idaho,Bingham,32,0,0,43.21672879999999,-112.3978437,16011.0,68.36000085450003,0.0,32,32,0,0,32,30,46236,0,0,0,0,2
2020-06-23,US,Idaho,Blaine,520,5,0,43.4085812,-113.9752658,16013.0,2258.807176056644,0.9615384615384616,515,520,5,0,515,519,22601,0,0,0,0,1
2020-06-23,US,Idaho,Bonner,15,0,0,48.29996017,-116.6017932,16017.0,32.79477032729181,0.0,15,15,0,0,15,12,44727,0,0,0,0,3
2020-06-23,US,Idaho,Bonneville,95,1,0,43.38713372,-111.6161537,16019.0,79.79036132435202,1.0526315789473684,94,95,1,0,94,93,116854,0,0,0,0,2
2020-06-23,US,Idaho,Camas,1,0,0,43.46665742,-114.8065892,16025.0,90.41591320072331,0.0,1,1,0,0,1,1,1127,0,0,0,0,0
2020-06-23,US,Idaho,Canyon,470,6,0,43.61970148,-116.70954990000001,16027.0,204.48207301315207,1.2765957446808511,464,470,6,0,464,433,223499,0,0,0,0,37
2020-06-23,US,Idaho,Caribou,8,0,0,42.77149116,-111.5597683,16029.0,111.80992313067786,0.0,8,8,0,0,8,8,7060,0,0,0,0,0
2020-06-23,US,Idaho,Cassia,173,1,0,42.28347888,-113.6012409,16031.0,719.9334165626302,0.5780346820809249,172,173,1,0,172,167,23864,0,0,0,0,6
2020-06-23,US,Idaho,Custer,2,0,0,44.24186819,-114.2855494,16037.0,46.349942062572424,0.0,2,2,0,0,2,2,4280,0,0,0,0,0
2020-06-23,US,Idaho,Elmore,42,2,0,43.3507101,-115.4701578,16039.0,152.66620624477483,4.761904761904762,40,42,2,0,40,39,27259,0,0,0,0,3
2020-06-23,US,Idaho,Franklin,19,0,0,42.18332217,-111.81496659999999,16041.0,136.9270683194004,0.0,19,19,0,0,19,19,13726,0,0,0,0,0
2020-06-23,US,Idaho,Fremont,4,0,0,44.22800938,-111.48099429999999,16043.0,30.536682189480114,0.0,4,4,0,0,4,4,13168,0,0,0,0,0
2020-06-23,US,Idaho,Gem,19,0,0,44.06482372,-116.398376,16045.0,104.90282685512369,0.0,19,19,0,0,19,18,17634,0,0,0,0,1
2020-06-23,US,Idaho,Gooding,61,1,0,42.96927962,-114.81083059999999,16047.0,401.8710059951249,1.639344262295082,60,61,1,0,60,61,15196,0,0,0,0,0
2020-06-23,US,Idaho,Idaho,3,0,0,45.84721541,-115.4634436,16049.0,17.999640007199854,0.0,3,3,0,0,3,3,16513,0,0,0,0,0
2020-06-23,US,Idaho,Jefferson,15,0,0,43.82078483,-112.3131749,16051.0,50.215928492517826,0.0,15,15,0,0,15,12,29439,0,0,0,0,3
2020-06-23,US,Idaho,Jerome,225,3,0,42.68891267,-114.2655033,16053.0,921.6778633458957,1.3333333333333333,222,225,3,0,222,216,24015,0,0,0,0,9
2020-06-23,US,Idaho,Kootenai,129,1,0,47.67282258,-116.7020872,16055.0,77.85294845410598,0.7751937984496124,128,129,1,0,128,122,161505,0,0,0,0,7
2020-06-23,US,Idaho,Latah,9,0,0,46.81587887,-116.71136979999999,16057.0,22.439413583325024,0.0,9,9,0,0,9,8,40134,0,0,0,0,1
2020-06-23,US,Idaho,Lemhi,2,0,0,44.9438088,-113.9309747,16059.0,24.915908807773768,0.0,2,2,0,0,2,2,7961,0,0,0,0,0
2020-06-23,US,Idaho,Lincoln,35,0,0,43.0012336,-114.1358773,16063.0,652.2549385016772,0.0,35,35,0,0,35,35,5360,0,0,0,0,0
2020-06-23,US,Idaho,Madison,31,0,0,43.78141028,-111.65384740000002,16065.0,77.68060741223344,0.0,31,31,0,0,31,30,39304,0,0,0,0,1
2020-06-23,US,Idaho,Minidoka,124,0,0,42.85518524,-113.6357257,16067.0,589.3816246019297,0.0,124,124,0,0,124,115,20825,0,0,0,0,9
2020-06-23,US,Idaho,Nez Perce,89,19,0,46.32638236,-116.75009750000001,16069.0,220.2534151653138,21.348314606741575,70,89,19,0,70,84,40408,0,0,0,0,5
2020-06-23,US,Idaho,Owyhee,28,0,0,42.58016894,-116.16938710000001,16073.0,236.82652457075196,0.0,28,28,0,0,28,27,11693,0,0,0,0,1
2020-06-23,US,Idaho,Payette,43,2,0,44.00545243,-116.7647695,16075.0,179.53321364452424,4.651162790697675,41,43,2,0,41,43,23551,0,0,0,0,0
2020-06-23,US,Idaho,Power,16,0,0,42.69254894,-112.83957420000002,16077.0,208.30621012888943,0.0,16,16,0,0,16,14,7768,0,0,0,0,2
2020-06-23,US,Idaho,Teton,14,0,0,43.75303583,-111.2056773,16081.0,115.30225662987976,0.0,14,14,0,0,14,14,11640,0,0,0,0,0
2020-06-23,US,Idaho,Twin Falls,518,25,0,42.35440512,-114.6685381,16083.0,596.2384032781601,4.826254826254826,493,518,25,0,493,511,86081,0,0,0,0,7
2020-06-23,US,Idaho,Valley,3,0,0,44.76728382,-115.5676773,16085.0,26.33426966292135,0.0,3,3,0,0,3,3,11041,0,0,0,0,0
2020-06-23,US,Idaho,Washington,89,0,0,44.45275475,-116.78476880000001,16087.0,873.0625858348047,0.0,89,89,0,0,89,84,10161,0,0,0,0,5
2020-06-23,US,Illinois,Adams,63,1,0,39.98815591,-91.18786813,17001.0,96.27874990448537,1.5873015873015872,62,57,1,0,56,55,65691,6,0,0,6,2
2020-06-23,US,Illinois,Alexander,20,0,0,37.18049267,-89.32910838,17003.0,347.16195105016493,0.0,20,20,0,0,20,20,6060,0,0,0,0,0
2020-06-23,US,Illinois,Bond,12,1,0,38.88829622,-89.43534887,17005.0,73.0549129428954,8.333333333333334,11,12,1,0,11,12,16630,0,0,0,0,0
2020-06-23,US,Illinois,Boone,562,21,0,42.32359279,-88.82345779,17007.0,1049.6040639474077,3.736654804270463,541,556,20,0,536,555,53577,6,1,0,5,1
2020-06-23,US,Illinois,Brown,10,0,0,39.96209138,-90.75068024,17009.0,152.02189115232594,0.0,10,10,0,0,10,10,6556,0,0,0,0,0
2020-06-23,US,Illinois,Bureau,24,1,0,41.40385234,-89.5283051,17011.0,73.55645457888929,4.166666666666667,23,24,1,0,23,24,32993,0,0,0,0,0
2020-06-23,US,Illinois,Calhoun,1,0,0,39.16840183,-90.66330078,17013.0,21.101498206372653,0.0,1,1,0,0,1,1,4802,0,0,0,0,0
2020-06-23,US,Illinois,Carroll,19,2,0,42.06823429,-89.93395545,17015.0,132.82069206571128,10.526315789473683,17,19,2,0,17,19,14312,0,0,0,0,0
2020-06-23,US,Illinois,Cass,100,0,0,39.96991073,-90.24734436,17017.0,823.2485387338437,0.0,100,100,0,0,100,100,12260,0,0,0,0,0
2020-06-23,US,Illinois,Champaign,787,12,0,40.13919438,-88.20046615,17019.0,375.31773245139226,1.5247776365946633,775,781,12,0,769,775,209983,6,0,0,6,6
2020-06-23,US,Illinois,Christian,42,4,0,39.54581621,-89.27780482,17021.0,130.0148588410104,9.523809523809524,38,42,4,0,38,42,32661,0,0,0,0,0
2020-06-23,US,Illinois,Clark,14,0,0,39.33425789,-87.78705622,17023.0,90.66770286898516,0.0,14,14,0,0,14,13,15596,0,0,0,0,1
2020-06-23,US,Illinois,Clay,2,0,0,38.75388572,-88.48914513,17025.0,15.169902912621357,0.0,2,2,0,0,2,2,13253,0,0,0,0,0
2020-06-23,US,Illinois,Clinton,225,17,0,38.60704876,-89.42385254,17027.0,599.0096373994995,7.5555555555555545,208,224,17,0,207,224,37639,1,0,0,1,0
2020-06-23,US,Illinois,Coles,151,17,0,39.51949084,-88.22358557,17029.0,298.2951739396693,11.258278145695362,134,151,17,0,134,151,50885,0,0,0,0,0
2020-06-23,US,Illinois,Cook,87784,4439,0,41.84144849,-87.81658794,17031.0,1704.4665746190512,5.056730155837053,83345,87424,4423,0,83001,87177,5180493,360,16,0,344,247
2020-06-23,US,Illinois,Crawford,18,0,0,39.0032229,-87.75954624,17033.0,96.42684952054428,0.0,18,18,0,0,18,18,18807,0,0,0,0,0
2020-06-23,US,Illinois,Cumberland,10,0,0,39.27432424,-88.2401158,17035.0,92.88500835965077,0.0,10,10,0,0,10,10,10808,0,0,0,0,0
2020-06-23,US,Illinois,De Witt,4,0,0,40.17514519,-88.90959682,17039.0,25.57871850620284,0.0,4,4,0,0,4,4,15769,0,0,0,0,0
2020-06-23,US,Illinois,DeKalb,525,18,0,41.89373302,-88.76958483,17037.0,500.4909577966958,3.4285714285714284,507,524,18,0,506,523,104143,1,0,0,1,1
2020-06-23,US,Illinois,Douglas,42,0,0,39.76768052,-88.21854195,17041.0,215.77189827896225,0.0,42,42,0,0,42,42,19479,0,0,0,0,0
2020-06-23,US,Illinois,DuPage,8736,455,0,41.85116968,-88.08642662,17043.0,946.5598897413756,5.208333333333333,8281,8715,449,0,8266,8682,928589,21,6,0,15,33
2020-06-23,US,Illinois,Edgar,7,0,0,39.6809186,-87.74759563,17045.0,40.7901637433716,0.0,7,7,0,0,7,6,17360,0,0,0,0,1
2020-06-23,US,Illinois,Edwards,2,0,0,38.41353228,-88.05720863,17047.0,31.27443315089914,0.0,2,2,0,0,2,2,6392,0,0,0,0,0
2020-06-23,US,Illinois,Effingham,11,1,0,39.05935711,-88.58969584,17049.0,32.34533051046812,9.090909090909092,10,12,1,0,11,12,34208,-1,0,0,-1,0
2020-06-23,US,Illinois,Fayette,23,3,0,39.00072038,-89.02452658,17051.0,107.79902512185976,13.043478260869565,20,23,3,0,20,23,21416,0,0,0,0,0
2020-06-23,US,Illinois,Ford,26,1,0,40.59706922,-88.22350769,17053.0,200.60180541624874,3.8461538461538463,25,25,1,0,24,22,13264,1,0,0,1,3
2020-06-23,US,Illinois,Franklin,12,0,0,37.99189086,-88.92567818,17055.0,31.19394837401544,0.0,12,12,0,0,12,12,38701,0,0,0,0,0
2020-06-23,US,Illinois,Fulton,13,0,0,40.47289135,-90.20862357,17057.0,37.85672684915551,0.0,13,12,0,0,12,12,34844,1,0,0,1,0
2020-06-23,US,Illinois,Gallatin,2,0,0,37.76430935,-88.22953869,17059.0,41.42502071251035,0.0,2,2,0,0,2,2,5058,0,0,0,0,0
2020-06-23,US,Illinois,Greene,9,0,0,39.35907414,-90.388865,17061.0,69.39625260235947,0.0,9,8,0,0,8,8,13044,1,0,0,1,0
2020-06-23,US,Illinois,Grundy,143,3,0,41.28569601,-88.41905692,17063.0,280.095585066792,2.097902097902098,140,142,3,0,139,142,50972,1,0,0,1,0
2020-06-23,US,Illinois,Hamilton,2,0,0,38.08163641,-88.53883373,17065.0,24.64268112370626,0.0,2,2,0,0,2,2,8163,0,0,0,0,0
2020-06-23,US,Illinois,Hancock,18,1,0,40.40423981,-91.16313899,17067.0,101.6489722159476,5.5555555555555545,17,18,1,0,17,18,17844,0,0,0,0,0
2020-06-23,US,Illinois,Hardin,1,0,0,37.51810645,-88.26873022,17069.0,26.17115938236064,0.0,1,1,0,0,1,1,3910,0,0,0,0,0
2020-06-23,US,Illinois,Henderson,8,0,0,40.81908672,-90.92491462,17071.0,120.37315678603672,0.0,8,8,0,0,8,8,6709,0,0,0,0,0
2020-06-23,US,Illinois,Henry,76,1,0,41.3533994,-90.13296166,17073.0,155.3779158914808,1.3157894736842106,75,75,1,0,74,74,49090,1,0,0,1,1
2020-06-23,US,Illinois,Iroquois,143,5,0,40.74717633,-87.82466784,17075.0,527.4028177325367,3.4965034965034967,138,143,5,0,138,143,27604,0,0,0,0,0
2020-06-23,US,Illinois,Jackson,325,18,0,37.78595185,-89.38232563,17077.0,572.6872246696037,5.538461538461538,307,324,18,0,306,323,57419,1,0,0,1,1
2020-06-23,US,Illinois,Jasper,46,7,0,39.01054275,-88.15437049,17079.0,478.6680541103018,15.217391304347824,39,46,7,0,39,46,9611,0,0,0,0,0
2020-06-23,US,Illinois,Jefferson,104,17,0,38.29980057,-88.9240025,17081.0,275.97919541449954,16.346153846153847,87,104,16,0,88,104,37820,0,1,0,-1,0
2020-06-23,US,Illinois,Jersey,32,1,0,39.08869046,-90.35393073,17083.0,146.97101915216092,3.125,31,33,1,0,32,31,21847,-1,0,0,-1,2
2020-06-23,US,Illinois,Jo Daviess,38,1,0,42.36542373,-90.21094405,17085.0,178.94984695078875,2.631578947368421,37,38,1,0,37,38,21366,0,0,0,0,0
2020-06-23,US,Illinois,Johnson,20,0,0,37.45939802,-88.88165419,17087.0,161.0695014898929,0.0,20,20,0,0,20,20,12456,0,0,0,0,0
2020-06-23,US,Illinois,Kane,7457,254,0,41.93842729,-88.42861412,17089.0,1400.630725221308,3.4061955209869916,7203,7430,252,0,7178,7399,534216,27,2,0,25,31
2020-06-23,US,Illinois,Kankakee,1158,62,0,41.13746989,-87.86205334,17091.0,1054.0496258943035,5.354058721934369,1096,1149,61,0,1088,1145,110024,9,1,0,8,4
2020-06-23,US,Illinois,Kendall,924,21,0,41.59081014,-88.42869583,17093.0,716.3345995813629,2.272727272727273,903,918,20,0,898,912,127915,6,1,0,5,6
2020-06-23,US,Illinois,Knox,117,0,0,40.93148779,-90.21330340000002,17095.0,235.41721161391575,0.0,117,117,0,0,117,117,50112,0,0,0,0,0
2020-06-23,US,Illinois,LaSalle,191,16,0,41.34426129999999,-88.88633881,17099.0,175.7630971114117,8.37696335078534,175,190,16,0,174,190,109430,1,0,0,1,0
2020-06-23,US,Illinois,Lake,9404,405,0,42.3224907,-88.00367925,17097.0,1350.1116239672094,4.30667800935772,8999,9356,401,0,8955,9326,700832,48,4,0,44,30
2020-06-23,US,Illinois,Lawrence,5,0,0,38.71987914,-87.72884035,17101.0,31.891822936599056,0.0,5,5,0,0,5,5,15765,0,0,0,0,0
2020-06-23,US,Illinois,Lee,96,2,0,41.74583951,-89.29977132,17103.0,281.55795401220087,2.083333333333333,94,96,2,0,94,96,34223,0,0,0,0,0
2020-06-23,US,Illinois,Livingston,38,2,0,40.89188292,-88.55784752,17105.0,106.59784560143628,5.2631578947368425,36,37,2,0,35,37,35761,1,0,0,1,0
2020-06-23,US,Illinois,Logan,13,0,0,40.12581572,-89.36638784,17107.0,45.42595569222168,0.0,13,13,0,0,13,13,28925,0,0,0,0,0
2020-06-23,US,Illinois,Macon,220,22,0,39.86064913,-88.96342505,17115.0,211.52015690949818,10.0,198,219,21,0,198,218,104712,1,1,0,0,1
2020-06-23,US,Illinois,Macoupin,47,3,0,39.26119767,-89.92424028,17117.0,104.61648043449229,6.382978723404255,44,47,3,0,44,47,45313,0,0,0,0,0
2020-06-23,US,Illinois,Madison,826,67,0,38.83042506,-89.90422563,17119.0,314.1090483180335,8.111380145278451,759,815,67,0,748,813,264461,11,0,0,11,2
2020-06-23,US,Illinois,Marion,62,0,0,38.64963204,-88.91899208,17121.0,166.64426824351563,0.0,62,60,0,0,60,60,37620,2,0,0,2,0
2020-06-23,US,Illinois,Marshall,6,0,0,41.0327901,-89.34510444,17123.0,52.45672320335723,0.0,6,6,0,0,6,6,11534,0,0,0,0,0
2020-06-23,US,Illinois,Mason,19,0,0,40.23917274,-89.91824452,17125.0,142.22621453701626,0.0,19,19,0,0,19,19,13565,0,0,0,0,0
2020-06-23,US,Illinois,Massac,7,0,0,37.22078441,-88.71036614,17127.0,50.827766482718566,0.0,7,7,0,0,7,7,14080,0,0,0,0,0
2020-06-23,US,Illinois,McDonough,101,15,0,40.45674722,-90.67775541,17109.0,340.27356647126203,14.851485148514852,86,101,15,0,86,101,29955,0,0,0,0,0
2020-06-23,US,Illinois,McHenry,1922,92,0,42.32451172,-88.45248227,17111.0,624.4841994450474,4.786680541103019,1830,1921,91,0,1830,1911,308570,1,1,0,0,10
2020-06-23,US,Illinois,McLean,253,13,0,40.48996987,-88.84621113,17113.0,147.50724417987718,5.138339920948616,240,254,13,0,241,251,172828,-1,0,0,-1,3
2020-06-23,US,Illinois,Menard,23,0,0,40.02742725,-89.80246001,17129.0,188.58642177763198,0.0,23,23,0,0,23,23,12288,0,0,0,0,0
2020-06-23,US,Illinois,Mercer,20,0,0,41.20596782,-90.74290052,17131.0,129.55885210857028,0.0,20,20,0,0,20,20,15601,0,0,0,0,0
2020-06-23,US,Illinois,Monroe,116,12,0,38.27594376,-90.17761038,17133.0,334.901983428126,10.344827586206897,104,116,12,0,104,113,34335,0,0,0,0,3
2020-06-23,US,Illinois,Montgomery,41,1,0,39.23198845,-89.47809254,17135.0,144.29506581262757,2.4390243902439024,40,41,1,0,40,41,28601,0,0,0,0,0
2020-06-23,US,Illinois,Morgan,121,3,0,39.71654544,-90.20255104,17137.0,359.4984847584526,2.479338842975207,118,119,3,0,116,119,33976,2,0,0,2,0
2020-06-23,US,Illinois,Moultrie,15,0,0,39.64187451,-88.62099969,17139.0,103.44114199020756,0.0,15,15,0,0,15,15,14717,0,0,0,0,0
2020-06-23,US,Illinois,Ogle,237,4,0,42.04165196,-89.32184679,17141.0,467.9817546353889,1.6877637130801688,233,236,4,0,232,234,50923,1,0,0,1,2
2020-06-23,US,Illinois,Out of IL,7,0,0,0.0,0.0,80017.0,0.0,0.0,7,6,0,0,6,10,,1,0,0,1,-4
2020-06-23,US,Illinois,Peoria,442,25,0,40.78702156,-89.76078901,17143.0,246.68069360806788,5.656108597285066,417,434,25,0,409,428,180621,8,0,0,8,6
2020-06-23,US,Illinois,Perry,44,0,0,38.08510853,-89.36856219,17145.0,210.36527060623447,0.0,44,44,0,0,44,44,21174,0,0,0,0,0
2020-06-23,US,Illinois,Piatt,18,0,0,40.01360584,-88.59319339,17147.0,110.13215859030836,0.0,18,18,0,0,18,17,16396,0,0,0,0,1
2020-06-23,US,Illinois,Pike,2,0,0,39.62265059,-90.8877017,17149.0,12.852644431591802,0.0,2,2,0,0,2,2,15611,0,0,0,0,0
2020-06-23,US,Illinois,Pope,1,0,0,37.41391284,-88.56152109,17151.0,23.94062724443381,0.0,1,1,0,0,1,1,4212,0,0,0,0,0
2020-06-23,US,Illinois,Pulaski,67,0,0,37.22631423,-89.13085001,17153.0,1255.8575445173385,0.0,67,66,0,0,66,66,5463,1,0,0,1,0
2020-06-23,US,Illinois,Putnam,1,0,0,41.2013541,-89.2869272,17155.0,17.424638438752392,0.0,1,1,0,0,1,1,5740,0,0,0,0,0
2020-06-23,US,Illinois,Randolph,278,7,0,38.05095369,-89.82512254,17157.0,874.7089547542635,2.5179856115107917,271,278,7,0,271,278,32106,0,0,0,0,0
2020-06-23,US,Illinois,Richland,4,0,0,38.71240969,-88.08475366,17159.0,25.78482563011668,0.0,4,4,0,0,4,4,15763,0,0,0,0,0
2020-06-23,US,Illinois,Rock Island,797,28,0,41.46613806,-90.57042164,17161.0,561.7462767569549,3.5131744040150563,769,789,28,0,761,785,143477,8,0,0,8,4
2020-06-23,US,Illinois,Saline,8,0,0,37.75332999,-88.54119706,17165.0,34.05559576007833,0.0,8,8,0,0,8,8,23906,0,0,0,0,0
2020-06-23,US,Illinois,Sangamon,392,31,0,39.75836914,-89.65872023,17167.0,201.3643461822964,7.908163265306122,361,388,31,0,357,387,195348,4,0,0,4,1
2020-06-23,US,Illinois,Schuyler,13,0,0,40.1571798,-90.61114163,17169.0,192.08037825059105,0.0,13,13,0,0,13,13,6907,0,0,0,0,0
2020-06-23,US,Illinois,Shelby,16,1,0,39.39133527,-88.80611122,17173.0,73.95765924008505,6.25,15,16,1,0,15,16,21741,0,0,0,0,0
2020-06-23,US,Illinois,St. Clair,1624,127,0,38.46996033,-89.93063427,17163.0,625.3706399266807,7.820197044334974,1497,1610,126,0,1484,1604,261059,14,1,0,13,6
2020-06-23,US,Illinois,Stark,3,0,0,41.09309773,-89.79745866,17175.0,56.15874204417821,0.0,3,3,0,0,3,3,5427,0,0,0,0,0
2020-06-23,US,Illinois,Stephenson,255,5,0,42.35129217,-89.662598,17177.0,573.0594633466673,1.96078431372549,250,248,5,0,243,249,44753,7,0,0,7,-1
2020-06-23,US,Illinois,Tazewell,113,7,0,40.50716185,-89.51404662,17179.0,85.73401212415499,6.1946902654867255,106,112,7,0,105,111,132328,1,0,0,1,1
2020-06-23,US,Illinois,Unassigned,44,0,0,0.0,0.0,90017.0,0.0,0.0,44,51,0,0,51,49,,-7,0,0,-7,2
2020-06-23,US,Illinois,Union,182,18,0,37.47119609,-89.25548938,17181.0,1092.896174863388,9.89010989010989,164,182,18,0,164,182,16841,0,0,0,0,0
2020-06-23,US,Illinois,Vermilion,50,2,0,40.18417171,-87.73384359,17183.0,65.99963040206976,4.0,48,50,2,0,48,49,76806,0,0,0,0,1
2020-06-23,US,Illinois,Wabash,22,0,0,38.44272901,-87.84922065,17185.0,190.97222222222226,0.0,22,22,0,0,22,22,11549,0,0,0,0,0
2020-06-23,US,Illinois,Warren,129,0,0,40.84925021,-90.6147432,17187.0,765.8513417240559,0.0,129,129,0,0,129,129,17032,0,0,0,0,0
2020-06-23,US,Illinois,Washington,19,0,0,38.35309213,-89.40982703,17189.0,136.81860733059696,0.0,19,19,0,0,19,19,13995,0,0,0,0,0
2020-06-23,US,Illinois,Wayne,11,1,0,38.42955355,-88.42586459,17191.0,67.83842121492445,9.090909090909092,10,11,1,0,10,11,16332,0,0,0,0,0
2020-06-23,US,Illinois,White,3,0,0,38.08706198,-88.17657461,17193.0,22.16148334195169,0.0,3,3,0,0,3,3,13665,0,0,0,0,0
2020-06-23,US,Illinois,Whiteside,176,15,0,41.75509713,-89.91556058,17195.0,318.9850475758949,8.522727272727273,161,173,15,0,158,172,55626,3,0,0,3,1
2020-06-23,US,Illinois,Will,6433,310,0,41.44619267,-87.97862712,17197.0,931.3159887251843,4.818902533810042,6123,6398,310,0,6088,6367,692310,35,0,0,35,31
2020-06-23,US,Illinois,Williamson,95,4,0,37.73033511,-88.92994027,17199.0,142.64906827634874,4.2105263157894735,91,93,4,0,89,93,67056,2,0,0,2,0
2020-06-23,US,Illinois,Winnebago,2893,83,0,42.33641854,-89.16085327,17201.0,1023.8098608496242,2.868994123746976,2810,2883,82,0,2801,2861,284081,10,1,0,9,22
2020-06-23,US,Illinois,Woodford,32,2,0,40.78579374,-89.20973757,17203.0,83.20549156244311,6.25,30,32,2,0,30,32,38463,0,0,0,0,0
2020-06-23,US,Indiana,Adams,36,1,0,40.7457653,-84.93671406,18001.0,100.62330547558487,2.7777777777777777,35,36,1,0,35,36,35636,0,0,0,0,0
2020-06-23,US,Indiana,Allen,2436,97,0,41.09194313,-85.06800636,18003.0,642.2373905546813,3.9819376026272577,2339,2427,95,0,2332,2414,375351,9,2,0,7,13
2020-06-23,US,Indiana,Bartholomew,568,43,0,39.20744865,-85.89558181,18005.0,677.9741940104323,7.570422535211267,525,566,43,0,523,567,82753,2,0,0,2,-1
2020-06-23,US,Indiana,Benton,44,0,0,40.60626947,-87.31093999,18007.0,502.97210791037946,0.0,44,43,0,0,43,41,8653,1,0,0,1,2
2020-06-23,US,Indiana,Blackford,33,2,0,40.47388153,-85.32499702,18009.0,280.65997618642626,6.0606060606060606,31,32,2,0,30,32,11930,1,0,0,1,0
2020-06-23,US,Indiana,Boone,396,41,0,40.0509304,-86.46841646,18011.0,583.7006028624912,10.353535353535351,355,393,40,0,353,390,66999,3,1,0,2,3
2020-06-23,US,Indiana,Brown,37,1,0,39.19605589,-86.22868909,18013.0,245.1630002650411,2.702702702702702,36,37,1,0,36,37,15234,0,0,0,0,0
2020-06-23,US,Indiana,Carroll,103,2,0,40.580783200000006,-86.56198812,18015.0,508.46620921163054,1.9417475728155342,101,103,2,0,101,103,20127,0,0,0,0,0
2020-06-23,US,Indiana,Cass,1625,9,0,40.76135835,-86.34830753,18017.0,4311.6028549444145,0.5538461538461539,1616,1625,9,0,1616,1625,37955,0,0,0,0,0
2020-06-23,US,Indiana,Clark,597,43,0,38.48015445,-85.70510334,18019.0,504.6406654156312,7.202680067001675,554,592,43,0,549,592,117360,5,0,0,5,0
2020-06-23,US,Indiana,Clay,56,4,0,39.39561833,-87.11723506,18021.0,213.53670162059106,7.142857142857142,52,56,3,0,53,56,26170,0,1,0,-1,0
2020-06-23,US,Indiana,Clinton,273,1,0,40.30319754,-86.47277257,18023.0,842.6185993394857,0.3663003663003663,272,273,1,0,272,273,32250,0,0,0,0,0
2020-06-23,US,Indiana,Crawford,27,0,0,38.28814402,-86.44518825,18025.0,255.27087075730358,0.0,27,27,0,0,27,27,10558,0,0,0,0,0
2020-06-23,US,Indiana,Daviess,132,16,0,38.70186039,-87.07185406,18027.0,395.79023117747596,12.12121212121212,116,132,16,0,116,132,33147,0,0,0,0,0
2020-06-23,US,Indiana,DeKalb,139,4,0,41.39804622,-84.99906934,18033.0,319.7239792984474,2.8776978417266186,135,139,4,0,135,139,43226,0,0,0,0,0
2020-06-23,US,Indiana,Dearborn,190,22,0,39.14647946,-84.97333539,18029.0,384.164341461442,11.578947368421053,168,189,22,0,167,189,49568,1,0,0,1,0
2020-06-23,US,Indiana,Decatur,239,32,0,39.30712658,-85.50087166,18031.0,899.8832787379042,13.389121338912132,207,239,32,0,207,239,26794,0,0,0,0,0
2020-06-23,US,Indiana,Delaware,410,47,0,40.22787247,-85.39732772,18035.0,359.22372628904367,11.46341463414634,363,407,47,0,360,407,114772,3,0,0,3,0
2020-06-23,US,Indiana,Dubois,251,6,0,38.36597551,-86.87924170000002,18037.0,587.3268438786971,2.3904382470119523,245,252,6,0,246,251,42565,-1,0,0,-1,1
2020-06-23,US,Indiana,Elkhart,2665,39,0,41.59761169,-85.85875695,18039.0,1291.5513640042454,1.4634146341463414,2626,2625,38,0,2587,2603,205560,40,1,0,39,22
2020-06-23,US,Indiana,Fayette,86,7,0,39.63684962,-85.17797541,18041.0,372.26214180590426,8.13953488372093,79,85,7,0,78,85,23047,1,0,0,1,0
2020-06-23,US,Indiana,Floyd,347,43,0,38.32117957,-85.90385377,18043.0,441.9143679478363,12.391930835734868,304,345,43,0,302,344,77781,2,0,0,2,1
2020-06-23,US,Indiana,Fountain,24,2,0,40.12361933,-87.24217689,18045.0,146.82491129328275,8.333333333333334,22,24,2,0,22,24,16351,0,0,0,0,0
2020-06-23,US,Indiana,Franklin,121,8,0,39.4142482,-85.06062647,18047.0,531.6811670621321,6.6115702479338845,113,121,8,0,113,121,22736,0,0,0,0,0
2020-06-23,US,Indiana,Fulton,63,1,0,41.0469907,-86.26252745,18049.0,315.41003304295583,1.5873015873015872,62,62,1,0,61,62,20092,1,0,0,1,0
2020-06-23,US,Indiana,Gibson,27,2,0,38.30393723,-87.58054938,18051.0,80.21628687720967,7.407407407407407,25,27,2,0,25,27,33452,0,0,0,0,0
2020-06-23,US,Indiana,Grant,277,26,0,40.51587228,-85.65468702,18053.0,421.17106843649736,9.386281588447654,251,278,26,0,252,278,65936,-1,0,0,-1,0
2020-06-23,US,Indiana,Greene,184,29,0,39.03630547,-86.96223202,18055.0,576.4049871561932,15.76086956521739,155,184,29,0,155,184,32006,0,0,0,0,0
2020-06-23,US,Indiana,Hamilton,1393,97,0,40.07306535,-86.05244729,18057.0,412.1167654307108,6.963388370423546,1296,1374,97,0,1277,1369,330086,19,0,0,19,5
2020-06-23,US,Indiana,Hancock,392,34,0,39.82304555,-85.77566351,18059.0,501.48398321563815,8.673469387755103,358,393,33,0,360,391,76351,-1,1,0,-2,2
2020-06-23,US,Indiana,Harrison,200,22,0,38.19467379,-86.10948271,18061.0,493.6443292607676,11.0,178,200,22,0,178,200,40350,0,0,0,0,0
2020-06-23,US,Indiana,Hendricks,1327,94,0,39.76719009,-86.51037283,18063.0,779.1628256542442,7.083647324792767,1233,1320,94,0,1226,1318,167009,7,0,0,7,2
2020-06-23,US,Indiana,Henry,211,15,0,39.93029017,-85.39625719,18065.0,439.8399066121904,7.109004739336492,196,210,15,0,195,209,48271,1,0,0,1,1
2020-06-23,US,Indiana,Howard,501,50,0,40.48527731,-86.11351892,18067.0,606.9490211281258,9.98003992015968,451,500,49,0,451,499,82366,1,1,0,0,1
2020-06-23,US,Indiana,Huntington,62,2,0,40.82907273,-85.48822092,18069.0,169.76998904709748,3.2258064516129035,60,61,2,0,59,60,36240,1,0,0,1,1
2020-06-23,US,Indiana,Jackson,432,3,0,38.90915820000001,-86.03851889,18071.0,976.6905563970973,0.6944444444444444,429,430,3,0,427,431,44111,2,0,0,2,-1
2020-06-23,US,Indiana,Jasper,93,2,0,41.02078733,-87.11553319,18073.0,277.0991001728145,2.150537634408602,91,92,2,0,90,91,33370,1,0,0,1,1
2020-06-23,US,Indiana,Jay,65,0,0,40.43781032,-85.00576229,18075.0,318.06615776081424,0.0,65,64,0,0,64,63,20764,1,0,0,1,1
2020-06-23,US,Indiana,Jefferson,58,1,0,38.78576239,-85.43633383,18077.0,179.52209978952578,1.7241379310344829,57,56,1,0,55,56,32208,2,0,0,2,0
2020-06-23,US,Indiana,Jennings,164,9,0,38.99588883,-85.62710784,18079.0,591.3106183522625,5.487804878048781,155,163,9,0,154,161,27611,1,0,0,1,2
2020-06-23,US,Indiana,Johnson,1205,117,0,39.48994426,-86.10149107,18081.0,761.8529781812894,9.709543568464731,1088,1200,117,0,1083,1200,156225,5,0,0,5,0
2020-06-23,US,Indiana,Knox,47,0,0,38.68861576,-87.4194665,18083.0,128.4363556867246,0.0,47,46,0,0,46,44,36895,1,0,0,1,2
2020-06-23,US,Indiana,Kosciusko,397,2,0,41.24521668,-85.86312322,18085.0,499.6476037051953,0.5037783375314862,395,390,2,0,388,381,79344,7,0,0,7,9
2020-06-23,US,Indiana,LaGrange,408,6,0,41.64232188,-85.42674232,18087.0,1029.9389104861916,1.4705882352941178,402,396,6,0,390,377,39330,12,0,0,12,19
2020-06-23,US,Indiana,LaPorte,492,25,0,41.54366008,-86.74072188,18091.0,447.7285963890506,5.08130081300813,467,489,25,0,464,486,110007,3,0,0,3,3
2020-06-23,US,Indiana,Lake,4489,238,0,41.41874274,-87.38277575,18089.0,924.6271315961301,5.3018489641345505,4251,4437,235,0,4202,4400,484411,52,3,0,49,37
2020-06-23,US,Indiana,Lawrence,197,24,0,38.84112637,-86.48361629,18093.0,434.20762618470354,12.182741116751268,173,196,24,0,172,193,45668,1,0,0,1,3
2020-06-23,US,Indiana,Madison,621,63,0,40.16143691,-85.71964711,18095.0,479.2813095725058,10.144927536231883,558,621,63,0,558,620,129641,0,0,0,0,1
2020-06-23,US,Indiana,Marion,10977,669,0,39.78163624,-86.13826325,18097.0,1138.0058927079294,6.094561355561629,10308,10962,669,0,10293,10945,954670,15,0,0,15,17
2020-06-23,US,Indiana,Marshall,369,3,0,41.32467367,-86.26185087,18099.0,797.6998573219768,0.8130081300813008,366,365,3,0,362,359,46248,4,0,0,4,6
2020-06-23,US,Indiana,Martin,22,0,0,38.7099921,-86.80373186,18101.0,214.5294978059483,0.0,22,21,0,0,21,21,10217,1,0,0,1,0
2020-06-23,US,Indiana,Miami,177,2,0,40.76940965,-86.04525048,18103.0,498.3669332131997,1.1299435028248588,175,177,2,0,175,176,35567,0,0,0,0,1
2020-06-23,US,Indiana,Monroe,213,26,0,39.16130004,-86.52414358,18105.0,143.5010206762738,12.206572769953054,187,209,26,0,183,208,146917,4,0,0,4,1
2020-06-23,US,Indiana,Montgomery,274,19,0,40.04034823,-86.89335024,18107.0,714.6956022745057,6.934306569343065,255,273,19,0,254,272,38346,1,0,0,1,1
2020-06-23,US,Indiana,Morgan,305,30,0,39.47899078,-86.44573375,18109.0,432.6916256437175,9.836065573770492,275,305,30,0,275,306,70116,0,0,0,0,-1
2020-06-23,US,Indiana,Newton,89,10,0,40.95610449,-87.39635768,18111.0,636.441647597254,11.235955056179776,79,89,10,0,79,88,14011,0,0,0,0,1
2020-06-23,US,Indiana,Noble,376,27,0,41.39672484,-85.41966713,18113.0,787.5335120643433,7.180851063829786,349,374,27,0,347,367,47532,2,0,0,2,7
2020-06-23,US,Indiana,Ohio,13,0,0,38.955305,-84.96515993,18115.0,221.27659574468086,0.0,13,13,0,0,13,13,5844,0,0,0,0,0
2020-06-23,US,Indiana,Orange,132,23,0,38.54118920000001,-86.49523093,18117.0,671.8924972004478,17.424242424242426,109,132,23,0,109,132,19489,0,0,0,0,0
2020-06-23,US,Indiana,Owen,40,1,0,39.31145587,-86.83900724,18119.0,192.316938314342,2.5,39,40,1,0,39,40,20845,0,0,0,0,0
2020-06-23,US,Indiana,Parke,20,0,0,39.77202286,-87.20375833,18121.0,118.08466670602822,0.0,20,20,0,0,20,20,16927,0,0,0,0,0
2020-06-23,US,Indiana,Perry,109,4,0,38.07809328,-86.63741946,18123.0,568.6264280870155,3.669724770642202,105,107,3,0,104,105,19102,2,1,0,1,2
2020-06-23,US,Indiana,Pike,6,0,0,38.40112197,-87.23574907,18125.0,48.43005892323836,0.0,6,6,0,0,6,6,12410,0,0,0,0,0
2020-06-23,US,Indiana,Porter,626,36,0,41.45986947,-87.06848888,18127.0,367.3946088069066,5.7507987220447285,590,622,36,0,586,615,169594,4,0,0,4,7
2020-06-23,US,Indiana,Posey,26,0,0,38.02097333,-87.86480429,18129.0,102.25351004837376,0.0,26,26,0,0,26,24,25540,0,0,0,0,2
2020-06-23,US,Indiana,Pulaski,54,1,0,41.04166107,-86.69890683,18131.0,437.14077552011656,1.851851851851852,53,54,1,0,53,54,12469,0,0,0,0,0
2020-06-23,US,Indiana,Putnam,159,8,0,39.66437981,-86.84517605,18133.0,423.1424313391528,5.031446540880503,151,159,8,0,151,158,37779,0,0,0,0,1
2020-06-23,US,Indiana,Randolph,74,4,0,40.15734772,-85.01139319,18135.0,300.02027163997565,5.405405405405406,70,72,3,0,69,71,24851,2,1,0,1,1
2020-06-23,US,Indiana,Ripley,112,7,0,39.10235626,-85.26212744,18137.0,395.4243750882644,6.25,105,112,7,0,105,112,28523,0,0,0,0,0
2020-06-23,US,Indiana,Rush,52,3,0,39.62002287,-85.4655599,18139.0,313.61196550268386,5.769230769230768,49,52,3,0,49,52,16663,0,0,0,0,0
2020-06-23,US,Indiana,Scott,151,6,0,38.68672078,-85.74627859,18143.0,632.5137184266745,3.9735099337748334,145,149,6,0,143,149,23878,2,0,0,2,0
2020-06-23,US,Indiana,Shelby,407,24,0,39.52305623,-85.79158570000001,18145.0,909.9242102439133,5.896805896805898,383,407,24,0,383,408,44593,0,0,0,0,-1
2020-06-23,US,Indiana,Spencer,25,1,0,38.01519732,-87.0079644,18147.0,123.29240025644822,4.0,24,25,1,0,24,24,20327,0,0,0,0,1
2020-06-23,US,Indiana,St. Joseph,1687,58,0,41.61756781,-86.29040834,18141.0,620.6176009653234,3.4380557202133972,1629,1677,57,0,1620,1662,270771,10,1,0,9,15
2020-06-23,US,Indiana,Starke,61,3,0,41.27890281,-86.64686895,18149.0,265.27505979560766,4.918032786885246,58,60,3,0,57,60,22935,1,0,0,1,0
2020-06-23,US,Indiana,Steuben,111,2,0,41.64423868,-85.00101094,18151.0,320.86488986529463,1.8018018018018016,109,110,2,0,108,109,34586,1,0,0,1,1
2020-06-23,US,Indiana,Sullivan,41,1,0,39.08952258,-87.41414469,18153.0,198.36470075959167,2.4390243902439024,40,41,1,0,40,41,20690,0,0,0,0,0
2020-06-23,US,Indiana,Switzerland,22,0,0,38.82767338,-85.03022429,18155.0,204.63212724397732,0.0,22,22,0,0,22,22,10717,0,0,0,0,0
2020-06-23,US,Indiana,Tippecanoe,541,8,0,40.38872739,-86.89413959,18157.0,276.39834058815114,1.478743068391867,533,539,7,0,532,530,193048,2,1,0,1,9
2020-06-23,US,Indiana,Tipton,28,1,0,40.31123252,-86.05234925,18159.0,184.8428835489834,3.571428571428572,27,28,1,0,27,28,15128,0,0,0,0,0
2020-06-23,US,Indiana,Unassigned,0,192,0,0.0,0.0,90018.0,0.0,0.0,-192,0,190,0,-190,0,,0,2,0,-2,0
2020-06-23,US,Indiana,Union,12,0,0,39.62550777,-84.92497066,18161.0,170.1162461015027,0.0,12,12,0,0,12,12,7037,0,0,0,0,0
2020-06-23,US,Indiana,Vanderburgh,347,6,0,38.02658833,-87.58763124,18163.0,191.2362015089473,1.7291066282420748,341,343,6,0,337,342,180974,4,0,0,4,1
2020-06-23,US,Indiana,Vermillion,13,0,0,39.8523352,-87.46160542,18165.0,83.88179119886435,0.0,13,13,0,0,13,13,15479,0,0,0,0,0
2020-06-23,US,Indiana,Vigo,212,8,0,39.42944561,-87.39169027,18167.0,198.06050187783777,3.7735849056603774,204,212,8,0,204,210,107386,0,0,0,0,2
2020-06-23,US,Indiana,Wabash,95,2,0,40.84704239,-85.79328272,18169.0,306.49116014969667,2.1052631578947367,93,95,2,0,93,93,31280,0,0,0,0,2
2020-06-23,US,Indiana,Warren,14,1,0,40.34728141,-87.35602659,18171.0,169.38898971566852,7.142857142857142,13,14,1,0,13,14,8263,0,0,0,0,0
2020-06-23,US,Indiana,Warrick,182,29,0,38.08922676,-87.2716085,18173.0,288.8980602558812,15.934065934065936,153,181,29,0,152,180,62567,1,0,0,1,1
2020-06-23,US,Indiana,Washington,62,1,0,38.60219804,-86.1049363,18175.0,221.14424311599373,1.6129032258064515,61,62,1,0,61,62,27943,0,0,0,0,0
2020-06-23,US,Indiana,Wayne,110,6,0,39.8633444,-85.01044989,18177.0,166.9601117114929,5.454545454545454,104,110,6,0,104,108,65936,0,0,0,0,2
2020-06-23,US,Indiana,Wells,65,1,0,40.72934187,-85.22132966,18179.0,229.71444727169919,1.5384615384615383,64,65,1,0,64,65,28206,0,0,0,0,0
2020-06-23,US,Indiana,White,249,10,0,40.74911165,-86.86492015,18181.0,1033.1092855364698,4.016064257028113,239,249,10,0,239,249,24133,0,0,0,0,0
2020-06-23,US,Indiana,Whitley,71,4,0,41.13863784,-85.50791236,18183.0,209.04487103992463,5.633802816901407,67,72,4,0,68,71,34074,-1,0,0,-1,1
2020-06-23,US,Iowa,Adair,12,0,0,41.33075609,-94.47105874,19001.0,167.78523489932888,0.0,12,12,0,0,12,12,7063,0,0,0,0,0
2020-06-23,US,Iowa,Adams,7,0,0,41.02903567,-94.69932645,19003.0,194.3364797334814,0.0,7,7,0,0,7,7,3645,0,0,0,0,0
2020-06-23,US,Iowa,Allamakee,122,4,0,43.28383218,-91.37860922,19005.0,891.3567618908452,3.278688524590164,118,121,4,0,117,121,13832,1,0,0,1,0
2020-06-23,US,Iowa,Appanoose,20,3,0,40.74324454,-92.86865906,19007.0,160.95284081764044,15.0,17,20,3,0,17,20,12437,0,0,0,0,0
2020-06-23,US,Iowa,Audubon,15,1,0,41.6844628,-94.90581859,19009.0,272.9257641921397,6.666666666666668,14,15,1,0,14,15,5506,0,0,0,0,0
2020-06-23,US,Iowa,Benton,52,1,0,42.08011739,-92.06463573,19011.0,202.7685708715149,1.9230769230769231,51,52,1,0,51,52,25642,0,0,0,0,0
2020-06-23,US,Iowa,Black Hawk,1913,56,0,42.4704581,-92.30524729,19013.0,1457.7681592343095,2.9273392577104027,1857,1897,56,0,1841,1892,132408,16,0,0,16,5
2020-06-23,US,Iowa,Boone,115,1,0,42.03657094,-93.9313999,19015.0,438.36243043378823,0.8695652173913043,114,115,1,0,114,117,26346,0,0,0,0,-2
2020-06-23,US,Iowa,Bremer,85,6,0,42.77461496,-92.31795937,19017.0,339.15888596281223,7.0588235294117645,79,82,6,0,76,82,24947,3,0,0,3,0
2020-06-23,US,Iowa,Buchanan,40,1,0,42.4709188,-91.83510825,19019.0,188.90200708382525,2.5,39,38,1,0,37,37,21199,2,0,0,2,1
2020-06-23,US,Iowa,Buena Vista,1670,10,0,42.73545875,-95.15100162,19021.0,8511.72273190622,0.5988023952095808,1660,1668,10,0,1658,1666,19874,2,0,0,2,2
2020-06-23,US,Iowa,Butler,36,2,0,42.73172833,-92.79015971,19023.0,249.32474548098895,5.5555555555555545,34,35,2,0,33,35,14539,1,0,0,1,0
2020-06-23,US,Iowa,Calhoun,26,0,0,42.38521079,-94.64046046,19025.0,268.9284236657013,0.0,26,25,0,0,25,25,9699,1,0,0,1,0
2020-06-23,US,Iowa,Carroll,69,1,0,42.03617207,-94.86032705,19027.0,342.17703942474583,1.4492753623188406,68,69,1,0,68,70,20154,0,0,0,0,-1
2020-06-23,US,Iowa,Cass,16,0,0,41.33149454,-94.92792482,19029.0,124.64942349641632,0.0,16,16,0,0,16,16,12930,0,0,0,0,0
2020-06-23,US,Iowa,Cedar,62,1,0,41.77233777,-91.13246684,19031.0,332.8501637408064,1.6129032258064515,61,61,1,0,60,60,18627,1,0,0,1,1
2020-06-23,US,Iowa,Cerro Gordo,62,1,0,43.08177563,-93.2612239,19033.0,146.05418138987042,1.6129032258064515,61,60,1,0,59,59,42647,2,0,0,2,1
2020-06-23,US,Iowa,Cherokee,68,0,0,42.73538914,-95.62389402,19035.0,605.2514463729417,0.0,68,66,0,0,66,66,11321,2,0,0,2,0
2020-06-23,US,Iowa,Chickasaw,20,0,0,43.06001295,-92.31773347,19037.0,167.60244699572613,0.0,20,20,0,0,20,21,11964,0,0,0,0,-1
2020-06-23,US,Iowa,Clarke,111,2,0,41.02868181,-93.78499767,19039.0,1181.4795103778606,1.8018018018018016,109,111,2,0,109,112,9423,0,0,0,0,-1
2020-06-23,US,Iowa,Clay,109,0,0,43.08247182,-95.15096481,19041.0,680.5694305694307,0.0,109,105,0,0,105,105,16134,4,0,0,4,0
2020-06-23,US,Iowa,Clayton,35,3,0,42.84443388,-91.34133693,19043.0,199.44156362185882,8.571428571428571,32,35,3,0,32,35,17556,0,0,0,0,0
2020-06-23,US,Iowa,Clinton,75,1,0,41.89981633,-90.53275096,19045.0,161.53697042796531,1.3333333333333333,74,75,1,0,74,75,46518,0,0,0,0,0
2020-06-23,US,Iowa,Crawford,642,2,0,42.03718237,-95.3819718,19047.0,3816.8846611177173,0.3115264797507788,640,640,2,0,638,640,17158,2,0,0,2,0
2020-06-23,US,Iowa,Dallas,1084,29,0,41.68560356,-94.04127625,19049.0,1159.9413608979914,2.675276752767528,1055,1079,29,0,1050,1073,90180,5,0,0,5,6
2020-06-23,US,Iowa,Davis,36,1,0,40.74773536,-92.41005468,19051.0,400.0,2.7777777777777777,35,36,1,0,35,36,9017,0,0,0,0,0
2020-06-23,US,Iowa,Decatur,9,0,0,40.73742757,-93.78645949,19053.0,114.35832274459976,0.0,9,9,0,0,9,9,7890,0,0,0,0,0
2020-06-23,US,Iowa,Delaware,34,1,0,42.47104597,-91.3664492,19055.0,199.8706719181706,2.9411764705882355,33,33,1,0,32,33,17069,1,0,0,1,0
2020-06-23,US,Iowa,Des Moines,78,2,0,40.92012606,-91.18326592,19057.0,200.16937408576487,2.5641025641025643,76,78,2,0,76,76,39138,0,0,0,0,2
2020-06-23,US,Iowa,Dickinson,212,2,0,43.37787725,-95.1510206,19059.0,1228.4158071618958,0.9433962264150944,210,205,2,0,203,200,17153,7,0,0,7,5
2020-06-23,US,Iowa,Dubuque,454,22,0,42.46815349,-90.88181925,19061.0,466.54540596643756,4.845814977973569,432,421,22,0,399,415,96854,33,0,0,33,6
2020-06-23,US,Iowa,Emmet,63,0,0,43.37782951,-94.67858943,19063.0,684.1876629018245,0.0,63,58,0,0,58,57,9253,5,0,0,5,1
2020-06-23,US,Iowa,Fayette,30,0,0,42.86271799,-91.8441231,19065.0,152.67175572519085,0.0,30,29,0,0,29,29,19660,1,0,0,1,0
2020-06-23,US,Iowa,Floyd,46,1,0,43.06000529999999,-92.78940097,19067.0,294.08004091548395,2.1739130434782608,45,36,1,0,35,33,15761,10,0,0,10,3
2020-06-23,US,Iowa,Franklin,66,0,0,42.73270384,-93.26256925,19069.0,655.4121151936445,0.0,66,66,0,0,66,60,10124,0,0,0,0,6
2020-06-23,US,Iowa,Fremont,4,0,0,40.74542720000001,-95.60129045,19071.0,57.4712643678161,0.0,4,4,0,0,4,4,6993,0,0,0,0,0
2020-06-23,US,Iowa,Greene,28,0,0,42.03614551,-94.39658081,19073.0,315.031503150315,0.0,28,28,0,0,28,28,8981,0,0,0,0,0
2020-06-23,US,Iowa,Grundy,26,0,0,42.40183723,-92.78829551,19075.0,212.55722694571617,0.0,26,26,0,0,26,26,12304,0,0,0,0,0
2020-06-23,US,Iowa,Guthrie,63,4,0,41.68378965,-94.50111014,19077.0,589.3909626719058,6.349206349206349,59,63,4,0,59,62,10720,0,0,0,0,1
2020-06-23,US,Iowa,Hamilton,170,0,0,42.38382428,-93.70197703,19079.0,1150.7479861910242,0.0,170,168,0,0,168,158,14952,2,0,0,2,10
2020-06-23,US,Iowa,Hancock,38,0,0,43.08178477,-93.73454884,19081.0,357.4788334901222,0.0,38,38,0,0,38,37,10712,0,0,0,0,1
2020-06-23,US,Iowa,Hardin,54,0,0,42.38353877,-93.23654611,19083.0,320.55087261070884,0.0,54,53,0,0,53,53,16868,1,0,0,1,0
2020-06-23,US,Iowa,Harrison,44,0,0,41.68330137,-95.81558439,19085.0,313.18955085771233,0.0,44,44,0,0,44,42,14134,0,0,0,0,2
2020-06-23,US,Iowa,Henry,79,3,0,40.98767962,-91.54436349,19087.0,395.9105943670442,3.79746835443038,76,78,3,0,75,78,20067,1,0,0,1,0
2020-06-23,US,Iowa,Howard,14,0,0,43.35671042,-92.31702714,19089.0,152.87180607119458,0.0,14,14,0,0,14,14,9187,0,0,0,0,0
2020-06-23,US,Iowa,Humboldt,42,1,0,42.7764426,-94.20722537,19091.0,439.42247332077835,2.380952380952381,41,41,1,0,40,40,9547,1,0,0,1,1
2020-06-23,US,Iowa,Ida,21,0,0,42.38696136,-95.51355387,19093.0,306.1224489795918,0.0,21,20,0,0,20,20,6841,1,0,0,1,0
2020-06-23,US,Iowa,Iowa,40,0,0,41.68630265,-92.0643373,19095.0,247.15768660405342,0.0,40,40,0,0,40,39,16141,0,0,0,0,1
2020-06-23,US,Iowa,Jackson,19,0,0,42.17178824,-90.57354837,19097.0,97.74165337723134,0.0,19,19,0,0,19,19,19432,0,0,0,0,0
2020-06-23,US,Iowa,Jasper,304,17,0,41.68576082,-93.05567785,19099.0,817.5339518623102,5.592105263157895,287,297,17,0,280,296,37147,7,0,0,7,1
2020-06-23,US,Iowa,Jefferson,49,0,0,41.03192394,-91.94849466,19101.0,267.83274118611644,0.0,49,48,0,0,48,47,18381,1,0,0,1,1
2020-06-23,US,Iowa,Johnson,811,8,0,41.67169354,-91.58754744,19103.0,536.5885933571524,0.9864364981504316,803,775,8,0,767,756,151260,36,0,0,36,19
2020-06-23,US,Iowa,Jones,47,0,0,42.12118609,-91.13139641,19105.0,227.2617378269909,0.0,47,47,0,0,47,46,20744,0,0,0,0,1
2020-06-23,US,Iowa,Keokuk,17,1,0,41.33649833,-92.1785067,19107.0,165.91840718329104,5.882352941176472,16,16,1,0,15,16,10225,1,0,0,1,0
2020-06-23,US,Iowa,Kossuth,27,0,0,43.20405458,-94.20691791,19109.0,182.27232836022407,0.0,27,25,0,0,25,24,14908,2,0,0,2,1
2020-06-23,US,Iowa,Lee,43,1,0,40.64181461,-91.48183025,19111.0,127.75945568529578,2.3255813953488373,42,44,1,0,43,45,34055,-1,0,0,-1,-1
2020-06-23,US,Iowa,Linn,1107,80,0,42.07923082,-91.59809485,19113.0,488.2976189425952,7.226738934056008,1027,1099,80,0,1019,1095,225909,8,0,0,8,4
2020-06-23,US,Iowa,Louisa,356,13,0,41.21842119,-91.26102611,19115.0,3226.0987766198464,3.651685393258427,343,355,13,0,342,356,11169,1,0,0,1,-1
2020-06-23,US,Iowa,Lucas,28,3,0,41.02958964,-93.32780803,19117.0,325.5813953488372,10.714285714285714,25,26,3,0,23,26,8645,2,0,0,2,0
2020-06-23,US,Iowa,Lyon,37,0,0,43.38107862,-96.20926845,19119.0,314.75967673330496,0.0,37,36,0,0,36,32,11811,1,0,0,1,4
2020-06-23,US,Iowa,Madison,35,2,0,41.33081904,-94.01554631,19121.0,214.22450728363324,5.7142857142857135,33,34,2,0,32,35,16249,1,0,0,1,-1
2020-06-23,US,Iowa,Mahaska,112,15,0,41.33521503,-92.64083907,19123.0,506.90201403032364,13.392857142857142,97,112,15,0,97,111,22000,0,0,0,0,1
2020-06-23,US,Iowa,Marion,48,0,0,41.33445101,-93.09934783,19125.0,144.34787838691247,0.0,48,46,0,0,46,45,33407,2,0,0,2,1
2020-06-23,US,Iowa,Marshall,978,18,0,42.03586837,-92.9990819,19127.0,2484.188066753029,1.8404907975460123,960,974,18,0,956,974,39981,4,0,0,4,0
2020-06-23,US,Iowa,Mills,31,0,0,41.03299766,-95.61920963,19129.0,205.17572307895958,0.0,31,31,0,0,31,31,15063,0,0,0,0,0
2020-06-23,US,Iowa,Mitchell,9,0,0,43.35638371,-92.78887719,19131.0,85.01794823351597,0.0,9,9,0,0,9,8,10569,0,0,0,0,1
2020-06-23,US,Iowa,Monona,63,0,0,42.05220391,-95.95743843,19133.0,731.2826465467207,0.0,63,59,0,0,59,59,8679,4,0,0,4,0
2020-06-23,US,Iowa,Monroe,49,6,0,41.02988815,-92.8690667,19135.0,635.7856494096276,12.244897959183671,43,49,6,0,43,49,7790,0,0,0,0,0
2020-06-23,US,Iowa,Montgomery,10,2,0,41.03018714,-95.15642896,19137.0,100.83694665725521,20.0,8,10,2,0,8,10,10003,0,0,0,0,0
2020-06-23,US,Iowa,Muscatine,590,43,0,41.48370744,-91.1121697,19139.0,1382.8989311831988,7.288135593220339,547,585,43,0,542,583,42929,5,0,0,5,2
2020-06-23,US,Iowa,O'Brien,74,1,0,43.08310673,-95.62474482,19141.0,538.0644223078601,1.351351351351351,73,73,1,0,72,71,13840,1,0,0,1,2
2020-06-23,US,Iowa,Osceola,49,0,0,43.37824276,-95.62422844,19143.0,822.4236320913056,0.0,49,49,0,0,49,49,6040,0,0,0,0,0
2020-06-23,US,Iowa,Page,18,0,0,40.7393172,-95.1497813,19145.0,119.1500628847554,0.0,18,18,0,0,18,18,15249,0,0,0,0,0
2020-06-23,US,Iowa,Palo Alto,23,0,0,43.08193849,-94.67824621,19147.0,258.83412108935397,0.0,23,22,0,0,22,22,8929,1,0,0,1,0
2020-06-23,US,Iowa,Plymouth,253,4,0,42.737633,-96.21366621,19149.0,1004.8854112880805,1.5810276679841897,249,249,4,0,245,243,25095,4,0,0,4,6
2020-06-23,US,Iowa,Pocahontas,39,1,0,42.73420133,-94.67862564,19151.0,589.2128720350506,2.5641025641025643,38,39,1,0,38,38,6740,0,0,0,0,1
2020-06-23,US,Iowa,Polk,5582,168,0,41.68679484,-93.57767461,19153.0,1138.8094932073336,3.0096739519885345,5414,5532,167,0,5365,5498,487204,50,1,0,49,34
2020-06-23,US,Iowa,Pottawattamie,626,11,0,41.33640314,-95.53907776,19155.0,671.6305817222067,1.757188498402556,615,626,11,0,615,620,93533,0,0,0,0,6
2020-06-23,US,Iowa,Poweshiek,97,8,0,41.68625425,-92.53155731,19157.0,524.210981409425,8.24742268041237,89,97,8,0,89,96,18699,0,0,0,0,1
2020-06-23,US,Iowa,Ringgold,12,0,0,40.73518949,-94.24368535,19159.0,245.19820187985292,0.0,12,11,0,0,11,11,4968,1,0,0,1,0
2020-06-23,US,Iowa,Sac,48,0,0,42.38624071,-95.10547892,19161.0,493.7763604567431,0.0,48,47,0,0,47,47,9719,1,0,0,1,0
2020-06-23,US,Iowa,Scott,460,10,0,41.63935978,-90.61959493,19163.0,265.98358996894933,2.1739130434782608,450,451,10,0,441,445,173283,9,0,0,9,6
2020-06-23,US,Iowa,Shelby,85,0,0,41.6850066,-95.31015553,19165.0,742.0988301030208,0.0,85,78,0,0,78,78,11578,7,0,0,7,0
2020-06-23,US,Iowa,Sioux,423,0,0,43.08221074,-96.1767568,19167.0,1213.5991966719266,0.0,423,422,0,0,422,419,34909,1,0,0,1,3
2020-06-23,US,Iowa,Story,521,3,0,42.03621213,-93.46499005,19169.0,536.4663241245097,0.5758157389635317,518,483,3,0,480,469,98105,38,0,0,38,14
2020-06-23,US,Iowa,Tama,432,29,0,42.07991767,-92.53266945,19171.0,2563.189747241011,6.712962962962963,403,432,29,0,403,431,16904,0,0,0,0,1
2020-06-23,US,Iowa,Taylor,76,0,0,40.73710579,-94.69778563,19173.0,1241.6271851004738,0.0,76,76,0,0,76,76,6191,0,0,0,0,0
2020-06-23,US,Iowa,Unassigned,5,0,0,0.0,0.0,90019.0,0.0,0.0,5,8,0,0,8,5,,-3,0,0,-3,3
2020-06-23,US,Iowa,Union,14,0,0,41.0277278,-94.24234847,19175.0,114.36974103422924,0.0,14,14,0,0,14,12,12359,0,0,0,0,2
2020-06-23,US,Iowa,Van Buren,16,0,0,40.75326764,-91.95017958,19177.0,227.14366837024414,0.0,16,13,0,0,13,12,7020,3,0,0,3,1
2020-06-23,US,Iowa,Wapello,689,28,0,41.03064984,-92.40954728,19179.0,1970.316566101404,4.063860667634253,661,689,27,0,662,688,35205,0,1,0,-1,1
2020-06-23,US,Iowa,Warren,214,2,0,41.33559454,-93.56007641,19181.0,415.8084949286908,0.9345794392523364,212,213,2,0,211,210,51056,1,0,0,1,3
2020-06-23,US,Iowa,Washington,214,9,0,41.33577126,-91.71725711,19183.0,974.2772592761212,4.205607476635514,205,214,9,0,205,212,22141,0,0,0,0,2
2020-06-23,US,Iowa,Wayne,6,0,0,40.73969028,-93.32752197,19185.0,93.15323707498837,0.0,6,5,0,0,5,5,6401,1,0,0,1,0
2020-06-23,US,Iowa,Webster,133,1,0,42.42853483,-94.17987389,19187.0,370.43226381461676,0.7518796992481203,132,126,1,0,125,120,36277,7,0,0,7,6
2020-06-23,US,Iowa,Winnebago,17,0,0,43.37751174,-93.73407298,19189.0,164.18775352520763,0.0,17,15,0,0,15,15,10518,2,0,0,2,0
2020-06-23,US,Iowa,Winneshiek,24,0,0,43.29094334,-91.84422722,19191.0,120.05402431093992,0.0,24,24,0,0,24,24,20029,0,0,0,0,0
2020-06-23,US,Iowa,Woodbury,3083,43,0,42.38979414,-96.0459439,19193.0,2990.097665531923,1.3947453778786896,3040,3069,42,0,3027,3066,102539,14,1,0,13,3
2020-06-23,US,Iowa,Worth,8,0,0,43.37750768,-93.26087602,19195.0,108.38639750711286,0.0,8,8,0,0,8,6,7453,0,0,0,0,2
2020-06-23,US,Iowa,Wright,341,0,0,42.73305373,-93.73515113,19197.0,2714.535901926445,0.0,341,335,0,0,335,332,12690,6,0,0,6,3
2020-06-23,US,Kansas,Allen,2,0,0,37.88582951,-95.30030847,20001.0,16.169455897809037,0.0,2,2,0,0,2,2,12444,0,0,0,0,0
2020-06-23,US,Kansas,Anderson,3,0,0,38.21413251,-95.29272815,20003.0,38.17765334690761,0.0,3,3,0,0,3,3,7878,0,0,0,0,0
2020-06-23,US,Kansas,Atchison,28,0,0,39.53185661,-95.30870026,20005.0,174.20518882598145,0.0,28,28,0,0,28,27,16193,0,0,0,0,1
2020-06-23,US,Kansas,Barber,1,0,0,37.2288586,-98.68460053,20007.0,22.588660492432798,0.0,1,1,0,0,1,1,4472,0,0,0,0,0
2020-06-23,US,Kansas,Barton,54,2,0,38.47889676,-98.75636726,20009.0,209.47282671942278,3.703703703703704,52,54,2,0,52,54,26111,0,0,0,0,0
2020-06-23,US,Kansas,Bourbon,14,1,0,37.85508555,-94.84865997,20011.0,96.32585661208202,7.142857142857142,13,14,1,0,13,9,14653,0,0,0,0,5
2020-06-23,US,Kansas,Brown,14,0,0,39.82652589,-95.56421698,20013.0,146.3822668339607,0.0,14,14,0,0,14,14,9598,0,0,0,0,0
2020-06-23,US,Kansas,Butler,51,0,0,37.78134351,-96.83878537,20015.0,76.22065131293809,0.0,51,50,0,0,50,47,66765,1,0,0,1,3
2020-06-23,US,Kansas,Chase,4,0,0,38.30292938,-96.59563862,20017.0,151.0574018126888,0.0,4,4,0,0,4,3,2629,0,0,0,0,1
2020-06-23,US,Kansas,Chautauqua,4,0,0,37.14994405,-96.2454192,20019.0,123.07692307692308,0.0,4,4,0,0,4,4,3309,0,0,0,0,0
2020-06-23,US,Kansas,Cherokee,21,0,0,37.16928494,-94.8462897,20021.0,105.32122975073976,0.0,21,18,0,0,18,17,20015,3,0,0,3,1
2020-06-23,US,Kansas,Cheyenne,2,0,0,39.78580976,-101.7318201,20023.0,75.27286413248024,0.0,2,2,0,0,2,2,2660,0,0,0,0,0
2020-06-23,US,Kansas,Clark,34,1,0,37.23577007,-99.81883015,20025.0,1705.1153460381142,2.9411764705882355,33,34,1,0,33,34,2005,0,0,0,0,0
2020-06-23,US,Kansas,Clay,6,2,0,39.34948772,-97.16518128,20027.0,74.9812546863284,33.333333333333336,4,6,2,0,4,6,7997,0,0,0,0,0
2020-06-23,US,Kansas,Cloud,8,0,0,39.48028352,-97.64925343,20029.0,91.05394946505804,0.0,8,7,0,0,7,7,8729,1,0,0,1,0
2020-06-23,US,Kansas,Coffey,53,8,0,38.2365018,-95.73379515,20031.0,648.0009781146838,15.094339622641508,45,53,8,0,45,52,8233,0,0,0,0,1
2020-06-23,US,Kansas,Comanche,2,0,0,37.19114520000001,-99.27113247,20033.0,117.64705882352942,0.0,2,2,0,0,2,2,1748,0,0,0,0,0
2020-06-23,US,Kansas,Cowley,60,1,0,37.23781842,-96.83776647,20035.0,171.88037126160194,1.6666666666666667,59,59,1,0,58,55,35218,1,0,0,1,4
2020-06-23,US,Kansas,Crawford,192,1,0,37.50675523,-94.85245778,20037.0,494.6158998402803,0.5208333333333334,191,192,1,0,191,167,39019,0,0,0,0,25
2020-06-23,US,Kansas,Dickinson,6,1,0,38.86600962,-97.15532383,20041.0,32.492147730965016,16.666666666666668,5,6,1,0,5,6,18717,0,0,0,0,0
2020-06-23,US,Kansas,Doniphan,24,0,0,39.79067154,-95.14056866,20043.0,315.7894736842105,0.0,24,24,0,0,24,24,7682,0,0,0,0,0
2020-06-23,US,Kansas,Douglas,102,0,0,38.88503636,-95.2925121,20045.0,83.42944077736608,0.0,102,102,0,0,102,91,121436,0,0,0,0,11
2020-06-23,US,Kansas,Edwards,6,0,0,37.88735543,-99.31263309,20047.0,214.43888491779842,0.0,6,6,0,0,6,6,2849,0,0,0,0,0
2020-06-23,US,Kansas,Ellis,14,0,0,38.91458712,-99.31751551,20051.0,49.031625398381955,0.0,14,14,0,0,14,14,28710,0,0,0,0,0
2020-06-23,US,Kansas,Ellsworth,3,0,0,38.69677695,-98.20462799,20053.0,49.164208456243855,0.0,3,3,0,0,3,3,6196,0,0,0,0,0
2020-06-23,US,Kansas,Finney,1558,10,0,38.04340344,-100.73819379999999,20055.0,4272.3558285573245,0.6418485237483954,1548,1554,10,0,1544,1546,36611,4,0,0,4,8
2020-06-23,US,Kansas,Ford,1898,8,0,37.69200114,-99.88825298,20057.0,5645.617061780541,0.4214963119072708,1890,1898,8,0,1890,1892,33888,0,0,0,0,6
2020-06-23,US,Kansas,Franklin,65,0,0,38.56443815,-95.28644341,20059.0,254.46288756655187,0.0,65,65,0,0,65,57,25631,0,0,0,0,8
2020-06-23,US,Kansas,Geary,38,1,0,38.99871131,-96.7577178,20061.0,119.98736975055256,2.631578947368421,37,36,1,0,35,33,32594,2,0,0,2,3
2020-06-23,US,Kansas,Gove,1,0,0,38.91588178,-100.4829321,20063.0,37.93626707132018,0.0,1,1,0,0,1,1,2612,0,0,0,0,0
2020-06-23,US,Kansas,Grant,24,1,0,37.56227336,-101.3079758,20067.0,335.6643356643357,4.166666666666667,23,24,1,0,23,23,7336,0,0,0,0,1
2020-06-23,US,Kansas,Gray,24,0,0,37.73836671,-100.4369088,20069.0,400.80160320641284,0.0,24,24,0,0,24,24,6033,0,0,0,0,0
2020-06-23,US,Kansas,Greenwood,11,0,0,37.8774388,-96.23250453,20073.0,183.884988298228,0.0,11,11,0,0,11,11,6055,0,0,0,0,0
2020-06-23,US,Kansas,Hamilton,28,0,0,37.99978709,-101.7921066,20075.0,1102.7963765261914,0.0,28,28,0,0,28,28,2607,0,0,0,0,0
2020-06-23,US,Kansas,Harper,2,0,0,37.19175361,-98.07578384,20077.0,36.79175864606328,0.0,2,2,0,0,2,2,5506,0,0,0,0,0
2020-06-23,US,Kansas,Harvey,20,0,0,38.04293782,-97.42747573,20079.0,58.09056318801011,0.0,20,20,0,0,20,13,34210,0,0,0,0,7
2020-06-23,US,Kansas,Haskell,23,0,0,37.562039399999996,-100.8710738,20081.0,579.6370967741935,0.0,23,23,0,0,23,23,3997,0,0,0,0,0
2020-06-23,US,Kansas,Hodgeman,9,0,0,38.08780079,-99.89829881,20083.0,501.6722408026756,0.0,9,9,0,0,9,8,1818,0,0,0,0,1
2020-06-23,US,Kansas,Jackson,104,1,0,39.41673394,-95.79356799,20085.0,789.6135449092703,0.9615384615384616,103,104,1,0,103,104,13280,0,0,0,0,0
2020-06-23,US,Kansas,Jefferson,22,0,0,39.2347941,-95.38289232,20087.0,115.52801554376936,0.0,22,22,0,0,22,22,18975,0,0,0,0,0
2020-06-23,US,Kansas,Jewell,4,0,0,39.78470589,-98.21820662,20089.0,138.9371309482459,0.0,4,4,0,0,4,4,2841,0,0,0,0,0
2020-06-23,US,Kansas,Johnson,1316,81,0,38.88548175,-94.82250877,20091.0,218.45913270396298,6.155015197568389,1235,1277,80,0,1197,1257,597555,39,1,0,38,20
2020-06-23,US,Kansas,Kearny,48,1,0,38.00017981,-101.32168100000001,20093.0,1250.6513809275666,2.083333333333333,47,48,1,0,47,46,3943,0,0,0,0,2
2020-06-23,US,Kansas,Kiowa,3,0,0,37.55848695,-99.2856537,20097.0,121.21212121212122,0.0,3,3,0,0,3,3,2516,0,0,0,0,0
2020-06-23,US,Kansas,Labette,28,0,0,37.19113093,-95.29849679,20099.0,142.72606789682942,0.0,28,28,0,0,28,28,19964,0,0,0,0,0
2020-06-23,US,Kansas,Lane,5,0,0,38.48119447,-100.46607540000001,20101.0,325.73289902280135,0.0,5,5,0,0,5,5,1560,0,0,0,0,0
2020-06-23,US,Kansas,Leavenworth,1132,7,0,39.20183497,-95.03620809,20103.0,1384.573986643509,0.6183745583038869,1125,1132,7,0,1125,1122,81352,0,0,0,0,10
2020-06-23,US,Kansas,Linn,12,0,0,38.21267844,-94.84254089,20107.0,123.67309079666084,0.0,12,12,0,0,12,12,9750,0,0,0,0,0
2020-06-23,US,Kansas,Logan,1,0,0,38.91735806,-101.148475,20109.0,35.79098067287043,0.0,1,,,,,,2844,,,,,
2020-06-23,US,Kansas,Lyon,479,6,0,38.45576156,-96.15275715,20111.0,1442.9884018677512,1.2526096033402925,473,476,6,0,470,476,33406,3,0,0,3,0
2020-06-23,US,Kansas,Marion,7,1,0,38.35855394,-97.09852509999999,20115.0,58.902726354762706,14.285714285714285,6,7,1,0,6,7,11950,0,0,0,0,0
2020-06-23,US,Kansas,McPherson,49,0,0,38.39184858,-97.64769869,20113.0,171.6768271319459,0.0,49,49,0,0,49,41,28537,0,0,0,0,8
2020-06-23,US,Kansas,Meade,30,0,0,37.23859987,-100.36483100000001,20119.0,743.86312918423,0.0,30,30,0,0,30,30,4146,0,0,0,0,0
2020-06-23,US,Kansas,Miami,20,0,0,38.56383358,-94.83832189,20121.0,58.41633320676461,0.0,20,20,0,0,20,20,33680,0,0,0,0,0
2020-06-23,US,Kansas,Mitchell,4,0,0,39.39331582,-98.20906732,20123.0,66.9008195350393,0.0,4,4,0,0,4,4,6150,0,0,0,0,0
2020-06-23,US,Kansas,Montgomery,26,3,0,37.19236568,-95.74329258,20125.0,81.68651230010367,11.538461538461537,23,26,3,0,23,25,32120,0,0,0,0,1
2020-06-23,US,Kansas,Morris,5,0,0,38.68827511,-96.65128437,20127.0,88.96797153024912,0.0,5,5,0,0,5,5,5521,0,0,0,0,0
2020-06-23,US,Kansas,Morton,6,1,0,37.19141121,-101.79925190000002,20129.0,231.92887514495555,16.666666666666668,5,6,1,0,5,6,2667,0,0,0,0,0
2020-06-23,US,Kansas,Nemaha,23,0,0,39.78345387,-96.01392079,20131.0,224.80695924152087,0.0,23,23,0,0,23,22,10155,0,0,0,0,1
2020-06-23,US,Kansas,Neosho,17,0,0,37.55862897,-95.30670046,20133.0,106.20353595302055,0.0,17,17,0,0,17,17,15951,0,0,0,0,0
2020-06-23,US,Kansas,Ness,4,0,0,38.47974157,-99.91547333,20135.0,145.45454545454547,0.0,4,4,0,0,4,4,2840,0,0,0,0,0
2020-06-23,US,Kansas,Norton,3,0,0,39.78443827,-99.90286639,20137.0,55.95970900951315,0.0,3,3,0,0,3,3,5430,0,0,0,0,0
2020-06-23,US,Kansas,Osage,10,0,0,38.65235984,-95.72707998,20139.0,62.699855790331675,0.0,10,10,0,0,10,10,15941,0,0,0,0,0
2020-06-23,US,Kansas,Osborne,2,0,0,39.3503437,-98.76753828,20141.0,58.46243788365975,0.0,2,2,0,0,2,2,3475,0,0,0,0,0
2020-06-23,US,Kansas,Ottawa,4,0,0,39.13237408,-97.65020313,20143.0,70.12622720897616,0.0,4,4,0,0,4,4,5802,0,0,0,0,0
2020-06-23,US,Kansas,Pawnee,3,0,0,38.18108732,-99.23692334,20145.0,46.772684752104766,0.0,3,3,0,0,3,3,6562,0,0,0,0,0
2020-06-23,US,Kansas,Phillips,3,0,0,39.78465501,-99.34668865,20147.0,57.3175391669851,0.0,3,3,0,0,3,2,5317,0,0,0,0,1
2020-06-23,US,Kansas,Pottawatomie,48,0,0,39.37925655,-96.34564657,20149.0,196.85846696468846,0.0,48,48,0,0,48,42,24277,0,0,0,0,6
2020-06-23,US,Kansas,Pratt,6,0,0,37.64780729,-98.73922153,20151.0,65.47359231776517,0.0,6,6,0,0,6,6,9378,0,0,0,0,0
2020-06-23,US,Kansas,Reno,58,0,0,37.95230263,-98.08607292,20155.0,93.55140488402851,0.0,58,60,0,0,60,55,62342,-2,0,0,-2,5
2020-06-23,US,Kansas,Republic,8,0,0,39.82799632,-97.65036709,20157.0,172.5625539257981,0.0,8,4,0,0,4,4,4664,4,0,0,4,0
2020-06-23,US,Kansas,Rice,4,0,0,38.34616184,-98.19992118,20159.0,41.94191045402118,0.0,4,4,0,0,4,4,9531,0,0,0,0,0
2020-06-23,US,Kansas,Riley,132,3,0,39.28935726,-96.73420026,20161.0,177.82088587132233,2.272727272727273,129,132,3,0,129,103,73703,0,0,0,0,29
2020-06-23,US,Kansas,Rooks,6,0,0,39.35022773,-99.32484567,20163.0,121.95121951219512,0.0,6,6,0,0,6,6,5013,0,0,0,0,0
2020-06-23,US,Kansas,Saline,50,2,0,38.78369175,-97.65185177,20169.0,92.21009147241074,4.0,48,50,2,0,48,40,54401,0,0,0,0,10
2020-06-23,US,Kansas,Scott,16,0,0,38.48222076,-100.90665390000001,20171.0,331.74372797014314,0.0,16,16,0,0,16,16,4897,0,0,0,0,0
2020-06-23,US,Kansas,Sedgwick,937,26,0,37.6842718,-97.4608198,20173.0,181.57436797780025,2.774813233724653,911,896,25,0,871,882,513607,41,1,0,40,14
2020-06-23,US,Kansas,Seward,968,2,0,37.19324632,-100.85072009999999,20175.0,4517.453798767967,0.2066115702479339,966,968,2,0,966,955,21780,0,0,0,0,13
2020-06-23,US,Kansas,Shawnee,509,9,0,39.04100763,-95.75572640000001,20177.0,287.773851590106,1.7681728880157166,500,503,9,0,494,491,177499,6,0,0,6,12
2020-06-23,US,Kansas,Sheridan,3,0,0,39.35018161,-100.44182590000001,20179.0,119.00039666798891,0.0,3,3,0,0,3,3,2533,0,0,0,0,0
2020-06-23,US,Kansas,Sherman,7,0,0,39.35147699,-101.71976240000001,20181.0,118.30319418624303,0.0,7,7,0,0,7,7,5899,0,0,0,0,0
2020-06-23,US,Kansas,Smith,3,0,0,39.78516566,-98.78566062,20183.0,83.72871895060004,0.0,3,3,0,0,3,3,3603,0,0,0,0,0
2020-06-23,US,Kansas,Stafford,1,0,0,38.03100851,-98.71762001,20185.0,24.06159769008662,0.0,1,1,0,0,1,1,4178,0,0,0,0,0
2020-06-23,US,Kansas,Stanton,10,0,0,37.56304714,-101.78435340000001,20187.0,498.5044865403789,0.0,10,10,0,0,10,9,1987,0,0,0,0,1
2020-06-23,US,Kansas,Stevens,30,0,0,37.1923008,-101.3118967,20189.0,546.9462169553327,0.0,30,30,0,0,30,30,5559,0,0,0,0,0
2020-06-23,US,Kansas,Sumner,10,1,0,37.23682549,-97.47721621,20191.0,43.790506218251885,10.0,9,10,1,0,9,9,22996,0,0,0,0,1
2020-06-23,US,Kansas,Thomas,12,0,0,39.35107575,-101.0553705,20193.0,154.3011444001543,0.0,12,10,0,0,10,,7711,2,0,0,2,
2020-06-23,US,Kansas,Trego,1,0,0,38.91467218,-99.87284448,20195.0,35.676061362825536,0.0,1,1,0,0,1,1,2793,0,0,0,0,0
2020-06-23,US,Kansas,Unassigned,0,1,0,0.0,0.0,90020.0,0.0,0.0,-1,0,1,0,-1,,,0,0,0,0,
2020-06-23,US,Kansas,Wabaunsee,32,0,0,38.95471985,-96.20350509,20197.0,461.6938392728322,0.0,32,32,0,0,32,32,6899,0,0,0,0,0
2020-06-23,US,Kansas,Washington,1,0,0,39.78420784,-97.08753229999999,20201.0,18.49796522382538,0.0,1,1,0,0,1,1,5420,0,0,0,0,0
2020-06-23,US,Kansas,Wilson,1,0,0,37.55937174,-95.74323255,20205.0,11.730205278592374,0.0,1,1,0,0,1,1,8665,0,0,0,0,0
2020-06-23,US,Kansas,Woodson,6,0,0,37.8865336,-95.74006277,20207.0,191.20458891013385,0.0,6,6,0,0,6,6,3183,0,0,0,0,0
2020-06-23,US,Kansas,Wyandotte,1899,78,0,39.11727348,-94.76378225,20209.0,1147.924487242261,4.107424960505529,1821,1896,78,0,1818,1834,165324,3,0,0,3,62
2020-06-23,US,Kentucky,Adair,108,19,0,37.10459774,-85.28129668,21001.0,562.4414123528799,17.592592592592588,89,105,19,0,86,105,19215,3,0,0,3,0
2020-06-23,US,Kentucky,Allen,156,5,0,36.75197631,-86.19457544,21003.0,731.8789584799437,3.2051282051282053,151,152,4,0,148,152,21122,4,1,0,3,0
2020-06-23,US,Kentucky,Anderson,26,1,0,38.00671029,-84.99171713,21005.0,114.30078691695608,3.8461538461538463,25,27,1,0,26,27,22663,-1,0,0,-1,0
2020-06-23,US,Kentucky,Ballard,14,0,0,37.05842757,-88.99427697,21007.0,177.4847870182556,0.0,14,14,0,0,14,14,7979,0,0,0,0,0
2020-06-23,US,Kentucky,Barren,74,2,0,36.96469836,-85.93338945,21009.0,167.23541774955368,2.702702702702702,72,71,2,0,69,71,44176,3,0,0,3,0
2020-06-23,US,Kentucky,Bath,11,1,0,38.14735938,-83.74588932,21011.0,88.0,9.090909090909092,10,10,1,0,9,10,12383,1,0,0,1,0
2020-06-23,US,Kentucky,Bell,6,0,0,36.73355174,-83.67766671,21013.0,23.04855562384757,0.0,6,5,0,0,5,5,26569,1,0,0,1,0
2020-06-23,US,Kentucky,Boone,575,23,0,38.97065142,-84.72615357,21015.0,430.4504383108376,4.0,552,571,23,0,548,568,131533,4,0,0,4,3
2020-06-23,US,Kentucky,Bourbon,27,1,0,38.2054607,-84.21827874,21017.0,136.44633110976352,3.703703703703704,26,27,1,0,26,27,20184,0,0,0,0,0
2020-06-23,US,Kentucky,Boyd,49,3,0,38.36176608,-82.68652187,21019.0,104.88462691039857,6.1224489795918355,46,49,3,0,46,49,47240,0,0,0,0,0
2020-06-23,US,Kentucky,Boyle,36,0,0,37.62680923,-84.8633779,21021.0,119.76047904191616,0.0,36,34,0,0,34,32,30100,2,0,0,2,2
2020-06-23,US,Kentucky,Bracken,17,0,0,38.69158994,-84.08532444,21023.0,204.74527279296643,0.0,17,16,0,0,16,16,8239,1,0,0,1,0
2020-06-23,US,Kentucky,Breathitt,4,0,0,37.52333168,-83.31959161,21025.0,31.670625494853525,0.0,4,4,0,0,4,4,12726,0,0,0,0,0
2020-06-23,US,Kentucky,Breckinridge,24,2,0,37.77377239,-86.42885017,21027.0,117.2046686526347,8.333333333333334,22,24,2,0,22,24,20388,0,0,0,0,0
2020-06-23,US,Kentucky,Bullitt,148,4,0,37.97162523,-85.68955617,21029.0,181.20378079239924,2.702702702702702,144,145,4,0,141,144,81069,3,0,0,3,1
2020-06-23,US,Kentucky,Butler,246,14,0,37.20946153,-86.68748787,21031.0,1910.0861868157465,5.691056910569106,232,246,14,0,232,246,12772,0,0,0,0,0
2020-06-23,US,Kentucky,Caldwell,13,0,0,37.14749129,-87.86948214,21033.0,101.98478073272142,0.0,13,13,0,0,13,13,12715,0,0,0,0,0
2020-06-23,US,Kentucky,Calloway,71,1,0,36.62093411,-88.2731593,21035.0,182.04661418937977,1.4084507042253518,70,68,1,0,67,66,39135,3,0,0,3,2
2020-06-23,US,Kentucky,Campbell,234,12,0,38.94384345,-84.37875208,21037.0,250.04274234911952,5.128205128205129,222,232,12,0,220,227,93152,2,0,0,2,5
2020-06-23,US,Kentucky,Carlisle,5,1,0,36.85372876,-88.96692220000001,21039.0,105.04201680672269,20.0,4,5,1,0,4,5,4771,0,0,0,0,0
2020-06-23,US,Kentucky,Carroll,30,0,0,38.66599534,-85.12601074,21041.0,282.19358479917224,0.0,30,29,0,0,29,29,10737,1,0,0,1,0
2020-06-23,US,Kentucky,Carter,21,0,0,38.31690743,-83.05092385,21043.0,78.36698137851252,0.0,21,21,0,0,21,21,27004,0,0,0,0,0
2020-06-23,US,Kentucky,Casey,13,0,0,37.32533118,-84.92726209,21045.0,80.45052292839905,0.0,13,13,0,0,13,13,15888,0,0,0,0,0
2020-06-23,US,Kentucky,Christian,163,3,0,36.89267803,-87.49055367,21047.0,231.33364556279358,1.8404907975460123,160,147,3,0,144,145,71671,16,0,0,16,2
2020-06-23,US,Kentucky,Clark,91,4,0,37.9689263,-84.14615986,21049.0,250.9444888729559,4.395604395604397,87,89,0,0,89,87,36249,2,4,0,-2,2
2020-06-23,US,Kentucky,Clay,37,3,0,37.16451126,-83.712575,21051.0,185.9203055122858,8.108108108108109,34,32,3,0,29,32,20105,5,0,0,5,0
2020-06-23,US,Kentucky,Clinton,5,0,0,36.72581156,-85.13377529,21053.0,48.933255040125275,0.0,5,5,0,0,5,5,10206,0,0,0,0,0
2020-06-23,US,Kentucky,Crittenden,8,1,0,37.35839237,-88.08826090000002,21055.0,90.84714967067907,12.5,7,7,1,0,6,7,8915,1,0,0,1,0
2020-06-23,US,Kentucky,Cumberland,6,0,0,36.78926125,-85.39050034,21057.0,90.71666162685213,0.0,6,6,0,0,6,6,6659,0,0,0,0,0
2020-06-23,US,Kentucky,Daviess,404,8,0,37.73028906,-87.09019479999998,21059.0,397.9864251164897,1.98019801980198,396,382,8,0,374,381,101104,22,0,0,22,1
2020-06-23,US,Kentucky,Edmonson,73,11,0,37.21218923,-86.23955613,21061.0,600.8230452674898,15.068493150684931,62,71,11,0,60,71,12274,2,0,0,2,0
2020-06-23,US,Kentucky,Elliott,2,0,0,38.11624059,-83.09771563,21063.0,26.60635891978183,0.0,2,2,0,0,2,2,7508,0,0,0,0,0
2020-06-23,US,Kentucky,Estill,5,0,0,37.69241417,-83.95956369,21065.0,35.44590954203885,0.0,5,5,0,0,5,5,14198,0,0,0,0,0
2020-06-23,US,Kentucky,Fayette,1200,20,0,38.0368225,-84.45576892,21067.0,371.3422785562212,1.6666666666666667,1180,1156,19,0,1137,1153,323780,44,1,0,43,3
2020-06-23,US,Kentucky,Fleming,13,0,0,38.36758311,-83.69657514,21069.0,89.15712228242235,0.0,13,12,0,0,12,12,14432,1,0,0,1,0
2020-06-23,US,Kentucky,Floyd,26,0,0,37.56213922,-82.74750924,21071.0,73.05628143527494,0.0,26,26,0,0,26,26,35845,0,0,0,0,0
2020-06-23,US,Kentucky,Franklin,120,3,0,38.2379395,-84.87962551,21073.0,235.3356474672001,2.5,117,112,3,0,109,109,50815,8,0,0,8,3
2020-06-23,US,Kentucky,Fulton,16,0,0,36.55238827,-89.20140068,21075.0,268.0515999329871,0.0,16,16,0,0,16,15,6120,0,0,0,0,1
2020-06-23,US,Kentucky,Gallatin,58,7,0,38.75398691,-84.8558382,21077.0,653.9632427556658,12.06896551724138,51,57,7,0,50,57,8832,1,0,0,1,0
2020-06-23,US,Kentucky,Garrard,16,0,0,37.638866799999995,-84.53289319,21079.0,90.5694554511491,0.0,16,16,0,0,16,16,17560,0,0,0,0,0
2020-06-23,US,Kentucky,Grant,54,4,0,38.64962758,-84.62415957,21081.0,215.4054808727911,7.407407407407407,50,53,4,0,49,53,25121,1,0,0,1,0
2020-06-23,US,Kentucky,Graves,185,21,0,36.72292505,-88.65143315,21083.0,496.43106316749845,11.351351351351349,164,185,20,0,165,183,37317,0,1,0,-1,2
2020-06-23,US,Kentucky,Grayson,137,10,0,37.46231118,-86.34248968,21085.0,518.4092027093503,7.299270072992702,127,137,10,0,127,137,26321,0,0,0,0,0
2020-06-23,US,Kentucky,Green,4,1,0,37.26484328,-85.5540745,21087.0,36.55972945800201,25.0,3,6,1,0,5,6,11049,-2,0,0,-2,0
2020-06-23,US,Kentucky,Greenup,21,0,0,38.54332505,-82.9215658,21089.0,59.83246908655764,0.0,21,20,0,0,20,19,35268,1,0,0,1,1
2020-06-23,US,Kentucky,Hancock,15,0,0,37.83766422,-86.78280584,21091.0,171.978903921119,0.0,15,11,0,0,11,11,8758,4,0,0,4,0
2020-06-23,US,Kentucky,Hardin,134,5,0,37.6976111,-85.96319251,21093.0,120.76641612141529,3.7313432835820897,129,134,5,0,129,134,110356,0,0,0,0,0
2020-06-23,US,Kentucky,Harlan,18,2,0,36.85699301,-83.21899516,21095.0,69.20415224913495,11.111111111111109,16,17,1,0,16,17,26409,1,1,0,0,0
2020-06-23,US,Kentucky,Harrison,65,0,0,38.44188174,-84.32869741,21097.0,344.17028486709734,0.0,65,59,0,0,59,59,18778,6,0,0,6,0
2020-06-23,US,Kentucky,Hart,37,0,0,37.29943898,-85.88461055,21099.0,194.37877593905964,0.0,37,36,0,0,36,36,18906,1,0,0,1,0
2020-06-23,US,Kentucky,Henderson,150,3,0,37.79344553,-87.57392021,21101.0,331.78500331785006,2.0,147,144,3,0,141,144,45591,6,0,0,6,0
2020-06-23,US,Kentucky,Henry,30,2,0,38.44942688,-85.11587507,21103.0,186.0349745752201,6.666666666666668,28,29,2,0,27,29,16106,1,0,0,1,0
2020-06-23,US,Kentucky,Hickman,5,0,0,36.67948079999999,-88.97875928,21105.0,114.15525114155253,0.0,5,5,0,0,5,5,4421,0,0,0,0,0
2020-06-23,US,Kentucky,Hopkins,240,32,0,37.30939025,-87.54670406,21107.0,537.080964955467,13.333333333333336,208,233,32,0,201,233,45068,7,0,0,7,0
2020-06-23,US,Kentucky,Jackson,92,13,0,37.41866422,-83.99825483,21109.0,690.2243229049442,14.130434782608695,79,90,13,0,77,90,13442,2,0,0,2,0
2020-06-23,US,Kentucky,Jefferson,3651,185,0,38.18664655,-85.65931031,21111.0,476.1612870831307,5.067104902766365,3466,3609,184,0,3425,3582,770517,42,1,0,41,27
2020-06-23,US,Kentucky,Jessamine,100,0,0,37.87119786,-84.58252003,21113.0,184.79164741753672,0.0,100,99,0,0,99,98,53920,1,0,0,1,1
2020-06-23,US,Kentucky,Johnson,10,0,0,37.85106355,-82.8264322,21115.0,45.06940688660537,0.0,10,10,0,0,10,9,22386,0,0,0,0,1
2020-06-23,US,Kentucky,Kenton,735,36,0,38.93950319,-84.53241199,21117.0,440.12503143750223,4.8979591836734695,699,726,36,0,690,723,166051,9,0,0,9,3
2020-06-23,US,Kentucky,Knott,4,0,0,37.35388197,-82.94981134,21119.0,27.016074564365802,0.0,4,4,0,0,4,4,15126,0,0,0,0,0
2020-06-23,US,Kentucky,Knox,15,0,0,36.89225732,-83.85403396,21121.0,48.16182372772515,0.0,15,13,0,0,13,13,31304,2,0,0,2,0
2020-06-23,US,Kentucky,Larue,11,1,0,37.54567114,-85.70138352,21123.0,76.3994999305459,9.090909090909092,10,11,1,0,10,11,14307,0,0,0,0,0
2020-06-23,US,Kentucky,Laurel,57,2,0,37.10975748,-84.11321779,21125.0,93.72995905480735,3.5087719298245608,55,55,2,0,53,55,60669,2,0,0,2,0
2020-06-23,US,Kentucky,Lawrence,5,0,0,38.07136018,-82.72882223,21127.0,32.64346804204479,0.0,5,5,0,0,5,5,15571,0,0,0,0,0
2020-06-23,US,Kentucky,Lee,1,0,0,37.59645942,-83.71513901,21129.0,13.508037282182901,0.0,1,1,0,0,1,1,7033,0,0,0,0,0
2020-06-23,US,Kentucky,Leslie,8,0,0,37.09246661,-83.37999606,21131.0,80.99625392325605,0.0,8,8,0,0,8,7,10143,0,0,0,0,1
2020-06-23,US,Kentucky,Letcher,13,0,0,37.12306748,-82.85346474,21133.0,60.31642926738737,0.0,13,8,0,0,8,8,21899,5,0,0,5,0
2020-06-23,US,Kentucky,Lewis,16,0,0,38.53184419,-83.37735618,21135.0,120.52730696798493,0.0,16,17,0,0,17,17,13257,-1,0,0,-1,0
2020-06-23,US,Kentucky,Lincoln,21,1,0,37.45475628,-84.6565327,21137.0,85.5431993156544,4.761904761904762,20,20,1,0,19,18,24644,1,0,0,1,2
2020-06-23,US,Kentucky,Livingston,8,0,0,37.21137452,-88.34797529,21139.0,87.01326952360235,0.0,8,8,0,0,8,8,9242,0,0,0,0,0
2020-06-23,US,Kentucky,Logan,206,11,0,36.85949479,-86.877635,21141.0,760.0915061619069,5.339805825242719,195,202,10,0,192,202,26989,4,1,0,3,0
2020-06-23,US,Kentucky,Lyon,17,3,0,37.02080035,-88.07886257,21143.0,207.06455542021928,17.647058823529417,14,18,3,0,15,18,8009,-1,0,0,-1,0
2020-06-23,US,Kentucky,Madison,100,1,0,37.71659336,-84.27220275,21151.0,107.54191446116123,1.0,99,95,1,0,94,94,92368,5,0,0,5,1
2020-06-23,US,Kentucky,Magoffin,5,0,0,37.70820545,-83.0657714,21153.0,41.115039881588686,0.0,5,5,0,0,5,5,12362,0,0,0,0,0
2020-06-23,US,Kentucky,Marion,48,0,0,37.55218078,-85.26898542,21155.0,249.05307943755517,0.0,48,48,0,0,48,46,19404,0,0,0,0,2
2020-06-23,US,Kentucky,Marshall,53,2,0,36.88007070000001,-88.32803576,21157.0,170.41800643086816,3.7735849056603774,51,52,2,0,50,50,31191,1,0,0,1,2
2020-06-23,US,Kentucky,Martin,5,0,0,37.79990579,-82.51247478,21159.0,44.662795891022775,0.0,5,4,0,0,4,4,11323,1,0,0,1,0
2020-06-23,US,Kentucky,Mason,25,0,0,38.59471935,-83.82151043,21161.0,146.4557703573521,0.0,25,24,0,0,24,24,17150,1,0,0,1,0
2020-06-23,US,Kentucky,McCracken,149,3,0,37.05350953,-88.70445755,21145.0,227.76605827142376,2.0134228187919465,146,148,3,0,145,143,65346,1,0,0,1,5
2020-06-23,US,Kentucky,McCreary,15,0,0,36.73874143,-84.48102924,21147.0,87.05240554813999,0.0,15,14,0,0,14,14,17408,1,0,0,1,0
2020-06-23,US,Kentucky,McLean,24,1,0,37.5301951,-87.26803443,21149.0,260.67122841316393,4.166666666666667,23,24,1,0,23,24,9252,0,0,0,0,0
2020-06-23,US,Kentucky,Meade,25,2,0,37.96163597,-86.21028219,21163.0,87.49825003499929,8.0,23,24,2,0,22,24,28715,1,0,0,1,0
2020-06-23,US,Kentucky,Menifee,12,0,0,37.94090733,-83.59985712,21165.0,184.9283402681461,0.0,12,10,0,0,10,10,6451,2,0,0,2,0
2020-06-23,US,Kentucky,Mercer,17,0,0,37.81474237,-84.87488475,21167.0,77.50877672912964,0.0,17,17,0,0,17,17,21774,0,0,0,0,0
2020-06-23,US,Kentucky,Metcalfe,8,2,0,36.99459295,-85.63123699,21169.0,79.43600436898024,25.0,6,8,2,0,6,8,10030,0,0,0,0,0
2020-06-23,US,Kentucky,Monroe,34,0,0,36.71225341,-85.71596443,21171.0,319.2488262910798,0.0,34,34,0,0,34,34,10718,0,0,0,0,0
2020-06-23,US,Kentucky,Montgomery,44,0,0,38.03253032,-83.9145241,21173.0,156.2666477252548,0.0,44,45,0,0,45,45,28203,-1,0,0,-1,0
2020-06-23,US,Kentucky,Morgan,7,0,0,37.92465657,-83.25558245,21175.0,52.59598767751147,0.0,7,7,0,0,7,7,13345,0,0,0,0,0
2020-06-23,US,Kentucky,Muhlenberg,492,8,0,37.21425819,-87.14632053,21177.0,1606.6880020900005,1.6260162601626016,484,492,8,0,484,492,30774,0,0,0,0,0
2020-06-23,US,Kentucky,Nelson,60,1,0,37.80335779,-85.4657193,21179.0,129.77743170462657,1.6666666666666667,59,54,1,0,53,53,45851,6,0,0,6,1
2020-06-23,US,Kentucky,Nicholas,5,0,0,38.33342292,-84.01889177,21181.0,68.78525244187647,0.0,5,5,0,0,5,5,7166,0,0,0,0,0
2020-06-23,US,Kentucky,Ohio,172,0,0,37.47751843,-86.85368087,21183.0,716.8458781362007,0.0,172,171,0,0,171,171,24087,1,0,0,1,0
2020-06-23,US,Kentucky,Oldham,119,6,0,38.39791089,-85.448222,21185.0,178.14637943681788,5.042016806722689,113,117,6,0,111,117,66470,2,0,0,2,0
2020-06-23,US,Kentucky,Owen,6,0,0,38.51679143,-84.82404619,21187.0,55.04082194294103,0.0,6,5,0,0,5,5,10880,1,0,0,1,0
2020-06-23,US,Kentucky,Owsley,2,0,0,37.42823949,-83.68811419,21189.0,45.30011325028314,0.0,2,2,0,0,2,2,4472,0,0,0,0,0
2020-06-23,US,Kentucky,Pendleton,15,0,0,38.69607718,-84.35599463,21191.0,102.8101439342015,0.0,15,14,0,0,14,14,14529,1,0,0,1,0
2020-06-23,US,Kentucky,Perry,49,1,0,37.25023553,-83.22922731,21193.0,190.2321608820561,2.0408163265306123,48,43,1,0,42,41,26092,6,0,0,6,2
2020-06-23,US,Kentucky,Pike,68,2,0,37.47088263,-82.39487445,21195.0,117.492570322759,2.9411764705882355,66,63,2,0,61,63,58402,5,0,0,5,0
2020-06-23,US,Kentucky,Powell,5,0,0,37.83218794,-83.82553961,21197.0,40.456347600938585,0.0,5,5,0,0,5,5,12442,0,0,0,0,0
2020-06-23,US,Kentucky,Pulaski,82,2,0,37.10466131,-84.57629079,21199.0,126.19461672232569,2.4390243902439024,80,77,2,0,75,77,64623,5,0,0,5,0
2020-06-23,US,Kentucky,Rockcastle,18,0,0,37.36642393,-84.31176452,21203.0,107.81671159029648,0.0,18,17,0,0,17,17,16750,1,0,0,1,0
2020-06-23,US,Kentucky,Rowan,18,0,0,38.19484205,-83.42088935,21205.0,73.58953393295175,0.0,18,17,0,0,17,17,24583,1,0,0,1,0
2020-06-23,US,Kentucky,Russell,39,4,0,36.99308373,-85.06070117,21207.0,217.59750041845672,10.256410256410255,35,38,4,0,34,38,17821,1,0,0,1,0
2020-06-23,US,Kentucky,Scott,75,0,0,38.29622293,-84.5816631,21209.0,131.5697144060066,0.0,75,67,0,0,67,67,56031,8,0,0,8,0
2020-06-23,US,Kentucky,Shelby,370,7,0,38.21476019,-85.194223,21211.0,754.7323759791122,1.891891891891892,363,365,6,0,359,361,48518,5,1,0,4,4
2020-06-23,US,Kentucky,Simpson,65,3,0,36.74058474,-86.58047435,21213.0,349.9892311005816,4.615384615384615,62,62,3,0,59,62,18529,3,0,0,3,0
2020-06-23,US,Kentucky,Spencer,31,0,0,38.03223971,-85.32749335,21215.0,160.19843935713914,0.0,31,29,0,0,29,29,18794,2,0,0,2,0
2020-06-23,US,Kentucky,Taylor,34,1,0,37.3677562,-85.3329931,21217.0,131.94148007295587,2.9411764705882355,33,29,1,0,28,29,25549,5,0,0,5,0
2020-06-23,US,Kentucky,Todd,24,0,0,36.8381152,-87.17878374,21219.0,195.21717911176185,0.0,24,23,0,0,23,23,12311,1,0,0,1,0
2020-06-23,US,Kentucky,Trigg,23,0,0,36.80767017,-87.87333656,21221.0,156.98587127158555,0.0,23,23,0,0,23,22,14643,0,0,0,0,1
2020-06-23,US,Kentucky,Trimble,6,0,0,38.61056487,-85.33775972,21223.0,70.82989021367017,0.0,6,5,0,0,5,5,8515,1,0,0,1,0
2020-06-23,US,Kentucky,Unassigned,14,0,0,0.0,0.0,90021.0,0.0,0.0,14,21,0,0,21,21,,-7,0,0,-7,0
2020-06-23,US,Kentucky,Union,25,0,0,37.66166713,-87.94300009,21225.0,173.84048397190742,0.0,25,25,0,0,25,25,14505,0,0,0,0,0
2020-06-23,US,Kentucky,Warren,1376,10,0,36.99903045,-86.42672751,21227.0,1035.3960992053937,0.7267441860465116,1366,1361,10,0,1351,1357,131264,15,0,0,15,4
2020-06-23,US,Kentucky,Washington,21,0,0,37.75599461,-85.17407732,21229.0,173.62546506821,0.0,21,21,0,0,21,18,12084,0,0,0,0,3
2020-06-23,US,Kentucky,Wayne,13,0,0,36.80310688,-84.8251971,21231.0,63.93547435203857,0.0,13,12,0,0,12,12,20468,1,0,0,1,0
2020-06-23,US,Kentucky,Webster,39,0,0,37.52168356,-87.67989953,21233.0,301.3444598980065,0.0,39,39,0,0,39,39,13111,0,0,0,0,0
2020-06-23,US,Kentucky,Whitley,23,0,0,36.75700531,-84.14541217,21235.0,63.42378116037944,0.0,23,21,0,0,21,20,36242,2,0,0,2,1
2020-06-23,US,Kentucky,Wolfe,2,0,0,37.73941626,-83.49303612,21237.0,27.944669554282516,0.0,2,1,0,0,1,1,7177,1,0,0,1,0
2020-06-23,US,Kentucky,Woodford,63,0,0,38.04178222,-84.7417556,21239.0,235.65497119772573,0.0,63,61,0,0,61,61,26533,2,0,0,2,0
2020-06-23,US,Louisiana,Acadia,705,34,0,30.295064899999996,-92.41419698,22001.0,1136.2720606011765,4.822695035460993,671,669,34,0,635,654,62190,36,0,0,36,15
2020-06-23,US,Louisiana,Allen,256,10,0,30.65385745,-92.82442028,22003.0,998.9464236937604,3.90625,246,228,10,0,218,226,25605,28,0,0,28,2
2020-06-23,US,Louisiana,Ascension,1044,58,0,30.20406249,-90.91328409999998,22005.0,824.6184954661779,5.5555555555555545,986,1008,58,0,950,997,124672,36,0,0,36,11
2020-06-23,US,Louisiana,Assumption,334,14,0,29.89946234,-91.06461642,22007.0,1525.741172171212,4.1916167664670665,320,330,14,0,316,327,22300,4,0,0,4,3
2020-06-23,US,Louisiana,Avoyelles,238,11,0,31.07796211,-92.00079449,22009.0,592.8656835392587,4.621848739495798,227,206,11,0,195,204,40462,32,0,0,32,2
2020-06-23,US,Louisiana,Beauregard,165,7,0,30.64836518,-93.34173616,22011.0,440.0352028162253,4.242424242424242,158,159,7,0,152,158,37253,6,0,0,6,1
2020-06-23,US,Louisiana,Bienville,209,26,0,32.34569994,-93.05398492,22013.0,1578.4306321274826,12.440191387559807,183,200,26,0,174,200,13308,9,0,0,9,0
2020-06-23,US,Louisiana,Bossier,697,28,0,32.67932307,-93.60460152,22015.0,548.6504144396604,4.017216642754663,669,668,28,0,640,665,127185,29,0,0,29,3
2020-06-23,US,Louisiana,Caddo,2953,223,0,32.57991587,-93.88375652,22017.0,1229.3717007210535,7.5516423975618014,2730,2920,223,0,2697,2905,242922,33,0,0,33,15
2020-06-23,US,Louisiana,Calcasieu,971,53,0,30.22931235,-93.35400434,22019.0,477.2999862364576,5.458290422245108,918,921,53,0,868,888,203112,50,0,0,50,33
2020-06-23,US,Louisiana,Caldwell,99,1,0,32.0902519,-92.11752148,22021.0,998.185117967332,1.0101010101010102,98,97,1,0,96,95,9960,2,0,0,2,2
2020-06-23,US,Louisiana,Cameron,35,0,0,29.87592238,-93.19310676,22023.0,501.9360390076008,0.0,35,28,0,0,28,27,6968,7,0,0,7,1
2020-06-23,US,Louisiana,Catahoula,154,3,0,31.66778967,-91.84526385,22025.0,1622.077101327154,1.9480519480519483,151,153,3,0,150,152,9608,1,0,0,1,1
2020-06-23,US,Louisiana,Claiborne,108,11,0,32.82308512,-92.99526883,22027.0,689.2150606253989,10.185185185185183,97,106,10,0,96,106,15944,2,1,0,1,0
2020-06-23,US,Louisiana,Concordia,105,5,0,31.44817835,-91.63814433,22029.0,545.1996469183239,4.761904761904762,100,102,5,0,97,101,19572,3,0,0,3,1
2020-06-23,US,Louisiana,De Soto,320,18,0,32.05457447,-93.74130302,22031.0,1165.204092779376,5.625,302,318,18,0,300,316,27436,2,0,0,2,2
2020-06-23,US,Louisiana,East Baton Rouge,4514,265,0,30.53842039,-91.09777565,22033.0,1025.7715442702001,5.870624723083741,4249,4398,265,0,4133,4374,440956,116,0,0,116,24
2020-06-23,US,Louisiana,East Carroll,357,0,0,32.73926954,-91.23425694,22035.0,5203.32313073896,0.0,357,339,0,0,339,332,7037,18,0,0,18,7
2020-06-23,US,Louisiana,East Feliciana,273,33,0,30.84425359,-91.04976723,22037.0,1426.7049908544552,12.087912087912088,240,271,32,0,239,268,19305,2,1,0,1,3
2020-06-23,US,Louisiana,Evangeline,139,1,0,30.72985248,-92.39915924,22039.0,416.2299745470879,0.7194244604316546,138,125,1,0,124,123,33443,14,0,0,14,2
2020-06-23,US,Louisiana,Franklin,443,14,0,32.13675181,-91.67589857,22041.0,2213.3399950037474,3.160270880361174,429,421,14,0,407,416,20156,22,0,0,22,5
2020-06-23,US,Louisiana,Grant,78,1,0,31.59882456,-92.56124347,22043.0,348.38536781455184,1.2820512820512822,77,76,1,0,75,76,22482,2,0,0,2,0
2020-06-23,US,Louisiana,Iberia,531,42,0,29.86803617,-91.75871777,22045.0,760.4181583846485,7.909604519774011,489,482,42,0,440,469,70941,49,0,0,49,13
2020-06-23,US,Louisiana,Iberville,674,43,0,30.25734305,-91.3499598,22047.0,2073.1444741779706,6.379821958456973,631,666,43,0,623,665,32721,8,0,0,8,1
2020-06-23,US,Louisiana,Jackson,194,16,0,32.30251776,-92.55692092,22049.0,1232.2154471544713,8.24742268041237,178,191,16,0,175,189,15902,3,0,0,3,2
2020-06-23,US,Louisiana,Jefferson,8888,479,0,29.74075478,-90.11115756,22051.0,2055.062162855815,5.389288928892889,8409,8741,477,0,8264,8681,434051,147,2,0,145,60
2020-06-23,US,Louisiana,Jefferson Davis,247,7,0,30.26896765,-92.81210004,22053.0,787.4266768681459,2.8340080971659916,240,240,7,0,233,208,31582,7,0,0,7,32
2020-06-23,US,Louisiana,LaSalle,87,0,0,31.67884782,-92.15907765,22059.0,584.2062852538276,0.0,87,86,0,0,86,86,14917,1,0,0,1,0
2020-06-23,US,Louisiana,Lafayette,1574,36,0,30.2049055,-92.06959876,22055.0,644.0525389745898,2.2871664548919948,1538,1440,33,0,1407,1396,242782,134,3,0,131,44
2020-06-23,US,Louisiana,Lafourche,1034,83,0,29.52470226,-90.40976986,22057.0,1059.2742844264142,8.027079303675048,951,1027,83,0,944,1010,98115,7,0,0,7,17
2020-06-23,US,Louisiana,Lincoln,281,18,0,32.6003154,-92.66597409999999,22061.0,601.1723931367935,6.405693950177937,263,274,18,0,256,274,47196,7,0,0,7,0
2020-06-23,US,Louisiana,Livingston,751,36,0,30.44143993,-90.73061664,22063.0,533.4223554397006,4.793608521970706,715,690,36,0,654,683,139567,61,0,0,61,7
2020-06-23,US,Louisiana,Madison,320,2,0,32.36918118,-91.23973355,22065.0,2922.1075700849237,0.625,318,320,2,0,318,317,11161,0,0,0,0,3
2020-06-23,US,Louisiana,Morehouse,213,7,0,32.81686191,-91.80421614,22067.0,856.3158317922329,3.286384976525821,206,188,7,0,181,186,25398,25,0,0,25,2
2020-06-23,US,Louisiana,Natchitoches,193,14,0,31.72321584,-93.09816516,22069.0,505.79170816080506,7.253886010362693,179,192,13,0,179,192,38659,1,1,0,0,0
2020-06-23,US,Louisiana,Orleans,7571,529,0,30.06971951,-89.92660315,22071.0,1940.5655347769032,6.987187954035134,7042,7536,529,0,7007,7518,391006,35,0,0,35,18
2020-06-23,US,Louisiana,Ouachita,2022,69,0,32.47645559,-92.15704172,22073.0,1319.1630947487913,3.4124629080118694,1953,1980,67,0,1913,1960,154475,42,2,0,40,20
2020-06-23,US,Louisiana,Plaquemines,244,17,0,29.42245447,-89.60322085,22075.0,1051.8601543303014,6.967213114754099,227,239,17,0,222,239,23410,5,0,0,5,0
2020-06-23,US,Louisiana,Pointe Coupee,225,27,0,30.71409502,-91.60209535,22077.0,1035.4348826507132,12.0,198,224,27,0,197,222,21940,1,0,0,1,2
2020-06-23,US,Louisiana,Rapides,1358,53,0,31.19778499,-92.52997303,22079.0,1047.451561150191,3.9027982326951403,1305,1323,51,0,1272,1320,130562,35,2,0,33,3
2020-06-23,US,Louisiana,Red River,54,8,0,32.09530039,-93.34213308,22081.0,639.6588486140723,14.814814814814815,46,54,8,0,46,54,8477,0,0,0,0,0
2020-06-23,US,Louisiana,Richland,152,4,0,32.41391005,-91.76634876,22083.0,755.3921081403439,2.631578947368421,148,150,3,0,147,148,20192,2,1,0,1,2
2020-06-23,US,Louisiana,Sabine,66,1,0,31.56388699,-93.55433981,22085.0,276.33562217384025,1.5151515151515151,65,61,1,0,60,61,24032,5,0,0,5,0
2020-06-23,US,Louisiana,St. Bernard,601,23,0,29.87761636,-89.51887093,22087.0,1272.1192109050885,3.826955074875208,578,601,23,0,578,601,46721,0,0,0,0,0
2020-06-23,US,Louisiana,St. Charles,697,46,0,29.90709658,-90.35555967,22089.0,1312.6177024482108,6.599713055954089,651,691,46,0,645,689,52879,6,0,0,6,2
2020-06-23,US,Louisiana,St. Helena,88,1,0,30.82210324,-90.71013176,22091.0,868.5353335965259,1.1363636363636365,87,86,1,0,85,86,10262,2,0,0,2,0
2020-06-23,US,Louisiana,St. James,338,28,0,30.02531716,-90.80212061,22093.0,1602.199469093667,8.284023668639053,310,334,28,0,306,334,21037,4,0,0,4,0
2020-06-23,US,Louisiana,St. John the Baptist,928,85,0,30.12597499,-90.4753503,22095.0,2166.3515185470505,9.159482758620689,843,926,85,0,841,924,43184,2,0,0,2,2
2020-06-23,US,Louisiana,St. Landry,517,57,0,30.59724262,-92.00135806,22097.0,629.5358238760898,11.02514506769826,460,484,55,0,429,465,82764,33,2,0,31,19
2020-06-23,US,Louisiana,St. Martin,581,26,0,30.13112107,-91.61403569,22099.0,1087.383728547098,4.475043029259896,555,526,28,0,498,514,53621,55,-2,0,57,12
2020-06-23,US,Louisiana,St. Mary,405,36,0,29.69262097,-91.44702164,22101.0,820.7019534732917,8.888888888888891,369,393,35,0,358,384,49774,12,1,0,11,9
2020-06-23,US,Louisiana,St. Tammany,2096,172,0,30.40942847,-89.95642711,22103.0,804.856788483175,8.206106870229009,1924,2043,172,0,1871,2017,258111,53,0,0,53,26
2020-06-23,US,Louisiana,Tangipahoa,1163,42,0,30.62888673,-90.40664996,22105.0,863.0285400495703,3.6113499570077385,1121,1123,42,0,1081,1120,133777,40,0,0,40,3
2020-06-23,US,Louisiana,Tensas,24,0,0,32.00760749,-91.32915234,22107.0,553.7609598523304,0.0,24,24,0,0,24,24,4462,0,0,0,0,0
2020-06-23,US,Louisiana,Terrebonne,866,60,0,29.37343766,-90.82626855,22109.0,783.9871085722563,6.928406466512703,806,857,60,0,797,848,111021,9,0,0,9,9
2020-06-23,US,Louisiana,Unassigned,3,113,0,0.0,0.0,90022.0,0.0,3766.666666666666,-110,8,113,0,-105,8,,-5,0,0,-5,0
2020-06-23,US,Louisiana,Union,391,21,0,32.83121059,-92.3749373,22111.0,1768.5905554550388,5.3708439897698215,370,378,20,0,358,375,22330,13,1,0,12,3
2020-06-23,US,Louisiana,Vermilion,172,5,0,29.83517605,-92.30292538,22113.0,289.0221975769185,2.9069767441860463,167,139,5,0,134,130,59830,33,0,0,33,9
2020-06-23,US,Louisiana,Vernon,89,6,0,31.10884837,-93.18153838,22115.0,187.64890678698688,6.741573033707866,83,77,5,0,72,76,48860,12,1,0,11,1
2020-06-23,US,Louisiana,Washington,596,45,0,30.85288548,-90.03866652,22117.0,1290.2108498939256,7.550335570469799,551,585,44,0,541,581,46582,11,1,0,10,4
2020-06-23,US,Louisiana,Webster,352,9,0,32.70847669,-93.33121835,22119.0,918.1011997913406,2.5568181818181817,343,323,9,0,314,321,38798,29,0,0,29,2
2020-06-23,US,Louisiana,West Baton Rouge,234,30,0,30.46058217,-91.30989571,22121.0,884.1866616285662,12.82051282051282,204,234,30,0,204,234,26427,0,0,0,0,0
2020-06-23,US,Louisiana,West Carroll,107,3,0,32.78550125,-91.461201,22123.0,987.9963065558634,2.803738317757009,104,108,3,0,105,107,10982,-1,0,0,-1,1
2020-06-23,US,Louisiana,West Feliciana,241,14,0,30.87882871,-91.41485379999999,22125.0,1548.0472764645426,5.809128630705394,227,226,14,0,212,226,15460,15,0,0,15,0
2020-06-23,US,Louisiana,Winn,230,5,0,31.94449367,-92.63789413,22127.0,1654.2002301495972,2.1739130434782608,225,226,5,0,221,226,14134,4,0,0,4,0
2020-06-23,US,Maine,Androscoggin,454,4,0,44.1664747,-70.20380627,23001.0,419.2949564542793,0.8810572687224669,450,453,4,0,449,452,107679,1,0,0,1,1
2020-06-23,US,Maine,Aroostook,21,1,0,46.65926321,-68.59841248,23003.0,31.317575124897477,4.761904761904762,20,19,1,0,18,17,67111,2,0,0,2,2
2020-06-23,US,Maine,Cumberland,1554,58,0,43.8370751,-70.37226999,23005.0,526.7743039901288,3.732303732303732,1496,1542,58,0,1484,1540,293557,12,0,0,12,2
2020-06-23,US,Maine,Franklin,38,1,0,44.97330019,-70.44381045,23007.0,125.83198119143015,2.631578947368421,37,38,1,0,37,38,29897,0,0,0,0,0
2020-06-23,US,Maine,Hancock,15,1,0,44.59816444,-68.38401854,23009.0,27.27917507774565,6.666666666666668,14,15,1,0,14,14,54811,0,0,0,0,1
2020-06-23,US,Maine,Kennebec,141,9,0,44.40759555,-69.76738544,23011.0,115.28838449085052,6.382978723404255,132,138,9,0,129,138,122083,3,0,0,3,0
2020-06-23,US,Maine,Knox,24,1,0,44.11486325,-69.10529169,23013.0,60.34396057527909,4.166666666666667,23,24,1,0,23,24,39771,0,0,0,0,0
2020-06-23,US,Maine,Lincoln,21,0,0,44.05996956,-69.54227124,23015.0,60.63405901715078,0.0,21,21,0,0,21,21,34342,0,0,0,0,0
2020-06-23,US,Maine,Oxford,34,0,0,44.49952995,-70.75682123,23017.0,58.64596808969383,0.0,34,34,0,0,34,34,57618,0,0,0,0,0
2020-06-23,US,Maine,Penobscot,104,2,0,45.40194593,-68.65020455,23019.0,68.35449693719275,1.9230769230769231,102,103,2,0,101,102,151096,1,0,0,1,1
2020-06-23,US,Maine,Piscataquis,2,0,0,45.83839062,-69.2860223,23021.0,11.915400655347035,0.0,2,2,0,0,2,2,16800,0,0,0,0,0
2020-06-23,US,Maine,Sagadahoc,31,0,0,43.95415864,-69.85074999,23023.0,86.45693886657742,0.0,31,31,0,0,31,30,35634,0,0,0,0,1
2020-06-23,US,Maine,Somerset,26,0,0,45.51229767,-69.95995554,23025.0,51.50146581095,0.0,26,26,0,0,26,26,50592,0,0,0,0,0
2020-06-23,US,Maine,Unassigned,2,0,0,0.0,0.0,90023.0,0.0,0.0,2,2,0,0,2,1,,0,0,0,0,1
2020-06-23,US,Maine,Waldo,55,14,0,44.4858305,-69.12061935,23027.0,138.48671786478658,25.45454545454545,41,55,14,0,41,55,39694,0,0,0,0,0
2020-06-23,US,Maine,Washington,2,0,0,45.01607142,-67.62813524,23029.0,6.373689410115046,0.0,2,2,0,0,2,2,31490,0,0,0,0,0
2020-06-23,US,Maine,York,472,11,0,43.47808377,-70.71052375,23031.0,227.31541458575137,2.3305084745762707,461,466,11,0,455,461,206229,6,0,0,6,5
2020-06-23,US,Maryland,Allegany,192,17,0,39.62357628,-78.69280486,24001.0,272.66530334015,8.854166666666666,175,189,17,0,172,188,70975,3,0,0,3,1
2020-06-23,US,Maryland,Anne Arundel,4946,201,0,39.00670238,-76.60329337,24003.0,853.8863395449852,4.063890012131015,4745,4916,200,0,4716,4904,576031,30,1,0,29,12
2020-06-23,US,Maryland,Baltimore,7635,458,0,39.45784712,-76.62911955,24005.0,922.8035824359114,5.998690242305173,7177,7585,455,0,7130,7537,828431,50,3,0,47,48
2020-06-23,US,Maryland,Baltimore City,7148,319,0,39.30211911,-76.61151012,24510.0,1204.4010851067414,4.4627867935086725,6829,7095,316,0,6779,7053,621342,53,3,0,50,42
2020-06-23,US,Maryland,Calvert,398,24,0,38.53961642,-76.56820632,24009.0,430.15401242907325,6.030150753768845,374,397,23,0,374,394,92003,1,1,0,0,3
2020-06-23,US,Maryland,Caroline,296,3,0,38.87172293,-75.82904158,24011.0,886.0683709513262,1.0135135135135136,293,294,2,0,292,294,33304,2,1,0,1,0
2020-06-23,US,Maryland,Carroll,1061,109,0,39.56453592,-77.02373735,24013.0,629.8717103896181,10.273327049952872,952,1031,109,0,922,1030,168429,30,0,0,30,1
2020-06-23,US,Maryland,Cecil,461,29,0,39.56647682,-75.94627411,24015.0,448.2037820232366,6.290672451193059,432,461,29,0,432,460,102826,0,0,0,0,1
2020-06-23,US,Maryland,Charles,1333,86,0,38.51092331,-76.98580666,24017.0,816.5040396430168,6.451612903225807,1247,1328,86,0,1242,1313,161503,5,0,0,5,15
2020-06-23,US,Maryland,Dorchester,183,5,0,38.45413522,-76.02752426,24019.0,573.1466691722259,2.7322404371584703,178,183,4,0,179,183,31998,0,1,0,-1,0
2020-06-23,US,Maryland,Frederick,2419,116,0,39.47296601,-77.39999394,24021.0,932.0084608953293,4.795369987598181,2303,2407,116,0,2291,2393,255648,12,0,0,12,14
2020-06-23,US,Maryland,Garrett,10,0,0,39.52786077,-79.27355126,24023.0,34.46611980423244,0.0,10,10,0,0,10,10,29163,0,0,0,0,0
2020-06-23,US,Maryland,Harford,1064,61,0,39.55010644,-76.30775940000002,24025.0,416.53454222305743,5.733082706766917,1003,1060,61,0,999,1056,253956,4,0,0,4,4
2020-06-23,US,Maryland,Howard,2423,80,0,39.25305293,-76.93126208,24027.0,743.9589793975866,3.3016921172100697,2343,2436,80,0,2356,2423,323196,-13,0,0,-13,13
2020-06-23,US,Maryland,Kent,194,23,0,39.24976208,-76.04741541,24029.0,998.8672639275047,11.855670103092784,171,194,23,0,171,193,19383,0,0,0,0,1
2020-06-23,US,Maryland,Montgomery,14204,725,0,39.13676329,-77.20358245,24031.0,1351.8761040384966,5.104196001126443,13479,14141,723,0,13418,14079,1052567,63,2,0,61,62
2020-06-23,US,Maryland,Prince George's,18080,661,0,38.83070039,-76.8496441,24033.0,1988.283642737981,3.6559734513274336,17419,17935,661,0,17274,17874,909308,145,0,0,145,61
2020-06-23,US,Maryland,Queen Anne's,211,15,0,39.06198912,-76.03530977,24035.0,418.8086778745956,7.109004739336492,196,211,15,0,196,205,50251,0,0,0,0,6
2020-06-23,US,Maryland,Somerset,84,3,0,38.1163542,-75.75118623,24039.0,327.92004996876955,3.571428571428572,81,83,3,0,80,83,25675,1,0,0,1,0
2020-06-23,US,Maryland,St. Mary's,605,48,0,38.30058422,-76.60629279999998,24037.0,532.9926878689103,7.933884297520661,557,599,46,0,553,602,112664,6,2,0,4,-3
2020-06-23,US,Maryland,Talbot,116,4,0,38.76618159,-76.10882561,24041.0,311.9873053441274,3.4482758620689653,112,117,4,0,113,115,36968,-1,0,0,-1,2
2020-06-23,US,Maryland,Unassigned,0,25,0,0.0,0.0,90024.0,0.0,0.0,-25,0,22,0,-22,0,,0,3,0,-3,0
2020-06-23,US,Maryland,Washington,616,25,0,39.60835778,-77.82002295,24043.0,407.81468265264914,4.058441558441558,591,611,25,0,586,603,150926,5,0,0,5,8
2020-06-23,US,Maryland,Wicomico,1051,38,0,38.37301947,-75.62705831,24045.0,1014.3906417396173,3.615604186489058,1013,1046,37,0,1009,1043,103195,5,1,0,4,3
2020-06-23,US,Maryland,Worcester,277,17,0,38.21274277,-75.33200012,24047.0,529.8798683908486,6.137184115523466,260,274,17,0,257,271,51823,3,0,0,3,3
2020-06-23,US,Massachusetts,Barnstable,1523,140,0,41.72980578,-70.28854339,25001.0,715.057044931687,9.192383453709784,1383,1517,138,0,1379,1515,213413,6,2,0,4,2
2020-06-23,US,Massachusetts,Berkshire,591,44,0,42.37428441,-73.20524838,25003.0,473.0119093353823,7.4450084602368864,547,591,44,0,547,590,126348,0,0,0,0,1
2020-06-23,US,Massachusetts,Bristol,8081,548,0,41.79228404,-71.10872211,25005.0,1429.7163744190286,6.781338943200098,7533,8057,546,0,7511,8035,564022,24,2,0,22,22
2020-06-23,US,Massachusetts,Dukes and Nantucket,59,0,0,41.40674725,-70.68763497,0.0,205.35310292019074,0.0,59,59,0,0,59,57,26707,0,0,0,0,2
2020-06-23,US,Massachusetts,Essex,15885,1081,0,42.6687626,-70.94687179,25009.0,2013.2212300103672,6.805162102612528,14804,15851,1077,0,14774,15829,790638,34,4,0,30,22
2020-06-23,US,Massachusetts,Franklin,359,53,0,42.58119713,-72.58602547,25011.0,511.5417497862639,14.763231197771587,306,358,53,0,305,358,70963,1,0,0,1,0
2020-06-23,US,Massachusetts,Hampden,6620,649,0,42.13440424,-72.63235561,25013.0,1419.4677210467182,9.803625377643504,5971,6610,647,0,5963,6598,470406,10,2,0,8,12
2020-06-23,US,Massachusetts,Hampshire,947,107,0,42.33997957,-72.65898478,25015.0,588.8204936889882,11.29883843717001,840,946,107,0,839,944,161355,1,0,0,1,2
2020-06-23,US,Massachusetts,Middlesex,23647,1812,0,42.48607732,-71.39049229,25017.0,1467.2094479180043,7.662705628620968,21835,23609,1809,0,21800,23574,1614714,38,3,0,35,35
2020-06-23,US,Massachusetts,Norfolk,9042,919,0,42.16073095,-71.20530408,25021.0,1279.3321778500938,10.163680601636807,8123,9010,914,0,8096,8994,705388,32,5,0,27,16
2020-06-23,US,Massachusetts,Plymouth,8604,647,0,41.94070556,-70.80802823,25023.0,1650.7994980832766,7.5197582519758255,7957,8592,646,0,7946,8583,518132,12,1,0,11,9
2020-06-23,US,Massachusetts,Suffolk,19601,976,0,42.327951399999996,-71.07850442,25025.0,2438.217355987695,4.979337788888322,18625,19567,979,0,18588,19551,807252,34,-3,0,37,16
2020-06-23,US,Massachusetts,Unassigned,288,8,0,0.0,0.0,90025.0,0.0,2.7777777777777777,280,300,10,0,290,303,,-12,-2,0,-10,-3
2020-06-23,US,Massachusetts,Worcester,12192,905,0,42.35026951,-71.90493363,25027.0,1467.815685113084,7.422900262467191,11287,12143,903,0,11240,12130,830839,49,2,0,47,13
2020-06-23,US,Michigan,Alcona,21,1,0,44.6846864,-83.59507875,26001.0,201.8260451705911,4.761904761904762,20,21,1,0,20,21,10362,0,0,0,0,0
2020-06-23,US,Michigan,Alger,2,0,0,46.41292944,-86.60260122,26003.0,21.95871761089152,0.0,2,2,0,0,2,2,9097,0,0,0,0,0
2020-06-23,US,Michigan,Allegan,301,6,0,42.59147037,-85.89102866,26005.0,254.90976533057813,1.9933554817275747,295,301,6,0,295,299,117327,0,0,0,0,2
2020-06-23,US,Michigan,Alpena,116,11,0,45.03477666,-83.62212411,26007.0,408.37880654814285,9.482758620689657,105,116,11,0,105,115,28360,0,0,0,0,1
2020-06-23,US,Michigan,Antrim,16,0,0,44.99690221,-85.15503082,26009.0,68.59886811867604,0.0,16,16,0,0,16,16,23365,0,0,0,0,0
2020-06-23,US,Michigan,Arenac,38,2,0,44.0636262,-83.89277559,26011.0,255.32486729825973,5.2631578947368425,36,38,2,0,36,38,15041,0,0,0,0,0
2020-06-23,US,Michigan,Baraga,1,0,0,46.6720582,-88.36363591,26013.0,12.181751735899622,0.0,1,1,0,0,1,1,8320,0,0,0,0,0
2020-06-23,US,Michigan,Barry,95,2,0,42.59513984,-85.30834519,26015.0,154.3460601137287,2.1052631578947367,93,95,2,0,93,94,61157,0,0,0,0,1
2020-06-23,US,Michigan,Bay,379,29,0,43.70639106,-83.98731479,26017.0,367.51158776642166,7.6517150395778355,350,379,29,0,350,378,103923,0,0,0,0,1
2020-06-23,US,Michigan,Benzie,5,0,0,44.63899297,-86.01608482,26019.0,28.14364516492176,0.0,5,5,0,0,5,5,17753,0,0,0,0,0
2020-06-23,US,Michigan,Berrien,854,60,0,41.95447397,-86.41313079999998,26021.0,556.7108428237104,7.0257611241217806,794,852,60,0,792,852,154141,2,0,0,2,0
2020-06-23,US,Michigan,Branch,250,2,0,41.91600556,-85.05929476,26023.0,574.488131075212,0.8,248,250,2,0,248,250,43622,0,0,0,0,0
2020-06-23,US,Michigan,Calhoun,507,31,0,42.24633834,-85.00493569,26025.0,377.9097936031128,6.114398422090731,476,506,31,0,475,504,134487,1,0,0,1,2
2020-06-23,US,Michigan,Cass,126,4,0,41.91522292,-85.99405727,26027.0,243.30430416899998,3.1746031746031744,122,124,4,0,120,122,51653,2,0,0,2,2
2020-06-23,US,Michigan,Charlevoix,22,2,0,45.37790017,-85.19614053,26029.0,84.15254561450485,9.090909090909092,20,22,2,0,20,22,26244,0,0,0,0,0
2020-06-23,US,Michigan,Cheboygan,26,2,0,45.44787015,-84.50122149,26031.0,102.86437727488527,7.6923076923076925,24,26,2,0,24,26,25413,0,0,0,0,0
2020-06-23,US,Michigan,Chippewa,3,0,0,46.29552653,-84.54353449,26033.0,8.032343570108972,0.0,3,3,0,0,3,3,37517,0,0,0,0,0
2020-06-23,US,Michigan,Clare,27,2,0,43.98794227,-84.84819859999998,26035.0,87.23747980613894,7.407407407407407,25,27,2,0,25,27,30757,0,0,0,0,0
2020-06-23,US,Michigan,Clinton,204,11,0,42.94400871,-84.60145248,26037.0,256.2975061247566,5.3921568627450975,193,201,11,0,190,201,79332,3,0,0,3,0
2020-06-23,US,Michigan,Crawford,66,5,0,44.68255561,-84.61006219,26039.0,470.45405944828565,7.575757575757576,61,66,5,0,61,66,13901,0,0,0,0,0
2020-06-23,US,Michigan,Delta,21,2,0,45.90484910000001,-86.9080745,26041.0,58.685446009389665,9.523809523809524,19,21,2,0,19,21,35857,0,0,0,0,0
2020-06-23,US,Michigan,Dickinson,7,2,0,46.00999672,-87.86961634,26043.0,27.734854788224567,28.57142857142857,5,7,2,0,5,7,25383,0,0,0,0,0
2020-06-23,US,Michigan,Eaton,274,7,0,42.59599185,-84.83740035,26045.0,248.48550803496934,2.554744525547445,267,271,7,0,264,269,109826,3,0,0,3,2
2020-06-23,US,Michigan,Emmet,26,2,0,45.52625509,-84.89083249,26047.0,77.80936705072574,7.6923076923076925,24,26,2,0,24,26,33308,0,0,0,0,0
2020-06-23,US,Michigan,Federal Correctional Institution (FCI),170,5,0,0.0,0.0,0.0,0.0,2.9411764705882355,165,169,5,0,164,168,,1,0,0,1,1
2020-06-23,US,Michigan,Genesee,2640,285,0,43.02244215,-83.70589709,26049.0,650.5459411108072,10.795454545454543,2355,2634,284,0,2350,2631,406892,6,1,0,5,3
2020-06-23,US,Michigan,Gladwin,26,1,0,43.98901072,-84.38774817,26051.0,102.16511454281112,3.8461538461538463,25,26,1,0,25,23,25337,0,0,0,0,3
2020-06-23,US,Michigan,Gogebic,6,1,0,46.40862701,-89.69377193,26053.0,42.933810375670845,16.666666666666668,5,6,1,0,5,6,15096,0,0,0,0,0
2020-06-23,US,Michigan,Grand Traverse,40,6,0,44.69565625,-85.55585247,26055.0,42.97009281540048,15.0,34,39,6,0,33,38,92573,1,0,0,1,1
2020-06-23,US,Michigan,Gratiot,93,13,0,43.29265605,-84.60505416,26057.0,228.4394880990396,13.978494623655912,80,93,13,0,80,93,40599,0,0,0,0,0
2020-06-23,US,Michigan,Hillsdale,184,25,0,41.88753639,-84.59312019,26059.0,403.4645323977634,13.58695652173913,159,183,25,0,158,183,45749,1,0,0,1,0
2020-06-23,US,Michigan,Houghton,11,0,0,46.89988536,-88.68495385,26061.0,30.82614056720099,0.0,11,11,0,0,11,9,36219,0,0,0,0,2
2020-06-23,US,Michigan,Huron,63,3,0,43.83353985,-83.04078453,26063.0,203.35044059262128,4.761904761904762,60,63,3,0,60,63,31166,0,0,0,0,0
2020-06-23,US,Michigan,Ingham,867,29,0,42.59716886,-84.37472069,26065.0,296.5055436618948,3.344867358708189,838,859,29,0,830,845,292735,8,0,0,8,14
2020-06-23,US,Michigan,Ionia,191,4,0,42.94502238,-85.07413319,26067.0,295.2223441581526,2.094240837696335,187,192,4,0,188,190,64210,-1,0,0,-1,2
2020-06-23,US,Michigan,Iosco,111,10,0,44.35486835,-83.63484895,26069.0,441.7558801289449,9.00900900900901,101,111,10,0,101,111,25081,0,0,0,0,0
2020-06-23,US,Michigan,Iron,4,0,0,46.20974132,-88.53136251,26071.0,36.146755828664375,0.0,4,4,0,0,4,4,11117,0,0,0,0,0
2020-06-23,US,Michigan,Isabella,116,8,0,43.64060976,-84.84664923,26073.0,166.01786123196703,6.896551724137932,108,113,8,0,105,112,70562,3,0,0,3,1
2020-06-23,US,Michigan,Jackson,489,30,0,42.24807035,-84.42258681,26075.0,308.4978865686708,6.1349693251533735,459,488,30,0,458,489,158823,1,0,0,1,-1
2020-06-23,US,Michigan,Kalamazoo,1002,66,0,42.24542231,-85.53038622,26077.0,378.01905940407295,6.586826347305388,936,996,66,0,930,996,264870,6,0,0,6,0
2020-06-23,US,Michigan,Kalkaska,30,2,0,44.68512729,-85.09085699,26079.0,166.3155560483424,6.666666666666668,28,30,2,0,28,30,17824,0,0,0,0,0
2020-06-23,US,Michigan,Kent,4628,128,0,43.03197711,-85.54934642,26081.0,704.4622538834471,2.7657735522904057,4500,4603,124,0,4479,4590,653786,25,4,0,21,13
2020-06-23,US,Michigan,Keweenaw,1,0,0,47.63197653,-88.41434263,26083.0,47.25897920604915,0.0,1,1,0,0,1,1,2113,0,0,0,0,0
2020-06-23,US,Michigan,Lake,7,0,0,43.99050893,-85.802173,26085.0,59.05677887454653,0.0,7,7,0,0,7,7,11881,0,0,0,0,0
2020-06-23,US,Michigan,Lapeer,268,31,0,43.09052506,-83.22153148,26087.0,305.9116280662504,11.567164179104473,237,266,31,0,235,244,88028,2,0,0,2,22
2020-06-23,US,Michigan,Leelanau,12,0,0,44.94430054,-85.80150326,26089.0,55.144524608244105,0.0,12,12,0,0,12,12,21764,0,0,0,0,0
2020-06-23,US,Michigan,Lenawee,198,6,0,41.89475156,-84.06603727,26091.0,201.11527561934363,3.0303030303030303,192,199,6,0,193,199,98266,-1,0,0,-1,0
2020-06-23,US,Michigan,Livingston,546,28,0,42.60302282,-83.91297209,26093.0,284.3824057918175,5.128205128205129,518,541,28,0,513,539,191224,5,0,0,5,2
2020-06-23,US,Michigan,Luce,3,0,0,46.47227431,-85.54471223,26095.0,48.16182372772515,0.0,3,3,0,0,3,3,6283,0,0,0,0,0
2020-06-23,US,Michigan,Mackinac,8,0,0,46.07028979,-85.04980537,26097.0,74.0809334197611,0.0,8,8,0,0,8,8,10787,0,0,0,0,0
2020-06-23,US,Michigan,Macomb,7175,898,0,42.69158356,-82.92752801,26099.0,820.9645160256849,12.515679442508711,6277,7165,899,0,6266,7152,874759,10,-1,0,11,13
2020-06-23,US,Michigan,Manistee,15,1,0,44.33352407,-86.05626916,26101.0,61.0798924993892,6.666666666666668,14,15,0,0,15,15,24528,0,1,0,-1,0
2020-06-23,US,Michigan,Marquette,63,11,0,46.4338914,-87.64043701,26103.0,94.45418971798678,17.460317460317462,52,63,11,0,52,62,66516,0,0,0,0,1
2020-06-23,US,Michigan,Mason,42,0,0,43.99509218,-86.24988902,26105.0,144.11199560801538,0.0,42,41,0,0,41,41,29100,1,0,0,1,0
2020-06-23,US,Michigan,Mecosta,28,2,0,43.64064262,-85.32463223,26107.0,64.43743815156607,7.142857142857142,26,29,2,0,27,29,43545,-1,0,0,-1,0
2020-06-23,US,Michigan,Menominee,9,0,0,45.58038692,-87.55370409,26109.0,39.50834064969271,0.0,9,9,0,0,9,9,22983,0,0,0,0,0
2020-06-23,US,Michigan,Michigan Department of Corrections (MDOC),4097,68,0,0.0,0.0,0.0,0.0,1.6597510373443984,4029,4084,68,0,4016,4083,,13,0,0,13,1
2020-06-23,US,Michigan,Midland,160,9,0,43.64330771,-84.38804374,26111.0,192.4094473038626,5.625,151,159,9,0,150,159,83209,1,0,0,1,0
2020-06-23,US,Michigan,Missaukee,24,1,0,44.33772443,-85.09256478,26113.0,158.75115756052386,4.166666666666667,23,24,1,0,23,24,15113,0,0,0,0,0
2020-06-23,US,Michigan,Monroe,580,21,0,41.92734151,-83.53749864,26115.0,385.38205980066454,3.6206896551724137,559,581,21,0,560,576,150439,-1,0,0,-1,5
2020-06-23,US,Michigan,Montcalm,83,1,0,43.31082541,-85.15252824,26117.0,129.91485098923116,1.2048192771084338,82,83,1,0,82,83,63968,0,0,0,0,0
2020-06-23,US,Michigan,Montmorency,5,0,0,45.0275929,-84.12696227,26119.0,53.60205831903945,0.0,5,5,0,0,5,5,9265,0,0,0,0,0
2020-06-23,US,Michigan,Muskegon,790,49,0,43.29123859,-86.15176712,26121.0,455.1582683244415,6.2025316455696204,741,786,49,0,737,784,173588,4,0,0,4,2
2020-06-23,US,Michigan,Newaygo,145,0,0,43.554373999999996,-85.80070107,26123.0,296.03919967333604,0.0,145,142,0,0,142,139,48892,3,0,0,3,3
2020-06-23,US,Michigan,Oakland,11791,1081,0,42.66090111,-83.38595416,26125.0,937.5914451837808,9.168009498770248,10710,11740,1078,0,10662,11685,1259201,51,3,0,48,55
2020-06-23,US,Michigan,Oceana,199,3,0,43.64124435,-86.26726673,26127.0,751.8796992481202,1.5075376884422111,196,186,3,0,183,176,26625,13,0,0,13,10
2020-06-23,US,Michigan,Ogemaw,32,2,0,44.33481032,-84.12725175,26129.0,152.40272419869504,6.25,30,32,2,0,30,32,20952,0,0,0,0,0
2020-06-23,US,Michigan,Osceola,26,0,0,43.98992088,-85.32566756,26133.0,110.82693947144077,0.0,26,26,0,0,26,27,23341,0,0,0,0,-1
2020-06-23,US,Michigan,Oscoda,10,1,0,44.68192279,-84.12939244,26135.0,121.3444970270598,10.0,9,9,1,0,8,9,8276,1,0,0,1,0
2020-06-23,US,Michigan,Otsego,121,10,0,45.02085831,-84.59898295,26137.0,490.51402626885033,8.264462809917353,111,121,10,0,111,121,24665,0,0,0,0,0
2020-06-23,US,Michigan,Ottawa,972,51,0,42.95996803,-85.9969107,26139.0,333.0706233080903,5.246913580246914,921,971,51,0,920,965,290494,1,0,0,1,6
2020-06-23,US,Michigan,Out of MI,64,0,0,0.0,0.0,80026.0,0.0,0.0,64,59,0,0,59,53,,5,0,0,5,6
2020-06-23,US,Michigan,Presque Isle,12,0,0,45.34018577,-83.91498656,26141.0,95.29860228716646,0.0,12,12,0,0,12,12,12738,0,0,0,0,0
2020-06-23,US,Michigan,Roscommon,26,0,0,44.33473082,-84.61067651,26143.0,108.2476372871477,0.0,26,26,0,0,26,26,23884,0,0,0,0,0
2020-06-23,US,Michigan,Saginaw,1214,122,0,43.33433923,-84.05131209999998,26145.0,637.1399031169473,10.049423393739703,1092,1202,120,0,1082,1193,190800,12,2,0,10,9
2020-06-23,US,Michigan,Sanilac,43,6,0,43.42406072,-82.82055898,26151.0,104.44498421180471,13.953488372093025,37,43,6,0,37,43,41182,0,0,0,0,0
2020-06-23,US,Michigan,Schoolcraft,4,0,0,46.19235734,-86.19972234,26153.0,49.419322955275504,0.0,4,4,0,0,4,4,8068,0,0,0,0,0
2020-06-23,US,Michigan,Shiawassee,265,27,0,42.95392800000001,-84.14585902,26155.0,389.0079563136725,10.18867924528302,238,265,27,0,238,265,68192,0,0,0,0,0
2020-06-23,US,Michigan,St. Clair,528,49,0,42.92655373,-82.67937954,26147.0,331.80835553768037,9.280303030303033,479,527,48,0,479,525,159337,1,1,0,0,2
2020-06-23,US,Michigan,St. Joseph,232,3,0,41.91441767,-85.52797979,26149.0,380.5524571878486,1.293103448275862,229,228,3,0,225,219,61043,4,0,0,4,9
2020-06-23,US,Michigan,Tuscola,229,26,0,43.46606813,-83.41897025,26157.0,438.3194564073117,11.353711790393016,203,248,26,0,222,246,52516,-19,0,0,-19,2
2020-06-23,US,Michigan,Unassigned,4,0,0,0.0,0.0,90026.0,0.0,0.0,4,2,0,0,2,2,,2,0,0,2,0
2020-06-23,US,Michigan,Van Buren,217,7,0,42.25190229,-86.01939087,26159.0,286.74498196281564,3.2258064516129035,210,217,7,0,210,216,75448,0,0,0,0,1
2020-06-23,US,Michigan,Washtenaw,1628,103,0,42.253105,-83.83853204,26161.0,442.87148293938253,6.326781326781328,1525,1622,103,0,1519,1615,370963,6,0,0,6,7
2020-06-23,US,Michigan,Wayne,22245,2690,0,42.28098405,-83.281255,26163.0,1271.6202597203635,12.092605079793213,19555,22180,2689,0,19491,22139,1753893,65,1,0,64,41
2020-06-23,US,Michigan,Wexford,18,3,0,44.33853602,-85.57712739,26165.0,53.52204811037436,16.666666666666668,15,18,3,0,15,18,33466,0,0,0,0,0
2020-06-23,US,Minnesota,Aitkin,13,0,0,46.60962049,-93.41168259999999,27001.0,81.83306055646482,0.0,13,13,0,0,13,13,15902,0,0,0,0,0
2020-06-23,US,Minnesota,Anoka,1919,103,0,45.27476015,-93.24604565,27003.0,537.6539906589974,5.367378843147471,1816,1910,103,0,1807,1894,353813,9,0,0,9,16
2020-06-23,US,Minnesota,Becker,50,0,0,46.93479392,-95.67158144,27005.0,145.25172123289659,0.0,50,50,0,0,50,49,34371,0,0,0,0,1
2020-06-23,US,Minnesota,Beltrami,25,0,0,47.97373527,-94.93732139,27007.0,52.979571077392556,0.0,25,25,0,0,25,25,46847,0,0,0,0,0
2020-06-23,US,Minnesota,Benton,204,3,0,45.69804958,-93.99514135,27009.0,498.91168773997896,1.4705882352941178,201,202,3,0,199,201,40545,2,0,0,2,1
2020-06-23,US,Minnesota,Big Stone,14,0,0,45.42712824,-96.41403739,27011.0,280.50490883590464,0.0,14,14,0,0,14,14,4989,0,0,0,0,0
2020-06-23,US,Minnesota,Blue Earth,243,2,0,44.03554215,-94.06699781,27013.0,359.1858454170547,0.8230452674897121,241,227,2,0,225,214,67427,16,0,0,16,13
2020-06-23,US,Minnesota,Brown,21,2,0,44.24205652,-94.72562874,27015.0,83.97312859884836,9.523809523809524,19,21,2,0,19,21,25111,0,0,0,0,0
2020-06-23,US,Minnesota,Carlton,81,0,0,46.59180601,-92.67601019,27017.0,225.8091494522037,0.0,81,81,0,0,81,81,35837,0,0,0,0,0
2020-06-23,US,Minnesota,Carver,299,1,0,44.82017001,-93.80099179999999,27019.0,284.520739563608,0.33444816053511706,298,297,1,0,296,294,103551,2,0,0,2,3
2020-06-23,US,Minnesota,Cass,11,2,0,46.95043611,-94.32603968,27021.0,36.93878236341045,18.181818181818183,9,12,2,0,10,12,29519,-1,0,0,-1,0
2020-06-23,US,Minnesota,Chippewa,68,1,0,45.02343421,-95.56403693,27023.0,576.271186440678,1.4705882352941178,67,67,1,0,66,66,11924,1,0,0,1,1
2020-06-23,US,Minnesota,Chisago,87,1,0,45.5021011,-92.90861945,27025.0,153.76729882111738,1.1494252873563218,86,87,1,0,86,87,55922,0,0,0,0,0
2020-06-23,US,Minnesota,Clay,530,37,0,46.89289518,-96.48761922,27027.0,825.2623711500731,6.981132075471697,493,528,37,0,491,526,63955,2,0,0,2,2
2020-06-23,US,Minnesota,Clearwater,6,0,0,47.57992111,-95.37790562,27029.0,68.04264005443412,0.0,6,6,0,0,6,6,8810,0,0,0,0,0
2020-06-23,US,Minnesota,Cook,1,0,0,47.90504893,-90.52629546,27031.0,18.304960644334614,0.0,1,1,0,0,1,1,5393,0,0,0,0,0
2020-06-23,US,Minnesota,Cottonwood,125,0,0,44.00715262,-95.18138802,27033.0,1116.4701679171133,0.0,125,123,0,0,123,121,11277,2,0,0,2,2
2020-06-23,US,Minnesota,Crow Wing,97,11,0,46.48096553,-94.06755609,27035.0,149.10460379678733,11.340206185567009,86,94,11,0,83,94,64889,3,0,0,3,0
2020-06-23,US,Minnesota,Dakota,1956,84,0,44.67172617,-93.06299363,27037.0,455.92173809673653,4.294478527607362,1872,1941,83,0,1858,1915,425423,15,1,0,14,26
2020-06-23,US,Minnesota,Dodge,66,0,0,44.02238415,-92.86244324,27039.0,315.27658354829464,0.0,66,66,0,0,66,65,20822,0,0,0,0,1
2020-06-23,US,Minnesota,Douglas,54,0,0,45.93348491,-95.45335469,27041.0,141.57992711255605,0.0,54,54,0,0,54,54,37964,0,0,0,0,0
2020-06-23,US,Minnesota,Faribault,35,0,0,43.67381499,-93.94787458,27043.0,256.3539148905003,0.0,35,33,0,0,33,33,13758,2,0,0,2,0
2020-06-23,US,Minnesota,Fillmore,23,0,0,43.67394126,-92.08980382,27045.0,109.17548772962454,0.0,23,23,1,0,22,23,21058,0,-1,0,1,0
2020-06-23,US,Minnesota,Freeborn,259,0,0,43.67385583,-93.34884422,27047.0,855.3218189623857,0.0,259,258,0,0,258,251,30444,1,0,0,1,7
2020-06-23,US,Minnesota,Goodhue,108,8,0,44.40849741,-92.72341949999999,27049.0,233.05999136814847,7.407407407407407,100,107,7,0,100,105,46403,1,1,0,0,2
2020-06-23,US,Minnesota,Grant,6,0,0,45.93424769,-96.01139609,27051.0,100.46885465505692,0.0,6,6,0,0,6,6,6021,0,0,0,0,0
2020-06-23,US,Minnesota,Hennepin,10988,751,0,45.00761521,-93.47694895,27053.0,868.0381374309453,6.834728795049144,10237,10920,747,0,10173,10830,1259428,68,4,0,64,90
2020-06-23,US,Minnesota,Houston,15,0,0,43.67129565,-91.49143057,27055.0,80.64516129032258,0.0,15,13,0,0,13,13,18578,2,0,0,2,0
2020-06-23,US,Minnesota,Hubbard,5,0,0,47.10778564,-94.91693868,27057.0,23.265553022195334,0.0,5,5,0,0,5,5,21332,0,0,0,0,0
2020-06-23,US,Minnesota,Isanti,56,0,0,45.56181234,-93.29487636,27059.0,137.94462508621538,0.0,56,56,0,0,56,55,39966,0,0,0,0,1
2020-06-23,US,Minnesota,Itasca,59,12,0,47.51009045,-93.63092229,27061.0,130.73343673831155,20.338983050847453,47,59,12,0,47,59,45108,0,0,0,0,0
2020-06-23,US,Minnesota,Jackson,53,0,0,43.67423373,-95.15398258,27063.0,538.2896607759496,0.0,53,53,0,0,53,52,9911,0,0,0,0,1
2020-06-23,US,Minnesota,Kanabec,13,1,0,45.9459309,-93.29275192,27065.0,79.57397318969211,7.6923076923076925,12,13,1,0,12,13,16207,0,0,0,0,0
2020-06-23,US,Minnesota,Kandiyohi,561,1,0,45.1526059,-95.00586446,27067.0,1298.6411722493574,0.17825311942959002,560,560,1,0,559,560,42855,1,0,0,1,0
2020-06-23,US,Minnesota,Kittson,1,0,0,48.77754106,-96.78317184,27069.0,23.266635644485806,0.0,1,1,0,0,1,1,4248,0,0,0,0,0
2020-06-23,US,Minnesota,Koochiching,9,0,0,48.24539665,-93.78352843,27071.0,73.59555155777251,0.0,9,9,0,0,9,9,12440,0,0,0,0,0
2020-06-23,US,Minnesota,Lac qui Parle,4,0,0,44.9973857,-96.17488219,27073.0,60.3955911218481,0.0,4,4,0,0,4,4,6658,0,0,0,0,0
2020-06-23,US,Minnesota,Lake,5,0,0,47.64270764,-91.44557998,27075.0,46.988065031482,0.0,5,5,0,0,5,4,10658,0,0,0,0,1
2020-06-23,US,Minnesota,Le Sueur,66,1,0,44.37136597,-93.72844721,27079.0,228.47647730813168,1.5151515151515151,65,62,1,0,61,62,28494,4,0,0,4,0
2020-06-23,US,Minnesota,Lincoln,6,0,0,44.41311883,-96.26688165,27081.0,106.40184429863451,0.0,6,6,0,0,6,6,5673,0,0,0,0,0
2020-06-23,US,Minnesota,Lyon,277,2,0,44.41327865,-95.83806103,27083.0,1087.3832142576746,0.7220216606498195,275,276,2,0,274,274,25629,1,0,0,1,2
2020-06-23,US,Minnesota,Mahnomen,6,1,0,47.32557075,-95.80921485,27087.0,108.5579880586213,16.666666666666668,5,6,1,0,5,6,5519,0,0,0,0,0
2020-06-23,US,Minnesota,Marshall,12,0,0,48.35825983,-96.37017407,27089.0,128.53470437017995,0.0,12,12,0,0,12,12,9390,0,0,0,0,0
2020-06-23,US,Minnesota,Martin,148,5,0,43.67429718,-94.55099908,27091.0,751.9178986943048,3.3783783783783785,143,148,5,0,143,148,19785,0,0,0,0,0
2020-06-23,US,Minnesota,McLeod,69,0,0,44.82367677,-94.27287017,27085.0,192.23804084361853,0.0,69,68,0,0,68,67,35873,1,0,0,1,1
2020-06-23,US,Minnesota,Meeker,57,1,0,45.12328869,-94.52839455,27093.0,245.45689432434762,1.7543859649122806,56,51,1,0,50,51,23141,6,0,0,6,0
2020-06-23,US,Minnesota,Mille Lacs,30,1,0,45.93705297,-93.63236823,27095.0,114.16828405069073,3.333333333333333,29,30,1,0,29,30,26139,0,0,0,0,0
2020-06-23,US,Minnesota,Morrison,56,1,0,46.01265363,-94.27341528,27097.0,167.7349787336009,1.7857142857142858,55,56,1,0,55,55,33169,0,0,0,0,1
2020-06-23,US,Minnesota,Mower,813,2,0,43.67142874,-92.75234549,27099.0,2029.3545005241876,0.24600246002460024,811,802,2,0,800,797,40011,11,0,0,11,5
2020-06-23,US,Minnesota,Murray,47,0,0,44.02216709,-95.76328482,27101.0,573.5904320234317,0.0,47,47,0,0,47,47,8276,0,0,0,0,0
2020-06-23,US,Minnesota,Nicollet,109,12,0,44.35291112,-94.24710352,27103.0,318.0253253194842,11.009174311926603,97,109,12,0,97,108,34220,0,0,0,0,1
2020-06-23,US,Minnesota,Nobles,1634,6,0,43.67434621,-95.75329576,27105.0,7554.671968190854,0.3671970624235006,1628,1632,6,0,1626,1631,21924,2,0,0,2,1
2020-06-23,US,Minnesota,Norman,18,0,0,47.32628443,-96.45620947,27107.0,282.35294117647067,0.0,18,18,0,0,18,18,6475,0,0,0,0,0
2020-06-23,US,Minnesota,Olmsted,916,15,0,44.00374114,-92.40209944,27109.0,578.6737253068676,1.6375545851528384,901,910,15,0,895,903,156277,6,0,0,6,7
2020-06-23,US,Minnesota,Otter Tail,85,1,0,46.40846929,-95.70835255,27111.0,144.69070234569162,1.1764705882352942,84,85,1,0,84,85,58812,0,0,0,0,0
2020-06-23,US,Minnesota,Pennington,50,0,0,48.06642577,-96.0370814,27113.0,354.1327289468092,0.0,50,50,0,0,50,50,14178,0,0,0,0,0
2020-06-23,US,Minnesota,Pine,97,0,0,46.12105238,-92.74070188,27115.0,327.9353595456236,0.0,97,97,0,0,97,97,29483,0,0,0,0,0
2020-06-23,US,Minnesota,Pipestone,15,0,0,44.02301619,-96.25841142,27117.0,164.3655489809336,0.0,15,15,0,0,15,14,9047,0,0,0,0,1
2020-06-23,US,Minnesota,Polk,73,2,0,47.77372465,-96.40134647,27119.0,232.75092462696082,2.7397260273972597,71,72,2,0,70,72,31529,1,0,0,1,0
2020-06-23,US,Minnesota,Pope,10,0,0,45.58606667,-95.44451209,27121.0,88.8967908258512,0.0,10,10,0,0,10,10,11097,0,0,0,0,0
2020-06-23,US,Minnesota,Ramsey,4394,213,0,45.01625271,-93.09872295,27123.0,798.4430904871884,4.847519344560764,4181,4352,211,0,4141,4306,550210,42,2,0,40,46
2020-06-23,US,Minnesota,Red Lake,3,0,0,47.87197525,-96.09561104,27125.0,73.98273736128236,0.0,3,3,0,0,3,3,3999,0,0,0,0,0
2020-06-23,US,Minnesota,Redwood,12,0,0,44.40555844,-95.25207021,27127.0,79.10349373764008,0.0,12,12,0,0,12,12,15249,0,0,0,0,0
2020-06-23,US,Minnesota,Renville,18,1,0,44.72836381,-94.94553734,27129.0,123.72834753918065,5.5555555555555545,17,16,1,0,15,12,14612,2,0,0,2,4
2020-06-23,US,Minnesota,Rice,758,4,0,44.3543376,-93.29658715,27131.0,1131.8162814310456,0.5277044854881267,754,754,4,0,750,748,66523,4,0,0,4,6
2020-06-23,US,Minnesota,Rock,28,0,0,43.67482683,-96.25296832,27133.0,300.5904455179818,0.0,28,28,0,0,28,28,9414,0,0,0,0,0
2020-06-23,US,Minnesota,Roseau,6,0,0,48.77501878,-95.81079919,27135.0,39.564787339268044,0.0,6,6,0,0,6,6,15150,0,0,0,0,0
2020-06-23,US,Minnesota,Scott,595,4,0,44.6490231,-93.53340251,27139.0,399.2940213269983,0.6722689075630253,591,587,4,0,583,570,147381,8,0,0,8,17
2020-06-23,US,Minnesota,Sherburne,277,4,0,45.44447208,-93.77617511,27141.0,284.8680556983895,1.444043321299639,273,276,4,0,272,275,96036,1,0,0,1,1
2020-06-23,US,Minnesota,Sibley,29,2,0,44.5796592,-94.23164924,27143.0,195.08913555331318,6.896551724137932,27,29,2,0,27,29,15028,0,0,0,0,0
2020-06-23,US,Minnesota,St. Louis,145,14,0,47.604840700000004,-92.46879855,27137.0,72.83869995478976,9.655172413793103,131,143,14,0,129,142,199754,2,0,0,2,1
2020-06-23,US,Minnesota,Stearns,2139,19,0,45.55192576,-94.61078221,27145.0,1327.9528170107096,0.8882655446470313,2120,2137,19,0,2118,2134,159256,2,0,0,2,3
2020-06-23,US,Minnesota,Steele,200,0,0,44.02240351,-93.22627088,27147.0,545.7174820595378,0.0,200,199,0,0,199,194,36803,1,0,0,1,5
2020-06-23,US,Minnesota,Stevens,3,0,0,45.58613007,-96.00163705,27149.0,30.596634370219284,0.0,3,2,0,0,2,2,9753,1,0,0,1,0
2020-06-23,US,Minnesota,Swift,20,1,0,45.2829032,-95.68264092,27151.0,215.8428663932657,5.0,19,20,1,0,19,20,9345,0,0,0,0,0
2020-06-23,US,Minnesota,Todd,392,2,0,46.06996226,-94.89785296,27153.0,1589.3610120012977,0.5102040816326531,390,390,2,0,388,388,24582,2,0,0,2,2
2020-06-23,US,Minnesota,Traverse,5,0,0,45.77298854,-96.47062949,27155.0,153.42129487572873,0.0,5,5,0,0,5,5,3308,0,0,0,0,0
2020-06-23,US,Minnesota,Unassigned,77,32,0,0.0,0.0,90027.0,0.0,41.558441558441565,45,80,31,0,49,82,,-3,1,0,-4,-2
2020-06-23,US,Minnesota,Wabasha,28,0,0,44.28424356,-92.23121312,27157.0,129.4677948860221,0.0,28,28,0,0,28,27,21645,0,0,0,0,1
2020-06-23,US,Minnesota,Wadena,14,0,0,46.58589171,-94.96968506,27159.0,102.3242216050285,0.0,14,12,0,0,12,12,13773,2,0,0,2,0
2020-06-23,US,Minnesota,Waseca,44,0,0,44.02211116,-93.58720034,27161.0,236.40661938534282,0.0,44,41,0,0,41,40,18691,3,0,0,3,1
2020-06-23,US,Minnesota,Washington,905,38,0,45.03864533,-92.88429635,27163.0,344.8407254991617,4.198895027624308,867,898,38,0,860,885,259201,7,0,0,7,13
2020-06-23,US,Minnesota,Watonwan,166,0,0,43.97823903,-94.61413846,27165.0,1523.3550518491327,0.0,166,157,0,0,157,144,10980,9,0,0,9,13
2020-06-23,US,Minnesota,Wilkin,20,3,0,46.35721532,-96.4684375,27167.0,322.2168519413565,15.0,17,20,3,0,17,20,6254,0,0,0,0,0
2020-06-23,US,Minnesota,Winona,99,15,0,43.98772283,-91.78081305,27169.0,196.10173520323272,15.151515151515152,84,99,15,0,84,94,50825,0,0,0,0,5
2020-06-23,US,Minnesota,Wright,405,3,0,45.17297924,-93.96234781,27171.0,292.67869660420445,0.7407407407407407,402,403,2,0,401,401,136349,2,1,0,1,2
2020-06-23,US,Minnesota,Yellow Medicine,23,0,0,44.71710183,-95.86842453,27173.0,236.89360387269542,0.0,23,24,0,0,24,22,9795,-1,0,0,-1,2
2020-06-23,US,Mississippi,Adams,233,18,0,31.47669768,-91.35326037,28001.0,759.130746424266,7.725321888412018,215,227,18,0,209,227,31192,6,0,0,6,0
2020-06-23,US,Mississippi,Alcorn,38,1,0,34.88084463,-88.57996173,28003.0,102.83332882309959,2.631578947368421,37,35,1,0,34,32,36925,3,0,0,3,3
2020-06-23,US,Mississippi,Amite,76,2,0,31.17467303,-90.80501621,28005.0,618.0369195738798,2.631578947368421,74,75,2,0,73,73,12326,1,0,0,1,2
2020-06-23,US,Mississippi,Attala,337,23,0,33.08658803,-89.57838564,28007.0,1854.2973478595795,6.824925816023739,314,336,23,0,313,335,18365,1,0,0,1,1
2020-06-23,US,Mississippi,Benton,23,0,0,34.81681228,-89.18945516,28009.0,278.4840779755418,0.0,23,20,0,0,20,18,8271,3,0,0,3,2
2020-06-23,US,Mississippi,Bolivar,223,13,0,33.79696941,-90.87372121,28011.0,728.0919420138435,5.829596412556054,210,208,13,0,195,197,31333,15,0,0,15,11
2020-06-23,US,Mississippi,Calhoun,99,4,0,33.93683395,-89.33686647,28013.0,689.3670357217463,4.040404040404041,95,96,4,0,92,83,14436,3,0,0,3,13
2020-06-23,US,Mississippi,Carroll,135,11,0,33.44834567,-89.91994479,28015.0,1357.1931235548407,8.148148148148149,124,133,11,0,122,122,9911,2,0,0,2,11
2020-06-23,US,Mississippi,Chickasaw,202,17,0,33.91983202,-88.9481545,28017.0,1181.0793428053555,8.415841584158416,185,196,17,0,179,177,17171,6,0,0,6,19
2020-06-23,US,Mississippi,Choctaw,65,3,0,33.34598242,-89.24809382,28019.0,791.7174177831912,4.615384615384615,62,71,3,0,68,71,8278,-6,0,0,-6,0
2020-06-23,US,Mississippi,Claiborne,172,9,0,31.97061673,-90.90702196,28021.0,1913.6626613262129,5.232558139534883,163,168,9,0,159,144,9002,4,0,0,4,24
2020-06-23,US,Mississippi,Clarke,183,21,0,32.04158545,-88.68896219999998,28023.0,1177.5304034489416,11.475409836065571,162,182,21,0,161,168,15604,1,0,0,1,14
2020-06-23,US,Mississippi,Clay,218,6,0,33.65358105,-88.77784255,28025.0,1128.5980534272105,2.7522935779816518,212,210,6,0,204,185,19386,8,0,0,8,25
2020-06-23,US,Mississippi,Coahoma,160,6,0,34.22772299,-90.60415045,28027.0,723.1965286566624,3.75,154,161,6,0,155,156,22628,-1,0,0,-1,5
2020-06-23,US,Mississippi,Copiah,492,11,0,31.86977774,-90.44565118,28029.0,1753.0732228754678,2.2357723577235773,481,476,11,0,465,425,28543,16,0,0,16,51
2020-06-23,US,Mississippi,Covington,246,5,0,31.63225413,-89.55389939,28031.0,1320.0257566001287,2.0325203252032518,241,238,3,0,235,213,18853,8,2,0,6,25
2020-06-23,US,Mississippi,DeSoto,948,15,0,34.87625235,-89.99091418,28033.0,512.5848225148017,1.5822784810126582,933,912,14,0,898,790,182001,36,1,0,35,122
2020-06-23,US,Mississippi,Forrest,737,42,0,31.18961454,-89.25832496,28035.0,984.0180514573348,5.698778833107191,695,729,42,0,687,697,75036,8,0,0,8,32
2020-06-23,US,Mississippi,Franklin,31,2,0,31.47786634,-90.89672989,28037.0,401.918838324906,6.451612903225807,29,30,2,0,28,30,7788,1,0,0,1,0
2020-06-23,US,Mississippi,George,58,3,0,30.86259065,-88.64436789,28039.0,236.73469387755105,5.172413793103448,55,53,2,0,51,41,24250,5,1,0,4,12
2020-06-23,US,Mississippi,Greene,71,5,0,31.21444233,-88.63922281,28041.0,522.5967908140733,7.042253521126762,66,70,5,0,65,56,13586,1,0,0,1,14
2020-06-23,US,Mississippi,Grenada,211,4,0,33.77036166,-89.80245083,28043.0,1016.4755756816647,1.895734597156398,207,195,5,0,190,170,21055,16,-1,0,17,25
2020-06-23,US,Mississippi,Hancock,103,13,0,30.41830223,-89.48851033,28045.0,216.24118239838765,12.621359223300969,90,103,13,0,90,100,47334,0,0,0,0,3
2020-06-23,US,Mississippi,Harrison,499,7,0,30.51359752,-89.12467576,28047.0,239.81161091887736,1.4028056112224452,492,464,7,0,457,393,206650,35,0,0,35,71
2020-06-23,US,Mississippi,Hinds,1589,33,0,32.2656285,-90.44435448,28049.0,685.3864734299518,2.076777847702958,1556,1536,33,0,1503,1390,237085,53,0,0,53,146
2020-06-23,US,Mississippi,Holmes,491,37,0,33.12345854,-90.08923538,28051.0,2886.5373309817755,7.535641547861508,454,489,37,0,452,477,17622,2,0,0,2,12
2020-06-23,US,Mississippi,Humphreys,95,9,0,33.12825718,-90.52252707,28053.0,1178.0753968253966,9.473684210526317,86,93,9,0,84,83,8257,2,0,0,2,10
2020-06-23,US,Mississippi,Itawamba,112,8,0,34.27993475,-88.3606733,28057.0,478.8371098760154,7.142857142857142,104,109,8,0,101,106,23517,3,0,0,3,3
2020-06-23,US,Mississippi,Jackson,425,16,0,30.54020656,-88.64184064,28059.0,295.9259697668104,3.7647058823529416,409,402,16,0,386,385,143277,23,0,0,23,17
2020-06-23,US,Mississippi,Jasper,216,6,0,32.01922104,-89.11786866,28061.0,1318.4398461820178,2.7777777777777777,210,212,6,0,206,203,16428,4,0,0,4,9
2020-06-23,US,Mississippi,Jefferson,64,2,0,31.73397872,-91.03764977,28063.0,915.5937052932761,3.125,62,63,2,0,61,57,7106,1,0,0,1,6
2020-06-23,US,Mississippi,Jefferson Davis,92,3,0,31.56884708,-89.82670990000004,28065.0,826.7433501078361,3.260869565217391,89,90,3,0,87,86,11234,2,0,0,2,4
2020-06-23,US,Mississippi,Jones,952,47,0,31.62257767,-89.16896899999998,28067.0,1397.9852565420426,4.936974789915967,905,928,47,0,881,910,68461,24,0,0,24,18
2020-06-23,US,Mississippi,Kemper,168,13,0,32.75462946,-88.64105766,28069.0,1724.4918907821802,7.738095238095237,155,169,13,0,156,169,10027,-1,0,0,-1,0
2020-06-23,US,Mississippi,Lafayette,269,4,0,34.35687874,-89.48490961,28071.0,497.9729354486385,1.4869888475836432,265,254,4,0,250,209,54793,15,0,0,15,45
2020-06-23,US,Mississippi,Lamar,353,7,0,31.20572971,-89.5077704,28073.0,557.2833620131663,1.9830028328611895,346,341,7,0,334,300,62447,12,0,0,12,41
2020-06-23,US,Mississippi,Lauderdale,850,77,0,32.40419769,-88.66229662,28075.0,1146.7116357504215,9.058823529411764,773,847,77,0,770,818,75317,3,0,0,3,29
2020-06-23,US,Mississippi,Lawrence,134,1,0,31.55147224,-90.10841127,28077.0,1064.6750357540125,0.746268656716418,133,129,1,0,128,121,12455,5,0,0,5,8
2020-06-23,US,Mississippi,Leake,505,16,0,32.7536828,-89.52402044,28079.0,2216.273150179935,3.1683168316831685,489,503,16,0,487,496,22763,2,0,0,2,7
2020-06-23,US,Mississippi,Lee,388,14,0,34.291877500000005,-88.68149954,28081.0,454.14111147525637,3.608247422680413,374,374,14,0,360,330,85202,14,0,0,14,44
2020-06-23,US,Mississippi,Leflore,430,48,0,33.55545125,-90.29900733,28083.0,1525.7424688642086,11.16279069767442,382,420,47,0,373,385,28919,10,1,0,9,35
2020-06-23,US,Mississippi,Lincoln,384,32,0,31.53288662,-90.45391915,28085.0,1124.3521798963486,8.333333333333334,352,378,32,0,346,330,34205,6,0,0,6,48
2020-06-23,US,Mississippi,Lowndes,392,10,0,33.47386518,-88.44191529999998,28087.0,668.9990613533578,2.5510204081632653,382,384,10,0,374,352,58930,8,0,0,8,32
2020-06-23,US,Mississippi,Madison,1014,31,0,32.63389156,-90.03513564,28089.0,954.1553748870822,3.0571992110453654,983,995,31,0,964,922,105630,19,0,0,19,73
2020-06-23,US,Mississippi,Marion,196,10,0,31.23132643,-89.8209217,28091.0,797.6234078053147,5.1020408163265305,186,186,10,0,176,163,24715,10,0,0,10,23
2020-06-23,US,Mississippi,Marshall,144,3,0,34.76216286,-89.50299462,28093.0,408.0013600045334,2.083333333333333,141,142,3,0,139,122,35451,2,0,0,2,20
2020-06-23,US,Mississippi,Monroe,314,28,0,33.89236763,-88.4808438,28095.0,890.7296039940995,8.917197452229301,286,311,27,0,284,301,35564,3,1,0,2,10
2020-06-23,US,Mississippi,Montgomery,105,1,0,33.49419589,-89.61729103,28097.0,1074.1687979539645,0.9523809523809524,104,104,1,0,103,98,10023,1,0,0,1,6
2020-06-23,US,Mississippi,Neshoba,907,60,0,32.75339664,-89.11726492,28099.0,3114.911738443574,6.615214994487322,847,921,58,0,863,921,29125,-14,2,0,-16,0
2020-06-23,US,Mississippi,Newton,324,8,0,32.40021118,-89.11843336,28101.0,1541.5358264344848,2.469135802469136,316,325,8,0,317,325,21443,-1,0,0,-1,0
2020-06-23,US,Mississippi,Noxubee,224,6,0,33.11009499,-88.56949061,28103.0,2150.3311894019394,2.6785714285714284,218,223,6,0,217,218,10535,1,0,0,1,5
2020-06-23,US,Mississippi,Oktibbeha,426,20,0,33.42491685,-88.87905132,28105.0,859.0961340673967,4.694835680751174,406,420,19,0,401,386,49599,6,1,0,5,34
2020-06-23,US,Mississippi,Panola,190,5,0,34.36398677,-89.95064249,28107.0,555.6855404773046,2.631578947368421,185,179,5,0,174,146,34178,11,0,0,11,33
2020-06-23,US,Mississippi,Pearl River,227,32,0,30.77090935,-89.58677275,28109.0,408.7512379580445,14.09691629955947,195,226,32,0,194,224,55387,1,0,0,1,2
2020-06-23,US,Mississippi,Perry,55,4,0,31.17161885,-88.99281835,28111.0,459.36690887830946,7.272727272727272,51,55,4,0,51,55,11931,0,0,0,0,0
2020-06-23,US,Mississippi,Pike,289,11,0,31.17507789,-90.40392572,28113.0,735.5935654652819,3.8062283737024223,278,278,11,0,267,248,39563,11,0,0,11,30
2020-06-23,US,Mississippi,Pontotoc,146,3,0,34.226046000000004,-89.03636807,28115.0,453.7825573444396,2.054794520547945,143,128,3,0,125,93,31833,18,0,0,18,35
2020-06-23,US,Mississippi,Prentiss,80,3,0,34.61810501,-88.51986294,28117.0,318.3952877497413,3.75,77,78,3,0,75,70,25315,2,0,0,2,8
2020-06-23,US,Mississippi,Quitman,49,0,0,34.25157572,-90.28908,28119.0,721.4369846878682,0.0,49,52,0,0,52,52,7051,-3,0,0,-3,0
2020-06-23,US,Mississippi,Rankin,620,12,0,32.26469147,-89.94537876,28121.0,399.3018657701696,1.935483870967742,608,611,12,0,599,563,153902,9,0,0,9,48
2020-06-23,US,Mississippi,Scott,707,14,0,32.406704100000006,-89.53789439,28123.0,2513.867159721235,1.98019801980198,693,700,14,0,686,696,28287,7,0,0,7,4
2020-06-23,US,Mississippi,Sharkey,16,0,0,32.88149103,-90.8159538,28125.0,370.28465632955323,0.0,16,13,0,0,13,9,4377,3,0,0,3,4
2020-06-23,US,Mississippi,Simpson,170,2,0,31.91282117,-89.91716179,28127.0,637.7072548578287,1.1764705882352942,168,166,2,0,164,126,26758,4,0,0,4,40
2020-06-23,US,Mississippi,Smith,190,11,0,32.01744532,-89.50644846,28129.0,1193.7672782106056,5.789473684210527,179,187,11,0,176,182,16002,3,0,0,3,5
2020-06-23,US,Mississippi,Stone,43,1,0,30.79187949,-89.11547539,28131.0,234.51134380453755,2.3255813953488373,42,42,1,0,41,35,18717,1,0,0,1,7
2020-06-23,US,Mississippi,Sunflower,172,5,0,33.60192578,-90.58882684,28133.0,684.9860613301472,2.9069767441860463,167,155,4,0,151,128,25735,17,1,0,16,27
2020-06-23,US,Mississippi,Tallahatchie,68,1,0,33.95339918,-90.1729398,28135.0,492.4324715765081,1.4705882352941178,67,64,1,0,63,49,13987,4,0,0,4,15
2020-06-23,US,Mississippi,Tate,192,4,0,34.65133709,-89.94485778,28137.0,677.9421630592141,2.083333333333333,188,182,2,0,180,155,28759,10,2,0,8,27
2020-06-23,US,Mississippi,Tippah,107,11,0,34.76872156,-88.90988194,28139.0,486.0322507381331,10.280373831775703,96,106,11,0,95,100,21995,1,0,0,1,6
2020-06-23,US,Mississippi,Tishomingo,55,1,0,34.74023475,-88.23917219,28141.0,283.75380488056544,1.818181818181818,54,52,1,0,51,47,19454,3,0,0,3,5
2020-06-23,US,Mississippi,Tunica,77,3,0,34.64967704,-90.37481167,28143.0,799.4186046511627,3.8961038961038965,74,76,3,0,73,67,9944,1,0,0,1,9
2020-06-23,US,Mississippi,Union,131,8,0,34.49162015,-89.00776006,28145.0,454.624327607149,6.106870229007634,123,128,8,0,120,109,28606,3,0,0,3,19
2020-06-23,US,Mississippi,Walthall,140,1,0,31.14971548,-90.10446654,28147.0,979.980400391992,0.7142857142857143,139,133,2,0,131,111,14465,7,-1,0,8,22
2020-06-23,US,Mississippi,Warren,347,14,0,32.35810271,-90.83352619,28149.0,764.6371829620326,4.034582132564841,333,331,14,0,317,280,46176,16,0,0,16,51
2020-06-23,US,Mississippi,Washington,323,9,0,33.28392041,-90.94196237,28151.0,735.6122890523583,2.7863777089783284,314,302,9,0,293,276,45063,21,0,0,21,26
2020-06-23,US,Mississippi,Wayne,441,8,0,31.64135687,-88.69573913,28153.0,2185.0071842639845,1.8140589569161,433,434,8,0,426,409,20298,7,0,0,7,25
2020-06-23,US,Mississippi,Webster,122,10,0,33.61300486,-89.28392912,28155.0,1259.1598720198162,8.196721311475411,112,118,10,0,108,109,9788,4,0,0,4,9
2020-06-23,US,Mississippi,Wilkinson,85,9,0,31.16078225,-91.31018819,28157.0,984.936268829664,10.588235294117649,76,85,9,0,76,85,8792,0,0,0,0,0
2020-06-23,US,Mississippi,Winston,193,3,0,33.08747908,-89.03391385,28159.0,1074.9094959621277,1.5544041450777202,190,178,2,0,176,158,18165,15,1,0,14,20
2020-06-23,US,Mississippi,Yalobusha,133,7,0,34.02824175,-89.70762049999998,28161.0,1098.4473075652459,5.2631578947368425,126,139,7,0,132,139,12392,-6,0,0,-6,0
2020-06-23,US,Mississippi,Yazoo,407,6,0,32.77890365,-90.39656148,28163.0,1370.8319299427415,1.4742014742014742,401,395,6,0,389,354,28248,12,0,0,12,41
2020-06-23,US,Missouri,Adair,86,0,0,40.19058551,-92.60078167,29001.0,339.3441976088072,0.0,86,86,0,0,86,85,25339,0,0,0,0,1
2020-06-23,US,Missouri,Andrew,43,0,0,39.98492163,-94.80163024,29003.0,242.77326106594398,0.0,43,42,0,0,42,41,17607,1,0,0,1,1
2020-06-23,US,Missouri,Atchison,3,0,0,40.43238737,-95.42970639,29005.0,58.331713007972,0.0,3,3,0,0,3,3,5171,0,0,0,0,0
2020-06-23,US,Missouri,Audrain,137,1,0,39.215877,-91.84242683,29007.0,539.6250196943438,0.7299270072992701,136,134,1,0,133,134,25473,3,0,0,3,0
2020-06-23,US,Missouri,Barry,31,0,0,36.70978521,-93.82919888,29009.0,86.61879348403141,0.0,31,31,0,0,31,31,35886,0,0,0,0,0
2020-06-23,US,Missouri,Barton,16,0,0,37.50207671,-94.34757022,29011.0,136.123872724179,0.0,16,15,0,0,15,15,11798,1,0,0,1,0
2020-06-23,US,Missouri,Bates,12,1,0,38.25271289,-94.34113157,29013.0,74.20232500618353,8.333333333333334,11,12,1,0,11,12,16320,0,0,0,0,0
2020-06-23,US,Missouri,Benton,16,0,0,38.29503305,-93.28756116,29015.0,82.29182739289205,0.0,16,15,0,0,15,15,19278,1,0,0,1,0
2020-06-23,US,Missouri,Bollinger,12,0,0,37.32449052,-90.02725304,29017.0,98.90381603890215,0.0,12,12,0,0,12,13,12169,0,0,0,0,-1
2020-06-23,US,Missouri,Boone,280,2,0,38.99186229,-92.30723575,29019.0,155.156458664657,0.7142857142857143,278,266,2,0,264,258,180005,14,0,0,14,8
2020-06-23,US,Missouri,Buchanan,812,3,0,39.65816401,-94.80138942,29021.0,929.4446224989697,0.3694581280788177,809,809,3,0,806,805,88571,3,0,0,3,4
2020-06-23,US,Missouri,Butler,67,0,0,36.71462476,-90.40421163,29023.0,157.7287066246057,0.0,67,62,0,0,62,62,42639,5,0,0,5,0
2020-06-23,US,Missouri,Caldwell,9,0,0,39.65620858,-93.98308093,29025.0,99.77827050997783,0.0,9,9,0,0,9,9,9108,0,0,0,0,0
2020-06-23,US,Missouri,Callaway,45,1,0,38.83674754,-91.92186505,29027.0,100.57439152493127,2.2222222222222223,44,42,1,0,41,42,44889,3,0,0,3,0
2020-06-23,US,Missouri,Camden,54,1,0,38.02199522,-92.76083747,29029.0,116.61807580174928,1.851851851851852,53,50,1,0,49,48,45815,4,0,0,4,2
2020-06-23,US,Missouri,Cape Girardeau,123,3,0,37.38489388,-89.6843587,29031.0,155.9508564618174,2.4390243902439024,120,121,3,0,118,120,78753,2,0,0,2,1
2020-06-23,US,Missouri,Carroll,11,0,0,39.42762566,-93.50626255,29033.0,126.74271229404309,0.0,11,11,0,0,11,11,8743,0,0,0,0,0
2020-06-23,US,Missouri,Carter,6,1,0,36.94160441,-90.96051322,29035.0,100.30090270812435,16.666666666666668,5,6,1,0,5,6,6054,0,0,0,0,0
2020-06-23,US,Missouri,Cass,116,8,0,38.64789422,-94.353399,29037.0,109.66156173189638,6.896551724137932,108,116,8,0,108,116,104954,0,0,0,0,0
2020-06-23,US,Missouri,Cedar,9,0,0,37.72391475,-93.85445441,29039.0,62.72214091574325,0.0,9,9,0,0,9,9,14165,0,0,0,0,0
2020-06-23,US,Missouri,Chariton,6,0,0,39.51499357,-92.9629191,29041.0,80.79719903043363,0.0,6,6,0,0,6,6,7451,0,0,0,0,0
2020-06-23,US,Missouri,Christian,35,0,0,36.9711783,-93.18537118,29043.0,39.50561544105197,0.0,35,32,0,0,32,32,86983,3,0,0,3,0
2020-06-23,US,Missouri,Clark,1,0,0,40.41040752,-91.73661677,29045.0,14.712373105781962,0.0,1,1,0,0,1,1,6842,0,0,0,0,0
2020-06-23,US,Missouri,Clay,367,8,0,39.31132056,-94.41850862,29047.0,146.8305407524765,2.1798365122615806,359,348,8,0,340,342,246365,19,0,0,19,6
2020-06-23,US,Missouri,Clinton,23,0,0,39.6013098,-94.40465394,29049.0,112.81699121989504,0.0,23,23,0,0,23,23,20470,0,0,0,0,0
2020-06-23,US,Missouri,Cole,63,2,0,38.50455671,-92.27860244,29051.0,82.09003843898627,3.1746031746031744,61,61,1,0,60,60,76796,2,1,0,1,1
2020-06-23,US,Missouri,Cooper,13,0,0,38.844478,-92.80896081,29053.0,73.40900107290078,0.0,13,13,0,0,13,12,17603,0,0,0,0,1
2020-06-23,US,Missouri,Crawford,10,0,0,37.97663738,-91.30528104,29055.0,41.80602006688964,0.0,10,10,0,0,10,10,23957,0,0,0,0,0
2020-06-23,US,Missouri,Dade,1,0,0,37.431814,-93.8503345,29057.0,13.225763787858751,0.0,1,1,0,0,1,1,7569,0,0,0,0,0
2020-06-23,US,Missouri,Dallas,12,0,0,37.6811355,-93.02127031,29059.0,71.09847138286527,0.0,12,10,0,0,10,9,16762,2,0,0,2,1
2020-06-23,US,Missouri,Daviess,7,0,0,39.96145298,-93.98519678,29061.0,84.56148828219376,0.0,7,7,0,0,7,7,8313,0,0,0,0,0
2020-06-23,US,Missouri,DeKalb,10,0,0,39.89201062,-94.40476508,29063.0,79.70032677133977,0.0,10,10,0,0,10,10,12630,0,0,0,0,0
2020-06-23,US,Missouri,Dent,2,0,0,37.60663134,-91.50790473,29065.0,12.842740640852758,0.0,2,1,0,0,1,1,15441,1,0,0,1,0
2020-06-23,US,Missouri,Douglas,3,0,0,36.9325593,-92.49905109,29067.0,22.75312855517633,0.0,3,3,0,0,3,3,13373,0,0,0,0,0
2020-06-23,US,Missouri,Dunklin,81,3,0,36.27167174,-90.09122243,29069.0,278.0543064089801,3.703703703703704,78,79,3,0,76,79,29423,2,0,0,2,0
2020-06-23,US,Missouri,Franklin,193,18,0,38.41127108,-91.07522826,29071.0,185.63582675271962,9.32642487046632,175,191,18,0,173,188,103670,2,0,0,2,3
2020-06-23,US,Missouri,Gasconade,5,0,0,38.43947277,-91.50847147,29073.0,33.999728002175985,0.0,5,4,0,0,4,4,14705,1,0,0,1,0
2020-06-23,US,Missouri,Gentry,56,9,0,40.21097916,-94.40944419,29075.0,852.2294932278193,16.071428571428573,47,55,9,0,46,55,6628,1,0,0,1,0
2020-06-23,US,Missouri,Greene,233,8,0,37.2575872,-93.34230916,29077.0,79.49885016684523,3.433476394849785,225,228,8,0,220,225,291923,5,0,0,5,3
2020-06-23,US,Missouri,Grundy,17,0,0,40.11406587,-93.56509276,29079.0,172.58883248730962,0.0,17,17,0,0,17,17,9914,0,0,0,0,0
2020-06-23,US,Missouri,Harrison,12,0,0,40.35570088,-93.99222144,29081.0,143.67816091954026,0.0,12,11,0,0,11,9,8414,1,0,0,1,2
2020-06-23,US,Missouri,Henry,17,3,0,38.38482826,-93.79293734,29083.0,77.89589442815249,17.647058823529417,14,17,3,0,14,17,21792,0,0,0,0,0
2020-06-23,US,Missouri,Holt,1,0,0,40.09799248,-95.2163888,29087.0,22.71178741766977,0.0,1,1,0,0,1,2,4404,0,0,0,0,-1
2020-06-23,US,Missouri,Howard,5,0,0,39.1435761,-92.69756691,29089.0,49.99500049995,0.0,5,5,0,0,5,3,10137,0,0,0,0,2
2020-06-23,US,Missouri,Howell,30,0,0,36.77383887,-91.88683935,29091.0,74.78126480045866,0.0,30,30,0,0,30,30,40076,0,0,0,0,0
2020-06-23,US,Missouri,Iron,2,0,0,37.55487945,-90.7735296,29093.0,19.753086419753085,0.0,2,2,0,0,2,2,10177,0,0,0,0,0
2020-06-23,US,Missouri,Jackson,1054,23,0,39.01002188,-94.34724536,29095.0,149.92653031033657,2.1821631878557874,1031,1030,23,0,1007,1018,700307,24,0,0,24,12
2020-06-23,US,Missouri,Jasper,324,0,0,37.20351921,-94.34050458,29097.0,267.04470526176976,0.0,324,269,0,0,269,266,120636,55,0,0,55,3
2020-06-23,US,Missouri,Jefferson,407,19,0,38.25926778,-90.53870896,29099.0,180.8237923236524,4.6683046683046685,388,401,19,0,382,401,224347,6,0,0,6,0
2020-06-23,US,Missouri,Johnson,91,0,0,38.74719601,-93.80691168,29101.0,168.32525618734047,0.0,91,89,0,0,89,89,53652,2,0,0,2,0
2020-06-23,US,Missouri,Kansas City,2014,31,0,39.0997,-94.5786,0.0,411.9089546225225,1.5392254220456802,1983,1945,31,0,1914,1921,491918,69,0,0,69,24
2020-06-23,US,Missouri,Knox,2,0,0,40.12699751,-92.14780832,29103.0,50.51780752715332,0.0,2,2,0,0,2,2,3947,0,0,0,0,0
2020-06-23,US,Missouri,Laclede,19,0,0,37.65896829,-92.5888493,29105.0,53.18702236654256,0.0,19,20,0,0,20,16,35713,-1,0,0,-1,4
2020-06-23,US,Missouri,Lafayette,86,2,0,39.06986886,-93.78076396,29107.0,262.93261587379243,2.3255813953488373,84,86,2,0,84,86,32598,0,0,0,0,0
2020-06-23,US,Missouri,Lawrence,19,0,0,37.10626634,-93.83293097,29109.0,49.537218094120725,0.0,19,13,0,0,13,13,38359,6,0,0,6,0
2020-06-23,US,Missouri,Lewis,7,1,0,40.09673161,-91.72070156,29111.0,71.6039279869067,14.285714285714285,6,7,1,0,6,7,9855,0,0,0,0,0
2020-06-23,US,Missouri,Lincoln,94,1,0,39.05345619,-90.95588181,29113.0,159.28693677664245,1.0638297872340423,93,92,1,0,91,91,57686,2,0,0,2,1
2020-06-23,US,Missouri,Linn,14,1,0,39.87001769,-93.10704106,29115.0,117.4496644295302,7.142857142857142,13,13,1,0,12,13,12037,1,0,0,1,0
2020-06-23,US,Missouri,Livingston,7,0,0,39.78110272,-93.54645978,29117.0,45.97097261443489,0.0,7,7,0,0,7,7,15146,0,0,0,0,0
2020-06-23,US,Missouri,Macon,7,0,0,39.83049768,-92.56453089,29121.0,46.30548389230668,0.0,7,7,0,0,7,7,15153,0,0,0,0,0
2020-06-23,US,Missouri,Madison,3,0,0,37.47865134,-90.3467143,29123.0,24.81800132362674,0.0,3,3,0,0,3,3,12188,0,0,0,0,0
2020-06-23,US,Missouri,Maries,4,0,0,38.16193985,-91.92249662,29125.0,45.992871104978725,0.0,4,3,0,0,3,2,8769,1,0,0,1,1
2020-06-23,US,Missouri,Marion,13,0,0,39.80601912,-91.62203062,29127.0,45.56607080266386,0.0,13,11,0,0,11,11,28592,2,0,0,2,0
2020-06-23,US,Missouri,McDonald,403,0,0,36.62869595,-94.34867205,29119.0,1764.680124359592,0.0,403,371,0,0,371,366,23078,32,0,0,32,5
2020-06-23,US,Missouri,Mercer,5,0,0,40.42212303,-93.5682959,29129.0,138.23610727121923,0.0,5,5,0,0,5,5,3641,0,0,0,0,0
2020-06-23,US,Missouri,Miller,11,0,0,38.21450288,-92.42610898,29131.0,42.93688278231001,0.0,11,11,0,0,11,10,25336,0,0,0,0,1
2020-06-23,US,Missouri,Mississippi,80,0,0,36.82516239,-89.29505753,29133.0,606.9802731411229,0.0,80,79,0,0,79,77,13336,1,0,0,1,2
2020-06-23,US,Missouri,Moniteau,49,1,0,38.63571781,-92.57976951,29135.0,303.74411108356065,2.0408163265306123,48,49,1,0,48,49,16121,0,0,0,0,0
2020-06-23,US,Missouri,Monroe,5,0,0,39.49593978,-92.00043978,29137.0,57.84359093012494,0.0,5,5,0,0,5,5,8664,0,0,0,0,0
2020-06-23,US,Missouri,Montgomery,15,0,0,38.94022054,-91.47000721,29139.0,129.85888667647822,0.0,15,13,0,0,13,13,11534,2,0,0,2,0
2020-06-23,US,Missouri,Morgan,11,0,0,38.4181765,-92.88791859,29141.0,53.32816211761285,0.0,11,12,0,0,12,12,20358,-1,0,0,-1,0
2020-06-23,US,Missouri,New Madrid,36,1,0,36.59666326,-89.66070007,29143.0,210.8222066057625,2.7777777777777777,35,34,1,0,33,36,17296,2,0,0,2,-2
2020-06-23,US,Missouri,Newton,284,2,0,36.90519407,-94.3394104,29145.0,487.67085651487054,0.7042253521126759,282,268,2,0,266,265,58266,16,0,0,16,3
2020-06-23,US,Missouri,Nodaway,18,0,0,40.36079813,-94.88133008,29147.0,81.47745790331342,0.0,18,17,0,0,17,17,22304,1,0,0,1,0
2020-06-23,US,Missouri,Oregon,6,0,0,36.68710164,-91.4033755,29149.0,56.9854687054801,0.0,6,6,0,0,6,6,10541,0,0,0,0,0
2020-06-23,US,Missouri,Osage,6,0,0,38.46036182,-91.8613635,29151.0,44.06904149834741,0.0,6,5,0,0,5,5,13714,1,0,0,1,0
2020-06-23,US,Missouri,Ozark,1,0,0,36.64916339,-92.44459066,29153.0,10.90037061260083,0.0,1,1,0,0,1,1,9017,0,0,0,0,0
2020-06-23,US,Missouri,Pemiscot,106,6,0,36.2130572,-89.78742322,29155.0,670.67383739323,5.660377358490566,100,106,6,0,100,105,16272,0,0,0,0,1
2020-06-23,US,Missouri,Perry,111,0,0,37.70660776,-89.82741088,29157.0,580.0585284280936,0.0,111,104,0,0,104,102,19150,7,0,0,7,2
2020-06-23,US,Missouri,Pettis,102,1,0,38.72798918,-93.28471706,29159.0,240.91263374194008,0.9803921568627452,101,100,1,0,99,98,42542,2,0,0,2,2
2020-06-23,US,Missouri,Phelps,8,0,0,37.87736118,-91.79351727,29161.0,17.948085163664103,0.0,8,7,0,0,7,7,44732,1,0,0,1,0
2020-06-23,US,Missouri,Pike,34,1,0,39.34310674,-91.16980779,29163.0,185.77204677084472,2.9411764705882355,33,34,1,0,33,33,18504,0,0,0,0,1
2020-06-23,US,Missouri,Platte,105,4,0,39.38154439,-94.77068479,29165.0,100.55737516520139,3.809523809523809,101,102,4,0,98,102,102985,3,0,0,3,0
2020-06-23,US,Missouri,Polk,12,0,0,37.6162296,-93.39828174,29167.0,37.32619988180036,0.0,12,10,0,0,10,10,32201,2,0,0,2,0
2020-06-23,US,Missouri,Pulaski,106,1,0,37.82462075,-92.20783203,29169.0,201.49409774364628,0.9433962264150944,105,106,1,0,105,106,52014,0,0,0,0,0
2020-06-23,US,Missouri,Putnam,2,0,0,40.47942497,-93.02042674,29171.0,42.58943781942078,0.0,2,2,0,0,2,2,4757,0,0,0,0,0
2020-06-23,US,Missouri,Ralls,7,0,0,39.52817427,-91.51838643,29173.0,67.90183334950044,0.0,7,6,0,0,6,6,10212,1,0,0,1,0
2020-06-23,US,Missouri,Randolph,12,0,0,39.44007257,-92.4971374,29175.0,48.48876676903184,0.0,12,12,0,0,12,12,24763,0,0,0,0,0
2020-06-23,US,Missouri,Ray,25,0,0,39.3537468,-93.98905745,29177.0,108.61065253280043,0.0,25,25,0,0,25,25,22883,0,0,0,0,0
2020-06-23,US,Missouri,Reynolds,2,0,0,37.36085952,-90.97009925,29179.0,31.897926634768737,0.0,2,2,0,0,2,2,6254,0,0,0,0,0
2020-06-23,US,Missouri,Ripley,14,0,0,36.65460667,-90.85990261,29181.0,105.35821794099941,0.0,14,14,0,0,14,14,13401,0,0,0,0,0
2020-06-23,US,Missouri,Saline,278,4,0,39.13734288,-93.20259964,29195.0,1221.3874610078644,1.4388489208633093,274,278,4,0,274,278,22895,0,0,0,0,0
2020-06-23,US,Missouri,Schuyler,4,0,0,40.46921489,-92.52311943,29197.0,85.83690987124461,0.0,4,4,0,0,4,4,4599,0,0,0,0,0
2020-06-23,US,Missouri,Scotland,8,1,0,40.45214695,-92.14709064,29199.0,163.19869441044472,12.5,7,8,1,0,7,8,4966,0,0,0,0,0
2020-06-23,US,Missouri,Scott,159,11,0,37.05588075,-89.56474493,29201.0,415.36050156739816,6.918238993710692,148,160,11,0,149,159,38458,-1,0,0,-1,1
2020-06-23,US,Missouri,Shannon,6,0,0,37.15772072,-91.40190382,29203.0,73.47538574577517,0.0,6,6,0,0,6,6,8189,0,0,0,0,0
2020-06-23,US,Missouri,Shelby,2,0,0,39.79742518,-92.07634971,29205.0,33.72681281618887,0.0,2,2,0,0,2,2,6050,0,0,0,0,0
2020-06-23,US,Missouri,St. Charles,968,69,0,38.77875681,-90.66662425,29183.0,240.78284272999986,7.128099173553719,899,957,69,0,888,954,399182,11,0,0,11,3
2020-06-23,US,Missouri,St. Clair,2,0,0,38.03699437,-93.77631447,29185.0,21.283388315419813,0.0,2,2,0,0,2,2,9395,0,0,0,0,0
2020-06-23,US,Missouri,St. Francois,84,2,0,37.81214171,-90.47598685,29187.0,124.972104440973,2.380952380952381,82,68,2,0,66,66,66692,16,0,0,16,2
2020-06-23,US,Missouri,St. Louis,5941,555,0,38.63770039999999,-90.4458375,29189.0,597.5628768714703,9.341861639454637,5386,5878,551,0,5327,5850,996945,63,4,0,59,28
2020-06-23,US,Missouri,St. Louis City,2319,154,0,38.63555736,-90.24349225,29510.0,771.5186841264772,6.640793445450625,2165,2319,154,0,2165,2319,302838,0,0,0,0,0
2020-06-23,US,Missouri,Ste. Genevieve,16,1,0,37.89090059,-90.1949941,29186.0,89.41544651838603,6.25,15,16,1,0,15,16,17888,0,0,0,0,0
2020-06-23,US,Missouri,Stoddard,129,8,0,36.85571651,-89.9444155,29207.0,444.4444444444445,6.2015503875969005,121,127,8,0,119,126,29206,2,0,0,2,1
2020-06-23,US,Missouri,Stone,11,0,0,36.75000327,-93.45256475,29209.0,34.42663995993991,0.0,11,10,0,0,10,10,31749,1,0,0,1,0
2020-06-23,US,Missouri,Sullivan,103,0,0,40.2099105,-93.11150106,29211.0,1691.5749712596485,0.0,103,102,0,0,102,101,6221,1,0,0,1,1
2020-06-23,US,Missouri,Taney,34,2,0,36.65465345,-93.04075153,29213.0,60.79244743241311,5.882352941176472,32,32,2,0,30,30,55852,2,0,0,2,2
2020-06-23,US,Missouri,Texas,2,0,0,37.31728859,-91.96564727,29215.0,7.874635798094338,0.0,2,2,0,0,2,2,25571,0,0,0,0,0
2020-06-23,US,Missouri,Vernon,13,0,0,37.8457799,-94.34127305,29217.0,63.22034722559938,0.0,13,13,0,0,13,12,20528,0,0,0,0,1
2020-06-23,US,Missouri,Warren,34,0,0,38.76529479,-91.16124662,29219.0,95.37434430138292,0.0,34,33,0,0,33,33,34711,1,0,0,1,0
2020-06-23,US,Missouri,Washington,15,1,0,37.96130078,-90.87948158,29221.0,60.65507480792561,6.666666666666668,14,14,1,0,13,14,24943,1,0,0,1,0
2020-06-23,US,Missouri,Wayne,3,0,0,37.11303869,-90.46001416,29223.0,23.304591004427877,0.0,3,1,0,0,1,1,13122,2,0,0,2,0
2020-06-23,US,Missouri,Webster,22,1,0,37.2813734,-92.876329,29225.0,55.566781167912715,4.545454545454546,21,21,0,0,21,21,39109,1,1,0,0,0
2020-06-23,US,Missouri,Worth,4,0,0,40.47945588,-94.42328751,29227.0,198.7083954297069,0.0,4,4,0,0,4,4,2040,0,0,0,0,0
2020-06-23,US,Missouri,Wright,14,0,0,37.27029221,-92.46914488,29229.0,76.54874514735633,0.0,14,14,0,0,14,14,18378,0,0,0,0,0
2020-06-23,US,Montana,Beaverhead,1,0,0,45.13434354,-112.89846940000001,30001.0,10.578652279699568,0.0,1,1,0,0,1,1,9404,0,0,0,0,0
2020-06-23,US,Montana,Big Horn,66,3,0,45.42335905,-107.492347,30003.0,495.53269764997367,4.545454545454546,63,63,3,0,60,59,13338,3,0,0,3,4
2020-06-23,US,Montana,Broadwater,5,0,0,46.33277565,-111.49558130000001,30007.0,80.1667468334135,0.0,5,5,0,0,5,5,6085,0,0,0,0,0
2020-06-23,US,Montana,Carbon,15,0,0,45.22850116,-109.0274047,30009.0,139.86013986013987,0.0,15,15,0,0,15,13,10714,0,0,0,0,2
2020-06-23,US,Montana,Cascade,25,2,0,47.30797024,-111.3467922,30013.0,30.725364402821818,8.0,23,22,2,0,20,22,81643,3,0,0,3,0
2020-06-23,US,Montana,Custer,22,0,0,46.25319932,-105.57375259999998,30017.0,192.94860550780564,0.0,22,22,0,0,22,22,11586,0,0,0,0,0
2020-06-23,US,Montana,Dawson,2,0,0,47.26584855,-104.89444170000002,30021.0,23.22071287588529,0.0,2,1,0,0,1,1,8680,1,0,0,1,0
2020-06-23,US,Montana,Deer Lodge,3,0,0,46.05953325,-113.073353,30023.0,32.822757111597376,0.0,3,3,0,0,3,3,9131,0,0,0,0,0
2020-06-23,US,Montana,Fergus,2,0,0,47.26331584,-109.2245206,30027.0,18.099547511312217,0.0,2,2,0,0,2,2,11113,0,0,0,0,0
2020-06-23,US,Montana,Flathead,48,2,0,48.29575866,-114.05205690000001,30029.0,46.2401017282238,4.166666666666667,46,48,2,0,46,46,102106,0,0,0,0,2
2020-06-23,US,Montana,Gallatin,213,1,0,45.54486106,-111.1692571,30031.0,186.13349179439683,0.4694835680751174,212,213,1,0,212,209,111876,0,0,0,0,4
2020-06-23,US,Montana,Glacier,7,0,0,48.70513576,-112.9934235,30035.0,50.89798589398677,0.0,7,7,0,0,7,7,13747,0,0,0,0,0
2020-06-23,US,Montana,Golden Valley,3,0,0,46.3816474,-109.17685220000001,30037.0,365.40803897685754,0.0,3,3,0,0,3,3,826,0,0,0,0,0
2020-06-23,US,Montana,Hill,1,0,0,48.62879827,-110.1129252,30041.0,6.066488716330987,0.0,1,1,0,0,1,1,16347,0,0,0,0,0
2020-06-23,US,Montana,Jefferson,3,0,0,46.14907081,-112.094396,30043.0,24.547909336388184,0.0,3,3,0,0,3,3,12097,0,0,0,0,0
2020-06-23,US,Montana,Lake,12,0,0,47.64514965,-114.0898013,30047.0,39.39851598923107,0.0,12,12,0,0,12,11,30250,0,0,0,0,1
2020-06-23,US,Montana,Lewis and Clark,24,0,0,47.12610041,-112.39469799999999,30049.0,34.56619426201176,0.0,24,23,0,0,23,22,68700,1,0,0,1,1
2020-06-23,US,Montana,Liberty,1,0,0,48.56084317,-111.02430700000001,30051.0,42.78990158322636,0.0,1,1,0,0,1,1,2430,0,0,0,0,0
2020-06-23,US,Montana,Lincoln,7,1,0,48.54265777,-115.4046155,30053.0,35.03503503503504,14.285714285714285,6,7,1,0,6,7,19794,0,0,0,0,0
2020-06-23,US,Montana,Madison,8,1,0,45.30080065,-111.9173017,30057.0,93.02325581395347,12.5,7,8,1,0,7,8,8768,0,0,0,0,0
2020-06-23,US,Montana,Meagher,1,0,0,46.59907074,-110.8898557,30059.0,53.705692803437174,0.0,1,1,0,0,1,1,1866,0,0,0,0,0
2020-06-23,US,Montana,Missoula,49,1,0,47.03728583,-113.92135079999998,30063.0,40.96989966555184,2.0408163265306123,48,49,1,0,48,49,118791,0,0,0,0,0
2020-06-23,US,Montana,Musselshell,1,0,0,46.49684637,-108.39498,30065.0,21.58428663932657,0.0,1,1,0,0,1,1,4651,0,0,0,0,0
2020-06-23,US,Montana,Park,9,0,0,45.48965095,-110.52643940000002,30067.0,54.197278092255814,0.0,9,9,0,0,9,9,16736,0,0,0,0,0
2020-06-23,US,Montana,Pondera,2,0,0,48.22773388,-112.22527029999999,30073.0,33.83522246658772,0.0,2,2,0,0,2,2,5972,0,0,0,0,0
2020-06-23,US,Montana,Ravalli,17,0,0,46.08520862,-114.11891640000002,30081.0,38.80746929644341,0.0,17,17,0,0,17,17,43172,0,0,0,0,0
2020-06-23,US,Montana,Richland,8,0,0,47.78668011,-104.5610786,30083.0,74.05350365639174,0.0,8,8,0,0,8,8,10913,0,0,0,0,0
2020-06-23,US,Montana,Roosevelt,7,0,0,48.29607488,-105.00792679999999,30085.0,63.613231552162844,0.0,7,7,0,0,7,7,11059,0,0,0,0,0
2020-06-23,US,Montana,Rosebud,7,0,0,46.23397237,-106.72928799999998,30087.0,78.32606019917198,0.0,7,7,0,0,7,7,9063,0,0,0,0,0
2020-06-23,US,Montana,Silver Bow,11,0,0,45.90018933,-112.6620092,30093.0,31.505083774881854,0.0,11,11,0,0,11,11,34993,0,0,0,0,0
2020-06-23,US,Montana,Stillwater,4,0,0,45.67071407,-109.3950061,30095.0,41.48516905206389,0.0,4,4,0,0,4,3,9534,0,0,0,0,1
2020-06-23,US,Montana,Toole,31,6,0,48.65577551,-111.69424140000001,30101.0,654.5608108108107,19.354838709677423,25,31,6,0,25,31,4853,0,0,0,0,0
2020-06-23,US,Montana,Valley,1,0,0,48.36435097,-106.6669635,30105.0,13.520822065981612,0.0,1,1,0,0,1,1,7437,0,0,0,0,0
2020-06-23,US,Montana,Wheatland,1,0,0,46.46652491,-109.84646359999999,30107.0,47.036688617121364,0.0,1,1,0,0,1,1,2236,0,0,0,0,0
2020-06-23,US,Montana,Yellowstone,126,4,0,45.93955949,-108.26914860000001,30111.0,78.11531308121512,3.1746031746031744,122,125,4,0,121,123,160137,1,0,0,1,2
2020-06-23,US,Nebraska,Adams,282,11,0,40.52449420000001,-98.50117804,31001.0,899.1486783789816,3.9007092198581566,271,282,11,0,271,282,31511,0,0,0,0,0
2020-06-23,US,Nebraska,Antelope,8,0,0,42.17695516,-98.06662829999999,31003.0,127.02445220704986,0.0,8,8,0,0,8,8,6336,0,0,0,0,0
2020-06-23,US,Nebraska,Banner,1,0,0,41.54634427,-103.7114332,31007.0,134.2281879194631,0.0,1,1,0,0,1,1,730,0,0,0,0,0
2020-06-23,US,Nebraska,Boone,7,0,0,41.70759415,-98.06737183,31011.0,134.82280431432974,0.0,7,7,0,0,7,7,5239,0,0,0,0,0
2020-06-23,US,Nebraska,Box Butte,3,0,0,42.22079243,-103.08788340000001,31013.0,27.821570991375317,0.0,3,3,0,0,3,3,10772,0,0,0,0,0
2020-06-23,US,Nebraska,Boyd,1,0,0,42.899727399999996,-98.76486568,31015.0,52.11047420531528,0.0,1,1,0,0,1,1,1955,0,0,0,0,0
2020-06-23,US,Nebraska,Buffalo,181,1,0,40.85486962,-99.07500296,31019.0,364.4857931090034,0.5524861878453039,180,180,1,0,179,179,49615,1,0,0,1,1
2020-06-23,US,Nebraska,Burt,11,0,0,41.85056773,-96.32605633,31021.0,170.3050007741136,0.0,11,11,0,0,11,11,6488,0,0,0,0,0
2020-06-23,US,Nebraska,Butler,51,0,0,41.22703692,-97.13106306,31023.0,636.2275449101796,0.0,51,51,0,0,51,51,8058,0,0,0,0,0
2020-06-23,US,Nebraska,Cass,61,0,0,40.90899107,-96.13971217,31025.0,232.39865894544343,0.0,61,61,0,0,61,61,26159,0,0,0,0,0
2020-06-23,US,Nebraska,Cedar,11,0,0,42.598885100000004,-97.25311951,31027.0,130.9212092358962,0.0,11,10,0,0,10,9,8446,1,0,0,1,1
2020-06-23,US,Nebraska,Chase,1,0,0,40.523719799999995,-101.69780259999999,31029.0,25.4841997961264,0.0,1,1,0,0,1,1,3977,0,0,0,0,0
2020-06-23,US,Nebraska,Cherry,1,0,0,42.54502621,-101.1244332,31031.0,17.577781683951486,0.0,1,1,0,0,1,1,5761,0,0,0,0,0
2020-06-23,US,Nebraska,Cheyenne,18,0,0,41.21999357,-102.9941693,31033.0,202.020202020202,0.0,18,14,0,0,14,13,9310,4,0,0,4,1
2020-06-23,US,Nebraska,Clay,27,0,0,40.52439441,-98.05126296,31035.0,435.2732548766726,0.0,27,27,0,0,27,27,6214,0,0,0,0,0
2020-06-23,US,Nebraska,Colfax,661,4,0,41.57486951,-97.0868542,31037.0,6172.378373330844,0.6051437216338881,657,661,4,0,657,658,10881,0,0,0,0,3
2020-06-23,US,Nebraska,Cuming,34,0,0,41.91637624,-96.78730772,31039.0,384.35451051322633,0.0,34,34,0,0,34,34,8940,0,0,0,0,0
2020-06-23,US,Nebraska,Custer,34,4,0,41.39374521,-99.72805369,31041.0,315.4866846061056,11.764705882352944,30,34,4,0,30,34,10840,0,0,0,0,0
2020-06-23,US,Nebraska,Dakota,1744,30,0,42.39040144,-96.56656425,31043.0,8708.678717667033,1.720183486238532,1714,1741,29,0,1712,1739,20083,3,1,0,2,2
2020-06-23,US,Nebraska,Dawes,2,0,0,42.71985036,-103.1313774,31045.0,23.285597857725,0.0,2,2,0,0,2,2,8716,0,0,0,0,0
2020-06-23,US,Nebraska,Dawson,851,8,0,40.87028216,-99.82014609999999,31047.0,3606.6963339690615,0.9400705052878966,843,850,8,0,842,850,23709,1,0,0,1,0
2020-06-23,US,Nebraska,Dixon,44,1,0,42.49188363,-96.86782408,31051.0,780.69552874379,2.272727272727273,43,44,1,0,43,43,5709,0,0,0,0,1
2020-06-23,US,Nebraska,Dodge,660,8,0,41.58071748,-96.65598179,31053.0,1805.0047859975384,1.2121212121212122,652,655,6,0,649,654,36791,5,2,0,3,1
2020-06-23,US,Nebraska,Douglas,6461,83,0,41.29518299,-96.15085305,31055.0,1130.8760132113482,1.2846308620956508,6378,6386,80,0,6306,6299,566880,75,3,0,72,87
2020-06-23,US,Nebraska,Fillmore,13,1,0,40.52458567,-97.59646937,31059.0,238.00805565726841,7.6923076923076925,12,13,1,0,12,13,5527,0,0,0,0,0
2020-06-23,US,Nebraska,Franklin,6,0,0,40.17636348,-98.95299073,31061.0,201.40986908358508,0.0,6,6,0,0,6,6,3023,0,0,0,0,0
2020-06-23,US,Nebraska,Frontier,1,0,0,40.52993007,-100.3924658,31063.0,38.06623524933384,0.0,1,1,0,0,1,1,2608,0,0,0,0,0
2020-06-23,US,Nebraska,Furnas,9,1,0,40.17642064,-99.91247454,31065.0,192.4721984602224,11.111111111111109,8,9,1,0,8,9,4715,0,0,0,0,0
2020-06-23,US,Nebraska,Gage,47,4,0,40.26186809,-96.68946704,31067.0,218.47255148050016,8.51063829787234,43,47,4,0,43,47,21493,0,0,0,0,0
2020-06-23,US,Nebraska,Garden,4,0,0,41.61703149,-102.3313973,31069.0,217.74632553075668,0.0,4,4,0,0,4,4,1897,0,0,0,0,0
2020-06-23,US,Nebraska,Garfield,1,0,0,41.91428955,-98.99111827,31071.0,50.787201625190455,0.0,1,1,0,0,1,1,1987,0,0,0,0,0
2020-06-23,US,Nebraska,Gosper,13,0,0,40.51481965,-99.83020279,31073.0,653.2663316582915,0.0,13,13,0,0,13,13,1996,0,0,0,0,0
2020-06-23,US,Nebraska,Greeley,3,0,0,41.56742671,-98.52150266,31077.0,127.33446519524618,0.0,3,3,0,0,3,3,2356,0,0,0,0,0
2020-06-23,US,Nebraska,Hall,1574,46,0,40.87257079,-98.50218293,31079.0,2565.4817205352633,2.922490470139772,1528,1574,45,0,1529,1574,61607,0,1,0,-1,0
2020-06-23,US,Nebraska,Hamilton,58,11,0,40.87349452,-98.02099117,31081.0,622.050622050622,18.96551724137931,47,58,11,0,47,58,9280,0,0,0,0,0
2020-06-23,US,Nebraska,Harlan,1,0,0,40.17658508,-99.40438879,31083.0,29.58579881656805,0.0,1,,,,,,3401,,,,,
2020-06-23,US,Nebraska,Hitchcock,1,0,0,40.17609175,-101.04164770000001,31087.0,36.205648081100655,0.0,1,1,0,0,1,1,2806,0,0,0,0,0
2020-06-23,US,Nebraska,Holt,3,0,0,42.45522056,-98.78402558,31089.0,29.800337737161023,0.0,3,2,0,0,2,1,10178,1,0,0,1,1
2020-06-23,US,Nebraska,Howard,45,4,0,41.2200529,-98.5166499,31093.0,698.2156710628393,8.888888888888891,41,45,4,0,41,44,6468,0,0,0,0,1
2020-06-23,US,Nebraska,Jefferson,9,0,0,40.17584531,-97.142601,31095.0,127.73204655123476,0.0,9,9,0,0,9,9,7097,0,0,0,0,0
2020-06-23,US,Nebraska,Johnson,6,0,0,40.39257596,-96.26522753,31097.0,118.3198580161704,0.0,6,6,0,0,6,6,5134,0,0,0,0,0
2020-06-23,US,Nebraska,Kearney,13,0,0,40.50663314,-98.94877182,31099.0,200.15396458814476,0.0,13,13,0,0,13,12,6544,0,0,0,0,1
2020-06-23,US,Nebraska,Keith,2,0,0,41.19930341,-101.66201640000001,31101.0,24.894199651481205,0.0,2,2,0,0,2,2,8021,0,0,0,0,0
2020-06-23,US,Nebraska,Keya Paha,1,0,0,42.87990694,-99.71343729,31103.0,124.06947890818859,0.0,1,,,,,,810,,,,,
2020-06-23,US,Nebraska,Kimball,8,0,0,41.19774275,-103.7148131,31105.0,220.26431718061676,0.0,8,8,0,0,8,8,3618,0,0,0,0,0
2020-06-23,US,Nebraska,Knox,17,0,0,42.63758421,-97.89178836,31107.0,204.0326452232357,0.0,17,16,0,0,16,16,8419,1,0,0,1,0
2020-06-23,US,Nebraska,Lancaster,1634,10,0,40.78416049,-96.68777155,31109.0,512.0812310006581,0.6119951040391677,1624,1617,10,0,1607,1601,317272,17,0,0,17,16
2020-06-23,US,Nebraska,Lincoln,54,2,0,41.04658298,-100.74753740000001,31111.0,154.66575012888813,3.703703703703704,52,54,2,0,52,54,35185,0,0,0,0,0
2020-06-23,US,Nebraska,Madison,350,4,0,41.91676024,-97.6005481,31119.0,997.1794068207073,1.1428571428571428,346,350,4,0,346,344,35392,0,0,0,0,6
2020-06-23,US,Nebraska,Merrick,38,0,0,41.16624273,-98.0374887,31121.0,490.006447453256,0.0,38,37,0,0,37,37,7733,1,0,0,1,0
2020-06-23,US,Nebraska,Morrill,14,0,0,41.71711774,-103.0061405,31123.0,301.5941404566997,0.0,14,14,0,0,14,14,4686,0,0,0,0,0
2020-06-23,US,Nebraska,Nance,4,0,0,41.39750195,-97.99327291,31125.0,113.66865586814436,0.0,4,4,0,0,4,4,3532,0,0,0,0,0
2020-06-23,US,Nebraska,Nemaha,5,0,0,40.38514847,-95.85433992,31127.0,71.7154331612163,0.0,5,5,0,0,5,5,6958,0,0,0,0,0
2020-06-23,US,Nebraska,Nuckolls,1,0,0,40.17637905,-98.04743961,31129.0,24.10800385728061,0.0,1,1,0,0,1,1,4195,0,0,0,0,0
2020-06-23,US,Nebraska,Otoe,15,0,0,40.64843556,-96.13374142,31131.0,93.67974019485386,0.0,15,15,0,0,15,14,15985,0,0,0,0,1
2020-06-23,US,Nebraska,Phelps,22,0,0,40.51156033,-99.41461667,31137.0,243.52446313925168,0.0,22,21,0,0,21,21,8996,1,0,0,1,0
2020-06-23,US,Nebraska,Pierce,6,0,0,42.26434853,-97.60122773,31139.0,83.93956351426971,0.0,6,6,0,0,6,6,7142,0,0,0,0,0
2020-06-23,US,Nebraska,Platte,652,3,0,41.57246836,-97.52144359,31141.0,1948.013146100986,0.4601226993865031,649,652,3,0,649,652,33363,0,0,0,0,0
2020-06-23,US,Nebraska,Polk,12,0,0,41.18813488,-97.56630712,31143.0,230.19374640322275,0.0,12,12,0,0,12,12,5278,0,0,0,0,0
2020-06-23,US,Nebraska,Red Willow,6,0,0,40.17556879999999,-100.476998,31145.0,55.949272659455424,0.0,6,6,0,0,6,6,10726,0,0,0,0,0
2020-06-23,US,Nebraska,Richardson,5,1,0,40.1247415,-95.71755036,31147.0,63.57279084551812,20.0,4,5,1,0,4,5,7937,0,0,0,0,0
2020-06-23,US,Nebraska,Saline,530,2,0,40.52418865,-97.14085859,31151.0,3726.096737907761,0.37735849056603776,528,530,2,0,528,525,14350,0,0,0,0,5
2020-06-23,US,Nebraska,Sarpy,1049,8,0,41.11314181,-96.11156432,31153.0,560.3752216927712,0.7626310772163966,1041,1038,8,0,1030,1018,184459,11,0,0,11,20
2020-06-23,US,Nebraska,Saunders,65,2,0,41.227810299999994,-96.63773905,31155.0,301.2327370469923,3.0769230769230766,63,63,2,0,61,63,21303,2,0,0,2,0
2020-06-23,US,Nebraska,Scotts Bluff,199,3,0,41.85070896,-103.70809859999999,31157.0,558.7062721096074,1.5075376884422111,196,193,3,0,190,190,35989,6,0,0,6,3
2020-06-23,US,Nebraska,Seward,32,1,0,40.87241834,-97.139673,31159.0,185.1423281647767,3.125,31,32,1,0,31,32,17318,0,0,0,0,0
2020-06-23,US,Nebraska,Sherman,5,0,0,41.22045983,-98.97588642,31163.0,166.61112962345885,0.0,5,5,0,0,5,5,3038,0,0,0,0,0
2020-06-23,US,Nebraska,Sioux,3,0,0,42.48932059,-103.7576544,31165.0,257.2898799313893,0.0,3,1,0,0,1,1,1187,2,0,0,2,0
2020-06-23,US,Nebraska,Stanton,21,0,0,41.9169835,-97.19394708,31167.0,354.72972972972974,0.0,21,21,0,0,21,21,5970,0,0,0,0,0
2020-06-23,US,Nebraska,Thayer,1,0,0,40.17626377,-97.59504381,31169.0,19.98800719568259,0.0,1,1,0,0,1,1,5039,0,0,0,0,0
2020-06-23,US,Nebraska,Thomas,1,0,0,41.91358968,-100.5556632,31171.0,138.50415512465375,0.0,1,1,0,0,1,1,720,0,0,0,0,0
2020-06-23,US,Nebraska,Thurston,73,1,0,42.15725356,-96.54157099,31173.0,1010.5204872646733,1.3698630136986298,72,72,1,0,71,72,7303,1,0,0,1,0
2020-06-23,US,Nebraska,Unassigned,187,1,0,0.0,0.0,90031.0,0.0,0.5347593582887701,186,187,1,0,186,187,,0,0,0,0,0
2020-06-23,US,Nebraska,Valley,7,0,0,41.56730777,-98.98197724,31175.0,168.3501683501684,0.0,7,7,0,0,7,7,4190,0,0,0,0,0
2020-06-23,US,Nebraska,Washington,45,1,0,41.52815707,-96.22019892,31177.0,217.0871725601814,2.2222222222222223,44,45,1,0,44,45,20667,0,0,0,0,0
2020-06-23,US,Nebraska,Wayne,26,0,0,42.20934475,-97.11926964,31179.0,277.0378263185935,0.0,26,26,0,0,26,26,9403,0,0,0,0,0
2020-06-23,US,Nebraska,Webster,6,0,0,40.17642643,-98.50019851,31181.0,172.0676799541153,0.0,6,6,0,0,6,6,3533,0,0,0,0,0
2020-06-23,US,Nebraska,York,41,0,0,40.87272618,-97.59710186,31185.0,299.72951239125666,0.0,41,40,0,0,40,40,13772,1,0,0,1,0
2020-06-23,US,Nevada,Carson City,128,5,0,39.15509045,-119.7480219,32510.0,228.91480077258743,3.90625,123,128,5,0,123,128,55414,0,0,0,0,0
2020-06-23,US,Nevada,Churchill,10,1,0,39.58105744,-118.3394607,32001.0,40.14613192018949,10.0,9,10,1,0,9,10,24440,0,0,0,0,0
2020-06-23,US,Nevada,Clark,10774,400,0,36.21458855,-115.0130241,32003.0,475.3133940526268,3.7126415444588825,10374,10774,400,0,10374,10486,2231647,0,0,0,0,288
2020-06-23,US,Nevada,Douglas,52,0,0,38.912862,-119.61713329999999,32005.0,106.32859625805132,0.0,52,52,0,0,52,52,48467,0,0,0,0,0
2020-06-23,US,Nevada,Elko,60,1,0,41.14531606,-115.3577619,32007.0,113.68373185797114,1.6666666666666667,59,60,1,0,59,60,52460,0,0,0,0,0
2020-06-23,US,Nevada,Humboldt,79,4,0,41.40692186,-118.11094270000001,32013.0,469.3719921573288,5.063291139240507,75,79,4,0,75,79,16786,0,0,0,0,0
2020-06-23,US,Nevada,Lander,24,0,0,39.933223299999995,-117.03970749999999,32015.0,433.8394793926248,0.0,24,24,0,0,24,24,5575,0,0,0,0,0
2020-06-23,US,Nevada,Lincoln,2,0,0,37.64268459,-114.8790388,32017.0,38.58769052672198,0.0,2,2,0,0,2,2,5201,0,0,0,0,0
2020-06-23,US,Nevada,Lyon,99,2,0,39.01777974,-119.18704790000001,32019.0,172.1439749608764,2.0202020202020203,97,99,2,0,97,99,55808,0,0,0,0,0
2020-06-23,US,Nevada,Mineral,4,0,0,38.53841696,-118.4344506,32021.0,88.79023307436182,0.0,4,4,0,0,4,4,4514,0,0,0,0,0
2020-06-23,US,Nevada,Nye,78,3,0,38.04264256,-116.47227020000001,32023.0,167.65900737269737,3.8461538461538463,75,78,3,0,75,78,45346,0,0,0,0,0
2020-06-23,US,Nevada,Pershing,5,0,0,40.44003782,-118.40056409999998,32027.0,74.34944237918216,0.0,5,5,0,0,5,5,6666,0,0,0,0,0
2020-06-23,US,Nevada,Storey,1,0,0,39.44875482,-119.5250207,32029.0,24.254183846713556,0.0,1,1,0,0,1,1,4029,0,0,0,0,0
2020-06-23,US,Nevada,Washoe,2209,73,0,40.66562265,-119.6631594,32031.0,468.485893463466,3.3046627433227704,2136,2209,73,0,2136,2209,465735,0,0,0,0,0
2020-06-23,US,Nevada,White Pine,3,0,0,39.44157041,-114.89996599999999,32033.0,31.315240083507305,0.0,3,3,0,0,3,3,9475,0,0,0,0,0
2020-06-23,US,New Hampshire,Belknap,78,1,0,43.51637314,-71.41684235,33001.0,127.23683995889273,1.2820512820512822,77,78,1,0,77,78,61022,0,0,0,0,0
2020-06-23,US,New Hampshire,Carroll,52,0,0,43.87498583,-71.20430216,33003.0,106.31772643631159,0.0,52,52,0,0,52,52,48779,0,0,0,0,0
2020-06-23,US,New Hampshire,Cheshire,64,2,0,42.92015988,-72.25311043,33005.0,84.11644870868108,3.125,62,64,2,0,62,64,76493,0,0,0,0,0
2020-06-23,US,New Hampshire,Coos,6,0,0,44.69063265,-71.30633239,33007.0,19.0095998479232,0.0,6,6,0,0,6,6,31589,0,0,0,0,0
2020-06-23,US,New Hampshire,Grafton,76,1,0,43.93779815,-71.82057197,33009.0,84.55154306566095,1.3157894736842106,75,76,1,0,75,76,89786,0,0,0,0,0
2020-06-23,US,New Hampshire,Hillsborough,3145,224,0,42.91537785,-71.7200253,33011.0,754.1514297703975,7.122416534181241,2921,3134,220,0,2914,3126,415247,11,4,0,7,8
2020-06-23,US,New Hampshire,Merrimack,398,18,0,43.29662971,-71.6811573,33013.0,262.8954165042836,4.522613065326633,380,397,18,0,379,396,151132,1,0,0,1,1
2020-06-23,US,New Hampshire,Rockingham,1442,83,0,42.98499744,-71.12883377,33015.0,465.5081689904413,5.755894590846047,1359,1439,83,0,1356,1436,309176,3,0,0,3,3
2020-06-23,US,New Hampshire,Strafford,285,13,0,43.291833000000004,-71.02336013,33017.0,218.16845666868252,4.56140350877193,272,285,13,0,272,284,130090,0,0,0,0,1
2020-06-23,US,New Hampshire,Sullivan,24,1,0,43.36094111,-72.22203125,33019.0,55.62508691419831,4.166666666666667,23,24,1,0,23,24,43144,0,0,0,0,0
2020-06-23,US,New Hampshire,Unassigned,1,0,0,0.0,0.0,90033.0,0.0,0.0,1,3,0,0,3,2,,-2,0,0,-2,1
2020-06-23,US,New Jersey,Atlantic,2750,190,0,39.47538693,-74.65848483,34001.0,1042.9703796412182,6.909090909090909,2560,2722,188,0,2534,2702,265429,28,2,0,26,20
2020-06-23,US,New Jersey,Bergen,19069,1706,0,40.96010917,-74.07164325,34003.0,2045.586686147423,8.946457601342493,17363,19037,1701,0,17336,19010,936692,32,5,0,27,27
2020-06-23,US,New Jersey,Burlington,5056,372,0,39.87681124,-74.66927768,34005.0,1135.2894022440828,7.3575949367088604,4684,5046,372,0,4674,5023,445384,10,0,0,10,23
2020-06-23,US,New Jersey,Camden,7163,421,0,39.80343818,-74.96388753,34007.0,1414.296178853281,5.877425659639815,6742,7153,417,0,6736,7135,507078,10,4,0,6,18
2020-06-23,US,New Jersey,Cape May,694,63,0,39.15008829,-74.80170244,34009.0,754.0281837047339,9.077809798270893,631,692,62,0,630,688,92560,2,1,0,1,4
2020-06-23,US,New Jersey,Cumberland,2894,126,0,39.37199394,-75.10712559,34011.0,1935.4364094778866,4.353835521769176,2768,2876,124,0,2752,2847,150972,18,2,0,16,29
2020-06-23,US,New Jersey,Essex,18592,1765,0,40.78681335,-74.24657979,34013.0,2326.981444976376,9.493330464716005,16827,18578,1761,0,16817,18551,799767,14,4,0,10,27
2020-06-23,US,New Jersey,Gloucester,2489,172,0,39.71581067,-75.13995546,34015.0,853.4611639166632,6.910405785456008,2317,2471,171,0,2300,2467,291408,18,1,0,17,4
2020-06-23,US,New Jersey,Hudson,19316,1308,0,40.73766234,-74.07515667,34017.0,2872.733275727962,6.7715883205632625,18008,19316,1308,0,18008,19280,676061,0,0,0,0,36
2020-06-23,US,New Jersey,Hunterdon,1062,67,0,40.56335249,-74.91284156,34019.0,853.8968087415877,6.308851224105461,995,1060,67,0,993,1054,124714,2,0,0,2,6
2020-06-23,US,New Jersey,Mercer,7560,530,0,40.28047017,-74.70479631,34021.0,2057.5347685273387,7.010582010582009,7030,7549,524,0,7025,7541,369811,11,6,0,5,8
2020-06-23,US,New Jersey,Middlesex,16640,1104,0,40.43629879,-74.41426991,34023.0,2016.8181300314398,6.634615384615384,15536,16618,1101,0,15517,16605,829685,22,3,0,19,13
2020-06-23,US,New Jersey,Monmouth,8998,700,0,40.26549699,-74.22240686,34025.0,1454.1164682972549,7.7795065570126685,8298,8965,696,0,8269,8942,621354,33,4,0,29,23
2020-06-23,US,New Jersey,Morris,6727,642,0,40.86095313,-74.54553709999998,34027.0,1367.7073061635272,9.543630147168127,6085,6718,643,0,6075,6699,494228,9,-1,0,10,19
2020-06-23,US,New Jersey,Ocean,9466,860,0,39.8895449,-74.28089251,34029.0,1558.9951019951052,9.085146841326852,8606,9440,850,0,8590,9425,601651,26,10,0,16,15
2020-06-23,US,New Jersey,Passaic,16794,1019,0,41.03238628,-74.29954144,34031.0,3346.578296062779,6.067643205906872,15775,16772,1015,0,15757,16769,503310,22,4,0,18,3
2020-06-23,US,New Jersey,Salem,752,67,0,39.58719656,-75.34696629999998,34033.0,1205.417969063076,8.909574468085106,685,752,65,0,687,750,62607,0,2,0,-2,2
2020-06-23,US,New Jersey,Somerset,4818,441,0,40.56465737,-74.61683016,34035.0,1464.7315266892447,9.153175591531756,4377,4819,440,0,4379,4813,331164,-1,1,0,-2,6
2020-06-23,US,New Jersey,Sussex,1220,189,0,41.13891592,-74.69118243,34037.0,868.4015716644838,15.491803278688526,1031,1220,189,0,1031,1220,140799,0,0,0,0,0
2020-06-23,US,New Jersey,Unassigned,112,0,0,0.0,0.0,90034.0,0.0,0.0,112,53,0,0,53,83,,59,0,0,59,-30
2020-06-23,US,New Jersey,Union,16341,1139,0,40.65835409,-74.30680092,34039.0,2937.227347975432,6.970197662321768,15202,16340,1138,0,15202,16322,558067,1,1,0,0,18
2020-06-23,US,New Jersey,Warren,1221,144,0,40.85951833,-74.99556527,34041.0,1159.907663370287,11.793611793611793,1077,1218,142,0,1076,1216,105779,3,2,0,1,2
2020-06-23,US,New Mexico,Bernalillo,1848,82,0,35.05163625,-106.6703554,35001.0,272.1164564194009,4.437229437229437,1766,1828,82,0,1746,1805,678701,20,0,0,20,23
2020-06-23,US,New Mexico,Catron,2,1,0,33.91514144,-108.4046587,35003.0,56.70541536716757,50.0,1,2,1,0,1,2,3578,0,0,0,0,0
2020-06-23,US,New Mexico,Chaves,65,2,0,33.36406072,-104.4665365,35005.0,100.59583687998145,3.0769230769230766,63,66,2,0,64,64,64689,-1,0,0,-1,2
2020-06-23,US,New Mexico,Cibola,198,13,0,34.91131525,-107.998876,35006.0,742.2680412371134,6.565656565656567,185,197,11,0,186,196,26746,1,2,0,-1,1
2020-06-23,US,New Mexico,Colfax,9,0,0,36.60569702,-104.64726740000002,35007.0,75.37057197889624,0.0,9,9,0,0,9,9,12110,0,0,0,0,0
2020-06-23,US,New Mexico,Curry,115,0,0,34.57421077,-103.34688759999999,35009.0,234.914409445602,0.0,115,111,0,0,111,110,49437,4,0,0,4,1
2020-06-23,US,New Mexico,Dona Ana,740,8,0,32.35275771,-106.83293870000001,35013.0,339.14617658516465,1.0810810810810811,732,734,6,0,728,718,217522,6,2,0,4,16
2020-06-23,US,New Mexico,Eddy,58,1,0,32.47167456,-104.3053527,35015.0,99.21313718782072,1.7241379310344829,57,56,1,0,55,53,57900,2,0,0,2,3
2020-06-23,US,New Mexico,Grant,17,0,0,32.73911281,-108.3827845,35017.0,62.96762723164679,0.0,17,17,0,0,17,17,27346,0,0,0,0,0
2020-06-23,US,New Mexico,Guadalupe,20,0,0,34.86319296,-104.790669,35019.0,465.11627906976736,0.0,20,20,0,0,20,20,4341,0,0,0,0,0
2020-06-23,US,New Mexico,Harding,1,0,0,35.85751555,-103.82209379999999,35021.0,160.0,0.0,1,1,0,0,1,1,655,0,0,0,0,0
2020-06-23,US,New Mexico,Hidalgo,39,0,0,31.91383467,-108.7151824,35023.0,929.0138161029062,0.0,39,39,0,0,39,28,4240,0,0,0,0,11
2020-06-23,US,New Mexico,Lea,79,0,0,32.79215361,-103.4123733,35025.0,111.1580132263965,0.0,79,75,0,0,75,67,69611,4,0,0,4,8
2020-06-23,US,New Mexico,Lincoln,7,0,0,33.74526079,-105.4586166,35027.0,35.765379113018604,0.0,7,7,0,0,7,7,19556,0,0,0,0,0
2020-06-23,US,New Mexico,Los Alamos,7,0,0,35.86631386,-106.31349850000001,35028.0,36.14022406938923,0.0,7,7,0,0,7,7,19101,0,0,0,0,0
2020-06-23,US,New Mexico,Luna,57,2,0,32.18179341,-107.75088259999998,35029.0,240.415032266228,3.5087719298245608,55,55,2,0,53,54,23963,2,0,0,2,1
2020-06-23,US,New Mexico,McKinley,3155,161,0,35.58007720000001,-108.262245,35031.0,4420.810738856894,5.103011093502377,2994,3105,161,0,2944,3073,72290,50,0,0,50,32
2020-06-23,US,New Mexico,Otero,32,6,0,32.61348406,-105.7417604,35035.0,47.414431767669285,18.75,26,32,6,0,26,31,66781,0,0,0,0,1
2020-06-23,US,New Mexico,Quay,5,1,0,35.10403332,-103.54817270000001,35037.0,60.5840300496789,20.0,4,5,1,0,4,5,8253,0,0,0,0,0
2020-06-23,US,New Mexico,Rio Arriba,82,1,0,36.51072137,-106.69316740000001,35039.0,210.68317874669202,1.2195121951219512,81,79,1,0,78,79,39006,3,0,0,3,0
2020-06-23,US,New Mexico,Roosevelt,53,1,0,34.02097406,-103.4799493,35041.0,286.4864864864865,1.8867924528301887,52,54,1,0,53,53,18743,-1,0,0,-1,1
2020-06-23,US,New Mexico,San Juan,2235,156,0,36.50838318,-108.32043700000001,35045.0,1803.0300585682248,6.97986577181208,2079,2194,155,0,2039,2183,125043,41,1,0,40,11
2020-06-23,US,New Mexico,San Miguel,18,0,0,35.48014807,-104.8163562,35047.0,65.98966161967958,0.0,18,18,0,0,18,18,27591,0,0,0,0,0
2020-06-23,US,New Mexico,Sandoval,685,29,0,35.68862401,-106.86878030000001,35043.0,466.786600158094,4.233576642335766,656,681,28,0,653,675,145179,4,1,0,3,6
2020-06-23,US,New Mexico,Santa Fe,202,3,0,35.50708973,-105.9774716,35049.0,134.3460274810785,1.4851485148514851,199,201,3,0,198,196,150056,1,0,0,1,5
2020-06-23,US,New Mexico,Sierra,7,0,0,33.13028233,-107.1925893,35051.0,64.86887220832175,0.0,7,7,0,0,7,5,10968,0,0,0,0,2
2020-06-23,US,New Mexico,Socorro,58,5,0,34.00715494,-106.9298354,35053.0,348.62054456933333,8.620689655172415,53,58,5,0,53,56,16735,0,0,0,0,2
2020-06-23,US,New Mexico,Taos,35,1,0,36.58006022,-105.63101979999999,35055.0,106.95840845888212,2.8571428571428568,34,35,0,0,35,33,32835,0,1,0,-1,2
2020-06-23,US,New Mexico,Torrance,38,1,0,34.64048375,-105.8508949,35057.0,245.77970377077807,2.631578947368421,37,36,1,0,35,36,15591,2,0,0,2,0
2020-06-23,US,New Mexico,Unassigned,869,0,0,0.0,0.0,90035.0,0.0,0.0,869,863,0,0,863,863,,6,0,0,6,0
2020-06-23,US,New Mexico,Union,5,0,0,36.48126404,-103.4709624,35059.0,123.1830500123183,0.0,5,5,0,0,5,5,4118,0,0,0,0,0
2020-06-23,US,New Mexico,Valencia,97,2,0,34.71669834,-106.8103733,35061.0,126.48654287502607,2.061855670103093,95,97,2,0,95,96,76456,0,0,0,0,1
2020-06-23,US,New York,Albany,2062,120,0,42.60060306,-73.97723916,36001.0,674.9458275778544,5.819592628516004,1942,2060,120,0,1940,2054,307117,2,0,0,2,6
2020-06-23,US,New York,Allegany,58,0,0,42.25748406,-78.02750466,36003.0,125.83801609858757,0.0,58,58,0,0,58,58,46430,0,0,0,0,0
2020-06-23,US,New York,Broome,671,58,0,42.15903158,-75.81326086,36007.0,352.2531603040612,8.64381520119225,613,670,56,0,614,668,191659,1,2,0,-1,2
2020-06-23,US,New York,Cattaraugus,118,6,0,42.24778241,-78.67923096,36009.0,155.0245017538789,5.084745762711863,112,115,6,0,109,115,76840,3,0,0,3,0
2020-06-23,US,New York,Cayuga,108,2,0,42.91261714,-76.55731592,36011.0,141.03635603844546,1.851851851851852,106,108,2,0,106,108,77145,0,0,0,0,0
2020-06-23,US,New York,Chautauqua,116,4,0,42.22769210000001,-79.36691763,36013.0,91.40839854061764,3.4482758620689653,112,116,4,0,112,116,127939,0,0,0,0,0
2020-06-23,US,New York,Chemung,139,2,0,42.13891056,-76.7638805,36015.0,166.55483128834356,1.4388489208633093,137,139,2,0,137,139,84254,0,0,0,0,0
2020-06-23,US,New York,Chenango,141,5,0,42.49430041,-75.60887553,36017.0,298.6845171266973,3.5460992907801416,136,140,5,0,135,139,47536,1,0,0,1,1
2020-06-23,US,New York,Clinton,100,4,0,44.74530905,-73.67875352,36019.0,124.24675405355036,4.0,96,100,4,0,96,100,80695,0,0,0,0,0
2020-06-23,US,New York,Columbia,454,37,0,42.24819348,-73.63089095,36021.0,763.5256722893997,8.14977973568282,417,452,37,0,415,451,59916,2,0,0,2,1
2020-06-23,US,New York,Cortland,44,0,0,42.59509207,-76.07048931,36023.0,92.47388663542169,0.0,44,44,0,0,44,44,47823,0,0,0,0,0
2020-06-23,US,New York,Delaware,91,4,0,42.19837623,-74.96709306,36025.0,206.18556701030928,4.395604395604397,87,90,4,0,86,90,44527,1,0,0,1,0
2020-06-23,US,New York,Dutchess,4150,151,0,41.76486060000001,-73.74356679,36027.0,1410.5187310089798,3.6385542168674703,3999,4145,151,0,3994,4138,293718,5,0,0,5,7
2020-06-23,US,New York,Erie,7073,632,0,42.76249024,-78.73063652,36029.0,769.8905629899574,8.935388095574721,6441,7035,623,0,6412,7004,919719,38,9,0,29,31
2020-06-23,US,New York,Essex,41,0,0,44.11630765,-73.77297842,36031.0,111.15629659753289,0.0,41,41,0,0,41,41,37300,0,0,0,0,0
2020-06-23,US,New York,Franklin,28,0,0,44.59040891,-74.29926032,36033.0,55.975370836831786,0.0,28,27,0,0,27,27,50293,1,0,0,1,0
2020-06-23,US,New York,Fulton,244,24,0,43.11363907,-74.41798804,36035.0,457.0743495120169,9.836065573770492,220,244,24,0,220,243,53591,0,0,0,0,1
2020-06-23,US,New York,Genesee,229,5,0,43.0022601,-78.19135193,36037.0,399.79050279329607,2.183406113537118,224,225,5,0,220,222,57511,4,0,0,4,3
2020-06-23,US,New York,Greene,256,18,0,42.275797,-74.12384884,36039.0,542.5108078324998,7.03125,238,256,18,0,238,256,47491,0,0,0,0,0
2020-06-23,US,New York,Hamilton,6,0,0,43.66146647,-74.49721957,36041.0,135.8695652173913,0.0,6,6,0,0,6,6,4434,0,0,0,0,0
2020-06-23,US,New York,Herkimer,137,3,0,43.42034246,-74.96145307,36043.0,223.42177791549113,2.18978102189781,134,137,3,0,134,136,61833,0,0,0,0,1
2020-06-23,US,New York,Jefferson,84,0,0,44.04200959,-75.94653457,36045.0,76.47905020303368,0.0,84,84,0,0,84,84,111755,0,0,0,0,0
2020-06-23,US,New York,Lewis,24,0,0,43.784415700000004,-75.44903992,36049.0,91.2686340127776,0.0,24,23,0,0,23,23,26447,1,0,0,1,0
2020-06-23,US,New York,Livingston,125,8,0,42.72596275,-77.77966158,36051.0,198.6839177289633,6.4,117,124,8,0,116,123,63227,1,0,0,1,1
2020-06-23,US,New York,Madison,347,17,0,42.91653905,-75.67266639,36053.0,489.13886187113235,4.899135446685879,330,347,17,0,330,345,70795,0,0,0,0,2
2020-06-23,US,New York,Monroe,3540,259,0,43.14638895,-77.69322942,36055.0,477.2368793561346,7.316384180790959,3281,3512,259,0,3253,3498,742474,28,0,0,28,14
2020-06-23,US,New York,Montgomery,109,4,0,42.90123494,-74.44011632,36057.0,221.4501940228764,3.669724770642202,105,108,4,0,104,106,49455,1,0,0,1,2
2020-06-23,US,New York,Nassau,41544,2179,0,40.74066522,-73.58941873,36059.0,3061.63057031934,5.245041401887156,39365,41513,2178,0,39335,41479,1358343,31,1,0,30,34
2020-06-23,US,New York,New York City,213056,22343,0,40.76727260000001,-73.97152637,36061.0,2555.6036554478765,10.486914238510064,190713,212741,22321,0,190420,212446,1628701,315,22,0,293,295
2020-06-23,US,New York,Niagara,1195,88,0,43.19898042,-78.74777412,36063.0,571.0026232672817,7.364016736401672,1107,1193,87,0,1106,1192,210433,2,1,0,1,1
2020-06-23,US,New York,Oneida,1421,87,0,43.24375382,-75.43710392,36065.0,621.4167953085438,6.1224489795918355,1334,1416,77,0,1339,1393,229577,5,10,0,-5,23
2020-06-23,US,New York,Onondaga,2702,182,0,43.00491923,-76.19971155,36067.0,586.71785428899,6.735751295336788,2520,2675,178,0,2497,2666,461809,27,4,0,23,9
2020-06-23,US,New York,Ontario,242,9,0,42.85145728,-77.30874425,36069.0,220.44690600034613,3.71900826446281,233,242,9,0,233,240,109864,0,0,0,0,2
2020-06-23,US,New York,Orange,10666,473,0,41.40337468,-74.30240757,36071.0,2770.821426715852,4.43465216576036,10193,10654,473,0,10181,10648,381951,12,0,0,12,6
2020-06-23,US,New York,Orleans,277,51,0,43.2516977,-78.2320066,36073.0,686.4591593973038,18.4115523465704,226,276,51,0,225,276,40612,1,0,0,1,0
2020-06-23,US,New York,Oswego,179,3,0,43.42778894,-76.14635194,36075.0,152.82947986749087,1.675977653631285,176,173,3,0,170,173,117898,6,0,0,6,0
2020-06-23,US,New York,Otsego,83,5,0,42.63492579,-75.03151402,36077.0,139.5122115206831,6.024096385542169,78,83,5,0,78,82,59749,0,0,0,0,1
2020-06-23,US,New York,Putnam,1305,62,0,41.42630093,-73.74965532,36079.0,1327.2986167615948,4.7509578544061295,1243,1305,62,0,1243,1301,98892,0,0,0,0,4
2020-06-23,US,New York,Rensselaer,533,28,0,42.71348136,-73.51089874,36083.0,335.82418690222664,5.25328330206379,505,528,28,0,500,524,159442,5,0,0,5,4
2020-06-23,US,New York,Rockland,13529,667,0,41.15027894,-74.02560498,36087.0,4152.687782583205,4.930150048044942,12862,13514,667,0,12847,13504,325695,15,0,0,15,10
2020-06-23,US,New York,Saratoga,538,14,0,43.10904162,-73.86653895,36091.0,234.05245733328118,2.6022304832713754,524,535,14,0,521,533,230163,3,0,0,3,2
2020-06-23,US,New York,Schenectady,770,37,0,42.81668777,-74.05278291,36093.0,495.8177451239223,4.805194805194804,733,761,36,0,725,754,155350,9,1,0,8,7
2020-06-23,US,New York,Schoharie,57,0,0,42.58831742,-74.44339029999998,36095.0,183.87689925481467,0.0,57,57,0,0,57,57,31097,0,0,0,0,0
2020-06-23,US,New York,Schuyler,12,0,0,42.39184015,-76.8773299,36097.0,67.38922895490539,0.0,12,12,0,0,12,12,17912,0,0,0,0,0
2020-06-23,US,New York,Seneca,64,0,0,42.78081007,-76.82497064,36099.0,188.14675446848545,0.0,64,64,0,0,64,64,34300,0,0,0,0,0
2020-06-23,US,New York,St. Lawrence,217,2,0,44.4976179,-75.06550039,36089.0,201.4108037868944,0.9216589861751152,215,217,2,0,215,216,108047,0,0,0,0,1
2020-06-23,US,New York,Steuben,263,41,0,42.2689144,-77.3829924,36101.0,275.7420396523344,15.5893536121673,222,263,41,0,222,261,95796,0,0,0,0,2
2020-06-23,US,New York,Suffolk,41056,1970,0,40.88320119,-72.8012172,36103.0,2780.439671922205,4.798324240062354,39086,41010,1965,0,39045,40972,1481093,46,5,0,41,38
2020-06-23,US,New York,Sullivan,1440,45,0,41.71579493,-74.76394559,36105.0,1909.0041361756284,3.125,1395,1438,45,0,1393,1437,75498,2,0,0,2,1
2020-06-23,US,New York,Tioga,141,24,0,42.16852837,-76.30835812,36107.0,292.51291413397513,17.02127659574468,117,140,24,0,116,140,48560,1,0,0,1,0
2020-06-23,US,New York,Tompkins,175,0,0,42.44945765,-76.47229843,36109.0,171.26639264043845,0.0,175,175,0,0,175,175,102793,0,0,0,0,0
2020-06-23,US,New York,Ulster,1757,85,0,41.89027881,-74.26252104,36111.0,989.4522252819968,4.837791690381332,1672,1756,85,0,1671,1754,178599,1,0,0,1,2
2020-06-23,US,New York,Warren,262,30,0,43.56173026,-73.8433699,36113.0,409.7335168272238,11.450381679389313,232,262,30,0,232,261,64265,0,0,0,0,1
2020-06-23,US,New York,Washington,244,14,0,43.31153794,-73.43043448,36115.0,398.6667538069408,5.737704918032787,230,244,14,0,230,244,61197,0,0,0,0,0
2020-06-23,US,New York,Wayne,145,3,0,43.15494365,-77.02976528,36117.0,161.2580350986454,2.0689655172413794,142,143,3,0,140,143,90064,2,0,0,2,0
2020-06-23,US,New York,Westchester,34581,1416,0,41.16278376,-73.75741653,36119.0,3574.241400053333,4.0947341025418575,33165,34557,1415,0,33142,34521,967612,24,1,0,23,36
2020-06-23,US,New York,Wyoming,93,5,0,42.70145109,-78.22199579,36121.0,233.32246167741292,5.376344086021504,88,93,5,0,88,93,40085,0,0,0,0,0
2020-06-23,US,New York,Yates,43,6,0,42.63505484,-77.10369919,36123.0,172.6006502629149,13.953488372093025,37,42,6,0,36,41,24841,1,0,0,1,1
2020-06-23,US,North Carolina,Alamance,969,36,0,36.0434701,-79.39976137,37001.0,571.6510627754278,3.7151702786377703,933,951,36,0,915,939,166436,18,0,0,18,12
2020-06-23,US,North Carolina,Alexander,68,0,0,35.922379600000006,-81.17751948,37003.0,181.3478411606262,0.0,68,66,0,0,66,65,37353,2,0,0,2,1
2020-06-23,US,North Carolina,Alleghany,30,0,0,36.49360862,-81.12857041,37005.0,269.37236239561815,0.0,30,30,0,0,30,30,11161,0,0,0,0,0
2020-06-23,US,North Carolina,Anson,107,2,0,34.97403241,-80.09953279,37007.0,437.6994191278737,1.8691588785046729,105,106,2,0,104,102,24877,1,0,0,1,4
2020-06-23,US,North Carolina,Ashe,49,1,0,36.43296207,-81.49862729,37009.0,180.12719185383963,2.0408163265306123,48,47,1,0,46,47,27109,2,0,0,2,0
2020-06-23,US,North Carolina,Avery,8,0,0,36.07569796,-81.92308483,37011.0,45.565871162499285,0.0,8,8,0,0,8,8,17505,0,0,0,0,0
2020-06-23,US,North Carolina,Beaufort,61,0,0,35.48531943,-76.84325809,37013.0,129.80380474103077,0.0,61,59,0,0,59,57,47079,2,0,0,2,2
2020-06-23,US,North Carolina,Bertie,137,4,0,36.0688473,-76.96545943,37015.0,723.0696152425186,2.9197080291970803,133,136,4,0,132,136,19026,1,0,0,1,0
2020-06-23,US,North Carolina,Bladen,321,2,0,34.61296243,-78.56180059,37017.0,980.9913819448687,0.6230529595015576,319,310,2,0,308,307,33190,11,0,0,11,3
2020-06-23,US,North Carolina,Brunswick,367,3,0,34.070565,-78.22814204,37019.0,256.96681137095646,0.8174386920980926,364,356,3,0,353,345,136744,11,0,0,11,11
2020-06-23,US,North Carolina,Buncombe,509,37,0,35.61113393,-82.53305,37021.0,194.8765462822226,7.269155206286838,472,504,37,0,467,501,259103,5,0,0,5,3
2020-06-23,US,North Carolina,Burke,918,19,0,35.74989637,-81.70755735,37023.0,1014.5327954909653,2.0697167755991286,899,912,19,0,893,911,90382,6,0,0,6,1
2020-06-23,US,North Carolina,Cabarrus,888,30,0,35.3877799,-80.55267168,37025.0,410.2507241756871,3.3783783783783785,858,888,30,0,858,869,211342,0,0,0,0,19
2020-06-23,US,North Carolina,Caldwell,322,4,0,35.95204977,-81.54799522,37027.0,391.8323638930127,1.2422360248447204,318,315,4,0,311,314,82029,7,0,0,7,1
2020-06-23,US,North Carolina,Camden,22,0,0,36.33804939,-76.15568396,37029.0,202.44777767553143,0.0,22,19,0,0,19,19,10710,3,0,0,3,0
2020-06-23,US,North Carolina,Carteret,61,3,0,34.8932941,-76.54120135,37031.0,87.80389503836021,4.918032786885246,58,61,3,0,58,53,69524,0,0,0,0,8
2020-06-23,US,North Carolina,Caswell,121,1,0,36.39312665,-79.33353281,37033.0,535.3034861086534,0.8264462809917356,120,116,1,0,115,116,22698,5,0,0,5,0
2020-06-23,US,North Carolina,Catawba,600,13,0,35.66211129,-81.2132617,37035.0,376.0553052002181,2.1666666666666665,587,600,13,0,587,552,158652,0,0,0,0,48
2020-06-23,US,North Carolina,Chatham,890,42,0,35.70394416,-79.25541492,37037.0,1195.1121256881966,4.719101123595506,848,882,39,0,843,882,73139,8,3,0,5,0
2020-06-23,US,North Carolina,Cherokee,34,1,0,35.1349263,-84.05970864,37039.0,118.83125961135187,2.9411764705882355,33,34,1,0,33,32,28383,0,0,0,0,2
2020-06-23,US,North Carolina,Chowan,19,0,0,36.12908077,-76.60118385,37041.0,136.26909560352863,0.0,19,19,0,0,19,19,14029,0,0,0,0,0
2020-06-23,US,North Carolina,Clay,12,0,0,35.05704275,-83.74353633,37043.0,106.84711957973468,0.0,12,12,0,0,12,9,11139,0,0,0,0,3
2020-06-23,US,North Carolina,Cleveland,239,2,0,35.33553364,-81.55204486,37045.0,244.00951535013837,0.8368200836820083,237,227,2,0,225,225,97645,12,0,0,12,2
2020-06-23,US,North Carolina,Columbus,471,35,0,34.26744084,-78.65801424,37047.0,848.5263385457953,7.4309978768577505,436,468,35,0,433,461,55655,3,0,0,3,7
2020-06-23,US,North Carolina,Craven,318,6,0,35.11833364,-77.08398081,37049.0,311.3404282399475,1.8867924528301887,312,315,6,0,309,310,102912,3,0,0,3,5
2020-06-23,US,North Carolina,Cumberland,1031,36,0,35.04762133,-78.82623165,37051.0,307.2942901680729,3.4917555771096023,995,1014,31,0,983,1008,332330,17,5,0,12,6
2020-06-23,US,North Carolina,Currituck,16,0,0,36.36123664,-75.95876401,37053.0,57.630659510859786,0.0,16,16,0,0,16,16,27072,0,0,0,0,0
2020-06-23,US,North Carolina,Dare,29,1,0,35.66520691,-75.71767334,37055.0,78.35931800372882,3.4482758620689653,28,29,1,0,28,27,36501,0,0,0,0,2
2020-06-23,US,North Carolina,Davidson,772,15,0,35.79115496,-80.21256572,37057.0,460.5957913954501,1.9430051813471505,757,771,15,0,756,735,166614,1,0,0,1,36
2020-06-23,US,North Carolina,Davie,164,4,0,35.93099927,-80.54496571,37059.0,382.7661858749942,2.4390243902439024,160,164,4,0,160,156,42733,0,0,0,0,8
2020-06-23,US,North Carolina,Duplin,1355,28,0,34.93449805,-77.93140529,37061.0,2306.7363511005938,2.066420664206642,1327,1345,28,0,1317,1332,58856,10,0,0,10,13
2020-06-23,US,North Carolina,Durham,3244,60,0,36.03638492,-78.87608331,37063.0,1009.0578808540288,1.8495684340320595,3184,3212,60,0,3152,3196,316739,32,0,0,32,16
2020-06-23,US,North Carolina,Edgecombe,276,9,0,35.91230639,-77.59436892,37065.0,536.2138638483059,3.260869565217391,267,274,9,0,265,273,52005,2,0,0,2,1
2020-06-23,US,North Carolina,Forsyth,2615,29,0,36.12859861,-80.25459052,37067.0,684.0267332818896,1.1089866156787762,2586,2575,28,0,2547,2524,379099,40,1,0,39,51
2020-06-23,US,North Carolina,Franklin,287,21,0,36.081519,-78.28708884,37069.0,411.85334003013566,7.317073170731707,266,284,21,0,263,280,67560,3,0,0,3,4
2020-06-23,US,North Carolina,Gaston,803,11,0,35.29373559,-81.17477045,37071.0,357.63754347990687,1.3698630136986298,792,771,9,0,762,737,222846,32,2,0,30,34
2020-06-23,US,North Carolina,Gates,25,2,0,36.44667547,-76.69749701,37073.0,216.22556651098427,8.0,23,25,2,0,23,25,11573,0,0,0,0,0
2020-06-23,US,North Carolina,Graham,6,0,0,35.3506925,-83.83369267,37075.0,71.08162539983414,0.0,6,6,0,0,6,6,8484,0,0,0,0,0
2020-06-23,US,North Carolina,Granville,742,17,0,36.30337451,-78.65184241,37077.0,1227.6028655096534,2.2911051212938007,725,742,17,0,725,735,60115,0,0,0,0,7
2020-06-23,US,North Carolina,Greene,151,2,0,35.48544173,-77.67578087,37079.0,716.6927713702596,1.3245033112582782,149,147,2,0,145,144,21012,4,0,0,4,3
2020-06-23,US,North Carolina,Guilford,2462,106,0,36.07959451,-79.78824948,37081.0,458.32449076090796,4.305442729488221,2356,2434,106,0,2328,2402,533670,28,0,0,28,32
2020-06-23,US,North Carolina,Halifax,272,4,0,36.25669272,-77.6556109,37083.0,543.8912217556489,1.4705882352941178,268,272,3,0,269,265,50574,0,1,0,-1,7
2020-06-23,US,North Carolina,Harnett,515,30,0,35.36731853,-78.87243571,37085.0,378.74330764252517,5.825242718446603,485,509,30,0,479,499,134214,6,0,0,6,10
2020-06-23,US,North Carolina,Haywood,72,0,0,35.55269063,-82.98196486,37087.0,115.53829613107176,0.0,72,72,0,0,72,70,61971,0,0,0,0,2
2020-06-23,US,North Carolina,Henderson,514,49,0,35.33788927,-82.4766782,37089.0,437.75603192042036,9.53307392996109,465,514,49,0,465,497,116748,0,0,0,0,17
2020-06-23,US,North Carolina,Hertford,156,8,0,36.3607755,-76.98104134,37091.0,658.8672551421209,5.128205128205129,148,156,7,0,149,156,23659,0,1,0,-1,0
2020-06-23,US,North Carolina,Hoke,330,3,0,35.01888303,-79.23651674,37093.0,597.4580874099288,0.9090909090909092,327,326,3,0,323,326,54764,4,0,0,4,0
2020-06-23,US,North Carolina,Hyde,6,0,0,35.42017674,-76.15180542,37095.0,121.5312943082844,0.0,6,6,0,0,6,6,5230,0,0,0,0,0
2020-06-23,US,North Carolina,Iredell,575,7,0,35.80950511,-80.8743128,37097.0,316.2711901697414,1.2173913043478262,568,569,7,0,562,540,178435,6,0,0,6,29
2020-06-23,US,North Carolina,Jackson,77,1,0,35.28814273,-83.14093385,37099.0,175.2469388684055,1.2987012987012987,76,77,1,0,76,71,43327,0,0,0,0,6
2020-06-23,US,North Carolina,Johnston,1178,28,0,35.51745004,-78.36622717,37101.0,562.7236205389345,2.3769100169779285,1150,1135,26,0,1109,1111,202675,43,2,0,41,24
2020-06-23,US,North Carolina,Jones,29,3,0,35.02254606,-77.35870791,37103.0,307.8883108610256,10.344827586206897,26,28,3,0,25,28,9637,1,0,0,1,0
2020-06-23,US,North Carolina,Lee,718,7,0,35.47623147,-79.17569362,37105.0,1162.207222518979,0.9749303621169916,711,718,7,0,711,717,61452,0,0,0,0,1
2020-06-23,US,North Carolina,Lenoir,343,10,0,35.24032589999999,-77.64245615,37107.0,613.0583209708842,2.915451895043732,333,342,10,0,332,342,55976,1,0,0,1,0
2020-06-23,US,North Carolina,Lincoln,196,1,0,35.48508185,-81.21740317,37109.0,227.6131969202541,0.5102040816326531,195,189,1,0,188,186,83770,7,0,0,7,3
2020-06-23,US,North Carolina,Macon,256,3,0,35.14867843,-83.41696617,37113.0,713.9271571197502,1.171875,253,253,3,0,250,252,35285,3,0,0,3,1
2020-06-23,US,North Carolina,Madison,7,0,0,35.85402722,-82.71346418,37115.0,32.1765111468628,0.0,7,6,0,0,6,6,21763,1,0,0,1,0
2020-06-23,US,North Carolina,Martin,117,4,0,35.84326734,-77.10860251,37117.0,521.3903743315508,3.418803418803418,113,113,4,0,109,112,22671,4,0,0,4,1
2020-06-23,US,North Carolina,McDowell,202,2,0,35.67736232,-82.0482425,37111.0,441.47215665705045,0.99009900990099,200,197,2,0,195,197,45507,5,0,0,5,0
2020-06-23,US,North Carolina,Mecklenburg,9086,143,0,35.24469268,-80.8317671,37119.0,818.296114039101,1.5738498789346247,8943,8956,143,0,8813,8752,1093901,130,0,0,130,204
2020-06-23,US,North Carolina,Mitchell,26,0,0,36.01059309,-82.1582442,37121.0,173.75033413525796,0.0,26,26,0,0,26,25,15000,0,0,0,0,1
2020-06-23,US,North Carolina,Montgomery,253,7,0,35.33155144,-79.90416657,37123.0,931.0712839951424,2.766798418972332,246,252,6,0,246,246,27271,1,1,0,0,6
2020-06-23,US,North Carolina,Moore,377,12,0,35.30885257,-79.48474178,37125.0,373.7113402061856,3.1830238726790454,365,371,12,0,359,370,98682,6,0,0,6,1
2020-06-23,US,North Carolina,Nash,357,4,0,35.96575634,-77.98422508,37127.0,378.58703259878257,1.1204481792717087,353,352,4,0,348,348,94016,5,0,0,5,4
2020-06-23,US,North Carolina,New Hanover,611,5,0,34.25758282,-77.87075626,37129.0,260.5843743202842,0.8183306055646481,606,611,5,0,606,557,232274,0,0,0,0,54
2020-06-23,US,North Carolina,Northampton,190,15,0,36.41736238,-77.39769443,37131.0,975.2091567007136,7.894736842105262,175,190,15,0,175,175,19676,0,0,0,0,15
2020-06-23,US,North Carolina,Onslow,215,3,0,34.72607366,-77.42908179,37133.0,108.61987086865585,1.3953488372093024,212,213,3,0,210,211,197683,2,0,0,2,2
2020-06-23,US,North Carolina,Orange,546,41,0,36.06092947,-79.12167935,37135.0,367.73619978986505,7.509157509157508,505,548,41,0,507,538,146027,-2,0,0,-2,10
2020-06-23,US,North Carolina,Pamlico,17,0,0,35.15253315,-76.66559823,37137.0,133.5847870501336,0.0,17,17,0,0,17,15,12670,0,0,0,0,2
2020-06-23,US,North Carolina,Pasquotank,168,15,0,36.26723798,-76.25134778,37139.0,421.85616713539576,8.928571428571429,153,164,15,0,149,163,39639,4,0,0,4,1
2020-06-23,US,North Carolina,Pender,182,1,0,34.52265624,-77.90352133,37141.0,288.6140183951792,0.5494505494505495,181,182,1,0,181,166,62162,0,0,0,0,16
2020-06-23,US,North Carolina,Perquimans,30,2,0,36.17847453,-76.40603143,37143.0,222.83294956547576,6.666666666666668,28,30,2,0,28,30,13422,0,0,0,0,0
2020-06-23,US,North Carolina,Person,96,1,0,36.38989032,-78.97217358,37145.0,243.09951886553557,1.0416666666666667,95,96,1,0,95,92,39507,0,0,0,0,4
2020-06-23,US,North Carolina,Pitt,579,6,0,35.59535426,-77.37353178,37147.0,320.3461287359883,1.0362694300518134,573,567,4,0,563,561,179914,12,2,0,10,6
2020-06-23,US,North Carolina,Polk,67,4,0,35.27820615,-82.16812354,37149.0,323.29666087627874,5.970149253731344,63,65,4,0,61,65,20611,2,0,0,2,0
2020-06-23,US,North Carolina,Randolph,1068,27,0,35.71015088,-79.80570339,37151.0,743.3857462047653,2.5280898876404496,1041,1058,27,0,1031,1054,143351,10,0,0,10,4
2020-06-23,US,North Carolina,Richmond,234,5,0,35.00417719,-79.74491009,37153.0,521.9835374422806,2.1367521367521367,229,234,5,0,229,233,44887,0,0,0,0,1
2020-06-23,US,North Carolina,Robeson,1160,34,0,34.64244496,-79.10250529999998,37155.0,888.0382775119618,2.931034482758621,1126,1160,34,0,1126,1085,131831,0,0,0,0,75
2020-06-23,US,North Carolina,Rockingham,173,2,0,36.39593137,-79.77504841,37157.0,190.0890012086584,1.1560693641618498,171,172,2,0,170,166,90690,1,0,0,1,6
2020-06-23,US,North Carolina,Rowan,1037,40,0,35.64003916,-80.52446628,37159.0,729.8294014976634,3.8572806171648986,997,1025,40,0,985,1019,141262,12,0,0,12,6
2020-06-23,US,North Carolina,Rutherford,263,9,0,35.40114178,-81.92112099,37161.0,392.36748273135515,3.4220532319391634,254,263,9,0,254,255,66826,0,0,0,0,8
2020-06-23,US,North Carolina,Sampson,907,6,0,34.98820368,-78.36914061,37163.0,1427.6494939478366,0.6615214994487321,901,894,6,0,888,877,63626,13,0,0,13,17
2020-06-23,US,North Carolina,Scotland,124,1,0,34.8386299,-79.4757978,37165.0,356.08649455819426,0.8064516129032258,123,123,1,0,122,123,34810,1,0,0,1,0
2020-06-23,US,North Carolina,Stanly,282,5,0,35.31647813,-80.25093221,37167.0,449.0016877368405,1.7730496453900708,277,277,5,0,272,234,62075,5,0,0,5,43
2020-06-23,US,North Carolina,Stokes,110,1,0,36.4017975,-80.23893369,37169.0,241.2756903774868,0.9090909090909092,109,109,1,0,108,105,45467,1,0,0,1,4
2020-06-23,US,North Carolina,Surry,392,2,0,36.41689489,-80.69102283,37171.0,546.0902999317386,0.5102040816326531,390,386,2,0,384,382,71948,6,0,0,6,4
2020-06-23,US,North Carolina,Swain,42,0,0,35.48665845,-83.48748932,37173.0,294.303132226193,0.0,42,42,0,0,42,40,14245,0,0,0,0,2
2020-06-23,US,North Carolina,Transylvania,19,1,0,35.20383864,-82.79638423,37175.0,55.25665261014977,5.2631578947368425,18,19,1,0,18,19,34215,0,0,0,0,0
2020-06-23,US,North Carolina,Tyrrell,5,0,0,35.87147226,-76.17055253,37177.0,124.5019920318725,0.0,5,5,0,0,5,5,4131,0,0,0,0,0
2020-06-23,US,North Carolina,Union,965,24,0,34.98960527,-80.52955873,37179.0,402.3196961548242,2.4870466321243523,941,949,24,0,925,920,235908,16,0,0,16,29
2020-06-23,US,North Carolina,Vance,462,35,0,36.36880673,-78.40670845,37181.0,1037.3863253620748,7.575757575757576,427,453,35,0,418,452,44582,9,0,0,9,1
2020-06-23,US,North Carolina,Wake,4106,44,0,35.78879266,-78.65249174,37183.0,369.3239824026927,1.071602532878714,4062,4035,44,0,3991,3884,1092305,71,0,0,71,151
2020-06-23,US,North Carolina,Warren,150,5,0,36.39728256,-78.10652228,37185.0,760.225026607876,3.333333333333333,145,148,5,0,143,148,19807,2,0,0,2,0
2020-06-23,US,North Carolina,Washington,37,3,0,35.83810081,-76.57299037,37187.0,319.5164075993092,8.108108108108109,34,37,3,0,34,37,11859,0,0,0,0,0
2020-06-23,US,North Carolina,Watauga,50,0,0,36.23103603,-81.70033724,37189.0,89.00439681720276,0.0,50,49,0,0,49,47,55945,1,0,0,1,2
2020-06-23,US,North Carolina,Wayne,1673,23,0,35.36438125,-78.00027268,37191.0,1358.7155143708733,1.3747758517632995,1650,1658,23,0,1635,1643,123248,15,0,0,15,15
2020-06-23,US,North Carolina,Wilkes,557,6,0,36.2084135,-81.16232895,37193.0,814.1846459685437,1.0771992818671454,551,555,6,0,549,555,68557,2,0,0,2,0
2020-06-23,US,North Carolina,Wilson,622,18,0,35.70625477,-77.917978,37195.0,760.3819024217308,2.893890675241157,604,622,18,0,604,603,81455,0,0,0,0,19
2020-06-23,US,North Carolina,Yadkin,284,4,0,36.16222629,-80.66239436,37197.0,753.9756285342607,1.4084507042253518,280,284,4,0,280,280,37543,0,0,0,0,4
2020-06-23,US,North Carolina,Yancey,35,0,0,35.90079156,-82.31237181,37199.0,193.70192041618242,0.0,35,35,0,0,35,35,17903,0,0,0,0,0
2020-06-23,US,North Dakota,Barnes,18,0,0,46.93579637,-98.06605978,38003.0,172.8276524243879,0.0,18,18,0,0,18,18,10542,0,0,0,0,0
2020-06-23,US,North Dakota,Benson,3,0,0,48.0683985,-99.35916363,38005.0,43.911007025761116,0.0,3,3,0,0,3,3,6962,0,0,0,0,0
2020-06-23,US,North Dakota,Billings,1,0,0,47.02366884,-103.3762965,38007.0,107.75862068965515,0.0,1,1,0,0,1,1,919,0,0,0,0,0
2020-06-23,US,North Dakota,Bottineau,5,0,0,48.79106111,-100.8378166,38009.0,79.59248646927729,0.0,5,5,0,0,5,5,6411,0,0,0,0,0
2020-06-23,US,North Dakota,Bowman,1,0,0,46.11285362,-103.5203343,38011.0,33.06878306878307,0.0,1,1,0,0,1,1,3076,0,0,0,0,0
2020-06-23,US,North Dakota,Burke,5,0,0,48.79094471,-102.51821170000001,38013.0,236.40661938534282,0.0,5,5,0,0,5,5,2100,0,0,0,0,0
2020-06-23,US,North Dakota,Burleigh,202,0,0,46.97847375,-100.46452140000001,38015.0,211.239621023571,0.0,202,202,0,0,202,198,95273,0,0,0,0,4
2020-06-23,US,North Dakota,Cass,2146,65,0,46.93201724,-97.24447190000001,38017.0,1179.6199490993442,3.0288909599254428,2081,2143,64,0,2079,2138,181516,3,1,0,2,5
2020-06-23,US,North Dakota,Cavalier,3,0,0,48.77286211,-98.46685243,38019.0,79.74481658692186,0.0,3,2,0,0,2,1,3829,1,0,0,1,1
2020-06-23,US,North Dakota,Dickey,4,0,0,46.11017712,-98.50490079999999,38021.0,82.10180623973726,0.0,4,4,0,0,4,4,4903,0,0,0,0,0
2020-06-23,US,North Dakota,Divide,1,0,0,48.814938700000006,-103.48736109999999,38023.0,44.16961130742049,0.0,1,1,0,0,1,1,2283,0,0,0,0,0
2020-06-23,US,North Dakota,Dunn,13,0,0,47.35423935,-102.61604679999999,38025.0,293.8517179023508,0.0,13,13,0,0,13,12,4332,0,0,0,0,1
2020-06-23,US,North Dakota,Eddy,5,0,0,47.71701474,-98.90432337,38027.0,218.62702229995628,0.0,5,5,0,0,5,5,2313,0,0,0,0,0
2020-06-23,US,North Dakota,Emmons,4,1,0,46.28398398,-100.2389766,38029.0,123.41869793273679,25.0,3,4,1,0,3,4,3295,0,0,0,0,0
2020-06-23,US,North Dakota,Foster,2,0,0,47.457108399999996,-98.88279923,38031.0,62.305295950155774,0.0,2,1,0,0,1,1,3216,1,0,0,1,0
2020-06-23,US,North Dakota,Grand Forks,365,4,0,47.92093639,-97.45450447,38035.0,525.5503880433687,1.095890410958904,361,365,4,0,361,361,70770,0,0,0,0,4
2020-06-23,US,North Dakota,Grant,2,0,0,46.35821257,-101.63900129999999,38037.0,87.95074758135445,0.0,2,2,0,0,2,2,2374,0,0,0,0,0
2020-06-23,US,North Dakota,Griggs,2,0,0,47.45785838,-98.23850925,38039.0,89.64589870013447,0.0,2,2,0,0,2,2,2232,0,0,0,0,0
2020-06-23,US,North Dakota,Kidder,2,0,0,46.97830064,-99.77507857,38043.0,80.64516129032258,0.0,2,2,0,0,2,2,2450,0,0,0,0,0
2020-06-23,US,North Dakota,LaMoure,11,0,0,46.45681054,-98.53542355,38045.0,271.8734552644587,0.0,11,11,0,0,11,11,4062,0,0,0,0,0
2020-06-23,US,North Dakota,McHenry,3,1,0,48.23104458,-100.6324822,38049.0,52.219321148825074,33.333333333333336,2,3,1,0,2,3,5816,0,0,0,0,0
2020-06-23,US,North Dakota,McIntosh,1,0,0,46.11182017,-99.44145858,38051.0,40.04805766920305,0.0,1,1,0,0,1,1,2585,0,0,0,0,0
2020-06-23,US,North Dakota,McKenzie,24,0,0,47.74133370000001,-103.395905,38053.0,159.7444089456869,0.0,24,24,0,0,24,24,13632,0,0,0,0,0
2020-06-23,US,North Dakota,McLean,11,0,0,47.60766714,-101.3182418,38055.0,116.40211640211642,0.0,11,11,0,0,11,11,9541,0,0,0,0,0
2020-06-23,US,North Dakota,Mercer,6,0,0,47.31213126,-101.8318399,38057.0,73.28691828508613,0.0,6,6,0,0,6,6,8267,0,0,0,0,0
2020-06-23,US,North Dakota,Morton,70,2,0,46.71681782,-101.2822377,38059.0,223.1858181354419,2.8571428571428568,68,70,2,0,68,70,31095,0,0,0,0,0
2020-06-23,US,North Dakota,Mountrail,43,0,0,48.20197971,-102.3555315,38061.0,407.77619724988153,0.0,43,43,0,0,43,43,10218,0,0,0,0,0
2020-06-23,US,North Dakota,Nelson,1,0,0,47.9226426,-98.19038437,38063.0,34.734282737061484,0.0,1,1,0,0,1,1,2869,0,0,0,0,0
2020-06-23,US,North Dakota,Oliver,1,0,0,47.11530482,-101.3406158,38065.0,51.046452271567134,0.0,1,1,0,0,1,1,1952,0,0,0,0,0
2020-06-23,US,North Dakota,Pembina,7,0,0,48.76623521,-97.5523809,38067.0,102.92604028819292,0.0,7,7,0,0,7,7,6947,0,0,0,0,0
2020-06-23,US,North Dakota,Pierce,4,0,0,48.24977025,-99.96407787,38069.0,100.62893081761007,0.0,4,4,0,0,4,4,4081,0,0,0,0,0
2020-06-23,US,North Dakota,Ramsey,9,1,0,48.26886249,-98.72223879,38071.0,78.13178227276673,11.111111111111109,8,9,1,0,8,8,11481,0,0,0,0,1
2020-06-23,US,North Dakota,Ransom,15,0,0,46.45621782,-97.65742504,38073.0,287.46646224607133,0.0,15,15,0,0,15,15,5237,0,0,0,0,0
2020-06-23,US,North Dakota,Renville,4,0,0,48.71982533,-101.6603912,38075.0,171.89514396218308,0.0,4,3,0,0,3,3,2374,1,0,0,1,0
2020-06-23,US,North Dakota,Richland,39,0,0,46.26440649,-96.94852979,38077.0,241.08301910119306,0.0,39,39,0,0,39,38,16239,0,0,0,0,1
2020-06-23,US,North Dakota,Rolette,9,0,0,48.77245354,-99.84097493,38079.0,63.487584650112865,0.0,9,9,0,0,9,9,14301,0,0,0,0,0
2020-06-23,US,North Dakota,Sargent,4,0,0,46.10830372,-97.63217159,38081.0,102.6167265264238,0.0,4,4,0,0,4,4,3870,0,0,0,0,0
2020-06-23,US,North Dakota,Sheridan,1,0,0,47.57700669,-100.3426391,38083.0,76.04562737642586,0.0,1,1,0,0,1,1,1349,0,0,0,0,0
2020-06-23,US,North Dakota,Sioux,19,0,0,46.11323337,-101.04401490000001,38085.0,449.1725768321513,0.0,19,19,0,0,19,12,4358,0,0,0,0,7
2020-06-23,US,North Dakota,Slope,3,0,0,46.44737738,-103.4601547,38087.0,400.0,0.0,3,3,0,0,3,3,763,0,0,0,0,0
2020-06-23,US,North Dakota,Stark,68,2,0,46.80851182,-102.65763259999999,38089.0,215.948426434628,2.9411764705882355,66,68,2,0,66,68,30997,0,0,0,0,0
2020-06-23,US,North Dakota,Steele,1,0,0,47.45611548,-97.72728747,38091.0,52.91005291005291,0.0,1,1,0,0,1,1,1903,0,0,0,0,0
2020-06-23,US,North Dakota,Stutsman,62,1,0,46.97962541,-98.95637318,38093.0,299.4590417310665,1.6129032258064515,61,62,1,0,61,62,20917,0,0,0,0,0
2020-06-23,US,North Dakota,Traill,15,0,0,47.45367788,-97.16323288,38097.0,186.66002986560483,0.0,15,15,0,0,15,15,8037,0,0,0,0,0
2020-06-23,US,North Dakota,Walsh,17,0,0,48.36876964,-97.72574783,38099.0,159.7594211070388,0.0,17,17,0,0,17,17,10667,0,0,0,0,0
2020-06-23,US,North Dakota,Ward,54,1,0,48.22390169,-101.54367629999999,38101.0,79.83323723776998,1.851851851851852,53,53,1,0,52,52,67744,1,0,0,1,1
2020-06-23,US,North Dakota,Wells,8,0,0,47.58614526,-99.65904998,38103.0,208.65936358894103,0.0,8,8,0,0,8,8,3957,0,0,0,0,0
2020-06-23,US,North Dakota,Williams,26,0,0,48.34522353,-103.4793387,38105.0,69.16917183218493,0.0,26,26,0,0,26,26,35350,0,0,0,0,0
2020-06-23,US,Ohio,Adams,19,1,0,38.84541072,-83.4718964,39001.0,68.5970106144848,5.2631578947368425,18,19,1,0,18,18,27724,0,0,0,0,1
2020-06-23,US,Ohio,Allen,255,38,0,40.77285242,-84.10802343,39003.0,249.1426561538236,14.901960784313724,217,253,37,0,216,251,102663,2,1,0,1,2
2020-06-23,US,Ohio,Ashland,44,0,0,40.84772277,-82.27280781,39005.0,82.26759404681773,0.0,44,40,0,0,40,39,53745,4,0,0,4,1
2020-06-23,US,Ohio,Ashtabula,411,42,0,41.70860332,-80.74830218,39007.0,422.66122314661516,10.218978102189784,369,410,42,0,368,407,97493,1,0,0,1,3
2020-06-23,US,Ohio,Athens,26,1,0,39.33425634,-82.04278644,39009.0,39.799776508947296,3.8461538461538463,25,25,1,0,24,25,65818,1,0,0,1,0
2020-06-23,US,Ohio,Auglaize,91,3,0,40.55998859,-84.22421429999999,39011.0,199.31662870159454,3.2967032967032965,88,90,3,0,87,90,45804,1,0,0,1,0
2020-06-23,US,Ohio,Belmont,500,21,0,40.01625942,-80.9924051,39013.0,746.201832671701,4.2,479,493,21,0,472,484,67505,7,0,0,7,9
2020-06-23,US,Ohio,Brown,45,1,0,38.93416837,-83.86788395,39015.0,103.61024129673972,2.2222222222222223,44,45,1,0,44,43,43602,0,0,0,0,2
2020-06-23,US,Ohio,Butler,1248,39,0,39.44012838,-84.57388716,39017.0,325.7345993829835,3.125,1209,1223,39,0,1184,1201,382378,25,0,0,25,22
2020-06-23,US,Ohio,Carroll,42,3,0,40.5789686,-81.09178213,39019.0,156.0526120234822,7.142857142857142,39,42,3,0,39,41,27081,0,0,0,0,1
2020-06-23,US,Ohio,Champaign,37,1,0,40.13923427,-83.76875242,39021.0,95.15237238009516,2.702702702702702,36,37,1,0,36,37,38754,0,0,0,0,0
2020-06-23,US,Ohio,Clark,688,8,0,39.91592258,-83.78498252,39023.0,513.1150108514877,1.162790697674419,680,670,8,0,662,653,134585,18,0,0,18,17
2020-06-23,US,Ohio,Clermont,288,6,0,39.04847534,-84.15375786,39025.0,139.5159571375976,2.083333333333333,282,287,6,0,281,279,205466,1,0,0,1,8
2020-06-23,US,Ohio,Clinton,55,0,0,39.41485808,-83.80852286,39027.0,131.05223027068243,0.0,55,55,0,0,55,55,42057,0,0,0,0,0
2020-06-23,US,Ohio,Columbiana,983,59,0,40.76932373,-80.78094576,39029.0,964.8322094952052,6.002034587995932,924,975,58,0,917,961,102665,8,1,0,7,14
2020-06-23,US,Ohio,Coshocton,60,0,0,40.30096166,-81.91729018,39031.0,163.93442622950818,0.0,60,60,0,0,60,60,36629,0,0,0,0,0
2020-06-23,US,Ohio,Crawford,125,5,0,40.85065156,-82.91989099,39033.0,301.2483732587844,4.0,120,122,5,0,117,122,41550,3,0,0,3,0
2020-06-23,US,Ohio,Cuyahoga,5820,341,0,41.424119,-81.65918339,39035.0,471.2275883511245,5.8591065292096225,5479,5734,339,0,5395,5633,1243857,86,2,0,84,101
2020-06-23,US,Ohio,Darke,228,25,0,40.13412966,-84.6194517,39037.0,446.07047130866897,10.964912280701757,203,228,25,0,203,227,51323,0,0,0,0,1
2020-06-23,US,Ohio,Defiance,43,3,0,41.32398837,-84.49076944,39039.0,112.89941449838528,6.9767441860465125,40,42,2,0,40,42,38165,1,1,0,0,0
2020-06-23,US,Ohio,Delaware,439,15,0,40.27942393,-83.00457058,39041.0,209.87011000253372,3.416856492027335,424,433,15,0,418,427,204826,6,0,0,6,6
2020-06-23,US,Ohio,Erie,218,22,0,41.36796058,-82.62904521,39043.0,293.5394393127407,10.091743119266058,196,218,22,0,196,217,74615,0,0,0,0,1
2020-06-23,US,Ohio,Fairfield,426,14,0,39.75107189,-82.63088163,39045.0,270.34916927919585,3.286384976525821,412,414,12,0,402,409,155782,12,2,0,10,5
2020-06-23,US,Ohio,Fayette,45,0,0,39.56021306,-83.4562016,39047.0,157.75635407537246,0.0,45,45,0,0,45,45,28666,0,0,0,0,0
2020-06-23,US,Ohio,Franklin,8029,370,0,39.96995815,-83.01115755,39049.0,609.7560975609756,4.6082949308755765,7659,7915,358,0,7557,7794,1310300,114,12,0,102,121
2020-06-23,US,Ohio,Fulton,54,0,0,41.60213491,-84.12571393,39051.0,128.18686796752598,0.0,54,53,0,0,53,53,42276,1,0,0,1,0
2020-06-23,US,Ohio,Gallia,9,1,0,38.82708533,-82.31647569,39053.0,30.102347983142685,11.111111111111109,8,9,1,0,8,9,29979,0,0,0,0,0
2020-06-23,US,Ohio,Geauga,363,37,0,41.49952319,-81.17935342,39055.0,387.6175933539066,10.192837465564738,326,361,37,0,324,357,94031,2,0,0,2,4
2020-06-23,US,Ohio,Greene,177,8,0,39.69116283,-83.89032084,39057.0,104.77278512108064,4.519774011299434,169,175,8,0,167,169,167995,2,0,0,2,6
2020-06-23,US,Ohio,Guernsey,46,3,0,40.05026529,-81.49248905,39059.0,118.32797427652731,6.521739130434782,43,46,3,0,43,45,39022,0,0,0,0,1
2020-06-23,US,Ohio,Hamilton,4098,188,0,39.19673558,-84.54502924,39061.0,501.30096039869204,4.587603709126404,3910,4020,187,0,3833,3829,816684,78,1,0,77,191
2020-06-23,US,Ohio,Hancock,64,1,0,41.00250487,-83.66838948,39063.0,84.45165802356729,1.5625,63,63,1,0,62,62,75930,1,0,0,1,1
2020-06-23,US,Ohio,Hardin,107,10,0,40.66015414,-83.65929931,39065.0,341.14458791646734,9.345794392523365,97,107,10,0,97,107,31480,0,0,0,0,0
2020-06-23,US,Ohio,Harrison,11,1,0,40.29380509,-81.09068544,39067.0,73.13829787234044,9.090909090909092,10,11,1,0,10,11,15174,0,0,0,0,0
2020-06-23,US,Ohio,Henry,23,0,0,41.3339642,-84.06830637,39069.0,85.16625934977412,0.0,23,23,0,0,23,23,27086,0,0,0,0,0
2020-06-23,US,Ohio,Highland,39,1,0,39.1839264,-83.60331456,39071.0,90.35935219295195,2.5641025641025643,38,39,1,0,38,39,43058,0,0,0,0,0
2020-06-23,US,Ohio,Hocking,74,7,0,39.49537927,-82.47991446,39073.0,261.8171525615624,9.459459459459461,67,74,7,0,67,73,28385,0,0,0,0,1
2020-06-23,US,Ohio,Holmes,152,3,0,40.56163713,-81.92635677,39075.0,345.76888080072786,1.973684210526316,149,136,3,0,133,127,43892,16,0,0,16,9
2020-06-23,US,Ohio,Huron,127,1,0,41.14651175,-82.59867951,39077.0,217.96588061648305,0.7874015748031497,126,122,1,0,121,110,58504,5,0,0,5,12
2020-06-23,US,Ohio,Jackson,16,0,0,39.01914254,-82.61818559999998,39079.0,49.362909943541176,0.0,16,16,0,0,16,16,32384,0,0,0,0,0
2020-06-23,US,Ohio,Jefferson,74,2,0,40.38614126,-80.76259514,39081.0,113.27975507079985,2.702702702702702,72,74,2,0,72,74,65767,0,0,0,0,0
2020-06-23,US,Ohio,Knox,34,1,0,40.39830217,-82.42027563,39083.0,54.555373704309865,2.9411764705882355,33,34,1,0,33,34,61893,0,0,0,0,0
2020-06-23,US,Ohio,Lake,373,15,0,41.69710807,-81.23676539,39085.0,162.06892056884888,4.021447721179625,358,369,14,0,355,367,230514,4,1,0,3,2
2020-06-23,US,Ohio,Lawrence,48,0,0,38.59743452,-82.53466552,39087.0,80.72246607133847,0.0,48,45,0,0,45,44,59866,3,0,0,3,1
2020-06-23,US,Ohio,Licking,340,11,0,40.09136236,-82.48185785,39089.0,192.2402777306601,3.2352941176470584,329,337,11,0,326,331,175769,3,0,0,3,6
2020-06-23,US,Ohio,Logan,50,0,0,40.38996525,-83.76784341,39091.0,109.47626554562972,0.0,50,50,0,0,50,48,45358,0,0,0,0,2
2020-06-23,US,Ohio,Lorain,867,66,0,41.29553751,-82.15083537,39093.0,279.8281654956057,7.612456747404845,801,854,66,0,788,843,309461,13,0,0,13,11
2020-06-23,US,Ohio,Lucas,2516,298,0,41.62101218,-83.65468618,39095.0,587.3728837300513,11.844197138314787,2218,2511,294,0,2217,2490,429899,5,4,0,1,21
2020-06-23,US,Ohio,Madison,176,8,0,39.89381073,-83.40178317,39097.0,393.46314636381925,4.545454545454546,168,175,7,0,168,174,44413,1,1,0,0,1
2020-06-23,US,Ohio,Mahoning,1669,225,0,41.01631101,-80.77287029,39099.0,729.8312511205468,13.481126423007787,1444,1665,224,0,1441,1654,229642,4,1,0,3,11
2020-06-23,US,Ohio,Marion,2713,35,0,40.58610662,-83.15736305,39101.0,4167.882875270767,1.2900847769996313,2678,2713,35,0,2678,2715,65256,0,0,0,0,-2
2020-06-23,US,Ohio,Medina,426,31,0,41.11770589,-81.89986209999998,39103.0,237.0011015544157,7.276995305164318,395,416,31,0,385,413,179146,10,0,0,10,3
2020-06-23,US,Ohio,Meigs,9,0,0,39.09224872,-82.0305041,39105.0,39.289300213908405,0.0,9,9,0,0,9,9,23106,0,0,0,0,0
2020-06-23,US,Ohio,Mercer,258,8,0,40.54043046,-84.62912742,39107.0,626.6394637132031,3.1007751937984502,250,257,8,0,249,258,40959,1,0,0,1,-1
2020-06-23,US,Ohio,Miami,410,30,0,40.0543329,-84.22871271,39109.0,383.22413003449003,7.317073170731707,380,405,30,0,375,400,106222,5,0,0,5,5
2020-06-23,US,Ohio,Monroe,83,16,0,39.72984936,-81.08464734,39111.0,607.8804745862019,19.27710843373494,67,82,15,0,67,82,13790,1,1,0,0,0
2020-06-23,US,Ohio,Montgomery,1345,20,0,39.75394919,-84.29050975,39113.0,252.968381773487,1.4869888475836432,1325,1292,20,0,1272,1263,532331,53,0,0,53,29
2020-06-23,US,Ohio,Morgan,6,0,0,39.62081738,-81.85308173,39115.0,41.356492969396186,0.0,6,6,0,0,6,6,14604,0,0,0,0,0
2020-06-23,US,Ohio,Morrow,110,1,0,40.52363560000001,-82.7892599,39117.0,311.3677536231884,0.9090909090909092,109,110,1,0,109,110,35112,0,0,0,0,0
2020-06-23,US,Ohio,Muskingum,67,1,0,39.96575964,-81.94363275,39119.0,77.71269500666938,1.492537313432836,66,65,1,0,64,64,86183,2,0,0,2,1
2020-06-23,US,Ohio,Noble,6,0,0,39.76818851,-81.45937183,39121.0,41.59733777038269,0.0,6,6,0,0,6,6,14354,0,0,0,0,0
2020-06-23,US,Ohio,Ottawa,122,22,0,41.53781826,-83.0940185,39123.0,301.0487353485503,18.032786885245898,100,122,22,0,100,119,40769,0,0,0,0,3
2020-06-23,US,Ohio,Paulding,21,0,0,41.11676341,-84.5801017,39125.0,112.46786632390746,0.0,21,19,0,0,19,18,18760,2,0,0,2,1
2020-06-23,US,Ohio,Perry,26,1,0,39.73508655,-82.23804971,39127.0,71.95439198538773,3.8461538461538463,25,26,1,0,25,26,36033,0,0,0,0,0
2020-06-23,US,Ohio,Pickaway,2144,41,0,39.64170392,-83.0243386,39129.0,3667.6531467574455,1.912313432835821,2103,2141,41,0,2100,2139,58086,3,0,0,3,2
2020-06-23,US,Ohio,Pike,17,0,0,39.07634001,-83.06769584,39131.0,61.212732248307645,0.0,17,17,0,0,17,14,28067,0,0,0,0,3
2020-06-23,US,Ohio,Portage,371,58,0,41.16793482,-81.19735782,39133.0,228.35547129861015,15.633423180592992,313,369,58,0,311,369,162927,2,0,0,2,0
2020-06-23,US,Ohio,Preble,51,1,0,39.7420247,-84.64787018,39135.0,124.74927841103664,1.96078431372549,50,52,1,0,51,51,40997,-1,0,0,-1,1
2020-06-23,US,Ohio,Putnam,105,15,0,41.02094889,-84.1336111,39137.0,310.09125542659694,14.285714285714285,90,105,15,0,90,105,33780,0,0,0,0,0
2020-06-23,US,Ohio,Richland,280,4,0,40.77180308,-82.53799609999999,39139.0,231.11081763705695,1.4285714285714286,276,277,4,0,273,271,121099,3,0,0,3,6
2020-06-23,US,Ohio,Ross,86,2,0,39.33705391,-83.06000914,39141.0,112.17488847729109,2.3255813953488373,84,85,2,0,83,84,76931,1,0,0,1,1
2020-06-23,US,Ohio,Sandusky,110,13,0,41.35624126,-83.137872,39143.0,187.97634915752414,11.818181818181818,97,110,13,0,97,109,58799,0,0,0,0,1
2020-06-23,US,Ohio,Scioto,27,0,0,38.80270163,-82.98907345,39145.0,35.84990838356747,0.0,27,22,0,0,22,21,75502,5,0,0,5,1
2020-06-23,US,Ohio,Seneca,32,2,0,41.12351311,-83.12783209,39147.0,57.99412809453043,6.25,30,31,2,0,29,31,55207,1,0,0,1,0
2020-06-23,US,Ohio,Shelby,52,4,0,40.33163494,-84.20258189,39149.0,107.01790491870756,7.6923076923076925,48,52,3,0,49,51,48627,0,1,0,-1,1
2020-06-23,US,Ohio,Stark,960,106,0,40.81482476,-81.36437305,39151.0,259.0352018046119,11.041666666666664,854,957,105,0,852,942,371574,3,1,0,2,15
2020-06-23,US,Ohio,Summit,1796,202,0,41.12464734,-81.53123079,39153.0,331.9698417598098,11.247216035634745,1594,1780,202,0,1578,1756,541918,16,0,0,16,24
2020-06-23,US,Ohio,Trumbull,742,56,0,41.31735028,-80.76109643,39155.0,374.7966904745068,7.547169811320754,686,726,55,0,671,711,198627,16,1,0,15,15
2020-06-23,US,Ohio,Tuscarawas,444,10,0,40.44214695,-81.47226262,39157.0,482.67689999673865,2.2522522522522523,434,436,10,0,426,429,92176,8,0,0,8,7
2020-06-23,US,Ohio,Union,73,1,0,40.30016061,-83.37239023,39159.0,123.75398386112431,1.3698630136986298,72,71,1,0,70,71,57835,2,0,0,2,0
2020-06-23,US,Ohio,Van Wert,18,0,0,40.8554138,-84.59111700000003,39161.0,63.660477453580896,0.0,18,16,0,0,16,16,28281,2,0,0,2,0
2020-06-23,US,Ohio,Vinton,22,2,0,39.25208988,-82.4831444,39163.0,168.13144822315633,9.090909090909092,20,22,2,0,20,22,13139,0,0,0,0,0
2020-06-23,US,Ohio,Warren,614,20,0,39.42581994,-84.16557457,39165.0,261.71984893564417,3.2573289902280136,594,594,20,0,574,584,232173,20,0,0,20,10
2020-06-23,US,Ohio,Washington,120,20,0,39.45690571,-81.49121382,39167.0,200.29710737594098,16.666666666666668,100,120,20,0,100,119,60155,0,0,0,0,1
2020-06-23,US,Ohio,Wayne,332,52,0,40.82925852,-81.88844833,39169.0,286.9242070693976,15.662650602409636,280,330,52,0,278,327,115967,2,0,0,2,3
2020-06-23,US,Ohio,Williams,60,1,0,41.56052014,-84.58429552,39171.0,163.5233838438897,1.6666666666666667,59,60,1,0,59,59,36804,0,0,0,0,1
2020-06-23,US,Ohio,Wood,342,51,0,41.36224827,-83.62285108,39173.0,261.4339114946834,14.912280701754383,291,337,51,0,286,334,130696,5,0,0,5,3
2020-06-23,US,Ohio,Wyandot,55,4,0,40.84339621,-83.30734173,39175.0,252.6180415212199,7.272727272727272,51,55,4,0,51,55,21935,0,0,0,0,0
2020-06-23,US,Oklahoma,Adair,110,4,0,35.88494195,-94.65859267,40001.0,495.6294494007389,3.636363636363636,106,108,4,0,104,107,22082,2,0,0,2,1
2020-06-23,US,Oklahoma,Alfalfa,1,0,0,36.73090616,-98.32408495,40003.0,17.5377060680463,0.0,1,1,0,0,1,1,5754,0,0,0,0,0
2020-06-23,US,Oklahoma,Atoka,14,0,0,34.37366573,-96.03802487,40005.0,101.75897659543541,0.0,14,14,0,0,14,13,13838,0,0,0,0,1
2020-06-23,US,Oklahoma,Beaver,30,0,0,36.7496847,-100.4758872,40007.0,564.865373752589,0.0,30,30,0,0,30,30,5319,0,0,0,0,0
2020-06-23,US,Oklahoma,Beckham,9,0,0,35.26862449,-99.68128023,40009.0,41.17297223111762,0.0,9,9,0,0,9,8,21709,0,0,0,0,1
2020-06-23,US,Oklahoma,Blaine,14,0,0,35.87518314,-98.43307003,40011.0,148.47809948032662,0.0,14,14,0,0,14,14,9485,0,0,0,0,0
2020-06-23,US,Oklahoma,Bryan,72,1,0,33.96472458,-96.25903472,40013.0,150.01562662777368,1.3888888888888888,71,72,1,0,71,71,47192,0,0,0,0,1
2020-06-23,US,Oklahoma,Caddo,181,10,0,35.17364557,-98.37534464,40015.0,629.3025519783048,5.524861878453039,171,181,10,0,171,180,28977,0,0,0,0,1
2020-06-23,US,Oklahoma,Canadian,207,3,0,35.5426055,-97.98465569,40017.0,139.5762814720915,1.4492753623188406,204,200,3,0,197,197,144447,7,0,0,7,3
2020-06-23,US,Oklahoma,Carter,74,1,0,34.25103751,-97.28552485,40019.0,153.81097877824197,1.351351351351351,73,70,1,0,69,69,48177,4,0,0,4,1
2020-06-23,US,Oklahoma,Cherokee,66,1,0,35.90692775,-94.99980896,40021.0,135.6433812195573,1.5151515151515151,65,66,1,0,65,66,48675,0,0,0,0,0
2020-06-23,US,Oklahoma,Choctaw,108,1,0,34.02807439,-95.54771129,40023.0,736.0959651035988,0.925925925925926,107,108,1,0,107,107,14668,0,0,0,0,1
2020-06-23,US,Oklahoma,Cimarron,1,0,0,36.74817177,-102.5173885,40025.0,46.79457182966776,0.0,1,1,0,0,1,1,2153,0,0,0,0,0
2020-06-23,US,Oklahoma,Cleveland,711,40,0,35.20413532,-97.32519562,40027.0,250.33977198307124,5.625879043600564,671,684,40,0,644,677,281669,27,0,0,27,7
2020-06-23,US,Oklahoma,Coal,6,0,0,34.58840127,-96.29798747,40029.0,109.1901728844404,0.0,6,6,0,0,6,6,5520,0,0,0,0,0
2020-06-23,US,Oklahoma,Comanche,377,5,0,34.65973764,-98.47195055,40031.0,312.217906566514,1.326259946949602,372,377,5,0,372,365,120422,0,0,0,0,12
2020-06-23,US,Oklahoma,Cotton,5,2,0,34.28845626,-98.37053567,40033.0,88.24567596187786,40.0,3,5,2,0,3,5,5776,0,0,0,0,0
2020-06-23,US,Oklahoma,Craig,18,0,0,36.76268118,-95.20916602,40035.0,127.28044123886295,0.0,18,18,0,0,18,18,14306,0,0,0,0,0
2020-06-23,US,Oklahoma,Creek,127,7,0,35.90230551,-96.37086028,40037.0,177.56774139425633,5.511811023622046,120,124,7,0,117,123,71604,3,0,0,3,1
2020-06-23,US,Oklahoma,Custer,51,0,0,35.63853802,-99.00170785,40039.0,175.8438782194945,0.0,51,50,0,0,50,49,29036,1,0,0,1,1
2020-06-23,US,Oklahoma,Delaware,118,16,0,36.40823634,-94.80325046,40041.0,274.3611802180938,13.559322033898303,102,117,16,0,101,117,42733,1,0,0,1,0
2020-06-23,US,Oklahoma,Dewey,4,0,0,35.98772922,-99.00730714,40043.0,81.78286648947045,0.0,4,4,0,0,4,4,4894,0,0,0,0,0
2020-06-23,US,Oklahoma,Ellis,1,0,0,36.218019399999996,-99.75324573,40045.0,25.91344908007256,0.0,1,1,0,0,1,,3952,0,0,0,0,
2020-06-23,US,Oklahoma,Garfield,60,1,0,36.3791334,-97.78265517,40047.0,98.27044025157231,1.6666666666666667,59,55,1,0,54,55,60913,5,0,0,5,0
2020-06-23,US,Oklahoma,Garvin,51,1,0,34.70418038,-97.30811132,40049.0,184.04243802100245,1.96078431372549,50,49,1,0,48,45,27811,2,0,0,2,4
2020-06-23,US,Oklahoma,Grady,125,5,0,35.0167709,-97.88339847,40051.0,223.87792384568542,4.0,120,125,5,0,120,125,55551,0,0,0,0,0
2020-06-23,US,Oklahoma,Grant,2,0,0,36.796296999999996,-97.78638765,40053.0,46.15739672282484,0.0,2,2,0,0,2,2,4326,0,0,0,0,0
2020-06-23,US,Oklahoma,Greer,66,7,0,34.93535801,-99.56056120000001,40055.0,1155.4621848739494,10.606060606060606,59,66,7,0,59,66,5821,0,0,0,0,0
2020-06-23,US,Oklahoma,Harmon,1,0,0,34.7440135,-99.84741652,40057.0,37.69317753486619,0.0,1,1,0,0,1,1,2664,0,0,0,0,0
2020-06-23,US,Oklahoma,Harper,1,0,0,36.78836519,-99.6679804,40059.0,27.11496746203905,0.0,1,1,0,0,1,1,3797,0,0,0,0,0
2020-06-23,US,Oklahoma,Haskell,7,0,0,35.22257600000001,-95.11513306,40061.0,55.436762493070404,0.0,7,7,0,0,7,7,12668,0,0,0,0,0
2020-06-23,US,Oklahoma,Hughes,5,0,0,35.04912569,-96.24921145,40063.0,37.65343775886738,0.0,5,5,0,0,5,5,13335,0,0,0,0,0
2020-06-23,US,Oklahoma,Jackson,34,3,0,34.58781741,-99.41138784,40065.0,138.6057888300041,8.823529411764708,31,34,3,0,31,32,24949,0,0,0,0,2
2020-06-23,US,Oklahoma,Jefferson,4,0,0,34.11130184,-97.83182974,40067.0,66.64445184938353,0.0,4,4,0,0,4,4,6123,0,0,0,0,0
2020-06-23,US,Oklahoma,Johnston,10,0,0,34.31440473,-96.66011537,40069.0,90.21199819576005,0.0,10,9,0,0,9,8,10949,1,0,0,1,1
2020-06-23,US,Oklahoma,Kay,81,7,0,36.81799745,-97.14421435,40071.0,186.04437502871056,8.641975308641975,74,80,7,0,73,80,44161,1,0,0,1,0
2020-06-23,US,Oklahoma,Kingfisher,20,0,0,35.94530008,-97.94193268,40073.0,126.86330478908978,0.0,20,19,0,0,19,19,15816,1,0,0,1,0
2020-06-23,US,Oklahoma,Kiowa,6,1,0,34.91671958,-98.97720696,40075.0,68.90215893431328,16.666666666666668,5,6,0,0,6,6,8729,0,1,0,-1,0
2020-06-23,US,Oklahoma,Latimer,7,1,0,34.87844729,-95.25215049,40077.0,69.49270326615705,14.285714285714285,6,7,1,0,6,7,10231,0,0,0,0,0
2020-06-23,US,Oklahoma,Le Flore,28,1,0,34.89851864,-94.70392124,40079.0,56.1651254688785,3.571428571428572,27,27,1,0,26,27,49980,1,0,0,1,0
2020-06-23,US,Oklahoma,Lincoln,28,2,0,35.70270942,-96.8812462,40081.0,80.28213435788629,7.142857142857142,26,27,2,0,25,26,34920,1,0,0,1,1
2020-06-23,US,Oklahoma,Logan,33,1,0,35.91899576,-97.44352845,40083.0,68.73424840140801,3.0303030303030303,32,30,1,0,29,28,47291,3,0,0,3,2
2020-06-23,US,Oklahoma,Love,26,0,0,33.95273467,-97.23906784,40085.0,253.58431678533108,0.0,26,26,0,0,26,26,10134,0,0,0,0,0
2020-06-23,US,Oklahoma,Major,8,1,0,36.31149996,-98.53467076,40093.0,104.86302267662865,12.5,7,8,1,0,7,8,7644,0,0,0,0,0
2020-06-23,US,Oklahoma,Marshall,25,0,0,34.02311222,-96.76855464,40095.0,147.65814186994268,0.0,25,23,0,0,23,22,16806,2,0,0,2,1
2020-06-23,US,Oklahoma,Mayes,70,4,0,36.30179091,-95.23175116,40097.0,170.31630170316302,5.7142857142857135,66,70,4,0,66,69,41107,0,0,0,0,1
2020-06-23,US,Oklahoma,McClain,133,4,0,35.01123903,-97.44572302,40087.0,328.60601867865785,3.0075187969924815,129,130,4,0,126,130,39985,3,0,0,3,0
2020-06-23,US,Oklahoma,McCurtain,349,2,0,34.11664328,-94.77222373,40089.0,1062.9873294346978,0.5730659025787965,347,331,2,0,329,302,32703,18,0,0,18,29
2020-06-23,US,Oklahoma,McIntosh,40,1,0,35.37235506,-95.66599306,40091.0,204.12329046744236,2.5,39,40,1,0,39,38,19815,0,0,0,0,2
2020-06-23,US,Oklahoma,Murray,14,0,0,34.48116015,-97.06826283,40099.0,99.48127620265757,0.0,14,14,0,0,14,13,13953,0,0,0,0,1
2020-06-23,US,Oklahoma,Muskogee,100,9,0,35.61318461,-95.37802952,40101.0,147.06531170492815,9.0,91,97,9,0,88,94,68362,3,0,0,3,3
2020-06-23,US,Oklahoma,Noble,30,0,0,36.38953329,-97.22928674,40103.0,269.5175635612254,0.0,30,29,0,0,29,28,11289,1,0,0,1,1
2020-06-23,US,Oklahoma,Nowata,29,1,0,36.79843529,-95.61902331,40105.0,287.81262405716546,3.4482758620689653,28,28,1,0,27,28,10218,1,0,0,1,0
2020-06-23,US,Oklahoma,Okfuskee,11,0,0,35.46485198,-96.32639984,40107.0,91.72017009922456,0.0,11,11,0,0,11,7,12098,0,0,0,0,4
2020-06-23,US,Oklahoma,Oklahoma,2230,65,0,35.55140095,-97.40716948,40109.0,279.6469676487333,2.914798206278027,2165,2147,65,0,2082,2099,792582,83,0,0,83,48
2020-06-23,US,Oklahoma,Okmulgee,48,0,0,35.64661916,-95.96432828,40111.0,124.78876901078905,0.0,48,48,0,0,48,45,38335,0,0,0,0,3
2020-06-23,US,Oklahoma,Osage,146,8,0,36.62888819,-96.39635704,40113.0,310.88303558120225,5.479452054794519,138,142,8,0,134,140,47014,4,0,0,4,2
2020-06-23,US,Oklahoma,Ottawa,44,2,0,36.83532655,-94.81011909,40115.0,141.35637870658914,4.545454545454546,42,44,2,0,42,44,31175,0,0,0,0,0
2020-06-23,US,Oklahoma,Pawnee,51,2,0,36.31743373,-96.70331759999999,40117.0,311.4313629702002,3.92156862745098,49,50,2,0,48,48,16390,1,0,0,1,2
2020-06-23,US,Oklahoma,Payne,278,1,0,36.07695283,-96.97584944,40119.0,339.91978871172853,0.3597122302158273,277,264,1,0,263,242,82040,14,0,0,14,22
2020-06-23,US,Oklahoma,Pittsburg,50,3,0,34.92065823,-95.75134320000001,40121.0,114.53704127914969,6.0,47,50,3,0,47,48,43877,0,0,0,0,2
2020-06-23,US,Oklahoma,Pontotoc,28,2,0,34.72959848,-96.68337199,40123.0,73.13760317626162,7.142857142857142,26,27,2,0,25,27,38247,1,0,0,1,0
2020-06-23,US,Oklahoma,Pottawatomie,90,4,0,35.20614018,-96.94923008,40125.0,123.98060392329735,4.4444444444444455,86,88,4,0,84,85,72679,2,0,0,2,3
2020-06-23,US,Oklahoma,Pushmataha,8,0,0,34.41635232,-95.37603505,40127.0,72.09805335255948,0.0,8,8,0,0,8,9,11179,0,0,0,0,-1
2020-06-23,US,Oklahoma,Rogers,132,5,0,36.37004357,-95.60406759,40131.0,142.76598275992603,3.787878787878788,127,128,5,0,123,126,91984,4,0,0,4,2
2020-06-23,US,Oklahoma,Seminole,35,3,0,35.16478725,-96.61686741,40133.0,144.28229862313464,8.571428571428571,32,35,3,0,32,35,24578,0,0,0,0,0
2020-06-23,US,Oklahoma,Sequoyah,27,3,0,35.49447108,-94.75463785,40135.0,64.95224806947485,11.111111111111109,24,26,3,0,23,25,41179,1,0,0,1,1
2020-06-23,US,Oklahoma,Stephens,49,1,0,34.48556989,-97.85141892,40137.0,113.57578286164616,2.0408163265306123,48,49,1,0,48,49,43265,0,0,0,0,0
2020-06-23,US,Oklahoma,Texas,983,6,0,36.74777635,-101.4889765,40139.0,4919.1813041084915,0.6103763987792472,977,980,6,0,974,980,20455,3,0,0,3,0
2020-06-23,US,Oklahoma,Tillman,23,1,0,34.37288446,-98.92426619,40141.0,317.2413793103448,4.3478260869565215,22,23,1,0,22,23,7348,0,0,0,0,0
2020-06-23,US,Oklahoma,Tulsa,2483,66,0,36.11939621,-95.94013939,40143.0,381.09007416138695,2.65807490938381,2417,2392,66,0,2326,2349,648360,91,0,0,91,43
2020-06-23,US,Oklahoma,Wagoner,216,18,0,35.96024096,-95.51911308,40145.0,265.7186089138752,8.333333333333334,198,215,17,0,198,210,80110,1,1,0,0,5
2020-06-23,US,Oklahoma,Washington,381,38,0,36.71380786,-95.90514104,40147.0,739.4181691152213,9.973753280839896,343,377,38,0,339,375,51843,4,0,0,4,2
2020-06-23,US,Oklahoma,Washita,3,0,0,35.29071824,-98.99180434,40149.0,27.482594356907292,0.0,3,3,0,0,3,3,11127,0,0,0,0,0
2020-06-23,US,Oklahoma,Woods,5,0,0,36.76705782,-98.86573064,40151.0,56.863414079381336,0.0,5,5,0,0,5,5,8897,0,0,0,0,0
2020-06-23,US,Oklahoma,Woodward,12,0,0,36.42316318,-99.26283045,40153.0,59.373608431052396,0.0,12,12,0,0,12,12,20222,0,0,0,0,0
2020-06-23,US,Oregon,Baker,1,0,0,44.70915557,-117.6749883,41001.0,6.201935003721161,0.0,1,1,0,0,1,1,16006,0,0,0,0,0
2020-06-23,US,Oregon,Benton,68,5,0,44.49167306,-123.4316987,41003.0,73.07663374635959,7.352941176470589,63,69,5,0,64,66,92101,-1,0,0,-1,3
2020-06-23,US,Oregon,Clackamas,632,23,0,45.18787398,-122.2179634,41005.0,151.12856210260003,3.6392405063291138,609,607,23,0,584,561,416075,25,0,0,25,46
2020-06-23,US,Oregon,Clatsop,46,0,0,45.99712889,-123.660711,41007.0,114.35958631662687,0.0,46,46,0,0,46,46,39764,0,0,0,0,0
2020-06-23,US,Oregon,Columbia,26,0,0,45.94464254,-123.08908980000001,41009.0,49.66191694999428,0.0,26,26,0,0,26,26,52377,0,0,0,0,0
2020-06-23,US,Oregon,Coos,37,0,0,43.17406868,-124.0594514,41011.0,57.37590522120738,0.0,37,36,0,0,36,33,64389,1,0,0,1,3
2020-06-23,US,Oregon,Crook,9,0,0,44.14230227,-120.356297,41013.0,36.87920013112605,0.0,9,9,0,0,9,9,23867,0,0,0,0,0
2020-06-23,US,Oregon,Curry,7,0,0,42.45911325,-124.15728200000001,41015.0,30.53435114503817,0.0,7,7,0,0,7,7,22813,0,0,0,0,0
2020-06-23,US,Oregon,Deschutes,149,0,0,43.91570171,-121.2289121,41017.0,75.369767112478,0.0,149,147,0,0,147,142,191996,2,0,0,2,5
2020-06-23,US,Oregon,Douglas,34,0,0,43.27941273,-123.16729099999999,41019.0,30.636150657776174,0.0,34,34,0,0,34,32,110283,0,0,0,0,2
2020-06-23,US,Oregon,Grant,1,0,0,44.49024544,-119.0068631,41023.0,13.890818169190164,0.0,1,1,0,0,1,1,7176,0,0,0,0,0
2020-06-23,US,Oregon,Harney,1,0,0,43.06422669,-118.96663059999999,41025.0,13.526308670363855,0.0,1,1,0,0,1,1,7329,0,0,0,0,0
2020-06-23,US,Oregon,Hood River,89,0,0,45.51872811,-121.65520359999998,41027.0,380.6346762466855,0.0,89,88,0,0,88,87,23428,1,0,0,1,1
2020-06-23,US,Oregon,Jackson,92,0,0,42.43201126,-122.72893090000001,41029.0,41.639510464190025,0.0,92,91,0,0,91,85,219564,1,0,0,1,6
2020-06-23,US,Oregon,Jefferson,81,0,0,44.62806839,-121.17832,41031.0,328.4937951172033,0.0,81,79,0,0,79,77,24192,2,0,0,2,2
2020-06-23,US,Oregon,Josephine,26,1,0,42.3665549,-123.5561938,41033.0,29.718701064158108,3.8461538461538463,25,26,1,0,25,26,87393,0,0,0,0,0
2020-06-23,US,Oregon,Klamath,95,0,0,42.68762984,-121.64964609999998,41035.0,139.2186171927665,0.0,95,88,0,0,88,80,67653,7,0,0,7,8
2020-06-23,US,Oregon,Lake,6,0,0,42.79246693,-120.38501629999999,41037.0,76.24857033930614,0.0,6,6,0,0,6,6,7879,0,0,0,0,0
2020-06-23,US,Oregon,Lane,107,3,0,43.93727035,-122.847753,41039.0,28.005559234375124,2.803738317757009,104,106,3,0,103,93,379611,1,0,0,1,13
2020-06-23,US,Oregon,Lincoln,292,1,0,44.64252874,-123.86991200000001,41041.0,584.4441775749569,0.3424657534246575,291,292,1,0,291,261,49388,0,0,0,0,31
2020-06-23,US,Oregon,Linn,129,9,0,44.48899494,-122.53731540000001,41043.0,99.42273158174628,6.9767441860465125,120,129,9,0,120,127,127335,0,0,0,0,2
2020-06-23,US,Oregon,Malheur,53,1,0,43.1937027,-117.62273950000001,41045.0,173.3669163586405,1.8867924528301887,52,51,1,0,50,43,30725,2,0,0,2,8
2020-06-23,US,Oregon,Marion,1365,35,0,44.90287942,-122.58151170000001,41047.0,392.44662438401696,2.5641025641025643,1330,1348,35,0,1313,1264,346868,17,0,0,17,84
2020-06-23,US,Oregon,Morrow,35,1,0,45.41846568,-119.584546,41049.0,301.64612600189605,2.8571428571428568,34,32,1,0,31,27,11372,3,0,0,3,5
2020-06-23,US,Oregon,Multnomah,1893,68,0,45.54747959,-122.4169351,41051.0,232.88286348733783,3.5921817221341787,1825,1849,68,0,1781,1714,811880,44,0,0,44,135
2020-06-23,US,Oregon,Polk,131,12,0,44.90322804,-123.4128888,41053.0,152.17517569843758,9.16030534351145,119,130,12,0,118,131,85234,1,0,0,1,-1
2020-06-23,US,Oregon,Sherman,1,0,0,45.41501554,-120.6827834,41055.0,56.179775280898866,0.0,1,1,0,0,1,1,1708,0,0,0,0,0
2020-06-23,US,Oregon,Tillamook,7,0,0,45.46248721,-123.712066,41057.0,25.89140405385412,0.0,7,6,0,0,6,6,26787,1,0,0,1,0
2020-06-23,US,Oregon,Umatilla,298,4,0,45.59073056,-118.7353826,41059.0,382.29634381013466,1.342281879194631,294,279,4,0,275,230,77516,19,0,0,19,49
2020-06-23,US,Oregon,Union,282,0,0,45.30915495,-118.0068979,41061.0,1050.8664058133036,0.0,282,263,0,0,263,253,26461,19,0,0,19,10
2020-06-23,US,Oregon,Wallowa,8,0,0,45.57894064,-117.18353799999998,41063.0,110.98779134295229,0.0,8,8,0,0,8,5,7081,0,0,0,0,3
2020-06-23,US,Oregon,Wasco,52,1,0,45.16292781,-121.16709540000001,41065.0,194.88793943482497,1.9230769230769231,51,48,1,0,47,42,26505,4,0,0,4,6
2020-06-23,US,Oregon,Washington,1120,20,0,45.55972701,-123.0955257,41067.0,186.17268846660198,1.7857142857142858,1100,1078,20,0,1058,992,597695,42,0,0,42,86
2020-06-23,US,Oregon,Yamhill,101,8,0,45.23330449,-123.3086963,41071.0,94.30438842203549,7.920792079207921,93,101,8,0,93,97,107002,0,0,0,0,4
2020-06-23,US,Pennsylvania,Adams,322,12,0,39.87140411,-77.21610347,42001.0,312.5940451805182,3.7267080745341614,310,317,11,0,306,314,102811,5,1,0,4,3
2020-06-23,US,Pennsylvania,Allegheny,2239,179,0,40.46809875,-79.98167747,42003.0,184.12147576775533,7.994640464493076,2060,2220,179,0,2041,2175,1218452,19,0,0,19,45
2020-06-23,US,Pennsylvania,Armstrong,70,6,0,40.81665618,-79.46290811,42005.0,108.13315826060094,8.571428571428571,64,69,6,0,63,69,65263,1,0,0,1,0
2020-06-23,US,Pennsylvania,Beaver,630,78,0,40.6825484,-80.34921611,42007.0,384.3127207510569,12.38095238095238,552,625,77,0,548,624,164742,5,1,0,4,1
2020-06-23,US,Pennsylvania,Bedford,69,2,0,40.00522157,-78.48998442,42009.0,144.08620113598397,2.898550724637681,67,66,2,0,64,66,48176,3,0,0,3,0
2020-06-23,US,Pennsylvania,Berks,4444,345,0,40.41570541,-75.92457766,42011.0,1055.1709072950205,7.763276327632762,4099,4419,345,0,4074,4407,420152,25,0,0,25,12
2020-06-23,US,Pennsylvania,Blair,61,1,0,40.47961444,-78.34917412,42013.0,50.07018033473146,1.639344262295082,60,58,1,0,57,58,122492,3,0,0,3,0
2020-06-23,US,Pennsylvania,Bradford,50,3,0,41.78869215,-76.51570822,42015.0,82.88712431410904,6.0,47,50,3,0,47,50,60833,0,0,0,0,0
2020-06-23,US,Pennsylvania,Bucks,5580,555,0,40.33682119,-75.10836643,42017.0,888.1531825489043,9.946236559139784,5025,5567,552,0,5015,5547,628195,13,3,0,10,20
2020-06-23,US,Pennsylvania,Butler,273,13,0,40.91152759,-79.91351055,42019.0,145.32639883313016,4.761904761904762,260,271,13,0,258,268,187888,2,0,0,2,3
2020-06-23,US,Pennsylvania,Cambria,62,3,0,40.49527404,-78.71377428,42021.0,47.62197370038098,4.838709677419356,59,61,3,0,58,61,131730,1,0,0,1,0
2020-06-23,US,Pennsylvania,Cameron,2,0,0,41.43625568,-78.20376845,42023.0,44.974139869575005,0.0,2,2,0,0,2,2,4492,0,0,0,0,0
2020-06-23,US,Pennsylvania,Carbon,268,24,0,40.91545395,-75.7068525,42025.0,417.56255648001,8.955223880597012,244,267,24,0,243,267,64227,1,0,0,1,0
2020-06-23,US,Pennsylvania,Centre,195,6,0,40.92058903,-77.82200624,42027.0,120.08498321889336,3.0769230769230766,189,184,6,0,178,180,162805,11,0,0,11,4
2020-06-23,US,Pennsylvania,Chester,3537,317,0,39.97291773,-75.74768357,42029.0,673.7284019284214,8.962397512015832,3220,3513,316,0,3197,3486,522046,24,1,0,23,27
2020-06-23,US,Pennsylvania,Clarion,33,2,0,41.19265812,-79.42413524,42031.0,85.85254175555441,6.0606060606060606,31,31,2,0,29,31,38779,2,0,0,2,0
2020-06-23,US,Pennsylvania,Clearfield,70,0,0,41.00110782,-78.47592663,42033.0,88.32250331209387,0.0,70,67,0,0,67,66,79388,3,0,0,3,1
2020-06-23,US,Pennsylvania,Clinton,73,3,0,41.23255967,-77.63785995,42035.0,188.96251811969356,4.109589041095891,70,71,3,0,68,70,38684,2,0,0,2,1
2020-06-23,US,Pennsylvania,Columbia,397,33,0,41.04821986,-76.40565017,42037.0,611.1076904131519,8.312342569269521,364,397,33,0,364,392,65456,0,0,0,0,5
2020-06-23,US,Pennsylvania,Crawford,43,0,0,41.68447709,-80.10760592,42039.0,50.81000602630304,0.0,43,42,0,0,42,40,85063,1,0,0,1,2
2020-06-23,US,Pennsylvania,Cumberland,801,61,0,40.1625372,-77.26130755,42041.0,316.1384536448672,7.615480649188513,740,792,61,0,731,786,251423,9,0,0,9,6
2020-06-23,US,Pennsylvania,Dauphin,1851,122,0,40.41377078,-76.77993242,42043.0,665.1119838734597,6.5910318746623435,1729,1810,120,0,1690,1762,277097,41,2,0,39,48
2020-06-23,US,Pennsylvania,Delaware,7065,637,0,39.91680171,-75.40243663,42045.0,1246.5879837034868,9.016277423920736,6428,7051,635,0,6416,7038,564751,14,2,0,12,13
2020-06-23,US,Pennsylvania,Elk,9,0,0,41.42822061,-78.64524744,42047.0,30.09027081243731,0.0,9,9,0,0,9,8,30169,0,0,0,0,1
2020-06-23,US,Pennsylvania,Erie,542,9,0,41.99253829,-80.03301954,42049.0,200.94317238106538,1.6605166051660516,533,535,9,0,526,532,272061,7,0,0,7,3
2020-06-23,US,Pennsylvania,Fayette,104,4,0,39.92041012,-79.64291195,42051.0,80.44927827714777,3.8461538461538463,100,104,4,0,100,104,130441,0,0,0,0,0
2020-06-23,US,Pennsylvania,Forest,7,0,0,41.51095103,-79.23229292,42053.0,96.59169311439214,0.0,7,7,0,0,7,7,7279,0,0,0,0,0
2020-06-23,US,Pennsylvania,Franklin,891,42,0,39.92956518,-77.72157791,42055.0,574.738593922349,4.713804713804714,849,882,42,0,840,879,154835,9,0,0,9,3
2020-06-23,US,Pennsylvania,Fulton,18,1,0,39.92913544,-78.11163677,42057.0,123.88162422573986,5.5555555555555545,17,18,1,0,17,18,14523,0,0,0,0,0
2020-06-23,US,Pennsylvania,Greene,35,0,0,39.85746531,-80.22357106,42059.0,96.5970248116358,0.0,35,35,0,0,35,35,36506,0,0,0,0,0
2020-06-23,US,Pennsylvania,Huntingdon,240,4,0,40.42162652,-77.97673273,42061.0,531.632110579479,1.6666666666666667,236,240,4,0,236,240,45168,0,0,0,0,0
2020-06-23,US,Pennsylvania,Indiana,98,5,0,40.65241041,-79.08963285,42063.0,116.56536581304344,5.1020408163265305,93,98,5,0,93,98,84501,0,0,0,0,0
2020-06-23,US,Pennsylvania,Jefferson,21,1,0,41.12913106,-78.9986361,42065.0,48.359240069084635,4.761904761904762,20,20,1,0,19,20,43641,1,0,0,1,0
2020-06-23,US,Pennsylvania,Juniata,108,5,0,40.53358749,-77.39975129999998,42067.0,436.1345555869645,4.62962962962963,103,108,5,0,103,108,24704,0,0,0,0,0
2020-06-23,US,Pennsylvania,Lackawanna,1630,200,0,41.43564672,-75.60379201,42069.0,777.3972929404695,12.269938650306747,1430,1627,200,0,1427,1622,210793,3,0,0,3,5
2020-06-23,US,Pennsylvania,Lancaster,4106,350,0,40.03904563,-76.24770128,42071.0,752.3949835447955,8.52411105698977,3756,4029,347,0,3682,3999,543557,77,3,0,74,30
2020-06-23,US,Pennsylvania,Lawrence,92,9,0,40.99206278,-80.33393706,42073.0,107.58723921788756,9.782608695652174,83,92,9,0,83,90,86184,0,0,0,0,2
2020-06-23,US,Pennsylvania,Lebanon,1272,41,0,40.36680311,-76.45651841,42075.0,897.0823665484191,3.2232704402515724,1231,1261,40,0,1221,1251,141314,11,1,0,10,10
2020-06-23,US,Pennsylvania,Lehigh,4109,281,0,40.6154815,-75.59435245,42077.0,1112.591316968033,6.838646872718423,3828,4091,279,0,3812,4085,368100,18,2,0,16,6
2020-06-23,US,Pennsylvania,Luzerne,2873,172,0,41.17823008,-75.98447579,42079.0,905.1185034197915,5.986773407587888,2701,2870,171,0,2699,2864,317646,3,1,0,2,6
2020-06-23,US,Pennsylvania,Lycoming,173,19,0,41.34310539,-77.06629984,42081.0,152.69331591629228,10.982658959537574,154,173,19,0,154,173,113664,0,0,0,0,0
2020-06-23,US,Pennsylvania,McKean,15,1,0,41.80938602,-78.56478358,42083.0,36.92307692307692,6.666666666666668,14,15,1,0,14,14,40968,0,0,0,0,1
2020-06-23,US,Pennsylvania,Mercer,119,6,0,41.30248872,-80.25816981,42085.0,108.7512794268168,5.042016806722689,113,119,6,0,113,119,110683,0,0,0,0,0
2020-06-23,US,Pennsylvania,Mifflin,61,1,0,40.61116939,-77.61070738,42087.0,132.21205947375265,1.639344262295082,60,61,1,0,60,61,46222,0,0,0,0,0
2020-06-23,US,Pennsylvania,Monroe,1379,108,0,41.05934058,-75.34031025,42089.0,809.8854179513834,7.8317621464829585,1271,1378,107,0,1271,1376,169507,1,1,0,0,2
2020-06-23,US,Pennsylvania,Montgomery,8159,787,0,40.21053671,-75.36652296,42091.0,981.9295595819067,9.645789925235935,7372,8123,784,0,7339,8103,828604,36,3,0,33,20
2020-06-23,US,Pennsylvania,Montour,68,0,0,41.03023987,-76.66345939,42093.0,373.0115194733955,0.0,68,68,0,0,68,68,18240,0,0,0,0,0
2020-06-23,US,Pennsylvania,Northampton,3327,255,0,40.75182733,-75.30471829,42095.0,1089.8013331804707,7.664562669071236,3072,3312,252,0,3060,3309,304807,15,3,0,12,3
2020-06-23,US,Pennsylvania,Northumberland,280,4,0,40.84785433,-76.70798222,42097.0,308.2240789053642,1.4285714285714286,276,279,4,0,275,271,91083,1,0,0,1,8
2020-06-23,US,Pennsylvania,Perry,85,5,0,40.40206612,-77.26297447,42099.0,183.69640387275243,5.882352941176472,80,83,5,0,78,83,46139,2,0,0,2,0
2020-06-23,US,Pennsylvania,Philadelphia,25335,1564,0,40.00338507,-75.1379271,42101.0,1599.367197284958,6.173278073810932,23771,25116,1553,0,23563,24841,1584138,219,11,0,208,275
2020-06-23,US,Pennsylvania,Pike,489,20,0,41.33155042,-75.03208106,42103.0,876.2027629952157,4.08997955010225,469,489,20,0,469,489,55933,0,0,0,0,0
2020-06-23,US,Pennsylvania,Potter,13,0,0,41.74471626,-77.89559864,42105.0,78.66392351446206,0.0,13,13,0,0,13,13,16622,0,0,0,0,0
2020-06-23,US,Pennsylvania,Schuylkill,719,43,0,40.70497338,-76.2150785,42107.0,508.6340452323517,5.980528511821975,676,715,43,0,672,714,142067,4,0,0,4,1
2020-06-23,US,Pennsylvania,Snyder,61,1,0,40.77129231,-77.06840691,42109.0,151.09481819082532,1.639344262295082,60,61,1,0,60,61,40540,0,0,0,0,0
2020-06-23,US,Pennsylvania,Somerset,48,1,0,39.97172723,-79.02699593,42111.0,65.35324792026904,2.083333333333333,47,48,1,0,47,47,73952,0,0,0,0,1
2020-06-23,US,Pennsylvania,Sullivan,3,0,0,41.44634738,-76.51246591,42113.0,49.455984174085074,0.0,3,3,0,0,3,3,6071,0,0,0,0,0
2020-06-23,US,Pennsylvania,Susquehanna,178,20,0,41.82147784,-75.80071959,42115.0,441.3806784368182,11.235955056179776,158,178,20,0,158,178,40589,0,0,0,0,0
2020-06-23,US,Pennsylvania,Tioga,23,2,0,41.77255149,-77.25433032,42117.0,56.66280702618807,8.695652173913043,21,23,2,0,21,22,40763,0,0,0,0,1
2020-06-23,US,Pennsylvania,Union,89,2,0,40.96188846,-77.05996014,42119.0,198.11677759722198,2.247191011235955,87,89,2,0,87,88,44785,0,0,0,0,1
2020-06-23,US,Pennsylvania,Venango,17,0,0,41.40323442,-79.75845449,42121.0,33.55174863819373,0.0,17,17,0,0,17,17,51266,0,0,0,0,0
2020-06-23,US,Pennsylvania,Warren,5,0,0,41.81304978,-79.26969577,42123.0,12.758031180628205,0.0,5,5,0,0,5,5,39498,0,0,0,0,0
2020-06-23,US,Pennsylvania,Washington,171,6,0,40.19208869,-80.24582867,42125.0,82.66260604742224,3.5087719298245608,165,168,6,0,162,168,207346,3,0,0,3,0
2020-06-23,US,Pennsylvania,Wayne,131,9,0,41.64938475,-75.29956506,42127.0,255.05733922626118,6.870229007633588,122,130,9,0,121,130,51276,1,0,0,1,0
2020-06-23,US,Pennsylvania,Westmoreland,552,38,0,40.31377979999999,-79.46615476,42129.0,158.21197538542674,6.884057971014492,514,546,38,0,508,530,350611,6,0,0,6,16
2020-06-23,US,Pennsylvania,Wyoming,37,7,0,41.51955538,-76.01074915,42131.0,138.09061730238113,18.918918918918923,30,37,7,0,30,37,27046,0,0,0,0,0
2020-06-23,US,Pennsylvania,York,1381,39,0,39.9210089,-76.73040131,42133.0,307.5326572514018,2.8240405503258508,1342,1351,36,0,1315,1296,448273,30,3,0,27,55
2020-06-23,US,Rhode Island,Bristol,247,0,0,41.71018079,-71.28652315,44001.0,509.49895831184637,0.0,247,247,0,0,247,240,48649,0,0,0,0,7
2020-06-23,US,Rhode Island,Kent,1169,0,0,41.67106337,-71.57641596,44003.0,711.5379933289508,0.0,1169,1169,0,0,1169,1128,163861,0,0,0,0,41
2020-06-23,US,Rhode Island,Newport,294,0,0,41.5642026,-71.26569799,44005.0,358.17840695889475,0.0,294,294,0,0,294,277,82542,0,0,0,0,17
2020-06-23,US,Rhode Island,Providence,12712,0,0,41.87064746,-71.57753536,44007.0,1989.5732090006588,0.0,12712,12712,0,0,12712,12363,636084,0,0,0,0,349
2020-06-23,US,Rhode Island,Unassigned,1588,906,0,0.0,0.0,90044.0,0.0,57.052896725440796,682,1514,903,0,611,1813,,74,3,0,71,-299
2020-06-23,US,Rhode Island,Washington,523,0,0,41.45961631,-71.61435303,44009.0,416.4775396768517,0.0,523,523,0,0,523,516,126179,0,0,0,0,7
2020-06-23,US,South Carolina,Abbeville,86,0,0,34.22333378,-82.46170658,45001.0,350.63399518897535,0.0,86,87,0,0,87,88,24541,-1,0,0,-1,-1
2020-06-23,US,South Carolina,Aiken,281,9,0,33.54338026,-81.63645384,45003.0,164.4505828924575,3.2028469750889683,272,279,9,0,270,274,169401,2,0,0,2,5
2020-06-23,US,South Carolina,Allendale,46,3,0,32.98837386,-81.35321066,45005.0,529.4659300184162,6.521739130434782,43,46,3,0,43,45,8903,0,0,0,0,1
2020-06-23,US,South Carolina,Anderson,483,10,0,34.51828081,-82.63959517,45007.0,238.45022166490585,2.070393374741201,473,461,10,0,451,441,200482,22,0,0,22,20
2020-06-23,US,South Carolina,Bamberg,67,0,0,33.21927586,-81.05659969,45009.0,476.3258922223802,0.0,67,66,0,0,66,66,14275,1,0,0,1,0
2020-06-23,US,South Carolina,Barnwell,62,1,0,33.26679302,-81.43584352,45011.0,297.1340937410141,1.6129032258064515,61,60,1,0,59,59,21112,2,0,0,2,1
2020-06-23,US,South Carolina,Beaufort,911,16,0,32.39226291,-80.72619758,45013.0,474.1778661475521,1.756311745334797,895,884,15,0,869,857,188715,27,1,0,26,27
2020-06-23,US,South Carolina,Berkeley,695,20,0,33.20222596,-79.94654523,45015.0,304.9489484745971,2.8776978417266186,675,644,20,0,624,599,221091,51,0,0,51,45
2020-06-23,US,South Carolina,Calhoun,74,1,0,33.66926881,-80.77722168,45017.0,508.4862227719369,1.351351351351351,73,73,1,0,72,69,14520,1,0,0,1,4
2020-06-23,US,South Carolina,Charleston,2251,20,0,32.82487866,-79.96512315,45019.0,547.1480727067667,0.8884940026654821,2231,2044,19,0,2025,1836,405905,207,1,0,206,208
2020-06-23,US,South Carolina,Cherokee,113,6,0,35.05122251,-81.61828622,45021.0,197.2076788830716,5.3097345132743365,107,112,6,0,106,106,57078,1,0,0,1,6
2020-06-23,US,South Carolina,Chester,151,1,0,34.69249168,-81.1583216,45023.0,468.30418062275146,0.6622516556291391,150,146,1,0,145,138,32251,5,0,0,5,8
2020-06-23,US,South Carolina,Chesterfield,328,12,0,34.64137396,-80.15640140000002,45025.0,718.5104052573932,3.6585365853658534,316,322,10,0,312,311,45754,6,2,0,4,11
2020-06-23,US,South Carolina,Clarendon,373,42,0,33.66610974,-80.21647898,45027.0,1105.3489405837902,11.26005361930295,331,365,42,0,323,359,33700,8,0,0,8,6
2020-06-23,US,South Carolina,Colleton,252,20,0,32.87582989,-80.67641292,45029.0,668.8430607532448,7.936507936507938,232,245,20,0,225,244,37660,7,0,0,7,1
2020-06-23,US,South Carolina,Darlington,386,14,0,34.33358335,-79.96027485,45031.0,579.4229787745054,3.6269430051813467,372,384,14,0,370,376,66802,2,0,0,2,8
2020-06-23,US,South Carolina,Dillon,231,5,0,34.39007791,-79.37741872,45033.0,757.8988811968896,2.1645021645021645,226,230,5,0,225,226,30599,1,0,0,1,4
2020-06-23,US,South Carolina,Dorchester,423,3,0,33.0794369,-80.40502652,45035.0,259.8136466657249,0.7092198581560284,420,390,3,0,387,387,160647,33,0,0,33,3
2020-06-23,US,South Carolina,Edgefield,71,2,0,33.77221995,-81.96231108,45037.0,260.45487894350697,2.8169014084507036,69,70,2,0,68,69,27052,1,0,0,1,1
2020-06-23,US,South Carolina,Fairfield,266,21,0,34.39287073,-81.1195624,45039.0,1190.3163735624466,7.894736842105262,245,259,20,0,239,257,22402,7,1,0,6,2
2020-06-23,US,South Carolina,Florence,995,47,0,34.02361754,-79.70189312,45041.0,719.4868865380026,4.723618090452262,948,977,47,0,930,921,138159,18,0,0,18,56
2020-06-23,US,South Carolina,Georgetown,286,3,0,33.43443342,-79.33202141,45043.0,456.28589661774083,1.048951048951049,283,269,3,0,266,258,62249,17,0,0,17,11
2020-06-23,US,South Carolina,Greenville,3822,75,0,34.89502264,-82.37295012,45045.0,730.0273903526364,1.9623233908948197,3747,3768,74,0,3694,3670,514213,54,1,0,53,98
2020-06-23,US,South Carolina,Greenwood,382,6,0,34.15272415,-82.12715789,45047.0,539.4642075383769,1.5706806282722514,376,374,5,0,369,371,70741,8,1,0,7,3
2020-06-23,US,South Carolina,Hampton,58,1,0,32.77419582,-81.13845571,45049.0,301.737592342108,1.7241379310344829,57,55,1,0,54,54,19351,3,0,0,3,1
2020-06-23,US,South Carolina,Horry,2189,42,0,33.9212828,-78.99555293,45051.0,618.2201247737098,1.918684330744632,2147,2054,39,0,2015,1931,344147,135,3,0,132,123
2020-06-23,US,South Carolina,Jasper,87,3,0,32.43171982,-81.02487495,45053.0,289.29604628736735,3.4482758620689653,84,82,3,0,79,76,28971,5,0,0,5,6
2020-06-23,US,South Carolina,Kershaw,570,15,0,34.33988254,-80.58763164,45055.0,856.4860032155791,2.631578947368421,555,557,16,0,541,531,65592,13,-1,0,14,26
2020-06-23,US,South Carolina,Lancaster,344,10,0,34.68270843,-80.70513032,45057.0,350.97743133493856,2.9069767441860463,334,335,11,0,324,322,95380,9,-1,0,10,13
2020-06-23,US,South Carolina,Laurens,269,4,0,34.48244419,-82.00490796,45059.0,398.5598506511786,1.4869888475836432,265,254,4,0,250,237,66994,15,0,0,15,17
2020-06-23,US,South Carolina,Lee,265,21,0,34.16393091,-80.25690731,45061.0,1574.756358450202,7.924528301886792,244,256,20,0,236,254,17142,9,1,0,8,2
2020-06-23,US,South Carolina,Lexington,1555,43,0,33.89665987,-81.27146426,45063.0,520.5020920502092,2.765273311897106,1512,1513,42,0,1471,1491,295032,42,1,0,41,22
2020-06-23,US,South Carolina,Marion,159,6,0,34.07859748,-79.36400756,45067.0,518.6417457676877,3.7735849056603774,153,155,6,0,149,146,31039,4,0,0,4,9
2020-06-23,US,South Carolina,Marlboro,280,4,0,34.59905577,-79.67561152,45069.0,1072.0575848074125,1.4285714285714286,276,274,3,0,271,267,26398,6,1,0,5,7
2020-06-23,US,South Carolina,McCormick,11,1,0,33.90161443,-82.30794338,45065.0,116.24220648842864,9.090909090909092,10,11,1,0,10,11,9410,0,0,0,0,0
2020-06-23,US,South Carolina,Newberry,143,3,0,34.28629098,-81.59935761,45071.0,372.0083246618106,2.097902097902098,140,137,3,0,134,132,38520,6,0,0,6,5
2020-06-23,US,South Carolina,Oconee,142,1,0,34.75225169,-83.06742317,45073.0,178.51306162472028,0.7042253521126759,141,154,1,0,153,136,78374,-12,0,0,-12,18
2020-06-23,US,South Carolina,Orangeburg,539,8,0,33.4391073,-80.79886287,45075.0,625.471424427038,1.4842300556586268,531,524,8,0,516,506,86934,15,0,0,15,18
2020-06-23,US,South Carolina,Pickens,570,4,0,34.88807695,-82.72791551,45077.0,449.229217237792,0.7017543859649122,566,529,4,0,525,499,124937,41,0,0,41,30
2020-06-23,US,South Carolina,Richland,2778,80,0,34.01791263,-80.90267209,45079.0,668.1755536260189,2.879769618430525,2698,2704,80,0,2624,2663,414576,74,0,0,74,41
2020-06-23,US,South Carolina,Saluda,187,1,0,34.00795823,-81.72713237,45081.0,913.3981341278758,0.5347593582887701,186,185,1,0,184,183,20544,2,0,0,2,2
2020-06-23,US,South Carolina,Spartanburg,1257,42,0,34.92960077,-81.99225984,45083.0,393.07659833950936,3.3412887828162283,1215,1247,39,0,1208,1200,313888,10,3,0,7,47
2020-06-23,US,South Carolina,Sumter,842,21,0,33.91826534,-80.37942316,45085.0,788.9731168186205,2.494061757719715,821,825,21,0,804,791,106512,17,0,0,17,34
2020-06-23,US,South Carolina,Union,62,0,0,34.68835752,-81.61730349,45087.0,226.97320251867038,0.0,62,62,0,0,62,58,27410,0,0,0,0,4
2020-06-23,US,South Carolina,Williamsburg,345,15,0,33.62190129,-79.72767442,45089.0,1136.0642781875658,4.3478260869565215,330,339,15,0,324,333,30606,6,0,0,6,6
2020-06-23,US,South Carolina,York,885,11,0,34.97281497,-81.18085944,45091.0,314.97015791215716,1.2429378531073447,874,859,11,0,848,813,274118,26,0,0,26,46
2020-06-23,US,South Dakota,Aurora,34,0,0,43.71757685,-98.56050467,46003.0,1235.9142130134496,0.0,34,34,0,0,34,34,2801,0,0,0,0,0
2020-06-23,US,South Dakota,Beadle,495,6,0,44.41464384,-98.27858469,46005.0,2682.490651926516,1.2121212121212122,489,494,6,0,488,494,18883,1,0,0,1,0
2020-06-23,US,South Dakota,Bennett,3,0,0,43.19486375,-101.6665572,46007.0,89.15304606240713,0.0,3,2,0,0,2,2,3468,1,0,0,1,0
2020-06-23,US,South Dakota,Bon Homme,11,0,0,42.98914167,-97.88592746,46009.0,159.39718881321548,0.0,11,11,0,0,11,11,6980,0,0,0,0,0
2020-06-23,US,South Dakota,Brookings,54,0,0,44.36974375,-96.79079945,46011.0,153.94703081791488,0.0,54,52,0,0,52,51,35232,2,0,0,2,1
2020-06-23,US,South Dakota,Brown,327,2,0,45.58994323,-98.35165355,46013.0,841.9372280439765,0.6116207951070336,325,326,2,0,324,324,39316,1,0,0,1,2
2020-06-23,US,South Dakota,Brule,16,0,0,43.71756379,-99.08118954,46015.0,302.05776854823483,0.0,16,15,0,0,15,15,5229,1,0,0,1,0
2020-06-23,US,South Dakota,Buffalo,66,0,0,44.07657829,-99.20814467,46017.0,3363.9143730886854,0.0,66,66,0,0,66,66,2036,0,0,0,0,0
2020-06-23,US,South Dakota,Charles Mix,49,0,0,43.20660134,-98.58856175,46023.0,527.3353422298752,0.0,49,49,0,0,49,48,9338,0,0,0,0,1
2020-06-23,US,South Dakota,Clark,12,0,0,44.85834507,-97.72925109,46025.0,321.19914346895075,0.0,12,12,0,0,12,11,3739,0,0,0,0,1
2020-06-23,US,South Dakota,Clay,77,0,0,42.91296147,-96.97656917,46027.0,547.2636815920398,0.0,77,73,0,0,73,73,14041,4,0,0,4,0
2020-06-23,US,South Dakota,Codington,49,0,0,44.97788119,-97.18827677,46029.0,174.94376807454745,0.0,49,49,0,0,49,49,28015,0,0,0,0,0
2020-06-23,US,South Dakota,Corson,16,0,0,45.70889983,-101.1970473,46031.0,391.58100832109636,0.0,16,15,0,0,15,15,4165,1,0,0,1,0
2020-06-23,US,South Dakota,Custer,7,0,0,43.67741105,-103.45345209999999,46033.0,78.0205082478823,0.0,7,7,0,0,7,7,8726,0,0,0,0,0
2020-06-23,US,South Dakota,Davison,35,0,0,43.67490933,-98.14458906,46035.0,176.99115044247787,0.0,35,35,0,0,35,35,19790,0,0,0,0,0
2020-06-23,US,South Dakota,Day,13,0,0,45.367281,-97.60737498,46037.0,239.6755162241888,0.0,13,13,0,0,13,13,5505,0,0,0,0,0
2020-06-23,US,South Dakota,Deuel,1,0,0,44.75994309,-96.66943645,46039.0,22.983222247759137,0.0,1,1,0,0,1,1,4337,0,0,0,0,0
2020-06-23,US,South Dakota,Dewey,4,0,0,45.15639647,-100.8709139,46041.0,67.88866259334691,0.0,4,4,0,0,4,4,5904,0,0,0,0,0
2020-06-23,US,South Dakota,Douglas,4,0,0,43.38520741,-98.36978007,46043.0,136.93940431359124,0.0,4,4,0,0,4,4,2935,0,0,0,0,0
2020-06-23,US,South Dakota,Edmunds,6,0,0,45.41846445,-99.21545423,46045.0,156.69887699138158,0.0,6,5,0,0,5,5,3875,1,0,0,1,0
2020-06-23,US,South Dakota,Fall River,7,0,0,43.23929297,-103.5275691,46047.0,104.2752867570386,0.0,7,7,0,0,7,6,6758,0,0,0,0,1
2020-06-23,US,South Dakota,Faulk,22,0,0,45.07082625,-99.14535601,46049.0,956.9377990430623,0.0,22,22,0,0,22,22,2330,0,0,0,0,0
2020-06-23,US,South Dakota,Grant,13,0,0,45.1723937,-96.77002276,46051.0,184.344866704481,0.0,13,13,0,0,13,13,7147,0,0,0,0,0
2020-06-23,US,South Dakota,Gregory,1,0,0,43.19419064,-99.18883902,46053.0,23.894862604540023,0.0,1,1,0,0,1,1,4212,0,0,0,0,0
2020-06-23,US,South Dakota,Hamlin,11,0,0,44.67385954,-97.18829593,46057.0,178.45554834523037,0.0,11,11,0,0,11,10,6111,0,0,0,0,1
2020-06-23,US,South Dakota,Hand,7,0,0,44.54708407,-99.00386459,46059.0,219.3669696020056,0.0,7,7,0,0,7,7,3262,0,0,0,0,0
2020-06-23,US,South Dakota,Hanson,5,0,0,43.6746384,-97.78715148,46061.0,144.8016217781639,0.0,5,5,0,0,5,4,3376,0,0,0,0,1
2020-06-23,US,South Dakota,Hughes,33,0,0,44.39091534,-99.99661148,46065.0,188.29168093118798,0.0,33,32,0,0,32,32,17650,1,0,0,1,0
2020-06-23,US,South Dakota,Hutchinson,10,0,0,43.33449012,-97.75536441,46067.0,137.1553970648745,0.0,10,10,0,0,10,10,7380,0,0,0,0,0
2020-06-23,US,South Dakota,Hyde,3,0,0,44.54747703,-99.48572582,46069.0,230.59185242121444,0.0,3,3,0,0,3,3,1282,0,0,0,0,0
2020-06-23,US,South Dakota,Jackson,6,1,0,43.69318385,-101.6255063,46071.0,179.42583732057415,16.666666666666668,5,6,1,0,5,6,3307,0,0,0,0,0
2020-06-23,US,South Dakota,Jerauld,39,1,0,44.06637798,-98.62965972,46073.0,1937.4068554396426,2.5641025641025643,38,39,1,0,38,39,2043,0,0,0,0,0
2020-06-23,US,South Dakota,Kingsbury,5,0,0,44.36956169,-97.4913945,46077.0,101.23506782749544,0.0,5,5,0,0,5,5,4919,0,0,0,0,0
2020-06-23,US,South Dakota,Lake,18,1,0,44.02193107,-97.12926365,46079.0,140.65796671094787,5.5555555555555545,17,17,1,0,16,17,13057,1,0,0,1,0
2020-06-23,US,South Dakota,Lawrence,16,0,0,44.35919441,-103.79294279999999,46081.0,61.90992106485064,0.0,16,16,0,0,16,16,25741,0,0,0,0,0
2020-06-23,US,South Dakota,Lincoln,325,1,0,43.27841182,-96.72039050000001,46083.0,531.6712472189504,0.3076923076923077,324,323,1,0,322,323,58807,2,0,0,2,0
2020-06-23,US,South Dakota,Lyman,49,0,0,43.89522709,-99.85201878,46085.0,1295.9534514678655,0.0,49,48,0,0,48,47,3821,1,0,0,1,1
2020-06-23,US,South Dakota,Marshall,5,0,0,45.75870838,-97.59855639,46091.0,101.31712259371834,0.0,5,5,0,0,5,5,5112,0,0,0,0,0
2020-06-23,US,South Dakota,McCook,8,1,0,43.6742571,-97.36863144,46087.0,143.21518080916576,12.5,7,8,1,0,7,8,5546,0,0,0,0,0
2020-06-23,US,South Dakota,McPherson,4,0,0,45.76626028,-99.22118798,46089.0,168.13787305590589,0.0,4,4,0,0,4,4,2407,0,0,0,0,0
2020-06-23,US,South Dakota,Meade,43,1,0,44.56676791,-102.71627409999999,46093.0,151.77184808696882,2.3255813953488373,42,43,1,0,42,42,28294,0,0,0,0,1
2020-06-23,US,South Dakota,Mellette,2,0,0,43.58078848,-100.7563186,46095.0,97.0402717127608,0.0,2,2,0,0,2,2,2042,0,0,0,0,0
2020-06-23,US,South Dakota,Miner,5,0,0,44.02197882,-97.60992207,46097.0,225.6317689530686,0.0,5,5,0,0,5,5,2213,0,0,0,0,0
2020-06-23,US,South Dakota,Minnehaha,3537,55,0,43.67441641,-96.7910885,46099.0,1831.3709652365712,1.5549901046084251,3482,3534,54,0,3480,3523,192876,3,1,0,2,11
2020-06-23,US,South Dakota,Moody,21,0,0,44.02266214,-96.67081159,46101.0,319.3430656934307,0.0,21,21,0,0,21,21,6579,0,0,0,0,0
2020-06-23,US,South Dakota,Oglala Lakota,59,0,0,43.33749164,-102.55554980000001,46102.0,416.16703110672216,0.0,59,56,0,0,56,55,14309,3,0,0,3,1
2020-06-23,US,South Dakota,Pennington,466,12,0,44.0025835,-102.8240777,46103.0,409.5803120193364,2.5751072961373387,454,462,11,0,451,457,111729,4,1,0,3,5
2020-06-23,US,South Dakota,Roberts,40,0,0,45.62975048,-96.94672673,46109.0,384.83740619588224,0.0,40,40,0,0,40,40,10447,0,0,0,0,0
2020-06-23,US,South Dakota,Sanborn,12,0,0,44.02351092,-98.09098159999999,46111.0,511.9453924914676,0.0,12,12,0,0,12,12,2429,0,0,0,0,0
2020-06-23,US,South Dakota,Spink,8,0,0,44.93837606,-98.34626602,46115.0,125.47051442910916,0.0,8,8,0,0,8,7,6495,0,0,0,0,1
2020-06-23,US,South Dakota,Stanley,12,0,0,44.41381872,-100.7349153,46117.0,387.34667527437057,0.0,12,12,0,0,12,12,3022,0,0,0,0,0
2020-06-23,US,South Dakota,Sully,1,0,0,44.71571812,-100.1278092,46119.0,71.89072609633357,0.0,1,1,0,0,1,1,1392,0,0,0,0,0
2020-06-23,US,South Dakota,Todd,50,1,0,43.19338568,-100.71955030000001,46121.0,491.3039206052864,2.0,49,50,1,0,49,50,10283,0,0,0,0,0
2020-06-23,US,South Dakota,Tripp,13,0,0,43.34459388,-99.8854891,46123.0,238.9266678919316,0.0,13,12,0,0,12,12,5478,1,0,0,1,0
2020-06-23,US,South Dakota,Turner,24,0,0,43.3109081,-97.14865776,46125.0,286.25954198473283,0.0,24,24,0,0,24,24,8424,0,0,0,0,0
2020-06-23,US,South Dakota,Union,117,1,0,42.83112163,-96.6557828,46127.0,734.3710770775798,0.8547008547008547,116,117,1,0,116,117,15619,0,0,0,0,0
2020-06-23,US,South Dakota,Walworth,7,0,0,45.43019636,-100.03075140000001,46129.0,128.79484820607175,0.0,7,7,0,0,7,7,5587,0,0,0,0,0
2020-06-23,US,South Dakota,Yankton,68,0,0,43.00924485,-97.39467635,46135.0,298.06259314456037,0.0,68,69,0,0,69,68,22869,-1,0,0,-1,1
2020-06-23,US,South Dakota,Ziebach,2,0,0,44.97881876,-101.6654622,46137.0,72.5689404934688,0.0,2,2,0,0,2,2,2742,0,0,0,0,0
2020-06-23,US,Tennessee,Anderson,78,2,0,36.12684348,-84.19965764,47001.0,101.32765205643169,2.5641025641025643,76,75,2,0,73,74,76482,3,0,0,3,1
2020-06-23,US,Tennessee,Bedford,436,4,0,35.51123746,-86.45549096,47003.0,877.0341761712227,0.9174311926605504,432,432,4,0,428,430,49038,4,0,0,4,2
2020-06-23,US,Tennessee,Benton,8,1,0,36.07110411,-88.06849355,47005.0,49.504950495049506,12.5,7,8,1,0,7,8,16184,0,0,0,0,0
2020-06-23,US,Tennessee,Bledsoe,613,1,0,35.59942968,-85.20611967,47007.0,4069.3043016463093,0.1631321370309951,612,613,1,0,612,613,14755,0,0,0,0,0
2020-06-23,US,Tennessee,Blount,139,3,0,35.68938198,-83.92847788,47009.0,104.44217359942293,2.1582733812949644,136,130,3,0,127,127,131349,9,0,0,9,3
2020-06-23,US,Tennessee,Bradley,393,3,0,35.15739424,-84.857186,47011.0,363.5186384238276,0.7633587786259542,390,349,3,0,346,338,106727,44,0,0,44,11
2020-06-23,US,Tennessee,Campbell,27,1,0,36.40355516,-84.15108559999999,47013.0,67.7676823452638,3.703703703703704,26,26,1,0,25,26,39583,1,0,0,1,0
2020-06-23,US,Tennessee,Cannon,23,0,0,35.80990797,-86.05738983,47015.0,156.69709769723394,0.0,23,23,0,0,23,23,14462,0,0,0,0,0
2020-06-23,US,Tennessee,Carroll,36,1,0,35.97366108,-88.45189331,47017.0,129.6503043180754,2.7777777777777777,35,36,1,0,35,36,28020,0,0,0,0,0
2020-06-23,US,Tennessee,Carter,32,1,0,36.28969086,-82.12588974,47019.0,56.74664396800908,3.125,31,30,1,0,29,30,56351,2,0,0,2,0
2020-06-23,US,Tennessee,Cheatham,175,0,0,36.26136216,-87.08903581,47021.0,430.3243416037573,0.0,175,167,0,0,167,165,40439,8,0,0,8,2
2020-06-23,US,Tennessee,Chester,16,0,0,35.42527478,-88.6095842,47023.0,92.50158987107592,0.0,16,14,0,0,14,14,17276,2,0,0,2,0
2020-06-23,US,Tennessee,Claiborne,18,0,0,36.48319149,-83.65947309,47025.0,56.32216277105041,0.0,18,16,0,0,16,16,31756,2,0,0,2,0
2020-06-23,US,Tennessee,Clay,14,0,0,36.55151008,-85.53930419,47027.0,183.84766907419566,0.0,14,13,0,0,13,13,7717,1,0,0,1,0
2020-06-23,US,Tennessee,Cocke,31,0,0,35.9278914,-83.11828725,47029.0,86.10154427285858,0.0,31,31,0,0,31,29,35774,0,0,0,0,2
2020-06-23,US,Tennessee,Coffee,99,0,0,35.49090731,-86.07311784,47031.0,175.15923566878982,0.0,99,99,0,0,99,99,55700,0,0,0,0,0
2020-06-23,US,Tennessee,Crockett,26,3,0,35.81830662,-89.14916269,47033.0,182.71257905832744,11.538461538461537,23,25,3,0,22,25,14328,1,0,0,1,0
2020-06-23,US,Tennessee,Cumberland,148,3,0,35.95271721,-84.99840585,47035.0,244.5472571050892,2.0270270270270268,145,145,3,0,142,142,59673,3,0,0,3,3
2020-06-23,US,Tennessee,Davidson,7867,98,0,36.17007426,-86.78646056,47037.0,1133.338327494007,1.2457099275454429,7769,7716,96,0,7620,7668,692587,151,2,0,149,48
2020-06-23,US,Tennessee,DeKalb,43,0,0,35.97616272,-85.83689361,47041.0,209.858467545144,0.0,43,42,0,0,42,43,20138,1,0,0,1,-1
2020-06-23,US,Tennessee,Decatur,15,0,0,35.60048904,-88.11043779,47039.0,128.61184943839493,0.0,15,15,0,0,15,15,11706,0,0,0,0,0
2020-06-23,US,Tennessee,Dickson,150,0,0,36.14669837,-87.35891709,47043.0,278.0455253206792,0.0,150,146,0,0,146,147,53446,4,0,0,4,-1
2020-06-23,US,Tennessee,Dyer,174,0,0,36.05931946,-89.41542855,47045.0,468.2580263193304,0.0,174,164,0,0,164,158,37320,10,0,0,10,6
2020-06-23,US,Tennessee,Fayette,213,2,0,35.19615831,-89.41399032,47047.0,517.8323973451973,0.9389671361502347,211,203,2,0,201,195,40507,10,0,0,10,8
2020-06-23,US,Tennessee,Fentress,15,0,0,36.38128818,-84.92870012,47049.0,80.98040274253631,0.0,15,15,0,0,15,15,18217,0,0,0,0,0
2020-06-23,US,Tennessee,Franklin,69,3,0,35.15634626,-86.09201039,47051.0,163.4761182714177,4.3478260869565215,66,69,2,0,67,67,41890,0,1,0,-1,2
2020-06-23,US,Tennessee,Gibson,80,1,0,35.99438059,-88.93358327,47053.0,162.82335701056317,1.25,79,77,1,0,76,77,49045,3,0,0,3,0
2020-06-23,US,Tennessee,Giles,38,0,0,35.20222469,-87.03992678,47055.0,128.97094759706758,0.0,38,24,0,0,24,24,29503,14,0,0,14,0
2020-06-23,US,Tennessee,Grainger,25,0,0,36.27469206,-83.51254721,47057.0,107.2041166380789,0.0,25,25,0,0,25,25,23145,0,0,0,0,0
2020-06-23,US,Tennessee,Greene,56,2,0,36.17470125,-82.84691273,47059.0,81.07834194790715,3.571428571428572,54,56,2,0,54,55,69087,0,0,0,0,1
2020-06-23,US,Tennessee,Grundy,51,1,0,35.38433717,-85.72142731,47061.0,379.8316824309228,1.96078431372549,50,48,1,0,47,46,13346,3,0,0,3,2
2020-06-23,US,Tennessee,Hamblen,134,4,0,36.21990035,-83.26586179,47063.0,206.36338435950353,2.985074626865672,130,121,4,0,117,117,64569,13,0,0,13,4
2020-06-23,US,Tennessee,Hamilton,2120,28,0,35.17670231,-85.16652245,47065.0,576.3939489510718,1.320754716981132,2092,2103,26,0,2077,2074,364286,17,2,0,15,29
2020-06-23,US,Tennessee,Hancock,3,0,0,36.52692871,-83.22375847,47067.0,45.31722054380665,0.0,3,3,0,0,3,3,6549,0,0,0,0,0
2020-06-23,US,Tennessee,Hardeman,257,1,0,35.20772017,-88.99161161,47069.0,1025.9481037924154,0.3891050583657588,256,257,1,0,256,255,25220,0,0,0,0,2
2020-06-23,US,Tennessee,Hardin,71,5,0,35.19732531,-88.18593755,47071.0,276.7815375019492,7.042253521126762,66,69,5,0,64,57,25776,2,0,0,2,12
2020-06-23,US,Tennessee,Hawkins,42,2,0,36.44355426,-82.94885298,47073.0,73.96189201563766,4.761904761904762,40,40,2,0,38,39,56530,2,0,0,2,1
2020-06-23,US,Tennessee,Haywood,54,2,0,35.58332824,-89.28536625,47075.0,312.0665742024965,3.703703703703704,52,48,2,0,46,45,17335,6,0,0,6,3
2020-06-23,US,Tennessee,Henderson,25,0,0,35.65581134,-88.38600175,47077.0,88.91418003343173,0.0,25,22,0,0,22,21,27847,3,0,0,3,1
2020-06-23,US,Tennessee,Henry,37,0,0,36.33160906,-88.30121797,47079.0,114.39171432988097,0.0,37,36,0,0,36,36,32358,1,0,0,1,0
2020-06-23,US,Tennessee,Hickman,65,0,0,35.80609681,-87.47643507,47081.0,258.1618873619827,0.0,65,64,0,0,64,64,25063,1,0,0,1,0
2020-06-23,US,Tennessee,Houston,10,0,0,36.28872054,-87.71878828,47083.0,121.93634922570419,0.0,10,10,0,0,10,10,8263,0,0,0,0,0
2020-06-23,US,Tennessee,Humphreys,18,1,0,36.03958805,-87.77992872,47085.0,96.867936712948,5.5555555555555545,17,18,1,0,17,18,18486,0,0,0,0,0
2020-06-23,US,Tennessee,Jackson,22,0,0,36.36380466,-85.67239905,47087.0,186.66214152384185,0.0,22,22,0,0,22,21,11758,0,0,0,0,1
2020-06-23,US,Tennessee,Jefferson,64,0,0,36.04818632,-83.45148924,47089.0,117.44196715294979,0.0,64,64,0,0,64,61,54012,0,0,0,0,3
2020-06-23,US,Tennessee,Johnson,26,0,0,36.45523950000001,-81.84886538,47091.0,146.16595457611876,0.0,26,26,0,0,26,26,17778,0,0,0,0,0
2020-06-23,US,Tennessee,Knox,716,5,0,35.99508821,-83.94635435,47093.0,152.23904080899314,0.6983240223463687,711,693,5,0,688,656,465289,23,0,0,23,37
2020-06-23,US,Tennessee,Lake,689,0,0,36.34180170000001,-89.48921915,47095.0,9820.410490307868,0.0,689,689,0,0,689,689,7411,0,0,0,0,0
2020-06-23,US,Tennessee,Lauderdale,82,1,0,35.75893438,-89.63015909999999,47097.0,319.90012874029566,1.2195121951219512,81,75,1,0,74,72,25825,7,0,0,7,3
2020-06-23,US,Tennessee,Lawrence,95,3,0,35.21675201,-87.39787695,47099.0,215.21453491006298,3.1578947368421053,92,81,2,0,79,81,43734,14,1,0,13,0
2020-06-23,US,Tennessee,Lewis,5,0,0,35.52853208,-87.49022694,47101.0,40.75643951744376,0.0,5,5,0,0,5,5,12086,0,0,0,0,0
2020-06-23,US,Tennessee,Lincoln,49,0,0,35.13738622,-86.58910106,47103.0,142.58278531106325,0.0,49,49,0,0,49,49,34117,0,0,0,0,0
2020-06-23,US,Tennessee,Loudon,239,1,0,35.73939663,-84.31145275,47105.0,442.03595472368136,0.41841004184100417,238,234,1,0,233,232,53054,5,0,0,5,2
2020-06-23,US,Tennessee,Macon,230,3,0,36.53157855,-86.00778595,47111.0,934.8833428176573,1.3043478260869563,227,223,3,0,220,222,24265,7,0,0,7,1
2020-06-23,US,Tennessee,Madison,202,2,0,35.61181957,-88.84076036,47113.0,206.15610711952968,0.99009900990099,200,196,2,0,194,193,97605,6,0,0,6,3
2020-06-23,US,Tennessee,Marion,53,4,0,35.12997174,-85.62265895,47115.0,183.34659425052757,7.547169811320754,49,50,3,0,47,50,28575,3,1,0,2,0
2020-06-23,US,Tennessee,Marshall,48,1,0,35.45798777,-86.76420988,47117.0,139.63636363636363,2.083333333333333,47,46,1,0,45,46,33683,2,0,0,2,0
2020-06-23,US,Tennessee,Maury,241,2,0,35.618741299999996,-87.07462444,47119.0,250.0337182400116,0.8298755186721992,239,224,2,0,222,220,94340,17,0,0,17,4
2020-06-23,US,Tennessee,McMinn,183,16,0,35.42812616,-84.61520715,47107.0,340.1866379150091,8.743169398907106,167,175,15,0,160,173,53285,8,1,0,7,2
2020-06-23,US,Tennessee,McNairy,45,0,0,35.17468549,-88.5647812,47109.0,175.13816455203548,0.0,45,42,0,0,42,40,25832,3,0,0,3,2
2020-06-23,US,Tennessee,Meigs,31,0,0,35.51558739,-84.81482914,47121.0,249.55723715987762,0.0,31,31,0,0,31,31,12306,0,0,0,0,0
2020-06-23,US,Tennessee,Monroe,110,4,0,35.44550387,-84.24902965,47123.0,236.3304329143839,3.636363636363636,106,109,4,0,105,108,46357,1,0,0,1,1
2020-06-23,US,Tennessee,Montgomery,392,5,0,36.49609412,-87.38550661,47125.0,187.56609073031154,1.2755102040816326,387,385,5,0,380,384,205950,7,0,0,7,1
2020-06-23,US,Tennessee,Moore,5,0,0,35.27724699,-86.36230578,47127.0,77.06535141800245,0.0,5,5,0,0,5,5,6411,0,0,0,0,0
2020-06-23,US,Tennessee,Morgan,22,1,0,36.13248031,-84.64880098,47129.0,102.78932859879455,4.545454545454546,21,22,1,0,21,22,21579,0,0,0,0,0
2020-06-23,US,Tennessee,Obion,73,1,0,36.35732446,-89.14921589,47131.0,242.7749509461572,1.3698630136986298,72,71,1,0,70,71,30267,2,0,0,2,0
2020-06-23,US,Tennessee,Out of TN,537,8,0,0.0,0.0,80047.0,0.0,1.48975791433892,529,632,8,0,624,650,,-95,0,0,-95,-18
2020-06-23,US,Tennessee,Overton,44,0,0,36.34117832,-85.28989535,47133.0,197.83283125758732,0.0,44,43,0,0,43,42,22068,1,0,0,1,1
2020-06-23,US,Tennessee,Perry,28,0,0,35.63708728,-87.86139634,47135.0,346.7062902426944,0.0,28,28,0,0,28,28,8064,0,0,0,0,0
2020-06-23,US,Tennessee,Pickett,5,0,0,36.55606529,-85.07763299999998,47137.0,99.04912836767036,0.0,5,5,0,0,5,4,5082,0,0,0,0,1
2020-06-23,US,Tennessee,Polk,36,0,0,35.12245443,-84.52075859,47139.0,213.8783269961977,0.0,36,36,0,0,36,32,16898,0,0,0,0,4
2020-06-23,US,Tennessee,Putnam,676,7,0,36.14005459,-85.50646123,47141.0,842.4200884790331,1.0355029585798816,669,673,7,0,666,663,78843,3,0,0,3,10
2020-06-23,US,Tennessee,Rhea,256,0,0,35.60536161,-84.93076643,47143.0,771.8515391805107,0.0,256,255,0,0,255,256,33044,1,0,0,1,-1
2020-06-23,US,Tennessee,Roane,35,0,0,35.84923189,-84.52458689,47145.0,65.56517178075006,0.0,35,34,0,0,34,34,53140,1,0,0,1,0
2020-06-23,US,Tennessee,Robertson,715,10,0,36.52454807,-86.87346725,47147.0,995.6414576747943,1.3986013986013983,705,708,10,0,698,705,71012,7,0,0,7,3
2020-06-23,US,Tennessee,Rutherford,2150,33,0,35.84591405,-86.4107263,47149.0,647.0349248386175,1.5348837209302326,2117,2100,32,0,2068,2060,324890,50,1,0,49,40
2020-06-23,US,Tennessee,Scott,14,0,0,36.42325673,-84.50360494,47151.0,63.44027551205365,0.0,14,14,0,0,14,14,22039,0,0,0,0,0
2020-06-23,US,Tennessee,Sequatchie,24,0,0,35.36979721,-85.41022136,47153.0,159.72314654598696,0.0,24,24,0,0,24,24,14876,0,0,0,0,0
2020-06-23,US,Tennessee,Sevier,464,3,0,35.78077323,-83.52244332,47155.0,472.264631043257,0.646551724137931,461,422,3,0,419,420,97892,42,0,0,42,2
2020-06-23,US,Tennessee,Shelby,8268,166,0,35.1864775,-89.89692423,47157.0,882.2343106770837,2.00774068698597,8102,8064,165,0,7899,7916,935764,204,1,0,203,148
2020-06-23,US,Tennessee,Smith,51,1,0,36.25359775,-85.95411046,47159.0,253.01384134543832,1.96078431372549,50,50,1,0,49,50,19942,1,0,0,1,0
2020-06-23,US,Tennessee,Stewart,19,0,0,36.50235092,-87.83920548,47161.0,138.53445133065986,0.0,19,17,0,0,17,17,13561,2,0,0,2,0
2020-06-23,US,Tennessee,Sullivan,75,2,0,36.51240691,-82.30412917,47163.0,47.36403364740951,2.6666666666666665,73,73,2,0,71,72,157668,2,0,0,2,1
2020-06-23,US,Tennessee,Sumner,1212,49,0,36.46824103,-86.45917204,47165.0,633.6161603488025,4.0429042904290435,1163,1196,49,0,1147,1181,187149,16,0,0,16,15
2020-06-23,US,Tennessee,Tipton,565,4,0,35.501942,-89.73694895,47167.0,917.2226821863992,0.7079646017699115,561,563,4,0,559,562,61581,2,0,0,2,1
2020-06-23,US,Tennessee,Trousdale,1468,5,0,36.39026213,-86.16087954,47169.0,13009.571074087205,0.3405994550408719,1463,1466,5,0,1461,1466,11012,2,0,0,2,0
2020-06-23,US,Tennessee,Unassigned,253,0,0,0.0,0.0,90047.0,0.0,0.0,253,225,0,0,225,206,,28,0,0,28,19
2020-06-23,US,Tennessee,Unicoi,53,0,0,36.10890856,-82.43709629,47171.0,296.3708550019572,0.0,53,53,0,0,53,52,17761,0,0,0,0,1
2020-06-23,US,Tennessee,Union,9,0,0,36.28590426,-83.83651902,47173.0,45.063088323653105,0.0,9,10,0,0,10,10,19688,-1,0,0,-1,0
2020-06-23,US,Tennessee,Van Buren,6,0,0,35.69864497,-85.45221699,47175.0,102.17983651226156,0.0,6,5,0,0,5,5,5765,1,0,0,1,0
2020-06-23,US,Tennessee,Warren,39,0,0,35.672829899999996,-85.77969117,47177.0,94.48361072752381,0.0,39,34,0,0,34,34,40878,5,0,0,5,0
2020-06-23,US,Tennessee,Washington,107,0,0,36.29472368,-82.49454720000001,47179.0,82.70531400966183,0.0,107,103,0,0,103,102,128607,4,0,0,4,1
2020-06-23,US,Tennessee,Wayne,67,0,0,35.23868267,-87.78644456,47181.0,401.8472980267498,0.0,67,65,0,0,65,64,16558,2,0,0,2,1
2020-06-23,US,Tennessee,Weakley,44,0,0,36.29896232,-88.71990865,47183.0,132.02112337974077,0.0,44,43,0,0,43,42,33415,1,0,0,1,1
2020-06-23,US,Tennessee,White,55,3,0,35.92929884,-85.45591799,47185.0,201.13366246114464,5.454545454545454,52,54,3,0,51,54,27107,1,0,0,1,0
2020-06-23,US,Tennessee,Williamson,813,14,0,35.89099229,-86.89281867,47187.0,341.0063251849739,1.7220172201722015,799,793,13,0,780,782,231729,20,1,0,19,11
2020-06-23,US,Tennessee,Wilson,649,15,0,36.15496772,-86.29775884,47189.0,448.6474902700872,2.3112480739599386,634,625,15,0,610,616,140625,24,0,0,24,9
2020-06-23,US,Texas,Anderson,1009,2,0,31.81534745,-95.65354823,48001.0,1747.6400796743744,0.19821605550049556,1007,1006,2,0,1004,1006,58057,3,0,0,3,0
2020-06-23,US,Texas,Andrews,44,0,0,32.30468633,-102.63765479999999,48003.0,235.2312215985031,0.0,44,44,0,0,44,44,18128,0,0,0,0,0
2020-06-23,US,Texas,Angelina,415,6,0,31.25457347,-94.60901487,48005.0,478.5792538776452,1.4457831325301205,409,380,6,0,374,380,87092,35,0,0,35,0
2020-06-23,US,Texas,Aransas,10,0,0,28.10556197,-96.9995047,48007.0,42.535091450446615,0.0,10,7,0,0,7,7,23792,3,0,0,3,0
2020-06-23,US,Texas,Archer,4,0,0,33.61569967,-98.68754589,48009.0,46.767216181456796,0.0,4,3,0,0,3,3,8786,1,0,0,1,0
2020-06-23,US,Texas,Armstrong,3,0,0,34.96507426,-101.35748740000001,48011.0,158.9825119236884,0.0,3,3,0,0,3,3,1892,0,0,0,0,0
2020-06-23,US,Texas,Atascosa,79,2,0,28.89333001,-98.52730485,48013.0,154.43864484976444,2.5316455696202533,77,70,2,0,68,70,50310,9,0,0,9,0
2020-06-23,US,Texas,Austin,56,0,0,29.88548725,-96.27736949,48015.0,186.46776771443797,0.0,56,48,0,0,48,45,29989,8,0,0,8,3
2020-06-23,US,Texas,Bailey,88,1,0,34.06854817,-102.8299707,48017.0,1257.142857142857,1.1363636363636365,87,86,0,0,86,83,7027,2,1,0,1,3
2020-06-23,US,Texas,Bandera,16,0,0,29.74619598,-99.24598147,48019.0,69.22810661128418,0.0,16,15,0,0,15,15,22824,1,0,0,1,0
2020-06-23,US,Texas,Bastrop,369,4,0,30.10370699,-97.31206354,48021.0,415.9011755689054,1.084010840108401,365,363,4,0,359,340,86976,6,0,0,6,23
2020-06-23,US,Texas,Baylor,1,0,0,33.61640794,-99.21352901,48023.0,28.498147620404676,0.0,1,1,0,0,1,1,3582,0,0,0,0,0
2020-06-23,US,Texas,Bee,36,0,0,28.41761668,-97.74215593,48025.0,110.54813450023029,0.0,36,36,0,0,36,36,32587,0,0,0,0,0
2020-06-23,US,Texas,Bell,875,10,0,31.03736027,-97.4785025,48027.0,241.09730962956434,1.1428571428571428,865,822,10,0,812,822,355642,53,0,0,53,0
2020-06-23,US,Texas,Bexar,7156,97,0,29.44928723,-98.52019748,48029.0,357.16531723127997,1.3555058692006707,7059,6882,97,0,6785,6344,1986049,274,0,0,274,538
2020-06-23,US,Texas,Blanco,24,1,0,30.26640707,-98.3999852,48031.0,201.15665074176516,4.166666666666667,23,22,1,0,21,14,11702,2,0,0,2,8
2020-06-23,US,Texas,Bosque,10,0,0,31.89978581,-97.63613524,48035.0,53.51886540005352,0.0,10,10,0,0,10,10,18691,0,0,0,0,0
2020-06-23,US,Texas,Bowie,404,13,0,33.44626922,-94.41834132,48037.0,433.26719931363607,3.2178217821782185,391,400,12,0,388,400,94324,4,1,0,3,0
2020-06-23,US,Texas,Brazoria,1814,19,0,29.18757369,-95.44563172,48039.0,484.68460765662735,1.047409040793826,1795,1762,19,0,1743,1728,370200,52,0,0,52,34
2020-06-23,US,Texas,Brazos,1260,25,0,30.663644800000004,-96.30205577,48041.0,549.7118375645149,1.984126984126984,1235,1244,25,0,1219,1225,226758,16,0,0,16,19
2020-06-23,US,Texas,Brewster,45,0,0,29.81008251,-103.25203259999999,48043.0,488.9709877213952,0.0,45,39,0,0,39,24,9267,6,0,0,6,15
2020-06-23,US,Texas,Briscoe,1,0,0,34.53026962,-101.2084947,48045.0,64.68305304010349,0.0,1,1,0,0,1,1,1516,0,0,0,0,0
2020-06-23,US,Texas,Brooks,3,0,0,27.03103197,-98.21808402,48047.0,42.295220640067676,0.0,3,3,0,0,3,3,7114,0,0,0,0,0
2020-06-23,US,Texas,Brown,65,10,0,31.77430356,-98.99907113,48049.0,171.66701880414115,15.384615384615385,55,62,10,0,52,62,37924,3,0,0,3,0
2020-06-23,US,Texas,Burleson,67,0,0,30.49273808,-96.62158484,48051.0,363.28146180122536,0.0,67,60,0,0,60,55,18389,7,0,0,7,5
2020-06-23,US,Texas,Burnet,97,3,0,30.78801353,-98.181887,48053.0,201.4328730142249,3.0927835051546397,94,89,3,0,86,80,47542,8,0,0,8,9
2020-06-23,US,Texas,Caldwell,275,1,0,29.83668859,-97.61814775,48055.0,629.8094540124587,0.3636363636363637,274,226,1,0,225,216,43247,49,0,0,49,10
2020-06-23,US,Texas,Calhoun,56,3,0,28.47048236,-96.61633945,48057.0,263.034288398309,5.357142857142857,53,55,3,0,52,55,21561,1,0,0,1,0
2020-06-23,US,Texas,Callahan,13,2,0,32.29760619,-99.37326312,48059.0,93.23674962346699,15.384615384615385,11,13,2,0,11,13,13994,0,0,0,0,0
2020-06-23,US,Texas,Cameron,1647,49,0,26.14524221,-97.48140372,48061.0,389.211722196884,2.9751062537947783,1598,1546,48,0,1498,1546,423908,101,1,0,100,0
2020-06-23,US,Texas,Camp,110,1,0,32.97195142,-94.97790104,48063.0,840.0794256911563,0.9090909090909092,109,110,1,0,109,110,13033,0,0,0,0,0
2020-06-23,US,Texas,Carson,6,0,0,35.40365929,-101.35426690000001,48065.0,101.24873439082012,0.0,6,6,0,0,6,6,6005,0,0,0,0,0
2020-06-23,US,Texas,Cass,36,2,0,33.07499881,-94.34646905,48067.0,119.89609005528541,5.5555555555555545,34,36,2,0,34,36,30119,0,0,0,0,0
2020-06-23,US,Texas,Castro,63,1,0,34.53016752,-102.2617243,48069.0,836.6533864541832,1.5873015873015872,62,58,1,0,57,51,7665,5,0,0,5,7
2020-06-23,US,Texas,Chambers,175,1,0,29.70972016,-94.67154501,48071.0,399.2061500558889,0.5714285714285714,174,156,1,0,155,156,42454,19,0,0,19,0
2020-06-23,US,Texas,Cherokee,77,2,0,31.837258000000002,-95.16559897,48073.0,146.25992478061008,2.5974025974025974,75,67,2,0,65,67,52592,10,0,0,10,0
2020-06-23,US,Texas,Childress,6,0,0,34.529304100000004,-100.2077916,48075.0,82.12428141253764,0.0,6,6,0,0,6,6,7291,0,0,0,0,0
2020-06-23,US,Texas,Clay,5,0,0,33.78686685,-98.20771198,48077.0,47.75093114315729,0.0,5,5,0,0,5,5,10456,0,0,0,0,0
2020-06-23,US,Texas,Cochran,1,0,0,33.60425307,-102.82844990000001,48079.0,35.05082369435681,0.0,1,1,0,0,1,1,2836,0,0,0,0,0
2020-06-23,US,Texas,Coke,5,1,0,31.88911733,-100.5297533,48081.0,147.62326542663124,20.0,4,4,0,0,4,4,3370,1,1,0,0,0
2020-06-23,US,Texas,Coleman,3,0,0,31.76736834,-99.45240766,48083.0,36.697247706422026,0.0,3,3,0,0,3,3,8397,0,0,0,0,0
2020-06-23,US,Texas,Collin,2250,38,0,33.18820114,-96.57264368,48085.0,217.4480299208489,1.6888888888888889,2212,2223,38,0,2185,2189,1005146,27,0,0,27,34
2020-06-23,US,Texas,Collingsworth,5,0,0,34.96489496,-100.27001109999999,48087.0,171.23287671232876,0.0,5,5,0,0,5,5,2962,0,0,0,0,0
2020-06-23,US,Texas,Colorado,55,0,0,29.622097999999998,-96.5273805,48089.0,255.89726887823943,0.0,55,55,0,0,55,55,21217,0,0,0,0,0
2020-06-23,US,Texas,Comal,280,7,0,29.80811278,-98.27647225,48091.0,179.24703442183232,2.5,273,280,7,0,273,280,148373,0,0,0,0,0
2020-06-23,US,Texas,Comanche,14,1,0,31.94854689,-98.55876441,48093.0,102.67693436010269,7.142857142857142,13,14,1,0,13,14,13534,0,0,0,0,0
2020-06-23,US,Texas,Concho,2,0,0,31.32635934,-99.86473038,48095.0,73.36757153338225,0.0,2,2,0,0,2,2,4276,0,0,0,0,0
2020-06-23,US,Texas,Cooke,30,0,0,33.63979567,-97.21240912,48097.0,72.71493322345299,0.0,30,27,0,0,27,27,40574,3,0,0,3,0
2020-06-23,US,Texas,Coryell,321,2,0,31.39078397,-97.79936155,48099.0,422.64091322036575,0.6230529595015576,319,315,2,0,313,310,74808,6,0,0,6,5
2020-06-23,US,Texas,Cottle,4,1,0,34.07783319,-100.27850620000001,48101.0,286.12303290414883,25.0,3,4,1,0,3,4,1389,0,0,0,0,0
2020-06-23,US,Texas,Crane,47,6,0,31.43052248,-102.5143314,48103.0,979.7790285595164,12.76595744680851,41,47,5,0,42,46,4794,0,1,0,-1,1
2020-06-23,US,Texas,Crockett,5,0,0,30.72367027,-101.4134238,48105.0,144.3418013856813,0.0,5,5,0,0,5,5,3499,0,0,0,0,0
2020-06-23,US,Texas,Crosby,9,1,0,33.61431553,-101.30003640000001,48107.0,156.87641624542445,11.111111111111109,8,8,1,0,7,8,5779,1,0,0,1,0
2020-06-23,US,Texas,Culberson,3,0,0,31.44506775,-104.5185739,48109.0,138.18516812528787,0.0,3,1,0,0,1,1,2204,2,0,0,2,0
2020-06-23,US,Texas,Dallam,62,1,0,36.27787176,-102.60207249999999,48111.0,850.8302456429258,1.6129032258064515,61,58,1,0,57,49,7200,4,0,0,4,9
2020-06-23,US,Texas,Dallas,17744,324,0,32.76670599,-96.77796049999999,48113.0,673.264742084662,1.825969341749324,17420,17299,317,0,16982,16845,2637772,445,7,0,438,454
2020-06-23,US,Texas,Dawson,45,1,0,32.74255572,-101.94772420000001,48115.0,353.55122564424886,2.2222222222222223,44,45,1,0,44,45,12619,0,0,0,0,0
2020-06-23,US,Texas,DeWitt,42,1,0,29.08101855,-97.35681170000001,48123.0,208.33333333333331,2.380952380952381,41,37,1,0,36,37,20187,5,0,0,5,0
2020-06-23,US,Texas,Deaf Smith,254,16,0,34.96522957,-102.6054267,48117.0,1369.5675617383804,6.299212598425197,238,242,16,0,226,233,18760,12,0,0,12,9
2020-06-23,US,Texas,Delta,4,0,0,33.38570922,-95.66921122,48119.0,75.03282686175201,0.0,4,4,0,0,4,4,5349,0,0,0,0,0
2020-06-23,US,Texas,Denton,2219,36,0,33.20521901,-97.11691153,48121.0,250.11074078540855,1.6223524109959442,2183,2163,36,0,2127,2113,859064,56,0,0,56,50
2020-06-23,US,Texas,Dickens,2,0,0,33.61616822,-100.7788855,48125.0,90.45680687471732,0.0,2,2,0,0,2,2,2249,0,0,0,0,0
2020-06-23,US,Texas,Dimmit,3,0,0,28.42270064,-99.75645095,48127.0,29.632556301856972,0.0,3,3,0,0,3,3,10308,0,0,0,0,0
2020-06-23,US,Texas,Donley,27,0,0,34.96517499,-100.8140093,48129.0,823.672971323978,0.0,27,27,0,0,27,27,3319,0,0,0,0,0
2020-06-23,US,Texas,Duval,6,0,0,27.68184592,-98.50864568,48131.0,53.77789728421619,0.0,6,5,0,0,5,5,11212,1,0,0,1,0
2020-06-23,US,Texas,Eastland,7,0,0,32.32743996,-98.83243566,48133.0,38.12636165577342,0.0,7,7,0,0,7,7,18322,0,0,0,0,0
2020-06-23,US,Texas,Ector,359,7,0,31.86898877,-102.54294279999999,48135.0,215.97492525101825,1.9498607242339836,352,325,7,0,318,325,162124,34,0,0,34,0
2020-06-23,US,Texas,El Paso,4677,122,0,31.76980765,-106.23632749999999,48141.0,557.2912570689125,2.6085097284584133,4555,4553,120,0,4433,4488,840758,124,2,0,122,65
2020-06-23,US,Texas,Ellis,539,19,0,32.34894117,-96.79371841,48139.0,291.6256370856914,3.5250463821892395,520,510,19,0,491,510,179436,29,0,0,29,0
2020-06-23,US,Texas,Erath,85,1,0,32.23602653,-98.21773417,48143.0,199.07255609162019,1.1764705882352942,84,44,1,0,43,44,42446,41,0,0,41,0
2020-06-23,US,Texas,Falls,25,0,0,31.25350609,-96.93630086,48145.0,144.5337341735561,0.0,25,23,0,0,23,22,17335,2,0,0,2,1
2020-06-23,US,Texas,Fannin,67,7,0,33.59564294,-96.10751083,48147.0,188.65799403052318,10.447761194029852,60,65,6,0,59,65,35286,2,1,0,1,0
2020-06-23,US,Texas,Fayette,71,2,0,29.87788372,-96.92076062,48149.0,280.1230963465636,2.8169014084507036,69,66,2,0,64,60,25349,5,0,0,5,6
2020-06-23,US,Texas,Fisher,2,1,0,32.74281316,-100.40193020000001,48151.0,52.219321148825074,50.0,1,2,1,0,1,2,3839,0,0,0,0,0
2020-06-23,US,Texas,Floyd,21,1,0,34.07227468,-101.3031546,48153.0,367.64705882352933,4.761904761904762,20,19,1,0,18,18,5837,2,0,0,2,1
2020-06-23,US,Texas,Fort Bend,3132,50,0,29.52704478,-95.77219463,48157.0,385.86254817121846,1.5964240102171137,3082,3069,50,0,3019,2951,787858,63,0,0,63,118
2020-06-23,US,Texas,Franklin,35,0,0,33.17653242,-95.21917243,48159.0,326.3403263403263,0.0,35,33,0,0,33,33,10766,2,0,0,2,0
2020-06-23,US,Texas,Freestone,20,0,0,31.70422788,-96.15072516,48161.0,101.43530963128264,0.0,20,19,0,0,19,19,19808,1,0,0,1,0
2020-06-23,US,Texas,Frio,142,0,0,28.86751206,-99.10804207,48163.0,699.3006993006993,0.0,142,139,0,0,139,139,19816,3,0,0,3,0
2020-06-23,US,Texas,Gaines,14,0,0,32.74055318,-102.6353295,48165.0,65.14051740182393,0.0,14,14,0,0,14,14,20901,0,0,0,0,0
2020-06-23,US,Texas,Galveston,1968,40,0,29.40167322,-94.90469073,48167.0,575.204814417532,2.0325203252032518,1928,1867,40,0,1827,1784,337890,101,0,0,101,83
2020-06-23,US,Texas,Garza,7,0,0,33.17969345,-101.2984114,48169.0,112.37758869802536,0.0,7,7,0,0,7,7,6578,0,0,0,0,0
2020-06-23,US,Texas,Gillespie,23,0,0,30.31824095,-98.94676915,48171.0,85.22306210167481,0.0,23,17,0,0,17,17,26804,6,0,0,6,0
2020-06-23,US,Texas,Glasscock,5,0,0,31.86942909,-101.5207776,48173.0,354.86160397445,0.0,5,5,0,0,5,5,1388,0,0,0,0,0
2020-06-23,US,Texas,Goliad,7,0,0,28.65696592,-97.42760647,48175.0,91.40767824497256,0.0,7,7,0,0,7,7,7584,0,0,0,0,0
2020-06-23,US,Texas,Gonzales,217,4,0,29.45634206,-97.49424032,48177.0,1041.4167106589239,1.8433179723502304,213,215,4,0,211,215,20826,2,0,0,2,0
2020-06-23,US,Texas,Gray,113,4,0,35.40081878,-100.8129222,48179.0,516.3117974961161,3.5398230088495577,109,113,4,0,109,113,21895,0,0,0,0,0
2020-06-23,US,Texas,Grayson,521,5,0,33.62744998,-96.67753461,48181.0,382.4919977681849,0.9596928982725528,516,518,5,0,513,514,133991,3,0,0,3,4
2020-06-23,US,Texas,Gregg,310,12,0,32.47940482,-94.81591935,48183.0,250.1109363023922,3.870967741935484,298,305,12,0,293,305,123707,5,0,0,5,0
2020-06-23,US,Texas,Grimes,312,2,0,30.54579585,-95.98902499,48185.0,1080.3324099722993,0.6410256410256411,310,303,2,0,301,301,28360,9,0,0,9,2
2020-06-23,US,Texas,Guadalupe,417,1,0,29.58165339,-97.94786822,48187.0,249.9295761985532,0.23980815347721826,416,323,1,0,322,323,163694,94,0,0,94,0
2020-06-23,US,Texas,Hale,176,6,0,34.07044901,-101.82681140000001,48189.0,526.8514638088966,3.4090909090909087,170,139,5,0,134,139,33830,37,1,0,36,0
2020-06-23,US,Texas,Hall,2,1,0,34.5307555,-100.68138520000001,48191.0,67.47638326585695,50.0,1,2,1,0,1,2,3028,0,0,0,0,0
2020-06-23,US,Texas,Hamilton,19,1,0,31.70470573,-98.11083887,48193.0,224.5597447110271,5.2631578947368425,18,19,1,0,18,18,8484,0,0,0,0,1
2020-06-23,US,Texas,Hansford,24,2,0,36.27743284,-101.3545796,48195.0,444.52676421559545,8.333333333333334,22,23,2,0,21,23,5463,1,0,0,1,0
2020-06-23,US,Texas,Hardeman,4,0,0,34.28944521,-99.74632408,48197.0,101.70353419781335,0.0,4,4,0,0,4,4,3922,0,0,0,0,0
2020-06-23,US,Texas,Hardin,194,5,0,30.33364686,-94.38931817,48199.0,336.79386132425964,2.5773195876288657,189,172,5,0,167,172,57207,22,0,0,22,0
2020-06-23,US,Texas,Harris,24421,335,0,29.86,-95.39,48201.0,518.1268000827441,1.3717701977805987,24086,23047,332,0,22715,21053,4698619,1374,3,0,1371,1994
2020-06-23,US,Texas,Harrison,276,33,0,32.54935988,-94.36934071,48203.0,414.70707556383627,11.956521739130435,243,274,32,0,242,272,66726,2,1,0,1,2
2020-06-23,US,Texas,Hartley,13,2,0,35.84008013,-102.6029022,48205.0,233.14203730272598,15.384615384615385,11,13,2,0,11,13,5619,0,0,0,0,0
2020-06-23,US,Texas,Haskell,4,0,0,33.17823584,-99.73037358,48207.0,70.69635913750443,0.0,4,4,0,0,4,4,5813,0,0,0,0,0
2020-06-23,US,Texas,Hays,1871,5,0,30.05669873,-98.02944344,48209.0,812.8032807538087,0.2672367717797969,1866,1711,5,0,1706,1608,222631,160,0,0,160,103
2020-06-23,US,Texas,Hemphill,3,0,0,35.83764858,-100.2703577,48211.0,78.55459544383345,0.0,3,3,0,0,3,2,3825,0,0,0,0,1
2020-06-23,US,Texas,Henderson,102,3,0,32.21128872,-95.85846587,48213.0,123.28220747670328,2.9411764705882355,99,97,3,0,94,97,82299,5,0,0,5,0
2020-06-23,US,Texas,Hidalgo,1882,23,0,26.39418217,-98.18299696,48215.0,216.643816614808,1.2221041445270988,1859,1689,22,0,1667,1556,865939,193,1,0,192,133
2020-06-23,US,Texas,Hill,50,1,0,31.99045053,-97.13423143,48217.0,136.42937051488443,2.0,49,49,1,0,48,48,36354,1,0,0,1,1
2020-06-23,US,Texas,Hockley,30,1,0,33.60771256,-102.3431676,48219.0,130.31579861865256,3.333333333333333,29,30,1,0,29,29,22980,0,0,0,0,1
2020-06-23,US,Texas,Hood,36,4,0,32.42990927,-97.83242024,48221.0,58.40079165517577,11.111111111111109,32,35,4,0,31,35,60537,1,0,0,1,0
2020-06-23,US,Texas,Hopkins,51,1,0,33.14875072,-95.56351139,48223.0,137.52561751698846,1.96078431372549,50,50,2,0,48,50,36810,1,-1,0,2,0
2020-06-23,US,Texas,Houston,153,0,0,31.31925973,-95.42226208,48225.0,666.1442006269592,0.0,153,148,0,0,148,148,23169,5,0,0,5,0
2020-06-23,US,Texas,Howard,29,1,0,32.30621324,-101.4356444,48227.0,79.0966615753873,3.4482758620689653,28,27,1,0,26,26,36459,2,0,0,2,1
2020-06-23,US,Texas,Hudspeth,14,0,0,31.45628381,-105.388178,48229.0,286.5329512893983,0.0,14,14,0,0,14,14,4795,0,0,0,0,0
2020-06-23,US,Texas,Hunt,258,5,0,33.12351514,-96.08551032,48231.0,261.6792096882163,1.937984496124031,253,258,5,0,253,258,96493,0,0,0,0,0
2020-06-23,US,Texas,Hutchinson,53,0,0,35.84006574,-101.3546643,48233.0,253.12828350367752,0.0,53,51,0,0,51,49,21198,2,0,0,2,2
2020-06-23,US,Texas,Irion,1,0,0,31.30375559,-100.982439,48235.0,65.10416666666667,0.0,1,1,0,0,1,1,1522,0,0,0,0,0
2020-06-23,US,Texas,Jack,6,0,0,33.23377248,-98.17283469,48237.0,67.15165081141578,0.0,6,4,0,0,4,4,8843,2,0,0,2,0
2020-06-23,US,Texas,Jackson,27,1,0,28.95472367,-96.57749563,48239.0,182.9268292682927,3.703703703703704,26,25,1,0,24,25,14874,2,0,0,2,0
2020-06-23,US,Texas,Jasper,39,1,0,30.74685667,-94.02667579,48241.0,109.7694840834248,2.5641025641025643,38,36,1,0,35,36,35872,3,0,0,3,0
2020-06-23,US,Texas,Jefferson,1447,32,0,29.8832777,-94.16434171,48245.0,575.1992526782343,2.21147201105736,1415,1393,32,0,1361,1393,255001,54,0,0,54,0
2020-06-23,US,Texas,Jim Hogg,9,0,0,27.04453923,-98.69681870000001,48247.0,173.0769230769231,0.0,9,9,0,0,9,9,5248,0,0,0,0,0
2020-06-23,US,Texas,Jim Wells,46,0,0,27.73103938,-98.0904705,48249.0,113.63074946889977,0.0,46,34,0,0,34,27,40822,12,0,0,12,7
2020-06-23,US,Texas,Johnson,267,4,0,32.37877812,-97.36615819,48251.0,151.86244788615434,1.49812734082397,263,254,4,0,250,254,171361,13,0,0,13,0
2020-06-23,US,Texas,Jones,604,0,0,32.73997145,-99.87861576,48253.0,3007.518796992481,0.0,604,650,0,0,650,650,19817,-46,0,0,-46,0
2020-06-23,US,Texas,Karnes,14,0,0,28.90705334,-97.85960149,48255.0,89.73783731812063,0.0,14,14,0,0,14,14,15650,0,0,0,0,0
2020-06-23,US,Texas,Kaufman,374,4,0,32.599141700000004,-96.28734728,48257.0,274.688955153723,1.0695187165775402,370,360,4,0,356,360,128622,14,0,0,14,0
2020-06-23,US,Texas,Kendall,47,0,0,29.94414155,-98.7113588,48259.0,99.0913115894668,0.0,47,44,0,0,44,44,45641,3,0,0,3,0
2020-06-23,US,Texas,Kerr,43,1,0,30.06040006,-99.34930144,48265.0,81.74904942965779,2.3255813953488373,42,33,1,0,32,33,52405,10,0,0,10,0
2020-06-23,US,Texas,Kimble,1,0,0,30.48678918,-99.74856473,48267.0,23.057412958266077,0.0,1,1,0,0,1,1,4362,0,0,0,0,0
2020-06-23,US,Texas,Kinney,3,0,0,29.34967888,-100.41866379999999,48271.0,81.81074447777475,0.0,3,2,0,0,2,2,3767,1,0,0,1,0
2020-06-23,US,Texas,Kleberg,32,1,0,27.42435506,-97.69894948,48273.0,104.30247718383312,3.125,31,29,1,0,28,27,31129,3,0,0,3,2
2020-06-23,US,Texas,Knox,1,0,0,33.60519951,-99.74229059999999,48275.0,27.29257641921397,0.0,1,1,0,0,1,1,3653,0,0,0,0,0
2020-06-23,US,Texas,La Salle,7,0,0,28.34453111,-99.09908775,48283.0,93.08510638297872,0.0,7,7,0,0,7,7,7531,0,0,0,0,0
2020-06-23,US,Texas,Lamar,227,13,0,33.66981763,-95.57404777,48277.0,455.28390059969115,5.7268722466960345,214,205,13,0,192,205,49728,22,0,0,22,0
2020-06-23,US,Texas,Lamb,32,0,0,34.06859623,-102.35162890000001,48279.0,248.19669588148608,0.0,32,31,0,0,31,29,13158,1,0,0,1,2
2020-06-23,US,Texas,Lampasas,19,0,0,31.19531316,-98.24206613,48281.0,88.66903117416464,0.0,19,18,0,0,18,17,21229,1,0,0,1,1
2020-06-23,US,Texas,Lavaca,86,1,0,29.38508402,-96.93186692,48285.0,426.71429989084055,1.162790697674419,85,85,1,0,84,85,20110,1,0,0,1,0
2020-06-23,US,Texas,Lee,53,3,0,30.31120597,-96.97045773,48287.0,307.4424270549336,5.660377358490566,50,53,3,0,50,49,17144,0,0,0,0,4
2020-06-23,US,Texas,Leon,19,0,0,31.29872538,-95.9936328,48289.0,109.17030567685588,0.0,19,16,0,0,16,15,17270,3,0,0,3,1
2020-06-23,US,Texas,Liberty,196,3,0,30.15152688,-94.81205615,48291.0,222.1743615320963,1.5306122448979589,193,186,3,0,183,182,86323,10,0,0,10,4
2020-06-23,US,Texas,Limestone,42,1,0,31.5454767,-96.58095444,48293.0,179.20382301489101,2.380952380952381,41,42,1,0,41,41,23519,0,0,0,0,1
2020-06-23,US,Texas,Lipscomb,9,0,0,36.27783108,-100.27331509999999,48295.0,278.3792143519951,0.0,9,9,0,0,9,9,3355,0,0,0,0,0
2020-06-23,US,Texas,Live Oak,15,0,0,28.35101362,-98.1246786,48297.0,122.88031457360529,0.0,15,15,0,0,15,10,12166,0,0,0,0,5
2020-06-23,US,Texas,Llano,8,0,0,30.70645047,-98.68475262,48299.0,36.70566643725625,0.0,8,8,0,0,8,5,21646,0,0,0,0,3
2020-06-23,US,Texas,Lubbock,1407,51,0,33.61008596,-101.82047890000001,48303.0,453.0394211914262,3.6247334754797436,1356,1320,51,0,1269,1288,307412,87,0,0,87,32
2020-06-23,US,Texas,Lynn,23,1,0,33.17657705,-101.8162849,48305.0,386.4896656024197,4.3478260869565215,22,21,1,0,20,21,5877,2,0,0,2,0
2020-06-23,US,Texas,Madison,28,0,0,30.96694679,-95.93003775,48313.0,196.02352282273876,0.0,28,29,0,0,29,28,14422,-1,0,0,-1,1
2020-06-23,US,Texas,Marion,21,1,0,32.79868409,-94.35661230000001,48315.0,213.11142683174344,4.761904761904762,20,21,1,0,20,21,9928,0,0,0,0,0
2020-06-23,US,Texas,Martin,7,1,0,32.30600051,-101.9513518,48317.0,121.29613585167215,14.285714285714285,6,7,1,0,6,6,5753,0,0,0,0,1
2020-06-23,US,Texas,Mason,33,0,0,30.71780434,-99.22629416,48319.0,772.1104351895182,0.0,33,33,0,0,33,33,4280,0,0,0,0,0
2020-06-23,US,Texas,Matagorda,117,5,0,28.81955746,-96.01230294,48321.0,319.29700079141986,4.2735042735042725,112,110,5,0,105,109,36552,7,0,0,7,1
2020-06-23,US,Texas,Maverick,250,2,0,28.7429195,-100.3157686,48323.0,425.7348182963796,0.8,248,250,2,0,248,223,58485,0,0,0,0,27
2020-06-23,US,Texas,McCulloch,6,0,0,31.1925468,-99.34682807,48307.0,75.1503006012024,0.0,6,5,0,0,5,5,7987,1,0,0,1,0
2020-06-23,US,Texas,McLennan,371,5,0,31.55255453,-97.20217694,48309.0,144.57005022932472,1.3477088948787062,366,354,5,0,349,303,254607,17,0,0,17,51
2020-06-23,US,Texas,Medina,251,2,0,29.355730100000002,-99.11030298,48325.0,486.5849875930521,0.796812749003984,249,250,2,0,248,250,50921,1,0,0,1,0
2020-06-23,US,Texas,Menard,2,0,0,30.88990665,-99.82047940000001,48327.0,93.54536950420956,0.0,2,1,0,0,1,,2139,1,0,0,1,
2020-06-23,US,Texas,Midland,417,13,0,31.86904128,-102.03156820000001,48329.0,235.8170466883822,3.117505995203837,404,322,13,0,309,322,172578,95,0,0,95,0
2020-06-23,US,Texas,Milam,63,1,0,30.78581830000001,-96.97718698,48331.0,253.7968819240221,1.5873015873015872,62,57,1,0,56,57,25131,6,0,0,6,0
2020-06-23,US,Texas,Mills,1,0,0,31.49557106,-98.59272068,48333.0,20.521239482864765,0.0,1,1,0,0,1,1,4921,0,0,0,0,0
2020-06-23,US,Texas,Mitchell,3,0,0,32.30623474,-100.9212058,48335.0,35.10825043885313,0.0,3,2,0,0,2,2,8145,1,0,0,1,0
2020-06-23,US,Texas,Montague,14,1,0,33.67521893,-97.72500958,48337.0,70.64284993440306,7.142857142857142,13,12,1,0,11,12,19596,2,0,0,2,0
2020-06-23,US,Texas,Montgomery,1737,34,0,30.30079133,-95.50572772,48339.0,285.9772370680501,1.957397812320092,1703,1647,34,0,1613,1555,590925,90,0,0,90,92
2020-06-23,US,Texas,Moore,881,14,0,35.83769242,-101.8930281,48341.0,4207.258834765999,1.5891032917139614,867,879,14,0,865,877,21485,2,0,0,2,2
2020-06-23,US,Texas,Morris,35,0,0,33.11304005,-94.73255695,48343.0,282.53148207943167,0.0,35,34,0,0,34,34,12339,1,0,0,1,0
2020-06-23,US,Texas,Motley,1,0,0,34.07408766,-100.77972199999999,48345.0,83.33333333333333,0.0,1,1,0,0,1,1,1234,0,0,0,0,0
2020-06-23,US,Texas,Nacogdoches,349,26,0,31.62017125,-94.61803994,48347.0,535.2432366112508,7.4498567335243555,323,346,25,0,321,345,65711,3,1,0,2,1
2020-06-23,US,Texas,Navarro,148,4,0,32.04620681,-96.47428766,48349.0,295.33254844052436,2.702702702702702,144,120,4,0,116,120,49565,28,0,0,28,0
2020-06-23,US,Texas,Newton,11,0,0,30.78548982,-93.74408813,48351.0,80.91210003677823,0.0,11,11,0,0,11,8,13746,0,0,0,0,3
2020-06-23,US,Texas,Nolan,13,0,0,32.30365282,-100.4060208,48353.0,88.35123012097324,0.0,13,13,0,0,13,10,14751,0,0,0,0,3
2020-06-23,US,Texas,Nueces,742,6,0,27.736286,-97.5433285,48355.0,204.8060415022054,0.8086253369272237,736,633,6,0,627,597,362265,109,0,0,109,36
2020-06-23,US,Texas,Ochiltree,53,2,0,36.27829105,-100.8158184,48357.0,538.8369255795038,3.7735849056603774,51,53,2,0,51,53,9947,0,0,0,0,0
2020-06-23,US,Texas,Oldham,4,1,0,35.40425596,-102.6027606,48359.0,189.3939393939394,25.0,3,4,1,0,3,4,2131,0,0,0,0,0
2020-06-23,US,Texas,Orange,155,3,0,30.11879481,-93.89412775,48361.0,185.8602331047053,1.935483870967742,152,143,3,0,140,143,83572,12,0,0,12,0
2020-06-23,US,Texas,Palo Pinto,14,2,0,32.75310985,-98.31319001,48363.0,47.96327383603412,14.285714285714285,12,14,2,0,12,14,28875,0,0,0,0,0
2020-06-23,US,Texas,Panola,209,23,0,32.163959600000005,-94.30552481,48365.0,901.0951108045184,11.004784688995215,186,209,23,0,186,209,23148,0,0,0,0,0
2020-06-23,US,Texas,Parker,138,1,0,32.77757172,-97.80500621,48367.0,96.585898458825,0.7246376811594203,137,124,1,0,123,124,138371,14,0,0,14,0
2020-06-23,US,Texas,Parmer,165,2,0,34.52993409,-102.78446679999999,48369.0,1717.8552837064028,1.2121212121212122,163,158,2,0,156,155,9864,7,0,0,7,3
2020-06-23,US,Texas,Pecos,112,0,0,30.78097267,-102.72412609999999,48371.0,707.8303735069203,0.0,112,112,0,0,112,112,15673,0,0,0,0,0
2020-06-23,US,Texas,Polk,85,0,0,30.79472531,-94.82766240000001,48373.0,165.52100169415613,0.0,85,75,0,0,75,75,50031,10,0,0,10,0
2020-06-23,US,Texas,Potter,2831,39,0,35.40133773,-101.893964,48375.0,2411.1059064003753,1.377605086541858,2792,2822,39,0,2783,2822,119648,9,0,0,9,0
2020-06-23,US,Texas,Presidio,14,0,0,29.99954402,-104.24080790000001,48377.0,208.83054892601436,0.0,14,13,0,0,13,11,6948,1,0,0,1,2
2020-06-23,US,Texas,Rains,8,0,0,32.87109387,-95.79232691,48379.0,63.9284001917852,0.0,8,8,0,0,8,8,12159,0,0,0,0,0
2020-06-23,US,Texas,Randall,780,6,0,34.96585996,-101.8971322,48381.0,566.3953294169759,0.7692307692307693,774,775,6,0,769,775,136271,5,0,0,5,0
2020-06-23,US,Texas,Reagan,2,0,0,31.36607041,-101.52326590000001,48383.0,51.96154845414394,0.0,2,2,0,0,2,2,3741,0,0,0,0,0
2020-06-23,US,Texas,Real,1,0,0,29.83321503,-99.82018052,48385.0,28.968713789107767,0.0,1,1,0,0,1,1,3478,0,0,0,0,0
2020-06-23,US,Texas,Red River,99,8,0,33.61886692,-95.04841765,48387.0,823.4217749313815,8.080808080808081,91,99,8,0,91,99,12175,0,0,0,0,0
2020-06-23,US,Texas,Reeves,15,0,0,31.32323325,-103.69038959999999,48389.0,93.89083625438155,0.0,15,14,0,0,14,14,15695,1,0,0,1,0
2020-06-23,US,Texas,Refugio,6,0,0,28.323897600000002,-97.15766311,48391.0,86.35578583765113,0.0,6,6,0,0,6,6,7032,0,0,0,0,0
2020-06-23,US,Texas,Roberts,3,0,0,35.83809685,-100.813175,48393.0,351.28805620608904,0.0,3,3,0,0,3,2,903,0,0,0,0,1
2020-06-23,US,Texas,Robertson,33,0,0,31.02539637,-96.51272246,48395.0,193.27632657842327,0.0,33,30,0,0,30,27,17284,3,0,0,3,3
2020-06-23,US,Texas,Rockwall,264,16,0,32.89779518,-96.40771592,48397.0,251.632273745413,6.0606060606060606,248,264,16,0,248,264,100657,0,0,0,0,0
2020-06-23,US,Texas,Runnels,3,0,0,31.8314342,-99.97616148,48399.0,29.228371005455962,0.0,3,3,0,0,3,3,10234,0,0,0,0,0
2020-06-23,US,Texas,Rusk,253,2,0,32.10773545,-94.76176432,48401.0,465.02224019409624,0.7905138339920948,251,250,2,0,248,250,54450,3,0,0,3,0
2020-06-23,US,Texas,Sabine,21,1,0,31.34318809,-93.85440451,48403.0,199.20318725099602,4.761904761904762,20,19,1,0,18,19,10589,2,0,0,2,0
2020-06-23,US,Texas,San Augustine,88,6,0,31.39457611,-94.17000399,48405.0,1068.3501274735947,6.8181818181818175,82,87,6,0,81,87,8232,1,0,0,1,0
2020-06-23,US,Texas,San Jacinto,24,0,0,30.57933681,-95.16260304,48407.0,83.1629647596937,0.0,24,24,0,0,24,23,28719,0,0,0,0,1
2020-06-23,US,Texas,San Patricio,80,0,0,28.00880118,-97.51763891,48409.0,119.88610819721264,0.0,80,66,0,0,66,66,66893,14,0,0,14,0
2020-06-23,US,Texas,San Saba,4,0,0,31.1577796,-98.81758731,48411.0,66.06110652353426,0.0,4,3,0,0,3,2,6054,1,0,0,1,1
2020-06-23,US,Texas,Schleicher,12,0,0,30.89740592,-100.5384842,48413.0,429.6455424274973,0.0,12,12,0,0,12,12,2895,0,0,0,0,0
2020-06-23,US,Texas,Scurry,29,0,0,32.74613808,-100.91626640000001,48415.0,173.6215051188409,0.0,29,29,0,0,29,29,16866,0,0,0,0,0
2020-06-23,US,Texas,Shackelford,1,0,0,32.73587756,-99.35401337,48417.0,30.627871362940283,0.0,1,1,0,0,1,1,3253,0,0,0,0,0
2020-06-23,US,Texas,Shelby,259,9,0,31.79211404,-94.14550696,48419.0,1024.7685368362745,3.474903474903475,250,254,9,0,245,254,25418,5,0,0,5,0
2020-06-23,US,Texas,Sherman,30,0,0,36.27751473,-101.8933156,48421.0,992.7200529450696,0.0,30,30,0,0,30,30,3079,0,0,0,0,0
2020-06-23,US,Texas,Smith,378,4,0,32.37474036,-95.27175679999999,48423.0,162.40531727038766,1.058201058201058,374,340,4,0,336,340,230221,38,0,0,38,0
2020-06-23,US,Texas,Somervell,3,0,0,32.22236802,-97.77403489,48425.0,32.86590709903594,0.0,3,3,0,0,3,3,9016,0,0,0,0,0
2020-06-23,US,Texas,Starr,379,3,0,26.56150059,-98.73892358,48427.0,586.3877585753407,0.7915567282321899,376,370,1,0,369,267,64525,9,2,0,7,103
2020-06-23,US,Texas,Stephens,5,0,0,32.73553157,-98.83631615,48429.0,53.38458253256459,0.0,5,5,0,0,5,5,9433,0,0,0,0,0
2020-06-23,US,Texas,Sutton,3,0,0,30.49856623,-100.5382014,48435.0,79.4491525423729,0.0,3,1,0,0,1,1,3758,2,0,0,2,0
2020-06-23,US,Texas,Swisher,23,1,0,34.53028891,-101.73491740000001,48437.0,310.9368662971475,4.3478260869565215,22,23,1,0,22,23,7462,0,0,0,0,0
2020-06-23,US,Texas,Tarrant,9386,211,0,32.77143818,-97.29101614,48439.0,446.4177425606952,2.2480289793309183,9175,8955,208,0,8747,8955,2084931,431,3,0,428,0
2020-06-23,US,Texas,Taylor,298,5,0,32.30163422,-99.89007449,48441.0,215.88883898170016,1.6778523489932886,293,289,5,0,284,282,137640,9,0,0,9,7
2020-06-23,US,Texas,Terrell,1,0,0,30.22429013,-102.0766732,48443.0,128.86597938144328,0.0,1,,,,,,823,,,,,
2020-06-23,US,Texas,Terry,14,0,0,33.17402785,-102.3354521,48445.0,113.47977628272676,0.0,14,14,0,0,14,14,12287,0,0,0,0,0
2020-06-23,US,Texas,Throckmorton,1,0,0,33.17751417,-99.21226795,48447.0,66.62225183211193,0.0,1,1,0,0,1,1,1515,0,0,0,0,0
2020-06-23,US,Texas,Titus,744,5,0,33.21339719,-94.96797273,48449.0,2271.75572519084,0.6720430107526881,739,729,5,0,724,729,33033,15,0,0,15,0
2020-06-23,US,Texas,Tom Green,256,2,0,31.40464436,-100.46244300000001,48451.0,214.7651006711409,0.78125,254,250,1,0,249,239,118189,6,1,0,5,11
2020-06-23,US,Texas,Travis,6339,112,0,30.33432034,-97.78535620000001,48453.0,497.58468516131677,1.7668401956144502,6227,6210,110,0,6100,5704,1248743,129,2,0,127,506
2020-06-23,US,Texas,Trinity,24,0,0,31.0879489,-95.1367187,48455.0,163.81134393556758,0.0,24,23,0,0,23,23,14740,1,0,0,1,0
2020-06-23,US,Texas,Tyler,20,0,0,30.77031716,-94.37690895,48457.0,92.28497600590624,0.0,20,18,0,0,18,18,21696,2,0,0,2,0
2020-06-23,US,Texas,Upshur,44,0,0,32.73706798,-94.93999853,48459.0,105.38164922281034,0.0,44,43,0,0,43,43,41260,1,0,0,1,0
2020-06-23,US,Texas,Upton,2,0,0,31.36868194,-102.0423217,48461.0,54.689636313918506,0.0,2,1,0,0,1,1,3671,1,0,0,1,0
2020-06-23,US,Texas,Uvalde,41,0,0,29.35739637,-99.76229172,48463.0,153.3226132156613,0.0,41,38,0,0,38,37,26846,3,0,0,3,1
2020-06-23,US,Texas,Val Verde,85,0,0,29.89149232,-101.1525205,48465.0,173.3809280979092,0.0,85,85,0,0,85,59,49208,0,0,0,0,26
2020-06-23,US,Texas,Van Zandt,59,3,0,32.56483801,-95.83766469,48467.0,104.25870295105143,5.084745762711863,56,54,3,0,51,54,56019,5,0,0,5,0
2020-06-23,US,Texas,Victoria,309,8,0,28.79780988,-96.96813006,48469.0,335.56318144303026,2.588996763754045,301,241,8,0,233,241,92035,68,0,0,68,0
2020-06-23,US,Texas,Walker,1928,28,0,30.73872995,-95.57440968,48471.0,2642.145509860081,1.4522821576763485,1900,1912,28,0,1884,1912,72480,16,0,0,16,0
2020-06-23,US,Texas,Waller,119,0,0,30.01058447,-95.99011759,48473.0,215.40020996995256,0.0,119,114,0,0,114,110,53126,5,0,0,5,4
2020-06-23,US,Texas,Ward,8,0,0,31.50999644,-103.09279090000001,48475.0,66.67777962993833,0.0,8,8,0,0,8,8,11720,0,0,0,0,0
2020-06-23,US,Texas,Washington,239,27,0,30.21498498,-96.40946246,48477.0,666.0721252995933,11.297071129707112,212,235,27,0,208,229,35108,4,0,0,4,6
2020-06-23,US,Texas,Webb,948,22,0,27.7610369,-99.33237355,48479.0,342.66876798288104,2.3206751054852317,926,929,22,0,907,874,275910,19,0,0,19,55
2020-06-23,US,Texas,Wharton,120,1,0,29.27765923,-96.22319248,48481.0,288.7669650591972,0.8333333333333334,119,118,1,0,117,118,41619,2,0,0,2,0
2020-06-23,US,Texas,Wheeler,16,0,0,35.40114335,-100.26995140000001,48483.0,316.4556962025317,0.0,16,16,0,0,16,16,5191,0,0,0,0,0
2020-06-23,US,Texas,Wichita,201,2,0,33.98842886,-98.70410340000001,48485.0,152.00786508356654,0.9950248756218906,199,169,2,0,167,169,132064,32,0,0,32,0
2020-06-23,US,Texas,Wilbarger,8,0,0,34.07945812,-99.24178437,48487.0,62.65173466990368,0.0,8,7,0,0,7,7,12820,1,0,0,1,0
2020-06-23,US,Texas,Willacy,103,3,0,26.47411727,-97.61535848,48489.0,482.25489278022286,2.9126213592233015,100,93,3,0,90,87,21515,10,0,0,10,6
2020-06-23,US,Texas,Williamson,1498,32,0,30.64655664,-97.60048540000001,48491.0,253.66141112283276,2.136181575433912,1466,1411,32,0,1379,1337,566719,87,0,0,87,74
2020-06-23,US,Texas,Wilson,76,5,0,29.1732598,-98.08693082,48493.0,148.81535147836303,6.578947368421053,71,72,5,0,67,72,50224,4,0,0,4,0
2020-06-23,US,Texas,Winkler,6,0,0,31.85008651,-103.04851629999999,48495.0,74.90636704119851,0.0,6,6,0,0,6,6,7720,0,0,0,0,0
2020-06-23,US,Texas,Wise,63,5,0,33.21570665,-97.65460265,48497.0,90.02057613168724,7.936507936507938,58,62,5,0,57,62,68305,1,0,0,1,0
2020-06-23,US,Texas,Wood,76,5,0,32.78722382,-95.38236368,48499.0,166.88991853136872,6.578947368421053,71,71,5,0,66,71,45129,5,0,0,5,0
2020-06-23,US,Texas,Yoakum,15,0,0,33.17320212,-102.82764329999999,48501.0,172.1565476873637,0.0,15,13,0,0,13,13,8591,2,0,0,2,0
2020-06-23,US,Texas,Young,17,1,0,33.17659707,-98.68790885,48503.0,94.39200444197668,5.882352941176472,16,16,1,0,15,16,18045,1,0,0,1,0
2020-06-23,US,Texas,Zapata,40,0,0,27.00156391,-99.16987152,48505.0,282.10734184357153,0.0,40,33,0,0,33,33,14190,7,0,0,7,0
2020-06-23,US,Texas,Zavala,14,0,0,28.86617238,-99.76050829,48507.0,118.24324324324324,0.0,14,13,0,0,13,13,11983,1,0,0,1,0
2020-06-23,US,Utah,Bear River,1337,2,0,41.52106798,-113.08328159999999,0.0,715.6697962723077,0.14958863126402394,1335,1316,2,0,1314,1274,,21,0,0,21,42
2020-06-23,US,Utah,Central Utah,114,0,0,39.37231946,-111.5758676,0.0,139.10242331063768,0.0,114,110,0,0,110,102,,4,0,0,4,8
2020-06-23,US,Utah,Davis,905,4,0,40.99001837,-112.1139997,49011.0,254.58463321527734,0.4419889502762431,901,877,4,0,873,856,351713,28,0,0,28,21
2020-06-23,US,Utah,Salt Lake,9207,105,0,40.66616532,-111.92160109999999,49035.0,793.4080006066679,1.140436624307592,9102,9052,102,0,8950,8878,1152633,155,3,0,152,174
2020-06-23,US,Utah,San Juan,388,7,0,37.62762978,-109.80337140000002,49037.0,2534.6224196498565,1.8041237113402064,381,386,7,0,379,383,15449,2,0,0,2,3
2020-06-23,US,Utah,Southeast Utah,31,0,0,38.99617072,-110.70139579999999,0.0,77.05883815158221,0.0,31,31,0,0,31,31,,0,0,0,0,0
2020-06-23,US,Utah,Southwest Utah,1151,10,0,37.85447192,-111.4418764,0.0,456.66992009268296,0.8688097306689835,1141,1104,10,0,1094,1056,,47,0,0,47,48
2020-06-23,US,Utah,Summit,470,0,0,40.86688146,-110.9535882,49043.0,1115.1975323288646,0.0,470,466,0,0,466,463,41933,4,0,0,4,3
2020-06-23,US,Utah,Tooele,208,0,0,40.44862644,-113.12957150000001,49045.0,287.8534161834512,0.0,208,202,0,0,202,199,69907,6,0,0,6,3
2020-06-23,US,Utah,TriCounty,39,0,0,40.12491499,-109.5174415,0.0,68.87782134152803,0.0,39,39,0,0,39,38,,0,0,0,0,1
2020-06-23,US,Utah,Utah,3355,22,0,40.116672200000004,-111.66576620000001,49049.0,527.3208798635724,0.6557377049180327,3333,3263,21,0,3242,3136,622213,92,1,0,91,127
2020-06-23,US,Utah,Wasatch,387,3,0,40.33110236,-111.1691419,49051.0,1135.1969728080726,0.7751937984496124,384,384,3,0,381,380,33240,3,0,0,3,4
2020-06-23,US,Utah,Weber-Morgan,708,10,0,41.27116049,-111.9145117,0.0,259.97201996056356,1.4124293785310735,698,676,9,0,667,666,,32,1,0,31,10
2020-06-23,US,Vermont,Addison,68,2,0,44.03217337,-73.14130877,50001.0,184.8981700519346,2.9411764705882355,66,67,2,0,65,67,36973,1,0,0,1,0
2020-06-23,US,Vermont,Bennington,69,1,0,43.03519828,-73.09048868,50003.0,194.5305892303355,1.4492753623188406,68,69,1,0,68,69,35631,0,0,0,0,0
2020-06-23,US,Vermont,Caledonia,18,0,0,44.46548598,-72.10314651,50005.0,60.01400326742907,0.0,18,18,0,0,18,18,30302,0,0,0,0,0
2020-06-23,US,Vermont,Chittenden,590,39,0,44.46322849,-73.08359212,50007.0,360.25254313871557,6.610169491525424,551,590,39,0,551,586,164572,0,0,0,0,4
2020-06-23,US,Vermont,Essex,3,0,0,44.72736416,-71.73579864,50009.0,48.67759208177836,0.0,3,3,0,0,3,3,6250,0,0,0,0,0
2020-06-23,US,Vermont,Franklin,102,6,0,44.85627605,-72.91249563,50011.0,206.4693737095664,5.882352941176472,96,102,6,0,96,102,49421,0,0,0,0,0
2020-06-23,US,Vermont,Grand Isle,8,0,0,44.797582399999996,-73.29679772,50013.0,110.573600552868,0.0,8,8,0,0,8,8,7090,0,0,0,0,0
2020-06-23,US,Vermont,Lamoille,30,1,0,44.60353043,-72.64356694,50015.0,118.28720132481665,3.333333333333333,29,30,1,0,29,30,25300,0,0,0,0,0
2020-06-23,US,Vermont,Orange,9,0,0,44.00470222,-72.37640104,50017.0,31.150491485532328,0.0,9,9,0,0,9,9,28999,0,0,0,0,0
2020-06-23,US,Vermont,Orleans,14,0,0,44.82964024,-72.24562697,50019.0,51.78089285053815,0.0,14,14,0,0,14,14,26907,0,0,0,0,0
2020-06-23,US,Vermont,Rutland,61,1,0,43.57723578,-73.03741676,50021.0,104.82720695640221,1.639344262295082,60,61,1,0,60,61,58672,0,0,0,0,0
2020-06-23,US,Vermont,Unassigned,5,0,0,0.0,0.0,90050.0,0.0,0.0,5,5,0,0,5,5,,0,0,0,0,0
2020-06-23,US,Vermont,Washington,41,1,0,44.27343241,-72.61604978,50023.0,70.19466178157475,2.4390243902439024,40,41,1,0,40,41,58140,0,0,0,0,0
2020-06-23,US,Vermont,Windham,91,3,0,42.986982,-72.71268875,50025.0,215.52745014447444,3.2967032967032965,88,91,3,0,88,91,42756,0,0,0,0,0
2020-06-23,US,Vermont,Windsor,55,2,0,43.58010937,-72.58595157,50027.0,99.88739965856672,3.636363636363636,53,55,2,0,53,55,55286,0,0,0,0,0
2020-06-23,US,Virginia,Accomack,1033,14,0,37.76707161,-75.63234615,51001.0,3196.5589800717908,1.3552758954501452,1019,1032,14,0,1018,1031,32412,1,0,0,1,1
2020-06-23,US,Virginia,Albemarle,352,8,0,38.02080697,-78.55481085,51003.0,321.96103539742063,2.272727272727273,344,340,8,0,332,334,108718,12,0,0,12,6
2020-06-23,US,Virginia,Alexandria,2248,49,0,38.814003,-77.08183073,51510.0,1410.0408962039292,2.179715302491103,2199,2236,49,0,2187,2227,160530,12,0,0,12,9
2020-06-23,US,Virginia,Alleghany,31,2,0,37.78636074,-80.00222498,51005.0,208.6137281292059,6.451612903225807,29,31,2,0,29,30,14910,0,0,0,0,1
2020-06-23,US,Virginia,Amelia,42,1,0,37.34081025,-77.98584649,51007.0,319.5131228604032,2.380952380952381,41,42,1,0,41,41,13013,0,0,0,0,1
2020-06-23,US,Virginia,Amherst,31,0,0,37.60308293,-79.14548696,51009.0,98.08574592627748,0.0,31,29,0,0,29,29,31666,2,0,0,2,0
2020-06-23,US,Virginia,Appomattox,36,0,0,37.37569884,-78.81340003,51011.0,226.25856325812333,0.0,36,36,0,0,36,36,15841,0,0,0,0,0
2020-06-23,US,Virginia,Arlington,2431,126,0,38.8767675,-77.10139853,51013.0,1026.4226784100792,5.183052241875771,2305,2424,126,0,2298,2418,237521,7,0,0,7,6
2020-06-23,US,Virginia,Augusta,171,2,0,38.16404586,-79.12461614,51015.0,226.31620741681888,1.1695906432748535,169,171,2,0,169,169,75457,0,0,0,0,2
2020-06-23,US,Virginia,Bedford,103,3,0,37.3080028,-79.5281964,51019.0,130.38469815309443,2.9126213592233015,100,99,2,0,97,99,78747,4,1,0,3,0
2020-06-23,US,Virginia,Bland,2,0,0,37.13128068,-81.13599391,51021.0,31.84713375796178,0.0,2,2,0,0,2,2,6293,0,0,0,0,0
2020-06-23,US,Virginia,Botetourt,67,4,0,37.55531756,-79.80982182,51023.0,200.4847541817529,5.970149253731344,63,59,4,0,55,58,33277,8,0,0,8,1
2020-06-23,US,Virginia,Bristol,4,0,0,36.616302399999995,-82.16359122,51520.0,23.863500775563768,0.0,4,4,0,0,4,4,16482,0,0,0,0,0
2020-06-23,US,Virginia,Brunswick,92,1,0,36.76366949,-77.8593436,51025.0,566.8165855461772,1.0869565217391304,91,92,1,0,91,91,16384,0,0,0,0,1
2020-06-23,US,Virginia,Buchanan,18,0,0,37.26818323,-82.03749726,51027.0,85.69796229289659,0.0,18,18,0,0,18,18,21221,0,0,0,0,0
2020-06-23,US,Virginia,Buckingham,553,4,0,37.57242268,-78.52518834,51029.0,3224.865873571262,0.7233273056057866,549,553,3,0,550,552,16999,0,1,0,-1,1
2020-06-23,US,Virginia,Buena Vista,14,0,0,37.73484642,-79.35296097,51530.0,216.11608521148503,0.0,14,12,0,0,12,12,6237,2,0,0,2,0
2020-06-23,US,Virginia,Campbell,33,1,0,37.20553386,-79.09678609,51031.0,60.12571740912818,3.0303030303030303,32,32,1,0,31,32,54973,1,0,0,1,0
2020-06-23,US,Virginia,Caroline,124,4,0,38.02679129,-77.34901405,51033.0,403.580146460537,3.2258064516129035,120,126,4,0,122,126,30772,-2,0,0,-2,0
2020-06-23,US,Virginia,Carroll,193,5,0,36.73066666,-80.73455942,51035.0,647.846665100198,2.5906735751295336,188,189,5,0,184,188,29636,4,0,0,4,1
2020-06-23,US,Virginia,Charles City,37,3,0,37.35358063,-77.05634116,51036.0,531.3801522332328,8.108108108108109,34,37,3,0,34,37,6941,0,0,0,0,0
2020-06-23,US,Virginia,Charlotte,31,0,0,37.01909701,-78.66314092,51037.0,260.94276094276097,0.0,31,31,0,0,31,31,11938,0,0,0,0,0
2020-06-23,US,Virginia,Charlottesville,176,3,0,38.03527919,-78.48569588,51540.0,372.3606820970677,1.7045454545454546,173,172,3,0,169,169,48117,4,0,0,4,3
2020-06-23,US,Virginia,Chesapeake,774,16,0,36.67670048,-76.30545744,51550.0,316.13127208119755,2.0671834625323,758,759,16,0,743,733,242634,15,0,0,15,26
2020-06-23,US,Virginia,Chesterfield,2651,49,0,37.37373208,-77.58680140000001,51041.0,751.4129738493546,1.848359109769898,2602,2577,46,0,2531,2557,348556,74,3,0,71,20
2020-06-23,US,Virginia,Clarke,48,0,0,39.11271747,-77.99199425,51043.0,328.33983172583623,0.0,48,46,0,0,46,45,14523,2,0,0,2,1
2020-06-23,US,Virginia,Colonial Heights,132,17,0,37.26420587,-77.39609676,51570.0,759.9309153713298,12.87878787878788,115,131,17,0,114,131,17833,1,0,0,1,0
2020-06-23,US,Virginia,Covington,4,0,0,37.7824656,-79.98631446,51580.0,72.22824124232575,0.0,4,4,0,0,4,4,5460,0,0,0,0,0
2020-06-23,US,Virginia,Craig,6,0,0,37.48133648,-80.21072274,51045.0,116.93626973299551,0.0,6,6,0,0,6,6,5064,0,0,0,0,0
2020-06-23,US,Virginia,Culpeper,802,9,0,38.48199985,-77.95630870000002,51047.0,1524.5699078034406,1.1221945137157108,793,795,9,0,786,795,51859,7,0,0,7,0
2020-06-23,US,Virginia,Cumberland,51,0,0,37.51328851,-78.24398086,51049.0,513.491743858236,0.0,51,51,0,0,51,50,9809,0,0,0,0,1
2020-06-23,US,Virginia,Danville,72,2,0,36.58022376,-79.40395668,51590.0,179.80221756068326,2.7777777777777777,70,73,2,0,71,73,40693,-1,0,0,-1,0
2020-06-23,US,Virginia,Dickenson,1,0,0,37.12560977,-82.35124171,51051.0,6.984215672579969,0.0,1,1,0,0,1,1,14523,0,0,0,0,0
2020-06-23,US,Virginia,Dinwiddie,127,0,0,37.07544585,-77.63451754,51053.0,444.9271300448431,0.0,127,123,0,0,123,121,28529,4,0,0,4,2
2020-06-23,US,Virginia,Emporia,118,6,0,36.69455571,-77.53406129,51595.0,2207.2577628133185,5.084745762711863,112,116,6,0,110,112,5121,2,0,0,2,4
2020-06-23,US,Virginia,Essex,54,0,0,37.93357639,-76.94230311,51057.0,493.0156121610517,0.0,54,54,0,0,54,54,10919,0,0,0,0,0
2020-06-23,US,Virginia,Fairfax,13579,445,0,38.83677558,-77.27565836,51059.0,1183.3221208646034,3.2771190809337947,13134,13499,438,0,13061,13419,1150795,80,7,0,73,80
2020-06-23,US,Virginia,Fairfax,13579,445,0,38.83677558,-77.27565836,51059.0,1183.3221208646034,3.2771190809337947,13134,13499,438,0,13061,13419,24574,80,7,0,73,80
2020-06-23,US,Virginia,Fairfax City,68,7,0,38.85157547,-77.29779640000002,51600.0,283.10920521254013,10.294117647058824,61,68,7,0,61,68,24574,0,0,0,0,0
2020-06-23,US,Virginia,Falls Church,58,7,0,38.88485255,-77.17560759,51610.0,396.79824861462686,12.06896551724138,51,59,7,0,52,59,14772,-1,0,0,-1,0
2020-06-23,US,Virginia,Fauquier,413,6,0,38.73564842,-77.80647472,51061.0,579.8770042964253,1.452784503631961,407,409,6,0,403,404,70675,4,0,0,4,5
2020-06-23,US,Virginia,Floyd,14,1,0,36.9302126,-80.36738849,51063.0,88.89453298622135,7.142857142857142,13,14,1,0,13,14,15795,0,0,0,0,0
2020-06-23,US,Virginia,Fluvanna,108,6,0,37.84157909,-78.27715475,51065.0,396.03960396039605,5.5555555555555545,102,105,6,0,99,105,26783,3,0,0,3,0
2020-06-23,US,Virginia,Franklin,52,1,0,36.99536167,-79.88023649,51067.0,92.78755219299809,1.9230769230769231,51,50,1,0,49,50,56195,2,0,0,2,0
2020-06-23,US,Virginia,Franklin,52,1,0,36.99536167,-79.88023649,51067.0,92.78755219299809,1.9230769230769231,51,50,1,0,49,50,8013,2,0,0,2,0
2020-06-23,US,Virginia,Franklin City,46,2,0,36.6831435,-76.93859681,51620.0,577.3816995104808,4.3478260869565215,44,45,2,0,43,45,8013,1,0,0,1,0
2020-06-23,US,Virginia,Frederick,461,4,0,39.20172582,-78.25974949,51069.0,516.1622608130955,0.8676789587852495,457,460,4,0,456,456,88355,1,0,0,1,4
2020-06-23,US,Virginia,Fredericksburg,234,1,0,38.2977863,-77.4922454,51630.0,805.8961289433806,0.4273504273504273,233,232,0,0,232,227,29144,2,1,0,1,5
2020-06-23,US,Virginia,Galax,227,11,0,36.66601852,-80.91703124,51640.0,3576.492831258863,4.845814977973569,216,224,11,0,213,223,6423,3,0,0,3,1
2020-06-23,US,Virginia,Giles,7,0,0,37.31234791,-80.70636931,51071.0,41.86602870813398,0.0,7,7,0,0,7,7,16844,0,0,0,0,0
2020-06-23,US,Virginia,Gloucester,42,1,0,37.40809042,-76.53524337,51073.0,112.45582092749277,2.380952380952381,41,42,1,0,41,42,37349,0,0,0,0,0
2020-06-23,US,Virginia,Goochland,118,6,0,37.71714806,-77.90381514,51075.0,496.7793541868396,5.084745762711863,112,116,6,0,110,115,23244,2,0,0,2,1
2020-06-23,US,Virginia,Grayson,81,2,0,36.65677234,-81.23215889,51077.0,520.9003215434084,2.469135802469136,79,80,2,0,78,79,15631,1,0,0,1,1
2020-06-23,US,Virginia,Greene,55,1,0,38.29545894,-78.46525378,51079.0,277.5114788838993,1.818181818181818,54,55,1,0,54,49,19779,0,0,0,0,6
2020-06-23,US,Virginia,Greensville,347,7,0,36.67878901,-77.56351439,51081.0,3061.0444601270287,2.0172910662824206,340,346,7,0,339,343,11627,1,0,0,1,3
2020-06-23,US,Virginia,Halifax,41,1,0,36.76654925,-78.93512622,51083.0,120.90472118191737,2.4390243902439024,40,39,1,0,38,39,34120,2,0,0,2,0
2020-06-23,US,Virginia,Hampton,271,5,0,37.03513786,-76.35879121,51650.0,201.47200951602107,1.845018450184502,266,271,5,0,266,264,134313,0,0,0,0,7
2020-06-23,US,Virginia,Hanover,410,25,0,37.7583355,-77.49464673,51085.0,380.45394651374266,6.097560975609755,385,405,25,0,380,403,107239,5,0,0,5,2
2020-06-23,US,Virginia,Harrisonburg,896,23,0,38.43542574,-78.87536254,51660.0,1690.0558322015995,2.5669642857142856,873,893,23,0,870,889,54033,3,0,0,3,4
2020-06-23,US,Virginia,Henrico,2448,138,0,37.53460572,-77.39326555,51087.0,739.9839186501338,5.637254901960786,2310,2426,138,0,2288,2413,329261,22,0,0,22,13
2020-06-23,US,Virginia,Henry,228,4,0,36.68542395,-79.87634026,51089.0,450.9761259568408,1.7543859649122806,224,227,3,0,224,226,50953,1,1,0,0,1
2020-06-23,US,Virginia,Highland,3,0,0,38.35799465,-79.56124594,51091.0,136.98630136986299,0.0,3,3,0,0,3,3,2210,0,0,0,0,0
2020-06-23,US,Virginia,Hopewell,155,2,0,37.29186313,-77.29754684,51670.0,688.0021305872432,1.2903225806451613,153,152,2,0,150,151,22596,3,0,0,3,1
2020-06-23,US,Virginia,Isle of Wight,165,8,0,36.90579348,-76.70842863,51093.0,444.6360721118866,4.848484848484849,157,163,8,0,155,161,36953,2,0,0,2,2
2020-06-23,US,Virginia,James City,245,15,0,37.31156958,-76.76950618,51095.0,320.1651790964808,6.1224489795918355,230,245,15,0,230,242,76397,0,0,0,0,3
2020-06-23,US,Virginia,King George,96,4,0,38.26818502,-77.15852768,51099.0,357.72842450439714,4.166666666666667,92,96,4,0,92,96,26575,0,0,0,0,0
2020-06-23,US,Virginia,King William,36,0,0,37.70965316,-77.09384941,51101.0,209.93701889433171,0.0,36,37,0,0,37,36,16939,-1,0,0,-1,1
2020-06-23,US,Virginia,King and Queen,24,1,0,37.71044922,-76.88689628,51097.0,341.6370106761566,4.166666666666667,23,24,1,0,23,24,7042,0,0,0,0,0
2020-06-23,US,Virginia,Lancaster,12,0,0,37.71889653,-76.46400482,51103.0,113.1755163632934,0.0,12,12,0,0,12,12,10783,0,0,0,0,0
2020-06-23,US,Virginia,Lee,9,0,0,36.70586667,-83.12606515,51105.0,38.42377150663877,0.0,9,9,0,0,9,9,23541,0,0,0,0,0
2020-06-23,US,Virginia,Lexington,10,0,0,37.78258621,-79.44262866,51678.0,134.30029546065,0.0,10,10,0,0,10,9,7136,0,0,0,0,1
2020-06-23,US,Virginia,Loudoun,3632,84,0,39.08990083,-77.63481877,51107.0,878.2747897412088,2.312775330396476,3548,3612,84,0,3528,3585,406850,20,0,0,20,27
2020-06-23,US,Virginia,Louisa,110,1,0,37.97850256,-77.96274807,51109.0,292.62323428480215,0.9090909090909092,109,109,1,0,108,109,36778,1,0,0,1,0
2020-06-23,US,Virginia,Lunenburg,28,0,0,36.94618528,-78.24133319,51111.0,229.58346999016072,0.0,28,28,0,0,28,22,12086,0,0,0,0,6
2020-06-23,US,Virginia,Lynchburg,113,1,0,37.40021399,-79.19888138,51680.0,137.52312335702464,0.8849557522123894,112,108,1,0,107,108,82126,5,0,0,5,0
2020-06-23,US,Virginia,Madison,43,1,0,38.41531222,-78.28220331,51113.0,324.2591056481412,2.3255813953488373,42,43,1,0,42,43,13295,0,0,0,0,0
2020-06-23,US,Virginia,Manassas,1367,16,0,38.7464321,-77.48509905,51683.0,3327.248387489351,1.1704462326261886,1351,1366,16,0,1350,1363,41641,1,0,0,1,3
2020-06-23,US,Virginia,Manassas Park,416,5,0,38.77058531,-77.44399307,51685.0,2380.135026890949,1.2019230769230769,411,414,5,0,409,410,17307,2,0,0,2,4
2020-06-23,US,Virginia,Martinsville,61,1,0,36.68212094,-79.86352771,51690.0,485.90090807710686,1.639344262295082,60,60,1,0,59,59,12902,1,0,0,1,1
2020-06-23,US,Virginia,Mathews,5,0,0,37.44164146,-76.34098896,51115.0,56.599501924383055,0.0,5,5,0,0,5,5,8802,0,0,0,0,0
2020-06-23,US,Virginia,Mecklenburg,237,24,0,36.67882005,-78.36131056,51117.0,774.8389838820414,10.126582278481012,213,235,24,0,211,234,30650,2,0,0,2,1
2020-06-23,US,Virginia,Middlesex,15,0,0,37.63191998,-76.55064617,51119.0,141.75014175014175,0.0,15,15,0,0,15,15,10769,0,0,0,0,0
2020-06-23,US,Virginia,Montgomery,112,2,0,37.17746986,-80.37868691,51121.0,113.66519510833713,1.7857142857142858,110,110,2,0,108,110,98985,2,0,0,2,0
2020-06-23,US,Virginia,Nelson,18,0,0,37.78790447,-78.88498513,51125.0,120.56262558606831,0.0,18,18,0,0,18,18,14836,0,0,0,0,0
2020-06-23,US,Virginia,New Kent,50,1,0,37.50694406,-76.99828634,51127.0,216.53458057251743,2.0,49,49,1,0,48,49,22391,1,0,0,1,0
2020-06-23,US,Virginia,Newport News,452,10,0,37.08166899,-76.51754109,51700.0,252.19695912958568,2.2123893805309733,442,447,10,0,437,438,178626,5,0,0,5,9
2020-06-23,US,Virginia,Norfolk,747,7,0,36.89934014,-76.26420872,51710.0,307.734137479299,0.9370816599732262,740,746,7,0,739,737,244076,1,0,0,1,9
2020-06-23,US,Virginia,Northampton,271,28,0,37.34062933,-75.87751591,51131.0,2314.261315115286,10.33210332103321,243,271,28,0,243,270,11735,0,0,0,0,1
2020-06-23,US,Virginia,Northumberland,28,1,0,37.89202088,-76.41949732,51133.0,231.50062009094668,3.571428571428572,27,28,1,0,27,28,12147,0,0,0,0,0
2020-06-23,US,Virginia,Norton,4,0,0,36.93357076,-82.62750411,51720.0,100.4772670183371,0.0,4,4,0,0,4,2,3968,0,0,0,0,2
2020-06-23,US,Virginia,Nottoway,102,2,0,37.1435975,-78.05065922,51135.0,669.6428571428571,1.96078431372549,100,99,0,0,99,79,15420,3,2,0,1,20
2020-06-23,US,Virginia,Orange,141,2,0,38.24530219,-78.01560400000002,51137.0,380.5565301881191,1.4184397163120568,139,138,2,0,136,137,36644,3,0,0,3,1
2020-06-23,US,Virginia,Page,264,24,0,38.61807452,-78.48797204,51139.0,1104.5100828382563,9.090909090909092,240,263,24,0,239,263,23933,1,0,0,1,0
2020-06-23,US,Virginia,Patrick,40,0,0,36.680163799999995,-80.2865648,51141.0,227.1694684234439,0.0,40,39,0,0,39,38,17673,1,0,0,1,1
2020-06-23,US,Virginia,Petersburg,201,3,0,37.20530399,-77.39368102,51730.0,641.230141006827,1.492537313432836,198,199,3,0,196,198,31567,2,0,0,2,1
2020-06-23,US,Virginia,Pittsylvania,88,1,0,36.81980341,-79.39731264,51143.0,145.80640885442557,1.1363636363636365,87,87,1,0,86,85,60949,1,0,0,1,2
2020-06-23,US,Virginia,Poquoson,16,0,0,37.14259351,-76.35798148,51735.0,130.38872137560102,0.0,16,16,0,0,16,16,12190,0,0,0,0,0
2020-06-23,US,Virginia,Portsmouth,421,16,0,36.85914825,-76.35971629,51740.0,445.98402508527715,3.800475059382423,405,419,13,0,406,406,94632,2,3,0,-1,13
2020-06-23,US,Virginia,Powhatan,66,2,0,37.55016038,-77.91267882,51145.0,222.58195062727643,3.0303030303030303,64,62,2,0,60,62,29189,4,0,0,4,0
2020-06-23,US,Virginia,Prince Edward,175,3,0,37.22554789,-78.43597949,51147.0,767.4765371458644,1.7142857142857142,172,173,3,0,170,173,22950,2,0,0,2,0
2020-06-23,US,Virginia,Prince George,207,0,0,37.18497668,-77.22922187,51149.0,539.7230985842046,0.0,207,215,0,0,215,213,38082,-8,0,0,-8,2
2020-06-23,US,Virginia,Prince William,6962,134,0,38.70916224,-77.48713689,51153.0,1480.2215442184827,1.9247342717609883,6828,6904,133,0,6771,6879,468011,58,1,0,57,25
2020-06-23,US,Virginia,Pulaski,37,1,0,37.06474963,-80.71229738,51155.0,108.73717929879213,2.702702702702702,36,36,1,0,35,36,34066,1,0,0,1,0
2020-06-23,US,Virginia,Radford,10,0,0,37.12222899,-80.56027320000003,51750.0,54.797523151953534,0.0,10,10,0,0,10,10,18339,0,0,0,0,0
2020-06-23,US,Virginia,Rappahannock,18,0,0,38.68295619,-78.15826963,51157.0,244.2333785617368,0.0,18,17,0,0,17,16,7252,1,0,0,1,1
2020-06-23,US,Virginia,Richmond,318,8,0,37.937575,-76.72920628,51159.0,3524.326720602904,2.5157232704402515,310,317,7,0,310,317,9038,1,1,0,0,0
2020-06-23,US,Virginia,Richmond City,2031,30,0,37.53255773,-77.47966921,51760.0,881.3727021819507,1.4771048744460855,2001,2008,29,0,1979,1985,228783,23,1,0,22,23
2020-06-23,US,Virginia,Roanoke,195,5,0,37.26865804,-80.06396753,51161.0,207.03713927759964,2.5641025641025643,190,177,5,0,172,171,94073,18,0,0,18,6
2020-06-23,US,Virginia,Roanoke City,343,10,0,37.27791025,-79.96189766,51770.0,345.9649193589058,2.915451895043732,333,324,10,0,314,313,99920,19,0,0,19,11
2020-06-23,US,Virginia,Rockbridge,23,0,0,37.81204314,-79.44605905,51163.0,101.89164045541132,0.0,23,21,0,0,21,18,22752,2,0,0,2,3
2020-06-23,US,Virginia,Rockingham,660,9,0,38.51006137,-78.87260325,51165.0,805.3887831307659,1.3636363636363635,651,657,9,0,648,653,81244,3,0,0,3,4
2020-06-23,US,Virginia,Russell,9,0,0,36.93028320000001,-82.10095486,51167.0,33.852403520649965,0.0,9,9,0,0,9,9,26748,0,0,0,0,0
2020-06-23,US,Virginia,Salem,50,3,0,37.2836193,-80.06219455,51775.0,197.6206474052409,6.0,47,50,3,0,47,50,25643,0,0,0,0,0
2020-06-23,US,Virginia,Scott,9,2,0,36.71466456,-82.60171704,51169.0,41.73235648706297,22.222222222222218,7,8,2,0,6,8,21534,1,0,0,1,0
2020-06-23,US,Virginia,Shenandoah,546,27,0,38.85905135,-78.56813762,51171.0,1251.8341892883345,4.945054945054945,519,542,27,0,515,540,43497,4,0,0,4,2
2020-06-23,US,Virginia,Smyth,34,0,0,36.84455636,-81.53344948,51173.0,112.94180175391978,0.0,34,33,0,0,33,32,30472,1,0,0,1,1
2020-06-23,US,Virginia,Southampton,154,2,0,36.72231125,-77.10642712,51175.0,873.4615166468152,1.2987012987012987,152,154,2,0,152,154,17586,0,0,0,0,0
2020-06-23,US,Virginia,Spotsylvania,917,24,0,38.18574462,-77.655399,51177.0,673.2004551627941,2.6172300981461287,893,909,21,0,888,902,134238,8,3,0,5,7
2020-06-23,US,Virginia,Stafford,936,5,0,38.41758738,-77.45917053,51179.0,612.2368885807355,0.5341880341880342,931,930,5,0,925,924,149960,6,0,0,6,6
2020-06-23,US,Virginia,Staunton,68,0,0,38.15965544,-79.05979937,51790.0,272.74185785336107,0.0,68,67,0,0,67,66,24922,1,0,0,1,1
2020-06-23,US,Virginia,Suffolk,380,34,0,36.70155394,-76.63603554,51800.0,412.55916967038695,8.947368421052632,346,377,34,0,343,365,91185,3,0,0,3,12
2020-06-23,US,Virginia,Surry,13,1,0,37.11781893,-76.88450012,51181.0,202.4291497975709,7.6923076923076925,12,13,1,0,12,13,6474,0,0,0,0,0
2020-06-23,US,Virginia,Sussex,187,2,0,36.92432914,-77.25791182,51183.0,1675.7773994085492,1.0695187165775402,185,186,2,0,184,185,11237,1,0,0,1,1
2020-06-23,US,Virginia,Tazewell,9,0,0,37.12191123,-81.56685568,51185.0,22.170218007143742,0.0,9,9,0,0,9,9,40855,0,0,0,0,0
2020-06-23,US,Virginia,Virginia Beach,1020,27,0,36.73285734,-76.04566934,51810.0,226.67976371968157,2.647058823529412,993,1006,27,0,979,988,450189,14,0,0,14,18
2020-06-23,US,Virginia,Warren,266,4,0,38.90847745,-78.20280433,51187.0,662.2846330046808,1.5037593984962403,262,265,4,0,261,254,40003,1,0,0,1,11
2020-06-23,US,Virginia,Washington,60,4,0,36.72341572,-81.95666289,51191.0,111.64867882396723,6.666666666666668,56,60,4,0,56,60,54402,0,0,0,0,0
2020-06-23,US,Virginia,Waynesboro,66,0,0,38.06451466,-78.90293905,51820.0,291.6482545293858,0.0,66,63,0,0,63,63,22628,3,0,0,3,0
2020-06-23,US,Virginia,Westmoreland,92,1,0,38.11021557,-76.80213247,51193.0,510.6855398279212,1.0869565217391304,91,91,1,0,90,91,17830,1,0,0,1,0
2020-06-23,US,Virginia,Williamsburg,54,5,0,37.28131268,-76.70905141,51830.0,361.10739601444425,9.25925925925926,49,54,5,0,49,54,14896,0,0,0,0,0
2020-06-23,US,Virginia,Winchester,297,3,0,39.17054517,-78.17325058,51840.0,1057.767647268324,1.0101010101010102,294,292,3,0,289,286,28108,5,0,0,5,6
2020-06-23,US,Virginia,Wise,27,2,0,36.9746148,-82.62410519,51195.0,72.22534307037958,7.407407407407407,25,27,2,0,25,27,38012,0,0,0,0,0
2020-06-23,US,Virginia,Wythe,46,1,0,36.91582035,-81.07834059,51197.0,160.36814949100545,2.1739130434782608,45,44,1,0,43,44,28754,2,0,0,2,0
2020-06-23,US,Virginia,York,106,3,0,37.24374789,-76.54412815,51199.0,155.24311657879318,2.830188679245283,103,101,3,0,98,99,67846,5,0,0,5,2
2020-06-23,US,Washington,Adams,109,0,0,46.98299757,-118.56017340000001,53001.0,545.4636440974829,0.0,109,108,0,0,108,102,19759,1,0,0,1,6
2020-06-23,US,Washington,Asotin,20,2,0,46.18894415,-117.2022851,53003.0,88.56611460455228,10.0,18,20,2,0,18,20,22610,0,0,0,0,0
2020-06-23,US,Washington,Benton,1463,76,0,46.23946995,-119.51208340000001,53005.0,715.7884436616272,5.194805194805196,1387,1437,76,0,1361,1426,201877,26,0,0,26,11
2020-06-23,US,Washington,Chelan,289,6,0,47.87046092,-120.6173956,53007.0,374.35233160621766,2.0761245674740483,283,286,6,0,280,285,77036,3,0,0,3,1
2020-06-23,US,Washington,Clallam,33,0,0,48.04754642,-123.92263190000001,53009.0,42.673701361679015,0.0,33,33,0,0,33,33,76737,0,0,0,0,0
2020-06-23,US,Washington,Clark,660,30,0,45.77568046,-122.48292040000001,53011.0,135.17914308712295,4.545454545454546,630,654,30,0,624,647,481857,6,0,0,6,7
2020-06-23,US,Washington,Columbia,8,0,0,46.29442881,-117.9051983,53013.0,200.75282308657467,0.0,8,2,0,0,2,2,4059,6,0,0,6,0
2020-06-23,US,Washington,Cowlitz,149,0,0,46.19074721,-122.6782231,53015.0,134.72823777273425,0.0,149,145,0,0,145,145,108987,4,0,0,4,0
2020-06-23,US,Washington,Douglas,195,3,0,47.7361335,-119.69293700000001,53017.0,449.0087268875636,1.5384615384615383,192,196,3,0,193,193,42907,-1,0,0,-1,3
2020-06-23,US,Washington,Ferry,1,0,0,48.471143100000006,-118.5154041,53019.0,13.111315064901008,0.0,1,1,0,0,1,1,7649,0,0,0,0,0
2020-06-23,US,Washington,Franklin,1335,30,0,46.53351425,-118.9018212,53021.0,1401.9869357921486,2.247191011235955,1305,1306,29,0,1277,1278,94347,29,1,0,28,28
2020-06-23,US,Washington,Grant,405,6,0,47.20753737,-119.4500749,53025.0,414.39431921664124,1.4814814814814814,399,376,5,0,371,373,97331,29,1,0,28,3
2020-06-23,US,Washington,Grays Harbor,23,0,0,47.14003705,-123.7820567,53027.0,30.64174471429904,0.0,23,23,0,0,23,24,73901,0,0,0,0,-1
2020-06-23,US,Washington,Island,187,12,0,48.14713305,-122.5216407,53029.0,219.63566319399587,6.4171122994652405,175,187,12,0,175,188,84460,0,0,0,0,-1
2020-06-23,US,Washington,Jefferson,33,0,0,47.75003077,-123.56097040000002,53031.0,102.41767791192079,0.0,33,33,0,0,33,33,31729,0,0,0,0,0
2020-06-23,US,Washington,King,9366,604,0,47.49137892,-121.8346131,53033.0,415.7526116597168,6.448857569933804,8762,9253,602,0,8651,9211,2233163,113,2,0,111,42
2020-06-23,US,Washington,Kitsap,195,2,0,47.63479026,-122.6436061,53035.0,71.83034776939144,1.0256410256410255,193,191,2,0,189,190,269805,4,0,0,4,1
2020-06-23,US,Washington,Kittitas,100,0,0,47.12521214,-120.67943899999999,53037.0,208.61583394179615,0.0,100,99,0,0,99,98,47364,1,0,0,1,1
2020-06-23,US,Washington,Klickitat,53,3,0,45.87325839,-120.7913598,53039.0,236.34336677814937,5.660377358490566,50,52,3,0,49,51,22107,1,0,0,1,1
2020-06-23,US,Washington,Lewis,50,3,0,46.57756476,-122.39257690000001,53041.0,61.952494826966685,6.0,47,49,3,0,46,49,79604,1,0,0,1,0
2020-06-23,US,Washington,Lincoln,2,0,0,47.57705241,-118.41943880000001,53043.0,18.283206874485785,0.0,2,2,0,0,2,2,10740,0,0,0,0,0
2020-06-23,US,Washington,Mason,43,1,0,47.35007586,-123.1863685,53045.0,64.40210879463216,2.3255813953488373,42,43,1,0,42,42,65507,0,0,0,0,1
2020-06-23,US,Washington,Okanogan,63,2,0,48.54855019,-119.73872240000001,53047.0,149.1371351466515,3.1746031746031744,61,63,2,0,61,63,42132,0,0,0,0,0
2020-06-23,US,Washington,Pacific,13,1,0,46.55418369,-123.7285716,53049.0,57.8523430198923,7.6923076923076925,12,13,1,0,12,12,22036,0,0,0,0,1
2020-06-23,US,Washington,Pend Oreille,3,0,0,48.53234021,-117.2741804,53051.0,21.85951617604197,0.0,3,3,0,0,3,3,13602,0,0,0,0,0
2020-06-23,US,Washington,Pierce,2321,93,0,47.03892768,-122.14059579999999,53053.0,256.4697562377069,4.006893580353297,2228,2288,92,0,2196,2281,891299,33,1,0,32,7
2020-06-23,US,Washington,San Juan,19,0,0,48.60182783,-122.96745,53055.0,108.06506654533042,0.0,19,19,0,0,19,18,17128,0,0,0,0,1
2020-06-23,US,Washington,Skagit,486,15,0,48.48171488,-121.766131,53057.0,376.14643396153394,3.08641975308642,471,485,15,0,470,485,128206,1,0,0,1,0
2020-06-23,US,Washington,Skamania,4,0,0,46.02408726,-121.91644029999999,53059.0,33.10436149962758,0.0,4,3,0,0,3,5,11924,1,0,0,1,-2
2020-06-23,US,Washington,Snohomish,3329,164,0,48.04615983,-121.7170703,53061.0,404.94694574635406,4.926404325623309,3165,3249,164,0,3085,3237,814901,80,0,0,80,12
2020-06-23,US,Washington,Spokane,1021,38,0,47.62113146,-117.4046494,53063.0,195.29531482522887,3.721841332027424,983,985,39,0,946,974,514631,36,-1,0,37,11
2020-06-23,US,Washington,Stevens,16,1,0,48.40035475,-117.8542701,53065.0,34.993329396583775,6.25,15,17,1,0,16,17,45260,-1,0,0,-1,0
2020-06-23,US,Washington,Thurston,221,7,0,46.9291895,-122.82906559999999,53067.0,76.06630503620896,3.1674208144796383,214,216,7,0,209,211,286419,5,0,0,5,5
2020-06-23,US,Washington,Unassigned,36,0,0,0.0,0.0,90053.0,0.0,0.0,36,36,0,0,36,30,,0,0,0,0,6
2020-06-23,US,Washington,Wahkiakum,4,0,0,46.29180039999999,-123.4250831,53069.0,89.12655971479502,0.0,4,4,0,0,4,4,4426,0,0,0,0,0
2020-06-23,US,Washington,Walla Walla,144,3,0,46.23040051,-118.4775539,53071.0,236.9980250164582,2.083333333333333,141,140,3,0,137,135,60922,4,0,0,4,5
2020-06-23,US,Washington,Whatcom,521,40,0,48.82227976,-121.74900179999999,53073.0,227.26578755665287,7.677543186180422,481,499,40,0,459,499,225685,22,0,0,22,0
2020-06-23,US,Washington,Whitman,31,0,0,46.90022523,-117.52417630000001,53075.0,61.87130768002554,0.0,31,28,0,0,28,30,49791,3,0,0,3,-2
2020-06-23,US,Washington,Yakima,6435,142,0,46.45738486,-120.73801259999999,53077.0,2565.042870296923,2.2066822066822067,6293,6326,138,0,6188,6283,251446,109,4,0,105,43
2020-06-23,US,West Virginia,Barbour,15,1,0,39.1307219,-80.00350858,54001.0,91.23532631835045,6.666666666666668,14,13,1,0,12,12,16535,2,0,0,2,1
2020-06-23,US,West Virginia,Berkeley,438,10,0,39.46704621,-78.02414609,54003.0,367.53908249490235,2.2831050228310503,428,433,10,0,423,432,117123,5,0,0,5,1
2020-06-23,US,West Virginia,Boone,19,0,0,38.01974191,-81.69888019,54005.0,88.54919140606796,0.0,19,19,0,0,19,20,21951,0,0,0,0,-1
2020-06-23,US,West Virginia,Braxton,3,0,0,38.70036159,-80.72011184,54007.0,21.49459052805044,0.0,3,3,0,0,3,3,14089,0,0,0,0,0
2020-06-23,US,West Virginia,Brooke,7,0,0,40.27367263,-80.57915332,54009.0,31.90665025753225,0.0,7,6,0,0,6,6,22203,1,0,0,1,0
2020-06-23,US,West Virginia,Cabell,91,0,0,38.42424062,-82.23855912,54011.0,98.972211648268,0.0,91,84,0,0,84,83,93224,7,0,0,7,1
2020-06-23,US,West Virginia,Calhoun,2,0,0,38.84315422,-81.11934872,54013.0,28.133352088901397,0.0,2,2,0,0,2,2,7254,0,0,0,0,0
2020-06-23,US,West Virginia,Clay,10,1,0,38.46231092,-81.07652217,54015.0,117.53643629525152,10.0,9,10,0,0,10,10,8632,0,1,0,-1,0
2020-06-23,US,West Virginia,Fayette,59,4,0,38.02974928,-81.08286634,54019.0,139.13125501108334,6.779661016949151,55,58,4,0,54,58,43018,1,0,0,1,0
2020-06-23,US,West Virginia,Gilmer,10,0,0,38.9251277,-80.85952723,54021.0,127.82819890067749,0.0,10,10,0,0,10,10,8026,0,0,0,0,0
2020-06-23,US,West Virginia,Grant,16,0,0,39.10314817,-79.19440518,54023.0,138.31258644536652,0.0,16,16,0,0,16,16,11626,0,0,0,0,0
2020-06-23,US,West Virginia,Greenbrier,51,0,0,37.9463652,-80.45335881,54025.0,147.1351912757487,0.0,51,51,0,0,51,50,34786,0,0,0,0,1
2020-06-23,US,West Virginia,Hampshire,40,1,0,39.32103553,-78.60826476,54027.0,172.5997842502697,2.5,39,40,1,0,39,40,23347,0,0,0,0,0
2020-06-23,US,West Virginia,Hancock,20,0,0,40.51943859,-80.57461608,54029.0,69.42034015966678,0.0,20,21,0,0,21,21,29094,-1,0,0,-1,0
2020-06-23,US,West Virginia,Hardy,42,0,0,39.00683177,-78.85855301,54031.0,304.8780487804878,0.0,42,42,0,0,42,41,13775,0,0,0,0,1
2020-06-23,US,West Virginia,Harrison,50,1,0,39.2853852,-80.37919577,54033.0,74.34280956345903,2.0,49,50,1,0,49,49,67554,0,0,0,0,1
2020-06-23,US,West Virginia,Jackson,141,18,0,38.84263974,-81.68148753,54035.0,493.4210526315789,12.76595744680851,123,141,18,0,123,141,28706,0,0,0,0,0
2020-06-23,US,West Virginia,Jefferson,216,4,0,39.30776166,-77.86014147,54037.0,377.97921114338715,1.851851851851852,212,216,4,0,212,215,56811,0,0,0,0,1
2020-06-23,US,West Virginia,Kanawha,270,20,0,38.33860077,-81.52857054,54039.0,151.5797983427275,7.407407407407407,250,268,20,0,248,266,180454,2,0,0,2,2
2020-06-23,US,West Virginia,Lewis,15,2,0,38.9947249,-80.49988181,54041.0,94.29810775130446,13.333333333333336,13,15,1,0,14,15,16024,0,1,0,-1,0
2020-06-23,US,West Virginia,Lincoln,5,0,0,38.172154,-82.07017953,54043.0,24.498995541182808,0.0,5,5,0,0,5,5,20599,0,0,0,0,0
2020-06-23,US,West Virginia,Logan,21,1,0,37.8299889,-81.93528571,54045.0,65.58605827789751,4.761904761904762,20,21,1,0,20,21,32607,0,0,0,0,0
2020-06-23,US,West Virginia,Marion,55,2,0,39.50984542,-80.24244659,54049.0,98.08817234983593,3.636363636363636,53,55,2,0,53,55,56097,0,0,0,0,0
2020-06-23,US,West Virginia,Marshall,39,0,0,39.86064362,-80.66591062,54051.0,127.73901935737447,0.0,39,37,0,0,37,37,30785,2,0,0,2,0
2020-06-23,US,West Virginia,Mason,16,0,0,38.77071799,-82.02524219,54053.0,60.34092623321768,0.0,16,15,0,0,15,15,26718,1,0,0,1,0
2020-06-23,US,West Virginia,McDowell,6,0,0,37.38002939,-81.65083669,54047.0,34.04448479346346,0.0,6,6,0,0,6,6,18223,0,0,0,0,0
2020-06-23,US,West Virginia,Mercer,22,0,0,37.40481169,-81.11023142,54055.0,37.44171006501242,0.0,22,22,0,0,22,22,59131,0,0,0,0,0
2020-06-23,US,West Virginia,Mineral,54,3,0,39.41561583,-78.94104895,54057.0,200.9825815096025,5.5555555555555545,51,53,2,0,51,53,26940,1,1,0,0,0
2020-06-23,US,West Virginia,Mingo,15,2,0,37.73048351,-82.13338365,54059.0,64.03688524590164,13.333333333333336,13,14,2,0,12,14,23785,1,0,0,1,0
2020-06-23,US,West Virginia,Monongalia,160,5,0,39.63218457,-80.04766838,54061.0,151.49793584062417,3.125,155,154,5,0,149,151,106420,6,0,0,6,3
2020-06-23,US,West Virginia,Monroe,9,0,0,37.56274716,-80.54577965,54063.0,67.79661016949153,0.0,9,9,0,0,9,9,13280,0,0,0,0,0
2020-06-23,US,West Virginia,Morgan,20,0,0,39.55439028,-78.26311676,54065.0,111.83180496533214,0.0,20,20,0,0,20,20,17787,0,0,0,0,0
2020-06-23,US,West Virginia,Nicholas,7,1,0,38.29617706,-80.79759588,54067.0,28.576094056172444,14.285714285714285,6,7,1,0,6,7,24842,0,0,0,0,0
2020-06-23,US,West Virginia,Ohio,74,1,0,40.0955451,-80.62203992,54069.0,178.69648161116612,1.351351351351351,73,72,1,0,71,70,41755,2,0,0,2,2
2020-06-23,US,West Virginia,Pendleton,13,1,0,38.68314479,-79.35084086,54071.0,186.5403931697517,7.6923076923076925,12,13,1,0,12,13,6997,0,0,0,0,0
2020-06-23,US,West Virginia,Pleasants,5,0,0,39.37091679,-81.16771771,54073.0,67.02412868632706,0.0,5,5,0,0,5,4,7507,0,0,0,0,1
2020-06-23,US,West Virginia,Pocahontas,24,0,0,38.32758728,-80.00993811,54075.0,291.0149145143688,0.0,24,24,0,0,24,24,8414,0,0,0,0,0
2020-06-23,US,West Virginia,Preston,64,2,0,39.46770987,-79.66712803,54077.0,191.43335726250302,3.125,62,63,2,0,61,61,33839,1,0,0,1,2
2020-06-23,US,West Virginia,Putnam,44,0,0,38.50782345,-81.9082131,54079.0,77.94508414526129,0.0,44,44,0,0,44,44,56682,0,0,0,0,0
2020-06-23,US,West Virginia,Raleigh,34,0,0,37.76936795,-81.2456041,54081.0,46.34615122476521,0.0,34,34,0,0,34,32,74254,0,0,0,0,2
2020-06-23,US,West Virginia,Randolph,154,0,0,38.769899,-79.87919615,54083.0,536.6788639135739,0.0,154,150,0,0,150,150,28823,4,0,0,4,0
2020-06-23,US,West Virginia,Ritchie,3,0,0,39.18094587,-81.06356878,54085.0,31.400460540087924,0.0,3,3,0,0,3,3,9721,0,0,0,0,0
2020-06-23,US,West Virginia,Roane,11,1,0,38.71622686,-81.35243568,54087.0,80.3623611922852,9.090909090909092,10,12,1,0,11,12,13932,-1,0,0,-1,0
2020-06-23,US,West Virginia,Summers,1,0,0,37.65390597,-80.86009693,54089.0,7.953551260637875,0.0,1,1,0,0,1,1,12760,0,0,0,0,0
2020-06-23,US,West Virginia,Taylor,14,0,0,39.33602617,-80.0421439,54091.0,83.85744234800839,0.0,14,13,0,0,13,13,16862,1,0,0,1,0
2020-06-23,US,West Virginia,Tucker,6,0,0,39.11240885,-79.57053576,54093.0,87.73212457961691,0.0,6,5,0,0,5,5,6955,1,0,0,1,0
2020-06-23,US,West Virginia,Tyler,3,0,0,39.46811972,-80.88772676,54095.0,34.920265394016994,0.0,3,3,0,0,3,3,8746,0,0,0,0,0
2020-06-23,US,West Virginia,Unassigned,2,0,0,0.0,0.0,90054.0,0.0,0.0,2,1,0,0,1,,,1,0,0,1,
2020-06-23,US,West Virginia,Upshur,11,0,0,38.89285061,-80.23689136,54097.0,45.49966909331569,0.0,11,11,0,0,11,11,24415,0,0,0,0,0
2020-06-23,US,West Virginia,Wayne,107,9,0,38.14901357,-82.42287994,54099.0,271.5598192985128,8.411214953271028,98,106,9,0,97,106,39944,1,0,0,1,0
2020-06-23,US,West Virginia,Wetzel,9,0,0,39.6065771,-80.64016540000001,54103.0,59.741121805509465,0.0,9,9,0,0,9,9,15270,0,0,0,0,0
2020-06-23,US,West Virginia,Wirt,4,0,0,39.02775007,-81.37473928,54105.0,68.7167153410067,0.0,4,4,0,0,4,4,5830,0,0,0,0,0
2020-06-23,US,West Virginia,Wood,59,2,0,39.20967886,-81.5162836,54107.0,70.64345410570176,3.3898305084745757,57,56,2,0,54,56,84203,3,0,0,3,0
2020-06-23,US,West Virginia,Wyoming,7,0,0,37.612327,-81.54511071,54109.0,34.32382073158772,0.0,7,7,0,0,7,7,20786,0,0,0,0,0
2020-06-23,US,Wisconsin,Adams,11,2,0,43.96974651,-89.76782777,55001.0,54.40158259149357,18.181818181818183,9,11,2,0,9,10,20348,0,0,0,0,1
2020-06-23,US,Wisconsin,Ashland,3,0,0,46.31956891,-90.67837132,55003.0,19.27772779848349,0.0,3,3,0,0,3,3,15600,0,0,0,0,0
2020-06-23,US,Wisconsin,Barron,31,0,0,45.42372701,-91.84833627,55005.0,68.51737246927769,0.0,31,31,0,0,31,31,45164,0,0,0,0,0
2020-06-23,US,Wisconsin,Bayfield,3,1,0,46.52868768,-91.19716729,55007.0,19.952114924181963,33.333333333333336,2,3,1,0,2,3,15042,0,0,0,0,0
2020-06-23,US,Wisconsin,Brown,2620,39,0,44.452655299999996,-88.00411844,55009.0,990.3909398129598,1.4885496183206106,2581,2581,39,0,2542,2580,263378,39,0,0,39,1
2020-06-23,US,Wisconsin,Buffalo,7,2,0,44.37835084,-91.75332578,55011.0,53.718056941140354,28.57142857142857,5,6,2,0,4,6,13125,1,0,0,1,0
2020-06-23,US,Wisconsin,Burnett,2,1,0,45.86303537,-92.36711412,55013.0,12.975217334890358,50.0,1,2,1,0,1,2,15392,0,0,0,0,0
2020-06-23,US,Wisconsin,Calumet,92,2,0,44.0816316,-88.21780273,55015.0,183.6730619497295,2.1739130434782608,90,92,2,0,90,92,50159,0,0,0,0,0
2020-06-23,US,Wisconsin,Chippewa,70,0,0,45.06939744,-91.28068855,55017.0,108.26193201150672,0.0,70,70,0,0,70,69,64135,0,0,0,0,1
2020-06-23,US,Wisconsin,Clark,60,6,0,44.73483377,-90.61207486,55019.0,172.54270431931903,10.0,54,60,6,0,54,58,34709,0,0,0,0,2
2020-06-23,US,Wisconsin,Columbia,70,1,0,43.46492199,-89.33589004,55021.0,121.67141764583187,1.4285714285714286,69,69,1,0,68,68,57358,1,0,0,1,1
2020-06-23,US,Wisconsin,Crawford,31,0,0,43.23870316,-90.93073686,55023.0,192.17655446035585,0.0,31,31,0,0,31,31,16291,0,0,0,0,0
2020-06-23,US,Wisconsin,Dane,1172,32,0,43.06601594,-89.41733797,55025.0,214.3791327888493,2.7303754266211606,1140,1139,32,0,1107,1098,542364,33,0,0,33,41
2020-06-23,US,Wisconsin,Dodge,440,5,0,43.41576662,-88.70928178,55027.0,500.91644941313086,1.1363636363636365,435,437,5,0,432,434,87847,3,0,0,3,3
2020-06-23,US,Wisconsin,Door,40,3,0,44.95856458,-87.30002707,55029.0,144.57134595923088,7.5,37,40,3,0,37,40,27610,0,0,0,0,0
2020-06-23,US,Wisconsin,Douglas,20,0,0,46.43222285,-91.91595768,55031.0,46.349942062572424,0.0,20,20,0,0,20,20,43208,0,0,0,0,0
2020-06-23,US,Wisconsin,Dunn,29,0,0,44.94562799,-91.8962481,55033.0,63.921706929994706,0.0,29,29,0,0,29,29,45131,0,0,0,0,0
2020-06-23,US,Wisconsin,Eau Claire,167,1,0,44.726614,-91.28609183,55035.0,159.58565066987748,0.5988023952095808,166,163,1,0,162,161,104534,4,0,0,4,2
2020-06-23,US,Wisconsin,Florence,2,0,0,45.84963535,-88.39804137,55037.0,46.56577415599534,0.0,2,2,0,0,2,2,4321,0,0,0,0,0
2020-06-23,US,Wisconsin,Fond du Lac,296,6,0,43.75354908,-88.48885325,55039.0,286.25861918899835,2.0270270270270268,290,295,6,0,289,290,103066,1,0,0,1,5
2020-06-23,US,Wisconsin,Forest,35,3,0,45.66678019,-88.77084892,55041.0,388.7161261661484,8.571428571428571,32,35,3,0,32,35,8991,0,0,0,0,0
2020-06-23,US,Wisconsin,Grant,130,12,0,42.8671731,-90.7063218,55043.0,252.7265304535469,9.23076923076923,118,129,12,0,117,125,51554,1,0,0,1,4
2020-06-23,US,Wisconsin,Green,80,1,0,42.6794956,-89.60243287,55045.0,216.4502164502165,1.25,79,80,1,0,79,80,36929,0,0,0,0,0
2020-06-23,US,Wisconsin,Green Lake,25,0,0,43.80025981,-89.04679553,55047.0,132.18421191772853,0.0,25,24,0,0,24,24,18918,1,0,0,1,0
2020-06-23,US,Wisconsin,Iowa,21,0,0,43.00050278,-90.13469017,55049.0,88.68992313539995,0.0,21,22,0,0,22,21,23771,-1,0,0,-1,1
2020-06-23,US,Wisconsin,Iron,2,1,0,46.26302338,-90.24295041,55051.0,35.16792685071215,50.0,1,2,1,0,1,2,5676,0,0,0,0,0
2020-06-23,US,Wisconsin,Jackson,24,1,0,44.31864893,-90.80566792,55053.0,116.26217119604708,4.166666666666667,23,24,1,0,23,24,20478,0,0,0,0,0
2020-06-23,US,Wisconsin,Jefferson,185,4,0,43.02054068,-88.77529134,55055.0,218.240158548526,2.1621621621621623,181,181,4,0,177,177,85129,4,0,0,4,4
2020-06-23,US,Wisconsin,Juneau,29,1,0,43.92456975,-90.11120239,55057.0,108.66714130475512,3.4482758620689653,28,29,1,0,28,28,26617,0,0,0,0,1
2020-06-23,US,Wisconsin,Kenosha,1424,39,0,42.57639354,-88.04051686,55059.0,839.8157595201727,2.7387640449438204,1385,1421,39,0,1382,1416,169290,3,0,0,3,5
2020-06-23,US,Wisconsin,Kewaunee,46,1,0,44.51727459,-87.61468386,55061.0,225.115004404424,2.1739130434782608,45,44,1,0,43,44,20383,2,0,0,2,0
2020-06-23,US,Wisconsin,La Crosse,294,0,0,43.90632465,-91.11451093,55063.0,249.1187635574837,0.0,294,274,0,0,274,250,118230,20,0,0,20,24
2020-06-23,US,Wisconsin,Lafayette,60,0,0,42.66005229,-90.1317729,55065.0,360.03600360036,0.0,60,56,0,0,56,54,16665,4,0,0,4,2
2020-06-23,US,Wisconsin,Langlade,7,0,0,45.26271619,-89.07483625,55067.0,36.47923289384544,0.0,7,7,0,0,7,7,19268,0,0,0,0,0
2020-06-23,US,Wisconsin,Lincoln,8,0,0,45.33737523,-89.73411273,55069.0,28.99286050809988,0.0,8,8,0,0,8,8,27689,0,0,0,0,0
2020-06-23,US,Wisconsin,Manitowoc,76,1,0,44.11946801,-87.80928853,55071.0,96.22567452931715,1.3157894736842106,75,70,1,0,69,68,79074,6,0,0,6,2
2020-06-23,US,Wisconsin,Marathon,121,1,0,44.89792533,-89.75863384,55073.0,89.1725378062082,0.8264462809917356,120,115,1,0,114,111,135428,6,0,0,6,4
2020-06-23,US,Wisconsin,Marinette,45,3,0,45.38553432,-88.03324599999998,55075.0,111.52416356877323,6.666666666666668,42,42,3,0,39,42,40434,3,0,0,3,0
2020-06-23,US,Wisconsin,Marquette,10,1,0,43.81911946,-89.40073763,55077.0,64.20958006934634,10.0,9,10,1,0,9,9,15434,0,0,0,0,1
2020-06-23,US,Wisconsin,Menominee,4,0,0,45.00422544,-88.70950714,55078.0,87.7963125548727,0.0,4,4,0,0,4,4,4658,0,0,0,0,0
2020-06-23,US,Wisconsin,Milwaukee,10406,373,0,43.00486062,-87.96733172,55079.0,1100.3186969587387,3.5844704977897366,10033,10355,371,0,9984,10267,948201,51,2,0,49,88
2020-06-23,US,Wisconsin,Monroe,49,1,0,43.94641218,-90.61881899999999,55081.0,105.9390742222126,2.0408163265306123,48,50,1,0,49,46,46051,-1,0,0,-1,4
2020-06-23,US,Wisconsin,Oconto,49,0,0,45.02715345,-88.26807503,55083.0,129.18534141840232,0.0,49,49,0,0,49,46,37830,0,0,0,0,3
2020-06-23,US,Wisconsin,Oneida,17,0,0,45.70677897,-89.51944105,55085.0,47.75951678606546,0.0,17,17,0,0,17,17,35470,0,0,0,0,0
2020-06-23,US,Wisconsin,Outagamie,412,8,0,44.41578887,-88.46565023,55087.0,219.28307209197118,1.9417475728155342,404,402,8,0,394,396,187365,10,0,0,10,6
2020-06-23,US,Wisconsin,Ozaukee,208,15,0,43.38352225,-87.94625009,55089.0,233.12897187881774,7.211538461538463,193,209,15,0,194,207,89147,-1,0,0,-1,2
2020-06-23,US,Wisconsin,Pepin,1,0,0,44.58307413,-91.99949611,55091.0,13.723068478111706,0.0,1,1,0,0,1,1,7289,0,0,0,0,0
2020-06-23,US,Wisconsin,Pierce,57,0,0,44.71850291,-92.4224416,55093.0,133.3208588670066,0.0,57,57,0,0,57,57,42555,0,0,0,0,0
2020-06-23,US,Wisconsin,Polk,40,1,0,45.46130348,-92.44182875,55095.0,91.35966014206429,2.5,39,40,1,0,39,40,43598,0,0,0,0,0
2020-06-23,US,Wisconsin,Portage,99,0,0,44.47558711,-89.50152965,55097.0,139.88583055445656,0.0,99,96,0,0,96,91,70942,3,0,0,3,5
2020-06-23,US,Wisconsin,Price,2,0,0,45.68051754,-90.36098879999999,55099.0,14.980151299528124,0.0,2,2,0,0,2,2,13397,0,0,0,0,0
2020-06-23,US,Wisconsin,Racine,2107,60,0,42.74753117,-88.05941254,55101.0,1073.296962472811,2.8476506881822496,2047,2090,58,0,2032,2081,196584,17,2,0,15,9
2020-06-23,US,Wisconsin,Richland,15,4,0,43.3762778,-90.43012729,55103.0,86.94644099234871,26.66666666666667,11,15,4,0,11,15,17377,0,0,0,0,0
2020-06-23,US,Wisconsin,Rock,800,23,0,42.67151616,-89.07147900000002,55105.0,489.7339520305594,2.875,777,791,23,0,768,791,163129,9,0,0,9,0
2020-06-23,US,Wisconsin,Rusk,11,0,0,45.47498854,-91.1333012,55107.0,77.58499083086474,0.0,11,11,0,0,11,11,14147,0,0,0,0,0
2020-06-23,US,Wisconsin,Sauk,97,3,0,43.42574087,-89.94966132,55111.0,150.52295087055026,3.0927835051546397,94,96,3,0,93,96,64249,1,0,0,1,0
2020-06-23,US,Wisconsin,Sawyer,9,0,0,45.87931905,-91.14504927,55113.0,54.35439062688731,0.0,9,9,0,0,9,9,16489,0,0,0,0,0
2020-06-23,US,Wisconsin,Shawano,70,0,0,44.78902246,-88.76443896,55115.0,171.15332893224775,0.0,70,70,0,0,70,68,40796,0,0,0,0,2
2020-06-23,US,Wisconsin,Sheboygan,186,4,0,43.72099677,-87.94579284,55117.0,161.26235477718055,2.150537634408602,182,185,4,0,181,185,115456,1,0,0,1,0
2020-06-23,US,Wisconsin,St. Croix,134,1,0,45.03437474,-92.45000068,55109.0,147.76098007432157,0.746268656716418,133,131,1,0,130,128,89694,3,0,0,3,3
2020-06-23,US,Wisconsin,Taylor,9,0,0,45.21179252,-90.5004405,55119.0,44.24126235068574,0.0,9,8,0,0,8,9,20412,1,0,0,1,-1
2020-06-23,US,Wisconsin,Trempealeau,92,0,0,44.30360275,-91.35893614,55121.0,310.29714324260516,0.0,92,92,0,0,92,91,29442,0,0,0,0,1
2020-06-23,US,Wisconsin,Vernon,31,0,0,43.59422667,-90.8324691,55123.0,100.57750957108559,0.0,31,30,0,0,30,29,30785,1,0,0,1,1
2020-06-23,US,Wisconsin,Vilas,11,0,0,46.05467334,-89.51719204,55125.0,49.56071187204325,0.0,11,10,0,0,10,10,21938,1,0,0,1,0
2020-06-23,US,Wisconsin,Walworth,509,18,0,42.66858202,-88.54163073,55127.0,490.04505718796935,3.536345776031433,491,498,18,0,480,498,103718,11,0,0,11,0
2020-06-23,US,Wisconsin,Washburn,4,0,0,45.89838588,-91.79050449,55129.0,25.44529262086514,0.0,4,4,0,0,4,4,15878,0,0,0,0,0
2020-06-23,US,Wisconsin,Washington,326,13,0,43.36863664,-88.22974712,55131.0,239.64597086022613,3.987730061349693,313,322,13,0,309,321,135693,4,0,0,4,1
2020-06-23,US,Wisconsin,Waukesha,1020,38,0,43.01833055,-88.30431188,55133.0,252.35157027001617,3.725490196078432,982,1015,38,0,977,1003,403072,5,0,0,5,12
2020-06-23,US,Wisconsin,Waupaca,95,6,0,44.47068056,-88.96534501,55135.0,186.31104138066289,6.315789473684211,89,91,5,0,86,91,51128,4,1,0,3,0
2020-06-23,US,Wisconsin,Waushara,20,0,0,44.11324419,-89.24317107,55137.0,81.82301681462995,0.0,20,20,0,0,20,20,24263,0,0,0,0,0
2020-06-23,US,Wisconsin,Winnebago,619,11,0,44.06886922,-88.64477096,55139.0,360.0784144915565,1.777059773828756,608,608,11,0,597,601,171020,11,0,0,11,7
2020-06-23,US,Wisconsin,Wood,34,1,0,44.45537896,-90.04158336,55141.0,46.575980492883474,2.9411764705882355,33,33,1,0,32,32,73055,1,0,0,1,1
2020-06-23,US,Wyoming,Albany,29,0,0,41.65498705,-105.72354150000001,56001.0,74.58847736625516,0.0,29,29,0,0,29,28,38601,0,0,0,0,1
2020-06-23,US,Wyoming,Big Horn,11,0,0,44.52405055,-107.9960365,56003.0,93.29940627650551,0.0,11,11,0,0,11,11,11881,0,0,0,0,0
2020-06-23,US,Wyoming,Campbell,50,0,0,44.24886082,-105.54744040000001,56005.0,107.89581580026326,0.0,50,47,0,0,47,47,46140,3,0,0,3,0
2020-06-23,US,Wyoming,Carbon,22,0,0,41.69357844,-106.9326084,56007.0,148.64864864864862,0.0,22,22,0,0,22,22,14971,0,0,0,0,0
2020-06-23,US,Wyoming,Converse,25,0,0,42.97272268,-105.5081848,56009.0,180.8710750976704,0.0,25,25,0,0,25,24,13640,0,0,0,0,1
2020-06-23,US,Wyoming,Crook,7,0,0,44.58855102,-104.56977049999999,56011.0,92.2995780590717,0.0,7,6,0,0,6,6,7450,1,0,0,1,0
2020-06-23,US,Wyoming,Fremont,339,0,0,43.04183996,-108.6296893,56013.0,863.4522808894322,0.0,339,335,0,0,335,329,39531,4,0,0,4,6
2020-06-23,US,Wyoming,Goshen,5,0,0,42.08798185,-104.3534743,56015.0,37.847248505033676,0.0,5,5,0,0,5,5,13376,0,0,0,0,0
2020-06-23,US,Wyoming,Hot Springs,12,0,0,43.71930657,-108.44231740000001,56017.0,271.92386131883075,0.0,12,12,0,0,12,12,4555,0,0,0,0,0
2020-06-23,US,Wyoming,Johnson,19,1,0,44.04057166,-106.58451740000001,56019.0,224.98519834221432,5.2631578947368425,18,19,1,0,18,19,8460,0,0,0,0,0
2020-06-23,US,Wyoming,Laramie,215,0,0,41.30702520000001,-104.6887497,56021.0,216.08040201005025,0.0,215,211,0,0,211,204,98976,4,0,0,4,7
2020-06-23,US,Wyoming,Lincoln,15,0,0,42.26376367,-110.6563997,56023.0,75.642965204236,0.0,15,15,0,0,15,16,19434,0,0,0,0,-1
2020-06-23,US,Wyoming,Natrona,98,0,0,42.96180148,-106.79788500000001,56025.0,122.7178241378447,0.0,98,98,0,0,98,96,79115,0,0,0,0,2
2020-06-23,US,Wyoming,Niobrara,2,0,0,43.05607708,-104.47588959999999,56027.0,84.88964346349746,0.0,2,2,0,0,2,2,2388,0,0,0,0,0
2020-06-23,US,Wyoming,Park,16,0,0,44.52157546,-109.58528249999999,56029.0,54.80578201000206,0.0,16,12,0,0,12,11,29324,4,0,0,4,1
2020-06-23,US,Wyoming,Platte,2,0,0,42.13299116,-104.96633100000001,56031.0,23.82938162754677,0.0,2,2,0,0,2,1,8566,0,0,0,0,1
2020-06-23,US,Wyoming,Sheridan,19,0,0,44.79048913,-106.8862389,56033.0,62.325733967525004,0.0,19,19,0,0,19,19,30233,0,0,0,0,0
2020-06-23,US,Wyoming,Sublette,5,0,0,42.76558279,-109.91309220000001,56035.0,50.85952598921778,0.0,5,5,0,0,5,4,9813,0,0,0,0,1
2020-06-23,US,Wyoming,Sweetwater,58,0,0,41.65943896,-108.8827882,56037.0,136.97659589542545,0.0,58,56,0,0,56,53,43051,2,0,0,2,3
2020-06-23,US,Wyoming,Teton,113,0,0,43.93522482,-110.5890801,56039.0,481.58881691101266,0.0,113,111,0,0,111,110,23081,2,0,0,2,1
2020-06-23,US,Wyoming,Uinta,152,0,0,41.2878183,-110.54757820000002,56041.0,751.5079600514191,0.0,152,148,0,0,148,138,20299,4,0,0,4,10
2020-06-23,US,Wyoming,Unassigned,0,19,0,0.0,0.0,90056.0,0.0,0.0,-19,0,19,0,-19,0,,0,0,0,0,0
2020-06-23,US,Wyoming,Washakie,39,0,0,43.90451606,-107.68018700000002,56043.0,499.6796925048046,0.0,39,39,0,0,39,39,7885,0,0,0,0,0
2020-06-23,US,Wyoming,Weston,1,0,0,43.83961191,-104.56748809999999,56045.0,14.436263894903998,0.0,1,1,0,0,1,1,6967,0,0,0,0,0
