Date,Country/Region,Province/State,Admin2,Confirmed,Deaths,Recovered,Latitude,Longitude,FIPS,Active Cases,Previous Confirmed,Previous Deaths,Previous Recovered,Previous Active,Prev2 Confirmed,Population,Daily Confirmed,Daily Deaths,Daily Recovered,Daily Active,Previous Daily Confirmed
2020-04-15,US,Alabama,Autauga,24,1,0,32.53952745,-86.64408227,1001.0,23,23,1,0,22,19,55601,1,0,0,1,4
2020-04-15,US,Alabama,Baldwin,91,2,0,30.72774991,-87.72207058,1003.0,89,87,2,0,85,72,218022,4,0,0,4,15
2020-04-15,US,Alabama,Barbour,12,0,0,31.868263,-85.3871286,1005.0,12,11,0,0,11,10,24881,1,0,0,1,1
2020-04-15,US,Alabama,Bibb,18,0,0,32.99642064,-87.12511459999996,1007.0,18,17,0,0,17,17,22400,1,0,0,1,0
2020-04-15,US,Alabama,Blount,17,0,0,33.98210918,-86.56790593,1009.0,17,16,0,0,16,14,57840,1,0,0,1,2
2020-04-15,US,Alabama,Bullock,8,0,0,32.10030533,-85.71265535,1011.0,8,8,0,0,8,5,10138,0,0,0,0,3
2020-04-15,US,Alabama,Butler,9,0,0,31.75300095,-86.68057478,1013.0,9,8,0,0,8,8,19680,1,0,0,1,0
2020-04-15,US,Alabama,Calhoun,62,0,0,33.77483727,-85.82630386,1015.0,62,62,0,0,62,61,114277,0,0,0,0,1
2020-04-15,US,Alabama,Chambers,221,10,0,32.91360079,-85.39072749,1017.0,211,216,10,0,206,212,33615,5,0,0,5,4
2020-04-15,US,Alabama,Cherokee,9,0,0,34.17805983,-85.60638968,1019.0,9,9,0,0,9,9,26032,0,0,0,0,0
2020-04-15,US,Alabama,Chilton,35,0,0,32.85044126,-86.7173256,1021.0,35,33,0,0,33,33,44153,2,0,0,2,0
2020-04-15,US,Alabama,Choctaw,12,0,0,32.02227341,-88.26564429999998,1023.0,12,12,0,0,12,10,12841,0,0,0,0,2
2020-04-15,US,Alabama,Clarke,21,0,0,31.68099859,-87.83548597,1025.0,21,21,0,0,21,19,23920,0,0,0,0,2
2020-04-15,US,Alabama,Clay,14,0,0,33.26984193,-85.85836077,1027.0,14,14,0,0,14,14,13275,0,0,0,0,0
2020-04-15,US,Alabama,Cleburne,12,0,0,33.67679204,-85.52005899,1029.0,12,12,0,0,12,12,14987,0,0,0,0,0
2020-04-15,US,Alabama,Coffee,40,0,0,31.39932826,-85.98901039,1031.0,40,36,0,0,36,36,51909,4,0,0,4,0
2020-04-15,US,Alabama,Colbert,11,1,0,34.69847452,-87.80168544,1033.0,10,11,1,0,10,10,54762,0,0,0,0,1
2020-04-15,US,Alabama,Conecuh,5,0,0,31.43401703,-86.99320044,1035.0,5,5,0,0,5,5,12277,0,0,0,0,0
2020-04-15,US,Alabama,Coosa,19,1,0,32.93690146,-86.24847739,1037.0,18,18,1,0,17,18,10715,1,0,0,1,0
2020-04-15,US,Alabama,Covington,17,0,0,31.2477854,-86.45050893,1039.0,17,16,0,0,16,13,36986,1,0,0,1,3
2020-04-15,US,Alabama,Crenshaw,3,0,0,31.72941803,-86.31593104,1041.0,3,3,0,0,3,3,13824,0,0,0,0,0
2020-04-15,US,Alabama,Cullman,40,1,0,34.13020303,-86.86888037,1043.0,39,40,1,0,39,39,83442,0,0,0,0,1
2020-04-15,US,Alabama,Dale,12,0,0,31.43037123,-85.61095742,1045.0,12,12,0,0,12,12,48956,0,0,0,0,0
2020-04-15,US,Alabama,Dallas,18,2,0,32.32688101,-87.10866709999998,1047.0,16,17,0,0,17,14,38310,1,2,0,-1,3
2020-04-15,US,Alabama,DeKalb,29,0,0,34.45946862,-85.80782906,1049.0,29,29,0,0,29,27,71385,0,0,0,0,2
2020-04-15,US,Alabama,Elmore,47,0,0,32.59785413,-86.14415284,1051.0,47,43,0,0,43,35,81887,4,0,0,4,8
2020-04-15,US,Alabama,Escambia,9,0,0,31.1256789,-87.15918694,1053.0,9,10,0,0,10,8,36748,-1,0,0,-1,2
2020-04-15,US,Alabama,Etowah,78,7,0,34.04567266,-86.04051873,1055.0,71,78,7,0,71,77,102501,0,0,0,0,1
2020-04-15,US,Alabama,Fayette,4,0,0,33.72076938,-87.73886638,1057.0,4,4,0,0,4,4,16433,0,0,0,0,0
2020-04-15,US,Alabama,Franklin,14,1,0,34.44235334,-87.84289505,1059.0,13,12,1,0,11,10,31363,2,0,0,2,2
2020-04-15,US,Alabama,Geneva,2,0,0,31.09389027,-85.83572839,1061.0,2,1,0,0,1,1,26314,1,0,0,1,0
2020-04-15,US,Alabama,Greene,18,0,0,32.85504247,-87.95684022,1063.0,18,18,0,0,18,18,8233,0,0,0,0,0
2020-04-15,US,Alabama,Hale,18,0,0,32.76039258,-87.63284988,1065.0,18,17,0,0,17,15,14726,1,0,0,1,2
2020-04-15,US,Alabama,Henry,14,0,0,31.51148016,-85.24267944,1067.0,14,14,0,0,14,13,17209,0,0,0,0,1
2020-04-15,US,Alabama,Houston,54,2,0,31.15197924,-85.29939599,1069.0,52,52,2,0,50,47,104722,2,0,0,2,5
2020-04-15,US,Alabama,Jackson,31,2,0,34.78144169,-85.99750489,1071.0,29,29,2,0,27,26,51736,2,0,0,2,3
2020-04-15,US,Alabama,Jefferson,625,17,0,33.55554728,-86.89506300000002,1073.0,608,620,16,0,604,612,659300,5,1,0,4,8
2020-04-15,US,Alabama,Lamar,7,0,0,33.77995024,-88.09668032,1075.0,7,7,0,0,7,8,13844,0,0,0,0,-1
2020-04-15,US,Alabama,Lauderdale,22,4,0,34.90171875,-87.65624729,1077.0,18,22,4,0,18,22,92387,0,0,0,0,0
2020-04-15,US,Alabama,Lawrence,8,0,0,34.52041498,-87.31069453,1079.0,8,8,0,0,8,8,32957,0,0,0,0,0
2020-04-15,US,Alabama,Lee,269,12,0,32.60154883,-85.35132246,1081.0,257,265,11,0,254,250,163941,4,1,0,3,15
2020-04-15,US,Alabama,Limestone,37,0,0,34.81185586,-86.98310072,1083.0,37,37,0,0,37,37,96174,0,0,0,0,0
2020-04-15,US,Alabama,Lowndes,20,0,0,32.1597283,-86.65158371,1085.0,20,19,0,0,19,15,9974,1,0,0,1,4
2020-04-15,US,Alabama,Macon,19,2,0,32.38759944,-85.69267724,1087.0,17,19,2,0,17,15,18439,0,0,0,0,4
2020-04-15,US,Alabama,Madison,191,3,0,34.76327133,-86.55069633,1089.0,188,191,3,0,188,187,366519,0,0,0,0,4
2020-04-15,US,Alabama,Marengo,23,1,0,32.24767634,-87.78796182,1091.0,22,23,1,0,22,22,19066,0,0,0,0,1
2020-04-15,US,Alabama,Marion,58,4,0,34.13697363,-87.88704173,1093.0,54,58,4,0,54,56,29763,0,0,0,0,2
2020-04-15,US,Alabama,Marshall,106,2,0,34.36975964,-86.30486727,1095.0,104,104,2,0,102,102,96109,2,0,0,2,2
2020-04-15,US,Alabama,Mobile,548,17,0,30.78472347,-88.20842409,1097.0,531,509,17,0,492,468,413757,39,0,0,39,41
2020-04-15,US,Alabama,Monroe,7,1,0,31.56729412,-87.36995001,1099.0,6,7,1,0,6,7,21067,0,0,0,0,0
2020-04-15,US,Alabama,Montgomery,174,5,0,32.2206831,-86.20969272,1101.0,169,161,5,0,156,135,225763,13,0,0,13,26
2020-04-15,US,Alabama,Morgan,42,0,0,34.45500589,-86.85475946,1103.0,42,41,0,0,41,42,119089,1,0,0,1,-1
2020-04-15,US,Alabama,Perry,7,0,0,32.64048341,-87.29770589,1105.0,7,7,0,0,7,6,9140,0,0,0,0,1
2020-04-15,US,Alabama,Pickens,26,0,0,33.28094866,-88.08818103,1107.0,26,24,0,0,24,23,19938,2,0,0,2,1
2020-04-15,US,Alabama,Pike,24,0,0,31.80396383,-85.9408295,1109.0,24,22,0,0,22,21,33338,2,0,0,2,1
2020-04-15,US,Alabama,Randolph,45,4,0,33.29526734,-85.45708831,1111.0,41,45,4,0,41,40,22725,0,0,0,0,5
2020-04-15,US,Alabama,Russell,30,0,0,32.28725256,-85.18415324,1113.0,30,30,0,0,30,27,57781,0,0,0,0,3
2020-04-15,US,Alabama,Shelby,237,7,0,33.26879845,-86.66232561,1117.0,230,235,7,0,228,230,215707,2,0,0,2,5
2020-04-15,US,Alabama,St. Clair,47,0,0,33.71902176,-86.31029372,1115.0,47,45,0,0,45,43,88690,2,0,0,2,2
2020-04-15,US,Alabama,Sumter,28,0,0,32.59117397,-88.19916205,1119.0,28,26,0,0,26,21,12691,2,0,0,2,5
2020-04-15,US,Alabama,Talladega,38,1,0,33.37823223,-86.16886178,1121.0,37,38,1,0,37,38,79828,0,0,0,0,0
2020-04-15,US,Alabama,Tallapoosa,127,7,0,32.86698258,-85.79833053,1123.0,120,123,7,0,116,101,40497,4,0,0,4,22
2020-04-15,US,Alabama,Tuscaloosa,128,0,0,33.28726072,-87.52556818,1125.0,128,122,0,0,122,121,208911,6,0,0,6,1
2020-04-15,US,Alabama,Walker,84,0,0,33.80270512,-87.30027177,1127.0,84,84,0,0,84,84,63711,0,0,0,0,0
2020-04-15,US,Alabama,Washington,12,1,0,31.4092794,-88.20689944,1129.0,11,12,1,0,11,12,16378,0,0,0,0,0
2020-04-15,US,Alabama,Wilcox,34,0,0,31.98773215,-87.30891118,1131.0,34,31,0,0,31,31,10627,3,0,0,3,0
2020-04-15,US,Alabama,Winston,4,0,0,34.15030532,-87.37325922,1133.0,4,4,0,0,4,4,23660,0,0,0,0,0
2020-04-15,US,Alaska,Anchorage,139,4,0,61.14998174,-149.14269860000005,2020.0,135,136,4,0,132,131,291538,3,0,0,3,5
2020-04-15,US,Alaska,Bethel,1,0,0,60.90980451,-159.8561831,2050.0,1,1,0,0,1,1,18216,0,0,0,0,0
2020-04-15,US,Alaska,Fairbanks North Star,79,1,0,64.80726247,-146.5692662,2090.0,78,79,1,0,78,79,98971,0,0,0,0,0
2020-04-15,US,Alaska,Juneau,21,0,0,58.45031811,-134.200436,2110.0,21,18,0,0,18,17,32113,3,0,0,3,1
2020-04-15,US,Alaska,Kenai Peninsula,16,0,0,60.24429722,-151.53888840000005,2122.0,16,15,0,0,15,15,58533,1,0,0,1,0
2020-04-15,US,Alaska,Ketchikan Gateway,15,0,0,55.57445008,-130.975561,2130.0,15,15,0,0,15,15,13918,0,0,0,0,0
2020-04-15,US,Alaska,Matanuska-Susitna,15,0,0,62.31305045,-149.5741743,2170.0,15,15,0,0,15,14,107610,0,0,0,0,1
2020-04-15,US,Alaska,Nome,1,0,0,64.90320724,-164.0353804,2180.0,1,,,,,,10008,,,,,
2020-04-15,US,Alaska,Petersburg,2,0,0,57.13978948,-132.9540995,2195.0,2,2,0,0,2,2,3221,0,0,0,0,0
2020-04-15,US,Alaska,Prince of Wales-Hyder,2,0,0,55.76261984,-133.0511621,2198.0,2,2,0,0,2,1,6422,0,0,0,0,1
2020-04-15,US,Alaska,Southeast Fairbanks,1,0,0,63.87692095,-143.2127643,2240.0,1,1,0,0,1,1,6918,0,0,0,0,0
2020-04-15,US,Alaska,Unassigned,0,4,0,0.0,0.0,90002.0,-4,0,4,0,-4,0,,0,0,0,0,0
2020-04-15,US,Alaska,Yukon-Koyukuk,1,0,0,65.50815459,-151.3907387,2290.0,1,1,0,0,1,1,5327,0,0,0,0,0
2020-04-15,US,Arizona,Apache,110,0,0,35.39465006,-109.4892383,4001.0,110,97,0,0,97,89,71818,13,0,0,13,8
2020-04-15,US,Arizona,Cochise,15,0,0,31.87934684,-109.7516088,4003.0,15,15,0,0,15,16,126770,0,0,0,0,-1
2020-04-15,US,Arizona,Coconino,266,24,0,35.83883429,-111.7707178,4005.0,242,270,22,0,248,253,142854,-4,2,0,-6,17
2020-04-15,US,Arizona,Gila,3,0,0,33.80190085,-110.8132779,4007.0,3,3,0,0,3,3,53889,0,0,0,0,0
2020-04-15,US,Arizona,Graham,2,0,0,32.93166885,-109.8882178,4009.0,2,2,0,0,2,2,38072,0,0,0,0,0
2020-04-15,US,Arizona,Greenlee,2,0,0,33.21498827,-109.2405279,4011.0,2,2,0,0,2,2,9483,0,0,0,0,0
2020-04-15,US,Arizona,La Paz,5,0,0,33.72854224,-113.9810029,4012.0,5,4,0,0,4,4,21098,1,0,0,1,0
2020-04-15,US,Arizona,Maricopa,2146,60,0,33.34835867,-112.4918154,4013.0,2086,2056,54,0,2002,2020,4410824,90,6,0,84,36
2020-04-15,US,Arizona,Mohave,45,0,0,35.70471703,-113.7577902,4015.0,45,45,0,0,45,40,209550,0,0,0,0,5
2020-04-15,US,Arizona,Navajo,390,1,0,35.3997715,-110.3218983,4017.0,389,355,1,0,354,345,110445,35,0,0,35,10
2020-04-15,US,Arizona,Pima,700,29,0,32.0971334,-111.7890033,4019.0,671,685,29,0,656,668,1039073,15,0,0,15,17
2020-04-15,US,Arizona,Pinal,182,0,0,32.90525627,-111.3449483,4021.0,182,175,0,0,175,168,447138,7,0,0,7,7
2020-04-15,US,Arizona,Santa Cruz,12,0,0,31.52508998,-110.8479088,4023.0,12,10,0,0,10,10,46511,2,0,0,2,0
2020-04-15,US,Arizona,Unassigned,0,27,0,0.0,0.0,90004.0,-27,0,24,0,-24,0,,0,3,0,-3,0
2020-04-15,US,Arizona,Yavapai,66,1,0,34.59933926,-112.5538588,4025.0,65,70,1,0,69,65,231993,-4,0,0,-4,5
2020-04-15,US,Arizona,Yuma,20,0,0,32.76895712,-113.90666740000002,4027.0,20,20,0,0,20,20,212128,0,0,0,0,0
2020-04-15,US,Arkansas,Arkansas,2,0,0,34.29145151,-91.37277296,5001.0,2,2,0,0,2,2,17769,0,0,0,0,0
2020-04-15,US,Arkansas,Ashley,11,0,0,33.19153461,-91.7698471,5003.0,11,11,0,0,11,11,20046,0,0,0,0,0
2020-04-15,US,Arkansas,Baxter,4,0,0,36.28784385,-92.33782872,5005.0,4,4,0,0,4,4,41619,0,0,0,0,0
2020-04-15,US,Arkansas,Benton,62,0,0,36.33644656,-94.25680817,5007.0,62,60,0,0,60,50,272608,2,0,0,2,10
2020-04-15,US,Arkansas,Boone,3,0,0,36.3084504,-93.09374925,5009.0,3,3,0,0,3,3,37480,0,0,0,0,0
2020-04-15,US,Arkansas,Bradley,7,0,0,33.46755808,-92.15980837,5011.0,7,7,0,0,7,7,10897,0,0,0,0,0
2020-04-15,US,Arkansas,Carroll,2,0,0,36.34038560000001,-93.54270261,5015.0,2,2,0,0,2,2,28223,0,0,0,0,0
2020-04-15,US,Arkansas,Chicot,7,0,0,33.26458973,-91.29539209,5017.0,7,7,0,0,7,5,10438,0,0,0,0,2
2020-04-15,US,Arkansas,Clark,27,0,0,34.04613432,-93.17484713,5019.0,27,26,0,0,26,26,22061,1,0,0,1,0
2020-04-15,US,Arkansas,Clay,1,0,0,36.36826212,-90.4148172,5021.0,1,1,0,0,1,1,14847,0,0,0,0,0
2020-04-15,US,Arkansas,Cleburne,70,4,0,35.53864922,-92.02640019,5023.0,66,70,4,0,66,70,24965,0,0,0,0,0
2020-04-15,US,Arkansas,Cleveland,8,0,0,33.89723187,-92.18537045,5025.0,8,8,0,0,8,8,8018,0,0,0,0,0
2020-04-15,US,Arkansas,Columbia,4,0,0,33.21230701,-93.22642793,5027.0,4,3,0,0,3,3,23537,1,0,0,1,0
2020-04-15,US,Arkansas,Conway,5,1,0,35.26205537,-92.70506566,5029.0,4,4,1,0,3,4,20891,1,0,0,1,0
2020-04-15,US,Arkansas,Craighead,38,0,0,35.83018283,-90.63235729,5031.0,38,36,0,0,36,36,108558,2,0,0,2,0
2020-04-15,US,Arkansas,Crawford,4,0,0,35.58928601,-94.2446814,5033.0,4,4,0,0,4,4,63406,0,0,0,0,0
2020-04-15,US,Arkansas,Crittenden,121,2,0,35.21247318,-90.30839406,5035.0,119,116,2,0,114,103,48342,5,0,0,5,13
2020-04-15,US,Arkansas,Cross,7,0,0,35.29631396,-90.77185818,5037.0,7,7,0,0,7,7,16676,0,0,0,0,0
2020-04-15,US,Arkansas,Dallas,1,0,0,33.97042763,-92.65167437,5039.0,1,1,0,0,1,1,7182,0,0,0,0,0
2020-04-15,US,Arkansas,Desha,6,0,0,33.83011025,-91.25500948,5041.0,6,6,0,0,6,6,11512,0,0,0,0,0
2020-04-15,US,Arkansas,Drew,6,1,0,33.59035001,-91.71777921,5043.0,5,6,1,0,5,6,18328,0,0,0,0,0
2020-04-15,US,Arkansas,Faulkner,58,2,0,35.14719007,-92.33717519,5045.0,56,58,2,0,56,57,124806,0,0,0,0,1
2020-04-15,US,Arkansas,Franklin,1,0,0,35.51202821,-93.89299569,5047.0,1,2,0,0,2,1,17810,-1,0,0,-1,1
2020-04-15,US,Arkansas,Garland,103,0,0,34.57692074,-93.14921604,5051.0,103,102,0,0,102,101,99154,1,0,0,1,1
2020-04-15,US,Arkansas,Grant,11,0,0,34.29017991,-92.42320562,5053.0,11,10,0,0,10,10,18188,1,0,0,1,0
2020-04-15,US,Arkansas,Greene,6,0,0,36.11735460000001,-90.55832668,5055.0,6,6,0,0,6,6,45325,0,0,0,0,0
2020-04-15,US,Arkansas,Hempstead,4,1,0,33.73325583,-93.66935133,5057.0,3,4,1,0,3,5,21741,0,0,0,0,-1
2020-04-15,US,Arkansas,Hot Spring,8,0,0,34.31709259,-92.95396325,5059.0,8,8,0,0,8,8,33701,0,0,0,0,0
2020-04-15,US,Arkansas,Howard,10,0,0,34.09007427,-93.9934871,5061.0,10,9,0,0,9,9,13341,1,0,0,1,0
2020-04-15,US,Arkansas,Independence,6,0,0,35.74242707,-91.57001641,5063.0,6,6,0,0,6,6,37678,0,0,0,0,0
2020-04-15,US,Arkansas,Izard,2,0,0,36.09604046,-91.90847954,5065.0,2,2,0,0,2,2,13593,0,0,0,0,0
2020-04-15,US,Arkansas,Jackson,1,0,0,35.59802983,-91.21494602,5067.0,1,1,0,0,1,,16811,0,0,0,0,
2020-04-15,US,Arkansas,Jefferson,106,6,0,34.26767081,-91.92619839,5069.0,100,105,5,0,100,100,68114,1,1,0,0,5
2020-04-15,US,Arkansas,Johnson,16,0,0,35.56759135,-93.46036368,5071.0,16,19,0,0,19,13,26742,-3,0,0,-3,6
2020-04-15,US,Arkansas,Lafayette,4,0,0,33.24116713,-93.60677071,5073.0,4,3,0,0,3,3,6682,1,0,0,1,0
2020-04-15,US,Arkansas,Lawrence,11,1,0,36.04188196,-91.10867198,5075.0,10,11,1,0,10,11,16434,0,0,0,0,0
2020-04-15,US,Arkansas,Lee,3,1,0,34.78498904,-90.78383866,5077.0,2,2,1,0,1,2,8985,1,0,0,1,0
2020-04-15,US,Arkansas,Lincoln,59,0,0,33.95317155,-91.74002806,5079.0,59,56,0,0,56,56,13383,3,0,0,3,0
2020-04-15,US,Arkansas,Logan,2,0,0,35.21413234,-93.71951016,5083.0,2,2,0,0,2,2,21737,0,0,0,0,0
2020-04-15,US,Arkansas,Lonoke,30,0,0,34.75392199,-91.88742357,5085.0,30,29,0,0,29,29,73657,1,0,0,1,0
2020-04-15,US,Arkansas,Madison,1,0,0,36.01038185,-93.72524943,5087.0,1,1,0,0,1,1,16481,0,0,0,0,0
2020-04-15,US,Arkansas,Marion,1,0,0,36.26844485,-92.68451899,5089.0,1,1,0,0,1,1,16722,0,0,0,0,0
2020-04-15,US,Arkansas,Miller,28,0,0,33.31403423,-93.89285258,5091.0,28,28,0,0,28,24,43592,0,0,0,0,4
2020-04-15,US,Arkansas,Mississippi,7,0,0,35.76271485,-90.05194370000002,5093.0,7,7,0,0,7,7,41239,0,0,0,0,0
2020-04-15,US,Arkansas,Monroe,2,0,0,34.6815935,-91.20540287,5095.0,2,2,0,0,2,2,6900,0,0,0,0,0
2020-04-15,US,Arkansas,Nevada,1,0,0,33.66340119,-93.30632432,5099.0,1,1,0,0,1,1,8326,0,0,0,0,0
2020-04-15,US,Arkansas,Newton,1,0,0,35.91947491,-93.21612969,5101.0,1,1,0,0,1,1,7805,0,0,0,0,0
2020-04-15,US,Arkansas,Ouachita,5,0,0,33.58839816,-92.87795984,5103.0,5,5,0,0,5,5,23606,0,0,0,0,0
2020-04-15,US,Arkansas,Perry,2,0,0,34.9459153,-92.94372564,5105.0,2,2,0,0,2,2,10352,0,0,0,0,0
2020-04-15,US,Arkansas,Phillips,4,1,0,34.43268455,-90.84800154,5107.0,3,4,1,0,3,4,18029,0,0,0,0,0
2020-04-15,US,Arkansas,Pike,2,0,0,34.16250414,-93.65789349,5109.0,2,2,0,0,2,2,10673,0,0,0,0,0
2020-04-15,US,Arkansas,Poinsett,7,0,0,35.57433534,-90.66268713,5111.0,7,7,0,0,7,7,23974,0,0,0,0,0
2020-04-15,US,Arkansas,Polk,6,0,0,34.48254879,-94.22728802,5113.0,6,6,0,0,6,6,20049,0,0,0,0,0
2020-04-15,US,Arkansas,Pope,31,0,0,35.44871474,-93.03212219,5115.0,31,31,0,0,31,31,64000,0,0,0,0,0
2020-04-15,US,Arkansas,Prairie,2,0,0,34.83624419,-91.55162157,5117.0,2,2,0,0,2,2,8074,0,0,0,0,0
2020-04-15,US,Arkansas,Pulaski,343,10,0,34.77054088,-92.31355101,5119.0,333,297,10,0,287,273,392680,46,0,0,46,24
2020-04-15,US,Arkansas,Randolph,9,0,0,36.3415714,-91.02455531,5121.0,9,8,0,0,8,8,17948,1,0,0,1,0
2020-04-15,US,Arkansas,Saline,34,1,0,34.64916145,-92.67583224,5125.0,33,33,1,0,32,32,121421,1,0,0,1,1
2020-04-15,US,Arkansas,Scott,1,0,0,34.85588887,-94.0632176,5127.0,1,1,0,0,1,1,10319,0,0,0,0,0
2020-04-15,US,Arkansas,Searcy,6,0,0,35.9109364,-92.69936482,5129.0,6,6,0,0,6,6,7958,0,0,0,0,0
2020-04-15,US,Arkansas,Sebastian,11,0,0,35.19605503,-94.27162713,5131.0,11,11,0,0,11,11,127753,0,0,0,0,0
2020-04-15,US,Arkansas,Sevier,8,0,0,33.99780401,-94.2424869,5133.0,8,8,0,0,8,8,17139,0,0,0,0,0
2020-04-15,US,Arkansas,Sharp,2,0,0,36.16258158,-91.47819342,5135.0,2,2,0,0,2,2,17366,0,0,0,0,0
2020-04-15,US,Arkansas,St. Francis,45,0,0,35.02201976,-90.74828138,5123.0,45,45,0,0,45,34,25439,0,0,0,0,11
2020-04-15,US,Arkansas,Stone,7,0,0,35.86251946,-92.15684085,5137.0,7,7,0,0,7,7,12457,0,0,0,0,0
2020-04-15,US,Arkansas,Unassigned,48,0,0,0.0,0.0,90005.0,48,45,0,0,45,36,,3,0,0,3,9
2020-04-15,US,Arkansas,Union,18,0,0,33.16887091,-92.59746952,5139.0,18,17,0,0,17,17,39126,1,0,0,1,0
2020-04-15,US,Arkansas,Van Buren,26,2,0,35.58095779,-92.51295036,5141.0,24,26,2,0,24,26,16603,0,0,0,0,0
2020-04-15,US,Arkansas,Washington,44,0,0,35.976844,-94.21800746,5143.0,44,43,0,0,43,43,236961,1,0,0,1,0
2020-04-15,US,Arkansas,White,28,0,0,35.25688493,-91.74908296,5145.0,28,28,0,0,28,28,78727,0,0,0,0,0
2020-04-15,US,Arkansas,Woodruff,1,0,0,35.18902527,-91.2439489,5147.0,1,1,0,0,1,1,6490,0,0,0,0,0
2020-04-15,US,Arkansas,Yell,1,0,0,35.00292371,-93.41171338,5149.0,1,1,0,0,1,1,21535,0,0,0,0,0
2020-04-15,US,California,Alameda,964,36,0,37.64629437,-121.8929271,6001.0,928,888,23,0,865,888,1666753,76,13,0,63,0
2020-04-15,US,California,Alpine,2,0,0,38.59678594,-119.8223594,6003.0,2,2,0,0,2,2,1101,0,0,0,0,0
2020-04-15,US,California,Amador,7,0,0,38.44583082,-120.65696,6005.0,7,7,0,0,7,7,39383,0,0,0,0,0
2020-04-15,US,California,Butte,16,0,0,39.66727762,-121.6005252,6007.0,16,15,0,0,15,14,231256,1,0,0,1,1
2020-04-15,US,California,Calaveras,9,0,0,38.20537103,-120.552913,6009.0,9,9,0,0,9,8,45602,0,0,0,0,1
2020-04-15,US,California,Colusa,3,0,0,39.17881957,-122.2331726,6011.0,3,3,0,0,3,3,21627,0,0,0,0,0
2020-04-15,US,California,Contra Costa,615,14,0,37.91923498,-121.9289527,6013.0,601,552,11,0,541,552,1150215,63,3,0,60,0
2020-04-15,US,California,Del Norte,2,0,0,41.74228275,-123.8974063,6015.0,2,2,0,0,2,2,27828,0,0,0,0,0
2020-04-15,US,California,El Dorado,35,0,0,38.77965956,-120.5233166,6017.0,35,34,0,0,34,32,190678,1,0,0,1,2
2020-04-15,US,California,Fresno,251,7,0,36.75733899,-119.6466953,6019.0,244,222,5,0,217,201,994400,29,2,0,27,21
2020-04-15,US,California,Glenn,4,0,0,39.59875897,-122.3938452,6021.0,4,4,0,0,4,3,28047,0,0,0,0,1
2020-04-15,US,California,Humboldt,51,0,0,40.69923009,-123.876044,6023.0,51,50,0,0,50,50,136373,1,0,0,1,0
2020-04-15,US,California,Imperial,117,3,0,33.0393082,-115.3669042,6025.0,114,100,3,0,97,87,181827,17,0,0,17,13
2020-04-15,US,California,Inyo,17,0,0,36.51112084,-117.41119779999998,6027.0,17,12,0,0,12,12,17987,5,0,0,5,0
2020-04-15,US,California,Kern,533,3,0,35.34329425,-118.7277796,6029.0,530,462,3,0,459,436,896764,71,0,0,71,26
2020-04-15,US,California,Kings,13,1,0,36.07409056,-119.8159973,6031.0,12,12,1,0,11,10,151366,1,0,0,1,2
2020-04-15,US,California,Lake,5,0,0,39.10124298,-122.7536244,6033.0,5,4,0,0,4,4,64382,1,0,0,1,0
2020-04-15,US,California,Los Angeles,10517,405,0,34.30828379,-118.2282411,6037.0,10112,10047,360,0,9687,9433,10105518,470,45,0,425,614
2020-04-15,US,California,Madera,33,2,0,37.21513971,-119.76655890000002,6039.0,31,33,2,0,31,33,157672,0,0,0,0,0
2020-04-15,US,California,Marin,171,10,0,38.07122463,-122.7210631,6041.0,161,170,10,0,160,164,259666,1,0,0,1,6
2020-04-15,US,California,Mendocino,4,0,0,39.4381191,-123.3911313,6045.0,4,4,0,0,4,4,87606,0,0,0,0,0
2020-04-15,US,California,Merced,76,3,0,37.18922369,-120.7209035,6047.0,73,74,3,0,71,65,274765,2,0,0,2,9
2020-04-15,US,California,Mono,23,1,0,37.93899289,-118.8872409,6051.0,22,23,1,0,22,23,14250,0,0,0,0,0
2020-04-15,US,California,Monterey,100,3,0,36.21862405,-121.2413397,6053.0,97,87,3,0,84,87,435594,13,0,0,13,0
2020-04-15,US,California,Napa,38,2,0,38.50735751,-122.332839,6055.0,36,38,2,0,36,34,139417,0,0,0,0,4
2020-04-15,US,California,Nevada,34,1,0,39.30394768,-120.7627281,6057.0,33,34,1,0,33,34,99696,0,0,0,0,0
2020-04-15,US,California,Orange,1376,22,0,33.70147516,-117.76459979999998,6059.0,1354,1299,19,0,1280,1283,3185968,77,3,0,74,16
2020-04-15,US,California,Placer,129,7,0,39.06167234,-120.7240569,6061.0,122,128,5,0,123,127,393149,1,2,0,-1,1
2020-04-15,US,California,Plumas,4,0,0,40.00355989,-120.8395236,6063.0,4,4,0,0,4,4,18804,0,0,0,0,0
2020-04-15,US,California,Riverside,1961,50,0,33.74314981,-115.9933578,6065.0,1911,1961,50,0,1911,1619,2450758,0,0,0,0,342
2020-04-15,US,California,Sacramento,853,32,0,38.45106826,-121.3425374,6067.0,821,816,28,0,788,739,1540975,37,4,0,33,77
2020-04-15,US,California,San Benito,39,2,0,36.60308176,-121.069975,6069.0,37,39,2,0,37,35,61537,0,0,0,0,4
2020-04-15,US,California,San Bernardino,977,31,0,34.84060306,-116.1774685,6071.0,946,977,31,0,946,887,2171603,0,0,0,0,90
2020-04-15,US,California,San Diego,1930,53,0,33.03484597,-116.7365326,6073.0,1877,1847,47,0,1800,1804,3343364,83,6,0,77,43
2020-04-15,US,California,San Francisco,1013,17,0,37.75215114,-122.4385672,6075.0,996,987,15,0,972,957,883305,26,2,0,24,30
2020-04-15,US,California,San Joaquin,341,17,0,37.93433732,-121.2730061,6077.0,324,314,17,0,297,293,752660,27,0,0,27,21
2020-04-15,US,California,San Luis Obispo,120,1,0,35.38822029,-120.4039028,6079.0,119,117,1,0,116,117,284010,3,0,0,3,0
2020-04-15,US,California,San Mateo,747,21,0,37.4228808,-122.32755459999998,6081.0,726,721,21,0,700,701,769545,26,0,0,26,20
2020-04-15,US,California,Santa Barbara,313,2,0,34.65329488,-120.0188492,6083.0,311,284,2,0,282,267,446527,29,0,0,29,17
2020-04-15,US,California,Santa Clara,1793,65,0,37.23104908,-121.6970462,6085.0,1728,1666,60,0,1606,1666,1937570,127,5,0,122,0
2020-04-15,US,California,Santa Cruz,96,2,0,37.05580291,-122.0066524,6087.0,94,91,2,0,89,91,274255,5,0,0,5,0
2020-04-15,US,California,Shasta,25,3,0,40.76391419,-122.0396884,6089.0,22,25,3,0,22,24,180040,0,0,0,0,1
2020-04-15,US,California,Siskiyou,5,0,0,41.59198861,-122.5407434,6093.0,5,5,0,0,5,5,43724,0,0,0,0,0
2020-04-15,US,California,Solano,140,2,0,38.26827353,-121.9357113,6095.0,138,135,2,0,133,121,446610,5,0,0,5,14
2020-04-15,US,California,Sonoma,160,2,0,38.52746429,-122.8862506,6097.0,158,152,2,0,150,147,499942,8,0,0,8,5
2020-04-15,US,California,Stanislaus,163,4,0,37.55862499,-120.9970722,6099.0,159,146,2,0,144,131,549815,17,2,0,15,15
2020-04-15,US,California,Sutter,24,3,0,39.03417539,-121.6945899,6101.0,21,23,3,0,20,37,96807,1,0,0,1,-14
2020-04-15,US,California,Tehama,1,1,0,40.12570935,-122.2370171,6103.0,0,1,0,0,1,1,63916,0,1,0,-1,0
2020-04-15,US,California,Tulare,352,15,0,36.22026558,-118.8020203,6107.0,337,296,13,0,283,264,465861,56,2,0,54,32
2020-04-15,US,California,Tuolumne,2,0,0,38.02644018,-119.9525093,6109.0,2,1,0,0,1,1,54539,1,0,0,1,0
2020-04-15,US,California,Ventura,365,13,0,34.44465746,-119.0910613,6111.0,352,317,10,0,307,314,850967,48,3,0,45,3
2020-04-15,US,California,Yolo,102,4,0,38.68278902,-121.9018288,6113.0,98,101,4,0,97,93,220408,1,0,0,1,8
2020-04-15,US,California,Yuba,15,1,0,39.26255932,-121.3535644,6115.0,14,15,1,0,14,15,78041,0,0,0,0,0
2020-04-15,US,Colorado,Adams,726,27,0,39.87432092,-104.3362578,8001.0,699,726,27,0,699,693,511868,0,0,0,0,33
2020-04-15,US,Colorado,Alamosa,7,2,0,37.57250606,-105.7885451,8003.0,5,7,2,0,5,7,16683,0,0,0,0,0
2020-04-15,US,Colorado,Arapahoe,1183,43,0,39.64977461,-104.3353617,8005.0,1140,1183,43,0,1140,1142,651215,0,0,0,0,41
2020-04-15,US,Colorado,Archuleta,6,0,0,37.19474156,-107.0476867,8007.0,6,6,0,0,6,6,13765,0,0,0,0,0
2020-04-15,US,Colorado,Baca,10,0,0,37.31940883,-102.5603223,8009.0,10,10,0,0,10,10,3585,0,0,0,0,0
2020-04-15,US,Colorado,Boulder,299,15,0,40.09313619,-105.3546767,8013.0,284,293,14,0,279,284,326078,6,1,0,5,9
2020-04-15,US,Colorado,Broomfield,88,2,0,39.95998787,-105.0566324,8014.0,86,88,2,0,86,81,69267,0,0,0,0,7
2020-04-15,US,Colorado,Chaffee,28,3,0,38.74745778,-106.19265729999998,8015.0,25,28,3,0,25,28,20027,0,0,0,0,0
2020-04-15,US,Colorado,Clear Creek,11,0,0,39.68864463,-105.6463118,8019.0,11,11,0,0,11,11,9605,0,0,0,0,0
2020-04-15,US,Colorado,Costilla,3,0,0,37.27732493,-105.4276548,8023.0,3,3,0,0,3,3,3828,0,0,0,0,0
2020-04-15,US,Colorado,Crowley,2,1,0,38.32608609,-103.7844965,8025.0,1,2,1,0,1,2,5858,0,0,0,0,0
2020-04-15,US,Colorado,Custer,2,0,0,38.10883162,-105.3683478,8027.0,2,2,0,0,2,2,4954,0,0,0,0,0
2020-04-15,US,Colorado,Delta,12,1,0,38.86246243,-107.8631342,8029.0,11,12,1,0,11,7,30953,0,0,0,0,5
2020-04-15,US,Colorado,Denver,1402,56,0,39.76018276,-104.8725695,8031.0,1346,1402,56,0,1346,1346,716492,0,0,0,0,56
2020-04-15,US,Colorado,Douglas,311,12,0,39.33133796,-104.930001,8035.0,299,311,12,0,299,304,342776,0,0,0,0,7
2020-04-15,US,Colorado,Eagle,468,6,0,39.62754308,-106.6933637,8037.0,462,468,6,0,462,457,54993,0,0,0,0,11
2020-04-15,US,Colorado,El Paso,652,41,0,38.83240149,-104.5251411,8041.0,611,652,41,0,611,641,713856,0,0,0,0,11
2020-04-15,US,Colorado,Elbert,17,1,0,39.28656773,-104.1358721,8039.0,16,17,1,0,16,16,26282,0,0,0,0,1
2020-04-15,US,Colorado,Fremont,8,0,0,38.47362326,-105.4399667,8043.0,8,8,0,0,8,8,48021,0,0,0,0,0
2020-04-15,US,Colorado,Garfield,59,2,0,39.59921777,-107.902708,8045.0,57,59,2,0,57,58,59770,0,0,0,0,1
2020-04-15,US,Colorado,Gilpin,1,0,0,39.85646523,-105.5252597,8047.0,1,1,0,0,1,1,6121,0,0,0,0,0
2020-04-15,US,Colorado,Grand,4,0,0,40.10603347,-106.1178042,8049.0,4,4,0,0,4,4,15525,0,0,0,0,0
2020-04-15,US,Colorado,Gunnison,99,3,0,38.66611652,-107.0320729,8051.0,96,99,3,0,96,99,17246,0,0,0,0,0
2020-04-15,US,Colorado,Hinsdale,3,0,0,37.82247444,-107.3004345,8053.0,3,3,0,0,3,2,811,0,0,0,0,1
2020-04-15,US,Colorado,Huerfano,1,0,0,37.68473101,-104.9612585,8055.0,1,1,0,0,1,1,6889,0,0,0,0,0
2020-04-15,US,Colorado,Jefferson,809,31,0,39.58635604,-105.2517692,8059.0,778,809,31,0,778,787,580233,0,0,0,0,22
2020-04-15,US,Colorado,Kit Carson,8,1,0,39.30497777,-102.6022199,8063.0,7,8,1,0,7,8,7163,0,0,0,0,0
2020-04-15,US,Colorado,La Plata,44,0,0,37.28632032,-107.8429014,8067.0,44,44,0,0,44,44,56310,0,0,0,0,0
2020-04-15,US,Colorado,Lake,5,0,0,39.20278823,-106.3555697,8065.0,5,5,0,0,5,4,7824,0,0,0,0,1
2020-04-15,US,Colorado,Larimer,198,9,0,40.66671597,-105.4625784,8069.0,189,198,9,0,189,193,350518,0,0,0,0,5
2020-04-15,US,Colorado,Las Animas,2,0,0,37.3153406,-104.0376458,8071.0,2,2,0,0,2,2,14503,0,0,0,0,0
2020-04-15,US,Colorado,Lincoln,2,0,0,38.98749519,-103.5136649,8073.0,2,2,0,0,2,2,5610,0,0,0,0,0
2020-04-15,US,Colorado,Logan,13,0,0,40.7249637,-103.110817,8075.0,13,13,0,0,13,13,21528,0,0,0,0,0
2020-04-15,US,Colorado,Mesa,35,0,0,39.01787888,-108.469799,8077.0,35,35,0,0,35,35,153207,0,0,0,0,0
2020-04-15,US,Colorado,Mineral,2,0,0,37.66954283,-106.9281698,8079.0,2,2,0,0,2,2,776,0,0,0,0,0
2020-04-15,US,Colorado,Moffat,3,0,0,40.61810999,-108.2070876,8081.0,3,3,0,0,3,3,13188,0,0,0,0,0
2020-04-15,US,Colorado,Montezuma,12,2,0,37.33859579,-108.5958857,8083.0,10,12,2,0,10,12,26158,0,0,0,0,0
2020-04-15,US,Colorado,Montrose,63,5,0,38.40214114,-108.26390220000002,8085.0,58,63,5,0,58,59,42214,0,0,0,0,4
2020-04-15,US,Colorado,Morgan,89,0,0,40.26279810000001,-103.8093302,8087.0,89,89,0,0,89,75,28558,0,0,0,0,14
2020-04-15,US,Colorado,Otero,5,0,0,37.9014485,-103.7173385,8089.0,5,5,0,0,5,5,18432,0,0,0,0,0
2020-04-15,US,Colorado,Ouray,4,1,0,38.14717457,-107.7675136,8091.0,3,4,1,0,3,4,4833,0,0,0,0,0
2020-04-15,US,Colorado,Park,6,0,0,39.120926,-105.7182065,8093.0,6,6,0,0,6,6,18556,0,0,0,0,0
2020-04-15,US,Colorado,Phillips,4,0,0,40.59414277,-102.3577703,8095.0,4,4,0,0,4,4,4286,0,0,0,0,0
2020-04-15,US,Colorado,Pitkin,49,2,0,39.21720112,-106.9310027,8097.0,47,49,2,0,47,49,17950,0,0,0,0,0
2020-04-15,US,Colorado,Prowers,1,0,0,37.95544985,-102.3926052,8099.0,1,1,0,0,1,1,12164,0,0,0,0,0
2020-04-15,US,Colorado,Pueblo,64,4,0,38.17359144,-104.5127437,8101.0,60,64,4,0,60,64,167529,0,0,0,0,0
2020-04-15,US,Colorado,Rio Blanco,1,0,0,39.97913541,-108.2179009,8103.0,1,1,0,0,1,1,6336,0,0,0,0,0
2020-04-15,US,Colorado,Rio Grande,5,0,0,37.5836865,-106.3847838,8105.0,5,5,0,0,5,5,11250,0,0,0,0,0
2020-04-15,US,Colorado,Routt,41,0,0,40.48596505,-106.9905548,8107.0,41,41,0,0,41,41,25733,0,0,0,0,0
2020-04-15,US,Colorado,Saguache,3,0,0,38.08054629,-106.282466,8109.0,3,3,0,0,3,3,6843,0,0,0,0,0
2020-04-15,US,Colorado,San Miguel,12,0,0,38.00450883,-108.4020725,8113.0,12,12,0,0,12,12,8191,0,0,0,0,0
2020-04-15,US,Colorado,Summit,74,1,0,39.63803232,-106.1150762,8117.0,73,74,1,0,73,72,31007,0,0,0,0,2
2020-04-15,US,Colorado,Teller,16,2,0,38.88133511,-105.1614893,8119.0,14,16,2,0,14,15,25083,0,0,0,0,1
2020-04-15,US,Colorado,Unassigned,119,0,0,0.0,0.0,90008.0,119,119,0,0,119,145,,0,0,0,0,-26
2020-04-15,US,Colorado,Washington,5,0,0,39.97015535,-103.202587,8121.0,5,5,0,0,5,2,4909,0,0,0,0,3
2020-04-15,US,Colorado,Weld,858,55,0,40.55499405,-104.3929621,8123.0,803,858,55,0,803,808,314305,0,0,0,0,50
2020-04-15,US,Colorado,Yuma,2,0,0,40.00346839,-102.4258673,8125.0,2,2,0,0,2,2,10020,0,0,0,0,0
2020-04-15,US,Connecticut,Fairfield,6480,365,0,41.26809896,-73.3881171,9001.0,6115,6213,287,0,5926,6004,943823,267,78,0,189,209
2020-04-15,US,Connecticut,Hartford,2570,213,0,41.80283011,-72.73103891,9003.0,2357,2370,153,0,2217,2243,892697,200,60,0,140,127
2020-04-15,US,Connecticut,Litchfield,490,35,0,41.7937534,-73.2451475,9005.0,455,460,29,0,431,446,181111,30,6,0,24,14
2020-04-15,US,Connecticut,Middlesex,379,28,0,41.45949668,-72.53714864,9007.0,351,355,21,0,334,339,162682,24,7,0,17,16
2020-04-15,US,Connecticut,New Haven,3758,195,0,41.4080325,-72.93620426,9009.0,3563,3543,151,0,3392,3358,857620,215,44,0,171,185
2020-04-15,US,Connecticut,New London,236,7,0,41.48896435,-72.10430976,9011.0,229,227,7,0,220,222,266784,9,0,0,9,5
2020-04-15,US,Connecticut,Tolland,216,22,0,41.85853803,-72.3308481,9013.0,194,201,18,0,183,195,150921,15,4,0,11,6
2020-04-15,US,Connecticut,Unassigned,537,2,0,0.0,0.0,90009.0,535,533,4,0,529,491,,4,-2,0,6,42
2020-04-15,US,Connecticut,Windham,89,1,0,41.82972709,-71.98182316,9015.0,88,87,1,0,86,83,117027,2,0,0,2,4
2020-04-15,US,Delaware,Kent,345,7,0,39.08646628,-75.56884914,10001.0,338,329,7,0,322,288,178550,16,0,0,16,41
2020-04-15,US,Delaware,New Castle,974,20,0,39.57992638,-75.64054974,10003.0,954,947,20,0,927,919,559335,27,0,0,27,28
2020-04-15,US,Delaware,Sussex,678,16,0,38.66143781,-75.39031349,10005.0,662,639,16,0,623,551,229286,39,0,0,39,88
2020-04-15,US,Delaware,Unassigned,17,3,0,0.0,0.0,90010.0,14,11,0,0,11,,,6,3,0,3,
2020-04-15,US,District of Columbia,District of Columbia,2197,72,0,38.90417773,-77.01655992,11001.0,2125,2058,67,0,1991,1955,702455,139,5,0,134,103
2020-04-15,US,Florida,Alachua,194,0,0,29.67866525,-82.35928158,12001.0,194,195,0,0,195,187,269956,-1,0,0,-1,8
2020-04-15,US,Florida,Baker,17,2,0,30.33060121,-82.28467476,12003.0,15,17,2,0,15,17,28355,0,0,0,0,0
2020-04-15,US,Florida,Bay,39,2,0,30.26548745,-85.62122584,12005.0,37,38,1,0,37,38,185287,1,1,0,0,0
2020-04-15,US,Florida,Bradford,35,1,0,29.95079741,-82.16611613,12007.0,34,31,1,0,30,30,27732,4,0,0,4,1
2020-04-15,US,Florida,Brevard,173,6,0,28.29409504,-80.73091022,12009.0,167,163,6,0,157,148,596849,10,0,0,10,15
2020-04-15,US,Florida,Broward,3363,92,0,26.15184651,-80.48725556,12011.0,3271,3261,78,0,3183,3177,1951260,102,14,0,88,84
2020-04-15,US,Florida,Calhoun,5,0,0,30.40666734,-85.19394153,12013.0,5,5,0,0,5,5,14587,0,0,0,0,0
2020-04-15,US,Florida,Charlotte,124,5,0,26.90131002,-81.92949121,12015.0,119,123,5,0,118,119,184998,1,0,0,1,4
2020-04-15,US,Florida,Citrus,74,8,0,28.84804315,-82.47614748,12017.0,66,75,7,0,68,72,147929,-1,1,0,-2,3
2020-04-15,US,Florida,Clay,170,9,0,29.98319144,-81.85609986,12019.0,161,168,9,0,159,165,216072,2,0,0,2,3
2020-04-15,US,Florida,Collier,395,5,0,26.11091986,-81.34687065,12021.0,390,380,5,0,375,376,378488,15,0,0,15,4
2020-04-15,US,Florida,Columbia,34,0,0,30.22509788,-82.62160164,12023.0,34,28,0,0,28,27,70503,6,0,0,6,1
2020-04-15,US,Florida,DeSoto,22,3,0,27.18677893,-81.80941373,12027.0,19,22,3,0,19,22,37489,0,0,0,0,0
2020-04-15,US,Florida,Dixie,3,0,0,29.60631086,-83.15724673,12029.0,3,2,0,0,2,2,16700,1,0,0,1,0
2020-04-15,US,Florida,Duval,745,14,0,30.33225875,-81.66976468,12031.0,731,718,13,0,705,691,950181,27,1,0,26,27
2020-04-15,US,Florida,Escambia,260,4,0,30.67652764,-87.37284571,12033.0,256,247,3,0,244,241,315534,13,1,0,12,6
2020-04-15,US,Florida,Flagler,46,2,0,29.45933576,-81.31508595,12035.0,44,45,2,0,43,45,112067,1,0,0,1,0
2020-04-15,US,Florida,Franklin,2,0,0,29.83791238,-84.82731662,12037.0,2,2,0,0,2,2,11736,0,0,0,0,0
2020-04-15,US,Florida,Gadsden,40,0,0,30.57796289,-84.61915825,12039.0,40,38,0,0,38,36,45894,2,0,0,2,2
2020-04-15,US,Florida,Gilchrist,6,0,0,29.72856978,-82.79880657,12041.0,6,6,0,0,6,4,18256,0,0,0,0,2
2020-04-15,US,Florida,Glades,5,1,0,26.95635849,-81.18996211,12043.0,4,5,1,0,4,5,13724,0,0,0,0,0
2020-04-15,US,Florida,Gulf,1,0,0,29.93543004,-85.24270990000002,12045.0,1,1,0,0,1,1,16164,0,0,0,0,0
2020-04-15,US,Florida,Hamilton,2,0,0,30.49673973,-82.94998918,12047.0,2,2,0,0,2,2,14310,0,0,0,0,0
2020-04-15,US,Florida,Hardee,3,0,0,27.49293939,-81.80956574,12049.0,3,3,0,0,3,3,27245,0,0,0,0,0
2020-04-15,US,Florida,Hendry,26,0,0,26.55386945,-81.16469006,12051.0,26,23,0,0,23,22,41556,3,0,0,3,1
2020-04-15,US,Florida,Hernando,76,2,0,28.55364461,-82.42700204,12053.0,74,71,2,0,69,71,190865,5,0,0,5,0
2020-04-15,US,Florida,Highlands,64,6,0,27.34254618,-81.34071957,12055.0,58,62,5,0,57,61,105424,2,1,0,1,1
2020-04-15,US,Florida,Hillsborough,869,18,0,27.9276559,-82.32013172,12057.0,851,819,17,0,802,813,1436888,50,1,0,49,6
2020-04-15,US,Florida,Holmes,4,0,0,30.86747479,-85.81319222,12059.0,4,4,0,0,4,2,19477,0,0,0,0,2
2020-04-15,US,Florida,Indian River,78,1,0,27.69308961,-80.60556721,12061.0,77,77,1,0,76,77,157413,1,0,0,1,0
2020-04-15,US,Florida,Jackson,6,0,0,30.7954597,-85.21500423,12063.0,6,6,0,0,6,6,48305,0,0,0,0,0
2020-04-15,US,Florida,Jefferson,22,1,0,30.43669112,-83.89442308,12065.0,21,13,1,0,12,12,14288,9,0,0,9,1
2020-04-15,US,Florida,Lafayette,1,0,0,29.98484137,-83.18166636,12067.0,1,1,0,0,1,1,8732,0,0,0,0,0
2020-04-15,US,Florida,Lake,179,5,0,28.76202069,-81.7125123,12069.0,174,169,4,0,165,162,356495,10,1,0,9,7
2020-04-15,US,Florida,Lee,677,22,0,26.58410348,-81.88399313,12071.0,655,657,18,0,639,642,754610,20,4,0,16,15
2020-04-15,US,Florida,Leon,154,0,0,30.45955727,-84.27491114,12073.0,154,150,0,0,150,150,292502,4,0,0,4,0
2020-04-15,US,Florida,Levy,7,0,0,29.31829741,-82.74007147,12075.0,7,7,0,0,7,7,40770,0,0,0,0,0
2020-04-15,US,Florida,Liberty,2,0,0,30.23766008,-84.8829258,12077.0,2,2,0,0,2,2,8457,0,0,0,0,0
2020-04-15,US,Florida,Madison,15,0,0,30.44396917,-83.47398594,12079.0,15,14,0,0,14,14,18529,1,0,0,1,0
2020-04-15,US,Florida,Manatee,276,19,0,27.47196942,-82.31831044,12081.0,257,261,16,0,245,252,394855,15,3,0,12,9
2020-04-15,US,Florida,Marion,107,3,0,29.21227113,-82.05803627,12083.0,104,104,3,0,101,101,359977,3,0,0,3,3
2020-04-15,US,Florida,Martin,138,4,0,27.0772071,-80.43109784,12085.0,134,135,3,0,132,129,160912,3,1,0,2,6
2020-04-15,US,Florida,Miami-Dade,8066,146,0,25.6112362,-80.55170587,12086.0,7920,7712,125,0,7587,7459,2761581,354,21,0,333,253
2020-04-15,US,Florida,Monroe,66,3,0,25.20904673,-81.07812416,12087.0,63,64,3,0,61,64,75027,2,0,0,2,0
2020-04-15,US,Florida,Nassau,37,0,0,30.61037141,-81.80297522,12089.0,37,35,0,0,35,34,85832,2,0,0,2,1
2020-04-15,US,Florida,Okaloosa,107,1,0,30.69143028,-86.59267105,12091.0,106,104,1,0,103,103,207269,3,0,0,3,1
2020-04-15,US,Florida,Okeechobee,5,0,0,27.386336199999995,-80.88944347,12093.0,5,5,0,0,5,5,41537,0,0,0,0,0
2020-04-15,US,Florida,Orange,1073,18,0,28.51367621,-81.31799498,12095.0,1055,1038,13,0,1025,1024,1380645,35,5,0,30,14
2020-04-15,US,Florida,Osceola,361,5,0,28.06312234,-81.14882926,12097.0,356,349,5,0,344,333,367990,12,0,0,12,16
2020-04-15,US,Florida,Palm Beach,1814,105,0,26.64676272,-80.46536002,12099.0,1709,1740,93,0,1647,1704,1485941,74,12,0,62,36
2020-04-15,US,Florida,Pasco,186,3,0,28.30810945,-82.40227529,12101.0,183,177,3,0,174,169,539630,9,0,0,9,8
2020-04-15,US,Florida,Pinellas,513,14,0,27.93130349,-82.72239666,12103.0,499,494,14,0,480,479,975280,19,0,0,19,15
2020-04-15,US,Florida,Polk,286,10,0,27.95027105,-81.69732947,12105.0,276,279,10,0,269,270,708009,7,0,0,7,9
2020-04-15,US,Florida,Putnam,46,1,0,29.60779729,-81.74230285,12107.0,45,43,1,0,42,42,74163,3,0,0,3,1
2020-04-15,US,Florida,Santa Rosa,115,4,0,30.69341450000001,-87.02458128,12113.0,111,114,4,0,110,113,179349,1,0,0,1,1
2020-04-15,US,Florida,Sarasota,252,16,0,27.18546175,-82.33174248,12115.0,236,241,14,0,227,230,426718,11,2,0,9,11
2020-04-15,US,Florida,Seminole,283,2,0,28.7158582,-81.24060348,12117.0,281,275,2,0,273,268,467832,8,0,0,8,7
2020-04-15,US,Florida,St. Johns,179,2,0,29.90096506,-81.43589967,12109.0,177,177,2,0,175,176,254261,2,0,0,2,1
2020-04-15,US,Florida,St. Lucie,172,8,0,27.37763908,-80.47106649,12111.0,164,165,7,0,158,161,321128,7,1,0,6,4
2020-04-15,US,Florida,Sumter,114,11,0,28.70181754,-82.0794267,12119.0,103,113,9,0,104,112,128754,1,2,0,-1,1
2020-04-15,US,Florida,Suwannee,80,3,0,30.19746066,-82.99099670000003,12121.0,77,75,3,0,72,68,44191,5,0,0,5,7
2020-04-15,US,Florida,Taylor,1,0,0,30.04848048,-83.60445406,12123.0,1,1,0,0,1,1,21623,0,0,0,0,0
2020-04-15,US,Florida,Unassigned,5,0,0,0.0,0.0,90012.0,5,3,47,0,-44,2,,2,-47,0,49,1
2020-04-15,US,Florida,Union,2,0,0,30.04412971,-82.37497443,12125.0,2,2,0,0,2,2,14940,0,0,0,0,0
2020-04-15,US,Florida,Volusia,242,8,0,29.05858895,-81.18263252,12127.0,234,226,7,0,219,216,547538,16,1,0,15,10
2020-04-15,US,Florida,Wakulla,13,1,0,30.16548905,-84.39895211,12129.0,12,12,2,0,10,12,32461,1,-1,0,2,0
2020-04-15,US,Florida,Walton,29,0,0,30.64204028,-86.16935664,12131.0,29,29,0,0,29,29,71375,0,0,0,0,0
2020-04-15,US,Florida,Washington,5,0,0,30.61359259,-85.66002461,12133.0,5,5,0,0,5,4,24880,0,0,0,0,1
2020-04-15,US,Georgia,Appling,14,0,0,31.74847232,-82.28909114,13001.0,14,13,0,0,13,11,18507,1,0,0,1,2
2020-04-15,US,Georgia,Atkinson,2,0,0,31.29633502,-82.87545866,13003.0,2,2,0,0,2,2,8297,0,0,0,0,0
2020-04-15,US,Georgia,Bacon,14,0,0,31.55456473,-82.45936528,13005.0,14,14,0,0,14,14,11185,0,0,0,0,0
2020-04-15,US,Georgia,Baker,16,2,0,31.32669878,-84.44218806,13007.0,14,16,2,0,14,16,3092,0,0,0,0,0
2020-04-15,US,Georgia,Baldwin,90,2,0,33.06882326,-83.24701748,13009.0,88,69,2,0,67,53,44823,21,0,0,21,16
2020-04-15,US,Georgia,Banks,8,0,0,34.35607081,-83.49644388,13011.0,8,8,0,0,8,7,18988,0,0,0,0,1
2020-04-15,US,Georgia,Barrow,66,3,0,33.99148694,-83.71436292,13013.0,63,65,3,0,62,55,80809,1,0,0,1,10
2020-04-15,US,Georgia,Bartow,235,17,0,34.23732119,-84.83887523,13015.0,218,230,17,0,213,216,106408,5,0,0,5,14
2020-04-15,US,Georgia,Ben Hill,10,0,0,31.76095874,-83.22145359,13017.0,10,10,0,0,10,8,16787,0,0,0,0,2
2020-04-15,US,Georgia,Berrien,8,0,0,31.27590016,-83.22529920000002,13019.0,8,8,0,0,8,6,19252,0,0,0,0,2
2020-04-15,US,Georgia,Bibb,95,1,0,32.80904227,-83.70489165,13021.0,94,91,1,0,90,72,153095,4,0,0,4,19
2020-04-15,US,Georgia,Bleckley,3,0,0,32.43829035,-83.33035166,13023.0,3,3,0,0,3,3,12838,0,0,0,0,0
2020-04-15,US,Georgia,Brantley,13,1,0,31.19576557,-81.97743999,13025.0,12,12,1,0,11,11,18897,1,0,0,1,1
2020-04-15,US,Georgia,Brooks,21,1,0,30.83922642,-83.58303423,13027.0,20,20,1,0,19,19,15513,1,0,0,1,1
2020-04-15,US,Georgia,Bryan,30,2,0,32.00979311,-81.44002948,13029.0,28,30,2,0,28,31,38109,0,0,0,0,-1
2020-04-15,US,Georgia,Bulloch,22,1,0,32.39577406,-81.74811421,13031.0,21,20,1,0,19,19,77296,2,0,0,2,1
2020-04-15,US,Georgia,Burke,28,2,0,33.05917989,-81.99928721,13033.0,26,28,2,0,26,28,22423,0,0,0,0,0
2020-04-15,US,Georgia,Butts,36,0,0,33.283094500000004,-83.95435040000002,13035.0,36,35,0,0,35,30,24193,1,0,0,1,5
2020-04-15,US,Georgia,Calhoun,58,2,0,31.53169785,-84.62725131,13037.0,56,54,2,0,52,48,6352,4,0,0,4,6
2020-04-15,US,Georgia,Camden,23,0,0,30.92951916,-81.66601818,13039.0,23,22,0,0,22,22,53677,1,0,0,1,0
2020-04-15,US,Georgia,Candler,4,0,0,32.40209349,-82.07702563,13043.0,4,4,0,0,4,4,10836,0,0,0,0,0
2020-04-15,US,Georgia,Carroll,237,6,0,33.58138199,-85.07976677,13045.0,231,235,6,0,229,214,118121,2,0,0,2,21
2020-04-15,US,Georgia,Catoosa,17,0,0,34.89872298,-85.13757014,13047.0,17,15,0,0,15,13,67420,2,0,0,2,2
2020-04-15,US,Georgia,Charlton,4,0,0,30.78371028,-82.13951596,13049.0,4,4,0,0,4,3,12968,0,0,0,0,1
2020-04-15,US,Georgia,Chatham,160,5,0,32.00043026,-81.12489526,13051.0,155,157,5,0,152,152,289195,3,0,0,3,5
2020-04-15,US,Georgia,Chattahoochee,5,0,0,32.34341231,-84.78809239,13053.0,5,5,0,0,5,3,10684,0,0,0,0,2
2020-04-15,US,Georgia,Chattooga,8,1,0,34.47197698,-85.34535662,13055.0,7,8,1,0,7,7,24790,0,0,0,0,1
2020-04-15,US,Georgia,Cherokee,225,8,0,34.24393976,-84.47431861,13057.0,217,219,7,0,212,198,254149,6,1,0,5,21
2020-04-15,US,Georgia,Clarke,98,12,0,33.95436462,-83.37124007,13059.0,86,95,12,0,83,85,127330,3,0,0,3,10
2020-04-15,US,Georgia,Clay,16,2,0,31.62221166,-84.97713865,13061.0,14,16,1,0,15,16,2887,0,1,0,-1,0
2020-04-15,US,Georgia,Clayton,456,13,0,33.54187245,-84.35594188,13063.0,443,435,12,0,423,391,289615,21,1,0,20,44
2020-04-15,US,Georgia,Clinch,7,0,0,30.91395822,-82.70432472,13065.0,7,6,0,0,6,6,6648,1,0,0,1,0
2020-04-15,US,Georgia,Cobb,924,43,0,33.94243204,-84.5761255,13067.0,881,895,41,0,854,782,756865,29,2,0,27,113
2020-04-15,US,Georgia,Coffee,65,3,0,31.54892966,-82.85492059999999,13069.0,62,64,3,0,61,60,43093,1,0,0,1,4
2020-04-15,US,Georgia,Colquitt,89,5,0,31.18810588,-83.7677946,13071.0,84,88,5,0,83,88,45592,1,0,0,1,0
2020-04-15,US,Georgia,Columbia,78,0,0,33.54534185,-82.263524,13073.0,78,75,0,0,75,70,154291,3,0,0,3,5
2020-04-15,US,Georgia,Cook,8,0,0,31.16068491,-83.42947229,13075.0,8,7,0,0,7,7,17162,1,0,0,1,0
2020-04-15,US,Georgia,Coweta,136,3,0,33.35334302,-84.76129976,13077.0,133,135,2,0,133,119,145864,1,1,0,0,16
2020-04-15,US,Georgia,Crawford,10,0,0,32.71391813,-83.98061238,13079.0,10,9,0,0,9,3,12318,1,0,0,1,6
2020-04-15,US,Georgia,Crisp,88,1,0,31.92289565,-83.76811843,13081.0,87,83,1,0,82,71,22601,5,0,0,5,12
2020-04-15,US,Georgia,Dade,3,1,0,34.854916700000004,-85.50490424,13083.0,2,3,1,0,2,2,16226,0,0,0,0,1
2020-04-15,US,Georgia,Dawson,37,2,0,34.44244079,-84.16964071,13085.0,35,36,2,0,34,29,25083,1,0,0,1,7
2020-04-15,US,Georgia,DeKalb,1191,15,0,33.76944049,-84.22396017,13089.0,1176,1144,15,0,1129,980,756558,47,0,0,47,164
2020-04-15,US,Georgia,Decatur,47,0,0,30.87967778,-84.57619536,13087.0,47,46,0,0,46,36,26575,1,0,0,1,10
2020-04-15,US,Georgia,Dodge,17,0,0,32.17265114,-83.16948926,13091.0,17,17,0,0,17,14,20705,0,0,0,0,3
2020-04-15,US,Georgia,Dooly,52,3,0,32.15630737,-83.79746561,13093.0,49,51,2,0,49,50,13706,1,1,0,0,1
2020-04-15,US,Georgia,Dougherty,1308,83,0,31.53328528,-84.21722377,13095.0,1225,1297,78,0,1219,1217,91243,11,5,0,6,80
2020-04-15,US,Georgia,Douglas,197,6,0,33.70291126,-84.77026156,13097.0,191,189,6,0,183,167,145331,8,0,0,8,22
2020-04-15,US,Georgia,Early,141,6,0,31.32155345,-84.90255207,13099.0,135,137,6,0,131,126,10247,4,0,0,4,11
2020-04-15,US,Georgia,Echols,3,0,0,30.71101099,-82.89687287,13101.0,3,2,0,0,2,2,4000,1,0,0,1,0
2020-04-15,US,Georgia,Effingham,25,1,0,32.36616021,-81.34280942,13103.0,24,25,1,0,24,22,62190,0,0,0,0,3
2020-04-15,US,Georgia,Elbert,7,0,0,34.11302332,-82.83936148,13105.0,7,6,0,0,6,3,19120,1,0,0,1,3
2020-04-15,US,Georgia,Emanuel,9,0,0,32.59221302,-82.30239915,13107.0,9,9,0,0,9,9,22612,0,0,0,0,0
2020-04-15,US,Georgia,Evans,2,0,0,32.15328841,-81.8870105,13109.0,2,2,0,0,2,1,10721,0,0,0,0,1
2020-04-15,US,Georgia,Fannin,14,0,0,34.86430205,-84.316964,13111.0,14,13,0,0,13,9,25964,1,0,0,1,4
2020-04-15,US,Georgia,Fayette,120,5,0,33.41357794,-84.49089434,13113.0,115,115,5,0,110,105,113459,5,0,0,5,10
2020-04-15,US,Georgia,Floyd,120,6,0,34.26268279,-85.21577392,13115.0,114,120,6,0,114,111,97927,0,0,0,0,9
2020-04-15,US,Georgia,Forsyth,153,5,0,34.22604035,-84.12315129999998,13117.0,148,153,5,0,148,138,236612,0,0,0,0,15
2020-04-15,US,Georgia,Franklin,7,0,0,34.37525597,-83.23159927,13119.0,7,5,0,0,5,4,23023,2,0,0,2,1
2020-04-15,US,Georgia,Fulton,1844,62,0,33.79216944,-84.46319413,13121.0,1782,1812,60,0,1752,1598,1050114,32,2,0,30,214
2020-04-15,US,Georgia,Gilmer,7,0,0,34.69316688,-84.45802506,13123.0,7,7,0,0,7,7,30816,0,0,0,0,0
2020-04-15,US,Georgia,Glynn,41,0,0,31.23279254,-81.53811412,13127.0,41,40,0,0,40,38,85219,1,0,0,1,2
2020-04-15,US,Georgia,Gordon,46,3,0,34.50487351,-84.87296253,13129.0,43,45,3,0,42,39,57685,1,0,0,1,6
2020-04-15,US,Georgia,Grady,21,1,0,30.87454847,-84.23418364,13131.0,20,21,1,0,20,15,24748,0,0,0,0,6
2020-04-15,US,Georgia,Greene,34,1,0,33.5769205,-83.17139104,13133.0,33,31,1,0,30,29,17698,3,0,0,3,2
2020-04-15,US,Georgia,Gwinnett,852,29,0,33.96044201,-84.02137802,13135.0,823,815,29,0,786,739,927781,37,0,0,37,76
2020-04-15,US,Georgia,Habersham,29,1,0,34.63331566,-83.53094677,13137.0,28,28,1,0,27,15,45388,1,0,0,1,13
2020-04-15,US,Georgia,Hall,374,1,0,34.32207823,-83.81896936,13139.0,373,363,0,0,363,292,202148,11,1,0,10,71
2020-04-15,US,Georgia,Hancock,5,0,0,33.2721566,-82.99766919,13141.0,5,5,0,0,5,3,8348,0,0,0,0,2
2020-04-15,US,Georgia,Haralson,19,1,0,33.79602175,-85.21005667,13143.0,18,19,1,0,18,16,29533,0,0,0,0,3
2020-04-15,US,Georgia,Harris,25,1,0,32.73709786,-84.90538572,13145.0,24,23,1,0,22,22,34475,2,0,0,2,1
2020-04-15,US,Georgia,Hart,5,0,0,34.34626973,-82.96567682,13147.0,5,5,0,0,5,4,26099,0,0,0,0,1
2020-04-15,US,Georgia,Heard,5,1,0,33.29686567,-85.12886832,13149.0,4,5,1,0,4,4,11879,0,0,0,0,1
2020-04-15,US,Georgia,Henry,321,5,0,33.4533428,-84.14814659999998,13151.0,316,306,4,0,302,280,230220,15,1,0,14,26
2020-04-15,US,Georgia,Houston,142,9,0,32.45802497,-83.66879087,13153.0,133,138,9,0,129,129,155469,4,0,0,4,9
2020-04-15,US,Georgia,Irwin,12,0,0,31.60213036,-83.27501387,13155.0,12,12,0,0,12,12,9398,0,0,0,0,0
2020-04-15,US,Georgia,Jackson,33,1,0,34.13794553,-83.56814788,13157.0,32,32,1,0,31,27,70422,1,0,0,1,5
2020-04-15,US,Georgia,Jasper,10,0,0,33.31535543,-83.68844964,13159.0,10,9,0,0,9,8,14040,1,0,0,1,1
2020-04-15,US,Georgia,Jeff Davis,2,0,0,31.80405727,-82.63724870000001,13161.0,2,1,0,0,1,1,15029,1,0,0,1,0
2020-04-15,US,Georgia,Jefferson,7,1,0,33.05867328,-82.41609057,13163.0,6,7,1,0,6,7,15430,0,0,0,0,0
2020-04-15,US,Georgia,Jenkins,12,1,0,32.79248718,-81.96040187,13165.0,11,11,1,0,10,10,8683,1,0,0,1,1
2020-04-15,US,Georgia,Johnson,21,1,0,32.70211082,-82.66166794,13167.0,20,20,1,0,19,19,9708,1,0,0,1,1
2020-04-15,US,Georgia,Jones,15,0,0,33.02512137,-83.56019163,13169.0,15,14,0,0,14,12,28616,1,0,0,1,2
2020-04-15,US,Georgia,Lamar,21,0,0,33.07841647,-84.14263877,13171.0,21,20,0,0,20,18,19000,1,0,0,1,2
2020-04-15,US,Georgia,Lanier,5,1,0,31.03828570000001,-83.06472457,13173.0,4,5,1,0,4,5,10340,0,0,0,0,0
2020-04-15,US,Georgia,Laurens,35,1,0,32.46325233,-82.92221316,13175.0,34,35,1,0,34,35,47325,0,0,0,0,0
2020-04-15,US,Georgia,Lee,264,15,0,31.779330600000005,-84.14324253,13177.0,249,258,15,0,243,253,29764,6,0,0,6,5
2020-04-15,US,Georgia,Liberty,26,0,0,31.82588896,-81.49251135,13179.0,26,21,0,0,21,18,61497,5,0,0,5,3
2020-04-15,US,Georgia,Lincoln,9,0,0,33.79201475,-82.45024131,13181.0,9,9,0,0,9,9,7915,0,0,0,0,0
2020-04-15,US,Georgia,Long,2,0,0,31.75218791,-81.74952375,13183.0,2,2,0,0,2,1,18998,0,0,0,0,1
2020-04-15,US,Georgia,Lowndes,75,3,0,30.83568832,-83.27056716,13185.0,72,70,3,0,67,65,116321,5,0,0,5,5
2020-04-15,US,Georgia,Lumpkin,11,0,0,34.57286511,-84.00425681,13187.0,11,11,0,0,11,9,32955,0,0,0,0,2
2020-04-15,US,Georgia,Macon,47,0,0,32.35207048,-84.04234127,13193.0,47,47,0,0,47,25,13143,0,0,0,0,22
2020-04-15,US,Georgia,Madison,13,1,0,34.12920917,-83.21218732,13195.0,12,12,1,0,11,10,29650,1,0,0,1,2
2020-04-15,US,Georgia,Marion,17,0,0,32.3483402,-84.52733571,13197.0,17,17,0,0,17,10,8351,0,0,0,0,7
2020-04-15,US,Georgia,McDuffie,30,2,0,33.47851918,-82.48252774,0.0,28,30,2,0,28,25,21531,0,0,0,0,5
2020-04-15,US,Georgia,McIntosh,3,0,0,0.0,0.0,0.0,3,3,0,0,3,3,14340,0,0,0,0,0
2020-04-15,US,Georgia,Meriwether,26,0,0,33.04163534,-84.68859732,13199.0,26,24,0,0,24,23,21068,2,0,0,2,1
2020-04-15,US,Georgia,Miller,15,0,0,31.16568912,-84.73151117,13201.0,15,15,0,0,15,12,5686,0,0,0,0,3
2020-04-15,US,Georgia,Mitchell,172,20,0,31.22483255,-84.19381821,13205.0,152,164,19,0,145,147,22192,8,1,0,7,17
2020-04-15,US,Georgia,Monroe,13,1,0,33.014289,-83.92097166,13207.0,12,13,1,0,12,12,27520,0,0,0,0,1
2020-04-15,US,Georgia,Montgomery,2,0,0,32.17201038,-82.53527476,13209.0,2,2,0,0,2,2,9193,0,0,0,0,0
2020-04-15,US,Georgia,Morgan,15,0,0,33.59232073,-83.49129491,13211.0,15,15,0,0,15,14,18853,0,0,0,0,1
2020-04-15,US,Georgia,Murray,17,0,0,34.78897608,-84.74993177,13213.0,17,16,0,0,16,15,39921,1,0,0,1,1
2020-04-15,US,Georgia,Muscogee,177,4,0,32.50931999,-84.87142262,13215.0,173,175,4,0,171,161,194160,2,0,0,2,14
2020-04-15,US,Georgia,Newton,104,3,0,33.55514538,-83.84547140000002,13217.0,101,100,3,0,97,91,109541,4,0,0,4,9
2020-04-15,US,Georgia,Oconee,43,0,0,33.83749973,-83.43679568,13219.0,43,42,1,0,41,39,39272,1,-1,0,2,3
2020-04-15,US,Georgia,Oglethorpe,19,1,0,33.878629600000004,-83.08278123,13221.0,18,19,1,0,18,13,15054,0,0,0,0,6
2020-04-15,US,Georgia,Out of GA,683,0,0,0.0,0.0,80013.0,683,665,0,0,665,,,18,0,0,18,
2020-04-15,US,Georgia,Paulding,117,5,0,33.91969522,-84.86848792,13223.0,112,115,4,0,111,91,164044,2,1,0,1,24
2020-04-15,US,Georgia,Peach,24,2,0,32.56934316,-83.82937,13225.0,22,24,2,0,22,24,27297,0,0,0,0,0
2020-04-15,US,Georgia,Pickens,14,2,0,34.46589159,-84.46406611,13227.0,12,13,2,0,11,11,31980,1,0,0,1,2
2020-04-15,US,Georgia,Pierce,47,2,0,31.35928155,-82.21598442,13229.0,45,47,2,0,45,45,19389,0,0,0,0,2
2020-04-15,US,Georgia,Pike,25,1,0,33.09310242,-84.38790389,13231.0,24,22,0,0,22,18,18634,3,1,0,2,4
2020-04-15,US,Georgia,Polk,27,0,0,34.00267074,-85.18677781,13233.0,27,25,0,0,25,24,42470,2,0,0,2,1
2020-04-15,US,Georgia,Pulaski,11,1,0,32.23334561,-83.47549959999998,13235.0,10,11,1,0,10,10,11069,0,0,0,0,1
2020-04-15,US,Georgia,Putnam,12,0,0,33.32056115,-83.37552891,13237.0,12,12,0,0,12,7,21809,0,0,0,0,5
2020-04-15,US,Georgia,Quitman,3,1,0,31.86728114,-85.01773177,13239.0,2,3,0,0,3,3,2279,0,1,0,-1,0
2020-04-15,US,Georgia,Rabun,7,0,0,34.88389445,-83.40304637,13241.0,7,7,0,0,7,6,16867,0,0,0,0,1
2020-04-15,US,Georgia,Randolph,131,7,0,31.76622818,-84.75732369,13243.0,124,131,6,0,125,117,6833,0,1,0,-1,14
2020-04-15,US,Georgia,Richmond,168,8,0,33.35777107,-82.07026432,13245.0,160,162,7,0,155,147,201554,6,1,0,5,15
2020-04-15,US,Georgia,Rockdale,107,6,0,33.65145002,-84.02202167,13247.0,101,106,5,0,101,100,90594,1,1,0,0,6
2020-04-15,US,Georgia,Schley,13,1,0,32.2654021,-84.31258912,13249.0,12,12,1,0,11,12,5236,1,0,0,1,0
2020-04-15,US,Georgia,Screven,9,1,0,32.74976524,-81.60779441,13251.0,8,9,0,0,9,7,13938,0,1,0,-1,2
2020-04-15,US,Georgia,Seminole,16,1,0,30.93464824,-84.86823924,13253.0,15,16,1,0,15,15,8315,0,0,0,0,1
2020-04-15,US,Georgia,Spalding,90,4,0,33.26310031,-84.28013991,13255.0,86,83,4,0,79,75,66100,7,0,0,7,8
2020-04-15,US,Georgia,Stephens,24,0,0,34.55151201,-83.29405315,13257.0,24,24,0,0,24,19,26035,0,0,0,0,5
2020-04-15,US,Georgia,Stewart,9,0,0,32.07996777,-84.83208037,13259.0,9,8,0,0,8,8,6199,1,0,0,1,0
2020-04-15,US,Georgia,Sumter,273,12,0,32.03650571,-84.19821492,13261.0,261,269,12,0,257,245,29733,4,0,0,4,24
2020-04-15,US,Georgia,Talbot,12,1,0,32.69642758,-84.53351366,13263.0,11,10,1,0,9,9,6272,2,0,0,2,1
2020-04-15,US,Georgia,Tattnall,5,0,0,32.04785085,-82.05539188,13267.0,5,5,0,0,5,5,25391,0,0,0,0,0
2020-04-15,US,Georgia,Taylor,9,2,0,32.55792548,-84.25077141,13269.0,7,9,2,0,7,8,8039,0,0,0,0,1
2020-04-15,US,Georgia,Telfair,11,0,0,31.92829517,-82.93491155,13271.0,11,11,0,0,11,9,15876,0,0,0,0,2
2020-04-15,US,Georgia,Terrell,135,11,0,31.77527543,-84.44069698,13273.0,124,134,11,0,123,114,8611,1,0,0,1,20
2020-04-15,US,Georgia,Thomas,92,9,0,30.86392347,-83.91847289,13275.0,83,89,5,0,84,78,44448,3,4,0,-1,11
2020-04-15,US,Georgia,Tift,74,1,0,31.45743864,-83.5236119,13277.0,73,71,1,0,70,62,40571,3,0,0,3,9
2020-04-15,US,Georgia,Toombs,16,1,0,32.12059861,-82.32957247,13279.0,15,15,1,0,14,12,26887,1,0,0,1,3
2020-04-15,US,Georgia,Towns,8,0,0,34.91369188,-83.74107459999998,13281.0,8,8,0,0,8,3,11852,0,0,0,0,5
2020-04-15,US,Georgia,Treutlen,1,0,0,32.40422134,-82.56904553,13283.0,1,1,0,0,1,1,6809,0,0,0,0,0
2020-04-15,US,Georgia,Troup,68,4,0,33.03349196,-85.02812115,13285.0,64,68,4,0,64,61,70034,0,0,0,0,7
2020-04-15,US,Georgia,Turner,41,1,0,31.71612656,-83.62069378,13287.0,40,41,1,0,40,37,7912,0,0,0,0,4
2020-04-15,US,Georgia,Twiggs,3,0,0,32.67435595,-83.43078662,13289.0,3,3,0,0,3,2,8188,0,0,0,0,1
2020-04-15,US,Georgia,Unassigned,263,7,0,0.0,0.0,90013.0,256,287,7,0,280,1219,,-24,0,0,-24,-932
2020-04-15,US,Georgia,Union,8,1,0,34.82995757,-83.98967069,13291.0,7,8,1,0,7,7,24001,0,0,0,0,1
2020-04-15,US,Georgia,Upson,135,5,0,32.87920671,-84.30024826,13293.0,130,128,5,0,123,61,26215,7,0,0,7,67
2020-04-15,US,Georgia,Walker,13,0,0,34.73376362,-85.30165174,13295.0,13,10,0,0,10,6,69410,3,0,0,3,4
2020-04-15,US,Georgia,Walton,52,3,0,33.78017694,-83.73552314,13297.0,49,52,3,0,49,44,93503,0,0,0,0,8
2020-04-15,US,Georgia,Ware,66,4,0,31.05449097,-82.42224148,13299.0,62,64,4,0,60,56,35680,2,0,0,2,8
2020-04-15,US,Georgia,Warren,8,0,0,33.41146451,-82.67795848,13301.0,8,7,0,0,7,7,5251,1,0,0,1,0
2020-04-15,US,Georgia,Washington,22,0,0,32.96711864,-82.79357039,13303.0,22,22,0,0,22,23,20386,0,0,0,0,-1
2020-04-15,US,Georgia,Wayne,6,0,0,31.5521809,-81.91894878,13305.0,6,6,0,0,6,4,29808,0,0,0,0,2
2020-04-15,US,Georgia,Webster,3,0,0,32.04066113,-84.54742852,13307.0,3,3,0,0,3,3,2611,0,0,0,0,0
2020-04-15,US,Georgia,Wheeler,3,0,0,32.12009104,-82.72574721,13309.0,3,3,0,0,3,2,7879,0,0,0,0,1
2020-04-15,US,Georgia,White,14,0,0,34.64624278,-83.74905525,13311.0,14,14,0,0,14,11,29970,0,0,0,0,3
2020-04-15,US,Georgia,Whitfield,31,3,0,34.80987459,-84.96093476,13313.0,28,29,3,0,26,26,104062,2,0,0,2,3
2020-04-15,US,Georgia,Wilcox,29,0,0,31.97496928,-83.43438555,13315.0,29,28,0,0,28,24,8812,1,0,0,1,4
2020-04-15,US,Georgia,Wilkes,8,0,0,33.78290391,-82.74286107,13317.0,8,8,0,0,8,6,9876,0,0,0,0,2
2020-04-15,US,Georgia,Wilkinson,14,1,0,32.80291082,-83.17140684,13319.0,13,12,1,0,11,11,9036,2,0,0,2,1
2020-04-15,US,Georgia,Worth,104,4,0,31.55162306,-83.85090513,13321.0,100,99,4,0,95,91,20299,5,0,0,5,8
2020-04-15,US,Hawaii,Hawaii,41,0,0,19.60121157,-155.5210167,15001.0,41,41,0,0,41,40,200983,0,0,0,0,1
2020-04-15,US,Hawaii,Honolulu,369,6,0,21.45803166,-157.97121819999995,15003.0,363,358,6,0,352,352,980080,11,0,0,11,6
2020-04-15,US,Hawaii,Kauai,21,0,0,22.03935037,-159.5966786,15007.0,21,21,0,0,21,21,72133,0,0,0,0,0
2020-04-15,US,Hawaii,Maui,92,3,0,20.86399628,-156.56890969999995,15009.0,89,88,3,0,85,86,167207,4,0,0,4,2
2020-04-15,US,Hawaii,Unassigned,1,0,0,0.0,0.0,90015.0,1,3,0,0,3,3,,-2,0,0,-2,0
2020-04-15,US,Idaho,Ada,538,9,0,43.4526575,-116.24155159999998,16001.0,529,538,9,0,529,517,469966,0,0,0,0,21
2020-04-15,US,Idaho,Adams,1,0,0,44.89333571,-116.4545247,16003.0,1,1,0,0,1,1,4250,0,0,0,0,0
2020-04-15,US,Idaho,Bannock,5,0,0,42.67002716,-112.2233311,16005.0,5,5,0,0,5,5,87138,0,0,0,0,0
2020-04-15,US,Idaho,Bingham,2,0,0,43.21672879999999,-112.3978437,16011.0,2,2,0,0,2,2,46236,0,0,0,0,0
2020-04-15,US,Idaho,Blaine,458,5,0,43.4085812,-113.9752658,16013.0,453,458,5,0,453,454,22601,0,0,0,0,4
2020-04-15,US,Idaho,Bonner,4,0,0,48.29996017,-116.6017932,16017.0,4,4,0,0,4,4,44727,0,0,0,0,0
2020-04-15,US,Idaho,Bonneville,16,0,0,43.38713372,-111.6161537,16019.0,16,14,0,0,14,13,116854,2,0,0,2,1
2020-04-15,US,Idaho,Camas,1,0,0,43.46665742,-114.8065892,16025.0,1,1,0,0,1,1,1127,0,0,0,0,0
2020-04-15,US,Idaho,Canyon,167,5,0,43.61970148,-116.7095499,16027.0,162,161,5,0,156,155,223499,6,0,0,6,6
2020-04-15,US,Idaho,Caribou,1,0,0,42.77149116,-111.5597683,16029.0,1,1,0,0,1,1,7060,0,0,0,0,0
2020-04-15,US,Idaho,Cassia,10,1,0,42.28347888,-113.6012409,16031.0,9,10,1,0,9,8,23864,0,0,0,0,2
2020-04-15,US,Idaho,Custer,2,0,0,44.24186819,-114.2855494,16037.0,2,2,0,0,2,2,4280,0,0,0,0,0
2020-04-15,US,Idaho,Elmore,18,0,0,43.3507101,-115.4701578,16039.0,18,16,0,0,16,16,27259,2,0,0,2,0
2020-04-15,US,Idaho,Fremont,2,0,0,44.22800938,-111.4809943,16043.0,2,2,0,0,2,2,13168,0,0,0,0,0
2020-04-15,US,Idaho,Gem,9,0,0,44.06482372,-116.398376,16045.0,9,9,0,0,9,9,17634,0,0,0,0,0
2020-04-15,US,Idaho,Gooding,5,0,0,42.96927962,-114.8108306,16047.0,5,5,0,0,5,5,15196,0,0,0,0,0
2020-04-15,US,Idaho,Idaho,3,0,0,45.84721541,-115.4634436,16049.0,3,3,0,0,3,3,16513,0,0,0,0,0
2020-04-15,US,Idaho,Jefferson,4,0,0,43.82078483,-112.3131749,16051.0,4,4,0,0,4,4,29439,0,0,0,0,0
2020-04-15,US,Idaho,Jerome,30,2,0,42.68891267,-114.2655033,16053.0,28,30,2,0,28,29,24015,0,0,0,0,1
2020-04-15,US,Idaho,Kootenai,45,0,0,47.67282258,-116.7020872,16055.0,45,45,0,0,45,45,161505,0,0,0,0,0
2020-04-15,US,Idaho,Latah,3,0,0,46.81587887,-116.7113698,16057.0,3,3,0,0,3,3,40134,0,0,0,0,0
2020-04-15,US,Idaho,Lincoln,15,0,0,43.0012336,-114.1358773,16063.0,15,15,0,0,15,15,5360,0,0,0,0,0
2020-04-15,US,Idaho,Madison,5,0,0,43.78141028,-111.65384740000002,16065.0,5,5,0,0,5,5,39304,0,0,0,0,0
2020-04-15,US,Idaho,Minidoka,6,0,0,42.85518524,-113.6357257,16067.0,6,6,0,0,6,5,20825,0,0,0,0,1
2020-04-15,US,Idaho,Nez Perce,20,9,0,46.32638236,-116.7500975,16069.0,11,20,6,0,14,19,40408,0,3,0,-3,1
2020-04-15,US,Idaho,Owyhee,4,0,0,42.58016894,-116.1693871,16073.0,4,4,0,0,4,4,11693,0,0,0,0,0
2020-04-15,US,Idaho,Payette,9,1,0,44.00545243,-116.7647695,16075.0,8,9,1,0,8,8,23551,0,0,0,0,1
2020-04-15,US,Idaho,Power,2,0,0,42.69254894,-112.83957420000002,16077.0,2,2,0,0,2,2,7768,0,0,0,0,0
2020-04-15,US,Idaho,Teton,6,0,0,43.75303583,-111.2056773,16081.0,6,6,0,0,6,6,11640,0,0,0,0,0
2020-04-15,US,Idaho,Twin Falls,79,7,0,42.35440512,-114.6685381,16083.0,72,79,4,0,75,79,86081,0,3,0,-3,0
2020-04-15,US,Idaho,Valley,2,0,0,44.76728382,-115.5676773,16085.0,2,2,0,0,2,2,11041,0,0,0,0,0
2020-04-15,US,Idaho,Washington,1,0,0,44.45275475,-116.7847688,16087.0,1,1,0,0,1,1,10161,0,0,0,0,0
2020-04-15,US,Illinois,Adams,27,0,0,39.98815591,-91.18786813,17001.0,27,27,0,0,27,26,65691,0,0,0,0,1
2020-04-15,US,Illinois,Bond,4,0,0,38.88829622,-89.43534887,17005.0,4,4,0,0,4,4,16630,0,0,0,0,0
2020-04-15,US,Illinois,Boone,16,1,0,42.32359279,-88.82345779,17007.0,15,13,1,0,12,13,53577,3,0,0,3,0
2020-04-15,US,Illinois,Bureau,7,0,0,41.40385234,-89.5283051,17011.0,7,6,0,0,6,6,32993,1,0,0,1,0
2020-04-15,US,Illinois,Calhoun,1,0,0,39.16840183,-90.66330078,17013.0,1,1,0,0,1,1,4802,0,0,0,0,0
2020-04-15,US,Illinois,Carroll,5,1,0,42.06823429,-89.93395545,17015.0,4,5,1,0,4,5,14312,0,0,0,0,0
2020-04-15,US,Illinois,Champaign,90,2,0,40.13919438,-88.20046615,17019.0,88,88,2,0,86,87,209983,2,0,0,2,1
2020-04-15,US,Illinois,Christian,24,3,0,39.54581621,-89.27780482,17021.0,21,24,3,0,21,24,32661,0,0,0,0,0
2020-04-15,US,Illinois,Clark,4,0,0,39.33425789,-87.78705622,17023.0,4,4,0,0,4,4,15596,0,0,0,0,0
2020-04-15,US,Illinois,Clay,1,0,0,38.75388572,-88.48914513,17025.0,1,1,0,0,1,,13253,0,0,0,0,
2020-04-15,US,Illinois,Clinton,39,0,0,38.60704876,-89.42385254,17027.0,39,38,0,0,38,39,37639,1,0,0,1,-1
2020-04-15,US,Illinois,Coles,9,0,0,39.51949084,-88.22358557,17029.0,9,8,0,0,8,6,50885,1,0,0,1,2
2020-04-15,US,Illinois,Cook,17306,630,0,41.84144849,-87.81658794,17031.0,16676,16323,577,0,15746,15474,5180493,983,53,0,930,849
2020-04-15,US,Illinois,Crawford,4,0,0,39.0032229,-87.75954624,17033.0,4,4,0,0,4,4,18807,0,0,0,0,0
2020-04-15,US,Illinois,Cumberland,2,0,0,39.27432424,-88.2401158,17035.0,2,2,0,0,2,2,10808,0,0,0,0,0
2020-04-15,US,Illinois,De Witt,1,0,0,40.17514519,-88.90959682,17039.0,1,1,0,0,1,1,15769,0,0,0,0,0
2020-04-15,US,Illinois,DeKalb,37,1,0,41.89373302,-88.76958483,17037.0,36,35,1,0,34,34,104143,2,0,0,2,1
2020-04-15,US,Illinois,Douglas,11,0,0,39.76768052,-88.21854195,17041.0,11,11,0,0,11,11,19479,0,0,0,0,0
2020-04-15,US,Illinois,DuPage,1386,66,0,41.85116968,-88.08642662,17043.0,1320,1312,61,0,1251,1223,928589,74,5,0,69,89
2020-04-15,US,Illinois,Effingham,3,1,0,39.05935711,-88.58969584,17049.0,2,3,1,0,2,3,34208,0,0,0,0,0
2020-04-15,US,Illinois,Fayette,12,1,0,39.00072038,-89.02452658,17051.0,11,12,1,0,11,11,21416,0,0,0,0,1
2020-04-15,US,Illinois,Ford,4,1,0,40.59706922,-88.22350769,17053.0,3,4,1,0,3,4,13264,0,0,0,0,0
2020-04-15,US,Illinois,Franklin,4,0,0,37.99189086,-88.92567818,17055.0,4,4,0,0,4,4,38701,0,0,0,0,0
2020-04-15,US,Illinois,Fulton,1,0,0,40.47289135,-90.20862357,17057.0,1,1,0,0,1,1,34844,0,0,0,0,0
2020-04-15,US,Illinois,Gallatin,2,0,0,37.76430935,-88.22953869,17059.0,2,2,0,0,2,1,5058,0,0,0,0,1
2020-04-15,US,Illinois,Greene,1,0,0,39.35907414,-90.388865,17061.0,1,1,0,0,1,1,13044,0,0,0,0,0
2020-04-15,US,Illinois,Grundy,24,0,0,41.28569601,-88.41905692,17063.0,24,24,0,0,24,21,50972,0,0,0,0,3
2020-04-15,US,Illinois,Hancock,3,0,0,40.40423981,-91.16313899,17067.0,3,1,0,0,1,1,17844,2,0,0,2,0
2020-04-15,US,Illinois,Henry,25,0,0,41.3533994,-90.13296166,17073.0,25,23,0,0,23,23,49090,2,0,0,2,0
2020-04-15,US,Illinois,Iroquois,11,0,0,40.74717633,-87.82466784,17075.0,11,9,0,0,9,9,27604,2,0,0,2,0
2020-04-15,US,Illinois,Jackson,39,4,0,37.78595185,-89.38232563,17077.0,35,36,3,0,33,36,57419,3,1,0,2,0
2020-04-15,US,Illinois,Jasper,3,1,0,39.01054275,-88.15437049,17079.0,2,3,1,0,2,3,9611,0,0,0,0,0
2020-04-15,US,Illinois,Jefferson,9,0,0,38.29980057,-88.9240025,17081.0,9,8,0,0,8,8,37820,1,0,0,1,0
2020-04-15,US,Illinois,Jersey,8,0,0,39.08869046,-90.35393073,17083.0,8,6,0,0,6,6,21847,2,0,0,2,0
2020-04-15,US,Illinois,Jo Daviess,11,0,0,42.36542373,-90.21094405,17085.0,11,11,0,0,11,11,21366,0,0,0,0,0
2020-04-15,US,Illinois,Johnson,2,0,0,37.45939802,-88.88165419,17087.0,2,1,0,0,1,1,12456,1,0,0,1,0
2020-04-15,US,Illinois,Kane,463,24,0,41.93842729,-88.42861412,17089.0,439,448,24,0,424,421,534216,15,0,0,15,27
2020-04-15,US,Illinois,Kankakee,226,10,0,41.13746989,-87.86205334,17091.0,216,220,10,0,210,210,110024,6,0,0,6,10
2020-04-15,US,Illinois,Kendall,116,2,0,41.59081014,-88.42869583,17093.0,114,114,2,0,112,114,127915,2,0,0,2,0
2020-04-15,US,Illinois,Knox,2,0,0,40.93148779,-90.21330340000002,17095.0,2,2,0,0,2,2,50112,0,0,0,0,0
2020-04-15,US,Illinois,LaSalle,24,1,0,41.34426129999999,-88.88633881,17099.0,23,23,1,0,22,21,109430,1,0,0,1,2
2020-04-15,US,Illinois,Lake,1711,62,0,42.3224907,-88.00367925,17097.0,1649,1621,58,0,1563,1516,700832,90,4,0,86,105
2020-04-15,US,Illinois,Lawrence,2,0,0,38.71987914,-87.72884035,17101.0,2,2,0,0,2,2,15765,0,0,0,0,0
2020-04-15,US,Illinois,Lee,15,0,0,41.74583951,-89.29977132,17103.0,15,13,0,0,13,14,34223,2,0,0,2,-1
2020-04-15,US,Illinois,Livingston,17,0,0,40.89188292,-88.55784752,17105.0,17,17,0,0,17,17,35761,0,0,0,0,0
2020-04-15,US,Illinois,Logan,4,0,0,40.12581572,-89.36638784,17107.0,4,4,0,0,4,4,28925,0,0,0,0,0
2020-04-15,US,Illinois,Macon,44,5,0,39.86064913,-88.96342505,17115.0,39,45,1,0,44,42,104712,-1,4,0,-5,3
2020-04-15,US,Illinois,Macoupin,17,0,0,39.26119767,-89.92424028,17117.0,17,16,0,0,16,16,45313,1,0,0,1,0
2020-04-15,US,Illinois,Madison,135,2,0,38.83042506,-89.90422563,17119.0,133,128,2,0,126,115,264461,7,0,0,7,13
2020-04-15,US,Illinois,Marion,17,0,0,38.64963204,-88.91899208,17121.0,17,14,0,0,14,13,37620,3,0,0,3,1
2020-04-15,US,Illinois,Marshall,2,0,0,41.0327901,-89.34510444,17123.0,2,2,0,0,2,1,11534,0,0,0,0,1
2020-04-15,US,Illinois,Mason,3,0,0,40.23917274,-89.91824452,17125.0,3,3,0,0,3,3,13565,0,0,0,0,0
2020-04-15,US,Illinois,Massac,4,0,0,37.22078441,-88.71036614,17127.0,4,3,0,0,3,2,14080,1,0,0,1,1
2020-04-15,US,Illinois,McDonough,2,0,0,40.45674722,-90.67775541,17109.0,2,2,0,0,2,2,29955,0,0,0,0,0
2020-04-15,US,Illinois,McHenry,264,11,0,42.32451172,-88.45248227,17111.0,253,257,8,0,249,245,308570,7,3,0,4,12
2020-04-15,US,Illinois,McLean,82,2,0,40.48996987,-88.84621113,17113.0,80,81,2,0,79,79,172828,1,0,0,1,2
2020-04-15,US,Illinois,Menard,2,0,0,40.02742725,-89.80246001,17129.0,2,2,0,0,2,2,12288,0,0,0,0,0
2020-04-15,US,Illinois,Mercer,3,0,0,41.20596782,-90.74290052,17131.0,3,3,0,0,3,2,15601,0,0,0,0,1
2020-04-15,US,Illinois,Monroe,49,4,0,38.27594376,-90.17761038,17133.0,45,47,3,0,44,46,34335,2,1,0,1,1
2020-04-15,US,Illinois,Montgomery,9,1,0,39.23198845,-89.47809254,17135.0,8,9,1,0,8,9,28601,0,0,0,0,0
2020-04-15,US,Illinois,Morgan,10,1,0,39.71654544,-90.20255104,17137.0,9,11,1,0,10,10,33976,-1,0,0,-1,1
2020-04-15,US,Illinois,Moultrie,2,0,0,39.64187451,-88.62099969,17139.0,2,2,0,0,2,2,14717,0,0,0,0,0
2020-04-15,US,Illinois,Ogle,28,1,0,42.04165196,-89.32184679,17141.0,27,26,0,0,26,26,50923,2,1,0,1,0
2020-04-15,US,Illinois,Peoria,33,1,0,40.78702156,-89.76078901,17143.0,32,31,1,0,30,31,180621,2,0,0,2,0
2020-04-15,US,Illinois,Perry,1,0,0,38.08510853,-89.36856219,17145.0,1,1,0,0,1,1,21174,0,0,0,0,0
2020-04-15,US,Illinois,Piatt,6,0,0,40.01360584,-88.59319339,17147.0,6,6,0,0,6,6,16396,0,0,0,0,0
2020-04-15,US,Illinois,Pike,1,0,0,39.62265059,-90.8877017,17149.0,1,1,0,0,1,1,15611,0,0,0,0,0
2020-04-15,US,Illinois,Pulaski,5,0,0,37.22631423,-89.13085001,17153.0,5,5,0,0,5,5,5463,0,0,0,0,0
2020-04-15,US,Illinois,Randolph,46,0,0,38.05095369,-89.82512254,17157.0,46,41,0,0,41,41,32106,5,0,0,5,0
2020-04-15,US,Illinois,Richland,1,0,0,38.71240969,-88.08475366,17159.0,1,1,0,0,1,1,15763,0,0,0,0,0
2020-04-15,US,Illinois,Rock Island,138,4,0,41.46613806,-90.57042164,17161.0,134,113,3,0,110,105,143477,25,1,0,24,8
2020-04-15,US,Illinois,Saline,3,0,0,37.75332999,-88.54119706,17165.0,3,3,0,0,3,3,23906,0,0,0,0,0
2020-04-15,US,Illinois,Sangamon,50,4,0,39.75836914,-89.65872023,17167.0,46,50,3,0,47,44,195348,0,1,0,-1,6
2020-04-15,US,Illinois,Schuyler,1,0,0,40.1571798,-90.61114163,17169.0,1,1,0,0,1,1,6907,0,0,0,0,0
2020-04-15,US,Illinois,Shelby,4,0,0,39.39133527,-88.80611122,17173.0,4,4,0,0,4,4,21741,0,0,0,0,0
2020-04-15,US,Illinois,St. Clair,225,10,0,38.46996033,-89.93063427,17163.0,215,220,8,0,212,202,261059,5,2,0,3,18
2020-04-15,US,Illinois,Stark,1,0,0,41.09309773,-89.79745866,17175.0,1,1,0,0,1,1,5427,0,0,0,0,0
2020-04-15,US,Illinois,Stephenson,9,0,0,42.35129217,-89.662598,17177.0,9,9,0,0,9,8,44753,0,0,0,0,1
2020-04-15,US,Illinois,Tazewell,21,3,0,40.50716185,-89.51404662,17179.0,18,21,3,0,18,19,132328,0,0,0,0,2
2020-04-15,US,Illinois,Unassigned,45,1,0,0.0,0.0,90017.0,44,54,1,0,53,65,,-9,0,0,-9,-11
2020-04-15,US,Illinois,Union,3,0,0,37.47119609,-89.25548938,17181.0,3,,,,,,16841,,,,,
2020-04-15,US,Illinois,Vermilion,8,0,0,40.18417171,-87.73384359,17183.0,8,8,0,0,8,8,76806,0,0,0,0,0
2020-04-15,US,Illinois,Wabash,1,0,0,38.44272901,-87.84922065,17185.0,1,2,0,0,2,2,11549,-1,0,0,-1,0
2020-04-15,US,Illinois,Warren,2,0,0,40.84925021,-90.6147432,17187.0,2,2,0,0,2,2,17032,0,0,0,0,0
2020-04-15,US,Illinois,Washington,3,0,0,38.35309213,-89.40982703,17189.0,3,2,0,0,2,2,13995,1,0,0,1,0
2020-04-15,US,Illinois,Whiteside,29,3,0,41.75509713,-89.91556058,17195.0,26,30,2,0,28,28,55626,-1,1,0,-2,2
2020-04-15,US,Illinois,Will,1433,81,0,41.44619267,-87.97862712,17197.0,1352,1350,77,0,1273,1283,692310,83,4,0,79,67
2020-04-15,US,Illinois,Williamson,12,0,0,37.73033511,-88.92994027,17199.0,12,10,0,0,10,10,67056,2,0,0,2,0
2020-04-15,US,Illinois,Winnebago,112,4,0,42.33641854,-89.16085327,17201.0,108,101,4,0,97,99,284081,11,0,0,11,2
2020-04-15,US,Illinois,Woodford,11,0,0,40.78579374,-89.20973757,17203.0,11,10,0,0,10,9,38463,1,0,0,1,1
2020-04-15,US,Indiana,Adams,6,1,0,40.7457653,-84.93671406,18001.0,5,6,1,0,5,5,35636,0,0,0,0,1
2020-04-15,US,Indiana,Allen,180,15,0,41.09194313,-85.06800636,18003.0,165,167,13,0,154,156,375351,13,2,0,11,11
2020-04-15,US,Indiana,Bartholomew,113,4,0,39.20744865,-85.89558181,18005.0,109,110,4,0,106,110,82753,3,0,0,3,0
2020-04-15,US,Indiana,Benton,3,0,0,40.60626947,-87.31093999,18007.0,3,2,0,0,2,2,8653,1,0,0,1,0
2020-04-15,US,Indiana,Blackford,6,1,0,40.47388153,-85.32499702,18009.0,5,6,0,0,6,5,11930,0,1,0,-1,1
2020-04-15,US,Indiana,Boone,129,4,0,40.0509304,-86.46841646,18011.0,125,125,3,0,122,109,66999,4,1,0,3,16
2020-04-15,US,Indiana,Brown,14,1,0,39.19605589,-86.22868909,18013.0,13,13,1,0,12,12,15234,1,0,0,1,1
2020-04-15,US,Indiana,Carroll,6,1,0,40.580783200000006,-86.56198812,18015.0,5,6,1,0,5,5,20127,0,0,0,0,1
2020-04-15,US,Indiana,Cass,33,1,0,40.76135835,-86.34830753,18017.0,32,28,1,0,27,28,37955,5,0,0,5,0
2020-04-15,US,Indiana,Clark,137,9,0,38.48015445,-85.70510334,18019.0,128,132,8,0,124,117,117360,5,1,0,4,15
2020-04-15,US,Indiana,Clay,13,0,0,39.39561833,-87.11723506,18021.0,13,12,0,0,12,12,26170,1,0,0,1,0
2020-04-15,US,Indiana,Clinton,13,1,0,40.30319754,-86.47277257,18023.0,12,12,1,0,11,11,32250,1,0,0,1,1
2020-04-15,US,Indiana,Crawford,12,0,0,38.28814402,-86.44518825,18025.0,12,12,0,0,12,12,10558,0,0,0,0,0
2020-04-15,US,Indiana,Daviess,21,1,0,38.70186039,-87.07185406,18027.0,20,12,1,0,11,10,33147,9,0,0,9,2
2020-04-15,US,Indiana,DeKalb,6,1,0,41.39804622,-84.99906934,18033.0,5,6,0,0,6,60,43226,0,1,0,-1,-54
2020-04-15,US,Indiana,Dearborn,61,4,0,39.14647946,-84.97333539,18029.0,57,60,4,0,56,129,49568,1,0,0,1,-69
2020-04-15,US,Indiana,Decatur,155,13,0,39.30712658,-85.50087166,18031.0,142,153,10,0,143,129,26794,2,3,0,-1,24
2020-04-15,US,Indiana,Delaware,77,4,0,40.22787247,-85.39732772,18035.0,73,72,3,0,69,69,114772,5,1,0,4,3
2020-04-15,US,Indiana,Dubois,14,0,0,38.36597551,-86.87924170000002,18037.0,14,13,0,0,13,13,42565,1,0,0,1,0
2020-04-15,US,Indiana,Elkhart,105,3,0,41.59761169,-85.85875695,18039.0,102,100,3,0,97,89,205560,5,0,0,5,11
2020-04-15,US,Indiana,Fayette,20,3,0,39.63684962,-85.17797541,18041.0,17,20,3,0,17,20,23047,0,0,0,0,0
2020-04-15,US,Indiana,Floyd,116,5,0,38.32117957,-85.90385377,18043.0,111,111,5,0,106,108,77781,5,0,0,5,3
2020-04-15,US,Indiana,Fountain,3,1,0,40.12361933,-87.24217689,18045.0,2,3,1,0,2,3,16351,0,0,0,0,0
2020-04-15,US,Indiana,Franklin,75,7,0,39.4142482,-85.06062647,18047.0,68,74,7,0,67,69,22736,1,0,0,1,5
2020-04-15,US,Indiana,Fulton,3,0,0,41.0469907,-86.26252745,18049.0,3,3,0,0,3,3,20092,0,0,0,0,0
2020-04-15,US,Indiana,Gibson,4,0,0,38.30393723,-87.58054938,18051.0,4,4,0,0,4,4,33452,0,0,0,0,0
2020-04-15,US,Indiana,Grant,41,2,0,40.51587228,-85.65468702,18053.0,39,40,2,0,38,37,65936,1,0,0,1,3
2020-04-15,US,Indiana,Greene,28,2,0,39.03630547,-86.96223202,18055.0,26,25,1,0,24,25,32006,3,1,0,2,0
2020-04-15,US,Indiana,Hamilton,510,27,0,40.07306535,-86.05244729,18057.0,483,499,27,0,472,490,330086,11,0,0,11,9
2020-04-15,US,Indiana,Hancock,129,6,0,39.82304555,-85.77566351,18059.0,123,121,6,0,115,118,76351,8,0,0,8,3
2020-04-15,US,Indiana,Harrison,59,2,0,38.19467379,-86.10948271,18061.0,57,58,2,0,56,58,40350,1,0,0,1,0
2020-04-15,US,Indiana,Hendricks,360,12,0,39.76719009,-86.51037283,18063.0,348,350,11,0,339,330,167009,10,1,0,9,20
2020-04-15,US,Indiana,Henry,23,1,0,39.93029017,-85.39625719,18065.0,22,22,0,0,22,23,48271,1,1,0,0,-1
2020-04-15,US,Indiana,Howard,60,4,0,40.48527731,-86.11351892,18067.0,56,50,4,0,46,50,82366,10,0,0,10,0
2020-04-15,US,Indiana,Huntington,6,1,0,40.82907273,-85.48822092,18069.0,5,6,1,0,5,6,36240,0,0,0,0,0
2020-04-15,US,Indiana,Jackson,74,0,0,38.90915820000001,-86.03851889,18071.0,74,70,0,0,70,70,44111,4,0,0,4,0
2020-04-15,US,Indiana,Jasper,19,1,0,41.02078733,-87.11553319,18073.0,18,18,1,0,17,18,33370,1,0,0,1,0
2020-04-15,US,Indiana,Jay,7,0,0,40.43781032,-85.00576229,18075.0,7,7,0,0,7,7,20764,0,0,0,0,0
2020-04-15,US,Indiana,Jefferson,15,0,0,38.78576239,-85.43633383,18077.0,15,16,0,0,16,12,32208,-1,0,0,-1,4
2020-04-15,US,Indiana,Jennings,60,0,0,38.99588883,-85.62710784,18079.0,60,58,0,0,58,56,27611,2,0,0,2,2
2020-04-15,US,Indiana,Johnson,347,25,0,39.48994426,-86.10149107,18081.0,322,329,21,0,308,327,156225,18,4,0,14,2
2020-04-15,US,Indiana,Knox,16,0,0,38.68861576,-87.4194665,18083.0,16,15,0,0,15,15,36895,1,0,0,1,0
2020-04-15,US,Indiana,Kosciusko,19,1,0,41.24521668,-85.86312322,18085.0,18,19,1,0,18,18,79344,0,0,0,0,1
2020-04-15,US,Indiana,LaGrange,14,1,0,41.64232188,-85.42674232,18087.0,13,13,1,0,12,13,39330,1,0,0,1,0
2020-04-15,US,Indiana,LaPorte,42,4,0,41.54366008,-86.74072188,18091.0,38,36,3,0,33,34,110007,6,1,0,5,2
2020-04-15,US,Indiana,Lake,876,33,0,41.41874274,-87.38277575,18089.0,843,819,31,0,788,796,484411,57,2,0,55,23
2020-04-15,US,Indiana,Lawrence,73,9,0,38.84112637,-86.48361629,18093.0,64,73,7,0,66,71,45668,0,2,0,-2,2
2020-04-15,US,Indiana,Madison,273,24,0,40.16143691,-85.71964711,18095.0,249,263,16,0,247,261,129641,10,8,0,2,2
2020-04-15,US,Indiana,Marion,3204,155,0,39.78163624,-86.13826325,18097.0,3049,3063,141,0,2922,3012,954670,141,14,0,127,51
2020-04-15,US,Indiana,Marshall,19,0,0,41.32467367,-86.26185087,18099.0,19,17,0,0,17,17,46248,2,0,0,2,0
2020-04-15,US,Indiana,Martin,5,0,0,38.7099921,-86.80373186,18101.0,5,5,0,0,5,5,10217,0,0,0,0,0
2020-04-15,US,Indiana,Miami,17,0,0,40.76940965,-86.04525048,18103.0,17,17,0,0,17,16,35567,0,0,0,0,1
2020-04-15,US,Indiana,Monroe,95,2,0,39.16130004,-86.52414358,18105.0,93,91,1,0,90,87,146917,4,1,0,3,4
2020-04-15,US,Indiana,Montgomery,25,0,0,40.04034823,-86.89335024,18107.0,25,23,0,0,23,22,38346,2,0,0,2,1
2020-04-15,US,Indiana,Morgan,105,3,0,39.47899078,-86.44573375,18109.0,102,104,3,0,101,103,70116,1,0,0,1,1
2020-04-15,US,Indiana,Newton,29,2,0,40.95610449,-87.39635768,18111.0,27,29,1,0,28,27,14011,0,1,0,-1,2
2020-04-15,US,Indiana,Noble,25,1,0,41.39672484,-85.41966713,18113.0,24,17,1,0,16,15,47532,8,0,0,8,2
2020-04-15,US,Indiana,Ohio,1,0,0,38.955305,-84.96515993,18115.0,1,1,0,0,1,1,5844,0,0,0,0,0
2020-04-15,US,Indiana,Orange,19,3,0,38.54118920000001,-86.49523093,18117.0,16,18,3,0,15,18,19489,1,0,0,1,0
2020-04-15,US,Indiana,Owen,19,1,0,39.31145587,-86.83900724,18119.0,18,19,1,0,18,19,20845,0,0,0,0,0
2020-04-15,US,Indiana,Parke,7,0,0,39.77202286,-87.20375833,18121.0,7,7,0,0,7,7,16927,0,0,0,0,0
2020-04-15,US,Indiana,Perry,4,0,0,38.07809328,-86.63741946,18123.0,4,3,0,0,3,3,19102,1,0,0,1,0
2020-04-15,US,Indiana,Pike,1,0,0,38.40112197,-87.23574907,18125.0,1,2,0,0,2,1,12410,-1,0,0,-1,1
2020-04-15,US,Indiana,Porter,135,2,0,41.45986947,-87.06848888,18127.0,133,127,2,0,125,120,169594,8,0,0,8,7
2020-04-15,US,Indiana,Posey,6,0,0,38.02097333,-87.86480429,18129.0,6,5,0,0,5,5,25540,1,0,0,1,0
2020-04-15,US,Indiana,Pulaski,1,0,0,41.04166107,-86.69890683,18131.0,1,1,0,0,1,1,12469,0,0,0,0,0
2020-04-15,US,Indiana,Putnam,42,3,0,39.66437981,-86.84517605,18133.0,39,38,3,0,35,33,37779,4,0,0,4,5
2020-04-15,US,Indiana,Randolph,11,1,0,40.15734772,-85.01139319,18135.0,10,11,1,0,10,11,24851,0,0,0,0,0
2020-04-15,US,Indiana,Ripley,88,3,0,39.10235626,-85.26212744,18137.0,85,89,3,0,86,86,28523,-1,0,0,-1,3
2020-04-15,US,Indiana,Rush,17,1,0,39.62002287,-85.4655599,18139.0,16,16,1,0,15,17,16663,1,0,0,1,-1
2020-04-15,US,Indiana,Scott,17,2,0,38.68672078,-85.74627859,18143.0,15,17,2,0,15,17,23878,0,0,0,0,0
2020-04-15,US,Indiana,Shelby,79,3,0,39.52305623,-85.79158570000001,18145.0,76,77,3,0,74,75,44593,2,0,0,2,2
2020-04-15,US,Indiana,Spencer,4,0,0,38.01519732,-87.0079644,18147.0,4,3,0,0,3,3,20327,1,0,0,1,0
2020-04-15,US,Indiana,St. Joseph,273,5,0,41.61756781,-86.29040834,18141.0,268,234,4,0,230,194,270771,39,1,0,38,40
2020-04-15,US,Indiana,Starke,10,1,0,41.27890281,-86.64686895,18149.0,9,10,1,0,9,9,22935,0,0,0,0,1
2020-04-15,US,Indiana,Steuben,13,1,0,41.64423868,-85.00101094,18151.0,12,12,1,0,11,12,34586,1,0,0,1,0
2020-04-15,US,Indiana,Sullivan,6,0,0,39.08952258,-87.41414469,18153.0,6,6,0,0,6,6,20690,0,0,0,0,0
2020-04-15,US,Indiana,Switzerland,12,0,0,38.82767338,-85.03022429,18155.0,12,12,0,0,12,12,10717,0,0,0,0,0
2020-04-15,US,Indiana,Tippecanoe,46,2,0,40.38872739,-86.89413959,18157.0,44,46,1,0,45,45,193048,0,1,0,-1,1
2020-04-15,US,Indiana,Tipton,10,0,0,40.31123252,-86.05234925,18159.0,10,10,0,0,10,10,15128,0,0,0,0,0
2020-04-15,US,Indiana,Union,6,0,0,39.62550777,-84.92497066,18161.0,6,6,0,0,6,9,7037,0,0,0,0,-3
2020-04-15,US,Indiana,Vanderburgh,65,1,0,38.02658833,-87.58763124,18163.0,64,60,1,0,59,57,180974,5,0,0,5,3
2020-04-15,US,Indiana,Vermillion,4,0,0,39.8523352,-87.46160542,18165.0,4,3,0,0,3,3,15479,1,0,0,1,0
2020-04-15,US,Indiana,Vigo,43,3,0,39.42944561,-87.39169027,18167.0,40,42,3,0,39,42,107386,1,0,0,1,0
2020-04-15,US,Indiana,Wabash,7,0,0,40.84704239,-85.79328272,18169.0,7,7,0,0,7,7,31280,0,0,0,0,0
2020-04-15,US,Indiana,Warren,3,1,0,40.34728141,-87.35602659,18171.0,2,3,1,0,2,3,8263,0,0,0,0,0
2020-04-15,US,Indiana,Warrick,41,3,0,38.08922676,-87.2716085,18173.0,38,39,2,0,37,38,62567,2,1,0,1,1
2020-04-15,US,Indiana,Washington,27,0,0,38.60219804,-86.1049363,18175.0,27,26,0,0,26,26,27943,1,0,0,1,0
2020-04-15,US,Indiana,Wayne,20,1,0,39.8633444,-85.01044989,18177.0,19,19,1,0,18,19,65936,1,0,0,1,0
2020-04-15,US,Indiana,Wells,4,0,0,40.72934187,-85.22132966,18179.0,4,4,0,0,4,4,28206,0,0,0,0,0
2020-04-15,US,Indiana,White,5,0,0,40.74911165,-86.86492015,18181.0,5,5,0,0,5,4,24133,0,0,0,0,1
2020-04-15,US,Indiana,Whitley,14,1,0,41.13863784,-85.50791236,18183.0,13,14,1,0,13,13,34074,0,0,0,0,1
2020-04-15,US,Iowa,Adair,1,0,0,41.33075609,-94.47105874,19001.0,1,1,0,0,1,1,7063,0,0,0,0,0
2020-04-15,US,Iowa,Allamakee,24,2,0,43.28383218,-91.37860922,19005.0,22,24,1,0,23,23,13832,0,1,0,-1,1
2020-04-15,US,Iowa,Appanoose,1,1,0,40.74324454,-92.86865906,19007.0,0,1,1,0,0,1,12437,0,0,0,0,0
2020-04-15,US,Iowa,Audubon,1,0,0,41.6844628,-94.90581859,19009.0,1,1,0,0,1,1,5506,0,0,0,0,0
2020-04-15,US,Iowa,Benton,19,1,0,42.08011739,-92.06463573,19011.0,18,20,1,0,19,20,25642,-1,0,0,-1,0
2020-04-15,US,Iowa,Black Hawk,85,0,0,42.4704581,-92.30524729,19013.0,85,78,0,0,78,62,132408,7,0,0,7,16
2020-04-15,US,Iowa,Boone,4,0,0,42.03657094,-93.9313999,19015.0,4,4,0,0,4,4,26346,0,0,0,0,0
2020-04-15,US,Iowa,Bremer,9,0,0,42.77461496,-92.31795937,19017.0,9,9,0,0,9,4,24947,0,0,0,0,5
2020-04-15,US,Iowa,Buchanan,8,0,0,42.4709188,-91.83510825,19019.0,8,8,0,0,8,8,21199,0,0,0,0,0
2020-04-15,US,Iowa,Buena Vista,2,0,0,42.73545875,-95.15100162,19021.0,2,2,0,0,2,2,19874,0,0,0,0,0
2020-04-15,US,Iowa,Butler,1,0,0,42.73172833,-92.79015971,19023.0,1,1,0,0,1,1,14539,0,0,0,0,0
2020-04-15,US,Iowa,Carroll,1,0,0,42.03617207,-94.86032705,19027.0,1,1,0,0,1,1,20154,0,0,0,0,0
2020-04-15,US,Iowa,Cass,1,0,0,41.33149454,-94.92792482,19029.0,1,1,0,0,1,1,12930,0,0,0,0,0
2020-04-15,US,Iowa,Cedar,22,0,0,41.77233777,-91.13246684,19031.0,22,21,0,0,21,21,18627,1,0,0,1,0
2020-04-15,US,Iowa,Cerro Gordo,14,0,0,43.08177563,-93.2612239,19033.0,14,14,0,0,14,13,42647,0,0,0,0,1
2020-04-15,US,Iowa,Chickasaw,2,0,0,43.06001295,-92.31773347,19037.0,2,2,0,0,2,2,11964,0,0,0,0,0
2020-04-15,US,Iowa,Clarke,2,0,0,41.02868181,-93.78499767,19039.0,2,2,0,0,2,2,9423,0,0,0,0,0
2020-04-15,US,Iowa,Clay,2,0,0,43.08247182,-95.15096481,19041.0,2,2,0,0,2,2,16134,0,0,0,0,0
2020-04-15,US,Iowa,Clayton,7,1,0,42.84443388,-91.34133693,19043.0,6,7,0,0,7,7,17556,0,1,0,-1,0
2020-04-15,US,Iowa,Clinton,38,0,0,41.89981633,-90.53275096,19045.0,38,36,0,0,36,33,46518,2,0,0,2,3
2020-04-15,US,Iowa,Crawford,6,1,0,42.03718237,-95.3819718,19047.0,5,6,1,0,5,6,17158,0,0,0,0,0
2020-04-15,US,Iowa,Dallas,38,0,0,41.68560356,-94.04127625,19049.0,38,37,0,0,37,36,90180,1,0,0,1,1
2020-04-15,US,Iowa,Delaware,2,0,0,42.47104597,-91.3664492,19055.0,2,2,0,0,2,2,17069,0,0,0,0,0
2020-04-15,US,Iowa,Des Moines,7,0,0,40.92012606,-91.18326592,19057.0,7,7,0,0,7,5,39138,0,0,0,0,2
2020-04-15,US,Iowa,Dickinson,1,0,0,43.37787725,-95.1510206,19059.0,1,1,0,0,1,1,17153,0,0,0,0,0
2020-04-15,US,Iowa,Dubuque,37,1,0,42.46815349,-90.88181925,19061.0,36,35,1,0,34,35,96854,2,0,0,2,0
2020-04-15,US,Iowa,Fayette,5,0,0,42.86271799,-91.8441231,19065.0,5,5,0,0,5,5,19660,0,0,0,0,0
2020-04-15,US,Iowa,Franklin,1,0,0,42.73270384,-93.26256925,19069.0,1,1,0,0,1,1,10124,0,0,0,0,0
2020-04-15,US,Iowa,Greene,1,0,0,42.03614551,-94.39658081,19073.0,1,1,0,0,1,1,8981,0,0,0,0,0
2020-04-15,US,Iowa,Grundy,1,0,0,42.40183723,-92.78829551,19075.0,1,1,0,0,1,1,12304,0,0,0,0,0
2020-04-15,US,Iowa,Guthrie,3,0,0,41.68378965,-94.50111014,19077.0,3,1,0,0,1,1,10720,2,0,0,2,0
2020-04-15,US,Iowa,Hamilton,2,0,0,42.38382428,-93.70197703,19079.0,2,2,0,0,2,2,14952,0,0,0,0,0
2020-04-15,US,Iowa,Hancock,3,0,0,43.08178477,-93.73454884,19081.0,3,3,0,0,3,3,10712,0,0,0,0,0
2020-04-15,US,Iowa,Hardin,1,0,0,42.38353877,-93.23654611,19083.0,1,2,0,0,2,2,16868,-1,0,0,-1,0
2020-04-15,US,Iowa,Harrison,12,0,0,41.68330137,-95.81558439,19085.0,12,12,0,0,12,12,14134,0,0,0,0,0
2020-04-15,US,Iowa,Henry,22,1,0,40.98767962,-91.54436349,19087.0,21,22,1,0,21,20,20067,0,0,0,0,2
2020-04-15,US,Iowa,Howard,1,0,0,43.35671042,-92.31702714,19089.0,1,1,0,0,1,1,9187,0,0,0,0,0
2020-04-15,US,Iowa,Iowa,7,0,0,41.68630265,-92.0643373,19095.0,7,7,0,0,7,7,16141,0,0,0,0,0
2020-04-15,US,Iowa,Jackson,4,0,0,42.17178824,-90.57354837,19097.0,4,4,0,0,4,4,19432,0,0,0,0,0
2020-04-15,US,Iowa,Jasper,17,0,0,41.68576082,-93.05567785,19099.0,17,15,0,0,15,12,37147,2,0,0,2,3
2020-04-15,US,Iowa,Jefferson,4,0,0,41.03192394,-91.94849466,19101.0,4,4,0,0,4,4,18381,0,0,0,0,0
2020-04-15,US,Iowa,Johnson,226,3,0,41.67169354,-91.58754744,19103.0,223,216,2,0,214,210,151260,10,1,0,9,6
2020-04-15,US,Iowa,Jones,11,0,0,42.12118609,-91.13139641,19105.0,11,11,0,0,11,10,20744,0,0,0,0,1
2020-04-15,US,Iowa,Keokuk,2,0,0,41.33649833,-92.1785067,19107.0,2,2,0,0,2,2,10225,0,0,0,0,0
2020-04-15,US,Iowa,Kossuth,1,0,0,43.20405458,-94.20691791,19109.0,1,1,0,0,1,1,14908,0,0,0,0,0
2020-04-15,US,Iowa,Lee,2,0,0,40.64181461,-91.48183025,19111.0,2,2,0,0,2,2,34055,0,0,0,0,0
2020-04-15,US,Iowa,Linn,276,21,0,42.07923082,-91.59809485,19113.0,255,265,19,0,246,258,225909,11,2,0,9,7
2020-04-15,US,Iowa,Louisa,166,0,0,41.21842119,-91.26102611,19115.0,166,149,0,0,149,79,11169,17,0,0,17,70
2020-04-15,US,Iowa,Lyon,4,0,0,43.38107862,-96.20926845,19119.0,4,4,0,0,4,4,11811,0,0,0,0,0
2020-04-15,US,Iowa,Madison,3,1,0,41.33081904,-94.01554631,19121.0,2,3,1,0,2,2,16249,0,0,0,0,1
2020-04-15,US,Iowa,Mahaska,7,0,0,41.33521503,-92.64083907,19123.0,7,5,0,0,5,5,22000,2,0,0,2,0
2020-04-15,US,Iowa,Marion,3,0,0,41.33445101,-93.09934783,19125.0,3,3,0,0,3,3,33407,0,0,0,0,0
2020-04-15,US,Iowa,Marshall,44,0,0,42.03586837,-92.9990819,19127.0,44,42,0,0,42,37,39981,2,0,0,2,5
2020-04-15,US,Iowa,Mills,2,0,0,41.03299766,-95.61920963,19129.0,2,2,0,0,2,2,15063,0,0,0,0,0
2020-04-15,US,Iowa,Mitchell,2,0,0,43.35638371,-92.78887719,19131.0,2,2,0,0,2,2,10569,0,0,0,0,0
2020-04-15,US,Iowa,Monona,6,0,0,42.05220391,-95.95743843,19133.0,6,6,0,0,6,6,8679,0,0,0,0,0
2020-04-15,US,Iowa,Montgomery,1,0,0,41.03018714,-95.15642896,19137.0,1,1,0,0,1,1,10003,0,0,0,0,0
2020-04-15,US,Iowa,Muscatine,133,2,0,41.48370744,-91.1121697,19139.0,131,122,2,0,120,102,42929,11,0,0,11,20
2020-04-15,US,Iowa,O'Brien,3,0,0,43.08310673,-95.62474482,19141.0,3,3,0,0,3,3,13840,0,0,0,0,0
2020-04-15,US,Iowa,Osceola,2,0,0,43.37824276,-95.62422844,19143.0,2,2,0,0,2,2,6040,0,0,0,0,0
2020-04-15,US,Iowa,Page,3,0,0,40.7393172,-95.1497813,19145.0,3,3,0,0,3,3,15249,0,0,0,0,0
2020-04-15,US,Iowa,Plymouth,4,0,0,42.737633,-96.21366621,19149.0,4,4,0,0,4,4,25095,0,0,0,0,0
2020-04-15,US,Iowa,Polk,224,7,0,41.68679484,-93.57767461,19153.0,217,213,5,0,208,195,487204,11,2,0,9,18
2020-04-15,US,Iowa,Pottawattamie,14,1,0,41.33640314,-95.53907776,19155.0,13,14,0,0,14,12,93533,0,1,0,-1,2
2020-04-15,US,Iowa,Poweshiek,6,1,0,41.68625425,-92.53155731,19157.0,5,6,1,0,5,6,18699,0,0,0,0,0
2020-04-15,US,Iowa,Scott,129,2,0,41.63935978,-90.61959493,19163.0,127,124,1,0,123,118,173283,5,1,0,4,6
2020-04-15,US,Iowa,Shelby,7,0,0,41.6850066,-95.31015553,19165.0,7,6,0,0,6,6,11578,1,0,0,1,0
2020-04-15,US,Iowa,Sioux,7,0,0,43.08221074,-96.1767568,19167.0,7,7,0,0,7,7,34909,0,0,0,0,0
2020-04-15,US,Iowa,Story,11,0,0,42.03621213,-93.46499005,19169.0,11,11,0,0,11,8,98105,0,0,0,0,3
2020-04-15,US,Iowa,Tama,111,3,0,42.07991767,-92.53266945,19171.0,108,108,2,0,106,101,16904,3,1,0,2,7
2020-04-15,US,Iowa,Taylor,1,0,0,40.73710579,-94.69778563,19173.0,1,1,0,0,1,1,6191,0,0,0,0,0
2020-04-15,US,Iowa,Union,1,0,0,41.0277278,-94.24234847,19175.0,1,1,0,0,1,1,12359,0,0,0,0,0
2020-04-15,US,Iowa,Van Buren,8,0,0,40.75326764,-91.95017958,19177.0,8,8,0,0,8,8,7020,0,0,0,0,0
2020-04-15,US,Iowa,Wapello,7,0,0,41.03064984,-92.40954728,19179.0,7,7,0,0,7,6,35205,0,0,0,0,1
2020-04-15,US,Iowa,Warren,16,0,0,41.33559454,-93.56007641,19181.0,16,15,0,0,15,14,51056,1,0,0,1,1
2020-04-15,US,Iowa,Washington,101,4,0,41.33577126,-91.71725711,19183.0,97,95,4,0,91,89,22141,6,0,0,6,6
2020-04-15,US,Iowa,Webster,2,0,0,42.42853483,-94.17987389,19187.0,2,2,0,0,2,2,36277,0,0,0,0,0
2020-04-15,US,Iowa,Winnebago,2,0,0,43.37751174,-93.73407298,19189.0,2,2,0,0,2,2,10518,0,0,0,0,0
2020-04-15,US,Iowa,Winneshiek,5,0,0,43.29094334,-91.84422722,19191.0,5,5,0,0,5,5,20029,0,0,0,0,0
2020-04-15,US,Iowa,Woodbury,21,0,0,42.38979414,-96.0459439,19193.0,21,20,0,0,20,19,102539,1,0,0,1,1
2020-04-15,US,Iowa,Worth,1,0,0,43.37750768,-93.26087602,19195.0,1,1,0,0,1,1,7453,0,0,0,0,0
2020-04-15,US,Iowa,Wright,1,0,0,42.73305373,-93.73515113,19197.0,1,1,0,0,1,1,12690,0,0,0,0,0
2020-04-15,US,Kansas,Atchison,3,0,0,39.53185661,-95.30870026,20005.0,3,3,0,0,3,3,16193,0,0,0,0,0
2020-04-15,US,Kansas,Barber,1,0,0,37.2288586,-98.68460053,20007.0,1,1,0,0,1,1,4472,0,0,0,0,0
2020-04-15,US,Kansas,Barton,5,0,0,38.47889676,-98.75636726,20009.0,5,4,0,0,4,4,26111,1,0,0,1,0
2020-04-15,US,Kansas,Bourbon,7,1,0,37.85508555,-94.84865997,20011.0,6,7,1,0,6,7,14653,0,0,0,0,0
2020-04-15,US,Kansas,Butler,10,0,0,37.78134351,-96.83878537,20015.0,10,9,0,0,9,9,66765,1,0,0,1,0
2020-04-15,US,Kansas,Chautauqua,3,0,0,37.14994405,-96.2454192,20019.0,3,3,0,0,3,3,3309,0,0,0,0,0
2020-04-15,US,Kansas,Cherokee,7,0,0,37.16928494,-94.8462897,20021.0,7,6,0,0,6,6,20015,1,0,0,1,0
2020-04-15,US,Kansas,Clay,1,0,0,39.34948772,-97.16518128,20027.0,1,1,0,0,1,1,7997,0,0,0,0,0
2020-04-15,US,Kansas,Cloud,3,0,0,39.48028352,-97.64925343,20029.0,3,3,0,0,3,3,8729,0,0,0,0,0
2020-04-15,US,Kansas,Coffey,45,3,0,38.2365018,-95.73379515,20031.0,42,41,3,0,38,40,8233,4,0,0,4,1
2020-04-15,US,Kansas,Cowley,1,1,0,37.23781842,-96.83776647,20035.0,0,1,1,0,0,1,35218,0,0,0,0,0
2020-04-15,US,Kansas,Crawford,6,1,0,37.50675523,-94.85245778,20037.0,5,6,1,0,5,6,39019,0,0,0,0,0
2020-04-15,US,Kansas,Dickinson,1,0,0,38.86600962,-97.15532383,20041.0,1,1,0,0,1,,18717,0,0,0,0,
2020-04-15,US,Kansas,Doniphan,1,0,0,39.79067154,-95.14056866,20043.0,1,1,0,0,1,1,7682,0,0,0,0,0
2020-04-15,US,Kansas,Douglas,41,0,0,38.88503636,-95.2925121,20045.0,41,40,0,0,40,40,121436,1,0,0,1,0
2020-04-15,US,Kansas,Ellis,4,0,0,38.91458712,-99.31751551,20051.0,4,4,0,0,4,2,28710,0,0,0,0,2
2020-04-15,US,Kansas,Finney,18,1,0,38.04340344,-100.7381938,20055.0,17,17,1,0,16,17,36611,1,0,0,1,0
2020-04-15,US,Kansas,Ford,32,0,0,37.69200114,-99.88825298,20057.0,32,17,0,0,17,16,33888,15,0,0,15,1
2020-04-15,US,Kansas,Franklin,12,0,0,38.56443815,-95.28644341,20059.0,12,12,0,0,12,12,25631,0,0,0,0,0
2020-04-15,US,Kansas,Geary,9,0,0,38.99871131,-96.7577178,20061.0,9,10,0,0,10,8,32594,-1,0,0,-1,2
2020-04-15,US,Kansas,Gove,1,0,0,38.91588178,-100.4829321,20063.0,1,1,0,0,1,1,2612,0,0,0,0,0
2020-04-15,US,Kansas,Greenwood,1,0,0,37.8774388,-96.23250453,20073.0,1,1,0,0,1,1,6055,0,0,0,0,0
2020-04-15,US,Kansas,Hamilton,1,0,0,37.99978709,-101.7921066,20075.0,1,1,0,0,1,1,2607,0,0,0,0,0
2020-04-15,US,Kansas,Harvey,5,0,0,38.04293782,-97.42747573,20079.0,5,5,0,0,5,4,34210,0,0,0,0,1
2020-04-15,US,Kansas,Jackson,1,0,0,39.41673394,-95.79356799,20085.0,1,1,0,0,1,1,13280,0,0,0,0,0
2020-04-15,US,Kansas,Jefferson,5,0,0,39.2347941,-95.38289232,20087.0,5,5,0,0,5,5,18975,0,0,0,0,0
2020-04-15,US,Kansas,Jewell,3,0,0,39.78470589,-98.21820662,20089.0,3,3,0,0,3,3,2841,0,0,0,0,0
2020-04-15,US,Kansas,Johnson,334,19,0,38.88548175,-94.82250877,20091.0,315,323,16,0,307,309,597555,11,3,0,8,14
2020-04-15,US,Kansas,Labette,20,0,0,37.19113093,-95.29849679,20099.0,20,19,0,0,19,18,19964,1,0,0,1,1
2020-04-15,US,Kansas,Leavenworth,95,1,0,39.20183497,-95.03620809,20103.0,94,95,1,0,94,90,81352,0,0,0,0,5
2020-04-15,US,Kansas,Linn,6,0,0,38.21267844,-94.84254089,20107.0,6,5,0,0,5,5,9750,1,0,0,1,0
2020-04-15,US,Kansas,Lyon,32,0,0,38.45576156,-96.15275715,20111.0,32,32,0,0,32,30,33406,0,0,0,0,2
2020-04-15,US,Kansas,Marion,5,0,0,38.35855394,-97.0985251,20115.0,5,5,0,0,5,4,11950,0,0,0,0,1
2020-04-15,US,Kansas,McPherson,14,0,0,38.39184858,-97.64769869,20113.0,14,14,0,0,14,13,28537,0,0,0,0,1
2020-04-15,US,Kansas,Miami,4,0,0,38.56383358,-94.83832189,20121.0,4,4,0,0,4,3,33680,0,0,0,0,1
2020-04-15,US,Kansas,Mitchell,2,0,0,39.39331582,-98.20906732,20123.0,2,2,0,0,2,2,6150,0,0,0,0,0
2020-04-15,US,Kansas,Montgomery,11,2,0,37.19236568,-95.74329258,20125.0,9,11,2,0,9,14,32120,0,0,0,0,-3
2020-04-15,US,Kansas,Morris,2,0,0,38.68827511,-96.65128437,20127.0,2,2,0,0,2,2,5521,0,0,0,0,0
2020-04-15,US,Kansas,Morton,1,0,0,37.19141121,-101.79925190000002,20129.0,1,1,0,0,1,1,2667,0,0,0,0,0
2020-04-15,US,Kansas,Neosho,2,0,0,37.55862897,-95.30670046,20133.0,2,2,0,0,2,2,15951,0,0,0,0,0
2020-04-15,US,Kansas,Osage,4,0,0,38.65235984,-95.72707998,20139.0,4,4,0,0,4,4,15941,0,0,0,0,0
2020-04-15,US,Kansas,Osborne,2,0,0,39.3503437,-98.76753828,20141.0,2,2,0,0,2,2,3475,0,0,0,0,0
2020-04-15,US,Kansas,Ottawa,3,0,0,39.13237408,-97.65020313,20143.0,3,3,0,0,3,3,5802,0,0,0,0,0
2020-04-15,US,Kansas,Phillips,1,0,0,39.78465501,-99.34668865,20147.0,1,1,0,0,1,1,5317,0,0,0,0,0
2020-04-15,US,Kansas,Pottawatomie,5,0,0,39.37925655,-96.34564657,20149.0,5,5,0,0,5,5,24277,0,0,0,0,0
2020-04-15,US,Kansas,Pratt,1,0,0,37.64780729,-98.73922153,20151.0,1,1,0,0,1,1,9378,0,0,0,0,0
2020-04-15,US,Kansas,Reno,14,0,0,37.95230263,-98.08607292,20155.0,14,14,0,0,14,13,62342,0,0,0,0,1
2020-04-15,US,Kansas,Republic,4,0,0,39.82799632,-97.65036709,20157.0,4,4,0,0,4,4,4664,0,0,0,0,0
2020-04-15,US,Kansas,Riley,25,0,0,39.28935726,-96.73420026,20161.0,25,23,0,0,23,21,73703,2,0,0,2,2
2020-04-15,US,Kansas,Rooks,2,0,0,39.35022773,-99.32484567,20163.0,2,2,0,0,2,2,5013,0,0,0,0,0
2020-04-15,US,Kansas,Saline,13,2,0,38.78369175,-97.65185177,20169.0,11,13,2,0,11,10,54401,0,0,0,0,3
2020-04-15,US,Kansas,Scott,1,0,0,38.48222076,-100.9066539,20171.0,1,1,0,0,1,1,4897,0,0,0,0,0
2020-04-15,US,Kansas,Sedgwick,209,3,0,37.6842718,-97.4608198,20173.0,206,206,3,0,203,200,513607,3,0,0,3,6
2020-04-15,US,Kansas,Seward,7,0,0,37.19324632,-100.8507201,20175.0,7,6,0,0,6,6,21780,1,0,0,1,0
2020-04-15,US,Kansas,Shawnee,82,5,0,39.04100763,-95.7557264,20177.0,77,80,5,0,75,78,177499,2,0,0,2,2
2020-04-15,US,Kansas,Smith,1,0,0,39.78516566,-98.78566062,20183.0,1,1,0,0,1,,3603,0,0,0,0,
2020-04-15,US,Kansas,Stafford,1,0,0,38.03100851,-98.71762001,20185.0,1,1,0,0,1,1,4178,0,0,0,0,0
2020-04-15,US,Kansas,Stanton,2,0,0,37.56304714,-101.7843534,20187.0,2,2,0,0,2,2,1987,0,0,0,0,0
2020-04-15,US,Kansas,Stevens,2,0,0,37.1923008,-101.3118967,20189.0,2,2,0,0,2,2,5559,0,0,0,0,0
2020-04-15,US,Kansas,Sumner,2,1,0,37.23682549,-97.47721621,20191.0,1,2,1,0,1,2,22996,0,0,0,0,0
2020-04-15,US,Kansas,Wabaunsee,1,0,0,38.95471985,-96.20350509,20197.0,1,1,0,0,1,1,6899,0,0,0,0,0
2020-04-15,US,Kansas,Woodson,4,0,0,37.8865336,-95.74006277,20207.0,4,3,0,0,3,3,3183,1,0,0,1,0
2020-04-15,US,Kansas,Wyandotte,363,31,0,39.11727348,-94.76378225,20209.0,332,345,30,0,315,337,165324,18,1,0,17,8
2020-04-15,US,Kentucky,Adair,43,1,0,37.10459774,-85.28129668,21001.0,42,43,1,0,42,11,19215,0,0,0,0,32
2020-04-15,US,Kentucky,Allen,2,0,0,36.75197631,-86.19457544,21003.0,2,2,0,0,2,4,21122,0,0,0,0,-2
2020-04-15,US,Kentucky,Anderson,4,1,0,38.00671029,-84.99171713,21005.0,3,3,1,0,2,3,22663,1,0,0,1,0
2020-04-15,US,Kentucky,Ballard,2,0,0,37.05842757,-88.99427697,21007.0,2,2,0,0,2,1,7979,0,0,0,0,1
2020-04-15,US,Kentucky,Barren,5,0,0,36.96469836,-85.93338945,21009.0,5,5,0,0,5,5,44176,0,0,0,0,0
2020-04-15,US,Kentucky,Bath,3,0,0,38.14735938,-83.74588932,21011.0,3,3,0,0,3,2,12383,0,0,0,0,1
2020-04-15,US,Kentucky,Boone,56,2,0,38.97065142,-84.72615357,21015.0,54,58,2,0,56,48,131533,-2,0,0,-2,10
2020-04-15,US,Kentucky,Bourbon,4,1,0,38.2054607,-84.21827874,21017.0,3,4,1,0,3,4,20184,0,0,0,0,0
2020-04-15,US,Kentucky,Boyd,24,2,0,38.36176608,-82.68652187,21019.0,22,23,2,0,21,26,47240,1,0,0,1,-3
2020-04-15,US,Kentucky,Boyle,12,0,0,37.62680923,-84.8633779,21021.0,12,14,0,0,14,13,30100,-2,0,0,-2,1
2020-04-15,US,Kentucky,Bracken,5,0,0,38.69158994,-84.08532444,21023.0,5,5,0,0,5,6,8239,0,0,0,0,-1
2020-04-15,US,Kentucky,Breathitt,1,0,0,37.52333168,-83.31959161,21025.0,1,3,0,0,3,2,12726,-2,0,0,-2,1
2020-04-15,US,Kentucky,Breckinridge,3,0,0,37.77377239,-86.42885017,21027.0,3,3,0,0,3,3,20388,0,0,0,0,0
2020-04-15,US,Kentucky,Bullitt,30,2,0,37.97162523,-85.68955617,21029.0,28,34,2,0,32,27,81069,-4,0,0,-4,7
2020-04-15,US,Kentucky,Butler,24,1,0,37.20946153,-86.68748787,21031.0,23,22,1,0,21,11,12772,2,0,0,2,11
2020-04-15,US,Kentucky,Caldwell,10,0,0,37.14749129,-87.86948214,21033.0,10,9,0,0,9,10,12715,1,0,0,1,-1
2020-04-15,US,Kentucky,Calloway,15,1,0,36.62093411,-88.2731593,21035.0,14,16,1,0,15,14,39135,-1,0,0,-1,2
2020-04-15,US,Kentucky,Campbell,47,3,0,38.94384345,-84.37875208,21037.0,44,45,3,0,42,47,93152,2,0,0,2,-2
2020-04-15,US,Kentucky,Carroll,2,0,0,38.66599534,-85.12601074,21041.0,2,2,0,0,2,2,10737,0,0,0,0,0
2020-04-15,US,Kentucky,Carter,3,0,0,38.31690743,-83.05092385,21043.0,3,3,0,0,3,1,27004,0,0,0,0,2
2020-04-15,US,Kentucky,Casey,1,0,0,37.32533118,-84.92726209,21045.0,1,,,,,,15888,,,,,
2020-04-15,US,Kentucky,Christian,71,3,0,36.89267803,-87.49055367,21047.0,68,69,3,0,66,62,71671,2,0,0,2,7
2020-04-15,US,Kentucky,Clark,18,0,0,37.9689263,-84.14615986,21049.0,18,18,0,0,18,17,36249,0,0,0,0,1
2020-04-15,US,Kentucky,Clinton,2,0,0,36.72581156,-85.13377529,21053.0,2,2,0,0,2,3,10206,0,0,0,0,-1
2020-04-15,US,Kentucky,Crittenden,3,0,0,37.35839237,-88.08826090000002,21055.0,3,3,0,0,3,3,8915,0,0,0,0,0
2020-04-15,US,Kentucky,Cumberland,2,0,0,36.78926125,-85.39050034,21057.0,2,2,0,0,2,3,6659,0,0,0,0,-1
2020-04-15,US,Kentucky,Daviess,89,3,0,37.73028906,-87.09019479999998,21059.0,86,87,3,0,84,81,101104,2,0,0,2,6
2020-04-15,US,Kentucky,Edmonson,7,0,0,37.21218923,-86.23955613,21061.0,7,6,0,0,6,6,12274,1,0,0,1,0
2020-04-15,US,Kentucky,Fayette,206,7,0,38.0368225,-84.45576892,21067.0,199,197,7,0,190,179,323780,9,0,0,9,18
2020-04-15,US,Kentucky,Fleming,2,0,0,38.36758311,-83.69657514,21069.0,2,2,0,0,2,1,14432,0,0,0,0,1
2020-04-15,US,Kentucky,Franklin,11,0,0,38.2379395,-84.87962551,21073.0,11,11,0,0,11,10,50815,0,0,0,0,1
2020-04-15,US,Kentucky,Gallatin,1,0,0,38.75398691,-84.8558382,21077.0,1,1,0,0,1,1,8832,0,0,0,0,0
2020-04-15,US,Kentucky,Garrard,1,0,0,37.6388668,-84.53289319,21079.0,1,,,,,,17560,,,,,
2020-04-15,US,Kentucky,Grant,14,1,0,38.64962758,-84.62415957,21081.0,13,14,1,0,13,13,25121,0,0,0,0,1
2020-04-15,US,Kentucky,Graves,16,0,0,36.72292505,-88.65143315,21083.0,16,13,0,0,13,9,37317,3,0,0,3,4
2020-04-15,US,Kentucky,Grayson,5,0,0,37.46231118,-86.34248968,21085.0,5,5,0,0,5,4,26321,0,0,0,0,1
2020-04-15,US,Kentucky,Green,1,0,0,37.26484328,-85.5540745,21087.0,1,1,0,0,1,2,11049,0,0,0,0,-1
2020-04-15,US,Kentucky,Greenup,7,0,0,38.54332505,-82.9215658,21089.0,7,5,0,0,5,5,35268,2,0,0,2,0
2020-04-15,US,Kentucky,Hancock,1,0,0,37.83766422,-86.78280584,21091.0,1,2,0,0,2,2,8758,-1,0,0,-1,0
2020-04-15,US,Kentucky,Hardin,25,0,0,37.6976111,-85.96319251,21093.0,25,24,0,0,24,21,110356,1,0,0,1,3
2020-04-15,US,Kentucky,Harrison,14,0,0,38.44188174,-84.32869741,21097.0,14,15,0,0,15,14,18778,-1,0,0,-1,1
2020-04-15,US,Kentucky,Hart,1,0,0,37.29943898,-85.88461055,21099.0,1,1,0,0,1,1,18906,0,0,0,0,0
2020-04-15,US,Kentucky,Henderson,20,0,0,37.79344553,-87.57392021,21101.0,20,23,0,0,23,29,45591,-3,0,0,-3,-6
2020-04-15,US,Kentucky,Henry,3,0,0,38.44942688,-85.11587507,21103.0,3,4,0,0,4,4,16106,-1,0,0,-1,0
2020-04-15,US,Kentucky,Hopkins,91,8,0,37.30939025,-87.54670406,21107.0,83,87,8,0,79,87,45068,4,0,0,4,0
2020-04-15,US,Kentucky,Jackson,23,0,0,37.41866422,-83.99825483,21109.0,23,12,0,0,12,5,13442,11,0,0,11,7
2020-04-15,US,Kentucky,Jefferson,573,46,0,38.18664655,-85.65931031,21111.0,527,531,46,0,485,550,770517,42,0,0,42,-19
2020-04-15,US,Kentucky,Jessamine,29,0,0,37.87119786,-84.58252003,21113.0,29,28,0,0,28,26,53920,1,0,0,1,2
2020-04-15,US,Kentucky,Johnson,1,0,0,37.85106355,-82.8264322,21115.0,1,1,0,0,1,1,22386,0,0,0,0,0
2020-04-15,US,Kentucky,Kenton,106,8,0,38.93950319,-84.53241199,21117.0,98,99,8,0,91,91,166051,7,0,0,7,8
2020-04-15,US,Kentucky,Knott,1,0,0,37.35388197,-82.94981134,21119.0,1,1,0,0,1,1,15126,0,0,0,0,0
2020-04-15,US,Kentucky,Knox,1,0,0,36.89225732,-83.85403396,21121.0,1,1,0,0,1,1,31304,0,0,0,0,0
2020-04-15,US,Kentucky,Larue,4,0,0,37.54567114,-85.70138352,21123.0,4,3,0,0,3,3,14307,1,0,0,1,0
2020-04-15,US,Kentucky,Laurel,11,2,0,37.10975748,-84.11321779,21125.0,9,9,2,0,7,9,60669,2,0,0,2,0
2020-04-15,US,Kentucky,Lawrence,1,0,0,38.07136018,-82.72882223,21127.0,1,1,0,0,1,1,15571,0,0,0,0,0
2020-04-15,US,Kentucky,Leslie,2,0,0,37.09246661,-83.37999606,21131.0,2,1,0,0,1,1,10143,1,0,0,1,0
2020-04-15,US,Kentucky,Letcher,1,0,0,37.12306748,-82.85346474,21133.0,1,1,0,0,1,1,21899,0,0,0,0,0
2020-04-15,US,Kentucky,Lewis,2,0,0,38.53184419,-83.37735618,21135.0,2,2,0,0,2,2,13257,0,0,0,0,0
2020-04-15,US,Kentucky,Lincoln,1,0,0,37.45475628,-84.6565327,21137.0,1,1,0,0,1,1,24644,0,0,0,0,0
2020-04-15,US,Kentucky,Livingston,1,0,0,37.21137452,-88.34797529,21139.0,1,,,,,,9242,,,,,
2020-04-15,US,Kentucky,Logan,10,0,0,36.85949479,-86.877635,21141.0,10,5,0,0,5,5,26989,5,0,0,5,0
2020-04-15,US,Kentucky,Lyon,13,2,0,37.02080035,-88.07886257,21143.0,11,12,2,0,10,12,8009,1,0,0,1,0
2020-04-15,US,Kentucky,Madison,21,1,0,37.71659336,-84.27220275,21151.0,20,20,1,0,19,18,92368,1,0,0,1,2
2020-04-15,US,Kentucky,Marion,11,0,0,37.55218078,-85.26898542,21155.0,11,10,0,0,10,11,19404,1,0,0,1,-1
2020-04-15,US,Kentucky,Marshall,12,0,0,36.88007070000001,-88.32803576,21157.0,12,11,0,0,11,11,31191,1,0,0,1,0
2020-04-15,US,Kentucky,Martin,1,0,0,37.79990579,-82.51247478,21159.0,1,1,0,0,1,4,11323,0,0,0,0,-3
2020-04-15,US,Kentucky,Mason,6,0,0,38.59471935,-83.82151043,21161.0,6,5,0,0,5,5,17150,1,0,0,1,0
2020-04-15,US,Kentucky,McCracken,24,2,0,37.05350953,-88.70445755,21145.0,22,23,2,0,21,21,65346,1,0,0,1,2
2020-04-15,US,Kentucky,McCreary,9,0,0,36.73874143,-84.48102924,21147.0,9,7,0,0,7,8,17408,2,0,0,2,-1
2020-04-15,US,Kentucky,McLean,6,1,0,37.5301951,-87.26803443,21149.0,5,6,1,0,5,7,9252,0,0,0,0,-1
2020-04-15,US,Kentucky,Meade,2,1,0,37.96163597,-86.21028219,21163.0,1,2,1,0,1,2,28715,0,0,0,0,0
2020-04-15,US,Kentucky,Menifee,3,0,0,37.94090733,-83.59985712,21165.0,3,3,0,0,3,3,6451,0,0,0,0,0
2020-04-15,US,Kentucky,Mercer,9,0,0,37.81474237,-84.87488475,21167.0,9,9,0,0,9,9,21774,0,0,0,0,0
2020-04-15,US,Kentucky,Monroe,3,0,0,36.71225341,-85.71596443,21171.0,3,2,0,0,2,2,10718,1,0,0,1,0
2020-04-15,US,Kentucky,Montgomery,8,0,0,38.03253032,-83.9145241,21173.0,8,8,0,0,8,8,28203,0,0,0,0,0
2020-04-15,US,Kentucky,Morgan,1,0,0,37.92465657,-83.25558245,21175.0,1,1,0,0,1,,13345,0,0,0,0,
2020-04-15,US,Kentucky,Muhlenberg,47,2,0,37.21425819,-87.14632053,21177.0,45,45,2,0,43,28,30774,2,0,0,2,17
2020-04-15,US,Kentucky,Nelson,13,0,0,37.80335779,-85.4657193,21179.0,13,13,0,0,13,10,45851,0,0,0,0,3
2020-04-15,US,Kentucky,Nicholas,1,0,0,38.33342292,-84.01889177,21181.0,1,1,0,0,1,1,7166,0,0,0,0,0
2020-04-15,US,Kentucky,Ohio,7,0,0,37.47751843,-86.85368087,21183.0,7,8,0,0,8,8,24087,-1,0,0,-1,0
2020-04-15,US,Kentucky,Oldham,19,0,0,38.39791089,-85.448222,21185.0,19,18,0,0,18,16,66470,1,0,0,1,2
2020-04-15,US,Kentucky,Owsley,2,0,0,37.42823949,-83.68811419,21189.0,2,2,0,0,2,,4472,0,0,0,0,
2020-04-15,US,Kentucky,Pendleton,3,0,0,38.69607718,-84.35599463,21191.0,3,3,0,0,3,3,14529,0,0,0,0,0
2020-04-15,US,Kentucky,Perry,4,0,0,37.25023553,-83.22922731,21193.0,4,4,0,0,4,3,26092,0,0,0,0,1
2020-04-15,US,Kentucky,Pike,5,1,0,37.47088263,-82.39487445,21195.0,4,5,1,0,4,4,58402,0,0,0,0,1
2020-04-15,US,Kentucky,Powell,1,0,0,37.83218794,-83.82553961,21197.0,1,1,0,0,1,2,12442,0,0,0,0,-1
2020-04-15,US,Kentucky,Pulaski,31,2,0,37.10466131,-84.57629079,21199.0,29,31,2,0,29,33,64623,0,0,0,0,-2
2020-04-15,US,Kentucky,Rockcastle,9,0,0,37.36642393,-84.31176452,21203.0,9,9,0,0,9,8,16750,0,0,0,0,1
2020-04-15,US,Kentucky,Rowan,1,0,0,38.19484205,-83.42088935,21205.0,1,1,0,0,1,1,24583,0,0,0,0,0
2020-04-15,US,Kentucky,Russell,8,0,0,36.99308373,-85.06070117,21207.0,8,7,0,0,7,8,17821,1,0,0,1,-1
2020-04-15,US,Kentucky,Scott,21,0,0,38.29622293,-84.5816631,21209.0,21,26,0,0,26,22,56031,-5,0,0,-5,4
2020-04-15,US,Kentucky,Shelby,19,1,0,38.21476019,-85.194223,21211.0,18,18,1,0,17,18,48518,1,0,0,1,0
2020-04-15,US,Kentucky,Simpson,17,1,0,36.74058474,-86.58047435,21213.0,16,16,1,0,15,17,18529,1,0,0,1,-1
2020-04-15,US,Kentucky,Spencer,9,0,0,38.03223971,-85.32749335,21215.0,9,6,0,0,6,6,18794,3,0,0,3,0
2020-04-15,US,Kentucky,Taylor,4,0,0,37.3677562,-85.3329931,21217.0,4,4,0,0,4,3,25549,0,0,0,0,1
2020-04-15,US,Kentucky,Todd,8,0,0,36.8381152,-87.17878374,21219.0,8,7,0,0,7,6,12311,1,0,0,1,1
2020-04-15,US,Kentucky,Trigg,4,0,0,36.80767017,-87.87333656,21221.0,4,4,0,0,4,,14643,0,0,0,0,
2020-04-15,US,Kentucky,Trimble,1,0,0,38.61056487,-85.33775972,21223.0,1,1,0,0,1,2,8515,0,0,0,0,-1
2020-04-15,US,Kentucky,Unassigned,78,9,0,0.0,0.0,90021.0,69,23,0,0,23,112,,55,9,0,46,-89
2020-04-15,US,Kentucky,Union,5,0,0,37.66166713,-87.94300009,21225.0,5,5,0,0,5,5,14505,0,0,0,0,0
2020-04-15,US,Kentucky,Warren,52,0,0,36.99903045,-86.42672751,21227.0,52,47,0,0,47,49,131264,5,0,0,5,-2
2020-04-15,US,Kentucky,Washington,3,0,0,37.75599461,-85.17407732,21229.0,3,3,0,0,3,3,12084,0,0,0,0,0
2020-04-15,US,Kentucky,Wayne,5,0,0,36.80310688,-84.8251971,21231.0,5,4,0,0,4,4,20468,1,0,0,1,0
2020-04-15,US,Kentucky,Webster,9,0,0,37.52168356,-87.67989953,21233.0,9,7,0,0,7,8,13111,2,0,0,2,-1
2020-04-15,US,Kentucky,Whitley,5,0,0,36.75700531,-84.14541217,21235.0,5,5,0,0,5,4,36242,0,0,0,0,1
2020-04-15,US,Kentucky,Woodford,16,0,0,38.04178222,-84.7417556,21239.0,16,16,0,0,16,17,26533,0,0,0,0,-1
2020-04-15,US,Louisiana,Acadia,105,5,0,30.2950649,-92.41419698,22001.0,100,104,5,0,99,101,62190,1,0,0,1,3
2020-04-15,US,Louisiana,Allen,74,8,0,30.65385745,-92.82442028,22003.0,66,74,8,0,66,74,25605,0,0,0,0,0
2020-04-15,US,Louisiana,Ascension,440,27,0,30.20406249,-90.91328409999998,22005.0,413,438,27,0,411,432,124672,2,0,0,2,6
2020-04-15,US,Louisiana,Assumption,129,1,0,29.89946234,-91.06461642,22007.0,128,123,1,0,122,120,22300,6,0,0,6,3
2020-04-15,US,Louisiana,Avoyelles,64,3,0,31.07796211,-92.00079449,22009.0,61,65,2,0,63,64,40462,-1,1,0,-2,1
2020-04-15,US,Louisiana,Beauregard,30,1,0,30.64836518,-93.34173616,22011.0,29,28,1,0,27,28,37253,2,0,0,2,0
2020-04-15,US,Louisiana,Bienville,42,7,0,32.34569994,-93.05398492,22013.0,35,37,6,0,31,37,13308,5,1,0,4,0
2020-04-15,US,Louisiana,Bossier,211,11,0,32.67932307,-93.60460152,22015.0,200,207,10,0,197,188,127185,4,1,0,3,19
2020-04-15,US,Louisiana,Caddo,1118,57,0,32.57991587,-93.88375652,22017.0,1061,1097,56,0,1041,1033,242922,21,1,0,20,64
2020-04-15,US,Louisiana,Calcasieu,282,15,0,30.22931235,-93.35400434,22019.0,267,273,14,0,259,268,203112,9,1,0,8,5
2020-04-15,US,Louisiana,Caldwell,18,0,0,32.0902519,-92.11752148,22021.0,18,18,0,0,18,18,9960,0,0,0,0,0
2020-04-15,US,Louisiana,Cameron,2,0,0,29.87592238,-93.19310676,22023.0,2,2,0,0,2,2,6968,0,0,0,0,0
2020-04-15,US,Louisiana,Catahoula,22,1,0,31.66778967,-91.84526385,22025.0,21,21,1,0,20,21,9608,1,0,0,1,0
2020-04-15,US,Louisiana,Claiborne,44,4,0,32.82308512,-92.99526883,22027.0,40,41,4,0,37,41,15944,3,0,0,3,0
2020-04-15,US,Louisiana,Concordia,21,1,0,31.44817835,-91.63814433,22029.0,20,19,1,0,18,19,19572,2,0,0,2,0
2020-04-15,US,Louisiana,De Soto,134,8,0,32.05457447,-93.74130302,22031.0,126,130,7,0,123,125,27436,4,1,0,3,5
2020-04-15,US,Louisiana,East Baton Rouge,1325,62,0,30.53842039,-91.09777565,22033.0,1263,1295,58,0,1237,1273,440956,30,4,0,26,22
2020-04-15,US,Louisiana,East Carroll,1,0,0,32.73926954,-91.23425694,22035.0,1,1,0,0,1,1,7037,0,0,0,0,0
2020-04-15,US,Louisiana,East Feliciana,81,7,0,30.84425359,-91.04976723,22037.0,74,77,4,0,73,73,19305,4,3,0,1,4
2020-04-15,US,Louisiana,Evangeline,40,0,0,30.72985248,-92.39915924,22039.0,40,39,0,0,39,38,33443,1,0,0,1,1
2020-04-15,US,Louisiana,Franklin,53,2,0,32.13675181,-91.67589857,22041.0,51,49,2,0,47,49,20156,4,0,0,4,0
2020-04-15,US,Louisiana,Grant,12,0,0,31.59882456,-92.56124347,22043.0,12,12,0,0,12,12,22482,0,0,0,0,0
2020-04-15,US,Louisiana,Iberia,159,7,0,29.86803617,-91.75871777,22045.0,152,148,5,0,143,142,70941,11,2,0,9,6
2020-04-15,US,Louisiana,Iberville,256,17,0,30.25734305,-91.3499598,22047.0,239,253,17,0,236,241,32721,3,0,0,3,12
2020-04-15,US,Louisiana,Jackson,11,0,0,32.30251776,-92.55692092,22049.0,11,9,0,0,9,8,15902,2,0,0,2,1
2020-04-15,US,Louisiana,Jefferson,5265,247,0,29.74075478,-90.11115756,22051.0,5018,5188,210,0,4978,5088,434051,77,37,0,40,100
2020-04-15,US,Louisiana,Jefferson Davis,48,4,0,30.26896765,-92.81210004,22053.0,44,47,4,0,43,47,31582,1,0,0,1,0
2020-04-15,US,Louisiana,LaSalle,13,0,0,31.67884782,-92.15907765,0.0,13,13,0,0,13,13,14917,0,0,0,0,0
2020-04-15,US,Louisiana,Lafayette,375,16,0,30.2049055,-92.06959876,22055.0,359,363,15,0,348,360,242782,12,1,0,11,3
2020-04-15,US,Louisiana,Lafourche,499,15,0,29.52470226,-90.40976986,22057.0,484,486,13,0,473,481,98115,13,2,0,11,5
2020-04-15,US,Louisiana,Lincoln,41,0,0,32.6003154,-92.6659741,22061.0,41,42,0,0,42,39,47196,-1,0,0,-1,3
2020-04-15,US,Louisiana,Livingston,133,5,0,30.44143993,-90.73061664,22063.0,128,129,4,0,125,122,139567,4,1,0,3,7
2020-04-15,US,Louisiana,Madison,2,0,0,32.36918118,-91.23973355,22065.0,2,2,0,0,2,2,11161,0,0,0,0,0
2020-04-15,US,Louisiana,Morehouse,32,2,0,32.81686191,-91.80421614,22067.0,30,32,2,0,30,32,25398,0,0,0,0,0
2020-04-15,US,Louisiana,Natchitoches,42,0,0,31.72321584,-93.09816516,22069.0,42,42,0,0,42,41,38659,0,0,0,0,1
2020-04-15,US,Louisiana,Orleans,5769,287,0,30.06971951,-89.92660315,22071.0,5482,5718,276,0,5442,5651,391006,51,11,0,40,67
2020-04-15,US,Louisiana,Ouachita,411,8,0,32.47645559,-92.15704172,22073.0,403,387,7,0,380,384,154475,24,1,0,23,3
2020-04-15,US,Louisiana,Plaquemines,147,11,0,29.42245447,-89.60322085,22075.0,136,142,11,0,131,140,23410,5,0,0,5,2
2020-04-15,US,Louisiana,Pointe Coupee,53,4,0,30.71409502,-91.60209535,22077.0,49,49,4,0,45,47,21940,4,0,0,4,2
2020-04-15,US,Louisiana,Rapides,179,7,0,31.19778499,-92.52997303,22079.0,172,175,5,0,170,168,130562,4,2,0,2,7
2020-04-15,US,Louisiana,Red River,13,2,0,32.09530039,-93.34213308,22081.0,11,13,2,0,11,12,8477,0,0,0,0,1
2020-04-15,US,Louisiana,Richland,21,0,0,32.41391005,-91.76634876,22083.0,21,20,0,0,20,20,20192,1,0,0,1,0
2020-04-15,US,Louisiana,Sabine,10,0,0,31.56388699,-93.55433981,22085.0,10,10,0,0,10,9,24032,0,0,0,0,1
2020-04-15,US,Louisiana,St. Bernard,383,10,0,29.87761636,-89.51887093,22087.0,373,377,8,0,369,369,46721,6,2,0,4,8
2020-04-15,US,Louisiana,St. Charles,476,26,0,29.90709658,-90.35555967,22089.0,450,460,24,0,436,410,52879,16,2,0,14,50
2020-04-15,US,Louisiana,St. Helena,14,0,0,30.82210324,-90.71013176,22091.0,14,14,0,0,14,14,10262,0,0,0,0,0
2020-04-15,US,Louisiana,St. James,210,13,0,30.02531716,-90.80212061,22093.0,197,208,13,0,195,207,21037,2,0,0,2,1
2020-04-15,US,Louisiana,St. John the Baptist,569,47,0,30.12597499,-90.4753503,22095.0,522,562,48,0,514,556,43184,7,-1,0,8,6
2020-04-15,US,Louisiana,St. Landry,116,16,0,30.59724262,-92.00135806,22097.0,100,115,16,0,99,114,82764,1,0,0,1,1
2020-04-15,US,Louisiana,St. Martin,174,10,0,30.13112107,-91.61403569,22099.0,164,168,9,0,159,162,53621,6,1,0,5,6
2020-04-15,US,Louisiana,St. Mary,130,4,0,29.69262097,-91.44702164,22101.0,126,129,2,0,127,127,49774,1,2,0,-1,2
2020-04-15,US,Louisiana,St. Tammany,924,60,0,30.40942847,-89.95642711,22103.0,864,898,55,0,843,881,258111,26,5,0,21,17
2020-04-15,US,Louisiana,Tangipahoa,418,15,0,30.62888673,-90.40664996,22105.0,403,391,11,0,380,352,133777,27,4,0,23,39
2020-04-15,US,Louisiana,Tensas,1,0,0,32.00760749,-91.32915234,22107.0,1,1,0,0,1,1,4462,0,0,0,0,0
2020-04-15,US,Louisiana,Terrebonne,273,18,0,29.37343766,-90.82626855,22109.0,255,265,17,0,248,260,111021,8,1,0,7,5
2020-04-15,US,Louisiana,Unassigned,56,1,0,0.0,0.0,90022.0,55,56,0,0,56,56,,0,1,0,-1,0
2020-04-15,US,Louisiana,Union,56,4,0,32.83121059,-92.3749373,22111.0,52,50,4,0,46,48,22330,6,0,0,6,2
2020-04-15,US,Louisiana,Vermilion,27,1,0,29.83517605,-92.30292538,22113.0,26,27,1,0,26,26,59830,0,0,0,0,1
2020-04-15,US,Louisiana,Vernon,14,1,0,31.10884837,-93.18153838,22115.0,13,14,1,0,13,14,48860,0,0,0,0,0
2020-04-15,US,Louisiana,Washington,173,10,0,30.85288548,-90.03866652,22117.0,163,162,9,0,153,156,46582,11,1,0,10,6
2020-04-15,US,Louisiana,Webster,69,4,0,32.70847669,-93.33121835,22119.0,65,65,2,0,63,65,38798,4,2,0,2,0
2020-04-15,US,Louisiana,West Baton Rouge,78,9,0,30.46058217,-91.30989571,22121.0,69,76,9,0,67,72,26427,2,0,0,2,4
2020-04-15,US,Louisiana,West Carroll,4,0,0,32.78550125,-91.461201,22123.0,4,4,0,0,4,4,10982,0,0,0,0,0
2020-04-15,US,Louisiana,West Feliciana,47,0,0,30.87882871,-91.4148538,22125.0,47,46,0,0,46,46,15460,1,0,0,1,0
2020-04-15,US,Louisiana,Winn,12,2,0,31.94449367,-92.63789413,22127.0,10,12,2,0,10,12,14134,0,0,0,0,0
2020-04-15,US,Maine,Androscoggin,31,1,0,44.1664747,-70.20380627,23001.0,30,29,0,0,29,28,107679,2,1,0,1,1
2020-04-15,US,Maine,Aroostook,2,0,0,46.65926321,-68.59841248,23003.0,2,2,0,0,2,2,67111,0,0,0,0,0
2020-04-15,US,Maine,Cumberland,339,14,0,43.8370751,-70.37226999,23005.0,325,331,12,0,319,299,293557,8,2,0,6,32
2020-04-15,US,Maine,Franklin,9,0,0,44.97330019,-70.44381045,23007.0,9,8,0,0,8,8,29897,1,0,0,1,0
2020-04-15,US,Maine,Hancock,5,0,0,44.59816444,-68.38401854,23009.0,5,5,0,0,5,5,54811,0,0,0,0,0
2020-04-15,US,Maine,Kennebec,93,3,0,44.40759555,-69.76738544,23011.0,90,81,1,0,80,78,122083,12,2,0,10,3
2020-04-15,US,Maine,Knox,12,0,0,44.11486325,-69.10529169,23013.0,12,11,0,0,11,12,39771,1,0,0,1,-1
2020-04-15,US,Maine,Lincoln,12,0,0,44.05996956,-69.54227124,23015.0,12,11,0,0,11,10,34342,1,0,0,1,1
2020-04-15,US,Maine,Oxford,13,0,0,44.49952995,-70.75682123,23017.0,13,13,0,0,13,13,57618,0,0,0,0,0
2020-04-15,US,Maine,Penobscot,36,0,0,45.40194593,-68.65020455,23019.0,36,34,0,0,34,34,151096,2,0,0,2,0
2020-04-15,US,Maine,Sagadahoc,15,0,0,43.95415864,-69.85074999,23023.0,15,15,1,0,14,15,35634,0,-1,0,1,0
2020-04-15,US,Maine,Somerset,13,0,0,45.51229767,-69.95995554,23025.0,13,11,0,0,11,8,50592,2,0,0,2,3
2020-04-15,US,Maine,Unassigned,2,0,0,0.0,0.0,90023.0,2,2,0,0,2,5,,0,0,0,0,-3
2020-04-15,US,Maine,Waldo,30,2,0,44.4858305,-69.12061935,23027.0,28,29,2,0,27,29,39694,1,0,0,1,0
2020-04-15,US,Maine,Washington,2,0,0,45.01607142,-67.62813524,23029.0,2,1,0,0,1,1,31490,1,0,0,1,0
2020-04-15,US,Maine,York,156,4,0,43.47808377,-70.71052375,23031.0,152,152,4,0,148,151,206229,4,0,0,4,1
2020-04-15,US,Maryland,Allegany,17,1,0,39.62357628,-78.69280486,24001.0,16,17,0,0,17,15,70975,0,1,0,-1,2
2020-04-15,US,Maryland,Anne Arundel,845,32,0,39.00670238,-76.60329337,24003.0,813,783,32,0,751,724,576031,62,0,0,62,59
2020-04-15,US,Maryland,Baltimore,1485,41,0,39.45784712,-76.62911955,24005.0,1444,1377,41,0,1336,1361,828431,108,0,0,108,16
2020-04-15,US,Maryland,Baltimore City,1060,29,0,39.30211911,-76.61151012,24510.0,1031,962,29,0,933,873,621342,98,0,0,98,89
2020-04-15,US,Maryland,Calvert,102,1,0,38.53961642,-76.56820632,24009.0,101,99,1,0,98,94,92003,3,0,0,3,5
2020-04-15,US,Maryland,Caroline,22,0,0,38.87172293,-75.82904158,24011.0,22,21,0,0,21,21,33304,1,0,0,1,0
2020-04-15,US,Maryland,Carroll,262,29,0,39.56453592,-77.02373735,24013.0,233,259,29,0,230,250,168429,3,0,0,3,9
2020-04-15,US,Maryland,Cecil,90,2,0,39.56647682,-75.94627411,24015.0,88,85,2,0,83,83,102826,5,0,0,5,2
2020-04-15,US,Maryland,Charles,310,12,0,38.51092331,-76.98580666,24017.0,298,292,12,0,280,274,161503,18,0,0,18,18
2020-04-15,US,Maryland,Dorchester,16,1,0,38.45413522,-76.02752426,24019.0,15,14,1,0,13,12,31998,2,0,0,2,2
2020-04-15,US,Maryland,Frederick,442,20,0,39.47296601,-77.39999394,24021.0,422,441,14,0,427,417,255648,1,6,0,-5,24
2020-04-15,US,Maryland,Garrett,4,0,0,39.52786077,-79.27355126,24023.0,4,4,0,0,4,4,29163,0,0,0,0,0
2020-04-15,US,Maryland,Harford,152,0,0,39.55010644,-76.30775940000002,24025.0,152,147,0,0,147,142,253956,5,0,0,5,5
2020-04-15,US,Maryland,Howard,424,9,0,39.25305293,-76.93126208,24027.0,415,403,9,0,394,386,323196,21,0,0,21,17
2020-04-15,US,Maryland,Kent,11,1,0,39.24976208,-76.04741541,24029.0,10,11,0,0,11,11,19383,0,1,0,-1,0
2020-04-15,US,Maryland,Montgomery,1933,54,0,39.13676329,-77.20358245,24031.0,1879,1883,54,0,1829,1756,1052567,50,0,0,50,127
2020-04-15,US,Maryland,Prince George's,2516,72,0,38.83070039,-76.8496441,24033.0,2444,2356,72,0,2284,2205,909308,160,0,0,160,151
2020-04-15,US,Maryland,Queen Anne's,19,1,0,39.06198912,-76.03530977,24035.0,18,19,0,0,19,19,50251,0,1,0,-1,0
2020-04-15,US,Maryland,Somerset,5,0,0,38.1163542,-75.75118623,24039.0,5,5,0,0,5,6,25675,0,0,0,0,-1
2020-04-15,US,Maryland,St. Mary's,99,3,0,38.30058422,-76.60629279999998,24037.0,96,98,3,0,95,95,112664,1,0,0,1,3
2020-04-15,US,Maryland,Talbot,14,1,0,38.76618159,-76.10882561,24041.0,13,16,1,0,15,16,36968,-2,0,0,-2,0
2020-04-15,US,Maryland,Washington,106,1,0,39.60835778,-77.82002295,24043.0,105,96,1,0,95,93,150926,10,0,0,10,3
2020-04-15,US,Maryland,Wicomico,76,1,0,38.37301947,-75.62705831,24045.0,75,63,1,0,62,58,103195,13,0,0,13,5
2020-04-15,US,Maryland,Worcester,22,0,0,38.21274277,-75.33200012,24047.0,22,21,0,0,21,21,51823,1,0,0,1,0
2020-04-15,US,Massachusetts,Barnstable,530,18,0,41.72980578,-70.28854339,25001.0,512,514,16,0,498,502,213413,16,2,0,14,12
2020-04-15,US,Massachusetts,Berkshire,370,21,0,42.37428441,-73.20524838,25003.0,349,360,20,0,340,355,126348,10,1,0,9,5
2020-04-15,US,Massachusetts,Bristol,1508,56,0,41.79228404,-71.10872211,25005.0,1452,1435,43,0,1392,1394,564022,73,13,0,60,41
2020-04-15,US,Massachusetts,Dukes and Nantucket,20,1,0,41.40674725,-70.68763497,0.0,19,21,1,0,20,21,26707,-1,0,0,-1,0
2020-04-15,US,Massachusetts,Essex,3894,140,0,42.6687626,-70.94687179,25009.0,3754,3594,101,0,3493,3413,790638,300,39,0,261,181
2020-04-15,US,Massachusetts,Franklin,160,25,0,42.58119713,-72.58602547,25011.0,135,155,25,0,130,148,70963,5,0,0,5,7
2020-04-15,US,Massachusetts,Hampden,1885,151,0,42.13440424,-72.63235561,25013.0,1734,1798,102,0,1696,1694,470406,87,49,0,38,104
2020-04-15,US,Massachusetts,Hampshire,239,6,0,42.33997957,-72.65898478,25015.0,233,233,6,0,227,224,161355,6,0,0,6,9
2020-04-15,US,Massachusetts,Middlesex,6681,221,0,42.48607732,-71.39049229,25017.0,6460,6254,149,0,6105,5983,1614714,427,72,0,355,271
2020-04-15,US,Massachusetts,Norfolk,3122,147,0,42.16073095,-71.20530408,25021.0,2975,2969,91,0,2878,2838,705388,153,56,0,97,131
2020-04-15,US,Massachusetts,Plymouth,2308,89,0,41.94070556,-70.80802823,25023.0,2219,2207,55,0,2152,2141,518132,101,34,0,67,66
2020-04-15,US,Massachusetts,Suffolk,6279,145,0,42.3279514,-71.07850442,25025.0,6134,5872,86,0,5786,5579,807252,407,59,0,348,293
2020-04-15,US,Massachusetts,Unassigned,572,14,0,0.0,0.0,90025.0,558,506,100,0,406,447,,66,-86,0,152,59
2020-04-15,US,Massachusetts,Worcester,2350,74,0,42.35026951,-71.90493363,25027.0,2276,2246,49,0,2197,2128,830839,104,25,0,79,118
2020-04-15,US,Michigan,Alcona,1,0,0,44.6846864,-83.59507875,26001.0,1,,,,,,10362,,,,,
2020-04-15,US,Michigan,Allegan,25,0,0,42.59147037,-85.89102866,26005.0,25,23,0,0,23,23,117327,2,0,0,2,0
2020-04-15,US,Michigan,Alpena,1,0,0,45.03477666,-83.62212411,26007.0,1,1,0,0,1,1,28360,0,0,0,0,0
2020-04-15,US,Michigan,Antrim,9,0,0,44.99690221,-85.15503082,26009.0,9,8,0,0,8,8,23365,1,0,0,1,0
2020-04-15,US,Michigan,Arenac,7,0,0,44.0636262,-83.89277559,26011.0,7,5,0,0,5,5,15041,2,0,0,2,0
2020-04-15,US,Michigan,Barry,18,1,0,42.59513984,-85.30834519,26015.0,17,14,1,0,13,11,61157,4,0,0,4,3
2020-04-15,US,Michigan,Bay,64,2,0,43.70639106,-83.98731479,26017.0,62,60,2,0,58,59,103923,4,0,0,4,1
2020-04-15,US,Michigan,Berrien,123,7,0,41.95447397,-86.41313079999998,26021.0,116,111,5,0,106,105,154141,12,2,0,10,6
2020-04-15,US,Michigan,Branch,30,2,0,41.91600556,-85.05929476,26023.0,28,29,2,0,27,29,43622,1,0,0,1,0
2020-04-15,US,Michigan,Calhoun,104,3,0,42.24633834,-85.00493569,26025.0,101,90,3,0,87,83,134487,14,0,0,14,7
2020-04-15,US,Michigan,Cass,17,1,0,41.91522292,-85.99405727,26027.0,16,13,1,0,12,11,51653,4,0,0,4,2
2020-04-15,US,Michigan,Charlevoix,11,1,0,45.37790017,-85.19614053,26029.0,10,11,1,0,10,11,26244,0,0,0,0,0
2020-04-15,US,Michigan,Cheboygan,12,1,0,45.44787015,-84.50122149,26031.0,11,12,1,0,11,12,25413,0,0,0,0,0
2020-04-15,US,Michigan,Clare,5,1,0,43.98794227,-84.84819859999998,26035.0,4,4,1,0,3,4,30757,1,0,0,1,0
2020-04-15,US,Michigan,Clinton,100,5,0,42.94400871,-84.60145248,26037.0,95,98,4,0,94,93,79332,2,1,0,1,5
2020-04-15,US,Michigan,Crawford,16,1,0,44.68255561,-84.61006219,26039.0,15,15,1,0,14,12,13901,1,0,0,1,3
2020-04-15,US,Michigan,Delta,9,1,0,45.90484910000001,-86.9080745,26041.0,8,9,1,0,8,9,35857,0,0,0,0,0
2020-04-15,US,Michigan,Dickinson,3,2,0,46.00999672,-87.86961634,26043.0,1,3,2,0,1,3,25383,0,0,0,0,0
2020-04-15,US,Michigan,Eaton,77,5,0,42.59599185,-84.83740035,26045.0,72,76,5,0,71,74,109826,1,0,0,1,2
2020-04-15,US,Michigan,Emmet,21,2,0,45.52625509,-84.89083249,26047.0,19,21,2,0,19,21,33308,0,0,0,0,0
2020-04-15,US,Michigan,Federal Correctional Institution (FCI),36,0,0,0.0,0.0,0.0,36,23,0,0,23,21,,13,0,0,13,2
2020-04-15,US,Michigan,Genesee,1084,89,0,43.02244215,-83.70589709,26049.0,995,1030,86,0,944,988,406892,54,3,0,51,42
2020-04-15,US,Michigan,Gladwin,6,0,0,43.98901072,-84.38774817,26051.0,6,5,0,0,5,4,25337,1,0,0,1,1
2020-04-15,US,Michigan,Gogebic,4,1,0,46.40862701,-89.69377193,26053.0,3,4,1,0,3,4,15096,0,0,0,0,0
2020-04-15,US,Michigan,Grand Traverse,17,3,0,44.69565625,-85.55585247,26055.0,14,17,3,0,14,17,92573,0,0,0,0,0
2020-04-15,US,Michigan,Gratiot,7,0,0,43.29265605,-84.60505416,26057.0,7,7,0,0,7,7,40599,0,0,0,0,0
2020-04-15,US,Michigan,Hillsdale,81,9,0,41.88753639,-84.59312019,26059.0,72,79,9,0,70,77,45749,2,0,0,2,2
2020-04-15,US,Michigan,Houghton,2,0,0,46.89988536,-88.68495385,26061.0,2,2,0,0,2,1,36219,0,0,0,0,1
2020-04-15,US,Michigan,Huron,7,0,0,43.83353985,-83.04078453,26063.0,7,6,0,0,6,6,31166,1,0,0,1,0
2020-04-15,US,Michigan,Ingham,270,5,0,42.59716886,-84.37472069,26065.0,265,263,4,0,259,254,292735,7,1,0,6,9
2020-04-15,US,Michigan,Ionia,18,2,0,42.94502238,-85.07413319,26067.0,16,17,2,0,15,15,64210,1,0,0,1,2
2020-04-15,US,Michigan,Iosco,4,1,0,44.35486835,-83.63484895,26069.0,3,4,1,0,3,4,25081,0,0,0,0,0
2020-04-15,US,Michigan,Isabella,43,4,0,43.64060976,-84.84664923,26073.0,39,42,4,0,38,41,70562,1,0,0,1,1
2020-04-15,US,Michigan,Jackson,195,8,0,42.24807035,-84.42258681,26075.0,187,183,7,0,176,172,158823,12,1,0,11,11
2020-04-15,US,Michigan,Kalamazoo,103,8,0,42.24542231,-85.53038622,26077.0,95,94,8,0,86,91,264870,9,0,0,9,3
2020-04-15,US,Michigan,Kalkaska,16,2,0,44.68512729,-85.09085699,26079.0,14,14,2,0,12,14,17824,2,0,0,2,0
2020-04-15,US,Michigan,Kent,354,16,0,43.03197711,-85.54934642,26081.0,338,325,14,0,311,311,653786,29,2,0,27,14
2020-04-15,US,Michigan,Lake,2,0,0,43.99050893,-85.802173,26085.0,2,2,0,0,2,2,11881,0,0,0,0,0
2020-04-15,US,Michigan,Lapeer,125,10,0,43.09052506,-83.22153148,26087.0,115,117,9,0,108,106,88028,8,1,0,7,11
2020-04-15,US,Michigan,Leelanau,5,0,0,44.94430054,-85.80150326,26089.0,5,4,0,0,4,4,21764,1,0,0,1,0
2020-04-15,US,Michigan,Lenawee,56,0,0,41.89475156,-84.06603727,26091.0,56,53,0,0,53,50,98266,3,0,0,3,3
2020-04-15,US,Michigan,Livingston,254,7,0,42.60302282,-83.91297209,26093.0,247,238,6,0,232,225,191224,16,1,0,15,13
2020-04-15,US,Michigan,Luce,1,0,0,46.47227431,-85.54471223,26095.0,1,1,0,0,1,1,6283,0,0,0,0,0
2020-04-15,US,Michigan,Mackinac,4,0,0,46.07028979,-85.04980537,26097.0,4,4,0,0,4,4,10787,0,0,0,0,0
2020-04-15,US,Michigan,Macomb,3792,330,0,42.69158356,-82.92752801,26099.0,3462,3620,293,0,3327,3418,874759,172,37,0,135,202
2020-04-15,US,Michigan,Manistee,10,0,0,44.33352407,-86.05626916,26101.0,10,10,0,0,10,10,24528,0,0,0,0,0
2020-04-15,US,Michigan,Marquette,27,5,0,46.4338914,-87.64043701,26103.0,22,26,5,0,21,24,66516,1,0,0,1,2
2020-04-15,US,Michigan,Mason,3,0,0,43.99509218,-86.24988902,26105.0,3,3,0,0,3,2,29100,0,0,0,0,1
2020-04-15,US,Michigan,Mecosta,11,1,0,43.64064262,-85.32463223,26107.0,10,11,1,0,10,11,43545,0,0,0,0,0
2020-04-15,US,Michigan,Menominee,1,0,0,45.58038692,-87.55370409,26109.0,1,1,0,0,1,1,22983,0,0,0,0,0
2020-04-15,US,Michigan,Michigan Department of Corrections (MDOC),472,12,0,0.0,0.0,0.0,460,429,9,0,420,370,,43,3,0,40,59
2020-04-15,US,Michigan,Midland,36,1,0,43.64330771,-84.38804374,26111.0,35,33,1,0,32,33,83209,3,0,0,3,0
2020-04-15,US,Michigan,Missaukee,2,1,0,44.33772443,-85.09256478,26113.0,1,1,1,0,0,1,15113,1,0,0,1,0
2020-04-15,US,Michigan,Monroe,211,9,0,41.92734151,-83.53749864,26115.0,202,196,8,0,188,190,150439,15,1,0,14,6
2020-04-15,US,Michigan,Montcalm,23,1,0,43.31082541,-85.15252824,26117.0,22,23,1,0,22,22,63968,0,0,0,0,1
2020-04-15,US,Michigan,Montmorency,1,0,0,45.0275929,-84.12696227,26119.0,1,1,0,0,1,1,9265,0,0,0,0,0
2020-04-15,US,Michigan,Muskegon,93,5,0,43.29123859,-86.15176712,26121.0,88,85,5,0,80,68,173588,8,0,0,8,17
2020-04-15,US,Michigan,Newaygo,7,0,0,43.554374,-85.80070107,26123.0,7,7,0,0,7,6,48892,0,0,0,0,1
2020-04-15,US,Michigan,Oakland,5576,392,0,42.66090111,-83.38595416,26125.0,5184,5364,364,0,5000,5073,1259201,212,28,0,184,291
2020-04-15,US,Michigan,Oceana,3,1,0,43.64124435,-86.26726673,26127.0,2,3,1,0,2,3,26625,0,0,0,0,0
2020-04-15,US,Michigan,Ogemaw,4,0,0,44.33481032,-84.12725175,26129.0,4,4,0,0,4,4,20952,0,0,0,0,0
2020-04-15,US,Michigan,Osceola,5,0,0,43.98992088,-85.32566756,26133.0,5,5,0,0,5,5,23341,0,0,0,0,0
2020-04-15,US,Michigan,Oscoda,4,0,0,44.68192279,-84.12939244,26135.0,4,4,0,0,4,4,8276,0,0,0,0,0
2020-04-15,US,Michigan,Otsego,35,2,0,45.02085831,-84.59898295,26137.0,33,34,2,0,32,34,24665,1,0,0,1,0
2020-04-15,US,Michigan,Ottawa,74,2,0,42.95996803,-85.9969107,26139.0,72,67,2,0,65,69,290494,7,0,0,7,-2
2020-04-15,US,Michigan,Out of MI,166,2,0,0.0,0.0,0.0,164,157,2,0,155,148,,9,0,0,9,9
2020-04-15,US,Michigan,Presque Isle,2,0,0,45.34018577,-83.91498656,26141.0,2,2,0,0,2,2,12738,0,0,0,0,0
2020-04-15,US,Michigan,Roscommon,9,0,0,44.33473082,-84.61067651,26143.0,9,9,0,0,9,9,23884,0,0,0,0,0
2020-04-15,US,Michigan,Saginaw,313,19,0,43.33433923,-84.05131209999998,26145.0,294,302,17,0,285,293,190800,11,2,0,9,9
2020-04-15,US,Michigan,Sanilac,25,2,0,43.42406072,-82.82055898,26151.0,23,23,2,0,21,23,41182,2,0,0,2,0
2020-04-15,US,Michigan,Schoolcraft,3,0,0,46.19235734,-86.19972234,26153.0,3,3,0,0,3,3,8068,0,0,0,0,0
2020-04-15,US,Michigan,Shiawassee,63,2,0,42.95392800000001,-84.14585902,26155.0,61,62,1,0,61,53,68192,1,1,0,0,9
2020-04-15,US,Michigan,St. Clair,221,8,0,42.92655373,-82.67937954,26147.0,213,211,7,0,204,206,159337,10,1,0,9,5
2020-04-15,US,Michigan,St. Joseph,22,1,0,41.91441767,-85.52797979,26149.0,21,22,1,0,21,21,61043,0,0,0,0,1
2020-04-15,US,Michigan,Tuscola,47,9,0,43.46606813,-83.41897025,26157.0,38,45,9,0,36,45,52516,2,0,0,2,0
2020-04-15,US,Michigan,Unassigned,76,5,0,0.0,0.0,90026.0,71,91,4,0,87,78,,-15,1,0,-16,13
2020-04-15,US,Michigan,Van Buren,26,2,0,42.25190229,-86.01939087,26159.0,24,22,2,0,20,21,75448,4,0,0,4,1
2020-04-15,US,Michigan,Washtenaw,798,24,0,42.253105,-83.83853204,26161.0,774,772,21,0,751,736,370963,26,3,0,23,36
2020-04-15,US,Michigan,Wayne,12544,884,0,42.278056,-83.37861099999998,26163.0,11660,12209,820,0,11389,11648,1753893,335,64,0,271,561
2020-04-15,US,Michigan,Wexford,7,1,0,44.33853602,-85.57712739,26165.0,6,7,1,0,6,7,33466,0,0,0,0,0
2020-04-15,US,Minnesota,Anoka,76,0,0,45.27476015,-93.24604565,27003.0,76,72,0,0,72,68,353813,4,0,0,4,4
2020-04-15,US,Minnesota,Becker,1,0,0,46.93479392,-95.67158144,27005.0,1,2,0,0,2,2,34371,-1,0,0,-1,0
2020-04-15,US,Minnesota,Beltrami,5,0,0,47.97373527,-94.93732139,27007.0,5,5,0,0,5,5,46847,0,0,0,0,0
2020-04-15,US,Minnesota,Benton,1,0,0,45.69804958,-93.99514135,27009.0,1,1,0,0,1,1,40545,0,0,0,0,0
2020-04-15,US,Minnesota,Big Stone,1,0,0,45.42712824,-96.41403739,27011.0,1,1,0,0,1,1,4989,0,0,0,0,0
2020-04-15,US,Minnesota,Blue Earth,23,0,0,44.03554215,-94.06699781,27013.0,23,22,0,0,22,22,67427,1,0,0,1,0
2020-04-15,US,Minnesota,Brown,7,1,0,44.24205652,-94.72562874,27015.0,6,7,1,0,6,7,25111,0,0,0,0,0
2020-04-15,US,Minnesota,Carlton,27,0,0,46.59180601,-92.67601019,27017.0,27,26,0,0,26,25,35837,1,0,0,1,1
2020-04-15,US,Minnesota,Carver,14,0,0,44.82017001,-93.8009918,27019.0,14,13,0,0,13,13,103551,1,0,0,1,0
2020-04-15,US,Minnesota,Cass,4,0,0,46.95043611,-94.32603968,27021.0,4,4,0,0,4,4,29519,0,0,0,0,0
2020-04-15,US,Minnesota,Chisago,7,1,0,45.5021011,-92.90861945,27025.0,6,7,1,0,6,7,55922,0,0,0,0,0
2020-04-15,US,Minnesota,Clay,43,1,0,46.89289518,-96.48761922,27027.0,42,42,0,0,42,40,63955,1,1,0,0,2
2020-04-15,US,Minnesota,Clearwater,3,0,0,47.57992111,-95.37790562,27029.0,3,3,0,0,3,2,8810,0,0,0,0,1
2020-04-15,US,Minnesota,Cottonwood,6,0,0,44.00715262,-95.18138802,27033.0,6,6,0,0,6,6,11277,0,0,0,0,0
2020-04-15,US,Minnesota,Crow Wing,17,0,0,46.48096553,-94.06755609,27035.0,17,17,0,0,17,16,64889,0,0,0,0,1
2020-04-15,US,Minnesota,Dakota,103,5,0,44.67172617,-93.06299363,27037.0,98,103,5,0,98,95,425423,0,0,0,0,8
2020-04-15,US,Minnesota,Dodge,16,0,0,44.02238415,-92.86244324,27039.0,16,16,0,0,16,16,20822,0,0,0,0,0
2020-04-15,US,Minnesota,Douglas,1,0,0,45.93348491,-95.45335469,27041.0,1,1,0,0,1,1,37964,0,0,0,0,0
2020-04-15,US,Minnesota,Faribault,4,0,0,43.67381499,-93.94787458,27043.0,4,4,0,0,4,4,13758,0,0,0,0,0
2020-04-15,US,Minnesota,Fillmore,10,0,0,43.67394126,-92.08980382,27045.0,10,10,0,0,10,10,21058,0,0,0,0,0
2020-04-15,US,Minnesota,Freeborn,27,0,0,43.67385583,-93.34884422,27047.0,27,27,0,0,27,24,30444,0,0,0,0,3
2020-04-15,US,Minnesota,Goodhue,17,0,0,44.40849741,-92.7234195,27049.0,17,17,0,0,17,17,46403,0,0,0,0,0
2020-04-15,US,Minnesota,Hennepin,651,46,0,45.00761521,-93.47694895,27053.0,605,558,40,0,518,557,1259428,93,6,0,87,1
2020-04-15,US,Minnesota,Houston,1,0,0,43.67129565,-91.49143057,27055.0,1,1,0,0,1,1,18578,0,0,0,0,0
2020-04-15,US,Minnesota,Isanti,4,0,0,45.56181234,-93.29487636,27059.0,4,4,0,0,4,4,39966,0,0,0,0,0
2020-04-15,US,Minnesota,Itasca,2,0,0,47.51009045,-93.63092229,27061.0,2,2,0,0,2,2,45108,0,0,0,0,0
2020-04-15,US,Minnesota,Jackson,1,0,0,43.67423373,-95.15398258,27063.0,1,1,0,0,1,1,9911,0,0,0,0,0
2020-04-15,US,Minnesota,Kandiyohi,2,0,0,45.1526059,-95.00586446,27067.0,2,2,0,0,2,2,42855,0,0,0,0,0
2020-04-15,US,Minnesota,Koochiching,1,0,0,48.24539665,-93.78352843,27071.0,1,1,0,0,1,1,12440,0,0,0,0,0
2020-04-15,US,Minnesota,Lac qui Parle,1,0,0,44.9973857,-96.17488219,27073.0,1,1,0,0,1,1,6658,0,0,0,0,0
2020-04-15,US,Minnesota,Le Sueur,21,0,0,44.37136597,-93.72844721,27079.0,21,21,0,0,21,21,28494,0,0,0,0,0
2020-04-15,US,Minnesota,Lincoln,2,0,0,44.41311883,-96.26688165,27081.0,2,2,0,0,2,2,5673,0,0,0,0,0
2020-04-15,US,Minnesota,Lyon,5,0,0,44.41327865,-95.83806103,27083.0,5,5,0,0,5,5,25629,0,0,0,0,0
2020-04-15,US,Minnesota,Mahnomen,1,0,0,47.32557075,-95.80921485,27087.0,1,1,0,0,1,1,5519,0,0,0,0,0
2020-04-15,US,Minnesota,Martin,39,4,0,43.67429718,-94.55099908,27091.0,35,39,4,0,35,38,19785,0,0,0,0,1
2020-04-15,US,Minnesota,McLeod,2,0,0,44.82367677,-94.27287017,27085.0,2,2,0,0,2,2,35873,0,0,0,0,0
2020-04-15,US,Minnesota,Meeker,3,0,0,45.12328869,-94.52839455,27093.0,3,2,0,0,2,2,23141,1,0,0,1,0
2020-04-15,US,Minnesota,Mower,25,0,0,43.67142874,-92.75234549,27099.0,25,25,0,0,25,25,40011,0,0,0,0,0
2020-04-15,US,Minnesota,Murray,1,0,0,44.02216709,-95.76328482,27101.0,1,1,0,0,1,1,8276,0,0,0,0,0
2020-04-15,US,Minnesota,Nicollet,7,1,0,44.35291112,-94.24710352,27103.0,6,7,1,0,6,6,34220,0,0,0,0,1
2020-04-15,US,Minnesota,Nobles,2,0,0,43.67434621,-95.75329576,27105.0,2,3,0,0,3,1,21924,-1,0,0,-1,2
2020-04-15,US,Minnesota,Norman,1,0,0,47.32628443,-96.45620947,27107.0,1,,,,,,6475,,,,,
2020-04-15,US,Minnesota,Olmsted,153,2,0,44.00374114,-92.40209944,27109.0,151,147,2,0,145,143,156277,6,0,0,6,4
2020-04-15,US,Minnesota,Otter Tail,4,0,0,46.40846929,-95.70835255,27111.0,4,4,0,0,4,4,58812,0,0,0,0,0
2020-04-15,US,Minnesota,Pine,6,0,0,46.12105238,-92.74070188,27115.0,6,6,0,0,6,5,29483,0,0,0,0,1
2020-04-15,US,Minnesota,Pipestone,1,0,0,44.02301619,-96.25841142,27117.0,1,1,0,0,1,1,9047,0,0,0,0,0
2020-04-15,US,Minnesota,Polk,1,0,0,47.77372465,-96.40134647,27119.0,1,1,0,0,1,1,31529,0,0,0,0,0
2020-04-15,US,Minnesota,Ramsey,164,7,0,45.01625271,-93.09872295,27123.0,157,153,7,0,146,152,550210,11,0,0,11,1
2020-04-15,US,Minnesota,Red Lake,1,0,0,47.87197525,-96.09561104,27125.0,1,1,0,0,1,1,3999,0,0,0,0,0
2020-04-15,US,Minnesota,Redwood,1,0,0,44.40555844,-95.25207021,27127.0,1,1,0,0,1,1,15249,0,0,0,0,0
2020-04-15,US,Minnesota,Renville,3,0,0,44.72836381,-94.94553734,27129.0,3,3,0,0,3,3,14612,0,0,0,0,0
2020-04-15,US,Minnesota,Rice,5,0,0,44.3543376,-93.29658715,27131.0,5,5,0,0,5,4,66523,0,0,0,0,1
2020-04-15,US,Minnesota,Rock,2,0,0,43.67482683,-96.25296832,27133.0,2,2,0,0,2,2,9414,0,0,0,0,0
2020-04-15,US,Minnesota,Roseau,1,0,0,48.77501878,-95.81079919,27135.0,1,1,0,0,1,1,15150,0,0,0,0,0
2020-04-15,US,Minnesota,Scott,20,1,0,44.6490231,-93.53340251,27139.0,19,20,1,0,19,20,147381,0,0,0,0,0
2020-04-15,US,Minnesota,Sherburne,11,0,0,45.44447208,-93.77617511,27141.0,11,10,0,0,10,9,96036,1,0,0,1,1
2020-04-15,US,Minnesota,Sibley,1,0,0,44.5796592,-94.23164924,27143.0,1,1,0,0,1,1,15028,0,0,0,0,0
2020-04-15,US,Minnesota,St. Louis,43,6,0,47.6048407,-92.46879855,27137.0,37,42,5,0,37,38,199754,1,1,0,0,4
2020-04-15,US,Minnesota,Stearns,7,0,0,45.55192576,-94.61078221,27145.0,7,7,0,0,7,7,159256,0,0,0,0,0
2020-04-15,US,Minnesota,Steele,9,0,0,44.02240351,-93.22627088,27147.0,9,9,0,0,9,9,36803,0,0,0,0,0
2020-04-15,US,Minnesota,Swift,1,0,0,45.2829032,-95.68264092,27151.0,1,1,0,0,1,1,9345,0,0,0,0,0
2020-04-15,US,Minnesota,Todd,2,0,0,46.06996226,-94.89785296,27153.0,2,2,0,0,2,2,24582,0,0,0,0,0
2020-04-15,US,Minnesota,Traverse,2,0,0,45.77298854,-96.47062949,27155.0,2,2,0,0,2,2,3308,0,0,0,0,0
2020-04-15,US,Minnesota,Unassigned,2,0,0,0.0,0.0,90027.0,2,35,0,0,35,5,,-33,0,0,-33,30
2020-04-15,US,Minnesota,Wabasha,7,0,0,44.28424356,-92.23121312,27157.0,7,7,0,0,7,6,21645,0,0,0,0,1
2020-04-15,US,Minnesota,Waseca,3,0,0,44.02211116,-93.58720034,27161.0,3,3,0,0,3,3,18691,0,0,0,0,0
2020-04-15,US,Minnesota,Washington,88,3,0,45.03864533,-92.88429635,27163.0,85,84,3,0,81,80,259201,4,0,0,4,4
2020-04-15,US,Minnesota,Watonwan,4,0,0,43.97823903,-94.61413846,27165.0,4,4,0,0,4,4,10980,0,0,0,0,0
2020-04-15,US,Minnesota,Wilkin,7,2,0,46.35721532,-96.4684375,27167.0,5,7,2,0,5,7,6254,0,0,0,0,0
2020-04-15,US,Minnesota,Winona,51,6,0,43.98772283,-91.78081305,27169.0,45,30,6,0,24,30,50825,21,0,0,21,0
2020-04-15,US,Minnesota,Wright,21,1,0,45.17297924,-93.96234781,27171.0,20,19,1,0,18,17,136349,2,0,0,2,2
2020-04-15,US,Minnesota,Yellow Medicine,3,0,0,44.71710183,-95.86842453,27173.0,3,3,0,0,3,3,9795,0,0,0,0,0
2020-04-15,US,Mississippi,Adams,64,3,0,31.47669768,-91.35326037,28001.0,61,62,1,0,61,57,31192,2,2,0,0,5
2020-04-15,US,Mississippi,Alcorn,7,0,0,34.88084463,-88.57996173,28003.0,7,7,0,0,7,7,36925,0,0,0,0,0
2020-04-15,US,Mississippi,Amite,15,1,0,31.17467303,-90.80501621,28005.0,14,14,1,0,13,14,12326,1,0,0,1,0
2020-04-15,US,Mississippi,Attala,25,0,0,33.08658803,-89.57838564,28007.0,25,22,0,0,22,20,18365,3,0,0,3,2
2020-04-15,US,Mississippi,Benton,5,0,0,34.81681228,-89.18945516,28009.0,5,5,0,0,5,5,8271,0,0,0,0,0
2020-04-15,US,Mississippi,Bolivar,70,5,0,33.79696941,-90.87372121,28011.0,65,69,4,0,65,68,31333,1,1,0,0,1
2020-04-15,US,Mississippi,Calhoun,27,2,0,33.93683395,-89.33686647,28013.0,25,25,1,0,24,24,14436,2,1,0,1,1
2020-04-15,US,Mississippi,Carroll,9,0,0,33.44834567,-89.91994479,28015.0,9,8,0,0,8,8,9911,1,0,0,1,0
2020-04-15,US,Mississippi,Chickasaw,33,2,0,33.91983202,-88.9481545,28017.0,31,32,2,0,30,30,17171,1,0,0,1,2
2020-04-15,US,Mississippi,Choctaw,11,1,0,33.34598242,-89.24809382,28019.0,10,11,1,0,10,11,8278,0,0,0,0,0
2020-04-15,US,Mississippi,Claiborne,8,0,0,31.97061673,-90.90702196,28021.0,8,6,0,0,6,7,9002,2,0,0,2,-1
2020-04-15,US,Mississippi,Clarke,19,1,0,32.04158545,-88.68896219999998,28023.0,18,15,1,0,14,15,15604,4,0,0,4,0
2020-04-15,US,Mississippi,Clay,21,0,0,33.65358105,-88.77784255,28025.0,21,20,0,0,20,20,19386,1,0,0,1,0
2020-04-15,US,Mississippi,Coahoma,43,1,0,34.22772299,-90.60415045,28027.0,42,39,1,0,38,38,22628,4,0,0,4,1
2020-04-15,US,Mississippi,Copiah,35,0,0,31.86977774,-90.44565118,28029.0,35,31,0,0,31,31,28543,4,0,0,4,0
2020-04-15,US,Mississippi,Covington,19,0,0,31.63225413,-89.55389939,28031.0,19,15,0,0,15,15,18853,4,0,0,4,0
2020-04-15,US,Mississippi,DeSoto,199,3,0,34.87625235,-89.99091418,28033.0,196,188,2,0,186,178,182001,11,1,0,10,10
2020-04-15,US,Mississippi,Forrest,122,2,0,31.18961454,-89.25832496,28035.0,120,114,2,0,112,105,75036,8,0,0,8,9
2020-04-15,US,Mississippi,Franklin,10,0,0,31.47786634,-90.89672989,28037.0,10,10,0,0,10,10,7788,0,0,0,0,0
2020-04-15,US,Mississippi,George,8,0,0,30.86259065,-88.64436789,28039.0,8,10,0,0,10,8,24250,-2,0,0,-2,2
2020-04-15,US,Mississippi,Greene,3,0,0,31.21444233,-88.63922281,28041.0,3,2,0,0,2,2,13586,1,0,0,1,0
2020-04-15,US,Mississippi,Grenada,14,0,0,33.77036166,-89.80245083,28043.0,14,13,0,0,13,11,21055,1,0,0,1,2
2020-04-15,US,Mississippi,Hancock,49,5,0,30.41830223,-89.48851033,28045.0,44,46,5,0,41,40,47334,3,0,0,3,6
2020-04-15,US,Mississippi,Harrison,129,5,0,30.51359752,-89.12467576,28047.0,124,121,5,0,116,112,206650,8,0,0,8,9
2020-04-15,US,Mississippi,Hinds,280,4,0,32.2656285,-90.44435448,28049.0,276,263,2,0,261,259,237085,17,2,0,15,4
2020-04-15,US,Mississippi,Holmes,52,3,0,33.12345854,-90.08923538,28051.0,49,47,3,0,44,46,17622,5,0,0,5,1
2020-04-15,US,Mississippi,Humphreys,12,2,0,33.12825718,-90.52252707,28053.0,10,11,1,0,10,11,8257,1,1,0,0,0
2020-04-15,US,Mississippi,Itawamba,11,0,0,34.27993475,-88.3606733,28057.0,11,9,0,0,9,9,23517,2,0,0,2,0
2020-04-15,US,Mississippi,Jackson,182,5,0,30.54020656,-88.64184064,28059.0,177,157,5,0,152,147,143277,25,0,0,25,10
2020-04-15,US,Mississippi,Jasper,15,0,0,32.01922104,-89.11786866,28061.0,15,14,0,0,14,14,16428,1,0,0,1,0
2020-04-15,US,Mississippi,Jefferson,4,0,0,31.73397872,-91.03764977,28063.0,4,4,0,0,4,4,7106,0,0,0,0,0
2020-04-15,US,Mississippi,Jefferson Davis,7,1,0,31.56884708,-89.82670990000004,28065.0,6,6,1,0,5,5,11234,1,0,0,1,1
2020-04-15,US,Mississippi,Jones,42,0,0,31.62257767,-89.16896899999998,28067.0,42,40,0,0,40,37,68461,2,0,0,2,3
2020-04-15,US,Mississippi,Kemper,15,0,0,32.75462946,-88.64105766,28069.0,15,14,0,0,14,14,10027,1,0,0,1,0
2020-04-15,US,Mississippi,Lafayette,36,2,0,34.35687874,-89.48490961,28071.0,34,33,2,0,31,30,54793,3,0,0,3,3
2020-04-15,US,Mississippi,Lamar,48,1,0,31.20572971,-89.5077704,28073.0,47,46,1,0,45,38,62447,2,0,0,2,8
2020-04-15,US,Mississippi,Lauderdale,165,12,0,32.40419769,-88.66229662,28075.0,153,156,11,0,145,150,75317,9,1,0,8,6
2020-04-15,US,Mississippi,Lawrence,7,0,0,31.55147224,-90.10841127,28077.0,7,7,0,0,7,6,12455,0,0,0,0,1
2020-04-15,US,Mississippi,Leake,40,1,0,32.7536828,-89.52402044,28079.0,39,32,1,0,31,29,22763,8,0,0,8,3
2020-04-15,US,Mississippi,Lee,46,4,0,34.291877500000005,-88.68149954,28081.0,42,46,4,0,42,46,85202,0,0,0,0,0
2020-04-15,US,Mississippi,Leflore,55,6,0,33.55545125,-90.29900733,28083.0,49,52,6,0,46,48,28919,3,0,0,3,4
2020-04-15,US,Mississippi,Lincoln,81,4,0,31.53288662,-90.45391915,28085.0,77,56,4,0,52,49,34205,25,0,0,25,7
2020-04-15,US,Mississippi,Lowndes,27,0,0,33.47386518,-88.44191529999998,28087.0,27,25,0,0,25,25,58930,2,0,0,2,0
2020-04-15,US,Mississippi,Madison,112,3,0,32.63389156,-90.03513564,28089.0,109,108,3,0,105,106,105630,4,0,0,4,2
2020-04-15,US,Mississippi,Marion,34,0,0,31.23132643,-89.8209217,28091.0,34,25,0,0,25,21,24715,9,0,0,9,4
2020-04-15,US,Mississippi,Marshall,35,2,0,34.76216286,-89.50299462,28093.0,33,34,2,0,32,34,35451,1,0,0,1,0
2020-04-15,US,Mississippi,Monroe,46,2,0,33.89236763,-88.4808438,28095.0,44,38,2,0,36,37,35564,8,0,0,8,1
2020-04-15,US,Mississippi,Montgomery,15,1,0,33.49419589,-89.61729103,28097.0,14,15,1,0,14,15,10023,0,0,0,0,0
2020-04-15,US,Mississippi,Neshoba,35,1,0,32.75339664,-89.11726492,28099.0,34,33,1,0,32,34,29125,2,0,0,2,-1
2020-04-15,US,Mississippi,Newton,14,0,0,32.40021118,-89.11843336,28101.0,14,14,0,0,14,10,21443,0,0,0,0,4
2020-04-15,US,Mississippi,Noxubee,10,0,0,33.11009499,-88.56949061,28103.0,10,6,0,0,6,6,10535,4,0,0,4,0
2020-04-15,US,Mississippi,Oktibbeha,41,1,0,33.42491685,-88.87905132,28105.0,40,37,1,0,36,37,49599,4,0,0,4,0
2020-04-15,US,Mississippi,Panola,26,2,0,34.36398677,-89.95064249,28107.0,24,26,2,0,24,23,34178,0,0,0,0,3
2020-04-15,US,Mississippi,Pearl River,102,8,0,30.77090935,-89.58677275,28109.0,94,93,8,0,85,88,55387,9,0,0,9,5
2020-04-15,US,Mississippi,Perry,20,1,0,31.17161885,-88.99281835,28111.0,19,20,1,0,19,19,11931,0,0,0,0,1
2020-04-15,US,Mississippi,Pike,72,2,0,31.17507789,-90.40392572,28113.0,70,62,1,0,61,59,39563,10,1,0,9,3
2020-04-15,US,Mississippi,Pontotoc,15,2,0,34.226046000000004,-89.03636807,28115.0,13,15,2,0,13,15,31833,0,0,0,0,0
2020-04-15,US,Mississippi,Prentiss,15,0,0,34.61810501,-88.51986294,28117.0,15,14,0,0,14,14,25315,1,0,0,1,0
2020-04-15,US,Mississippi,Quitman,13,0,0,34.25157572,-90.28908,28119.0,13,12,0,0,12,12,7051,1,0,0,1,0
2020-04-15,US,Mississippi,Rankin,113,2,0,32.26469147,-89.94537876,28121.0,111,105,2,0,103,100,153902,8,0,0,8,5
2020-04-15,US,Mississippi,Scott,79,0,0,32.406704100000006,-89.53789439,28123.0,79,62,0,0,62,58,28287,17,0,0,17,4
2020-04-15,US,Mississippi,Sharkey,3,0,0,32.88149103,-90.8159538,28125.0,3,3,0,0,3,3,4377,0,0,0,0,0
2020-04-15,US,Mississippi,Simpson,12,0,0,31.91282117,-89.91716179,28127.0,12,7,0,0,7,7,26758,5,0,0,5,0
2020-04-15,US,Mississippi,Smith,36,1,0,32.01744532,-89.50644846,28129.0,35,30,1,0,29,28,16002,6,0,0,6,2
2020-04-15,US,Mississippi,Stone,15,0,0,30.79187949,-89.11547539,28131.0,15,14,0,0,14,11,18717,1,0,0,1,3
2020-04-15,US,Mississippi,Sunflower,42,2,0,33.60192578,-90.58882684,28133.0,40,41,2,0,39,38,25735,1,0,0,1,3
2020-04-15,US,Mississippi,Tallahatchie,6,0,0,33.95339918,-90.1729398,28135.0,6,4,0,0,4,4,13987,2,0,0,2,0
2020-04-15,US,Mississippi,Tate,26,0,0,34.65133709,-89.94485778,28137.0,26,25,0,0,25,24,28759,1,0,0,1,1
2020-04-15,US,Mississippi,Tippah,45,6,0,34.76872156,-88.90988194,28139.0,39,45,6,0,39,44,21995,0,0,0,0,1
2020-04-15,US,Mississippi,Tishomingo,2,0,0,34.74023475,-88.23917219,28141.0,2,2,0,0,2,2,19454,0,0,0,0,0
2020-04-15,US,Mississippi,Tunica,23,1,0,34.64967704,-90.37481167,28143.0,22,23,1,0,22,21,9944,0,0,0,0,2
2020-04-15,US,Mississippi,Union,9,1,0,34.49162015,-89.00776006,28145.0,8,8,1,0,7,7,28606,1,0,0,1,1
2020-04-15,US,Mississippi,Walthall,22,0,0,31.14971548,-90.10446654,28147.0,22,22,0,0,22,21,14465,0,0,0,0,1
2020-04-15,US,Mississippi,Warren,15,1,0,32.35810271,-90.83352619,28149.0,14,14,0,0,14,14,46176,1,1,0,0,0
2020-04-15,US,Mississippi,Washington,62,2,0,33.28392041,-90.94196237,28151.0,60,57,2,0,55,57,45063,5,0,0,5,0
2020-04-15,US,Mississippi,Wayne,9,0,0,31.64135687,-88.69573913,28153.0,9,9,0,0,9,9,20298,0,0,0,0,0
2020-04-15,US,Mississippi,Webster,14,1,0,33.61300486,-89.28392912,28155.0,13,14,1,0,13,14,9788,0,0,0,0,0
2020-04-15,US,Mississippi,Wilkinson,51,3,0,31.16078225,-91.31018819,28157.0,48,49,3,0,46,49,8792,2,0,0,2,0
2020-04-15,US,Mississippi,Winston,22,0,0,33.08747908,-89.03391385,28159.0,22,20,0,0,20,20,18165,2,0,0,2,0
2020-04-15,US,Mississippi,Yalobusha,14,0,0,34.02824175,-89.70762049999998,28161.0,14,14,0,0,14,14,12392,0,0,0,0,0
2020-04-15,US,Mississippi,Yazoo,65,1,0,32.77890365,-90.39656148,28163.0,64,64,1,0,63,64,28248,1,0,0,1,0
2020-04-15,US,Missouri,Adair,12,0,0,40.19058551,-92.60078167,29001.0,12,12,0,0,12,11,25339,0,0,0,0,1
2020-04-15,US,Missouri,Andrew,1,0,0,39.98492163,-94.80163024,29003.0,1,1,0,0,1,1,17607,0,0,0,0,0
2020-04-15,US,Missouri,Atchison,2,0,0,40.43238737,-95.42970639,29005.0,2,2,0,0,2,1,5171,0,0,0,0,1
2020-04-15,US,Missouri,Barry,2,0,0,36.70978521,-93.82919888,29009.0,2,2,0,0,2,2,35886,0,0,0,0,0
2020-04-15,US,Missouri,Bates,6,1,0,38.25271289,-94.34113157,29013.0,5,6,1,0,5,6,16320,0,0,0,0,0
2020-04-15,US,Missouri,Benton,3,0,0,38.29503305,-93.28756116,29015.0,3,3,0,0,3,3,19278,0,0,0,0,0
2020-04-15,US,Missouri,Bollinger,3,0,0,37.32449052,-90.02725304,29017.0,3,3,0,0,3,3,12169,0,0,0,0,0
2020-04-15,US,Missouri,Boone,87,1,0,38.99186229,-92.30723575,29019.0,86,87,1,0,86,82,180005,0,0,0,0,5
2020-04-15,US,Missouri,Buchanan,22,1,0,39.65816401,-94.80138942,29021.0,21,22,1,0,21,22,88571,0,0,0,0,0
2020-04-15,US,Missouri,Butler,16,0,0,36.71462476,-90.40421163,29023.0,16,16,0,0,16,16,42639,0,0,0,0,0
2020-04-15,US,Missouri,Caldwell,1,0,0,39.65620858,-93.98308093,29025.0,1,1,0,0,1,1,9108,0,0,0,0,0
2020-04-15,US,Missouri,Callaway,20,1,0,38.83674754,-91.92186505,29027.0,19,20,1,0,19,20,44889,0,0,0,0,0
2020-04-15,US,Missouri,Camden,26,1,0,38.02199522,-92.76083747,29029.0,25,26,1,0,25,26,45815,0,0,0,0,0
2020-04-15,US,Missouri,Cape Girardeau,30,1,0,37.38489388,-89.6843587,29031.0,29,30,1,0,29,30,78753,0,0,0,0,0
2020-04-15,US,Missouri,Carter,3,1,0,36.94160441,-90.96051322,29035.0,2,3,1,0,2,3,6054,0,0,0,0,0
2020-04-15,US,Missouri,Cass,45,4,0,38.64789422,-94.353399,29037.0,41,45,4,0,41,42,104954,0,0,0,0,3
2020-04-15,US,Missouri,Cedar,5,0,0,37.72391475,-93.85445441,29039.0,5,5,0,0,5,5,14165,0,0,0,0,0
2020-04-15,US,Missouri,Chariton,4,0,0,39.51499357,-92.9629191,29041.0,4,4,0,0,4,4,7451,0,0,0,0,0
2020-04-15,US,Missouri,Christian,19,0,0,36.9711783,-93.18537118,29043.0,19,19,0,0,19,17,86983,0,0,0,0,2
2020-04-15,US,Missouri,Clark,1,0,0,40.41040752,-91.73661677,29045.0,1,1,0,0,1,1,6842,0,0,0,0,0
2020-04-15,US,Missouri,Clay,51,2,0,39.31132056,-94.41850862,29047.0,49,51,2,0,49,51,246365,0,0,0,0,0
2020-04-15,US,Missouri,Clinton,11,0,0,39.6013098,-94.40465394,29049.0,11,11,0,0,11,11,20470,0,0,0,0,0
2020-04-15,US,Missouri,Cole,38,1,0,38.50455671,-92.27860244,29051.0,37,38,1,0,37,37,76796,0,0,0,0,1
2020-04-15,US,Missouri,Cooper,4,0,0,38.844478,-92.80896081,29053.0,4,4,0,0,4,4,17603,0,0,0,0,0
2020-04-15,US,Missouri,Crawford,5,0,0,37.97663738,-91.30528104,29055.0,5,5,0,0,5,4,23957,0,0,0,0,1
2020-04-15,US,Missouri,Dallas,2,0,0,37.6811355,-93.02127031,29059.0,2,2,0,0,2,2,16762,0,0,0,0,0
2020-04-15,US,Missouri,DeKalb,3,0,0,39.89201062,-94.40476508,29063.0,3,3,0,0,3,3,12630,0,0,0,0,0
2020-04-15,US,Missouri,Dunklin,17,0,0,36.27167174,-90.09122243,29069.0,17,16,0,0,16,16,29423,1,0,0,1,0
2020-04-15,US,Missouri,Franklin,87,4,0,38.41127108,-91.07522826,29071.0,83,87,4,0,83,84,103670,0,0,0,0,3
2020-04-15,US,Missouri,Gasconade,2,0,0,38.43947277,-91.50847147,29073.0,2,2,0,0,2,2,14705,0,0,0,0,0
2020-04-15,US,Missouri,Gentry,1,0,0,40.21097916,-94.40944419,29075.0,1,1,0,0,1,1,6628,0,0,0,0,0
2020-04-15,US,Missouri,Greene,80,8,0,37.2575872,-93.34230916,29077.0,72,80,8,0,72,79,291923,0,0,0,0,1
2020-04-15,US,Missouri,Harrison,6,0,0,40.35570088,-93.99222144,29081.0,6,6,0,0,6,6,8414,0,0,0,0,0
2020-04-15,US,Missouri,Henry,5,1,0,38.38482826,-93.79293734,29083.0,4,5,1,0,4,4,21792,0,0,0,0,1
2020-04-15,US,Missouri,Howard,2,0,0,39.1435761,-92.69756691,29089.0,2,2,0,0,2,2,10137,0,0,0,0,0
2020-04-15,US,Missouri,Howell,4,0,0,36.77383887,-91.88683935,29091.0,4,4,0,0,4,4,40076,0,0,0,0,0
2020-04-15,US,Missouri,Iron,1,0,0,37.55487945,-90.7735296,29093.0,1,1,0,0,1,1,10177,0,0,0,0,0
2020-04-15,US,Missouri,Jackson,237,9,0,39.01002188,-94.34724536,29095.0,228,237,9,0,228,225,700307,0,0,0,0,12
2020-04-15,US,Missouri,Jasper,27,0,0,37.20351921,-94.34050458,29097.0,27,27,0,0,27,25,120636,0,0,0,0,2
2020-04-15,US,Missouri,Jefferson,139,3,0,38.25926778,-90.53870896,29099.0,136,139,3,0,136,129,224347,0,0,0,0,10
2020-04-15,US,Missouri,Johnson,45,0,0,38.74719601,-93.80691168,29101.0,45,45,0,0,45,45,53652,0,0,0,0,0
2020-04-15,US,Missouri,Kansas City,351,12,0,39.0997,-94.5786,0.0,339,346,12,0,334,329,491918,5,0,0,5,17
2020-04-15,US,Missouri,Lafayette,28,1,0,39.06986886,-93.78076396,29107.0,27,28,1,0,27,28,32598,0,0,0,0,0
2020-04-15,US,Missouri,Lincoln,35,1,0,39.05345619,-90.95588181,29113.0,34,33,1,0,32,26,57686,2,0,0,2,7
2020-04-15,US,Missouri,Linn,5,1,0,39.87001769,-93.10704106,29115.0,4,5,1,0,4,4,12037,0,0,0,0,1
2020-04-15,US,Missouri,Livingston,2,0,0,39.78110272,-93.54645978,29117.0,2,2,0,0,2,1,15146,0,0,0,0,1
2020-04-15,US,Missouri,Macon,2,0,0,39.83049768,-92.56453089,29121.0,2,2,0,0,2,2,15153,0,0,0,0,0
2020-04-15,US,Missouri,Madison,1,0,0,37.47865134,-90.3467143,29123.0,1,1,0,0,1,1,12188,0,0,0,0,0
2020-04-15,US,Missouri,Maries,2,0,0,38.16193985,-91.92249662,29125.0,2,2,0,0,2,2,8769,0,0,0,0,0
2020-04-15,US,Missouri,McDonald,4,0,0,36.62869595,-94.34867205,29119.0,4,4,0,0,4,4,23078,0,0,0,0,0
2020-04-15,US,Missouri,Moniteau,4,0,0,38.63571781,-92.57976951,29135.0,4,4,0,0,4,4,16121,0,0,0,0,0
2020-04-15,US,Missouri,Montgomery,6,0,0,38.94022054,-91.47000721,29139.0,6,6,0,0,6,6,11534,0,0,0,0,0
2020-04-15,US,Missouri,Morgan,1,0,0,38.4181765,-92.88791859,29141.0,1,1,0,0,1,1,20358,0,0,0,0,0
2020-04-15,US,Missouri,New Madrid,8,0,0,36.59666326,-89.66070007,29143.0,8,8,0,0,8,8,17296,0,0,0,0,0
2020-04-15,US,Missouri,Newton,9,0,0,36.90519407,-94.3394104,29145.0,9,9,0,0,9,8,58266,0,0,0,0,1
2020-04-15,US,Missouri,Nodaway,3,0,0,40.36079813,-94.88133008,29147.0,3,3,0,0,3,2,22304,0,0,0,0,1
2020-04-15,US,Missouri,Oregon,1,0,0,36.68710164,-91.4033755,29149.0,1,1,0,0,1,1,10541,0,0,0,0,0
2020-04-15,US,Missouri,Osage,4,0,0,38.46036182,-91.8613635,29151.0,4,4,0,0,4,4,13714,0,0,0,0,0
2020-04-15,US,Missouri,Pemiscot,8,0,0,36.2130572,-89.78742322,29155.0,8,8,0,0,8,8,16272,0,0,0,0,0
2020-04-15,US,Missouri,Perry,38,0,0,37.70660776,-89.82741088,29157.0,38,38,0,0,38,36,19150,0,0,0,0,2
2020-04-15,US,Missouri,Pettis,3,0,0,38.72798918,-93.28471706,29159.0,3,3,0,0,3,3,42542,0,0,0,0,0
2020-04-15,US,Missouri,Phelps,1,0,0,37.87736118,-91.79351727,29161.0,1,1,0,0,1,1,44732,0,0,0,0,0
2020-04-15,US,Missouri,Pike,6,0,0,39.34310674,-91.16980779,29163.0,6,6,0,0,6,6,18504,0,0,0,0,0
2020-04-15,US,Missouri,Platte,26,0,0,39.38154439,-94.77068479,29165.0,26,26,0,0,26,25,102985,0,0,0,0,1
2020-04-15,US,Missouri,Polk,1,0,0,37.6162296,-93.39828174,29167.0,1,1,0,0,1,1,32201,0,0,0,0,0
2020-04-15,US,Missouri,Pulaski,16,1,0,37.82462075,-92.20783203,29169.0,15,12,1,0,11,11,52014,4,0,0,4,1
2020-04-15,US,Missouri,Ralls,1,0,0,39.52817427,-91.51838643,29173.0,1,1,0,0,1,1,10212,0,0,0,0,0
2020-04-15,US,Missouri,Randolph,8,0,0,39.44007257,-92.4971374,29175.0,8,8,0,0,8,8,24763,0,0,0,0,0
2020-04-15,US,Missouri,Ray,7,0,0,39.3537468,-93.98905745,29177.0,7,7,0,0,7,7,22883,0,0,0,0,0
2020-04-15,US,Missouri,Reynolds,2,0,0,37.36085952,-90.97009925,29179.0,2,2,0,0,2,2,6254,0,0,0,0,0
2020-04-15,US,Missouri,Ripley,3,0,0,36.65460667,-90.85990261,29181.0,3,3,0,0,3,3,13401,0,0,0,0,0
2020-04-15,US,Missouri,Saline,35,0,0,39.13734288,-93.20259964,29195.0,35,35,0,0,35,23,22895,0,0,0,0,12
2020-04-15,US,Missouri,Scotland,3,0,0,40.45214695,-92.14709064,29199.0,3,3,0,0,3,3,4966,0,0,0,0,0
2020-04-15,US,Missouri,Scott,26,0,0,37.05588075,-89.56474493,29201.0,26,25,0,0,25,24,38458,1,0,0,1,1
2020-04-15,US,Missouri,Shelby,1,0,0,39.79742518,-92.07634971,29205.0,1,1,0,0,1,1,6050,0,0,0,0,0
2020-04-15,US,Missouri,St. Charles,400,16,0,38.77875681,-90.66662425,29183.0,384,384,14,0,370,380,399182,16,2,0,14,4
2020-04-15,US,Missouri,St. Clair,2,0,0,38.03699437,-93.77631447,29185.0,2,2,0,0,2,2,9395,0,0,0,0,0
2020-04-15,US,Missouri,St. Francois,23,1,0,37.81214171,-90.47598685,29187.0,22,23,1,0,22,23,66692,0,0,0,0,0
2020-04-15,US,Missouri,St. Louis,1851,53,0,38.63770039999999,-90.4458375,29189.0,1798,1851,53,0,1798,1724,996945,0,0,0,0,127
2020-04-15,US,Missouri,St. Louis City,723,26,0,38.63555736,-90.24349225,29510.0,697,706,24,0,682,698,302838,17,2,0,15,8
2020-04-15,US,Missouri,Ste. Genevieve,7,1,0,37.89090059,-90.1949941,29186.0,6,7,1,0,6,7,17888,0,0,0,0,0
2020-04-15,US,Missouri,Stoddard,12,0,0,36.85571651,-89.9444155,29207.0,12,12,0,0,12,11,29206,0,0,0,0,1
2020-04-15,US,Missouri,Stone,3,0,0,36.75000327,-93.45256475,29209.0,3,3,0,0,3,3,31749,0,0,0,0,0
2020-04-15,US,Missouri,Taney,8,1,0,36.65465345,-93.04075153,29213.0,7,8,1,0,7,8,55852,0,0,0,0,0
2020-04-15,US,Missouri,Vernon,3,0,0,37.8457799,-94.34127305,29217.0,3,3,0,0,3,3,20528,0,0,0,0,0
2020-04-15,US,Missouri,Warren,17,0,0,38.76529479,-91.16124662,29219.0,17,17,0,0,17,17,34711,0,0,0,0,0
2020-04-15,US,Missouri,Washington,1,0,0,37.96130078,-90.87948158,29221.0,1,1,0,0,1,1,24943,0,0,0,0,0
2020-04-15,US,Missouri,Webster,5,0,0,37.2813734,-92.876329,29225.0,5,5,0,0,5,4,39109,0,0,0,0,1
2020-04-15,US,Missouri,Worth,1,0,0,40.47945588,-94.42328751,29227.0,1,1,0,0,1,1,2040,0,0,0,0,0
2020-04-15,US,Missouri,Wright,9,0,0,37.27029221,-92.46914488,29229.0,9,9,0,0,9,8,18378,0,0,0,0,1
2020-04-15,US,Montana,Beaverhead,1,0,0,45.13434354,-112.8984694,30001.0,1,1,0,0,1,1,9404,0,0,0,0,0
2020-04-15,US,Montana,Big Horn,2,0,0,45.42335905,-107.492347,30003.0,2,2,0,0,2,1,13338,0,0,0,0,1
2020-04-15,US,Montana,Broadwater,4,0,0,46.33277565,-111.4955813,30007.0,4,4,0,0,4,4,6085,0,0,0,0,0
2020-04-15,US,Montana,Carbon,6,0,0,45.22850116,-109.0274047,30009.0,6,6,0,0,6,6,10714,0,0,0,0,0
2020-04-15,US,Montana,Cascade,13,0,0,47.30797024,-111.3467922,30013.0,13,13,0,0,13,13,81643,0,0,0,0,0
2020-04-15,US,Montana,Deer Lodge,3,0,0,46.05953325,-113.073353,30023.0,3,3,0,0,3,3,9131,0,0,0,0,0
2020-04-15,US,Montana,Flathead,37,1,0,48.29575866,-114.0520569,30029.0,36,36,1,0,35,36,102106,1,0,0,1,0
2020-04-15,US,Montana,Gallatin,139,0,0,45.54486106,-111.1692571,30031.0,139,138,0,0,138,138,111876,1,0,0,1,0
2020-04-15,US,Montana,Glacier,4,0,0,48.70513576,-112.9934235,30035.0,4,4,0,0,4,4,13747,0,0,0,0,0
2020-04-15,US,Montana,Golden Valley,1,0,0,46.3816474,-109.1768522,30037.0,1,1,0,0,1,1,826,0,0,0,0,0
2020-04-15,US,Montana,Hill,1,0,0,48.62879827,-110.1129252,30041.0,1,1,0,0,1,1,16347,0,0,0,0,0
2020-04-15,US,Montana,Jefferson,2,0,0,46.14907081,-112.094396,30043.0,2,2,0,0,2,2,12097,0,0,0,0,0
2020-04-15,US,Montana,Lake,5,0,0,47.64514965,-114.0898013,30047.0,5,5,0,0,5,5,30250,0,0,0,0,0
2020-04-15,US,Montana,Lewis and Clark,16,0,0,47.12610041,-112.394698,30049.0,16,16,0,0,16,16,68700,0,0,0,0,0
2020-04-15,US,Montana,Liberty,1,0,0,48.56084317,-111.024307,30051.0,1,1,0,0,1,1,2430,0,0,0,0,0
2020-04-15,US,Montana,Lincoln,7,1,0,48.54265777,-115.4046155,30053.0,6,7,1,0,6,7,19794,0,0,0,0,0
2020-04-15,US,Montana,Madison,8,1,0,45.30080065,-111.9173017,30057.0,7,8,1,0,7,8,8768,0,0,0,0,0
2020-04-15,US,Montana,Meagher,1,0,0,46.59907074,-110.8898557,30059.0,1,1,0,0,1,1,1866,0,0,0,0,0
2020-04-15,US,Montana,Missoula,30,1,0,47.03728583,-113.92135079999998,30063.0,29,30,1,0,29,30,118791,0,0,0,0,0
2020-04-15,US,Montana,Musselshell,1,0,0,46.49684637,-108.39498,30065.0,1,1,0,0,1,1,4651,0,0,0,0,0
2020-04-15,US,Montana,Park,7,0,0,45.48965095,-110.52643940000002,30067.0,7,7,0,0,7,7,16736,0,0,0,0,0
2020-04-15,US,Montana,Pondera,1,0,0,48.22773388,-112.2252703,30073.0,1,,,,,,5972,,,,,
2020-04-15,US,Montana,Ravalli,5,0,0,46.08520862,-114.11891640000002,30081.0,5,5,0,0,5,5,43172,0,0,0,0,0
2020-04-15,US,Montana,Richland,3,0,0,47.78668011,-104.5610786,30083.0,3,3,0,0,3,3,10913,0,0,0,0,0
2020-04-15,US,Montana,Roosevelt,4,0,0,48.29607488,-105.0079268,30085.0,4,3,0,0,3,3,11059,1,0,0,1,0
2020-04-15,US,Montana,Silver Bow,11,0,0,45.90018933,-112.6620092,30093.0,11,11,0,0,11,11,34993,0,0,0,0,0
2020-04-15,US,Montana,Stillwater,1,0,0,45.67071407,-109.3950061,30095.0,1,1,0,0,1,1,9534,0,0,0,0,0
2020-04-15,US,Montana,Toole,26,3,0,48.65577551,-111.6942414,30101.0,23,26,3,0,23,26,4853,0,0,0,0,0
2020-04-15,US,Montana,Yellowstone,64,0,0,45.93955949,-108.2691486,30111.0,64,63,0,0,63,59,160137,1,0,0,1,4
2020-04-15,US,Nebraska,Adams,62,0,0,40.52449420000001,-98.50117804,31001.0,62,62,0,0,62,54,31511,0,0,0,0,8
2020-04-15,US,Nebraska,Antelope,1,0,0,42.17695516,-98.0666283,31003.0,1,1,0,0,1,1,6336,0,0,0,0,0
2020-04-15,US,Nebraska,Box Butte,1,0,0,42.22079243,-103.08788340000001,31013.0,1,1,0,0,1,1,10772,0,0,0,0,0
2020-04-15,US,Nebraska,Buffalo,38,1,0,40.85486962,-99.07500296,31019.0,37,38,1,0,37,36,49615,0,0,0,0,2
2020-04-15,US,Nebraska,Burt,1,0,0,41.85056773,-96.32605633,31021.0,1,1,0,0,1,1,6488,0,0,0,0,0
2020-04-15,US,Nebraska,Cass,3,0,0,40.90899107,-96.13971217,31025.0,3,3,0,0,3,3,26159,0,0,0,0,0
2020-04-15,US,Nebraska,Cherry,1,0,0,42.54502621,-101.1244332,31031.0,1,1,0,0,1,1,5761,0,0,0,0,0
2020-04-15,US,Nebraska,Cheyenne,2,0,0,41.21999357,-102.9941693,31033.0,2,2,0,0,2,3,9310,0,0,0,0,-1
2020-04-15,US,Nebraska,Clay,2,0,0,40.52439441,-98.05126296,31035.0,2,2,0,0,2,2,6214,0,0,0,0,0
2020-04-15,US,Nebraska,Colfax,4,0,0,41.57486951,-97.0868542,31037.0,4,4,0,0,4,4,10881,0,0,0,0,0
2020-04-15,US,Nebraska,Cuming,2,0,0,41.91637624,-96.78730772,31039.0,2,2,0,0,2,2,8940,0,0,0,0,0
2020-04-15,US,Nebraska,Custer,19,0,0,41.39374521,-99.72805369,31041.0,19,19,0,0,19,19,10840,0,0,0,0,0
2020-04-15,US,Nebraska,Dakota,2,0,0,42.39040144,-96.56656425,31043.0,2,2,0,0,2,2,20083,0,0,0,0,0
2020-04-15,US,Nebraska,Dawson,18,0,0,40.87028216,-99.8201461,31047.0,18,18,0,0,18,13,23709,0,0,0,0,5
2020-04-15,US,Nebraska,Dodge,12,0,0,41.58071748,-96.65598179,31053.0,12,12,0,0,12,10,36791,0,0,0,0,2
2020-04-15,US,Nebraska,Douglas,251,5,0,41.29518299,-96.15085305,31055.0,246,251,5,0,246,242,566880,0,0,0,0,9
2020-04-15,US,Nebraska,Franklin,3,0,0,40.17636348,-98.95299073,31061.0,3,3,0,0,3,3,3023,0,0,0,0,0
2020-04-15,US,Nebraska,Gage,26,1,0,40.26186809,-96.68946704,31067.0,25,26,1,0,25,26,21493,0,0,0,0,0
2020-04-15,US,Nebraska,Gosper,1,0,0,40.51481965,-99.83020279,31073.0,1,1,0,0,1,1,1996,0,0,0,0,0
2020-04-15,US,Nebraska,Hall,214,4,0,40.87257079,-98.50218293,31079.0,210,214,4,0,210,161,61607,0,0,0,0,53
2020-04-15,US,Nebraska,Hamilton,13,0,0,40.87349452,-98.02099117,31081.0,13,13,0,0,13,11,9280,0,0,0,0,2
2020-04-15,US,Nebraska,Johnson,1,0,0,40.39257596,-96.26522753,31097.0,1,1,0,0,1,1,5134,0,0,0,0,0
2020-04-15,US,Nebraska,Kearney,3,0,0,40.50663314,-98.94877182,31099.0,3,3,0,0,3,3,6544,0,0,0,0,0
2020-04-15,US,Nebraska,Kimball,9,0,0,41.19774275,-103.7148131,31105.0,9,9,0,0,9,9,3618,0,0,0,0,0
2020-04-15,US,Nebraska,Knox,2,0,0,42.63758421,-97.89178836,31107.0,2,2,0,0,2,2,8419,0,0,0,0,0
2020-04-15,US,Nebraska,Lancaster,57,1,0,40.78416049,-96.68777155,31109.0,56,57,1,0,56,54,317272,0,0,0,0,3
2020-04-15,US,Nebraska,Lincoln,17,1,0,41.04658298,-100.7475374,31111.0,16,17,1,0,16,17,35185,0,0,0,0,0
2020-04-15,US,Nebraska,Madison,6,2,0,41.91676024,-97.6005481,31119.0,4,6,2,0,4,6,35392,0,0,0,0,0
2020-04-15,US,Nebraska,Merrick,2,0,0,41.16624273,-98.0374887,31121.0,2,2,0,0,2,2,7733,0,0,0,0,0
2020-04-15,US,Nebraska,Nemaha,1,0,0,40.38514847,-95.85433992,31127.0,1,1,0,0,1,1,6958,0,0,0,0,0
2020-04-15,US,Nebraska,Otoe,1,0,0,40.64843556,-96.13374142,31131.0,1,1,0,0,1,1,15985,0,0,0,0,0
2020-04-15,US,Nebraska,Phelps,1,0,0,40.51156033,-99.41461667,31137.0,1,1,0,0,1,1,8996,0,0,0,0,0
2020-04-15,US,Nebraska,Pierce,1,0,0,42.26434853,-97.60122773,31139.0,1,1,0,0,1,1,7142,0,0,0,0,0
2020-04-15,US,Nebraska,Platte,6,0,0,41.57246836,-97.52144359,31141.0,6,6,0,0,6,6,33363,0,0,0,0,0
2020-04-15,US,Nebraska,Polk,2,0,0,41.18813488,-97.56630712,31143.0,2,2,0,0,2,2,5278,0,0,0,0,0
2020-04-15,US,Nebraska,Saline,1,0,0,40.52418865,-97.14085859,31151.0,1,,,,,,14350,,,,,
2020-04-15,US,Nebraska,Sarpy,46,0,0,41.11314181,-96.11156432,31153.0,46,46,0,0,46,41,184459,0,0,0,0,5
2020-04-15,US,Nebraska,Saunders,6,0,0,41.2278103,-96.63773905,31155.0,6,6,0,0,6,6,21303,0,0,0,0,0
2020-04-15,US,Nebraska,Scotts Bluff,14,0,0,41.85070896,-103.7080986,31157.0,14,14,0,0,14,14,35989,0,0,0,0,0
2020-04-15,US,Nebraska,Seward,1,0,0,40.87241834,-97.139673,31159.0,1,1,0,0,1,1,17318,0,0,0,0,0
2020-04-15,US,Nebraska,Stanton,1,0,0,41.9169835,-97.19394708,31167.0,1,1,0,0,1,1,5970,0,0,0,0,0
2020-04-15,US,Nebraska,Unassigned,19,5,0,0.0,0.0,90031.0,14,18,5,0,13,23,,1,0,0,1,-5
2020-04-15,US,Nebraska,Washington,22,0,0,41.52815707,-96.22019892,31177.0,22,20,0,0,20,20,20667,2,0,0,2,0
2020-04-15,US,Nebraska,Wayne,1,0,0,42.20934475,-97.11926964,31179.0,1,1,0,0,1,1,9403,0,0,0,0,0
2020-04-15,US,Nebraska,Webster,1,0,0,40.17642643,-98.50019851,31181.0,1,1,0,0,1,1,3533,0,0,0,0,0
2020-04-15,US,Nebraska,York,4,0,0,40.87272618,-97.59710186,31185.0,4,4,0,0,4,4,13772,0,0,0,0,0
2020-04-15,US,Nevada,Carson City,25,0,0,39.15509045,-119.7480219,32510.0,25,23,0,0,23,22,55414,2,0,0,2,1
2020-04-15,US,Nevada,Clark,2559,115,0,36.21458855,-115.0130241,32003.0,2444,2509,106,0,2403,2444,2231647,50,9,0,41,65
2020-04-15,US,Nevada,Douglas,13,0,0,38.912862,-119.6171333,32005.0,13,10,0,0,10,10,48467,3,0,0,3,0
2020-04-15,US,Nevada,Elko,11,1,0,41.14531606,-115.3577619,32007.0,10,11,1,0,10,11,52460,0,0,0,0,0
2020-04-15,US,Nevada,Humboldt,20,1,0,41.40692186,-118.1109427,32013.0,19,20,1,0,19,20,16786,0,0,0,0,0
2020-04-15,US,Nevada,Lincoln,1,0,0,37.64268459,-114.8790388,32017.0,1,1,0,0,1,1,5201,0,0,0,0,0
2020-04-15,US,Nevada,Lyon,10,0,0,39.01777974,-119.1870479,32019.0,10,10,0,0,10,10,55808,0,0,0,0,0
2020-04-15,US,Nevada,Nye,15,0,0,38.04264256,-116.4722702,32023.0,15,15,0,0,15,10,45346,0,0,0,0,5
2020-04-15,US,Nevada,Unassigned,5,0,0,0.0,0.0,90032.0,5,0,6,0,-6,,,5,-6,0,11,
2020-04-15,US,Nevada,Washoe,549,14,0,40.66562265,-119.6631594,32031.0,535,532,12,0,520,461,465735,17,2,0,15,71
2020-04-15,US,Nevada,White Pine,3,0,0,39.44157041,-114.899966,32033.0,3,3,0,0,3,1,9475,0,0,0,0,2
2020-04-15,US,New Hampshire,Belknap,24,0,0,43.51637314,-71.41684235,33001.0,24,24,0,0,24,22,61022,0,0,0,0,2
2020-04-15,US,New Hampshire,Carroll,29,0,0,43.87498583,-71.20430216,33003.0,29,29,0,0,29,28,48779,0,0,0,0,1
2020-04-15,US,New Hampshire,Cheshire,26,0,0,42.92015988,-72.25311043,33005.0,26,21,0,0,21,19,76493,5,0,0,5,2
2020-04-15,US,New Hampshire,Coos,2,0,0,44.69063265,-71.30633239,33007.0,2,2,0,0,2,2,31589,0,0,0,0,0
2020-04-15,US,New Hampshire,Grafton,44,0,0,43.93779815,-71.82057197,33009.0,44,45,0,0,45,45,89786,-1,0,0,-1,0
2020-04-15,US,New Hampshire,Hillsborough,458,2,0,42.91537785,-71.7200253,33011.0,456,271,0,0,271,385,415247,187,2,0,185,-114
2020-04-15,US,New Hampshire,Merrimack,81,0,0,43.29662971,-71.6811573,33013.0,81,75,0,0,75,73,151132,6,0,0,6,2
2020-04-15,US,New Hampshire,Rockingham,399,1,0,42.98499744,-71.12883377,33015.0,398,378,1,0,377,345,309176,21,0,0,21,33
2020-04-15,US,New Hampshire,Strafford,69,0,0,43.291833,-71.02336013,33017.0,69,69,0,0,69,59,130090,0,0,0,0,10
2020-04-15,US,New Hampshire,Sullivan,7,0,0,43.36094111,-72.22203125,33019.0,7,7,0,0,7,6,43144,0,0,0,0,1
2020-04-15,US,New Hampshire,Unassigned,0,29,0,0.0,0.0,90033.0,-29,1,24,0,-23,1,,-1,5,0,-6,0
2020-04-15,US,New Jersey,Atlantic,322,13,0,39.47538693,-74.65848483,34001.0,309,284,11,0,273,267,265429,38,2,0,36,17
2020-04-15,US,New Jersey,Bergen,10848,608,0,40.96010917,-74.07164325,34003.0,10240,10426,550,0,9876,10092,936692,422,58,0,364,334
2020-04-15,US,New Jersey,Burlington,1261,45,0,39.87681124,-74.66927768,34005.0,1216,1207,28,0,1179,1155,445384,54,17,0,37,52
2020-04-15,US,New Jersey,Camden,1587,49,0,39.80343818,-74.96388753,34007.0,1538,1477,41,0,1436,1401,507078,110,8,0,102,76
2020-04-15,US,New Jersey,Cape May,178,10,0,39.15008829,-74.80170244,34009.0,168,169,10,0,159,164,92560,9,0,0,9,5
2020-04-15,US,New Jersey,Cumberland,210,3,0,39.37199394,-75.10712559,34011.0,207,201,3,0,198,187,150972,9,0,0,9,14
2020-04-15,US,New Jersey,Essex,8579,590,0,40.78681335,-74.24657979,34013.0,7989,8212,535,0,7677,7634,799767,367,55,0,312,578
2020-04-15,US,New Jersey,Gloucester,602,14,0,39.71581067,-75.13995546,34015.0,588,587,11,0,576,566,291408,15,3,0,12,21
2020-04-15,US,New Jersey,Hudson,8511,312,0,40.73766234,-74.07515667,34017.0,8199,8242,277,0,7965,7879,676061,269,35,0,234,363
2020-04-15,US,New Jersey,Hunterdon,356,14,0,40.56335249,-74.91284156,34019.0,342,349,11,0,338,325,124714,7,3,0,4,24
2020-04-15,US,New Jersey,Mercer,1856,76,0,40.28047017,-74.70479631,34021.0,1780,1731,71,0,1660,1646,369811,125,5,0,120,85
2020-04-15,US,New Jersey,Middlesex,6576,248,0,40.43629879,-74.41426991,34023.0,6328,6313,216,0,6097,5987,829685,263,32,0,231,326
2020-04-15,US,New Jersey,Monmouth,4122,167,0,40.26549699,-74.22240686,34025.0,3955,4003,145,0,3858,3875,621354,119,22,0,97,128
2020-04-15,US,New Jersey,Morris,3525,212,0,40.86095313,-74.54553709999998,34027.0,3313,3424,192,0,3232,3225,494228,101,20,0,81,199
2020-04-15,US,New Jersey,Ocean,4016,166,0,39.8895449,-74.28089251,34029.0,3850,3833,149,0,3684,3593,601651,183,17,0,166,240
2020-04-15,US,New Jersey,Passaic,6750,182,0,41.03238628,-74.29954144,34031.0,6568,6438,156,0,6282,5950,503310,312,26,0,286,488
2020-04-15,US,New Jersey,Salem,84,4,0,39.58719656,-75.34696629999998,34033.0,80,73,4,0,69,66,62607,11,0,0,11,7
2020-04-15,US,New Jersey,Somerset,2001,101,0,40.56465737,-74.61683016,34035.0,1900,1911,91,0,1820,1809,331164,90,10,0,80,102
2020-04-15,US,New Jersey,Sussex,551,41,0,41.13891592,-74.69118243,34037.0,510,535,39,0,496,508,140799,16,2,0,14,27
2020-04-15,US,New Jersey,Unassigned,1189,2,0,0.0,0.0,90034.0,1187,1702,2,0,1700,1203,,-513,0,0,-513,499
2020-04-15,US,New Jersey,Union,7438,269,0,40.65835409,-74.30680092,34039.0,7169,7265,238,0,7027,6636,558067,173,31,0,142,629
2020-04-15,US,New Jersey,Warren,468,30,0,40.85951833,-74.99556527,34041.0,438,442,25,0,417,416,105779,26,5,0,21,26
2020-04-15,US,New Mexico,Bernalillo,477,17,0,35.05163625,-106.6703554,35001.0,460,455,16,0,439,455,678701,22,1,0,21,0
2020-04-15,US,New Mexico,Catron,1,0,0,33.91514144,-108.4046587,35003.0,1,1,0,0,1,1,3578,0,0,0,0,0
2020-04-15,US,New Mexico,Chaves,19,0,0,33.36406072,-104.4665365,35005.0,19,19,0,0,19,19,64689,0,0,0,0,0
2020-04-15,US,New Mexico,Cibola,29,1,0,34.91131525,-107.998876,35006.0,28,25,1,0,24,25,26746,4,0,0,4,0
2020-04-15,US,New Mexico,Colfax,2,0,0,36.60569702,-104.64726740000002,35007.0,2,2,0,0,2,2,12110,0,0,0,0,0
2020-04-15,US,New Mexico,Curry,10,0,0,34.57421077,-103.3468876,35009.0,10,10,0,0,10,10,49437,0,0,0,0,0
2020-04-15,US,New Mexico,Dona Ana,54,1,0,32.35275771,-106.83293870000001,35013.0,53,50,1,0,49,50,217522,4,0,0,4,0
2020-04-15,US,New Mexico,Eddy,7,1,0,32.47167456,-104.3053527,35015.0,6,7,1,0,6,7,57900,0,0,0,0,0
2020-04-15,US,New Mexico,Grant,11,0,0,32.73911281,-108.3827845,35017.0,11,10,0,0,10,9,27346,1,0,0,1,1
2020-04-15,US,New Mexico,Lea,2,0,0,32.79215361,-103.4123733,35025.0,2,2,0,0,2,2,69611,0,0,0,0,0
2020-04-15,US,New Mexico,Lincoln,1,0,0,33.74526079,-105.4586166,35027.0,1,1,0,0,1,1,19556,0,0,0,0,0
2020-04-15,US,New Mexico,Los Alamos,6,0,0,35.86631386,-106.3134985,35028.0,6,5,0,0,5,5,19101,1,0,0,1,0
2020-04-15,US,New Mexico,Luna,2,0,0,32.18179341,-107.75088259999998,35029.0,2,2,0,0,2,2,23963,0,0,0,0,0
2020-04-15,US,New Mexico,McKinley,242,2,0,35.58007720000001,-108.262245,35031.0,240,191,2,0,189,144,72290,51,0,0,51,47
2020-04-15,US,New Mexico,Otero,3,0,0,32.61348406,-105.7417604,35035.0,3,3,0,0,3,4,66781,0,0,0,0,-1
2020-04-15,US,New Mexico,Quay,1,0,0,35.10403332,-103.5481727,35037.0,1,1,0,0,1,1,8253,0,0,0,0,0
2020-04-15,US,New Mexico,Rio Arriba,10,0,0,36.51072137,-106.6931674,35039.0,10,7,0,0,7,7,39006,3,0,0,3,0
2020-04-15,US,New Mexico,Roosevelt,1,0,0,34.02097406,-103.4799493,35041.0,1,1,0,0,1,1,18743,0,0,0,0,0
2020-04-15,US,New Mexico,San Juan,200,10,0,36.50838318,-108.320437,35045.0,190,173,7,0,166,151,125043,27,3,0,24,22
2020-04-15,US,New Mexico,San Miguel,2,0,0,35.48014807,-104.8163562,35047.0,2,1,0,0,1,1,27591,1,0,0,1,0
2020-04-15,US,New Mexico,Sandoval,262,4,0,35.68862401,-106.8687803,35043.0,258,244,3,0,241,235,145179,18,1,0,17,9
2020-04-15,US,New Mexico,Santa Fe,78,0,0,35.50708973,-105.9774716,35049.0,78,76,0,0,76,75,150056,2,0,0,2,1
2020-04-15,US,New Mexico,Socorro,16,0,0,34.00715494,-106.9298354,35053.0,16,14,0,0,14,12,16735,2,0,0,2,2
2020-04-15,US,New Mexico,Taos,15,0,0,36.58006022,-105.6310198,35055.0,15,15,0,0,15,15,32835,0,0,0,0,0
2020-04-15,US,New Mexico,Torrance,12,0,0,34.64048375,-105.8508949,35057.0,12,10,0,0,10,10,15591,2,0,0,2,0
2020-04-15,US,New Mexico,Valencia,21,0,0,34.71669834,-106.8103733,35061.0,21,20,0,0,20,18,76456,1,0,0,1,2
2020-04-15,US,New York,Albany,548,20,0,42.60060306,-73.97723916,36001.0,528,535,16,0,519,499,307117,13,4,0,9,36
2020-04-15,US,New York,Allegany,28,1,0,42.25748406,-78.02750466,36003.0,27,28,1,0,27,26,46430,0,0,0,0,2
2020-04-15,US,New York,Broome,153,8,0,42.15903158,-75.81326086,36007.0,145,146,8,0,138,133,191659,7,0,0,7,13
2020-04-15,US,New York,Cattaraugus,32,0,0,42.24778241,-78.67923096,36009.0,32,32,0,0,32,28,76840,0,0,0,0,4
2020-04-15,US,New York,Cayuga,36,1,0,42.91261714,-76.55731592,36011.0,35,33,1,0,32,31,77145,3,0,0,3,2
2020-04-15,US,New York,Chautauqua,24,3,0,42.22769210000001,-79.36691763,36013.0,21,23,3,0,20,23,127939,1,0,0,1,0
2020-04-15,US,New York,Chemung,69,1,0,42.13891056,-76.7638805,36015.0,68,64,1,0,63,60,84254,5,0,0,5,4
2020-04-15,US,New York,Chenango,71,0,0,42.49430041,-75.60887553,36017.0,71,68,0,0,68,65,47536,3,0,0,3,3
2020-04-15,US,New York,Clinton,45,3,0,44.74530905,-73.67875352,36019.0,42,45,3,0,42,44,80695,0,0,0,0,1
2020-04-15,US,New York,Columbia,100,10,0,42.24819348,-73.63089095,36021.0,90,93,9,0,84,93,59916,7,1,0,6,0
2020-04-15,US,New York,Cortland,23,0,0,42.59509207,-76.07048931,36023.0,23,22,0,0,22,21,47823,1,0,0,1,1
2020-04-15,US,New York,Delaware,46,3,0,42.19837623,-74.96709306,36025.0,43,45,3,0,42,42,44527,1,0,0,1,3
2020-04-15,US,New York,Dutchess,2048,18,0,41.76486060000001,-73.74356679,36027.0,2030,1934,17,0,1917,1881,293718,114,1,0,113,53
2020-04-15,US,New York,Erie,1812,101,0,42.76249024,-78.73063652,36029.0,1711,1730,73,0,1657,1661,919719,82,28,0,54,69
2020-04-15,US,New York,Essex,12,0,0,44.11630765,-73.77297842,36031.0,12,12,0,0,12,12,37300,0,0,0,0,0
2020-04-15,US,New York,Franklin,13,0,0,44.59040891,-74.29926032,36033.0,13,13,0,0,13,12,50293,0,0,0,0,1
2020-04-15,US,New York,Fulton,24,0,0,43.11363907,-74.41798804,36035.0,24,22,0,0,22,21,53591,2,0,0,2,1
2020-04-15,US,New York,Genesee,76,2,0,43.0022601,-78.19135193,36037.0,74,76,1,0,75,71,57511,0,1,0,-1,5
2020-04-15,US,New York,Greene,73,0,0,42.275797,-74.12384884,36039.0,73,66,0,0,66,45,47491,7,0,0,7,21
2020-04-15,US,New York,Hamilton,3,0,0,43.66146647,-74.49721957,36041.0,3,3,0,0,3,3,4434,0,0,0,0,0
2020-04-15,US,New York,Herkimer,40,3,0,43.42034246,-74.96145307,36043.0,37,39,3,0,36,38,61833,1,0,0,1,1
2020-04-15,US,New York,Jefferson,47,0,0,44.04200959,-75.94653457,36045.0,47,47,0,0,47,46,111755,0,0,0,0,1
2020-04-15,US,New York,Lewis,7,0,0,43.7844157,-75.44903992,36049.0,7,7,0,0,7,6,26447,0,0,0,0,1
2020-04-15,US,New York,Livingston,34,3,0,42.72596275,-77.77966158,36051.0,31,34,3,0,31,34,63227,0,0,0,0,0
2020-04-15,US,New York,Madison,110,3,0,42.91653905,-75.67266639,36053.0,107,110,3,0,107,110,70795,0,0,0,0,0
2020-04-15,US,New York,Monroe,884,56,0,43.14638895,-77.69322942,36055.0,828,850,56,0,794,823,742474,34,0,0,34,27
2020-04-15,US,New York,Montgomery,32,1,0,42.90123494,-74.44011632,36057.0,31,32,1,0,31,29,49455,0,0,0,0,3
2020-04-15,US,New York,Nassau,26715,1057,0,40.74066522,-73.58941873,36059.0,25658,25250,1001,0,24249,24358,1358343,1465,56,0,1409,892
2020-04-15,US,New York,New York City,118302,8455,0,40.76727260000001,-73.97152637,36061.0,109847,110465,7905,0,102560,106763,1628701,7837,550,0,7287,3702
2020-04-15,US,New York,Niagara,229,9,0,43.19898042,-78.74777412,36063.0,220,216,5,0,211,194,210433,13,4,0,9,22
2020-04-15,US,New York,Oneida,246,4,0,43.24375382,-75.43710392,36065.0,242,229,4,0,225,206,229577,17,0,0,17,23
2020-04-15,US,New York,Onondaga,563,12,0,43.00491923,-76.19971155,36067.0,551,537,11,0,526,520,461809,26,1,0,25,17
2020-04-15,US,New York,Ontario,62,0,0,42.85145728,-77.30874425,36069.0,62,61,0,0,61,57,109864,1,0,0,1,4
2020-04-15,US,New York,Orange,5830,178,0,41.40337468,-74.30240757,36071.0,5652,5830,178,0,5652,5598,381951,0,0,0,0,232
2020-04-15,US,New York,Orleans,33,0,0,43.2516977,-78.2320066,36073.0,33,31,0,0,31,26,40612,2,0,0,2,5
2020-04-15,US,New York,Oswego,42,2,0,43.42778894,-76.14635194,36075.0,40,42,2,0,40,42,117898,0,0,0,0,0
2020-04-15,US,New York,Otsego,44,3,0,42.63492579,-75.03151402,36077.0,41,44,2,0,42,43,59749,0,1,0,-1,1
2020-04-15,US,New York,Putnam,634,7,0,41.42630093,-73.74965532,36079.0,627,634,7,0,627,507,98892,0,0,0,0,127
2020-04-15,US,New York,Rensselaer,140,6,0,42.71348136,-73.51089874,36083.0,134,140,6,0,134,113,159442,0,0,0,0,27
2020-04-15,US,New York,Rockland,8474,298,0,41.15027894,-74.02560498,36087.0,8176,8335,263,0,8072,7965,325695,139,35,0,104,370
2020-04-15,US,New York,Saratoga,227,4,0,43.10904162,-73.86653895,36091.0,223,224,4,0,220,201,230163,3,0,0,3,23
2020-04-15,US,New York,Schenectady,237,8,0,42.81668777,-74.05278291,36093.0,229,235,8,0,227,204,155350,2,0,0,2,31
2020-04-15,US,New York,Schoharie,20,0,0,42.58831742,-74.44339029999998,36095.0,20,20,0,0,20,12,31097,0,0,0,0,8
2020-04-15,US,New York,Schuyler,8,0,0,42.39184015,-76.8773299,36097.0,8,8,0,0,8,8,17912,0,0,0,0,0
2020-04-15,US,New York,Seneca,18,0,0,42.78081007,-76.82497064,36099.0,18,18,0,0,18,16,34300,0,0,0,0,2
2020-04-15,US,New York,St. Lawrence,92,0,0,44.4976179,-75.06550039,36089.0,92,92,0,0,92,89,108047,0,0,0,0,3
2020-04-15,US,New York,Steuben,151,16,0,42.2689144,-77.3829924,36101.0,135,147,16,0,131,147,95796,4,0,0,4,0
2020-04-15,US,New York,Suffolk,23523,653,0,40.88320119,-72.8012172,36103.0,22870,22691,608,0,22083,21643,1481093,832,45,0,787,1048
2020-04-15,US,New York,Sullivan,424,10,0,41.71579493,-74.76394559,36105.0,414,415,9,0,406,380,75498,9,1,0,8,35
2020-04-15,US,New York,Tioga,25,0,0,42.16852837,-76.30835812,36107.0,25,24,0,0,24,23,48560,1,0,0,1,1
2020-04-15,US,New York,Tompkins,118,0,0,42.44945765,-76.47229843,36109.0,118,113,0,0,113,113,102793,5,0,0,5,0
2020-04-15,US,New York,Ulster,745,13,0,41.89027881,-74.26252104,36111.0,732,716,13,0,703,716,178599,29,0,0,29,0
2020-04-15,US,New York,Warren,77,0,0,43.56173026,-73.8433699,36113.0,77,77,0,0,77,48,64265,0,0,0,0,29
2020-04-15,US,New York,Washington,42,2,0,43.31153794,-73.43043448,36115.0,40,40,1,0,39,37,61197,2,1,0,1,3
2020-04-15,US,New York,Wayne,48,0,0,43.15494365,-77.02976528,36117.0,48,48,0,0,48,42,90064,0,0,0,0,6
2020-04-15,US,New York,Westchester,20947,640,0,41.16278376,-73.75741653,36119.0,20307,20191,596,0,19595,19786,967612,756,44,0,712,405
2020-04-15,US,New York,Wyoming,42,3,0,42.70145109,-78.22199579,36121.0,39,32,1,0,31,31,40085,10,2,0,8,1
2020-04-15,US,New York,Yates,6,0,0,42.63505484,-77.10369919,36123.0,6,6,0,0,6,4,24841,0,0,0,0,2
2020-04-15,US,North Carolina,Alamance,43,0,0,36.0434701,-79.39976137,37001.0,43,73,0,0,73,68,166436,-30,0,0,-30,5
2020-04-15,US,North Carolina,Alexander,3,0,0,35.922379600000006,-81.17751948,37003.0,3,3,0,0,3,2,37353,0,0,0,0,1
2020-04-15,US,North Carolina,Alleghany,2,0,0,36.49360862,-81.12857041,37005.0,2,2,0,0,2,2,11161,0,0,0,0,0
2020-04-15,US,North Carolina,Anson,14,0,0,34.97403241,-80.09953279,37007.0,14,11,0,0,11,10,24877,3,0,0,3,1
2020-04-15,US,North Carolina,Ashe,4,0,0,36.43296207,-81.49862729,37009.0,4,4,0,0,4,4,27109,0,0,0,0,0
2020-04-15,US,North Carolina,Beaufort,14,0,0,35.48531943,-76.84325809,37013.0,14,14,0,0,14,14,47079,0,0,0,0,0
2020-04-15,US,North Carolina,Bertie,16,1,0,36.0688473,-76.96545943,37015.0,15,15,1,0,14,12,19026,1,0,0,1,3
2020-04-15,US,North Carolina,Bladen,2,0,0,34.61296243,-78.56180059,37017.0,2,2,0,0,2,2,33190,0,0,0,0,0
2020-04-15,US,North Carolina,Brunswick,35,1,0,34.070565,-78.22814204,37019.0,34,35,1,0,34,35,136744,0,0,0,0,0
2020-04-15,US,North Carolina,Buncombe,39,3,0,35.61113393,-82.53305,37021.0,36,38,3,0,35,37,259103,1,0,0,1,1
2020-04-15,US,North Carolina,Burke,60,5,0,35.74989637,-81.70755735,37023.0,55,61,3,0,58,61,90382,-1,2,0,-3,0
2020-04-15,US,North Carolina,Cabarrus,204,3,0,35.3877799,-80.55267168,37025.0,201,190,3,0,187,165,211342,14,0,0,14,25
2020-04-15,US,North Carolina,Caldwell,19,0,0,35.95204977,-81.54799522,37027.0,19,19,0,0,19,19,82029,0,0,0,0,0
2020-04-15,US,North Carolina,Carteret,22,1,0,34.8932941,-76.54120135,37031.0,21,22,1,0,21,22,69524,0,0,0,0,0
2020-04-15,US,North Carolina,Caswell,3,0,0,36.39312665,-79.33353281,37033.0,3,3,0,0,3,3,22698,0,0,0,0,0
2020-04-15,US,North Carolina,Catawba,38,1,0,35.66211129,-81.2132617,37035.0,37,36,1,0,35,35,158652,2,0,0,2,1
2020-04-15,US,North Carolina,Chatham,81,1,0,35.70394416,-79.25541492,37037.0,80,75,0,0,75,69,73139,6,1,0,5,6
2020-04-15,US,North Carolina,Cherokee,14,1,0,35.1349263,-84.05970864,37039.0,13,13,1,0,12,11,28383,1,0,0,1,2
2020-04-15,US,North Carolina,Chowan,5,0,0,36.12908077,-76.60118385,37041.0,5,4,0,0,4,3,14029,1,0,0,1,1
2020-04-15,US,North Carolina,Clay,4,0,0,35.05704275,-83.74353633,37043.0,4,4,0,0,4,4,11139,0,0,0,0,0
2020-04-15,US,North Carolina,Cleveland,40,1,0,35.33553364,-81.55204486,37045.0,39,39,0,0,39,39,97645,1,1,0,0,0
2020-04-15,US,North Carolina,Columbus,40,1,0,34.26744084,-78.65801424,37047.0,39,37,1,0,36,37,55655,3,0,0,3,0
2020-04-15,US,North Carolina,Craven,31,1,0,35.11833364,-77.08398081,37049.0,30,29,1,0,28,27,102912,2,0,0,2,2
2020-04-15,US,North Carolina,Cumberland,90,2,0,35.04762133,-78.82623165,37051.0,88,86,2,0,84,84,332330,4,0,0,4,2
2020-04-15,US,North Carolina,Currituck,3,0,0,36.36123664,-75.95876401,37053.0,3,3,0,0,3,3,27072,0,0,0,0,0
2020-04-15,US,North Carolina,Dare,15,1,0,35.66520691,-75.71767334,37055.0,14,15,1,0,14,13,36501,0,0,0,0,2
2020-04-15,US,North Carolina,Davidson,90,2,0,35.79115496,-80.21256572,37057.0,88,86,2,0,84,85,166614,4,0,0,4,1
2020-04-15,US,North Carolina,Davie,23,2,0,35.93099927,-80.54496571,37059.0,21,22,2,0,20,22,42733,1,0,0,1,0
2020-04-15,US,North Carolina,Duplin,23,0,0,34.93449805,-77.93140529,37061.0,23,19,0,0,19,15,58856,4,0,0,4,4
2020-04-15,US,North Carolina,Durham,349,2,0,36.03638492,-78.87608331,37063.0,347,324,1,0,323,290,316739,25,1,0,24,34
2020-04-15,US,North Carolina,Edgecombe,36,1,0,35.91230639,-77.59436892,37065.0,35,31,1,0,30,26,52005,5,0,0,5,5
2020-04-15,US,North Carolina,Forsyth,125,4,0,36.12859861,-80.25459052,37067.0,121,121,4,0,117,117,379099,4,0,0,4,4
2020-04-15,US,North Carolina,Franklin,67,3,0,36.081519,-78.28708884,37069.0,64,67,2,0,65,67,67560,0,1,0,-1,0
2020-04-15,US,North Carolina,Gaston,91,3,0,35.29373559,-81.17477045,37071.0,88,86,3,0,83,86,222846,5,0,0,5,0
2020-04-15,US,North Carolina,Gates,4,0,0,36.44667547,-76.69749701,37073.0,4,4,0,0,4,4,11573,0,0,0,0,0
2020-04-15,US,North Carolina,Granville,99,1,0,36.30337451,-78.65184241,37077.0,98,97,1,0,96,93,60115,2,0,0,2,4
2020-04-15,US,North Carolina,Greene,16,0,0,35.48544173,-77.67578087,37079.0,16,13,0,0,13,12,21012,3,0,0,3,1
2020-04-15,US,North Carolina,Guilford,151,10,0,36.07959451,-79.78824948,37081.0,141,138,10,0,128,138,533670,13,0,0,13,0
2020-04-15,US,North Carolina,Halifax,30,1,0,36.25669272,-77.6556109,37083.0,29,25,1,0,24,22,50574,5,0,0,5,3
2020-04-15,US,North Carolina,Harnett,53,2,0,35.36731853,-78.87243571,37085.0,51,49,2,0,47,45,134214,4,0,0,4,4
2020-04-15,US,North Carolina,Haywood,4,0,0,35.55269063,-82.98196486,37087.0,4,3,0,0,3,3,61971,1,0,0,1,0
2020-04-15,US,North Carolina,Henderson,99,7,0,35.33788927,-82.4766782,37089.0,92,99,6,0,93,97,116748,0,1,0,-1,2
2020-04-15,US,North Carolina,Hertford,4,1,0,36.3607755,-76.98104134,37091.0,3,4,1,0,3,4,23659,0,0,0,0,0
2020-04-15,US,North Carolina,Hoke,22,0,0,35.01888303,-79.23651674,37093.0,22,20,0,0,20,18,54764,2,0,0,2,2
2020-04-15,US,North Carolina,Iredell,72,2,0,35.80950511,-80.8743128,37097.0,70,71,2,0,69,71,178435,1,0,0,1,0
2020-04-15,US,North Carolina,Jackson,4,0,0,35.28814273,-83.14093385,37099.0,4,2,0,0,2,2,43327,2,0,0,2,0
2020-04-15,US,North Carolina,Johnston,107,8,0,35.51745004,-78.36622717,37101.0,99,104,4,0,100,101,202675,3,4,0,-1,3
2020-04-15,US,North Carolina,Jones,9,1,0,35.02254606,-77.35870791,37103.0,8,7,1,0,6,7,9637,2,0,0,2,0
2020-04-15,US,North Carolina,Lee,16,0,0,35.47623147,-79.17569362,37105.0,16,15,0,0,15,15,61452,1,0,0,1,0
2020-04-15,US,North Carolina,Lenoir,15,0,0,35.24032589999999,-77.64245615,37107.0,15,15,0,0,15,15,55976,0,0,0,0,0
2020-04-15,US,North Carolina,Lincoln,15,0,0,35.48508185,-81.21740317,37109.0,15,15,0,0,15,15,83770,0,0,0,0,0
2020-04-15,US,North Carolina,Macon,2,1,0,35.14867843,-83.41696617,37113.0,1,2,1,0,1,2,35285,0,0,0,0,0
2020-04-15,US,North Carolina,Martin,7,0,0,35.84326734,-77.10860251,37117.0,7,7,0,0,7,6,22671,0,0,0,0,1
2020-04-15,US,North Carolina,McDowell,20,0,0,35.67736232,-82.0482425,37111.0,20,18,0,0,18,16,45507,2,0,0,2,2
2020-04-15,US,North Carolina,Mecklenburg,1015,16,0,35.24469268,-80.8317671,37119.0,999,993,15,0,978,970,1093901,22,1,0,21,23
2020-04-15,US,North Carolina,Mitchell,4,0,0,36.01059309,-82.1582442,37121.0,4,4,0,0,4,4,15000,0,0,0,0,0
2020-04-15,US,North Carolina,Montgomery,16,1,0,35.33155144,-79.90416657,37123.0,15,15,1,0,14,13,27271,1,0,0,1,2
2020-04-15,US,North Carolina,Moore,88,3,0,35.30885257,-79.48474178,37125.0,85,84,2,0,82,84,98682,4,1,0,3,0
2020-04-15,US,North Carolina,Nash,42,1,0,35.96575634,-77.98422508,37127.0,41,39,1,0,38,36,94016,3,0,0,3,3
2020-04-15,US,North Carolina,New Hanover,63,1,0,34.25758282,-77.87075626,37129.0,62,62,1,0,61,61,232274,1,0,0,1,1
2020-04-15,US,North Carolina,Northampton,69,1,0,36.41736238,-77.39769443,37131.0,68,65,1,0,64,62,19676,4,0,0,4,3
2020-04-15,US,North Carolina,Onslow,36,1,0,34.72607366,-77.42908179,37133.0,35,35,1,0,34,34,197683,1,0,0,1,1
2020-04-15,US,North Carolina,Orange,159,2,0,36.06092947,-79.12167935,37135.0,157,155,2,0,153,151,146027,4,0,0,4,4
2020-04-15,US,North Carolina,Pamlico,6,0,0,35.15253315,-76.66559823,37137.0,6,6,0,0,6,6,12670,0,0,0,0,0
2020-04-15,US,North Carolina,Pasquotank,15,0,0,36.26723798,-76.25134778,37139.0,15,15,0,0,15,15,39639,0,0,0,0,0
2020-04-15,US,North Carolina,Pender,5,0,0,34.52265624,-77.90352133,37141.0,5,5,0,0,5,5,62162,0,0,0,0,0
2020-04-15,US,North Carolina,Perquimans,12,0,0,36.17847453,-76.40603143,37143.0,12,8,0,0,8,4,13422,4,0,0,4,4
2020-04-15,US,North Carolina,Person,13,0,0,36.38989032,-78.97217358,37145.0,13,11,0,0,11,8,39507,2,0,0,2,3
2020-04-15,US,North Carolina,Pitt,72,1,0,35.59535426,-77.37353178,37147.0,71,69,1,0,68,65,179914,3,0,0,3,4
2020-04-15,US,North Carolina,Polk,9,0,0,35.27820615,-82.16812354,37149.0,9,9,0,0,9,9,20611,0,0,0,0,0
2020-04-15,US,North Carolina,Randolph,60,2,0,35.71015088,-79.80570339,37151.0,58,55,2,0,53,53,143351,5,0,0,5,2
2020-04-15,US,North Carolina,Richmond,14,1,0,35.00417719,-79.74491009,37153.0,13,12,1,0,11,10,44887,2,0,0,2,2
2020-04-15,US,North Carolina,Robeson,11,0,0,34.64244496,-79.10250529999998,37155.0,11,11,0,0,11,11,131831,0,0,0,0,0
2020-04-15,US,North Carolina,Rockingham,18,2,0,36.39593137,-79.77504841,37157.0,16,16,2,0,14,14,90690,2,0,0,2,2
2020-04-15,US,North Carolina,Rowan,216,7,0,35.64003916,-80.52446628,37159.0,209,204,3,0,201,204,141262,12,4,0,8,0
2020-04-15,US,North Carolina,Rutherford,47,2,0,35.40114178,-81.92112099,37161.0,45,45,2,0,43,40,66826,2,0,0,2,5
2020-04-15,US,North Carolina,Sampson,17,0,0,34.98820368,-78.36914061,37163.0,17,13,0,0,13,13,63626,4,0,0,4,0
2020-04-15,US,North Carolina,Scotland,9,0,0,34.8386299,-79.4757978,37165.0,9,9,0,0,9,9,34810,0,0,0,0,0
2020-04-15,US,North Carolina,Stanly,17,2,0,35.31647813,-80.25093221,37167.0,15,17,2,0,15,17,62075,0,0,0,0,0
2020-04-15,US,North Carolina,Stokes,10,0,0,36.4017975,-80.23893369,37169.0,10,10,0,0,10,10,45467,0,0,0,0,0
2020-04-15,US,North Carolina,Surry,10,0,0,36.41689489,-80.69102283,37171.0,10,10,0,0,10,10,71948,0,0,0,0,0
2020-04-15,US,North Carolina,Transylvania,6,0,0,35.20383864,-82.79638423,37175.0,6,6,0,0,6,6,34215,0,0,0,0,0
2020-04-15,US,North Carolina,Tyrrell,3,0,0,35.87147226,-76.17055253,37177.0,3,2,0,0,2,,4131,1,0,0,1,
2020-04-15,US,North Carolina,Union,115,3,0,34.98960527,-80.52955873,37179.0,112,110,3,0,107,104,235908,5,0,0,5,6
2020-04-15,US,North Carolina,Vance,22,0,0,36.36880673,-78.40670845,37181.0,22,21,0,0,21,19,44582,1,0,0,1,2
2020-04-15,US,North Carolina,Wake,537,1,0,35.78879266,-78.65249174,37183.0,536,501,0,0,501,476,1092305,36,1,0,35,25
2020-04-15,US,North Carolina,Warren,3,0,0,36.39728256,-78.10652228,37185.0,3,3,0,0,3,3,19807,0,0,0,0,0
2020-04-15,US,North Carolina,Washington,18,2,0,35.83810081,-76.57299037,37187.0,16,18,2,0,16,17,11859,0,0,0,0,1
2020-04-15,US,North Carolina,Watauga,8,0,0,36.23103603,-81.70033724,37189.0,8,8,0,0,8,8,55945,0,0,0,0,0
2020-04-15,US,North Carolina,Wayne,87,2,0,35.36438125,-78.00027268,37191.0,85,78,2,0,76,72,123248,9,0,0,9,6
2020-04-15,US,North Carolina,Wilkes,4,1,0,36.2084135,-81.16232895,37193.0,3,4,1,0,3,4,68557,0,0,0,0,0
2020-04-15,US,North Carolina,Wilson,79,3,0,35.70625477,-77.917978,37195.0,76,74,3,0,71,70,81455,5,0,0,5,4
2020-04-15,US,North Carolina,Yadkin,11,1,0,36.16222629,-80.66239436,37197.0,10,14,1,0,13,14,37543,-3,0,0,-3,0
2020-04-15,US,North Dakota,Barnes,2,0,0,46.93579637,-98.06605978,38003.0,2,2,0,0,2,2,10542,0,0,0,0,0
2020-04-15,US,North Dakota,Bowman,1,0,0,46.11285362,-103.5203343,38011.0,1,1,0,0,1,1,3076,0,0,0,0,0
2020-04-15,US,North Dakota,Burke,2,0,0,48.79094471,-102.5182117,38013.0,2,2,0,0,2,2,2100,0,0,0,0,0
2020-04-15,US,North Dakota,Burleigh,52,0,0,46.97847375,-100.4645214,38015.0,52,52,0,0,52,51,95273,0,0,0,0,1
2020-04-15,US,North Dakota,Cass,135,2,0,46.93201724,-97.2444719,38017.0,133,123,2,0,121,116,181516,12,0,0,12,7
2020-04-15,US,North Dakota,Divide,1,0,0,48.814938700000006,-103.4873611,38023.0,1,1,0,0,1,1,2283,0,0,0,0,0
2020-04-15,US,North Dakota,Dunn,3,0,0,47.35423935,-102.6160468,38025.0,3,3,0,0,3,3,4332,0,0,0,0,0
2020-04-15,US,North Dakota,Eddy,1,0,0,47.71701474,-98.90432337,38027.0,1,1,0,0,1,1,2313,0,0,0,0,0
2020-04-15,US,North Dakota,Emmons,1,1,0,46.28398398,-100.2389766,38029.0,0,1,1,0,0,1,3295,0,0,0,0,0
2020-04-15,US,North Dakota,Foster,1,0,0,47.4571084,-98.88279923,38031.0,1,1,0,0,1,1,3216,0,0,0,0,0
2020-04-15,US,North Dakota,Grand Forks,20,0,0,47.92093639,-97.45450447,38035.0,20,12,0,0,12,11,70770,8,0,0,8,1
2020-04-15,US,North Dakota,Grant,1,0,0,46.35821257,-101.6390013,38037.0,1,1,0,0,1,1,2374,0,0,0,0,0
2020-04-15,US,North Dakota,McHenry,1,1,0,48.23104458,-100.6324822,38049.0,0,1,1,0,0,1,5816,0,0,0,0,0
2020-04-15,US,North Dakota,McIntosh,1,0,0,46.11182017,-99.44145858,38051.0,1,1,0,0,1,1,2585,0,0,0,0,0
2020-04-15,US,North Dakota,McKenzie,9,0,0,47.74133370000001,-103.395905,38053.0,9,8,0,0,8,8,13632,1,0,0,1,0
2020-04-15,US,North Dakota,McLean,3,0,0,47.60766714,-101.3182418,38055.0,3,2,0,0,2,2,9541,1,0,0,1,0
2020-04-15,US,North Dakota,Morton,21,2,0,46.71681782,-101.2822377,38059.0,19,21,1,0,20,20,31095,0,1,0,-1,1
2020-04-15,US,North Dakota,Mountrail,29,0,0,48.20197971,-102.3555315,38061.0,29,27,0,0,27,27,10218,2,0,0,2,0
2020-04-15,US,North Dakota,Oliver,1,0,0,47.11530482,-101.3406158,38065.0,1,1,0,0,1,1,1952,0,0,0,0,0
2020-04-15,US,North Dakota,Pierce,2,0,0,48.24977025,-99.96407787,38069.0,2,2,0,0,2,2,4081,0,0,0,0,0
2020-04-15,US,North Dakota,Ramsey,3,0,0,48.26886249,-98.72223879,38071.0,3,3,0,0,3,3,11481,0,0,0,0,0
2020-04-15,US,North Dakota,Richland,3,0,0,46.26440649,-96.94852979,38077.0,3,3,0,0,3,3,16239,0,0,0,0,0
2020-04-15,US,North Dakota,Rolette,1,0,0,48.77245354,-99.84097493,38079.0,1,1,0,0,1,1,14301,0,0,0,0,0
2020-04-15,US,North Dakota,Sargent,1,0,0,46.10830372,-97.63217159,38081.0,1,1,0,0,1,1,3870,0,0,0,0,0
2020-04-15,US,North Dakota,Sioux,1,0,0,46.11323337,-101.0440149,38085.0,1,1,0,0,1,1,4358,0,0,0,0,0
2020-04-15,US,North Dakota,Slope,3,0,0,46.44737738,-103.4601547,38087.0,3,3,0,0,3,3,763,0,0,0,0,0
2020-04-15,US,North Dakota,Stark,34,2,0,46.80851182,-102.6576326,38089.0,32,34,2,0,32,34,30997,0,0,0,0,0
2020-04-15,US,North Dakota,Stutsman,1,0,0,46.97962541,-98.95637318,38093.0,1,1,0,0,1,1,20917,0,0,0,0,0
2020-04-15,US,North Dakota,Walsh,3,0,0,48.36876964,-97.72574783,38099.0,3,3,0,0,3,3,10667,0,0,0,0,0
2020-04-15,US,North Dakota,Ward,20,1,0,48.22390169,-101.5436763,38101.0,19,20,1,0,19,20,67744,0,0,0,0,0
2020-04-15,US,North Dakota,Williams,8,0,0,48.34522353,-103.4793387,38105.0,8,8,0,0,8,8,35350,0,0,0,0,0
2020-04-15,US,Northern Mariana Islands,Unassigned,7,1,0,0.0,0.0,0.0,6,5,1,0,4,5,,2,0,0,2,0
2020-04-15,US,Ohio,Adams,3,0,0,38.84541072,-83.4718964,39001.0,3,3,0,0,3,3,27724,0,0,0,0,0
2020-04-15,US,Ohio,Allen,51,4,0,40.77285242,-84.10802343,39003.0,47,46,4,0,42,37,102663,5,0,0,5,9
2020-04-15,US,Ohio,Ashland,6,0,0,40.84772277,-82.27280781,39005.0,6,5,0,0,5,5,53745,1,0,0,1,0
2020-04-15,US,Ohio,Ashtabula,36,3,0,41.70860332,-80.74830218,39007.0,33,32,2,0,30,31,97493,4,1,0,3,1
2020-04-15,US,Ohio,Athens,3,1,0,39.33425634,-82.04278644,39009.0,2,3,1,0,2,3,65818,0,0,0,0,0
2020-04-15,US,Ohio,Auglaize,18,1,0,40.55998859,-84.22421429999999,39011.0,17,15,1,0,14,14,45804,3,0,0,3,1
2020-04-15,US,Ohio,Belmont,58,3,0,40.01625942,-80.9924051,39013.0,55,57,3,0,54,53,67505,1,0,0,1,4
2020-04-15,US,Ohio,Brown,8,1,0,38.93416837,-83.86788395,39015.0,7,5,1,0,4,5,43602,3,0,0,3,0
2020-04-15,US,Ohio,Butler,133,2,0,39.44012838,-84.57388716,39017.0,131,127,2,0,125,121,382378,6,0,0,6,6
2020-04-15,US,Ohio,Carroll,14,0,0,40.5789686,-81.09178213,39019.0,14,14,0,0,14,14,27081,0,0,0,0,0
2020-04-15,US,Ohio,Champaign,6,1,0,40.13923427,-83.76875242,39021.0,5,6,1,0,5,6,38754,0,0,0,0,0
2020-04-15,US,Ohio,Clark,21,0,0,39.91592258,-83.78498252,39023.0,21,20,0,0,20,20,134585,1,0,0,1,0
2020-04-15,US,Ohio,Clermont,49,1,0,39.04847534,-84.15375786,39025.0,48,44,1,0,43,39,205466,5,0,0,5,5
2020-04-15,US,Ohio,Clinton,23,0,0,39.41485808,-83.80852286,39027.0,23,18,0,0,18,16,42057,5,0,0,5,2
2020-04-15,US,Ohio,Columbiana,123,10,0,40.76932373,-80.78094576,39029.0,113,115,8,0,107,114,102665,8,2,0,6,1
2020-04-15,US,Ohio,Coshocton,16,0,0,40.30096166,-81.91729018,39031.0,16,16,0,0,16,16,36629,0,0,0,0,0
2020-04-15,US,Ohio,Crawford,23,0,0,40.85065156,-82.91989099,39033.0,23,19,0,0,19,17,41550,4,0,0,4,2
2020-04-15,US,Ohio,Cuyahoga,1281,39,0,41.424119,-81.65918339,39035.0,1242,1239,33,0,1206,1197,1243857,42,6,0,36,42
2020-04-15,US,Ohio,Darke,52,10,0,40.13412966,-84.6194517,39037.0,42,50,10,0,40,49,51323,2,0,0,2,1
2020-04-15,US,Ohio,Defiance,12,0,0,41.32398837,-84.49076944,39039.0,12,12,0,0,12,12,38165,0,0,0,0,0
2020-04-15,US,Ohio,Delaware,108,3,0,40.27942393,-83.00457058,39041.0,105,99,2,0,97,96,204826,9,1,0,8,3
2020-04-15,US,Ohio,Erie,16,1,0,41.36796058,-82.62904521,39043.0,15,14,1,0,13,12,74615,2,0,0,2,2
2020-04-15,US,Ohio,Fairfield,92,1,0,39.75107189,-82.63088163,39045.0,91,90,1,0,89,84,155782,2,0,0,2,6
2020-04-15,US,Ohio,Fayette,12,0,0,39.56021306,-83.4562016,39047.0,12,12,0,0,12,10,28666,0,0,0,0,2
2020-04-15,US,Ohio,Franklin,1102,19,0,39.96995815,-83.01115755,39049.0,1083,1053,18,0,1035,1012,1310300,49,1,0,48,41
2020-04-15,US,Ohio,Fulton,8,0,0,41.60213491,-84.12571393,39051.0,8,7,0,0,7,7,42276,1,0,0,1,0
2020-04-15,US,Ohio,Gallia,8,1,0,38.82708533,-82.31647569,39053.0,7,8,1,0,7,8,29979,0,0,0,0,0
2020-04-15,US,Ohio,Geauga,82,4,0,41.49952319,-81.17935342,39055.0,78,69,3,0,66,68,94031,13,1,0,12,1
2020-04-15,US,Ohio,Greene,31,2,0,39.69116283,-83.89032084,39057.0,29,31,2,0,29,30,167995,0,0,0,0,1
2020-04-15,US,Ohio,Guernsey,10,0,0,40.05026529,-81.49248905,39059.0,10,7,0,0,7,6,39022,3,0,0,3,1
2020-04-15,US,Ohio,Hamilton,594,27,0,39.19673558,-84.54502924,39061.0,567,576,24,0,552,558,816684,18,3,0,15,18
2020-04-15,US,Ohio,Hancock,23,1,0,41.00250487,-83.66838948,39063.0,22,20,1,0,19,19,75930,3,0,0,3,1
2020-04-15,US,Ohio,Hardin,11,0,0,40.66015414,-83.65929931,39065.0,11,11,0,0,11,8,31480,0,0,0,0,3
2020-04-15,US,Ohio,Henry,2,0,0,41.3339642,-84.06830637,39069.0,2,1,0,0,1,1,27086,1,0,0,1,0
2020-04-15,US,Ohio,Highland,7,0,0,39.1839264,-83.60331456,39071.0,7,7,0,0,7,7,43058,0,0,0,0,0
2020-04-15,US,Ohio,Hocking,4,0,0,39.49537927,-82.47991446,39073.0,4,4,0,0,4,2,28385,0,0,0,0,2
2020-04-15,US,Ohio,Holmes,3,0,0,40.56163713,-81.92635677,39075.0,3,3,0,0,3,3,43892,0,0,0,0,0
2020-04-15,US,Ohio,Huron,14,1,0,41.14651175,-82.59867951,39077.0,13,14,1,0,13,14,58504,0,0,0,0,0
2020-04-15,US,Ohio,Jackson,3,0,0,39.01914254,-82.61818559999998,39079.0,3,3,0,0,3,2,32384,0,0,0,0,1
2020-04-15,US,Ohio,Jefferson,24,0,0,40.38614126,-80.76259514,39081.0,24,24,0,0,24,24,65767,0,0,0,0,0
2020-04-15,US,Ohio,Knox,10,1,0,40.39830217,-82.42027563,39083.0,9,10,1,0,9,10,61893,0,0,0,0,0
2020-04-15,US,Ohio,Lake,124,6,0,41.69710807,-81.23676539,39085.0,118,121,6,0,115,117,230514,3,0,0,3,4
2020-04-15,US,Ohio,Lawrence,17,0,0,38.59743452,-82.53466552,39087.0,17,17,0,0,17,17,59866,0,0,0,0,0
2020-04-15,US,Ohio,Licking,88,3,0,40.09136236,-82.48185785,39089.0,85,86,3,0,83,86,175769,2,0,0,2,0
2020-04-15,US,Ohio,Logan,8,0,0,40.38996525,-83.76784341,39091.0,8,8,0,0,8,8,45358,0,0,0,0,0
2020-04-15,US,Ohio,Lorain,203,7,0,41.29553751,-82.15083537,39093.0,196,191,7,0,184,184,309461,12,0,0,12,7
2020-04-15,US,Ohio,Lucas,596,28,0,41.62101218,-83.65468618,39095.0,568,540,25,0,515,514,429899,56,3,0,53,26
2020-04-15,US,Ohio,Madison,24,3,0,39.89381073,-83.40178317,39097.0,21,24,3,0,21,24,44413,0,0,0,0,0
2020-04-15,US,Ohio,Mahoning,486,41,0,41.01631101,-80.77287029,39099.0,445,469,35,0,434,443,229642,17,6,0,11,26
2020-04-15,US,Ohio,Marion,164,0,0,40.58610662,-83.15736305,39101.0,164,110,0,0,110,91,65256,54,0,0,54,19
2020-04-15,US,Ohio,Medina,122,10,0,41.11770589,-81.89986209999998,39103.0,112,116,9,0,107,112,179146,6,1,0,5,4
2020-04-15,US,Ohio,Meigs,2,0,0,39.09224872,-82.0305041,39105.0,2,1,0,0,1,1,23106,1,0,0,1,0
2020-04-15,US,Ohio,Mercer,13,1,0,40.54043046,-84.62912742,39107.0,12,13,1,0,12,13,40959,0,0,0,0,0
2020-04-15,US,Ohio,Miami,125,21,0,40.0543329,-84.22871271,39109.0,104,122,19,0,103,121,106222,3,2,0,1,1
2020-04-15,US,Ohio,Monroe,2,0,0,39.72984936,-81.08464734,39111.0,2,2,0,0,2,2,13790,0,0,0,0,0
2020-04-15,US,Ohio,Montgomery,211,8,0,39.75394919,-84.29050975,39113.0,203,205,8,0,197,201,532331,6,0,0,6,4
2020-04-15,US,Ohio,Morgan,2,0,0,39.62081738,-81.85308173,39115.0,2,2,0,0,2,2,14604,0,0,0,0,0
2020-04-15,US,Ohio,Morrow,14,0,0,40.52363560000001,-82.7892599,39117.0,14,10,0,0,10,9,35112,4,0,0,4,1
2020-04-15,US,Ohio,Muskingum,8,0,0,39.96575964,-81.94363275,39119.0,8,8,0,0,8,8,86183,0,0,0,0,0
2020-04-15,US,Ohio,Noble,3,0,0,39.76818851,-81.45937183,39121.0,3,2,0,0,2,2,14354,1,0,0,1,0
2020-04-15,US,Ohio,Ottawa,12,0,0,41.53781826,-83.0940185,39123.0,12,11,0,0,11,11,40769,1,0,0,1,0
2020-04-15,US,Ohio,Paulding,5,0,0,41.11676341,-84.5801017,39125.0,5,5,0,0,5,5,18760,0,0,0,0,0
2020-04-15,US,Ohio,Perry,8,0,0,39.73508655,-82.23804971,39127.0,8,8,0,0,8,8,36033,0,0,0,0,0
2020-04-15,US,Ohio,Pickaway,172,0,0,39.64170392,-83.0243386,39129.0,172,97,0,0,97,83,58086,75,0,0,75,14
2020-04-15,US,Ohio,Pike,1,0,0,39.07634001,-83.06769584,39131.0,1,1,0,0,1,1,28067,0,0,0,0,0
2020-04-15,US,Ohio,Portage,158,22,0,41.16793482,-81.19735782,39133.0,136,146,20,0,126,144,162927,12,2,0,10,2
2020-04-15,US,Ohio,Preble,20,1,0,39.7420247,-84.64787018,39135.0,19,17,1,0,16,16,40997,3,0,0,3,1
2020-04-15,US,Ohio,Putnam,4,0,0,41.02094889,-84.1336111,39137.0,4,2,0,0,2,1,33780,2,0,0,2,1
2020-04-15,US,Ohio,Richland,44,1,0,40.77180308,-82.53799609999999,39139.0,43,43,1,0,42,43,121099,1,0,0,1,0
2020-04-15,US,Ohio,Ross,21,0,0,39.33705391,-83.06000914,39141.0,21,20,0,0,20,19,76931,1,0,0,1,1
2020-04-15,US,Ohio,Sandusky,13,2,0,41.35624126,-83.137872,39143.0,11,13,2,0,11,12,58799,0,0,0,0,1
2020-04-15,US,Ohio,Scioto,4,0,0,38.80270163,-82.98907345,39145.0,4,4,0,0,4,4,75502,0,0,0,0,0
2020-04-15,US,Ohio,Seneca,11,1,0,41.12351311,-83.12783209,39147.0,10,10,1,0,9,9,55207,1,0,0,1,1
2020-04-15,US,Ohio,Shelby,27,0,0,40.33163494,-84.20258189,39149.0,27,27,0,0,27,27,48627,0,0,0,0,0
2020-04-15,US,Ohio,Stark,176,17,0,40.81482476,-81.36437305,39151.0,159,171,17,0,154,167,371574,5,0,0,5,4
2020-04-15,US,Ohio,Summit,294,15,0,41.12464734,-81.53123079,39153.0,279,273,15,0,258,262,541918,21,0,0,21,11
2020-04-15,US,Ohio,Trumbull,199,13,0,41.31735028,-80.76109643,39155.0,186,187,13,0,174,174,198627,12,0,0,12,13
2020-04-15,US,Ohio,Tuscarawas,28,0,0,40.44214695,-81.47226262,39157.0,28,28,0,0,28,28,92176,0,0,0,0,0
2020-04-15,US,Ohio,Union,11,0,0,40.30016061,-83.37239023,39159.0,11,11,0,0,11,11,57835,0,0,0,0,0
2020-04-15,US,Ohio,Van Wert,2,0,0,40.8554138,-84.59111700000003,39161.0,2,2,0,0,2,2,28281,0,0,0,0,0
2020-04-15,US,Ohio,Warren,85,3,0,39.42581994,-84.16557457,39165.0,82,78,3,0,75,76,232173,7,0,0,7,2
2020-04-15,US,Ohio,Washington,47,4,0,39.45690571,-81.49121382,39167.0,43,44,2,0,42,41,60155,3,2,0,1,3
2020-04-15,US,Ohio,Wayne,56,10,0,40.82925852,-81.88844833,39169.0,46,54,5,0,49,54,115967,2,5,0,-3,0
2020-04-15,US,Ohio,Williams,6,1,0,41.56052014,-84.58429552,39171.0,5,3,0,0,3,3,36804,3,1,0,2,0
2020-04-15,US,Ohio,Wood,64,5,0,41.36224827,-83.62285108,39173.0,59,61,4,0,57,54,130696,3,1,0,2,7
2020-04-15,US,Ohio,Wyandot,14,2,0,40.84339621,-83.30734173,39175.0,12,13,2,0,11,12,21935,1,0,0,1,1
2020-04-15,US,Oklahoma,Adair,29,3,0,35.88494195,-94.65859267,40001.0,26,28,2,0,26,27,22082,1,1,0,0,1
2020-04-15,US,Oklahoma,Alfalfa,1,0,0,36.73090616,-98.32408495,40003.0,1,1,0,0,1,1,5754,0,0,0,0,0
2020-04-15,US,Oklahoma,Atoka,1,0,0,34.37366573,-96.03802487,40005.0,1,1,0,0,1,1,13838,0,0,0,0,0
2020-04-15,US,Oklahoma,Beaver,1,0,0,36.7496847,-100.4758872,40007.0,1,1,0,0,1,1,5319,0,0,0,0,0
2020-04-15,US,Oklahoma,Beckham,2,0,0,35.26862449,-99.68128023,40009.0,2,1,0,0,1,1,21709,1,0,0,1,0
2020-04-15,US,Oklahoma,Bryan,5,0,0,33.96472458,-96.25903472,40013.0,5,4,0,0,4,4,47192,1,0,0,1,0
2020-04-15,US,Oklahoma,Caddo,35,1,0,35.17364557,-98.37534464,40015.0,34,10,0,0,10,9,28977,25,1,0,24,1
2020-04-15,US,Oklahoma,Canadian,63,3,0,35.5426055,-97.98465569,40017.0,60,62,3,0,59,57,144447,1,0,0,1,5
2020-04-15,US,Oklahoma,Carter,1,0,0,34.25103751,-97.28552485,40019.0,1,1,0,0,1,1,48177,0,0,0,0,0
2020-04-15,US,Oklahoma,Cherokee,21,1,0,35.90692775,-94.99980896,40021.0,20,20,1,0,19,20,48675,1,0,0,1,0
2020-04-15,US,Oklahoma,Choctaw,3,0,0,34.02807439,-95.54771129,40023.0,3,3,0,0,3,2,14668,0,0,0,0,1
2020-04-15,US,Oklahoma,Cleveland,294,18,0,35.20413532,-97.32519562,40027.0,276,277,17,0,260,267,281669,17,1,0,16,10
2020-04-15,US,Oklahoma,Comanche,52,0,0,34.65973764,-98.47195055,40031.0,52,52,0,0,52,51,120422,0,0,0,0,1
2020-04-15,US,Oklahoma,Cotton,5,0,0,34.28845626,-98.37053567,40033.0,5,5,0,0,5,5,5776,0,0,0,0,0
2020-04-15,US,Oklahoma,Craig,8,0,0,36.76268118,-95.20916602,40035.0,8,9,0,0,9,7,14306,-1,0,0,-1,2
2020-04-15,US,Oklahoma,Creek,57,3,0,35.90230551,-96.37086028,40037.0,54,60,3,0,57,56,71604,-3,0,0,-3,4
2020-04-15,US,Oklahoma,Custer,7,0,0,35.63853802,-99.00170785,40039.0,7,7,0,0,7,6,29036,0,0,0,0,1
2020-04-15,US,Oklahoma,Delaware,72,0,0,36.40823634,-94.80325046,40041.0,72,71,0,0,71,63,42733,1,0,0,1,8
2020-04-15,US,Oklahoma,Dewey,2,0,0,35.98772922,-99.00730714,40043.0,2,1,0,0,1,1,4894,1,0,0,1,0
2020-04-15,US,Oklahoma,Garfield,7,1,0,36.3791334,-97.78265517,40047.0,6,7,1,0,6,7,60913,0,0,0,0,0
2020-04-15,US,Oklahoma,Garvin,10,0,0,34.70418038,-97.30811132,40049.0,10,10,0,0,10,11,27811,0,0,0,0,-1
2020-04-15,US,Oklahoma,Grady,14,1,0,35.0167709,-97.88339847,40051.0,13,12,0,0,12,11,55551,2,1,0,1,1
2020-04-15,US,Oklahoma,Grant,2,0,0,36.796297,-97.78638765,40053.0,2,2,0,0,2,2,4326,0,0,0,0,0
2020-04-15,US,Oklahoma,Greer,50,4,0,34.93535801,-99.5605612,40055.0,46,49,4,0,45,50,5821,1,0,0,1,-1
2020-04-15,US,Oklahoma,Jackson,6,0,0,34.58781741,-99.41138784,40065.0,6,7,0,0,7,7,24949,-1,0,0,-1,0
2020-04-15,US,Oklahoma,Jefferson,1,0,0,34.11130184,-97.83182974,40067.0,1,1,0,0,1,1,6123,0,0,0,0,0
2020-04-15,US,Oklahoma,Johnston,2,0,0,34.31440473,-96.66011537,40069.0,2,2,0,0,2,,10949,0,0,0,0,
2020-04-15,US,Oklahoma,Kay,45,4,0,36.81799745,-97.14421435,40071.0,41,45,4,0,41,45,44161,0,0,0,0,0
2020-04-15,US,Oklahoma,Kingfisher,6,0,0,35.94530008,-97.94193268,40073.0,6,6,0,0,6,6,15816,0,0,0,0,0
2020-04-15,US,Oklahoma,Kiowa,2,0,0,34.91671958,-98.97720696,40075.0,2,2,0,0,2,2,8729,0,0,0,0,0
2020-04-15,US,Oklahoma,Latimer,4,1,0,34.87844729,-95.25215049,40077.0,3,4,1,0,3,4,10231,0,0,0,0,0
2020-04-15,US,Oklahoma,Le Flore,4,0,0,34.89851864,-94.70392124,40079.0,4,3,0,0,3,3,49980,1,0,0,1,0
2020-04-15,US,Oklahoma,Lincoln,10,0,0,35.70270942,-96.8812462,40081.0,10,10,0,0,10,10,34920,0,0,0,0,0
2020-04-15,US,Oklahoma,Logan,7,0,0,35.91899576,-97.44352845,40083.0,7,7,0,0,7,7,47291,0,0,0,0,0
2020-04-15,US,Oklahoma,Love,2,0,0,33.95273467,-97.23906784,40085.0,2,2,0,0,2,2,10134,0,0,0,0,0
2020-04-15,US,Oklahoma,Major,2,1,0,36.31149996,-98.53467076,40093.0,1,2,1,0,1,1,7644,0,0,0,0,1
2020-04-15,US,Oklahoma,Marshall,1,0,0,34.02311222,-96.76855464,40095.0,1,1,0,0,1,1,16806,0,0,0,0,0
2020-04-15,US,Oklahoma,Mayes,16,3,0,36.30179091,-95.23175116,40097.0,13,14,3,0,11,15,41107,2,0,0,2,-1
2020-04-15,US,Oklahoma,McClain,19,0,0,35.01123903,-97.44572302,40087.0,19,18,0,0,18,19,39985,1,0,0,1,-1
2020-04-15,US,Oklahoma,McCurtain,7,0,0,34.11664328,-94.77222373,40089.0,7,6,0,0,6,6,32703,1,0,0,1,0
2020-04-15,US,Oklahoma,McIntosh,1,0,0,35.37235506,-95.66599306,40091.0,1,1,0,0,1,1,19815,0,0,0,0,0
2020-04-15,US,Oklahoma,Muskogee,26,2,0,35.61318461,-95.37802952,40101.0,24,25,2,0,23,22,68362,1,0,0,1,3
2020-04-15,US,Oklahoma,Noble,6,0,0,36.38953329,-97.22928674,40103.0,6,6,0,0,6,6,11289,0,0,0,0,0
2020-04-15,US,Oklahoma,Nowata,11,0,0,36.79843529,-95.61902331,40105.0,11,11,0,0,11,10,10218,0,0,0,0,1
2020-04-15,US,Oklahoma,Okfuskee,1,0,0,35.46485198,-96.32639984,40107.0,1,1,0,0,1,1,12098,0,0,0,0,0
2020-04-15,US,Oklahoma,Oklahoma,483,22,0,35.55140095,-97.40716948,40109.0,461,474,19,0,455,455,792582,9,3,0,6,19
2020-04-15,US,Oklahoma,Okmulgee,14,0,0,35.64661916,-95.96432828,40111.0,14,14,0,0,14,14,38335,0,0,0,0,0
2020-04-15,US,Oklahoma,Osage,61,8,0,36.62888819,-96.39635704,40113.0,53,59,8,0,51,56,47014,2,0,0,2,3
2020-04-15,US,Oklahoma,Ottawa,22,0,0,36.83532655,-94.81011909,40115.0,22,22,0,0,22,23,31175,0,0,0,0,-1
2020-04-15,US,Oklahoma,Pawnee,27,2,0,36.31743373,-96.7033176,40117.0,25,27,2,0,25,27,16390,0,0,0,0,0
2020-04-15,US,Oklahoma,Payne,29,0,0,36.07695283,-96.97584944,40119.0,29,28,0,0,28,29,82040,1,0,0,1,-1
2020-04-15,US,Oklahoma,Pittsburg,13,1,0,34.92065823,-95.7513432,40121.0,12,11,1,0,10,10,43877,2,0,0,2,1
2020-04-15,US,Oklahoma,Pontotoc,10,1,0,34.72959848,-96.68337199,40123.0,9,10,1,0,9,10,38247,0,0,0,0,0
2020-04-15,US,Oklahoma,Pottawatomie,28,3,0,35.20614018,-96.94923008,40125.0,25,28,3,0,25,26,72679,0,0,0,0,2
2020-04-15,US,Oklahoma,Rogers,30,2,0,36.37004357,-95.60406759,40131.0,28,28,1,0,27,25,91984,2,1,0,1,3
2020-04-15,US,Oklahoma,Seminole,7,1,0,35.16478725,-96.61686741,40133.0,6,7,1,0,6,7,24578,0,0,0,0,0
2020-04-15,US,Oklahoma,Sequoyah,10,2,0,35.49447108,-94.75463785,40135.0,8,11,2,0,9,11,41179,-1,0,0,-1,0
2020-04-15,US,Oklahoma,Stephens,15,1,0,34.48556989,-97.85141892,40137.0,14,15,1,0,14,15,43265,0,0,0,0,0
2020-04-15,US,Oklahoma,Texas,9,1,0,36.74777635,-101.4889765,40139.0,8,6,0,0,6,5,20455,3,1,0,2,1
2020-04-15,US,Oklahoma,Tillman,1,0,0,34.37288446,-98.92426619,40141.0,1,1,0,0,1,1,7348,0,0,0,0,0
2020-04-15,US,Oklahoma,Tulsa,362,21,0,36.11939621,-95.94013939,40143.0,341,358,19,0,339,337,648360,4,2,0,2,21
2020-04-15,US,Oklahoma,Wagoner,102,7,0,35.96024096,-95.51911308,40145.0,95,98,5,0,93,73,80110,4,2,0,2,25
2020-04-15,US,Oklahoma,Washington,118,5,0,36.71380786,-95.90514104,40147.0,113,118,3,0,115,114,51843,0,2,0,-2,4
2020-04-15,US,Oklahoma,Woodward,1,0,0,36.42316318,-99.26283045,40153.0,1,1,0,0,1,1,20222,0,0,0,0,0
2020-04-15,US,Oregon,Benton,25,3,0,44.49167306,-123.4316987,41003.0,22,24,3,0,21,23,92101,1,0,0,1,1
2020-04-15,US,Oregon,Clackamas,142,3,0,45.18787398,-122.2179634,41005.0,139,135,3,0,132,132,416075,7,0,0,7,3
2020-04-15,US,Oregon,Clatsop,6,0,0,45.99712889,-123.660711,41007.0,6,6,0,0,6,6,39764,0,0,0,0,0
2020-04-15,US,Oregon,Columbia,14,0,0,45.94464254,-123.0890898,41009.0,14,11,0,0,11,12,52377,3,0,0,3,-1
2020-04-15,US,Oregon,Coos,1,0,0,43.17406868,-124.0594514,41011.0,1,1,0,0,1,1,64389,0,0,0,0,0
2020-04-15,US,Oregon,Crook,1,0,0,44.14230227,-120.356297,41013.0,1,1,0,0,1,1,23867,0,0,0,0,0
2020-04-15,US,Oregon,Curry,3,0,0,42.45911325,-124.157282,41015.0,3,3,0,0,3,3,22813,0,0,0,0,0
2020-04-15,US,Oregon,Deschutes,55,0,0,43.91570171,-121.2289121,41017.0,55,55,0,0,55,54,191996,0,0,0,0,1
2020-04-15,US,Oregon,Douglas,20,0,0,43.27941273,-123.167291,41019.0,20,19,0,0,19,16,110283,1,0,0,1,3
2020-04-15,US,Oregon,Grant,1,0,0,44.49024544,-119.0068631,41023.0,1,1,0,0,1,1,7176,0,0,0,0,0
2020-04-15,US,Oregon,Hood River,4,0,0,45.51872811,-121.65520359999998,41027.0,4,4,0,0,4,4,23428,0,0,0,0,0
2020-04-15,US,Oregon,Jackson,47,0,0,42.43201126,-122.7289309,41029.0,47,47,0,0,47,47,219564,0,0,0,0,0
2020-04-15,US,Oregon,Jefferson,1,0,0,44.62806839,-121.17832,41031.0,1,1,0,0,1,,24192,0,0,0,0,
2020-04-15,US,Oregon,Josephine,19,1,0,42.3665549,-123.5561938,41033.0,18,19,1,0,18,19,87393,0,0,0,0,0
2020-04-15,US,Oregon,Klamath,26,0,0,42.68762984,-121.64964609999998,41035.0,26,26,0,0,26,25,67653,0,0,0,0,1
2020-04-15,US,Oregon,Lane,44,1,0,43.93727035,-122.847753,41039.0,43,42,1,0,41,41,379611,2,0,0,2,1
2020-04-15,US,Oregon,Lincoln,4,0,0,44.64252874,-123.869912,41041.0,4,4,0,0,4,4,49388,0,0,0,0,0
2020-04-15,US,Oregon,Linn,53,4,0,44.48899494,-122.5373154,41043.0,49,52,4,0,48,52,127335,1,0,0,1,0
2020-04-15,US,Oregon,Malheur,4,0,0,43.1937027,-117.6227395,41045.0,4,4,0,0,4,4,30725,0,0,0,0,0
2020-04-15,US,Oregon,Marion,294,10,0,44.90287942,-122.5815117,41047.0,284,289,9,0,280,280,346868,5,1,0,4,9
2020-04-15,US,Oregon,Morrow,5,0,0,45.41846568,-119.584546,41049.0,5,5,0,0,5,5,11372,0,0,0,0,0
2020-04-15,US,Oregon,Multnomah,430,22,0,45.54747959,-122.4169351,41051.0,408,420,20,0,400,398,811880,10,2,0,8,22
2020-04-15,US,Oregon,Polk,30,1,0,44.90322804,-123.4128888,41053.0,29,30,1,0,29,30,85234,0,0,0,0,0
2020-04-15,US,Oregon,Sherman,1,0,0,45.41501554,-120.6827834,41055.0,1,1,0,0,1,1,1708,0,0,0,0,0
2020-04-15,US,Oregon,Tillamook,5,0,0,45.46248721,-123.712066,41057.0,5,5,0,0,5,4,26787,0,0,0,0,1
2020-04-15,US,Oregon,Umatilla,17,0,0,45.59073056,-118.7353826,41059.0,17,16,0,0,16,16,77516,1,0,0,1,0
2020-04-15,US,Oregon,Union,4,0,0,45.30915495,-118.0068979,41061.0,4,4,0,0,4,4,26461,0,0,0,0,0
2020-04-15,US,Oregon,Wallowa,1,0,0,45.57894064,-117.18353799999998,41063.0,1,1,0,0,1,1,7081,0,0,0,0,0
2020-04-15,US,Oregon,Wasco,10,0,0,45.16292781,-121.1670954,41065.0,10,10,0,0,10,10,26505,0,0,0,0,0
2020-04-15,US,Oregon,Washington,364,7,0,45.55972701,-123.0955257,41067.0,357,365,7,0,358,360,597695,-1,0,0,-1,5
2020-04-15,US,Oregon,Yamhill,32,6,0,45.23330449,-123.3086963,41071.0,26,32,6,0,26,30,107002,0,0,0,0,2
2020-04-15,US,Pennsylvania,Adams,64,1,0,39.87140411,-77.21610347,42001.0,63,63,1,0,62,56,102811,1,0,0,1,7
2020-04-15,US,Pennsylvania,Allegheny,904,26,0,40.46809875,-79.98167747,42003.0,878,893,24,0,869,876,1218452,11,2,0,9,17
2020-04-15,US,Pennsylvania,Armstrong,29,1,0,40.81665618,-79.46290811,42005.0,28,28,1,0,27,28,65263,1,0,0,1,0
2020-04-15,US,Pennsylvania,Beaver,158,14,0,40.6825484,-80.34921611,42007.0,144,156,14,0,142,153,164742,2,0,0,2,3
2020-04-15,US,Pennsylvania,Bedford,9,1,0,40.00522157,-78.48998442,42009.0,8,5,1,0,4,5,48176,4,0,0,4,0
2020-04-15,US,Pennsylvania,Berks,1335,28,0,40.41570541,-75.92457766,42011.0,1307,1247,27,0,1220,1150,420152,88,1,0,87,97
2020-04-15,US,Pennsylvania,Blair,12,0,0,40.47961444,-78.34917412,42013.0,12,11,0,0,11,11,122492,1,0,0,1,0
2020-04-15,US,Pennsylvania,Bradford,19,0,0,41.78869215,-76.51570822,42015.0,19,19,0,0,19,19,60833,0,0,0,0,0
2020-04-15,US,Pennsylvania,Bucks,1399,52,0,40.33682119,-75.10836643,42017.0,1347,1273,41,0,1232,1229,628195,126,11,0,115,44
2020-04-15,US,Pennsylvania,Butler,150,5,0,40.91152759,-79.91351055,42019.0,145,143,5,0,138,143,187888,7,0,0,7,0
2020-04-15,US,Pennsylvania,Cambria,14,1,0,40.49527404,-78.71377428,42021.0,13,14,1,0,13,14,131730,0,0,0,0,0
2020-04-15,US,Pennsylvania,Cameron,1,0,0,41.43625568,-78.20376845,42023.0,1,1,0,0,1,1,4492,0,0,0,0,0
2020-04-15,US,Pennsylvania,Carbon,112,6,0,40.91545395,-75.7068525,42025.0,106,103,3,0,100,102,64227,9,3,0,6,1
2020-04-15,US,Pennsylvania,Centre,72,0,0,40.92058903,-77.82200624,42027.0,72,70,0,0,70,70,162805,2,0,0,2,0
2020-04-15,US,Pennsylvania,Chester,675,25,0,39.97291773,-75.74768357,42029.0,650,636,20,0,616,593,522046,39,5,0,34,43
2020-04-15,US,Pennsylvania,Clarion,16,0,0,41.19265812,-79.42413524,42031.0,16,16,0,0,16,16,38779,0,0,0,0,0
2020-04-15,US,Pennsylvania,Clearfield,9,0,0,41.00110782,-78.47592663,42033.0,9,9,0,0,9,9,79388,0,0,0,0,0
2020-04-15,US,Pennsylvania,Clinton,8,0,0,41.23255967,-77.63785995,42035.0,8,8,0,0,8,8,38684,0,0,0,0,0
2020-04-15,US,Pennsylvania,Columbia,131,3,0,41.04821986,-76.40565017,42037.0,128,125,3,0,122,113,65456,6,0,0,6,12
2020-04-15,US,Pennsylvania,Crawford,16,0,0,41.68447709,-80.10760592,42039.0,16,16,0,0,16,16,85063,0,0,0,0,0
2020-04-15,US,Pennsylvania,Cumberland,131,4,0,40.1625372,-77.26130755,42041.0,127,124,4,0,120,122,251423,7,0,0,7,2
2020-04-15,US,Pennsylvania,Dauphin,271,5,0,40.41377078,-76.77993242,42043.0,266,249,5,0,244,240,277097,22,0,0,22,9
2020-04-15,US,Pennsylvania,Delaware,1935,60,0,39.91680171,-75.40243663,42045.0,1875,1851,46,0,1805,1750,564751,84,14,0,70,101
2020-04-15,US,Pennsylvania,Elk,2,0,0,41.42822061,-78.64524744,42047.0,2,2,0,0,2,2,30169,0,0,0,0,0
2020-04-15,US,Pennsylvania,Erie,42,0,0,41.99253829,-80.03301954,42049.0,42,41,0,0,41,39,272061,1,0,0,1,2
2020-04-15,US,Pennsylvania,Fayette,58,3,0,39.92041012,-79.64291195,42051.0,55,58,3,0,55,57,130441,0,0,0,0,1
2020-04-15,US,Pennsylvania,Forest,5,0,0,41.51095103,-79.23229292,42053.0,5,5,0,0,5,5,7279,0,0,0,0,0
2020-04-15,US,Pennsylvania,Franklin,78,0,0,39.92956518,-77.72157791,42055.0,78,69,0,0,69,66,154835,9,0,0,9,3
2020-04-15,US,Pennsylvania,Fulton,2,0,0,39.92913544,-78.11163677,42057.0,2,2,0,0,2,1,14523,0,0,0,0,1
2020-04-15,US,Pennsylvania,Greene,23,0,0,39.85746531,-80.22357106,42059.0,23,23,0,0,23,23,36506,0,0,0,0,0
2020-04-15,US,Pennsylvania,Huntingdon,12,0,0,40.42162652,-77.97673273,42061.0,12,11,0,0,11,11,45168,1,0,0,1,0
2020-04-15,US,Pennsylvania,Indiana,43,1,0,40.65241041,-79.08963285,42063.0,42,43,0,0,43,43,84501,0,1,0,-1,0
2020-04-15,US,Pennsylvania,Jefferson,2,0,0,41.12913106,-78.9986361,42065.0,2,2,0,0,2,2,43641,0,0,0,0,0
2020-04-15,US,Pennsylvania,Juniata,47,0,0,40.53358749,-77.39975129999998,42067.0,47,43,0,0,43,39,24704,4,0,0,4,4
2020-04-15,US,Pennsylvania,Lackawanna,527,26,0,41.43564672,-75.60379201,42069.0,501,501,24,0,477,459,210793,26,2,0,24,42
2020-04-15,US,Pennsylvania,Lancaster,914,69,0,40.03904563,-76.24770128,42071.0,845,865,56,0,809,828,543557,49,13,0,36,37
2020-04-15,US,Pennsylvania,Lawrence,55,5,0,40.99206278,-80.33393706,42073.0,50,51,4,0,47,51,86184,4,1,0,3,0
2020-04-15,US,Pennsylvania,Lebanon,349,2,0,40.36680311,-76.45651841,42075.0,347,328,2,0,326,284,141314,21,0,0,21,44
2020-04-15,US,Pennsylvania,Lehigh,1922,25,0,40.6154815,-75.59435245,42077.0,1897,1803,23,0,1780,1747,368100,119,2,0,117,56
2020-04-15,US,Pennsylvania,Luzerne,1567,27,0,41.17823008,-75.98447579,42079.0,1540,1523,26,0,1497,1446,317646,44,1,0,43,77
2020-04-15,US,Pennsylvania,Lycoming,30,0,0,41.34310539,-77.06629984,42081.0,30,29,0,0,29,28,113664,1,0,0,1,1
2020-04-15,US,Pennsylvania,McKean,4,0,0,41.80938602,-78.56478358,42083.0,4,4,0,0,4,3,40968,0,0,0,0,1
2020-04-15,US,Pennsylvania,Mercer,47,0,0,41.30248872,-80.25816981,42085.0,47,44,0,0,44,43,110683,3,0,0,3,1
2020-04-15,US,Pennsylvania,Mifflin,15,0,0,40.61116939,-77.61070738,42087.0,15,16,0,0,16,17,46222,-1,0,0,-1,-1
2020-04-15,US,Pennsylvania,Monroe,872,28,0,41.05934058,-75.34031025,42089.0,844,847,27,0,820,816,169507,25,1,0,24,31
2020-04-15,US,Pennsylvania,Montgomery,2475,82,0,40.21053671,-75.36652296,42091.0,2393,2354,76,0,2278,2285,828604,121,6,0,115,69
2020-04-15,US,Pennsylvania,Montour,44,0,0,41.03023987,-76.66345939,42093.0,44,44,0,0,44,39,18240,0,0,0,0,5
2020-04-15,US,Pennsylvania,Northampton,1251,25,0,40.75182733,-75.30471829,42095.0,1226,1176,25,0,1151,1130,304807,75,0,0,75,46
2020-04-15,US,Pennsylvania,Northumberland,56,0,0,40.84785433,-76.70798222,42097.0,56,48,0,0,48,40,91083,8,0,0,8,8
2020-04-15,US,Pennsylvania,Perry,17,1,0,40.40206612,-77.26297447,42099.0,16,17,1,0,16,17,46139,0,0,0,0,0
2020-04-15,US,Pennsylvania,Philadelphia,7441,222,0,40.00338507,-75.1379271,42101.0,7219,7130,206,0,6924,6813,1584138,311,16,0,295,317
2020-04-15,US,Pennsylvania,Pike,268,7,0,41.33155042,-75.03208106,42103.0,261,256,6,0,250,221,55933,12,1,0,11,35
2020-04-15,US,Pennsylvania,Potter,4,0,0,41.74471626,-77.89559864,42105.0,4,4,0,0,4,4,16622,0,0,0,0,0
2020-04-15,US,Pennsylvania,Schuylkill,212,3,0,40.70497338,-76.2150785,42107.0,209,200,2,0,198,192,142067,12,1,0,11,8
2020-04-15,US,Pennsylvania,Snyder,24,1,0,40.77129231,-77.06840691,42109.0,23,24,1,0,23,23,40540,0,0,0,0,1
2020-04-15,US,Pennsylvania,Somerset,14,0,0,39.97172723,-79.02699593,42111.0,14,13,0,0,13,13,73952,1,0,0,1,0
2020-04-15,US,Pennsylvania,Sullivan,1,0,0,41.44634738,-76.51246591,42113.0,1,1,0,0,1,1,6071,0,0,0,0,0
2020-04-15,US,Pennsylvania,Susquehanna,40,1,0,41.82147784,-75.80071959,42115.0,39,32,1,0,31,31,40589,8,0,0,8,1
2020-04-15,US,Pennsylvania,Tioga,13,1,0,41.77255149,-77.25433032,42117.0,12,13,1,0,12,14,40763,0,0,0,0,-1
2020-04-15,US,Pennsylvania,Union,23,0,0,40.96188846,-77.05996014,42119.0,23,23,0,0,23,21,44785,0,0,0,0,2
2020-04-15,US,Pennsylvania,Venango,6,0,0,41.40323442,-79.75845449,42121.0,6,6,0,0,6,6,51266,0,0,0,0,0
2020-04-15,US,Pennsylvania,Warren,1,0,0,41.81304978,-79.26969577,42123.0,1,1,0,0,1,1,39498,0,0,0,0,0
2020-04-15,US,Pennsylvania,Washington,71,1,0,40.19208869,-80.24582867,42125.0,70,70,1,0,69,69,207346,1,0,0,1,1
2020-04-15,US,Pennsylvania,Wayne,75,2,0,41.64938475,-75.29956506,42127.0,73,70,1,0,69,67,51276,5,1,0,4,3
2020-04-15,US,Pennsylvania,Westmoreland,237,11,0,40.31377979999999,-79.46615476,42129.0,226,231,6,0,225,228,350611,6,5,0,1,3
2020-04-15,US,Pennsylvania,Wyoming,13,0,0,41.51955538,-76.01074915,42131.0,13,11,0,0,11,12,27046,2,0,0,2,-1
2020-04-15,US,Pennsylvania,York,381,4,0,39.9210089,-76.73040131,42133.0,377,371,3,0,368,331,448273,10,1,0,9,40
2020-04-15,US,Rhode Island,Bristol,49,0,0,41.71018079,-71.28652315,44001.0,49,39,0,0,39,39,48649,10,0,0,10,0
2020-04-15,US,Rhode Island,Kent,244,0,0,41.67106337,-71.57641596,44003.0,244,169,0,0,169,169,163861,75,0,0,75,0
2020-04-15,US,Rhode Island,Newport,93,0,0,41.5642026,-71.26569799,44005.0,93,74,0,0,74,74,82542,19,0,0,19,0
2020-04-15,US,Rhode Island,Providence,1957,3,0,41.87064746,-71.57753536,44007.0,1954,1278,3,0,1275,1278,636084,679,0,0,679,0
2020-04-15,US,Rhode Island,Unassigned,756,77,0,0.0,0.0,90044.0,679,1551,77,0,1474,965,,-795,0,0,-795,586
2020-04-15,US,Rhode Island,Washington,152,0,0,41.45961631,-71.61435303,44009.0,152,140,0,0,140,140,126179,12,0,0,12,0
2020-04-15,US,South Carolina,Abbeville,10,0,0,34.22333378,-82.46170658,45001.0,10,9,0,0,9,9,24541,1,0,0,1,0
2020-04-15,US,South Carolina,Aiken,60,3,0,33.54338026,-81.63645384,45003.0,57,60,3,0,57,51,169401,0,0,0,0,9
2020-04-15,US,South Carolina,Allendale,5,0,0,32.98837386,-81.35321066,45005.0,5,5,0,0,5,5,8903,0,0,0,0,0
2020-04-15,US,South Carolina,Anderson,114,5,0,34.51828081,-82.63959517,45007.0,109,111,5,0,106,109,200482,3,0,0,3,2
2020-04-15,US,South Carolina,Bamberg,7,0,0,33.21927586,-81.05659969,45009.0,7,7,0,0,7,7,14275,0,0,0,0,0
2020-04-15,US,South Carolina,Barnwell,5,0,0,33.26679302,-81.43584352,45011.0,5,5,0,0,5,5,21112,0,0,0,0,0
2020-04-15,US,South Carolina,Beaufort,205,7,0,32.39226291,-80.72619758,45013.0,198,198,7,0,191,194,188715,7,0,0,7,4
2020-04-15,US,South Carolina,Berkeley,101,3,0,33.20222596,-79.94654523,45015.0,98,98,3,0,95,90,221091,3,0,0,3,8
2020-04-15,US,South Carolina,Calhoun,5,1,0,33.66926881,-80.77722168,45017.0,4,6,1,0,5,6,14520,-1,0,0,-1,0
2020-04-15,US,South Carolina,Charleston,360,2,0,32.82487866,-79.96512315,45019.0,358,353,2,0,351,351,405905,7,0,0,7,2
2020-04-15,US,South Carolina,Cherokee,8,0,0,35.05122251,-81.61828622,45021.0,8,8,0,0,8,8,57078,0,0,0,0,0
2020-04-15,US,South Carolina,Chester,22,0,0,34.69249168,-81.1583216,45023.0,22,20,0,0,20,20,32251,2,0,0,2,0
2020-04-15,US,South Carolina,Chesterfield,28,0,0,34.64137396,-80.15640140000002,45025.0,28,27,0,0,27,23,45754,1,0,0,1,4
2020-04-15,US,South Carolina,Clarendon,90,6,0,33.66610974,-80.21647898,45027.0,84,89,6,0,83,86,33700,1,0,0,1,3
2020-04-15,US,South Carolina,Colleton,21,1,0,32.87582989,-80.67641292,45029.0,20,18,0,0,18,17,37660,3,1,0,2,1
2020-04-15,US,South Carolina,Darlington,44,0,0,34.33358335,-79.96027485,45031.0,44,44,0,0,44,43,66802,0,0,0,0,1
2020-04-15,US,South Carolina,Dillon,7,0,0,34.39007791,-79.37741872,45033.0,7,5,0,0,5,5,30599,2,0,0,2,0
2020-04-15,US,South Carolina,Dorchester,78,1,0,33.0794369,-80.40502652,45035.0,77,73,1,0,72,73,160647,5,0,0,5,0
2020-04-15,US,South Carolina,Edgefield,10,0,0,33.77221995,-81.96231108,45037.0,10,9,0,0,9,10,27052,1,0,0,1,-1
2020-04-15,US,South Carolina,Fairfield,24,0,0,34.39287073,-81.1195624,45039.0,24,24,0,0,24,23,22402,0,0,0,0,1
2020-04-15,US,South Carolina,Florence,87,7,0,34.02361754,-79.70189312,45041.0,80,82,7,0,75,79,138159,5,0,0,5,3
2020-04-15,US,South Carolina,Georgetown,33,2,0,33.43443342,-79.33202141,45043.0,31,33,1,0,32,31,62249,0,1,0,-1,2
2020-04-15,US,South Carolina,Greenville,400,11,0,34.89502264,-82.37295012,45045.0,389,373,10,0,363,346,514213,27,1,0,26,27
2020-04-15,US,South Carolina,Greenwood,19,0,0,34.15272415,-82.12715789,45047.0,19,18,0,0,18,18,70741,1,0,0,1,0
2020-04-15,US,South Carolina,Hampton,12,0,0,32.77419582,-81.13845571,45049.0,12,11,0,0,11,9,19351,1,0,0,1,2
2020-04-15,US,South Carolina,Horry,150,8,0,33.9212828,-78.99555293,45051.0,142,151,8,0,143,147,344147,-1,0,0,-1,4
2020-04-15,US,South Carolina,Jasper,14,0,0,32.43171982,-81.02487495,45053.0,14,14,0,0,14,12,28971,0,0,0,0,2
2020-04-15,US,South Carolina,Kershaw,187,7,0,34.33988254,-80.58763164,45055.0,180,187,5,0,182,181,65592,0,2,0,-2,6
2020-04-15,US,South Carolina,Lancaster,68,2,0,34.68270843,-80.70513032,45057.0,66,67,1,0,66,66,95380,1,1,0,0,1
2020-04-15,US,South Carolina,Laurens,14,1,0,34.48244419,-82.00490796,45059.0,13,14,1,0,13,14,66994,0,0,0,0,0
2020-04-15,US,South Carolina,Lee,34,3,0,34.16393091,-80.25690731,45061.0,31,33,3,0,30,31,17142,1,0,0,1,2
2020-04-15,US,South Carolina,Lexington,218,8,0,33.89665987,-81.27146426,45063.0,210,208,8,0,200,212,295032,10,0,0,10,-4
2020-04-15,US,South Carolina,Marion,8,1,0,34.07859748,-79.36400756,45067.0,7,8,1,0,7,7,31039,0,0,0,0,1
2020-04-15,US,South Carolina,Marlboro,15,0,0,34.59905577,-79.67561152,45069.0,15,15,0,0,15,15,26398,0,0,0,0,0
2020-04-15,US,South Carolina,McCormick,4,1,0,33.90161443,-82.30794338,45065.0,3,4,1,0,3,3,9410,0,0,0,0,1
2020-04-15,US,South Carolina,Newberry,16,1,0,34.28629098,-81.59935761,45071.0,15,15,1,0,14,13,38520,1,0,0,1,2
2020-04-15,US,South Carolina,Oconee,14,0,0,34.75225169,-83.06742317,45073.0,14,14,0,0,14,14,78374,0,0,0,0,0
2020-04-15,US,South Carolina,Orangeburg,38,0,0,33.4391073,-80.79886287,45075.0,38,38,0,0,38,37,86934,0,0,0,0,1
2020-04-15,US,South Carolina,Pickens,34,0,0,34.88807695,-82.72791551,45077.0,34,34,0,0,34,28,124937,0,0,0,0,6
2020-04-15,US,South Carolina,Richland,548,12,0,34.01791263,-80.90267209,45079.0,536,535,11,0,524,494,414576,13,1,0,12,41
2020-04-15,US,South Carolina,Saluda,8,0,0,34.00795823,-81.72713237,45081.0,8,7,0,0,7,6,20544,1,0,0,1,1
2020-04-15,US,South Carolina,Spartanburg,191,5,0,34.92960077,-81.99225984,45083.0,186,190,4,0,186,174,313888,1,1,0,0,16
2020-04-15,US,South Carolina,Sumter,161,5,0,33.91826534,-80.37942316,45085.0,156,156,4,0,152,148,106512,5,1,0,4,8
2020-04-15,US,South Carolina,Union,23,0,0,34.68835752,-81.61730349,45087.0,23,23,0,0,23,22,27410,0,0,0,0,1
2020-04-15,US,South Carolina,Williamsburg,18,0,0,33.62190129,-79.72767442,45089.0,18,16,0,0,16,15,30606,2,0,0,2,1
2020-04-15,US,South Carolina,York,138,3,0,34.97281497,-81.18085944,45091.0,135,138,3,0,135,134,274118,0,0,0,0,4
2020-04-15,US,South Dakota,Aurora,1,0,0,43.71757685,-98.56050467,46003.0,1,1,0,0,1,1,2801,0,0,0,0,0
2020-04-15,US,South Dakota,Beadle,21,2,0,44.41464384,-98.27858469,46005.0,19,21,2,0,19,21,18883,0,0,0,0,0
2020-04-15,US,South Dakota,Bon Homme,4,0,0,42.98914167,-97.88592746,46009.0,4,4,0,0,4,4,6980,0,0,0,0,0
2020-04-15,US,South Dakota,Brookings,9,0,0,44.36974375,-96.79079945,46011.0,9,9,0,0,9,9,35232,0,0,0,0,0
2020-04-15,US,South Dakota,Brown,15,0,0,45.58994323,-98.35165355,46013.0,15,14,0,0,14,14,39316,1,0,0,1,0
2020-04-15,US,South Dakota,Charles Mix,4,0,0,43.20660134,-98.58856175,46023.0,4,4,0,0,4,4,9338,0,0,0,0,0
2020-04-15,US,South Dakota,Clark,1,0,0,44.85834507,-97.72925109,46025.0,1,1,0,0,1,1,3739,0,0,0,0,0
2020-04-15,US,South Dakota,Clay,5,0,0,42.91296147,-96.97656917,46027.0,5,5,0,0,5,5,14041,0,0,0,0,0
2020-04-15,US,South Dakota,Codington,13,0,0,44.97788119,-97.18827677,46029.0,13,13,0,0,13,12,28015,0,0,0,0,1
2020-04-15,US,South Dakota,Corson,1,0,0,45.70889983,-101.1970473,46031.0,1,1,0,0,1,1,4165,0,0,0,0,0
2020-04-15,US,South Dakota,Davison,3,0,0,43.67490933,-98.14458906,46035.0,3,3,0,0,3,3,19790,0,0,0,0,0
2020-04-15,US,South Dakota,Deuel,1,0,0,44.75994309,-96.66943645,46039.0,1,1,0,0,1,1,4337,0,0,0,0,0
2020-04-15,US,South Dakota,Fall River,1,0,0,43.23929297,-103.5275691,46047.0,1,1,0,0,1,1,6758,0,0,0,0,0
2020-04-15,US,South Dakota,Faulk,1,0,0,45.07082625,-99.14535601,46049.0,1,1,0,0,1,1,2330,0,0,0,0,0
2020-04-15,US,South Dakota,Hamlin,1,0,0,44.67385954,-97.18829593,46057.0,1,1,0,0,1,1,6111,0,0,0,0,0
2020-04-15,US,South Dakota,Hughes,5,0,0,44.39091534,-99.99661148,46065.0,5,5,0,0,5,5,17650,0,0,0,0,0
2020-04-15,US,South Dakota,Hutchinson,2,0,0,43.33449012,-97.75536441,46067.0,2,2,0,0,2,2,7380,0,0,0,0,0
2020-04-15,US,South Dakota,Hyde,1,0,0,44.54747703,-99.48572582,46069.0,1,1,0,0,1,1,1282,0,0,0,0,0
2020-04-15,US,South Dakota,Jerauld,3,0,0,44.06637798,-98.62965972,46073.0,3,3,0,0,3,3,2043,0,0,0,0,0
2020-04-15,US,South Dakota,Lake,2,0,0,44.02193107,-97.12926365,46079.0,2,2,0,0,2,2,13057,0,0,0,0,0
2020-04-15,US,South Dakota,Lawrence,9,0,0,44.35919441,-103.7929428,46081.0,9,9,0,0,9,9,25741,0,0,0,0,0
2020-04-15,US,South Dakota,Lincoln,65,0,0,43.27841182,-96.7203905,46083.0,65,55,0,0,55,50,58807,10,0,0,10,5
2020-04-15,US,South Dakota,Lyman,2,0,0,43.89522709,-99.85201878,46085.0,2,2,0,0,2,2,3821,0,0,0,0,0
2020-04-15,US,South Dakota,Marshall,1,0,0,45.75870838,-97.59855639,46091.0,1,1,0,0,1,1,5112,0,0,0,0,0
2020-04-15,US,South Dakota,McCook,3,1,0,43.6742571,-97.36863144,46087.0,2,2,1,0,1,2,5546,1,0,0,1,0
2020-04-15,US,South Dakota,Meade,1,0,0,44.56676791,-102.7162741,46093.0,1,1,0,0,1,1,28294,0,0,0,0,0
2020-04-15,US,South Dakota,Miner,1,0,0,44.02197882,-97.60992207,46097.0,1,1,0,0,1,1,2213,0,0,0,0,0
2020-04-15,US,South Dakota,Minnehaha,934,2,0,43.67441641,-96.7910885,46099.0,932,768,2,0,766,654,192876,166,0,0,166,114
2020-04-15,US,South Dakota,Oglala Lakota,1,0,0,43.33749164,-102.5555498,46102.0,1,1,0,0,1,1,14309,0,0,0,0,0
2020-04-15,US,South Dakota,Pennington,9,1,0,44.0025835,-102.8240777,46103.0,8,9,1,0,8,9,111729,0,0,0,0,0
2020-04-15,US,South Dakota,Roberts,4,0,0,45.62975048,-96.94672673,46109.0,4,4,0,0,4,4,10447,0,0,0,0,0
2020-04-15,US,South Dakota,Sanborn,3,0,0,44.02351092,-98.0909816,46111.0,3,2,0,0,2,2,2429,1,0,0,1,0
2020-04-15,US,South Dakota,Spink,3,0,0,44.93837606,-98.34626602,46115.0,3,3,0,0,3,3,6495,0,0,0,0,0
2020-04-15,US,South Dakota,Sully,1,0,0,44.71571812,-100.1278092,46119.0,1,1,0,0,1,1,1392,0,0,0,0,0
2020-04-15,US,South Dakota,Todd,1,0,0,43.19338568,-100.7195503,46121.0,1,1,0,0,1,1,10283,0,0,0,0,0
2020-04-15,US,South Dakota,Turner,5,0,0,43.3109081,-97.14865776,46125.0,5,5,0,0,5,5,8424,0,0,0,0,0
2020-04-15,US,South Dakota,Union,4,0,0,42.83112163,-96.6557828,46127.0,4,5,0,0,5,5,15619,-1,0,0,-1,0
2020-04-15,US,South Dakota,Walworth,5,0,0,45.43019636,-100.0307514,46129.0,5,2,0,0,2,2,5587,3,0,0,3,0
2020-04-15,US,South Dakota,Yankton,22,0,0,43.00924485,-97.39467635,46135.0,22,22,0,0,22,22,22869,0,0,0,0,0
2020-04-15,US,Tennessee,Anderson,15,1,0,36.12684348,-84.19965764,47001.0,14,15,1,0,14,15,76482,0,0,0,0,0
2020-04-15,US,Tennessee,Bedford,25,2,0,35.51123746,-86.45549096,47003.0,23,25,2,0,23,23,49038,0,0,0,0,2
2020-04-15,US,Tennessee,Benton,4,0,0,36.07110411,-88.06849355,47005.0,4,4,0,0,4,4,16184,0,0,0,0,0
2020-04-15,US,Tennessee,Bledsoe,8,0,0,35.59942968,-85.20611967,47007.0,8,8,0,0,8,8,14755,0,0,0,0,0
2020-04-15,US,Tennessee,Blount,47,3,0,35.68938198,-83.92847788,47009.0,44,47,3,0,44,46,131349,0,0,0,0,1
2020-04-15,US,Tennessee,Bradley,33,1,0,35.15739424,-84.857186,47011.0,32,33,1,0,32,32,106727,0,0,0,0,1
2020-04-15,US,Tennessee,Campbell,12,0,0,36.40355516,-84.15108559999999,47013.0,12,12,0,0,12,11,39583,0,0,0,0,1
2020-04-15,US,Tennessee,Cannon,7,0,0,35.80990797,-86.05738983,47015.0,7,7,0,0,7,7,14462,0,0,0,0,0
2020-04-15,US,Tennessee,Carroll,12,0,0,35.97366108,-88.45189331,47017.0,12,12,0,0,12,12,28020,0,0,0,0,0
2020-04-15,US,Tennessee,Carter,3,1,0,36.28969086,-82.12588974,47019.0,2,3,1,0,2,3,56351,0,0,0,0,0
2020-04-15,US,Tennessee,Cheatham,19,0,0,36.26136216,-87.08903581,47021.0,19,19,0,0,19,18,40439,0,0,0,0,1
2020-04-15,US,Tennessee,Chester,5,0,0,35.42527478,-88.6095842,47023.0,5,5,0,0,5,5,17276,0,0,0,0,0
2020-04-15,US,Tennessee,Claiborne,5,0,0,36.48319149,-83.65947309,47025.0,5,5,0,0,5,4,31756,0,0,0,0,1
2020-04-15,US,Tennessee,Clay,4,0,0,36.55151008,-85.53930419,47027.0,4,4,0,0,4,4,7717,0,0,0,0,0
2020-04-15,US,Tennessee,Cocke,5,0,0,35.9278914,-83.11828725,47029.0,5,5,0,0,5,5,35774,0,0,0,0,0
2020-04-15,US,Tennessee,Coffee,12,0,0,35.49090731,-86.07311784,47031.0,12,12,0,0,12,11,55700,0,0,0,0,1
2020-04-15,US,Tennessee,Cumberland,51,0,0,35.95271721,-84.99840585,47035.0,51,51,0,0,51,43,59673,0,0,0,0,8
2020-04-15,US,Tennessee,Davidson,1237,18,0,36.17007426,-86.78646056,47037.0,1219,1237,18,0,1219,1207,692587,0,0,0,0,30
2020-04-15,US,Tennessee,DeKalb,10,0,0,35.97616272,-85.83689361,0.0,10,10,0,0,10,10,20138,0,0,0,0,0
2020-04-15,US,Tennessee,Decatur,3,0,0,35.60048904,-88.11043779,47039.0,3,3,0,0,3,3,11706,0,0,0,0,0
2020-04-15,US,Tennessee,Dickson,33,0,0,36.14669837,-87.35891709,47043.0,33,33,0,0,33,30,53446,0,0,0,0,3
2020-04-15,US,Tennessee,Dyer,22,0,0,36.05931946,-89.41542855,47045.0,22,22,0,0,22,22,37320,0,0,0,0,0
2020-04-15,US,Tennessee,Fayette,37,0,0,35.19615831,-89.41399032,47047.0,37,37,0,0,37,36,40507,0,0,0,0,1
2020-04-15,US,Tennessee,Fentress,3,0,0,36.38128818,-84.92870012,47049.0,3,3,0,0,3,2,18217,0,0,0,0,1
2020-04-15,US,Tennessee,Franklin,23,1,0,35.15634626,-86.09201039,47051.0,22,23,1,0,22,21,41890,0,0,0,0,2
2020-04-15,US,Tennessee,Gibson,21,0,0,35.99438059,-88.93358327,47053.0,21,21,0,0,21,20,49045,0,0,0,0,1
2020-04-15,US,Tennessee,Giles,3,0,0,35.20222469,-87.03992678,47055.0,3,3,0,0,3,3,29503,0,0,0,0,0
2020-04-15,US,Tennessee,Grainger,4,0,0,36.27469206,-83.51254721,47057.0,4,4,0,0,4,4,23145,0,0,0,0,0
2020-04-15,US,Tennessee,Greene,27,2,0,36.17470125,-82.84691273,47059.0,25,27,2,0,25,27,69087,0,0,0,0,0
2020-04-15,US,Tennessee,Grundy,23,1,0,35.38433717,-85.72142731,47061.0,22,23,1,0,22,23,13346,0,0,0,0,0
2020-04-15,US,Tennessee,Hamblen,6,1,0,36.21990035,-83.26586179,47063.0,5,6,1,0,5,6,64569,0,0,0,0,0
2020-04-15,US,Tennessee,Hamilton,110,11,0,35.17670231,-85.16652245,47065.0,99,110,11,0,99,109,364286,0,0,0,0,1
2020-04-15,US,Tennessee,Hardeman,7,0,0,35.20772017,-88.99161161,47069.0,7,7,0,0,7,7,25220,0,0,0,0,0
2020-04-15,US,Tennessee,Hardin,2,0,0,35.19732531,-88.18593755,47071.0,2,2,0,0,2,2,25776,0,0,0,0,0
2020-04-15,US,Tennessee,Hawkins,24,2,0,36.44355426,-82.94885298,47073.0,22,24,2,0,22,24,56530,0,0,0,0,0
2020-04-15,US,Tennessee,Haywood,12,1,0,35.58332824,-89.28536625,47075.0,11,12,1,0,11,12,17335,0,0,0,0,0
2020-04-15,US,Tennessee,Henderson,2,0,0,35.65581134,-88.38600175,47077.0,2,2,0,0,2,2,27847,0,0,0,0,0
2020-04-15,US,Tennessee,Henry,8,0,0,36.33160906,-88.30121797,47079.0,8,8,0,0,8,8,32358,0,0,0,0,0
2020-04-15,US,Tennessee,Hickman,2,0,0,35.80609681,-87.47643507,47081.0,2,2,0,0,2,2,25063,0,0,0,0,0
2020-04-15,US,Tennessee,Houston,3,0,0,36.28872054,-87.71878828,47083.0,3,3,0,0,3,3,8263,0,0,0,0,0
2020-04-15,US,Tennessee,Humphreys,4,0,0,36.03958805,-87.77992872,47085.0,4,4,0,0,4,4,18486,0,0,0,0,0
2020-04-15,US,Tennessee,Jackson,7,0,0,36.36380466,-85.67239905,47087.0,7,7,0,0,7,7,11758,0,0,0,0,0
2020-04-15,US,Tennessee,Jefferson,16,0,0,36.04818632,-83.45148924,47089.0,16,16,0,0,16,16,54012,0,0,0,0,0
2020-04-15,US,Tennessee,Johnson,2,0,0,36.45523950000001,-81.84886538,47091.0,2,2,0,0,2,2,17778,0,0,0,0,0
2020-04-15,US,Tennessee,Knox,174,4,0,35.99508821,-83.94635435,47093.0,170,174,4,0,170,173,465289,0,0,0,0,1
2020-04-15,US,Tennessee,Lake,4,0,0,36.34180170000001,-89.48921915,47095.0,4,4,0,0,4,4,7411,0,0,0,0,0
2020-04-15,US,Tennessee,Lauderdale,9,0,0,35.75893438,-89.63015909999999,47097.0,9,9,0,0,9,9,25825,0,0,0,0,0
2020-04-15,US,Tennessee,Lawrence,15,0,0,35.21675201,-87.39787695,47099.0,15,15,0,0,15,13,43734,0,0,0,0,2
2020-04-15,US,Tennessee,Lewis,2,0,0,35.52853208,-87.49022694,47101.0,2,2,0,0,2,2,12086,0,0,0,0,0
2020-04-15,US,Tennessee,Lincoln,9,0,0,35.13738622,-86.58910106,47103.0,9,9,0,0,9,9,34117,0,0,0,0,0
2020-04-15,US,Tennessee,Loudon,17,0,0,35.73939663,-84.31145275,47105.0,17,17,0,0,17,16,53054,0,0,0,0,1
2020-04-15,US,Tennessee,Macon,27,2,0,36.53157855,-86.00778595,47111.0,25,27,2,0,25,26,24265,0,0,0,0,1
2020-04-15,US,Tennessee,Madison,73,0,0,35.61181957,-88.84076036,47113.0,73,73,0,0,73,68,97605,0,0,0,0,5
2020-04-15,US,Tennessee,Marion,26,1,0,35.12997174,-85.62265895,47115.0,25,26,1,0,25,26,28575,0,0,0,0,0
2020-04-15,US,Tennessee,Marshall,9,1,0,35.45798777,-86.76420988,47117.0,8,9,1,0,8,9,33683,0,0,0,0,0
2020-04-15,US,Tennessee,Maury,33,0,0,35.6187413,-87.07462444,47119.0,33,33,0,0,33,33,94340,0,0,0,0,0
2020-04-15,US,Tennessee,McMinn,5,0,0,35.42812616,-84.61520715,47107.0,5,5,0,0,5,5,53285,0,0,0,0,0
2020-04-15,US,Tennessee,McNairy,9,0,0,35.17468549,-88.5647812,47109.0,9,9,0,0,9,9,25832,0,0,0,0,0
2020-04-15,US,Tennessee,Meigs,3,0,0,35.51558739,-84.81482914,47121.0,3,3,0,0,3,3,12306,0,0,0,0,0
2020-04-15,US,Tennessee,Monroe,9,0,0,35.44550387,-84.24902965,47123.0,9,9,0,0,9,8,46357,0,0,0,0,1
2020-04-15,US,Tennessee,Montgomery,102,2,0,36.49609412,-87.38550661,47125.0,100,102,2,0,100,102,205950,0,0,0,0,0
2020-04-15,US,Tennessee,Morgan,6,0,0,36.13248031,-84.64880098,47129.0,6,6,0,0,6,5,21579,0,0,0,0,1
2020-04-15,US,Tennessee,Obion,8,1,0,36.35732446,-89.14921589,47131.0,7,8,1,0,7,8,30267,0,0,0,0,0
2020-04-15,US,Tennessee,Out of TN,260,1,0,0.0,0.0,0.0,259,260,1,0,259,260,,0,0,0,0,0
2020-04-15,US,Tennessee,Overton,5,0,0,36.34117832,-85.28989535,47133.0,5,5,0,0,5,5,22068,0,0,0,0,0
2020-04-15,US,Tennessee,Perry,4,0,0,35.63708728,-87.86139634,47135.0,4,4,0,0,4,4,8064,0,0,0,0,0
2020-04-15,US,Tennessee,Polk,5,0,0,35.12245443,-84.52075859,47139.0,5,5,0,0,5,5,16898,0,0,0,0,0
2020-04-15,US,Tennessee,Putnam,92,0,0,36.14005459,-85.50646123,47141.0,92,92,0,0,92,87,78843,0,0,0,0,5
2020-04-15,US,Tennessee,Roane,5,0,0,35.84923189,-84.52458689,47145.0,5,5,0,0,5,5,53140,0,0,0,0,0
2020-04-15,US,Tennessee,Robertson,88,0,0,36.52454807,-86.87346725,47147.0,88,88,0,0,88,88,71012,0,0,0,0,0
2020-04-15,US,Tennessee,Rutherford,253,6,0,35.84591405,-86.4107263,47149.0,247,253,6,0,247,250,324890,0,0,0,0,3
2020-04-15,US,Tennessee,Scott,10,0,0,36.42325673,-84.50360494,47151.0,10,10,0,0,10,9,22039,0,0,0,0,1
2020-04-15,US,Tennessee,Sequatchie,3,0,0,35.36979721,-85.41022136,47153.0,3,3,0,0,3,3,14876,0,0,0,0,0
2020-04-15,US,Tennessee,Sevier,22,0,0,35.78077323,-83.52244332,47155.0,22,22,0,0,22,22,97892,0,0,0,0,0
2020-04-15,US,Tennessee,Shelby,1359,26,0,35.1864775,-89.89692423,47157.0,1333,1359,26,0,1333,1331,935764,0,0,0,0,28
2020-04-15,US,Tennessee,Smith,10,0,0,36.25359775,-85.95411046,47159.0,10,10,0,0,10,10,19942,0,0,0,0,0
2020-04-15,US,Tennessee,Stewart,4,0,0,36.50235092,-87.83920548,47161.0,4,4,0,0,4,4,13561,0,0,0,0,0
2020-04-15,US,Tennessee,Sullivan,43,1,0,36.51240691,-82.30412917,47163.0,42,43,1,0,42,42,157668,0,0,0,0,1
2020-04-15,US,Tennessee,Sumner,466,27,0,36.46824103,-86.45917204,47165.0,439,466,27,0,439,454,187149,0,0,0,0,12
2020-04-15,US,Tennessee,Tipton,52,0,0,35.501942,-89.73694895,47167.0,52,52,0,0,52,50,61581,0,0,0,0,2
2020-04-15,US,Tennessee,Trousdale,20,1,0,36.39026213,-86.16087954,47169.0,19,20,1,0,19,20,11012,0,0,0,0,0
2020-04-15,US,Tennessee,Unassigned,136,0,0,0.0,0.0,90047.0,136,136,0,0,136,46,,0,0,0,0,90
2020-04-15,US,Tennessee,Unicoi,1,0,0,36.10890856,-82.43709629,47171.0,1,1,0,0,1,1,17761,0,0,0,0,0
2020-04-15,US,Tennessee,Union,3,0,0,36.28590426,-83.83651902,47173.0,3,3,0,0,3,3,19688,0,0,0,0,0
2020-04-15,US,Tennessee,Van Buren,1,0,0,35.69864497,-85.45221699,47175.0,1,1,0,0,1,1,5765,0,0,0,0,0
2020-04-15,US,Tennessee,Warren,4,0,0,35.6728299,-85.77969117,47177.0,4,4,0,0,4,4,40878,0,0,0,0,0
2020-04-15,US,Tennessee,Washington,44,0,0,36.29472368,-82.49454720000001,47179.0,44,44,0,0,44,42,128607,0,0,0,0,2
2020-04-15,US,Tennessee,Wayne,2,0,0,35.23868267,-87.78644456,47181.0,2,2,0,0,2,2,16558,0,0,0,0,0
2020-04-15,US,Tennessee,Weakley,6,0,0,36.29896232,-88.71990865,47183.0,6,6,0,0,6,6,33415,0,0,0,0,0
2020-04-15,US,Tennessee,White,4,0,0,35.92929884,-85.45591799,47185.0,4,4,0,0,4,4,27107,0,0,0,0,0
2020-04-15,US,Tennessee,Williamson,322,5,0,35.89099229,-86.89281867,47187.0,317,322,5,0,317,318,231729,0,0,0,0,4
2020-04-15,US,Tennessee,Wilson,145,1,0,36.15496772,-86.29775884,47189.0,144,145,1,0,144,143,140625,0,0,0,0,2
2020-04-15,US,Texas,Anderson,6,0,0,31.81534745,-95.65354823,48001.0,6,4,0,0,4,3,58057,2,0,0,2,1
2020-04-15,US,Texas,Andrews,13,0,0,32.30468633,-102.6376548,48003.0,13,13,0,0,13,12,18128,0,0,0,0,1
2020-04-15,US,Texas,Angelina,17,0,0,31.25457347,-94.60901487,48005.0,17,18,0,0,18,16,87092,-1,0,0,-1,2
2020-04-15,US,Texas,Aransas,2,0,0,28.10556197,-96.9995047,48007.0,2,2,0,0,2,2,23792,0,0,0,0,0
2020-04-15,US,Texas,Armstrong,1,0,0,34.96507426,-101.3574874,48011.0,1,1,0,0,1,,1892,0,0,0,0,
2020-04-15,US,Texas,Atascosa,9,0,0,28.89333001,-98.52730485,48013.0,9,9,0,0,9,9,50310,0,0,0,0,0
2020-04-15,US,Texas,Austin,12,0,0,29.88548725,-96.27736949,48015.0,12,12,0,0,12,11,29989,0,0,0,0,1
2020-04-15,US,Texas,Bandera,2,0,0,29.74619598,-99.24598147,48019.0,2,2,0,0,2,2,22824,0,0,0,0,0
2020-04-15,US,Texas,Bastrop,32,1,0,30.10370699,-97.31206354,48021.0,31,27,1,0,26,27,86976,5,0,0,5,0
2020-04-15,US,Texas,Bee,3,0,0,28.41761668,-97.74215593,48025.0,3,3,0,0,3,2,32587,0,0,0,0,1
2020-04-15,US,Texas,Bell,110,3,0,31.03736027,-97.4785025,48027.0,107,107,3,0,104,101,355642,3,0,0,3,6
2020-04-15,US,Texas,Bexar,815,33,0,29.44928723,-98.52019748,48029.0,782,794,33,0,761,772,1986049,21,0,0,21,22
2020-04-15,US,Texas,Blanco,4,0,0,30.26640707,-98.3999852,48031.0,4,4,0,0,4,4,11702,0,0,0,0,0
2020-04-15,US,Texas,Bosque,1,0,0,31.89978581,-97.63613524,48035.0,1,,,,,,18691,,,,,
2020-04-15,US,Texas,Bowie,37,1,0,33.44626922,-94.41834132,48037.0,36,32,1,0,31,32,94324,5,0,0,5,0
2020-04-15,US,Texas,Brazoria,259,3,0,29.18757369,-95.44563172,48039.0,256,250,2,0,248,237,370200,9,1,0,8,13
2020-04-15,US,Texas,Brazos,149,13,0,30.663644800000004,-96.30205577,48041.0,136,143,12,0,131,143,226758,6,1,0,5,0
2020-04-15,US,Texas,Brown,11,1,0,31.77430356,-98.99907113,48049.0,10,11,1,0,10,11,37924,0,0,0,0,0
2020-04-15,US,Texas,Burleson,8,0,0,30.49273808,-96.62158484,48051.0,8,6,0,0,6,6,18389,2,0,0,2,0
2020-04-15,US,Texas,Burnet,7,0,0,30.78801353,-98.181887,48053.0,7,6,0,0,6,6,47542,1,0,0,1,0
2020-04-15,US,Texas,Caldwell,6,0,0,29.83668859,-97.61814775,48055.0,6,6,0,0,6,6,43247,0,0,0,0,0
2020-04-15,US,Texas,Calhoun,19,0,0,28.47048236,-96.61633945,48057.0,19,19,0,0,19,15,21561,0,0,0,0,4
2020-04-15,US,Texas,Callahan,1,0,0,32.29760619,-99.37326312,48059.0,1,1,0,0,1,1,13994,0,0,0,0,0
2020-04-15,US,Texas,Cameron,239,3,0,26.14524221,-97.48140372,48061.0,236,216,3,0,213,195,423908,23,0,0,23,21
2020-04-15,US,Texas,Camp,5,0,0,32.97195142,-94.97790104,48063.0,5,5,0,0,5,3,13033,0,0,0,0,2
2020-04-15,US,Texas,Cass,6,0,0,33.07499881,-94.34646905,48067.0,6,5,0,0,5,5,30119,1,0,0,1,0
2020-04-15,US,Texas,Castro,11,1,0,34.53016752,-102.2617243,48069.0,10,11,1,0,10,11,7665,0,0,0,0,0
2020-04-15,US,Texas,Chambers,31,0,0,29.70972016,-94.67154501,48071.0,31,29,0,0,29,29,42454,2,0,0,2,0
2020-04-15,US,Texas,Cherokee,9,1,0,31.837258,-95.16559897,48073.0,8,8,1,0,7,6,52592,1,0,0,1,2
2020-04-15,US,Texas,Clay,3,0,0,33.78686685,-98.20771198,48077.0,3,2,0,0,2,2,10456,1,0,0,1,0
2020-04-15,US,Texas,Collin,477,10,0,33.18820114,-96.57264368,48085.0,467,472,10,0,462,472,1005146,5,0,0,5,0
2020-04-15,US,Texas,Colorado,7,0,0,29.622098,-96.5273805,48089.0,7,7,0,0,7,7,21217,0,0,0,0,0
2020-04-15,US,Texas,Comal,43,6,0,29.80811278,-98.27647225,48091.0,37,38,6,0,32,38,148373,5,0,0,5,0
2020-04-15,US,Texas,Comanche,3,0,0,31.94854689,-98.55876441,48093.0,3,3,0,0,3,3,13534,0,0,0,0,0
2020-04-15,US,Texas,Concho,1,0,0,31.32635934,-99.86473038,48095.0,1,1,0,0,1,1,4276,0,0,0,0,0
2020-04-15,US,Texas,Cooke,2,0,0,33.63979567,-97.21240912,48097.0,2,2,0,0,2,1,40574,0,0,0,0,1
2020-04-15,US,Texas,Coryell,60,0,0,31.39078397,-97.79936155,48099.0,60,34,0,0,34,34,74808,26,0,0,26,0
2020-04-15,US,Texas,Crane,2,0,0,31.43052248,-102.5143314,48103.0,2,2,0,0,2,2,4794,0,0,0,0,0
2020-04-15,US,Texas,Crosby,1,1,0,33.61431553,-101.3000364,48107.0,0,1,0,0,1,1,5779,0,1,0,-1,0
2020-04-15,US,Texas,Dallam,2,0,0,36.27787176,-102.6020725,48111.0,2,2,0,0,2,1,7200,0,0,0,0,1
2020-04-15,US,Texas,Dallas,1986,43,0,32.76670599,-96.7779605,48113.0,1943,1877,42,0,1835,1788,2637772,109,1,0,108,89
2020-04-15,US,Texas,Dawson,8,1,0,32.74255572,-101.9477242,48115.0,7,8,1,0,7,8,12619,0,0,0,0,0
2020-04-15,US,Texas,DeWitt,10,0,0,29.08101855,-97.35681170000001,48123.0,10,,,,,9,20187,,,,,
2020-04-15,US,Texas,Deaf Smith,11,0,0,34.96522957,-102.6054267,48117.0,11,11,0,0,11,8,18760,0,0,0,0,3
2020-04-15,US,Texas,Delta,1,0,0,33.38570922,-95.66921122,48119.0,1,1,0,0,1,1,5349,0,0,0,0,0
2020-04-15,US,Texas,Denton,521,14,0,33.20521901,-97.11691153,48121.0,507,507,13,0,494,507,859064,14,1,0,13,0
2020-04-15,US,Texas,Dickens,1,0,0,33.61616822,-100.7788855,48125.0,1,1,0,0,1,2,2249,0,0,0,0,-1
2020-04-15,US,Texas,Dimmit,1,0,0,28.42270064,-99.75645095,48127.0,1,1,0,0,1,1,10308,0,0,0,0,0
2020-04-15,US,Texas,Donley,22,0,0,34.96517499,-100.8140093,48129.0,22,22,0,0,22,22,3319,0,0,0,0,0
2020-04-15,US,Texas,Duval,1,0,0,27.68184592,-98.50864568,48131.0,1,1,0,0,1,,11212,0,0,0,0,
2020-04-15,US,Texas,Eastland,3,0,0,32.32743996,-98.83243566,48133.0,3,3,0,0,3,3,18322,0,0,0,0,0
2020-04-15,US,Texas,Ector,46,2,0,31.86898877,-102.5429428,48135.0,44,45,2,0,43,43,162124,1,0,0,1,2
2020-04-15,US,Texas,El Paso,346,4,0,31.76980765,-106.2363275,48141.0,342,300,2,0,298,292,840758,46,2,0,44,8
2020-04-15,US,Texas,Ellis,76,3,0,32.34894117,-96.79371841,48139.0,73,72,2,0,70,66,179436,4,1,0,3,6
2020-04-15,US,Texas,Erath,13,1,0,32.23602653,-98.21773417,48143.0,12,13,1,0,12,13,42446,0,0,0,0,0
2020-04-15,US,Texas,Falls,1,0,0,31.25350609,-96.93630086,48145.0,1,1,0,0,1,1,17335,0,0,0,0,0
2020-04-15,US,Texas,Fannin,5,0,0,33.59564294,-96.10751083,48147.0,5,5,0,0,5,5,35286,0,0,0,0,0
2020-04-15,US,Texas,Fayette,12,0,0,29.87788372,-96.92076062,48149.0,12,10,0,0,10,10,25349,2,0,0,2,0
2020-04-15,US,Texas,Floyd,2,0,0,34.07227468,-101.3031546,48153.0,2,1,0,0,1,1,5837,1,0,0,1,0
2020-04-15,US,Texas,Fort Bend,627,15,0,29.52704478,-95.77219463,48157.0,612,543,12,0,531,543,787858,84,3,0,81,0
2020-04-15,US,Texas,Franklin,1,0,0,33.17653242,-95.21917243,48159.0,1,1,0,0,1,1,10766,0,0,0,0,0
2020-04-15,US,Texas,Freestone,1,0,0,31.70422788,-96.15072516,48161.0,1,,,,,,19808,,,,,
2020-04-15,US,Texas,Frio,1,0,0,28.86751206,-99.10804207,48163.0,1,1,0,0,1,1,19816,0,0,0,0,0
2020-04-15,US,Texas,Gaines,2,0,0,32.74055318,-102.6353295,48165.0,2,2,0,0,2,2,20901,0,0,0,0,0
2020-04-15,US,Texas,Galveston,392,11,0,29.40167322,-94.90469073,48167.0,381,377,9,0,368,355,337890,15,2,0,13,22
2020-04-15,US,Texas,Gillespie,1,0,0,30.31824095,-98.94676915,48171.0,1,1,0,0,1,1,26804,0,0,0,0,0
2020-04-15,US,Texas,Goliad,5,0,0,28.65696592,-97.42760647,48175.0,5,4,0,0,4,4,7584,1,0,0,1,0
2020-04-15,US,Texas,Gonzales,2,0,0,29.45634206,-97.49424032,48177.0,2,2,0,0,2,2,20826,0,0,0,0,0
2020-04-15,US,Texas,Gray,13,0,0,35.40081878,-100.8129222,48179.0,13,13,0,0,13,13,21895,0,0,0,0,0
2020-04-15,US,Texas,Grayson,19,0,0,33.62744998,-96.67753461,48181.0,19,17,0,0,17,17,133991,2,0,0,2,0
2020-04-15,US,Texas,Gregg,47,0,0,32.47940482,-94.81591935,48183.0,47,45,0,0,45,40,123707,2,0,0,2,5
2020-04-15,US,Texas,Grimes,7,0,0,30.54579585,-95.98902499,48185.0,7,7,0,0,7,7,28360,0,0,0,0,0
2020-04-15,US,Texas,Guadalupe,50,0,0,29.58165339,-97.94786822,48187.0,50,50,0,0,50,49,163694,0,0,0,0,1
2020-04-15,US,Texas,Hale,11,2,0,34.07044901,-101.8268114,48189.0,9,11,2,0,9,11,33830,0,0,0,0,0
2020-04-15,US,Texas,Hamilton,3,0,0,31.70470573,-98.11083887,48193.0,3,3,0,0,3,3,8484,0,0,0,0,0
2020-04-15,US,Texas,Hansford,1,0,0,36.27743284,-101.3545796,48195.0,1,1,0,0,1,1,5463,0,0,0,0,0
2020-04-15,US,Texas,Hardin,65,2,0,30.33364686,-94.38931817,48199.0,63,61,2,0,59,61,57207,4,0,0,4,0
2020-04-15,US,Texas,Harris,4097,58,0,29.86,-95.39,48201.0,4039,3907,52,0,3855,3744,4698619,190,6,0,184,163
2020-04-15,US,Texas,Harrison,34,2,0,32.54935988,-94.36934071,48203.0,32,31,2,0,29,16,66726,3,0,0,3,15
2020-04-15,US,Texas,Hays,103,1,0,30.05669873,-98.02944344,48209.0,102,93,1,0,92,82,222631,10,0,0,10,11
2020-04-15,US,Texas,Hemphill,1,0,0,35.83764858,-100.2703577,48211.0,1,1,0,0,1,1,3825,0,0,0,0,0
2020-04-15,US,Texas,Henderson,11,0,0,32.21128872,-95.85846587,48213.0,11,10,0,0,10,10,82299,1,0,0,1,0
2020-04-15,US,Texas,Hidalgo,217,1,0,26.39418217,-98.18299696,48215.0,216,198,1,0,197,190,865939,19,0,0,19,8
2020-04-15,US,Texas,Hill,8,0,0,31.99045053,-97.13423143,48217.0,8,8,0,0,8,8,36354,0,0,0,0,0
2020-04-15,US,Texas,Hockley,15,1,0,33.60771256,-102.3431676,48219.0,14,14,1,0,13,14,22980,1,0,0,1,0
2020-04-15,US,Texas,Hood,15,1,0,32.42990927,-97.83242024,48221.0,14,15,1,0,14,13,60537,0,0,0,0,2
2020-04-15,US,Texas,Hopkins,4,0,0,33.14875072,-95.56351139,48223.0,4,4,0,0,4,4,36810,0,0,0,0,0
2020-04-15,US,Texas,Howard,1,1,0,32.30621324,-101.4356444,48227.0,0,1,1,0,0,1,36459,0,0,0,0,0
2020-04-15,US,Texas,Hunt,22,2,0,33.12351514,-96.08551032,48231.0,20,22,2,0,20,18,96493,0,0,0,0,4
2020-04-15,US,Texas,Hutchinson,3,0,0,35.84006574,-101.3546643,48233.0,3,3,0,0,3,3,21198,0,0,0,0,0
2020-04-15,US,Texas,Jack,3,0,0,33.23377248,-98.17283469,48237.0,3,2,0,0,2,1,8843,1,0,0,1,1
2020-04-15,US,Texas,Jackson,4,0,0,28.95472367,-96.57749563,48239.0,4,4,0,0,4,4,14874,0,0,0,0,0
2020-04-15,US,Texas,Jasper,7,1,0,30.74685667,-94.02667579,48241.0,6,7,1,0,6,7,35872,0,0,0,0,0
2020-04-15,US,Texas,Jefferson,140,6,0,29.8832777,-94.16434171,48245.0,134,134,6,0,128,127,255001,6,0,0,6,7
2020-04-15,US,Texas,Jim Wells,2,0,0,27.73103938,-98.0904705,48249.0,2,2,0,0,2,2,40822,0,0,0,0,0
2020-04-15,US,Texas,Johnson,34,1,0,32.37877812,-97.36615819,48251.0,33,31,1,0,30,28,171361,3,0,0,3,3
2020-04-15,US,Texas,Jones,2,0,0,32.73997145,-99.87861576,48253.0,2,2,0,0,2,2,19817,0,0,0,0,0
2020-04-15,US,Texas,Karnes,3,0,0,28.90705334,-97.85960149,48255.0,3,3,0,0,3,2,15650,0,0,0,0,1
2020-04-15,US,Texas,Kaufman,33,0,0,32.599141700000004,-96.28734728,48257.0,33,32,0,0,32,28,128622,1,0,0,1,4
2020-04-15,US,Texas,Kendall,14,0,0,29.94414155,-98.7113588,48259.0,14,12,0,0,12,11,45641,2,0,0,2,1
2020-04-15,US,Texas,Kerr,3,0,0,30.06040006,-99.34930144,48265.0,3,2,0,0,2,2,52405,1,0,0,1,0
2020-04-15,US,Texas,Kleberg,3,1,0,27.42435506,-97.69894948,48273.0,2,2,1,0,1,2,31129,1,0,0,1,0
2020-04-15,US,Texas,Knox,1,0,0,33.60519951,-99.7422906,48275.0,1,1,0,0,1,1,3653,0,0,0,0,0
2020-04-15,US,Texas,Lamar,7,0,0,33.66981763,-95.57404777,48277.0,7,8,0,0,8,8,49728,-1,0,0,-1,0
2020-04-15,US,Texas,Lamb,2,0,0,34.06859623,-102.3516289,48279.0,2,2,0,0,2,2,13158,0,0,0,0,0
2020-04-15,US,Texas,Lampasas,3,0,0,31.19531316,-98.24206613,48281.0,3,2,0,0,2,2,21229,1,0,0,1,0
2020-04-15,US,Texas,Lavaca,4,0,0,29.38508402,-96.93186692,48285.0,4,4,0,0,4,4,20110,0,0,0,0,0
2020-04-15,US,Texas,Lee,2,0,0,30.31120597,-96.97045773,48287.0,2,2,0,0,2,2,17144,0,0,0,0,0
2020-04-15,US,Texas,Leon,3,0,0,31.29872538,-95.9936328,48289.0,3,3,0,0,3,3,17270,0,0,0,0,0
2020-04-15,US,Texas,Liberty,23,0,0,30.15152688,-94.81205615,48291.0,23,20,0,0,20,19,86323,3,0,0,3,1
2020-04-15,US,Texas,Limestone,11,1,0,31.5454767,-96.58095444,48293.0,10,11,1,0,10,11,23519,0,0,0,0,0
2020-04-15,US,Texas,Live Oak,3,0,0,28.35101362,-98.1246786,48297.0,3,3,0,0,3,3,12166,0,0,0,0,0
2020-04-15,US,Texas,Llano,3,0,0,30.70645047,-98.68475262,48299.0,3,3,0,0,3,3,21646,0,0,0,0,0
2020-04-15,US,Texas,Lubbock,330,25,0,33.61008596,-101.8204789,48303.0,305,317,21,0,296,307,307412,13,4,0,9,10
2020-04-15,US,Texas,Lynn,5,0,0,33.17657705,-101.8162849,48305.0,5,5,0,0,5,5,5877,0,0,0,0,0
2020-04-15,US,Texas,Madison,1,0,0,30.96694679,-95.93003775,48313.0,1,1,0,0,1,1,14422,0,0,0,0,0
2020-04-15,US,Texas,Martin,2,0,0,32.30600051,-101.9513518,48317.0,2,2,0,0,2,2,5753,0,0,0,0,0
2020-04-15,US,Texas,Mason,1,0,0,30.71780434,-99.22629416,48319.0,1,1,0,0,1,1,4280,0,0,0,0,0
2020-04-15,US,Texas,Matagorda,51,3,0,28.81955746,-96.01230294,48321.0,48,49,3,0,46,49,36552,2,0,0,2,0
2020-04-15,US,Texas,Maverick,10,0,0,28.7429195,-100.3157686,48323.0,10,10,0,0,10,9,58485,0,0,0,0,1
2020-04-15,US,Texas,McCulloch,3,0,0,31.1925468,-99.34682807,48307.0,3,3,0,0,3,3,7987,0,0,0,0,0
2020-04-15,US,Texas,McLennan,74,3,0,31.55255453,-97.20217694,48309.0,71,71,2,0,69,71,254607,3,1,0,2,0
2020-04-15,US,Texas,Medina,13,1,0,29.3557301,-99.11030298,48325.0,12,13,1,0,12,13,50921,0,0,0,0,0
2020-04-15,US,Texas,Midland,35,2,0,31.86904128,-102.0315682,48329.0,33,32,2,0,30,32,172578,3,0,0,3,0
2020-04-15,US,Texas,Milam,8,0,0,30.78581830000001,-96.97718698,48331.0,8,8,0,0,8,8,25131,0,0,0,0,0
2020-04-15,US,Texas,Mitchell,1,0,0,32.30623474,-100.9212058,48335.0,1,1,0,0,1,1,8145,0,0,0,0,0
2020-04-15,US,Texas,Montague,5,0,0,33.67521893,-97.72500958,48337.0,5,5,0,0,5,2,19596,0,0,0,0,3
2020-04-15,US,Texas,Montgomery,331,6,0,30.30079133,-95.50572772,48339.0,325,308,6,0,302,266,590925,23,0,0,23,42
2020-04-15,US,Texas,Moore,52,0,0,35.83769242,-101.8930281,48341.0,52,36,0,0,36,22,21485,16,0,0,16,14
2020-04-15,US,Texas,Morris,3,0,0,33.11304005,-94.73255695,48343.0,3,3,0,0,3,3,12339,0,0,0,0,0
2020-04-15,US,Texas,Motley,1,0,0,34.07408766,-100.779722,48345.0,1,1,0,0,1,1,1234,0,0,0,0,0
2020-04-15,US,Texas,Nacogdoches,64,6,0,31.62017125,-94.61803994,48347.0,58,56,4,0,52,48,65711,8,2,0,6,8
2020-04-15,US,Texas,Navarro,16,2,0,32.04620681,-96.47428766,48349.0,14,16,2,0,14,12,49565,0,0,0,0,4
2020-04-15,US,Texas,Newton,2,0,0,30.78548982,-93.74408813,48351.0,2,2,0,0,2,2,13746,0,0,0,0,0
2020-04-15,US,Texas,Nueces,83,0,0,27.736286,-97.5433285,48355.0,83,79,0,0,79,76,362265,4,0,0,4,3
2020-04-15,US,Texas,Oldham,3,1,0,35.40425596,-102.6027606,48359.0,2,3,1,0,2,3,2131,0,0,0,0,0
2020-04-15,US,Texas,Orange,46,0,0,30.11879481,-93.89412775,48361.0,46,45,0,0,45,44,83572,1,0,0,1,1
2020-04-15,US,Texas,Palo Pinto,7,1,0,32.75310985,-98.31319001,48363.0,6,7,1,0,6,7,28875,0,0,0,0,0
2020-04-15,US,Texas,Panola,22,3,0,32.163959600000005,-94.30552481,48365.0,19,20,1,0,19,13,23148,2,2,0,0,7
2020-04-15,US,Texas,Parker,16,0,0,32.77757172,-97.80500621,48367.0,16,15,0,0,15,14,138371,1,0,0,1,1
2020-04-15,US,Texas,Pecos,5,0,0,30.78097267,-102.7241261,48371.0,5,3,0,0,3,3,15673,2,0,0,2,0
2020-04-15,US,Texas,Polk,11,0,0,30.79472531,-94.8276624,48373.0,11,11,0,0,11,9,50031,0,0,0,0,2
2020-04-15,US,Texas,Potter,79,2,0,35.40133773,-101.893964,48375.0,77,79,2,0,77,70,119648,0,0,0,0,9
2020-04-15,US,Texas,Rains,2,0,0,32.87109387,-95.79232691,48379.0,2,1,0,0,1,1,12159,1,0,0,1,0
2020-04-15,US,Texas,Randall,73,2,0,34.96585996,-101.8971322,48381.0,71,73,2,0,71,64,136271,0,0,0,0,9
2020-04-15,US,Texas,Reeves,2,0,0,31.32323325,-103.6903896,48389.0,2,2,0,0,2,2,15695,0,0,0,0,0
2020-04-15,US,Texas,Robertson,2,0,0,31.02539637,-96.51272246,48395.0,2,2,0,0,2,2,17284,0,0,0,0,0
2020-04-15,US,Texas,Rockwall,39,0,0,32.89779518,-96.40771592,48397.0,39,26,0,0,26,26,100657,13,0,0,13,0
2020-04-15,US,Texas,Rusk,17,0,0,32.10773545,-94.76176432,48401.0,17,16,0,0,16,16,54450,1,0,0,1,0
2020-04-15,US,Texas,San Augustine,9,1,0,31.39457611,-94.17000399,48405.0,8,9,1,0,8,9,8232,0,0,0,0,0
2020-04-15,US,Texas,San Jacinto,7,0,0,30.57933681,-95.16260304,48407.0,7,8,0,0,8,7,28719,-1,0,0,-1,1
2020-04-15,US,Texas,San Patricio,8,0,0,28.00880118,-97.51763891,48409.0,8,9,0,0,9,7,66893,-1,0,0,-1,2
2020-04-15,US,Texas,Scurry,2,0,0,32.74613808,-100.9162664,48415.0,2,2,0,0,2,2,16866,0,0,0,0,0
2020-04-15,US,Texas,Shelby,46,0,0,31.79211404,-94.14550696,48419.0,46,40,0,0,40,36,25418,6,0,0,6,4
2020-04-15,US,Texas,Smith,103,1,0,32.37474036,-95.2717568,48423.0,102,101,2,0,99,96,230221,2,-1,0,3,5
2020-04-15,US,Texas,Starr,7,0,0,26.56150059,-98.73892358,48427.0,7,7,0,0,7,7,64525,0,0,0,0,0
2020-04-15,US,Texas,Stephens,1,0,0,32.73553157,-98.83631615,48429.0,1,1,0,0,1,1,9433,0,0,0,0,0
2020-04-15,US,Texas,Swisher,4,0,0,34.53028891,-101.7349174,48437.0,4,4,0,0,4,4,7462,0,0,0,0,0
2020-04-15,US,Texas,Tarrant,990,30,0,32.77143818,-97.29101614,48439.0,960,929,29,0,900,876,2084931,61,1,0,60,53
2020-04-15,US,Texas,Taylor,74,1,0,32.30163422,-99.89007449,48441.0,73,68,1,0,67,68,137640,6,0,0,6,0
2020-04-15,US,Texas,Terry,10,0,0,33.17402785,-102.3354521,48445.0,10,10,0,0,10,10,12287,0,0,0,0,0
2020-04-15,US,Texas,Titus,8,0,0,33.21339719,-94.96797273,48449.0,8,7,0,0,7,6,33033,1,0,0,1,1
2020-04-15,US,Texas,Tom Green,40,1,0,31.40464436,-100.462443,48451.0,39,39,1,0,38,39,118189,1,0,0,1,0
2020-04-15,US,Texas,Travis,900,14,0,30.33432034,-97.7853562,48453.0,886,856,11,0,845,774,1248743,44,3,0,41,82
2020-04-15,US,Texas,Trinity,4,0,0,31.0879489,-95.1367187,48455.0,4,4,0,0,4,3,14740,0,0,0,0,1
2020-04-15,US,Texas,Tyler,4,0,0,30.77031716,-94.37690895,48457.0,4,4,0,0,4,4,21696,0,0,0,0,0
2020-04-15,US,Texas,Upshur,9,0,0,32.73706798,-94.93999853,48459.0,9,9,0,0,9,8,41260,0,0,0,0,1
2020-04-15,US,Texas,Uvalde,6,0,0,29.35739637,-99.76229172,48463.0,6,6,0,0,6,6,26846,0,0,0,0,0
2020-04-15,US,Texas,Val Verde,12,0,0,29.89149232,-101.1525205,48465.0,12,12,0,0,12,12,49208,0,0,0,0,0
2020-04-15,US,Texas,Van Zandt,10,1,0,32.56483801,-95.83766469,48467.0,9,10,1,0,9,10,56019,0,0,0,0,0
2020-04-15,US,Texas,Victoria,89,1,0,28.79780988,-96.96813006,48469.0,88,87,0,0,87,81,92035,2,1,0,1,6
2020-04-15,US,Texas,Walker,38,0,0,30.73872995,-95.57440968,48471.0,38,38,0,0,38,21,72480,0,0,0,0,17
2020-04-15,US,Texas,Waller,20,0,0,30.01058447,-95.99011759,48473.0,20,18,0,0,18,16,53126,2,0,0,2,2
2020-04-15,US,Texas,Washington,44,3,0,30.21498498,-96.40946246,48477.0,41,37,2,0,35,37,35108,7,1,0,6,0
2020-04-15,US,Texas,Webb,223,8,0,27.7610369,-99.33237355,48479.0,215,206,8,0,198,196,275910,17,0,0,17,10
2020-04-15,US,Texas,Wharton,28,0,0,29.27765923,-96.22319248,48481.0,28,28,0,0,28,27,41619,0,0,0,0,1
2020-04-15,US,Texas,Wichita,56,0,0,33.98842886,-98.7041034,48485.0,56,56,0,0,56,56,132064,0,0,0,0,0
2020-04-15,US,Texas,Wilbarger,1,0,0,34.07945812,-99.24178437,48487.0,1,1,0,0,1,,12820,0,0,0,0,
2020-04-15,US,Texas,Willacy,5,1,0,26.47411727,-97.61535848,48489.0,4,5,1,0,4,5,21515,0,0,0,0,0
2020-04-15,US,Texas,Williamson,124,4,0,30.64655664,-97.6004854,48491.0,120,119,4,0,115,117,566719,5,0,0,5,2
2020-04-15,US,Texas,Wilson,11,0,0,29.1732598,-98.08693082,48493.0,11,11,0,0,11,11,50224,0,0,0,0,0
2020-04-15,US,Texas,Winkler,1,0,0,31.85008651,-103.0485163,48495.0,1,1,0,0,1,1,7720,0,0,0,0,0
2020-04-15,US,Texas,Wise,5,0,0,33.21570665,-97.65460265,48497.0,5,5,0,0,5,5,68305,0,0,0,0,0
2020-04-15,US,Texas,Wood,6,0,0,32.78722382,-95.38236368,48499.0,6,6,0,0,6,5,45129,0,0,0,0,1
2020-04-15,US,Texas,Young,3,0,0,33.17659707,-98.68790885,48503.0,3,3,0,0,3,3,18045,0,0,0,0,0
2020-04-15,US,Texas,Zapata,3,0,0,27.00156391,-99.16987152,48505.0,3,3,0,0,3,3,14190,0,0,0,0,0
2020-04-15,US,Utah,Box Elder,15,0,0,41.52106798,-113.0832816,49003.0,15,13,0,0,13,13,54950,2,0,0,2,0
2020-04-15,US,Utah,Cache,37,0,0,41.72330587,-111.7443667,49005.0,37,36,0,0,36,36,127068,1,0,0,1,0
2020-04-15,US,Utah,Carbon,2,0,0,39.64834818,-110.5872512,49007.0,2,2,0,0,2,2,20269,0,0,0,0,0
2020-04-15,US,Utah,Davis,217,2,0,40.99001837,-112.1139997,49011.0,215,211,2,0,209,204,351713,6,0,0,6,7
2020-04-15,US,Utah,Duchesne,3,0,0,40.29772254,-110.425237,49013.0,3,3,0,0,3,3,19964,0,0,0,0,0
2020-04-15,US,Utah,Emery,3,0,0,38.99617072,-110.7013958,49015.0,3,3,0,0,3,2,10014,0,0,0,0,1
2020-04-15,US,Utah,Garfield,1,0,0,37.85447192,-111.4418764,49017.0,1,1,0,0,1,1,5080,0,0,0,0,0
2020-04-15,US,Utah,Grand,1,0,0,38.98103848,-109.5704487,49019.0,1,1,0,0,1,1,9764,0,0,0,0,0
2020-04-15,US,Utah,Iron,15,0,0,37.85903620000001,-113.2897381,49021.0,15,15,0,0,15,15,52775,0,0,0,0,0
2020-04-15,US,Utah,Kane,3,0,0,37.28507306,-111.8861752,49025.0,3,3,0,0,3,3,7709,0,0,0,0,0
2020-04-15,US,Utah,Salt Lake,1285,7,0,40.66616532,-111.9216011,49035.0,1278,1187,7,0,1180,1157,1152633,98,0,0,98,30
2020-04-15,US,Utah,San Juan,9,0,0,37.62762978,-109.80337140000002,49037.0,9,9,0,0,9,9,15449,0,0,0,0,0
2020-04-15,US,Utah,Summit,306,0,0,40.86688146,-110.9535882,49043.0,306,306,0,0,306,306,41933,0,0,0,0,0
2020-04-15,US,Utah,Tooele,37,0,0,40.44862644,-113.1295715,49045.0,37,34,0,0,34,34,69907,3,0,0,3,0
2020-04-15,US,Utah,Uintah,6,0,0,40.12491499,-109.5174415,49047.0,6,6,0,0,6,6,35438,0,0,0,0,0
2020-04-15,US,Utah,Unassigned,0,7,0,0.0,0.0,90049.0,-7,0,5,0,-5,,,0,2,0,-2,
2020-04-15,US,Utah,Utah,352,2,0,40.1166722,-111.6657662,49049.0,350,335,2,0,333,322,622213,17,0,0,17,13
2020-04-15,US,Utah,Wasatch,102,0,0,40.33110236,-111.1691419,49051.0,102,102,0,0,102,103,33240,0,0,0,0,-1
2020-04-15,US,Utah,Washington,47,1,0,37.3225,-113.4776,49053.0,46,45,1,0,44,43,171700,2,0,0,2,2
2020-04-15,US,Utah,Weber,107,1,0,41.27116049,-111.9145117,0.0,106,105,1,0,104,103,256359,2,0,0,2,2
2020-04-15,US,Vermont,Addison,56,1,0,44.03217337,-73.14130877,50001.0,55,56,1,0,55,56,36973,0,0,0,0,0
2020-04-15,US,Vermont,Bennington,32,1,0,43.03519828,-73.09048868,50003.0,31,32,1,0,31,32,35631,0,0,0,0,0
2020-04-15,US,Vermont,Caledonia,9,0,0,44.46548598,-72.10314651,50005.0,9,9,0,0,9,9,30302,0,0,0,0,0
2020-04-15,US,Vermont,Chittenden,372,19,0,44.46322849,-73.08359212,50007.0,353,372,19,0,353,372,164572,0,0,0,0,0
2020-04-15,US,Vermont,Essex,1,0,0,44.72736416,-71.73579864,50009.0,1,1,0,0,1,1,6250,0,0,0,0,0
2020-04-15,US,Vermont,Franklin,84,3,0,44.85627605,-72.91249563,50011.0,81,84,3,0,81,83,49421,0,0,0,0,1
2020-04-15,US,Vermont,Grand Isle,3,0,0,44.7975824,-73.29679772,50013.0,3,3,0,0,3,3,7090,0,0,0,0,0
2020-04-15,US,Vermont,Lamoille,22,2,0,44.60353043,-72.64356694,50015.0,20,22,2,0,20,22,25300,0,0,0,0,0
2020-04-15,US,Vermont,Orange,5,0,0,44.00470222,-72.37640104,50017.0,5,5,0,0,5,5,28999,0,0,0,0,0
2020-04-15,US,Vermont,Orleans,8,0,0,44.82964024,-72.24562697,50019.0,8,8,0,0,8,8,26907,0,0,0,0,0
2020-04-15,US,Vermont,Rutland,39,0,0,43.57723578,-73.03741676,50021.0,39,8,0,0,8,39,58672,31,0,0,31,-31
2020-04-15,US,Vermont,Unassigned,15,0,0,0.0,0.0,90050.0,15,39,0,0,39,8,,-24,0,0,-24,31
2020-04-15,US,Vermont,Washington,29,0,0,44.27343241,-72.61604978,50023.0,29,29,0,0,29,28,58140,0,0,0,0,1
2020-04-15,US,Vermont,Windham,57,1,0,42.986982,-72.71268875,50025.0,56,57,1,0,56,55,42756,0,0,0,0,2
2020-04-15,US,Vermont,Windsor,27,2,0,43.58010937,-72.58595157,50027.0,25,27,2,0,25,27,55286,0,0,0,0,0
2020-04-15,US,Virginia,Accomack,15,0,0,37.76707161,-75.63234615,51001.0,15,15,0,0,15,15,32412,0,0,0,0,0
2020-04-15,US,Virginia,Albemarle,53,0,0,38.02080697,-78.55481085,51003.0,53,50,0,0,50,49,108718,3,0,0,3,1
2020-04-15,US,Virginia,Alexandria,254,1,0,38.814003,-77.08183073,51510.0,253,247,1,0,246,235,160530,7,0,0,7,12
2020-04-15,US,Virginia,Alleghany,4,0,0,37.78636074,-80.00222498,51005.0,4,4,0,0,4,4,14910,0,0,0,0,0
2020-04-15,US,Virginia,Amelia,10,0,0,37.34081025,-77.98584649,51007.0,10,9,0,0,9,9,13013,1,0,0,1,0
2020-04-15,US,Virginia,Amherst,10,0,0,37.60308293,-79.14548696,51009.0,10,10,0,0,10,10,31666,0,0,0,0,0
2020-04-15,US,Virginia,Appomattox,7,0,0,37.37569884,-78.81340003,51011.0,7,7,0,0,7,7,15841,0,0,0,0,0
2020-04-15,US,Virginia,Arlington,420,2,0,38.8767675,-77.10139853,51013.0,418,401,2,0,399,390,237521,19,0,0,19,11
2020-04-15,US,Virginia,Augusta,18,0,0,38.16404586,-79.12461614,51015.0,18,17,0,0,17,17,75457,1,0,0,1,0
2020-04-15,US,Virginia,Bedford,16,0,0,37.3080028,-79.5281964,51019.0,16,16,0,0,16,16,78747,0,0,0,0,0
2020-04-15,US,Virginia,Botetourt,23,0,0,37.55531756,-79.80982182,51023.0,23,24,0,0,24,24,33277,-1,0,0,-1,0
2020-04-15,US,Virginia,Bristol,1,0,0,36.6163024,-82.16359122,51520.0,1,1,0,0,1,1,16482,0,0,0,0,0
2020-04-15,US,Virginia,Brunswick,9,0,0,36.76366949,-77.8593436,51025.0,9,9,0,0,9,3,16384,0,0,0,0,6
2020-04-15,US,Virginia,Buchanan,12,0,0,37.26818323,-82.03749726,51027.0,12,12,0,0,12,2,21221,0,0,0,0,10
2020-04-15,US,Virginia,Buckingham,22,0,0,37.57242268,-78.52518834,51029.0,22,18,0,0,18,16,16999,4,0,0,4,2
2020-04-15,US,Virginia,Buena Vista,4,0,0,37.73484642,-79.35296097,51530.0,4,4,0,0,4,4,6237,0,0,0,0,0
2020-04-15,US,Virginia,Campbell,11,0,0,37.20553386,-79.09678609,51031.0,11,11,0,0,11,10,54973,0,0,0,0,1
2020-04-15,US,Virginia,Caroline,9,0,0,38.02679129,-77.34901405,51033.0,9,7,0,0,7,6,30772,2,0,0,2,1
2020-04-15,US,Virginia,Carroll,3,0,0,36.73066666,-80.73455942,51035.0,3,3,0,0,3,3,29636,0,0,0,0,0
2020-04-15,US,Virginia,Charles City,9,0,0,37.35358063,-77.05634116,51036.0,9,9,0,0,9,9,6941,0,0,0,0,0
2020-04-15,US,Virginia,Charlotte,5,0,0,37.01909701,-78.66314092,51037.0,5,4,0,0,4,4,11938,1,0,0,1,0
2020-04-15,US,Virginia,Charlottesville,38,1,0,38.03527919,-78.48569588,51540.0,37,36,1,0,35,33,48117,2,0,0,2,3
2020-04-15,US,Virginia,Chesapeake,140,0,0,36.67670048,-76.30545744,51550.0,140,136,0,0,136,126,242634,4,0,0,4,10
2020-04-15,US,Virginia,Chesterfield,254,0,0,37.37373208,-77.58680140000001,51041.0,254,241,0,0,241,211,348556,13,0,0,13,30
2020-04-15,US,Virginia,Clarke,6,0,0,39.11271747,-77.99199425,51043.0,6,5,0,0,5,3,14523,1,0,0,1,2
2020-04-15,US,Virginia,Colonial Heights,17,0,0,37.26420587,-77.39609676,51570.0,17,16,0,0,16,10,17833,1,0,0,1,6
2020-04-15,US,Virginia,Covington,1,0,0,37.7824656,-79.98631446,51580.0,1,1,0,0,1,1,5460,0,0,0,0,0
2020-04-15,US,Virginia,Craig,2,0,0,37.48133648,-80.21072274,51045.0,2,2,0,0,2,2,5064,0,0,0,0,0
2020-04-15,US,Virginia,Culpeper,25,0,0,38.48199985,-77.95630870000002,51047.0,25,24,0,0,24,20,51859,1,0,0,1,4
2020-04-15,US,Virginia,Cumberland,8,0,0,37.51328851,-78.24398086,51049.0,8,8,0,0,8,8,9809,0,0,0,0,0
2020-04-15,US,Virginia,Danville,22,0,0,36.58022376,-79.40395668,51590.0,22,22,0,0,22,21,40693,0,0,0,0,1
2020-04-15,US,Virginia,Dinwiddie,7,0,0,37.07544585,-77.63451754,51053.0,7,7,0,0,7,6,28529,0,0,0,0,1
2020-04-15,US,Virginia,Emporia,7,0,0,36.69455571,-77.53406129,51595.0,7,8,0,0,8,7,5121,-1,0,0,-1,1
2020-04-15,US,Virginia,Fairfax,1298,21,0,38.83677558,-77.27565836,51059.0,1277,1207,20,0,1187,1164,1150795,91,1,0,90,43
2020-04-15,US,Virginia,Fairfax,1298,21,0,38.83677558,-77.27565836,51059.0,1277,1207,20,0,1187,1164,24574,91,1,0,90,43
2020-04-15,US,Virginia,Fauquier,29,0,0,38.73564842,-77.80647472,51061.0,29,28,0,0,28,28,70675,1,0,0,1,0
2020-04-15,US,Virginia,Floyd,1,0,0,36.9302126,-80.36738849,51063.0,1,1,0,0,1,1,15795,0,0,0,0,0
2020-04-15,US,Virginia,Fluvanna,62,0,0,37.84157909,-78.27715475,51065.0,62,40,0,0,40,23,26783,22,0,0,22,17
2020-04-15,US,Virginia,Franklin,15,0,0,36.99536167,-79.88023649,51067.0,15,15,0,0,15,14,56195,0,0,0,0,1
2020-04-15,US,Virginia,Franklin,15,0,0,36.99536167,-79.88023649,51067.0,15,15,0,0,15,14,8013,0,0,0,0,1
2020-04-15,US,Virginia,Franklin City,7,0,0,36.6831435,-76.93859681,51620.0,7,7,0,0,7,7,8013,0,0,0,0,0
2020-04-15,US,Virginia,Frederick,73,0,0,39.20172582,-78.25974949,51069.0,73,71,0,0,71,66,88355,2,0,0,2,5
2020-04-15,US,Virginia,Fredericksburg,15,0,0,38.2977863,-77.4922454,51630.0,15,14,0,0,14,13,29144,1,0,0,1,1
2020-04-15,US,Virginia,Galax,1,0,0,36.66601852,-80.91703124,51640.0,1,1,0,0,1,1,6423,0,0,0,0,0
2020-04-15,US,Virginia,Giles,4,0,0,37.31234791,-80.70636931,51071.0,4,4,0,0,4,4,16844,0,0,0,0,0
2020-04-15,US,Virginia,Gloucester,20,0,0,37.40809042,-76.53524337,51073.0,20,20,0,0,20,20,37349,0,0,0,0,0
2020-04-15,US,Virginia,Goochland,40,0,0,37.71714806,-77.90381514,51075.0,40,39,0,0,39,38,23244,1,0,0,1,1
2020-04-15,US,Virginia,Greene,5,0,0,38.29545894,-78.46525378,51079.0,5,5,0,0,5,5,19779,0,0,0,0,0
2020-04-15,US,Virginia,Greensville,16,0,0,36.67878901,-77.56351439,51081.0,16,15,0,0,15,10,11627,1,0,0,1,5
2020-04-15,US,Virginia,Halifax,7,0,0,36.76654925,-78.93512622,51083.0,7,7,0,0,7,7,34120,0,0,0,0,0
2020-04-15,US,Virginia,Hampton,75,1,0,37.03513786,-76.35879121,51650.0,74,73,1,0,72,72,134313,2,0,0,2,1
2020-04-15,US,Virginia,Hanover,53,0,0,37.7583355,-77.49464673,51085.0,53,52,0,0,52,39,107239,1,0,0,1,13
2020-04-15,US,Virginia,Harrisonburg,101,0,0,38.43542574,-78.87536254,51660.0,101,95,0,0,95,87,54033,6,0,0,6,8
2020-04-15,US,Virginia,Henrico,453,52,0,37.53460572,-77.39326555,51087.0,401,432,42,0,390,397,329261,21,10,0,11,35
2020-04-15,US,Virginia,Henry,8,0,0,36.68542395,-79.87634026,51089.0,8,8,0,0,8,8,50953,0,0,0,0,0
2020-04-15,US,Virginia,Hopewell,14,0,0,37.29186313,-77.29754684,51670.0,14,14,0,0,14,14,22596,0,0,0,0,0
2020-04-15,US,Virginia,Isle of Wight,60,0,0,36.90579348,-76.70842863,51093.0,60,60,0,0,60,33,36953,0,0,0,0,27
2020-04-15,US,Virginia,James City,132,2,0,37.31156958,-76.76950618,51095.0,130,128,2,0,126,126,76397,4,0,0,4,2
2020-04-15,US,Virginia,King George,17,0,0,38.26818502,-77.15852768,51099.0,17,16,0,0,16,14,26575,1,0,0,1,2
2020-04-15,US,Virginia,King William,2,0,0,37.70965316,-77.09384941,51101.0,2,2,0,0,2,2,16939,0,0,0,0,0
2020-04-15,US,Virginia,King and Queen,2,0,0,37.71044922,-76.88689628,51097.0,2,2,0,0,2,2,7042,0,0,0,0,0
2020-04-15,US,Virginia,Lancaster,1,0,0,37.71889653,-76.46400482,51103.0,1,1,0,0,1,1,10783,0,0,0,0,0
2020-04-15,US,Virginia,Lee,6,0,0,36.70586667,-83.12606515,51105.0,6,7,0,0,7,7,23541,-1,0,0,-1,0
2020-04-15,US,Virginia,Lexington,3,0,0,37.78258621,-79.44262866,51678.0,3,3,0,0,3,3,7136,0,0,0,0,0
2020-04-15,US,Virginia,Loudoun,367,7,0,39.08990083,-77.63481877,51107.0,360,344,5,0,339,324,406850,23,2,0,21,20
2020-04-15,US,Virginia,Louisa,29,0,0,37.97850256,-77.96274807,51109.0,29,27,0,0,27,27,36778,2,0,0,2,0
2020-04-15,US,Virginia,Lunenburg,3,0,0,36.94618528,-78.24133319,51111.0,3,4,0,0,4,4,12086,-1,0,0,-1,0
2020-04-15,US,Virginia,Lynchburg,34,0,0,37.40021399,-79.19888138,51680.0,34,33,0,0,33,33,82126,1,0,0,1,0
2020-04-15,US,Virginia,Madison,8,0,0,38.41531222,-78.28220331,51113.0,8,7,0,0,7,6,13295,1,0,0,1,1
2020-04-15,US,Virginia,Manassas,53,0,0,38.7464321,-77.48509905,0.0,53,49,0,0,49,41,41641,4,0,0,4,8
2020-04-15,US,Virginia,Manassas Park,14,0,0,38.77058531,-77.44399307,51685.0,14,13,0,0,13,10,17307,1,0,0,1,3
2020-04-15,US,Virginia,Mathews,3,0,0,37.44164146,-76.34098896,51115.0,3,3,0,0,3,3,8802,0,0,0,0,0
2020-04-15,US,Virginia,Mecklenburg,57,0,0,36.67882005,-78.36131056,51117.0,57,57,0,0,57,57,30650,0,0,0,0,0
2020-04-15,US,Virginia,Middlesex,3,0,0,37.63191998,-76.55064617,51119.0,3,3,0,0,3,3,10769,0,0,0,0,0
2020-04-15,US,Virginia,Montgomery,34,0,0,37.17746986,-80.37868691,51121.0,34,33,0,0,33,32,98985,1,0,0,1,1
2020-04-15,US,Virginia,Nelson,5,0,0,37.78790447,-78.88498513,51125.0,5,5,0,0,5,5,14836,0,0,0,0,0
2020-04-15,US,Virginia,New Kent,16,0,0,37.50694406,-76.99828634,51127.0,16,15,0,0,15,13,22391,1,0,0,1,2
2020-04-15,US,Virginia,Newport News,95,1,0,37.08166899,-76.51754109,51700.0,94,93,1,0,92,88,178626,2,0,0,2,5
2020-04-15,US,Virginia,Norfolk,99,2,0,36.89934014,-76.26420872,51710.0,97,99,0,0,99,99,244076,0,2,0,-2,0
2020-04-15,US,Virginia,Northampton,4,0,0,37.34062933,-75.87751591,51131.0,4,4,0,0,4,4,11735,0,0,0,0,0
2020-04-15,US,Virginia,Northumberland,4,0,0,37.89202088,-76.41949732,51133.0,4,4,0,0,4,4,12147,0,0,0,0,0
2020-04-15,US,Virginia,Nottoway,5,0,0,37.1435975,-78.05065922,51135.0,5,5,0,0,5,5,15420,0,0,0,0,0
2020-04-15,US,Virginia,Orange,17,0,0,38.24530219,-78.01560400000002,51137.0,17,15,0,0,15,14,36644,2,0,0,2,1
2020-04-15,US,Virginia,Page,6,0,0,38.61807452,-78.48797204,51139.0,6,6,0,0,6,6,23933,0,0,0,0,0
2020-04-15,US,Virginia,Petersburg,19,0,0,37.20530399,-77.39368102,51730.0,19,19,0,0,19,19,31567,0,0,0,0,0
2020-04-15,US,Virginia,Pittsylvania,4,0,0,36.81980341,-79.39731264,51143.0,4,4,0,0,4,4,60949,0,0,0,0,0
2020-04-15,US,Virginia,Poquoson,6,0,0,37.14259351,-76.35798148,51735.0,6,6,0,0,6,6,12190,0,0,0,0,0
2020-04-15,US,Virginia,Portsmouth,59,0,0,36.85914825,-76.35971629,51740.0,59,59,0,0,59,54,94632,0,0,0,0,5
2020-04-15,US,Virginia,Powhatan,5,0,0,37.55016038,-77.91267882,51145.0,5,5,0,0,5,5,29189,0,0,0,0,0
2020-04-15,US,Virginia,Prince Edward,15,0,0,37.22554789,-78.43597949,51147.0,15,13,0,0,13,13,22950,2,0,0,2,0
2020-04-15,US,Virginia,Prince George,27,0,0,37.18497668,-77.22922187,51149.0,27,27,0,0,27,27,38082,0,0,0,0,0
2020-04-15,US,Virginia,Prince William,536,1,0,38.70916224,-77.48713689,51153.0,535,508,1,0,507,434,468011,28,0,0,28,74
2020-04-15,US,Virginia,Pulaski,4,0,0,37.06474963,-80.71229738,51155.0,4,4,0,0,4,4,34066,0,0,0,0,0
2020-04-15,US,Virginia,Radford,1,0,0,37.12222899,-80.56027320000003,51750.0,1,1,0,0,1,1,18339,0,0,0,0,0
2020-04-15,US,Virginia,Rappahannock,1,0,0,38.68295619,-78.15826963,51157.0,1,1,0,0,1,1,7252,0,0,0,0,0
2020-04-15,US,Virginia,Richmond,7,0,0,37.937575,-76.72920628,51159.0,7,7,0,0,7,5,9038,0,0,0,0,2
2020-04-15,US,Virginia,Richmond City,177,0,0,37.53255773,-77.47966921,51760.0,177,175,0,0,175,167,228783,2,0,0,2,8
2020-04-15,US,Virginia,Roanoke,17,0,0,37.26865804,-80.06396753,51161.0,17,18,0,0,18,18,94073,-1,0,0,-1,0
2020-04-15,US,Virginia,Roanoke City,22,0,0,37.27791025,-79.96189766,51770.0,22,21,0,0,21,21,99920,1,0,0,1,0
2020-04-15,US,Virginia,Rockbridge,3,0,0,37.81204314,-79.44605905,51163.0,3,3,0,0,3,3,22752,0,0,0,0,0
2020-04-15,US,Virginia,Rockingham,67,0,0,38.51006137,-78.87260325,51165.0,67,56,0,0,56,49,81244,11,0,0,11,7
2020-04-15,US,Virginia,Russell,2,0,0,36.93028320000001,-82.10095486,51167.0,2,2,0,0,2,1,26748,0,0,0,0,1
2020-04-15,US,Virginia,Salem,3,0,0,37.2836193,-80.06219455,51775.0,3,3,0,0,3,1,25643,0,0,0,0,2
2020-04-15,US,Virginia,Scott,3,0,0,36.71466456,-82.60171704,51169.0,3,3,0,0,3,3,21534,0,0,0,0,0
2020-04-15,US,Virginia,Shenandoah,27,0,0,38.85905135,-78.56813762,51171.0,27,23,0,0,23,17,43497,4,0,0,4,6
2020-04-15,US,Virginia,Smyth,11,0,0,36.84455636,-81.53344948,51173.0,11,11,0,0,11,11,30472,0,0,0,0,0
2020-04-15,US,Virginia,Southampton,6,0,0,36.72231125,-77.10642712,51175.0,6,6,0,0,6,5,17586,0,0,0,0,1
2020-04-15,US,Virginia,Spotsylvania,60,0,0,38.18574462,-77.655399,51177.0,60,56,0,0,56,51,134238,4,0,0,4,5
2020-04-15,US,Virginia,Stafford,108,0,0,38.41758738,-77.45917053,51179.0,108,95,0,0,95,87,149960,13,0,0,13,8
2020-04-15,US,Virginia,Staunton,2,0,0,38.15965544,-79.05979937,51790.0,2,2,0,0,2,2,24922,0,0,0,0,0
2020-04-15,US,Virginia,Suffolk,59,0,0,36.70155394,-76.63603554,51800.0,59,57,0,0,57,51,91185,2,0,0,2,6
2020-04-15,US,Virginia,Surry,3,0,0,37.11781893,-76.88450012,51181.0,3,3,0,0,3,3,6474,0,0,0,0,0
2020-04-15,US,Virginia,Sussex,10,0,0,36.92432914,-77.25791182,51183.0,10,8,0,0,8,8,11237,2,0,0,2,0
2020-04-15,US,Virginia,Tazewell,4,0,0,37.12191123,-81.56685568,51185.0,4,4,0,0,4,4,40855,0,0,0,0,0
2020-04-15,US,Virginia,Unassigned,0,101,0,0.0,0.0,90051.0,-101,0,75,0,-75,0,,0,26,0,-26,0
2020-04-15,US,Virginia,Virginia Beach,256,1,0,36.73285734,-76.04566934,51810.0,255,252,1,0,251,251,450189,4,0,0,4,1
2020-04-15,US,Virginia,Warren,20,0,0,38.90847745,-78.20280433,51187.0,20,19,0,0,19,17,40003,1,0,0,1,2
2020-04-15,US,Virginia,Washington,27,0,0,36.72341572,-81.95666289,51191.0,27,28,0,0,28,28,54402,-1,0,0,-1,0
2020-04-15,US,Virginia,Waynesboro,6,0,0,38.06451466,-78.90293905,51820.0,6,6,0,0,6,6,22628,0,0,0,0,0
2020-04-15,US,Virginia,Westmoreland,8,0,0,38.11021557,-76.80213247,51193.0,8,8,0,0,8,8,17830,0,0,0,0,0
2020-04-15,US,Virginia,Williamsburg,19,1,0,37.28131268,-76.70905141,51830.0,18,20,1,0,19,20,14896,-1,0,0,-1,0
2020-04-15,US,Virginia,Winchester,21,0,0,39.17054517,-78.17325058,51840.0,21,20,0,0,20,20,28108,1,0,0,1,0
2020-04-15,US,Virginia,Wise,15,0,0,36.9746148,-82.62410519,51195.0,15,14,0,0,14,13,38012,1,0,0,1,1
2020-04-15,US,Virginia,Wythe,7,0,0,36.91582035,-81.07834059,51197.0,7,7,0,0,7,7,28754,0,0,0,0,0
2020-04-15,US,Virginia,York,35,1,0,37.24374789,-76.54412815,51199.0,34,35,1,0,34,33,67846,0,0,0,0,2
2020-04-15,US,Washington,Adams,39,0,0,46.98299757,-118.5601734,53001.0,39,39,0,0,39,37,19759,0,0,0,0,2
2020-04-15,US,Washington,Asotin,6,0,0,46.18894415,-117.2022851,53003.0,6,6,0,0,6,5,22610,0,0,0,0,1
2020-04-15,US,Washington,Benton,266,29,0,46.23946995,-119.5120834,53005.0,237,266,29,0,237,259,201877,0,0,0,0,7
2020-04-15,US,Washington,Chelan,61,5,0,47.87046092,-120.6173956,53007.0,56,61,5,0,56,55,77036,0,0,0,0,6
2020-04-15,US,Washington,Clallam,14,0,0,48.04754642,-123.9226319,53009.0,14,12,0,0,12,12,76737,2,0,0,2,0
2020-04-15,US,Washington,Clark,258,15,0,45.77568046,-122.4829204,53011.0,243,250,15,0,235,239,481857,8,0,0,8,11
2020-04-15,US,Washington,Columbia,1,0,0,46.29442881,-117.9051983,53013.0,1,1,0,0,1,1,4059,0,0,0,0,0
2020-04-15,US,Washington,Cowlitz,26,0,0,46.19074721,-122.6782231,53015.0,26,25,0,0,25,25,108987,1,0,0,1,0
2020-04-15,US,Washington,Douglas,29,1,0,47.7361335,-119.692937,53017.0,28,26,1,0,25,18,42907,3,0,0,3,8
2020-04-15,US,Washington,Ferry,1,0,0,48.471143100000006,-118.5154041,53019.0,1,1,0,0,1,1,7649,0,0,0,0,0
2020-04-15,US,Washington,Franklin,185,2,0,46.53351425,-118.9018212,53021.0,183,134,2,0,132,122,94347,51,0,0,51,12
2020-04-15,US,Washington,Grant,122,2,0,47.20753737,-119.4500749,53025.0,120,122,2,0,120,120,97331,0,0,0,0,2
2020-04-15,US,Washington,Grays Harbor,12,0,0,47.14003705,-123.7820567,53027.0,12,11,0,0,11,11,73901,1,0,0,1,0
2020-04-15,US,Washington,Island,163,8,0,48.14713305,-122.5216407,53029.0,155,162,8,0,154,158,84460,1,0,0,1,4
2020-04-15,US,Washington,Jefferson,28,0,0,47.75003077,-123.56097040000002,53031.0,28,28,0,0,28,28,31729,0,0,0,0,0
2020-04-15,US,Washington,King,4620,303,0,47.49137892,-121.8346131,53033.0,4317,4549,296,0,4253,4426,2233163,71,7,0,64,123
2020-04-15,US,Washington,Kitsap,132,1,0,47.63479026,-122.6436061,53035.0,131,132,1,0,131,132,269805,0,0,0,0,0
2020-04-15,US,Washington,Kittitas,14,0,0,47.12521214,-120.679439,53037.0,14,14,0,0,14,14,47364,0,0,0,0,0
2020-04-15,US,Washington,Klickitat,15,2,0,45.87325839,-120.7913598,53039.0,13,14,1,0,13,14,22107,1,1,0,0,0
2020-04-15,US,Washington,Lewis,19,2,0,46.57756476,-122.3925769,53041.0,17,17,2,0,15,17,79604,2,0,0,2,0
2020-04-15,US,Washington,Lincoln,2,0,0,47.57705241,-118.4194388,53043.0,2,2,0,0,2,2,10740,0,0,0,0,0
2020-04-15,US,Washington,Mason,19,0,0,47.35007586,-123.1863685,53045.0,19,19,0,0,19,19,65507,0,0,0,0,0
2020-04-15,US,Washington,Okanogan,15,0,0,48.54855019,-119.7387224,53047.0,15,15,0,0,15,15,42132,0,0,0,0,0
2020-04-15,US,Washington,Pacific,1,0,0,46.55418369,-123.7285716,53049.0,1,1,0,0,1,1,22036,0,0,0,0,0
2020-04-15,US,Washington,Pend Oreille,1,0,0,48.53234021,-117.2741804,53051.0,1,1,0,0,1,1,13602,0,0,0,0,0
2020-04-15,US,Washington,Pierce,1000,23,0,47.03892768,-122.1405958,53053.0,977,969,20,0,949,969,891299,31,3,0,28,0
2020-04-15,US,Washington,San Juan,13,0,0,48.60182783,-122.96745,53055.0,13,13,0,0,13,13,17128,0,0,0,0,0
2020-04-15,US,Washington,Skagit,198,6,0,48.48171488,-121.766131,53057.0,192,195,6,0,189,191,128206,3,0,0,3,4
2020-04-15,US,Washington,Skamania,3,0,0,46.02408726,-121.9164403,53059.0,3,3,0,0,3,3,11924,0,0,0,0,0
2020-04-15,US,Washington,Snohomish,1988,80,0,48.04615983,-121.7170703,53061.0,1908,1950,77,0,1873,1907,814901,38,3,0,35,43
2020-04-15,US,Washington,Spokane,278,17,0,47.62113146,-117.4046494,53063.0,261,276,15,0,261,276,514631,2,2,0,0,0
2020-04-15,US,Washington,Stevens,7,1,0,48.40035475,-117.8542701,53065.0,6,7,1,0,6,7,45260,0,0,0,0,0
2020-04-15,US,Washington,Thurston,82,1,0,46.9291895,-122.8290656,53067.0,81,81,1,0,80,81,286419,1,0,0,1,0
2020-04-15,US,Washington,Unassigned,383,0,0,0.0,0.0,90053.0,383,484,0,0,484,619,,-101,0,0,-101,-135
2020-04-15,US,Washington,Wahkiakum,2,0,0,46.29180039999999,-123.4250831,53069.0,2,2,0,0,2,2,4426,0,0,0,0,0
2020-04-15,US,Washington,Walla Walla,23,0,0,46.23040051,-118.4775539,53071.0,23,21,0,0,21,21,60922,2,0,0,2,0
2020-04-15,US,Washington,Whatcom,269,25,0,48.82227976,-121.7490018,53073.0,244,264,23,0,241,264,225685,5,2,0,3,0
2020-04-15,US,Washington,Whitman,12,0,0,46.90022523,-117.5241763,53075.0,12,12,0,0,12,12,49791,0,0,0,0,0
2020-04-15,US,Washington,Yakima,635,29,0,46.45738486,-120.7380126,53077.0,606,614,25,0,589,538,251446,21,4,0,17,76
2020-04-15,US,West Virginia,Barbour,4,0,0,39.1307219,-80.00350858,54001.0,4,4,0,0,4,4,16535,0,0,0,0,0
2020-04-15,US,West Virginia,Berkeley,99,0,0,39.46704621,-78.02414609,54003.0,99,100,0,0,100,92,117123,-1,0,0,-1,8
2020-04-15,US,West Virginia,Boone,1,0,0,38.01974191,-81.69888019,54005.0,1,1,0,0,1,1,21951,0,0,0,0,0
2020-04-15,US,West Virginia,Braxton,1,0,0,38.70036159,-80.72011184,54007.0,1,1,0,0,1,1,14089,0,0,0,0,0
2020-04-15,US,West Virginia,Brooke,3,0,0,40.27367263,-80.57915332,54009.0,3,3,0,0,3,3,22203,0,0,0,0,0
2020-04-15,US,West Virginia,Cabell,28,0,0,38.42424062,-82.23855912,54011.0,28,26,0,0,26,23,93224,2,0,0,2,3
2020-04-15,US,West Virginia,Fayette,2,0,0,38.02974928,-81.08286634,54019.0,2,2,0,0,2,2,43018,0,0,0,0,0
2020-04-15,US,West Virginia,Grant,1,0,0,39.10314817,-79.19440518,54023.0,1,1,0,0,1,1,11626,0,0,0,0,0
2020-04-15,US,West Virginia,Greenbrier,3,0,0,37.9463652,-80.45335881,54025.0,3,3,0,0,3,3,34786,0,0,0,0,0
2020-04-15,US,West Virginia,Hampshire,7,0,0,39.32103553,-78.60826476,54027.0,7,5,0,0,5,4,23347,2,0,0,2,1
2020-04-15,US,West Virginia,Hancock,7,0,0,40.51943859,-80.57461608,54029.0,7,7,0,0,7,7,29094,0,0,0,0,0
2020-04-15,US,West Virginia,Hardy,2,0,0,39.00683177,-78.85855301,54031.0,2,2,0,0,2,2,13775,0,0,0,0,0
2020-04-15,US,West Virginia,Harrison,28,1,0,39.2853852,-80.37919577,54033.0,27,28,1,0,27,28,67554,0,0,0,0,0
2020-04-15,US,West Virginia,Jackson,33,1,0,38.84263974,-81.68148753,54035.0,32,30,1,0,29,27,28706,3,0,0,3,3
2020-04-15,US,West Virginia,Jefferson,54,0,0,39.30776166,-77.86014147,54037.0,54,52,0,0,52,49,56811,2,0,0,2,3
2020-04-15,US,West Virginia,Kanawha,88,0,0,38.33860077,-81.52857054,54039.0,88,85,0,0,85,86,180454,3,0,0,3,-1
2020-04-15,US,West Virginia,Lewis,2,0,0,38.9947249,-80.49988181,54041.0,2,2,0,0,2,2,16024,0,0,0,0,0
2020-04-15,US,West Virginia,Lincoln,1,0,0,38.172154,-82.07017953,54043.0,1,,,,,,20599,,,,,
2020-04-15,US,West Virginia,Logan,8,1,0,37.8299889,-81.93528571,54045.0,7,8,1,0,7,8,32607,0,0,0,0,0
2020-04-15,US,West Virginia,Marion,41,1,0,39.50984542,-80.24244659,54049.0,40,38,1,0,37,34,56097,3,0,0,3,4
2020-04-15,US,West Virginia,Marshall,7,0,0,39.86064362,-80.66591062,54051.0,7,6,0,0,6,6,30785,1,0,0,1,0
2020-04-15,US,West Virginia,Mason,9,0,0,38.77071799,-82.02524219,54053.0,9,10,0,0,10,8,26718,-1,0,0,-1,2
2020-04-15,US,West Virginia,McDowell,6,0,0,37.38002939,-81.65083669,54047.0,6,6,0,0,6,5,18223,0,0,0,0,1
2020-04-15,US,West Virginia,Mercer,8,0,0,37.40481169,-81.11023142,54055.0,8,8,0,0,8,8,59131,0,0,0,0,0
2020-04-15,US,West Virginia,Mineral,6,0,0,39.41561583,-78.94104895,54057.0,6,5,0,0,5,4,26940,1,0,0,1,1
2020-04-15,US,West Virginia,Mingo,1,0,0,37.73048351,-82.13338365,54059.0,1,1,0,0,1,1,23785,0,0,0,0,0
2020-04-15,US,West Virginia,Monongalia,83,2,0,39.63218457,-80.04766838,54061.0,81,81,2,0,79,83,106420,2,0,0,2,-2
2020-04-15,US,West Virginia,Monroe,1,0,0,37.56274716,-80.54577965,54063.0,1,1,0,0,1,1,13280,0,0,0,0,0
2020-04-15,US,West Virginia,Morgan,6,0,0,39.55439028,-78.26311676,54065.0,6,6,0,0,6,6,17787,0,0,0,0,0
2020-04-15,US,West Virginia,Nicholas,3,0,0,38.29617706,-80.79759588,54067.0,3,2,0,0,2,2,24842,1,0,0,1,0
2020-04-15,US,West Virginia,Ohio,22,0,0,40.0955451,-80.62203992,54069.0,22,23,0,0,23,25,41755,-1,0,0,-1,-2
2020-04-15,US,West Virginia,Pendleton,1,0,0,38.68314479,-79.35084086,54071.0,1,1,0,0,1,1,6997,0,0,0,0,0
2020-04-15,US,West Virginia,Pleasants,1,0,0,39.37091679,-81.16771771,54073.0,1,1,0,0,1,1,7507,0,0,0,0,0
2020-04-15,US,West Virginia,Preston,6,0,0,39.46770987,-79.66712803,54077.0,6,6,0,0,6,6,33839,0,0,0,0,0
2020-04-15,US,West Virginia,Putnam,13,0,0,38.50782345,-81.9082131,54079.0,13,12,0,0,12,11,56682,1,0,0,1,1
2020-04-15,US,West Virginia,Raleigh,6,0,0,37.76936795,-81.2456041,54081.0,6,6,0,0,6,5,74254,0,0,0,0,1
2020-04-15,US,West Virginia,Randolph,4,0,0,38.769899,-79.87919615,54083.0,4,4,0,0,4,4,28823,0,0,0,0,0
2020-04-15,US,West Virginia,Roane,2,0,0,38.71622686,-81.35243568,54087.0,2,2,0,0,2,2,13932,0,0,0,0,0
2020-04-15,US,West Virginia,Summers,1,0,0,37.65390597,-80.86009693,54089.0,1,1,0,0,1,1,12760,0,0,0,0,0
2020-04-15,US,West Virginia,Taylor,4,0,0,39.33602617,-80.0421439,54091.0,4,4,0,0,4,3,16862,0,0,0,0,1
2020-04-15,US,West Virginia,Tucker,4,0,0,39.11240885,-79.57053576,54093.0,4,4,0,0,4,4,6955,0,0,0,0,0
2020-04-15,US,West Virginia,Tyler,3,0,0,39.46811972,-80.88772676,54095.0,3,3,0,0,3,3,8746,0,0,0,0,0
2020-04-15,US,West Virginia,Unassigned,0,4,0,0.0,0.0,90054.0,-4,0,3,0,-3,0,,0,1,0,-1,0
2020-04-15,US,West Virginia,Upshur,3,0,0,38.89285061,-80.23689136,54097.0,3,3,0,0,3,3,24415,0,0,0,0,0
2020-04-15,US,West Virginia,Wayne,61,0,0,38.14901357,-82.42287994,54099.0,61,19,0,0,19,17,39944,42,0,0,42,2
2020-04-15,US,West Virginia,Wetzel,3,0,0,39.6065771,-80.64016540000001,54103.0,3,3,0,0,3,3,15270,0,0,0,0,0
2020-04-15,US,West Virginia,Wirt,2,0,0,39.02775007,-81.37473928,54105.0,2,2,0,0,2,2,5830,0,0,0,0,0
2020-04-15,US,West Virginia,Wood,22,0,0,39.20967886,-81.5162836,54107.0,22,21,0,0,21,18,84203,1,0,0,1,3
2020-04-15,US,West Virginia,Wyoming,1,0,0,37.612327,-81.54511071,54109.0,1,1,0,0,1,1,20786,0,0,0,0,0
2020-04-15,US,Wisconsin,Adams,3,1,0,43.96974651,-89.76782777,55001.0,2,3,0,0,3,3,20348,0,1,0,-1,0
2020-04-15,US,Wisconsin,Ashland,2,0,0,46.31956891,-90.67837132,55003.0,2,2,0,0,2,2,15600,0,0,0,0,0
2020-04-15,US,Wisconsin,Barron,6,0,0,45.42372701,-91.84833627,55005.0,6,6,0,0,6,6,45164,0,0,0,0,0
2020-04-15,US,Wisconsin,Bayfield,3,0,0,46.52868768,-91.19716729,55007.0,3,3,0,0,3,3,15042,0,0,0,0,0
2020-04-15,US,Wisconsin,Brown,114,1,0,44.4526553,-88.00411844,55009.0,113,97,1,0,96,77,263378,17,0,0,17,20
2020-04-15,US,Wisconsin,Buffalo,4,1,0,44.37835084,-91.75332578,55011.0,3,4,1,0,3,3,13125,0,0,0,0,1
2020-04-15,US,Wisconsin,Calumet,5,0,0,44.0816316,-88.21780273,55015.0,5,5,0,0,5,5,50159,0,0,0,0,0
2020-04-15,US,Wisconsin,Chippewa,20,0,0,45.06939744,-91.28068855,55017.0,20,20,0,0,20,20,64135,0,0,0,0,0
2020-04-15,US,Wisconsin,Clark,9,0,0,44.73483377,-90.61207486,55019.0,9,8,0,0,8,8,34709,1,0,0,1,0
2020-04-15,US,Wisconsin,Columbia,27,1,0,43.46492199,-89.33589004,55021.0,26,25,1,0,24,25,57358,2,0,0,2,0
2020-04-15,US,Wisconsin,Crawford,3,0,0,43.23870316,-90.93073686,55023.0,3,3,0,0,3,3,16291,0,0,0,0,0
2020-04-15,US,Wisconsin,Dane,351,13,0,43.06601594,-89.41733797,55025.0,338,344,12,0,332,340,542364,7,1,0,6,4
2020-04-15,US,Wisconsin,Dodge,19,1,0,43.41576662,-88.70928178,55027.0,18,19,1,0,18,19,87847,0,0,0,0,0
2020-04-15,US,Wisconsin,Door,9,1,0,44.95856458,-87.30002707,55029.0,8,9,1,0,8,9,27610,0,0,0,0,0
2020-04-15,US,Wisconsin,Douglas,7,0,0,46.43222285,-91.91595768,55031.0,7,7,0,0,7,7,43208,0,0,0,0,0
2020-04-15,US,Wisconsin,Dunn,9,0,0,44.94562799,-91.8962481,55033.0,9,9,0,0,9,9,45131,0,0,0,0,0
2020-04-15,US,Wisconsin,Eau Claire,21,0,0,44.726614,-91.28609183,55035.0,21,21,0,0,21,21,104534,0,0,0,0,0
2020-04-15,US,Wisconsin,Florence,2,0,0,45.84963535,-88.39804137,55037.0,2,2,0,0,2,2,4321,0,0,0,0,0
2020-04-15,US,Wisconsin,Fond du Lac,59,3,0,43.75354908,-88.48885325,55039.0,56,59,2,0,57,57,103066,0,1,0,-1,2
2020-04-15,US,Wisconsin,Grant,8,1,0,42.8671731,-90.7063218,55043.0,7,8,1,0,7,6,51554,0,0,0,0,2
2020-04-15,US,Wisconsin,Green,9,0,0,42.6794956,-89.60243287,55045.0,9,9,0,0,9,9,36929,0,0,0,0,0
2020-04-15,US,Wisconsin,Green Lake,1,0,0,43.80025981,-89.04679553,55047.0,1,1,0,0,1,1,18918,0,0,0,0,0
2020-04-15,US,Wisconsin,Iowa,5,0,0,43.00050278,-90.13469017,55049.0,5,5,0,0,5,5,23771,0,0,0,0,0
2020-04-15,US,Wisconsin,Iron,2,1,0,46.26302338,-90.24295041,55051.0,1,2,1,0,1,2,5676,0,0,0,0,0
2020-04-15,US,Wisconsin,Jackson,10,1,0,44.31864893,-90.80566792,55053.0,9,10,1,0,9,10,20478,0,0,0,0,0
2020-04-15,US,Wisconsin,Jefferson,24,0,0,43.02054068,-88.77529134,55055.0,24,24,0,0,24,24,85129,0,0,0,0,0
2020-04-15,US,Wisconsin,Juneau,7,1,0,43.92456975,-90.11120239,55057.0,6,7,1,0,6,7,26617,0,0,0,0,0
2020-04-15,US,Wisconsin,Kenosha,204,4,0,42.57639354,-88.04051686,55059.0,200,186,3,0,183,182,169290,18,1,0,17,4
2020-04-15,US,Wisconsin,Kewaunee,5,1,0,44.51727459,-87.61468386,55061.0,4,4,0,0,4,4,20383,1,1,0,0,0
2020-04-15,US,Wisconsin,La Crosse,25,0,0,43.90632465,-91.11451093,55063.0,25,25,0,0,25,25,118230,0,0,0,0,0
2020-04-15,US,Wisconsin,Lafayette,3,0,0,42.66005229,-90.1317729,55065.0,3,3,0,0,3,3,16665,0,0,0,0,0
2020-04-15,US,Wisconsin,Manitowoc,4,0,0,44.11946801,-87.80928853,55071.0,4,4,0,0,4,3,79074,0,0,0,0,1
2020-04-15,US,Wisconsin,Marathon,14,1,0,44.89792533,-89.75863384,55073.0,13,14,1,0,13,14,135428,0,0,0,0,0
2020-04-15,US,Wisconsin,Marinette,4,1,0,45.38553432,-88.03324599999998,55075.0,3,4,0,0,4,3,40434,0,1,0,-1,1
2020-04-15,US,Wisconsin,Marquette,3,0,0,43.81911946,-89.40073763,55077.0,3,2,0,0,2,2,15434,1,0,0,1,0
2020-04-15,US,Wisconsin,Menominee,1,0,0,45.00422544,-88.70950714,55078.0,1,1,0,0,1,1,4658,0,0,0,0,0
2020-04-15,US,Wisconsin,Milwaukee,1870,105,0,43.00486062,-87.96733172,55079.0,1765,1795,101,0,1694,1743,948201,75,4,0,71,52
2020-04-15,US,Wisconsin,Monroe,10,1,0,43.94641218,-90.618819,55081.0,9,8,1,0,7,8,46051,2,0,0,2,0
2020-04-15,US,Wisconsin,Oconto,4,0,0,45.02715345,-88.26807503,55083.0,4,4,0,0,4,3,37830,0,0,0,0,1
2020-04-15,US,Wisconsin,Oneida,6,0,0,45.70677897,-89.51944105,55085.0,6,6,0,0,6,6,35470,0,0,0,0,0
2020-04-15,US,Wisconsin,Outagamie,31,2,0,44.41578887,-88.46565023,55087.0,29,29,2,0,27,29,187365,2,0,0,2,0
2020-04-15,US,Wisconsin,Ozaukee,77,9,0,43.38352225,-87.94625009,55089.0,68,73,9,0,64,72,89147,4,0,0,4,1
2020-04-15,US,Wisconsin,Pierce,7,0,0,44.71850291,-92.4224416,55093.0,7,7,0,0,7,7,42555,0,0,0,0,0
2020-04-15,US,Wisconsin,Polk,3,0,0,45.46130348,-92.44182875,55095.0,3,3,0,0,3,3,43598,0,0,0,0,0
2020-04-15,US,Wisconsin,Portage,4,0,0,44.47558711,-89.50152965,55097.0,4,4,0,0,4,4,70942,0,0,0,0,0
2020-04-15,US,Wisconsin,Price,1,0,0,45.68051754,-90.3609888,55099.0,1,1,0,0,1,1,13397,0,0,0,0,0
2020-04-15,US,Wisconsin,Racine,138,6,0,42.74753117,-88.05941254,55101.0,132,135,5,0,130,117,196584,3,1,0,2,18
2020-04-15,US,Wisconsin,Richland,7,0,0,43.3762778,-90.43012729,55103.0,7,6,0,0,6,5,17377,1,0,0,1,1
2020-04-15,US,Wisconsin,Rock,62,4,0,42.67151616,-89.07147900000002,55105.0,58,59,4,0,55,60,163129,3,0,0,3,-1
2020-04-15,US,Wisconsin,Rusk,3,0,0,45.47498854,-91.1333012,55107.0,3,3,0,0,3,3,14147,0,0,0,0,0
2020-04-15,US,Wisconsin,Sauk,31,4,0,43.42574087,-89.94966132,55111.0,27,28,4,0,24,26,64249,3,0,0,3,2
2020-04-15,US,Wisconsin,Sawyer,2,0,0,45.87931905,-91.14504927,55113.0,2,2,0,0,2,1,16489,0,0,0,0,1
2020-04-15,US,Wisconsin,Shawano,6,0,0,44.78902246,-88.76443896,55115.0,6,6,0,0,6,5,40796,0,0,0,0,1
2020-04-15,US,Wisconsin,Sheboygan,37,2,0,43.72099677,-87.94579284,55117.0,35,36,2,0,34,36,115456,1,0,0,1,0
2020-04-15,US,Wisconsin,St. Croix,10,0,0,45.03437474,-92.45000068,55109.0,10,10,0,0,10,10,89694,0,0,0,0,0
2020-04-15,US,Wisconsin,Trempealeau,1,0,0,44.30360275,-91.35893614,55121.0,1,1,0,0,1,1,29442,0,0,0,0,0
2020-04-15,US,Wisconsin,Unassigned,1,0,0,0.0,0.0,90055.0,1,1,0,0,1,,,0,0,0,0,
2020-04-15,US,Wisconsin,Vilas,4,0,0,46.05467334,-89.51719204,55125.0,4,4,0,0,4,4,21938,0,0,0,0,0
2020-04-15,US,Wisconsin,Walworth,49,2,0,42.66858202,-88.54163073,55127.0,47,45,1,0,44,38,103718,4,1,0,3,7
2020-04-15,US,Wisconsin,Washington,78,3,0,43.36863664,-88.22974712,55131.0,75,73,3,0,70,73,135693,5,0,0,5,0
2020-04-15,US,Wisconsin,Waukesha,238,10,0,43.01833055,-88.30431188,55133.0,228,224,9,0,215,218,403072,14,1,0,13,6
2020-04-15,US,Wisconsin,Waupaca,4,1,0,44.47068056,-88.96534501,55135.0,3,4,1,0,3,4,51128,0,0,0,0,0
2020-04-15,US,Wisconsin,Waushara,2,0,0,44.11324419,-89.24317107,55137.0,2,2,0,0,2,2,24263,0,0,0,0,0
2020-04-15,US,Wisconsin,Winnebago,31,1,0,44.06886922,-88.64477096,55139.0,30,29,1,0,28,27,171020,2,0,0,2,2
2020-04-15,US,Wisconsin,Wood,2,0,0,44.45537896,-90.04158336,55141.0,2,2,0,0,2,2,73055,0,0,0,0,0
2020-04-15,US,Wyoming,Albany,5,0,0,41.65498705,-105.7235415,56001.0,5,5,0,0,5,5,38601,0,0,0,0,0
2020-04-15,US,Wyoming,Big Horn,1,0,0,44.52405055,-107.9960365,56003.0,1,1,0,0,1,1,11881,0,0,0,0,0
2020-04-15,US,Wyoming,Campbell,13,0,0,44.24886082,-105.5474404,56005.0,13,13,0,0,13,11,46140,0,0,0,0,2
2020-04-15,US,Wyoming,Carbon,4,0,0,41.69357844,-106.9326084,56007.0,4,4,0,0,4,4,14971,0,0,0,0,0
2020-04-15,US,Wyoming,Converse,8,0,0,42.97272268,-105.5081848,56009.0,8,8,0,0,8,8,13640,0,0,0,0,0
2020-04-15,US,Wyoming,Crook,4,0,0,44.58855102,-104.5697705,56011.0,4,3,0,0,3,3,7450,1,0,0,1,0
2020-04-15,US,Wyoming,Fremont,42,0,0,43.04183996,-108.6296893,56013.0,42,42,0,0,42,41,39531,0,0,0,0,1
2020-04-15,US,Wyoming,Goshen,3,0,0,42.08798185,-104.3534743,56015.0,3,3,0,0,3,3,13376,0,0,0,0,0
2020-04-15,US,Wyoming,Hot Springs,1,0,0,43.71930657,-108.4423174,56017.0,1,1,0,0,1,1,4555,0,0,0,0,0
2020-04-15,US,Wyoming,Johnson,11,1,0,44.04057166,-106.5845174,56019.0,10,11,1,0,10,11,8460,0,0,0,0,0
2020-04-15,US,Wyoming,Laramie,64,0,0,41.30702520000001,-104.6887497,56021.0,64,62,0,0,62,60,98976,2,0,0,2,2
2020-04-15,US,Wyoming,Lincoln,5,0,0,42.26376367,-110.6563997,56023.0,5,5,0,0,5,5,19434,0,0,0,0,0
2020-04-15,US,Wyoming,Natrona,34,0,0,42.96180148,-106.797885,56025.0,34,34,0,0,34,33,79115,0,0,0,0,1
2020-04-15,US,Wyoming,Niobrara,1,0,0,43.05607708,-104.4758896,56027.0,1,1,0,0,1,1,2388,0,0,0,0,0
2020-04-15,US,Wyoming,Park,1,0,0,44.52157546,-109.5852825,56029.0,1,1,0,0,1,1,29324,0,0,0,0,0
2020-04-15,US,Wyoming,Sheridan,12,0,0,44.79048913,-106.8862389,56033.0,12,12,0,0,12,12,30233,0,0,0,0,0
2020-04-15,US,Wyoming,Sublette,1,0,0,42.76558279,-109.9130922,56035.0,1,1,0,0,1,1,9813,0,0,0,0,0
2020-04-15,US,Wyoming,Sweetwater,10,0,0,41.65943896,-108.8827882,56037.0,10,9,0,0,9,9,43051,1,0,0,1,0
2020-04-15,US,Wyoming,Teton,58,0,0,43.93522482,-110.5890801,56039.0,58,57,0,0,57,56,23081,1,0,0,1,1
2020-04-15,US,Wyoming,Uinta,4,0,0,41.2878183,-110.54757820000002,56041.0,4,4,0,0,4,4,20299,0,0,0,0,0
2020-04-15,US,Wyoming,Washakie,5,0,0,43.90451606,-107.68018700000002,56043.0,5,5,0,0,5,5,7885,0,0,0,0,0
