Date,Country/Region,Province/State,Admin2,Confirmed,Deaths,Recovered,Latitude,Longitude,FIPS,Incidence_Rate,Case-Fatality_Ratio,Active Cases,Previous Confirmed,Previous Deaths,Previous Recovered,Previous Active,Prev2 Confirmed,Population,Daily Confirmed,Daily Deaths,Daily Recovered,Daily Active,Previous Daily Confirmed
2020-07-02,US,Alabama,Autauga,553,12,0,32.53952745,-86.64408227,1001.0,989.8154611680897,2.16998191681736,541,545,11,0,534,530,55601,8,1,0,7,15
2020-07-02,US,Alabama,Baldwin,735,9,0,30.72774991,-87.72207058,1003.0,329.25092055869624,1.2244897959183674,726,686,9,0,677,663,218022,49,0,0,49,23
2020-07-02,US,Alabama,Barbour,333,1,0,31.868263,-85.3871286,1005.0,1348.9427205703635,0.3003003003003003,332,323,1,0,322,322,24881,10,0,0,10,1
2020-07-02,US,Alabama,Bibb,176,1,0,32.99642064,-87.12511459999996,1007.0,785.9248012860588,0.5681818181818182,175,171,1,0,170,167,22400,5,0,0,5,4
2020-07-02,US,Alabama,Blount,218,1,0,33.98210918,-86.56790593,1009.0,376.9930481098468,0.4587155963302753,217,214,1,0,213,204,57840,4,0,0,4,10
2020-07-02,US,Alabama,Bullock,364,9,0,32.10030533,-85.71265535,1011.0,3603.603603603604,2.4725274725274726,355,362,9,0,353,360,10138,2,0,0,2,2
2020-07-02,US,Alabama,Butler,607,27,0,31.75300095,-86.68057478,1013.0,3121.1435623200327,4.448105436573312,580,604,27,0,577,604,19680,3,0,0,3,0
2020-07-02,US,Alabama,Calhoun,280,5,0,33.77483727,-85.82630386,1015.0,246.46802517494828,1.7857142857142858,275,270,5,0,265,268,114277,10,0,0,10,2
2020-07-02,US,Alabama,Chambers,600,27,0,32.91360079,-85.39072749,1017.0,1804.2942202441807,4.5,573,581,27,0,554,576,33615,19,0,0,19,5
2020-07-02,US,Alabama,Cherokee,79,7,0,34.17805983,-85.60638968,1019.0,301.5727591998778,8.860759493670884,72,74,7,0,67,71,26032,5,0,0,5,3
2020-07-02,US,Alabama,Chilton,215,2,0,32.85044126,-86.7173256,1021.0,483.9290537498874,0.9302325581395348,213,211,2,0,209,206,44153,4,0,0,4,5
2020-07-02,US,Alabama,Choctaw,192,12,0,32.02227341,-88.26564429999998,1023.0,1525.1409961077136,6.25,180,192,12,0,180,191,12841,0,0,0,0,1
2020-07-02,US,Alabama,Clarke,268,6,0,31.68099859,-87.83548597,1025.0,1134.5356024045382,2.238805970149253,262,266,5,0,261,264,23920,2,1,0,1,2
2020-07-02,US,Alabama,Clay,61,2,0,33.26984193,-85.85836077,1027.0,460.89913109180196,3.278688524590164,59,58,2,0,56,53,13275,3,0,0,3,5
2020-07-02,US,Alabama,Cleburne,30,1,0,33.67679204,-85.52005899,1029.0,201.20724346076457,3.333333333333333,29,29,1,0,28,29,14987,1,0,0,1,0
2020-07-02,US,Alabama,Coffee,359,2,0,31.39932826,-85.98901039,1031.0,685.8736769706927,0.5571030640668524,357,353,2,0,351,352,51909,6,0,0,6,1
2020-07-02,US,Alabama,Colbert,377,5,0,34.69847452,-87.80168544,1033.0,682.4641118010172,1.326259946949602,372,368,5,0,363,363,54762,9,0,0,9,5
2020-07-02,US,Alabama,Conecuh,186,6,0,31.43401703,-86.99320044,1035.0,1541.3938841468466,3.2258064516129035,180,180,4,0,176,178,12277,6,2,0,4,2
2020-07-02,US,Alabama,Coosa,57,1,0,32.93690146,-86.24847739,1037.0,534.558754571884,1.7543859649122806,56,55,1,0,54,55,10715,2,0,0,2,0
2020-07-02,US,Alabama,Covington,332,7,0,31.2477854,-86.45050893,1039.0,896.1105562903183,2.108433734939759,325,308,7,0,301,308,36986,24,0,0,24,0
2020-07-02,US,Alabama,Crenshaw,124,3,0,31.72941803,-86.31593104,1041.0,900.3775776938718,2.419354838709677,121,123,3,0,120,122,13824,1,0,0,1,1
2020-07-02,US,Alabama,Cullman,411,4,0,34.13020303,-86.86888037,1043.0,490.6408174959412,0.97323600973236,407,400,3,0,397,398,83442,11,1,0,10,2
2020-07-02,US,Alabama,Dale,262,0,0,31.43037123,-85.61095742,1045.0,532.8235581225089,0.0,262,244,0,0,244,241,48956,18,0,0,18,3
2020-07-02,US,Alabama,Dallas,841,9,0,32.32688101,-87.10866709999998,1047.0,2260.995806000645,1.070154577883472,832,819,8,0,811,808,38310,22,1,0,21,11
2020-07-02,US,Alabama,DeKalb,641,5,0,34.45946862,-85.80782906,1049.0,896.3405254988603,0.7800312012480499,636,602,5,0,597,576,71385,39,0,0,39,26
2020-07-02,US,Alabama,Elmore,836,14,0,32.59785413,-86.14415284,1051.0,1029.4425494711174,1.6746411483253592,822,813,14,0,799,806,81887,23,0,0,23,7
2020-07-02,US,Alabama,Escambia,293,6,0,31.1256789,-87.15918694,1053.0,799.8252941337047,2.04778156996587,287,263,6,0,257,258,36748,30,0,0,30,5
2020-07-02,US,Alabama,Etowah,644,13,0,34.04567266,-86.04051873,1055.0,629.7179958540306,2.018633540372671,631,625,13,0,612,606,102501,19,0,0,19,19
2020-07-02,US,Alabama,Fayette,67,1,0,33.72076938,-87.73886638,1057.0,410.9925162556742,1.492537313432836,66,67,1,0,66,66,16433,0,0,0,0,1
2020-07-02,US,Alabama,Franklin,863,14,0,34.44235334,-87.84289505,1059.0,2751.737771825776,1.6222479721900347,849,852,13,0,839,843,31363,11,1,0,10,9
2020-07-02,US,Alabama,Geneva,70,0,0,31.09389027,-85.83572839,1061.0,266.4535038635758,0.0,70,67,0,0,67,63,26314,3,0,0,3,4
2020-07-02,US,Alabama,Greene,178,8,0,32.85504247,-87.95684022,1063.0,2194.550610282333,4.49438202247191,170,166,7,0,159,164,8233,12,1,0,11,2
2020-07-02,US,Alabama,Hale,296,21,0,32.76039258,-87.63284988,1065.0,2020.3399085386664,7.094594594594594,275,293,21,0,272,285,14726,3,0,0,3,8
2020-07-02,US,Alabama,Henry,130,3,0,31.51148016,-85.24267944,1067.0,755.5943039814008,2.3076923076923075,127,130,3,0,127,129,17209,0,0,0,0,1
2020-07-02,US,Alabama,Houston,446,4,0,31.15197924,-85.29939599,1069.0,421.22362630097655,0.8968609865470852,442,434,4,0,430,424,104722,12,0,0,12,10
2020-07-02,US,Alabama,Jackson,252,2,0,34.78144169,-85.99750489,1071.0,488.12613799248436,0.7936507936507936,250,238,2,0,236,210,51736,14,0,0,14,28
2020-07-02,US,Alabama,Jefferson,4532,143,0,33.55554728,-86.89506300000002,1073.0,688.1545401952403,3.155339805825242,4389,4387,142,0,4245,4210,659300,145,1,0,144,177
2020-07-02,US,Alabama,Lamar,71,1,0,33.77995024,-88.09668032,1075.0,514.3064107207533,1.4084507042253518,70,71,1,0,70,71,13844,0,0,0,0,0
2020-07-02,US,Alabama,Lauderdale,457,6,0,34.90171875,-87.65624729,1077.0,492.8339570145262,1.312910284463895,451,444,6,0,438,410,92387,13,0,0,13,34
2020-07-02,US,Alabama,Lawrence,100,0,0,34.52041498,-87.31069453,1079.0,303.7298019681691,0.0,100,101,0,0,101,100,32957,-1,0,0,-1,1
2020-07-02,US,Alabama,Lee,1245,37,0,32.60154883,-85.35132246,1081.0,756.6457196338928,2.9718875502008038,1208,1189,37,0,1152,1167,163941,56,0,0,56,22
2020-07-02,US,Alabama,Limestone,429,0,0,34.81185586,-86.98310072,1083.0,433.7057069200828,0.0,429,409,0,0,409,403,96174,20,0,0,20,6
2020-07-02,US,Alabama,Lowndes,458,20,0,32.1597283,-86.65158371,1085.0,4709.027349372816,4.366812227074236,438,458,20,0,438,457,9974,0,0,0,0,1
2020-07-02,US,Alabama,Macon,177,8,0,32.38759944,-85.69267724,1087.0,979.6324994465352,4.519774011299434,169,170,8,0,162,166,18439,7,0,0,7,4
2020-07-02,US,Alabama,Madison,1104,7,0,34.76327133,-86.55069633,1089.0,296.05077914450976,0.6340579710144928,1097,1057,7,0,1050,1021,366519,47,0,0,47,36
2020-07-02,US,Alabama,Marengo,299,11,0,32.24767634,-87.78796182,1091.0,1585.1137146795313,3.6789297658862883,288,286,11,0,275,277,19066,13,0,0,13,9
2020-07-02,US,Alabama,Marion,206,13,0,34.13697363,-87.88704173,1093.0,693.3925746406813,6.310679611650484,193,203,12,0,191,200,29763,3,1,0,2,3
2020-07-02,US,Alabama,Marshall,1622,10,0,34.36975964,-86.30486727,1095.0,1676.0700188067042,0.6165228113440198,1612,1537,10,0,1527,1495,96109,85,0,0,85,42
2020-07-02,US,Alabama,Mobile,3797,134,0,30.78472347,-88.20842409,1097.0,918.9032211224317,3.5291019225704505,3663,3697,134,0,3563,3634,413757,100,0,0,100,63
2020-07-02,US,Alabama,Monroe,205,2,0,31.56729412,-87.36995001,1099.0,988.761877200598,0.975609756097561,203,197,2,0,195,194,21067,8,0,0,8,3
2020-07-02,US,Alabama,Montgomery,3875,102,0,32.2206831,-86.20969272,1101.0,1710.9225294278674,2.632258064516129,3773,3839,99,0,3740,3788,225763,36,3,0,33,51
2020-07-02,US,Alabama,Morgan,1020,3,0,34.45500589,-86.85475946,1103.0,852.2798485949916,0.29411764705882354,1017,981,3,0,978,955,119089,39,0,0,39,26
2020-07-02,US,Alabama,Perry,154,1,0,32.64048341,-87.29770589,1105.0,1725.8769472150625,0.6493506493506493,153,145,1,0,144,135,9140,9,0,0,9,10
2020-07-02,US,Alabama,Pickens,217,6,0,33.28094866,-88.08818103,1107.0,1088.8108379327646,2.7649769585253456,211,211,6,0,205,204,19938,6,0,0,6,7
2020-07-02,US,Alabama,Pike,407,5,0,31.80396383,-85.9408295,1109.0,1229.0873950594914,1.2285012285012284,402,399,5,0,394,396,33338,8,0,0,8,3
2020-07-02,US,Alabama,Randolph,188,9,0,33.29526734,-85.45708831,1111.0,827.3919549335446,4.787234042553191,179,170,9,0,161,169,22725,18,0,0,18,1
2020-07-02,US,Alabama,Russell,503,0,0,32.28725256,-85.18415324,1113.0,867.8249167543692,0.0,503,484,0,0,484,469,57781,19,0,0,19,15
2020-07-02,US,Alabama,Shelby,1109,23,0,33.26879845,-86.66232561,1117.0,509.4119484432849,2.0739404869251583,1086,1082,23,0,1059,1056,215707,27,0,0,27,26
2020-07-02,US,Alabama,St. Clair,319,2,0,33.71902176,-86.31029372,1115.0,356.3767986415229,0.6269592476489029,317,304,2,0,302,292,88690,15,0,0,15,12
2020-07-02,US,Alabama,Sumter,279,12,0,32.59117397,-88.19916205,1119.0,2245.111450873099,4.301075268817204,267,276,12,0,264,275,12691,3,0,0,3,1
2020-07-02,US,Alabama,Talladega,282,7,0,33.37823223,-86.16886178,1121.0,352.59696416514544,2.482269503546099,275,267,7,0,260,257,79828,15,0,0,15,10
2020-07-02,US,Alabama,Tallapoosa,572,69,0,32.86698258,-85.79833053,1123.0,1416.9990338642954,12.062937062937063,503,563,69,0,494,560,40497,9,0,0,9,3
2020-07-02,US,Alabama,Tuscaloosa,2107,39,0,33.28726072,-87.52556818,1125.0,1006.4244942800508,1.8509729473184624,2068,2049,38,0,2011,1964,208911,58,1,0,57,85
2020-07-02,US,Alabama,Unassigned,507,24,0,0.0,0.0,90001.0,0.0,4.733727810650888,483,520,25,0,495,509,,-13,-1,0,-12,11
2020-07-02,US,Alabama,Walker,871,23,0,33.80270512,-87.30027177,1127.0,1371.200075565561,2.640642939150402,848,867,23,0,844,843,63711,4,0,0,4,24
2020-07-02,US,Alabama,Washington,102,7,0,31.4092794,-88.20689944,1129.0,624.7703050349138,6.862745098039214,95,100,7,0,93,98,16378,2,0,0,2,2
2020-07-02,US,Alabama,Wilcox,284,8,0,31.98773215,-87.30891118,1131.0,2737.877181143353,2.8169014084507036,276,280,8,0,272,278,10627,4,0,0,4,2
2020-07-02,US,Alabama,Winston,237,3,0,34.15030532,-87.37325922,1133.0,1003.0047822590884,1.2658227848101269,234,233,3,0,230,229,23660,4,0,0,4,4
2020-07-02,US,Alaska,Anchorage,472,6,0,61.14998174,-149.14269860000005,2020.0,163.88888888888889,1.2711864406779658,466,457,6,0,451,440,291538,15,0,0,15,17
2020-07-02,US,Alaska,Bethel,9,0,0,60.90980451,-159.8561831,2050.0,48.950288262808655,0.0,9,9,0,0,9,9,18216,0,0,0,0,0
2020-07-02,US,Alaska,Fairbanks North Star,149,2,0,64.80726247,-146.5692662,2090.0,153.847742361821,1.342281879194631,147,147,2,0,145,144,98971,2,0,0,2,3
2020-07-02,US,Alaska,Haines,2,0,0,59.09893571,-135.4679843,2100.0,79.05138339920948,0.0,2,2,0,0,2,2,2474,0,0,0,0,0
2020-07-02,US,Alaska,Juneau,44,2,0,58.45031811,-134.200436,2110.0,137.61180959529617,4.545454545454546,42,44,2,0,42,44,32113,0,0,0,0,0
2020-07-02,US,Alaska,Kenai Peninsula,155,2,0,60.24429722,-151.53888840000005,2122.0,264.0185323976289,1.2903225806451613,153,151,2,0,149,146,58533,4,0,0,4,5
2020-07-02,US,Alaska,Ketchikan Gateway,22,0,0,55.57445008,-130.975561,2130.0,158.26199553988926,0.0,22,22,0,0,22,21,13918,0,0,0,0,1
2020-07-02,US,Alaska,Kodiak Island,4,0,0,57.65529415,-153.7493579,2150.0,30.773965225419296,0.0,4,3,0,0,3,3,13345,1,0,0,1,0
2020-07-02,US,Alaska,Matanuska-Susitna,102,1,0,62.31305045,-149.5741743,2170.0,94.16804379737252,0.9803921568627452,101,88,1,0,87,81,107610,14,0,0,14,7
2020-07-02,US,Alaska,Nome,8,0,0,64.90320724,-164.0353804,2180.0,79.96801279488204,0.0,8,8,0,0,8,7,10008,0,0,0,0,1
2020-07-02,US,Alaska,North Slope,4,0,0,69.31479216,-153.4836093,2185.0,40.68348250610252,0.0,4,4,0,0,4,4,9872,0,0,0,0,0
2020-07-02,US,Alaska,Northwest Arctic,5,0,0,67.04919196,-159.7503946,2188.0,65.60818790185014,0.0,5,5,0,0,5,4,7671,0,0,0,0,1
2020-07-02,US,Alaska,Petersburg,4,1,0,57.13978948,-132.9540995,2195.0,122.47397428046541,25.0,3,4,1,0,3,4,3221,0,0,0,0,0
2020-07-02,US,Alaska,Prince of Wales-Hyder,2,0,0,55.76261984,-133.0511621,2198.0,32.24246332419797,0.0,2,2,0,0,2,2,6422,0,0,0,0,0
2020-07-02,US,Alaska,Sitka,13,0,0,57.24124555,-135.3206587,2220.0,153.06723183798422,0.0,13,12,0,0,12,12,8647,1,0,0,1,0
2020-07-02,US,Alaska,Southeast Fairbanks,10,0,0,63.87692095,-143.2127643,2240.0,145.07471347744092,0.0,10,8,0,0,8,5,6918,2,0,0,2,3
2020-07-02,US,Alaska,Valdez-Cordova,3,0,0,61.47502768,-144.7126799,2261.0,32.60160834601174,0.0,3,3,0,0,3,3,9164,0,0,0,0,0
2020-07-02,US,Alaska,Wrangell,3,0,0,56.3202004,-132.05837309999998,2275.0,119.90407673860909,0.0,3,3,0,0,3,3,2503,0,0,0,0,0
2020-07-02,US,Alaska,Yukon-Koyukuk,3,0,0,65.50815459,-151.3907387,2290.0,57.361376673040155,0.0,3,3,0,0,3,3,5327,0,0,0,0,0
2020-07-02,US,Arizona,Apache,2405,91,0,35.39465006,-109.4892383,4001.0,3345.5283987369066,3.783783783783784,2314,2381,90,0,2291,2337,71818,24,1,0,23,44
2020-07-02,US,Arizona,Cochise,678,12,0,31.87934684,-109.7516088,4003.0,538.4285510077667,1.7699115044247788,666,657,12,0,645,614,126770,21,0,0,21,43
2020-07-02,US,Arizona,Coconino,1986,95,0,35.83883429,-111.7707178,4005.0,1384.2036298753799,4.783484390735146,1891,1941,94,0,1847,1885,142854,45,1,0,44,56
2020-07-02,US,Arizona,Gila,314,6,0,33.80190085,-110.8132779,4007.0,581.2877189085119,1.9108280254777068,308,309,6,0,303,292,53889,5,0,0,5,17
2020-07-02,US,Arizona,Graham,117,1,0,32.93166885,-109.8882178,4009.0,301.25910858202235,0.8547008547008547,116,108,1,0,107,96,38072,9,0,0,9,12
2020-07-02,US,Arizona,Greenlee,19,1,0,33.21498827,-109.2405279,4011.0,200.04211412929038,5.2631578947368425,18,18,1,0,17,18,9483,1,0,0,1,0
2020-07-02,US,Arizona,La Paz,346,6,0,33.72854224,-113.9810029,4012.0,1639.1889331059315,1.7341040462427746,340,345,5,0,340,342,21098,1,1,0,0,3
2020-07-02,US,Arizona,Maricopa,54757,843,0,33.34835867,-112.4918154,4013.0,1220.7791744530161,1.5395291926146428,53914,52266,817,0,51449,48592,4410824,2491,26,0,2465,3674
2020-07-02,US,Arizona,Mohave,1248,88,0,35.70471703,-113.7577902,4015.0,588.1770752329378,7.05128205128205,1160,1142,87,0,1055,1071,209550,106,1,0,105,71
2020-07-02,US,Arizona,Navajo,3744,131,0,35.3997715,-110.3218983,4017.0,3375.2839782193214,3.4989316239316235,3613,3703,130,0,3573,3625,110445,41,1,0,40,78
2020-07-02,US,Arizona,Pima,8577,280,0,32.0971334,-111.7890033,4019.0,818.9794696542183,3.2645447126034743,8297,8387,280,0,8107,8004,1039073,190,0,0,190,383
2020-07-02,US,Arizona,Pinal,3908,74,0,32.90525627,-111.3449483,4021.0,844.4453087692232,1.893551688843398,3834,3777,71,0,3706,3574,447138,131,3,0,128,203
2020-07-02,US,Arizona,Santa Cruz,1849,22,0,31.52508998,-110.8479088,4023.0,3976.5151189298467,1.189832341806382,1827,1802,22,0,1780,1771,46511,47,0,0,47,31
2020-07-02,US,Arizona,Yavapai,814,11,0,34.59933926,-112.5538588,4025.0,346.23711712937967,1.351351351351351,803,771,10,0,761,781,231993,43,1,0,42,-10
2020-07-02,US,Arizona,Yuma,6683,103,0,32.76895712,-113.90666740000002,4027.0,3126.008597342215,1.5412240011970673,6580,6498,98,0,6400,6225,212128,185,5,0,180,273
2020-07-02,US,Arkansas,Arkansas,30,0,0,34.29145151,-91.37277296,5001.0,171.5658240878417,0.0,30,31,0,0,31,28,17769,-1,0,0,-1,3
2020-07-02,US,Arkansas,Ashley,77,1,0,33.19153461,-91.7698471,5003.0,391.717963066592,1.2987012987012987,76,74,1,0,73,71,20046,3,0,0,3,3
2020-07-02,US,Arkansas,Baxter,24,0,0,36.28784385,-92.33782872,5005.0,57.23552418200897,0.0,24,20,0,0,20,20,41619,4,0,0,4,0
2020-07-02,US,Arkansas,Benton,2834,20,0,36.33644656,-94.25680817,5007.0,1015.2575221841291,0.7057163020465773,2814,2752,19,0,2733,2723,272608,82,1,0,81,29
2020-07-02,US,Arkansas,Boone,28,1,0,36.3084504,-93.09374925,5009.0,74.80230818550974,3.571428571428572,27,27,1,0,26,26,37480,1,0,0,1,1
2020-07-02,US,Arkansas,Bradley,52,2,0,33.46755808,-92.15980837,5011.0,483.1366719316177,3.8461538461538463,50,52,2,0,50,52,10897,0,0,0,0,0
2020-07-02,US,Arkansas,Calhoun,1,0,0,33.55598792,-92.49974403,5013.0,19.27153594141453,0.0,1,,,,,,5277,,,,,
2020-07-02,US,Arkansas,Carroll,172,5,0,36.34038560000001,-93.54270261,5015.0,606.060606060606,2.9069767441860463,167,168,5,0,163,168,28223,4,0,0,4,0
2020-07-02,US,Arkansas,Chicot,150,3,0,33.26458973,-91.29539209,5017.0,1482.506424194505,2.0,147,139,3,0,136,134,10438,11,0,0,11,5
2020-07-02,US,Arkansas,Clark,57,0,0,34.04613432,-93.17484713,5019.0,255.3763440860215,0.0,57,57,0,0,57,56,22061,0,0,0,0,1
2020-07-02,US,Arkansas,Clay,62,3,0,36.36826212,-90.4148172,5021.0,426.08755411999175,4.838709677419356,59,59,3,0,56,54,14847,3,0,0,3,5
2020-07-02,US,Arkansas,Cleburne,101,4,0,35.53864922,-92.02640019,5023.0,405.3132148160038,3.96039603960396,97,92,4,0,88,85,24965,9,0,0,9,7
2020-07-02,US,Arkansas,Cleveland,27,0,0,33.89723187,-92.18537045,5025.0,339.3665158371041,0.0,27,26,0,0,26,25,8018,1,0,0,1,1
2020-07-02,US,Arkansas,Columbia,84,4,0,33.21230701,-93.22642793,5027.0,358.10205908683974,4.761904761904762,80,84,4,0,80,83,23537,0,0,0,0,1
2020-07-02,US,Arkansas,Conway,61,3,0,35.26205537,-92.70506566,5029.0,292.6220857718507,4.918032786885246,58,60,3,0,57,55,20891,1,0,0,1,5
2020-07-02,US,Arkansas,Craighead,458,7,0,35.83018283,-90.63235729,5031.0,415.11075662545767,1.5283842794759823,451,453,7,0,446,451,108558,5,0,0,5,2
2020-07-02,US,Arkansas,Crawford,190,1,0,35.58928601,-94.2446814,5033.0,300.3620152710372,0.5263157894736842,189,166,1,0,165,159,63406,24,0,0,24,7
2020-07-02,US,Arkansas,Crittenden,759,13,0,35.21247318,-90.30839406,5035.0,1582.7338129496402,1.7127799736495388,746,749,13,0,736,746,48342,10,0,0,10,3
2020-07-02,US,Arkansas,Cross,88,1,0,35.29631396,-90.77185818,5037.0,535.9644314513673,1.1363636363636365,87,86,1,0,85,85,16676,2,0,0,2,1
2020-07-02,US,Arkansas,Dallas,10,0,0,33.97042763,-92.65167437,5039.0,142.673705236125,0.0,10,10,0,0,10,10,7182,0,0,0,0,0
2020-07-02,US,Arkansas,Desha,52,1,0,33.83011025,-91.25500948,5041.0,457.70618783557785,1.9230769230769231,51,47,1,0,46,47,11512,5,0,0,5,0
2020-07-02,US,Arkansas,Drew,69,2,0,33.59035001,-91.71777921,5043.0,378.72550633953557,2.898550724637681,67,65,2,0,63,65,18328,4,0,0,4,0
2020-07-02,US,Arkansas,Faulkner,529,3,0,35.14719007,-92.33717519,5045.0,419.81794662201287,0.5671077504725898,526,492,3,0,489,477,124806,37,0,0,37,15
2020-07-02,US,Arkansas,Franklin,26,0,0,35.51202821,-93.89299569,5047.0,146.7682754727632,0.0,26,21,0,0,21,21,17810,5,0,0,5,0
2020-07-02,US,Arkansas,Fulton,15,0,0,36.38177105,-91.81729127,5049.0,120.22120702091848,0.0,15,15,0,0,15,12,12269,0,0,0,0,3
2020-07-02,US,Arkansas,Garland,267,1,0,34.57692074,-93.14921604,5051.0,268.64950797899104,0.3745318352059925,266,253,1,0,252,248,99154,14,0,0,14,5
2020-07-02,US,Arkansas,Grant,44,0,0,34.29017991,-92.42320562,5053.0,240.89789214344376,0.0,44,41,0,0,41,40,18188,3,0,0,3,1
2020-07-02,US,Arkansas,Greene,119,0,0,36.11735460000001,-90.55832668,5055.0,262.54826254826247,0.0,119,119,0,0,119,114,45325,0,0,0,0,5
2020-07-02,US,Arkansas,Hempstead,56,1,0,33.73325583,-93.66935133,5057.0,260.0780234070221,1.7857142857142858,55,50,1,0,49,50,21741,6,0,0,6,0
2020-07-02,US,Arkansas,Hot Spring,580,0,0,34.31709259,-92.95396325,5059.0,1717.4498830357404,0.0,580,429,0,0,429,426,33701,151,0,0,151,3
2020-07-02,US,Arkansas,Howard,96,1,0,34.09007427,-93.9934871,5061.0,727.162551128617,1.0416666666666667,95,94,1,0,93,89,13341,2,0,0,2,5
2020-07-02,US,Arkansas,Independence,59,0,0,35.74242707,-91.57001641,5063.0,155.98149372108398,0.0,59,55,0,0,55,55,37678,4,0,0,4,0
2020-07-02,US,Arkansas,Izard,23,1,0,36.09604046,-91.90847954,5065.0,168.75779587643999,4.3478260869565215,22,23,1,0,22,20,13593,0,0,0,0,3
2020-07-02,US,Arkansas,Jackson,28,0,0,35.59802983,-91.21494602,5067.0,167.47413122794424,0.0,28,27,0,0,27,27,16811,1,0,0,1,0
2020-07-02,US,Arkansas,Jefferson,720,28,0,34.26767081,-91.92619839,5069.0,1077.4572010056268,3.888888888888889,692,706,28,0,678,700,68114,14,0,0,14,6
2020-07-02,US,Arkansas,Johnson,251,0,0,35.56759135,-93.46036368,5071.0,944.3900970727667,0.0,251,236,0,0,236,227,26742,15,0,0,15,9
2020-07-02,US,Arkansas,Lafayette,19,1,0,33.24116713,-93.60677071,5073.0,286.8357487922705,5.2631578947368425,18,19,1,0,18,18,6682,0,0,0,0,1
2020-07-02,US,Arkansas,Lawrence,102,9,0,36.04188196,-91.10867198,5075.0,621.7237596001463,8.823529411764708,93,100,9,0,91,99,16434,2,0,0,2,1
2020-07-02,US,Arkansas,Lee,755,2,0,34.78498904,-90.78383866,5077.0,8524.331037597382,0.26490066225165565,753,746,2,0,744,651,8985,9,0,0,9,95
2020-07-02,US,Arkansas,Lincoln,1041,11,0,33.95317155,-91.74002806,5079.0,7992.9361179361185,1.0566762728146013,1030,1040,11,0,1029,1038,13383,1,0,0,1,2
2020-07-02,US,Arkansas,Little River,40,0,0,33.70375665,-94.23468591,5081.0,326.29088832694345,0.0,40,38,0,0,38,38,12326,2,0,0,2,0
2020-07-02,US,Arkansas,Logan,49,0,0,35.21413234,-93.71951016,5083.0,228.26795863225567,0.0,49,46,0,0,46,46,21737,3,0,0,3,0
2020-07-02,US,Arkansas,Lonoke,158,1,0,34.75392199,-91.88742357,5085.0,215.52606092021443,0.6329113924050633,157,144,1,0,143,138,73657,14,0,0,14,6
2020-07-02,US,Arkansas,Madison,197,0,0,36.01038185,-93.72524943,5087.0,1188.465250965251,0.0,197,194,0,0,194,192,16481,3,0,0,3,2
2020-07-02,US,Arkansas,Marion,11,0,0,36.26844485,-92.68451899,5089.0,65.89193722295435,0.0,11,6,0,0,6,6,16722,5,0,0,5,0
2020-07-02,US,Arkansas,Miller,122,2,0,33.31403423,-93.89285258,5091.0,282.03527752733663,1.639344262295082,120,118,2,0,116,114,43592,4,0,0,4,4
2020-07-02,US,Arkansas,Mississippi,185,3,0,35.76271485,-90.05194370000002,5093.0,455.0933556370077,1.6216216216216215,182,180,3,0,177,168,41239,5,0,0,5,12
2020-07-02,US,Arkansas,Monroe,15,0,0,34.6815935,-91.20540287,5095.0,223.84718698701687,0.0,15,13,0,0,13,12,6900,2,0,0,2,1
2020-07-02,US,Arkansas,Montgomery,5,0,0,34.53704874,-93.65824478,5097.0,55.642109948809264,0.0,5,5,0,0,5,4,8924,0,0,0,0,1
2020-07-02,US,Arkansas,Nevada,104,3,0,33.66340119,-93.30632432,5099.0,1260.3005332040718,2.8846153846153846,101,102,3,0,99,101,8326,2,0,0,2,1
2020-07-02,US,Arkansas,Newton,6,0,0,35.91947491,-93.21612969,5101.0,77.38939765252161,0.0,6,6,0,0,6,5,7805,0,0,0,0,1
2020-07-02,US,Arkansas,Ouachita,20,0,0,33.58839816,-92.87795984,5103.0,85.53588230262595,0.0,20,20,0,0,20,20,23606,0,0,0,0,0
2020-07-02,US,Arkansas,Perry,33,0,0,34.9459153,-92.94372564,5105.0,315.63845050215207,0.0,33,32,0,0,32,29,10352,1,0,0,1,3
2020-07-02,US,Arkansas,Phillips,149,3,0,34.43268455,-90.84800154,5107.0,837.9259925767633,2.0134228187919465,146,143,3,0,140,142,18029,6,0,0,6,1
2020-07-02,US,Arkansas,Pike,9,0,0,34.16250414,-93.65789349,5109.0,83.97089009143497,0.0,9,7,0,0,7,8,10673,2,0,0,2,-1
2020-07-02,US,Arkansas,Poinsett,61,3,0,35.57433534,-90.66268713,5111.0,259.26555593335604,4.918032786885246,58,59,3,0,56,58,23974,2,0,0,2,1
2020-07-02,US,Arkansas,Polk,75,0,0,34.48254879,-94.22728802,5113.0,375.6762171909437,0.0,75,75,0,0,75,74,20049,0,0,0,0,1
2020-07-02,US,Arkansas,Pope,451,3,0,35.44871474,-93.03212219,5115.0,703.8956174303908,0.6651884700665188,448,442,3,0,439,433,64000,9,0,0,9,9
2020-07-02,US,Arkansas,Prairie,21,0,0,34.83624419,-91.55162157,5117.0,260.4812701562888,0.0,21,21,0,0,21,20,8074,0,0,0,0,1
2020-07-02,US,Arkansas,Pulaski,2183,59,0,34.77054088,-92.31355101,5119.0,557.0142200652698,2.702702702702702,2124,2080,59,0,2021,2036,392680,103,0,0,103,44
2020-07-02,US,Arkansas,Randolph,53,1,0,36.3415714,-91.02455531,5121.0,295.13308831718456,1.8867924528301887,52,50,1,0,49,48,17948,3,0,0,3,2
2020-07-02,US,Arkansas,Saline,311,2,0,34.64916145,-92.67583224,5125.0,254.0081838006485,0.6430868167202572,309,292,2,0,290,275,121421,19,0,0,19,17
2020-07-02,US,Arkansas,Scott,12,0,0,34.85588887,-94.0632176,5127.0,116.72016340822876,0.0,12,12,0,0,12,11,10319,0,0,0,0,1
2020-07-02,US,Arkansas,Searcy,7,0,0,35.9109364,-92.69936482,5129.0,88.82121558177894,0.0,7,7,0,0,7,7,7958,0,0,0,0,0
2020-07-02,US,Arkansas,Sebastian,533,5,0,35.19605503,-94.27162713,5131.0,416.9698107598552,0.9380863039399624,528,476,5,0,471,468,127753,57,0,0,57,8
2020-07-02,US,Arkansas,Sevier,717,7,0,33.99780401,-94.2424869,5133.0,4215.911095431293,0.9762900976290098,710,706,7,0,699,700,17139,11,0,0,11,6
2020-07-02,US,Arkansas,Sharp,54,5,0,36.16258158,-91.47819342,5135.0,309.59752321981426,9.25925925925926,49,53,5,0,48,53,17366,1,0,0,1,0
2020-07-02,US,Arkansas,St. Francis,818,3,0,35.02201976,-90.74828138,5123.0,3272.7854685124435,0.3667481662591687,815,814,3,0,811,812,25439,4,0,0,4,2
2020-07-02,US,Arkansas,Stone,17,0,0,35.86251946,-92.15684085,5137.0,135.9347513193667,0.0,17,14,0,0,14,14,12457,3,0,0,3,0
2020-07-02,US,Arkansas,Unassigned,737,0,0,0.0,0.0,90005.0,0.0,0.0,737,706,0,0,706,721,,31,0,0,31,-15
2020-07-02,US,Arkansas,Union,250,13,0,33.16887091,-92.59746952,5139.0,646.2954345690503,5.2,237,249,13,0,236,248,39126,1,0,0,1,1
2020-07-02,US,Arkansas,Van Buren,33,2,0,35.58095779,-92.51295036,5141.0,199.45602901178603,6.0606060606060606,31,33,2,0,31,35,16603,0,0,0,0,-2
2020-07-02,US,Arkansas,Washington,3766,31,0,35.976844,-94.21800746,5143.0,1574.5002863868021,0.8231545406266596,3735,3634,30,0,3604,3578,236961,132,1,0,131,56
2020-07-02,US,Arkansas,White,92,1,0,35.25688493,-91.74908296,5145.0,116.82094650362528,1.0869565217391304,91,87,1,0,86,86,78727,5,0,0,5,1
2020-07-02,US,Arkansas,Woodruff,7,0,0,35.18902527,-91.2439489,5147.0,110.75949367088607,0.0,7,6,0,0,6,6,6490,1,0,0,1,0
2020-07-02,US,Arkansas,Yell,658,3,0,35.00292371,-93.41171338,5149.0,3083.2669509395064,0.4559270516717325,655,644,3,0,641,616,21535,14,0,0,14,28
2020-07-02,US,California,Alameda,6384,138,0,37.64629437,-121.8929271,6001.0,381.9714730014258,2.1616541353383463,6246,6156,136,0,6020,5964,1666753,228,2,0,226,192
2020-07-02,US,California,Alpine,2,0,0,38.59678594,-119.8223594,6003.0,177.14791851195747,0.0,2,2,0,0,2,2,1101,0,0,0,0,0
2020-07-02,US,California,Amador,26,0,0,38.44583082,-120.65696,6005.0,65.40551418796538,0.0,26,24,0,0,24,22,39383,2,0,0,2,2
2020-07-02,US,California,Butte,206,3,0,39.66727762,-121.6005252,6007.0,93.98410482421322,1.4563106796116505,203,189,2,0,187,168,231256,17,1,0,16,21
2020-07-02,US,California,Calaveras,53,0,0,38.20537103,-120.552913,6009.0,115.4558326979632,0.0,53,40,0,0,40,32,45602,13,0,0,13,8
2020-07-02,US,California,Colusa,70,0,0,39.17881957,-122.2331726,6011.0,324.8712117696199,0.0,70,59,0,0,59,46,21627,11,0,0,11,13
2020-07-02,US,California,Contra Costa,3326,78,0,37.91923498,-121.9289527,6013.0,288.333336223024,2.3451593505712567,3248,3248,77,0,3171,3132,1150215,78,1,0,77,116
2020-07-02,US,California,Del Norte,51,1,0,41.74228275,-123.8974063,6015.0,183.3740831295844,1.96078431372549,50,51,1,0,50,50,27828,0,0,0,0,1
2020-07-02,US,California,El Dorado,206,0,0,38.77965956,-120.5233166,6017.0,106.82264847570305,0.0,206,198,0,0,198,178,190678,8,0,0,8,20
2020-07-02,US,California,Fresno,5626,77,0,36.75733899,-119.6466953,6019.0,563.1062325030202,1.3686455741201564,5549,5289,75,0,5214,4811,994400,337,2,0,335,478
2020-07-02,US,California,Glenn,122,0,0,39.59875897,-122.3938452,6021.0,429.68337266227593,0.0,122,115,0,0,115,103,28047,7,0,0,7,12
2020-07-02,US,California,Humboldt,138,4,0,40.69923009,-123.876044,6023.0,101.80144292479972,2.898550724637681,134,133,4,0,129,133,136373,5,0,0,5,0
2020-07-02,US,California,Imperial,6824,100,0,33.0393082,-115.3669042,6025.0,3765.6926854840935,1.4654161781946071,6724,6523,97,0,6426,6242,181827,301,3,0,298,281
2020-07-02,US,California,Inyo,32,1,0,36.51112084,-117.41119779999998,6027.0,177.39342535617274,3.125,31,32,1,0,31,31,17987,0,0,0,0,1
2020-07-02,US,California,Kern,4939,77,0,35.34329425,-118.7277796,6029.0,548.6546352929676,1.55902004454343,4862,4768,76,0,4692,4655,896764,171,1,0,170,113
2020-07-02,US,California,Kings,2583,32,0,36.07409056,-119.8159973,6031.0,1688.897606904669,1.2388695315524585,2551,2504,34,0,2470,2394,151366,79,-2,0,81,110
2020-07-02,US,California,Lake,85,0,0,39.10124298,-122.7536244,6033.0,132.01627683036685,0.0,85,79,0,0,79,60,64382,6,0,0,6,19
2020-07-02,US,California,Lassen,234,0,0,40.67311306,-120.59350990000002,6035.0,765.3812187224022,0.0,234,233,0,0,233,229,30802,1,0,0,1,4
2020-07-02,US,California,Los Angeles,107792,3457,0,34.30828379,-118.2282411,6037.0,1073.7209992880842,3.2071025679085645,104335,105665,3405,0,102260,103850,10105518,2127,52,0,2075,1815
2020-07-02,US,California,Madera,566,5,0,37.21513971,-119.76655890000002,6039.0,359.7602445861168,0.8833922261484098,561,541,5,0,536,488,157672,25,0,0,25,53
2020-07-02,US,California,Marin,2446,19,0,38.07122463,-122.7210631,6041.0,945.0364337431323,0.7767784137367131,2427,2394,19,0,2375,2210,259666,52,0,0,52,184
2020-07-02,US,California,Mariposa,27,1,0,37.57978556,-119.9073334,6043.0,156.94936929605302,3.703703703703704,26,27,1,0,26,26,17471,0,0,0,0,1
2020-07-02,US,California,Mendocino,85,0,0,39.4381191,-123.3911313,6045.0,97.98383843041418,0.0,85,85,0,0,85,78,87606,0,0,0,0,7
2020-07-02,US,California,Merced,1208,11,0,37.18922369,-120.7209035,6047.0,435.0331316623452,0.9105960264900662,1197,1131,11,0,1120,979,274765,77,0,0,77,152
2020-07-02,US,California,Mono,41,1,0,37.93899289,-118.8872409,6051.0,283.85488784270285,2.4390243902439024,40,42,1,0,41,42,14250,-1,0,0,-1,0
2020-07-02,US,California,Monterey,1748,15,0,36.21862405,-121.2413397,6053.0,402.7083750901371,0.8581235697940504,1733,1691,15,0,1676,1642,435594,57,0,0,57,49
2020-07-02,US,California,Napa,344,4,0,38.50735751,-122.332839,6055.0,249.73864560343827,1.162790697674419,340,333,4,0,329,317,139417,11,0,0,11,16
2020-07-02,US,California,Nevada,123,1,0,39.30394768,-120.7627281,6057.0,123.30209012079595,0.8130081300813008,122,117,1,0,116,113,99696,6,0,0,6,4
2020-07-02,US,California,Orange,15065,354,0,33.70147516,-117.76459979999998,6059.0,474.38479550283836,2.3498174576833724,14711,14413,345,0,14068,13843,3185968,652,9,0,643,570
2020-07-02,US,California,Placer,754,11,0,39.06167234,-120.7240569,6061.0,189.29076215891888,1.4588859416445623,743,724,11,0,713,684,393149,30,0,0,30,40
2020-07-02,US,California,Plumas,11,0,0,40.00355989,-120.8395236,6063.0,58.488860530653476,0.0,11,10,0,0,10,9,18804,1,0,0,1,1
2020-07-02,US,California,Riverside,18720,465,0,33.74314981,-115.9933578,6065.0,757.7272392418519,2.483974358974359,18255,18041,463,0,17578,17296,2450758,679,2,0,677,745
2020-07-02,US,California,Sacramento,3559,69,0,38.45106826,-121.3425374,6067.0,229.3084407928054,1.9387468389997191,3490,3397,68,0,3329,3223,1540975,162,1,0,161,174
2020-07-02,US,California,San Benito,257,2,0,36.60308176,-121.069975,6069.0,409.18354349764365,0.7782101167315175,255,239,2,0,237,213,61537,18,0,0,18,26
2020-07-02,US,California,San Bernardino,13152,265,0,34.84060306,-116.1774685,6071.0,603.2792299382822,2.0149026763990268,12887,12746,258,0,12488,12550,2171603,406,7,0,399,196
2020-07-02,US,California,San Diego,15207,377,0,33.03484597,-116.7365326,6073.0,455.5271647799948,2.479121457223647,14830,14623,370,0,14253,14149,3343364,584,7,0,577,474
2020-07-02,US,California,San Francisco,3719,50,0,37.75215114,-122.4385672,6075.0,421.8710474403578,1.3444474321054047,3669,3648,50,0,3598,3603,883305,71,0,0,71,45
2020-07-02,US,California,San Joaquin,4298,55,0,37.93433732,-121.2730061,6077.0,563.932464560689,1.2796649604467194,4243,3914,54,0,3860,3856,752660,384,1,0,383,58
2020-07-02,US,California,San Luis Obispo,675,2,0,35.38822029,-120.4039028,6079.0,238.42238556608532,0.2962962962962963,673,642,2,0,640,611,284010,33,0,0,33,31
2020-07-02,US,California,San Mateo,3376,108,0,37.4228808,-122.32755459999998,6081.0,440.4016316776093,3.199052132701422,3268,3311,108,0,3203,3232,769545,65,0,0,65,79
2020-07-02,US,California,Santa Barbara,3261,29,0,34.65329488,-120.0188492,6083.0,730.3487801764394,0.8892977614228764,3232,2896,29,0,2867,2896,446527,365,0,0,365,0
2020-07-02,US,California,Santa Clara,4750,159,0,37.23104908,-121.6970462,6085.0,246.38820822345284,3.347368421052632,4591,4572,158,0,4414,4370,1937570,178,1,0,177,202
2020-07-02,US,California,Santa Cruz,410,3,0,37.05580291,-122.0066524,6087.0,150.0660656703744,0.7317073170731707,407,399,3,0,396,379,274255,11,0,0,11,20
2020-07-02,US,California,Shasta,135,4,0,40.76391419,-122.0396884,6089.0,74.96668147490004,2.962962962962963,131,129,4,0,125,112,180040,6,0,0,6,17
2020-07-02,US,California,Sierra,1,0,0,39.57713498,-120.52007009999998,6091.0,33.277870216306155,0.0,1,1,0,0,1,1,2987,0,0,0,0,0
2020-07-02,US,California,Siskiyou,31,0,0,41.59198861,-122.5407434,6093.0,71.20053285560074,0.0,31,31,0,0,31,28,43724,0,0,0,0,3
2020-07-02,US,California,Solano,1476,25,0,38.26827353,-121.9357113,6095.0,329.7270369468528,1.6937669376693767,1451,1402,25,0,1377,1126,446610,74,0,0,74,276
2020-07-02,US,California,Sonoma,1229,9,0,38.52746429,-122.8862506,6097.0,248.61632573795958,0.7323026851098454,1220,1185,7,0,1178,1136,499942,44,2,0,42,49
2020-07-02,US,California,Stanislaus,2391,44,0,37.55862499,-120.9970722,6099.0,434.20622525696433,1.8402342116269343,2347,2310,44,0,2266,2165,549815,81,0,0,81,145
2020-07-02,US,California,Sutter,206,3,0,39.03417539,-121.6945899,6101.0,212.43464540945232,1.4563106796116505,203,197,3,0,194,176,96807,9,0,0,9,21
2020-07-02,US,California,Tehama,88,1,0,40.12570935,-122.2370171,6103.0,135.20988261323828,1.1363636363636365,87,82,1,0,81,75,63916,6,0,0,6,7
2020-07-02,US,California,Trinity,2,0,0,40.64917670000001,-123.114713,6105.0,16.28001628001628,0.0,2,2,0,0,2,2,12535,0,0,0,0,0
2020-07-02,US,California,Tulare,4521,133,0,36.22026558,-118.8020203,6107.0,969.7658705048317,2.9418270294182705,4388,4323,128,0,4195,4156,465861,198,5,0,193,167
2020-07-02,US,California,Tuolumne,43,0,0,38.02644018,-119.9525093,6109.0,78.93094460149052,0.0,43,30,0,0,30,28,54539,13,0,0,13,2
2020-07-02,US,California,Ventura,3240,47,0,34.44465746,-119.0910613,6111.0,382.9760072623599,1.4506172839506173,3193,3096,46,0,3050,2740,850967,144,1,0,143,356
2020-07-02,US,California,Yolo,583,24,0,38.68278902,-121.9018288,6113.0,264.39909297052156,4.1166380789022305,559,555,24,0,531,505,220408,28,0,0,28,50
2020-07-02,US,California,Yuba,103,1,0,39.26255932,-121.3535644,6115.0,130.9299842375553,0.9708737864077671,102,94,1,0,93,71,78041,9,0,0,9,23
2020-07-02,US,Colorado,Adams,4267,156,0,39.87432092,-104.3362578,8001.0,824.6669539891112,3.6559643777829858,4111,4226,156,0,4070,4185,511868,41,0,0,41,41
2020-07-02,US,Colorado,Alamosa,199,4,0,37.57250606,-105.7885451,8003.0,1225.8978623791045,2.010050251256281,195,197,4,0,193,191,16683,2,0,0,2,6
2020-07-02,US,Colorado,Arapahoe,5267,345,0,39.64977461,-104.3353617,8005.0,802.1748732085472,6.5502183406113526,4922,5234,344,0,4890,5202,651215,33,1,0,32,32
2020-07-02,US,Colorado,Archuleta,9,0,0,37.19474156,-107.04768670000001,8007.0,64.15282628840261,0.0,9,8,0,0,8,8,13765,1,0,0,1,0
2020-07-02,US,Colorado,Baca,14,0,0,37.31940883,-102.5603223,8009.0,390.9522479754258,0.0,14,14,0,0,14,14,3585,0,0,0,0,0
2020-07-02,US,Colorado,Bent,4,0,0,37.95474293,-103.0720195,8011.0,71.72314864622557,0.0,4,4,0,0,4,4,5882,0,0,0,0,0
2020-07-02,US,Colorado,Boulder,1414,72,0,40.09313619,-105.3546767,8013.0,433.4817103827147,5.091937765205092,1342,1401,72,0,1329,1384,326078,13,0,0,13,17
2020-07-02,US,Colorado,Broomfield,307,30,0,39.95998787,-105.0566324,8014.0,435.67728659618246,9.77198697068404,277,301,30,0,271,298,69267,6,0,0,6,3
2020-07-02,US,Colorado,Chaffee,77,19,0,38.74745778,-106.19265729999998,8015.0,378.2668500687758,24.675324675324674,58,77,19,0,58,77,20027,0,0,0,0,0
2020-07-02,US,Colorado,Cheyenne,5,0,0,38.82777431,-102.6032558,8017.0,273.07482250136536,0.0,5,5,0,0,5,5,1876,0,0,0,0,0
2020-07-02,US,Colorado,Clear Creek,19,1,0,39.68864463,-105.6463118,8019.0,195.87628865979386,5.2631578947368425,18,19,1,0,18,19,9605,0,0,0,0,0
2020-07-02,US,Colorado,Conejos,15,0,0,37.201606,-106.19174879999998,8021.0,182.81535648994515,0.0,15,13,0,0,13,13,8200,2,0,0,2,0
2020-07-02,US,Colorado,Costilla,22,0,0,37.27732493,-105.4276548,8023.0,565.9891947517366,0.0,22,21,0,0,21,21,3828,1,0,0,1,0
2020-07-02,US,Colorado,Crowley,70,1,0,38.32608609,-103.7844965,8025.0,1154.9249298795578,1.4285714285714286,69,70,1,0,69,70,5858,0,0,0,0,0
2020-07-02,US,Colorado,Custer,2,0,0,38.10883162,-105.3683478,8027.0,39.463299131807425,0.0,2,2,0,0,2,2,4954,0,0,0,0,0
2020-07-02,US,Colorado,Delta,83,1,0,38.86246243,-107.86313419999999,8029.0,266.3500417174764,1.2048192771084338,82,84,1,0,83,83,30953,-1,0,0,-1,1
2020-07-02,US,Colorado,Denver,7228,382,0,39.76018276,-104.87256950000001,8031.0,993.9343601788202,5.285002767017155,6846,7149,381,0,6768,7091,716492,79,1,0,78,58
2020-07-02,US,Colorado,Douglas,984,52,0,39.33133796,-104.930001,8035.0,280.2189352819561,5.284552845528455,932,964,52,0,912,951,342776,20,0,0,20,13
2020-07-02,US,Colorado,Eagle,697,8,0,39.62754308,-106.6933637,8037.0,1264.3532207448254,1.147776183644189,689,693,8,0,685,692,54993,4,0,0,4,1
2020-07-02,US,Colorado,El Paso,2474,120,0,38.83240149,-104.5251411,8041.0,343.4188919257693,4.850444624090541,2354,2431,120,0,2311,2374,713856,43,0,0,43,57
2020-07-02,US,Colorado,Elbert,57,2,0,39.28656773,-104.13587209999999,8039.0,213.2515245613379,3.5087719298245608,55,57,2,0,55,57,26282,0,0,0,0,0
2020-07-02,US,Colorado,Fremont,38,0,0,38.47362326,-105.43996670000001,8043.0,79.43309851794561,0.0,38,37,0,0,37,36,48021,1,0,0,1,1
2020-07-02,US,Colorado,Garfield,303,2,0,39.59921777,-107.902708,8045.0,504.4871047768103,0.6600660066006601,301,300,2,0,298,298,59770,3,0,0,3,2
2020-07-02,US,Colorado,Gilpin,7,0,0,39.85646523,-105.5252597,8047.0,112.12558065032835,0.0,7,7,0,0,7,7,6121,0,0,0,0,0
2020-07-02,US,Colorado,Grand,21,1,0,40.10603347,-106.11780420000001,8049.0,133.46892080844032,4.761904761904762,20,21,1,0,20,21,15525,0,0,0,0,0
2020-07-02,US,Colorado,Gunnison,188,6,0,38.66611652,-107.0320729,8051.0,1076.6235253693737,3.191489361702128,182,188,6,0,182,187,17246,0,0,0,0,1
2020-07-02,US,Colorado,Hinsdale,3,0,0,37.82247444,-107.3004345,8053.0,365.8536585365854,0.0,3,3,0,0,3,3,811,0,0,0,0,0
2020-07-02,US,Colorado,Huerfano,4,1,0,37.68473101,-104.9612585,8055.0,57.99623024503408,25.0,3,4,1,0,3,4,6889,0,0,0,0,0
2020-07-02,US,Colorado,Jackson,2,0,0,40.66593870000001,-106.3408905,8057.0,143.67816091954026,0.0,2,2,0,0,2,2,1399,0,0,0,0,0
2020-07-02,US,Colorado,Jefferson,2746,212,0,39.58635604,-105.2517692,8059.0,471.1081678764619,7.7203204661325575,2534,2711,211,0,2500,2682,580233,35,1,0,34,29
2020-07-02,US,Colorado,Kit Carson,33,3,0,39.30497777,-102.60221990000001,8063.0,464.985205016204,9.090909090909092,30,33,3,0,30,32,7163,0,0,0,0,1
2020-07-02,US,Colorado,La Plata,116,1,0,37.28632032,-107.8429014,8067.0,206.3285960761993,0.8620689655172413,115,116,1,0,115,112,56310,0,0,0,0,4
2020-07-02,US,Colorado,Lake,51,0,0,39.20278823,-106.35556969999999,8065.0,627.5378368401623,0.0,51,51,0,0,51,51,7824,0,0,0,0,0
2020-07-02,US,Colorado,Larimer,757,29,0,40.66671597,-105.4625784,8069.0,212.10482517462924,3.830911492734478,728,747,29,0,718,736,350518,10,0,0,10,11
2020-07-02,US,Colorado,Las Animas,9,0,0,37.3153406,-104.03764579999999,8071.0,62.04329243071832,0.0,9,9,0,0,9,9,14503,0,0,0,0,0
2020-07-02,US,Colorado,Lincoln,4,0,0,38.98749519,-103.51366490000001,8073.0,70.1631292755657,0.0,4,4,0,0,4,4,5610,0,0,0,0,0
2020-07-02,US,Colorado,Logan,638,5,0,40.7249637,-103.110817,8075.0,2847.0703735106426,0.7836990595611285,633,638,5,0,633,637,21528,0,0,0,0,1
2020-07-02,US,Colorado,Mesa,102,0,0,39.01787888,-108.469799,8077.0,66.14357045587187,0.0,102,96,0,0,96,96,153207,6,0,0,6,0
2020-07-02,US,Colorado,Mineral,7,0,0,37.66954283,-106.92816979999999,8079.0,910.2730819245774,0.0,7,7,0,0,7,7,776,0,0,0,0,0
2020-07-02,US,Colorado,Moffat,13,0,0,40.61810999,-108.2070876,8081.0,97.86945720093351,0.0,13,14,0,0,14,14,13188,-1,0,0,-1,0
2020-07-02,US,Colorado,Montezuma,71,3,0,37.33859579,-108.59588570000001,8083.0,271.1683153191002,4.225352112676056,68,72,3,0,69,72,26158,-1,0,0,-1,0
2020-07-02,US,Colorado,Montrose,208,12,0,38.40214114,-108.26390220000002,8085.0,486.45867440011233,5.769230769230768,196,207,12,0,195,207,42214,1,0,0,1,0
2020-07-02,US,Colorado,Morgan,654,46,0,40.26279810000001,-103.8093302,8087.0,2249.8967937250586,7.033639143730888,608,653,46,0,607,652,28558,1,0,0,1,1
2020-07-02,US,Colorado,Otero,22,1,0,37.9014485,-103.7173385,8089.0,120.3632782580151,4.545454545454546,21,22,1,0,21,22,18432,0,0,0,0,0
2020-07-02,US,Colorado,Ouray,11,1,0,38.14717457,-107.7675136,8091.0,222.1324717285945,9.090909090909092,10,11,1,0,10,11,4833,0,0,0,0,0
2020-07-02,US,Colorado,Park,27,0,0,39.120926000000004,-105.7182065,8093.0,143.27407800477582,0.0,27,27,0,0,27,27,18556,0,0,0,0,0
2020-07-02,US,Colorado,Phillips,16,0,0,40.59414277,-102.3577703,8095.0,375.14654161781954,0.0,16,16,0,0,16,16,4286,0,0,0,0,0
2020-07-02,US,Colorado,Pitkin,102,2,0,39.21720112,-106.9310027,8097.0,574.0980469409577,1.96078431372549,100,99,2,0,97,99,17950,3,0,0,3,0
2020-07-02,US,Colorado,Prowers,21,0,0,37.95544985,-102.3926052,8099.0,172.52711140322052,0.0,21,21,0,0,21,20,12164,0,0,0,0,1
2020-07-02,US,Colorado,Pueblo,393,30,0,38.17359144,-104.5127437,8101.0,233.33966655583527,7.633587786259542,363,393,30,0,363,390,167529,0,0,0,0,3
2020-07-02,US,Colorado,Rio Blanco,4,0,0,39.97913541,-108.2179009,8103.0,63.25110689437065,0.0,4,4,0,0,4,4,6336,0,0,0,0,0
2020-07-02,US,Colorado,Rio Grande,78,2,0,37.5836865,-106.3847838,8105.0,692.287210437561,2.5641025641025643,76,76,2,0,74,76,11250,2,0,0,2,0
2020-07-02,US,Colorado,Routt,75,6,0,40.48596505,-106.9905548,8107.0,292.53451907325064,8.0,69,75,6,0,69,73,25733,0,0,0,0,2
2020-07-02,US,Colorado,Saguache,102,2,0,38.08054629,-106.28246599999999,8109.0,1494.7245017584994,1.96078431372549,100,102,2,0,100,102,6843,0,0,0,0,0
2020-07-02,US,Colorado,San Juan,2,0,0,37.76248981,-107.67632890000002,8111.0,274.72527472527474,0.0,2,2,0,0,2,2,762,0,0,0,0,0
2020-07-02,US,Colorado,San Miguel,39,0,0,38.00450883,-108.4020725,8113.0,476.8309084240127,0.0,39,39,0,0,39,37,8191,0,0,0,0,2
2020-07-02,US,Colorado,Summit,276,4,0,39.63803232,-106.1150762,8117.0,890.0067717906551,1.4492753623188406,272,274,3,0,271,269,31007,2,1,0,1,5
2020-07-02,US,Colorado,Teller,41,2,0,38.88133511,-105.16148929999999,8119.0,161.49361903261382,4.878048780487805,39,41,2,0,39,41,25083,0,0,0,0,0
2020-07-02,US,Colorado,Washington,46,0,0,39.97015535,-103.202587,8121.0,937.2453137734312,0.0,46,45,0,0,45,45,4909,1,0,0,1,0
2020-07-02,US,Colorado,Weld,2839,137,0,40.55499405,-104.39296209999999,8123.0,874.9060069277517,4.8256428319830915,2702,2823,137,0,2686,2802,314305,16,0,0,16,21
2020-07-02,US,Colorado,Yuma,52,0,0,40.00346839,-102.4258673,8125.0,519.0138736400838,0.0,52,52,0,0,52,52,10020,0,0,0,0,0
2020-07-02,US,Connecticut,Fairfield,16733,1376,0,41.26809896,-73.3881171,9001.0,1773.8187615812885,8.223271379907969,15357,16717,1376,0,15341,16703,943823,16,0,0,16,14
2020-07-02,US,Connecticut,Hartford,11716,1374,0,41.80283011,-72.73103891,9003.0,1313.8653388956175,11.727552065551384,10342,11691,1373,0,10318,11662,892697,25,1,0,24,29
2020-07-02,US,Connecticut,Litchfield,1492,137,0,41.7937534,-73.2451475,9005.0,827.3582760781442,9.182305630026807,1355,1490,137,0,1353,1490,181111,2,0,0,2,0
2020-07-02,US,Connecticut,Middlesex,1311,185,0,41.45949668,-72.53714864,9007.0,807.0870989189589,14.111365369946606,1126,1304,185,0,1119,1305,162682,7,0,0,7,-1
2020-07-02,US,Connecticut,New Haven,12383,1074,0,41.4080325,-72.93620426,9009.0,1448.715833856874,8.673180973915853,11309,12368,1073,0,11295,12359,857620,15,1,0,14,9
2020-07-02,US,Connecticut,New London,1273,102,0,41.48896435,-72.10430976,9011.0,480.0042231322067,8.012568735271014,1171,1268,102,0,1166,1268,266784,5,0,0,5,0
2020-07-02,US,Connecticut,Tolland,915,64,0,41.85853803,-72.3308481,9013.0,607.0819593819042,6.994535519125682,851,913,64,0,849,913,150921,2,0,0,2,0
2020-07-02,US,Connecticut,Unassigned,211,0,0,0.0,0.0,90009.0,0.0,0.0,211,209,0,0,209,204,,2,0,0,2,5
2020-07-02,US,Connecticut,Windham,612,14,0,41.82972709,-71.98182316,9015.0,524.0533643883475,2.2875816993464047,598,612,14,0,598,610,117027,0,0,0,0,2
2020-07-02,US,Delaware,Kent,1716,90,0,39.08646628,-75.56884914,10001.0,949.1885433606584,5.244755244755245,1626,1699,90,0,1609,1690,178550,17,0,0,17,9
2020-07-02,US,Delaware,New Castle,5183,245,0,39.57992638,-75.64054974,10003.0,927.6012835725267,4.726992089523441,4938,5079,243,0,4836,5065,559335,104,2,0,102,14
2020-07-02,US,Delaware,Sussex,4779,175,0,38.66143781,-75.39031349,10005.0,2040.3458213256488,3.6618539443398195,4604,4690,176,0,4514,4681,229286,89,-1,0,90,9
2020-07-02,US,Delaware,Unassigned,53,0,0,0.0,0.0,90010.0,0.0,0.0,53,42,0,0,42,38,,11,0,0,11,4
2020-07-02,US,District of Columbia,District of Columbia,10390,554,0,38.90417773,-77.01655992,11001.0,1472.1947887988504,5.332050048123195,9836,10365,553,0,9812,10327,702455,25,1,0,24,38
2020-07-02,US,Florida,Alachua,1332,12,0,29.67866525,-82.35928158,12001.0,495.08814576108665,0.9009009009009008,1320,1245,12,0,1233,1197,269956,87,0,0,87,48
2020-07-02,US,Florida,Baker,80,4,0,30.33060121,-82.28467476,12003.0,273.8788086271825,5.0,76,72,4,0,68,63,28355,8,0,0,8,9
2020-07-02,US,Florida,Bay,581,5,0,30.26548745,-85.62122584,12005.0,332.56060215792337,0.8605851979345955,576,408,5,0,403,384,185287,173,0,0,173,24
2020-07-02,US,Florida,Bradford,89,2,0,29.95079741,-82.16611613,12007.0,315.5916456863232,2.247191011235955,87,84,2,0,82,83,27732,5,0,0,5,1
2020-07-02,US,Florida,Brevard,2180,17,0,28.29409504,-80.73091022,12009.0,362.1611384485548,0.7798165137614679,2163,1962,17,0,1945,1793,596849,218,0,0,218,169
2020-07-02,US,Florida,Broward,17116,394,0,26.15184651,-80.48725556,12011.0,876.4949215937503,2.3019397055386768,16722,16155,385,0,15770,15624,1951260,961,9,0,952,531
2020-07-02,US,Florida,Calhoun,85,6,0,30.40666734,-85.19394153,12013.0,602.6231832683445,7.0588235294117645,79,77,6,0,71,76,14587,8,0,0,8,1
2020-07-02,US,Florida,Charlotte,836,76,0,26.90131002,-81.92949121,12015.0,442.53877507807954,9.090909090909092,760,793,76,0,717,775,184998,43,0,0,43,18
2020-07-02,US,Florida,Citrus,345,13,0,28.84804315,-82.47614748,12017.0,230.527138723882,3.768115942028986,332,323,13,0,310,291,147929,22,0,0,22,32
2020-07-02,US,Florida,Clay,801,34,0,29.98319144,-81.85609986,12019.0,365.33304143177713,4.2446941323345815,767,729,34,0,695,713,216072,72,0,0,72,16
2020-07-02,US,Florida,Collier,4539,82,0,26.11091986,-81.34687065,12021.0,1179.2612145429225,1.8065653227583167,4457,4376,81,0,4295,4225,378488,163,1,0,162,151
2020-07-02,US,Florida,Columbia,316,3,0,30.22509788,-82.62160164,12023.0,440.8113160170745,0.9493670886075948,313,296,3,0,293,287,70503,20,0,0,20,9
2020-07-02,US,Florida,DeSoto,661,10,0,27.18677893,-81.80941373,12027.0,1739.4279097918475,1.51285930408472,651,634,10,0,624,604,37489,27,0,0,27,30
2020-07-02,US,Florida,Dixie,69,4,0,29.60631086,-83.15724673,12029.0,410.07963865446334,5.797101449275362,65,69,4,0,65,68,16700,0,0,0,0,1
2020-07-02,US,Florida,Duval,7247,68,0,30.33225875,-81.66976468,12031.0,756.6653267276077,0.9383193045398096,7179,6480,67,0,6413,6207,950181,767,1,0,766,273
2020-07-02,US,Florida,Escambia,2240,45,0,30.67652764,-87.37284571,12033.0,703.7032382915089,2.008928571428572,2195,2046,44,0,2002,1952,315534,194,1,0,193,94
2020-07-02,US,Florida,Flagler,340,5,0,29.45933576,-81.31508595,12035.0,295.44407851860865,1.4705882352941178,335,323,5,0,318,310,112067,17,0,0,17,13
2020-07-02,US,Florida,Franklin,9,0,0,29.83791238,-84.82731662,12037.0,74.22680412371135,0.0,9,6,0,0,6,6,11736,3,0,0,3,0
2020-07-02,US,Florida,Gadsden,406,7,0,30.57796289,-84.61915825,12039.0,889.1809023215068,1.7241379310344829,399,389,7,0,382,379,45894,17,0,0,17,10
2020-07-02,US,Florida,Gilchrist,106,0,0,29.72856978,-82.79880657,12041.0,570.4445161984718,0.0,106,102,0,0,102,97,18256,4,0,0,4,5
2020-07-02,US,Florida,Glades,167,1,0,26.95635849,-81.18996211,12043.0,1209.1810875389185,0.5988023952095808,166,164,1,0,163,175,13724,3,0,0,3,-11
2020-07-02,US,Florida,Gulf,32,0,0,29.93543004,-85.24270990000002,12045.0,234.62130654740085,0.0,32,23,0,0,23,23,16164,9,0,0,9,0
2020-07-02,US,Florida,Hamilton,376,2,0,30.49673973,-82.94998918,12047.0,2606.0438037149993,0.5319148936170213,374,345,2,0,343,334,14310,31,0,0,31,11
2020-07-02,US,Florida,Hardee,468,3,0,27.49293939,-81.80956574,12049.0,1737.3872368860675,0.6410256410256411,465,440,3,0,437,430,27245,28,0,0,28,10
2020-07-02,US,Florida,Hendry,993,25,0,26.55386945,-81.16469006,12051.0,2363.047927276189,2.5176233635448138,968,980,25,0,955,953,41556,13,0,0,13,27
2020-07-02,US,Florida,Hernando,451,5,0,28.55364461,-82.42700204,12053.0,232.5701320132013,1.1086474501108647,446,408,5,0,403,373,190865,43,0,0,43,35
2020-07-02,US,Florida,Highlands,372,11,0,27.34254618,-81.34071957,12055.0,350.21323467111023,2.956989247311828,361,365,11,0,354,350,105424,7,0,0,7,15
2020-07-02,US,Florida,Hillsborough,12376,145,0,27.9276559,-82.32013172,12057.0,840.779147372769,1.171622495151907,12231,11465,140,0,11325,10752,1436888,911,5,0,906,713
2020-07-02,US,Florida,Holmes,191,0,0,30.86747479,-85.81319222,12059.0,973.6453076413312,0.0,191,181,0,0,181,177,19477,10,0,0,10,4
2020-07-02,US,Florida,Indian River,772,16,0,27.69308961,-80.60556721,12061.0,482.7323149265584,2.0725388601036268,756,739,16,0,723,697,157413,33,0,0,33,42
2020-07-02,US,Florida,Jackson,381,2,0,30.7954597,-85.21500423,12063.0,820.8730124531392,0.5249343832020997,379,365,2,0,363,363,48305,16,0,0,16,2
2020-07-02,US,Florida,Jefferson,57,4,0,30.43669112,-83.89442308,12065.0,400.11231222799375,7.0175438596491215,53,51,4,0,47,49,14288,6,0,0,6,2
2020-07-02,US,Florida,Lafayette,33,0,0,29.98484137,-83.18166636,12067.0,391.83091902161004,0.0,33,32,0,0,32,32,8732,1,0,0,1,0
2020-07-02,US,Florida,Lake,1508,23,0,28.76202069,-81.7125123,12069.0,410.7671103024096,1.5251989389920424,1485,1410,22,0,1388,1302,356495,98,1,0,97,108
2020-07-02,US,Florida,Lee,6223,161,0,26.58410348,-81.88399313,12071.0,807.5766600871814,2.5871766029246346,6062,5869,159,0,5710,5588,754610,354,2,0,352,281
2020-07-02,US,Florida,Leon,1377,8,0,30.45955727,-84.27491114,12073.0,469.03420509431777,0.5809731299927379,1369,1149,8,0,1141,1114,292502,228,0,0,228,35
2020-07-02,US,Florida,Levy,182,1,0,29.31829741,-82.74007147,12075.0,438.5225164445944,0.5494505494505495,181,181,1,0,180,174,40770,1,0,0,1,7
2020-07-02,US,Florida,Liberty,230,1,0,30.23766008,-84.8829258,12077.0,2753.172133109888,0.43478260869565216,229,222,1,0,221,222,8457,8,0,0,8,0
2020-07-02,US,Florida,Madison,218,3,0,30.44396917,-83.47398594,12079.0,1178.82442005083,1.3761467889908257,215,200,3,0,197,195,18529,18,0,0,18,5
2020-07-02,US,Florida,Manatee,3175,130,0,27.47196942,-82.31831044,12081.0,787.3469013249746,4.094488188976378,3045,3015,129,0,2886,2856,394855,160,1,0,159,159
2020-07-02,US,Florida,Marion,789,10,0,29.21227113,-82.05803627,12083.0,215.8220247880759,1.267427122940431,779,727,10,0,717,672,359977,62,0,0,62,55
2020-07-02,US,Florida,Martin,2151,26,0,27.0772071,-80.43109784,12085.0,1336.024844720497,1.208740120874012,2125,2112,25,0,2087,2055,160912,39,1,0,38,57
2020-07-02,US,Florida,Miami-Dade,40265,1018,0,25.6112362,-80.55170587,12086.0,1481.9981302494718,2.5282503414876443,39247,37961,1000,0,36961,36820,2761581,2304,18,0,2286,1141
2020-07-02,US,Florida,Monroe,296,5,0,25.20904673,-81.07812416,12087.0,398.7713531281996,1.6891891891891893,291,270,4,0,266,259,75027,26,1,0,25,11
2020-07-02,US,Florida,Nassau,225,1,0,30.61037141,-81.80297522,12089.0,253.8787023977433,0.4444444444444444,224,196,1,0,195,182,85832,29,0,0,29,14
2020-07-02,US,Florida,Okaloosa,770,8,0,30.69143028,-86.59267105,12091.0,365.38260778786935,1.0389610389610389,762,704,7,0,697,666,207269,66,1,0,65,38
2020-07-02,US,Florida,Okeechobee,390,0,0,27.386336199999995,-80.88944347,12093.0,924.8719408081956,0.0,390,383,0,0,383,377,41537,7,0,0,7,6
2020-07-02,US,Florida,Orange,11458,59,0,28.51367621,-81.31799498,12095.0,822.2744665765308,0.5149240705184149,11399,10874,58,0,10816,10314,1380645,584,1,0,583,560
2020-07-02,US,Florida,Osceola,2349,26,0,28.06312234,-81.14882926,12097.0,625.1480368648387,1.1068539804171988,2323,2164,25,0,2139,2026,367990,185,1,0,184,138
2020-07-02,US,Florida,Palm Beach,14859,523,0,26.64676272,-80.46536002,12099.0,992.7376951702664,3.5197523386499765,14336,14447,512,0,13935,14150,1485941,412,11,0,401,297
2020-07-02,US,Florida,Pasco,2274,22,0,28.30810945,-82.40227529,12101.0,410.5085865615303,0.9674582233948988,2252,2133,21,0,2112,1992,539630,141,1,0,140,141
2020-07-02,US,Florida,Pinellas,7249,180,0,27.93130349,-82.72239666,12103.0,743.4902297035063,2.4831011173955027,7069,6861,172,0,6689,6487,975280,388,8,0,380,374
2020-07-02,US,Florida,Polk,4327,102,0,27.95027105,-81.69732947,12105.0,597.0112186231075,2.3572914259302062,4225,4048,102,0,3946,3836,708009,279,0,0,279,212
2020-07-02,US,Florida,Putnam,433,6,0,29.60779729,-81.74230285,12107.0,581.0442694005717,1.3856812933025404,427,381,6,0,375,339,74163,52,0,0,52,42
2020-07-02,US,Florida,Santa Rosa,676,9,0,30.69341450000001,-87.02458128,12113.0,366.7674011057277,1.331360946745562,667,617,9,0,608,593,179349,59,0,0,59,24
2020-07-02,US,Florida,Sarasota,1707,98,0,27.18546175,-82.33174248,12115.0,393.5519271825186,5.741066198008203,1609,1601,97,0,1504,1482,426718,106,1,0,105,119
2020-07-02,US,Florida,Seminole,2837,17,0,28.7158582,-81.24060348,12117.0,601.2809807005125,0.5992245329573493,2820,2682,17,0,2665,2566,467832,155,0,0,155,116
2020-07-02,US,Florida,St. Johns,1088,8,0,29.90096506,-81.43589967,12109.0,411.07483980171685,0.7352941176470589,1080,989,7,0,982,948,254261,99,1,0,98,41
2020-07-02,US,Florida,St. Lucie,1876,49,0,27.37763908,-80.47106649,12111.0,571.4337931811742,2.611940298507463,1827,1812,48,0,1764,1724,321128,64,1,0,63,88
2020-07-02,US,Florida,Sumter,387,17,0,28.70181754,-82.0794267,12119.0,292.2519256909832,4.3927648578811365,370,368,17,0,351,345,128754,19,0,0,19,23
2020-07-02,US,Florida,Suwannee,561,21,0,30.19746066,-82.99099670000003,12121.0,1263.029920976203,3.7433155080213902,540,532,21,0,511,499,44191,29,0,0,29,33
2020-07-02,US,Florida,Taylor,85,1,0,30.04848048,-83.60445406,12123.0,394.08410218368965,1.1764705882352942,84,80,1,0,79,79,21623,5,0,0,5,1
2020-07-02,US,Florida,Unassigned,172,0,0,0.0,0.0,90012.0,0.0,0.0,172,167,0,0,167,145,,5,0,0,5,22
2020-07-02,US,Florida,Union,71,2,0,30.04412971,-82.37497443,12125.0,465.9709916650258,2.8169014084507036,69,62,2,0,60,62,14940,9,0,0,9,0
2020-07-02,US,Florida,Volusia,2372,58,0,29.05858895,-81.18263252,12127.0,428.7129213929917,2.4451939291736933,2314,2219,58,0,2161,2105,547538,153,0,0,153,114
2020-07-02,US,Florida,Wakulla,71,1,0,30.16548905,-84.39895211,12129.0,210.4389578825692,1.4084507042253518,70,65,1,0,64,60,32461,6,0,0,6,5
2020-07-02,US,Florida,Walton,291,9,0,30.64204028,-86.16935664,12131.0,392.866303951614,3.0927835051546397,282,257,9,0,248,245,71375,34,0,0,34,12
2020-07-02,US,Florida,Washington,117,13,0,30.61359259,-85.66002461,12133.0,459.3098574961724,11.111111111111109,104,112,13,0,99,113,24880,5,0,0,5,-1
2020-07-02,US,Georgia,Appling,266,14,0,31.74847232,-82.28909114,13001.0,1446.7529642119007,5.2631578947368425,252,260,14,0,246,258,18507,6,0,0,6,2
2020-07-02,US,Georgia,Atkinson,155,2,0,31.29633502,-82.87545866,13003.0,1898.3466013472132,1.2903225806451613,153,152,2,0,150,147,8297,3,0,0,3,5
2020-07-02,US,Georgia,Bacon,254,4,0,31.55456473,-82.45936528,13005.0,2275.170189896094,1.5748031496062993,250,244,4,0,240,236,11185,10,0,0,10,8
2020-07-02,US,Georgia,Baker,43,3,0,31.32669878,-84.44218806,13007.0,1415.4048716260697,6.9767441860465125,40,43,3,0,40,43,3092,0,0,0,0,0
2020-07-02,US,Georgia,Baldwin,543,34,0,33.06882326,-83.24701748,13009.0,1209.6235241701938,6.261510128913443,509,517,34,0,483,499,44823,26,0,0,26,18
2020-07-02,US,Georgia,Banks,140,1,0,34.35607081,-83.49644388,13011.0,727.8777165436206,0.7142857142857143,139,138,0,0,138,133,18988,2,1,0,1,5
2020-07-02,US,Georgia,Barrow,523,25,0,33.99148694,-83.71436292,13013.0,628.3037001441612,4.780114722753346,498,532,25,0,507,523,80809,-9,0,0,-9,9
2020-07-02,US,Georgia,Bartow,727,42,0,34.23732119,-84.83887523,13015.0,674.7851268818803,5.7771664374140315,685,714,42,0,672,688,106408,13,0,0,13,26
2020-07-02,US,Georgia,Ben Hill,174,1,0,31.76095874,-83.22145359,13017.0,1041.9161676646706,0.5747126436781609,173,168,1,0,167,165,16787,6,0,0,6,3
2020-07-02,US,Georgia,Berrien,121,0,0,31.27590016,-83.22529920000002,13019.0,623.8078053307213,0.0,121,119,0,0,119,116,19252,2,0,0,2,3
2020-07-02,US,Georgia,Bibb,969,41,0,32.80904227,-83.70489165,13021.0,632.6758466691477,4.231166150670795,928,922,40,0,882,848,153095,47,1,0,46,74
2020-07-02,US,Georgia,Bleckley,64,1,0,32.43829035,-83.33035166,13023.0,497.1646080944613,1.5625,63,62,1,0,61,60,12838,2,0,0,2,2
2020-07-02,US,Georgia,Brantley,99,3,0,31.19576557,-81.97743999,13025.0,518.0804856350411,3.0303030303030303,96,96,2,0,94,94,18897,3,1,0,2,2
2020-07-02,US,Georgia,Brooks,158,11,0,30.83922642,-83.58303423,13027.0,1022.1905932587176,6.962025316455697,147,158,11,0,147,154,15513,0,0,0,0,4
2020-07-02,US,Georgia,Bryan,142,5,0,32.00979311,-81.44002948,13029.0,358.34153481212303,3.5211267605633805,137,134,5,0,129,127,38109,8,0,0,8,7
2020-07-02,US,Georgia,Bulloch,411,4,0,32.39577406,-81.74811421,13031.0,516.2797708772988,0.97323600973236,407,391,4,0,387,339,77296,20,0,0,20,52
2020-07-02,US,Georgia,Burke,146,7,0,33.05917989,-81.99928721,13033.0,652.2807487825581,4.794520547945205,139,146,7,0,139,144,22423,0,0,0,0,2
2020-07-02,US,Georgia,Butts,280,33,0,33.283094500000004,-83.95435040000002,13035.0,1122.874558870709,11.785714285714285,247,276,33,0,243,274,24193,4,0,0,4,2
2020-07-02,US,Georgia,Calhoun,163,6,0,31.53169785,-84.62725131,13037.0,2633.7049604136373,3.6809815950920246,157,163,5,0,158,162,6352,0,1,0,-1,1
2020-07-02,US,Georgia,Camden,147,2,0,30.92951916,-81.66601818,13039.0,268.90571836241907,1.3605442176870748,145,135,2,0,133,128,53677,12,0,0,12,7
2020-07-02,US,Georgia,Candler,46,0,0,32.40209349,-82.07702563,13043.0,425.80764602425245,0.0,46,43,0,0,43,37,10836,3,0,0,3,6
2020-07-02,US,Georgia,Carroll,741,40,0,33.58138199,-85.07976677,13045.0,617.541169411294,5.398110661268556,701,730,39,0,691,704,118121,11,1,0,10,26
2020-07-02,US,Georgia,Catoosa,319,8,0,34.89872298,-85.13757014,13047.0,472.03314590115417,2.5078369905956115,311,314,8,0,306,312,67420,5,0,0,5,2
2020-07-02,US,Georgia,Charlton,58,2,0,30.78371028,-82.13951596,13049.0,433.09438470728793,3.4482758620689653,56,56,2,0,54,51,12968,2,0,0,2,5
2020-07-02,US,Georgia,Chatham,1505,37,0,32.00043026,-81.12489526,13051.0,519.98756175932,2.4584717607973423,1468,1379,37,0,1342,1321,289195,126,0,0,126,58
2020-07-02,US,Georgia,Chattahoochee,421,0,0,32.34341231,-84.78809239,13053.0,3859.906482075731,0.0,421,413,0,0,413,410,10684,8,0,0,8,3
2020-07-02,US,Georgia,Chattooga,63,2,0,34.47197698,-85.34535662,13055.0,254.1449836621082,3.1746031746031744,61,62,2,0,60,61,24790,1,0,0,1,1
2020-07-02,US,Georgia,Cherokee,1368,44,0,34.24393976,-84.47431861,13057.0,528.6486611818078,3.2163742690058483,1324,1348,43,0,1305,1315,254149,20,1,0,19,33
2020-07-02,US,Georgia,Clarke,607,15,0,33.95436462,-83.37124007,13059.0,472.9956129072477,2.4711696869851734,592,574,15,0,559,531,127330,33,0,0,33,43
2020-07-02,US,Georgia,Clay,56,2,0,31.62221166,-84.97713865,13061.0,1976.0056457304165,3.571428571428572,54,57,2,0,55,57,2887,-1,0,0,-1,0
2020-07-02,US,Georgia,Clayton,2076,79,0,33.54187245,-84.35594188,13063.0,710.3361436548779,3.805394990366088,1997,2002,79,0,1923,1939,289615,74,0,0,74,63
2020-07-02,US,Georgia,Clinch,108,3,0,30.91395822,-82.70432472,13065.0,1631.9129646418858,2.7777777777777777,105,108,3,0,105,108,6648,0,0,0,0,0
2020-07-02,US,Georgia,Cobb,5301,245,0,33.94243204,-84.5761255,13067.0,697.3706193982432,4.621769477457083,5056,5081,245,0,4836,4877,756865,220,0,0,220,204
2020-07-02,US,Georgia,Coffee,580,17,0,31.54892966,-82.85492059999999,13069.0,1340.327687010376,2.931034482758621,563,564,17,0,547,540,43093,16,0,0,16,24
2020-07-02,US,Georgia,Colquitt,1016,18,0,31.18810588,-83.7677946,13071.0,2228.0701754385964,1.7716535433070866,998,992,18,0,974,951,45592,24,0,0,24,41
2020-07-02,US,Georgia,Columbia,531,9,0,33.54534185,-82.263524,13073.0,338.833799150044,1.6949152542372878,522,505,9,0,496,470,154291,26,0,0,26,35
2020-07-02,US,Georgia,Cook,148,1,0,31.16068491,-83.42947229,13075.0,856.9774174869716,0.6756756756756757,147,147,1,0,146,133,17162,1,0,0,1,14
2020-07-02,US,Georgia,Coweta,708,16,0,33.35334302,-84.76129976,13077.0,476.73878350807024,2.2598870056497176,692,684,16,0,668,667,145864,24,0,0,24,17
2020-07-02,US,Georgia,Crawford,49,0,0,32.71391813,-83.98061238,13079.0,395.0338600451468,0.0,49,45,0,0,45,42,12318,4,0,0,4,3
2020-07-02,US,Georgia,Crisp,276,12,0,31.92289565,-83.76811843,13081.0,1233.684963347041,4.3478260869565215,264,274,12,0,262,273,22601,2,0,0,2,1
2020-07-02,US,Georgia,Dade,68,1,0,34.854916700000004,-85.50490424,13083.0,421.9409282700422,1.4705882352941178,67,67,1,0,66,66,16226,1,0,0,1,1
2020-07-02,US,Georgia,Dawson,146,3,0,34.44244079,-84.16964071,13085.0,559.2155661100046,2.054794520547945,143,144,3,0,141,141,25083,2,0,0,2,3
2020-07-02,US,Georgia,DeKalb,6172,173,0,33.76944049,-84.22396017,13089.0,812.85715602722,2.8029812054439405,5999,5959,173,0,5786,5841,756558,213,0,0,213,118
2020-07-02,US,Georgia,Decatur,261,8,0,30.87967778,-84.57619536,13087.0,988.4865929404635,3.0651340996168583,253,253,8,0,245,253,26575,8,0,0,8,0
2020-07-02,US,Georgia,Dodge,107,2,0,32.17265114,-83.16948926,13091.0,519.2914341179327,1.8691588785046729,105,104,2,0,102,100,20705,3,0,0,3,4
2020-07-02,US,Georgia,Dooly,210,12,0,32.15630737,-83.79746561,13093.0,1568.334578043316,5.7142857142857135,198,210,12,0,198,210,13706,0,0,0,0,0
2020-07-02,US,Georgia,Dougherty,1922,155,0,31.53328528,-84.21722377,13095.0,2185.1835008413295,8.064516129032258,1767,1914,155,0,1759,1903,91243,8,0,0,8,11
2020-07-02,US,Georgia,Douglas,1021,36,0,33.70291126,-84.77026156,13097.0,697.676007735252,3.5259549461312436,985,971,36,0,935,917,145331,50,0,0,50,54
2020-07-02,US,Georgia,Early,267,31,0,31.32155345,-84.90255207,13099.0,2620.215897939156,11.610486891385767,236,264,31,0,233,260,10247,3,0,0,3,4
2020-07-02,US,Georgia,Echols,185,0,0,30.71101099,-82.89687287,13101.0,4618.072890664004,0.0,185,185,0,0,185,184,4000,0,0,0,0,1
2020-07-02,US,Georgia,Effingham,163,1,0,32.36616021,-81.34280942,13103.0,253.51499315665046,0.6134969325153374,162,148,1,0,147,141,62190,15,0,0,15,7
2020-07-02,US,Georgia,Elbert,108,0,0,34.11302332,-82.83936148,13105.0,562.6758361988121,0.0,108,106,0,0,106,104,19120,2,0,0,2,2
2020-07-02,US,Georgia,Emanuel,120,3,0,32.59221302,-82.30239915,13107.0,529.8949041773382,2.5,117,118,3,0,115,116,22612,2,0,0,2,2
2020-07-02,US,Georgia,Evans,28,0,0,32.15328841,-81.8870105,13109.0,262.81208935611045,0.0,28,25,0,0,25,23,10721,3,0,0,3,2
2020-07-02,US,Georgia,Fannin,101,1,0,34.86430205,-84.316964,13111.0,385.6728272491217,0.99009900990099,100,101,1,0,100,97,25964,0,0,0,0,4
2020-07-02,US,Georgia,Fayette,363,19,0,33.41357794,-84.49089434,13113.0,317.2494559565115,5.234159779614325,344,346,19,0,327,341,113459,17,0,0,17,5
2020-07-02,US,Georgia,Floyd,552,15,0,34.26268279,-85.21577392,13115.0,560.4174704054905,2.717391304347826,537,539,15,0,524,514,97927,13,0,0,13,25
2020-07-02,US,Georgia,Forsyth,871,15,0,34.22604035,-84.12315129999998,13117.0,356.5989224243814,1.722158438576349,856,851,15,0,836,828,236612,20,0,0,20,23
2020-07-02,US,Georgia,Franklin,198,1,0,34.37525597,-83.23159927,13119.0,848.0020557625594,0.5050505050505051,197,197,1,0,196,193,23023,1,0,0,1,4
2020-07-02,US,Georgia,Fulton,7527,314,0,33.79216944,-84.46319413,13121.0,707.4667015058222,4.171648731234224,7213,7277,314,0,6963,6965,1050114,250,0,0,250,312
2020-07-02,US,Georgia,Gilmer,191,2,0,34.69316688,-84.45802506,13123.0,608.8813797060792,1.0471204188481675,189,189,2,0,187,184,30816,2,0,0,2,5
2020-07-02,US,Georgia,Glascock,8,0,0,33.22879932,-82.61297636,13125.0,269.26960619320096,0.0,8,7,0,0,7,7,2995,1,0,0,1,0
2020-07-02,US,Georgia,Glynn,972,6,0,31.23279254,-81.53811412,13127.0,1139.6145007738126,0.6172839506172839,966,839,6,0,833,788,85219,133,0,0,133,51
2020-07-02,US,Georgia,Gordon,411,18,0,34.50487351,-84.87296253,13129.0,709.0730293463072,4.37956204379562,393,399,18,0,381,380,57685,12,0,0,12,19
2020-07-02,US,Georgia,Grady,211,4,0,30.87454847,-84.23418364,13131.0,856.5745138635167,1.895734597156398,207,208,4,0,204,192,24748,3,0,0,3,16
2020-07-02,US,Georgia,Greene,98,9,0,33.5769205,-83.17139104,13133.0,534.81772538747,9.183673469387756,89,98,9,0,89,98,17698,0,0,0,0,0
2020-07-02,US,Georgia,Gwinnett,8619,173,0,33.96044201,-84.02137802,13135.0,920.5874499332443,2.007193409908342,8446,8362,173,0,8189,8082,927781,257,0,0,257,280
2020-07-02,US,Georgia,Habersham,705,36,0,34.63331566,-83.53094677,13137.0,1555.3300388280975,5.1063829787234045,669,699,35,0,664,678,45388,6,1,0,5,21
2020-07-02,US,Georgia,Hall,3310,60,0,34.32207823,-83.81896936,13139.0,1619.0490165866925,1.8126888217522656,3250,3252,60,0,3192,3187,202148,58,0,0,58,65
2020-07-02,US,Georgia,Hancock,217,32,0,33.2721566,-82.99766919,13141.0,2565.921721650704,14.746543778801847,185,217,32,0,185,212,8348,0,0,0,0,5
2020-07-02,US,Georgia,Haralson,79,5,0,33.79602175,-85.21005667,13143.0,265.17185821697103,6.329113924050633,74,76,5,0,71,73,29533,3,0,0,3,3
2020-07-02,US,Georgia,Harris,341,9,0,32.73709786,-84.90538572,13145.0,967.7602452037688,2.6392961876832843,332,336,9,0,327,324,34475,5,0,0,5,12
2020-07-02,US,Georgia,Hart,67,0,0,34.34626973,-82.96567682,13147.0,255.67639763403926,0.0,67,60,0,0,60,59,26099,7,0,0,7,1
2020-07-02,US,Georgia,Heard,54,3,0,33.29686567,-85.12886832,13149.0,452.9061477815986,5.5555555555555545,51,51,3,0,48,48,11879,3,0,0,3,3
2020-07-02,US,Georgia,Henry,1285,33,0,33.4533428,-84.14814659999998,13151.0,547.8319072650611,2.5680933852140084,1252,1243,33,0,1210,1203,230220,42,0,0,42,40
2020-07-02,US,Georgia,Houston,688,24,0,32.45802497,-83.66879087,13153.0,435.8209333409349,3.4883720930232562,664,652,24,0,628,629,155469,36,0,0,36,23
2020-07-02,US,Georgia,Irwin,65,1,0,31.60213036,-83.27501387,13155.0,690.3143585386576,1.5384615384615383,64,64,1,0,63,64,9398,1,0,0,1,0
2020-07-02,US,Georgia,Jackson,391,10,0,34.13794553,-83.56814788,13157.0,535.7852474067172,2.557544757033248,381,390,10,0,380,370,70422,1,0,0,1,20
2020-07-02,US,Georgia,Jasper,69,1,0,33.31535543,-83.68844964,13159.0,485.2661931218792,1.4492753623188406,68,69,1,0,68,68,14040,0,0,0,0,1
2020-07-02,US,Georgia,Jeff Davis,114,3,0,31.80405727,-82.63724870000001,13161.0,754.2176645716174,2.631578947368421,111,112,2,0,110,110,15029,2,1,0,1,2
2020-07-02,US,Georgia,Jefferson,117,1,0,33.05867328,-82.41609057,13163.0,761.6195807837521,0.8547008547008547,116,109,1,0,108,98,15430,8,0,0,8,11
2020-07-02,US,Georgia,Jenkins,117,12,0,32.79248718,-81.96040187,13165.0,1348.5477178423234,10.256410256410255,105,109,11,0,98,104,8683,8,1,0,7,5
2020-07-02,US,Georgia,Johnson,92,2,0,32.70211082,-82.66166794,13167.0,954.0599398527428,2.1739130434782608,90,90,2,0,88,90,9708,2,0,0,2,0
2020-07-02,US,Georgia,Jones,95,0,0,33.02512137,-83.56019163,13169.0,330.60727336001395,0.0,95,77,0,0,77,73,28616,18,0,0,18,4
2020-07-02,US,Georgia,Lamar,125,6,0,33.07841647,-84.14263877,13171.0,655.2392933899459,4.8,119,121,6,0,115,115,19000,4,0,0,4,6
2020-07-02,US,Georgia,Lanier,145,3,0,31.03828570000001,-83.06472457,13173.0,1391.1541782596182,2.0689655172413794,142,137,3,0,134,132,10340,8,0,0,8,5
2020-07-02,US,Georgia,Laurens,202,1,0,32.46325233,-82.92221316,13175.0,424.85172254238,0.4950495049504951,201,177,1,0,176,167,47325,25,0,0,25,10
2020-07-02,US,Georgia,Lee,393,22,0,31.779330600000005,-84.14324253,13177.0,1310.349426513737,5.597964376590331,371,390,22,0,368,388,29764,3,0,0,3,2
2020-07-02,US,Georgia,Liberty,131,1,0,31.82588896,-81.49251135,13179.0,213.2334988198909,0.7633587786259542,130,127,1,0,126,121,61497,4,0,0,4,6
2020-07-02,US,Georgia,Lincoln,40,1,0,33.79201475,-82.45024131,13181.0,504.9867440979674,2.5,39,38,1,0,37,37,7915,2,0,0,2,1
2020-07-02,US,Georgia,Long,51,1,0,31.75218791,-81.74952375,13183.0,260.7495270719362,1.96078431372549,50,46,1,0,45,43,18998,5,0,0,5,3
2020-07-02,US,Georgia,Lowndes,1263,12,0,30.83568832,-83.27056716,13185.0,1075.7542203975947,0.9501187648456056,1251,1237,12,0,1225,1199,116321,26,0,0,26,38
2020-07-02,US,Georgia,Lumpkin,142,3,0,34.57286511,-84.00425681,13187.0,422.49330556382034,2.112676056338028,139,140,3,0,137,139,32955,2,0,0,2,1
2020-07-02,US,Georgia,Macon,118,9,0,32.35207048,-84.04234127,13193.0,911.4080481964934,7.627118644067798,109,116,9,0,107,115,13143,2,0,0,2,1
2020-07-02,US,Georgia,Madison,103,4,0,34.12920917,-83.21218732,13195.0,344.7121820615796,3.8834951456310685,99,101,4,0,97,92,29650,2,0,0,2,9
2020-07-02,US,Georgia,Marion,83,2,0,32.3483402,-84.52733571,13197.0,992.9417394425168,2.409638554216868,81,82,2,0,80,79,8351,1,0,0,1,3
2020-07-02,US,Georgia,McDuffie,102,7,0,33.47851918,-82.48252774,13189.0,478.6036036036036,6.862745098039214,95,101,6,0,95,92,21531,1,1,0,0,9
2020-07-02,US,Georgia,McIntosh,48,1,0,31.49683595,-81.40163426,13191.0,333.8433718180553,2.083333333333333,47,43,1,0,42,41,14340,5,0,0,5,2
2020-07-02,US,Georgia,Meriwether,195,3,0,33.04163534,-84.68859732,13199.0,921.2453347191383,1.5384615384615383,192,187,3,0,184,183,21068,8,0,0,8,4
2020-07-02,US,Georgia,Miller,49,0,0,31.16568912,-84.73151117,13201.0,856.9429870584123,0.0,49,49,0,0,49,47,5686,0,0,0,0,2
2020-07-02,US,Georgia,Mitchell,451,38,0,31.22483255,-84.19381821,13205.0,2062.845904038787,8.425720620842572,413,451,38,0,413,450,22192,0,0,0,0,1
2020-07-02,US,Georgia,Monroe,170,18,0,33.014289,-83.92097166,13207.0,616.4333889332078,10.588235294117649,152,165,17,0,148,160,27520,5,1,0,4,5
2020-07-02,US,Georgia,Montgomery,32,0,0,32.17201038,-82.53527476,13209.0,348.8879197557785,0.0,32,32,0,0,32,31,9193,0,0,0,0,1
2020-07-02,US,Georgia,Morgan,54,0,0,33.59232073,-83.49129491,13211.0,280.14110811371654,0.0,54,52,0,0,52,52,18853,2,0,0,2,0
2020-07-02,US,Georgia,Murray,229,2,0,34.78897608,-84.74993177,13213.0,571.1292897047088,0.8733624454148472,227,222,2,0,220,214,39921,7,0,0,7,8
2020-07-02,US,Georgia,Muscogee,1833,50,0,32.50931999,-84.87142262,13215.0,936.3075870030497,2.727768685215494,1783,1741,49,0,1692,1679,194160,92,1,0,91,62
2020-07-02,US,Georgia,Newton,644,11,0,33.55514538,-83.84547140000002,13217.0,576.3172966781215,1.708074534161491,633,616,11,0,605,599,109541,28,0,0,28,17
2020-07-02,US,Georgia,Oconee,161,10,0,33.83749973,-83.43679568,13219.0,399.70208540218476,6.211180124223603,151,159,10,0,149,154,39272,2,0,0,2,5
2020-07-02,US,Georgia,Oglethorpe,91,7,0,33.878629600000004,-83.08278123,13221.0,596.3693557900258,7.6923076923076925,84,91,7,0,84,89,15054,0,0,0,0,2
2020-07-02,US,Georgia,Out of GA,5234,48,0,0.0,0.0,80013.0,0.0,0.9170806266717616,5186,4648,48,0,4600,4011,,586,0,0,586,637
2020-07-02,US,Georgia,Paulding,638,16,0,33.91969522,-84.86848792,13223.0,378.26012201556915,2.5078369905956115,622,627,15,0,612,583,164044,11,1,0,10,44
2020-07-02,US,Georgia,Peach,113,9,0,32.56934316,-83.82937,13225.0,410.2228998765701,7.9646017699115035,104,107,9,0,98,103,27297,6,0,0,6,4
2020-07-02,US,Georgia,Pickens,95,5,0,34.46589159,-84.46406611,13227.0,291.4915160627167,5.2631578947368425,90,95,5,0,90,93,31980,0,0,0,0,2
2020-07-02,US,Georgia,Pierce,181,5,0,31.35928155,-82.21598442,13229.0,929.8741330593373,2.7624309392265194,176,174,5,0,169,170,19389,7,0,0,7,4
2020-07-02,US,Georgia,Pike,91,3,0,33.09310242,-84.38790389,13231.0,479.9071827866258,3.2967032967032965,88,90,3,0,87,90,18634,1,0,0,1,0
2020-07-02,US,Georgia,Polk,209,1,0,34.00267074,-85.18677781,13233.0,490.4606575458194,0.4784688995215311,208,208,2,0,206,205,42470,1,-1,0,2,3
2020-07-02,US,Georgia,Pulaski,51,2,0,32.23334561,-83.47549959999998,13235.0,457.93301607255097,3.92156862745098,49,50,2,0,48,50,11069,1,0,0,1,0
2020-07-02,US,Georgia,Putnam,160,12,0,33.32056115,-83.37552891,13237.0,723.3600072336003,7.5,148,157,12,0,145,148,21809,3,0,0,3,9
2020-07-02,US,Georgia,Quitman,17,1,0,31.86728114,-85.01773177,13239.0,739.4519356241844,5.882352941176472,16,17,1,0,16,17,2279,0,0,0,0,0
2020-07-02,US,Georgia,Rabun,50,3,0,34.88389445,-83.40304637,13241.0,291.7663535041139,6.0,47,45,3,0,42,42,16867,5,0,0,5,3
2020-07-02,US,Georgia,Randolph,200,25,0,31.76622818,-84.75732369,13243.0,2950.722927117144,12.5,175,200,25,0,175,197,6833,0,0,0,0,3
2020-07-02,US,Georgia,Richmond,1041,53,0,33.35777107,-82.07026432,13245.0,514.0283826622818,5.091258405379443,988,1012,49,0,963,952,201554,29,4,0,25,60
2020-07-02,US,Georgia,Rockdale,495,11,0,33.65145002,-84.02202167,13247.0,544.5784192923782,2.2222222222222223,484,471,11,0,460,459,90594,24,0,0,24,12
2020-07-02,US,Georgia,Schley,25,1,0,32.2654021,-84.31258912,13249.0,475.55640098915734,4.0,24,25,1,0,24,25,5236,0,0,0,0,0
2020-07-02,US,Georgia,Screven,95,7,0,32.74976524,-81.60779441,13251.0,680.2233996849493,7.36842105263158,88,93,6,0,87,92,13938,2,1,0,1,1
2020-07-02,US,Georgia,Seminole,50,2,0,30.93464824,-84.86823924,13253.0,618.0469715698392,4.0,48,51,2,0,49,51,8315,-1,0,0,-1,0
2020-07-02,US,Georgia,Spalding,441,32,0,33.26310031,-84.28013991,13255.0,661.1396788750131,7.256235827664399,409,425,32,0,393,400,66100,16,0,0,16,25
2020-07-02,US,Georgia,Stephens,240,6,0,34.55151201,-83.29405315,13257.0,925.7473481195757,2.5,234,234,6,0,228,224,26035,6,0,0,6,10
2020-07-02,US,Georgia,Stewart,135,3,0,32.07996777,-84.83208037,13259.0,2038.9669234254645,2.2222222222222223,132,129,3,0,126,119,6199,6,0,0,6,10
2020-07-02,US,Georgia,Sumter,562,50,0,32.03650571,-84.19821492,13261.0,1903.5361062186691,8.896797153024911,512,557,50,0,507,554,29733,5,0,0,5,3
2020-07-02,US,Georgia,Talbot,78,3,0,32.69642758,-84.53351366,13263.0,1259.0799031476995,3.8461538461538463,75,73,2,0,71,73,6272,5,1,0,4,0
2020-07-02,US,Georgia,Taliaferro,2,0,0,33.56543317,-82.88136816,13265.0,130.1236174365647,0.0,2,2,0,0,2,2,1608,0,0,0,0,0
2020-07-02,US,Georgia,Tattnall,142,0,0,32.04785085,-82.05539188,13267.0,561.5755754172269,0.0,142,141,0,0,141,138,25391,1,0,0,1,3
2020-07-02,US,Georgia,Taylor,29,2,0,32.55792548,-84.25077141,13269.0,361.5960099750623,6.896551724137932,27,28,2,0,26,28,8039,1,0,0,1,0
2020-07-02,US,Georgia,Telfair,119,3,0,31.92829517,-82.93491155,13271.0,750.3152585119797,2.5210084033613445,116,120,3,0,117,118,15876,-1,0,0,-1,2
2020-07-02,US,Georgia,Terrell,228,27,0,31.77527543,-84.44069698,13273.0,2672.60579064588,11.842105263157894,201,227,27,0,200,225,8611,1,0,0,1,2
2020-07-02,US,Georgia,Thomas,468,32,0,30.86392347,-83.91847289,13275.0,1052.8447054059527,6.837606837606838,436,459,32,0,427,435,44448,9,0,0,9,24
2020-07-02,US,Georgia,Tift,767,26,0,31.45743864,-83.5236119,13277.0,1887.1174097037685,3.3898305084745757,741,754,26,0,728,750,40571,13,0,0,13,4
2020-07-02,US,Georgia,Toombs,256,5,0,32.12059861,-82.32957247,13279.0,954.1557957510248,1.953125,251,254,5,0,249,244,26887,2,0,0,2,10
2020-07-02,US,Georgia,Towns,45,1,0,34.91369188,-83.74107459999998,13281.0,373.8473041455512,2.2222222222222223,44,45,1,0,44,45,11852,0,0,0,0,0
2020-07-02,US,Georgia,Treutlen,27,1,0,32.40422134,-82.56904553,13283.0,391.24764526880165,3.703703703703704,26,23,1,0,22,23,6809,4,0,0,4,0
2020-07-02,US,Georgia,Troup,1516,35,0,33.03349196,-85.02812115,13285.0,2168.1302022253367,2.3087071240105543,1481,1464,34,0,1430,1398,70034,52,1,0,51,66
2020-07-02,US,Georgia,Turner,177,16,0,31.71612656,-83.62069378,13287.0,2216.65623043206,9.039548022598868,161,177,16,0,161,177,7912,0,0,0,0,0
2020-07-02,US,Georgia,Twiggs,26,1,0,32.67435595,-83.43078662,13289.0,320.1970443349754,3.8461538461538463,25,27,1,0,26,27,8188,-1,0,0,-1,0
2020-07-02,US,Georgia,Unassigned,2764,2,0,0.0,0.0,90013.0,0.0,0.0723589001447178,2762,2395,2,0,2393,2699,,369,0,0,369,-304
2020-07-02,US,Georgia,Union,75,3,0,34.82995757,-83.98967069,13291.0,305.98506792868505,4.0,72,76,3,0,73,71,24001,-1,0,0,-1,5
2020-07-02,US,Georgia,Upson,369,43,0,32.87920671,-84.30024826,13293.0,1401.9756838905773,11.653116531165312,326,363,43,0,320,355,26215,6,0,0,6,8
2020-07-02,US,Georgia,Walker,330,12,0,34.73376362,-85.30165174,13295.0,473.0436776995743,3.636363636363636,318,325,11,0,314,318,69410,5,1,0,4,7
2020-07-02,US,Georgia,Walton,427,28,0,33.78017694,-83.73552314,13297.0,451.4076094425592,6.557377049180328,399,417,28,0,389,399,93503,10,0,0,10,18
2020-07-02,US,Georgia,Ware,459,16,0,31.05449097,-82.42224148,13299.0,1284.4909609895335,3.4858387799564268,443,448,15,0,433,424,35680,11,1,0,10,24
2020-07-02,US,Georgia,Warren,23,0,0,33.41146451,-82.67795848,13301.0,437.7617053673392,0.0,23,23,0,0,23,22,5251,0,0,0,0,1
2020-07-02,US,Georgia,Washington,126,1,0,32.96711864,-82.79357039,13303.0,618.4352606262884,0.7936507936507936,125,110,1,0,109,105,20386,16,0,0,16,5
2020-07-02,US,Georgia,Wayne,81,0,0,31.5521809,-81.91894878,13305.0,270.6586025996592,0.0,81,77,0,0,77,70,29808,4,0,0,4,7
2020-07-02,US,Georgia,Webster,23,2,0,32.04066113,-84.54742852,13307.0,882.2401227464519,8.695652173913043,21,22,1,0,21,22,2611,1,1,0,0,0
2020-07-02,US,Georgia,Wheeler,53,0,0,32.12009104,-82.72574721,13309.0,674.7294716740929,0.0,53,49,0,0,49,49,7879,4,0,0,4,0
2020-07-02,US,Georgia,White,145,4,0,34.64624278,-83.74905525,13311.0,470.8097928436911,2.7586206896551726,141,143,4,0,139,142,29970,2,0,0,2,1
2020-07-02,US,Georgia,Whitfield,1181,10,0,34.80987459,-84.96093476,13313.0,1128.7609435332795,0.8467400508044031,1171,1152,10,0,1142,1101,104062,29,0,0,29,51
2020-07-02,US,Georgia,Wilcox,131,15,0,31.97496928,-83.43438555,13315.0,1517.0816444701795,11.450381679389313,116,127,15,0,112,126,8812,4,0,0,4,1
2020-07-02,US,Georgia,Wilkes,59,1,0,33.78290391,-82.74286107,13317.0,603.4570931778666,1.6949152542372878,58,57,1,0,56,56,9876,2,0,0,2,1
2020-07-02,US,Georgia,Wilkinson,78,8,0,32.80291082,-83.17140684,13319.0,871.1190529372348,10.256410256410255,70,76,8,0,68,76,9036,2,0,0,2,0
2020-07-02,US,Georgia,Worth,319,22,0,31.55162306,-83.85090513,13321.0,1575.5420556131776,6.896551724137932,297,317,22,0,295,315,20299,2,0,0,2,2
2020-07-02,US,Hawaii,Hawaii,90,0,0,19.60121157,-155.5210167,15001.0,44.66213097914279,0.0,90,87,0,0,87,87,200983,3,0,0,3,0
2020-07-02,US,Hawaii,Honolulu,676,12,0,21.45803166,-157.97121819999995,15003.0,69.36442282335776,1.7751479289940828,664,659,12,0,647,652,980080,17,0,0,17,7
2020-07-02,US,Hawaii,Kauai,38,0,0,22.03935037,-159.5966786,15007.0,52.563872020804226,0.0,38,38,0,0,38,38,72133,0,0,0,0,0
2020-07-02,US,Hawaii,Maui,125,6,0,20.86399628,-156.56890969999995,15009.0,74.66386328747976,4.8,119,125,6,0,119,123,167207,0,0,0,0,2
2020-07-02,US,Hawaii,Out of HI,17,0,0,0.0,0.0,80015.0,0.0,0.0,17,17,0,0,17,16,,0,0,0,0,1
2020-07-02,US,Idaho,Ada,2336,23,0,43.4526575,-116.24155159999998,16001.0,485.0629273630725,0.9845890410958904,2313,2288,23,0,2265,2169,469966,48,0,0,48,119
2020-07-02,US,Idaho,Adams,11,0,0,44.89333571,-116.4545247,16003.0,256.171401956218,0.0,11,11,0,0,11,11,4250,0,0,0,0,0
2020-07-02,US,Idaho,Bannock,105,1,0,42.67002716,-112.2233311,16005.0,119.57908163265309,0.9523809523809524,104,104,1,0,103,102,87138,1,0,0,1,2
2020-07-02,US,Idaho,Bear Lake,2,0,0,42.28269683,-111.32892379999998,16007.0,32.6530612244898,0.0,2,2,0,0,2,1,6050,0,0,0,0,1
2020-07-02,US,Idaho,Benewah,21,0,0,47.21754179,-116.6586851,16009.0,225.85502258550227,0.0,21,21,0,0,21,21,9226,0,0,0,0,0
2020-07-02,US,Idaho,Bingham,46,0,0,43.21672879999999,-112.3978437,16011.0,98.26750122834378,0.0,46,43,0,0,43,40,46236,3,0,0,3,3
2020-07-02,US,Idaho,Blaine,538,5,0,43.4085812,-113.9752658,16013.0,2336.996655227836,0.929368029739777,533,535,5,0,530,535,22601,3,0,0,3,0
2020-07-02,US,Idaho,Boise,4,0,0,43.98829931,-115.7309284,16015.0,51.07904482186183,0.0,4,4,0,0,4,4,7634,0,0,0,0,0
2020-07-02,US,Idaho,Bonner,34,0,0,48.29996017,-116.6017932,16017.0,74.33481274186144,0.0,34,33,0,0,33,32,44727,1,0,0,1,1
2020-07-02,US,Idaho,Bonneville,119,1,0,43.38713372,-111.6161537,16019.0,99.94792629050413,0.8403361344537815,118,117,1,0,116,115,116854,2,0,0,2,2
2020-07-02,US,Idaho,Boundary,1,0,0,48.76684761,-116.4630179,16021.0,8.166598611678237,0.0,1,1,0,0,1,1,11948,0,0,0,0,0
2020-07-02,US,Idaho,Camas,1,0,0,43.46665742,-114.8065892,16025.0,90.41591320072331,0.0,1,1,0,0,1,1,1127,0,0,0,0,0
2020-07-02,US,Idaho,Canyon,980,6,0,43.61970148,-116.7095499,16027.0,426.3668756444448,0.6122448979591837,974,900,6,0,894,856,223499,80,0,0,80,44
2020-07-02,US,Idaho,Caribou,11,0,0,42.77149116,-111.5597683,16029.0,153.73864430468203,0.0,11,11,0,0,11,11,7060,0,0,0,0,0
2020-07-02,US,Idaho,Cassia,260,1,0,42.28347888,-113.6012409,16031.0,1081.9808572617562,0.38461538461538464,259,248,1,0,247,240,23864,12,0,0,12,8
2020-07-02,US,Idaho,Clearwater,2,0,0,46.67459924,-115.6622393,16035.0,22.841480127912288,0.0,2,1,0,0,1,1,8758,1,0,0,1,0
2020-07-02,US,Idaho,Custer,4,0,0,44.24186819,-114.2855494,16037.0,92.69988412514485,0.0,4,4,0,0,4,4,4280,0,0,0,0,0
2020-07-02,US,Idaho,Elmore,63,2,0,43.3507101,-115.4701578,16039.0,228.99930936716225,3.1746031746031744,61,61,2,0,59,60,27259,2,0,0,2,1
2020-07-02,US,Idaho,Franklin,25,0,0,42.18332217,-111.8149666,16041.0,180.16719515710582,0.0,25,25,0,0,25,25,13726,0,0,0,0,0
2020-07-02,US,Idaho,Fremont,7,0,0,44.22800938,-111.4809943,16043.0,53.4391938315902,0.0,7,7,0,0,7,7,13168,0,0,0,0,0
2020-07-02,US,Idaho,Gem,28,0,0,44.06482372,-116.398376,16045.0,154.59363957597176,0.0,28,26,0,0,26,26,17634,2,0,0,2,0
2020-07-02,US,Idaho,Gooding,65,1,0,42.96927962,-114.8108306,16047.0,428.2232031095594,1.5384615384615383,64,65,1,0,64,65,15196,0,0,0,0,0
2020-07-02,US,Idaho,Idaho,5,0,0,45.84721541,-115.4634436,16049.0,29.99940001199976,0.0,5,5,0,0,5,4,16513,0,0,0,0,1
2020-07-02,US,Idaho,Jefferson,18,0,0,43.82078483,-112.3131749,16051.0,60.259114191021396,0.0,18,18,0,0,18,18,29439,0,0,0,0,0
2020-07-02,US,Idaho,Jerome,244,5,0,42.68891267,-114.2655033,16053.0,999.5084384728822,2.0491803278688523,239,243,5,0,238,239,24015,1,0,0,1,4
2020-07-02,US,Idaho,Kootenai,302,1,0,47.67282258,-116.7020872,16055.0,182.26039095457367,0.3311258278145696,301,286,1,0,285,261,161505,16,0,0,16,25
2020-07-02,US,Idaho,Latah,25,0,0,46.81587887,-116.7113698,16057.0,62.33170439812507,0.0,25,24,0,0,24,20,40134,1,0,0,1,4
2020-07-02,US,Idaho,Lemhi,2,0,0,44.9438088,-113.9309747,16059.0,24.91590880777377,0.0,2,2,0,0,2,2,7961,0,0,0,0,0
2020-07-02,US,Idaho,Lincoln,36,0,0,43.0012336,-114.1358773,16063.0,670.8907938874395,0.0,36,36,0,0,36,36,5360,0,0,0,0,0
2020-07-02,US,Idaho,Madison,35,0,0,43.78141028,-111.65384740000002,16065.0,87.70391159445711,0.0,35,35,0,0,35,35,39304,0,0,0,0,0
2020-07-02,US,Idaho,Minidoka,201,0,0,42.85518524,-113.6357257,16067.0,955.3686011692572,0.0,201,188,0,0,188,185,20825,13,0,0,13,3
2020-07-02,US,Idaho,Nez Perce,98,19,0,46.32638236,-116.7500975,16069.0,242.52623242922195,19.387755102040817,79,97,19,0,78,96,40408,1,0,0,1,1
2020-07-02,US,Idaho,Oneida,3,0,0,42.19494279999999,-112.5407838,16071.0,66.21054954756124,0.0,3,3,0,0,3,2,4488,0,0,0,0,1
2020-07-02,US,Idaho,Owyhee,42,0,0,42.58016894,-116.1693871,16073.0,355.23978685612775,0.0,42,41,0,0,41,41,11693,1,0,0,1,0
2020-07-02,US,Idaho,Payette,115,2,0,44.00545243,-116.7647695,16075.0,480.1469667237277,1.7391304347826086,113,111,2,0,109,102,23551,4,0,0,4,9
2020-07-02,US,Idaho,Power,17,0,0,42.69254894,-112.83957420000002,16077.0,221.32534826194507,0.0,17,17,0,0,17,17,7768,0,0,0,0,0
2020-07-02,US,Idaho,Teton,22,0,0,43.75303583,-111.2056773,16081.0,181.18926041838245,0.0,22,20,0,0,20,17,11640,2,0,0,2,3
2020-07-02,US,Idaho,Twin Falls,642,25,0,42.35440512,-114.6685381,16083.0,738.9672874605769,3.894080996884736,617,614,25,0,589,599,86081,28,0,0,28,15
2020-07-02,US,Idaho,Unassigned,1,0,0,0.0,0.0,90016.0,0.0,0.0,1,1,0,0,1,1,,0,0,0,0,0
2020-07-02,US,Idaho,Valley,14,0,0,44.76728382,-115.5676773,16085.0,122.8932584269663,0.0,14,14,0,0,14,13,11041,0,0,0,0,1
2020-07-02,US,Idaho,Washington,108,0,0,44.45275475,-116.7847688,16087.0,1059.446733372572,0.0,108,107,0,0,107,102,10161,1,0,0,1,5
2020-07-02,US,Illinois,Adams,93,1,0,39.98815591,-91.18786813,17001.0,142.12577366852605,1.075268817204301,92,93,1,0,92,87,65691,0,0,0,0,6
2020-07-02,US,Illinois,Alexander,22,0,0,37.18049267,-89.32910838,17003.0,381.87814615518135,0.0,22,22,0,0,22,22,6060,0,0,0,0,0
2020-07-02,US,Illinois,Bond,13,1,0,38.88829622,-89.43534887,17005.0,79.14282235480336,7.6923076923076925,12,13,1,0,12,13,16630,0,0,0,0,0
2020-07-02,US,Illinois,Boone,595,21,0,42.32359279,-88.82345779,17007.0,1111.23561930375,3.5294117647058822,574,595,21,0,574,586,53577,0,0,0,0,9
2020-07-02,US,Illinois,Brown,10,0,0,39.96209138,-90.75068024,17009.0,152.02189115232594,0.0,10,10,0,0,10,10,6556,0,0,0,0,0
2020-07-02,US,Illinois,Bureau,29,2,0,41.40385234,-89.5283051,17011.0,88.88071594949123,6.896551724137932,27,29,2,0,27,29,32993,0,0,0,0,0
2020-07-02,US,Illinois,Calhoun,1,0,0,39.16840183,-90.66330078,17013.0,21.101498206372653,0.0,1,1,0,0,1,1,4802,0,0,0,0,0
2020-07-02,US,Illinois,Carroll,21,2,0,42.06823429,-89.93395545,17015.0,146.8018175463125,9.523809523809524,19,21,2,0,19,21,14312,0,0,0,0,0
2020-07-02,US,Illinois,Cass,130,2,0,39.96991073,-90.24734436,17017.0,1070.2231003539966,1.5384615384615383,128,130,2,0,128,129,12260,0,0,0,0,1
2020-07-02,US,Illinois,Champaign,880,12,0,40.13919438,-88.20046615,17019.0,419.66912904348817,1.3636363636363635,868,880,12,0,868,860,209983,0,0,0,0,20
2020-07-02,US,Illinois,Christian,43,4,0,39.54581621,-89.27780482,17021.0,133.1104507181773,9.30232558139535,39,43,4,0,39,43,32661,0,0,0,0,0
2020-07-02,US,Illinois,Clark,14,0,0,39.33425789,-87.78705622,17023.0,90.66770286898516,0.0,14,14,0,0,14,14,15596,0,0,0,0,0
2020-07-02,US,Illinois,Clay,2,0,0,38.75388572,-88.48914513,17025.0,15.169902912621355,0.0,2,2,0,0,2,2,13253,0,0,0,0,0
2020-07-02,US,Illinois,Clinton,237,17,0,38.60704876,-89.42385254,17027.0,630.9568180608061,7.172995780590718,220,237,17,0,220,236,37639,0,0,0,0,1
2020-07-02,US,Illinois,Coles,170,17,0,39.51949084,-88.22358557,17029.0,335.82900377313763,10.0,153,170,17,0,153,164,50885,0,0,0,0,6
2020-07-02,US,Illinois,Cook,90911,4581,0,41.84144849,-87.81658794,17031.0,1765.182274277688,5.038994181122196,86330,90911,4581,0,86330,90536,5180493,0,0,0,0,375
2020-07-02,US,Illinois,Crawford,18,0,0,39.0032229,-87.75954624,17033.0,96.42684952054428,0.0,18,18,0,0,18,18,18807,0,0,0,0,0
2020-07-02,US,Illinois,Cumberland,12,0,0,39.27432424,-88.2401158,17035.0,111.4620100315809,0.0,12,12,0,0,12,11,10808,0,0,0,0,1
2020-07-02,US,Illinois,De Witt,6,0,0,40.17514519,-88.90959682,17039.0,38.368077759304256,0.0,6,6,0,0,6,6,15769,0,0,0,0,0
2020-07-02,US,Illinois,DeKalb,558,18,0,41.89373302,-88.76958483,17037.0,531.950389429631,3.2258064516129035,540,558,18,0,540,550,104143,0,0,0,0,8
2020-07-02,US,Illinois,Douglas,52,0,0,39.76768052,-88.21854195,17041.0,267.14615977395323,0.0,52,52,0,0,52,52,19479,0,0,0,0,0
2020-07-02,US,Illinois,DuPage,9083,472,0,41.85116968,-88.08642662,17043.0,984.1579073398482,5.196520973246725,8611,9083,472,0,8611,9032,928589,0,0,0,0,51
2020-07-02,US,Illinois,Edgar,10,0,0,39.6809186,-87.74759563,17045.0,58.271662490530865,0.0,10,10,0,0,10,10,17360,0,0,0,0,0
2020-07-02,US,Illinois,Edwards,2,0,0,38.41353228,-88.05720863,17047.0,31.27443315089914,0.0,2,2,0,0,2,2,6392,0,0,0,0,0
2020-07-02,US,Illinois,Effingham,12,1,0,39.05935711,-88.58969584,17049.0,35.28581510232886,8.333333333333334,11,12,1,0,11,12,34208,0,0,0,0,0
2020-07-02,US,Illinois,Fayette,23,3,0,39.00072038,-89.02452658,17051.0,107.79902512185976,13.043478260869565,20,23,3,0,20,23,21416,0,0,0,0,0
2020-07-02,US,Illinois,Ford,33,1,0,40.59706922,-88.22350769,17053.0,254.60998379754648,3.0303030303030303,32,33,1,0,32,31,13264,0,0,0,0,2
2020-07-02,US,Illinois,Franklin,22,0,0,37.99189086,-88.92567818,17055.0,57.18890535236165,0.0,22,22,0,0,22,14,38701,0,0,0,0,8
2020-07-02,US,Illinois,Fulton,15,0,0,40.47289135,-90.20862357,17057.0,43.68083867210249,0.0,15,15,0,0,15,15,34844,0,0,0,0,0
2020-07-02,US,Illinois,Gallatin,2,0,0,37.76430935,-88.22953869,17059.0,41.42502071251035,0.0,2,2,0,0,2,2,5058,0,0,0,0,0
2020-07-02,US,Illinois,Greene,9,0,0,39.35907414,-90.388865,17061.0,69.39625260235947,0.0,9,9,0,0,9,9,13044,0,0,0,0,0
2020-07-02,US,Illinois,Grundy,167,4,0,41.28569601,-88.41905692,17063.0,327.10463430877115,2.395209580838323,163,167,4,0,163,162,50972,0,0,0,0,5
2020-07-02,US,Illinois,Hamilton,5,0,0,38.08163641,-88.53883373,17065.0,61.60670280926565,0.0,5,5,0,0,5,5,8163,0,0,0,0,0
2020-07-02,US,Illinois,Hancock,19,1,0,40.40423981,-91.16313899,17067.0,107.2961373390558,5.2631578947368425,18,19,1,0,18,18,17844,0,0,0,0,1
2020-07-02,US,Illinois,Hardin,1,0,0,37.51810645,-88.26873022,17069.0,26.17115938236064,0.0,1,1,0,0,1,1,3910,0,0,0,0,0
2020-07-02,US,Illinois,Henderson,8,0,0,40.81908672,-90.92491462,17071.0,120.37315678603672,0.0,8,8,0,0,8,8,6709,0,0,0,0,0
2020-07-02,US,Illinois,Henry,88,1,0,41.3533994,-90.13296166,17073.0,179.9112710322409,1.1363636363636365,87,88,1,0,87,84,49090,0,0,0,0,4
2020-07-02,US,Illinois,Iroquois,157,5,0,40.74717633,-87.82466784,17075.0,579.0366600280298,3.1847133757961785,152,157,5,0,152,157,27604,0,0,0,0,0
2020-07-02,US,Illinois,Jackson,332,19,0,37.78595185,-89.38232563,17077.0,585.022026431718,5.7228915662650595,313,332,19,0,313,332,57419,0,0,0,0,0
2020-07-02,US,Illinois,Jasper,46,7,0,39.01054275,-88.15437049,17079.0,478.6680541103018,15.217391304347824,39,46,7,0,39,46,9611,0,0,0,0,0
2020-07-02,US,Illinois,Jefferson,107,17,0,38.29980057,-88.9240025,17081.0,283.9401337437639,15.88785046728972,90,107,17,0,90,107,37820,0,0,0,0,0
2020-07-02,US,Illinois,Jersey,35,1,0,39.08869046,-90.35393073,17083.0,160.74955219767602,2.8571428571428568,34,35,1,0,34,35,21847,0,0,0,0,0
2020-07-02,US,Illinois,Jo Daviess,44,1,0,42.36542373,-90.21094405,17085.0,207.20508594301862,2.272727272727273,43,44,1,0,43,42,21366,0,0,0,0,2
2020-07-02,US,Illinois,Johnson,20,0,0,37.45939802,-88.88165419,17087.0,161.0695014898929,0.0,20,20,0,0,20,20,12456,0,0,0,0,0
2020-07-02,US,Illinois,Kane,7733,271,0,41.93842729,-88.42861412,17089.0,1452.4711543699038,3.504461399198241,7462,7733,271,0,7462,7703,534216,0,0,0,0,30
2020-07-02,US,Illinois,Kankakee,1285,65,0,41.13746989,-87.86205334,17091.0,1169.6491962644045,5.058365758754863,1220,1285,65,0,1220,1272,110024,0,0,0,0,13
2020-07-02,US,Illinois,Kendall,963,20,0,41.59081014,-88.42869583,17093.0,746.5695015117451,2.0768431983385254,943,963,20,0,943,956,127915,0,0,0,0,7
2020-07-02,US,Illinois,Knox,132,0,0,40.93148779,-90.21330340000002,17095.0,265.59890541057166,0.0,132,132,0,0,132,130,50112,0,0,0,0,2
2020-07-02,US,Illinois,LaSalle,219,17,0,41.34426129999999,-88.88633881,17099.0,201.52941501256112,7.762557077625572,202,219,17,0,202,216,109430,0,0,0,0,3
2020-07-02,US,Illinois,Lake,9752,418,0,42.3224907,-88.00367925,17097.0,1400.0732195797766,4.286300246103363,9334,9752,418,0,9334,9719,700832,0,0,0,0,33
2020-07-02,US,Illinois,Lawrence,7,0,0,38.71987914,-87.72884035,17101.0,44.64855211123868,0.0,7,7,0,0,7,7,15765,0,0,0,0,0
2020-07-02,US,Illinois,Lee,97,2,0,41.74583951,-89.29977132,17103.0,284.4908493664946,2.061855670103093,95,97,2,0,95,97,34223,0,0,0,0,0
2020-07-02,US,Illinois,Livingston,45,2,0,40.89188292,-88.55784752,17105.0,126.23429084380614,4.4444444444444455,43,45,2,0,43,43,35761,0,0,0,0,2
2020-07-02,US,Illinois,Logan,15,0,0,40.12581572,-89.36638784,17107.0,52.41456426025579,0.0,15,15,0,0,15,14,28925,0,0,0,0,1
2020-07-02,US,Illinois,Macon,231,22,0,39.86064913,-88.96342505,17115.0,222.09616475497313,9.523809523809524,209,231,22,0,209,232,104712,0,0,0,0,-1
2020-07-02,US,Illinois,Macoupin,52,3,0,39.26119767,-89.92424028,17117.0,115.74589324667231,5.769230769230768,49,52,3,0,49,51,45313,0,0,0,0,1
2020-07-02,US,Illinois,Madison,947,69,0,38.83042506,-89.90422563,17119.0,360.1226014009416,7.286166842661035,878,947,69,0,878,932,264461,0,0,0,0,15
2020-07-02,US,Illinois,Marion,66,0,0,38.64963204,-88.91899208,17121.0,177.39551135600053,0.0,66,66,0,0,66,65,37620,0,0,0,0,1
2020-07-02,US,Illinois,Marshall,8,0,0,41.0327901,-89.34510444,17123.0,69.94229760447631,0.0,8,8,0,0,8,8,11534,0,0,0,0,0
2020-07-02,US,Illinois,Mason,22,0,0,40.23917274,-89.91824452,17125.0,164.68298525338722,0.0,22,22,0,0,22,22,13565,0,0,0,0,0
2020-07-02,US,Illinois,Massac,13,0,0,37.22078441,-88.71036614,17127.0,94.39442346790592,0.0,13,13,0,0,13,11,14080,0,0,0,0,2
2020-07-02,US,Illinois,McDonough,101,15,0,40.45674722,-90.67775541,17109.0,340.27356647126203,14.851485148514852,86,101,15,0,86,100,29955,0,0,0,0,1
2020-07-02,US,Illinois,McHenry,2061,97,0,42.32451172,-88.45248227,17111.0,669.6472086660991,4.706453178068898,1964,2061,97,0,1964,2032,308570,0,0,0,0,29
2020-07-02,US,Illinois,McLean,261,13,0,40.48996987,-88.84621113,17113.0,152.17150486540692,4.980842911877394,248,261,13,0,248,260,172828,0,0,0,0,1
2020-07-02,US,Illinois,Menard,25,0,0,40.02742725,-89.80246001,17129.0,204.9852410626435,0.0,25,25,0,0,25,25,12288,0,0,0,0,0
2020-07-02,US,Illinois,Mercer,20,0,0,41.20596782,-90.74290052,17131.0,129.55885210857028,0.0,20,20,0,0,20,20,15601,0,0,0,0,0
2020-07-02,US,Illinois,Monroe,127,13,0,38.27594376,-90.17761038,17133.0,366.6599301325172,10.236220472440944,114,127,13,0,114,127,34335,0,0,0,0,0
2020-07-02,US,Illinois,Montgomery,44,1,0,39.23198845,-89.47809254,17135.0,154.85324135989305,2.272727272727273,43,44,1,0,43,44,28601,0,0,0,0,0
2020-07-02,US,Illinois,Morgan,128,3,0,39.71654544,-90.20255104,17137.0,380.29591776100784,2.34375,125,128,3,0,125,128,33976,0,0,0,0,0
2020-07-02,US,Illinois,Moultrie,18,0,0,39.64187451,-88.62099969,17139.0,124.12937038824907,0.0,18,18,0,0,18,17,14717,0,0,0,0,1
2020-07-02,US,Illinois,Ogle,261,4,0,42.04165196,-89.32184679,17141.0,515.3723120668207,1.5325670498084292,257,261,4,0,257,261,50923,0,0,0,0,0
2020-07-02,US,Illinois,Out of IL,1,0,0,0.0,0.0,80017.0,0.0,0.0,1,1,0,0,1,1,,0,0,0,0,0
2020-07-02,US,Illinois,Peoria,499,28,0,40.78702156,-89.76078901,17143.0,278.492457263407,5.611222444889781,471,499,28,0,471,487,180621,0,0,0,0,12
2020-07-02,US,Illinois,Perry,54,1,0,38.08510853,-89.36856219,17145.0,258.1755593803787,1.851851851851852,53,54,1,0,53,51,21174,0,0,0,0,3
2020-07-02,US,Illinois,Piatt,20,0,0,40.01360584,-88.59319339,17147.0,122.36906510034264,0.0,20,20,0,0,20,19,16396,0,0,0,0,1
2020-07-02,US,Illinois,Pike,2,0,0,39.62265059,-90.8877017,17149.0,12.852644431591802,0.0,2,2,0,0,2,2,15611,0,0,0,0,0
2020-07-02,US,Illinois,Pope,1,0,0,37.41391284,-88.56152109,17151.0,23.94062724443381,0.0,1,1,0,0,1,1,4212,0,0,0,0,0
2020-07-02,US,Illinois,Pulaski,76,0,0,37.22631423,-89.13085001,17153.0,1424.554826616682,0.0,76,76,0,0,76,74,5463,0,0,0,0,2
2020-07-02,US,Illinois,Putnam,1,0,0,41.2013541,-89.2869272,17155.0,17.424638438752392,0.0,1,1,0,0,1,1,5740,0,0,0,0,0
2020-07-02,US,Illinois,Randolph,287,7,0,38.05095369,-89.82512254,17157.0,903.0268705556604,2.4390243902439024,280,287,7,0,280,285,32106,0,0,0,0,2
2020-07-02,US,Illinois,Richland,4,0,0,38.71240969,-88.08475366,17159.0,25.784825630116682,0.0,4,4,0,0,4,4,15763,0,0,0,0,0
2020-07-02,US,Illinois,Rock Island,947,29,0,41.46613806,-90.57042164,17161.0,667.4701682419527,3.0623020063357966,918,947,29,0,918,925,143477,0,0,0,0,22
2020-07-02,US,Illinois,Saline,9,0,0,37.75332999,-88.54119706,17165.0,38.31254523008812,0.0,9,9,0,0,9,9,23906,0,0,0,0,0
2020-07-02,US,Illinois,Sangamon,431,32,0,39.75836914,-89.65872023,17167.0,221.39804388920845,7.424593967517401,399,431,32,0,399,426,195348,0,0,0,0,5
2020-07-02,US,Illinois,Schuyler,13,0,0,40.157179799999994,-90.61114163,17169.0,192.08037825059105,0.0,13,13,0,0,13,13,6907,0,0,0,0,0
2020-07-02,US,Illinois,Shelby,18,1,0,39.39133527,-88.80611122,17173.0,83.20236664509571,5.5555555555555545,17,18,1,0,17,18,21741,0,0,0,0,0
2020-07-02,US,Illinois,St. Clair,1906,136,0,38.46996033,-89.93063427,17163.0,733.9633249385797,7.135362014690451,1770,1906,136,0,1770,1874,261059,0,0,0,0,32
2020-07-02,US,Illinois,Stark,3,0,0,41.09309773,-89.79745866,17175.0,56.15874204417821,0.0,3,3,0,0,3,3,5427,0,0,0,0,0
2020-07-02,US,Illinois,Stephenson,274,5,0,42.35129217,-89.662598,17177.0,615.7580115960268,1.8248175182481752,269,274,5,0,269,270,44753,0,0,0,0,4
2020-07-02,US,Illinois,Tazewell,137,8,0,40.50716185,-89.51404662,17179.0,103.94300584963922,5.8394160583941614,129,137,8,0,129,127,132328,0,0,0,0,10
2020-07-02,US,Illinois,Unassigned,50,0,0,0.0,0.0,90017.0,0.0,0.0,50,50,0,0,50,48,,0,0,0,0,2
2020-07-02,US,Illinois,Union,191,19,0,37.47119609,-89.25548938,17181.0,1146.9404912027862,9.947643979057592,172,191,19,0,172,188,16841,0,0,0,0,3
2020-07-02,US,Illinois,Vermilion,66,2,0,40.18417171,-87.73384359,17183.0,87.11951213073206,3.0303030303030303,64,66,2,0,64,65,76806,0,0,0,0,1
2020-07-02,US,Illinois,Wabash,22,0,0,38.44272901,-87.84922065,17185.0,190.97222222222226,0.0,22,22,0,0,22,22,11549,0,0,0,0,0
2020-07-02,US,Illinois,Warren,138,0,0,40.84925021,-90.6147432,17187.0,819.2828306815483,0.0,138,138,0,0,138,136,17032,0,0,0,0,2
2020-07-02,US,Illinois,Washington,20,0,0,38.35309213,-89.40982703,17189.0,144.01958666378627,0.0,20,20,0,0,20,19,13995,0,0,0,0,1
2020-07-02,US,Illinois,Wayne,14,1,0,38.42955355,-88.42586459,17191.0,86.33980881899475,7.142857142857142,13,14,1,0,13,14,16332,0,0,0,0,0
2020-07-02,US,Illinois,White,5,0,0,38.08706198,-88.17657461,17193.0,36.93580556991947,0.0,5,5,0,0,5,4,13665,0,0,0,0,1
2020-07-02,US,Illinois,Whiteside,191,15,0,41.75509713,-89.91556058,17195.0,346.17127322156784,7.853403141361255,176,191,15,0,176,186,55626,0,0,0,0,5
2020-07-02,US,Illinois,Will,6744,320,0,41.44619267,-87.97862712,17197.0,976.3399701480866,4.744958481613286,6424,6744,320,0,6424,6686,692310,0,0,0,0,58
2020-07-02,US,Illinois,Williamson,120,4,0,37.73033511,-88.92994027,17199.0,180.18829677012482,3.333333333333333,116,120,4,0,116,115,67056,0,0,0,0,5
2020-07-02,US,Illinois,Winnebago,3046,95,0,42.33641854,-89.16085327,17201.0,1077.9553529719858,3.1188443860801045,2951,3046,95,0,2951,3030,284081,0,0,0,0,16
2020-07-02,US,Illinois,Woodford,33,2,0,40.78579374,-89.20973757,17203.0,85.80566317376946,6.0606060606060606,31,33,2,0,31,33,38463,0,0,0,0,0
2020-07-02,US,Indiana,Adams,47,1,0,40.7457653,-84.93671406,18001.0,131.36931548201358,2.127659574468085,46,45,1,0,44,45,35636,2,0,0,2,0
2020-07-02,US,Indiana,Allen,2695,117,0,41.09194313,-85.06800636,18003.0,710.5212510446903,4.341372912801484,2578,2677,114,0,2563,2649,375351,18,3,0,15,28
2020-07-02,US,Indiana,Bartholomew,580,44,0,39.20744865,-85.89558181,18005.0,692.2975924754413,7.586206896551723,536,578,44,0,534,578,82753,2,0,0,2,0
2020-07-02,US,Indiana,Benton,48,0,0,40.60626947,-87.31093999,18007.0,548.6968449931413,0.0,48,48,0,0,48,47,8653,0,0,0,0,1
2020-07-02,US,Indiana,Blackford,37,2,0,40.47388153,-85.32499702,18009.0,314.67936723932644,5.405405405405406,35,37,2,0,35,35,11930,0,0,0,0,2
2020-07-02,US,Indiana,Boone,427,43,0,40.0509304,-86.46841646,18011.0,629.3943369249591,10.070257611241217,384,422,42,0,380,421,66999,5,1,0,4,1
2020-07-02,US,Indiana,Brown,38,1,0,39.19605589,-86.22868909,18013.0,251.78902729923138,2.631578947368421,37,38,1,0,37,38,15234,0,0,0,0,0
2020-07-02,US,Indiana,Carroll,109,2,0,40.580783200000006,-86.56198812,18015.0,538.0856000394925,1.834862385321101,107,109,2,0,107,108,20127,0,0,0,0,1
2020-07-02,US,Indiana,Cass,1636,9,0,40.76135835,-86.34830753,18017.0,4340.789089654806,0.5501222493887531,1627,1636,9,0,1627,1636,37955,0,0,0,0,0
2020-07-02,US,Indiana,Clark,627,44,0,38.48015445,-85.70510334,18019.0,529.9994928234519,7.0175438596491215,583,622,44,0,578,616,117360,5,0,0,5,6
2020-07-02,US,Indiana,Clay,59,4,0,39.39561833,-87.11723506,18021.0,224.97616777883698,6.779661016949151,55,59,4,0,55,59,26170,0,0,0,0,0
2020-07-02,US,Indiana,Clinton,281,2,0,40.30319754,-86.47277257,18023.0,867.3107194666502,0.7117437722419929,279,279,2,0,277,279,32250,2,0,0,2,0
2020-07-02,US,Indiana,Crawford,29,0,0,38.28814402,-86.44518825,18025.0,274.1798241467335,0.0,29,29,0,0,29,29,10558,0,0,0,0,0
2020-07-02,US,Indiana,Daviess,139,16,0,38.70186039,-87.07185406,18027.0,416.77910707325117,11.510791366906474,123,139,16,0,123,138,33147,0,0,0,0,1
2020-07-02,US,Indiana,DeKalb,159,4,0,41.39804622,-84.99906934,18033.0,365.7274295572168,2.5157232704402515,155,159,4,0,155,157,43226,0,0,0,0,2
2020-07-02,US,Indiana,Dearborn,206,22,0,39.14647946,-84.97333539,18029.0,416.5150228476688,10.679611650485436,184,204,22,0,182,203,49568,2,0,0,2,1
2020-07-02,US,Indiana,Decatur,247,32,0,39.30712658,-85.50087166,18031.0,930.0048947626041,12.955465587044534,215,246,32,0,214,243,26794,1,0,0,1,3
2020-07-02,US,Indiana,Delaware,429,49,0,40.22787247,-85.39732772,18035.0,375.870679458536,11.421911421911421,380,426,48,0,378,425,114772,3,1,0,2,1
2020-07-02,US,Indiana,Dubois,261,6,0,38.36597551,-86.87924170000002,18037.0,610.726319730438,2.2988505747126435,255,260,6,0,254,259,42565,1,0,0,1,1
2020-07-02,US,Indiana,Elkhart,3133,43,0,41.59761169,-85.85875695,18039.0,1518.3603840245032,1.3724864347270986,3090,3085,43,0,3042,3041,205560,48,0,0,48,44
2020-07-02,US,Indiana,Fayette,96,7,0,39.63684962,-85.17797541,18041.0,415.5484373647303,7.291666666666668,89,96,7,0,89,95,23047,0,0,0,0,1
2020-07-02,US,Indiana,Floyd,370,44,0,38.32117957,-85.90385377,18043.0,471.2055220193066,11.891891891891891,326,363,44,0,319,362,77781,7,0,0,7,1
2020-07-02,US,Indiana,Fountain,29,2,0,40.12361933,-87.24217689,18045.0,177.41343447938334,6.896551724137932,27,29,2,0,27,28,16351,0,0,0,0,1
2020-07-02,US,Indiana,Franklin,124,8,0,39.4142482,-85.06062647,18047.0,544.8633447578874,6.451612903225807,116,124,8,0,116,124,22736,0,0,0,0,0
2020-07-02,US,Indiana,Fulton,66,1,0,41.0469907,-86.26252745,18049.0,330.42955842595376,1.5151515151515151,65,66,1,0,65,66,20092,0,0,0,0,0
2020-07-02,US,Indiana,Gibson,46,2,0,38.30393723,-87.58054938,18051.0,136.6647850500609,4.3478260869565215,44,44,2,0,42,41,33452,2,0,0,2,3
2020-07-02,US,Indiana,Grant,287,26,0,40.51587228,-85.65468702,18053.0,436.37580014900635,9.059233449477352,261,285,26,0,259,285,65936,2,0,0,2,0
2020-07-02,US,Indiana,Greene,184,32,0,39.03630547,-86.96223202,18055.0,576.4049871561932,17.391304347826086,152,184,31,0,153,184,32006,0,1,0,-1,0
2020-07-02,US,Indiana,Hamilton,1502,100,0,40.07306535,-86.05244729,18057.0,444.364236666854,6.657789613848203,1402,1484,100,0,1384,1463,330086,18,0,0,18,21
2020-07-02,US,Indiana,Hancock,425,35,0,39.82304555,-85.77566351,18059.0,543.7007471087912,8.235294117647058,390,429,35,0,394,418,76351,-4,0,0,-4,11
2020-07-02,US,Indiana,Harrison,208,22,0,38.19467379,-86.10948271,18061.0,513.3901024311983,10.576923076923077,186,208,22,0,186,208,40350,0,0,0,0,0
2020-07-02,US,Indiana,Hendricks,1371,100,0,39.76719009,-86.51037283,18063.0,804.9979155779721,7.293946024799419,1271,1366,99,0,1267,1366,167009,5,1,0,4,0
2020-07-02,US,Indiana,Henry,236,15,0,39.93029017,-85.39625719,18065.0,491.9536396231135,6.3559322033898304,221,235,15,0,220,235,48271,1,0,0,1,0
2020-07-02,US,Indiana,Howard,550,57,0,40.48527731,-86.11351892,18067.0,666.3113006396587,10.363636363636363,493,543,56,0,487,542,82366,7,1,0,6,1
2020-07-02,US,Indiana,Huntington,70,2,0,40.82907273,-85.48822092,18069.0,191.67579408543259,2.8571428571428568,68,70,2,0,68,70,36240,0,0,0,0,0
2020-07-02,US,Indiana,Jackson,458,3,0,38.90915820000001,-86.03851889,18071.0,1035.472858402478,0.6550218340611353,455,455,3,0,452,454,44111,3,0,0,3,1
2020-07-02,US,Indiana,Jasper,113,2,0,41.02078733,-87.11553319,18073.0,336.6903045110542,1.7699115044247788,111,109,2,0,107,107,33370,4,0,0,4,2
2020-07-02,US,Indiana,Jay,67,0,0,40.43781032,-85.00576229,18075.0,327.8528087688393,0.0,67,67,0,0,67,67,20764,0,0,0,0,0
2020-07-02,US,Indiana,Jefferson,66,1,0,38.78576239,-85.43633383,18077.0,204.28376872601208,1.5151515151515151,65,65,1,0,64,64,32208,1,0,0,1,1
2020-07-02,US,Indiana,Jennings,169,11,0,38.99588883,-85.62710784,18079.0,609.3383811069046,6.508875739644972,158,169,11,0,158,169,27611,0,0,0,0,0
2020-07-02,US,Indiana,Johnson,1244,118,0,39.48994426,-86.10149107,18081.0,786.5104604626755,9.485530546623792,1126,1235,118,0,1117,1232,156225,9,0,0,9,3
2020-07-02,US,Indiana,Knox,63,0,0,38.68861576,-87.4194665,18083.0,172.1593703885883,0.0,63,62,0,0,62,62,36895,1,0,0,1,0
2020-07-02,US,Indiana,Kosciusko,500,3,0,41.24521668,-85.86312322,18085.0,629.2790978654853,0.6,497,495,2,0,493,484,79344,5,1,0,4,11
2020-07-02,US,Indiana,LaGrange,464,6,0,41.64232188,-85.42674232,18087.0,1171.303074670571,1.293103448275862,458,459,6,0,453,456,39330,5,0,0,5,3
2020-07-02,US,Indiana,LaPorte,541,25,0,41.54366008,-86.74072188,18091.0,492.31945253348863,4.621072088724584,516,539,25,0,514,534,110007,2,0,0,2,5
2020-07-02,US,Indiana,Lake,4985,241,0,41.41874274,-87.38277575,18089.0,1026.7913234588343,4.8345035105315946,4744,4872,240,0,4632,4847,484411,113,1,0,112,25
2020-07-02,US,Indiana,Lawrence,236,24,0,38.84112637,-86.48361629,18093.0,520.1675115715229,10.169491525423727,212,231,24,0,207,229,45668,5,0,0,5,2
2020-07-02,US,Indiana,Madison,643,63,0,40.16143691,-85.71964711,18095.0,496.26067963787636,9.797822706065318,580,643,63,0,580,642,129641,0,0,0,0,1
2020-07-02,US,Indiana,Marion,11434,680,0,39.78163624,-86.13826325,18097.0,1185.3839279605052,5.94717509183138,10754,11387,679,0,10708,11329,954670,47,1,0,46,58
2020-07-02,US,Indiana,Marshall,418,3,0,41.32467367,-86.26185087,18099.0,903.6274806519954,0.7177033492822966,415,412,3,0,409,409,46248,6,0,0,6,3
2020-07-02,US,Indiana,Martin,22,0,0,38.7099921,-86.80373186,18101.0,214.5294978059483,0.0,22,22,0,0,22,22,10217,0,0,0,0,0
2020-07-02,US,Indiana,Miami,180,2,0,40.76940965,-86.04525048,18103.0,506.8138303863048,1.1111111111111112,178,180,2,0,178,180,35567,0,0,0,0,0
2020-07-02,US,Indiana,Monroe,263,28,0,39.16130004,-86.52414358,18105.0,177.18670628103294,10.64638783269962,235,256,28,0,228,244,146917,7,0,0,7,12
2020-07-02,US,Indiana,Montgomery,290,20,0,40.04034823,-86.89335024,18107.0,756.4296520423601,6.896551724137932,270,287,20,0,267,285,38346,3,0,0,3,2
2020-07-02,US,Indiana,Morgan,323,31,0,39.47899078,-86.44573375,18109.0,458.22752486203524,9.597523219814242,292,320,31,0,289,318,70116,3,0,0,3,2
2020-07-02,US,Indiana,Newton,96,10,0,40.95610449,-87.39635768,18111.0,686.4988558352403,10.416666666666666,86,95,10,0,85,94,14011,1,0,0,1,1
2020-07-02,US,Indiana,Noble,451,28,0,41.39672484,-85.41966713,18113.0,944.6213136729224,6.208425720620843,423,447,28,0,419,434,47532,4,0,0,4,13
2020-07-02,US,Indiana,Ohio,14,0,0,38.955304999999996,-84.96515993,18115.0,238.2978723404256,0.0,14,14,0,0,14,14,5844,0,0,0,0,0
2020-07-02,US,Indiana,Orange,133,23,0,38.54118920000001,-86.49523093,18117.0,676.9825918762089,17.29323308270677,110,133,23,0,110,133,19489,0,0,0,0,0
2020-07-02,US,Indiana,Owen,45,1,0,39.31145587,-86.83900724,18119.0,216.3565556036348,2.2222222222222223,44,45,1,0,44,43,20845,0,0,0,0,2
2020-07-02,US,Indiana,Parke,22,0,0,39.77202286,-87.20375833,18121.0,129.89313337663106,0.0,22,22,0,0,22,22,16927,0,0,0,0,0
2020-07-02,US,Indiana,Perry,123,9,0,38.07809328,-86.63741946,18123.0,641.6610151807606,7.317073170731707,114,120,9,0,111,118,19102,3,0,0,3,2
2020-07-02,US,Indiana,Pike,8,0,0,38.40112197,-87.23574907,18125.0,64.57341189765114,0.0,8,8,0,0,8,6,12410,0,0,0,0,2
2020-07-02,US,Indiana,Porter,690,37,0,41.45986947,-87.06848888,18127.0,404.9557189724688,5.36231884057971,653,685,37,0,648,680,169594,5,0,0,5,5
2020-07-02,US,Indiana,Posey,36,0,0,38.02097333,-87.86480429,18129.0,141.58178314390216,0.0,36,35,0,0,35,32,25540,1,0,0,1,3
2020-07-02,US,Indiana,Pulaski,62,1,0,41.04166107,-86.69890683,18131.0,501.9023718934672,1.6129032258064515,61,63,1,0,62,59,12469,-1,0,0,-1,4
2020-07-02,US,Indiana,Putnam,165,8,0,39.66437981,-86.84517605,18133.0,439.11007025761126,4.848484848484849,157,165,8,0,157,165,37779,0,0,0,0,0
2020-07-02,US,Indiana,Randolph,77,4,0,40.15734772,-85.01139319,18135.0,312.18325562538007,5.194805194805196,73,76,4,0,72,76,24851,1,0,0,1,0
2020-07-02,US,Indiana,Ripley,114,8,0,39.10235626,-85.26212744,18137.0,402.485524643412,7.0175438596491215,106,112,7,0,105,112,28523,2,1,0,1,0
2020-07-02,US,Indiana,Rush,56,3,0,39.62002287,-85.4655599,18139.0,337.7359628490441,5.357142857142857,53,57,3,0,54,56,16663,-1,0,0,-1,1
2020-07-02,US,Indiana,Scott,155,7,0,38.68672078,-85.74627859,18143.0,649.2690487161227,4.516129032258065,148,154,7,0,147,154,23878,1,0,0,1,0
2020-07-02,US,Indiana,Shelby,418,25,0,39.52305623,-85.79158570000001,18145.0,934.516756466722,5.980861244019139,393,416,25,0,391,414,44593,2,0,0,2,2
2020-07-02,US,Indiana,Spencer,33,1,0,38.01519732,-87.0079644,18147.0,162.7459683385116,3.0303030303030303,32,31,1,0,30,30,20327,2,0,0,2,1
2020-07-02,US,Indiana,St. Joseph,1857,66,0,41.61756781,-86.29040834,18141.0,683.1576081758184,3.5541195476575123,1791,1849,65,0,1784,1830,270771,8,1,0,7,19
2020-07-02,US,Indiana,Starke,77,3,0,41.27890281,-86.64686895,18149.0,334.8554033485541,3.8961038961038965,74,73,3,0,70,68,22935,4,0,0,4,5
2020-07-02,US,Indiana,Steuben,124,2,0,41.64423868,-85.00101094,18151.0,358.44366075041916,1.6129032258064515,122,123,2,0,121,123,34586,1,0,0,1,0
2020-07-02,US,Indiana,Sullivan,44,1,0,39.08952258,-87.41414469,18153.0,212.87919105907397,2.272727272727273,43,44,1,0,43,45,20690,0,0,0,0,-1
2020-07-02,US,Indiana,Switzerland,26,0,0,38.82767338,-85.03022429,18155.0,241.83796856106412,0.0,26,25,0,0,25,24,10717,1,0,0,1,1
2020-07-02,US,Indiana,Tippecanoe,659,8,0,40.38872739,-86.89413959,18157.0,336.68485480146325,1.2139605462822458,651,640,8,0,632,633,193048,19,0,0,19,7
2020-07-02,US,Indiana,Tipton,30,1,0,40.31123252,-86.05234925,18159.0,198.045946659625,3.333333333333333,29,30,1,0,29,30,15128,0,0,0,0,0
2020-07-02,US,Indiana,Unassigned,0,193,0,0.0,0.0,90018.0,0.0,0.0,-193,0,194,0,-194,0,,0,-1,0,1,0
2020-07-02,US,Indiana,Union,13,0,0,39.62550777,-84.92497066,18161.0,184.2925999432946,0.0,13,13,0,0,13,13,7037,0,0,0,0,0
2020-07-02,US,Indiana,Vanderburgh,457,6,0,38.02658833,-87.58763124,18163.0,251.85862850025623,1.312910284463895,451,430,6,0,424,413,180974,27,0,0,27,17
2020-07-02,US,Indiana,Vermillion,13,0,0,39.8523352,-87.46160542,18165.0,83.88179119886435,0.0,13,13,0,0,13,13,15479,0,0,0,0,0
2020-07-02,US,Indiana,Vigo,227,8,0,39.42944561,-87.39169027,18167.0,212.07421663334517,3.524229074889868,219,224,8,0,216,222,107386,3,0,0,3,2
2020-07-02,US,Indiana,Wabash,109,2,0,40.84704239,-85.79328272,18169.0,351.65827848754685,1.834862385321101,107,107,2,0,105,107,31280,2,0,0,2,0
2020-07-02,US,Indiana,Warren,14,1,0,40.34728141,-87.35602659,18171.0,169.38898971566852,7.142857142857142,13,14,1,0,13,14,8263,0,0,0,0,0
2020-07-02,US,Indiana,Warrick,207,29,0,38.08922676,-87.2716085,18173.0,328.5818597415792,14.009661835748794,178,201,29,0,172,196,62567,6,0,0,6,5
2020-07-02,US,Indiana,Washington,65,1,0,38.60219804,-86.1049363,18175.0,231.84477100870308,1.5384615384615383,64,64,1,0,63,64,27943,1,0,0,1,0
2020-07-02,US,Indiana,Wayne,129,6,0,39.863344399999995,-85.01044989,18177.0,195.79867646165988,4.651162790697675,123,128,6,0,122,127,65936,1,0,0,1,1
2020-07-02,US,Indiana,Wells,68,1,0,40.72934187,-85.22132966,18179.0,240.316652530393,1.4705882352941178,67,68,1,0,67,67,28206,0,0,0,0,1
2020-07-02,US,Indiana,White,259,10,0,40.74911165,-86.86492015,18181.0,1074.5996182889387,3.8610038610038613,249,258,10,0,248,257,24133,1,0,0,1,1
2020-07-02,US,Indiana,Whitley,81,4,0,41.13863784,-85.50791236,18183.0,238.4878106230126,4.938271604938271,77,81,4,0,77,79,34074,0,0,0,0,2
2020-07-02,US,Iowa,Adair,15,0,0,41.33075609,-94.47105874,19001.0,209.7315436241611,0.0,15,15,0,0,15,15,7063,0,0,0,0,0
2020-07-02,US,Iowa,Adams,8,0,0,41.02903567,-94.69932645,19003.0,222.0988339811216,0.0,8,8,0,0,8,8,3645,0,0,0,0,0
2020-07-02,US,Iowa,Allamakee,126,4,0,43.28383218,-91.37860922,19005.0,920.5815737561188,3.1746031746031744,122,126,4,0,122,124,13832,0,0,0,0,2
2020-07-02,US,Iowa,Appanoose,20,3,0,40.74324454,-92.86865906,19007.0,160.95284081764044,15.0,17,20,3,0,17,20,12437,0,0,0,0,0
2020-07-02,US,Iowa,Audubon,16,1,0,41.6844628,-94.90581859,19009.0,291.12081513828235,6.25,15,16,1,0,15,17,5506,0,0,0,0,-1
2020-07-02,US,Iowa,Benton,62,1,0,42.08011739,-92.06463573,19011.0,241.76252680834472,1.6129032258064515,61,59,1,0,58,58,25642,3,0,0,3,1
2020-07-02,US,Iowa,Black Hawk,2180,58,0,42.4704581,-92.30524729,19013.0,1661.2308348827994,2.6605504587155964,2122,2130,58,0,2072,2095,132408,50,0,0,50,35
2020-07-02,US,Iowa,Boone,142,1,0,42.03657094,-93.9313999,19015.0,541.2823054051994,0.7042253521126759,141,136,1,0,135,136,26346,6,0,0,6,0
2020-07-02,US,Iowa,Bremer,90,6,0,42.77461496,-92.31795937,19017.0,359.1094086665072,6.666666666666668,84,88,6,0,82,87,24947,2,0,0,2,1
2020-07-02,US,Iowa,Buchanan,51,1,0,42.4709188,-91.83510825,19019.0,240.85005903187718,1.96078431372549,50,46,1,0,45,45,21199,5,0,0,5,1
2020-07-02,US,Iowa,Buena Vista,1705,11,0,42.73545875,-95.15100162,19021.0,8690.112130479103,0.6451612903225806,1694,1697,11,0,1686,1695,19874,8,0,0,8,2
2020-07-02,US,Iowa,Butler,52,2,0,42.73172833,-92.79015971,19023.0,360.1357434725397,3.8461538461538463,50,47,2,0,45,45,14539,5,0,0,5,2
2020-07-02,US,Iowa,Calhoun,48,2,0,42.38521079,-94.64046046,19025.0,496.4832436905255,4.166666666666667,46,47,2,0,45,44,9699,1,0,0,1,3
2020-07-02,US,Iowa,Carroll,91,1,0,42.03617207,-94.86032705,19027.0,451.2769650384328,1.0989010989010992,90,86,1,0,85,82,20154,5,0,0,5,4
2020-07-02,US,Iowa,Cass,21,0,0,41.33149454,-94.92792482,19029.0,163.6023683390464,0.0,21,17,0,0,17,17,12930,4,0,0,4,0
2020-07-02,US,Iowa,Cedar,80,1,0,41.77233777,-91.13246684,19031.0,429.4840822462018,1.25,79,77,1,0,76,75,18627,3,0,0,3,2
2020-07-02,US,Iowa,Cerro Gordo,138,1,0,43.08177563,-93.2612239,19033.0,325.0883392226148,0.7246376811594203,137,105,1,0,104,99,42647,33,0,0,33,6
2020-07-02,US,Iowa,Cherokee,75,1,0,42.73538914,-95.62389402,19035.0,667.5567423230974,1.3333333333333333,74,73,0,0,73,72,11321,2,1,0,1,1
2020-07-02,US,Iowa,Chickasaw,27,0,0,43.06001295,-92.31773347,19037.0,226.26330344423027,0.0,27,27,0,0,27,25,11964,0,0,0,0,2
2020-07-02,US,Iowa,Clarke,127,2,0,41.02868181,-93.78499767,19039.0,1351.7828632251199,1.5748031496062993,125,126,2,0,124,125,9423,1,0,0,1,1
2020-07-02,US,Iowa,Clay,127,0,0,43.08247182,-95.15096481,19041.0,792.957042957043,0.0,127,126,0,0,126,121,16134,1,0,0,1,5
2020-07-02,US,Iowa,Clayton,39,3,0,42.84443388,-91.34133693,19043.0,222.23488517864263,7.6923076923076925,36,39,3,0,36,39,17556,0,0,0,0,0
2020-07-02,US,Iowa,Clinton,104,1,0,41.89981633,-90.53275096,19045.0,223.99793232677845,0.9615384615384616,103,99,1,0,98,95,46518,5,0,0,5,4
2020-07-02,US,Iowa,Crawford,675,2,0,42.03718237,-95.3819718,19047.0,4013.07966706302,0.2962962962962963,673,667,2,0,665,666,17158,8,0,0,8,1
2020-07-02,US,Iowa,Dallas,1223,29,0,41.68560356,-94.04127625,19049.0,1308.679229131221,2.3712183156173343,1194,1194,29,0,1165,1175,90180,29,0,0,29,19
2020-07-02,US,Iowa,Davis,39,1,0,40.74773536,-92.41005468,19051.0,433.33333333333326,2.5641025641025643,38,38,1,0,37,37,9017,1,0,0,1,1
2020-07-02,US,Iowa,Decatur,11,0,0,40.73742757,-93.78645949,19053.0,139.7712833545108,0.0,11,10,0,0,10,10,7890,1,0,0,1,0
2020-07-02,US,Iowa,Delaware,48,1,0,42.47104597,-91.3664492,19055.0,282.1703603550644,2.083333333333333,47,45,1,0,44,41,17069,3,0,0,3,4
2020-07-02,US,Iowa,Des Moines,86,2,0,40.92012606,-91.18326592,19057.0,220.69956629968948,2.3255813953488373,84,85,3,0,82,84,39138,1,-1,0,2,1
2020-07-02,US,Iowa,Dickinson,259,2,0,43.37787725,-95.1510206,19059.0,1500.7532738440145,0.7722007722007722,257,249,2,0,247,241,17153,10,0,0,10,8
2020-07-02,US,Iowa,Dubuque,609,22,0,42.46815349,-90.88181925,19061.0,625.8285291488115,3.61247947454844,587,539,22,0,517,512,96854,70,0,0,70,27
2020-07-02,US,Iowa,Emmet,78,0,0,43.37782951,-94.67858943,19063.0,847.0894874022589,0.0,78,75,0,0,75,75,9253,3,0,0,3,0
2020-07-02,US,Iowa,Fayette,34,0,0,42.86271799,-91.84412309999999,19065.0,173.02798982188298,0.0,34,33,0,0,33,33,19660,1,0,0,1,0
2020-07-02,US,Iowa,Floyd,68,2,0,43.06000529999999,-92.78940097,19067.0,434.727017005498,2.9411764705882355,66,66,2,0,64,65,15761,2,0,0,2,1
2020-07-02,US,Iowa,Franklin,84,0,0,42.73270384,-93.26256925,19069.0,834.1608738828203,0.0,84,78,0,0,78,75,10124,6,0,0,6,3
2020-07-02,US,Iowa,Fremont,7,0,0,40.74542720000001,-95.60129045,19071.0,100.57471264367815,0.0,7,7,0,0,7,7,6993,0,0,0,0,0
2020-07-02,US,Iowa,Greene,28,0,0,42.03614551,-94.39658081,19073.0,315.031503150315,0.0,28,28,0,0,28,28,8981,0,0,0,0,0
2020-07-02,US,Iowa,Grundy,35,0,0,42.40183723,-92.78829551,19075.0,286.13472858077176,0.0,35,34,0,0,34,33,12304,1,0,0,1,1
2020-07-02,US,Iowa,Guthrie,64,4,0,41.68378965,-94.50111014,19077.0,598.7463747778088,6.25,60,64,4,0,60,64,10720,0,0,0,0,0
2020-07-02,US,Iowa,Hamilton,187,1,0,42.38382428,-93.70197703,19079.0,1265.822784810127,0.5347593582887701,186,185,1,0,184,185,14952,2,0,0,2,0
2020-07-02,US,Iowa,Hancock,49,0,0,43.08178477,-93.73454884,19081.0,460.9595484477893,0.0,49,47,0,0,47,47,10712,2,0,0,2,0
2020-07-02,US,Iowa,Hardin,65,0,0,42.38353877,-93.23654611,19083.0,385.8482725869642,0.0,65,63,0,0,63,63,16868,2,0,0,2,0
2020-07-02,US,Iowa,Harrison,53,0,0,41.68330137,-95.81558439,19085.0,377.25104989678977,0.0,53,51,0,0,51,50,14134,2,0,0,2,1
2020-07-02,US,Iowa,Henry,85,3,0,40.98767962,-91.54436349,19087.0,425.9797534328957,3.5294117647058822,82,82,3,0,79,82,20067,3,0,0,3,0
2020-07-02,US,Iowa,Howard,28,0,0,43.35671042,-92.31702714,19089.0,305.74361214238917,0.0,28,27,0,0,27,22,9187,1,0,0,1,5
2020-07-02,US,Iowa,Humboldt,53,1,0,42.7764426,-94.20722537,19091.0,554.5093115714585,1.8867924528301887,52,51,1,0,50,48,9547,2,0,0,2,3
2020-07-02,US,Iowa,Ida,23,0,0,42.38696136,-95.51355387,19093.0,335.2769679300292,0.0,23,22,0,0,22,22,6841,1,0,0,1,0
2020-07-02,US,Iowa,Iowa,51,0,0,41.68630265,-92.0643373,19095.0,315.1260504201681,0.0,51,50,0,0,50,47,16141,1,0,0,1,3
2020-07-02,US,Iowa,Jackson,27,0,0,42.17178824,-90.57354837,19097.0,138.8960337465919,0.0,27,25,0,0,25,24,19432,2,0,0,2,1
2020-07-02,US,Iowa,Jasper,321,17,0,41.68576082,-93.05567785,19099.0,863.2513110125052,5.29595015576324,304,318,17,0,301,317,37147,3,0,0,3,1
2020-07-02,US,Iowa,Jefferson,58,0,0,41.03192394,-91.94849466,19101.0,317.0265099754032,0.0,58,53,0,0,53,53,18381,5,0,0,5,0
2020-07-02,US,Iowa,Johnson,1231,8,0,41.67169354,-91.58754744,19103.0,814.4766441709672,0.6498781478472786,1223,1181,8,0,1173,1145,151260,50,0,0,50,36
2020-07-02,US,Iowa,Jones,56,0,0,42.12118609,-91.13139641,19105.0,270.77994294279773,0.0,56,55,0,0,55,54,20744,1,0,0,1,1
2020-07-02,US,Iowa,Keokuk,20,1,0,41.33649833,-92.1785067,19107.0,195.19812609798947,5.0,19,19,1,0,18,19,10225,1,0,0,1,0
2020-07-02,US,Iowa,Kossuth,33,0,0,43.20405458,-94.20691791,19109.0,222.7772902180517,0.0,33,32,0,0,32,32,14908,1,0,0,1,0
2020-07-02,US,Iowa,Lee,50,2,0,40.64181461,-91.48183025,19111.0,148.55750661080904,4.0,48,49,2,0,47,48,34055,1,0,0,1,1
2020-07-02,US,Iowa,Linn,1238,82,0,42.07923082,-91.59809485,19113.0,546.0817093504362,6.623586429725362,1156,1215,82,0,1133,1203,225909,23,0,0,23,12
2020-07-02,US,Iowa,Louisa,360,13,0,41.21842119,-91.26102611,19115.0,3262.347077480743,3.611111111111111,347,360,13,0,347,360,11169,0,0,0,0,0
2020-07-02,US,Iowa,Lucas,30,4,0,41.02958964,-93.32780803,19117.0,348.8372093023256,13.333333333333336,26,30,4,0,26,30,8645,0,0,0,0,0
2020-07-02,US,Iowa,Lyon,40,0,0,43.38107862,-96.20926845,19119.0,340.280731603573,0.0,40,40,0,0,40,39,11811,0,0,0,0,1
2020-07-02,US,Iowa,Madison,40,2,0,41.33081904,-94.01554631,19121.0,244.8280083241523,5.0,38,37,2,0,35,37,16249,3,0,0,3,0
2020-07-02,US,Iowa,Mahaska,115,17,0,41.33521503,-92.64083907,19123.0,520.479746548993,14.782608695652176,98,115,17,0,98,115,22000,0,0,0,0,0
2020-07-02,US,Iowa,Marion,68,0,0,41.33445101,-93.09934783,19125.0,204.49282771479264,0.0,68,66,0,0,66,66,33407,2,0,0,2,0
2020-07-02,US,Iowa,Marshall,1035,19,0,42.03586837,-92.99908190000001,19127.0,2628.972033833727,1.8357487922705316,1016,1016,18,0,998,1012,39981,19,1,0,18,4
2020-07-02,US,Iowa,Mills,36,0,0,41.03299766,-95.61920963,19129.0,238.2685816400821,0.0,36,34,0,0,34,34,15063,2,0,0,2,0
2020-07-02,US,Iowa,Mitchell,34,0,0,43.35638371,-92.78887719,19131.0,321.17891554883806,0.0,34,28,0,0,28,23,10569,6,0,0,6,5
2020-07-02,US,Iowa,Monona,74,0,0,42.05220391,-95.95743843,19133.0,858.9669181659897,0.0,74,71,0,0,71,70,8679,3,0,0,3,1
2020-07-02,US,Iowa,Monroe,50,6,0,41.02988815,-92.8690667,19135.0,648.760866744518,12.0,44,50,6,0,44,50,7790,0,0,0,0,0
2020-07-02,US,Iowa,Montgomery,10,2,0,41.03018714,-95.15642896,19137.0,100.83694665725521,20.0,8,10,2,0,8,10,10003,0,0,0,0,0
2020-07-02,US,Iowa,Muscatine,624,44,0,41.48370744,-91.11216970000001,19139.0,1462.5914119632478,7.05128205128205,580,620,44,0,576,615,42929,4,0,0,4,5
2020-07-02,US,Iowa,O'Brien,86,1,0,43.08310673,-95.62474482,19141.0,625.3181124118374,1.162790697674419,85,85,1,0,84,83,13840,1,0,0,1,2
2020-07-02,US,Iowa,Osceola,58,0,0,43.37824276,-95.62422844,19143.0,973.4810339039948,0.0,58,56,0,0,56,51,6040,2,0,0,2,5
2020-07-02,US,Iowa,Page,20,0,0,40.7393172,-95.1497813,19145.0,132.38895876083936,0.0,20,20,0,0,20,20,15249,0,0,0,0,0
2020-07-02,US,Iowa,Palo Alto,36,0,0,43.08193849,-94.67824621,19147.0,405.1316677920324,0.0,36,31,0,0,31,31,8929,5,0,0,5,0
2020-07-02,US,Iowa,Plymouth,313,4,0,42.737633,-96.21366621,19149.0,1243.1981570480991,1.2779552715654952,309,305,4,0,301,300,25095,8,0,0,8,5
2020-07-02,US,Iowa,Pocahontas,93,1,0,42.73420133,-94.67862564,19151.0,1405.0460794681976,1.075268817204301,92,84,1,0,83,75,6740,9,0,0,9,9
2020-07-02,US,Iowa,Polk,6275,178,0,41.68679484,-93.57767461,19153.0,1280.1916105116482,2.8366533864541834,6097,6120,178,0,5942,6037,487204,155,0,0,155,83
2020-07-02,US,Iowa,Pottawattamie,719,11,0,41.33640314,-95.53907776,19155.0,771.4095659077742,1.5299026425591098,708,701,11,0,690,692,93533,18,0,0,18,9
2020-07-02,US,Iowa,Poweshiek,104,8,0,41.68625425,-92.53155731,19157.0,562.0406398616516,7.6923076923076925,96,104,8,0,96,104,18699,0,0,0,0,0
2020-07-02,US,Iowa,Ringgold,15,0,0,40.73518949,-94.24368535,19159.0,306.49775234981615,0.0,15,15,0,0,15,14,4968,0,0,0,0,1
2020-07-02,US,Iowa,Sac,63,0,0,42.38624071,-95.10547892,19161.0,648.0814730994754,0.0,63,63,0,0,63,63,9719,0,0,0,0,0
2020-07-02,US,Iowa,Scott,704,10,0,41.63935978,-90.61959493,19163.0,407.0705376916093,1.4204545454545454,694,664,10,0,654,631,173283,40,0,0,40,33
2020-07-02,US,Iowa,Shelby,111,0,0,41.6850066,-95.31015553,19165.0,969.0937663698272,0.0,111,106,0,0,106,106,11578,5,0,0,5,0
2020-07-02,US,Iowa,Sioux,461,0,0,43.08221074,-96.17675679999999,19167.0,1322.6222923540379,0.0,461,457,0,0,457,455,34909,4,0,0,4,2
2020-07-02,US,Iowa,Story,746,3,0,42.03621213,-93.46499005,19169.0,768.1456387656126,0.4021447721179625,743,722,3,0,719,694,98105,24,0,0,24,28
2020-07-02,US,Iowa,Tama,458,29,0,42.07991767,-92.53266945,19171.0,2717.455796843479,6.331877729257642,429,451,29,0,422,445,16904,7,0,0,7,6
2020-07-02,US,Iowa,Taylor,79,0,0,40.73710579,-94.69778563,19173.0,1290.6387845123345,0.0,79,79,0,0,79,78,6191,0,0,0,0,1
2020-07-02,US,Iowa,Unassigned,7,0,0,0.0,0.0,90019.0,0.0,0.0,7,4,0,0,4,3,,3,0,0,3,1
2020-07-02,US,Iowa,Union,27,0,0,41.0277278,-94.24234847,19175.0,220.57021485172783,0.0,27,25,0,0,25,25,12359,2,0,0,2,0
2020-07-02,US,Iowa,Van Buren,19,0,0,40.75326764,-91.95017958,19177.0,269.73310618966497,0.0,19,19,0,0,19,19,7020,0,0,0,0,0
2020-07-02,US,Iowa,Wapello,702,30,0,41.03064984,-92.40954728,19179.0,2007.4923503674688,4.2735042735042725,672,701,30,0,671,700,35205,1,0,0,1,1
2020-07-02,US,Iowa,Warren,258,1,0,41.33559454,-93.56007641,19181.0,501.30183033458985,0.3875968992248062,257,249,1,0,248,245,51056,9,0,0,9,4
2020-07-02,US,Iowa,Washington,234,9,0,41.33577126,-91.71725711,19183.0,1065.3312087411791,3.8461538461538463,225,229,9,0,220,225,22141,5,0,0,5,4
2020-07-02,US,Iowa,Wayne,9,0,0,40.73969028,-93.32752197,19185.0,139.72985561248254,0.0,9,8,0,0,8,8,6401,1,0,0,1,0
2020-07-02,US,Iowa,Webster,170,2,0,42.42853483,-94.17987389,19187.0,473.4848484848485,1.1764705882352942,168,168,2,0,166,161,36277,2,0,0,2,7
2020-07-02,US,Iowa,Winnebago,27,0,0,43.37751174,-93.73407298,19189.0,260.7687850106239,0.0,27,26,0,0,26,24,10518,1,0,0,1,2
2020-07-02,US,Iowa,Winneshiek,36,0,0,43.29094334,-91.84422722,19191.0,180.0810364664099,0.0,36,32,0,0,32,29,20029,4,0,0,4,3
2020-07-02,US,Iowa,Woodbury,3201,44,0,42.38979414,-96.0459439,19193.0,3104.5418836742406,1.3745704467353952,3157,3177,44,0,3133,3165,102539,24,0,0,24,12
2020-07-02,US,Iowa,Worth,15,0,0,43.37750768,-93.26087602,19195.0,203.2244953258366,0.0,15,14,0,0,14,14,7453,1,0,0,1,0
2020-07-02,US,Iowa,Wright,377,1,0,42.73305373,-93.73515113,19197.0,3001.1144722178,0.26525198938992045,376,375,0,0,375,370,12690,2,1,0,1,5
2020-07-02,US,Kansas,Allen,4,0,0,37.88582951,-95.30030847,20001.0,32.338911795618074,0.0,4,4,0,0,4,4,12444,0,0,0,0,0
2020-07-02,US,Kansas,Anderson,4,0,0,38.21413251,-95.29272815,20003.0,50.903537795876815,0.0,4,4,0,0,4,4,7878,0,0,0,0,0
2020-07-02,US,Kansas,Atchison,39,0,0,39.53185661,-95.30870026,20005.0,242.6429415790456,0.0,39,36,0,0,36,34,16193,3,0,0,3,2
2020-07-02,US,Kansas,Barber,1,0,0,37.2288586,-98.68460053,20007.0,22.588660492432798,0.0,1,1,0,0,1,1,4472,0,0,0,0,0
2020-07-02,US,Kansas,Barton,57,2,0,38.47889676,-98.75636726,20009.0,221.1102059816129,3.5087719298245608,55,57,2,0,55,56,26111,0,0,0,0,1
2020-07-02,US,Kansas,Bourbon,28,1,0,37.85508555,-94.84865997,20011.0,192.65171322416404,3.571428571428572,27,28,1,0,27,28,14653,0,0,0,0,0
2020-07-02,US,Kansas,Brown,14,0,0,39.82652589,-95.56421698,20013.0,146.3822668339607,0.0,14,14,0,0,14,14,9598,0,0,0,0,0
2020-07-02,US,Kansas,Butler,60,0,0,37.78134351,-96.83878537,20015.0,89.6713544858095,0.0,60,56,0,0,56,53,66765,4,0,0,4,3
2020-07-02,US,Kansas,Chase,4,0,0,38.30292938,-96.59563862,20017.0,151.0574018126888,0.0,4,4,0,0,4,4,2629,0,0,0,0,0
2020-07-02,US,Kansas,Chautauqua,4,0,0,37.14994405,-96.2454192,20019.0,123.07692307692308,0.0,4,4,0,0,4,4,3309,0,0,0,0,0
2020-07-02,US,Kansas,Cherokee,38,0,0,37.16928494,-94.8462897,20021.0,190.581272882291,0.0,38,34,0,0,34,29,20015,4,0,0,4,5
2020-07-02,US,Kansas,Cheyenne,2,0,0,39.78580976,-101.7318201,20023.0,75.27286413248024,0.0,2,2,0,0,2,2,2660,0,0,0,0,0
2020-07-02,US,Kansas,Clark,34,1,0,37.23577007,-99.81883015,20025.0,1705.1153460381142,2.9411764705882355,33,34,1,0,33,34,2005,0,0,0,0,0
2020-07-02,US,Kansas,Clay,7,2,0,39.34948772,-97.16518128,20027.0,87.47813046738315,28.57142857142857,5,7,2,0,5,6,7997,0,0,0,0,1
2020-07-02,US,Kansas,Cloud,18,0,0,39.48028352,-97.64925343,20029.0,204.87138629638056,0.0,18,18,0,0,18,18,8729,0,0,0,0,0
2020-07-02,US,Kansas,Coffey,53,8,0,38.2365018,-95.73379515,20031.0,648.0009781146838,15.094339622641508,45,53,8,0,45,53,8233,0,0,0,0,0
2020-07-02,US,Kansas,Comanche,2,0,0,37.19114520000001,-99.27113247,20033.0,117.64705882352942,0.0,2,2,0,0,2,2,1748,0,0,0,0,0
2020-07-02,US,Kansas,Cowley,71,1,0,37.23781842,-96.83776647,20035.0,203.39177265956226,1.4084507042253518,70,71,1,0,70,71,35218,0,0,0,0,0
2020-07-02,US,Kansas,Crawford,262,1,0,37.50675523,-94.85245778,20037.0,674.9446133237158,0.3816793893129771,261,262,1,0,261,256,39019,0,0,0,0,6
2020-07-02,US,Kansas,Dickinson,8,1,0,38.86600962,-97.15532383,20041.0,43.32286364128669,12.5,7,8,1,0,7,8,18717,0,0,0,0,0
2020-07-02,US,Kansas,Doniphan,26,0,0,39.79067154,-95.14056866,20043.0,342.10526315789474,0.0,26,26,0,0,26,25,7682,0,0,0,0,1
2020-07-02,US,Kansas,Douglas,190,0,0,38.88503636,-95.2925121,20045.0,155.40778184019172,0.0,190,190,0,0,190,157,121436,0,0,0,0,33
2020-07-02,US,Kansas,Edwards,7,0,0,37.88735543,-99.31263309,20047.0,250.17869907076482,0.0,7,7,0,0,7,6,2849,0,0,0,0,1
2020-07-02,US,Kansas,Elk,1,0,0,37.45338105,-96.24369667,20049.0,39.52569169960474,0.0,1,1,0,0,1,1,2508,0,0,0,0,0
2020-07-02,US,Kansas,Ellis,21,0,0,38.91458712,-99.31751551,20051.0,73.54743809757294,0.0,21,21,0,0,21,18,28710,0,0,0,0,3
2020-07-02,US,Kansas,Ellsworth,4,0,0,38.69677695,-98.20462799,20053.0,65.55227794165847,0.0,4,4,0,0,4,3,6196,0,0,0,0,1
2020-07-02,US,Kansas,Finney,1575,10,0,38.04340344,-100.7381938,20055.0,4318.973318342612,0.6349206349206349,1565,1574,10,0,1564,1570,36611,1,0,0,1,4
2020-07-02,US,Kansas,Ford,1947,8,0,37.69200114,-99.88825298,20057.0,5791.367976441893,0.4108885464817668,1939,1947,8,0,1939,1944,33888,0,0,0,0,3
2020-07-02,US,Kansas,Franklin,77,0,0,38.56443815,-95.28644341,20059.0,301.44065142499215,0.0,77,77,0,0,77,71,25631,0,0,0,0,6
2020-07-02,US,Kansas,Geary,61,1,0,38.99871131,-96.7577178,20061.0,192.6113040732554,1.639344262295082,60,53,1,0,52,57,32594,8,0,0,8,-4
2020-07-02,US,Kansas,Gove,1,0,0,38.91588178,-100.4829321,20063.0,37.93626707132018,0.0,1,1,0,0,1,1,2612,0,0,0,0,0
2020-07-02,US,Kansas,Grant,51,1,0,37.56227336,-101.3079758,20067.0,713.2867132867133,1.96078431372549,50,48,1,0,47,47,7336,3,0,0,3,1
2020-07-02,US,Kansas,Gray,31,0,0,37.73836671,-100.4369088,20069.0,517.7020708082831,0.0,31,31,0,0,31,29,6033,0,0,0,0,2
2020-07-02,US,Kansas,Greenwood,11,0,0,37.8774388,-96.23250453,20073.0,183.884988298228,0.0,11,11,0,0,11,11,6055,0,0,0,0,0
2020-07-02,US,Kansas,Hamilton,30,0,0,37.99978709,-101.7921066,20075.0,1181.5675462780625,0.0,30,30,0,0,30,29,2607,0,0,0,0,1
2020-07-02,US,Kansas,Harper,4,0,0,37.19175361,-98.07578384,20077.0,73.58351729212656,0.0,4,4,0,0,4,2,5506,0,0,0,0,2
2020-07-02,US,Kansas,Harvey,38,0,0,38.04293782,-97.42747573,20079.0,110.3720700572192,0.0,38,37,0,0,37,37,34210,1,0,0,1,0
2020-07-02,US,Kansas,Haskell,24,0,0,37.5620394,-100.8710738,20081.0,604.8387096774194,0.0,24,24,0,0,24,23,3997,0,0,0,0,1
2020-07-02,US,Kansas,Hodgeman,9,0,0,38.08780079,-99.89829881,20083.0,501.6722408026756,0.0,9,9,0,0,9,9,1818,0,0,0,0,0
2020-07-02,US,Kansas,Jackson,113,1,0,39.41673394,-95.79356799,20085.0,857.9454862956495,0.8849557522123894,112,113,1,0,112,112,13280,0,0,0,0,1
2020-07-02,US,Kansas,Jefferson,25,0,0,39.2347941,-95.38289232,20087.0,131.28183584519246,0.0,25,25,0,0,25,24,18975,0,0,0,0,1
2020-07-02,US,Kansas,Jewell,4,0,0,39.78470589,-98.21820662,20089.0,138.9371309482459,0.0,4,4,0,0,4,4,2841,0,0,0,0,0
2020-07-02,US,Kansas,Johnson,1816,88,0,38.88548175,-94.82250877,20091.0,301.460322941031,4.845814977973569,1728,1798,87,0,1711,1692,597555,18,1,0,17,106
2020-07-02,US,Kansas,Kearny,48,1,0,38.00017981,-101.321681,20093.0,1250.6513809275666,2.083333333333333,47,48,1,0,47,48,3943,0,0,0,0,0
2020-07-02,US,Kansas,Kiowa,3,0,0,37.55848695,-99.2856537,20097.0,121.21212121212122,0.0,3,3,0,0,3,4,2516,0,0,0,0,-1
2020-07-02,US,Kansas,Labette,63,0,0,37.19113093,-95.29849679,20099.0,321.13365276786624,0.0,63,61,0,0,61,59,19964,2,0,0,2,2
2020-07-02,US,Kansas,Lane,5,0,0,38.48119447,-100.4660754,20101.0,325.73289902280135,0.0,5,5,0,0,5,5,1560,0,0,0,0,0
2020-07-02,US,Kansas,Leavenworth,1171,7,0,39.20183497,-95.03620809,20103.0,1432.2757406003082,0.5977796754910333,1164,1171,7,0,1164,1162,81352,0,0,0,0,9
2020-07-02,US,Kansas,Lincoln,1,0,0,39.04549684,-98.20756994,20105.0,33.7609723160027,0.0,1,1,0,0,1,1,3023,0,0,0,0,0
2020-07-02,US,Kansas,Linn,14,0,0,38.21267844,-94.84254089,20107.0,144.2852725961043,0.0,14,14,0,0,14,14,9750,0,0,0,0,0
2020-07-02,US,Kansas,Logan,1,0,0,38.91735806,-101.148475,20109.0,35.79098067287043,0.0,1,1,0,0,1,1,2844,0,0,0,0,0
2020-07-02,US,Kansas,Lyon,499,7,0,38.45576156,-96.15275715,20111.0,1503.2384395240247,1.4028056112224452,492,499,7,0,492,489,33406,0,0,0,0,10
2020-07-02,US,Kansas,Marion,9,1,0,38.35855394,-97.0985251,20115.0,75.73207674183777,11.111111111111109,8,9,1,0,8,9,11950,0,0,0,0,0
2020-07-02,US,Kansas,Marshall,2,0,0,39.78359669,-96.52278974,20117.0,20.603688060162767,0.0,2,2,0,0,2,2,9722,0,0,0,0,0
2020-07-02,US,Kansas,McPherson,75,0,0,38.39184858,-97.64769869,20113.0,262.7706537733866,0.0,75,75,0,0,75,72,28537,0,0,0,0,3
2020-07-02,US,Kansas,Meade,30,0,0,37.23859987,-100.364831,20119.0,743.86312918423,0.0,30,30,0,0,30,30,4146,0,0,0,0,0
2020-07-02,US,Kansas,Miami,34,0,0,38.56383358,-94.83832189,20121.0,99.30776645149984,0.0,34,34,0,0,34,27,33680,0,0,0,0,7
2020-07-02,US,Kansas,Mitchell,4,0,0,39.39331582,-98.20906732,20123.0,66.9008195350393,0.0,4,4,0,0,4,4,6150,0,0,0,0,0
2020-07-02,US,Kansas,Montgomery,45,3,0,37.19236568,-95.74329258,20125.0,141.38050205787175,6.666666666666668,42,44,3,0,41,41,32120,1,0,0,1,3
2020-07-02,US,Kansas,Morris,5,0,0,38.68827511,-96.65128437,20127.0,88.96797153024912,0.0,5,5,0,0,5,5,5521,0,0,0,0,0
2020-07-02,US,Kansas,Morton,7,2,0,37.19141121,-101.79925190000002,20129.0,270.5836876691148,28.57142857142857,5,6,1,0,5,6,2667,1,1,0,0,0
2020-07-02,US,Kansas,Nemaha,27,0,0,39.78345387,-96.01392079,20131.0,263.9038217183071,0.0,27,27,0,0,27,26,10155,0,0,0,0,1
2020-07-02,US,Kansas,Neosho,32,0,0,37.55862897,-95.30670046,20133.0,199.91253826450927,0.0,32,32,0,0,32,32,15951,0,0,0,0,0
2020-07-02,US,Kansas,Ness,4,0,0,38.47974157,-99.91547333,20135.0,145.45454545454547,0.0,4,4,0,0,4,4,2840,0,0,0,0,0
2020-07-02,US,Kansas,Norton,4,0,0,39.78443827,-99.90286639,20137.0,74.61294534601755,0.0,4,4,0,0,4,4,5430,0,0,0,0,0
2020-07-02,US,Kansas,Osage,14,0,0,38.65235984,-95.72707998,20139.0,87.77979810646437,0.0,14,13,0,0,13,13,15941,1,0,0,1,0
2020-07-02,US,Kansas,Osborne,2,0,0,39.3503437,-98.76753828,20141.0,58.46243788365975,0.0,2,2,0,0,2,2,3475,0,0,0,0,0
2020-07-02,US,Kansas,Ottawa,6,0,0,39.13237408,-97.65020313,20143.0,105.18934081346424,0.0,6,6,0,0,6,6,5802,0,0,0,0,0
2020-07-02,US,Kansas,Pawnee,3,0,0,38.18108732,-99.23692334,20145.0,46.772684752104766,0.0,3,3,0,0,3,3,6562,0,0,0,0,0
2020-07-02,US,Kansas,Phillips,10,0,0,39.78465501,-99.34668865,20147.0,191.05846388995042,0.0,10,3,0,0,3,3,5317,7,0,0,7,0
2020-07-02,US,Kansas,Pottawatomie,69,0,0,39.37925655,-96.34564657,20149.0,282.98404626173976,0.0,69,69,0,0,69,65,24277,0,0,0,0,4
2020-07-02,US,Kansas,Pratt,12,0,0,37.64780729,-98.73922153,20151.0,130.9471846355303,0.0,12,12,0,0,12,11,9378,0,0,0,0,1
2020-07-02,US,Kansas,Reno,73,0,0,37.95230263,-98.08607292,20155.0,117.74573373334623,0.0,73,66,0,0,66,63,62342,7,0,0,7,3
2020-07-02,US,Kansas,Republic,12,0,0,39.82799632,-97.65036709,20157.0,258.84383088869714,0.0,12,11,0,0,11,11,4664,1,0,0,1,0
2020-07-02,US,Kansas,Rice,4,0,0,38.34616184,-98.19992118,20159.0,41.94191045402118,0.0,4,4,0,0,4,4,9531,0,0,0,0,0
2020-07-02,US,Kansas,Riley,261,3,0,39.28935726,-96.73420026,20161.0,351.60038797284193,1.1494252873563218,258,242,3,0,239,233,73703,19,0,0,19,9
2020-07-02,US,Kansas,Rooks,7,0,0,39.35022773,-99.32484567,20163.0,142.27642276422762,0.0,7,7,0,0,7,7,5013,0,0,0,0,0
2020-07-02,US,Kansas,Rush,1,0,0,38.52275276,-99.30863983,20165.0,32.93807641633729,0.0,1,1,0,0,1,1,3093,0,0,0,0,0
2020-07-02,US,Kansas,Russell,2,0,0,38.91462787,-98.76254297,20167.0,29.171528588098017,0.0,2,2,0,0,2,,6907,0,0,0,0,
2020-07-02,US,Kansas,Saline,123,2,0,38.78369175,-97.65185177,20169.0,226.83682502213043,1.6260162601626016,121,123,2,0,121,105,54401,0,0,0,0,18
2020-07-02,US,Kansas,Scott,16,0,0,38.48222076,-100.9066539,20171.0,331.7437279701432,0.0,16,16,0,0,16,16,4897,0,0,0,0,0
2020-07-02,US,Kansas,Sedgwick,1328,28,0,37.6842718,-97.4608198,20173.0,257.34339452990264,2.108433734939759,1300,1278,28,0,1250,1208,513607,50,0,0,50,70
2020-07-02,US,Kansas,Seward,1019,2,0,37.19324632,-100.8507201,20175.0,4755.460145603883,0.19627085377821396,1017,1019,2,0,1017,1011,21780,0,0,0,0,8
2020-07-02,US,Kansas,Shawnee,709,13,0,39.04100763,-95.7557264,20177.0,400.8480565371026,1.833568406205924,696,670,12,0,658,646,177499,39,1,0,38,24
2020-07-02,US,Kansas,Sheridan,5,0,0,39.35018161,-100.4418259,20179.0,198.33399444664815,0.0,5,5,0,0,5,4,2533,0,0,0,0,1
2020-07-02,US,Kansas,Sherman,7,0,0,39.35147699,-101.7197624,20181.0,118.30319418624303,0.0,7,7,0,0,7,7,5899,0,0,0,0,0
2020-07-02,US,Kansas,Smith,3,0,0,39.78516566,-98.78566062,20183.0,83.72871895060004,0.0,3,3,0,0,3,3,3603,0,0,0,0,0
2020-07-02,US,Kansas,Stafford,1,0,0,38.03100851,-98.71762001,20185.0,24.06159769008662,0.0,1,1,0,0,1,1,4178,0,0,0,0,0
2020-07-02,US,Kansas,Stanton,10,0,0,37.56304714,-101.7843534,20187.0,498.5044865403789,0.0,10,10,0,0,10,10,1987,0,0,0,0,0
2020-07-02,US,Kansas,Stevens,32,0,0,37.1923008,-101.3118967,20189.0,583.4092980856882,0.0,32,32,0,0,32,31,5559,0,0,0,0,1
2020-07-02,US,Kansas,Sumner,13,1,0,37.23682549,-97.47721621,20191.0,56.927658083727465,7.6923076923076925,12,13,1,0,12,11,22996,0,0,0,0,2
2020-07-02,US,Kansas,Thomas,15,0,0,39.35107575,-101.0553705,20193.0,192.87643050019287,0.0,15,15,0,0,15,15,7711,0,0,0,0,0
2020-07-02,US,Kansas,Trego,1,0,0,38.91467218,-99.87284448,20195.0,35.67606136282553,0.0,1,1,0,0,1,1,2793,0,0,0,0,0
2020-07-02,US,Kansas,Unassigned,0,1,0,0.0,0.0,90020.0,0.0,0.0,-1,0,1,0,-1,0,,0,0,0,0,0
2020-07-02,US,Kansas,Wabaunsee,35,0,0,38.95471985,-96.20350509,20197.0,504.9776367046602,0.0,35,35,0,0,35,35,6899,0,0,0,0,0
2020-07-02,US,Kansas,Washington,1,0,0,39.78420784,-97.0875323,20201.0,18.49796522382538,0.0,1,1,0,0,1,1,5420,0,0,0,0,0
2020-07-02,US,Kansas,Wilson,3,0,0,37.55937174,-95.74323255,20205.0,35.190615835777116,0.0,3,2,0,0,2,1,8665,1,0,0,1,1
2020-07-02,US,Kansas,Woodson,10,0,0,37.8865336,-95.74006277,20207.0,318.6743148502232,0.0,10,10,0,0,10,10,3183,0,0,0,0,0
2020-07-02,US,Kansas,Wyandotte,2336,83,0,39.11727348,-94.76378225,20209.0,1412.086151762992,3.5530821917808217,2253,2335,83,0,2252,2234,165324,1,0,0,1,101
2020-07-02,US,Kentucky,Adair,123,19,0,37.10459774,-85.28129668,21001.0,640.5582751796687,15.447154471544714,104,121,19,0,102,117,19215,2,0,0,2,4
2020-07-02,US,Kentucky,Allen,170,7,0,36.75197631,-86.19457544,21003.0,797.5604034717336,4.117647058823529,163,168,5,0,163,166,21122,2,2,0,0,2
2020-07-02,US,Kentucky,Anderson,27,1,0,38.00671029,-84.99171713,21005.0,118.69697102914671,3.703703703703704,26,26,1,0,25,26,22663,1,0,0,1,0
2020-07-02,US,Kentucky,Ballard,14,0,0,37.05842757,-88.99427697,21007.0,177.4847870182556,0.0,14,14,0,0,14,14,7979,0,0,0,0,0
2020-07-02,US,Kentucky,Barren,90,2,0,36.96469836,-85.93338945,21009.0,203.39442699270043,2.2222222222222223,88,86,2,0,84,86,44176,4,0,0,4,0
2020-07-02,US,Kentucky,Bath,15,1,0,38.14735938,-83.74588932,21011.0,120.0,6.666666666666668,14,15,1,0,14,15,12383,0,0,0,0,0
2020-07-02,US,Kentucky,Bell,9,0,0,36.73355174,-83.67766671,21013.0,34.57283343577136,0.0,9,8,0,0,8,8,26569,1,0,0,1,0
2020-07-02,US,Kentucky,Boone,606,23,0,38.97065142,-84.72615357,21015.0,453.6573315067263,3.7953795379537953,583,602,23,0,579,597,131533,4,0,0,4,5
2020-07-02,US,Kentucky,Bourbon,33,1,0,38.2054607,-84.21827874,21017.0,166.76773802304427,3.0303030303030303,32,32,1,0,31,31,20184,1,0,0,1,1
2020-07-02,US,Kentucky,Boyd,64,3,0,38.36176608,-82.68652187,21019.0,136.99216576052058,4.6875,61,62,3,0,59,62,47240,2,0,0,2,0
2020-07-02,US,Kentucky,Boyle,40,0,0,37.62680923,-84.8633779,21021.0,133.0671989354624,0.0,40,39,0,0,39,38,30100,1,0,0,1,1
2020-07-02,US,Kentucky,Bracken,17,0,0,38.69158994,-84.08532444,21023.0,204.74527279296643,0.0,17,17,0,0,17,17,8239,0,0,0,0,0
2020-07-02,US,Kentucky,Breathitt,8,0,0,37.52333168,-83.31959161,21025.0,63.34125098970705,0.0,8,8,0,0,8,8,12726,0,0,0,0,0
2020-07-02,US,Kentucky,Breckinridge,24,2,0,37.77377239,-86.42885017,21027.0,117.2046686526347,8.333333333333334,22,24,2,0,22,24,20388,0,0,0,0,0
2020-07-02,US,Kentucky,Bullitt,152,4,0,37.97162523,-85.68955617,21029.0,186.10118027327488,2.631578947368421,148,151,4,0,147,150,81069,1,0,0,1,1
2020-07-02,US,Kentucky,Butler,256,14,0,37.20946153,-86.68748787,21031.0,1987.7319667676056,5.46875,242,257,14,0,243,256,12772,-1,0,0,-1,1
2020-07-02,US,Kentucky,Caldwell,15,0,0,37.14749129,-87.86948214,21033.0,117.67474699929396,0.0,15,15,0,0,15,15,12715,0,0,0,0,0
2020-07-02,US,Kentucky,Calloway,85,1,0,36.62093411,-88.2731593,21035.0,217.943129663342,1.1764705882352942,84,82,1,0,81,81,39135,3,0,0,3,1
2020-07-02,US,Kentucky,Campbell,267,13,0,38.94384345,-84.37875208,21037.0,285.30518037271327,4.868913857677903,254,262,13,0,249,256,93152,5,0,0,5,6
2020-07-02,US,Kentucky,Carlisle,5,1,0,36.85372876,-88.96692220000001,21039.0,105.04201680672269,20.0,4,5,1,0,4,5,4771,0,0,0,0,0
2020-07-02,US,Kentucky,Carroll,37,1,0,38.66599534,-85.12601074,21041.0,348.03875458564573,2.702702702702702,36,37,0,0,37,37,10737,0,1,0,-1,0
2020-07-02,US,Kentucky,Carter,26,0,0,38.31690743,-83.05092385,21043.0,97.02578646863456,0.0,26,25,0,0,25,23,27004,1,0,0,1,2
2020-07-02,US,Kentucky,Casey,19,0,0,37.32533118,-84.92726209,21045.0,117.58153351073703,0.0,19,19,0,0,19,19,15888,0,0,0,0,0
2020-07-02,US,Kentucky,Christian,204,4,0,36.89267803,-87.49055367,21047.0,289.5218631583428,1.96078431372549,200,195,4,0,191,193,71671,9,0,0,9,2
2020-07-02,US,Kentucky,Clark,98,5,0,37.9689263,-84.14615986,21049.0,270.2479110939525,5.1020408163265305,93,98,5,0,93,98,36249,0,0,0,0,0
2020-07-02,US,Kentucky,Clay,64,3,0,37.16451126,-83.712575,21051.0,321.59187980503486,4.6875,61,62,3,0,59,59,20105,2,0,0,2,3
2020-07-02,US,Kentucky,Clinton,5,0,0,36.72581156,-85.13377529,21053.0,48.93325504012528,0.0,5,5,0,0,5,5,10206,0,0,0,0,0
2020-07-02,US,Kentucky,Crittenden,9,1,0,37.35839237,-88.08826090000002,21055.0,102.20304337951396,11.111111111111109,8,9,1,0,8,9,8915,0,0,0,0,0
2020-07-02,US,Kentucky,Cumberland,6,0,0,36.78926125,-85.39050034,21057.0,90.71666162685213,0.0,6,6,0,0,6,6,6659,0,0,0,0,0
2020-07-02,US,Kentucky,Daviess,440,8,0,37.73028906,-87.09019479999998,21059.0,433.45056200805817,1.818181818181818,432,435,8,0,427,433,101104,5,0,0,5,2
2020-07-02,US,Kentucky,Edmonson,75,11,0,37.21218923,-86.23955613,21061.0,617.2839506172841,14.666666666666664,64,75,11,0,64,75,12274,0,0,0,0,0
2020-07-02,US,Kentucky,Elliott,3,0,0,38.11624059,-83.09771563,21063.0,39.90953837967274,0.0,3,3,0,0,3,3,7508,0,0,0,0,0
2020-07-02,US,Kentucky,Estill,4,0,0,37.69241417,-83.95956369,21065.0,28.356727633631078,0.0,4,4,0,0,4,4,14198,0,0,0,0,0
2020-07-02,US,Kentucky,Fayette,1495,27,0,38.0368225,-84.45576892,21067.0,462.63058870129225,1.8060200668896318,1468,1467,27,0,1440,1432,323780,28,0,0,28,35
2020-07-02,US,Kentucky,Fleming,21,0,0,38.36758311,-83.69657514,21069.0,144.0230436869899,0.0,21,21,0,0,21,20,14432,0,0,0,0,1
2020-07-02,US,Kentucky,Floyd,31,0,0,37.56213922,-82.74750924,21071.0,87.10556632667397,0.0,31,29,0,0,29,29,35845,2,0,0,2,0
2020-07-02,US,Kentucky,Franklin,140,4,0,38.2379395,-84.87962551,21073.0,274.55825537840013,2.8571428571428568,136,138,4,0,134,135,50815,2,0,0,2,3
2020-07-02,US,Kentucky,Fulton,23,0,0,36.55238827,-89.20140068,21075.0,385.3241749036689,0.0,23,23,0,0,23,23,6120,0,0,0,0,0
2020-07-02,US,Kentucky,Gallatin,65,8,0,38.75398691,-84.8558382,21077.0,732.8898410192807,12.307692307692307,57,65,7,0,58,61,8832,0,1,0,-1,4
2020-07-02,US,Kentucky,Garrard,25,0,0,37.6388668,-84.53289319,21079.0,141.51477414242046,0.0,25,24,0,0,24,23,17560,1,0,0,1,1
2020-07-02,US,Kentucky,Grant,58,4,0,38.64962758,-84.62415957,21081.0,231.36144241892376,6.896551724137932,54,58,4,0,54,57,25121,0,0,0,0,1
2020-07-02,US,Kentucky,Graves,214,21,0,36.72292505,-88.65143315,21083.0,574.2499865829443,9.813084112149532,193,207,21,0,186,206,37317,7,0,0,7,1
2020-07-02,US,Kentucky,Grayson,139,11,0,37.46231118,-86.34248968,21085.0,525.977220267151,7.913669064748201,128,138,10,0,128,138,26321,1,1,0,0,0
2020-07-02,US,Kentucky,Green,5,1,0,37.26484328,-85.5540745,21087.0,45.6996618225025,20.0,4,5,1,0,4,4,11049,0,0,0,0,1
2020-07-02,US,Kentucky,Greenup,30,0,0,38.54332505,-82.9215658,21089.0,85.47495583793948,0.0,30,28,0,0,28,28,35268,2,0,0,2,0
2020-07-02,US,Kentucky,Hancock,18,0,0,37.83766422,-86.78280584,21091.0,206.37468470534282,0.0,18,18,0,0,18,18,8758,0,0,0,0,0
2020-07-02,US,Kentucky,Hardin,171,6,0,37.6976111,-85.96319251,21093.0,154.1123668415076,3.5087719298245608,165,164,6,0,158,155,110356,7,0,0,7,9
2020-07-02,US,Kentucky,Harlan,26,2,0,36.85699301,-83.21899516,21095.0,99.96155324875048,7.6923076923076925,24,24,2,0,22,23,26409,2,0,0,2,1
2020-07-02,US,Kentucky,Harrison,73,0,0,38.44188174,-84.32869741,21097.0,386.5297045430478,0.0,73,73,0,0,73,70,18778,0,0,0,0,3
2020-07-02,US,Kentucky,Hart,42,0,0,37.29943898,-85.88461055,21099.0,220.64617809298664,0.0,42,41,0,0,41,40,18906,1,0,0,1,1
2020-07-02,US,Kentucky,Henderson,161,3,0,37.79344553,-87.57392021,21101.0,356.11590356115903,1.8633540372670807,158,160,3,0,157,156,45591,1,0,0,1,4
2020-07-02,US,Kentucky,Henry,36,2,0,38.44942688,-85.11587507,21103.0,223.24196949026413,5.5555555555555545,34,35,2,0,33,33,16106,1,0,0,1,2
2020-07-02,US,Kentucky,Hickman,5,0,0,36.67948079999999,-88.97875928,21105.0,114.15525114155253,0.0,5,5,0,0,5,5,4421,0,0,0,0,0
2020-07-02,US,Kentucky,Hopkins,262,32,0,37.30939025,-87.54670406,21107.0,586.3133867430515,12.213740458015268,230,255,32,0,223,254,45068,7,0,0,7,1
2020-07-02,US,Kentucky,Jackson,113,14,0,37.41866422,-83.99825483,21109.0,847.77552704629,12.389380530973453,99,109,14,0,95,108,13442,4,0,0,4,1
2020-07-02,US,Kentucky,Jefferson,3991,196,0,38.18664655,-85.65931031,21111.0,520.5038884548819,4.911049862189928,3795,3942,196,0,3746,3901,770517,49,0,0,49,41
2020-07-02,US,Kentucky,Jessamine,108,0,0,37.87119786,-84.58252003,21113.0,199.5749792109397,0.0,108,106,0,0,106,104,53920,2,0,0,2,2
2020-07-02,US,Kentucky,Johnson,9,0,0,37.85106355,-82.8264322,21115.0,40.56246619794484,0.0,9,9,0,0,9,10,22386,0,0,0,0,-1
2020-07-02,US,Kentucky,Kenton,807,36,0,38.93950319,-84.53241199,21117.0,483.23932023138,4.4609665427509295,771,800,36,0,764,794,166051,7,0,0,7,6
2020-07-02,US,Kentucky,Knott,10,0,0,37.35388197,-82.94981134,21119.0,67.5401864109145,0.0,10,8,0,0,8,7,15126,2,0,0,2,1
2020-07-02,US,Kentucky,Knox,71,0,0,36.89225732,-83.85403396,21121.0,227.96596564456573,0.0,71,69,0,0,69,66,31304,2,0,0,2,3
2020-07-02,US,Kentucky,Larue,15,1,0,37.54567114,-85.70138352,21123.0,104.18113626892624,6.666666666666668,14,15,1,0,14,15,14307,0,0,0,0,0
2020-07-02,US,Kentucky,Laurel,114,3,0,37.10975748,-84.11321779,21125.0,187.45991810961482,2.631578947368421,111,111,3,0,108,102,60669,3,0,0,3,9
2020-07-02,US,Kentucky,Lawrence,8,0,0,38.07136018,-82.72882223,21127.0,52.22954886727165,0.0,8,8,0,0,8,8,15571,0,0,0,0,0
2020-07-02,US,Kentucky,Lee,1,0,0,37.59645942,-83.71513901,21129.0,13.508037282182901,0.0,1,1,0,0,1,1,7033,0,0,0,0,0
2020-07-02,US,Kentucky,Leslie,9,0,0,37.09246661,-83.37999606,21131.0,91.12078566366306,0.0,9,8,0,0,8,8,10143,1,0,0,1,0
2020-07-02,US,Kentucky,Letcher,14,0,0,37.12306748,-82.85346474,21133.0,64.95615459564793,0.0,14,14,0,0,14,14,21899,0,0,0,0,0
2020-07-02,US,Kentucky,Lewis,22,0,0,38.53184419,-83.37735618,21135.0,165.72504708097932,0.0,22,22,0,0,22,23,13257,0,0,0,0,-1
2020-07-02,US,Kentucky,Lincoln,29,1,0,37.45475628,-84.6565327,21137.0,118.13108476923703,3.4482758620689653,28,28,1,0,27,28,24644,1,0,0,1,0
2020-07-02,US,Kentucky,Livingston,10,0,0,37.21137452,-88.34797529,21139.0,108.76658690450293,0.0,10,10,0,0,10,10,9242,0,0,0,0,0
2020-07-02,US,Kentucky,Logan,222,12,0,36.85949479,-86.877635,21141.0,819.1277396502103,5.405405405405406,210,220,11,0,209,217,26989,2,1,0,1,3
2020-07-02,US,Kentucky,Lyon,20,3,0,37.02080035,-88.07886257,21143.0,243.605359317905,15.0,17,20,3,0,17,20,8009,0,0,0,0,0
2020-07-02,US,Kentucky,Madison,126,1,0,37.71659336,-84.27220275,21151.0,135.50281222106315,0.7936507936507936,125,122,1,0,121,118,92368,4,0,0,4,4
2020-07-02,US,Kentucky,Magoffin,6,0,0,37.70820545,-83.0657714,21153.0,49.33804785790642,0.0,6,5,0,0,5,5,12362,1,0,0,1,0
2020-07-02,US,Kentucky,Marion,52,0,0,37.55218078,-85.26898542,21155.0,269.80750272401804,0.0,52,52,0,0,52,51,19404,0,0,0,0,1
2020-07-02,US,Kentucky,Marshall,60,2,0,36.88007070000001,-88.32803576,21157.0,192.92604501607718,3.333333333333333,58,59,2,0,57,58,31191,1,0,0,1,1
2020-07-02,US,Kentucky,Martin,8,0,0,37.79990579,-82.51247478,21159.0,71.46047342563645,0.0,8,7,0,0,7,5,11323,1,0,0,1,2
2020-07-02,US,Kentucky,Mason,31,0,0,38.59471935,-83.82151043,21161.0,181.60515524311657,0.0,31,31,0,0,31,31,17150,0,0,0,0,0
2020-07-02,US,Kentucky,McCracken,170,3,0,37.05350953,-88.70445755,21145.0,259.86731480632244,1.7647058823529411,167,168,3,0,165,166,65346,2,0,0,2,2
2020-07-02,US,Kentucky,McCreary,18,0,0,36.73874143,-84.48102924,21147.0,104.46288665776798,0.0,18,18,0,0,18,18,17408,0,0,0,0,0
2020-07-02,US,Kentucky,McLean,25,1,0,37.5301951,-87.26803443,21149.0,271.53252959704565,4.0,24,24,1,0,23,24,9252,1,0,0,1,0
2020-07-02,US,Kentucky,Meade,28,2,0,37.96163597,-86.21028219,21163.0,97.9980400391992,7.142857142857142,26,26,2,0,24,26,28715,2,0,0,2,0
2020-07-02,US,Kentucky,Menifee,13,0,0,37.94090733,-83.59985712,21165.0,200.3390352904916,0.0,13,13,0,0,13,13,6451,0,0,0,0,0
2020-07-02,US,Kentucky,Mercer,24,0,0,37.81474237,-84.87488475,21167.0,109.42415538230064,0.0,24,23,0,0,23,23,21774,1,0,0,1,0
2020-07-02,US,Kentucky,Metcalfe,11,2,0,36.99459295,-85.63123699,21169.0,109.22450600734786,18.181818181818183,9,10,2,0,8,9,10030,1,0,0,1,1
2020-07-02,US,Kentucky,Monroe,38,1,0,36.71225341,-85.71596443,21171.0,356.80751173708916,2.631578947368421,37,36,1,0,35,35,10718,2,0,0,2,1
2020-07-02,US,Kentucky,Montgomery,52,0,0,38.03253032,-83.9145241,21173.0,184.67876549348298,0.0,52,52,0,0,52,52,28203,0,0,0,0,0
2020-07-02,US,Kentucky,Morgan,8,0,0,37.92465657,-83.25558245,21175.0,60.10970020287024,0.0,8,8,0,0,8,8,13345,0,0,0,0,0
2020-07-02,US,Kentucky,Muhlenberg,506,8,0,37.21425819,-87.14632053,21177.0,1652.4067663771145,1.5810276679841897,498,505,8,0,497,499,30774,1,0,0,1,6
2020-07-02,US,Kentucky,Nelson,77,1,0,37.80335779,-85.4657193,21179.0,166.54770402093743,1.2987012987012987,76,76,1,0,75,74,45851,1,0,0,1,2
2020-07-02,US,Kentucky,Nicholas,6,0,0,38.33342292,-84.01889177,21181.0,82.54230293025175,0.0,6,5,0,0,5,5,7166,1,0,0,1,0
2020-07-02,US,Kentucky,Ohio,187,0,0,37.47751843,-86.85368087,21183.0,779.3615070434274,0.0,187,187,0,0,187,186,24087,0,0,0,0,1
2020-07-02,US,Kentucky,Oldham,131,7,0,38.39791089,-85.448222,21185.0,196.11072022036254,5.343511450381679,124,130,7,0,123,130,66470,1,0,0,1,0
2020-07-02,US,Kentucky,Owen,6,0,0,38.51679143,-84.82404619,21187.0,55.04082194294103,0.0,6,6,0,0,6,6,10880,0,0,0,0,0
2020-07-02,US,Kentucky,Owsley,3,0,0,37.42823949,-83.68811419,21189.0,67.95016987542469,0.0,3,2,0,0,2,2,4472,1,0,0,1,0
2020-07-02,US,Kentucky,Pendleton,17,0,0,38.69607718,-84.35599463,21191.0,116.51816312542836,0.0,17,17,0,0,17,17,14529,0,0,0,0,0
2020-07-02,US,Kentucky,Perry,62,1,0,37.25023553,-83.22922731,21193.0,240.7019178507648,1.6129032258064515,61,57,1,0,56,57,26092,5,0,0,5,0
2020-07-02,US,Kentucky,Pike,91,2,0,37.47088263,-82.39487445,21195.0,157.23270440251576,2.1978021978021984,89,86,2,0,84,84,58402,5,0,0,5,2
2020-07-02,US,Kentucky,Powell,7,0,0,37.83218794,-83.82553961,21197.0,56.63888664131402,0.0,7,7,0,0,7,6,12442,0,0,0,0,1
2020-07-02,US,Kentucky,Pulaski,99,2,0,37.10466131,-84.57629079,21199.0,152.35691531110055,2.0202020202020203,97,94,2,0,92,94,64623,5,0,0,5,0
2020-07-02,US,Kentucky,Robertson,1,0,0,38.51923469,-84.05055616,21201.0,47.43833017077799,0.0,1,1,0,0,1,,2135,0,0,0,0,
2020-07-02,US,Kentucky,Rockcastle,21,0,0,37.36642393,-84.31176452,21203.0,125.78616352201256,0.0,21,21,0,0,21,21,16750,0,0,0,0,0
2020-07-02,US,Kentucky,Rowan,22,0,0,38.19484205,-83.42088935,21205.0,89.94276369582992,0.0,22,22,0,0,22,22,24583,0,0,0,0,0
2020-07-02,US,Kentucky,Russell,46,4,0,36.99308373,-85.06070117,21207.0,256.6534620320259,8.695652173913043,42,46,4,0,42,45,17821,0,0,0,0,1
2020-07-02,US,Kentucky,Scott,97,0,0,38.29622293,-84.5816631,21209.0,170.1634972984352,0.0,97,91,0,0,91,87,56031,6,0,0,6,4
2020-07-02,US,Kentucky,Shelby,420,14,0,38.21476019,-85.194223,21211.0,856.7232375979112,3.333333333333333,406,418,12,0,406,414,48518,2,2,0,0,4
2020-07-02,US,Kentucky,Simpson,78,3,0,36.74058474,-86.58047435,21213.0,419.9870773206978,3.8461538461538463,75,78,3,0,75,77,18529,0,0,0,0,1
2020-07-02,US,Kentucky,Spencer,37,0,0,38.03223971,-85.32749335,21215.0,191.20458891013385,0.0,37,37,0,0,37,36,18794,0,0,0,0,1
2020-07-02,US,Kentucky,Taylor,43,1,0,37.3677562,-85.3329931,21217.0,166.86716597462066,2.3255813953488373,42,42,1,0,41,41,25549,1,0,0,1,1
2020-07-02,US,Kentucky,Todd,25,0,0,36.8381152,-87.17878374,21219.0,203.35122824141857,0.0,25,25,0,0,25,25,12311,0,0,0,0,0
2020-07-02,US,Kentucky,Trigg,26,0,0,36.80767017,-87.87333656,21221.0,177.4622892635315,0.0,26,26,0,0,26,26,14643,0,0,0,0,0
2020-07-02,US,Kentucky,Trimble,6,0,0,38.61056487,-85.33775972,21223.0,70.82989021367017,0.0,6,6,0,0,6,6,8515,0,0,0,0,0
2020-07-02,US,Kentucky,Unassigned,4,0,0,0.0,0.0,90021.0,0.0,0.0,4,4,0,0,4,2,,0,0,0,0,2
2020-07-02,US,Kentucky,Union,29,0,0,37.66166713,-87.94300009,21225.0,201.65496140741257,0.0,29,29,0,0,29,29,14505,0,0,0,0,0
2020-07-02,US,Kentucky,Warren,1558,14,0,36.99903045,-86.42672751,21227.0,1172.3452925595955,0.8985879332477535,1544,1547,13,0,1534,1533,131264,11,1,0,10,14
2020-07-02,US,Kentucky,Washington,24,0,0,37.75599461,-85.17407732,21229.0,198.42910293509715,0.0,24,24,0,0,24,23,12084,0,0,0,0,1
2020-07-02,US,Kentucky,Wayne,15,0,0,36.80310688,-84.8251971,21231.0,73.7717011754291,0.0,15,15,0,0,15,15,20468,0,0,0,0,0
2020-07-02,US,Kentucky,Webster,41,0,0,37.52168356,-87.67989953,21233.0,316.7980219440581,0.0,41,41,0,0,41,41,13111,0,0,0,0,0
2020-07-02,US,Kentucky,Whitley,29,0,0,36.75700531,-84.14541217,21235.0,79.96911537613059,0.0,29,28,0,0,28,28,36242,1,0,0,1,0
2020-07-02,US,Kentucky,Wolfe,4,0,0,37.73941626,-83.49303612,21237.0,55.88933910856503,0.0,4,3,0,0,3,2,7177,1,0,0,1,1
2020-07-02,US,Kentucky,Woodford,68,0,0,38.04178222,-84.7417556,21239.0,254.3577466896088,0.0,68,67,0,0,67,67,26533,1,0,0,1,0
2020-07-02,US,Louisiana,Acadia,945,37,0,30.2950649,-92.41419698,22001.0,1523.0880812313644,3.9153439153439153,908,919,37,0,882,878,62190,26,0,0,26,41
2020-07-02,US,Louisiana,Allen,316,11,0,30.65385745,-92.82442028,22003.0,1233.0744917469856,3.4810126582278484,305,310,10,0,300,304,25605,6,1,0,5,6
2020-07-02,US,Louisiana,Ascension,1246,58,0,30.20406249,-90.91328409999998,22005.0,984.1711162364536,4.654895666131621,1188,1213,58,0,1155,1171,124672,33,0,0,33,42
2020-07-02,US,Louisiana,Assumption,364,15,0,29.89946234,-91.06461642,22007.0,1662.7837924261112,4.12087912087912,349,357,15,0,342,352,22300,7,0,0,7,5
2020-07-02,US,Louisiana,Avoyelles,375,14,0,31.07796211,-92.00079449,22009.0,934.1371064168993,3.733333333333333,361,341,14,0,327,319,40462,34,0,0,34,22
2020-07-02,US,Louisiana,Beauregard,228,9,0,30.64836518,-93.34173616,22011.0,608.0486438915112,3.947368421052632,219,214,8,0,206,201,37253,14,1,0,13,13
2020-07-02,US,Louisiana,Bienville,230,27,0,32.34569994,-93.05398492,22013.0,1737.0289253077563,11.73913043478261,203,227,27,0,200,227,13308,3,0,0,3,0
2020-07-02,US,Louisiana,Bossier,947,32,0,32.67932307,-93.60460152,22015.0,745.4403765772715,3.37909186906019,915,906,31,0,875,875,127185,41,1,0,40,31
2020-07-02,US,Louisiana,Caddo,3520,235,0,32.57991587,-93.88375652,22017.0,1465.4210587667149,6.676136363636362,3285,3418,235,0,3183,3309,242922,102,0,0,102,109
2020-07-02,US,Louisiana,Calcasieu,1852,59,0,30.22931235,-93.35400434,22019.0,910.3600149432747,3.1857451403887684,1793,1729,59,0,1670,1300,203112,123,0,0,123,429
2020-07-02,US,Louisiana,Caldwell,105,1,0,32.0902519,-92.11752148,22021.0,1058.681185722928,0.9523809523809524,104,105,1,0,104,104,9960,0,0,0,0,1
2020-07-02,US,Louisiana,Cameron,54,0,0,29.87592238,-93.19310676,22023.0,774.4156030402983,0.0,54,53,0,0,53,46,6968,1,0,0,1,7
2020-07-02,US,Louisiana,Catahoula,192,3,0,31.66778967,-91.84526385,22025.0,2022.3298925637246,1.5625,189,190,3,0,187,190,9608,2,0,0,2,0
2020-07-02,US,Louisiana,Claiborne,122,10,0,32.82308512,-92.99526883,22027.0,778.557753669432,8.196721311475411,112,120,10,0,110,120,15944,2,0,0,2,0
2020-07-02,US,Louisiana,Concordia,113,6,0,31.44817835,-91.63814433,22029.0,586.7386676359105,5.3097345132743365,107,111,6,0,105,111,19572,2,0,0,2,0
2020-07-02,US,Louisiana,De Soto,357,19,0,32.05457447,-93.74130302,22031.0,1299.9308160069913,5.322128851540616,338,349,18,0,331,348,27436,8,1,0,7,1
2020-07-02,US,Louisiana,East Baton Rouge,5531,273,0,30.53842039,-91.09777565,22033.0,1256.8769187768005,4.935816308081722,5258,5350,271,0,5079,5123,440956,181,2,0,179,227
2020-07-02,US,Louisiana,East Carroll,445,1,0,32.73926954,-91.23425694,22035.0,6485.934994898703,0.2247191011235955,444,445,1,0,444,440,7037,0,0,0,0,5
2020-07-02,US,Louisiana,East Feliciana,302,33,0,30.84425359,-91.04976723,22037.0,1578.259733472694,10.927152317880797,269,300,33,0,267,297,19305,2,0,0,2,3
2020-07-02,US,Louisiana,Evangeline,202,1,0,30.72985248,-92.39915924,22039.0,604.8809702051204,0.4950495049504951,201,201,1,0,200,192,33443,1,0,0,1,9
2020-07-02,US,Louisiana,Franklin,475,14,0,32.13675181,-91.67589857,22041.0,2373.2200849362976,2.9473684210526314,461,471,14,0,457,467,20156,4,0,0,4,4
2020-07-02,US,Louisiana,Grant,90,1,0,31.59882456,-92.56124347,22043.0,401.9831167090982,1.1111111111111112,89,86,1,0,85,84,22482,4,0,0,4,2
2020-07-02,US,Louisiana,Iberia,792,44,0,29.86803617,-91.75871777,22045.0,1134.1830158957468,5.5555555555555545,748,748,44,0,704,697,70941,44,0,0,44,51
2020-07-02,US,Louisiana,Iberville,732,43,0,30.25734305,-91.3499598,22047.0,2251.545630709606,5.874316939890711,689,719,43,0,676,711,32721,13,0,0,13,8
2020-07-02,US,Louisiana,Jackson,216,16,0,32.30251776,-92.55692092,22049.0,1371.9512195121954,7.407407407407407,200,213,16,0,197,211,15902,3,0,0,3,2
2020-07-02,US,Louisiana,Jefferson,9712,486,0,29.74075478,-90.11115756,22051.0,2245.585477684032,5.004118616144975,9226,9637,485,0,9152,9489,434051,75,1,0,74,148
2020-07-02,US,Louisiana,Jefferson Davis,399,9,0,30.26896765,-92.81210004,22053.0,1271.9969395562355,2.255639097744361,390,370,9,0,361,349,31582,29,0,0,29,21
2020-07-02,US,Louisiana,LaSalle,99,0,0,31.67884782,-92.15907765,22059.0,664.7864625302176,0.0,99,97,0,0,97,97,14917,2,0,0,2,0
2020-07-02,US,Louisiana,Lafayette,2472,46,0,30.2049055,-92.06959876,22055.0,1011.4980154670812,1.86084142394822,2426,2359,45,0,2314,2158,242782,113,1,0,112,201
2020-07-02,US,Louisiana,Lafourche,1201,89,0,29.52470226,-90.40976986,22057.0,1230.3563013502162,7.410491257285595,1112,1177,89,0,1088,1149,98115,24,0,0,24,28
2020-07-02,US,Louisiana,Lincoln,338,19,0,32.6003154,-92.6659741,22061.0,723.1183945915877,5.621301775147929,319,329,18,0,311,323,47196,9,1,0,8,6
2020-07-02,US,Louisiana,Livingston,1025,38,0,30.44143993,-90.73061664,22063.0,728.0398326573809,3.7073170731707314,987,983,38,0,945,903,139567,42,0,0,42,80
2020-07-02,US,Louisiana,Madison,371,2,0,32.36918118,-91.23973355,22065.0,3387.8184640672084,0.5390835579514824,369,362,2,0,360,356,11161,9,0,0,9,6
2020-07-02,US,Louisiana,Morehouse,242,9,0,32.81686191,-91.80421614,22067.0,972.9034333038513,3.71900826446281,233,239,8,0,231,235,25398,3,1,0,2,4
2020-07-02,US,Louisiana,Natchitoches,297,14,0,31.72321584,-93.09816516,22069.0,778.342680433985,4.713804713804714,283,295,14,0,281,280,38659,2,0,0,2,15
2020-07-02,US,Louisiana,Orleans,7960,534,0,30.06971951,-89.92660315,22071.0,2040.2723097112867,6.708542713567839,7426,7919,534,0,7385,7851,391006,41,0,0,41,68
2020-07-02,US,Louisiana,Ouachita,2537,78,0,32.47645559,-92.15704172,22073.0,1655.1517168039982,3.0744974379188017,2459,2474,75,0,2399,2392,154475,63,3,0,60,82
2020-07-02,US,Louisiana,Plaquemines,272,17,0,29.42245447,-89.60322085,22075.0,1172.5654179419753,6.25,255,270,17,0,253,261,23410,2,0,0,2,9
2020-07-02,US,Louisiana,Pointe Coupee,264,28,0,30.71409502,-91.60209535,22077.0,1214.9102623101705,10.606060606060606,236,256,27,0,229,245,21940,8,1,0,7,11
2020-07-02,US,Louisiana,Rapides,1597,65,0,31.19778499,-92.52997303,22079.0,1231.7968653585092,4.070131496556042,1532,1578,62,0,1516,1536,130562,19,3,0,16,42
2020-07-02,US,Louisiana,Red River,62,8,0,32.09530039,-93.34213308,22081.0,734.4231224828239,12.903225806451614,54,62,8,0,54,60,8477,0,0,0,0,2
2020-07-02,US,Louisiana,Richland,202,4,0,32.41391005,-91.76634876,22083.0,1003.8763542391413,1.98019801980198,198,195,4,0,191,188,20192,7,0,0,7,7
2020-07-02,US,Louisiana,Sabine,90,1,0,31.56388699,-93.55433981,22085.0,376.82130296432763,1.1111111111111112,89,89,1,0,88,82,24032,1,0,0,1,7
2020-07-02,US,Louisiana,St. Bernard,629,23,0,29.87761636,-89.51887093,22087.0,1331.3859961053254,3.656597774244833,606,621,23,0,598,617,46721,8,0,0,8,4
2020-07-02,US,Louisiana,St. Charles,780,49,0,29.90709658,-90.35555967,22089.0,1468.926553672317,6.282051282051282,731,778,49,0,729,759,52879,2,0,0,2,19
2020-07-02,US,Louisiana,St. Helena,103,1,0,30.82210324,-90.71013176,22091.0,1016.5811290959336,0.9708737864077671,102,99,1,0,98,97,10262,4,0,0,4,2
2020-07-02,US,Louisiana,St. James,377,29,0,30.02531716,-90.80212061,22093.0,1787.0686386044747,7.6923076923076925,348,375,29,0,346,367,21037,2,0,0,2,8
2020-07-02,US,Louisiana,St. John the Baptist,982,87,0,30.12597499,-90.4753503,22095.0,2292.4107663935383,8.859470468431773,895,976,87,0,889,970,43184,6,0,0,6,6
2020-07-02,US,Louisiana,St. Landry,672,57,0,30.59724262,-92.00135806,22097.0,818.2748039549948,8.482142857142858,615,653,57,0,596,626,82764,19,0,0,19,27
2020-07-02,US,Louisiana,St. Martin,750,26,0,30.13112107,-91.61403569,22099.0,1403.6795118938446,3.466666666666667,724,727,26,0,701,712,53621,23,0,0,23,15
2020-07-02,US,Louisiana,St. Mary,514,38,0,29.69262097,-91.44702164,22101.0,1041.5822323093134,7.3929961089494185,476,489,38,0,451,469,49774,25,0,0,25,20
2020-07-02,US,Louisiana,St. Tammany,2440,175,0,30.40942847,-89.95642711,22103.0,936.95160491362,7.172131147540983,2265,2371,175,0,2196,2308,258111,69,0,0,69,63
2020-07-02,US,Louisiana,Tangipahoa,1394,43,0,30.62888673,-90.40664996,22105.0,1034.446934504816,3.084648493543759,1351,1353,43,0,1310,1304,133777,41,0,0,41,49
2020-07-02,US,Louisiana,Tensas,26,0,0,32.00760749,-91.32915234,22107.0,599.9077065066913,0.0,26,26,0,0,26,26,4462,0,0,0,0,0
2020-07-02,US,Louisiana,Terrebonne,1094,61,0,29.37343766,-90.82626855,22109.0,990.3947999746516,5.5758683729433285,1033,1068,61,0,1007,1030,111021,26,0,0,26,38
2020-07-02,US,Louisiana,Unassigned,5,108,0,0.0,0.0,90022.0,0.0,2160.0,-103,3,108,0,-105,2,,2,0,0,2,1
2020-07-02,US,Louisiana,Union,437,24,0,32.83121059,-92.3749373,22111.0,1976.6600325673965,5.491990846681921,413,433,24,0,409,422,22330,4,0,0,4,11
2020-07-02,US,Louisiana,Vermilion,273,6,0,29.83517605,-92.30292538,22113.0,458.73872057266726,2.1978021978021984,267,265,6,0,259,251,59830,8,0,0,8,14
2020-07-02,US,Louisiana,Vernon,159,8,0,31.10884837,-93.18153838,22115.0,335.2379345969765,5.031446540880503,151,153,8,0,145,138,48860,6,0,0,6,15
2020-07-02,US,Louisiana,Washington,700,46,0,30.85288548,-90.03866652,22117.0,1515.3483136338052,6.571428571428571,654,691,46,0,645,678,46582,9,0,0,9,13
2020-07-02,US,Louisiana,Webster,426,11,0,32.70847669,-93.33121835,22119.0,1111.111111111111,2.582159624413145,415,423,11,0,412,418,38798,3,0,0,3,5
2020-07-02,US,Louisiana,West Baton Rouge,278,30,0,30.46058217,-91.30989571,22121.0,1050.4439826185528,10.791366906474819,248,264,30,0,234,258,26427,14,0,0,14,6
2020-07-02,US,Louisiana,West Carroll,138,5,0,32.78550125,-91.461201,22123.0,1274.2382271468146,3.6231884057971016,133,134,5,0,129,124,10982,4,0,0,4,10
2020-07-02,US,Louisiana,West Feliciana,246,14,0,30.87882871,-91.4148538,22125.0,1580.16443987667,5.691056910569106,232,246,14,0,232,246,15460,0,0,0,0,0
2020-07-02,US,Louisiana,Winn,247,5,0,31.94449367,-92.63789413,22127.0,1776.4672036823936,2.0242914979757085,242,244,5,0,239,242,14134,3,0,0,3,2
2020-07-02,US,Maine,Androscoggin,488,4,0,44.1664747,-70.20380627,23001.0,450.6959003297098,0.819672131147541,484,484,4,0,480,483,107679,4,0,0,4,1
2020-07-02,US,Maine,Aroostook,24,1,0,46.65926321,-68.59841248,23003.0,35.791514428454256,4.166666666666667,23,24,1,0,23,23,67111,0,0,0,0,1
2020-07-02,US,Maine,Cumberland,1756,60,0,43.8370751,-70.37226999,23005.0,595.2481839167738,3.416856492027335,1696,1733,60,0,1673,1715,293557,23,0,0,23,18
2020-07-02,US,Maine,Franklin,40,1,0,44.97330019,-70.44381045,23007.0,132.4547170436107,2.5,39,41,1,0,40,41,29897,-1,0,0,-1,0
2020-07-02,US,Maine,Hancock,16,1,0,44.59816444,-68.38401854,23009.0,29.09778674959536,6.25,15,16,1,0,15,16,54811,0,0,0,0,0
2020-07-02,US,Maine,Kennebec,147,10,0,44.40759555,-69.76738544,23011.0,120.19427319258884,6.802721088435375,137,147,10,0,137,146,122083,0,0,0,0,1
2020-07-02,US,Maine,Knox,24,1,0,44.11486325,-69.10529169,23013.0,60.34396057527909,4.166666666666667,23,25,1,0,24,24,39771,-1,0,0,-1,1
2020-07-02,US,Maine,Lincoln,24,0,0,44.05996956,-69.54227124,23015.0,69.29606744817232,0.0,24,24,0,0,24,23,34342,0,0,0,0,1
2020-07-02,US,Maine,Oxford,38,0,0,44.49952995,-70.75682123,23017.0,65.54549374730487,0.0,38,37,0,0,37,37,57618,1,0,0,1,0
2020-07-02,US,Maine,Penobscot,108,2,0,45.40194593,-68.65020455,23019.0,70.98351605016168,1.851851851851852,106,108,2,0,106,106,151096,0,0,0,0,2
2020-07-02,US,Maine,Piscataquis,3,0,0,45.83839062,-69.2860223,23021.0,17.873100983020553,0.0,3,3,0,0,3,3,16800,0,0,0,0,0
2020-07-02,US,Maine,Sagadahoc,34,0,0,43.95415864,-69.85074999,23023.0,94.82373940205264,0.0,34,34,0,0,34,34,35634,0,0,0,0,0
2020-07-02,US,Maine,Somerset,28,0,0,45.51229767,-69.95995554,23025.0,55.463117027176935,0.0,28,28,0,0,28,28,50592,0,0,0,0,0
2020-07-02,US,Maine,Unassigned,6,0,0,0.0,0.0,90023.0,0.0,0.0,6,2,0,0,2,2,,4,0,0,4,0
2020-07-02,US,Maine,Waldo,56,14,0,44.4858305,-69.12061935,23027.0,141.00465818960092,25.0,42,56,14,0,42,55,39694,0,0,0,0,1
2020-07-02,US,Maine,Washington,3,0,0,45.01607142,-67.62813524,23029.0,9.560534115172569,0.0,3,3,0,0,3,2,31490,0,0,0,0,1
2020-07-02,US,Maine,York,533,11,0,43.47808377,-70.71052375,23031.0,256.693042318232,2.063789868667917,522,529,11,0,518,515,206229,4,0,0,4,14
2020-07-02,US,Maryland,Allegany,205,17,0,39.62357628,-78.69280486,24001.0,291.12701658713934,8.292682926829269,188,205,17,0,188,205,70975,0,0,0,0,0
2020-07-02,US,Maryland,Anne Arundel,5179,210,0,39.00670238,-76.60329337,24003.0,894.1118787916455,4.054836841089013,4969,5134,209,0,4925,5109,576031,45,1,0,44,25
2020-07-02,US,Maryland,Baltimore,8105,474,0,39.45784712,-76.62911955,24005.0,979.6100898026276,5.848241826033312,7631,8040,474,0,7566,7985,828431,65,0,0,65,55
2020-07-02,US,Maryland,Baltimore City,7701,340,0,39.30211911,-76.61151012,24510.0,1297.5787292119494,4.415011037527594,7361,7605,338,0,7267,7546,621342,96,2,0,94,59
2020-07-02,US,Maryland,Calvert,418,27,0,38.53961642,-76.56820632,24009.0,451.769791948122,6.45933014354067,391,415,27,0,388,414,92003,3,0,0,3,1
2020-07-02,US,Maryland,Caroline,321,3,0,38.87172293,-75.82904158,24011.0,960.9052266059987,0.9345794392523364,318,320,3,0,317,319,33304,1,0,0,1,1
2020-07-02,US,Maryland,Carroll,1149,112,0,39.56453592,-77.02373735,24013.0,682.1136618639691,9.747606614447346,1037,1136,112,0,1024,1117,168429,13,0,0,13,19
2020-07-02,US,Maryland,Cecil,486,29,0,39.56647682,-75.94627411,24015.0,472.5098439550824,5.967078189300412,457,480,29,0,451,479,102826,6,0,0,6,1
2020-07-02,US,Maryland,Charles,1416,86,0,38.51092331,-76.98580666,24017.0,867.3441261324167,6.073446327683616,1330,1399,86,0,1313,1393,161503,17,0,0,17,6
2020-07-02,US,Maryland,Dorchester,189,5,0,38.45413522,-76.02752426,24019.0,591.9383632434464,2.6455026455026456,184,188,5,0,183,188,31998,1,0,0,1,0
2020-07-02,US,Maryland,Frederick,2501,118,0,39.47296601,-77.39999394,24021.0,963.6019680443234,4.718112754898041,2383,2493,118,0,2375,2490,255648,8,0,0,8,3
2020-07-02,US,Maryland,Garrett,11,0,0,39.52786077,-79.27355126,24023.0,37.91273178465568,0.0,11,11,0,0,11,11,29163,0,0,0,0,0
2020-07-02,US,Maryland,Harford,1153,63,0,39.55010644,-76.30775940000002,24025.0,451.3762473526177,5.464006938421509,1090,1127,62,0,1065,1116,253956,26,1,0,25,11
2020-07-02,US,Maryland,Howard,2602,89,0,39.25305293,-76.93126208,24027.0,798.9192176609662,3.420445810914681,2513,2568,89,0,2479,2538,323196,34,0,0,34,30
2020-07-02,US,Maryland,Kent,201,23,0,39.24976208,-76.04741541,24029.0,1034.9088662341674,11.442786069651742,178,200,23,0,177,198,19383,1,0,0,1,2
2020-07-02,US,Maryland,Montgomery,14899,743,0,39.13676329,-77.20358245,24031.0,1418.0232381068406,4.986911873280086,14156,14803,739,0,14064,14737,1052567,96,4,0,92,66
2020-07-02,US,Maryland,Prince George's,18731,685,0,38.83070039,-76.8496441,24033.0,2059.8750504493987,3.6570391329880954,18046,18645,686,0,17959,18572,909308,86,-1,0,87,73
2020-07-02,US,Maryland,Queen Anne's,232,19,0,39.06198912,-76.03530977,24035.0,460.4910581369962,8.189655172413794,213,230,19,0,211,230,50251,2,0,0,2,0
2020-07-02,US,Maryland,Somerset,87,3,0,38.1163542,-75.75118623,24039.0,339.631480324797,3.4482758620689653,84,87,3,0,84,87,25675,0,0,0,0,0
2020-07-02,US,Maryland,St. Mary's,646,51,0,38.30058422,-76.60629279999998,24037.0,569.1128534930842,7.894736842105262,595,639,51,0,588,637,112664,7,0,0,7,2
2020-07-02,US,Maryland,Talbot,141,4,0,38.76618159,-76.10882561,24041.0,379.2259487372583,2.8368794326241136,137,137,4,0,133,137,36968,4,0,0,4,0
2020-07-02,US,Maryland,Unassigned,0,26,0,0.0,0.0,90024.0,0.0,0.0,-26,0,25,0,-25,0,,0,1,0,-1,0
2020-07-02,US,Maryland,Washington,687,28,0,39.60835778,-77.82002295,24043.0,454.8192970493019,4.075691411935954,659,697,28,0,669,698,150926,-10,0,0,-10,-1
2020-07-02,US,Maryland,Wicomico,1074,40,0,38.37301947,-75.62705831,24045.0,1036.589485469409,3.7243947858473,1034,1070,41,0,1029,1067,103195,4,-1,0,5,3
2020-07-02,US,Maryland,Worcester,289,17,0,38.21274277,-75.33200012,24047.0,552.8349529420767,5.882352941176472,272,289,17,0,272,286,51823,0,0,0,0,3
2020-07-02,US,Massachusetts,Barnstable,1547,147,0,41.72980578,-70.28854339,25001.0,726.3251795858963,9.502262443438914,1400,1538,144,0,1394,1538,213413,9,3,0,6,0
2020-07-02,US,Massachusetts,Berkshire,600,44,0,42.37428441,-73.20524838,25003.0,480.2151363810987,7.333333333333332,556,594,44,0,550,594,126348,6,0,0,6,0
2020-07-02,US,Massachusetts,Bristol,8264,587,0,41.79228404,-71.10872211,25005.0,1462.0933199107599,7.103097773475316,7677,8225,574,0,7651,8225,564022,39,13,0,26,0
2020-07-02,US,Massachusetts,Dukes and Nantucket,66,1,0,41.40674725,-70.68763497,0.0,229.71703038529807,1.5151515151515151,65,64,0,0,64,64,26707,2,1,0,1,0
2020-07-02,US,Massachusetts,Essex,16176,1111,0,42.6687626,-70.94687179,25009.0,2050.1017700124453,6.868199802176063,15065,16088,1104,0,14984,16088,790638,88,7,0,81,0
2020-07-02,US,Massachusetts,Franklin,372,55,0,42.58119713,-72.58602547,25011.0,530.0655457395269,14.78494623655914,317,366,54,0,312,366,70963,6,1,0,5,0
2020-07-02,US,Massachusetts,Hampden,6812,661,0,42.13440424,-72.63235561,25013.0,1460.6365733791904,9.70346447445684,6151,6776,655,0,6121,6776,470406,36,6,0,30,0
2020-07-02,US,Massachusetts,Hampshire,969,114,0,42.33997957,-72.65898478,25015.0,602.4995336690915,11.764705882352944,855,962,110,0,852,962,161355,7,4,0,3,0
2020-07-02,US,Massachusetts,Middlesex,24039,1867,0,42.48607732,-71.39049229,25017.0,1491.5316073286635,7.766546029368943,22172,23962,1851,0,22111,23962,1614714,77,16,0,61,0
2020-07-02,US,Massachusetts,Norfolk,9200,933,0,42.16073095,-71.20530408,25021.0,1301.6872413427186,10.141304347826088,8267,9166,923,0,8243,9166,705388,34,10,0,24,0
2020-07-02,US,Massachusetts,Plymouth,8707,663,0,41.94070556,-70.80802823,25023.0,1670.5615097409452,7.614562995291145,8044,8684,665,0,8019,8684,518132,23,-2,0,25,0
2020-07-02,US,Massachusetts,Suffolk,19892,1008,0,42.3279514,-71.07850442,25025.0,2474.415572945627,5.067363764327368,18884,19819,1002,0,18817,19819,807252,73,6,0,67,0
2020-07-02,US,Massachusetts,Unassigned,287,7,0,0.0,0.0,90025.0,0.0,2.4390243902439024,280,288,7,0,281,288,,-1,0,0,-1,0
2020-07-02,US,Massachusetts,Worcester,12407,934,0,42.35026951,-71.90493363,25027.0,1493.699902001151,7.528008382364794,11473,12350,920,0,11430,12350,830839,57,14,0,43,0
2020-07-02,US,Michigan,Alcona,22,1,0,44.6846864,-83.59507875,26001.0,211.43680922633342,4.545454545454546,21,21,1,0,20,22,10362,1,0,0,1,-1
2020-07-02,US,Michigan,Alger,4,0,0,46.41292944,-86.60260122,26003.0,43.917435221783045,0.0,4,4,0,0,4,3,9097,0,0,0,0,1
2020-07-02,US,Michigan,Allegan,325,7,0,42.59147037,-85.89102866,26005.0,275.2347964532821,2.1538461538461537,318,317,7,0,310,312,117327,8,0,0,8,5
2020-07-02,US,Michigan,Alpena,122,11,0,45.03477666,-83.62212411,26007.0,429.50184826615026,9.016393442622949,111,122,11,0,111,120,28360,0,0,0,0,2
2020-07-02,US,Michigan,Antrim,20,0,0,44.99690221,-85.15503082,26009.0,85.74858514834506,0.0,20,19,0,0,19,18,23365,1,0,0,1,1
2020-07-02,US,Michigan,Arenac,38,2,0,44.0636262,-83.89277559,26011.0,255.32486729825973,5.2631578947368425,36,39,2,0,37,38,15041,-1,0,0,-1,1
2020-07-02,US,Michigan,Baraga,5,0,0,46.6720582,-88.36363591,26013.0,60.9087586794981,0.0,5,5,0,0,5,5,8320,0,0,0,0,0
2020-07-02,US,Michigan,Barry,106,2,0,42.59513984,-85.30834519,26015.0,172.21770917952884,1.8867924528301887,104,103,2,0,101,102,61157,3,0,0,3,1
2020-07-02,US,Michigan,Bay,396,30,0,43.70639106,-83.98731479,26017.0,383.99627639974403,7.575757575757576,366,392,30,0,362,392,103923,4,0,0,4,0
2020-07-02,US,Michigan,Benzie,10,0,0,44.63899297,-86.01608482,26019.0,56.28729032984352,0.0,10,10,0,0,10,12,17753,0,0,0,0,-2
2020-07-02,US,Michigan,Berrien,901,60,0,41.95447397,-86.41313079999998,26021.0,587.3494957659989,6.659267480577136,841,899,60,0,839,882,154141,2,0,0,2,17
2020-07-02,US,Michigan,Branch,257,2,0,41.91600556,-85.05929476,26023.0,590.573798745318,0.7782101167315175,255,257,2,0,255,257,43622,0,0,0,0,0
2020-07-02,US,Michigan,Calhoun,550,36,0,42.24633834,-85.00493569,26025.0,409.96131455958977,6.545454545454546,514,539,33,0,506,536,134487,11,3,0,8,3
2020-07-02,US,Michigan,Cass,152,5,0,41.91522292,-85.99405727,26027.0,293.50995423561903,3.2894736842105265,147,149,5,0,144,145,51653,3,0,0,3,4
2020-07-02,US,Michigan,Charlevoix,27,2,0,45.37790017,-85.19614053,26029.0,103.27812416325594,7.407407407407407,25,27,2,0,25,27,26244,0,0,0,0,0
2020-07-02,US,Michigan,Cheboygan,27,2,0,45.44787015,-84.50122149,26031.0,106.82069947776549,7.407407407407407,25,27,2,0,25,27,25413,0,0,0,0,0
2020-07-02,US,Michigan,Chippewa,11,0,0,46.29552653,-84.54353449,26033.0,29.451926423732896,0.0,11,11,0,0,11,10,37517,0,0,0,0,1
2020-07-02,US,Michigan,Clare,29,3,0,43.98794227,-84.84819859999998,26035.0,93.6995153473344,10.344827586206897,26,28,3,0,25,28,30757,1,0,0,1,0
2020-07-02,US,Michigan,Clinton,236,12,0,42.94400871,-84.60145248,26037.0,296.50103649726736,5.084745762711863,224,226,12,0,214,223,79332,10,0,0,10,3
2020-07-02,US,Michigan,Crawford,70,5,0,44.68255561,-84.61006219,26039.0,498.9664266875757,7.142857142857142,65,70,5,0,65,70,13901,0,0,0,0,0
2020-07-02,US,Michigan,Delta,26,3,0,45.90484910000001,-86.9080745,26041.0,72.65817124972054,11.538461538461537,23,24,3,0,21,23,35857,2,0,0,2,1
2020-07-02,US,Michigan,Dickinson,7,2,0,46.00999672,-87.86961634,26043.0,27.734854788224567,28.57142857142857,5,7,2,0,5,7,25383,0,0,0,0,0
2020-07-02,US,Michigan,Eaton,320,7,0,42.59599185,-84.83740035,26045.0,290.20205317952616,2.1875,313,331,7,0,324,327,109826,-11,0,0,-11,4
2020-07-02,US,Michigan,Emmet,29,2,0,45.52625509,-84.89083249,26047.0,86.78737094119406,6.896551724137932,27,29,2,0,27,27,33308,0,0,0,0,2
2020-07-02,US,Michigan,Federal Correctional Institution (FCI),184,5,0,0.0,0.0,0.0,0.0,2.717391304347826,179,183,5,0,178,183,,1,0,0,1,0
2020-07-02,US,Michigan,Genesee,2766,288,0,43.02244215,-83.70589709,26049.0,681.5947246638231,10.412147505422993,2478,2743,288,0,2455,2734,406892,23,0,0,23,9
2020-07-02,US,Michigan,Gladwin,27,1,0,43.98901072,-84.38774817,26051.0,106.09454202522691,3.703703703703704,26,27,1,0,26,27,25337,0,0,0,0,0
2020-07-02,US,Michigan,Gogebic,7,1,0,46.40862701,-89.69377193,26053.0,50.08944543828265,14.285714285714285,6,7,1,0,6,7,15096,0,0,0,0,0
2020-07-02,US,Michigan,Grand Traverse,52,5,0,44.69565625,-85.55585247,26055.0,55.86112066002062,9.615384615384617,47,49,5,0,44,48,92573,3,0,0,3,1
2020-07-02,US,Michigan,Gratiot,92,13,0,43.29265605,-84.60505416,26057.0,225.98314951732948,14.130434782608695,79,92,13,0,79,92,40599,0,0,0,0,0
2020-07-02,US,Michigan,Hillsdale,197,25,0,41.88753639,-84.59312019,26059.0,431.97017870847503,12.690355329949238,172,194,25,0,169,194,45749,3,0,0,3,0
2020-07-02,US,Michigan,Houghton,14,0,0,46.89988536,-88.68495385,26061.0,39.233269812801254,0.0,14,12,0,0,12,11,36219,2,0,0,2,1
2020-07-02,US,Michigan,Huron,66,3,0,43.83353985,-83.04078453,26063.0,213.03379490655564,4.545454545454546,63,66,3,0,63,65,31166,0,0,0,0,1
2020-07-02,US,Michigan,Ingham,1054,29,0,42.59716886,-84.37472069,26065.0,360.45771974583283,2.751423149905124,1025,1042,29,0,1013,1019,292735,12,0,0,12,23
2020-07-02,US,Michigan,Ionia,196,4,0,42.94502238,-85.07413319,26067.0,302.95067777485815,2.0408163265306123,192,195,4,0,191,195,64210,1,0,0,1,0
2020-07-02,US,Michigan,Iosco,116,11,0,44.35486835,-83.63484895,26069.0,461.65479364826683,9.482758620689657,105,114,11,0,103,113,25081,2,0,0,2,1
2020-07-02,US,Michigan,Iron,6,1,0,46.20974132,-88.53136251,26071.0,54.220133742996566,16.666666666666668,5,5,1,0,4,5,11117,1,0,0,1,0
2020-07-02,US,Michigan,Isabella,128,8,0,43.64060976,-84.84664923,26073.0,183.19212273872228,6.25,120,127,8,0,119,123,70562,1,0,0,1,4
2020-07-02,US,Michigan,Jackson,517,31,0,42.24807035,-84.42258681,26075.0,326.1623872310895,5.996131528046424,486,513,30,0,483,505,158823,4,1,0,3,8
2020-07-02,US,Michigan,Kalamazoo,1093,68,0,42.24542231,-85.53038622,26077.0,412.3501316653211,6.221408966148216,1025,1089,68,0,1021,1084,264870,4,0,0,4,5
2020-07-02,US,Michigan,Kalkaska,34,2,0,44.68512729,-85.09085699,26079.0,188.49096352145474,5.882352941176472,32,34,2,0,32,33,17824,0,0,0,0,1
2020-07-02,US,Michigan,Kent,5064,135,0,43.03197711,-85.54934642,26081.0,770.8290522181885,2.6658767772511847,4929,4945,134,0,4811,4900,653786,119,1,0,118,45
2020-07-02,US,Michigan,Keweenaw,1,0,0,47.63197653,-88.41434263,26083.0,47.25897920604915,0.0,1,1,0,0,1,1,2113,0,0,0,0,0
2020-07-02,US,Michigan,Lake,9,0,0,43.99050893,-85.802173,26085.0,75.93014426727409,0.0,9,8,0,0,8,8,11881,1,0,0,1,0
2020-07-02,US,Michigan,Lapeer,300,31,0,43.09052506,-83.22153148,26087.0,342.43838962639967,10.333333333333334,269,295,31,0,264,292,88028,5,0,0,5,3
2020-07-02,US,Michigan,Leelanau,19,0,0,44.94430054,-85.80150326,26089.0,87.31216396305317,0.0,19,19,0,0,19,17,21764,0,0,0,0,2
2020-07-02,US,Michigan,Lenawee,227,6,0,41.89475156,-84.06603727,26091.0,230.5715533615707,2.643171806167401,221,221,6,0,215,220,98266,6,0,0,6,1
2020-07-02,US,Michigan,Livingston,584,28,0,42.60302282,-83.91297209,26093.0,304.17458787989267,4.794520547945205,556,579,28,0,551,572,191224,5,0,0,5,7
2020-07-02,US,Michigan,Luce,3,0,0,46.47227431,-85.54471223,26095.0,48.16182372772515,0.0,3,3,0,0,3,3,6283,0,0,0,0,0
2020-07-02,US,Michigan,Mackinac,9,0,0,46.07028979,-85.04980537,26097.0,83.34105009723123,0.0,9,9,0,0,9,9,10787,0,0,0,0,0
2020-07-02,US,Michigan,Macomb,7469,917,0,42.69158356,-82.92752801,26099.0,854.604037657957,12.277413308341146,6552,7428,916,0,6512,7359,874759,41,1,0,40,69
2020-07-02,US,Michigan,Manistee,19,0,0,44.33352407,-86.05626916,26101.0,77.36786383255965,0.0,19,19,0,0,19,19,24528,0,0,0,0,0
2020-07-02,US,Michigan,Marquette,70,11,0,46.4338914,-87.64043701,26103.0,104.94909968665199,15.714285714285715,59,65,11,0,54,64,66516,5,0,0,5,1
2020-07-02,US,Michigan,Mason,57,0,0,43.99509218,-86.24988902,26105.0,195.58056546802086,0.0,57,53,0,0,53,51,29100,4,0,0,4,2
2020-07-02,US,Michigan,Mecosta,29,2,0,43.64064262,-85.32463223,26107.0,66.7387752284077,6.896551724137932,27,29,2,0,27,29,43545,0,0,0,0,0
2020-07-02,US,Michigan,Menominee,16,0,0,45.58038692,-87.55370409,26109.0,70.23705004389814,0.0,16,16,0,0,16,16,22983,0,0,0,0,0
2020-07-02,US,Michigan,Michigan Department of Corrections (MDOC),4114,68,0,0.0,0.0,0.0,0.0,1.6528925619834711,4046,4110,68,0,4042,4107,,4,0,0,4,3
2020-07-02,US,Michigan,Midland,169,9,0,43.64330771,-84.38804374,26111.0,203.23247871470485,5.325443786982248,160,169,9,0,160,166,83209,0,0,0,0,3
2020-07-02,US,Michigan,Missaukee,29,1,0,44.33772443,-85.09256478,26113.0,191.824315385633,3.4482758620689653,28,29,1,0,28,29,15113,0,0,0,0,0
2020-07-02,US,Michigan,Monroe,619,21,0,41.92734151,-83.53749864,26115.0,411.29568106312286,3.392568659127625,598,618,21,0,597,617,150439,1,0,0,1,1
2020-07-02,US,Michigan,Montcalm,96,1,0,43.31082541,-85.15252824,26117.0,150.26296018031556,1.0416666666666667,95,91,1,0,90,88,63968,5,0,0,5,3
2020-07-02,US,Michigan,Montmorency,5,0,0,45.0275929,-84.12696227,26119.0,53.60205831903945,0.0,5,5,0,0,5,5,9265,0,0,0,0,0
2020-07-02,US,Michigan,Muskegon,827,52,0,43.29123859,-86.15176712,26121.0,476.47580747381403,6.2877871825876674,775,821,51,0,770,815,173588,6,1,0,5,6
2020-07-02,US,Michigan,Newaygo,176,0,0,43.554374,-85.80070107,26123.0,359.3303389138424,0.0,176,169,0,0,169,167,48892,7,0,0,7,2
2020-07-02,US,Michigan,Oakland,12108,1091,0,42.66090111,-83.38595416,26125.0,962.7985088868816,9.010571522960024,11017,12051,1091,0,10960,12017,1259201,57,0,0,57,34
2020-07-02,US,Michigan,Oceana,307,3,0,43.64124435,-86.26726673,26127.0,1159.9350134129293,0.977198697068404,304,292,3,0,289,287,26625,15,0,0,15,5
2020-07-02,US,Michigan,Ogemaw,34,2,0,44.33481032,-84.12725175,26129.0,161.92789446111348,5.882352941176472,32,33,2,0,31,33,20952,1,0,0,1,0
2020-07-02,US,Michigan,Osceola,30,0,0,43.98992088,-85.32566756,26133.0,127.8772378516624,0.0,30,29,0,0,29,29,23341,1,0,0,1,0
2020-07-02,US,Michigan,Oscoda,21,1,0,44.68192279,-84.12939244,26135.0,254.82344375682564,4.761904761904762,20,20,1,0,19,18,8276,1,0,0,1,2
2020-07-02,US,Michigan,Otsego,122,10,0,45.02085831,-84.59898295,26137.0,494.5678611966922,8.196721311475411,112,122,10,0,112,122,24665,0,0,0,0,0
2020-07-02,US,Michigan,Ottawa,1064,51,0,42.95996803,-85.9969107,26139.0,364.5958263372512,4.793233082706767,1013,1046,51,0,995,1036,290494,18,0,0,18,10
2020-07-02,US,Michigan,Out of MI,45,0,0,0.0,0.0,80026.0,0.0,0.0,45,38,0,0,38,104,,7,0,0,7,-66
2020-07-02,US,Michigan,Presque Isle,13,0,0,45.34018577,-83.91498656,26141.0,103.24015247776366,0.0,13,13,0,0,13,12,12738,0,0,0,0,1
2020-07-02,US,Michigan,Roscommon,28,0,0,44.33473082,-84.61067651,26143.0,116.57437861692827,0.0,28,28,0,0,28,26,23884,0,0,0,0,2
2020-07-02,US,Michigan,Saginaw,1301,123,0,43.33433923,-84.05131209999998,26145.0,682.799846750534,9.454265949269793,1178,1292,123,0,1169,1286,190800,9,0,0,9,6
2020-07-02,US,Michigan,Sanilac,51,6,0,43.42406072,-82.82055898,26151.0,123.87660918144279,11.764705882352944,45,49,6,0,43,47,41182,2,0,0,2,2
2020-07-02,US,Michigan,Schoolcraft,4,0,0,46.19235734,-86.19972234,26153.0,49.4193229552755,0.0,4,4,0,0,4,4,8068,0,0,0,0,0
2020-07-02,US,Michigan,Shiawassee,276,28,0,42.95392800000001,-84.14585902,26155.0,405.15545638707033,10.144927536231883,248,273,28,0,245,273,68192,3,0,0,3,0
2020-07-02,US,Michigan,St. Clair,572,50,0,42.92655373,-82.67937954,26147.0,359.45905183248703,8.741258741258742,522,561,50,0,511,558,159337,11,0,0,11,3
2020-07-02,US,Michigan,St. Joseph,336,4,0,41.91441767,-85.52797979,26149.0,551.1449379961946,1.1904761904761905,332,327,4,0,323,320,61043,9,0,0,9,7
2020-07-02,US,Michigan,Tuscola,232,26,0,43.46606813,-83.41897025,26157.0,444.0616326921236,11.20689655172414,206,232,26,0,206,232,52516,0,0,0,0,0
2020-07-02,US,Michigan,Unassigned,3,0,0,0.0,0.0,90026.0,0.0,0.0,3,4,0,0,4,3,,-1,0,0,-1,1
2020-07-02,US,Michigan,Van Buren,231,8,0,42.25190229,-86.01939087,26159.0,305.24465821848116,3.463203463203463,223,230,8,0,222,225,75448,1,0,0,1,5
2020-07-02,US,Michigan,Washtenaw,1730,106,0,42.253105,-83.83853204,26161.0,470.61895914320144,6.127167630057802,1624,1712,105,0,1607,1699,370963,18,1,0,17,13
2020-07-02,US,Michigan,Wayne,22991,2728,0,42.28098405,-83.281255,26163.0,1314.2648411432178,11.865512591883778,20263,22855,2722,0,20133,22767,1753893,136,6,0,130,88
2020-07-02,US,Michigan,Wexford,29,4,0,44.33853602,-85.57712739,26165.0,86.22996640004757,13.79310344827586,25,28,4,0,24,25,33466,1,0,0,1,3
2020-07-02,US,Minnesota,Aitkin,14,0,0,46.60962049,-93.4116826,27001.0,88.12791136850056,0.0,14,14,0,0,14,14,15902,0,0,0,0,0
2020-07-02,US,Minnesota,Anoka,2155,107,0,45.27476015,-93.24604565,27003.0,603.7750650704218,4.965197215777263,2048,2124,107,0,2017,2097,353813,31,0,0,31,27
2020-07-02,US,Minnesota,Becker,55,0,0,46.93479392,-95.67158144,27005.0,159.77689335618626,0.0,55,55,0,0,55,54,34371,0,0,0,0,1
2020-07-02,US,Minnesota,Beltrami,29,0,0,47.97373527,-94.93732139,27007.0,61.456302449775364,0.0,29,28,0,0,28,27,46847,1,0,0,1,1
2020-07-02,US,Minnesota,Benton,212,3,0,45.69804958,-93.99514135,27009.0,518.4768519650762,1.4150943396226414,209,208,3,0,205,208,40545,4,0,0,4,0
2020-07-02,US,Minnesota,Big Stone,14,0,0,45.42712824,-96.41403739,27011.0,280.50490883590464,0.0,14,14,0,0,14,14,4989,0,0,0,0,0
2020-07-02,US,Minnesota,Blue Earth,442,2,0,44.03554215,-94.06699781,27013.0,653.3339245857538,0.4524886877828054,440,422,2,0,420,403,67427,20,0,0,20,19
2020-07-02,US,Minnesota,Brown,31,2,0,44.24205652,-94.72562874,27015.0,123.96033269353805,6.451612903225807,29,31,2,0,29,30,25111,0,0,0,0,1
2020-07-02,US,Minnesota,Carlton,83,0,0,46.59180601,-92.67601019,27017.0,231.38468400657916,0.0,83,83,0,0,83,81,35837,0,0,0,0,2
2020-07-02,US,Minnesota,Carver,361,1,0,44.82017001,-93.8009918,27019.0,343.5183511119147,0.2770083102493075,360,348,1,0,347,340,103551,13,0,0,13,8
2020-07-02,US,Minnesota,Cass,14,2,0,46.95043611,-94.32603968,27021.0,47.01299573524968,14.285714285714285,12,12,2,0,10,13,29519,2,0,0,2,-1
2020-07-02,US,Minnesota,Chippewa,76,1,0,45.02343421,-95.56403693,27023.0,644.0677966101696,1.3157894736842106,75,76,1,0,75,75,11924,0,0,0,0,1
2020-07-02,US,Minnesota,Chisago,97,1,0,45.5021011,-92.90861945,27025.0,171.44170098446418,1.0309278350515465,96,95,1,0,94,93,55922,2,0,0,2,2
2020-07-02,US,Minnesota,Clay,580,37,0,46.89289518,-96.48761922,27027.0,903.1173118246084,6.379310344827586,543,576,37,0,539,563,63955,4,0,0,4,13
2020-07-02,US,Minnesota,Clearwater,7,0,0,47.57992111,-95.37790562,27029.0,79.38308006350647,0.0,7,7,0,0,7,7,8810,0,0,0,0,0
2020-07-02,US,Minnesota,Cook,1,0,0,47.90504893,-90.52629546,27031.0,18.304960644334614,0.0,1,1,0,0,1,1,5393,0,0,0,0,0
2020-07-02,US,Minnesota,Cottonwood,134,0,0,44.00715262,-95.18138802,27033.0,1196.8560200071456,0.0,134,134,0,0,134,133,11277,0,0,0,0,1
2020-07-02,US,Minnesota,Crow Wing,104,12,0,46.48096553,-94.06755609,27035.0,159.86472984397818,11.538461538461537,92,102,12,0,90,102,64889,2,0,0,2,0
2020-07-02,US,Minnesota,Dakota,2248,90,0,44.67172617,-93.06299363,27037.0,523.983674458826,4.00355871886121,2158,2218,89,0,2129,2180,425423,30,1,0,29,38
2020-07-02,US,Minnesota,Dodge,83,0,0,44.02238415,-92.86244324,27039.0,396.4841884016433,0.0,83,81,0,0,81,81,20822,2,0,0,2,0
2020-07-02,US,Minnesota,Douglas,61,0,0,45.93348491,-95.45335469,27041.0,159.93288062714663,0.0,61,61,0,0,61,61,37964,0,0,0,0,0
2020-07-02,US,Minnesota,Faribault,54,0,0,43.67381499,-93.94787458,27043.0,395.5174686882004,0.0,54,53,0,0,53,53,13758,1,0,0,1,0
2020-07-02,US,Minnesota,Fillmore,27,0,0,43.67394126,-92.08980382,27045.0,128.16252907390705,0.0,27,27,0,0,27,25,21058,0,0,0,0,2
2020-07-02,US,Minnesota,Freeborn,289,0,0,43.67385583,-93.34884422,27047.0,954.3938443248244,0.0,289,286,0,0,286,281,30444,3,0,0,3,5
2020-07-02,US,Minnesota,Goodhue,127,8,0,44.40849741,-92.7234195,27049.0,274.0612861458783,6.299212598425197,119,124,8,0,116,119,46403,3,0,0,3,5
2020-07-02,US,Minnesota,Grant,10,0,0,45.93424769,-96.01139609,27051.0,167.44809109176154,0.0,10,8,0,0,8,6,6021,2,0,0,2,2
2020-07-02,US,Minnesota,Hennepin,12048,782,0,45.00761521,-93.47694895,27053.0,951.776800124502,6.49070385126162,11266,11892,776,0,11116,11796,1259428,156,6,0,150,96
2020-07-02,US,Minnesota,Houston,25,0,0,43.67129565,-91.49143057,27055.0,134.40860215053763,0.0,25,24,0,0,24,24,18578,1,0,0,1,0
2020-07-02,US,Minnesota,Hubbard,5,0,0,47.10778564,-94.91693868,27057.0,23.26555302219533,0.0,5,5,0,0,5,5,21332,0,0,0,0,0
2020-07-02,US,Minnesota,Isanti,65,0,0,45.56181234,-93.29487636,27059.0,160.11429697507143,0.0,65,64,0,0,64,61,39966,1,0,0,1,3
2020-07-02,US,Minnesota,Itasca,64,12,0,47.51009045,-93.63092229,27061.0,141.81254154664302,18.75,52,65,12,0,53,65,45108,-1,0,0,-1,0
2020-07-02,US,Minnesota,Jackson,55,0,0,43.67423373,-95.15398258,27063.0,558.6024781637213,0.0,55,54,0,0,54,54,9911,1,0,0,1,0
2020-07-02,US,Minnesota,Kanabec,14,1,0,45.9459309,-93.29275192,27065.0,85.69504805043766,7.142857142857142,13,14,1,0,13,14,16207,0,0,0,0,0
2020-07-02,US,Minnesota,Kandiyohi,566,1,0,45.1526059,-95.00586446,27067.0,1310.215514248015,0.176678445229682,565,565,1,0,564,565,42855,1,0,0,1,0
2020-07-02,US,Minnesota,Kittson,2,0,0,48.77754106,-96.78317184,27069.0,46.533271288971605,0.0,2,2,0,0,2,2,4248,0,0,0,0,0
2020-07-02,US,Minnesota,Koochiching,14,1,0,48.24539665,-93.78352843,27071.0,114.48196908986831,7.142857142857142,13,14,1,0,13,13,12440,0,0,0,0,1
2020-07-02,US,Minnesota,Lac qui Parle,4,0,0,44.9973857,-96.17488219,27073.0,60.3955911218481,0.0,4,4,0,0,4,4,6658,0,0,0,0,0
2020-07-02,US,Minnesota,Lake,6,0,0,47.64270764,-91.44557998,27075.0,56.385678037778405,0.0,6,6,0,0,6,7,10658,0,0,0,0,-1
2020-07-02,US,Minnesota,Le Sueur,91,1,0,44.37136597,-93.72844721,27079.0,315.0205975006058,1.0989010989010992,90,86,1,0,85,82,28494,5,0,0,5,4
2020-07-02,US,Minnesota,Lincoln,10,0,0,44.41311883,-96.26688165,27081.0,177.33640716439086,0.0,10,9,0,0,9,8,5673,1,0,0,1,1
2020-07-02,US,Minnesota,Lyon,305,2,0,44.41327865,-95.83806103,27083.0,1197.2992070346236,0.6557377049180327,303,300,2,0,298,295,25629,5,0,0,5,5
2020-07-02,US,Minnesota,Mahnomen,7,1,0,47.32557075,-95.80921485,27087.0,126.65098606839152,14.285714285714285,6,7,1,0,6,7,5519,0,0,0,0,0
2020-07-02,US,Minnesota,Marshall,12,0,0,48.35825983,-96.37017407,27089.0,128.53470437017995,0.0,12,12,0,0,12,12,9390,0,0,0,0,0
2020-07-02,US,Minnesota,Martin,161,5,0,43.67429718,-94.55099908,27091.0,817.9647411471827,3.1055900621118013,156,161,5,0,156,156,19785,0,0,0,0,5
2020-07-02,US,Minnesota,McLeod,85,0,0,44.82367677,-94.27287017,27085.0,236.8149778508344,0.0,85,85,0,0,85,81,35873,0,0,0,0,4
2020-07-02,US,Minnesota,Meeker,59,1,0,45.12328869,-94.52839455,27093.0,254.06941693221944,1.6949152542372878,58,58,1,0,57,58,23141,1,0,0,1,0
2020-07-02,US,Minnesota,Mille Lacs,34,2,0,45.93705297,-93.63236823,27095.0,129.39072192411615,5.882352941176472,32,34,2,0,32,32,26139,0,0,0,0,2
2020-07-02,US,Minnesota,Morrison,59,1,0,46.01265363,-94.27341528,27097.0,176.7207811657581,1.6949152542372878,58,57,1,0,56,58,33169,2,0,0,2,-1
2020-07-02,US,Minnesota,Mower,932,2,0,43.67142874,-92.75234549,27099.0,2326.394089161799,0.2145922746781116,930,928,2,0,926,921,40011,4,0,0,4,7
2020-07-02,US,Minnesota,Murray,54,0,0,44.02216709,-95.76328482,27101.0,659.0187942396876,0.0,54,51,0,0,51,51,8276,3,0,0,3,0
2020-07-02,US,Minnesota,Nicollet,155,12,0,44.35291112,-94.24710352,27103.0,452.23784793137656,7.741935483870968,143,149,12,0,137,144,34220,6,0,0,6,5
2020-07-02,US,Minnesota,Nobles,1661,6,0,43.67434621,-95.75329576,27105.0,7679.504369134033,0.3612281757977122,1655,1655,6,0,1649,1652,21924,6,0,0,6,3
2020-07-02,US,Minnesota,Norman,20,0,0,47.32628443,-96.45620947,27107.0,313.72549019607845,0.0,20,20,0,0,20,20,6475,0,0,0,0,0
2020-07-02,US,Minnesota,Olmsted,1076,15,0,44.00374114,-92.40209944,27109.0,679.7521052731328,1.3940520446096654,1061,1058,15,0,1043,1047,156277,18,0,0,18,11
2020-07-02,US,Minnesota,Otter Tail,92,1,0,46.40846929,-95.70835255,27111.0,156.60640724474857,1.0869565217391304,91,92,1,0,91,92,58812,0,0,0,0,0
2020-07-02,US,Minnesota,Pennington,51,0,0,48.06642577,-96.0370814,27113.0,361.2153835257455,0.0,51,51,0,0,51,50,14178,0,0,0,0,1
2020-07-02,US,Minnesota,Pine,103,0,0,46.12105238,-92.74070188,27115.0,348.2200209608168,0.0,103,103,0,0,103,100,29483,0,0,0,0,3
2020-07-02,US,Minnesota,Pipestone,31,1,0,44.02301619,-96.25841142,27117.0,339.6888012272628,3.2258064516129035,30,26,1,0,25,25,9047,5,0,0,5,1
2020-07-02,US,Minnesota,Polk,81,2,0,47.77372465,-96.40134647,27119.0,258.2578752710114,2.469135802469136,79,81,2,0,79,79,31529,0,0,0,0,2
2020-07-02,US,Minnesota,Pope,10,0,0,45.58606667,-95.44451209,27121.0,88.89679082585121,0.0,10,10,0,0,10,10,11097,0,0,0,0,0
2020-07-02,US,Minnesota,Ramsey,4777,222,0,45.01625271,-93.09872295,27123.0,868.0388355159987,4.647268159933011,4555,4724,218,0,4506,4685,550210,53,4,0,49,39
2020-07-02,US,Minnesota,Red Lake,3,0,0,47.87197525,-96.09561104,27125.0,73.98273736128236,0.0,3,3,0,0,3,3,3999,0,0,0,0,0
2020-07-02,US,Minnesota,Redwood,17,0,0,44.40555844,-95.25207021,27127.0,112.06328279499012,0.0,17,17,0,0,17,16,15249,0,0,0,0,1
2020-07-02,US,Minnesota,Renville,28,2,0,44.72836381,-94.94553734,27129.0,192.46631839428105,7.142857142857142,26,28,2,0,26,24,14612,0,0,0,0,4
2020-07-02,US,Minnesota,Rice,827,7,0,44.3543376,-93.29658715,27131.0,1234.8444125903366,0.8464328899637243,820,824,7,0,817,809,66523,3,0,0,3,15
2020-07-02,US,Minnesota,Rock,29,0,0,43.67482683,-96.25296832,27133.0,311.3258185721954,0.0,29,29,0,0,29,30,9414,0,0,0,0,-1
2020-07-02,US,Minnesota,Roseau,10,0,0,48.77501878,-95.81079919,27135.0,65.94131223211342,0.0,10,9,0,0,9,6,15150,1,0,0,1,3
2020-07-02,US,Minnesota,Scott,684,4,0,44.6490231,-93.53340251,27139.0,459.02035392885176,0.5847953216374269,680,671,4,0,667,658,147381,13,0,0,13,13
2020-07-02,US,Minnesota,Sherburne,303,5,0,45.44447208,-93.77617511,27141.0,311.60657356177626,1.6501650165016502,298,297,4,0,293,295,96036,6,1,0,5,2
2020-07-02,US,Minnesota,Sibley,53,2,0,44.5796592,-94.23164924,27143.0,356.5422132526068,3.7735849056603774,51,48,2,0,46,48,15028,5,0,0,5,0
2020-07-02,US,Minnesota,St. Louis,174,15,0,47.6048407,-92.46879855,27137.0,87.40643994574772,8.620689655172415,159,169,15,0,154,161,199754,5,0,0,5,8
2020-07-02,US,Minnesota,Stearns,2312,19,0,45.55192576,-94.61078221,27145.0,1435.3562005277045,0.8217993079584776,2293,2287,19,0,2268,2265,159256,25,0,0,25,22
2020-07-02,US,Minnesota,Steele,223,1,0,44.02240351,-93.22627088,27147.0,608.4749924963846,0.4484304932735426,222,219,0,0,219,215,36803,4,1,0,3,4
2020-07-02,US,Minnesota,Stevens,4,0,0,45.58613007,-96.00163705,27149.0,40.7955124936257,0.0,4,4,0,0,4,4,9753,0,0,0,0,0
2020-07-02,US,Minnesota,Swift,21,1,0,45.2829032,-95.68264092,27151.0,226.635009712929,4.761904761904762,20,20,1,0,19,20,9345,1,0,0,1,0
2020-07-02,US,Minnesota,Todd,400,2,0,46.06996226,-94.89785296,27153.0,1621.7969510217322,0.5,398,400,2,0,398,398,24582,0,0,0,0,2
2020-07-02,US,Minnesota,Traverse,5,0,0,45.77298854,-96.47062949,27155.0,153.42129487572873,0.0,5,5,0,0,5,5,3308,0,0,0,0,0
2020-07-02,US,Minnesota,Unassigned,82,37,0,0.0,0.0,90027.0,0.0,45.121951219512205,45,81,37,0,44,83,,1,0,0,1,-2
2020-07-02,US,Minnesota,Wabasha,31,0,0,44.28424356,-92.23121312,27157.0,143.3393443380959,0.0,31,31,0,0,31,31,21645,0,0,0,0,0
2020-07-02,US,Minnesota,Wadena,15,0,0,46.58589171,-94.96968506,27159.0,109.63309457681623,0.0,15,15,0,0,15,15,13773,0,0,0,0,0
2020-07-02,US,Minnesota,Waseca,62,0,0,44.02211116,-93.58720034,27161.0,333.1184182248012,0.0,62,58,0,0,58,57,18691,4,0,0,4,1
2020-07-02,US,Minnesota,Washington,1048,40,0,45.03864533,-92.88429635,27163.0,399.3293705227862,3.816793893129771,1008,1025,40,0,985,1008,259201,23,0,0,23,17
2020-07-02,US,Minnesota,Watonwan,215,0,0,43.97823903,-94.61413846,27165.0,1973.0200972744794,0.0,215,206,0,0,206,203,10980,9,0,0,9,3
2020-07-02,US,Minnesota,Wilkin,20,3,0,46.35721532,-96.4684375,27167.0,322.2168519413565,15.0,17,20,3,0,17,20,6254,0,0,0,0,0
2020-07-02,US,Minnesota,Winona,120,15,0,43.98772283,-91.78081305,27169.0,237.69907297361544,12.5,105,119,15,0,104,119,50825,1,0,0,1,0
2020-07-02,US,Minnesota,Wright,453,5,0,45.17297924,-93.96234781,27171.0,327.36654212766575,1.1037527593818983,448,448,5,0,443,445,136349,5,0,0,5,3
2020-07-02,US,Minnesota,Yellow Medicine,29,0,0,44.71710183,-95.86842453,27173.0,298.6919353177464,0.0,29,29,0,0,29,29,9795,0,0,0,0,0
2020-07-02,US,Mississippi,Adams,280,18,0,31.47669768,-91.35326037,28001.0,912.2601244583457,6.428571428571429,262,267,18,0,249,263,31192,13,0,0,13,4
2020-07-02,US,Mississippi,Alcorn,60,1,0,34.88084463,-88.57996173,28003.0,162.36841393120991,1.6666666666666667,59,56,1,0,55,55,36925,4,0,0,4,1
2020-07-02,US,Mississippi,Amite,84,2,0,31.17467303,-90.80501621,28005.0,683.0934374237619,2.380952380952381,82,82,2,0,80,81,12326,2,0,0,2,1
2020-07-02,US,Mississippi,Attala,355,23,0,33.08658803,-89.57838564,28007.0,1953.3399361725546,6.478873239436621,332,352,23,0,329,350,18365,3,0,0,3,2
2020-07-02,US,Mississippi,Benton,27,0,0,34.81681228,-89.18945516,28009.0,326.91609153650563,0.0,27,27,0,0,27,27,8271,0,0,0,0,0
2020-07-02,US,Mississippi,Bolivar,298,13,0,33.79696941,-90.87372121,28011.0,972.9659135431633,4.362416107382551,285,277,13,0,264,261,31333,21,0,0,21,16
2020-07-02,US,Mississippi,Calhoun,124,4,0,33.93683395,-89.33686647,28013.0,863.449620499965,3.2258064516129035,120,124,4,0,120,119,14436,0,0,0,0,5
2020-07-02,US,Mississippi,Carroll,161,11,0,33.44834567,-89.91994479,28015.0,1618.5784658691064,6.832298136645963,150,160,11,0,149,157,9911,1,0,0,1,3
2020-07-02,US,Mississippi,Chickasaw,264,18,0,33.91983202,-88.9481545,28017.0,1543.588844062445,6.8181818181818175,246,259,18,0,241,254,17171,5,0,0,5,5
2020-07-02,US,Mississippi,Choctaw,72,4,0,33.34598242,-89.24809382,28019.0,876.979293544458,5.5555555555555545,68,71,4,0,67,71,8278,1,0,0,1,0
2020-07-02,US,Mississippi,Claiborne,239,10,0,31.97061673,-90.90702196,28021.0,2659.101023587005,4.184100418410042,229,236,10,0,226,228,9002,3,0,0,3,8
2020-07-02,US,Mississippi,Clarke,204,24,0,32.04158545,-88.68896219999998,28023.0,1312.656843188984,11.764705882352944,180,201,24,0,177,198,15604,3,0,0,3,3
2020-07-02,US,Mississippi,Clay,244,10,0,33.65358105,-88.77784255,28025.0,1263.2014909919235,4.0983606557377055,234,242,10,0,232,240,19386,2,0,0,2,2
2020-07-02,US,Mississippi,Coahoma,190,6,0,34.22772299,-90.60415045,28027.0,858.7958777797867,3.1578947368421053,184,186,6,0,180,183,22628,4,0,0,4,3
2020-07-02,US,Mississippi,Copiah,580,16,0,31.86977774,-90.44565118,28029.0,2066.631035097096,2.7586206896551726,564,566,15,0,551,562,28543,14,1,0,13,4
2020-07-02,US,Mississippi,Covington,317,5,0,31.63225413,-89.55389939,28031.0,1701.0088001717106,1.5772870662460567,312,302,5,0,297,290,18853,15,0,0,15,12
2020-07-02,US,Mississippi,DeSoto,1442,16,0,34.87625235,-89.99091418,28033.0,779.6912595636542,1.1095700416088763,1426,1373,16,0,1357,1311,182001,69,0,0,69,62
2020-07-02,US,Mississippi,Forrest,829,42,0,31.18961454,-89.25832496,28035.0,1106.853412019173,5.066344993968637,787,814,42,0,772,798,75036,15,0,0,15,16
2020-07-02,US,Mississippi,Franklin,39,2,0,31.47786634,-90.89672989,28037.0,505.6398288603656,5.128205128205129,37,38,2,0,36,38,7788,1,0,0,1,0
2020-07-02,US,Mississippi,George,75,3,0,30.86259065,-88.64436789,28039.0,306.1224489795918,4.0,72,74,3,0,71,73,24250,1,0,0,1,1
2020-07-02,US,Mississippi,Greene,96,8,0,31.21444233,-88.63922281,28041.0,706.609745326071,8.333333333333334,88,92,7,0,85,91,13586,4,1,0,3,1
2020-07-02,US,Mississippi,Grenada,396,5,0,33.77036166,-89.80245083,28043.0,1907.6982368243566,1.2626262626262623,391,380,5,0,375,367,21055,16,0,0,16,13
2020-07-02,US,Mississippi,Hancock,123,13,0,30.41830223,-89.48851033,28045.0,258.2297615048707,10.56910569105691,110,120,13,0,107,120,47334,3,0,0,3,0
2020-07-02,US,Mississippi,Harrison,794,10,0,30.51359752,-89.12467576,28047.0,381.5840061514802,1.2594458438287153,784,744,8,0,736,719,206650,50,2,0,48,25
2020-07-02,US,Mississippi,Hinds,2247,39,0,32.2656285,-90.44435448,28049.0,969.2028985507246,1.7356475300400531,2208,2152,39,0,2113,2111,237085,95,0,0,95,41
2020-07-02,US,Mississippi,Holmes,536,41,0,33.12345854,-90.08923538,28051.0,3151.08759553204,7.649253731343284,495,527,41,0,486,520,17622,9,0,0,9,7
2020-07-02,US,Mississippi,Humphreys,130,9,0,33.12825718,-90.52252707,28053.0,1612.1031746031747,6.9230769230769225,121,123,9,0,114,120,8257,7,0,0,7,3
2020-07-02,US,Mississippi,Issaquena,8,1,0,32.72531359,-90.97392828,28055.0,602.8636021100226,12.5,7,7,1,0,6,6,1308,1,0,0,1,1
2020-07-02,US,Mississippi,Itawamba,130,8,0,34.27993475,-88.3606733,28057.0,555.7930739632321,6.153846153846153,122,127,8,0,119,122,23517,3,0,0,3,5
2020-07-02,US,Mississippi,Jackson,557,16,0,30.54020656,-88.64184064,28059.0,387.83709449438436,2.8725314183123882,541,533,16,0,517,505,143277,24,0,0,24,28
2020-07-02,US,Mississippi,Jasper,251,6,0,32.01922104,-89.11786866,28061.0,1532.075932368919,2.3904382470119523,245,250,6,0,244,245,16428,1,0,0,1,5
2020-07-02,US,Mississippi,Jefferson,96,3,0,31.73397872,-91.03764977,28063.0,1373.3905579399138,3.125,93,92,3,0,89,84,7106,4,0,0,4,8
2020-07-02,US,Mississippi,Jefferson Davis,107,4,0,31.56884708,-89.82670990000004,28065.0,961.5384615384617,3.7383177570093458,103,106,4,0,102,103,11234,1,0,0,1,3
2020-07-02,US,Mississippi,Jones,1091,49,0,31.62257767,-89.16896899999998,28067.0,1602.1028517724453,4.491292392300641,1042,1069,49,0,1020,1061,68461,22,0,0,22,8
2020-07-02,US,Mississippi,Kemper,176,14,0,32.75462946,-88.64105766,28069.0,1806.6105522479984,7.954545454545454,162,176,14,0,162,174,10027,0,0,0,0,2
2020-07-02,US,Mississippi,Lafayette,368,4,0,34.35687874,-89.48490961,28071.0,681.2417852977655,1.0869565217391304,364,352,4,0,348,339,54793,16,0,0,16,13
2020-07-02,US,Mississippi,Lamar,431,7,0,31.20572971,-89.5077704,28073.0,680.4224618347725,1.6241299303944317,424,419,7,0,412,407,62447,12,0,0,12,12
2020-07-02,US,Mississippi,Lauderdale,894,79,0,32.40419769,-88.66229662,28075.0,1206.0708263069141,8.83668903803132,815,882,78,0,804,879,75317,12,1,0,11,3
2020-07-02,US,Mississippi,Lawrence,162,1,0,31.55147224,-90.10841127,28077.0,1287.1444462100744,0.6172839506172839,161,159,1,0,158,154,12455,3,0,0,3,5
2020-07-02,US,Mississippi,Leake,565,19,0,32.7536828,-89.52402044,28079.0,2479.5927323795318,3.3628318584070795,546,548,19,0,529,547,22763,17,0,0,17,1
2020-07-02,US,Mississippi,Lee,518,16,0,34.291877500000005,-88.68149954,28081.0,606.3017931551102,3.088803088803089,502,493,16,0,477,477,85202,25,0,0,25,16
2020-07-02,US,Mississippi,Leflore,474,49,0,33.55545125,-90.29900733,28083.0,1681.864954050314,10.337552742616033,425,472,49,0,423,469,28919,2,0,0,2,3
2020-07-02,US,Mississippi,Lincoln,437,34,0,31.53288662,-90.45391915,28085.0,1279.5362047257927,7.780320366132723,403,435,34,0,401,434,34205,2,0,0,2,1
2020-07-02,US,Mississippi,Lowndes,459,12,0,33.47386518,-88.44191529999998,28087.0,783.3432886765082,2.6143790849673203,447,453,11,0,442,444,58930,6,1,0,5,9
2020-07-02,US,Mississippi,Madison,1242,34,0,32.63389156,-90.03513564,28089.0,1168.69918699187,2.7375201288244773,1208,1222,34,0,1188,1206,105630,20,0,0,20,16
2020-07-02,US,Mississippi,Marion,263,11,0,31.23132643,-89.8209217,28091.0,1070.2803890448868,4.182509505703422,252,248,11,0,237,240,24715,15,0,0,15,8
2020-07-02,US,Mississippi,Marshall,212,3,0,34.76216286,-89.50299462,28093.0,600.668668895563,1.4150943396226414,209,201,3,0,198,196,35451,11,0,0,11,5
2020-07-02,US,Mississippi,Monroe,375,29,0,33.89236763,-88.4808438,28095.0,1063.7694315216158,7.7333333333333325,346,367,29,0,338,355,35564,8,0,0,8,12
2020-07-02,US,Mississippi,Montgomery,124,2,0,33.49419589,-89.61729103,28097.0,1268.542199488491,1.6129032258064515,122,122,2,0,120,116,10023,2,0,0,2,6
2020-07-02,US,Mississippi,Neshoba,970,70,0,32.75339664,-89.11726492,28099.0,3331.272752249468,7.216494845360825,900,960,69,0,891,952,29125,10,1,0,9,8
2020-07-02,US,Mississippi,Newton,332,9,0,32.40021118,-89.11843336,28101.0,1579.598439432867,2.710843373493976,323,328,9,0,319,328,21443,4,0,0,4,0
2020-07-02,US,Mississippi,Noxubee,247,8,0,33.11009499,-88.56949061,28103.0,2371.124124028031,3.238866396761133,239,245,8,0,237,245,10535,2,0,0,2,0
2020-07-02,US,Mississippi,Oktibbeha,516,25,0,33.42491685,-88.87905132,28105.0,1040.595317321072,4.844961240310077,491,486,24,0,462,483,49599,30,1,0,29,3
2020-07-02,US,Mississippi,Panola,295,6,0,34.36398677,-89.95064249,28107.0,862.7749181094993,2.0338983050847457,289,270,6,0,264,254,34178,25,0,0,25,16
2020-07-02,US,Mississippi,Pearl River,245,32,0,30.77090935,-89.58677275,28109.0,441.1632303952462,13.06122448979592,213,244,32,0,212,239,55387,1,0,0,1,5
2020-07-02,US,Mississippi,Perry,63,4,0,31.17161885,-88.99281835,28111.0,526.1839138060636,6.349206349206349,59,61,4,0,57,59,11931,2,0,0,2,2
2020-07-02,US,Mississippi,Pike,393,12,0,31.17507789,-90.40392572,28113.0,1000.3054367745875,3.053435114503817,381,367,12,0,355,356,39563,26,0,0,26,11
2020-07-02,US,Mississippi,Pontotoc,261,6,0,34.226046000000004,-89.03636807,28115.0,811.2140237458818,2.2988505747126435,255,247,6,0,241,231,31833,14,0,0,14,16
2020-07-02,US,Mississippi,Prentiss,100,3,0,34.61810501,-88.51986294,28117.0,397.9941096871766,3.0,97,98,3,0,95,97,25315,2,0,0,2,1
2020-07-02,US,Mississippi,Quitman,69,0,0,34.25157572,-90.28908,28119.0,1015.9010600706714,0.0,69,68,0,0,68,67,7051,1,0,0,1,1
2020-07-02,US,Mississippi,Rankin,860,12,0,32.26469147,-89.94537876,28121.0,553.8703299392673,1.3953488372093024,848,841,12,0,829,816,153902,19,0,0,19,25
2020-07-02,US,Mississippi,Scott,757,15,0,32.406704100000006,-89.53789439,28123.0,2691.6512587114207,1.9815059445178336,742,750,15,0,735,742,28287,7,0,0,7,8
2020-07-02,US,Mississippi,Sharkey,27,0,0,32.88149103,-90.81595379999999,28125.0,624.8553575561212,0.0,27,24,0,0,24,24,4377,3,0,0,3,0
2020-07-02,US,Mississippi,Simpson,271,3,0,31.91282117,-89.91716179,28127.0,1016.5803886263036,1.1070110701107012,268,230,3,0,227,218,26758,41,0,0,41,12
2020-07-02,US,Mississippi,Smith,211,11,0,32.01744532,-89.50644846,28129.0,1325.7099773812515,5.213270142180095,200,206,11,0,195,204,16002,5,0,0,5,2
2020-07-02,US,Mississippi,Stone,54,1,0,30.79187949,-89.11547539,28131.0,294.5026178010471,1.851851851851852,53,52,1,0,51,51,18717,2,0,0,2,1
2020-07-02,US,Mississippi,Sunflower,321,6,0,33.60192578,-90.58882684,28133.0,1278.3751493428913,1.8691588785046729,315,306,6,0,300,280,25735,15,0,0,15,26
2020-07-02,US,Mississippi,Tallahatchie,115,3,0,33.95339918,-90.1729398,28135.0,832.7902092838002,2.608695652173913,112,104,3,0,101,94,13987,11,0,0,11,10
2020-07-02,US,Mississippi,Tate,264,8,0,34.65133709,-89.94485778,28137.0,932.1704742064193,3.0303030303030303,256,257,7,0,250,245,28759,7,1,0,6,12
2020-07-02,US,Mississippi,Tippah,127,11,0,34.76872156,-88.90988194,28139.0,576.8794004088122,8.661417322834646,116,123,11,0,112,121,21995,4,0,0,4,2
2020-07-02,US,Mississippi,Tishomingo,73,1,0,34.74023475,-88.23917219,28141.0,376.6186864778413,1.3698630136986298,72,68,1,0,67,65,19454,5,0,0,5,3
2020-07-02,US,Mississippi,Tunica,90,3,0,34.64967704,-90.37481167,28143.0,934.3853820598007,3.333333333333333,87,89,3,0,86,89,9944,1,0,0,1,0
2020-07-02,US,Mississippi,Union,181,9,0,34.49162015,-89.00776006,28145.0,628.1450633350686,4.972375690607736,172,175,9,0,166,172,28606,6,0,0,6,3
2020-07-02,US,Mississippi,Walthall,179,4,0,31.14971548,-90.10446654,28147.0,1252.97494050119,2.23463687150838,175,172,4,0,168,169,14465,7,0,0,7,3
2020-07-02,US,Mississippi,Warren,463,17,0,32.35810271,-90.83352619,28149.0,1020.2507657389656,3.6717062634989204,446,443,17,0,426,425,46176,20,0,0,20,18
2020-07-02,US,Mississippi,Washington,512,9,0,33.28392041,-90.94196237,28151.0,1166.0479628322212,1.7578125,503,496,9,0,487,465,45063,16,0,0,16,31
2020-07-02,US,Mississippi,Wayne,522,12,0,31.64135687,-88.69573913,28153.0,2586.3350344349205,2.2988505747126435,510,521,12,0,509,515,20298,1,0,0,1,6
2020-07-02,US,Mississippi,Webster,126,10,0,33.61300486,-89.28392912,28155.0,1300.4438022499742,7.936507936507938,116,123,10,0,113,123,9788,3,0,0,3,0
2020-07-02,US,Mississippi,Wilkinson,92,9,0,31.16078225,-91.31018819,28157.0,1066.0486674391657,9.782608695652174,83,91,9,0,82,89,8792,1,0,0,1,2
2020-07-02,US,Mississippi,Winston,244,6,0,33.08747908,-89.03391385,28159.0,1358.9529379003066,2.459016393442623,238,243,5,0,238,240,18165,1,1,0,0,3
2020-07-02,US,Mississippi,Yalobusha,166,7,0,34.02824175,-89.70762049999998,28161.0,1370.9943838784275,4.216867469879518,159,161,7,0,154,152,12392,5,0,0,5,9
2020-07-02,US,Mississippi,Yazoo,478,6,0,32.77890365,-90.39656148,28163.0,1609.96968676322,1.2552301255230125,472,473,6,0,467,467,28248,5,0,0,5,6
2020-07-02,US,Missouri,Adair,91,0,0,40.19058551,-92.60078167,29001.0,359.0735114232727,0.0,91,90,0,0,90,90,25339,1,0,0,1,0
2020-07-02,US,Missouri,Andrew,54,0,0,39.98492163,-94.80163024,29003.0,304.8780487804878,0.0,54,49,0,0,49,49,17607,5,0,0,5,0
2020-07-02,US,Missouri,Atchison,4,0,0,40.43238737,-95.42970639,29005.0,77.77561734396267,0.0,4,3,0,0,3,3,5171,1,0,0,1,0
2020-07-02,US,Missouri,Audrain,139,1,0,39.215877,-91.84242683,29007.0,547.5027572081299,0.7194244604316546,138,138,1,0,137,138,25473,1,0,0,1,0
2020-07-02,US,Missouri,Barry,66,0,0,36.70978521,-93.82919888,29009.0,184.41420548213142,0.0,66,43,0,0,43,43,35886,23,0,0,23,0
2020-07-02,US,Missouri,Barton,26,0,0,37.50207671,-94.34757022,29011.0,221.20129317679093,0.0,26,21,0,0,21,21,11798,5,0,0,5,0
2020-07-02,US,Missouri,Bates,12,1,0,38.25271289,-94.34113157,29013.0,74.20232500618353,8.333333333333334,11,12,1,0,11,12,16320,0,0,0,0,0
2020-07-02,US,Missouri,Benton,17,0,0,38.29503305,-93.28756116,29015.0,87.43506660494779,0.0,17,17,0,0,17,17,19278,0,0,0,0,0
2020-07-02,US,Missouri,Bollinger,12,0,0,37.32449052,-90.02725304,29017.0,98.90381603890215,0.0,12,12,0,0,12,12,12169,0,0,0,0,0
2020-07-02,US,Missouri,Boone,372,2,0,38.99186229,-92.30723575,29019.0,206.1364379401872,0.5376344086021505,370,313,2,0,311,313,180005,59,0,0,59,0
2020-07-02,US,Missouri,Buchanan,880,3,0,39.65816401,-94.80138942,29021.0,1007.2798864520855,0.3409090909090909,877,838,3,0,835,838,88571,42,0,0,42,0
2020-07-02,US,Missouri,Butler,108,0,0,36.71462476,-90.40421163,29023.0,254.2492584396629,0.0,108,75,0,0,75,75,42639,33,0,0,33,0
2020-07-02,US,Missouri,Caldwell,11,0,0,39.65620858,-93.98308093,29025.0,121.95121951219512,0.0,11,9,0,0,9,9,9108,2,0,0,2,0
2020-07-02,US,Missouri,Callaway,51,1,0,38.83674754,-91.92186505,29027.0,113.98431039492209,1.96078431372549,50,44,1,0,43,44,44889,7,0,0,7,0
2020-07-02,US,Missouri,Camden,67,1,0,38.02199522,-92.76083747,29029.0,144.69279775402225,1.492537313432836,66,60,1,0,59,60,45815,7,0,0,7,0
2020-07-02,US,Missouri,Cape Girardeau,182,3,0,37.38489388,-89.6843587,29031.0,230.75655183781112,1.6483516483516485,179,141,3,0,138,141,78753,41,0,0,41,0
2020-07-02,US,Missouri,Carroll,12,0,0,39.42762566,-93.50626255,29033.0,138.264777048047,0.0,12,11,0,0,11,11,8743,1,0,0,1,0
2020-07-02,US,Missouri,Carter,6,1,0,36.94160441,-90.96051322,29035.0,100.30090270812435,16.666666666666668,5,6,1,0,5,6,6054,0,0,0,0,0
2020-07-02,US,Missouri,Cass,141,8,0,38.64789422,-94.353399,29037.0,133.29551900170165,5.673758865248227,133,125,8,0,117,125,104954,16,0,0,16,0
2020-07-02,US,Missouri,Cedar,9,0,0,37.72391475,-93.85445441,29039.0,62.722140915743246,0.0,9,9,0,0,9,9,14165,0,0,0,0,0
2020-07-02,US,Missouri,Chariton,6,0,0,39.51499357,-92.9629191,29041.0,80.79719903043363,0.0,6,6,0,0,6,6,7451,0,0,0,0,0
2020-07-02,US,Missouri,Christian,46,1,0,36.9711783,-93.18537118,29043.0,51.92166600823975,2.1739130434782608,45,40,0,0,40,40,86983,6,1,0,5,0
2020-07-02,US,Missouri,Clark,2,0,0,40.41040752,-91.73661677,29045.0,29.424746211563924,0.0,2,2,0,0,2,2,6842,0,0,0,0,0
2020-07-02,US,Missouri,Clay,472,11,0,39.31132056,-94.41850862,29047.0,188.8392785699425,2.3305084745762707,461,414,10,0,404,414,246365,58,1,0,57,0
2020-07-02,US,Missouri,Clinton,26,0,0,39.6013098,-94.40465394,29049.0,127.53225094422916,0.0,26,23,0,0,23,23,20470,3,0,0,3,0
2020-07-02,US,Missouri,Cole,79,2,0,38.50455671,-92.27860244,29051.0,102.93830216952244,2.5316455696202533,77,72,2,0,70,72,76796,7,0,0,7,0
2020-07-02,US,Missouri,Cooper,16,0,0,38.844478,-92.80896081,29053.0,90.34953978203173,0.0,16,14,0,0,14,14,17603,2,0,0,2,0
2020-07-02,US,Missouri,Crawford,13,0,0,37.97663738,-91.30528104,29055.0,54.34782608695652,0.0,13,11,0,0,11,11,23957,2,0,0,2,0
2020-07-02,US,Missouri,Dade,1,0,0,37.431814,-93.8503345,29057.0,13.225763787858751,0.0,1,1,0,0,1,1,7569,0,0,0,0,0
2020-07-02,US,Missouri,Dallas,14,1,0,37.681135499999996,-93.02127031,29059.0,82.94821661334281,7.142857142857142,13,12,1,0,11,12,16762,2,0,0,2,0
2020-07-02,US,Missouri,Daviess,9,0,0,39.96145298,-93.98519678,29061.0,108.7219135056777,0.0,9,8,0,0,8,8,8313,1,0,0,1,0
2020-07-02,US,Missouri,DeKalb,13,0,0,39.89201062,-94.40476508,29063.0,103.61042480274168,0.0,13,11,0,0,11,11,12630,2,0,0,2,0
2020-07-02,US,Missouri,Dent,4,0,0,37.60663134,-91.50790473,29065.0,25.685481281705517,0.0,4,3,0,0,3,3,15441,1,0,0,1,0
2020-07-02,US,Missouri,Douglas,6,0,0,36.9325593,-92.49905109,29067.0,45.50625711035267,0.0,6,3,0,0,3,3,13373,3,0,0,3,0
2020-07-02,US,Missouri,Dunklin,106,3,0,36.27167174,-90.09122243,29069.0,363.87353678212196,2.830188679245283,103,92,3,0,89,92,29423,14,0,0,14,0
2020-07-02,US,Missouri,Franklin,213,18,0,38.41127108,-91.07522826,29071.0,204.8726999913434,8.450704225352112,195,204,18,0,186,204,103670,9,0,0,9,0
2020-07-02,US,Missouri,Gasconade,12,0,0,38.43947277,-91.50847147,29073.0,81.59934720522236,0.0,12,11,0,0,11,11,14705,1,0,0,1,0
2020-07-02,US,Missouri,Gentry,58,9,0,40.21097916,-94.40944419,29075.0,882.6662608430985,15.517241379310345,49,57,9,0,48,57,6628,1,0,0,1,0
2020-07-02,US,Missouri,Greene,298,8,0,37.2575872,-93.34230916,29077.0,101.67664098592222,2.684563758389262,290,265,8,0,257,265,291923,33,0,0,33,0
2020-07-02,US,Missouri,Grundy,20,0,0,40.11406587,-93.56509276,29079.0,203.0456852791878,0.0,20,18,0,0,18,18,9914,2,0,0,2,0
2020-07-02,US,Missouri,Harrison,14,0,0,40.35570088,-93.99222144,29081.0,167.62452107279694,0.0,14,13,0,0,13,13,8414,1,0,0,1,0
2020-07-02,US,Missouri,Henry,20,3,0,38.38482826,-93.79293734,29083.0,91.64222873900292,15.0,17,19,3,0,16,19,21792,1,0,0,1,0
2020-07-02,US,Missouri,Holt,1,0,0,40.09799248,-95.21638879999999,29087.0,22.71178741766977,0.0,1,1,0,0,1,1,4404,0,0,0,0,0
2020-07-02,US,Missouri,Howard,5,0,0,39.1435761,-92.69756691,29089.0,49.99500049995,0.0,5,5,0,0,5,5,10137,0,0,0,0,0
2020-07-02,US,Missouri,Howell,41,0,0,36.77383887,-91.88683935,29091.0,102.20106189396016,0.0,41,36,0,0,36,36,40076,5,0,0,5,0
2020-07-02,US,Missouri,Iron,2,0,0,37.55487945,-90.7735296,29093.0,19.753086419753085,0.0,2,3,0,0,3,3,10177,-1,0,0,-1,0
2020-07-02,US,Missouri,Jackson,1247,39,0,39.01002188,-94.34724536,29095.0,177.37987030074922,3.1275060144346427,1208,1126,24,0,1102,1126,700307,121,15,0,106,0
2020-07-02,US,Missouri,Jasper,620,5,0,37.20351921,-94.34050458,29097.0,511.01147303178163,0.8064516129032258,615,447,3,0,444,447,120636,173,2,0,171,0
2020-07-02,US,Missouri,Jefferson,488,22,0,38.25926778,-90.53870896,29099.0,216.81083698757337,4.508196721311474,466,445,19,0,426,445,224347,43,3,0,40,0
2020-07-02,US,Missouri,Johnson,141,0,0,38.74719601,-93.80691168,29101.0,260.8116606858792,0.0,141,112,0,0,112,112,53652,29,0,0,29,0
2020-07-02,US,Missouri,Kansas City,2497,31,0,39.0997,-94.5786,0.0,510.6934755175962,1.2414897877452944,2466,2242,31,0,2211,2242,491918,255,0,0,255,0
2020-07-02,US,Missouri,Knox,2,0,0,40.12699751,-92.14780832,29103.0,50.51780752715332,0.0,2,2,0,0,2,2,3947,0,0,0,0,0
2020-07-02,US,Missouri,Laclede,33,0,0,37.65896829,-92.5888493,29105.0,92.37745989978443,0.0,33,25,0,0,25,25,35713,8,0,0,8,0
2020-07-02,US,Missouri,Lafayette,91,2,0,39.06986886,-93.78076396,29107.0,278.2193958664547,2.1978021978021984,89,87,2,0,85,87,32598,4,0,0,4,0
2020-07-02,US,Missouri,Lawrence,37,1,0,37.10626634,-93.83293097,29109.0,96.46721418328772,2.702702702702702,36,30,0,0,30,30,38359,7,1,0,6,0
2020-07-02,US,Missouri,Lewis,7,1,0,40.09673161,-91.72070156,29111.0,71.6039279869067,14.285714285714285,6,7,1,0,6,7,9855,0,0,0,0,0
2020-07-02,US,Missouri,Lincoln,99,1,0,39.05345619,-90.95588181,29113.0,167.7596461796553,1.0101010101010102,98,96,1,0,95,96,57686,3,0,0,3,0
2020-07-02,US,Missouri,Linn,16,1,0,39.87001769,-93.10704106,29115.0,134.2281879194631,6.25,15,15,1,0,14,15,12037,1,0,0,1,0
2020-07-02,US,Missouri,Livingston,13,0,0,39.78110272,-93.54645978,29117.0,85.37466342680764,0.0,13,11,0,0,11,11,15146,2,0,0,2,0
2020-07-02,US,Missouri,Macon,8,0,0,39.83049768,-92.56453089,29121.0,52.920553019779064,0.0,8,7,0,0,7,7,15153,1,0,0,1,0
2020-07-02,US,Missouri,Madison,6,0,0,37.47865134,-90.34671429999999,29123.0,49.63600264725348,0.0,6,4,0,0,4,4,12188,2,0,0,2,0
2020-07-02,US,Missouri,Maries,6,0,0,38.16193985,-91.92249662,29125.0,68.98930665746809,0.0,6,4,0,0,4,4,8769,2,0,0,2,0
2020-07-02,US,Missouri,Marion,20,0,0,39.80601912,-91.62203062,29127.0,70.10164738871363,0.0,20,15,0,0,15,15,28592,5,0,0,5,0
2020-07-02,US,Missouri,McDonald,572,1,0,36.62869595,-94.34867205,29119.0,2504.707273284583,0.17482517482517482,571,498,1,0,497,498,23078,74,0,0,74,0
2020-07-02,US,Missouri,Mercer,6,0,0,40.42212303,-93.56829590000001,29129.0,165.8833287254631,0.0,6,6,0,0,6,6,3641,0,0,0,0,0
2020-07-02,US,Missouri,Miller,17,0,0,38.21450288,-92.42610898,29131.0,66.35700066356999,0.0,17,12,0,0,12,12,25336,5,0,0,5,0
2020-07-02,US,Missouri,Mississippi,91,0,0,36.82516239,-89.29505753,29133.0,690.4400606980272,0.0,91,88,0,0,88,88,13336,3,0,0,3,0
2020-07-02,US,Missouri,Moniteau,52,1,0,38.63571781,-92.57976951,29135.0,322.34068931316637,1.9230769230769231,51,49,1,0,48,49,16121,3,0,0,3,0
2020-07-02,US,Missouri,Monroe,5,0,0,39.49593978,-92.00043978,29137.0,57.84359093012494,0.0,5,5,0,0,5,5,8664,0,0,0,0,0
2020-07-02,US,Missouri,Montgomery,20,0,0,38.94022054,-91.47000721,29139.0,173.1451822353043,0.0,20,16,0,0,16,16,11534,4,0,0,4,0
2020-07-02,US,Missouri,Morgan,14,0,0,38.4181765,-92.88791859,29141.0,67.87220633150724,0.0,14,13,0,0,13,13,20358,1,0,0,1,0
2020-07-02,US,Missouri,New Madrid,43,1,0,36.59666326,-89.66070007,29143.0,251.81541344577184,2.3255813953488373,42,38,1,0,37,38,17296,5,0,0,5,0
2020-07-02,US,Missouri,Newton,448,2,0,36.90519407,-94.3394104,29145.0,769.2836046431761,0.44642857142857145,446,348,2,0,346,348,58266,100,0,0,100,0
2020-07-02,US,Missouri,Nodaway,21,0,0,40.36079813,-94.88133008,29147.0,95.05703422053232,0.0,21,17,0,0,17,17,22304,4,0,0,4,0
2020-07-02,US,Missouri,Oregon,7,0,0,36.68710164,-91.4033755,29149.0,66.48304682306012,0.0,7,7,0,0,7,7,10541,0,0,0,0,0
2020-07-02,US,Missouri,Osage,7,0,0,38.46036182,-91.8613635,29151.0,51.413881748071965,0.0,7,7,0,0,7,7,13714,0,0,0,0,0
2020-07-02,US,Missouri,Ozark,2,0,0,36.64916339,-92.44459066,29153.0,21.80074122520166,0.0,2,1,0,0,1,1,9017,1,0,0,1,0
2020-07-02,US,Missouri,Pemiscot,111,6,0,36.2130572,-89.78742322,29155.0,702.3093957608353,5.405405405405406,105,110,6,0,104,110,16272,1,0,0,1,0
2020-07-02,US,Missouri,Perry,147,0,0,37.70660776,-89.82741088,29157.0,768.185618729097,0.0,147,123,0,0,123,123,19150,24,0,0,24,0
2020-07-02,US,Missouri,Pettis,122,1,0,38.72798918,-93.28471706,29159.0,288.1504050638892,0.819672131147541,121,116,1,0,115,116,42542,6,0,0,6,0
2020-07-02,US,Missouri,Phelps,44,0,0,37.87736118,-91.79351727,29161.0,98.71446840015257,0.0,44,21,0,0,21,21,44732,23,0,0,23,0
2020-07-02,US,Missouri,Pike,36,1,0,39.34310674,-91.16980779,29163.0,196.69981422795325,2.7777777777777777,35,36,1,0,35,36,18504,0,0,0,0,0
2020-07-02,US,Missouri,Platte,121,6,0,39.38154439,-94.77068479,29165.0,115.88040376180349,4.958677685950414,115,114,6,0,108,114,102985,7,0,0,7,0
2020-07-02,US,Missouri,Polk,16,0,0,37.616229600000004,-93.39828174,29167.0,49.768266509067146,0.0,16,13,0,0,13,13,32201,3,0,0,3,0
2020-07-02,US,Missouri,Pulaski,128,1,0,37.82462075,-92.20783203,29169.0,243.3136274640257,0.78125,127,120,1,0,119,120,52014,8,0,0,8,0
2020-07-02,US,Missouri,Putnam,3,0,0,40.47942497,-93.02042674,29171.0,63.884156729131185,0.0,3,2,0,0,2,2,4757,1,0,0,1,0
2020-07-02,US,Missouri,Ralls,10,0,0,39.52817427,-91.51838643,29173.0,97.00261907071491,0.0,10,9,0,0,9,9,10212,1,0,0,1,0
2020-07-02,US,Missouri,Randolph,12,0,0,39.44007257,-92.49713740000001,29175.0,48.48876676903184,0.0,12,12,0,0,12,12,24763,0,0,0,0,0
2020-07-02,US,Missouri,Ray,26,0,0,39.353746799999996,-93.98905745,29177.0,112.95507863411244,0.0,26,25,0,0,25,25,22883,1,0,0,1,0
2020-07-02,US,Missouri,Reynolds,2,0,0,37.36085952,-90.97009925,29179.0,31.897926634768734,0.0,2,2,0,0,2,2,6254,0,0,0,0,0
2020-07-02,US,Missouri,Ripley,19,0,0,36.65460667,-90.85990261,29181.0,142.98615291992775,0.0,19,17,0,0,17,17,13401,2,0,0,2,0
2020-07-02,US,Missouri,Saline,282,4,0,39.13734288,-93.20259964,29195.0,1238.9613813101355,1.4184397163120568,278,282,4,0,278,282,22895,0,0,0,0,0
2020-07-02,US,Missouri,Schuyler,5,0,0,40.46921489,-92.52311943,29197.0,107.2961373390558,0.0,5,5,0,0,5,5,4599,0,0,0,0,0
2020-07-02,US,Missouri,Scotland,11,1,0,40.45214695,-92.14709064,29199.0,224.3982048143615,9.090909090909092,10,11,1,0,10,11,4966,0,0,0,0,0
2020-07-02,US,Missouri,Scott,170,11,0,37.05588075,-89.56474493,29201.0,444.0961337513061,6.470588235294117,159,161,11,0,150,161,38458,9,0,0,9,0
2020-07-02,US,Missouri,Shannon,11,0,0,37.15772072,-91.40190382,29203.0,134.70487386725443,0.0,11,6,0,0,6,6,8189,5,0,0,5,0
2020-07-02,US,Missouri,Shelby,4,0,0,39.79742518,-92.07634971,29205.0,67.45362563237774,0.0,4,3,0,0,3,3,6050,1,0,0,1,0
2020-07-02,US,Missouri,St. Charles,1082,74,0,38.77875681,-90.66662425,29183.0,269.1394998283676,6.839186691312385,1008,1010,73,0,937,1010,399182,72,1,0,71,0
2020-07-02,US,Missouri,St. Clair,2,0,0,38.03699437,-93.77631447,29185.0,21.283388315419813,0.0,2,2,0,0,2,2,9395,0,0,0,0,0
2020-07-02,US,Missouri,St. Francois,151,2,0,37.81214171,-90.47598685,29187.0,224.65223536412998,1.3245033112582782,149,138,2,0,136,138,66692,13,0,0,13,0
2020-07-02,US,Missouri,St. Louis,6682,582,0,38.63770039999999,-90.4458375,29189.0,672.0947893040167,8.70996707572583,6100,6616,581,0,6035,6582,996945,66,1,0,65,34
2020-07-02,US,Missouri,St. Louis City,2545,157,0,38.63555736,-90.24349225,29510.0,846.7076546364315,6.168958742632612,2388,2493,156,0,2337,2493,302838,52,1,0,51,0
2020-07-02,US,Missouri,Ste. Genevieve,20,1,0,37.89090059,-90.1949941,29186.0,111.76930814798256,5.0,19,17,1,0,16,17,17888,3,0,0,3,0
2020-07-02,US,Missouri,Stoddard,137,8,0,36.85571651,-89.9444155,29207.0,472.00689061154185,5.8394160583941614,129,134,8,0,126,134,29206,3,0,0,3,0
2020-07-02,US,Missouri,Stone,16,0,0,36.75000327,-93.45256475,29209.0,50.075112669003495,0.0,16,12,0,0,12,12,31749,4,0,0,4,0
2020-07-02,US,Missouri,Sullivan,112,0,0,40.2099105,-93.11150106,29211.0,1839.3824930202004,0.0,112,108,0,0,108,108,6221,4,0,0,4,0
2020-07-02,US,Missouri,Taney,67,2,0,36.65465345,-93.04075153,29213.0,119.79688170504934,2.985074626865672,65,48,2,0,46,48,55852,19,0,0,19,0
2020-07-02,US,Missouri,Texas,6,0,0,37.31728859,-91.96564727,29215.0,23.623907394283012,0.0,6,4,0,0,4,4,25571,2,0,0,2,0
2020-07-02,US,Missouri,Unassigned,1,0,0,0.0,0.0,90029.0,0.0,0.0,1,,,,,,,,,,,
2020-07-02,US,Missouri,Vernon,17,0,0,37.8457799,-94.34127305,29217.0,82.67276175655303,0.0,17,16,0,0,16,16,20528,1,0,0,1,0
2020-07-02,US,Missouri,Warren,44,0,0,38.76529479,-91.16124662,29219.0,123.42562203708378,0.0,44,40,0,0,40,40,34711,4,0,0,4,0
2020-07-02,US,Missouri,Washington,23,1,0,37.96130078,-90.87948158,29221.0,93.00444803881923,4.3478260869565215,22,21,1,0,20,21,24943,2,0,0,2,0
2020-07-02,US,Missouri,Wayne,4,0,0,37.11303869,-90.46001416,29223.0,31.072788005903824,0.0,4,3,0,0,3,3,13122,1,0,0,1,0
2020-07-02,US,Missouri,Webster,35,1,0,37.2813734,-92.876329,29225.0,88.40169731258841,2.8571428571428568,34,27,1,0,26,27,39109,8,0,0,8,0
2020-07-02,US,Missouri,Worth,4,0,0,40.47945588,-94.42328751,29227.0,198.7083954297069,0.0,4,4,0,0,4,4,2040,0,0,0,0,0
2020-07-02,US,Missouri,Wright,15,0,0,37.27029221,-92.46914488,29229.0,82.01651265788179,0.0,15,14,0,0,14,14,18378,1,0,0,1,0
2020-07-02,US,Montana,Beaverhead,1,0,0,45.13434354,-112.8984694,30001.0,10.578652279699568,0.0,1,1,0,0,1,1,9404,0,0,0,0,0
2020-07-02,US,Montana,Big Horn,82,3,0,45.42335905,-107.492347,30003.0,615.6618364742097,3.6585365853658534,79,77,3,0,74,74,13338,5,0,0,5,3
2020-07-02,US,Montana,Broadwater,5,0,0,46.33277565,-111.4955813,30007.0,80.1667468334135,0.0,5,5,0,0,5,5,6085,0,0,0,0,0
2020-07-02,US,Montana,Carbon,26,0,0,45.22850116,-109.0274047,30009.0,242.42424242424244,0.0,26,23,0,0,23,20,10714,3,0,0,3,3
2020-07-02,US,Montana,Cascade,34,2,0,47.30797024,-111.3467922,30013.0,41.78649558783767,5.882352941176472,32,33,2,0,31,29,81643,1,0,0,1,4
2020-07-02,US,Montana,Custer,30,0,0,46.25319932,-105.57375259999998,30017.0,263.11173478337133,0.0,30,29,0,0,29,27,11586,1,0,0,1,2
2020-07-02,US,Montana,Dawson,8,0,0,47.26584855,-104.89444170000002,30021.0,92.88285150354116,0.0,8,8,0,0,8,8,8680,0,0,0,0,0
2020-07-02,US,Montana,Deer Lodge,4,0,0,46.05953325,-113.073353,30023.0,43.7636761487965,0.0,4,4,0,0,4,4,9131,0,0,0,0,0
2020-07-02,US,Montana,Fergus,2,0,0,47.26331584,-109.2245206,30027.0,18.099547511312217,0.0,2,2,0,0,2,2,11113,0,0,0,0,0
2020-07-02,US,Montana,Flathead,62,2,0,48.29575866,-114.0520569,30029.0,59.7267980656224,3.2258064516129035,60,58,2,0,56,58,102106,4,0,0,4,0
2020-07-02,US,Montana,Gallatin,277,1,0,45.54486106,-111.1692571,30031.0,242.06092594858168,0.36101083032490977,276,271,1,0,270,263,111876,6,0,0,6,8
2020-07-02,US,Montana,Glacier,22,0,0,48.70513576,-112.9934235,30035.0,159.9650985239584,0.0,22,18,0,0,18,18,13747,4,0,0,4,0
2020-07-02,US,Montana,Golden Valley,3,0,0,46.3816474,-109.1768522,30037.0,365.4080389768576,0.0,3,3,0,0,3,3,826,0,0,0,0,0
2020-07-02,US,Montana,Granite,4,0,0,46.40605220000001,-113.4414186,30039.0,118.37821840781295,0.0,4,4,0,0,4,3,3378,0,0,0,0,1
2020-07-02,US,Montana,Hill,1,0,0,48.62879827,-110.1129252,30041.0,6.066488716330987,0.0,1,1,0,0,1,1,16347,0,0,0,0,0
2020-07-02,US,Montana,Jefferson,3,0,0,46.14907081,-112.094396,30043.0,24.547909336388184,0.0,3,3,0,0,3,4,12097,0,0,0,0,-1
2020-07-02,US,Montana,Lake,18,0,0,47.64514965,-114.0898013,30047.0,59.09777398384661,0.0,18,18,0,0,18,17,30250,0,0,0,0,1
2020-07-02,US,Montana,Lewis and Clark,29,0,0,47.12610041,-112.394698,30049.0,41.76748473326421,0.0,29,28,0,0,28,26,68700,1,0,0,1,2
2020-07-02,US,Montana,Liberty,1,0,0,48.56084317,-111.024307,30051.0,42.78990158322636,0.0,1,1,0,0,1,1,2430,0,0,0,0,0
2020-07-02,US,Montana,Lincoln,8,1,0,48.54265777,-115.4046155,30053.0,40.04004004004004,12.5,7,8,1,0,7,8,19794,0,0,0,0,0
2020-07-02,US,Montana,Madison,11,1,0,45.30080065,-111.9173017,30057.0,127.90697674418604,9.090909090909092,10,8,1,0,7,8,8768,3,0,0,3,0
2020-07-02,US,Montana,Meagher,2,0,0,46.59907074,-110.8898557,30059.0,107.41138560687432,0.0,2,2,0,0,2,2,1866,0,0,0,0,0
2020-07-02,US,Montana,Missoula,99,1,0,47.03728583,-113.92135079999998,30063.0,82.77591973244148,1.0101010101010102,98,89,1,0,88,86,118791,10,0,0,10,3
2020-07-02,US,Montana,Musselshell,1,0,0,46.49684637,-108.39498,30065.0,21.58428663932657,0.0,1,1,0,0,1,1,4651,0,0,0,0,0
2020-07-02,US,Montana,Park,12,0,0,45.48965095,-110.52643940000002,30067.0,72.26303745634108,0.0,12,11,0,0,11,11,16736,1,0,0,1,0
2020-07-02,US,Montana,Pondera,2,0,0,48.22773388,-112.2252703,30073.0,33.83522246658772,0.0,2,2,0,0,2,2,5972,0,0,0,0,0
2020-07-02,US,Montana,Ravalli,31,0,0,46.08520862,-114.11891640000002,30081.0,70.76656165822035,0.0,31,31,0,0,31,27,43172,0,0,0,0,4
2020-07-02,US,Montana,Richland,18,0,0,47.78668011,-104.5610786,30083.0,166.62038322688142,0.0,18,12,0,0,12,12,10913,6,0,0,6,0
2020-07-02,US,Montana,Roosevelt,7,0,0,48.29607488,-105.0079268,30085.0,63.613231552162844,0.0,7,7,0,0,7,7,11059,0,0,0,0,0
2020-07-02,US,Montana,Rosebud,10,1,0,46.23397237,-106.72928799999998,30087.0,111.89437171310284,10.0,9,10,1,0,9,9,9063,0,0,0,0,1
2020-07-02,US,Montana,Silver Bow,18,0,0,45.90018933,-112.6620092,30093.0,51.55377344980669,0.0,18,15,0,0,15,14,34993,3,0,0,3,1
2020-07-02,US,Montana,Stillwater,6,0,0,45.67071407,-109.3950061,30095.0,62.22775357809583,0.0,6,6,0,0,6,5,9534,0,0,0,0,1
2020-07-02,US,Montana,Teton,5,0,0,47.83741052,-112.2410688,30099.0,81.34049129656744,0.0,5,,,,,,6162,,,,,
2020-07-02,US,Montana,Toole,31,6,0,48.65577551,-111.6942414,30101.0,654.5608108108107,19.354838709677423,25,31,6,0,25,31,4853,0,0,0,0,0
2020-07-02,US,Montana,Treasure,2,0,0,46.20973220000001,-107.2666516,30103.0,287.3563218390805,0.0,2,2,0,0,2,2,679,0,0,0,0,0
2020-07-02,US,Montana,Valley,4,0,0,48.36435097,-106.6669635,30105.0,54.08328826392645,0.0,4,4,0,0,4,3,7437,0,0,0,0,1
2020-07-02,US,Montana,Wheatland,1,0,0,46.46652491,-109.8464636,30107.0,47.036688617121364,0.0,1,1,0,0,1,1,2236,0,0,0,0,0
2020-07-02,US,Montana,Yellowstone,203,4,0,45.93955949,-108.2691486,30111.0,125.8524488530688,1.9704433497536944,199,189,4,0,185,174,160137,14,0,0,14,15
2020-07-02,US,Nebraska,Adams,296,11,0,40.52449420000001,-98.50117804,31001.0,943.78726524886,3.716216216216216,285,296,11,0,285,294,31511,0,0,0,0,2
2020-07-02,US,Nebraska,Antelope,9,1,0,42.17695516,-98.0666283,31003.0,142.9025087329311,11.111111111111109,8,9,1,0,8,9,6336,0,0,0,0,0
2020-07-02,US,Nebraska,Banner,1,0,0,41.54634427,-103.7114332,31007.0,134.2281879194631,0.0,1,1,0,0,1,1,730,0,0,0,0,0
2020-07-02,US,Nebraska,Boone,7,0,0,41.70759415,-98.06737183,31011.0,134.82280431432974,0.0,7,7,0,0,7,7,5239,0,0,0,0,0
2020-07-02,US,Nebraska,Box Butte,3,0,0,42.22079243,-103.0878834,31013.0,27.82157099137532,0.0,3,3,0,0,3,3,10772,0,0,0,0,0
2020-07-02,US,Nebraska,Boyd,1,0,0,42.8997274,-98.76486568,31015.0,52.110474205315285,0.0,1,1,0,0,1,1,1955,0,0,0,0,0
2020-07-02,US,Nebraska,Buffalo,187,1,0,40.85486962,-99.07500296,31019.0,376.56819509051735,0.5347593582887701,186,189,1,0,188,184,49615,-2,0,0,-2,5
2020-07-02,US,Nebraska,Burt,14,0,0,41.85056773,-96.32605633,31021.0,216.75181916705367,0.0,14,14,0,0,14,14,6488,0,0,0,0,0
2020-07-02,US,Nebraska,Butler,51,0,0,41.22703692,-97.13106306,31023.0,636.2275449101796,0.0,51,51,0,0,51,51,8058,0,0,0,0,0
2020-07-02,US,Nebraska,Cass,68,1,0,40.90899107,-96.13971217,31025.0,259.06735751295344,1.4705882352941178,67,67,1,0,66,66,26159,1,0,0,1,1
2020-07-02,US,Nebraska,Cedar,17,0,0,42.5988851,-97.25311951,31027.0,202.33277791002143,0.0,17,17,0,0,17,17,8446,0,0,0,0,0
2020-07-02,US,Nebraska,Chase,1,0,0,40.5237198,-101.6978026,31029.0,25.4841997961264,0.0,1,1,0,0,1,1,3977,0,0,0,0,0
2020-07-02,US,Nebraska,Cherry,2,0,0,42.54502621,-101.1244332,31031.0,35.15556336790297,0.0,2,1,0,0,1,1,5761,1,0,0,1,0
2020-07-02,US,Nebraska,Cheyenne,19,0,0,41.21999357,-102.9941693,31033.0,213.2435465768799,0.0,19,19,0,0,19,19,9310,0,0,0,0,0
2020-07-02,US,Nebraska,Clay,27,0,0,40.52439441,-98.05126296,31035.0,435.2732548766726,0.0,27,27,0,0,27,27,6214,0,0,0,0,0
2020-07-02,US,Nebraska,Colfax,670,4,0,41.57486951,-97.0868542,31037.0,6256.419833784666,0.5970149253731343,666,670,4,0,666,668,10881,0,0,0,0,2
2020-07-02,US,Nebraska,Cuming,35,1,0,41.91637624,-96.78730772,31039.0,395.6590549400859,2.8571428571428568,34,35,1,0,34,35,8940,0,0,0,0,0
2020-07-02,US,Nebraska,Custer,40,4,0,41.39374521,-99.72805369,31041.0,371.16080541894775,10.0,36,40,4,0,36,40,10840,0,0,0,0,0
2020-07-02,US,Nebraska,Dakota,1765,36,0,42.39040144,-96.56656425,31043.0,8813.542394886648,2.039660056657224,1729,1763,31,0,1732,1759,20083,2,5,0,-3,4
2020-07-02,US,Nebraska,Dawes,4,0,0,42.71985036,-103.1313774,31045.0,46.57119571545,0.0,4,4,0,0,4,3,8716,0,0,0,0,1
2020-07-02,US,Nebraska,Dawson,860,8,0,40.87028216,-99.8201461,31047.0,3644.840008476372,0.9302325581395348,852,859,8,0,851,857,23709,1,0,0,1,2
2020-07-02,US,Nebraska,Dixon,49,2,0,42.49188363,-96.86782408,31051.0,869.4109297374024,4.081632653061225,47,48,2,0,46,48,5709,1,0,0,1,0
2020-07-02,US,Nebraska,Dodge,689,8,0,41.58071748,-96.65598179,31053.0,1884.315602351976,1.161103047895501,681,687,8,0,679,687,36791,2,0,0,2,0
2020-07-02,US,Nebraska,Douglas,7200,95,0,41.29518299,-96.15085305,31055.0,1260.2240048168562,1.3194444444444444,7105,7146,94,0,7052,7084,566880,54,1,0,53,62
2020-07-02,US,Nebraska,Fillmore,14,1,0,40.52458567,-97.59646937,31059.0,256.31636763090444,7.142857142857142,13,14,1,0,13,14,5527,0,0,0,0,0
2020-07-02,US,Nebraska,Franklin,7,0,0,40.17636348,-98.95299073,31061.0,234.97818059751597,0.0,7,6,0,0,6,6,3023,1,0,0,1,0
2020-07-02,US,Nebraska,Frontier,1,0,0,40.52993007,-100.3924658,31063.0,38.06623524933384,0.0,1,1,0,0,1,1,2608,0,0,0,0,0
2020-07-02,US,Nebraska,Furnas,10,1,0,40.17642064,-99.91247454,31065.0,213.85799828913602,10.0,9,10,1,0,9,10,4715,0,0,0,0,0
2020-07-02,US,Nebraska,Gage,54,4,0,40.26186809,-96.68946704,31067.0,251.0110165946172,7.407407407407407,50,52,4,0,48,52,21493,2,0,0,2,0
2020-07-02,US,Nebraska,Garden,4,0,0,41.61703149,-102.3313973,31069.0,217.74632553075668,0.0,4,4,0,0,4,4,1897,0,0,0,0,0
2020-07-02,US,Nebraska,Garfield,1,0,0,41.91428955,-98.99111827,31071.0,50.787201625190455,0.0,1,1,0,0,1,1,1987,0,0,0,0,0
2020-07-02,US,Nebraska,Gosper,13,0,0,40.51481965,-99.83020279,31073.0,653.2663316582915,0.0,13,13,0,0,13,13,1996,0,0,0,0,0
2020-07-02,US,Nebraska,Greeley,3,0,0,41.56742671,-98.52150266,31077.0,127.33446519524618,0.0,3,3,0,0,3,3,2356,0,0,0,0,0
2020-07-02,US,Nebraska,Hall,1595,47,0,40.87257079,-98.50218293,31079.0,2599.709875637703,2.946708463949843,1548,1593,47,0,1546,1591,61607,2,0,0,2,2
2020-07-02,US,Nebraska,Hamilton,64,12,0,40.87349452,-98.02099117,31081.0,686.4006864006864,18.75,52,64,12,0,52,64,9280,0,0,0,0,0
2020-07-02,US,Nebraska,Harlan,1,0,0,40.17658508,-99.40438879,31083.0,29.58579881656805,0.0,1,1,0,0,1,1,3401,0,0,0,0,0
2020-07-02,US,Nebraska,Hitchcock,1,0,0,40.17609175,-101.0416477,31087.0,36.205648081100655,0.0,1,1,0,0,1,1,2806,0,0,0,0,0
2020-07-02,US,Nebraska,Holt,3,0,0,42.45522056,-98.78402558,31089.0,29.800337737161023,0.0,3,3,0,0,3,3,10178,0,0,0,0,0
2020-07-02,US,Nebraska,Hooker,1,0,0,41.91586243,-101.1354293,31091.0,146.6275659824047,0.0,1,1,0,0,1,,682,0,0,0,0,
2020-07-02,US,Nebraska,Howard,46,4,0,41.2200529,-98.5166499,31093.0,713.7315748642359,8.695652173913043,42,46,4,0,42,46,6468,0,0,0,0,0
2020-07-02,US,Nebraska,Jefferson,10,0,0,40.17584531,-97.142601,31095.0,141.92449616803862,0.0,10,10,0,0,10,9,7097,0,0,0,0,1
2020-07-02,US,Nebraska,Johnson,7,0,0,40.39257596,-96.26522753,31097.0,138.03983435219877,0.0,7,7,0,0,7,7,5134,0,0,0,0,0
2020-07-02,US,Nebraska,Kearney,15,0,0,40.50663314,-98.94877182,31099.0,230.94688221709012,0.0,15,14,0,0,14,13,6544,1,0,0,1,1
2020-07-02,US,Nebraska,Keith,4,0,0,41.19930341,-101.6620164,31101.0,49.78839930296241,0.0,4,4,0,0,4,4,8021,0,0,0,0,0
2020-07-02,US,Nebraska,Kimball,10,0,0,41.19774275,-103.7148131,31105.0,275.3303964757709,0.0,10,10,0,0,10,10,3618,0,0,0,0,0
2020-07-02,US,Nebraska,Knox,21,0,0,42.63758421,-97.89178836,31107.0,252.0403264522324,0.0,21,21,0,0,21,21,8419,0,0,0,0,0
2020-07-02,US,Nebraska,Lancaster,1756,12,0,40.78416049,-96.68777155,31109.0,550.3149581622739,0.683371298405467,1744,1746,12,0,1734,1723,317272,10,0,0,10,23
2020-07-02,US,Nebraska,Lincoln,58,2,0,41.04658298,-100.7475374,31111.0,166.1224723606576,3.4482758620689653,56,59,2,0,57,57,35185,-1,0,0,-1,2
2020-07-02,US,Nebraska,Madison,367,4,0,41.91676024,-97.6005481,31119.0,1045.6138351519987,1.0899182561307903,363,365,4,0,361,362,35392,2,0,0,2,3
2020-07-02,US,Nebraska,Merrick,39,0,0,41.16624273,-98.0374887,31121.0,502.9013539651838,0.0,39,38,0,0,38,38,7733,1,0,0,1,0
2020-07-02,US,Nebraska,Morrill,44,0,0,41.71711774,-103.0061405,31123.0,947.8672985781993,0.0,44,38,0,0,38,37,4686,6,0,0,6,1
2020-07-02,US,Nebraska,Nance,4,0,0,41.39750195,-97.99327291,31125.0,113.66865586814436,0.0,4,4,0,0,4,4,3532,0,0,0,0,0
2020-07-02,US,Nebraska,Nemaha,6,0,0,40.38514847,-95.85433992,31127.0,86.05851979345955,0.0,6,5,0,0,5,5,6958,1,0,0,1,0
2020-07-02,US,Nebraska,Nuckolls,2,0,0,40.17637905,-98.04743961,31129.0,48.21600771456124,0.0,2,1,0,0,1,1,4195,1,0,0,1,0
2020-07-02,US,Nebraska,Otoe,25,0,0,40.64843556,-96.13374142,31131.0,156.13290032475643,0.0,25,22,0,0,22,22,15985,3,0,0,3,0
2020-07-02,US,Nebraska,Phelps,26,0,0,40.51156033,-99.41461667,31137.0,287.8016382554793,0.0,26,26,0,0,26,26,8996,0,0,0,0,0
2020-07-02,US,Nebraska,Pierce,8,0,0,42.26434853,-97.60122773,31139.0,111.9194180190263,0.0,8,8,0,0,8,8,7142,0,0,0,0,0
2020-07-02,US,Nebraska,Platte,665,3,0,41.57246836,-97.52144359,31141.0,1986.8538990140423,0.4511278195488722,662,664,3,0,661,664,33363,1,0,0,1,0
2020-07-02,US,Nebraska,Polk,12,0,0,41.18813488,-97.56630712,31143.0,230.19374640322275,0.0,12,12,0,0,12,12,5278,0,0,0,0,0
2020-07-02,US,Nebraska,Red Willow,6,0,0,40.17556879999999,-100.476998,31145.0,55.949272659455424,0.0,6,6,0,0,6,6,10726,0,0,0,0,0
2020-07-02,US,Nebraska,Richardson,5,1,0,40.1247415,-95.71755036,31147.0,63.57279084551812,20.0,4,5,1,0,4,5,7937,0,0,0,0,0
2020-07-02,US,Nebraska,Rock,1,0,0,42.42252217,-99.44832069,31149.0,73.69196757553426,0.0,1,1,0,0,1,1,1360,0,0,0,0,0
2020-07-02,US,Nebraska,Saline,536,2,0,40.52418865,-97.14085859,31151.0,3768.278965129359,0.373134328358209,534,535,2,0,533,533,14350,1,0,0,1,2
2020-07-02,US,Nebraska,Sarpy,1192,8,0,41.11314181,-96.11156432,31153.0,636.7657428577534,0.6711409395973155,1184,1178,8,0,1170,1167,184459,14,0,0,14,11
2020-07-02,US,Nebraska,Saunders,79,2,0,41.2278103,-96.63773905,31155.0,366.11363425711374,2.5316455696202533,77,78,2,0,76,77,21303,1,0,0,1,1
2020-07-02,US,Nebraska,Scotts Bluff,216,3,0,41.85070896,-103.7080986,31157.0,606.4349486214835,1.3888888888888888,213,216,3,0,213,215,35989,0,0,0,0,1
2020-07-02,US,Nebraska,Seward,36,1,0,40.87241834,-97.139673,31159.0,208.28511918537376,2.7777777777777777,35,36,1,0,35,34,17318,0,0,0,0,2
2020-07-02,US,Nebraska,Sheridan,5,0,0,42.50284406,-102.4126613,31161.0,95.31071292413269,0.0,5,4,0,0,4,4,5190,1,0,0,1,0
2020-07-02,US,Nebraska,Sherman,5,0,0,41.22045983,-98.97588642,31163.0,166.61112962345885,0.0,5,5,0,0,5,5,3038,0,0,0,0,0
2020-07-02,US,Nebraska,Sioux,6,0,0,42.48932059,-103.7576544,31165.0,514.5797598627787,0.0,6,6,0,0,6,6,1187,0,0,0,0,0
2020-07-02,US,Nebraska,Stanton,21,0,0,41.9169835,-97.19394708,31167.0,354.72972972972974,0.0,21,21,0,0,21,21,5970,0,0,0,0,0
2020-07-02,US,Nebraska,Thayer,1,0,0,40.17626377,-97.59504381,31169.0,19.98800719568259,0.0,1,1,0,0,1,1,5039,0,0,0,0,0
2020-07-02,US,Nebraska,Thomas,1,0,0,41.91358968,-100.5556632,31171.0,138.50415512465375,0.0,1,1,0,0,1,1,720,0,0,0,0,0
2020-07-02,US,Nebraska,Thurston,126,1,0,42.15725356,-96.54157099,31173.0,1744.186046511628,0.7936507936507936,125,84,1,0,83,85,7303,42,0,0,42,-1
2020-07-02,US,Nebraska,Unassigned,166,1,0,0.0,0.0,90031.0,0.0,0.6024096385542169,165,176,1,0,175,174,,-10,0,0,-10,2
2020-07-02,US,Nebraska,Valley,8,0,0,41.56730777,-98.98197724,31175.0,192.40019240019242,0.0,8,8,0,0,8,8,4190,0,0,0,0,0
2020-07-02,US,Nebraska,Washington,51,1,0,41.52815707,-96.22019892,31177.0,246.03212890153893,1.96078431372549,50,51,1,0,50,50,20667,0,0,0,0,1
2020-07-02,US,Nebraska,Wayne,28,0,0,42.20934475,-97.11926964,31179.0,298.3484283431007,0.0,28,28,0,0,28,28,9403,0,0,0,0,0
2020-07-02,US,Nebraska,Webster,7,0,0,40.17642643,-98.50019851,31181.0,200.7456266131345,0.0,7,6,0,0,6,6,3533,1,0,0,1,0
2020-07-02,US,Nebraska,York,44,0,0,40.87272618,-97.59710186,31185.0,321.6609401272023,0.0,44,42,0,0,42,41,13772,2,0,0,2,1
2020-07-02,US,Nevada,Carson City,161,5,0,39.15509045,-119.7480219,32510.0,287.93189784677014,3.1055900621118013,156,155,5,0,150,151,55414,6,0,0,6,4
2020-07-02,US,Nevada,Churchill,13,1,0,39.58105744,-118.3394607,32001.0,52.18997149624635,7.6923076923076925,12,12,1,0,11,11,24440,1,0,0,1,1
2020-07-02,US,Nevada,Clark,16180,432,0,36.21458855,-115.0130241,32003.0,713.8083084993042,2.6699629171817056,15748,15604,420,0,15184,15095,2231647,576,12,0,564,509
2020-07-02,US,Nevada,Douglas,70,0,0,38.912862,-119.6171333,32005.0,143.13464880891524,0.0,70,69,0,0,69,65,48467,1,0,0,1,4
2020-07-02,US,Nevada,Elko,129,1,0,41.14531606,-115.3577619,32007.0,244.42002349463792,0.7751937984496124,128,125,1,0,124,121,52460,4,0,0,4,4
2020-07-02,US,Nevada,Eureka,1,0,0,39.98100864,-116.2683204,32011.0,49.28536224741252,0.0,1,1,0,0,1,1,2003,0,0,0,0,0
2020-07-02,US,Nevada,Humboldt,85,4,0,41.40692186,-118.1109427,32013.0,505.0204978907967,4.705882352941177,81,83,4,0,79,83,16786,2,0,0,2,0
2020-07-02,US,Nevada,Lander,35,0,0,39.9332233,-117.0397075,32015.0,632.6825741142444,0.0,35,35,0,0,35,35,5575,0,0,0,0,0
2020-07-02,US,Nevada,Lincoln,2,0,0,37.64268459,-114.8790388,32017.0,38.58769052672198,0.0,2,2,0,0,2,2,5201,0,0,0,0,0
2020-07-02,US,Nevada,Lyon,121,2,0,39.01777974,-119.1870479,32019.0,210.39819161884893,1.6528925619834711,119,120,2,0,118,115,55808,1,0,0,1,5
2020-07-02,US,Nevada,Mineral,5,0,0,38.53841696,-118.4344506,32021.0,110.98779134295229,0.0,5,5,0,0,5,5,4514,0,0,0,0,0
2020-07-02,US,Nevada,Nye,114,3,0,38.04264256,-116.4722702,32023.0,245.0400876985577,2.631578947368421,111,112,3,0,109,104,45346,2,0,0,2,8
2020-07-02,US,Nevada,Pershing,6,0,0,40.44003782,-118.40056409999998,32027.0,89.21933085501858,0.0,6,6,0,0,6,6,6666,0,0,0,0,0
2020-07-02,US,Nevada,Storey,2,0,0,39.44875482,-119.5250207,32029.0,48.508367693427104,0.0,2,2,0,0,2,2,4029,0,0,0,0,0
2020-07-02,US,Nevada,Washoe,2804,77,0,40.66562265,-119.6631594,32031.0,594.6738095389583,2.7460770328102706,2727,2766,75,0,2691,2656,465735,38,2,0,36,110
2020-07-02,US,Nevada,White Pine,5,0,0,39.44157041,-114.899966,32033.0,52.192066805845506,0.0,5,4,0,0,4,4,9475,1,0,0,1,0
2020-07-02,US,New Hampshire,Belknap,81,1,0,43.51637314,-71.41684235,33001.0,132.13056457269627,1.2345679012345678,80,81,1,0,80,81,61022,0,0,0,0,0
2020-07-02,US,New Hampshire,Carroll,61,0,0,43.87498583,-71.20430216,33003.0,124.71887139644244,0.0,61,54,0,0,54,54,48779,7,0,0,7,0
2020-07-02,US,New Hampshire,Cheshire,72,2,0,42.92015988,-72.25311043,33005.0,94.6310047972662,2.7777777777777777,70,72,2,0,70,71,76493,0,0,0,0,1
2020-07-02,US,New Hampshire,Coos,7,0,0,44.69063265,-71.30633239,33007.0,22.177866489243737,0.0,7,7,0,0,7,7,31589,0,0,0,0,0
2020-07-02,US,New Hampshire,Grafton,86,1,0,43.93779815,-71.82057197,33009.0,95.67674610061634,1.162790697674419,85,86,1,0,85,85,89786,0,0,0,0,1
2020-07-02,US,New Hampshire,Hillsborough,3295,250,0,42.91537785,-71.7200253,33011.0,790.1204963731191,7.587253414264036,3045,3288,248,0,3040,3275,415247,7,2,0,5,13
2020-07-02,US,New Hampshire,Merrimack,414,18,0,43.29662971,-71.6811573,33013.0,273.4640764642548,4.3478260869565215,396,412,18,0,394,410,151132,2,0,0,2,2
2020-07-02,US,New Hampshire,Rockingham,1479,89,0,42.98499744,-71.12883377,33015.0,477.4525533542737,6.017579445571332,1390,1476,89,0,1387,1474,309176,3,0,0,3,2
2020-07-02,US,New Hampshire,Strafford,292,13,0,43.291833,-71.02336013,33017.0,223.52698016580803,4.452054794520548,279,292,13,0,279,292,130090,0,0,0,0,0
2020-07-02,US,New Hampshire,Sullivan,34,1,0,43.36094111,-72.22203125,33019.0,78.80220646178094,2.9411764705882355,33,33,1,0,32,32,43144,1,0,0,1,1
2020-07-02,US,New Hampshire,Unassigned,1,0,0,0.0,0.0,90033.0,0.0,0.0,1,1,0,0,1,1,,0,0,0,0,0
2020-07-02,US,New Jersey,Atlantic,2898,219,0,39.47538693,-74.65848483,34001.0,1099.1011491637273,7.556935817805384,2679,2878,216,0,2662,2863,265429,20,3,0,17,15
2020-07-02,US,New Jersey,Bergen,19474,1994,0,40.96010917,-74.07164325,34003.0,2089.0322054661974,10.239293416863509,17480,19445,1996,0,17449,19423,936692,29,-2,0,31,22
2020-07-02,US,New Jersey,Burlington,5221,429,0,39.87681124,-74.66927768,34005.0,1172.3389970562414,8.216816701781267,4792,5189,428,0,4761,5168,445384,32,1,0,31,21
2020-07-02,US,New Jersey,Camden,7406,503,0,39.80343818,-74.96388753,34007.0,1462.2752339225738,6.791790440183635,6903,7368,493,0,6875,7317,507078,38,10,0,28,51
2020-07-02,US,New Jersey,Cape May,713,73,0,39.15008829,-74.80170244,34009.0,774.6716066015492,10.23842917251052,640,712,73,0,639,740,92560,1,0,0,1,-28
2020-07-02,US,New Jersey,Cumberland,2991,146,0,39.37199394,-75.10712559,34011.0,2000.3076367478784,4.8813105984620515,2845,2980,145,0,2835,2963,150972,11,1,0,10,17
2020-07-02,US,New Jersey,Essex,18804,2030,0,40.78681335,-74.24657979,34013.0,2353.5154416596265,10.795575409487343,16774,18771,2024,0,16747,18758,799767,33,6,0,27,13
2020-07-02,US,New Jersey,Gloucester,2610,182,0,39.71581067,-75.13995546,34015.0,894.9512405875818,6.973180076628353,2428,2596,182,0,2414,2578,291408,14,0,0,14,18
2020-07-02,US,New Jersey,Hudson,18874,1454,0,40.73766234,-74.07515667,34017.0,2806.9977141276427,7.703719402352442,17420,18842,1457,0,17385,18841,676061,32,-3,0,35,1
2020-07-02,US,New Jersey,Hunterdon,1083,124,0,40.56335249,-74.91284156,34019.0,870.7817738861952,11.449676823638045,959,1081,124,0,957,1080,124714,2,0,0,2,1
2020-07-02,US,New Jersey,Mercer,7693,585,0,40.28047017,-74.70479631,34021.0,2093.7321394551345,7.6043156115949575,7108,7676,579,0,7097,7659,369811,17,6,0,11,17
2020-07-02,US,New Jersey,Middlesex,16852,1323,0,40.43629879,-74.41426991,34023.0,2042.5131687073213,7.8507002136244965,15529,16825,1324,0,15501,16816,829685,27,-1,0,28,9
2020-07-02,US,New Jersey,Monmouth,9211,814,0,40.26549699,-74.22240686,34025.0,1488.5382073222954,8.837259798067526,8397,9163,808,0,8355,9140,621354,48,6,0,42,23
2020-07-02,US,New Jersey,Morris,6777,801,0,40.86095313,-74.54553709999998,34027.0,1377.8731104311319,11.819389110225766,5976,6757,799,0,5958,6738,494228,20,2,0,18,19
2020-07-02,US,New Jersey,Ocean,9631,961,0,39.8895449,-74.28089251,34029.0,1586.169641592527,9.9781954106531,8670,9627,959,0,8668,9614,601651,4,2,0,2,13
2020-07-02,US,New Jersey,Passaic,16920,1187,0,41.03238628,-74.29954144,34031.0,3371.686600534847,7.015366430260048,15733,16894,1187,0,15707,16879,503310,26,0,0,26,15
2020-07-02,US,New Jersey,Salem,779,76,0,39.58719656,-75.34696629999998,34033.0,1248.6976035906066,9.75609756097561,703,778,75,0,703,768,62607,1,1,0,0,10
2020-07-02,US,New Jersey,Somerset,4912,527,0,40.56465737,-74.61683016,34035.0,1493.308688065083,10.728827361563518,4385,4881,528,0,4353,4869,331164,31,-1,0,32,12
2020-07-02,US,New Jersey,Sussex,1198,194,0,41.13891592,-74.69118243,34037.0,852.7418711918456,16.19365609348915,1004,1197,193,0,1004,1192,140799,1,1,0,0,5
2020-07-02,US,New Jersey,Unassigned,672,0,0,0.0,0.0,90034.0,0.0,0.0,672,643,0,0,643,642,,29,0,0,29,1
2020-07-02,US,New Jersey,Union,16394,1325,0,40.65835409,-74.30680092,34039.0,2946.753879365353,8.082225204343054,15069,16384,1329,0,15055,16386,558067,10,-4,0,14,-2
2020-07-02,US,New Jersey,Warren,1243,160,0,40.85951833,-74.99556527,34041.0,1180.80690054813,12.872083668543846,1083,1241,159,0,1082,1233,105779,2,1,0,1,8
2020-07-02,US,New Mexico,Bernalillo,2277,87,0,35.05163625,-106.6703554,35001.0,335.2863480881905,3.820816864295125,2190,2178,86,0,2092,2143,678701,99,1,0,98,35
2020-07-02,US,New Mexico,Catron,2,1,0,33.91514144,-108.4046587,35003.0,56.70541536716757,50.0,1,2,1,0,1,2,3578,0,0,0,0,0
2020-07-02,US,New Mexico,Chaves,100,2,0,33.36406072,-104.4665365,35005.0,154.7628259692022,2.0,98,95,2,0,93,94,64689,5,0,0,5,1
2020-07-02,US,New Mexico,Cibola,214,14,0,34.91131525,-107.998876,35006.0,802.2492970946579,6.542056074766355,200,212,14,0,198,212,26746,2,0,0,2,0
2020-07-02,US,New Mexico,Colfax,10,1,0,36.60569702,-104.64726740000002,35007.0,83.74507997655137,10.0,9,9,1,0,8,9,12110,1,0,0,1,0
2020-07-02,US,New Mexico,Curry,182,0,0,34.57421077,-103.3468876,35009.0,371.7775871226049,0.0,182,165,0,0,165,163,49437,17,0,0,17,2
2020-07-02,US,New Mexico,Dona Ana,999,9,0,32.35275771,-106.8329387,35013.0,457.84733838997215,0.9009009009009008,990,957,9,0,948,949,217522,42,0,0,42,8
2020-07-02,US,New Mexico,Eddy,84,1,0,32.47167456,-104.3053527,35015.0,143.6879917892576,1.1904761904761905,83,82,1,0,81,80,57900,2,0,0,2,2
2020-07-02,US,New Mexico,Grant,20,0,0,32.73911281,-108.3827845,35017.0,74.07956144899622,0.0,20,19,0,0,19,18,27346,1,0,0,1,1
2020-07-02,US,New Mexico,Guadalupe,20,0,0,34.86319296,-104.790669,35019.0,465.11627906976736,0.0,20,20,0,0,20,20,4341,0,0,0,0,0
2020-07-02,US,New Mexico,Harding,1,0,0,35.85751555,-103.8220938,35021.0,160.0,0.0,1,1,0,0,1,1,655,0,0,0,0,0
2020-07-02,US,New Mexico,Hidalgo,54,0,0,31.91383467,-108.7151824,35023.0,1286.3268222963316,0.0,54,49,0,0,49,49,4240,5,0,0,5,0
2020-07-02,US,New Mexico,Lea,142,0,0,32.79215361,-103.4123733,35025.0,199.80301111580133,0.0,142,134,0,0,134,132,69611,8,0,0,8,2
2020-07-02,US,New Mexico,Lincoln,12,0,0,33.74526079,-105.4586166,35027.0,61.312078479460446,0.0,12,11,0,0,11,11,19556,1,0,0,1,0
2020-07-02,US,New Mexico,Los Alamos,8,0,0,35.86631386,-106.3134985,35028.0,41.30311322215912,0.0,8,8,0,0,8,8,19101,0,0,0,0,0
2020-07-02,US,New Mexico,Luna,82,3,0,32.18179341,-107.75088259999998,35029.0,345.86022185667883,3.6585365853658534,79,80,3,0,77,79,23963,2,0,0,2,1
2020-07-02,US,New Mexico,McKinley,3408,172,0,35.58007720000001,-108.262245,35031.0,4775.316322670143,5.046948356807511,3236,3395,170,0,3225,3375,72290,13,2,0,11,20
2020-07-02,US,New Mexico,Otero,44,6,0,32.61348406,-105.7417604,35035.0,65.19484368054525,13.636363636363635,38,43,6,0,37,42,66781,1,0,0,1,1
2020-07-02,US,New Mexico,Quay,6,1,0,35.10403332,-103.5481727,35037.0,72.70083605961469,16.666666666666668,5,6,1,0,5,6,8253,0,0,0,0,0
2020-07-02,US,New Mexico,Rio Arriba,105,1,0,36.51072137,-106.6931674,35039.0,269.77724107808126,0.9523809523809524,104,101,1,0,100,98,39006,4,0,0,4,3
2020-07-02,US,New Mexico,Roosevelt,62,1,0,34.02097406,-103.4799493,35041.0,335.1351351351352,1.6129032258064515,61,59,1,0,58,59,18743,3,0,0,3,0
2020-07-02,US,New Mexico,San Juan,2472,163,0,36.50838318,-108.320437,35045.0,1994.2238500137146,6.593851132686084,2309,2460,163,0,2297,2422,125043,12,0,0,12,38
2020-07-02,US,New Mexico,San Miguel,22,0,0,35.48014807,-104.8163562,35047.0,80.65403086849727,0.0,22,21,0,0,21,21,27591,1,0,0,1,0
2020-07-02,US,New Mexico,Sandoval,740,29,0,35.68862401,-106.8687803,35043.0,504.26581622918195,3.918918918918919,711,731,29,0,702,728,145179,9,0,0,9,3
2020-07-02,US,New Mexico,Santa Fe,246,3,0,35.50708973,-105.9774716,35049.0,163.60951861557086,1.2195121951219512,243,240,3,0,237,237,150056,6,0,0,6,3
2020-07-02,US,New Mexico,Sierra,13,0,0,33.13028233,-107.1925893,35051.0,120.47076267259752,0.0,13,12,0,0,12,11,10968,1,0,0,1,1
2020-07-02,US,New Mexico,Socorro,60,5,0,34.00715494,-106.9298354,35053.0,360.6419426579311,8.333333333333334,55,60,5,0,55,60,16735,0,0,0,0,0
2020-07-02,US,New Mexico,Taos,43,1,0,36.58006022,-105.6310198,35055.0,131.40604467805522,2.3255813953488373,42,43,1,0,42,42,32835,0,0,0,0,1
2020-07-02,US,New Mexico,Torrance,43,1,0,34.64048375,-105.8508949,35057.0,278.1191384774594,2.3255813953488373,42,43,1,0,42,43,15591,0,0,0,0,0
2020-07-02,US,New Mexico,Unassigned,909,0,0,0.0,0.0,90035.0,0.0,0.0,909,908,0,0,908,905,,1,0,0,1,3
2020-07-02,US,New Mexico,Union,8,0,0,36.48126404,-103.4709624,35059.0,197.09288001970933,0.0,8,8,0,0,8,7,4118,0,0,0,0,1
2020-07-02,US,New Mexico,Valencia,132,2,0,34.71669834,-106.8103733,35061.0,172.1260171082829,1.5151515151515151,130,124,2,0,122,121,76456,8,0,0,8,3
2020-07-02,US,New York,Albany,2125,121,0,42.60060306,-73.97723916,36001.0,695.5673538326579,5.694117647058825,2004,2112,121,0,1991,2102,307117,13,0,0,13,10
2020-07-02,US,New York,Allegany,62,0,0,42.25748406,-78.02750466,36003.0,134.5164999674557,0.0,62,61,0,0,61,59,46430,1,0,0,1,2
2020-07-02,US,New York,Broome,729,58,0,42.15903158,-75.81326086,36007.0,382.70127252110365,7.956104252400547,671,722,58,0,664,716,191659,7,0,0,7,6
2020-07-02,US,New York,Cattaraugus,124,6,0,42.24778241,-78.67923096,36009.0,162.90710353797442,4.838709677419356,118,123,6,0,117,123,76840,1,0,0,1,0
2020-07-02,US,New York,Cayuga,119,2,0,42.91261714,-76.55731592,36011.0,155.40117007939824,1.680672268907563,117,119,2,0,117,115,77145,0,0,0,0,4
2020-07-02,US,New York,Chautauqua,127,7,0,42.22769210000001,-79.36691763,36013.0,100.07643633326241,5.511811023622046,120,127,7,0,120,127,127939,0,0,0,0,0
2020-07-02,US,New York,Chemung,144,2,0,42.13891056,-76.7638805,36015.0,172.5460122699386,1.3888888888888888,142,144,2,0,142,141,84254,0,0,0,0,3
2020-07-02,US,New York,Chenango,148,5,0,42.49430041,-75.60887553,36017.0,313.5128264875972,3.3783783783783785,143,146,5,0,141,146,47536,2,0,0,2,0
2020-07-02,US,New York,Clinton,101,4,0,44.74530905,-73.67875352,36019.0,125.48922159408585,3.96039603960396,97,101,4,0,97,101,80695,0,0,0,0,0
2020-07-02,US,New York,Columbia,472,37,0,42.24819348,-73.63089095,36021.0,793.797615243605,7.838983050847457,435,466,37,0,429,464,59916,6,0,0,6,2
2020-07-02,US,New York,Cortland,47,0,0,42.59509207,-76.07048931,36023.0,98.77892436056408,0.0,47,47,0,0,47,47,47823,0,0,0,0,0
2020-07-02,US,New York,Delaware,91,4,0,42.19837623,-74.96709306,36025.0,206.18556701030928,4.395604395604397,87,91,4,0,87,91,44527,0,0,0,0,0
2020-07-02,US,New York,Dutchess,4225,151,0,41.76486060000001,-73.74356679,36027.0,1436.010033376612,3.5739644970414197,4074,4213,151,0,4062,4207,293718,12,0,0,12,6
2020-07-02,US,New York,Erie,7370,634,0,42.76249024,-78.73063652,36029.0,802.2187825867366,8.602442333785618,6736,7337,634,0,6703,7292,919719,33,0,0,33,45
2020-07-02,US,New York,Essex,42,0,0,44.11630765,-73.77297842,36031.0,113.86742578283855,0.0,42,42,0,0,42,42,37300,0,0,0,0,0
2020-07-02,US,New York,Franklin,32,0,0,44.59040891,-74.29926032,36033.0,63.971852384950616,0.0,32,31,0,0,31,30,50293,1,0,0,1,1
2020-07-02,US,New York,Fulton,260,24,0,43.11363907,-74.41798804,36035.0,487.04643800460815,9.23076923076923,236,257,24,0,233,256,53591,3,0,0,3,1
2020-07-02,US,New York,Genesee,238,5,0,43.0022601,-78.19135193,36037.0,415.5027932960894,2.100840336134454,233,238,5,0,233,238,57511,0,0,0,0,0
2020-07-02,US,New York,Greene,260,18,0,42.275797,-74.12384884,36039.0,550.9875392048826,6.9230769230769225,242,260,18,0,242,260,47491,0,0,0,0,0
2020-07-02,US,New York,Hamilton,6,0,0,43.66146647,-74.49721957,36041.0,135.8695652173913,0.0,6,6,0,0,6,6,4434,0,0,0,0,0
2020-07-02,US,New York,Herkimer,164,3,0,43.42034246,-74.96145307,36043.0,267.453807139712,1.8292682926829267,161,162,3,0,159,159,61833,2,0,0,2,3
2020-07-02,US,New York,Jefferson,90,0,0,44.04200959,-75.94653457,36045.0,81.94183950325036,0.0,90,88,0,0,88,86,111755,2,0,0,2,2
2020-07-02,US,New York,Lewis,30,0,0,43.7844157,-75.44903992,36049.0,114.08579251597202,0.0,30,30,0,0,30,30,26447,0,0,0,0,0
2020-07-02,US,New York,Livingston,130,8,0,42.72596275,-77.77966158,36051.0,206.63127443812192,6.153846153846153,122,130,8,0,122,129,63227,0,0,0,0,1
2020-07-02,US,New York,Madison,359,17,0,42.91653905,-75.67266639,36053.0,506.0543268349755,4.735376044568246,342,357,17,0,340,357,70795,2,0,0,2,0
2020-07-02,US,New York,Monroe,3833,266,0,43.14638895,-77.69322942,36055.0,516.7369939469107,6.9397338899034695,3567,3780,266,0,3514,3742,742474,53,0,0,53,38
2020-07-02,US,New York,Montgomery,119,4,0,42.90123494,-74.44011632,36057.0,241.7667255846082,3.361344537815126,115,118,4,0,114,118,49455,1,0,0,1,0
2020-07-02,US,New York,Nassau,41910,2184,0,40.74066522,-73.58941873,36059.0,3088.603341086163,5.211166785969937,39726,41853,2183,0,39670,41807,1358343,57,1,0,56,46
2020-07-02,US,New York,New York City,215902,23123,0,40.76727260000001,-73.97152637,36061.0,2589.741384511619,10.709951737362324,192779,215475,23104,0,192371,215179,1628701,427,19,0,408,296
2020-07-02,US,New York,Niagara,1248,88,0,43.19898042,-78.74777412,36063.0,596.327425805496,7.05128205128205,1160,1237,88,0,1149,1234,210433,11,0,0,11,3
2020-07-02,US,New York,Oneida,1672,90,0,43.24375382,-75.43710392,36065.0,731.1814790681807,5.382775119617225,1582,1642,90,0,1552,1627,229577,30,0,0,30,15
2020-07-02,US,New York,Onondaga,2897,184,0,43.00491923,-76.19971155,36067.0,629.060556578536,6.351397997928893,2713,2863,184,0,2679,2842,461809,34,0,0,34,21
2020-07-02,US,New York,Ontario,268,9,0,42.85145728,-77.30874425,36069.0,244.13128433096185,3.3582089552238807,259,265,9,0,256,259,109864,3,0,0,3,6
2020-07-02,US,New York,Orange,10744,478,0,41.40337468,-74.30240757,36071.0,2791.084324829844,4.448994787788533,10266,10730,478,0,10252,10723,381951,14,0,0,14,7
2020-07-02,US,New York,Orleans,282,51,0,43.2516977,-78.2320066,36073.0,698.8501189532118,18.08510638297872,231,281,51,0,230,281,40612,1,0,0,1,0
2020-07-02,US,New York,Oswego,206,3,0,43.42778894,-76.14635194,36075.0,175.8819712441515,1.4563106796116505,203,201,3,0,198,197,117898,5,0,0,5,4
2020-07-02,US,New York,Otsego,84,5,0,42.63492579,-75.03151402,36077.0,141.1930815390046,5.9523809523809526,79,84,5,0,79,84,59749,0,0,0,0,0
2020-07-02,US,New York,Putnam,1332,63,0,41.42630093,-73.74965532,36079.0,1354.759967453214,4.729729729729731,1269,1329,63,0,1266,1326,98892,3,0,0,3,3
2020-07-02,US,New York,Rensselaer,556,28,0,42.71348136,-73.51089874,36083.0,350.3156621344053,5.035971223021583,528,555,28,0,527,553,159442,1,0,0,1,2
2020-07-02,US,New York,Rockland,13612,668,0,41.15027894,-74.02560498,36087.0,4178.164394746293,4.90743461651484,12944,13602,668,0,12934,13590,325695,10,0,0,10,12
2020-07-02,US,New York,Saratoga,555,14,0,43.10904162,-73.86653895,36091.0,241.44816695161904,2.5225225225225225,541,550,14,0,536,549,230163,5,0,0,5,1
2020-07-02,US,New York,Schenectady,816,37,0,42.81668777,-74.05278291,36093.0,525.4380260014551,4.534313725490196,779,805,37,0,768,800,155350,11,0,0,11,5
2020-07-02,US,New York,Schoharie,58,0,0,42.58831742,-74.44339029999998,36095.0,187.10280976805703,0.0,58,58,0,0,58,58,31097,0,0,0,0,0
2020-07-02,US,New York,Schuyler,13,0,0,42.39184015,-76.8773299,36097.0,73.0049980344808,0.0,13,13,0,0,13,12,17912,0,0,0,0,1
2020-07-02,US,New York,Seneca,70,0,0,42.78081007,-76.82497064,36099.0,205.7855126999059,0.0,70,70,0,0,70,69,34300,0,0,0,0,1
2020-07-02,US,New York,St. Lawrence,220,2,0,44.4976179,-75.06550039,36089.0,204.19528494523854,0.9090909090909092,218,219,2,0,217,219,108047,1,0,0,1,0
2020-07-02,US,New York,Steuben,268,41,0,42.2689144,-77.3829924,36101.0,280.9842837521886,15.298507462686567,227,268,41,0,227,266,95796,0,0,0,0,2
2020-07-02,US,New York,Suffolk,41491,1981,0,40.88320119,-72.8012172,36103.0,2809.8992212520507,4.774529416017932,39510,41427,1981,0,39446,41385,1481093,64,0,0,64,42
2020-07-02,US,New York,Sullivan,1453,45,0,41.71579493,-74.76394559,36105.0,1926.2382012938806,3.097040605643496,1408,1452,45,0,1407,1451,75498,1,0,0,1,1
2020-07-02,US,New York,Tioga,143,24,0,42.16852837,-76.30835812,36107.0,296.66203348339315,16.783216783216783,119,143,24,0,119,143,48560,0,0,0,0,0
2020-07-02,US,New York,Tompkins,178,0,0,42.44945765,-76.47229843,36109.0,174.20238794284595,0.0,178,177,0,0,177,177,102793,1,0,0,1,0
2020-07-02,US,New York,Ulster,1790,86,0,41.89027881,-74.26252104,36111.0,1008.0361316191087,4.804469273743017,1704,1782,86,0,1696,1781,178599,8,0,0,8,1
2020-07-02,US,New York,Warren,264,30,0,43.56173026,-73.8433699,36113.0,412.86125359689726,11.363636363636365,234,263,30,0,233,263,64265,1,0,0,1,0
2020-07-02,US,New York,Washington,246,14,0,43.31153794,-73.43043448,36115.0,401.9345140840468,5.691056910569106,232,246,14,0,232,246,61197,0,0,0,0,0
2020-07-02,US,New York,Wayne,176,3,0,43.15494365,-77.02976528,36117.0,195.73389087835582,1.7045454545454546,173,174,3,0,171,170,90064,2,0,0,2,4
2020-07-02,US,New York,Westchester,34912,1426,0,41.16278376,-73.75741653,36119.0,3608.4530741928215,4.0845554537121895,33486,34866,1425,0,33441,34838,967612,46,1,0,45,28
2020-07-02,US,New York,Wyoming,95,5,0,42.70145109,-78.22199579,36121.0,238.34014902531425,5.2631578947368425,90,95,5,0,90,95,40085,0,0,0,0,0
2020-07-02,US,New York,Yates,46,6,0,42.63505484,-77.10369919,36123.0,184.6425560952113,13.043478260869565,40,46,6,0,40,46,24841,0,0,0,0,0
2020-07-02,US,North Carolina,Alamance,1179,37,0,36.0434701,-79.39976137,37001.0,695.5382900023008,3.1382527565733667,1142,1151,37,0,1114,1146,166436,28,0,0,28,5
2020-07-02,US,North Carolina,Alexander,101,1,0,35.922379600000006,-81.17751948,37003.0,269.35488172387124,0.99009900990099,100,93,1,0,92,91,37353,8,0,0,8,2
2020-07-02,US,North Carolina,Alleghany,36,0,0,36.49360862,-81.12857041,37005.0,323.2468348747418,0.0,36,32,0,0,32,31,11161,4,0,0,4,1
2020-07-02,US,North Carolina,Anson,138,2,0,34.97403241,-80.09953279,37007.0,564.5095312116501,1.4492753623188406,136,132,2,0,130,128,24877,6,0,0,6,4
2020-07-02,US,North Carolina,Ashe,54,1,0,36.43296207,-81.49862729,37009.0,198.50751755321102,1.851851851851852,53,54,1,0,53,54,27109,0,0,0,0,0
2020-07-02,US,North Carolina,Avery,13,0,0,36.07569796,-81.92308483,37011.0,74.04454063906135,0.0,13,12,0,0,12,12,17505,1,0,0,1,0
2020-07-02,US,North Carolina,Beaufort,93,0,0,35.48531943,-76.84325809,37013.0,197.89760394944042,0.0,93,83,0,0,83,83,47079,10,0,0,10,0
2020-07-02,US,North Carolina,Bertie,146,4,0,36.0688473,-76.96545943,37015.0,770.5705388715892,2.7397260273972597,142,146,4,0,142,145,19026,0,0,0,0,1
2020-07-02,US,North Carolina,Bladen,384,3,0,34.61296243,-78.56180059,37017.0,1173.522400831245,0.78125,381,379,3,0,376,371,33190,5,0,0,5,8
2020-07-02,US,North Carolina,Brunswick,574,6,0,34.070565,-78.22814204,37019.0,401.9044951687439,1.0452961672473868,568,546,6,0,540,510,136744,28,0,0,28,36
2020-07-02,US,North Carolina,Buncombe,624,40,0,35.61113393,-82.53305,37021.0,238.9056284481472,6.410256410256411,584,603,40,0,563,591,259103,21,0,0,21,12
2020-07-02,US,North Carolina,Burke,1057,20,0,35.74989637,-81.70755735,37023.0,1168.149417030447,1.8921475875118257,1037,1042,20,0,1022,1033,90382,15,0,0,15,9
2020-07-02,US,North Carolina,Cabarrus,1187,33,0,35.3877799,-80.55267168,37025.0,548.386947743852,2.7801179443976407,1154,1164,33,0,1131,1164,211342,23,0,0,23,0
2020-07-02,US,North Carolina,Caldwell,452,4,0,35.95204977,-81.54799522,37027.0,550.0255542846019,0.8849557522123894,448,434,4,0,430,419,82029,18,0,0,18,15
2020-07-02,US,North Carolina,Camden,30,0,0,36.33804939,-76.15568396,37029.0,276.06515137572467,0.0,30,29,0,0,29,28,10710,1,0,0,1,1
2020-07-02,US,North Carolina,Carteret,94,3,0,34.8932941,-76.54120135,37031.0,135.3043628459977,3.191489361702128,91,94,3,0,91,94,69524,0,0,0,0,0
2020-07-02,US,North Carolina,Caswell,141,1,0,36.39312665,-79.33353281,37033.0,623.7834011679349,0.7092198581560284,140,135,1,0,134,135,22698,6,0,0,6,0
2020-07-02,US,North Carolina,Catawba,826,14,0,35.66211129,-81.2132617,37035.0,517.7028034923003,1.6949152542372878,812,825,14,0,811,825,158652,1,0,0,1,0
2020-07-02,US,North Carolina,Chatham,964,43,0,35.70394416,-79.25541492,37037.0,1294.4809990600245,4.460580912863072,921,956,43,0,913,950,73139,8,0,0,8,6
2020-07-02,US,North Carolina,Cherokee,45,2,0,35.1349263,-84.05970864,37039.0,157.27666713267158,4.4444444444444455,43,36,1,0,35,36,28383,9,1,0,8,0
2020-07-02,US,North Carolina,Chowan,25,0,0,36.12908077,-76.60118385,37041.0,179.3014415835903,0.0,25,24,0,0,24,24,14029,1,0,0,1,0
2020-07-02,US,North Carolina,Clay,12,0,0,35.05704275,-83.74353633,37043.0,106.84711957973468,0.0,12,12,0,0,12,12,11139,0,0,0,0,0
2020-07-02,US,North Carolina,Cleveland,324,4,0,35.33553364,-81.55204486,37045.0,330.7911421483047,1.2345679012345678,320,315,4,0,311,297,97645,9,0,0,9,18
2020-07-02,US,North Carolina,Columbus,543,39,0,34.26744084,-78.65801424,37047.0,978.2373711897383,7.18232044198895,504,535,39,0,496,521,55655,8,0,0,8,14
2020-07-02,US,North Carolina,Craven,382,6,0,35.11833364,-77.08398081,37049.0,374.0001370681131,1.5706806282722514,376,372,6,0,366,365,102912,10,0,0,10,7
2020-07-02,US,North Carolina,Cumberland,1266,41,0,35.04762133,-78.82623165,37051.0,377.33712061375405,3.238546603475513,1225,1218,41,0,1177,1180,332330,48,0,0,48,38
2020-07-02,US,North Carolina,Currituck,19,0,0,36.36123664,-75.95876401,37053.0,68.43640816914599,0.0,19,19,0,0,19,19,27072,0,0,0,0,0
2020-07-02,US,North Carolina,Dare,59,1,0,35.66520691,-75.71767334,37055.0,159.4206814558621,1.6949152542372878,58,59,1,0,58,59,36501,0,0,0,0,0
2020-07-02,US,North Carolina,Davidson,1012,15,0,35.79115496,-80.21256572,37057.0,603.7861928655383,1.4822134387351782,997,989,15,0,974,946,166614,23,0,0,23,43
2020-07-02,US,North Carolina,Davie,214,4,0,35.93099927,-80.54496571,37059.0,499.4631937637118,1.8691588785046729,210,214,4,0,210,214,42733,0,0,0,0,0
2020-07-02,US,North Carolina,Duplin,1509,28,0,34.93449805,-77.93140529,37061.0,2568.904172554093,1.8555334658714382,1481,1486,28,0,1458,1468,58856,23,0,0,23,18
2020-07-02,US,North Carolina,Durham,3830,63,0,36.03638492,-78.87608331,37063.0,1191.3352908973275,1.6449086161879896,3767,3752,63,0,3689,3679,316739,78,0,0,78,73
2020-07-02,US,North Carolina,Edgecombe,326,9,0,35.91230639,-77.59436892,37065.0,633.3540565744482,2.7607361963190185,317,317,9,0,308,315,52005,9,0,0,9,2
2020-07-02,US,North Carolina,Forsyth,3132,37,0,36.12859861,-80.25459052,37067.0,819.2626113341793,1.181353767560664,3095,3077,35,0,3042,2996,379099,55,2,0,53,81
2020-07-02,US,North Carolina,Franklin,371,21,0,36.081519,-78.28708884,37069.0,532.3957810145655,5.660377358490566,350,357,21,0,336,345,67560,14,0,0,14,12
2020-07-02,US,North Carolina,Gaston,1168,12,0,35.29373559,-81.17477045,37071.0,520.2000632435008,1.0273972602739727,1156,1139,12,0,1127,1083,222846,29,0,0,29,56
2020-07-02,US,North Carolina,Gates,27,2,0,36.44667547,-76.69749701,37073.0,233.52361183186298,7.407407407407407,25,27,2,0,25,27,11573,0,0,0,0,0
2020-07-02,US,North Carolina,Graham,10,0,0,35.3506925,-83.83369267,37075.0,118.46937566639023,0.0,10,10,0,0,10,9,8484,0,0,0,0,1
2020-07-02,US,North Carolina,Granville,814,21,0,36.30337451,-78.65184241,37077.0,1346.723359197922,2.57985257985258,793,813,21,0,792,813,60115,1,0,0,1,0
2020-07-02,US,North Carolina,Greene,183,3,0,35.48544173,-77.67578087,37079.0,868.5746831838246,1.639344262295082,180,175,3,0,172,174,21012,8,0,0,8,1
2020-07-02,US,North Carolina,Guilford,2946,117,0,36.07959451,-79.78824948,37081.0,548.4256497894537,3.9714867617107945,2829,2891,115,0,2776,2812,533670,55,2,0,53,79
2020-07-02,US,North Carolina,Halifax,321,4,0,36.25669272,-77.6556109,37083.0,641.8716256748651,1.2461059190031152,317,321,4,0,317,321,50574,0,0,0,0,0
2020-07-02,US,North Carolina,Harnett,667,30,0,35.36731853,-78.87243571,37085.0,490.5277401894452,4.497751124437781,637,648,30,0,618,630,134214,19,0,0,19,18
2020-07-02,US,North Carolina,Haywood,91,0,0,35.55269063,-82.98196486,37087.0,146.02756872121572,0.0,91,90,0,0,90,90,61971,1,0,0,1,0
2020-07-02,US,North Carolina,Henderson,667,50,0,35.33788927,-82.4766782,37089.0,568.0608429784444,7.496251874062969,617,644,50,0,594,610,116748,23,0,0,23,34
2020-07-02,US,North Carolina,Hertford,166,10,0,36.3607755,-76.98104134,37091.0,701.1023355999494,6.024096385542169,156,164,10,0,154,162,23659,2,0,0,2,2
2020-07-02,US,North Carolina,Hoke,388,3,0,35.01888303,-79.23651674,37093.0,702.4658724698555,0.7731958762886598,385,383,3,0,380,371,54764,5,0,0,5,12
2020-07-02,US,North Carolina,Hyde,12,0,0,35.42017674,-76.15180542,37095.0,243.0625886165688,0.0,12,12,0,0,12,11,5230,0,0,0,0,1
2020-07-02,US,North Carolina,Iredell,817,9,0,35.80950511,-80.8743128,37097.0,449.3801084672673,1.1015911872705018,808,785,9,0,776,778,178435,32,0,0,32,7
2020-07-02,US,North Carolina,Jackson,125,1,0,35.28814273,-83.14093385,37099.0,284.4917838772816,0.8,124,117,1,0,116,115,43327,8,0,0,8,2
2020-07-02,US,North Carolina,Johnston,1570,32,0,35.51745004,-78.36622717,37101.0,749.9796980018057,2.0382165605095537,1538,1541,32,0,1509,1541,202675,29,0,0,29,0
2020-07-02,US,North Carolina,Jones,35,3,0,35.02254606,-77.35870791,37103.0,371.5893406943412,8.571428571428571,32,35,3,0,32,35,9637,0,0,0,0,0
2020-07-02,US,North Carolina,Lee,843,8,0,35.47623147,-79.17569362,37105.0,1364.541349002088,0.9489916963226572,835,841,8,0,833,823,61452,2,0,0,2,18
2020-07-02,US,North Carolina,Lenoir,375,11,0,35.24032589999999,-77.64245615,37107.0,670.2532663675847,2.933333333333333,364,371,11,0,360,368,55976,4,0,0,4,3
2020-07-02,US,North Carolina,Lincoln,268,2,0,35.48508185,-81.21740317,37109.0,311.2262080338168,0.746268656716418,266,258,2,0,256,252,83770,10,0,0,10,6
2020-07-02,US,North Carolina,Macon,289,3,0,35.14867843,-83.41696617,37113.0,805.9568297172177,1.038062283737024,286,282,3,0,279,282,35285,7,0,0,7,0
2020-07-02,US,North Carolina,Madison,13,0,0,35.85402722,-82.71346418,37115.0,59.756377844173755,0.0,13,14,0,0,14,12,21763,-1,0,0,-1,2
2020-07-02,US,North Carolina,Martin,137,4,0,35.84326734,-77.10860251,37117.0,610.5169340463458,2.9197080291970803,133,135,4,0,131,133,22671,2,0,0,2,2
2020-07-02,US,North Carolina,McDowell,245,2,0,35.67736232,-82.0482425,37111.0,535.4489028761255,0.8163265306122449,243,237,2,0,235,235,45507,8,0,0,8,2
2020-07-02,US,North Carolina,Mecklenburg,11803,150,0,35.24469268,-80.8317671,37119.0,1062.9924096415923,1.2708633398288571,11653,11534,150,0,11384,11170,1093901,269,0,0,269,364
2020-07-02,US,North Carolina,Mitchell,34,0,0,36.01059309,-82.1582442,37121.0,227.21197540764496,0.0,34,33,0,0,33,32,15000,1,0,0,1,1
2020-07-02,US,North Carolina,Montgomery,321,7,0,35.33155144,-79.90416657,37123.0,1181.3196923416624,2.1806853582554515,314,317,7,0,310,309,27271,4,0,0,4,8
2020-07-02,US,North Carolina,Moore,500,14,0,35.30885257,-79.48474178,37125.0,495.63838223632035,2.8,486,484,14,0,470,458,98682,16,0,0,16,26
2020-07-02,US,North Carolina,Nash,489,6,0,35.96575634,-77.98422508,37127.0,518.5687925512736,1.2269938650306749,483,478,6,0,472,469,94016,11,0,0,11,9
2020-07-02,US,North Carolina,New Hanover,1018,6,0,34.25758282,-77.87075626,37129.0,434.16512775458153,0.5893909626719057,1012,1018,5,0,1013,1018,232274,0,1,0,-1,0
2020-07-02,US,North Carolina,Northampton,199,15,0,36.41736238,-77.39769443,37131.0,1021.4032746496948,7.537688442211055,184,199,15,0,184,199,19676,0,0,0,0,0
2020-07-02,US,North Carolina,Onslow,324,3,0,34.72607366,-77.42908179,37133.0,163.68761935555574,0.925925925925926,321,308,3,0,305,290,197683,16,0,0,16,18
2020-07-02,US,North Carolina,Orange,715,41,0,36.06092947,-79.12167935,37135.0,481.5593092486328,5.734265734265734,674,690,41,0,649,669,146027,25,0,0,25,21
2020-07-02,US,North Carolina,Pamlico,22,1,0,35.15253315,-76.66559823,37137.0,172.87443030017292,4.545454545454546,21,21,1,0,20,21,12670,1,0,0,1,0
2020-07-02,US,North Carolina,Pasquotank,212,17,0,36.26723798,-76.25134778,37139.0,532.342306147047,8.018867924528301,195,210,17,0,193,203,39639,2,0,0,2,7
2020-07-02,US,North Carolina,Pender,271,2,0,34.52265624,-77.90352133,37141.0,429.74944497304153,0.7380073800738007,269,262,1,0,261,261,62162,9,1,0,8,1
2020-07-02,US,North Carolina,Perquimans,36,2,0,36.17847453,-76.40603143,37143.0,267.3995394785709,5.5555555555555545,34,36,2,0,34,36,13422,0,0,0,0,0
2020-07-02,US,North Carolina,Person,107,1,0,36.38989032,-78.97217358,37145.0,270.95467206887815,0.9345794392523364,106,107,1,0,106,107,39507,0,0,0,0,0
2020-07-02,US,North Carolina,Pitt,732,7,0,35.59535426,-77.37353178,37147.0,404.99717829834793,0.9562841530054644,725,709,7,0,702,696,179914,23,0,0,23,13
2020-07-02,US,North Carolina,Polk,74,4,0,35.27820615,-82.16812354,37149.0,357.0739239529049,5.405405405405406,70,73,4,0,69,73,20611,1,0,0,1,0
2020-07-02,US,North Carolina,Randolph,1234,30,0,35.71015088,-79.80570339,37151.0,858.9307217384646,2.4311183144246358,1204,1206,30,0,1176,1201,143351,28,0,0,28,5
2020-07-02,US,North Carolina,Richmond,296,7,0,35.00417719,-79.74491009,37153.0,660.2868678757053,2.3648648648648654,289,290,7,0,283,278,44887,6,0,0,6,12
2020-07-02,US,North Carolina,Robeson,1264,39,0,34.64244496,-79.10250529999998,37155.0,967.6555023923444,3.085443037974684,1225,1240,39,0,1201,1240,131831,24,0,0,24,0
2020-07-02,US,North Carolina,Rockingham,235,2,0,36.39593137,-79.77504841,37157.0,258.2133831447094,0.851063829787234,233,234,2,0,232,231,90690,1,0,0,1,3
2020-07-02,US,North Carolina,Rowan,1251,42,0,35.64003916,-80.52446628,37159.0,880.4402905241823,3.357314148681055,1209,1227,42,0,1185,1205,141262,24,0,0,24,22
2020-07-02,US,North Carolina,Rutherford,307,9,0,35.40114178,-81.92112099,37161.0,458.01071178146765,2.931596091205212,298,306,9,0,297,306,66826,1,0,0,1,0
2020-07-02,US,North Carolina,Sampson,1071,6,0,34.98820368,-78.36914061,37163.0,1685.7911885536193,0.5602240896358543,1065,1060,6,0,1054,1040,63626,11,0,0,11,20
2020-07-02,US,North Carolina,Scotland,142,2,0,34.8386299,-79.4757978,37165.0,407.77646957470637,1.4084507042253518,140,138,2,0,136,137,34810,4,0,0,4,1
2020-07-02,US,North Carolina,Stanly,411,5,0,35.31647813,-80.25093221,37167.0,654.3960768079482,1.2165450121654502,406,394,5,0,389,378,62075,17,0,0,17,16
2020-07-02,US,North Carolina,Stokes,129,1,0,36.4017975,-80.23893369,37169.0,282.95058235177993,0.7751937984496124,128,129,1,0,128,125,45467,0,0,0,0,4
2020-07-02,US,North Carolina,Surry,488,2,0,36.41689489,-80.69102283,37171.0,679.8266999150218,0.4098360655737705,486,482,2,0,480,470,71948,6,0,0,6,12
2020-07-02,US,North Carolina,Swain,58,1,0,35.48665845,-83.48748932,37173.0,406.41861116950463,1.7241379310344829,57,58,1,0,57,58,14245,0,0,0,0,0
2020-07-02,US,North Carolina,Transylvania,22,1,0,35.20383864,-82.79638423,37175.0,63.981387232805005,4.545454545454546,21,22,1,0,21,22,34215,0,0,0,0,0
2020-07-02,US,North Carolina,Tyrrell,11,0,0,35.87147226,-76.17055253,37177.0,273.9043824701195,0.0,11,11,0,0,11,10,4131,0,0,0,0,1
2020-07-02,US,North Carolina,Union,1311,25,0,34.98960527,-80.52955873,37179.0,546.5711105274348,1.9069412662090008,1286,1261,24,0,1237,1201,235908,50,1,0,49,60
2020-07-02,US,North Carolina,Vance,507,37,0,36.36880673,-78.40670845,37181.0,1138.430447962277,7.2978303747534525,470,506,37,0,469,502,44582,1,0,0,1,4
2020-07-02,US,North Carolina,Wake,5453,49,0,35.78879266,-78.65249174,37183.0,490.48311642520287,0.8985879332477535,5404,5298,47,0,5251,5178,1092305,155,2,0,153,120
2020-07-02,US,North Carolina,Warren,161,5,0,36.39728256,-78.10652228,37185.0,815.9748618924533,3.1055900621118013,156,161,5,0,156,161,19807,0,0,0,0,0
2020-07-02,US,North Carolina,Washington,38,3,0,35.83810081,-76.57299037,37187.0,328.15198618307426,7.894736842105262,35,38,3,0,35,38,11859,0,0,0,0,0
2020-07-02,US,North Carolina,Watauga,75,0,0,36.23103603,-81.70033724,37189.0,133.50659522580415,0.0,75,70,0,0,70,68,55945,5,0,0,5,2
2020-07-02,US,North Carolina,Wayne,1847,28,0,35.36438125,-78.00027268,37191.0,1500.0284250107609,1.5159718462371412,1819,1822,28,0,1794,1802,123248,25,0,0,25,20
2020-07-02,US,North Carolina,Wilkes,583,6,0,36.2084135,-81.16232895,37193.0,852.1896743261418,1.0291595197255574,577,578,6,0,572,576,68557,5,0,0,5,2
2020-07-02,US,North Carolina,Wilson,745,20,0,35.70625477,-77.917978,37195.0,910.7468123861566,2.684563758389262,725,735,19,0,716,735,81455,10,1,0,9,0
2020-07-02,US,North Carolina,Yadkin,337,4,0,36.16222629,-80.66239436,37197.0,894.6823479438235,1.1869436201780414,333,337,4,0,333,337,37543,0,0,0,0,0
2020-07-02,US,North Carolina,Yancey,44,0,0,35.90079156,-82.31237181,37199.0,243.5109856660579,0.0,44,44,0,0,44,44,17903,0,0,0,0,0
2020-07-02,US,North Dakota,Barnes,19,0,0,46.93579637,-98.06605978,38003.0,182.4291886701872,0.0,19,19,0,0,19,19,10542,0,0,0,0,0
2020-07-02,US,North Dakota,Benson,4,0,0,48.0683985,-99.35916363,38005.0,58.5480093676815,0.0,4,4,0,0,4,4,6962,0,0,0,0,0
2020-07-02,US,North Dakota,Billings,1,0,0,47.02366884,-103.3762965,38007.0,107.75862068965515,0.0,1,1,0,0,1,1,919,0,0,0,0,0
2020-07-02,US,North Dakota,Bottineau,5,0,0,48.79106111,-100.8378166,38009.0,79.59248646927729,0.0,5,5,0,0,5,5,6411,0,0,0,0,0
2020-07-02,US,North Dakota,Bowman,1,0,0,46.11285362,-103.5203343,38011.0,33.06878306878307,0.0,1,1,0,0,1,1,3076,0,0,0,0,0
2020-07-02,US,North Dakota,Burke,5,0,0,48.79094471,-102.5182117,38013.0,236.40661938534282,0.0,5,5,0,0,5,5,2100,0,0,0,0,0
2020-07-02,US,North Dakota,Burleigh,281,0,0,46.97847375,-100.4645214,38015.0,293.8531361763537,0.0,281,267,0,0,267,258,95273,14,0,0,14,9
2020-07-02,US,North Dakota,Cass,2277,66,0,46.93201724,-97.2444719,38017.0,1251.6284362065269,2.898550724637681,2211,2260,66,0,2194,2245,181516,17,0,0,17,15
2020-07-02,US,North Dakota,Cavalier,3,0,0,48.77286211,-98.46685243,38019.0,79.74481658692186,0.0,3,2,0,0,2,2,3829,1,0,0,1,0
2020-07-02,US,North Dakota,Dickey,4,0,0,46.11017712,-98.5049008,38021.0,82.10180623973726,0.0,4,4,0,0,4,4,4903,0,0,0,0,0
2020-07-02,US,North Dakota,Divide,1,0,0,48.814938700000006,-103.4873611,38023.0,44.16961130742049,0.0,1,1,0,0,1,1,2283,0,0,0,0,0
2020-07-02,US,North Dakota,Dunn,14,0,0,47.35423935,-102.6160468,38025.0,316.4556962025317,0.0,14,14,0,0,14,13,4332,0,0,0,0,1
2020-07-02,US,North Dakota,Eddy,5,0,0,47.71701474,-98.90432337,38027.0,218.62702229995628,0.0,5,5,0,0,5,5,2313,0,0,0,0,0
2020-07-02,US,North Dakota,Emmons,4,1,0,46.28398398,-100.2389766,38029.0,123.41869793273679,25.0,3,4,1,0,3,4,3295,0,0,0,0,0
2020-07-02,US,North Dakota,Foster,2,0,0,47.4571084,-98.88279923,38031.0,62.30529595015578,0.0,2,2,0,0,2,2,3216,0,0,0,0,0
2020-07-02,US,North Dakota,Grand Forks,390,4,0,47.92093639,-97.45450447,38035.0,561.5469899641473,1.0256410256410255,386,387,4,0,383,385,70770,3,0,0,3,2
2020-07-02,US,North Dakota,Grant,3,0,0,46.35821257,-101.6390013,38037.0,131.9261213720317,0.0,3,3,0,0,3,3,2374,0,0,0,0,0
2020-07-02,US,North Dakota,Griggs,2,0,0,47.45785838,-98.23850925,38039.0,89.64589870013447,0.0,2,2,0,0,2,2,2232,0,0,0,0,0
2020-07-02,US,North Dakota,Hettinger,1,0,0,46.43375068,-102.4632417,38041.0,40.01600640256103,0.0,1,1,0,0,1,1,2514,0,0,0,0,0
2020-07-02,US,North Dakota,Kidder,2,0,0,46.97830064,-99.77507857,38043.0,80.64516129032258,0.0,2,2,0,0,2,2,2450,0,0,0,0,0
2020-07-02,US,North Dakota,LaMoure,13,0,0,46.45681054,-98.53542355,38045.0,321.3049925852694,0.0,13,13,0,0,13,13,4062,0,0,0,0,0
2020-07-02,US,North Dakota,McHenry,4,1,0,48.23104458,-100.6324822,38049.0,69.62576153176676,25.0,3,3,1,0,2,3,5816,1,0,0,1,0
2020-07-02,US,North Dakota,McIntosh,2,0,0,46.11182017,-99.44145858,38051.0,80.0961153384061,0.0,2,2,0,0,2,2,2585,0,0,0,0,0
2020-07-02,US,North Dakota,McKenzie,27,0,0,47.74133370000001,-103.395905,38053.0,179.71246006389774,0.0,27,27,0,0,27,27,13632,0,0,0,0,0
2020-07-02,US,North Dakota,McLean,11,0,0,47.60766714,-101.3182418,38055.0,116.40211640211642,0.0,11,11,0,0,11,11,9541,0,0,0,0,0
2020-07-02,US,North Dakota,Mercer,7,0,0,47.31213126,-101.8318399,38057.0,85.5014046659338,0.0,7,7,0,0,7,6,8267,0,0,0,0,1
2020-07-02,US,North Dakota,Morton,93,2,0,46.71681782,-101.2822377,38059.0,296.5183012370872,2.150537634408602,91,91,2,0,89,91,31095,2,0,0,2,0
2020-07-02,US,North Dakota,Mountrail,50,0,0,48.20197971,-102.3555315,38061.0,474.158368895211,0.0,50,50,0,0,50,50,10218,0,0,0,0,0
2020-07-02,US,North Dakota,Nelson,1,0,0,47.9226426,-98.19038437,38063.0,34.734282737061484,0.0,1,1,0,0,1,1,2869,0,0,0,0,0
2020-07-02,US,North Dakota,Oliver,2,0,0,47.11530482,-101.3406158,38065.0,102.09290454313421,0.0,2,2,0,0,2,2,1952,0,0,0,0,0
2020-07-02,US,North Dakota,Pembina,9,0,0,48.76623521,-97.5523809,38067.0,132.33348037053378,0.0,9,9,0,0,9,9,6947,0,0,0,0,0
2020-07-02,US,North Dakota,Pierce,5,0,0,48.24977025,-99.96407787,38069.0,125.78616352201256,0.0,5,5,0,0,5,5,4081,0,0,0,0,0
2020-07-02,US,North Dakota,Ramsey,10,1,0,48.26886249,-98.72223879,38071.0,86.81309141418525,10.0,9,10,1,0,9,10,11481,0,0,0,0,0
2020-07-02,US,North Dakota,Ransom,17,0,0,46.45621782,-97.65742504,38073.0,325.7953238788808,0.0,17,17,0,0,17,17,5237,0,0,0,0,0
2020-07-02,US,North Dakota,Renville,5,0,0,48.71982533,-101.6603912,38075.0,214.86892995272885,0.0,5,5,0,0,5,5,2374,0,0,0,0,0
2020-07-02,US,North Dakota,Richland,41,0,0,46.26440649,-96.94852979,38077.0,253.4462508499722,0.0,41,41,0,0,41,41,16239,0,0,0,0,0
2020-07-02,US,North Dakota,Rolette,10,0,0,48.77245354,-99.84097493,38079.0,70.54176072234762,0.0,10,10,0,0,10,10,14301,0,0,0,0,0
2020-07-02,US,North Dakota,Sargent,6,0,0,46.10830372,-97.63217159,38081.0,153.9250897896357,0.0,6,6,0,0,6,6,3870,0,0,0,0,0
2020-07-02,US,North Dakota,Sheridan,1,0,0,47.57700669,-100.3426391,38083.0,76.04562737642586,0.0,1,1,0,0,1,1,1349,0,0,0,0,0
2020-07-02,US,North Dakota,Sioux,23,0,0,46.11323337,-101.0440149,38085.0,543.7352245862884,0.0,23,24,0,0,24,24,4358,-1,0,0,-1,0
2020-07-02,US,North Dakota,Slope,3,0,0,46.44737738,-103.4601547,38087.0,400.0,0.0,3,3,0,0,3,3,763,0,0,0,0,0
2020-07-02,US,North Dakota,Stark,77,3,0,46.80851182,-102.6576326,38089.0,244.52983581568168,3.8961038961038965,74,75,3,0,72,73,30997,2,0,0,2,2
2020-07-02,US,North Dakota,Steele,2,0,0,47.45611548,-97.72728747,38091.0,105.82010582010582,0.0,2,2,0,0,2,1,1903,0,0,0,0,1
2020-07-02,US,North Dakota,Stutsman,63,1,0,46.97962541,-98.95637318,38093.0,304.28902627511593,1.5873015873015872,62,63,1,0,62,63,20917,0,0,0,0,0
2020-07-02,US,North Dakota,Traill,20,0,0,47.45367788,-97.16323288,38097.0,248.8800398208064,0.0,20,19,0,0,19,17,8037,1,0,0,1,2
2020-07-02,US,North Dakota,Walsh,25,0,0,48.36876964,-97.72574783,38099.0,234.9403251574101,0.0,25,24,0,0,24,23,10667,1,0,0,1,1
2020-07-02,US,North Dakota,Ward,60,1,0,48.22390169,-101.5436763,38101.0,88.70359693085554,1.6666666666666667,59,60,1,0,59,60,67744,0,0,0,0,0
2020-07-02,US,North Dakota,Wells,9,0,0,47.58614526,-99.65904998,38103.0,234.74178403755863,0.0,9,8,0,0,8,8,3957,1,0,0,1,0
2020-07-02,US,North Dakota,Williams,37,0,0,48.34522353,-103.4793387,38105.0,98.43305222272474,0.0,37,37,0,0,37,32,35350,0,0,0,0,5
2020-07-02,US,Ohio,Adams,21,1,0,38.84541072,-83.4718964,39001.0,75.81774857390425,4.761904761904762,20,21,1,0,20,21,27724,0,0,0,0,0
2020-07-02,US,Ohio,Allen,297,40,0,40.77285242,-84.10802343,39003.0,290.17791716739447,13.468013468013467,257,297,40,0,257,293,102663,0,0,0,0,4
2020-07-02,US,Ohio,Ashland,55,1,0,40.84772277,-82.27280781,39005.0,102.83449255852214,1.818181818181818,54,55,1,0,54,53,53745,0,0,0,0,2
2020-07-02,US,Ohio,Ashtabula,421,44,0,41.70860332,-80.74830218,39007.0,432.9449512037104,10.451306413301662,377,421,44,0,377,420,97493,0,0,0,0,1
2020-07-02,US,Ohio,Athens,37,1,0,39.33425634,-82.04278644,39009.0,56.63814349350192,2.702702702702702,36,37,1,0,36,33,65818,0,0,0,0,4
2020-07-02,US,Ohio,Auglaize,99,3,0,40.55998859,-84.22421429999999,39011.0,216.8389696863501,3.0303030303030303,96,99,3,0,96,99,45804,0,0,0,0,0
2020-07-02,US,Ohio,Belmont,534,21,0,40.01625942,-80.9924051,39013.0,796.9435572933768,3.9325842696629216,513,534,21,0,513,528,67505,0,0,0,0,6
2020-07-02,US,Ohio,Brown,53,1,0,38.93416837,-83.86788395,39015.0,122.02983974949345,1.8867924528301887,52,53,1,0,52,52,43602,0,0,0,0,1
2020-07-02,US,Ohio,Butler,1448,44,0,39.44012838,-84.57388716,39017.0,377.9356569764103,3.0386740331491717,1404,1448,44,0,1404,1405,382378,0,0,0,0,43
2020-07-02,US,Ohio,Carroll,51,3,0,40.578968599999996,-81.09178213,39019.0,189.49245745708552,5.882352941176472,48,51,3,0,48,51,27081,0,0,0,0,0
2020-07-02,US,Ohio,Champaign,38,1,0,40.13923427,-83.76875242,39021.0,97.72405812009771,2.631578947368421,37,38,1,0,37,37,38754,0,0,0,0,1
2020-07-02,US,Ohio,Clark,739,9,0,39.91592258,-83.78498252,39023.0,551.1511526442576,1.2178619756427604,730,739,9,0,730,729,134585,0,0,0,0,10
2020-07-02,US,Ohio,Clermont,356,6,0,39.04847534,-84.15375786,39025.0,172.45722479508598,1.6853932584269662,350,356,6,0,350,347,205466,0,0,0,0,9
2020-07-02,US,Ohio,Clinton,62,0,0,39.41485808,-83.80852286,39027.0,147.73160503240558,0.0,62,62,0,0,62,61,42057,0,0,0,0,1
2020-07-02,US,Ohio,Columbiana,1209,60,0,40.76932373,-80.78094576,39029.0,1186.655281057684,4.962779156327543,1149,1209,60,0,1149,1205,102665,0,0,0,0,4
2020-07-02,US,Ohio,Coshocton,81,1,0,40.30096166,-81.91729018,39031.0,221.31147540983608,1.2345679012345678,80,81,1,0,80,76,36629,0,0,0,0,5
2020-07-02,US,Ohio,Crawford,135,7,0,40.85065156,-82.91989099,39033.0,325.34824311948717,5.185185185185184,128,135,7,0,128,135,41550,0,0,0,0,0
2020-07-02,US,Ohio,Cuyahoga,7013,366,0,41.424119,-81.65918339,39035.0,567.8211472691471,5.2188792242977335,6647,7013,366,0,6647,6831,1243857,0,0,0,0,182
2020-07-02,US,Ohio,Darke,236,25,0,40.13412966,-84.6194517,39037.0,461.72206679318367,10.59322033898305,211,236,25,0,211,234,51323,0,0,0,0,2
2020-07-02,US,Ohio,Defiance,48,3,0,41.32398837,-84.49076944,39039.0,126.02725339354635,6.25,45,48,3,0,45,45,38165,0,0,0,0,3
2020-07-02,US,Ohio,Delaware,518,15,0,40.27942393,-83.00457058,39041.0,247.63716852235189,2.895752895752896,503,518,15,0,503,494,204826,0,0,0,0,24
2020-07-02,US,Ohio,Erie,229,22,0,41.36796058,-82.62904521,39043.0,308.3510623973285,9.60698689956332,207,229,22,0,207,228,74615,0,0,0,0,1
2020-07-02,US,Ohio,Fairfield,503,16,0,39.75107189,-82.63088163,39045.0,319.215098937642,3.1809145129224654,487,503,16,0,487,481,155782,0,0,0,0,22
2020-07-02,US,Ohio,Fayette,46,0,0,39.56021306,-83.4562016,39047.0,161.26205083260297,0.0,46,46,0,0,46,46,28666,0,0,0,0,0
2020-07-02,US,Ohio,Franklin,9338,407,0,39.96995815,-83.01115755,39049.0,709.1670742339508,4.358535018205183,8931,9338,407,0,8931,9148,1310300,0,0,0,0,190
2020-07-02,US,Ohio,Fulton,57,0,0,41.60213491,-84.12571393,39051.0,135.30836063238854,0.0,57,57,0,0,57,57,42276,0,0,0,0,0
2020-07-02,US,Ohio,Gallia,14,1,0,38.82708533,-82.31647569,39053.0,46.825874640444184,7.142857142857142,13,14,1,0,13,14,29979,0,0,0,0,0
2020-07-02,US,Ohio,Geauga,390,42,0,41.49952319,-81.17935342,39055.0,416.4486540165939,10.769230769230768,348,390,42,0,348,387,94031,0,0,0,0,3
2020-07-02,US,Ohio,Greene,222,9,0,39.69116283,-83.89032084,39057.0,131.4099338806774,4.0540540540540535,213,222,9,0,213,208,167995,0,0,0,0,14
2020-07-02,US,Ohio,Guernsey,60,3,0,40.05026529,-81.49248905,39059.0,154.3408360128617,5.0,57,60,3,0,57,59,39022,0,0,0,0,1
2020-07-02,US,Ohio,Hamilton,5224,198,0,39.19673558,-84.54502924,39061.0,639.0425127190745,3.7901990811638586,5026,5224,198,0,5026,5010,816684,0,0,0,0,214
2020-07-02,US,Ohio,Hancock,76,1,0,41.00250487,-83.66838948,39063.0,100.28634390298616,1.3157894736842106,75,76,1,0,75,76,75930,0,0,0,0,0
2020-07-02,US,Ohio,Hardin,113,12,0,40.66015414,-83.65929931,39065.0,360.2741909772039,10.619469026548671,101,113,12,0,101,111,31480,0,0,0,0,2
2020-07-02,US,Ohio,Harrison,12,1,0,40.29380509,-81.09068544,39067.0,79.78723404255321,8.333333333333334,11,12,1,0,11,12,15174,0,0,0,0,0
2020-07-02,US,Ohio,Henry,29,0,0,41.333964200000004,-84.06830637,39069.0,107.38354439754127,0.0,29,29,0,0,29,29,27086,0,0,0,0,0
2020-07-02,US,Ohio,Highland,43,1,0,39.1839264,-83.60331456,39071.0,99.62697805889576,2.3255813953488373,42,43,1,0,42,42,43058,0,0,0,0,1
2020-07-02,US,Ohio,Hocking,76,7,0,39.49537927,-82.47991446,39073.0,268.893291819983,9.210526315789474,69,76,7,0,69,76,28385,0,0,0,0,0
2020-07-02,US,Ohio,Holmes,204,3,0,40.56163713,-81.92635677,39075.0,464.05823475887166,1.4705882352941178,201,204,3,0,201,202,43892,0,0,0,0,2
2020-07-02,US,Ohio,Huron,177,2,0,41.14651175,-82.59867951,39077.0,303.77921944187005,1.1299435028248588,175,177,2,0,175,170,58504,0,0,0,0,7
2020-07-02,US,Ohio,Jackson,17,0,0,39.01914254,-82.61818559999998,39079.0,52.4480918150125,0.0,17,17,0,0,17,17,32384,0,0,0,0,0
2020-07-02,US,Ohio,Jefferson,80,2,0,40.38614126,-80.76259514,39081.0,122.46460007654038,2.5,78,80,2,0,78,76,65767,0,0,0,0,4
2020-07-02,US,Ohio,Knox,39,1,0,40.39830217,-82.42027563,39083.0,62.57822277847309,2.5641025641025643,38,39,1,0,38,39,61893,0,0,0,0,0
2020-07-02,US,Ohio,Lake,443,16,0,41.69710807,-81.23676539,39085.0,192.4839994959787,3.611738148984199,427,443,16,0,427,433,230514,0,0,0,0,10
2020-07-02,US,Ohio,Lawrence,65,0,0,38.59743452,-82.53466552,39087.0,109.31167280493752,0.0,65,65,0,0,65,63,59866,0,0,0,0,2
2020-07-02,US,Ohio,Licking,416,11,0,40.09136236,-82.48185785,39089.0,235.21163392927815,2.644230769230769,405,416,11,0,405,404,175769,0,0,0,0,12
2020-07-02,US,Ohio,Logan,58,1,0,40.38996525,-83.76784341,39091.0,126.99246803293043,1.7241379310344829,57,58,1,0,57,58,45358,0,0,0,0,0
2020-07-02,US,Ohio,Lorain,962,67,0,41.29553751,-82.15083537,39093.0,310.48984452914965,6.964656964656965,895,962,67,0,895,947,309461,0,0,0,0,15
2020-07-02,US,Ohio,Lucas,2628,302,0,41.62101218,-83.65468618,39095.0,613.5198483476053,11.491628614916284,2326,2628,302,0,2326,2600,429899,0,0,0,0,28
2020-07-02,US,Ohio,Madison,188,8,0,39.89381073,-83.40178317,39097.0,420.29017907044334,4.25531914893617,180,188,8,0,180,187,44413,0,0,0,0,1
2020-07-02,US,Ohio,Mahoning,1752,228,0,41.01631101,-80.77287029,39099.0,766.1260347292978,13.013698630136984,1524,1752,228,0,1524,1741,229642,0,0,0,0,11
2020-07-02,US,Ohio,Marion,2731,38,0,40.58610662,-83.15736305,39101.0,4195.535618269246,1.3914317099963385,2693,2731,38,0,2693,2726,65256,0,0,0,0,5
2020-07-02,US,Ohio,Medina,491,32,0,41.11770589,-81.89986209999998,39103.0,273.1632414629533,6.517311608961303,459,491,32,0,459,480,179146,0,0,0,0,11
2020-07-02,US,Ohio,Meigs,11,0,0,39.09224872,-82.0305041,39105.0,48.02025581699917,0.0,11,11,0,0,11,11,23106,0,0,0,0,0
2020-07-02,US,Ohio,Mercer,272,8,0,40.54043046,-84.62912742,39107.0,660.6431555426018,2.9411764705882355,264,272,8,0,264,270,40959,0,0,0,0,2
2020-07-02,US,Ohio,Miami,442,31,0,40.0543329,-84.22871271,39109.0,413.13430603718217,7.013574660633483,411,442,31,0,411,437,106222,0,0,0,0,5
2020-07-02,US,Ohio,Monroe,86,17,0,39.72984936,-81.08464734,39111.0,629.8520580049802,19.767441860465123,69,86,17,0,69,85,13790,0,0,0,0,1
2020-07-02,US,Ohio,Montgomery,1784,26,0,39.75394919,-84.29050975,39113.0,335.53575693970316,1.4573991031390134,1758,1784,26,0,1758,1704,532331,0,0,0,0,80
2020-07-02,US,Ohio,Morgan,9,0,0,39.62081738,-81.85308173,39115.0,62.034739454094286,0.0,9,9,0,0,9,9,14604,0,0,0,0,0
2020-07-02,US,Ohio,Morrow,115,1,0,40.52363560000001,-82.7892599,39117.0,325.5208333333333,0.8695652173913043,114,115,1,0,114,114,35112,0,0,0,0,1
2020-07-02,US,Ohio,Muskingum,73,1,0,39.96575964,-81.94363275,39119.0,84.67204082816215,1.3698630136986298,72,73,1,0,72,73,86183,0,0,0,0,0
2020-07-02,US,Ohio,Noble,11,0,0,39.76818851,-81.45937183,39121.0,76.26178591236828,0.0,11,11,0,0,11,9,14354,0,0,0,0,2
2020-07-02,US,Ohio,Ottawa,130,23,0,41.53781826,-83.0940185,39123.0,320.78963602714373,17.69230769230769,107,130,23,0,107,129,40769,0,0,0,0,1
2020-07-02,US,Ohio,Paulding,23,0,0,41.11676341,-84.5801017,39125.0,123.17909168808912,0.0,23,23,0,0,23,23,18760,0,0,0,0,0
2020-07-02,US,Ohio,Perry,30,1,0,39.73508655,-82.23804971,39127.0,83.02429844467814,3.333333333333333,29,30,1,0,29,30,36033,0,0,0,0,0
2020-07-02,US,Ohio,Pickaway,2176,41,0,39.64170392,-83.0243386,39129.0,3722.394238500094,1.8841911764705883,2135,2176,41,0,2135,2170,58086,0,0,0,0,6
2020-07-02,US,Ohio,Pike,20,0,0,39.07634001,-83.06769584,39131.0,72.01497911565606,0.0,20,20,0,0,20,20,28067,0,0,0,0,0
2020-07-02,US,Ohio,Portage,418,58,0,41.16793482,-81.19735782,39133.0,257.2846010857656,13.875598086124404,360,418,58,0,360,412,162927,0,0,0,0,6
2020-07-02,US,Ohio,Preble,66,1,0,39.7420247,-84.64787018,39135.0,161.44024264957682,1.5151515151515151,65,66,1,0,65,62,40997,0,0,0,0,4
2020-07-02,US,Ohio,Putnam,115,16,0,41.02094889,-84.1336111,39137.0,339.62375594341574,13.91304347826087,99,115,16,0,99,113,33780,0,0,0,0,2
2020-07-02,US,Ohio,Richland,318,5,0,40.77180308,-82.53799609999999,39139.0,262.47585717351467,1.572327044025157,313,318,5,0,313,314,121099,0,0,0,0,4
2020-07-02,US,Ohio,Ross,109,2,0,39.33705391,-83.06000914,39141.0,142.17514934912478,1.834862385321101,107,109,2,0,107,107,76931,0,0,0,0,2
2020-07-02,US,Ohio,Sandusky,122,13,0,41.35624126,-83.137872,39143.0,208.48285997470865,10.655737704918034,109,122,13,0,109,122,58799,0,0,0,0,0
2020-07-02,US,Ohio,Scioto,36,0,0,38.80270163,-82.98907345,39145.0,47.799877844756615,0.0,36,36,0,0,36,35,75502,0,0,0,0,1
2020-07-02,US,Ohio,Seneca,33,2,0,41.12351311,-83.12783209,39147.0,59.806444597484514,6.0606060606060606,31,33,2,0,31,33,55207,0,0,0,0,0
2020-07-02,US,Ohio,Shelby,59,4,0,40.33163494,-84.20258189,39149.0,121.42416135007204,6.779661016949151,55,59,4,0,55,58,48627,0,0,0,0,1
2020-07-02,US,Ohio,Stark,1052,112,0,40.81482476,-81.36437305,39151.0,283.8594086442205,10.64638783269962,940,1052,112,0,940,1042,371574,0,0,0,0,10
2020-07-02,US,Ohio,Summit,1969,206,0,41.12464734,-81.53123079,39153.0,363.9468922188562,10.462163534789234,1763,1969,206,0,1763,1953,541918,0,0,0,0,16
2020-07-02,US,Ohio,Trumbull,863,62,0,41.31735028,-80.76109643,39155.0,435.91582733086165,7.1842410196987245,801,863,62,0,801,834,198627,0,0,0,0,29
2020-07-02,US,Ohio,Tuscarawas,515,10,0,40.44214695,-81.47226262,39157.0,559.8617195908117,1.9417475728155342,505,515,10,0,505,507,92176,0,0,0,0,8
2020-07-02,US,Ohio,Union,80,1,0,40.30016061,-83.37239023,39159.0,135.62080423136908,1.25,79,80,1,0,79,77,57835,0,0,0,0,3
2020-07-02,US,Ohio,Van Wert,27,0,0,40.8554138,-84.59111700000003,39161.0,95.49071618037136,0.0,27,27,0,0,27,24,28281,0,0,0,0,3
2020-07-02,US,Ohio,Vinton,22,2,0,39.25208988,-82.4831444,39163.0,168.13144822315633,9.090909090909092,20,22,2,0,20,22,13139,0,0,0,0,0
2020-07-02,US,Ohio,Warren,757,21,0,39.42581994,-84.16557457,39165.0,322.6741460004604,2.7741083223249667,736,757,21,0,736,738,232173,0,0,0,0,19
2020-07-02,US,Ohio,Washington,127,20,0,39.45690571,-81.49121382,39167.0,211.9811053062042,15.74803149606299,107,127,20,0,107,124,60155,0,0,0,0,3
2020-07-02,US,Ohio,Wayne,354,52,0,40.82925852,-81.88844833,39169.0,305.93725693544206,14.689265536723163,302,354,52,0,302,353,115967,0,0,0,0,1
2020-07-02,US,Ohio,Williams,65,2,0,41.56052014,-84.58429552,39171.0,177.1503324975471,3.0769230769230766,63,65,2,0,63,65,36804,0,0,0,0,0
2020-07-02,US,Ohio,Wood,384,51,0,41.36224827,-83.62285108,39173.0,293.5398304501708,13.28125,333,384,51,0,333,376,130696,0,0,0,0,8
2020-07-02,US,Ohio,Wyandot,58,4,0,40.84339621,-83.30734173,39175.0,266.3972074223774,6.896551724137932,54,58,4,0,54,58,21935,0,0,0,0,0
2020-07-02,US,Oklahoma,Adair,119,4,0,35.88494195,-94.65859267,40001.0,536.1809498062539,3.361344537815126,115,115,4,0,111,115,22082,4,0,0,4,0
2020-07-02,US,Oklahoma,Alfalfa,1,0,0,36.73090616,-98.32408495,40003.0,17.5377060680463,0.0,1,1,0,0,1,1,5754,0,0,0,0,0
2020-07-02,US,Oklahoma,Atoka,20,0,0,34.37366573,-96.03802487,40005.0,145.36996656490768,0.0,20,22,0,0,22,22,13838,-2,0,0,-2,0
2020-07-02,US,Oklahoma,Beaver,30,0,0,36.7496847,-100.4758872,40007.0,564.865373752589,0.0,30,30,0,0,30,30,5319,0,0,0,0,0
2020-07-02,US,Oklahoma,Beckham,11,0,0,35.26862449,-99.68128023,40009.0,50.32252161581042,0.0,11,11,0,0,11,11,21709,0,0,0,0,0
2020-07-02,US,Oklahoma,Blaine,14,0,0,35.87518314,-98.43307003,40011.0,148.47809948032662,0.0,14,14,0,0,14,14,9485,0,0,0,0,0
2020-07-02,US,Oklahoma,Bryan,108,1,0,33.96472458,-96.25903472,40013.0,225.02343994166057,0.925925925925926,107,100,1,0,99,94,47192,8,0,0,8,6
2020-07-02,US,Oklahoma,Caddo,190,11,0,35.17364557,-98.37534464,40015.0,660.593839093248,5.789473684210527,179,189,11,0,178,186,28977,1,0,0,1,3
2020-07-02,US,Oklahoma,Canadian,293,3,0,35.5426055,-97.98465569,40017.0,197.5644950305449,1.023890784982935,290,289,3,0,286,280,144447,4,0,0,4,9
2020-07-02,US,Oklahoma,Carter,96,1,0,34.25103751,-97.28552485,40019.0,199.53856706366528,1.0416666666666667,95,95,1,0,94,92,48177,1,0,0,1,3
2020-07-02,US,Oklahoma,Cherokee,83,1,0,35.90692775,-94.99980896,40021.0,170.58182789732206,1.2048192771084338,82,79,1,0,78,77,48675,4,0,0,4,2
2020-07-02,US,Oklahoma,Choctaw,114,1,0,34.02807439,-95.54771129,40023.0,776.990185387132,0.8771929824561403,113,112,1,0,111,112,14668,2,0,0,2,0
2020-07-02,US,Oklahoma,Cimarron,1,0,0,36.74817177,-102.5173885,40025.0,46.79457182966776,0.0,1,1,0,0,1,1,2153,0,0,0,0,0
2020-07-02,US,Oklahoma,Cleveland,935,40,0,35.20413532,-97.32519562,40027.0,329.2091234939124,4.2780748663101615,895,911,40,0,871,886,281669,24,0,0,24,25
2020-07-02,US,Oklahoma,Coal,8,0,0,34.58840127,-96.29798747,40029.0,145.5868971792539,0.0,8,8,0,0,8,8,5520,0,0,0,0,0
2020-07-02,US,Oklahoma,Comanche,418,7,0,34.65973764,-98.47195055,40031.0,346.17263911088287,1.6746411483253592,411,408,5,0,403,406,120422,10,2,0,8,2
2020-07-02,US,Oklahoma,Cotton,5,2,0,34.28845626,-98.37053567,40033.0,88.24567596187786,40.0,3,6,2,0,4,6,5776,-1,0,0,-1,0
2020-07-02,US,Oklahoma,Craig,22,0,0,36.76268118,-95.20916602,40035.0,155.56498373638806,0.0,22,22,0,0,22,21,14306,0,0,0,0,1
2020-07-02,US,Oklahoma,Creek,151,7,0,35.90230551,-96.37086028,40037.0,211.12385000419445,4.635761589403972,144,147,7,0,140,144,71604,4,0,0,4,3
2020-07-02,US,Oklahoma,Custer,54,0,0,35.63853802,-99.00170785,40039.0,186.18763576181772,0.0,54,55,0,0,55,55,29036,-1,0,0,-1,0
2020-07-02,US,Oklahoma,Delaware,162,16,0,36.40823634,-94.80325046,40041.0,376.6653491129763,9.876543209876543,146,153,16,0,137,152,42733,9,0,0,9,1
2020-07-02,US,Oklahoma,Dewey,4,0,0,35.98772922,-99.00730714,40043.0,81.78286648947045,0.0,4,5,0,0,5,5,4894,-1,0,0,-1,0
2020-07-02,US,Oklahoma,Ellis,1,0,0,36.2180194,-99.75324573,40045.0,25.91344908007256,0.0,1,1,0,0,1,1,3952,0,0,0,0,0
2020-07-02,US,Oklahoma,Garfield,75,2,0,36.3791334,-97.78265517,40047.0,122.8380503144654,2.6666666666666665,73,68,2,0,66,67,60913,7,0,0,7,1
2020-07-02,US,Oklahoma,Garvin,73,1,0,34.70418038,-97.30811132,40049.0,263.4332936379056,1.3698630136986298,72,73,1,0,72,70,27811,0,0,0,0,3
2020-07-02,US,Oklahoma,Grady,144,5,0,35.0167709,-97.88339847,40051.0,257.9073682702296,3.4722222222222223,139,139,5,0,134,137,55551,5,0,0,5,2
2020-07-02,US,Oklahoma,Grant,2,0,0,36.796297,-97.78638765,40053.0,46.15739672282484,0.0,2,2,0,0,2,2,4326,0,0,0,0,0
2020-07-02,US,Oklahoma,Greer,66,7,0,34.93535801,-99.5605612,40055.0,1155.4621848739494,10.606060606060606,59,66,7,0,59,66,5821,0,0,0,0,0
2020-07-02,US,Oklahoma,Harmon,1,0,0,34.7440135,-99.84741652,40057.0,37.69317753486619,0.0,1,1,0,0,1,1,2664,0,0,0,0,0
2020-07-02,US,Oklahoma,Harper,1,0,0,36.78836519,-99.6679804,40059.0,27.11496746203905,0.0,1,1,0,0,1,1,3797,0,0,0,0,0
2020-07-02,US,Oklahoma,Haskell,9,0,0,35.22257600000001,-95.11513306,40061.0,71.27583749109051,0.0,9,10,0,0,10,10,12668,-1,0,0,-1,0
2020-07-02,US,Oklahoma,Hughes,11,0,0,35.04912569,-96.24921145,40063.0,82.83756306950825,0.0,11,11,0,0,11,10,13335,0,0,0,0,1
2020-07-02,US,Oklahoma,Jackson,38,3,0,34.58781741,-99.41138784,40065.0,154.91235222176925,7.894736842105262,35,38,3,0,35,38,24949,0,0,0,0,0
2020-07-02,US,Oklahoma,Jefferson,9,0,0,34.11130184,-97.83182974,40067.0,149.95001666111298,0.0,9,8,0,0,8,8,6123,1,0,0,1,0
2020-07-02,US,Oklahoma,Johnston,13,0,0,34.31440473,-96.66011537,40069.0,117.27559765448805,0.0,13,13,0,0,13,12,10949,0,0,0,0,1
2020-07-02,US,Oklahoma,Kay,104,7,0,36.81799745,-97.14421435,40071.0,238.87179016031968,6.730769230769232,97,98,7,0,91,97,44161,6,0,0,6,1
2020-07-02,US,Oklahoma,Kingfisher,27,0,0,35.94530008,-97.94193268,40073.0,171.26546146527116,0.0,27,26,0,0,26,26,15816,1,0,0,1,0
2020-07-02,US,Oklahoma,Kiowa,10,1,0,34.91671958,-98.97720696,40075.0,114.83693155718879,10.0,9,10,1,0,9,10,8729,0,0,0,0,0
2020-07-02,US,Oklahoma,Latimer,11,1,0,34.87844729,-95.25215049,40077.0,109.2028194182468,9.090909090909092,10,11,1,0,10,11,10231,0,0,0,0,0
2020-07-02,US,Oklahoma,Le Flore,33,1,0,34.89851864,-94.70392124,40079.0,66.19461215974967,3.0303030303030303,32,33,1,0,32,32,49980,0,0,0,0,1
2020-07-02,US,Oklahoma,Lincoln,30,2,0,35.70270942,-96.8812462,40081.0,86.01657252630675,6.666666666666668,28,30,2,0,28,29,34920,0,0,0,0,1
2020-07-02,US,Oklahoma,Logan,52,1,0,35.91899576,-97.44352845,40083.0,108.30851263252173,1.9230769230769231,51,49,1,0,48,49,47291,3,0,0,3,0
2020-07-02,US,Oklahoma,Love,30,0,0,33.95273467,-97.23906784,40085.0,292.597288598459,0.0,30,30,0,0,30,30,10134,0,0,0,0,0
2020-07-02,US,Oklahoma,Major,8,1,0,36.31149996,-98.53467076,40093.0,104.86302267662865,12.5,7,8,1,0,7,8,7644,0,0,0,0,0
2020-07-02,US,Oklahoma,Marshall,33,0,0,34.02311222,-96.76855464,40095.0,194.9087472683244,0.0,33,32,0,0,32,32,16806,1,0,0,1,0
2020-07-02,US,Oklahoma,Mayes,83,5,0,36.30179091,-95.23175116,40097.0,201.94647201946472,6.024096385542169,78,82,5,0,77,81,41107,1,0,0,1,1
2020-07-02,US,Oklahoma,McClain,170,4,0,35.01123903,-97.44572302,40087.0,420.0227306418936,2.3529411764705883,166,167,4,0,163,159,39985,3,0,0,3,8
2020-07-02,US,Oklahoma,McCurtain,501,7,0,34.11664328,-94.77222373,40089.0,1525.9502923976609,1.3972055888223551,494,483,4,0,479,471,32703,18,3,0,15,12
2020-07-02,US,Oklahoma,McIntosh,63,1,0,35.37235506,-95.66599306,40091.0,321.4941824862217,1.5873015873015872,62,59,1,0,58,57,19815,4,0,0,4,2
2020-07-02,US,Oklahoma,Murray,18,0,0,34.48116015,-97.06826283,40099.0,127.90449797484543,0.0,18,18,0,0,18,18,13953,0,0,0,0,0
2020-07-02,US,Oklahoma,Muskogee,127,11,0,35.61318461,-95.37802952,40101.0,186.77294586525875,8.661417322834646,116,123,11,0,112,118,68362,4,0,0,4,5
2020-07-02,US,Oklahoma,Noble,40,0,0,36.38953329,-97.22928674,40103.0,359.3567514149672,0.0,40,39,0,0,39,39,11289,1,0,0,1,0
2020-07-02,US,Oklahoma,Nowata,34,1,0,36.79843529,-95.61902331,40105.0,337.43549027391816,2.9411764705882355,33,34,1,0,33,34,10218,0,0,0,0,0
2020-07-02,US,Oklahoma,Okfuskee,14,0,0,35.46485198,-96.32639984,40107.0,116.7347619444676,0.0,14,14,0,0,14,14,12098,0,0,0,0,0
2020-07-02,US,Oklahoma,Oklahoma,3135,70,0,35.55140095,-97.40716948,40109.0,393.13598366761386,2.232854864433812,3065,3029,70,0,2959,2913,792582,106,0,0,106,116
2020-07-02,US,Oklahoma,Okmulgee,64,0,0,35.64661916,-95.96432828,40111.0,166.3850253477187,0.0,64,62,0,0,62,62,38335,2,0,0,2,0
2020-07-02,US,Oklahoma,Osage,174,8,0,36.62888819,-96.39635704,40113.0,370.5044396652684,4.597701149425287,166,168,8,0,160,165,47014,6,0,0,6,3
2020-07-02,US,Oklahoma,Ottawa,76,2,0,36.83532655,-94.81011909,40115.0,244.16101776592672,2.631578947368421,74,73,2,0,71,70,31175,3,0,0,3,3
2020-07-02,US,Oklahoma,Pawnee,57,2,0,36.31743373,-96.7033176,40117.0,348.0703468490474,3.5087719298245608,55,57,2,0,55,56,16390,0,0,0,0,1
2020-07-02,US,Oklahoma,Payne,398,1,0,36.07695283,-96.97584944,40119.0,486.6477550621148,0.25125628140703515,397,387,1,0,386,382,82040,11,0,0,11,5
2020-07-02,US,Oklahoma,Pittsburg,59,3,0,34.92065823,-95.7513432,40121.0,135.15370870939662,5.084745762711863,56,58,3,0,55,58,43877,1,0,0,1,0
2020-07-02,US,Oklahoma,Pontotoc,44,2,0,34.72959848,-96.68337199,40123.0,114.93051927698255,4.545454545454546,42,42,2,0,40,39,38247,2,0,0,2,3
2020-07-02,US,Oklahoma,Pottawatomie,109,4,0,35.20614018,-96.94923008,40125.0,150.15428697377118,3.669724770642202,105,105,4,0,101,104,72679,4,0,0,4,1
2020-07-02,US,Oklahoma,Pushmataha,15,0,0,34.41635232,-95.37603505,40127.0,135.18385003604902,0.0,15,13,0,0,13,11,11179,2,0,0,2,2
2020-07-02,US,Oklahoma,Rogers,192,6,0,36.37004357,-95.60406759,40131.0,207.65961128716512,3.125,186,186,6,0,180,178,91984,6,0,0,6,8
2020-07-02,US,Oklahoma,Seminole,43,3,0,35.16478725,-96.61686741,40133.0,177.26110973699397,6.9767441860465125,40,41,3,0,38,40,24578,2,0,0,2,1
2020-07-02,US,Oklahoma,Sequoyah,41,3,0,35.49447108,-94.75463785,40135.0,98.63119151290628,7.317073170731707,38,40,3,0,37,40,41179,1,0,0,1,0
2020-07-02,US,Oklahoma,Stephens,63,1,0,34.48556989,-97.85141892,40137.0,146.02600653640218,1.5873015873015872,62,63,1,0,62,63,43265,0,0,0,0,0
2020-07-02,US,Oklahoma,Texas,986,6,0,36.74777635,-101.4889765,40139.0,4934.194064955212,0.6085192697768763,980,987,6,0,981,987,20455,-1,0,0,-1,0
2020-07-02,US,Oklahoma,Tillman,24,1,0,34.37288446,-98.92426619,40141.0,331.0344827586207,4.166666666666667,23,23,1,0,22,23,7348,1,0,0,1,0
2020-07-02,US,Oklahoma,Tulsa,3680,70,0,36.11939621,-95.94013939,40143.0,564.8052649673398,1.9021739130434785,3610,3544,69,0,3475,3424,648360,136,1,0,135,120
2020-07-02,US,Oklahoma,Wagoner,277,19,0,35.96024096,-95.51911308,40145.0,340.7595123571455,6.859205776173285,258,269,19,0,250,266,80110,8,0,0,8,3
2020-07-02,US,Oklahoma,Washington,401,39,0,36.71380786,-95.90514104,40147.0,778.2327711685136,9.725685785536161,362,400,39,0,361,398,51843,1,0,0,1,2
2020-07-02,US,Oklahoma,Washita,4,0,0,35.29071824,-98.99180434,40149.0,36.643459142543065,0.0,4,3,0,0,3,3,11127,1,0,0,1,0
2020-07-02,US,Oklahoma,Woods,7,0,0,36.76705782,-98.86573064,40151.0,79.60877971113386,0.0,7,7,0,0,7,7,8897,0,0,0,0,0
2020-07-02,US,Oklahoma,Woodward,12,0,0,36.42316318,-99.26283045,40153.0,59.373608431052396,0.0,12,12,0,0,12,12,20222,0,0,0,0,0
2020-07-02,US,Oregon,Baker,4,0,0,44.70915557,-117.6749883,41001.0,24.807740014884644,0.0,4,4,0,0,4,1,16006,0,0,0,0,3
2020-07-02,US,Oregon,Benton,83,5,0,44.49167306,-123.4316987,41003.0,89.1964794257036,6.024096385542169,78,84,5,0,79,82,92101,-1,0,0,-1,2
2020-07-02,US,Oregon,Clackamas,773,24,0,45.18787398,-122.2179634,41005.0,184.84553560966742,3.104786545924968,749,751,24,0,727,733,416075,22,0,0,22,18
2020-07-02,US,Oregon,Clatsop,49,0,0,45.99712889,-123.660711,41007.0,121.81782020684167,0.0,49,49,0,0,49,48,39764,0,0,0,0,1
2020-07-02,US,Oregon,Columbia,31,0,0,45.94464254,-123.08908980000001,41009.0,59.212285594223935,0.0,31,30,0,0,30,29,52377,1,0,0,1,1
2020-07-02,US,Oregon,Coos,41,0,0,43.17406868,-124.0594514,41011.0,63.57870578566222,0.0,41,41,0,0,41,41,64389,0,0,0,0,0
2020-07-02,US,Oregon,Crook,11,0,0,44.14230227,-120.356297,41013.0,45.074577938042935,0.0,11,10,0,0,10,10,23867,1,0,0,1,0
2020-07-02,US,Oregon,Curry,7,0,0,42.45911325,-124.15728200000001,41015.0,30.53435114503817,0.0,7,7,0,0,7,7,22813,0,0,0,0,0
2020-07-02,US,Oregon,Deschutes,192,0,0,43.91570171,-121.2289121,41017.0,97.12077372883071,0.0,192,183,0,0,183,181,191996,9,0,0,9,2
2020-07-02,US,Oregon,Douglas,44,0,0,43.27941273,-123.16729099999999,41019.0,39.646783204180934,0.0,44,42,0,0,42,40,110283,2,0,0,2,2
2020-07-02,US,Oregon,Grant,1,0,0,44.49024544,-119.0068631,41023.0,13.890818169190164,0.0,1,1,0,0,1,1,7176,0,0,0,0,0
2020-07-02,US,Oregon,Harney,1,0,0,43.06422669,-118.96663059999999,41025.0,13.526308670363855,0.0,1,1,0,0,1,1,7329,0,0,0,0,0
2020-07-02,US,Oregon,Hood River,88,0,0,45.51872811,-121.65520359999998,41027.0,376.35788213155416,0.0,88,88,0,0,88,88,23428,0,0,0,0,0
2020-07-02,US,Oregon,Jackson,131,0,0,42.43201126,-122.72893090000001,41029.0,59.2910420740097,0.0,131,117,0,0,117,114,219564,14,0,0,14,3
2020-07-02,US,Oregon,Jefferson,126,0,0,44.62806839,-121.17832,41031.0,510.9903479600941,0.0,126,118,0,0,118,112,24192,8,0,0,8,6
2020-07-02,US,Oregon,Josephine,41,1,0,42.3665549,-123.5561938,41033.0,46.864105524249325,2.4390243902439024,40,33,1,0,32,33,87393,8,0,0,8,0
2020-07-02,US,Oregon,Klamath,123,1,0,42.68762984,-121.64964609999998,41035.0,180.251472786424,0.8130081300813008,122,123,0,0,123,119,67653,0,1,0,-1,4
2020-07-02,US,Oregon,Lake,19,0,0,42.79246693,-120.38501629999999,41037.0,241.45380607446944,0.0,19,19,0,0,19,17,7879,0,0,0,0,2
2020-07-02,US,Oregon,Lane,180,3,0,43.93727035,-122.847753,41039.0,47.112155721378706,1.6666666666666667,177,165,3,0,162,151,379611,15,0,0,15,14
2020-07-02,US,Oregon,Lincoln,327,2,0,44.64252874,-123.86991200000001,41041.0,654.4974180377087,0.6116207951070336,325,324,2,0,322,312,49388,3,0,0,3,12
2020-07-02,US,Oregon,Linn,154,9,0,44.48899494,-122.53731540000001,41043.0,118.69070281851884,5.8441558441558445,145,151,9,0,142,144,127335,3,0,0,3,7
2020-07-02,US,Oregon,Malheur,140,1,0,43.1937027,-117.62273950000001,41045.0,457.95034509829577,0.7142857142857143,139,124,1,0,123,108,30725,16,0,0,16,16
2020-07-02,US,Oregon,Marion,1564,47,0,44.90287942,-122.58151170000001,41047.0,449.6604546055696,3.0051150895140664,1517,1539,47,0,1492,1514,346868,25,0,0,25,25
2020-07-02,US,Oregon,Morrow,72,1,0,45.41846568,-119.584546,41049.0,620.5291734896147,1.3888888888888888,71,64,1,0,63,61,11372,8,0,0,8,3
2020-07-02,US,Oregon,Multnomah,2301,69,0,45.54747959,-122.4169351,41051.0,283.07631742438684,2.9986962190352022,2232,2239,69,0,2170,2202,811880,62,0,0,62,37
2020-07-02,US,Oregon,Polk,149,12,0,44.90322804,-123.4128888,41053.0,173.08474182494047,8.053691275167786,137,149,12,0,137,141,85234,0,0,0,0,8
2020-07-02,US,Oregon,Sherman,1,0,0,45.41501554,-120.6827834,41055.0,56.179775280898866,0.0,1,1,0,0,1,1,1708,0,0,0,0,0
2020-07-02,US,Oregon,Tillamook,12,0,0,45.46248721,-123.712066,41057.0,44.38526409232135,0.0,12,11,0,0,11,9,26787,1,0,0,1,2
2020-07-02,US,Oregon,Umatilla,620,4,0,45.59073056,-118.7353826,41059.0,795.3816549069917,0.6451612903225806,616,533,4,0,529,492,77516,87,0,0,87,41
2020-07-02,US,Oregon,Union,347,1,0,45.30915495,-118.0068979,41061.0,1293.0873858766533,0.2881844380403458,346,342,1,0,341,337,26461,5,0,0,5,5
2020-07-02,US,Oregon,Wallowa,10,0,0,45.57894064,-117.18353799999998,41063.0,138.73473917869035,0.0,10,10,0,0,10,8,7081,0,0,0,0,2
2020-07-02,US,Oregon,Wasco,75,1,0,45.16292781,-121.16709540000001,41065.0,281.0883741848437,1.3333333333333333,74,73,1,0,72,69,26505,2,0,0,2,4
2020-07-02,US,Oregon,Washington,1446,20,0,45.55972701,-123.0955257,41067.0,240.3622388595593,1.3831258644536653,1426,1379,20,0,1359,1331,597695,67,0,0,67,48
2020-07-02,US,Oregon,Yamhill,131,8,0,45.23330449,-123.3086963,41071.0,122.3155929038282,6.106870229007634,123,126,8,0,118,119,107002,5,0,0,5,7
2020-07-02,US,Pennsylvania,Adams,342,13,0,39.87140411,-77.21610347,42001.0,332.0098243842771,3.801169590643275,329,341,13,0,328,339,102811,1,0,0,1,2
2020-07-02,US,Pennsylvania,Allegheny,3103,188,0,40.46809875,-79.98167747,42003.0,255.1714780291848,6.058652916532388,2915,2870,187,0,2683,2760,1218452,233,1,0,232,110
2020-07-02,US,Pennsylvania,Armstrong,77,6,0,40.81665618,-79.46290811,42005.0,118.946474086661,7.792207792207793,71,76,6,0,70,74,65263,1,0,0,1,2
2020-07-02,US,Pennsylvania,Beaver,688,79,0,40.6825484,-80.34921611,42007.0,419.6938918678208,11.482558139534886,609,678,78,0,600,669,164742,10,1,0,9,9
2020-07-02,US,Pennsylvania,Bedford,88,4,0,40.00522157,-78.48998442,42009.0,183.76211159371869,4.545454545454546,84,87,4,0,83,82,48176,1,0,0,1,5
2020-07-02,US,Pennsylvania,Berks,4563,351,0,40.41570541,-75.92457766,42011.0,1083.4259338404993,7.6923076923076925,4212,4559,351,0,4208,4527,420152,4,0,0,4,32
2020-07-02,US,Pennsylvania,Blair,74,1,0,40.47961444,-78.34917412,42013.0,60.74087450442834,1.351351351351351,73,72,1,0,71,71,122492,2,0,0,2,1
2020-07-02,US,Pennsylvania,Bradford,58,3,0,41.78869215,-76.51570822,42015.0,96.1490642043665,5.172413793103448,55,58,3,0,55,57,60833,0,0,0,0,1
2020-07-02,US,Pennsylvania,Bucks,5801,565,0,40.33682119,-75.10836643,42017.0,923.3291419294252,9.73970005171522,5236,5777,565,0,5212,5744,628195,24,0,0,24,33
2020-07-02,US,Pennsylvania,Butler,319,13,0,40.91152759,-79.91351055,42019.0,169.81363087094695,4.075235109717869,306,311,13,0,298,307,187888,8,0,0,8,4
2020-07-02,US,Pennsylvania,Cambria,85,3,0,40.49527404,-78.71377428,42021.0,65.28818975052229,3.5294117647058822,82,83,3,0,80,80,131730,2,0,0,2,3
2020-07-02,US,Pennsylvania,Cameron,3,0,0,41.43625568,-78.20376845,42023.0,67.4612098043625,0.0,3,3,0,0,3,3,4492,0,0,0,0,0
2020-07-02,US,Pennsylvania,Carbon,283,26,0,40.91545395,-75.7068525,42025.0,440.9335950889658,9.187279151943462,257,280,26,0,254,278,64227,3,0,0,3,2
2020-07-02,US,Pennsylvania,Centre,211,7,0,40.92058903,-77.82200624,42027.0,129.93811004711029,3.3175355450236967,204,205,7,0,198,201,162805,6,0,0,6,4
2020-07-02,US,Pennsylvania,Chester,3751,328,0,39.97291773,-75.74768357,42029.0,714.491160767178,8.744334844041589,3423,3731,325,0,3406,3711,522046,20,3,0,17,20
2020-07-02,US,Pennsylvania,Clarion,36,2,0,41.19265812,-79.42413524,42031.0,93.65731827878662,5.5555555555555545,34,35,2,0,33,34,38779,1,0,0,1,1
2020-07-02,US,Pennsylvania,Clearfield,75,0,0,41.00110782,-78.47592663,42033.0,94.631253548672,0.0,75,72,0,0,72,72,79388,3,0,0,3,0
2020-07-02,US,Pennsylvania,Clinton,80,4,0,41.23255967,-77.63785995,42035.0,207.08221163802028,5.0,76,80,4,0,76,78,38684,0,0,0,0,2
2020-07-02,US,Pennsylvania,Columbia,405,34,0,41.04821986,-76.40565017,42037.0,623.4222030663136,8.395061728395063,371,403,34,0,369,400,65456,2,0,0,2,3
2020-07-02,US,Pennsylvania,Crawford,59,0,0,41.68447709,-80.10760592,42039.0,69.71605478027627,0.0,59,57,0,0,57,53,85063,2,0,0,2,4
2020-07-02,US,Pennsylvania,Cumberland,866,64,0,40.1625372,-77.26130755,42041.0,341.7926352764732,7.390300230946883,802,856,64,0,792,852,251423,10,0,0,10,4
2020-07-02,US,Pennsylvania,Dauphin,2120,136,0,40.41377078,-76.77993242,42043.0,761.7706136206023,6.415094339622643,1984,2059,135,0,1924,2045,277097,61,1,0,60,14
2020-07-02,US,Pennsylvania,Delaware,7253,657,0,39.91680171,-75.40243663,42045.0,1279.7597517057875,9.058320694884877,6596,7230,655,0,6575,7201,564751,23,2,0,21,29
2020-07-02,US,Pennsylvania,Elk,15,0,0,41.42822061,-78.64524744,42047.0,50.15045135406218,0.0,15,15,0,0,15,15,30169,0,0,0,0,0
2020-07-02,US,Pennsylvania,Erie,626,12,0,41.99253829,-80.03301954,42049.0,232.0856566615257,1.9169329073482428,614,620,12,0,608,607,272061,6,0,0,6,13
2020-07-02,US,Pennsylvania,Fayette,127,4,0,39.92041012,-79.64291195,42051.0,98.24094558844006,3.1496062992125986,123,117,4,0,113,116,130441,10,0,0,10,1
2020-07-02,US,Pennsylvania,Forest,7,0,0,41.51095103,-79.23229292,42053.0,96.59169311439214,0.0,7,7,0,0,7,7,7279,0,0,0,0,0
2020-07-02,US,Pennsylvania,Franklin,950,44,0,39.92956518,-77.72157791,42055.0,612.7964806130545,4.631578947368421,906,940,44,0,896,925,154835,10,0,0,10,15
2020-07-02,US,Pennsylvania,Fulton,18,1,0,39.92913544,-78.11163677,42057.0,123.88162422573986,5.5555555555555545,17,18,1,0,17,18,14523,0,0,0,0,0
2020-07-02,US,Pennsylvania,Greene,41,0,0,39.85746531,-80.22357106,42059.0,113.15651477934479,0.0,41,41,0,0,41,41,36506,0,0,0,0,0
2020-07-02,US,Pennsylvania,Huntingdon,252,4,0,40.42162652,-77.97673273,42061.0,558.2137161084529,1.5873015873015872,248,252,4,0,248,252,45168,0,0,0,0,0
2020-07-02,US,Pennsylvania,Indiana,112,6,0,40.65241041,-79.08963285,42063.0,133.2175609291925,5.357142857142857,106,111,6,0,105,108,84501,1,0,0,1,3
2020-07-02,US,Pennsylvania,Jefferson,24,1,0,41.12913106,-78.9986361,42065.0,55.26770293609672,4.166666666666667,23,24,1,0,23,22,43641,0,0,0,0,2
2020-07-02,US,Pennsylvania,Juniata,113,6,0,40.53358749,-77.39975129999998,42067.0,456.325970197472,5.3097345132743365,107,111,6,0,105,111,24704,2,0,0,2,0
2020-07-02,US,Pennsylvania,Lackawanna,1714,204,0,41.43564672,-75.60379201,42069.0,817.4594847239048,11.901983663943989,1510,1707,204,0,1503,1703,210793,7,0,0,7,4
2020-07-02,US,Pennsylvania,Lancaster,4504,365,0,40.03904563,-76.24770128,42071.0,825.3256224758302,8.103907637655418,4139,4464,364,0,4100,4442,543557,40,1,0,39,22
2020-07-02,US,Pennsylvania,Lawrence,107,9,0,40.99206278,-80.33393706,42073.0,125.12863691645616,8.411214953271028,98,103,9,0,94,102,86184,4,0,0,4,1
2020-07-02,US,Pennsylvania,Lebanon,1361,43,0,40.36680311,-76.45651841,42075.0,959.8499220694957,3.159441587068332,1318,1350,43,0,1307,1342,141314,11,0,0,11,8
2020-07-02,US,Pennsylvania,Lehigh,4280,305,0,40.6154815,-75.59435245,42077.0,1158.8928782241862,7.1261682242990645,3975,4258,300,0,3958,4235,368100,22,5,0,17,23
2020-07-02,US,Pennsylvania,Luzerne,2927,177,0,41.17823008,-75.98447579,42079.0,922.1308247510373,6.047147249743764,2750,2915,177,0,2738,2910,317646,12,0,0,12,5
2020-07-02,US,Pennsylvania,Lycoming,193,20,0,41.34310539,-77.06629984,42081.0,170.34572238060355,10.362694300518132,173,187,19,0,168,182,113664,6,1,0,5,5
2020-07-02,US,Pennsylvania,McKean,18,1,0,41.80938602,-78.56478358,42083.0,44.30769230769231,5.5555555555555545,17,18,1,0,17,17,40968,0,0,0,0,1
2020-07-02,US,Pennsylvania,Mercer,142,6,0,41.30248872,-80.25816981,42085.0,129.77043427401668,4.225352112676056,136,140,6,0,134,140,110683,2,0,0,2,0
2020-07-02,US,Pennsylvania,Mifflin,63,1,0,40.61116939,-77.61070738,42087.0,136.5468810958429,1.5873015873015872,62,63,1,0,62,63,46222,0,0,0,0,0
2020-07-02,US,Pennsylvania,Monroe,1428,108,0,41.05934058,-75.34031025,42089.0,838.6630723963564,7.563025210084032,1320,1423,108,0,1315,1421,169507,5,0,0,5,2
2020-07-02,US,Pennsylvania,Montgomery,8514,806,0,40.21053671,-75.36652296,42091.0,1024.6535445863897,9.46676062955133,7708,8483,804,0,7679,8448,828604,31,2,0,29,35
2020-07-02,US,Pennsylvania,Montour,75,1,0,41.03023987,-76.66345939,42093.0,411.4097641250686,1.3333333333333333,74,74,1,0,73,73,18240,1,0,0,1,1
2020-07-02,US,Pennsylvania,Northampton,3441,270,0,40.75182733,-75.30471829,42095.0,1127.1434888710546,7.846556233653008,3171,3425,266,0,3159,3413,304807,16,4,0,12,12
2020-07-02,US,Pennsylvania,Northumberland,316,6,0,40.84785433,-76.70798222,42097.0,347.8528890503397,1.8987341772151896,310,314,5,0,309,304,91083,2,1,0,1,10
2020-07-02,US,Pennsylvania,Perry,86,5,0,40.40206612,-77.26297447,42099.0,185.85753803596126,5.813953488372092,81,86,5,0,81,86,46139,0,0,0,0,0
2020-07-02,US,Pennsylvania,Philadelphia,26400,1615,0,40.00338507,-75.1379271,42101.0,1666.5993293200274,6.117424242424242,24785,26257,1611,0,24646,26133,1584138,143,4,0,139,124
2020-07-02,US,Pennsylvania,Pike,498,20,0,41.33155042,-75.03208106,42103.0,892.3291942159868,4.016064257028113,478,496,20,0,476,496,55933,2,0,0,2,0
2020-07-02,US,Pennsylvania,Potter,16,0,0,41.74471626,-77.89559864,42105.0,96.81713663318408,0.0,16,16,0,0,16,15,16622,0,0,0,0,1
2020-07-02,US,Pennsylvania,Schuylkill,750,44,0,40.70497338,-76.2150785,42107.0,530.5640249294349,5.866666666666666,706,747,44,0,703,741,142067,3,0,0,3,6
2020-07-02,US,Pennsylvania,Snyder,67,2,0,40.77129231,-77.06840691,42109.0,165.95660358664418,2.985074626865672,65,66,2,0,64,66,40540,1,0,0,1,0
2020-07-02,US,Pennsylvania,Somerset,62,1,0,39.97172723,-79.02699593,42111.0,84.41461189701417,1.6129032258064515,61,61,1,0,60,61,73952,1,0,0,1,0
2020-07-02,US,Pennsylvania,Sullivan,6,0,0,41.44634738,-76.51246591,42113.0,98.91196834817013,0.0,6,5,0,0,5,5,6071,1,0,0,1,0
2020-07-02,US,Pennsylvania,Susquehanna,183,24,0,41.82147784,-75.80071959,42115.0,453.7790121007737,13.114754098360656,159,182,24,0,158,182,40589,1,0,0,1,0
2020-07-02,US,Pennsylvania,Tioga,25,2,0,41.77255149,-77.25433032,42117.0,61.59000763716094,8.0,23,25,2,0,23,25,40763,0,0,0,0,0
2020-07-02,US,Pennsylvania,Union,93,2,0,40.96188846,-77.05996014,42119.0,207.0209024330521,2.150537634408602,91,91,2,0,89,92,44785,2,0,0,2,-1
2020-07-02,US,Pennsylvania,Venango,23,0,0,41.40323442,-79.75845449,42121.0,45.39354227520329,0.0,23,19,0,0,19,18,51266,4,0,0,4,1
2020-07-02,US,Pennsylvania,Warren,7,1,0,41.81304978,-79.26969577,42123.0,17.861243652879487,14.285714285714285,6,7,1,0,6,6,39498,0,0,0,0,1
2020-07-02,US,Pennsylvania,Washington,244,6,0,40.19208869,-80.24582867,42125.0,117.95132090977206,2.459016393442623,238,230,6,0,224,219,207346,14,0,0,14,11
2020-07-02,US,Pennsylvania,Wayne,140,9,0,41.64938475,-75.29956506,42127.0,272.58036253188214,6.428571428571429,131,140,9,0,131,140,51276,0,0,0,0,0
2020-07-02,US,Pennsylvania,Westmoreland,711,38,0,40.31377979999999,-79.46615476,42129.0,203.7839030779681,5.3445850914205355,673,675,38,0,637,646,350611,36,0,0,36,29
2020-07-02,US,Pennsylvania,Wyoming,38,7,0,41.51955538,-76.01074915,42131.0,141.82279614839143,18.42105263157895,31,38,7,0,31,38,27046,0,0,0,0,0
2020-07-02,US,Pennsylvania,York,1555,52,0,39.9210089,-76.73040131,42133.0,346.2804359347789,3.344051446945337,1503,1531,50,0,1481,1515,448273,24,2,0,22,16
2020-07-02,US,Rhode Island,Bristol,253,0,0,41.71018079,-71.28652315,44001.0,521.8754512263042,0.0,253,253,0,0,253,253,48649,0,0,0,0,0
2020-07-02,US,Rhode Island,Kent,1199,0,0,41.67106337,-71.57641596,44003.0,729.7981642441507,0.0,1199,1199,0,0,1199,1199,163861,0,0,0,0,0
2020-07-02,US,Rhode Island,Newport,308,0,0,41.5642026,-71.26569799,44005.0,375.234521575985,0.0,308,308,0,0,308,308,82542,0,0,0,0,0
2020-07-02,US,Rhode Island,Providence,12937,0,0,41.87064746,-71.57753536,44007.0,2024.7882791725563,0.0,12937,12937,0,0,12937,12937,636084,0,0,0,0,0
2020-07-02,US,Rhode Island,Unassigned,1712,959,0,0.0,0.0,90044.0,0.0,56.01635514018692,753,1624,956,0,668,1584,,88,3,0,85,40
2020-07-02,US,Rhode Island,Washington,532,0,0,41.45961631,-71.61435303,44009.0,423.64445718563115,0.0,532,532,0,0,532,532,126179,0,0,0,0,0
2020-07-02,US,South Carolina,Abbeville,119,0,0,34.22333378,-82.46170658,45001.0,485.1795979940474,0.0,119,113,0,0,113,113,24541,6,0,0,6,0
2020-07-02,US,South Carolina,Aiken,434,10,0,33.54338026,-81.63645384,45003.0,253.9912917271408,2.3041474654377883,424,406,10,0,396,387,169401,28,0,0,28,19
2020-07-02,US,South Carolina,Allendale,58,3,0,32.98837386,-81.35321066,45005.0,667.5874769797423,5.172413793103448,55,50,3,0,47,48,8903,8,0,0,8,2
2020-07-02,US,South Carolina,Anderson,676,11,0,34.51828081,-82.63959517,45007.0,333.7315731790401,1.6272189349112427,665,635,11,0,624,608,200482,41,0,0,41,27
2020-07-02,US,South Carolina,Bamberg,130,1,0,33.21927586,-81.05659969,45009.0,924.2144177449167,0.7692307692307693,129,117,1,0,116,113,14275,13,0,0,13,4
2020-07-02,US,South Carolina,Barnwell,86,1,0,33.26679302,-81.43584352,45011.0,412.1537429310842,1.162790697674419,85,82,1,0,81,79,21112,4,0,0,4,3
2020-07-02,US,South Carolina,Beaufort,1325,20,0,32.39226291,-80.72619758,45013.0,689.6659414330478,1.509433962264151,1305,1282,18,0,1264,1223,188715,43,2,0,41,59
2020-07-02,US,South Carolina,Berkeley,1278,23,0,33.20222596,-79.94654523,45015.0,560.7550448209139,1.7996870109546166,1255,1170,23,0,1147,1069,221091,108,0,0,108,101
2020-07-02,US,South Carolina,Calhoun,99,2,0,33.66926881,-80.77722168,45017.0,680.2721088435375,2.0202020202020203,97,99,2,0,97,87,14520,0,0,0,0,12
2020-07-02,US,South Carolina,Charleston,4615,34,0,32.82487866,-79.96512315,45019.0,1121.7629300496346,0.7367280606717227,4581,4289,33,0,4256,4027,405905,326,1,0,325,262
2020-07-02,US,South Carolina,Cherokee,169,8,0,35.05122251,-81.61828622,45021.0,294.93891797556716,4.733727810650888,161,158,8,0,150,154,57078,11,0,0,11,4
2020-07-02,US,South Carolina,Chester,201,1,0,34.69249168,-81.1583216,45023.0,623.3717901004837,0.4975124378109453,200,189,1,0,188,185,32251,12,0,0,12,4
2020-07-02,US,South Carolina,Chesterfield,376,14,0,34.64137396,-80.15640140000002,45025.0,823.658269441402,3.723404255319149,362,373,14,0,359,366,45754,3,0,0,3,7
2020-07-02,US,South Carolina,Clarendon,423,43,0,33.66610974,-80.21647898,45027.0,1253.5190398577568,10.16548463356974,380,418,42,0,376,413,33700,5,1,0,4,5
2020-07-02,US,South Carolina,Colleton,343,22,0,32.87582989,-80.67641292,45029.0,910.3697215808052,6.41399416909621,321,333,21,0,312,329,37660,10,1,0,9,4
2020-07-02,US,South Carolina,Darlington,461,15,0,34.33358335,-79.96027485,45031.0,692.0051637695517,3.2537960954446854,446,452,14,0,438,445,66802,9,1,0,8,7
2020-07-02,US,South Carolina,Dillon,316,10,0,34.39007791,-79.37741872,45033.0,1036.7794218970441,3.1645569620253164,306,307,10,0,297,304,30599,9,0,0,9,3
2020-07-02,US,South Carolina,Dorchester,844,3,0,33.0794369,-80.40502652,45035.0,518.3988600138813,0.35545023696682465,841,773,3,0,770,712,160647,71,0,0,71,61
2020-07-02,US,South Carolina,Edgefield,86,3,0,33.77221995,-81.96231108,45037.0,315.4805575935437,3.4883720930232562,83,83,3,0,80,76,27052,3,0,0,3,7
2020-07-02,US,South Carolina,Fairfield,303,22,0,34.39287073,-81.1195624,45039.0,1355.8866962008326,7.260726072607262,281,302,22,0,280,298,22402,1,0,0,1,4
2020-07-02,US,South Carolina,Florence,1266,55,0,34.02361754,-79.70189312,45041.0,915.4476365398103,4.344391785150078,1211,1230,53,0,1177,1199,138159,36,2,0,34,31
2020-07-02,US,South Carolina,Georgetown,506,3,0,33.43443342,-79.33202141,45043.0,807.275047862157,0.5928853754940712,503,489,3,0,486,458,62249,17,0,0,17,31
2020-07-02,US,South Carolina,Greenville,5371,83,0,34.89502264,-82.37295012,45045.0,1025.8966806865542,1.5453360640476634,5288,5118,83,0,5035,5009,514213,253,0,0,253,109
2020-07-02,US,South Carolina,Greenwood,527,7,0,34.15272415,-82.12715789,45047.0,744.2346528081795,1.3282732447817838,520,506,7,0,499,493,70741,21,0,0,21,13
2020-07-02,US,South Carolina,Hampton,74,2,0,32.77419582,-81.13845571,45049.0,384.97554885027563,2.702702702702702,72,73,2,0,71,71,19351,1,0,0,1,2
2020-07-02,US,South Carolina,Horry,3730,50,0,33.9212828,-78.99555293,45051.0,1053.4312770241838,1.3404825737265416,3680,3550,48,0,3502,3321,344147,180,2,0,178,229
2020-07-02,US,South Carolina,Jasper,142,3,0,32.43171982,-81.02487495,45053.0,472.18435141156516,2.112676056338028,139,138,3,0,135,132,28971,4,0,0,4,6
2020-07-02,US,South Carolina,Kershaw,708,15,0,34.33988254,-80.58763164,45055.0,1063.8457724151403,2.1186440677966103,693,695,15,0,680,665,65592,13,0,0,13,30
2020-07-02,US,South Carolina,Lancaster,506,13,0,34.68270843,-80.70513032,45057.0,516.2633146961597,2.569169960474308,493,493,13,0,480,475,95380,13,0,0,13,18
2020-07-02,US,South Carolina,Laurens,521,7,0,34.48244419,-82.00490796,45059.0,771.931904049309,1.343570057581574,514,489,7,0,482,471,66994,32,0,0,32,18
2020-07-02,US,South Carolina,Lee,295,22,0,34.16393091,-80.25690731,45061.0,1753.0306631804135,7.4576271186440675,273,293,22,0,271,289,17142,2,0,0,2,4
2020-07-02,US,South Carolina,Lexington,2236,53,0,33.89665987,-81.27146426,45063.0,748.4518828451883,2.3703041144901613,2183,2161,50,0,2111,2071,295032,75,3,0,72,90
2020-07-02,US,South Carolina,Marion,214,7,0,34.07859748,-79.36400756,45067.0,698.0461232344977,3.2710280373831777,207,212,7,0,205,208,31039,2,0,0,2,4
2020-07-02,US,South Carolina,Marlboro,310,4,0,34.59905577,-79.67561152,45069.0,1186.9208974653495,1.2903225806451613,306,307,4,0,303,302,26398,3,0,0,3,5
2020-07-02,US,South Carolina,McCormick,17,2,0,33.90161443,-82.30794338,45065.0,179.64704639120785,11.764705882352944,15,17,2,0,15,17,9410,0,0,0,0,0
2020-07-02,US,South Carolina,Newberry,270,4,0,34.28629098,-81.59935761,45071.0,702.3933402705516,1.4814814814814814,266,264,4,0,260,252,38520,6,0,0,6,12
2020-07-02,US,South Carolina,Oconee,290,1,0,34.75225169,-83.06742317,45073.0,364.5689286702034,0.3448275862068966,289,271,1,0,270,260,78374,19,0,0,19,11
2020-07-02,US,South Carolina,Orangeburg,813,14,0,33.4391073,-80.79886287,45075.0,943.4290687554396,1.7220172201722015,799,777,14,0,763,747,86934,36,0,0,36,30
2020-07-02,US,South Carolina,Pickens,896,5,0,34.88807695,-82.72791551,45077.0,706.156804640459,0.5580357142857143,891,855,5,0,850,835,124937,41,0,0,41,20
2020-07-02,US,South Carolina,Richland,3757,86,0,34.01791263,-80.90267209,45079.0,903.6485079096304,2.2890604205483096,3671,3632,84,0,3548,3518,414576,125,2,0,123,114
2020-07-02,US,South Carolina,Saluda,219,1,0,34.00795823,-81.72713237,45081.0,1069.7015581497583,0.45662100456620996,218,215,1,0,214,208,20544,4,0,0,4,7
2020-07-02,US,South Carolina,Spartanburg,1767,49,0,34.92960077,-81.99225984,45083.0,552.558750410432,2.77306168647425,1718,1663,48,0,1615,1609,313888,104,1,0,103,54
2020-07-02,US,South Carolina,Sumter,1115,25,0,33.91826534,-80.37942316,45085.0,1044.7803150270329,2.242152466367713,1090,1080,23,0,1057,1059,106512,35,2,0,33,21
2020-07-02,US,South Carolina,Union,95,0,0,34.68835752,-81.61730349,45087.0,347.7815199882852,0.0,95,91,0,0,91,90,27410,4,0,0,4,1
2020-07-02,US,South Carolina,Williamsburg,413,15,0,33.62190129,-79.72767442,45089.0,1359.9841938883035,3.6319612590799033,398,412,15,0,397,400,30606,1,0,0,1,12
2020-07-02,US,South Carolina,York,1301,12,0,34.97281497,-81.18085944,45091.0,463.02392705504684,0.9223674096848578,1289,1257,12,0,1245,1204,274118,44,0,0,44,53
2020-07-02,US,South Dakota,Aurora,34,0,0,43.71757685,-98.56050467,46003.0,1235.9142130134496,0.0,34,34,0,0,34,34,2801,0,0,0,0,0
2020-07-02,US,South Dakota,Beadle,532,7,0,44.41464384,-98.27858469,46005.0,2883.00005419173,1.3157894736842106,525,527,6,0,521,524,18883,5,1,0,4,3
2020-07-02,US,South Dakota,Bennett,4,0,0,43.19486375,-101.6665572,46007.0,118.87072808320951,0.0,4,4,0,0,4,4,3468,0,0,0,0,0
2020-07-02,US,South Dakota,Bon Homme,11,0,0,42.98914167,-97.88592746,46009.0,159.39718881321548,0.0,11,11,0,0,11,11,6980,0,0,0,0,0
2020-07-02,US,South Dakota,Brookings,68,0,0,44.36974375,-96.79079945,46011.0,193.85922399292983,0.0,68,65,0,0,65,62,35232,3,0,0,3,3
2020-07-02,US,South Dakota,Brown,344,2,0,45.58994323,-98.35165355,46013.0,885.7076649759263,0.5813953488372093,342,342,2,0,340,342,39316,2,0,0,2,0
2020-07-02,US,South Dakota,Brule,26,0,0,43.71756379,-99.08118954,46015.0,490.84387389088164,0.0,26,24,0,0,24,23,5229,2,0,0,2,1
2020-07-02,US,South Dakota,Buffalo,72,3,0,44.07657829,-99.20814467,46017.0,3669.7247706422017,4.166666666666667,69,71,2,0,69,71,2036,1,1,0,0,0
2020-07-02,US,South Dakota,Charles Mix,86,0,0,43.20660134,-98.58856175,46023.0,925.5273353422301,0.0,86,85,0,0,85,82,9338,1,0,0,1,3
2020-07-02,US,South Dakota,Clark,15,0,0,44.85834507,-97.72925109,46025.0,401.4989293361885,0.0,15,15,0,0,15,15,3739,0,0,0,0,0
2020-07-02,US,South Dakota,Clay,85,0,0,42.91296147,-96.97656917,46027.0,604.1222459132908,0.0,85,83,0,0,83,82,14041,2,0,0,2,1
2020-07-02,US,South Dakota,Codington,72,0,0,44.97788119,-97.18827677,46029.0,257.06023064015136,0.0,72,70,0,0,70,63,28015,2,0,0,2,7
2020-07-02,US,South Dakota,Corson,18,0,0,45.70889983,-101.1970473,46031.0,440.5286343612335,0.0,18,18,0,0,18,18,4165,0,0,0,0,0
2020-07-02,US,South Dakota,Custer,10,0,0,43.67741105,-103.4534521,46033.0,111.45786892554614,0.0,10,9,0,0,9,8,8726,1,0,0,1,1
2020-07-02,US,South Dakota,Davison,43,0,0,43.67490933,-98.14458906,46035.0,217.4462705436157,0.0,43,41,0,0,41,41,19790,2,0,0,2,0
2020-07-02,US,South Dakota,Day,17,0,0,45.367281,-97.60737498,46037.0,313.42182890855463,0.0,17,16,0,0,16,16,5505,1,0,0,1,0
2020-07-02,US,South Dakota,Deuel,3,0,0,44.75994309,-96.66943645,46039.0,68.94966674327739,0.0,3,3,0,0,3,3,4337,0,0,0,0,0
2020-07-02,US,South Dakota,Dewey,6,0,0,45.15639647,-100.8709139,46041.0,101.83299389002035,0.0,6,5,0,0,5,4,5904,1,0,0,1,1
2020-07-02,US,South Dakota,Douglas,5,0,0,43.38520741,-98.36978007,46043.0,171.17425539198905,0.0,5,4,0,0,4,4,2935,1,0,0,1,0
2020-07-02,US,South Dakota,Edmunds,7,0,0,45.41846445,-99.21545423,46045.0,182.81535648994515,0.0,7,7,0,0,7,7,3875,0,0,0,0,0
2020-07-02,US,South Dakota,Fall River,12,0,0,43.23929297,-103.5275691,46047.0,178.75763444063756,0.0,12,12,0,0,12,12,6758,0,0,0,0,0
2020-07-02,US,South Dakota,Faulk,23,1,0,45.07082625,-99.14535601,46049.0,1000.4349717268376,4.3478260869565215,22,23,1,0,22,23,2330,0,0,0,0,0
2020-07-02,US,South Dakota,Grant,13,0,0,45.1723937,-96.77002276,46051.0,184.344866704481,0.0,13,13,0,0,13,13,7147,0,0,0,0,0
2020-07-02,US,South Dakota,Gregory,4,0,0,43.19419064,-99.18883902,46053.0,95.57945041816008,0.0,4,4,0,0,4,3,4212,0,0,0,0,1
2020-07-02,US,South Dakota,Hamlin,12,0,0,44.67385954,-97.18829593,46057.0,194.6787800129786,0.0,12,12,0,0,12,11,6111,0,0,0,0,1
2020-07-02,US,South Dakota,Hand,7,0,0,44.54708407,-99.00386459,46059.0,219.36696960200558,0.0,7,7,0,0,7,7,3262,0,0,0,0,0
2020-07-02,US,South Dakota,Hanson,8,0,0,43.6746384,-97.78715148,46061.0,231.68259484506225,0.0,8,7,0,0,7,7,3376,1,0,0,1,0
2020-07-02,US,South Dakota,Hughes,60,0,0,44.39091534,-99.99661148,46065.0,342.3485107839781,0.0,60,58,0,0,58,55,17650,2,0,0,2,3
2020-07-02,US,South Dakota,Hutchinson,13,0,0,43.33449012,-97.75536441,46067.0,178.30201618433685,0.0,13,12,0,0,12,12,7380,1,0,0,1,0
2020-07-02,US,South Dakota,Hyde,3,0,0,44.54747703,-99.48572582,46069.0,230.59185242121444,0.0,3,3,0,0,3,3,1282,0,0,0,0,0
2020-07-02,US,South Dakota,Jackson,6,1,0,43.69318385,-101.6255063,46071.0,179.42583732057415,16.666666666666668,5,6,1,0,5,6,3307,0,0,0,0,0
2020-07-02,US,South Dakota,Jerauld,39,1,0,44.06637798,-98.62965972,46073.0,1937.4068554396426,2.5641025641025643,38,39,1,0,38,39,2043,0,0,0,0,0
2020-07-02,US,South Dakota,Kingsbury,6,0,0,44.36956169,-97.4913945,46077.0,121.48208139299452,0.0,6,6,0,0,6,6,4919,0,0,0,0,0
2020-07-02,US,South Dakota,Lake,22,1,0,44.02193107,-97.12926365,46079.0,171.9152926467141,4.545454545454546,21,21,1,0,20,21,13057,1,0,0,1,0
2020-07-02,US,South Dakota,Lawrence,19,0,0,44.35919441,-103.7929428,46081.0,73.51803126451014,0.0,19,19,0,0,19,19,25741,0,0,0,0,0
2020-07-02,US,South Dakota,Lincoln,352,1,0,43.27841182,-96.7203905,46083.0,575.8408585263709,0.2840909090909091,351,347,1,0,346,343,58807,5,0,0,5,4
2020-07-02,US,South Dakota,Lyman,68,1,0,43.89522709,-99.85201878,46085.0,1798.466014281936,1.4705882352941178,67,65,0,0,65,62,3821,3,1,0,2,3
2020-07-02,US,South Dakota,Marshall,5,0,0,45.75870838,-97.59855639,46091.0,101.31712259371834,0.0,5,5,0,0,5,5,5112,0,0,0,0,0
2020-07-02,US,South Dakota,McCook,10,1,0,43.6742571,-97.36863144,46087.0,179.01897601145726,10.0,9,10,1,0,9,10,5546,0,0,0,0,0
2020-07-02,US,South Dakota,McPherson,4,0,0,45.76626028,-99.22118798,46089.0,168.13787305590589,0.0,4,4,0,0,4,4,2407,0,0,0,0,0
2020-07-02,US,South Dakota,Meade,49,1,0,44.56676791,-102.7162741,46093.0,172.9493152618947,2.0408163265306123,48,49,1,0,48,48,28294,0,0,0,0,1
2020-07-02,US,South Dakota,Mellette,5,0,0,43.58078848,-100.7563186,46095.0,242.60067928190202,0.0,5,4,0,0,4,3,2042,1,0,0,1,1
2020-07-02,US,South Dakota,Miner,9,0,0,44.02197882,-97.60992207,46097.0,406.1371841155234,0.0,9,9,0,0,9,9,2213,0,0,0,0,0
2020-07-02,US,South Dakota,Minnehaha,3638,58,0,43.67441641,-96.7910885,46099.0,1883.6662628019924,1.594282572842221,3580,3627,58,0,3569,3610,192876,11,0,0,11,17
2020-07-02,US,South Dakota,Moody,23,0,0,44.02266214,-96.67081159,46101.0,349.7566909975669,0.0,23,23,0,0,23,22,6579,0,0,0,0,1
2020-07-02,US,South Dakota,Oglala Lakota,88,0,0,43.33749164,-102.5555498,46102.0,620.7237074134163,0.0,88,87,0,0,87,85,14309,1,0,0,1,2
2020-07-02,US,South Dakota,Pennington,536,17,0,44.0025835,-102.8240777,46103.0,471.1052515930565,3.1716417910447765,519,523,16,0,507,518,111729,13,1,0,12,5
2020-07-02,US,South Dakota,Roberts,47,0,0,45.62975048,-96.94672673,46109.0,452.1839522801616,0.0,47,47,0,0,47,47,10447,0,0,0,0,0
2020-07-02,US,South Dakota,Sanborn,12,0,0,44.02351092,-98.0909816,46111.0,511.9453924914676,0.0,12,12,0,0,12,12,2429,0,0,0,0,0
2020-07-02,US,South Dakota,Spink,11,0,0,44.93837606,-98.34626602,46115.0,172.5219573400251,0.0,11,11,0,0,11,11,6495,0,0,0,0,0
2020-07-02,US,South Dakota,Stanley,12,0,0,44.41381872,-100.7349153,46117.0,387.34667527437057,0.0,12,12,0,0,12,12,3022,0,0,0,0,0
2020-07-02,US,South Dakota,Sully,1,0,0,44.71571812,-100.1278092,46119.0,71.89072609633357,0.0,1,1,0,0,1,1,1392,0,0,0,0,0
2020-07-02,US,South Dakota,Todd,57,1,0,43.19338568,-100.7195503,46121.0,560.0864694900265,1.7543859649122806,56,57,1,0,56,57,10283,0,0,0,0,0
2020-07-02,US,South Dakota,Tripp,17,0,0,43.34459388,-99.8854891,46123.0,312.44256570483367,0.0,17,16,0,0,16,16,5478,1,0,0,1,0
2020-07-02,US,South Dakota,Turner,25,0,0,43.3109081,-97.14865776,46125.0,298.18702290076334,0.0,25,25,0,0,25,24,8424,0,0,0,0,1
2020-07-02,US,South Dakota,Union,126,1,0,42.83112163,-96.6557828,46127.0,790.8611599297012,0.7936507936507936,125,124,1,0,123,123,15619,2,0,0,2,1
2020-07-02,US,South Dakota,Walworth,14,0,0,45.43019636,-100.0307514,46129.0,257.5896964121435,0.0,14,13,0,0,13,12,5587,1,0,0,1,1
2020-07-02,US,South Dakota,Yankton,78,0,0,43.00924485,-97.39467635,46135.0,341.8953274305251,0.0,78,77,0,0,77,77,22869,1,0,0,1,0
2020-07-02,US,South Dakota,Ziebach,1,0,0,44.97881876,-101.6654622,46137.0,36.2844702467344,0.0,1,2,0,0,2,2,2742,-1,0,0,-1,0
2020-07-02,US,Tennessee,Anderson,105,2,0,36.12684348,-84.19965764,47001.0,136.40260853750422,1.9047619047619049,103,104,2,0,102,102,76482,1,0,0,1,2
2020-07-02,US,Tennessee,Bedford,520,5,0,35.51123746,-86.45549096,47003.0,1046.0040633234767,0.9615384615384616,515,520,5,0,515,513,49038,0,0,0,0,7
2020-07-02,US,Tennessee,Benton,12,1,0,36.07110411,-88.06849355,47005.0,74.25742574257426,8.333333333333334,11,12,1,0,11,12,16184,0,0,0,0,0
2020-07-02,US,Tennessee,Bledsoe,618,1,0,35.59942968,-85.20611967,47007.0,4102.496016994159,0.16181229773462782,617,618,1,0,617,617,14755,0,0,0,0,1
2020-07-02,US,Tennessee,Blount,205,3,0,35.68938198,-83.92847788,47009.0,154.0334214955518,1.4634146341463414,202,188,3,0,185,173,131349,17,0,0,17,15
2020-07-02,US,Tennessee,Bradley,604,3,0,35.15739424,-84.857186,47011.0,558.6902229210989,0.4966887417218543,601,580,3,0,577,550,106727,24,0,0,24,30
2020-07-02,US,Tennessee,Campbell,41,1,0,36.40355516,-84.15108559999999,47013.0,102.90648059836352,2.4390243902439024,40,39,1,0,38,36,39583,2,0,0,2,3
2020-07-02,US,Tennessee,Cannon,34,0,0,35.80990797,-86.05738983,47015.0,231.6391879002589,0.0,34,31,0,0,31,27,14462,3,0,0,3,4
2020-07-02,US,Tennessee,Carroll,40,1,0,35.97366108,-88.45189331,47017.0,144.05589368675047,2.5,39,39,1,0,38,39,28020,1,0,0,1,0
2020-07-02,US,Tennessee,Carter,56,1,0,36.28969086,-82.12588974,47019.0,99.30662694401589,1.7857142857142858,55,56,1,0,55,54,56351,0,0,0,0,2
2020-07-02,US,Tennessee,Cheatham,220,1,0,36.26136216,-87.08903581,47021.0,540.9791723018664,0.4545454545454545,219,214,1,0,213,202,40439,6,0,0,6,12
2020-07-02,US,Tennessee,Chester,26,0,0,35.42527478,-88.6095842,47023.0,150.31508354049836,0.0,26,23,0,0,23,23,17276,3,0,0,3,0
2020-07-02,US,Tennessee,Claiborne,32,0,0,36.48319149,-83.65947309,47025.0,100.12828937075628,0.0,32,28,0,0,28,25,31756,4,0,0,4,3
2020-07-02,US,Tennessee,Clay,16,0,0,36.55151008,-85.53930419,47027.0,210.11162179908072,0.0,16,16,0,0,16,16,7717,0,0,0,0,0
2020-07-02,US,Tennessee,Cocke,76,0,0,35.9278914,-83.11828725,47029.0,211.08765692700808,0.0,76,70,0,0,70,58,35774,6,0,0,6,12
2020-07-02,US,Tennessee,Coffee,115,0,0,35.49090731,-86.07311784,47031.0,203.46779900920032,0.0,115,109,0,0,109,108,55700,6,0,0,6,1
2020-07-02,US,Tennessee,Crockett,32,3,0,35.81830662,-89.14916269,47033.0,224.87702037948003,9.375,29,31,3,0,28,31,14328,1,0,0,1,0
2020-07-02,US,Tennessee,Cumberland,174,4,0,35.95271721,-84.99840585,47035.0,287.50826173165893,2.2988505747126435,170,173,3,0,170,168,59673,1,1,0,0,5
2020-07-02,US,Tennessee,Davidson,10125,115,0,36.17007426,-86.78646056,47037.0,1458.6310621427249,1.1358024691358024,10010,9769,114,0,9655,9237,692587,356,1,0,355,532
2020-07-02,US,Tennessee,DeKalb,57,0,0,35.97616272,-85.83689361,47041.0,278.1844802342606,0.0,57,54,0,0,54,52,20138,3,0,0,3,2
2020-07-02,US,Tennessee,Decatur,21,0,0,35.60048904,-88.11043779,47039.0,180.0565892137529,0.0,21,21,0,0,21,21,11706,0,0,0,0,0
2020-07-02,US,Tennessee,Dickson,194,0,0,36.14669837,-87.35891709,47043.0,359.60554608141166,0.0,194,180,0,0,180,175,53446,14,0,0,14,5
2020-07-02,US,Tennessee,Dyer,232,1,0,36.05931946,-89.41542855,47045.0,624.3440350924403,0.4310344827586207,231,225,1,0,224,214,37320,7,0,0,7,11
2020-07-02,US,Tennessee,Fayette,301,2,0,35.19615831,-89.41399032,47047.0,731.7725427272509,0.6644518272425249,299,292,2,0,290,273,40507,9,0,0,9,19
2020-07-02,US,Tennessee,Fentress,19,0,0,36.38128818,-84.92870012,47049.0,102.57517680721266,0.0,19,18,0,0,18,17,18217,1,0,0,1,1
2020-07-02,US,Tennessee,Franklin,82,3,0,35.15634626,-86.09201039,47051.0,194.275966641395,3.6585365853658534,79,80,3,0,77,75,41890,2,0,0,2,5
2020-07-02,US,Tennessee,Gibson,110,1,0,35.99438059,-88.93358327,47053.0,223.8821158895244,0.9090909090909092,109,106,1,0,105,100,49045,4,0,0,4,6
2020-07-02,US,Tennessee,Giles,55,1,0,35.20222469,-87.03992678,47055.0,186.66847678522944,1.818181818181818,54,50,1,0,49,50,29503,5,0,0,5,0
2020-07-02,US,Tennessee,Grainger,39,0,0,36.27469206,-83.51254721,47057.0,167.2384219554031,0.0,39,37,0,0,37,35,23145,2,0,0,2,2
2020-07-02,US,Tennessee,Greene,86,2,0,36.17470125,-82.84691273,47059.0,124.51316799142886,2.3255813953488373,84,85,2,0,83,85,69087,1,0,0,1,0
2020-07-02,US,Tennessee,Grundy,58,1,0,35.38433717,-85.72142731,47061.0,431.96544276457877,1.7241379310344829,57,58,1,0,57,58,13346,0,0,0,0,0
2020-07-02,US,Tennessee,Hamblen,296,4,0,36.21990035,-83.26586179,47063.0,455.8474758986047,1.351351351351351,292,263,4,0,259,220,64569,33,0,0,33,43
2020-07-02,US,Tennessee,Hamilton,2577,30,0,35.17670231,-85.16652245,47065.0,700.6449087013734,1.1641443538998837,2547,2532,30,0,2502,2466,364286,45,0,0,45,66
2020-07-02,US,Tennessee,Hancock,3,0,0,36.52692871,-83.22375847,47067.0,45.31722054380665,0.0,3,3,0,0,3,3,6549,0,0,0,0,0
2020-07-02,US,Tennessee,Hardeman,314,3,0,35.20772017,-88.99161161,47069.0,1253.493013972056,0.9554140127388536,311,304,1,0,303,299,25220,10,2,0,8,5
2020-07-02,US,Tennessee,Hardin,103,7,0,35.19732531,-88.18593755,47071.0,401.52814595353203,6.7961165048543695,96,100,5,0,95,93,25776,3,2,0,1,7
2020-07-02,US,Tennessee,Hawkins,55,2,0,36.44355426,-82.94885298,47073.0,96.85485859190644,3.636363636363636,53,51,2,0,49,51,56530,4,0,0,4,0
2020-07-02,US,Tennessee,Haywood,81,2,0,35.58332824,-89.28536625,47075.0,468.09986130374483,2.469135802469136,79,74,2,0,72,71,17335,7,0,0,7,3
2020-07-02,US,Tennessee,Henderson,39,0,0,35.65581134,-88.38600175,47077.0,138.7061208521535,0.0,39,35,0,0,35,32,27847,4,0,0,4,3
2020-07-02,US,Tennessee,Henry,42,0,0,36.33160906,-88.30121797,47079.0,129.8500541041892,0.0,42,42,0,0,42,42,32358,0,0,0,0,0
2020-07-02,US,Tennessee,Hickman,73,0,0,35.80609681,-87.47643507,47081.0,289.93565811422667,0.0,73,72,0,0,72,70,25063,1,0,0,1,2
2020-07-02,US,Tennessee,Houston,13,0,0,36.28872054,-87.71878828,47083.0,158.51725399341544,0.0,13,12,0,0,12,12,8263,1,0,0,1,0
2020-07-02,US,Tennessee,Humphreys,26,1,0,36.03958805,-87.77992872,47085.0,139.9203530298138,3.8461538461538463,25,23,1,0,22,22,18486,3,0,0,3,1
2020-07-02,US,Tennessee,Jackson,26,0,0,36.36380466,-85.67239905,47087.0,220.6007127099949,0.0,26,26,0,0,26,26,11758,0,0,0,0,0
2020-07-02,US,Tennessee,Jefferson,121,0,0,36.04818632,-83.45148924,47089.0,222.03871914854568,0.0,121,107,0,0,107,102,54012,14,0,0,14,5
2020-07-02,US,Tennessee,Johnson,38,0,0,36.45523950000001,-81.84886538,47091.0,213.6271643804812,0.0,38,37,0,0,37,36,17778,1,0,0,1,1
2020-07-02,US,Tennessee,Knox,1022,5,0,35.99508821,-83.94635435,47093.0,217.3020945625573,0.4892367906066536,1017,982,5,0,977,967,465289,40,0,0,40,15
2020-07-02,US,Tennessee,Lake,690,0,0,36.34180170000001,-89.48921915,47095.0,9834.66362599772,0.0,690,690,0,0,690,690,7411,0,0,0,0,0
2020-07-02,US,Tennessee,Lauderdale,136,2,0,35.75893438,-89.63015909999999,47097.0,530.5660671790271,1.4705882352941178,134,120,2,0,118,119,25825,16,0,0,16,1
2020-07-02,US,Tennessee,Lawrence,143,5,0,35.21675201,-87.39787695,47099.0,323.9545104435685,3.4965034965034967,138,133,5,0,128,124,43734,10,0,0,10,9
2020-07-02,US,Tennessee,Lewis,7,0,0,35.52853208,-87.49022694,47101.0,57.05901532442125,0.0,7,7,0,0,7,6,12086,0,0,0,0,1
2020-07-02,US,Tennessee,Lincoln,58,0,0,35.13738622,-86.58910106,47103.0,168.7714601641157,0.0,58,59,0,0,59,56,34117,-1,0,0,-1,3
2020-07-02,US,Tennessee,Loudon,271,1,0,35.73939663,-84.31145275,47105.0,501.2206850632537,0.3690036900369004,270,265,1,0,264,261,53054,6,0,0,6,4
2020-07-02,US,Tennessee,Macon,421,3,0,36.53157855,-86.00778595,47111.0,1711.242988374929,0.7125890736342043,418,409,3,0,406,394,24265,12,0,0,12,15
2020-07-02,US,Tennessee,Madison,264,2,0,35.61181957,-88.84076036,47113.0,269.43174395819733,0.7575757575757576,262,255,2,0,253,247,97605,9,0,0,9,8
2020-07-02,US,Tennessee,Marion,67,4,0,35.12997174,-85.62265895,47115.0,231.7777700902896,5.970149253731344,63,67,4,0,63,64,28575,0,0,0,0,3
2020-07-02,US,Tennessee,Marshall,74,1,0,35.45798777,-86.76420988,47117.0,215.27272727272728,1.351351351351351,73,73,1,0,72,71,33683,1,0,0,1,2
2020-07-02,US,Tennessee,Maury,311,3,0,35.6187413,-87.07462444,47119.0,322.6576198035005,0.964630225080386,308,297,3,0,294,287,94340,14,0,0,14,10
2020-07-02,US,Tennessee,McMinn,218,17,0,35.42812616,-84.61520715,47107.0,405.2496560954754,7.798165137614678,201,216,17,0,199,210,53285,2,0,0,2,6
2020-07-02,US,Tennessee,McNairy,64,0,0,35.17468549,-88.5647812,47109.0,249.08538958511718,0.0,64,62,0,0,62,58,25832,2,0,0,2,4
2020-07-02,US,Tennessee,Meigs,32,0,0,35.51558739,-84.81482914,47121.0,257.6074706166479,0.0,32,32,0,0,32,32,12306,0,0,0,0,0
2020-07-02,US,Tennessee,Monroe,136,5,0,35.44550387,-84.24902965,47123.0,292.1903534214201,3.6764705882352944,131,135,4,0,131,132,46357,1,1,0,0,3
2020-07-02,US,Tennessee,Montgomery,513,7,0,36.49609412,-87.38550661,47125.0,245.46276669553527,1.364522417153996,506,493,7,0,486,479,205950,20,0,0,20,14
2020-07-02,US,Tennessee,Moore,10,0,0,35.27724699,-86.36230578,47127.0,154.1307028360049,0.0,10,8,0,0,8,7,6411,2,0,0,2,1
2020-07-02,US,Tennessee,Morgan,24,1,0,36.13248031,-84.64880098,47129.0,112.1338130168668,4.166666666666667,23,24,1,0,23,24,21579,0,0,0,0,0
2020-07-02,US,Tennessee,Obion,106,2,0,36.35732446,-89.14921589,47131.0,352.52253151085836,1.8867924528301887,104,98,2,0,96,94,30267,8,0,0,8,4
2020-07-02,US,Tennessee,Out of TN,1009,8,0,0.0,0.0,80047.0,0.0,0.7928642220019821,1001,1044,7,0,1037,952,,-35,1,0,-36,92
2020-07-02,US,Tennessee,Overton,58,1,0,36.34117832,-85.28989535,47133.0,260.7796412031833,1.7241379310344829,57,57,1,0,56,56,22068,1,0,0,1,1
2020-07-02,US,Tennessee,Perry,31,0,0,35.63708728,-87.86139634,47135.0,383.85339276869735,0.0,31,32,0,0,32,31,8064,-1,0,0,-1,1
2020-07-02,US,Tennessee,Pickett,6,0,0,36.55606529,-85.07763299999998,47137.0,118.85895404120443,0.0,6,6,0,0,6,6,5082,0,0,0,0,0
2020-07-02,US,Tennessee,Polk,41,0,0,35.12245443,-84.52075859,47139.0,243.5836501901141,0.0,41,41,0,0,41,41,16898,0,0,0,0,0
2020-07-02,US,Tennessee,Putnam,814,7,0,36.14005459,-85.50646123,47141.0,1014.3934201507884,0.85995085995086,807,805,7,0,798,783,78843,9,0,0,9,22
2020-07-02,US,Tennessee,Rhea,274,0,0,35.60536161,-84.93076643,47143.0,826.1223505291404,0.0,274,272,0,0,272,269,33044,2,0,0,2,3
2020-07-02,US,Tennessee,Roane,50,0,0,35.84923189,-84.52458689,47145.0,93.66453111535722,0.0,50,46,0,0,46,44,53140,4,0,0,4,2
2020-07-02,US,Tennessee,Robertson,801,11,0,36.52454807,-86.87346725,47147.0,1115.3969337028116,1.373283395755306,790,792,11,0,781,776,71012,9,0,0,9,16
2020-07-02,US,Tennessee,Rutherford,2733,35,0,35.84591405,-86.4107263,47149.0,822.4867207367171,1.2806439809732897,2698,2648,35,0,2613,2528,324890,85,0,0,85,120
2020-07-02,US,Tennessee,Scott,15,0,0,36.42325673,-84.50360494,47151.0,67.97172376291462,0.0,15,15,0,0,15,14,22039,0,0,0,0,1
2020-07-02,US,Tennessee,Sequatchie,29,0,0,35.36979721,-85.41022136,47153.0,192.99880207640086,0.0,29,28,0,0,28,24,14876,1,0,0,1,4
2020-07-02,US,Tennessee,Sevier,733,3,0,35.78077323,-83.52244332,47155.0,746.0559796437659,0.4092769440654843,730,657,3,0,654,608,97892,76,0,0,76,49
2020-07-02,US,Tennessee,Shelby,10765,195,0,35.1864775,-89.89692423,47157.0,1148.6759016012104,1.8114259173246632,10570,10344,193,0,10151,10028,935764,421,2,0,419,316
2020-07-02,US,Tennessee,Smith,103,1,0,36.25359775,-85.95411046,47159.0,510.9887384035324,0.9708737864077671,102,96,1,0,95,90,19942,7,0,0,7,6
2020-07-02,US,Tennessee,Stewart,21,0,0,36.50235092,-87.83920548,47161.0,153.11702515493985,0.0,21,21,0,0,21,21,13561,0,0,0,0,0
2020-07-02,US,Tennessee,Sullivan,101,2,0,36.51240691,-82.30412917,47163.0,63.7835653118448,1.98019801980198,99,91,2,0,89,89,157668,10,0,0,10,2
2020-07-02,US,Tennessee,Sumner,1507,52,0,36.46824103,-86.45917204,47165.0,787.8379155492122,3.4505640345056405,1455,1469,52,0,1417,1417,187149,38,0,0,38,52
2020-07-02,US,Tennessee,Tipton,620,5,0,35.501942,-89.73694895,47167.0,1006.5098459390573,0.8064516129032258,615,611,4,0,607,607,61581,9,1,0,8,4
2020-07-02,US,Tennessee,Trousdale,1490,5,0,36.39026213,-86.16087954,47169.0,13204.537398085786,0.3355704697986577,1485,1489,5,0,1484,1485,11012,1,0,0,1,4
2020-07-02,US,Tennessee,Unassigned,516,1,0,0.0,0.0,90047.0,0.0,0.1937984496124031,515,425,1,0,424,369,,91,0,0,91,56
2020-07-02,US,Tennessee,Unicoi,55,0,0,36.10890856,-82.43709629,47171.0,307.5546608510876,0.0,55,54,0,0,54,54,17761,1,0,0,1,0
2020-07-02,US,Tennessee,Union,15,0,0,36.28590426,-83.83651902,47173.0,75.10514720608852,0.0,15,13,0,0,13,12,19688,2,0,0,2,1
2020-07-02,US,Tennessee,Van Buren,7,0,0,35.69864497,-85.45221699,47175.0,119.2098092643052,0.0,7,7,0,0,7,7,5765,0,0,0,0,0
2020-07-02,US,Tennessee,Warren,69,0,0,35.6728299,-85.77969117,47177.0,167.16331128715746,0.0,69,65,0,0,65,62,40878,4,0,0,4,3
2020-07-02,US,Tennessee,Washington,134,0,0,36.29472368,-82.49454720000001,47179.0,103.57487922705316,0.0,134,134,0,0,134,131,128607,0,0,0,0,3
2020-07-02,US,Tennessee,Wayne,80,0,0,35.23868267,-87.78644456,47181.0,479.81766928567146,0.0,80,77,0,0,77,77,16558,3,0,0,3,0
2020-07-02,US,Tennessee,Weakley,62,1,0,36.29896232,-88.71990865,47183.0,186.029764762362,1.6129032258064515,61,61,1,0,60,60,33415,1,0,0,1,1
2020-07-02,US,Tennessee,White,65,3,0,35.92929884,-85.45591799,47185.0,237.70341927226184,4.615384615384615,62,64,3,0,61,63,27107,1,0,0,1,1
2020-07-02,US,Tennessee,Williamson,1148,14,0,35.89099229,-86.89281867,47187.0,481.5193866080567,1.2195121951219512,1134,1090,14,0,1076,1013,231729,58,0,0,58,77
2020-07-02,US,Tennessee,Wilson,859,17,0,36.15496772,-86.29775884,47189.0,593.8184809584052,1.9790454016298016,842,829,17,0,812,779,140625,30,0,0,30,50
2020-07-02,US,Texas,Anderson,1063,2,0,31.81534745,-95.65354823,48001.0,1841.170866891833,0.18814675446848544,1061,1040,2,0,1038,1032,58057,23,0,0,23,8
2020-07-02,US,Texas,Andrews,89,0,0,32.30468633,-102.6376548,48003.0,475.80860732424486,0.0,89,82,0,0,82,75,18128,7,0,0,7,7
2020-07-02,US,Texas,Angelina,519,9,0,31.25457347,-94.60901487,48005.0,598.5123681024045,1.7341040462427746,510,507,9,0,498,476,87092,12,0,0,12,31
2020-07-02,US,Texas,Aransas,28,0,0,28.10556197,-96.9995047,48007.0,119.09825606125055,0.0,28,24,0,0,24,23,23792,4,0,0,4,1
2020-07-02,US,Texas,Archer,8,0,0,33.61569967,-98.68754589,48009.0,93.53443236291359,0.0,8,7,0,0,7,7,8786,1,0,0,1,0
2020-07-02,US,Texas,Armstrong,3,0,0,34.96507426,-101.3574874,48011.0,158.9825119236884,0.0,3,3,0,0,3,3,1892,0,0,0,0,0
2020-07-02,US,Texas,Atascosa,116,2,0,28.89333001,-98.52730485,48013.0,226.77066838699588,1.7241379310344829,114,108,2,0,106,106,50310,8,0,0,8,2
2020-07-02,US,Texas,Austin,73,0,0,29.88548725,-96.27736949,48015.0,243.07405434203517,0.0,73,72,0,0,72,71,29989,1,0,0,1,1
2020-07-02,US,Texas,Bailey,101,1,0,34.06854817,-102.8299707,48017.0,1442.857142857143,0.99009900990099,100,100,1,0,99,94,7027,1,0,0,1,6
2020-07-02,US,Texas,Bandera,22,0,0,29.74619598,-99.24598147,48019.0,95.18864659051576,0.0,22,21,0,0,21,16,22824,1,0,0,1,5
2020-07-02,US,Texas,Bastrop,458,6,0,30.10370699,-97.31206354,48021.0,516.2133832264464,1.310043668122271,452,446,6,0,440,442,86976,12,0,0,12,4
2020-07-02,US,Texas,Baylor,1,0,0,33.61640794,-99.21352901,48023.0,28.498147620404676,0.0,1,1,0,0,1,1,3582,0,0,0,0,0
2020-07-02,US,Texas,Bee,51,0,0,28.41761668,-97.74215593,48025.0,156.6098572086596,0.0,51,47,0,0,47,46,32587,4,0,0,4,1
2020-07-02,US,Texas,Bell,1394,13,0,31.03736027,-97.4785025,48027.0,384.1024567127002,0.932568149210904,1381,1315,13,0,1302,1187,355642,79,0,0,79,128
2020-07-02,US,Texas,Bexar,12504,111,0,29.44928723,-98.52019748,48029.0,624.0909903102188,0.8877159309021113,12393,12504,111,0,12393,10797,1986049,0,0,0,0,1707
2020-07-02,US,Texas,Blanco,29,1,0,30.26640707,-98.3999852,48031.0,243.06428631296623,3.4482758620689653,28,27,1,0,26,27,11702,2,0,0,2,0
2020-07-02,US,Texas,Bosque,15,0,0,31.89978581,-97.63613524,48035.0,80.27829810008028,0.0,15,14,0,0,14,13,18691,1,0,0,1,1
2020-07-02,US,Texas,Bowie,439,12,0,33.44626922,-94.41834132,48037.0,470.80272400664916,2.733485193621868,427,438,11,0,427,427,94324,1,1,0,0,11
2020-07-02,US,Texas,Brazoria,2438,22,0,29.18757369,-95.44563172,48039.0,651.4118376333282,0.9023789991796556,2416,2336,21,0,2315,2269,370200,102,1,0,101,67
2020-07-02,US,Texas,Brazos,2228,31,0,30.663644800000004,-96.30205577,48041.0,972.0301381696339,1.3913824057450628,2197,2127,31,0,2096,1943,226758,101,0,0,101,184
2020-07-02,US,Texas,Brewster,142,1,0,29.81008251,-103.2520326,48043.0,1542.975116809736,0.7042253521126759,141,136,1,0,135,130,9267,6,0,0,6,6
2020-07-02,US,Texas,Briscoe,3,0,0,34.53026962,-101.2084947,48045.0,194.0491591203105,0.0,3,3,0,0,3,2,1516,0,0,0,0,1
2020-07-02,US,Texas,Brooks,6,0,0,27.03103197,-98.21808402,48047.0,84.59044128013535,0.0,6,3,0,0,3,3,7114,3,0,0,3,0
2020-07-02,US,Texas,Brown,87,11,0,31.77430356,-98.99907113,48049.0,229.7697020916966,12.64367816091954,76,77,10,0,67,77,37924,10,1,0,9,0
2020-07-02,US,Texas,Burleson,84,0,0,30.49273808,-96.62158484,48051.0,455.4573550940737,0.0,84,83,0,0,83,76,18389,1,0,0,1,7
2020-07-02,US,Texas,Burnet,141,3,0,30.78801353,-98.181887,48053.0,292.8044855155228,2.127659574468085,138,135,3,0,132,129,47542,6,0,0,6,6
2020-07-02,US,Texas,Caldwell,377,2,0,29.83668859,-97.61814775,48055.0,863.4115060461708,0.5305039787798409,375,346,2,0,344,336,43247,31,0,0,31,10
2020-07-02,US,Texas,Calhoun,94,3,0,28.47048236,-96.61633945,48057.0,441.52184124001883,3.191489361702128,91,90,3,0,87,74,21561,4,0,0,4,16
2020-07-02,US,Texas,Callahan,17,2,0,32.29760619,-99.37326312,48059.0,121.92498027684142,11.764705882352944,15,17,2,0,15,16,13994,0,0,0,0,1
2020-07-02,US,Texas,Cameron,2510,56,0,26.14524221,-97.48140372,48061.0,593.1520477924582,2.2310756972111547,2454,2399,55,0,2344,2296,423908,111,1,0,110,103
2020-07-02,US,Texas,Camp,120,1,0,32.97195142,-94.97790104,48063.0,916.4502825721704,0.8333333333333334,119,118,1,0,117,117,13033,2,0,0,2,1
2020-07-02,US,Texas,Carson,7,0,0,35.40365929,-101.3542669,48065.0,118.1235234559568,0.0,7,6,0,0,6,6,6005,1,0,0,1,0
2020-07-02,US,Texas,Cass,44,2,0,33.07499881,-94.34646905,48067.0,146.5396656231266,4.545454545454546,42,41,2,0,39,38,30119,3,0,0,3,3
2020-07-02,US,Texas,Castro,93,1,0,34.53016752,-102.2617243,48069.0,1235.0597609561753,1.075268817204301,92,87,1,0,86,75,7665,6,0,0,6,12
2020-07-02,US,Texas,Chambers,334,2,0,29.70972016,-94.67154501,48071.0,761.9134521066679,0.5988023952095808,332,308,2,0,306,288,42454,26,0,0,26,20
2020-07-02,US,Texas,Cherokee,172,2,0,31.837258,-95.16559897,48073.0,326.7104813281161,1.162790697674419,170,147,2,0,145,148,52592,25,0,0,25,-1
2020-07-02,US,Texas,Childress,7,0,0,34.529304100000004,-100.2077916,48075.0,95.81166164796059,0.0,7,7,0,0,7,7,7291,0,0,0,0,0
2020-07-02,US,Texas,Clay,8,0,0,33.78686685,-98.20771198,48077.0,76.40148982905167,0.0,8,8,0,0,8,7,10456,0,0,0,0,1
2020-07-02,US,Texas,Cochran,1,0,0,33.60425307,-102.8284499,48079.0,35.05082369435681,0.0,1,1,0,0,1,1,2836,0,0,0,0,0
2020-07-02,US,Texas,Coke,5,1,0,31.88911733,-100.5297533,48081.0,147.62326542663124,20.0,4,5,1,0,4,5,3370,0,0,0,0,0
2020-07-02,US,Texas,Coleman,3,0,0,31.76736834,-99.45240766,48083.0,36.697247706422026,0.0,3,3,0,0,3,3,8397,0,0,0,0,0
2020-07-02,US,Texas,Collin,3114,43,0,33.18820114,-96.57264368,48085.0,300.94807341045487,1.3808606294155428,3071,2997,42,0,2955,2882,1005146,117,1,0,116,115
2020-07-02,US,Texas,Collingsworth,6,0,0,34.96489496,-100.2700111,48087.0,205.4794520547945,0.0,6,6,0,0,6,6,2962,0,0,0,0,0
2020-07-02,US,Texas,Colorado,95,0,0,29.622098,-96.5273805,48089.0,442.004373516959,0.0,95,93,0,0,93,87,21217,2,0,0,2,6
2020-07-02,US,Texas,Comal,599,8,0,29.80811278,-98.27647225,48091.0,383.4606200667055,1.335559265442404,591,525,7,0,518,470,148373,74,1,0,73,55
2020-07-02,US,Texas,Comanche,41,1,0,31.94854689,-98.55876441,48093.0,300.6967363403007,2.4390243902439024,40,31,1,0,30,23,13534,10,0,0,10,8
2020-07-02,US,Texas,Concho,9,0,0,31.32635934,-99.86473038,48095.0,330.1540719002201,0.0,9,9,0,0,9,9,4276,0,0,0,0,0
2020-07-02,US,Texas,Cooke,43,0,0,33.63979567,-97.21240912,48097.0,104.22473762028262,0.0,43,43,0,0,43,43,40574,0,0,0,0,0
2020-07-02,US,Texas,Coryell,335,2,0,31.39078397,-97.79936155,48099.0,441.07385024555305,0.5970149253731343,333,331,2,0,329,331,74808,4,0,0,4,0
2020-07-02,US,Texas,Cottle,4,1,0,34.07783319,-100.2785062,48101.0,286.12303290414883,25.0,3,4,1,0,3,4,1389,0,0,0,0,0
2020-07-02,US,Texas,Crane,57,9,0,31.43052248,-102.5143314,48103.0,1188.2426516572855,15.789473684210524,48,57,9,0,48,54,4794,0,0,0,0,3
2020-07-02,US,Texas,Crockett,11,0,0,30.72367027,-101.4134238,48105.0,317.55196304849886,0.0,11,10,0,0,10,9,3499,1,0,0,1,1
2020-07-02,US,Texas,Crosby,26,1,0,33.61431553,-101.3000364,48107.0,453.1985358201151,3.8461538461538463,25,25,1,0,24,21,5779,1,0,0,1,4
2020-07-02,US,Texas,Culberson,3,0,0,31.44506775,-104.5185739,48109.0,138.18516812528787,0.0,3,3,0,0,3,3,2204,0,0,0,0,0
2020-07-02,US,Texas,Dallam,91,1,0,36.27787176,-102.6020725,48111.0,1248.7992315081653,1.0989010989010992,90,85,1,0,84,83,7200,6,0,0,6,2
2020-07-02,US,Texas,Dallas,22590,387,0,32.76670599,-96.7779605,48113.0,857.1376534993527,1.7131474103585658,22203,21882,380,0,21502,21338,2637772,708,7,0,701,544
2020-07-02,US,Texas,Dawson,59,1,0,32.74255572,-101.9477242,48115.0,463.54494028912626,1.6949152542372878,58,52,1,0,51,52,12619,7,0,0,7,0
2020-07-02,US,Texas,DeWitt,70,1,0,29.08101855,-97.3568117,48123.0,347.22222222222223,1.4285714285714286,69,70,1,0,69,56,20187,0,0,0,0,14
2020-07-02,US,Texas,Deaf Smith,324,17,0,34.96522957,-102.6054267,48117.0,1747.0074409576187,5.246913580246914,307,305,16,0,289,292,18760,19,1,0,18,13
2020-07-02,US,Texas,Delta,7,0,0,33.38570922,-95.66921122,48119.0,131.30744700806602,0.0,7,6,0,0,6,6,5349,1,0,0,1,0
2020-07-02,US,Texas,Denton,2951,37,0,33.20521901,-97.11691153,48121.0,332.61685266234366,1.253812267028126,2914,2845,37,0,2808,2740,859064,106,0,0,106,105
2020-07-02,US,Texas,Dickens,2,0,0,33.61616822,-100.7788855,48125.0,90.45680687471732,0.0,2,2,0,0,2,2,2249,0,0,0,0,0
2020-07-02,US,Texas,Dimmit,13,0,0,28.42270064,-99.75645095,48127.0,128.40774397471355,0.0,13,13,0,0,13,13,10308,0,0,0,0,0
2020-07-02,US,Texas,Donley,27,0,0,34.96517499,-100.8140093,48129.0,823.672971323978,0.0,27,27,0,0,27,27,3319,0,0,0,0,0
2020-07-02,US,Texas,Duval,54,0,0,27.68184592,-98.50864568,48131.0,484.0010755579457,0.0,54,50,0,0,50,41,11212,4,0,0,4,9
2020-07-02,US,Texas,Eastland,10,0,0,32.32743996,-98.83243566,48133.0,54.46623093681917,0.0,10,10,0,0,10,10,18322,0,0,0,0,0
2020-07-02,US,Texas,Ector,670,9,0,31.86898877,-102.5429428,48135.0,403.072980273488,1.3432835820895523,661,558,7,0,551,558,162124,112,2,0,110,0
2020-07-02,US,Texas,Edwards,2,0,0,29.98202582,-100.304252,48137.0,103.51966873706004,0.0,2,2,0,0,2,2,1928,0,0,0,0,0
2020-07-02,US,Texas,El Paso,6389,132,0,31.76980765,-106.2363275,48141.0,761.2858331009797,2.066051025199562,6257,6124,131,0,5993,5928,840758,265,1,0,264,196
2020-07-02,US,Texas,Ellis,901,19,0,32.34894117,-96.79371841,48139.0,487.4855269280296,2.108768035516093,882,862,19,0,843,820,179436,39,0,0,39,42
2020-07-02,US,Texas,Erath,166,1,0,32.23602653,-98.21773417,48143.0,388.776991896576,0.6024096385542169,165,152,1,0,151,149,42446,14,0,0,14,3
2020-07-02,US,Texas,Falls,31,0,0,31.25350609,-96.93630086,48145.0,179.22183037520958,0.0,31,31,0,0,31,29,17335,0,0,0,0,2
2020-07-02,US,Texas,Fannin,96,7,0,33.59564294,-96.10751083,48147.0,270.31593174522726,7.291666666666668,89,91,7,0,84,88,35286,5,0,0,5,3
2020-07-02,US,Texas,Fayette,95,2,0,29.87788372,-96.92076062,48149.0,374.81259370314837,2.1052631578947367,93,90,2,0,88,86,25349,5,0,0,5,4
2020-07-02,US,Texas,Fisher,8,1,0,32.74281316,-100.4019302,48151.0,208.87728459530032,12.5,7,5,1,0,4,5,3839,3,0,0,3,0
2020-07-02,US,Texas,Floyd,34,1,0,34.07227468,-101.3031546,48153.0,595.2380952380953,2.9411764705882355,33,31,1,0,30,28,5837,3,0,0,3,3
2020-07-02,US,Texas,Fort Bend,3868,54,0,29.52704478,-95.77219463,48157.0,476.5377829905087,1.3960703205791107,3814,3782,54,0,3728,3722,787858,86,0,0,86,60
2020-07-02,US,Texas,Franklin,47,0,0,33.17653242,-95.21917243,48159.0,438.22843822843816,0.0,47,41,0,0,41,41,10766,6,0,0,6,0
2020-07-02,US,Texas,Freestone,31,0,0,31.70422788,-96.15072516,48161.0,157.2247299284881,0.0,31,29,0,0,29,28,19808,2,0,0,2,1
2020-07-02,US,Texas,Frio,225,0,0,28.86751206,-99.10804207,48163.0,1108.04688269477,0.0,225,218,0,0,218,192,19816,7,0,0,7,26
2020-07-02,US,Texas,Gaines,26,0,0,32.74055318,-102.6353295,48165.0,120.9752466033873,0.0,26,16,0,0,16,16,20901,10,0,0,10,0
2020-07-02,US,Texas,Galveston,3565,45,0,29.40167322,-94.90469073,48167.0,1041.9741683935476,1.262272089761571,3520,3293,40,0,3253,3293,337890,272,5,0,267,0
2020-07-02,US,Texas,Garza,12,0,0,33.17969345,-101.2984114,48169.0,192.6472949109006,0.0,12,12,0,0,12,12,6578,0,0,0,0,0
2020-07-02,US,Texas,Gillespie,41,0,0,30.31824095,-98.94676915,48171.0,151.91937157255074,0.0,41,42,0,0,42,42,26804,-1,0,0,-1,0
2020-07-02,US,Texas,Glasscock,5,0,0,31.86942909,-101.5207776,48173.0,354.86160397445,0.0,5,5,0,0,5,5,1388,0,0,0,0,0
2020-07-02,US,Texas,Goliad,15,0,0,28.65696592,-97.42760647,48175.0,195.8735962392269,0.0,15,14,0,0,14,14,7584,1,0,0,1,0
2020-07-02,US,Texas,Gonzales,297,4,0,29.45634206,-97.49424032,48177.0,1425.349138551615,1.3468013468013469,293,261,4,0,257,260,20826,36,0,0,36,1
2020-07-02,US,Texas,Gray,117,4,0,35.40081878,-100.8129222,48179.0,534.5883213012885,3.418803418803418,113,117,4,0,113,114,21895,0,0,0,0,3
2020-07-02,US,Texas,Grayson,594,5,0,33.62744998,-96.67753461,48181.0,436.08492643819926,0.8417508417508418,589,580,5,0,575,572,133991,14,0,0,14,8
2020-07-02,US,Texas,Gregg,389,13,0,32.47940482,-94.81591935,48183.0,313.848884585905,3.341902313624679,376,375,13,0,362,355,123707,14,0,0,14,20
2020-07-02,US,Texas,Grimes,545,2,0,30.54579585,-95.98902499,48185.0,1887.1191135734075,0.3669724770642202,543,539,2,0,537,513,28360,6,0,0,6,26
2020-07-02,US,Texas,Guadalupe,737,2,0,29.58165339,-97.94786822,48187.0,441.7220567346132,0.27137042062415195,735,705,2,0,703,698,163694,32,0,0,32,7
2020-07-02,US,Texas,Hale,369,7,0,34.07044901,-101.8268114,48189.0,1104.5919894629708,1.897018970189702,362,300,7,0,293,285,33830,69,0,0,69,15
2020-07-02,US,Texas,Hall,2,1,0,34.5307555,-100.6813852,48191.0,67.47638326585695,50.0,1,2,1,0,1,2,3028,0,0,0,0,0
2020-07-02,US,Texas,Hamilton,24,1,0,31.70470573,-98.11083887,48193.0,283.65441437182363,4.166666666666667,23,24,1,0,23,20,8484,0,0,0,0,4
2020-07-02,US,Texas,Hansford,31,2,0,36.27743284,-101.3545796,48195.0,574.1804037784775,6.451612903225807,29,28,2,0,26,28,5463,3,0,0,3,0
2020-07-02,US,Texas,Hardeman,5,0,0,34.28944521,-99.74632408,48197.0,127.12941774726671,0.0,5,5,0,0,5,5,3922,0,0,0,0,0
2020-07-02,US,Texas,Hardin,257,5,0,30.33364686,-94.38931817,48199.0,446.1650637130657,1.9455252918287935,252,254,5,0,249,232,57207,3,0,0,3,22
2020-07-02,US,Texas,Harris,34108,387,0,29.86,-95.39,48201.0,723.6505015037155,1.1346311715726516,33721,32859,384,0,32475,31422,4698619,1249,3,0,1246,1437
2020-07-02,US,Texas,Harrison,325,30,0,32.54935988,-94.36934071,48203.0,488.3326070950972,9.23076923076923,295,314,30,0,284,308,66726,11,0,0,11,6
2020-07-02,US,Texas,Hartley,31,2,0,35.84008013,-102.6029022,48205.0,555.9540889526544,6.451612903225807,29,28,2,0,26,26,5619,3,0,0,3,2
2020-07-02,US,Texas,Haskell,5,0,0,33.17823584,-99.73037358,48207.0,88.37044892188051,0.0,5,5,0,0,5,5,5813,0,0,0,0,0
2020-07-02,US,Texas,Hays,3050,7,0,30.05669873,-98.02944344,48209.0,1324.9866415281226,0.2295081967213115,3043,2819,7,0,2812,2661,222631,231,0,0,231,158
2020-07-02,US,Texas,Hemphill,10,0,0,35.83764858,-100.2703577,48211.0,261.84865147944487,0.0,10,8,0,0,8,7,3825,2,0,0,2,1
2020-07-02,US,Texas,Henderson,143,4,0,32.21128872,-95.85846587,48213.0,172.83682028596638,2.797202797202797,139,137,4,0,133,128,82299,6,0,0,6,9
2020-07-02,US,Texas,Hidalgo,4252,49,0,26.39418217,-98.18299696,48215.0,489.4630755824462,1.1523988711194733,4203,3982,46,0,3936,3542,865939,270,3,0,267,440
2020-07-02,US,Texas,Hill,74,1,0,31.99045053,-97.13423143,48217.0,201.91546836202897,1.351351351351351,73,70,1,0,69,66,36354,4,0,0,4,4
2020-07-02,US,Texas,Hockley,56,1,0,33.60771256,-102.3431676,48219.0,243.25615742148474,1.7857142857142858,55,50,1,0,49,38,22980,6,0,0,6,12
2020-07-02,US,Texas,Hood,83,4,0,32.42990927,-97.83242024,48221.0,134.64626964943304,4.819277108433735,79,67,4,0,63,61,60537,16,0,0,16,6
2020-07-02,US,Texas,Hopkins,69,1,0,33.14875072,-95.56351139,48223.0,186.0640707582785,1.4492753623188406,68,63,1,0,62,56,36810,6,0,0,6,7
2020-07-02,US,Texas,Houston,165,0,0,31.31925973,-95.42226208,48225.0,718.3908045977013,0.0,165,162,0,0,162,160,23169,3,0,0,3,2
2020-07-02,US,Texas,Howard,43,1,0,32.30621324,-101.4356444,48227.0,117.28125681867772,2.3255813953488373,42,40,1,0,39,40,36459,3,0,0,3,0
2020-07-02,US,Texas,Hudspeth,16,0,0,31.45628381,-105.388178,48229.0,327.46623004502663,0.0,16,15,0,0,15,15,4795,1,0,0,1,0
2020-07-02,US,Texas,Hunt,480,8,0,33.12351514,-96.08551032,48231.0,486.84504128040254,1.6666666666666667,472,452,6,0,446,392,96493,28,2,0,26,60
2020-07-02,US,Texas,Hutchinson,68,0,0,35.84006574,-101.3546643,48233.0,324.76836374056734,0.0,68,65,0,0,65,62,21198,3,0,0,3,3
2020-07-02,US,Texas,Irion,2,0,0,31.30375559,-100.982439,48235.0,130.20833333333334,0.0,2,2,0,0,2,2,1522,0,0,0,0,0
2020-07-02,US,Texas,Jack,11,0,0,33.23377248,-98.17283469,48237.0,123.11135982092891,0.0,11,11,0,0,11,9,8843,0,0,0,0,2
2020-07-02,US,Texas,Jackson,47,1,0,28.95472367,-96.57749563,48239.0,318.4281842818428,2.127659574468085,46,47,1,0,46,41,14874,0,0,0,0,6
2020-07-02,US,Texas,Jasper,52,1,0,30.74685667,-94.02667579,48241.0,146.3593121112331,1.9230769230769231,51,52,1,0,51,51,35872,0,0,0,0,1
2020-07-02,US,Texas,Jeff Davis,4,0,0,30.71490589,-104.1399973,48243.0,175.9014951627089,0.0,4,4,0,0,4,4,2252,0,0,0,0,0
2020-07-02,US,Texas,Jefferson,1947,34,0,29.8832777,-94.16434171,48245.0,773.9550414405818,1.746276322547509,1913,1875,34,0,1841,1787,255001,72,0,0,72,88
2020-07-02,US,Texas,Jim Hogg,16,0,0,27.04453923,-98.6968187,48247.0,307.6923076923077,0.0,16,15,0,0,15,15,5248,1,0,0,1,0
2020-07-02,US,Texas,Jim Wells,166,0,0,27.73103938,-98.0904705,48249.0,410.05879156168174,0.0,166,147,0,0,147,142,40822,19,0,0,19,5
2020-07-02,US,Texas,Johnson,478,4,0,32.37877812,-97.36615819,48251.0,271.8735958411303,0.8368200836820083,474,448,4,0,444,436,171361,30,0,0,30,12
2020-07-02,US,Texas,Jones,610,0,0,32.73997145,-99.87861576,48253.0,3037.394811532142,0.0,610,613,0,0,613,611,19817,-3,0,0,-3,2
2020-07-02,US,Texas,Karnes,51,0,0,28.90705334,-97.85960149,48255.0,326.902121658868,0.0,51,48,0,0,48,29,15650,3,0,0,3,19
2020-07-02,US,Texas,Kaufman,676,4,0,32.599141700000004,-96.28734728,48257.0,496.49661412811963,0.591715976331361,672,627,4,0,623,586,128622,49,0,0,49,41
2020-07-02,US,Texas,Kendall,68,0,0,29.94414155,-98.7113588,48259.0,143.36615293795197,0.0,68,67,0,0,67,66,45641,1,0,0,1,1
2020-07-02,US,Texas,Kerr,94,1,0,30.06040006,-99.34930144,48265.0,178.70722433460077,1.0638297872340423,93,90,1,0,89,77,52405,4,0,0,4,13
2020-07-02,US,Texas,Kimble,5,0,0,30.48678918,-99.74856473,48267.0,115.28706479133041,0.0,5,5,0,0,5,5,4362,0,0,0,0,0
2020-07-02,US,Texas,Kinney,2,0,0,29.34967888,-100.4186638,48271.0,54.5404963185165,0.0,2,2,0,0,2,2,3767,0,0,0,0,0
2020-07-02,US,Texas,Kleberg,77,1,0,27.42435506,-97.69894948,48273.0,250.97783572359845,1.2987012987012987,76,71,1,0,70,66,31129,6,0,0,6,5
2020-07-02,US,Texas,Knox,3,0,0,33.60519951,-99.7422906,48275.0,81.87772925764193,0.0,3,3,0,0,3,3,3653,0,0,0,0,0
2020-07-02,US,Texas,La Salle,19,0,0,28.34453111,-99.09908775,48283.0,252.6595744680851,0.0,19,14,0,0,14,13,7531,5,0,0,5,1
2020-07-02,US,Texas,Lamar,296,13,0,33.66981763,-95.57404777,48277.0,593.674161134399,4.391891891891892,283,296,13,0,283,283,49728,0,0,0,0,13
2020-07-02,US,Texas,Lamb,44,0,0,34.06859623,-102.3516289,48279.0,341.2704568370433,0.0,44,41,0,0,41,37,13158,3,0,0,3,4
2020-07-02,US,Texas,Lampasas,20,0,0,31.19531316,-98.24206613,48281.0,93.33582228859436,0.0,20,20,0,0,20,20,21229,0,0,0,0,0
2020-07-02,US,Texas,Lavaca,150,1,0,29.38508402,-96.93186692,48285.0,744.2691277165821,0.6666666666666666,149,134,1,0,133,131,20110,16,0,0,16,3
2020-07-02,US,Texas,Lee,62,3,0,30.31120597,-96.97045773,48287.0,359.64963164916765,4.838709677419356,59,60,3,0,57,59,17144,2,0,0,2,1
2020-07-02,US,Texas,Leon,31,0,0,31.29872538,-95.9936328,48289.0,178.11997242013337,0.0,31,31,0,0,31,27,17270,0,0,0,0,4
2020-07-02,US,Texas,Liberty,361,3,0,30.15152688,-94.81205615,48291.0,409.20890057697335,0.8310249307479224,358,331,3,0,328,314,86323,30,0,0,30,17
2020-07-02,US,Texas,Limestone,56,1,0,31.5454767,-96.58095444,48293.0,238.93843068652126,1.7857142857142858,55,52,1,0,51,49,23519,4,0,0,4,3
2020-07-02,US,Texas,Lipscomb,11,0,0,36.27783108,-100.2733151,48295.0,340.24126198577176,0.0,11,11,0,0,11,9,3355,0,0,0,0,2
2020-07-02,US,Texas,Live Oak,31,0,0,28.35101362,-98.1246786,48297.0,253.9526501187843,0.0,31,31,0,0,31,31,12166,0,0,0,0,0
2020-07-02,US,Texas,Llano,10,0,0,30.70645047,-98.68475262,48299.0,45.88208304657032,0.0,10,11,0,0,11,10,21646,-1,0,0,-1,1
2020-07-02,US,Texas,Lubbock,2457,52,0,33.61008596,-101.8204789,48303.0,791.1285414835353,2.1164021164021163,2405,2273,52,0,2221,2095,307412,184,0,0,184,178
2020-07-02,US,Texas,Lynn,38,1,0,33.17657705,-101.8162849,48305.0,638.5481431692152,2.631578947368421,37,33,1,0,32,33,5877,5,0,0,5,0
2020-07-02,US,Texas,Madison,36,0,0,30.96694679,-95.93003775,48313.0,252.03024362923546,0.0,36,33,0,0,33,30,14422,3,0,0,3,3
2020-07-02,US,Texas,Marion,28,1,0,32.79868409,-94.3566123,48315.0,284.1485691089913,3.571428571428572,27,28,1,0,27,26,9928,0,0,0,0,2
2020-07-02,US,Texas,Martin,17,1,0,32.30600051,-101.9513518,48317.0,294.5763299254895,5.882352941176472,16,17,1,0,16,16,5753,0,0,0,0,1
2020-07-02,US,Texas,Mason,34,0,0,30.71780434,-99.22629416,48319.0,795.5077211043518,0.0,34,34,0,0,34,33,4280,0,0,0,0,1
2020-07-02,US,Texas,Matagorda,240,5,0,28.81955746,-96.01230294,48321.0,654.9682067516306,2.083333333333333,235,213,5,0,208,172,36552,27,0,0,27,41
2020-07-02,US,Texas,Maverick,434,3,0,28.7429195,-100.3157686,48323.0,739.0756445625148,0.6912442396313364,431,434,3,0,431,311,58485,0,0,0,0,123
2020-07-02,US,Texas,McCulloch,17,0,0,31.1925468,-99.34682807,48307.0,212.92585170340683,0.0,17,13,0,0,13,12,7987,4,0,0,4,1
2020-07-02,US,Texas,McLennan,1068,9,0,31.55255453,-97.20217694,48309.0,416.1746998515332,0.8426966292134831,1059,957,9,0,948,795,254607,111,0,0,111,162
2020-07-02,US,Texas,Medina,282,2,0,29.3557301,-99.11030298,48325.0,546.6811414392058,0.7092198581560284,280,278,2,0,276,255,50921,4,0,0,4,23
2020-07-02,US,Texas,Menard,6,0,0,30.88990665,-99.8204794,48327.0,280.63610851262865,0.0,6,6,0,0,6,6,2139,0,0,0,0,0
2020-07-02,US,Texas,Midland,734,15,0,31.86904128,-102.0315682,48329.0,415.0832428519725,2.043596730245232,719,701,15,0,686,651,172578,33,0,0,33,50
2020-07-02,US,Texas,Milam,90,1,0,30.78581830000001,-96.97718698,48331.0,362.56697417717436,1.1111111111111112,89,88,1,0,87,83,25131,2,0,0,2,5
2020-07-02,US,Texas,Mills,1,0,0,31.49557106,-98.59272068,48333.0,20.521239482864765,0.0,1,1,0,0,1,1,4921,0,0,0,0,0
2020-07-02,US,Texas,Mitchell,9,0,0,32.30623474,-100.9212058,48335.0,105.32475131655941,0.0,9,9,0,0,9,5,8145,0,0,0,0,4
2020-07-02,US,Texas,Montague,18,1,0,33.67521893,-97.72500958,48337.0,90.82652134423252,5.5555555555555545,17,18,1,0,17,18,19596,0,0,0,0,0
2020-07-02,US,Texas,Montgomery,2353,37,0,30.30079133,-95.50572772,48339.0,387.3946107202774,1.572460688482788,2316,2257,36,0,2221,2133,590925,96,1,0,95,124
2020-07-02,US,Texas,Moore,896,15,0,35.83769242,-101.8930281,48341.0,4278.892072588347,1.6741071428571428,881,893,15,0,878,889,21485,3,0,0,3,4
2020-07-02,US,Texas,Morris,40,0,0,33.11304005,-94.73255695,48343.0,322.8931223764933,0.0,40,39,0,0,39,38,12339,1,0,0,1,1
2020-07-02,US,Texas,Motley,1,0,0,34.07408766,-100.779722,48345.0,83.33333333333333,0.0,1,1,0,0,1,1,1234,0,0,0,0,0
2020-07-02,US,Texas,Nacogdoches,416,26,0,31.62017125,-94.61803994,48347.0,637.9976688546715,6.25,390,407,26,0,381,397,65711,9,0,0,9,10
2020-07-02,US,Texas,Navarro,247,6,0,32.04620681,-96.47428766,48349.0,492.88607746492926,2.42914979757085,241,241,6,0,235,230,49565,6,0,0,6,11
2020-07-02,US,Texas,Newton,12,0,0,30.78548982,-93.74408813,48351.0,88.26774549466715,0.0,12,12,0,0,12,12,13746,0,0,0,0,0
2020-07-02,US,Texas,Nolan,42,0,0,32.30365282,-100.4060208,48353.0,285.44243577545194,0.0,42,36,0,0,36,33,14751,6,0,0,6,3
2020-07-02,US,Texas,Nueces,3018,9,0,27.736286,-97.5433285,48355.0,833.0251122016925,0.2982107355864811,3009,2756,9,0,2747,2394,362265,262,0,0,262,362
2020-07-02,US,Texas,Ochiltree,53,2,0,36.27829105,-100.8158184,48357.0,538.8369255795038,3.7735849056603774,51,53,2,0,51,53,9947,0,0,0,0,0
2020-07-02,US,Texas,Oldham,4,1,0,35.40425596,-102.6027606,48359.0,189.3939393939394,25.0,3,4,1,0,3,4,2131,0,0,0,0,0
2020-07-02,US,Texas,Orange,273,3,0,30.11879481,-93.89412775,48361.0,327.35382991990025,1.0989010989010992,270,272,3,0,269,212,83572,1,0,0,1,60
2020-07-02,US,Texas,Palo Pinto,25,2,0,32.75310985,-98.31319001,48363.0,85.64870327863237,8.0,23,21,2,0,19,19,28875,4,0,0,4,2
2020-07-02,US,Texas,Panola,212,24,0,32.163959600000005,-94.30552481,48365.0,914.0294903854443,11.320754716981131,188,209,24,0,185,209,23148,3,0,0,3,0
2020-07-02,US,Texas,Parker,304,1,0,32.77757172,-97.80500621,48367.0,212.76893573538263,0.32894736842105265,303,291,1,0,290,286,138371,13,0,0,13,5
2020-07-02,US,Texas,Parmer,205,8,0,34.52993409,-102.7844668,48369.0,2134.305049453409,3.902439024390244,197,199,8,0,191,191,9864,6,0,0,6,8
2020-07-02,US,Texas,Pecos,130,0,0,30.78097267,-102.7241261,48371.0,821.5888263919611,0.0,130,127,0,0,127,124,15673,3,0,0,3,3
2020-07-02,US,Texas,Polk,155,0,0,30.79472531,-94.8276624,48373.0,301.83241485404943,0.0,155,121,0,0,121,113,50031,34,0,0,34,8
2020-07-02,US,Texas,Potter,2913,39,0,35.40133773,-101.893964,48375.0,2480.943661372057,1.3388259526261586,2874,2885,39,0,2846,2873,119648,28,0,0,28,12
2020-07-02,US,Texas,Presidio,19,0,0,29.99954402,-104.2408079,48377.0,283.4128878281623,0.0,19,19,0,0,19,19,6948,0,0,0,0,0
2020-07-02,US,Texas,Rains,13,0,0,32.87109387,-95.79232691,48379.0,103.88365031165094,0.0,13,12,0,0,12,12,12159,1,0,0,1,0
2020-07-02,US,Texas,Randall,899,7,0,34.96585996,-101.8971322,48381.0,652.806924545976,0.7786429365962181,892,863,7,0,856,844,136271,36,0,0,36,19
2020-07-02,US,Texas,Reagan,9,0,0,31.36607041,-101.5232659,48383.0,233.8269680436477,0.0,9,6,0,0,6,4,3741,3,0,0,3,2
2020-07-02,US,Texas,Real,1,0,0,29.83321503,-99.82018052,48385.0,28.96871378910777,0.0,1,1,0,0,1,1,3478,0,0,0,0,0
2020-07-02,US,Texas,Red River,112,12,0,33.61886692,-95.04841765,48387.0,931.5478665890377,10.714285714285714,100,112,10,0,102,110,12175,0,2,0,-2,2
2020-07-02,US,Texas,Reeves,39,0,0,31.32323325,-103.6903896,48389.0,244.1161742613921,0.0,39,31,0,0,31,29,15695,8,0,0,8,2
2020-07-02,US,Texas,Refugio,14,0,0,28.3238976,-97.15766311,48391.0,201.49683362118594,0.0,14,13,0,0,13,12,7032,1,0,0,1,1
2020-07-02,US,Texas,Roberts,3,0,0,35.83809685,-100.813175,48393.0,351.2880562060891,0.0,3,3,0,0,3,3,903,0,0,0,0,0
2020-07-02,US,Texas,Robertson,53,0,0,31.02539637,-96.51272246,48395.0,310.4134942017102,0.0,53,52,0,0,52,42,17284,1,0,0,1,10
2020-07-02,US,Texas,Rockwall,375,16,0,32.89779518,-96.40771592,48397.0,357.43220702473434,4.266666666666667,359,375,16,0,359,360,100657,0,0,0,0,15
2020-07-02,US,Texas,Runnels,11,0,0,31.8314342,-99.97616148,48399.0,107.17069368667187,0.0,11,8,0,0,8,7,10234,3,0,0,3,1
2020-07-02,US,Texas,Rusk,279,3,0,32.10773545,-94.76176432,48401.0,512.8110870124618,1.075268817204301,276,277,3,0,274,268,54450,2,0,0,2,9
2020-07-02,US,Texas,Sabine,25,1,0,31.34318809,-93.85440451,48403.0,237.14665148928097,4.0,24,24,1,0,23,24,10589,1,0,0,1,0
2020-07-02,US,Texas,San Augustine,110,7,0,31.39457611,-94.17000399,48405.0,1335.4376593419936,6.363636363636362,103,105,7,0,98,105,8232,5,0,0,5,0
2020-07-02,US,Texas,San Jacinto,36,0,0,30.57933681,-95.16260304,48407.0,124.74444713954053,0.0,36,35,0,0,35,33,28719,1,0,0,1,2
2020-07-02,US,Texas,San Patricio,177,0,0,28.00880118,-97.51763891,48409.0,265.248014386333,0.0,177,161,0,0,161,133,66893,16,0,0,16,28
2020-07-02,US,Texas,San Saba,4,0,0,31.1577796,-98.81758731,48411.0,66.06110652353426,0.0,4,4,0,0,4,4,6054,0,0,0,0,0
2020-07-02,US,Texas,Schleicher,21,0,0,30.89740592,-100.5384842,48413.0,751.8796992481202,0.0,21,20,0,0,20,20,2895,1,0,0,1,0
2020-07-02,US,Texas,Scurry,42,0,0,32.74613808,-100.9162664,48415.0,251.45183499970062,0.0,42,36,0,0,36,32,16866,6,0,0,6,4
2020-07-02,US,Texas,Shackelford,3,0,0,32.73587756,-99.35401337,48417.0,91.88361408882082,0.0,3,1,0,0,1,1,3253,2,0,0,2,0
2020-07-02,US,Texas,Shelby,281,9,0,31.79211404,-94.14550696,48419.0,1111.8145129381974,3.2028469750889683,272,278,9,0,269,277,25418,3,0,0,3,1
2020-07-02,US,Texas,Sherman,30,0,0,36.27751473,-101.8933156,48421.0,992.7200529450696,0.0,30,30,0,0,30,30,3079,0,0,0,0,0
2020-07-02,US,Texas,Smith,654,4,0,32.37474036,-95.2717568,48423.0,280.9869774995596,0.6116207951070336,650,618,4,0,614,566,230221,36,0,0,36,52
2020-07-02,US,Texas,Somervell,9,0,0,32.22236802,-97.77403489,48425.0,98.5977212971078,0.0,9,8,0,0,8,6,9016,1,0,0,1,2
2020-07-02,US,Texas,Starr,742,4,0,26.56150059,-98.73892358,48427.0,1148.0203611158386,0.5390835579514824,738,721,3,0,718,598,64525,21,1,0,20,123
2020-07-02,US,Texas,Stephens,8,0,0,32.73553157,-98.83631615,48429.0,85.41533205210335,0.0,8,8,0,0,8,8,9433,0,0,0,0,0
2020-07-02,US,Texas,Sutton,6,0,0,30.49856623,-100.5382014,48435.0,158.89830508474574,0.0,6,5,0,0,5,5,3758,1,0,0,1,0
2020-07-02,US,Texas,Swisher,35,1,0,34.53028891,-101.7349174,48437.0,473.1647965391375,2.8571428571428568,34,35,1,0,34,31,7462,0,0,0,0,4
2020-07-02,US,Texas,Tarrant,12950,231,0,32.77143818,-97.29101614,48439.0,615.9290183423186,1.7837837837837838,12719,12950,231,0,12719,12344,2084931,0,0,0,0,606
2020-07-02,US,Texas,Taylor,423,5,0,32.30163422,-99.89007449,48441.0,306.44623788342005,1.182033096926714,418,423,5,0,418,400,137640,0,0,0,0,23
2020-07-02,US,Texas,Terrell,2,0,0,30.22429013,-102.0766732,48443.0,257.73195876288656,0.0,2,3,0,0,3,2,823,-1,0,0,-1,1
2020-07-02,US,Texas,Terry,21,0,0,33.17402785,-102.3354521,48445.0,170.21966442409013,0.0,21,17,0,0,17,17,12287,4,0,0,4,0
2020-07-02,US,Texas,Throckmorton,1,0,0,33.17751417,-99.21226795,48447.0,66.62225183211193,0.0,1,1,0,0,1,1,1515,0,0,0,0,0
2020-07-02,US,Texas,Titus,828,5,0,33.21339719,-94.96797273,48449.0,2528.2442748091603,0.6038647342995169,823,799,5,0,794,799,33033,29,0,0,29,0
2020-07-02,US,Texas,Tom Green,463,2,0,31.40464436,-100.462443,48451.0,388.4228187919463,0.4319654427645788,461,423,2,0,421,394,118189,40,0,0,40,29
2020-07-02,US,Texas,Travis,10124,128,0,30.33432034,-97.7853562,48453.0,794.6911740926282,1.2643224022125643,9996,9527,124,0,9403,8969,1248743,597,4,0,593,558
2020-07-02,US,Texas,Trinity,39,0,0,31.0879489,-95.1367187,48455.0,266.19343389529723,0.0,39,36,0,0,36,32,14740,3,0,0,3,4
2020-07-02,US,Texas,Tyler,25,0,0,30.77031716,-94.37690895,48457.0,115.35622000738279,0.0,25,25,0,0,25,25,21696,0,0,0,0,0
2020-07-02,US,Texas,Upshur,62,0,0,32.73706798,-94.93999853,48459.0,148.49232390486912,0.0,62,58,0,0,58,53,41260,4,0,0,4,5
2020-07-02,US,Texas,Upton,4,0,0,31.36868194,-102.0423217,48461.0,109.37927262783705,0.0,4,3,0,0,3,3,3671,1,0,0,1,0
2020-07-02,US,Texas,Uvalde,97,1,0,29.35739637,-99.76229172,48463.0,362.7388654126622,1.0309278350515465,96,85,1,0,84,80,26846,12,0,0,12,5
2020-07-02,US,Texas,Val Verde,256,0,0,29.89149232,-101.1525205,48465.0,522.182559918409,0.0,256,256,0,0,256,224,49208,0,0,0,0,32
2020-07-02,US,Texas,Van Zandt,98,3,0,32.56483801,-95.83766469,48467.0,173.1754726983566,3.0612244897959178,95,91,3,0,88,85,56019,7,0,0,7,6
2020-07-02,US,Texas,Victoria,793,8,0,28.79780988,-96.96813006,48469.0,861.1702358715953,1.008827238335435,785,697,8,0,689,480,92035,96,0,0,96,217
2020-07-02,US,Texas,Walker,2048,28,0,30.73872995,-95.57440968,48471.0,2806.594400515273,1.3671875,2020,2028,28,0,2000,1991,72480,20,0,0,20,37
2020-07-02,US,Texas,Waller,160,0,0,30.01058447,-95.99011759,48473.0,289.6137276906925,0.0,160,156,0,0,156,152,53126,4,0,0,4,4
2020-07-02,US,Texas,Ward,20,0,0,31.50999644,-103.0927909,48475.0,166.6944490748458,0.0,20,20,0,0,20,19,11720,0,0,0,0,1
2020-07-02,US,Texas,Washington,275,31,0,30.21498498,-96.40946246,48477.0,766.4009809932556,11.272727272727273,244,275,31,0,244,267,35108,0,0,0,0,8
2020-07-02,US,Texas,Webb,1604,26,0,27.7610369,-99.33237355,48479.0,579.7897719879126,1.6209476309226931,1578,1538,25,0,1513,1503,275910,66,1,0,65,35
2020-07-02,US,Texas,Wharton,215,1,0,29.27765923,-96.22319248,48481.0,517.3741457310617,0.4651162790697674,214,203,1,0,202,197,41619,12,0,0,12,6
2020-07-02,US,Texas,Wheeler,18,0,0,35.40114335,-100.2699514,48483.0,356.01265822784814,0.0,18,16,0,0,16,16,5191,2,0,0,2,0
2020-07-02,US,Texas,Wichita,397,2,0,33.98842886,-98.7041034,48485.0,300.2344399909249,0.5037783375314862,395,363,2,0,361,318,132064,34,0,0,34,45
2020-07-02,US,Texas,Wilbarger,10,0,0,34.07945812,-99.24178437,48487.0,78.31466833737959,0.0,10,10,0,0,10,10,12820,0,0,0,0,0
2020-07-02,US,Texas,Willacy,168,3,0,26.47411727,-97.61535848,48489.0,786.5905047289071,1.7857142857142858,165,156,3,0,153,154,21515,12,0,0,12,2
2020-07-02,US,Texas,Williamson,2388,39,0,30.64655664,-97.6004854,48491.0,404.3681240062247,1.6331658291457287,2349,2339,39,0,2300,2230,566719,49,0,0,49,109
2020-07-02,US,Texas,Wilson,111,5,0,29.1732598,-98.08693082,48493.0,217.3487370276092,4.504504504504505,106,101,5,0,96,98,50224,10,0,0,10,3
2020-07-02,US,Texas,Winkler,26,0,0,31.85008651,-103.0485163,48495.0,324.5942571785268,0.0,26,24,0,0,24,21,7720,2,0,0,2,3
2020-07-02,US,Texas,Wise,116,5,0,33.21570665,-97.65460265,48497.0,165.7521719250114,4.310344827586206,111,107,5,0,102,104,68305,9,0,0,9,3
2020-07-02,US,Texas,Wood,92,5,0,32.78722382,-95.38236368,48499.0,202.0246382221832,5.434782608695652,87,92,5,0,87,82,45129,0,0,0,0,10
2020-07-02,US,Texas,Yoakum,30,0,0,33.17320212,-102.8276433,48501.0,344.3130953747274,0.0,30,24,0,0,24,24,8591,6,0,0,6,0
2020-07-02,US,Texas,Young,30,1,0,33.17659707,-98.68790885,48503.0,166.57412548584117,3.333333333333333,29,25,1,0,24,24,18045,5,0,0,5,1
2020-07-02,US,Texas,Zapata,55,0,0,27.00156391,-99.16987152,48505.0,387.8975950349108,0.0,55,52,0,0,52,47,14190,3,0,0,3,5
2020-07-02,US,Texas,Zavala,23,0,0,28.86617238,-99.76050829,48507.0,194.25675675675674,0.0,23,21,0,0,21,21,11983,2,0,0,2,0
2020-07-02,US,Utah,Bear River,1556,3,0,41.52106798,-113.0832816,0.0,832.8961877335161,0.1928020565552699,1553,1538,2,0,1536,1521,,18,1,0,17,17
2020-07-02,US,Utah,Central Utah,180,0,0,39.37231946,-111.5758676,0.0,219.63540522732262,0.0,180,173,0,0,173,169,,7,0,0,7,4
2020-07-02,US,Utah,Davis,1268,5,0,40.99001837,-112.1139997,49011.0,356.6997954883665,0.3943217665615142,1263,1218,5,0,1213,1179,351713,50,0,0,50,39
2020-07-02,US,Utah,Salt Lake,11728,110,0,40.66616532,-111.9216011,49035.0,1010.6537450977521,0.9379263301500682,11618,11437,108,0,11329,11166,1152633,291,2,0,289,271
2020-07-02,US,Utah,San Juan,404,9,0,37.62762978,-109.80337140000002,49037.0,2639.1429318003657,2.227722772277228,395,402,9,0,393,399,15449,2,0,0,2,3
2020-07-02,US,Utah,Southeast Utah,39,0,0,38.99617072,-110.7013958,0.0,96.94498993263564,0.0,39,37,0,0,37,36,,2,0,0,2,1
2020-07-02,US,Utah,Southwest Utah,1584,11,0,37.85447192,-111.4418764,0.0,628.4666841240745,0.6944444444444444,1573,1553,11,0,1542,1519,,31,0,0,31,34
2020-07-02,US,Utah,Summit,498,0,0,40.86688146,-110.9535882,49043.0,1181.63483212718,0.0,498,493,0,0,493,488,41933,5,0,0,5,5
2020-07-02,US,Utah,Tooele,256,0,0,40.44862644,-113.1295715,49045.0,354.28112761040154,0.0,256,247,0,0,247,244,69907,9,0,0,9,3
2020-07-02,US,Utah,TriCounty,52,0,0,40.12491499,-109.5174415,0.0,91.83709512203735,0.0,52,50,0,0,50,50,,2,0,0,2,0
2020-07-02,US,Utah,Utah,4249,22,0,40.1166722,-111.6657662,49049.0,667.8349980746108,0.5177688867968934,4227,4154,22,0,4132,4084,622213,95,0,0,95,70
2020-07-02,US,Utah,Wasatch,414,3,0,40.33110236,-111.1691419,49051.0,1214.3967616086356,0.7246376811594203,411,410,3,0,407,408,33240,4,0,0,4,2
2020-07-02,US,Utah,Weber-Morgan,1042,13,0,41.27116049,-111.9145117,0.0,382.614187569078,1.2476007677543186,1029,1004,13,0,991,954,,38,0,0,38,50
2020-07-02,US,Vermont,Addison,68,2,0,44.03217337,-73.14130877,50001.0,184.89817005193458,2.9411764705882355,66,68,2,0,66,68,36973,0,0,0,0,0
2020-07-02,US,Vermont,Bennington,72,1,0,43.03519828,-73.09048868,50003.0,202.98844093600223,1.3888888888888888,71,72,1,0,71,72,35631,0,0,0,0,0
2020-07-02,US,Vermont,Caledonia,20,0,0,44.46548598,-72.10314651,50005.0,66.68222585269896,0.0,20,19,0,0,19,19,30302,1,0,0,1,0
2020-07-02,US,Vermont,Chittenden,617,39,0,44.46322849,-73.08359212,50007.0,376.73867646879233,6.320907617504052,578,608,39,0,569,607,164572,9,0,0,9,1
2020-07-02,US,Vermont,Essex,3,0,0,44.72736416,-71.73579864,50009.0,48.67759208177836,0.0,3,3,0,0,3,3,6250,0,0,0,0,0
2020-07-02,US,Vermont,Franklin,108,6,0,44.85627605,-72.91249563,50011.0,218.61463098659974,5.5555555555555545,102,105,6,0,99,104,49421,3,0,0,3,1
2020-07-02,US,Vermont,Grand Isle,10,0,0,44.7975824,-73.29679772,50013.0,138.217000691085,0.0,10,10,0,0,10,10,7090,0,0,0,0,0
2020-07-02,US,Vermont,Lamoille,31,1,0,44.60353043,-72.64356694,50015.0,122.23010803564388,3.2258064516129035,30,30,1,0,29,30,25300,1,0,0,1,0
2020-07-02,US,Vermont,Orange,9,0,0,44.00470222,-72.37640104,50017.0,31.150491485532328,0.0,9,9,0,0,9,9,28999,0,0,0,0,0
2020-07-02,US,Vermont,Orleans,14,0,0,44.82964024,-72.24562697,50019.0,51.78089285053815,0.0,14,14,0,0,14,14,26907,0,0,0,0,0
2020-07-02,US,Vermont,Rutland,73,1,0,43.57723578,-73.03741676,50021.0,125.44895258716984,1.3698630136986298,72,73,1,0,72,73,58672,0,0,0,0,0
2020-07-02,US,Vermont,Unassigned,5,0,0,0.0,0.0,90050.0,0.0,0.0,5,6,0,0,6,6,,-1,0,0,-1,0
2020-07-02,US,Vermont,Washington,41,1,0,44.27343241,-72.61604978,50023.0,70.19466178157475,2.4390243902439024,40,41,1,0,40,41,58140,0,0,0,0,0
2020-07-02,US,Vermont,Windham,97,3,0,42.986982,-72.71268875,50025.0,229.7380512529013,3.0927835051546397,94,94,3,0,91,94,42756,3,0,0,3,0
2020-07-02,US,Vermont,Windsor,59,2,0,43.58010937,-72.58595157,50027.0,107.15193781555338,3.3898305084745757,57,58,2,0,56,58,55286,1,0,0,1,0
2020-07-02,US,Virginia,Accomack,1042,14,0,37.76707161,-75.63234615,51001.0,3224.4089615051366,1.343570057581574,1028,1043,14,0,1029,1042,32412,-1,0,0,-1,1
2020-07-02,US,Virginia,Albemarle,412,9,0,38.02080697,-78.55481085,51003.0,376.8407573401629,2.184466019417476,403,407,9,0,398,401,108718,5,0,0,5,6
2020-07-02,US,Virginia,Alexandria,2327,57,0,38.814003,-77.08183073,51510.0,1459.5930451363627,2.449505801461109,2270,2325,57,0,2268,2325,160530,2,0,0,2,0
2020-07-02,US,Virginia,Alleghany,33,2,0,37.78636074,-80.00222498,51005.0,222.07267833109017,6.0606060606060606,31,33,2,0,31,31,14910,0,0,0,0,2
2020-07-02,US,Virginia,Amelia,44,1,0,37.34081025,-77.98584649,51007.0,334.72803347280336,2.272727272727273,43,44,1,0,43,44,13013,0,0,0,0,0
2020-07-02,US,Virginia,Amherst,36,0,0,37.60308293,-79.14548696,51009.0,113.90602752728998,0.0,36,36,0,0,36,36,31666,0,0,0,0,0
2020-07-02,US,Virginia,Appomattox,41,0,0,37.37569884,-78.81340003,51011.0,257.68336371064044,0.0,41,40,0,0,40,40,15841,1,0,0,1,0
2020-07-02,US,Virginia,Arlington,2496,132,0,38.8767675,-77.10139853,51013.0,1053.86713505206,5.288461538461538,2364,2484,132,0,2352,2479,237521,12,0,0,12,5
2020-07-02,US,Virginia,Augusta,189,2,0,38.16404586,-79.12461614,51015.0,250.13896609227348,1.058201058201058,187,184,2,0,182,185,75457,5,0,0,5,-1
2020-07-02,US,Virginia,Bedford,125,3,0,37.3080028,-79.5281964,51019.0,158.23385698191072,2.4,122,119,3,0,116,118,78747,6,0,0,6,1
2020-07-02,US,Virginia,Bland,2,0,0,37.13128068,-81.13599391,51021.0,31.84713375796178,0.0,2,2,0,0,2,2,6293,0,0,0,0,0
2020-07-02,US,Virginia,Botetourt,125,4,0,37.55531756,-79.80982182,51023.0,374.03872048834495,3.2,121,123,4,0,119,121,33277,2,0,0,2,2
2020-07-02,US,Virginia,Bristol,4,0,0,36.6163024,-82.16359122,51520.0,23.863500775563768,0.0,4,4,0,0,4,4,16482,0,0,0,0,0
2020-07-02,US,Virginia,Brunswick,107,1,0,36.76366949,-77.8593436,51025.0,659.2323331895755,0.9345794392523364,106,106,1,0,105,103,16384,1,0,0,1,3
2020-07-02,US,Virginia,Buchanan,31,0,0,37.26818323,-82.03749726,51027.0,147.59093505998857,0.0,31,31,0,0,31,31,21221,0,0,0,0,0
2020-07-02,US,Virginia,Buckingham,560,4,0,37.57242268,-78.52518834,51029.0,3265.686960578493,0.7142857142857143,556,559,4,0,555,556,16999,1,0,0,1,3
2020-07-02,US,Virginia,Buena Vista,16,0,0,37.73484642,-79.35296097,51530.0,246.98981167026855,0.0,16,16,0,0,16,15,6237,0,0,0,0,1
2020-07-02,US,Virginia,Campbell,45,1,0,37.20553386,-79.09678609,51031.0,81.98961464881116,2.2222222222222223,44,45,1,0,44,45,54973,0,0,0,0,0
2020-07-02,US,Virginia,Caroline,128,4,0,38.02679129,-77.34901405,51033.0,416.5988608624898,3.125,124,125,4,0,121,128,30772,3,0,0,3,-3
2020-07-02,US,Virginia,Carroll,224,8,0,36.73066666,-80.73455942,51035.0,751.9049377328723,3.571428571428572,216,221,8,0,213,214,29636,3,0,0,3,7
2020-07-02,US,Virginia,Charles City,39,3,0,37.35358063,-77.05634116,51036.0,560.1034037052996,7.6923076923076925,36,39,3,0,36,39,6941,0,0,0,0,0
2020-07-02,US,Virginia,Charlotte,32,0,0,37.01909701,-78.66314092,51037.0,269.36026936026934,0.0,32,32,0,0,32,31,11938,0,0,0,0,1
2020-07-02,US,Virginia,Charlottesville,218,5,0,38.03527919,-78.48569588,51540.0,461.2194812338679,2.2935779816513757,213,216,4,0,212,212,48117,2,1,0,1,4
2020-07-02,US,Virginia,Chesapeake,959,21,0,36.67670048,-76.30545744,51550.0,391.69236424530806,2.18978102189781,938,925,20,0,905,895,242634,34,1,0,33,30
2020-07-02,US,Virginia,Chesterfield,2939,53,0,37.37373208,-77.58680140000001,51041.0,833.0451641430603,1.8033344675059544,2886,2914,53,0,2861,2897,348556,25,0,0,25,17
2020-07-02,US,Virginia,Clarke,54,0,0,39.11271747,-77.99199425,51043.0,369.3823106915658,0.0,54,51,0,0,51,49,14523,3,0,0,3,2
2020-07-02,US,Virginia,Colonial Heights,145,18,0,37.26420587,-77.39609676,51570.0,834.7725964306276,12.413793103448276,127,144,17,0,127,143,17833,1,1,0,0,1
2020-07-02,US,Virginia,Covington,5,0,0,37.7824656,-79.98631446,51580.0,90.2853015529072,0.0,5,5,0,0,5,5,5460,0,0,0,0,0
2020-07-02,US,Virginia,Craig,7,0,0,37.48133648,-80.21072274,51045.0,136.4256480218281,0.0,7,7,0,0,7,7,5064,0,0,0,0,0
2020-07-02,US,Virginia,Culpeper,812,11,0,38.48199985,-77.95630870000002,51047.0,1543.579507651364,1.354679802955665,801,811,10,0,801,808,51859,1,1,0,0,3
2020-07-02,US,Virginia,Cumberland,52,0,0,37.51328851,-78.24398086,51049.0,523.5602094240837,0.0,52,52,0,0,52,51,9809,0,0,0,0,1
2020-07-02,US,Virginia,Danville,89,2,0,36.58022376,-79.40395668,51590.0,222.2555189291779,2.247191011235955,87,87,2,0,85,86,40693,2,0,0,2,1
2020-07-02,US,Virginia,Dickenson,5,0,0,37.12560977,-82.35124171,51051.0,34.92107836289985,0.0,5,4,0,0,4,4,14523,1,0,0,1,0
2020-07-02,US,Virginia,Dinwiddie,143,0,0,37.07544585,-77.63451754,51053.0,500.9809417040359,0.0,143,142,0,0,142,142,28529,1,0,0,1,0
2020-07-02,US,Virginia,Emporia,140,14,0,36.69455571,-77.53406129,51595.0,2618.7803965581743,10.0,126,137,14,0,123,136,5121,3,0,0,3,1
2020-07-02,US,Virginia,Essex,59,0,0,37.93357639,-76.94230311,51057.0,538.6652058796676,0.0,59,59,0,0,59,58,10919,0,0,0,0,1
2020-07-02,US,Virginia,Fairfax,13886,492,0,38.83677558,-77.27565836,51059.0,1210.075187445753,3.5431369724902786,13394,13864,488,0,13376,13850,1150795,22,4,0,18,14
2020-07-02,US,Virginia,Fairfax,13886,492,0,38.83677558,-77.27565836,51059.0,1210.075187445753,3.5431369724902786,13394,13864,488,0,13376,13850,24574,22,4,0,18,14
2020-07-02,US,Virginia,Fairfax City,71,7,0,38.85157547,-77.29779640000002,51600.0,295.5993172072109,9.859154929577462,64,70,7,0,63,70,24574,1,0,0,1,0
2020-07-02,US,Virginia,Falls Church,53,8,0,38.88485255,-77.17560759,51610.0,362.5915030444004,15.094339622641508,45,52,8,0,44,56,14772,1,0,0,1,-4
2020-07-02,US,Virginia,Fauquier,421,7,0,38.73564842,-77.80647472,51061.0,591.1094886411503,1.66270783847981,414,420,7,0,413,420,70675,1,0,0,1,0
2020-07-02,US,Virginia,Floyd,18,1,0,36.9302126,-80.36738849,51063.0,114.2929709822846,5.5555555555555545,17,18,1,0,17,17,15795,0,0,0,0,1
2020-07-02,US,Virginia,Fluvanna,114,7,0,37.84157909,-78.27715475,51065.0,418.04180418041807,6.140350877192982,107,112,7,0,105,110,26783,2,0,0,2,2
2020-07-02,US,Virginia,Franklin,92,1,0,36.99536167,-79.88023649,51067.0,164.16259234145818,1.0869565217391304,91,91,1,0,90,88,56195,1,0,0,1,3
2020-07-02,US,Virginia,Franklin,92,1,0,36.99536167,-79.88023649,51067.0,164.16259234145818,1.0869565217391304,91,91,1,0,90,88,8013,1,0,0,1,3
2020-07-02,US,Virginia,Franklin City,51,2,0,36.6831435,-76.93859681,51620.0,640.1405798920548,3.92156862745098,49,52,2,0,50,51,8013,-1,0,0,-1,1
2020-07-02,US,Virginia,Frederick,512,6,0,39.20172582,-78.25974949,51069.0,573.2648102739803,1.171875,506,505,6,0,499,493,88355,7,0,0,7,12
2020-07-02,US,Virginia,Fredericksburg,250,0,0,38.2977863,-77.4922454,51630.0,861.0001377600221,0.0,250,249,0,0,249,246,29144,1,0,0,1,3
2020-07-02,US,Virginia,Galax,261,15,0,36.66601852,-80.91703124,51640.0,4112.178982196313,5.747126436781608,246,256,14,0,242,253,6423,5,1,0,4,3
2020-07-02,US,Virginia,Giles,17,0,0,37.31234791,-80.70636931,51071.0,101.67464114832536,0.0,17,15,0,0,15,15,16844,2,0,0,2,0
2020-07-02,US,Virginia,Gloucester,49,1,0,37.40809042,-76.53524337,51073.0,131.19845774874156,2.0408163265306123,48,49,1,0,48,49,37349,0,0,0,0,0
2020-07-02,US,Virginia,Goochland,121,6,0,37.71714806,-77.90381514,51075.0,509.40933776786085,4.958677685950414,115,120,6,0,114,119,23244,1,0,0,1,1
2020-07-02,US,Virginia,Grayson,87,2,0,36.65677234,-81.23215889,51077.0,559.4855305466236,2.2988505747126435,85,86,2,0,84,84,15631,1,0,0,1,2
2020-07-02,US,Virginia,Greene,67,1,0,38.29545894,-78.46525378,51079.0,338.0594379131137,1.492537313432836,66,66,1,0,65,67,19779,1,0,0,1,-1
2020-07-02,US,Virginia,Greensville,366,7,0,36.67878901,-77.56351439,51081.0,3228.65208186309,1.9125683060109289,359,361,7,0,354,359,11627,5,0,0,5,2
2020-07-02,US,Virginia,Halifax,57,1,0,36.76654925,-78.93512622,51083.0,168.08705139925095,1.7543859649122806,56,54,1,0,53,53,34120,3,0,0,3,1
2020-07-02,US,Virginia,Hampton,339,5,0,37.03513786,-76.35879121,51650.0,252.0258716824028,1.4749262536873156,334,336,5,0,331,328,134313,3,0,0,3,8
2020-07-02,US,Virginia,Hanover,435,27,0,37.7583355,-77.49464673,51085.0,403.652357886532,6.206896551724138,408,429,27,0,402,429,107239,6,0,0,6,0
2020-07-02,US,Virginia,Harrisonburg,941,26,0,38.43542574,-78.87536254,51660.0,1774.9358684170816,2.763018065887354,915,937,24,0,913,939,54033,4,2,0,2,-2
2020-07-02,US,Virginia,Henrico,2615,152,0,37.53460572,-77.39326555,51087.0,790.464847741054,5.812619502868068,2463,2603,146,0,2457,2591,329261,12,6,0,6,12
2020-07-02,US,Virginia,Henry,273,4,0,36.68542395,-79.87634026,51089.0,539.9845718693751,1.465201465201465,269,264,4,0,260,260,50953,9,0,0,9,4
2020-07-02,US,Virginia,Highland,3,0,0,38.35799465,-79.56124594,51091.0,136.98630136986299,0.0,3,3,0,0,3,3,2210,0,0,0,0,0
2020-07-02,US,Virginia,Hopewell,182,2,0,37.29186313,-77.29754684,51670.0,807.8476630121178,1.0989010989010992,180,176,2,0,174,174,22596,6,0,0,6,2
2020-07-02,US,Virginia,Isle of Wight,181,8,0,36.90579348,-76.70842863,51093.0,487.7522972863726,4.419889502762431,173,181,8,0,173,179,36953,0,0,0,0,2
2020-07-02,US,Virginia,James City,268,15,0,37.31156958,-76.76950618,51095.0,350.22150203206877,5.597014925373133,253,265,15,0,250,263,76397,3,0,0,3,2
2020-07-02,US,Virginia,King George,99,4,0,38.26818502,-77.15852768,51099.0,368.9074377701595,4.040404040404041,95,97,4,0,93,97,26575,2,0,0,2,0
2020-07-02,US,Virginia,King William,42,0,0,37.70965316,-77.09384941,51101.0,244.926522043387,0.0,42,42,0,0,42,42,16939,0,0,0,0,0
2020-07-02,US,Virginia,King and Queen,24,1,0,37.71044922,-76.88689628,51097.0,341.6370106761566,4.166666666666667,23,23,1,0,22,23,7042,1,0,0,1,0
2020-07-02,US,Virginia,Lancaster,11,0,0,37.71889653,-76.46400482,51103.0,103.74422333301895,0.0,11,11,0,0,11,11,10783,0,0,0,0,0
2020-07-02,US,Virginia,Lee,12,0,0,36.70586667,-83.12606515,51105.0,51.23169534218504,0.0,12,11,0,0,11,11,23541,1,0,0,1,0
2020-07-02,US,Virginia,Lexington,11,0,0,37.78258621,-79.44262866,51678.0,147.73032500671502,0.0,11,10,0,0,10,10,7136,1,0,0,1,0
2020-07-02,US,Virginia,Loudoun,4083,89,0,39.08990083,-77.63481877,51107.0,987.3336912206377,2.179769777124663,3994,4047,87,0,3960,4000,406850,36,2,0,34,47
2020-07-02,US,Virginia,Louisa,119,1,0,37.97850256,-77.96274807,51109.0,316.5651352717406,0.8403361344537815,118,119,1,0,118,118,36778,0,0,0,0,1
2020-07-02,US,Virginia,Lunenburg,36,0,0,36.94618528,-78.24133319,51111.0,295.17874713020666,0.0,36,34,0,0,34,31,12086,2,0,0,2,3
2020-07-02,US,Virginia,Lynchburg,146,1,0,37.40021399,-79.19888138,51680.0,177.68474345243888,0.6849315068493149,145,145,1,0,144,147,82126,1,0,0,1,-2
2020-07-02,US,Virginia,Madison,43,1,0,38.41531222,-78.28220331,51113.0,324.2591056481412,2.3255813953488373,42,43,1,0,42,43,13295,0,0,0,0,0
2020-07-02,US,Virginia,Manassas,1417,18,0,38.7464321,-77.48509905,51683.0,3448.947304368991,1.2702893436838392,1399,1414,18,0,1396,1397,41641,3,0,0,3,17
2020-07-02,US,Virginia,Manassas Park,431,6,0,38.77058531,-77.44399307,51685.0,2465.9572033413433,1.3921113689095128,425,430,6,0,424,431,17307,1,0,0,1,-1
2020-07-02,US,Virginia,Martinsville,80,1,0,36.68212094,-79.86352771,51690.0,637.2470925601402,1.25,79,78,1,0,77,78,12902,2,0,0,2,0
2020-07-02,US,Virginia,Mathews,6,0,0,37.44164146,-76.34098896,51115.0,67.91940230925968,0.0,6,6,0,0,6,6,8802,0,0,0,0,0
2020-07-02,US,Virginia,Mecklenburg,246,28,0,36.67882005,-78.36131056,51117.0,804.2632490927517,11.382113821138212,218,242,26,0,216,240,30650,4,2,0,2,2
2020-07-02,US,Virginia,Middlesex,15,0,0,37.63191998,-76.55064617,51119.0,141.75014175014175,0.0,15,15,0,0,15,15,10769,0,0,0,0,0
2020-07-02,US,Virginia,Montgomery,149,2,0,37.17746986,-80.37868691,51121.0,151.2153042066271,1.342281879194631,147,147,2,0,145,145,98985,2,0,0,2,2
2020-07-02,US,Virginia,Nelson,18,0,0,37.78790447,-78.88498513,51125.0,120.56262558606831,0.0,18,18,0,0,18,18,14836,0,0,0,0,0
2020-07-02,US,Virginia,New Kent,57,1,0,37.50694406,-76.99828634,51127.0,246.84942185266988,1.7543859649122806,56,57,1,0,56,57,22391,0,0,0,0,0
2020-07-02,US,Virginia,Newport News,541,10,0,37.08166899,-76.51754109,51700.0,301.8552099316502,1.8484288354898335,531,535,10,0,525,523,178626,6,0,0,6,12
2020-07-02,US,Virginia,Norfolk,987,11,0,36.89934014,-76.26420872,51710.0,406.60454309513807,1.1144883485309016,976,934,10,0,924,915,244076,53,1,0,52,19
2020-07-02,US,Virginia,Northampton,271,28,0,37.34062933,-75.87751591,51131.0,2314.261315115286,10.33210332103321,243,269,28,0,241,269,11735,2,0,0,2,0
2020-07-02,US,Virginia,Northumberland,37,1,0,37.89202088,-76.41949732,51133.0,305.9115336916081,2.702702702702702,36,37,1,0,36,37,12147,0,0,0,0,0
2020-07-02,US,Virginia,Norton,4,0,0,36.93357076,-82.62750411,51720.0,100.4772670183371,0.0,4,4,0,0,4,4,3968,0,0,0,0,0
2020-07-02,US,Virginia,Nottoway,112,2,0,37.1435975,-78.05065922,51135.0,735.2941176470587,1.7857142857142858,110,111,2,0,109,111,15420,1,0,0,1,0
2020-07-02,US,Virginia,Orange,152,3,0,38.24530219,-78.01560400000002,51137.0,410.2453375077597,1.973684210526316,149,150,3,0,147,149,36644,2,0,0,2,1
2020-07-02,US,Virginia,Page,278,23,0,38.61807452,-78.48797204,51139.0,1163.082587231194,8.273381294964029,255,275,24,0,251,269,23933,3,-1,0,4,6
2020-07-02,US,Virginia,Patrick,47,1,0,36.6801638,-80.2865648,51141.0,266.92412539754656,2.127659574468085,46,47,1,0,46,46,17673,0,0,0,0,1
2020-07-02,US,Virginia,Petersburg,249,4,0,37.20530399,-77.39368102,51730.0,794.3597269189052,1.606425702811245,245,239,4,0,235,234,31567,10,0,0,10,5
2020-07-02,US,Virginia,Pittsylvania,123,1,0,36.81980341,-79.39731264,51143.0,203.79759419425392,0.8130081300813008,122,122,1,0,121,122,60949,1,0,0,1,0
2020-07-02,US,Virginia,Poquoson,19,0,0,37.14259351,-76.35798148,51735.0,154.8366066335262,0.0,19,19,0,0,19,19,12190,0,0,0,0,0
2020-07-02,US,Virginia,Portsmouth,513,18,0,36.85914825,-76.35971629,51740.0,543.4437170279032,3.5087719298245608,495,497,16,0,481,482,94632,16,2,0,14,15
2020-07-02,US,Virginia,Powhatan,82,2,0,37.55016038,-77.91267882,51145.0,276.54121138540404,2.4390243902439024,80,82,2,0,80,82,29189,0,0,0,0,0
2020-07-02,US,Virginia,Prince Edward,194,5,0,37.22554789,-78.43597949,51147.0,850.8025611788437,2.5773195876288657,189,191,4,0,187,187,22950,3,1,0,2,4
2020-07-02,US,Virginia,Prince George,238,1,0,37.18497668,-77.22922187,51149.0,620.5511954736265,0.4201680672268908,237,239,1,0,238,238,38082,-1,0,0,-1,1
2020-07-02,US,Virginia,Prince William,7390,143,0,38.70916224,-77.48713689,51153.0,1571.2205130385792,1.9350473612990529,7247,7331,144,0,7187,7285,468011,59,-1,0,60,46
2020-07-02,US,Virginia,Pulaski,46,2,0,37.06474963,-80.71229738,51155.0,135.18676345255238,4.3478260869565215,44,46,2,0,44,45,34066,0,0,0,0,1
2020-07-02,US,Virginia,Radford,13,0,0,37.12222899,-80.56027320000003,51750.0,71.2367800975396,0.0,13,12,0,0,12,11,18339,1,0,0,1,1
2020-07-02,US,Virginia,Rappahannock,20,0,0,38.68295619,-78.15826963,51157.0,271.370420624152,0.0,20,20,0,0,20,20,7252,0,0,0,0,0
2020-07-02,US,Virginia,Richmond,298,4,0,37.937575,-76.72920628,51159.0,3302.670952011526,1.342281879194631,294,298,4,0,294,298,9038,0,0,0,0,0
2020-07-02,US,Virginia,Richmond City,2227,30,0,37.53255773,-77.47966921,51760.0,966.428856602267,1.3471037269869781,2197,2213,29,0,2184,2209,228783,14,1,0,13,4
2020-07-02,US,Virginia,Roanoke,260,6,0,37.26865804,-80.06396753,51161.0,276.04951903679955,2.3076923076923075,254,253,6,0,247,254,94073,7,0,0,7,-1
2020-07-02,US,Virginia,Roanoke City,436,10,0,37.27791025,-79.96189766,51770.0,439.7688187769182,2.2935779816513757,426,438,10,0,428,439,99920,-2,0,0,-2,-1
2020-07-02,US,Virginia,Rockbridge,32,0,0,37.81204314,-79.44605905,51163.0,141.76228237274617,0.0,32,31,0,0,31,30,22752,1,0,0,1,1
2020-07-02,US,Virginia,Rockingham,730,11,0,38.51006137,-78.87260325,51165.0,890.8088055840287,1.5068493150684932,719,720,11,0,709,720,81244,10,0,0,10,0
2020-07-02,US,Virginia,Russell,13,0,0,36.93028320000001,-82.10095486,51167.0,48.897916196494386,0.0,13,12,0,0,12,12,26748,1,0,0,1,0
2020-07-02,US,Virginia,Salem,70,3,0,37.2836193,-80.06219455,51775.0,276.6689063673373,4.285714285714286,67,69,3,0,66,68,25643,1,0,0,1,1
2020-07-02,US,Virginia,Scott,10,2,0,36.71466456,-82.60171704,51169.0,46.369284985625534,20.0,8,10,2,0,8,10,21534,0,0,0,0,0
2020-07-02,US,Virginia,Shenandoah,582,29,0,38.85905135,-78.56813762,51171.0,1334.3727072633894,4.9828178694158085,553,567,29,0,538,562,43497,15,0,0,15,5
2020-07-02,US,Virginia,Smyth,40,1,0,36.84455636,-81.53344948,51173.0,132.87270794578794,2.5,39,39,1,0,38,36,30472,1,0,0,1,3
2020-07-02,US,Virginia,Southampton,160,6,0,36.72231125,-77.10642712,51175.0,907.4924848278599,3.75,154,157,5,0,152,156,17586,3,1,0,2,1
2020-07-02,US,Virginia,Spotsylvania,1001,31,0,38.18574462,-77.655399,51177.0,734.8676724296149,3.0969030969030964,970,994,30,0,964,993,134238,7,1,0,6,1
2020-07-02,US,Virginia,Stafford,1000,5,0,38.41758738,-77.45917053,51179.0,654.0992399366831,0.5,995,990,5,0,985,988,149960,10,0,0,10,2
2020-07-02,US,Virginia,Staunton,74,0,0,38.15965544,-79.05979937,51790.0,296.80731589924596,0.0,74,74,0,0,74,73,24922,0,0,0,0,1
2020-07-02,US,Virginia,Suffolk,425,36,0,36.70155394,-76.63603554,51800.0,461.41486081556434,8.470588235294116,389,420,35,0,385,414,91185,5,1,0,4,6
2020-07-02,US,Virginia,Surry,16,1,0,37.11781893,-76.88450012,51181.0,249.14356898162566,6.25,15,16,1,0,15,15,6474,0,0,0,0,1
2020-07-02,US,Virginia,Sussex,205,4,0,36.92432914,-77.25791182,51183.0,1837.0821758222064,1.951219512195122,201,200,3,0,197,194,11237,5,1,0,4,6
2020-07-02,US,Virginia,Tazewell,16,0,0,37.12191123,-81.56685568,51185.0,39.41372090158887,0.0,16,15,0,0,15,15,40855,1,0,0,1,0
2020-07-02,US,Virginia,Virginia Beach,1225,30,0,36.73285734,-76.04566934,51810.0,272.2379515260882,2.4489795918367347,1195,1203,29,0,1174,1176,450189,22,1,0,21,27
2020-07-02,US,Virginia,Warren,292,6,0,38.90847745,-78.20280433,51187.0,727.0192211931083,2.054794520547945,286,290,5,0,285,284,40003,2,1,0,1,6
2020-07-02,US,Virginia,Washington,65,4,0,36.72341572,-81.95666289,51191.0,120.95273539263118,6.153846153846153,61,64,4,0,60,64,54402,1,0,0,1,0
2020-07-02,US,Virginia,Waynesboro,86,0,0,38.06451466,-78.90293905,51820.0,380.0265134776845,0.0,86,84,0,0,84,82,22628,2,0,0,2,2
2020-07-02,US,Virginia,Westmoreland,108,2,0,38.11021557,-76.80213247,51193.0,599.5004163197335,1.851851851851852,106,108,2,0,106,108,17830,0,0,0,0,0
2020-07-02,US,Virginia,Williamsburg,61,6,0,37.28131268,-76.70905141,51830.0,407.9176140163167,9.836065573770492,55,61,6,0,55,60,14896,0,0,0,0,1
2020-07-02,US,Virginia,Winchester,330,3,0,39.17054517,-78.17325058,51840.0,1175.2973858536932,0.9090909090909092,327,326,3,0,323,317,28108,4,0,0,4,9
2020-07-02,US,Virginia,Wise,28,2,0,36.9746148,-82.62410519,51195.0,74.90035577668993,7.142857142857142,26,28,2,0,26,28,38012,0,0,0,0,0
2020-07-02,US,Virginia,Wythe,53,1,0,36.91582035,-81.07834059,51197.0,184.77199832659323,1.8867924528301887,52,53,1,0,52,50,28754,0,0,0,0,3
2020-07-02,US,Virginia,York,116,3,0,37.24374789,-76.54412815,51199.0,169.88869361452842,2.586206896551724,113,115,3,0,112,115,67846,1,0,0,1,0
2020-07-02,US,Washington,Adams,146,0,0,46.98299757,-118.5601734,53001.0,730.6210278736926,0.0,146,142,0,0,142,134,19759,4,0,0,4,8
2020-07-02,US,Washington,Asotin,21,2,0,46.18894415,-117.2022851,53003.0,92.99442033477993,9.523809523809524,19,21,2,0,19,21,22610,0,0,0,0,0
2020-07-02,US,Washington,Benton,1854,82,0,46.23946995,-119.5120834,53005.0,907.0893879348304,4.42286947141316,1772,1798,82,0,1716,1731,201877,56,0,0,56,67
2020-07-02,US,Washington,Chelan,375,6,0,47.87046092,-120.6173956,53007.0,485.7512953367876,1.6,369,347,6,0,341,330,77036,28,0,0,28,17
2020-07-02,US,Washington,Clallam,41,0,0,48.04754642,-123.9226319,53009.0,53.01884108572242,0.0,41,36,0,0,36,36,76737,5,0,0,5,0
2020-07-02,US,Washington,Clark,768,30,0,45.77568046,-122.4829204,53011.0,157.29936650137944,3.90625,738,749,30,0,719,731,481857,19,0,0,19,18
2020-07-02,US,Washington,Columbia,8,0,0,46.29442881,-117.9051983,53013.0,200.75282308657467,0.0,8,8,0,0,8,8,4059,0,0,0,0,0
2020-07-02,US,Washington,Cowlitz,202,0,0,46.19074721,-122.6782231,53015.0,182.65170489994847,0.0,202,187,0,0,187,179,108987,15,0,0,15,8
2020-07-02,US,Washington,Douglas,253,3,0,47.7361335,-119.692937,53017.0,582.5600405259157,1.1857707509881423,250,242,3,0,239,233,42907,11,0,0,11,9
2020-07-02,US,Washington,Ferry,1,0,0,48.471143100000006,-118.5154041,53019.0,13.111315064901008,0.0,1,1,0,0,1,1,7649,0,0,0,0,0
2020-07-02,US,Washington,Franklin,1754,33,0,46.53351425,-118.9018212,53021.0,1842.0112999096848,1.881413911060433,1721,1697,33,0,1664,1640,94347,57,0,0,57,57
2020-07-02,US,Washington,Grant,518,6,0,47.20753737,-119.4500749,53025.0,530.0154502573338,1.1583011583011582,512,511,6,0,505,511,97331,7,0,0,7,0
2020-07-02,US,Washington,Grays Harbor,26,0,0,47.14003705,-123.7820567,53027.0,34.63849402485978,0.0,26,26,0,0,26,27,73901,0,0,0,0,-1
2020-07-02,US,Washington,Island,195,12,0,48.14713305,-122.5216407,53029.0,229.03184129855183,6.153846153846153,183,193,12,0,181,192,84460,2,0,0,2,1
2020-07-02,US,Washington,Jefferson,38,0,0,47.75003077,-123.56097040000002,53031.0,117.93550789857548,0.0,38,38,0,0,38,38,31729,0,0,0,0,0
2020-07-02,US,Washington,King,10535,615,0,47.49137892,-121.8346131,53033.0,467.64400638854517,5.837683910773611,9920,10304,612,0,9692,10177,2233163,231,3,0,228,127
2020-07-02,US,Washington,Kitsap,230,2,0,47.63479026,-122.6436061,53035.0,84.72297429210272,0.8695652173913043,228,225,2,0,223,221,269805,5,0,0,5,4
2020-07-02,US,Washington,Kittitas,140,0,0,47.12521214,-120.679439,53037.0,292.0621675185146,0.0,140,131,0,0,131,128,47364,9,0,0,9,3
2020-07-02,US,Washington,Klickitat,66,3,0,45.87325839,-120.7913598,53039.0,294.314381270903,4.545454545454546,63,59,3,0,56,59,22107,7,0,0,7,0
2020-07-02,US,Washington,Lewis,71,3,0,46.57756476,-122.3925769,53041.0,87.9725426542927,4.225352112676056,68,68,3,0,65,65,79604,3,0,0,3,3
2020-07-02,US,Washington,Lincoln,4,0,0,47.57705241,-118.4194388,53043.0,36.56641374897157,0.0,4,4,0,0,4,4,10740,0,0,0,0,0
2020-07-02,US,Washington,Mason,52,1,0,47.35007586,-123.1863685,53045.0,77.88161993769471,1.9230769230769231,51,51,1,0,50,50,65507,1,0,0,1,1
2020-07-02,US,Washington,Okanogan,87,2,0,48.54855019,-119.7387224,53047.0,205.95128186918544,2.2988505747126435,85,85,2,0,83,77,42132,2,0,0,2,8
2020-07-02,US,Washington,Pacific,18,1,0,46.55418369,-123.7285716,53049.0,80.10324418138934,5.5555555555555545,17,17,1,0,16,17,22036,1,0,0,1,0
2020-07-02,US,Washington,Pend Oreille,4,0,0,48.53234021,-117.2741804,53051.0,29.146021568055957,0.0,4,4,0,0,4,4,13602,0,0,0,0,0
2020-07-02,US,Washington,Pierce,2647,104,0,47.03892768,-122.1405958,53053.0,292.4926517713098,3.9289761994710988,2543,2590,104,0,2486,2564,891299,57,0,0,57,26
2020-07-02,US,Washington,San Juan,19,0,0,48.60182783,-122.96745,53055.0,108.06506654533042,0.0,19,19,0,0,19,19,17128,0,0,0,0,0
2020-07-02,US,Washington,Skagit,528,15,0,48.48171488,-121.766131,53057.0,408.6529159088272,2.8409090909090913,513,527,15,0,512,519,128206,1,0,0,1,8
2020-07-02,US,Washington,Skamania,6,0,0,46.02408726,-121.9164403,53059.0,49.656542249441365,0.0,6,5,0,0,5,5,11924,1,0,0,1,0
2020-07-02,US,Washington,Snohomish,3588,171,0,48.04615983,-121.7170703,53061.0,436.4522803658512,4.765886287625418,3417,3535,171,0,3364,3508,814901,53,0,0,53,27
2020-07-02,US,Washington,Spokane,1443,41,0,47.62113146,-117.4046494,53063.0,276.0148279067633,2.8413028413028414,1402,1389,41,0,1348,1344,514631,54,0,0,54,45
2020-07-02,US,Washington,Stevens,18,1,0,48.40035475,-117.8542701,53065.0,39.36749557115674,5.5555555555555545,17,18,1,0,17,18,45260,0,0,0,0,0
2020-07-02,US,Washington,Thurston,272,7,0,46.9291895,-122.8290656,53067.0,93.62006773687254,2.573529411764706,265,261,7,0,254,253,286419,11,0,0,11,8
2020-07-02,US,Washington,Unassigned,88,0,0,0.0,0.0,90053.0,0.0,0.0,88,171,0,0,171,78,,-83,0,0,-83,93
2020-07-02,US,Washington,Wahkiakum,5,0,0,46.29180039999999,-123.4250831,53069.0,111.40819964349377,0.0,5,5,0,0,5,5,4426,0,0,0,0,0
2020-07-02,US,Washington,Walla Walla,171,3,0,46.23040051,-118.4775539,53071.0,281.4351547070441,1.7543859649122806,168,170,3,0,167,166,60922,1,0,0,1,4
2020-07-02,US,Washington,Whatcom,649,40,0,48.82227976,-121.7490018,53073.0,283.1007603152932,6.163328197226503,609,635,40,0,595,622,225685,14,0,0,14,13
2020-07-02,US,Washington,Whitman,40,0,0,46.90022523,-117.5241763,53075.0,79.83394539358135,0.0,40,38,0,0,38,38,49791,2,0,0,2,0
2020-07-02,US,Washington,Yakima,7270,159,0,46.45738486,-120.7380126,53077.0,2897.880600941512,2.18707015130674,7111,7128,159,0,6969,7071,251446,142,0,0,142,57
2020-07-02,US,West Virginia,Barbour,15,1,0,39.1307219,-80.00350858,54001.0,91.23532631835043,6.666666666666668,14,15,1,0,14,15,16535,0,0,0,0,0
2020-07-02,US,West Virginia,Berkeley,461,10,0,39.46704621,-78.02414609,54003.0,386.8390799775113,2.169197396963124,451,460,10,0,450,458,117123,1,0,0,1,2
2020-07-02,US,West Virginia,Boone,20,0,0,38.01974191,-81.69888019,54005.0,93.20967516428206,0.0,20,21,0,0,21,21,21951,-1,0,0,-1,0
2020-07-02,US,West Virginia,Braxton,3,0,0,38.70036159,-80.72011184,54007.0,21.49459052805044,0.0,3,3,0,0,3,3,14089,0,0,0,0,0
2020-07-02,US,West Virginia,Brooke,9,0,0,40.27367263,-80.57915332,54009.0,41.022836045398606,0.0,9,9,0,0,9,9,22203,0,0,0,0,0
2020-07-02,US,West Virginia,Cabell,142,0,0,38.42424062,-82.23855912,54011.0,154.44015444015443,0.0,142,130,0,0,130,124,93224,12,0,0,12,6
2020-07-02,US,West Virginia,Calhoun,2,0,0,38.84315422,-81.11934872,54013.0,28.1333520889014,0.0,2,2,0,0,2,2,7254,0,0,0,0,0
2020-07-02,US,West Virginia,Clay,10,1,0,38.46231092,-81.07652217,54015.0,117.53643629525152,10.0,9,10,1,0,9,10,8632,0,0,0,0,0
2020-07-02,US,West Virginia,Fayette,67,4,0,38.02974928,-81.08286634,54019.0,157.9965099278404,5.970149253731344,63,66,4,0,62,66,43018,1,0,0,1,0
2020-07-02,US,West Virginia,Gilmer,13,0,0,38.9251277,-80.85952723,54021.0,166.17665857088068,0.0,13,13,0,0,13,13,8026,0,0,0,0,0
2020-07-02,US,West Virginia,Grant,16,0,0,39.10314817,-79.19440518,54023.0,138.31258644536652,0.0,16,16,0,0,16,16,11626,0,0,0,0,0
2020-07-02,US,West Virginia,Greenbrier,60,1,0,37.9463652,-80.45335881,54025.0,173.10022503029256,1.6666666666666667,59,59,1,0,58,58,34786,1,0,0,1,1
2020-07-02,US,West Virginia,Hampshire,42,1,0,39.32103553,-78.60826476,54027.0,181.2297734627832,2.380952380952381,41,42,1,0,41,41,23347,0,0,0,0,1
2020-07-02,US,West Virginia,Hancock,23,0,0,40.51943859,-80.57461608,54029.0,79.8333911836168,0.0,23,23,0,0,23,22,29094,0,0,0,0,1
2020-07-02,US,West Virginia,Hardy,45,0,0,39.00683177,-78.85855301,54031.0,326.6550522648084,0.0,45,44,0,0,44,44,13775,1,0,0,1,0
2020-07-02,US,West Virginia,Harrison,66,1,0,39.2853852,-80.37919577,54033.0,98.13250862376593,1.5151515151515151,65,65,1,0,64,61,67554,1,0,0,1,4
2020-07-02,US,West Virginia,Jackson,143,18,0,38.84263974,-81.68148753,54035.0,500.41993281075025,12.587412587412588,125,143,18,0,125,143,28706,0,0,0,0,0
2020-07-02,US,West Virginia,Jefferson,234,4,0,39.30776166,-77.86014147,54037.0,409.4774787386693,1.709401709401709,230,232,4,0,228,224,56811,2,0,0,2,8
2020-07-02,US,West Virginia,Kanawha,333,20,0,38.33860077,-81.52857054,54039.0,186.94841795603062,6.006006006006006,313,328,20,0,308,316,180454,5,0,0,5,12
2020-07-02,US,West Virginia,Lewis,20,2,0,38.9947249,-80.49988181,54041.0,125.73081033507259,10.0,18,19,2,0,17,19,16024,1,0,0,1,0
2020-07-02,US,West Virginia,Lincoln,8,0,0,38.172154,-82.07017953,54043.0,39.1983928658925,0.0,8,8,0,0,8,8,20599,0,0,0,0,0
2020-07-02,US,West Virginia,Logan,25,1,0,37.8299889,-81.93528571,54045.0,78.07864080702083,4.0,24,24,1,0,23,22,32607,1,0,0,1,2
2020-07-02,US,West Virginia,Marion,63,2,0,39.50984542,-80.24244659,54049.0,112.35554287344843,3.1746031746031744,61,61,2,0,59,59,56097,2,0,0,2,2
2020-07-02,US,West Virginia,Marshall,41,0,0,39.86064362,-80.66591062,54051.0,134.2897382987783,0.0,41,41,0,0,41,40,30785,0,0,0,0,1
2020-07-02,US,West Virginia,Mason,19,0,0,38.77071799,-82.02524219,54053.0,71.65484990194602,0.0,19,19,0,0,19,18,26718,0,0,0,0,1
2020-07-02,US,West Virginia,McDowell,6,0,0,37.38002939,-81.65083669,54047.0,34.04448479346346,0.0,6,6,0,0,6,6,18223,0,0,0,0,0
2020-07-02,US,West Virginia,Mercer,45,0,0,37.40481169,-81.11023142,54055.0,76.58531604207087,0.0,45,44,0,0,44,39,59131,1,0,0,1,5
2020-07-02,US,West Virginia,Mineral,57,3,0,39.41561583,-78.94104895,54057.0,212.14828048235816,5.2631578947368425,54,57,3,0,54,56,26940,0,0,0,0,1
2020-07-02,US,West Virginia,Mingo,22,2,0,37.73048351,-82.13338365,54059.0,93.9207650273224,9.090909090909092,20,23,2,0,21,20,23785,-1,0,0,-1,3
2020-07-02,US,West Virginia,Monongalia,193,5,0,39.63218457,-80.04766838,54061.0,182.74438510775292,2.5906735751295336,188,180,5,0,175,171,106420,13,0,0,13,9
2020-07-02,US,West Virginia,Monroe,14,0,0,37.56274716,-80.54577965,54063.0,105.4613935969868,0.0,14,12,0,0,12,12,13280,2,0,0,2,0
2020-07-02,US,West Virginia,Morgan,20,0,0,39.55439028,-78.26311676,54065.0,111.83180496533214,0.0,20,20,0,0,20,20,17787,0,0,0,0,0
2020-07-02,US,West Virginia,Nicholas,12,1,0,38.29617706,-80.79759588,54067.0,48.98758981058132,8.333333333333334,11,10,1,0,9,10,24842,2,0,0,2,0
2020-07-02,US,West Virginia,Ohio,100,1,0,40.0955451,-80.62203992,54069.0,241.4817319069812,1.0,99,96,1,0,95,91,41755,4,0,0,4,5
2020-07-02,US,West Virginia,Pendleton,13,1,0,38.68314479,-79.35084086,54071.0,186.5403931697517,7.6923076923076925,12,13,1,0,12,13,6997,0,0,0,0,0
2020-07-02,US,West Virginia,Pleasants,5,0,0,39.37091679,-81.16771771,54073.0,67.02412868632706,0.0,5,5,0,0,5,5,7507,0,0,0,0,0
2020-07-02,US,West Virginia,Pocahontas,28,0,0,38.32758728,-80.00993811,54075.0,339.5174002667637,0.0,28,25,0,0,25,25,8414,3,0,0,3,0
2020-07-02,US,West Virginia,Preston,82,2,0,39.46770987,-79.66712803,54077.0,245.27398899258202,2.4390243902439024,80,79,2,0,77,78,33839,3,0,0,3,1
2020-07-02,US,West Virginia,Putnam,60,0,0,38.50782345,-81.9082131,54079.0,106.28875110717449,0.0,60,58,0,0,58,55,56682,2,0,0,2,3
2020-07-02,US,West Virginia,Raleigh,54,0,0,37.76936795,-81.2456041,54081.0,73.6085931216859,0.0,54,53,0,0,53,52,74254,1,0,0,1,1
2020-07-02,US,West Virginia,Randolph,162,0,0,38.769899,-79.87919615,54083.0,564.5582854155776,0.0,162,162,0,0,162,156,28823,0,0,0,0,6
2020-07-02,US,West Virginia,Ritchie,2,0,0,39.18094587,-81.06356878,54085.0,20.933640360058615,0.0,2,2,0,0,2,2,9721,0,0,0,0,0
2020-07-02,US,West Virginia,Roane,11,1,0,38.71622686,-81.35243568,54087.0,80.3623611922852,9.090909090909092,10,11,1,0,10,11,13932,0,0,0,0,0
2020-07-02,US,West Virginia,Summers,2,0,0,37.65390597,-80.86009693,54089.0,15.90710252127575,0.0,2,2,0,0,2,2,12760,0,0,0,0,0
2020-07-02,US,West Virginia,Taylor,16,0,0,39.33602617,-80.0421439,54091.0,95.83707696915243,0.0,16,16,0,0,16,16,16862,0,0,0,0,0
2020-07-02,US,West Virginia,Tucker,6,0,0,39.11240885,-79.57053576,54093.0,87.73212457961691,0.0,6,6,0,0,6,6,6955,0,0,0,0,0
2020-07-02,US,West Virginia,Tyler,4,0,0,39.46811972,-80.88772676,54095.0,46.560353858689325,0.0,4,4,0,0,4,4,8746,0,0,0,0,0
2020-07-02,US,West Virginia,Upshur,21,0,0,38.89285061,-80.23689136,54097.0,86.86300463269356,0.0,21,21,0,0,21,19,24415,0,0,0,0,2
2020-07-02,US,West Virginia,Wayne,115,9,0,38.14901357,-82.42287994,54099.0,291.8633571899904,7.826086956521738,106,112,9,0,103,111,39944,3,0,0,3,1
2020-07-02,US,West Virginia,Wetzel,10,0,0,39.6065771,-80.64016540000001,54103.0,66.37902422834384,0.0,10,10,0,0,10,10,15270,0,0,0,0,0
2020-07-02,US,West Virginia,Wirt,4,0,0,39.02775007,-81.37473928,54105.0,68.7167153410067,0.0,4,4,0,0,4,4,5830,0,0,0,0,0
2020-07-02,US,West Virginia,Wood,102,2,0,39.20967886,-81.5162836,54107.0,122.12936133528099,1.96078431372549,100,87,2,0,85,86,84203,15,0,0,15,1
2020-07-02,US,West Virginia,Wyoming,7,0,0,37.612327,-81.54511071,54109.0,34.32382073158772,0.0,7,7,0,0,7,7,20786,0,0,0,0,0
2020-07-02,US,Wisconsin,Adams,20,2,0,43.96974651,-89.76782777,55001.0,98.91196834817013,10.0,18,19,2,0,17,19,20348,1,0,0,1,0
2020-07-02,US,Wisconsin,Ashland,3,0,0,46.31956891,-90.67837132,55003.0,19.27772779848349,0.0,3,3,0,0,3,3,15600,0,0,0,0,0
2020-07-02,US,Wisconsin,Barron,35,1,0,45.42372701,-91.84833627,55005.0,77.35832375563609,2.8571428571428568,34,34,1,0,33,34,45164,1,0,0,1,0
2020-07-02,US,Wisconsin,Bayfield,3,1,0,46.52868768,-91.19716729,55007.0,19.952114924181963,33.333333333333336,2,3,1,0,2,3,15042,0,0,0,0,0
2020-07-02,US,Wisconsin,Brown,2937,42,0,44.4526553,-88.00411844,55009.0,1110.220683294146,1.4300306435137895,2895,2916,42,0,2874,2873,263378,21,0,0,21,43
2020-07-02,US,Wisconsin,Buffalo,7,2,0,44.37835084,-91.75332578,55011.0,53.718056941140354,28.57142857142857,5,8,2,0,6,7,13125,-1,0,0,-1,1
2020-07-02,US,Wisconsin,Burnett,3,1,0,45.86303537,-92.36711412,55013.0,19.46282600233554,33.333333333333336,2,3,1,0,2,3,15392,0,0,0,0,0
2020-07-02,US,Wisconsin,Calumet,112,2,0,44.0816316,-88.21780273,55015.0,223.60198846054024,1.7857142857142858,110,111,2,0,109,108,50159,1,0,0,1,3
2020-07-02,US,Wisconsin,Chippewa,91,0,0,45.06939744,-91.28068855,55017.0,140.74051161495868,0.0,91,88,0,0,88,84,64135,3,0,0,3,4
2020-07-02,US,Wisconsin,Clark,81,7,0,44.73483377,-90.61207486,55019.0,232.9326508310807,8.641975308641975,74,77,6,0,71,72,34709,4,1,0,3,5
2020-07-02,US,Wisconsin,Columbia,89,1,0,43.46492199,-89.33589004,55021.0,154.69651672112914,1.1235955056179776,88,88,1,0,87,85,57358,1,0,0,1,3
2020-07-02,US,Wisconsin,Crawford,36,0,0,43.23870316,-90.93073686,55023.0,223.1727729217036,0.0,36,34,0,0,34,33,16291,2,0,0,2,1
2020-07-02,US,Wisconsin,Dane,2061,32,0,43.06601594,-89.41733797,55025.0,376.9926558684458,1.552644347404173,2029,1953,32,0,1921,1873,542364,108,0,0,108,80
2020-07-02,US,Wisconsin,Dodge,467,5,0,43.41576662,-88.70928178,55027.0,531.6545042634822,1.0706638115631693,462,461,5,0,456,459,87847,6,0,0,6,2
2020-07-02,US,Wisconsin,Door,44,3,0,44.95856458,-87.30002707,55029.0,159.02848055515395,6.8181818181818175,41,43,3,0,40,44,27610,1,0,0,1,-1
2020-07-02,US,Wisconsin,Douglas,31,0,0,46.43222285,-91.91595768,55031.0,71.84241019698726,0.0,31,30,0,0,30,25,43208,1,0,0,1,5
2020-07-02,US,Wisconsin,Dunn,41,0,0,44.94562799,-91.8962481,55033.0,90.37206841826836,0.0,41,38,0,0,38,37,45131,3,0,0,3,1
2020-07-02,US,Wisconsin,Eau Claire,249,1,0,44.726614,-91.28609183,55035.0,237.9450719568832,0.4016064257028112,248,240,1,0,239,229,104534,9,0,0,9,11
2020-07-02,US,Wisconsin,Florence,3,0,0,45.84963535,-88.39804137,55037.0,69.848661233993,0.0,3,3,0,0,3,3,4321,0,0,0,0,0
2020-07-02,US,Wisconsin,Fond du Lac,314,6,0,43.75354908,-88.48885325,55039.0,303.6662379234645,1.9108280254777068,308,313,6,0,307,311,103066,1,0,0,1,2
2020-07-02,US,Wisconsin,Forest,39,3,0,45.66678019,-88.77084892,55041.0,433.14082629942254,7.6923076923076925,36,39,3,0,36,39,8991,0,0,0,0,0
2020-07-02,US,Wisconsin,Grant,162,13,0,42.8671731,-90.7063218,55043.0,314.9361379498046,8.024691358024691,149,161,13,0,148,154,51554,1,0,0,1,7
2020-07-02,US,Wisconsin,Green,90,1,0,42.6794956,-89.60243287,55045.0,243.50649350649346,1.1111111111111112,89,89,1,0,88,89,36929,1,0,0,1,0
2020-07-02,US,Wisconsin,Green Lake,34,0,0,43.80025981,-89.04679553,55047.0,179.77052820811082,0.0,34,33,0,0,33,32,18918,1,0,0,1,1
2020-07-02,US,Wisconsin,Iowa,32,0,0,43.00050278,-90.13469017,55049.0,135.14654953965706,0.0,32,32,0,0,32,31,23771,0,0,0,0,1
2020-07-02,US,Wisconsin,Iron,7,1,0,46.26302338,-90.24295041,55051.0,123.08774397749252,14.285714285714285,6,7,1,0,6,6,5676,0,0,0,0,1
2020-07-02,US,Wisconsin,Jackson,27,1,0,44.31864893,-90.80566792,55053.0,130.79494259555298,3.703703703703704,26,27,1,0,26,27,20478,0,0,0,0,0
2020-07-02,US,Wisconsin,Jefferson,257,4,0,43.02054068,-88.77529134,55055.0,303.17686890254686,1.5564202334630348,253,242,4,0,238,236,85129,15,0,0,15,6
2020-07-02,US,Wisconsin,Juneau,40,1,0,43.92456975,-90.11120239,55057.0,149.88571214448982,2.5,39,39,1,0,38,36,26617,1,0,0,1,3
2020-07-02,US,Wisconsin,Kenosha,1531,44,0,42.57639354,-88.04051686,55059.0,902.9198931358037,2.8739386022207714,1487,1522,43,0,1479,1503,169290,9,1,0,8,19
2020-07-02,US,Wisconsin,Kewaunee,60,1,0,44.51727459,-87.61468386,55061.0,293.62826661446616,1.6666666666666667,59,59,1,0,58,56,20383,1,0,0,1,3
2020-07-02,US,Wisconsin,La Crosse,492,0,0,43.90632465,-91.11451093,55063.0,416.8926247288503,0.0,492,455,0,0,455,432,118230,37,0,0,37,23
2020-07-02,US,Wisconsin,Lafayette,74,0,0,42.66005229,-90.1317729,55065.0,444.04440444044405,0.0,74,74,0,0,74,74,16665,0,0,0,0,0
2020-07-02,US,Wisconsin,Langlade,10,0,0,45.26271619,-89.07483625,55067.0,52.11318984835062,0.0,10,10,0,0,10,8,19268,0,0,0,0,2
2020-07-02,US,Wisconsin,Lincoln,11,0,0,45.33737523,-89.73411273,55069.0,39.865183198637325,0.0,11,10,0,0,10,10,27689,1,0,0,1,0
2020-07-02,US,Wisconsin,Manitowoc,100,1,0,44.11946801,-87.80928853,55071.0,126.6127296438384,1.0,99,99,1,0,98,94,79074,1,0,0,1,5
2020-07-02,US,Wisconsin,Marathon,186,1,0,44.89792533,-89.75863384,55073.0,137.07514075995638,0.5376344086021505,185,174,1,0,173,168,135428,12,0,0,12,6
2020-07-02,US,Wisconsin,Marinette,60,3,0,45.38553432,-88.03324599999998,55075.0,148.69888475836433,5.0,57,60,3,0,57,56,40434,0,0,0,0,4
2020-07-02,US,Wisconsin,Marquette,17,1,0,43.81911946,-89.40073763,55077.0,109.15628611788877,5.882352941176472,16,16,1,0,15,13,15434,1,0,0,1,3
2020-07-02,US,Wisconsin,Menominee,7,0,0,45.00422544,-88.70950714,55078.0,153.64354697102718,0.0,7,7,0,0,7,7,4658,0,0,0,0,0
2020-07-02,US,Wisconsin,Milwaukee,11649,391,0,43.00486062,-87.96733172,55079.0,1231.7521142487358,3.3565112885226203,11258,11510,390,0,11120,11358,948201,139,1,0,138,152
2020-07-02,US,Wisconsin,Monroe,66,1,0,43.94641218,-90.618819,55081.0,142.6934469115517,1.5151515151515151,65,65,1,0,64,66,46051,1,0,0,1,-1
2020-07-02,US,Wisconsin,Oconto,61,0,0,45.02715345,-88.26807503,55083.0,160.82256788821513,0.0,61,61,0,0,61,59,37830,0,0,0,0,2
2020-07-02,US,Wisconsin,Oneida,20,0,0,45.70677897,-89.51944105,55085.0,56.18766680713584,0.0,20,20,0,0,20,19,35470,0,0,0,0,1
2020-07-02,US,Wisconsin,Outagamie,500,9,0,44.41578887,-88.46565023,55087.0,266.1202331213242,1.8,491,491,9,0,482,476,187365,9,0,0,9,15
2020-07-02,US,Wisconsin,Ozaukee,241,15,0,43.38352225,-87.94625009,55089.0,270.11577991728404,6.224066390041495,226,238,15,0,223,229,89147,3,0,0,3,9
2020-07-02,US,Wisconsin,Pepin,1,0,0,44.58307413,-91.99949611,55091.0,13.723068478111706,0.0,1,1,0,0,1,1,7289,0,0,0,0,0
2020-07-02,US,Wisconsin,Pierce,68,0,0,44.71850291,-92.4224416,55093.0,159.0494456659026,0.0,68,68,0,0,68,68,42555,0,0,0,0,0
2020-07-02,US,Wisconsin,Polk,57,1,0,45.46130348,-92.44182875,55095.0,130.18751570244157,1.7543859649122806,56,52,1,0,51,48,43598,5,0,0,5,4
2020-07-02,US,Wisconsin,Portage,162,0,0,44.47558711,-89.50152965,55097.0,228.904086361838,0.0,162,147,0,0,147,142,70942,15,0,0,15,5
2020-07-02,US,Wisconsin,Price,2,0,0,45.68051754,-90.3609888,55099.0,14.980151299528124,0.0,2,2,0,0,2,2,13397,0,0,0,0,0
2020-07-02,US,Wisconsin,Racine,2187,64,0,42.74753117,-88.05941254,55101.0,1114.048626923606,2.9263831732967533,2123,2176,63,0,2113,2171,196584,11,1,0,10,5
2020-07-02,US,Wisconsin,Richland,15,4,0,43.3762778,-90.43012729,55103.0,86.94644099234871,26.66666666666667,11,15,4,0,11,15,17377,0,0,0,0,0
2020-07-02,US,Wisconsin,Rock,882,24,0,42.67151616,-89.07147900000002,55105.0,539.9316821136917,2.7210884353741496,858,873,24,0,849,864,163129,9,0,0,9,9
2020-07-02,US,Wisconsin,Rusk,11,0,0,45.47498854,-91.1333012,55107.0,77.58499083086474,0.0,11,11,0,0,11,11,14147,0,0,0,0,0
2020-07-02,US,Wisconsin,Sauk,109,3,0,43.42574087,-89.94966132,55111.0,169.14434685453585,2.7522935779816518,106,108,3,0,105,107,64249,1,0,0,1,1
2020-07-02,US,Wisconsin,Sawyer,12,0,0,45.87931905,-91.14504927,55113.0,72.47252083584974,0.0,12,12,0,0,12,12,16489,0,0,0,0,0
2020-07-02,US,Wisconsin,Shawano,78,0,0,44.78902246,-88.76443896,55115.0,190.71370938164745,0.0,78,78,0,0,78,78,40796,0,0,0,0,0
2020-07-02,US,Wisconsin,Sheboygan,214,4,0,43.72099677,-87.94579284,55117.0,185.538408184498,1.8691588785046729,210,208,4,0,204,208,115456,6,0,0,6,0
2020-07-02,US,Wisconsin,St. Croix,179,1,0,45.03437474,-92.45000068,55109.0,197.382204726146,0.5586592178770949,178,171,1,0,170,164,89694,8,0,0,8,7
2020-07-02,US,Wisconsin,Taylor,14,0,0,45.21179252,-90.5004405,55119.0,68.81974143440004,0.0,14,13,0,0,13,12,20412,1,0,0,1,1
2020-07-02,US,Wisconsin,Trempealeau,122,0,0,44.30360275,-91.35893614,55121.0,411.4809942999764,0.0,122,118,0,0,118,116,29442,4,0,0,4,2
2020-07-02,US,Wisconsin,Vernon,37,0,0,43.59422667,-90.8324691,55123.0,120.04412432677955,0.0,37,36,0,0,36,35,30785,1,0,0,1,1
2020-07-02,US,Wisconsin,Vilas,10,0,0,46.05467334,-89.51719204,55125.0,45.05519261094841,0.0,10,10,0,0,10,10,21938,0,0,0,0,0
2020-07-02,US,Wisconsin,Walworth,622,18,0,42.66858202,-88.54163073,55127.0,598.8369854045518,2.893890675241157,604,612,18,0,594,607,103718,10,0,0,10,5
2020-07-02,US,Wisconsin,Washburn,4,0,0,45.89838588,-91.79050449,55129.0,25.44529262086514,0.0,4,4,0,0,4,4,15878,0,0,0,0,0
2020-07-02,US,Wisconsin,Washington,395,16,0,43.36863664,-88.22974712,55131.0,290.3685843245072,4.050632911392405,379,380,16,0,364,368,135693,15,0,0,15,12
2020-07-02,US,Wisconsin,Waukesha,1250,39,0,43.01833055,-88.30431188,55133.0,309.2543753309022,3.12,1211,1210,39,0,1171,1175,403072,40,0,0,40,35
2020-07-02,US,Wisconsin,Waupaca,121,10,0,44.47068056,-88.96534501,55135.0,237.3014316532653,8.264462809917353,111,116,7,0,109,113,51128,5,3,0,2,3
2020-07-02,US,Wisconsin,Waushara,31,0,0,44.11324419,-89.24317107,55137.0,126.82567606267644,0.0,31,29,0,0,29,25,24263,2,0,0,2,4
2020-07-02,US,Wisconsin,Winnebago,692,11,0,44.06886922,-88.64477096,55139.0,402.5432355866835,1.5895953757225434,681,683,11,0,672,669,171020,9,0,0,9,14
2020-07-02,US,Wisconsin,Wood,63,1,0,44.45537896,-90.04158336,55141.0,86.30255208975466,1.5873015873015872,62,61,1,0,60,51,73055,2,0,0,2,10
2020-07-02,US,Wyoming,Albany,34,0,0,41.65498705,-105.7235415,56001.0,87.4485596707819,0.0,34,34,0,0,34,34,38601,0,0,0,0,0
2020-07-02,US,Wyoming,Big Horn,20,0,0,44.52405055,-107.9960365,56003.0,169.63528413910097,0.0,20,20,0,0,20,20,11881,0,0,0,0,0
2020-07-02,US,Wyoming,Campbell,57,0,0,44.24886082,-105.5474404,56005.0,123.00123001230013,0.0,57,56,0,0,56,56,46140,1,0,0,1,0
2020-07-02,US,Wyoming,Carbon,23,0,0,41.69357844,-106.9326084,56007.0,155.40540540540542,0.0,23,23,0,0,23,23,14971,0,0,0,0,0
2020-07-02,US,Wyoming,Converse,26,0,0,42.97272268,-105.5081848,56009.0,188.10591810157717,0.0,26,26,0,0,26,26,13640,0,0,0,0,0
2020-07-02,US,Wyoming,Crook,7,0,0,44.58855102,-104.5697705,56011.0,92.2995780590717,0.0,7,7,0,0,7,7,7450,0,0,0,0,0
2020-07-02,US,Wyoming,Fremont,361,0,0,43.04183996,-108.6296893,56013.0,919.487532156593,0.0,361,358,0,0,358,355,39531,3,0,0,3,3
2020-07-02,US,Wyoming,Goshen,5,0,0,42.08798185,-104.3534743,56015.0,37.847248505033676,0.0,5,5,0,0,5,5,13376,0,0,0,0,0
2020-07-02,US,Wyoming,Hot Springs,12,0,0,43.71930657,-108.4423174,56017.0,271.92386131883075,0.0,12,12,0,0,12,12,4555,0,0,0,0,0
2020-07-02,US,Wyoming,Johnson,20,1,0,44.04057166,-106.5845174,56019.0,236.82652457075199,5.0,19,20,1,0,19,20,8460,0,0,0,0,0
2020-07-02,US,Wyoming,Laramie,282,0,0,41.30702520000001,-104.6887497,56021.0,283.4170854271357,0.0,282,270,0,0,270,261,98976,12,0,0,12,9
2020-07-02,US,Wyoming,Lincoln,27,0,0,42.26376367,-110.6563997,56023.0,136.15733736762482,0.0,27,24,0,0,24,23,19434,3,0,0,3,1
2020-07-02,US,Wyoming,Natrona,131,0,0,42.96180148,-106.797885,56025.0,164.04117308222098,0.0,131,126,0,0,126,121,79115,5,0,0,5,5
2020-07-02,US,Wyoming,Niobrara,2,0,0,43.05607708,-104.4758896,56027.0,84.88964346349746,0.0,2,2,0,0,2,2,2388,0,0,0,0,0
2020-07-02,US,Wyoming,Park,57,0,0,44.52157546,-109.5852825,56029.0,195.2455984106323,0.0,57,56,0,0,56,50,29324,1,0,0,1,6
2020-07-02,US,Wyoming,Platte,4,0,0,42.13299116,-104.966331,56031.0,47.658763255093525,0.0,4,4,0,0,4,3,8566,0,0,0,0,1
2020-07-02,US,Wyoming,Sheridan,27,0,0,44.79048913,-106.8862389,56033.0,88.56814826964079,0.0,27,27,0,0,27,27,30233,0,0,0,0,0
2020-07-02,US,Wyoming,Sublette,6,0,0,42.76558279,-109.9130922,56035.0,61.03143118706135,0.0,6,6,0,0,6,6,9813,0,0,0,0,0
2020-07-02,US,Wyoming,Sweetwater,92,0,0,41.65943896,-108.8827882,56037.0,217.2732210755024,0.0,92,89,0,0,89,90,43051,3,0,0,3,-1
2020-07-02,US,Wyoming,Teton,136,0,0,43.93522482,-110.5890801,56039.0,579.6113194681212,0.0,136,131,0,0,131,129,23081,5,0,0,5,2
2020-07-02,US,Wyoming,Uinta,180,0,0,41.2878183,-110.54757820000002,56041.0,889.9436369029961,0.0,180,177,0,0,177,176,20299,3,0,0,3,1
2020-07-02,US,Wyoming,Unassigned,0,19,0,0.0,0.0,90056.0,0.0,0.0,-19,0,19,0,-19,0,,0,0,0,0,0
2020-07-02,US,Wyoming,Washakie,39,0,0,43.90451606,-107.68018700000002,56043.0,499.6796925048046,0.0,39,39,0,0,39,39,7885,0,0,0,0,0
2020-07-02,US,Wyoming,Weston,2,0,0,43.83961191,-104.5674881,56045.0,28.872527789808,0.0,2,2,0,0,2,2,6967,0,0,0,0,0
