Date,Country/Region,Province/State,Admin2,Confirmed,Deaths,Recovered,Latitude,Longitude,FIPS,Incidence_Rate,Case-Fatality_Ratio,Active Cases,Previous Confirmed,Previous Deaths,Previous Recovered,Previous Active,Prev2 Confirmed,Population,Daily Confirmed,Daily Deaths,Daily Recovered,Daily Active,Previous Daily Confirmed
2020-07-26,US,Alabama,Autauga,909,20,0,32.53952745,-86.64408227,1001.0,1627.02035117865,2.2002200220022003,889,900,20,0,880,891,55601,9,0,0,9,9
2020-07-26,US,Alabama,Baldwin,2665,17,0,30.72774991,-87.72207058,1003.0,1193.814562297858,0.6378986866791745,2648,2620,17,0,2603,2473,218022,45,0,0,45,147
2020-07-26,US,Alabama,Barbour,523,4,0,31.868263,-85.3871286,1005.0,2118.609738313214,0.7648183556405354,519,516,4,0,512,507,24881,7,0,0,7,9
2020-07-26,US,Alabama,Bibb,317,2,0,32.99642064,-87.12511459999996,1007.0,1415.5577386800035,0.6309148264984227,315,312,2,0,310,297,22400,5,0,0,5,15
2020-07-26,US,Alabama,Blount,578,1,0,33.98210918,-86.56790593,1009.0,999.5503752637222,0.17301038062283736,577,569,1,0,568,552,57840,9,0,0,9,17
2020-07-26,US,Alabama,Bullock,408,11,0,32.10030533,-85.71265535,1011.0,4039.20403920404,2.6960784313725488,397,408,11,0,397,406,10138,0,0,0,0,2
2020-07-26,US,Alabama,Butler,714,34,0,31.75300095,-86.68057478,1013.0,3671.328671328671,4.761904761904762,680,710,34,0,676,702,19680,4,0,0,4,8
2020-07-26,US,Alabama,Calhoun,1076,6,0,33.77483727,-85.82630386,1015.0,947.1414110294444,0.5576208178438662,1070,1029,6,0,1023,970,114277,47,0,0,47,59
2020-07-26,US,Alabama,Chambers,776,37,0,32.91360079,-85.39072749,1017.0,2333.5538581824744,4.768041237113403,739,767,37,0,730,759,33615,9,0,0,9,8
2020-07-26,US,Alabama,Cherokee,194,7,0,34.17805983,-85.60638968,1019.0,740.5710795541304,3.608247422680413,187,192,7,0,185,191,26032,2,0,0,2,1
2020-07-26,US,Alabama,Chilton,580,4,0,32.85044126,-86.7173256,1021.0,1305.4830287206266,0.6896551724137931,576,570,4,0,566,547,44153,10,0,0,10,23
2020-07-26,US,Alabama,Choctaw,258,12,0,32.02227341,-88.26564429999998,1023.0,2049.4082135197395,4.651162790697675,246,256,12,0,244,253,12841,2,0,0,2,3
2020-07-26,US,Alabama,Clarke,432,9,0,31.68099859,-87.83548597,1025.0,1828.8036576073155,2.083333333333333,423,431,9,0,422,425,23920,1,0,0,1,6
2020-07-26,US,Alabama,Clay,166,3,0,33.26984193,-85.85836077,1027.0,1254.2500944465432,1.8072289156626504,163,148,3,0,145,140,13275,18,0,0,18,8
2020-07-26,US,Alabama,Cleburne,95,1,0,33.67679204,-85.52005899,1029.0,637.1562709590878,1.0526315789473684,94,95,1,0,94,89,14987,0,0,0,0,6
2020-07-26,US,Alabama,Coffee,633,5,0,31.39932826,-85.98901039,1031.0,1209.3538649650375,0.7898894154818326,628,618,5,0,613,595,51909,15,0,0,15,23
2020-07-26,US,Alabama,Colbert,875,11,0,34.69847452,-87.80168544,1033.0,1583.968429246393,1.2571428571428571,864,866,10,0,856,843,54762,9,1,0,8,23
2020-07-26,US,Alabama,Conecuh,333,9,0,31.43401703,-86.99320044,1035.0,2759.592276456452,2.702702702702702,324,329,9,0,320,319,12277,4,0,0,4,10
2020-07-26,US,Alabama,Coosa,86,2,0,32.93690146,-86.24847739,1037.0,806.5272437400356,2.3255813953488373,84,81,2,0,79,78,10715,5,0,0,5,3
2020-07-26,US,Alabama,Covington,633,18,0,31.247785399999998,-86.45050893,1039.0,1708.5481389511187,2.8436018957345968,615,625,18,0,607,606,36986,8,0,0,8,19
2020-07-26,US,Alabama,Crenshaw,226,3,0,31.72941803,-86.31593104,1041.0,1641.0107464420566,1.327433628318584,223,223,3,0,220,219,13824,3,0,0,3,4
2020-07-26,US,Alabama,Cullman,946,9,0,34.13020303,-86.86888037,1043.0,1129.3095215356698,0.9513742071881608,937,932,8,0,924,911,83442,14,1,0,13,21
2020-07-26,US,Alabama,Dale,676,16,0,31.43037123,-85.61095742,1045.0,1374.7661270641834,2.366863905325444,660,672,16,0,656,611,48956,4,0,0,4,61
2020-07-26,US,Alabama,Dallas,1186,20,0,32.32688101,-87.10866709999998,1047.0,3188.514894074632,1.6863406408094437,1166,1184,19,0,1165,1170,38310,2,1,0,1,14
2020-07-26,US,Alabama,DeKalb,1490,9,0,34.45946862,-85.80782906,1049.0,2083.537258959909,0.6040268456375839,1481,1469,9,0,1460,1426,71385,21,0,0,21,43
2020-07-26,US,Alabama,Elmore,1437,34,0,32.59785413,-86.14415284,1051.0,1769.5083057296606,2.366040361864997,1403,1430,34,0,1396,1394,81887,7,0,0,7,36
2020-07-26,US,Alabama,Escambia,812,15,0,31.1256789,-87.15918694,1053.0,2216.580678623099,1.8472906403940887,797,810,15,0,795,772,36748,2,0,0,2,38
2020-07-26,US,Alabama,Etowah,1643,17,0,34.04567266,-86.04051873,1055.0,1606.563147807721,1.0346926354230066,1626,1615,16,0,1599,1546,102501,28,1,0,27,69
2020-07-26,US,Alabama,Fayette,138,5,0,33.72076938,-87.73886638,1057.0,846.5218991534781,3.6231884057971016,133,134,5,0,129,132,16433,4,0,0,4,2
2020-07-26,US,Alabama,Franklin,1078,19,0,34.44235334,-87.84289505,1059.0,3437.2807856641803,1.7625231910946195,1059,1075,17,0,1058,1064,31363,3,2,0,1,11
2020-07-26,US,Alabama,Geneva,186,0,0,31.09389027,-85.83572839,1061.0,708.0050245517873,0.0,186,183,0,0,183,178,26314,3,0,0,3,5
2020-07-26,US,Alabama,Greene,232,10,0,32.85504247,-87.95684022,1063.0,2860.313154974726,4.310344827586206,222,231,10,0,221,231,8233,1,0,0,1,0
2020-07-26,US,Alabama,Hale,425,22,0,32.76039258,-87.63284988,1065.0,2900.825882192342,5.176470588235294,403,419,22,0,397,409,14726,6,0,0,6,10
2020-07-26,US,Alabama,Henry,213,3,0,31.51148016,-85.24267944,1067.0,1238.0122057541412,1.4084507042253518,210,206,3,0,203,203,17209,7,0,0,7,3
2020-07-26,US,Alabama,Houston,1074,11,0,31.15197924,-85.29939599,1069.0,1014.3367144557147,1.0242085661080074,1063,1059,11,0,1048,1023,104722,15,0,0,15,36
2020-07-26,US,Alabama,Jackson,648,3,0,34.78144169,-85.99750489,1071.0,1255.18149769496,0.462962962962963,645,638,3,0,635,625,51736,10,0,0,10,13
2020-07-26,US,Alabama,Jefferson,10258,202,0,33.55554728,-86.89506300000002,1073.0,1557.6101662230308,1.9691947748099048,10056,10095,200,0,9895,9809,659300,163,2,0,161,286
2020-07-26,US,Alabama,Lamar,161,1,0,33.77995024,-88.09668032,1075.0,1166.2441144512854,0.6211180124223602,160,162,1,0,161,159,13844,-1,0,0,-1,3
2020-07-26,US,Alabama,Lauderdale,893,9,0,34.90171875,-87.65624729,1077.0,963.0212770546433,1.0078387458006721,884,884,9,0,875,857,92387,9,0,0,9,27
2020-07-26,US,Alabama,Lawrence,244,0,0,34.52041498,-87.31069453,1079.0,741.1007168023326,0.0,244,240,0,0,240,227,32957,4,0,0,4,13
2020-07-26,US,Alabama,Lee,2243,40,0,32.60154883,-85.35132246,1081.0,1363.1777904729493,1.7833259028087385,2203,2220,40,0,2180,2194,163941,23,0,0,23,26
2020-07-26,US,Alabama,Limestone,1006,9,0,34.81185586,-86.98310072,1083.0,1017.0348278825252,0.8946322067594433,997,1001,9,0,992,970,96174,5,0,0,5,31
2020-07-26,US,Alabama,Lowndes,531,24,0,32.1597283,-86.65158371,1085.0,5459.592843923504,4.519774011299434,507,530,24,0,506,528,9974,1,0,0,1,2
2020-07-26,US,Alabama,Macon,286,12,0,32.38759944,-85.69267724,1087.0,1582.909010405136,4.195804195804196,274,284,12,0,272,279,18439,2,0,0,2,5
2020-07-26,US,Alabama,Madison,4241,21,0,34.76327133,-86.55069633,1089.0,1137.2747774926322,0.4951662343786843,4220,4142,21,0,4121,4040,366519,99,0,0,99,102
2020-07-26,US,Alabama,Marengo,478,12,0,32.24767634,-87.78796182,1091.0,2534.061390022796,2.510460251046025,466,473,11,0,462,459,19066,5,1,0,4,14
2020-07-26,US,Alabama,Marion,473,24,0,34.13697363,-87.88704173,1093.0,1592.1101349759333,5.073995771670191,449,463,23,0,440,461,29763,10,1,0,9,2
2020-07-26,US,Alabama,Marshall,2661,26,0,34.36975964,-86.30486727,1095.0,2749.705499410999,0.9770762871101091,2635,2621,27,0,2594,2585,96109,40,-1,0,41,36
2020-07-26,US,Alabama,Mobile,7193,175,0,30.78472347,-88.20842409,1097.0,1740.7613562111276,2.432920895314889,7018,7096,175,0,6921,6901,413757,97,0,0,97,195
2020-07-26,US,Alabama,Monroe,361,3,0,31.56729412,-87.36995001,1099.0,1741.1855496069068,0.8310249307479224,358,348,3,0,345,343,21067,13,0,0,13,5
2020-07-26,US,Alabama,Montgomery,5642,137,0,32.2206831,-86.20969272,1101.0,2491.103202846975,2.4282169443459765,5505,5604,135,0,5469,5522,225763,38,2,0,36,82
2020-07-26,US,Alabama,Morgan,1933,12,0,34.45500589,-86.85475946,1103.0,1615.1538699354105,0.6207966890843248,1921,1914,12,0,1902,1864,119089,19,0,0,19,50
2020-07-26,US,Alabama,Perry,382,3,0,32.64048341,-87.29770589,1105.0,4281.071388546453,0.7853403141361257,379,377,3,0,374,366,9140,5,0,0,5,11
2020-07-26,US,Alabama,Pickens,332,9,0,33.28094866,-88.08818103,1107.0,1665.8304064224787,2.710843373493976,323,330,9,0,321,323,19938,2,0,0,2,7
2020-07-26,US,Alabama,Pike,596,7,0,31.80396383,-85.9408295,1109.0,1799.8429667210244,1.174496644295302,589,584,7,0,577,579,33338,12,0,0,12,5
2020-07-26,US,Alabama,Randolph,359,10,0,33.29526734,-85.45708831,1111.0,1579.9665522401197,2.7855153203342615,349,357,10,0,347,354,22725,2,0,0,2,3
2020-07-26,US,Alabama,Russell,1047,1,0,32.28725256,-85.18415324,1113.0,1806.3870533634686,0.09551098376313276,1046,1031,1,0,1030,1006,57781,16,0,0,16,25
2020-07-26,US,Alabama,Shelby,2638,28,0,33.26879845,-86.66232561,1117.0,1211.7481695161275,1.061410159211524,2610,2595,28,0,2567,2533,215707,43,0,0,43,62
2020-07-26,US,Alabama,St. Clair,979,8,0,33.71902176,-86.31029372,1115.0,1093.7081061757083,0.8171603677221655,971,958,8,0,950,938,88690,21,0,0,21,20
2020-07-26,US,Alabama,Sumter,339,15,0,32.59117397,-88.19916205,1119.0,2727.9311177275285,4.424778761061948,324,338,14,0,324,330,12691,1,1,0,0,8
2020-07-26,US,Alabama,Talladega,717,9,0,33.37823223,-86.16886178,1121.0,896.4965365475508,1.2552301255230125,708,702,8,0,694,671,79828,15,1,0,14,31
2020-07-26,US,Alabama,Tallapoosa,761,78,0,32.86698258,-85.79833053,1123.0,1885.2032600886864,10.249671484888305,683,754,78,0,676,747,40497,7,0,0,7,7
2020-07-26,US,Alabama,Tuscaloosa,3536,58,0,33.28726072,-87.52556818,1125.0,1688.9971579374744,1.6402714932126696,3478,3506,58,0,3448,3411,208911,30,0,0,30,95
2020-07-26,US,Alabama,Unassigned,1943,45,0,0.0,0.0,90001.0,0.0,2.316006176016469,1898,1816,43,0,1773,1640,,127,2,0,125,176
2020-07-26,US,Alabama,Walker,1364,57,0,33.80270512,-87.30027177,1127.0,2147.321358290959,4.178885630498534,1307,1356,55,0,1301,1338,63711,8,2,0,6,18
2020-07-26,US,Alabama,Washington,272,10,0,31.4092794,-88.20689944,1129.0,1666.05414675977,3.6764705882352944,262,269,10,0,259,262,16378,3,0,0,3,7
2020-07-26,US,Alabama,Wilcox,384,9,0,31.98773215,-87.30891118,1131.0,3701.9184421093214,2.34375,375,380,9,0,371,375,10627,4,0,0,4,5
2020-07-26,US,Alabama,Winston,380,10,0,34.15030532,-87.37325922,1133.0,1608.1933217656272,2.631578947368421,370,378,10,0,368,377,23660,2,0,0,2,1
2020-07-26,US,Alaska,Aleutians East,1,0,0,55.32222414,-161.9722021,2013.0,29.96703626011388,0.0,1,1,0,0,1,1,3515,0,0,0,0,0
2020-07-26,US,Alaska,Aleutians West,3,0,0,52.3233,-174.1596,2016.0,53.24813631522897,0.0,3,2,0,0,2,1,5723,1,0,0,1,1
2020-07-26,US,Alaska,Anchorage,1338,9,0,61.14998174,-149.14269860000005,2020.0,464.58333333333326,0.672645739910314,1329,1180,9,0,1171,1129,291538,158,0,0,158,51
2020-07-26,US,Alaska,Bethel,18,0,0,60.90980451,-159.8561831,2050.0,97.90057652561731,0.0,18,18,0,0,18,18,18216,0,0,0,0,0
2020-07-26,US,Alaska,Bristol Bay,6,0,0,58.74513976,-156.701064,2060.0,717.7033492822967,0.0,6,6,0,0,6,6,877,0,0,0,0,0
2020-07-26,US,Alaska,Denali,1,0,0,63.67264044,-150.0076108,2068.0,47.687172150691474,0.0,1,1,0,0,1,1,2059,0,0,0,0,0
2020-07-26,US,Alaska,Dillingham,1,0,0,59.79603738,-158.23819419999995,2070.0,20.34174125305126,0.0,1,1,0,0,1,1,5000,0,0,0,0,0
2020-07-26,US,Alaska,Fairbanks North Star,369,4,0,64.80726247,-146.5692662,2090.0,381.0054827618251,1.084010840108401,365,358,4,0,354,351,98971,11,0,0,11,7
2020-07-26,US,Alaska,Haines,4,0,0,59.09893571,-135.4679843,2100.0,158.10276679841897,0.0,4,4,0,0,4,3,2474,0,0,0,0,1
2020-07-26,US,Alaska,Juneau,75,2,0,58.45031811,-134.200436,2110.0,234.56558453743668,2.6666666666666665,73,73,2,0,71,72,32113,2,0,0,2,1
2020-07-26,US,Alaska,Kenai Peninsula,272,2,0,60.24429722,-151.53888840000005,2122.0,463.3099407235812,0.7352941176470589,270,270,2,0,268,262,58533,2,0,0,2,8
2020-07-26,US,Alaska,Ketchikan Gateway,33,0,0,55.57445008,-130.975561,2130.0,237.39299330983383,0.0,33,32,0,0,32,32,13918,1,0,0,1,0
2020-07-26,US,Alaska,Kodiak Island,5,0,0,57.65529415,-153.7493579,2150.0,38.46745653177412,0.0,5,5,0,0,5,5,13345,0,0,0,0,0
2020-07-26,US,Alaska,Kusilvak,3,0,0,62.15429159999999,-163.39678830000003,2158.0,36.0837142169834,0.0,3,3,0,0,3,3,8303,0,0,0,0,0
2020-07-26,US,Alaska,Matanuska-Susitna,227,2,0,62.31305045,-149.5741743,2170.0,209.5700582549369,0.8810572687224669,225,223,2,0,221,213,107610,4,0,0,4,10
2020-07-26,US,Alaska,Nome,17,0,0,64.90320724,-164.0353804,2180.0,169.93202718912434,0.0,17,17,0,0,17,17,10008,0,0,0,0,0
2020-07-26,US,Alaska,North Slope,8,0,0,69.31479216,-153.4836093,2185.0,81.36696501220504,0.0,8,8,0,0,8,8,9872,0,0,0,0,0
2020-07-26,US,Alaska,Northwest Arctic,14,0,0,67.04919196,-159.7503946,2188.0,183.70292612518043,0.0,14,14,0,0,14,10,7671,0,0,0,0,4
2020-07-26,US,Alaska,Petersburg,6,1,0,57.13978948,-132.9540995,2195.0,183.71096142069808,16.666666666666668,5,6,1,0,5,6,3221,0,0,0,0,0
2020-07-26,US,Alaska,Prince of Wales-Hyder,3,0,0,55.76261984,-133.0511621,2198.0,48.363694986296956,0.0,3,2,0,0,2,2,6422,1,0,0,1,0
2020-07-26,US,Alaska,Sitka,19,0,0,57.24124555,-135.3206587,2220.0,223.71364653243847,0.0,19,18,0,0,18,18,8647,1,0,0,1,0
2020-07-26,US,Alaska,Southeast Fairbanks,13,0,0,63.87692095,-143.2127643,2240.0,188.59712752067315,0.0,13,13,0,0,13,13,6918,0,0,0,0,0
2020-07-26,US,Alaska,Valdez-Cordova,39,0,0,61.47502768,-144.7126799,2261.0,423.82090849815256,0.0,39,39,0,0,39,35,9164,0,0,0,0,4
2020-07-26,US,Alaska,Wrangell,5,0,0,56.3202004,-132.05837309999998,2275.0,199.84012789768192,0.0,5,3,0,0,3,3,2503,2,0,0,2,0
2020-07-26,US,Alaska,Yakutat,3,0,0,59.890980799999994,-140.36014509999998,2282.0,518.1347150259069,0.0,3,1,0,0,1,1,604,2,0,0,2,0
2020-07-26,US,Alaska,Yukon-Koyukuk,42,0,0,65.50815459,-151.39073869999999,2290.0,803.0592734225621,0.0,42,41,0,0,41,38,5327,1,0,0,1,3
2020-07-26,US,Arizona,Apache,2920,128,0,35.39465006,-109.4892383,4001.0,4061.9305298593627,4.383561643835616,2792,2908,128,0,2780,2870,71818,12,0,0,12,38
2020-07-26,US,Arizona,Cochise,1388,42,0,31.87934684,-109.7516088,4003.0,1102.2696589952513,3.0259365994236314,1346,1363,43,0,1320,1319,126770,25,-1,0,26,44
2020-07-26,US,Arizona,Coconino,2858,112,0,35.83883429,-111.77071780000001,4005.0,1991.9707825699072,3.918824352694192,2746,2849,112,0,2737,2821,142854,9,0,0,9,28
2020-07-26,US,Arizona,Gila,714,21,0,33.80190085,-110.8132779,4007.0,1321.7816283461068,2.9411764705882355,693,686,21,0,665,644,53889,28,0,0,28,42
2020-07-26,US,Arizona,Graham,366,6,0,32.93166885,-109.8882178,4009.0,942.4002883847876,1.639344262295082,360,362,6,0,356,353,38072,4,0,0,4,9
2020-07-26,US,Arizona,Greenlee,48,1,0,33.21498827,-109.2405279,4011.0,505.3695514845232,2.083333333333333,47,40,1,0,39,40,9483,8,0,0,8,0
2020-07-26,US,Arizona,La Paz,463,9,0,33.72854224,-113.98100290000001,4012.0,2193.481144589729,1.9438444924406049,454,462,9,0,453,457,21098,1,0,0,1,5
2020-07-26,US,Arizona,Maricopa,108677,1808,0,33.34835867,-112.49181540000001,4013.0,2422.8978640544665,1.6636454815646364,106869,107291,1793,0,105498,104613,4410824,1386,15,0,1371,2678
2020-07-26,US,Arizona,Mohave,2698,135,0,35.70471703,-113.7577902,4015.0,1271.5558886045405,5.003706449221646,2563,2681,134,0,2547,2602,209550,17,1,0,16,79
2020-07-26,US,Arizona,Navajo,5078,177,0,35.3997715,-110.3218983,4017.0,4577.909199091269,3.485624261520284,4901,5049,177,0,4872,5028,110445,29,0,0,29,21
2020-07-26,US,Arizona,Pima,14963,418,0,32.0971334,-111.7890033,4019.0,1428.7501229376314,2.793557441689501,14545,14800,417,0,14383,14428,1039073,163,1,0,162,372
2020-07-26,US,Arizona,Pinal,7468,123,0,32.90525627,-111.3449483,4021.0,1613.6943617933875,1.647027316550616,7345,7378,122,0,7256,7214,447138,90,1,0,89,164
2020-07-26,US,Arizona,Santa Cruz,2517,49,0,31.52508998,-110.8479088,4023.0,5413.136048862317,1.9467620182757253,2468,2495,49,0,2446,2452,46511,22,0,0,22,43
2020-07-26,US,Arizona,Yavapai,1567,55,0,34.59933926,-112.5538588,4025.0,666.527718110243,3.509891512444161,1512,1539,54,0,1485,1522,231993,28,1,0,27,17
2020-07-26,US,Arizona,Yuma,10289,221,0,32.76895712,-113.90666740000002,4027.0,4812.734169991627,2.1479249684128683,10068,10138,220,0,9918,9930,212128,151,1,0,150,208
2020-07-26,US,Arkansas,Arkansas,168,1,0,34.29145151,-91.37277296,5001.0,960.7686148919136,0.5952380952380952,167,168,1,0,167,164,17769,0,0,0,0,4
2020-07-26,US,Arkansas,Ashley,180,4,0,33.19153461,-91.7698471,5003.0,915.7043292465787,2.2222222222222223,176,172,4,0,168,164,20046,8,0,0,8,8
2020-07-26,US,Arkansas,Baxter,55,0,0,36.28784385,-92.33782872,5005.0,131.1647429171039,0.0,55,55,0,0,55,52,41619,0,0,0,0,3
2020-07-26,US,Arkansas,Benton,4209,32,0,36.33644656,-94.25680817,5007.0,1507.8401238083982,0.7602755999049655,4177,4156,31,0,4125,4126,272608,53,1,0,52,30
2020-07-26,US,Arkansas,Boone,108,1,0,36.3084504,-93.09374925,5009.0,288.5231887155375,0.925925925925926,107,106,1,0,105,104,37480,2,0,0,2,2
2020-07-26,US,Arkansas,Bradley,114,2,0,33.46755808,-92.15980837,5011.0,1059.1842423116232,1.7543859649122806,112,114,2,0,112,112,10897,0,0,0,0,2
2020-07-26,US,Arkansas,Calhoun,10,0,0,33.55598792,-92.49974403,5013.0,192.71535941414533,0.0,10,10,0,0,10,8,5277,0,0,0,0,2
2020-07-26,US,Arkansas,Carroll,322,6,0,36.34038560000001,-93.54270261,5015.0,1134.6018322762511,1.8633540372670807,316,314,6,0,308,309,28223,8,0,0,8,5
2020-07-26,US,Arkansas,Chicot,306,4,0,33.26458973,-91.29539209,5017.0,3024.313105356789,1.30718954248366,302,292,3,0,289,284,10438,14,1,0,13,8
2020-07-26,US,Arkansas,Clark,132,0,0,34.04613432,-93.17484713,5019.0,591.3978494623657,0.0,132,129,0,0,129,125,22061,3,0,0,3,4
2020-07-26,US,Arkansas,Clay,104,4,0,36.36826212,-90.4148172,5021.0,714.7275101367602,3.8461538461538463,100,102,4,0,98,101,14847,2,0,0,2,1
2020-07-26,US,Arkansas,Cleburne,174,5,0,35.53864922,-92.02640019,5023.0,698.2623700790563,2.8735632183908044,169,173,5,0,168,167,24965,1,0,0,1,6
2020-07-26,US,Arkansas,Cleveland,57,1,0,33.89723187,-92.18537045,5025.0,716.4404223227752,1.7543859649122806,56,55,1,0,54,55,8018,2,0,0,2,0
2020-07-26,US,Arkansas,Columbia,166,5,0,33.21230701,-93.22642793,5027.0,707.6778786716119,3.0120481927710845,161,162,5,0,157,158,23537,4,0,0,4,4
2020-07-26,US,Arkansas,Conway,122,3,0,35.26205537,-92.70506566,5029.0,585.2441715437014,2.459016393442623,119,121,3,0,118,119,20891,1,0,0,1,2
2020-07-26,US,Arkansas,Craighead,945,8,0,35.83018283,-90.63235729,5031.0,856.5058188014357,0.8465608465608465,937,931,8,0,923,895,108558,14,0,0,14,36
2020-07-26,US,Arkansas,Crawford,447,3,0,35.58928601,-94.2446814,5033.0,706.6411622429138,0.6711409395973155,444,438,3,0,435,429,63406,9,0,0,9,9
2020-07-26,US,Arkansas,Crittenden,1090,16,0,35.21247318,-90.30839406,5035.0,2272.964237305808,1.4678899082568808,1074,1072,16,0,1056,1058,48342,18,0,0,18,14
2020-07-26,US,Arkansas,Cross,150,1,0,35.29631396,-90.77185818,5037.0,913.5757354284668,0.6666666666666666,149,147,1,0,146,137,16676,3,0,0,3,10
2020-07-26,US,Arkansas,Dallas,32,0,0,33.97042763,-92.65167437,5039.0,456.55585675559996,0.0,32,29,0,0,29,26,7182,3,0,0,3,3
2020-07-26,US,Arkansas,Desha,128,1,0,33.83011025,-91.25500948,5041.0,1126.6613854414225,0.78125,127,125,1,0,124,125,11512,3,0,0,3,0
2020-07-26,US,Arkansas,Drew,139,2,0,33.59035001,-91.71777921,5043.0,762.9397881332675,1.4388489208633093,137,129,2,0,127,126,18328,10,0,0,10,3
2020-07-26,US,Arkansas,Faulkner,1063,4,0,35.14719007,-92.33717519,5045.0,843.6039267659734,0.3762935089369708,1059,1046,4,0,1042,1013,124806,17,0,0,17,33
2020-07-26,US,Arkansas,Franklin,78,1,0,35.51202821,-93.89299569,5047.0,440.3048264182896,1.2820512820512822,77,66,1,0,65,63,17810,12,0,0,12,3
2020-07-26,US,Arkansas,Fulton,23,0,0,36.38177105,-91.81729127,5049.0,184.3391840987417,0.0,23,23,0,0,23,22,12269,0,0,0,0,1
2020-07-26,US,Arkansas,Garland,652,5,0,34.57692074,-93.14921604,5051.0,656.0280119936409,0.7668711656441718,647,642,5,0,637,604,99154,10,0,0,10,38
2020-07-26,US,Arkansas,Grant,113,0,0,34.29017991,-92.42320562,5053.0,618.6695866411169,0.0,113,111,0,0,111,100,18188,2,0,0,2,11
2020-07-26,US,Arkansas,Greene,228,1,0,36.11735460000001,-90.55832668,5055.0,503.0336458907888,0.43859649122807015,227,216,1,0,215,211,45325,12,0,0,12,5
2020-07-26,US,Arkansas,Hempstead,167,2,0,33.73325583,-93.66935133,5057.0,775.5898198030839,1.1976047904191616,165,163,2,0,161,159,21741,4,0,0,4,4
2020-07-26,US,Arkansas,Hot Spring,1397,4,0,34.31709259,-92.95396325,5059.0,4136.685321725741,0.2863278453829635,1393,1392,4,0,1388,1382,33701,5,0,0,5,10
2020-07-26,US,Arkansas,Howard,236,2,0,34.09007427,-93.9934871,5061.0,1787.6079381911832,0.8474576271186439,234,228,2,0,226,222,13341,8,0,0,8,6
2020-07-26,US,Arkansas,Independence,210,0,0,35.74242707,-91.57001641,5063.0,555.1883674818242,0.0,210,187,0,0,187,181,37678,23,0,0,23,6
2020-07-26,US,Arkansas,Izard,34,1,0,36.09604046,-91.90847954,5065.0,249.4680460782156,2.9411764705882355,33,34,1,0,33,31,13593,0,0,0,0,3
2020-07-26,US,Arkansas,Jackson,52,1,0,35.59802983,-91.21494602,5067.0,311.0233865661822,1.9230769230769231,51,52,1,0,51,48,16811,0,0,0,0,4
2020-07-26,US,Arkansas,Jefferson,1171,34,0,34.26767081,-91.92619839,5069.0,1752.3644199688736,2.9035012809564478,1137,1146,34,0,1112,1133,68114,25,0,0,25,13
2020-07-26,US,Arkansas,Johnson,574,0,0,35.56759135,-93.46036368,5071.0,2159.6809391225825,0.0,574,560,0,0,560,554,26742,14,0,0,14,6
2020-07-26,US,Arkansas,Lafayette,46,2,0,33.24116713,-93.60677071,5073.0,694.4444444444445,4.3478260869565215,44,45,2,0,43,43,6682,1,0,0,1,2
2020-07-26,US,Arkansas,Lawrence,157,9,0,36.04188196,-91.10867198,5075.0,956.9669633061077,5.732484076433121,148,155,9,0,146,152,16434,2,0,0,2,3
2020-07-26,US,Arkansas,Lee,876,6,0,34.78498904,-90.78383866,5077.0,9890.482104550074,0.6849315068493149,870,871,6,0,865,869,8985,5,0,0,5,2
2020-07-26,US,Arkansas,Lincoln,1148,11,0,33.95317155,-91.74002806,5079.0,8814.496314496315,0.9581881533101044,1137,1143,11,0,1132,1141,13383,5,0,0,5,2
2020-07-26,US,Arkansas,Little River,80,1,0,33.70375665,-94.23468591,5081.0,652.5817766538869,1.25,79,78,1,0,77,77,12326,2,0,0,2,1
2020-07-26,US,Arkansas,Logan,122,0,0,35.21413234,-93.71951016,5083.0,568.3406316966367,0.0,122,120,0,0,120,118,21737,2,0,0,2,2
2020-07-26,US,Arkansas,Lonoke,345,2,0,34.75392199,-91.88742357,5085.0,470.61070264224037,0.5797101449275363,343,333,2,0,331,324,73657,12,0,0,12,9
2020-07-26,US,Arkansas,Madison,245,1,0,36.01038185,-93.72524943,5087.0,1478.0405405405404,0.4081632653061225,244,245,1,0,244,242,16481,0,0,0,0,3
2020-07-26,US,Arkansas,Marion,18,0,0,36.26844485,-92.68451899,5089.0,107.82317000119805,0.0,18,18,0,0,18,18,16722,0,0,0,0,0
2020-07-26,US,Arkansas,Miller,416,3,0,33.31403423,-93.89285258,5091.0,961.69406107682,0.7211538461538461,413,403,3,0,400,385,43592,13,0,0,13,18
2020-07-26,US,Arkansas,Mississippi,539,8,0,35.76271485,-90.05194370000002,5093.0,1325.9206415586332,1.4842300556586268,531,535,8,0,527,523,41239,4,0,0,4,12
2020-07-26,US,Arkansas,Monroe,43,0,0,34.6815935,-91.20540287,5095.0,641.6952693627818,0.0,43,41,0,0,41,38,6900,2,0,0,2,3
2020-07-26,US,Arkansas,Montgomery,19,0,0,34.53704874,-93.65824478,5097.0,211.4400178054752,0.0,19,19,0,0,19,19,8924,0,0,0,0,0
2020-07-26,US,Arkansas,Nevada,124,8,0,33.66340119,-93.30632432,5099.0,1502.666020358701,6.451612903225807,116,123,8,0,115,119,8326,1,0,0,1,4
2020-07-26,US,Arkansas,Newton,84,0,0,35.91947491,-93.21612969,5101.0,1083.4515671353024,0.0,84,83,0,0,83,73,7805,1,0,0,1,10
2020-07-26,US,Arkansas,Ouachita,64,1,0,33.58839816,-92.87795984,5103.0,273.714823368403,1.5625,63,61,1,0,60,59,23606,3,0,0,3,2
2020-07-26,US,Arkansas,Perry,42,0,0,34.9459153,-92.94372564,5105.0,401.7216642754663,0.0,42,41,0,0,41,41,10352,1,0,0,1,0
2020-07-26,US,Arkansas,Phillips,250,6,0,34.43268455,-90.84800154,5107.0,1405.9160949274549,2.4,244,242,6,0,236,230,18029,8,0,0,8,12
2020-07-26,US,Arkansas,Pike,57,0,0,34.16250414,-93.65789349,5109.0,531.8156372457548,0.0,57,55,0,0,55,49,10673,2,0,0,2,6
2020-07-26,US,Arkansas,Poinsett,119,3,0,35.57433534,-90.66268713,5111.0,505.78034682080926,2.5210084033613445,116,117,3,0,114,112,23974,2,0,0,2,5
2020-07-26,US,Arkansas,Polk,120,0,0,34.48254879,-94.22728802,5113.0,601.0819475055099,0.0,120,120,0,0,120,111,20049,0,0,0,0,9
2020-07-26,US,Arkansas,Pope,1045,6,0,35.44871474,-93.03212219,5115.0,1630.9776501435886,0.5741626794258373,1039,1021,6,0,1015,1004,64000,24,0,0,24,17
2020-07-26,US,Arkansas,Prairie,56,0,0,34.83624419,-91.55162157,5117.0,694.61672041677,0.0,56,56,0,0,56,56,8074,0,0,0,0,0
2020-07-26,US,Arkansas,Pulaski,4346,71,0,34.77054088,-92.31355101,5119.0,1108.925240679644,1.6336861481822365,4275,4297,71,0,4226,4183,392680,49,0,0,49,114
2020-07-26,US,Arkansas,Randolph,137,2,0,36.3415714,-91.02455531,5121.0,762.8911905557412,1.45985401459854,135,136,2,0,134,133,17948,1,0,0,1,3
2020-07-26,US,Arkansas,Saline,741,3,0,34.64916145,-92.67583224,5125.0,605.2092096343425,0.4048582995951417,738,733,3,0,730,701,121421,8,0,0,8,32
2020-07-26,US,Arkansas,Scott,31,0,0,34.85588887,-94.0632176,5127.0,301.52708880459096,0.0,31,30,0,0,30,26,10319,1,0,0,1,4
2020-07-26,US,Arkansas,Searcy,22,0,0,35.9109364,-92.69936482,5129.0,279.1523918284482,0.0,22,22,0,0,22,22,7958,0,0,0,0,0
2020-07-26,US,Arkansas,Sebastian,1402,13,0,35.19605503,-94.27162713,5131.0,1096.7948868392436,0.927246790299572,1389,1354,13,0,1341,1318,127753,48,0,0,48,36
2020-07-26,US,Arkansas,Sevier,900,9,0,33.99780401,-94.2424869,5133.0,5291.938613512083,1.0,891,896,9,0,887,893,17139,4,0,0,4,3
2020-07-26,US,Arkansas,Sharp,92,5,0,36.16258158,-91.47819342,5135.0,527.462446967091,5.434782608695652,87,89,5,0,84,89,17366,3,0,0,3,0
2020-07-26,US,Arkansas,St. Francis,1067,3,0,35.02201976,-90.74828138,5123.0,4269.024565895815,0.28116213683223995,1064,1050,3,0,1047,998,25439,17,0,0,17,52
2020-07-26,US,Arkansas,Stone,43,1,0,35.86251946,-92.15684085,5137.0,343.83495921957467,2.3255813953488373,42,42,1,0,41,40,12457,1,0,0,1,2
2020-07-26,US,Arkansas,Unassigned,1400,0,0,0.0,0.0,90005.0,0.0,0.0,1400,1381,0,0,1381,1398,,19,0,0,19,-17
2020-07-26,US,Arkansas,Union,369,15,0,33.16887091,-92.59746952,5139.0,953.932061423918,4.0650406504065035,354,361,15,0,346,350,39126,8,0,0,8,11
2020-07-26,US,Arkansas,Van Buren,43,2,0,35.58095779,-92.51295036,5141.0,259.8972499244485,4.651162790697675,41,43,2,0,41,42,16603,0,0,0,0,1
2020-07-26,US,Arkansas,Washington,5662,40,0,35.976844,-94.21800746,5143.0,2367.185507573572,0.7064641469445425,5622,5576,40,0,5536,5536,236961,86,0,0,86,40
2020-07-26,US,Arkansas,White,220,2,0,35.25688493,-91.74908296,5145.0,279.3544372912778,0.9090909090909092,218,212,2,0,210,189,78727,8,0,0,8,23
2020-07-26,US,Arkansas,Woodruff,17,0,0,35.18902527,-91.2439489,5147.0,268.9873417721519,0.0,17,17,0,0,17,17,6490,0,0,0,0,0
2020-07-26,US,Arkansas,Yell,960,14,0,35.00292371,-93.41171338,5149.0,4498.3833934679715,1.4583333333333333,946,951,14,0,937,944,21535,9,0,0,9,7
2020-07-26,US,California,Alameda,10330,178,0,37.64629437,-121.8929271,6001.0,618.0710081617683,1.7231364956437558,10152,10330,178,0,10152,10214,1666753,0,0,0,0,116
2020-07-26,US,California,Alpine,2,0,0,38.59678594,-119.82235940000001,6003.0,177.14791851195747,0.0,2,2,0,0,2,2,1101,0,0,0,0,0
2020-07-26,US,California,Amador,76,0,0,38.44583082,-120.65696000000001,6005.0,191.1853491648219,0.0,76,71,0,0,71,71,39383,5,0,0,5,0
2020-07-26,US,California,Butte,758,5,0,39.66727762,-121.6005252,6007.0,345.82500707161955,0.6596306068601583,753,758,5,0,753,758,231256,0,0,0,0,0
2020-07-26,US,California,Calaveras,99,1,0,38.20537103,-120.55291299999999,6009.0,215.6627818320445,1.0101010101010102,98,99,1,0,98,99,45602,0,0,0,0,0
2020-07-26,US,California,Colusa,263,2,0,39.17881957,-122.2331726,6011.0,1220.5875527915719,0.7604562737642585,261,263,2,0,261,263,21627,0,0,0,0,0
2020-07-26,US,California,Contra Costa,6933,104,0,37.91923498,-121.9289527,6013.0,601.0267648930324,1.5000721188518682,6829,6770,104,0,6666,6627,1150215,163,0,0,163,143
2020-07-26,US,California,Del Norte,87,0,0,41.74228275,-123.89740630000001,6015.0,312.81461239752633,0.0,87,87,0,0,87,87,27828,0,0,0,0,0
2020-07-26,US,California,El Dorado,513,1,0,38.77965956,-120.5233166,6017.0,266.01950809726054,0.1949317738791423,512,513,1,0,512,513,190678,0,0,0,0,0
2020-07-26,US,California,Fresno,12564,112,0,36.75733899,-119.6466953,6019.0,1257.5305199374236,0.8914358484559057,12452,12564,112,0,12452,12148,994400,0,0,0,0,416
2020-07-26,US,California,Glenn,265,1,0,39.59875897,-122.3938452,6021.0,933.3286373401896,0.37735849056603776,264,265,1,0,264,265,28047,0,0,0,0,0
2020-07-26,US,California,Humboldt,205,4,0,40.69923009,-123.876044,6023.0,151.22678115640537,1.951219512195122,201,205,4,0,201,203,136373,0,0,0,0,2
2020-07-26,US,California,Imperial,9067,181,0,33.0393082,-115.36690420000001,6025.0,5003.448941864636,1.9962501378625783,8886,9067,181,0,8886,8967,181827,0,0,0,0,100
2020-07-26,US,California,Inyo,40,1,0,36.51112084,-117.41119779999998,6027.0,221.741781695216,2.5,39,44,1,0,43,44,17987,-4,0,0,-4,0
2020-07-26,US,California,Kern,14651,123,0,35.34329425,-118.72777959999999,6029.0,1627.5236002586087,0.8395331376697837,14528,14192,123,0,14069,13360,896764,459,0,0,459,832
2020-07-26,US,California,Kings,3813,47,0,36.07409056,-119.8159973,6031.0,2493.1345625735585,1.2326252294781013,3766,3772,46,0,3726,3696,151366,41,1,0,40,76
2020-07-26,US,California,Lake,168,1,0,39.10124298,-122.75362439999999,6033.0,260.9262883235486,0.5952380952380952,167,168,1,0,167,168,64382,0,0,0,0,0
2020-07-26,US,California,Lassen,555,0,0,40.67311306,-120.59350990000002,6035.0,1815.327249533903,0.0,555,555,0,0,555,555,30802,0,0,0,0,0
2020-07-26,US,California,Los Angeles,174017,4360,0,34.30828379,-118.22824109999999,6037.0,1733.3912269288494,2.505502335978669,169657,172325,4351,0,167974,168935,10105518,1692,9,0,1683,3390
2020-07-26,US,California,Madera,1630,19,0,37.21513971,-119.76655890000002,6039.0,1036.0586549034813,1.1656441717791408,1611,1630,19,0,1611,1630,157672,0,0,0,0,0
2020-07-26,US,California,Marin,4624,55,0,38.07122463,-122.72106310000001,6041.0,1786.5284013198057,1.189446366782007,4569,4624,55,0,4569,4611,259666,0,0,0,0,13
2020-07-26,US,California,Mariposa,46,1,0,37.57978556,-119.9073334,6043.0,267.39522176364585,2.1739130434782608,45,46,1,0,45,44,17471,0,0,0,0,2
2020-07-26,US,California,Mendocino,257,6,0,39.4381191,-123.39113130000001,6045.0,296.25701737195817,2.3346303501945527,251,249,5,0,244,234,87606,8,1,0,7,15
2020-07-26,US,California,Merced,3245,27,0,37.18922369,-120.72090349999999,6047.0,1168.611351195621,0.8320493066255779,3218,3245,27,0,3218,3245,274765,0,0,0,0,0
2020-07-26,US,California,Mono,112,1,0,37.93899289,-118.8872409,6051.0,775.4084741068956,0.8928571428571429,111,111,1,0,110,104,14250,1,0,0,1,7
2020-07-26,US,California,Monterey,4002,23,0,36.21862405,-121.24133970000001,6053.0,921.9902271800509,0.5747126436781609,3979,3953,22,0,3931,3865,435594,49,1,0,48,88
2020-07-26,US,California,Napa,737,8,0,38.50735751,-122.33283899999999,6055.0,535.0505285166686,1.0854816824966078,729,737,8,0,729,737,139417,0,0,0,0,0
2020-07-26,US,California,Nevada,255,1,0,39.30394768,-120.76272809999999,6057.0,255.6262843967721,0.392156862745098,254,255,1,0,254,255,99696,0,0,0,0,0
2020-07-26,US,California,Orange,34373,564,0,33.70147516,-117.76459979999998,6059.0,1082.378265902361,1.640822738777529,33809,33953,562,0,33391,33358,3185968,420,2,0,418,595
2020-07-26,US,California,Placer,1605,14,0,39.06167234,-120.72405690000001,6061.0,402.9332536671946,0.8722741433021807,1591,1605,14,0,1591,1559,393149,0,0,0,0,46
2020-07-26,US,California,Plumas,28,0,0,40.00355989,-120.8395236,6063.0,148.88073589620885,0.0,28,28,0,0,28,28,18804,0,0,0,0,0
2020-07-26,US,California,Riverside,33467,637,0,33.74314981,-115.9933578,6065.0,1354.6398245570008,1.9033674963396776,32830,33467,637,0,32830,33467,2450758,0,0,0,0,0
2020-07-26,US,California,Sacramento,8903,108,0,38.45106826,-121.34253740000001,6067.0,573.6254701821711,1.2130742446366394,8795,8554,103,0,8451,8554,1540975,349,5,0,344,0
2020-07-26,US,California,San Benito,536,2,0,36.60308176,-121.069975,6069.0,853.3944720417783,0.373134328358209,534,525,2,0,523,521,61537,11,0,0,11,4
2020-07-26,US,California,San Bernardino,27992,383,0,34.84060306,-116.1774685,6071.0,1283.986633548692,1.3682480708773936,27609,26796,372,0,26424,26796,2171603,1196,11,0,1185,0
2020-07-26,US,California,San Diego,26701,533,0,33.03484597,-116.73653259999999,6073.0,799.8310532511763,1.9961799183551177,26168,26098,524,0,25574,26098,3343364,603,9,0,594,0
2020-07-26,US,California,San Francisco,5932,56,0,37.75215114,-122.43856720000001,6075.0,672.9064408217807,0.9440323668240054,5876,5787,56,0,5731,5679,883305,145,0,0,145,108
2020-07-26,US,California,San Joaquin,10126,110,0,37.93433732,-121.2730061,6077.0,1328.613340191144,1.0863124629666203,10016,10126,110,0,10016,10126,752660,0,0,0,0,0
2020-07-26,US,California,San Luis Obispo,1500,8,0,35.38822029,-120.4039028,6079.0,529.8275234801897,0.5333333333333333,1492,1500,8,0,1492,1500,284010,0,0,0,0,0
2020-07-26,US,California,San Mateo,5022,117,0,37.422880799999994,-122.32755459999998,6081.0,655.1235172645006,2.3297491039426523,4905,5022,117,0,4905,4957,769545,0,0,0,0,65
2020-07-26,US,California,Santa Barbara,5576,32,0,34.65329488,-120.0188492,6083.0,1248.8269850548375,0.5738880918220947,5544,5576,32,0,5544,5576,446527,0,0,0,0,0
2020-07-26,US,California,Santa Clara,9041,184,0,37.23104908,-121.6970462,6085.0,468.96753485226037,2.035173100320761,8857,8833,184,0,8649,8719,1937570,208,0,0,208,114
2020-07-26,US,California,Santa Cruz,907,4,0,37.05580291,-122.0066524,6087.0,331.9754184464136,0.4410143329658214,903,898,4,0,894,885,274255,9,0,0,9,13
2020-07-26,US,California,Shasta,291,8,0,40.76391419,-122.0396884,6089.0,161.59484673478454,2.7491408934707904,283,291,8,0,283,291,180040,0,0,0,0,0
2020-07-26,US,California,Sierra,1,0,0,39.57713498,-120.52007009999998,6091.0,33.277870216306155,0.0,1,1,0,0,1,1,2987,0,0,0,0,0
2020-07-26,US,California,Siskiyou,61,0,0,41.59198861,-122.54074340000001,6093.0,140.10427432876273,0.0,61,61,0,0,61,60,43724,0,0,0,0,1
2020-07-26,US,California,Solano,3129,35,0,38.26827353,-121.9357113,6095.0,698.9945112511533,1.1185682326621924,3094,3129,35,0,3094,3129,446610,0,0,0,0,0
2020-07-26,US,California,Sonoma,2599,24,0,38.52746429,-122.88625060000001,6097.0,525.755761263594,0.923432089265102,2575,2466,24,0,2442,2404,499942,133,0,0,133,62
2020-07-26,US,California,Stanislaus,7861,87,0,37.55862499,-120.9970722,6099.0,1427.5596556859039,1.106729423737438,7774,7603,86,0,7517,7603,549815,258,1,0,257,0
2020-07-26,US,California,Sutter,637,4,0,39.03417539,-121.6945899,6101.0,656.8974229408793,0.6279434850863422,633,615,4,0,611,601,96807,22,0,0,22,14
2020-07-26,US,California,Tehama,189,1,0,40.12570935,-122.23701709999999,6103.0,290.39395243070487,0.5291005291005291,188,189,1,0,188,189,63916,0,0,0,0,0
2020-07-26,US,California,Trinity,3,0,0,40.64917670000001,-123.114713,6105.0,24.420024420024422,0.0,3,3,0,0,3,3,12535,0,0,0,0,0
2020-07-26,US,California,Tulare,8210,168,0,36.22026558,-118.8020203,6107.0,1761.0656484947283,2.0462850182704018,8042,8210,168,0,8042,8210,465861,0,0,0,0,0
2020-07-26,US,California,Tuolumne,126,0,0,38.02644018,-119.95250929999999,6109.0,231.28602371599544,0.0,126,126,0,0,126,126,54539,0,0,0,0,0
2020-07-26,US,California,Ventura,6392,67,0,34.44465746,-119.09106129999999,6111.0,755.5501970435197,1.0481852315394242,6325,6392,67,0,6325,6392,850967,0,0,0,0,0
2020-07-26,US,California,Yolo,1394,37,0,38.68278902,-121.90182879999999,6113.0,632.1995464852607,2.654232424677188,1357,1342,37,0,1305,1315,220408,52,0,0,52,27
2020-07-26,US,California,Yuba,372,3,0,39.26255932,-121.35356440000001,6115.0,472.8733411298114,0.8064516129032258,369,356,3,0,353,338,78041,16,0,0,16,18
2020-07-26,US,Colorado,Adams,5587,167,0,39.87432092,-104.3362578,8001.0,1079.7783623007183,2.989081797028817,5420,5535,167,0,5368,5433,511868,52,0,0,52,102
2020-07-26,US,Colorado,Alamosa,219,7,0,37.57250606,-105.7885451,8003.0,1349.103677693587,3.1963470319634704,212,219,7,0,212,219,16683,0,0,0,0,0
2020-07-26,US,Colorado,Arapahoe,6541,360,0,39.64977461,-104.3353617,8005.0,996.20767906913,5.503745604647607,6181,6470,360,0,6110,6373,651215,71,0,0,71,97
2020-07-26,US,Colorado,Archuleta,27,0,0,37.19474156,-107.0476867,8007.0,192.45847886520767,0.0,27,25,0,0,25,24,13765,2,0,0,2,1
2020-07-26,US,Colorado,Baca,14,0,0,37.31940883,-102.5603223,8009.0,390.9522479754258,0.0,14,14,0,0,14,14,3585,0,0,0,0,0
2020-07-26,US,Colorado,Bent,5,0,0,37.95474293,-103.0720195,8011.0,89.65393580778195,0.0,5,5,0,0,5,5,5882,0,0,0,0,0
2020-07-26,US,Colorado,Boulder,1772,74,0,40.09313619,-105.3546767,8013.0,543.2316766606581,4.176072234762978,1698,1751,74,0,1677,1721,326078,21,0,0,21,30
2020-07-26,US,Colorado,Broomfield,382,32,0,39.95998787,-105.0566324,8014.0,542.1131057972043,8.37696335078534,350,378,32,0,346,376,69267,4,0,0,4,2
2020-07-26,US,Colorado,Chaffee,277,19,0,38.74745778,-106.19265729999998,8015.0,1360.7781489487131,6.859205776173285,258,243,19,0,224,224,20027,34,0,0,34,19
2020-07-26,US,Colorado,Cheyenne,8,0,0,38.82777431,-102.6032558,8017.0,436.9197160021846,0.0,8,7,0,0,7,7,1876,1,0,0,1,0
2020-07-26,US,Colorado,Clear Creek,26,1,0,39.68864463,-105.6463118,8019.0,268.0412371134021,3.8461538461538463,25,25,1,0,24,24,9605,1,0,0,1,1
2020-07-26,US,Colorado,Conejos,21,0,0,37.201606,-106.19174879999998,8021.0,255.94149908592323,0.0,21,22,0,0,22,22,8200,-1,0,0,-1,0
2020-07-26,US,Colorado,Costilla,22,0,0,37.27732493,-105.4276548,8023.0,565.9891947517366,0.0,22,22,0,0,22,22,3828,0,0,0,0,0
2020-07-26,US,Colorado,Crowley,72,1,0,38.32608609,-103.7844965,8025.0,1187.922785018974,1.3888888888888888,71,72,1,0,71,72,5858,0,0,0,0,0
2020-07-26,US,Colorado,Custer,10,0,0,38.10883162,-105.3683478,8027.0,197.3164956590371,0.0,10,10,0,0,10,10,4954,0,0,0,0,0
2020-07-26,US,Colorado,Delta,97,1,0,38.86246243,-107.8631342,8029.0,311.2765547782556,1.0309278350515465,96,98,1,0,97,94,30953,-1,0,0,-1,4
2020-07-26,US,Colorado,Denver,9205,405,0,39.76018276,-104.8725695,8031.0,1265.7949343450525,4.399782726778924,8800,9101,405,0,8696,8939,716492,104,0,0,104,162
2020-07-26,US,Colorado,Dolores,1,0,0,37.75208676,-108.5211585,8033.0,48.661800486618006,0.0,1,1,0,0,1,2,2074,0,0,0,0,-1
2020-07-26,US,Colorado,Douglas,1519,56,0,39.33133796,-104.930001,8035.0,432.5737425744831,3.6866359447004617,1463,1494,56,0,1438,1462,342776,25,0,0,25,32
2020-07-26,US,Colorado,Eagle,964,9,0,39.62754308,-106.6933637,8037.0,1748.6893899541062,0.933609958506224,955,944,9,0,935,926,54993,20,0,0,20,18
2020-07-26,US,Colorado,El Paso,4128,125,0,38.83240149,-104.5251411,8041.0,573.0126054444528,3.0281007751937983,4003,4033,125,0,3908,3928,713856,95,0,0,95,105
2020-07-26,US,Colorado,Elbert,77,2,0,39.28656773,-104.1358721,8039.0,288.07662089864937,2.5974025974025974,75,77,2,0,75,76,26282,0,0,0,0,1
2020-07-26,US,Colorado,Fremont,91,0,0,38.47362326,-105.4399667,8043.0,190.2213675035013,0.0,91,87,0,0,87,85,48021,4,0,0,4,2
2020-07-26,US,Colorado,Garfield,624,4,0,39.59921777,-107.902708,8045.0,1038.943740530461,0.6410256410256411,620,612,4,0,608,591,59770,12,0,0,12,21
2020-07-26,US,Colorado,Gilpin,13,0,0,39.85646523,-105.5252597,8047.0,208.23322120775268,0.0,13,13,0,0,13,13,6121,0,0,0,0,0
2020-07-26,US,Colorado,Grand,39,1,0,40.10603347,-106.1178042,8049.0,247.8708529299606,2.5641025641025643,38,40,1,0,39,39,15525,-1,0,0,-1,1
2020-07-26,US,Colorado,Gunnison,219,6,0,38.66611652,-107.0320729,8051.0,1254.1518726377276,2.7397260273972597,213,216,6,0,210,216,17246,3,0,0,3,0
2020-07-26,US,Colorado,Hinsdale,3,0,0,37.82247444,-107.3004345,8053.0,365.8536585365854,0.0,3,3,0,0,3,3,811,0,0,0,0,0
2020-07-26,US,Colorado,Huerfano,6,1,0,37.68473101,-104.9612585,8055.0,86.99434536755109,16.666666666666668,5,6,1,0,5,6,6889,0,0,0,0,0
2020-07-26,US,Colorado,Jackson,8,0,0,40.66593870000001,-106.3408905,8057.0,574.7126436781608,0.0,8,8,0,0,8,8,1399,0,0,0,0,0
2020-07-26,US,Colorado,Jefferson,3654,221,0,39.58635604,-105.2517692,8059.0,626.8861053971565,6.048166392993978,3433,3622,221,0,3401,3527,580233,32,0,0,32,95
2020-07-26,US,Colorado,Kit Carson,42,3,0,39.30497777,-102.6022199,8063.0,591.7993518388051,7.142857142857142,39,42,3,0,39,42,7163,0,0,0,0,0
2020-07-26,US,Colorado,La Plata,187,2,0,37.28632032,-107.8429014,8067.0,332.61592643318335,1.0695187165775402,185,185,2,0,183,180,56310,2,0,0,2,5
2020-07-26,US,Colorado,Lake,61,0,0,39.20278823,-106.3555697,8065.0,750.5844715147041,0.0,61,61,0,0,61,61,7824,0,0,0,0,0
2020-07-26,US,Colorado,Larimer,1255,32,0,40.66671597,-105.4625784,8069.0,351.6400998601845,2.549800796812749,1223,1238,32,0,1206,1207,350518,17,0,0,17,31
2020-07-26,US,Colorado,Las Animas,13,0,0,37.3153406,-104.0376458,8071.0,89.61808906659313,0.0,13,13,0,0,13,13,14503,0,0,0,0,0
2020-07-26,US,Colorado,Lincoln,6,0,0,38.98749519,-103.5136649,8073.0,105.24469391334854,0.0,6,6,0,0,6,6,5610,0,0,0,0,0
2020-07-26,US,Colorado,Logan,645,5,0,40.7249637,-103.110817,8075.0,2878.307822749788,0.7751937984496124,640,645,5,0,640,643,21528,0,0,0,0,2
2020-07-26,US,Colorado,Mesa,231,1,0,39.01787888,-108.469799,8077.0,149.79573309123919,0.4329004329004329,230,227,1,0,226,219,153207,4,0,0,4,8
2020-07-26,US,Colorado,Mineral,18,0,0,37.66954283,-106.9281698,8079.0,2340.702210663199,0.0,18,18,0,0,18,18,776,0,0,0,0,0
2020-07-26,US,Colorado,Moffat,23,1,0,40.61810999,-108.2070876,8081.0,173.15365504780547,4.3478260869565215,22,23,1,0,22,21,13188,0,0,0,0,2
2020-07-26,US,Colorado,Montezuma,101,4,0,37.33859579,-108.5958857,8083.0,385.74647672153685,3.96039603960396,97,96,4,0,92,93,26158,5,0,0,5,3
2020-07-26,US,Colorado,Montrose,262,13,0,38.40214114,-108.26390220000002,8085.0,612.7508302539876,4.961832061068702,249,255,13,0,242,251,42214,7,0,0,7,4
2020-07-26,US,Colorado,Morgan,672,46,0,40.26279810000001,-103.8093302,8087.0,2311.8205586899685,6.845238095238094,626,672,46,0,626,670,28558,0,0,0,0,2
2020-07-26,US,Colorado,Otero,38,3,0,37.9014485,-103.7173385,8089.0,207.9002079002079,7.894736842105262,35,36,3,0,33,35,18432,2,0,0,2,1
2020-07-26,US,Colorado,Ouray,12,1,0,38.14717457,-107.7675136,8091.0,242.3263327948304,8.333333333333334,11,12,1,0,11,12,4833,0,0,0,0,0
2020-07-26,US,Colorado,Park,40,1,0,39.120926,-105.7182065,8093.0,212.2578933404086,2.5,39,39,1,0,38,37,18556,1,0,0,1,2
2020-07-26,US,Colorado,Phillips,19,0,0,40.59414277,-102.3577703,8095.0,445.48651817116064,0.0,19,20,0,0,20,19,4286,-1,0,0,-1,1
2020-07-26,US,Colorado,Pitkin,153,2,0,39.21720112,-106.9310027,8097.0,861.1470704114371,1.30718954248366,151,153,2,0,151,148,17950,0,0,0,0,5
2020-07-26,US,Colorado,Prowers,46,0,0,37.95544985,-102.3926052,8099.0,377.91652974038783,0.0,46,45,0,0,45,45,12164,1,0,0,1,0
2020-07-26,US,Colorado,Pueblo,559,33,0,38.17359144,-104.5127437,8101.0,331.9004417422695,5.9033989266547415,526,552,33,0,519,548,167529,7,0,0,7,4
2020-07-26,US,Colorado,Rio Blanco,6,0,0,39.97913541,-108.2179009,8103.0,94.87666034155598,0.0,6,6,0,0,6,6,6336,0,0,0,0,0
2020-07-26,US,Colorado,Rio Grande,87,2,0,37.5836865,-106.3847838,8105.0,772.1665039495872,2.2988505747126435,85,87,2,0,85,86,11250,0,0,0,0,1
2020-07-26,US,Colorado,Routt,94,6,0,40.48596505,-106.9905548,8107.0,366.6432639051408,6.382978723404255,88,94,6,0,88,94,25733,0,0,0,0,0
2020-07-26,US,Colorado,Saguache,107,2,0,38.08054629,-106.282466,8109.0,1567.9953106682299,1.8691588785046729,105,107,2,0,105,107,6843,0,0,0,0,0
2020-07-26,US,Colorado,San Juan,2,0,0,37.76248981,-107.67632890000002,8111.0,274.72527472527474,0.0,2,2,0,0,2,2,762,0,0,0,0,0
2020-07-26,US,Colorado,San Miguel,73,0,0,38.00450883,-108.4020725,8113.0,892.5296491013571,0.0,73,73,0,0,73,70,8191,0,0,0,0,3
2020-07-26,US,Colorado,Sedgwick,11,0,0,40.87595412,-102.3519227,8115.0,489.32384341637015,0.0,11,11,0,0,11,11,2303,0,0,0,0,0
2020-07-26,US,Colorado,Summit,316,4,0,39.63803232,-106.1150762,8117.0,1018.9932604559673,1.2658227848101269,312,315,4,0,311,313,31007,1,0,0,1,2
2020-07-26,US,Colorado,Teller,97,2,0,38.88133511,-105.1614893,8119.0,382.07026941862296,2.061855670103093,95,96,2,0,94,89,25083,1,0,0,1,7
2020-07-26,US,Colorado,Washington,46,0,0,39.97015535,-103.202587,8121.0,937.2453137734312,0.0,46,46,0,0,46,46,4909,0,0,0,0,0
2020-07-26,US,Colorado,Weld,3408,139,0,40.55499405,-104.3929621,8123.0,1050.2570171221478,4.078638497652582,3269,3386,139,0,3247,3353,314305,22,0,0,22,33
2020-07-26,US,Colorado,Yuma,57,0,0,40.00346839,-102.4258673,8125.0,568.9190537977843,0.0,57,57,0,0,57,56,10020,0,0,0,0,1
2020-07-26,US,Connecticut,Fairfield,17421,1402,0,41.26809896,-73.3881171,9001.0,1846.7517268575648,8.047758452442455,16019,17421,1402,0,16019,17421,943823,0,0,0,0,0
2020-07-26,US,Connecticut,Hartford,12340,1408,0,41.80283011,-72.73103891,9003.0,1383.8424617592966,11.410048622366288,10932,12340,1408,0,10932,12340,892697,0,0,0,0,0
2020-07-26,US,Connecticut,Litchfield,1560,138,0,41.7937534,-73.2451475,9005.0,865.0662940227246,8.846153846153848,1422,1560,138,0,1422,1560,181111,0,0,0,0,0
2020-07-26,US,Connecticut,Middlesex,1365,188,0,41.45949668,-72.53714864,9007.0,840.3309611169938,13.772893772893774,1177,1365,188,0,1177,1365,162682,0,0,0,0,0
2020-07-26,US,Connecticut,New Haven,12884,1095,0,41.408032500000004,-72.93620426,9009.0,1507.32898355907,8.498913380937598,11789,12884,1095,0,11789,12884,857620,0,0,0,0,0
2020-07-26,US,Connecticut,New London,1362,102,0,41.48896435,-72.10430976,9011.0,513.5630415601457,7.488986784140969,1260,1362,102,0,1260,1362,266784,0,0,0,0,0
2020-07-26,US,Connecticut,Tolland,964,65,0,41.85853803,-72.3308481,9013.0,639.5923593925199,6.742738589211617,899,964,65,0,899,964,150921,0,0,0,0,0
2020-07-26,US,Connecticut,Unassigned,222,0,0,0.0,0.0,90009.0,0.0,0.0,222,222,0,0,222,222,,0,0,0,0,0
2020-07-26,US,Connecticut,Windham,658,15,0,41.82972709,-71.98182316,9015.0,563.4429963521776,2.2796352583586628,643,658,15,0,643,658,117027,0,0,0,0,0
2020-07-26,US,Delaware,Kent,2117,95,0,39.08646628,-75.56884914,10001.0,1170.9977542508825,4.487482286254133,2022,2091,95,0,1996,2102,178550,26,0,0,26,-11
2020-07-26,US,Delaware,New Castle,6480,284,0,39.57992638,-75.64054974,10003.0,1159.7253169110502,4.382716049382717,6196,6414,284,0,6130,6408,559335,66,0,0,66,6
2020-07-26,US,Delaware,Sussex,5506,190,0,38.66143781,-75.39031349,10005.0,2350.731134592806,3.4507809662186704,5316,5488,190,0,5298,5508,229286,18,0,0,18,-20
2020-07-26,US,Delaware,Unassigned,187,10,0,0.0,0.0,90010.0,0.0,5.3475935828877015,177,182,10,0,172,184,,5,0,0,5,-2
2020-07-26,US,District of Columbia,District of Columbia,11780,581,0,38.90417773,-77.01655992,11001.0,1669.1486633349814,4.932088285229202,11199,11717,581,0,11136,11649,702455,63,0,0,63,68
2020-07-26,US,Florida,Alachua,3144,20,0,29.67866525,-82.35928158,12001.0,1168.5864341387808,0.6361323155216285,3124,3050,18,0,3032,2984,269956,94,2,0,92,66
2020-07-26,US,Florida,Baker,300,4,0,30.33060121,-82.28467476,12003.0,1027.0455323519343,1.3333333333333333,296,285,4,0,281,265,28355,15,0,0,15,20
2020-07-26,US,Florida,Bay,2972,15,0,30.26548745,-85.62122584,12005.0,1701.1533728284824,0.5047106325706595,2957,2862,15,0,2847,2477,185287,110,0,0,110,385
2020-07-26,US,Florida,Bradford,233,3,0,29.95079741,-82.16611613,12007.0,826.2118364597003,1.2875536480686696,230,228,3,0,225,221,27732,5,0,0,5,7
2020-07-26,US,Florida,Brevard,4966,64,0,28.29409504,-80.73091022,12009.0,824.9964282273042,1.2887635924285141,4902,4898,64,0,4834,4756,596849,68,0,0,68,142
2020-07-26,US,Florida,Broward,49350,605,0,26.15184651,-80.48725556,12011.0,2527.168986950897,1.2259371833839918,48745,48187,580,0,47607,46576,1951260,1163,25,0,1138,1611
2020-07-26,US,Florida,Calhoun,254,7,0,30.40666734,-85.19394153,12013.0,1800.7798652959946,2.755905511811024,247,247,7,0,240,242,14587,7,0,0,7,5
2020-07-26,US,Florida,Charlotte,1683,82,0,26.90131002,-81.92949121,12015.0,890.9004287756075,4.872251931075461,1601,1660,82,0,1578,1606,184998,23,0,0,23,54
2020-07-26,US,Florida,Citrus,1083,20,0,28.84804315,-82.47614748,12017.0,723.6547572114903,1.8467220683287164,1063,1056,20,0,1036,1009,147929,27,0,0,27,47
2020-07-26,US,Florida,Clay,2538,47,0,29.98319144,-81.85609986,12019.0,1157.5721088063049,1.851851851851852,2491,2473,47,0,2426,2389,216072,65,0,0,65,84
2020-07-26,US,Florida,Collier,8795,117,0,26.11091986,-81.34687065,12021.0,2284.9972200716024,1.3303013075611143,8678,8725,117,0,8608,8601,378488,70,0,0,70,124
2020-07-26,US,Florida,Columbia,2122,10,0,30.22509788,-82.62160164,12023.0,2960.1316854057977,0.47125353440150797,2112,2074,10,0,2064,2009,70503,48,0,0,48,65
2020-07-26,US,Florida,DeSoto,1172,14,0,27.18677893,-81.80941373,12027.0,3084.1293650167104,1.1945392491467577,1158,1164,14,0,1150,1144,37489,8,0,0,8,20
2020-07-26,US,Florida,Dixie,230,4,0,29.60631086,-83.15724673,12029.0,1366.932128848211,1.7391304347826086,226,225,4,0,221,213,16700,5,0,0,5,12
2020-07-26,US,Florida,Duval,19753,139,0,30.33225875,-81.66976468,12031.0,2062.4272386988323,0.7036905786462816,19614,19288,138,0,19150,18781,950181,465,1,0,464,507
2020-07-26,US,Florida,Escambia,7018,80,0,30.67652764,-87.37284571,12033.0,2204.727377825808,1.139925904816187,6938,6854,76,0,6778,6684,315534,164,4,0,160,170
2020-07-26,US,Florida,Flagler,801,8,0,29.45933576,-81.31508595,12035.0,696.0314908629573,0.9987515605493134,793,779,8,0,771,756,112067,22,0,0,22,23
2020-07-26,US,Florida,Franklin,88,1,0,29.83791238,-84.82731662,12037.0,725.7731958762888,1.1363636363636365,87,85,1,0,84,83,11736,3,0,0,3,2
2020-07-26,US,Florida,Gadsden,1188,13,0,30.57796289,-84.61915825,12039.0,2601.8396846254927,1.0942760942760943,1175,1142,13,0,1129,1090,45894,46,0,0,46,52
2020-07-26,US,Florida,Gilchrist,308,0,0,29.72856978,-82.79880657,12041.0,1657.5180281993328,0.0,308,303,0,0,303,290,18256,5,0,0,5,13
2020-07-26,US,Florida,Glades,385,3,0,26.95635849,-81.18996211,12043.0,2787.633046122656,0.7792207792207793,382,384,3,0,381,293,13724,1,0,0,1,91
2020-07-26,US,Florida,Gulf,241,0,0,29.93543004,-85.24270990000002,12045.0,1766.9917149351127,0.0,241,242,0,0,242,236,16164,-1,0,0,-1,6
2020-07-26,US,Florida,Hamilton,557,2,0,30.49673973,-82.94998918,12047.0,3860.548932630995,0.3590664272890485,555,553,2,0,551,537,14310,4,0,0,4,16
2020-07-26,US,Florida,Hardee,781,5,0,27.49293939,-81.80956574,12049.0,2899.3577607008947,0.6402048655569782,776,776,4,0,772,759,27245,5,1,0,4,17
2020-07-26,US,Florida,Hendry,1512,33,0,26.55386945,-81.16469006,12051.0,3598.1152729522632,2.1825396825396823,1479,1495,32,0,1463,1480,41556,17,1,0,16,15
2020-07-26,US,Florida,Hernando,1454,22,0,28.55364461,-82.42700204,12053.0,749.7937293729373,1.5130674002751032,1432,1418,21,0,1397,1348,190865,36,1,0,35,70
2020-07-26,US,Florida,Highlands,1039,22,0,27.34254618,-81.34071957,12055.0,978.1493301701172,2.1174205967276225,1017,1018,22,0,996,968,105424,21,0,0,21,50
2020-07-26,US,Florida,Hillsborough,27077,295,0,27.9276559,-82.32013172,12057.0,1839.510098045609,1.089485541234258,26782,26626,280,0,26346,26037,1436888,451,15,0,436,589
2020-07-26,US,Florida,Holmes,375,1,0,30.86747479,-85.81319222,12059.0,1911.60727940052,0.26666666666666666,374,371,1,0,370,364,19477,4,0,0,4,7
2020-07-26,US,Florida,Indian River,1974,35,0,27.69308961,-80.60556721,12061.0,1234.3440280635054,1.7730496453900708,1939,1941,33,0,1908,1837,157413,33,2,0,31,104
2020-07-26,US,Florida,Jackson,1266,18,0,30.795459700000002,-85.21500423,12063.0,2727.62528547421,1.4218009478672986,1248,1220,18,0,1202,979,48305,46,0,0,46,241
2020-07-26,US,Florida,Jefferson,174,5,0,30.43669112,-83.89442308,12065.0,1221.395479432823,2.8735632183908044,169,169,5,0,164,160,14288,5,0,0,5,9
2020-07-26,US,Florida,Lafayette,83,0,0,29.98484137,-83.18166636,12067.0,985.5141296604132,0.0,83,82,0,0,82,79,8732,1,0,0,1,3
2020-07-26,US,Florida,Lake,4090,39,0,28.76202069,-81.7125123,12069.0,1114.0832103029545,0.9535452322738386,4051,3988,38,0,3950,3890,356495,102,1,0,101,98
2020-07-26,US,Florida,Lee,14415,258,0,26.58410348,-81.88399313,12071.0,1870.6761297054031,1.789802289281998,14157,14292,258,0,14034,14046,754610,123,0,0,123,246
2020-07-26,US,Florida,Leon,3760,13,0,30.45955727,-84.27491114,12073.0,1280.7324699743174,0.34574468085106386,3747,3656,13,0,3643,3568,292502,104,0,0,104,88
2020-07-26,US,Florida,Levy,462,2,0,29.31829741,-82.74007147,12075.0,1113.1725417439702,0.4329004329004329,460,449,2,0,447,441,40770,13,0,0,13,8
2020-07-26,US,Florida,Liberty,335,2,0,30.23766008,-84.8829258,12077.0,4010.0550634426622,0.5970149253731343,333,332,2,0,330,327,8457,3,0,0,3,5
2020-07-26,US,Florida,Madison,526,6,0,30.44396917,-83.47398594,12079.0,2844.3194722327366,1.1406844106463878,520,519,6,0,513,514,18529,7,0,0,7,5
2020-07-26,US,Florida,Manatee,7859,154,0,27.47196942,-82.31831044,12081.0,1948.900566145819,1.9595368367476775,7705,7709,154,0,7555,7520,394855,150,0,0,150,189
2020-07-26,US,Florida,Marion,3426,49,0,29.21227113,-82.05803627,12083.0,937.1435448972726,1.4302393461762992,3377,3224,48,0,3176,3105,359977,202,1,0,201,119
2020-07-26,US,Florida,Martin,3420,64,0,27.0772071,-80.43109784,12085.0,2124.223602484472,1.871345029239766,3356,3388,63,0,3325,3357,160912,32,1,0,31,31
2020-07-26,US,Florida,Miami-Dade,104755,1388,0,25.6112362,-80.55170587,12086.0,3855.6243420907344,1.3249964202186053,103367,101854,1379,0,100475,98430,2761581,2901,9,0,2892,3424
2020-07-26,US,Florida,Monroe,1126,6,0,25.20904673,-81.07812416,12087.0,1516.9477825079487,0.5328596802841918,1120,1114,6,0,1108,1082,75027,12,0,0,12,32
2020-07-26,US,Florida,Nassau,941,8,0,30.61037141,-81.80297522,12089.0,1061.7771509167842,0.8501594048884166,933,919,8,0,911,895,85832,22,0,0,22,24
2020-07-26,US,Florida,Okaloosa,2368,20,0,30.69143028,-86.59267105,12091.0,1123.6701496645123,0.8445945945945946,2348,2275,20,0,2255,2202,207269,93,0,0,93,73
2020-07-26,US,Florida,Okeechobee,812,2,0,27.386336199999995,-80.88944347,12093.0,1925.6308100929612,0.24630541871921185,810,802,2,0,800,797,41537,10,0,0,10,5
2020-07-26,US,Florida,Orange,26980,173,0,28.51367621,-81.31799498,12095.0,1936.198735227335,0.6412157153446998,26807,26559,173,0,26386,25952,1380645,421,0,0,421,607
2020-07-26,US,Florida,Osceola,7614,51,0,28.06312234,-81.14882926,12097.0,2026.3419125963733,0.6698187549251379,7563,7407,51,0,7356,7150,367990,207,0,0,207,257
2020-07-26,US,Florida,Palm Beach,30325,755,0,26.64676272,-80.46536002,12099.0,2026.029383271979,2.4896949711459198,29570,29707,752,0,28955,29004,1485941,618,3,0,615,703
2020-07-26,US,Florida,Pasco,5803,69,0,28.30810945,-82.40227529,12101.0,1047.57314327905,1.1890401516457003,5734,5674,66,0,5608,5526,539630,129,3,0,126,148
2020-07-26,US,Florida,Pinellas,15147,373,0,27.93130349,-82.72239666,12103.0,1553.5448350557338,2.4625338350828545,14774,14985,372,0,14613,14726,975280,162,1,0,161,259
2020-07-26,US,Florida,Polk,11423,217,0,27.95027105,-81.69732947,12105.0,1576.0709845925026,1.8996760920948963,11206,11197,216,0,10981,10909,708009,226,1,0,225,288
2020-07-26,US,Florida,Putnam,1169,13,0,29.60779729,-81.74230285,12107.0,1568.6853370190952,1.1120615911035072,1156,1150,13,0,1137,1108,74163,19,0,0,19,42
2020-07-26,US,Florida,Santa Rosa,2507,19,0,30.69341450000001,-87.02458128,12113.0,1360.1862049882534,0.7578779417630634,2488,2365,19,0,2346,2288,179349,142,0,0,142,77
2020-07-26,US,Florida,Sarasota,5103,113,0,27.18546175,-82.33174248,12115.0,1176.5058490992344,2.214383695865177,4990,5006,113,0,4893,4837,426718,97,0,0,97,169
2020-07-26,US,Florida,Seminole,6034,66,0,28.7158582,-81.24060348,12117.0,1278.8612751310864,1.0938017898574743,5968,5969,65,0,5904,5852,467832,65,1,0,64,117
2020-07-26,US,Florida,St. Johns,2929,19,0,29.90096506,-81.43589967,12109.0,1106.652762664732,0.6486855582109935,2910,2871,19,0,2852,2796,254261,58,0,0,58,75
2020-07-26,US,Florida,St. Lucie,4401,97,0,27.37763908,-80.47106649,12111.0,1340.5544369884585,2.204044535332879,4304,4316,96,0,4220,4153,321128,85,1,0,84,163
2020-07-26,US,Florida,Sumter,992,25,0,28.70181754,-82.0794267,12119.0,749.1315511252078,2.5201612903225805,967,968,25,0,943,941,128754,24,0,0,24,27
2020-07-26,US,Florida,Suwannee,1013,27,0,30.19746066,-82.99099670000003,12121.0,2280.6583065042664,2.665350444225074,986,993,27,0,966,979,44191,20,0,0,20,14
2020-07-26,US,Florida,Taylor,266,3,0,30.04848048,-83.60445406,12123.0,1233.2514256571933,1.1278195488721805,263,257,3,0,254,249,21623,9,0,0,9,8
2020-07-26,US,Florida,Unassigned,489,0,0,0.0,0.0,90012.0,0.0,0.0,489,462,0,0,462,447,,27,0,0,27,15
2020-07-26,US,Florida,Union,212,4,0,30.04412971,-82.37497443,12125.0,1391.350003281486,1.8867924528301887,208,183,4,0,179,178,14940,29,0,0,29,5
2020-07-26,US,Florida,Volusia,6240,99,0,29.05858895,-81.18263252,12127.0,1127.811395232828,1.5865384615384617,6141,6133,97,0,6036,5969,547538,107,2,0,105,164
2020-07-26,US,Florida,Wakulla,507,1,0,30.16548905,-84.39895211,12129.0,1502.7119950205993,0.19723865877712032,506,477,1,0,476,455,32461,30,0,0,30,22
2020-07-26,US,Florida,Walton,1057,12,0,30.64204028,-86.16935664,12131.0,1427.0092208826666,1.1352885525070957,1045,1016,11,0,1005,964,71375,41,1,0,40,52
2020-07-26,US,Florida,Washington,433,13,0,30.61359259,-85.66002461,12133.0,1699.8390452636124,3.0023094688221708,420,415,13,0,402,402,24880,18,0,0,18,13
2020-07-26,US,Georgia,Appling,491,16,0,31.74847232,-82.28909114,13001.0,2670.510170782117,3.2586558044806515,475,486,16,0,470,475,18507,5,0,0,5,11
2020-07-26,US,Georgia,Atkinson,267,2,0,31.29633502,-82.87545866,13003.0,3270.055113288426,0.7490636704119851,265,264,2,0,262,259,8297,3,0,0,3,5
2020-07-26,US,Georgia,Bacon,382,5,0,31.55456473,-82.45936528,13005.0,3421.7126477964894,1.3089005235602094,377,378,5,0,373,371,11185,4,0,0,4,7
2020-07-26,US,Georgia,Baker,52,3,0,31.32669878,-84.44218806,13007.0,1711.6524028966423,5.769230769230768,49,50,3,0,47,47,3092,2,0,0,2,3
2020-07-26,US,Georgia,Baldwin,840,37,0,33.06882326,-83.24701748,13009.0,1871.240810871018,4.404761904761905,803,822,37,0,785,806,44823,18,0,0,18,16
2020-07-26,US,Georgia,Banks,205,3,0,34.35607081,-83.49644388,13011.0,1065.8209420817302,1.4634146341463414,202,203,3,0,200,202,18988,2,0,0,2,1
2020-07-26,US,Georgia,Barrow,918,32,0,33.99148694,-83.71436292,13013.0,1102.835175396444,3.4858387799564268,886,910,32,0,878,877,80809,8,0,0,8,33
2020-07-26,US,Georgia,Bartow,1354,51,0,34.23732119,-84.83887523,13015.0,1256.752492156899,3.766617429837519,1303,1318,51,0,1267,1283,106408,36,0,0,36,35
2020-07-26,US,Georgia,Ben Hill,302,1,0,31.76095874,-83.22145359,13017.0,1808.383233532934,0.3311258278145696,301,297,1,0,296,291,16787,5,0,0,5,6
2020-07-26,US,Georgia,Berrien,228,0,0,31.27590016,-83.22529920000002,13019.0,1175.4395009537554,0.0,228,224,0,0,224,222,19252,4,0,0,4,2
2020-07-26,US,Georgia,Bibb,2689,53,0,32.80904227,-83.70489165,13021.0,1755.691797413146,1.9709929341762735,2636,2660,52,0,2608,2614,153095,29,1,0,28,46
2020-07-26,US,Georgia,Bleckley,116,3,0,32.43829035,-83.33035166,13023.0,901.1108521712108,2.586206896551724,113,114,3,0,111,109,12838,2,0,0,2,5
2020-07-26,US,Georgia,Brantley,200,3,0,31.19576557,-81.97743999,13025.0,1046.6272437071536,1.5,197,196,3,0,193,192,18897,4,0,0,4,4
2020-07-26,US,Georgia,Brooks,317,13,0,30.83922642,-83.58303423,13027.0,2050.8507472342626,4.100946372239748,304,308,13,0,295,303,15513,9,0,0,9,5
2020-07-26,US,Georgia,Bryan,467,6,0,32.00979311,-81.44002948,13029.0,1178.4894137835315,1.284796573875803,461,461,6,0,455,437,38109,6,0,0,6,24
2020-07-26,US,Georgia,Bulloch,925,10,0,32.39577406,-81.74811421,13031.0,1161.9435232639935,1.0810810810810811,915,903,10,0,893,878,77296,22,0,0,22,25
2020-07-26,US,Georgia,Burke,329,7,0,33.05917989,-81.99928721,13033.0,1469.8655229415176,2.127659574468085,322,316,7,0,309,306,22423,13,0,0,13,10
2020-07-26,US,Georgia,Butts,405,36,0,33.283094500000004,-83.95435040000002,13035.0,1624.1578440808469,8.888888888888891,369,402,36,0,366,393,24193,3,0,0,3,9
2020-07-26,US,Georgia,Calhoun,181,6,0,31.53169785,-84.62725131,13037.0,2924.543544999192,3.3149171270718236,175,180,6,0,174,179,6352,1,0,0,1,1
2020-07-26,US,Georgia,Camden,496,4,0,30.92951916,-81.66601818,13039.0,907.3281381480259,0.8064516129032258,492,486,4,0,482,472,53677,10,0,0,10,14
2020-07-26,US,Georgia,Candler,177,1,0,32.40209349,-82.07702563,13043.0,1638.4337683976673,0.5649717514124294,176,171,1,0,170,157,10836,6,0,0,6,14
2020-07-26,US,Georgia,Carroll,1542,42,0,33.58138199,-85.07976677,13045.0,1285.0856723781585,2.723735408560312,1500,1511,42,0,1469,1478,118121,31,0,0,31,33
2020-07-26,US,Georgia,Catoosa,452,8,0,34.89872298,-85.13757014,13047.0,668.8369340041432,1.7699115044247788,444,447,8,0,439,441,67420,5,0,0,5,6
2020-07-26,US,Georgia,Charlton,258,3,0,30.78371028,-82.13951596,13049.0,1926.5232974910393,1.162790697674419,255,254,3,0,251,244,12968,4,0,0,4,10
2020-07-26,US,Georgia,Chatham,4261,48,0,32.00043026,-81.12489526,13051.0,1472.2039871471509,1.126496127669561,4213,4154,48,0,4106,4068,289195,107,0,0,107,86
2020-07-26,US,Georgia,Chattahoochee,509,1,0,32.34341231,-84.78809239,13053.0,4666.727789492986,0.19646365422396853,508,507,1,0,506,507,10684,2,0,0,2,0
2020-07-26,US,Georgia,Chattooga,144,2,0,34.47197698,-85.34535662,13055.0,580.9028197991046,1.3888888888888888,142,134,2,0,132,125,24790,10,0,0,10,9
2020-07-26,US,Georgia,Cherokee,2453,52,0,34.24393976,-84.47431861,13057.0,947.9350627770284,2.119853240929474,2401,2419,52,0,2367,2364,254149,34,0,0,34,55
2020-07-26,US,Georgia,Clarke,1449,15,0,33.95436462,-83.37124007,13059.0,1129.1114383897889,1.0351966873706004,1434,1439,15,0,1424,1396,127330,10,0,0,10,43
2020-07-26,US,Georgia,Clay,69,2,0,31.62221166,-84.97713865,13061.0,2434.721242060692,2.898550724637681,67,69,2,0,67,69,2887,0,0,0,0,0
2020-07-26,US,Georgia,Clayton,4002,92,0,33.54187245,-84.35594188,13063.0,1369.3474214387386,2.2988505747126435,3910,3948,92,0,3856,3838,289615,54,0,0,54,110
2020-07-26,US,Georgia,Clinch,159,4,0,30.91395822,-82.70432472,13065.0,2402.538531278332,2.5157232704402515,155,157,4,0,153,153,6648,2,0,0,2,4
2020-07-26,US,Georgia,Cobb,10120,287,0,33.94243204,-84.5761255,13067.0,1331.3319502565967,2.83596837944664,9833,10009,287,0,9722,9717,756865,111,0,0,111,292
2020-07-26,US,Georgia,Coffee,1198,22,0,31.54892966,-82.85492059999999,13069.0,2768.469946617984,1.8363939899833053,1176,1184,22,0,1162,1156,43093,14,0,0,14,28
2020-07-26,US,Georgia,Colquitt,1419,21,0,31.18810588,-83.7677946,13071.0,3111.842105263158,1.4799154334038056,1398,1405,21,0,1384,1391,45592,14,0,0,14,14
2020-07-26,US,Georgia,Columbia,1495,18,0,33.54534185,-82.263524,13073.0,953.9670993019133,1.2040133779264215,1477,1439,18,0,1421,1395,154291,56,0,0,56,44
2020-07-26,US,Georgia,Cook,339,5,0,31.16068491,-83.42947229,13075.0,1962.9415170816449,1.4749262536873156,334,334,5,0,329,329,17162,5,0,0,5,5
2020-07-26,US,Georgia,Coweta,1184,17,0,33.35334302,-84.76129976,13077.0,797.2580786349649,1.4358108108108107,1167,1168,17,0,1151,1136,145864,16,0,0,16,32
2020-07-26,US,Georgia,Crawford,81,0,0,32.71391813,-83.98061238,13079.0,653.0151564011609,0.0,81,81,0,0,81,81,12318,0,0,0,0,0
2020-07-26,US,Georgia,Crisp,348,14,0,31.92289565,-83.76811843,13081.0,1555.5158233506168,4.022988505747127,334,349,14,0,335,347,22601,-1,0,0,-1,2
2020-07-26,US,Georgia,Dade,95,1,0,34.854916700000004,-85.50490424,13083.0,589.4762968478531,1.0526315789473684,94,95,1,0,94,92,16226,0,0,0,0,3
2020-07-26,US,Georgia,Dawson,237,3,0,34.44244079,-84.16964071,13085.0,907.7677340278842,1.2658227848101269,234,229,3,0,226,226,25083,8,0,0,8,3
2020-07-26,US,Georgia,DeKalb,11159,207,0,33.76944049,-84.22396017,13089.0,1469.6488989157074,1.8550049287570567,10952,11025,206,0,10819,10767,756558,134,1,0,133,258
2020-07-26,US,Georgia,Decatur,505,8,0,30.87967778,-84.57619536,13087.0,1912.5890016664137,1.5841584158415842,497,496,8,0,488,469,26575,9,0,0,9,27
2020-07-26,US,Georgia,Dodge,201,2,0,32.17265114,-83.16948926,13091.0,975.4913855860228,0.9950248756218906,199,195,2,0,193,191,20705,6,0,0,6,4
2020-07-26,US,Georgia,Dooly,231,14,0,32.15630737,-83.79746561,13093.0,1725.1680358476474,6.0606060606060606,217,230,14,0,216,230,13706,1,0,0,1,0
2020-07-26,US,Georgia,Dougherty,2459,162,0,31.53328528,-84.21722377,13095.0,2795.716039838101,6.588043920292803,2297,2451,162,0,2289,2428,91243,8,0,0,8,23
2020-07-26,US,Georgia,Douglas,2057,46,0,33.70291126,-84.77026156,13097.0,1405.6019078466345,2.236266407389402,2011,2027,46,0,1981,1970,145331,30,0,0,30,57
2020-07-26,US,Georgia,Early,326,31,0,31.32155345,-84.90255207,13099.0,3199.2149165848878,9.509202453987731,295,326,31,0,295,337,10247,0,0,0,0,-11
2020-07-26,US,Georgia,Echols,217,0,0,30.71101099,-82.89687287,13101.0,5416.874687968048,0.0,217,217,0,0,217,217,4000,0,0,0,0,0
2020-07-26,US,Georgia,Effingham,533,1,0,32.36616021,-81.34280942,13103.0,828.9784745551822,0.18761726078799248,532,524,1,0,523,491,62190,9,0,0,9,33
2020-07-26,US,Georgia,Elbert,282,1,0,34.11302332,-82.83936148,13105.0,1469.209127852454,0.3546099290780142,281,279,1,0,278,271,19120,3,0,0,3,8
2020-07-26,US,Georgia,Emanuel,326,4,0,32.59221302,-82.30239915,13107.0,1439.547823015102,1.2269938650306749,322,324,4,0,320,295,22612,2,0,0,2,29
2020-07-26,US,Georgia,Evans,165,1,0,32.15328841,-81.8870105,13109.0,1548.7140979913647,0.6060606060606061,164,150,1,0,149,141,10721,15,0,0,15,9
2020-07-26,US,Georgia,Fannin,235,2,0,34.86430205,-84.316964,13111.0,897.3575683519168,0.851063829787234,233,229,2,0,227,223,25964,6,0,0,6,6
2020-07-26,US,Georgia,Fayette,805,23,0,33.41357794,-84.49089434,13113.0,703.542181942126,2.8571428571428568,782,788,23,0,765,764,113459,17,0,0,17,24
2020-07-26,US,Georgia,Floyd,1047,15,0,34.26268279,-85.21577392,13115.0,1062.9657454973706,1.4326647564469914,1032,1017,15,0,1002,977,97927,30,0,0,30,40
2020-07-26,US,Georgia,Forsyth,1617,16,0,34.22604035,-84.12315129999998,13117.0,662.021191228731,0.989486703772418,1601,1597,16,0,1581,1556,236612,20,0,0,20,41
2020-07-26,US,Georgia,Franklin,322,3,0,34.37525597,-83.23159927,13119.0,1379.074050280526,0.9316770186335404,319,321,3,0,318,319,23023,1,0,0,1,2
2020-07-26,US,Georgia,Fulton,15843,372,0,33.79216944,-84.46319413,13121.0,1489.0919293153634,2.348040143912138,15471,15649,372,0,15277,15221,1050114,194,0,0,194,428
2020-07-26,US,Georgia,Gilmer,426,3,0,34.69316688,-84.45802506,13123.0,1358.028626988428,0.7042253521126759,423,421,3,0,418,416,30816,5,0,0,5,5
2020-07-26,US,Georgia,Glascock,19,0,0,33.22879932,-82.61297636,13125.0,639.5153147088522,0.0,19,19,0,0,19,17,2995,0,0,0,0,2
2020-07-26,US,Georgia,Glynn,2097,20,0,31.23279254,-81.53811412,13127.0,2458.612765558317,0.9537434430138292,2077,2083,19,0,2064,2049,85219,14,1,0,13,34
2020-07-26,US,Georgia,Gordon,827,21,0,34.50487351,-84.87296253,13129.0,1426.7722512637372,2.5392986698911733,806,802,21,0,781,772,57685,25,0,0,25,30
2020-07-26,US,Georgia,Grady,357,4,0,30.87454847,-84.23418364,13131.0,1449.2753623188407,1.1204481792717087,353,346,4,0,342,341,24748,11,0,0,11,5
2020-07-26,US,Georgia,Greene,203,11,0,33.5769205,-83.17139104,13133.0,1107.836716874045,5.41871921182266,192,203,11,0,192,200,17698,0,0,0,0,3
2020-07-26,US,Georgia,Gwinnett,15315,216,0,33.96044201,-84.02137802,13135.0,1635.7810413885181,1.4103819784524976,15099,15134,216,0,14918,14801,927781,181,0,0,181,333
2020-07-26,US,Georgia,Habersham,937,48,0,34.63331566,-83.53094677,13137.0,2067.1549594069893,5.122732123799358,889,931,48,0,883,921,45388,6,0,0,6,10
2020-07-26,US,Georgia,Hall,4860,71,0,34.32207823,-83.81896936,13139.0,2377.213963930914,1.4609053497942386,4789,4845,71,0,4774,4789,202148,15,0,0,15,56
2020-07-26,US,Georgia,Hancock,259,34,0,33.2721566,-82.99766919,13141.0,3062.5517322927753,13.127413127413128,225,255,34,0,221,253,8348,4,0,0,4,2
2020-07-26,US,Georgia,Haralson,169,6,0,33.79602175,-85.21005667,13143.0,567.266380236305,3.5502958579881656,163,162,6,0,156,151,29533,7,0,0,7,11
2020-07-26,US,Georgia,Harris,556,14,0,32.73709786,-84.90538572,13145.0,1577.9316608014526,2.5179856115107917,542,551,14,0,537,547,34475,5,0,0,5,4
2020-07-26,US,Georgia,Hart,200,0,0,34.34626973,-82.96567682,13147.0,763.213127265789,0.0,200,198,0,0,198,191,26099,2,0,0,2,7
2020-07-26,US,Georgia,Heard,119,3,0,33.29686567,-85.12886832,13149.0,998.0709552964856,2.5210084033613445,116,118,3,0,115,117,11879,1,0,0,1,1
2020-07-26,US,Georgia,Henry,2591,38,0,33.4533428,-84.14814659999998,13151.0,1104.616709512664,1.466615206483983,2553,2547,38,0,2509,2479,230220,44,0,0,44,68
2020-07-26,US,Georgia,Houston,1476,40,0,32.45802497,-83.66879087,13153.0,934.9879325744472,2.710027100271003,1436,1466,40,0,1426,1430,155469,10,0,0,10,36
2020-07-26,US,Georgia,Irwin,126,1,0,31.60213036,-83.27501387,13155.0,1338.1478334749365,0.7936507936507936,125,124,1,0,123,123,9398,2,0,0,2,1
2020-07-26,US,Georgia,Jackson,779,13,0,34.13794553,-83.56814788,13157.0,1067.459610562232,1.668806161745828,766,766,13,0,753,735,70422,13,0,0,13,31
2020-07-26,US,Georgia,Jasper,109,1,0,33.31535543,-83.68844964,13159.0,766.5799282649975,0.9174311926605504,108,106,1,0,105,103,14040,3,0,0,3,3
2020-07-26,US,Georgia,Jeff Davis,296,5,0,31.80405727,-82.63724870000001,13161.0,1958.319550115779,1.6891891891891893,291,276,5,0,271,254,15029,20,0,0,20,22
2020-07-26,US,Georgia,Jefferson,372,5,0,33.05867328,-82.41609057,13163.0,2421.5596927483402,1.3440860215053765,367,356,5,0,351,349,15430,16,0,0,16,7
2020-07-26,US,Georgia,Jenkins,210,19,0,32.79248718,-81.96040187,13165.0,2420.4702627939137,9.047619047619047,191,209,19,0,190,205,8683,1,0,0,1,4
2020-07-26,US,Georgia,Johnson,208,4,0,32.70211082,-82.66166794,13167.0,2157.005081406201,1.9230769230769231,204,205,4,0,201,204,9708,3,0,0,3,1
2020-07-26,US,Georgia,Jones,222,1,0,33.02512137,-83.56019163,13169.0,772.5769966939273,0.4504504504504505,221,218,1,0,217,214,28616,4,0,0,4,4
2020-07-26,US,Georgia,Lamar,196,8,0,33.07841647,-84.14263877,13171.0,1027.4152120354354,4.081632653061225,188,192,8,0,184,184,19000,4,0,0,4,8
2020-07-26,US,Georgia,Lanier,201,4,0,31.03828570000001,-83.06472457,13173.0,1928.4275160702289,1.9900497512437807,197,192,4,0,188,190,10340,9,0,0,9,2
2020-07-26,US,Georgia,Laurens,596,2,0,32.46325233,-82.92221316,13175.0,1253.522904134943,0.3355704697986577,594,570,1,0,569,562,47325,26,1,0,25,8
2020-07-26,US,Georgia,Lee,480,22,0,31.779330600000005,-84.14324253,13177.0,1600.4267804747933,4.583333333333333,458,480,22,0,458,472,29764,0,0,0,0,8
2020-07-26,US,Georgia,Liberty,476,2,0,31.82588896,-81.49251135,13179.0,774.8026369333443,0.4201680672268908,474,475,2,0,473,468,61497,1,0,0,1,7
2020-07-26,US,Georgia,Lincoln,103,3,0,33.79201475,-82.45024131,13181.0,1300.3408660522662,2.9126213592233015,100,101,3,0,98,96,7915,2,0,0,2,5
2020-07-26,US,Georgia,Long,95,1,0,31.75218791,-81.74952375,13183.0,485.70990336929293,1.0526315789473684,94,95,1,0,94,94,18998,0,0,0,0,1
2020-07-26,US,Georgia,Lowndes,2645,25,0,30.83568832,-83.27056716,13185.0,2252.8661226853824,0.9451795841209829,2620,2608,25,0,2583,2563,116321,37,0,0,37,45
2020-07-26,US,Georgia,Lumpkin,240,5,0,34.57286511,-84.00425681,13187.0,714.0731925022314,2.083333333333333,235,240,5,0,235,236,32955,0,0,0,0,4
2020-07-26,US,Georgia,Macon,160,10,0,32.35207048,-84.04234127,13193.0,1235.8075229782962,6.25,150,158,10,0,148,156,13143,2,0,0,2,2
2020-07-26,US,Georgia,Madison,275,4,0,34.12920917,-83.21218732,13195.0,920.3480589022757,1.4545454545454546,271,274,4,0,270,265,29650,1,0,0,1,9
2020-07-26,US,Georgia,Marion,125,4,0,32.3483402,-84.52733571,13197.0,1495.3941859074055,3.2,121,122,4,0,118,117,8351,3,0,0,3,5
2020-07-26,US,Georgia,McDuffie,234,9,0,33.47851918,-82.48252774,13189.0,1097.972972972973,3.8461538461538463,225,228,9,0,219,221,21531,6,0,0,6,7
2020-07-26,US,Georgia,McIntosh,124,2,0,31.49683595,-81.40163426,13191.0,862.4287105299762,1.6129032258064515,122,124,2,0,122,117,14340,0,0,0,0,7
2020-07-26,US,Georgia,Meriwether,321,5,0,33.04163534,-84.68859732,13199.0,1516.511550999197,1.557632398753894,316,320,5,0,315,307,21068,1,0,0,1,13
2020-07-26,US,Georgia,Miller,108,0,0,31.16568912,-84.73151117,13201.0,1888.772298006296,0.0,108,94,0,0,94,87,5686,14,0,0,14,7
2020-07-26,US,Georgia,Mitchell,556,41,0,31.22483255,-84.19381821,13205.0,2543.1093628504777,7.374100719424461,515,552,41,0,511,548,22192,4,0,0,4,4
2020-07-26,US,Georgia,Monroe,367,22,0,33.014289,-83.92097166,13207.0,1330.7709043440425,5.994550408719347,345,361,22,0,339,349,27520,6,0,0,6,12
2020-07-26,US,Georgia,Montgomery,105,0,0,32.17201038,-82.53527476,13209.0,1144.788486698648,0.0,105,105,0,0,105,100,9193,0,0,0,0,5
2020-07-26,US,Georgia,Morgan,155,0,0,33.59232073,-83.49129491,13211.0,804.1087362523346,0.0,155,147,0,0,147,132,18853,8,0,0,8,15
2020-07-26,US,Georgia,Murray,465,2,0,34.78897608,-84.74993177,13213.0,1159.7166799680765,0.4301075268817205,463,451,2,0,449,445,39921,14,0,0,14,6
2020-07-26,US,Georgia,Muscogee,3840,75,0,32.50931999,-84.87142262,13215.0,1961.4954359474689,1.953125,3765,3781,75,0,3706,3700,194160,59,0,0,59,81
2020-07-26,US,Georgia,Newton,1368,24,0,33.55514538,-83.84547140000002,13217.0,1224.2268041237116,1.7543859649122806,1344,1355,24,0,1331,1328,109541,13,0,0,13,27
2020-07-26,US,Georgia,Oconee,340,15,0,33.83749973,-83.43679568,13219.0,844.0913604766632,4.411764705882354,325,338,15,0,323,326,39272,2,0,0,2,12
2020-07-26,US,Georgia,Oglethorpe,162,7,0,33.878629600000004,-83.08278123,13221.0,1061.668523494331,4.320987654320987,155,160,7,0,153,160,15054,2,0,0,2,0
2020-07-26,US,Georgia,Out of GA,14477,74,0,0.0,0.0,80013.0,0.0,0.511155626165642,14403,13926,74,0,13852,13669,,551,0,0,551,257
2020-07-26,US,Georgia,Paulding,1222,18,0,33.91969522,-84.86848792,13223.0,724.5044970266858,1.4729950900163666,1204,1205,18,0,1187,1178,164044,17,0,0,17,27
2020-07-26,US,Georgia,Peach,250,10,0,32.56934316,-83.82937,13225.0,907.5727873375444,4.0,240,243,10,0,233,237,27297,7,0,0,7,6
2020-07-26,US,Georgia,Pickens,218,5,0,34.46589159,-84.46406611,13227.0,668.8963210702342,2.2935779816513757,213,211,5,0,206,206,31980,7,0,0,7,5
2020-07-26,US,Georgia,Pierce,353,5,0,31.35928155,-82.21598442,13229.0,1813.5114307731824,1.4164305949008498,348,347,5,0,342,342,19389,6,0,0,6,5
2020-07-26,US,Georgia,Pike,164,3,0,33.09310242,-84.38790389,13231.0,864.8876700769963,1.8292682926829267,161,161,3,0,158,157,18634,3,0,0,3,4
2020-07-26,US,Georgia,Polk,521,5,0,34.00267074,-85.18677781,13233.0,1222.63159129843,0.9596928982725528,516,509,5,0,504,479,42470,12,0,0,12,30
2020-07-26,US,Georgia,Pulaski,74,2,0,32.23334561,-83.47549959999998,13235.0,664.4518272425249,2.702702702702702,72,75,2,0,73,75,11069,-1,0,0,-1,0
2020-07-26,US,Georgia,Putnam,307,17,0,33.32056115,-83.37552891,13237.0,1387.9470138794702,5.537459283387622,290,303,17,0,286,295,21809,4,0,0,4,8
2020-07-26,US,Georgia,Quitman,25,1,0,31.86728114,-85.01773177,13239.0,1087.4293170943888,4.0,24,25,1,0,24,25,2279,0,0,0,0,0
2020-07-26,US,Georgia,Rabun,154,3,0,34.88389445,-83.40304637,13241.0,898.6403687926709,1.9480519480519483,151,150,3,0,147,147,16867,4,0,0,4,3
2020-07-26,US,Georgia,Randolph,237,26,0,31.76622818,-84.75732369,13243.0,3496.6066686338154,10.970464135021095,211,235,26,0,209,231,6833,2,0,0,2,4
2020-07-26,US,Georgia,Richmond,2815,74,0,33.35777107,-82.07026432,13245.0,1389.9999012433466,2.6287744227353462,2741,2721,74,0,2647,2579,201554,94,0,0,94,142
2020-07-26,US,Georgia,Rockdale,982,12,0,33.65145002,-84.02202167,13247.0,1080.355571202253,1.2219959266802445,970,976,12,0,964,966,90594,6,0,0,6,10
2020-07-26,US,Georgia,Schley,44,1,0,32.2654021,-84.31258912,13249.0,836.9792657409167,2.272727272727273,43,41,1,0,40,33,5236,3,0,0,3,8
2020-07-26,US,Georgia,Screven,151,9,0,32.74976524,-81.60779441,13251.0,1081.1971931834455,5.960264900662253,142,147,9,0,138,144,13938,4,0,0,4,3
2020-07-26,US,Georgia,Seminole,91,2,0,30.93464824,-84.86823924,13253.0,1124.8454882571077,2.1978021978021984,89,93,2,0,91,86,8315,-2,0,0,-2,7
2020-07-26,US,Georgia,Spalding,750,36,0,33.26310031,-84.28013991,13255.0,1124.3872089711108,4.8,714,735,36,0,699,708,66100,15,0,0,15,27
2020-07-26,US,Georgia,Stephens,476,6,0,34.55151201,-83.29405315,13257.0,1836.065573770492,1.2605042016806722,470,474,6,0,468,463,26035,2,0,0,2,11
2020-07-26,US,Georgia,Stewart,237,5,0,32.07996777,-84.83208037,13259.0,3579.5197100135933,2.109704641350211,232,237,5,0,232,235,6199,0,0,0,0,2
2020-07-26,US,Georgia,Sumter,693,55,0,32.03650571,-84.19821492,13261.0,2347.2429210134133,7.936507936507938,638,693,55,0,638,688,29733,0,0,0,0,5
2020-07-26,US,Georgia,Talbot,119,3,0,32.69642758,-84.53351366,13263.0,1920.9039548022602,2.5210084033613445,116,119,3,0,116,114,6272,0,0,0,0,5
2020-07-26,US,Georgia,Taliaferro,7,0,0,33.56543317,-82.88136816,13265.0,455.4326610279765,0.0,7,5,0,0,5,5,1608,2,0,0,2,0
2020-07-26,US,Georgia,Tattnall,326,1,0,32.04785085,-82.05539188,13267.0,1289.2509689156054,0.3067484662576687,325,317,1,0,316,306,25391,9,0,0,9,11
2020-07-26,US,Georgia,Taylor,59,2,0,32.55792548,-84.25077141,13269.0,735.6608478802992,3.3898305084745757,57,55,2,0,53,54,8039,4,0,0,4,1
2020-07-26,US,Georgia,Telfair,234,5,0,31.92829517,-82.93491155,13271.0,1475.4098360655735,2.1367521367521367,229,233,5,0,228,232,15876,1,0,0,1,1
2020-07-26,US,Georgia,Terrell,275,29,0,31.77527543,-84.44069698,13273.0,3223.537686086039,10.545454545454543,246,274,29,0,245,273,8611,1,0,0,1,1
2020-07-26,US,Georgia,Thomas,847,38,0,30.86392347,-83.91847289,13275.0,1905.4689433308588,4.4864226682408495,809,821,38,0,783,809,44448,26,0,0,26,12
2020-07-26,US,Georgia,Tift,1153,34,0,31.45743864,-83.5236119,13277.0,2836.8270839484308,2.9488291413703385,1119,1150,34,0,1116,1131,40571,3,0,0,3,19
2020-07-26,US,Georgia,Toombs,506,6,0,32.12059861,-82.32957247,13279.0,1885.948565039135,1.1857707509881423,500,488,6,0,482,475,26887,18,0,0,18,13
2020-07-26,US,Georgia,Towns,100,1,0,34.91369188,-83.74107459999998,13281.0,830.7717869901137,1.0,99,98,1,0,97,94,11852,2,0,0,2,4
2020-07-26,US,Georgia,Treutlen,77,2,0,32.40422134,-82.56904553,13283.0,1115.7803216925083,2.5974025974025974,75,76,2,0,74,74,6809,1,0,0,1,2
2020-07-26,US,Georgia,Troup,2085,52,0,33.03349196,-85.02812115,13285.0,2981.8941105803606,2.4940047961630696,2033,2069,52,0,2017,2027,70034,16,0,0,16,42
2020-07-26,US,Georgia,Turner,206,18,0,31.71612656,-83.62069378,13287.0,2579.837194740138,8.737864077669903,188,205,18,0,187,204,7912,1,0,0,1,1
2020-07-26,US,Georgia,Twiggs,67,2,0,32.67435595,-83.43078662,13289.0,825.1231527093596,2.985074626865672,65,67,2,0,65,65,8188,0,0,0,0,2
2020-07-26,US,Georgia,Unassigned,2099,6,0,0.0,0.0,90013.0,0.0,0.28585040495474034,2093,2057,7,0,2050,2109,,42,-1,0,43,-52
2020-07-26,US,Georgia,Union,174,6,0,34.82995757,-83.98967069,13291.0,709.8853575945494,3.4482758620689653,168,167,6,0,161,162,24001,7,0,0,7,5
2020-07-26,US,Georgia,Upson,448,45,0,32.87920671,-84.30024826,13293.0,1702.127659574468,10.044642857142858,403,440,45,0,395,435,26215,8,0,0,8,5
2020-07-26,US,Georgia,Walker,462,14,0,34.73376362,-85.30165174,13295.0,662.2611487794038,3.0303030303030303,448,453,14,0,439,439,69410,9,0,0,9,14
2020-07-26,US,Georgia,Walton,754,32,0,33.78017694,-83.73552314,13297.0,797.0991510999754,4.244031830238727,722,737,32,0,705,729,93503,17,0,0,17,8
2020-07-26,US,Georgia,Ware,997,19,0,31.05449097,-82.42224148,13299.0,2790.059886942408,1.9057171514543632,978,983,19,0,964,972,35680,14,0,0,14,11
2020-07-26,US,Georgia,Warren,45,0,0,33.41146451,-82.67795848,13301.0,856.4902931100114,0.0,45,45,0,0,45,44,5251,0,0,0,0,1
2020-07-26,US,Georgia,Washington,332,1,0,32.96711864,-82.79357039,13303.0,1629.5278295867279,0.3012048192771085,331,326,1,0,325,301,20386,6,0,0,6,25
2020-07-26,US,Georgia,Wayne,506,2,0,31.5521809,-81.91894878,13305.0,1690.7809001904636,0.3952569169960474,504,502,2,0,500,489,29808,4,0,0,4,13
2020-07-26,US,Georgia,Webster,36,2,0,32.04066113,-84.54742852,13307.0,1380.8975834292291,5.5555555555555545,34,36,2,0,34,35,2611,0,0,0,0,1
2020-07-26,US,Georgia,Wheeler,80,1,0,32.12009104,-82.72574721,13309.0,1018.4595798854233,1.25,79,80,0,0,80,80,7879,0,1,0,-1,0
2020-07-26,US,Georgia,White,253,5,0,34.64624278,-83.74905525,13311.0,821.4819144100267,1.9762845849802368,248,253,5,0,248,248,29970,0,0,0,0,5
2020-07-26,US,Georgia,Whitfield,2643,22,0,34.80987459,-84.96093476,13313.0,2526.092441793784,0.8323874385168369,2621,2571,22,0,2549,2539,104062,72,0,0,72,32
2020-07-26,US,Georgia,Wilcox,150,18,0,31.97496928,-83.43438555,13315.0,1737.1163867979155,12.0,132,151,18,0,133,150,8812,-1,0,0,-1,1
2020-07-26,US,Georgia,Wilkes,163,3,0,33.78290391,-82.74286107,13317.0,1667.178070982919,1.8404907975460123,160,161,3,0,158,157,9876,2,0,0,2,4
2020-07-26,US,Georgia,Wilkinson,156,10,0,32.80291082,-83.17140684,13319.0,1742.2381058744695,6.410256410256411,146,155,10,0,145,154,9036,1,0,0,1,1
2020-07-26,US,Georgia,Worth,398,23,0,31.55162306,-83.85090513,13321.0,1965.7233170346226,5.778894472361809,375,397,23,0,374,394,20299,1,0,0,1,3
2020-07-26,US,Hawaii,Hawaii,117,0,0,19.60121157,-155.5210167,15001.0,58.06077027288562,0.0,117,117,0,0,117,117,200983,0,0,0,0,0
2020-07-26,US,Hawaii,Honolulu,1345,19,0,21.45803166,-157.97121819999995,15003.0,138.01057499617778,1.4126394052044609,1326,1291,19,0,1272,1225,980080,54,0,0,54,66
2020-07-26,US,Hawaii,Kauai,45,0,0,22.03935037,-159.5966786,15007.0,62.246690550952366,0.0,45,43,0,0,43,43,72133,2,0,0,2,0
2020-07-26,US,Hawaii,Maui,153,6,0,20.86399628,-156.56890969999995,15009.0,91.38856866387523,3.92156862745098,147,146,6,0,140,141,167207,7,0,0,7,5
2020-07-26,US,Hawaii,Out of HI,23,1,0,0.0,0.0,80015.0,0.0,4.3478260869565215,22,23,1,0,22,23,,0,0,0,0,0
2020-07-26,US,Idaho,Ada,7092,45,0,43.4526575,-116.24155159999998,16001.0,1472.6311133813824,0.6345177664974619,7047,6732,45,0,6687,6732,469966,360,0,0,360,0
2020-07-26,US,Idaho,Adams,16,0,0,44.89333571,-116.4545247,16003.0,372.61294829995336,0.0,16,15,0,0,15,15,4250,1,0,0,1,0
2020-07-26,US,Idaho,Bannock,243,1,0,42.67002716,-112.2233311,16005.0,276.74016034985425,0.41152263374485604,242,234,1,0,233,234,87138,9,0,0,9,0
2020-07-26,US,Idaho,Bear Lake,6,0,0,42.28269683,-111.32892379999998,16007.0,97.95918367346935,0.0,6,6,0,0,6,6,6050,0,0,0,0,0
2020-07-26,US,Idaho,Benewah,42,0,0,47.21754179,-116.6586851,16009.0,451.7100451710045,0.0,42,39,0,0,39,39,9226,3,0,0,3,0
2020-07-26,US,Idaho,Bingham,144,2,0,43.21672879999999,-112.3978437,16011.0,307.62000384525004,1.3888888888888888,142,140,2,0,138,140,46236,4,0,0,4,0
2020-07-26,US,Idaho,Blaine,562,6,0,43.4085812,-113.9752658,16013.0,2441.249294122757,1.0676156583629892,556,562,6,0,556,562,22601,0,0,0,0,0
2020-07-26,US,Idaho,Boise,33,0,0,43.98829931,-115.7309284,16015.0,421.4021197803601,0.0,33,29,0,0,29,29,7634,4,0,0,4,0
2020-07-26,US,Idaho,Bonner,131,0,0,48.29996017,-116.6017932,16017.0,286.40766085834844,0.0,131,111,0,0,111,111,44727,20,0,0,20,0
2020-07-26,US,Idaho,Bonneville,506,1,0,43.38713372,-111.6161537,16019.0,424.98866136970656,0.1976284584980237,505,461,1,0,460,461,116854,45,0,0,45,0
2020-07-26,US,Idaho,Boundary,28,0,0,48.76684761,-116.4630179,16021.0,228.66476112699056,0.0,28,27,0,0,27,27,11948,1,0,0,1,0
2020-07-26,US,Idaho,Camas,1,0,0,43.46665742,-114.8065892,16025.0,90.41591320072331,0.0,1,1,0,0,1,1,1127,0,0,0,0,0
2020-07-26,US,Idaho,Canyon,4108,27,0,43.61970148,-116.70954990000001,16027.0,1787.2603317830399,0.6572541382667965,4081,3814,26,0,3788,3814,223499,294,1,0,293,0
2020-07-26,US,Idaho,Caribou,21,0,0,42.77149116,-111.5597683,16029.0,293.5010482180293,0.0,21,21,0,0,21,21,7060,0,0,0,0,0
2020-07-26,US,Idaho,Cassia,405,1,0,42.28347888,-113.6012409,16031.0,1685.3932584269662,0.2469135802469136,404,398,1,0,397,398,23864,7,0,0,7,0
2020-07-26,US,Idaho,Clark,1,0,0,44.28496071,-112.35057040000001,16033.0,118.3431952662722,0.0,1,1,0,0,1,1,852,0,0,0,0,0
2020-07-26,US,Idaho,Clearwater,14,0,0,46.67459924,-115.6622393,16035.0,159.890360895386,0.0,14,14,0,0,14,14,8758,0,0,0,0,0
2020-07-26,US,Idaho,Custer,7,0,0,44.24186819,-114.2855494,16037.0,162.22479721900348,0.0,7,7,0,0,7,7,4280,0,0,0,0,0
2020-07-26,US,Idaho,Elmore,147,2,0,43.3507101,-115.4701578,16039.0,534.3317218567119,1.3605442176870748,145,136,2,0,134,136,27259,11,0,0,11,0
2020-07-26,US,Idaho,Franklin,45,0,0,42.18332217,-111.81496659999999,16041.0,324.30095128279044,0.0,45,38,0,0,38,38,13726,7,0,0,7,0
2020-07-26,US,Idaho,Fremont,37,0,0,44.22800938,-111.48099429999999,16043.0,282.46431025269106,0.0,37,36,0,0,36,36,13168,1,0,0,1,0
2020-07-26,US,Idaho,Gem,124,0,0,44.06482372,-116.398376,16045.0,684.6289752650176,0.0,124,117,0,0,117,117,17634,7,0,0,7,0
2020-07-26,US,Idaho,Gooding,115,1,0,42.96927962,-114.81083059999999,16047.0,757.6256670399895,0.8695652173913043,114,111,1,0,110,111,15196,4,0,0,4,0
2020-07-26,US,Idaho,Idaho,24,0,0,45.84721541,-115.4634436,16049.0,143.99712005759883,0.0,24,24,0,0,24,24,16513,0,0,0,0,0
2020-07-26,US,Idaho,Jefferson,90,1,0,43.82078483,-112.3131749,16051.0,301.29557095510694,1.1111111111111112,89,79,1,0,78,79,29439,11,0,0,11,0
2020-07-26,US,Idaho,Jerome,367,6,0,42.68891267,-114.2655033,16053.0,1503.3590037686386,1.6348773841961852,361,367,6,0,361,367,24015,0,0,0,0,0
2020-07-26,US,Idaho,Kootenai,1308,1,0,47.67282258,-116.7020872,16055.0,789.3926866509352,0.0764525993883792,1307,1246,1,0,1245,1246,161505,62,0,0,62,0
2020-07-26,US,Idaho,Latah,65,0,0,46.81587887,-116.71136979999999,16057.0,162.06243143512515,0.0,65,65,0,0,65,65,40134,0,0,0,0,0
2020-07-26,US,Idaho,Lemhi,8,0,0,44.9438088,-113.9309747,16059.0,99.66363523109509,0.0,8,8,0,0,8,8,7961,0,0,0,0,0
2020-07-26,US,Idaho,Lewis,1,0,0,46.23315327,-116.434146,16061.0,26.055237102657642,0.0,1,1,0,0,1,1,3861,0,0,0,0,0
2020-07-26,US,Idaho,Lincoln,48,0,0,43.0012336,-114.1358773,16063.0,894.5210585165859,0.0,48,47,0,0,47,47,5360,1,0,0,1,0
2020-07-26,US,Idaho,Madison,117,0,0,43.78141028,-111.65384740000002,16065.0,293.1816473300423,0.0,117,113,0,0,113,113,39304,4,0,0,4,0
2020-07-26,US,Idaho,Minidoka,368,1,0,42.85518524,-113.6357257,16067.0,1749.1325633347592,0.2717391304347826,367,355,1,0,354,355,20825,13,0,0,13,0
2020-07-26,US,Idaho,Nez Perce,122,19,0,46.32638236,-116.75009750000001,16069.0,301.92041179964366,15.573770491803279,103,122,19,0,103,122,40408,0,0,0,0,0
2020-07-26,US,Idaho,Oneida,8,0,0,42.19494279999999,-112.5407838,16071.0,176.5614654601633,0.0,8,7,0,0,7,7,4488,1,0,0,1,0
2020-07-26,US,Idaho,Owyhee,186,0,0,42.58016894,-116.16938710000001,16073.0,1573.2047703628518,0.0,186,175,0,0,175,175,11693,11,0,0,11,0
2020-07-26,US,Idaho,Payette,281,2,0,44.00545243,-116.7647695,16075.0,1173.228675211891,0.7117437722419929,279,268,2,0,266,268,23551,13,0,0,13,0
2020-07-26,US,Idaho,Power,29,0,0,42.69254894,-112.83957420000002,16077.0,377.5550058586122,0.0,29,27,0,0,27,27,7768,2,0,0,2,0
2020-07-26,US,Idaho,Shoshone,40,0,0,47.35364087,-115.89167490000001,16079.0,310.5107902499612,0.0,40,36,0,0,36,36,12796,4,0,0,4,0
2020-07-26,US,Idaho,Teton,52,0,0,43.75303583,-111.2056773,16081.0,428.2655246252677,0.0,52,49,0,0,49,49,11640,3,0,0,3,0
2020-07-26,US,Idaho,Twin Falls,1028,27,0,42.35440512,-114.6685381,16083.0,1183.2684914477773,2.626459143968872,1001,1023,26,0,997,1023,86081,5,1,0,4,0
2020-07-26,US,Idaho,Valley,42,1,0,44.76728382,-115.5676773,16085.0,368.6797752808989,2.380952380952381,41,41,1,0,40,41,11041,1,0,0,1,0
2020-07-26,US,Idaho,Washington,166,2,0,44.45275475,-116.78476880000001,16087.0,1628.408867961546,1.2048192771084338,164,162,2,0,160,162,10161,4,0,0,4,0
2020-07-26,US,Illinois,Adams,336,1,0,39.98815591,-91.18786813,17001.0,513.4866661572553,0.2976190476190476,335,324,1,0,323,316,65691,12,0,0,12,8
2020-07-26,US,Illinois,Alexander,35,0,0,37.18049267,-89.32910838,17003.0,607.5334143377886,0.0,35,35,0,0,35,34,6060,0,0,0,0,1
2020-07-26,US,Illinois,Bond,38,2,0,38.88829622,-89.43534887,17005.0,231.34055765250213,5.2631578947368425,36,36,1,0,35,33,16630,2,1,0,1,3
2020-07-26,US,Illinois,Boone,696,23,0,42.32359279,-88.82345779,17007.0,1299.86553115195,3.3045977011494254,673,684,23,0,661,677,53577,12,0,0,12,7
2020-07-26,US,Illinois,Brown,12,0,0,39.96209138,-90.75068024,17009.0,182.42626938279113,0.0,12,12,0,0,12,12,6556,0,0,0,0,0
2020-07-26,US,Illinois,Bureau,78,2,0,41.40385234,-89.5283051,17011.0,239.05847738139028,2.5641025641025643,76,71,2,0,69,69,32993,7,0,0,7,2
2020-07-26,US,Illinois,Calhoun,6,0,0,39.16840183,-90.66330078,17013.0,126.60898923823594,0.0,6,5,0,0,5,5,4802,1,0,0,1,0
2020-07-26,US,Illinois,Carroll,33,2,0,42.06823429,-89.93395545,17015.0,230.6885704299196,6.0606060606060606,31,29,2,0,27,29,14312,4,0,0,4,0
2020-07-26,US,Illinois,Cass,170,11,0,39.96991073,-90.24734436,17017.0,1399.5225158475346,6.470588235294117,159,167,11,0,156,163,12260,3,0,0,3,4
2020-07-26,US,Illinois,Champaign,1388,17,0,40.13919438,-88.20046615,17019.0,661.9326717185928,1.2247838616714697,1371,1366,17,0,1349,1350,209983,22,0,0,22,16
2020-07-26,US,Illinois,Christian,78,4,0,39.54581621,-89.27780482,17021.0,241.45616641901933,5.128205128205129,74,76,4,0,72,75,32661,2,0,0,2,1
2020-07-26,US,Illinois,Clark,57,0,0,39.33425789,-87.78705622,17023.0,369.14707596658246,0.0,57,53,0,0,53,52,15596,4,0,0,4,1
2020-07-26,US,Illinois,Clay,9,0,0,38.75388572,-88.48914513,17025.0,68.26456310679612,0.0,9,9,0,0,9,9,13253,0,0,0,0,0
2020-07-26,US,Illinois,Clinton,298,17,0,38.60704876,-89.42385254,17027.0,793.3549864224483,5.704697986577182,281,294,17,0,277,292,37639,4,0,0,4,2
2020-07-26,US,Illinois,Coles,297,17,0,39.51949084,-88.22358557,17029.0,586.7130242389522,5.723905723905723,280,290,17,0,273,286,50885,7,0,0,7,4
2020-07-26,US,Illinois,Cook,102583,4830,0,41.84144849,-87.81658794,17031.0,1991.8127975957595,4.708382480527963,97753,101955,4829,0,97126,101411,5180493,628,1,0,627,544
2020-07-26,US,Illinois,Crawford,30,0,0,39.0032229,-87.75954624,17033.0,160.7114158675738,0.0,30,29,0,0,29,28,18807,1,0,0,1,1
2020-07-26,US,Illinois,Cumberland,39,2,0,39.27432424,-88.2401158,17035.0,362.251532602638,5.128205128205129,37,39,2,0,37,40,10808,0,0,0,0,-1
2020-07-26,US,Illinois,De Witt,25,0,0,40.17514519,-88.90959682,17039.0,159.86699066376775,0.0,25,24,0,0,24,24,15769,1,0,0,1,0
2020-07-26,US,Illinois,DeKalb,779,24,0,41.89373302,-88.76958483,17037.0,742.6332497592878,3.0808729139922977,755,771,24,0,747,756,104143,8,0,0,8,15
2020-07-26,US,Illinois,Douglas,94,1,0,39.76768052,-88.21854195,17041.0,482.9180580529155,1.0638297872340423,93,92,1,0,91,92,19479,2,0,0,2,0
2020-07-26,US,Illinois,DuPage,10875,507,0,41.85116968,-88.08642662,17043.0,1178.3240385688482,4.662068965517242,10368,10771,507,0,10264,10701,928589,104,0,0,104,70
2020-07-26,US,Illinois,Edgar,24,0,0,39.6809186,-87.74759563,17045.0,139.85198997727406,0.0,24,24,0,0,24,24,17360,0,0,0,0,0
2020-07-26,US,Illinois,Edwards,6,0,0,38.41353228,-88.05720863,17047.0,93.82329945269743,0.0,6,6,0,0,6,6,6392,0,0,0,0,0
2020-07-26,US,Illinois,Effingham,59,1,0,39.05935711,-88.58969584,17049.0,173.4885909197836,1.6949152542372878,58,59,1,0,58,59,34208,0,0,0,0,0
2020-07-26,US,Illinois,Fayette,43,3,0,39.00072038,-89.02452658,17051.0,201.53730783652043,6.9767441860465125,40,41,3,0,38,41,21416,2,0,0,2,0
2020-07-26,US,Illinois,Ford,37,1,0,40.59706922,-88.22350769,17053.0,285.47180001543086,2.702702702702702,36,36,1,0,35,36,13264,1,0,0,1,0
2020-07-26,US,Illinois,Franklin,101,0,0,37.99189086,-88.92567818,17055.0,262.54906548129657,0.0,101,91,0,0,91,90,38701,10,0,0,10,1
2020-07-26,US,Illinois,Fulton,24,0,0,40.47289135,-90.20862357,17057.0,69.88934187536401,0.0,24,23,0,0,23,21,34844,1,0,0,1,2
2020-07-26,US,Illinois,Gallatin,36,0,0,37.76430935,-88.22953869,17059.0,745.6503728251863,0.0,36,32,0,0,32,31,5058,4,0,0,4,1
2020-07-26,US,Illinois,Greene,16,0,0,39.35907414,-90.388865,17061.0,123.37111573752796,0.0,16,14,0,0,14,14,13044,2,0,0,2,0
2020-07-26,US,Illinois,Grundy,244,5,0,41.28569601,-88.41905692,17063.0,477.92533396012084,2.0491803278688523,239,240,5,0,235,233,50972,4,0,0,4,7
2020-07-26,US,Illinois,Hamilton,13,0,0,38.08163641,-88.53883373,17065.0,160.17742730409068,0.0,13,11,0,0,11,11,8163,2,0,0,2,0
2020-07-26,US,Illinois,Hancock,27,1,0,40.40423981,-91.16313899,17067.0,152.47345832392142,3.703703703703704,26,26,1,0,25,25,17844,1,0,0,1,1
2020-07-26,US,Illinois,Hardin,14,0,0,37.51810645,-88.26873022,17069.0,366.39623135304896,0.0,14,9,0,0,9,9,3910,5,0,0,5,0
2020-07-26,US,Illinois,Henderson,9,0,0,40.81908672,-90.92491462,17071.0,135.4198013842913,0.0,9,9,0,0,9,8,6709,0,0,0,0,1
2020-07-26,US,Illinois,Henry,162,1,0,41.3533994,-90.13296166,17073.0,331.20029440026167,0.6172839506172839,161,160,1,0,159,155,49090,2,0,0,2,5
2020-07-26,US,Illinois,Iroquois,210,5,0,40.74717633,-87.82466784,17075.0,774.5076344323967,2.380952380952381,205,205,5,0,200,205,27604,5,0,0,5,0
2020-07-26,US,Illinois,Jackson,530,19,0,37.78595185,-89.38232563,17077.0,933.920704845815,3.5849056603773586,511,487,19,0,468,463,57419,43,0,0,43,24
2020-07-26,US,Illinois,Jasper,48,7,0,39.01054275,-88.15437049,17079.0,499.4797086368366,14.583333333333336,41,48,7,0,41,49,9611,0,0,0,0,-1
2020-07-26,US,Illinois,Jefferson,155,17,0,38.29980057,-88.9240025,17081.0,411.3151470119945,10.967741935483868,138,153,17,0,136,151,37820,2,0,0,2,2
2020-07-26,US,Illinois,Jersey,59,1,0,39.08869046,-90.35393073,17083.0,270.9778165617966,1.6949152542372878,58,59,1,0,58,58,21847,0,0,0,0,1
2020-07-26,US,Illinois,Jo Daviess,96,1,0,42.36542373,-90.21094405,17085.0,452.08382387567696,1.0416666666666667,95,92,1,0,91,88,21366,4,0,0,4,4
2020-07-26,US,Illinois,Johnson,50,0,0,37.45939802,-88.88165419,17087.0,402.6737537247322,0.0,50,49,0,0,49,48,12456,1,0,0,1,1
2020-07-26,US,Illinois,Kane,8714,293,0,41.93842729,-88.42861412,17089.0,1636.7300710176316,3.3624053247647465,8421,8665,293,0,8372,8613,534216,49,0,0,49,52
2020-07-26,US,Illinois,Kankakee,1598,66,0,41.13746989,-87.86205334,17091.0,1454.552074420637,4.130162703379224,1532,1579,66,0,1513,1567,110024,19,0,0,19,12
2020-07-26,US,Illinois,Kendall,1209,21,0,41.59081014,-88.42869583,17093.0,937.2819598418484,1.7369727047146402,1188,1191,21,0,1170,1176,127915,18,0,0,18,15
2020-07-26,US,Illinois,Knox,219,1,0,40.93148779,-90.21330340000002,17095.0,440.6527294311757,0.45662100456620996,218,216,1,0,215,211,50112,3,0,0,3,5
2020-07-26,US,Illinois,LaSalle,414,18,0,41.34426129999999,-88.88633881,17099.0,380.9734146812799,4.3478260869565215,396,409,18,0,391,388,109430,5,0,0,5,21
2020-07-26,US,Illinois,Lake,11448,439,0,42.3224907,-88.00367925,17097.0,1643.5642142893037,3.8347309573724666,11009,11366,439,0,10927,11260,700832,82,0,0,82,106
2020-07-26,US,Illinois,Lawrence,35,0,0,38.71987914,-87.72884035,17101.0,223.2427605561934,0.0,35,34,0,0,34,32,15765,1,0,0,1,2
2020-07-26,US,Illinois,Lee,126,2,0,41.74583951,-89.29977132,17103.0,369.5448146410137,1.5873015873015872,124,125,2,0,123,121,34223,1,0,0,1,4
2020-07-26,US,Illinois,Livingston,71,2,0,40.89188292,-88.55784752,17105.0,199.1696588868941,2.8169014084507036,69,69,2,0,67,66,35761,2,0,0,2,3
2020-07-26,US,Illinois,Logan,65,0,0,40.12581572,-89.36638784,17107.0,227.1297784611084,0.0,65,65,0,0,65,64,28925,0,0,0,0,1
2020-07-26,US,Illinois,Macon,354,22,0,39.86064913,-88.96342505,17115.0,340.3551615725562,6.214689265536723,332,325,22,0,303,311,104712,29,0,0,29,14
2020-07-26,US,Illinois,Macoupin,109,3,0,39.26119767,-89.92424028,17117.0,242.62119930552464,2.7522935779816518,106,106,3,0,103,101,45313,3,0,0,3,5
2020-07-26,US,Illinois,Madison,1840,71,0,38.83042506,-89.90422563,17119.0,699.7102286987672,3.858695652173913,1769,1762,71,0,1691,1694,264461,78,0,0,78,68
2020-07-26,US,Illinois,Marion,114,0,0,38.64963204,-88.91899208,17121.0,306.4104287058192,0.0,114,113,0,0,113,110,37620,1,0,0,1,3
2020-07-26,US,Illinois,Marshall,17,0,0,41.0327901,-89.34510444,17123.0,148.62738240951217,0.0,17,16,0,0,16,16,11534,1,0,0,1,0
2020-07-26,US,Illinois,Mason,40,0,0,40.23917274,-89.91824452,17125.0,299.4236095516132,0.0,40,37,0,0,37,36,13565,3,0,0,3,1
2020-07-26,US,Illinois,Massac,30,0,0,37.22078441,-88.71036614,17127.0,217.8332849259367,0.0,30,28,0,0,28,26,14080,2,0,0,2,2
2020-07-26,US,Illinois,McDonough,121,15,0,40.45674722,-90.67775541,17109.0,407.65447072299713,12.396694214876034,106,121,15,0,106,119,29955,0,0,0,0,2
2020-07-26,US,Illinois,McHenry,2694,111,0,42.32451172,-88.45248227,17111.0,875.3176031763568,4.120267260579064,2583,2669,111,0,2558,2621,308570,25,0,0,25,48
2020-07-26,US,Illinois,McLean,461,15,0,40.48996987,-88.84621113,17113.0,268.77802200364977,3.2537960954446854,446,456,15,0,441,442,172828,5,0,0,5,14
2020-07-26,US,Illinois,Menard,40,0,0,40.02742725,-89.80246001,17129.0,327.9763857002296,0.0,40,39,0,0,39,37,12288,1,0,0,1,2
2020-07-26,US,Illinois,Mercer,46,0,0,41.20596782,-90.74290052,17131.0,297.98535984971176,0.0,46,46,0,0,46,42,15601,0,0,0,0,4
2020-07-26,US,Illinois,Monroe,224,13,0,38.27594376,-90.17761038,17133.0,646.7072783439675,5.803571428571429,211,220,13,0,207,213,34335,4,0,0,4,7
2020-07-26,US,Illinois,Montgomery,126,3,0,39.23198845,-89.47809254,17135.0,443.4433729851482,2.380952380952381,123,125,3,0,122,118,28601,1,0,0,1,7
2020-07-26,US,Illinois,Morgan,156,5,0,39.71654544,-90.20255104,17137.0,463.48564977122817,3.2051282051282053,151,153,5,0,148,151,33976,3,0,0,3,2
2020-07-26,US,Illinois,Moultrie,46,0,0,39.64187451,-88.62099969,17139.0,317.21950210330317,0.0,46,44,0,0,44,43,14717,2,0,0,2,1
2020-07-26,US,Illinois,Ogle,355,5,0,42.04165196,-89.32184679,17141.0,700.9853286732617,1.4084507042253518,350,352,5,0,347,351,50923,3,0,0,3,1
2020-07-26,US,Illinois,Peoria,1018,32,0,40.78702156,-89.76078901,17143.0,568.1469368620208,3.1434184675834973,986,984,32,0,952,947,180621,34,0,0,34,37
2020-07-26,US,Illinois,Perry,92,1,0,38.08510853,-89.36856219,17145.0,439.8546567221266,1.0869565217391304,91,87,1,0,86,83,21174,5,0,0,5,4
2020-07-26,US,Illinois,Piatt,31,0,0,40.01360584,-88.59319339,17147.0,189.67205090553108,0.0,31,31,0,0,31,31,16396,0,0,0,0,0
2020-07-26,US,Illinois,Pike,11,0,0,39.62265059,-90.8877017,17149.0,70.6895443737549,0.0,11,10,0,0,10,9,15611,1,0,0,1,1
2020-07-26,US,Illinois,Pope,6,0,0,37.41391284,-88.56152109,17151.0,143.64376346660282,0.0,6,6,0,0,6,3,4212,0,0,0,0,3
2020-07-26,US,Illinois,Pulaski,89,0,0,37.22631423,-89.13085001,17153.0,1668.2286785379567,0.0,89,89,0,0,89,88,5463,0,0,0,0,1
2020-07-26,US,Illinois,Putnam,7,0,0,41.2013541,-89.2869272,17155.0,121.97246907126677,0.0,7,7,0,0,7,6,5740,0,0,0,0,1
2020-07-26,US,Illinois,Randolph,403,7,0,38.05095369,-89.82512254,17157.0,1268.0133408847776,1.7369727047146402,396,399,7,0,392,392,32106,4,0,0,4,7
2020-07-26,US,Illinois,Richland,12,0,0,38.71240969,-88.08475366,17159.0,77.35447689035003,0.0,12,11,0,0,11,10,15763,1,0,0,1,1
2020-07-26,US,Illinois,Rock Island,1445,30,0,41.46613806,-90.57042164,17161.0,1018.4734879721452,2.0761245674740483,1415,1437,30,0,1407,1431,143477,8,0,0,8,6
2020-07-26,US,Illinois,Saline,81,0,0,37.75332999,-88.54119706,17165.0,344.81290707079313,0.0,81,77,0,0,77,73,23906,4,0,0,4,4
2020-07-26,US,Illinois,Sangamon,793,33,0,39.75836914,-89.65872023,17167.0,407.35185337388015,4.16141235813367,760,775,33,0,742,757,195348,18,0,0,18,18
2020-07-26,US,Illinois,Schuyler,14,0,0,40.1571798,-90.61114163,17169.0,206.85579196217486,0.0,14,14,0,0,14,14,6907,0,0,0,0,0
2020-07-26,US,Illinois,Scott,6,0,0,39.6429169,-90.47814431,17171.0,121.1876388608362,0.0,6,6,0,0,6,5,4926,0,0,0,0,1
2020-07-26,US,Illinois,Shelby,38,1,0,39.39133527,-88.80611122,17173.0,175.64944069520195,2.631578947368421,37,36,1,0,35,34,21741,2,0,0,2,2
2020-07-26,US,Illinois,St. Clair,3152,153,0,38.46996033,-89.93063427,17163.0,1213.7735572961192,4.854060913705584,2999,3106,153,0,2953,3031,261059,46,0,0,46,75
2020-07-26,US,Illinois,Stark,6,0,0,41.09309773,-89.79745866,17175.0,112.31748408835642,0.0,6,6,0,0,6,6,5427,0,0,0,0,0
2020-07-26,US,Illinois,Stephenson,306,6,0,42.35129217,-89.662598,17177.0,687.6713560160008,1.96078431372549,300,304,6,0,298,299,44753,2,0,0,2,5
2020-07-26,US,Illinois,Tazewell,274,8,0,40.50716185,-89.51404662,17179.0,207.88601169927844,2.9197080291970803,266,271,8,0,263,260,132328,3,0,0,3,11
2020-07-26,US,Illinois,Unassigned,1299,192,0,0.0,0.0,90017.0,0.0,14.780600461893766,1107,1292,192,0,1100,1283,,7,0,0,7,9
2020-07-26,US,Illinois,Union,269,21,0,37.47119609,-89.25548938,17181.0,1615.3245661442386,7.806691449814126,248,266,21,0,245,262,16841,3,0,0,3,4
2020-07-26,US,Illinois,Vermilion,174,2,0,40.18417171,-87.73384359,17183.0,229.67871379920268,1.1494252873563218,172,170,2,0,168,164,76806,4,0,0,4,6
2020-07-26,US,Illinois,Wabash,25,0,0,38.44272901,-87.84922065,17185.0,217.01388888888889,0.0,25,25,0,0,25,25,11549,0,0,0,0,0
2020-07-26,US,Illinois,Warren,170,0,0,40.84925021,-90.6147432,17187.0,1009.2614580859653,0.0,170,164,0,0,164,162,17032,6,0,0,6,2
2020-07-26,US,Illinois,Washington,43,0,0,38.35309213,-89.40982703,17189.0,309.6421113271405,0.0,43,43,0,0,43,41,13995,0,0,0,0,2
2020-07-26,US,Illinois,Wayne,29,1,0,38.42955355,-88.42586459,17191.0,178.84674683934628,3.4482758620689653,28,28,1,0,27,27,16332,1,0,0,1,1
2020-07-26,US,Illinois,White,48,0,0,38.08706198,-88.17657461,17193.0,354.58373347122705,0.0,48,41,0,0,41,38,13665,7,0,0,7,3
2020-07-26,US,Illinois,Whiteside,278,16,0,41.75509713,-89.91556058,17195.0,503.85138196647034,5.755395683453237,262,272,16,0,256,266,55626,6,0,0,6,6
2020-07-26,US,Illinois,Will,8101,338,0,41.44619267,-87.97862712,17197.0,1172.7950916621667,4.1723244043945185,7763,8024,338,0,7686,7977,692310,77,0,0,77,47
2020-07-26,US,Illinois,Williamson,265,4,0,37.73033511,-88.92994027,17199.0,397.91582203402567,1.509433962264151,261,248,4,0,244,240,67056,17,0,0,17,8
2020-07-26,US,Illinois,Winnebago,3516,115,0,42.33641854,-89.16085327,17201.0,1244.2846424981951,3.2707622298065986,3401,3486,115,0,3371,3457,284081,30,0,0,30,29
2020-07-26,US,Illinois,Woodford,71,3,0,40.78579374,-89.20973757,17203.0,184.61218440417068,4.225352112676056,68,69,3,0,66,66,38463,2,0,0,2,3
2020-07-26,US,Indiana,Adams,70,1,0,40.7457653,-84.93671406,18001.0,195.65642731363727,1.4285714285714286,69,69,1,0,68,69,35636,1,0,0,1,0
2020-07-26,US,Indiana,Allen,3345,152,0,41.09194313,-85.06800636,18003.0,881.8900128922037,4.544095665171898,3193,3307,151,0,3156,3278,375351,38,1,0,37,29
2020-07-26,US,Indiana,Bartholomew,683,45,0,39.20744865,-85.89558181,18005.0,815.2400959667697,6.588579795021963,638,672,45,0,627,664,82753,11,0,0,11,8
2020-07-26,US,Indiana,Benton,56,0,0,40.60626947,-87.31093999,18007.0,640.1463191586648,0.0,56,56,0,0,56,55,8653,0,0,0,0,1
2020-07-26,US,Indiana,Blackford,48,2,0,40.47388153,-85.32499702,18009.0,408.2326926348017,4.166666666666667,46,48,2,0,46,45,11930,0,0,0,0,3
2020-07-26,US,Indiana,Boone,579,45,0,40.0509304,-86.46841646,18011.0,853.441032973188,7.772020725388602,534,571,45,0,526,564,66999,8,0,0,8,7
2020-07-26,US,Indiana,Brown,63,1,0,39.19605589,-86.22868909,18013.0,417.4397031539889,1.5873015873015872,62,62,1,0,61,61,15234,1,0,0,1,1
2020-07-26,US,Indiana,Carroll,121,2,0,40.580783200000006,-86.56198812,18015.0,597.3243816952165,1.6528925619834711,119,121,2,0,119,120,20127,0,0,0,0,1
2020-07-26,US,Indiana,Cass,1715,9,0,40.76135835,-86.34830753,18017.0,4550.399320756719,0.5247813411078717,1706,1710,9,0,1701,1699,37955,5,0,0,5,11
2020-07-26,US,Indiana,Clark,912,45,0,38.48015445,-85.70510334,18019.0,770.9083531977483,4.934210526315789,867,897,45,0,852,869,117360,15,0,0,15,28
2020-07-26,US,Indiana,Clay,83,5,0,39.39561833,-87.11723506,18021.0,316.4918970448046,6.024096385542169,78,82,5,0,77,80,26170,1,0,0,1,2
2020-07-26,US,Indiana,Clinton,326,3,0,40.30319754,-86.47277257,18023.0,1006.2038951819501,0.9202453987730062,323,321,3,0,318,318,32250,5,0,0,5,3
2020-07-26,US,Indiana,Crawford,40,0,0,38.28814402,-86.44518825,18025.0,378.1790677885979,0.0,40,38,0,0,38,38,10558,2,0,0,2,0
2020-07-26,US,Indiana,Daviess,204,19,0,38.70186039,-87.07185406,18027.0,611.6758118197355,9.31372549019608,185,201,18,0,183,194,33147,3,1,0,2,7
2020-07-26,US,Indiana,DeKalb,198,4,0,41.39804622,-84.99906934,18033.0,455.4341575618171,2.0202020202020203,194,196,4,0,192,194,43226,2,0,0,2,2
2020-07-26,US,Indiana,Dearborn,398,27,0,39.14647946,-84.97333539,18029.0,804.7231994823891,6.78391959798995,371,391,27,0,364,379,49568,7,0,0,7,12
2020-07-26,US,Indiana,Decatur,277,32,0,39.30712658,-85.50087166,18031.0,1042.960954855228,11.552346570397113,245,274,32,0,242,271,26794,3,0,0,3,3
2020-07-26,US,Indiana,Delaware,556,52,0,40.22787247,-85.39732772,18035.0,487.14241906514224,9.352517985611511,504,548,52,0,496,539,114772,8,0,0,8,9
2020-07-26,US,Indiana,Dubois,550,10,0,38.36597551,-86.87924170000002,18037.0,1286.9711718457504,1.818181818181818,540,531,10,0,521,516,42565,19,0,0,19,15
2020-07-26,US,Indiana,Elkhart,4346,70,0,41.59761169,-85.85875695,18039.0,2106.222224376154,1.610676484123332,4276,4308,70,0,4238,4244,205560,38,0,0,38,64
2020-07-26,US,Indiana,Fayette,136,7,0,39.63684962,-85.17797541,18041.0,588.6936196000346,5.147058823529412,129,133,7,0,126,128,23047,3,0,0,3,5
2020-07-26,US,Indiana,Floyd,577,44,0,38.32117957,-85.90385377,18043.0,734.8259086625404,7.625649913344888,533,570,44,0,526,543,77781,7,0,0,7,27
2020-07-26,US,Indiana,Fountain,54,2,0,40.12361933,-87.24217689,18045.0,330.35605040988617,3.703703703703704,52,53,2,0,51,48,16351,1,0,0,1,5
2020-07-26,US,Indiana,Franklin,173,8,0,39.4142482,-85.06062647,18047.0,760.1722471218911,4.624277456647398,165,170,8,0,162,165,22736,3,0,0,3,5
2020-07-26,US,Indiana,Fulton,109,1,0,41.0469907,-86.26252745,18049.0,545.7094222489236,0.9174311926605504,108,108,1,0,107,105,20092,1,0,0,1,3
2020-07-26,US,Indiana,Gibson,180,2,0,38.30393723,-87.58054938,18051.0,534.7752458480644,1.1111111111111112,178,178,2,0,176,175,33452,2,0,0,2,3
2020-07-26,US,Indiana,Grant,460,29,0,40.51587228,-85.65468702,18053.0,699.4176587754109,6.304347826086956,431,454,29,0,425,441,65936,6,0,0,6,13
2020-07-26,US,Indiana,Greene,222,34,0,39.03630547,-86.96223202,18055.0,695.4451475471461,15.315315315315313,188,221,34,0,187,219,32006,1,0,0,1,2
2020-07-26,US,Indiana,Hamilton,2230,103,0,40.07306535,-86.05244729,18057.0,659.7418427210947,4.618834080717488,2127,2182,103,0,2079,2134,330086,48,0,0,48,48
2020-07-26,US,Indiana,Hancock,570,37,0,39.82304555,-85.77566351,18059.0,729.1986490635554,6.491228070175438,533,568,37,0,531,545,76351,2,0,0,2,23
2020-07-26,US,Indiana,Harrison,248,22,0,38.19467379,-86.10948271,18061.0,612.1189682833517,8.870967741935484,226,244,22,0,222,240,40350,4,0,0,4,4
2020-07-26,US,Indiana,Hendricks,1644,105,0,39.76719009,-86.51037283,18063.0,965.2929053320104,6.386861313868612,1539,1630,105,0,1525,1611,167009,14,0,0,14,19
2020-07-26,US,Indiana,Henry,342,18,0,39.93029017,-85.39625719,18065.0,712.9158675894272,5.2631578947368425,324,339,18,0,321,335,48271,3,0,0,3,4
2020-07-26,US,Indiana,Howard,738,63,0,40.48527731,-86.11351892,18067.0,894.068617949215,8.536585365853659,675,732,61,0,671,720,82366,6,2,0,4,12
2020-07-26,US,Indiana,Huntington,115,3,0,40.82907273,-85.48822092,18069.0,314.8959474260679,2.608695652173913,112,114,2,0,112,111,36240,1,1,0,0,3
2020-07-26,US,Indiana,Jackson,525,4,0,38.90915820000001,-86.03851889,18071.0,1186.9503289548054,0.7619047619047619,521,521,4,0,517,519,44111,4,0,0,4,2
2020-07-26,US,Indiana,Jasper,187,2,0,41.02078733,-87.11553319,18073.0,557.1777605625409,1.0695187165775402,185,180,2,0,178,168,33370,7,0,0,7,12
2020-07-26,US,Indiana,Jay,75,0,0,40.43781032,-85.00576229,18075.0,366.9994128009394,0.0,75,75,0,0,75,74,20764,0,0,0,0,1
2020-07-26,US,Indiana,Jefferson,142,2,0,38.78576239,-85.43633383,18077.0,439.5196236226322,1.4084507042253518,140,142,2,0,140,138,32208,0,0,0,0,4
2020-07-26,US,Indiana,Jennings,194,12,0,38.99588883,-85.62710784,18079.0,699.4771948801152,6.185567010309278,182,192,12,0,180,191,27611,2,0,0,2,1
2020-07-26,US,Indiana,Johnson,1549,118,0,39.48994426,-86.10149107,18081.0,979.3446167658236,7.617817947062621,1431,1529,118,0,1411,1516,156225,20,0,0,20,13
2020-07-26,US,Indiana,Knox,105,0,0,38.68861576,-87.4194665,18083.0,286.9322839809805,0.0,105,101,0,0,101,95,36895,4,0,0,4,6
2020-07-26,US,Indiana,Kosciusko,760,11,0,41.24521668,-85.86312322,18085.0,956.5042287555376,1.4473684210526316,749,754,9,0,745,731,79344,6,2,0,4,23
2020-07-26,US,Indiana,LaGrange,524,10,0,41.64232188,-85.42674232,18087.0,1322.7646791538345,1.9083969465648856,514,522,10,0,512,511,39330,2,0,0,2,11
2020-07-26,US,Indiana,LaPorte,751,29,0,41.54366008,-86.74072188,18091.0,683.4231217239371,3.8615179760319576,722,745,29,0,716,736,110007,6,0,0,6,9
2020-07-26,US,Indiana,Lake,6678,265,0,41.41874274,-87.38277575,18089.0,1375.5090186676223,3.968253968253968,6413,6590,265,0,6325,6526,484411,88,0,0,88,64
2020-07-26,US,Indiana,Lawrence,296,27,0,38.84112637,-86.48361629,18093.0,652.4134890897069,9.12162162162162,269,293,27,0,266,291,45668,3,0,0,3,2
2020-07-26,US,Indiana,Madison,760,64,0,40.16143691,-85.71964711,18095.0,586.5600568037108,8.421052631578947,696,753,64,0,689,747,129641,7,0,0,7,6
2020-07-26,US,Indiana,Marion,13700,712,0,39.78163624,-86.13826325,18097.0,1420.3043390815915,5.197080291970803,12988,13549,712,0,12837,13409,954670,151,0,0,151,140
2020-07-26,US,Indiana,Marshall,702,19,0,41.32467367,-86.26185087,18099.0,1517.5753383198585,2.7065527065527064,683,700,19,0,681,695,46248,2,0,0,2,5
2020-07-26,US,Indiana,Martin,39,0,0,38.7099921,-86.80373186,18101.0,380.3022915650902,0.0,39,39,0,0,39,38,10217,0,0,0,0,1
2020-07-26,US,Indiana,Miami,236,2,0,40.76940965,-86.04525048,18103.0,664.4892442842663,0.8474576271186439,234,232,2,0,230,231,35567,4,0,0,4,1
2020-07-26,US,Indiana,Monroe,596,29,0,39.16130004,-86.52414358,18105.0,401.5333724087286,4.865771812080537,567,575,29,0,546,562,146917,21,0,0,21,13
2020-07-26,US,Indiana,Montgomery,317,21,0,40.04034823,-86.89335024,18107.0,826.8558610256143,6.624605678233437,296,315,21,0,294,310,38346,2,0,0,2,5
2020-07-26,US,Indiana,Morgan,393,31,0,39.47899078,-86.44573375,18109.0,557.5337995999375,7.888040712468192,362,385,31,0,354,383,70116,8,0,0,8,2
2020-07-26,US,Indiana,Newton,105,10,0,40.95610449,-87.39635768,18111.0,750.8581235697943,9.523809523809524,95,104,10,0,94,104,14011,1,0,0,1,0
2020-07-26,US,Indiana,Noble,599,28,0,41.39672484,-85.41966713,18113.0,1254.6079088471852,4.674457429048414,571,594,28,0,566,591,47532,5,0,0,5,3
2020-07-26,US,Indiana,Ohio,36,2,0,38.955304999999996,-84.96515993,18115.0,612.7659574468088,5.5555555555555545,34,36,2,0,34,36,5844,0,0,0,0,0
2020-07-26,US,Indiana,Orange,158,24,0,38.54118920000001,-86.49523093,18117.0,804.2349587702331,15.189873417721516,134,157,24,0,133,153,19489,1,0,0,1,4
2020-07-26,US,Indiana,Owen,70,1,0,39.31145587,-86.83900724,18119.0,336.5546420500985,1.4285714285714286,69,70,1,0,69,69,20845,0,0,0,0,1
2020-07-26,US,Indiana,Parke,40,0,0,39.77202286,-87.20375833,18121.0,236.16933341205643,0.0,40,38,0,0,38,35,16927,2,0,0,2,3
2020-07-26,US,Indiana,Perry,163,12,0,38.07809328,-86.63741946,18123.0,850.3312640200322,7.361963190184048,151,163,12,0,151,162,19102,0,0,0,0,1
2020-07-26,US,Indiana,Pike,25,0,0,38.40112197,-87.23574907,18125.0,201.79191218015976,0.0,25,23,0,0,23,21,12410,2,0,0,2,2
2020-07-26,US,Indiana,Porter,1041,38,0,41.45986947,-87.06848888,18127.0,610.9549325367248,3.6503362151777137,1003,1012,38,0,974,995,169594,29,0,0,29,17
2020-07-26,US,Indiana,Posey,143,0,0,38.02097333,-87.86480429,18129.0,562.3943052660559,0.0,143,133,0,0,133,132,25540,10,0,0,10,1
2020-07-26,US,Indiana,Pulaski,69,1,0,41.04166107,-86.69890683,18131.0,558.5687687201488,1.4492753623188406,68,69,1,0,68,69,12469,0,0,0,0,0
2020-07-26,US,Indiana,Putnam,207,8,0,39.66437981,-86.84517605,18133.0,550.8835426868213,3.864734299516908,199,205,8,0,197,202,37779,2,0,0,2,3
2020-07-26,US,Indiana,Randolph,92,4,0,40.15734772,-85.01139319,18135.0,372.9981755524022,4.3478260869565215,88,91,4,0,87,91,24851,1,0,0,1,0
2020-07-26,US,Indiana,Ripley,179,7,0,39.10235626,-85.26212744,18137.0,631.9728851857083,3.910614525139665,172,176,7,0,169,171,28523,3,0,0,3,5
2020-07-26,US,Indiana,Rush,76,4,0,39.62002287,-85.4655599,18139.0,458.3559495808456,5.2631578947368425,72,75,4,0,71,74,16663,1,0,0,1,1
2020-07-26,US,Indiana,Scott,223,10,0,38.68672078,-85.74627859,18143.0,934.1096636367444,4.484304932735426,213,218,10,0,208,215,23878,5,0,0,5,3
2020-07-26,US,Indiana,Shelby,491,25,0,39.52305623,-85.79158570000001,18145.0,1097.7218359453598,5.091649694501019,466,489,25,0,464,483,44593,2,0,0,2,6
2020-07-26,US,Indiana,Spencer,102,1,0,38.01519732,-87.0079644,18147.0,503.0329930463086,0.9803921568627452,101,101,1,0,100,100,20327,1,0,0,1,1
2020-07-26,US,Indiana,St. Joseph,2801,76,0,41.61756781,-86.29040834,18141.0,1030.4385893917433,2.7133166726169224,2725,2743,75,0,2668,2716,270771,58,1,0,57,27
2020-07-26,US,Indiana,Starke,150,4,0,41.27890281,-86.64686895,18149.0,652.3157208088712,2.6666666666666665,146,147,4,0,143,143,22935,3,0,0,3,4
2020-07-26,US,Indiana,Steuben,185,3,0,41.64423868,-85.00101094,18151.0,534.7748164421575,1.6216216216216215,182,182,3,0,179,175,34586,3,0,0,3,7
2020-07-26,US,Indiana,Sullivan,66,1,0,39.08952258,-87.41414469,18153.0,319.318786588611,1.5151515151515151,65,66,1,0,65,66,20690,0,0,0,0,0
2020-07-26,US,Indiana,Switzerland,37,0,0,38.82767338,-85.03022429,18155.0,344.1540321830526,0.0,37,37,0,0,37,37,10717,0,0,0,0,0
2020-07-26,US,Indiana,Tippecanoe,972,11,0,40.38872739,-86.89413959,18157.0,496.5973882655877,1.131687242798354,961,960,11,0,949,942,193048,12,0,0,12,18
2020-07-26,US,Indiana,Tipton,74,2,0,40.31123252,-86.05234925,18159.0,488.51333509374183,2.702702702702702,72,67,2,0,65,66,15128,7,0,0,7,1
2020-07-26,US,Indiana,Unassigned,0,197,0,0.0,0.0,90018.0,0.0,0.0,-197,0,197,0,-197,0,,0,0,0,0,0
2020-07-26,US,Indiana,Union,22,0,0,39.62550777,-84.92497066,18161.0,311.8797845194216,0.0,22,22,0,0,22,22,7037,0,0,0,0,0
2020-07-26,US,Indiana,Vanderburgh,1433,7,0,38.02658833,-87.58763124,18163.0,789.7448898049611,0.4884856943475227,1426,1394,7,0,1387,1341,180974,39,0,0,39,53
2020-07-26,US,Indiana,Vermillion,22,0,0,39.8523352,-87.46160542,18165.0,141.95380049038585,0.0,22,22,0,0,22,20,15479,0,0,0,0,2
2020-07-26,US,Indiana,Vigo,379,9,0,39.42944561,-87.39169027,18167.0,354.07985948915336,2.3746701846965697,370,359,9,0,350,338,107386,20,0,0,20,21
2020-07-26,US,Indiana,Wabash,144,3,0,40.84704239,-85.79328272,18169.0,464.57607433217186,2.083333333333333,141,140,3,0,137,137,31280,4,0,0,4,3
2020-07-26,US,Indiana,Warren,19,1,0,40.34728141,-87.35602659,18171.0,229.88505747126442,5.2631578947368425,18,19,1,0,18,19,8263,0,0,0,0,0
2020-07-26,US,Indiana,Warrick,426,29,0,38.08922676,-87.2716085,18173.0,676.2119432362932,6.807511737089202,397,417,29,0,388,404,62567,9,0,0,9,13
2020-07-26,US,Indiana,Washington,87,1,0,38.60219804,-86.1049363,18175.0,310.3153088885718,1.1494252873563218,86,84,1,0,83,82,27943,3,0,0,3,2
2020-07-26,US,Indiana,Wayne,262,7,0,39.863344399999995,-85.01044989,18177.0,397.6686297128286,2.6717557251908395,255,253,7,0,246,245,65936,9,0,0,9,8
2020-07-26,US,Indiana,Wells,115,1,0,40.72934187,-85.22132966,18179.0,406.41786824992926,0.8695652173913043,114,110,1,0,109,110,28206,5,0,0,5,0
2020-07-26,US,Indiana,White,326,10,0,40.74911165,-86.86492015,18181.0,1352.5848477304787,3.0674846625766867,316,320,10,0,310,315,24133,6,0,0,6,5
2020-07-26,US,Indiana,Whitley,136,6,0,41.13863784,-85.50791236,18183.0,400.4239783299965,4.411764705882354,130,133,6,0,127,129,34074,3,0,0,3,4
2020-07-26,US,Iowa,Adair,20,0,0,41.33075609,-94.47105874,19001.0,279.6420581655481,0.0,20,20,0,0,20,20,7063,0,0,0,0,0
2020-07-26,US,Iowa,Adams,13,0,0,41.02903567,-94.69932645,19003.0,360.9106052193227,0.0,13,12,0,0,12,12,3645,1,0,0,1,0
2020-07-26,US,Iowa,Allamakee,145,4,0,43.28383218,-91.37860922,19005.0,1059.3994301161686,2.7586206896551726,141,144,4,0,140,144,13832,1,0,0,1,0
2020-07-26,US,Iowa,Appanoose,36,3,0,40.74324454,-92.86865906,19007.0,289.71511347175283,8.333333333333334,33,36,3,0,33,34,12437,0,0,0,0,2
2020-07-26,US,Iowa,Audubon,25,1,0,41.6844628,-94.90581859,19009.0,454.8762736535662,4.0,24,26,1,0,25,24,5506,-1,0,0,-1,2
2020-07-26,US,Iowa,Benton,113,1,0,42.08011739,-92.06463573,19011.0,440.63170208617663,0.8849557522123894,112,110,1,0,109,106,25642,3,0,0,3,4
2020-07-26,US,Iowa,Black Hawk,2850,62,0,42.4704581,-92.30524729,19013.0,2171.7926052366875,2.175438596491228,2788,2838,61,0,2777,2805,132408,12,1,0,11,33
2020-07-26,US,Iowa,Boone,214,1,0,42.03657094,-93.9313999,19015.0,815.7353053289626,0.4672897196261682,213,212,1,0,211,210,26346,2,0,0,2,2
2020-07-26,US,Iowa,Bremer,164,7,0,42.77461496,-92.31795937,19017.0,654.3771446811908,4.2682926829268295,157,164,7,0,157,157,24947,0,0,0,0,7
2020-07-26,US,Iowa,Buchanan,90,1,0,42.4709188,-91.83510825,19019.0,425.0295159386068,1.1111111111111112,89,88,1,0,87,87,21199,2,0,0,2,1
2020-07-26,US,Iowa,Buena Vista,1775,12,0,42.73545875,-95.15100162,19021.0,9046.890927624872,0.676056338028169,1763,1774,12,0,1762,1773,19874,1,0,0,1,1
2020-07-26,US,Iowa,Butler,97,2,0,42.73172833,-92.79015971,19023.0,671.7916753237757,2.061855670103093,95,93,2,0,91,89,14539,4,0,0,4,4
2020-07-26,US,Iowa,Calhoun,73,2,0,42.38521079,-94.64046046,19025.0,755.0682664460074,2.7397260273972597,71,72,2,0,70,72,9699,1,0,0,1,0
2020-07-26,US,Iowa,Carroll,169,1,0,42.03617207,-94.86032705,19027.0,838.0857922142326,0.591715976331361,168,161,1,0,160,161,20154,8,0,0,8,0
2020-07-26,US,Iowa,Cass,37,0,0,41.33149454,-94.92792482,19029.0,288.2517918354628,0.0,37,36,0,0,36,35,12930,1,0,0,1,1
2020-07-26,US,Iowa,Cedar,109,1,0,41.77233777,-91.13246684,19031.0,585.1720620604499,0.9174311926605504,108,109,1,0,108,106,18627,0,0,0,0,3
2020-07-26,US,Iowa,Cerro Gordo,534,16,0,43.08177563,-93.2612239,19033.0,1257.9505300353358,2.9962546816479403,518,523,16,0,507,509,42647,11,0,0,11,14
2020-07-26,US,Iowa,Cherokee,96,1,0,42.73538914,-95.62389402,19035.0,854.4726301735648,1.0416666666666667,95,94,1,0,93,94,11321,2,0,0,2,0
2020-07-26,US,Iowa,Chickasaw,45,0,0,43.06001295,-92.31773347,19037.0,377.1055057403838,0.0,45,45,0,0,45,44,11964,0,0,0,0,1
2020-07-26,US,Iowa,Clarke,161,3,0,41.02868181,-93.78499767,19039.0,1713.6774880255452,1.8633540372670807,158,161,3,0,158,158,9423,0,0,0,0,3
2020-07-26,US,Iowa,Clay,166,1,0,43.08247182,-95.15096481,19041.0,1036.4635364635365,0.6024096385542169,165,165,1,0,164,164,16134,1,0,0,1,1
2020-07-26,US,Iowa,Clayton,79,3,0,42.84443388,-91.34133693,19043.0,450.1681007464812,3.79746835443038,76,78,3,0,75,74,17556,1,0,0,1,4
2020-07-26,US,Iowa,Clinton,235,2,0,41.89981633,-90.53275096,19045.0,506.14917400762454,0.851063829787234,233,221,2,0,219,209,46518,14,0,0,14,12
2020-07-26,US,Iowa,Crawford,697,3,0,42.03718237,-95.3819718,19047.0,4143.876337693222,0.430416068866571,694,693,3,0,690,689,17158,4,0,0,4,4
2020-07-26,US,Iowa,Dallas,1670,34,0,41.68560356,-94.04127625,19049.0,1786.9945320107431,2.035928143712575,1636,1650,34,0,1616,1637,90180,20,0,0,20,13
2020-07-26,US,Iowa,Davis,48,1,0,40.74773536,-92.41005468,19051.0,533.3333333333334,2.083333333333333,47,48,1,0,47,48,9017,0,0,0,0,0
2020-07-26,US,Iowa,Decatur,17,0,0,40.73742757,-93.78645949,19053.0,216.01016518424402,0.0,17,17,0,0,17,17,7890,0,0,0,0,0
2020-07-26,US,Iowa,Delaware,78,1,0,42.47104597,-91.3664492,19055.0,458.5268355769796,1.2820512820512822,77,75,1,0,74,74,17069,3,0,0,3,1
2020-07-26,US,Iowa,Des Moines,127,2,0,40.92012606,-91.18326592,19057.0,325.9168013960532,1.5748031496062993,125,127,2,0,125,127,39138,0,0,0,0,0
2020-07-26,US,Iowa,Dickinson,357,4,0,43.37787725,-95.1510206,19059.0,2068.6058639471553,1.1204481792717087,353,355,4,0,351,355,17153,2,0,0,2,0
2020-07-26,US,Iowa,Dubuque,1355,26,0,42.46815349,-90.88181925,19061.0,1392.442786529786,1.9188191881918817,1329,1340,26,0,1314,1324,96854,15,0,0,15,16
2020-07-26,US,Iowa,Emmet,144,1,0,43.37782951,-94.67858943,19063.0,1563.8575152041706,0.6944444444444444,143,139,1,0,138,138,9253,5,0,0,5,1
2020-07-26,US,Iowa,Fayette,71,0,0,42.86271799,-91.8441231,19065.0,361.3231552162849,0.0,71,72,0,0,72,69,19660,-1,0,0,-1,3
2020-07-26,US,Iowa,Floyd,95,2,0,43.06000529999999,-92.78940097,19067.0,607.3392149341516,2.1052631578947367,93,95,2,0,93,96,15761,0,0,0,0,-1
2020-07-26,US,Iowa,Franklin,170,3,0,42.73270384,-93.26256925,19069.0,1688.1827209533267,1.7647058823529411,167,167,3,0,164,163,10124,3,0,0,3,4
2020-07-26,US,Iowa,Fremont,24,0,0,40.74542720000001,-95.60129045,19071.0,344.82758620689657,0.0,24,23,0,0,23,22,6993,1,0,0,1,1
2020-07-26,US,Iowa,Greene,37,0,0,42.03614551,-94.39658081,19073.0,416.2916291629163,0.0,37,37,0,0,37,37,8981,0,0,0,0,0
2020-07-26,US,Iowa,Grundy,65,1,0,42.40183723,-92.78829551,19075.0,531.3930673642903,1.5384615384615383,64,65,1,0,64,64,12304,0,0,0,0,1
2020-07-26,US,Iowa,Guthrie,119,5,0,41.68378965,-94.50111014,19077.0,1113.2940406024886,4.201680672268908,114,118,5,0,113,115,10720,1,0,0,1,3
2020-07-26,US,Iowa,Hamilton,217,1,0,42.38382428,-93.70197703,19079.0,1468.8959588438368,0.4608294930875576,216,217,1,0,216,215,14952,0,0,0,0,2
2020-07-26,US,Iowa,Hancock,105,2,0,43.08178477,-93.73454884,19081.0,987.7704609595484,1.9047619047619049,103,102,2,0,100,98,10712,3,0,0,3,4
2020-07-26,US,Iowa,Hardin,138,0,0,42.38353877,-93.23654611,19083.0,819.1855633384779,0.0,138,129,0,0,129,124,16868,9,0,0,9,5
2020-07-26,US,Iowa,Harrison,83,0,0,41.68330137,-95.81558439,19085.0,590.7893800270483,0.0,83,82,0,0,82,78,14134,1,0,0,1,4
2020-07-26,US,Iowa,Henry,104,3,0,40.98767962,-91.54436349,19087.0,521.1987571414253,2.8846153846153846,101,104,3,0,101,103,20067,0,0,0,0,1
2020-07-26,US,Iowa,Howard,44,0,0,43.35671042,-92.31702714,19089.0,480.4542476523258,0.0,44,44,0,0,44,45,9187,0,0,0,0,-1
2020-07-26,US,Iowa,Humboldt,72,1,0,42.7764426,-94.20722537,19091.0,753.2956685499057,1.3888888888888888,71,72,1,0,71,73,9547,0,0,0,0,-1
2020-07-26,US,Iowa,Ida,29,0,0,42.38696136,-95.51355387,19093.0,422.7405247813411,0.0,29,28,0,0,28,27,6841,1,0,0,1,1
2020-07-26,US,Iowa,Iowa,75,1,0,41.68630265,-92.0643373,19095.0,463.4206623826001,1.3333333333333333,74,73,1,0,72,71,16141,2,0,0,2,2
2020-07-26,US,Iowa,Jackson,123,0,0,42.17178824,-90.57354837,19097.0,632.7485981789188,0.0,123,120,0,0,120,113,19432,3,0,0,3,7
2020-07-26,US,Iowa,Jasper,438,22,0,41.68576082,-93.05567785,19099.0,1177.8943122226704,5.0228310502283104,416,427,22,0,405,424,37147,11,0,0,11,3
2020-07-26,US,Iowa,Jefferson,71,0,0,41.03192394,-91.94849466,19101.0,388.0841760043728,0.0,71,71,0,0,71,69,18381,0,0,0,0,2
2020-07-26,US,Iowa,Johnson,1751,10,0,41.67169354,-91.58754744,19103.0,1158.5285166071194,0.5711022272986864,1741,1735,10,0,1725,1720,151260,16,0,0,16,15
2020-07-26,US,Iowa,Jones,107,1,0,42.12118609,-91.13139641,19105.0,517.3831052657029,0.9345794392523364,106,106,1,0,105,106,20744,1,0,0,1,0
2020-07-26,US,Iowa,Keokuk,28,1,0,41.33649833,-92.1785067,19107.0,273.27737653718526,3.571428571428572,27,27,1,0,26,27,10225,1,0,0,1,0
2020-07-26,US,Iowa,Kossuth,72,0,0,43.20405458,-94.20691791,19109.0,486.05954229393103,0.0,72,72,0,0,72,72,14908,0,0,0,0,0
2020-07-26,US,Iowa,Lee,76,2,0,40.64181461,-91.48183025,19111.0,225.8074100484297,2.631578947368421,74,72,2,0,70,70,34055,4,0,0,4,2
2020-07-26,US,Iowa,Linn,1826,87,0,42.07923082,-91.59809485,19113.0,805.4484662955548,4.764512595837896,1739,1800,87,0,1713,1754,225909,26,0,0,26,46
2020-07-26,US,Iowa,Louisa,374,13,0,41.21842119,-91.26102611,19115.0,3389.216130493883,3.475935828877005,361,374,13,0,361,374,11169,0,0,0,0,0
2020-07-26,US,Iowa,Lucas,40,4,0,41.02958964,-93.32780803,19117.0,465.11627906976736,10.0,36,40,4,0,36,39,8645,0,0,0,0,1
2020-07-26,US,Iowa,Lyon,90,0,0,43.38107862,-96.20926845,19119.0,765.6316461080391,0.0,90,89,0,0,89,87,11811,1,0,0,1,2
2020-07-26,US,Iowa,Madison,85,2,0,41.33081904,-94.01554631,19121.0,520.2595176888236,2.3529411764705883,83,85,2,0,83,83,16249,0,0,0,0,2
2020-07-26,US,Iowa,Mahaska,132,17,0,41.33521503,-92.64083907,19123.0,597.4202308214527,12.87878787878788,115,132,17,0,115,131,22000,0,0,0,0,1
2020-07-26,US,Iowa,Marion,136,0,0,41.33445101,-93.09934783,19125.0,408.98565542958534,0.0,136,129,0,0,129,127,33407,7,0,0,7,2
2020-07-26,US,Iowa,Marshall,1298,23,0,42.03586837,-92.9990819,19127.0,3297.0103380832634,1.7719568567026194,1275,1285,22,0,1263,1277,39981,13,1,0,12,8
2020-07-26,US,Iowa,Mills,68,0,0,41.03299766,-95.61920963,19129.0,450.06287643126615,0.0,68,66,0,0,66,66,15063,2,0,0,2,0
2020-07-26,US,Iowa,Mitchell,76,0,0,43.35638371,-92.78887719,19131.0,717.9293406385792,0.0,76,76,0,0,76,72,10569,0,0,0,0,4
2020-07-26,US,Iowa,Monona,86,0,0,42.05220391,-95.95743843,19133.0,998.2588508415552,0.0,86,86,0,0,86,85,8679,0,0,0,0,1
2020-07-26,US,Iowa,Monroe,65,7,0,41.02988815,-92.8690667,19135.0,843.3891267678732,10.769230769230768,58,65,7,0,58,63,7790,0,0,0,0,2
2020-07-26,US,Iowa,Montgomery,38,2,0,41.03018714,-95.15642896,19137.0,383.1803972975698,5.2631578947368425,36,31,2,0,29,30,10003,7,0,0,7,1
2020-07-26,US,Iowa,Muscatine,770,46,0,41.48370744,-91.1121697,19139.0,1804.8003000187512,5.974025974025973,724,764,46,0,718,756,42929,6,0,0,6,8
2020-07-26,US,Iowa,O'Brien,111,1,0,43.08310673,-95.62474482,19141.0,807.0966334617901,0.9009009009009008,110,110,1,0,109,110,13840,1,0,0,1,0
2020-07-26,US,Iowa,Osceola,75,0,0,43.37824276,-95.62422844,19143.0,1258.8116817724072,0.0,75,74,0,0,74,74,6040,1,0,0,1,0
2020-07-26,US,Iowa,Page,56,0,0,40.7393172,-95.1497813,19145.0,370.6890845303502,0.0,56,41,0,0,41,41,15249,15,0,0,15,0
2020-07-26,US,Iowa,Palo Alto,63,0,0,43.08193849,-94.67824621,19147.0,708.9804186360568,0.0,63,62,0,0,62,62,8929,1,0,0,1,0
2020-07-26,US,Iowa,Plymouth,411,7,0,42.737633,-96.21366621,19149.0,1632.4423084561304,1.70316301703163,404,408,6,0,402,406,25095,3,1,0,2,2
2020-07-26,US,Iowa,Pocahontas,111,1,0,42.73420133,-94.67862564,19151.0,1676.9904819459134,0.9009009009009008,110,111,1,0,110,111,6740,0,0,0,0,0
2020-07-26,US,Iowa,Polk,9080,191,0,41.68679484,-93.57767461,19153.0,1852.4525615053005,2.10352422907489,8889,8985,191,0,8794,8906,487204,95,0,0,95,79
2020-07-26,US,Iowa,Pottawattamie,1040,18,0,41.33640314,-95.53907776,19155.0,1115.8079951934426,1.7307692307692308,1022,1027,18,0,1009,1016,93533,13,0,0,13,11
2020-07-26,US,Iowa,Poweshiek,123,8,0,41.68625425,-92.53155731,19157.0,664.7211413748379,6.5040650406504055,115,123,8,0,115,121,18699,0,0,0,0,2
2020-07-26,US,Iowa,Ringgold,21,1,0,40.73518949,-94.24368535,19159.0,429.09685328974257,4.761904761904762,20,21,1,0,20,21,4968,0,0,0,0,0
2020-07-26,US,Iowa,Sac,76,0,0,42.38624071,-95.10547892,19161.0,781.8125707231766,0.0,76,75,0,0,75,76,9719,1,0,0,1,-1
2020-07-26,US,Iowa,Scott,1483,11,0,41.63935978,-90.61959493,19163.0,857.5079650520693,0.7417397167902899,1472,1458,11,0,1447,1434,173283,25,0,0,25,24
2020-07-26,US,Iowa,Shelby,133,0,0,41.6850066,-95.31015553,19165.0,1161.1664047494326,0.0,133,133,0,0,133,129,11578,0,0,0,0,4
2020-07-26,US,Iowa,Sioux,560,1,0,43.08221074,-96.1767568,19167.0,1606.6561468942764,0.17857142857142858,559,557,1,0,556,555,34909,3,0,0,3,2
2020-07-26,US,Iowa,Story,1045,11,0,42.03621213,-93.46499005,19169.0,1076.0217057775674,1.0526315789473684,1034,1035,11,0,1024,1026,98105,10,0,0,10,9
2020-07-26,US,Iowa,Tama,520,29,0,42.07991767,-92.53266945,19171.0,3085.320992049365,5.5769230769230775,491,519,29,0,490,517,16904,1,0,0,1,2
2020-07-26,US,Iowa,Taylor,93,0,0,40.73710579,-94.69778563,19173.0,1519.3595817676846,0.0,93,88,0,0,88,87,6191,5,0,0,5,1
2020-07-26,US,Iowa,Unassigned,5,0,0,0.0,0.0,90019.0,0.0,0.0,5,8,0,0,8,3,,-3,0,0,-3,5
2020-07-26,US,Iowa,Union,64,1,0,41.0277278,-94.24234847,19175.0,522.8331018707622,1.5625,63,64,1,0,63,61,12359,0,0,0,0,3
2020-07-26,US,Iowa,Van Buren,23,1,0,40.75326764,-91.95017958,19177.0,326.519023282226,4.3478260869565215,22,23,1,0,22,22,7020,0,0,0,0,1
2020-07-26,US,Iowa,Wapello,788,31,0,41.03064984,-92.40954728,19179.0,2253.424461666047,3.934010152284264,757,781,31,0,750,777,35205,7,0,0,7,4
2020-07-26,US,Iowa,Warren,468,1,0,41.33559454,-93.56007641,19181.0,909.3382038627444,0.21367521367521367,467,457,1,0,456,442,51056,11,0,0,11,15
2020-07-26,US,Iowa,Washington,278,9,0,41.33577126,-91.71725711,19183.0,1265.649897564307,3.2374100719424463,269,277,9,0,268,276,22141,1,0,0,1,1
2020-07-26,US,Iowa,Wayne,14,1,0,40.73969028,-93.32752197,19185.0,217.3575531749728,7.142857142857142,13,13,1,0,12,13,6401,1,0,0,1,0
2020-07-26,US,Iowa,Webster,609,5,0,42.42853483,-94.17987389,19187.0,1696.1898395721923,0.8210180623973727,604,581,5,0,576,578,36277,28,0,0,28,3
2020-07-26,US,Iowa,Winnebago,68,0,0,43.37751174,-93.73407298,19189.0,656.7510141008306,0.0,68,66,0,0,66,64,10518,2,0,0,2,2
2020-07-26,US,Iowa,Winneshiek,71,1,0,43.29094334,-91.84422722,19191.0,355.159821919864,1.4084507042253518,70,69,1,0,68,67,20029,2,0,0,2,2
2020-07-26,US,Iowa,Woodbury,3554,47,0,42.38979414,-96.0459439,19193.0,3446.9046718457525,1.322453573438379,3507,3539,47,0,3492,3525,102539,15,0,0,15,14
2020-07-26,US,Iowa,Worth,50,0,0,43.37750768,-93.26087602,19195.0,677.4149844194552,0.0,50,48,0,0,48,47,7453,2,0,0,2,1
2020-07-26,US,Iowa,Wright,427,1,0,42.73305373,-93.73515113,19197.0,3399.140264289125,0.234192037470726,426,427,1,0,426,426,12690,0,0,0,0,1
2020-07-26,US,Kansas,Allen,11,0,0,37.88582951,-95.30030847,20001.0,88.9320074379497,0.0,11,11,0,0,11,11,12444,0,0,0,0,0
2020-07-26,US,Kansas,Anderson,25,0,0,38.21413251,-95.29272815,20003.0,318.14711122423006,0.0,25,25,0,0,25,25,7878,0,0,0,0,0
2020-07-26,US,Kansas,Atchison,56,0,0,39.53185661,-95.30870026,20005.0,348.4103776519629,0.0,56,56,0,0,56,56,16193,0,0,0,0,0
2020-07-26,US,Kansas,Barber,4,0,0,37.2288586,-98.68460053,20007.0,90.35464196973119,0.0,4,4,0,0,4,4,4472,0,0,0,0,0
2020-07-26,US,Kansas,Barton,92,3,0,38.47889676,-98.75636726,20009.0,356.87963070716467,3.260869565217391,89,92,3,0,89,88,26111,0,0,0,0,4
2020-07-26,US,Kansas,Bourbon,62,1,0,37.85508555,-94.84865997,20011.0,426.58593642493446,1.6129032258064515,61,62,1,0,61,62,14653,0,0,0,0,0
2020-07-26,US,Kansas,Brown,27,0,0,39.82652589,-95.56421698,20013.0,282.3086574654956,0.0,27,27,0,0,27,27,9598,0,0,0,0,0
2020-07-26,US,Kansas,Butler,155,0,0,37.78134351,-96.83878537,20015.0,231.65099908834117,0.0,155,155,0,0,155,155,66765,0,0,0,0,0
2020-07-26,US,Kansas,Chase,6,0,0,38.30292938,-96.59563862,20017.0,226.5861027190332,0.0,6,6,0,0,6,6,2629,0,0,0,0,0
2020-07-26,US,Kansas,Chautauqua,5,0,0,37.14994405,-96.2454192,20019.0,153.84615384615384,0.0,5,5,0,0,5,5,3309,0,0,0,0,0
2020-07-26,US,Kansas,Cherokee,64,1,0,37.16928494,-94.8462897,20021.0,320.97898590701635,1.5625,63,64,1,0,63,64,20015,0,0,0,0,0
2020-07-26,US,Kansas,Cheyenne,2,0,0,39.78580976,-101.7318201,20023.0,75.27286413248024,0.0,2,2,0,0,2,2,2660,0,0,0,0,0
2020-07-26,US,Kansas,Clark,40,1,0,37.23577007,-99.81883015,20025.0,2006.0180541624875,2.5,39,40,1,0,39,40,2005,0,0,0,0,0
2020-07-26,US,Kansas,Clay,15,2,0,39.34948772,-97.16518128,20027.0,187.45313671582105,13.333333333333336,13,15,2,0,13,15,7997,0,0,0,0,0
2020-07-26,US,Kansas,Cloud,26,0,0,39.48028352,-97.64925343,20029.0,295.92533576143865,0.0,26,26,0,0,26,26,8729,0,0,0,0,0
2020-07-26,US,Kansas,Coffey,63,8,0,38.2365018,-95.73379515,20031.0,770.2653136080205,12.698412698412698,55,63,8,0,55,63,8233,0,0,0,0,0
2020-07-26,US,Kansas,Comanche,3,0,0,37.19114520000001,-99.27113247,20033.0,176.47058823529412,0.0,3,3,0,0,3,3,1748,0,0,0,0,0
2020-07-26,US,Kansas,Cowley,128,2,0,37.23781842,-96.83776647,20035.0,366.6781253580841,1.5625,126,128,2,0,126,128,35218,0,0,0,0,0
2020-07-26,US,Kansas,Crawford,358,1,0,37.50675523,-94.85245778,20037.0,922.252563243856,0.2793296089385475,357,358,1,0,357,358,39019,0,0,0,0,0
2020-07-26,US,Kansas,Decatur,5,0,0,39.78468441,-100.45940809999999,20039.0,176.86593562079943,0.0,5,5,0,0,5,5,2871,0,0,0,0,0
2020-07-26,US,Kansas,Dickinson,35,1,0,38.86600962,-97.15532383,20041.0,189.53752843062927,2.8571428571428568,34,35,1,0,34,35,18717,0,0,0,0,0
2020-07-26,US,Kansas,Doniphan,43,0,0,39.79067154,-95.14056866,20043.0,565.7894736842105,0.0,43,43,0,0,43,43,7682,0,0,0,0,0
2020-07-26,US,Kansas,Douglas,588,2,0,38.88503636,-95.2925121,20045.0,480.9461880106986,0.3401360544217687,586,588,2,0,586,588,121436,0,0,0,0,0
2020-07-26,US,Kansas,Edwards,9,0,0,37.88735543,-99.31263309,20047.0,321.6583273766976,0.0,9,9,0,0,9,9,2849,0,0,0,0,0
2020-07-26,US,Kansas,Elk,1,0,0,37.45338105,-96.24369667,20049.0,39.52569169960474,0.0,1,1,0,0,1,1,2508,0,0,0,0,0
2020-07-26,US,Kansas,Ellis,105,0,0,38.91458712,-99.31751551,20051.0,367.73719048786484,0.0,105,105,0,0,105,105,28710,0,0,0,0,0
2020-07-26,US,Kansas,Ellsworth,15,0,0,38.69677695,-98.20462799,20053.0,245.8210422812193,0.0,15,15,0,0,15,15,6196,0,0,0,0,0
2020-07-26,US,Kansas,Finney,1672,10,0,38.04340344,-100.73819379999999,20055.0,4584.967230646887,0.5980861244019139,1662,1672,10,0,1662,1672,36611,0,0,0,0,0
2020-07-26,US,Kansas,Ford,1998,8,0,37.69200114,-99.88825298,20057.0,5943.067908028198,0.4004004004004004,1990,1998,8,0,1990,1998,33888,0,0,0,0,0
2020-07-26,US,Kansas,Franklin,128,1,0,38.56443815,-95.28644341,20059.0,501.0961478233637,0.78125,127,128,1,0,127,128,25631,0,0,0,0,0
2020-07-26,US,Kansas,Geary,113,1,0,38.99871131,-96.7577178,20061.0,356.8045468898011,0.8849557522123894,112,113,1,0,112,113,32594,0,0,0,0,0
2020-07-26,US,Kansas,Gove,3,0,0,38.91588178,-100.4829321,20063.0,113.80880121396058,0.0,3,3,0,0,3,3,2612,0,0,0,0,0
2020-07-26,US,Kansas,Graham,9,0,0,39.34987223,-99.88332493,20065.0,362.61079774375503,0.0,9,9,0,0,9,9,2492,0,0,0,0,0
2020-07-26,US,Kansas,Grant,88,2,0,37.56227336,-101.3079758,20067.0,1230.7692307692307,2.272727272727273,86,88,2,0,86,88,7336,0,0,0,0,0
2020-07-26,US,Kansas,Gray,51,0,0,37.73836671,-100.4369088,20069.0,851.7034068136273,0.0,51,51,0,0,51,51,6033,0,0,0,0,0
2020-07-26,US,Kansas,Greeley,3,0,0,38.4808095,-101.8061079,20071.0,243.50649350649346,0.0,3,3,0,0,3,3,1227,0,0,0,0,0
2020-07-26,US,Kansas,Greenwood,14,0,0,37.8774388,-96.23250453,20073.0,234.0354396522902,0.0,14,14,0,0,14,14,6055,0,0,0,0,0
2020-07-26,US,Kansas,Hamilton,35,0,0,37.99978709,-101.7921066,20075.0,1378.4954706577396,0.0,35,35,0,0,35,35,2607,0,0,0,0,0
2020-07-26,US,Kansas,Harper,8,0,0,37.19175361,-98.07578384,20077.0,147.16703458425312,0.0,8,8,0,0,8,8,5506,0,0,0,0,0
2020-07-26,US,Kansas,Harvey,134,1,0,38.04293782,-97.42747573,20079.0,389.20677335966775,0.746268656716418,133,134,1,0,133,129,34210,0,0,0,0,5
2020-07-26,US,Kansas,Haskell,46,0,0,37.562039399999996,-100.8710738,20081.0,1159.274193548387,0.0,46,46,0,0,46,35,3997,0,0,0,0,11
2020-07-26,US,Kansas,Hodgeman,10,0,0,38.08780079,-99.89829881,20083.0,557.4136008918617,0.0,10,10,0,0,10,10,1818,0,0,0,0,0
2020-07-26,US,Kansas,Jackson,131,1,0,39.41673394,-95.79356799,20085.0,994.609369068408,0.7633587786259542,130,131,1,0,130,131,13280,0,0,0,0,0
2020-07-26,US,Kansas,Jefferson,47,0,0,39.2347941,-95.38289232,20087.0,246.80985138896182,0.0,47,47,0,0,47,47,18975,0,0,0,0,0
2020-07-26,US,Kansas,Jewell,8,0,0,39.78470589,-98.21820662,20089.0,277.8742618964918,0.0,8,8,0,0,8,8,2841,0,0,0,0,0
2020-07-26,US,Kansas,Johnson,4455,94,0,38.88548175,-94.82250877,20091.0,739.5406050122757,2.1099887766554435,4361,4387,94,0,4293,4280,597555,68,0,0,68,107
2020-07-26,US,Kansas,Kearny,53,1,0,38.00017981,-101.32168100000001,20093.0,1380.9275664408551,1.8867924528301887,52,53,1,0,52,53,3943,0,0,0,0,0
2020-07-26,US,Kansas,Kingman,7,0,0,37.55909527,-98.13638678,20095.0,97.87472035794184,0.0,7,7,0,0,7,7,7310,0,0,0,0,0
2020-07-26,US,Kansas,Kiowa,6,0,0,37.55848695,-99.2856537,20097.0,242.42424242424244,0.0,6,6,0,0,6,6,2516,0,0,0,0,0
2020-07-26,US,Kansas,Labette,104,0,0,37.19113093,-95.29849679,20099.0,530.1253950453665,0.0,104,106,0,0,106,106,19964,-2,0,0,-2,0
2020-07-26,US,Kansas,Lane,5,0,0,38.48119447,-100.46607540000001,20101.0,325.73289902280135,0.0,5,5,0,0,5,5,1560,0,0,0,0,0
2020-07-26,US,Kansas,Leavenworth,1337,7,0,39.20183497,-95.03620809,20103.0,1635.3139753907874,0.5235602094240838,1330,1337,7,0,1330,1337,81352,0,0,0,0,0
2020-07-26,US,Kansas,Lincoln,6,0,0,39.04549684,-98.20756994,20105.0,202.56583389601624,0.0,6,6,0,0,6,6,3023,0,0,0,0,0
2020-07-26,US,Kansas,Linn,26,0,0,38.21267844,-94.84254089,20107.0,267.95836339276514,0.0,26,26,0,0,26,25,9750,0,0,0,0,1
2020-07-26,US,Kansas,Logan,2,0,0,38.91735806,-101.148475,20109.0,71.58196134574086,0.0,2,2,0,0,2,2,2844,0,0,0,0,0
2020-07-26,US,Kansas,Lyon,600,8,0,38.45576156,-96.15275715,20111.0,1807.5011296882053,1.3333333333333333,592,600,8,0,592,548,33406,0,0,0,0,52
2020-07-26,US,Kansas,Marion,40,1,0,38.35855394,-97.09852509999999,20115.0,336.5870077415012,2.5,39,40,1,0,39,34,11950,0,0,0,0,6
2020-07-26,US,Kansas,Marshall,7,0,0,39.78359669,-96.52278974,20117.0,72.11290821056969,0.0,7,7,0,0,7,7,9722,0,0,0,0,0
2020-07-26,US,Kansas,McPherson,114,0,0,38.39184858,-97.64769869,20113.0,399.4113937355476,0.0,114,114,0,0,114,114,28537,0,0,0,0,0
2020-07-26,US,Kansas,Meade,36,0,0,37.23859987,-100.36483100000001,20119.0,892.6357550210761,0.0,36,36,0,0,36,36,4146,0,0,0,0,0
2020-07-26,US,Kansas,Miami,92,0,0,38.56383358,-94.83832189,20121.0,268.71513275111715,0.0,92,92,0,0,92,92,33680,0,0,0,0,0
2020-07-26,US,Kansas,Mitchell,25,0,0,39.39331582,-98.20906732,20123.0,418.13012209399557,0.0,25,25,0,0,25,25,6150,0,0,0,0,0
2020-07-26,US,Kansas,Montgomery,120,4,0,37.19236568,-95.74329258,20125.0,377.0146721543247,3.333333333333333,116,120,4,0,116,119,32120,0,0,0,0,1
2020-07-26,US,Kansas,Morris,7,0,0,38.68827511,-96.65128437,20127.0,124.55516014234877,0.0,7,7,0,0,7,7,5521,0,0,0,0,0
2020-07-26,US,Kansas,Morton,9,2,0,37.19141121,-101.79925190000002,20129.0,347.89331271743333,22.222222222222218,7,9,2,0,7,9,2667,0,0,0,0,0
2020-07-26,US,Kansas,Nemaha,42,0,0,39.78345387,-96.01392079,20131.0,410.5170560062555,0.0,42,42,0,0,42,37,10155,0,0,0,0,5
2020-07-26,US,Kansas,Neosho,48,0,0,37.55862897,-95.30670046,20133.0,299.86880739676394,0.0,48,48,0,0,48,48,15951,0,0,0,0,0
2020-07-26,US,Kansas,Ness,5,0,0,38.47974157,-99.91547333,20135.0,181.8181818181818,0.0,5,5,0,0,5,5,2840,0,0,0,0,0
2020-07-26,US,Kansas,Norton,22,0,0,39.78443827,-99.90286639,20137.0,410.37119940309645,0.0,22,22,0,0,22,22,5430,0,0,0,0,0
2020-07-26,US,Kansas,Osage,34,0,0,38.65235984,-95.72707998,20139.0,213.17950968712773,0.0,34,34,0,0,34,34,15941,0,0,0,0,0
2020-07-26,US,Kansas,Osborne,3,0,0,39.3503437,-98.76753828,20141.0,87.69365682548961,0.0,3,3,0,0,3,3,3475,0,0,0,0,0
2020-07-26,US,Kansas,Ottawa,28,0,0,39.13237408,-97.65020313,20143.0,490.8835904628331,0.0,28,28,0,0,28,28,5802,0,0,0,0,0
2020-07-26,US,Kansas,Pawnee,7,0,0,38.18108732,-99.23692334,20145.0,109.13626442157779,0.0,7,7,0,0,7,7,6562,0,0,0,0,0
2020-07-26,US,Kansas,Phillips,41,7,0,39.78465501,-99.34668865,20147.0,783.3397019487962,17.073170731707318,34,41,7,0,34,41,5317,0,0,0,0,0
2020-07-26,US,Kansas,Pottawatomie,99,0,0,39.37925655,-96.34564657,20149.0,406.02058811467003,0.0,99,99,0,0,99,99,24277,0,0,0,0,0
2020-07-26,US,Kansas,Pratt,32,0,0,37.64780729,-98.73922153,20151.0,349.19249236141417,0.0,32,32,0,0,32,32,9378,0,0,0,0,0
2020-07-26,US,Kansas,Reno,201,1,0,37.95230263,-98.08607292,20155.0,324.20400658085737,0.4975124378109453,200,196,1,0,195,193,62342,5,0,0,5,3
2020-07-26,US,Kansas,Republic,23,0,0,39.82799632,-97.65036709,20157.0,496.11734253666947,0.0,23,23,0,0,23,23,4664,0,0,0,0,0
2020-07-26,US,Kansas,Rice,21,0,0,38.34616184,-98.19992118,20159.0,220.19502988361117,0.0,21,21,0,0,21,21,9531,0,0,0,0,0
2020-07-26,US,Kansas,Riley,419,4,0,39.28935726,-96.73420026,20161.0,564.4465998491216,0.9546539379474941,415,419,4,0,415,419,73703,0,0,0,0,0
2020-07-26,US,Kansas,Rooks,13,0,0,39.35022773,-99.32484567,20163.0,264.2276422764228,0.0,13,13,0,0,13,13,5013,0,0,0,0,0
2020-07-26,US,Kansas,Rush,5,0,0,38.52275276,-99.30863983,20165.0,164.69038208168644,0.0,5,5,0,0,5,5,3093,0,0,0,0,0
2020-07-26,US,Kansas,Russell,8,0,0,38.91462787,-98.76254297,20167.0,116.68611435239208,0.0,8,8,0,0,8,7,6907,0,0,0,0,1
2020-07-26,US,Kansas,Saline,313,3,0,38.78369175,-97.65185177,20169.0,577.2351726172913,0.9584664536741214,310,313,3,0,310,313,54401,0,0,0,0,0
2020-07-26,US,Kansas,Scott,22,0,0,38.48222076,-100.90665390000001,20171.0,456.1476259589466,0.0,22,22,0,0,22,22,4897,0,0,0,0,0
2020-07-26,US,Kansas,Sedgwick,3646,36,0,37.6842718,-97.4608198,20173.0,706.5316388976091,0.9873834339001646,3610,3474,36,0,3438,3303,513607,172,0,0,172,171
2020-07-26,US,Kansas,Seward,1154,4,0,37.19324632,-100.85072009999999,20175.0,5385.4769460518955,0.3466204506065858,1150,1154,4,0,1150,1154,21780,0,0,0,0,0
2020-07-26,US,Kansas,Shawnee,1295,19,0,39.04100763,-95.75572640000001,20177.0,732.1554770318021,1.4671814671814671,1276,1266,17,0,1249,1266,177499,29,2,0,27,0
2020-07-26,US,Kansas,Sheridan,7,0,0,39.35018161,-100.44182590000001,20179.0,277.66759222530743,0.0,7,7,0,0,7,7,2533,0,0,0,0,0
2020-07-26,US,Kansas,Sherman,9,0,0,39.35147699,-101.71976240000001,20181.0,152.1041068108839,0.0,9,9,0,0,9,9,5899,0,0,0,0,0
2020-07-26,US,Kansas,Smith,3,0,0,39.78516566,-98.78566062,20183.0,83.72871895060004,0.0,3,3,0,0,3,3,3603,0,0,0,0,0
2020-07-26,US,Kansas,Stafford,2,0,0,38.03100851,-98.71762001,20185.0,48.12319538017324,0.0,2,2,0,0,2,2,4178,0,0,0,0,0
2020-07-26,US,Kansas,Stanton,15,0,0,37.56304714,-101.78435340000001,20187.0,747.7567298105682,0.0,15,15,0,0,15,15,1987,0,0,0,0,0
2020-07-26,US,Kansas,Stevens,40,0,0,37.1923008,-101.3118967,20189.0,729.2616226071103,0.0,40,40,0,0,40,40,5559,0,0,0,0,0
2020-07-26,US,Kansas,Sumner,85,2,0,37.23682549,-97.47721621,20191.0,372.219302855141,2.3529411764705883,83,85,2,0,83,79,22996,0,0,0,0,6
2020-07-26,US,Kansas,Thomas,25,0,0,39.35107575,-101.0553705,20193.0,321.46071750032144,0.0,25,25,0,0,25,25,7711,0,0,0,0,0
2020-07-26,US,Kansas,Trego,5,0,0,38.91467218,-99.87284448,20195.0,178.38030681412772,0.0,5,5,0,0,5,5,2793,0,0,0,0,0
2020-07-26,US,Kansas,Unassigned,0,1,0,0.0,0.0,90020.0,0.0,0.0,-1,0,1,0,-1,0,,0,0,0,0,0
2020-07-26,US,Kansas,Wabaunsee,40,0,0,38.95471985,-96.20350509,20197.0,577.1172990910403,0.0,40,40,0,0,40,40,6899,0,0,0,0,0
2020-07-26,US,Kansas,Washington,2,0,0,39.78420784,-97.08753229999999,20201.0,36.99593044765076,0.0,2,2,0,0,2,2,5420,0,0,0,0,0
2020-07-26,US,Kansas,Wichita,2,0,0,38.48178252,-101.3471509,20203.0,94.38414346389808,0.0,2,2,0,0,2,2,2105,0,0,0,0,0
2020-07-26,US,Kansas,Wilson,6,0,0,37.55937174,-95.74323255,20205.0,70.38123167155425,0.0,6,6,0,0,6,6,8665,0,0,0,0,0
2020-07-26,US,Kansas,Woodson,11,0,0,37.8865336,-95.74006277,20207.0,350.54174633524536,0.0,11,11,0,0,11,11,3183,0,0,0,0,0
2020-07-26,US,Kansas,Wyandotte,4065,91,0,39.11727348,-94.76378225,20209.0,2457.247520084145,2.2386223862238617,3974,4056,91,0,3965,3974,165324,9,0,0,9,82
2020-07-26,US,Kentucky,Adair,183,19,0,37.10459774,-85.28129668,21001.0,953.0257264868244,10.382513661202186,164,182,19,0,163,177,19215,1,0,0,1,5
2020-07-26,US,Kentucky,Allen,211,8,0,36.75197631,-86.19457544,21003.0,989.9132066619752,3.791469194312796,203,210,8,0,202,206,21122,1,0,0,1,4
2020-07-26,US,Kentucky,Anderson,49,1,0,38.00671029,-84.99171713,21005.0,215.4130214973403,2.0408163265306123,48,47,1,0,46,42,22663,2,0,0,2,5
2020-07-26,US,Kentucky,Ballard,28,0,0,37.05842757,-88.99427697,21007.0,354.9695740365112,0.0,28,28,0,0,28,28,7979,0,0,0,0,0
2020-07-26,US,Kentucky,Barren,250,2,0,36.96469836,-85.93338945,21009.0,564.9845194241677,0.8,248,247,2,0,245,233,44176,3,0,0,3,14
2020-07-26,US,Kentucky,Bath,28,1,0,38.14735938,-83.74588932,21011.0,224.0,3.571428571428572,27,27,1,0,26,26,12383,1,0,0,1,1
2020-07-26,US,Kentucky,Bell,230,1,0,36.73355174,-83.67766671,21013.0,883.5279655808235,0.43478260869565216,229,221,1,0,220,213,26569,9,0,0,9,8
2020-07-26,US,Kentucky,Boone,929,24,0,38.97065142,-84.72615357,21015.0,695.4581864187272,2.583423035522067,905,922,24,0,898,906,131533,7,0,0,7,16
2020-07-26,US,Kentucky,Bourbon,63,1,0,38.2054607,-84.21827874,21017.0,318.3747725894481,1.5873015873015872,62,63,1,0,62,61,20184,0,0,0,0,2
2020-07-26,US,Kentucky,Boyd,140,3,0,38.36176608,-82.68652187,21019.0,299.6703626011386,2.142857142857143,137,137,3,0,134,134,47240,3,0,0,3,3
2020-07-26,US,Kentucky,Boyle,101,0,0,37.62680923,-84.8633779,21021.0,335.9946773120426,0.0,101,98,0,0,98,94,30100,3,0,0,3,4
2020-07-26,US,Kentucky,Bracken,27,0,0,38.69158994,-84.08532444,21023.0,325.1836685535349,0.0,27,27,0,0,27,25,8239,0,0,0,0,2
2020-07-26,US,Kentucky,Breathitt,20,0,0,37.52333168,-83.31959161,21025.0,158.3531274742676,0.0,20,19,0,0,19,19,12726,1,0,0,1,0
2020-07-26,US,Kentucky,Breckinridge,41,2,0,37.77377239,-86.42885017,21027.0,200.2246422815842,4.878048780487805,39,41,2,0,39,39,20388,0,0,0,0,2
2020-07-26,US,Kentucky,Bullitt,261,4,0,37.97162523,-85.68955617,21029.0,319.5553161271365,1.5325670498084292,257,257,4,0,253,245,81069,4,0,0,4,12
2020-07-26,US,Kentucky,Butler,286,14,0,37.20946153,-86.68748787,21031.0,2220.669306623185,4.895104895104895,272,286,14,0,272,286,12772,0,0,0,0,0
2020-07-26,US,Kentucky,Caldwell,42,0,0,37.14749129,-87.86948214,21033.0,329.48929159802304,0.0,42,42,0,0,42,42,12715,0,0,0,0,0
2020-07-26,US,Kentucky,Calloway,153,2,0,36.62093411,-88.2731593,21035.0,392.2976333940155,1.30718954248366,151,150,2,0,148,144,39135,3,0,0,3,6
2020-07-26,US,Kentucky,Campbell,460,13,0,38.94384345,-84.37875208,21037.0,491.53701487433744,2.8260869565217392,447,458,13,0,445,447,93152,2,0,0,2,11
2020-07-26,US,Kentucky,Carlisle,17,1,0,36.85372876,-88.96692220000001,21039.0,357.1428571428572,5.882352941176472,16,16,1,0,15,16,4771,1,0,0,1,0
2020-07-26,US,Kentucky,Carroll,134,2,0,38.66599534,-85.12601074,21041.0,1260.4646787696358,1.492537313432836,132,134,2,0,132,134,10737,0,0,0,0,0
2020-07-26,US,Kentucky,Carter,80,1,0,38.31690743,-83.05092385,21043.0,298.54088144195254,1.25,79,79,1,0,78,79,27004,1,0,0,1,0
2020-07-26,US,Kentucky,Casey,135,9,0,37.32533118,-84.92726209,21045.0,835.4477381026054,6.666666666666668,126,134,9,0,125,130,15888,1,0,0,1,4
2020-07-26,US,Kentucky,Christian,409,5,0,36.89267803,-87.49055367,21047.0,580.4629511360895,1.2224938875305624,404,402,5,0,397,385,71671,7,0,0,7,17
2020-07-26,US,Kentucky,Clark,128,7,0,37.9689263,-84.14615986,21049.0,352.97686346965224,5.46875,121,128,7,0,121,126,36249,0,0,0,0,2
2020-07-26,US,Kentucky,Clay,134,4,0,37.16451126,-83.712575,21051.0,673.3329983417917,2.985074626865672,130,132,4,0,128,131,20105,2,0,0,2,1
2020-07-26,US,Kentucky,Clinton,16,0,0,36.72581156,-85.13377529,21053.0,156.58641612840088,0.0,16,16,0,0,16,15,10206,0,0,0,0,1
2020-07-26,US,Kentucky,Crittenden,23,1,0,37.35839237,-88.08826090000002,21055.0,261.1855553032024,4.3478260869565215,22,23,1,0,22,22,8915,0,0,0,0,1
2020-07-26,US,Kentucky,Cumberland,27,0,0,36.78926125,-85.39050034,21057.0,408.22497732083457,0.0,27,24,0,0,24,21,6659,3,0,0,3,3
2020-07-26,US,Kentucky,Daviess,633,7,0,37.73028906,-87.09019479999998,21059.0,623.577740343411,1.1058451816745656,626,633,7,0,626,613,101104,0,0,0,0,20
2020-07-26,US,Kentucky,Edmonson,87,12,0,37.21218923,-86.23955613,21061.0,716.0493827160492,13.79310344827586,75,87,12,0,75,87,12274,0,0,0,0,0
2020-07-26,US,Kentucky,Elliott,7,0,0,38.11624059,-83.09771563,21063.0,93.1222562192364,0.0,7,7,0,0,7,8,7508,0,0,0,0,-1
2020-07-26,US,Kentucky,Estill,10,0,0,37.69241417,-83.95956369,21065.0,70.8918190840777,0.0,10,10,0,0,10,9,14198,0,0,0,0,1
2020-07-26,US,Kentucky,Fayette,2381,44,0,38.0368225,-84.45576892,21067.0,736.8049710353023,1.8479630407391847,2337,2358,44,0,2314,2309,323780,23,0,0,23,49
2020-07-26,US,Kentucky,Fleming,45,0,0,38.36758311,-83.69657514,21069.0,308.6208079006927,0.0,45,43,0,0,43,44,14432,2,0,0,2,-1
2020-07-26,US,Kentucky,Floyd,75,1,0,37.56213922,-82.74750924,21071.0,210.73927337098544,1.3333333333333333,74,74,1,0,73,70,35845,1,0,0,1,4
2020-07-26,US,Kentucky,Franklin,213,5,0,38.2379395,-84.87962551,21073.0,417.7207742542802,2.347417840375587,208,211,5,0,206,200,50815,2,0,0,2,11
2020-07-26,US,Kentucky,Fulton,41,1,0,36.55238827,-89.20140068,21075.0,686.8822248282794,2.4390243902439024,40,39,1,0,38,39,6120,2,0,0,2,0
2020-07-26,US,Kentucky,Gallatin,77,8,0,38.75398691,-84.8558382,21077.0,868.1925808997631,10.389610389610391,69,77,8,0,69,77,8832,0,0,0,0,0
2020-07-26,US,Kentucky,Garrard,57,0,0,37.638866799999995,-84.53289319,21079.0,322.6536850447186,0.0,57,56,0,0,56,51,17560,1,0,0,1,5
2020-07-26,US,Kentucky,Grant,84,5,0,38.64962758,-84.62415957,21081.0,335.0751924687862,5.9523809523809526,79,84,5,0,79,83,25121,0,0,0,0,1
2020-07-26,US,Kentucky,Graves,434,21,0,36.72292505,-88.65143315,21083.0,1164.600440079429,4.838709677419356,413,423,21,0,402,414,37317,11,0,0,11,9
2020-07-26,US,Kentucky,Grayson,166,11,0,37.46231118,-86.34248968,21085.0,628.1454572974609,6.626506024096385,155,166,11,0,155,166,26321,0,0,0,0,0
2020-07-26,US,Kentucky,Green,24,1,0,37.26484328,-85.5540745,21087.0,219.3583767480121,4.166666666666667,23,24,1,0,23,23,11049,0,0,0,0,1
2020-07-26,US,Kentucky,Greenup,65,0,0,38.54332505,-82.9215658,21089.0,185.19573764886886,0.0,65,64,0,0,64,64,35268,1,0,0,1,0
2020-07-26,US,Kentucky,Hancock,40,0,0,37.83766422,-86.78280584,21091.0,458.61041045631737,0.0,40,40,0,0,40,39,8758,0,0,0,0,1
2020-07-26,US,Kentucky,Hardin,445,8,0,37.6976111,-85.96319251,21093.0,401.05265055246116,1.7977528089887642,437,437,8,0,429,419,110356,8,0,0,8,18
2020-07-26,US,Kentucky,Harlan,162,3,0,36.85699301,-83.21899516,21095.0,622.8373702422145,1.851851851851852,159,157,2,0,155,143,26409,5,1,0,4,14
2020-07-26,US,Kentucky,Harrison,108,0,0,38.44188174,-84.32869741,21097.0,571.8521656253309,0.0,108,107,0,0,107,107,18778,1,0,0,1,0
2020-07-26,US,Kentucky,Hart,68,0,0,37.29943898,-85.88461055,21099.0,357.2366692934069,0.0,68,68,0,0,68,67,18906,0,0,0,0,1
2020-07-26,US,Kentucky,Henderson,281,4,0,37.79344553,-87.57392021,21101.0,621.543906215439,1.4234875444839858,277,276,4,0,272,268,45591,5,0,0,5,8
2020-07-26,US,Kentucky,Henry,74,2,0,38.44942688,-85.11587507,21103.0,458.8862706188763,2.702702702702702,72,73,2,0,71,68,16106,1,0,0,1,5
2020-07-26,US,Kentucky,Hickman,16,0,0,36.67948079999999,-88.97875928,21105.0,365.296803652968,0.0,16,16,0,0,16,16,4421,0,0,0,0,0
2020-07-26,US,Kentucky,Hopkins,374,33,0,37.30939025,-87.54670406,21107.0,836.9511703889361,8.823529411764708,341,371,33,0,338,367,45068,3,0,0,3,4
2020-07-26,US,Kentucky,Jackson,127,14,0,37.41866422,-83.99825483,21109.0,952.8096631405208,11.023622047244093,113,125,14,0,111,125,13442,2,0,0,2,0
2020-07-26,US,Kentucky,Jefferson,6135,220,0,38.18664655,-85.65931031,21111.0,800.1231159285146,3.5859820700896496,5915,6080,218,0,5862,5836,770517,55,2,0,53,244
2020-07-26,US,Kentucky,Jessamine,233,0,0,37.87119786,-84.58252003,21113.0,430.5645384828607,0.0,233,230,0,0,230,215,53920,3,0,0,3,15
2020-07-26,US,Kentucky,Johnson,24,0,0,37.85106355,-82.8264322,21115.0,108.1665765278529,0.0,24,19,0,0,19,18,22386,5,0,0,5,1
2020-07-26,US,Kentucky,Kenton,1194,37,0,38.93950319,-84.53241199,21117.0,714.9786224984731,3.098827470686768,1157,1179,37,0,1142,1143,166051,15,0,0,15,36
2020-07-26,US,Kentucky,Knott,31,0,0,37.35388197,-82.94981134,21119.0,209.3745778738349,0.0,31,31,0,0,31,31,15126,0,0,0,0,0
2020-07-26,US,Kentucky,Knox,162,8,0,36.89225732,-83.85403396,21121.0,520.1476962594317,4.938271604938271,154,159,8,0,151,157,31304,3,0,0,3,2
2020-07-26,US,Kentucky,Larue,40,1,0,37.54567114,-85.70138352,21123.0,277.8163633838033,2.5,39,39,1,0,38,38,14307,1,0,0,1,1
2020-07-26,US,Kentucky,Laurel,321,4,0,37.10975748,-84.11321779,21125.0,527.8476641507573,1.2461059190031152,317,317,4,0,313,305,60669,4,0,0,4,12
2020-07-26,US,Kentucky,Lawrence,27,0,0,38.07136018,-82.72882223,21127.0,176.27472742704185,0.0,27,25,0,0,25,22,15571,2,0,0,2,3
2020-07-26,US,Kentucky,Lee,3,0,0,37.59645942,-83.71513901,21129.0,40.52411184654871,0.0,3,3,0,0,3,3,7033,0,0,0,0,0
2020-07-26,US,Kentucky,Leslie,20,0,0,37.09246661,-83.37999606,21131.0,202.4906348081401,0.0,20,20,0,0,20,19,10143,0,0,0,0,1
2020-07-26,US,Kentucky,Letcher,35,0,0,37.12306748,-82.85346474,21133.0,162.39038648911983,0.0,35,34,0,0,34,29,21899,1,0,0,1,5
2020-07-26,US,Kentucky,Lewis,29,0,0,38.53184419,-83.37735618,21135.0,218.4557438794727,0.0,29,29,0,0,29,27,13257,0,0,0,0,2
2020-07-26,US,Kentucky,Lincoln,83,1,0,37.45475628,-84.6565327,21137.0,338.0993115809198,1.2048192771084338,82,82,1,0,81,81,24644,1,0,0,1,1
2020-07-26,US,Kentucky,Livingston,32,0,0,37.21137452,-88.34797529,21139.0,348.0530780944094,0.0,32,32,0,0,32,32,9242,0,0,0,0,0
2020-07-26,US,Kentucky,Logan,288,19,0,36.85949479,-86.877635,21141.0,1062.652202789462,6.597222222222222,269,288,19,0,269,286,26989,0,0,0,0,2
2020-07-26,US,Kentucky,Lyon,27,3,0,37.02080035,-88.07886257,21143.0,328.86723507917173,11.111111111111109,24,26,3,0,23,26,8009,1,0,0,1,0
2020-07-26,US,Kentucky,Madison,308,1,0,37.71659336,-84.27220275,21151.0,331.22909654037664,0.3246753246753247,307,305,1,0,304,299,92368,3,0,0,3,6
2020-07-26,US,Kentucky,Magoffin,14,0,0,37.70820545,-83.0657714,21153.0,115.12211166844831,0.0,14,14,0,0,14,10,12362,0,0,0,0,4
2020-07-26,US,Kentucky,Marion,91,0,0,37.55218078,-85.26898542,21155.0,472.1631297670317,0.0,91,89,0,0,89,88,19404,2,0,0,2,1
2020-07-26,US,Kentucky,Marshall,112,2,0,36.88007070000001,-88.32803576,21157.0,360.12861736334406,1.7857142857142858,110,110,2,0,108,103,31191,2,0,0,2,7
2020-07-26,US,Kentucky,Martin,25,0,0,37.79990579,-82.51247478,21159.0,223.3139794551139,0.0,25,24,0,0,24,23,11323,1,0,0,1,1
2020-07-26,US,Kentucky,Mason,46,1,0,38.59471935,-83.82151043,21161.0,269.47861745752783,2.1739130434782608,45,46,1,0,45,46,17150,0,0,0,0,0
2020-07-26,US,Kentucky,McCracken,294,3,0,37.05350953,-88.70445755,21145.0,449.41759148858114,1.020408163265306,291,292,3,0,289,284,65346,2,0,0,2,8
2020-07-26,US,Kentucky,McCreary,26,0,0,36.73874143,-84.48102924,21147.0,150.89083628344264,0.0,26,25,0,0,25,23,17408,1,0,0,1,2
2020-07-26,US,Kentucky,McLean,38,1,0,37.5301951,-87.26803443,21149.0,412.7294449875095,2.631578947368421,37,37,1,0,36,37,9252,1,0,0,1,0
2020-07-26,US,Kentucky,Meade,68,2,0,37.96163597,-86.21028219,21163.0,237.99524009519808,2.9411764705882355,66,68,2,0,66,60,28715,0,0,0,0,8
2020-07-26,US,Kentucky,Menifee,23,0,0,37.94090733,-83.59985712,21165.0,354.4459855139466,0.0,23,22,0,0,22,21,6451,1,0,0,1,1
2020-07-26,US,Kentucky,Mercer,37,0,0,37.81474237,-84.87488475,21167.0,168.69557288104681,0.0,37,37,0,0,37,37,21774,0,0,0,0,0
2020-07-26,US,Kentucky,Metcalfe,25,2,0,36.99459295,-85.63123699,21169.0,248.23751365306325,8.0,23,24,2,0,22,21,10030,1,0,0,1,3
2020-07-26,US,Kentucky,Monroe,79,2,0,36.71225341,-85.71596443,21171.0,741.7840375586853,2.5316455696202533,77,77,2,0,75,72,10718,2,0,0,2,5
2020-07-26,US,Kentucky,Montgomery,97,0,0,38.03253032,-83.9145241,21173.0,344.4969279397663,0.0,97,96,0,0,96,94,28203,1,0,0,1,2
2020-07-26,US,Kentucky,Morgan,28,0,0,37.92465657,-83.25558245,21175.0,210.3839507100459,0.0,28,27,0,0,27,25,13345,1,0,0,1,2
2020-07-26,US,Kentucky,Muhlenberg,597,9,0,37.21425819,-87.14632053,21177.0,1949.5787342433546,1.5075376884422111,588,595,9,0,586,590,30774,2,0,0,2,5
2020-07-26,US,Kentucky,Nelson,175,2,0,37.80335779,-85.4657193,21179.0,378.5175091384942,1.1428571428571428,173,173,2,0,171,166,45851,2,0,0,2,7
2020-07-26,US,Kentucky,Nicholas,20,0,0,38.33342292,-84.01889177,21181.0,275.14100976750586,0.0,20,20,0,0,20,20,7166,0,0,0,0,0
2020-07-26,US,Kentucky,Ohio,329,5,0,37.47751843,-86.85368087,21183.0,1371.1761273651746,1.5197568389057752,324,324,4,0,320,318,24087,5,1,0,4,6
2020-07-26,US,Kentucky,Oldham,478,9,0,38.39791089,-85.448222,21185.0,715.5795745445291,1.8828451882845187,469,468,9,0,459,453,66470,10,0,0,10,15
2020-07-26,US,Kentucky,Owen,28,0,0,38.51679143,-84.82404619,21187.0,256.8571690670581,0.0,28,28,0,0,28,28,10880,0,0,0,0,0
2020-07-26,US,Kentucky,Owsley,6,0,0,37.42823949,-83.68811419,21189.0,135.90033975084938,0.0,6,6,0,0,6,5,4472,0,0,0,0,1
2020-07-26,US,Kentucky,Pendleton,32,0,0,38.69607718,-84.35599463,21191.0,219.32830705962985,0.0,32,30,0,0,30,29,14529,2,0,0,2,1
2020-07-26,US,Kentucky,Perry,154,2,0,37.25023553,-83.22922731,21193.0,597.872505629319,1.2987012987012987,152,153,2,0,151,151,26092,1,0,0,1,2
2020-07-26,US,Kentucky,Pike,194,3,0,37.47088263,-82.39487445,21195.0,335.1993918031654,1.5463917525773196,191,191,3,0,188,182,58402,3,0,0,3,9
2020-07-26,US,Kentucky,Powell,36,0,0,37.83218794,-83.82553961,21197.0,291.2857027267578,0.0,36,34,0,0,34,32,12442,2,0,0,2,2
2020-07-26,US,Kentucky,Pulaski,182,2,0,37.10466131,-84.57629079,21199.0,280.09049077394235,1.0989010989010992,180,179,2,0,177,171,64623,3,0,0,3,8
2020-07-26,US,Kentucky,Robertson,2,0,0,38.51923469,-84.05055616,21201.0,94.87666034155598,0.0,2,2,0,0,2,2,2135,0,0,0,0,0
2020-07-26,US,Kentucky,Rockcastle,46,0,0,37.36642393,-84.31176452,21203.0,275.53159628631334,0.0,46,46,0,0,46,46,16750,0,0,0,0,0
2020-07-26,US,Kentucky,Rowan,57,0,0,38.19484205,-83.42088935,21205.0,233.0335241210139,0.0,57,54,0,0,54,48,24583,3,0,0,3,6
2020-07-26,US,Kentucky,Russell,86,5,0,36.99308373,-85.06070117,21207.0,479.8303855381354,5.813953488372092,81,85,5,0,80,81,17821,1,0,0,1,4
2020-07-26,US,Kentucky,Scott,261,0,0,38.29622293,-84.5816631,21209.0,457.8626061329029,0.0,261,250,0,0,250,220,56031,11,0,0,11,30
2020-07-26,US,Kentucky,Shelby,662,22,0,38.21476019,-85.194223,21211.0,1350.3590078328982,3.323262839879154,640,659,22,0,637,651,48518,3,0,0,3,8
2020-07-26,US,Kentucky,Simpson,123,5,0,36.74058474,-86.58047435,21213.0,662.287314236485,4.0650406504065035,118,121,5,0,116,118,18529,2,0,0,2,3
2020-07-26,US,Kentucky,Spencer,77,0,0,38.03223971,-85.32749335,21215.0,397.9122525967649,0.0,77,74,0,0,74,71,18794,3,0,0,3,3
2020-07-26,US,Kentucky,Taylor,80,1,0,37.3677562,-85.3329931,21217.0,310.4505413481315,1.25,79,80,1,0,79,75,25549,0,0,0,0,5
2020-07-26,US,Kentucky,Todd,31,0,0,36.8381152,-87.17878374,21219.0,252.155523019359,0.0,31,31,0,0,31,31,12311,0,0,0,0,0
2020-07-26,US,Kentucky,Trigg,45,0,0,36.80767017,-87.87333656,21221.0,307.1462698791891,0.0,45,45,0,0,45,44,14643,0,0,0,0,1
2020-07-26,US,Kentucky,Trimble,27,0,0,38.61056487,-85.33775972,21223.0,318.7345059615157,0.0,27,27,0,0,27,27,8515,0,0,0,0,0
2020-07-26,US,Kentucky,Unassigned,3,0,0,0.0,0.0,90021.0,0.0,0.0,3,3,0,0,3,4,,0,0,0,0,-1
2020-07-26,US,Kentucky,Union,46,0,0,37.66166713,-87.94300009,21225.0,319.86649050830965,0.0,46,45,0,0,45,44,14505,1,0,0,1,1
2020-07-26,US,Kentucky,Warren,2223,21,0,36.99903045,-86.42672751,21227.0,1672.7365759691788,0.9446693657219972,2202,2199,21,0,2178,2146,131264,24,0,0,24,53
2020-07-26,US,Kentucky,Washington,49,0,0,37.75599461,-85.17407732,21229.0,405.12608515915673,0.0,49,48,0,0,48,47,12084,1,0,0,1,1
2020-07-26,US,Kentucky,Wayne,50,0,0,36.80310688,-84.8251971,21231.0,245.90567058476367,0.0,50,49,0,0,49,44,20468,1,0,0,1,5
2020-07-26,US,Kentucky,Webster,73,1,0,37.52168356,-87.67989953,21233.0,564.0550146808839,1.3698630136986298,72,73,1,0,72,73,13111,0,0,0,0,0
2020-07-26,US,Kentucky,Whitley,94,1,0,36.75700531,-84.14541217,21235.0,259.21023604676816,1.0638297872340423,93,93,1,0,92,89,36242,1,0,0,1,4
2020-07-26,US,Kentucky,Wolfe,8,0,0,37.73941626,-83.49303612,21237.0,111.77867821713006,0.0,8,8,0,0,8,7,7177,0,0,0,0,1
2020-07-26,US,Kentucky,Woodford,114,0,0,38.04178222,-84.7417556,21239.0,426.42328121493233,0.0,114,109,0,0,109,106,26533,5,0,0,5,3
2020-07-26,US,Louisiana,Acadia,2173,62,0,30.2950649,-92.41419698,22001.0,3502.296720122492,2.853198343304188,2111,2111,62,0,2049,2111,62190,62,0,0,62,0
2020-07-26,US,Louisiana,Allen,986,16,0,30.65385745,-92.82442028,22003.0,3847.504585008,1.6227180527383367,970,917,16,0,901,917,25605,69,0,0,69,0
2020-07-26,US,Louisiana,Ascension,2249,65,0,30.20406249,-90.91328409999998,22005.0,1776.4051688730215,2.8901734104046244,2184,2175,65,0,2110,2175,124672,74,0,0,74,0
2020-07-26,US,Louisiana,Assumption,493,18,0,29.89946234,-91.06461642,22007.0,2252.067059522178,3.6511156186612577,475,484,18,0,466,484,22300,9,0,0,9,0
2020-07-26,US,Louisiana,Avoyelles,827,24,0,31.07796211,-92.00079449,22009.0,2060.0836986847353,2.9020556227327687,803,781,23,0,758,781,40462,46,1,0,45,0
2020-07-26,US,Louisiana,Beauregard,624,13,0,30.64836518,-93.34173616,22011.0,1664.133130650452,2.083333333333333,611,591,11,0,580,591,37253,33,2,0,31,0
2020-07-26,US,Louisiana,Bienville,340,29,0,32.34569994,-93.05398492,22013.0,2567.781889585379,8.529411764705884,311,339,28,0,311,339,13308,1,1,0,0,0
2020-07-26,US,Louisiana,Bossier,1855,60,0,32.67932307,-93.60460152,22015.0,1460.1815190610755,3.2345013477088953,1795,1776,58,0,1718,1776,127185,79,2,0,77,0
2020-07-26,US,Louisiana,Caddo,5652,266,0,32.57991587,-93.88375652,22017.0,2352.999950042464,4.706298655343241,5386,5469,264,0,5205,5469,242922,183,2,0,181,0
2020-07-26,US,Louisiana,Calcasieu,5459,96,0,30.22931235,-93.35400434,22019.0,2683.3992017145442,1.7585638395310497,5363,5127,92,0,5035,5127,203112,332,4,0,328,0
2020-07-26,US,Louisiana,Caldwell,178,1,0,32.0902519,-92.11752148,22021.0,1794.7166767493445,0.5617977528089888,177,168,1,0,167,168,9960,10,0,0,10,0
2020-07-26,US,Louisiana,Cameron,157,0,0,29.87592238,-93.19310676,22023.0,2251.5416606912377,0.0,157,150,0,0,150,150,6968,7,0,0,7,0
2020-07-26,US,Louisiana,Catahoula,243,3,0,31.66778967,-91.84526385,22025.0,2559.511270275964,1.2345679012345678,240,238,3,0,235,238,9608,5,0,0,5,0
2020-07-26,US,Louisiana,Claiborne,200,10,0,32.82308512,-92.99526883,22027.0,1276.3241863433313,5.0,190,189,10,0,179,189,15944,11,0,0,11,0
2020-07-26,US,Louisiana,Concordia,234,7,0,31.44817835,-91.63814433,22029.0,1215.0163559894074,2.9914529914529915,227,221,7,0,214,221,19572,13,0,0,13,0
2020-07-26,US,Louisiana,De Soto,571,24,0,32.05457447,-93.74130302,22031.0,2079.161053053199,4.203152364273205,547,552,23,0,529,552,27436,19,1,0,18,0
2020-07-26,US,Louisiana,East Baton Rouge,9636,306,0,30.53842039,-91.09777565,22033.0,2189.706380280826,3.175591531755915,9330,9393,306,0,9087,9393,440956,243,0,0,243,0
2020-07-26,US,Louisiana,East Carroll,489,1,0,32.73926954,-91.23425694,22035.0,7127.240926978576,0.20449897750511248,488,483,1,0,482,483,7037,6,0,0,6,0
2020-07-26,US,Louisiana,East Feliciana,458,35,0,30.84425359,-91.04976723,22037.0,2393.5197282466684,7.641921397379912,423,442,35,0,407,442,19305,16,0,0,16,0
2020-07-26,US,Louisiana,Evangeline,639,2,0,30.72985248,-92.39915924,22039.0,1913.4600988171885,0.3129890453834116,637,608,2,0,606,608,33443,31,0,0,31,0
2020-07-26,US,Louisiana,Franklin,719,16,0,32.13675181,-91.67589857,22041.0,3592.305770671996,2.2253129346314324,703,681,16,0,665,681,20156,38,0,0,38,0
2020-07-26,US,Louisiana,Grant,232,3,0,31.59882456,-92.56124347,22043.0,1036.2231452945643,1.293103448275862,229,209,3,0,206,209,22482,23,0,0,23,0
2020-07-26,US,Louisiana,Iberia,2003,57,0,29.86803617,-91.75871777,22045.0,2868.394672776744,2.8457314028956566,1946,1869,56,0,1813,1869,70941,134,1,0,133,0
2020-07-26,US,Louisiana,Iberville,1026,46,0,30.25734305,-91.3499598,22047.0,3155.8549414044483,4.483430799220273,980,999,46,0,953,999,32721,27,0,0,27,0
2020-07-26,US,Louisiana,Jackson,338,18,0,32.30251776,-92.55692092,22049.0,2146.849593495935,5.325443786982248,320,332,18,0,314,332,15902,6,0,0,6,0
2020-07-26,US,Louisiana,Jefferson,13448,510,0,29.74075478,-90.11115756,22051.0,3109.4144876333253,3.7923854848304583,12938,13128,507,0,12621,13128,434051,320,3,0,317,0
2020-07-26,US,Louisiana,Jefferson Davis,903,22,0,30.26896765,-92.81210004,22053.0,2878.7299158377973,2.4363233665559245,881,866,22,0,844,866,31582,37,0,0,37,0
2020-07-26,US,Louisiana,LaSalle,192,2,0,31.67884782,-92.15907765,22059.0,1289.28283642224,1.0416666666666667,190,183,1,0,182,183,14917,9,1,0,8,0
2020-07-26,US,Louisiana,Lafayette,5769,75,0,30.2049055,-92.06959876,22055.0,2360.571218134948,1.3000520020800832,5694,5519,73,0,5446,5519,242782,250,2,0,248,0
2020-07-26,US,Louisiana,Lafourche,2319,95,0,29.52470226,-90.40976986,22057.0,2375.683815846088,4.096593359206555,2224,2237,94,0,2143,2237,98115,82,1,0,81,0
2020-07-26,US,Louisiana,Lincoln,639,23,0,32.6003154,-92.6659741,22061.0,1367.078858414274,3.5993740219092327,616,610,22,0,588,610,47196,29,1,0,28,0
2020-07-26,US,Louisiana,Livingston,2298,47,0,30.44143993,-90.73061664,22063.0,1632.2297906796696,2.0452567449956485,2251,2212,47,0,2165,2212,139567,86,0,0,86,0
2020-07-26,US,Louisiana,Madison,523,6,0,32.36918118,-91.23973355,22065.0,4775.8195598575485,1.147227533460803,517,515,6,0,509,515,11161,8,0,0,8,0
2020-07-26,US,Louisiana,Morehouse,387,11,0,32.81686191,-91.80421614,22067.0,1555.8414408619442,2.842377260981912,376,371,11,0,360,371,25398,16,0,0,16,0
2020-07-26,US,Louisiana,Natchitoches,600,15,0,31.72321584,-93.09816516,22069.0,1572.409455422192,2.5,585,586,15,0,571,586,38659,14,0,0,14,0
2020-07-26,US,Louisiana,Orleans,9898,552,0,30.06971951,-89.92660315,22071.0,2537.011975065617,5.576884219034149,9346,9752,548,0,9204,9752,391006,146,4,0,142,0
2020-07-26,US,Louisiana,Ouachita,4102,99,0,32.47645559,-92.15704172,22073.0,2676.1656847970044,2.4134568503169187,4003,3916,97,0,3819,3916,154475,186,2,0,184,0
2020-07-26,US,Louisiana,Plaquemines,378,18,0,29.42245447,-89.60322085,22075.0,1629.521058757598,4.761904761904762,360,367,18,0,349,367,23410,11,0,0,11,0
2020-07-26,US,Louisiana,Pointe Coupee,623,29,0,30.71409502,-91.60209535,22077.0,2867.0041417395305,4.654895666131621,594,580,29,0,551,580,21940,43,0,0,43,0
2020-07-26,US,Louisiana,Rapides,2687,98,0,31.19778499,-92.52997303,22079.0,2072.534863630754,3.647190174916264,2589,2585,96,0,2489,2585,130562,102,2,0,100,0
2020-07-26,US,Louisiana,Red River,167,9,0,32.09530039,-93.34213308,22081.0,1978.2042170101874,5.389221556886229,158,162,9,0,153,162,8477,5,0,0,5,0
2020-07-26,US,Louisiana,Richland,472,5,0,32.41391005,-91.76634876,22083.0,2345.691283172647,1.0593220338983051,467,447,5,0,442,447,20192,25,0,0,25,0
2020-07-26,US,Louisiana,Sabine,463,5,0,31.56388699,-93.55433981,22085.0,1938.536258583152,1.079913606911447,458,432,4,0,428,432,24032,31,1,0,30,0
2020-07-26,US,Louisiana,St. Bernard,957,23,0,29.87761636,-89.51887093,22087.0,2025.6540513081027,2.4033437826541277,934,909,23,0,886,909,46721,48,0,0,48,0
2020-07-26,US,Louisiana,St. Charles,1229,50,0,29.90709658,-90.35555967,22089.0,2314.500941619586,4.068348250610252,1179,1174,50,0,1124,1174,52879,55,0,0,55,0
2020-07-26,US,Louisiana,St. Helena,214,1,0,30.82210324,-90.71013176,22091.0,2112.1200157915514,0.4672897196261682,213,207,1,0,206,207,10262,7,0,0,7,0
2020-07-26,US,Louisiana,St. James,582,30,0,30.02531716,-90.80212061,22093.0,2758.816837315131,5.154639175257731,552,556,30,0,526,556,21037,26,0,0,26,0
2020-07-26,US,Louisiana,St. John the Baptist,1285,88,0,30.12597499,-90.4753503,22095.0,2999.743212643276,6.848249027237354,1197,1244,88,0,1156,1244,43184,41,0,0,41,0
2020-07-26,US,Louisiana,St. Landry,1880,69,0,30.59724262,-92.00135806,22097.0,2289.221177731236,3.670212765957447,1811,1774,69,0,1705,1774,82764,106,0,0,106,0
2020-07-26,US,Louisiana,St. Martin,1399,36,0,30.13112107,-91.61403569,22099.0,2618.330182852651,2.573266619013581,1363,1358,34,0,1324,1358,53621,41,2,0,39,0
2020-07-26,US,Louisiana,St. Mary,1287,42,0,29.69262097,-91.44702164,22101.0,2608.008429926238,3.2634032634032635,1245,1238,40,0,1198,1238,49774,49,2,0,47,0
2020-07-26,US,Louisiana,St. Tammany,4285,194,0,30.40942847,-89.95642711,22103.0,1645.4252569896973,4.5274212368728115,4091,4136,191,0,3945,4136,258111,149,3,0,146,0
2020-07-26,US,Louisiana,Tangipahoa,2777,56,0,30.62888673,-90.40664996,22105.0,2060.7310883212867,2.0165646380986675,2721,2692,54,0,2638,2692,133777,85,2,0,83,0
2020-07-26,US,Louisiana,Tensas,48,0,0,32.00760749,-91.32915234,22107.0,1107.5219197046608,0.0,48,47,0,0,47,47,4462,1,0,0,1,0
2020-07-26,US,Louisiana,Terrebonne,2453,72,0,29.37343766,-90.82626855,22109.0,2220.693276359982,2.935181410517733,2381,2332,69,0,2263,2332,111021,121,3,0,118,0
2020-07-26,US,Louisiana,Unassigned,10,112,0,0.0,0.0,90022.0,0.0,1120.0,-102,10,112,0,-102,10,,0,0,0,0,0
2020-07-26,US,Louisiana,Union,543,31,0,32.83121059,-92.3749373,22111.0,2456.1244798263074,5.709023941068139,512,533,31,0,502,533,22330,10,0,0,10,0
2020-07-26,US,Louisiana,Vermilion,1081,14,0,29.83517605,-92.30292538,22113.0,1816.4709045386567,1.2950971322849214,1067,996,12,0,984,996,59830,85,2,0,83,0
2020-07-26,US,Louisiana,Vernon,587,19,0,31.10884837,-93.18153838,22115.0,1237.6394189209136,3.2367972742759794,568,544,18,0,526,544,48860,43,1,0,42,0
2020-07-26,US,Louisiana,Washington,1093,55,0,30.85288548,-90.03866652,22117.0,2366.108152573928,5.032021957913998,1038,1059,55,0,1004,1059,46582,34,0,0,34,0
2020-07-26,US,Louisiana,Webster,768,12,0,32.70847669,-93.33121835,22119.0,2003.1298904538346,1.5625,756,745,12,0,733,745,38798,23,0,0,23,0
2020-07-26,US,Louisiana,West Baton Rouge,545,33,0,30.46058217,-91.30989571,22121.0,2059.3236349896088,6.055045871559633,512,524,33,0,491,524,26427,21,0,0,21,0
2020-07-26,US,Louisiana,West Carroll,225,5,0,32.78550125,-91.461201,22123.0,2077.562326869806,2.2222222222222223,220,218,5,0,213,218,10982,7,0,0,7,0
2020-07-26,US,Louisiana,West Feliciana,319,15,0,30.87882871,-91.4148538,22125.0,2049.0750256937313,4.702194357366771,304,315,15,0,300,315,15460,4,0,0,4,0
2020-07-26,US,Louisiana,Winn,358,7,0,31.94449367,-92.63789413,22127.0,2574.7986191024165,1.9553072625698324,351,351,5,0,346,351,14134,7,2,0,5,0
2020-07-26,US,Maine,Androscoggin,534,5,0,44.1664747,-70.20380627,23001.0,493.1795302788218,0.9363295880149812,529,532,5,0,527,527,107679,2,0,0,2,5
2020-07-26,US,Maine,Aroostook,31,1,0,46.65926321,-68.59841248,23003.0,46.230706136753405,3.2258064516129035,30,31,1,0,30,31,67111,0,0,0,0,0
2020-07-26,US,Maine,Cumberland,2011,68,0,43.8370751,-70.37226999,23005.0,681.6879828340727,3.3814022874191942,1943,2004,68,0,1936,1990,293557,7,0,0,7,14
2020-07-26,US,Maine,Franklin,46,1,0,44.97330019,-70.44381045,23007.0,152.32292460015233,2.1739130434782608,45,45,1,0,44,45,29897,1,0,0,1,0
2020-07-26,US,Maine,Hancock,19,1,0,44.59816444,-68.38401854,23009.0,34.553621765144484,5.2631578947368425,18,19,1,0,18,19,54811,0,0,0,0,0
2020-07-26,US,Maine,Kennebec,158,10,0,44.40759555,-69.76738544,23011.0,129.1884024791091,6.329113924050633,148,157,10,0,147,154,122083,1,0,0,1,3
2020-07-26,US,Maine,Knox,25,1,0,44.11486325,-69.10529169,23013.0,62.858292265915715,4.0,24,25,1,0,24,25,39771,0,0,0,0,0
2020-07-26,US,Maine,Lincoln,33,0,0,44.05996956,-69.54227124,23015.0,95.28209274123694,0.0,33,33,0,0,33,31,34342,0,0,0,0,2
2020-07-26,US,Maine,Oxford,49,0,0,44.49952995,-70.75682123,23017.0,84.51918930573521,0.0,49,48,0,0,48,48,57618,1,0,0,1,0
2020-07-26,US,Maine,Penobscot,139,5,0,45.40194593,-68.65020455,23019.0,91.35841417567106,3.5971223021582728,134,139,5,0,134,136,151096,0,0,0,0,3
2020-07-26,US,Maine,Piscataquis,3,0,0,45.83839062,-69.2860223,23021.0,17.873100983020553,0.0,3,3,0,0,3,3,16800,0,0,0,0,0
2020-07-26,US,Maine,Sagadahoc,43,0,0,43.95415864,-69.85074999,23023.0,119.92414100847836,0.0,43,40,0,0,40,39,35634,3,0,0,3,1
2020-07-26,US,Maine,Somerset,34,1,0,45.51229767,-69.95995554,23025.0,67.34807067585771,2.9411764705882355,33,34,1,0,33,33,50592,0,0,0,0,1
2020-07-26,US,Maine,Unassigned,1,0,0,0.0,0.0,90023.0,0.0,0.0,1,1,0,0,1,2,,0,0,0,0,-1
2020-07-26,US,Maine,Waldo,60,14,0,44.4858305,-69.12061935,23027.0,151.07641948885808,23.33333333333333,46,60,14,0,46,60,39694,0,0,0,0,0
2020-07-26,US,Maine,Washington,7,0,0,45.01607142,-67.62813524,23029.0,22.307912935402666,0.0,7,5,0,0,5,5,31490,2,0,0,2,0
2020-07-26,US,Maine,York,621,12,0,43.47808377,-70.71052375,23031.0,299.07388232574493,1.932367149758454,609,614,12,0,602,609,206229,7,0,0,7,5
2020-07-26,US,Maryland,Allegany,256,18,0,39.62357628,-78.69280486,24001.0,363.5537377868665,7.03125,238,252,18,0,234,244,70975,4,0,0,4,8
2020-07-26,US,Maryland,Anne Arundel,6380,214,0,39.00670238,-76.60329337,24003.0,1101.4546798012548,3.35423197492163,6166,6343,214,0,6129,6229,576031,37,0,0,37,114
2020-07-26,US,Maryland,Baltimore,10924,525,0,39.45784712,-76.62911955,24005.0,1320.328269093634,4.805931893079458,10399,10793,524,0,10269,10520,828431,131,1,0,130,273
2020-07-26,US,Maryland,Baltimore City,10353,400,0,39.30211911,-76.61151012,24510.0,1744.427033311429,3.8636144112817536,9953,10210,397,0,9813,10001,621342,143,3,0,140,209
2020-07-26,US,Maryland,Calvert,535,27,0,38.53961642,-76.56820632,24009.0,578.2221021345582,5.046728971962617,508,528,27,0,501,515,92003,7,0,0,7,13
2020-07-26,US,Maryland,Caroline,403,3,0,38.87172293,-75.82904158,24011.0,1206.3701131533255,0.7444168734491315,400,393,3,0,390,374,33304,10,0,0,10,19
2020-07-26,US,Maryland,Carroll,1369,115,0,39.56453592,-77.02373735,24013.0,812.7185405498468,8.400292184075969,1254,1355,115,0,1240,1337,168429,14,0,0,14,18
2020-07-26,US,Maryland,Cecil,597,30,0,39.56647682,-75.94627411,24015.0,580.4287589324778,5.025125628140704,567,596,30,0,566,583,102826,1,0,0,1,13
2020-07-26,US,Maryland,Charles,1730,90,0,38.51092331,-76.98580666,24017.0,1059.6789111646056,5.202312138728324,1640,1719,90,0,1629,1695,161503,11,0,0,11,24
2020-07-26,US,Maryland,Dorchester,317,5,0,38.45413522,-76.02752426,24019.0,992.8278367628177,1.5772870662460567,312,305,5,0,300,303,31998,12,0,0,12,2
2020-07-26,US,Maryland,Frederick,2879,120,0,39.47296601,-77.39999394,24021.0,1109.2403302677358,4.168113928447378,2759,2870,120,0,2750,2833,255648,9,0,0,9,37
2020-07-26,US,Maryland,Garrett,42,0,0,39.52786077,-79.27355126,24023.0,144.75770317777625,0.0,42,42,0,0,42,41,29163,0,0,0,0,1
2020-07-26,US,Maryland,Harford,1597,67,0,39.55010644,-76.30775940000002,24025.0,625.1932931675025,4.1953663118346896,1530,1579,67,0,1512,1540,253956,18,0,0,18,39
2020-07-26,US,Maryland,Howard,3327,102,0,39.25305293,-76.93126208,24027.0,1021.5235346495133,3.0658250676284937,3225,3313,102,0,3211,3271,323196,14,0,0,14,42
2020-07-26,US,Maryland,Kent,229,23,0,39.24976208,-76.04741541,24029.0,1179.0752754608175,10.043668122270743,206,228,23,0,205,224,19383,1,0,0,1,4
2020-07-26,US,Maryland,Montgomery,17020,783,0,39.13676329,-77.20358245,24031.0,1619.8909666808795,4.600470035252644,16237,16922,782,0,16140,16768,1052567,98,1,0,97,154
2020-07-26,US,Maryland,Prince George's,21558,730,0,38.83070039,-76.8496441,24033.0,2370.7643125080413,3.386213934502273,20828,21432,729,0,20703,21210,909308,126,1,0,125,222
2020-07-26,US,Maryland,Queen Anne's,366,23,0,39.06198912,-76.03530977,24035.0,726.4643417161232,6.284153005464481,343,357,23,0,334,350,50251,9,0,0,9,7
2020-07-26,US,Maryland,Somerset,114,3,0,38.1163542,-75.75118623,24039.0,445.0343535290443,2.631578947368421,111,114,3,0,111,114,25675,0,0,0,0,0
2020-07-26,US,Maryland,St. Mary's,834,52,0,38.30058422,-76.60629279999998,24037.0,734.737027574663,6.235011990407674,782,822,52,0,770,805,112664,12,0,0,12,17
2020-07-26,US,Maryland,Talbot,308,4,0,38.76618159,-76.10882561,24041.0,828.3800866033728,1.2987012987012987,304,298,4,0,294,289,36968,10,0,0,10,9
2020-07-26,US,Maryland,Unassigned,0,16,0,0.0,0.0,90024.0,0.0,0.0,-16,0,15,0,-15,0,,0,1,0,-1,0
2020-07-26,US,Maryland,Washington,871,30,0,39.60835778,-77.82002295,24043.0,576.6340723871061,3.444316877152698,841,864,30,0,834,833,150926,7,0,0,7,31
2020-07-26,US,Maryland,Wicomico,1239,42,0,38.37301947,-75.62705831,24045.0,1195.8420600526981,3.3898305084745757,1197,1228,42,0,1186,1219,103195,11,0,0,11,9
2020-07-26,US,Maryland,Worcester,500,18,0,38.21274277,-75.33200012,24047.0,956.4618563011708,3.6,482,491,18,0,473,468,51823,9,0,0,9,23
2020-07-26,US,Massachusetts,Barnstable,1693,155,0,41.72980578,-70.28854339,25001.0,794.8729987323347,9.155345540460722,1538,1684,155,0,1529,1680,213413,9,0,0,9,4
2020-07-26,US,Massachusetts,Berkshire,643,45,0,42.37428441,-73.20524838,25003.0,514.6305544884108,6.9984447900466575,598,638,45,0,593,636,126348,5,0,0,5,2
2020-07-26,US,Massachusetts,Bristol,8882,617,0,41.79228404,-71.10872211,25005.0,1571.4318571451322,6.946633641071831,8265,8843,616,0,8227,8816,564022,39,1,0,38,27
2020-07-26,US,Massachusetts,Dukes and Nantucket,95,1,0,41.40674725,-70.68763497,0.0,330.65330131217155,1.0526315789473684,94,94,1,0,93,94,26707,1,0,0,1,0
2020-07-26,US,Massachusetts,Essex,16952,1167,0,42.6687626,-70.94687179,25009.0,2148.449876684655,6.884143463898065,15785,16915,1162,0,15753,16883,790638,37,5,0,32,32
2020-07-26,US,Massachusetts,Franklin,396,59,0,42.58119713,-72.58602547,25011.0,564.2633228840125,14.898989898989901,337,393,59,0,334,391,70963,3,0,0,3,2
2020-07-26,US,Massachusetts,Hampden,7283,687,0,42.13440424,-72.63235561,25013.0,1561.6289142572882,9.43292599203625,6596,7259,683,0,6576,7228,470406,24,4,0,20,31
2020-07-26,US,Massachusetts,Hampshire,1090,126,0,42.33997957,-72.65898478,25015.0,677.7342535596592,11.559633027522937,964,1082,126,0,956,1076,161355,8,0,0,8,6
2020-07-26,US,Massachusetts,Middlesex,25333,1957,0,42.48607732,-71.39049229,25017.0,1571.81955191385,7.72510164607429,23376,25250,1955,0,23295,25190,1614714,83,2,0,81,60
2020-07-26,US,Massachusetts,Norfolk,9971,977,0,42.16073095,-71.20530408,25021.0,1410.7742916769837,9.798415404673555,8994,9934,976,0,8958,9895,705388,37,1,0,36,39
2020-07-26,US,Massachusetts,Plymouth,8985,704,0,41.94070556,-70.80802823,25023.0,1723.8997547975641,7.83528102392877,8281,8967,702,0,8265,8956,518132,18,2,0,16,11
2020-07-26,US,Massachusetts,Suffolk,20896,1048,0,42.327951399999996,-71.07850442,25025.0,2599.305641075398,5.015313935681469,19848,20827,1046,0,19781,20793,807252,69,2,0,67,34
2020-07-26,US,Massachusetts,Unassigned,325,6,0,0.0,0.0,90025.0,0.0,1.8461538461538465,319,323,6,0,317,328,,2,0,0,2,-5
2020-07-26,US,Massachusetts,Worcester,13093,980,0,42.35026951,-71.90493363,25027.0,1576.2886126300532,7.484915603757733,12113,13059,978,0,12081,13019,830839,34,2,0,32,40
2020-07-26,US,Michigan,Alcona,28,1,0,44.6846864,-83.59507875,26001.0,269.1013935607881,3.571428571428572,27,27,1,0,26,27,10362,1,0,0,1,0
2020-07-26,US,Michigan,Alger,5,0,0,46.41292944,-86.60260122,26003.0,54.89679402722882,0.0,5,5,0,0,5,5,9097,0,0,0,0,0
2020-07-26,US,Michigan,Allegan,470,7,0,42.59147037,-85.89102866,26005.0,398.0318594862848,1.4893617021276595,463,465,7,0,458,458,117327,5,0,0,5,7
2020-07-26,US,Michigan,Alpena,125,13,0,45.03477666,-83.62212411,26007.0,440.06336912515405,10.4,112,125,13,0,112,125,28360,0,0,0,0,0
2020-07-26,US,Michigan,Antrim,34,0,0,44.99690221,-85.15503082,26009.0,145.7725947521866,0.0,34,34,0,0,34,33,23365,0,0,0,0,1
2020-07-26,US,Michigan,Arenac,41,2,0,44.0636262,-83.89277559,26011.0,275.4820936639118,4.878048780487805,39,40,2,0,38,40,15041,1,0,0,1,0
2020-07-26,US,Michigan,Baraga,5,0,0,46.6720582,-88.36363591,26013.0,60.9087586794981,0.0,5,5,0,0,5,5,8320,0,0,0,0,0
2020-07-26,US,Michigan,Barry,170,2,0,42.59513984,-85.30834519,26015.0,276.19821283509344,1.1764705882352942,168,168,2,0,166,167,61157,2,0,0,2,1
2020-07-26,US,Michigan,Bay,521,31,0,43.70639106,-83.98731479,26017.0,505.2072222329965,5.950095969289827,490,510,31,0,479,500,103923,11,0,0,11,10
2020-07-26,US,Michigan,Benzie,28,1,0,44.63899297,-86.01608482,26019.0,157.60441292356185,3.571428571428572,27,28,1,0,27,29,17753,0,0,0,0,-1
2020-07-26,US,Michigan,Berrien,1224,63,0,41.95447397,-86.41313079999998,26021.0,797.9087489651306,5.147058823529412,1161,1204,63,0,1141,1196,154141,20,0,0,20,8
2020-07-26,US,Michigan,Branch,307,2,0,41.91600556,-85.05929476,26023.0,705.4714249603603,0.6514657980456026,305,306,2,0,304,304,43622,1,0,0,1,2
2020-07-26,US,Michigan,Calhoun,694,39,0,42.24633834,-85.00493569,26025.0,517.2966405533732,5.619596541786745,655,688,39,0,649,685,134487,6,0,0,6,3
2020-07-26,US,Michigan,Cass,261,8,0,41.91522292,-85.99405727,26027.0,503.987487207214,3.0651340996168583,253,258,8,0,250,250,51653,3,0,0,3,8
2020-07-26,US,Michigan,Charlevoix,45,2,0,45.37790017,-85.19614053,26029.0,172.13020693875993,4.4444444444444455,43,42,2,0,40,41,26244,3,0,0,3,1
2020-07-26,US,Michigan,Cheboygan,33,2,0,45.44787015,-84.50122149,26031.0,130.5586326950467,6.0606060606060606,31,33,2,0,31,34,25413,0,0,0,0,-1
2020-07-26,US,Michigan,Chippewa,26,0,0,46.29552653,-84.54353449,26033.0,69.61364427427776,0.0,26,26,0,0,26,25,37517,0,0,0,0,1
2020-07-26,US,Michigan,Clare,50,3,0,43.98794227,-84.84819859999998,26035.0,161.55088852988692,6.0,47,48,3,0,45,47,30757,2,0,0,2,1
2020-07-26,US,Michigan,Clinton,359,12,0,42.94400871,-84.60145248,26037.0,451.0333563666059,3.3426183844011144,347,353,12,0,341,349,79332,6,0,0,6,4
2020-07-26,US,Michigan,Crawford,94,5,0,44.68255561,-84.61006219,26039.0,670.040630123316,5.319148936170213,89,94,5,0,89,93,13901,0,0,0,0,1
2020-07-26,US,Michigan,Delta,60,3,0,45.90484910000001,-86.9080745,26041.0,167.67270288397052,5.0,57,58,3,0,55,56,35857,2,0,0,2,2
2020-07-26,US,Michigan,Dickinson,42,2,0,46.00999672,-87.86961634,26043.0,166.40912872934743,4.761904761904762,40,40,2,0,38,40,25383,2,0,0,2,0
2020-07-26,US,Michigan,Eaton,410,7,0,42.59599185,-84.83740035,26045.0,371.82138063626803,1.7073170731707317,403,405,7,0,398,403,109826,5,0,0,5,2
2020-07-26,US,Michigan,Emmet,52,2,0,45.52625509,-84.89083249,26047.0,155.6187341014514,3.8461538461538463,50,51,2,0,49,50,33308,1,0,0,1,1
2020-07-26,US,Michigan,Federal Correctional Institution (FCI),191,5,0,0.0,0.0,0.0,0.0,2.6178010471204187,186,189,5,0,184,189,,2,0,0,2,0
2020-07-26,US,Michigan,Genesee,3309,294,0,43.02244215,-83.70589709,26049.0,815.4001966422957,8.884859474161377,3015,3268,294,0,2974,3249,406892,41,0,0,41,19
2020-07-26,US,Michigan,Gladwin,34,2,0,43.98901072,-84.38774817,26051.0,133.60053440213758,5.882352941176472,32,31,2,0,29,30,25337,3,0,0,3,1
2020-07-26,US,Michigan,Gogebic,57,1,0,46.40862701,-89.69377193,26053.0,407.871198568873,1.7543859649122806,56,54,1,0,53,48,15096,3,0,0,3,6
2020-07-26,US,Michigan,Grand Traverse,160,5,0,44.69565625,-85.55585247,26055.0,171.88037126160194,3.125,155,158,5,0,153,155,92573,2,0,0,2,3
2020-07-26,US,Michigan,Gratiot,128,15,0,43.29265605,-84.60505416,26057.0,314.4113384588932,11.71875,113,124,15,0,109,124,40599,4,0,0,4,0
2020-07-26,US,Michigan,Hillsdale,229,25,0,41.88753639,-84.59312019,26059.0,502.1379234733034,10.91703056768559,204,224,25,0,199,223,45749,5,0,0,5,1
2020-07-26,US,Michigan,Houghton,42,0,0,46.89988536,-88.68495385,26061.0,117.69980943840376,0.0,42,41,0,0,41,40,36219,1,0,0,1,1
2020-07-26,US,Michigan,Huron,132,3,0,43.83353985,-83.04078453,26063.0,426.06758981311134,2.272727272727273,129,131,3,0,128,115,31166,1,0,0,1,16
2020-07-26,US,Michigan,Ingham,1387,29,0,42.59716886,-84.37472069,26065.0,474.34047180974403,2.090843547224225,1358,1341,29,0,1312,1336,292735,46,0,0,46,5
2020-07-26,US,Michigan,Ionia,255,5,0,42.94502238,-85.07413319,26067.0,394.145014451984,1.96078431372549,250,254,5,0,249,250,64210,1,0,0,1,4
2020-07-26,US,Michigan,Iosco,124,11,0,44.35486835,-83.63484895,26069.0,493.49305527918176,8.870967741935484,113,124,11,0,113,124,25081,0,0,0,0,0
2020-07-26,US,Michigan,Iron,13,1,0,46.20974132,-88.53136251,26071.0,117.47695644315922,7.6923076923076925,12,12,1,0,11,12,11117,1,0,0,1,0
2020-07-26,US,Michigan,Isabella,193,8,0,43.64060976,-84.84664923,26073.0,276.21937256697964,4.1450777202072535,185,192,8,0,184,191,70562,1,0,0,1,1
2020-07-26,US,Michigan,Jackson,629,32,0,42.24807035,-84.42258681,26075.0,396.8203898807646,5.087440381558029,597,623,32,0,591,614,158823,6,0,0,6,9
2020-07-26,US,Michigan,Kalamazoo,1441,76,0,42.24542231,-85.53038622,26077.0,543.6381882248195,5.27411519777932,1365,1411,76,0,1335,1397,264870,30,0,0,30,14
2020-07-26,US,Michigan,Kalkaska,47,4,0,44.68512729,-85.09085699,26079.0,260.56103780906966,8.51063829787234,43,48,4,0,44,48,17824,-1,0,0,-1,0
2020-07-26,US,Michigan,Kent,6781,152,0,43.03197711,-85.54934642,26081.0,1032.1863750180758,2.241557292434744,6629,6648,152,0,6496,6607,653786,133,0,0,133,41
2020-07-26,US,Michigan,Keweenaw,2,0,0,47.63197653,-88.41434263,26083.0,94.5179584120983,0.0,2,2,0,0,2,2,2113,0,0,0,0,0
2020-07-26,US,Michigan,Lake,17,0,0,43.99050893,-85.802173,26085.0,143.42360583818441,0.0,17,15,0,0,15,15,11881,2,0,0,2,0
2020-07-26,US,Michigan,Lapeer,383,32,0,43.09052506,-83.22153148,26087.0,437.17967742303705,8.355091383812011,351,370,32,0,338,362,88028,13,0,0,13,8
2020-07-26,US,Michigan,Leelanau,61,0,0,44.94430054,-85.80150326,26089.0,280.31800009190755,0.0,61,59,0,0,59,59,21764,2,0,0,2,0
2020-07-26,US,Michigan,Lenawee,369,11,0,41.89475156,-84.06603727,26091.0,374.8057409269586,2.9810298102981028,358,349,11,0,338,345,98266,20,0,0,20,4
2020-07-26,US,Michigan,Livingston,712,28,0,42.60302282,-83.91297209,26093.0,370.84299070288284,3.9325842696629216,684,701,28,0,673,695,191224,11,0,0,11,6
2020-07-26,US,Michigan,Luce,3,0,0,46.47227431,-85.54471223,26095.0,48.16182372772515,0.0,3,3,0,0,3,3,6283,0,0,0,0,0
2020-07-26,US,Michigan,Mackinac,16,0,0,46.07028979,-85.04980537,26097.0,148.1618668395222,0.0,16,16,0,0,16,14,10787,0,0,0,0,2
2020-07-26,US,Michigan,Macomb,8891,936,0,42.69158356,-82.92752801,26099.0,1017.3094790222113,10.52749971881678,7955,8779,936,0,7843,8752,874759,112,0,0,112,27
2020-07-26,US,Michigan,Manistee,32,0,0,44.33352407,-86.05626916,26101.0,130.30377066536363,0.0,32,30,0,0,30,31,24528,2,0,0,2,-1
2020-07-26,US,Michigan,Marquette,113,11,0,46.4338914,-87.64043701,26103.0,169.41783235130958,9.734513274336283,102,112,11,0,101,110,66516,1,0,0,1,2
2020-07-26,US,Michigan,Mason,93,0,0,43.99509218,-86.24988902,26105.0,319.1051331320341,0.0,93,93,0,0,93,93,29100,0,0,0,0,0
2020-07-26,US,Michigan,Mecosta,50,2,0,43.64064262,-85.32463223,26107.0,115.06685384208224,4.0,48,49,2,0,47,48,43545,1,0,0,1,1
2020-07-26,US,Michigan,Menominee,69,0,0,45.58038692,-87.55370409,26109.0,302.8972783143108,0.0,69,69,0,0,69,65,22983,0,0,0,0,4
2020-07-26,US,Michigan,Michigan Department of Corrections (MDOC),4123,68,0,0.0,0.0,0.0,0.0,1.6492845015765218,4055,4123,68,0,4055,4123,,0,0,0,0,0
2020-07-26,US,Michigan,Midland,265,9,0,43.64330771,-84.38804374,26111.0,318.67814709702253,3.39622641509434,256,260,9,0,251,254,83209,5,0,0,5,6
2020-07-26,US,Michigan,Missaukee,40,1,0,44.33772443,-85.09256478,26113.0,264.58526260087314,2.5,39,40,1,0,39,40,15113,0,0,0,0,0
2020-07-26,US,Michigan,Monroe,794,21,0,41.92734151,-83.53749864,26115.0,527.5747508305648,2.6448362720403025,773,784,21,0,763,773,150439,10,0,0,10,11
2020-07-26,US,Michigan,Montcalm,168,1,0,43.31082541,-85.15252824,26117.0,262.96018031555224,0.5952380952380952,167,167,1,0,166,168,63968,1,0,0,1,-1
2020-07-26,US,Michigan,Montmorency,7,0,0,45.0275929,-84.12696227,26119.0,75.04288164665523,0.0,7,7,0,0,7,7,9265,0,0,0,0,0
2020-07-26,US,Michigan,Muskegon,1080,56,0,43.29123859,-86.15176712,26121.0,622.2416832789833,5.185185185185184,1024,1072,56,0,1016,1072,173588,8,0,0,8,0
2020-07-26,US,Michigan,Newaygo,242,0,0,43.554373999999996,-85.80070107,26123.0,494.0792160065333,0.0,242,242,0,0,242,243,48892,0,0,0,0,-1
2020-07-26,US,Michigan,Oakland,14035,1127,0,42.66090111,-83.38595416,26125.0,1116.0288298833318,8.029925187032418,12908,13823,1127,0,12696,13782,1259201,212,0,0,212,41
2020-07-26,US,Michigan,Oceana,458,5,0,43.64124435,-86.26726673,26127.0,1730.4567952544678,1.091703056768559,453,456,5,0,451,455,26625,2,0,0,2,1
2020-07-26,US,Michigan,Ogemaw,51,2,0,44.33481032,-84.12725175,26129.0,242.89184169167027,3.92156862745098,49,49,2,0,47,49,20952,2,0,0,2,0
2020-07-26,US,Michigan,Ontonagon,3,0,0,46.665226200000006,-89.31390481,26131.0,52.447552447552454,0.0,3,3,0,0,3,2,5795,0,0,0,0,1
2020-07-26,US,Michigan,Osceola,64,0,0,43.98992088,-85.32566756,26133.0,272.8047740835465,0.0,64,64,0,0,64,63,23341,0,0,0,0,1
2020-07-26,US,Michigan,Oscoda,23,1,0,44.68192279,-84.12939244,26135.0,279.09234316223757,4.3478260869565215,22,23,1,0,22,23,8276,0,0,0,0,0
2020-07-26,US,Michigan,Otsego,128,10,0,45.02085831,-84.59898295,26137.0,518.8908707637426,7.8125,118,128,10,0,118,128,24665,0,0,0,0,0
2020-07-26,US,Michigan,Ottawa,1600,53,0,42.95996803,-85.9969107,26139.0,548.2644005071446,3.3125,1547,1572,53,0,1519,1567,290494,28,0,0,28,5
2020-07-26,US,Michigan,Out of MI,75,0,0,0.0,0.0,80026.0,0.0,0.0,75,105,0,0,105,69,,-30,0,0,-30,36
2020-07-26,US,Michigan,Presque Isle,14,1,0,45.34018577,-83.91498656,26141.0,111.18170266836088,7.142857142857142,13,14,1,0,13,14,12738,0,0,0,0,0
2020-07-26,US,Michigan,Roscommon,45,0,0,44.33473082,-84.61067651,26143.0,187.35167992006328,0.0,45,45,0,0,45,45,23884,0,0,0,0,0
2020-07-26,US,Michigan,Saginaw,1738,124,0,43.33433923,-84.05131209999998,26145.0,912.1492187951023,7.13463751438435,1614,1691,124,0,1567,1684,190800,47,0,0,47,7
2020-07-26,US,Michigan,Sanilac,87,6,0,43.42406072,-82.82055898,26151.0,211.31892154481412,6.896551724137932,81,87,6,0,81,83,41182,0,0,0,0,4
2020-07-26,US,Michigan,Schoolcraft,8,0,0,46.19235734,-86.19972234,26153.0,98.838645910551,0.0,8,8,0,0,8,8,8068,0,0,0,0,0
2020-07-26,US,Michigan,Shiawassee,303,28,0,42.95392800000001,-84.14585902,26155.0,444.79022929450105,9.24092409240924,275,299,28,0,271,297,68192,4,0,0,4,2
2020-07-26,US,Michigan,St. Clair,702,53,0,42.92655373,-82.67937954,26147.0,441.154290885325,7.54985754985755,649,687,53,0,634,680,159337,15,0,0,15,7
2020-07-26,US,Michigan,St. Joseph,526,6,0,41.91441767,-85.52797979,26149.0,862.8042779345187,1.1406844106463878,520,497,6,0,491,482,61043,29,0,0,29,15
2020-07-26,US,Michigan,Tuscola,270,27,0,43.46606813,-83.41897025,26157.0,516.795865633075,10.0,243,268,27,0,241,265,52516,2,0,0,2,3
2020-07-26,US,Michigan,Unassigned,3,0,0,0.0,0.0,90026.0,0.0,0.0,3,13,0,0,13,7,,-10,0,0,-10,6
2020-07-26,US,Michigan,Van Buren,362,10,0,42.25190229,-86.01939087,26159.0,478.34877175363715,2.7624309392265194,352,350,10,0,340,352,75448,12,0,0,12,-2
2020-07-26,US,Michigan,Washtenaw,2259,110,0,42.253105,-83.83853204,26161.0,614.5249876904578,4.869411243913237,2149,2280,110,0,2170,2204,370963,-21,0,0,-21,76
2020-07-26,US,Michigan,Wayne,26084,2782,0,42.28098405,-83.281255,26163.0,1491.0740775251056,10.665542094770741,23302,25877,2782,0,23095,25770,1753893,207,0,0,207,107
2020-07-26,US,Michigan,Wexford,57,4,0,44.33853602,-85.57712739,26165.0,169.4864856828521,7.0175438596491215,53,55,4,0,51,55,33466,2,0,0,2,0
2020-07-26,US,Minnesota,Aitkin,24,0,0,46.60962049,-93.41168259999999,27001.0,151.07641948885808,0.0,24,24,0,0,24,24,15902,0,0,0,0,0
2020-07-26,US,Minnesota,Anoka,3010,111,0,45.27476015,-93.24604565,27003.0,843.323872789777,3.687707641196013,2899,2950,111,0,2839,2903,353813,60,0,0,60,47
2020-07-26,US,Minnesota,Becker,110,0,0,46.93479392,-95.67158144,27005.0,319.5537867123725,0.0,110,101,0,0,101,96,34371,9,0,0,9,5
2020-07-26,US,Minnesota,Beltrami,151,0,0,47.97373527,-94.93732139,27007.0,319.99660930745097,0.0,151,146,0,0,146,122,46847,5,0,0,5,24
2020-07-26,US,Minnesota,Benton,287,3,0,45.69804958,-93.99514135,27009.0,701.9002665753626,1.0452961672473868,284,283,3,0,280,278,40545,4,0,0,4,5
2020-07-26,US,Minnesota,Big Stone,21,0,0,45.42712824,-96.41403739,27011.0,420.75736325385697,0.0,21,20,0,0,20,20,4989,1,0,0,1,0
2020-07-26,US,Minnesota,Blue Earth,767,3,0,44.03554215,-94.06699781,27013.0,1133.7265161929256,0.39113428943937417,764,750,3,0,747,735,67427,17,0,0,17,15
2020-07-26,US,Minnesota,Brown,70,2,0,44.24205652,-94.72562874,27015.0,279.910428662828,2.8571428571428568,68,70,2,0,68,67,25111,0,0,0,0,3
2020-07-26,US,Minnesota,Carlton,114,0,0,46.59180601,-92.67601019,27017.0,317.80546959939784,0.0,114,112,0,0,112,111,35837,2,0,0,2,1
2020-07-26,US,Minnesota,Carver,663,2,0,44.82017001,-93.80099179999999,27019.0,630.8938138149567,0.3016591251885369,661,643,2,0,641,639,103551,20,0,0,20,4
2020-07-26,US,Minnesota,Cass,43,2,0,46.95043611,-94.32603968,27021.0,144.39705832969543,4.651162790697675,41,41,2,0,39,35,29519,2,0,0,2,6
2020-07-26,US,Minnesota,Chippewa,90,1,0,45.02343421,-95.56403693,27023.0,762.7118644067798,1.1111111111111112,89,87,1,0,86,87,11924,3,0,0,3,0
2020-07-26,US,Minnesota,Chisago,154,1,0,45.5021011,-92.90861945,27025.0,272.1857933155411,0.6493506493506493,153,147,1,0,146,141,55922,7,0,0,7,6
2020-07-26,US,Minnesota,Clay,703,39,0,46.89289518,-96.48761922,27027.0,1094.640465883965,5.547652916073968,664,697,39,0,658,692,63955,6,0,0,6,5
2020-07-26,US,Minnesota,Clearwater,14,0,0,47.57992111,-95.37790562,27029.0,158.76616012701294,0.0,14,14,0,0,14,14,8810,0,0,0,0,0
2020-07-26,US,Minnesota,Cook,2,0,0,47.90504893,-90.52629546,27031.0,36.60992128866923,0.0,2,2,0,0,2,2,5393,0,0,0,0,0
2020-07-26,US,Minnesota,Cottonwood,159,0,0,44.00715262,-95.18138802,27033.0,1420.150053590568,0.0,159,158,0,0,158,155,11277,1,0,0,1,3
2020-07-26,US,Minnesota,Crow Wing,156,12,0,46.48096553,-94.06755609,27035.0,239.79709476596724,7.6923076923076925,144,152,12,0,140,152,64889,4,0,0,4,0
2020-07-26,US,Minnesota,Dakota,3475,102,0,44.67172617,-93.06299363,27037.0,809.9836604734967,2.9352517985611515,3373,3386,102,0,3284,3324,425423,89,0,0,89,62
2020-07-26,US,Minnesota,Dodge,118,0,0,44.02238415,-92.86244324,27039.0,563.6763160408905,0.0,118,118,0,0,118,118,20822,0,0,0,0,0
2020-07-26,US,Minnesota,Douglas,115,0,0,45.93348491,-95.45335469,27041.0,301.5128077397027,0.0,115,113,0,0,113,110,37964,2,0,0,2,3
2020-07-26,US,Minnesota,Faribault,73,0,0,43.67381499,-93.94787458,27043.0,534.6810224859005,0.0,73,73,0,0,73,73,13758,0,0,0,0,0
2020-07-26,US,Minnesota,Fillmore,53,0,0,43.67394126,-92.08980382,27045.0,251.57829781174348,0.0,53,53,0,0,53,53,21058,0,0,0,0,0
2020-07-26,US,Minnesota,Freeborn,338,1,0,43.67385583,-93.34884422,27047.0,1116.2114857501404,0.2958579881656805,337,336,1,0,335,333,30444,2,0,0,2,3
2020-07-26,US,Minnesota,Goodhue,159,8,0,44.40849741,-92.72341949999999,27049.0,343.11609840310746,5.031446540880503,151,157,8,0,149,155,46403,2,0,0,2,2
2020-07-26,US,Minnesota,Grant,38,1,0,45.93424769,-96.01139609,27051.0,636.3027461486938,2.631578947368421,37,36,1,0,35,35,6021,2,0,0,2,1
2020-07-26,US,Minnesota,Hennepin,16316,807,0,45.00761521,-93.47694895,27053.0,1288.9434155736533,4.9460652120617805,15509,16067,806,0,15261,15810,1259428,249,1,0,248,257
2020-07-26,US,Minnesota,Houston,33,0,0,43.67129565,-91.49143057,27055.0,177.41935483870967,0.0,33,34,0,0,34,33,18578,-1,0,0,-1,1
2020-07-26,US,Minnesota,Hubbard,19,0,0,47.10778564,-94.91693868,27057.0,88.40910148434229,0.0,19,18,0,0,18,13,21332,1,0,0,1,5
2020-07-26,US,Minnesota,Isanti,101,0,0,45.56181234,-93.29487636,27059.0,248.7929845304956,0.0,101,99,0,0,99,97,39966,2,0,0,2,2
2020-07-26,US,Minnesota,Itasca,119,12,0,47.51009045,-93.63092229,27061.0,263.6826944382894,10.084033613445378,107,116,12,0,104,114,45108,3,0,0,3,2
2020-07-26,US,Minnesota,Jackson,64,0,0,43.67423373,-95.15398258,27063.0,650.0101564086939,0.0,64,64,0,0,64,61,9911,0,0,0,0,3
2020-07-26,US,Minnesota,Kanabec,23,1,0,45.9459309,-93.29275192,27065.0,140.78472179714757,4.3478260869565215,22,22,1,0,21,22,16207,1,0,0,1,0
2020-07-26,US,Minnesota,Kandiyohi,644,1,0,45.1526059,-95.00586446,27067.0,1490.77524942707,0.15527950310559005,643,633,1,0,632,633,42855,11,0,0,11,0
2020-07-26,US,Minnesota,Kittson,3,0,0,48.77754106,-96.78317184,27069.0,69.79990693345742,0.0,3,3,0,0,3,3,4248,0,0,0,0,0
2020-07-26,US,Minnesota,Koochiching,56,3,0,48.24539665,-93.78352843,27071.0,457.9278763594733,5.357142857142857,53,55,3,0,52,49,12440,1,0,0,1,6
2020-07-26,US,Minnesota,Lac qui Parle,6,0,0,44.9973857,-96.17488219,27073.0,90.59338668277216,0.0,6,6,0,0,6,6,6658,0,0,0,0,0
2020-07-26,US,Minnesota,Lake,13,0,0,47.64270764,-91.44557998,27075.0,122.1689690818532,0.0,13,13,0,0,13,13,10658,0,0,0,0,0
2020-07-26,US,Minnesota,Lake of the Woods,1,0,0,48.77217001,-94.90274472,27077.0,26.73796791443851,0.0,1,1,0,0,1,,3758,0,0,0,0,
2020-07-26,US,Minnesota,Le Sueur,181,1,0,44.37136597,-93.72844721,27079.0,626.5794301935126,0.5524861878453039,180,174,1,0,173,168,28494,7,0,0,7,6
2020-07-26,US,Minnesota,Lincoln,52,0,0,44.41311883,-96.26688165,27081.0,922.1493172548323,0.0,52,51,0,0,51,51,5673,1,0,0,1,0
2020-07-26,US,Minnesota,Lyon,401,3,0,44.41327865,-95.83806103,27083.0,1574.1540394127344,0.7481296758104738,398,395,3,0,392,393,25629,6,0,0,6,2
2020-07-26,US,Minnesota,Mahnomen,18,1,0,47.32557075,-95.80921485,27087.0,325.67396417586394,5.5555555555555545,17,17,1,0,16,17,5519,1,0,0,1,0
2020-07-26,US,Minnesota,Marshall,25,0,0,48.35825983,-96.37017407,27089.0,267.78063410454155,0.0,25,25,0,0,25,25,9390,0,0,0,0,0
2020-07-26,US,Minnesota,Martin,192,5,0,43.67429718,-94.55099908,27091.0,975.4610577655844,2.6041666666666665,187,192,5,0,187,192,19785,0,0,0,0,0
2020-07-26,US,Minnesota,McLeod,116,0,0,44.82367677,-94.27287017,27085.0,323.1827933023152,0.0,116,115,0,0,115,115,35873,1,0,0,1,0
2020-07-26,US,Minnesota,Meeker,80,2,0,45.12328869,-94.52839455,27093.0,344.5009043148738,2.5,78,79,2,0,77,78,23141,1,0,0,1,1
2020-07-26,US,Minnesota,Mille Lacs,50,3,0,45.93705297,-93.63236823,27095.0,190.28047341781783,6.0,47,50,3,0,47,50,26139,0,0,0,0,0
2020-07-26,US,Minnesota,Morrison,75,1,0,46.01265363,-94.27341528,27097.0,224.64506080392982,1.3333333333333333,74,74,1,0,73,74,33169,1,0,0,1,0
2020-07-26,US,Minnesota,Mower,1038,2,0,43.67142874,-92.75234549,27099.0,2590.9839748389995,0.1926782273603083,1036,1035,2,0,1033,1029,40011,3,0,0,3,6
2020-07-26,US,Minnesota,Murray,118,1,0,44.02216709,-95.76328482,27101.0,1440.0781059311691,0.8474576271186439,117,115,1,0,114,110,8276,3,0,0,3,5
2020-07-26,US,Minnesota,Nicollet,266,13,0,44.35291112,-94.24710352,27103.0,776.098500320943,4.887218045112782,253,262,13,0,249,252,34220,4,0,0,4,10
2020-07-26,US,Minnesota,Nobles,1727,6,0,43.67434621,-95.75329576,27105.0,7984.650238106246,0.3474232773595831,1721,1725,6,0,1719,1721,21924,2,0,0,2,4
2020-07-26,US,Minnesota,Norman,29,0,0,47.32628443,-96.45620947,27107.0,454.90196078431364,0.0,29,30,0,0,30,28,6475,-1,0,0,-1,2
2020-07-26,US,Minnesota,Olmsted,1515,21,0,44.00374114,-92.40209944,27109.0,957.0859103055726,1.3861386138613858,1494,1497,21,0,1476,1487,156277,18,0,0,18,10
2020-07-26,US,Minnesota,Otter Tail,148,2,0,46.40846929,-95.70835255,27111.0,251.93204643720424,1.351351351351351,146,146,1,0,145,145,58812,2,1,0,1,1
2020-07-26,US,Minnesota,Pennington,62,1,0,48.06642577,-96.0370814,27113.0,439.1245838940435,1.6129032258064515,61,62,1,0,61,60,14178,0,0,0,0,2
2020-07-26,US,Minnesota,Pine,121,0,0,46.12105238,-92.74070188,27115.0,409.0740052063964,0.0,121,121,0,0,121,121,29483,0,0,0,0,0
2020-07-26,US,Minnesota,Pipestone,133,8,0,44.02301619,-96.25841142,27117.0,1457.3745342976115,6.015037593984963,125,130,8,0,122,128,9047,3,0,0,3,2
2020-07-26,US,Minnesota,Polk,110,3,0,47.77372465,-96.40134647,27119.0,350.72057135569435,2.727272727272727,107,108,3,0,105,105,31529,2,0,0,2,3
2020-07-26,US,Minnesota,Pope,34,0,0,45.58606667,-95.44451209,27121.0,302.24908880789405,0.0,34,31,0,0,31,31,11097,3,0,0,3,0
2020-07-26,US,Minnesota,Ramsey,6253,254,0,45.01625271,-93.09872295,27123.0,1136.2459364625374,4.0620502158963685,5999,6164,253,0,5911,6070,550210,89,1,0,88,94
2020-07-26,US,Minnesota,Red Lake,9,0,0,47.87197525,-96.09561104,27125.0,221.9482120838471,0.0,9,8,0,0,8,6,3999,1,0,0,1,2
2020-07-26,US,Minnesota,Redwood,30,0,0,44.40555844,-95.25207021,27127.0,197.7587343441002,0.0,30,28,0,0,28,28,15249,2,0,0,2,0
2020-07-26,US,Minnesota,Renville,53,4,0,44.72836381,-94.94553734,27129.0,364.3112455320319,7.547169811320754,49,46,4,0,42,45,14612,7,0,0,7,1
2020-07-26,US,Minnesota,Rice,947,8,0,44.3543376,-93.29658715,27131.0,1414.0237711282327,0.8447729672650475,939,944,8,0,936,934,66523,3,0,0,3,10
2020-07-26,US,Minnesota,Rock,60,0,0,43.67482683,-96.25296832,27133.0,644.1223832528177,0.0,60,60,0,0,60,49,9414,0,0,0,0,11
2020-07-26,US,Minnesota,Roseau,41,0,0,48.77501878,-95.81079919,27135.0,270.359380151665,0.0,41,34,0,0,34,34,15150,7,0,0,7,0
2020-07-26,US,Minnesota,Scott,1176,11,0,44.6490231,-93.53340251,27139.0,789.1928892110085,0.935374149659864,1165,1144,11,0,1133,1119,147381,32,0,0,32,25
2020-07-26,US,Minnesota,Sherburne,564,5,0,45.44447208,-93.77617511,27141.0,580.0201567288509,0.8865248226950354,559,499,5,0,494,490,96036,65,0,0,65,9
2020-07-26,US,Minnesota,Sibley,72,2,0,44.5796592,-94.23164924,27143.0,484.35923309788086,2.7777777777777777,70,71,2,0,69,73,15028,1,0,0,1,-2
2020-07-26,US,Minnesota,St. Louis,325,17,0,47.604840700000004,-92.46879855,27137.0,163.25915507108053,5.230769230769232,308,319,17,0,302,308,199754,6,0,0,6,11
2020-07-26,US,Minnesota,Stearns,2721,19,0,45.55192576,-94.61078221,27145.0,1689.2751823684619,0.6982726938625505,2702,2712,19,0,2693,2695,159256,9,0,0,9,17
2020-07-26,US,Minnesota,Steele,309,1,0,44.02240351,-93.22627088,27147.0,843.1335097819858,0.32362459546925565,308,306,1,0,305,301,36803,3,0,0,3,5
2020-07-26,US,Minnesota,Stevens,15,0,0,45.58613007,-96.00163705,27149.0,152.98317185109642,0.0,15,15,0,0,15,15,9753,0,0,0,0,0
2020-07-26,US,Minnesota,Swift,50,1,0,45.2829032,-95.68264092,27151.0,539.6071659831642,2.0,49,48,1,0,47,47,9345,2,0,0,2,1
2020-07-26,US,Minnesota,Todd,408,2,0,46.06996226,-94.89785296,27153.0,1654.2328900421667,0.4901960784313725,406,407,2,0,405,407,24582,1,0,0,1,0
2020-07-26,US,Minnesota,Traverse,9,0,0,45.77298854,-96.47062949,27155.0,276.15833077631174,0.0,9,9,0,0,9,9,3308,0,0,0,0,0
2020-07-26,US,Minnesota,Unassigned,167,40,0,0.0,0.0,90027.0,0.0,23.952095808383238,127,166,40,0,126,142,,1,0,0,1,24
2020-07-26,US,Minnesota,Wabasha,65,0,0,44.28424356,-92.23121312,27157.0,300.5502381282656,0.0,65,65,0,0,65,64,21645,0,0,0,0,1
2020-07-26,US,Minnesota,Wadena,20,0,0,46.58589171,-94.96968506,27159.0,146.177459435755,0.0,20,20,0,0,20,20,13773,0,0,0,0,0
2020-07-26,US,Minnesota,Waseca,113,0,0,44.02211116,-93.58720034,27161.0,607.1351816032668,0.0,113,111,0,0,111,107,18691,2,0,0,2,4
2020-07-26,US,Minnesota,Washington,1672,41,0,45.03864533,-92.88429635,27163.0,637.0980033531473,2.452153110047847,1631,1631,41,0,1590,1597,259201,41,0,0,41,34
2020-07-26,US,Minnesota,Watonwan,291,0,0,43.97823903,-94.61413846,27165.0,2670.459759566853,0.0,291,288,0,0,288,286,10980,3,0,0,3,2
2020-07-26,US,Minnesota,Wilkin,24,3,0,46.35721532,-96.4684375,27167.0,386.6602223296279,12.5,21,23,3,0,20,23,6254,1,0,0,1,0
2020-07-26,US,Minnesota,Winona,217,16,0,43.98772283,-91.78081305,27169.0,429.8391569606212,7.3732718894009235,201,207,16,0,191,197,50825,10,0,0,10,10
2020-07-26,US,Minnesota,Wright,705,5,0,45.17297924,-93.96234781,27171.0,509.4777311258374,0.7092198581560284,700,692,5,0,687,675,136349,13,0,0,13,17
2020-07-26,US,Minnesota,Yellow Medicine,41,0,0,44.71710183,-95.86842453,27173.0,422.2885982078483,0.0,41,40,0,0,40,39,9795,1,0,0,1,1
2020-07-26,US,Mississippi,Adams,511,22,0,31.47669768,-91.35326037,28001.0,1664.8747271364807,4.305283757338552,489,490,22,0,468,480,31192,21,0,0,21,10
2020-07-26,US,Mississippi,Alcorn,274,3,0,34.88084463,-88.57996173,28003.0,741.482423619192,1.094890510948905,271,267,3,0,264,241,36925,7,0,0,7,26
2020-07-26,US,Mississippi,Amite,179,4,0,31.17467303,-90.80501621,28005.0,1455.6395868911115,2.23463687150838,175,172,4,0,168,165,12326,7,0,0,7,7
2020-07-26,US,Mississippi,Attala,457,23,0,33.08658803,-89.57838564,28007.0,2514.581269946077,5.032822757111598,434,456,23,0,433,436,18365,1,0,0,1,20
2020-07-26,US,Mississippi,Benton,88,0,0,34.81681228,-89.18945516,28009.0,1065.5042983412036,0.0,88,88,0,0,88,88,8271,0,0,0,0,0
2020-07-26,US,Mississippi,Bolivar,758,25,0,33.79696941,-90.87372121,28011.0,2474.8596055896564,3.298153034300792,733,741,25,0,716,712,31333,17,0,0,17,29
2020-07-26,US,Mississippi,Calhoun,339,8,0,33.93683395,-89.33686647,28013.0,2360.559849592647,2.359882005899705,331,335,8,0,327,326,14436,4,0,0,4,9
2020-07-26,US,Mississippi,Carroll,231,11,0,33.44834567,-89.91994479,28015.0,2322.308233638283,4.761904761904762,220,231,11,0,220,230,9911,0,0,0,0,1
2020-07-26,US,Mississippi,Chickasaw,390,19,0,33.91983202,-88.9481545,28017.0,2280.301701455885,4.871794871794871,371,385,19,0,366,371,17171,5,0,0,5,14
2020-07-26,US,Mississippi,Choctaw,105,4,0,33.34598242,-89.24809382,28019.0,1278.9281364190012,3.809523809523809,101,105,4,0,101,104,8278,0,0,0,0,1
2020-07-26,US,Mississippi,Claiborne,379,12,0,31.97061673,-90.90702196,28021.0,4216.733422340899,3.16622691292876,367,373,12,0,361,368,9002,6,0,0,6,5
2020-07-26,US,Mississippi,Clarke,277,25,0,32.04158545,-88.68896219999998,28023.0,1782.3820860948458,9.025270758122744,252,275,25,0,250,267,15604,2,0,0,2,8
2020-07-26,US,Mississippi,Clay,340,13,0,33.65358105,-88.77784255,28025.0,1760.1987989231727,3.8235294117647056,327,335,13,0,322,325,19386,5,0,0,5,10
2020-07-26,US,Mississippi,Coahoma,535,7,0,34.22772299,-90.60415045,28027.0,2418.1883926957157,1.308411214953271,528,508,7,0,501,492,22628,27,0,0,27,16
2020-07-26,US,Mississippi,Copiah,829,21,0,31.86977774,-90.44565118,28029.0,2953.8571174060216,2.5331724969843186,808,810,21,0,789,799,28543,19,0,0,19,11
2020-07-26,US,Mississippi,Covington,531,8,0,31.63225413,-89.55389939,28031.0,2849.3238892466193,1.5065913370998116,523,523,8,0,515,511,18853,8,0,0,8,12
2020-07-26,US,Mississippi,DeSoto,2668,21,0,34.87625235,-89.99091418,28033.0,1442.5910405796315,0.7871064467766117,2647,2668,21,0,2647,2668,182001,0,0,0,0,0
2020-07-26,US,Mississippi,Forrest,1405,46,0,31.18961454,-89.25832496,28035.0,1875.9095824932904,3.274021352313168,1359,1373,46,0,1327,1353,75036,32,0,0,32,20
2020-07-26,US,Mississippi,Franklin,85,2,0,31.47786634,-90.89672989,28037.0,1102.0355244392583,2.3529411764705883,83,83,2,0,81,80,7788,2,0,0,2,3
2020-07-26,US,Mississippi,George,243,5,0,30.86259065,-88.64436789,28039.0,991.8367346938776,2.05761316872428,238,233,5,0,228,220,24250,10,0,0,10,13
2020-07-26,US,Mississippi,Greene,192,10,0,31.21444233,-88.63922281,28041.0,1413.219490652142,5.208333333333333,182,187,10,0,177,181,13586,5,0,0,5,6
2020-07-26,US,Mississippi,Grenada,766,17,0,33.77036166,-89.80245083,28043.0,3690.143559109741,2.219321148825065,749,760,16,0,744,750,21055,6,1,0,5,10
2020-07-26,US,Mississippi,Hancock,269,14,0,30.41830223,-89.48851033,28045.0,564.7463889821969,5.204460966542751,255,247,14,0,233,235,47334,22,0,0,22,12
2020-07-26,US,Mississippi,Harrison,1810,26,0,30.51359752,-89.12467576,28047.0,869.8577470203768,1.4364640883977902,1784,1774,25,0,1749,1694,206650,36,1,0,35,80
2020-07-26,US,Mississippi,Hinds,4553,82,0,32.2656285,-90.44435448,28049.0,1963.8543823326431,1.8010103228640455,4471,4413,82,0,4331,4261,237085,140,0,0,140,152
2020-07-26,US,Mississippi,Holmes,760,45,0,33.12345854,-90.08923538,28051.0,4467.960023515579,5.921052631578947,715,737,44,0,693,714,17622,23,1,0,22,23
2020-07-26,US,Mississippi,Humphreys,245,10,0,33.12825718,-90.52252707,28053.0,3038.1944444444453,4.081632653061225,235,241,10,0,231,235,8257,4,0,0,4,6
2020-07-26,US,Mississippi,Issaquena,18,1,0,32.72531359,-90.97392828,28055.0,1356.443104747551,5.5555555555555545,17,18,1,0,17,17,1308,0,0,0,0,1
2020-07-26,US,Mississippi,Itawamba,254,9,0,34.27993475,-88.3606733,28057.0,1085.934159897392,3.543307086614173,245,243,9,0,234,236,23517,11,0,0,11,7
2020-07-26,US,Mississippi,Jackson,1582,27,0,30.54020656,-88.64184064,28059.0,1101.5409039319857,1.706700379266751,1555,1552,26,0,1526,1481,143277,30,1,0,29,71
2020-07-26,US,Mississippi,Jasper,336,6,0,32.01922104,-89.11786866,28061.0,2050.90642739425,1.7857142857142858,330,329,6,0,323,318,16428,7,0,0,7,11
2020-07-26,US,Mississippi,Jefferson,163,4,0,31.73397872,-91.03764977,28063.0,2331.9027181688125,2.4539877300613497,159,158,4,0,154,154,7106,5,0,0,5,4
2020-07-26,US,Mississippi,Jefferson Davis,174,5,0,31.56884708,-89.82670990000004,28065.0,1563.6232925952552,2.8735632183908044,169,170,5,0,165,163,11234,4,0,0,4,7
2020-07-26,US,Mississippi,Jones,1563,56,0,31.62257767,-89.16896899999998,28067.0,2295.221592410937,3.582853486884197,1507,1522,54,0,1468,1495,68461,41,2,0,39,27
2020-07-26,US,Mississippi,Kemper,209,15,0,32.75462946,-88.64105766,28069.0,2145.3500307944987,7.177033492822965,194,207,15,0,192,206,10027,2,0,0,2,1
2020-07-26,US,Mississippi,Lafayette,723,4,0,34.35687874,-89.48490961,28071.0,1338.417964049686,0.5532503457814661,719,700,4,0,696,669,54793,23,0,0,23,31
2020-07-26,US,Mississippi,Lamar,954,11,0,31.20572971,-89.5077704,28073.0,1506.0859132027215,1.1530398322851152,943,923,10,0,913,900,62447,31,1,0,30,23
2020-07-26,US,Mississippi,Lauderdale,1218,84,0,32.40419769,-88.66229662,28075.0,1643.1703204047215,6.896551724137932,1134,1199,84,0,1115,1159,75317,19,0,0,19,40
2020-07-26,US,Mississippi,Lawrence,271,3,0,31.55147224,-90.10841127,28077.0,2153.1860797711747,1.1070110701107012,268,269,3,0,266,246,12455,2,0,0,2,23
2020-07-26,US,Mississippi,Leake,724,24,0,32.7536828,-89.52402044,28079.0,3177.3896252084614,3.3149171270718236,700,723,24,0,699,718,22763,1,0,0,1,5
2020-07-26,US,Mississippi,Lee,1002,26,0,34.291877500000005,-88.68149954,28081.0,1172.807715717028,2.594810379241517,976,968,26,0,942,941,85202,34,0,0,34,27
2020-07-26,US,Mississippi,Leflore,735,57,0,33.55545125,-90.29900733,28083.0,2607.9551502678923,7.755102040816326,678,719,57,0,662,708,28919,16,0,0,16,11
2020-07-26,US,Mississippi,Lincoln,681,38,0,31.53288662,-90.45391915,28085.0,1993.968319034931,5.580029368575624,643,661,38,0,623,649,34205,20,0,0,20,12
2020-07-26,US,Mississippi,Lowndes,811,22,0,33.47386518,-88.44191529999998,28087.0,1384.0771396876867,2.7127003699136867,789,794,22,0,772,768,58930,17,0,0,17,26
2020-07-26,US,Mississippi,Madison,2058,50,0,32.63389156,-90.03513564,28089.0,1936.5401987353207,2.4295432458697763,2008,2026,50,0,1976,1978,105630,32,0,0,32,48
2020-07-26,US,Mississippi,Marion,502,16,0,31.23132643,-89.8209217,28091.0,2042.8926057054487,3.187250996015936,486,487,15,0,472,476,24715,15,1,0,14,11
2020-07-26,US,Mississippi,Marshall,454,5,0,34.76216286,-89.50299462,28093.0,1286.3376211254038,1.1013215859030836,449,443,5,0,438,429,35451,11,0,0,11,14
2020-07-26,US,Mississippi,Monroe,592,45,0,33.89236763,-88.4808438,28095.0,1679.337342562124,7.601351351351353,547,572,44,0,528,561,35564,20,1,0,19,11
2020-07-26,US,Mississippi,Montgomery,250,3,0,33.49419589,-89.61729103,28097.0,2557.544757033248,1.2,247,249,3,0,246,244,10023,1,0,0,1,5
2020-07-26,US,Mississippi,Neshoba,1148,82,0,32.75339664,-89.11726492,28099.0,3942.5784737962767,7.142857142857142,1066,1143,82,0,1061,1138,29125,5,0,0,5,5
2020-07-26,US,Mississippi,Newton,472,10,0,32.40021118,-89.11843336,28101.0,2245.694166904558,2.1186440677966103,462,467,10,0,457,458,21443,5,0,0,5,9
2020-07-26,US,Mississippi,Noxubee,365,10,0,33.11009499,-88.56949061,28103.0,3503.887875587981,2.7397260273972597,355,361,10,0,351,348,10535,4,0,0,4,13
2020-07-26,US,Mississippi,Oktibbeha,893,31,0,33.42491685,-88.87905132,28105.0,1800.875229394801,3.4714445688689817,862,800,31,0,769,759,49599,93,0,0,93,41
2020-07-26,US,Mississippi,Panola,732,9,0,34.36398677,-89.95064249,28107.0,2140.8516612073,1.2295081967213115,723,711,9,0,702,662,34178,21,0,0,21,49
2020-07-26,US,Mississippi,Pearl River,427,34,0,30.77090935,-89.58677275,28109.0,768.8844872602863,7.962529274004684,393,419,34,0,385,403,55387,8,0,0,8,16
2020-07-26,US,Mississippi,Perry,175,6,0,31.17161885,-88.99281835,28111.0,1461.6219827946213,3.4285714285714284,169,164,6,0,158,160,11931,11,0,0,11,4
2020-07-26,US,Mississippi,Pike,720,29,0,31.17507789,-90.40392572,28113.0,1832.6206475259617,4.027777777777779,691,703,28,0,675,685,39563,17,1,0,16,18
2020-07-26,US,Mississippi,Pontotoc,607,6,0,34.226046000000004,-89.03636807,28115.0,1886.616522658047,0.9884678747940692,601,595,6,0,589,576,31833,12,0,0,12,19
2020-07-26,US,Mississippi,Prentiss,251,6,0,34.61810501,-88.51986294,28117.0,998.9652153148132,2.3904382470119523,245,245,6,0,239,231,25315,6,0,0,6,14
2020-07-26,US,Mississippi,Quitman,168,1,0,34.25157572,-90.28908,28119.0,2473.498233215548,0.5952380952380952,167,159,1,0,158,149,7051,9,0,0,9,10
2020-07-26,US,Mississippi,Rankin,1830,23,0,32.26469147,-89.94537876,28121.0,1178.5845392893714,1.2568306010928962,1807,1763,23,0,1740,1709,153902,67,0,0,67,54
2020-07-26,US,Mississippi,Scott,930,16,0,32.406704100000006,-89.53789439,28123.0,3306.784241217465,1.7204301075268815,914,926,16,0,910,919,28287,4,0,0,4,7
2020-07-26,US,Mississippi,Sharkey,103,1,0,32.88149103,-90.8159538,28125.0,2383.7074751215,0.9708737864077671,102,102,0,0,102,92,4377,1,1,0,0,10
2020-07-26,US,Mississippi,Simpson,623,13,0,31.91282117,-89.91716179,28127.0,2337.009528096632,2.086677367576244,610,613,12,0,601,600,26758,10,1,0,9,13
2020-07-26,US,Mississippi,Smith,349,12,0,32.01744532,-89.50644846,28129.0,2192.762000502639,3.4383954154727787,337,347,12,0,335,341,16002,2,0,0,2,6
2020-07-26,US,Mississippi,Stone,128,2,0,30.79187949,-89.11547539,28131.0,698.0802792321118,1.5625,126,121,2,0,119,118,18717,7,0,0,7,3
2020-07-26,US,Mississippi,Sunflower,790,14,0,33.60192578,-90.58882684,28133.0,3146.1569095977698,1.7721518987341771,776,771,14,0,757,751,25735,19,0,0,19,20
2020-07-26,US,Mississippi,Tallahatchie,349,6,0,33.95339918,-90.1729398,28135.0,2527.33724382649,1.7191977077363896,343,344,5,0,339,338,13987,5,1,0,4,6
2020-07-26,US,Mississippi,Tate,565,19,0,34.65133709,-89.94485778,28137.0,1994.9860527523745,3.3628318584070795,546,550,19,0,531,542,28759,15,0,0,15,8
2020-07-26,US,Mississippi,Tippah,236,11,0,34.76872156,-88.90988194,28139.0,1071.9963661140132,4.6610169491525415,225,232,11,0,221,223,21995,4,0,0,4,9
2020-07-26,US,Mississippi,Tishomingo,226,3,0,34.74023475,-88.23917219,28141.0,1165.970180054687,1.327433628318584,223,219,3,0,216,206,19454,7,0,0,7,13
2020-07-26,US,Mississippi,Tunica,182,4,0,34.64967704,-90.37481167,28143.0,1889.5348837209306,2.1978021978021984,178,180,4,0,176,175,9944,2,0,0,2,5
2020-07-26,US,Mississippi,Union,408,12,0,34.49162015,-89.00776006,28145.0,1415.929203539823,2.9411764705882355,396,402,12,0,390,391,28606,6,0,0,6,11
2020-07-26,US,Mississippi,Walthall,396,15,0,31.14971548,-90.10446654,28147.0,2771.9445611087776,3.787878787878788,381,386,15,0,371,382,14465,10,0,0,10,4
2020-07-26,US,Mississippi,Warren,853,24,0,32.35810271,-90.83352619,28149.0,1879.6412595579648,2.8135990621336457,829,842,23,0,819,825,46176,11,1,0,10,17
2020-07-26,US,Mississippi,Washington,1285,24,0,33.28392041,-90.94196237,28151.0,2926.507094217586,1.8677042801556418,1261,1261,23,0,1238,1208,45063,24,1,0,23,53
2020-07-26,US,Mississippi,Wayne,689,21,0,31.64135687,-88.69573913,28153.0,3413.764058861417,3.0478955007256894,668,669,21,0,648,660,20298,20,0,0,20,9
2020-07-26,US,Mississippi,Webster,166,11,0,33.61300486,-89.28392912,28155.0,1713.2831045515536,6.626506024096385,155,161,11,0,150,158,9788,5,0,0,5,3
2020-07-26,US,Mississippi,Wilkinson,151,12,0,31.16078225,-91.31018819,28157.0,1749.7103128621088,7.947019867549669,139,145,12,0,133,142,8792,6,0,0,6,3
2020-07-26,US,Mississippi,Winston,479,14,0,33.08747908,-89.03391385,28159.0,2667.780562517405,2.9227557411273484,465,475,14,0,461,471,18165,4,0,0,4,4
2020-07-26,US,Mississippi,Yalobusha,276,9,0,34.02824175,-89.70762049999998,28161.0,2279.484638255699,3.260869565217391,267,275,9,0,266,270,12392,1,0,0,1,5
2020-07-26,US,Mississippi,Yazoo,689,9,0,32.77890365,-90.39656148,28163.0,2320.6466823846413,1.3062409288824384,680,688,9,0,679,673,28248,1,0,0,1,15
2020-07-26,US,Missouri,Adair,119,0,0,40.19058551,-92.60078167,29001.0,469.5576687842797,0.0,119,118,0,0,118,117,25339,1,0,0,1,1
2020-07-26,US,Missouri,Andrew,74,1,0,39.98492163,-94.80163024,29003.0,417.79584462511286,1.351351351351351,73,73,1,0,72,72,17607,1,0,0,1,1
2020-07-26,US,Missouri,Atchison,13,0,0,40.43238737,-95.42970639,29005.0,252.77075636787868,0.0,13,13,0,0,13,11,5171,0,0,0,0,2
2020-07-26,US,Missouri,Audrain,182,1,0,39.215877,-91.84242683,29007.0,716.8741137545297,0.5494505494505495,181,181,1,0,180,178,25473,1,0,0,1,3
2020-07-26,US,Missouri,Barry,188,0,0,36.70978521,-93.82919888,29009.0,525.3010701612227,0.0,188,187,0,0,187,182,35886,1,0,0,1,5
2020-07-26,US,Missouri,Barton,53,0,0,37.50207671,-94.34757022,29011.0,450.91032839884286,0.0,53,52,0,0,52,53,11798,1,0,0,1,-1
2020-07-26,US,Missouri,Bates,29,1,0,38.25271289,-94.34113157,29013.0,179.3222854316102,3.4482758620689653,28,29,1,0,28,28,16320,0,0,0,0,1
2020-07-26,US,Missouri,Benton,51,0,0,38.29503305,-93.28756116,29015.0,262.30519981484343,0.0,51,51,0,0,51,52,19278,0,0,0,0,-1
2020-07-26,US,Missouri,Bollinger,50,0,0,37.32449052,-90.02725304,29017.0,412.0992334954257,0.0,50,49,0,0,49,49,12169,1,0,0,1,0
2020-07-26,US,Missouri,Boone,928,3,0,38.99186229,-92.30723575,29019.0,514.2328344314348,0.3232758620689655,925,893,3,0,890,860,180005,35,0,0,35,33
2020-07-26,US,Missouri,Buchanan,1017,10,0,39.65816401,-94.80138942,29021.0,1164.0950505929216,0.983284169124877,1007,1015,10,0,1005,1009,88571,2,0,0,2,6
2020-07-26,US,Missouri,Butler,192,2,0,36.71462476,-90.40421163,29023.0,451.99868167051176,1.0416666666666667,190,189,2,0,187,177,42639,3,0,0,3,12
2020-07-26,US,Missouri,Caldwell,27,1,0,39.65620858,-93.98308093,29025.0,299.33481152993346,3.703703703703704,26,27,1,0,26,27,9108,0,0,0,0,0
2020-07-26,US,Missouri,Callaway,94,1,0,38.83674754,-91.92186505,29027.0,210.08872896318974,1.0638297872340423,93,90,1,0,89,89,44889,4,0,0,4,1
2020-07-26,US,Missouri,Camden,203,3,0,38.02199522,-92.76083747,29029.0,438.3975812547241,1.477832512315271,200,187,3,0,184,166,45815,16,0,0,16,21
2020-07-26,US,Missouri,Cape Girardeau,521,3,0,37.38489388,-89.6843587,29031.0,660.5723269642832,0.5758157389635317,518,520,3,0,517,512,78753,1,0,0,1,8
2020-07-26,US,Missouri,Carroll,71,0,0,39.42762566,-93.50626255,29033.0,818.0665975342781,0.0,71,69,0,0,69,61,8743,2,0,0,2,8
2020-07-26,US,Missouri,Carter,10,1,0,36.94160441,-90.96051322,29035.0,167.16817118020728,10.0,9,10,1,0,9,10,6054,0,0,0,0,0
2020-07-26,US,Missouri,Cass,440,8,0,38.64789422,-94.353399,29037.0,415.95764794857246,1.818181818181818,432,429,8,0,421,397,104954,11,0,0,11,32
2020-07-26,US,Missouri,Cedar,31,0,0,37.72391475,-93.85445441,29039.0,216.04292982089345,0.0,31,31,0,0,31,29,14165,0,0,0,0,2
2020-07-26,US,Missouri,Chariton,13,0,0,39.51499357,-92.9629191,29041.0,175.06059789927284,0.0,13,13,0,0,13,13,7451,0,0,0,0,0
2020-07-26,US,Missouri,Christian,172,1,0,36.9711783,-93.18537118,29043.0,194.14188159602688,0.5813953488372093,171,168,1,0,167,159,86983,4,0,0,4,9
2020-07-26,US,Missouri,Clark,2,0,0,40.41040752,-91.73661677,29045.0,29.424746211563924,0.0,2,2,0,0,2,2,6842,0,0,0,0,0
2020-07-26,US,Missouri,Clay,717,19,0,39.31132056,-94.41850862,29047.0,286.85966681069664,2.6499302649930265,698,705,19,0,686,688,246365,12,0,0,12,17
2020-07-26,US,Missouri,Clinton,53,0,0,39.6013098,-94.40465394,29049.0,259.9695884632364,0.0,53,53,0,0,53,50,20470,0,0,0,0,3
2020-07-26,US,Missouri,Cole,226,2,0,38.50455671,-92.27860244,29051.0,294.4817251938237,0.8849557522123894,224,211,2,0,209,206,76796,15,0,0,15,5
2020-07-26,US,Missouri,Cooper,50,0,0,38.844478,-92.80896081,29053.0,282.34231181884917,0.0,50,43,0,0,43,42,17603,7,0,0,7,1
2020-07-26,US,Missouri,Crawford,34,0,0,37.97663738,-91.30528104,29055.0,142.14046822742475,0.0,34,33,0,0,33,32,23957,1,0,0,1,1
2020-07-26,US,Missouri,Dade,10,0,0,37.431814,-93.8503345,29057.0,132.2576378785875,0.0,10,10,0,0,10,10,7569,0,0,0,0,0
2020-07-26,US,Missouri,Dallas,41,1,0,37.6811355,-93.02127031,29059.0,242.9197772247897,2.4390243902439024,40,40,1,0,39,36,16762,1,0,0,1,4
2020-07-26,US,Missouri,Daviess,17,0,0,39.96145298,-93.98519678,29061.0,205.36361439961343,0.0,17,17,0,0,17,16,8313,0,0,0,0,1
2020-07-26,US,Missouri,DeKalb,27,1,0,39.89201062,-94.40476508,29063.0,215.19088228261737,3.703703703703704,26,27,1,0,26,25,12630,0,0,0,0,2
2020-07-26,US,Missouri,Dent,9,0,0,37.60663134,-91.50790473,29065.0,57.792332883837396,0.0,9,9,0,0,9,9,15441,0,0,0,0,0
2020-07-26,US,Missouri,Douglas,46,1,0,36.9325593,-92.49905109,29067.0,348.88130451270376,2.1739130434782608,45,43,1,0,42,40,13373,3,0,0,3,3
2020-07-26,US,Missouri,Dunklin,194,3,0,36.27167174,-90.09122243,29069.0,665.957227695582,1.5463917525773196,191,194,3,0,191,192,29423,0,0,0,0,2
2020-07-26,US,Missouri,Franklin,447,18,0,38.41127108,-91.07522826,29071.0,429.9441168832418,4.026845637583893,429,443,18,0,425,424,103670,4,0,0,4,19
2020-07-26,US,Missouri,Gasconade,13,0,0,38.43947277,-91.50847147,29073.0,88.39929280565754,0.0,13,13,0,0,13,13,14705,0,0,0,0,0
2020-07-26,US,Missouri,Gentry,74,9,0,40.21097916,-94.40944419,29075.0,1126.1604017653324,12.162162162162161,65,73,9,0,64,73,6628,1,0,0,1,0
2020-07-26,US,Missouri,Greene,859,9,0,37.2575872,-93.34230916,29077.0,293.08803559364827,1.0477299185098952,850,830,9,0,821,784,291923,29,0,0,29,46
2020-07-26,US,Missouri,Grundy,24,1,0,40.11406587,-93.56509276,29079.0,243.65482233502541,4.166666666666667,23,24,1,0,23,24,9914,0,0,0,0,0
2020-07-26,US,Missouri,Harrison,44,1,0,40.35570088,-93.99222144,29081.0,526.8199233716475,2.272727272727273,43,44,1,0,43,44,8414,0,0,0,0,0
2020-07-26,US,Missouri,Henry,50,3,0,38.38482826,-93.79293734,29083.0,229.1055718475073,6.0,47,49,3,0,46,46,21792,1,0,0,1,3
2020-07-26,US,Missouri,Hickory,8,0,0,37.94163617,-93.3203037,29085.0,83.82229673093043,0.0,8,8,0,0,8,8,9509,0,0,0,0,0
2020-07-26,US,Missouri,Holt,2,0,0,40.09799248,-95.2163888,29087.0,45.42357483533954,0.0,2,2,0,0,2,2,4404,0,0,0,0,0
2020-07-26,US,Missouri,Howard,37,0,0,39.1435761,-92.69756691,29089.0,369.96300369963006,0.0,37,37,0,0,37,34,10137,0,0,0,0,3
2020-07-26,US,Missouri,Howell,98,0,0,36.77383887,-91.88683935,29091.0,244.28546501483163,0.0,98,98,0,0,98,78,40076,0,0,0,0,20
2020-07-26,US,Missouri,Iron,9,0,0,37.55487945,-90.7735296,29093.0,88.88888888888891,0.0,9,8,0,0,8,8,10177,1,0,0,1,0
2020-07-26,US,Missouri,Jackson,2507,55,0,39.01002188,-94.34724536,29095.0,356.6089293055158,2.193857199840447,2452,2433,53,0,2380,2332,700307,74,2,0,72,101
2020-07-26,US,Missouri,Jasper,1509,23,0,37.20351921,-94.34050458,29097.0,1243.7359883950944,1.5241882041086812,1486,1487,22,0,1465,1434,120636,22,1,0,21,53
2020-07-26,US,Missouri,Jefferson,954,24,0,38.25926778,-90.53870896,29099.0,423.84741493062495,2.5157232704402515,930,929,23,0,906,876,224347,25,1,0,24,53
2020-07-26,US,Missouri,Johnson,417,1,0,38.74719601,-93.80691168,29101.0,771.3366135178128,0.23980815347721826,416,416,1,0,415,411,53652,1,0,0,1,5
2020-07-26,US,Missouri,Kansas City,4785,45,0,39.0997,-94.5786,0.0,978.64168215927,0.9404388714733544,4740,4718,45,0,4673,4558,491918,67,0,0,67,160
2020-07-26,US,Missouri,Knox,4,0,0,40.12699751,-92.14780832,29103.0,101.03561505430665,0.0,4,4,0,0,4,4,3947,0,0,0,0,0
2020-07-26,US,Missouri,Laclede,171,1,0,37.65896829,-92.5888493,29105.0,478.6832012988832,0.5847953216374269,170,170,1,0,169,168,35713,1,0,0,1,2
2020-07-26,US,Missouri,Lafayette,125,2,0,39.06986886,-93.78076396,29107.0,382.1694998165585,1.6,123,125,2,0,123,124,32598,0,0,0,0,1
2020-07-26,US,Missouri,Lawrence,136,2,0,37.10626634,-93.83293097,29109.0,354.5821926737063,1.4705882352941178,134,134,2,0,132,125,38359,2,0,0,2,9
2020-07-26,US,Missouri,Lewis,21,1,0,40.09673161,-91.72070156,29111.0,214.81178396072013,4.761904761904762,20,20,1,0,19,13,9855,1,0,0,1,7
2020-07-26,US,Missouri,Lincoln,221,1,0,39.05345619,-90.95588181,29113.0,374.4937556131701,0.4524886877828054,220,212,1,0,211,202,57686,9,0,0,9,10
2020-07-26,US,Missouri,Linn,28,1,0,39.87001769,-93.10704106,29115.0,234.8993288590604,3.571428571428572,27,28,1,0,27,27,12037,0,0,0,0,1
2020-07-26,US,Missouri,Livingston,37,0,0,39.78110272,-93.54645978,29117.0,242.98942667629868,0.0,37,37,0,0,37,34,15146,0,0,0,0,3
2020-07-26,US,Missouri,Macon,39,0,0,39.83049768,-92.56453089,29121.0,257.9876959714229,0.0,39,38,0,0,38,37,15153,1,0,0,1,1
2020-07-26,US,Missouri,Madison,15,0,0,37.47865134,-90.3467143,29123.0,124.09000661813369,0.0,15,15,0,0,15,15,12188,0,0,0,0,0
2020-07-26,US,Missouri,Maries,10,0,0,38.16193985,-91.92249662,29125.0,114.98217776244681,0.0,10,10,0,0,10,9,8769,0,0,0,0,1
2020-07-26,US,Missouri,Marion,85,1,0,39.80601912,-91.62203062,29127.0,297.93200140203294,1.1764705882352942,84,82,1,0,81,75,28592,3,0,0,3,7
2020-07-26,US,Missouri,McDonald,882,7,0,36.62869595,-94.34867205,29119.0,3862.15352279196,0.7936507936507936,875,881,7,0,874,878,23078,1,0,0,1,3
2020-07-26,US,Missouri,Mercer,8,0,0,40.42212303,-93.5682959,29129.0,221.1777716339508,0.0,8,8,0,0,8,8,3641,0,0,0,0,0
2020-07-26,US,Missouri,Miller,62,0,0,38.21450288,-92.42610898,29131.0,242.00788477302,0.0,62,60,0,0,60,56,25336,2,0,0,2,4
2020-07-26,US,Missouri,Mississippi,122,0,0,36.82516239,-89.29505753,29133.0,925.6449165402124,0.0,122,121,0,0,121,121,13336,1,0,0,1,0
2020-07-26,US,Missouri,Moniteau,93,2,0,38.63571781,-92.57976951,29135.0,576.4939251177782,2.150537634408602,91,87,2,0,85,80,16121,6,0,0,6,7
2020-07-26,US,Missouri,Monroe,9,0,0,39.49593978,-92.00043978,29137.0,104.11846367422493,0.0,9,9,0,0,9,9,8664,0,0,0,0,0
2020-07-26,US,Missouri,Montgomery,27,0,0,38.94022054,-91.47000721,29139.0,233.74599601766081,0.0,27,27,0,0,27,26,11534,0,0,0,0,1
2020-07-26,US,Missouri,Morgan,45,0,0,38.4181765,-92.88791859,29141.0,218.16066320841614,0.0,45,42,0,0,42,41,20358,3,0,0,3,1
2020-07-26,US,Missouri,New Madrid,131,1,0,36.59666326,-89.66070007,29143.0,767.158585148747,0.7633587786259542,130,127,1,0,126,124,17296,4,0,0,4,3
2020-07-26,US,Missouri,Newton,736,3,0,36.90519407,-94.3394104,29145.0,1263.823064770932,0.4076086956521739,733,730,3,0,727,723,58266,6,0,0,6,7
2020-07-26,US,Missouri,Nodaway,90,0,0,40.36079813,-94.88133008,29147.0,407.38728951656714,0.0,90,72,0,0,72,69,22304,18,0,0,18,3
2020-07-26,US,Missouri,Oregon,12,0,0,36.68710164,-91.4033755,29149.0,113.9709374109602,0.0,12,12,0,0,12,12,10541,0,0,0,0,0
2020-07-26,US,Missouri,Osage,32,0,0,38.46036182,-91.8613635,29151.0,235.03488799118614,0.0,32,29,0,0,29,31,13714,3,0,0,3,-2
2020-07-26,US,Missouri,Ozark,4,0,0,36.64916339,-92.44459066,29153.0,43.60148245040332,0.0,4,4,0,0,4,4,9017,0,0,0,0,0
2020-07-26,US,Missouri,Pemiscot,179,6,0,36.2130572,-89.78742322,29155.0,1132.5529895602658,3.35195530726257,173,179,6,0,173,176,16272,0,0,0,0,3
2020-07-26,US,Missouri,Perry,187,3,0,37.70660776,-89.82741088,29157.0,977.2157190635452,1.60427807486631,184,187,3,0,184,186,19150,0,0,0,0,1
2020-07-26,US,Missouri,Pettis,274,3,0,38.72798918,-93.28471706,29159.0,647.1574671107018,1.094890510948905,271,259,3,0,256,250,42542,15,0,0,15,9
2020-07-26,US,Missouri,Phelps,59,0,0,37.87736118,-91.79351727,29161.0,132.36712808202276,0.0,59,59,0,0,59,59,44732,0,0,0,0,0
2020-07-26,US,Missouri,Pike,54,1,0,39.34310674,-91.16980779,29163.0,295.0497213419298,1.851851851851852,53,54,1,0,53,54,18504,0,0,0,0,0
2020-07-26,US,Missouri,Platte,252,6,0,39.38154439,-94.77068479,29165.0,241.33770039648337,2.380952380952381,246,236,6,0,230,230,102985,16,0,0,16,6
2020-07-26,US,Missouri,Polk,150,0,0,37.6162296,-93.39828174,29167.0,466.57749852250464,0.0,150,150,0,0,150,144,32201,0,0,0,0,6
2020-07-26,US,Missouri,Pulaski,171,1,0,37.82462075,-92.20783203,29169.0,325.0517991902218,0.5847953216374269,170,170,1,0,169,167,52014,1,0,0,1,3
2020-07-26,US,Missouri,Putnam,4,0,0,40.47942497,-93.02042674,29171.0,85.17887563884156,0.0,4,4,0,0,4,4,4757,0,0,0,0,0
2020-07-26,US,Missouri,Ralls,16,0,0,39.52817427,-91.51838643,29173.0,155.20419051314389,0.0,16,16,0,0,16,16,10212,0,0,0,0,0
2020-07-26,US,Missouri,Randolph,29,1,0,39.44007257,-92.4971374,29175.0,117.18118635849363,3.4482758620689653,28,26,1,0,25,26,24763,3,0,0,3,0
2020-07-26,US,Missouri,Ray,48,0,0,39.3537468,-93.98905745,29177.0,208.5324528629768,0.0,48,47,0,0,47,45,22883,1,0,0,1,2
2020-07-26,US,Missouri,Reynolds,12,0,0,37.36085952,-90.97009925,29179.0,191.38755980861245,0.0,12,10,0,0,10,10,6254,2,0,0,2,0
2020-07-26,US,Missouri,Ripley,36,0,0,36.65460667,-90.85990261,29181.0,270.9211318482842,0.0,36,36,0,0,36,36,13401,0,0,0,0,0
2020-07-26,US,Missouri,Saline,369,6,0,39.13734288,-93.20259964,29195.0,1621.1941478845392,1.6260162601626016,363,368,6,0,362,365,22895,1,0,0,1,3
2020-07-26,US,Missouri,Schuyler,9,0,0,40.46921489,-92.52311943,29197.0,193.13304721030042,0.0,9,9,0,0,9,9,4599,0,0,0,0,0
2020-07-26,US,Missouri,Scotland,11,1,0,40.45214695,-92.14709064,29199.0,224.3982048143615,9.090909090909092,10,11,1,0,10,11,4966,0,0,0,0,0
2020-07-26,US,Missouri,Scott,285,13,0,37.05588075,-89.56474493,29201.0,744.514106583072,4.56140350877193,272,286,13,0,273,282,38458,-1,0,0,-1,4
2020-07-26,US,Missouri,Shannon,40,0,0,37.15772072,-91.40190382,29203.0,489.8359049718345,0.0,40,40,0,0,40,40,8189,0,0,0,0,0
2020-07-26,US,Missouri,Shelby,10,0,0,39.79742518,-92.07634971,29205.0,168.63406408094434,0.0,10,9,0,0,9,9,6050,1,0,0,1,0
2020-07-26,US,Missouri,St. Charles,2663,84,0,38.77875681,-90.66662425,29183.0,662.4015601136257,3.1543372136687946,2579,2547,79,0,2468,2390,399182,116,5,0,111,157
2020-07-26,US,Missouri,St. Clair,13,0,0,38.03699437,-93.77631447,29185.0,138.34202405022882,0.0,13,12,0,0,12,12,9395,1,0,0,1,0
2020-07-26,US,Missouri,St. Francois,234,2,0,37.81214171,-90.47598685,29187.0,348.13657665699617,0.8547008547008547,232,225,2,0,223,219,66692,9,0,0,9,6
2020-07-26,US,Missouri,St. Louis,11210,628,0,38.63770039999999,-90.4458375,29189.0,1127.5340598769874,5.602140945584299,10582,10687,628,0,10059,10319,996945,523,0,0,523,368
2020-07-26,US,Missouri,St. Louis City,3901,164,0,38.63555736,-90.24349225,29510.0,1297.8414776961567,4.204050243527302,3737,3895,164,0,3731,3806,302838,6,0,0,6,89
2020-07-26,US,Missouri,Ste. Genevieve,38,1,0,37.89090059,-90.1949941,29186.0,212.3616854811669,2.631578947368421,37,37,1,0,36,35,17888,1,0,0,1,2
2020-07-26,US,Missouri,Stoddard,189,9,0,36.85571651,-89.9444155,29207.0,651.1627906976744,4.761904761904762,180,188,9,0,179,186,29206,1,0,0,1,2
2020-07-26,US,Missouri,Stone,58,1,0,36.75000327,-93.45256475,29209.0,181.52228342513766,1.7241379310344829,57,58,1,0,57,58,31749,0,0,0,0,0
2020-07-26,US,Missouri,Sullivan,124,0,0,40.2099105,-93.11150106,29211.0,2036.459188700936,0.0,124,124,0,0,124,124,6221,0,0,0,0,0
2020-07-26,US,Missouri,Taney,249,3,0,36.65465345,-93.04075153,29213.0,445.2152767844372,1.2048192771084338,246,237,3,0,234,226,55852,12,0,0,12,11
2020-07-26,US,Missouri,Texas,21,0,0,37.31728859,-91.96564727,29215.0,82.68367587999055,0.0,21,21,0,0,21,20,25571,0,0,0,0,1
2020-07-26,US,Missouri,Vernon,45,0,0,37.8457799,-94.34127305,29217.0,218.8396634732286,0.0,45,44,0,0,44,44,20528,1,0,0,1,0
2020-07-26,US,Missouri,Warren,120,0,0,38.76529479,-91.16124662,29219.0,336.6153328284103,0.0,120,117,0,0,117,114,34711,3,0,0,3,3
2020-07-26,US,Missouri,Washington,46,1,0,37.96130078,-90.87948158,29221.0,186.00889607763847,2.1739130434782608,45,46,1,0,45,42,24943,0,0,0,0,4
2020-07-26,US,Missouri,Wayne,12,0,0,37.11303869,-90.46001416,29223.0,93.21836401771152,0.0,12,12,0,0,12,9,13122,0,0,0,0,3
2020-07-26,US,Missouri,Webster,97,1,0,37.2813734,-92.876329,29225.0,244.99898969488785,1.0309278350515465,96,93,1,0,92,92,39109,4,0,0,4,1
2020-07-26,US,Missouri,Worth,5,0,0,40.47945588,-94.42328751,29227.0,248.38549428713364,0.0,5,5,0,0,5,5,2040,0,0,0,0,0
2020-07-26,US,Missouri,Wright,54,0,0,37.27029221,-92.46914488,29229.0,295.25944556837436,0.0,54,53,0,0,53,52,18378,1,0,0,1,1
2020-07-26,US,Montana,Beaverhead,26,0,0,45.13434354,-112.89846940000001,30001.0,275.04495927218875,0.0,26,31,0,0,31,19,9404,-5,0,0,-5,12
2020-07-26,US,Montana,Big Horn,217,5,0,45.42335905,-107.492347,30003.0,1629.2514453037015,2.3041474654377883,212,217,5,0,212,184,13338,0,0,0,0,33
2020-07-26,US,Montana,Blaine,7,0,0,48.43175214,-108.9582723,30005.0,104.77473432120941,0.0,7,7,0,0,7,7,6807,0,0,0,0,0
2020-07-26,US,Montana,Broadwater,10,0,0,46.33277565,-111.49558130000001,30007.0,160.333493666827,0.0,10,9,0,0,9,9,6085,1,0,0,1,0
2020-07-26,US,Montana,Carbon,47,0,0,45.22850116,-109.0274047,30009.0,438.22843822843816,0.0,47,46,0,0,46,42,10714,1,0,0,1,4
2020-07-26,US,Montana,Cascade,115,2,0,47.30797024,-111.3467922,30013.0,141.33667625298037,1.7391304347826086,113,111,2,0,109,101,81643,4,0,0,4,10
2020-07-26,US,Montana,Chouteau,3,0,0,47.88084126,-110.4353362,30015.0,53.23868677905946,0.0,3,3,0,0,3,3,5745,0,0,0,0,0
2020-07-26,US,Montana,Custer,47,0,0,46.25319932,-105.57375259999998,30017.0,412.20838449394836,0.0,47,47,0,0,47,43,11586,0,0,0,0,4
2020-07-26,US,Montana,Daniels,1,0,0,48.78420029,-105.54763429999998,30019.0,59.1715976331361,0.0,1,1,0,0,1,,1747,0,0,0,0,
2020-07-26,US,Montana,Dawson,10,0,0,47.26584855,-104.89444170000002,30021.0,116.10356437942644,0.0,10,10,0,0,10,8,8680,0,0,0,0,2
2020-07-26,US,Montana,Deer Lodge,14,0,0,46.05953325,-113.073353,30023.0,153.17286652078775,0.0,14,14,0,0,14,10,9131,0,0,0,0,4
2020-07-26,US,Montana,Fallon,2,0,0,46.33478338,-104.41835649999999,30025.0,70.27406886858749,0.0,2,2,0,0,2,1,2920,0,0,0,0,1
2020-07-26,US,Montana,Fergus,4,0,0,47.26331584,-109.2245206,30027.0,36.199095022624434,0.0,4,4,0,0,4,4,11113,0,0,0,0,0
2020-07-26,US,Montana,Flathead,190,2,0,48.29575866,-114.05205690000001,30029.0,183.03373600755256,1.0526315789473684,188,174,2,0,172,172,102106,16,0,0,16,2
2020-07-26,US,Montana,Gallatin,767,1,0,45.54486106,-111.1692571,30031.0,670.2553436915603,0.1303780964797914,766,760,1,0,759,713,111876,7,0,0,7,47
2020-07-26,US,Montana,Garfield,12,0,0,47.27545948,-107.0002351,30033.0,953.8950715421304,0.0,12,12,0,0,12,12,1268,0,0,0,0,0
2020-07-26,US,Montana,Glacier,51,1,0,48.70513576,-112.9934235,30035.0,370.8281829419036,1.96078431372549,50,51,1,0,50,45,13747,0,0,0,0,6
2020-07-26,US,Montana,Golden Valley,3,0,0,46.3816474,-109.17685220000001,30037.0,365.4080389768576,0.0,3,3,0,0,3,3,826,0,0,0,0,0
2020-07-26,US,Montana,Granite,6,0,0,46.40605220000001,-113.4414186,30039.0,177.56732761171943,0.0,6,6,0,0,6,6,3378,0,0,0,0,0
2020-07-26,US,Montana,Hill,39,0,0,48.62879827,-110.1129252,30041.0,236.59305993690853,0.0,39,39,0,0,39,35,16347,0,0,0,0,4
2020-07-26,US,Montana,Jefferson,19,0,0,46.14907081,-112.094396,30043.0,155.47009246379184,0.0,19,18,0,0,18,18,12097,1,0,0,1,0
2020-07-26,US,Montana,Judith Basin,1,0,0,47.04581276,-110.26606880000001,30045.0,49.82561036372696,0.0,1,1,0,0,1,1,1952,0,0,0,0,0
2020-07-26,US,Montana,Lake,139,1,0,47.64514965,-114.0898013,30047.0,456.36614354192665,0.7194244604316546,138,136,1,0,135,117,30250,3,0,0,3,19
2020-07-26,US,Montana,Lewis and Clark,104,1,0,47.12610041,-112.39469799999999,30049.0,149.7868418020509,0.9615384615384616,103,101,1,0,100,97,68700,3,0,0,3,4
2020-07-26,US,Montana,Liberty,1,0,0,48.56084317,-111.02430700000001,30051.0,42.78990158322636,0.0,1,1,0,0,1,1,2430,0,0,0,0,0
2020-07-26,US,Montana,Lincoln,55,1,0,48.54265777,-115.4046155,30053.0,275.27527527527525,1.818181818181818,54,53,1,0,52,52,19794,2,0,0,2,1
2020-07-26,US,Montana,Madison,61,1,0,45.30080065,-111.9173017,30057.0,709.3023255813954,1.639344262295082,60,58,1,0,57,53,8768,3,0,0,3,5
2020-07-26,US,Montana,Meagher,4,0,0,46.59907074,-110.8898557,30059.0,214.8227712137487,0.0,4,4,0,0,4,4,1866,0,0,0,0,0
2020-07-26,US,Montana,Missoula,204,1,0,47.03728583,-113.92135079999998,30063.0,170.56856187290967,0.4901960784313725,203,204,1,0,203,173,118791,0,0,0,0,31
2020-07-26,US,Montana,Musselshell,1,0,0,46.49684637,-108.39498,30065.0,21.58428663932657,0.0,1,1,0,0,1,1,4651,0,0,0,0,0
2020-07-26,US,Montana,Park,40,0,0,45.48965095,-110.52643940000002,30067.0,240.87679152113685,0.0,40,40,0,0,40,34,16736,0,0,0,0,6
2020-07-26,US,Montana,Pondera,8,0,0,48.22773388,-112.22527029999999,30073.0,135.34088986635086,0.0,8,8,0,0,8,8,5972,0,0,0,0,0
2020-07-26,US,Montana,Powder River,1,0,0,45.39617714,-105.636738,30075.0,59.453032104637344,0.0,1,1,0,0,1,1,1716,0,0,0,0,0
2020-07-26,US,Montana,Ravalli,62,1,0,46.08520862,-114.11891640000002,30081.0,141.5331233164407,1.6129032258064515,61,51,1,0,50,51,43172,11,0,0,11,0
2020-07-26,US,Montana,Richland,41,0,0,47.78668011,-104.5610786,30083.0,379.5242062390077,0.0,41,41,0,0,41,40,10913,0,0,0,0,1
2020-07-26,US,Montana,Roosevelt,10,0,0,48.29607488,-105.00792679999999,30085.0,90.87604507451836,0.0,10,9,0,0,9,10,11059,1,0,0,1,-1
2020-07-26,US,Montana,Rosebud,19,1,0,46.23397237,-106.72928799999998,30087.0,212.59930625489537,5.2631578947368425,18,19,1,0,18,18,9063,0,0,0,0,1
2020-07-26,US,Montana,Sanders,7,0,0,47.67657534,-115.1329916,30089.0,57.78915215058203,0.0,7,7,0,0,7,7,11844,0,0,0,0,0
2020-07-26,US,Montana,Sheridan,3,0,0,48.72085833,-104.50382900000001,30091.0,90.66183136899366,0.0,3,3,0,0,3,3,3424,0,0,0,0,0
2020-07-26,US,Montana,Silver Bow,39,0,0,45.90018933,-112.6620092,30093.0,111.69984247458113,0.0,39,35,0,0,35,34,34993,4,0,0,4,1
2020-07-26,US,Montana,Stillwater,16,0,0,45.67071407,-109.3950061,30095.0,165.94067620825555,0.0,16,16,0,0,16,16,9534,0,0,0,0,0
2020-07-26,US,Montana,Sweet Grass,4,1,0,45.81367654,-109.9425686,30097.0,107.03773080010704,25.0,3,4,1,0,3,4,3710,0,0,0,0,0
2020-07-26,US,Montana,Teton,15,0,0,47.83741052,-112.24106880000001,30099.0,244.0214738897023,0.0,15,15,0,0,15,15,6162,0,0,0,0,0
2020-07-26,US,Montana,Toole,31,6,0,48.65577551,-111.69424140000001,30101.0,654.5608108108107,19.354838709677423,25,31,6,0,25,31,4853,0,0,0,0,0
2020-07-26,US,Montana,Treasure,2,0,0,46.20973220000001,-107.26665159999999,30103.0,287.3563218390805,0.0,2,2,0,0,2,2,679,0,0,0,0,0
2020-07-26,US,Montana,Valley,8,0,0,48.36435097,-106.6669635,30105.0,108.1665765278529,0.0,8,7,0,0,7,7,7437,1,0,0,1,0
2020-07-26,US,Montana,Wheatland,2,0,0,46.46652491,-109.84646359999999,30107.0,94.07337723424273,0.0,2,2,0,0,2,2,2236,0,0,0,0,0
2020-07-26,US,Montana,Wibaux,1,0,0,46.95925154,-104.2510927,30109.0,103.19917440660471,0.0,1,1,0,0,1,1,1034,0,0,0,0,0
2020-07-26,US,Montana,Yellowstone,872,21,0,45.93955949,-108.26914860000001,30111.0,540.6075635461872,2.4082568807339446,851,843,21,0,822,820,160137,29,0,0,29,23
2020-07-26,US,Nebraska,Adams,326,11,0,40.52449420000001,-98.50117804,31001.0,1039.4413799700285,3.3742331288343568,315,324,11,0,313,323,31511,2,0,0,2,1
2020-07-26,US,Nebraska,Antelope,17,1,0,42.17695516,-98.06662829999999,31003.0,269.92696093998103,5.882352941176472,16,17,1,0,16,17,6336,0,0,0,0,0
2020-07-26,US,Nebraska,Banner,2,0,0,41.54634427,-103.7114332,31007.0,268.4563758389262,0.0,2,2,0,0,2,2,730,0,0,0,0,0
2020-07-26,US,Nebraska,Boone,7,0,0,41.70759415,-98.06737183,31011.0,134.82280431432974,0.0,7,7,0,0,7,7,5239,0,0,0,0,0
2020-07-26,US,Nebraska,Box Butte,9,0,0,42.22079243,-103.08788340000001,31013.0,83.46471297412594,0.0,9,9,0,0,9,9,10772,0,0,0,0,0
2020-07-26,US,Nebraska,Boyd,1,0,0,42.899727399999996,-98.76486568,31015.0,52.110474205315285,0.0,1,1,0,0,1,1,1955,0,0,0,0,0
2020-07-26,US,Nebraska,Buffalo,280,1,0,40.85486962,-99.07500296,31019.0,563.8454258039832,0.35714285714285715,279,273,1,0,272,268,49615,7,0,0,7,5
2020-07-26,US,Nebraska,Burt,17,0,0,41.85056773,-96.32605633,31021.0,263.1986375599938,0.0,17,17,0,0,17,17,6488,0,0,0,0,0
2020-07-26,US,Nebraska,Butler,53,0,0,41.22703692,-97.13106306,31023.0,661.1776447105789,0.0,53,53,0,0,53,53,8058,0,0,0,0,0
2020-07-26,US,Nebraska,Cass,139,1,0,40.90899107,-96.13971217,31025.0,529.5641572691253,0.7194244604316546,138,136,1,0,135,131,26159,3,0,0,3,5
2020-07-26,US,Nebraska,Cedar,20,0,0,42.598885100000004,-97.25311951,31027.0,238.0385622470841,0.0,20,20,0,0,20,20,8446,0,0,0,0,0
2020-07-26,US,Nebraska,Chase,4,0,0,40.523719799999995,-101.69780259999999,31029.0,101.9367991845056,0.0,4,4,0,0,4,4,3977,0,0,0,0,0
2020-07-26,US,Nebraska,Cherry,4,0,0,42.54502621,-101.1244332,31031.0,70.31112673580594,0.0,4,4,0,0,4,3,5761,0,0,0,0,1
2020-07-26,US,Nebraska,Cheyenne,23,0,0,41.21999357,-102.9941693,31033.0,258.1369248035914,0.0,23,23,0,0,23,23,9310,0,0,0,0,0
2020-07-26,US,Nebraska,Clay,45,0,0,40.52439441,-98.05126296,31035.0,725.4554247944542,0.0,45,43,0,0,43,43,6214,2,0,0,2,0
2020-07-26,US,Nebraska,Colfax,689,4,0,41.57486951,-97.0868542,31037.0,6433.840694742739,0.5805515239477503,685,688,4,0,684,688,10881,1,0,0,1,0
2020-07-26,US,Nebraska,Cuming,48,0,0,41.91637624,-96.78730772,31039.0,542.6181324892607,0.0,48,47,0,0,47,47,8940,1,0,0,1,0
2020-07-26,US,Nebraska,Custer,42,4,0,41.39374521,-99.72805369,31041.0,389.71884568989515,9.523809523809524,38,41,4,0,37,41,10840,1,0,0,1,0
2020-07-26,US,Nebraska,Dakota,1887,39,0,42.39040144,-96.56656425,31043.0,9422.750424448217,2.066772655007949,1848,1887,39,0,1848,1881,20083,0,0,0,0,6
2020-07-26,US,Nebraska,Dawes,4,0,0,42.71985036,-103.1313774,31045.0,46.57119571545,0.0,4,4,0,0,4,4,8716,0,0,0,0,0
2020-07-26,US,Nebraska,Dawson,914,9,0,40.87028216,-99.82014609999999,31047.0,3873.7020555202375,0.9846827133479212,905,912,9,0,903,902,23709,2,0,0,2,10
2020-07-26,US,Nebraska,Deuel,1,0,0,41.11168186,-102.33333309999999,31049.0,55.74136008918617,0.0,1,1,0,0,1,1,1825,0,0,0,0,0
2020-07-26,US,Nebraska,Dixon,56,2,0,42.49188363,-96.86782408,31051.0,993.61249112846,3.571428571428572,54,56,2,0,54,56,5709,0,0,0,0,0
2020-07-26,US,Nebraska,Dodge,741,8,0,41.58071748,-96.65598179,31053.0,2026.528100642691,1.0796221322537112,733,737,8,0,729,734,36791,4,0,0,4,3
2020-07-26,US,Nebraska,Douglas,9558,120,0,41.29518299,-96.15085305,31055.0,1672.9473663943766,1.2554927809165095,9438,9465,120,0,9345,9381,566880,93,0,0,93,84
2020-07-26,US,Nebraska,Fillmore,21,1,0,40.52458567,-97.59646937,31059.0,384.4745514463567,4.761904761904762,20,21,1,0,20,21,5527,0,0,0,0,0
2020-07-26,US,Nebraska,Franklin,8,0,0,40.17636348,-98.95299073,31061.0,268.5464921114468,0.0,8,8,0,0,8,8,3023,0,0,0,0,0
2020-07-26,US,Nebraska,Frontier,3,0,0,40.52993007,-100.3924658,31063.0,114.19870574800152,0.0,3,3,0,0,3,3,2608,0,0,0,0,0
2020-07-26,US,Nebraska,Furnas,13,1,0,40.17642064,-99.91247454,31065.0,278.0153977758768,7.6923076923076925,12,12,1,0,11,12,4715,1,0,0,1,0
2020-07-26,US,Nebraska,Gage,74,4,0,40.26186809,-96.68946704,31067.0,343.9780597778088,5.405405405405406,70,74,4,0,70,72,21493,0,0,0,0,2
2020-07-26,US,Nebraska,Garden,4,0,0,41.61703149,-102.3313973,31069.0,217.74632553075668,0.0,4,4,0,0,4,4,1897,0,0,0,0,0
2020-07-26,US,Nebraska,Garfield,3,0,0,41.91428955,-98.99111827,31071.0,152.36160487557137,0.0,3,3,0,0,3,3,1987,0,0,0,0,0
2020-07-26,US,Nebraska,Gosper,13,0,0,40.51481965,-99.83020279,31073.0,653.2663316582915,0.0,13,13,0,0,13,13,1996,0,0,0,0,0
2020-07-26,US,Nebraska,Greeley,8,0,0,41.56742671,-98.52150266,31077.0,339.55857385398986,0.0,8,7,0,0,7,7,2356,1,0,0,1,0
2020-07-26,US,Nebraska,Hall,1681,46,0,40.87257079,-98.50218293,31079.0,2739.882320342933,2.7364663890541343,1635,1672,46,0,1626,1665,61607,9,0,0,9,7
2020-07-26,US,Nebraska,Hamilton,87,12,0,40.87349452,-98.02099117,31081.0,933.0759330759332,13.79310344827586,75,87,12,0,75,85,9280,0,0,0,0,2
2020-07-26,US,Nebraska,Harlan,1,0,0,40.17658508,-99.40438879,31083.0,29.58579881656805,0.0,1,1,0,0,1,1,3401,0,0,0,0,0
2020-07-26,US,Nebraska,Hitchcock,1,0,0,40.17609175,-101.04164770000001,31087.0,36.205648081100655,0.0,1,1,0,0,1,1,2806,0,0,0,0,0
2020-07-26,US,Nebraska,Holt,6,0,0,42.45522056,-98.78402558,31089.0,59.600675474322045,0.0,6,6,0,0,6,6,10178,0,0,0,0,0
2020-07-26,US,Nebraska,Hooker,4,0,0,41.91586243,-101.1354293,31091.0,586.5102639296188,0.0,4,4,0,0,4,4,682,0,0,0,0,0
2020-07-26,US,Nebraska,Howard,53,4,0,41.2200529,-98.5166499,31093.0,822.3429014740109,7.547169811320754,49,51,4,0,47,51,6468,2,0,0,2,0
2020-07-26,US,Nebraska,Jefferson,13,0,0,40.17584531,-97.142601,31095.0,184.50184501845013,0.0,13,13,0,0,13,13,7097,0,0,0,0,0
2020-07-26,US,Nebraska,Johnson,11,0,0,40.39257596,-96.26522753,31097.0,216.9197396963124,0.0,11,11,0,0,11,11,5134,0,0,0,0,0
2020-07-26,US,Nebraska,Kearney,19,0,0,40.50663314,-98.94877182,31099.0,292.5327174749808,0.0,19,20,0,0,20,20,6544,-1,0,0,-1,0
2020-07-26,US,Nebraska,Keith,13,0,0,41.19930341,-101.66201640000001,31101.0,161.81229773462783,0.0,13,13,0,0,13,13,8021,0,0,0,0,0
2020-07-26,US,Nebraska,Kimball,15,0,0,41.19774275,-103.7148131,31105.0,412.9955947136564,0.0,15,15,0,0,15,15,3618,0,0,0,0,0
2020-07-26,US,Nebraska,Knox,28,0,0,42.63758421,-97.89178836,31107.0,336.0537686029765,0.0,28,28,0,0,28,28,8419,0,0,0,0,0
2020-07-26,US,Nebraska,Lancaster,2785,14,0,40.78416049,-96.68777155,31109.0,872.7945093860666,0.5026929982046678,2771,2744,14,0,2730,2704,317272,41,0,0,41,40
2020-07-26,US,Nebraska,Lincoln,78,2,0,41.04658298,-100.74753740000001,31111.0,223.40608351950507,2.5641025641025643,76,77,2,0,75,77,35185,1,0,0,1,0
2020-07-26,US,Nebraska,Madison,403,5,0,41.91676024,-97.6005481,31119.0,1148.1808598535572,1.2406947890818858,398,401,5,0,396,398,35392,2,0,0,2,3
2020-07-26,US,Nebraska,McPherson,4,0,0,41.56797682,-101.05993620000001,31117.0,809.7165991902832,0.0,4,4,0,0,4,4,492,0,0,0,0,0
2020-07-26,US,Nebraska,Merrick,44,0,0,41.16624273,-98.0374887,31121.0,567.3758865248228,0.0,44,43,0,0,43,42,7733,1,0,0,1,1
2020-07-26,US,Nebraska,Morrill,57,0,0,41.71711774,-103.0061405,31123.0,1227.9190004308487,0.0,57,56,0,0,56,56,4686,1,0,0,1,0
2020-07-26,US,Nebraska,Nance,6,0,0,41.39750195,-97.99327291,31125.0,170.50298380221653,0.0,6,6,0,0,6,6,3532,0,0,0,0,0
2020-07-26,US,Nebraska,Nemaha,12,0,0,40.38514847,-95.85433992,31127.0,172.1170395869191,0.0,12,10,0,0,10,10,6958,2,0,0,2,0
2020-07-26,US,Nebraska,Nuckolls,5,0,0,40.17637905,-98.04743961,31129.0,120.54001928640308,0.0,5,5,0,0,5,5,4195,0,0,0,0,0
2020-07-26,US,Nebraska,Otoe,38,0,0,40.64843556,-96.13374142,31131.0,237.32200849362977,0.0,38,38,0,0,38,38,15985,0,0,0,0,0
2020-07-26,US,Nebraska,Pawnee,5,0,0,40.13141096,-96.23705437,31133.0,191.35093761959442,0.0,5,5,0,0,5,2,2632,0,0,0,0,3
2020-07-26,US,Nebraska,Perkins,9,0,0,40.85082525,-101.6502942,31135.0,311.3109650639917,0.0,9,8,0,0,8,8,2929,1,0,0,1,0
2020-07-26,US,Nebraska,Phelps,32,0,0,40.51156033,-99.41461667,31137.0,354.21740092982066,0.0,32,32,0,0,32,32,8996,0,0,0,0,0
2020-07-26,US,Nebraska,Pierce,17,0,0,42.26434853,-97.60122773,31139.0,237.82876329043086,0.0,17,16,0,0,16,16,7142,1,0,0,1,0
2020-07-26,US,Nebraska,Platte,735,3,0,41.57246836,-97.52144359,31141.0,2195.9964146997313,0.4081632653061225,732,733,3,0,730,727,33363,2,0,0,2,6
2020-07-26,US,Nebraska,Polk,20,0,0,41.18813488,-97.56630712,31143.0,383.65624400537115,0.0,20,20,0,0,20,20,5278,0,0,0,0,0
2020-07-26,US,Nebraska,Red Willow,13,0,0,40.17556879999999,-100.476998,31145.0,121.22342409548678,0.0,13,13,0,0,13,13,10726,0,0,0,0,0
2020-07-26,US,Nebraska,Richardson,17,1,0,40.1247415,-95.71755036,31147.0,216.1474888747616,5.882352941176472,16,17,1,0,16,16,7937,0,0,0,0,1
2020-07-26,US,Nebraska,Rock,2,0,0,42.42252217,-99.44832069,31149.0,147.38393515106853,0.0,2,2,0,0,2,2,1360,0,0,0,0,0
2020-07-26,US,Nebraska,Saline,571,2,0,40.52418865,-97.14085859,31151.0,4014.341957255343,0.3502626970227671,569,571,2,0,569,565,14350,0,0,0,0,6
2020-07-26,US,Nebraska,Sarpy,1745,8,0,41.11314181,-96.11156432,31153.0,932.1780379922648,0.4584527220630373,1737,1717,8,0,1709,1691,184459,28,0,0,28,26
2020-07-26,US,Nebraska,Saunders,115,2,0,41.227810299999994,-96.63773905,31155.0,532.9502270831401,1.7391304347826086,113,112,2,0,110,110,21303,3,0,0,3,2
2020-07-26,US,Nebraska,Scotts Bluff,274,6,0,41.85070896,-103.70809859999999,31157.0,769.2739626031781,2.18978102189781,268,274,6,0,268,272,35989,0,0,0,0,2
2020-07-26,US,Nebraska,Seward,65,1,0,40.87241834,-97.139673,31159.0,376.0703540847026,1.5384615384615383,64,65,1,0,64,62,17318,0,0,0,0,3
2020-07-26,US,Nebraska,Sheridan,9,0,0,42.50284406,-102.4126613,31161.0,171.55928326343883,0.0,9,9,0,0,9,9,5190,0,0,0,0,0
2020-07-26,US,Nebraska,Sherman,5,0,0,41.22045983,-98.97588642,31163.0,166.61112962345885,0.0,5,5,0,0,5,5,3038,0,0,0,0,0
2020-07-26,US,Nebraska,Sioux,5,0,0,42.48932059,-103.7576544,31165.0,428.8164665523156,0.0,5,5,0,0,5,5,1187,0,0,0,0,0
2020-07-26,US,Nebraska,Stanton,26,0,0,41.9169835,-97.19394708,31167.0,439.1891891891892,0.0,26,25,0,0,25,25,5970,1,0,0,1,0
2020-07-26,US,Nebraska,Thayer,24,0,0,40.17626377,-97.59504381,31169.0,479.7121726963822,0.0,24,24,0,0,24,24,5039,0,0,0,0,0
2020-07-26,US,Nebraska,Thomas,1,0,0,41.91358968,-100.5556632,31171.0,138.50415512465375,0.0,1,1,0,0,1,1,720,0,0,0,0,0
2020-07-26,US,Nebraska,Thurston,191,3,0,42.15725356,-96.54157099,31173.0,2643.9645625692137,1.5706806282722514,188,185,3,0,182,184,7303,6,0,0,6,1
2020-07-26,US,Nebraska,Unassigned,132,0,0,0.0,0.0,90031.0,0.0,0.0,132,130,0,0,130,130,,2,0,0,2,0
2020-07-26,US,Nebraska,Valley,9,0,0,41.56730777,-98.98197724,31175.0,216.4502164502165,0.0,9,9,0,0,9,9,4190,0,0,0,0,0
2020-07-26,US,Nebraska,Washington,89,1,0,41.52815707,-96.22019892,31177.0,429.3501857301365,1.1235955056179776,88,87,1,0,86,87,20667,2,0,0,2,0
2020-07-26,US,Nebraska,Wayne,36,0,0,42.20934475,-97.11926964,31179.0,383.5908364411295,0.0,36,35,0,0,35,35,9403,1,0,0,1,0
2020-07-26,US,Nebraska,Webster,10,0,0,40.17642643,-98.50019851,31181.0,286.77946659019216,0.0,10,10,0,0,10,10,3533,0,0,0,0,0
2020-07-26,US,Nebraska,Wheeler,1,0,0,41.91482725,-98.52798941,31183.0,127.7139208173691,0.0,1,1,0,0,1,,805,0,0,0,0,
2020-07-26,US,Nebraska,York,62,0,0,40.87272618,-97.59710186,31185.0,453.24950654287596,0.0,62,62,0,0,62,62,13772,0,0,0,0,0
2020-07-26,US,Nevada,Carson City,275,7,0,39.15509045,-119.7480219,32510.0,491.809142284856,2.5454545454545454,268,269,7,0,262,267,55414,6,0,0,6,2
2020-07-26,US,Nevada,Churchill,43,1,0,39.58105744,-118.3394607,32001.0,172.6283672568148,2.3255813953488373,42,44,1,0,43,38,24440,-1,0,0,-1,6
2020-07-26,US,Nevada,Clark,36593,601,0,36.21458855,-115.0130241,32003.0,1614.3626349144024,1.6423906211570518,35992,35786,601,0,35185,35000,2231647,807,0,0,807,786
2020-07-26,US,Nevada,Douglas,134,0,0,38.912862,-119.61713329999999,32005.0,274.0006134342092,0.0,134,126,0,0,126,121,48467,8,0,0,8,5
2020-07-26,US,Nevada,Elko,411,2,0,41.14531606,-115.3577619,32007.0,778.7335632271022,0.4866180048661801,409,386,2,0,384,372,52460,25,0,0,25,14
2020-07-26,US,Nevada,Eureka,2,0,0,39.98100864,-116.26832040000001,32011.0,98.57072449482504,0.0,2,2,0,0,2,2,2003,0,0,0,0,0
2020-07-26,US,Nevada,Humboldt,95,4,0,41.40692186,-118.11094270000001,32013.0,564.4346741132434,4.2105263157894735,91,93,4,0,89,91,16786,2,0,0,2,2
2020-07-26,US,Nevada,Lander,51,1,0,39.933223299999995,-117.03970749999999,32015.0,921.9088937093277,1.96078431372549,50,47,1,0,46,47,5575,4,0,0,4,0
2020-07-26,US,Nevada,Lincoln,3,0,0,37.64268459,-114.8790388,32017.0,57.88153579008296,0.0,3,3,0,0,3,3,5201,0,0,0,0,0
2020-07-26,US,Nevada,Lyon,176,3,0,39.01777974,-119.18704790000001,32019.0,306.03373326378016,1.7045454545454546,173,169,3,0,166,164,55808,7,0,0,7,5
2020-07-26,US,Nevada,Mineral,11,0,0,38.53841696,-118.4344506,32021.0,244.173140954495,0.0,11,11,0,0,11,11,4514,0,0,0,0,0
2020-07-26,US,Nevada,Nye,298,7,0,38.04264256,-116.47227020000001,32023.0,640.5433871418437,2.348993288590604,291,288,7,0,281,286,45346,10,0,0,10,2
2020-07-26,US,Nevada,Pershing,13,0,0,40.44003782,-118.40056409999998,32027.0,193.3085501858736,0.0,13,13,0,0,13,13,6666,0,0,0,0,0
2020-07-26,US,Nevada,Storey,3,0,0,39.44875482,-119.5250207,32029.0,72.76255154014069,0.0,3,3,0,0,3,3,4029,0,0,0,0,0
2020-07-26,US,Nevada,Washoe,4724,107,0,40.66562265,-119.6631594,32031.0,1001.8684294800424,2.2650296359017785,4617,4565,105,0,4460,4456,465735,159,2,0,157,109
2020-07-26,US,Nevada,White Pine,11,1,0,39.44157041,-114.89996599999999,32033.0,114.82254697286012,9.090909090909092,10,11,1,0,10,11,9475,0,0,0,0,0
2020-07-26,US,New Hampshire,Belknap,101,4,0,43.51637314,-71.41684235,33001.0,164.75539533138672,3.96039603960396,97,101,4,0,97,99,61022,0,0,0,0,2
2020-07-26,US,New Hampshire,Carroll,79,1,0,43.87498583,-71.20430216,33003.0,161.5211613167041,1.2658227848101269,78,79,1,0,78,79,48779,0,0,0,0,0
2020-07-26,US,New Hampshire,Cheshire,81,2,0,42.92015988,-72.25311043,33005.0,106.45988039692448,2.469135802469136,79,80,2,0,78,80,76493,1,0,0,1,0
2020-07-26,US,New Hampshire,Coos,16,0,0,44.69063265,-71.30633239,33007.0,50.69226626112854,0.0,16,16,0,0,16,16,31589,0,0,0,0,0
2020-07-26,US,New Hampshire,Grafton,101,1,0,43.93779815,-71.82057197,33009.0,112.36455065304943,0.99009900990099,100,99,1,0,98,98,89786,2,0,0,2,1
2020-07-26,US,New Hampshire,Hillsborough,3668,272,0,42.91537785,-71.7200253,33011.0,879.5635753252202,7.4154852780806975,3396,3655,272,0,3383,3633,415247,13,0,0,13,22
2020-07-26,US,New Hampshire,Merrimack,451,21,0,43.29662971,-71.6811573,33013.0,297.9041026216882,4.656319290465632,430,450,21,0,429,448,151132,1,0,0,1,2
2020-07-26,US,New Hampshire,Rockingham,1582,94,0,42.98499744,-71.12883377,33015.0,510.7031368535909,5.941845764854613,1488,1581,94,0,1487,1573,309176,1,0,0,1,8
2020-07-26,US,New Hampshire,Strafford,319,13,0,43.291833000000004,-71.02336013,33017.0,244.195570797578,4.075235109717869,306,316,13,0,303,311,130090,3,0,0,3,5
2020-07-26,US,New Hampshire,Sullivan,38,1,0,43.36094111,-72.22203125,33019.0,88.07305428081398,2.631578947368421,37,38,1,0,37,38,43144,0,0,0,0,0
2020-07-26,US,New Jersey,Atlantic,3245,240,0,39.47538693,-74.65848483,34001.0,1230.7050479766376,7.395993836671803,3005,3222,240,0,2982,3189,265429,23,0,0,23,33
2020-07-26,US,New Jersey,Bergen,20226,2044,0,40.96010917,-74.07164325,34003.0,2169.7014166457484,10.105804410165137,18182,20192,2044,0,18148,20162,936692,34,0,0,34,30
2020-07-26,US,New Jersey,Burlington,5594,470,0,39.87681124,-74.66927768,34005.0,1256.0935356316056,8.401859134787273,5124,5567,469,0,5098,5533,445384,27,1,0,26,34
2020-07-26,US,New Jersey,Camden,8087,566,0,39.80343818,-74.96388753,34007.0,1596.7350549192352,6.998887102757513,7521,8026,566,0,7460,7952,507078,61,0,0,61,74
2020-07-26,US,New Jersey,Cape May,788,86,0,39.15008829,-74.80170244,34009.0,856.1588022468736,10.913705583756345,702,780,86,0,694,776,92560,8,0,0,8,4
2020-07-26,US,New Jersey,Cumberland,3127,154,0,39.37199394,-75.10712559,34011.0,2091.2611100336394,4.92484809721778,2973,3118,154,0,2964,3108,150972,9,0,0,9,10
2020-07-26,US,New Jersey,Essex,19310,2103,0,40.78681335,-74.24657979,34013.0,2416.8465846866297,10.890730191610565,17207,19263,2101,0,17162,19228,799767,47,2,0,45,35
2020-07-26,US,New Jersey,Gloucester,2969,203,0,39.71581067,-75.13995546,34015.0,1018.0498978178276,6.837318962613675,2766,2945,203,0,2742,2920,291408,24,0,0,24,25
2020-07-26,US,New Jersey,Hudson,19363,1501,0,40.73766234,-74.07515667,34017.0,2879.7232562601225,7.751897949697878,17862,19329,1498,0,17831,19313,676061,34,3,0,31,16
2020-07-26,US,New Jersey,Hunterdon,1120,126,0,40.56335249,-74.91284156,34019.0,900.5314743790755,11.25,994,1115,126,0,989,1113,124714,5,0,0,5,2
2020-07-26,US,New Jersey,Mercer,7917,612,0,40.28047017,-74.70479631,34021.0,2154.696132596685,7.730200833649111,7305,7899,612,0,7287,7879,369811,18,0,0,18,20
2020-07-26,US,New Jersey,Middlesex,17535,1402,0,40.43629879,-74.41426991,34023.0,2125.2948263282033,7.995437696036499,16133,17514,1399,0,16115,17476,829685,21,3,0,18,38
2020-07-26,US,New Jersey,Monmouth,9857,854,0,40.26549699,-74.22240686,34025.0,1592.9346552573957,8.663893679618543,9003,9822,854,0,8968,9791,621354,35,0,0,35,31
2020-07-26,US,New Jersey,Morris,7065,827,0,40.86095313,-74.54553709999998,34027.0,1436.4281430125345,11.70559094125973,6238,7052,827,0,6225,7035,494228,13,0,0,13,17
2020-07-26,US,New Jersey,Ocean,10206,1011,0,39.8895449,-74.28089251,34029.0,1680.8687947350566,9.905937683715461,9195,10171,1011,0,9160,10116,601651,35,0,0,35,55
2020-07-26,US,New Jersey,Passaic,17312,1242,0,41.03238628,-74.29954144,34031.0,3449.801325559058,7.174214417744918,16070,17274,1241,0,16033,17237,503310,38,1,0,37,37
2020-07-26,US,New Jersey,Salem,856,81,0,39.58719656,-75.34696629999998,34033.0,1372.1247094654166,9.462616822429906,775,855,81,0,774,849,62607,1,0,0,1,6
2020-07-26,US,New Jersey,Somerset,5131,556,0,40.56465737,-74.61683016,34035.0,1559.887393823685,10.836094328590915,4575,5120,555,0,4565,5106,331164,11,1,0,10,14
2020-07-26,US,New Jersey,Sussex,1277,195,0,41.13891592,-74.69118243,34037.0,908.9744319799556,15.270164447924824,1082,1271,195,0,1076,1264,140799,6,0,0,6,7
2020-07-26,US,New Jersey,Unassigned,707,0,0,0.0,0.0,90034.0,0.0,0.0,707,680,0,0,680,675,,27,0,0,27,5
2020-07-26,US,New Jersey,Union,16359,1345,0,40.65835409,-74.30680092,34039.0,2940.4627737305,8.221773947062779,15014,16335,1345,0,14990,16321,558067,24,0,0,24,14
2020-07-26,US,New Jersey,Warren,1312,169,0,40.85951833,-74.99556527,34041.0,1246.3545080604558,12.88109756097561,1143,1308,169,0,1139,1302,105779,4,0,0,4,6
2020-07-26,US,New Mexico,Bernalillo,4405,111,0,35.05163625,-106.6703554,35001.0,648.6325706317431,2.5198637911464243,4294,4318,110,0,4208,4227,678701,87,1,0,86,91
2020-07-26,US,New Mexico,Catron,4,1,0,33.91514144,-108.4046587,35003.0,113.41083073433514,25.0,3,4,1,0,3,4,3578,0,0,0,0,0
2020-07-26,US,New Mexico,Chaves,267,4,0,33.36406072,-104.4665365,35005.0,413.2167453377698,1.49812734082397,263,260,4,0,256,252,64689,7,0,0,7,8
2020-07-26,US,New Mexico,Cibola,294,17,0,34.91131525,-107.998876,35006.0,1102.1555763823808,5.782312925170068,277,292,17,0,275,287,26746,2,0,0,2,5
2020-07-26,US,New Mexico,Colfax,12,1,0,36.60569702,-104.64726740000002,35007.0,100.49409597186165,8.333333333333334,11,12,1,0,11,11,12110,0,0,0,0,1
2020-07-26,US,New Mexico,Curry,379,2,0,34.57421077,-103.34688759999999,35009.0,774.196184172897,0.5277044854881267,377,357,2,0,355,345,49437,22,0,0,22,12
2020-07-26,US,New Mexico,Dona Ana,1990,16,0,32.35275771,-106.83293870000001,35013.0,912.0282316276724,0.8040201005025126,1974,1968,16,0,1952,1906,217522,22,0,0,22,62
2020-07-26,US,New Mexico,Eddy,221,2,0,32.47167456,-104.3053527,35015.0,378.03626411221353,0.9049773755656108,219,217,2,0,215,213,57900,4,0,0,4,4
2020-07-26,US,New Mexico,Grant,63,1,0,32.73911281,-108.3827845,35017.0,233.3506185643381,1.5873015873015872,62,63,1,0,62,64,27346,0,0,0,0,-1
2020-07-26,US,New Mexico,Guadalupe,29,0,0,34.86319296,-104.790669,35019.0,674.4186046511627,0.0,29,28,0,0,28,27,4341,1,0,0,1,1
2020-07-26,US,New Mexico,Harding,1,0,0,35.85751555,-103.82209379999999,35021.0,160.0,0.0,1,1,0,0,1,1,655,0,0,0,0,0
2020-07-26,US,New Mexico,Hidalgo,85,0,0,31.91383467,-108.7151824,35023.0,2024.7737017627442,0.0,85,85,0,0,85,85,4240,0,0,0,0,0
2020-07-26,US,New Mexico,Lea,523,2,0,32.79215361,-103.4123733,35025.0,735.8941888279163,0.3824091778202677,521,506,2,0,504,479,69611,17,0,0,17,27
2020-07-26,US,New Mexico,Lincoln,75,1,0,33.74526079,-105.4586166,35027.0,383.2004904966278,1.3333333333333333,74,68,1,0,67,64,19556,7,0,0,7,4
2020-07-26,US,New Mexico,Los Alamos,16,0,0,35.86631386,-106.31349850000001,35028.0,82.60622644431824,0.0,16,16,0,0,16,16,19101,0,0,0,0,0
2020-07-26,US,New Mexico,Luna,190,3,0,32.18179341,-107.75088259999998,35029.0,801.3834408874268,1.5789473684210529,187,185,3,0,182,183,23963,5,0,0,5,2
2020-07-26,US,New Mexico,McKinley,3909,214,0,35.58007720000001,-108.262245,35031.0,5477.32145109084,5.474545919672551,3695,3896,210,0,3686,3868,72290,13,4,0,9,28
2020-07-26,US,New Mexico,Mora,6,0,0,36.01095101,-104.9497716,35033.0,132.71400132713998,0.0,6,6,0,0,6,6,4506,0,0,0,0,0
2020-07-26,US,New Mexico,Otero,147,10,0,32.61348406,-105.7417604,35035.0,217.81004593273082,6.802721088435375,137,142,10,0,132,137,66781,5,0,0,5,5
2020-07-26,US,New Mexico,Quay,31,1,0,35.10403332,-103.54817270000001,35037.0,375.6209863080092,3.2258064516129035,30,30,1,0,29,28,8253,1,0,0,1,2
2020-07-26,US,New Mexico,Rio Arriba,275,3,0,36.51072137,-106.69316740000001,35039.0,706.5594409187842,1.0909090909090908,272,271,2,0,269,267,39006,4,1,0,3,4
2020-07-26,US,New Mexico,Roosevelt,110,1,0,34.02097406,-103.4799493,35041.0,594.5945945945947,0.9090909090909092,109,108,1,0,107,104,18743,2,0,0,2,4
2020-07-26,US,New Mexico,San Juan,2915,178,0,36.50838318,-108.32043700000001,35045.0,2351.6029622936803,6.106346483704973,2737,2910,178,0,2732,2901,125043,5,0,0,5,9
2020-07-26,US,New Mexico,San Miguel,39,0,0,35.48014807,-104.8163562,35047.0,142.97760017597244,0.0,39,37,0,0,37,36,27591,2,0,0,2,1
2020-07-26,US,New Mexico,Sandoval,1009,33,0,35.68862401,-106.86878030000001,35043.0,687.5732548314116,3.2705649157581766,976,994,33,0,961,983,145179,15,0,0,15,11
2020-07-26,US,New Mexico,Santa Fe,497,3,0,35.50708973,-105.9774716,35049.0,330.54443395097036,0.6036217303822937,494,482,3,0,479,474,150056,15,0,0,15,8
2020-07-26,US,New Mexico,Sierra,26,0,0,33.13028233,-107.1925893,35051.0,240.94152534519503,0.0,26,25,0,0,25,22,10968,1,0,0,1,3
2020-07-26,US,New Mexico,Socorro,71,5,0,34.00715494,-106.9298354,35053.0,426.7596321452185,7.042253521126762,66,68,5,0,63,68,16735,3,0,0,3,0
2020-07-26,US,New Mexico,Taos,84,1,0,36.58006022,-105.63101979999999,35055.0,256.7001803013171,1.1904761904761905,83,83,1,0,82,82,32835,1,0,0,1,1
2020-07-26,US,New Mexico,Torrance,52,1,0,34.64048375,-105.8508949,35057.0,336.33012094948583,1.9230769230769231,51,52,1,0,51,52,15591,0,0,0,0,0
2020-07-26,US,New Mexico,Unassigned,981,0,0,0.0,0.0,90035.0,0.0,0.0,981,981,0,0,981,967,,0,0,0,0,14
2020-07-26,US,New Mexico,Union,23,0,0,36.48126404,-103.4709624,35059.0,566.6420300566642,0.0,23,21,0,0,21,21,4118,2,0,0,2,0
2020-07-26,US,New Mexico,Valencia,313,3,0,34.71669834,-106.8103733,35061.0,408.1472981431254,0.9584664536741214,310,302,2,0,300,295,76456,11,1,0,10,7
2020-07-26,US,New York,Albany,2451,124,0,42.60060306,-73.97723916,36001.0,802.2755690559268,5.0591595267237865,2327,2438,122,0,2316,2426,307117,13,2,0,11,12
2020-07-26,US,New York,Allegany,74,1,0,42.25748406,-78.02750466,36003.0,160.55195157406,1.351351351351351,73,74,1,0,73,74,46430,0,0,0,0,0
2020-07-26,US,New York,Broome,978,64,0,42.15903158,-75.81326086,36007.0,513.4181680735794,6.543967280163598,914,966,62,0,904,954,191659,12,2,0,10,12
2020-07-26,US,New York,Cattaraugus,151,6,0,42.24778241,-78.67923096,36009.0,198.3788115664044,3.9735099337748334,145,150,6,0,144,150,76840,1,0,0,1,0
2020-07-26,US,New York,Cayuga,139,2,0,42.91261714,-76.55731592,36011.0,181.5190137902215,1.4388489208633093,137,139,2,0,137,137,77145,0,0,0,0,2
2020-07-26,US,New York,Chautauqua,218,9,0,42.22769210000001,-79.36691763,36013.0,171.78474898150557,4.128440366972477,209,216,7,0,209,212,127939,2,2,0,0,4
2020-07-26,US,New York,Chemung,160,3,0,42.13891056,-76.7638805,36015.0,191.7177914110429,1.875,157,160,2,0,158,158,84254,0,1,0,-1,2
2020-07-26,US,New York,Chenango,203,6,0,42.49430041,-75.60887553,36017.0,430.0209714660961,2.955665024630542,197,203,6,0,197,196,47536,0,0,0,0,7
2020-07-26,US,New York,Clinton,120,4,0,44.74530905,-73.67875352,36019.0,149.0961048642604,3.333333333333333,116,119,4,0,115,117,80695,1,0,0,1,2
2020-07-26,US,New York,Columbia,500,37,0,42.24819348,-73.63089095,36021.0,840.8873042834799,7.4,463,500,37,0,463,498,59916,0,0,0,0,2
2020-07-26,US,New York,Cortland,85,0,0,42.59509207,-76.07048931,36023.0,178.64273554570102,0.0,85,84,0,0,84,82,47823,1,0,0,1,2
2020-07-26,US,New York,Delaware,98,4,0,42.19837623,-74.96709306,36025.0,222.0459952418716,4.081632653061225,94,98,4,0,94,97,44527,0,0,0,0,1
2020-07-26,US,New York,Dutchess,4425,153,0,41.76486060000001,-73.74356679,36027.0,1503.9868396902978,3.4576271186440684,4272,4412,153,0,4259,4408,293718,13,0,0,13,4
2020-07-26,US,New York,Erie,8301,663,0,42.76249024,-78.73063652,36029.0,903.5574103463364,7.98698951933502,7638,8282,663,0,7619,8234,919719,19,0,0,19,48
2020-07-26,US,New York,Essex,54,0,0,44.11630765,-73.77297842,36031.0,146.40097600650668,0.0,54,54,0,0,54,54,37300,0,0,0,0,0
2020-07-26,US,New York,Franklin,44,0,0,44.59040891,-74.29926032,36033.0,87.9612970293071,0.0,44,42,0,0,42,42,50293,2,0,0,2,0
2020-07-26,US,New York,Fulton,270,24,0,43.11363907,-74.41798804,36035.0,505.7789933124778,8.888888888888891,246,270,24,0,246,268,53591,0,0,0,0,2
2020-07-26,US,New York,Genesee,264,5,0,43.0022601,-78.19135193,36037.0,460.89385474860336,1.893939393939394,259,261,5,0,256,261,57511,3,0,0,3,0
2020-07-26,US,New York,Greene,281,18,0,42.275797,-74.12384884,36039.0,595.4903789098922,6.405693950177937,263,279,18,0,261,278,47491,2,0,0,2,1
2020-07-26,US,New York,Hamilton,7,0,0,43.66146647,-74.49721957,36041.0,158.5144927536232,0.0,7,7,0,0,7,7,4434,0,0,0,0,0
2020-07-26,US,New York,Herkimer,230,4,0,43.42034246,-74.96145307,36043.0,375.0876563544741,1.7391304347826086,226,224,4,0,220,223,61833,6,0,0,6,1
2020-07-26,US,New York,Jefferson,127,0,0,44.04200959,-75.94653457,36045.0,115.62904018791995,0.0,127,126,0,0,126,123,111755,1,0,0,1,3
2020-07-26,US,New York,Lewis,34,0,0,43.784415700000004,-75.44903992,36049.0,129.29723151810163,0.0,34,34,0,0,34,34,26447,0,0,0,0,0
2020-07-26,US,New York,Livingston,162,8,0,42.72596275,-77.77966158,36051.0,257.4943573767365,4.938271604938271,154,162,8,0,154,161,63227,0,0,0,0,1
2020-07-26,US,New York,Madison,390,17,0,42.91653905,-75.67266639,36053.0,549.7526113249038,4.3589743589743595,373,390,17,0,373,390,70795,0,0,0,0,0
2020-07-26,US,New York,Monroe,4591,277,0,43.14638895,-77.69322942,36055.0,618.9250037073488,6.0335438902199945,4314,4569,277,0,4292,4537,742474,22,0,0,22,32
2020-07-26,US,New York,Montgomery,148,4,0,42.90123494,-74.44011632,36057.0,300.6846671136304,2.702702702702702,144,147,4,0,143,146,49455,1,0,0,1,1
2020-07-26,US,New York,Nassau,42960,2193,0,40.74066522,-73.58941873,36059.0,3165.984240827047,5.104748603351955,40767,42915,2193,0,40722,42860,1358343,45,0,0,45,55
2020-07-26,US,New York,New York City,223761,23485,0,40.76727260000001,-73.97152637,36061.0,2684.009976469437,10.495573401978003,200276,223532,23476,0,200056,223192,1628701,229,9,0,220,340
2020-07-26,US,New York,Niagara,1422,96,0,43.19898042,-78.74777412,36063.0,679.469230364916,6.751054852320674,1326,1420,96,0,1324,1408,210433,2,0,0,2,12
2020-07-26,US,New York,Oneida,2000,112,0,43.24375382,-75.43710392,36065.0,874.6189941006949,5.6,1888,2000,111,0,1889,1990,229577,0,1,0,-1,10
2020-07-26,US,New York,Onondaga,3389,194,0,43.00491923,-76.19971155,36067.0,735.8944515860055,5.724402478607259,3195,3378,194,0,3184,3360,461809,11,0,0,11,18
2020-07-26,US,New York,Ontario,341,34,0,42.85145728,-77.30874425,36069.0,310.62973118230593,9.970674486803519,307,338,34,0,304,337,109864,3,0,0,3,1
2020-07-26,US,New York,Orange,10998,489,0,41.40337468,-74.30240757,36071.0,2857.0686340728425,4.446262956901255,10509,10994,489,0,10505,10976,381951,4,0,0,4,18
2020-07-26,US,New York,Orleans,290,54,0,43.2516977,-78.2320066,36073.0,718.6756542426648,18.620689655172416,236,289,54,0,235,289,40612,1,0,0,1,0
2020-07-26,US,New York,Oswego,238,3,0,43.42778894,-76.14635194,36075.0,203.2034425053789,1.2605042016806722,235,236,3,0,233,234,117898,2,0,0,2,2
2020-07-26,US,New York,Otsego,103,5,0,42.63492579,-75.03151402,36077.0,173.12961188711273,4.854368932038835,98,103,5,0,98,102,59749,0,0,0,0,1
2020-07-26,US,New York,Putnam,1404,63,0,41.42630093,-73.74965532,36079.0,1427.9902359641985,4.487179487179487,1341,1403,63,0,1340,1399,98892,1,0,0,1,4
2020-07-26,US,New York,Rensselaer,684,30,0,42.71348136,-73.51089874,36083.0,430.963872122182,4.385964912280701,654,681,30,0,651,676,159442,3,0,0,3,5
2020-07-26,US,New York,Rockland,13839,673,0,41.15027894,-74.02560498,36087.0,4247.841394276664,4.863068140761616,13166,13837,673,0,13164,13830,325695,2,0,0,2,7
2020-07-26,US,New York,Saratoga,685,17,0,43.10904162,-73.86653895,36091.0,298.00359344479097,2.4817518248175183,668,679,17,0,662,665,230163,6,0,0,6,14
2020-07-26,US,New York,Schenectady,987,37,0,42.81668777,-74.05278291,36093.0,635.5482005679366,3.7487335359675775,950,975,37,0,938,955,155350,12,0,0,12,20
2020-07-26,US,New York,Schoharie,68,0,0,42.58831742,-74.44339029999998,36095.0,219.36191490048063,0.0,68,67,0,0,67,67,31097,1,0,0,1,0
2020-07-26,US,New York,Schuyler,20,0,0,42.39184015,-76.8773299,36097.0,112.31538159150897,0.0,20,20,0,0,20,20,17912,0,0,0,0,0
2020-07-26,US,New York,Seneca,83,3,0,42.78081007,-76.82497064,36099.0,244.00282220131703,3.614457831325301,80,83,0,0,83,83,34300,0,3,0,-3,0
2020-07-26,US,New York,St. Lawrence,258,4,0,44.4976179,-75.06550039,36089.0,239.465379617598,1.5503875968992251,254,257,2,0,255,254,108047,1,2,0,-1,3
2020-07-26,US,New York,Steuben,288,42,0,42.2689144,-77.3829924,36101.0,301.95326015160566,14.583333333333336,246,288,42,0,246,285,95796,0,0,0,0,3
2020-07-26,US,New York,Suffolk,42883,1996,0,40.88320119,-72.8012172,36103.0,2904.1697791075585,4.654525103187743,40887,42822,1996,0,40826,42773,1481093,61,0,0,61,49
2020-07-26,US,New York,Sullivan,1476,48,0,41.71579493,-74.76394559,36105.0,1956.7292395800187,3.2520325203252027,1428,1476,48,0,1428,1475,75498,0,0,0,0,1
2020-07-26,US,New York,Tioga,179,24,0,42.16852837,-76.30835812,36107.0,371.3461817729187,13.40782122905028,155,178,24,0,154,176,48560,1,0,0,1,2
2020-07-26,US,New York,Tompkins,224,0,0,42.44945765,-76.47229843,36109.0,219.2209825797612,0.0,224,223,0,0,223,221,102793,1,0,0,1,2
2020-07-26,US,New York,Ulster,1925,90,0,41.89027881,-74.26252104,36111.0,1084.0612029982035,4.675324675324675,1835,1916,90,0,1826,1912,178599,9,0,0,9,4
2020-07-26,US,New York,Warren,294,33,0,43.56173026,-73.8433699,36113.0,459.7773051419993,11.224489795918366,261,293,33,0,260,292,64265,1,0,0,1,1
2020-07-26,US,New York,Washington,253,14,0,43.31153794,-73.43043448,36115.0,413.37167505391807,5.533596837944664,239,252,14,0,238,252,61197,1,0,0,1,0
2020-07-26,US,New York,Wayne,241,3,0,43.15494365,-77.02976528,36117.0,268.0219755777486,1.2448132780082988,238,240,3,0,237,239,90064,1,0,0,1,1
2020-07-26,US,New York,Westchester,35777,1443,0,41.16278376,-73.75741653,36119.0,3697.858204496923,4.033317494479694,34334,35738,1443,0,34295,35700,967612,39,0,0,39,38
2020-07-26,US,New York,Wyoming,110,5,0,42.70145109,-78.22199579,36121.0,275.97280413457435,4.545454545454546,105,110,5,0,105,110,40085,0,0,0,0,0
2020-07-26,US,New York,Yates,51,7,0,42.63505484,-77.10369919,36123.0,204.71239914903862,13.725490196078429,44,51,7,0,44,51,24841,0,0,0,0,0
2020-07-26,US,North Carolina,Alamance,1954,41,0,36.0434701,-79.39976137,37001.0,1152.7411523871888,2.0982599795291708,1913,1920,40,0,1880,1915,166436,34,1,0,33,5
2020-07-26,US,North Carolina,Alexander,253,2,0,35.922379600000006,-81.17751948,37003.0,674.7206443182123,0.7905138339920948,251,250,2,0,248,240,37353,3,0,0,3,10
2020-07-26,US,North Carolina,Alleghany,62,0,0,36.49360862,-81.12857041,37005.0,556.7028822842776,0.0,62,61,0,0,61,56,11161,1,0,0,1,5
2020-07-26,US,North Carolina,Anson,280,2,0,34.97403241,-80.09953279,37007.0,1145.3816575308845,0.7142857142857143,278,279,2,0,277,271,24877,1,0,0,1,8
2020-07-26,US,North Carolina,Ashe,86,1,0,36.43296207,-81.49862729,37009.0,316.14160202918794,1.162790697674419,85,86,1,0,85,86,27109,0,0,0,0,0
2020-07-26,US,North Carolina,Avery,66,0,0,36.07569796,-81.92308483,37011.0,375.9184370906192,0.0,66,66,0,0,66,66,17505,0,0,0,0,0
2020-07-26,US,North Carolina,Beaufort,272,1,0,35.48531943,-76.84325809,37013.0,578.7972932714815,0.36764705882352944,271,258,1,0,257,249,47079,14,0,0,14,9
2020-07-26,US,North Carolina,Bertie,214,4,0,36.0688473,-76.96545943,37015.0,1129.4664062912336,1.8691588785046729,210,204,4,0,200,194,19026,10,0,0,10,10
2020-07-26,US,North Carolina,Bladen,528,5,0,34.61296243,-78.56180059,37017.0,1613.593301142962,0.946969696969697,523,523,5,0,518,514,33190,5,0,0,5,9
2020-07-26,US,North Carolina,Brunswick,1052,13,0,34.070565,-78.22814204,37019.0,736.5915137935864,1.2357414448669202,1039,1037,13,0,1024,1034,136744,15,0,0,15,3
2020-07-26,US,North Carolina,Buncombe,1445,43,0,35.61113393,-82.53305,37021.0,553.2349889544433,2.9757785467128026,1402,1400,43,0,1357,1344,259103,45,0,0,45,56
2020-07-26,US,North Carolina,Burke,1442,25,0,35.74989637,-81.70755735,37023.0,1593.634304028292,1.7337031900138695,1417,1442,25,0,1417,1442,90382,0,0,0,0,0
2020-07-26,US,North Carolina,Cabarrus,2164,38,0,35.3877799,-80.55267168,37025.0,999.7551431488592,1.7560073937153418,2126,2129,38,0,2091,2094,211342,35,0,0,35,35
2020-07-26,US,North Carolina,Caldwell,961,10,0,35.95204977,-81.54799522,37027.0,1169.4127382024385,1.0405827263267429,951,936,10,0,926,901,82029,25,0,0,25,35
2020-07-26,US,North Carolina,Camden,52,2,0,36.33804939,-76.15568396,37029.0,478.5129290512561,3.8461538461538463,50,52,2,0,50,50,10710,0,0,0,0,2
2020-07-26,US,North Carolina,Carteret,262,5,0,34.8932941,-76.54120135,37031.0,377.1249262303341,1.9083969465648856,257,238,5,0,233,230,69524,24,0,0,24,8
2020-07-26,US,North Carolina,Caswell,173,2,0,36.39312665,-79.33353281,37033.0,765.3512652627852,1.1560693641618498,171,172,2,0,170,171,22698,1,0,0,1,1
2020-07-26,US,North Carolina,Catawba,1727,20,0,35.66211129,-81.2132617,37035.0,1082.4125201346276,1.1580775911986103,1707,1694,20,0,1674,1685,158652,33,0,0,33,9
2020-07-26,US,North Carolina,Chatham,1175,49,0,35.70394416,-79.25541492,37037.0,1577.816570431046,4.170212765957447,1126,1162,49,0,1113,1144,73139,13,0,0,13,18
2020-07-26,US,North Carolina,Cherokee,195,3,0,35.1349263,-84.05970864,37039.0,681.532224241577,1.5384615384615383,192,189,3,0,186,189,28383,6,0,0,6,0
2020-07-26,US,North Carolina,Chowan,100,0,0,36.12908077,-76.60118385,37041.0,717.2057663343612,0.0,100,92,0,0,92,76,14029,8,0,0,8,16
2020-07-26,US,North Carolina,Clay,57,0,0,35.05704275,-83.74353633,37043.0,507.5238180037397,0.0,57,57,0,0,57,57,11139,0,0,0,0,0
2020-07-26,US,North Carolina,Cleveland,839,13,0,35.33553364,-81.55204486,37045.0,856.5857045136655,1.5494636471990464,826,809,13,0,796,788,97645,30,0,0,30,21
2020-07-26,US,North Carolina,Columbus,753,42,0,34.26744084,-78.65801424,37047.0,1356.5612164012396,5.577689243027889,711,741,42,0,699,732,55655,12,0,0,12,9
2020-07-26,US,North Carolina,Craven,581,8,0,35.11833364,-77.08398081,37049.0,568.8326692056902,1.3769363166953528,573,581,8,0,573,581,102912,0,0,0,0,0
2020-07-26,US,North Carolina,Cumberland,2318,49,0,35.04762133,-78.82623165,37051.0,690.8905573322921,2.1138912855910266,2269,2276,49,0,2227,2257,332330,42,0,0,42,19
2020-07-26,US,North Carolina,Currituck,65,0,0,36.36123664,-75.95876401,37053.0,234.12455426286786,0.0,65,62,0,0,62,58,27072,3,0,0,3,4
2020-07-26,US,North Carolina,Dare,176,1,0,35.66520691,-75.71767334,37055.0,475.55999891918185,0.5681818181818182,175,176,1,0,175,176,36501,0,0,0,0,0
2020-07-26,US,North Carolina,Davidson,1527,16,0,35.79115496,-80.21256572,37057.0,911.0489293534357,1.0478061558611658,1511,1510,16,0,1494,1496,166614,17,0,0,17,14
2020-07-26,US,North Carolina,Davie,309,4,0,35.93099927,-80.54496571,37059.0,721.1875087522757,1.2944983818770226,305,309,4,0,305,309,42733,0,0,0,0,0
2020-07-26,US,North Carolina,Duplin,1862,40,0,34.93449805,-77.93140529,37061.0,3169.8472957559457,2.148227712137486,1822,1859,40,0,1819,1859,58856,3,0,0,3,0
2020-07-26,US,North Carolina,Durham,5487,76,0,36.03638492,-78.87608331,37063.0,1706.7511073508188,1.3850920357207943,5411,5436,76,0,5360,5370,316739,51,0,0,51,66
2020-07-26,US,North Carolina,Edgecombe,514,10,0,35.91230639,-77.59436892,37065.0,998.6011812247436,1.9455252918287935,504,503,10,0,493,489,52005,11,0,0,11,14
2020-07-26,US,North Carolina,Forsyth,4556,41,0,36.12859861,-80.25459052,37067.0,1191.7498267045082,0.8999122036874452,4515,4515,41,0,4474,4470,379099,41,0,0,41,45
2020-07-26,US,North Carolina,Franklin,693,25,0,36.081519,-78.28708884,37069.0,994.4751381215468,3.6075036075036073,668,682,25,0,657,667,67560,11,0,0,11,15
2020-07-26,US,North Carolina,Gaston,2692,25,0,35.29373559,-81.17477045,37071.0,1198.9542553523156,0.9286775631500744,2667,2635,24,0,2611,2569,222846,57,1,0,56,66
2020-07-26,US,North Carolina,Gates,37,2,0,36.44667547,-76.69749701,37073.0,320.01383843625666,5.405405405405406,35,36,2,0,34,35,11573,1,0,0,1,1
2020-07-26,US,North Carolina,Graham,17,0,0,35.3506925,-83.83369267,37075.0,201.3979386328634,0.0,17,15,0,0,15,15,8484,2,0,0,2,0
2020-07-26,US,North Carolina,Granville,1109,25,0,36.30337451,-78.65184241,37077.0,1834.7864930595767,2.254283137962128,1084,1087,25,0,1062,1075,60115,22,0,0,22,12
2020-07-26,US,North Carolina,Greene,274,3,0,35.48544173,-77.67578087,37079.0,1300.48886990365,1.094890510948905,271,270,3,0,267,270,21012,4,0,0,4,0
2020-07-26,US,North Carolina,Guilford,4691,139,0,36.07959451,-79.78824948,37081.0,873.2738367828674,2.963120869750586,4552,4651,139,0,4512,4599,533670,40,0,0,40,52
2020-07-26,US,North Carolina,Halifax,551,6,0,36.25669272,-77.6556109,37083.0,1101.7796440711857,1.088929219600726,545,545,6,0,539,520,50574,6,0,0,6,25
2020-07-26,US,North Carolina,Harnett,1003,35,0,35.36731853,-78.87243571,37085.0,737.6301700300052,3.489531405782652,968,987,35,0,952,974,134214,16,0,0,16,13
2020-07-26,US,North Carolina,Haywood,231,0,0,35.55269063,-82.98196486,37087.0,370.6853667538553,0.0,231,219,0,0,219,209,61971,12,0,0,12,10
2020-07-26,US,North Carolina,Henderson,1279,53,0,35.33788927,-82.4766782,37089.0,1089.2800872105404,4.143862392494136,1226,1265,53,0,1212,1234,116748,14,0,0,14,31
2020-07-26,US,North Carolina,Hertford,234,11,0,36.3607755,-76.98104134,37091.0,988.3008827131816,4.700854700854701,223,228,11,0,217,223,23659,6,0,0,6,5
2020-07-26,US,North Carolina,Hoke,616,7,0,35.01888303,-79.23651674,37093.0,1115.2550964985337,1.1363636363636365,609,608,7,0,601,589,54764,8,0,0,8,19
2020-07-26,US,North Carolina,Hyde,35,0,0,35.42017674,-76.15180542,37095.0,708.9325501316589,0.0,35,35,0,0,35,35,5230,0,0,0,0,0
2020-07-26,US,North Carolina,Iredell,1504,18,0,35.80950511,-80.8743128,37097.0,827.2554261135498,1.1968085106382977,1486,1504,18,0,1486,1504,178435,0,0,0,0,0
2020-07-26,US,North Carolina,Jackson,352,3,0,35.28814273,-83.14093385,37099.0,801.1288633984251,0.8522727272727273,349,348,3,0,345,328,43327,4,0,0,4,20
2020-07-26,US,North Carolina,Johnston,2620,43,0,35.51745004,-78.36622717,37101.0,1251.5584769202108,1.6412213740458017,2577,2595,43,0,2552,2559,202675,25,0,0,25,36
2020-07-26,US,North Carolina,Jones,46,3,0,35.02254606,-77.35870791,37103.0,488.37456205541986,6.521739130434782,43,46,3,0,43,46,9637,0,0,0,0,0
2020-07-26,US,North Carolina,Lee,1068,9,0,35.47623147,-79.17569362,37105.0,1728.7427766716846,0.8426966292134831,1059,1055,9,0,1046,1044,61452,13,0,0,13,11
2020-07-26,US,North Carolina,Lenoir,487,11,0,35.24032589999999,-77.64245615,37107.0,870.4355752560367,2.2587268993839835,476,479,11,0,468,472,55976,8,0,0,8,7
2020-07-26,US,North Carolina,Lincoln,651,2,0,35.48508185,-81.21740317,37109.0,756.0009754851297,0.30721966205837176,649,633,2,0,631,620,83770,18,0,0,18,13
2020-07-26,US,North Carolina,Macon,424,2,0,35.14867843,-83.41696617,37113.0,1182.441853979586,0.4716981132075472,422,424,2,0,422,424,35285,0,0,0,0,0
2020-07-26,US,North Carolina,Madison,30,0,0,35.85402722,-82.71346418,37115.0,137.89933348655478,0.0,30,28,0,0,28,28,21763,2,0,0,2,0
2020-07-26,US,North Carolina,Martin,207,6,0,35.84326734,-77.10860251,37117.0,922.4598930481284,2.898550724637681,201,201,6,0,195,199,22671,6,0,0,6,2
2020-07-26,US,North Carolina,McDowell,460,5,0,35.67736232,-82.0482425,37111.0,1005.332633971501,1.0869565217391304,455,454,5,0,449,439,45507,6,0,0,6,15
2020-07-26,US,North Carolina,Mecklenburg,19268,187,0,35.24469268,-80.8317671,37119.0,1735.2993094106753,0.970521071206145,19081,19041,187,0,18854,18703,1093901,227,0,0,227,338
2020-07-26,US,North Carolina,Mitchell,97,2,0,36.01059309,-82.1582442,37121.0,648.2224004276933,2.061855670103093,95,97,2,0,95,97,15000,0,0,0,0,0
2020-07-26,US,North Carolina,Montgomery,543,14,0,35.33155144,-79.90416657,37123.0,1998.307143120009,2.5782688766114177,529,543,14,0,529,543,27271,0,0,0,0,0
2020-07-26,US,North Carolina,Moore,805,20,0,35.30885257,-79.48474178,37125.0,797.9777954004758,2.4844720496894412,785,795,20,0,775,771,98682,10,0,0,10,24
2020-07-26,US,North Carolina,Nash,843,10,0,35.96575634,-77.98422508,37127.0,893.9744215147722,1.1862396204033214,833,830,10,0,820,815,94016,13,0,0,13,15
2020-07-26,US,North Carolina,New Hanover,2086,15,0,34.25758282,-77.87075626,37129.0,889.6546723929836,0.7190795781399808,2071,2073,15,0,2058,2073,232274,13,0,0,13,0
2020-07-26,US,North Carolina,Northampton,284,16,0,36.41736238,-77.39769443,37131.0,1457.6810552789611,5.633802816901407,268,284,16,0,268,284,19676,0,0,0,0,0
2020-07-26,US,North Carolina,Onslow,712,9,0,34.72607366,-77.42908179,37133.0,359.708595620851,1.2640449438202248,703,707,9,0,698,702,197683,5,0,0,5,5
2020-07-26,US,North Carolina,Orange,1197,45,0,36.06092947,-79.12167935,37135.0,806.1908995393195,3.7593984962406015,1152,1191,45,0,1146,1160,146027,6,0,0,6,31
2020-07-26,US,North Carolina,Pamlico,51,1,0,35.15253315,-76.66559823,37137.0,400.7543611504008,1.96078431372549,50,51,1,0,50,51,12670,0,0,0,0,0
2020-07-26,US,North Carolina,Pasquotank,298,17,0,36.26723798,-76.25134778,37139.0,748.2924869425473,5.704697986577182,281,295,17,0,278,288,39639,3,0,0,3,7
2020-07-26,US,North Carolina,Pender,557,3,0,34.52265624,-77.90352133,37141.0,883.2857595940375,0.5385996409335727,554,552,3,0,549,541,62162,5,0,0,5,11
2020-07-26,US,North Carolina,Perquimans,56,2,0,36.17847453,-76.40603143,37143.0,415.9548391888881,3.571428571428572,54,54,2,0,52,51,13422,2,0,0,2,3
2020-07-26,US,North Carolina,Person,174,1,0,36.38989032,-78.97217358,37145.0,440.6178779437832,0.5747126436781609,173,169,1,0,168,167,39507,5,0,0,5,2
2020-07-26,US,North Carolina,Pitt,1472,10,0,35.59535426,-77.37353178,37147.0,814.4205552666232,0.6793478260869565,1462,1421,10,0,1411,1376,179914,51,0,0,51,45
2020-07-26,US,North Carolina,Polk,124,5,0,35.27820615,-82.16812354,37149.0,598.3400887859486,4.032258064516129,119,124,5,0,119,124,20611,0,0,0,0,0
2020-07-26,US,North Carolina,Randolph,1911,36,0,35.71015088,-79.80570339,37151.0,1330.159326776504,1.8838304552590264,1875,1904,36,0,1868,1870,143351,7,0,0,7,34
2020-07-26,US,North Carolina,Richmond,449,8,0,35.00417719,-79.74491009,37153.0,1001.5837962033504,1.7817371937639201,441,432,8,0,424,431,44887,17,0,0,17,1
2020-07-26,US,North Carolina,Robeson,2250,50,0,34.64244496,-79.10250529999998,37155.0,1722.4880382775118,2.2222222222222223,2200,2175,50,0,2125,2118,131831,75,0,0,75,57
2020-07-26,US,North Carolina,Rockingham,415,5,0,36.39593137,-79.77504841,37157.0,455.9938468300187,1.2048192771084338,410,415,5,0,410,415,90690,0,0,0,0,0
2020-07-26,US,North Carolina,Rowan,1859,46,0,35.64003916,-80.52446628,37159.0,1308.3441247677495,2.4744486282947817,1813,1842,45,0,1797,1822,141262,17,1,0,16,20
2020-07-26,US,North Carolina,Rutherford,542,13,0,35.40114178,-81.92112099,37161.0,808.6052305718422,2.3985239852398523,529,537,13,0,524,533,66826,5,0,0,5,4
2020-07-26,US,North Carolina,Sampson,1381,10,0,34.98820368,-78.36914061,37163.0,2173.7419527474776,0.724112961622013,1371,1374,10,0,1364,1364,63626,7,0,0,7,10
2020-07-26,US,North Carolina,Scotland,227,2,0,34.8386299,-79.4757978,37165.0,651.8680182637913,0.8810572687224669,225,225,2,0,223,220,34810,2,0,0,2,5
2020-07-26,US,North Carolina,Stanly,778,9,0,35.31647813,-80.25093221,37167.0,1238.7351526924178,1.1568123393316196,769,768,9,0,759,768,62075,10,0,0,10,0
2020-07-26,US,North Carolina,Stokes,218,2,0,36.4017975,-80.23893369,37169.0,478.16455002083745,0.9174311926605504,216,215,2,0,213,213,45467,3,0,0,3,2
2020-07-26,US,North Carolina,Surry,784,4,0,36.41689489,-80.69102283,37171.0,1092.1805998634777,0.5102040816326531,780,748,4,0,744,737,71948,36,0,0,36,11
2020-07-26,US,North Carolina,Swain,91,2,0,35.48665845,-83.48748932,37173.0,637.6567864900848,2.1978021978021984,89,90,2,0,88,90,14245,1,0,0,1,0
2020-07-26,US,North Carolina,Transylvania,107,1,0,35.20383864,-82.79638423,37175.0,311.1822015413698,0.9345794392523364,106,106,1,0,105,105,34215,1,0,0,1,1
2020-07-26,US,North Carolina,Tyrrell,87,1,0,35.87147226,-76.17055253,37177.0,2166.334661354582,1.1494252873563218,86,84,1,0,83,84,4131,3,0,0,3,0
2020-07-26,US,North Carolina,Union,2503,35,0,34.98960527,-80.52955873,37179.0,1043.5297403891452,1.3983220135836996,2468,2470,35,0,2435,2416,235908,33,0,0,33,54
2020-07-26,US,North Carolina,Vance,685,40,0,36.36880673,-78.40670845,37181.0,1538.1160884697424,5.8394160583941614,645,681,40,0,641,665,44582,4,0,0,4,16
2020-07-26,US,North Carolina,Wake,9991,108,0,35.78879266,-78.65249174,37183.0,898.6643712092798,1.0809728755880292,9883,9819,105,0,9714,9630,1092305,172,3,0,169,189
2020-07-26,US,North Carolina,Warren,226,6,0,36.39728256,-78.10652228,37185.0,1145.4057067558665,2.6548672566371683,220,225,6,0,219,218,19807,1,0,0,1,7
2020-07-26,US,North Carolina,Washington,100,3,0,35.83810081,-76.57299037,37187.0,863.5578583765113,3.0,97,98,3,0,95,98,11859,2,0,0,2,0
2020-07-26,US,North Carolina,Watauga,214,0,0,36.23103603,-81.70033724,37189.0,380.938818377628,0.0,214,214,0,0,214,214,55945,0,0,0,0,0
2020-07-26,US,North Carolina,Wayne,2217,36,0,35.36438125,-78.00027268,37191.0,1800.521395911671,1.6238159675236807,2181,2217,36,0,2181,2217,123248,0,0,0,0,0
2020-07-26,US,North Carolina,Wilkes,694,9,0,36.2084135,-81.16232895,37193.0,1014.4419107758873,1.2968299711815563,685,694,9,0,685,682,68557,0,0,0,0,12
2020-07-26,US,North Carolina,Wilson,1288,29,0,35.70625477,-77.917978,37195.0,1574.5528783266711,2.2515527950310563,1259,1272,29,0,1243,1267,81455,16,0,0,16,5
2020-07-26,US,North Carolina,Yadkin,443,6,0,36.16222629,-80.66239436,37197.0,1176.095786762949,1.3544018058690743,437,443,6,0,437,443,37543,0,0,0,0,0
2020-07-26,US,North Carolina,Yancey,92,0,0,35.90079156,-82.31237181,37199.0,509.15933366539383,0.0,92,92,0,0,92,92,17903,0,0,0,0,0
2020-07-26,US,North Dakota,Barnes,30,0,0,46.93579637,-98.06605978,38003.0,288.0460873739798,0.0,30,30,0,0,30,28,10542,0,0,0,0,2
2020-07-26,US,North Dakota,Benson,57,1,0,48.0683985,-99.35916363,38005.0,834.3091334894614,1.7543859649122806,56,47,1,0,46,40,6962,10,0,0,10,7
2020-07-26,US,North Dakota,Billings,1,0,0,47.02366884,-103.3762965,38007.0,107.75862068965515,0.0,1,1,0,0,1,1,919,0,0,0,0,0
2020-07-26,US,North Dakota,Bottineau,9,0,0,48.79106111,-100.8378166,38009.0,143.26647564469909,0.0,9,9,0,0,9,9,6411,0,0,0,0,0
2020-07-26,US,North Dakota,Bowman,6,0,0,46.11285362,-103.5203343,38011.0,198.4126984126984,0.0,6,6,0,0,6,5,3076,0,0,0,0,1
2020-07-26,US,North Dakota,Burke,12,0,0,48.79094471,-102.5182117,38013.0,567.3758865248228,0.0,12,12,0,0,12,11,2100,0,0,0,0,1
2020-07-26,US,North Dakota,Burleigh,763,3,0,46.97847375,-100.4645214,38015.0,797.9001526781419,0.3931847968545216,760,729,3,0,726,696,95273,34,0,0,34,33
2020-07-26,US,North Dakota,Cass,2794,75,0,46.93201724,-97.2444719,38017.0,1535.8146028814385,2.6843235504652827,2719,2765,75,0,2690,2762,181516,29,0,0,29,3
2020-07-26,US,North Dakota,Cavalier,28,0,0,48.77286211,-98.46685243,38019.0,744.2849548112706,0.0,28,28,0,0,28,28,3829,0,0,0,0,0
2020-07-26,US,North Dakota,Dickey,8,0,0,46.11017712,-98.5049008,38021.0,164.20361247947451,0.0,8,8,0,0,8,8,4903,0,0,0,0,0
2020-07-26,US,North Dakota,Divide,1,0,0,48.814938700000006,-103.4873611,38023.0,44.16961130742049,0.0,1,1,0,0,1,1,2283,0,0,0,0,0
2020-07-26,US,North Dakota,Dunn,26,0,0,47.35423935,-102.6160468,38025.0,587.7034358047016,0.0,26,26,0,0,26,26,4332,0,0,0,0,0
2020-07-26,US,North Dakota,Eddy,8,0,0,47.71701474,-98.90432337,38027.0,349.80323567992997,0.0,8,8,0,0,8,8,2313,0,0,0,0,0
2020-07-26,US,North Dakota,Emmons,14,1,0,46.28398398,-100.2389766,38029.0,431.96544276457877,7.142857142857142,13,12,1,0,11,11,3295,2,0,0,2,1
2020-07-26,US,North Dakota,Foster,9,0,0,47.4571084,-98.88279923,38031.0,280.3738317757009,0.0,9,9,0,0,9,7,3216,0,0,0,0,2
2020-07-26,US,North Dakota,Golden Valley,4,0,0,46.94022281,-103.8465421,38033.0,227.14366837024414,0.0,4,4,0,0,4,3,1769,0,0,0,0,1
2020-07-26,US,North Dakota,Grand Forks,596,4,0,47.92093639,-97.45450447,38035.0,858.1589897913636,0.6711409395973155,592,575,4,0,571,569,70770,21,0,0,21,6
2020-07-26,US,North Dakota,Grant,4,0,0,46.35821257,-101.6390013,38037.0,175.9014951627089,0.0,4,4,0,0,4,4,2374,0,0,0,0,0
2020-07-26,US,North Dakota,Griggs,11,0,0,47.45785838,-98.23850925,38039.0,493.05244285073957,0.0,11,11,0,0,11,8,2232,0,0,0,0,3
2020-07-26,US,North Dakota,Hettinger,6,0,0,46.43375068,-102.4632417,38041.0,240.09603841536614,0.0,6,6,0,0,6,6,2514,0,0,0,0,0
2020-07-26,US,North Dakota,Kidder,8,0,0,46.97830064,-99.77507857,38043.0,322.5806451612903,0.0,8,8,0,0,8,7,2450,0,0,0,0,1
2020-07-26,US,North Dakota,LaMoure,14,0,0,46.45681054,-98.53542355,38045.0,346.02076124567475,0.0,14,14,0,0,14,14,4062,0,0,0,0,0
2020-07-26,US,North Dakota,Logan,1,0,0,46.45729487,-99.47719806,38047.0,54.05405405405406,0.0,1,1,0,0,1,1,1903,0,0,0,0,0
2020-07-26,US,North Dakota,McHenry,12,1,0,48.23104458,-100.6324822,38049.0,208.87728459530032,8.333333333333334,11,12,1,0,11,12,5816,0,0,0,0,0
2020-07-26,US,North Dakota,McIntosh,11,1,0,46.11182017,-99.44145858,38051.0,440.5286343612335,9.090909090909092,10,11,1,0,10,11,2585,0,0,0,0,0
2020-07-26,US,North Dakota,McKenzie,65,0,0,47.74133370000001,-103.395905,38053.0,432.64110756123534,0.0,65,62,0,0,62,61,13632,3,0,0,3,1
2020-07-26,US,North Dakota,McLean,25,0,0,47.60766714,-101.3182418,38055.0,264.55026455026456,0.0,25,21,0,0,21,20,9541,4,0,0,4,1
2020-07-26,US,North Dakota,Mercer,18,0,0,47.31213126,-101.8318399,38057.0,219.86075485525842,0.0,18,18,0,0,18,18,8267,0,0,0,0,0
2020-07-26,US,North Dakota,Morton,226,3,0,46.71681782,-101.2822377,38059.0,720.5713556944268,1.327433628318584,223,218,3,0,215,205,31095,8,0,0,8,13
2020-07-26,US,North Dakota,Mountrail,102,1,0,48.20197971,-102.3555315,38061.0,967.2830725462303,0.9803921568627452,101,101,1,0,100,100,10218,1,0,0,1,1
2020-07-26,US,North Dakota,Nelson,5,0,0,47.9226426,-98.19038437,38063.0,173.67141368530739,0.0,5,5,0,0,5,4,2869,0,0,0,0,1
2020-07-26,US,North Dakota,Oliver,5,0,0,47.11530482,-101.3406158,38065.0,255.23226135783563,0.0,5,5,0,0,5,4,1952,0,0,0,0,1
2020-07-26,US,North Dakota,Pembina,26,0,0,48.76623521,-97.5523809,38067.0,382.2967210704308,0.0,26,24,0,0,24,22,6947,2,0,0,2,2
2020-07-26,US,North Dakota,Pierce,8,0,0,48.24977025,-99.96407787,38069.0,201.2578616352201,0.0,8,8,0,0,8,8,4081,0,0,0,0,0
2020-07-26,US,North Dakota,Ramsey,29,1,0,48.26886249,-98.72223879,38071.0,251.75796510113724,3.4482758620689653,28,28,1,0,27,28,11481,1,0,0,1,0
2020-07-26,US,North Dakota,Ransom,25,0,0,46.45621782,-97.65742504,38073.0,479.11077041011885,0.0,25,25,0,0,25,25,5237,0,0,0,0,0
2020-07-26,US,North Dakota,Renville,9,0,0,48.71982533,-101.6603912,38075.0,386.7640739149119,0.0,9,9,0,0,9,9,2374,0,0,0,0,0
2020-07-26,US,North Dakota,Richland,71,0,0,46.26440649,-96.94852979,38077.0,438.89472708165914,0.0,71,69,0,0,69,66,16239,2,0,0,2,3
2020-07-26,US,North Dakota,Rolette,17,0,0,48.77245354,-99.84097493,38079.0,119.920993227991,0.0,17,17,0,0,17,16,14301,0,0,0,0,1
2020-07-26,US,North Dakota,Sargent,8,0,0,46.10830372,-97.63217159,38081.0,205.2334530528476,0.0,8,8,0,0,8,9,3870,0,0,0,0,-1
2020-07-26,US,North Dakota,Sheridan,5,0,0,47.57700669,-100.3426391,38083.0,380.22813688212926,0.0,5,5,0,0,5,4,1349,0,0,0,0,1
2020-07-26,US,North Dakota,Sioux,51,0,0,46.11323337,-101.0440149,38085.0,1205.673758865248,0.0,51,49,0,0,49,48,4358,2,0,0,2,1
2020-07-26,US,North Dakota,Slope,3,0,0,46.44737738,-103.4601547,38087.0,400.0,0.0,3,3,0,0,3,3,763,0,0,0,0,0
2020-07-26,US,North Dakota,Stark,149,3,0,46.80851182,-102.6576326,38089.0,473.1811108641113,2.0134228187919465,146,142,3,0,139,132,30997,7,0,0,7,10
2020-07-26,US,North Dakota,Steele,11,0,0,47.45611548,-97.72728747,38091.0,582.010582010582,0.0,11,8,0,0,8,7,1903,3,0,0,3,1
2020-07-26,US,North Dakota,Stutsman,94,2,0,46.97962541,-98.95637318,38093.0,454.01854714064916,2.127659574468085,92,93,2,0,91,90,20917,1,0,0,1,3
2020-07-26,US,North Dakota,Towner,5,0,0,48.68565745,-99.24564265,38095.0,228.41480127912288,0.0,5,5,0,0,5,4,2192,0,0,0,0,1
2020-07-26,US,North Dakota,Traill,35,0,0,47.45367788,-97.16323288,38097.0,435.54006968641113,0.0,35,35,0,0,35,34,8037,0,0,0,0,1
2020-07-26,US,North Dakota,Walsh,95,0,0,48.36876964,-97.72574783,38099.0,892.7732355981581,0.0,95,95,0,0,95,87,10667,0,0,0,0,8
2020-07-26,US,North Dakota,Ward,147,1,0,48.22390169,-101.5436763,38101.0,217.32381248059608,0.6802721088435374,146,139,1,0,138,132,67744,8,0,0,8,7
2020-07-26,US,North Dakota,Wells,13,0,0,47.58614526,-99.65904998,38103.0,339.07146583202916,0.0,13,12,0,0,12,12,3957,1,0,0,1,0
2020-07-26,US,North Dakota,Williams,196,2,0,48.34522353,-103.4793387,38105.0,521.4291415041636,1.020408163265306,194,195,2,0,193,190,35350,1,0,0,1,5
2020-07-26,US,Ohio,Adams,42,2,0,38.84541072,-83.4718964,39001.0,151.6354971478085,4.761904761904762,40,40,2,0,38,40,27724,2,0,0,2,0
2020-07-26,US,Ohio,Allen,532,41,0,40.77285242,-84.10802343,39003.0,519.7799728385653,7.7067669172932325,491,522,41,0,481,512,102663,10,0,0,10,10
2020-07-26,US,Ohio,Ashland,116,4,0,40.84772277,-82.27280781,39005.0,216.88729339615585,3.4482758620689653,112,113,4,0,109,110,53745,3,0,0,3,3
2020-07-26,US,Ohio,Ashtabula,510,44,0,41.70860332,-80.74830218,39007.0,524.4701309118582,8.627450980392156,466,507,44,0,463,503,97493,3,0,0,3,4
2020-07-26,US,Ohio,Athens,318,1,0,39.33425634,-82.04278644,39009.0,486.7818819171246,0.31446540880503143,317,315,1,0,314,309,65818,3,0,0,3,6
2020-07-26,US,Ohio,Auglaize,173,5,0,40.55998859,-84.22421429999999,39011.0,378.9206237953391,2.8901734104046244,168,165,5,0,160,157,45804,8,0,0,8,8
2020-07-26,US,Ohio,Belmont,584,26,0,40.01625942,-80.9924051,39013.0,871.5637405605468,4.452054794520548,558,584,26,0,558,578,67505,0,0,0,0,6
2020-07-26,US,Ohio,Brown,83,1,0,38.93416837,-83.86788395,39015.0,191.10333394731998,1.2048192771084338,82,82,1,0,81,77,43602,1,0,0,1,5
2020-07-26,US,Ohio,Butler,2418,54,0,39.44012838,-84.57388716,39017.0,631.1107863045305,2.2332506203473947,2364,2382,54,0,2328,2347,382378,36,0,0,36,35
2020-07-26,US,Ohio,Carroll,92,4,0,40.5789686,-81.09178213,39019.0,341.8295310990562,4.3478260869565215,88,93,4,0,89,93,27081,-1,0,0,-1,0
2020-07-26,US,Ohio,Champaign,84,1,0,40.13923427,-83.76875242,39021.0,216.021602160216,1.1904761904761905,83,83,1,0,82,78,38754,1,0,0,1,5
2020-07-26,US,Ohio,Clark,988,11,0,39.91592258,-83.78498252,39023.0,736.8570213971942,1.1133603238866396,977,988,11,0,977,976,134585,0,0,0,0,12
2020-07-26,US,Ohio,Clermont,723,9,0,39.04847534,-84.15375786,39025.0,350.24318406417734,1.2448132780082988,714,715,9,0,706,705,205466,8,0,0,8,10
2020-07-26,US,Ohio,Clinton,127,4,0,39.41485808,-83.80852286,39027.0,302.61151353412123,3.1496062992125986,123,126,4,0,122,123,42057,1,0,0,1,3
2020-07-26,US,Ohio,Columbiana,1492,60,0,40.76932373,-80.78094576,39029.0,1464.4248795186636,4.021447721179625,1432,1489,60,0,1429,1486,102665,3,0,0,3,3
2020-07-26,US,Ohio,Coshocton,173,5,0,40.30096166,-81.91729018,39031.0,472.6775956284153,2.8901734104046244,168,172,5,0,167,170,36629,1,0,0,1,2
2020-07-26,US,Ohio,Crawford,158,5,0,40.85065156,-82.91989099,39033.0,380.77794379910347,3.1645569620253164,153,155,5,0,150,154,41550,3,0,0,3,1
2020-07-26,US,Ohio,Cuyahoga,11697,449,0,41.424119,-81.65918339,39035.0,947.0702922582652,3.8385910917329236,11248,11584,449,0,11135,11404,1243857,113,0,0,113,180
2020-07-26,US,Ohio,Darke,277,26,0,40.13412966,-84.6194517,39037.0,541.9364936513216,9.386281588447654,251,274,26,0,248,273,51323,3,0,0,3,1
2020-07-26,US,Ohio,Defiance,110,4,0,41.32398837,-84.49076944,39039.0,288.8124556935437,3.636363636363636,106,106,4,0,102,102,38165,4,0,0,4,4
2020-07-26,US,Ohio,Delaware,1060,17,0,40.27942393,-83.00457058,39041.0,506.7478738102182,1.6037735849056605,1043,1048,17,0,1031,1024,204826,12,0,0,12,24
2020-07-26,US,Ohio,Erie,433,24,0,41.36796058,-82.62904521,39043.0,583.0393450569575,5.542725173210162,409,428,23,0,405,406,74615,5,1,0,4,22
2020-07-26,US,Ohio,Fairfield,1057,20,0,39.75107189,-82.63088163,39045.0,670.7959434932159,1.8921475875118257,1037,1048,18,0,1030,1018,155782,9,2,0,7,30
2020-07-26,US,Ohio,Fayette,68,0,0,39.56021306,-83.4562016,39047.0,238.387379491674,0.0,68,66,0,0,66,65,28666,2,0,0,2,1
2020-07-26,US,Ohio,Franklin,15682,489,0,39.96995815,-83.01115755,39049.0,1190.9571705008368,3.118224716235174,15193,15548,487,0,15061,15301,1310300,134,2,0,132,247
2020-07-26,US,Ohio,Fulton,117,0,0,41.60213491,-84.12571393,39051.0,277.73821392963964,0.0,117,113,0,0,113,109,42276,4,0,0,4,4
2020-07-26,US,Ohio,Gallia,43,1,0,38.82708533,-82.31647569,39053.0,143.82232925279283,2.3255813953488373,42,41,1,0,40,40,29979,2,0,0,2,1
2020-07-26,US,Ohio,Geauga,502,43,0,41.49952319,-81.17935342,39055.0,536.044164913667,8.565737051792826,459,498,43,0,455,493,94031,4,0,0,4,5
2020-07-26,US,Ohio,Greene,545,11,0,39.69116283,-83.89032084,39057.0,322.60546831067205,2.018348623853211,534,538,11,0,527,526,167995,7,0,0,7,12
2020-07-26,US,Ohio,Guernsey,98,6,0,40.05026529,-81.49248905,39059.0,252.09003215434086,6.1224489795918355,92,96,6,0,90,96,39022,2,0,0,2,0
2020-07-26,US,Ohio,Hamilton,8497,225,0,39.19673558,-84.54502924,39061.0,1039.4227087622467,2.6479934094386253,8272,8436,224,0,8212,8325,816684,61,1,0,60,111
2020-07-26,US,Ohio,Hancock,238,2,0,41.00250487,-83.66838948,39063.0,314.0546032751408,0.8403361344537815,236,215,2,0,213,190,75930,23,0,0,23,25
2020-07-26,US,Ohio,Hardin,142,12,0,40.66015414,-83.65929931,39065.0,452.7339391040969,8.450704225352112,130,142,12,0,130,141,31480,0,0,0,0,1
2020-07-26,US,Ohio,Harrison,16,1,0,40.29380509,-81.09068544,39067.0,106.38297872340424,6.25,15,16,1,0,15,16,15174,0,0,0,0,0
2020-07-26,US,Ohio,Henry,90,0,0,41.3339642,-84.06830637,39069.0,333.25927571650743,0.0,90,90,0,0,90,86,27086,0,0,0,0,4
2020-07-26,US,Ohio,Highland,95,1,0,39.1839264,-83.60331456,39071.0,220.10611431616505,1.0526315789473684,94,94,1,0,93,90,43058,1,0,0,1,4
2020-07-26,US,Ohio,Hocking,102,9,0,39.49537927,-82.47991446,39073.0,360.88310217945093,8.823529411764708,93,102,9,0,93,101,28385,0,0,0,0,1
2020-07-26,US,Ohio,Holmes,313,5,0,40.56163713,-81.92635677,39075.0,712.0109190172884,1.597444089456869,308,311,5,0,306,306,43892,2,0,0,2,5
2020-07-26,US,Ohio,Huron,329,3,0,41.14651175,-82.59867951,39077.0,564.6517694710466,0.9118541033434652,326,328,3,0,325,320,58504,1,0,0,1,8
2020-07-26,US,Ohio,Jackson,55,0,0,39.01914254,-82.61818559999998,39079.0,169.68500293092282,0.0,55,55,0,0,55,52,32384,0,0,0,0,3
2020-07-26,US,Ohio,Jefferson,176,2,0,40.38614126,-80.76259514,39081.0,269.4221201683888,1.1363636363636365,174,168,2,0,166,166,65767,8,0,0,8,2
2020-07-26,US,Ohio,Knox,124,2,0,40.39830217,-82.42027563,39083.0,198.9666570392477,1.6129032258064515,122,116,2,0,114,112,61893,8,0,0,8,4
2020-07-26,US,Ohio,Lake,914,27,0,41.69710807,-81.23676539,39085.0,397.1340305628093,2.9540481400437635,887,900,27,0,873,878,230514,14,0,0,14,22
2020-07-26,US,Ohio,Lawrence,182,0,0,38.59743452,-82.53466552,39087.0,306.0726838538251,0.0,182,175,0,0,175,170,59866,7,0,0,7,5
2020-07-26,US,Ohio,Licking,918,25,0,40.09136236,-82.48185785,39089.0,519.0487498727822,2.7233115468409586,893,910,24,0,886,859,175769,8,1,0,7,51
2020-07-26,US,Ohio,Logan,101,1,0,40.38996525,-83.76784341,39091.0,221.14205640217202,0.99009900990099,100,100,1,0,99,98,45358,1,0,0,1,2
2020-07-26,US,Ohio,Lorain,1474,75,0,41.29553751,-82.15083537,39093.0,475.74015679414396,5.088195386702849,1399,1463,75,0,1388,1423,309461,11,0,0,11,40
2020-07-26,US,Ohio,Lucas,4077,311,0,41.62101218,-83.65468618,39095.0,951.7962030872096,7.628157959283787,3766,4006,311,0,3695,3927,429899,71,0,0,71,79
2020-07-26,US,Ohio,Madison,271,9,0,39.89381073,-83.40178317,39097.0,605.8438219579263,3.3210332103321027,262,271,9,0,262,266,44413,0,0,0,0,5
2020-07-26,US,Ohio,Mahoning,2258,244,0,41.01631101,-80.77287029,39099.0,987.3930287778278,10.806023029229408,2014,2232,244,0,1988,2214,229642,26,0,0,26,18
2020-07-26,US,Ohio,Marion,2821,41,0,40.58610662,-83.15736305,39101.0,4333.799333261642,1.4533853243530663,2780,2820,41,0,2779,2818,65256,1,0,0,1,2
2020-07-26,US,Ohio,Medina,757,32,0,41.11770589,-81.89986209999998,39103.0,421.1498447809687,4.227212681638044,725,746,32,0,714,733,179146,11,0,0,11,13
2020-07-26,US,Ohio,Meigs,23,0,0,39.09224872,-82.0305041,39105.0,100.40598943554373,0.0,23,23,0,0,23,23,23106,0,0,0,0,0
2020-07-26,US,Ohio,Mercer,438,11,0,40.54043046,-84.62912742,39107.0,1063.8297872340424,2.5114155251141552,427,423,11,0,412,414,40959,15,0,0,15,9
2020-07-26,US,Ohio,Miami,659,35,0,40.0543329,-84.22871271,39109.0,615.9626870554366,5.311077389984827,624,650,34,0,616,628,106222,9,1,0,8,22
2020-07-26,US,Ohio,Monroe,89,17,0,39.72984936,-81.08464734,39111.0,651.8236414237588,19.101123595505623,72,89,17,0,72,89,13790,0,0,0,0,0
2020-07-26,US,Ohio,Montgomery,3501,53,0,39.75394919,-84.29050975,39113.0,658.4701149360433,1.5138531848043415,3448,3456,53,0,3403,3353,532331,45,0,0,45,103
2020-07-26,US,Ohio,Morgan,16,0,0,39.62081738,-81.85308173,39115.0,110.28398125172319,0.0,16,16,0,0,16,16,14604,0,0,0,0,0
2020-07-26,US,Ohio,Morrow,151,1,0,40.52363560000001,-82.7892599,39117.0,427.4230072463768,0.6622516556291391,150,148,1,0,147,144,35112,3,0,0,3,4
2020-07-26,US,Ohio,Muskingum,143,1,0,39.96575964,-81.94363275,39119.0,165.86440874557792,0.6993006993006993,142,140,1,0,139,138,86183,3,0,0,3,2
2020-07-26,US,Ohio,Noble,16,0,0,39.76818851,-81.45937183,39121.0,110.92623405435387,0.0,16,16,0,0,16,16,14354,0,0,0,0,0
2020-07-26,US,Ohio,Ottawa,313,24,0,41.53781826,-83.0940185,39123.0,772.3627390499692,7.667731629392972,289,308,24,0,284,302,40769,5,0,0,5,6
2020-07-26,US,Ohio,Paulding,52,0,0,41.11676341,-84.5801017,39125.0,278.49185946872325,0.0,52,53,0,0,53,46,18760,-1,0,0,-1,7
2020-07-26,US,Ohio,Perry,70,1,0,39.73508655,-82.23804971,39127.0,193.72336303758235,1.4285714285714286,69,68,1,0,67,66,36033,2,0,0,2,2
2020-07-26,US,Ohio,Pickaway,2308,42,0,39.64170392,-83.0243386,39129.0,3948.201241938519,1.8197573656845756,2266,2307,42,0,2265,2304,58086,1,0,0,1,3
2020-07-26,US,Ohio,Pike,48,0,0,39.07634001,-83.06769584,39131.0,172.83594987757454,0.0,48,46,0,0,46,44,28067,2,0,0,2,2
2020-07-26,US,Ohio,Portage,648,59,0,41.16793482,-81.19735782,39133.0,398.8526830229094,9.104938271604937,589,635,59,0,576,618,162927,13,0,0,13,17
2020-07-26,US,Ohio,Preble,123,2,0,39.7420247,-84.64787018,39135.0,300.86590675602963,1.6260162601626016,121,122,2,0,120,115,40997,1,0,0,1,7
2020-07-26,US,Ohio,Putnam,173,16,0,41.02094889,-84.1336111,39137.0,510.91225894096453,9.248554913294797,157,170,16,0,154,169,33780,3,0,0,3,1
2020-07-26,US,Ohio,Richland,480,8,0,40.77180308,-82.53799609999999,39139.0,396.1899730920977,1.6666666666666667,472,477,8,0,469,473,121099,3,0,0,3,4
2020-07-26,US,Ohio,Ross,271,5,0,39.33705391,-83.06000914,39141.0,353.4813346203009,1.845018450184502,266,253,5,0,248,238,76931,18,0,0,18,15
2020-07-26,US,Ohio,Sandusky,275,15,0,41.35624126,-83.137872,39143.0,469.9408728938105,5.454545454545454,260,271,15,0,256,264,58799,4,0,0,4,7
2020-07-26,US,Ohio,Scioto,132,0,0,38.80270163,-82.98907345,39145.0,175.26621876410758,0.0,132,122,0,0,122,120,75502,10,0,0,10,2
2020-07-26,US,Ohio,Seneca,104,2,0,41.12351311,-83.12783209,39147.0,188.48091630722388,1.9230769230769231,102,101,2,0,99,97,55207,3,0,0,3,4
2020-07-26,US,Ohio,Shelby,116,4,0,40.33163494,-84.20258189,39149.0,238.73224943403991,3.4482758620689653,112,112,4,0,108,110,48627,4,0,0,4,2
2020-07-26,US,Ohio,Stark,1516,123,0,40.81482476,-81.36437305,39151.0,409.0597561831163,8.113456464379947,1393,1514,122,0,1392,1483,371574,2,1,0,1,31
2020-07-26,US,Ohio,Summit,2914,212,0,41.12464734,-81.53123079,39153.0,538.6192198708719,7.27522306108442,2702,2879,212,0,2667,2827,541918,35,0,0,35,52
2020-07-26,US,Ohio,Trumbull,1300,95,0,41.31735028,-80.76109643,39155.0,656.6518835806722,7.3076923076923075,1205,1286,94,0,1192,1262,198627,14,1,0,13,24
2020-07-26,US,Ohio,Tuscarawas,722,11,0,40.44214695,-81.47226262,39157.0,784.8935175622643,1.5235457063711912,711,717,11,0,706,713,92176,5,0,0,5,4
2020-07-26,US,Ohio,Union,178,1,0,40.30016061,-83.37239023,39159.0,301.75628941479624,0.5617977528089888,177,169,1,0,168,168,57835,9,0,0,9,1
2020-07-26,US,Ohio,Van Wert,61,1,0,40.8554138,-84.59111700000003,39161.0,215.73828470380195,1.639344262295082,60,60,1,0,59,59,28281,1,0,0,1,1
2020-07-26,US,Ohio,Vinton,26,2,0,39.25208988,-82.4831444,39163.0,198.7008024455484,7.6923076923076925,24,26,2,0,24,26,13139,0,0,0,0,0
2020-07-26,US,Ohio,Warren,1400,30,0,39.42581994,-84.16557457,39165.0,596.755355879319,2.142857142857143,1370,1383,30,0,1353,1358,232173,17,0,0,17,25
2020-07-26,US,Ohio,Washington,179,21,0,39.45690571,-81.49121382,39167.0,298.7765185024453,11.731843575418994,158,178,21,0,157,177,60155,1,0,0,1,1
2020-07-26,US,Ohio,Wayne,446,58,0,40.82925852,-81.88844833,39169.0,385.4463745570824,13.004484304932735,388,443,58,0,385,432,115967,3,0,0,3,11
2020-07-26,US,Ohio,Williams,106,3,0,41.56052014,-84.58429552,39171.0,288.89131145753845,2.830188679245283,103,103,3,0,100,101,36804,3,0,0,3,2
2020-07-26,US,Ohio,Wood,725,55,0,41.36224827,-83.62285108,39173.0,554.209315303057,7.586206896551723,670,713,55,0,658,696,130696,12,0,0,12,17
2020-07-26,US,Ohio,Wyandot,99,5,0,40.84339621,-83.30734173,39175.0,454.712474738196,5.05050505050505,94,92,5,0,87,91,21935,7,0,0,7,1
2020-07-26,US,Oklahoma,Adair,241,5,0,35.88494195,-94.65859267,40001.0,1085.8790664143464,2.074688796680498,236,227,5,0,222,215,22082,14,0,0,14,12
2020-07-26,US,Oklahoma,Alfalfa,1,0,0,36.73090616,-98.32408495,40003.0,17.5377060680463,0.0,1,1,0,0,1,1,5754,0,0,0,0,0
2020-07-26,US,Oklahoma,Atoka,57,0,0,34.37366573,-96.03802487,40005.0,414.3044047099869,0.0,57,55,0,0,55,55,13838,2,0,0,2,0
2020-07-26,US,Oklahoma,Beaver,35,0,0,36.7496847,-100.4758872,40007.0,659.0096027113538,0.0,35,36,0,0,36,34,5319,-1,0,0,-1,2
2020-07-26,US,Oklahoma,Beckham,34,0,0,35.26862449,-99.68128023,40009.0,155.54233953977766,0.0,34,30,0,0,30,27,21709,4,0,0,4,3
2020-07-26,US,Oklahoma,Blaine,29,0,0,35.87518314,-98.43307003,40011.0,307.56177749496237,0.0,29,27,0,0,27,26,9485,2,0,0,2,1
2020-07-26,US,Oklahoma,Bryan,316,1,0,33.96472458,-96.25903472,40013.0,658.4019168663402,0.3164556962025317,315,303,1,0,302,284,47192,13,0,0,13,19
2020-07-26,US,Oklahoma,Caddo,285,12,0,35.17364557,-98.37534464,40015.0,990.8907586398719,4.2105263157894735,273,272,12,0,260,258,28977,13,0,0,13,14
2020-07-26,US,Oklahoma,Canadian,830,4,0,35.5426055,-97.98465569,40017.0,559.6536889943766,0.4819277108433735,826,795,4,0,791,786,144447,35,0,0,35,9
2020-07-26,US,Oklahoma,Carter,255,3,0,34.25103751,-97.28552485,40019.0,530.0243187628608,1.1764705882352942,252,243,3,0,240,236,48177,12,0,0,12,7
2020-07-26,US,Oklahoma,Cherokee,228,1,0,35.90692775,-94.99980896,40021.0,468.58622603119795,0.43859649122807015,227,211,1,0,210,195,48675,17,0,0,17,16
2020-07-26,US,Oklahoma,Choctaw,154,1,0,34.02807439,-95.54771129,40023.0,1049.6183206106869,0.6493506493506493,153,152,1,0,151,150,14668,2,0,0,2,2
2020-07-26,US,Oklahoma,Cimarron,1,0,0,36.74817177,-102.5173885,40025.0,46.79457182966776,0.0,1,1,0,0,1,1,2153,0,0,0,0,0
2020-07-26,US,Oklahoma,Cleveland,2120,41,0,35.20413532,-97.32519562,40027.0,746.442076799031,1.9339622641509435,2079,2048,41,0,2007,1958,281669,72,0,0,72,90
2020-07-26,US,Oklahoma,Coal,24,0,0,34.58840127,-96.29798747,40029.0,436.7606915377616,0.0,24,24,0,0,24,20,5520,0,0,0,0,4
2020-07-26,US,Oklahoma,Comanche,693,9,0,34.65973764,-98.47195055,40031.0,573.9177964206743,1.2987012987012987,684,659,9,0,650,618,120422,34,0,0,34,41
2020-07-26,US,Oklahoma,Cotton,16,2,0,34.28845626,-98.37053567,40033.0,282.3861630780092,12.5,14,16,2,0,14,14,5776,0,0,0,0,2
2020-07-26,US,Oklahoma,Craig,53,0,0,36.76268118,-95.20916602,40035.0,374.7701880922077,0.0,53,53,0,0,53,47,14306,0,0,0,0,6
2020-07-26,US,Oklahoma,Creek,388,12,0,35.90230551,-96.37086028,40037.0,542.4904225273342,3.0927835051546397,376,341,12,0,329,321,71604,47,0,0,47,20
2020-07-26,US,Oklahoma,Custer,156,0,0,35.63853802,-99.00170785,40039.0,537.8753922008068,0.0,156,158,0,0,158,134,29036,-2,0,0,-2,24
2020-07-26,US,Oklahoma,Delaware,363,19,0,36.40823634,-94.80325046,40041.0,844.0093933827803,5.234159779614325,344,351,19,0,332,341,42733,12,0,0,12,10
2020-07-26,US,Oklahoma,Dewey,4,0,0,35.98772922,-99.00730714,40043.0,81.78286648947045,0.0,4,4,0,0,4,4,4894,0,0,0,0,0
2020-07-26,US,Oklahoma,Ellis,4,0,0,36.218019399999996,-99.75324573,40045.0,103.65379632029024,0.0,4,4,0,0,4,2,3952,0,0,0,0,2
2020-07-26,US,Oklahoma,Garfield,280,3,0,36.3791334,-97.78265517,40047.0,458.59538784067087,1.0714285714285714,277,227,3,0,224,220,60913,53,0,0,53,7
2020-07-26,US,Oklahoma,Garvin,173,4,0,34.70418038,-97.30811132,40049.0,624.3008191692827,2.3121387283237,169,172,4,0,168,166,27811,1,0,0,1,6
2020-07-26,US,Oklahoma,Grady,366,6,0,35.0167709,-97.88339847,40051.0,655.514561020167,1.639344262295082,360,352,6,0,346,347,55551,14,0,0,14,5
2020-07-26,US,Oklahoma,Grant,6,0,0,36.796296999999996,-97.78638765,40053.0,138.4721901684745,0.0,6,6,0,0,6,6,4326,0,0,0,0,0
2020-07-26,US,Oklahoma,Greer,78,7,0,34.93535801,-99.56056120000001,40055.0,1365.546218487395,8.974358974358974,71,78,7,0,71,77,5821,0,0,0,0,1
2020-07-26,US,Oklahoma,Harmon,5,0,0,34.7440135,-99.84741652,40057.0,188.46588767433101,0.0,5,5,0,0,5,5,2664,0,0,0,0,0
2020-07-26,US,Oklahoma,Harper,4,0,0,36.78836519,-99.6679804,40059.0,108.4598698481562,0.0,4,4,0,0,4,2,3797,0,0,0,0,2
2020-07-26,US,Oklahoma,Haskell,27,0,0,35.22257600000001,-95.11513306,40061.0,213.82751247327155,0.0,27,24,0,0,24,23,12668,3,0,0,3,1
2020-07-26,US,Oklahoma,Hughes,73,1,0,35.04912569,-96.24921145,40063.0,549.7401912794638,1.3698630136986298,72,53,1,0,52,44,13335,20,0,0,20,9
2020-07-26,US,Oklahoma,Jackson,370,3,0,34.58781741,-99.41138784,40065.0,1508.3571137382794,0.8108108108108109,367,346,3,0,343,302,24949,24,0,0,24,44
2020-07-26,US,Oklahoma,Jefferson,27,0,0,34.11130184,-97.83182974,40067.0,449.85004998333886,0.0,27,23,0,0,23,23,6123,4,0,0,4,0
2020-07-26,US,Oklahoma,Johnston,34,0,0,34.31440473,-96.66011537,40069.0,306.7207938655841,0.0,34,28,0,0,28,27,10949,6,0,0,6,1
2020-07-26,US,Oklahoma,Kay,181,9,0,36.81799745,-97.14421435,40071.0,415.72878864440247,4.972375690607736,172,172,9,0,163,169,44161,9,0,0,9,3
2020-07-26,US,Oklahoma,Kingfisher,79,0,0,35.94530008,-97.94193268,40073.0,501.1100539169045,0.0,79,75,0,0,75,74,15816,4,0,0,4,1
2020-07-26,US,Oklahoma,Kiowa,24,1,0,34.91671958,-98.97720696,40075.0,275.6086357372531,4.166666666666667,23,23,1,0,22,21,8729,1,0,0,1,2
2020-07-26,US,Oklahoma,Latimer,38,1,0,34.87844729,-95.25215049,40077.0,377.2461034448526,2.631578947368421,37,37,1,0,36,36,10231,1,0,0,1,1
2020-07-26,US,Oklahoma,Le Flore,124,1,0,34.89851864,-94.70392124,40079.0,248.7312699336048,0.8064516129032258,123,120,1,0,119,114,49980,4,0,0,4,6
2020-07-26,US,Oklahoma,Lincoln,92,2,0,35.70270942,-96.8812462,40081.0,263.7841557473406,2.1739130434782608,90,74,2,0,72,71,34920,18,0,0,18,3
2020-07-26,US,Oklahoma,Logan,147,1,0,35.91899576,-97.44352845,40083.0,306.17983378809015,0.6802721088435374,146,143,1,0,142,138,47291,4,0,0,4,5
2020-07-26,US,Oklahoma,Love,61,0,0,33.95273467,-97.23906784,40085.0,594.9478201502,0.0,61,60,0,0,60,60,10134,1,0,0,1,0
2020-07-26,US,Oklahoma,Major,22,1,0,36.31149996,-98.53467076,40093.0,288.3733123607288,4.545454545454546,21,22,1,0,21,21,7644,0,0,0,0,1
2020-07-26,US,Oklahoma,Marshall,64,0,0,34.02311222,-96.76855464,40095.0,378.0048431870533,0.0,64,59,0,0,59,59,16806,5,0,0,5,0
2020-07-26,US,Oklahoma,Mayes,246,5,0,36.30179091,-95.23175116,40097.0,598.5401459854014,2.0325203252032518,241,234,5,0,229,227,41107,12,0,0,12,7
2020-07-26,US,Oklahoma,McClain,342,4,0,35.01123903,-97.44572302,40087.0,844.9869051736918,1.1695906432748535,338,336,4,0,332,332,39985,6,0,0,6,4
2020-07-26,US,Oklahoma,McCurtain,783,20,0,34.11664328,-94.77222373,40089.0,2384.868421052632,2.554278416347382,763,762,20,0,742,755,32703,21,0,0,21,7
2020-07-26,US,Oklahoma,McIntosh,126,1,0,35.37235506,-95.66599306,40091.0,642.9883649724434,0.7936507936507936,125,124,1,0,123,119,19815,2,0,0,2,5
2020-07-26,US,Oklahoma,Murray,51,0,0,34.48116015,-97.06826283,40099.0,362.39607759539535,0.0,51,49,0,0,49,47,13953,2,0,0,2,2
2020-07-26,US,Oklahoma,Muskogee,333,16,0,35.61318461,-95.37802952,40101.0,489.7274879774108,4.804804804804805,317,316,16,0,300,304,68362,17,0,0,17,12
2020-07-26,US,Oklahoma,Noble,73,2,0,36.38953329,-97.22928674,40103.0,655.8260713323151,2.7397260273972597,71,71,2,0,69,69,11289,2,0,0,2,2
2020-07-26,US,Oklahoma,Nowata,45,1,0,36.79843529,-95.61902331,40105.0,446.60579595077417,2.2222222222222223,44,45,1,0,44,44,10218,0,0,0,0,1
2020-07-26,US,Oklahoma,Okfuskee,38,0,0,35.46485198,-96.32639984,40107.0,316.85149670641215,0.0,38,33,0,0,33,31,12098,5,0,0,5,2
2020-07-26,US,Oklahoma,Oklahoma,7621,90,0,35.55140095,-97.40716948,40109.0,955.6903768838547,1.1809473822333028,7531,7415,90,0,7325,7239,792582,206,0,0,206,176
2020-07-26,US,Oklahoma,Okmulgee,312,0,0,35.64661916,-95.96432828,40111.0,811.1269985701286,0.0,312,280,0,0,280,272,38335,32,0,0,32,8
2020-07-26,US,Oklahoma,Osage,304,10,0,36.62888819,-96.39635704,40113.0,647.3181014841471,3.2894736842105265,294,284,10,0,274,277,47014,20,0,0,20,7
2020-07-26,US,Oklahoma,Ottawa,269,2,0,36.83532655,-94.81011909,40115.0,864.2014970925563,0.7434944237918215,267,260,2,0,258,248,31175,9,0,0,9,12
2020-07-26,US,Oklahoma,Pawnee,107,3,0,36.31743373,-96.70331759999999,40117.0,653.3952125061065,2.803738317757009,104,101,3,0,98,94,16390,6,0,0,6,7
2020-07-26,US,Oklahoma,Payne,614,3,0,36.07695283,-96.97584944,40119.0,750.7580944928102,0.488599348534202,611,583,3,0,580,575,82040,31,0,0,31,8
2020-07-26,US,Oklahoma,Pittsburg,132,3,0,34.92065823,-95.75134320000001,40121.0,302.3777889769552,2.272727272727273,129,125,3,0,122,123,43877,7,0,0,7,2
2020-07-26,US,Oklahoma,Pontotoc,131,2,0,34.72959848,-96.68337199,40123.0,342.17950057465265,1.5267175572519085,129,124,2,0,122,122,38247,7,0,0,7,2
2020-07-26,US,Oklahoma,Pottawatomie,300,6,0,35.20614018,-96.94923008,40125.0,413.2686797443245,2.0,294,270,6,0,264,259,72679,30,0,0,30,11
2020-07-26,US,Oklahoma,Pushmataha,60,0,0,34.41635232,-95.37603505,40127.0,540.7354001441961,0.0,60,53,0,0,53,51,11179,7,0,0,7,2
2020-07-26,US,Oklahoma,Roger Mills,6,0,0,35.68711719,-99.69666167,40129.0,167.45743790120008,0.0,6,6,0,0,6,6,3656,0,0,0,0,0
2020-07-26,US,Oklahoma,Rogers,603,12,0,36.37004357,-95.60406759,40131.0,652.180966698753,1.9900497512437807,591,577,12,0,565,543,91984,26,0,0,26,34
2020-07-26,US,Oklahoma,Seminole,141,5,0,35.16478725,-96.61686741,40133.0,581.251545881771,3.5460992907801416,136,127,5,0,122,119,24578,14,0,0,14,8
2020-07-26,US,Oklahoma,Sequoyah,147,3,0,35.49447108,-94.75463785,40135.0,353.62890615602976,2.0408163265306123,144,138,3,0,135,126,41179,9,0,0,9,12
2020-07-26,US,Oklahoma,Stephens,147,1,0,34.48556989,-97.85141892,40137.0,340.72734858493845,0.6802721088435374,146,142,1,0,141,132,43265,5,0,0,5,10
2020-07-26,US,Oklahoma,Texas,1018,7,0,36.74777635,-101.4889765,40139.0,5094.3301806535555,0.6876227897838899,1011,1016,7,0,1009,1012,20455,2,0,0,2,4
2020-07-26,US,Oklahoma,Tillman,46,1,0,34.37288446,-98.92426619,40141.0,634.4827586206898,2.1739130434782608,45,43,1,0,42,39,7348,3,0,0,3,4
2020-07-26,US,Oklahoma,Tulsa,7557,90,0,36.11939621,-95.94013939,40143.0,1159.8460291734198,1.1909487892020645,7467,7307,90,0,7217,7111,648360,250,0,0,250,196
2020-07-26,US,Oklahoma,Wagoner,577,20,0,35.96024096,-95.51911308,40145.0,709.8131358486388,3.466204506065858,557,562,20,0,542,537,80110,15,0,0,15,25
2020-07-26,US,Oklahoma,Washington,534,39,0,36.71380786,-95.90514104,40147.0,1036.3498748229083,7.303370786516854,495,526,39,0,487,516,51843,8,0,0,8,10
2020-07-26,US,Oklahoma,Washita,18,0,0,35.29071824,-98.99180434,40149.0,164.89556614144374,0.0,18,17,0,0,17,14,11127,1,0,0,1,3
2020-07-26,US,Oklahoma,Woods,14,0,0,36.76705782,-98.86573064,40151.0,159.21755942226773,0.0,14,14,0,0,14,14,8897,0,0,0,0,0
2020-07-26,US,Oklahoma,Woodward,28,0,0,36.42316318,-99.26283045,40153.0,138.5384196724556,0.0,28,27,0,0,27,27,20222,1,0,0,1,0
2020-07-26,US,Oregon,Baker,22,0,0,44.70915557,-117.6749883,41001.0,136.44257008186554,0.0,22,17,0,0,17,17,16006,5,0,0,5,0
2020-07-26,US,Oregon,Benton,134,6,0,44.49167306,-123.4316987,41003.0,144.00395473547334,4.477611940298506,128,132,6,0,126,132,92101,2,0,0,2,0
2020-07-26,US,Oregon,Clackamas,1276,34,0,45.18787398,-122.2179634,41005.0,305.126653865376,2.664576802507837,1242,1227,34,0,1193,1227,416075,49,0,0,49,0
2020-07-26,US,Oregon,Clatsop,68,0,0,45.99712889,-123.660711,41007.0,169.0533015115354,0.0,68,68,0,0,68,68,39764,0,0,0,0,0
2020-07-26,US,Oregon,Columbia,69,0,0,45.94464254,-123.08908980000001,41009.0,131.79508729036942,0.0,69,67,0,0,67,67,52377,2,0,0,2,0
2020-07-26,US,Oregon,Coos,80,0,0,43.17406868,-124.0594514,41011.0,124.05601128909704,0.0,80,76,0,0,76,76,64389,4,0,0,4,0
2020-07-26,US,Oregon,Crook,32,1,0,44.14230227,-120.356297,41013.0,131.12604491067034,3.125,31,30,1,0,29,30,23867,2,0,0,2,0
2020-07-26,US,Oregon,Curry,13,0,0,42.45911325,-124.15728200000001,41015.0,56.70665212649946,0.0,13,13,0,0,13,13,22813,0,0,0,0,0
2020-07-26,US,Oregon,Deschutes,460,3,0,43.91570171,-121.2289121,41017.0,232.6851870586569,0.6521739130434783,457,419,3,0,416,419,191996,41,0,0,41,0
2020-07-26,US,Oregon,Douglas,116,1,0,43.27941273,-123.16729099999999,41019.0,104.52333753829521,0.8620689655172413,115,111,1,0,110,111,110283,5,0,0,5,0
2020-07-26,US,Oregon,Gilliam,3,0,0,45.37160076,-120.20488689999999,41021.0,156.90376569037656,0.0,3,3,0,0,3,3,1894,0,0,0,0,0
2020-07-26,US,Oregon,Grant,2,0,0,44.49024544,-119.0068631,41023.0,27.781636338380327,0.0,2,2,0,0,2,2,7176,0,0,0,0,0
2020-07-26,US,Oregon,Harney,6,0,0,43.06422669,-118.96663059999999,41025.0,81.15785202218316,0.0,6,5,0,0,5,5,7329,1,0,0,1,0
2020-07-26,US,Oregon,Hood River,150,0,0,45.51872811,-121.65520359999998,41027.0,641.5191172696948,0.0,150,144,0,0,144,144,23428,6,0,0,6,0
2020-07-26,US,Oregon,Jackson,291,0,0,42.43201126,-122.72893090000001,41029.0,131.7075820117315,0.0,291,269,0,0,269,269,219564,22,0,0,22,0
2020-07-26,US,Oregon,Jefferson,258,0,0,44.62806839,-121.17832,41031.0,1046.3135696325737,0.0,258,244,0,0,244,244,24192,14,0,0,14,0
2020-07-26,US,Oregon,Josephine,84,1,0,42.3665549,-123.5561938,41033.0,96.01426497651079,1.1904761904761905,83,79,1,0,78,79,87393,5,0,0,5,0
2020-07-26,US,Oregon,Klamath,181,1,0,42.68762984,-121.64964609999998,41035.0,265.2481022304288,0.5524861878453039,180,177,1,0,176,177,67653,4,0,0,4,0
2020-07-26,US,Oregon,Lake,31,0,0,42.79246693,-120.38501629999999,41037.0,393.95094675308167,0.0,31,31,0,0,31,31,7879,0,0,0,0,0
2020-07-26,US,Oregon,Lane,448,3,0,43.93727035,-122.847753,41039.0,117.25692090654259,0.6696428571428571,445,435,3,0,432,435,379611,13,0,0,13,0
2020-07-26,US,Oregon,Lincoln,380,8,0,44.64252874,-123.86991200000001,41041.0,760.5780393098755,2.1052631578947367,372,377,8,0,369,377,49388,3,0,0,3,0
2020-07-26,US,Oregon,Linn,223,10,0,44.48899494,-122.53731540000001,41043.0,171.87030343201104,4.484304932735426,213,215,10,0,205,215,127335,8,0,0,8,0
2020-07-26,US,Oregon,Malheur,576,8,0,43.1937027,-117.62273950000001,41045.0,1884.1385626901315,1.3888888888888888,568,557,7,0,550,557,30725,19,1,0,18,0
2020-07-26,US,Oregon,Marion,2413,65,0,44.90287942,-122.58151170000001,41047.0,693.7536297718923,2.6937422295897218,2348,2333,64,0,2269,2333,346868,80,1,0,79,0
2020-07-26,US,Oregon,Morrow,245,1,0,45.41846568,-119.584546,41049.0,2111.5228820132725,0.4081632653061225,244,222,1,0,221,222,11372,23,0,0,23,0
2020-07-26,US,Oregon,Multnomah,3921,82,0,45.54747959,-122.4169351,41051.0,482.37385511561104,2.09130323896965,3839,3813,78,0,3735,3813,811880,108,4,0,104,0
2020-07-26,US,Oregon,Polk,245,12,0,44.90322804,-123.4128888,41053.0,284.6024278329558,4.8979591836734695,233,231,12,0,219,231,85234,14,0,0,14,0
2020-07-26,US,Oregon,Sherman,8,0,0,45.41501554,-120.6827834,41055.0,449.438202247191,0.0,8,8,0,0,8,8,1708,0,0,0,0,0
2020-07-26,US,Oregon,Tillamook,24,0,0,45.46248721,-123.712066,41057.0,88.7705281846427,0.0,24,24,0,0,24,24,26787,0,0,0,0,0
2020-07-26,US,Oregon,Umatilla,1678,16,0,45.59073056,-118.7353826,41059.0,2152.6619627966647,0.9535160905840286,1662,1563,15,0,1548,1563,77516,115,1,0,114,0
2020-07-26,US,Oregon,Union,385,2,0,45.30915495,-118.0068979,41061.0,1434.6934972983045,0.5194805194805194,383,385,2,0,383,385,26461,0,0,0,0,0
2020-07-26,US,Oregon,Wallowa,18,1,0,45.57894064,-117.18353799999998,41063.0,249.7225305216426,5.5555555555555545,17,18,1,0,17,18,7081,0,0,0,0,0
2020-07-26,US,Oregon,Wasco,146,3,0,45.16292781,-121.16709540000001,41065.0,547.1853684131626,2.054794520547945,143,139,3,0,136,139,26505,7,0,0,7,0
2020-07-26,US,Oregon,Washington,2495,22,0,45.55972701,-123.0955257,41067.0,414.7329086822963,0.8817635270541082,2473,2406,22,0,2384,2406,597695,89,0,0,89,0
2020-07-26,US,Oregon,Yamhill,277,9,0,45.23330449,-123.3086963,41071.0,258.63678804855283,3.249097472924188,268,264,9,0,255,264,107002,13,0,0,13,0
2020-07-26,US,Pennsylvania,Adams,442,17,0,39.87140411,-77.21610347,42001.0,429.0887204030716,3.8461538461538463,425,442,17,0,425,441,102811,0,0,0,0,1
2020-07-26,US,Pennsylvania,Allegheny,7294,218,0,40.46809875,-79.98167747,42003.0,599.8133292764659,2.9887578831916644,7076,7161,218,0,6943,7015,1218452,133,0,0,133,146
2020-07-26,US,Pennsylvania,Armstrong,163,6,0,40.81665618,-79.46290811,42005.0,251.79578280682784,3.6809815950920246,157,151,6,0,145,138,65263,12,0,0,12,13
2020-07-26,US,Pennsylvania,Beaver,1116,82,0,40.6825484,-80.34921611,42007.0,680.7825339018723,7.3476702508960585,1034,1101,82,0,1019,1084,164742,15,0,0,15,17
2020-07-26,US,Pennsylvania,Bedford,123,4,0,40.00522157,-78.48998442,42009.0,256.84931506849307,3.2520325203252027,119,113,4,0,109,112,48176,10,0,0,10,1
2020-07-26,US,Pennsylvania,Berks,5017,362,0,40.41570541,-75.92457766,42011.0,1191.2224216694685,7.215467410803269,4655,5008,362,0,4646,4977,420152,9,0,0,9,31
2020-07-26,US,Pennsylvania,Blair,176,2,0,40.47961444,-78.34917412,42013.0,144.46478260512689,1.1363636363636365,174,171,2,0,169,165,122492,5,0,0,5,6
2020-07-26,US,Pennsylvania,Bradford,75,3,0,41.78869215,-76.51570822,42015.0,124.33068647116356,4.0,72,75,3,0,72,72,60833,0,0,0,0,3
2020-07-26,US,Pennsylvania,Bucks,6690,574,0,40.33682119,-75.10836643,42017.0,1064.8288156365893,8.579970104633782,6116,6664,574,0,6090,6614,628195,26,0,0,26,50
2020-07-26,US,Pennsylvania,Butler,556,14,0,40.91152759,-79.91351055,42019.0,295.9761089788292,2.5179856115107917,542,544,14,0,530,535,187888,12,0,0,12,9
2020-07-26,US,Pennsylvania,Cambria,219,3,0,40.49527404,-78.71377428,42021.0,168.21310065134568,1.3698630136986298,216,215,3,0,212,205,131730,4,0,0,4,10
2020-07-26,US,Pennsylvania,Cameron,5,0,0,41.43625568,-78.20376845,42023.0,112.4353496739375,0.0,5,5,0,0,5,5,4492,0,0,0,0,0
2020-07-26,US,Pennsylvania,Carbon,352,28,0,40.91545395,-75.7068525,42025.0,548.4403726901622,7.954545454545454,324,345,28,0,317,342,64227,7,0,0,7,3
2020-07-26,US,Pennsylvania,Centre,356,9,0,40.92058903,-77.82200624,42027.0,219.23207192782584,2.5280898876404496,347,313,9,0,304,306,162805,43,0,0,43,7
2020-07-26,US,Pennsylvania,Chester,4580,343,0,39.97291773,-75.74768357,42029.0,872.3992312219873,7.4890829694323156,4237,4580,343,0,4237,4580,522046,0,0,0,0,0
2020-07-26,US,Pennsylvania,Clarion,72,2,0,41.19265812,-79.42413524,42031.0,187.31463655757324,2.7777777777777777,70,72,2,0,70,71,38779,0,0,0,0,1
2020-07-26,US,Pennsylvania,Clearfield,116,0,0,41.00110782,-78.47592663,42033.0,146.36300548861269,0.0,116,114,0,0,114,110,79388,2,0,0,2,4
2020-07-26,US,Pennsylvania,Clinton,110,5,0,41.23255967,-77.63785995,42035.0,284.7380410022779,4.545454545454546,105,107,5,0,102,107,38684,3,0,0,3,0
2020-07-26,US,Pennsylvania,Columbia,451,35,0,41.04821986,-76.40565017,42037.0,694.2306508219937,7.7605321507760525,416,446,35,0,411,445,65456,5,0,0,5,1
2020-07-26,US,Pennsylvania,Crawford,118,1,0,41.68447709,-80.10760592,42039.0,139.43210956055253,0.8474576271186439,117,118,1,0,117,117,85063,0,0,0,0,1
2020-07-26,US,Pennsylvania,Cumberland,1119,70,0,40.1625372,-77.26130755,42041.0,441.64660378103173,6.2555853440571925,1049,1106,70,0,1036,1090,251423,13,0,0,13,16
2020-07-26,US,Pennsylvania,Dauphin,2537,153,0,40.41377078,-76.77993242,42043.0,911.6094560167302,6.030744974379187,2384,2526,152,0,2374,2499,277097,11,1,0,10,27
2020-07-26,US,Pennsylvania,Delaware,8285,681,0,39.91680171,-75.40243663,42045.0,1461.8515845694815,8.219674109837054,7604,8250,681,0,7569,8140,564751,35,0,0,35,110
2020-07-26,US,Pennsylvania,Elk,39,2,0,41.42822061,-78.64524744,42047.0,130.3911735205617,5.128205128205129,37,39,2,0,37,38,30169,0,0,0,0,1
2020-07-26,US,Pennsylvania,Erie,856,15,0,41.99253829,-80.03301954,42049.0,317.3567445723099,1.7523364485981308,841,847,15,0,832,838,272061,9,0,0,9,9
2020-07-26,US,Pennsylvania,Fayette,311,4,0,39.92041012,-79.64291195,42051.0,240.57428407877842,1.2861736334405145,307,307,4,0,303,301,130441,4,0,0,4,6
2020-07-26,US,Pennsylvania,Forest,7,0,0,41.51095103,-79.23229292,42053.0,96.59169311439214,0.0,7,7,0,0,7,7,7279,0,0,0,0,0
2020-07-26,US,Pennsylvania,Franklin,1191,46,0,39.92956518,-77.72157791,42055.0,768.253272010682,3.8623005877413936,1145,1186,46,0,1140,1176,154835,5,0,0,5,10
2020-07-26,US,Pennsylvania,Fulton,21,2,0,39.92913544,-78.11163677,42057.0,144.52856159669648,9.523809523809524,19,21,2,0,19,20,14523,0,0,0,0,1
2020-07-26,US,Pennsylvania,Greene,98,0,0,39.85746531,-80.22357106,42059.0,270.4716694725803,0.0,98,97,0,0,97,94,36506,1,0,0,1,3
2020-07-26,US,Pennsylvania,Huntingdon,285,4,0,40.42162652,-77.97673273,42061.0,631.3131313131313,1.4035087719298245,281,279,4,0,275,276,45168,6,0,0,6,3
2020-07-26,US,Pennsylvania,Indiana,218,6,0,40.65241041,-79.08963285,42063.0,259.2984668086068,2.7522935779816518,212,206,6,0,200,193,84501,12,0,0,12,13
2020-07-26,US,Pennsylvania,Jefferson,51,1,0,41.12913106,-78.9986361,42065.0,117.44386873920551,1.96078431372549,50,49,1,0,48,48,43641,2,0,0,2,1
2020-07-26,US,Pennsylvania,Juniata,123,6,0,40.53358749,-77.39975129999998,42067.0,496.70879941848716,4.878048780487805,117,122,6,0,116,122,24704,1,0,0,1,0
2020-07-26,US,Pennsylvania,Lackawanna,1854,212,0,41.43564672,-75.60379201,42069.0,884.2298043629636,11.434735706580367,1642,1851,212,0,1639,1845,210793,3,0,0,3,6
2020-07-26,US,Pennsylvania,Lancaster,5311,401,0,40.03904563,-76.24770128,42071.0,973.2025712631296,7.5503671624929405,4910,5263,401,0,4862,5228,543557,48,0,0,48,35
2020-07-26,US,Pennsylvania,Lawrence,288,11,0,40.99206278,-80.33393706,42073.0,336.79483581251753,3.8194444444444446,277,280,11,0,269,272,86184,8,0,0,8,8
2020-07-26,US,Pennsylvania,Lebanon,1544,54,0,40.36680311,-76.45651841,42075.0,1088.911300275754,3.4974093264248705,1490,1541,54,0,1487,1533,141314,3,0,0,3,8
2020-07-26,US,Pennsylvania,Lehigh,4688,335,0,40.6154815,-75.59435245,42077.0,1269.3667787651837,7.145904436860068,4353,4667,334,0,4333,4624,368100,21,1,0,20,43
2020-07-26,US,Pennsylvania,Luzerne,3144,183,0,41.17823008,-75.98447579,42079.0,990.4951530636356,5.820610687022902,2961,3130,183,0,2947,3107,317646,14,0,0,14,23
2020-07-26,US,Pennsylvania,Lycoming,294,20,0,41.34310539,-77.06629984,42081.0,259.49037502537533,6.802721088435375,274,292,20,0,272,290,113664,2,0,0,2,2
2020-07-26,US,Pennsylvania,McKean,26,1,0,41.80938602,-78.56478358,42083.0,64.0,3.8461538461538463,25,26,1,0,25,26,40968,0,0,0,0,0
2020-07-26,US,Pennsylvania,Mercer,296,9,0,41.30248872,-80.25816981,42085.0,270.5073841204854,3.0405405405405403,287,293,9,0,284,289,110683,3,0,0,3,4
2020-07-26,US,Pennsylvania,Mifflin,91,1,0,40.61116939,-77.61070738,42087.0,197.23438380510643,1.0989010989010992,90,89,1,0,88,87,46222,2,0,0,2,2
2020-07-26,US,Pennsylvania,Monroe,1553,121,0,41.05934058,-75.34031025,42089.0,912.0754561845528,7.791371538956858,1432,1551,120,0,1431,1539,169507,2,1,0,1,12
2020-07-26,US,Pennsylvania,Montgomery,9492,844,0,40.21053671,-75.36652296,42091.0,1142.3551145424021,8.891698272229245,8648,9444,844,0,8600,9385,828604,48,0,0,48,59
2020-07-26,US,Pennsylvania,Montour,91,3,0,41.03023987,-76.66345939,42093.0,499.1771804717498,3.2967032967032965,88,89,3,0,86,87,18240,2,0,0,2,2
2020-07-26,US,Pennsylvania,Northampton,3746,289,0,40.75182733,-75.30471829,42095.0,1227.0501334818284,7.71489588894821,3457,3727,289,0,3438,3703,304807,19,0,0,19,24
2020-07-26,US,Pennsylvania,Northumberland,381,11,0,40.84785433,-76.70798222,42097.0,419.40490736765634,2.8871391076115485,370,379,11,0,368,375,91083,2,0,0,2,4
2020-07-26,US,Pennsylvania,Perry,106,5,0,40.40206612,-77.26297447,42099.0,229.0802213001384,4.716981132075472,101,106,5,0,101,105,46139,0,0,0,0,1
2020-07-26,US,Pennsylvania,Philadelphia,29303,1676,0,40.00338507,-75.1379271,42101.0,1849.8621267827561,5.719550899225335,27627,29303,1676,0,27627,29303,1584138,0,0,0,0,0
2020-07-26,US,Pennsylvania,Pike,523,21,0,41.33155042,-75.03208106,42103.0,937.1248364959056,4.0152963671128115,502,521,21,0,500,519,55933,2,0,0,2,2
2020-07-26,US,Pennsylvania,Potter,20,0,0,41.74471626,-77.89559864,42105.0,121.0214207914801,0.0,20,20,0,0,20,20,16622,0,0,0,0,0
2020-07-26,US,Pennsylvania,Schuylkill,848,49,0,40.70497338,-76.2150785,42107.0,599.8910575202144,5.778301886792453,799,843,49,0,794,835,142067,5,0,0,5,8
2020-07-26,US,Pennsylvania,Snyder,87,2,0,40.77129231,-77.06840691,42109.0,215.4958882393738,2.2988505747126435,85,87,2,0,85,86,40540,0,0,0,0,1
2020-07-26,US,Pennsylvania,Somerset,106,2,0,39.97172723,-79.02699593,42111.0,144.32175582392745,1.8867924528301887,104,106,2,0,104,106,73952,0,0,0,0,0
2020-07-26,US,Pennsylvania,Sullivan,10,0,0,41.44634738,-76.51246591,42113.0,164.85328058028355,0.0,10,10,0,0,10,10,6071,0,0,0,0,0
2020-07-26,US,Pennsylvania,Susquehanna,204,26,0,41.82147784,-75.80071959,42115.0,505.8520134893871,12.745098039215687,178,204,26,0,178,203,40589,0,0,0,0,1
2020-07-26,US,Pennsylvania,Tioga,34,2,0,41.77255149,-77.25433032,42117.0,83.76241038653889,5.882352941176472,32,35,2,0,33,34,40763,-1,0,0,-1,1
2020-07-26,US,Pennsylvania,Union,123,2,0,40.96188846,-77.05996014,42119.0,273.8018387017786,1.6260162601626016,121,119,2,0,117,116,44785,4,0,0,4,3
2020-07-26,US,Pennsylvania,Venango,55,0,0,41.40323442,-79.75845449,42121.0,108.54977500592086,0.0,55,53,0,0,53,53,51266,2,0,0,2,0
2020-07-26,US,Pennsylvania,Warren,14,1,0,41.81304978,-79.26969577,42123.0,35.72248730575897,7.142857142857142,13,14,1,0,13,14,39498,0,0,0,0,0
2020-07-26,US,Pennsylvania,Washington,669,10,0,40.19208869,-80.24582867,42125.0,323.3993183960554,1.4947683109118086,659,654,10,0,644,637,207346,15,0,0,15,17
2020-07-26,US,Pennsylvania,Wayne,153,8,0,41.64938475,-75.29956506,42127.0,297.89139619555687,5.2287581699346415,145,152,8,0,144,151,51276,1,0,0,1,1
2020-07-26,US,Pennsylvania,Westmoreland,1302,43,0,40.31377979999999,-79.46615476,42129.0,373.17389846345225,3.302611367127496,1259,1271,43,0,1228,1252,350611,31,0,0,31,19
2020-07-26,US,Pennsylvania,Wyoming,56,7,0,41.51955538,-76.01074915,42131.0,209.00201537657685,12.5,49,56,7,0,49,56,27046,0,0,0,0,0
2020-07-26,US,Pennsylvania,York,2161,80,0,39.9210089,-76.73040131,42133.0,481.2295961768858,3.701989819527996,2081,2152,80,0,2072,2119,448273,9,0,0,9,33
2020-07-26,US,Puerto Rico,Adjuntas,77,0,0,18.180117000000006,-66.754367,72001.0,395.21634245239443,0.0,77,74,0,0,74,73,,3,0,0,3,1
2020-07-26,US,Puerto Rico,Aguada,91,0,0,18.360255,-67.17513100000001,72003.0,216.87838127696082,0.0,91,89,0,0,89,84,,2,0,0,2,5
2020-07-26,US,Puerto Rico,Aguadilla,152,0,0,18.459681,-67.12081500000001,72005.0,249.3888332868464,0.0,152,142,0,0,142,135,,10,0,0,10,7
2020-07-26,US,Puerto Rico,Aguas Buenas,94,0,0,18.251619,-66.126806,72007.0,327.99469625597544,0.0,94,91,0,0,91,87,,3,0,0,3,4
2020-07-26,US,Puerto Rico,Aibonito,70,0,0,18.131361,-66.264131,72009.0,270.27027027027026,0.0,70,67,0,0,67,64,,3,0,0,3,3
2020-07-26,US,Puerto Rico,Anasco,101,0,0,18.287985,-67.120611,72011.0,345.16933802672514,0.0,101,99,0,0,99,97,,2,0,0,2,2
2020-07-26,US,Puerto Rico,Arecibo,227,0,0,18.406631,-66.675077,72013.0,235.37951057652427,0.0,227,224,0,0,224,208,,3,0,0,3,16
2020-07-26,US,Puerto Rico,Arroyo,70,0,0,17.998457000000005,-66.056546,72015.0,357.5989782886335,0.0,70,68,0,0,68,68,,2,0,0,2,0
2020-07-26,US,Puerto Rico,Barceloneta,56,0,0,18.445533,-66.56053100000001,72017.0,225.66086395873631,0.0,56,51,0,0,51,46,,5,0,0,5,5
2020-07-26,US,Puerto Rico,Barranquitas,162,0,0,18.201592,-66.30963,72019.0,534.3360379972294,0.0,162,154,0,0,154,147,,8,0,0,8,7
2020-07-26,US,Puerto Rico,Bayamon,960,0,0,18.34946,-66.168435,72021.0,461.2812085567663,0.0,960,912,0,0,912,864,,48,0,0,48,48
2020-07-26,US,Puerto Rico,Cabo Rojo,156,0,0,18.040993,-67.154391,72023.0,306.3809729559872,0.0,156,152,0,0,152,150,,4,0,0,4,2
2020-07-26,US,Puerto Rico,Caguas,513,0,0,18.211615,-66.050779,72025.0,359.009888517982,0.0,513,486,0,0,486,470,,27,0,0,27,16
2020-07-26,US,Puerto Rico,Camuy,79,0,0,18.418578,-66.860206,72027.0,224.6935350834779,0.0,79,78,0,0,78,75,,1,0,0,1,3
2020-07-26,US,Puerto Rico,Canovanas,258,0,0,18.328802,-65.887612,72029.0,541.4707857622566,0.0,258,247,0,0,247,242,,11,0,0,11,5
2020-07-26,US,Puerto Rico,Carolina,759,0,0,18.374986,-65.95683100000001,72031.0,429.3909324402304,0.0,759,740,0,0,740,698,,19,0,0,19,42
2020-07-26,US,Puerto Rico,Catano,123,0,0,18.437269,-66.14330600000001,72033.0,437.10021321961614,0.0,123,119,0,0,119,112,,4,0,0,4,7
2020-07-26,US,Puerto Rico,Cayey,155,0,0,18.102851,-66.14914,72035.0,322.11808225441087,0.0,155,152,0,0,152,146,,3,0,0,3,6
2020-07-26,US,Puerto Rico,Ceiba,49,0,0,18.251818,-65.666416,72037.0,359.47472672584547,0.0,49,48,0,0,48,46,,1,0,0,1,2
2020-07-26,US,Puerto Rico,Ciales,105,0,0,18.28885,-66.516475,72039.0,559.0458950058567,0.0,105,102,0,0,102,96,,3,0,0,3,6
2020-07-26,US,Puerto Rico,Cidra,123,0,0,18.173559,-66.161179,72041.0,282.8886844526219,0.0,123,119,0,0,119,108,,4,0,0,4,11
2020-07-26,US,Puerto Rico,Coamo,94,0,0,18.097597,-66.36014,72043.0,232.0300157977883,0.0,94,89,0,0,89,83,,5,0,0,5,6
2020-07-26,US,Puerto Rico,Comerio,94,0,0,18.224687,-66.221622,72045.0,452.4015785927424,0.0,94,92,0,0,92,89,,2,0,0,2,3
2020-07-26,US,Puerto Rico,Corozal,116,0,0,18.304264,-66.327738,72047.0,312.31489957460565,0.0,116,107,0,0,107,98,,9,0,0,9,9
2020-07-26,US,Puerto Rico,Culebra,14,0,0,18.31586,-65.28813000000001,72049.0,770.0770077007701,0.0,14,14,0,0,14,13,,0,0,0,0,1
2020-07-26,US,Puerto Rico,Dorado,213,0,0,18.436115,-66.278669,72051.0,558.1029739289926,0.0,213,203,0,0,203,198,,10,0,0,10,5
2020-07-26,US,Puerto Rico,Fajardo,162,0,0,18.318373,-65.666866,72053.0,437.9206876976725,0.0,162,154,0,0,154,152,,8,0,0,8,2
2020-07-26,US,Puerto Rico,Florida,104,0,0,18.373715,-66.560488,72054.0,820.1892744479495,0.0,104,103,0,0,103,102,,1,0,0,1,1
2020-07-26,US,Puerto Rico,Guanica,52,0,0,17.982429,-66.91964300000001,72055.0,267.66870849848146,0.0,52,52,0,0,52,52,,0,0,0,0,0
2020-07-26,US,Puerto Rico,Guayama,118,0,0,18.007516,-66.13390799999999,72057.0,260.12962391428954,0.0,118,114,0,0,114,110,,4,0,0,4,4
2020-07-26,US,Puerto Rico,Guayanilla,109,0,0,18.039942,-66.79186,72059.0,505.0739076039109,0.0,109,97,0,0,97,97,,12,0,0,12,0
2020-07-26,US,Puerto Rico,Guaynabo,622,0,0,18.345114,-66.11452299999999,72061.0,635.1864711408848,0.0,622,605,0,0,605,581,,17,0,0,17,24
2020-07-26,US,Puerto Rico,Gurabo,176,0,0,18.266461,-65.97970500000001,72063.0,387.93008441887633,0.0,176,172,0,0,172,167,,4,0,0,4,5
2020-07-26,US,Puerto Rico,Hatillo,72,0,0,18.410928,-66.79632600000001,72065.0,171.62062307820656,0.0,72,72,0,0,72,71,,0,0,0,0,1
2020-07-26,US,Puerto Rico,Hormigueros,76,0,0,18.134532,-67.113972,72067.0,440.5797101449276,0.0,76,73,0,0,73,71,,3,0,0,3,2
2020-07-26,US,Puerto Rico,Humacao,141,0,0,18.145211,-65.810174,72069.0,241.1658057674546,0.0,141,136,0,0,136,130,,5,0,0,5,6
2020-07-26,US,Puerto Rico,Isabela,99,0,0,18.44981,-67.005093,72071.0,216.95776993710416,0.0,99,97,0,0,97,93,,2,0,0,2,4
2020-07-26,US,Puerto Rico,Jayuya,173,0,0,18.211446,-66.58878,72073.0,1039.5385170051677,0.0,173,172,0,0,172,172,,1,0,0,1,0
2020-07-26,US,Puerto Rico,Juana Diaz,155,0,0,18.050764,-66.49458100000001,72075.0,193.99977470993903,0.0,155,152,0,0,152,146,,3,0,0,3,6
2020-07-26,US,Puerto Rico,Juncos,86,0,0,18.223793,-65.909109,72077.0,213.45246959543312,0.0,86,83,0,0,83,82,,3,0,0,3,1
2020-07-26,US,Puerto Rico,Lajas,66,0,0,18.011661,-67.040585,72079.0,256.2808216518464,0.0,66,63,0,0,63,62,,3,0,0,3,1
2020-07-26,US,Puerto Rico,Lares,116,0,0,18.269035,-66.867236,72081.0,377.1989724579717,0.0,116,111,0,0,111,110,,5,0,0,5,1
2020-07-26,US,Puerto Rico,Las Marias,42,0,0,18.23679,-66.98362,72083.0,425.05819249063865,0.0,42,42,0,0,42,38,,0,0,0,0,4
2020-07-26,US,Puerto Rico,Las Piedras,119,0,0,18.187527,-65.86946800000001,72085.0,307.6923076923077,0.0,119,116,0,0,116,113,,3,0,0,3,3
2020-07-26,US,Puerto Rico,Loiza,71,0,0,18.425688,-65.89943000000001,72087.0,236.19427811044568,0.0,71,69,0,0,69,67,,2,0,0,2,2
2020-07-26,US,Puerto Rico,Luquillo,82,0,0,18.342114,-65.72509699999999,72089.0,408.6107235399642,0.0,82,81,0,0,81,77,,1,0,0,1,4
2020-07-26,US,Puerto Rico,Manati,150,0,0,18.420473,-66.490461,72091.0,340.0358171060685,0.0,150,134,0,0,134,114,,16,0,0,16,20
2020-07-26,US,Puerto Rico,Maricao,39,0,0,18.171795,-66.942126,72093.0,621.414913957935,0.0,39,38,0,0,38,36,,1,0,0,1,2
2020-07-26,US,Puerto Rico,Maunabo,45,0,0,18.017889,-65.922235,72095.0,368.0981595092025,0.0,45,44,0,0,44,41,,1,0,0,1,3
2020-07-26,US,Puerto Rico,Mayaguez,379,0,0,18.2013,-67.1452,72097.0,425.4602604400538,0.0,379,370,0,0,370,355,,9,0,0,9,15
2020-07-26,US,Puerto Rico,Moca,128,0,0,18.377805,-67.080952,72099.0,319.1303697424518,0.0,128,122,0,0,122,113,,6,0,0,6,9
2020-07-26,US,Puerto Rico,Morovis,169,0,0,18.316963,-66.420383,72101.0,518.2459368291935,0.0,169,161,0,0,161,155,,8,0,0,8,6
2020-07-26,US,Puerto Rico,Naguabo,73,0,0,18.230637,-65.753897,72103.0,273.20359281437123,0.0,73,69,0,0,69,65,,4,0,0,4,4
2020-07-26,US,Puerto Rico,Naranjito,176,0,0,18.288019,-66.252703,72105.0,578.9092822840603,0.0,176,151,0,0,151,145,,25,0,0,25,6
2020-07-26,US,Puerto Rico,Orocovis,145,0,0,18.215046,-66.433604,72107.0,619.0496520514025,0.0,145,143,0,0,143,134,,2,0,0,2,9
2020-07-26,US,Puerto Rico,Out of PR,537,0,0,0.0,0.0,72888.0,0.0,0.0,537,534,0,0,534,526,,3,0,0,3,8
2020-07-26,US,Puerto Rico,Patillas,85,0,0,18.03174,-66.012242,72109.0,440.9399802873891,0.0,85,85,0,0,85,85,,0,0,0,0,0
2020-07-26,US,Puerto Rico,Penuelas,51,0,0,18.059645,-66.721572,72111.0,210.0321225599209,0.0,51,50,0,0,50,48,,1,0,0,1,2
2020-07-26,US,Puerto Rico,Ponce,372,0,0,18.059498,-66.613748,72113.0,223.65581054188442,0.0,372,360,0,0,360,350,,12,0,0,12,10
2020-07-26,US,Puerto Rico,Quebradillas,56,0,0,18.439692,-66.926113,72115.0,216.0577182761681,0.0,56,56,0,0,56,55,,0,0,0,0,1
2020-07-26,US,Puerto Rico,Rincon,77,0,0,18.335443,-67.23174,72117.0,506.57894736842087,0.0,77,76,0,0,76,75,,1,0,0,1,1
2020-07-26,US,Puerto Rico,Rio Grande,195,0,0,18.346329,-65.813742,72119.0,359.0895698291102,0.0,195,190,0,0,190,184,,5,0,0,5,6
2020-07-26,US,Puerto Rico,Sabana Grande,101,0,0,18.08282,-66.943758,72121.0,399.76251731644567,0.0,101,98,0,0,98,97,,3,0,0,3,1
2020-07-26,US,Puerto Rico,Salinas,130,0,0,18.010386999999994,-66.256592,72123.0,418.30233605766136,0.0,130,129,0,0,129,128,,1,0,0,1,1
2020-07-26,US,Puerto Rico,San German,116,0,0,18.111484,-67.03858100000001,72125.0,326.512230134827,0.0,116,116,0,0,116,115,,0,0,0,0,1
2020-07-26,US,Puerto Rico,San Juan,2020,0,0,18.386933,-66.061128,72127.0,510.9706925423574,0.0,2020,1923,0,0,1923,1843,,97,0,0,97,80
2020-07-26,US,Puerto Rico,San Lorenzo,117,0,0,18.147987,-65.976392,72129.0,284.9627356422621,0.0,117,110,0,0,110,107,,7,0,0,7,3
2020-07-26,US,Puerto Rico,San Sebastian,154,0,0,18.328646,-66.971214,72131.0,362.9507423992458,0.0,154,151,0,0,151,144,,3,0,0,3,7
2020-07-26,US,Puerto Rico,Santa Isabel,81,0,0,17.994525,-66.388913,72133.0,348.02784222737813,0.0,81,78,0,0,78,76,,3,0,0,3,2
2020-07-26,US,Puerto Rico,Toa Alta,351,0,0,18.362406,-66.246616,72135.0,473.90165528042564,0.0,351,335,0,0,335,307,,16,0,0,16,28
2020-07-26,US,Puerto Rico,Toa Baja,330,0,0,18.431446,-66.213553,72137.0,368.2665803658115,0.0,330,316,0,0,316,308,,14,0,0,14,8
2020-07-26,US,Puerto Rico,Trujillo Alto,338,0,0,18.336159,-65.99888399999999,72139.0,451.6180754122017,0.0,338,324,0,0,324,314,,14,0,0,14,10
2020-07-26,US,Puerto Rico,Unassigned,356,201,0,0.0,0.0,72999.0,0.0,56.46067415730337,155,299,201,0,98,301,,57,0,0,57,-2
2020-07-26,US,Puerto Rico,Utuado,52,0,0,18.271214,-66.702984,72141.0,156.8674771486319,0.0,52,51,0,0,51,47,,1,0,0,1,4
2020-07-26,US,Puerto Rico,Vega Alta,149,0,0,18.409346,-66.33725,72143.0,372.9568721684063,0.0,149,145,0,0,145,136,,4,0,0,4,9
2020-07-26,US,Puerto Rico,Vega Baja,260,0,0,18.428262,-66.397924,72145.0,435.78827394321337,0.0,260,250,0,0,250,239,,10,0,0,10,11
2020-07-26,US,Puerto Rico,Vieques,31,0,0,18.123276,-65.44097099999999,72147.0,333.29749489302225,0.0,31,31,0,0,31,31,,0,0,0,0,0
2020-07-26,US,Puerto Rico,Villalba,69,0,0,18.127951,-66.473115,72149.0,264.64158324703715,0.0,69,69,0,0,69,67,,0,0,0,0,2
2020-07-26,US,Puerto Rico,Yabucoa,79,0,0,18.070399,-65.896289,72151.0,208.2180227194855,0.0,79,74,0,0,74,69,,5,0,0,5,5
2020-07-26,US,Puerto Rico,Yauco,180,0,0,18.080374,-66.858814,72153.0,428.13310182432264,0.0,180,175,0,0,175,167,,5,0,0,5,8
2020-07-26,US,Rhode Island,Bristol,290,0,0,41.71018079,-71.28652315,44001.0,598.1971575321272,0.0,290,290,0,0,290,290,48649,0,0,0,0,0
2020-07-26,US,Rhode Island,Kent,1351,0,0,41.67106337,-71.57641596,44003.0,822.3163635478294,0.0,1351,1351,0,0,1351,1351,163861,0,0,0,0,0
2020-07-26,US,Rhode Island,Newport,365,0,0,41.5642026,-71.26569799,44005.0,444.6772739455666,0.0,365,365,0,0,365,365,82542,0,0,0,0,0
2020-07-26,US,Rhode Island,Providence,14033,0,0,41.87064746,-71.57753536,44007.0,2196.324798765438,0.0,14033,14033,0,0,14033,14033,636084,0,0,0,0,0
2020-07-26,US,Rhode Island,Unassigned,1611,1002,0,0.0,0.0,90044.0,0.0,62.1973929236499,609,1611,1002,0,609,1611,,0,0,0,0,0
2020-07-26,US,Rhode Island,Washington,574,0,0,41.45961631,-71.61435303,44009.0,457.0900722266021,0.0,574,574,0,0,574,574,126179,0,0,0,0,0
2020-07-26,US,South Carolina,Abbeville,270,4,0,34.22333378,-82.46170658,45001.0,1100.8276593142252,1.4814814814814814,266,264,4,0,260,260,24541,6,0,0,6,4
2020-07-26,US,South Carolina,Aiken,1260,23,0,33.54338026,-81.63645384,45003.0,737.3940727562152,1.8253968253968251,1237,1199,23,0,1176,1162,169401,61,0,0,61,37
2020-07-26,US,South Carolina,Allendale,146,3,0,32.98837386,-81.35321066,45005.0,1680.4788213627994,2.054794520547945,143,139,3,0,136,136,8903,7,0,0,7,3
2020-07-26,US,South Carolina,Anderson,1678,36,0,34.51828081,-82.63959517,45007.0,828.4047038379131,2.1454112038140645,1642,1658,35,0,1623,1625,200482,20,1,0,19,33
2020-07-26,US,South Carolina,Bamberg,362,9,0,33.21927586,-81.05659969,45009.0,2573.581686335845,2.4861878453038675,353,358,6,0,352,349,14275,4,3,0,1,9
2020-07-26,US,South Carolina,Barnwell,281,2,0,33.26679302,-81.43584352,45011.0,1346.6883926004025,0.7117437722419929,279,269,2,0,267,252,21112,12,0,0,12,17
2020-07-26,US,South Carolina,Beaufort,2992,35,0,32.39226291,-80.72619758,45013.0,1557.343771145418,1.1697860962566844,2957,2896,34,0,2862,2815,188715,96,1,0,95,81
2020-07-26,US,South Carolina,Berkeley,3452,54,0,33.20222596,-79.94654523,45015.0,1514.6529066680707,1.5643105446118193,3398,3412,53,0,3359,3331,221091,40,1,0,39,81
2020-07-26,US,South Carolina,Calhoun,276,4,0,33.66926881,-80.77722168,45017.0,1896.516182230468,1.4492753623188406,272,259,3,0,256,253,14520,17,1,0,16,6
2020-07-26,US,South Carolina,Charleston,10625,135,0,32.82487866,-79.96512315,45019.0,2582.6069624653023,1.2705882352941176,10490,10503,132,0,10371,10355,405905,122,3,0,119,148
2020-07-26,US,South Carolina,Cherokee,477,19,0,35.05122251,-81.61828622,45021.0,832.460732984293,3.9832285115303994,458,468,19,0,449,448,57078,9,0,0,9,20
2020-07-26,US,South Carolina,Chester,456,7,0,34.69249168,-81.1583216,45023.0,1414.2165984369187,1.5350877192982455,449,439,7,0,432,428,32251,17,0,0,17,11
2020-07-26,US,South Carolina,Chesterfield,612,19,0,34.64137396,-80.15640140000002,45025.0,1340.6352683461114,3.1045751633986933,593,606,19,0,587,597,45754,6,0,0,6,9
2020-07-26,US,South Carolina,Clarendon,677,49,0,33.66610974,-80.21647898,45027.0,2006.2231441695071,7.237813884785821,628,663,49,0,614,655,33700,14,0,0,14,8
2020-07-26,US,South Carolina,Colleton,664,29,0,32.87582989,-80.67641292,45029.0,1762.3483823022002,4.367469879518072,635,657,29,0,628,641,37660,7,0,0,7,16
2020-07-26,US,South Carolina,Darlington,866,28,0,34.33358335,-79.96027485,45031.0,1299.9489627428022,3.233256351039261,838,847,26,0,821,825,66802,19,2,0,17,22
2020-07-26,US,South Carolina,Dillon,499,21,0,34.39007791,-79.37741872,45033.0,1637.1928212867874,4.208416833667335,478,486,21,0,465,480,30599,13,0,0,13,6
2020-07-26,US,South Carolina,Dorchester,2450,32,0,33.0794369,-80.40502652,45035.0,1504.8308140213378,1.3061224489795915,2418,2417,32,0,2385,2375,160647,33,0,0,33,42
2020-07-26,US,South Carolina,Edgefield,228,6,0,33.77221995,-81.96231108,45037.0,836.3903154805575,2.631578947368421,222,218,6,0,212,201,27052,10,0,0,10,17
2020-07-26,US,South Carolina,Fairfield,479,23,0,34.39287073,-81.1195624,45039.0,2143.464447129369,4.801670146137787,456,474,23,0,451,468,22402,5,0,0,5,6
2020-07-26,US,South Carolina,Florence,2477,83,0,34.02361754,-79.70189312,45041.0,1791.124641160435,3.350827614049253,2394,2430,79,0,2351,2367,138159,47,4,0,43,63
2020-07-26,US,South Carolina,Georgetown,1101,16,0,33.43443342,-79.33202141,45043.0,1756.5411614550094,1.4532243415077202,1085,1090,16,0,1074,1072,62249,11,0,0,11,18
2020-07-26,US,South Carolina,Greenville,9361,157,0,34.89502264,-82.37295012,45045.0,1788.0131870986472,1.6771712423886338,9204,9266,155,0,9111,9135,514213,95,2,0,93,131
2020-07-26,US,South Carolina,Greenwood,1130,14,0,34.15272415,-82.12715789,45047.0,1595.797263137083,1.2389380530973448,1116,1115,14,0,1101,1096,70741,15,0,0,15,19
2020-07-26,US,South Carolina,Hampton,263,6,0,32.77419582,-81.13845571,45049.0,1368.223910103007,2.281368821292776,257,249,6,0,243,231,19351,14,0,0,14,18
2020-07-26,US,South Carolina,Horry,7455,105,0,33.9212828,-78.99555293,45051.0,2105.4504477788987,1.4084507042253518,7350,7369,105,0,7264,7300,344147,86,0,0,86,69
2020-07-26,US,South Carolina,Jasper,418,7,0,32.43171982,-81.02487495,45053.0,1389.9511189439029,1.6746411483253592,411,407,7,0,400,401,28971,11,0,0,11,6
2020-07-26,US,South Carolina,Kershaw,1145,21,0,34.33988254,-80.58763164,45055.0,1720.4850415470844,1.8340611353711789,1124,1127,21,0,1106,1106,65592,18,0,0,18,21
2020-07-26,US,South Carolina,Lancaster,918,20,0,34.68270843,-80.70513032,45057.0,936.620005713586,2.178649237472767,898,892,20,0,872,868,95380,26,0,0,26,24
2020-07-26,US,South Carolina,Laurens,1110,30,0,34.48244419,-82.00490796,45059.0,1644.6149971108114,2.702702702702702,1080,1094,28,0,1066,1077,66994,16,2,0,14,17
2020-07-26,US,South Carolina,Lee,435,25,0,34.16393091,-80.25690731,45061.0,2584.977418588068,5.747126436781608,410,427,25,0,402,420,17142,8,0,0,8,7
2020-07-26,US,South Carolina,Lexington,4200,87,0,33.89665987,-81.27146426,45063.0,1405.8577405857739,2.071428571428572,4113,4154,85,0,4069,4076,295032,46,2,0,44,78
2020-07-26,US,South Carolina,Marion,453,12,0,34.07859748,-79.36400756,45067.0,1477.6396907720914,2.6490066225165565,441,444,12,0,432,436,31039,9,0,0,9,8
2020-07-26,US,South Carolina,Marlboro,391,4,0,34.59905577,-79.67561152,45069.0,1497.0518416417794,1.0230179028132993,387,389,4,0,385,384,26398,2,0,0,2,5
2020-07-26,US,South Carolina,McCormick,95,2,0,33.90161443,-82.30794338,45065.0,1003.909965127338,2.1052631578947367,93,93,2,0,91,92,9410,2,0,0,2,1
2020-07-26,US,South Carolina,Newberry,661,7,0,34.28629098,-81.59935761,45071.0,1719.5629552549426,1.059001512859304,654,653,6,0,647,642,38520,8,1,0,7,11
2020-07-26,US,South Carolina,Oconee,647,3,0,34.75225169,-83.06742317,45073.0,813.3658512055918,0.4636785162287481,644,633,3,0,630,632,78374,14,0,0,14,1
2020-07-26,US,South Carolina,Orangeburg,1894,48,0,33.4391073,-80.79886287,45075.0,2197.853205686104,2.5343189017951424,1846,1851,47,0,1804,1808,86934,43,1,0,42,43
2020-07-26,US,South Carolina,Pickens,1563,16,0,34.88807695,-82.72791551,45077.0,1231.8338009520508,1.0236724248240563,1547,1540,16,0,1524,1516,124937,23,0,0,23,24
2020-07-26,US,South Carolina,Richland,7007,127,0,34.01791263,-80.90267209,45079.0,1685.3513694231515,1.8124732410446696,6880,6938,126,0,6812,6845,414576,69,1,0,68,93
2020-07-26,US,South Carolina,Saluda,376,6,0,34.00795823,-81.72713237,45081.0,1836.565232257119,1.5957446808510638,370,371,6,0,365,368,20544,5,0,0,5,3
2020-07-26,US,South Carolina,Spartanburg,3432,75,0,34.92960077,-81.99225984,45083.0,1073.2210704066797,2.185314685314685,3357,3405,74,0,3331,3347,313888,27,1,0,26,58
2020-07-26,US,South Carolina,Sumter,2068,39,0,33.91826534,-80.37942316,45085.0,1937.7629519963266,1.885880077369439,2029,2056,40,0,2016,2037,106512,12,-1,0,13,19
2020-07-26,US,South Carolina,Union,270,1,0,34.68835752,-81.61730349,45087.0,988.4316883877581,0.3703703703703704,269,262,1,0,261,255,27410,8,0,0,8,7
2020-07-26,US,South Carolina,Williamsburg,763,18,0,33.62190129,-79.72767442,45089.0,2512.513171759747,2.3591087811271296,745,729,18,0,711,714,30606,34,0,0,34,15
2020-07-26,US,South Carolina,York,2816,24,0,34.97281497,-81.18085944,45091.0,1002.2101295826378,0.8522727272727273,2792,2792,23,0,2769,2726,274118,24,1,0,23,66
2020-07-26,US,South Dakota,Aurora,37,0,0,43.71757685,-98.56050467,46003.0,1344.9654671028716,0.0,37,37,0,0,37,37,2801,0,0,0,0,0
2020-07-26,US,South Dakota,Beadle,582,9,0,44.41464384,-98.27858469,46005.0,3153.9587059014793,1.5463917525773196,573,580,9,0,571,576,18883,2,0,0,2,4
2020-07-26,US,South Dakota,Bennett,5,0,0,43.19486375,-101.6665572,46007.0,148.5884101040119,0.0,5,5,0,0,5,5,3468,0,0,0,0,0
2020-07-26,US,South Dakota,Bon Homme,13,0,0,42.98914167,-97.88592746,46009.0,188.37849587016373,0.0,13,13,0,0,13,13,6980,0,0,0,0,0
2020-07-26,US,South Dakota,Brookings,111,0,0,44.36974375,-96.79079945,46011.0,316.44667445904724,0.0,111,108,0,0,108,108,35232,3,0,0,3,0
2020-07-26,US,South Dakota,Brown,379,2,0,45.58994323,-98.35165355,46013.0,975.8232704240584,0.5277044854881267,377,374,2,0,372,373,39316,5,0,0,5,1
2020-07-26,US,South Dakota,Brule,38,0,0,43.71756379,-99.08118954,46015.0,717.3872003020577,0.0,38,38,0,0,38,38,5229,0,0,0,0,0
2020-07-26,US,South Dakota,Buffalo,105,3,0,44.07657829,-99.20814467,46017.0,5351.681957186544,2.8571428571428568,102,105,3,0,102,104,2036,0,0,0,0,1
2020-07-26,US,South Dakota,Butte,8,1,0,44.90608745,-103.5079318,46019.0,76.7091763352191,12.5,7,8,1,0,7,8,10222,0,0,0,0,0
2020-07-26,US,South Dakota,Campbell,1,0,0,45.77074915,-100.0510181,46021.0,72.67441860465118,0.0,1,1,0,0,1,1,1377,0,0,0,0,0
2020-07-26,US,South Dakota,Charles Mix,99,0,0,43.20660134,-98.58856175,46023.0,1065.4326302195436,0.0,99,99,0,0,99,99,9338,0,0,0,0,0
2020-07-26,US,South Dakota,Clark,16,0,0,44.85834507,-97.72925109,46025.0,428.2655246252677,0.0,16,16,0,0,16,16,3739,0,0,0,0,0
2020-07-26,US,South Dakota,Clay,106,0,0,42.91296147,-96.97656917,46027.0,753.3759772565743,0.0,106,104,0,0,104,103,14041,2,0,0,2,1
2020-07-26,US,South Dakota,Codington,111,0,0,44.97788119,-97.18827677,46029.0,396.3011889035666,0.0,111,109,0,0,109,109,28015,2,0,0,2,0
2020-07-26,US,South Dakota,Corson,24,0,0,45.70889983,-101.1970473,46031.0,587.3715124816448,0.0,24,24,0,0,24,24,4165,0,0,0,0,0
2020-07-26,US,South Dakota,Custer,11,0,0,43.67741105,-103.45345209999999,46033.0,122.60365581810076,0.0,11,11,0,0,11,11,8726,0,0,0,0,0
2020-07-26,US,South Dakota,Davison,81,0,0,43.67490933,-98.14458906,46035.0,409.60809102402015,0.0,81,78,0,0,78,76,19790,3,0,0,3,2
2020-07-26,US,South Dakota,Day,21,0,0,45.367281,-97.60737498,46037.0,387.1681415929203,0.0,21,21,0,0,21,20,5505,0,0,0,0,1
2020-07-26,US,South Dakota,Deuel,7,0,0,44.75994309,-96.66943645,46039.0,160.88255573431394,0.0,7,7,0,0,7,6,4337,0,0,0,0,1
2020-07-26,US,South Dakota,Dewey,53,0,0,45.15639647,-100.8709139,46041.0,899.5247793618463,0.0,53,53,0,0,53,52,5904,0,0,0,0,1
2020-07-26,US,South Dakota,Douglas,16,0,0,43.38520741,-98.36978007,46043.0,547.757617254365,0.0,16,16,0,0,16,16,2935,0,0,0,0,0
2020-07-26,US,South Dakota,Edmunds,10,0,0,45.41846445,-99.21545423,46045.0,261.1647949856359,0.0,10,10,0,0,10,10,3875,0,0,0,0,0
2020-07-26,US,South Dakota,Fall River,14,0,0,43.23929297,-103.5275691,46047.0,208.5505735140772,0.0,14,14,0,0,14,14,6758,0,0,0,0,0
2020-07-26,US,South Dakota,Faulk,26,1,0,45.07082625,-99.14535601,46049.0,1130.9264897781645,3.8461538461538463,25,26,1,0,25,25,2330,0,0,0,0,1
2020-07-26,US,South Dakota,Grant,18,0,0,45.1723937,-96.77002276,46051.0,255.24673851389682,0.0,18,18,0,0,18,18,7147,0,0,0,0,0
2020-07-26,US,South Dakota,Gregory,6,0,0,43.19419064,-99.18883902,46053.0,143.36917562724008,0.0,6,6,0,0,6,6,4212,0,0,0,0,0
2020-07-26,US,South Dakota,Haakon,1,0,0,44.29299053,-101.539099,46055.0,52.6592943654555,0.0,1,1,0,0,1,1,1918,0,0,0,0,0
2020-07-26,US,South Dakota,Hamlin,14,0,0,44.67385954,-97.18829593,46057.0,227.125243348475,0.0,14,14,0,0,14,14,6111,0,0,0,0,0
2020-07-26,US,South Dakota,Hand,7,0,0,44.54708407,-99.00386459,46059.0,219.36696960200558,0.0,7,7,0,0,7,7,3262,0,0,0,0,0
2020-07-26,US,South Dakota,Hanson,16,0,0,43.6746384,-97.78715148,46061.0,463.3651896901245,0.0,16,16,0,0,16,15,3376,0,0,0,0,1
2020-07-26,US,South Dakota,Hughes,83,2,0,44.39091534,-99.99661148,46065.0,473.5821065845031,2.409638554216868,81,82,2,0,80,81,17650,1,0,0,1,1
2020-07-26,US,South Dakota,Hutchinson,24,0,0,43.33449012,-97.75536441,46067.0,329.1729529556988,0.0,24,23,0,0,23,21,7380,1,0,0,1,2
2020-07-26,US,South Dakota,Hyde,3,0,0,44.54747703,-99.48572582,46069.0,230.59185242121444,0.0,3,3,0,0,3,3,1282,0,0,0,0,0
2020-07-26,US,South Dakota,Jackson,7,1,0,43.69318385,-101.6255063,46071.0,209.33014354066987,14.285714285714285,6,7,1,0,6,7,3307,0,0,0,0,0
2020-07-26,US,South Dakota,Jerauld,39,1,0,44.06637798,-98.62965972,46073.0,1937.4068554396426,2.5641025641025643,38,39,1,0,38,39,2043,0,0,0,0,0
2020-07-26,US,South Dakota,Jones,1,0,0,43.96278565,-100.6940008,46075.0,110.74197120708747,0.0,1,1,0,0,1,1,928,0,0,0,0,0
2020-07-26,US,South Dakota,Kingsbury,10,0,0,44.36956169,-97.4913945,46077.0,202.47013565499088,0.0,10,10,0,0,10,9,4919,0,0,0,0,1
2020-07-26,US,South Dakota,Lake,66,2,0,44.02193107,-97.12926365,46079.0,515.7458779401422,3.0303030303030303,64,63,2,0,61,57,13057,3,0,0,3,6
2020-07-26,US,South Dakota,Lawrence,25,0,0,44.35919441,-103.79294279999999,46081.0,96.73425166382911,0.0,25,25,0,0,25,25,25741,0,0,0,0,0
2020-07-26,US,South Dakota,Lincoln,481,1,0,43.27841182,-96.72039050000001,46083.0,786.8734458840466,0.2079002079002079,480,467,1,0,466,448,58807,14,0,0,14,19
2020-07-26,US,South Dakota,Lyman,84,1,0,43.89522709,-99.85201878,46085.0,2221.6344882306266,1.1904761904761905,83,84,1,0,83,84,3821,0,0,0,0,0
2020-07-26,US,South Dakota,Marshall,8,0,0,45.75870838,-97.59855639,46091.0,162.10739614994938,0.0,8,8,0,0,8,6,5112,0,0,0,0,2
2020-07-26,US,South Dakota,McCook,23,1,0,43.6742571,-97.36863144,46087.0,411.7436448263516,4.3478260869565215,22,23,1,0,22,23,5546,0,0,0,0,0
2020-07-26,US,South Dakota,McPherson,6,0,0,45.76626028,-99.22118798,46089.0,252.20680958385879,0.0,6,6,0,0,6,6,2407,0,0,0,0,0
2020-07-26,US,South Dakota,Meade,65,1,0,44.56676791,-102.71627409999999,46093.0,229.42256106169705,1.5384615384615383,64,63,1,0,62,64,28294,2,0,0,2,-1
2020-07-26,US,South Dakota,Mellette,21,0,0,43.58078848,-100.7563186,46095.0,1018.9228529839884,0.0,21,21,0,0,21,21,2042,0,0,0,0,0
2020-07-26,US,South Dakota,Miner,12,0,0,44.02197882,-97.60992207,46097.0,541.5162454873647,0.0,12,11,0,0,11,11,2213,1,0,0,1,0
2020-07-26,US,South Dakota,Minnehaha,4018,62,0,43.67441641,-96.7910885,46099.0,2080.420847701596,1.5430562468889994,3956,3983,62,0,3921,3941,192876,35,0,0,35,42
2020-07-26,US,South Dakota,Moody,28,0,0,44.02266214,-96.67081159,46101.0,425.7907542579076,0.0,28,27,0,0,27,26,6579,1,0,0,1,1
2020-07-26,US,South Dakota,Oglala Lakota,134,1,0,43.33749164,-102.55554980000001,46102.0,945.1929181067927,0.746268656716418,133,132,1,0,131,131,14309,2,0,0,2,1
2020-07-26,US,South Dakota,Pennington,778,26,0,44.0025835,-102.8240777,46103.0,683.8057569764887,3.341902313624679,752,774,26,0,748,767,111729,4,0,0,4,7
2020-07-26,US,South Dakota,Perkins,4,0,0,45.49049506,-102.47555859999999,46105.0,139.61605584642234,0.0,4,4,0,0,4,4,2922,0,0,0,0,0
2020-07-26,US,South Dakota,Potter,1,0,0,45.06583079,-99.95498503,46107.0,46.44681839294008,0.0,1,1,0,0,1,1,2207,0,0,0,0,0
2020-07-26,US,South Dakota,Roberts,63,0,0,45.62975048,-96.94672673,46109.0,606.1189147585145,0.0,63,63,0,0,63,62,10447,0,0,0,0,1
2020-07-26,US,South Dakota,Sanborn,13,0,0,44.02351092,-98.09098159999999,46111.0,554.6075085324234,0.0,13,12,0,0,12,12,2429,1,0,0,1,0
2020-07-26,US,South Dakota,Spink,18,0,0,44.93837606,-98.34626602,46115.0,282.3086574654956,0.0,18,18,0,0,18,18,6495,0,0,0,0,0
2020-07-26,US,South Dakota,Stanley,14,0,0,44.41381872,-100.7349153,46117.0,451.9044544867656,0.0,14,14,0,0,14,14,3022,0,0,0,0,0
2020-07-26,US,South Dakota,Sully,1,0,0,44.71571812,-100.1278092,46119.0,71.89072609633357,0.0,1,1,0,0,1,1,1392,0,0,0,0,0
2020-07-26,US,South Dakota,Todd,66,3,0,43.19338568,-100.71955030000001,46121.0,648.5211751989781,4.545454545454546,63,66,3,0,63,66,10283,0,0,0,0,0
2020-07-26,US,South Dakota,Tripp,20,0,0,43.34459388,-99.8854891,46123.0,367.5794890645102,0.0,20,20,0,0,20,19,5478,0,0,0,0,1
2020-07-26,US,South Dakota,Turner,43,0,0,43.3109081,-97.14865776,46125.0,512.8816793893129,0.0,43,42,0,0,42,39,8424,1,0,0,1,3
2020-07-26,US,South Dakota,Unassigned,0,1,0,0.0,0.0,90046.0,0.0,0.0,-1,,,,,,,,,,,
2020-07-26,US,South Dakota,Union,175,2,0,42.83112163,-96.6557828,46127.0,1098.4182776801406,1.1428571428571428,173,172,2,0,170,171,15619,3,0,0,3,1
2020-07-26,US,South Dakota,Walworth,18,0,0,45.43019636,-100.03075140000001,46129.0,331.1867525298988,0.0,18,18,0,0,18,18,5587,0,0,0,0,0
2020-07-26,US,South Dakota,Yankton,100,2,0,43.00924485,-97.39467635,46135.0,438.3273428596476,2.0,98,96,2,0,94,96,22869,4,0,0,4,0
2020-07-26,US,South Dakota,Ziebach,7,0,0,44.97881876,-101.6654622,46137.0,253.9912917271408,0.0,7,7,0,0,7,3,2742,0,0,0,0,4
2020-07-26,US,Tennessee,Anderson,430,4,0,36.12684348,-84.19965764,47001.0,558.6011587726364,0.9302325581395348,426,396,4,0,392,389,76482,34,0,0,34,7
2020-07-26,US,Tennessee,Bedford,763,10,0,35.51123746,-86.45549096,47003.0,1534.8098082996398,1.3106159895150722,753,741,10,0,731,723,49038,22,0,0,22,18
2020-07-26,US,Tennessee,Benton,47,1,0,36.07110411,-88.06849355,47005.0,290.8415841584158,2.127659574468085,46,44,1,0,43,38,16184,3,0,0,3,6
2020-07-26,US,Tennessee,Bledsoe,648,1,0,35.59942968,-85.20611967,47007.0,4301.646309081253,0.15432098765432098,647,647,1,0,646,646,14755,1,0,0,1,1
2020-07-26,US,Tennessee,Blount,784,7,0,35.68938198,-83.92847788,47009.0,589.0839144025006,0.8928571428571429,777,756,7,0,749,728,131349,28,0,0,28,28
2020-07-26,US,Tennessee,Bradley,1449,9,0,35.15739424,-84.857186,47011.0,1340.3015447229673,0.6211180124223602,1440,1390,9,0,1381,1359,106727,59,0,0,59,31
2020-07-26,US,Tennessee,Campbell,144,1,0,36.40355516,-84.15108559999999,47013.0,361.4276391747402,0.6944444444444444,143,132,1,0,131,122,39583,12,0,0,12,10
2020-07-26,US,Tennessee,Cannon,90,0,0,35.80990797,-86.05738983,47015.0,613.1625562065676,0.0,90,88,0,0,88,87,14462,2,0,0,2,1
2020-07-26,US,Tennessee,Carroll,128,2,0,35.97366108,-88.45189331,47017.0,460.97885979760144,1.5625,126,121,2,0,119,109,28020,7,0,0,7,12
2020-07-26,US,Tennessee,Carter,301,3,0,36.28969086,-82.12588974,47019.0,533.7731198240854,0.9966777408637874,298,274,3,0,271,266,56351,27,0,0,27,8
2020-07-26,US,Tennessee,Cheatham,446,4,0,36.26136216,-87.08903581,47021.0,1096.7123220301473,0.8968609865470852,442,418,4,0,414,412,40439,28,0,0,28,6
2020-07-26,US,Tennessee,Chester,146,0,0,35.42527478,-88.6095842,47023.0,844.0770075735678,0.0,146,136,0,0,136,133,17276,10,0,0,10,3
2020-07-26,US,Tennessee,Claiborne,157,0,0,36.48319149,-83.65947309,47025.0,491.2544197252729,0.0,157,152,0,0,152,143,31756,5,0,0,5,9
2020-07-26,US,Tennessee,Clay,41,0,0,36.55151008,-85.53930419,47027.0,538.4110308601445,0.0,41,41,0,0,41,41,7717,0,0,0,0,0
2020-07-26,US,Tennessee,Cocke,289,1,0,35.9278914,-83.11828725,47029.0,802.6885901566493,0.3460207612456747,288,265,1,0,264,258,35774,24,0,0,24,7
2020-07-26,US,Tennessee,Coffee,291,0,0,35.49090731,-86.07311784,47031.0,514.8619957537155,0.0,291,261,0,0,261,234,55700,30,0,0,30,27
2020-07-26,US,Tennessee,Crockett,150,3,0,35.81830662,-89.14916269,47033.0,1054.1110330288125,2.0,147,141,3,0,138,138,14328,9,0,0,9,3
2020-07-26,US,Tennessee,Cumberland,300,6,0,35.95271721,-84.99840585,47035.0,495.7038995373432,2.0,294,290,6,0,284,287,59673,10,0,0,10,3
2020-07-26,US,Tennessee,Davidson,17836,186,0,36.17007426,-86.78646056,47037.0,2569.4956666052,1.042834716304104,17650,17493,186,0,17307,17180,692587,343,0,0,343,313
2020-07-26,US,Tennessee,DeKalb,204,1,0,35.97616272,-85.83689361,47041.0,995.6076134699854,0.4901960784313725,203,198,1,0,197,195,20138,6,0,0,6,3
2020-07-26,US,Tennessee,Decatur,94,0,0,35.60048904,-88.11043779,47039.0,805.9675898139418,0.0,94,89,0,0,89,88,11706,5,0,0,5,1
2020-07-26,US,Tennessee,Dickson,491,0,0,36.14669837,-87.35891709,47043.0,910.1356862163564,0.0,491,471,0,0,471,447,53446,20,0,0,20,24
2020-07-26,US,Tennessee,Dyer,436,5,0,36.05931946,-89.41542855,47045.0,1173.336203880621,1.1467889908256879,431,424,5,0,419,416,37320,12,0,0,12,8
2020-07-26,US,Tennessee,Fayette,525,8,0,35.19615831,-89.41399032,47047.0,1276.3474582452045,1.5238095238095235,517,519,8,0,511,512,40507,6,0,0,6,7
2020-07-26,US,Tennessee,Fentress,50,0,0,36.38128818,-84.92870012,47049.0,269.9346758084544,0.0,50,49,0,0,49,48,18217,1,0,0,1,1
2020-07-26,US,Tennessee,Franklin,203,3,0,35.15634626,-86.09201039,47051.0,480.9514783927218,1.477832512315271,200,188,3,0,185,180,41890,15,0,0,15,8
2020-07-26,US,Tennessee,Gibson,409,1,0,35.99438059,-88.93358327,47053.0,832.4344127165042,0.2444987775061125,408,379,1,0,378,360,49045,30,0,0,30,19
2020-07-26,US,Tennessee,Giles,268,5,0,35.20222469,-87.03992678,47055.0,909.5845777898453,1.8656716417910448,263,256,5,0,251,242,29503,12,0,0,12,14
2020-07-26,US,Tennessee,Grainger,101,0,0,36.27469206,-83.51254721,47057.0,433.10463121783874,0.0,101,98,0,0,98,98,23145,3,0,0,3,0
2020-07-26,US,Tennessee,Greene,284,5,0,36.17470125,-82.84691273,47059.0,411.18301987867204,1.7605633802816902,279,261,5,0,256,248,69087,23,0,0,23,13
2020-07-26,US,Tennessee,Grundy,85,2,0,35.38433717,-85.72142731,47061.0,633.0528040515378,2.3529411764705883,83,78,2,0,76,78,13346,7,0,0,7,0
2020-07-26,US,Tennessee,Hamblen,883,10,0,36.21990035,-83.26586179,47063.0,1359.8423014137434,1.1325028312570782,873,852,9,0,843,827,64569,31,1,0,30,25
2020-07-26,US,Tennessee,Hamilton,5055,43,0,35.17670231,-85.16652245,47065.0,1374.3733075224848,0.8506429277942631,5012,4900,43,0,4857,4720,364286,155,0,0,155,180
2020-07-26,US,Tennessee,Hancock,64,0,0,36.52692871,-83.22375847,47067.0,966.7673716012083,0.0,64,56,0,0,56,52,6549,8,0,0,8,4
2020-07-26,US,Tennessee,Hardeman,670,11,0,35.20772017,-88.99161161,47069.0,2674.6506986027944,1.6417910447761197,659,647,11,0,636,638,25220,23,0,0,23,9
2020-07-26,US,Tennessee,Hardin,299,7,0,35.19732531,-88.18593755,47071.0,1165.601122719476,2.34113712374582,292,282,7,0,275,270,25776,17,0,0,17,12
2020-07-26,US,Tennessee,Hawkins,211,2,0,36.44355426,-82.94885298,47073.0,371.57045750713206,0.9478672985781992,209,187,2,0,185,175,56530,24,0,0,24,12
2020-07-26,US,Tennessee,Haywood,260,4,0,35.58332824,-89.28536625,47075.0,1502.542764678687,1.5384615384615383,256,236,4,0,232,229,17335,24,0,0,24,7
2020-07-26,US,Tennessee,Henderson,313,0,0,35.65581134,-88.38600175,47077.0,1113.2055340185652,0.0,313,286,0,0,286,273,27847,27,0,0,27,13
2020-07-26,US,Tennessee,Henry,106,1,0,36.33160906,-88.30121797,47079.0,327.7168032153346,0.9433962264150944,105,95,1,0,94,91,32358,11,0,0,11,4
2020-07-26,US,Tennessee,Hickman,173,0,0,35.80609681,-87.47643507,47081.0,687.107792517277,0.0,173,167,0,0,167,164,25063,6,0,0,6,3
2020-07-26,US,Tennessee,Houston,41,0,0,36.28872054,-87.71878828,47083.0,499.93903182538713,0.0,41,39,0,0,39,36,8263,2,0,0,2,3
2020-07-26,US,Tennessee,Humphreys,73,3,0,36.03958805,-87.77992872,47085.0,392.8532988914003,4.109589041095891,70,71,3,0,68,67,18486,2,0,0,2,4
2020-07-26,US,Tennessee,Jackson,97,0,0,36.36380466,-85.67239905,47087.0,823.0103512642117,0.0,97,93,0,0,93,93,11758,4,0,0,4,0
2020-07-26,US,Tennessee,Jefferson,363,2,0,36.04818632,-83.45148924,47089.0,666.1161574456373,0.5509641873278237,361,344,2,0,342,330,54012,19,0,0,19,14
2020-07-26,US,Tennessee,Johnson,63,0,0,36.45523950000001,-81.84886538,47091.0,354.1713514729032,0.0,63,59,0,0,59,57,17778,4,0,0,4,2
2020-07-26,US,Tennessee,Knox,3100,23,0,35.99508821,-83.94635435,47093.0,659.1355118825123,0.7419354838709677,3077,2959,23,0,2936,2844,465289,141,0,0,141,115
2020-07-26,US,Tennessee,Lake,710,0,0,36.34180170000001,-89.48921915,47095.0,10119.726339794755,0.0,710,706,0,0,706,704,7411,4,0,0,4,2
2020-07-26,US,Tennessee,Lauderdale,327,6,0,35.75893438,-89.63015909999999,47097.0,1275.6992938789842,1.834862385321101,321,313,6,0,307,302,25825,14,0,0,14,11
2020-07-26,US,Tennessee,Lawrence,375,6,0,35.21675201,-87.39787695,47099.0,849.5310588555118,1.6,369,353,6,0,347,342,43734,22,0,0,22,11
2020-07-26,US,Tennessee,Lewis,33,1,0,35.52853208,-87.49022694,47101.0,268.99250081512884,3.0303030303030303,32,29,1,0,28,25,12086,4,0,0,4,4
2020-07-26,US,Tennessee,Lincoln,186,1,0,35.13738622,-86.58910106,47103.0,541.2326136297503,0.5376344086021505,185,181,1,0,180,170,34117,5,0,0,5,11
2020-07-26,US,Tennessee,Loudon,515,3,0,35.73939663,-84.31145275,47105.0,952.5042539024932,0.5825242718446602,512,503,3,0,500,493,53054,12,0,0,12,10
2020-07-26,US,Tennessee,Macon,762,11,0,36.53157855,-86.00778595,47111.0,3097.30916185676,1.4435695538057742,751,761,11,0,750,753,24265,1,0,0,1,8
2020-07-26,US,Tennessee,Madison,611,10,0,35.61181957,-88.84076036,47113.0,623.5711952971914,1.6366612111292962,601,585,10,0,575,577,97605,26,0,0,26,8
2020-07-26,US,Tennessee,Marion,172,4,0,35.12997174,-85.62265895,47115.0,595.0115888885044,2.3255813953488373,168,153,4,0,149,148,28575,19,0,0,19,5
2020-07-26,US,Tennessee,Marshall,209,2,0,35.45798777,-86.76420988,47117.0,608.0,0.9569377990430622,207,193,2,0,191,188,33683,16,0,0,16,5
2020-07-26,US,Tennessee,Maury,881,4,0,35.618741299999996,-87.07462444,47119.0,914.0236753919096,0.4540295119182747,877,821,4,0,817,792,94340,60,0,0,60,29
2020-07-26,US,Tennessee,McMinn,423,20,0,35.42812616,-84.61520715,47107.0,786.3330482953488,4.728132387706856,403,413,20,0,393,402,53285,10,0,0,10,11
2020-07-26,US,Tennessee,McNairy,235,2,0,35.17468549,-88.5647812,47109.0,914.6104148828521,0.851063829787234,233,216,2,0,214,206,25832,19,0,0,19,10
2020-07-26,US,Tennessee,Meigs,76,0,0,35.51558739,-84.81482914,47121.0,611.8177427145388,0.0,76,66,0,0,66,62,12306,10,0,0,10,4
2020-07-26,US,Tennessee,Monroe,257,7,0,35.44550387,-84.24902965,47123.0,552.1538296272423,2.723735408560312,250,252,7,0,245,239,46357,5,0,0,5,13
2020-07-26,US,Tennessee,Montgomery,1439,9,0,36.49609412,-87.38550661,47125.0,688.5398075533632,0.6254343293954134,1430,1350,9,0,1341,1325,205950,89,0,0,89,25
2020-07-26,US,Tennessee,Moore,36,0,0,35.27724699,-86.36230578,47127.0,554.8705302096179,0.0,36,35,0,0,35,35,6411,1,0,0,1,0
2020-07-26,US,Tennessee,Morgan,55,1,0,36.13248031,-84.64880098,47129.0,256.9733214969864,1.818181818181818,54,51,1,0,50,50,21579,4,0,0,4,1
2020-07-26,US,Tennessee,Obion,276,4,0,36.35732446,-89.14921589,47131.0,917.8888556320463,1.4492753623188406,272,245,4,0,241,241,30267,31,0,0,31,4
2020-07-26,US,Tennessee,Out of TN,2625,12,0,0.0,0.0,80047.0,0.0,0.4571428571428571,2613,2365,11,0,2354,2423,,260,1,0,259,-58
2020-07-26,US,Tennessee,Overton,107,1,0,36.34117832,-85.28989535,47133.0,481.0934760127691,0.9345794392523364,106,106,1,0,105,102,22068,1,0,0,1,4
2020-07-26,US,Tennessee,Perry,60,0,0,35.63708728,-87.86139634,47135.0,742.9420505200594,0.0,60,58,0,0,58,57,8064,2,0,0,2,1
2020-07-26,US,Tennessee,Pickett,18,1,0,36.55606529,-85.07763299999998,47137.0,356.5768621236133,5.5555555555555545,17,17,1,0,16,16,5082,1,0,0,1,1
2020-07-26,US,Tennessee,Polk,105,0,0,35.12245443,-84.52075859,47139.0,623.8117870722433,0.0,105,93,0,0,93,89,16898,12,0,0,12,4
2020-07-26,US,Tennessee,Putnam,1361,11,0,36.14005459,-85.50646123,47141.0,1696.0558290236152,0.8082292432035268,1350,1349,11,0,1338,1336,78843,12,0,0,12,13
2020-07-26,US,Tennessee,Rhea,444,1,0,35.60536161,-84.93076643,47143.0,1338.6800132661983,0.22522522522522526,443,434,1,0,433,418,33044,10,0,0,10,16
2020-07-26,US,Tennessee,Roane,230,1,0,35.84923189,-84.52458689,47145.0,430.8568431306433,0.43478260869565216,229,208,1,0,207,196,53140,22,0,0,22,12
2020-07-26,US,Tennessee,Robertson,1278,16,0,36.52454807,-86.87346725,47147.0,1779.622073997744,1.2519561815336464,1262,1236,16,0,1220,1225,71012,42,0,0,42,11
2020-07-26,US,Tennessee,Rutherford,5389,47,0,35.84591405,-86.4107263,47149.0,1621.8005627699113,0.8721469660419373,5342,5202,47,0,5155,5127,324890,187,0,0,187,75
2020-07-26,US,Tennessee,Scott,50,0,0,36.42325673,-84.50360494,47151.0,226.5724125430488,0.0,50,46,0,0,46,43,22039,4,0,0,4,3
2020-07-26,US,Tennessee,Sequatchie,79,0,0,35.36979721,-85.41022136,47153.0,525.7553573805404,0.0,79,72,0,0,72,71,14876,7,0,0,7,1
2020-07-26,US,Tennessee,Sevier,1357,4,0,35.78077323,-83.52244332,47155.0,1381.1704834605594,0.2947678703021371,1353,1330,4,0,1326,1302,97892,27,0,0,27,28
2020-07-26,US,Tennessee,Shelby,18331,267,0,35.1864775,-89.89692423,47157.0,1956.0035255226928,1.4565490153292238,18064,17944,265,0,17679,17693,935764,387,2,0,385,251
2020-07-26,US,Tennessee,Smith,285,2,0,36.25359775,-85.95411046,47159.0,1413.9008781068612,0.7017543859649122,283,278,2,0,276,274,19942,7,0,0,7,4
2020-07-26,US,Tennessee,Stewart,58,0,0,36.50235092,-87.83920548,47161.0,422.8946409041196,0.0,58,54,0,0,54,54,13561,4,0,0,4,0
2020-07-26,US,Tennessee,Sullivan,585,6,0,36.51240691,-82.30412917,47163.0,369.4394624497942,1.0256410256410255,579,539,6,0,533,526,157668,46,0,0,46,13
2020-07-26,US,Tennessee,Sumner,2889,67,0,36.46824103,-86.45917204,47165.0,1510.327629742319,2.31914157147802,2822,2833,67,0,2766,2790,187149,56,0,0,56,43
2020-07-26,US,Tennessee,Tipton,931,8,0,35.501942,-89.73694895,47167.0,1511.3881718859072,0.8592910848549946,923,912,8,0,904,899,61581,19,0,0,19,13
2020-07-26,US,Tennessee,Trousdale,1559,6,0,36.39026213,-86.16087954,47169.0,13816.022686990427,0.38486209108402825,1553,1559,6,0,1553,1560,11012,0,0,0,0,-1
2020-07-26,US,Tennessee,Unassigned,2847,3,0,0.0,0.0,90047.0,0.0,0.1053740779768177,2844,2704,4,0,2700,2714,,143,-1,0,144,-10
2020-07-26,US,Tennessee,Unicoi,98,0,0,36.10890856,-82.43709629,47171.0,548.0064866073925,0.0,98,92,0,0,92,84,17761,6,0,0,6,8
2020-07-26,US,Tennessee,Union,77,0,0,36.28590426,-83.83651902,47173.0,385.5397556579212,0.0,77,76,0,0,76,73,19688,1,0,0,1,3
2020-07-26,US,Tennessee,Van Buren,22,0,0,35.69864497,-85.45221699,47175.0,374.6594005449591,0.0,22,21,0,0,21,20,5765,1,0,0,1,1
2020-07-26,US,Tennessee,Warren,293,3,0,35.672829899999996,-85.77969117,47177.0,709.838408799089,1.023890784982935,290,282,3,0,279,267,40878,11,0,0,11,15
2020-07-26,US,Tennessee,Washington,694,0,0,36.29472368,-82.49454720000001,47179.0,536.4251207729468,0.0,694,626,0,0,626,577,128607,68,0,0,68,49
2020-07-26,US,Tennessee,Wayne,183,1,0,35.23868267,-87.78644456,47181.0,1097.5829184909737,0.5464480874316939,182,178,1,0,177,174,16558,5,0,0,5,4
2020-07-26,US,Tennessee,Weakley,149,1,0,36.29896232,-88.71990865,47183.0,447.0715314450312,0.6711409395973155,148,133,1,0,132,128,33415,16,0,0,16,5
2020-07-26,US,Tennessee,White,157,3,0,35.92929884,-85.45591799,47185.0,574.1451819345401,1.9108280254777068,154,152,3,0,149,150,27107,5,0,0,5,2
2020-07-26,US,Tennessee,Williamson,2896,21,0,35.89099229,-86.89281867,47187.0,1214.7039578544704,0.7251381215469613,2875,2812,21,0,2791,2788,231729,84,0,0,84,24
2020-07-26,US,Tennessee,Wilson,1840,20,0,36.15496772,-86.29775884,47189.0,1271.9743946024046,1.0869565217391304,1820,1790,20,0,1770,1777,140625,50,0,0,50,13
2020-07-26,US,Texas,Anderson,2140,4,0,31.81534745,-95.65354823,48001.0,3706.590456395601,0.18691588785046728,2136,2140,4,0,2136,2116,58057,0,0,0,0,24
2020-07-26,US,Texas,Andrews,225,4,0,32.30468633,-102.63765479999999,48003.0,1202.8869286287088,1.7777777777777777,221,225,4,0,221,219,18128,0,0,0,0,6
2020-07-26,US,Texas,Angelina,1405,14,0,31.25457347,-94.60901487,48005.0,1620.2502450556424,0.99644128113879,1391,1405,14,0,1391,1383,87092,0,0,0,0,22
2020-07-26,US,Texas,Aransas,126,0,0,28.10556197,-96.9995047,48007.0,535.9421522756273,0.0,126,123,0,0,123,116,23792,3,0,0,3,7
2020-07-26,US,Texas,Archer,15,0,0,33.61569967,-98.68754589,48009.0,175.377060680463,0.0,15,15,0,0,15,13,8786,0,0,0,0,2
2020-07-26,US,Texas,Armstrong,4,0,0,34.96507426,-101.35748740000001,48011.0,211.97668256491787,0.0,4,4,0,0,4,4,1892,0,0,0,0,0
2020-07-26,US,Texas,Atascosa,393,3,0,28.89333001,-98.52730485,48013.0,768.2833851387015,0.7633587786259542,390,393,3,0,390,391,50310,0,0,0,0,2
2020-07-26,US,Texas,Austin,182,4,0,29.88548725,-96.27736949,48015.0,606.0202450719232,2.1978021978021984,178,181,0,0,181,170,29989,1,4,0,-3,11
2020-07-26,US,Texas,Bailey,132,3,0,34.06854817,-102.8299707,48017.0,1885.7142857142856,2.272727272727273,129,132,3,0,129,130,7027,0,0,0,0,2
2020-07-26,US,Texas,Bandera,71,0,0,29.74619598,-99.24598147,48019.0,307.19972308757355,0.0,71,71,0,0,71,66,22824,0,0,0,0,5
2020-07-26,US,Texas,Bastrop,1190,12,0,30.10370699,-97.31206354,48021.0,1341.2531136232997,1.0084033613445378,1178,1190,12,0,1178,1142,86976,0,0,0,0,48
2020-07-26,US,Texas,Baylor,5,0,0,33.61640794,-99.21352901,48023.0,142.4907381020234,0.0,5,5,0,0,5,3,3582,0,0,0,0,2
2020-07-26,US,Texas,Bee,400,1,0,28.41761668,-97.74215593,48025.0,1228.3126055581145,0.25,399,369,1,0,368,369,32587,31,0,0,31,0
2020-07-26,US,Texas,Bell,2990,18,0,31.03736027,-97.4785025,48027.0,823.8639494770255,0.6020066889632107,2972,2990,18,0,2972,2990,355642,0,0,0,0,0
2020-07-26,US,Texas,Bexar,35690,322,0,29.44928723,-98.52019748,48029.0,1781.3345684718256,0.9022135051835248,35368,35690,322,0,35368,34932,1986049,0,0,0,0,758
2020-07-26,US,Texas,Blanco,85,1,0,30.26640707,-98.3999852,48031.0,712.4298047104182,1.1764705882352942,84,85,1,0,84,80,11702,0,0,0,0,5
2020-07-26,US,Texas,Bosque,103,0,0,31.89978581,-97.63613524,48035.0,551.2443136205512,0.0,103,103,0,0,103,96,18691,0,0,0,0,7
2020-07-26,US,Texas,Bowie,679,17,0,33.44626922,-94.41834132,48037.0,728.1891790444528,2.503681885125184,662,689,17,0,672,677,94324,-10,0,0,-10,12
2020-07-26,US,Texas,Brazoria,5443,38,0,29.18757369,-95.44563172,48039.0,1454.3210140435626,0.6981444056586441,5405,5299,37,0,5262,5277,370200,144,1,0,143,22
2020-07-26,US,Texas,Brazos,3688,43,0,30.663644800000004,-96.30205577,48041.0,1608.9978229666117,1.165943600867679,3645,3635,43,0,3592,3571,226758,53,0,0,53,64
2020-07-26,US,Texas,Brewster,176,1,0,29.81008251,-103.25203259999999,48043.0,1912.4198630881235,0.5681818181818182,175,176,1,0,175,164,9267,0,0,0,0,12
2020-07-26,US,Texas,Briscoe,10,1,0,34.53026962,-101.2084947,48045.0,646.8305304010348,10.0,9,10,1,0,9,10,1516,0,0,0,0,0
2020-07-26,US,Texas,Brooks,76,1,0,27.03103197,-98.21808402,48047.0,1071.4789228817144,1.3157894736842106,75,65,1,0,64,58,7114,11,0,0,11,7
2020-07-26,US,Texas,Brown,311,16,0,31.77430356,-98.99907113,48049.0,821.3606592013522,5.144694533762059,295,311,16,0,295,311,37924,0,0,0,0,0
2020-07-26,US,Texas,Burleson,217,0,0,30.49273808,-96.62158484,48051.0,1176.5981673263568,0.0,217,217,0,0,217,217,18389,0,0,0,0,0
2020-07-26,US,Texas,Burnet,397,7,0,30.78801353,-98.181887,48053.0,824.4211400685288,1.7632241813602014,390,395,7,0,388,387,47542,2,0,0,2,8
2020-07-26,US,Texas,Caldwell,997,7,0,29.83668859,-97.61814775,48055.0,2283.3455478197143,0.7021063189568706,990,993,7,0,986,965,43247,4,0,0,4,28
2020-07-26,US,Texas,Calhoun,393,3,0,28.47048236,-96.61633945,48057.0,1845.937059652419,0.7633587786259542,390,393,3,0,390,373,21561,0,0,0,0,20
2020-07-26,US,Texas,Callahan,38,2,0,32.29760619,-99.37326312,48059.0,272.5381912070573,5.2631578947368425,36,38,2,0,36,38,13994,0,0,0,0,0
2020-07-26,US,Texas,Cameron,7827,177,0,26.14524221,-97.48140372,48061.0,1849.6418637735346,2.2614028363357606,7650,7846,169,0,7677,7162,423908,-19,8,0,-27,684
2020-07-26,US,Texas,Camp,188,2,0,32.97195142,-94.97790104,48063.0,1435.772109363067,1.0638297872340423,186,184,2,0,182,177,13033,4,0,0,4,7
2020-07-26,US,Texas,Carson,10,0,0,35.40365929,-101.35426690000001,48065.0,168.74789065136684,0.0,10,10,0,0,10,10,6005,0,0,0,0,0
2020-07-26,US,Texas,Cass,135,4,0,33.07499881,-94.34646905,48067.0,449.6103377073204,2.962962962962963,131,134,4,0,130,105,30119,1,0,0,1,29
2020-07-26,US,Texas,Castro,147,1,0,34.53016752,-102.2617243,48069.0,1952.1912350597606,0.6802721088435374,146,147,1,0,146,147,7665,0,0,0,0,0
2020-07-26,US,Texas,Chambers,812,5,0,29.70972016,-94.67154501,48071.0,1852.3165362593247,0.6157635467980296,807,812,5,0,807,794,42454,0,0,0,0,18
2020-07-26,US,Texas,Cherokee,647,2,0,31.837258000000002,-95.16559897,48073.0,1228.963264065646,0.3091190108191654,645,638,2,0,636,610,52592,9,0,0,9,28
2020-07-26,US,Texas,Childress,20,0,0,34.529304100000004,-100.2077916,48075.0,273.7476047084588,0.0,20,20,0,0,20,16,7291,0,0,0,0,4
2020-07-26,US,Texas,Clay,25,0,0,33.78686685,-98.20771198,48077.0,238.75465571578647,0.0,25,25,0,0,25,24,10456,0,0,0,0,1
2020-07-26,US,Texas,Cochran,11,0,0,33.60425307,-102.82844990000001,48079.0,385.55906063792503,0.0,11,11,0,0,11,10,2836,0,0,0,0,1
2020-07-26,US,Texas,Coke,32,1,0,31.88911733,-100.5297533,48081.0,944.7888987304401,3.125,31,32,1,0,31,18,3370,0,0,0,0,14
2020-07-26,US,Texas,Coleman,9,0,0,31.76736834,-99.45240766,48083.0,110.09174311926607,0.0,9,9,0,0,9,8,8397,0,0,0,0,1
2020-07-26,US,Texas,Collin,5762,74,0,33.18820114,-96.57264368,48085.0,556.8602437350806,1.2842762929538354,5688,5682,73,0,5609,5571,1005146,80,1,0,79,111
2020-07-26,US,Texas,Collingsworth,6,0,0,34.96489496,-100.27001109999999,48087.0,205.4794520547945,0.0,6,6,0,0,6,6,2962,0,0,0,0,0
2020-07-26,US,Texas,Colorado,225,1,0,29.622097999999998,-96.5273805,48089.0,1046.8524635927977,0.4444444444444444,224,225,0,0,225,221,21217,0,1,0,-1,4
2020-07-26,US,Texas,Comal,1539,45,0,29.80811278,-98.27647225,48091.0,985.2185213399997,2.9239766081871346,1494,1539,45,0,1494,1460,148373,0,0,0,0,79
2020-07-26,US,Texas,Comanche,204,2,0,31.94854689,-98.55876441,48093.0,1496.149614961496,0.9803921568627452,202,204,2,0,202,199,13534,0,0,0,0,5
2020-07-26,US,Texas,Concho,22,0,0,31.32635934,-99.86473038,48095.0,807.0432868672046,0.0,22,22,0,0,22,22,4276,0,0,0,0,0
2020-07-26,US,Texas,Cooke,172,0,0,33.63979567,-97.21240912,48097.0,416.8989504811305,0.0,172,172,0,0,172,169,40574,0,0,0,0,3
2020-07-26,US,Texas,Coryell,553,3,0,31.39078397,-97.79936155,48099.0,728.1010124948981,0.5424954792043399,550,525,3,0,522,518,74808,28,0,0,28,7
2020-07-26,US,Texas,Cottle,7,1,0,34.07783319,-100.27850620000001,48101.0,500.7153075822604,14.285714285714285,6,7,1,0,6,6,1389,0,0,0,0,1
2020-07-26,US,Texas,Crane,65,10,0,31.43052248,-102.5143314,48103.0,1355.0135501355016,15.384615384615385,55,65,10,0,55,65,4794,0,0,0,0,0
2020-07-26,US,Texas,Crockett,135,4,0,30.72367027,-101.4134238,48105.0,3897.2286374133946,2.962962962962963,131,135,4,0,131,136,3499,0,0,0,0,-1
2020-07-26,US,Texas,Crosby,46,3,0,33.61431553,-101.30003640000001,48107.0,801.8127941432805,6.521739130434782,43,46,3,0,43,42,5779,0,0,0,0,4
2020-07-26,US,Texas,Culberson,14,1,0,31.44506775,-104.5185739,48109.0,644.8641179180103,7.142857142857142,13,14,1,0,13,14,2204,0,0,0,0,0
2020-07-26,US,Texas,Dallam,173,2,0,36.27787176,-102.60207249999999,48111.0,2374.090846713325,1.1560693641618498,171,173,2,0,171,173,7200,0,0,0,0,0
2020-07-26,US,Texas,Dallas,46813,605,0,32.76670599,-96.77796049999999,48113.0,1776.2366079355993,1.2923760493879906,46208,46013,604,0,45409,44087,2637772,800,1,0,799,1926
2020-07-26,US,Texas,Dawson,122,1,0,32.74255572,-101.94772420000001,48115.0,958.5166561910747,0.819672131147541,121,122,1,0,121,122,12619,0,0,0,0,0
2020-07-26,US,Texas,DeWitt,501,14,0,29.08101855,-97.35681170000001,48123.0,2485.1190476190477,2.7944111776447107,487,501,14,0,487,443,20187,0,0,0,0,58
2020-07-26,US,Texas,Deaf Smith,510,19,0,34.96522957,-102.6054267,48117.0,2749.9191200258806,3.725490196078432,491,510,19,0,491,499,18760,0,0,0,0,11
2020-07-26,US,Texas,Delta,12,0,0,33.38570922,-95.66921122,48119.0,225.09848058525608,0.0,12,12,0,0,12,12,5349,0,0,0,0,0
2020-07-26,US,Texas,Denton,6043,49,0,33.20521901,-97.11691153,48121.0,681.1262760550807,0.810855535330134,5994,5915,47,0,5868,5723,859064,128,2,0,126,192
2020-07-26,US,Texas,Dickens,4,0,0,33.61616822,-100.7788855,48125.0,180.91361374943463,0.0,4,4,0,0,4,4,2249,0,0,0,0,0
2020-07-26,US,Texas,Dimmit,87,0,0,28.42270064,-99.75645095,48127.0,859.3441327538523,0.0,87,87,0,0,87,82,10308,0,0,0,0,5
2020-07-26,US,Texas,Donley,38,0,0,34.96517499,-100.8140093,48129.0,1159.2434411226354,0.0,38,38,0,0,38,38,3319,0,0,0,0,0
2020-07-26,US,Texas,Duval,128,0,0,27.68184592,-98.50864568,48131.0,1147.2618087299454,0.0,128,119,0,0,119,114,11212,9,0,0,9,5
2020-07-26,US,Texas,Eastland,39,0,0,32.32743996,-98.83243566,48133.0,212.41830065359486,0.0,39,39,0,0,39,38,18322,0,0,0,0,1
2020-07-26,US,Texas,Ector,2819,35,0,31.86898877,-102.54294279999999,48135.0,1695.9145244641236,1.241575026605179,2784,2819,35,0,2784,2819,162124,0,0,0,0,0
2020-07-26,US,Texas,Edwards,22,0,0,29.98202582,-100.304252,48137.0,1138.7163561076604,0.0,22,22,0,0,22,20,1928,0,0,0,0,2
2020-07-26,US,Texas,El Paso,13240,224,0,31.76980765,-106.23632749999999,48141.0,1577.6216043601455,1.6918429003021147,13016,12971,221,0,12750,12750,840758,269,3,0,266,221
2020-07-26,US,Texas,Ellis,2268,21,0,32.34894117,-96.79371841,48139.0,1227.1000833216106,0.925925925925926,2247,2268,21,0,2247,2216,179436,0,0,0,0,52
2020-07-26,US,Texas,Erath,371,4,0,32.23602653,-98.21773417,48143.0,868.8931565881306,1.0781671159029649,367,371,4,0,367,366,42446,0,0,0,0,5
2020-07-26,US,Texas,Falls,103,0,0,31.25350609,-96.93630086,48145.0,595.4789847950511,0.0,103,103,0,0,103,98,17335,0,0,0,0,5
2020-07-26,US,Texas,Fannin,186,8,0,33.59564294,-96.10751083,48147.0,523.7371177563778,4.301075268817204,178,186,8,0,178,181,35286,0,0,0,0,5
2020-07-26,US,Texas,Fayette,334,5,0,29.87788372,-96.92076062,48149.0,1317.762171545806,1.497005988023952,329,334,5,0,329,334,25349,0,0,0,0,0
2020-07-26,US,Texas,Fisher,23,1,0,32.74281316,-100.40193020000001,48151.0,600.5221932114882,4.3478260869565215,22,23,1,0,22,23,3839,0,0,0,0,0
2020-07-26,US,Texas,Floyd,65,4,0,34.07227468,-101.3031546,48153.0,1137.955182072829,6.153846153846153,61,65,4,0,61,64,5837,0,0,0,0,1
2020-07-26,US,Texas,Foard,2,0,0,33.97308618,-99.7767797,48155.0,173.16017316017312,0.0,2,2,0,0,2,2,1200,0,0,0,0,0
2020-07-26,US,Texas,Fort Bend,6530,90,0,29.52704478,-95.77219463,48157.0,804.4963089265826,1.3782542113323124,6440,6530,90,0,6440,6460,787858,0,0,0,0,70
2020-07-26,US,Texas,Franklin,78,1,0,33.17653242,-95.21917243,48159.0,727.2727272727273,1.2820512820512822,77,78,1,0,77,77,10766,0,0,0,0,1
2020-07-26,US,Texas,Freestone,129,0,0,31.70422788,-96.15072516,48161.0,654.257747121773,0.0,129,128,0,0,128,122,19808,1,0,0,1,6
2020-07-26,US,Texas,Frio,425,2,0,28.86751206,-99.10804207,48163.0,2092.9774450901214,0.4705882352941176,423,425,2,0,423,421,19816,0,0,0,0,4
2020-07-26,US,Texas,Gaines,86,0,0,32.74055318,-102.6353295,48165.0,400.14889261120425,0.0,86,86,0,0,86,86,20901,0,0,0,0,0
2020-07-26,US,Texas,Galveston,8046,68,0,29.40167322,-94.90469073,48167.0,2351.675780896069,0.8451404424558787,7978,8046,68,0,7978,7914,337890,0,0,0,0,132
2020-07-26,US,Texas,Garza,94,2,0,33.17969345,-101.2984114,48169.0,1509.0704768020548,2.127659574468085,92,94,2,0,92,90,6578,0,0,0,0,4
2020-07-26,US,Texas,Gillespie,156,0,0,30.31824095,-98.94676915,48171.0,578.0346820809249,0.0,156,156,0,0,156,152,26804,0,0,0,0,4
2020-07-26,US,Texas,Glasscock,6,0,0,31.86942909,-101.5207776,48173.0,425.83392476934,0.0,6,6,0,0,6,6,1388,0,0,0,0,0
2020-07-26,US,Texas,Goliad,68,1,0,28.65696592,-97.42760647,48175.0,887.9603029511621,1.4705882352941178,67,68,1,0,67,64,7584,0,0,0,0,4
2020-07-26,US,Texas,Gonzales,569,6,0,29.45634206,-97.49424032,48177.0,2730.719393386764,1.054481546572935,563,569,6,0,563,567,20826,0,0,0,0,2
2020-07-26,US,Texas,Gray,150,4,0,35.40081878,-100.8129222,48179.0,685.3696426939597,2.6666666666666665,146,150,4,0,146,149,21895,0,0,0,0,1
2020-07-26,US,Texas,Grayson,923,8,0,33.62744998,-96.67753461,48181.0,677.6201803071683,0.866738894907909,915,918,8,0,910,915,133991,5,0,0,5,3
2020-07-26,US,Texas,Gregg,1195,16,0,32.47940482,-94.81591935,48183.0,964.1373189721248,1.338912133891213,1179,1195,16,0,1179,1162,123707,0,0,0,0,33
2020-07-26,US,Texas,Grimes,800,2,0,30.54579585,-95.98902499,48185.0,2770.083102493075,0.25,798,801,2,0,799,796,28360,-1,0,0,-1,5
2020-07-26,US,Texas,Guadalupe,1519,6,0,29.58165339,-97.94786822,48187.0,910.4149310446097,0.3949967083607637,1513,1519,6,0,1513,1485,163694,0,0,0,0,34
2020-07-26,US,Texas,Hale,1085,24,0,34.07044901,-101.82681140000001,48189.0,3247.9195354128,2.2119815668202767,1061,1061,23,0,1038,1049,33830,24,1,0,23,12
2020-07-26,US,Texas,Hall,6,1,0,34.5307555,-100.68138520000001,48191.0,202.4291497975709,16.666666666666668,5,6,1,0,5,5,3028,0,0,0,0,1
2020-07-26,US,Texas,Hamilton,53,2,0,31.70470573,-98.11083887,48193.0,626.4034984044439,3.7735849056603774,51,53,2,0,51,51,8484,0,0,0,0,2
2020-07-26,US,Texas,Hansford,47,2,0,36.27743284,-101.3545796,48195.0,870.5315799222078,4.25531914893617,45,47,2,0,45,47,5463,0,0,0,0,0
2020-07-26,US,Texas,Hardeman,11,0,0,34.28944521,-99.74632408,48197.0,279.68471904398683,0.0,11,11,0,0,11,10,3922,0,0,0,0,1
2020-07-26,US,Texas,Hardin,682,6,0,30.33364686,-94.38931817,48199.0,1183.9866671296136,0.8797653958944281,676,682,6,0,676,660,57207,0,0,0,0,22
2020-07-26,US,Texas,Harris,65344,645,0,29.86,-95.39,48201.0,1386.3673733510846,0.9870837414299706,64699,64108,637,0,63471,62612,4698619,1236,8,0,1228,1496
2020-07-26,US,Texas,Harrison,566,34,0,32.54935988,-94.36934071,48203.0,850.4500172794615,6.007067137809187,532,562,34,0,528,558,66726,4,0,0,4,4
2020-07-26,US,Texas,Hartley,81,2,0,35.84008013,-102.6029022,48205.0,1452.654232424677,2.469135802469136,79,81,2,0,79,78,5619,0,0,0,0,3
2020-07-26,US,Texas,Haskell,30,0,0,33.17823584,-99.73037358,48207.0,530.2226935312831,0.0,30,30,0,0,30,28,5813,0,0,0,0,2
2020-07-26,US,Texas,Hays,4133,24,0,30.05669873,-98.02944344,48209.0,1795.4655047330261,0.5806919912896201,4109,4133,24,0,4109,4133,222631,0,0,0,0,0
2020-07-26,US,Texas,Hemphill,34,0,0,35.83764858,-100.2703577,48211.0,890.2854150301126,0.0,34,34,0,0,34,33,3825,0,0,0,0,1
2020-07-26,US,Texas,Henderson,500,7,0,32.21128872,-95.85846587,48213.0,604.3245464544277,1.4,493,500,7,0,493,490,82299,0,0,0,0,10
2020-07-26,US,Texas,Hidalgo,15153,456,0,26.39418217,-98.18299696,48215.0,1744.3165532222024,3.009305088101366,14697,15153,456,0,14697,14589,865939,0,0,0,0,564
2020-07-26,US,Texas,Hill,264,2,0,31.99045053,-97.13423143,48217.0,720.3470763185901,0.7575757575757576,262,264,2,0,262,242,36354,0,0,0,0,22
2020-07-26,US,Texas,Hockley,160,4,0,33.60771256,-102.3431676,48219.0,695.0175926328136,2.5,156,160,4,0,156,151,22980,0,0,0,0,9
2020-07-26,US,Texas,Hood,308,5,0,32.42990927,-97.83242024,48221.0,499.65121749428164,1.6233766233766234,303,308,5,0,303,294,60537,0,0,0,0,14
2020-07-26,US,Texas,Hopkins,154,1,0,33.14875072,-95.56351139,48223.0,415.2734332865927,0.6493506493506493,153,149,1,0,148,144,36810,5,0,0,5,5
2020-07-26,US,Texas,Houston,236,0,0,31.31925973,-95.42226208,48225.0,1027.516544757924,0.0,236,236,0,0,236,234,23169,0,0,0,0,2
2020-07-26,US,Texas,Howard,126,3,0,32.30621324,-101.4356444,48227.0,343.6613571896138,2.380952380952381,123,126,3,0,123,116,36459,0,0,0,0,10
2020-07-26,US,Texas,Hudspeth,19,0,0,31.45628381,-105.388178,48229.0,388.8661481784692,0.0,19,19,0,0,19,18,4795,0,0,0,0,1
2020-07-26,US,Texas,Hunt,948,8,0,33.12351514,-96.08551032,48231.0,961.5189565287947,0.8438818565400844,940,937,8,0,929,922,96493,11,0,0,11,15
2020-07-26,US,Texas,Hutchinson,105,1,0,35.84006574,-101.3546643,48233.0,501.48056165822913,0.9523809523809524,104,105,1,0,104,105,21198,0,0,0,0,0
2020-07-26,US,Texas,Irion,7,0,0,31.30375559,-100.982439,48235.0,455.72916666666674,0.0,7,7,0,0,7,6,1522,0,0,0,0,1
2020-07-26,US,Texas,Jack,24,0,0,33.23377248,-98.17283469,48237.0,268.6066032456631,0.0,24,24,0,0,24,23,8843,0,0,0,0,1
2020-07-26,US,Texas,Jackson,202,1,0,28.95472367,-96.57749563,48239.0,1368.5636856368565,0.4950495049504951,201,202,1,0,201,194,14874,0,0,0,0,8
2020-07-26,US,Texas,Jasper,265,4,0,30.74685667,-94.02667579,48241.0,745.8695713360918,1.509433962264151,261,254,1,0,253,110,35872,11,3,0,8,144
2020-07-26,US,Texas,Jeff Davis,8,0,0,30.71490589,-104.1399973,48243.0,351.8029903254178,0.0,8,8,0,0,8,7,2252,0,0,0,0,1
2020-07-26,US,Texas,Jefferson,4895,57,0,29.8832777,-94.16434171,48245.0,1945.8191719833842,1.164453524004086,4838,4880,57,0,4823,4772,255001,15,0,0,15,108
2020-07-26,US,Texas,Jim Hogg,48,0,0,27.04453923,-98.69681870000001,48247.0,923.0769230769232,0.0,48,46,0,0,46,44,5248,2,0,0,2,2
2020-07-26,US,Texas,Jim Wells,520,0,0,27.73103938,-98.0904705,48249.0,1284.521515735389,0.0,520,507,0,0,507,472,40822,13,0,0,13,35
2020-07-26,US,Texas,Johnson,1234,7,0,32.37877812,-97.36615819,48251.0,701.8661449120392,0.5672609400324149,1227,1234,7,0,1227,1179,171361,0,0,0,0,55
2020-07-26,US,Texas,Jones,621,0,0,32.73997145,-99.87861576,48253.0,3092.1675048548523,0.0,621,621,0,0,621,631,19817,0,0,0,0,-10
2020-07-26,US,Texas,Karnes,206,0,0,28.90705334,-97.85960149,48255.0,1320.428177680918,0.0,206,206,0,0,206,203,15650,0,0,0,0,3
2020-07-26,US,Texas,Kaufman,1440,5,0,32.599141700000004,-96.28734728,48257.0,1057.625923586527,0.3472222222222222,1435,1440,5,0,1435,1386,128622,0,0,0,0,54
2020-07-26,US,Texas,Kendall,137,0,0,29.94414155,-98.7113588,48259.0,288.84063165440324,0.0,137,137,0,0,137,136,45641,0,0,0,0,1
2020-07-26,US,Texas,Kenedy,4,0,0,26.92601662,-97.66413984,48261.0,990.0990099009905,0.0,4,4,0,0,4,3,442,0,0,0,0,1
2020-07-26,US,Texas,Kent,2,0,0,33.18104136,-100.7780939,48263.0,262.46719160104993,0.0,2,2,0,0,2,2,726,0,0,0,0,0
2020-07-26,US,Texas,Kerr,324,1,0,30.06040006,-99.34930144,48265.0,615.9695817490492,0.308641975308642,323,324,1,0,323,318,52405,0,0,0,0,6
2020-07-26,US,Texas,Kimble,13,0,0,30.48678918,-99.74856473,48267.0,299.7463684574591,0.0,13,13,0,0,13,13,4362,0,0,0,0,0
2020-07-26,US,Texas,Kinney,14,0,0,29.34967888,-100.41866379999999,48271.0,381.7834742296155,0.0,14,14,0,0,14,14,3767,0,0,0,0,0
2020-07-26,US,Texas,Kleberg,302,3,0,27.42435506,-97.69894948,48273.0,984.354628422425,0.9933774834437086,299,300,2,0,298,284,31129,2,1,0,1,16
2020-07-26,US,Texas,Knox,44,0,0,33.60519951,-99.74229059999999,48275.0,1200.8733624454148,0.0,44,44,0,0,44,44,3653,0,0,0,0,0
2020-07-26,US,Texas,La Salle,351,0,0,28.34453111,-99.09908775,48283.0,4667.553191489362,0.0,351,351,0,0,351,351,7531,0,0,0,0,0
2020-07-26,US,Texas,Lamar,537,15,0,33.66981763,-95.57404777,48277.0,1077.0372450309874,2.793296089385475,522,537,15,0,522,530,49728,0,0,0,0,7
2020-07-26,US,Texas,Lamb,175,7,0,34.06859623,-102.35162890000001,48279.0,1357.325680601877,4.0,168,175,7,0,168,165,13158,0,0,0,0,10
2020-07-26,US,Texas,Lampasas,71,0,0,31.19531316,-98.24206613,48281.0,331.34216912451,0.0,71,68,0,0,68,68,21229,3,0,0,3,0
2020-07-26,US,Texas,Lavaca,545,1,0,29.38508402,-96.93186692,48285.0,2704.1778307035825,0.1834862385321101,544,545,1,0,544,538,20110,0,0,0,0,7
2020-07-26,US,Texas,Lee,143,3,0,30.31120597,-96.97045773,48287.0,829.5144729972735,2.097902097902098,140,143,3,0,140,134,17144,0,0,0,0,9
2020-07-26,US,Texas,Leon,128,1,0,31.29872538,-95.9936328,48289.0,735.4631119282924,0.78125,127,128,1,0,127,126,17270,0,0,0,0,2
2020-07-26,US,Texas,Liberty,741,17,0,30.15152688,-94.81205615,48291.0,839.9551117106292,2.2941970310391357,724,733,3,0,730,712,86323,8,14,0,-6,21
2020-07-26,US,Texas,Limestone,144,2,0,31.5454767,-96.58095444,48293.0,614.4131074796262,1.3888888888888888,142,144,2,0,142,140,23519,0,0,0,0,4
2020-07-26,US,Texas,Lipscomb,15,0,0,36.27783108,-100.27331509999999,48295.0,463.96535725332507,0.0,15,15,0,0,15,14,3355,0,0,0,0,1
2020-07-26,US,Texas,Live Oak,115,1,0,28.35101362,-98.1246786,48297.0,942.082411730974,0.8695652173913043,114,115,1,0,114,109,12166,0,0,0,0,6
2020-07-26,US,Texas,Llano,81,0,0,30.70645047,-98.68475262,48299.0,371.6448726772196,0.0,81,81,0,0,81,72,21646,0,0,0,0,9
2020-07-26,US,Texas,Lubbock,5014,68,0,33.61008596,-101.82047890000001,48303.0,1614.4560468044135,1.3562026326286398,4946,4962,68,0,4894,4880,307412,52,0,0,52,82
2020-07-26,US,Texas,Lynn,59,3,0,33.17657705,-101.8162849,48305.0,991.430011762729,5.084745762711863,56,59,3,0,56,59,5877,0,0,0,0,0
2020-07-26,US,Texas,Madison,241,0,0,30.96694679,-95.93003775,48313.0,1687.2024642957156,0.0,241,240,0,0,240,234,14422,1,0,0,1,6
2020-07-26,US,Texas,Marion,117,7,0,32.79868409,-94.35661230000001,48315.0,1187.3350923482851,5.982905982905983,110,116,7,0,109,114,9928,1,0,0,1,2
2020-07-26,US,Texas,Martin,42,1,0,32.30600051,-101.9513518,48317.0,727.7768151100328,2.380952380952381,41,42,1,0,41,41,5753,0,0,0,0,1
2020-07-26,US,Texas,Mason,38,0,0,30.71780434,-99.22629416,48319.0,889.0968647636874,0.0,38,38,0,0,38,38,4280,0,0,0,0,0
2020-07-26,US,Texas,Matagorda,572,5,0,28.81955746,-96.01230294,48321.0,1561.0075594247196,0.8741258741258742,567,566,5,0,561,532,36552,6,0,0,6,34
2020-07-26,US,Texas,Maverick,1440,26,0,28.7429195,-100.3157686,48323.0,2452.2325533871467,1.805555555555556,1414,1440,26,0,1414,1440,58485,0,0,0,0,0
2020-07-26,US,Texas,McCulloch,35,0,0,31.1925468,-99.34682807,48307.0,438.37675350701403,0.0,35,35,0,0,35,34,7987,0,0,0,0,1
2020-07-26,US,Texas,McLennan,3957,35,0,31.55255453,-97.20217694,48309.0,1541.9506435510455,0.8845084660096032,3922,3885,35,0,3850,3782,254607,72,0,0,72,103
2020-07-26,US,Texas,McMullen,7,0,0,28.35251708,-98.56769164,48311.0,942.1265141318976,0.0,7,6,0,0,6,6,749,1,0,0,1,0
2020-07-26,US,Texas,Medina,546,8,0,29.355730100000002,-99.11030298,48325.0,1058.467741935484,1.465201465201465,538,546,8,0,538,538,50921,0,0,0,0,8
2020-07-26,US,Texas,Menard,16,0,0,30.88990665,-99.82047940000001,48327.0,748.3629560336763,0.0,16,16,0,0,16,16,2139,0,0,0,0,0
2020-07-26,US,Texas,Midland,1805,33,0,31.86904128,-102.03156820000001,48329.0,1020.7428519724936,1.8282548476454292,1772,1805,33,0,1772,1805,172578,0,0,0,0,0
2020-07-26,US,Texas,Milam,273,2,0,30.78581830000001,-96.97718698,48331.0,1099.786488337429,0.7326007326007326,271,273,2,0,271,262,25131,0,0,0,0,11
2020-07-26,US,Texas,Mills,13,0,0,31.49557106,-98.59272068,48333.0,266.776113277242,0.0,13,13,0,0,13,12,4921,0,0,0,0,1
2020-07-26,US,Texas,Mitchell,41,0,0,32.30623474,-100.9212058,48335.0,479.81275599765945,0.0,41,41,0,0,41,38,8145,0,0,0,0,3
2020-07-26,US,Texas,Montague,45,1,0,33.67521893,-97.72500958,48337.0,227.06630336058132,2.2222222222222223,44,45,1,0,44,43,19596,0,0,0,0,2
2020-07-26,US,Texas,Montgomery,5597,53,0,30.30079133,-95.50572772,48339.0,921.4822083303836,0.9469358584956228,5544,5597,53,0,5544,5597,590925,0,0,0,0,0
2020-07-26,US,Texas,Moore,978,15,0,35.83769242,-101.8930281,48341.0,4670.487106017192,1.5337423312883436,963,978,15,0,963,968,21485,0,0,0,0,10
2020-07-26,US,Texas,Morris,79,0,0,33.11304005,-94.73255695,48343.0,637.7139166935742,0.0,79,77,0,0,77,70,12339,2,0,0,2,7
2020-07-26,US,Texas,Motley,4,0,0,34.07408766,-100.77972199999999,48345.0,333.3333333333333,0.0,4,4,0,0,4,3,1234,0,0,0,0,1
2020-07-26,US,Texas,Nacogdoches,875,37,0,31.62017125,-94.61803994,48347.0,1341.942212134225,4.228571428571429,838,866,37,0,829,835,65711,9,0,0,9,31
2020-07-26,US,Texas,Navarro,672,11,0,32.04620681,-96.47428766,48349.0,1340.969409135354,1.636904761904762,661,672,11,0,661,655,49565,0,0,0,0,17
2020-07-26,US,Texas,Newton,78,2,0,30.78548982,-93.74408813,48351.0,573.7403457153365,2.5641025641025643,76,77,0,0,77,37,13746,1,2,0,-1,40
2020-07-26,US,Texas,Nolan,122,2,0,32.30365282,-100.4060208,48353.0,829.1423134429795,1.639344262295082,120,122,2,0,120,122,14751,0,0,0,0,0
2020-07-26,US,Texas,Nueces,10351,137,0,27.736286,-97.5433285,48355.0,2857.071880848151,1.3235436189740122,10214,10351,137,0,10214,10136,362265,0,0,0,0,215
2020-07-26,US,Texas,Ochiltree,75,2,0,36.27829105,-100.8158184,48357.0,762.5050833672225,2.6666666666666665,73,75,2,0,73,68,9947,0,0,0,0,7
2020-07-26,US,Texas,Oldham,12,1,0,35.40425596,-102.6027606,48359.0,568.1818181818181,8.333333333333334,11,12,1,0,11,12,2131,0,0,0,0,0
2020-07-26,US,Texas,Orange,827,8,0,30.11879481,-93.89412775,48361.0,991.6542759844597,0.9673518742442564,819,827,8,0,819,826,83572,0,0,0,0,1
2020-07-26,US,Texas,Palo Pinto,142,2,0,32.75310985,-98.31319001,48363.0,486.4846346226319,1.4084507042253518,140,142,2,0,140,131,28875,0,0,0,0,11
2020-07-26,US,Texas,Panola,257,24,0,32.163959600000005,-94.30552481,48365.0,1108.045184099336,9.33852140077821,233,255,24,0,231,255,23148,2,0,0,2,0
2020-07-26,US,Texas,Parker,824,2,0,32.77757172,-97.80500621,48367.0,576.715799493274,0.2427184466019417,822,824,2,0,822,808,138371,0,0,0,0,16
2020-07-26,US,Texas,Parmer,289,8,0,34.52993409,-102.78446679999999,48369.0,3008.849557522124,2.7681660899653977,281,289,8,0,281,288,9864,0,0,0,0,1
2020-07-26,US,Texas,Pecos,193,1,0,30.78097267,-102.72412609999999,48371.0,1219.7434114896034,0.5181347150259067,192,194,1,0,193,194,15673,-1,0,0,-1,0
2020-07-26,US,Texas,Polk,601,1,0,30.79472531,-94.82766240000001,48373.0,1170.330847272798,0.16638935108153075,600,601,1,0,600,592,50031,0,0,0,0,9
2020-07-26,US,Texas,Potter,3353,42,0,35.40133773,-101.893964,48375.0,2855.682834390836,1.2526096033402925,3311,3353,42,0,3311,3340,119648,0,0,0,0,13
2020-07-26,US,Texas,Presidio,35,0,0,29.99954402,-104.24080790000001,48377.0,522.0763723150358,0.0,35,35,0,0,35,32,6948,0,0,0,0,3
2020-07-26,US,Texas,Rains,37,1,0,32.87109387,-95.79232691,48379.0,295.66885088700656,2.702702702702702,36,37,1,0,36,35,12159,0,0,0,0,2
2020-07-26,US,Texas,Randall,1442,17,0,34.96585996,-101.8971322,48381.0,1047.1052115631785,1.1789181692094313,1425,1442,17,0,1425,1424,136271,0,0,0,0,18
2020-07-26,US,Texas,Reagan,51,5,0,31.36607041,-101.52326590000001,48383.0,1325.0194855806706,9.803921568627453,46,51,5,0,46,53,3741,0,0,0,0,-2
2020-07-26,US,Texas,Real,71,0,0,29.83321503,-99.82018052,48385.0,2056.7786790266514,0.0,71,71,0,0,71,70,3478,0,0,0,0,1
2020-07-26,US,Texas,Red River,131,12,0,33.61886692,-95.04841765,48387.0,1089.5783082425348,9.16030534351145,119,131,12,0,119,131,12175,0,0,0,0,0
2020-07-26,US,Texas,Reeves,106,2,0,31.32323325,-103.69038959999999,48389.0,663.4952428642963,1.8867924528301887,104,106,2,0,104,104,15695,0,0,0,0,2
2020-07-26,US,Texas,Refugio,156,0,0,28.323897600000002,-97.15766311,48391.0,2245.250431778929,0.0,156,138,0,0,138,125,7032,18,0,0,18,13
2020-07-26,US,Texas,Roberts,6,0,0,35.83809685,-100.813175,48393.0,702.5761124121782,0.0,6,6,0,0,6,6,903,0,0,0,0,0
2020-07-26,US,Texas,Robertson,195,0,0,31.02539637,-96.51272246,48395.0,1142.087384327047,0.0,195,195,0,0,195,191,17284,0,0,0,0,4
2020-07-26,US,Texas,Rockwall,635,17,0,32.89779518,-96.40771592,48397.0,605.2518705618834,2.677165354330709,618,635,17,0,618,625,100657,0,0,0,0,10
2020-07-26,US,Texas,Runnels,78,2,0,31.8314342,-99.97616148,48399.0,759.937646141855,2.5641025641025643,76,78,2,0,76,65,10234,0,0,0,0,13
2020-07-26,US,Texas,Rusk,295,3,0,32.10773545,-94.76176432,48401.0,542.2196081314562,1.0169491525423728,292,294,3,0,291,288,54450,1,0,0,1,6
2020-07-26,US,Texas,Sabine,37,2,0,31.34318809,-93.85440451,48403.0,350.97704420413584,5.405405405405406,35,36,1,0,35,40,10589,1,1,0,0,-4
2020-07-26,US,Texas,San Augustine,147,12,0,31.39457611,-94.17000399,48405.0,1784.6303265752094,8.16326530612245,135,147,12,0,135,147,8232,0,0,0,0,0
2020-07-26,US,Texas,San Jacinto,135,2,0,30.57933681,-95.16260304,48407.0,467.7916767732769,1.4814814814814814,133,135,2,0,133,135,28719,0,0,0,0,0
2020-07-26,US,Texas,San Patricio,666,0,0,28.00880118,-97.51763891,48409.0,998.0518507417952,0.0,666,666,0,0,666,624,66893,0,0,0,0,42
2020-07-26,US,Texas,San Saba,19,0,0,31.1577796,-98.81758731,48411.0,313.79025598678777,0.0,19,19,0,0,19,18,6054,0,0,0,0,1
2020-07-26,US,Texas,Schleicher,33,1,0,30.89740592,-100.5384842,48413.0,1181.5252416756175,3.0303030303030303,32,33,1,0,32,33,2895,0,0,0,0,0
2020-07-26,US,Texas,Scurry,387,1,0,32.74613808,-100.91626640000001,48415.0,2316.94905106867,0.25839793281653745,386,387,1,0,386,383,16866,0,0,0,0,4
2020-07-26,US,Texas,Shackelford,16,0,0,32.73587756,-99.35401337,48417.0,490.04594180704436,0.0,16,16,0,0,16,16,3253,0,0,0,0,0
2020-07-26,US,Texas,Shelby,350,14,0,31.79211404,-94.14550696,48419.0,1384.8223470760465,4.0,336,348,14,0,334,343,25418,2,0,0,2,5
2020-07-26,US,Texas,Sherman,35,0,0,36.27751473,-101.8933156,48421.0,1158.173395102581,0.0,35,35,0,0,35,35,3079,0,0,0,0,0
2020-07-26,US,Texas,Smith,2106,13,0,32.37474036,-95.27175679999999,48423.0,904.8296247921596,0.6172839506172839,2093,2106,13,0,2093,2058,230221,0,0,0,0,48
2020-07-26,US,Texas,Somervell,46,0,0,32.22236802,-97.77403489,48425.0,503.9439088518843,0.0,46,46,0,0,46,45,9016,0,0,0,0,1
2020-07-26,US,Texas,Starr,1637,22,0,26.56150059,-98.73892358,48427.0,2532.7619018148625,1.3439218081857056,1615,1559,22,0,1537,1559,64525,78,0,0,78,0
2020-07-26,US,Texas,Stephens,23,0,0,32.73553157,-98.83631615,48429.0,245.56907964979717,0.0,23,23,0,0,23,21,9433,0,0,0,0,2
2020-07-26,US,Texas,Sterling,1,0,0,31.82781912,-101.05007459999999,48431.0,77.45933384972889,0.0,1,1,0,0,1,1,1311,0,0,0,0,0
2020-07-26,US,Texas,Stonewall,4,0,0,33.17906744,-100.25384009999999,48433.0,296.2962962962963,0.0,4,4,0,0,4,4,1362,0,0,0,0,0
2020-07-26,US,Texas,Sutton,54,0,0,30.49856623,-100.5382014,48435.0,1430.0847457627121,0.0,54,54,0,0,54,49,3758,0,0,0,0,5
2020-07-26,US,Texas,Swisher,72,1,0,34.53028891,-101.73491740000001,48437.0,973.36758145194,1.3888888888888888,71,72,1,0,71,72,7462,0,0,0,0,0
2020-07-26,US,Texas,Tarrant,25146,344,0,32.77143818,-97.29101614,48439.0,1195.996223570343,1.3680108168297145,24802,25146,344,0,24802,24562,2084931,0,0,0,0,584
2020-07-26,US,Texas,Taylor,1012,14,0,32.30163422,-99.89007449,48441.0,733.1527015083241,1.383399209486166,998,1007,14,0,993,986,137640,5,0,0,5,21
2020-07-26,US,Texas,Terrell,2,0,0,30.22429013,-102.0766732,48443.0,257.73195876288656,0.0,2,2,0,0,2,2,823,0,0,0,0,0
2020-07-26,US,Texas,Terry,86,0,0,33.17402785,-102.3354521,48445.0,697.0900543081788,0.0,86,86,0,0,86,86,12287,0,0,0,0,0
2020-07-26,US,Texas,Throckmorton,2,0,0,33.17751417,-99.21226795,48447.0,133.24450366422386,0.0,2,2,0,0,2,2,1515,0,0,0,0,0
2020-07-26,US,Texas,Titus,1200,6,0,33.21339719,-94.96797273,48449.0,3664.1221374045813,0.5,1194,1087,6,0,1081,1087,33033,113,0,0,113,0
2020-07-26,US,Texas,Tom Green,1965,19,0,31.40464436,-100.46244300000001,48451.0,1648.489932885906,0.9669211195928752,1946,1922,18,0,1904,1875,118189,43,1,0,42,47
2020-07-26,US,Texas,Travis,19401,241,0,30.33432034,-97.78535620000001,48453.0,1522.8964311113275,1.242204010102572,19160,19177,241,0,18936,18939,1248743,224,0,0,224,238
2020-07-26,US,Texas,Trinity,117,0,0,31.0879489,-95.1367187,48455.0,798.5803016858918,0.0,117,117,0,0,117,117,14740,0,0,0,0,0
2020-07-26,US,Texas,Tyler,102,1,0,30.77031716,-94.37690895,48457.0,470.6533776301218,0.9803921568627452,101,94,0,0,94,57,21696,8,1,0,7,37
2020-07-26,US,Texas,Upshur,161,1,0,32.73706798,-94.93999853,48459.0,385.6010346561924,0.6211180124223602,160,158,1,0,157,149,41260,3,0,0,3,9
2020-07-26,US,Texas,Upton,13,0,0,31.36868194,-102.0423217,48461.0,355.48263604047025,0.0,13,13,0,0,13,13,3671,0,0,0,0,0
2020-07-26,US,Texas,Uvalde,412,5,0,29.35739637,-99.76229172,48463.0,1540.7052840207919,1.2135922330097086,407,401,5,0,396,399,26846,11,0,0,11,2
2020-07-26,US,Texas,Val Verde,1154,22,0,29.89149232,-101.1525205,48465.0,2353.901070882203,1.9064124783362215,1132,1154,22,0,1132,964,49208,0,0,0,0,190
2020-07-26,US,Texas,Van Zandt,297,4,0,32.56483801,-95.83766469,48467.0,524.8277080756318,1.3468013468013469,293,297,4,0,293,286,56019,0,0,0,0,11
2020-07-26,US,Texas,Victoria,2870,27,0,28.79780988,-96.96813006,48469.0,3116.719516962773,0.940766550522648,2843,2870,27,0,2843,2805,92035,0,0,0,0,65
2020-07-26,US,Texas,Walker,2714,38,0,30.73872995,-95.57440968,48471.0,3719.2857436515883,1.4001473839351508,2676,2697,28,0,2669,2685,72480,17,10,0,7,12
2020-07-26,US,Texas,Waller,349,6,0,30.01058447,-95.99011759,48473.0,631.7199435253231,1.7191977077363896,343,348,0,0,348,335,53126,1,6,0,-5,13
2020-07-26,US,Texas,Ward,74,2,0,31.50999644,-103.09279090000001,48475.0,616.7694615769295,2.702702702702702,72,74,2,0,72,74,11720,0,0,0,0,0
2020-07-26,US,Texas,Washington,441,34,0,30.21498498,-96.40946246,48477.0,1229.0284822473666,7.709750566893423,407,441,34,0,407,438,35108,0,0,0,0,3
2020-07-26,US,Texas,Webb,5042,99,0,27.7610369,-99.33237355,48479.0,1822.5062533435507,1.9635065450218168,4943,4872,97,0,4775,4699,275910,170,2,0,168,173
2020-07-26,US,Texas,Wharton,500,14,0,29.27765923,-96.22319248,48481.0,1203.195687746655,2.8,486,499,1,0,498,472,41619,1,13,0,-12,27
2020-07-26,US,Texas,Wheeler,31,0,0,35.40114335,-100.26995140000001,48483.0,613.132911392405,0.0,31,31,0,0,31,29,5191,0,0,0,0,2
2020-07-26,US,Texas,Wichita,808,9,0,33.98842886,-98.70410340000001,48485.0,611.0564924752325,1.113861386138614,799,808,9,0,799,808,132064,0,0,0,0,0
2020-07-26,US,Texas,Wilbarger,35,0,0,34.07945812,-99.24178437,48487.0,274.1013391808286,0.0,35,35,0,0,35,31,12820,0,0,0,0,4
2020-07-26,US,Texas,Willacy,567,4,0,26.47411727,-97.61535848,48489.0,2654.742953460062,0.7054673721340388,563,557,4,0,553,542,21515,10,0,0,10,15
2020-07-26,US,Texas,Williamson,5304,94,0,30.64655664,-97.60048540000001,48491.0,898.1442754309111,1.7722473604826543,5210,5246,92,0,5154,5203,566719,58,2,0,56,43
2020-07-26,US,Texas,Wilson,403,6,0,29.1732598,-98.08693082,48493.0,789.1129821813197,1.488833746898263,397,403,6,0,397,392,50224,0,0,0,0,11
2020-07-26,US,Texas,Winkler,65,0,0,31.85008651,-103.04851629999999,48495.0,811.4856429463173,0.0,65,65,0,0,65,63,7720,0,0,0,0,2
2020-07-26,US,Texas,Wise,272,5,0,33.21570665,-97.65460265,48497.0,388.6602652034751,1.8382352941176472,267,272,5,0,267,266,68305,0,0,0,0,6
2020-07-26,US,Texas,Wood,241,6,0,32.78722382,-95.38236368,48499.0,529.2167153428928,2.489626556016597,235,241,6,0,235,225,45129,0,0,0,0,16
2020-07-26,US,Texas,Yoakum,63,1,0,33.17320212,-102.82764329999999,48501.0,723.0575002869276,1.5873015873015872,62,63,1,0,62,63,8591,0,0,0,0,0
2020-07-26,US,Texas,Young,101,1,0,33.17659707,-98.68790885,48503.0,560.7995558023322,0.99009900990099,100,101,1,0,100,92,18045,0,0,0,0,9
2020-07-26,US,Texas,Zapata,123,1,0,27.00156391,-99.16987152,48505.0,867.4800761689824,0.8130081300813008,122,122,1,0,121,116,14190,1,0,0,1,6
2020-07-26,US,Texas,Zavala,143,0,0,28.86617238,-99.76050829,48507.0,1207.7702702702702,0.0,143,143,0,0,143,138,11983,0,0,0,0,5
2020-07-26,US,Utah,Bear River,2091,5,0,41.52106798,-113.0832816,0.0,1119.2711623077003,0.2391200382592061,2086,2078,5,0,2073,2049,,13,0,0,13,29
2020-07-26,US,Utah,Central Utah,341,1,0,39.37231946,-111.5758676,0.0,416.0870732362057,0.2932551319648094,340,333,1,0,332,328,,8,0,0,8,5
2020-07-26,US,Utah,Davis,2695,11,0,40.99001837,-112.1139997,49011.0,758.1277199062679,0.4081632653061225,2684,2660,11,0,2649,2616,351713,35,0,0,35,44
2020-07-26,US,Utah,Salt Lake,18090,156,0,40.66616532,-111.9216011,49035.0,1558.8954850629548,0.8623548922056384,17934,17966,156,0,17810,17686,1152633,124,0,0,124,280
2020-07-26,US,Utah,San Juan,582,19,0,37.62762978,-109.80337140000002,49037.0,3801.933629474785,3.2646048109965635,563,582,19,0,563,566,15449,0,0,0,0,16
2020-07-26,US,Utah,Southeast Utah,70,0,0,38.99617072,-110.7013958,0.0,174.00382808421784,0.0,70,70,0,0,70,69,,0,0,0,0,1
2020-07-26,US,Utah,Southwest Utah,2750,22,0,37.85447192,-111.4418764,0.0,1091.0879932709627,0.8,2728,2733,22,0,2711,2672,,17,0,0,17,61
2020-07-26,US,Utah,Summit,669,1,0,40.86688146,-110.9535882,49043.0,1587.37691303832,0.14947683109118087,668,663,1,0,662,658,41933,6,0,0,6,5
2020-07-26,US,Utah,Tooele,487,0,0,40.44862644,-113.1295715,49045.0,673.9644888525996,0.0,487,481,0,0,481,472,69907,6,0,0,6,9
2020-07-26,US,Utah,TriCounty,137,0,0,40.12491499,-109.5174415,0.0,241.95542368690616,0.0,137,134,0,0,134,132,,3,0,0,3,2
2020-07-26,US,Utah,Utah,7194,31,0,40.1166722,-111.6657662,49049.0,1130.714280100906,0.4309146510981373,7163,7098,31,0,7067,6938,622213,96,0,0,96,160
2020-07-26,US,Utah,Wasatch,515,4,0,40.33110236,-111.1691419,49051.0,1510.6626382329648,0.7766990291262136,511,512,4,0,508,508,33240,3,0,0,3,4
2020-07-26,US,Utah,Weber-Morgan,2352,24,0,41.27116049,-111.9145117,0.0,863.6358629198382,1.020408163265306,2328,2313,24,0,2289,2268,,39,0,0,39,45
2020-07-26,US,Vermont,Addison,71,2,0,44.03217337,-73.14130877,50001.0,193.0554422601081,2.8169014084507036,69,71,2,0,69,72,36973,0,0,0,0,-1
2020-07-26,US,Vermont,Bennington,82,1,0,43.03519828,-73.09048868,50003.0,231.18127995489147,1.2195121951219512,81,81,1,0,80,81,35631,1,0,0,1,0
2020-07-26,US,Vermont,Caledonia,25,0,0,44.46548598,-72.10314651,50005.0,83.3527823158737,0.0,25,25,0,0,25,25,30302,0,0,0,0,0
2020-07-26,US,Vermont,Chittenden,713,39,0,44.46322849,-73.08359212,50007.0,435.35603942017656,5.46984572230014,674,711,39,0,672,706,164572,2,0,0,2,5
2020-07-26,US,Vermont,Essex,4,0,0,44.72736416,-71.73579864,50009.0,64.9034561090378,0.0,4,4,0,0,4,4,6250,0,0,0,0,0
2020-07-26,US,Vermont,Franklin,114,6,0,44.85627605,-72.91249563,50011.0,230.75988826363303,5.2631578947368425,108,114,6,0,108,113,49421,0,0,0,0,1
2020-07-26,US,Vermont,Grand Isle,13,0,0,44.797582399999996,-73.29679772,50013.0,179.68210089841045,0.0,13,13,0,0,13,13,7090,0,0,0,0,0
2020-07-26,US,Vermont,Lamoille,42,1,0,44.60353043,-72.64356694,50015.0,165.60208185474332,2.380952380952381,41,42,1,0,41,42,25300,0,0,0,0,0
2020-07-26,US,Vermont,Orange,14,0,0,44.00470222,-72.37640104,50017.0,48.45632008860584,0.0,14,14,0,0,14,11,28999,0,0,0,0,3
2020-07-26,US,Vermont,Orleans,14,0,0,44.82964024,-72.24562697,50019.0,51.78089285053815,0.0,14,14,0,0,14,14,26907,0,0,0,0,0
2020-07-26,US,Vermont,Rutland,84,1,0,43.57723578,-73.03741676,50021.0,144.3522194153735,1.1904761904761905,83,83,1,0,82,82,58672,1,0,0,1,1
2020-07-26,US,Vermont,Unassigned,7,0,0,0.0,0.0,90050.0,0.0,0.0,7,7,0,0,7,7,,0,0,0,0,0
2020-07-26,US,Vermont,Washington,47,1,0,44.27343241,-72.61604978,50023.0,80.4670513105857,2.127659574468085,46,47,1,0,46,46,58140,0,0,0,0,1
2020-07-26,US,Vermont,Windham,101,3,0,42.986982,-72.71268875,50025.0,239.211785325186,2.9702970297029703,98,101,3,0,98,100,42756,0,0,0,0,1
2020-07-26,US,Vermont,Windsor,69,2,0,43.58010937,-72.58595157,50027.0,125.31328320802004,2.898550724637681,67,69,2,0,67,69,55286,0,0,0,0,0
2020-07-26,US,Virginia,Accomack,1063,15,0,37.76707161,-75.63234615,51001.0,3289.3922515162767,1.4111006585136407,1048,1060,15,0,1045,1059,32412,3,0,0,3,1
2020-07-26,US,Virginia,Albemarle,705,10,0,38.02080697,-78.55481085,51003.0,644.8367328272202,1.4184397163120568,695,695,10,0,685,685,108718,10,0,0,10,10
2020-07-26,US,Virginia,Alexandria,2695,57,0,38.814003,-77.08183073,51510.0,1690.4182452266855,2.115027829313544,2638,2687,57,0,2630,2662,160530,8,0,0,8,25
2020-07-26,US,Virginia,Alleghany,57,2,0,37.78636074,-80.00222498,51005.0,383.58008075370117,3.5087719298245608,55,56,2,0,54,56,14910,1,0,0,1,0
2020-07-26,US,Virginia,Amelia,66,1,0,37.34081025,-77.98584649,51007.0,502.092050209205,1.5151515151515151,65,65,1,0,64,61,13013,1,0,0,1,4
2020-07-26,US,Virginia,Amherst,81,0,0,37.60308293,-79.14548696,51009.0,256.28856193640246,0.0,81,76,0,0,76,71,31666,5,0,0,5,5
2020-07-26,US,Virginia,Appomattox,59,0,0,37.37569884,-78.81340003,51011.0,370.8126453397022,0.0,59,56,0,0,56,55,15841,3,0,0,3,1
2020-07-26,US,Virginia,Arlington,2807,135,0,38.8767675,-77.10139853,51013.0,1185.178304523691,4.809405058781618,2672,2801,135,0,2666,2783,237521,6,0,0,6,18
2020-07-26,US,Virginia,Augusta,239,3,0,38.16404586,-79.12461614,51015.0,316.3132957463141,1.2552301255230125,236,238,3,0,235,236,75457,1,0,0,1,2
2020-07-26,US,Virginia,Bath,3,0,0,38.05852573,-79.73912095,51017.0,72.34145165179649,0.0,3,3,0,0,3,3,4292,0,0,0,0,0
2020-07-26,US,Virginia,Bedford,232,4,0,37.3080028,-79.5281964,51019.0,293.68203855842626,1.7241379310344829,228,224,4,0,220,217,78747,8,0,0,8,7
2020-07-26,US,Virginia,Bland,7,0,0,37.13128068,-81.13599391,51021.0,111.46496815286623,0.0,7,7,0,0,7,7,6293,0,0,0,0,0
2020-07-26,US,Virginia,Botetourt,177,4,0,37.55531756,-79.80982182,51023.0,529.6388282114965,2.2598870056497176,173,172,4,0,168,171,33277,5,0,0,5,1
2020-07-26,US,Virginia,Bristol,40,0,0,36.616302399999995,-82.16359122,51520.0,238.6350077556377,0.0,40,39,0,0,39,34,16482,1,0,0,1,5
2020-07-26,US,Virginia,Brunswick,174,1,0,36.76366949,-77.8593436,51025.0,1072.0226726634219,0.5747126436781609,173,172,1,0,171,170,16384,2,0,0,2,2
2020-07-26,US,Virginia,Buchanan,64,0,0,37.26818323,-82.03749726,51027.0,304.703865930299,0.0,64,62,0,0,62,62,21221,2,0,0,2,0
2020-07-26,US,Virginia,Buckingham,592,6,0,37.57242268,-78.52518834,51029.0,3452.2976440401208,1.0135135135135136,586,591,6,0,585,590,16999,1,0,0,1,1
2020-07-26,US,Virginia,Buena Vista,42,0,0,37.73484642,-79.35296097,51530.0,648.3482556344551,0.0,42,40,0,0,40,36,6237,2,0,0,2,4
2020-07-26,US,Virginia,Campbell,102,1,0,37.20553386,-79.09678609,51031.0,185.8431265373053,0.9803921568627452,101,101,1,0,100,94,54973,1,0,0,1,7
2020-07-26,US,Virginia,Caroline,170,4,0,38.02679129,-77.34901405,51033.0,553.2953620829943,2.3529411764705883,166,170,4,0,166,167,30772,0,0,0,0,3
2020-07-26,US,Virginia,Carroll,299,10,0,36.73066666,-80.73455942,51035.0,1003.6588231345037,3.3444816053511706,289,295,10,0,285,290,29636,4,0,0,4,5
2020-07-26,US,Virginia,Charles City,45,3,0,37.35358063,-77.05634116,51036.0,646.2731581214994,6.666666666666668,42,45,3,0,42,45,6941,0,0,0,0,0
2020-07-26,US,Virginia,Charlotte,46,0,0,37.01909701,-78.66314092,51037.0,387.2053872053872,0.0,46,46,0,0,46,45,11938,0,0,0,0,1
2020-07-26,US,Virginia,Charlottesville,420,8,0,38.03527919,-78.48569588,51540.0,888.5879913680023,1.9047619047619049,412,412,8,0,404,405,48117,8,0,0,8,7
2020-07-26,US,Virginia,Chesapeake,2151,25,0,36.67670048,-76.30545744,51550.0,878.5508607837932,1.1622501162250116,2126,2079,24,0,2055,1953,242634,72,1,0,71,126
2020-07-26,US,Virginia,Chesterfield,3730,66,0,37.37373208,-77.58680140000001,51041.0,1057.2502423455646,1.769436997319035,3664,3702,66,0,3636,3673,348556,28,0,0,28,29
2020-07-26,US,Virginia,Clarke,63,0,0,39.11271747,-77.99199425,51043.0,430.9460291401602,0.0,63,63,0,0,63,63,14523,0,0,0,0,0
2020-07-26,US,Virginia,Colonial Heights,172,20,0,37.26420587,-77.39609676,51570.0,990.2130109383996,11.627906976744184,152,171,20,0,151,171,17833,1,0,0,1,0
2020-07-26,US,Virginia,Covington,9,0,0,37.7824656,-79.98631446,51580.0,162.5135427952329,0.0,9,8,0,0,8,8,5460,1,0,0,1,0
2020-07-26,US,Virginia,Craig,12,0,0,37.48133648,-80.21072274,51045.0,233.87253946599103,0.0,12,11,0,0,11,11,5064,1,0,0,1,0
2020-07-26,US,Virginia,Culpeper,919,12,0,38.48199985,-77.95630870000002,51047.0,1746.9822260241422,1.3057671381936888,907,916,12,0,904,916,51859,3,0,0,3,0
2020-07-26,US,Virginia,Cumberland,60,0,0,37.51328851,-78.24398086,51049.0,604.1079339508659,0.0,60,60,0,0,60,60,9809,0,0,0,0,0
2020-07-26,US,Virginia,Danville,247,3,0,36.58022376,-79.40395668,51590.0,616.8214963540106,1.214574898785425,244,241,3,0,238,233,40693,6,0,0,6,8
2020-07-26,US,Virginia,Dickenson,13,0,0,37.12560977,-82.35124171,51051.0,90.7948037435396,0.0,13,12,0,0,12,12,14523,1,0,0,1,0
2020-07-26,US,Virginia,Dinwiddie,179,2,0,37.07544585,-77.63451754,51053.0,627.1020179372198,1.11731843575419,177,175,2,0,173,173,28529,4,0,0,4,2
2020-07-26,US,Virginia,Emporia,157,15,0,36.69455571,-77.53406129,51595.0,2936.775158997381,9.554140127388537,142,156,15,0,141,156,5121,1,0,0,1,0
2020-07-26,US,Virginia,Essex,73,1,0,37.93357639,-76.94230311,51057.0,666.4840682917923,1.3698630136986298,72,73,1,0,72,73,10919,0,0,0,0,0
2020-07-26,US,Virginia,Fairfax,15304,515,0,38.83677558,-77.27565836,51059.0,1333.6447262472855,3.3651332984840563,14789,15265,515,0,14750,15231,1150795,39,0,0,39,34
2020-07-26,US,Virginia,Fairfax,15304,515,0,38.83677558,-77.27565836,51059.0,1333.6447262472855,3.3651332984840563,14789,15265,515,0,14750,15231,24574,39,0,0,39,34
2020-07-26,US,Virginia,Fairfax City,74,7,0,38.85157547,-77.29779640000002,51600.0,308.08942920188184,9.459459459459461,67,74,7,0,67,73,24574,0,0,0,0,1
2020-07-26,US,Virginia,Falls Church,55,6,0,38.88485255,-77.17560759,51610.0,376.27420127249087,10.909090909090908,49,55,6,0,49,55,14772,0,0,0,0,0
2020-07-26,US,Virginia,Fauquier,559,8,0,38.73564842,-77.80647472,51061.0,784.8698435876555,1.4311270125223614,551,557,8,0,549,552,70675,2,0,0,2,5
2020-07-26,US,Virginia,Floyd,27,1,0,36.9302126,-80.36738849,51063.0,171.43945647342687,3.703703703703704,26,27,1,0,26,26,15795,0,0,0,0,1
2020-07-26,US,Virginia,Fluvanna,160,8,0,37.84157909,-78.27715475,51065.0,586.7253392005867,5.0,152,157,8,0,149,157,26783,3,0,0,3,0
2020-07-26,US,Virginia,Franklin,141,1,0,36.99536167,-79.88023649,51067.0,251.5970165233218,0.7092198581560284,140,138,1,0,137,137,56195,3,0,0,3,1
2020-07-26,US,Virginia,Franklin,141,1,0,36.99536167,-79.88023649,51067.0,251.5970165233218,0.7092198581560284,140,138,1,0,137,137,8013,3,0,0,3,1
2020-07-26,US,Virginia,Franklin City,107,4,0,36.6831435,-76.93859681,51620.0,1343.0400401656834,3.7383177570093458,103,103,4,0,99,98,8013,4,0,0,4,5
2020-07-26,US,Virginia,Frederick,638,7,0,39.20172582,-78.25974949,51069.0,714.3416971773427,1.09717868338558,631,634,7,0,627,626,88355,4,0,0,4,8
2020-07-26,US,Virginia,Fredericksburg,320,3,0,38.2977863,-77.4922454,51630.0,1102.0801763328282,0.9375,317,318,2,0,316,312,29144,2,1,0,1,6
2020-07-26,US,Virginia,Galax,322,16,0,36.66601852,-80.91703124,51640.0,5073.26295887821,4.9689440993788825,306,317,16,0,301,312,6423,5,0,0,5,5
2020-07-26,US,Virginia,Giles,20,0,0,37.31234791,-80.70636931,51071.0,119.6172248803828,0.0,20,18,0,0,18,18,16844,2,0,0,2,0
2020-07-26,US,Virginia,Gloucester,127,1,0,37.40809042,-76.53524337,51073.0,340.044982328371,0.7874015748031497,126,123,1,0,122,118,37349,4,0,0,4,5
2020-07-26,US,Virginia,Goochland,145,6,0,37.71714806,-77.90381514,51075.0,610.4492064160316,4.137931034482759,139,144,6,0,138,144,23244,1,0,0,1,0
2020-07-26,US,Virginia,Grayson,117,4,0,36.65677234,-81.23215889,51077.0,752.4115755627008,3.418803418803418,113,113,4,0,109,113,15631,4,0,0,4,0
2020-07-26,US,Virginia,Greene,123,2,0,38.29545894,-78.46525378,51079.0,620.6165800494475,1.6260162601626016,121,119,2,0,117,114,19779,4,0,0,4,5
2020-07-26,US,Virginia,Greensville,403,9,0,36.67878901,-77.56351439,51081.0,3555.0458715596333,2.2332506203473947,394,404,9,0,395,398,11627,-1,0,0,-1,6
2020-07-26,US,Virginia,Halifax,123,1,0,36.76654925,-78.93512622,51083.0,362.7141635457521,0.8130081300813008,122,118,1,0,117,113,34120,5,0,0,5,5
2020-07-26,US,Virginia,Hampton,873,4,0,37.03513786,-76.35879121,51650.0,649.0223775184003,0.4581901489117984,869,848,4,0,844,822,134313,25,0,0,25,26
2020-07-26,US,Virginia,Hanover,563,30,0,37.7583355,-77.49464673,51085.0,522.4282241152126,5.3285968028419175,533,557,30,0,527,546,107239,6,0,0,6,11
2020-07-26,US,Virginia,Harrisonburg,1024,29,0,38.43542574,-78.87536254,51660.0,1931.4923796589705,2.83203125,995,1021,29,0,992,1018,54033,3,0,0,3,3
2020-07-26,US,Virginia,Henrico,3290,178,0,37.53460572,-77.39326555,51087.0,994.5045311923776,5.410334346504558,3112,3261,177,0,3084,3190,329261,29,1,0,28,71
2020-07-26,US,Virginia,Henry,434,5,0,36.68542395,-79.87634026,51089.0,858.4370116897759,1.1520737327188941,429,429,5,0,424,424,50953,5,0,0,5,5
2020-07-26,US,Virginia,Highland,3,0,0,38.35799465,-79.56124594,51091.0,136.98630136986299,0.0,3,3,0,0,3,3,2210,0,0,0,0,0
2020-07-26,US,Virginia,Hopewell,242,5,0,37.29186313,-77.29754684,51670.0,1074.171068400728,2.066115702479338,237,239,5,0,234,239,22596,3,0,0,3,0
2020-07-26,US,Virginia,Isle of Wight,305,9,0,36.90579348,-76.70842863,51093.0,821.9030423886387,2.950819672131148,296,306,9,0,297,300,36953,-1,0,0,-1,6
2020-07-26,US,Virginia,James City,497,16,0,37.31156958,-76.76950618,51095.0,649.4779347385753,3.2193158953722336,481,490,16,0,474,484,76397,7,0,0,7,6
2020-07-26,US,Virginia,King George,116,4,0,38.26818502,-77.15852768,51099.0,432.2551796094799,3.4482758620689653,112,113,4,0,109,112,26575,3,0,0,3,1
2020-07-26,US,Virginia,King William,71,2,0,37.70965316,-77.09384941,51101.0,414.0424539304875,2.8169014084507036,69,70,2,0,68,69,16939,1,0,0,1,1
2020-07-26,US,Virginia,King and Queen,34,1,0,37.71044922,-76.88689628,51097.0,483.9857651245552,2.9411764705882355,33,33,1,0,32,33,7042,1,0,0,1,0
2020-07-26,US,Virginia,Lancaster,26,0,0,37.71889653,-76.46400482,51103.0,245.2136187871357,0.0,26,26,0,0,26,24,10783,0,0,0,0,2
2020-07-26,US,Virginia,Lee,74,0,0,36.70586667,-83.12606515,51105.0,315.9287879434744,0.0,74,66,0,0,66,61,23541,8,0,0,8,5
2020-07-26,US,Virginia,Lexington,28,0,0,37.78258621,-79.44262866,51678.0,376.04082728982,0.0,28,28,0,0,28,26,7136,0,0,0,0,2
2020-07-26,US,Virginia,Loudoun,4820,106,0,39.08990083,-77.63481877,51107.0,1165.551896077265,2.199170124481328,4714,4796,106,0,4690,4769,406850,24,0,0,24,27
2020-07-26,US,Virginia,Louisa,160,2,0,37.97850256,-77.96274807,51109.0,425.6337953233487,1.25,158,160,2,0,158,158,36778,0,0,0,0,2
2020-07-26,US,Virginia,Lunenburg,46,0,0,36.94618528,-78.24133319,51111.0,377.17284355526397,0.0,46,46,0,0,46,45,12086,0,0,0,0,1
2020-07-26,US,Virginia,Lynchburg,323,1,0,37.40021399,-79.19888138,51680.0,393.0970694187519,0.30959752321981426,322,312,1,0,311,301,82126,11,0,0,11,11
2020-07-26,US,Virginia,Madison,53,1,0,38.41531222,-78.28220331,51113.0,399.6681999849182,1.8867924528301887,52,53,1,0,52,51,13295,0,0,0,0,2
2020-07-26,US,Virginia,Manassas,1567,20,0,38.7464321,-77.48509905,51683.0,3814.0440550079106,1.2763241863433312,1547,1561,20,0,1541,1559,41641,6,0,0,6,2
2020-07-26,US,Virginia,Manassas Park,483,7,0,38.77058531,-77.44399307,51685.0,2763.474081702712,1.4492753623188406,476,482,7,0,475,482,17307,1,0,0,1,0
2020-07-26,US,Virginia,Martinsville,149,2,0,36.68212094,-79.86352771,51690.0,1186.8727098932613,1.342281879194631,147,149,2,0,147,149,12902,0,0,0,0,0
2020-07-26,US,Virginia,Mathews,11,0,0,37.44164146,-76.34098896,51115.0,124.51890423364271,0.0,11,11,0,0,11,11,8802,0,0,0,0,0
2020-07-26,US,Virginia,Mecklenburg,294,30,0,36.67882005,-78.36131056,51117.0,961.1926635498744,10.20408163265306,264,293,30,0,263,288,30650,1,0,0,1,5
2020-07-26,US,Virginia,Middlesex,22,1,0,37.63191998,-76.55064617,51119.0,207.9002079002079,4.545454545454546,21,22,1,0,21,20,10769,0,0,0,0,2
2020-07-26,US,Virginia,Montgomery,242,3,0,37.17746986,-80.37868691,51121.0,245.59801085908558,1.2396694214876034,239,239,3,0,236,234,98985,3,0,0,3,5
2020-07-26,US,Virginia,Nelson,32,0,0,37.78790447,-78.88498513,51125.0,214.3335565974548,0.0,32,32,0,0,32,32,14836,0,0,0,0,0
2020-07-26,US,Virginia,New Kent,106,1,0,37.50694406,-76.99828634,51127.0,459.05331081373697,0.9433962264150944,105,106,1,0,105,103,22391,0,0,0,0,3
2020-07-26,US,Virginia,Newport News,1424,15,0,37.08166899,-76.51754109,51700.0,794.5320128330311,1.053370786516854,1409,1385,15,0,1370,1356,178626,39,0,0,39,29
2020-07-26,US,Virginia,Norfolk,2771,20,0,36.89934014,-76.26420872,51710.0,1141.5412248395414,0.7217610970768675,2751,2661,20,0,2641,2582,244076,110,0,0,110,79
2020-07-26,US,Virginia,Northampton,293,28,0,37.34062933,-75.87751591,51131.0,2502.1349274124677,9.55631399317406,265,293,28,0,265,292,11735,0,0,0,0,1
2020-07-26,US,Virginia,Northumberland,59,1,0,37.89202088,-76.41949732,51133.0,487.8048780487805,1.6949152542372878,58,56,1,0,55,56,12147,3,0,0,3,0
2020-07-26,US,Virginia,Norton,9,0,0,36.93357076,-82.62750411,51720.0,226.07385079125848,0.0,9,9,0,0,9,9,3968,0,0,0,0,0
2020-07-26,US,Virginia,Nottoway,159,6,0,37.1435975,-78.05065922,51135.0,1043.8550420168067,3.7735849056603774,153,159,6,0,153,157,15420,0,0,0,0,2
2020-07-26,US,Virginia,Orange,194,3,0,38.24530219,-78.01560400000002,51137.0,523.6026018191142,1.5463917525773196,191,192,3,0,189,191,36644,2,0,0,2,1
2020-07-26,US,Virginia,Page,328,24,0,38.61807452,-78.48797204,51139.0,1372.2701029202576,7.317073170731707,304,328,24,0,304,326,23933,0,0,0,0,2
2020-07-26,US,Virginia,Patrick,99,3,0,36.680163799999995,-80.2865648,51141.0,562.2444343480237,3.0303030303030303,96,89,3,0,86,85,17673,10,0,0,10,4
2020-07-26,US,Virginia,Petersburg,391,9,0,37.20530399,-77.39368102,51730.0,1247.3680852421362,2.301790281329924,382,390,9,0,381,385,31567,1,0,0,1,5
2020-07-26,US,Virginia,Pittsylvania,270,2,0,36.81980341,-79.39731264,51143.0,447.360572621533,0.7407407407407407,268,263,2,0,261,254,60949,7,0,0,7,9
2020-07-26,US,Virginia,Poquoson,32,0,0,37.14259351,-76.35798148,51735.0,260.77744275120205,0.0,32,32,0,0,32,32,12190,0,0,0,0,0
2020-07-26,US,Virginia,Portsmouth,1267,21,0,36.85914825,-76.35971629,51740.0,1342.1894531663804,1.6574585635359116,1246,1225,21,0,1204,1165,94632,42,0,0,42,60
2020-07-26,US,Virginia,Powhatan,111,3,0,37.55016038,-77.91267882,51145.0,374.3423715095104,2.702702702702702,108,111,3,0,108,110,29189,0,0,0,0,1
2020-07-26,US,Virginia,Prince Edward,258,6,0,37.22554789,-78.43597949,51147.0,1131.4796947636173,2.3255813953488373,252,246,6,0,240,242,22950,12,0,0,12,4
2020-07-26,US,Virginia,Prince George,318,2,0,37.18497668,-77.22922187,51149.0,829.1398326076187,0.6289308176100629,316,304,2,0,302,302,38082,14,0,0,14,2
2020-07-26,US,Virginia,Prince William,8458,167,0,38.70916224,-77.48713689,51153.0,1798.2927062625574,1.974462047765429,8291,8417,167,0,8250,8370,468011,41,0,0,41,47
2020-07-26,US,Virginia,Pulaski,67,2,0,37.06474963,-80.71229738,51155.0,196.90245981132628,2.985074626865672,65,63,2,0,61,63,34066,4,0,0,4,0
2020-07-26,US,Virginia,Radford,23,0,0,37.12222899,-80.56027320000003,51750.0,126.03430324949312,0.0,23,22,0,0,22,22,18339,1,0,0,1,0
2020-07-26,US,Virginia,Rappahannock,39,1,0,38.68295619,-78.15826963,51157.0,529.1723202170963,2.5641025641025643,38,39,1,0,38,39,7252,0,0,0,0,0
2020-07-26,US,Virginia,Richmond,322,4,0,37.937575,-76.72920628,51159.0,3568.6578743211794,1.2422360248447204,318,320,4,0,316,318,9038,2,0,0,2,2
2020-07-26,US,Virginia,Richmond City,2712,36,0,37.53255773,-77.47966921,51760.0,1176.8994427953967,1.327433628318584,2676,2695,36,0,2659,2686,228783,17,0,0,17,9
2020-07-26,US,Virginia,Roanoke,398,6,0,37.26865804,-80.06396753,51161.0,422.56810991017767,1.5075376884422111,392,390,6,0,384,390,94073,8,0,0,8,0
2020-07-26,US,Virginia,Roanoke City,724,10,0,37.27791025,-79.96189766,51770.0,730.2583137488275,1.3812154696132597,714,698,10,0,688,690,99920,26,0,0,26,8
2020-07-26,US,Virginia,Rockbridge,62,0,0,37.81204314,-79.44605905,51163.0,274.66442209719577,0.0,62,57,0,0,57,54,22752,5,0,0,5,3
2020-07-26,US,Virginia,Rockingham,852,16,0,38.51006137,-78.87260325,51165.0,1039.683701859716,1.8779342723004693,836,850,16,0,834,841,81244,2,0,0,2,9
2020-07-26,US,Virginia,Russell,46,1,0,36.93028320000001,-82.10095486,51167.0,173.02339577221093,2.1739130434782608,45,39,1,0,38,38,26748,7,0,0,7,1
2020-07-26,US,Virginia,Salem,122,3,0,37.2836193,-80.06219455,51775.0,482.19437966878786,2.459016393442623,119,119,3,0,116,119,25643,3,0,0,3,0
2020-07-26,US,Virginia,Scott,37,3,0,36.71466456,-82.60171704,51169.0,171.56635444681444,8.108108108108109,34,34,3,0,31,33,21534,3,0,0,3,1
2020-07-26,US,Virginia,Shenandoah,659,40,0,38.85905135,-78.56813762,51171.0,1510.9134262655907,6.0698027314112295,619,657,40,0,617,658,43497,2,0,0,2,-1
2020-07-26,US,Virginia,Smyth,90,2,0,36.84455636,-81.53344948,51173.0,298.9635928780228,2.2222222222222223,88,88,2,0,86,86,30472,2,0,0,2,2
2020-07-26,US,Virginia,Southampton,224,11,0,36.72231125,-77.10642712,51175.0,1270.489478759004,4.910714285714286,213,219,11,0,208,217,17586,5,0,0,5,2
2020-07-26,US,Virginia,Spotsylvania,1225,32,0,38.18574462,-77.655399,51177.0,899.3135851411372,2.6122448979591835,1193,1212,32,0,1180,1213,134238,13,0,0,13,-1
2020-07-26,US,Virginia,Stafford,1185,7,0,38.41758738,-77.45917053,51179.0,775.1075993249698,0.5907172995780591,1178,1176,7,0,1169,1169,149960,9,0,0,9,7
2020-07-26,US,Virginia,Staunton,133,0,0,38.15965544,-79.05979937,51790.0,533.4509866837799,0.0,133,131,0,0,131,128,24922,2,0,0,2,3
2020-07-26,US,Virginia,Suffolk,914,45,0,36.70155394,-76.63603554,51800.0,992.3133712598254,4.923413566739606,869,886,45,0,841,862,91185,28,0,0,28,24
2020-07-26,US,Virginia,Surry,35,1,0,37.11781893,-76.88450012,51181.0,545.0015571473061,2.8571428571428568,34,35,1,0,34,35,6474,0,0,0,0,0
2020-07-26,US,Virginia,Sussex,259,7,0,36.92432914,-77.25791182,51183.0,2320.9965050631777,2.702702702702702,252,256,7,0,249,253,11237,3,0,0,3,3
2020-07-26,US,Virginia,Tazewell,67,0,0,37.12191123,-81.56685568,51185.0,165.04495627540336,0.0,67,65,0,0,65,57,40855,2,0,0,2,8
2020-07-26,US,Virginia,Virginia Beach,3548,43,0,36.73285734,-76.04566934,51810.0,788.4900016445395,1.2119503945885006,3505,3448,43,0,3405,3119,450189,100,0,0,100,329
2020-07-26,US,Virginia,Warren,342,7,0,38.90847745,-78.20280433,51187.0,851.5088138631613,2.046783625730994,335,341,7,0,334,339,40003,1,0,0,1,2
2020-07-26,US,Virginia,Washington,142,4,0,36.72341572,-81.95666289,51191.0,264.2352065500558,2.8169014084507036,138,136,4,0,132,131,54402,6,0,0,6,5
2020-07-26,US,Virginia,Waynesboro,163,2,0,38.06451466,-78.90293905,51820.0,720.2828104286342,1.2269938650306749,161,163,2,0,161,160,22628,0,0,0,0,3
2020-07-26,US,Virginia,Westmoreland,190,2,0,38.11021557,-76.80213247,51193.0,1054.676658340272,1.0526315789473684,188,188,2,0,186,187,17830,2,0,0,2,1
2020-07-26,US,Virginia,Williamsburg,102,6,0,37.28131268,-76.70905141,51830.0,682.0917480272836,5.882352941176472,96,101,6,0,95,100,14896,1,0,0,1,1
2020-07-26,US,Virginia,Winchester,387,4,0,39.17054517,-78.17325058,51840.0,1378.303297955695,1.0335917312661498,383,385,4,0,381,383,28108,2,0,0,2,2
2020-07-26,US,Virginia,Wise,62,3,0,36.9746148,-82.62410519,51195.0,165.850787791242,4.838709677419356,59,62,3,0,59,61,38012,0,0,0,0,1
2020-07-26,US,Virginia,Wythe,93,3,0,36.91582035,-81.07834059,51197.0,324.22256310138056,3.2258064516129035,90,88,3,0,85,84,28754,5,0,0,5,4
2020-07-26,US,Virginia,York,279,3,0,37.24374789,-76.54412815,51199.0,408.61159929701233,1.075268817204301,276,270,3,0,267,259,67846,9,0,0,9,11
2020-07-26,US,Washington,Adams,360,1,0,46.98299757,-118.56017340000001,53001.0,1801.5313016063653,0.2777777777777778,359,342,1,0,341,328,19759,18,0,0,18,14
2020-07-26,US,Washington,Asotin,22,2,0,46.18894415,-117.2022851,53003.0,97.42272606500751,9.090909090909092,20,22,2,0,20,22,22610,0,0,0,0,0
2020-07-26,US,Washington,Benton,3166,104,0,46.23946995,-119.51208340000001,53005.0,1548.9994618132005,3.2849020846494,3062,3134,104,0,3030,3077,201877,32,0,0,32,57
2020-07-26,US,Washington,Chelan,923,8,0,47.87046092,-120.6173956,53007.0,1195.5958549222798,0.866738894907909,915,892,8,0,884,857,77036,31,0,0,31,35
2020-07-26,US,Washington,Clallam,78,0,0,48.04754642,-123.92263190000001,53009.0,100.86511230942313,0.0,78,75,0,0,75,73,76737,3,0,0,3,2
2020-07-26,US,Washington,Clark,1328,34,0,45.77568046,-122.48292040000001,53011.0,271.99682124196863,2.560240963855421,1294,1318,33,0,1285,1308,481857,10,1,0,9,10
2020-07-26,US,Washington,Columbia,12,0,0,46.29442881,-117.9051983,53013.0,301.12923462986197,0.0,12,12,0,0,12,10,4059,0,0,0,0,2
2020-07-26,US,Washington,Cowlitz,395,3,0,46.19074721,-122.6782231,53015.0,357.16546255187933,0.7594936708860759,392,390,3,0,387,389,108987,5,0,0,5,1
2020-07-26,US,Washington,Douglas,638,6,0,47.7361335,-119.69293700000001,53017.0,1469.0644500218748,0.9404388714733544,632,618,6,0,612,597,42907,20,0,0,20,21
2020-07-26,US,Washington,Ferry,9,0,0,48.471143100000006,-118.5154041,53019.0,118.00183558410907,0.0,9,7,0,0,7,7,7649,2,0,0,2,0
2020-07-26,US,Washington,Franklin,3026,44,0,46.53351425,-118.9018212,53021.0,3177.837054462204,1.4540647719762063,2982,2992,44,0,2948,2949,94347,34,0,0,34,43
2020-07-26,US,Washington,Garfield,2,0,0,46.43197502,-117.54540320000001,53023.0,89.88764044943821,0.0,2,2,0,0,2,2,2247,0,0,0,0,0
2020-07-26,US,Washington,Grant,1095,11,0,47.20753737,-119.4500749,53025.0,1120.3994556598082,1.0045662100456618,1084,1064,10,0,1054,1040,97331,31,1,0,30,24
2020-07-26,US,Washington,Grays Harbor,81,2,0,47.14003705,-123.7820567,53027.0,107.91223138514007,2.469135802469136,79,79,2,0,77,75,73901,2,0,0,2,4
2020-07-26,US,Washington,Island,225,11,0,48.14713305,-122.5216407,53029.0,264.26750919063664,4.888888888888889,214,223,11,0,212,222,84460,2,0,0,2,1
2020-07-26,US,Washington,Jefferson,50,0,0,47.75003077,-123.56097040000002,53031.0,155.1782998665467,0.0,50,50,0,0,50,50,31729,0,0,0,0,0
2020-07-26,US,Washington,King,14417,644,0,47.49137892,-121.8346131,53033.0,639.9642752827392,4.4669487410695705,13773,14249,644,0,13605,14026,2233163,168,0,0,168,223
2020-07-26,US,Washington,Kitsap,520,2,0,47.63479026,-122.6436061,53035.0,191.54759405171046,0.38461538461538464,518,494,2,0,492,473,269805,26,0,0,26,21
2020-07-26,US,Washington,Kittitas,316,8,0,47.12521214,-120.67943899999999,53037.0,659.226035256076,2.5316455696202533,308,314,8,0,306,309,47364,2,0,0,2,5
2020-07-26,US,Washington,Klickitat,90,3,0,45.87325839,-120.7913598,53039.0,401.3377926421405,3.333333333333333,87,88,3,0,85,86,22107,2,0,0,2,2
2020-07-26,US,Washington,Lewis,147,3,0,46.57756476,-122.39257690000001,53041.0,182.14033479128204,2.0408163265306123,144,145,3,0,142,140,79604,2,0,0,2,5
2020-07-26,US,Washington,Lincoln,9,0,0,47.57705241,-118.41943880000001,53043.0,82.27443093518603,0.0,9,10,0,0,10,8,10740,-1,0,0,-1,2
2020-07-26,US,Washington,Mason,112,1,0,47.35007586,-123.1863685,53045.0,167.74502755811167,0.8928571428571429,111,102,1,0,101,94,65507,10,0,0,10,8
2020-07-26,US,Washington,Okanogan,605,2,0,48.54855019,-119.73872240000001,53047.0,1432.1899486305426,0.3305785123966942,603,575,2,0,573,551,42132,30,0,0,30,24
2020-07-26,US,Washington,Pacific,30,1,0,46.55418369,-123.7285716,53049.0,133.50540696898224,3.333333333333333,29,27,1,0,26,26,22036,3,0,0,3,1
2020-07-26,US,Washington,Pend Oreille,34,0,0,48.53234021,-117.2741804,53051.0,247.74118332847567,0.0,34,32,0,0,32,28,13602,2,0,0,2,4
2020-07-26,US,Washington,Pierce,4454,119,0,47.03892768,-122.14059579999999,53053.0,492.1655727198391,2.6717557251908395,4335,4355,117,0,4238,4239,891299,99,2,0,97,116
2020-07-26,US,Washington,San Juan,28,0,0,48.60182783,-122.96745,53055.0,159.2537822773291,0.0,28,28,0,0,28,26,17128,0,0,0,0,2
2020-07-26,US,Washington,Skagit,742,18,0,48.48171488,-121.766131,53057.0,574.281181068844,2.4258760107816717,724,735,18,0,717,725,128206,7,0,0,7,10
2020-07-26,US,Washington,Skamania,47,1,0,46.02408726,-121.91644029999999,53059.0,388.976247620624,2.127659574468085,46,45,1,0,44,44,11924,2,0,0,2,1
2020-07-26,US,Washington,Snohomish,4746,184,0,48.04615983,-121.7170703,53061.0,577.3139695140271,3.876949009692373,4562,4718,183,0,4535,4640,814901,28,1,0,27,78
2020-07-26,US,Washington,Spokane,3269,48,0,47.62113146,-117.4046494,53063.0,625.2893086813646,1.4683389415723462,3221,3165,46,0,3119,3023,514631,104,2,0,102,142
2020-07-26,US,Washington,Stevens,59,1,0,48.40035475,-117.8542701,53065.0,129.03790214990264,1.6949152542372878,58,55,1,0,54,51,45260,4,0,0,4,4
2020-07-26,US,Washington,Thurston,546,6,0,46.9291895,-122.82906559999999,53067.0,187.9285183247515,1.0989010989010992,540,538,6,0,532,513,286419,8,0,0,8,25
2020-07-26,US,Washington,Unassigned,170,0,0,0.0,0.0,90053.0,0.0,0.0,170,163,0,0,163,142,,7,0,0,7,21
2020-07-26,US,Washington,Wahkiakum,5,0,0,46.29180039999999,-123.4250831,53069.0,111.40819964349377,0.0,5,5,0,0,5,6,4426,0,0,0,0,-1
2020-07-26,US,Washington,Walla Walla,347,3,0,46.23040051,-118.4775539,53071.0,571.0994075049374,0.8645533141210374,344,340,3,0,337,325,60922,7,0,0,7,15
2020-07-26,US,Washington,Whatcom,844,37,0,48.82227976,-121.74900179999999,53073.0,368.16185162728414,4.38388625592417,807,830,37,0,793,824,225685,14,0,0,14,6
2020-07-26,US,Washington,Whitman,59,0,0,46.90022523,-117.52417630000001,53075.0,117.75506945553249,0.0,59,59,0,0,59,58,49791,0,0,0,0,1
2020-07-26,US,Washington,Yakima,9629,194,0,46.45738486,-120.73801259999999,53077.0,3838.197016020058,2.014747118080797,9435,9557,194,0,9363,9461,251446,72,0,0,72,96
2020-07-26,US,West Virginia,Barbour,28,1,0,39.1307219,-80.00350858,54001.0,170.30594246092087,3.571428571428572,27,28,1,0,27,28,16535,0,0,0,0,0
2020-07-26,US,West Virginia,Berkeley,608,10,0,39.46704621,-78.02414609,54003.0,510.1912378011429,1.6447368421052633,598,608,10,0,598,598,117123,0,0,0,0,10
2020-07-26,US,West Virginia,Boone,70,0,0,38.01974191,-81.69888019,54005.0,326.2338630749872,0.0,70,69,0,0,69,67,21951,1,0,0,1,2
2020-07-26,US,West Virginia,Braxton,8,0,0,38.70036159,-80.72011184,54007.0,57.31890807480117,0.0,8,8,0,0,8,8,14089,0,0,0,0,0
2020-07-26,US,West Virginia,Brooke,48,0,0,40.27367263,-80.57915332,54009.0,218.78845890879256,0.0,48,46,0,0,46,43,22203,2,0,0,2,3
2020-07-26,US,West Virginia,Cabell,281,2,0,38.42424062,-82.23855912,54011.0,305.61748871608035,0.7117437722419929,279,267,2,0,265,252,93224,14,0,0,14,15
2020-07-26,US,West Virginia,Calhoun,5,0,0,38.84315422,-81.11934872,54013.0,70.33338022225348,0.0,5,5,0,0,5,5,7254,0,0,0,0,0
2020-07-26,US,West Virginia,Clay,17,1,0,38.46231092,-81.07652217,54015.0,199.8119417019276,5.882352941176472,16,17,1,0,16,17,8632,0,0,0,0,0
2020-07-26,US,West Virginia,Doddridge,2,0,0,39.27057157,-80.70671527,54017.0,23.674242424242426,0.0,2,,,,,,8406,,,,,
2020-07-26,US,West Virginia,Fayette,114,5,0,38.02974928,-81.08286634,54019.0,268.8298825637881,4.385964912280701,109,112,5,0,107,111,43018,2,0,0,2,1
2020-07-26,US,West Virginia,Gilmer,14,0,0,38.9251277,-80.85952723,54021.0,178.95947846094847,0.0,14,14,0,0,14,14,8026,0,0,0,0,0
2020-07-26,US,West Virginia,Grant,41,0,0,39.10314817,-79.19440518,54023.0,354.42600276625166,0.0,41,39,0,0,39,38,11626,2,0,0,2,1
2020-07-26,US,West Virginia,Greenbrier,81,3,0,37.9463652,-80.45335881,54025.0,233.6853037908949,3.703703703703704,78,82,3,0,79,82,34786,-1,0,0,-1,0
2020-07-26,US,West Virginia,Hampshire,56,1,0,39.32103553,-78.60826476,54027.0,241.63969795037758,1.7857142857142858,55,55,1,0,54,55,23347,1,0,0,1,0
2020-07-26,US,West Virginia,Hancock,85,0,0,40.51943859,-80.57461608,54029.0,295.0364456785838,0.0,85,85,0,0,85,84,29094,0,0,0,0,1
2020-07-26,US,West Virginia,Hardy,51,0,0,39.00683177,-78.85855301,54031.0,370.20905923344947,0.0,51,50,0,0,50,50,13775,1,0,0,1,0
2020-07-26,US,West Virginia,Harrison,160,1,0,39.2853852,-80.37919577,54033.0,237.89699060306887,0.625,159,155,1,0,154,153,67554,5,0,0,5,2
2020-07-26,US,West Virginia,Jackson,153,19,0,38.84263974,-81.68148753,54035.0,535.414333706607,12.418300653594773,134,153,19,0,134,153,28706,0,0,0,0,0
2020-07-26,US,West Virginia,Jefferson,280,4,0,39.30776166,-77.86014147,54037.0,489.9730514821685,1.4285714285714286,276,279,4,0,275,278,56811,1,0,0,1,1
2020-07-26,US,West Virginia,Kanawha,683,20,0,38.33860077,-81.52857054,54039.0,383.44074914104783,2.928257686676428,663,660,20,0,640,653,180454,23,0,0,23,7
2020-07-26,US,West Virginia,Lewis,25,2,0,38.9947249,-80.49988181,54041.0,157.16351291884075,8.0,23,25,2,0,23,25,16024,0,0,0,0,0
2020-07-26,US,West Virginia,Lincoln,48,0,0,38.172154,-82.07017953,54043.0,235.1903571953549,0.0,48,46,0,0,46,39,20599,2,0,0,2,7
2020-07-26,US,West Virginia,Logan,86,1,0,37.8299889,-81.93528571,54045.0,268.5905243761517,1.162790697674419,85,72,1,0,71,66,32607,14,0,0,14,6
2020-07-26,US,West Virginia,Marion,158,2,0,39.50984542,-80.24244659,54049.0,281.7805678413468,1.2658227848101269,156,153,2,0,151,150,56097,5,0,0,5,3
2020-07-26,US,West Virginia,Marshall,98,0,0,39.86064362,-80.66591062,54051.0,320.9852281287871,0.0,98,95,0,0,95,94,30785,3,0,0,3,1
2020-07-26,US,West Virginia,Mason,41,1,0,38.77071799,-82.02524219,54053.0,154.62362347262032,2.4390243902439024,40,40,1,0,39,38,26718,1,0,0,1,2
2020-07-26,US,West Virginia,McDowell,15,0,0,37.38002939,-81.65083669,54047.0,85.11121198365866,0.0,15,14,0,0,14,13,18223,1,0,0,1,1
2020-07-26,US,West Virginia,Mercer,84,0,0,37.40481169,-81.11023142,54055.0,142.95925661186558,0.0,84,81,0,0,81,79,59131,3,0,0,3,2
2020-07-26,US,West Virginia,Mineral,96,3,0,39.41561583,-78.94104895,54057.0,357.3023671281822,3.125,93,91,3,0,88,89,26940,5,0,0,5,2
2020-07-26,US,West Virginia,Mingo,93,2,0,37.73048351,-82.13338365,54059.0,397.0286885245902,2.150537634408602,91,83,2,0,81,79,23785,10,0,0,10,4
2020-07-26,US,West Virginia,Monongalia,817,5,0,39.63218457,-80.04766838,54061.0,773.5863348861873,0.6119951040391677,812,814,5,0,809,806,106420,3,0,0,3,8
2020-07-26,US,West Virginia,Monroe,19,0,0,37.56274716,-80.54577965,54063.0,143.1261770244821,0.0,19,19,0,0,19,19,13280,0,0,0,0,0
2020-07-26,US,West Virginia,Morgan,25,0,0,39.55439028,-78.26311676,54065.0,139.78975620666515,0.0,25,25,0,0,25,25,17787,0,0,0,0,0
2020-07-26,US,West Virginia,Nicholas,23,1,0,38.29617706,-80.79759588,54067.0,93.89288047028086,4.3478260869565215,22,23,1,0,22,23,24842,0,0,0,0,0
2020-07-26,US,West Virginia,Ohio,230,3,0,40.0955451,-80.62203992,54069.0,555.4079833860568,1.3043478260869563,227,227,3,0,224,217,41755,3,0,0,3,10
2020-07-26,US,West Virginia,Pendleton,28,1,0,38.68314479,-79.35084086,54071.0,401.7793083656192,3.571428571428572,27,28,1,0,27,26,6997,0,0,0,0,2
2020-07-26,US,West Virginia,Pleasants,7,0,0,39.37091679,-81.16771771,54073.0,93.83378016085793,0.0,7,7,0,0,7,6,7507,0,0,0,0,1
2020-07-26,US,West Virginia,Pocahontas,40,0,0,38.32758728,-80.00993811,54075.0,485.0248575239481,0.0,40,40,0,0,40,40,8414,0,0,0,0,0
2020-07-26,US,West Virginia,Preston,119,2,0,39.46770987,-79.66712803,54077.0,355.9463986599665,1.680672268907563,117,117,2,0,115,114,33839,2,0,0,2,3
2020-07-26,US,West Virginia,Putnam,140,0,0,38.50782345,-81.9082131,54079.0,248.00708591674046,0.0,140,136,0,0,136,133,56682,4,0,0,4,3
2020-07-26,US,West Virginia,Raleigh,130,0,0,37.76936795,-81.2456041,54081.0,177.2058723299846,0.0,130,125,0,0,125,122,74254,5,0,0,5,3
2020-07-26,US,West Virginia,Randolph,205,0,0,38.769899,-79.87919615,54083.0,714.4101759888483,0.0,205,205,0,0,205,202,28823,0,0,0,0,3
2020-07-26,US,West Virginia,Ritchie,3,0,0,39.18094587,-81.06356878,54085.0,31.400460540087924,0.0,3,3,0,0,3,3,9721,0,0,0,0,0
2020-07-26,US,West Virginia,Roane,14,1,0,38.71622686,-81.35243568,54087.0,102.27936879018118,7.142857142857142,13,14,1,0,13,12,13932,0,0,0,0,2
2020-07-26,US,West Virginia,Summers,4,0,0,37.65390597,-80.86009693,54089.0,31.8142050425515,0.0,4,4,0,0,4,2,12760,0,0,0,0,2
2020-07-26,US,West Virginia,Taylor,40,0,0,39.33602617,-80.0421439,54091.0,239.5926924228811,0.0,40,40,0,0,40,36,16862,0,0,0,0,4
2020-07-26,US,West Virginia,Tucker,8,0,0,39.11240885,-79.57053576,54093.0,116.97616610615587,0.0,8,8,0,0,8,7,6955,0,0,0,0,1
2020-07-26,US,West Virginia,Tyler,11,0,0,39.46811972,-80.88772676,54095.0,128.04097311139566,0.0,11,11,0,0,11,11,8746,0,0,0,0,0
2020-07-26,US,West Virginia,Upshur,35,0,0,38.89285061,-80.23689136,54097.0,144.77167438782263,0.0,35,36,0,0,36,36,24415,-1,0,0,-1,0
2020-07-26,US,West Virginia,Wayne,175,9,0,38.14901357,-82.42287994,54099.0,444.1398913760723,5.142857142857143,166,175,9,0,166,168,39944,0,0,0,0,7
2020-07-26,US,West Virginia,Webster,3,0,0,38.49370949,-80.4202023,54101.0,36.973132856790734,0.0,3,3,0,0,3,3,8285,0,0,0,0,0
2020-07-26,US,West Virginia,Wetzel,41,0,0,39.6065771,-80.64016540000001,54103.0,272.15399933620984,0.0,41,41,0,0,41,41,15270,0,0,0,0,0
2020-07-26,US,West Virginia,Wirt,6,0,0,39.02775007,-81.37473928,54105.0,103.07507301151009,0.0,6,6,0,0,6,6,5830,0,0,0,0,0
2020-07-26,US,West Virginia,Wood,222,3,0,39.20967886,-81.5162836,54107.0,265.81096290619985,1.351351351351351,219,221,3,0,218,219,84203,1,0,0,1,2
2020-07-26,US,West Virginia,Wyoming,15,0,0,37.612327,-81.54511071,54109.0,73.55104442483083,0.0,15,15,0,0,15,15,20786,0,0,0,0,0
2020-07-26,US,Wisconsin,Adams,61,2,0,43.96974651,-89.76782777,55001.0,301.68150346191885,3.278688524590164,59,60,2,0,58,56,20348,1,0,0,1,4
2020-07-26,US,Wisconsin,Ashland,15,0,0,46.31956891,-90.67837132,55003.0,96.38863899241743,0.0,15,14,0,0,14,14,15600,1,0,0,1,0
2020-07-26,US,Wisconsin,Barron,116,3,0,45.42372701,-91.84833627,55005.0,256.38758730439395,2.586206896551724,113,99,2,0,97,96,45164,17,1,0,16,3
2020-07-26,US,Wisconsin,Bayfield,18,1,0,46.52868768,-91.19716729,55007.0,119.71268954509178,5.5555555555555545,17,16,1,0,15,16,15042,2,0,0,2,0
2020-07-26,US,Wisconsin,Brown,3766,50,0,44.452655299999996,-88.00411844,55009.0,1423.5924730288575,1.327668613913967,3716,3735,50,0,3685,3688,263378,31,0,0,31,47
2020-07-26,US,Wisconsin,Buffalo,36,2,0,44.37835084,-91.75332578,55011.0,276.2642928401504,5.5555555555555545,34,36,2,0,34,34,13125,0,0,0,0,2
2020-07-26,US,Wisconsin,Burnett,9,1,0,45.86303537,-92.36711412,55013.0,58.38847800700662,11.111111111111109,8,9,1,0,8,9,15392,0,0,0,0,0
2020-07-26,US,Wisconsin,Calumet,215,2,0,44.0816316,-88.21780273,55015.0,429.23595999121557,0.9302325581395348,213,214,2,0,212,204,50159,1,0,0,1,10
2020-07-26,US,Wisconsin,Chippewa,192,0,0,45.06939744,-91.28068855,55017.0,296.9470135172756,0.0,192,188,0,0,188,183,64135,4,0,0,4,5
2020-07-26,US,Wisconsin,Clark,157,7,0,44.73483377,-90.61207486,55019.0,451.4867429688848,4.4585987261146505,150,156,7,0,149,154,34709,1,0,0,1,2
2020-07-26,US,Wisconsin,Columbia,195,1,0,43.46492199,-89.33589004,55021.0,338.9418062991031,0.5128205128205128,194,187,1,0,186,181,57358,8,0,0,8,6
2020-07-26,US,Wisconsin,Crawford,52,0,0,43.23870316,-90.93073686,55023.0,322.36067199801624,0.0,52,51,0,0,51,50,16291,1,0,0,1,1
2020-07-26,US,Wisconsin,Dane,3831,33,0,43.06601594,-89.41733797,55025.0,700.7563632372712,0.8613938919342208,3798,3781,33,0,3748,3732,542364,50,0,0,50,49
2020-07-26,US,Wisconsin,Dodge,617,5,0,43.41576662,-88.70928178,55027.0,702.4214756543221,0.8103727714748784,612,609,5,0,604,599,87847,8,0,0,8,10
2020-07-26,US,Wisconsin,Door,82,3,0,44.95856458,-87.30002707,55029.0,296.3712592164233,3.6585365853658534,79,82,3,0,79,80,27610,0,0,0,0,2
2020-07-26,US,Wisconsin,Douglas,92,0,0,46.43222285,-91.91595768,55031.0,213.20973348783315,0.0,92,89,0,0,89,87,43208,3,0,0,3,2
2020-07-26,US,Wisconsin,Dunn,88,0,0,44.94562799,-91.8962481,55033.0,193.9693175806736,0.0,88,85,0,0,85,84,45131,3,0,0,3,1
2020-07-26,US,Wisconsin,Eau Claire,433,3,0,44.726614,-91.28609183,55035.0,413.77596850333504,0.6928406466512702,430,433,3,0,430,423,104534,0,0,0,0,10
2020-07-26,US,Wisconsin,Florence,5,0,0,45.84963535,-88.39804137,55037.0,116.41443538998837,0.0,5,5,0,0,5,6,4321,0,0,0,0,-1
2020-07-26,US,Wisconsin,Fond du Lac,493,6,0,43.75354908,-88.48885325,55039.0,476.77533533843314,1.2170385395537526,487,480,6,0,474,473,103066,13,0,0,13,7
2020-07-26,US,Wisconsin,Forest,57,4,0,45.66678019,-88.77084892,55041.0,633.0519768991559,7.0175438596491215,53,57,4,0,53,55,8991,0,0,0,0,2
2020-07-26,US,Wisconsin,Grant,286,14,0,42.8671731,-90.7063218,55043.0,555.9983669978034,4.895104895104895,272,282,14,0,268,266,51554,4,0,0,4,16
2020-07-26,US,Wisconsin,Green,120,1,0,42.6794956,-89.60243287,55045.0,324.67532467532465,0.8333333333333334,119,119,1,0,118,119,36929,1,0,0,1,0
2020-07-26,US,Wisconsin,Green Lake,49,0,0,43.80025981,-89.04679553,55047.0,259.081055358748,0.0,49,49,0,0,49,49,18918,0,0,0,0,0
2020-07-26,US,Wisconsin,Iowa,57,0,0,43.00050278,-90.13469017,55049.0,240.72979136751408,0.0,57,56,0,0,56,56,23771,1,0,0,1,0
2020-07-26,US,Wisconsin,Iron,60,1,0,46.26302338,-90.24295041,55051.0,1055.0378055213646,1.6666666666666667,59,47,1,0,46,42,5676,13,0,0,13,5
2020-07-26,US,Wisconsin,Jackson,39,1,0,44.31864893,-90.80566792,55053.0,188.9260281935765,2.5641025641025643,38,37,1,0,36,38,20478,2,0,0,2,-1
2020-07-26,US,Wisconsin,Jefferson,511,4,0,43.02054068,-88.77529134,55055.0,602.8147082070096,0.7827788649706457,507,504,4,0,500,482,85129,7,0,0,7,22
2020-07-26,US,Wisconsin,Juneau,107,1,0,43.92456975,-90.11120239,55057.0,400.9442799865103,0.9345794392523364,106,98,1,0,97,86,26617,9,0,0,9,12
2020-07-26,US,Wisconsin,Kenosha,2245,50,0,42.57639354,-88.04051686,55059.0,1324.00728941207,2.2271714922049,2195,2229,50,0,2179,2203,169290,16,0,0,16,26
2020-07-26,US,Wisconsin,Kewaunee,100,1,0,44.51727459,-87.61468386,55061.0,489.3804443574435,1.0,99,99,1,0,98,98,20383,1,0,0,1,1
2020-07-26,US,Wisconsin,La Crosse,735,1,0,43.90632465,-91.11451093,55063.0,622.7969088937093,0.1360544217687075,734,725,1,0,724,715,118230,10,0,0,10,10
2020-07-26,US,Wisconsin,Lafayette,99,0,0,42.66005229,-90.1317729,55065.0,594.059405940594,0.0,99,98,0,0,98,94,16665,1,0,0,1,4
2020-07-26,US,Wisconsin,Langlade,30,1,0,45.26271619,-89.07483625,55067.0,156.3395695450519,3.333333333333333,29,26,1,0,25,20,19268,4,0,0,4,6
2020-07-26,US,Wisconsin,Lincoln,52,0,0,45.33737523,-89.73411273,55069.0,188.45359330264918,0.0,52,52,0,0,52,50,27689,0,0,0,0,2
2020-07-26,US,Wisconsin,Manitowoc,247,1,0,44.11946801,-87.80928853,55071.0,312.7334422202808,0.4048582995951417,246,228,1,0,227,224,79074,19,0,0,19,4
2020-07-26,US,Wisconsin,Marathon,494,4,0,44.89792533,-89.75863384,55073.0,364.0597824484863,0.8097165991902834,490,466,4,0,462,442,135428,28,0,0,28,24
2020-07-26,US,Wisconsin,Marinette,231,3,0,45.38553432,-88.03324599999998,55075.0,572.4907063197026,1.2987012987012987,228,226,3,0,223,208,40434,5,0,0,5,18
2020-07-26,US,Wisconsin,Marquette,67,1,0,43.81911946,-89.40073763,55077.0,430.20418646462053,1.492537313432836,66,66,1,0,65,64,15434,1,0,0,1,2
2020-07-26,US,Wisconsin,Menominee,17,0,0,45.00422544,-88.70950714,55078.0,373.13432835820885,0.0,17,17,0,0,17,16,4658,0,0,0,0,1
2020-07-26,US,Wisconsin,Milwaukee,18140,427,0,43.00486062,-87.96733172,55079.0,1918.103129236164,2.353914002205072,17713,17861,427,0,17434,17537,948201,279,0,0,279,324
2020-07-26,US,Wisconsin,Monroe,177,1,0,43.94641218,-90.61881899999999,55081.0,382.6778803537068,0.5649717514124294,176,174,1,0,173,168,46051,3,0,0,3,6
2020-07-26,US,Wisconsin,Oconto,140,0,0,45.02715345,-88.26807503,55083.0,369.10097548114953,0.0,140,137,0,0,137,134,37830,3,0,0,3,3
2020-07-26,US,Wisconsin,Oneida,69,0,0,45.70677897,-89.51944105,55085.0,193.8474504846186,0.0,69,62,0,0,62,60,35470,7,0,0,7,2
2020-07-26,US,Wisconsin,Outagamie,965,12,0,44.41578887,-88.46565023,55087.0,513.6120499241556,1.243523316062176,953,922,12,0,910,903,187365,43,0,0,43,19
2020-07-26,US,Wisconsin,Ozaukee,468,16,0,43.38352225,-87.94625009,55089.0,524.54018672734,3.418803418803418,452,459,16,0,443,449,89147,9,0,0,9,10
2020-07-26,US,Wisconsin,Pepin,38,0,0,44.58307413,-91.99949611,55091.0,521.4766021682448,0.0,38,38,0,0,38,36,7289,0,0,0,0,2
2020-07-26,US,Wisconsin,Pierce,148,0,0,44.71850291,-92.4224416,55093.0,346.16644056696447,0.0,148,146,0,0,146,140,42555,2,0,0,2,6
2020-07-26,US,Wisconsin,Polk,97,2,0,45.46130348,-92.44182875,55095.0,221.54717584450586,2.061855670103093,95,95,2,0,93,94,43598,2,0,0,2,1
2020-07-26,US,Wisconsin,Portage,321,0,0,44.47558711,-89.50152965,55097.0,453.5692081614199,0.0,321,318,0,0,318,316,70942,3,0,0,3,2
2020-07-26,US,Wisconsin,Price,19,0,0,45.68051754,-90.36098879999999,55099.0,142.3114373455172,0.0,19,19,0,0,19,18,13397,0,0,0,0,1
2020-07-26,US,Wisconsin,Racine,2906,72,0,42.74753117,-88.05941254,55101.0,1480.3042111751251,2.4776324845147966,2834,2881,72,0,2809,2839,196584,25,0,0,25,42
2020-07-26,US,Wisconsin,Richland,21,4,0,43.3762778,-90.43012729,55103.0,121.7250173892882,19.047619047619047,17,21,4,0,17,21,17377,0,0,0,0,0
2020-07-26,US,Wisconsin,Rock,1290,25,0,42.67151616,-89.07147900000002,55105.0,789.695997649277,1.937984496124031,1265,1279,25,0,1254,1255,163129,11,0,0,11,24
2020-07-26,US,Wisconsin,Rusk,13,1,0,45.47498854,-91.1333012,55107.0,91.69135280011284,7.6923076923076925,12,13,1,0,12,13,14147,0,0,0,0,0
2020-07-26,US,Wisconsin,Sauk,288,3,0,43.42574087,-89.94966132,55111.0,446.91350361565435,1.0416666666666667,285,273,3,0,270,262,64249,15,0,0,15,11
2020-07-26,US,Wisconsin,Sawyer,24,0,0,45.87931905,-91.14504927,55113.0,144.94504167169947,0.0,24,21,0,0,21,21,16489,3,0,0,3,0
2020-07-26,US,Wisconsin,Shawano,129,0,0,44.78902246,-88.76443896,55115.0,315.41113474657084,0.0,129,127,0,0,127,124,40796,2,0,0,2,3
2020-07-26,US,Wisconsin,Sheboygan,473,5,0,43.72099677,-87.94579284,55117.0,410.0919022021848,1.0570824524312896,468,464,5,0,459,446,115456,9,0,0,9,18
2020-07-26,US,Wisconsin,St. Croix,390,2,0,45.03437474,-92.45000068,55109.0,430.0506136491449,0.5128205128205128,388,386,2,0,384,375,89694,4,0,0,4,11
2020-07-26,US,Wisconsin,Taylor,41,0,0,45.21179252,-90.5004405,55119.0,201.5435284864573,0.0,41,39,0,0,39,38,20412,2,0,0,2,1
2020-07-26,US,Wisconsin,Trempealeau,262,1,0,44.30360275,-91.35893614,55121.0,883.6722992343755,0.3816793893129771,261,256,1,0,255,255,29442,6,0,0,6,1
2020-07-26,US,Wisconsin,Vernon,48,0,0,43.59422667,-90.8324691,55123.0,155.73291804555188,0.0,48,47,0,0,47,46,30785,1,0,0,1,1
2020-07-26,US,Wisconsin,Vilas,22,0,0,46.05467334,-89.51719204,55125.0,99.1214237440865,0.0,22,22,0,0,22,22,21938,0,0,0,0,0
2020-07-26,US,Wisconsin,Walworth,1051,21,0,42.66858202,-88.54163073,55127.0,1011.8612084568877,1.998097050428164,1030,1024,21,0,1003,1006,103718,27,0,0,27,18
2020-07-26,US,Wisconsin,Washburn,10,0,0,45.89838588,-91.79050449,55129.0,63.613231552162844,0.0,10,9,0,0,9,9,15878,1,0,0,1,0
2020-07-26,US,Wisconsin,Washington,700,19,0,43.36863664,-88.22974712,55131.0,514.5772380434304,2.7142857142857144,681,675,19,0,656,662,135693,25,0,0,25,13
2020-07-26,US,Wisconsin,Waukesha,3001,43,0,43.01833055,-88.30431188,55133.0,742.4579042944299,1.432855714761746,2958,2863,43,0,2820,2774,403072,138,0,0,138,89
2020-07-26,US,Wisconsin,Waupaca,312,14,0,44.47068056,-88.96534501,55135.0,611.8846832712296,4.487179487179487,298,275,14,0,261,270,51128,37,0,0,37,5
2020-07-26,US,Wisconsin,Waushara,69,0,0,44.11324419,-89.24317107,55137.0,282.2894080104733,0.0,69,62,0,0,62,59,24263,7,0,0,7,3
2020-07-26,US,Wisconsin,Winnebago,954,16,0,44.06886922,-88.64477096,55139.0,554.9512236267284,1.6771488469601676,938,931,16,0,915,913,171020,23,0,0,23,18
2020-07-26,US,Wisconsin,Wood,165,1,0,44.45537896,-90.04158336,55141.0,226.03049356840503,0.6060606060606061,164,161,1,0,160,156,73055,4,0,0,4,5
2020-07-26,US,Wyoming,Albany,78,0,0,41.65498705,-105.72354150000001,56001.0,200.6172839506173,0.0,78,78,0,0,78,76,38601,0,0,0,0,2
2020-07-26,US,Wyoming,Big Horn,33,0,0,44.52405055,-107.9960365,56003.0,279.89821882951657,0.0,33,33,0,0,33,33,11881,0,0,0,0,0
2020-07-26,US,Wyoming,Campbell,107,0,0,44.24886082,-105.54744040000001,56005.0,230.8970458125634,0.0,107,107,0,0,107,103,46140,0,0,0,0,4
2020-07-26,US,Wyoming,Carbon,65,0,0,41.69357844,-106.9326084,56007.0,439.1891891891892,0.0,65,61,0,0,61,60,14971,4,0,0,4,1
2020-07-26,US,Wyoming,Converse,30,0,0,42.97272268,-105.5081848,56009.0,217.04529011720444,0.0,30,30,0,0,30,30,13640,0,0,0,0,0
2020-07-26,US,Wyoming,Crook,9,0,0,44.58855102,-104.56977049999999,56011.0,118.67088607594937,0.0,9,9,0,0,9,9,7450,0,0,0,0,0
2020-07-26,US,Wyoming,Fremont,453,0,0,43.04183996,-108.6296893,56013.0,1153.8167647283565,0.0,453,448,0,0,448,444,39531,5,0,0,5,4
2020-07-26,US,Wyoming,Goshen,11,0,0,42.08798185,-104.3534743,56015.0,83.2639467110741,0.0,11,11,0,0,11,11,13376,0,0,0,0,0
2020-07-26,US,Wyoming,Hot Springs,16,0,0,43.71930657,-108.44231740000001,56017.0,362.5651484251076,0.0,16,16,0,0,16,16,4555,0,0,0,0,0
2020-07-26,US,Wyoming,Johnson,22,1,0,44.04057166,-106.58451740000001,56019.0,260.5091770278271,4.545454545454546,21,22,1,0,21,22,8460,0,0,0,0,0
2020-07-26,US,Wyoming,Laramie,415,0,0,41.30702520000001,-104.6887497,56021.0,417.0854271356784,0.0,415,412,0,0,412,409,98976,3,0,0,3,3
2020-07-26,US,Wyoming,Lincoln,88,0,0,42.26376367,-110.6563997,56023.0,443.7720625315178,0.0,88,85,0,0,85,81,19434,3,0,0,3,4
2020-07-26,US,Wyoming,Natrona,195,0,0,42.96180148,-106.79788500000001,56025.0,244.18342558040518,0.0,195,192,0,0,192,187,79115,3,0,0,3,5
2020-07-26,US,Wyoming,Niobrara,2,0,0,43.05607708,-104.47588959999999,56027.0,84.88964346349746,0.0,2,2,0,0,2,2,2388,0,0,0,0,0
2020-07-26,US,Wyoming,Park,99,0,0,44.52157546,-109.58528249999999,56029.0,339.11077618688773,0.0,99,98,0,0,98,97,29324,1,0,0,1,1
2020-07-26,US,Wyoming,Platte,5,0,0,42.13299116,-104.96633100000001,56031.0,59.57345406886692,0.0,5,5,0,0,5,5,8566,0,0,0,0,0
2020-07-26,US,Wyoming,Sheridan,41,0,0,44.79048913,-106.8862389,56033.0,134.49237329834344,0.0,41,40,0,0,40,40,30233,1,0,0,1,0
2020-07-26,US,Wyoming,Sublette,30,0,0,42.76558279,-109.91309220000001,56035.0,305.1571559353066,0.0,30,26,0,0,26,25,9813,4,0,0,4,1
2020-07-26,US,Wyoming,Sweetwater,215,0,0,41.65943896,-108.8827882,56037.0,507.75807099166326,0.0,215,214,0,0,214,210,43051,1,0,0,1,4
2020-07-26,US,Wyoming,Teton,279,0,0,43.93522482,-110.5890801,56039.0,1189.055574497102,0.0,279,275,0,0,275,264,23081,4,0,0,4,11
2020-07-26,US,Wyoming,Uinta,233,0,0,41.2878183,-110.54757820000002,56041.0,1151.982596657767,0.0,233,232,0,0,232,232,20299,1,0,0,1,0
2020-07-26,US,Wyoming,Unassigned,0,24,0,0.0,0.0,90056.0,0.0,0.0,-24,1,24,0,-23,0,,-1,0,0,-1,1
2020-07-26,US,Wyoming,Washakie,45,0,0,43.90451606,-107.68018700000002,56043.0,576.5534913516976,0.0,45,45,0,0,45,45,7885,0,0,0,0,0
2020-07-26,US,Wyoming,Weston,4,0,0,43.83961191,-104.56748809999999,56045.0,57.74505557961599,0.0,4,4,0,0,4,4,6967,0,0,0,0,0
