Date,Country/Region,Province/State,Admin2,Confirmed,Deaths,Recovered,Latitude,Longitude,FIPS,Incidence_Rate,Case-Fatality_Ratio,Active Cases,Previous Confirmed,Previous Deaths,Previous Recovered,Previous Active,Prev2 Confirmed,Population,Daily Confirmed,Daily Deaths,Daily Recovered,Daily Active,Previous Daily Confirmed
2020-08-01,US,Alabama,Autauga,988,20,0,32.53952745,-86.64408227,1001.0,1768.4225599169486,2.0242914979757085,968,972,20,0,952,963,55601,16,0,0,16,9
2020-08-01,US,Alabama,Baldwin,3095,21,0,30.72774991,-87.72207058,1003.0,1386.4375498355985,0.678513731825525,3074,3056,21,0,3035,2984,218022,39,0,0,39,72
2020-08-01,US,Alabama,Barbour,554,5,0,31.868263,-85.3871286,1005.0,2244.186988576521,0.9025270758122744,549,550,5,0,545,539,24881,4,0,0,4,11
2020-08-01,US,Alabama,Bibb,360,2,0,32.99642064,-87.12511459999996,1007.0,1607.5734571760293,0.5555555555555556,358,355,2,0,353,344,22400,5,0,0,5,11
2020-08-01,US,Alabama,Blount,704,3,0,33.98210918,-86.56790593,1009.0,1217.4454397675784,0.4261363636363637,701,685,3,0,682,658,57840,19,0,0,19,27
2020-08-01,US,Alabama,Bullock,436,11,0,32.10030533,-85.71265535,1011.0,4316.404316404316,2.5229357798165144,425,430,11,0,419,428,10138,6,0,0,6,2
2020-08-01,US,Alabama,Butler,743,35,0,31.75300095,-86.68057478,1013.0,3820.4442616207316,4.710632570659488,708,739,35,0,704,733,19680,4,0,0,4,6
2020-08-01,US,Alabama,Calhoun,1438,9,0,33.77483727,-85.82630386,1015.0,1265.7893578627702,0.6258692628650904,1429,1409,9,0,1400,1297,114277,29,0,0,29,112
2020-08-01,US,Alabama,Chambers,807,38,0,32.91360079,-85.39072749,1017.0,2426.7757262284235,4.7087980173482045,769,806,38,0,768,800,33615,1,0,0,1,6
2020-08-01,US,Alabama,Cherokee,222,7,0,34.17805983,-85.60638968,1019.0,847.4576271186438,3.1531531531531534,215,219,7,0,212,217,26032,3,0,0,3,2
2020-08-01,US,Alabama,Chilton,673,5,0,32.85044126,-86.7173256,1021.0,1514.8104798775546,0.7429420505200595,668,660,5,0,655,650,44153,13,0,0,13,10
2020-08-01,US,Alabama,Choctaw,271,12,0,32.02227341,-88.26564429999998,1023.0,2152.6729684645325,4.428044280442805,259,271,12,0,259,265,12841,0,0,0,0,6
2020-08-01,US,Alabama,Clarke,479,9,0,31.68099859,-87.83548597,1025.0,2027.770722208111,1.8789144050104385,470,473,9,0,464,469,23920,6,0,0,6,4
2020-08-01,US,Alabama,Clay,200,5,0,33.26984193,-85.85836077,1027.0,1511.144692104269,2.5,195,194,5,0,189,189,13275,6,0,0,6,5
2020-08-01,US,Alabama,Cleburne,112,1,0,33.67679204,-85.52005899,1029.0,751.1737089201877,0.8928571428571429,111,111,1,0,110,110,14987,1,0,0,1,1
2020-08-01,US,Alabama,Coffee,695,5,0,31.39932826,-85.98901039,1031.0,1327.8055863360207,0.7194244604316546,690,689,5,0,684,672,51909,6,0,0,6,17
2020-08-01,US,Alabama,Colbert,1050,11,0,34.69847452,-87.80168544,1033.0,1900.762115095672,1.0476190476190477,1039,1041,11,0,1030,1007,54762,9,0,0,9,34
2020-08-01,US,Alabama,Conecuh,363,10,0,31.43401703,-86.99320044,1035.0,3008.2041932543293,2.7548209366391183,353,358,10,0,348,354,12277,5,0,0,5,4
2020-08-01,US,Alabama,Coosa,89,2,0,32.93690146,-86.24847739,1037.0,834.6619150332926,2.247191011235955,87,89,2,0,87,89,10715,0,0,0,0,0
2020-08-01,US,Alabama,Covington,684,20,0,31.247785399999998,-86.45050893,1039.0,1846.203676212584,2.9239766081871346,664,680,20,0,660,659,36986,4,0,0,4,21
2020-08-01,US,Alabama,Crenshaw,279,3,0,31.72941803,-86.31593104,1041.0,2025.8495498112106,1.075268817204301,276,276,3,0,273,271,13824,3,0,0,3,5
2020-08-01,US,Alabama,Cullman,1090,11,0,34.13020303,-86.86888037,1043.0,1301.2128736510365,1.0091743119266054,1079,1075,11,0,1064,1050,83442,15,0,0,15,25
2020-08-01,US,Alabama,Dale,763,18,0,31.43037123,-85.61095742,1045.0,1551.6960872041,2.3591087811271296,745,749,18,0,731,738,48956,14,0,0,14,11
2020-08-01,US,Alabama,Dallas,1265,23,0,32.32688101,-87.10866709999998,1047.0,3400.9033229379493,1.818181818181818,1242,1259,23,0,1236,1233,38310,6,0,0,6,26
2020-08-01,US,Alabama,DeKalb,1650,11,0,34.45946862,-85.80782906,1049.0,2307.272803546209,0.6666666666666666,1639,1628,11,0,1617,1594,71385,22,0,0,22,34
2020-08-01,US,Alabama,Elmore,1562,37,0,32.59785413,-86.14415284,1051.0,1923.4321319065616,2.3687580025608197,1525,1544,35,0,1509,1514,81887,18,2,0,16,30
2020-08-01,US,Alabama,Escambia,952,15,0,31.1256789,-87.15918694,1053.0,2598.749761144323,1.5756302521008403,937,943,15,0,928,909,36748,9,0,0,9,34
2020-08-01,US,Alabama,Etowah,1884,24,0,34.04567266,-86.04051873,1055.0,1842.2184847655176,1.2738853503184713,1860,1857,19,0,1838,1797,102501,27,5,0,22,60
2020-08-01,US,Alabama,Fayette,167,5,0,33.72076938,-87.73886638,1057.0,1024.4141823089192,2.9940119760479043,162,163,5,0,158,162,16433,4,0,0,4,1
2020-08-01,US,Alabama,Franklin,1165,20,0,34.44235334,-87.84289505,1059.0,3714.6865633569287,1.7167381974248928,1145,1162,20,0,1142,1144,31363,3,0,0,3,18
2020-08-01,US,Alabama,Geneva,216,0,0,31.09389027,-85.83572839,1061.0,822.1993833504625,0.0,216,210,0,0,210,204,26314,6,0,0,6,6
2020-08-01,US,Alabama,Greene,239,11,0,32.85504247,-87.95684022,1063.0,2946.6157070644804,4.602510460251046,228,239,11,0,228,238,8233,0,0,0,0,1
2020-08-01,US,Alabama,Hale,448,25,0,32.76039258,-87.63284988,1065.0,3057.811753463928,5.580357142857144,423,446,25,0,421,438,14726,2,0,0,2,8
2020-08-01,US,Alabama,Henry,238,3,0,31.51148016,-85.24267944,1067.0,1383.3188026736414,1.2605042016806722,235,233,3,0,230,231,17209,5,0,0,5,2
2020-08-01,US,Alabama,Houston,1275,12,0,31.15197924,-85.29939599,1069.0,1204.1706805689353,0.9411764705882352,1263,1242,12,0,1230,1219,104722,33,0,0,33,23
2020-08-01,US,Alabama,Jackson,783,3,0,34.78144169,-85.99750489,1071.0,1516.6776430480766,0.3831417624521073,780,749,3,0,746,720,51736,34,0,0,34,29
2020-08-01,US,Alabama,Jefferson,11465,225,0,33.55554728,-86.89506300000002,1073.0,1740.8852169767056,1.9624945486262535,11240,11194,223,0,10971,10939,659300,271,2,0,269,255
2020-08-01,US,Alabama,Lamar,191,2,0,33.77995024,-88.09668032,1075.0,1383.5566823614633,1.0471204188481675,189,191,2,0,189,189,13844,0,0,0,0,2
2020-08-01,US,Alabama,Lauderdale,1028,12,0,34.90171875,-87.65624729,1077.0,1108.60680046156,1.1673151750972763,1016,1014,10,0,1004,990,92387,14,2,0,12,24
2020-08-01,US,Alabama,Lawrence,298,0,0,34.52041498,-87.31069453,1079.0,905.114809865144,0.0,298,295,0,0,295,281,32957,3,0,0,3,14
2020-08-01,US,Alabama,Lee,2455,40,0,32.60154883,-85.35132246,1081.0,1492.0202744588007,1.6293279022403258,2415,2430,40,0,2390,2386,163941,25,0,0,25,44
2020-08-01,US,Alabama,Limestone,1155,12,0,34.81185586,-86.98310072,1083.0,1167.6692109386847,1.0389610389610389,1143,1146,11,0,1135,1117,96174,9,1,0,8,29
2020-08-01,US,Alabama,Lowndes,545,24,0,32.1597283,-86.65158371,1085.0,5603.536911371582,4.403669724770642,521,546,24,0,522,547,9974,-1,0,0,-1,-1
2020-08-01,US,Alabama,Macon,304,12,0,32.38759944,-85.69267724,1087.0,1682.5326544166485,3.947368421052632,292,300,12,0,288,298,18439,4,0,0,4,2
2020-08-01,US,Alabama,Madison,4817,25,0,34.76327133,-86.55069633,1089.0,1291.7360535680286,0.5189952252439277,4792,4720,25,0,4695,4658,366519,97,0,0,97,62
2020-08-01,US,Alabama,Marengo,506,14,0,32.24767634,-87.78796182,1091.0,2682.500132534592,2.766798418972332,492,504,14,0,490,502,19066,2,0,0,2,2
2020-08-01,US,Alabama,Marion,528,24,0,34.13697363,-87.88704173,1093.0,1777.239220438251,4.545454545454546,504,523,24,0,499,510,29763,5,0,0,5,13
2020-08-01,US,Alabama,Marshall,2878,30,0,34.36975964,-86.30486727,1095.0,2973.939281211896,1.0423905489923555,2848,2823,28,0,2795,2795,96109,55,2,0,53,28
2020-08-01,US,Alabama,Mobile,8466,188,0,30.78472347,-88.20842409,1097.0,2048.8371530214663,2.2206472950626037,8278,8084,187,0,7897,7879,413757,382,1,0,381,205
2020-08-01,US,Alabama,Monroe,385,3,0,31.56729412,-87.36995001,1099.0,1856.9430376694158,0.7792207792207793,382,384,3,0,381,376,21067,1,0,0,1,8
2020-08-01,US,Alabama,Montgomery,6093,141,0,32.2206831,-86.20969272,1101.0,2690.2325088526445,2.314130969965534,5952,6047,141,0,5906,5957,225763,46,0,0,46,90
2020-08-01,US,Alabama,Morgan,2156,14,0,34.45500589,-86.85475946,1103.0,1801.4856407556879,0.6493506493506493,2142,2129,14,0,2115,2098,119089,27,0,0,27,31
2020-08-01,US,Alabama,Perry,419,3,0,32.64048341,-87.29770589,1105.0,4695.730135604616,0.7159904534606205,416,417,3,0,414,411,9140,2,0,0,2,6
2020-08-01,US,Alabama,Pickens,359,9,0,33.28094866,-88.08818103,1107.0,1801.3045659809336,2.5069637883008355,350,355,9,0,346,347,19938,4,0,0,4,8
2020-08-01,US,Alabama,Pike,644,7,0,31.80396383,-85.9408295,1109.0,1944.7967626985564,1.0869565217391304,637,640,7,0,633,631,33338,4,0,0,4,9
2020-08-01,US,Alabama,Randolph,386,10,0,33.29526734,-85.45708831,1111.0,1698.7941202358948,2.5906735751295336,376,384,10,0,374,378,22725,2,0,0,2,6
2020-08-01,US,Alabama,Russell,1185,1,0,32.28725256,-85.18415324,1113.0,2044.478183606218,0.08438818565400844,1184,1161,1,0,1160,1143,57781,24,0,0,24,18
2020-08-01,US,Alabama,Shelby,2954,31,0,33.26879845,-86.66232561,1117.0,1356.9007174945568,1.0494245091401488,2923,2911,31,0,2880,2836,215707,43,0,0,43,75
2020-08-01,US,Alabama,St. Clair,1169,11,0,33.71902176,-86.31029372,1115.0,1305.9701492537313,0.9409751924721984,1158,1151,9,0,1142,1112,88690,18,2,0,16,39
2020-08-01,US,Alabama,Sumter,361,18,0,32.59117397,-88.19916205,1119.0,2904.964995574153,4.986149584487535,343,360,17,0,343,352,12691,1,1,0,0,8
2020-08-01,US,Alabama,Talladega,862,13,0,33.37823223,-86.16886178,1121.0,1077.7963940083523,1.508120649651972,849,847,12,0,835,816,79828,15,1,0,14,31
2020-08-01,US,Alabama,Tallapoosa,801,78,0,32.86698258,-85.79833053,1123.0,1984.294101617658,9.737827715355806,723,798,78,0,720,781,40497,3,0,0,3,17
2020-08-01,US,Alabama,Tuscaloosa,3851,61,0,33.28726072,-87.52556818,1125.0,1839.4592916338281,1.584004154764996,3790,3805,61,0,3744,3755,208911,46,0,0,46,50
2020-08-01,US,Alabama,Unassigned,2569,50,0,0.0,0.0,90001.0,0.0,1.9462826002335536,2519,2445,49,0,2396,2267,,124,1,0,123,178
2020-08-01,US,Alabama,Walker,1450,63,0,33.80270512,-87.30027177,1127.0,2282.7096550747,4.344827586206897,1387,1441,61,0,1380,1420,63711,9,2,0,7,21
2020-08-01,US,Alabama,Washington,304,11,0,31.4092794,-88.20689944,1129.0,1862.060516966801,3.6184210526315783,293,301,10,0,291,296,16378,3,1,0,2,5
2020-08-01,US,Alabama,Wilcox,400,9,0,31.98773215,-87.30891118,1131.0,3856.1650438638776,2.25,391,397,9,0,388,395,10627,3,0,0,3,2
2020-08-01,US,Alabama,Winston,426,10,0,34.15030532,-87.37325922,1133.0,1802.869355453045,2.347417840375587,416,418,10,0,408,411,23660,8,0,0,8,7
2020-08-01,US,Alaska,Aleutians East,1,0,0,55.32222414,-161.9722021,2013.0,29.96703626011388,0.0,1,1,0,0,1,1,3515,0,0,0,0,0
2020-08-01,US,Alaska,Aleutians West,5,0,0,52.3233,-174.1596,2016.0,88.74689385871494,0.0,5,5,0,0,5,4,5723,0,0,0,0,1
2020-08-01,US,Alaska,Anchorage,1769,12,0,61.14998174,-149.14269860000005,2020.0,614.2361111111112,0.6783493499152063,1757,1659,11,0,1648,1576,291538,110,1,0,109,83
2020-08-01,US,Alaska,Bethel,20,0,0,60.90980451,-159.8561831,2050.0,108.77841836179701,0.0,20,19,0,0,19,19,18216,1,0,0,1,0
2020-08-01,US,Alaska,Bristol Bay,6,0,0,58.74513976,-156.701064,2060.0,717.7033492822967,0.0,6,6,0,0,6,6,877,0,0,0,0,0
2020-08-01,US,Alaska,Denali,1,0,0,63.67264044,-150.0076108,2068.0,47.687172150691474,0.0,1,1,0,0,1,1,2059,0,0,0,0,0
2020-08-01,US,Alaska,Dillingham,1,0,0,59.79603738,-158.23819419999995,2070.0,20.34174125305126,0.0,1,1,0,0,1,1,5000,0,0,0,0,0
2020-08-01,US,Alaska,Fairbanks North Star,403,5,0,64.80726247,-146.5692662,2090.0,416.1116790054621,1.2406947890818858,398,398,5,0,393,386,98971,5,0,0,5,12
2020-08-01,US,Alaska,Haines,4,0,0,59.09893571,-135.4679843,2100.0,158.10276679841897,0.0,4,4,0,0,4,4,2474,0,0,0,0,0
2020-08-01,US,Alaska,Juneau,87,1,0,58.45031811,-134.200436,2110.0,272.0960780634265,1.1494252873563218,86,87,1,0,86,87,32113,0,0,0,0,0
2020-08-01,US,Alaska,Kenai Peninsula,300,2,0,60.24429722,-151.53888840000005,2122.0,511.00361109218505,0.6666666666666666,298,293,2,0,291,292,58533,7,0,0,7,1
2020-08-01,US,Alaska,Ketchikan Gateway,35,0,0,55.57445008,-130.975561,2130.0,251.78044744982373,0.0,35,34,0,0,34,34,13918,1,0,0,1,0
2020-08-01,US,Alaska,Kodiak Island,6,0,0,57.65529415,-153.7493579,2150.0,46.16094783812894,0.0,6,6,0,0,6,6,13345,0,0,0,0,0
2020-08-01,US,Alaska,Kusilvak,4,0,0,62.15429159999999,-163.39678830000003,2158.0,48.11161895597787,0.0,4,4,0,0,4,4,8303,0,0,0,0,0
2020-08-01,US,Alaska,Matanuska-Susitna,287,2,0,62.31305045,-149.5741743,2170.0,264.9630251945678,0.6968641114982579,285,267,2,0,265,259,107610,20,0,0,20,8
2020-08-01,US,Alaska,Nome,17,0,0,64.90320724,-164.0353804,2180.0,169.93202718912434,0.0,17,17,0,0,17,17,10008,0,0,0,0,0
2020-08-01,US,Alaska,North Slope,13,0,0,69.31479216,-153.4836093,2185.0,132.2213181448332,0.0,13,13,0,0,13,13,9872,0,0,0,0,0
2020-08-01,US,Alaska,Northwest Arctic,28,0,0,67.04919196,-159.7503946,2188.0,367.40585225036085,0.0,28,28,0,0,28,28,7671,0,0,0,0,0
2020-08-01,US,Alaska,Petersburg,6,1,0,57.13978948,-132.9540995,2195.0,183.71096142069808,16.666666666666668,5,6,1,0,5,6,3221,0,0,0,0,0
2020-08-01,US,Alaska,Prince of Wales-Hyder,5,0,0,55.76261984,-133.0511621,2198.0,80.60615831049492,0.0,5,5,0,0,5,5,6422,0,0,0,0,0
2020-08-01,US,Alaska,Sitka,22,0,0,57.24124555,-135.3206587,2220.0,259.0368538796656,0.0,22,21,0,0,21,21,8647,1,0,0,1,0
2020-08-01,US,Alaska,Southeast Fairbanks,14,0,0,63.87692095,-143.2127643,2240.0,203.10459886841724,0.0,14,14,0,0,14,14,6918,0,0,0,0,0
2020-08-01,US,Alaska,Valdez-Cordova,45,0,0,61.47502768,-144.7126799,2261.0,489.02412519017616,0.0,45,44,0,0,44,42,9164,1,0,0,1,2
2020-08-01,US,Alaska,Wrangell,5,0,0,56.3202004,-132.05837309999998,2275.0,199.84012789768192,0.0,5,5,0,0,5,5,2503,0,0,0,0,0
2020-08-01,US,Alaska,Yakutat,7,0,0,59.890980799999994,-140.36014509999998,2282.0,1208.9810017271154,0.0,7,7,0,0,7,6,604,0,0,0,0,1
2020-08-01,US,Alaska,Yukon-Koyukuk,45,1,0,65.50815459,-151.39073869999999,2290.0,860.4206500956022,2.2222222222222223,44,45,1,0,44,42,5327,0,0,0,0,3
2020-08-01,US,Arizona,Apache,3054,135,0,35.39465006,-109.4892383,4001.0,4248.334191161128,4.4204322200392925,2919,2994,130,0,2864,2969,71818,60,5,0,55,25
2020-08-01,US,Arizona,Cochise,1523,49,0,31.87934684,-109.7516088,4003.0,1209.4788837534347,3.217334208798424,1474,1503,48,0,1455,1467,126770,20,1,0,19,36
2020-08-01,US,Arizona,Coconino,2964,117,0,35.83883429,-111.77071780000001,4005.0,2065.8507346176366,3.947368421052632,2847,2947,117,0,2830,2933,142854,17,0,0,17,14
2020-08-01,US,Arizona,Gila,822,29,0,33.80190085,-110.8132779,4007.0,1521.7149838942576,3.5279805352798053,793,809,29,0,780,778,53889,13,0,0,13,31
2020-08-01,US,Arizona,Graham,478,9,0,32.93166885,-109.8882178,4009.0,1230.7850760872366,1.8828451882845187,469,451,9,0,442,435,38072,27,0,0,27,16
2020-08-01,US,Arizona,Greenlee,55,1,0,33.21498827,-109.2405279,4011.0,579.0692777426826,1.818181818181818,54,55,1,0,54,54,9483,0,0,0,0,1
2020-08-01,US,Arizona,La Paz,472,10,0,33.72854224,-113.98100290000001,4012.0,2236.1190070115595,2.1186440677966103,462,469,10,0,459,468,21098,3,0,0,3,1
2020-08-01,US,Arizona,Maricopa,119295,2089,0,33.34835867,-112.49181540000001,4013.0,2659.6207172849595,1.7511211702083072,117206,117293,2054,0,115239,114852,4410824,2002,35,0,1967,2441
2020-08-01,US,Arizona,Mohave,2990,153,0,35.70471703,-113.7577902,4015.0,1409.1742427455804,5.117056856187292,2837,2918,149,0,2769,2865,209550,72,4,0,68,53
2020-08-01,US,Arizona,Navajo,5255,188,0,35.3997715,-110.3218983,4017.0,4737.477912805164,3.577545195052331,5067,5202,187,0,5015,5182,110445,53,1,0,52,20
2020-08-01,US,Arizona,Pima,16475,462,0,32.0971334,-111.7890033,4019.0,1573.1242581967176,2.8042488619119883,16013,16167,459,0,15708,15884,1039073,308,3,0,305,283
2020-08-01,US,Arizona,Pinal,8153,140,0,32.90525627,-111.3449483,4021.0,1761.7099801421384,1.7171593278547774,8013,7990,136,0,7854,7875,447138,163,4,0,159,115
2020-08-01,US,Arizona,Santa Cruz,2610,50,0,31.52508998,-110.8479088,4023.0,5613.144651382855,1.9157088122605364,2560,2599,50,0,2549,2577,46511,11,0,0,11,22
2020-08-01,US,Arizona,Unassigned,0,1,0,0.0,0.0,90004.0,0.0,0.0,-1,0,1,0,-1,,,0,0,0,0,
2020-08-01,US,Arizona,Yavapai,1778,60,0,34.59933926,-112.5538588,4025.0,756.277142820684,3.374578177727784,1718,1733,60,0,1673,1698,231993,45,0,0,45,35
2020-08-01,US,Arizona,Yuma,11078,254,0,32.76895712,-113.90666740000002,4027.0,5181.7930931253995,2.292832641270988,10824,10880,254,0,10626,10761,212128,198,0,0,198,119
2020-08-01,US,Arkansas,Arkansas,194,0,0,34.29145151,-91.37277296,5001.0,1109.458995768043,0.0,194,189,1,0,188,183,17769,5,-1,0,6,6
2020-08-01,US,Arkansas,Ashley,238,4,0,33.19153461,-91.7698471,5003.0,1210.7646131149208,1.680672268907563,234,230,4,0,226,214,20046,8,0,0,8,16
2020-08-01,US,Arkansas,Baxter,60,0,0,36.28784385,-92.33782872,5005.0,143.0888104550224,0.0,60,62,0,0,62,61,41619,-2,0,0,-2,1
2020-08-01,US,Arkansas,Benton,4495,39,0,36.33644656,-94.25680817,5007.0,1610.2973049462455,0.8676307007786429,4456,4458,38,0,4420,4408,272608,37,1,0,36,50
2020-08-01,US,Arkansas,Boone,162,1,0,36.3084504,-93.09374925,5009.0,432.7847830733063,0.6172839506172839,161,157,1,0,156,142,37480,5,0,0,5,15
2020-08-01,US,Arkansas,Bradley,142,3,0,33.46755808,-92.15980837,5011.0,1319.3347579671095,2.112676056338028,139,138,3,0,135,134,10897,4,0,0,4,4
2020-08-01,US,Arkansas,Calhoun,13,0,0,33.55598792,-92.49974403,5013.0,250.5299672383889,0.0,13,12,0,0,12,12,5277,1,0,0,1,0
2020-08-01,US,Arkansas,Carroll,337,6,0,36.34038560000001,-93.54270261,5015.0,1187.4559548978154,1.7804154302670625,331,331,6,0,325,331,28223,6,0,0,6,0
2020-08-01,US,Arkansas,Chicot,522,6,0,33.26458973,-91.29539209,5017.0,5159.122356196877,1.1494252873563218,516,506,6,0,500,498,10438,16,0,0,16,8
2020-08-01,US,Arkansas,Clark,152,0,0,34.04613432,-93.17484713,5019.0,681.0035842293906,0.0,152,152,0,0,152,153,22061,0,0,0,0,-1
2020-08-01,US,Arkansas,Clay,105,4,0,36.36826212,-90.4148172,5021.0,721.5998900419215,3.809523809523809,101,102,4,0,98,103,14847,3,0,0,3,-1
2020-08-01,US,Arkansas,Cleburne,179,5,0,35.53864922,-92.02640019,5023.0,718.3273807135118,2.793296089385475,174,178,5,0,173,175,24965,1,0,0,1,3
2020-08-01,US,Arkansas,Cleveland,67,2,0,33.89723187,-92.18537045,5025.0,842.1317244846657,2.985074626865672,65,63,1,0,62,63,8018,4,1,0,3,0
2020-08-01,US,Arkansas,Columbia,186,6,0,33.21230701,-93.22642793,5027.0,792.9402736922881,3.2258064516129035,180,184,6,0,178,178,23537,2,0,0,2,6
2020-08-01,US,Arkansas,Conway,134,3,0,35.26205537,-92.70506566,5029.0,642.8091720234097,2.238805970149253,131,134,3,0,131,133,20891,0,0,0,0,1
2020-08-01,US,Arkansas,Craighead,1104,11,0,35.83018283,-90.63235729,5031.0,1000.6163216473917,0.9963768115942028,1093,1088,11,0,1077,1062,108558,16,0,0,16,26
2020-08-01,US,Arkansas,Crawford,522,3,0,35.58928601,-94.2446814,5033.0,825.2051156393759,0.5747126436781609,519,514,3,0,511,495,63406,8,0,0,8,19
2020-08-01,US,Arkansas,Crittenden,1191,18,0,35.21247318,-90.30839406,5035.0,2483.5783547075384,1.5113350125944585,1173,1172,17,0,1155,1135,48342,19,1,0,18,37
2020-08-01,US,Arkansas,Cross,162,1,0,35.29631396,-90.77185818,5037.0,986.6617942627445,0.6172839506172839,161,157,1,0,156,157,16676,5,0,0,5,0
2020-08-01,US,Arkansas,Dallas,56,0,0,33.97042763,-92.65167437,5039.0,798.9727493222998,0.0,56,56,0,0,56,55,7182,0,0,0,0,1
2020-08-01,US,Arkansas,Desha,144,2,0,33.83011025,-91.25500948,5041.0,1267.4940586216005,1.3888888888888888,142,142,2,0,140,138,11512,2,0,0,2,4
2020-08-01,US,Arkansas,Drew,155,2,0,33.59035001,-91.71777921,5043.0,850.7601954004061,1.2903225806451613,153,155,2,0,153,152,18328,0,0,0,0,3
2020-08-01,US,Arkansas,Faulkner,1190,5,0,35.14719007,-92.33717519,5045.0,944.391978223432,0.4201680672268908,1185,1175,5,0,1170,1158,124806,15,0,0,15,17
2020-08-01,US,Arkansas,Franklin,105,2,0,35.51202821,-93.89299569,5047.0,592.7180355630821,1.9047619047619049,103,104,2,0,102,101,17810,1,0,0,1,3
2020-08-01,US,Arkansas,Fulton,27,0,0,36.38177105,-91.81729127,5049.0,216.39817263765326,0.0,27,27,0,0,27,26,12269,0,0,0,0,1
2020-08-01,US,Arkansas,Garland,837,7,0,34.57692074,-93.14921604,5051.0,842.170929507174,0.8363201911589009,830,814,7,0,807,786,99154,23,0,0,23,28
2020-08-01,US,Arkansas,Grant,124,0,0,34.29017991,-92.42320562,5053.0,678.8940596769778,0.0,124,124,0,0,124,122,18188,0,0,0,0,2
2020-08-01,US,Arkansas,Greene,359,1,0,36.11735460000001,-90.55832668,5055.0,792.0573634859351,0.2785515320334262,358,293,1,0,292,280,45325,66,0,0,66,13
2020-08-01,US,Arkansas,Hempstead,207,2,0,33.73325583,-93.66935133,5057.0,961.3598365223853,0.966183574879227,205,200,2,0,198,192,21741,7,0,0,7,8
2020-08-01,US,Arkansas,Hot Spring,1451,8,0,34.31709259,-92.95396325,5059.0,4296.585828077345,0.5513439007580979,1443,1436,8,0,1428,1429,33701,15,0,0,15,7
2020-08-01,US,Arkansas,Howard,294,2,0,34.09007427,-93.9934871,5061.0,2226.9353128313887,0.6802721088435374,292,291,2,0,289,287,13341,3,0,0,3,4
2020-08-01,US,Arkansas,Independence,345,0,0,35.74242707,-91.57001641,5063.0,912.0951751487113,0.0,345,331,0,0,331,299,37678,14,0,0,14,32
2020-08-01,US,Arkansas,Izard,44,1,0,36.09604046,-91.90847954,5065.0,322.8410008071025,2.272727272727273,43,43,1,0,42,38,13593,1,0,0,1,5
2020-08-01,US,Arkansas,Jackson,58,1,0,35.59802983,-91.21494602,5067.0,346.91070040074163,1.7241379310344829,57,57,1,0,56,56,16811,1,0,0,1,1
2020-08-01,US,Arkansas,Jefferson,1315,38,0,34.26767081,-91.92619839,5069.0,1967.8558601699988,2.8897338403041823,1277,1293,37,0,1256,1270,68114,22,1,0,21,23
2020-08-01,US,Arkansas,Johnson,617,0,0,35.56759135,-93.46036368,5071.0,2321.468884039431,0.0,617,612,0,0,612,606,26742,5,0,0,5,6
2020-08-01,US,Arkansas,Lafayette,49,2,0,33.24116713,-93.60677071,5073.0,739.7342995169082,4.081632653061225,47,48,2,0,46,48,6682,1,0,0,1,0
2020-08-01,US,Arkansas,Lawrence,182,9,0,36.04188196,-91.10867198,5075.0,1109.3502377179084,4.945054945054945,173,179,9,0,170,173,16434,3,0,0,3,6
2020-08-01,US,Arkansas,Lee,885,6,0,34.78498904,-90.78383866,5077.0,9992.096646720107,0.6779661016949152,879,882,6,0,876,879,8985,3,0,0,3,3
2020-08-01,US,Arkansas,Lincoln,1168,11,0,33.95317155,-91.74002806,5079.0,8968.058968058967,0.9417808219178082,1157,1165,11,0,1154,1161,13383,3,0,0,3,4
2020-08-01,US,Arkansas,Little River,152,1,0,33.70375665,-94.23468591,5081.0,1239.9053756423853,0.6578947368421053,151,149,1,0,148,145,12326,3,0,0,3,4
2020-08-01,US,Arkansas,Logan,141,0,0,35.21413234,-93.71951016,5083.0,656.8526972887357,0.0,141,139,0,0,139,134,21737,2,0,0,2,5
2020-08-01,US,Arkansas,Lonoke,416,2,0,34.75392199,-91.88742357,5085.0,567.4610211570202,0.4807692307692308,414,405,2,0,403,393,73657,11,0,0,11,12
2020-08-01,US,Arkansas,Madison,254,1,0,36.01038185,-93.72524943,5087.0,1532.3359073359072,0.3937007874015748,253,253,1,0,252,253,16481,1,0,0,1,0
2020-08-01,US,Arkansas,Marion,23,0,0,36.26844485,-92.68451899,5089.0,137.77405055708638,0.0,23,23,0,0,23,22,16722,0,0,0,0,1
2020-08-01,US,Arkansas,Miller,457,4,0,33.31403423,-93.89285258,5091.0,1056.4764084425642,0.8752735229759301,453,451,4,0,447,442,43592,6,0,0,6,9
2020-08-01,US,Arkansas,Mississippi,752,10,0,35.76271485,-90.05194370000002,5093.0,1849.8929915623232,1.3297872340425532,742,677,9,0,668,648,41239,75,1,0,74,29
2020-08-01,US,Arkansas,Monroe,51,0,0,34.6815935,-91.20540287,5095.0,761.0804357558574,0.0,51,49,0,0,49,48,6900,2,0,0,2,1
2020-08-01,US,Arkansas,Montgomery,25,0,0,34.53704874,-93.65824478,5097.0,278.2105497440463,0.0,25,25,0,0,25,24,8924,0,0,0,0,1
2020-08-01,US,Arkansas,Nevada,129,9,0,33.66340119,-93.30632432,5099.0,1563.2573921473581,6.9767441860465125,120,129,9,0,120,128,8326,0,0,0,0,1
2020-08-01,US,Arkansas,Newton,93,3,0,35.91947491,-93.21612969,5101.0,1199.5356636140848,3.2258064516129035,90,91,3,0,88,89,7805,2,0,0,2,2
2020-08-01,US,Arkansas,Ouachita,76,1,0,33.58839816,-92.87795984,5103.0,325.0363527499786,1.3157894736842106,75,75,1,0,74,74,23606,1,0,0,1,1
2020-08-01,US,Arkansas,Perry,49,0,0,34.9459153,-92.94372564,5105.0,468.67527498804395,0.0,49,49,0,0,49,48,10352,0,0,0,0,1
2020-08-01,US,Arkansas,Phillips,273,6,0,34.43268455,-90.84800154,5107.0,1535.2603756607807,2.1978021978021984,267,270,6,0,264,265,18029,3,0,0,3,5
2020-08-01,US,Arkansas,Pike,77,1,0,34.16250414,-93.65789349,5109.0,718.4176152267212,1.2987012987012987,76,77,1,0,76,69,10673,0,0,0,0,8
2020-08-01,US,Arkansas,Poinsett,156,3,0,35.57433534,-90.66268713,5111.0,663.0397823869433,1.9230769230769231,153,151,3,0,148,141,23974,5,0,0,5,10
2020-08-01,US,Arkansas,Polk,128,1,0,34.48254879,-94.22728802,5113.0,641.1540773392106,0.78125,127,125,1,0,124,125,20049,3,0,0,3,0
2020-08-01,US,Arkansas,Pope,1174,9,0,35.44871474,-93.03212219,5115.0,1832.3136471469602,0.7666098807495741,1165,1161,9,0,1152,1150,64000,13,0,0,13,11
2020-08-01,US,Arkansas,Prairie,63,0,0,34.83624419,-91.55162157,5117.0,781.4438104688662,0.0,63,59,0,0,59,57,8074,4,0,0,4,2
2020-08-01,US,Arkansas,Pulaski,4803,77,0,34.77054088,-92.31355101,5119.0,1225.5333481326118,1.6031646887362063,4726,4733,77,0,4656,4654,392680,70,0,0,70,79
2020-08-01,US,Arkansas,Randolph,170,2,0,36.3415714,-91.02455531,5121.0,946.6533021494597,1.1764705882352942,168,164,2,0,162,155,17948,6,0,0,6,9
2020-08-01,US,Arkansas,Saline,868,4,0,34.64916145,-92.67583224,5125.0,708.9360242410382,0.4608294930875576,864,855,4,0,851,827,121421,13,0,0,13,28
2020-08-01,US,Arkansas,Scott,41,0,0,34.85588887,-94.0632176,5127.0,398.79389164478164,0.0,41,41,0,0,41,35,10319,0,0,0,0,6
2020-08-01,US,Arkansas,Searcy,25,0,0,35.9109364,-92.69936482,5129.0,317.218627077782,0.0,25,25,0,0,25,25,7958,0,0,0,0,0
2020-08-01,US,Arkansas,Sebastian,1724,14,0,35.19605503,-94.27162713,5131.0,1348.6978494371301,0.8120649651972158,1710,1689,14,0,1675,1601,127753,35,0,0,35,88
2020-08-01,US,Arkansas,Sevier,933,10,0,33.99780401,-94.2424869,5133.0,5485.976362674193,1.0718113612004287,923,929,10,0,919,927,17139,4,0,0,4,2
2020-08-01,US,Arkansas,Sharp,102,5,0,36.16258158,-91.47819342,5135.0,584.7953216374269,4.901960784313727,97,99,5,0,94,97,17366,3,0,0,3,2
2020-08-01,US,Arkansas,St. Francis,1117,3,0,35.02201976,-90.74828138,5123.0,4469.072577418579,0.26857654431512984,1114,1112,3,0,1109,1104,25439,5,0,0,5,8
2020-08-01,US,Arkansas,Stone,52,1,0,35.86251946,-92.15684085,5137.0,415.8004158004158,1.9230769230769231,51,52,1,0,51,50,12457,0,0,0,0,2
2020-08-01,US,Arkansas,Unassigned,1555,0,0,0.0,0.0,90005.0,0.0,0.0,1555,1554,0,0,1554,1584,,1,0,0,1,-30
2020-08-01,US,Arkansas,Union,430,16,0,33.16887091,-92.59746952,5139.0,1111.6281474587663,3.72093023255814,414,428,16,0,412,396,39126,2,0,0,2,32
2020-08-01,US,Arkansas,Van Buren,50,2,0,35.58095779,-92.51295036,5141.0,302.2061045633122,4.0,48,50,2,0,48,50,16603,0,0,0,0,0
2020-08-01,US,Arkansas,Washington,5952,46,0,35.976844,-94.21800746,5143.0,2488.429555117962,0.7728494623655914,5906,5896,45,0,5851,5855,236961,56,1,0,55,41
2020-08-01,US,Arkansas,White,254,2,0,35.25688493,-91.74908296,5145.0,322.527395781748,0.7874015748031497,252,250,2,0,248,243,78727,4,0,0,4,7
2020-08-01,US,Arkansas,Woodruff,19,0,0,35.18902527,-91.2439489,5147.0,300.63291139240505,0.0,19,18,0,0,18,17,6490,1,0,0,1,1
2020-08-01,US,Arkansas,Yell,1012,14,0,35.00292371,-93.41171338,5149.0,4742.045827280821,1.383399209486166,998,1004,14,0,990,991,21535,8,0,0,8,13
2020-08-01,US,California,Alameda,11484,189,0,37.64629437,-121.8929271,6001.0,687.117856508204,1.64576802507837,11295,11139,182,0,10957,11131,1666753,345,7,0,338,8
2020-08-01,US,California,Alpine,2,0,0,38.59678594,-119.82235940000001,6003.0,177.14791851195747,0.0,2,2,0,0,2,2,1101,0,0,0,0,0
2020-08-01,US,California,Amador,125,0,0,38.44583082,-120.65696000000001,6005.0,314.44958744214125,0.0,125,115,0,0,115,110,39383,10,0,0,10,5
2020-08-01,US,California,Butte,941,7,0,39.66727762,-121.6005252,6007.0,429.3157409688575,0.7438894792773645,934,941,7,0,934,907,231256,0,0,0,0,34
2020-08-01,US,California,Calaveras,125,1,0,38.20537103,-120.55291299999999,6009.0,272.3014922121773,0.8,124,125,1,0,124,108,45602,0,0,0,0,17
2020-08-01,US,California,Colusa,323,4,0,39.17881957,-122.2331726,6011.0,1499.048591451246,1.238390092879257,319,323,4,0,319,312,21627,0,0,0,0,11
2020-08-01,US,California,Contra Costa,7806,121,0,37.91923498,-121.9289527,6013.0,676.7077638475423,1.550089674609275,7685,7670,119,0,7551,7577,1150215,136,2,0,134,93
2020-08-01,US,California,Del Norte,88,0,0,41.74228275,-123.89740630000001,6015.0,316.41018265496916,0.0,88,88,0,0,88,88,27828,0,0,0,0,0
2020-08-01,US,California,El Dorado,637,1,0,38.77965956,-120.5233166,6017.0,330.32051980108173,0.15698587127158556,636,637,1,0,636,613,190678,0,0,0,0,24
2020-08-01,US,California,Fresno,14439,138,0,36.75733899,-119.6466953,6019.0,1445.1992341114665,0.9557448576771244,14301,14439,138,0,14301,14312,994400,0,0,0,0,127
2020-08-01,US,California,Glenn,325,1,0,39.59875897,-122.3938452,6021.0,1144.64832881344,0.3076923076923077,324,325,1,0,324,315,28047,0,0,0,0,10
2020-08-01,US,California,Humboldt,233,4,0,40.69923009,-123.876044,6023.0,171.88214638752416,1.7167381974248928,229,233,4,0,229,231,136373,0,0,0,0,2
2020-08-01,US,California,Imperial,9409,220,0,33.0393082,-115.36690420000001,6025.0,5192.175040697514,2.3381868423849506,9189,9366,210,0,9156,9298,181827,43,10,0,33,68
2020-08-01,US,California,Inyo,51,1,0,36.51112084,-117.41119779999998,6027.0,282.7207716614003,1.96078431372549,50,50,1,0,49,50,17987,1,0,0,1,0
2020-08-01,US,California,Kern,19882,144,0,35.34329425,-118.72777959999999,6029.0,2208.615399654744,0.7242732119505079,19738,19335,140,0,19195,18411,896764,547,4,0,543,924
2020-08-01,US,California,Kings,4380,56,0,36.07409056,-119.8159973,6031.0,2863.8681836014125,1.2785388127853878,4324,4146,54,0,4092,4106,151366,234,2,0,232,40
2020-08-01,US,California,Lake,195,1,0,39.10124298,-122.75362439999999,6033.0,302.8608703755475,0.5128205128205128,194,195,1,0,194,183,64382,0,0,0,0,12
2020-08-01,US,California,Lassen,631,0,0,40.67311306,-120.59350990000002,6035.0,2063.9126026232293,0.0,631,631,0,0,631,631,30802,0,0,0,0,0
2020-08-01,US,California,Los Angeles,190857,4669,0,34.30828379,-118.22824109999999,6037.0,1901.1352304542625,2.446334166417789,186188,188541,4624,0,183917,186036,10105518,2316,45,0,2271,2505
2020-08-01,US,California,Madera,1943,30,0,37.21513971,-119.76655890000002,6039.0,1235.0073413972173,1.5440041173443129,1913,1943,30,0,1913,1886,157672,0,0,0,0,57
2020-08-01,US,California,Marin,4994,70,0,38.07122463,-122.72106310000001,6041.0,1929.4815822212606,1.4016820184221066,4924,4987,70,0,4917,4934,259666,7,0,0,7,53
2020-08-01,US,California,Mariposa,54,2,0,37.57978556,-119.9073334,6043.0,313.89873859210604,3.703703703703704,52,53,2,0,51,53,17471,1,0,0,1,0
2020-08-01,US,California,Mendocino,312,9,0,39.4381191,-123.39113130000001,6045.0,359.65832459163795,2.8846153846153846,303,312,9,0,303,293,87606,0,0,0,0,19
2020-08-01,US,California,Merced,4285,50,0,37.18922369,-120.72090349999999,6047.0,1543.1431864016129,1.166861143523921,4235,4065,39,0,4026,4065,274765,220,11,0,209,0
2020-08-01,US,California,Modoc,2,0,0,41.58965602,-120.7244817,6049.0,22.621875353466802,0.0,2,2,0,0,2,2,8777,0,0,0,0,0
2020-08-01,US,California,Mono,142,1,0,37.93899289,-118.8872409,6051.0,983.1071725283856,0.7042253521126759,141,142,1,0,141,128,14250,0,0,0,0,14
2020-08-01,US,California,Monterey,4797,30,0,36.21862405,-121.24133970000001,6053.0,1105.1442078417551,0.6253908692933083,4767,4542,26,0,4516,4457,435594,255,4,0,251,85
2020-08-01,US,California,Napa,888,8,0,38.50735751,-122.33283899999999,6055.0,644.6741781856198,0.9009009009009008,880,888,8,0,880,865,139417,0,0,0,0,23
2020-08-01,US,California,Nevada,299,1,0,39.30394768,-120.76272809999999,6057.0,299.7343491554308,0.33444816053511706,298,299,1,0,298,293,99696,0,0,0,0,6
2020-08-01,US,California,Orange,36833,649,0,33.70147516,-117.76459979999998,6059.0,1159.8416974945933,1.762006895990009,36184,36196,618,0,35578,35778,3185968,637,31,0,606,418
2020-08-01,US,California,Placer,1912,15,0,39.06167234,-120.72405690000001,6061.0,480.0052218141285,0.7845188284518828,1897,1876,15,0,1861,1822,393149,36,0,0,36,54
2020-08-01,US,California,Plumas,33,0,0,40.00355989,-120.8395236,6063.0,175.46658159196045,0.0,33,33,0,0,33,32,18804,0,0,0,0,1
2020-08-01,US,California,Riverside,37011,695,0,33.74314981,-115.9933578,6065.0,1498.0898959177443,1.8778201075355976,36316,37011,695,0,36316,36629,2450758,0,0,0,0,382
2020-08-01,US,California,Sacramento,9820,133,0,38.45106826,-121.34253740000001,6067.0,632.708313735698,1.3543788187372712,9687,9820,133,0,9687,9664,1540975,0,0,0,0,156
2020-08-01,US,California,San Benito,622,4,0,36.60308176,-121.069975,6069.0,990.3197044962424,0.6430868167202572,618,622,4,0,618,609,61537,0,0,0,0,13
2020-08-01,US,California,San Bernardino,32696,417,0,34.84060306,-116.1774685,6071.0,1499.7580369572745,1.2753853682407634,32279,32230,409,0,31821,31688,2171603,466,8,0,458,542
2020-08-01,US,California,San Diego,29048,561,0,33.03484597,-116.73653259999999,6073.0,870.135666635713,1.931286147066924,28487,29048,561,0,28487,28688,3343364,0,0,0,0,360
2020-08-01,US,California,San Francisco,6723,61,0,37.75215114,-122.43856720000001,6075.0,762.6348620439702,0.907333035847092,6662,6575,59,0,6516,6423,883305,148,2,0,146,152
2020-08-01,US,California,San Joaquin,11483,168,0,37.93433732,-121.2730061,6077.0,1506.6627479177273,1.4630323086301489,11315,11483,168,0,11315,11342,752660,0,0,0,0,141
2020-08-01,US,California,San Luis Obispo,1783,15,0,35.38822029,-120.4039028,6079.0,629.7883162434522,0.8412787436904094,1768,1783,15,0,1768,1740,284010,0,0,0,0,43
2020-08-01,US,California,San Mateo,5544,119,0,37.422880799999994,-122.32755459999998,6081.0,723.2187932525667,2.146464646464646,5425,5469,119,0,5350,5398,769545,75,0,0,75,71
2020-08-01,US,California,Santa Barbara,6167,60,0,34.65329488,-120.0188492,6083.0,1381.1901034492798,0.9729203826820172,6107,6167,60,0,6107,6094,446527,0,0,0,0,73
2020-08-01,US,California,Santa Clara,10321,191,0,37.23104908,-121.6970462,6085.0,535.3626730682646,1.8505958724929756,10130,9913,191,0,9722,9731,1937570,408,0,0,408,182
2020-08-01,US,California,Santa Cruz,1152,4,0,37.05580291,-122.0066524,6087.0,421.6490430543202,0.3472222222222222,1148,1109,4,0,1105,1076,274255,43,0,0,43,33
2020-08-01,US,California,Shasta,369,9,0,40.76391419,-122.0396884,6089.0,204.90892936472682,2.4390243902439024,360,369,9,0,360,360,180040,0,0,0,0,9
2020-08-01,US,California,Sierra,2,0,0,39.57713498,-120.52007009999998,6091.0,66.55574043261231,0.0,2,2,0,0,2,2,2987,0,0,0,0,0
2020-08-01,US,California,Siskiyou,73,0,0,41.59198861,-122.54074340000001,6093.0,167.6657709180275,0.0,73,72,0,0,72,72,43724,1,0,0,1,0
2020-08-01,US,California,Solano,3611,37,0,38.26827353,-121.9357113,6095.0,806.6696005522258,1.0246469122126836,3574,3611,37,0,3574,3520,446610,0,0,0,0,91
2020-08-01,US,California,Sonoma,2944,37,0,38.52746429,-122.88625060000001,6097.0,595.5463490419472,1.2567934782608696,2907,2842,32,0,2810,2748,499942,102,5,0,97,94
2020-08-01,US,California,Stanislaus,8890,104,0,37.55862499,-120.9970722,6099.0,1614.4263247739075,1.1698537682789651,8786,8890,104,0,8786,8745,549815,0,0,0,0,145
2020-08-01,US,California,Sutter,768,6,0,39.03417539,-121.6945899,6101.0,791.9893576430068,0.78125,762,755,6,0,749,731,96807,13,0,0,13,24
2020-08-01,US,California,Tehama,234,1,0,40.12570935,-122.23701709999999,6103.0,359.53536967611086,0.4273504273504273,233,227,1,0,226,227,63916,7,0,0,7,0
2020-08-01,US,California,Trinity,5,0,0,40.64917670000001,-123.114713,6105.0,40.7000407000407,0.0,5,5,0,0,5,5,12535,0,0,0,0,0
2020-08-01,US,California,Tulare,9454,178,0,36.22026558,-118.8020203,6107.0,2027.906777206963,1.8828009308229319,9276,9454,178,0,9276,9241,465861,0,0,0,0,213
2020-08-01,US,California,Tuolumne,141,2,0,38.02644018,-119.95250929999999,6109.0,258.82007415837586,1.4184397163120568,139,141,2,0,139,134,54539,0,0,0,0,7
2020-08-01,US,California,Ventura,7344,76,0,34.44465746,-119.09106129999999,6111.0,868.0789497946823,1.0348583877995643,7268,7344,76,0,7268,7103,850967,0,0,0,0,241
2020-08-01,US,California,Yolo,1510,41,0,38.68278902,-121.90182879999999,6113.0,684.8072562358277,2.7152317880794703,1469,1510,41,0,1469,1494,220408,0,0,0,0,16
2020-08-01,US,California,Yuba,471,4,0,39.26255932,-121.35356440000001,6115.0,598.7186657853258,0.8492569002123143,467,465,4,0,461,441,78041,6,0,0,6,24
2020-08-01,US,Colorado,Adams,6018,171,0,39.87432092,-104.3362578,8001.0,1163.0761024388264,2.8414755732801598,5847,5957,171,0,5786,5868,511868,61,0,0,61,89
2020-08-01,US,Colorado,Alamosa,224,9,0,37.57250606,-105.7885451,8003.0,1379.9051315222077,4.017857142857143,215,224,9,0,215,222,16683,0,0,0,0,2
2020-08-01,US,Colorado,Arapahoe,6932,363,0,39.64977461,-104.3353617,8005.0,1055.7577788269696,5.236583958453549,6569,6877,362,0,6515,6798,651215,55,1,0,54,79
2020-08-01,US,Colorado,Archuleta,33,0,0,37.19474156,-107.0476867,8007.0,235.2270297241428,0.0,33,32,0,0,32,31,13765,1,0,0,1,1
2020-08-01,US,Colorado,Baca,14,0,0,37.31940883,-102.5603223,8009.0,390.9522479754258,0.0,14,14,0,0,14,14,3585,0,0,0,0,0
2020-08-01,US,Colorado,Bent,5,0,0,37.95474293,-103.0720195,8011.0,89.65393580778195,0.0,5,5,0,0,5,5,5882,0,0,0,0,0
2020-08-01,US,Colorado,Boulder,1890,75,0,40.09313619,-105.3546767,8013.0,579.4062465511532,3.968253968253968,1815,1872,75,0,1797,1840,326078,18,0,0,18,32
2020-08-01,US,Colorado,Broomfield,406,32,0,39.95998787,-105.0566324,8014.0,576.1725679415313,7.881773399014778,374,398,32,0,366,392,69267,8,0,0,8,6
2020-08-01,US,Colorado,Chaffee,286,19,0,38.74745778,-106.19265729999998,8015.0,1404.9911573983102,6.643356643356642,267,286,19,0,267,281,20027,0,0,0,0,5
2020-08-01,US,Colorado,Cheyenne,8,0,0,38.82777431,-102.6032558,8017.0,436.9197160021846,0.0,8,8,0,0,8,8,1876,0,0,0,0,0
2020-08-01,US,Colorado,Clear Creek,27,1,0,39.68864463,-105.6463118,8019.0,278.3505154639176,3.703703703703704,26,26,1,0,25,26,9605,1,0,0,1,0
2020-08-01,US,Colorado,Conejos,23,0,0,37.201606,-106.19174879999998,8021.0,280.31687995124923,0.0,23,23,0,0,23,23,8200,0,0,0,0,0
2020-08-01,US,Colorado,Costilla,22,0,0,37.27732493,-105.4276548,8023.0,565.9891947517366,0.0,22,22,0,0,22,22,3828,0,0,0,0,0
2020-08-01,US,Colorado,Crowley,72,1,0,38.32608609,-103.7844965,8025.0,1187.922785018974,1.3888888888888888,71,72,1,0,71,72,5858,0,0,0,0,0
2020-08-01,US,Colorado,Custer,10,0,0,38.10883162,-105.3683478,8027.0,197.3164956590371,0.0,10,10,0,0,10,10,4954,0,0,0,0,0
2020-08-01,US,Colorado,Delta,105,1,0,38.86246243,-107.8631342,8029.0,336.94884795584363,0.9523809523809524,104,104,1,0,103,101,30953,1,0,0,1,3
2020-08-01,US,Colorado,Denver,9693,413,0,39.76018276,-104.8725695,8031.0,1332.9006299409662,4.260806767770556,9280,9623,410,0,9213,9529,716492,70,3,0,67,94
2020-08-01,US,Colorado,Dolores,1,0,0,37.75208676,-108.5211585,8033.0,48.661800486618006,0.0,1,1,0,0,1,1,2074,0,0,0,0,0
2020-08-01,US,Colorado,Douglas,1624,59,0,39.33133796,-104.930001,8035.0,462.475153351521,3.633004926108375,1565,1616,58,0,1558,1594,342776,8,1,0,7,22
2020-08-01,US,Colorado,Eagle,1041,9,0,39.62754308,-106.6933637,8037.0,1888.3668619732607,0.8645533141210374,1032,1026,9,0,1017,1006,54993,15,0,0,15,20
2020-08-01,US,Colorado,El Paso,4541,135,0,38.83240149,-104.5251411,8041.0,630.3416282275338,2.9729134551860823,4406,4473,135,0,4338,4381,713856,68,0,0,68,92
2020-08-01,US,Colorado,Elbert,85,2,0,39.28656773,-104.1358721,8039.0,318.00665943357404,2.3529411764705883,83,85,2,0,83,83,26282,0,0,0,0,2
2020-08-01,US,Colorado,Fremont,110,0,0,38.47362326,-105.4399667,8043.0,229.93791676247415,0.0,110,102,0,0,102,101,48021,8,0,0,8,1
2020-08-01,US,Colorado,Garfield,705,4,0,39.59921777,-107.902708,8045.0,1173.8066299262414,0.5673758865248227,701,691,4,0,687,682,59770,14,0,0,14,9
2020-08-01,US,Colorado,Gilpin,16,0,0,39.85646523,-105.5252597,8047.0,256.28704148646483,0.0,16,13,0,0,13,13,6121,3,0,0,3,0
2020-08-01,US,Colorado,Grand,43,1,0,40.10603347,-106.1178042,8049.0,273.29350451252066,2.3255813953488373,42,42,1,0,41,41,15525,1,0,0,1,1
2020-08-01,US,Colorado,Gunnison,246,6,0,38.66611652,-107.0320729,8051.0,1408.7733363875845,2.4390243902439024,240,246,6,0,240,246,17246,0,0,0,0,0
2020-08-01,US,Colorado,Hinsdale,3,0,0,37.82247444,-107.3004345,8053.0,365.8536585365854,0.0,3,3,0,0,3,3,811,0,0,0,0,0
2020-08-01,US,Colorado,Huerfano,6,1,0,37.68473101,-104.9612585,8055.0,86.99434536755109,16.666666666666668,5,6,1,0,5,6,6889,0,0,0,0,0
2020-08-01,US,Colorado,Jackson,8,0,0,40.66593870000001,-106.3408905,8057.0,574.7126436781608,0.0,8,8,0,0,8,8,1399,0,0,0,0,0
2020-08-01,US,Colorado,Jefferson,3915,227,0,39.58635604,-105.2517692,8059.0,671.6636843540962,5.7982120051085575,3688,3874,227,0,3647,3821,580233,41,0,0,41,53
2020-08-01,US,Colorado,Kit Carson,43,3,0,39.30497777,-102.6022199,8063.0,605.8898125968717,6.9767441860465125,40,42,3,0,39,42,7163,1,0,0,1,0
2020-08-01,US,Colorado,La Plata,198,2,0,37.28632032,-107.8429014,8067.0,352.18156916454706,1.0101010101010102,196,197,2,0,195,197,56310,1,0,0,1,0
2020-08-01,US,Colorado,Lake,70,0,0,39.20278823,-106.3555697,8065.0,861.3264427217915,0.0,70,70,0,0,70,69,7824,0,0,0,0,1
2020-08-01,US,Colorado,Larimer,1376,35,0,40.66671597,-105.4625784,8069.0,385.5432489303697,2.5436046511627906,1341,1359,35,0,1324,1335,350518,17,0,0,17,24
2020-08-01,US,Colorado,Las Animas,15,0,0,37.3153406,-104.0376458,8071.0,103.40548738453056,0.0,15,15,0,0,15,15,14503,0,0,0,0,0
2020-08-01,US,Colorado,Lincoln,6,0,0,38.98749519,-103.5136649,8073.0,105.24469391334854,0.0,6,6,0,0,6,6,5610,0,0,0,0,0
2020-08-01,US,Colorado,Logan,647,5,0,40.7249637,-103.110817,8075.0,2887.2328082466865,0.7727975270479135,642,647,5,0,642,647,21528,0,0,0,0,0
2020-08-01,US,Colorado,Mesa,260,3,0,39.01787888,-108.469799,8077.0,168.60125802477145,1.1538461538461535,257,255,3,0,252,250,153207,5,0,0,5,5
2020-08-01,US,Colorado,Mineral,18,0,0,37.66954283,-106.9281698,8079.0,2340.702210663199,0.0,18,18,0,0,18,18,776,0,0,0,0,0
2020-08-01,US,Colorado,Moffat,25,1,0,40.61810999,-108.2070876,8081.0,188.21049461717982,4.0,24,24,1,0,23,24,13188,1,0,0,1,0
2020-08-01,US,Colorado,Montezuma,108,4,0,37.33859579,-108.5958857,8083.0,412.4813810487721,3.703703703703704,104,107,4,0,103,107,26158,1,0,0,1,0
2020-08-01,US,Colorado,Montrose,278,13,0,38.40214114,-108.26390220000002,8085.0,650.1707282847655,4.676258992805756,265,274,13,0,261,265,42214,4,0,0,4,9
2020-08-01,US,Colorado,Morgan,676,46,0,40.26279810000001,-103.8093302,8087.0,2325.581395348837,6.8047337278106514,630,674,46,0,628,673,28558,2,0,0,2,1
2020-08-01,US,Colorado,Otero,54,6,0,37.9014485,-103.7173385,8089.0,295.4371375424007,11.111111111111109,48,52,5,0,47,49,18432,2,1,0,1,3
2020-08-01,US,Colorado,Ouray,12,1,0,38.14717457,-107.7675136,8091.0,242.3263327948304,8.333333333333334,11,12,1,0,11,12,4833,0,0,0,0,0
2020-08-01,US,Colorado,Park,41,1,0,39.120926,-105.7182065,8093.0,217.5643406739188,2.4390243902439024,40,42,1,0,41,41,18556,-1,0,0,-1,1
2020-08-01,US,Colorado,Phillips,19,0,0,40.59414277,-102.3577703,8095.0,445.48651817116064,0.0,19,19,0,0,19,19,4286,0,0,0,0,0
2020-08-01,US,Colorado,Pitkin,168,2,0,39.21720112,-106.9310027,8097.0,945.5732537851072,1.1904761904761905,166,166,2,0,164,162,17950,2,0,0,2,4
2020-08-01,US,Colorado,Prowers,48,0,0,37.95544985,-102.3926052,8099.0,394.34768320736123,0.0,48,47,0,0,47,47,12164,1,0,0,1,0
2020-08-01,US,Colorado,Pueblo,611,34,0,38.17359144,-104.5127437,8101.0,362.7749014392248,5.564648117839607,577,597,34,0,563,590,167529,14,0,0,14,7
2020-08-01,US,Colorado,Rio Blanco,7,0,0,39.97913541,-108.2179009,8103.0,110.68943706514864,0.0,7,6,0,0,6,6,6336,1,0,0,1,0
2020-08-01,US,Colorado,Rio Grande,87,2,0,37.5836865,-106.3847838,8105.0,772.1665039495872,2.2988505747126435,85,87,2,0,85,87,11250,0,0,0,0,0
2020-08-01,US,Colorado,Routt,106,6,0,40.48596505,-106.9905548,8107.0,413.4487869568609,5.660377358490566,100,99,6,0,93,98,25733,7,0,0,7,1
2020-08-01,US,Colorado,Saguache,107,2,0,38.08054629,-106.282466,8109.0,1567.9953106682299,1.8691588785046729,105,107,2,0,105,107,6843,0,0,0,0,0
2020-08-01,US,Colorado,San Juan,2,0,0,37.76248981,-107.67632890000002,8111.0,274.72527472527474,0.0,2,2,0,0,2,2,762,0,0,0,0,0
2020-08-01,US,Colorado,San Miguel,76,0,0,38.00450883,-108.4020725,8113.0,929.2089497493581,0.0,76,73,0,0,73,73,8191,3,0,0,3,0
2020-08-01,US,Colorado,Sedgwick,11,1,0,40.87595412,-102.3519227,8115.0,489.32384341637015,9.090909090909092,10,11,1,0,10,11,2303,0,0,0,0,0
2020-08-01,US,Colorado,Summit,322,4,0,39.63803232,-106.1150762,8117.0,1038.341233755764,1.2422360248447204,318,322,4,0,318,321,31007,0,0,0,0,1
2020-08-01,US,Colorado,Teller,112,3,0,38.88133511,-105.1614893,8119.0,441.15330077201827,2.6785714285714284,109,110,3,0,107,105,25083,2,0,0,2,5
2020-08-01,US,Colorado,Washington,47,0,0,39.97015535,-103.202587,8121.0,957.6202118989404,0.0,47,47,0,0,47,46,4909,0,0,0,0,1
2020-08-01,US,Colorado,Weld,3525,141,0,40.55499405,-104.3929621,8123.0,1086.313375984616,4.0,3384,3503,141,0,3362,3477,314305,22,0,0,22,26
2020-08-01,US,Colorado,Yuma,62,0,0,40.00346839,-102.4258673,8125.0,618.8242339554846,0.0,62,62,0,0,62,57,10020,0,0,0,0,5
2020-08-01,US,Connecticut,Fairfield,17793,1406,0,41.26809896,-73.3881171,9001.0,1886.1864115709,7.901983926263138,16387,17793,1406,0,16387,17786,943823,0,0,0,0,7
2020-08-01,US,Connecticut,Hartford,12645,1412,0,41.80283011,-72.73103891,9003.0,1418.0460234154218,11.166468960063266,11233,12645,1412,0,11233,12561,892697,0,0,0,0,84
2020-08-01,US,Connecticut,Litchfield,1597,138,0,41.7937534,-73.2451475,9005.0,885.5838920219818,8.641202254226675,1459,1597,138,0,1459,1599,181111,0,0,0,0,-2
2020-08-01,US,Connecticut,Middlesex,1377,191,0,41.45949668,-72.53714864,9007.0,847.7184860498904,13.870733478576614,1186,1377,191,0,1186,1377,162682,0,0,0,0,0
2020-08-01,US,Connecticut,New Haven,13041,1101,0,41.408032500000004,-72.93620426,9009.0,1525.6967769787204,8.442604094778007,11940,13041,1101,0,11940,13013,857620,0,0,0,0,28
2020-08-01,US,Connecticut,New London,1402,103,0,41.48896435,-72.10430976,9011.0,528.6456565839385,7.3466476462196875,1299,1402,103,0,1299,1396,266784,0,0,0,0,6
2020-08-01,US,Connecticut,Tolland,1019,66,0,41.85853803,-72.3308481,9013.0,676.0836247105581,6.47693817468106,953,1019,66,0,953,1011,150921,0,0,0,0,8
2020-08-01,US,Connecticut,Unassigned,243,0,0,0.0,0.0,90009.0,0.0,0.0,243,243,0,0,243,242,,0,0,0,0,1
2020-08-01,US,Connecticut,Windham,693,15,0,41.82972709,-71.98182316,9015.0,593.41336849857,2.1645021645021645,678,693,15,0,678,685,117027,0,0,0,0,8
2020-08-01,US,Delaware,Kent,2183,107,0,39.08646628,-75.56884914,10001.0,1207.5050059186,4.901511681172698,2076,2167,97,0,2070,2151,178550,16,10,0,6,16
2020-08-01,US,Delaware,New Castle,6843,287,0,39.57992638,-75.64054974,10003.0,1224.6914110528267,4.194066929709192,6556,6794,287,0,6507,6743,559335,49,0,0,49,51
2020-08-01,US,Delaware,Sussex,5630,191,0,38.66143781,-75.39031349,10005.0,2403.671683210588,3.392539964476021,5439,5608,191,0,5417,5583,229286,22,0,0,22,25
2020-08-01,US,Delaware,Unassigned,221,0,0,0.0,0.0,90010.0,0.0,0.0,221,219,10,0,209,212,,2,-10,0,12,7
2020-08-01,US,District of Columbia,District of Columbia,12057,584,0,38.90417773,-77.01655992,11001.0,1708.39774480729,4.8436592850626194,11473,12057,584,0,11473,12057,702455,0,0,0,0,0
2020-08-01,US,Florida,Alachua,3590,21,0,29.67866525,-82.35928158,12001.0,1334.3591916533787,0.5849582172701949,3569,3526,21,0,3505,3448,269956,64,0,0,64,78
2020-08-01,US,Florida,Baker,371,4,0,30.33060121,-82.28467476,12003.0,1270.1129750085588,1.0781671159029649,367,356,4,0,352,343,28355,15,0,0,15,13
2020-08-01,US,Florida,Bay,3620,21,0,30.26548745,-85.62122584,12005.0,2072.064337025271,0.5801104972375689,3599,3475,21,0,3454,3357,185287,145,0,0,145,118
2020-08-01,US,Florida,Bradford,332,4,0,29.95079741,-82.16611613,12007.0,1177.2632176163966,1.2048192771084338,328,325,3,0,322,316,27732,7,1,0,6,9
2020-08-01,US,Florida,Brevard,5521,115,0,28.29409504,-80.73091022,12009.0,917.198002465354,2.0829559862343783,5406,5420,114,0,5306,5333,596849,101,1,0,100,87
2020-08-01,US,Florida,Broward,56797,742,0,26.15184651,-80.48725556,12011.0,2908.523139855119,1.3064070285402398,56055,55411,709,0,54702,54312,1951260,1386,33,0,1353,1099
2020-08-01,US,Florida,Calhoun,287,7,0,30.40666734,-85.19394153,12013.0,2034.7394540942926,2.4390243902439024,280,281,7,0,274,278,14587,6,0,0,6,3
2020-08-01,US,Florida,Charlotte,1984,89,0,26.90131002,-81.92949121,12015.0,1050.2355619077866,4.485887096774194,1895,1946,86,0,1860,1889,184998,38,3,0,35,57
2020-08-01,US,Florida,Citrus,1228,29,0,28.84804315,-82.47614748,12017.0,820.5429749360202,2.3615635179153096,1199,1205,27,0,1178,1192,147929,23,2,0,21,13
2020-08-01,US,Florida,Clay,2853,48,0,29.98319144,-81.85609986,12019.0,1301.242405998577,1.6824395373291272,2805,2808,48,0,2760,2758,216072,45,0,0,45,50
2020-08-01,US,Florida,Collier,9662,124,0,26.11091986,-81.34687065,12021.0,2510.249362175307,1.2833781825708963,9538,9581,122,0,9459,9355,378488,81,2,0,79,226
2020-08-01,US,Florida,Columbia,2550,10,0,30.22509788,-82.62160164,12023.0,3557.179923555506,0.392156862745098,2540,2476,10,0,2466,2437,70503,74,0,0,74,39
2020-08-01,US,Florida,DeSoto,1285,15,0,27.18677893,-81.80941373,12027.0,3381.489960790505,1.1673151750972763,1270,1264,14,0,1250,1251,37489,21,1,0,20,13
2020-08-01,US,Florida,Dixie,264,4,0,29.60631086,-83.15724673,12029.0,1569.00035659099,1.5151515151515151,260,252,4,0,248,247,16700,12,0,0,12,5
2020-08-01,US,Florida,Duval,21322,157,0,30.33225875,-81.66976468,12031.0,2226.2478400008354,0.7363286746083857,21165,21038,153,0,20885,20816,950181,284,4,0,280,222
2020-08-01,US,Florida,Escambia,7908,97,0,30.67652764,-87.37284571,12033.0,2484.3237537541313,1.2266059686393525,7811,7738,95,0,7643,7598,315534,170,2,0,168,140
2020-08-01,US,Florida,Flagler,919,10,0,29.45933576,-81.31508595,12035.0,798.5679651723567,1.0881392818280742,909,901,10,0,891,867,112067,18,0,0,18,34
2020-08-01,US,Florida,Franklin,116,2,0,29.83791238,-84.82731662,12037.0,956.7010309278353,1.7241379310344829,114,108,1,0,107,105,11736,8,1,0,7,3
2020-08-01,US,Florida,Gadsden,1437,19,0,30.57796289,-84.61915825,12039.0,3147.1747700394208,1.3221990257480862,1418,1347,18,0,1329,1315,45894,90,1,0,89,32
2020-08-01,US,Florida,Gilchrist,329,3,0,29.72856978,-82.79880657,12041.0,1770.5306210311053,0.9118541033434652,326,309,3,0,306,305,18256,20,0,0,20,4
2020-08-01,US,Florida,Glades,391,3,0,26.95635849,-81.18996211,12043.0,2831.076678010281,0.7672634271099744,388,389,3,0,386,389,13724,2,0,0,2,0
2020-08-01,US,Florida,Gulf,373,2,0,29.93543004,-85.24270990000002,12045.0,2734.8046044431408,0.5361930294906166,371,336,1,0,335,301,16164,37,1,0,36,35
2020-08-01,US,Florida,Hamilton,574,3,0,30.49673973,-82.94998918,12047.0,3978.375381203216,0.5226480836236934,571,570,3,0,567,567,14310,4,0,0,4,3
2020-08-01,US,Florida,Hardee,841,7,0,27.49293939,-81.80956574,12049.0,3122.0997141478265,0.8323424494649228,834,833,7,0,826,819,27245,8,0,0,8,14
2020-08-01,US,Florida,Hendry,1649,36,0,26.55386945,-81.16469006,12051.0,3924.1349769168532,2.183141297756216,1613,1632,36,0,1596,1618,41556,17,0,0,17,14
2020-08-01,US,Florida,Hernando,1707,33,0,28.55364461,-82.42700204,12053.0,880.259900990099,1.9332161687170475,1674,1674,32,0,1642,1617,190865,33,1,0,32,57
2020-08-01,US,Florida,Highlands,1197,29,0,27.34254618,-81.34071957,12055.0,1126.8958115626856,2.4227234753550544,1168,1163,26,0,1137,1132,105424,34,3,0,31,31
2020-08-01,US,Florida,Hillsborough,29589,341,0,27.9276559,-82.32013172,12057.0,2010.1659818691712,1.1524553043360708,29248,29116,335,0,28781,28742,1436888,473,6,0,467,374
2020-08-01,US,Florida,Holmes,433,2,0,30.86747479,-85.81319222,12059.0,2207.269205281133,0.4618937644341801,431,422,2,0,420,413,19477,11,0,0,11,9
2020-08-01,US,Florida,Indian River,2270,48,0,27.69308961,-80.60556721,12061.0,1419.4331021804246,2.1145374449339207,2222,2204,45,0,2159,2167,157413,66,3,0,63,37
2020-08-01,US,Florida,Jackson,1588,32,0,30.795459700000002,-85.21500423,12063.0,3421.3814797259447,2.0151133501259446,1556,1566,31,0,1535,1553,48305,22,1,0,21,13
2020-08-01,US,Florida,Jefferson,337,5,0,30.43669112,-83.89442308,12065.0,2365.5763021198927,1.483679525222552,332,229,5,0,224,192,14288,108,0,0,108,37
2020-08-01,US,Florida,Lafayette,111,1,0,29.98484137,-83.18166636,12067.0,1317.976727618143,0.9009009009009008,110,102,1,0,101,100,8732,9,0,0,9,2
2020-08-01,US,Florida,Lake,4612,51,0,28.76202069,-81.7125123,12069.0,1256.2718254076347,1.1058109280138768,4561,4516,51,0,4465,4408,356495,96,0,0,96,108
2020-08-01,US,Florida,Lee,15551,300,0,26.58410348,-81.88399313,12071.0,2018.098126468867,1.9291363899427691,15251,15416,295,0,15121,15137,754610,135,5,0,130,279
2020-08-01,US,Florida,Leon,4294,14,0,30.45955727,-84.27491114,12073.0,1462.623730337691,0.3260363297624592,4280,4171,14,0,4157,4102,292502,123,0,0,123,69
2020-08-01,US,Florida,Levy,583,3,0,29.31829741,-82.74007147,12075.0,1404.7177312483434,0.5145797598627787,580,575,3,0,572,546,40770,8,0,0,8,29
2020-08-01,US,Florida,Liberty,399,2,0,30.23766008,-84.8829258,12077.0,4776.155135264544,0.5012531328320802,397,370,2,0,368,356,8457,29,0,0,29,14
2020-08-01,US,Florida,Madison,618,7,0,30.44396917,-83.47398594,12079.0,3341.805007300059,1.132686084142395,611,604,7,0,597,583,18529,14,0,0,14,21
2020-08-01,US,Florida,Manatee,8655,185,0,27.47196942,-82.31831044,12081.0,2146.2952538480804,2.1374927787406124,8470,8517,182,0,8335,8337,394855,138,3,0,135,180
2020-08-01,US,Florida,Marion,5069,61,0,29.21227113,-82.05803627,12083.0,1386.5676091898056,1.203393174196094,5008,4892,60,0,4832,4682,359977,177,1,0,176,210
2020-08-01,US,Florida,Martin,3626,75,0,27.0772071,-80.43109784,12085.0,2252.1739130434785,2.0683949255377825,3551,3591,75,0,3516,3561,160912,35,0,0,35,30
2020-08-01,US,Florida,Miami-Dade,121207,1647,0,25.6112362,-80.55170587,12086.0,4461.158509205209,1.3588324106693508,119560,118462,1611,0,116851,115916,2761581,2745,36,0,2709,2546
2020-08-01,US,Florida,Monroe,1325,9,0,25.20904673,-81.07812416,12087.0,1785.0406854556231,0.6792452830188679,1316,1300,8,0,1292,1230,75027,25,1,0,24,70
2020-08-01,US,Florida,Nassau,1079,10,0,30.61037141,-81.80297522,12089.0,1217.4894217207334,0.9267840593141798,1069,1054,10,0,1044,1037,85832,25,0,0,25,17
2020-08-01,US,Florida,Okaloosa,2850,30,0,30.69143028,-86.59267105,12091.0,1352.3901716823734,1.0526315789473684,2820,2765,28,0,2737,2704,207269,85,2,0,83,61
2020-08-01,US,Florida,Okeechobee,920,6,0,27.386336199999995,-80.88944347,12093.0,2181.7491937013847,0.6521739130434783,914,893,6,0,887,878,41537,27,0,0,27,15
2020-08-01,US,Florida,Orange,29466,232,0,28.51367621,-81.31799498,12095.0,2114.604593484383,0.7873481300481912,29234,29011,216,0,28795,28591,1380645,455,16,0,439,420
2020-08-01,US,Florida,Osceola,8649,79,0,28.06312234,-81.14882926,12097.0,2301.7902813299233,0.91340039310903,8570,8470,71,0,8399,8281,367990,179,8,0,171,189
2020-08-01,US,Florida,Palm Beach,33854,833,0,26.64676272,-80.46536002,12099.0,2261.8037507432673,2.46056595970934,33021,33274,815,0,32459,32696,1485941,580,18,0,562,578
2020-08-01,US,Florida,Pasco,6394,96,0,28.30810945,-82.40227529,12101.0,1154.262050340556,1.5014075695964968,6298,6299,96,0,6203,6201,539630,95,0,0,95,98
2020-08-01,US,Florida,Pinellas,16604,437,0,27.93130349,-82.72239666,12103.0,1702.9813455644946,2.6318959286918813,16167,16356,432,0,15924,16114,975280,248,5,0,243,242
2020-08-01,US,Florida,Polk,12735,269,0,27.95027105,-81.69732947,12105.0,1757.092181457193,2.1122889674126424,12466,12488,268,0,12220,12281,708009,247,1,0,246,207
2020-08-01,US,Florida,Putnam,1317,16,0,29.60779729,-81.74230285,12107.0,1767.2870734423855,1.2148823082763858,1301,1301,15,0,1286,1261,74163,16,1,0,15,40
2020-08-01,US,Florida,Santa Rosa,3399,24,0,30.69341450000001,-87.02458128,12113.0,1844.1455567431487,0.7060900264783759,3375,3336,22,0,3314,3279,179349,63,2,0,61,57
2020-08-01,US,Florida,Sarasota,5672,121,0,27.18546175,-82.33174248,12115.0,1307.6898248267405,2.133286318758816,5551,5588,120,0,5468,5443,426718,84,1,0,83,145
2020-08-01,US,Florida,Seminole,6566,84,0,28.7158582,-81.24060348,12117.0,1391.6147054210662,1.279317697228145,6482,6487,82,0,6405,6419,467832,79,2,0,77,68
2020-08-01,US,Florida,St. Johns,3264,28,0,29.90096506,-81.43589967,12109.0,1233.2245194051504,0.8578431372549019,3236,3216,26,0,3190,3168,254261,48,2,0,46,48
2020-08-01,US,Florida,St. Lucie,5106,125,0,27.37763908,-80.47106649,12111.0,1555.2990127841558,2.448100274187231,4981,5002,120,0,4882,4903,321128,104,5,0,99,99
2020-08-01,US,Florida,Sumter,1091,32,0,28.70181754,-82.0794267,12119.0,823.8936716508081,2.9330889092575623,1059,1077,30,0,1047,1058,128754,14,2,0,12,19
2020-08-01,US,Florida,Suwannee,1155,32,0,30.19746066,-82.99099670000003,12121.0,2600.355719656888,2.7705627705627704,1123,1131,32,0,1099,1082,44191,24,0,0,24,49
2020-08-01,US,Florida,Taylor,360,3,0,30.04848048,-83.60445406,12123.0,1669.062079836803,0.8333333333333334,357,330,3,0,327,319,21623,30,0,0,30,11
2020-08-01,US,Florida,Unassigned,601,0,0,0.0,0.0,90012.0,0.0,0.0,601,570,0,0,570,559,,31,0,0,31,11
2020-08-01,US,Florida,Union,218,4,0,30.04412971,-82.37497443,12125.0,1430.7278335630374,1.834862385321101,214,215,4,0,211,206,14940,3,0,0,3,9
2020-08-01,US,Florida,Volusia,6959,113,0,29.05858895,-81.18263252,12127.0,1257.762740292508,1.6237965224888633,6846,6834,112,0,6722,6707,547538,125,1,0,124,127
2020-08-01,US,Florida,Wakulla,598,4,0,30.16548905,-84.39895211,12129.0,1772.429532588399,0.6688963210702341,594,572,3,0,569,565,32461,26,1,0,25,7
2020-08-01,US,Florida,Walton,1239,13,0,30.64204028,-86.16935664,12131.0,1672.7194178558414,1.0492332526230832,1226,1205,13,0,1192,1149,71375,34,0,0,34,56
2020-08-01,US,Florida,Washington,558,14,0,30.61359259,-85.66002461,12133.0,2190.554704981745,2.508960573476702,544,495,14,0,481,488,24880,63,0,0,63,7
2020-08-01,US,Georgia,Appling,586,16,0,31.74847232,-82.28909114,13001.0,3187.2076580006533,2.7303754266211606,570,555,16,0,539,544,18507,31,0,0,31,11
2020-08-01,US,Georgia,Atkinson,289,2,0,31.29633502,-82.87545866,13003.0,3539.49785670545,0.6920415224913494,287,283,2,0,281,276,8297,6,0,0,6,7
2020-08-01,US,Georgia,Bacon,410,6,0,31.55456473,-82.45936528,13005.0,3672.5188104622,1.4634146341463414,404,404,6,0,398,399,11185,6,0,0,6,5
2020-08-01,US,Georgia,Baker,58,3,0,31.32669878,-84.44218806,13007.0,1909.1507570770245,5.172413793103448,55,55,3,0,52,55,3092,3,0,0,3,0
2020-08-01,US,Georgia,Baldwin,943,38,0,33.06882326,-83.24701748,13009.0,2100.6905769659165,4.029692470837753,905,917,38,0,879,913,44823,26,0,0,26,4
2020-08-01,US,Georgia,Banks,241,3,0,34.35607081,-83.49644388,13011.0,1252.9894977643755,1.2448132780082988,238,235,3,0,232,228,18988,6,0,0,6,7
2020-08-01,US,Georgia,Barrow,1096,32,0,33.99148694,-83.71436292,13013.0,1316.6746756367133,2.9197080291970803,1064,1061,32,0,1029,1030,80809,35,0,0,35,31
2020-08-01,US,Georgia,Bartow,1583,59,0,34.23732119,-84.83887523,13015.0,1469.305166236611,3.7271004421983576,1524,1545,55,0,1490,1495,106408,38,4,0,34,50
2020-08-01,US,Georgia,Ben Hill,343,3,0,31.76095874,-83.22145359,13017.0,2053.8922155688624,0.8746355685131195,340,335,3,0,332,327,16787,8,0,0,8,8
2020-08-01,US,Georgia,Berrien,259,0,0,31.27590016,-83.22529920000002,13019.0,1335.258029592205,0.0,259,256,0,0,256,252,19252,3,0,0,3,4
2020-08-01,US,Georgia,Bibb,3107,61,0,32.80904227,-83.70489165,13021.0,2028.6107900939544,1.9633086578693275,3046,3052,59,0,2993,2997,153095,55,2,0,53,55
2020-08-01,US,Georgia,Bleckley,129,3,0,32.43829035,-83.33035166,13023.0,1002.0974131903984,2.3255813953488373,126,127,3,0,124,123,12838,2,0,0,2,4
2020-08-01,US,Georgia,Brantley,224,4,0,31.19576557,-81.97743999,13025.0,1172.222512952012,1.7857142857142858,220,219,4,0,215,218,18897,5,0,0,5,1
2020-08-01,US,Georgia,Brooks,370,15,0,30.83922642,-83.58303423,13027.0,2393.737465226111,4.0540540540540535,355,364,15,0,349,355,15513,6,0,0,6,9
2020-08-01,US,Georgia,Bryan,546,7,0,32.00979311,-81.44002948,13029.0,1377.848436671966,1.2820512820512822,539,530,7,0,523,518,38109,16,0,0,16,12
2020-08-01,US,Georgia,Bulloch,1093,12,0,32.39577406,-81.74811421,13031.0,1372.9775901919404,1.0978956999085088,1081,1055,11,0,1044,1032,77296,38,1,0,37,23
2020-08-01,US,Georgia,Burke,400,7,0,33.05917989,-81.99928721,13033.0,1787.0705446097486,1.75,393,390,7,0,383,380,22423,10,0,0,10,10
2020-08-01,US,Georgia,Butts,463,37,0,33.283094500000004,-83.95435040000002,13035.0,1856.753288418351,7.991360691144709,426,460,37,0,423,444,24193,3,0,0,3,16
2020-08-01,US,Georgia,Calhoun,193,6,0,31.53169785,-84.62725131,13037.0,3118.435934722896,3.1088082901554404,187,189,6,0,183,185,6352,4,0,0,4,4
2020-08-01,US,Georgia,Camden,634,4,0,30.92951916,-81.66601818,13039.0,1159.7702411005012,0.6309148264984227,630,607,4,0,603,591,53677,27,0,0,27,16
2020-08-01,US,Georgia,Candler,223,4,0,32.40209349,-82.07702563,13043.0,2064.2414144219197,1.7937219730941705,219,211,4,0,207,205,10836,12,0,0,12,6
2020-08-01,US,Georgia,Carroll,1701,47,0,33.58138199,-85.07976677,13045.0,1417.5945063004199,2.7630805408583186,1654,1687,46,0,1641,1675,118121,14,1,0,13,12
2020-08-01,US,Georgia,Catoosa,539,9,0,34.89872298,-85.13757014,13047.0,797.5732465226398,1.6697588126159555,530,527,9,0,518,513,67420,12,0,0,12,14
2020-08-01,US,Georgia,Charlton,377,3,0,30.78371028,-82.13951596,13049.0,2815.113500597371,0.7957559681697612,374,348,3,0,345,349,12968,29,0,0,29,-1
2020-08-01,US,Georgia,Chatham,4911,67,0,32.00043026,-81.12489526,13051.0,1696.7833327574888,1.364284259824883,4844,4808,67,0,4741,4707,289195,103,0,0,103,101
2020-08-01,US,Georgia,Chattahoochee,660,1,0,32.34341231,-84.78809239,13053.0,6051.1598056294115,0.15151515151515152,659,594,1,0,593,578,10684,66,0,0,66,16
2020-08-01,US,Georgia,Chattooga,187,2,0,34.47197698,-85.34535662,13055.0,754.3668562668927,1.0695187165775402,185,175,2,0,173,166,24790,12,0,0,12,9
2020-08-01,US,Georgia,Cherokee,2791,56,0,34.24393976,-84.47431861,13057.0,1078.5514717532355,2.0064493013256897,2735,2743,54,0,2689,2687,254149,48,2,0,46,56
2020-08-01,US,Georgia,Clarke,1694,17,0,33.95436462,-83.37124007,13059.0,1320.0240004363714,1.0035419126328218,1677,1665,17,0,1648,1591,127330,29,0,0,29,74
2020-08-01,US,Georgia,Clay,76,2,0,31.62221166,-84.97713865,13061.0,2681.7219477769936,2.631578947368421,74,72,2,0,70,70,2887,4,0,0,4,2
2020-08-01,US,Georgia,Clayton,4468,100,0,33.54187245,-84.35594188,13063.0,1528.7966714113654,2.2381378692927485,4368,4413,97,0,4316,4339,289615,55,3,0,52,74
2020-08-01,US,Georgia,Clinch,172,4,0,30.91395822,-82.70432472,13065.0,2598.972499244485,2.3255813953488373,168,169,4,0,165,168,6648,3,0,0,3,1
2020-08-01,US,Georgia,Cobb,11436,298,0,33.94243204,-84.5761255,13067.0,1504.4577256061702,2.6058062259531303,11138,11206,297,0,10909,10920,756865,230,1,0,229,286
2020-08-01,US,Georgia,Coffee,1324,25,0,31.54892966,-82.85492059999999,13069.0,3059.6445820719623,1.8882175226586104,1299,1299,24,0,1275,1281,43093,25,1,0,24,18
2020-08-01,US,Georgia,Colquitt,1473,22,0,31.18810588,-83.7677946,13071.0,3230.263157894737,1.493550577053632,1451,1454,21,0,1433,1445,45592,19,1,0,18,9
2020-08-01,US,Georgia,Columbia,1848,19,0,33.54534185,-82.263524,13073.0,1179.2181936521304,1.0281385281385282,1829,1793,19,0,1774,1739,154291,55,0,0,55,54
2020-08-01,US,Georgia,Cook,397,6,0,31.16068491,-83.42947229,13075.0,2298.7840185292416,1.5113350125944585,391,394,6,0,388,381,17162,3,0,0,3,13
2020-08-01,US,Georgia,Coweta,1313,21,0,33.35334302,-84.76129976,13077.0,884.1215010538083,1.5993907083015997,1292,1296,19,0,1277,1275,145864,17,2,0,15,21
2020-08-01,US,Georgia,Crawford,90,0,0,32.71391813,-83.98061238,13079.0,725.5723960012898,0.0,90,88,0,0,88,87,12318,2,0,0,2,1
2020-08-01,US,Georgia,Crisp,361,14,0,31.92289565,-83.76811843,13081.0,1613.6241730734848,3.878116343490305,347,358,14,0,344,356,22601,3,0,0,3,2
2020-08-01,US,Georgia,Dade,109,1,0,34.854916700000004,-85.50490424,13083.0,676.3464879622735,0.9174311926605504,108,107,1,0,106,105,16226,2,0,0,2,2
2020-08-01,US,Georgia,Dawson,295,3,0,34.44244079,-84.16964071,13085.0,1129.9218630304888,1.0169491525423728,292,290,3,0,287,265,25083,5,0,0,5,25
2020-08-01,US,Georgia,DeKalb,12348,225,0,33.76944049,-84.22396017,13089.0,1626.2411151367646,1.8221574344023324,12123,12127,222,0,11905,11916,756558,221,3,0,218,211
2020-08-01,US,Georgia,Decatur,630,8,0,30.87967778,-84.57619536,13087.0,2386.0021208907738,1.2698412698412698,622,604,8,0,596,588,26575,26,0,0,26,16
2020-08-01,US,Georgia,Dodge,188,3,0,32.17265114,-83.16948926,13091.0,912.3999029361804,1.5957446808510638,185,186,2,0,184,183,20705,2,1,0,1,3
2020-08-01,US,Georgia,Dooly,242,14,0,32.15630737,-83.79746561,13093.0,1807.3188946975354,5.785123966942148,228,239,14,0,225,238,13706,3,0,0,3,1
2020-08-01,US,Georgia,Dougherty,2589,168,0,31.53328528,-84.21722377,13095.0,2943.517213152031,6.488991888760139,2421,2571,168,0,2403,2554,91243,18,0,0,18,17
2020-08-01,US,Georgia,Douglas,2279,49,0,33.70291126,-84.77026156,13097.0,1557.300315013359,2.1500658183413783,2230,2245,48,0,2197,2203,145331,34,1,0,33,42
2020-08-01,US,Georgia,Early,346,31,0,31.32155345,-84.90255207,13099.0,3395.485770363101,8.959537572254336,315,342,31,0,311,339,10247,4,0,0,4,3
2020-08-01,US,Georgia,Echols,218,2,0,30.71101099,-82.89687287,13101.0,5441.8372441338,0.9174311926605504,216,220,1,0,219,221,4000,-2,1,0,-3,-1
2020-08-01,US,Georgia,Effingham,626,1,0,32.36616021,-81.34280942,13103.0,973.6219982580564,0.1597444089456869,625,614,1,0,613,587,62190,12,0,0,12,27
2020-08-01,US,Georgia,Elbert,323,1,0,34.11302332,-82.83936148,13105.0,1682.817547150151,0.30959752321981426,322,318,1,0,317,314,19120,5,0,0,5,4
2020-08-01,US,Georgia,Emanuel,409,7,0,32.59221302,-82.30239915,13107.0,1806.0584650710941,1.7114914425427872,402,391,7,0,384,387,22612,18,0,0,18,4
2020-08-01,US,Georgia,Evans,210,1,0,32.15328841,-81.8870105,13109.0,1971.090670170828,0.4761904761904762,209,202,1,0,201,195,10721,8,0,0,8,7
2020-08-01,US,Georgia,Fannin,270,2,0,34.86430205,-84.316964,13111.0,1031.0065678936915,0.7407407407407407,268,266,2,0,264,259,25964,4,0,0,4,7
2020-08-01,US,Georgia,Fayette,949,25,0,33.41357794,-84.49089434,13113.0,829.3932057926428,2.6343519494204424,924,918,24,0,894,898,113459,31,1,0,30,20
2020-08-01,US,Georgia,Floyd,1243,15,0,34.26268279,-85.21577392,13115.0,1261.9545574529432,1.2067578439259856,1228,1206,15,0,1191,1168,97927,37,0,0,37,38
2020-08-01,US,Georgia,Forsyth,1898,19,0,34.22604035,-84.12315129999998,13117.0,777.0663085665624,1.0010537407797682,1879,1858,19,0,1839,1796,236612,40,0,0,40,62
2020-08-01,US,Georgia,Franklin,354,4,0,34.37525597,-83.23159927,13119.0,1516.124887575485,1.1299435028248588,350,350,4,0,346,346,23023,4,0,0,4,4
2020-08-01,US,Georgia,Fulton,17858,398,0,33.79216944,-84.46319413,13121.0,1678.4828424991324,2.228693022734909,17460,17646,389,0,17257,17286,1050114,212,9,0,203,360
2020-08-01,US,Georgia,Gilmer,491,3,0,34.69316688,-84.45802506,13123.0,1565.239567726099,0.6109979633401222,488,484,3,0,481,470,30816,7,0,0,7,14
2020-08-01,US,Georgia,Glascock,22,0,0,33.22879932,-82.61297636,13125.0,740.4914170313026,0.0,22,21,0,0,21,21,2995,1,0,0,1,0
2020-08-01,US,Georgia,Glynn,2281,29,0,31.23279254,-81.53811412,13127.0,2674.342259531961,1.2713722051731695,2252,2250,28,0,2222,2236,85219,31,1,0,30,14
2020-08-01,US,Georgia,Gordon,1001,23,0,34.50487351,-84.87296253,13129.0,1726.9637527388159,2.2977022977022976,978,985,23,0,962,958,57685,16,0,0,16,27
2020-08-01,US,Georgia,Grady,400,5,0,30.87454847,-84.23418364,13131.0,1623.837940973491,1.25,395,394,4,0,390,387,24748,6,1,0,5,7
2020-08-01,US,Georgia,Greene,247,11,0,33.5769205,-83.17139104,13133.0,1347.958960925562,4.453441295546559,236,236,11,0,225,225,17698,11,0,0,11,11
2020-08-01,US,Georgia,Gwinnett,17511,240,0,33.96044201,-84.02137802,13135.0,1870.3337783711609,1.370567072126092,17271,17130,238,0,16892,16711,927781,381,2,0,379,419
2020-08-01,US,Georgia,Habersham,1026,48,0,34.63331566,-83.53094677,13137.0,2263.5015884221675,4.678362573099415,978,1011,48,0,963,1002,45388,15,0,0,15,9
2020-08-01,US,Georgia,Hall,5482,79,0,34.32207823,-83.81896936,13139.0,2681.4582202200145,1.441079897847501,5403,5372,77,0,5295,5272,202148,110,2,0,108,100
2020-08-01,US,Georgia,Hancock,281,34,0,33.2721566,-82.99766919,13141.0,3322.6912616767177,12.099644128113878,247,280,34,0,246,280,8348,1,0,0,1,0
2020-08-01,US,Georgia,Haralson,191,6,0,33.79602175,-85.21005667,13143.0,641.1117078410311,3.141361256544503,185,189,6,0,183,184,29533,2,0,0,2,5
2020-08-01,US,Georgia,Harris,616,16,0,32.73709786,-84.90538572,13145.0,1748.2120558519696,2.5974025974025974,600,607,15,0,592,599,34475,9,1,0,8,8
2020-08-01,US,Georgia,Hart,263,2,0,34.34626973,-82.96567682,13147.0,1003.6252623545123,0.7604562737642585,261,255,1,0,254,241,26099,8,1,0,7,14
2020-08-01,US,Georgia,Heard,129,3,0,33.29686567,-85.12886832,13149.0,1081.9424641449302,2.3255813953488373,126,128,3,0,125,127,11879,1,0,0,1,1
2020-08-01,US,Georgia,Henry,2954,41,0,33.4533428,-84.14814659999998,13151.0,1259.3738942108876,1.3879485443466486,2913,2895,40,0,2855,2841,230220,59,1,0,58,54
2020-08-01,US,Georgia,Houston,1746,49,0,32.45802497,-83.66879087,13153.0,1106.0223104844074,2.8064146620847654,1697,1714,46,0,1668,1627,155469,32,3,0,29,87
2020-08-01,US,Georgia,Irwin,153,1,0,31.60213036,-83.27501387,13155.0,1624.8937977909939,0.6535947712418301,152,152,1,0,151,150,9398,1,0,0,1,2
2020-08-01,US,Georgia,Jackson,936,13,0,34.13794553,-83.56814788,13157.0,1282.5958863751594,1.3888888888888888,923,912,13,0,899,884,70422,24,0,0,24,28
2020-08-01,US,Georgia,Jasper,123,1,0,33.31535543,-83.68844964,13159.0,865.0397355650888,0.8130081300813008,122,121,1,0,120,120,14040,2,0,0,2,1
2020-08-01,US,Georgia,Jeff Davis,366,6,0,31.80405727,-82.63724870000001,13161.0,2421.4356599404564,1.639344262295082,360,349,6,0,343,338,15029,17,0,0,17,11
2020-08-01,US,Georgia,Jefferson,422,6,0,33.05867328,-82.41609057,13163.0,2747.0381460747303,1.4218009478672986,416,417,5,0,412,400,15430,5,1,0,4,17
2020-08-01,US,Georgia,Jenkins,230,22,0,32.79248718,-81.96040187,13165.0,2650.9912402028585,9.565217391304348,208,225,22,0,203,223,8683,5,0,0,5,2
2020-08-01,US,Georgia,Johnson,221,10,0,32.70211082,-82.66166794,13167.0,2291.817898994089,4.524886877828054,211,215,9,0,206,216,9708,6,1,0,5,-1
2020-08-01,US,Georgia,Jones,258,3,0,33.02512137,-83.56019163,13169.0,897.8597529145641,1.162790697674419,255,253,3,0,250,242,28616,5,0,0,5,11
2020-08-01,US,Georgia,Lamar,221,9,0,33.07841647,-84.14263877,13171.0,1158.4630707134245,4.072398190045249,212,219,9,0,210,217,19000,2,0,0,2,2
2020-08-01,US,Georgia,Lanier,214,4,0,31.03828570000001,-83.06472457,13173.0,2053.1516837762642,1.8691588785046729,210,212,4,0,208,207,10340,2,0,0,2,5
2020-08-01,US,Georgia,Laurens,727,4,0,32.46325233,-82.92221316,13175.0,1529.045555882724,0.5502063273727648,723,706,4,0,702,669,47325,21,0,0,21,37
2020-08-01,US,Georgia,Lee,506,22,0,31.779330600000005,-84.14324253,13177.0,1687.116564417178,4.3478260869565215,484,501,22,0,479,496,29764,5,0,0,5,5
2020-08-01,US,Georgia,Liberty,594,2,0,31.82588896,-81.49251135,13179.0,966.8755595344674,0.3367003367003367,592,575,2,0,573,562,61497,19,0,0,19,13
2020-08-01,US,Georgia,Lincoln,125,4,0,33.79201475,-82.45024131,13181.0,1578.0835753061483,3.2,121,124,4,0,120,117,7915,1,0,0,1,7
2020-08-01,US,Georgia,Long,122,1,0,31.75218791,-81.74952375,13183.0,623.7537706426709,0.819672131147541,121,114,1,0,113,111,18998,8,0,0,8,3
2020-08-01,US,Georgia,Lowndes,2931,32,0,30.83568832,-83.27056716,13185.0,2496.465257312233,1.0917775503241214,2899,2894,31,0,2863,2825,116321,37,1,0,36,69
2020-08-01,US,Georgia,Lumpkin,301,6,0,34.57286511,-84.00425681,13187.0,895.5667955965488,1.9933554817275747,295,291,6,0,285,275,32955,10,0,0,10,16
2020-08-01,US,Georgia,Macon,174,10,0,32.35207048,-84.04234127,13193.0,1343.940681238897,5.747126436781608,164,171,10,0,161,170,13143,3,0,0,3,1
2020-08-01,US,Georgia,Madison,326,4,0,34.12920917,-83.21218732,13195.0,1091.0307898259703,1.2269938650306749,322,321,4,0,317,304,29650,5,0,0,5,17
2020-08-01,US,Georgia,Marion,142,4,0,32.3483402,-84.52733571,13197.0,1698.7677951908124,2.8169014084507036,138,136,4,0,132,131,8351,6,0,0,6,5
2020-08-01,US,Georgia,McDuffie,286,9,0,33.47851918,-82.48252774,13189.0,1341.966966966967,3.1468531468531467,277,280,9,0,271,272,21531,6,0,0,6,8
2020-08-01,US,Georgia,McIntosh,147,2,0,31.49683595,-81.40163426,13191.0,1022.3953261927943,1.3605442176870748,145,145,2,0,143,141,14340,2,0,0,2,4
2020-08-01,US,Georgia,Meriwether,347,5,0,33.04163534,-84.68859732,13199.0,1639.344262295082,1.4409221902017288,342,347,5,0,342,344,21068,0,0,0,0,3
2020-08-01,US,Georgia,Miller,130,0,0,31.16568912,-84.73151117,13201.0,2273.5222105631337,0.0,130,125,0,0,125,124,5686,5,0,0,5,1
2020-08-01,US,Georgia,Mitchell,609,41,0,31.22483255,-84.19381821,13205.0,2785.5280611078083,6.732348111658458,568,604,41,0,563,594,22192,5,0,0,5,10
2020-08-01,US,Georgia,Monroe,416,23,0,33.014289,-83.92097166,13207.0,1508.4487635071437,5.528846153846153,393,408,23,0,385,404,27520,8,0,0,8,4
2020-08-01,US,Georgia,Montgomery,128,0,0,32.17201038,-82.53527476,13209.0,1395.5516790231138,0.0,128,124,0,0,124,117,9193,4,0,0,4,7
2020-08-01,US,Georgia,Morgan,216,0,0,33.59232073,-83.49129491,13211.0,1120.5644324548662,0.0,216,191,0,0,191,183,18853,25,0,0,25,8
2020-08-01,US,Georgia,Murray,527,2,0,34.78897608,-84.74993177,13213.0,1314.3455706304871,0.3795066413662239,525,520,2,0,518,507,39921,7,0,0,7,13
2020-08-01,US,Georgia,Muscogee,4259,82,0,32.50931999,-84.87142262,13215.0,2175.523193151112,1.9253345855834705,4177,4201,81,0,4120,4137,194160,58,1,0,57,64
2020-08-01,US,Georgia,Newton,1566,35,0,33.55514538,-83.84547140000002,13217.0,1401.4175257731958,2.234993614303959,1531,1533,32,0,1501,1503,109541,33,3,0,30,30
2020-08-01,US,Georgia,Oconee,387,15,0,33.83749973,-83.43679568,13219.0,960.7745779543196,3.875968992248062,372,378,15,0,363,368,39272,9,0,0,9,10
2020-08-01,US,Georgia,Oglethorpe,184,7,0,33.878629600000004,-83.08278123,13221.0,1205.845730388623,3.804347826086957,177,181,7,0,174,177,15054,3,0,0,3,4
2020-08-01,US,Georgia,Out of GA,15178,81,0,0.0,0.0,80013.0,0.0,0.5336671498221109,15097,15010,78,0,14932,14741,,168,3,0,165,269
2020-08-01,US,Georgia,Paulding,1401,19,0,33.91969522,-84.86848792,13223.0,830.6307695044081,1.3561741613133476,1382,1370,19,0,1351,1343,164044,31,0,0,31,27
2020-08-01,US,Georgia,Peach,318,12,0,32.56934316,-83.82937,13225.0,1154.4325854933566,3.7735849056603774,306,308,12,0,296,294,27297,10,0,0,10,14
2020-08-01,US,Georgia,Pickens,276,5,0,34.46589159,-84.46406611,13227.0,846.8595624558928,1.8115942028985508,271,274,5,0,269,266,31980,2,0,0,2,8
2020-08-01,US,Georgia,Pierce,376,6,0,31.35928155,-82.21598442,13229.0,1931.672232211662,1.5957446808510638,370,373,6,0,367,370,19389,3,0,0,3,3
2020-08-01,US,Georgia,Pike,187,4,0,33.09310242,-84.38790389,13231.0,986.1828920999893,2.1390374331550803,183,186,4,0,182,180,18634,1,0,0,1,6
2020-08-01,US,Georgia,Polk,664,6,0,34.00267074,-85.18677781,13233.0,1558.2099359350436,0.9036144578313252,658,637,6,0,631,614,42470,27,0,0,27,23
2020-08-01,US,Georgia,Pulaski,85,2,0,32.23334561,-83.47549959999998,13235.0,763.2216934542515,2.3529411764705883,83,81,2,0,79,78,11069,4,0,0,4,3
2020-08-01,US,Georgia,Putnam,377,17,0,33.32056115,-83.37552891,13237.0,1704.4170170441705,4.509283819628648,360,364,17,0,347,355,21809,13,0,0,13,9
2020-08-01,US,Georgia,Quitman,29,1,0,31.86728114,-85.01773177,13239.0,1261.418007829491,3.4482758620689653,28,29,1,0,28,29,2279,0,0,0,0,0
2020-08-01,US,Georgia,Rabun,190,3,0,34.88389445,-83.40304637,13241.0,1108.7121433156328,1.5789473684210529,187,186,3,0,183,176,16867,4,0,0,4,10
2020-08-01,US,Georgia,Randolph,259,26,0,31.76622818,-84.75732369,13243.0,3821.186190616701,10.038610038610038,233,257,26,0,231,246,6833,2,0,0,2,11
2020-08-01,US,Georgia,Richmond,3588,83,0,33.35777107,-82.07026432,13245.0,1771.6943679080375,2.3132664437012265,3505,3482,79,0,3403,3334,201554,106,4,0,102,148
2020-08-01,US,Georgia,Rockdale,1152,16,0,33.65145002,-84.02202167,13247.0,1267.3825030804435,1.3888888888888888,1136,1122,15,0,1107,1090,90594,30,1,0,29,32
2020-08-01,US,Georgia,Schley,50,1,0,32.2654021,-84.31258912,13249.0,951.1128019783148,2.0,49,49,1,0,48,47,5236,1,0,0,1,2
2020-08-01,US,Georgia,Screven,172,9,0,32.74976524,-81.60779441,13251.0,1231.5623657453814,5.232558139534883,163,167,9,0,158,165,13938,5,0,0,5,2
2020-08-01,US,Georgia,Seminole,144,2,0,30.93464824,-84.86823924,13253.0,1779.9752781211373,1.3888888888888888,142,135,2,0,133,129,8315,9,0,0,9,6
2020-08-01,US,Georgia,Spalding,846,39,0,33.26310031,-84.28013991,13255.0,1268.308771719413,4.609929078014185,807,837,38,0,799,823,66100,9,1,0,8,14
2020-08-01,US,Georgia,Stephens,547,10,0,34.55151201,-83.29405315,13257.0,2109.9324975892,1.828153564899452,537,542,10,0,532,528,26035,5,0,0,5,14
2020-08-01,US,Georgia,Stewart,247,5,0,32.07996777,-84.83208037,13259.0,3730.5542969339976,2.0242914979757085,242,245,5,0,240,245,6199,2,0,0,2,0
2020-08-01,US,Georgia,Sumter,724,56,0,32.03650571,-84.19821492,13261.0,2452.242243598429,7.734806629834254,668,717,56,0,661,713,29733,7,0,0,7,4
2020-08-01,US,Georgia,Talbot,126,3,0,32.69642758,-84.53351366,13263.0,2033.8983050847453,2.380952380952381,123,122,3,0,119,123,6272,4,0,0,4,-1
2020-08-01,US,Georgia,Taliaferro,12,0,0,33.56543317,-82.88136816,13265.0,780.7417046193884,0.0,12,12,0,0,12,9,1608,0,0,0,0,3
2020-08-01,US,Georgia,Tattnall,407,1,0,32.04785085,-82.05539188,13267.0,1609.5863323578264,0.2457002457002457,406,394,1,0,393,378,25391,13,0,0,13,16
2020-08-01,US,Georgia,Taylor,69,2,0,32.55792548,-84.25077141,13269.0,860.3491271820449,2.898550724637681,67,69,2,0,67,68,8039,0,0,0,0,1
2020-08-01,US,Georgia,Telfair,251,7,0,31.92829517,-82.93491155,13271.0,1582.5977301387134,2.7888446215139444,244,251,6,0,245,236,15876,0,1,0,-1,15
2020-08-01,US,Georgia,Terrell,291,30,0,31.77527543,-84.44069698,13273.0,3411.088969640136,10.309278350515463,261,289,30,0,259,288,8611,2,0,0,2,1
2020-08-01,US,Georgia,Thomas,982,39,0,30.86392347,-83.91847289,13275.0,2209.174146813345,3.9714867617107945,943,943,39,0,904,912,44448,39,0,0,39,31
2020-08-01,US,Georgia,Tift,1241,35,0,31.45743864,-83.5236119,13277.0,3053.341206574156,2.8203062046736505,1206,1220,34,0,1186,1208,40571,21,1,0,20,12
2020-08-01,US,Georgia,Toombs,622,6,0,32.12059861,-82.32957247,13279.0,2318.3004099888185,0.964630225080386,616,592,6,0,586,571,26887,30,0,0,30,21
2020-08-01,US,Georgia,Towns,111,1,0,34.91369188,-83.74107459999998,13281.0,922.1566835590263,0.9009009009009008,110,107,1,0,106,107,11852,4,0,0,4,0
2020-08-01,US,Georgia,Treutlen,96,3,0,32.40422134,-82.56904553,13283.0,1391.1027387335168,3.125,93,89,3,0,86,82,6809,7,0,0,7,7
2020-08-01,US,Georgia,Troup,2159,63,0,33.03349196,-85.02812115,13285.0,3087.7263236177446,2.9180176007410843,2096,2158,58,0,2100,2140,70034,1,5,0,-4,18
2020-08-01,US,Georgia,Turner,224,18,0,31.71612656,-83.62069378,13287.0,2805.259862241703,8.035714285714286,206,222,18,0,204,216,7912,2,0,0,2,6
2020-08-01,US,Georgia,Twiggs,93,3,0,32.67435595,-83.43078662,13289.0,1145.320197044335,3.2258064516129035,90,93,3,0,90,87,8188,0,0,0,0,6
2020-08-01,US,Georgia,Unassigned,2377,6,0,0.0,0.0,90013.0,0.0,0.2524190155658393,2371,2311,6,0,2305,2279,,66,0,0,66,32
2020-08-01,US,Georgia,Union,205,6,0,34.82995757,-83.98967069,13291.0,836.3591856717392,2.9268292682926833,199,197,6,0,191,197,24001,8,0,0,8,0
2020-08-01,US,Georgia,Upson,481,46,0,32.87920671,-84.30024826,13293.0,1827.5075987841947,9.563409563409564,435,471,45,0,426,460,26215,10,1,0,9,11
2020-08-01,US,Georgia,Walker,548,16,0,34.73376362,-85.30165174,13295.0,785.539198119293,2.9197080291970803,532,539,14,0,525,521,69410,9,2,0,7,18
2020-08-01,US,Georgia,Walton,934,34,0,33.78017694,-83.73552314,13297.0,987.3880731132324,3.6402569593147747,900,900,34,0,866,880,93503,34,0,0,34,20
2020-08-01,US,Georgia,Ware,1073,23,0,31.05449097,-82.42224148,13299.0,3002.7424861476466,2.1435228331780056,1050,1055,23,0,1032,1046,35680,18,0,0,18,9
2020-08-01,US,Georgia,Warren,55,0,0,33.41146451,-82.67795848,13301.0,1046.8214693566806,0.0,55,53,0,0,53,50,5251,2,0,0,2,3
2020-08-01,US,Georgia,Washington,410,2,0,32.96711864,-82.79357039,13303.0,2012.3687052125256,0.4878048780487805,408,400,2,0,398,387,20386,10,0,0,10,13
2020-08-01,US,Georgia,Wayne,615,4,0,31.5521809,-81.91894878,13305.0,2055.0005012196343,0.6504065040650406,611,559,4,0,555,552,29808,56,0,0,56,7
2020-08-01,US,Georgia,Webster,36,2,0,32.04066113,-84.54742852,13307.0,1380.8975834292291,5.5555555555555545,34,36,2,0,34,36,2611,0,0,0,0,0
2020-08-01,US,Georgia,Wheeler,84,1,0,32.12009104,-82.72574721,13309.0,1069.3825588796944,1.1904761904761905,83,84,1,0,83,84,7879,0,0,0,0,0
2020-08-01,US,Georgia,White,299,5,0,34.64624278,-83.74905525,13311.0,970.8422624845772,1.6722408026755853,294,292,5,0,287,285,29970,7,0,0,7,7
2020-08-01,US,Georgia,Whitfield,3135,26,0,34.80987459,-84.96093476,13313.0,2996.3298543410942,0.8293460925039873,3109,3061,25,0,3036,2961,104062,74,1,0,73,100
2020-08-01,US,Georgia,Wilcox,164,18,0,31.97496928,-83.43438555,13315.0,1899.2472495657207,10.975609756097562,146,161,18,0,143,155,8812,3,0,0,3,6
2020-08-01,US,Georgia,Wilkes,176,3,0,33.78290391,-82.74286107,13317.0,1800.1431932085507,1.7045454545454546,173,176,3,0,173,169,9876,0,0,0,0,7
2020-08-01,US,Georgia,Wilkinson,178,10,0,32.80291082,-83.17140684,13319.0,1987.9383515747152,5.617977528089888,168,172,10,0,162,167,9036,6,0,0,6,5
2020-08-01,US,Georgia,Worth,421,23,0,31.55162306,-83.85090513,13321.0,2079.3203931446633,5.463182897862233,398,418,23,0,395,415,20299,3,0,0,3,3
2020-08-01,US,Hawaii,Hawaii,115,0,0,19.60121157,-155.5210167,15001.0,57.06827847334911,0.0,115,115,0,0,115,115,200983,0,0,0,0,0
2020-08-01,US,Hawaii,Honolulu,1842,19,0,21.45803166,-157.97121819999995,15003.0,189.00779118435642,1.031487513572204,1823,1755,19,0,1736,1637,980080,87,0,0,87,118
2020-08-01,US,Hawaii,Kauai,47,0,0,22.03935037,-159.5966786,15007.0,65.01321013099471,0.0,47,47,0,0,47,47,72133,0,0,0,0,0
2020-08-01,US,Hawaii,Maui,170,6,0,20.86399628,-156.56890969999995,15009.0,101.54285407097248,3.5294117647058822,164,171,6,0,165,167,167207,-1,0,0,-1,4
2020-08-01,US,Hawaii,Out of HI,23,1,0,0.0,0.0,80015.0,0.0,4.3478260869565215,22,23,1,0,22,23,,0,0,0,0,0
2020-08-01,US,Idaho,Ada,8004,62,0,43.4526575,-116.24155159999998,16001.0,1662.0049959820346,0.7746126936531734,7942,7828,60,0,7768,7681,469966,176,2,0,174,147
2020-08-01,US,Idaho,Adams,18,0,0,44.89333571,-116.4545247,16003.0,419.18956683744767,0.0,18,18,0,0,18,18,4250,0,0,0,0,0
2020-08-01,US,Idaho,Bannock,302,2,0,42.67002716,-112.2233311,16005.0,343.93221574344017,0.6622516556291391,300,301,2,0,299,299,87138,1,0,0,1,2
2020-08-01,US,Idaho,Bear Lake,6,0,0,42.28269683,-111.32892379999998,16007.0,97.95918367346935,0.0,6,6,0,0,6,6,6050,0,0,0,0,0
2020-08-01,US,Idaho,Benewah,51,0,0,47.21754179,-116.6586851,16009.0,548.5050548505055,0.0,51,50,0,0,50,49,9226,1,0,0,1,1
2020-08-01,US,Idaho,Bingham,179,2,0,43.21672879999999,-112.3978437,16011.0,382.38875477985937,1.11731843575419,177,176,2,0,174,173,46236,3,0,0,3,3
2020-08-01,US,Idaho,Blaine,569,6,0,43.4085812,-113.9752658,16013.0,2471.656313800443,1.054481546572935,563,568,6,0,562,567,22601,1,0,0,1,1
2020-08-01,US,Idaho,Boise,38,1,0,43.98829931,-115.7309284,16015.0,485.2509258076874,2.631578947368421,37,38,1,0,37,35,7634,0,0,0,0,3
2020-08-01,US,Idaho,Bonner,152,0,0,48.29996017,-116.6017932,16017.0,332.320339316557,0.0,152,145,0,0,145,143,44727,7,0,0,7,2
2020-08-01,US,Idaho,Bonneville,709,2,0,43.38713372,-111.6161537,16019.0,595.488065041743,0.2820874471086037,707,685,2,0,683,636,116854,24,0,0,24,49
2020-08-01,US,Idaho,Boundary,33,0,0,48.76684761,-116.4630179,16021.0,269.49775418538184,0.0,33,33,0,0,33,33,11948,0,0,0,0,0
2020-08-01,US,Idaho,Camas,1,0,0,43.46665742,-114.8065892,16025.0,90.41591320072331,0.0,1,1,0,0,1,1,1127,0,0,0,0,0
2020-08-01,US,Idaho,Canyon,4778,37,0,43.61970148,-116.70954990000001,16027.0,2078.7560528868953,0.7743825868564252,4741,4706,37,0,4669,4595,223499,72,0,0,72,111
2020-08-01,US,Idaho,Caribou,23,0,0,42.77149116,-111.5597683,16029.0,321.45352900069884,0.0,23,23,0,0,23,22,7060,0,0,0,0,1
2020-08-01,US,Idaho,Cassia,472,1,0,42.28347888,-113.6012409,16031.0,1964.2114024136497,0.21186440677966098,471,461,1,0,460,448,23864,11,0,0,11,13
2020-08-01,US,Idaho,Clark,1,0,0,44.28496071,-112.35057040000001,16033.0,118.3431952662722,0.0,1,1,0,0,1,1,852,0,0,0,0,0
2020-08-01,US,Idaho,Clearwater,15,0,0,46.67459924,-115.6622393,16035.0,171.31110095934216,0.0,15,15,0,0,15,15,8758,0,0,0,0,0
2020-08-01,US,Idaho,Custer,7,0,0,44.24186819,-114.2855494,16037.0,162.22479721900348,0.0,7,7,0,0,7,7,4280,0,0,0,0,0
2020-08-01,US,Idaho,Elmore,200,3,0,43.3507101,-115.4701578,16039.0,726.9819344989278,1.5,197,197,3,0,194,186,27259,3,0,0,3,11
2020-08-01,US,Idaho,Franklin,47,0,0,42.18332217,-111.81496659999999,16041.0,338.7143268953589,0.0,47,47,0,0,47,47,13726,0,0,0,0,0
2020-08-01,US,Idaho,Fremont,50,0,0,44.22800938,-111.48099429999999,16043.0,381.7085273685013,0.0,50,45,0,0,45,44,13168,5,0,0,5,1
2020-08-01,US,Idaho,Gem,151,0,0,44.06482372,-116.398376,16045.0,833.701413427562,0.0,151,150,0,0,150,144,17634,1,0,0,1,6
2020-08-01,US,Idaho,Gooding,134,1,0,42.96927962,-114.81083059999999,16047.0,882.7986033335527,0.746268656716418,133,131,1,0,130,128,15196,3,0,0,3,3
2020-08-01,US,Idaho,Idaho,29,0,0,45.84721541,-115.4634436,16049.0,173.99652006959857,0.0,29,29,0,0,29,27,16513,0,0,0,0,2
2020-08-01,US,Idaho,Jefferson,135,1,0,43.82078483,-112.3131749,16051.0,451.9433564326606,0.7407407407407407,134,131,1,0,130,122,29439,4,0,0,4,9
2020-08-01,US,Idaho,Jerome,420,6,0,42.68891267,-114.2655033,16053.0,1720.4653449123382,1.4285714285714286,414,414,6,0,408,409,24015,6,0,0,6,5
2020-08-01,US,Idaho,Kootenai,1574,13,0,47.67282258,-116.7020872,16055.0,949.9266733857584,0.8259212198221093,1561,1538,8,0,1530,1499,161505,36,5,0,31,39
2020-08-01,US,Idaho,Latah,79,0,0,46.81587887,-116.71136979999999,16057.0,196.96818589807518,0.0,79,78,0,0,78,74,40134,1,0,0,1,4
2020-08-01,US,Idaho,Lemhi,12,0,0,44.9438088,-113.9309747,16059.0,149.4954528466426,0.0,12,12,0,0,12,11,7961,0,0,0,0,1
2020-08-01,US,Idaho,Lewis,1,0,0,46.23315327,-116.434146,16061.0,26.055237102657642,0.0,1,1,0,0,1,1,3861,0,0,0,0,0
2020-08-01,US,Idaho,Lincoln,50,0,0,43.0012336,-114.1358773,16063.0,931.7927692881103,0.0,50,50,0,0,50,50,5360,0,0,0,0,0
2020-08-01,US,Idaho,Madison,132,0,0,43.78141028,-111.65384740000002,16065.0,330.7690380133812,0.0,132,131,0,0,131,131,39304,1,0,0,1,0
2020-08-01,US,Idaho,Minidoka,428,2,0,42.85518524,-113.6357257,16067.0,2034.3172204002087,0.4672897196261682,426,419,2,0,417,416,20825,9,0,0,9,3
2020-08-01,US,Idaho,Nez Perce,130,19,0,46.32638236,-116.75009750000001,16069.0,321.7184715897842,14.615384615384615,111,130,19,0,111,129,40408,0,0,0,0,1
2020-08-01,US,Idaho,Oneida,8,0,0,42.19494279999999,-112.5407838,16071.0,176.5614654601633,0.0,8,8,0,0,8,8,4488,0,0,0,0,0
2020-08-01,US,Idaho,Owyhee,232,1,0,42.58016894,-116.16938710000001,16073.0,1962.2769178719445,0.4310344827586207,231,227,0,0,227,223,11693,5,1,0,4,4
2020-08-01,US,Idaho,Payette,326,2,0,44.00545243,-116.7647695,16075.0,1361.1122708863934,0.6134969325153374,324,323,2,0,321,311,23551,3,0,0,3,12
2020-08-01,US,Idaho,Power,42,0,0,42.69254894,-112.83957420000002,16077.0,546.8038015883349,0.0,42,41,0,0,41,40,7768,1,0,0,1,1
2020-08-01,US,Idaho,Shoshone,73,2,0,47.35364087,-115.89167490000001,16079.0,566.6821922061791,2.7397260273972597,71,67,1,0,66,60,12796,6,1,0,5,7
2020-08-01,US,Idaho,Teton,58,0,0,43.75303583,-111.2056773,16081.0,477.6807774666448,0.0,58,57,0,0,57,55,11640,1,0,0,1,2
2020-08-01,US,Idaho,Twin Falls,1206,31,0,42.35440512,-114.6685381,16083.0,1388.1535026128595,2.5704809286898844,1175,1199,31,0,1168,1171,86081,7,0,0,7,28
2020-08-01,US,Idaho,Valley,46,1,0,44.76728382,-115.5676773,16085.0,403.7921348314607,2.1739130434782608,45,46,1,0,45,46,11041,0,0,0,0,0
2020-08-01,US,Idaho,Washington,189,2,0,44.45275475,-116.78476880000001,16087.0,1854.031783402001,1.058201058201058,187,183,2,0,181,181,10161,6,0,0,6,2
2020-08-01,US,Illinois,Adams,410,1,0,39.98815591,-91.18786813,17001.0,626.5759914418887,0.24390243902439024,409,393,1,0,392,363,65691,17,0,0,17,30
2020-08-01,US,Illinois,Alexander,36,0,0,37.18049267,-89.32910838,17003.0,624.8915118902968,0.0,36,35,0,0,35,35,6060,1,0,0,1,0
2020-08-01,US,Illinois,Bond,49,2,0,38.88829622,-89.43534887,17005.0,298.3075611834896,4.081632653061225,47,48,2,0,46,45,16630,1,0,0,1,3
2020-08-01,US,Illinois,Boone,727,23,0,42.32359279,-88.82345779,17007.0,1357.76184072912,3.1636863823933976,704,722,23,0,699,712,53577,5,0,0,5,10
2020-08-01,US,Illinois,Brown,13,0,0,39.96209138,-90.75068024,17009.0,197.6284584980237,0.0,13,13,0,0,13,13,6556,0,0,0,0,0
2020-08-01,US,Illinois,Bureau,132,2,0,41.40385234,-89.5283051,17011.0,404.5605001838911,1.5151515151515151,130,123,2,0,121,108,32993,9,0,0,9,15
2020-08-01,US,Illinois,Calhoun,7,0,0,39.16840183,-90.66330078,17013.0,147.71048744460856,0.0,7,6,0,0,6,6,4802,1,0,0,1,0
2020-08-01,US,Illinois,Carroll,44,3,0,42.06823429,-89.93395545,17015.0,307.5847605732262,6.8181818181818175,41,43,3,0,40,43,14312,1,0,0,1,0
2020-08-01,US,Illinois,Cass,198,11,0,39.96991073,-90.24734436,17017.0,1630.0321066930105,5.5555555555555545,187,192,11,0,181,189,12260,6,0,0,6,3
2020-08-01,US,Illinois,Champaign,1513,19,0,40.13919438,-88.20046615,17019.0,721.54476391227,1.255783212161269,1494,1486,19,0,1467,1453,209983,27,0,0,27,33
2020-08-01,US,Illinois,Christian,111,4,0,39.54581621,-89.27780482,17021.0,343.61069836552747,3.603603603603604,107,101,4,0,97,97,32661,10,0,0,10,4
2020-08-01,US,Illinois,Clark,66,0,0,39.33425789,-87.78705622,17023.0,427.4334563823586,0.0,66,66,0,0,66,65,15596,0,0,0,0,1
2020-08-01,US,Illinois,Clay,13,0,0,38.75388572,-88.48914513,17025.0,98.60436893203884,0.0,13,12,0,0,12,12,13253,1,0,0,1,0
2020-08-01,US,Illinois,Clinton,333,17,0,38.60704876,-89.42385254,17027.0,886.5342633512593,5.105105105105106,316,330,17,0,313,321,37639,3,0,0,3,9
2020-08-01,US,Illinois,Coles,385,19,0,39.51949084,-88.22358557,17029.0,760.5539203097528,4.9350649350649345,366,367,19,0,348,366,50885,18,0,0,18,1
2020-08-01,US,Illinois,Cook,106131,4888,0,41.84144849,-87.81658794,17031.0,2060.7028847044394,4.605628892595001,101243,105493,4886,0,100607,104687,5180493,638,2,0,636,806
2020-08-01,US,Illinois,Crawford,29,0,0,39.0032229,-87.75954624,17033.0,155.354368671988,0.0,29,29,0,0,29,29,18807,0,0,0,0,0
2020-08-01,US,Illinois,Cumberland,46,2,0,39.27432424,-88.2401158,17035.0,427.2710384543935,4.3478260869565215,44,46,2,0,44,43,10808,0,0,0,0,3
2020-08-01,US,Illinois,De Witt,27,0,0,40.17514519,-88.90959682,17039.0,172.65634991686917,0.0,27,27,0,0,27,26,15769,0,0,0,0,1
2020-08-01,US,Illinois,DeKalb,827,29,0,41.89373302,-88.76958483,17037.0,788.392423043557,3.5066505441354288,798,808,29,0,779,801,104143,19,0,0,19,7
2020-08-01,US,Illinois,Douglas,102,2,0,39.76768052,-88.21854195,17041.0,524.0174672489081,1.96078431372549,100,103,2,0,101,103,19479,-1,0,0,-1,0
2020-08-01,US,Illinois,DuPage,11380,510,0,41.85116968,-88.08642662,17043.0,1233.041614612735,4.481546572934974,10870,11267,510,0,10757,11177,928589,113,0,0,113,90
2020-08-01,US,Illinois,Edgar,25,0,0,39.6809186,-87.74759563,17045.0,145.67915622632714,0.0,25,25,0,0,25,25,17360,0,0,0,0,0
2020-08-01,US,Illinois,Edwards,13,0,0,38.41353228,-88.05720863,17047.0,203.28381548084442,0.0,13,12,0,0,12,12,6392,1,0,0,1,0
2020-08-01,US,Illinois,Effingham,95,1,0,39.05935711,-88.58969584,17049.0,279.3460362267702,1.0526315789473684,94,83,1,0,82,81,34208,12,0,0,12,2
2020-08-01,US,Illinois,Fayette,54,3,0,39.00072038,-89.02452658,17051.0,253.0933633295838,5.5555555555555545,51,53,3,0,50,52,21416,1,0,0,1,1
2020-08-01,US,Illinois,Ford,39,1,0,40.59706922,-88.22350769,17053.0,300.9027081243732,2.5641025641025643,38,38,1,0,37,38,13264,1,0,0,1,0
2020-08-01,US,Illinois,Franklin,118,0,0,37.99189086,-88.92567818,17055.0,306.7404923444852,0.0,118,116,0,0,116,110,38701,2,0,0,2,6
2020-08-01,US,Illinois,Fulton,25,0,0,40.47289135,-90.20862357,17057.0,72.80139778683751,0.0,25,24,0,0,24,25,34844,1,0,0,1,-1
2020-08-01,US,Illinois,Gallatin,43,0,0,37.76430935,-88.22953869,17059.0,890.6379453189728,0.0,43,42,0,0,42,42,5058,1,0,0,1,0
2020-08-01,US,Illinois,Greene,19,0,0,39.35907414,-90.388865,17061.0,146.5031999383144,0.0,19,17,0,0,17,17,13044,2,0,0,2,0
2020-08-01,US,Illinois,Grundy,274,5,0,41.28569601,-88.41905692,17063.0,536.6866455125945,1.8248175182481752,269,269,5,0,264,260,50972,5,0,0,5,9
2020-08-01,US,Illinois,Hamilton,20,0,0,38.08163641,-88.53883373,17065.0,246.4268112370626,0.0,20,19,0,0,19,17,8163,1,0,0,1,2
2020-08-01,US,Illinois,Hancock,30,1,0,40.40423981,-91.16313899,17067.0,169.414953693246,3.333333333333333,29,28,1,0,27,28,17844,2,0,0,2,0
2020-08-01,US,Illinois,Hardin,16,0,0,37.51810645,-88.26873022,17069.0,418.73855011777016,0.0,16,16,0,0,16,16,3910,0,0,0,0,0
2020-08-01,US,Illinois,Henderson,9,0,0,40.81908672,-90.92491462,17071.0,135.4198013842913,0.0,9,9,0,0,9,9,6709,0,0,0,0,0
2020-08-01,US,Illinois,Henry,195,1,0,41.3533994,-90.13296166,17073.0,398.667021037352,0.5128205128205128,194,194,1,0,193,186,49090,1,0,0,1,8
2020-08-01,US,Illinois,Iroquois,245,7,0,40.74717633,-87.82466784,17075.0,903.5922401711293,2.8571428571428568,238,240,7,0,233,240,27604,5,0,0,5,0
2020-08-01,US,Illinois,Jackson,631,19,0,37.78595185,-89.38232563,17077.0,1111.8942731277532,3.0110935023771788,612,616,19,0,597,591,57419,15,0,0,15,25
2020-08-01,US,Illinois,Jasper,51,7,0,39.01054275,-88.15437049,17079.0,530.6971904266388,13.725490196078429,44,50,7,0,43,50,9611,1,0,0,1,0
2020-08-01,US,Illinois,Jefferson,184,17,0,38.29980057,-88.9240025,17081.0,488.27088419488365,9.23913043478261,167,176,17,0,159,171,37820,8,0,0,8,5
2020-08-01,US,Illinois,Jersey,65,1,0,39.08869046,-90.35393073,17083.0,298.53488265282687,1.5384615384615383,64,62,1,0,61,61,21847,3,0,0,3,1
2020-08-01,US,Illinois,Jo Daviess,112,1,0,42.36542373,-90.21094405,17085.0,527.4311278549565,0.8928571428571429,111,110,1,0,109,108,21366,2,0,0,2,2
2020-08-01,US,Illinois,Johnson,55,0,0,37.45939802,-88.88165419,17087.0,442.94112909720536,0.0,55,53,0,0,53,51,12456,2,0,0,2,2
2020-08-01,US,Illinois,Kane,9138,297,0,41.93842729,-88.42861412,17089.0,1716.368991158953,3.2501641497045304,8841,9069,293,0,8776,8964,534216,69,4,0,65,105
2020-08-01,US,Illinois,Kankakee,1672,68,0,41.13746989,-87.86205334,17091.0,1521.9093044000656,4.066985645933015,1604,1659,68,0,1591,1643,110024,13,0,0,13,16
2020-08-01,US,Illinois,Kendall,1277,23,0,41.59081014,-88.42869583,17093.0,989.9992247461045,1.8010963194988254,1254,1262,23,0,1239,1247,127915,15,0,0,15,15
2020-08-01,US,Illinois,Knox,251,1,0,40.93148779,-90.21330340000002,17095.0,505.0403428640415,0.398406374501992,250,241,1,0,240,235,50112,10,0,0,10,6
2020-08-01,US,Illinois,LaSalle,497,18,0,41.34426129999999,-88.88633881,17099.0,457.3521427454012,3.6217303822937623,479,480,18,0,462,463,109430,17,0,0,17,17
2020-08-01,US,Illinois,Lake,11952,440,0,42.3224907,-88.00367925,17097.0,1715.9223872454363,3.6813922356091027,11512,11855,440,0,11415,11752,700832,97,0,0,97,103
2020-08-01,US,Illinois,Lawrence,40,0,0,38.71987914,-87.72884035,17101.0,255.13458349279244,0.0,40,40,0,0,40,41,15765,0,0,0,0,-1
2020-08-01,US,Illinois,Lee,146,2,0,41.74583951,-89.29977132,17103.0,428.2027217268888,1.3698630136986298,144,136,2,0,134,136,34223,10,0,0,10,0
2020-08-01,US,Illinois,Livingston,92,2,0,40.89188292,-88.55784752,17105.0,258.0789946140036,2.1739130434782608,90,85,2,0,83,83,35761,7,0,0,7,2
2020-08-01,US,Illinois,Logan,85,0,0,40.12581572,-89.36638784,17107.0,297.01586414144936,0.0,85,79,0,0,79,74,28925,6,0,0,6,5
2020-08-01,US,Illinois,Macon,450,23,0,39.86064913,-88.96342505,17115.0,432.6548664057918,5.111111111111111,427,434,23,0,411,424,104712,16,0,0,16,10
2020-08-01,US,Illinois,Macoupin,131,3,0,39.26119767,-89.92424028,17117.0,291.59061567911675,2.2900763358778624,128,127,3,0,124,123,45313,4,0,0,4,4
2020-08-01,US,Illinois,Madison,2137,72,0,38.83042506,-89.90422563,17119.0,812.6525862659051,3.369209171736079,2065,2099,72,0,2027,2047,264461,38,0,0,38,52
2020-08-01,US,Illinois,Marion,132,0,0,38.64963204,-88.91899208,17121.0,354.79102271200105,0.0,132,130,0,0,130,125,37620,2,0,0,2,5
2020-08-01,US,Illinois,Marshall,21,0,0,41.0327901,-89.34510444,17123.0,183.5985312117503,0.0,21,18,0,0,18,18,11534,3,0,0,3,0
2020-08-01,US,Illinois,Mason,42,0,0,40.23917274,-89.91824452,17125.0,314.3947900291938,0.0,42,42,0,0,42,42,13565,0,0,0,0,0
2020-08-01,US,Illinois,Massac,34,0,0,37.22078441,-88.71036614,17127.0,246.8777229160616,0.0,34,33,0,0,33,33,14080,1,0,0,1,0
2020-08-01,US,Illinois,McDonough,125,15,0,40.45674722,-90.67775541,17109.0,421.1306515733441,12.0,110,123,15,0,108,123,29955,2,0,0,2,0
2020-08-01,US,Illinois,McHenry,2909,113,0,42.32451172,-88.45248227,17111.0,945.1740562880556,3.8844963905122034,2796,2866,112,0,2754,2824,308570,43,1,0,42,42
2020-08-01,US,Illinois,McLean,552,15,0,40.48996987,-88.84621113,17113.0,321.8339873015504,2.717391304347826,537,536,15,0,521,520,172828,16,0,0,16,16
2020-08-01,US,Illinois,Menard,45,0,0,40.02742725,-89.80246001,17129.0,368.9734339127583,0.0,45,44,0,0,44,43,12288,1,0,0,1,1
2020-08-01,US,Illinois,Mercer,68,0,0,41.20596782,-90.74290052,17131.0,440.5000971691391,0.0,68,65,0,0,65,54,15601,3,0,0,3,11
2020-08-01,US,Illinois,Monroe,270,13,0,38.27594376,-90.17761038,17133.0,779.5132372896036,4.814814814814816,257,261,13,0,248,248,34335,9,0,0,9,13
2020-08-01,US,Illinois,Montgomery,141,6,0,39.23198845,-89.47809254,17135.0,496.23425072147535,4.25531914893617,135,138,6,0,132,133,28601,3,0,0,3,5
2020-08-01,US,Illinois,Morgan,189,5,0,39.71654544,-90.20255104,17137.0,561.5306910689881,2.6455026455026456,184,184,5,0,179,176,33976,5,0,0,5,8
2020-08-01,US,Illinois,Moultrie,52,0,0,39.64187451,-88.62099969,17139.0,358.59595889938623,0.0,52,52,0,0,52,52,14717,0,0,0,0,0
2020-08-01,US,Illinois,Ogle,371,5,0,42.04165196,-89.32184679,17141.0,732.5790336275497,1.3477088948787062,366,368,5,0,363,365,50923,3,0,0,3,3
2020-08-01,US,Illinois,Out of IL,1,0,0,0.0,0.0,80017.0,0.0,0.0,1,3,0,0,3,3,,-2,0,0,-2,0
2020-08-01,US,Illinois,Peoria,1280,34,0,40.78702156,-89.76078901,17143.0,714.3694294532283,2.65625,1246,1252,34,0,1218,1189,180621,28,0,0,28,63
2020-08-01,US,Illinois,Perry,101,1,0,38.08510853,-89.36856219,17145.0,482.88391661885635,0.99009900990099,100,101,1,0,100,99,21174,0,0,0,0,2
2020-08-01,US,Illinois,Piatt,40,0,0,40.01360584,-88.59319339,17147.0,244.73813020068528,0.0,40,37,0,0,37,34,16396,3,0,0,3,3
2020-08-01,US,Illinois,Pike,13,0,0,39.62265059,-90.8877017,17149.0,83.5421888053467,0.0,13,13,0,0,13,12,15611,0,0,0,0,1
2020-08-01,US,Illinois,Pope,7,0,0,37.41391284,-88.56152109,17151.0,167.58439071103663,0.0,7,7,0,0,7,7,4212,0,0,0,0,0
2020-08-01,US,Illinois,Pulaski,90,0,0,37.22631423,-89.13085001,17153.0,1686.9728209934397,0.0,90,90,0,0,90,90,5463,0,0,0,0,0
2020-08-01,US,Illinois,Putnam,7,0,0,41.2013541,-89.2869272,17155.0,121.97246907126677,0.0,7,7,0,0,7,7,5740,0,0,0,0,0
2020-08-01,US,Illinois,Randolph,422,7,0,38.05095369,-89.82512254,17157.0,1327.7956075766158,1.6587677725118484,415,417,7,0,410,416,32106,5,0,0,5,1
2020-08-01,US,Illinois,Richland,12,0,0,38.71240969,-88.08475366,17159.0,77.35447689035003,0.0,12,12,0,0,12,12,15763,0,0,0,0,0
2020-08-01,US,Illinois,Rock Island,1564,30,0,41.46613806,-90.57042164,17161.0,1102.34777521691,1.918158567774936,1534,1549,30,0,1519,1524,143477,15,0,0,15,25
2020-08-01,US,Illinois,Saline,105,1,0,37.75332999,-88.54119706,17165.0,446.97969435102806,0.9523809523809524,104,102,1,0,101,94,23906,3,0,0,3,8
2020-08-01,US,Illinois,Sangamon,986,33,0,39.75836914,-89.65872023,17167.0,506.4929727952658,3.34685598377282,953,953,33,0,920,906,195348,33,0,0,33,47
2020-08-01,US,Illinois,Schuyler,15,0,0,40.1571798,-90.61114163,17169.0,221.6312056737589,0.0,15,15,0,0,15,15,6907,0,0,0,0,0
2020-08-01,US,Illinois,Scott,10,0,0,39.6429169,-90.47814431,17171.0,201.9793981013937,0.0,10,9,0,0,9,7,4926,1,0,0,1,2
2020-08-01,US,Illinois,Shelby,56,1,0,39.39133527,-88.80611122,17173.0,258.8518073402977,1.7857142857142858,55,53,1,0,52,52,21741,3,0,0,3,1
2020-08-01,US,Illinois,St. Clair,3569,156,0,38.46996033,-89.93063427,17163.0,1374.35210215414,4.370972261137574,3413,3507,155,0,3352,3419,261059,62,1,0,61,88
2020-08-01,US,Illinois,Stark,7,0,0,41.09309773,-89.79745866,17175.0,131.03706476974915,0.0,7,7,0,0,7,8,5427,0,0,0,0,-1
2020-08-01,US,Illinois,Stephenson,313,6,0,42.35129217,-89.662598,17177.0,703.40240010787,1.9169329073482428,307,313,6,0,307,312,44753,0,0,0,0,1
2020-08-01,US,Illinois,Tazewell,361,8,0,40.50716185,-89.51404662,17179.0,273.89361395415887,2.21606648199446,353,335,8,0,327,321,132328,26,0,0,26,14
2020-08-01,US,Illinois,Unassigned,1339,197,0,0.0,0.0,90017.0,0.0,14.712471994025393,1142,1344,197,0,1147,1291,,-5,0,0,-5,53
2020-08-01,US,Illinois,Union,296,21,0,37.47119609,-89.25548938,17181.0,1777.4575151624329,7.094594594594594,275,276,21,0,255,276,16841,20,0,0,20,0
2020-08-01,US,Illinois,Vermilion,200,2,0,40.18417171,-87.73384359,17183.0,263.998521608279,1.0,198,189,2,0,187,188,76806,11,0,0,11,1
2020-08-01,US,Illinois,Wabash,30,0,0,38.44272901,-87.84922065,17185.0,260.4166666666667,0.0,30,29,0,0,29,26,11549,1,0,0,1,3
2020-08-01,US,Illinois,Warren,180,0,0,40.84925021,-90.6147432,17187.0,1068.6297791498455,0.0,180,179,0,0,179,175,17032,1,0,0,1,4
2020-08-01,US,Illinois,Washington,56,0,0,38.35309213,-89.40982703,17189.0,403.2548426586016,0.0,56,56,0,0,56,53,13995,0,0,0,0,3
2020-08-01,US,Illinois,Wayne,43,1,0,38.42955355,-88.42586459,17191.0,265.18655565834104,2.3255813953488373,42,40,1,0,39,35,16332,3,0,0,3,5
2020-08-01,US,Illinois,White,57,0,0,38.08706198,-88.17657461,17193.0,421.0681834970822,0.0,57,56,0,0,56,55,13665,1,0,0,1,1
2020-08-01,US,Illinois,Whiteside,307,16,0,41.75509713,-89.91556058,17195.0,556.4114182147712,5.2117263843648205,291,304,16,0,288,302,55626,3,0,0,3,2
2020-08-01,US,Illinois,Will,8502,339,0,41.44619267,-87.97862712,17197.0,1230.8485210852662,3.9872971065631617,8163,8443,339,0,8104,8352,692310,59,0,0,59,91
2020-08-01,US,Illinois,Williamson,315,5,0,37.73033511,-88.92994027,17199.0,472.9942790215776,1.5873015873015872,310,301,5,0,296,289,67056,14,0,0,14,12
2020-08-01,US,Illinois,Winnebago,3663,122,0,42.33641854,-89.16085327,17201.0,1296.3067819883074,3.3306033306033305,3541,3641,122,0,3519,3610,284081,22,0,0,22,31
2020-08-01,US,Illinois,Woodford,91,3,0,40.78579374,-89.20973757,17203.0,236.6156166306976,3.2967032967032965,88,87,3,0,84,84,38463,4,0,0,4,3
2020-08-01,US,Indiana,Adams,79,2,0,40.7457653,-84.93671406,18001.0,220.81225368253345,2.5316455696202533,77,74,2,0,72,73,35636,5,0,0,5,1
2020-08-01,US,Indiana,Allen,3557,157,0,41.09194313,-85.06800636,18003.0,937.7825936793927,4.413831880798425,3400,3509,157,0,3352,3480,375351,48,0,0,48,29
2020-08-01,US,Indiana,Bartholomew,727,47,0,39.20744865,-85.89558181,18005.0,867.7592236718033,6.464924346629987,680,723,47,0,676,715,82753,4,0,0,4,8
2020-08-01,US,Indiana,Benton,60,0,0,40.60626947,-87.31093999,18007.0,685.8710562414266,0.0,60,59,0,0,59,56,8653,1,0,0,1,3
2020-08-01,US,Indiana,Blackford,51,2,0,40.47388153,-85.32499702,18009.0,433.74723592447685,3.92156862745098,49,51,2,0,49,51,11930,0,0,0,0,0
2020-08-01,US,Indiana,Boone,626,46,0,40.0509304,-86.46841646,18011.0,922.7186297775747,7.348242811501597,580,613,46,0,567,609,66999,13,0,0,13,4
2020-08-01,US,Indiana,Brown,69,1,0,39.19605589,-86.22868909,18013.0,457.1958653591306,1.4492753623188406,68,68,1,0,67,67,15234,1,0,0,1,1
2020-08-01,US,Indiana,Carroll,139,2,0,40.580783200000006,-86.56198812,18015.0,686.1825541788022,1.4388489208633093,137,128,2,0,126,125,20127,11,0,0,11,3
2020-08-01,US,Indiana,Cass,1743,9,0,40.76135835,-86.34830753,18017.0,4624.691554564994,0.5163511187607573,1734,1740,9,0,1731,1740,37955,3,0,0,3,0
2020-08-01,US,Indiana,Clark,1062,45,0,38.48015445,-85.70510334,18019.0,897.7024902368512,4.2372881355932215,1017,1023,45,0,978,994,117360,39,0,0,39,29
2020-08-01,US,Indiana,Clay,94,5,0,39.39561833,-87.11723506,18021.0,358.43660629170637,5.319148936170213,89,94,5,0,89,92,26170,0,0,0,0,2
2020-08-01,US,Indiana,Clinton,349,3,0,40.30319754,-86.47277257,18023.0,1077.1937405475478,0.8595988538681948,346,341,3,0,338,332,32250,8,0,0,8,9
2020-08-01,US,Indiana,Crawford,41,0,0,38.28814402,-86.44518825,18025.0,387.6335444833129,0.0,41,40,0,0,40,40,10558,1,0,0,1,0
2020-08-01,US,Indiana,Daviess,240,19,0,38.70186039,-87.07185406,18027.0,719.6186021408653,7.916666666666668,221,235,19,0,216,224,33147,5,0,0,5,11
2020-08-01,US,Indiana,DeKalb,214,4,0,41.39804622,-84.99906934,18033.0,492.23691776883277,1.8691588785046729,210,212,4,0,208,209,43226,2,0,0,2,3
2020-08-01,US,Indiana,Dearborn,456,28,0,39.14647946,-84.97333539,18029.0,921.9944195074607,6.140350877192982,428,447,28,0,419,441,49568,9,0,0,9,6
2020-08-01,US,Indiana,Decatur,310,32,0,39.30712658,-85.50087166,18031.0,1167.2126209571145,10.322580645161288,278,306,32,0,274,304,26794,4,0,0,4,2
2020-08-01,US,Indiana,Delaware,628,52,0,40.22787247,-85.39732772,18035.0,550.2256100232181,8.280254777070066,576,614,52,0,562,597,114772,14,0,0,14,17
2020-08-01,US,Indiana,Dubois,616,12,0,38.36597551,-86.87924170000002,18037.0,1441.4077124672406,1.9480519480519483,604,605,12,0,593,587,42565,11,0,0,11,18
2020-08-01,US,Indiana,Elkhart,4566,76,0,41.59761169,-85.85875695,18039.0,2212.8418491720017,1.6644765659220324,4490,4521,76,0,4445,4467,205560,45,0,0,45,54
2020-08-01,US,Indiana,Fayette,150,7,0,39.63684962,-85.17797541,18041.0,649.2944333823913,4.666666666666667,143,149,7,0,142,143,23047,1,0,0,1,6
2020-08-01,US,Indiana,Floyd,665,44,0,38.32117957,-85.90385377,18043.0,846.896411196862,6.6165413533834565,621,658,44,0,614,636,77781,7,0,0,7,22
2020-08-01,US,Indiana,Fountain,62,2,0,40.12361933,-87.24217689,18045.0,379.2976875076472,3.2258064516129035,60,61,2,0,59,60,16351,1,0,0,1,1
2020-08-01,US,Indiana,Franklin,197,10,0,39.4142482,-85.06062647,18047.0,865.6296686879338,5.076142131979696,187,191,9,0,182,187,22736,6,1,0,5,4
2020-08-01,US,Indiana,Fulton,139,1,0,41.0469907,-86.26252745,18049.0,695.9046760789024,0.7194244604316546,138,134,1,0,133,130,20092,5,0,0,5,4
2020-08-01,US,Indiana,Gibson,196,3,0,38.30393723,-87.58054938,18051.0,582.3108232567812,1.5306122448979589,193,194,3,0,191,193,33452,2,0,0,2,1
2020-08-01,US,Indiana,Grant,496,29,0,40.51587228,-85.65468702,18053.0,754.1546929404428,5.846774193548387,467,493,29,0,464,488,65936,3,0,0,3,5
2020-08-01,US,Indiana,Greene,235,34,0,39.03630547,-86.96223202,18055.0,736.169412944051,14.468085106382981,201,233,34,0,199,231,32006,2,0,0,2,2
2020-08-01,US,Indiana,Hamilton,2446,104,0,40.07306535,-86.05244729,18057.0,723.645088473452,4.251839738348323,2342,2410,104,0,2306,2366,330086,36,0,0,36,44
2020-08-01,US,Indiana,Hancock,608,37,0,39.82304555,-85.77566351,18059.0,777.8118923344591,6.0855263157894735,571,597,37,0,560,591,76351,11,0,0,11,6
2020-08-01,US,Indiana,Harrison,282,22,0,38.19467379,-86.10948271,18061.0,696.0385042576822,7.801418439716313,260,269,22,0,247,268,40350,13,0,0,13,1
2020-08-01,US,Indiana,Hendricks,1731,105,0,39.76719009,-86.51037283,18063.0,1016.3759240448356,6.065857885615253,1626,1711,105,0,1606,1683,167009,20,0,0,20,28
2020-08-01,US,Indiana,Henry,358,18,0,39.93029017,-85.39625719,18065.0,746.2686567164177,5.027932960893856,340,356,18,0,338,354,48271,2,0,0,2,2
2020-08-01,US,Indiana,Howard,798,64,0,40.48527731,-86.11351892,18067.0,966.7571234735416,8.020050125313283,734,786,64,0,722,777,82366,12,0,0,12,9
2020-08-01,US,Indiana,Huntington,118,3,0,40.82907273,-85.48822092,18069.0,323.1106243154436,2.5423728813559316,115,119,3,0,116,119,36240,-1,0,0,-1,0
2020-08-01,US,Indiana,Jackson,547,4,0,38.90915820000001,-86.03851889,18071.0,1236.6891998824353,0.7312614259597806,543,543,4,0,539,539,44111,4,0,0,4,4
2020-08-01,US,Indiana,Jasper,199,2,0,41.02078733,-87.11553319,18073.0,592.9324831654848,1.0050251256281406,197,197,2,0,195,194,33370,2,0,0,2,3
2020-08-01,US,Indiana,Jay,81,0,0,40.43781032,-85.00576229,18075.0,396.35936582501466,0.0,81,80,0,0,80,77,20764,1,0,0,1,3
2020-08-01,US,Indiana,Jefferson,148,2,0,38.78576239,-85.43633383,18077.0,458.0908753249969,1.351351351351351,146,145,2,0,143,145,32208,3,0,0,3,0
2020-08-01,US,Indiana,Jennings,208,12,0,38.99588883,-85.62710784,18079.0,749.9549305931134,5.769230769230768,196,206,12,0,194,203,27611,2,0,0,2,3
2020-08-01,US,Indiana,Johnson,1631,118,0,39.48994426,-86.10149107,18081.0,1031.1885538702763,7.234825260576334,1513,1616,118,0,1498,1600,156225,15,0,0,15,16
2020-08-01,US,Indiana,Knox,126,0,0,38.68861576,-87.4194665,18083.0,344.3187407771766,0.0,126,125,0,0,125,120,36895,1,0,0,1,5
2020-08-01,US,Indiana,Kosciusko,814,12,0,41.24521668,-85.86312322,18085.0,1024.46637132501,1.4742014742014742,802,796,12,0,784,788,79344,18,0,0,18,8
2020-08-01,US,Indiana,LaGrange,539,10,0,41.64232188,-85.42674232,18087.0,1360.6300802746505,1.855287569573284,529,536,10,0,526,535,39330,3,0,0,3,1
2020-08-01,US,Indiana,LaPorte,818,29,0,41.54366008,-86.74072188,18091.0,744.3942923704135,3.5452322738386317,789,800,29,0,771,787,110007,18,0,0,18,13
2020-08-01,US,Indiana,Lake,6994,269,0,41.41874274,-87.38277575,18089.0,1440.597495741442,3.8461538461538463,6725,6935,267,0,6668,6878,484411,59,2,0,57,57
2020-08-01,US,Indiana,Lawrence,325,27,0,38.84112637,-86.48361629,18093.0,716.3323782234958,8.307692307692307,298,317,27,0,290,311,45668,8,0,0,8,6
2020-08-01,US,Indiana,Madison,833,64,0,40.16143691,-85.71964711,18095.0,642.900693838804,7.683073229291715,769,812,64,0,748,789,129641,21,0,0,21,23
2020-08-01,US,Indiana,Marion,14578,718,0,39.78163624,-86.13826325,18097.0,1511.3282230022953,4.925229798326245,13860,14432,718,0,13714,14270,954670,146,0,0,146,162
2020-08-01,US,Indiana,Marshall,739,22,0,41.32467367,-86.26185087,18099.0,1597.5615028751786,2.976995940460081,717,732,22,0,710,722,46248,7,0,0,7,10
2020-08-01,US,Indiana,Martin,42,0,0,38.7099921,-86.80373186,18101.0,409.55631399317406,0.0,42,42,0,0,42,42,10217,0,0,0,0,0
2020-08-01,US,Indiana,Miami,256,2,0,40.76940965,-86.04525048,18103.0,720.8018921049668,0.78125,254,247,2,0,245,244,35567,9,0,0,9,3
2020-08-01,US,Indiana,Monroe,674,30,0,39.16130004,-86.52414358,18105.0,454.08304195215277,4.451038575667655,644,661,30,0,631,652,146917,13,0,0,13,9
2020-08-01,US,Indiana,Montgomery,336,21,0,40.04034823,-86.89335024,18107.0,876.4150451249412,6.25,315,334,21,0,313,326,38346,2,0,0,2,8
2020-08-01,US,Indiana,Morgan,412,32,0,39.47899078,-86.44573375,18109.0,584.4883598859396,7.766990291262137,380,410,32,0,378,408,70116,2,0,0,2,2
2020-08-01,US,Indiana,Newton,109,10,0,40.95610449,-87.39635768,18111.0,779.4622425629291,9.174311926605503,99,108,10,0,98,108,14011,1,0,0,1,0
2020-08-01,US,Indiana,Noble,624,28,0,41.39672484,-85.41966713,18113.0,1306.970509383378,4.487179487179487,596,617,28,0,589,613,47532,7,0,0,7,4
2020-08-01,US,Indiana,Ohio,45,4,0,38.955304999999996,-84.96515993,18115.0,765.9574468085108,8.888888888888891,41,43,4,0,39,42,5844,2,0,0,2,1
2020-08-01,US,Indiana,Orange,161,24,0,38.54118920000001,-86.49523093,18117.0,819.5052427975162,14.906832298136644,137,158,24,0,134,158,19489,3,0,0,3,0
2020-08-01,US,Indiana,Owen,78,1,0,39.31145587,-86.83900724,18119.0,375.01802971296684,1.2820512820512822,77,73,1,0,72,72,20845,5,0,0,5,1
2020-08-01,US,Indiana,Parke,46,1,0,39.77202286,-87.20375833,18121.0,271.5947334238649,2.1739130434782608,45,45,1,0,44,44,16927,1,0,0,1,1
2020-08-01,US,Indiana,Perry,170,12,0,38.07809328,-86.63741946,18123.0,886.8485575669049,7.0588235294117645,158,170,12,0,158,170,19102,0,0,0,0,0
2020-08-01,US,Indiana,Pike,41,0,0,38.40112197,-87.23574907,18125.0,330.9387359754621,0.0,41,37,0,0,37,32,12410,4,0,0,4,5
2020-08-01,US,Indiana,Porter,1144,39,0,41.45986947,-87.06848888,18127.0,671.4048442094266,3.4090909090909087,1105,1130,39,0,1091,1121,169594,14,0,0,14,9
2020-08-01,US,Indiana,Posey,154,0,0,38.02097333,-87.86480429,18129.0,605.655405671137,0.0,154,155,0,0,155,153,25540,-1,0,0,-1,2
2020-08-01,US,Indiana,Pulaski,71,1,0,41.04166107,-86.69890683,18131.0,574.7591678134868,1.4084507042253518,70,71,1,0,70,70,12469,0,0,0,0,1
2020-08-01,US,Indiana,Putnam,217,8,0,39.66437981,-86.84517605,18133.0,577.4962742175858,3.6866359447004617,209,217,8,0,209,213,37779,0,0,0,0,4
2020-08-01,US,Indiana,Randolph,102,4,0,40.15734772,-85.01139319,18135.0,413.54145550375017,3.92156862745098,98,101,4,0,97,100,24851,1,0,0,1,1
2020-08-01,US,Indiana,Ripley,186,7,0,39.10235626,-85.26212744,18137.0,656.6869086287247,3.7634408602150535,179,185,7,0,178,182,28523,1,0,0,1,3
2020-08-01,US,Indiana,Rush,79,4,0,39.62002287,-85.4655599,18139.0,476.44894759061583,5.063291139240507,75,79,4,0,75,80,16663,0,0,0,0,-1
2020-08-01,US,Indiana,Scott,244,10,0,38.68672078,-85.74627859,18143.0,1022.075147656348,4.0983606557377055,234,243,10,0,233,236,23878,1,0,0,1,7
2020-08-01,US,Indiana,Shelby,508,26,0,39.52305623,-85.79158570000001,18145.0,1135.7284982897004,5.118110236220472,482,500,26,0,474,499,44593,8,0,0,8,1
2020-08-01,US,Indiana,Spencer,110,3,0,38.01519732,-87.0079644,18147.0,542.4865611283719,2.727272727272727,107,110,3,0,107,110,20327,0,0,0,0,0
2020-08-01,US,Indiana,St. Joseph,3071,79,0,41.61756781,-86.29040834,18141.0,1129.7668361378235,2.5724519700423314,2992,3015,79,0,2936,2967,270771,56,0,0,56,48
2020-08-01,US,Indiana,Starke,161,7,0,41.27890281,-86.64686895,18149.0,700.152207001522,4.3478260869565215,154,156,7,0,149,154,22935,5,0,0,5,2
2020-08-01,US,Indiana,Steuben,195,3,0,41.64423868,-85.00101094,18151.0,563.6815632768687,1.5384615384615383,192,193,3,0,190,191,34586,2,0,0,2,2
2020-08-01,US,Indiana,Sullivan,74,1,0,39.08952258,-87.41414469,18153.0,358.02409405389716,1.351351351351351,73,69,1,0,68,69,20690,5,0,0,5,0
2020-08-01,US,Indiana,Switzerland,43,0,0,38.82767338,-85.03022429,18155.0,399.96279415868287,0.0,43,40,0,0,40,39,10717,3,0,0,3,1
2020-08-01,US,Indiana,Tippecanoe,1085,11,0,40.38872739,-86.89413959,18157.0,554.3293891647763,1.0138248847926268,1074,1053,11,0,1042,1031,193048,32,0,0,32,22
2020-08-01,US,Indiana,Tipton,102,5,0,40.31123252,-86.05234925,18159.0,673.3562186427251,4.901960784313727,97,96,5,0,91,90,15128,6,0,0,6,6
2020-08-01,US,Indiana,Unassigned,0,200,0,0.0,0.0,90018.0,0.0,0.0,-200,0,200,0,-200,0,,0,0,0,0,0
2020-08-01,US,Indiana,Union,28,0,0,39.62550777,-84.92497066,18161.0,396.93790757017297,0.0,28,28,0,0,28,28,7037,0,0,0,0,0
2020-08-01,US,Indiana,Vanderburgh,1679,12,0,38.02658833,-87.58763124,18163.0,925.318681076434,0.7147111375818941,1667,1621,10,0,1611,1579,180974,58,2,0,56,42
2020-08-01,US,Indiana,Vermillion,34,0,0,39.8523352,-87.46160542,18165.0,219.3831462124145,0.0,34,30,0,0,30,26,15479,4,0,0,4,4
2020-08-01,US,Indiana,Vigo,454,10,0,39.42944561,-87.39169027,18167.0,424.14843326669035,2.202643171806167,444,424,10,0,414,406,107386,30,0,0,30,18
2020-08-01,US,Indiana,Wabash,155,3,0,40.84704239,-85.79328272,18169.0,500.0645244547683,1.935483870967742,152,151,3,0,148,148,31280,4,0,0,4,3
2020-08-01,US,Indiana,Warren,19,1,0,40.34728141,-87.35602659,18171.0,229.88505747126442,5.2631578947368425,18,19,1,0,18,19,8263,0,0,0,0,0
2020-08-01,US,Indiana,Warrick,488,30,0,38.08922676,-87.2716085,18173.0,774.6277659608241,6.147540983606558,458,471,29,0,442,458,62567,17,1,0,16,13
2020-08-01,US,Indiana,Washington,107,1,0,38.60219804,-86.1049363,18175.0,381.65216150663434,0.9345794392523364,106,104,1,0,103,99,27943,3,0,0,3,5
2020-08-01,US,Indiana,Wayne,313,9,0,39.863344399999995,-85.01044989,18177.0,475.07740877906616,2.8753993610223643,304,304,9,0,295,292,65936,9,0,0,9,12
2020-08-01,US,Indiana,Wells,129,2,0,40.72934187,-85.22132966,18179.0,455.89482612383375,1.5503875968992251,127,124,2,0,122,120,28206,5,0,0,5,4
2020-08-01,US,Indiana,White,344,10,0,40.74911165,-86.86492015,18181.0,1427.2674466849226,2.9069767441860463,334,341,10,0,331,334,24133,3,0,0,3,7
2020-08-01,US,Indiana,Whitley,144,6,0,41.13863784,-85.50791236,18183.0,423.9783299964669,4.166666666666667,138,143,6,0,137,141,34074,1,0,0,1,2
2020-08-01,US,Iowa,Adair,20,0,0,41.33075609,-94.47105874,19001.0,279.6420581655481,0.0,20,20,0,0,20,20,7063,0,0,0,0,0
2020-08-01,US,Iowa,Adams,16,0,0,41.02903567,-94.69932645,19003.0,444.1976679622432,0.0,16,15,0,0,15,15,3645,1,0,0,1,0
2020-08-01,US,Iowa,Allamakee,149,4,0,43.28383218,-91.37860922,19005.0,1088.6242419814423,2.684563758389262,145,148,4,0,144,146,13832,1,0,0,1,2
2020-08-01,US,Iowa,Appanoose,40,3,0,40.74324454,-92.86865906,19007.0,321.90568163528087,7.5,37,40,3,0,37,40,12437,0,0,0,0,0
2020-08-01,US,Iowa,Audubon,28,1,0,41.6844628,-94.90581859,19009.0,509.4614264919942,3.571428571428572,27,28,1,0,27,28,5506,0,0,0,0,0
2020-08-01,US,Iowa,Benton,139,1,0,42.08011739,-92.06463573,19011.0,542.0159875219341,0.7194244604316546,138,130,1,0,129,122,25642,9,0,0,9,8
2020-08-01,US,Iowa,Black Hawk,2984,62,0,42.4704581,-92.30524729,19013.0,2273.904959307465,2.0777479892761392,2922,2970,62,0,2908,2947,132408,14,0,0,14,23
2020-08-01,US,Iowa,Boone,228,2,0,42.03657094,-93.9313999,19015.0,869.1011664252496,0.8771929824561403,226,226,2,0,224,224,26346,2,0,0,2,2
2020-08-01,US,Iowa,Bremer,187,7,0,42.77461496,-92.31795937,19017.0,746.149549118187,3.7433155080213902,180,181,7,0,174,179,24947,6,0,0,6,2
2020-08-01,US,Iowa,Buchanan,108,1,0,42.4709188,-91.83510825,19019.0,510.0354191263282,0.925925925925926,107,105,1,0,104,103,21199,3,0,0,3,2
2020-08-01,US,Iowa,Buena Vista,1783,12,0,42.73545875,-95.15100162,19021.0,9087.665647298674,0.6730229949523275,1771,1782,12,0,1770,1782,19874,1,0,0,1,0
2020-08-01,US,Iowa,Butler,111,2,0,42.73172833,-92.79015971,19023.0,768.7512985663827,1.8018018018018016,109,111,2,0,109,105,14539,0,0,0,0,6
2020-08-01,US,Iowa,Calhoun,81,2,0,42.38521079,-94.64046046,19025.0,837.8154737277617,2.469135802469136,79,81,2,0,79,81,9699,0,0,0,0,0
2020-08-01,US,Iowa,Carroll,176,1,0,42.03617207,-94.86032705,19027.0,872.7994049094966,0.5681818181818182,175,175,1,0,174,174,20154,1,0,0,1,1
2020-08-01,US,Iowa,Cass,43,1,0,41.33149454,-94.92792482,19029.0,334.9953256466189,2.3255813953488373,42,42,1,0,41,40,12930,1,0,0,1,2
2020-08-01,US,Iowa,Cedar,119,1,0,41.77233777,-91.13246684,19031.0,638.8575723412251,0.8403361344537815,118,117,1,0,116,116,18627,2,0,0,2,1
2020-08-01,US,Iowa,Cerro Gordo,578,17,0,43.08177563,-93.2612239,19033.0,1361.6018845700826,2.9411764705882355,561,572,17,0,555,567,42647,6,0,0,6,5
2020-08-01,US,Iowa,Cherokee,97,1,0,42.73538914,-95.62389402,19035.0,863.3733867378728,1.0309278350515465,96,97,1,0,96,97,11321,0,0,0,0,0
2020-08-01,US,Iowa,Chickasaw,50,0,0,43.06001295,-92.31773347,19037.0,419.0061174893153,0.0,50,48,0,0,48,48,11964,2,0,0,2,0
2020-08-01,US,Iowa,Clarke,178,3,0,41.02868181,-93.78499767,19039.0,1894.6248004257584,1.6853932584269662,175,174,3,0,171,171,9423,4,0,0,4,3
2020-08-01,US,Iowa,Clay,170,1,0,43.08247182,-95.15096481,19041.0,1061.4385614385615,0.5882352941176471,169,168,1,0,167,168,16134,2,0,0,2,0
2020-08-01,US,Iowa,Clayton,95,3,0,42.84443388,-91.34133693,19043.0,541.3413869736167,3.1578947368421053,92,94,3,0,91,89,17556,1,0,0,1,5
2020-08-01,US,Iowa,Clinton,304,3,0,41.89981633,-90.53275096,19045.0,654.7631868013526,0.986842105263158,301,288,3,0,285,280,46518,16,0,0,16,8
2020-08-01,US,Iowa,Crawford,710,3,0,42.03718237,-95.3819718,19047.0,4221.165279429251,0.4225352112676056,707,707,3,0,704,708,17158,3,0,0,3,-1
2020-08-01,US,Iowa,Dallas,1767,35,0,41.68560356,-94.04127625,19049.0,1890.7900227922053,1.9807583474816075,1732,1739,35,0,1704,1722,90180,28,0,0,28,17
2020-08-01,US,Iowa,Davis,49,1,0,40.74773536,-92.41005468,19051.0,544.4444444444445,2.0408163265306123,48,49,1,0,48,49,9017,0,0,0,0,0
2020-08-01,US,Iowa,Decatur,21,0,0,40.73742757,-93.78645949,19053.0,266.83608640406607,0.0,21,21,0,0,21,20,7890,0,0,0,0,1
2020-08-01,US,Iowa,Delaware,87,1,0,42.47104597,-91.3664492,19055.0,511.43377814355415,1.1494252873563218,86,85,1,0,84,82,17069,2,0,0,2,3
2020-08-01,US,Iowa,Des Moines,138,2,0,40.92012606,-91.18326592,19057.0,354.14581569019936,1.4492753623188406,136,144,2,0,142,137,39138,-6,0,0,-6,7
2020-08-01,US,Iowa,Dickinson,374,4,0,43.37787725,-95.1510206,19059.0,2167.110905087496,1.0695187165775402,370,371,4,0,367,367,17153,3,0,0,3,4
2020-08-01,US,Iowa,Dubuque,1503,29,0,42.46815349,-90.88181925,19061.0,1544.5324783426333,1.9294743845642048,1474,1484,28,0,1456,1452,96854,19,1,0,18,32
2020-08-01,US,Iowa,Emmet,178,1,0,43.37782951,-94.67858943,19063.0,1933.101650738488,0.5617977528089888,177,178,1,0,177,171,9253,0,0,0,0,7
2020-08-01,US,Iowa,Fayette,77,0,0,42.86271799,-91.8441231,19065.0,391.85750636132315,0.0,77,77,0,0,77,75,19660,0,0,0,0,2
2020-08-01,US,Iowa,Floyd,116,2,0,43.06000529999999,-92.78940097,19067.0,741.5931466564379,1.7241379310344829,114,109,2,0,107,105,15761,7,0,0,7,4
2020-08-01,US,Iowa,Franklin,212,4,0,42.73270384,-93.26256925,19069.0,2105.2631578947367,1.8867924528301887,208,209,4,0,205,204,10124,3,0,0,3,5
2020-08-01,US,Iowa,Fremont,35,0,0,40.74542720000001,-95.60129045,19071.0,502.8735632183908,0.0,35,32,0,0,32,31,6993,3,0,0,3,1
2020-08-01,US,Iowa,Greene,38,0,0,42.03614551,-94.39658081,19073.0,427.5427542754276,0.0,38,38,0,0,38,37,8981,0,0,0,0,1
2020-08-01,US,Iowa,Grundy,72,1,0,42.40183723,-92.78829551,19075.0,588.6200130804447,1.3888888888888888,71,72,1,0,71,71,12304,0,0,0,0,1
2020-08-01,US,Iowa,Guthrie,125,5,0,41.68378965,-94.50111014,19077.0,1169.4265132379082,4.0,120,124,5,0,119,123,10720,1,0,0,1,1
2020-08-01,US,Iowa,Hamilton,238,1,0,42.38382428,-93.70197703,19079.0,1611.0471806674338,0.4201680672268908,237,237,1,0,236,237,14952,1,0,0,1,0
2020-08-01,US,Iowa,Hancock,114,2,0,43.08178477,-93.73454884,19081.0,1072.4365004703668,1.7543859649122806,112,114,2,0,112,108,10712,0,0,0,0,6
2020-08-01,US,Iowa,Hardin,162,0,0,42.38353877,-93.23654611,19083.0,961.6526178321263,0.0,162,161,0,0,161,155,16868,1,0,0,1,6
2020-08-01,US,Iowa,Harrison,95,0,0,41.68330137,-95.81558439,19085.0,676.2047120791516,0.0,95,90,0,0,90,89,14134,5,0,0,5,1
2020-08-01,US,Iowa,Henry,111,3,0,40.98767962,-91.54436349,19087.0,556.2794427182521,2.702702702702702,108,109,3,0,106,108,20067,2,0,0,2,1
2020-08-01,US,Iowa,Howard,48,0,0,43.35671042,-92.31702714,19089.0,524.13190652981,0.0,48,47,0,0,47,47,9187,1,0,0,1,0
2020-08-01,US,Iowa,Humboldt,89,1,0,42.7764426,-94.20722537,19091.0,931.1571458464116,1.1235955056179776,88,87,1,0,86,86,9547,2,0,0,2,1
2020-08-01,US,Iowa,Ida,29,0,0,42.38696136,-95.51355387,19093.0,422.7405247813411,0.0,29,29,0,0,29,29,6841,0,0,0,0,0
2020-08-01,US,Iowa,Iowa,90,1,0,41.68630265,-92.0643373,19095.0,556.1047948591201,1.1111111111111112,89,87,1,0,86,83,16141,3,0,0,3,4
2020-08-01,US,Iowa,Jackson,134,1,0,42.17178824,-90.57354837,19097.0,689.3358711867894,0.746268656716418,133,132,1,0,131,130,19432,2,0,0,2,2
2020-08-01,US,Iowa,Jasper,453,24,0,41.68576082,-93.05567785,19099.0,1218.233158531666,5.298013245033113,429,450,24,0,426,445,37147,3,0,0,3,5
2020-08-01,US,Iowa,Jefferson,76,0,0,41.03192394,-91.94849466,19101.0,415.4140475539765,0.0,76,75,0,0,75,75,18381,1,0,0,1,0
2020-08-01,US,Iowa,Johnson,1901,15,0,41.67169354,-91.58754744,19103.0,1257.7742490406247,0.7890583903208838,1886,1881,15,0,1866,1856,151260,20,0,0,20,25
2020-08-01,US,Iowa,Jones,122,1,0,42.12118609,-91.13139641,19105.0,589.9134471253808,0.819672131147541,121,122,1,0,121,119,20744,0,0,0,0,3
2020-08-01,US,Iowa,Keokuk,30,1,0,41.33649833,-92.1785067,19107.0,292.7971891469842,3.333333333333333,29,28,1,0,27,28,10225,2,0,0,2,0
2020-08-01,US,Iowa,Kossuth,77,0,0,43.20405458,-94.20691791,19109.0,519.813677175454,0.0,77,76,0,0,76,76,14908,1,0,0,1,0
2020-08-01,US,Iowa,Lee,88,3,0,40.64181461,-91.48183025,19111.0,261.4612116350239,3.4090909090909087,85,89,3,0,86,87,34055,-1,0,0,-1,2
2020-08-01,US,Iowa,Linn,2064,87,0,42.07923082,-91.59809485,19113.0,910.4302488685788,4.215116279069767,1977,2005,87,0,1918,1970,225909,59,0,0,59,35
2020-08-01,US,Iowa,Louisa,377,14,0,41.21842119,-91.26102611,19115.0,3416.402356139556,3.713527851458886,363,378,14,0,364,377,11169,-1,0,0,-1,1
2020-08-01,US,Iowa,Lucas,42,4,0,41.02958964,-93.32780803,19117.0,488.37209302325584,9.523809523809524,38,42,4,0,38,41,8645,0,0,0,0,1
2020-08-01,US,Iowa,Lyon,99,0,0,43.38107862,-96.20926845,19119.0,842.1948107188431,0.0,99,99,0,0,99,98,11811,0,0,0,0,1
2020-08-01,US,Iowa,Madison,96,2,0,41.33081904,-94.01554631,19121.0,587.5872199779654,2.083333333333333,94,93,2,0,91,93,16249,3,0,0,3,0
2020-08-01,US,Iowa,Mahaska,135,17,0,41.33521503,-92.64083907,19123.0,610.9979633401222,12.592592592592592,118,133,17,0,116,133,22000,2,0,0,2,0
2020-08-01,US,Iowa,Marion,148,0,0,41.33445101,-93.09934783,19125.0,445.0726250263134,0.0,148,147,0,0,147,142,33407,1,0,0,1,5
2020-08-01,US,Iowa,Marshall,1381,24,0,42.03586837,-92.9990819,19127.0,3507.836114709543,1.7378711078928313,1357,1373,24,0,1349,1364,39981,8,0,0,8,9
2020-08-01,US,Iowa,Mills,79,0,0,41.03299766,-95.61920963,19129.0,522.8671652657357,0.0,79,76,0,0,76,75,15063,3,0,0,3,1
2020-08-01,US,Iowa,Mitchell,76,0,0,43.35638371,-92.78887719,19131.0,717.9293406385792,0.0,76,76,0,0,76,76,10569,0,0,0,0,0
2020-08-01,US,Iowa,Monona,90,0,0,42.05220391,-95.95743843,19133.0,1044.689495066744,0.0,90,89,0,0,89,89,8679,1,0,0,1,0
2020-08-01,US,Iowa,Monroe,66,7,0,41.02988815,-92.8690667,19135.0,856.3643441027639,10.606060606060606,59,66,7,0,59,66,7790,0,0,0,0,0
2020-08-01,US,Iowa,Montgomery,43,3,0,41.03018714,-95.15642896,19137.0,433.59887062619737,6.9767441860465125,40,42,3,0,39,41,10003,1,0,0,1,1
2020-08-01,US,Iowa,Muscatine,815,47,0,41.48370744,-91.1121697,19139.0,1910.2756422276395,5.766871165644171,768,807,47,0,760,795,42929,8,0,0,8,12
2020-08-01,US,Iowa,O'Brien,116,1,0,43.08310673,-95.62474482,19141.0,843.4523376717807,0.8620689655172413,115,116,1,0,115,115,13840,0,0,0,0,1
2020-08-01,US,Iowa,Osceola,77,0,0,43.37824276,-95.62422844,19143.0,1292.3799932863374,0.0,77,77,0,0,77,77,6040,0,0,0,0,0
2020-08-01,US,Iowa,Page,71,0,0,40.7393172,-95.1497813,19145.0,469.9808036009797,0.0,71,69,0,0,69,66,15249,2,0,0,2,3
2020-08-01,US,Iowa,Palo Alto,74,0,0,43.08193849,-94.67824621,19147.0,832.7706504614,0.0,74,74,0,0,74,74,8929,0,0,0,0,0
2020-08-01,US,Iowa,Plymouth,440,8,0,42.737633,-96.21366621,19149.0,1747.6268022401398,1.818181818181818,432,435,8,0,427,429,25095,5,0,0,5,6
2020-08-01,US,Iowa,Pocahontas,113,1,0,42.73420133,-94.67862564,19151.0,1707.2065266656596,0.8849557522123894,112,113,1,0,112,113,6740,0,0,0,0,0
2020-08-01,US,Iowa,Polk,9609,202,0,41.68679484,-93.57767461,19153.0,1960.3762845269207,2.102195858049745,9407,9479,201,0,9278,9388,487204,130,1,0,129,91
2020-08-01,US,Iowa,Pottawattamie,1204,21,0,41.33640314,-95.53907776,19155.0,1291.7623328970235,1.7441860465116281,1183,1153,21,0,1132,1137,93533,51,0,0,51,16
2020-08-01,US,Iowa,Poweshiek,145,8,0,41.68625425,-92.53155731,19157.0,783.6143536532643,5.517241379310344,137,137,8,0,129,136,18699,8,0,0,8,1
2020-08-01,US,Iowa,Ringgold,21,1,0,40.73518949,-94.24368535,19159.0,429.09685328974257,4.761904761904762,20,21,1,0,20,22,4968,0,0,0,0,-1
2020-08-01,US,Iowa,Sac,81,0,0,42.38624071,-95.10547892,19161.0,833.2476082707541,0.0,81,79,0,0,79,79,9719,2,0,0,2,0
2020-08-01,US,Iowa,Scott,1576,12,0,41.63935978,-90.61959493,19163.0,911.2829082414436,0.7614213197969543,1564,1557,12,0,1545,1542,173283,19,0,0,19,15
2020-08-01,US,Iowa,Shelby,156,1,0,41.6850066,-95.31015553,19165.0,1361.969617600838,0.6410256410256411,155,155,1,0,154,149,11578,1,0,0,1,6
2020-08-01,US,Iowa,Sioux,588,2,0,43.08221074,-96.1767568,19167.0,1686.98895423899,0.3401360544217687,586,588,2,0,586,578,34909,0,0,0,0,10
2020-08-01,US,Iowa,Story,1101,13,0,42.03621213,-93.46499005,19169.0,1133.6841129771308,1.1807447774750226,1088,1088,13,0,1075,1084,98105,13,0,0,13,4
2020-08-01,US,Iowa,Tama,535,29,0,42.07991767,-92.53266945,19171.0,3174.3206360507893,5.420560747663552,506,534,29,0,505,532,16904,1,0,0,1,2
2020-08-01,US,Iowa,Taylor,93,0,0,40.73710579,-94.69778563,19173.0,1519.3595817676846,0.0,93,93,0,0,93,93,6191,0,0,0,0,0
2020-08-01,US,Iowa,Unassigned,5,0,0,0.0,0.0,90019.0,0.0,0.0,5,5,0,0,5,7,,0,0,0,0,-2
2020-08-01,US,Iowa,Union,70,1,0,41.0277278,-94.24234847,19175.0,571.8487051711461,1.4285714285714286,69,66,1,0,65,67,12359,4,0,0,4,-1
2020-08-01,US,Iowa,Van Buren,30,1,0,40.75326764,-91.95017958,19177.0,425.89437819420783,3.333333333333333,29,29,1,0,28,28,7020,1,0,0,1,1
2020-08-01,US,Iowa,Wapello,829,31,0,41.03064984,-92.40954728,19179.0,2370.671165889788,3.7394451145958985,798,827,31,0,796,821,35205,2,0,0,2,6
2020-08-01,US,Iowa,Warren,517,1,0,41.33559454,-93.56007641,19181.0,1004.5466910193137,0.1934235976789168,516,503,1,0,502,499,51056,14,0,0,14,4
2020-08-01,US,Iowa,Washington,285,10,0,41.33577126,-91.71725711,19183.0,1297.5187798770771,3.5087719298245608,275,284,10,0,274,284,22141,1,0,0,1,0
2020-08-01,US,Iowa,Wayne,15,1,0,40.73969028,-93.32752197,19185.0,232.8830926874709,6.666666666666668,14,15,1,0,14,15,6401,0,0,0,0,0
2020-08-01,US,Iowa,Webster,709,5,0,42.42853483,-94.17987389,19187.0,1974.7103386809272,0.7052186177715092,704,699,5,0,694,684,36277,10,0,0,10,15
2020-08-01,US,Iowa,Winnebago,71,0,0,43.37751174,-93.73407298,19189.0,685.7253235464556,0.0,71,71,0,0,71,71,10518,0,0,0,0,0
2020-08-01,US,Iowa,Winneshiek,78,1,0,43.29094334,-91.84422722,19191.0,390.1755790105548,1.2820512820512822,77,77,1,0,76,74,20029,1,0,0,1,3
2020-08-01,US,Iowa,Woodbury,3630,49,0,42.38979414,-96.0459439,19193.0,3520.614507259449,1.349862258953168,3581,3620,49,0,3571,3612,102539,10,0,0,10,8
2020-08-01,US,Iowa,Worth,60,0,0,43.37750768,-93.26087602,19195.0,812.8979813033466,0.0,60,59,0,0,59,56,7453,1,0,0,1,3
2020-08-01,US,Iowa,Wright,440,1,0,42.73305373,-93.73515113,19197.0,3502.626970227671,0.2272727272727273,439,439,1,0,438,439,12690,1,0,0,1,0
2020-08-01,US,Kansas,Allen,14,0,0,37.88582951,-95.30030847,20001.0,113.18619128466328,0.0,14,14,0,0,14,14,12444,0,0,0,0,0
2020-08-01,US,Kansas,Anderson,27,0,0,38.21413251,-95.29272815,20003.0,343.5988801221685,0.0,27,27,0,0,27,26,7878,0,0,0,0,1
2020-08-01,US,Kansas,Atchison,61,0,0,39.53185661,-95.30870026,20005.0,379.5184470851739,0.0,61,61,0,0,61,59,16193,0,0,0,0,2
2020-08-01,US,Kansas,Barber,4,0,0,37.2288586,-98.68460053,20007.0,90.35464196973119,0.0,4,4,0,0,4,4,4472,0,0,0,0,0
2020-08-01,US,Kansas,Barton,114,3,0,38.47889676,-98.75636726,20009.0,442.2204119632258,2.631578947368421,111,109,3,0,106,104,26111,5,0,0,5,5
2020-08-01,US,Kansas,Bourbon,65,1,0,37.85508555,-94.84865997,20011.0,447.22719141323785,1.5384615384615383,64,65,1,0,64,65,14653,0,0,0,0,0
2020-08-01,US,Kansas,Brown,32,0,0,39.82652589,-95.56421698,20013.0,334.58803847762437,0.0,32,32,0,0,32,32,9598,0,0,0,0,0
2020-08-01,US,Kansas,Butler,200,0,0,37.78134351,-96.83878537,20015.0,298.9045149526984,0.0,200,200,0,0,200,187,66765,0,0,0,0,13
2020-08-01,US,Kansas,Chase,6,0,0,38.30292938,-96.59563862,20017.0,226.5861027190332,0.0,6,6,0,0,6,6,2629,0,0,0,0,0
2020-08-01,US,Kansas,Chautauqua,5,0,0,37.14994405,-96.2454192,20019.0,153.84615384615384,0.0,5,5,0,0,5,5,3309,0,0,0,0,0
2020-08-01,US,Kansas,Cherokee,73,1,0,37.16928494,-94.8462897,20021.0,366.11665580019064,1.3698630136986298,72,73,1,0,72,73,20015,0,0,0,0,0
2020-08-01,US,Kansas,Cheyenne,2,0,0,39.78580976,-101.7318201,20023.0,75.27286413248024,0.0,2,2,0,0,2,2,2660,0,0,0,0,0
2020-08-01,US,Kansas,Clark,43,1,0,37.23577007,-99.81883015,20025.0,2156.469408224674,2.3255813953488373,42,43,1,0,42,42,2005,0,0,0,0,1
2020-08-01,US,Kansas,Clay,17,2,0,39.34948772,-97.16518128,20027.0,212.44688827793053,11.764705882352944,15,17,2,0,15,17,7997,0,0,0,0,0
2020-08-01,US,Kansas,Cloud,29,0,0,39.48028352,-97.64925343,20029.0,330.07056681083543,0.0,29,29,0,0,29,28,8729,0,0,0,0,1
2020-08-01,US,Kansas,Coffey,65,8,0,38.2365018,-95.73379515,20031.0,794.7181807066878,12.307692307692307,57,65,8,0,57,64,8233,0,0,0,0,1
2020-08-01,US,Kansas,Comanche,3,0,0,37.19114520000001,-99.27113247,20033.0,176.47058823529412,0.0,3,3,0,0,3,3,1748,0,0,0,0,0
2020-08-01,US,Kansas,Cowley,151,2,0,37.23781842,-96.83776647,20035.0,432.56560100836487,1.3245033112582782,149,151,2,0,149,146,35218,0,0,0,0,5
2020-08-01,US,Kansas,Crawford,368,1,0,37.50675523,-94.85245778,20037.0,948.0138080272037,0.2717391304347826,367,368,1,0,367,366,39019,0,0,0,0,2
2020-08-01,US,Kansas,Decatur,5,0,0,39.78468441,-100.45940809999999,20039.0,176.86593562079943,0.0,5,5,0,0,5,5,2871,0,0,0,0,0
2020-08-01,US,Kansas,Dickinson,40,1,0,38.86600962,-97.15532383,20041.0,216.61431820643344,2.5,39,40,1,0,39,40,18717,0,0,0,0,0
2020-08-01,US,Kansas,Doniphan,44,0,0,39.79067154,-95.14056866,20043.0,578.9473684210526,0.0,44,44,0,0,44,44,7682,0,0,0,0,0
2020-08-01,US,Kansas,Douglas,650,3,0,38.88503636,-95.2925121,20045.0,531.6582010322348,0.4615384615384616,647,650,3,0,647,635,121436,0,0,0,0,15
2020-08-01,US,Kansas,Edwards,10,0,0,37.88735543,-99.31263309,20047.0,357.39814152966414,0.0,10,10,0,0,10,10,2849,0,0,0,0,0
2020-08-01,US,Kansas,Elk,1,0,0,37.45338105,-96.24369667,20049.0,39.52569169960474,0.0,1,1,0,0,1,1,2508,0,0,0,0,0
2020-08-01,US,Kansas,Ellis,128,1,0,38.91458712,-99.31751551,20051.0,448.2891464994922,0.78125,127,128,1,0,127,125,28710,0,0,0,0,3
2020-08-01,US,Kansas,Ellsworth,18,0,0,38.69677695,-98.20462799,20053.0,294.9852507374631,0.0,18,18,0,0,18,18,6196,0,0,0,0,0
2020-08-01,US,Kansas,Finney,1737,10,0,38.04340344,-100.73819379999999,20055.0,4763.2105739435665,0.5757052389176741,1727,1737,10,0,1727,1716,36611,0,0,0,0,21
2020-08-01,US,Kansas,Ford,2026,8,0,37.69200114,-99.88825298,20057.0,6026.354144977541,0.3948667324777888,2018,2026,8,0,2018,2017,33888,0,0,0,0,9
2020-08-01,US,Kansas,Franklin,149,1,0,38.56443815,-95.28644341,20059.0,583.3072345756342,0.6711409395973155,148,149,1,0,148,142,25631,0,0,0,0,7
2020-08-01,US,Kansas,Geary,128,2,0,38.99871131,-96.7577178,20061.0,404.1679823176509,1.5625,126,128,2,0,126,126,32594,0,0,0,0,2
2020-08-01,US,Kansas,Gove,3,0,0,38.91588178,-100.4829321,20063.0,113.80880121396058,0.0,3,3,0,0,3,3,2612,0,0,0,0,0
2020-08-01,US,Kansas,Graham,16,0,0,39.34987223,-99.88332493,20065.0,644.64141821112,0.0,16,16,0,0,16,15,2492,0,0,0,0,1
2020-08-01,US,Kansas,Grant,94,2,0,37.56227336,-101.3079758,20067.0,1314.6853146853148,2.127659574468085,92,92,2,0,90,92,7336,2,0,0,2,0
2020-08-01,US,Kansas,Gray,71,0,0,37.73836671,-100.4369088,20069.0,1185.7047428189712,0.0,71,71,0,0,71,71,6033,0,0,0,0,0
2020-08-01,US,Kansas,Greeley,3,0,0,38.4808095,-101.8061079,20071.0,243.50649350649346,0.0,3,3,0,0,3,3,1227,0,0,0,0,0
2020-08-01,US,Kansas,Greenwood,19,0,0,37.8774388,-96.23250453,20073.0,317.6195252423938,0.0,19,15,0,0,15,15,6055,4,0,0,4,0
2020-08-01,US,Kansas,Hamilton,37,0,0,37.99978709,-101.7921066,20075.0,1457.26664040961,0.0,37,37,0,0,37,36,2607,0,0,0,0,1
2020-08-01,US,Kansas,Harper,8,0,0,37.19175361,-98.07578384,20077.0,147.16703458425312,0.0,8,8,0,0,8,8,5506,0,0,0,0,0
2020-08-01,US,Kansas,Harvey,157,1,0,38.04293782,-97.42747573,20079.0,456.01092102587927,0.6369426751592356,156,157,1,0,156,147,34210,0,0,0,0,10
2020-08-01,US,Kansas,Haskell,44,0,0,37.562039399999996,-100.8710738,20081.0,1108.8709677419354,0.0,44,44,0,0,44,46,3997,0,0,0,0,-2
2020-08-01,US,Kansas,Hodgeman,11,0,0,38.08780079,-99.89829881,20083.0,613.1549609810479,0.0,11,11,0,0,11,11,1818,0,0,0,0,0
2020-08-01,US,Kansas,Jackson,144,1,0,39.41673394,-95.79356799,20085.0,1093.3110621820667,0.6944444444444444,143,144,1,0,143,142,13280,0,0,0,0,2
2020-08-01,US,Kansas,Jefferson,59,0,0,39.2347941,-95.38289232,20087.0,309.8251325946542,0.0,59,59,0,0,59,53,18975,0,0,0,0,6
2020-08-01,US,Kansas,Jewell,9,0,0,39.78470589,-98.21820662,20089.0,312.6085446335533,0.0,9,9,0,0,9,8,2841,0,0,0,0,1
2020-08-01,US,Kansas,Johnson,5014,98,0,38.88548175,-94.82250877,20091.0,832.335935697318,1.954527323494216,4916,4883,98,0,4785,4781,597555,131,0,0,131,102
2020-08-01,US,Kansas,Kearny,57,1,0,38.00017981,-101.32168100000001,20093.0,1485.148514851485,1.7543859649122806,56,57,1,0,56,54,3943,0,0,0,0,3
2020-08-01,US,Kansas,Kingman,9,0,0,37.55909527,-98.13638678,20095.0,125.83892617449663,0.0,9,9,0,0,9,8,7310,0,0,0,0,1
2020-08-01,US,Kansas,Kiowa,6,0,0,37.55848695,-99.2856537,20097.0,242.42424242424244,0.0,6,6,0,0,6,6,2516,0,0,0,0,0
2020-08-01,US,Kansas,Labette,107,0,0,37.19113093,-95.29849679,20099.0,545.4174737485981,0.0,107,107,0,0,107,107,19964,0,0,0,0,0
2020-08-01,US,Kansas,Lane,5,0,0,38.48119447,-100.46607540000001,20101.0,325.73289902280135,0.0,5,5,0,0,5,5,1560,0,0,0,0,0
2020-08-01,US,Kansas,Leavenworth,1392,8,0,39.20183497,-95.03620809,20103.0,1702.585679688838,0.5747126436781609,1384,1392,8,0,1384,1376,81352,0,0,0,0,16
2020-08-01,US,Kansas,Lincoln,6,0,0,39.04549684,-98.20756994,20105.0,202.56583389601624,0.0,6,6,0,0,6,6,3023,0,0,0,0,0
2020-08-01,US,Kansas,Linn,30,0,0,38.21267844,-94.84254089,20107.0,309.1827269916521,0.0,30,30,0,0,30,29,9750,0,0,0,0,1
2020-08-01,US,Kansas,Logan,2,0,0,38.91735806,-101.148475,20109.0,71.58196134574086,0.0,2,2,0,0,2,2,2844,0,0,0,0,0
2020-08-01,US,Kansas,Lyon,644,11,0,38.45576156,-96.15275715,20111.0,1940.051212532008,1.708074534161491,633,644,11,0,633,640,33406,0,0,0,0,4
2020-08-01,US,Kansas,Marion,42,1,0,38.35855394,-97.09852509999999,20115.0,353.4163581285763,2.380952380952381,41,48,1,0,47,48,11950,-6,0,0,-6,0
2020-08-01,US,Kansas,Marshall,9,0,0,39.78359669,-96.52278974,20117.0,92.71659627073248,0.0,9,9,0,0,9,9,9722,0,0,0,0,0
2020-08-01,US,Kansas,McPherson,129,1,0,38.39184858,-97.64769869,20113.0,451.96552449022494,0.7751937984496124,128,129,1,0,128,124,28537,0,0,0,0,5
2020-08-01,US,Kansas,Meade,39,0,0,37.23859987,-100.36483100000001,20119.0,967.0220679394992,0.0,39,39,0,0,39,36,4146,0,0,0,0,3
2020-08-01,US,Kansas,Miami,117,0,0,38.56383358,-94.83832189,20121.0,341.73554925957296,0.0,117,117,0,0,117,117,33680,0,0,0,0,0
2020-08-01,US,Kansas,Mitchell,27,0,0,39.39331582,-98.20906732,20123.0,451.58053186151534,0.0,27,27,0,0,27,27,6150,0,0,0,0,0
2020-08-01,US,Kansas,Montgomery,152,5,0,37.19236568,-95.74329258,20125.0,477.55191806214464,3.2894736842105265,147,152,5,0,147,145,32120,0,0,0,0,7
2020-08-01,US,Kansas,Morris,9,0,0,38.68827511,-96.65128437,20127.0,160.14234875444842,0.0,9,9,0,0,9,7,5521,0,0,0,0,2
2020-08-01,US,Kansas,Morton,9,2,0,37.19141121,-101.79925190000002,20129.0,347.89331271743333,22.222222222222218,7,9,2,0,7,9,2667,0,0,0,0,0
2020-08-01,US,Kansas,Nemaha,47,0,0,39.78345387,-96.01392079,20131.0,459.3881341022383,0.0,47,47,0,0,47,45,10155,0,0,0,0,2
2020-08-01,US,Kansas,Neosho,50,0,0,37.55862897,-95.30670046,20133.0,312.36334103829574,0.0,50,50,0,0,50,48,15951,0,0,0,0,2
2020-08-01,US,Kansas,Ness,5,0,0,38.47974157,-99.91547333,20135.0,181.8181818181818,0.0,5,5,0,0,5,5,2840,0,0,0,0,0
2020-08-01,US,Kansas,Norton,23,0,0,39.78443827,-99.90286639,20137.0,429.0244357396009,0.0,23,22,0,0,22,22,5430,1,0,0,1,0
2020-08-01,US,Kansas,Osage,38,0,0,38.65235984,-95.72707998,20139.0,238.25945200326044,0.0,38,38,0,0,38,37,15941,0,0,0,0,1
2020-08-01,US,Kansas,Osborne,4,0,0,39.3503437,-98.76753828,20141.0,116.92487576731949,0.0,4,4,0,0,4,3,3475,0,0,0,0,1
2020-08-01,US,Kansas,Ottawa,30,0,0,39.13237408,-97.65020313,20143.0,525.9467040673212,0.0,30,30,0,0,30,30,5802,0,0,0,0,0
2020-08-01,US,Kansas,Pawnee,7,0,0,38.18108732,-99.23692334,20145.0,109.13626442157779,0.0,7,7,0,0,7,7,6562,0,0,0,0,0
2020-08-01,US,Kansas,Phillips,47,8,0,39.78465501,-99.34668865,20147.0,897.9747802827666,17.02127659574468,39,47,8,0,39,44,5317,0,0,0,0,3
2020-08-01,US,Kansas,Pottawatomie,102,0,0,39.37925655,-96.34564657,20149.0,418.32424229996315,0.0,102,102,0,0,102,101,24277,0,0,0,0,1
2020-08-01,US,Kansas,Pratt,33,0,0,37.64780729,-98.73922153,20151.0,360.10475774770845,0.0,33,33,0,0,33,33,9378,0,0,0,0,0
2020-08-01,US,Kansas,Reno,219,1,0,37.95230263,-98.08607292,20155.0,353.23720120003867,0.45662100456620996,218,214,1,0,213,211,62342,5,0,0,5,3
2020-08-01,US,Kansas,Republic,27,0,0,39.82799632,-97.65036709,20157.0,582.3986194995688,0.0,27,27,0,0,27,25,4664,0,0,0,0,2
2020-08-01,US,Kansas,Rice,27,0,0,38.34616184,-98.19992118,20159.0,283.10789556464294,0.0,27,27,0,0,27,22,9531,0,0,0,0,5
2020-08-01,US,Kansas,Riley,449,5,0,39.28935726,-96.73420026,20161.0,604.8604375471493,1.11358574610245,444,449,5,0,444,445,73703,0,0,0,0,4
2020-08-01,US,Kansas,Rooks,15,0,0,39.35022773,-99.32484567,20163.0,304.8780487804878,0.0,15,15,0,0,15,14,5013,0,0,0,0,1
2020-08-01,US,Kansas,Rush,5,0,0,38.52275276,-99.30863983,20165.0,164.69038208168644,0.0,5,5,0,0,5,5,3093,0,0,0,0,0
2020-08-01,US,Kansas,Russell,10,0,0,38.91462787,-98.76254297,20167.0,145.85764294049008,0.0,10,10,0,0,10,9,6907,0,0,0,0,1
2020-08-01,US,Kansas,Saline,340,5,0,38.78369175,-97.65185177,20169.0,627.028622012393,1.4705882352941178,335,340,5,0,335,329,54401,0,0,0,0,11
2020-08-01,US,Kansas,Scott,28,0,0,38.48222076,-100.90665390000001,20171.0,580.5515239477504,0.0,28,28,0,0,28,28,4897,0,0,0,0,0
2020-08-01,US,Kansas,Sedgwick,4158,39,0,37.6842718,-97.4608198,20173.0,805.7483693187762,0.9379509379509381,4119,4072,39,0,4033,3962,513607,86,0,0,86,110
2020-08-01,US,Kansas,Seward,1188,4,0,37.19324632,-100.85072009999999,20175.0,5544.147843942506,0.3367003367003367,1184,1188,4,0,1184,1169,21780,0,0,0,0,19
2020-08-01,US,Kansas,Shawnee,1389,19,0,39.04100763,-95.75572640000001,20177.0,785.3003533568906,1.3678905687544995,1370,1389,19,0,1370,1379,177499,0,0,0,0,10
2020-08-01,US,Kansas,Sheridan,7,0,0,39.35018161,-100.44182590000001,20179.0,277.66759222530743,0.0,7,7,0,0,7,7,2533,0,0,0,0,0
2020-08-01,US,Kansas,Sherman,14,0,0,39.35147699,-101.71976240000001,20181.0,236.60638837248607,0.0,14,14,0,0,14,14,5899,0,0,0,0,0
2020-08-01,US,Kansas,Smith,3,0,0,39.78516566,-98.78566062,20183.0,83.72871895060004,0.0,3,3,0,0,3,3,3603,0,0,0,0,0
2020-08-01,US,Kansas,Stafford,3,0,0,38.03100851,-98.71762001,20185.0,72.18479307025987,0.0,3,3,0,0,3,3,4178,0,0,0,0,0
2020-08-01,US,Kansas,Stanton,16,1,0,37.56304714,-101.78435340000001,20187.0,797.6071784646061,6.25,15,16,1,0,15,16,1987,0,0,0,0,0
2020-08-01,US,Kansas,Stevens,43,0,0,37.1923008,-101.3118967,20189.0,783.9562443026434,0.0,43,43,0,0,43,43,5559,0,0,0,0,0
2020-08-01,US,Kansas,Sumner,97,3,0,37.23682549,-97.47721621,20191.0,424.7679103170433,3.0927835051546397,94,97,3,0,94,92,22996,0,0,0,0,5
2020-08-01,US,Kansas,Thomas,32,0,0,39.35107575,-101.0553705,20193.0,411.46971840041147,0.0,32,32,0,0,32,32,7711,0,0,0,0,0
2020-08-01,US,Kansas,Trego,5,1,0,38.91467218,-99.87284448,20195.0,178.38030681412772,20.0,4,5,1,0,4,5,2793,0,0,0,0,0
2020-08-01,US,Kansas,Unassigned,0,1,0,0.0,0.0,90020.0,0.0,0.0,-1,0,1,0,-1,0,,0,0,0,0,0
2020-08-01,US,Kansas,Wabaunsee,39,0,0,38.95471985,-96.20350509,20197.0,562.6893666137644,0.0,39,39,0,0,39,40,6899,0,0,0,0,-1
2020-08-01,US,Kansas,Washington,2,0,0,39.78420784,-97.08753229999999,20201.0,36.99593044765076,0.0,2,2,0,0,2,2,5420,0,0,0,0,0
2020-08-01,US,Kansas,Wichita,3,0,0,38.48178252,-101.3471509,20203.0,141.57621519584708,0.0,3,3,0,0,3,3,2105,0,0,0,0,0
2020-08-01,US,Kansas,Wilson,8,0,0,37.55937174,-95.74323255,20205.0,93.84164222873899,0.0,8,8,0,0,8,8,8665,0,0,0,0,0
2020-08-01,US,Kansas,Woodson,11,0,0,37.8865336,-95.74006277,20207.0,350.54174633524536,0.0,11,11,0,0,11,11,3183,0,0,0,0,0
2020-08-01,US,Kansas,Wyandotte,4373,95,0,39.11727348,-94.76378225,20209.0,2643.4301120118,2.172421678481592,4278,4373,95,0,4278,4325,165324,0,0,0,0,48
2020-08-01,US,Kentucky,Adair,201,19,0,37.10459774,-85.28129668,21001.0,1046.765961878971,9.452736318407961,182,201,19,0,182,197,19215,0,0,0,0,4
2020-08-01,US,Kentucky,Allen,217,8,0,36.75197631,-86.19457544,21003.0,1018.0623973727423,3.6866359447004617,209,216,8,0,208,215,21122,1,0,0,1,1
2020-08-01,US,Kentucky,Anderson,74,1,0,38.00671029,-84.99171713,21005.0,325.31762430210586,1.351351351351351,73,72,1,0,71,67,22663,2,0,0,2,5
2020-08-01,US,Kentucky,Ballard,30,0,0,37.05842757,-88.99427697,21007.0,380.3245436105477,0.0,30,30,0,0,30,30,7979,0,0,0,0,0
2020-08-01,US,Kentucky,Barren,324,2,0,36.96469836,-85.93338945,21009.0,732.2199371737213,0.6172839506172839,322,315,2,0,313,302,44176,9,0,0,9,13
2020-08-01,US,Kentucky,Bath,34,1,0,38.14735938,-83.74588932,21011.0,272.0,2.9411764705882355,33,32,1,0,31,32,12383,2,0,0,2,0
2020-08-01,US,Kentucky,Bell,270,2,0,36.73355174,-83.67766671,21013.0,1037.1850030731407,0.7407407407407407,268,267,2,0,265,262,26569,3,0,0,3,5
2020-08-01,US,Kentucky,Boone,1006,24,0,38.97065142,-84.72615357,21015.0,753.1011146794829,2.3856858846918487,982,984,24,0,960,965,131533,22,0,0,22,19
2020-08-01,US,Kentucky,Bourbon,69,1,0,38.2054607,-84.21827874,21017.0,348.6961795027289,1.4492753623188406,68,68,1,0,67,66,20184,1,0,0,1,2
2020-08-01,US,Kentucky,Boyd,166,3,0,38.36176608,-82.68652187,21019.0,355.32342994135024,1.8072289156626504,163,165,3,0,162,164,47240,1,0,0,1,1
2020-08-01,US,Kentucky,Boyle,131,0,0,37.62680923,-84.8633779,21021.0,435.7950765136394,0.0,131,129,0,0,129,125,30100,2,0,0,2,4
2020-08-01,US,Kentucky,Bracken,29,0,0,38.69158994,-84.08532444,21023.0,349.27134770564857,0.0,29,29,0,0,29,28,8239,0,0,0,0,1
2020-08-01,US,Kentucky,Breathitt,25,0,0,37.52333168,-83.31959161,21025.0,197.94140934283456,0.0,25,24,0,0,24,24,12726,1,0,0,1,0
2020-08-01,US,Kentucky,Breckinridge,51,2,0,37.77377239,-86.42885017,21027.0,249.05992088684863,3.92156862745098,49,49,2,0,47,48,20388,2,0,0,2,1
2020-08-01,US,Kentucky,Bullitt,311,4,0,37.97162523,-85.68955617,21029.0,380.7728096380822,1.2861736334405145,307,300,4,0,296,284,81069,11,0,0,11,16
2020-08-01,US,Kentucky,Butler,291,15,0,37.20946153,-86.68748787,21031.0,2259.492196599115,5.154639175257731,276,291,15,0,276,290,12772,0,0,0,0,1
2020-08-01,US,Kentucky,Caldwell,49,0,0,37.14749129,-87.86948214,21033.0,384.40417353102686,0.0,49,45,0,0,45,45,12715,4,0,0,4,0
2020-08-01,US,Kentucky,Calloway,178,2,0,36.62093411,-88.2731593,21035.0,456.3985538832338,1.1235955056179776,176,175,2,0,173,166,39135,3,0,0,3,9
2020-08-01,US,Kentucky,Campbell,517,13,0,38.94384345,-84.37875208,21037.0,552.4448623696359,2.514506769825919,504,494,13,0,481,483,93152,23,0,0,23,11
2020-08-01,US,Kentucky,Carlisle,26,1,0,36.85372876,-88.96692220000001,21039.0,546.218487394958,3.8461538461538463,25,22,1,0,21,18,4771,4,0,0,4,4
2020-08-01,US,Kentucky,Carroll,140,2,0,38.66599534,-85.12601074,21041.0,1316.9033957294705,1.4285714285714286,138,140,2,0,138,138,10737,0,0,0,0,2
2020-08-01,US,Kentucky,Carter,95,1,0,38.31690743,-83.05092385,21043.0,354.51729671231857,1.0526315789473684,94,94,1,0,93,91,27004,1,0,0,1,3
2020-08-01,US,Kentucky,Casey,149,10,0,37.32533118,-84.92726209,21045.0,922.0867627947273,6.711409395973154,139,148,10,0,138,144,15888,1,0,0,1,4
2020-08-01,US,Kentucky,Christian,472,6,0,36.89267803,-87.49055367,21047.0,669.8741147585189,1.2711864406779658,466,470,6,0,464,469,71671,2,0,0,2,1
2020-08-01,US,Kentucky,Clark,152,7,0,37.9689263,-84.14615986,21049.0,419.1600253702121,4.605263157894737,145,148,7,0,141,143,36249,4,0,0,4,5
2020-08-01,US,Kentucky,Clay,142,5,0,37.16451126,-83.712575,21051.0,713.5319833174212,3.5211267605633805,137,142,5,0,137,141,20105,0,0,0,0,1
2020-08-01,US,Kentucky,Clinton,23,0,0,36.72581156,-85.13377529,21053.0,225.09297318457627,0.0,23,23,0,0,23,22,10206,0,0,0,0,1
2020-08-01,US,Kentucky,Crittenden,26,1,0,37.35839237,-88.08826090000002,21055.0,295.25323642970704,3.8461538461538463,25,26,1,0,25,23,8915,0,0,0,0,3
2020-08-01,US,Kentucky,Cumberland,37,0,0,36.78926125,-85.39050034,21057.0,559.4194133655882,0.0,37,33,0,0,33,32,6659,4,0,0,4,1
2020-08-01,US,Kentucky,Daviess,699,7,0,37.73028906,-87.09019479999998,21059.0,688.5953246446197,1.0014306151645207,692,689,7,0,682,685,101104,10,0,0,10,4
2020-08-01,US,Kentucky,Edmonson,91,12,0,37.21218923,-86.23955613,21061.0,748.9711934156378,13.186813186813184,79,89,12,0,77,89,12274,2,0,0,2,0
2020-08-01,US,Kentucky,Elliott,7,0,0,38.11624059,-83.09771563,21063.0,93.1222562192364,0.0,7,7,0,0,7,7,7508,0,0,0,0,0
2020-08-01,US,Kentucky,Estill,12,0,0,37.69241417,-83.95956369,21065.0,85.07018290089323,0.0,12,12,0,0,12,11,14198,0,0,0,0,1
2020-08-01,US,Kentucky,Fayette,2697,46,0,38.0368225,-84.45576892,21067.0,834.5917710551073,1.7055988134964777,2651,2654,46,0,2608,2604,323780,43,0,0,43,50
2020-08-01,US,Kentucky,Fleming,54,0,0,38.36758311,-83.69657514,21069.0,370.3449694808312,0.0,54,53,0,0,53,49,14432,1,0,0,1,4
2020-08-01,US,Kentucky,Floyd,81,1,0,37.56213922,-82.74750924,21071.0,227.59841524066425,1.2345679012345678,80,80,1,0,79,78,35845,1,0,0,1,2
2020-08-01,US,Kentucky,Franklin,250,5,0,38.2379395,-84.87962551,21073.0,490.28259889000014,2.0,245,245,5,0,240,238,50815,5,0,0,5,7
2020-08-01,US,Kentucky,Fulton,56,1,0,36.55238827,-89.20140068,21075.0,938.1805997654548,1.7857142857142858,55,49,1,0,48,47,6120,7,0,0,7,2
2020-08-01,US,Kentucky,Gallatin,79,8,0,38.75398691,-84.8558382,21077.0,890.7430375465103,10.126582278481012,71,77,8,0,69,77,8832,2,0,0,2,0
2020-08-01,US,Kentucky,Garrard,67,0,0,37.6388668,-84.53289319,21079.0,379.25959470168686,0.0,67,67,0,0,67,67,17560,0,0,0,0,0
2020-08-01,US,Kentucky,Grant,97,5,0,38.64962758,-84.62415957,21081.0,386.9320674937173,5.154639175257731,92,93,5,0,88,90,25121,4,0,0,4,3
2020-08-01,US,Kentucky,Graves,501,22,0,36.72292505,-88.65143315,21083.0,1344.3889872806312,4.391217564870258,479,494,22,0,472,471,37317,7,0,0,7,23
2020-08-01,US,Kentucky,Grayson,176,11,0,37.46231118,-86.34248968,21085.0,665.9855450864646,6.25,165,175,11,0,164,171,26321,1,0,0,1,4
2020-08-01,US,Kentucky,Green,30,2,0,37.26484328,-85.5540745,21087.0,274.197970935015,6.666666666666668,28,29,2,0,27,28,11049,1,0,0,1,1
2020-08-01,US,Kentucky,Greenup,88,1,0,38.54332505,-82.9215658,21089.0,250.7265371246225,1.1363636363636365,87,88,1,0,87,80,35268,0,0,0,0,8
2020-08-01,US,Kentucky,Hancock,45,0,0,37.83766422,-86.78280584,21091.0,515.936711763357,0.0,45,43,0,0,43,43,8758,2,0,0,2,0
2020-08-01,US,Kentucky,Hardin,517,8,0,37.6976111,-85.96319251,21093.0,465.9420681699382,1.5473887814313343,509,511,8,0,503,495,110356,6,0,0,6,16
2020-08-01,US,Kentucky,Harlan,198,3,0,36.85699301,-83.21899516,21095.0,761.2456747404843,1.5151515151515151,195,193,3,0,190,178,26409,5,0,0,5,15
2020-08-01,US,Kentucky,Harrison,115,0,0,38.44188174,-84.32869741,21097.0,608.9166578417877,0.0,115,113,0,0,113,113,18778,2,0,0,2,0
2020-08-01,US,Kentucky,Hart,77,0,0,37.29943898,-85.88461055,21099.0,404.51799317047545,0.0,77,76,0,0,76,73,18906,1,0,0,1,3
2020-08-01,US,Kentucky,Henderson,319,4,0,37.79344553,-87.57392021,21101.0,705.5961070559607,1.2539184952978055,315,314,4,0,310,310,45591,5,0,0,5,4
2020-08-01,US,Kentucky,Henry,89,2,0,38.44942688,-85.11587507,21103.0,551.9037579064865,2.247191011235955,87,88,2,0,86,87,16106,1,0,0,1,1
2020-08-01,US,Kentucky,Hickman,33,0,0,36.67948079999999,-88.97875928,21105.0,753.4246575342465,0.0,33,33,0,0,33,24,4421,0,0,0,0,9
2020-08-01,US,Kentucky,Hopkins,403,33,0,37.30939025,-87.54670406,21107.0,901.8484536543884,8.188585607940446,370,396,33,0,363,390,45068,7,0,0,7,6
2020-08-01,US,Kentucky,Jackson,140,14,0,37.41866422,-83.99825483,21109.0,1050.3413609423062,10.0,126,140,14,0,126,137,13442,0,0,0,0,3
2020-08-01,US,Kentucky,Jefferson,7040,233,0,38.18664655,-85.65931031,21111.0,918.1526872268528,3.3096590909090913,6807,6888,232,0,6656,6687,770517,152,1,0,151,201
2020-08-01,US,Kentucky,Jessamine,278,0,0,37.87119786,-84.58252003,21113.0,513.7207798207521,0.0,278,264,0,0,264,258,53920,14,0,0,14,6
2020-08-01,US,Kentucky,Johnson,37,0,0,37.85106355,-82.8264322,21115.0,166.75680548043988,0.0,37,32,0,0,32,29,22386,5,0,0,5,3
2020-08-01,US,Kentucky,Kenton,1297,37,0,38.93950319,-84.53241199,21117.0,776.6560078563815,2.8527370855821124,1260,1269,37,0,1232,1252,166051,28,0,0,28,17
2020-08-01,US,Kentucky,Knott,40,1,0,37.35388197,-82.94981134,21119.0,270.160745643658,2.5,39,38,1,0,37,34,15126,2,0,0,2,4
2020-08-01,US,Kentucky,Knox,200,8,0,36.89225732,-83.85403396,21121.0,642.1576497030021,4.0,192,194,8,0,186,188,31304,6,0,0,6,6
2020-08-01,US,Kentucky,Larue,47,1,0,37.54567114,-85.70138352,21123.0,326.43422697596884,2.127659574468085,46,46,1,0,45,45,14307,1,0,0,1,1
2020-08-01,US,Kentucky,Laurel,373,4,0,37.10975748,-84.11321779,21125.0,613.3556969726868,1.0723860589812333,369,367,4,0,363,361,60669,6,0,0,6,6
2020-08-01,US,Kentucky,Lawrence,33,0,0,38.07136018,-82.72882223,21127.0,215.44688907749557,0.0,33,32,0,0,32,32,15571,1,0,0,1,0
2020-08-01,US,Kentucky,Lee,3,0,0,37.59645942,-83.71513901,21129.0,40.52411184654871,0.0,3,3,0,0,3,3,7033,0,0,0,0,0
2020-08-01,US,Kentucky,Leslie,26,0,0,37.09246661,-83.37999606,21131.0,263.23782525058215,0.0,26,25,0,0,25,23,10143,1,0,0,1,2
2020-08-01,US,Kentucky,Letcher,49,0,0,37.12306748,-82.85346474,21133.0,227.3465410847677,0.0,49,46,0,0,46,45,21899,3,0,0,3,1
2020-08-01,US,Kentucky,Lewis,33,0,0,38.53184419,-83.37735618,21135.0,248.5875706214689,0.0,33,33,0,0,33,31,13257,0,0,0,0,2
2020-08-01,US,Kentucky,Lincoln,98,1,0,37.45475628,-84.6565327,21137.0,399.20159680638716,1.020408163265306,97,96,1,0,95,92,24644,2,0,0,2,4
2020-08-01,US,Kentucky,Livingston,32,1,0,37.21137452,-88.34797529,21139.0,348.0530780944094,3.125,31,32,1,0,31,32,9242,0,0,0,0,0
2020-08-01,US,Kentucky,Logan,300,22,0,36.85949479,-86.877635,21141.0,1106.9293779056898,7.333333333333332,278,297,22,0,275,297,26989,3,0,0,3,0
2020-08-01,US,Kentucky,Lyon,30,4,0,37.02080035,-88.07886257,21143.0,365.4080389768576,13.333333333333336,26,29,4,0,25,29,8009,1,0,0,1,0
2020-08-01,US,Kentucky,Madison,380,1,0,37.71659336,-84.27220275,21151.0,408.6592749524127,0.2631578947368421,379,370,1,0,369,344,92368,10,0,0,10,26
2020-08-01,US,Kentucky,Magoffin,19,0,0,37.70820545,-83.0657714,21153.0,156.237151550037,0.0,19,18,0,0,18,16,12362,1,0,0,1,2
2020-08-01,US,Kentucky,Marion,102,0,0,37.55218078,-85.26898542,21155.0,529.2377938048046,0.0,102,101,0,0,101,97,19404,1,0,0,1,4
2020-08-01,US,Kentucky,Marshall,124,2,0,36.88007070000001,-88.32803576,21157.0,398.71382636655954,1.6129032258064515,122,120,2,0,118,115,31191,4,0,0,4,5
2020-08-01,US,Kentucky,Martin,29,0,0,37.79990579,-82.51247478,21159.0,259.04421616793206,0.0,29,29,0,0,29,29,11323,0,0,0,0,0
2020-08-01,US,Kentucky,Mason,53,1,0,38.59471935,-83.82151043,21161.0,310.48623315758635,1.8867924528301887,52,52,1,0,51,48,17150,1,0,0,1,4
2020-08-01,US,Kentucky,McCracken,328,4,0,37.05350953,-88.70445755,21145.0,501.3910544498457,1.2195121951219512,324,325,4,0,321,313,65346,3,0,0,3,12
2020-08-01,US,Kentucky,McCreary,35,0,0,36.73874143,-84.48102924,21147.0,203.12227961232662,0.0,35,33,0,0,33,28,17408,2,0,0,2,5
2020-08-01,US,Kentucky,McLean,38,1,0,37.5301951,-87.26803443,21149.0,412.7294449875095,2.631578947368421,37,38,1,0,37,38,9252,0,0,0,0,0
2020-08-01,US,Kentucky,Meade,82,2,0,37.96163597,-86.21028219,21163.0,286.99426011479767,2.4390243902439024,80,81,2,0,79,78,28715,1,0,0,1,3
2020-08-01,US,Kentucky,Menifee,29,0,0,37.94090733,-83.59985712,21165.0,446.9101556480197,0.0,29,29,0,0,29,28,6451,0,0,0,0,1
2020-08-01,US,Kentucky,Mercer,73,0,0,37.81474237,-84.87488475,21167.0,332.8318059544978,0.0,73,70,0,0,70,51,21774,3,0,0,3,19
2020-08-01,US,Kentucky,Metcalfe,50,2,0,36.99459295,-85.63123699,21169.0,496.4750273061265,4.0,48,46,2,0,44,42,10030,4,0,0,4,4
2020-08-01,US,Kentucky,Monroe,88,2,0,36.71225341,-85.71596443,21171.0,826.2910798122066,2.272727272727273,86,87,2,0,85,86,10718,1,0,0,1,1
2020-08-01,US,Kentucky,Montgomery,110,0,0,38.03253032,-83.9145241,21173.0,390.66661931313706,0.0,110,110,0,0,110,104,28203,0,0,0,0,6
2020-08-01,US,Kentucky,Morgan,28,0,0,37.92465657,-83.25558245,21175.0,210.3839507100459,0.0,28,28,0,0,28,28,13345,0,0,0,0,0
2020-08-01,US,Kentucky,Muhlenberg,610,9,0,37.21425819,-87.14632053,21177.0,1992.03187250996,1.475409836065574,601,609,9,0,600,607,30774,1,0,0,1,2
2020-08-01,US,Kentucky,Nelson,187,2,0,37.80335779,-85.4657193,21179.0,404.4729954794194,1.0695187165775402,185,186,2,0,184,181,45851,1,0,0,1,5
2020-08-01,US,Kentucky,Nicholas,20,0,0,38.33342292,-84.01889177,21181.0,275.14100976750586,0.0,20,20,0,0,20,20,7166,0,0,0,0,0
2020-08-01,US,Kentucky,Ohio,339,6,0,37.47751843,-86.85368087,21183.0,1412.8532133033261,1.7699115044247788,333,339,6,0,333,336,24087,0,0,0,0,3
2020-08-01,US,Kentucky,Oldham,546,13,0,38.39791089,-85.448222,21185.0,817.3775056512821,2.380952380952381,533,542,10,0,532,530,66470,4,3,0,1,12
2020-08-01,US,Kentucky,Owen,42,0,0,38.51679143,-84.82404619,21187.0,385.28575360058716,0.0,42,42,0,0,42,42,10880,0,0,0,0,0
2020-08-01,US,Kentucky,Owsley,9,0,0,37.42823949,-83.68811419,21189.0,203.85050962627412,0.0,9,9,0,0,9,9,4472,0,0,0,0,0
2020-08-01,US,Kentucky,Pendleton,36,0,0,38.69607718,-84.35599463,21191.0,246.74434544208358,0.0,36,34,0,0,34,33,14529,2,0,0,2,1
2020-08-01,US,Kentucky,Perry,184,3,0,37.25023553,-83.22922731,21193.0,714.3411755571085,1.6304347826086956,181,177,3,0,174,170,26092,7,0,0,7,7
2020-08-01,US,Kentucky,Pike,219,3,0,37.47088263,-82.39487445,21195.0,378.39518971594435,1.3698630136986298,216,212,3,0,209,211,58402,7,0,0,7,1
2020-08-01,US,Kentucky,Powell,44,0,0,37.83218794,-83.82553961,21197.0,356.0158588882597,0.0,44,42,0,0,42,41,12442,2,0,0,2,1
2020-08-01,US,Kentucky,Pulaski,239,2,0,37.10466131,-84.57629079,21199.0,367.8111389833638,0.8368200836820083,237,236,2,0,234,222,64623,3,0,0,3,14
2020-08-01,US,Kentucky,Robertson,3,0,0,38.51923469,-84.05055616,21201.0,142.31499051233396,0.0,3,3,0,0,3,3,2135,0,0,0,0,0
2020-08-01,US,Kentucky,Rockcastle,60,0,0,37.36642393,-84.31176452,21203.0,359.3890386343216,0.0,60,60,0,0,60,56,16750,0,0,0,0,4
2020-08-01,US,Kentucky,Rowan,68,0,0,38.19484205,-83.42088935,21205.0,278.0049059689289,0.0,68,67,0,0,67,67,24583,1,0,0,1,0
2020-08-01,US,Kentucky,Russell,95,5,0,36.99308373,-85.06070117,21207.0,530.04519332701,5.2631578947368425,90,95,5,0,90,93,17821,0,0,0,0,2
2020-08-01,US,Kentucky,Scott,318,0,0,38.29622293,-84.5816631,21209.0,557.855589081468,0.0,318,311,0,0,311,298,56031,7,0,0,7,13
2020-08-01,US,Kentucky,Shelby,703,22,0,38.21476019,-85.194223,21211.0,1433.9915143603132,3.1294452347083928,681,699,22,0,677,688,48518,4,0,0,4,11
2020-08-01,US,Kentucky,Simpson,138,7,0,36.74058474,-86.58047435,21213.0,743.0540598750807,5.0724637681159415,131,136,6,0,130,134,18529,2,1,0,1,2
2020-08-01,US,Kentucky,Spencer,96,0,0,38.03223971,-85.32749335,21215.0,496.0983928479149,0.0,96,94,0,0,94,87,18794,2,0,0,2,7
2020-08-01,US,Kentucky,Taylor,100,2,0,37.3677562,-85.3329931,21217.0,388.06317668516436,2.0,98,100,2,0,98,95,25549,0,0,0,0,5
2020-08-01,US,Kentucky,Todd,33,0,0,36.8381152,-87.17878374,21219.0,268.4236212786725,0.0,33,31,0,0,31,31,12311,2,0,0,2,0
2020-08-01,US,Kentucky,Trigg,48,0,0,36.80767017,-87.87333656,21221.0,327.62268787113516,0.0,48,48,0,0,48,48,14643,0,0,0,0,0
2020-08-01,US,Kentucky,Trimble,32,0,0,38.61056487,-85.33775972,21223.0,377.7594144729076,0.0,32,32,0,0,32,32,8515,0,0,0,0,0
2020-08-01,US,Kentucky,Union,53,0,0,37.66166713,-87.94300009,21225.0,368.54182602044375,0.0,53,53,0,0,53,52,14505,0,0,0,0,1
2020-08-01,US,Kentucky,Warren,2404,22,0,36.99903045,-86.42672751,21227.0,1808.9333012280279,0.9151414309484192,2382,2372,22,0,2350,2327,131264,32,0,0,32,45
2020-08-01,US,Kentucky,Washington,59,0,0,37.75599461,-85.17407732,21229.0,487.8048780487805,0.0,59,55,0,0,55,54,12084,4,0,0,4,1
2020-08-01,US,Kentucky,Wayne,50,0,0,36.80310688,-84.8251971,21231.0,245.90567058476367,0.0,50,50,0,0,50,54,20468,0,0,0,0,-4
2020-08-01,US,Kentucky,Webster,79,1,0,37.52168356,-87.67989953,21233.0,610.4157008190388,1.2658227848101269,78,79,1,0,78,77,13111,0,0,0,0,2
2020-08-01,US,Kentucky,Whitley,133,1,0,36.75700531,-84.14541217,21235.0,366.7549084491506,0.7518796992481203,132,114,1,0,113,112,36242,19,0,0,19,2
2020-08-01,US,Kentucky,Wolfe,9,0,0,37.73941626,-83.49303612,21237.0,125.75101299427135,0.0,9,9,0,0,9,9,7177,0,0,0,0,0
2020-08-01,US,Kentucky,Woodford,127,0,0,38.04178222,-84.7417556,21239.0,475.05049749382806,0.0,127,127,0,0,127,127,26533,0,0,0,0,0
2020-08-01,US,Louisiana,Acadia,2331,71,0,30.2950649,-92.41419698,22001.0,3756.950600370699,3.0459030459030463,2260,2331,71,0,2260,2299,62190,0,0,0,0,32
2020-08-01,US,Louisiana,Allen,1036,19,0,30.65385745,-92.82442028,22003.0,4042.611308385687,1.833976833976834,1017,1036,19,0,1017,1029,25605,0,0,0,0,7
2020-08-01,US,Louisiana,Ascension,2458,68,0,30.20406249,-90.91328409999998,22005.0,1941.4868408581087,2.7664768104149715,2390,2458,68,0,2390,2444,124672,0,0,0,0,14
2020-08-01,US,Louisiana,Assumption,537,19,0,29.89946234,-91.06461642,22007.0,2453.062902562697,3.538175046554935,518,537,19,0,518,531,22300,0,0,0,0,6
2020-08-01,US,Louisiana,Avoyelles,907,26,0,31.07796211,-92.00079449,22009.0,2259.3662813870073,2.8665931642778393,881,907,26,0,881,895,40462,0,0,0,0,12
2020-08-01,US,Louisiana,Beauregard,743,14,0,30.64836518,-93.34173616,22011.0,1981.491852681548,1.8842530282637957,729,743,14,0,729,697,37253,0,0,0,0,46
2020-08-01,US,Louisiana,Bienville,348,30,0,32.34569994,-93.05398492,22013.0,2628.200286987388,8.620689655172415,318,348,30,0,318,348,13308,0,0,0,0,0
2020-08-01,US,Louisiana,Bossier,2054,67,0,32.67932307,-93.60460152,22015.0,1616.8263289226145,3.2619279454722494,1987,2054,67,0,1987,2017,127185,0,0,0,0,37
2020-08-01,US,Louisiana,Caddo,6144,277,0,32.57991587,-93.88375652,22017.0,2557.825848029175,4.508463541666667,5867,6144,277,0,5867,6007,242922,0,0,0,0,137
2020-08-01,US,Louisiana,Calcasieu,6278,121,0,30.22931235,-93.35400434,22019.0,3085.9828152342748,1.9273654029945844,6157,6278,121,0,6157,5913,203112,0,0,0,0,365
2020-08-01,US,Louisiana,Caldwell,190,1,0,32.0902519,-92.11752148,22021.0,1915.7088122605364,0.5263157894736842,189,190,1,0,189,186,9960,0,0,0,0,4
2020-08-01,US,Louisiana,Cameron,164,0,0,29.87592238,-93.19310676,22023.0,2351.928868492758,0.0,164,164,0,0,164,158,6968,0,0,0,0,6
2020-08-01,US,Louisiana,Catahoula,249,4,0,31.66778967,-91.84526385,22025.0,2622.70907941858,1.606425702811245,245,249,4,0,245,249,9608,0,0,0,0,0
2020-08-01,US,Louisiana,Claiborne,216,11,0,32.82308512,-92.99526883,22027.0,1378.4301212507978,5.092592592592593,205,216,11,0,205,214,15944,0,0,0,0,2
2020-08-01,US,Louisiana,Concordia,261,7,0,31.44817835,-91.63814433,22029.0,1355.2105509112625,2.681992337164751,254,261,7,0,254,250,19572,0,0,0,0,11
2020-08-01,US,Louisiana,De Soto,633,24,0,32.05457447,-93.74130302,22031.0,2304.919346029203,3.791469194312796,609,633,24,0,609,623,27436,0,0,0,0,10
2020-08-01,US,Louisiana,East Baton Rouge,10690,326,0,30.53842039,-91.09777565,22033.0,2429.219718265051,3.0495790458372314,10364,10690,326,0,10364,10576,440956,0,0,0,0,114
2020-08-01,US,Louisiana,East Carroll,493,1,0,32.73926954,-91.23425694,22035.0,7185.5414662585645,0.2028397565922921,492,493,1,0,492,492,7037,0,0,0,0,1
2020-08-01,US,Louisiana,East Feliciana,490,35,0,30.84425359,-91.04976723,22037.0,2560.7525476874835,7.142857142857142,455,490,35,0,455,486,19305,0,0,0,0,4
2020-08-01,US,Louisiana,Evangeline,699,2,0,30.72985248,-92.39915924,22039.0,2093.1277137295997,0.2861230329041488,697,699,2,0,697,686,33443,0,0,0,0,13
2020-08-01,US,Louisiana,Franklin,785,16,0,32.13675181,-91.67589857,22041.0,3922.0584561578817,2.0382165605095537,769,785,16,0,769,759,20156,0,0,0,0,26
2020-08-01,US,Louisiana,Grant,270,8,0,31.59882456,-92.56124347,22043.0,1205.9493501272946,2.962962962962963,262,270,8,0,262,266,22482,0,0,0,0,4
2020-08-01,US,Louisiana,Iberia,2160,62,0,29.86803617,-91.75871777,22045.0,3093.2264069884004,2.8703703703703702,2098,2160,62,0,2098,2126,70941,0,0,0,0,34
2020-08-01,US,Louisiana,Iberville,1100,47,0,30.25734305,-91.3499598,22047.0,3383.4702100827412,4.2727272727272725,1053,1100,47,0,1053,1083,32721,0,0,0,0,17
2020-08-01,US,Louisiana,Jackson,349,18,0,32.30251776,-92.55692092,22049.0,2216.7174796747972,5.1575931232091685,331,349,18,0,331,347,15902,0,0,0,0,2
2020-08-01,US,Louisiana,Jefferson,14155,513,0,29.74075478,-90.11115756,22051.0,3272.885341496857,3.624161073825504,13642,14155,513,0,13642,14026,434051,0,0,0,0,129
2020-08-01,US,Louisiana,Jefferson Davis,944,24,0,30.26896765,-92.81210004,22053.0,3009.4363682734,2.5423728813559316,920,944,24,0,920,934,31582,0,0,0,0,10
2020-08-01,US,Louisiana,LaSalle,219,2,0,31.67884782,-92.15907765,22059.0,1470.588235294117,0.9132420091324199,217,219,2,0,217,213,14917,0,0,0,0,6
2020-08-01,US,Louisiana,Lafayette,6155,84,0,30.2049055,-92.06959876,22055.0,2518.5154875404073,1.3647441104792852,6071,6155,84,0,6071,6096,242782,0,0,0,0,59
2020-08-01,US,Louisiana,Lafourche,2516,96,0,29.52470226,-90.40976986,22057.0,2577.499129223267,3.8155802861685215,2420,2516,96,0,2420,2468,98115,0,0,0,0,48
2020-08-01,US,Louisiana,Lincoln,695,23,0,32.6003154,-92.6659741,22061.0,1486.8854563347738,3.309352517985612,672,695,23,0,672,672,47196,0,0,0,0,23
2020-08-01,US,Louisiana,Livingston,2561,48,0,30.44143993,-90.73061664,22063.0,1819.0341574981,1.87426786411558,2513,2561,48,0,2513,2521,139567,0,0,0,0,40
2020-08-01,US,Louisiana,Madison,551,6,0,32.36918118,-91.23973355,22065.0,5031.503972239978,1.088929219600726,545,551,6,0,545,536,11161,0,0,0,0,15
2020-08-01,US,Louisiana,Morehouse,428,11,0,32.81686191,-91.80421614,22067.0,1720.6721878266462,2.5700934579439254,417,428,11,0,417,422,25398,0,0,0,0,6
2020-08-01,US,Louisiana,Natchitoches,662,17,0,31.72321584,-93.09816516,22069.0,1734.8917658158184,2.5679758308157097,645,662,17,0,645,654,38659,0,0,0,0,8
2020-08-01,US,Louisiana,Orleans,10255,560,0,30.06971951,-89.92660315,22071.0,2628.516650262467,5.460750853242321,9695,10255,560,0,9695,10204,391006,0,0,0,0,51
2020-08-01,US,Louisiana,Ouachita,4372,105,0,32.47645559,-92.15704172,22073.0,2852.315059466724,2.4016468435498632,4267,4372,105,0,4267,4304,154475,0,0,0,0,68
2020-08-01,US,Louisiana,Plaquemines,420,19,0,29.42245447,-89.60322085,22075.0,1810.578954175109,4.523809523809524,401,420,19,0,401,419,23410,0,0,0,0,1
2020-08-01,US,Louisiana,Pointe Coupee,706,32,0,30.71409502,-91.60209535,22077.0,3248.964565117349,4.53257790368272,674,706,32,0,674,683,21940,0,0,0,0,23
2020-08-01,US,Louisiana,Rapides,2945,102,0,31.19778499,-92.52997303,22079.0,2271.535233864001,3.4634974533106964,2843,2945,102,0,2843,2901,130562,0,0,0,0,44
2020-08-01,US,Louisiana,Red River,179,10,0,32.09530039,-93.34213308,22081.0,2120.3506278133145,5.58659217877095,169,179,10,0,169,171,8477,0,0,0,0,8
2020-08-01,US,Louisiana,Richland,513,6,0,32.41391005,-91.76634876,22083.0,2549.448364973661,1.1695906432748535,507,513,6,0,507,500,20192,0,0,0,0,13
2020-08-01,US,Louisiana,Sabine,518,7,0,31.56388699,-93.55433981,22085.0,2168.8159437280187,1.351351351351351,511,518,7,0,511,506,24032,0,0,0,0,12
2020-08-01,US,Louisiana,St. Bernard,1001,23,0,29.87761636,-89.51887093,22087.0,2118.787570908475,2.2977022977022976,978,1001,23,0,978,998,46721,0,0,0,0,3
2020-08-01,US,Louisiana,St. Charles,1340,50,0,29.90709658,-90.35555967,22089.0,2523.540489642185,3.7313432835820897,1290,1340,50,0,1290,1320,52879,0,0,0,0,20
2020-08-01,US,Louisiana,St. Helena,238,1,0,30.82210324,-90.71013176,22091.0,2348.993288590604,0.4201680672268908,237,238,1,0,237,234,10262,0,0,0,0,4
2020-08-01,US,Louisiana,St. James,624,31,0,30.02531716,-90.80212061,22093.0,2957.906712172924,4.967948717948718,593,624,31,0,593,611,21037,0,0,0,0,13
2020-08-01,US,Louisiana,St. John the Baptist,1334,88,0,30.12597499,-90.4753503,22095.0,3114.130307911385,6.5967016491754125,1246,1334,88,0,1246,1325,43184,0,0,0,0,9
2020-08-01,US,Louisiana,St. Landry,2082,72,0,30.59724262,-92.00135806,22097.0,2535.190687253422,3.4582132564841497,2010,2082,72,0,2010,2054,82764,0,0,0,0,28
2020-08-01,US,Louisiana,St. Martin,1468,42,0,30.13112107,-91.61403569,22099.0,2747.468697946885,2.8610354223433236,1426,1468,42,0,1426,1461,53621,0,0,0,0,7
2020-08-01,US,Louisiana,St. Mary,1381,48,0,29.69262097,-91.44702164,22101.0,2798.492340115101,3.4757422157856626,1333,1381,48,0,1333,1356,49774,0,0,0,0,25
2020-08-01,US,Louisiana,St. Tammany,4621,201,0,30.40942847,-89.95642711,22103.0,1774.4481009450155,4.349707855442545,4420,4621,201,0,4420,4568,258111,0,0,0,0,53
2020-08-01,US,Louisiana,Tangipahoa,3037,62,0,30.62888673,-90.40664996,22105.0,2253.669540954897,2.041488310833059,2975,3037,62,0,2975,3001,133777,0,0,0,0,36
2020-08-01,US,Louisiana,Tensas,56,0,0,32.00760749,-91.32915234,22107.0,1292.1089063221045,0.0,56,56,0,0,56,54,4462,0,0,0,0,2
2020-08-01,US,Louisiana,Terrebonne,2693,74,0,29.37343766,-90.82626855,22109.0,2437.964530467767,2.747864834756777,2619,2693,74,0,2619,2653,111021,0,0,0,0,40
2020-08-01,US,Louisiana,Unassigned,10,114,0,0.0,0.0,90022.0,0.0,1140.0,-104,10,114,0,-104,10,,0,0,0,0,0
2020-08-01,US,Louisiana,Union,596,32,0,32.83121059,-92.3749373,22111.0,2695.8567034557627,5.369127516778524,564,596,32,0,564,573,22330,0,0,0,0,23
2020-08-01,US,Louisiana,Vermilion,1224,17,0,29.83517605,-92.30292538,22113.0,2056.762615314816,1.3888888888888888,1207,1224,17,0,1207,1204,59830,0,0,0,0,20
2020-08-01,US,Louisiana,Vernon,663,21,0,31.10884837,-93.18153838,22115.0,1397.8789348289022,3.1674208144796383,642,663,21,0,642,654,48860,0,0,0,0,9
2020-08-01,US,Louisiana,Washington,1166,58,0,30.85288548,-90.03866652,22117.0,2524.137333852881,4.974271012006861,1108,1166,58,0,1108,1151,46582,0,0,0,0,15
2020-08-01,US,Louisiana,Webster,811,13,0,32.70847669,-93.33121835,22119.0,2115.2842983828896,1.6029593094944512,798,811,13,0,798,800,38798,0,0,0,0,11
2020-08-01,US,Louisiana,West Baton Rouge,613,36,0,30.46058217,-91.30989571,22121.0,2316.2667674286795,5.8727569331158245,577,613,36,0,577,609,26427,0,0,0,0,4
2020-08-01,US,Louisiana,West Carroll,247,5,0,32.78550125,-91.461201,22123.0,2280.701754385965,2.0242914979757085,242,247,5,0,242,242,10982,0,0,0,0,5
2020-08-01,US,Louisiana,West Feliciana,322,15,0,30.87882871,-91.4148538,22125.0,2068.345323741007,4.658385093167702,307,322,15,0,307,321,15460,0,0,0,0,1
2020-08-01,US,Louisiana,Winn,374,7,0,31.94449367,-92.63789413,22127.0,2689.8734177215188,1.8716577540106951,367,374,7,0,367,371,14134,0,0,0,0,3
2020-08-01,US,Maine,Androscoggin,550,7,0,44.1664747,-70.20380627,23001.0,507.9564450437304,1.2727272727272727,543,548,7,0,541,547,107679,2,0,0,2,1
2020-08-01,US,Maine,Aroostook,32,1,0,46.65926321,-68.59841248,23003.0,47.722019237938994,3.125,31,32,1,0,31,32,67111,0,0,0,0,0
2020-08-01,US,Maine,Cumberland,2047,68,0,43.8370751,-70.37226999,23005.0,693.8912485635741,3.3219345383488035,1979,2039,68,0,1971,2032,293557,8,0,0,8,7
2020-08-01,US,Maine,Franklin,45,1,0,44.97330019,-70.44381045,23007.0,149.01155667406206,2.2222222222222223,44,45,1,0,44,45,29897,0,0,0,0,0
2020-08-01,US,Maine,Hancock,27,1,0,44.59816444,-68.38401854,23009.0,49.10251513994217,3.703703703703704,26,27,1,0,26,27,54811,0,0,0,0,0
2020-08-01,US,Maine,Kennebec,167,11,0,44.40759555,-69.76738544,23011.0,136.54723553171658,6.586826347305388,156,164,11,0,153,162,122083,3,0,0,3,2
2020-08-01,US,Maine,Knox,26,1,0,44.11486325,-69.10529169,23013.0,65.37262395655236,3.8461538461538463,25,26,1,0,25,25,39771,0,0,0,0,1
2020-08-01,US,Maine,Lincoln,34,1,0,44.05996956,-69.54227124,23015.0,98.16942888491079,2.9411764705882355,33,33,1,0,32,33,34342,1,0,0,1,0
2020-08-01,US,Maine,Oxford,54,0,0,44.49952995,-70.75682123,23017.0,93.14359637774905,0.0,54,54,0,0,54,51,57618,0,0,0,0,3
2020-08-01,US,Maine,Penobscot,146,5,0,45.40194593,-68.65020455,23019.0,95.95919762336672,3.4246575342465757,141,145,5,0,140,141,151096,1,0,0,1,4
2020-08-01,US,Maine,Piscataquis,3,0,0,45.83839062,-69.2860223,23021.0,17.873100983020553,0.0,3,3,0,0,3,3,16800,0,0,0,0,0
2020-08-01,US,Maine,Sagadahoc,50,0,0,43.95415864,-69.85074999,23023.0,139.44667559125392,0.0,50,46,0,0,46,45,35634,4,0,0,4,1
2020-08-01,US,Maine,Somerset,34,1,0,45.51229767,-69.95995554,23025.0,67.34807067585771,2.9411764705882355,33,34,1,0,33,34,50592,0,0,0,0,0
2020-08-01,US,Maine,Unassigned,2,0,0,0.0,0.0,90023.0,0.0,0.0,2,2,0,0,2,1,,0,0,0,0,1
2020-08-01,US,Maine,Waldo,62,14,0,44.4858305,-69.12061935,23027.0,156.11230013848672,22.580645161290327,48,62,14,0,48,62,39694,0,0,0,0,0
2020-08-01,US,Maine,Washington,8,0,0,45.01607142,-67.62813524,23029.0,25.494757640460183,0.0,8,7,0,0,7,7,31490,1,0,0,1,0
2020-08-01,US,Maine,York,650,12,0,43.47808377,-70.71052375,23031.0,313.04029551003896,1.8461538461538465,638,645,12,0,633,641,206229,5,0,0,5,4
2020-08-01,US,Maryland,Allegany,267,18,0,39.62357628,-78.69280486,24001.0,379.175187457396,6.741573033707866,249,266,18,0,248,264,70975,1,0,0,1,2
2020-08-01,US,Maryland,Anne Arundel,6855,217,0,39.00670238,-76.60329337,24003.0,1183.4595344886525,3.165572574762946,6638,6770,216,0,6554,6684,576031,85,1,0,84,86
2020-08-01,US,Maryland,Baltimore,11997,549,0,39.45784712,-76.62911955,24005.0,1450.0163167627545,4.576144036009001,11448,11818,547,0,11271,11615,828431,179,2,0,177,203
2020-08-01,US,Maryland,Baltimore City,11406,409,0,39.30211911,-76.61151012,24510.0,1921.852095233281,3.585832018236016,10997,11192,407,0,10785,11004,621342,214,2,0,212,188
2020-08-01,US,Maryland,Calvert,612,28,0,38.53961642,-76.56820632,24009.0,661.4428532828965,4.575163398692809,584,588,28,0,560,565,92003,24,0,0,24,23
2020-08-01,US,Maryland,Caroline,430,3,0,38.87172293,-75.82904158,24011.0,1287.1939172603725,0.6976744186046512,427,423,3,0,420,418,33304,7,0,0,7,5
2020-08-01,US,Maryland,Carroll,1467,116,0,39.56453592,-77.02373735,24013.0,870.8970774190103,7.907293796864349,1351,1449,116,0,1333,1435,168429,18,0,0,18,14
2020-08-01,US,Maryland,Cecil,630,30,0,39.56647682,-75.94627411,24015.0,612.5127606825142,4.761904761904762,600,622,30,0,592,619,102826,8,0,0,8,3
2020-08-01,US,Maryland,Charles,1855,91,0,38.51092331,-76.98580666,24017.0,1136.2453064799672,4.90566037735849,1764,1832,91,0,1741,1819,161503,23,0,0,23,13
2020-08-01,US,Maryland,Dorchester,349,5,0,38.45413522,-76.02752426,24019.0,1093.0502051426604,1.4326647564469914,344,340,5,0,335,326,31998,9,0,0,9,14
2020-08-01,US,Maryland,Frederick,2989,121,0,39.47296601,-77.39999394,24021.0,1151.6218642480935,4.048176647708264,2868,2986,121,0,2865,2964,255648,3,0,0,3,22
2020-08-01,US,Maryland,Garrett,43,0,0,39.52786077,-79.27355126,24023.0,148.20431515819945,0.0,43,45,0,0,45,45,29163,-2,0,0,-2,0
2020-08-01,US,Maryland,Harford,1780,67,0,39.55010644,-76.30775940000002,24025.0,696.834102591205,3.764044943820225,1713,1750,67,0,1683,1716,253956,30,0,0,30,34
2020-08-01,US,Maryland,Howard,3570,106,0,39.25305293,-76.93126208,24027.0,1096.13436089533,2.969187675070028,3464,3530,106,0,3424,3472,323196,40,0,0,40,58
2020-08-01,US,Maryland,Kent,235,23,0,39.24976208,-76.04741541,24029.0,1209.968077437957,9.787234042553193,212,232,23,0,209,229,19383,3,0,0,3,3
2020-08-01,US,Maryland,Montgomery,17665,789,0,39.13676329,-77.20358245,24031.0,1681.2793141256016,4.466459099915086,16876,17568,789,0,16779,17397,1052567,97,0,0,97,171
2020-08-01,US,Maryland,Prince George's,22606,741,0,38.83070039,-76.8496441,24033.0,2486.014382064979,3.2778908254445724,21865,22416,737,0,21679,22183,909308,190,4,0,186,233
2020-08-01,US,Maryland,Queen Anne's,386,25,0,39.06198912,-76.03530977,24035.0,766.1618467279332,6.476683937823834,361,383,25,0,358,378,50251,3,0,0,3,5
2020-08-01,US,Maryland,Somerset,121,3,0,38.1163542,-75.75118623,24039.0,472.3610243597752,2.479338842975207,118,119,3,0,116,117,25675,2,0,0,2,2
2020-08-01,US,Maryland,St. Mary's,904,52,0,38.30058422,-76.60629279999998,24037.0,796.4056030305701,5.7522123893805315,852,896,52,0,844,874,112664,8,0,0,8,22
2020-08-01,US,Maryland,Talbot,361,4,0,38.76618159,-76.10882561,24041.0,970.9260105968103,1.10803324099723,357,340,4,0,336,330,36968,21,0,0,21,10
2020-08-01,US,Maryland,Unassigned,0,16,0,0.0,0.0,90024.0,0.0,0.0,-16,0,13,0,-13,0,,0,3,0,-3,0
2020-08-01,US,Maryland,Washington,967,30,0,39.60835778,-77.82002295,24043.0,640.1896073459608,3.1023784901758016,937,952,30,0,922,936,150926,15,0,0,15,16
2020-08-01,US,Maryland,Wicomico,1287,44,0,38.37301947,-75.62705831,24045.0,1242.1700817496546,3.418803418803418,1243,1279,44,0,1235,1269,103195,8,0,0,8,10
2020-08-01,US,Maryland,Worcester,583,19,0,38.21274277,-75.33200012,24047.0,1115.234524447165,3.2590051457975986,564,550,18,0,532,518,51823,33,1,0,32,32
2020-08-01,US,Massachusetts,Barnstable,1755,156,0,41.72980578,-70.28854339,25001.0,823.9823465890418,8.888888888888891,1599,1745,156,0,1589,1742,213413,10,0,0,10,3
2020-08-01,US,Massachusetts,Berkshire,654,46,0,42.37428441,-73.20524838,25003.0,523.4344986553976,7.033639143730888,608,653,46,0,607,648,126348,1,0,0,1,5
2020-08-01,US,Massachusetts,Bristol,9088,623,0,41.79228404,-71.10872211,25005.0,1607.8780362232555,6.855193661971831,8465,9073,623,0,8450,9029,564022,15,0,0,15,44
2020-08-01,US,Massachusetts,Dukes and Nantucket,98,1,0,41.40674725,-70.68763497,0.0,341.09498451150324,1.020408163265306,97,98,1,0,97,98,26707,0,0,0,0,0
2020-08-01,US,Massachusetts,Essex,17305,1182,0,42.6687626,-70.94687179,25009.0,2193.188126240441,6.830395839352787,16123,17232,1177,0,16055,17169,790638,73,5,0,68,63
2020-08-01,US,Massachusetts,Franklin,404,60,0,42.58119713,-72.58602547,25011.0,575.6625819321744,14.851485148514852,344,402,60,0,342,398,70963,2,0,0,2,4
2020-08-01,US,Massachusetts,Hampden,7433,697,0,42.13440424,-72.63235561,25013.0,1593.7920801420325,9.37710211220234,6736,7404,696,0,6708,7381,470406,29,1,0,28,23
2020-08-01,US,Massachusetts,Hampshire,1132,127,0,42.33997957,-72.65898478,25015.0,703.8487844307654,11.219081272084804,1005,1126,127,0,999,1107,161355,6,0,0,6,19
2020-08-01,US,Massachusetts,Middlesex,25801,1983,0,42.48607732,-71.39049229,25017.0,1600.8572320265757,7.685748614394791,23818,25706,1978,0,23728,25617,1614714,95,5,0,90,89
2020-08-01,US,Massachusetts,Norfolk,10305,986,0,42.16073095,-71.20530408,25021.0,1458.0311980474692,9.568170790878217,9319,10236,984,0,9252,10160,705388,69,2,0,67,76
2020-08-01,US,Massachusetts,Plymouth,9107,711,0,41.94070556,-70.80802823,25023.0,1747.307186081404,7.807181289118262,8396,9086,710,0,8376,9058,518132,21,1,0,20,28
2020-08-01,US,Massachusetts,Suffolk,21279,1057,0,42.327951399999996,-71.07850442,25025.0,2646.947967861954,4.967338690727948,20222,21222,1055,0,20167,21113,807252,57,2,0,55,109
2020-08-01,US,Massachusetts,Unassigned,303,6,0,0.0,0.0,90025.0,0.0,1.98019801980198,297,307,6,0,301,335,,-4,0,0,-4,-28
2020-08-01,US,Massachusetts,Worcester,13376,991,0,42.35026951,-71.90493363,25027.0,1610.3594655571371,7.408791866028707,12385,13322,990,0,12332,13243,830839,54,1,0,53,79
2020-08-01,US,Michigan,Alcona,28,1,0,44.6846864,-83.59507875,26001.0,269.1013935607881,3.571428571428572,27,28,1,0,27,28,10362,0,0,0,0,0
2020-08-01,US,Michigan,Alger,8,0,0,46.41292944,-86.60260122,26003.0,87.83487044356609,0.0,8,8,0,0,8,6,9097,0,0,0,0,2
2020-08-01,US,Michigan,Allegan,498,7,0,42.59147037,-85.89102866,26005.0,421.744395796106,1.4056224899598393,491,495,7,0,488,485,117327,3,0,0,3,10
2020-08-01,US,Michigan,Alpena,125,13,0,45.03477666,-83.62212411,26007.0,440.06336912515405,10.4,112,125,13,0,112,125,28360,0,0,0,0,0
2020-08-01,US,Michigan,Antrim,36,0,0,44.99690221,-85.15503082,26009.0,154.3474532670211,0.0,36,36,0,0,36,34,23365,0,0,0,0,2
2020-08-01,US,Michigan,Arenac,40,3,0,44.0636262,-83.89277559,26011.0,268.76301820869446,7.5,37,40,3,0,37,40,15041,0,0,0,0,0
2020-08-01,US,Michigan,Baraga,5,0,0,46.6720582,-88.36363591,26013.0,60.9087586794981,0.0,5,5,0,0,5,5,8320,0,0,0,0,0
2020-08-01,US,Michigan,Barry,171,2,0,42.59513984,-85.30834519,26015.0,277.8229082047116,1.1695906432748535,169,170,2,0,168,169,61157,1,0,0,1,1
2020-08-01,US,Michigan,Bay,542,31,0,43.70639106,-83.98731479,26017.0,525.570661132983,5.719557195571957,511,539,31,0,508,536,103923,3,0,0,3,3
2020-08-01,US,Michigan,Benzie,28,1,0,44.63899297,-86.01608482,26019.0,157.60441292356185,3.571428571428572,27,27,1,0,26,28,17753,1,0,0,1,-1
2020-08-01,US,Michigan,Berrien,1283,65,0,41.95447397,-86.41313079999998,26021.0,836.3700367011949,5.0662509742790345,1218,1269,64,0,1205,1260,154141,14,1,0,13,9
2020-08-01,US,Michigan,Branch,327,2,0,41.91600556,-85.05929476,26023.0,751.4304754463773,0.6116207951070336,325,319,2,0,317,313,43622,8,0,0,8,6
2020-08-01,US,Michigan,Calhoun,737,42,0,42.24633834,-85.00493569,26025.0,549.3481615098501,5.698778833107191,695,728,41,0,687,717,134487,9,1,0,8,11
2020-08-01,US,Michigan,Cass,290,10,0,41.91522292,-85.99405727,26027.0,559.9860968969047,3.4482758620689653,280,284,9,0,275,272,51653,6,1,0,5,12
2020-08-01,US,Michigan,Charlevoix,42,2,0,45.37790017,-85.19614053,26029.0,160.65485980950925,4.761904761904762,40,42,2,0,40,42,26244,0,0,0,0,0
2020-08-01,US,Michigan,Cheboygan,38,2,0,45.44787015,-84.50122149,26031.0,150.3402437094477,5.2631578947368425,36,37,2,0,35,37,25413,1,0,0,1,0
2020-08-01,US,Michigan,Chippewa,31,0,0,46.29552653,-84.54353449,26033.0,83.00088355779272,0.0,31,29,0,0,29,27,37517,2,0,0,2,2
2020-08-01,US,Michigan,Clare,59,3,0,43.98794227,-84.84819859999998,26035.0,190.63004846526653,5.084745762711863,56,58,3,0,55,56,30757,1,0,0,1,2
2020-08-01,US,Michigan,Clinton,412,13,0,42.94400871,-84.60145248,26037.0,517.620453546077,3.155339805825242,399,404,13,0,391,397,79332,8,0,0,8,7
2020-08-01,US,Michigan,Crawford,95,5,0,44.68255561,-84.61006219,26039.0,677.1687219331385,5.2631578947368425,90,93,5,0,88,93,13901,2,0,0,2,0
2020-08-01,US,Michigan,Delta,77,3,0,45.90484910000001,-86.9080745,26041.0,215.17996870109548,3.8961038961038965,74,72,3,0,69,65,35857,5,0,0,5,7
2020-08-01,US,Michigan,Dickinson,45,2,0,46.00999672,-87.86961634,26043.0,178.29549506715801,4.4444444444444455,43,44,2,0,42,44,25383,1,0,0,1,0
2020-08-01,US,Michigan,Eaton,451,7,0,42.59599185,-84.83740035,26045.0,409.0035186998948,1.5521064301552103,444,447,7,0,440,442,109826,4,0,0,4,5
2020-08-01,US,Michigan,Emmet,56,2,0,45.52625509,-84.89083249,26047.0,167.58940595540923,3.571428571428572,54,58,2,0,56,56,33308,-2,0,0,-2,2
2020-08-01,US,Michigan,Federal Correctional Institution (FCI),194,5,0,0.0,0.0,0.0,0.0,2.5773195876288657,189,193,5,0,188,193,,1,0,0,1,0
2020-08-01,US,Michigan,Genesee,3487,294,0,43.02244215,-83.70589709,26049.0,859.2627638838577,8.431316317751651,3193,3463,294,0,3169,3415,406892,24,0,0,24,48
2020-08-01,US,Michigan,Gladwin,52,2,0,43.98901072,-84.38774817,26051.0,204.33022908562225,3.8461538461538463,50,51,2,0,49,49,25337,1,0,0,1,2
2020-08-01,US,Michigan,Gogebic,88,1,0,46.40862701,-89.69377193,26053.0,629.6958855098391,1.1363636363636365,87,83,1,0,82,78,15096,5,0,0,5,5
2020-08-01,US,Michigan,Grand Traverse,196,5,0,44.69565625,-85.55585247,26055.0,210.55345479546241,2.5510204081632653,191,191,5,0,186,188,92573,5,0,0,5,3
2020-08-01,US,Michigan,Gratiot,144,15,0,43.29265605,-84.60505416,26057.0,353.7127557662548,10.416666666666666,129,143,15,0,128,142,40599,1,0,0,1,1
2020-08-01,US,Michigan,Hillsdale,250,25,0,41.88753639,-84.59312019,26059.0,548.185505975222,10.0,225,246,25,0,221,244,45749,4,0,0,4,2
2020-08-01,US,Michigan,Houghton,47,0,0,46.89988536,-88.68495385,26061.0,131.7116915144042,0.0,47,47,0,0,47,47,36219,0,0,0,0,0
2020-08-01,US,Michigan,Huron,146,4,0,43.83353985,-83.04078453,26063.0,471.2565766114715,2.7397260273972597,142,146,4,0,142,143,31166,0,0,0,0,3
2020-08-01,US,Michigan,Ingham,1473,30,0,42.59716886,-84.37472069,26065.0,503.7516330034266,2.0366598778004072,1443,1459,30,0,1429,1438,292735,14,0,0,14,21
2020-08-01,US,Michigan,Ionia,266,5,0,42.94502238,-85.07413319,26067.0,411.1473484087361,1.8796992481203008,261,265,5,0,260,264,64210,1,0,0,1,1
2020-08-01,US,Michigan,Iosco,129,12,0,44.35486835,-83.63484895,26069.0,513.3919687985036,9.30232558139535,117,129,12,0,117,128,25081,0,0,0,0,1
2020-08-01,US,Michigan,Iron,17,1,0,46.20974132,-88.53136251,26071.0,153.6237122718236,5.882352941176472,16,17,1,0,16,16,11117,0,0,0,0,1
2020-08-01,US,Michigan,Isabella,198,9,0,43.64060976,-84.84664923,26073.0,283.37531486146094,4.545454545454546,189,199,8,0,191,200,70562,-1,1,0,-2,-1
2020-08-01,US,Michigan,Jackson,680,33,0,42.24807035,-84.42258681,26075.0,428.99501608731316,4.852941176470588,647,671,33,0,638,666,158823,9,0,0,9,5
2020-08-01,US,Michigan,Kalamazoo,1541,81,0,42.24542231,-85.53038622,26077.0,581.3646412591581,5.256327060350421,1460,1522,80,0,1442,1489,264870,19,1,0,18,33
2020-08-01,US,Michigan,Kalkaska,48,4,0,44.68512729,-85.09085699,26079.0,266.10488967734784,8.333333333333334,44,48,4,0,44,48,17824,0,0,0,0,0
2020-08-01,US,Michigan,Kent,7105,154,0,43.03197711,-85.54934642,26081.0,1081.5048214870121,2.167487684729064,6951,7053,154,0,6899,6991,653786,52,0,0,52,62
2020-08-01,US,Michigan,Keweenaw,3,0,0,47.63197653,-88.41434263,26083.0,141.77693761814746,0.0,3,3,0,0,3,3,2113,0,0,0,0,0
2020-08-01,US,Michigan,Lake,17,0,0,43.99050893,-85.802173,26085.0,143.42360583818441,0.0,17,16,0,0,16,16,11881,1,0,0,1,0
2020-08-01,US,Michigan,Lapeer,412,32,0,43.09052506,-83.22153148,26087.0,470.2820550869223,7.766990291262137,380,404,32,0,372,399,88028,8,0,0,8,5
2020-08-01,US,Michigan,Leelanau,64,0,0,44.94430054,-85.80150326,26089.0,294.1041312439686,0.0,64,64,0,0,64,62,21764,0,0,0,0,2
2020-08-01,US,Michigan,Lenawee,390,12,0,41.89475156,-84.06603727,26091.0,396.136148947192,3.0769230769230766,378,388,12,0,376,387,98266,2,0,0,2,1
2020-08-01,US,Michigan,Livingston,769,28,0,42.60302282,-83.91297209,26093.0,400.5312638349956,3.641092327698309,741,760,28,0,732,745,191224,9,0,0,9,15
2020-08-01,US,Michigan,Luce,3,0,0,46.47227431,-85.54471223,26095.0,48.16182372772515,0.0,3,3,0,0,3,3,6283,0,0,0,0,0
2020-08-01,US,Michigan,Mackinac,20,0,0,46.07028979,-85.04980537,26097.0,185.20233354940268,0.0,20,20,0,0,20,20,10787,0,0,0,0,0
2020-08-01,US,Michigan,Macomb,9565,936,0,42.69158356,-82.92752801,26099.0,1094.4286544649028,9.785676947203346,8629,9448,936,0,8512,9314,874759,117,0,0,117,134
2020-08-01,US,Michigan,Manistee,32,0,0,44.33352407,-86.05626916,26101.0,130.30377066536363,0.0,32,31,0,0,31,31,24528,1,0,0,1,0
2020-08-01,US,Michigan,Marquette,133,11,0,46.4338914,-87.64043701,26103.0,199.40328940463874,8.270676691729323,122,127,11,0,116,122,66516,6,0,0,6,5
2020-08-01,US,Michigan,Mason,97,0,0,43.99509218,-86.24988902,26105.0,332.8300850947022,0.0,97,95,0,0,95,94,29100,2,0,0,2,1
2020-08-01,US,Michigan,Mecosta,56,2,0,43.64064262,-85.32463223,26107.0,128.87487630313208,3.571428571428572,54,55,2,0,53,55,43545,1,0,0,1,0
2020-08-01,US,Michigan,Menominee,91,0,0,45.58038692,-87.55370409,26109.0,399.47322212467077,0.0,91,86,0,0,86,86,22983,5,0,0,5,0
2020-08-01,US,Michigan,Michigan Department of Corrections (MDOC),4146,69,0,0.0,0.0,0.0,0.0,1.664254703328509,4077,4140,69,0,4071,4129,,6,0,0,6,11
2020-08-01,US,Michigan,Midland,298,9,0,43.64330771,-84.38804374,26111.0,358.3625956034442,3.0201342281879198,289,292,9,0,283,289,83209,6,0,0,6,3
2020-08-01,US,Michigan,Missaukee,40,1,0,44.33772443,-85.09256478,26113.0,264.58526260087314,2.5,39,40,1,0,39,40,15113,0,0,0,0,0
2020-08-01,US,Michigan,Monroe,882,22,0,41.92734151,-83.53749864,26115.0,586.0465116279071,2.4943310657596367,860,867,22,0,845,854,150439,15,0,0,15,13
2020-08-01,US,Michigan,Montcalm,179,1,0,43.31082541,-85.15252824,26117.0,280.1778111695467,0.5586592178770949,178,174,1,0,173,175,63968,5,0,0,5,-1
2020-08-01,US,Michigan,Montmorency,8,0,0,45.0275929,-84.12696227,26119.0,85.76329331046313,0.0,8,8,0,0,8,7,9265,0,0,0,0,1
2020-08-01,US,Michigan,Muskegon,1122,58,0,43.29123859,-86.15176712,26121.0,646.4399709620548,5.16934046345811,1064,1125,57,0,1068,1107,173588,-3,1,0,-4,18
2020-08-01,US,Michigan,Newaygo,246,0,0,43.554373999999996,-85.80070107,26123.0,502.2458146182115,0.0,246,247,0,0,247,246,48892,-1,0,0,-1,1
2020-08-01,US,Michigan,Oakland,14721,1126,0,42.66090111,-83.38595416,26125.0,1170.5778699474547,7.648936892874127,13595,14614,1126,0,13488,14494,1259201,107,0,0,107,120
2020-08-01,US,Michigan,Oceana,462,6,0,43.64124435,-86.26726673,26127.0,1745.5699550383497,1.2987012987012987,456,461,6,0,455,462,26625,1,0,0,1,-1
2020-08-01,US,Michigan,Ogemaw,51,2,0,44.33481032,-84.12725175,26129.0,242.89184169167027,3.92156862745098,49,50,2,0,48,50,20952,1,0,0,1,0
2020-08-01,US,Michigan,Ontonagon,4,0,0,46.665226200000006,-89.31390481,26131.0,69.93006993006993,0.0,4,4,0,0,4,4,5795,0,0,0,0,0
2020-08-01,US,Michigan,Osceola,68,0,0,43.98992088,-85.32566756,26133.0,289.8550724637681,0.0,68,66,0,0,66,65,23341,2,0,0,2,1
2020-08-01,US,Michigan,Oscoda,24,1,0,44.68192279,-84.12939244,26135.0,291.2267928649436,4.166666666666667,23,24,1,0,23,24,8276,0,0,0,0,0
2020-08-01,US,Michigan,Otsego,131,10,0,45.02085831,-84.59898295,26137.0,531.0523755472677,7.633587786259542,121,131,10,0,121,131,24665,0,0,0,0,0
2020-08-01,US,Michigan,Ottawa,1739,54,0,42.95996803,-85.9969107,26139.0,595.8948703012028,3.105232892466935,1685,1672,54,0,1618,1657,290494,67,0,0,67,15
2020-08-01,US,Michigan,Out of MI,84,0,0,0.0,0.0,80026.0,0.0,0.0,84,66,0,0,66,97,,18,0,0,18,-31
2020-08-01,US,Michigan,Presque Isle,16,1,0,45.34018577,-83.91498656,26141.0,127.06480304955528,6.25,15,15,1,0,14,14,12738,1,0,0,1,1
2020-08-01,US,Michigan,Roscommon,47,0,0,44.33473082,-84.61067651,26143.0,195.67842124984384,0.0,47,47,0,0,47,47,23884,0,0,0,0,0
2020-08-01,US,Michigan,Saginaw,1836,129,0,43.33433923,-84.05131209999998,26145.0,963.5822587501773,7.026143790849672,1707,1822,129,0,1693,1807,190800,14,0,0,14,15
2020-08-01,US,Michigan,Sanilac,91,6,0,43.42406072,-82.82055898,26151.0,221.03473402963328,6.593406593406592,85,92,6,0,86,90,41182,-1,0,0,-1,2
2020-08-01,US,Michigan,Schoolcraft,9,0,0,46.19235734,-86.19972234,26153.0,111.19347664936993,0.0,9,8,0,0,8,8,8068,1,0,0,1,0
2020-08-01,US,Michigan,Shiawassee,325,28,0,42.95392800000001,-84.14585902,26155.0,477.08522944129646,8.615384615384615,297,321,28,0,293,315,68192,4,0,0,4,6
2020-08-01,US,Michigan,St. Clair,771,53,0,42.92655373,-82.67937954,26147.0,484.51561007490824,6.874189364461738,718,754,53,0,701,746,159337,17,0,0,17,8
2020-08-01,US,Michigan,St. Joseph,551,7,0,41.91441767,-85.52797979,26149.0,903.8120858211404,1.2704174228675136,544,549,7,0,542,551,61043,2,0,0,2,-2
2020-08-01,US,Michigan,Tuscola,304,27,0,43.46606813,-83.41897025,26157.0,581.8738635276103,8.881578947368421,277,300,27,0,273,297,52516,4,0,0,4,3
2020-08-01,US,Michigan,Unassigned,4,0,0,0.0,0.0,90026.0,0.0,0.0,4,4,0,0,4,6,,0,0,0,0,-2
2020-08-01,US,Michigan,Van Buren,404,11,0,42.25190229,-86.01939087,26159.0,533.8478005206339,2.722772277227723,393,394,11,0,383,385,75448,10,0,0,10,9
2020-08-01,US,Michigan,Washtenaw,2385,112,0,42.253105,-83.83853204,26161.0,648.801281824587,4.69601677148847,2273,2374,112,0,2262,2345,370963,11,0,0,11,29
2020-08-01,US,Michigan,Wayne,27183,2803,0,42.28098405,-83.281255,26163.0,1553.8976632941626,10.311591803700844,24380,27067,2802,0,24265,26924,1753893,116,1,0,115,143
2020-08-01,US,Michigan,Wexford,64,4,0,44.33853602,-85.57712739,26165.0,190.30061550355327,6.25,60,63,4,0,59,62,33466,1,0,0,1,1
2020-08-01,US,Minnesota,Aitkin,28,0,0,46.60962049,-93.41168259999999,27001.0,176.25582273700113,0.0,28,27,0,0,27,25,15902,1,0,0,1,2
2020-08-01,US,Minnesota,Anoka,3277,112,0,45.27476015,-93.24604565,27003.0,918.1303425688036,3.417760146475435,3165,3245,112,0,3133,3190,353813,32,0,0,32,55
2020-08-01,US,Minnesota,Becker,138,1,0,46.93479392,-95.67158144,27005.0,400.89475060279466,0.7246376811594203,137,134,1,0,133,129,34371,4,0,0,4,5
2020-08-01,US,Minnesota,Beltrami,188,0,0,47.97373527,-94.93732139,27007.0,398.40637450199205,0.0,188,184,0,0,184,180,46847,4,0,0,4,4
2020-08-01,US,Minnesota,Benton,300,3,0,45.69804958,-93.99514135,27009.0,733.6936584411453,1.0,297,299,3,0,296,294,40545,1,0,0,1,5
2020-08-01,US,Minnesota,Big Stone,22,0,0,45.42712824,-96.41403739,27011.0,440.79342817070733,0.0,22,22,0,0,22,22,4989,0,0,0,0,0
2020-08-01,US,Minnesota,Blue Earth,841,4,0,44.03554215,-94.06699781,27013.0,1243.108213974251,0.4756242568370987,837,824,4,0,820,801,67427,17,0,0,17,23
2020-08-01,US,Minnesota,Brown,82,2,0,44.24205652,-94.72562874,27015.0,327.8950735764556,2.4390243902439024,80,79,2,0,77,78,25111,3,0,0,3,1
2020-08-01,US,Minnesota,Carlton,121,0,0,46.59180601,-92.67601019,27017.0,337.31984053971166,0.0,121,121,0,0,121,120,35837,0,0,0,0,1
2020-08-01,US,Minnesota,Carver,751,2,0,44.82017001,-93.80099179999999,27019.0,714.6323592383599,0.2663115845539281,749,744,2,0,742,723,103551,7,0,0,7,21
2020-08-01,US,Minnesota,Cass,57,2,0,46.95043611,-94.32603968,27021.0,191.41005406494511,3.5087719298245608,55,54,2,0,52,50,29519,3,0,0,3,4
2020-08-01,US,Minnesota,Chippewa,96,1,0,45.02343421,-95.56403693,27023.0,813.5593220338983,1.0416666666666667,95,93,1,0,92,92,11924,3,0,0,3,1
2020-08-01,US,Minnesota,Chisago,172,1,0,45.5021011,-92.90861945,27025.0,303.9997172095654,0.5813953488372093,171,167,1,0,166,160,55922,5,0,0,5,7
2020-08-01,US,Minnesota,Clay,742,40,0,46.89289518,-96.48761922,27027.0,1155.3673196101026,5.3908355795148255,702,740,39,0,701,734,63955,2,1,0,1,6
2020-08-01,US,Minnesota,Clearwater,14,0,0,47.57992111,-95.37790562,27029.0,158.76616012701294,0.0,14,14,0,0,14,14,8810,0,0,0,0,0
2020-08-01,US,Minnesota,Cook,2,0,0,47.90504893,-90.52629546,27031.0,36.60992128866923,0.0,2,2,0,0,2,2,5393,0,0,0,0,0
2020-08-01,US,Minnesota,Cottonwood,170,0,0,44.00715262,-95.18138802,27033.0,1518.399428367274,0.0,170,167,0,0,167,165,11277,3,0,0,3,2
2020-08-01,US,Minnesota,Crow Wing,198,13,0,46.48096553,-94.06755609,27035.0,304.3578510491123,6.565656565656567,185,192,13,0,179,183,64889,6,0,0,6,9
2020-08-01,US,Minnesota,Dakota,3860,102,0,44.67172617,-93.06299363,27037.0,899.7228573892653,2.6424870466321244,3758,3797,102,0,3695,3710,425423,63,0,0,63,87
2020-08-01,US,Minnesota,Dodge,122,0,0,44.02238415,-92.86244324,27039.0,582.7839877710901,0.0,122,122,0,0,122,121,20822,0,0,0,0,1
2020-08-01,US,Minnesota,Douglas,126,0,0,45.93348491,-95.45335469,27041.0,330.35316326263074,0.0,126,124,0,0,124,120,37964,2,0,0,2,4
2020-08-01,US,Minnesota,Faribault,82,0,0,43.67381499,-93.94787458,27043.0,600.6006006006006,0.0,82,80,0,0,80,78,13758,2,0,0,2,2
2020-08-01,US,Minnesota,Fillmore,61,0,0,43.67394126,-92.08980382,27045.0,289.5523805003085,0.0,61,59,0,0,59,58,21058,2,0,0,2,1
2020-08-01,US,Minnesota,Freeborn,354,1,0,43.67385583,-93.34884422,27047.0,1169.0498992767739,0.2824858757062147,353,353,1,0,352,352,30444,1,0,0,1,1
2020-08-01,US,Minnesota,Goodhue,173,8,0,44.40849741,-92.72341949999999,27049.0,373.3275787656452,4.624277456647398,165,169,8,0,161,163,46403,4,0,0,4,6
2020-08-01,US,Minnesota,Grant,48,1,0,45.93424769,-96.01139609,27051.0,803.7508372404553,2.083333333333333,47,44,1,0,43,44,6021,4,0,0,4,0
2020-08-01,US,Minnesota,Hennepin,17547,815,0,45.00761521,-93.47694895,27053.0,1386.1908625319254,4.644668604319826,16732,17316,813,0,16503,17092,1259428,231,2,0,229,224
2020-08-01,US,Minnesota,Houston,38,0,0,43.67129565,-91.49143057,27055.0,204.3010752688172,0.0,38,37,0,0,37,37,18578,1,0,0,1,0
2020-08-01,US,Minnesota,Hubbard,27,0,0,47.10778564,-94.91693868,27057.0,125.63398631985486,0.0,27,27,0,0,27,25,21332,0,0,0,0,2
2020-08-01,US,Minnesota,Isanti,102,0,0,45.56181234,-93.29487636,27059.0,251.25628140703517,0.0,102,102,0,0,102,102,39966,0,0,0,0,0
2020-08-01,US,Minnesota,Itasca,125,12,0,47.51009045,-93.63092229,27061.0,276.9776202082872,9.6,113,125,12,0,113,123,45108,0,0,0,0,2
2020-08-01,US,Minnesota,Jackson,69,0,0,43.67423373,-95.15398258,27063.0,700.7921998781231,0.0,69,68,0,0,68,69,9911,1,0,0,1,-1
2020-08-01,US,Minnesota,Kanabec,27,1,0,45.9459309,-93.29275192,27065.0,165.26902124012975,3.703703703703704,26,23,1,0,22,23,16207,4,0,0,4,0
2020-08-01,US,Minnesota,Kandiyohi,667,1,0,45.1526059,-95.00586446,27067.0,1544.0172226208938,0.14992503748125938,666,662,1,0,661,653,42855,5,0,0,5,9
2020-08-01,US,Minnesota,Kittson,3,0,0,48.77754106,-96.78317184,27069.0,69.79990693345742,0.0,3,3,0,0,3,3,4248,0,0,0,0,0
2020-08-01,US,Minnesota,Koochiching,70,3,0,48.24539665,-93.78352843,27071.0,572.4098454493418,4.285714285714286,67,68,3,0,65,66,12440,2,0,0,2,2
2020-08-01,US,Minnesota,Lac qui Parle,6,0,0,44.9973857,-96.17488219,27073.0,90.59338668277216,0.0,6,6,0,0,6,6,6658,0,0,0,0,0
2020-08-01,US,Minnesota,Lake,17,0,0,47.64270764,-91.44557998,27075.0,159.7594211070388,0.0,17,15,0,0,15,14,10658,2,0,0,2,1
2020-08-01,US,Minnesota,Lake of the Woods,1,0,0,48.77217001,-94.90274472,27077.0,26.73796791443851,0.0,1,1,0,0,1,1,3758,0,0,0,0,0
2020-08-01,US,Minnesota,Le Sueur,196,1,0,44.37136597,-93.72844721,27079.0,678.5059023089973,0.5102040816326531,195,196,1,0,195,196,28494,0,0,0,0,0
2020-08-01,US,Minnesota,Lincoln,53,0,0,44.41311883,-96.26688165,27081.0,939.8829579712717,0.0,53,53,0,0,53,53,5673,0,0,0,0,0
2020-08-01,US,Minnesota,Lyon,414,3,0,44.41327865,-95.83806103,27083.0,1625.1864646306037,0.7246376811594203,411,414,3,0,411,414,25629,0,0,0,0,0
2020-08-01,US,Minnesota,Mahnomen,22,1,0,47.32557075,-95.80921485,27087.0,398.04595621494485,4.545454545454546,21,22,1,0,21,20,5519,0,0,0,0,2
2020-08-01,US,Minnesota,Marshall,28,0,0,48.35825983,-96.37017407,27089.0,299.9143101970865,0.0,28,27,0,0,27,27,9390,1,0,0,1,0
2020-08-01,US,Minnesota,Martin,201,5,0,43.67429718,-94.55099908,27091.0,1021.1857948483464,2.487562189054726,196,202,5,0,197,198,19785,-1,0,0,-1,4
2020-08-01,US,Minnesota,McLeod,132,0,0,44.82367677,-94.27287017,27085.0,367.7597303095311,0.0,132,125,0,0,125,121,35873,7,0,0,7,4
2020-08-01,US,Minnesota,Meeker,83,2,0,45.12328869,-94.52839455,27093.0,357.4196882266816,2.409638554216868,81,83,2,0,81,83,23141,0,0,0,0,0
2020-08-01,US,Minnesota,Mille Lacs,56,3,0,45.93705297,-93.63236823,27095.0,213.114130227956,5.357142857142857,53,54,3,0,51,53,26139,2,0,0,2,1
2020-08-01,US,Minnesota,Morrison,81,1,0,46.01265363,-94.27341528,27097.0,242.61666566824417,1.2345679012345678,80,81,1,0,80,80,33169,0,0,0,0,1
2020-08-01,US,Minnesota,Mower,1067,2,0,43.67142874,-92.75234549,27099.0,2663.3717737506868,0.18744142455482665,1065,1064,2,0,1062,1059,40011,3,0,0,3,5
2020-08-01,US,Minnesota,Murray,120,1,0,44.02216709,-95.76328482,27101.0,1464.486209421528,0.8333333333333334,119,120,1,0,119,119,8276,0,0,0,0,1
2020-08-01,US,Minnesota,Nicollet,303,13,0,44.35291112,-94.24710352,27103.0,884.0520511174651,4.29042904290429,290,298,13,0,285,287,34220,5,0,0,5,11
2020-08-01,US,Minnesota,Nobles,1740,6,0,43.67434621,-95.75329576,27105.0,8044.754727449258,0.3448275862068966,1734,1738,6,0,1732,1737,21924,2,0,0,2,1
2020-08-01,US,Minnesota,Norman,34,0,0,47.32628443,-96.45620947,27107.0,533.3333333333334,0.0,34,34,0,0,34,33,6475,0,0,0,0,1
2020-08-01,US,Minnesota,Olmsted,1608,23,0,44.00374114,-92.40209944,27109.0,1015.837718660964,1.4303482587064678,1585,1588,23,0,1565,1567,156277,20,0,0,20,21
2020-08-01,US,Minnesota,Otter Tail,171,3,0,46.40846929,-95.70835255,27111.0,291.0836482483914,1.7543859649122806,168,164,3,0,161,162,58812,7,0,0,7,2
2020-08-01,US,Minnesota,Pennington,70,1,0,48.06642577,-96.0370814,27113.0,495.785820525533,1.4285714285714286,69,70,1,0,69,69,14178,0,0,0,0,1
2020-08-01,US,Minnesota,Pine,126,0,0,46.12105238,-92.74070188,27115.0,425.9778897190575,0.0,126,124,0,0,124,123,29483,2,0,0,2,1
2020-08-01,US,Minnesota,Pipestone,142,9,0,44.02301619,-96.25841142,27117.0,1555.9938636861716,6.338028169014086,133,142,9,0,133,140,9047,0,0,0,0,2
2020-08-01,US,Minnesota,Polk,127,3,0,47.77372465,-96.40134647,27119.0,404.92284147430166,2.3622047244094486,124,125,3,0,122,124,31529,2,0,0,2,1
2020-08-01,US,Minnesota,Pope,39,0,0,45.58606667,-95.44451209,27121.0,346.6974842208196,0.0,39,38,0,0,38,35,11097,1,0,0,1,3
2020-08-01,US,Minnesota,Ramsey,6763,260,0,45.01625271,-93.09872295,27123.0,1228.9191217489426,3.8444477302972055,6503,6686,259,0,6427,6607,550210,77,1,0,76,79
2020-08-01,US,Minnesota,Red Lake,17,0,0,47.87197525,-96.09561104,27125.0,419.2355117139334,0.0,17,16,0,0,16,13,3999,1,0,0,1,3
2020-08-01,US,Minnesota,Redwood,30,0,0,44.40555844,-95.25207021,27127.0,197.7587343441002,0.0,30,30,0,0,30,30,15249,0,0,0,0,0
2020-08-01,US,Minnesota,Renville,57,5,0,44.72836381,-94.94553734,27129.0,391.806433874072,8.771929824561402,52,56,5,0,51,54,14612,1,0,0,1,2
2020-08-01,US,Minnesota,Rice,982,8,0,44.3543376,-93.29658715,27131.0,1466.2844173684525,0.8146639511201629,974,975,8,0,967,970,66523,7,0,0,7,5
2020-08-01,US,Minnesota,Rock,73,0,0,43.67482683,-96.25296832,27133.0,783.6822329575953,0.0,73,72,0,0,72,70,9414,1,0,0,1,2
2020-08-01,US,Minnesota,Roseau,42,0,0,48.77501878,-95.81079919,27135.0,276.9535113748764,0.0,42,42,0,0,42,42,15150,0,0,0,0,0
2020-08-01,US,Minnesota,Scott,1339,13,0,44.6490231,-93.53340251,27139.0,898.5793185829424,0.9708737864077671,1326,1296,12,0,1284,1272,147381,43,1,0,42,24
2020-08-01,US,Minnesota,Sherburne,629,7,0,45.44447208,-93.77617511,27141.0,646.8664513873177,1.1128775834658189,622,615,6,0,609,602,96036,14,1,0,13,13
2020-08-01,US,Minnesota,Sibley,77,2,0,44.5796592,-94.23164924,27143.0,517.9952909519004,2.5974025974025974,75,76,2,0,74,76,15028,1,0,0,1,0
2020-08-01,US,Minnesota,St. Louis,409,18,0,47.604840700000004,-92.46879855,27137.0,205.45536745868287,4.400977995110026,391,383,18,0,365,366,199754,26,0,0,26,17
2020-08-01,US,Minnesota,Stearns,2807,20,0,45.55192576,-94.61078221,27145.0,1742.6664597237314,0.7125044531528322,2787,2791,20,0,2771,2763,159256,16,0,0,16,28
2020-08-01,US,Minnesota,Steele,326,1,0,44.02240351,-93.22627088,27147.0,889.5194957570468,0.3067484662576687,325,321,1,0,320,318,36803,5,0,0,5,3
2020-08-01,US,Minnesota,Stevens,15,0,0,45.58613007,-96.00163705,27149.0,152.98317185109642,0.0,15,15,0,0,15,15,9753,0,0,0,0,0
2020-08-01,US,Minnesota,Swift,51,1,0,45.2829032,-95.68264092,27151.0,550.3993093028275,1.96078431372549,50,51,1,0,50,51,9345,0,0,0,0,0
2020-08-01,US,Minnesota,Todd,413,2,0,46.06996226,-94.89785296,27153.0,1674.5053519299383,0.4842615012106538,411,413,2,0,411,413,24582,0,0,0,0,0
2020-08-01,US,Minnesota,Traverse,10,0,0,45.77298854,-96.47062949,27155.0,306.84258975145747,0.0,10,10,0,0,10,10,3308,0,0,0,0,0
2020-08-01,US,Minnesota,Unassigned,128,40,0,0.0,0.0,90027.0,0.0,31.25,88,116,40,0,76,118,,12,0,0,12,-2
2020-08-01,US,Minnesota,Wabasha,78,0,0,44.28424356,-92.23121312,27157.0,360.6602857539187,0.0,78,78,0,0,78,74,21645,0,0,0,0,4
2020-08-01,US,Minnesota,Wadena,23,0,0,46.58589171,-94.96968506,27159.0,168.10407835111826,0.0,23,23,0,0,23,23,13773,0,0,0,0,0
2020-08-01,US,Minnesota,Waseca,127,0,0,44.02211116,-93.58720034,27161.0,682.3554695895123,0.0,127,128,0,0,128,123,18691,-1,0,0,-1,5
2020-08-01,US,Minnesota,Washington,1852,43,0,45.03864533,-92.88429635,27163.0,705.68510897729,2.321814254859611,1809,1817,43,0,1774,1792,259201,35,0,0,35,25
2020-08-01,US,Minnesota,Watonwan,298,0,0,43.97823903,-94.61413846,27165.0,2734.697623199045,0.0,298,299,0,0,299,298,10980,-1,0,0,-1,1
2020-08-01,US,Minnesota,Wilkin,27,3,0,46.35721532,-96.4684375,27167.0,434.9927501208313,11.111111111111109,24,26,3,0,23,25,6254,1,0,0,1,1
2020-08-01,US,Minnesota,Winona,243,16,0,43.98772283,-91.78081305,27169.0,481.3406227715712,6.584362139917697,227,240,16,0,224,239,50825,3,0,0,3,1
2020-08-01,US,Minnesota,Wright,786,5,0,45.17297924,-93.96234781,27171.0,568.0134704466782,0.6361323155216285,781,770,5,0,765,759,136349,16,0,0,16,11
2020-08-01,US,Minnesota,Yellow Medicine,49,0,0,44.71710183,-95.86842453,27173.0,504.6863734679165,0.0,49,47,0,0,47,47,9795,2,0,0,2,0
2020-08-01,US,Mississippi,Adams,578,25,0,31.47669768,-91.35326037,28001.0,1883.1655426318705,4.3252595155709335,553,565,23,0,542,552,31192,13,2,0,11,13
2020-08-01,US,Mississippi,Alcorn,349,4,0,34.88084463,-88.57996173,28003.0,944.4429410332043,1.146131805157593,345,335,3,0,332,331,36925,14,1,0,13,4
2020-08-01,US,Mississippi,Amite,204,5,0,31.17467303,-90.80501621,28005.0,1658.941205171993,2.4509803921568634,199,193,4,0,189,192,12326,11,1,0,10,1
2020-08-01,US,Mississippi,Attala,495,24,0,33.08658803,-89.57838564,28007.0,2723.6711786068013,4.848484848484849,471,486,23,0,463,480,18365,9,1,0,8,6
2020-08-01,US,Mississippi,Benton,124,0,0,34.81681228,-89.18945516,28009.0,1501.3924203898775,0.0,124,118,0,0,118,115,8271,6,0,0,6,3
2020-08-01,US,Mississippi,Bolivar,933,32,0,33.79696941,-90.87372121,28011.0,3046.2322058247355,3.429796355841372,901,917,32,0,885,889,31333,16,0,0,16,28
2020-08-01,US,Mississippi,Calhoun,373,8,0,33.93683395,-89.33686647,28013.0,2597.3121648910237,2.1447721179624666,365,366,8,0,358,364,14436,7,0,0,7,2
2020-08-01,US,Mississippi,Carroll,245,11,0,33.44834567,-89.91994479,28015.0,2463.0541871921178,4.489795918367347,234,240,11,0,229,237,9911,5,0,0,5,3
2020-08-01,US,Mississippi,Chickasaw,427,19,0,33.91983202,-88.9481545,28017.0,2496.6380167222123,4.4496487119437935,408,420,19,0,401,413,17171,7,0,0,7,7
2020-08-01,US,Mississippi,Choctaw,125,4,0,33.34598242,-89.24809382,28019.0,1522.5334957369062,3.2,121,124,4,0,120,120,8278,1,0,0,1,4
2020-08-01,US,Mississippi,Claiborne,399,13,0,31.97061673,-90.90702196,28021.0,4439.252336448598,3.2581453634085213,386,398,12,0,386,390,9002,1,1,0,0,8
2020-08-01,US,Mississippi,Clarke,297,25,0,32.04158545,-88.68896219999998,28023.0,1911.0739334663147,8.417508417508419,272,297,25,0,272,288,15604,0,0,0,0,9
2020-08-01,US,Mississippi,Clay,364,14,0,33.65358105,-88.77784255,28025.0,1884.4481259059849,3.8461538461538463,350,363,14,0,349,360,19386,1,0,0,1,3
2020-08-01,US,Mississippi,Coahoma,648,10,0,34.22772299,-90.60415045,28027.0,2928.945941059483,1.5432098765432098,638,632,10,0,622,626,22628,16,0,0,16,6
2020-08-01,US,Mississippi,Copiah,903,23,0,31.86977774,-90.44565118,28029.0,3217.5307322287545,2.5470653377630117,880,897,23,0,874,885,28543,6,0,0,6,12
2020-08-01,US,Mississippi,Covington,576,11,0,31.63225413,-89.55389939,28031.0,3090.79201545396,1.9097222222222223,565,575,11,0,564,569,18853,1,0,0,1,6
2020-08-01,US,Mississippi,DeSoto,3215,27,0,34.87625235,-89.99091418,28033.0,1738.3546459758304,0.8398133748055988,3188,3113,26,0,3087,3062,182001,102,1,0,101,51
2020-08-01,US,Mississippi,Forrest,1615,51,0,31.18961454,-89.25832496,28035.0,2156.294644645313,3.1578947368421053,1564,1564,50,0,1514,1540,75036,51,1,0,50,24
2020-08-01,US,Mississippi,Franklin,111,2,0,31.47786634,-90.89672989,28037.0,1439.128743679502,1.8018018018018016,109,111,3,0,108,101,7788,0,-1,0,1,10
2020-08-01,US,Mississippi,George,539,5,0,30.86259065,-88.64436789,28039.0,2200.0,0.927643784786642,534,525,5,0,520,517,24250,14,0,0,14,8
2020-08-01,US,Mississippi,Greene,226,11,0,31.21444233,-88.63922281,28041.0,1663.477108788459,4.867256637168142,215,223,11,0,212,219,13586,3,0,0,3,4
2020-08-01,US,Mississippi,Grenada,805,20,0,33.77036166,-89.80245083,28043.0,3878.0229309182,2.4844720496894412,785,796,20,0,776,789,21055,9,0,0,9,7
2020-08-01,US,Mississippi,Hancock,324,14,0,30.41830223,-89.48851033,28045.0,680.2149815250252,4.320987654320987,310,323,14,0,309,310,47334,1,0,0,1,13
2020-08-01,US,Mississippi,Harrison,2067,32,0,30.51359752,-89.12467576,28047.0,993.367935409458,1.5481373971940011,2035,2048,31,0,2017,1982,206650,19,1,0,18,66
2020-08-01,US,Mississippi,Hinds,5176,106,0,32.2656285,-90.44435448,28049.0,2232.5741890959284,2.047913446676971,5070,5091,102,0,4989,5001,237085,85,4,0,81,90
2020-08-01,US,Mississippi,Holmes,835,46,0,33.12345854,-90.08923538,28051.0,4908.877131099353,5.508982035928144,789,825,46,0,779,809,17622,10,0,0,10,16
2020-08-01,US,Mississippi,Humphreys,265,11,0,33.12825718,-90.52252707,28053.0,3286.2103174603176,4.150943396226415,254,262,11,0,251,257,8257,3,0,0,3,5
2020-08-01,US,Mississippi,Issaquena,21,1,0,32.72531359,-90.97392828,28055.0,1582.5169555388093,4.761904761904762,20,20,1,0,19,20,1308,1,0,0,1,0
2020-08-01,US,Mississippi,Itawamba,306,10,0,34.27993475,-88.3606733,28057.0,1308.251389482685,3.2679738562091503,296,297,10,0,287,288,23517,9,0,0,9,9
2020-08-01,US,Mississippi,Jackson,1874,34,0,30.54020656,-88.64184064,28059.0,1304.8594525717708,1.8143009605122733,1840,1837,34,0,1803,1820,143277,37,0,0,37,17
2020-08-01,US,Mississippi,Jasper,373,8,0,32.01922104,-89.11786866,28061.0,2276.750289934688,2.1447721179624666,365,368,8,0,360,360,16428,5,0,0,5,8
2020-08-01,US,Mississippi,Jefferson,191,6,0,31.73397872,-91.03764977,28063.0,2732.474964234621,3.141361256544503,185,188,6,0,182,185,7106,3,0,0,3,3
2020-08-01,US,Mississippi,Jefferson Davis,196,6,0,31.56884708,-89.82670990000004,28065.0,1761.3227893601725,3.0612244897959178,190,191,5,0,186,190,11234,5,1,0,4,1
2020-08-01,US,Mississippi,Jones,1740,57,0,31.62257767,-89.16896899999998,28067.0,2555.1411201503715,3.2758620689655173,1683,1705,57,0,1648,1674,68461,35,0,0,35,31
2020-08-01,US,Mississippi,Kemper,223,15,0,32.75462946,-88.64105766,28069.0,2289.05768835968,6.726457399103139,208,223,15,0,208,222,10027,0,0,0,0,1
2020-08-01,US,Mississippi,Lafayette,861,9,0,34.35687874,-89.48490961,28071.0,1593.8836335363485,1.0452961672473868,852,837,7,0,830,821,54793,24,2,0,22,16
2020-08-01,US,Mississippi,Lamar,1105,12,0,31.20572971,-89.5077704,28073.0,1744.4705808060876,1.085972850678733,1093,1080,12,0,1068,1063,62447,25,0,0,25,17
2020-08-01,US,Mississippi,Lauderdale,1321,88,0,32.40419769,-88.66229662,28075.0,1782.12478920742,6.661619984859954,1233,1316,88,0,1228,1281,75317,5,0,0,5,35
2020-08-01,US,Mississippi,Lawrence,307,5,0,31.55147224,-90.10841127,28077.0,2439.2181789289693,1.6286644951140066,302,300,5,0,295,297,12455,7,0,0,7,3
2020-08-01,US,Mississippi,Leake,762,25,0,32.7536828,-89.52402044,28079.0,3344.1586939348717,3.2808398950131235,737,755,25,0,730,740,22763,7,0,0,7,15
2020-08-01,US,Mississippi,Lee,1194,30,0,34.291877500000005,-88.68149954,28081.0,1397.5373378903507,2.512562814070352,1164,1162,29,0,1133,1115,85202,32,1,0,31,47
2020-08-01,US,Mississippi,Leflore,827,59,0,33.55545125,-90.29900733,28083.0,2934.393073838839,7.134220072551392,768,814,59,0,755,791,28919,13,0,0,13,23
2020-08-01,US,Mississippi,Lincoln,735,39,0,31.53288662,-90.45391915,28085.0,2152.080344332855,5.306122448979592,696,730,38,0,692,716,34205,5,1,0,4,14
2020-08-01,US,Mississippi,Lowndes,958,30,0,33.47386518,-88.44191529999998,28087.0,1634.951787695196,3.1315240083507305,928,941,30,0,911,922,58930,17,0,0,17,19
2020-08-01,US,Mississippi,Madison,2272,53,0,32.63389156,-90.03513564,28089.0,2137.9102679915686,2.3327464788732395,2219,2250,50,0,2200,2211,105630,22,3,0,19,39
2020-08-01,US,Mississippi,Marion,594,18,0,31.23132643,-89.8209217,28091.0,2417.2872665120253,3.0303030303030303,576,581,17,0,564,569,24715,13,1,0,12,12
2020-08-01,US,Mississippi,Marshall,556,8,0,34.76216286,-89.50299462,28093.0,1575.338584461948,1.4388489208633093,548,536,8,0,528,526,35451,20,0,0,20,10
2020-08-01,US,Mississippi,Monroe,687,50,0,33.89236763,-88.4808438,28095.0,1948.8255985476,7.27802037845706,637,675,50,0,625,649,35564,12,0,0,12,26
2020-08-01,US,Mississippi,Montgomery,291,3,0,33.49419589,-89.61729103,28097.0,2976.982097186701,1.0309278350515465,288,276,3,0,273,266,10023,15,0,0,15,10
2020-08-01,US,Mississippi,Neshoba,1190,87,0,32.75339664,-89.11726492,28099.0,4086.8191496668733,7.310924369747899,1103,1186,87,0,1099,1167,29125,4,0,0,4,19
2020-08-01,US,Mississippi,Newton,514,11,0,32.40021118,-89.11843336,28101.0,2445.522885146065,2.140077821011673,503,514,11,0,503,509,21443,0,0,0,0,5
2020-08-01,US,Mississippi,Noxubee,414,10,0,33.11009499,-88.56949061,28103.0,3974.272823269656,2.415458937198068,404,411,10,0,401,403,10535,3,0,0,3,8
2020-08-01,US,Mississippi,Oktibbeha,1044,34,0,33.42491685,-88.87905132,28105.0,2105.390525742634,3.2567049808429123,1010,1039,34,0,1005,1024,49599,5,0,0,5,15
2020-08-01,US,Mississippi,Panola,896,11,0,34.36398677,-89.95064249,28107.0,2620.496022461395,1.2276785714285714,885,877,11,0,866,867,34178,19,0,0,19,10
2020-08-01,US,Mississippi,Pearl River,480,36,0,30.77090935,-89.58677275,28109.0,864.3197983253804,7.5,444,471,36,0,435,462,55387,9,0,0,9,9
2020-08-01,US,Mississippi,Perry,213,7,0,31.17161885,-88.99281835,28111.0,1779.0027562014532,3.286384976525821,206,209,7,0,202,205,11931,4,0,0,4,4
2020-08-01,US,Mississippi,Pike,819,32,0,31.17507789,-90.40392572,28113.0,2084.6059865607817,3.9072039072039066,787,808,30,0,778,803,39563,11,2,0,9,5
2020-08-01,US,Mississippi,Pontotoc,716,7,0,34.226046000000004,-89.03636807,28115.0,2225.399390812457,0.9776536312849162,709,699,7,0,692,673,31833,17,0,0,17,26
2020-08-01,US,Mississippi,Prentiss,331,6,0,34.61810501,-88.51986294,28117.0,1317.3605030645547,1.8126888217522656,325,318,6,0,312,307,25315,13,0,0,13,11
2020-08-01,US,Mississippi,Quitman,220,1,0,34.25157572,-90.28908,28119.0,3239.104829210836,0.4545454545454545,219,211,1,0,210,204,7051,9,0,0,9,7
2020-08-01,US,Mississippi,Rankin,2111,28,0,32.26469147,-89.94537876,28121.0,1359.5584494206905,1.3263855992420654,2083,2091,28,0,2063,2048,153902,20,0,0,20,43
2020-08-01,US,Mississippi,Scott,951,17,0,32.406704100000006,-89.53789439,28123.0,3381.453562793344,1.7875920084121977,934,947,17,0,930,944,28287,4,0,0,4,3
2020-08-01,US,Mississippi,Sharkey,180,1,0,32.88149103,-90.8159538,28125.0,4165.702383707475,0.5555555555555556,179,139,1,0,138,136,4377,41,0,0,41,3
2020-08-01,US,Mississippi,Simpson,707,26,0,31.91282117,-89.91716179,28127.0,2652.111936379323,3.6775106082036775,681,696,24,0,672,685,26758,11,2,0,9,11
2020-08-01,US,Mississippi,Smith,374,13,0,32.01744532,-89.50644846,28129.0,2349.836642372456,3.475935828877005,361,367,12,0,355,366,16002,7,1,0,6,1
2020-08-01,US,Mississippi,Stone,146,3,0,30.79187949,-89.11547539,28131.0,796.2478184991272,2.054794520547945,143,144,3,0,141,138,18717,2,0,0,2,6
2020-08-01,US,Mississippi,Sunflower,903,22,0,33.60192578,-90.58882684,28133.0,3596.176821983273,2.4363233665559245,881,893,21,0,872,873,25735,10,1,0,9,20
2020-08-01,US,Mississippi,Tallahatchie,446,10,0,33.95339918,-90.1729398,28135.0,3229.7776812223906,2.242152466367713,436,399,10,0,389,395,13987,47,0,0,47,4
2020-08-01,US,Mississippi,Tate,638,22,0,34.65133709,-89.94485778,28137.0,2252.745312665513,3.4482758620689653,616,621,21,0,600,594,28759,17,1,0,16,27
2020-08-01,US,Mississippi,Tippah,294,12,0,34.76872156,-88.90988194,28139.0,1335.4531001589826,4.081632653061225,282,285,12,0,273,269,21995,9,0,0,9,16
2020-08-01,US,Mississippi,Tishomingo,306,3,0,34.74023475,-88.23917219,28141.0,1578.702987153691,0.9803921568627452,303,299,3,0,296,293,19454,7,0,0,7,6
2020-08-01,US,Mississippi,Tunica,252,6,0,34.64967704,-90.37481167,28143.0,2616.279069767442,2.380952380952381,246,228,5,0,223,224,9944,24,1,0,23,4
2020-08-01,US,Mississippi,Union,513,13,0,34.49162015,-89.00776006,28145.0,1780.322748568454,2.53411306042885,500,503,13,0,490,467,28606,10,0,0,10,36
2020-08-01,US,Mississippi,Walthall,439,18,0,31.14971548,-90.10446654,28147.0,3072.9385412291754,4.100227790432802,421,425,18,0,407,420,14465,14,0,0,14,5
2020-08-01,US,Mississippi,Warren,964,25,0,32.35810271,-90.83352619,28149.0,2124.2370154910645,2.5933609958506225,939,946,25,0,921,930,46176,18,0,0,18,16
2020-08-01,US,Mississippi,Washington,1457,32,0,33.28392041,-90.94196237,28151.0,3318.2263317315355,2.1962937542896364,1425,1419,32,0,1387,1389,45063,38,0,0,38,30
2020-08-01,US,Mississippi,Wayne,731,21,0,31.64135687,-88.69573913,28153.0,3621.8599811722734,2.8727770177838576,710,729,21,0,708,717,20298,2,0,0,2,12
2020-08-01,US,Mississippi,Webster,195,12,0,33.61300486,-89.28392912,28155.0,2012.5915987201981,6.153846153846153,183,181,12,0,169,176,9788,14,0,0,14,5
2020-08-01,US,Mississippi,Wilkinson,183,12,0,31.16078225,-91.31018819,28157.0,2120.509849362689,6.557377049180328,171,178,12,0,166,173,8792,5,0,0,5,5
2020-08-01,US,Mississippi,Winston,566,15,0,33.08747908,-89.03391385,28159.0,3152.325257588416,2.6501766784452303,551,560,14,0,546,544,18165,6,1,0,5,16
2020-08-01,US,Mississippi,Yalobusha,312,10,0,34.02824175,-89.70762049999998,28161.0,2576.808721506442,3.2051282051282053,302,308,10,0,298,303,12392,4,0,0,4,5
2020-08-01,US,Mississippi,Yazoo,764,11,0,32.77890365,-90.39656148,28163.0,2573.256988885147,1.4397905759162304,753,757,11,0,746,747,28248,7,0,0,7,10
2020-08-01,US,Missouri,Adair,134,0,0,40.19058551,-92.60078167,29001.0,528.7456102276764,0.0,134,132,0,0,132,130,25339,2,0,0,2,2
2020-08-01,US,Missouri,Andrew,83,1,0,39.98492163,-94.80163024,29003.0,468.60885275519416,1.2048192771084338,82,81,1,0,80,80,17607,2,0,0,2,1
2020-08-01,US,Missouri,Atchison,11,0,0,40.43238737,-95.42970639,29005.0,213.88294769589734,0.0,11,11,0,0,11,11,5171,0,0,0,0,0
2020-08-01,US,Missouri,Audrain,192,1,0,39.215877,-91.84242683,29007.0,756.2628013234599,0.5208333333333334,191,192,1,0,191,190,25473,0,0,0,0,2
2020-08-01,US,Missouri,Barry,227,0,0,36.70978521,-93.82919888,29009.0,634.2731006733912,0.0,227,218,0,0,218,213,35886,9,0,0,9,5
2020-08-01,US,Missouri,Barton,65,0,0,37.50207671,-94.34757022,29011.0,553.0032329419771,0.0,65,65,0,0,65,64,11798,0,0,0,0,1
2020-08-01,US,Missouri,Bates,39,1,0,38.25271289,-94.34113157,29013.0,241.15755627009645,2.5641025641025643,38,36,1,0,35,34,16320,3,0,0,3,2
2020-08-01,US,Missouri,Benton,71,1,0,38.29503305,-93.28756116,29015.0,365.1699840559584,1.4084507042253518,70,71,1,0,70,66,19278,0,0,0,0,5
2020-08-01,US,Missouri,Bollinger,56,0,0,37.32449052,-90.02725304,29017.0,461.5511415148768,0.0,56,56,0,0,56,55,12169,0,0,0,0,1
2020-08-01,US,Missouri,Boone,1205,3,0,38.99186229,-92.30723575,29019.0,667.7269024675418,0.2489626556016597,1202,1152,3,0,1149,1125,180005,53,0,0,53,27
2020-08-01,US,Missouri,Buchanan,1056,10,0,39.65816401,-94.80138942,29021.0,1208.7358637425027,0.946969696969697,1046,1054,10,0,1044,1049,88571,2,0,0,2,5
2020-08-01,US,Missouri,Butler,239,2,0,36.71462476,-90.40421163,29023.0,562.6441922877725,0.8368200836820083,237,236,2,0,234,227,42639,3,0,0,3,9
2020-08-01,US,Missouri,Caldwell,30,1,0,39.65620858,-93.98308093,29025.0,332.59423503325945,3.333333333333333,29,30,1,0,29,29,9108,0,0,0,0,1
2020-08-01,US,Missouri,Callaway,123,1,0,38.83674754,-91.92186505,29027.0,274.90333683481214,0.8130081300813008,122,118,1,0,117,106,44889,5,0,0,5,12
2020-08-01,US,Missouri,Camden,294,4,0,38.02199522,-92.76083747,29029.0,634.9206349206347,1.3605442176870748,290,285,4,0,281,277,45815,9,0,0,9,8
2020-08-01,US,Missouri,Cape Girardeau,596,3,0,37.38489388,-89.6843587,29031.0,755.6643126117331,0.5033557046979866,593,594,3,0,591,578,78753,2,0,0,2,16
2020-08-01,US,Missouri,Carroll,98,0,0,39.42762566,-93.50626255,29033.0,1129.162345892384,0.0,98,95,0,0,95,89,8743,3,0,0,3,6
2020-08-01,US,Missouri,Carter,19,1,0,36.94160441,-90.96051322,29035.0,317.6195252423938,5.2631578947368425,18,18,1,0,17,14,6054,1,0,0,1,4
2020-08-01,US,Missouri,Cass,630,9,0,38.64789422,-94.353399,29037.0,595.5757231990924,1.4285714285714286,621,621,9,0,612,592,104954,9,0,0,9,29
2020-08-01,US,Missouri,Cedar,34,0,0,37.72391475,-93.85445441,29039.0,236.9503101261412,0.0,34,34,0,0,34,34,14165,0,0,0,0,0
2020-08-01,US,Missouri,Chariton,14,0,0,39.51499357,-92.9629191,29041.0,188.52679773767846,0.0,14,14,0,0,14,14,7451,0,0,0,0,0
2020-08-01,US,Missouri,Christian,275,1,0,36.9711783,-93.18537118,29043.0,310.4012641796941,0.3636363636363637,274,265,1,0,264,249,86983,10,0,0,10,16
2020-08-01,US,Missouri,Clark,13,0,0,40.41040752,-91.73661677,29045.0,191.26085037516552,0.0,13,11,0,0,11,8,6842,2,0,0,2,3
2020-08-01,US,Missouri,Clay,896,20,0,39.31132056,-94.41850862,29047.0,358.4745627090435,2.232142857142857,876,882,19,0,863,857,246365,14,1,0,13,25
2020-08-01,US,Missouri,Clinton,61,0,0,39.6013098,-94.40465394,29049.0,299.2102810614608,0.0,61,61,0,0,61,59,20470,0,0,0,0,2
2020-08-01,US,Missouri,Cole,307,2,0,38.50455671,-92.27860244,29051.0,400.02606032966315,0.6514657980456026,305,288,2,0,286,269,76796,19,0,0,19,19
2020-08-01,US,Missouri,Cooper,91,0,0,38.844478,-92.80896081,29053.0,513.8630075103055,0.0,91,86,0,0,86,77,17603,5,0,0,5,9
2020-08-01,US,Missouri,Crawford,52,0,0,37.97663738,-91.30528104,29055.0,217.3913043478261,0.0,52,47,0,0,47,40,23957,5,0,0,5,7
2020-08-01,US,Missouri,Dade,14,0,0,37.431814,-93.8503345,29057.0,185.16069303002246,0.0,14,14,0,0,14,14,7569,0,0,0,0,0
2020-08-01,US,Missouri,Dallas,48,1,0,37.6811355,-93.02127031,29059.0,284.3938855314612,2.083333333333333,47,47,1,0,46,46,16762,1,0,0,1,1
2020-08-01,US,Missouri,Daviess,17,0,0,39.96145298,-93.98519678,29061.0,205.36361439961343,0.0,17,17,0,0,17,17,8313,0,0,0,0,0
2020-08-01,US,Missouri,DeKalb,32,1,0,39.89201062,-94.40476508,29063.0,255.04104566828724,3.125,31,32,1,0,31,31,12630,0,0,0,0,1
2020-08-01,US,Missouri,Dent,9,0,0,37.60663134,-91.50790473,29065.0,57.792332883837396,0.0,9,9,0,0,9,9,15441,0,0,0,0,0
2020-08-01,US,Missouri,Douglas,73,2,0,36.9325593,-92.49905109,29067.0,553.6594615092908,2.7397260273972597,71,68,2,0,66,61,13373,5,0,0,5,7
2020-08-01,US,Missouri,Dunklin,242,4,0,36.27167174,-90.09122243,29069.0,830.7301500120147,1.6528925619834711,238,239,4,0,235,234,29423,3,0,0,3,5
2020-08-01,US,Missouri,Franklin,516,18,0,38.41127108,-91.07522826,29071.0,496.3113295564939,3.4883720930232562,498,509,18,0,491,490,103670,7,0,0,7,19
2020-08-01,US,Missouri,Gasconade,20,0,0,38.43947277,-91.50847147,29073.0,135.99891200870394,0.0,20,19,0,0,19,19,14705,1,0,0,1,0
2020-08-01,US,Missouri,Gentry,79,9,0,40.21097916,-94.40944419,29075.0,1202.2523208035307,11.39240506329114,70,79,9,0,70,82,6628,0,0,0,0,-3
2020-08-01,US,Missouri,Greene,1204,10,0,37.2575872,-93.34230916,29077.0,410.8009253256723,0.8305647840531561,1194,1182,10,0,1172,1126,291923,22,0,0,22,56
2020-08-01,US,Missouri,Grundy,24,1,0,40.11406587,-93.56509276,29079.0,243.65482233502541,4.166666666666667,23,24,1,0,23,24,9914,0,0,0,0,0
2020-08-01,US,Missouri,Harrison,60,1,0,40.35570088,-93.99222144,29081.0,718.3908045977013,1.6666666666666667,59,59,1,0,58,58,8414,1,0,0,1,1
2020-08-01,US,Missouri,Henry,69,3,0,38.38482826,-93.79293734,29083.0,316.16568914956014,4.3478260869565215,66,69,3,0,66,64,21792,0,0,0,0,5
2020-08-01,US,Missouri,Hickory,16,0,0,37.94163617,-93.3203037,29085.0,167.64459346186086,0.0,16,16,0,0,16,16,9509,0,0,0,0,0
2020-08-01,US,Missouri,Holt,6,0,0,40.09799248,-95.2163888,29087.0,136.2707245060186,0.0,6,6,0,0,6,6,4404,0,0,0,0,0
2020-08-01,US,Missouri,Howard,45,0,0,39.1435761,-92.69756691,29089.0,449.9550044995501,0.0,45,43,0,0,43,42,10137,2,0,0,2,1
2020-08-01,US,Missouri,Howell,133,2,0,36.77383887,-91.88683935,29091.0,331.53027394869997,1.5037593984962403,131,127,1,0,126,123,40076,6,1,0,5,4
2020-08-01,US,Missouri,Iron,14,0,0,37.55487945,-90.7735296,29093.0,138.2716049382716,0.0,14,12,0,0,12,10,10177,2,0,0,2,2
2020-08-01,US,Missouri,Jackson,3396,59,0,39.01002188,-94.34724536,29095.0,483.06498760332335,1.7373380447585394,3337,3320,57,0,3263,3189,700307,76,2,0,74,131
2020-08-01,US,Missouri,Jasper,1646,25,0,37.20351921,-94.34050458,29097.0,1356.6530396940525,1.5188335358444711,1621,1626,24,0,1602,1608,120636,20,1,0,19,18
2020-08-01,US,Missouri,Jefferson,1328,24,0,38.25926778,-90.53870896,29099.0,590.0098186874948,1.8072289156626504,1304,1295,24,0,1271,1231,224347,33,0,0,33,64
2020-08-01,US,Missouri,Johnson,463,2,0,38.74719601,-93.80691168,29101.0,856.4241056564688,0.4319654427645788,461,454,2,0,452,445,53652,9,0,0,9,9
2020-08-01,US,Missouri,Kansas City,5865,53,0,39.0997,-94.5786,0.0,1199.526325154466,0.9036658141517476,5812,5798,51,0,5747,5672,491918,67,2,0,65,126
2020-08-01,US,Missouri,Knox,11,0,0,40.12699751,-92.14780832,29103.0,277.8479413993433,0.0,11,9,0,0,9,9,3947,2,0,0,2,0
2020-08-01,US,Missouri,Laclede,194,1,0,37.65896829,-92.5888493,29105.0,543.0674915320661,0.5154639175257731,193,188,1,0,187,187,35713,6,0,0,6,1
2020-08-01,US,Missouri,Lafayette,151,2,0,39.06986886,-93.78076396,29107.0,461.66075577840286,1.3245033112582782,149,150,2,0,148,145,32598,1,0,0,1,5
2020-08-01,US,Missouri,Lawrence,184,2,0,37.10626634,-93.83293097,29109.0,479.7288489114848,1.0869565217391304,182,182,2,0,180,172,38359,2,0,0,2,10
2020-08-01,US,Missouri,Lewis,32,1,0,40.09673161,-91.72070156,29111.0,327.33224222585926,3.125,31,27,1,0,26,26,9855,5,0,0,5,1
2020-08-01,US,Missouri,Lincoln,293,1,0,39.05345619,-90.95588181,29113.0,496.5007710165557,0.3412969283276451,292,288,1,0,287,272,57686,5,0,0,5,16
2020-08-01,US,Missouri,Linn,30,1,0,39.87001769,-93.10704106,29115.0,251.6778523489933,3.333333333333333,29,30,1,0,29,30,12037,0,0,0,0,0
2020-08-01,US,Missouri,Livingston,53,0,0,39.78110272,-93.54645978,29117.0,348.06593550929273,0.0,53,51,0,0,51,47,15146,2,0,0,2,4
2020-08-01,US,Missouri,Macon,53,0,0,39.83049768,-92.56453089,29121.0,350.5986637560363,0.0,53,52,0,0,52,47,15153,1,0,0,1,5
2020-08-01,US,Missouri,Madison,17,0,0,37.47865134,-90.3467143,29123.0,140.63534083388484,0.0,17,17,0,0,17,16,12188,0,0,0,0,1
2020-08-01,US,Missouri,Maries,14,0,0,38.16193985,-91.92249662,29125.0,160.97504886742556,0.0,14,11,0,0,11,11,8769,3,0,0,3,0
2020-08-01,US,Missouri,Marion,150,1,0,39.80601912,-91.62203062,29127.0,525.7623554153523,0.6666666666666666,149,139,1,0,138,127,28592,11,0,0,11,12
2020-08-01,US,Missouri,McDonald,926,7,0,36.62869595,-94.34867205,29119.0,4054.823313044621,0.7559395248380129,919,925,7,0,918,916,23078,1,0,0,1,9
2020-08-01,US,Missouri,Mercer,8,0,0,40.42212303,-93.5682959,29129.0,221.1777716339508,0.0,8,8,0,0,8,8,3641,0,0,0,0,0
2020-08-01,US,Missouri,Miller,93,0,0,38.21450288,-92.42610898,29131.0,363.01182715952996,0.0,93,89,0,0,89,82,25336,4,0,0,4,7
2020-08-01,US,Missouri,Mississippi,129,0,0,36.82516239,-89.29505753,29133.0,978.7556904400607,0.0,129,129,0,0,129,129,13336,0,0,0,0,0
2020-08-01,US,Missouri,Moniteau,121,2,0,38.63571781,-92.57976951,29135.0,750.0619885940988,1.6528925619834711,119,111,2,0,109,106,16121,10,0,0,10,5
2020-08-01,US,Missouri,Monroe,17,0,0,39.49593978,-92.00043978,29137.0,196.6682091624248,0.0,17,14,0,0,14,13,8664,3,0,0,3,1
2020-08-01,US,Missouri,Montgomery,33,0,0,38.94022054,-91.47000721,29139.0,285.68955068825215,0.0,33,33,0,0,33,33,11534,0,0,0,0,0
2020-08-01,US,Missouri,Morgan,62,0,0,38.4181765,-92.88791859,29141.0,300.57691375381785,0.0,62,62,0,0,62,61,20358,0,0,0,0,1
2020-08-01,US,Missouri,New Madrid,179,1,0,36.59666326,-89.66070007,29143.0,1048.2548606230966,0.5586592178770949,178,171,1,0,170,161,17296,8,0,0,8,10
2020-08-01,US,Missouri,Newton,799,6,0,36.90519407,-94.3394104,29145.0,1372.0035716738787,0.7509386733416771,793,794,5,0,789,781,58266,5,1,0,4,13
2020-08-01,US,Missouri,Nodaway,153,0,0,40.36079813,-94.88133008,29147.0,692.558392178164,0.0,153,147,0,0,147,137,22304,6,0,0,6,10
2020-08-01,US,Missouri,Oregon,13,0,0,36.68710164,-91.4033755,29149.0,123.46851552854021,0.0,13,13,0,0,13,13,10541,0,0,0,0,0
2020-08-01,US,Missouri,Osage,37,0,0,38.46036182,-91.8613635,29151.0,271.75908923980904,0.0,37,36,0,0,36,32,13714,1,0,0,1,4
2020-08-01,US,Missouri,Ozark,6,0,0,36.64916339,-92.44459066,29153.0,65.40222367560497,0.0,6,6,0,0,6,6,9017,0,0,0,0,0
2020-08-01,US,Missouri,Pemiscot,204,8,0,36.2130572,-89.78742322,29155.0,1290.7307813982916,3.92156862745098,196,199,8,0,191,194,16272,5,0,0,5,5
2020-08-01,US,Missouri,Perry,202,4,0,37.70660776,-89.82741088,29157.0,1055.6020066889632,1.98019801980198,198,201,4,0,197,194,19150,1,0,0,1,7
2020-08-01,US,Missouri,Pettis,407,3,0,38.72798918,-93.28471706,29159.0,961.2886464016627,0.7371007371007371,404,405,3,0,402,382,42542,2,0,0,2,23
2020-08-01,US,Missouri,Phelps,75,0,0,37.87736118,-91.79351727,29161.0,168.26329840935097,0.0,75,72,0,0,72,69,44732,3,0,0,3,3
2020-08-01,US,Missouri,Pike,69,1,0,39.34310674,-91.16980779,29163.0,377.00797727024366,1.4492753623188406,68,68,1,0,67,67,18504,1,0,0,1,1
2020-08-01,US,Missouri,Platte,308,10,0,39.38154439,-94.77068479,29165.0,294.96830048459077,3.2467532467532467,298,301,7,0,294,295,102985,7,3,0,4,6
2020-08-01,US,Missouri,Polk,189,0,0,37.6162296,-93.39828174,29167.0,587.8876481383558,0.0,189,187,0,0,187,186,32201,2,0,0,2,1
2020-08-01,US,Missouri,Pulaski,179,1,0,37.82462075,-92.20783203,29169.0,340.25890090672345,0.5586592178770949,178,178,1,0,177,176,52014,1,0,0,1,2
2020-08-01,US,Missouri,Putnam,10,1,0,40.47942497,-93.02042674,29171.0,212.94718909710392,10.0,9,8,1,0,7,7,4757,2,0,0,2,1
2020-08-01,US,Missouri,Ralls,21,0,0,39.52817427,-91.51838643,29173.0,203.7055000485013,0.0,21,20,0,0,20,24,10212,1,0,0,1,-4
2020-08-01,US,Missouri,Randolph,55,1,0,39.44007257,-92.4971374,29175.0,222.24018102472928,1.818181818181818,54,52,1,0,51,50,24763,3,0,0,3,2
2020-08-01,US,Missouri,Ray,90,0,0,39.3537468,-93.98905745,29177.0,390.99834911808153,0.0,90,87,0,0,87,79,22883,3,0,0,3,8
2020-08-01,US,Missouri,Reynolds,16,0,0,37.36085952,-90.97009925,29179.0,255.18341307814998,0.0,16,17,0,0,17,16,6254,-1,0,0,-1,1
2020-08-01,US,Missouri,Ripley,41,0,0,36.65460667,-90.85990261,29181.0,308.54906682721247,0.0,41,41,0,0,41,39,13401,0,0,0,0,2
2020-08-01,US,Missouri,Saline,409,7,0,39.13734288,-93.20259964,29195.0,1796.9333509072535,1.7114914425427872,402,407,7,0,400,399,22895,2,0,0,2,8
2020-08-01,US,Missouri,Schuyler,9,0,0,40.46921489,-92.52311943,29197.0,193.13304721030042,0.0,9,9,0,0,9,9,4599,0,0,0,0,0
2020-08-01,US,Missouri,Scotland,12,1,0,40.45214695,-92.14709064,29199.0,244.79804161566707,8.333333333333334,11,12,1,0,11,12,4966,0,0,0,0,0
2020-08-01,US,Missouri,Scott,341,13,0,37.05588075,-89.56474493,29201.0,890.8045977011494,3.812316715542522,328,342,13,0,329,330,38458,-1,0,0,-1,12
2020-08-01,US,Missouri,Shannon,43,1,0,37.15772072,-91.40190382,29203.0,526.573597844722,2.3255813953488373,42,43,1,0,42,43,8189,0,0,0,0,0
2020-08-01,US,Missouri,Shelby,28,0,0,39.79742518,-92.07634971,29205.0,472.1753794266442,0.0,28,14,0,0,14,11,6050,14,0,0,14,3
2020-08-01,US,Missouri,St. Charles,3508,87,0,38.77875681,-90.66662425,29183.0,872.5890622901235,2.480045610034208,3421,3432,87,0,3345,3288,399182,76,0,0,76,144
2020-08-01,US,Missouri,St. Clair,18,0,0,38.03699437,-93.77631447,29185.0,191.5504948387783,0.0,18,17,0,0,17,15,9395,1,0,0,1,2
2020-08-01,US,Missouri,St. Francois,297,2,0,37.81214171,-90.47598685,29187.0,441.865654987726,0.6734006734006734,295,285,2,0,283,272,66692,12,0,0,12,13
2020-08-01,US,Missouri,St. Louis,13162,650,0,38.63770039999999,-90.4458375,29189.0,1323.8718372971366,4.9384592007293735,12512,12880,650,0,12230,12548,996945,282,0,0,282,332
2020-08-01,US,Missouri,St. Louis City,4579,169,0,38.63555736,-90.24349225,29510.0,1523.4083892260196,3.690762175147412,4410,4491,169,0,4322,4411,302838,88,0,0,88,80
2020-08-01,US,Missouri,Ste. Genevieve,43,1,0,37.89090059,-90.1949941,29186.0,240.30401251816247,2.3255813953488373,42,46,1,0,45,45,17888,-3,0,0,-3,1
2020-08-01,US,Missouri,Stoddard,207,9,0,36.85571651,-89.9444155,29207.0,713.1782945736434,4.3478260869565215,198,208,9,0,199,205,29206,-1,0,0,-1,3
2020-08-01,US,Missouri,Stone,82,1,0,36.75000327,-93.45256475,29209.0,256.634952428643,1.2195121951219512,81,80,1,0,79,79,31749,2,0,0,2,1
2020-08-01,US,Missouri,Sullivan,134,0,0,40.2099105,-93.11150106,29211.0,2200.6897684348824,0.0,134,134,0,0,134,132,6221,0,0,0,0,2
2020-08-01,US,Missouri,Taney,403,3,0,36.65465345,-93.04075153,29213.0,720.569303390073,0.7444168734491315,400,391,3,0,388,374,55852,12,0,0,12,17
2020-08-01,US,Missouri,Texas,35,0,0,37.31728859,-91.96564727,29215.0,137.8061264666509,0.0,35,32,0,0,32,31,25571,3,0,0,3,1
2020-08-01,US,Missouri,Vernon,44,0,0,37.8457799,-94.34127305,29217.0,213.97655984049013,0.0,44,44,0,0,44,46,20528,0,0,0,0,-2
2020-08-01,US,Missouri,Warren,157,0,0,38.76529479,-91.16124662,29219.0,440.40506045050347,0.0,157,153,0,0,153,144,34711,4,0,0,4,9
2020-08-01,US,Missouri,Washington,54,1,0,37.96130078,-90.87948158,29221.0,218.35826930853213,1.851851851851852,53,55,1,0,54,54,24943,-1,0,0,-1,1
2020-08-01,US,Missouri,Wayne,34,0,0,37.11303869,-90.46001416,29223.0,264.11869805018256,0.0,34,31,0,0,31,24,13122,3,0,0,3,7
2020-08-01,US,Missouri,Webster,113,1,0,37.2813734,-92.876329,29225.0,285.4111941806425,0.8849557522123894,112,111,1,0,110,107,39109,2,0,0,2,4
2020-08-01,US,Missouri,Worth,8,0,0,40.47945588,-94.42328751,29227.0,397.4167908594138,0.0,8,8,0,0,8,8,2040,0,0,0,0,0
2020-08-01,US,Missouri,Wright,58,0,0,37.27029221,-92.46914488,29229.0,317.13051561047627,0.0,58,56,0,0,56,54,18378,2,0,0,2,2
2020-08-01,US,Montana,Beaverhead,47,0,0,45.13434354,-112.89846940000001,30001.0,497.1966571458796,0.0,47,45,0,0,45,33,9404,2,0,0,2,12
2020-08-01,US,Montana,Big Horn,319,9,0,45.42335905,-107.492347,30003.0,2395.0747053082064,2.8213166144200628,310,312,9,0,303,301,13338,7,0,0,7,11
2020-08-01,US,Montana,Blaine,8,0,0,48.43175214,-108.9582723,30005.0,119.7425535099536,0.0,8,7,0,0,7,7,6807,1,0,0,1,0
2020-08-01,US,Montana,Broadwater,10,0,0,46.33277565,-111.49558130000001,30007.0,160.333493666827,0.0,10,10,0,0,10,10,6085,0,0,0,0,0
2020-08-01,US,Montana,Carbon,57,0,0,45.22850116,-109.0274047,30009.0,531.4685314685315,0.0,57,57,0,0,57,50,10714,0,0,0,0,7
2020-08-01,US,Montana,Cascade,144,2,0,47.30797024,-111.3467922,30013.0,176.97809896025367,1.3888888888888888,142,136,2,0,134,135,81643,8,0,0,8,1
2020-08-01,US,Montana,Chouteau,6,0,0,47.88084126,-110.4353362,30015.0,106.47737355811891,0.0,6,6,0,0,6,3,5745,0,0,0,0,3
2020-08-01,US,Montana,Custer,52,2,0,46.25319932,-105.57375259999998,30017.0,456.060340291177,3.8461538461538463,50,52,2,0,50,52,11586,0,0,0,0,0
2020-08-01,US,Montana,Daniels,2,0,0,48.78420029,-105.54763429999998,30019.0,118.3431952662722,0.0,2,2,0,0,2,2,1747,0,0,0,0,0
2020-08-01,US,Montana,Dawson,16,0,0,47.26584855,-104.89444170000002,30021.0,185.76570300708232,0.0,16,14,0,0,14,14,8680,2,0,0,2,0
2020-08-01,US,Montana,Deer Lodge,20,0,0,46.05953325,-113.073353,30023.0,218.81838074398246,0.0,20,20,0,0,20,20,9131,0,0,0,0,0
2020-08-01,US,Montana,Fallon,2,0,0,46.33478338,-104.41835649999999,30025.0,70.27406886858749,0.0,2,2,0,0,2,2,2920,0,0,0,0,0
2020-08-01,US,Montana,Fergus,6,0,0,47.26331584,-109.2245206,30027.0,54.29864253393665,0.0,6,6,0,0,6,6,11113,0,0,0,0,0
2020-08-01,US,Montana,Flathead,253,2,0,48.29575866,-114.05205690000001,30029.0,243.72386952584628,0.7905138339920948,251,237,2,0,235,220,102106,16,0,0,16,17
2020-08-01,US,Montana,Gallatin,864,3,0,45.54486106,-111.1692571,30031.0,755.0203610814967,0.3472222222222222,861,849,2,0,847,833,111876,15,1,0,14,16
2020-08-01,US,Montana,Garfield,12,0,0,47.27545948,-107.0002351,30033.0,953.8950715421304,0.0,12,12,0,0,12,12,1268,0,0,0,0,0
2020-08-01,US,Montana,Glacier,54,1,0,48.70513576,-112.9934235,30035.0,392.64160546789793,1.851851851851852,53,53,1,0,52,52,13747,1,0,0,1,1
2020-08-01,US,Montana,Golden Valley,3,0,0,46.3816474,-109.17685220000001,30037.0,365.4080389768576,0.0,3,3,0,0,3,3,826,0,0,0,0,0
2020-08-01,US,Montana,Granite,7,0,0,46.40605220000001,-113.4414186,30039.0,207.16188221367267,0.0,7,6,0,0,6,6,3378,1,0,0,1,0
2020-08-01,US,Montana,Hill,40,0,0,48.62879827,-110.1129252,30041.0,242.6595486532395,0.0,40,40,0,0,40,43,16347,0,0,0,0,-3
2020-08-01,US,Montana,Jefferson,25,0,0,46.14907081,-112.094396,30043.0,204.5659111365682,0.0,25,22,0,0,22,21,12097,3,0,0,3,1
2020-08-01,US,Montana,Judith Basin,3,0,0,47.04581276,-110.26606880000001,30045.0,149.47683109118088,0.0,3,3,0,0,3,3,1952,0,0,0,0,0
2020-08-01,US,Montana,Lake,165,1,0,47.64514965,-114.0898013,30047.0,541.7295948519272,0.6060606060606061,164,165,1,0,164,160,30250,0,0,0,0,5
2020-08-01,US,Montana,Lewis and Clark,129,1,0,47.12610041,-112.39469799999999,30049.0,185.7932941583132,0.7751937984496124,128,122,1,0,121,119,68700,7,0,0,7,3
2020-08-01,US,Montana,Liberty,1,0,0,48.56084317,-111.02430700000001,30051.0,42.78990158322636,0.0,1,1,0,0,1,1,2430,0,0,0,0,0
2020-08-01,US,Montana,Lincoln,69,2,0,48.54265777,-115.4046155,30053.0,345.3453453453453,2.898550724637681,67,68,2,0,66,60,19794,1,0,0,1,8
2020-08-01,US,Montana,Madison,74,1,0,45.30080065,-111.9173017,30057.0,860.4651162790698,1.351351351351351,73,73,1,0,72,69,8768,1,0,0,1,4
2020-08-01,US,Montana,McCone,1,0,0,47.64469406,-105.79449939999999,30055.0,60.09615384615386,0.0,1,1,0,0,1,1,1675,0,0,0,0,0
2020-08-01,US,Montana,Meagher,4,0,0,46.59907074,-110.8898557,30059.0,214.8227712137487,0.0,4,4,0,0,4,4,1866,0,0,0,0,0
2020-08-01,US,Montana,Missoula,256,1,0,47.03728583,-113.92135079999998,30063.0,214.04682274247486,0.390625,255,247,1,0,246,234,118791,9,0,0,9,13
2020-08-01,US,Montana,Musselshell,2,0,0,46.49684637,-108.39498,30065.0,43.16857327865314,0.0,2,2,0,0,2,2,4651,0,0,0,0,0
2020-08-01,US,Montana,Park,47,0,0,45.48965095,-110.52643940000002,30067.0,283.0302300373359,0.0,47,47,0,0,47,47,16736,0,0,0,0,0
2020-08-01,US,Montana,Pondera,9,0,0,48.22773388,-112.22527029999999,30073.0,152.25850109964472,0.0,9,9,0,0,9,9,5972,0,0,0,0,0
2020-08-01,US,Montana,Powder River,1,0,0,45.39617714,-105.636738,30075.0,59.453032104637344,0.0,1,1,0,0,1,1,1716,0,0,0,0,0
2020-08-01,US,Montana,Powell,2,0,0,46.85538891,-112.93591640000001,30077.0,29.027576197387518,0.0,2,2,0,0,2,2,6968,0,0,0,0,0
2020-08-01,US,Montana,Ravalli,72,1,0,46.08520862,-114.11891640000002,30081.0,164.36104643199562,1.3888888888888888,71,65,1,0,64,64,43172,7,0,0,7,1
2020-08-01,US,Montana,Richland,46,1,0,47.78668011,-104.5610786,30083.0,425.80764602425245,2.1739130434782608,45,45,1,0,44,45,10913,1,0,0,1,0
2020-08-01,US,Montana,Roosevelt,19,0,0,48.29607488,-105.00792679999999,30085.0,172.6644856415849,0.0,19,17,0,0,17,17,11059,2,0,0,2,0
2020-08-01,US,Montana,Rosebud,22,1,0,46.23397237,-106.72928799999998,30087.0,246.16761776882626,4.545454545454546,21,22,1,0,21,20,9063,0,0,0,0,2
2020-08-01,US,Montana,Sanders,9,0,0,47.67657534,-115.1329916,30089.0,74.30033847931973,0.0,9,9,0,0,9,9,11844,0,0,0,0,0
2020-08-01,US,Montana,Sheridan,3,0,0,48.72085833,-104.50382900000001,30091.0,90.66183136899366,0.0,3,3,0,0,3,3,3424,0,0,0,0,0
2020-08-01,US,Montana,Silver Bow,64,0,0,45.90018933,-112.6620092,30093.0,183.3023055993126,0.0,64,61,0,0,61,51,34993,3,0,0,3,10
2020-08-01,US,Montana,Stillwater,19,0,0,45.67071407,-109.3950061,30095.0,197.05455299730343,0.0,19,18,0,0,18,18,9534,1,0,0,1,0
2020-08-01,US,Montana,Sweet Grass,4,1,0,45.81367654,-109.9425686,30097.0,107.03773080010704,25.0,3,4,1,0,3,4,3710,0,0,0,0,0
2020-08-01,US,Montana,Teton,15,0,0,47.83741052,-112.24106880000001,30099.0,244.0214738897023,0.0,15,15,0,0,15,15,6162,0,0,0,0,0
2020-08-01,US,Montana,Toole,31,6,0,48.65577551,-111.69424140000001,30101.0,654.5608108108107,19.354838709677423,25,31,6,0,25,31,4853,0,0,0,0,0
2020-08-01,US,Montana,Treasure,2,0,0,46.20973220000001,-107.26665159999999,30103.0,287.3563218390805,0.0,2,2,0,0,2,2,679,0,0,0,0,0
2020-08-01,US,Montana,Valley,11,0,0,48.36435097,-106.6669635,30105.0,148.72904272579774,0.0,11,11,0,0,11,11,7437,0,0,0,0,0
2020-08-01,US,Montana,Wheatland,3,0,0,46.46652491,-109.84646359999999,30107.0,141.11006585136406,0.0,3,3,0,0,3,3,2236,0,0,0,0,0
2020-08-01,US,Montana,Wibaux,3,0,0,46.95925154,-104.2510927,30109.0,309.59752321981426,0.0,3,1,0,0,1,1,1034,2,0,0,2,0
2020-08-01,US,Montana,Yellowstone,1048,26,0,45.93955949,-108.26914860000001,30111.0,649.7210167389958,2.480916030534351,1022,1022,26,0,996,983,160137,26,0,0,26,39
2020-08-01,US,Nebraska,Adams,340,11,0,40.52449420000001,-98.50117804,31001.0,1084.079966839907,3.2352941176470584,329,339,11,0,328,336,31511,1,0,0,1,3
2020-08-01,US,Nebraska,Antelope,18,1,0,42.17695516,-98.06662829999999,31003.0,285.8050174658622,5.5555555555555545,17,18,1,0,17,18,6336,0,0,0,0,0
2020-08-01,US,Nebraska,Banner,2,0,0,41.54634427,-103.7114332,31007.0,268.4563758389262,0.0,2,2,0,0,2,2,730,0,0,0,0,0
2020-08-01,US,Nebraska,Boone,7,0,0,41.70759415,-98.06737183,31011.0,134.82280431432974,0.0,7,7,0,0,7,7,5239,0,0,0,0,0
2020-08-01,US,Nebraska,Box Butte,11,0,0,42.22079243,-103.08788340000001,31013.0,102.01242696837616,0.0,11,10,0,0,10,10,10772,1,0,0,1,0
2020-08-01,US,Nebraska,Boyd,1,0,0,42.899727399999996,-98.76486568,31015.0,52.110474205315285,0.0,1,1,0,0,1,1,1955,0,0,0,0,0
2020-08-01,US,Nebraska,Buffalo,333,1,0,40.85486962,-99.07500296,31019.0,670.5733099740229,0.3003003003003003,332,329,1,0,328,319,49615,4,0,0,4,10
2020-08-01,US,Nebraska,Burt,22,0,0,41.85056773,-96.32605633,31021.0,340.61000154822733,0.0,22,19,0,0,19,18,6488,3,0,0,3,1
2020-08-01,US,Nebraska,Butler,56,0,0,41.22703692,-97.13106306,31023.0,698.6027944111778,0.0,56,56,0,0,56,54,8058,0,0,0,0,2
2020-08-01,US,Nebraska,Cass,156,1,0,40.90899107,-96.13971217,31025.0,594.3309966473637,0.6410256410256411,155,154,1,0,153,152,26159,2,0,0,2,2
2020-08-01,US,Nebraska,Cedar,21,0,0,42.598885100000004,-97.25311951,31027.0,249.94049035943826,0.0,21,21,0,0,21,21,8446,0,0,0,0,0
2020-08-01,US,Nebraska,Chase,6,0,0,40.523719799999995,-101.69780259999999,31029.0,152.9051987767584,0.0,6,6,0,0,6,4,3977,0,0,0,0,2
2020-08-01,US,Nebraska,Cherry,4,0,0,42.54502621,-101.1244332,31031.0,70.31112673580594,0.0,4,4,0,0,4,4,5761,0,0,0,0,0
2020-08-01,US,Nebraska,Cheyenne,26,0,0,41.21999357,-102.9941693,31033.0,291.8069584736251,0.0,26,26,0,0,26,25,9310,0,0,0,0,1
2020-08-01,US,Nebraska,Clay,47,0,0,40.52439441,-98.05126296,31035.0,757.6978881186521,0.0,47,47,0,0,47,46,6214,0,0,0,0,1
2020-08-01,US,Nebraska,Colfax,692,4,0,41.57486951,-97.0868542,31037.0,6461.854514894015,0.5780346820809249,688,692,4,0,688,692,10881,0,0,0,0,0
2020-08-01,US,Nebraska,Cuming,57,0,0,41.91637624,-96.78730772,31039.0,644.359032330997,0.0,57,57,0,0,57,52,8940,0,0,0,0,5
2020-08-01,US,Nebraska,Custer,43,4,0,41.39374521,-99.72805369,31041.0,398.9978658253688,9.30232558139535,39,43,4,0,39,43,10840,0,0,0,0,0
2020-08-01,US,Nebraska,Dakota,1901,41,0,42.39040144,-96.56656425,31043.0,9492.659542594627,2.156759600210416,1860,1901,41,0,1860,1896,20083,0,0,0,0,5
2020-08-01,US,Nebraska,Dawes,8,0,0,42.71985036,-103.1313774,31045.0,93.1423914309,0.0,8,8,0,0,8,5,8716,0,0,0,0,3
2020-08-01,US,Nebraska,Dawson,943,9,0,40.87028216,-99.82014609999999,31047.0,3996.609451154906,0.9544008483563096,934,942,9,0,933,939,23709,1,0,0,1,3
2020-08-01,US,Nebraska,Deuel,1,0,0,41.11168186,-102.33333309999999,31049.0,55.74136008918617,0.0,1,1,0,0,1,1,1825,0,0,0,0,0
2020-08-01,US,Nebraska,Dixon,56,2,0,42.49188363,-96.86782408,31051.0,993.61249112846,3.571428571428572,54,56,2,0,54,56,5709,0,0,0,0,0
2020-08-01,US,Nebraska,Dodge,758,8,0,41.58071748,-96.65598179,31053.0,2073.0206481608097,1.0554089709762533,750,755,8,0,747,750,36791,3,0,0,3,5
2020-08-01,US,Nebraska,Douglas,10340,131,0,41.29518299,-96.15085305,31055.0,1809.821695806429,1.2669245647969052,10209,10241,131,0,10110,10050,566880,99,0,0,99,191
2020-08-01,US,Nebraska,Dundy,1,0,0,40.17638677,-101.6876522,31057.0,59.06674542232722,0.0,1,1,0,0,1,1,1770,0,0,0,0,0
2020-08-01,US,Nebraska,Fillmore,23,1,0,40.52458567,-97.59646937,31059.0,421.0911753936287,4.3478260869565215,22,22,1,0,21,22,5527,1,0,0,1,0
2020-08-01,US,Nebraska,Franklin,9,0,0,40.17636348,-98.95299073,31061.0,302.1148036253776,0.0,9,9,0,0,9,9,3023,0,0,0,0,0
2020-08-01,US,Nebraska,Frontier,3,0,0,40.52993007,-100.3924658,31063.0,114.19870574800152,0.0,3,3,0,0,3,3,2608,0,0,0,0,0
2020-08-01,US,Nebraska,Furnas,15,1,0,40.17642064,-99.91247454,31065.0,320.786997433704,6.666666666666668,14,15,1,0,14,15,4715,0,0,0,0,0
2020-08-01,US,Nebraska,Gage,81,4,0,40.26186809,-96.68946704,31067.0,376.5165248919258,4.938271604938271,77,81,4,0,77,78,21493,0,0,0,0,3
2020-08-01,US,Nebraska,Garden,4,0,0,41.61703149,-102.3313973,31069.0,217.74632553075668,0.0,4,4,0,0,4,4,1897,0,0,0,0,0
2020-08-01,US,Nebraska,Garfield,3,0,0,41.91428955,-98.99111827,31071.0,152.36160487557137,0.0,3,3,0,0,3,3,1987,0,0,0,0,0
2020-08-01,US,Nebraska,Gosper,15,0,0,40.51481965,-99.83020279,31073.0,753.7688442211055,0.0,15,15,0,0,15,15,1996,0,0,0,0,0
2020-08-01,US,Nebraska,Greeley,8,0,0,41.56742671,-98.52150266,31077.0,339.55857385398986,0.0,8,8,0,0,8,8,2356,0,0,0,0,0
2020-08-01,US,Nebraska,Hall,1708,45,0,40.87257079,-98.50218293,31079.0,2783.8899483317855,2.6346604215456675,1663,1708,45,0,1663,1701,61607,0,0,0,0,7
2020-08-01,US,Nebraska,Hamilton,95,12,0,40.87349452,-98.02099117,31081.0,1018.8760188760186,12.63157894736842,83,96,12,0,84,92,9280,-1,0,0,-1,4
2020-08-01,US,Nebraska,Harlan,1,0,0,40.17658508,-99.40438879,31083.0,29.58579881656805,0.0,1,1,0,0,1,1,3401,0,0,0,0,0
2020-08-01,US,Nebraska,Hitchcock,1,0,0,40.17609175,-101.04164770000001,31087.0,36.205648081100655,0.0,1,1,0,0,1,1,2806,0,0,0,0,0
2020-08-01,US,Nebraska,Holt,7,0,0,42.45522056,-98.78402558,31089.0,69.53412138670905,0.0,7,7,0,0,7,7,10178,0,0,0,0,0
2020-08-01,US,Nebraska,Hooker,4,0,0,41.91586243,-101.1354293,31091.0,586.5102639296188,0.0,4,4,0,0,4,4,682,0,0,0,0,0
2020-08-01,US,Nebraska,Howard,55,4,0,41.2200529,-98.5166499,31093.0,853.3747090768037,7.272727272727272,51,55,4,0,51,55,6468,0,0,0,0,0
2020-08-01,US,Nebraska,Jefferson,14,0,0,40.17584531,-97.142601,31095.0,198.69429463525398,0.0,14,14,0,0,14,14,7097,0,0,0,0,0
2020-08-01,US,Nebraska,Johnson,11,0,0,40.39257596,-96.26522753,31097.0,216.9197396963124,0.0,11,11,0,0,11,12,5134,0,0,0,0,-1
2020-08-01,US,Nebraska,Kearney,29,0,0,40.50663314,-98.94877182,31099.0,446.4973056197074,0.0,29,28,0,0,28,25,6544,1,0,0,1,3
2020-08-01,US,Nebraska,Keith,18,0,0,41.19930341,-101.66201640000001,31101.0,224.04779686333083,0.0,18,18,0,0,18,18,8021,0,0,0,0,0
2020-08-01,US,Nebraska,Kimball,15,0,0,41.19774275,-103.7148131,31105.0,412.9955947136564,0.0,15,15,0,0,15,15,3618,0,0,0,0,0
2020-08-01,US,Nebraska,Knox,31,0,0,42.63758421,-97.89178836,31107.0,372.059529524724,0.0,31,30,0,0,30,29,8419,1,0,0,1,1
2020-08-01,US,Nebraska,Lancaster,3053,15,0,40.78416049,-96.68777155,31109.0,956.7833526591245,0.491320013101867,3038,3028,15,0,3013,2967,317272,25,0,0,25,61
2020-08-01,US,Nebraska,Lincoln,94,2,0,41.04658298,-100.74753740000001,31111.0,269.232972446583,2.127659574468085,92,95,2,0,93,88,35185,-1,0,0,-1,7
2020-08-01,US,Nebraska,Madison,415,5,0,41.91676024,-97.6005481,31119.0,1182.36986808741,1.2048192771084338,410,414,5,0,409,407,35392,1,0,0,1,7
2020-08-01,US,Nebraska,McPherson,4,0,0,41.56797682,-101.05993620000001,31117.0,809.7165991902832,0.0,4,4,0,0,4,4,492,0,0,0,0,0
2020-08-01,US,Nebraska,Merrick,48,0,0,41.16624273,-98.0374887,31121.0,618.9555125725337,0.0,48,47,0,0,47,46,7733,1,0,0,1,1
2020-08-01,US,Nebraska,Morrill,58,0,0,41.71711774,-103.0061405,31123.0,1249.4614390348986,0.0,58,58,0,0,58,58,4686,0,0,0,0,0
2020-08-01,US,Nebraska,Nance,8,0,0,41.39750195,-97.99327291,31125.0,227.33731173628868,0.0,8,8,0,0,8,8,3532,0,0,0,0,0
2020-08-01,US,Nebraska,Nemaha,20,0,0,40.38514847,-95.85433992,31127.0,286.8617326448652,0.0,20,19,0,0,19,16,6958,1,0,0,1,3
2020-08-01,US,Nebraska,Nuckolls,5,0,0,40.17637905,-98.04743961,31129.0,120.54001928640308,0.0,5,5,0,0,5,5,4195,0,0,0,0,0
2020-08-01,US,Nebraska,Otoe,42,0,0,40.64843556,-96.13374142,31131.0,262.3032725455908,0.0,42,42,0,0,42,40,15985,0,0,0,0,2
2020-08-01,US,Nebraska,Pawnee,7,0,0,40.13141096,-96.23705437,31133.0,267.8913126674321,0.0,7,7,0,0,7,6,2632,0,0,0,0,1
2020-08-01,US,Nebraska,Perkins,15,1,0,40.85082525,-101.6502942,31135.0,518.8516084399862,6.666666666666668,14,15,1,0,14,12,2929,0,0,0,0,3
2020-08-01,US,Nebraska,Phelps,34,0,0,40.51156033,-99.41461667,31137.0,376.3559884879345,0.0,34,34,0,0,34,33,8996,0,0,0,0,1
2020-08-01,US,Nebraska,Pierce,18,0,0,42.26434853,-97.60122773,31139.0,251.81869054280918,0.0,18,17,0,0,17,18,7142,1,0,0,1,-1
2020-08-01,US,Nebraska,Platte,764,3,0,41.57246836,-97.52144359,31141.0,2282.641171198088,0.3926701570680629,761,766,3,0,763,754,33363,-2,0,0,-2,12
2020-08-01,US,Nebraska,Polk,24,0,0,41.18813488,-97.56630712,31143.0,460.3874928064455,0.0,24,24,0,0,24,22,5278,0,0,0,0,2
2020-08-01,US,Nebraska,Red Willow,16,0,0,40.17556879999999,-100.476998,31145.0,149.19806042521446,0.0,16,15,0,0,15,14,10726,1,0,0,1,1
2020-08-01,US,Nebraska,Richardson,20,1,0,40.1247415,-95.71755036,31147.0,254.29116338207248,5.0,19,20,1,0,19,18,7937,0,0,0,0,2
2020-08-01,US,Nebraska,Rock,2,0,0,42.42252217,-99.44832069,31149.0,147.38393515106853,0.0,2,2,0,0,2,2,1360,0,0,0,0,0
2020-08-01,US,Nebraska,Saline,581,2,0,40.52418865,-97.14085859,31151.0,4084.645669291337,0.3442340791738382,579,581,2,0,579,578,14350,0,0,0,0,3
2020-08-01,US,Nebraska,Sarpy,2008,9,0,41.11314181,-96.11156432,31153.0,1072.6724930019873,0.448207171314741,1999,1978,9,0,1969,1918,184459,30,0,0,30,60
2020-08-01,US,Nebraska,Saunders,128,2,0,41.227810299999994,-96.63773905,31155.0,593.1967744925388,1.5625,126,128,2,0,126,123,21303,0,0,0,0,5
2020-08-01,US,Nebraska,Scotts Bluff,287,6,0,41.85070896,-103.70809859999999,31157.0,805.7723622887303,2.0905923344947737,281,284,6,0,278,278,35989,3,0,0,3,6
2020-08-01,US,Nebraska,Seward,95,1,0,40.87241834,-97.139673,31159.0,549.6412867391807,1.0526315789473684,94,94,1,0,93,77,17318,1,0,0,1,17
2020-08-01,US,Nebraska,Sheridan,9,0,0,42.50284406,-102.4126613,31161.0,171.55928326343883,0.0,9,9,0,0,9,9,5190,0,0,0,0,0
2020-08-01,US,Nebraska,Sherman,7,0,0,41.22045983,-98.97588642,31163.0,233.2555814728424,0.0,7,7,0,0,7,7,3038,0,0,0,0,0
2020-08-01,US,Nebraska,Sioux,5,0,0,42.48932059,-103.7576544,31165.0,428.8164665523156,0.0,5,5,0,0,5,5,1187,0,0,0,0,0
2020-08-01,US,Nebraska,Stanton,26,0,0,41.9169835,-97.19394708,31167.0,439.1891891891892,0.0,26,26,0,0,26,26,5970,0,0,0,0,0
2020-08-01,US,Nebraska,Thayer,25,0,0,40.17626377,-97.59504381,31169.0,499.7001798920648,0.0,25,25,0,0,25,25,5039,0,0,0,0,0
2020-08-01,US,Nebraska,Thomas,1,0,0,41.91358968,-100.5556632,31171.0,138.50415512465375,0.0,1,1,0,0,1,1,720,0,0,0,0,0
2020-08-01,US,Nebraska,Thurston,201,4,0,42.15725356,-96.54157099,31173.0,2782.392026578073,1.9900497512437807,197,200,4,0,196,198,7303,1,0,0,1,2
2020-08-01,US,Nebraska,Unassigned,140,0,0,0.0,0.0,90031.0,0.0,0.0,140,145,0,0,145,149,,-5,0,0,-5,-4
2020-08-01,US,Nebraska,Valley,10,0,0,41.56730777,-98.98197724,31175.0,240.50024050024047,0.0,10,10,0,0,10,9,4190,0,0,0,0,1
2020-08-01,US,Nebraska,Washington,104,1,0,41.52815707,-96.22019892,31177.0,501.71257658353034,0.9615384615384616,103,101,1,0,100,99,20667,3,0,0,3,2
2020-08-01,US,Nebraska,Wayne,35,0,0,42.20934475,-97.11926964,31179.0,372.9355354288759,0.0,35,35,0,0,35,35,9403,0,0,0,0,0
2020-08-01,US,Nebraska,Webster,9,0,0,40.17642643,-98.50019851,31181.0,258.1015199311729,0.0,9,9,0,0,9,9,3533,0,0,0,0,0
2020-08-01,US,Nebraska,York,73,0,0,40.87272618,-97.59710186,31185.0,533.6647415746766,0.0,73,69,0,0,69,67,13772,4,0,0,4,2
2020-08-01,US,Nevada,Carson City,308,7,0,39.15509045,-119.7480219,32510.0,550.8262393590386,2.272727272727273,301,305,7,0,298,302,55414,3,0,0,3,3
2020-08-01,US,Nevada,Churchill,44,1,0,39.58105744,-118.3394607,32001.0,176.64298044883373,2.272727272727273,43,44,1,0,43,44,24440,0,0,0,0,0
2020-08-01,US,Nevada,Clark,42167,688,0,36.21458855,-115.0130241,32003.0,1860.269156025349,1.6316076552754524,41479,41245,687,0,40558,40193,2231647,922,1,0,921,1052
2020-08-01,US,Nevada,Douglas,169,0,0,38.912862,-119.61713329999999,32005.0,345.56793783866686,0.0,169,162,0,0,162,158,48467,7,0,0,7,4
2020-08-01,US,Nevada,Elko,467,2,0,41.14531606,-115.3577619,32007.0,884.8383796278753,0.4282655246252677,465,461,2,0,459,443,52460,6,0,0,6,18
2020-08-01,US,Nevada,Eureka,2,0,0,39.98100864,-116.26832040000001,32011.0,98.57072449482504,0.0,2,2,0,0,2,2,2003,0,0,0,0,0
2020-08-01,US,Nevada,Humboldt,96,4,0,41.40692186,-118.11094270000001,32013.0,570.3760917354881,4.166666666666667,92,96,4,0,92,95,16786,0,0,0,0,1
2020-08-01,US,Nevada,Lander,50,1,0,39.933223299999995,-117.03970749999999,32015.0,903.8322487346347,2.0,49,49,1,0,48,49,5575,1,0,0,1,0
2020-08-01,US,Nevada,Lincoln,3,0,0,37.64268459,-114.8790388,32017.0,57.88153579008296,0.0,3,3,0,0,3,3,5201,0,0,0,0,0
2020-08-01,US,Nevada,Lyon,201,5,0,39.01777974,-119.18704790000001,32019.0,349.5044340114763,2.487562189054726,196,194,5,0,189,188,55808,7,0,0,7,6
2020-08-01,US,Nevada,Mineral,11,0,0,38.53841696,-118.4344506,32021.0,244.173140954495,0.0,11,11,0,0,11,11,4514,0,0,0,0,0
2020-08-01,US,Nevada,Nye,340,9,0,38.04264256,-116.47227020000001,32023.0,730.8213141886807,2.647058823529412,331,342,9,0,333,343,45346,-2,0,0,-2,-1
2020-08-01,US,Nevada,Pershing,13,0,0,40.44003782,-118.40056409999998,32027.0,193.3085501858736,0.0,13,13,0,0,13,13,6666,0,0,0,0,0
2020-08-01,US,Nevada,Storey,4,0,0,39.44875482,-119.5250207,32029.0,97.01673538685421,0.0,4,4,0,0,4,4,4029,0,0,0,0,0
2020-08-01,US,Nevada,Washoe,5186,114,0,40.66562265,-119.6631594,32031.0,1099.8496349033655,2.1982259930582337,5072,5144,113,0,5031,4965,465735,42,1,0,41,179
2020-08-01,US,Nevada,White Pine,13,1,0,39.44157041,-114.89996599999999,32033.0,135.69937369519832,7.6923076923076925,12,13,1,0,12,11,9475,0,0,0,0,2
2020-08-01,US,New Hampshire,Belknap,105,4,0,43.51637314,-71.41684235,33001.0,171.2803614831248,3.809523809523809,101,104,4,0,100,104,61022,1,0,0,1,0
2020-08-01,US,New Hampshire,Carroll,89,1,0,43.87498583,-71.20430216,33003.0,181.96687793907174,1.1235955056179776,88,86,1,0,85,86,48779,3,0,0,3,0
2020-08-01,US,New Hampshire,Cheshire,90,2,0,42.92015988,-72.25311043,33005.0,118.28875599658278,2.2222222222222223,88,85,2,0,83,85,76493,5,0,0,5,0
2020-08-01,US,New Hampshire,Coos,16,0,0,44.69063265,-71.30633239,33007.0,50.69226626112854,0.0,16,16,0,0,16,16,31589,0,0,0,0,0
2020-08-01,US,New Hampshire,Grafton,103,1,0,43.93779815,-71.82057197,33009.0,114.58959126004049,0.9708737864077671,102,103,1,0,102,103,89786,0,0,0,0,0
2020-08-01,US,New Hampshire,Hillsborough,3755,278,0,42.91537785,-71.7200253,33011.0,900.4256339547989,7.4034620505992015,3477,3743,277,0,3466,3717,415247,12,1,0,11,26
2020-08-01,US,New Hampshire,Merrimack,458,21,0,43.29662971,-71.6811573,33013.0,302.52789135417567,4.585152838427947,437,457,21,0,436,456,151132,1,0,0,1,1
2020-08-01,US,New Hampshire,Rockingham,1629,95,0,42.98499744,-71.12883377,33015.0,525.8757332076483,5.831798649478206,1534,1624,95,0,1529,1613,309176,5,0,0,5,11
2020-08-01,US,New Hampshire,Strafford,328,13,0,43.291833000000004,-71.02336013,33017.0,251.08510100816792,3.963414634146341,315,325,13,0,312,323,130090,3,0,0,3,2
2020-08-01,US,New Hampshire,Sullivan,40,1,0,43.36094111,-72.22203125,33019.0,92.70847819033052,2.5,39,39,1,0,38,38,43144,1,0,0,1,1
2020-08-01,US,New Hampshire,Unassigned,1,0,0,0.0,0.0,90033.0,0.0,0.0,1,1,0,0,1,3,,0,0,0,0,-2
2020-08-01,US,New Jersey,Atlantic,3381,252,0,39.47538693,-74.65848483,34001.0,1282.2846740243485,7.453416149068322,3129,3364,250,0,3114,3331,265429,17,2,0,15,33
2020-08-01,US,New Jersey,Bergen,20494,2040,0,40.96010917,-74.07164325,34003.0,2198.4505504171843,9.954132916951302,18454,20472,2040,0,18432,20412,936692,22,0,0,22,60
2020-08-01,US,New Jersey,Burlington,5812,470,0,39.87681124,-74.66927768,34005.0,1305.0439093834275,8.086717136958017,5342,5781,469,0,5312,5732,445384,31,1,0,30,49
2020-08-01,US,New Jersey,Camden,8334,573,0,39.80343818,-74.96388753,34007.0,1645.5038886727966,6.87544996400288,7761,8301,573,0,7728,8240,507078,33,0,0,33,61
2020-08-01,US,New Jersey,Cape May,809,87,0,39.15008829,-74.80170244,34009.0,878.9752170275644,10.754017305315204,722,806,86,0,720,803,92560,3,1,0,2,3
2020-08-01,US,New Jersey,Cumberland,3228,157,0,39.37199394,-75.10712559,34011.0,2158.8074394590944,4.8636926889715,3071,3215,157,0,3058,3184,150972,13,0,0,13,31
2020-08-01,US,New Jersey,Essex,19505,2102,0,40.78681335,-74.24657979,34013.0,2441.252855220752,10.776723916944373,17403,19488,2102,0,17386,19441,799767,17,0,0,17,47
2020-08-01,US,New Jersey,Gloucester,3080,209,0,39.71581067,-75.13995546,34015.0,1056.1110425324719,6.7857142857142865,2871,3059,207,0,2852,3031,291408,21,2,0,19,28
2020-08-01,US,New Jersey,Hudson,19497,1501,0,40.73766234,-74.07515667,34017.0,2899.6521369262823,7.698620300559059,17996,19478,1500,0,17978,19434,676061,19,1,0,18,44
2020-08-01,US,New Jersey,Hunterdon,1136,126,0,40.56335249,-74.91284156,34019.0,913.396209727348,11.091549295774648,1010,1130,126,0,1004,1125,124714,6,0,0,6,5
2020-08-01,US,New Jersey,Mercer,8027,615,0,40.28047017,-74.70479631,34021.0,2184.633807800125,7.661641958390432,7412,8020,614,0,7406,8000,369811,7,1,0,6,20
2020-08-01,US,New Jersey,Middlesex,17700,1404,0,40.43629879,-74.41426991,34023.0,2145.293323410847,7.932203389830509,16296,17673,1404,0,16269,17626,829685,27,0,0,27,47
2020-08-01,US,New Jersey,Monmouth,10093,858,0,40.26549699,-74.22240686,34025.0,1631.073295679506,8.500941246408402,9235,10057,858,0,9199,10004,621354,36,0,0,36,53
2020-08-01,US,New Jersey,Morris,7144,829,0,40.86095313,-74.54553709999998,34027.0,1452.4901137553495,11.604143337066072,6315,7136,828,0,6308,7109,494228,8,1,0,7,27
2020-08-01,US,New Jersey,Ocean,10439,1015,0,39.8895449,-74.28089251,34029.0,1719.2425385302033,9.723153558769996,9424,10414,1014,0,9400,10356,601651,25,1,0,24,58
2020-08-01,US,New Jersey,Passaic,17465,1242,0,41.03238628,-74.29954144,34031.0,3480.289980989426,7.1113655883194955,16223,17429,1242,0,16187,17384,503310,36,0,0,36,45
2020-08-01,US,New Jersey,Salem,869,83,0,39.58719656,-75.34696629999998,34033.0,1392.9630520157086,9.551208285385501,786,865,83,0,782,867,62607,4,0,0,4,-2
2020-08-01,US,New Jersey,Somerset,5186,555,0,40.56465737,-74.61683016,34035.0,1576.6080733521012,10.701889703046664,4631,5177,554,0,4623,5170,331164,9,1,0,8,7
2020-08-01,US,New Jersey,Sussex,1300,195,0,41.13891592,-74.69118243,34037.0,925.345937019532,15.0,1105,1295,195,0,1100,1293,140799,5,0,0,5,2
2020-08-01,US,New Jersey,Unassigned,656,0,0,0.0,0.0,90034.0,0.0,0.0,656,648,0,0,648,646,,8,0,0,8,2
2020-08-01,US,New Jersey,Union,16545,1347,0,40.65835409,-74.30680092,34039.0,2973.8955065328637,8.14143245693563,15198,16523,1347,0,15176,16456,558067,22,0,0,22,67
2020-08-01,US,New Jersey,Warren,1329,170,0,40.85951833,-74.99556527,34041.0,1262.503918606971,12.791572610985705,1159,1329,170,0,1159,1326,105779,0,0,0,0,3
2020-08-01,US,New Mexico,Bernalillo,4800,123,0,35.05163625,-106.6703554,35001.0,706.7959906997428,2.5625,4677,4735,120,0,4615,4688,678701,65,3,0,62,47
2020-08-01,US,New Mexico,Catron,4,1,0,33.91514144,-108.4046587,35003.0,113.41083073433514,25.0,3,4,1,0,3,4,3578,0,0,0,0,0
2020-08-01,US,New Mexico,Chaves,348,5,0,33.36406072,-104.4665365,35005.0,538.5746343728238,1.4367816091954022,343,334,5,0,329,317,64689,14,0,0,14,17
2020-08-01,US,New Mexico,Cibola,333,17,0,34.91131525,-107.998876,35006.0,1248.3598875351452,5.105105105105106,316,331,17,0,314,318,26746,2,0,0,2,13
2020-08-01,US,New Mexico,Colfax,13,1,0,36.60569702,-104.64726740000002,35007.0,108.8686039695168,7.6923076923076925,12,13,1,0,12,13,12110,0,0,0,0,0
2020-08-01,US,New Mexico,Curry,459,2,0,34.57421077,-103.34688759999999,35009.0,937.6149037872287,0.4357298474945534,457,453,2,0,451,431,49437,6,0,0,6,22
2020-08-01,US,New Mexico,Dona Ana,2178,23,0,32.35275771,-106.83293870000001,35013.0,998.1896927060657,1.056014692378329,2155,2171,21,0,2150,2139,217522,7,2,0,5,32
2020-08-01,US,New Mexico,Eddy,247,4,0,32.47167456,-104.3053527,35015.0,422.5111187136504,1.6194331983805668,243,242,3,0,239,239,57900,5,1,0,4,3
2020-08-01,US,New Mexico,Grant,67,2,0,32.73911281,-108.3827845,35017.0,248.1665308541373,2.985074626865672,65,66,2,0,64,66,27346,1,0,0,1,0
2020-08-01,US,New Mexico,Guadalupe,31,0,0,34.86319296,-104.790669,35019.0,720.9302325581398,0.0,31,31,0,0,31,31,4341,0,0,0,0,0
2020-08-01,US,New Mexico,Harding,1,0,0,35.85751555,-103.82209379999999,35021.0,160.0,0.0,1,1,0,0,1,1,655,0,0,0,0,0
2020-08-01,US,New Mexico,Hidalgo,88,0,0,31.91383467,-108.7151824,35023.0,2096.236303001429,0.0,88,85,0,0,85,85,4240,3,0,0,3,0
2020-08-01,US,New Mexico,Lea,626,4,0,32.79215361,-103.4123733,35025.0,880.8217250598003,0.6389776357827476,622,605,3,0,602,596,69611,21,1,0,20,9
2020-08-01,US,New Mexico,Lincoln,99,1,0,33.74526079,-105.4586166,35027.0,505.82464745554876,1.0101010101010102,98,97,1,0,96,91,19556,2,0,0,2,6
2020-08-01,US,New Mexico,Los Alamos,20,0,0,35.86631386,-106.31349850000001,35028.0,103.2577830553978,0.0,20,20,0,0,20,18,19101,0,0,0,0,2
2020-08-01,US,New Mexico,Luna,225,3,0,32.18179341,-107.75088259999998,35029.0,949.0067063140581,1.3333333333333333,222,223,3,0,220,220,23963,2,0,0,2,3
2020-08-01,US,New Mexico,McKinley,3999,220,0,35.58007720000001,-108.262245,35031.0,5603.430156795157,5.501375343835959,3779,3988,219,0,3769,3977,72290,11,1,0,10,11
2020-08-01,US,New Mexico,Mora,6,0,0,36.01095101,-104.9497716,35033.0,132.71400132713998,0.0,6,6,0,0,6,6,4506,0,0,0,0,0
2020-08-01,US,New Mexico,Otero,183,10,0,32.61348406,-105.7417604,35035.0,271.15128167135873,5.464480874316941,173,182,10,0,172,178,66781,1,0,0,1,4
2020-08-01,US,New Mexico,Quay,31,1,0,35.10403332,-103.54817270000001,35037.0,375.6209863080092,3.2258064516129035,30,31,1,0,30,31,8253,0,0,0,0,0
2020-08-01,US,New Mexico,Rio Arriba,294,4,0,36.51072137,-106.69316740000001,35039.0,755.3762750186273,1.3605442176870748,290,293,4,0,289,292,39006,1,0,0,1,1
2020-08-01,US,New Mexico,Roosevelt,140,1,0,34.02097406,-103.4799493,35041.0,756.7567567567568,0.7142857142857143,139,139,1,0,138,134,18743,1,0,0,1,5
2020-08-01,US,New Mexico,San Juan,2999,181,0,36.50838318,-108.32043700000001,35045.0,2419.367850400942,6.035345115038347,2818,2994,180,0,2814,2986,125043,5,1,0,4,8
2020-08-01,US,New Mexico,San Miguel,41,0,0,35.48014807,-104.8163562,35047.0,150.30978480038127,0.0,41,41,0,0,41,41,27591,0,0,0,0,0
2020-08-01,US,New Mexico,Sandoval,1082,33,0,35.68862401,-106.86878030000001,35043.0,737.3183961621285,3.049907578558225,1049,1070,33,0,1037,1063,145179,12,0,0,12,7
2020-08-01,US,New Mexico,Santa Fe,576,3,0,35.50708973,-105.9774716,35049.0,383.0857021242634,0.5208333333333334,573,561,3,0,558,550,150056,15,0,0,15,11
2020-08-01,US,New Mexico,Sierra,29,0,0,33.13028233,-107.1925893,35051.0,268.74247057733294,0.0,29,28,0,0,28,28,10968,1,0,0,1,0
2020-08-01,US,New Mexico,Socorro,73,6,0,34.00715494,-106.9298354,35053.0,438.78103023381624,8.219178082191782,67,73,6,0,67,73,16735,0,0,0,0,0
2020-08-01,US,New Mexico,Taos,96,1,0,36.58006022,-105.63101979999999,35055.0,293.3716346300767,1.0416666666666667,95,94,1,0,93,91,32835,2,0,0,2,3
2020-08-01,US,New Mexico,Torrance,59,1,0,34.64048375,-105.8508949,35057.0,381.6053295388397,1.6949152542372878,58,59,1,0,58,59,15591,0,0,0,0,0
2020-08-01,US,New Mexico,Unassigned,1265,0,0,0.0,0.0,90035.0,0.0,0.0,1265,1251,0,0,1251,1251,,14,0,0,14,0
2020-08-01,US,New Mexico,Union,27,0,0,36.48126404,-103.4709624,35059.0,665.1884700665189,0.0,27,25,0,0,25,25,4118,2,0,0,2,0
2020-08-01,US,New Mexico,Valencia,357,4,0,34.71669834,-106.8103733,35061.0,465.52263717921966,1.1204481792717087,353,354,4,0,350,346,76456,3,0,0,3,8
2020-08-01,US,New York,Albany,2515,126,0,42.60060306,-73.97723916,36001.0,823.2244211242987,5.009940357852883,2389,2503,126,0,2377,2493,307117,12,0,0,12,10
2020-08-01,US,New York,Allegany,74,1,0,42.25748406,-78.02750466,36003.0,160.55195157406,1.351351351351351,73,74,1,0,73,74,46430,0,0,0,0,0
2020-08-01,US,New York,Broome,1048,64,0,42.15903158,-75.81326086,36007.0,550.1658897148377,6.106870229007634,984,1037,64,0,973,1029,191659,11,0,0,11,8
2020-08-01,US,New York,Cattaraugus,158,6,0,42.24778241,-78.67923096,36009.0,207.57518031451585,3.79746835443038,152,158,6,0,152,157,76840,0,0,0,0,1
2020-08-01,US,New York,Cayuga,144,2,0,42.91261714,-76.55731592,36011.0,188.04847471792732,1.3888888888888888,142,143,2,0,141,141,77145,1,0,0,1,2
2020-08-01,US,New York,Chautauqua,231,9,0,42.22769210000001,-79.36691763,36013.0,182.0287936455403,3.8961038961038965,222,228,9,0,219,224,127939,3,0,0,3,4
2020-08-01,US,New York,Chemung,163,3,0,42.13891056,-76.7638805,36015.0,195.3125,1.8404907975460123,160,163,3,0,160,162,84254,0,0,0,0,1
2020-08-01,US,New York,Chenango,209,6,0,42.49430041,-75.60887553,36017.0,442.730950918296,2.8708133971291865,203,207,6,0,201,206,47536,2,0,0,2,1
2020-08-01,US,New York,Clinton,127,4,0,44.74530905,-73.67875352,36019.0,157.79337764800894,3.1496062992125986,123,126,4,0,122,125,80695,1,0,0,1,1
2020-08-01,US,New York,Columbia,519,37,0,42.24819348,-73.63089095,36021.0,872.8410218462521,7.1290944123314075,482,516,37,0,479,513,59916,3,0,0,3,3
2020-08-01,US,New York,Cortland,91,0,0,42.59509207,-76.07048931,36023.0,191.25281099598573,0.0,91,91,0,0,91,90,47823,0,0,0,0,1
2020-08-01,US,New York,Delaware,103,4,0,42.19837623,-74.96709306,36025.0,233.37487255013028,3.8834951456310685,99,102,4,0,98,101,44527,1,0,0,1,1
2020-08-01,US,New York,Dutchess,4504,153,0,41.76486060000001,-73.74356679,36027.0,1530.8376781842035,3.3969804618117228,4351,4490,153,0,4337,4468,293718,14,0,0,14,22
2020-08-01,US,New York,Erie,8548,669,0,42.76249024,-78.73063652,36029.0,930.4431687315364,7.826392138511933,7879,8492,669,0,7823,8434,919719,56,0,0,56,58
2020-08-01,US,New York,Essex,55,0,0,44.11630765,-73.77297842,36031.0,149.1121051918124,0.0,55,55,0,0,55,55,37300,0,0,0,0,0
2020-08-01,US,New York,Franklin,50,0,0,44.59040891,-74.29926032,36033.0,99.95601935148537,0.0,50,50,0,0,50,48,50293,0,0,0,0,2
2020-08-01,US,New York,Fulton,282,24,0,43.11363907,-74.41798804,36035.0,528.2580596819212,8.51063829787234,258,275,24,0,251,275,53591,7,0,0,7,0
2020-08-01,US,New York,Genesee,272,5,0,43.0022601,-78.19135193,36037.0,474.86033519553075,1.8382352941176472,267,270,5,0,265,270,57511,2,0,0,2,0
2020-08-01,US,New York,Greene,289,18,0,42.275797,-74.12384884,36039.0,612.443841654658,6.228373702422147,271,289,18,0,271,287,47491,0,0,0,0,2
2020-08-01,US,New York,Hamilton,7,0,0,43.66146647,-74.49721957,36041.0,158.5144927536232,0.0,7,7,0,0,7,7,4434,0,0,0,0,0
2020-08-01,US,New York,Herkimer,240,4,0,43.42034246,-74.96145307,36043.0,391.3958153264078,1.6666666666666667,236,239,4,0,235,239,61833,1,0,0,1,0
2020-08-01,US,New York,Jefferson,130,0,0,44.04200959,-75.94653457,36045.0,118.3604348380283,0.0,130,129,0,0,129,128,111755,1,0,0,1,1
2020-08-01,US,New York,Lewis,34,0,0,43.784415700000004,-75.44903992,36049.0,129.29723151810163,0.0,34,34,0,0,34,34,26447,0,0,0,0,0
2020-08-01,US,New York,Livingston,166,8,0,42.72596275,-77.77966158,36051.0,263.8522427440633,4.819277108433735,158,165,8,0,157,164,63227,1,0,0,1,1
2020-08-01,US,New York,Madison,399,17,0,42.91653905,-75.67266639,36053.0,562.4392100477862,4.260651629072681,382,398,17,0,381,396,70795,1,0,0,1,2
2020-08-01,US,New York,Monroe,4742,277,0,43.14638895,-77.69322942,36055.0,639.2817180527658,5.841417123576549,4465,4710,277,0,4433,4677,742474,32,0,0,32,33
2020-08-01,US,New York,Montgomery,155,4,0,42.90123494,-74.44011632,36057.0,314.9062392068426,2.5806451612903225,151,154,4,0,150,152,49455,1,0,0,1,2
2020-08-01,US,New York,Nassau,43271,2194,0,40.74066522,-73.58941873,36059.0,3188.9037263693467,5.0703704559635785,41077,43203,2194,0,41009,43158,1358343,68,0,0,68,45
2020-08-01,US,New York,New York City,225460,23536,0,40.76727260000001,-73.97152637,36061.0,2704.3894570313832,10.439102279783553,201924,225148,23531,0,201617,224863,1628701,312,5,0,307,285
2020-08-01,US,New York,Niagara,1444,96,0,43.19898042,-78.74777412,36063.0,689.9814125505899,6.648199445983379,1348,1440,96,0,1344,1434,210433,4,0,0,4,6
2020-08-01,US,New York,Oneida,2081,112,0,43.24375382,-75.43710392,36065.0,910.0410633617732,5.382027871215762,1969,2070,112,0,1958,2062,229577,11,0,0,11,8
2020-08-01,US,New York,Onondaga,3477,194,0,43.00491923,-76.19971155,36067.0,755.0029531320572,5.5795225769341386,3283,3464,194,0,3270,3459,461809,13,0,0,13,5
2020-08-01,US,New York,Ontario,349,34,0,42.85145728,-77.30874425,36069.0,317.9172322071108,9.742120343839543,315,349,34,0,315,349,109864,0,0,0,0,0
2020-08-01,US,New York,Orange,11088,489,0,41.40337468,-74.30240757,36071.0,2880.4489011274486,4.41017316017316,10599,11082,489,0,10593,11072,381951,6,0,0,6,10
2020-08-01,US,New York,Orleans,295,54,0,43.2516977,-78.2320066,36073.0,731.0666137985727,18.305084745762716,241,293,54,0,239,291,40612,2,0,0,2,2
2020-08-01,US,New York,Oswego,244,3,0,43.42778894,-76.14635194,36075.0,208.32621836685902,1.2295081967213115,241,241,3,0,238,240,117898,3,0,0,3,1
2020-08-01,US,New York,Otsego,112,5,0,42.63492579,-75.03151402,36077.0,188.2574420520061,4.464285714285714,107,112,5,0,107,107,59749,0,0,0,0,5
2020-08-01,US,New York,Putnam,1425,63,0,41.42630093,-73.74965532,36079.0,1449.3490642799027,4.421052631578949,1362,1421,63,0,1358,1418,98892,4,0,0,4,3
2020-08-01,US,New York,Rensselaer,734,30,0,42.71348136,-73.51089874,36083.0,462.4670791486573,4.087193460490464,704,724,30,0,694,718,159442,10,0,0,10,6
2020-08-01,US,New York,Rockland,13880,674,0,41.15027894,-74.02560498,36087.0,4260.42622679096,4.855907780979827,13206,13864,674,0,13190,13860,325695,16,0,0,16,4
2020-08-01,US,New York,Saratoga,726,17,0,43.10904162,-73.86653895,36091.0,315.84030487725295,2.3415977961432506,709,715,17,0,698,709,230163,11,0,0,11,6
2020-08-01,US,New York,Schenectady,1032,37,0,42.81668777,-74.05278291,36093.0,664.5245622959583,3.585271317829457,995,1023,37,0,986,1018,155350,9,0,0,9,5
2020-08-01,US,New York,Schoharie,68,0,0,42.58831742,-74.44339029999998,36095.0,219.36191490048063,0.0,68,68,0,0,68,68,31097,0,0,0,0,0
2020-08-01,US,New York,Schuyler,22,0,0,42.39184015,-76.8773299,36097.0,123.54691975065985,0.0,22,21,0,0,21,20,17912,1,0,0,1,1
2020-08-01,US,New York,Seneca,85,3,0,42.78081007,-76.82497064,36099.0,249.88240827845718,3.5294117647058822,82,84,3,0,81,84,34300,1,0,0,1,0
2020-08-01,US,New York,St. Lawrence,261,4,0,44.4976179,-75.06550039,36089.0,242.24986077594207,1.5325670498084292,257,260,4,0,256,260,108047,1,0,0,1,0
2020-08-01,US,New York,Steuben,290,42,0,42.2689144,-77.3829924,36101.0,304.0501577915474,14.482758620689655,248,290,42,0,248,290,95796,0,0,0,0,0
2020-08-01,US,New York,Suffolk,43300,1996,0,40.88320119,-72.8012172,36103.0,2932.410312603066,4.609699769053118,41304,43224,1996,0,41228,43170,1481093,76,0,0,76,54
2020-08-01,US,New York,Sullivan,1483,48,0,41.71579493,-74.76394559,36105.0,1966.0091207975395,3.236682400539447,1435,1480,48,0,1432,1479,75498,3,0,0,3,1
2020-08-01,US,New York,Tioga,188,24,0,42.16852837,-76.30835812,36107.0,390.0172188453002,12.76595744680851,164,187,24,0,163,184,48560,1,0,0,1,3
2020-08-01,US,New York,Tompkins,230,0,0,42.44945765,-76.47229843,36109.0,225.09297318457627,0.0,230,228,0,0,228,227,102793,2,0,0,2,1
2020-08-01,US,New York,Ulster,2026,91,0,41.89027881,-74.26252104,36111.0,1140.939219363304,4.491609081934847,1935,2021,91,0,1930,2010,178599,5,0,0,5,11
2020-08-01,US,New York,Warren,300,33,0,43.56173026,-73.8433699,36113.0,469.16051545101965,11.0,267,300,33,0,267,298,64265,0,0,0,0,2
2020-08-01,US,New York,Washington,255,14,0,43.31153794,-73.43043448,36115.0,416.6394353310241,5.490196078431373,241,254,14,0,240,254,61197,1,0,0,1,0
2020-08-01,US,New York,Wayne,245,3,0,43.15494365,-77.02976528,36117.0,272.47047309771125,1.2244897959183674,242,245,3,0,242,243,90064,0,0,0,0,2
2020-08-01,US,New York,Westchester,35974,1445,0,41.16278376,-73.75741653,36119.0,3718.2198353291865,4.016789903819425,34529,35933,1445,0,34488,35913,967612,41,0,0,41,20
2020-08-01,US,New York,Wyoming,112,5,0,42.70145109,-78.22199579,36121.0,280.9904914824757,4.464285714285714,107,112,5,0,107,111,40085,0,0,0,0,1
2020-08-01,US,New York,Yates,55,7,0,42.63505484,-77.10369919,36123.0,220.76827359210048,12.727272727272727,48,53,7,0,46,52,24841,2,0,0,2,1
2020-08-01,US,North Carolina,Alamance,2189,41,0,36.0434701,-79.39976137,37001.0,1291.3768590458326,1.873001370488808,2148,2148,41,0,2107,2101,166436,41,0,0,41,47
2020-08-01,US,North Carolina,Alexander,295,2,0,35.922379600000006,-81.17751948,37003.0,786.7296050350694,0.6779661016949152,293,295,2,0,293,295,37353,0,0,0,0,0
2020-08-01,US,North Carolina,Alleghany,67,0,0,36.49360862,-81.12857041,37005.0,601.5982760168806,0.0,67,67,0,0,67,66,11161,0,0,0,0,1
2020-08-01,US,North Carolina,Anson,301,2,0,34.97403241,-80.09953279,37007.0,1231.2852818457006,0.6644518272425249,299,301,2,0,299,298,24877,0,0,0,0,3
2020-08-01,US,North Carolina,Ashe,119,1,0,36.43296207,-81.49862729,37009.0,437.4517516450392,0.8403361344537815,118,114,1,0,113,109,27109,5,0,0,5,5
2020-08-01,US,North Carolina,Avery,82,0,0,36.07569796,-81.92308483,37011.0,467.05017941561766,0.0,82,82,0,0,82,82,17505,0,0,0,0,0
2020-08-01,US,North Carolina,Beaufort,339,2,0,35.48531943,-76.84325809,37013.0,721.3686853640891,0.5899705014749262,337,335,2,0,333,331,47079,4,0,0,4,4
2020-08-01,US,North Carolina,Bertie,245,5,0,36.0688473,-76.96545943,37015.0,1293.0806987913654,2.0408163265306123,240,232,4,0,228,226,19026,13,1,0,12,6
2020-08-01,US,North Carolina,Bladen,577,7,0,34.61296243,-78.56180059,37017.0,1763.3396491656988,1.2131715771230502,570,563,7,0,556,563,33190,14,0,0,14,0
2020-08-01,US,North Carolina,Brunswick,1174,16,0,34.070565,-78.22814204,37019.0,822.0137235681277,1.3628620102214652,1158,1165,16,0,1149,1150,136744,9,0,0,9,15
2020-08-01,US,North Carolina,Buncombe,1657,46,0,35.61113393,-82.53305,37021.0,634.4016447733651,2.776101388050694,1611,1605,46,0,1559,1576,259103,52,0,0,52,29
2020-08-01,US,North Carolina,Burke,1550,26,0,35.74989637,-81.70755735,37023.0,1712.9911034978174,1.6774193548387095,1524,1537,25,0,1512,1526,90382,13,1,0,12,11
2020-08-01,US,North Carolina,Cabarrus,2375,45,0,35.3877799,-80.55267168,37025.0,1097.2358895464604,1.8947368421052633,2330,2342,42,0,2300,2316,211342,33,3,0,30,26
2020-08-01,US,North Carolina,Caldwell,1103,12,0,35.95204977,-81.54799522,37027.0,1342.208376937867,1.0879419764279241,1091,1085,12,0,1073,1066,82029,18,0,0,18,19
2020-08-01,US,North Carolina,Camden,62,2,0,36.33804939,-76.15568396,37029.0,570.5346461764976,3.2258064516129035,60,56,2,0,54,55,10710,6,0,0,6,1
2020-08-01,US,North Carolina,Carteret,286,5,0,34.8932941,-76.54120135,37031.0,411.670720999525,1.7482517482517483,281,284,5,0,279,279,69524,2,0,0,2,5
2020-08-01,US,North Carolina,Caswell,183,2,0,36.39312665,-79.33353281,37033.0,809.5912227924263,1.0928961748633879,181,183,2,0,181,179,22698,0,0,0,0,4
2020-08-01,US,North Carolina,Catawba,1883,24,0,35.66211129,-81.2132617,37035.0,1180.1868994866845,1.2745618693574083,1859,1859,24,0,1835,1829,158652,24,0,0,24,30
2020-08-01,US,North Carolina,Chatham,1220,50,0,35.70394416,-79.25541492,37037.0,1638.2435880220223,4.0983606557377055,1170,1208,50,0,1158,1200,73139,12,0,0,12,8
2020-08-01,US,North Carolina,Cherokee,235,3,0,35.1349263,-84.05970864,37039.0,821.333706137285,1.2765957446808511,232,231,3,0,228,231,28383,4,0,0,4,0
2020-08-01,US,North Carolina,Chowan,126,1,0,36.12908077,-76.60118385,37041.0,903.6792655812953,0.7936507936507936,125,120,1,0,119,109,14029,6,0,0,6,11
2020-08-01,US,North Carolina,Clay,65,0,0,35.05704275,-83.74353633,37043.0,578.755231056896,0.0,65,65,0,0,65,65,11139,0,0,0,0,0
2020-08-01,US,North Carolina,Cleveland,999,14,0,35.33553364,-81.55204486,37045.0,1019.9393549572728,1.4014014014014011,985,964,14,0,950,936,97645,35,0,0,35,28
2020-08-01,US,North Carolina,Columbus,821,46,0,34.26744084,-78.65801424,37047.0,1479.0660805649634,5.602923264311816,775,807,45,0,762,799,55655,14,1,0,13,8
2020-08-01,US,North Carolina,Craven,626,10,0,35.11833364,-77.08398081,37049.0,612.8902769754942,1.597444089456869,616,621,10,0,611,620,102912,5,0,0,5,1
2020-08-01,US,North Carolina,Cumberland,2694,50,0,35.04762133,-78.82623165,37051.0,802.9590860453818,1.8559762435040832,2644,2636,50,0,2586,2560,332330,58,0,0,58,76
2020-08-01,US,North Carolina,Currituck,70,0,0,36.36123664,-75.95876401,37053.0,252.13413536001158,0.0,70,70,0,0,70,70,27072,0,0,0,0,0
2020-08-01,US,North Carolina,Dare,198,1,0,35.66520691,-75.71767334,37055.0,535.0049987840796,0.5050505050505051,197,189,1,0,188,188,36501,9,0,0,9,1
2020-08-01,US,North Carolina,Davidson,1635,17,0,35.79115496,-80.21256572,37057.0,975.4846100149756,1.039755351681957,1618,1620,17,0,1603,1606,166614,15,0,0,15,14
2020-08-01,US,North Carolina,Davie,361,4,0,35.93099927,-80.54496571,37059.0,842.552396956542,1.10803324099723,357,349,4,0,345,341,42733,12,0,0,12,8
2020-08-01,US,North Carolina,Duplin,1924,42,0,34.93449805,-77.93140529,37061.0,3275.395379717744,2.1829521829521834,1882,1913,42,0,1871,1900,58856,11,0,0,11,13
2020-08-01,US,North Carolina,Durham,5830,77,0,36.03638492,-78.87608331,37063.0,1813.442492410292,1.320754716981132,5753,5761,77,0,5684,5687,316739,69,0,0,69,74
2020-08-01,US,North Carolina,Edgecombe,574,11,0,35.91230639,-77.59436892,37065.0,1115.1694124961143,1.9163763066202089,563,564,11,0,553,560,52005,10,0,0,10,4
2020-08-01,US,North Carolina,Forsyth,4883,49,0,36.12859861,-80.25459052,37067.0,1277.2858656273295,1.0034814663116935,4834,4833,49,0,4784,4791,379099,50,0,0,50,42
2020-08-01,US,North Carolina,Franklin,774,25,0,36.081519,-78.28708884,37069.0,1110.7124919279615,3.2299741602067185,749,762,25,0,737,747,67560,12,0,0,12,15
2020-08-01,US,North Carolina,Gaston,2994,37,0,35.29373559,-81.17477045,37071.0,1333.4580388279464,1.2358049432197729,2957,2939,33,0,2906,2863,222846,55,4,0,51,76
2020-08-01,US,North Carolina,Gates,43,2,0,36.44667547,-76.69749701,37073.0,371.9079743988929,4.651162790697675,41,41,2,0,39,38,11573,2,0,0,2,3
2020-08-01,US,North Carolina,Graham,26,0,0,35.3506925,-83.83369267,37075.0,308.02037673261464,0.0,26,23,0,0,23,23,8484,3,0,0,3,0
2020-08-01,US,North Carolina,Granville,1164,25,0,36.30337451,-78.65184241,37077.0,1925.7813146270041,2.147766323024055,1139,1144,25,0,1119,1138,60115,20,0,0,20,6
2020-08-01,US,North Carolina,Greene,305,3,0,35.48544173,-77.67578087,37079.0,1447.6244719730414,0.9836065573770492,302,297,3,0,294,287,21012,8,0,0,8,10
2020-08-01,US,North Carolina,Guilford,5167,147,0,36.07959451,-79.78824948,37081.0,961.8857204555693,2.8449777433713948,5020,5093,142,0,4951,5042,533670,74,5,0,69,51
2020-08-01,US,North Carolina,Halifax,622,6,0,36.25669272,-77.6556109,37083.0,1243.75124975005,0.964630225080386,616,610,6,0,604,595,50574,12,0,0,12,15
2020-08-01,US,North Carolina,Harnett,1123,36,0,35.36731853,-78.87243571,37085.0,825.8810378302053,3.2056990204808553,1087,1094,36,0,1058,1074,134214,29,0,0,29,20
2020-08-01,US,North Carolina,Haywood,295,6,0,35.55269063,-82.98196486,37087.0,473.3860744259191,2.0338983050847457,289,276,3,0,273,268,61971,19,3,0,16,8
2020-08-01,US,North Carolina,Henderson,1358,53,0,35.33788927,-82.4766782,37089.0,1156.5616563189315,3.9027982326951403,1305,1344,53,0,1291,1325,116748,14,0,0,14,19
2020-08-01,US,North Carolina,Hertford,277,11,0,36.3607755,-76.98104134,37091.0,1169.9117286818432,3.9711191335740073,266,273,11,0,262,265,23659,4,0,0,4,8
2020-08-01,US,North Carolina,Hoke,666,8,0,35.01888303,-79.23651674,37093.0,1205.7790491364015,1.2012012012012012,658,659,8,0,651,648,54764,7,0,0,7,11
2020-08-01,US,North Carolina,Hyde,37,0,0,35.42017674,-76.15180542,37095.0,749.4429815677538,0.0,37,37,0,0,37,37,5230,0,0,0,0,0
2020-08-01,US,North Carolina,Iredell,1670,18,0,35.80950511,-80.8743128,37097.0,918.5615436234227,1.0778443113772456,1652,1661,18,0,1643,1605,178435,9,0,0,9,56
2020-08-01,US,North Carolina,Jackson,395,3,0,35.28814273,-83.14093385,37099.0,898.9940370522099,0.7594936708860759,392,389,3,0,386,382,43327,6,0,0,6,7
2020-08-01,US,North Carolina,Johnston,3000,44,0,35.51745004,-78.36622717,37101.0,1433.0822254811576,1.4666666666666666,2956,2929,44,0,2885,2895,202675,71,0,0,71,34
2020-08-01,US,North Carolina,Jones,58,3,0,35.02254606,-77.35870791,37103.0,615.7766217220511,5.172413793103448,55,58,3,0,55,55,9637,0,0,0,0,3
2020-08-01,US,North Carolina,Lee,1178,10,0,35.47623147,-79.17569362,37105.0,1906.7968079768207,0.8488964346349746,1168,1141,9,0,1132,1124,61452,37,1,0,36,17
2020-08-01,US,North Carolina,Lenoir,531,12,0,35.24032589999999,-77.64245615,37107.0,949.0786251764999,2.2598870056497176,519,522,12,0,510,511,55976,9,0,0,9,11
2020-08-01,US,North Carolina,Lincoln,729,3,0,35.48508185,-81.21740317,37109.0,846.5817375248226,0.41152263374485604,726,721,3,0,718,710,83770,8,0,0,8,11
2020-08-01,US,North Carolina,Macon,445,2,0,35.14867843,-83.41696617,37113.0,1241.0061910870654,0.44943820224719105,443,445,2,0,443,445,35285,0,0,0,0,0
2020-08-01,US,North Carolina,Madison,38,0,0,35.85402722,-82.71346418,37115.0,174.67248908296943,0.0,38,38,0,0,38,36,21763,0,0,0,0,2
2020-08-01,US,North Carolina,Martin,239,6,0,35.84326734,-77.10860251,37117.0,1065.0623885918003,2.510460251046025,233,236,6,0,230,235,22671,3,0,0,3,1
2020-08-01,US,North Carolina,McDowell,595,9,0,35.67736232,-82.0482425,37111.0,1300.3759069848766,1.512605042016807,586,573,8,0,565,539,45507,22,1,0,21,34
2020-08-01,US,North Carolina,Mecklenburg,20679,210,0,35.24469268,-80.8317671,37119.0,1862.3756705056753,1.0155229943420865,20469,20502,199,0,20303,20261,1093901,177,11,0,166,241
2020-08-01,US,North Carolina,Mitchell,108,2,0,36.01059309,-82.1582442,37121.0,721.7321571772252,1.851851851851852,106,108,2,0,106,108,15000,0,0,0,0,0
2020-08-01,US,North Carolina,Montgomery,585,14,0,35.33155144,-79.90416657,37123.0,2152.8723365105066,2.393162393162393,571,569,14,0,555,563,27271,16,0,0,16,6
2020-08-01,US,North Carolina,Moore,888,20,0,35.30885257,-79.48474178,37125.0,880.253766851705,2.2522522522522523,868,872,20,0,852,858,98682,16,0,0,16,14
2020-08-01,US,North Carolina,Nash,1014,11,0,35.96575634,-77.98422508,37127.0,1075.3144287259536,1.0848126232741615,1003,994,11,0,983,963,94016,20,0,0,20,31
2020-08-01,US,North Carolina,New Hanover,2322,19,0,34.25758282,-77.87075626,37129.0,990.3059200846153,0.8182601205857021,2303,2285,19,0,2266,2283,232274,37,0,0,37,2
2020-08-01,US,North Carolina,Northampton,307,16,0,36.41736238,-77.39769443,37131.0,1575.7326900374685,5.2117263843648205,291,307,16,0,291,307,19676,0,0,0,0,0
2020-08-01,US,North Carolina,Onslow,917,10,0,34.72607366,-77.42908179,37133.0,463.2763794723599,1.0905125408942202,907,890,10,0,880,838,197683,27,0,0,27,52
2020-08-01,US,North Carolina,Orange,1278,45,0,36.06092947,-79.12167935,37135.0,860.745170936717,3.5211267605633805,1233,1266,45,0,1221,1250,146027,12,0,0,12,16
2020-08-01,US,North Carolina,Pamlico,57,1,0,35.15253315,-76.66559823,37137.0,447.90193305044784,1.7543859649122806,56,54,1,0,53,54,12670,3,0,0,3,0
2020-08-01,US,North Carolina,Pasquotank,351,17,0,36.26723798,-76.25134778,37139.0,881.3780634793089,4.843304843304844,334,346,17,0,329,336,39639,5,0,0,5,10
2020-08-01,US,North Carolina,Pender,612,3,0,34.52265624,-77.90352133,37141.0,970.5042816365366,0.4901960784313725,609,610,3,0,607,597,62162,2,0,0,2,13
2020-08-01,US,North Carolina,Perquimans,65,2,0,36.17847453,-76.40603143,37143.0,482.8047240585308,3.0769230769230766,63,64,2,0,62,62,13422,1,0,0,1,2
2020-08-01,US,North Carolina,Person,191,2,0,36.38989032,-78.97217358,37145.0,483.6667510762218,1.0471204188481675,189,189,2,0,187,187,39507,2,0,0,2,2
2020-08-01,US,North Carolina,Pitt,1739,11,0,35.59535426,-77.37353178,37147.0,962.1449358754468,0.6325474410580794,1728,1699,11,0,1688,1639,179914,40,0,0,40,60
2020-08-01,US,North Carolina,Polk,136,5,0,35.27820615,-82.16812354,37149.0,656.2439683458791,3.6764705882352944,131,132,5,0,127,131,20611,4,0,0,4,1
2020-08-01,US,North Carolina,Randolph,2049,36,0,35.71015088,-79.80570339,37151.0,1426.2147883647601,1.7569546120058566,2013,2026,36,0,1990,1999,143351,23,0,0,23,27
2020-08-01,US,North Carolina,Richmond,478,8,0,35.00417719,-79.74491009,37153.0,1066.274063664146,1.6736401673640169,470,475,8,0,467,471,44887,3,0,0,3,4
2020-08-01,US,North Carolina,Robeson,2606,51,0,34.64244496,-79.10250529999998,37155.0,1995.023923444976,1.9570222563315427,2555,2563,51,0,2512,2531,131831,43,0,0,43,32
2020-08-01,US,North Carolina,Rockingham,461,7,0,36.39593137,-79.77504841,37157.0,506.53774310515325,1.5184381778741864,454,450,7,0,443,446,90690,11,0,0,11,4
2020-08-01,US,North Carolina,Rowan,1986,48,0,35.64003916,-80.52446628,37159.0,1397.725353302179,2.416918429003021,1938,1957,48,0,1909,1940,141262,29,0,0,29,17
2020-08-01,US,North Carolina,Rutherford,638,13,0,35.40114178,-81.92112099,37161.0,951.8268212266333,2.0376175548589344,625,628,13,0,615,619,66826,10,0,0,10,9
2020-08-01,US,North Carolina,Sampson,1417,12,0,34.98820368,-78.36914061,37163.0,2230.4072027828934,0.8468595624558928,1405,1411,12,0,1399,1402,63626,6,0,0,6,9
2020-08-01,US,North Carolina,Scotland,273,2,0,34.8386299,-79.4757978,37165.0,783.9646210837665,0.7326007326007326,271,263,2,0,261,259,34810,10,0,0,10,4
2020-08-01,US,North Carolina,Stanly,884,11,0,35.31647813,-80.25093221,37167.0,1407.5088367353437,1.2443438914027152,873,866,11,0,855,854,62075,18,0,0,18,12
2020-08-01,US,North Carolina,Stokes,256,3,0,36.4017975,-80.23893369,37169.0,561.5143339694238,1.171875,253,248,3,0,245,240,45467,8,0,0,8,8
2020-08-01,US,North Carolina,Surry,860,7,0,36.41689489,-80.69102283,37171.0,1198.0552498502432,0.813953488372093,853,845,7,0,838,832,71948,15,0,0,15,13
2020-08-01,US,North Carolina,Swain,103,2,0,35.48665845,-83.48748932,37173.0,721.7433956975685,1.9417475728155342,101,103,2,0,101,99,14245,0,0,0,0,4
2020-08-01,US,North Carolina,Transylvania,122,1,0,35.20383864,-82.79638423,37175.0,354.80587465464595,0.819672131147541,121,121,1,0,120,116,34215,1,0,0,1,5
2020-08-01,US,North Carolina,Tyrrell,91,1,0,35.87147226,-76.17055253,37177.0,2265.93625498008,1.0989010989010992,90,91,1,0,90,91,4131,0,0,0,0,0
2020-08-01,US,North Carolina,Union,2762,39,0,34.98960527,-80.52955873,37179.0,1151.5098453674868,1.4120202751629254,2723,2720,39,0,2681,2671,235908,42,0,0,42,49
2020-08-01,US,North Carolina,Vance,727,40,0,36.36880673,-78.40670845,37181.0,1632.4239362299315,5.502063273727648,687,721,40,0,681,710,44582,6,0,0,6,11
2020-08-01,US,North Carolina,Wake,10969,132,0,35.78879266,-78.65249174,37183.0,986.6329184060244,1.2033913756951409,10837,10859,128,0,10731,10684,1092305,110,4,0,106,175
2020-08-01,US,North Carolina,Warren,239,6,0,36.39728256,-78.10652228,37185.0,1211.291875728549,2.510460251046025,233,238,6,0,232,235,19807,1,0,0,1,3
2020-08-01,US,North Carolina,Washington,118,3,0,35.83810081,-76.57299037,37187.0,1018.9982728842833,2.5423728813559316,115,114,3,0,111,114,11859,4,0,0,4,0
2020-08-01,US,North Carolina,Watauga,251,0,0,36.23103603,-81.70033724,37189.0,446.8020720223579,0.0,251,251,0,0,251,251,55945,0,0,0,0,0
2020-08-01,US,North Carolina,Wayne,2299,37,0,35.36438125,-78.00027268,37191.0,1867.1171354086296,1.6093953892996955,2262,2285,37,0,2248,2285,123248,14,0,0,14,0
2020-08-01,US,North Carolina,Wilkes,729,10,0,36.2084135,-81.16232895,37193.0,1065.6025258726538,1.3717421124828533,719,723,9,0,714,721,68557,6,1,0,5,2
2020-08-01,US,North Carolina,Wilson,1382,34,0,35.70625477,-77.917978,37195.0,1689.4658989498905,2.4602026049204047,1348,1370,33,0,1337,1358,81455,12,1,0,11,12
2020-08-01,US,North Carolina,Yadkin,486,6,0,36.16222629,-80.66239436,37197.0,1290.254068548066,1.2345679012345678,480,480,6,0,474,476,37543,6,0,0,6,4
2020-08-01,US,North Carolina,Yancey,94,0,0,35.90079156,-82.31237181,37199.0,520.2280148320327,0.0,94,94,0,0,94,94,17903,0,0,0,0,0
2020-08-01,US,North Dakota,Adams,2,0,0,46.09686891,-102.5285397,38001.0,90.25270758122744,0.0,2,2,0,0,2,2,2294,0,0,0,0,0
2020-08-01,US,North Dakota,Barnes,32,0,0,46.93579637,-98.06605978,38003.0,307.2491598655785,0.0,32,31,0,0,31,31,10542,1,0,0,1,0
2020-08-01,US,North Dakota,Benson,93,1,0,48.0683985,-99.35916363,38005.0,1361.2412177985948,1.075268817204301,92,86,1,0,85,74,6962,7,0,0,7,12
2020-08-01,US,North Dakota,Billings,2,0,0,47.02366884,-103.3762965,38007.0,215.5172413793104,0.0,2,2,0,0,2,1,919,0,0,0,0,1
2020-08-01,US,North Dakota,Bottineau,17,0,0,48.79106111,-100.8378166,38009.0,270.6144539955428,0.0,17,11,0,0,11,10,6411,6,0,0,6,1
2020-08-01,US,North Dakota,Bowman,6,0,0,46.11285362,-103.5203343,38011.0,198.4126984126984,0.0,6,6,0,0,6,6,3076,0,0,0,0,0
2020-08-01,US,North Dakota,Burke,19,0,0,48.79094471,-102.5182117,38013.0,898.3451536643026,0.0,19,17,0,0,17,15,2100,2,0,0,2,2
2020-08-01,US,North Dakota,Burleigh,944,4,0,46.97847375,-100.4645214,38015.0,987.1792190408464,0.42372881355932196,940,915,4,0,911,877,95273,29,0,0,29,38
2020-08-01,US,North Dakota,Cass,2917,76,0,46.93201724,-97.2444719,38017.0,1603.4256251271142,2.6054165238258484,2841,2897,76,0,2821,2872,181516,20,0,0,20,25
2020-08-01,US,North Dakota,Cavalier,31,0,0,48.77286211,-98.46685243,38019.0,824.0297713981925,0.0,31,31,0,0,31,30,3829,0,0,0,0,1
2020-08-01,US,North Dakota,Dickey,11,0,0,46.11017712,-98.5049008,38021.0,225.7799671592775,0.0,11,11,0,0,11,10,4903,0,0,0,0,1
2020-08-01,US,North Dakota,Divide,1,0,0,48.814938700000006,-103.4873611,38023.0,44.16961130742049,0.0,1,1,0,0,1,1,2283,0,0,0,0,0
2020-08-01,US,North Dakota,Dunn,29,0,0,47.35423935,-102.6160468,38025.0,655.5153707052441,0.0,29,28,0,0,28,27,4332,1,0,0,1,1
2020-08-01,US,North Dakota,Eddy,13,0,0,47.71701474,-98.90432337,38027.0,568.4302579798863,0.0,13,13,0,0,13,13,2313,0,0,0,0,0
2020-08-01,US,North Dakota,Emmons,15,1,0,46.28398398,-100.2389766,38029.0,462.8201172477632,6.666666666666668,14,15,1,0,14,15,3295,0,0,0,0,0
2020-08-01,US,North Dakota,Foster,17,0,0,47.4571084,-98.88279923,38031.0,529.5950155763238,0.0,17,12,0,0,12,12,3216,5,0,0,5,0
2020-08-01,US,North Dakota,Golden Valley,4,0,0,46.94022281,-103.8465421,38033.0,227.14366837024414,0.0,4,4,0,0,4,4,1769,0,0,0,0,0
2020-08-01,US,North Dakota,Grand Forks,624,4,0,47.92093639,-97.45450447,38035.0,898.4751839426358,0.6410256410256411,620,619,4,0,615,608,70770,5,0,0,5,11
2020-08-01,US,North Dakota,Grant,4,0,0,46.35821257,-101.6390013,38037.0,175.9014951627089,0.0,4,4,0,0,4,4,2374,0,0,0,0,0
2020-08-01,US,North Dakota,Griggs,29,0,0,47.45785838,-98.23850925,38039.0,1299.86553115195,0.0,29,25,0,0,25,21,2232,4,0,0,4,4
2020-08-01,US,North Dakota,Hettinger,6,0,0,46.43375068,-102.4632417,38041.0,240.09603841536614,0.0,6,6,0,0,6,6,2514,0,0,0,0,0
2020-08-01,US,North Dakota,Kidder,11,0,0,46.97830064,-99.77507857,38043.0,443.5483870967742,0.0,11,11,0,0,11,10,2450,0,0,0,0,1
2020-08-01,US,North Dakota,LaMoure,14,0,0,46.45681054,-98.53542355,38045.0,346.02076124567475,0.0,14,14,0,0,14,14,4062,0,0,0,0,0
2020-08-01,US,North Dakota,Logan,4,0,0,46.45729487,-99.47719806,38047.0,216.21621621621625,0.0,4,4,0,0,4,3,1903,0,0,0,0,1
2020-08-01,US,North Dakota,McHenry,14,1,0,48.23104458,-100.6324822,38049.0,243.69016536118363,7.142857142857142,13,14,1,0,13,14,5816,0,0,0,0,0
2020-08-01,US,North Dakota,McIntosh,19,1,0,46.11182017,-99.44145858,38051.0,760.9130957148578,5.2631578947368425,18,18,1,0,17,16,2585,1,0,0,1,2
2020-08-01,US,North Dakota,McKenzie,78,1,0,47.74133370000001,-103.395905,38053.0,519.1693290734825,1.2820512820512822,77,73,1,0,72,73,13632,5,0,0,5,0
2020-08-01,US,North Dakota,McLean,37,0,0,47.60766714,-101.3182418,38055.0,391.5343915343917,0.0,37,35,0,0,35,30,9541,2,0,0,2,5
2020-08-01,US,North Dakota,Mercer,23,0,0,47.31213126,-101.8318399,38057.0,280.9331867594968,0.0,23,23,0,0,23,20,8267,0,0,0,0,3
2020-08-01,US,North Dakota,Morton,268,3,0,46.71681782,-101.2822377,38059.0,854.4828465756917,1.1194029850746268,265,262,3,0,259,254,31095,6,0,0,6,8
2020-08-01,US,North Dakota,Mountrail,113,1,0,48.20197971,-102.3555315,38061.0,1071.5979137031768,0.8849557522123894,112,108,1,0,107,108,10218,5,0,0,5,0
2020-08-01,US,North Dakota,Nelson,17,0,0,47.9226426,-98.19038437,38063.0,590.4828065300452,0.0,17,13,0,0,13,11,2869,4,0,0,4,2
2020-08-01,US,North Dakota,Oliver,6,0,0,47.11530482,-101.3406158,38065.0,306.27871362940283,0.0,6,6,0,0,6,6,1952,0,0,0,0,0
2020-08-01,US,North Dakota,Pembina,27,0,0,48.76623521,-97.5523809,38067.0,397.00044111160116,0.0,27,27,0,0,27,27,6947,0,0,0,0,0
2020-08-01,US,North Dakota,Pierce,11,0,0,48.24977025,-99.96407787,38069.0,276.7295597484277,0.0,11,11,0,0,11,8,4081,0,0,0,0,3
2020-08-01,US,North Dakota,Ramsey,40,2,0,48.26886249,-98.72223879,38071.0,347.252365656741,5.0,38,37,2,0,35,35,11481,3,0,0,3,2
2020-08-01,US,North Dakota,Ransom,26,0,0,46.45621782,-97.65742504,38073.0,498.27520122652356,0.0,26,26,0,0,26,26,5237,0,0,0,0,0
2020-08-01,US,North Dakota,Renville,9,0,0,48.71982533,-101.6603912,38075.0,386.7640739149119,0.0,9,9,0,0,9,9,2374,0,0,0,0,0
2020-08-01,US,North Dakota,Richland,91,0,0,46.26440649,-96.94852979,38077.0,562.5270445694505,0.0,91,87,0,0,87,82,16239,4,0,0,4,5
2020-08-01,US,North Dakota,Rolette,32,0,0,48.77245354,-99.84097493,38079.0,225.73363431151242,0.0,32,29,0,0,29,22,14301,3,0,0,3,7
2020-08-01,US,North Dakota,Sargent,8,0,0,46.10830372,-97.63217159,38081.0,205.2334530528476,0.0,8,8,0,0,8,9,3870,0,0,0,0,-1
2020-08-01,US,North Dakota,Sheridan,5,0,0,47.57700669,-100.3426391,38083.0,380.22813688212926,0.0,5,5,0,0,5,5,1349,0,0,0,0,0
2020-08-01,US,North Dakota,Sioux,58,0,0,46.11323337,-101.0440149,38085.0,1371.1583924349882,0.0,58,57,0,0,57,57,4358,1,0,0,1,0
2020-08-01,US,North Dakota,Slope,3,0,0,46.44737738,-103.4601547,38087.0,400.0,0.0,3,3,0,0,3,3,763,0,0,0,0,0
2020-08-01,US,North Dakota,Stark,187,3,0,46.80851182,-102.6576326,38089.0,593.8581726952269,1.60427807486631,184,182,3,0,179,166,30997,5,0,0,5,16
2020-08-01,US,North Dakota,Steele,10,0,0,47.45611548,-97.72728747,38091.0,529.1005291005291,0.0,10,10,0,0,10,10,1903,0,0,0,0,0
2020-08-01,US,North Dakota,Stutsman,109,2,0,46.97962541,-98.95637318,38093.0,526.468315301391,1.834862385321101,107,105,2,0,103,104,20917,4,0,0,4,1
2020-08-01,US,North Dakota,Towner,6,0,0,48.68565745,-99.24564265,38095.0,274.09776153494744,0.0,6,6,0,0,6,5,2192,0,0,0,0,1
2020-08-01,US,North Dakota,Traill,42,0,0,47.45367788,-97.16323288,38097.0,522.6480836236934,0.0,42,41,0,0,41,42,8037,1,0,0,1,-1
2020-08-01,US,North Dakota,Walsh,98,0,0,48.36876964,-97.72574783,38099.0,920.9660746170473,0.0,98,96,0,0,96,94,10667,2,0,0,2,2
2020-08-01,US,North Dakota,Ward,176,1,0,48.22390169,-101.5436763,38101.0,260.1972176638429,0.5681818181818182,175,174,1,0,173,165,67744,2,0,0,2,9
2020-08-01,US,North Dakota,Wells,15,0,0,47.58614526,-99.65904998,38103.0,391.2363067292645,0.0,15,15,0,0,15,14,3957,0,0,0,0,1
2020-08-01,US,North Dakota,Williams,229,2,0,48.34522353,-103.4793387,38105.0,609.2207826757829,0.8733624454148472,227,224,2,0,222,220,35350,5,0,0,5,4
2020-08-01,US,Ohio,Adams,53,2,0,38.84541072,-83.4718964,39001.0,191.34955592461552,3.7735849056603774,51,53,2,0,51,53,27724,0,0,0,0,0
2020-08-01,US,Ohio,Allen,635,42,0,40.77285242,-84.10802343,39003.0,620.4140653242274,6.6141732283464565,593,628,42,0,586,603,102663,7,0,0,7,25
2020-08-01,US,Ohio,Ashland,127,3,0,40.84772277,-82.27280781,39005.0,237.4541919078603,2.3622047244094486,124,126,3,0,123,123,53745,1,0,0,1,3
2020-08-01,US,Ohio,Ashtabula,537,45,0,41.70860332,-80.74830218,39007.0,552.2361966660154,8.379888268156424,492,534,45,0,489,530,97493,3,0,0,3,4
2020-08-01,US,Ohio,Athens,342,1,0,39.33425634,-82.04278644,39009.0,523.5201371561528,0.29239766081871343,341,339,1,0,338,334,65818,3,0,0,3,5
2020-08-01,US,Ohio,Auglaize,208,5,0,40.55998859,-84.22421429999999,39011.0,455.5808656036447,2.4038461538461537,203,200,5,0,195,192,45804,8,0,0,8,8
2020-08-01,US,Ohio,Belmont,589,26,0,40.01625942,-80.9924051,39013.0,879.0257588872638,4.414261460101868,563,589,26,0,563,588,67505,0,0,0,0,1
2020-08-01,US,Ohio,Brown,113,1,0,38.93416837,-83.86788395,39015.0,260.17682814514643,0.8849557522123894,112,107,1,0,106,99,43602,6,0,0,6,8
2020-08-01,US,Ohio,Butler,2652,59,0,39.44012838,-84.57388716,39017.0,692.1860236888399,2.2247360482654597,2593,2619,59,0,2560,2605,382378,33,0,0,33,14
2020-08-01,US,Ohio,Carroll,107,5,0,40.5789686,-81.09178213,39019.0,397.56260682172854,4.672897196261682,102,107,5,0,102,104,27081,0,0,0,0,3
2020-08-01,US,Ohio,Champaign,102,1,0,40.13923427,-83.76875242,39021.0,262.3119454802623,0.9803921568627452,101,102,1,0,101,95,38754,0,0,0,0,7
2020-08-01,US,Ohio,Clark,1067,13,0,39.91592258,-83.78498252,39023.0,795.7757508408971,1.218369259606373,1054,1058,13,0,1045,1046,134585,9,0,0,9,12
2020-08-01,US,Ohio,Clermont,821,10,0,39.04847534,-84.15375786,39025.0,397.71736392349874,1.2180267965895248,811,802,10,0,792,792,205466,19,0,0,19,10
2020-08-01,US,Ohio,Clinton,144,6,0,39.41485808,-83.80852286,39027.0,343.11856652687766,4.166666666666667,138,144,6,0,138,142,42057,0,0,0,0,2
2020-08-01,US,Ohio,Columbiana,1566,60,0,40.76932373,-80.78094576,39029.0,1537.057212685139,3.8314176245210727,1506,1565,60,0,1505,1547,102665,1,0,0,1,18
2020-08-01,US,Ohio,Coshocton,185,6,0,40.30096166,-81.91729018,39031.0,505.46448087431696,3.2432432432432434,179,185,6,0,179,182,36629,0,0,0,0,3
2020-08-01,US,Ohio,Crawford,164,5,0,40.85065156,-82.91989099,39033.0,395.2378657155251,3.0487804878048776,159,163,5,0,158,160,41550,1,0,0,1,3
2020-08-01,US,Ohio,Cuyahoga,12518,475,0,41.424119,-81.65918339,39035.0,1013.5441496528138,3.794535868349577,12043,12399,470,0,11929,12212,1243857,119,5,0,114,187
2020-08-01,US,Ohio,Darke,313,27,0,40.13412966,-84.6194517,39037.0,612.3686733316378,8.626198083067093,286,312,27,0,285,308,51323,1,0,0,1,4
2020-08-01,US,Ohio,Defiance,129,4,0,41.32398837,-84.49076944,39039.0,338.69824349515585,3.1007751937984502,125,127,4,0,123,124,38165,2,0,0,2,3
2020-08-01,US,Ohio,Delaware,1180,18,0,40.27942393,-83.00457058,39041.0,564.1155576377902,1.5254237288135593,1162,1168,18,0,1150,1141,204826,12,0,0,12,27
2020-08-01,US,Ohio,Erie,507,27,0,41.36796058,-82.62904521,39043.0,682.6811730805482,5.325443786982248,480,499,26,0,473,488,74615,8,1,0,7,11
2020-08-01,US,Ohio,Fairfield,1228,22,0,39.75107189,-82.63088163,39045.0,779.3163846827522,1.7915309446254069,1206,1216,22,0,1194,1177,155782,12,0,0,12,39
2020-08-01,US,Ohio,Fayette,91,0,0,39.56021306,-83.4562016,39047.0,319.0184049079755,0.0,91,88,0,0,88,80,28666,3,0,0,3,8
2020-08-01,US,Ohio,Franklin,16952,513,0,39.96995815,-83.01115755,39049.0,1287.4063228115156,3.026191599811232,16439,16842,511,0,16331,16630,1310300,110,2,0,108,212
2020-08-01,US,Ohio,Fulton,138,1,0,41.60213491,-84.12571393,39051.0,327.58866258367755,0.7246376811594203,137,137,1,0,136,133,42276,1,0,0,1,4
2020-08-01,US,Ohio,Gallia,58,1,0,38.82708533,-82.31647569,39053.0,193.9929092246973,1.7241379310344829,57,49,1,0,48,49,29979,9,0,0,9,0
2020-08-01,US,Ohio,Geauga,522,43,0,41.49952319,-81.17935342,39055.0,557.4005061452872,8.237547892720308,479,519,43,0,476,515,94031,3,0,0,3,4
2020-08-01,US,Ohio,Greene,617,11,0,39.69116283,-83.89032084,39057.0,365.2249063260268,1.7828200972447326,606,610,11,0,599,599,167995,7,0,0,7,11
2020-08-01,US,Ohio,Guernsey,110,6,0,40.05026529,-81.49248905,39059.0,282.9581993569132,5.454545454545454,104,107,6,0,101,103,39022,3,0,0,3,4
2020-08-01,US,Ohio,Hamilton,9048,246,0,39.19673558,-84.54502924,39061.0,1106.825546531812,2.7188328912466844,8802,8977,245,0,8732,8872,816684,71,1,0,70,105
2020-08-01,US,Ohio,Hancock,309,2,0,41.00250487,-83.66838948,39063.0,407.74316139503577,0.6472491909385113,307,303,2,0,301,291,75930,6,0,0,6,12
2020-08-01,US,Ohio,Hardin,150,12,0,40.66015414,-83.65929931,39065.0,478.24007651841225,8.0,138,149,12,0,137,147,31480,1,0,0,1,2
2020-08-01,US,Ohio,Harrison,19,1,0,40.29380509,-81.09068544,39067.0,126.32978723404257,5.2631578947368425,18,19,1,0,18,19,15174,0,0,0,0,0
2020-08-01,US,Ohio,Henry,104,1,0,41.3339642,-84.06830637,39069.0,385.0996074946309,0.9615384615384616,103,101,1,0,100,99,27086,3,0,0,3,2
2020-08-01,US,Ohio,Highland,121,1,0,39.1839264,-83.60331456,39071.0,280.3456824447997,0.8264462809917356,120,118,1,0,117,114,43058,3,0,0,3,4
2020-08-01,US,Ohio,Hocking,106,9,0,39.49537927,-82.47991446,39073.0,375.0353806962921,8.49056603773585,97,106,9,0,97,104,28385,0,0,0,0,2
2020-08-01,US,Ohio,Holmes,319,6,0,40.56163713,-81.92635677,39075.0,725.6596906278435,1.8808777429467085,313,318,6,0,312,315,43892,1,0,0,1,3
2020-08-01,US,Ohio,Huron,368,4,0,41.14651175,-82.59867951,39077.0,631.5861737548485,1.0869565217391304,364,369,4,0,365,359,58504,-1,0,0,-1,10
2020-08-01,US,Ohio,Jackson,65,0,0,39.01914254,-82.61818559999998,39079.0,200.536821645636,0.0,65,64,0,0,64,63,32384,1,0,0,1,1
2020-08-01,US,Ohio,Jefferson,203,3,0,40.38614126,-80.76259514,39081.0,310.7539226942212,1.477832512315271,200,196,3,0,193,191,65767,7,0,0,7,5
2020-08-01,US,Ohio,Knox,157,2,0,40.39830217,-82.42027563,39083.0,251.917460928725,1.2738853503184713,155,154,2,0,152,142,61893,3,0,0,3,12
2020-08-01,US,Ohio,Lake,1024,34,0,41.69710807,-81.23676539,39085.0,444.92915459115613,3.3203125,990,1008,34,0,974,983,230514,16,0,0,16,25
2020-08-01,US,Ohio,Lawrence,211,0,0,38.59743452,-82.53466552,39087.0,354.84250710525873,0.0,211,206,0,0,206,199,59866,5,0,0,5,7
2020-08-01,US,Ohio,Licking,1094,41,0,40.09136236,-82.48185785,39089.0,618.5613642274767,3.747714808043876,1053,1081,40,0,1041,1059,175769,13,1,0,12,22
2020-08-01,US,Ohio,Logan,116,1,0,40.38996525,-83.76784341,39091.0,253.98493606586086,0.8620689655172413,115,114,1,0,113,109,45358,2,0,0,2,5
2020-08-01,US,Ohio,Lorain,1596,76,0,41.29553751,-82.15083537,39093.0,515.1162077635371,4.761904761904762,1520,1584,76,0,1508,1563,309461,12,0,0,12,21
2020-08-01,US,Ohio,Lucas,4762,316,0,41.62101218,-83.65468618,39095.0,1111.7129063284992,6.635867282654347,4446,4658,314,0,4344,4521,429899,104,2,0,102,137
2020-08-01,US,Ohio,Madison,322,10,0,39.89381073,-83.40178317,39097.0,719.8587109610785,3.1055900621118013,312,313,10,0,303,308,44413,9,0,0,9,5
2020-08-01,US,Ohio,Mahoning,2383,253,0,41.01631101,-80.77287029,39099.0,1042.0538474657058,10.616869492236676,2130,2371,250,0,2121,2349,229642,12,3,0,9,22
2020-08-01,US,Ohio,Marion,2867,44,0,40.58610662,-83.15736305,39101.0,4404.467454257754,1.5347052668294383,2823,2860,44,0,2816,2855,65256,7,0,0,7,5
2020-08-01,US,Ohio,Medina,821,33,0,41.11770589,-81.89986209999998,39103.0,456.7556440755288,4.019488428745432,788,812,33,0,779,795,179146,9,0,0,9,17
2020-08-01,US,Ohio,Meigs,23,0,0,39.09224872,-82.0305041,39105.0,100.40598943554373,0.0,23,23,0,0,23,23,23106,0,0,0,0,0
2020-08-01,US,Ohio,Mercer,517,13,0,40.54043046,-84.62912742,39107.0,1255.7077625570776,2.514506769825919,504,498,13,0,485,476,40959,19,0,0,19,22
2020-08-01,US,Ohio,Miami,762,36,0,40.0543329,-84.22871271,39109.0,712.2360660641012,4.724409448818896,726,747,36,0,711,728,106222,15,0,0,15,19
2020-08-01,US,Ohio,Monroe,89,18,0,39.72984936,-81.08464734,39111.0,651.8236414237588,20.224719101123604,71,89,18,0,71,89,13790,0,0,0,0,0
2020-08-01,US,Ohio,Montgomery,3970,75,0,39.75394919,-84.29050975,39113.0,746.6799075395862,1.889168765743073,3895,3926,70,0,3856,3845,532331,44,5,0,39,81
2020-08-01,US,Ohio,Morgan,18,0,0,39.62081738,-81.85308173,39115.0,124.06947890818859,0.0,18,17,0,0,17,17,14604,1,0,0,1,0
2020-08-01,US,Ohio,Morrow,158,2,0,40.52363560000001,-82.7892599,39117.0,447.2373188405797,1.2658227848101269,156,157,2,0,155,155,35112,1,0,0,1,2
2020-08-01,US,Ohio,Muskingum,175,1,0,39.96575964,-81.94363275,39119.0,202.98091979353939,0.5714285714285714,174,172,1,0,171,163,86183,3,0,0,3,9
2020-08-01,US,Ohio,Noble,16,0,0,39.76818851,-81.45937183,39121.0,110.92623405435387,0.0,16,16,0,0,16,16,14354,0,0,0,0,0
2020-08-01,US,Ohio,Ottawa,346,25,0,41.53781826,-83.0940185,39123.0,853.7939543491672,7.22543352601156,321,341,25,0,316,335,40769,5,0,0,5,6
2020-08-01,US,Ohio,Paulding,59,0,0,41.11676341,-84.5801017,39125.0,315.9811482433591,0.0,59,58,0,0,58,57,18760,1,0,0,1,1
2020-08-01,US,Ohio,Perry,102,2,0,39.73508655,-82.23804971,39127.0,282.2826147119057,1.96078431372549,100,100,1,0,99,84,36033,2,1,0,1,16
2020-08-01,US,Ohio,Pickaway,2348,42,0,39.64170392,-83.0243386,39129.0,4016.6276066168293,1.788756388415673,2306,2345,42,0,2303,2342,58086,3,0,0,3,3
2020-08-01,US,Ohio,Pike,63,0,0,39.07634001,-83.06769584,39131.0,226.84718421431657,0.0,63,61,0,0,61,61,28067,2,0,0,2,0
2020-08-01,US,Ohio,Portage,708,60,0,41.16793482,-81.19735782,39133.0,435.7834870065121,8.474576271186441,648,704,60,0,644,693,162927,4,0,0,4,11
2020-08-01,US,Ohio,Preble,162,2,0,39.7420247,-84.64787018,39135.0,396.26241377623404,1.2345679012345678,160,154,2,0,152,140,40997,8,0,0,8,14
2020-08-01,US,Ohio,Putnam,192,17,0,41.02094889,-84.1336111,39137.0,567.0240099229202,8.854166666666666,175,188,17,0,171,181,33780,4,0,0,4,7
2020-08-01,US,Ohio,Richland,531,10,0,40.77180308,-82.53799609999999,39139.0,438.285157733133,1.8832391713747645,521,525,10,0,515,509,121099,6,0,0,6,16
2020-08-01,US,Ohio,Ross,381,6,0,39.33705391,-83.06000914,39141.0,496.96084313776635,1.5748031496062993,375,374,5,0,369,359,76931,7,1,0,6,15
2020-08-01,US,Ohio,Sandusky,319,17,0,41.35624126,-83.137872,39143.0,545.1314125568201,5.329153605015674,302,315,17,0,298,298,58799,4,0,0,4,17
2020-08-01,US,Ohio,Scioto,180,1,0,38.80270163,-82.98907345,39145.0,238.9993892237831,0.5555555555555556,179,179,1,0,178,167,75502,1,0,0,1,12
2020-08-01,US,Ohio,Seneca,147,3,0,41.12351311,-83.12783209,39147.0,266.41052593424916,2.0408163265306123,144,140,3,0,137,129,55207,7,0,0,7,11
2020-08-01,US,Ohio,Shelby,153,4,0,40.33163494,-84.20258189,39149.0,314.8796048569665,2.6143790849673203,149,148,4,0,144,138,48627,5,0,0,5,10
2020-08-01,US,Ohio,Stark,1661,132,0,40.81482476,-81.36437305,39151.0,448.1848647890212,7.947019867549669,1529,1643,131,0,1512,1619,371574,18,1,0,17,24
2020-08-01,US,Ohio,Summit,3212,217,0,41.12464734,-81.53123079,39153.0,593.7010755748937,6.755915317559153,2995,3188,216,0,2972,3131,541918,24,1,0,23,57
2020-08-01,US,Ohio,Trumbull,1408,102,0,41.31735028,-80.76109643,39155.0,711.2045016012204,7.2443181818181825,1306,1393,100,0,1293,1374,198627,15,2,0,13,19
2020-08-01,US,Ohio,Tuscarawas,743,13,0,40.44214695,-81.47226262,39157.0,807.7228303999478,1.749663526244953,730,736,13,0,723,730,92176,7,0,0,7,6
2020-08-01,US,Ohio,Union,212,1,0,40.30016061,-83.37239023,39159.0,359.39513121312814,0.4716981132075472,211,209,1,0,208,204,57835,3,0,0,3,5
2020-08-01,US,Ohio,Van Wert,66,1,0,40.8554138,-84.59111700000003,39161.0,233.42175066312998,1.5151515151515151,65,65,1,0,64,65,28281,1,0,0,1,0
2020-08-01,US,Ohio,Vinton,30,2,0,39.25208988,-82.4831444,39163.0,229.2701566679404,6.666666666666668,28,29,2,0,27,29,13139,1,0,0,1,0
2020-08-01,US,Ohio,Warren,1579,35,0,39.42581994,-84.16557457,39165.0,673.0547906667463,2.216592780240658,1544,1551,35,0,1516,1517,232173,28,0,0,28,34
2020-08-01,US,Ohio,Washington,195,21,0,39.45690571,-81.49121382,39167.0,325.48279948590414,10.769230769230768,174,192,21,0,171,191,60155,3,0,0,3,1
2020-08-01,US,Ohio,Wayne,488,58,0,40.82925852,-81.88844833,39169.0,421.7440152104399,11.885245901639344,430,485,58,0,427,472,115967,3,0,0,3,13
2020-08-01,US,Ohio,Williams,120,3,0,41.56052014,-84.58429552,39171.0,327.0467676877794,2.5,117,117,3,0,114,112,36804,3,0,0,3,5
2020-08-01,US,Ohio,Wood,895,58,0,41.36224827,-83.62285108,39173.0,684.1618444086014,6.4804469273743015,837,880,58,0,822,852,130696,15,0,0,15,28
2020-08-01,US,Ohio,Wyandot,119,5,0,40.84339621,-83.30734173,39175.0,546.5735807459122,4.201680672268908,114,119,5,0,114,114,21935,0,0,0,0,5
2020-08-01,US,Oklahoma,Adair,289,5,0,35.88494195,-94.65859267,40001.0,1302.1537352437595,1.7301038062283738,284,283,5,0,278,274,22082,6,0,0,6,9
2020-08-01,US,Oklahoma,Alfalfa,3,0,0,36.73090616,-98.32408495,40003.0,52.6131182041389,0.0,3,4,0,0,4,4,5754,-1,0,0,-1,0
2020-08-01,US,Oklahoma,Atoka,62,0,0,34.37366573,-96.03802487,40005.0,450.64689635121385,0.0,62,60,0,0,60,60,13838,2,0,0,2,0
2020-08-01,US,Oklahoma,Beaver,36,0,0,36.7496847,-100.4758872,40007.0,677.8384485031067,0.0,36,36,0,0,36,36,5319,0,0,0,0,0
2020-08-01,US,Oklahoma,Beckham,43,1,0,35.26862449,-99.68128023,40009.0,196.71531177089528,2.3255813953488373,42,42,0,0,42,41,21709,1,1,0,0,1
2020-08-01,US,Oklahoma,Blaine,46,0,0,35.87518314,-98.43307003,40011.0,487.8566125782161,0.0,46,45,0,0,45,39,9485,1,0,0,1,6
2020-08-01,US,Oklahoma,Bryan,381,1,0,33.96472458,-96.25903472,40013.0,793.8326909053027,0.2624671916010499,380,374,1,0,373,368,47192,7,0,0,7,6
2020-08-01,US,Oklahoma,Caddo,359,14,0,35.17364557,-98.37534464,40015.0,1248.174674918295,3.899721448467967,345,348,14,0,334,332,28977,11,0,0,11,16
2020-08-01,US,Oklahoma,Canadian,1059,5,0,35.5426055,-97.98465569,40017.0,714.064164632584,0.4721435316336166,1054,1009,5,0,1004,988,144447,50,0,0,50,21
2020-08-01,US,Oklahoma,Carter,302,3,0,34.25103751,-97.28552485,40019.0,627.715075554447,0.9933774834437086,299,289,3,0,286,285,48177,13,0,0,13,4
2020-08-01,US,Oklahoma,Cherokee,321,1,0,35.90692775,-94.99980896,40021.0,659.7200813860287,0.3115264797507788,320,301,1,0,300,292,48675,20,0,0,20,9
2020-08-01,US,Oklahoma,Choctaw,164,1,0,34.02807439,-95.54771129,40023.0,1117.7753544165755,0.6097560975609756,163,160,1,0,159,161,14668,4,0,0,4,-1
2020-08-01,US,Oklahoma,Cimarron,1,0,0,36.74817177,-102.5173885,40025.0,46.79457182966776,0.0,1,1,0,0,1,1,2153,0,0,0,0,0
2020-08-01,US,Oklahoma,Cleveland,2652,49,0,35.20413532,-97.32519562,40027.0,933.7567866372784,1.847662141779789,2603,2555,49,0,2506,2487,281669,97,0,0,97,68
2020-08-01,US,Oklahoma,Coal,26,0,0,34.58840127,-96.29798747,40029.0,473.15741583257517,0.0,26,28,0,0,28,27,5520,-2,0,0,-2,1
2020-08-01,US,Oklahoma,Comanche,762,10,0,34.65973764,-98.47195055,40031.0,631.0611268002218,1.3123359580052494,752,756,10,0,746,751,120422,6,0,0,6,5
2020-08-01,US,Oklahoma,Cotton,17,2,0,34.28845626,-98.37053567,40033.0,300.0352982703848,11.764705882352944,15,17,2,0,15,17,5776,0,0,0,0,0
2020-08-01,US,Oklahoma,Craig,72,0,0,36.76268118,-95.20916602,40035.0,509.12176495545197,0.0,72,69,0,0,69,68,14306,3,0,0,3,1
2020-08-01,US,Oklahoma,Creek,495,13,0,35.90230551,-96.37086028,40037.0,692.0947400799754,2.6262626262626263,482,473,13,0,460,468,71604,22,0,0,22,5
2020-08-01,US,Oklahoma,Custer,190,0,0,35.63853802,-99.00170785,40039.0,655.1046443471365,0.0,190,185,0,0,185,173,29036,5,0,0,5,12
2020-08-01,US,Oklahoma,Delaware,399,19,0,36.40823634,-94.80325046,40041.0,927.7128042967752,4.761904761904762,380,390,19,0,371,385,42733,9,0,0,9,5
2020-08-01,US,Oklahoma,Dewey,7,0,0,35.98772922,-99.00730714,40043.0,143.1200163565733,0.0,7,7,0,0,7,7,4894,0,0,0,0,0
2020-08-01,US,Oklahoma,Ellis,3,0,0,36.218019399999996,-99.75324573,40045.0,77.74034724021767,0.0,3,3,0,0,3,3,3952,0,0,0,0,0
2020-08-01,US,Oklahoma,Garfield,363,4,0,36.3791334,-97.78265517,40047.0,594.5361635220124,1.1019283746556474,359,330,4,0,326,324,60913,33,0,0,33,6
2020-08-01,US,Oklahoma,Garvin,202,4,0,34.70418038,-97.30811132,40049.0,728.9524015733824,1.98019801980198,198,197,4,0,193,196,27811,5,0,0,5,1
2020-08-01,US,Oklahoma,Grady,406,6,0,35.0167709,-97.88339847,40051.0,727.1554966507863,1.477832512315271,400,397,6,0,391,391,55551,9,0,0,9,6
2020-08-01,US,Oklahoma,Grant,11,0,0,36.796296999999996,-97.78638765,40053.0,253.86568197553657,0.0,11,11,0,0,11,9,4326,0,0,0,0,2
2020-08-01,US,Oklahoma,Greer,80,7,0,34.93535801,-99.56056120000001,40055.0,1400.5602240896355,8.75,73,80,7,0,73,79,5821,0,0,0,0,1
2020-08-01,US,Oklahoma,Harmon,24,0,0,34.7440135,-99.84741652,40057.0,904.6362608367888,0.0,24,22,0,0,22,15,2664,2,0,0,2,7
2020-08-01,US,Oklahoma,Harper,9,0,0,36.78836519,-99.6679804,40059.0,244.0347071583514,0.0,9,5,0,0,5,5,3797,4,0,0,4,0
2020-08-01,US,Oklahoma,Haskell,40,0,0,35.22257600000001,-95.11513306,40061.0,316.7814999604023,0.0,40,35,0,0,35,32,12668,5,0,0,5,3
2020-08-01,US,Oklahoma,Hughes,107,1,0,35.04912569,-96.24921145,40063.0,805.7835680397618,0.9345794392523364,106,100,1,0,99,96,13335,7,0,0,7,4
2020-08-01,US,Oklahoma,Jackson,478,4,0,34.58781741,-99.41138784,40065.0,1948.63432531594,0.8368200836820083,474,468,3,0,465,442,24949,10,1,0,9,26
2020-08-01,US,Oklahoma,Jefferson,30,0,0,34.11130184,-97.83182974,40067.0,499.8333888703766,0.0,30,29,0,0,29,27,6123,1,0,0,1,2
2020-08-01,US,Oklahoma,Johnston,40,0,0,34.31440473,-96.66011537,40069.0,360.8479927830402,0.0,40,39,0,0,39,37,10949,1,0,0,1,2
2020-08-01,US,Oklahoma,Kay,214,10,0,36.81799745,-97.14421435,40071.0,491.5246451375811,4.672897196261682,204,207,10,0,197,205,44161,7,0,0,7,2
2020-08-01,US,Oklahoma,Kingfisher,107,0,0,35.94530008,-97.94193268,40073.0,678.7186806216301,0.0,107,101,0,0,101,96,15816,6,0,0,6,5
2020-08-01,US,Oklahoma,Kiowa,27,1,0,34.91671958,-98.97720696,40075.0,310.05971520440966,3.703703703703704,26,24,1,0,23,24,8729,3,0,0,3,0
2020-08-01,US,Oklahoma,Latimer,67,1,0,34.87844729,-95.25215049,40077.0,665.1444455475033,1.492537313432836,66,64,1,0,63,58,10231,3,0,0,3,6
2020-08-01,US,Oklahoma,Le Flore,229,1,0,34.89851864,-94.70392124,40079.0,459.3504904418992,0.4366812227074236,228,218,1,0,217,184,49980,11,0,0,11,34
2020-08-01,US,Oklahoma,Lincoln,125,2,0,35.70270942,-96.8812462,40081.0,358.40238552627807,1.6,123,118,2,0,116,112,34920,7,0,0,7,6
2020-08-01,US,Oklahoma,Logan,180,1,0,35.91899576,-97.44352845,40083.0,374.91408218949823,0.5555555555555556,179,170,1,0,169,164,47291,10,0,0,10,6
2020-08-01,US,Oklahoma,Love,64,0,0,33.95273467,-97.23906784,40085.0,624.2075490100458,0.0,64,64,0,0,64,64,10134,0,0,0,0,0
2020-08-01,US,Oklahoma,Major,25,1,0,36.31149996,-98.53467076,40093.0,327.69694586446457,4.0,24,26,1,0,25,23,7644,-1,0,0,-1,3
2020-08-01,US,Oklahoma,Marshall,97,0,0,34.02311222,-96.76855464,40095.0,572.9135904553777,0.0,97,93,0,0,93,83,16806,4,0,0,4,10
2020-08-01,US,Oklahoma,Mayes,282,6,0,36.30179091,-95.23175116,40097.0,686.1313868613139,2.127659574468085,276,271,6,0,265,270,41107,11,0,0,11,1
2020-08-01,US,Oklahoma,McClain,389,4,0,35.01123903,-97.44572302,40087.0,961.1108365864503,1.0282776349614395,385,383,4,0,379,379,39985,6,0,0,6,4
2020-08-01,US,Oklahoma,McCurtain,818,25,0,34.11664328,-94.77222373,40089.0,2491.4717348927875,3.056234718826406,793,815,25,0,790,814,32703,3,0,0,3,1
2020-08-01,US,Oklahoma,McIntosh,151,1,0,35.37235506,-95.66599306,40091.0,770.5654215145947,0.6622516556291391,150,143,1,0,142,141,19815,8,0,0,8,2
2020-08-01,US,Oklahoma,Murray,59,0,0,34.48116015,-97.06826283,40099.0,419.2425211397712,0.0,59,59,0,0,59,59,13953,0,0,0,0,0
2020-08-01,US,Oklahoma,Muskogee,433,16,0,35.61318461,-95.37802952,40101.0,636.7927996823389,3.6951501154734414,417,416,16,0,400,411,68362,17,0,0,17,5
2020-08-01,US,Oklahoma,Noble,77,2,0,36.38953329,-97.22928674,40103.0,691.761746473812,2.5974025974025974,75,77,2,0,75,74,11289,0,0,0,0,3
2020-08-01,US,Oklahoma,Nowata,55,1,0,36.79843529,-95.61902331,40105.0,545.8515283842795,1.818181818181818,54,51,1,0,50,51,10218,4,0,0,4,0
2020-08-01,US,Oklahoma,Okfuskee,55,0,0,35.46485198,-96.32639984,40107.0,458.6008504961228,0.0,55,53,0,0,53,48,12098,2,0,0,2,5
2020-08-01,US,Oklahoma,Oklahoma,9214,98,0,35.55140095,-97.40716948,40109.0,1155.4561255226138,1.0635988712828304,9116,8910,97,0,8813,8669,792582,304,1,0,303,241
2020-08-01,US,Oklahoma,Okmulgee,394,3,0,35.64661916,-95.96432828,40111.0,1024.3078122968934,0.7614213197969543,391,370,2,0,368,369,38335,24,1,0,23,1
2020-08-01,US,Oklahoma,Osage,360,11,0,36.62888819,-96.39635704,40113.0,766.5609096522794,3.055555555555556,349,351,11,0,340,346,47014,9,0,0,9,5
2020-08-01,US,Oklahoma,Ottawa,337,2,0,36.83532655,-94.81011909,40115.0,1082.6613550936486,0.5934718100890207,335,327,2,0,325,311,31175,10,0,0,10,16
2020-08-01,US,Oklahoma,Pawnee,122,3,0,36.31743373,-96.70331759999999,40117.0,744.9926722032242,2.459016393442623,119,116,3,0,113,113,16390,6,0,0,6,3
2020-08-01,US,Oklahoma,Payne,661,3,0,36.07695283,-96.97584944,40119.0,808.226547980045,0.453857791225416,658,651,3,0,648,638,82040,10,0,0,10,13
2020-08-01,US,Oklahoma,Pittsburg,191,3,0,34.92065823,-95.75134320000001,40121.0,437.53149768635177,1.5706806282722514,188,171,3,0,168,160,43877,20,0,0,20,11
2020-08-01,US,Oklahoma,Pontotoc,171,2,0,34.72959848,-96.68337199,40123.0,446.6617908264549,1.1695906432748535,169,164,2,0,162,164,38247,7,0,0,7,0
2020-08-01,US,Oklahoma,Pottawatomie,383,7,0,35.20614018,-96.94923008,40125.0,527.6063478069209,1.827676240208877,376,359,6,0,353,347,72679,24,1,0,23,12
2020-08-01,US,Oklahoma,Pushmataha,101,0,0,34.41635232,-95.37603505,40127.0,910.2379235760634,0.0,101,89,0,0,89,83,11179,12,0,0,12,6
2020-08-01,US,Oklahoma,Roger Mills,8,0,0,35.68711719,-99.69666167,40129.0,223.27658386826684,0.0,8,8,0,0,8,8,3656,0,0,0,0,0
2020-08-01,US,Oklahoma,Rogers,778,14,0,36.37004357,-95.60406759,40131.0,841.4540499032004,1.7994858611825193,764,756,14,0,742,745,91984,22,0,0,22,11
2020-08-01,US,Oklahoma,Seminole,189,5,0,35.16478725,-96.61686741,40133.0,779.1244125649271,2.6455026455026456,184,187,5,0,182,179,24578,2,0,0,2,8
2020-08-01,US,Oklahoma,Sequoyah,252,4,0,35.49447108,-94.75463785,40135.0,606.2209819817652,1.5873015873015872,248,220,4,0,216,214,41179,32,0,0,32,6
2020-08-01,US,Oklahoma,Stephens,174,2,0,34.48556989,-97.85141892,40137.0,403.30992281482514,1.1494252873563218,172,168,2,0,166,168,43265,6,0,0,6,0
2020-08-01,US,Oklahoma,Texas,1034,7,0,36.74777635,-101.4889765,40139.0,5174.398238502728,0.6769825918762089,1027,1031,7,0,1024,1029,20455,3,0,0,3,2
2020-08-01,US,Oklahoma,Tillman,55,1,0,34.37288446,-98.92426619,40141.0,758.6206896551724,1.818181818181818,54,53,1,0,52,54,7348,2,0,0,2,-1
2020-08-01,US,Oklahoma,Tulsa,8986,101,0,36.11939621,-95.94013939,40143.0,1379.1685084229655,1.123970620965947,8885,8710,98,0,8612,8636,648360,276,3,0,273,74
2020-08-01,US,Oklahoma,Unassigned,25,0,0,0.0,0.0,90040.0,0.0,0.0,25,31,0,0,31,30,,-6,0,0,-6,1
2020-08-01,US,Oklahoma,Wagoner,726,22,0,35.96024096,-95.51911308,40145.0,893.1097688494139,3.0303030303030303,704,686,22,0,664,673,80110,40,0,0,40,13
2020-08-01,US,Oklahoma,Washington,566,39,0,36.71380786,-95.90514104,40147.0,1098.4532381081765,6.890459363957598,527,557,39,0,518,556,51843,9,0,0,9,1
2020-08-01,US,Oklahoma,Washita,24,0,0,35.29071824,-98.99180434,40149.0,219.86075485525842,0.0,24,24,0,0,24,23,11127,0,0,0,0,1
2020-08-01,US,Oklahoma,Woods,15,0,0,36.76705782,-98.86573064,40151.0,170.590242238144,0.0,15,15,0,0,15,15,8897,0,0,0,0,0
2020-08-01,US,Oklahoma,Woodward,32,0,0,36.42316318,-99.26283045,40153.0,158.32962248280643,0.0,32,32,0,0,32,30,20222,0,0,0,0,2
2020-08-01,US,Oregon,Baker,30,0,0,44.70915557,-117.6749883,41001.0,186.05805011163483,0.0,30,28,0,0,28,25,16006,2,0,0,2,3
2020-08-01,US,Oregon,Benton,154,6,0,44.49167306,-123.4316987,41003.0,165.49708230793203,3.8961038961038965,148,151,6,0,145,148,92101,3,0,0,3,3
2020-08-01,US,Oregon,Clackamas,1377,36,0,45.18787398,-122.2179634,41005.0,329.27852850519025,2.6143790849673203,1341,1361,36,0,1325,1339,416075,16,0,0,16,22
2020-08-01,US,Oregon,Clatsop,78,0,0,45.99712889,-123.660711,41007.0,193.91408114558484,0.0,78,73,0,0,73,73,39764,5,0,0,5,0
2020-08-01,US,Oregon,Columbia,78,0,0,45.94464254,-123.08908980000001,41009.0,148.98575084998282,0.0,78,73,0,0,73,73,52377,5,0,0,5,0
2020-08-01,US,Oregon,Coos,84,0,0,43.17406868,-124.0594514,41011.0,130.2588118535519,0.0,84,84,0,0,84,84,64389,0,0,0,0,0
2020-08-01,US,Oregon,Crook,43,1,0,44.14230227,-120.356297,41013.0,176.2006228487133,2.3255813953488373,42,42,1,0,41,40,23867,1,0,0,1,2
2020-08-01,US,Oregon,Curry,14,0,0,42.45911325,-124.15728200000001,41015.0,61.06870229007634,0.0,14,14,0,0,14,14,22813,0,0,0,0,0
2020-08-01,US,Oregon,Deschutes,530,8,0,43.91570171,-121.2289121,41017.0,268.09380248062644,1.509433962264151,522,517,7,0,510,509,191996,13,1,0,12,8
2020-08-01,US,Oregon,Douglas,128,1,0,43.27941273,-123.16729099999999,41019.0,115.3360965939809,0.78125,127,125,1,0,124,123,110283,3,0,0,3,2
2020-08-01,US,Oregon,Gilliam,4,0,0,45.37160076,-120.20488689999999,41021.0,209.20502092050208,0.0,4,4,0,0,4,3,1894,0,0,0,0,1
2020-08-01,US,Oregon,Grant,2,0,0,44.49024544,-119.0068631,41023.0,27.781636338380327,0.0,2,2,0,0,2,2,7176,0,0,0,0,0
2020-08-01,US,Oregon,Harney,8,0,0,43.06422669,-118.96663059999999,41025.0,108.21046936291086,0.0,8,8,0,0,8,8,7329,0,0,0,0,0
2020-08-01,US,Oregon,Hood River,165,0,0,45.51872811,-121.65520359999998,41027.0,705.6710289966643,0.0,165,165,0,0,165,162,23428,0,0,0,0,3
2020-08-01,US,Oregon,Jackson,370,1,0,42.43201126,-122.72893090000001,41029.0,167.46324860598162,0.2702702702702703,369,352,1,0,351,335,219564,18,0,0,18,17
2020-08-01,US,Oregon,Jefferson,303,3,0,44.62806839,-121.17832,41031.0,1228.8101224754644,0.99009900990099,300,299,3,0,296,293,24192,4,0,0,4,6
2020-08-01,US,Oregon,Josephine,103,1,0,42.3665549,-123.5561938,41033.0,117.7317772926263,0.9708737864077671,102,98,1,0,97,98,87393,5,0,0,5,0
2020-08-01,US,Oregon,Klamath,194,1,0,42.68762984,-121.64964609999998,41035.0,284.29907089891265,0.5154639175257731,193,194,1,0,193,185,67653,0,0,0,0,9
2020-08-01,US,Oregon,Lake,32,0,0,42.79246693,-120.38501629999999,41037.0,406.6590418096328,0.0,32,32,0,0,32,32,7879,0,0,0,0,0
2020-08-01,US,Oregon,Lane,511,3,0,43.93727035,-122.847753,41039.0,133.74617540902508,0.5870841487279843,508,501,3,0,498,484,379611,10,0,0,10,17
2020-08-01,US,Oregon,Lincoln,391,9,0,44.64252874,-123.86991200000001,41041.0,782.5947720267403,2.301790281329924,382,391,9,0,382,385,49388,0,0,0,0,6
2020-08-01,US,Oregon,Linn,244,10,0,44.48899494,-122.53731540000001,41043.0,188.05539927089995,4.0983606557377055,234,238,10,0,228,233,127335,6,0,0,6,5
2020-08-01,US,Oregon,Malheur,663,9,0,43.1937027,-117.62273950000001,41045.0,2168.721991429786,1.3574660633484164,654,646,9,0,637,634,30725,17,0,0,17,12
2020-08-01,US,Oregon,Marion,2614,67,0,44.90287942,-122.58151170000001,41047.0,751.5424733625058,2.5631216526396328,2547,2575,67,0,2508,2533,346868,39,0,0,39,42
2020-08-01,US,Oregon,Morrow,296,1,0,45.41846568,-119.584546,41049.0,2551.064379901749,0.33783783783783783,295,289,2,0,287,271,11372,7,-1,0,8,18
2020-08-01,US,Oregon,Multnomah,4403,92,0,45.54747959,-122.4169351,41051.0,541.671023737321,2.089484442425619,4311,4335,92,0,4243,4260,811880,68,0,0,68,75
2020-08-01,US,Oregon,Polk,286,12,0,44.90322804,-123.4128888,41053.0,332.229772898879,4.195804195804196,274,282,12,0,270,276,85234,4,0,0,4,6
2020-08-01,US,Oregon,Sherman,13,0,0,45.41501554,-120.6827834,41055.0,730.3370786516854,0.0,13,9,0,0,9,8,1708,4,0,0,4,1
2020-08-01,US,Oregon,Tillamook,24,0,0,45.46248721,-123.712066,41057.0,88.7705281846427,0.0,24,24,0,0,24,24,26787,0,0,0,0,0
2020-08-01,US,Oregon,Umatilla,1977,24,0,45.59073056,-118.7353826,41059.0,2536.241180243746,1.2139605462822458,1953,1943,23,0,1920,1902,77516,34,1,0,33,41
2020-08-01,US,Oregon,Union,388,2,0,45.30915495,-118.0068979,41061.0,1445.872927147382,0.5154639175257731,386,388,2,0,386,386,26461,0,0,0,0,2
2020-08-01,US,Oregon,Wallowa,19,1,0,45.57894064,-117.18353799999998,41063.0,263.59600443951166,5.2631578947368425,18,19,1,0,18,19,7081,0,0,0,0,0
2020-08-01,US,Oregon,Wasco,158,3,0,45.16292781,-121.16709540000001,41065.0,592.1595082827373,1.8987341772151896,155,154,3,0,151,152,26505,4,0,0,4,2
2020-08-01,US,Oregon,Washington,2783,23,0,45.55972701,-123.0955257,41067.0,462.6058857165654,0.8264462809917356,2760,2740,22,0,2718,2700,597695,43,1,0,42,40
2020-08-01,US,Oregon,Yamhill,350,11,0,45.23330449,-123.3086963,41071.0,326.797385620915,3.1428571428571432,339,336,10,0,326,318,107002,14,1,0,13,18
2020-08-01,US,Pennsylvania,Adams,469,20,0,39.87140411,-77.21610347,42001.0,455.3000223281462,4.264392324093817,449,462,20,0,442,461,102811,7,0,0,7,1
2020-08-01,US,Pennsylvania,Allegheny,8160,233,0,40.46809875,-79.98167747,42003.0,671.0277991357227,2.855392156862745,7927,8094,230,0,7864,7850,1218452,66,3,0,63,244
2020-08-01,US,Pennsylvania,Armstrong,184,6,0,40.81665618,-79.46290811,42005.0,284.2357302850081,3.260869565217391,178,179,6,0,173,178,65263,5,0,0,5,1
2020-08-01,US,Pennsylvania,Beaver,1219,89,0,40.6825484,-80.34921611,42007.0,743.6146136437117,7.301066447908123,1130,1212,88,0,1124,1189,164742,7,1,0,6,23
2020-08-01,US,Pennsylvania,Bedford,128,4,0,40.00522157,-78.48998442,42009.0,267.2903441363181,3.125,124,128,4,0,124,127,48176,0,0,0,0,1
2020-08-01,US,Pennsylvania,Berks,5168,365,0,40.41570541,-75.92457766,42011.0,1227.0754385465045,7.062693498452012,4803,5152,365,0,4787,5125,420152,16,0,0,16,27
2020-08-01,US,Pennsylvania,Blair,214,3,0,40.47961444,-78.34917412,42013.0,175.65604248577927,1.4018691588785046,211,204,3,0,201,201,122492,10,0,0,10,3
2020-08-01,US,Pennsylvania,Bradford,81,3,0,41.78869215,-76.51570822,42015.0,134.27714138885665,3.703703703703704,78,80,3,0,77,80,60833,1,0,0,1,0
2020-08-01,US,Pennsylvania,Bucks,6959,578,0,40.33682119,-75.10836643,42017.0,1107.6448023938754,8.305791061934187,6381,6902,578,0,6324,6847,628195,57,0,0,57,55
2020-08-01,US,Pennsylvania,Butler,600,15,0,40.91152759,-79.91351055,42019.0,319.3986787541322,2.5,585,597,15,0,582,593,187888,3,0,0,3,4
2020-08-01,US,Pennsylvania,Cambria,259,3,0,40.49527404,-78.71377428,42021.0,198.9369546515915,1.1583011583011582,256,250,3,0,247,239,131730,9,0,0,9,11
2020-08-01,US,Pennsylvania,Cameron,6,0,0,41.43625568,-78.20376845,42023.0,134.922419608725,0.0,6,5,0,0,5,5,4492,1,0,0,1,0
2020-08-01,US,Pennsylvania,Carbon,359,28,0,40.91545395,-75.7068525,42025.0,559.3468573743418,7.799442896935933,331,356,28,0,328,356,64227,3,0,0,3,0
2020-08-01,US,Pennsylvania,Centre,354,10,0,40.92058903,-77.82200624,42027.0,218.00043107429875,2.824858757062147,344,357,10,0,347,353,162805,-3,0,0,-3,4
2020-08-01,US,Pennsylvania,Chester,4885,349,0,39.97291773,-75.74768357,42029.0,930.4956865762904,7.14431934493347,4536,4885,349,0,4536,4836,522046,0,0,0,0,49
2020-08-01,US,Pennsylvania,Clarion,76,2,0,41.19265812,-79.42413524,42031.0,197.72100525521614,2.631578947368421,74,75,2,0,73,73,38779,1,0,0,1,2
2020-08-01,US,Pennsylvania,Clearfield,134,0,0,41.00110782,-78.47592663,42033.0,169.074506340294,0.0,134,131,0,0,131,122,79388,3,0,0,3,9
2020-08-01,US,Pennsylvania,Clinton,115,5,0,41.23255967,-77.63785995,42035.0,297.6806792296542,4.3478260869565215,110,113,5,0,108,113,38684,2,0,0,2,0
2020-08-01,US,Pennsylvania,Columbia,459,35,0,41.04821986,-76.40565017,42037.0,706.5451634751555,7.625272331154684,424,457,35,0,422,456,65456,2,0,0,2,1
2020-08-01,US,Pennsylvania,Crawford,126,1,0,41.68447709,-80.10760592,42039.0,148.8851339375391,0.7936507936507936,125,124,1,0,123,122,85063,2,0,0,2,2
2020-08-01,US,Pennsylvania,Cumberland,1219,70,0,40.1625372,-77.26130755,42041.0,481.1145755219639,5.742411812961444,1149,1203,70,0,1133,1189,251423,16,0,0,16,14
2020-08-01,US,Pennsylvania,Dauphin,2649,155,0,40.41377078,-76.77993242,42043.0,951.8539412646112,5.8512646281615694,2494,2640,155,0,2485,2628,277097,9,0,0,9,12
2020-08-01,US,Pennsylvania,Delaware,8770,686,0,39.91680171,-75.40243663,42045.0,1547.4276881924384,7.82212086659065,8084,8669,685,0,7984,8610,564751,101,1,0,100,59
2020-08-01,US,Pennsylvania,Elk,43,2,0,41.42822061,-78.64524744,42047.0,143.76462721497828,4.651162790697675,41,43,2,0,41,42,30169,0,0,0,0,1
2020-08-01,US,Pennsylvania,Erie,954,16,0,41.99253829,-80.03301954,42049.0,353.6896428995136,1.6771488469601676,938,923,16,0,907,905,272061,31,0,0,31,18
2020-08-01,US,Pennsylvania,Fayette,403,4,0,39.92041012,-79.64291195,42051.0,311.7409533239476,0.9925558312655088,399,387,4,0,383,363,130441,16,0,0,16,24
2020-08-01,US,Pennsylvania,Forest,9,0,0,41.51095103,-79.23229292,42053.0,124.1893197185042,0.0,9,9,0,0,9,9,7279,0,0,0,0,0
2020-08-01,US,Pennsylvania,Franklin,1276,46,0,39.92956518,-77.72157791,42055.0,823.0824308023764,3.6050156739811916,1230,1268,46,0,1222,1259,154835,8,0,0,8,9
2020-08-01,US,Pennsylvania,Fulton,22,2,0,39.92913544,-78.11163677,42057.0,151.41087405368202,9.090909090909092,20,22,2,0,20,22,14523,0,0,0,0,0
2020-08-01,US,Pennsylvania,Greene,107,1,0,39.85746531,-80.22357106,42059.0,295.31090442414376,0.9345794392523364,106,107,0,0,107,105,36506,0,1,0,-1,2
2020-08-01,US,Pennsylvania,Huntingdon,288,4,0,40.42162652,-77.97673273,42061.0,637.9585326953749,1.3888888888888888,284,287,4,0,283,287,45168,1,0,0,1,0
2020-08-01,US,Pennsylvania,Indiana,265,6,0,40.65241041,-79.08963285,42063.0,315.20226469853577,2.2641509433962264,259,256,6,0,250,250,84501,9,0,0,9,6
2020-08-01,US,Pennsylvania,Jefferson,58,1,0,41.12913106,-78.9986361,42065.0,133.56361542890042,1.7241379310344829,57,57,1,0,56,57,43641,1,0,0,1,0
2020-08-01,US,Pennsylvania,Juniata,126,6,0,40.53358749,-77.39975129999998,42067.0,508.8236481847918,4.761904761904762,120,125,6,0,119,125,24704,1,0,0,1,0
2020-08-01,US,Pennsylvania,Lackawanna,1898,212,0,41.43564672,-75.60379201,42069.0,905.2147619638105,11.169652265542677,1686,1894,212,0,1682,1885,210793,4,0,0,4,9
2020-08-01,US,Pennsylvania,Lancaster,5590,407,0,40.03904563,-76.24770128,42071.0,1024.3273156394077,7.2808586762075125,5183,5525,406,0,5119,5488,543557,65,1,0,64,37
2020-08-01,US,Pennsylvania,Lawrence,338,12,0,40.99206278,-80.33393706,42073.0,395.26616147441285,3.5502958579881656,326,338,11,0,327,324,86184,0,1,0,-1,14
2020-08-01,US,Pennsylvania,Lebanon,1565,54,0,40.36680311,-76.45651841,42075.0,1103.7216223649968,3.450479233226837,1511,1563,54,0,1509,1562,141314,2,0,0,2,1
2020-08-01,US,Pennsylvania,Lehigh,4828,335,0,40.6154815,-75.59435245,42077.0,1307.274489735133,6.938690969345485,4493,4810,334,0,4476,4795,368100,18,1,0,17,15
2020-08-01,US,Pennsylvania,Luzerne,3276,183,0,41.17823008,-75.98447579,42079.0,1032.0808274289027,5.586080586080586,3093,3252,183,0,3069,3239,317646,24,0,0,24,13
2020-08-01,US,Pennsylvania,Lycoming,332,20,0,41.34310539,-77.06629984,42081.0,293.02994730756666,6.024096385542169,312,325,20,0,305,314,113664,7,0,0,7,11
2020-08-01,US,Pennsylvania,McKean,28,1,0,41.80938602,-78.56478358,42083.0,68.92307692307692,3.571428571428572,27,28,1,0,27,26,40968,0,0,0,0,2
2020-08-01,US,Pennsylvania,Mercer,341,9,0,41.30248872,-80.25816981,42085.0,311.6318175171809,2.6392961876832843,332,331,9,0,322,318,110683,10,0,0,10,13
2020-08-01,US,Pennsylvania,Mifflin,105,1,0,40.61116939,-77.61070738,42087.0,227.57813515973817,0.9523809523809524,104,100,1,0,99,98,46222,5,0,0,5,2
2020-08-01,US,Pennsylvania,Monroe,1587,123,0,41.05934058,-75.34031025,42089.0,932.0436245749423,7.750472589792062,1464,1580,123,0,1457,1573,169507,7,0,0,7,7
2020-08-01,US,Pennsylvania,Montgomery,9813,850,0,40.21053671,-75.36652296,42091.0,1180.9872249267373,8.661979007439111,8963,9761,848,0,8913,9723,828604,52,2,0,50,38
2020-08-01,US,Pennsylvania,Montour,93,3,0,41.03023987,-76.66345939,42093.0,510.14810751508486,3.2258064516129035,90,93,3,0,90,93,18240,0,0,0,0,0
2020-08-01,US,Pennsylvania,Northampton,3843,290,0,40.75182733,-75.30471829,42095.0,1258.8237220957467,7.546187874056726,3553,3827,290,0,3537,3816,304807,16,0,0,16,11
2020-08-01,US,Pennsylvania,Northumberland,401,11,0,40.84785433,-76.70798222,42097.0,441.42091300375375,2.743142144638404,390,401,11,0,390,400,91083,0,0,0,0,1
2020-08-01,US,Pennsylvania,Perry,118,5,0,40.40206612,-77.26297447,42099.0,255.01383125864453,4.2372881355932215,113,113,5,0,108,111,46139,5,0,0,5,2
2020-08-01,US,Pennsylvania,Philadelphia,30354,1690,0,40.00338507,-75.1379271,42101.0,1916.210456143186,5.567635237530474,28664,30354,1690,0,28664,30213,1584138,0,0,0,0,141
2020-08-01,US,Pennsylvania,Pike,524,21,0,41.33155042,-75.03208106,42103.0,938.9166621871024,4.00763358778626,503,524,21,0,503,524,55933,0,0,0,0,0
2020-08-01,US,Pennsylvania,Potter,20,0,0,41.74471626,-77.89559864,42105.0,121.0214207914801,0.0,20,20,0,0,20,20,16622,0,0,0,0,0
2020-08-01,US,Pennsylvania,Schuylkill,885,49,0,40.70497338,-76.2150785,42107.0,626.0655494167332,5.536723163841809,836,880,49,0,831,875,142067,5,0,0,5,5
2020-08-01,US,Pennsylvania,Snyder,94,2,0,40.77129231,-77.06840691,42109.0,232.83463786782917,2.127659574468085,92,93,2,0,91,92,40540,1,0,0,1,1
2020-08-01,US,Pennsylvania,Somerset,124,2,0,39.97172723,-79.02699593,42111.0,168.82922379402834,1.6129032258064515,122,120,2,0,118,117,73952,4,0,0,4,3
2020-08-01,US,Pennsylvania,Sullivan,10,0,0,41.44634738,-76.51246591,42113.0,164.85328058028355,0.0,10,10,0,0,10,10,6071,0,0,0,0,0
2020-08-01,US,Pennsylvania,Susquehanna,209,26,0,41.82147784,-75.80071959,42115.0,518.2503471533425,12.440191387559807,183,209,26,0,183,208,40589,0,0,0,0,1
2020-08-01,US,Pennsylvania,Tioga,35,2,0,41.77255149,-77.25433032,42117.0,86.22601069202534,5.7142857142857135,33,35,2,0,33,34,40763,0,0,0,0,1
2020-08-01,US,Pennsylvania,Union,165,2,0,40.96188846,-77.05996014,42119.0,367.29514947799566,1.2121212121212122,163,132,2,0,130,135,44785,33,0,0,33,-3
2020-08-01,US,Pennsylvania,Venango,62,0,0,41.40323442,-79.75845449,42121.0,122.36520091576536,0.0,62,62,0,0,62,60,51266,0,0,0,0,2
2020-08-01,US,Pennsylvania,Warren,16,1,0,41.81304978,-79.26969577,42123.0,40.82569977801026,6.25,15,15,1,0,14,15,39498,1,0,0,1,0
2020-08-01,US,Pennsylvania,Washington,747,11,0,40.19208869,-80.24582867,42125.0,361.10506852294975,1.4725568942436411,736,740,11,0,729,723,207346,7,0,0,7,17
2020-08-01,US,Pennsylvania,Wayne,158,8,0,41.64938475,-75.29956506,42127.0,307.62640914312414,5.063291139240507,150,158,8,0,150,157,51276,0,0,0,0,1
2020-08-01,US,Pennsylvania,Westmoreland,1422,46,0,40.31377979999999,-79.46615476,42129.0,407.5678061559362,3.234880450070324,1376,1409,46,0,1363,1382,350611,13,0,0,13,27
2020-08-01,US,Pennsylvania,Wyoming,57,8,0,41.51955538,-76.01074915,42131.0,212.7341942225872,14.035087719298243,49,57,8,0,49,57,27046,0,0,0,0,0
2020-08-01,US,Pennsylvania,York,2286,87,0,39.9210089,-76.73040131,42133.0,509.06564408161086,3.8057742782152233,2199,2269,86,0,2183,2243,448273,17,1,0,16,26
2020-08-01,US,Puerto Rico,Adjuntas,85,0,0,18.180117000000006,-66.754367,72001.0,436.27778062926666,0.0,85,82,0,0,82,78,,3,0,0,3,4
2020-08-01,US,Puerto Rico,Aguada,101,0,0,18.360255,-67.17513100000001,72003.0,240.71117042827518,0.0,101,99,0,0,99,97,,2,0,0,2,2
2020-08-01,US,Puerto Rico,Aguadilla,180,0,0,18.459681,-67.12081500000001,72005.0,295.32888152389705,0.0,180,168,0,0,168,166,,12,0,0,12,2
2020-08-01,US,Puerto Rico,Aguas Buenas,107,0,0,18.251619,-66.126806,72007.0,373.35566488712095,0.0,107,102,0,0,102,102,,5,0,0,5,0
2020-08-01,US,Puerto Rico,Aibonito,76,0,0,18.131361,-66.264131,72009.0,293.43629343629345,0.0,76,73,0,0,73,73,,3,0,0,3,0
2020-08-01,US,Puerto Rico,Anasco,122,0,0,18.287985,-67.120611,72011.0,416.9372201906975,0.0,122,108,0,0,108,108,,14,0,0,14,0
2020-08-01,US,Puerto Rico,Arecibo,254,0,0,18.406631,-66.675077,72013.0,263.376192451265,0.0,254,240,0,0,240,237,,14,0,0,14,3
2020-08-01,US,Puerto Rico,Arroyo,78,0,0,17.998457000000005,-66.056546,72015.0,398.46743295019166,0.0,78,76,0,0,76,76,,2,0,0,2,0
2020-08-01,US,Puerto Rico,Barceloneta,69,0,0,18.445533,-66.56053100000001,72017.0,278.0464216634429,0.0,69,67,0,0,67,65,,2,0,0,2,2
2020-08-01,US,Puerto Rico,Barranquitas,207,0,0,18.201592,-66.30963,72019.0,682.7627152186817,0.0,207,187,0,0,187,172,,20,0,0,20,15
2020-08-01,US,Puerto Rico,Bayamon,1146,0,0,18.34946,-66.168435,72021.0,550.6544427146399,0.0,1146,1064,0,0,1064,1053,,82,0,0,82,11
2020-08-01,US,Puerto Rico,Cabo Rojo,171,0,0,18.040993,-67.154391,72023.0,335.84068189406287,0.0,171,163,0,0,163,160,,8,0,0,8,3
2020-08-01,US,Puerto Rico,Caguas,583,0,0,18.211615,-66.050779,72025.0,407.9975926042563,0.0,583,563,0,0,563,560,,20,0,0,20,3
2020-08-01,US,Puerto Rico,Camuy,103,0,0,18.418578,-66.860206,72027.0,292.9548621974459,0.0,103,96,0,0,96,96,,7,0,0,7,0
2020-08-01,US,Puerto Rico,Canovanas,298,0,0,18.328802,-65.887612,72029.0,625.4197447951642,0.0,298,282,0,0,282,280,,16,0,0,16,2
2020-08-01,US,Puerto Rico,Carolina,941,0,0,18.374986,-65.95683100000001,72031.0,532.3542390332764,0.0,941,848,0,0,848,841,,93,0,0,93,7
2020-08-01,US,Puerto Rico,Catano,159,0,0,18.437269,-66.14330600000001,72033.0,565.0319829424308,0.0,159,147,0,0,147,145,,12,0,0,12,2
2020-08-01,US,Puerto Rico,Cayey,170,0,0,18.102851,-66.14914,72035.0,353.29079989193457,0.0,170,165,0,0,165,163,,5,0,0,5,2
2020-08-01,US,Puerto Rico,Ceiba,57,0,0,18.251818,-65.666416,72037.0,418.16447802802435,0.0,57,55,0,0,55,53,,2,0,0,2,2
2020-08-01,US,Puerto Rico,Ciales,120,0,0,18.28885,-66.516475,72039.0,638.9095942924076,0.0,120,115,0,0,115,115,,5,0,0,5,0
2020-08-01,US,Puerto Rico,Cidra,142,0,0,18.173559,-66.161179,72041.0,326.5869365225392,0.0,142,134,0,0,134,132,,8,0,0,8,2
2020-08-01,US,Puerto Rico,Coamo,120,0,0,18.097597,-66.36014,72043.0,296.2085308056872,0.0,120,110,0,0,110,110,,10,0,0,10,0
2020-08-01,US,Puerto Rico,Comerio,102,0,0,18.224687,-66.221622,72045.0,490.9038406006353,0.0,102,99,0,0,99,97,,3,0,0,3,2
2020-08-01,US,Puerto Rico,Corozal,174,0,0,18.304264,-66.327738,72047.0,468.47234936190836,0.0,174,145,0,0,145,141,,29,0,0,29,4
2020-08-01,US,Puerto Rico,Culebra,17,0,0,18.31586,-65.28813000000001,72049.0,935.093509350935,0.0,17,17,0,0,17,17,,0,0,0,0,0
2020-08-01,US,Puerto Rico,Dorado,252,0,0,18.436115,-66.278669,72051.0,660.2908423948644,0.0,252,228,0,0,228,226,,24,0,0,24,2
2020-08-01,US,Puerto Rico,Fajardo,196,0,0,18.318373,-65.666866,72053.0,529.8299678317519,0.0,196,180,0,0,180,176,,16,0,0,16,4
2020-08-01,US,Puerto Rico,Florida,141,0,0,18.373715,-66.560488,72054.0,1111.9873817034697,0.0,141,136,0,0,136,130,,5,0,0,5,6
2020-08-01,US,Puerto Rico,Guanica,52,0,0,17.982429,-66.91964300000001,72055.0,267.66870849848146,0.0,52,52,0,0,52,52,,0,0,0,0,0
2020-08-01,US,Puerto Rico,Guayama,132,0,0,18.007516,-66.13390799999999,72057.0,290.9924606498832,0.0,132,128,0,0,128,127,,4,0,0,4,1
2020-08-01,US,Puerto Rico,Guayanilla,114,0,0,18.039942,-66.79186,72059.0,528.2424354756499,0.0,114,113,0,0,113,112,,1,0,0,1,1
2020-08-01,US,Puerto Rico,Guaynabo,699,0,0,18.345114,-66.11452299999999,72061.0,713.8188799477145,0.0,699,668,0,0,668,663,,31,0,0,31,5
2020-08-01,US,Puerto Rico,Gurabo,201,0,0,18.266461,-65.97970500000001,72063.0,443.03378959201217,0.0,201,197,0,0,197,196,,4,0,0,4,1
2020-08-01,US,Puerto Rico,Hatillo,86,0,0,18.410928,-66.79632600000001,72065.0,204.99129978785786,0.0,86,80,0,0,80,76,,6,0,0,6,4
2020-08-01,US,Puerto Rico,Hormigueros,80,0,0,18.134532,-67.113972,72067.0,463.76811594202906,0.0,80,79,0,0,79,79,,1,0,0,1,0
2020-08-01,US,Puerto Rico,Humacao,163,0,0,18.145211,-65.810174,72069.0,278.79451305031984,0.0,163,152,0,0,152,150,,11,0,0,11,2
2020-08-01,US,Puerto Rico,Isabela,116,0,0,18.44981,-67.005093,72071.0,254.21314457276853,0.0,116,115,0,0,115,111,,1,0,0,1,4
2020-08-01,US,Puerto Rico,Jayuya,177,0,0,18.211446,-66.58878,72073.0,1063.574089652686,0.0,177,177,0,0,177,176,,0,0,0,0,1
2020-08-01,US,Puerto Rico,Juana Diaz,170,0,0,18.050764,-66.49458100000001,72075.0,212.7739464560622,0.0,170,166,0,0,166,163,,4,0,0,4,3
2020-08-01,US,Puerto Rico,Juncos,102,0,0,18.223793,-65.909109,72077.0,253.1645569620253,0.0,102,97,0,0,97,94,,5,0,0,5,3
2020-08-01,US,Puerto Rico,Lajas,72,0,0,18.011661,-67.040585,72079.0,279.57907816565057,0.0,72,70,0,0,70,69,,2,0,0,2,1
2020-08-01,US,Puerto Rico,Lares,132,0,0,18.269035,-66.867236,72081.0,429.2264169349332,0.0,132,124,0,0,124,121,,8,0,0,8,3
2020-08-01,US,Puerto Rico,Las Marias,52,0,0,18.23679,-66.98362,72083.0,526.2625240360287,0.0,52,48,0,0,48,48,,4,0,0,4,0
2020-08-01,US,Puerto Rico,Las Piedras,127,0,0,18.187527,-65.86946800000001,72085.0,328.3775048480931,0.0,127,125,0,0,125,123,,2,0,0,2,2
2020-08-01,US,Puerto Rico,Loiza,88,0,0,18.425688,-65.89943000000001,72087.0,292.7478376580173,0.0,88,77,0,0,77,76,,11,0,0,11,1
2020-08-01,US,Puerto Rico,Luquillo,90,0,0,18.342114,-65.72509699999999,72089.0,448.4751843731314,0.0,90,88,0,0,88,86,,2,0,0,2,2
2020-08-01,US,Puerto Rico,Manati,192,0,0,18.420473,-66.490461,72091.0,435.2458458957677,0.0,192,179,0,0,179,178,,13,0,0,13,1
2020-08-01,US,Puerto Rico,Maricao,41,0,0,18.171795,-66.942126,72093.0,653.2823454429572,0.0,41,41,0,0,41,40,,0,0,0,0,1
2020-08-01,US,Puerto Rico,Maunabo,52,0,0,18.017889,-65.922235,72095.0,425.357873210634,0.0,52,50,0,0,50,49,,2,0,0,2,1
2020-08-01,US,Puerto Rico,Mayaguez,427,0,0,18.2013,-67.1452,72097.0,479.34440951953286,0.0,427,418,0,0,418,414,,9,0,0,9,4
2020-08-01,US,Puerto Rico,Moca,150,0,0,18.377805,-67.080952,72099.0,373.9809020419357,0.0,150,144,0,0,144,141,,6,0,0,6,3
2020-08-01,US,Puerto Rico,Morovis,212,0,0,18.316963,-66.420383,72101.0,650.1073290401717,0.0,212,197,0,0,197,194,,15,0,0,15,3
2020-08-01,US,Puerto Rico,Naguabo,82,0,0,18.230637,-65.753897,72103.0,306.8862275449102,0.0,82,81,0,0,81,81,,1,0,0,1,0
2020-08-01,US,Puerto Rico,Naranjito,226,0,0,18.288019,-66.252703,72105.0,743.3721465693046,0.0,226,207,0,0,207,199,,19,0,0,19,8
2020-08-01,US,Puerto Rico,Orocovis,177,0,0,18.215046,-66.433604,72107.0,755.6675062972294,0.0,177,162,0,0,162,159,,15,0,0,15,3
2020-08-01,US,Puerto Rico,Out of PR,624,0,0,0.0,0.0,72888.0,0.0,0.0,624,616,0,0,616,585,,8,0,0,8,31
2020-08-01,US,Puerto Rico,Patillas,95,0,0,18.03174,-66.012242,72109.0,492.8152720859055,0.0,95,92,0,0,92,92,,3,0,0,3,0
2020-08-01,US,Puerto Rico,Penuelas,62,0,0,18.059645,-66.721572,72111.0,255.33316860225682,0.0,62,57,0,0,57,55,,5,0,0,5,2
2020-08-01,US,Puerto Rico,Ponce,414,0,0,18.059498,-66.613748,72113.0,248.9072730224197,0.0,414,395,0,0,395,389,,19,0,0,19,6
2020-08-01,US,Puerto Rico,Quebradillas,65,0,0,18.439692,-66.926113,72115.0,250.78128014198086,0.0,65,65,0,0,65,64,,0,0,0,0,1
2020-08-01,US,Puerto Rico,Rincon,82,0,0,18.335443,-67.23174,72117.0,539.4736842105264,0.0,82,81,0,0,81,80,,1,0,0,1,1
2020-08-01,US,Puerto Rico,Rio Grande,239,0,0,18.346329,-65.813742,72119.0,440.1149086623453,0.0,239,225,0,0,225,220,,14,0,0,14,5
2020-08-01,US,Puerto Rico,Sabana Grande,112,0,0,18.08282,-66.943758,72121.0,443.3010093014051,0.0,112,104,0,0,104,104,,8,0,0,8,0
2020-08-01,US,Puerto Rico,Salinas,131,0,0,18.010386999999994,-66.256592,72123.0,421.520046335028,0.0,131,132,0,0,132,131,,-1,0,0,-1,1
2020-08-01,US,Puerto Rico,San German,123,0,0,18.111484,-67.03858100000001,72125.0,346.2155543671012,0.0,123,121,0,0,121,120,,2,0,0,2,1
2020-08-01,US,Puerto Rico,San Juan,2462,0,0,18.386933,-66.061128,72127.0,622.7771510095465,0.0,2462,2291,0,0,2291,2267,,171,0,0,171,24
2020-08-01,US,Puerto Rico,San Lorenzo,136,0,0,18.147987,-65.976392,72129.0,331.2387354474159,0.0,136,127,0,0,127,124,,9,0,0,9,3
2020-08-01,US,Puerto Rico,San Sebastian,173,0,0,18.328646,-66.971214,72131.0,407.73037944850336,0.0,173,170,0,0,170,166,,3,0,0,3,4
2020-08-01,US,Puerto Rico,Santa Isabel,87,0,0,17.994525,-66.388913,72133.0,373.80768239236914,0.0,87,82,0,0,82,81,,5,0,0,5,1
2020-08-01,US,Puerto Rico,Toa Alta,458,0,0,18.362406,-66.246616,72135.0,618.3674020468231,0.0,458,410,0,0,410,398,,48,0,0,48,12
2020-08-01,US,Puerto Rico,Toa Baja,419,0,0,18.431446,-66.213553,72137.0,467.5869611311364,0.0,419,395,0,0,395,388,,24,0,0,24,7
2020-08-01,US,Puerto Rico,Trujillo Alto,411,0,0,18.336159,-65.99888399999999,72139.0,549.1568905160203,0.0,411,372,0,0,372,367,,39,0,0,39,5
2020-08-01,US,Puerto Rico,Unassigned,446,225,0,0.0,0.0,72999.0,0.0,50.448430493273534,221,354,219,0,135,405,,92,6,0,86,-51
2020-08-01,US,Puerto Rico,Utuado,57,0,0,18.271214,-66.702984,72141.0,171.95088841292346,0.0,57,57,0,0,57,54,,0,0,0,0,3
2020-08-01,US,Puerto Rico,Vega Alta,176,0,0,18.409346,-66.33725,72143.0,440.53966108482894,0.0,176,167,0,0,167,165,,9,0,0,9,2
2020-08-01,US,Puerto Rico,Vega Baja,303,0,0,18.428262,-66.397924,72145.0,507.8609500184372,0.0,303,290,0,0,290,282,,13,0,0,13,8
2020-08-01,US,Puerto Rico,Vieques,37,0,0,18.123276,-65.44097099999999,72147.0,397.806687452962,0.0,37,37,0,0,37,36,,0,0,0,0,1
2020-08-01,US,Puerto Rico,Villalba,71,0,0,18.127951,-66.473115,72149.0,272.3123537759368,0.0,71,71,0,0,71,71,,0,0,0,0,0
2020-08-01,US,Puerto Rico,Yabucoa,99,0,0,18.070399,-65.896289,72151.0,260.93144619277297,0.0,99,92,0,0,92,91,,7,0,0,7,1
2020-08-01,US,Puerto Rico,Yauco,207,0,0,18.080374,-66.858814,72153.0,492.3530670979711,0.0,207,194,0,0,194,191,,13,0,0,13,3
2020-08-01,US,Rhode Island,Bristol,304,0,0,41.71018079,-71.28652315,44001.0,627.0756409991958,0.0,304,304,0,0,304,304,48649,0,0,0,0,0
2020-08-01,US,Rhode Island,Kent,1421,0,0,41.67106337,-71.57641596,44003.0,864.9234290166289,0.0,1421,1421,0,0,1421,1421,163861,0,0,0,0,0
2020-08-01,US,Rhode Island,Newport,380,0,0,41.5642026,-71.26569799,44005.0,462.9516824638777,0.0,380,380,0,0,380,380,82542,0,0,0,0,0
2020-08-01,US,Rhode Island,Providence,14549,0,0,41.87064746,-71.57753536,44007.0,2277.084693026321,0.0,14549,14549,0,0,14549,14549,636084,0,0,0,0,0
2020-08-01,US,Rhode Island,Unassigned,1778,1007,0,0.0,0.0,90044.0,0.0,56.636670416197965,771,1778,1007,0,771,1706,,0,0,0,0,72
2020-08-01,US,Rhode Island,Washington,590,0,0,41.45961631,-71.61435303,44009.0,469.83125890887663,0.0,590,590,0,0,590,590,126179,0,0,0,0,0
2020-08-01,US,South Carolina,Abbeville,288,7,0,34.22333378,-82.46170658,45001.0,1174.2161699351734,2.430555555555556,281,282,7,0,275,285,24541,6,0,0,6,-3
2020-08-01,US,South Carolina,Aiken,1538,26,0,33.54338026,-81.63645384,45003.0,900.0889554754435,1.6905071521456436,1512,1491,24,0,1467,1444,169401,47,2,0,45,47
2020-08-01,US,South Carolina,Allendale,179,3,0,32.98837386,-81.35321066,45005.0,2060.313075506446,1.675977653631285,176,173,3,0,170,172,8903,6,0,0,6,1
2020-08-01,US,South Carolina,Anderson,2059,46,0,34.51828081,-82.63959517,45007.0,1016.4989780704784,2.2340942204953858,2013,1939,43,0,1896,1882,200482,120,3,0,117,57
2020-08-01,US,South Carolina,Bamberg,434,16,0,33.21927586,-81.05659969,45009.0,3085.45428693303,3.6866359447004617,418,423,16,0,407,414,14275,11,0,0,11,9
2020-08-01,US,South Carolina,Barnwell,328,4,0,33.26679302,-81.43584352,45011.0,1571.9352055976224,1.2195121951219512,324,320,4,0,316,313,21112,8,0,0,8,7
2020-08-01,US,South Carolina,Beaufort,3577,48,0,32.39226291,-80.72619758,45013.0,1861.837790570575,1.3419066256639642,3529,3503,47,0,3456,3398,188715,74,1,0,73,105
2020-08-01,US,South Carolina,Berkeley,3818,58,0,33.20222596,-79.94654523,45015.0,1675.244727015844,1.5191199580932426,3760,3760,57,0,3703,3731,221091,58,1,0,57,29
2020-08-01,US,South Carolina,Calhoun,309,9,0,33.66926881,-80.77722168,45017.0,2123.2735518449804,2.9126213592233015,300,295,7,0,288,284,14520,14,2,0,12,11
2020-08-01,US,South Carolina,Charleston,11471,165,0,32.82487866,-79.96512315,45019.0,2788.243243900187,1.4384099032342428,11306,11345,162,0,11183,11260,405905,126,3,0,123,85
2020-08-01,US,South Carolina,Cherokee,547,25,0,35.05122251,-81.61828622,45021.0,954.6247818499127,4.570383912248629,522,528,25,0,503,515,57078,19,0,0,19,13
2020-08-01,US,South Carolina,Chester,550,11,0,34.69249168,-81.1583216,45023.0,1705.7437042550553,2.0,539,532,11,0,521,523,32251,18,0,0,18,9
2020-08-01,US,South Carolina,Chesterfield,687,19,0,34.64137396,-80.15640140000002,45025.0,1504.9288061336256,2.7656477438136826,668,670,19,0,651,660,45754,17,0,0,17,10
2020-08-01,US,South Carolina,Clarendon,777,50,0,33.66610974,-80.21647898,45027.0,2302.56334271744,6.435006435006435,727,749,50,0,699,740,33700,28,0,0,28,9
2020-08-01,US,South Carolina,Colleton,752,31,0,32.87582989,-80.67641292,45029.0,1995.9126257398414,4.122340425531915,721,739,31,0,708,727,37660,13,0,0,13,12
2020-08-01,US,South Carolina,Darlington,1059,33,0,34.33358335,-79.96027485,45031.0,1589.6604521300546,3.1161473087818696,1026,1023,33,0,990,994,66802,36,0,0,36,29
2020-08-01,US,South Carolina,Dillon,552,23,0,34.39007791,-79.37741872,45033.0,1811.083040782178,4.166666666666667,529,541,23,0,518,536,30599,11,0,0,11,5
2020-08-01,US,South Carolina,Dorchester,2744,39,0,33.0794369,-80.40502652,45035.0,1685.4105117038987,1.4212827988338192,2705,2702,39,0,2663,2653,160647,42,0,0,42,49
2020-08-01,US,South Carolina,Edgefield,277,6,0,33.77221995,-81.96231108,45037.0,1016.140865737344,2.166064981949458,271,273,6,0,267,264,27052,4,0,0,4,9
2020-08-01,US,South Carolina,Fairfield,531,23,0,34.39287073,-81.1195624,45039.0,2376.157873540073,4.331450094161959,508,525,23,0,502,517,22402,6,0,0,6,8
2020-08-01,US,South Carolina,Florence,2938,96,0,34.02361754,-79.70189312,45041.0,2124.474846883067,3.2675289312457454,2842,2853,93,0,2760,2789,138159,85,3,0,82,64
2020-08-01,US,South Carolina,Georgetown,1275,19,0,33.43443342,-79.33202141,45043.0,2034.141671984684,1.4901960784313726,1256,1237,18,0,1219,1211,62249,38,1,0,37,26
2020-08-01,US,South Carolina,Greenville,10139,187,0,34.89502264,-82.37295012,45045.0,1936.6163555168448,1.8443633494427456,9952,10034,184,0,9850,9876,514213,105,3,0,102,158
2020-08-01,US,South Carolina,Greenwood,1237,15,0,34.15272415,-82.12715789,45047.0,1746.9037296465235,1.2126111560226354,1222,1197,15,0,1182,1174,70741,40,0,0,40,23
2020-08-01,US,South Carolina,Hampton,345,7,0,32.77419582,-81.13845571,45049.0,1794.8184372073667,2.028985507246377,338,320,8,0,312,309,19351,25,-1,0,26,11
2020-08-01,US,South Carolina,Horry,8050,129,0,33.9212828,-78.99555293,45051.0,2273.4910938457583,1.6024844720496894,7921,7975,126,0,7849,7873,344147,75,3,0,72,102
2020-08-01,US,South Carolina,Jasper,500,13,0,32.43171982,-81.02487495,45053.0,1662.6209556745252,2.6,487,483,11,0,472,474,28971,17,2,0,15,9
2020-08-01,US,South Carolina,Kershaw,1267,23,0,34.33988254,-80.58763164,45055.0,1903.8030983756807,1.8153117600631408,1244,1260,22,0,1238,1246,65592,7,1,0,6,14
2020-08-01,US,South Carolina,Lancaster,1039,21,0,34.68270843,-80.70513032,45057.0,1060.0742766191895,2.0211742059672764,1018,1018,21,0,997,1003,95380,21,0,0,21,15
2020-08-01,US,South Carolina,Laurens,1206,34,0,34.48244419,-82.00490796,45059.0,1786.8519698339087,2.8192371475953566,1172,1189,34,0,1155,1176,66994,17,0,0,17,13
2020-08-01,US,South Carolina,Lee,513,27,0,34.16393091,-80.25690731,45061.0,3048.4906108866176,5.2631578947368425,486,487,26,0,461,485,17142,26,1,0,25,2
2020-08-01,US,South Carolina,Lexington,4580,101,0,33.89665987,-81.27146426,45063.0,1533.0543933054394,2.205240174672489,4479,4531,97,0,4434,4488,295032,49,4,0,45,43
2020-08-01,US,South Carolina,Marion,513,12,0,34.07859748,-79.36400756,45067.0,1673.3535570995205,2.3391812865497075,501,511,12,0,499,498,31039,2,0,0,2,13
2020-08-01,US,South Carolina,Marlboro,429,4,0,34.59905577,-79.67561152,45069.0,1642.5453710084998,0.9324009324009324,425,423,4,0,419,409,26398,6,0,0,6,14
2020-08-01,US,South Carolina,McCormick,103,2,0,33.90161443,-82.30794338,45065.0,1088.4497516643773,1.9417475728155342,101,99,2,0,97,100,9410,4,0,0,4,-1
2020-08-01,US,South Carolina,Newberry,760,8,0,34.28629098,-81.59935761,45071.0,1977.1071800208122,1.0526315789473684,752,745,8,0,737,737,38520,15,0,0,15,8
2020-08-01,US,South Carolina,Oconee,738,7,0,34.75225169,-83.06742317,45073.0,927.765066753828,0.948509485094851,731,716,6,0,710,699,78374,22,1,0,21,17
2020-08-01,US,South Carolina,Orangeburg,2152,57,0,33.4391073,-80.79886287,45075.0,2497.2439802727013,2.6486988847583643,2095,2120,57,0,2063,2061,86934,32,0,0,32,59
2020-08-01,US,South Carolina,Pickens,1708,23,0,34.88807695,-82.72791551,45077.0,1346.1114088458748,1.3466042154566744,1685,1683,22,0,1661,1653,124937,25,1,0,24,30
2020-08-01,US,South Carolina,Richland,7866,133,0,34.01791263,-80.90267209,45079.0,1891.9614488201096,1.6908212560386473,7733,7780,131,0,7649,7617,414576,86,2,0,84,163
2020-08-01,US,South Carolina,Saluda,408,7,0,34.00795823,-81.72713237,45081.0,1992.8686562790008,1.7156862745098038,401,398,7,0,391,395,20544,10,0,0,10,3
2020-08-01,US,South Carolina,Spartanburg,3700,82,0,34.92960077,-81.99225984,45083.0,1157.0273777694388,2.216216216216216,3618,3656,82,0,3574,3609,313888,44,0,0,44,47
2020-08-01,US,South Carolina,Sumter,2289,45,0,33.91826534,-80.37942316,45085.0,2144.8449695936133,1.965923984272608,2244,2227,43,0,2184,2201,106512,62,2,0,60,26
2020-08-01,US,South Carolina,Union,332,2,0,34.68835752,-81.61730349,45087.0,1215.4048909064286,0.6024096385542169,330,324,2,0,322,307,27410,8,0,0,8,17
2020-08-01,US,South Carolina,Williamsburg,901,27,0,33.62190129,-79.72767442,45089.0,2966.938883034773,2.9966703662597114,874,860,24,0,836,848,30606,41,3,0,38,12
2020-08-01,US,South Carolina,York,3134,28,0,34.97281497,-81.18085944,45091.0,1115.3858473409043,0.8934269304403318,3106,3077,27,0,3050,3022,274118,57,1,0,56,55
2020-08-01,US,South Dakota,Aurora,37,0,0,43.71757685,-98.56050467,46003.0,1344.9654671028716,0.0,37,37,0,0,37,37,2801,0,0,0,0,0
2020-08-01,US,South Dakota,Beadle,587,9,0,44.41464384,-98.27858469,46005.0,3181.054571072454,1.5332197614991483,578,586,9,0,577,585,18883,1,0,0,1,1
2020-08-01,US,South Dakota,Bennett,5,0,0,43.19486375,-101.6665572,46007.0,148.5884101040119,0.0,5,5,0,0,5,5,3468,0,0,0,0,0
2020-08-01,US,South Dakota,Bon Homme,13,0,0,42.98914167,-97.88592746,46009.0,188.37849587016373,0.0,13,13,0,0,13,13,6980,0,0,0,0,0
2020-08-01,US,South Dakota,Brookings,118,1,0,44.36974375,-96.79079945,46011.0,336.40277104655473,0.8474576271186439,117,113,0,0,113,112,35232,5,1,0,4,1
2020-08-01,US,South Dakota,Brown,406,3,0,45.58994323,-98.35165355,46013.0,1045.3410231983316,0.7389162561576355,403,397,3,0,394,395,39316,9,0,0,9,2
2020-08-01,US,South Dakota,Brule,40,0,0,43.71756379,-99.08118954,46015.0,755.1444213705871,0.0,40,40,0,0,40,39,5229,0,0,0,0,1
2020-08-01,US,South Dakota,Buffalo,107,3,0,44.07657829,-99.20814467,46017.0,5453.61875637105,2.803738317757009,104,106,3,0,103,105,2036,1,0,0,1,1
2020-08-01,US,South Dakota,Butte,10,1,0,44.90608745,-103.5079318,46019.0,95.88647041902388,10.0,9,10,1,0,9,10,10222,0,0,0,0,0
2020-08-01,US,South Dakota,Campbell,2,0,0,45.77074915,-100.0510181,46021.0,145.3488372093023,0.0,2,2,0,0,2,1,1377,0,0,0,0,1
2020-08-01,US,South Dakota,Charles Mix,99,0,0,43.20660134,-98.58856175,46023.0,1065.4326302195436,0.0,99,99,0,0,99,99,9338,0,0,0,0,0
2020-08-01,US,South Dakota,Clark,16,0,0,44.85834507,-97.72925109,46025.0,428.2655246252677,0.0,16,16,0,0,16,16,3739,0,0,0,0,0
2020-08-01,US,South Dakota,Clay,114,0,0,42.91296147,-96.97656917,46027.0,810.2345415778253,0.0,114,113,0,0,113,111,14041,1,0,0,1,2
2020-08-01,US,South Dakota,Codington,118,0,0,44.97788119,-97.18827677,46029.0,421.2931557713592,0.0,118,117,0,0,117,117,28015,1,0,0,1,0
2020-08-01,US,South Dakota,Corson,28,0,0,45.70889983,-101.1970473,46031.0,685.2667645619188,0.0,28,26,0,0,26,26,4165,2,0,0,2,0
2020-08-01,US,South Dakota,Custer,19,0,0,43.67741105,-103.45345209999999,46033.0,211.76995095853766,0.0,19,18,0,0,18,13,8726,1,0,0,1,5
2020-08-01,US,South Dakota,Davison,87,0,0,43.67490933,-98.14458906,46035.0,439.94943109987366,0.0,87,86,0,0,86,84,19790,1,0,0,1,2
2020-08-01,US,South Dakota,Day,21,0,0,45.367281,-97.60737498,46037.0,387.1681415929203,0.0,21,21,0,0,21,21,5505,0,0,0,0,0
2020-08-01,US,South Dakota,Deuel,8,0,0,44.75994309,-96.66943645,46039.0,183.8657779820731,0.0,8,9,0,0,9,9,4337,-1,0,0,-1,0
2020-08-01,US,South Dakota,Dewey,59,0,0,45.15639647,-100.8709139,46041.0,1001.3577732518668,0.0,59,58,0,0,58,56,5904,1,0,0,1,2
2020-08-01,US,South Dakota,Douglas,16,0,0,43.38520741,-98.36978007,46043.0,547.757617254365,0.0,16,16,0,0,16,16,2935,0,0,0,0,0
2020-08-01,US,South Dakota,Edmunds,13,0,0,45.41846445,-99.21545423,46045.0,339.5142334813267,0.0,13,13,0,0,13,10,3875,0,0,0,0,3
2020-08-01,US,South Dakota,Fall River,15,0,0,43.23929297,-103.5275691,46047.0,223.44704305079696,0.0,15,14,0,0,14,14,6758,1,0,0,1,0
2020-08-01,US,South Dakota,Faulk,26,1,0,45.07082625,-99.14535601,46049.0,1130.9264897781645,3.8461538461538463,25,26,1,0,25,26,2330,0,0,0,0,0
2020-08-01,US,South Dakota,Grant,19,0,0,45.1723937,-96.77002276,46051.0,269.4271128757799,0.0,19,18,0,0,18,18,7147,1,0,0,1,0
2020-08-01,US,South Dakota,Gregory,7,0,0,43.19419064,-99.18883902,46053.0,167.26403823178018,0.0,7,7,0,0,7,7,4212,0,0,0,0,0
2020-08-01,US,South Dakota,Haakon,2,0,0,44.29299053,-101.539099,46055.0,105.318588730911,0.0,2,1,0,0,1,1,1918,1,0,0,1,0
2020-08-01,US,South Dakota,Hamlin,14,0,0,44.67385954,-97.18829593,46057.0,227.125243348475,0.0,14,14,0,0,14,14,6111,0,0,0,0,0
2020-08-01,US,South Dakota,Hand,7,0,0,44.54708407,-99.00386459,46059.0,219.36696960200558,0.0,7,7,0,0,7,7,3262,0,0,0,0,0
2020-08-01,US,South Dakota,Hanson,20,0,0,43.6746384,-97.78715148,46061.0,579.2064871126556,0.0,20,20,0,0,20,20,3376,0,0,0,0,0
2020-08-01,US,South Dakota,Hughes,83,2,0,44.39091534,-99.99661148,46065.0,473.5821065845031,2.409638554216868,81,83,2,0,81,83,17650,0,0,0,0,0
2020-08-01,US,South Dakota,Hutchinson,26,0,0,43.33449012,-97.75536441,46067.0,356.6040323686737,0.0,26,26,0,0,26,25,7380,0,0,0,0,1
2020-08-01,US,South Dakota,Hyde,3,0,0,44.54747703,-99.48572582,46069.0,230.59185242121444,0.0,3,3,0,0,3,3,1282,0,0,0,0,0
2020-08-01,US,South Dakota,Jackson,8,1,0,43.69318385,-101.6255063,46071.0,239.2344497607656,12.5,7,8,1,0,7,7,3307,0,0,0,0,1
2020-08-01,US,South Dakota,Jerauld,39,1,0,44.06637798,-98.62965972,46073.0,1937.4068554396426,2.5641025641025643,38,39,1,0,38,39,2043,0,0,0,0,0
2020-08-01,US,South Dakota,Jones,2,0,0,43.96278565,-100.6940008,46075.0,221.4839424141749,0.0,2,2,0,0,2,1,928,0,0,0,0,1
2020-08-01,US,South Dakota,Kingsbury,12,0,0,44.36956169,-97.4913945,46077.0,242.96416278598903,0.0,12,12,0,0,12,11,4919,0,0,0,0,1
2020-08-01,US,South Dakota,Lake,79,2,0,44.02193107,-97.12926365,46079.0,617.3321872313824,2.5316455696202533,77,78,2,0,76,79,13057,1,0,0,1,-1
2020-08-01,US,South Dakota,Lawrence,27,0,0,44.35919441,-103.79294279999999,46081.0,104.47299179693545,0.0,27,26,0,0,26,26,25741,1,0,0,1,0
2020-08-01,US,South Dakota,Lincoln,561,2,0,43.27841182,-96.72039050000001,46083.0,917.7463682764037,0.35650623885918004,559,542,2,0,540,523,58807,19,0,0,19,19
2020-08-01,US,South Dakota,Lyman,88,2,0,43.89522709,-99.85201878,46085.0,2327.4266067178,2.272727272727273,86,87,2,0,85,85,3821,1,0,0,1,2
2020-08-01,US,South Dakota,Marshall,8,0,0,45.75870838,-97.59855639,46091.0,162.10739614994938,0.0,8,8,0,0,8,8,5112,0,0,0,0,0
2020-08-01,US,South Dakota,McCook,24,1,0,43.6742571,-97.36863144,46087.0,429.6455424274973,4.166666666666667,23,24,1,0,23,24,5546,0,0,0,0,0
2020-08-01,US,South Dakota,McPherson,6,0,0,45.76626028,-99.22118798,46089.0,252.20680958385879,0.0,6,6,0,0,6,6,2407,0,0,0,0,0
2020-08-01,US,South Dakota,Meade,71,1,0,44.56676791,-102.71627409999999,46093.0,250.60002823662293,1.4084507042253518,70,71,1,0,70,69,28294,0,0,0,0,2
2020-08-01,US,South Dakota,Mellette,24,0,0,43.58078848,-100.7563186,46095.0,1164.4832605531294,0.0,24,24,0,0,24,24,2042,0,0,0,0,0
2020-08-01,US,South Dakota,Miner,14,0,0,44.02197882,-97.60992207,46097.0,631.7689530685917,0.0,14,14,0,0,14,13,2213,0,0,0,0,1
2020-08-01,US,South Dakota,Minnehaha,4189,63,0,43.67441641,-96.7910885,46099.0,2168.960410906417,1.5039388875626643,4126,4150,63,0,4087,4133,192876,39,0,0,39,17
2020-08-01,US,South Dakota,Moody,30,0,0,44.02266214,-96.67081159,46101.0,456.2043795620438,0.0,30,30,0,0,30,30,6579,0,0,0,0,0
2020-08-01,US,South Dakota,Oglala Lakota,146,1,0,43.33749164,-102.55554980000001,46102.0,1029.837060026804,0.6849315068493149,145,141,1,0,140,140,14309,5,0,0,5,1
2020-08-01,US,South Dakota,Pennington,818,29,0,44.0025835,-102.8240777,46103.0,718.9628653043287,3.5452322738386317,789,811,27,0,784,804,111729,7,2,0,5,7
2020-08-01,US,South Dakota,Perkins,6,0,0,45.49049506,-102.47555859999999,46105.0,209.42408376963348,0.0,6,6,0,0,6,6,2922,0,0,0,0,0
2020-08-01,US,South Dakota,Potter,1,0,0,45.06583079,-99.95498503,46107.0,46.44681839294008,0.0,1,1,0,0,1,1,2207,0,0,0,0,0
2020-08-01,US,South Dakota,Roberts,70,1,0,45.62975048,-96.94672673,46109.0,673.4654608427941,1.4285714285714286,69,69,1,0,68,69,10447,1,0,0,1,0
2020-08-01,US,South Dakota,Sanborn,13,0,0,44.02351092,-98.09098159999999,46111.0,554.6075085324234,0.0,13,13,0,0,13,13,2429,0,0,0,0,0
2020-08-01,US,South Dakota,Spink,19,0,0,44.93837606,-98.34626602,46115.0,297.99247176913417,0.0,19,19,0,0,19,19,6495,0,0,0,0,0
2020-08-01,US,South Dakota,Stanley,14,0,0,44.41381872,-100.7349153,46117.0,451.9044544867656,0.0,14,14,0,0,14,14,3022,0,0,0,0,0
2020-08-01,US,South Dakota,Sully,1,0,0,44.71571812,-100.1278092,46119.0,71.89072609633357,0.0,1,1,0,0,1,1,1392,0,0,0,0,0
2020-08-01,US,South Dakota,Todd,66,4,0,43.19338568,-100.71955030000001,46121.0,648.5211751989781,6.0606060606060606,62,66,4,0,62,66,10283,0,0,0,0,0
2020-08-01,US,South Dakota,Tripp,20,0,0,43.34459388,-99.8854891,46123.0,367.5794890645102,0.0,20,20,0,0,20,20,5478,0,0,0,0,0
2020-08-01,US,South Dakota,Turner,44,0,0,43.3109081,-97.14865776,46125.0,524.8091603053434,0.0,44,44,0,0,44,42,8424,0,0,0,0,2
2020-08-01,US,South Dakota,Union,195,4,0,42.83112163,-96.6557828,46127.0,1223.9517951292994,2.051282051282051,191,191,3,0,188,187,15619,4,1,0,3,4
2020-08-01,US,South Dakota,Walworth,18,0,0,45.43019636,-100.03075140000001,46129.0,331.1867525298988,0.0,18,18,0,0,18,18,5587,0,0,0,0,0
2020-08-01,US,South Dakota,Yankton,101,2,0,43.00924485,-97.39467635,46135.0,442.71061628824407,1.98019801980198,99,101,2,0,99,101,22869,0,0,0,0,0
2020-08-01,US,South Dakota,Ziebach,8,0,0,44.97881876,-101.6654622,46137.0,290.2757619738752,0.0,8,8,0,0,8,8,2742,0,0,0,0,0
2020-08-01,US,Tennessee,Anderson,583,5,0,36.12684348,-84.19965764,47001.0,757.3592454987137,0.8576329331046312,578,571,5,0,566,550,76482,12,0,0,12,21
2020-08-01,US,Tennessee,Bedford,851,10,0,35.51123746,-86.45549096,47003.0,1711.825880554382,1.1750881316098707,841,823,10,0,813,808,49038,28,0,0,28,15
2020-08-01,US,Tennessee,Benton,91,1,0,36.07110411,-88.06849355,47005.0,563.1188118811881,1.0989010989010992,90,80,1,0,79,70,16184,11,0,0,11,10
2020-08-01,US,Tennessee,Bledsoe,661,1,0,35.59942968,-85.20611967,47007.0,4387.9447689856615,0.15128593040847202,660,659,1,0,658,656,14755,2,0,0,2,3
2020-08-01,US,Tennessee,Blount,1089,7,0,35.68938198,-83.92847788,47009.0,818.2555902861264,0.6427915518824611,1082,1043,7,0,1036,972,131349,46,0,0,46,71
2020-08-01,US,Tennessee,Bradley,1681,10,0,35.15739424,-84.857186,47011.0,1554.8977892886874,0.594883997620464,1671,1651,10,0,1641,1593,106727,30,0,0,30,58
2020-08-01,US,Tennessee,Campbell,203,1,0,36.40355516,-84.15108559999999,47013.0,509.5125746699463,0.4926108374384237,202,190,1,0,189,165,39583,13,0,0,13,25
2020-08-01,US,Tennessee,Cannon,115,0,0,35.80990797,-86.05738983,47015.0,783.4854884861697,0.0,115,110,0,0,110,107,14462,5,0,0,5,3
2020-08-01,US,Tennessee,Carroll,216,3,0,35.97366108,-88.45189331,47017.0,777.9018259084525,1.3888888888888888,213,191,3,0,188,181,28020,25,0,0,25,10
2020-08-01,US,Tennessee,Carter,407,5,0,36.28969086,-82.12588974,47019.0,721.7463779681154,1.2285012285012284,402,390,5,0,385,354,56351,17,0,0,17,36
2020-08-01,US,Tennessee,Cheatham,533,5,0,36.26136216,-87.08903581,47021.0,1310.644994713158,0.9380863039399624,528,516,5,0,511,494,40439,17,0,0,17,22
2020-08-01,US,Tennessee,Chester,190,1,0,35.42527478,-88.6095842,47023.0,1098.4563797190262,0.5263157894736842,189,181,1,0,180,171,17276,9,0,0,9,10
2020-08-01,US,Tennessee,Claiborne,210,0,0,36.48319149,-83.65947309,47025.0,657.091898995588,0.0,210,206,0,0,206,195,31756,4,0,0,4,11
2020-08-01,US,Tennessee,Clay,61,0,0,36.55151008,-85.53930419,47027.0,801.0505581089955,0.0,61,58,0,0,58,53,7717,3,0,0,3,5
2020-08-01,US,Tennessee,Cocke,385,1,0,35.9278914,-83.11828725,47029.0,1069.3256304855015,0.2597402597402597,384,369,1,0,368,348,35774,16,0,0,16,21
2020-08-01,US,Tennessee,Coffee,395,2,0,35.49090731,-86.07311784,47031.0,698.8676574663835,0.5063291139240507,393,370,2,0,368,353,55700,25,0,0,25,17
2020-08-01,US,Tennessee,Crockett,220,3,0,35.81830662,-89.14916269,47033.0,1546.029515108925,1.3636363636363635,217,216,3,0,213,199,14328,4,0,0,4,17
2020-08-01,US,Tennessee,Cumberland,374,6,0,35.95271721,-84.99840585,47035.0,617.9775280898876,1.60427807486631,368,365,6,0,359,356,59673,9,0,0,9,9
2020-08-01,US,Tennessee,Davidson,19176,198,0,36.17007426,-86.78646056,47037.0,2762.539184952978,1.032540675844806,18978,18978,198,0,18780,18676,692587,198,0,0,198,302
2020-08-01,US,Tennessee,DeKalb,303,1,0,35.97616272,-85.83689361,47041.0,1478.770131771596,0.33003300330033003,302,295,1,0,294,289,20138,8,0,0,8,6
2020-08-01,US,Tennessee,Decatur,159,1,0,35.60048904,-88.11043779,47039.0,1363.2856040469862,0.6289308176100629,158,150,1,0,149,133,11706,9,0,0,9,17
2020-08-01,US,Tennessee,Dickson,580,1,0,36.14669837,-87.35891709,47043.0,1075.1093645732926,0.1724137931034483,579,575,1,0,574,550,53446,5,0,0,5,25
2020-08-01,US,Tennessee,Dyer,534,7,0,36.05931946,-89.41542855,47045.0,1437.0677359455317,1.310861423220974,527,515,6,0,509,487,37320,19,1,0,18,28
2020-08-01,US,Tennessee,Fayette,616,8,0,35.19615831,-89.41399032,47047.0,1497.5810176743735,1.2987012987012987,608,596,8,0,588,584,40507,20,0,0,20,12
2020-08-01,US,Tennessee,Fentress,73,0,0,36.38128818,-84.92870012,47049.0,394.1046266803434,0.0,73,71,0,0,71,66,18217,2,0,0,2,5
2020-08-01,US,Tennessee,Franklin,271,4,0,35.15634626,-86.09201039,47051.0,642.0583775587567,1.4760147601476017,267,258,4,0,254,242,41890,13,0,0,13,16
2020-08-01,US,Tennessee,Gibson,550,2,0,35.99438059,-88.93358327,47053.0,1119.4105794476218,0.3636363636363637,548,537,2,0,535,500,49045,13,0,0,13,37
2020-08-01,US,Tennessee,Giles,334,9,0,35.20222469,-87.03992678,47055.0,1133.5867499321205,2.6946107784431144,325,321,8,0,313,308,29503,13,1,0,12,13
2020-08-01,US,Tennessee,Grainger,164,0,0,36.27469206,-83.51254721,47057.0,703.2590051457976,0.0,164,162,0,0,162,147,23145,2,0,0,2,15
2020-08-01,US,Tennessee,Greene,362,5,0,36.17470125,-82.84691273,47059.0,524.1135675918284,1.3812154696132597,357,344,5,0,339,324,69087,18,0,0,18,20
2020-08-01,US,Tennessee,Grundy,98,2,0,35.38433717,-85.72142731,47061.0,729.872644671185,2.0408163265306123,96,97,2,0,95,94,13346,1,0,0,1,3
2020-08-01,US,Tennessee,Hamblen,1208,13,0,36.21990035,-83.26586179,47063.0,1860.3505097483605,1.0761589403973508,1195,1183,13,0,1170,1125,64569,25,0,0,25,58
2020-08-01,US,Tennessee,Hamilton,5549,47,0,35.17670231,-85.16652245,47065.0,1508.683972985612,0.8469994593620472,5502,5483,47,0,5436,5395,364286,66,0,0,66,88
2020-08-01,US,Tennessee,Hancock,72,1,0,36.52692871,-83.22375847,47067.0,1087.6132930513595,1.3888888888888888,71,71,1,0,70,69,6549,1,0,0,1,2
2020-08-01,US,Tennessee,Hardeman,787,11,0,35.20772017,-88.99161161,47069.0,3141.716566866268,1.397712833545108,776,760,11,0,749,747,25220,27,0,0,27,13
2020-08-01,US,Tennessee,Hardin,394,7,0,35.19732531,-88.18593755,47071.0,1535.9426165601126,1.7766497461928934,387,386,7,0,379,363,25776,8,0,0,8,23
2020-08-01,US,Tennessee,Hawkins,304,4,0,36.44355426,-82.94885298,47073.0,535.3432183989012,1.3157894736842106,300,291,4,0,287,267,56530,13,0,0,13,24
2020-08-01,US,Tennessee,Haywood,366,5,0,35.58332824,-89.28536625,47075.0,2115.1178918169207,1.3661202185792352,361,363,5,0,358,342,17335,3,0,0,3,21
2020-08-01,US,Tennessee,Henderson,423,0,0,35.65581134,-88.38600175,47077.0,1504.427926165665,0.0,423,420,0,0,420,392,27847,3,0,0,3,28
2020-08-01,US,Tennessee,Henry,205,0,0,36.33160906,-88.30121797,47079.0,633.7919307466377,0.0,205,177,0,0,177,160,32358,28,0,0,28,17
2020-08-01,US,Tennessee,Hickman,218,0,0,35.80609681,-87.47643507,47081.0,865.8352529986496,0.0,218,208,0,0,208,203,25063,10,0,0,10,5
2020-08-01,US,Tennessee,Houston,54,0,0,36.28872054,-87.71878828,47083.0,658.4562858188026,0.0,54,54,0,0,54,50,8263,0,0,0,0,4
2020-08-01,US,Tennessee,Humphreys,100,3,0,36.03958805,-87.77992872,47085.0,538.1552039608223,3.0,97,99,3,0,96,92,18486,1,0,0,1,7
2020-08-01,US,Tennessee,Jackson,105,1,0,36.36380466,-85.67239905,47087.0,890.8874936365179,0.9523809523809524,104,105,1,0,104,103,11758,0,0,0,0,2
2020-08-01,US,Tennessee,Jefferson,480,2,0,36.04818632,-83.45148924,47089.0,880.8147536471236,0.4166666666666667,478,474,2,0,472,451,54012,6,0,0,6,23
2020-08-01,US,Tennessee,Johnson,141,0,0,36.45523950000001,-81.84886538,47091.0,792.6692152012594,0.0,141,116,0,0,116,92,17778,25,0,0,25,24
2020-08-01,US,Tennessee,Knox,3848,31,0,35.99508821,-83.94635435,47093.0,818.1785321690022,0.8056133056133056,3817,3705,30,0,3675,3575,465289,143,1,0,142,130
2020-08-01,US,Tennessee,Lake,740,0,0,36.34180170000001,-89.48921915,47095.0,10547.320410490307,0.0,740,736,0,0,736,726,7411,4,0,0,4,10
2020-08-01,US,Tennessee,Lauderdale,420,6,0,35.75893438,-89.63015909999999,47097.0,1638.5128545234659,1.4285714285714286,414,411,6,0,405,389,25825,9,0,0,9,22
2020-08-01,US,Tennessee,Lawrence,458,6,0,35.21675201,-87.39787695,47099.0,1037.5605998821984,1.310043668122271,452,444,6,0,438,421,43734,14,0,0,14,23
2020-08-01,US,Tennessee,Lewis,51,1,0,35.52853208,-87.49022694,47101.0,415.7156830779263,1.96078431372549,50,47,1,0,46,41,12086,4,0,0,4,6
2020-08-01,US,Tennessee,Lincoln,250,1,0,35.13738622,-86.58910106,47103.0,727.4631903625676,0.4,249,234,1,0,233,226,34117,16,0,0,16,8
2020-08-01,US,Tennessee,Loudon,643,3,0,35.73939663,-84.31145275,47105.0,1189.2431752607827,0.4665629860031104,640,606,3,0,603,590,53054,37,0,0,37,16
2020-08-01,US,Tennessee,Macon,834,13,0,36.53157855,-86.00778595,47111.0,3389.968295260548,1.5587529976019183,821,820,13,0,807,803,24265,14,0,0,14,17
2020-08-01,US,Tennessee,Madison,863,12,0,35.61181957,-88.84076036,47113.0,880.7560418027432,1.3904982618771726,851,769,12,0,757,739,97605,94,0,0,94,30
2020-08-01,US,Tennessee,Marion,199,4,0,35.12997174,-85.62265895,47115.0,688.4145708651885,2.010050251256281,195,195,4,0,191,190,28575,4,0,0,4,5
2020-08-01,US,Tennessee,Marshall,261,2,0,35.45798777,-86.76420988,47117.0,759.2727272727273,0.7662835249042146,259,258,2,0,256,242,33683,3,0,0,3,16
2020-08-01,US,Tennessee,Maury,1050,5,0,35.618741299999996,-87.07462444,47119.0,1089.3585234523327,0.4761904761904762,1045,1010,5,0,1005,971,94340,40,0,0,40,39
2020-08-01,US,Tennessee,McMinn,472,20,0,35.42812616,-84.61520715,47107.0,877.4212737480017,4.2372881355932215,452,462,20,0,442,452,53285,10,0,0,10,10
2020-08-01,US,Tennessee,McNairy,309,5,0,35.17468549,-88.5647812,47109.0,1202.6153965906435,1.6181229773462784,304,300,5,0,295,283,25832,9,0,0,9,17
2020-08-01,US,Tennessee,Meigs,96,0,0,35.51558739,-84.81482914,47121.0,772.8224118499437,0.0,96,92,0,0,92,87,12306,4,0,0,4,5
2020-08-01,US,Tennessee,Monroe,352,9,0,35.44550387,-84.24902965,47123.0,756.2573853260286,2.5568181818181817,343,333,9,0,324,305,46357,19,0,0,19,28
2020-08-01,US,Tennessee,Montgomery,1677,11,0,36.49609412,-87.38550661,47125.0,802.4192197824808,0.6559332140727491,1666,1646,11,0,1635,1568,205950,31,0,0,31,78
2020-08-01,US,Tennessee,Moore,43,0,0,35.27724699,-86.36230578,47127.0,662.7620221948213,0.0,43,42,0,0,42,41,6411,1,0,0,1,1
2020-08-01,US,Tennessee,Morgan,76,1,0,36.13248031,-84.64880098,47129.0,355.09040788674486,1.3157894736842106,75,70,1,0,69,65,21579,6,0,0,6,5
2020-08-01,US,Tennessee,Obion,419,4,0,36.35732446,-89.14921589,47131.0,1393.4617047457516,0.9546539379474941,415,377,4,0,373,352,30267,42,0,0,42,25
2020-08-01,US,Tennessee,Out of TN,2729,12,0,0.0,0.0,80047.0,0.0,0.4397215097105167,2717,2815,13,0,2802,2705,,-86,-1,0,-85,110
2020-08-01,US,Tennessee,Overton,134,1,0,36.34117832,-85.28989535,47133.0,602.4908951935614,0.746268656716418,133,125,1,0,124,123,22068,9,0,0,9,2
2020-08-01,US,Tennessee,Perry,73,0,0,35.63708728,-87.86139634,47135.0,903.9128281327388,0.0,73,69,0,0,69,68,8064,4,0,0,4,1
2020-08-01,US,Tennessee,Pickett,22,1,0,36.55606529,-85.07763299999998,47137.0,435.8161648177496,4.545454545454546,21,21,1,0,20,19,5082,1,0,0,1,2
2020-08-01,US,Tennessee,Polk,157,1,0,35.12245443,-84.52075859,47139.0,932.7471482889732,0.6369426751592356,156,140,1,0,139,134,16898,17,0,0,17,6
2020-08-01,US,Tennessee,Putnam,1543,13,0,36.14005459,-85.50646123,47141.0,1922.8612374602767,0.8425145819831497,1530,1518,13,0,1505,1502,78843,25,0,0,25,16
2020-08-01,US,Tennessee,Rhea,491,1,0,35.60536161,-84.93076643,47143.0,1480.3871317876205,0.20366598778004075,490,481,1,0,480,466,33044,10,0,0,10,15
2020-08-01,US,Tennessee,Roane,347,1,0,35.84923189,-84.52458689,47145.0,650.0318459405793,0.2881844380403458,346,330,1,0,329,302,53140,17,0,0,17,28
2020-08-01,US,Tennessee,Robertson,1417,16,0,36.52454807,-86.87346725,47147.0,1973.1803433918647,1.1291460832745237,1401,1409,16,0,1393,1374,71012,8,0,0,8,35
2020-08-01,US,Tennessee,Rutherford,5999,51,0,35.84591405,-86.4107263,47149.0,1805.3779135380773,0.8501416902817136,5948,5899,51,0,5848,5753,324890,100,0,0,100,146
2020-08-01,US,Tennessee,Scott,98,0,0,36.42325673,-84.50360494,47151.0,444.0819285843756,0.0,98,91,0,0,91,80,22039,7,0,0,7,11
2020-08-01,US,Tennessee,Sequatchie,94,0,0,35.36979721,-85.41022136,47153.0,625.5823239717822,0.0,94,93,0,0,93,89,14876,1,0,0,1,4
2020-08-01,US,Tennessee,Sevier,1679,5,0,35.78077323,-83.52244332,47155.0,1708.9058524173029,0.2977963073257892,1674,1644,5,0,1639,1572,97892,35,0,0,35,72
2020-08-01,US,Tennessee,Shelby,21021,284,0,35.1864775,-89.89692423,47157.0,2243.0391200705108,1.3510299224584938,20737,20586,279,0,20307,20082,935764,435,5,0,430,504
2020-08-01,US,Tennessee,Smith,360,3,0,36.25359775,-85.95411046,47159.0,1785.9800565560352,0.8333333333333334,357,340,3,0,337,332,19942,20,0,0,20,8
2020-08-01,US,Tennessee,Stewart,67,0,0,36.50235092,-87.83920548,47161.0,488.5162231133795,0.0,67,65,0,0,65,63,13561,2,0,0,2,2
2020-08-01,US,Tennessee,Sullivan,758,8,0,36.51240691,-82.30412917,47163.0,478.69250006315207,1.0554089709762533,750,729,8,0,721,684,157668,29,0,0,29,45
2020-08-01,US,Tennessee,Sumner,3136,69,0,36.46824103,-86.45917204,47165.0,1639.4556756219845,2.2002551020408165,3067,3106,69,0,3037,3044,187149,30,0,0,30,62
2020-08-01,US,Tennessee,Tipton,1094,9,0,35.501942,-89.73694895,47167.0,1776.0028571892399,0.8226691042047533,1085,1065,9,0,1056,1040,61581,29,0,0,29,25
2020-08-01,US,Tennessee,Trousdale,1572,6,0,36.39026213,-86.16087954,47169.0,13931.230060262316,0.3816793893129771,1566,1570,6,0,1564,1567,11012,2,0,0,2,3
2020-08-01,US,Tennessee,Unassigned,2888,4,0,0.0,0.0,90047.0,0.0,0.13850415512465375,2884,2887,4,0,2883,2853,,1,0,0,1,34
2020-08-01,US,Tennessee,Unicoi,136,0,0,36.10890856,-82.43709629,47171.0,760.4987977408713,0.0,136,129,0,0,129,122,17761,7,0,0,7,7
2020-08-01,US,Tennessee,Union,114,0,0,36.28590426,-83.83651902,47173.0,570.7991187662727,0.0,114,110,0,0,110,105,19688,4,0,0,4,5
2020-08-01,US,Tennessee,Van Buren,32,0,0,35.69864497,-85.45221699,47175.0,544.9591280653951,0.0,32,30,0,0,30,28,5765,2,0,0,2,2
2020-08-01,US,Tennessee,Warren,393,4,0,35.672829899999996,-85.77969117,47177.0,952.1040773312013,1.0178117048346056,389,375,4,0,371,349,40878,18,0,0,18,26
2020-08-01,US,Tennessee,Washington,993,2,0,36.29472368,-82.49454720000001,47179.0,767.5362318840581,0.2014098690835851,991,943,2,0,941,870,128607,50,0,0,50,73
2020-08-01,US,Tennessee,Wayne,212,1,0,35.23868267,-87.78644456,47181.0,1271.5168236070297,0.4716981132075472,211,206,1,0,205,197,16558,6,0,0,6,9
2020-08-01,US,Tennessee,Weakley,251,3,0,36.29896232,-88.71990865,47183.0,753.1204992798848,1.195219123505976,248,229,3,0,226,196,33415,22,0,0,22,33
2020-08-01,US,Tennessee,White,188,3,0,35.92929884,-85.45591799,47185.0,687.5114280490035,1.5957446808510638,185,186,3,0,183,181,27107,2,0,0,2,5
2020-08-01,US,Tennessee,Williamson,3193,22,0,35.89099229,-86.89281867,47187.0,1339.2782242504572,0.6890072032571251,3171,3132,22,0,3110,3056,231729,61,0,0,61,76
2020-08-01,US,Tennessee,Wilson,2041,20,0,36.15496772,-86.29775884,47189.0,1410.9237714040805,0.9799118079372856,2021,2001,20,0,1981,1973,140625,40,0,0,40,28
2020-08-01,US,Texas,Anderson,2209,8,0,31.81534745,-95.65354823,48001.0,3826.102017840132,0.362154821186057,2201,2196,8,0,2188,2174,58057,13,0,0,13,22
2020-08-01,US,Texas,Andrews,255,6,0,32.30468633,-102.63765479999999,48003.0,1363.2718524458699,2.3529411764705883,249,255,6,0,249,253,18128,0,0,0,0,2
2020-08-01,US,Texas,Angelina,1647,35,0,31.25457347,-94.60901487,48005.0,1899.3253762324853,2.125075895567699,1612,1606,32,0,1574,1606,87092,41,3,0,38,0
2020-08-01,US,Texas,Aransas,153,12,0,28.10556197,-96.9995047,48007.0,650.7868991918333,7.84313725490196,141,153,12,0,141,149,23792,0,0,0,0,4
2020-08-01,US,Texas,Archer,20,0,0,33.61569967,-98.68754589,48009.0,233.836080907284,0.0,20,17,0,0,17,17,8786,3,0,0,3,0
2020-08-01,US,Texas,Armstrong,8,0,0,34.96507426,-101.35748740000001,48011.0,423.9533651298357,0.0,8,5,0,0,5,5,1892,3,0,0,3,0
2020-08-01,US,Texas,Atascosa,405,15,0,28.89333001,-98.52730485,48013.0,791.7424197994252,3.703703703703704,390,405,15,0,390,405,50310,0,0,0,0,0
2020-08-01,US,Texas,Austin,213,3,0,29.88548725,-96.27736949,48015.0,709.24347362813,1.4084507042253518,210,212,3,0,209,211,29989,1,0,0,1,1
2020-08-01,US,Texas,Bailey,158,4,0,34.06854817,-102.8299707,48017.0,2257.142857142857,2.5316455696202533,154,156,4,0,152,151,7027,2,0,0,2,5
2020-08-01,US,Texas,Bandera,83,3,0,29.74619598,-99.24598147,48019.0,359.1208030460366,3.614457831325301,80,83,3,0,80,83,22824,0,0,0,0,0
2020-08-01,US,Texas,Bastrop,1296,18,0,30.10370699,-97.31206354,48021.0,1460.7260800468875,1.3888888888888888,1278,1289,18,0,1271,1277,86976,7,0,0,7,12
2020-08-01,US,Texas,Baylor,7,0,0,33.61640794,-99.21352901,48023.0,199.48703334283272,0.0,7,6,0,0,6,5,3582,1,0,0,1,1
2020-08-01,US,Texas,Bee,511,9,0,28.41761668,-97.74215593,48025.0,1569.1693536004916,1.761252446183953,502,498,9,0,489,482,32587,13,0,0,13,16
2020-08-01,US,Texas,Bell,3496,31,0,31.03736027,-97.4785025,48027.0,963.287079388522,0.8867276887871853,3465,3467,30,0,3437,3375,355642,29,1,0,28,92
2020-08-01,US,Texas,Bexar,40803,611,0,29.44928723,-98.52019748,48029.0,2036.531084263264,1.4974389138053574,40192,40803,578,0,40225,40253,1986049,0,33,0,-33,550
2020-08-01,US,Texas,Blanco,98,4,0,30.26640707,-98.3999852,48031.0,821.3896571955411,4.081632653061225,94,96,3,0,93,93,11702,2,1,0,1,3
2020-08-01,US,Texas,Bosque,125,2,0,31.89978581,-97.63613524,48035.0,668.985817500669,1.6,123,121,2,0,119,112,18691,4,0,0,4,9
2020-08-01,US,Texas,Bowie,708,30,0,33.44626922,-94.41834132,48037.0,759.2900423615207,4.2372881355932215,678,693,28,0,665,693,94324,15,2,0,13,0
2020-08-01,US,Texas,Brazoria,6534,72,0,29.18757369,-95.44563172,48039.0,1745.826475429109,1.1019283746556474,6462,6384,67,0,6317,6218,370200,150,5,0,145,166
2020-08-01,US,Texas,Brazos,3877,42,0,30.663644800000004,-96.30205577,48041.0,1691.4545986012888,1.0833118390508123,3835,3850,42,0,3808,3813,226758,27,0,0,27,37
2020-08-01,US,Texas,Brewster,181,2,0,29.81008251,-103.25203259999999,48043.0,1966.749972834945,1.1049723756906078,179,180,2,0,178,180,9267,1,0,0,1,0
2020-08-01,US,Texas,Briscoe,11,1,0,34.53026962,-101.2084947,48045.0,711.5135834411383,9.090909090909092,10,11,1,0,10,11,1516,0,0,0,0,0
2020-08-01,US,Texas,Brooks,85,1,0,27.03103197,-98.21808402,48047.0,1198.3645848019173,1.1764705882352942,84,84,1,0,83,81,7114,1,0,0,1,3
2020-08-01,US,Texas,Brown,351,14,0,31.77430356,-98.99907113,48049.0,927.001901542362,3.988603988603989,337,351,13,0,338,348,37924,0,1,0,-1,3
2020-08-01,US,Texas,Burleson,231,5,0,30.49273808,-96.62158484,48051.0,1252.5077265087025,2.1645021645021645,226,229,5,0,224,228,18389,2,0,0,2,1
2020-08-01,US,Texas,Burnet,542,7,0,30.78801353,-98.181887,48053.0,1125.5321358114422,1.2915129151291511,535,539,7,0,532,536,47542,3,0,0,3,3
2020-08-01,US,Texas,Caldwell,1070,23,0,29.83668859,-97.61814775,48055.0,2450.531330157567,2.149532710280374,1047,1064,23,0,1041,1056,43247,6,0,0,6,8
2020-08-01,US,Texas,Calhoun,453,3,0,28.47048236,-96.61633945,48057.0,2127.7595115077497,0.6622516556291391,450,453,3,0,450,453,21561,0,0,0,0,0
2020-08-01,US,Texas,Callahan,41,3,0,32.29760619,-99.37326312,48059.0,294.05436419708815,7.317073170731707,38,40,3,0,37,38,13994,1,0,0,1,2
2020-08-01,US,Texas,Cameron,10971,346,0,26.14524221,-97.48140372,48061.0,2592.617974633888,3.153769027435968,10625,10155,325,0,9830,9424,423908,816,21,0,795,731
2020-08-01,US,Texas,Camp,214,4,0,32.97195142,-94.97790104,48063.0,1634.336337253704,1.8691588785046729,210,211,4,0,207,199,13033,3,0,0,3,12
2020-08-01,US,Texas,Carson,13,0,0,35.40365929,-101.35426690000001,48065.0,219.37225784677693,0.0,13,13,0,0,13,13,6005,0,0,0,0,0
2020-08-01,US,Texas,Cass,153,7,0,33.07499881,-94.34646905,48067.0,509.558382734963,4.575163398692809,146,149,6,0,143,143,30119,4,1,0,3,6
2020-08-01,US,Texas,Castro,170,3,0,34.53016752,-102.2617243,48069.0,2257.636122177955,1.7647058823529411,167,167,3,0,164,163,7665,3,0,0,3,4
2020-08-01,US,Texas,Chambers,887,2,0,29.70972016,-94.67154501,48071.0,2023.4048862832767,0.2254791431792559,885,870,2,0,868,870,42454,17,0,0,17,0
2020-08-01,US,Texas,Cherokee,783,4,0,31.837258000000002,-95.16559897,48073.0,1487.2924818599704,0.5108556832694764,779,760,4,0,756,746,52592,23,0,0,23,14
2020-08-01,US,Texas,Childress,34,0,0,34.529304100000004,-100.2077916,48075.0,465.37092800438006,0.0,34,33,0,0,33,33,7291,1,0,0,1,0
2020-08-01,US,Texas,Clay,34,1,0,33.78686685,-98.20771198,48077.0,324.7063317734696,2.9411764705882355,33,33,1,0,32,32,10456,1,0,0,1,1
2020-08-01,US,Texas,Cochran,21,0,0,33.60425307,-102.82844990000001,48079.0,736.0672975814932,0.0,21,21,0,0,21,20,2836,0,0,0,0,1
2020-08-01,US,Texas,Coke,39,1,0,31.88911733,-100.5297533,48081.0,1151.4614703277236,2.5641025641025643,38,37,1,0,36,37,3370,2,0,0,2,0
2020-08-01,US,Texas,Coleman,11,0,0,31.76736834,-99.45240766,48083.0,134.5565749235474,0.0,11,12,0,0,12,11,8397,-1,0,0,-1,1
2020-08-01,US,Texas,Collin,6353,72,0,33.18820114,-96.57264368,48085.0,613.9765929276236,1.1333228396033368,6281,6253,71,0,6182,6177,1005146,100,1,0,99,76
2020-08-01,US,Texas,Collingsworth,7,0,0,34.96489496,-100.27001109999999,48087.0,239.72602739726028,0.0,7,7,0,0,7,7,2962,0,0,0,0,0
2020-08-01,US,Texas,Colorado,242,2,0,29.622097999999998,-96.5273805,48089.0,1125.9479830642535,0.8264462809917356,240,238,2,0,236,238,21217,4,0,0,4,0
2020-08-01,US,Texas,Comal,1669,61,0,29.80811278,-98.27647225,48091.0,1068.440358750136,3.6548831635710006,1608,1662,59,0,1603,1635,148373,7,2,0,5,27
2020-08-01,US,Texas,Comanche,230,3,0,31.94854689,-98.55876441,48093.0,1686.8353502016867,1.3043478260869563,227,230,3,0,227,229,13534,0,0,0,0,1
2020-08-01,US,Texas,Concho,26,1,0,31.32635934,-99.86473038,48095.0,953.7784299339693,3.8461538461538463,25,24,1,0,23,23,4276,2,0,0,2,1
2020-08-01,US,Texas,Cooke,200,2,0,33.63979567,-97.21240912,48097.0,484.76622148968664,1.0,198,197,2,0,195,189,40574,3,0,0,3,8
2020-08-01,US,Texas,Coryell,612,5,0,31.39078397,-97.79936155,48099.0,805.782675672473,0.8169934640522876,607,603,5,0,598,589,74808,9,0,0,9,14
2020-08-01,US,Texas,Cottle,14,2,0,34.07783319,-100.27850620000001,48101.0,1001.4306151645208,14.285714285714285,12,14,2,0,12,11,1389,0,0,0,0,3
2020-08-01,US,Texas,Crane,75,2,0,31.43052248,-102.5143314,48103.0,1563.4771732332708,2.6666666666666665,73,72,2,0,70,72,4794,3,0,0,3,0
2020-08-01,US,Texas,Crockett,153,3,0,30.72367027,-101.4134238,48105.0,4416.859122401847,1.96078431372549,150,153,2,0,151,150,3499,0,1,0,-1,3
2020-08-01,US,Texas,Crosby,52,1,0,33.61431553,-101.30003640000001,48107.0,906.3970716402299,1.9230769230769231,51,52,1,0,51,51,5779,0,0,0,0,1
2020-08-01,US,Texas,Culberson,15,2,0,31.44506775,-104.5185739,48109.0,690.9258406264395,13.333333333333336,13,15,2,0,13,15,2204,0,0,0,0,0
2020-08-01,US,Texas,Dallam,179,5,0,36.27787176,-102.60207249999999,48111.0,2456.4292575819954,2.793296089385475,174,178,5,0,173,177,7200,1,0,0,1,1
2020-08-01,US,Texas,Dallas,50590,681,0,32.76670599,-96.77796049999999,48113.0,1919.5482023254647,1.3461158331686105,49909,49976,671,0,49305,49269,2637772,614,10,0,604,707
2020-08-01,US,Texas,Dawson,137,4,0,32.74255572,-101.94772420000001,48115.0,1076.3670647391575,2.9197080291970803,133,133,4,0,129,133,12619,4,0,0,4,0
2020-08-01,US,Texas,DeWitt,531,15,0,29.08101855,-97.35681170000001,48123.0,2633.928571428572,2.824858757062147,516,528,14,0,514,522,20187,3,1,0,2,6
2020-08-01,US,Texas,Deaf Smith,597,17,0,34.96522957,-102.6054267,48117.0,3219.0229699126508,2.847571189279732,580,581,17,0,564,565,18760,16,0,0,16,16
2020-08-01,US,Texas,Delta,14,0,0,33.38570922,-95.66921122,48119.0,262.61489401613204,0.0,14,14,0,0,14,13,5349,0,0,0,0,1
2020-08-01,US,Texas,Denton,6803,74,0,33.20521901,-97.11691153,48121.0,766.7883594245762,1.0877554020285167,6729,6681,71,0,6610,6493,859064,122,3,0,119,188
2020-08-01,US,Texas,Dickens,4,1,0,33.61616822,-100.7788855,48125.0,180.91361374943463,25.0,3,4,1,0,3,4,2249,0,0,0,0,0
2020-08-01,US,Texas,Dimmit,124,1,0,28.42270064,-99.75645095,48127.0,1224.8123271434215,0.8064516129032258,123,121,1,0,120,121,10308,3,0,0,3,0
2020-08-01,US,Texas,Donley,43,0,0,34.96517499,-100.8140093,48129.0,1311.7754728492982,0.0,43,43,0,0,43,43,3319,0,0,0,0,0
2020-08-01,US,Texas,Duval,150,3,0,27.68184592,-98.50864568,48131.0,1344.447432105405,2.0,147,150,3,0,147,148,11212,0,0,0,0,2
2020-08-01,US,Texas,Eastland,51,1,0,32.32743996,-98.83243566,48133.0,277.77777777777777,1.96078431372549,50,52,1,0,51,49,18322,-1,0,0,-1,3
2020-08-01,US,Texas,Ector,3287,49,0,31.86898877,-102.54294279999999,48135.0,1977.4640091924705,1.4907210222087008,3238,3287,49,0,3238,3266,162124,0,0,0,0,21
2020-08-01,US,Texas,Edwards,24,0,0,29.98202582,-100.304252,48137.0,1242.2360248447205,0.0,24,24,0,0,24,24,1928,0,0,0,0,0
2020-08-01,US,Texas,El Paso,14410,248,0,31.76980765,-106.23632749999999,48141.0,1717.0337854100985,1.7210270645385148,14162,14276,237,0,14039,13939,840758,134,11,0,123,337
2020-08-01,US,Texas,Ellis,2472,34,0,32.34894117,-96.79371841,48139.0,1337.4741648902213,1.3754045307443366,2438,2452,33,0,2419,2407,179436,20,1,0,19,45
2020-08-01,US,Texas,Erath,462,5,0,32.23602653,-98.21773417,48143.0,1082.0178931097475,1.0822510822510822,457,457,5,0,452,447,42446,5,0,0,5,10
2020-08-01,US,Texas,Falls,110,2,0,31.25350609,-96.93630086,48145.0,635.9484303636468,1.818181818181818,108,109,2,0,107,108,17335,1,0,0,1,1
2020-08-01,US,Texas,Fannin,214,8,0,33.59564294,-96.10751083,48147.0,602.5792645154024,3.7383177570093458,206,214,8,0,206,211,35286,0,0,0,0,3
2020-08-01,US,Texas,Fayette,367,13,0,29.87788372,-96.92076062,48149.0,1447.9602304111102,3.5422343324250685,354,367,13,0,354,365,25349,0,0,0,0,2
2020-08-01,US,Texas,Fisher,24,1,0,32.74281316,-100.40193020000001,48151.0,626.6318537859007,4.166666666666667,23,24,1,0,23,23,3839,0,0,0,0,1
2020-08-01,US,Texas,Floyd,83,5,0,34.07227468,-101.3031546,48153.0,1453.081232492997,6.024096385542169,78,83,5,0,78,82,5837,0,0,0,0,1
2020-08-01,US,Texas,Foard,2,0,0,33.97308618,-99.7767797,48155.0,173.16017316017312,0.0,2,2,0,0,2,2,1200,0,0,0,0,0
2020-08-01,US,Texas,Fort Bend,7082,145,0,29.52704478,-95.77219463,48157.0,872.5027350410503,2.047444224795256,6937,7082,140,0,6942,6960,787858,0,5,0,-5,122
2020-08-01,US,Texas,Franklin,84,1,0,33.17653242,-95.21917243,48159.0,783.2167832167833,1.1904761904761905,83,83,1,0,82,84,10766,1,0,0,1,-1
2020-08-01,US,Texas,Freestone,138,0,0,31.70422788,-96.15072516,48161.0,699.9036364558502,0.0,138,138,0,0,138,137,19808,0,0,0,0,1
2020-08-01,US,Texas,Frio,475,5,0,28.86751206,-99.10804207,48163.0,2339.210085688959,1.0526315789473684,470,458,5,0,453,458,19816,17,0,0,17,0
2020-08-01,US,Texas,Gaines,132,0,0,32.74055318,-102.6353295,48165.0,614.1820212171971,0.0,132,119,0,0,119,114,20901,13,0,0,13,5
2020-08-01,US,Texas,Galveston,8721,97,0,29.40167322,-94.90469073,48167.0,2548.9640175484233,1.112257768604518,8624,8721,95,0,8626,8605,337890,0,2,0,-2,116
2020-08-01,US,Texas,Garza,97,2,0,33.17969345,-101.2984114,48169.0,1557.2323005297799,2.061855670103093,95,96,2,0,94,95,6578,1,0,0,1,1
2020-08-01,US,Texas,Gillespie,171,4,0,30.31824095,-98.94676915,48171.0,633.6149399733215,2.3391812865497075,167,171,2,0,169,171,26804,0,2,0,-2,0
2020-08-01,US,Texas,Glasscock,6,0,0,31.86942909,-101.5207776,48173.0,425.83392476934,0.0,6,6,0,0,6,6,1388,0,0,0,0,0
2020-08-01,US,Texas,Goliad,77,3,0,28.65696592,-97.42760647,48175.0,1005.4844606946983,3.8961038961038965,74,77,3,0,74,77,7584,0,0,0,0,0
2020-08-01,US,Texas,Gonzales,617,7,0,29.45634206,-97.49424032,48177.0,2961.078850122379,1.1345218800648298,610,613,7,0,606,613,20826,4,0,0,4,0
2020-08-01,US,Texas,Gray,183,2,0,35.40081878,-100.8129222,48179.0,836.1509640866307,1.0928961748633879,181,179,2,0,177,167,21895,4,0,0,4,12
2020-08-01,US,Texas,Grayson,1005,11,0,33.62744998,-96.67753461,48181.0,737.8204563474584,1.0945273631840795,994,987,11,0,976,972,133991,18,0,0,18,15
2020-08-01,US,Texas,Gregg,1313,19,0,32.47940482,-94.81591935,48183.0,1059.3408366614224,1.4470677837014472,1294,1285,19,0,1266,1270,123707,28,0,0,28,15
2020-08-01,US,Texas,Grimes,839,20,0,30.54579585,-95.98902499,48185.0,2905.1246537396123,2.3837902264600714,819,838,19,0,819,832,28360,1,1,0,0,6
2020-08-01,US,Texas,Guadalupe,1597,43,0,29.58165339,-97.94786822,48187.0,957.1643481752743,2.6925485284909203,1554,1593,39,0,1554,1593,163694,4,4,0,0,0
2020-08-01,US,Texas,Hale,1185,22,0,34.07044901,-101.82681140000001,48189.0,3547.266958031492,1.8565400843881856,1163,1173,22,0,1151,1162,33830,12,0,0,12,11
2020-08-01,US,Texas,Hall,8,1,0,34.5307555,-100.68138520000001,48191.0,269.9055330634278,12.5,7,8,1,0,7,8,3028,0,0,0,0,0
2020-08-01,US,Texas,Hamilton,55,2,0,31.70470573,-98.11083887,48193.0,650.0413662687625,3.636363636363636,53,55,2,0,53,54,8484,0,0,0,0,1
2020-08-01,US,Texas,Hansford,59,2,0,36.27743284,-101.3545796,48195.0,1092.7949620300055,3.3898305084745757,57,59,2,0,57,59,5463,0,0,0,0,0
2020-08-01,US,Texas,Hardeman,15,0,0,34.28944521,-99.74632408,48197.0,381.38825324180016,0.0,15,15,0,0,15,14,3922,0,0,0,0,1
2020-08-01,US,Texas,Hardin,811,11,0,30.33364686,-94.38931817,48199.0,1407.9372244019305,1.3563501849568431,800,800,10,0,790,800,57207,11,1,0,10,0
2020-08-01,US,Texas,Harris,74881,749,0,29.86,-95.39,48201.0,1588.7086080420936,1.000253735927672,74132,72961,730,0,72231,70847,4698619,1920,19,0,1901,2114
2020-08-01,US,Texas,Harrison,620,22,0,32.54935988,-94.36934071,48203.0,931.5883581506469,3.548387096774193,598,609,22,0,587,604,66726,11,0,0,11,5
2020-08-01,US,Texas,Hartley,82,2,0,35.84008013,-102.6029022,48205.0,1470.588235294117,2.4390243902439024,80,82,2,0,80,82,5619,0,0,0,0,0
2020-08-01,US,Texas,Haskell,35,0,0,33.17823584,-99.73037358,48207.0,618.5931424531636,0.0,35,34,0,0,34,33,5813,1,0,0,1,1
2020-08-01,US,Texas,Hays,4297,32,0,30.05669873,-98.02944344,48209.0,1866.710688080768,0.7447056085641145,4265,4297,31,0,4266,4297,222631,0,1,0,-1,0
2020-08-01,US,Texas,Hemphill,41,0,0,35.83764858,-100.2703577,48211.0,1073.579471065724,0.0,41,41,0,0,41,40,3825,0,0,0,0,1
2020-08-01,US,Texas,Henderson,577,9,0,32.21128872,-95.85846587,48213.0,697.3905266084097,1.5597920277296362,568,570,9,0,561,542,82299,7,0,0,7,28
2020-08-01,US,Texas,Hidalgo,17006,644,0,26.39418217,-98.18299696,48215.0,1957.6220751070264,3.786898741620605,16362,17006,644,0,16362,16375,865939,0,0,0,0,631
2020-08-01,US,Texas,Hill,308,3,0,31.99045053,-97.13423143,48217.0,840.4049223716879,0.9740259740259741,305,306,3,0,303,301,36354,2,0,0,2,5
2020-08-01,US,Texas,Hockley,181,4,0,33.60771256,-102.3431676,48219.0,786.2386516658702,2.209944751381216,177,181,4,0,177,177,22980,0,0,0,0,4
2020-08-01,US,Texas,Hood,437,8,0,32.42990927,-97.83242024,48221.0,708.920720925328,1.8306636155606408,429,425,7,0,418,402,60537,12,1,0,11,23
2020-08-01,US,Texas,Hopkins,169,1,0,33.14875072,-95.56351139,48223.0,455.722144321001,0.591715976331361,168,163,1,0,162,159,36810,6,0,0,6,4
2020-08-01,US,Texas,Houston,248,6,0,31.31925973,-95.42226208,48225.0,1079.763148728666,2.419354838709677,242,241,4,0,237,240,23169,7,2,0,5,1
2020-08-01,US,Texas,Howard,157,3,0,32.30621324,-101.4356444,48227.0,428.21296094261396,1.9108280254777068,154,150,3,0,147,149,36459,7,0,0,7,1
2020-08-01,US,Texas,Hudspeth,22,2,0,31.45628381,-105.388178,48229.0,450.26606631191163,9.090909090909092,20,19,2,0,17,19,4795,3,0,0,3,0
2020-08-01,US,Texas,Hunt,1049,20,0,33.12351514,-96.08551032,48231.0,1063.9592672982128,1.9065776930409917,1029,1022,20,0,1002,1010,96493,27,0,0,27,12
2020-08-01,US,Texas,Hutchinson,114,2,0,35.84006574,-101.3546643,48233.0,544.464609800363,1.7543859649122806,112,111,2,0,109,110,21198,3,0,0,3,1
2020-08-01,US,Texas,Irion,9,0,0,31.30375559,-100.982439,48235.0,585.9375,0.0,9,8,0,0,8,8,1522,1,0,0,1,0
2020-08-01,US,Texas,Jack,40,0,0,33.23377248,-98.17283469,48237.0,447.6776720761052,0.0,40,39,0,0,39,28,8843,1,0,0,1,11
2020-08-01,US,Texas,Jackson,320,4,0,28.95472367,-96.57749563,48239.0,2168.021680216802,1.25,316,319,4,0,315,319,14874,1,0,0,1,0
2020-08-01,US,Texas,Jasper,291,5,0,30.74685667,-94.02667579,48241.0,819.0492273917082,1.718213058419244,286,286,5,0,281,286,35872,5,0,0,5,0
2020-08-01,US,Texas,Jeff Davis,8,0,0,30.71490589,-104.1399973,48243.0,351.8029903254178,0.0,8,8,0,0,8,8,2252,0,0,0,0,0
2020-08-01,US,Texas,Jefferson,5491,67,0,29.8832777,-94.16434171,48245.0,2182.7360721881023,1.2201784738663266,5424,5431,65,0,5366,5369,255001,60,2,0,58,62
2020-08-01,US,Texas,Jim Hogg,53,1,0,27.04453923,-98.69681870000001,48247.0,1019.2307692307692,1.8867924528301887,52,52,1,0,51,50,5248,1,0,0,1,2
2020-08-01,US,Texas,Jim Wells,591,6,0,27.73103938,-98.0904705,48249.0,1459.9081073069513,1.0152284263959392,585,584,5,0,579,573,40822,7,1,0,6,11
2020-08-01,US,Texas,Johnson,1541,24,0,32.37877812,-97.36615819,48251.0,876.4795213204637,1.5574302401038287,1517,1499,23,0,1476,1432,171361,42,1,0,41,67
2020-08-01,US,Texas,Jones,622,0,0,32.73997145,-99.87861576,48253.0,3097.1468406114623,0.0,622,624,0,0,624,621,19817,-2,0,0,-2,3
2020-08-01,US,Texas,Karnes,298,4,0,28.90705334,-97.85960149,48255.0,1910.1339657714248,1.342281879194631,294,266,3,0,263,266,15650,32,1,0,31,0
2020-08-01,US,Texas,Kaufman,1816,19,0,32.599141700000004,-96.28734728,48257.0,1333.7838036341202,1.0462555066079295,1797,1738,19,0,1719,1681,128622,78,0,0,78,57
2020-08-01,US,Texas,Kendall,145,2,0,29.94414155,-98.7113588,48259.0,305.70723788239764,1.3793103448275863,143,145,2,0,143,145,45641,0,0,0,0,0
2020-08-01,US,Texas,Kenedy,6,1,0,26.92601662,-97.66413984,48261.0,1485.148514851485,16.666666666666668,5,5,1,0,4,5,442,1,0,0,1,0
2020-08-01,US,Texas,Kent,2,0,0,33.18104136,-100.7780939,48263.0,262.46719160104993,0.0,2,2,0,0,2,2,726,0,0,0,0,0
2020-08-01,US,Texas,Kerr,348,6,0,30.06040006,-99.34930144,48265.0,661.5969581749049,1.7241379310344829,342,348,6,0,342,348,52405,0,0,0,0,0
2020-08-01,US,Texas,Kimble,13,0,0,30.48678918,-99.74856473,48267.0,299.7463684574591,0.0,13,13,0,0,13,13,4362,0,0,0,0,0
2020-08-01,US,Texas,Kinney,17,0,0,29.34967888,-100.41866379999999,48271.0,463.5942187073902,0.0,17,17,0,0,17,17,3767,0,0,0,0,0
2020-08-01,US,Texas,Kleberg,346,5,0,27.42435506,-97.69894948,48273.0,1127.7705345501954,1.4450867052023122,341,341,4,0,337,328,31129,5,1,0,4,13
2020-08-01,US,Texas,Knox,46,0,0,33.60519951,-99.74229059999999,48275.0,1255.4585152838429,0.0,46,44,0,0,44,44,3653,2,0,0,2,0
2020-08-01,US,Texas,La Salle,357,1,0,28.34453111,-99.09908775,48283.0,4747.340425531916,0.2801120448179272,356,357,1,0,356,357,7531,0,0,0,0,0
2020-08-01,US,Texas,Lamar,620,16,0,33.66981763,-95.57404777,48277.0,1243.5066888625925,2.5806451612903225,604,605,16,0,589,605,49728,15,0,0,15,0
2020-08-01,US,Texas,Lamb,203,7,0,34.06859623,-102.35162890000001,48279.0,1574.4977894981769,3.4482758620689653,196,202,7,0,195,196,13158,1,0,0,1,6
2020-08-01,US,Texas,Lampasas,84,1,0,31.19531316,-98.24206613,48281.0,392.01045361209634,1.1904761904761905,83,83,1,0,82,83,21229,1,0,0,1,0
2020-08-01,US,Texas,Lavaca,593,14,0,29.38508402,-96.93186692,48285.0,2942.3439515728887,2.360876897133221,579,593,14,0,579,593,20110,0,0,0,0,0
2020-08-01,US,Texas,Lee,152,8,0,30.31120597,-96.97045773,48287.0,881.7216775915076,5.2631578947368425,144,151,8,0,143,148,17144,1,0,0,1,3
2020-08-01,US,Texas,Leon,138,1,0,31.29872538,-95.9936328,48289.0,792.9211675476903,0.7246376811594203,137,137,1,0,136,137,17270,1,0,0,1,0
2020-08-01,US,Texas,Liberty,842,25,0,30.15152688,-94.81205615,48291.0,954.4429204593117,2.9691211401425184,817,828,25,0,803,815,86323,14,0,0,14,13
2020-08-01,US,Texas,Limestone,199,3,0,31.5454767,-96.58095444,48293.0,849.0847804753167,1.5075376884422111,196,199,3,0,196,169,23519,0,0,0,0,30
2020-08-01,US,Texas,Lipscomb,15,0,0,36.27783108,-100.27331509999999,48295.0,463.96535725332507,0.0,15,15,0,0,15,15,3355,0,0,0,0,0
2020-08-01,US,Texas,Live Oak,207,1,0,28.35101362,-98.1246786,48297.0,1695.7483411157532,0.4830917874396135,206,207,1,0,206,207,12166,0,0,0,0,0
2020-08-01,US,Texas,Llano,86,1,0,30.70645047,-98.68475262,48299.0,394.5859142005047,1.162790697674419,85,86,1,0,85,85,21646,0,0,0,0,1
2020-08-01,US,Texas,Lubbock,5512,64,0,33.61008596,-101.82047890000001,48303.0,1774.8068867143854,1.161103047895501,5448,5433,63,0,5370,5328,307412,79,1,0,78,105
2020-08-01,US,Texas,Lynn,65,4,0,33.17657705,-101.8162849,48305.0,1092.2534027894471,6.153846153846153,61,63,4,0,59,63,5877,2,0,0,2,0
2020-08-01,US,Texas,Madison,645,2,0,30.96694679,-95.93003775,48313.0,4515.541865023802,0.31007751937984496,643,645,0,0,645,637,14422,0,2,0,-2,8
2020-08-01,US,Texas,Marion,123,7,0,32.79868409,-94.35661230000001,48315.0,1248.2240714430686,5.691056910569106,116,123,7,0,116,122,9928,0,0,0,0,1
2020-08-01,US,Texas,Martin,45,3,0,32.30600051,-101.9513518,48317.0,779.7608733321782,6.666666666666668,42,45,3,0,42,44,5753,0,0,0,0,1
2020-08-01,US,Texas,Mason,40,0,0,30.71780434,-99.22629416,48319.0,935.8914365933553,0.0,40,39,0,0,39,39,4280,1,0,0,1,0
2020-08-01,US,Texas,Matagorda,673,21,0,28.81955746,-96.01230294,48321.0,1836.640013099364,3.1203566121842496,652,654,21,0,633,644,36552,19,0,0,19,10
2020-08-01,US,Texas,Maverick,1989,39,0,28.7429195,-100.3157686,48323.0,3387.1462143659955,1.96078431372549,1950,1989,39,0,1950,1852,58485,0,0,0,0,137
2020-08-01,US,Texas,McCulloch,41,1,0,31.1925468,-99.34682807,48307.0,513.5270541082165,2.4390243902439024,40,38,1,0,37,35,7987,3,0,0,3,3
2020-08-01,US,Texas,McLennan,4326,39,0,31.55255453,-97.20217694,48309.0,1685.741340409862,0.9015256588072122,4287,4263,39,0,4224,4192,254607,63,0,0,63,71
2020-08-01,US,Texas,McMullen,8,0,0,28.35251708,-98.56769164,48311.0,1076.7160161507402,0.0,8,7,0,0,7,7,749,1,0,0,1,0
2020-08-01,US,Texas,Medina,594,24,0,29.355730100000002,-99.11030298,48325.0,1151.5198511166252,4.040404040404041,570,588,23,0,565,582,50921,6,1,0,5,6
2020-08-01,US,Texas,Menard,16,0,0,30.88990665,-99.82047940000001,48327.0,748.3629560336763,0.0,16,16,0,0,16,16,2139,0,0,0,0,0
2020-08-01,US,Texas,Midland,2179,42,0,31.86904128,-102.03156820000001,48329.0,1232.2430329352153,1.92748967416246,2137,2179,42,0,2137,2115,172578,0,0,0,0,64
2020-08-01,US,Texas,Milam,306,3,0,30.78581830000001,-96.97718698,48331.0,1232.727712202393,0.9803921568627452,303,302,3,0,299,297,25131,4,0,0,4,5
2020-08-01,US,Texas,Mills,15,0,0,31.49557106,-98.59272068,48333.0,307.8185922429715,0.0,15,15,0,0,15,14,4921,0,0,0,0,1
2020-08-01,US,Texas,Mitchell,52,0,0,32.30623474,-100.9212058,48335.0,608.5430076067877,0.0,52,49,0,0,49,47,8145,3,0,0,3,2
2020-08-01,US,Texas,Montague,57,1,0,33.67521893,-97.72500958,48337.0,287.6173175900697,1.7543859649122806,56,54,1,0,53,49,19596,3,0,0,3,5
2020-08-01,US,Texas,Montgomery,6196,72,0,30.30079133,-95.50572772,48339.0,1020.1007258915593,1.1620400258231116,6124,6196,71,0,6125,6077,590925,0,1,0,-1,119
2020-08-01,US,Texas,Moore,1013,12,0,35.83769242,-101.8930281,48341.0,4837.631327602674,1.1846001974333662,1001,1008,12,0,996,1008,21485,5,0,0,5,0
2020-08-01,US,Texas,Morris,96,1,0,33.11304005,-94.73255695,48343.0,774.9434937035843,1.0416666666666667,95,91,1,0,90,85,12339,5,0,0,5,6
2020-08-01,US,Texas,Motley,4,0,0,34.07408766,-100.77972199999999,48345.0,333.3333333333333,0.0,4,4,0,0,4,4,1234,0,0,0,0,0
2020-08-01,US,Texas,Nacogdoches,1023,36,0,31.62017125,-94.61803994,48347.0,1568.922152015214,3.5190615835777126,987,1010,35,0,975,957,65711,13,1,0,12,53
2020-08-01,US,Texas,Navarro,767,8,0,32.04620681,-96.47428766,48349.0,1530.5409773910958,1.0430247718383312,759,763,8,0,755,751,49565,4,0,0,4,12
2020-08-01,US,Texas,Newton,86,4,0,30.78548982,-93.74408813,48351.0,632.5855093784479,4.651162790697675,82,83,4,0,79,83,13746,3,0,0,3,0
2020-08-01,US,Texas,Nolan,131,3,0,32.30365282,-100.4060208,48353.0,890.3085496805763,2.2900763358778624,128,129,3,0,126,127,14751,2,0,0,2,2
2020-08-01,US,Texas,Nueces,12301,176,0,27.736286,-97.5433285,48355.0,3395.30878237012,1.4307779855296316,12125,12301,176,0,12125,11390,362265,0,0,0,0,911
2020-08-01,US,Texas,Ochiltree,84,2,0,36.27829105,-100.8158184,48357.0,854.0056933712891,2.380952380952381,82,82,2,0,80,78,9947,2,0,0,2,4
2020-08-01,US,Texas,Oldham,13,1,0,35.40425596,-102.6027606,48359.0,615.530303030303,7.6923076923076925,12,13,1,0,12,13,2131,0,0,0,0,0
2020-08-01,US,Texas,Orange,1021,16,0,30.11879481,-93.89412775,48361.0,1224.279341934865,1.5670910871694417,1005,999,15,0,984,999,83572,22,1,0,21,0
2020-08-01,US,Texas,Palo Pinto,194,6,0,32.75310985,-98.31319001,48363.0,664.6339374421873,3.0927835051546397,188,192,6,0,186,166,28875,2,0,0,2,26
2020-08-01,US,Texas,Panola,269,17,0,32.163959600000005,-94.30552481,48365.0,1159.7827024230405,6.319702602230484,252,269,17,0,252,267,23148,0,0,0,0,2
2020-08-01,US,Texas,Parker,1070,12,0,32.77757172,-97.80500621,48367.0,748.8906619633533,1.1214953271028036,1058,1057,12,0,1045,1026,138371,13,0,0,13,31
2020-08-01,US,Texas,Parmer,311,7,0,34.52993409,-102.78446679999999,48369.0,3237.8969286829774,2.2508038585209005,304,312,7,0,305,305,9864,-1,0,0,-1,7
2020-08-01,US,Texas,Pecos,209,1,0,30.78097267,-102.72412609999999,48371.0,1320.8620362763068,0.4784688995215311,208,208,1,0,207,208,15673,1,0,0,1,0
2020-08-01,US,Texas,Polk,659,9,0,30.79472531,-94.82766240000001,48373.0,1283.274589605281,1.3657056145675266,650,656,9,0,647,656,50031,3,0,0,3,0
2020-08-01,US,Texas,Potter,3505,39,0,35.40133773,-101.893964,48375.0,2985.1381850700513,1.1126961483594864,3466,3481,39,0,3442,3454,119648,24,0,0,24,27
2020-08-01,US,Texas,Presidio,44,0,0,29.99954402,-104.24080790000001,48377.0,656.3245823389021,0.0,44,41,0,0,41,42,6948,3,0,0,3,-1
2020-08-01,US,Texas,Rains,45,1,0,32.87109387,-95.79232691,48379.0,359.59725107879166,2.2222222222222223,44,45,1,0,44,42,12159,0,0,0,0,3
2020-08-01,US,Texas,Randall,1586,17,0,34.96585996,-101.8971322,48381.0,1151.670503147851,1.0718789407313998,1569,1558,17,0,1541,1528,136271,28,0,0,28,30
2020-08-01,US,Texas,Reagan,58,3,0,31.36607041,-101.52326590000001,48383.0,1506.8849051701739,5.172413793103448,55,55,3,0,52,55,3741,3,0,0,3,0
2020-08-01,US,Texas,Real,76,0,0,29.83321503,-99.82018052,48385.0,2201.62224797219,0.0,76,76,0,0,76,76,3478,0,0,0,0,0
2020-08-01,US,Texas,Red River,134,11,0,33.61886692,-95.04841765,48387.0,1114.5304832404559,8.208955223880597,123,134,11,0,123,133,12175,0,0,0,0,1
2020-08-01,US,Texas,Reeves,135,3,0,31.32323325,-103.69038959999999,48389.0,845.0175262894342,2.2222222222222223,132,129,3,0,126,128,15695,6,0,0,6,1
2020-08-01,US,Texas,Refugio,195,0,0,28.323897600000002,-97.15766311,48391.0,2806.563039723661,0.0,195,183,0,0,183,182,7032,12,0,0,12,1
2020-08-01,US,Texas,Roberts,7,0,0,35.83809685,-100.813175,48393.0,819.672131147541,0.0,7,6,0,0,6,6,903,1,0,0,1,0
2020-08-01,US,Texas,Robertson,214,1,0,31.02539637,-96.51272246,48395.0,1253.3676935691694,0.4672897196261682,213,212,1,0,211,204,17284,2,0,0,2,8
2020-08-01,US,Texas,Rockwall,720,17,0,32.89779518,-96.40771592,48397.0,686.2698374874899,2.3611111111111107,703,725,17,0,708,718,100657,-5,0,0,-5,7
2020-08-01,US,Texas,Runnels,107,1,0,31.8314342,-99.97616148,48399.0,1042.4785658612627,0.9345794392523364,106,105,1,0,104,101,10234,2,0,0,2,4
2020-08-01,US,Texas,Rusk,332,2,0,32.10773545,-94.76176432,48401.0,610.2268132191302,0.6024096385542169,330,323,2,0,321,328,54450,9,0,0,9,-5
2020-08-01,US,Texas,Sabine,44,6,0,31.34318809,-93.85440451,48403.0,417.37810662113446,13.636363636363635,38,39,6,0,33,39,10589,5,0,0,5,0
2020-08-01,US,Texas,San Augustine,155,11,0,31.39457611,-94.17000399,48405.0,1881.7530654364448,7.096774193548387,144,153,11,0,142,153,8232,2,0,0,2,0
2020-08-01,US,Texas,San Jacinto,145,8,0,30.57933681,-95.16260304,48407.0,502.442912089816,5.517241379310344,137,143,7,0,136,143,28719,2,1,0,1,0
2020-08-01,US,Texas,San Patricio,797,16,0,28.00880118,-97.51763891,48409.0,1194.365352914731,2.0075282308657467,781,768,15,0,753,694,66893,29,1,0,28,74
2020-08-01,US,Texas,San Saba,22,0,0,31.1577796,-98.81758731,48411.0,363.3360858794385,0.0,22,21,0,0,21,21,6054,1,0,0,1,0
2020-08-01,US,Texas,Schleicher,35,1,0,30.89740592,-100.5384842,48413.0,1253.1328320802004,2.8571428571428568,34,34,1,0,33,34,2895,1,0,0,1,0
2020-08-01,US,Texas,Scurry,433,1,0,32.74613808,-100.91626640000001,48415.0,2592.348679877867,0.2309468822170901,432,433,1,0,432,415,16866,0,0,0,0,18
2020-08-01,US,Texas,Shackelford,17,0,0,32.73587756,-99.35401337,48417.0,520.6738131699847,0.0,17,17,0,0,17,17,3253,0,0,0,0,0
2020-08-01,US,Texas,Shelby,379,16,0,31.79211404,-94.14550696,48419.0,1499.5647701194903,4.221635883905013,363,376,16,0,360,371,25418,3,0,0,3,5
2020-08-01,US,Texas,Sherman,37,0,0,36.27751473,-101.8933156,48421.0,1224.3547319655854,0.0,37,37,0,0,37,37,3079,0,0,0,0,0
2020-08-01,US,Texas,Smith,2309,17,0,32.37474036,-95.27175679999999,48423.0,992.0472951781088,0.7362494586401039,2292,2292,15,0,2277,2251,230221,17,2,0,15,41
2020-08-01,US,Texas,Somervell,58,0,0,32.22236802,-97.77403489,48425.0,635.407537248028,0.0,58,56,0,0,56,51,9016,2,0,0,2,5
2020-08-01,US,Texas,Starr,1806,50,0,26.56150059,-98.73892358,48427.0,2794.2382374328904,2.768549280177187,1756,1792,49,0,1743,1784,64525,14,1,0,13,8
2020-08-01,US,Texas,Stephens,29,2,0,32.73553157,-98.83631615,48429.0,309.6305786888746,6.896551724137932,27,29,2,0,27,28,9433,0,0,0,0,1
2020-08-01,US,Texas,Sterling,1,0,0,31.82781912,-101.05007459999999,48431.0,77.45933384972889,0.0,1,1,0,0,1,1,1311,0,0,0,0,0
2020-08-01,US,Texas,Stonewall,4,0,0,33.17906744,-100.25384009999999,48433.0,296.2962962962963,0.0,4,4,0,0,4,4,1362,0,0,0,0,0
2020-08-01,US,Texas,Sutton,58,1,0,30.49856623,-100.5382014,48435.0,1536.0169491525423,1.7241379310344829,57,58,1,0,57,59,3758,0,0,0,0,-1
2020-08-01,US,Texas,Swisher,75,2,0,34.53028891,-101.73491740000001,48437.0,1013.9245640124376,2.6666666666666665,73,75,2,0,73,74,7462,0,0,0,0,1
2020-08-01,US,Texas,Tarrant,28410,378,0,32.77143818,-97.29101614,48439.0,1351.2388734444226,1.33051742344245,28032,27823,365,0,27458,27151,2084931,587,13,0,574,672
2020-08-01,US,Texas,Taylor,1082,19,0,32.30163422,-99.89007449,48441.0,783.8648448932872,1.7560073937153418,1063,1077,19,0,1058,1068,137640,5,0,0,5,9
2020-08-01,US,Texas,Terrell,2,0,0,30.22429013,-102.0766732,48443.0,257.73195876288656,0.0,2,2,0,0,2,2,823,0,0,0,0,0
2020-08-01,US,Texas,Terry,116,1,0,33.17402785,-102.3354521,48445.0,940.2610034854505,0.8620689655172413,115,110,1,0,109,105,12287,6,0,0,6,5
2020-08-01,US,Texas,Throckmorton,4,0,0,33.17751417,-99.21226795,48447.0,266.4890073284477,0.0,4,3,0,0,3,2,1515,1,0,0,1,1
2020-08-01,US,Texas,Titus,1289,14,0,33.21339719,-94.96797273,48449.0,3935.877862595421,1.0861132660977502,1275,1289,14,0,1275,1276,33033,0,0,0,0,13
2020-08-01,US,Texas,Tom Green,2343,24,0,31.40464436,-100.46244300000001,48451.0,1965.604026845637,1.0243277848911652,2319,2310,24,0,2286,2175,118189,33,0,0,33,135
2020-08-01,US,Texas,Travis,20745,234,0,30.33432034,-97.78535620000001,48453.0,1628.3947458071484,1.1279826464208242,20511,20465,229,0,20236,20187,1248743,280,5,0,275,278
2020-08-01,US,Texas,Trinity,135,2,0,31.0879489,-95.1367187,48455.0,921.4388096375676,1.4814814814814814,133,129,2,0,127,129,14740,6,0,0,6,0
2020-08-01,US,Texas,Tyler,115,1,0,30.77031716,-94.37690895,48457.0,530.6386120339608,0.8695652173913043,114,112,1,0,111,112,21696,3,0,0,3,0
2020-08-01,US,Texas,Unassigned,0,137,0,0.0,0.0,90048.0,0.0,0.0,-137,0,55,0,-55,0,,0,82,0,-82,0
2020-08-01,US,Texas,Upshur,191,2,0,32.73706798,-94.93999853,48459.0,457.45215912629027,1.0471204188481675,189,188,2,0,186,180,41260,3,0,0,3,8
2020-08-01,US,Texas,Upton,16,1,0,31.36868194,-102.0423217,48461.0,437.5170905113481,6.25,15,15,1,0,14,15,3671,1,0,0,1,0
2020-08-01,US,Texas,Uvalde,482,7,0,29.35739637,-99.76229172,48463.0,1802.4755992670432,1.4522821576763485,475,471,7,0,464,456,26846,11,0,0,11,15
2020-08-01,US,Texas,Val Verde,1507,49,0,29.89149232,-101.1525205,48465.0,3073.941866394697,3.2514930325149303,1458,1396,22,0,1374,1396,49208,111,27,0,84,0
2020-08-01,US,Texas,Van Zandt,332,3,0,32.56483801,-95.83766469,48467.0,586.6760911821876,0.9036144578313252,329,328,3,0,325,321,56019,4,0,0,4,7
2020-08-01,US,Texas,Victoria,3203,28,0,28.79780988,-96.96813006,48469.0,3478.3458581295345,0.8741804558226662,3175,3203,28,0,3175,3120,92035,0,0,0,0,83
2020-08-01,US,Texas,Walker,2814,38,0,30.73872995,-95.57440968,48471.0,3856.326485864248,1.3503909026297083,2776,2792,38,0,2754,2772,72480,22,0,0,22,20
2020-08-01,US,Texas,Waller,399,3,0,30.01058447,-95.99011759,48473.0,722.2242334286645,0.7518796992481203,396,393,2,0,391,391,53126,6,1,0,5,2
2020-08-01,US,Texas,Ward,83,1,0,31.50999644,-103.09279090000001,48475.0,691.7819636606102,1.2048192771084338,82,83,1,0,82,82,11720,0,0,0,0,1
2020-08-01,US,Texas,Washington,477,38,0,30.21498498,-96.40946246,48477.0,1329.3573379410288,7.966457023060798,439,465,38,0,427,452,35108,12,0,0,12,13
2020-08-01,US,Texas,Webb,6131,77,0,27.7610369,-99.33237355,48479.0,2216.1415785897084,1.2559125754363072,6054,5878,72,0,5806,5676,275910,253,5,0,248,202
2020-08-01,US,Texas,Wharton,624,21,0,29.27765923,-96.22319248,48481.0,1501.5882183078256,3.3653846153846154,603,610,20,0,590,591,41619,14,1,0,13,19
2020-08-01,US,Texas,Wheeler,31,0,0,35.40114335,-100.26995140000001,48483.0,613.132911392405,0.0,31,31,0,0,31,31,5191,0,0,0,0,0
2020-08-01,US,Texas,Wichita,902,10,0,33.98842886,-98.70410340000001,48485.0,682.1447477879452,1.1086474501108647,892,902,10,0,892,886,132064,0,0,0,0,16
2020-08-01,US,Texas,Wilbarger,50,1,0,34.07945812,-99.24178437,48487.0,391.57334168689795,2.0,49,49,1,0,48,43,12820,1,0,0,1,6
2020-08-01,US,Texas,Willacy,586,18,0,26.47411727,-97.61535848,48489.0,2743.702593875831,3.0716723549488054,568,580,18,0,562,577,21515,6,0,0,6,3
2020-08-01,US,Texas,Williamson,5715,79,0,30.64655664,-97.60048540000001,48491.0,967.7402967736908,1.3823272090988628,5636,5715,79,0,5636,5616,566719,0,0,0,0,99
2020-08-01,US,Texas,Wilson,414,16,0,29.1732598,-98.08693082,48493.0,810.6520462110827,3.864734299516908,398,414,16,0,398,414,50224,0,0,0,0,0
2020-08-01,US,Texas,Winkler,68,1,0,31.85008651,-103.04851629999999,48495.0,848.9388264669162,1.4705882352941178,67,66,1,0,65,66,7720,2,0,0,2,0
2020-08-01,US,Texas,Wise,311,5,0,33.21570665,-97.65460265,48497.0,444.3872885230909,1.6077170418006432,306,309,5,0,304,303,68305,2,0,0,2,6
2020-08-01,US,Texas,Wood,291,5,0,32.78722382,-95.38236368,48499.0,639.0127143766881,1.718213058419244,286,284,5,0,279,276,45129,7,0,0,7,8
2020-08-01,US,Texas,Yoakum,85,1,0,33.17320212,-102.82764329999999,48501.0,975.5537702283943,1.1764705882352942,84,77,1,0,76,78,8591,8,0,0,8,-1
2020-08-01,US,Texas,Young,139,4,0,33.17659707,-98.68790885,48503.0,771.7934480843976,2.8776978417266186,135,133,3,0,130,116,18045,6,1,0,5,17
2020-08-01,US,Texas,Zapata,156,2,0,27.00156391,-99.16987152,48505.0,1100.2186331899288,1.2820512820512822,154,156,2,0,154,153,14190,0,0,0,0,3
2020-08-01,US,Texas,Zavala,175,5,0,28.86617238,-99.76050829,48507.0,1478.0405405405404,2.8571428571428568,170,170,5,0,165,170,11983,5,0,0,5,0
2020-08-01,US,Utah,Bear River,2169,6,0,41.52106798,-113.0832816,0.0,1161.0230277596374,0.2766251728907331,2163,2152,6,0,2146,2141,,17,0,0,17,11
2020-08-01,US,Utah,Central Utah,376,2,0,39.37231946,-111.5758676,0.0,458.7939575859629,0.5319148936170213,374,369,2,0,367,363,,7,0,0,7,6
2020-08-01,US,Utah,Davis,2953,13,0,40.99001837,-112.1139997,49011.0,830.7054385466452,0.4402302742973248,2940,2909,13,0,2896,2859,351713,44,0,0,44,50
2020-08-01,US,Utah,Salt Lake,19237,176,0,40.66616532,-111.9216011,49035.0,1657.737559212607,0.9149035712429172,19061,19036,173,0,18863,18817,1152633,201,3,0,198,219
2020-08-01,US,Utah,San Juan,622,24,0,37.62762978,-109.80337140000002,49037.0,4063.2349098510576,3.858520900321544,598,613,23,0,590,606,15449,9,1,0,8,7
2020-08-01,US,Utah,Southeast Utah,87,0,0,38.99617072,-110.7013958,0.0,216.26190061895645,0.0,87,83,0,0,83,82,,4,0,0,4,1
2020-08-01,US,Utah,Southwest Utah,2940,24,0,37.85447192,-111.4418764,0.0,1166.4722546242292,0.8163265306122449,2916,2901,24,0,2877,2855,,39,0,0,39,46
2020-08-01,US,Utah,Summit,689,1,0,40.86688146,-110.9535882,49043.0,1634.8321271799741,0.14513788098693758,688,687,1,0,686,683,41933,2,0,0,2,4
2020-08-01,US,Utah,Tooele,532,0,0,40.44862644,-113.1295715,49045.0,736.2404683153654,0.0,532,527,0,0,527,524,69907,5,0,0,5,3
2020-08-01,US,Utah,TriCounty,162,0,0,40.12491499,-109.5174415,0.0,286.10787326480875,0.0,162,153,0,0,153,151,,9,0,0,9,2
2020-08-01,US,Utah,Utah,7808,35,0,40.1166722,-111.6657662,49049.0,1227.2195022279504,0.44825819672131145,7773,7688,33,0,7655,7584,622213,120,2,0,118,104
2020-08-01,US,Utah,Wasatch,525,4,0,40.33110236,-111.1691419,49051.0,1539.9958933442845,0.7619047619047619,521,525,4,0,521,523,33240,0,0,0,0,2
2020-08-01,US,Utah,Weber-Morgan,2602,25,0,41.27116049,-111.9145117,0.0,955.4338925669299,0.9607993850883936,2577,2553,25,0,2528,2508,,49,0,0,49,45
2020-08-01,US,Vermont,Addison,72,2,0,44.03217337,-73.14130877,50001.0,195.77453299616607,2.7777777777777777,70,71,2,0,69,71,36973,1,0,0,1,0
2020-08-01,US,Vermont,Bennington,84,1,0,43.03519828,-73.09048868,50003.0,236.8198477586693,1.1904761904761905,83,83,1,0,82,83,35631,1,0,0,1,0
2020-08-01,US,Vermont,Caledonia,26,0,0,44.46548598,-72.10314651,50005.0,86.68689360850867,0.0,26,26,0,0,26,26,30302,0,0,0,0,0
2020-08-01,US,Vermont,Chittenden,717,39,0,44.46322849,-73.08359212,50007.0,437.79842954315086,5.439330543933054,678,715,39,0,676,715,164572,2,0,0,2,0
2020-08-01,US,Vermont,Essex,4,0,0,44.72736416,-71.73579864,50009.0,64.9034561090378,0.0,4,4,0,0,4,4,6250,0,0,0,0,0
2020-08-01,US,Vermont,Franklin,117,6,0,44.85627605,-72.91249563,50011.0,236.8325169021497,5.128205128205129,111,117,6,0,111,115,49421,0,0,0,0,2
2020-08-01,US,Vermont,Grand Isle,13,0,0,44.797582399999996,-73.29679772,50013.0,179.68210089841045,0.0,13,13,0,0,13,13,7090,0,0,0,0,0
2020-08-01,US,Vermont,Lamoille,42,1,0,44.60353043,-72.64356694,50015.0,165.60208185474332,2.380952380952381,41,42,1,0,41,42,25300,0,0,0,0,0
2020-08-01,US,Vermont,Orange,16,0,0,44.00470222,-72.37640104,50017.0,55.37865152983525,0.0,16,15,0,0,15,15,28999,1,0,0,1,0
2020-08-01,US,Vermont,Orleans,14,0,0,44.82964024,-72.24562697,50019.0,51.78089285053815,0.0,14,14,0,0,14,14,26907,0,0,0,0,0
2020-08-01,US,Vermont,Rutland,89,1,0,43.57723578,-73.03741676,50021.0,152.94461342819338,1.1235955056179776,88,89,1,0,88,84,58672,0,0,0,0,5
2020-08-01,US,Vermont,Unassigned,8,0,0,0.0,0.0,90050.0,0.0,0.0,8,7,0,0,7,7,,1,0,0,1,0
2020-08-01,US,Vermont,Washington,47,2,0,44.27343241,-72.61604978,50023.0,80.4670513105857,4.25531914893617,45,47,2,0,45,47,58140,0,0,0,0,0
2020-08-01,US,Vermont,Windham,101,3,0,42.986982,-72.71268875,50025.0,239.211785325186,2.9702970297029703,98,101,3,0,98,101,42756,0,0,0,0,0
2020-08-01,US,Vermont,Windsor,71,2,0,43.58010937,-72.58595157,50027.0,128.94555228651342,2.8169014084507036,69,70,2,0,68,70,55286,1,0,0,1,0
2020-08-01,US,Virginia,Accomack,1077,15,0,37.76707161,-75.63234615,51001.0,3332.7144448570366,1.3927576601671308,1062,1074,15,0,1059,1074,32412,3,0,0,3,0
2020-08-01,US,Virginia,Albemarle,741,12,0,38.02080697,-78.55481085,51003.0,677.7645659928656,1.6194331983805668,729,735,11,0,724,733,108718,6,1,0,5,2
2020-08-01,US,Virginia,Alexandria,2811,59,0,38.814003,-77.08183073,51510.0,1763.1783626464612,2.098897189612237,2752,2798,58,0,2740,2779,160530,13,1,0,12,19
2020-08-01,US,Virginia,Alleghany,56,3,0,37.78636074,-80.00222498,51005.0,376.8506056527591,5.357142857142857,53,56,3,0,53,56,14910,0,0,0,0,0
2020-08-01,US,Virginia,Amelia,73,1,0,37.34081025,-77.98584649,51007.0,555.3442373526055,1.3698630136986298,72,72,1,0,71,72,13013,1,0,0,1,0
2020-08-01,US,Virginia,Amherst,108,0,0,37.60308293,-79.14548696,51009.0,341.71808258187,0.0,108,105,0,0,105,101,31666,3,0,0,3,4
2020-08-01,US,Virginia,Appomattox,68,0,0,37.37569884,-78.81340003,51011.0,427.3772861542329,0.0,68,68,0,0,68,67,15841,0,0,0,0,1
2020-08-01,US,Virginia,Arlington,2906,136,0,38.8767675,-77.10139853,51013.0,1226.9783231014771,4.679972470750172,2770,2897,136,0,2761,2874,237521,9,0,0,9,23
2020-08-01,US,Virginia,Augusta,251,4,0,38.16404586,-79.12461614,51015.0,332.1951348632838,1.593625498007968,247,249,4,0,245,246,75457,2,0,0,2,3
2020-08-01,US,Virginia,Bath,4,0,0,38.05852573,-79.73912095,51017.0,96.45526886906195,0.0,4,4,0,0,4,4,4292,0,0,0,0,0
2020-08-01,US,Virginia,Bedford,293,6,0,37.3080028,-79.5281964,51019.0,370.9001607655987,2.04778156996587,287,286,6,0,280,261,78747,7,0,0,7,25
2020-08-01,US,Virginia,Bland,7,0,0,37.13128068,-81.13599391,51021.0,111.46496815286623,0.0,7,7,0,0,7,7,6293,0,0,0,0,0
2020-08-01,US,Virginia,Botetourt,185,7,0,37.55531756,-79.80982182,51023.0,553.5773063227506,3.783783783783784,178,185,5,0,180,183,33277,0,2,0,-2,2
2020-08-01,US,Virginia,Bristol,59,0,0,36.616302399999995,-82.16359122,51520.0,351.98663643956564,0.0,59,57,0,0,57,50,16482,2,0,0,2,7
2020-08-01,US,Virginia,Brunswick,204,1,0,36.76366949,-77.8593436,51025.0,1256.8541679502189,0.4901960784313725,203,197,1,0,196,197,16384,7,0,0,7,0
2020-08-01,US,Virginia,Buchanan,71,0,0,37.26818323,-82.03749726,51027.0,338.03085126642543,0.0,71,71,0,0,71,69,21221,0,0,0,0,2
2020-08-01,US,Virginia,Buckingham,594,6,0,37.57242268,-78.52518834,51029.0,3463.9608117564726,1.0101010101010102,588,593,6,0,587,592,16999,1,0,0,1,1
2020-08-01,US,Virginia,Buena Vista,47,0,0,37.73484642,-79.35296097,51530.0,725.532571781414,0.0,47,47,0,0,47,47,6237,0,0,0,0,0
2020-08-01,US,Virginia,Campbell,149,2,0,37.20553386,-79.09678609,51031.0,271.4767240593969,1.342281879194631,147,144,2,0,142,132,54973,5,0,0,5,12
2020-08-01,US,Virginia,Caroline,190,4,0,38.02679129,-77.34901405,51033.0,618.3889340927583,2.1052631578947367,186,183,4,0,179,179,30772,7,0,0,7,4
2020-08-01,US,Virginia,Carroll,308,14,0,36.73066666,-80.73455942,51035.0,1033.8692893826994,4.545454545454546,294,307,14,0,293,305,29636,1,0,0,1,2
2020-08-01,US,Virginia,Charles City,50,5,0,37.35358063,-77.05634116,51036.0,718.0812868016658,10.0,45,49,3,0,46,47,6941,1,2,0,-1,2
2020-08-01,US,Virginia,Charlotte,49,0,0,37.01909701,-78.66314092,51037.0,412.4579124579125,0.0,49,50,0,0,50,49,11938,-1,0,0,-1,1
2020-08-01,US,Virginia,Charlottesville,471,13,0,38.03527919,-78.48569588,51540.0,996.4879617484027,2.760084925690021,458,466,11,0,455,451,48117,5,2,0,3,15
2020-08-01,US,Virginia,Chesapeake,2462,29,0,36.67670048,-76.30545744,51550.0,1005.5751832867032,1.1779041429731925,2433,2450,28,0,2422,2391,242634,12,1,0,11,59
2020-08-01,US,Virginia,Chesterfield,3968,75,0,37.37373208,-77.58680140000001,51041.0,1124.7101773799468,1.8901209677419355,3893,3937,72,0,3865,3877,348556,31,3,0,28,60
2020-08-01,US,Virginia,Clarke,69,0,0,39.11271747,-77.99199425,51043.0,471.9885081058896,0.0,69,69,0,0,69,66,14523,0,0,0,0,3
2020-08-01,US,Virginia,Colonial Heights,181,21,0,37.26420587,-77.39609676,51570.0,1042.0264824409905,11.602209944751381,160,178,21,0,157,177,17833,3,0,0,3,1
2020-08-01,US,Virginia,Covington,12,0,0,37.7824656,-79.98631446,51580.0,216.68472372697724,0.0,12,12,0,0,12,11,5460,0,0,0,0,1
2020-08-01,US,Virginia,Craig,16,0,0,37.48133648,-80.21072274,51045.0,311.8300526213214,0.0,16,15,0,0,15,15,5064,1,0,0,1,0
2020-08-01,US,Virginia,Culpeper,946,12,0,38.48199985,-77.95630870000002,51047.0,1798.3081456135349,1.2684989429175475,934,942,12,0,930,938,51859,4,0,0,4,4
2020-08-01,US,Virginia,Cumberland,65,0,0,37.51328851,-78.24398086,51049.0,654.4502617801047,0.0,65,65,0,0,65,64,9809,0,0,0,0,1
2020-08-01,US,Virginia,Danville,314,7,0,36.58022376,-79.40395668,51590.0,784.137448806313,2.2292993630573252,307,300,5,0,295,291,40693,14,2,0,12,9
2020-08-01,US,Virginia,Dickenson,23,0,0,37.12560977,-82.35124171,51051.0,160.6369604693393,0.0,23,22,0,0,22,21,14523,1,0,0,1,1
2020-08-01,US,Virginia,Dinwiddie,198,6,0,37.07544585,-77.63451754,51053.0,693.6659192825113,3.0303030303030303,192,197,4,0,193,196,28529,1,2,0,-1,1
2020-08-01,US,Virginia,Emporia,165,15,0,36.69455571,-77.53406129,51595.0,3086.41975308642,9.090909090909092,150,163,15,0,148,163,5121,2,0,0,2,0
2020-08-01,US,Virginia,Essex,76,1,0,37.93357639,-76.94230311,51057.0,693.8738245229617,1.3157894736842106,75,75,1,0,74,74,10919,1,0,0,1,1
2020-08-01,US,Virginia,Fairfax,15689,522,0,38.83677558,-77.27565836,51059.0,1367.1949888979132,3.3271719038817005,15167,15616,520,0,15096,15606,1150795,73,2,0,71,10
2020-08-01,US,Virginia,Fairfax,15689,522,0,38.83677558,-77.27565836,51059.0,1367.1949888979132,3.3271719038817005,15167,15616,520,0,15096,15606,24574,73,2,0,71,10
2020-08-01,US,Virginia,Fairfax City,80,7,0,38.85157547,-77.29779640000002,51600.0,333.06965319122367,8.75,73,79,7,0,72,81,24574,1,0,0,1,-2
2020-08-01,US,Virginia,Falls Church,59,6,0,38.88485255,-77.17560759,51610.0,403.639597728672,10.169491525423727,53,60,6,0,54,61,14772,-1,0,0,-1,-1
2020-08-01,US,Virginia,Fauquier,572,8,0,38.73564842,-77.80647472,51061.0,803.1226306478336,1.3986013986013983,564,571,8,0,563,571,70675,1,0,0,1,0
2020-08-01,US,Virginia,Floyd,33,1,0,36.9302126,-80.36738849,51063.0,209.5371134675217,3.0303030303030303,32,32,1,0,31,31,15795,1,0,0,1,1
2020-08-01,US,Virginia,Fluvanna,173,8,0,37.84157909,-78.27715475,51065.0,634.3967730106344,4.624277456647398,165,173,8,0,165,170,26783,0,0,0,0,3
2020-08-01,US,Virginia,Franklin,156,1,0,36.99536167,-79.88023649,51067.0,278.36265657899435,0.6410256410256411,155,151,1,0,150,150,56195,5,0,0,5,1
2020-08-01,US,Virginia,Franklin,156,1,0,36.99536167,-79.88023649,51067.0,278.36265657899435,0.6410256410256411,155,151,1,0,150,150,8013,5,0,0,5,1
2020-08-01,US,Virginia,Franklin City,120,6,0,36.6831435,-76.93859681,51620.0,1506.213129157776,5.0,114,119,6,0,113,117,8013,1,0,0,1,2
2020-08-01,US,Virginia,Frederick,661,9,0,39.20172582,-78.25974949,51069.0,740.093827326369,1.361573373676248,652,651,7,0,644,649,88355,10,2,0,8,2
2020-08-01,US,Virginia,Fredericksburg,356,2,0,38.2977863,-77.4922454,51630.0,1226.0641961702713,0.5617977528089888,354,348,2,0,346,345,29144,8,0,0,8,3
2020-08-01,US,Virginia,Galax,331,21,0,36.66601852,-80.91703124,51640.0,5215.062234126359,6.3444108761329305,310,331,19,0,312,329,6423,0,2,0,-2,2
2020-08-01,US,Virginia,Giles,23,0,0,37.31234791,-80.70636931,51071.0,137.55980861244018,0.0,23,23,0,0,23,21,16844,0,0,0,0,2
2020-08-01,US,Virginia,Gloucester,143,2,0,37.40809042,-76.53524337,51073.0,382.88529506265394,1.3986013986013983,141,141,2,0,139,140,37349,2,0,0,2,1
2020-08-01,US,Virginia,Goochland,151,7,0,37.71714806,-77.90381514,51075.0,635.7091735780742,4.635761589403972,144,150,7,0,143,149,23244,1,0,0,1,1
2020-08-01,US,Virginia,Grayson,129,4,0,36.65677234,-81.23215889,51077.0,829.5819935691318,3.1007751937984502,125,128,4,0,124,124,15631,1,0,0,1,4
2020-08-01,US,Virginia,Greene,137,2,0,38.29545894,-78.46525378,51079.0,691.2558655835312,1.45985401459854,135,134,2,0,132,134,19779,3,0,0,3,0
2020-08-01,US,Virginia,Greensville,420,9,0,36.67878901,-77.56351439,51081.0,3705.0105857445305,2.142857142857143,411,417,9,0,408,415,11627,3,0,0,3,2
2020-08-01,US,Virginia,Halifax,135,1,0,36.76654925,-78.93512622,51083.0,398.1009112087523,0.7407407407407407,134,130,1,0,129,130,34120,5,0,0,5,0
2020-08-01,US,Virginia,Hampton,1009,5,0,37.03513786,-76.35879121,51650.0,750.1301018511632,0.4955401387512389,1004,1007,5,0,1002,973,134313,2,0,0,2,34
2020-08-01,US,Virginia,Hanover,588,31,0,37.7583355,-77.49464673,51085.0,545.6266354880017,5.272108843537415,557,584,31,0,553,583,107239,4,0,0,4,1
2020-08-01,US,Virginia,Harrisonburg,1045,29,0,38.43542574,-78.87536254,51660.0,1971.103063226196,2.7751196172248798,1016,1039,29,0,1010,1037,54033,6,0,0,6,2
2020-08-01,US,Virginia,Henrico,3601,182,0,37.53460572,-77.39326555,51087.0,1088.5139260862468,5.054151624548736,3419,3541,180,0,3361,3509,329261,60,2,0,58,32
2020-08-01,US,Virginia,Henry,502,6,0,36.68542395,-79.87634026,51089.0,992.9386632909392,1.195219123505976,496,477,5,0,472,467,50953,25,1,0,24,10
2020-08-01,US,Virginia,Highland,3,0,0,38.35799465,-79.56124594,51091.0,136.98630136986299,0.0,3,3,0,0,3,3,2210,0,0,0,0,0
2020-08-01,US,Virginia,Hopewell,253,5,0,37.29186313,-77.29754684,51670.0,1122.9970260553066,1.9762845849802368,248,254,5,0,249,253,22596,-1,0,0,-1,1
2020-08-01,US,Virginia,Isle of Wight,331,9,0,36.90579348,-76.70842863,51093.0,891.9669082971786,2.7190332326283992,322,325,9,0,316,323,36953,6,0,0,6,2
2020-08-01,US,Virginia,James City,541,16,0,37.31156958,-76.76950618,51095.0,706.9769873110048,2.957486136783734,525,538,16,0,522,531,76397,3,0,0,3,7
2020-08-01,US,Virginia,King George,124,4,0,38.26818502,-77.15852768,51099.0,462.0658816515129,3.2258064516129035,120,122,4,0,118,121,26575,2,0,0,2,1
2020-08-01,US,Virginia,King William,77,2,0,37.70965316,-77.09384941,51101.0,449.03195707954285,2.5974025974025974,75,77,2,0,75,76,16939,0,0,0,0,1
2020-08-01,US,Virginia,King and Queen,35,1,0,37.71044922,-76.88689628,51097.0,498.220640569395,2.8571428571428568,34,35,1,0,34,35,7042,0,0,0,0,0
2020-08-01,US,Virginia,Lancaster,31,0,0,37.71889653,-76.46400482,51103.0,292.37008393850795,0.0,31,29,0,0,29,29,10783,2,0,0,2,0
2020-08-01,US,Virginia,Lee,95,1,0,36.70586667,-83.12606515,51105.0,405.5842547922982,1.0526315789473684,94,91,1,0,90,86,23541,4,0,0,4,5
2020-08-01,US,Virginia,Lexington,29,0,0,37.78258621,-79.44262866,51678.0,389.47085683588506,0.0,29,28,0,0,28,28,7136,1,0,0,1,0
2020-08-01,US,Virginia,Loudoun,5014,112,0,39.08990083,-77.63481877,51107.0,1212.4641508156446,2.2337455125648185,4902,4995,110,0,4885,4985,406850,19,2,0,17,10
2020-08-01,US,Virginia,Louisa,166,2,0,37.97850256,-77.96274807,51109.0,441.5950626479743,1.2048192771084338,164,165,2,0,163,165,36778,1,0,0,1,0
2020-08-01,US,Virginia,Lunenburg,55,1,0,36.94618528,-78.24133319,51111.0,450.96753033781573,1.818181818181818,54,55,1,0,54,54,12086,0,0,0,0,1
2020-08-01,US,Virginia,Lynchburg,440,2,0,37.40021399,-79.19888138,51680.0,535.488267938857,0.4545454545454545,438,429,2,0,427,396,82126,11,0,0,11,33
2020-08-01,US,Virginia,Madison,61,1,0,38.41531222,-78.28220331,51113.0,459.99547545433984,1.639344262295082,60,60,1,0,59,58,13295,1,0,0,1,2
2020-08-01,US,Virginia,Manassas,1607,20,0,38.7464321,-77.48509905,51683.0,3911.4031885116224,1.2445550715619167,1587,1604,20,0,1584,1596,41641,3,0,0,3,8
2020-08-01,US,Virginia,Manassas Park,498,7,0,38.77058531,-77.44399307,51685.0,2849.2962581531074,1.4056224899598393,491,497,7,0,490,495,17307,1,0,0,1,2
2020-08-01,US,Virginia,Martinsville,168,3,0,36.68212094,-79.86352771,51690.0,1338.2188943762947,1.7857142857142858,165,159,3,0,156,159,12902,9,0,0,9,0
2020-08-01,US,Virginia,Mathews,13,0,0,37.44164146,-76.34098896,51115.0,147.15870500339597,0.0,13,12,0,0,12,12,8802,1,0,0,1,0
2020-08-01,US,Virginia,Mecklenburg,305,32,0,36.67882005,-78.36131056,51117.0,997.1556543629648,10.491803278688524,273,303,32,0,271,303,30650,2,0,0,2,0
2020-08-01,US,Virginia,Middlesex,27,1,0,37.63191998,-76.55064617,51119.0,255.1502551502552,3.703703703703704,26,26,1,0,25,26,10769,1,0,0,1,0
2020-08-01,US,Virginia,Montgomery,275,3,0,37.17746986,-80.37868691,51121.0,279.0886487035064,1.0909090909090908,272,273,3,0,270,264,98985,2,0,0,2,9
2020-08-01,US,Virginia,Nelson,32,0,0,37.78790447,-78.88498513,51125.0,214.3335565974548,0.0,32,32,0,0,32,32,14836,0,0,0,0,0
2020-08-01,US,Virginia,New Kent,116,1,0,37.50694406,-76.99828634,51127.0,502.36022692824037,0.8620689655172413,115,115,1,0,114,113,22391,1,0,0,1,2
2020-08-01,US,Virginia,Newport News,1589,16,0,37.08166899,-76.51754109,51700.0,886.5950620728134,1.0069225928256764,1573,1573,16,0,1557,1544,178626,16,0,0,16,29
2020-08-01,US,Virginia,Norfolk,3185,26,0,36.89934014,-76.26420872,51710.0,1312.092674526864,0.8163265306122449,3159,3180,24,0,3156,3080,244076,5,2,0,3,100
2020-08-01,US,Virginia,Northampton,292,28,0,37.34062933,-75.87751591,51131.0,2493.5952177625963,9.58904109589041,264,292,28,0,264,292,11735,0,0,0,0,0
2020-08-01,US,Virginia,Northumberland,65,2,0,37.89202088,-76.41949732,51133.0,537.4121537825548,3.0769230769230766,63,63,2,0,61,62,12147,2,0,0,2,1
2020-08-01,US,Virginia,Norton,13,0,0,36.93357076,-82.62750411,51720.0,326.55111780959555,0.0,13,11,0,0,11,10,3968,2,0,0,2,1
2020-08-01,US,Virginia,Nottoway,174,9,0,37.1435975,-78.05065922,51135.0,1142.3319327731092,5.172413793103448,165,172,9,0,163,169,15420,2,0,0,2,3
2020-08-01,US,Virginia,Orange,210,3,0,38.24530219,-78.01560400000002,51137.0,566.7863215567731,1.4285714285714286,207,207,3,0,204,205,36644,3,0,0,3,2
2020-08-01,US,Virginia,Page,331,24,0,38.61807452,-78.48797204,51139.0,1384.8213538616017,7.250755287009063,307,330,24,0,306,331,23933,1,0,0,1,-1
2020-08-01,US,Virginia,Patrick,111,3,0,36.680163799999995,-80.2865648,51141.0,630.3952748750568,2.702702702702702,108,108,3,0,105,106,17673,3,0,0,3,2
2020-08-01,US,Virginia,Petersburg,454,13,0,37.20530399,-77.39368102,51730.0,1448.3506667517386,2.8634361233480177,441,442,11,0,431,426,31567,12,2,0,10,16
2020-08-01,US,Virginia,Pittsylvania,329,2,0,36.81980341,-79.39731264,51143.0,545.1171421943865,0.6079027355623101,327,316,2,0,314,309,60949,13,0,0,13,7
2020-08-01,US,Virginia,Poquoson,36,0,0,37.14259351,-76.35798148,51735.0,293.3746230951022,0.0,36,36,0,0,36,35,12190,0,0,0,0,1
2020-08-01,US,Virginia,Portsmouth,1492,24,0,36.85914825,-76.35971629,51740.0,1580.5419606347587,1.6085790884718498,1468,1462,22,0,1440,1417,94632,30,2,0,28,45
2020-08-01,US,Virginia,Powhatan,122,4,0,37.55016038,-77.91267882,51145.0,411.4393632807231,3.278688524590164,118,122,4,0,118,120,29189,0,0,0,0,2
2020-08-01,US,Virginia,Prince Edward,341,10,0,37.22554789,-78.43597949,51147.0,1495.4828523813699,2.9325513196480935,331,323,9,0,314,300,22950,18,1,0,17,23
2020-08-01,US,Virginia,Prince George,332,2,0,37.18497668,-77.22922187,51149.0,865.6428441060672,0.6024096385542169,330,329,2,0,327,328,38082,3,0,0,3,1
2020-08-01,US,Virginia,Prince William,8893,172,0,38.70916224,-77.48713689,51153.0,1890.7799759745712,1.9341054762172496,8721,8838,170,0,8668,8784,468011,55,2,0,53,54
2020-08-01,US,Virginia,Pulaski,74,3,0,37.06474963,-80.71229738,51155.0,217.47435859758426,4.0540540540540535,71,74,3,0,71,74,34066,0,0,0,0,0
2020-08-01,US,Virginia,Radford,26,0,0,37.12222899,-80.56027320000003,51750.0,142.4735601950792,0.0,26,27,0,0,27,25,18339,-1,0,0,-1,2
2020-08-01,US,Virginia,Rappahannock,40,2,0,38.68295619,-78.15826963,51157.0,542.7408412483039,5.0,38,40,2,0,38,40,7252,0,0,0,0,0
2020-08-01,US,Virginia,Richmond,318,4,0,37.937575,-76.72920628,51159.0,3524.326720602904,1.2578616352201255,314,316,4,0,312,317,9038,2,0,0,2,-1
2020-08-01,US,Virginia,Richmond City,2936,39,0,37.53255773,-77.47966921,51760.0,1274.1064764186149,1.3283378746594006,2897,2893,39,0,2854,2857,228783,43,0,0,43,36
2020-08-01,US,Virginia,Roanoke,437,7,0,37.26865804,-80.06396753,51161.0,463.9755377656977,1.6018306636155606,430,430,7,0,423,425,94073,7,0,0,7,5
2020-08-01,US,Virginia,Roanoke City,861,11,0,37.27791025,-79.96189766,51770.0,868.4425526764371,1.2775842044134726,850,814,11,0,803,805,99920,47,0,0,47,9
2020-08-01,US,Virginia,Rockbridge,66,0,0,37.81204314,-79.44605905,51163.0,292.3847073937892,0.0,66,66,0,0,66,65,22752,0,0,0,0,1
2020-08-01,US,Virginia,Rockingham,898,17,0,38.51006137,-78.87260325,51165.0,1095.8168594718602,1.8930957683741647,881,890,17,0,873,883,81244,8,0,0,8,7
2020-08-01,US,Virginia,Russell,60,1,0,36.93028320000001,-82.10095486,51167.0,225.68269013766644,1.6666666666666667,59,60,1,0,59,60,26748,0,0,0,0,0
2020-08-01,US,Virginia,Salem,131,3,0,37.2836193,-80.06219455,51775.0,517.7660962017311,2.2900763358778624,128,131,3,0,128,129,25643,0,0,0,0,2
2020-08-01,US,Virginia,Scott,53,3,0,36.71466456,-82.60171704,51169.0,245.7572104238152,5.660377358490566,50,51,3,0,48,47,21534,2,0,0,2,4
2020-08-01,US,Virginia,Shenandoah,675,42,0,38.85905135,-78.56813762,51171.0,1547.5972120322815,6.222222222222222,633,667,42,0,625,665,43497,8,0,0,8,2
2020-08-01,US,Virginia,Smyth,112,3,0,36.84455636,-81.53344948,51173.0,372.04358224820623,2.6785714285714284,109,107,3,0,104,102,30472,5,0,0,5,5
2020-08-01,US,Virginia,Southampton,236,13,0,36.72231125,-77.10642712,51175.0,1338.5514151210934,5.508474576271187,223,234,12,0,222,229,17586,2,1,0,1,5
2020-08-01,US,Virginia,Spotsylvania,1318,35,0,38.18574462,-77.655399,51177.0,967.5880042579744,2.6555386949924134,1283,1305,33,0,1272,1291,134238,13,2,0,11,14
2020-08-01,US,Virginia,Stafford,1258,7,0,38.41758738,-77.45917053,51179.0,822.8568438403474,0.5564387917329093,1251,1243,7,0,1236,1237,149960,15,0,0,15,6
2020-08-01,US,Virginia,Staunton,141,0,0,38.15965544,-79.05979937,51790.0,565.538264078293,0.0,141,140,0,0,140,140,24922,1,0,0,1,0
2020-08-01,US,Virginia,Suffolk,1059,49,0,36.70155394,-76.63603554,51800.0,1149.7372649498416,4.627006610009444,1010,1034,49,0,985,1001,91185,25,0,0,25,33
2020-08-01,US,Virginia,Surry,37,2,0,37.11781893,-76.88450012,51181.0,576.1445032700092,5.405405405405406,35,35,2,0,33,35,6474,2,0,0,2,0
2020-08-01,US,Virginia,Sussex,277,9,0,36.92432914,-77.25791182,51183.0,2482.301281476835,3.249097472924188,268,276,9,0,267,276,11237,1,0,0,1,0
2020-08-01,US,Virginia,Tazewell,92,0,0,37.12191123,-81.56685568,51185.0,226.628895184136,0.0,92,87,0,0,87,81,40855,5,0,0,5,6
2020-08-01,US,Virginia,Virginia Beach,4178,46,0,36.73285734,-76.04566934,51810.0,928.4980910008136,1.1010052656773577,4132,4055,45,0,4010,3979,450189,123,1,0,122,76
2020-08-01,US,Virginia,Warren,348,7,0,38.90847745,-78.20280433,51187.0,866.4475649835672,2.0114942528735638,341,348,7,0,341,345,40003,0,0,0,0,3
2020-08-01,US,Virginia,Washington,172,4,0,36.72341572,-81.95666289,51191.0,320.05954596203946,2.3255813953488373,168,170,4,0,166,164,54402,2,0,0,2,6
2020-08-01,US,Virginia,Waynesboro,166,3,0,38.06451466,-78.90293905,51820.0,733.5395492708792,1.8072289156626504,163,166,2,0,164,165,22628,0,1,0,-1,1
2020-08-01,US,Virginia,Westmoreland,193,2,0,38.11021557,-76.80213247,51193.0,1071.3294476824867,1.0362694300518134,191,193,2,0,191,193,17830,0,0,0,0,0
2020-08-01,US,Virginia,Williamsburg,109,6,0,37.28131268,-76.70905141,51830.0,728.901966029156,5.504587155963303,103,107,6,0,101,106,14896,2,0,0,2,1
2020-08-01,US,Virginia,Winchester,391,4,0,39.17054517,-78.17325058,51840.0,1392.5493268751334,1.0230179028132993,387,391,4,0,387,390,28108,0,0,0,0,1
2020-08-01,US,Virginia,Wise,84,3,0,36.9746148,-82.62410519,51195.0,224.7010673300698,3.571428571428572,81,79,3,0,76,75,38012,5,0,0,5,4
2020-08-01,US,Virginia,Wythe,102,3,0,36.91582035,-81.07834059,51197.0,355.5989401757077,2.9411764705882355,99,100,3,0,97,98,28754,2,0,0,2,2
2020-08-01,US,Virginia,York,308,3,0,37.24374789,-76.54412815,51199.0,451.0837727006444,0.9740259740259741,305,301,3,0,298,293,67846,7,0,0,7,8
2020-08-01,US,Washington,Adams,386,4,0,46.98299757,-118.56017340000001,53001.0,1931.6418956112693,1.0362694300518134,382,374,3,0,371,374,19759,12,1,0,11,0
2020-08-01,US,Washington,Asotin,24,2,0,46.18894415,-117.2022851,53003.0,106.27933752546276,8.333333333333334,22,24,2,0,22,24,22610,0,0,0,0,0
2020-08-01,US,Washington,Benton,3485,109,0,46.23946995,-119.51208340000001,53005.0,1705.0736337394198,3.1276901004304163,3376,3434,107,0,3327,3434,201877,51,2,0,49,0
2020-08-01,US,Washington,Chelan,1106,10,0,47.87046092,-120.6173956,53007.0,1432.6424870466321,0.9041591320072332,1096,1019,9,0,1010,1019,77036,87,1,0,86,0
2020-08-01,US,Washington,Clallam,91,0,0,48.04754642,-123.92263190000001,53009.0,117.67596436099363,0.0,91,91,0,0,91,91,76737,0,0,0,0,0
2020-08-01,US,Washington,Clark,1513,42,0,45.77568046,-122.48292040000001,53011.0,309.8879446830561,2.7759418374091207,1471,1411,39,0,1372,1411,481857,102,3,0,99,0
2020-08-01,US,Washington,Columbia,13,0,0,46.29442881,-117.9051983,53013.0,326.2233375156838,0.0,13,13,0,0,13,13,4059,0,0,0,0,0
2020-08-01,US,Washington,Cowlitz,441,5,0,46.19074721,-122.6782231,53015.0,398.7594151528578,1.1337868480725624,436,426,5,0,421,426,108987,15,0,0,15,0
2020-08-01,US,Washington,Douglas,788,7,0,47.7361335,-119.69293700000001,53017.0,1814.4557783969242,0.8883248730964467,781,726,7,0,719,726,42907,62,0,0,62,0
2020-08-01,US,Washington,Ferry,13,0,0,48.471143100000006,-118.5154041,53019.0,170.44709584371313,0.0,13,12,0,0,12,12,7649,1,0,0,1,0
2020-08-01,US,Washington,Franklin,3281,47,0,46.53351425,-118.9018212,53021.0,3445.632311860704,1.4324900944833892,3234,3210,46,0,3164,3210,94347,71,1,0,70,0
2020-08-01,US,Washington,Garfield,2,0,0,46.43197502,-117.54540320000001,53023.0,89.88764044943821,0.0,2,2,0,0,2,2,2247,0,0,0,0,0
2020-08-01,US,Washington,Grant,1231,13,0,47.20753737,-119.4500749,53025.0,1259.5540912486058,1.0560519902518275,1218,1186,12,0,1174,1186,97331,45,1,0,44,0
2020-08-01,US,Washington,Grays Harbor,96,1,0,47.14003705,-123.7820567,53027.0,127.8959779379438,1.0416666666666667,95,92,2,0,90,92,73901,4,-1,0,5,0
2020-08-01,US,Washington,Island,237,11,0,48.14713305,-122.5216407,53029.0,278.36177634747065,4.641350210970463,226,234,11,0,223,234,84460,3,0,0,3,0
2020-08-01,US,Washington,Jefferson,51,0,0,47.75003077,-123.56097040000002,53031.0,158.2818658638776,0.0,51,51,0,0,51,51,31729,0,0,0,0,0
2020-08-01,US,Washington,King,15390,655,0,47.49137892,-121.8346131,53033.0,683.1553164043391,4.2560103963612725,14735,15025,649,0,14376,15025,2233163,365,6,0,359,0
2020-08-01,US,Washington,Kitsap,633,4,0,47.63479026,-122.6436061,53035.0,233.1723596821783,0.631911532385466,629,598,3,0,595,598,269805,35,1,0,34,0
2020-08-01,US,Washington,Kittitas,347,17,0,47.12521214,-120.67943899999999,53037.0,723.8969437780327,4.899135446685879,330,326,17,0,309,326,47364,21,0,0,21,0
2020-08-01,US,Washington,Klickitat,103,3,0,45.87325839,-120.7913598,53039.0,459.3088071348941,2.9126213592233015,100,100,3,0,97,100,22107,3,0,0,3,0
2020-08-01,US,Washington,Lewis,176,3,0,46.57756476,-122.39257690000001,53041.0,218.07278179092273,1.7045454545454546,173,166,3,0,163,166,79604,10,0,0,10,0
2020-08-01,US,Washington,Lincoln,13,0,0,47.57705241,-118.41943880000001,53043.0,118.8408446841576,0.0,13,10,0,0,10,10,10740,3,0,0,3,0
2020-08-01,US,Washington,Mason,149,1,0,47.35007586,-123.1863685,53045.0,223.1607955907021,0.6711409395973155,148,145,1,0,144,145,65507,4,0,0,4,0
2020-08-01,US,Washington,Okanogan,735,2,0,48.54855019,-119.73872240000001,53047.0,1739.933243377601,0.272108843537415,733,689,2,0,687,689,42132,46,0,0,46,0
2020-08-01,US,Washington,Pacific,40,2,0,46.55418369,-123.7285716,53049.0,178.00720929197632,5.0,38,33,2,0,31,33,22036,7,0,0,7,0
2020-08-01,US,Washington,Pend Oreille,35,0,0,48.53234021,-117.2741804,53051.0,255.0276887204897,0.0,35,36,0,0,36,36,13602,-1,0,0,-1,0
2020-08-01,US,Washington,Pierce,5064,127,0,47.03892768,-122.14059579999999,53053.0,559.570377245906,2.507898894154818,4937,4836,125,0,4711,4836,891299,228,2,0,226,0
2020-08-01,US,Washington,San Juan,28,0,0,48.60182783,-122.96745,53055.0,159.2537822773291,0.0,28,28,0,0,28,28,17128,0,0,0,0,0
2020-08-01,US,Washington,Skagit,805,21,0,48.48171488,-121.766131,53057.0,623.0409039897838,2.608695652173913,784,783,20,0,763,783,128206,22,1,0,21,0
2020-08-01,US,Washington,Skamania,52,1,0,46.02408726,-121.91644029999999,53059.0,430.35669949515847,1.9230769230769231,51,47,1,0,46,47,11924,5,0,0,5,0
2020-08-01,US,Washington,Snohomish,5087,189,0,48.04615983,-121.7170703,53061.0,618.7939660593881,3.715352860231964,4898,4949,186,0,4763,4949,814901,138,3,0,135,0
2020-08-01,US,Washington,Spokane,3806,60,0,47.62113146,-117.4046494,53063.0,728.0058454699521,1.5764582238570677,3746,3613,57,0,3556,3613,514631,193,3,0,190,0
2020-08-01,US,Washington,Stevens,89,1,0,48.40035475,-117.8542701,53065.0,194.65039476849725,1.1235955056179776,88,82,1,0,81,82,45260,7,0,0,7,0
2020-08-01,US,Washington,Thurston,636,8,0,46.9291895,-122.82906559999999,53067.0,218.90574662004016,1.2578616352201255,628,603,7,0,596,603,286419,33,1,0,32,0
2020-08-01,US,Washington,Unassigned,218,2,0,0.0,0.0,90053.0,0.0,0.9174311926605504,216,186,0,0,186,186,,32,2,0,30,0
2020-08-01,US,Washington,Wahkiakum,5,0,0,46.29180039999999,-123.4250831,53069.0,111.40819964349377,0.0,5,5,0,0,5,5,4426,0,0,0,0,0
2020-08-01,US,Washington,Walla Walla,413,3,0,46.23040051,-118.4775539,53071.0,679.7235023041475,0.7263922518159807,410,395,3,0,392,395,60922,18,0,0,18,0
2020-08-01,US,Washington,Whatcom,910,38,0,48.82227976,-121.74900179999999,53073.0,396.9517594559581,4.175824175824176,872,894,37,0,857,894,225685,16,1,0,15,0
2020-08-01,US,Washington,Whitman,88,0,0,46.90022523,-117.52417630000001,53075.0,175.63467986587898,0.0,88,84,0,0,84,84,49791,4,0,0,4,0
2020-08-01,US,Washington,Yakima,9961,204,0,46.45738486,-120.73801259999999,53077.0,3970.5348921565887,2.0479871498845497,9757,9865,204,0,9661,9865,251446,96,0,0,96,0
2020-08-01,US,West Virginia,Barbour,29,1,0,39.1307219,-80.00350858,54001.0,176.38829754881093,3.4482758620689653,28,29,1,0,28,29,16535,0,0,0,0,0
2020-08-01,US,West Virginia,Berkeley,651,11,0,39.46704621,-78.02414609,54003.0,546.2738417903685,1.6897081413210446,640,642,11,0,631,634,117123,9,0,0,9,8
2020-08-01,US,West Virginia,Boone,76,0,0,38.01974191,-81.69888019,54005.0,354.19676562427185,0.0,76,75,0,0,75,70,21951,1,0,0,1,5
2020-08-01,US,West Virginia,Braxton,8,0,0,38.70036159,-80.72011184,54007.0,57.31890807480117,0.0,8,8,0,0,8,8,14089,0,0,0,0,0
2020-08-01,US,West Virginia,Brooke,61,1,0,40.27367263,-80.57915332,54009.0,278.0436665299239,1.639344262295082,60,60,1,0,59,54,22203,1,0,0,1,6
2020-08-01,US,West Virginia,Cabell,325,2,0,38.42424062,-82.23855912,54011.0,353.4721844581,0.6153846153846154,323,312,2,0,310,306,93224,13,0,0,13,6
2020-08-01,US,West Virginia,Calhoun,6,0,0,38.84315422,-81.11934872,54013.0,84.40005626670418,0.0,6,6,0,0,6,6,7254,0,0,0,0,0
2020-08-01,US,West Virginia,Clay,17,1,0,38.46231092,-81.07652217,54015.0,199.8119417019276,5.882352941176472,16,17,1,0,16,17,8632,0,0,0,0,0
2020-08-01,US,West Virginia,Doddridge,4,0,0,39.27057157,-80.70671527,54017.0,47.34848484848485,0.0,4,4,0,0,4,4,8406,0,0,0,0,0
2020-08-01,US,West Virginia,Fayette,129,5,0,38.02974928,-81.08286634,54019.0,304.2022355327076,3.875968992248062,124,125,5,0,120,124,43018,4,0,0,4,1
2020-08-01,US,West Virginia,Gilmer,16,0,0,38.9251277,-80.85952723,54021.0,204.525118241084,0.0,16,16,0,0,16,14,8026,0,0,0,0,2
2020-08-01,US,West Virginia,Grant,73,0,0,39.10314817,-79.19440518,54023.0,631.0511756569848,0.0,73,67,0,0,67,66,11626,6,0,0,6,1
2020-08-01,US,West Virginia,Greenbrier,85,3,0,37.9463652,-80.45335881,54025.0,245.22531879291444,3.5294117647058822,82,85,3,0,82,83,34786,0,0,0,0,2
2020-08-01,US,West Virginia,Hampshire,74,1,0,39.32103553,-78.60826476,54027.0,319.30960086299893,1.351351351351351,73,71,1,0,70,70,23347,3,0,0,3,1
2020-08-01,US,West Virginia,Hancock,100,0,0,40.51943859,-80.57461608,54029.0,347.10170079833387,0.0,100,96,0,0,96,92,29094,4,0,0,4,4
2020-08-01,US,West Virginia,Hardy,54,0,0,39.00683177,-78.85855301,54031.0,391.98606271777015,0.0,54,54,0,0,54,54,13775,0,0,0,0,0
2020-08-01,US,West Virginia,Harrison,187,1,0,39.2853852,-80.37919577,54033.0,278.04210776733674,0.5347593582887701,186,179,1,0,178,176,67554,8,0,0,8,3
2020-08-01,US,West Virginia,Jackson,157,19,0,38.84263974,-81.68148753,54035.0,549.4120940649498,12.101910828025478,138,157,19,0,138,157,28706,0,0,0,0,0
2020-08-01,US,West Virginia,Jefferson,287,4,0,39.30776166,-77.86014147,54037.0,502.2223777692227,1.3937282229965158,283,287,4,0,283,285,56811,0,0,0,0,2
2020-08-01,US,West Virginia,Kanawha,808,20,0,38.33860077,-81.52857054,54039.0,453.6165817071254,2.4752475247524752,788,789,20,0,769,747,180454,19,0,0,19,42
2020-08-01,US,West Virginia,Lewis,26,2,0,38.9947249,-80.49988181,54041.0,163.45005343559436,7.6923076923076925,24,26,2,0,24,25,16024,0,0,0,0,1
2020-08-01,US,West Virginia,Lincoln,62,0,0,38.172154,-82.07017953,54043.0,303.7875447106668,0.0,62,59,0,0,59,55,20599,3,0,0,3,4
2020-08-01,US,West Virginia,Logan,137,3,0,37.8299889,-81.93528571,54045.0,427.8709516224741,2.18978102189781,134,131,3,0,128,108,32607,6,0,0,6,23
2020-08-01,US,West Virginia,Marion,172,2,0,39.50984542,-80.24244659,54049.0,306.74846625766867,1.162790697674419,170,170,2,0,168,169,56097,2,0,0,2,1
2020-08-01,US,West Virginia,Marshall,124,0,0,39.86064362,-80.66591062,54051.0,406.1445743670368,0.0,124,122,0,0,122,118,30785,2,0,0,2,4
2020-08-01,US,West Virginia,Mason,46,1,0,38.77071799,-82.02524219,54053.0,173.4801629205008,2.1739130434782608,45,45,1,0,44,45,26718,1,0,0,1,0
2020-08-01,US,West Virginia,McDowell,32,0,0,37.38002939,-81.65083669,54047.0,181.5705855651385,0.0,32,26,0,0,26,20,18223,6,0,0,6,6
2020-08-01,US,West Virginia,Mercer,139,3,0,37.40481169,-81.11023142,54055.0,236.5635317743967,2.1582733812949644,136,136,3,0,133,126,59131,3,0,0,3,10
2020-08-01,US,West Virginia,Mineral,109,4,0,39.41561583,-78.94104895,54057.0,405.68706267679016,3.669724770642202,105,107,4,0,103,104,26940,2,0,0,2,3
2020-08-01,US,West Virginia,Mingo,125,2,0,37.73048351,-82.13338365,54059.0,533.6407103825137,1.6,123,117,2,0,115,112,23785,8,0,0,8,5
2020-08-01,US,West Virginia,Monongalia,909,5,0,39.63218457,-80.04766838,54061.0,860.6976479945461,0.5500550055005501,904,885,5,0,880,867,106420,24,0,0,24,18
2020-08-01,US,West Virginia,Monroe,19,0,0,37.56274716,-80.54577965,54063.0,143.1261770244821,0.0,19,19,0,0,19,19,13280,0,0,0,0,0
2020-08-01,US,West Virginia,Morgan,26,0,0,39.55439028,-78.26311676,54065.0,145.38134645493182,0.0,26,26,0,0,26,25,17787,0,0,0,0,1
2020-08-01,US,West Virginia,Nicholas,32,1,0,38.29617706,-80.79759588,54067.0,130.63357282821684,3.125,31,32,1,0,31,29,24842,0,0,0,0,3
2020-08-01,US,West Virginia,Ohio,249,4,0,40.0955451,-80.62203992,54069.0,601.2895124483832,1.606425702811245,245,246,4,0,242,243,41755,3,0,0,3,3
2020-08-01,US,West Virginia,Pendleton,37,1,0,38.68314479,-79.35084086,54071.0,530.9226574831397,2.702702702702702,36,37,1,0,36,35,6997,0,0,0,0,2
2020-08-01,US,West Virginia,Pleasants,8,0,0,39.37091679,-81.16771771,54073.0,107.23860589812332,0.0,8,7,0,0,7,7,7507,1,0,0,1,0
2020-08-01,US,West Virginia,Pocahontas,41,0,0,38.32758728,-80.00993811,54075.0,497.1504789620468,0.0,41,41,0,0,41,41,8414,0,0,0,0,0
2020-08-01,US,West Virginia,Preston,123,3,0,39.46770987,-79.66712803,54077.0,367.9109834888729,2.4390243902439024,120,123,3,0,120,120,33839,0,0,0,0,3
2020-08-01,US,West Virginia,Putnam,163,0,0,38.50782345,-81.9082131,54079.0,288.7511071744907,0.0,163,158,0,0,158,150,56682,5,0,0,5,8
2020-08-01,US,West Virginia,Raleigh,182,1,0,37.76936795,-81.2456041,54081.0,248.08822126197845,0.5494505494505495,181,164,1,0,163,154,74254,18,0,0,18,10
2020-08-01,US,West Virginia,Randolph,207,0,0,38.769899,-79.87919615,54083.0,721.3800313643492,0.0,207,207,0,0,207,206,28823,0,0,0,0,1
2020-08-01,US,West Virginia,Ritchie,3,0,0,39.18094587,-81.06356878,54085.0,31.400460540087924,0.0,3,3,0,0,3,3,9721,0,0,0,0,0
2020-08-01,US,West Virginia,Roane,14,1,0,38.71622686,-81.35243568,54087.0,102.27936879018118,7.142857142857142,13,14,1,0,13,14,13932,0,0,0,0,0
2020-08-01,US,West Virginia,Summers,7,0,0,37.65390597,-80.86009693,54089.0,55.67485882446513,0.0,7,7,0,0,7,5,12760,0,0,0,0,2
2020-08-01,US,West Virginia,Taylor,52,0,0,39.33602617,-80.0421439,54091.0,311.47050014974536,0.0,52,52,0,0,52,45,16862,0,0,0,0,7
2020-08-01,US,West Virginia,Tucker,10,0,0,39.11240885,-79.57053576,54093.0,146.22020763269484,0.0,10,9,0,0,9,9,6955,1,0,0,1,0
2020-08-01,US,West Virginia,Tyler,12,0,0,39.46811972,-80.88772676,54095.0,139.68106157606798,0.0,12,12,0,0,12,11,8746,0,0,0,0,1
2020-08-01,US,West Virginia,Upshur,38,0,0,38.89285061,-80.23689136,54097.0,157.180675049636,0.0,38,38,0,0,38,38,24415,0,0,0,0,0
2020-08-01,US,West Virginia,Wayne,182,9,0,38.14901357,-82.42287994,54099.0,461.9054870311152,4.945054945054945,173,179,9,0,170,178,39944,3,0,0,3,1
2020-08-01,US,West Virginia,Webster,3,0,0,38.49370949,-80.4202023,54101.0,36.973132856790734,0.0,3,3,0,0,3,3,8285,0,0,0,0,0
2020-08-01,US,West Virginia,Wetzel,41,0,0,39.6065771,-80.64016540000001,54103.0,272.15399933620984,0.0,41,41,0,0,41,41,15270,0,0,0,0,0
2020-08-01,US,West Virginia,Wirt,6,0,0,39.02775007,-81.37473928,54105.0,103.07507301151009,0.0,6,6,0,0,6,6,5830,0,0,0,0,0
2020-08-01,US,West Virginia,Wood,234,4,0,39.20967886,-81.5162836,54107.0,280.1791230632917,1.709401709401709,230,231,4,0,227,230,84203,3,0,0,3,1
2020-08-01,US,West Virginia,Wyoming,21,1,0,37.612327,-81.54511071,54109.0,102.97146219476316,4.761904761904762,20,21,1,0,20,18,20786,0,0,0,0,3
2020-08-01,US,Wisconsin,Adams,69,2,0,43.96974651,-89.76782777,55001.0,341.24629080118694,2.898550724637681,67,69,2,0,67,66,20348,0,0,0,0,3
2020-08-01,US,Wisconsin,Ashland,19,0,0,46.31956891,-90.67837132,55003.0,122.09227605706208,0.0,19,15,0,0,15,15,15600,4,0,0,4,0
2020-08-01,US,Wisconsin,Barron,253,3,0,45.42372701,-91.84833627,55005.0,559.1901688621697,1.1857707509881423,250,228,3,0,225,207,45164,25,0,0,25,21
2020-08-01,US,Wisconsin,Bayfield,19,1,0,46.52868768,-91.19716729,55007.0,126.36339451981907,5.2631578947368425,18,18,1,0,17,18,15042,1,0,0,1,0
2020-08-01,US,Wisconsin,Brown,3962,51,0,44.452655299999996,-88.00411844,55009.0,1497.682787610285,1.287228672387683,3911,3919,51,0,3868,3896,263378,43,0,0,43,23
2020-08-01,US,Wisconsin,Buffalo,41,2,0,44.37835084,-91.75332578,55011.0,314.6343335123936,4.878048780487805,39,41,2,0,39,41,13125,0,0,0,0,0
2020-08-01,US,Wisconsin,Burnett,14,1,0,45.86303537,-92.36711412,55013.0,90.82652134423252,7.142857142857142,13,13,1,0,12,13,15392,1,0,0,1,0
2020-08-01,US,Wisconsin,Calumet,246,2,0,44.0816316,-88.21780273,55015.0,491.12579608297233,0.8130081300813008,244,236,2,0,234,230,50159,10,0,0,10,6
2020-08-01,US,Wisconsin,Chippewa,209,0,0,45.06939744,-91.28068855,55017.0,323.23919700578426,0.0,209,208,0,0,208,203,64135,1,0,0,1,5
2020-08-01,US,Wisconsin,Clark,173,7,0,44.73483377,-90.61207486,55019.0,497.49813078736986,4.0462427745664735,166,168,7,0,161,167,34709,5,0,0,5,1
2020-08-01,US,Wisconsin,Columbia,219,1,0,43.46492199,-89.33589004,55021.0,380.6577209205312,0.45662100456620996,218,213,1,0,212,210,57358,6,0,0,6,3
2020-08-01,US,Wisconsin,Crawford,57,0,0,43.23870316,-90.93073686,55023.0,353.356890459364,0.0,57,56,0,0,56,55,16291,1,0,0,1,1
2020-08-01,US,Wisconsin,Dane,4112,37,0,43.06601594,-89.41733797,55025.0,752.1561382489322,0.8998054474708171,4075,4086,37,0,4049,4007,542364,26,0,0,26,79
2020-08-01,US,Wisconsin,Dodge,675,5,0,43.41576662,-88.70928178,55027.0,768.4513712587802,0.7407407407407407,670,655,5,0,650,642,87847,20,0,0,20,13
2020-08-01,US,Wisconsin,Door,85,3,0,44.95856458,-87.30002707,55029.0,307.2141101633656,3.5294117647058822,82,84,3,0,81,84,27610,1,0,0,1,0
2020-08-01,US,Wisconsin,Douglas,122,0,0,46.43222285,-91.91595768,55031.0,282.73464658169183,0.0,122,113,0,0,113,110,43208,9,0,0,9,3
2020-08-01,US,Wisconsin,Dunn,105,0,0,44.94562799,-91.8962481,55033.0,231.44066302239463,0.0,105,102,0,0,102,101,45131,3,0,0,3,1
2020-08-01,US,Wisconsin,Eau Claire,485,3,0,44.726614,-91.28609183,55035.0,463.4673088316802,0.6185567010309279,482,474,3,0,471,462,104534,11,0,0,11,12
2020-08-01,US,Wisconsin,Florence,7,0,0,45.84963535,-88.39804137,55037.0,162.98020954598368,0.0,7,7,0,0,7,7,4321,0,0,0,0,0
2020-08-01,US,Wisconsin,Fond du Lac,545,6,0,43.75354908,-88.48885325,55039.0,527.0640116824463,1.1009174311926606,539,529,6,0,523,522,103066,16,0,0,16,7
2020-08-01,US,Wisconsin,Forest,59,4,0,45.66678019,-88.77084892,55041.0,655.264326965793,6.779661016949151,55,58,4,0,54,57,8991,1,0,0,1,1
2020-08-01,US,Wisconsin,Grant,320,14,0,42.8671731,-90.7063218,55043.0,622.0960749625773,4.375,306,318,14,0,304,313,51554,2,0,0,2,5
2020-08-01,US,Wisconsin,Green,125,1,0,42.6794956,-89.60243287,55045.0,338.20346320346323,0.8,124,123,1,0,122,121,36929,2,0,0,2,2
2020-08-01,US,Wisconsin,Green Lake,52,0,0,43.80025981,-89.04679553,55047.0,274.9431607888754,0.0,52,52,0,0,52,50,18918,0,0,0,0,2
2020-08-01,US,Wisconsin,Iowa,63,0,0,43.00050278,-90.13469017,55049.0,266.06976940619984,0.0,63,62,0,0,62,62,23771,1,0,0,1,0
2020-08-01,US,Wisconsin,Iron,71,1,0,46.26302338,-90.24295041,55051.0,1248.4614032002814,1.4084507042253518,70,71,1,0,70,69,5676,0,0,0,0,2
2020-08-01,US,Wisconsin,Jackson,47,1,0,44.31864893,-90.80566792,55053.0,227.68008525892554,2.127659574468085,46,46,1,0,45,45,20478,1,0,0,1,1
2020-08-01,US,Wisconsin,Jefferson,550,5,0,43.02054068,-88.77529134,55055.0,648.8220929821042,0.9090909090909092,545,544,5,0,539,542,85129,6,0,0,6,2
2020-08-01,US,Wisconsin,Juneau,122,1,0,43.92456975,-90.11120239,55057.0,457.15142204069394,0.819672131147541,121,119,1,0,118,117,26617,3,0,0,3,2
2020-08-01,US,Wisconsin,Kenosha,2453,53,0,42.57639354,-88.04051686,55059.0,1446.6770070947919,2.160619649408887,2400,2426,52,0,2374,2374,169290,27,1,0,26,52
2020-08-01,US,Wisconsin,Kewaunee,110,2,0,44.51727459,-87.61468386,55061.0,538.3184887931878,1.818181818181818,108,109,2,0,107,109,20383,1,0,0,1,0
2020-08-01,US,Wisconsin,La Crosse,795,1,0,43.90632465,-91.11451093,55063.0,673.6374728850327,0.12578616352201258,794,788,1,0,787,775,118230,7,0,0,7,13
2020-08-01,US,Wisconsin,Lafayette,105,0,0,42.66005229,-90.1317729,55065.0,630.0630063006299,0.0,105,103,0,0,103,102,16665,2,0,0,2,1
2020-08-01,US,Wisconsin,Langlade,46,1,0,45.26271619,-89.07483625,55067.0,239.72067330241285,2.1739130434782608,45,43,1,0,42,42,19268,3,0,0,3,1
2020-08-01,US,Wisconsin,Lincoln,61,0,0,45.33737523,-89.73411273,55069.0,221.0705613742616,0.0,61,60,0,0,60,60,27689,1,0,0,1,0
2020-08-01,US,Wisconsin,Manitowoc,295,1,0,44.11946801,-87.80928853,55071.0,373.50755244932327,0.3389830508474576,294,287,1,0,286,281,79074,8,0,0,8,6
2020-08-01,US,Wisconsin,Marathon,561,6,0,44.89792533,-89.75863384,55073.0,413.4363116469652,1.0695187165775402,555,547,5,0,542,532,135428,14,1,0,13,15
2020-08-01,US,Wisconsin,Marinette,298,3,0,45.38553432,-88.03324599999998,55075.0,738.5377942998759,1.0067114093959733,295,280,3,0,277,272,40434,18,0,0,18,8
2020-08-01,US,Wisconsin,Marquette,69,1,0,43.81911946,-89.40073763,55077.0,443.04610247848984,1.4492753623188406,68,69,1,0,68,67,15434,0,0,0,0,2
2020-08-01,US,Wisconsin,Menominee,18,0,0,45.00422544,-88.70950714,55078.0,395.0834064969271,0.0,18,18,0,0,18,18,4658,0,0,0,0,0
2020-08-01,US,Wisconsin,Milwaukee,19519,446,0,43.00486062,-87.96733172,55079.0,2063.9170330518564,2.284953122598494,19073,19248,438,0,18810,19069,948201,271,8,0,263,179
2020-08-01,US,Wisconsin,Monroe,212,1,0,43.94641218,-90.61881899999999,55081.0,458.34864765528715,0.4716981132075472,211,205,1,0,204,200,46051,7,0,0,7,5
2020-08-01,US,Wisconsin,Oconto,178,0,0,45.02715345,-88.26807503,55083.0,469.28552596889006,0.0,178,164,0,0,164,164,37830,14,0,0,14,0
2020-08-01,US,Wisconsin,Oneida,87,0,0,45.70677897,-89.51944105,55085.0,244.41635061104088,0.0,87,81,0,0,81,79,35470,6,0,0,6,2
2020-08-01,US,Wisconsin,Outagamie,1077,13,0,44.41578887,-88.46565023,55087.0,573.2229821433324,1.2070566388115134,1064,1061,12,0,1049,1037,187365,16,1,0,15,24
2020-08-01,US,Wisconsin,Ozaukee,558,17,0,43.38352225,-87.94625009,55089.0,625.4132995595207,3.046594982078853,541,528,16,0,512,514,89147,30,1,0,29,14
2020-08-01,US,Wisconsin,Pepin,40,0,0,44.58307413,-91.99949611,55091.0,548.9227391244682,0.0,40,40,0,0,40,40,7289,0,0,0,0,0
2020-08-01,US,Wisconsin,Pierce,169,0,0,44.71850291,-92.4224416,55093.0,395.28465172849326,0.0,169,164,0,0,164,160,42555,5,0,0,5,4
2020-08-01,US,Wisconsin,Polk,117,2,0,45.46130348,-92.44182875,55095.0,267.227005915538,1.709401709401709,115,111,2,0,109,108,43598,6,0,0,6,3
2020-08-01,US,Wisconsin,Portage,344,0,0,44.47558711,-89.50152965,55097.0,486.06793647205114,0.0,344,337,0,0,337,330,70942,7,0,0,7,7
2020-08-01,US,Wisconsin,Price,21,0,0,45.68051754,-90.36098879999999,55099.0,157.29158864504532,0.0,21,19,0,0,19,18,13397,2,0,0,2,1
2020-08-01,US,Wisconsin,Racine,3191,76,0,42.74753117,-88.05941254,55101.0,1625.4820157810818,2.3816985271074897,3115,3095,77,0,3018,3058,196584,96,-1,0,97,37
2020-08-01,US,Wisconsin,Richland,27,4,0,43.3762778,-90.43012729,55103.0,156.5035937862277,14.814814814814815,23,25,4,0,21,25,17377,2,0,0,2,0
2020-08-01,US,Wisconsin,Rock,1357,26,0,42.67151616,-89.07147900000002,55105.0,830.7112161318364,1.9159911569638908,1331,1342,26,0,1316,1330,163129,15,0,0,15,12
2020-08-01,US,Wisconsin,Rusk,15,1,0,45.47498854,-91.1333012,55107.0,105.79771476936098,6.666666666666668,14,14,1,0,13,13,14147,1,0,0,1,1
2020-08-01,US,Wisconsin,Sauk,372,3,0,43.42574087,-89.94966132,55111.0,577.2632755035536,0.8064516129032258,369,347,3,0,344,338,64249,25,0,0,25,9
2020-08-01,US,Wisconsin,Sawyer,36,0,0,45.87931905,-91.14504927,55113.0,217.41756250754923,0.0,36,34,0,0,34,31,16489,2,0,0,2,3
2020-08-01,US,Wisconsin,Shawano,153,0,0,44.78902246,-88.76443896,55115.0,374.09227609477006,0.0,153,147,0,0,147,143,40796,6,0,0,6,4
2020-08-01,US,Wisconsin,Sheboygan,586,5,0,43.72099677,-87.94579284,55117.0,508.0631177388591,0.8532423208191127,581,578,5,0,573,573,115456,8,0,0,8,5
2020-08-01,US,Wisconsin,St. Croix,442,2,0,45.03437474,-92.45000068,55109.0,487.39069546903085,0.4524886877828054,440,439,2,0,437,433,89694,3,0,0,3,6
2020-08-01,US,Wisconsin,Taylor,50,0,0,45.21179252,-90.5004405,55119.0,245.784790837143,0.0,50,47,0,0,47,44,20412,3,0,0,3,3
2020-08-01,US,Wisconsin,Trempealeau,305,2,0,44.30360275,-91.35893614,55121.0,1028.702485749941,0.6557377049180327,303,301,2,0,299,285,29442,4,0,0,4,16
2020-08-01,US,Wisconsin,Vernon,58,0,0,43.59422667,-90.8324691,55123.0,188.17727597170853,0.0,58,55,0,0,55,54,30785,3,0,0,3,1
2020-08-01,US,Wisconsin,Vilas,30,0,0,46.05467334,-89.51719204,55125.0,135.16557783284523,0.0,30,29,0,0,29,28,21938,1,0,0,1,1
2020-08-01,US,Wisconsin,Walworth,1225,21,0,42.66858202,-88.54163073,55127.0,1179.3815227018906,1.7142857142857142,1204,1179,21,0,1158,1142,103718,46,0,0,46,37
2020-08-01,US,Wisconsin,Washburn,29,0,0,45.89838588,-91.79050449,55129.0,184.47837150127228,0.0,29,21,0,0,21,17,15878,8,0,0,8,4
2020-08-01,US,Wisconsin,Washington,860,22,0,43.36863664,-88.22974712,55131.0,632.1948924533573,2.5581395348837206,838,805,22,0,783,791,135693,55,0,0,55,14
2020-08-01,US,Wisconsin,Waukesha,3578,54,0,43.01833055,-88.30431188,55133.0,885.2097239471742,1.5092230296254892,3524,3488,53,0,3435,3380,403072,90,1,0,89,108
2020-08-01,US,Wisconsin,Waupaca,359,15,0,44.47068056,-88.96534501,55135.0,704.0596195332419,4.178272980501393,344,350,14,0,336,344,51128,9,1,0,8,6
2020-08-01,US,Wisconsin,Waushara,100,0,0,44.11324419,-89.24317107,55137.0,409.1150840731498,0.0,100,99,0,0,99,95,24263,1,0,0,1,4
2020-08-01,US,Wisconsin,Winnebago,1041,17,0,44.06886922,-88.64477096,55139.0,605.5599830140717,1.6330451488952933,1024,1014,17,0,997,997,171020,27,0,0,27,17
2020-08-01,US,Wisconsin,Wood,229,1,0,44.45537896,-90.04158336,55141.0,313.7029274373622,0.4366812227074236,228,216,1,0,215,204,73055,13,0,0,13,12
2020-08-01,US,Wyoming,Albany,85,0,0,41.65498705,-105.72354150000001,56001.0,218.62139917695472,0.0,85,84,0,0,84,83,38601,1,0,0,1,1
2020-08-01,US,Wyoming,Big Horn,35,0,0,44.52405055,-107.9960365,56003.0,296.86174724342663,0.0,35,35,0,0,35,35,11881,0,0,0,0,0
2020-08-01,US,Wyoming,Campbell,116,0,0,44.24886082,-105.54744040000001,56005.0,250.3182926566108,0.0,116,115,0,0,115,115,46140,1,0,0,1,0
2020-08-01,US,Wyoming,Carbon,78,0,0,41.69357844,-106.9326084,56007.0,527.027027027027,0.0,78,75,0,0,75,71,14971,3,0,0,3,4
2020-08-01,US,Wyoming,Converse,30,0,0,42.97272268,-105.5081848,56009.0,217.04529011720444,0.0,30,30,0,0,30,30,13640,0,0,0,0,0
2020-08-01,US,Wyoming,Crook,9,0,0,44.58855102,-104.56977049999999,56011.0,118.67088607594937,0.0,9,9,0,0,9,9,7450,0,0,0,0,0
2020-08-01,US,Wyoming,Fremont,473,0,0,43.04183996,-108.6296893,56013.0,1204.757902243957,0.0,473,468,0,0,468,464,39531,5,0,0,5,4
2020-08-01,US,Wyoming,Goshen,14,0,0,42.08798185,-104.3534743,56015.0,105.97229581409431,0.0,14,14,0,0,14,14,13376,0,0,0,0,0
2020-08-01,US,Wyoming,Hot Springs,18,0,0,43.71930657,-108.44231740000001,56017.0,407.8857919782462,0.0,18,18,0,0,18,18,4555,0,0,0,0,0
2020-08-01,US,Wyoming,Johnson,22,1,0,44.04057166,-106.58451740000001,56019.0,260.5091770278271,4.545454545454546,21,22,1,0,21,22,8460,0,0,0,0,0
2020-08-01,US,Wyoming,Laramie,462,0,0,41.30702520000001,-104.6887497,56021.0,464.32160804020106,0.0,462,456,0,0,456,449,98976,6,0,0,6,7
2020-08-01,US,Wyoming,Lincoln,89,0,0,42.26376367,-110.6563997,56023.0,448.81492687846696,0.0,89,89,0,0,89,90,19434,0,0,0,0,-1
2020-08-01,US,Wyoming,Natrona,215,0,0,42.96180148,-106.79788500000001,56025.0,269.22787948608783,0.0,215,215,0,0,215,214,79115,0,0,0,0,1
2020-08-01,US,Wyoming,Niobrara,2,0,0,43.05607708,-104.47588959999999,56027.0,84.88964346349746,0.0,2,2,0,0,2,2,2388,0,0,0,0,0
2020-08-01,US,Wyoming,Park,117,0,0,44.52157546,-109.58528249999999,56029.0,400.76728094813996,0.0,117,115,0,0,115,111,29324,2,0,0,2,4
2020-08-01,US,Wyoming,Platte,5,0,0,42.13299116,-104.96633100000001,56031.0,59.57345406886692,0.0,5,5,0,0,5,5,8566,0,0,0,0,0
2020-08-01,US,Wyoming,Sheridan,60,0,0,44.79048913,-106.8862389,56033.0,196.81810726586846,0.0,60,58,0,0,58,56,30233,2,0,0,2,2
2020-08-01,US,Wyoming,Sublette,36,0,0,42.76558279,-109.91309220000001,56035.0,366.188587122368,0.0,36,34,0,0,34,32,9813,2,0,0,2,2
2020-08-01,US,Wyoming,Sweetwater,242,0,0,41.65943896,-108.8827882,56037.0,571.5230380464303,0.0,242,240,0,0,240,237,43051,2,0,0,2,3
2020-08-01,US,Wyoming,Teton,348,0,0,43.93522482,-110.5890801,56039.0,1483.1230821684287,0.0,348,335,0,0,335,331,23081,13,0,0,13,4
2020-08-01,US,Wyoming,Uinta,259,0,0,41.2878183,-110.54757820000002,56041.0,1280.530010877089,0.0,259,254,0,0,254,247,20299,5,0,0,5,7
2020-08-01,US,Wyoming,Unassigned,0,25,0,0.0,0.0,90056.0,0.0,0.0,-25,0,25,0,-25,0,,0,0,0,0,0
2020-08-01,US,Wyoming,Washakie,49,0,0,43.90451606,-107.68018700000002,56043.0,627.8026905829596,0.0,49,48,0,0,48,46,7885,1,0,0,1,2
2020-08-01,US,Wyoming,Weston,5,0,0,43.83961191,-104.56748809999999,56045.0,72.18131947452,0.0,5,5,0,0,5,5,6967,0,0,0,0,0
