Date,Country/Region,Province/State,Admin2,Confirmed,Deaths,Recovered,Latitude,Longitude,FIPS,Incidence_Rate,Case-Fatality_Ratio,Active Cases,Previous Confirmed,Previous Deaths,Previous Recovered,Previous Active,Prev2 Confirmed,Population,Daily Confirmed,Daily Deaths,Daily Recovered,Daily Active,Previous Daily Confirmed
2020-07-04,US,Alabama,Autauga,583,12,0,32.53952745,-86.64408227,1001.0,1043.5125024611143,2.0583190394511153,571,560,12,0,548,553,55601,23,0,0,23,7
2020-07-04,US,Alabama,Baldwin,846,9,0,30.72774991,-87.72207058,1003.0,378.97452896960135,1.0638297872340423,837,828,9,0,819,735,218022,18,0,0,18,93
2020-07-04,US,Alabama,Barbour,347,2,0,31.868263,-85.3871286,1005.0,1405.6550271408896,0.5763688760806917,345,345,2,0,343,333,24881,2,0,0,2,12
2020-07-04,US,Alabama,Bibb,187,1,0,32.99642064,-87.12511459999996,1007.0,835.0451013664374,0.5347593582887701,186,186,1,0,185,176,22400,1,0,0,1,10
2020-07-04,US,Alabama,Blount,230,1,0,33.98210918,-86.56790593,1009.0,397.74495901497596,0.43478260869565216,229,226,1,0,225,218,57840,4,0,0,4,8
2020-07-04,US,Alabama,Bullock,368,10,0,32.10030533,-85.71265535,1011.0,3643.203643203643,2.717391304347826,358,367,9,0,358,364,10138,1,1,0,0,3
2020-07-04,US,Alabama,Butler,624,28,0,31.75300095,-86.68057478,1013.0,3208.5561497326203,4.487179487179487,596,623,28,0,595,607,19680,1,0,0,1,16
2020-07-04,US,Alabama,Calhoun,332,5,0,33.77483727,-85.82630386,1015.0,292.24065842172433,1.5060240963855422,327,322,5,0,317,280,114277,10,0,0,10,42
2020-07-04,US,Alabama,Chambers,624,27,0,32.91360079,-85.39072749,1017.0,1876.4659890539483,4.326923076923077,597,612,27,0,585,600,33615,12,0,0,12,12
2020-07-04,US,Alabama,Cherokee,85,7,0,34.17805983,-85.60638968,1019.0,324.47701939227363,8.235294117647058,78,85,7,0,78,79,26032,0,0,0,0,6
2020-07-04,US,Alabama,Chilton,239,2,0,32.85044126,-86.7173256,1021.0,537.9490411452239,0.8368200836820083,237,228,2,0,226,215,44153,11,0,0,11,13
2020-07-04,US,Alabama,Choctaw,195,12,0,32.02227341,-88.26564429999998,1023.0,1548.9713241718964,6.153846153846153,183,195,12,0,183,192,12841,0,0,0,0,3
2020-07-04,US,Alabama,Clarke,273,6,0,31.68099859,-87.83548597,1025.0,1155.7023114046228,2.1978021978021984,267,272,6,0,266,268,23920,1,0,0,1,4
2020-07-04,US,Alabama,Clay,64,2,0,33.26984193,-85.85836077,1027.0,483.5663014733661,3.125,62,62,2,0,60,61,13275,2,0,0,2,1
2020-07-04,US,Alabama,Cleburne,36,1,0,33.67679204,-85.52005899,1029.0,241.44869215291752,2.7777777777777777,35,36,1,0,35,30,14987,0,0,0,0,6
2020-07-04,US,Alabama,Coffee,373,2,0,31.39932826,-85.98901039,1031.0,712.6208398609148,0.5361930294906166,371,370,2,0,368,359,51909,3,0,0,3,11
2020-07-04,US,Alabama,Colbert,391,6,0,34.69847452,-87.80168544,1033.0,707.8076066689598,1.5345268542199488,385,383,6,0,377,377,54762,8,0,0,8,6
2020-07-04,US,Alabama,Conecuh,204,7,0,31.43401703,-86.99320044,1035.0,1690.5610342255734,3.431372549019608,197,197,7,0,190,186,12277,7,0,0,7,11
2020-07-04,US,Alabama,Coosa,58,1,0,32.93690146,-86.24847739,1037.0,543.9369783363031,1.7241379310344829,57,58,1,0,57,57,10715,0,0,0,0,1
2020-07-04,US,Alabama,Covington,354,7,0,31.247785399999998,-86.45050893,1039.0,955.4913762854598,1.9774011299435028,347,343,7,0,336,332,36986,11,0,0,11,11
2020-07-04,US,Alabama,Crenshaw,125,3,0,31.72941803,-86.31593104,1041.0,907.6386871914027,2.4,122,125,3,0,122,124,13824,0,0,0,0,1
2020-07-04,US,Alabama,Cullman,439,4,0,34.13020303,-86.86888037,1043.0,524.0664692961512,0.9111617312072892,435,435,4,0,431,411,83442,4,0,0,4,24
2020-07-04,US,Alabama,Dale,282,0,0,31.43037123,-85.61095742,1045.0,573.4971121776621,0.0,282,268,0,0,268,262,48956,14,0,0,14,6
2020-07-04,US,Alabama,Dallas,879,9,0,32.32688101,-87.10866709999998,1047.0,2363.1573287450265,1.023890784982935,870,868,9,0,859,841,38310,11,0,0,11,27
2020-07-04,US,Alabama,DeKalb,707,5,0,34.45946862,-85.80782906,1049.0,988.6314376407088,0.7072135785007072,702,694,5,0,689,641,71385,13,0,0,13,53
2020-07-04,US,Alabama,Elmore,903,14,0,32.59785413,-86.14415284,1051.0,1111.945720301937,1.5503875968992251,889,864,14,0,850,836,81887,39,0,0,39,28
2020-07-04,US,Alabama,Escambia,337,6,0,31.1256789,-87.15918694,1053.0,919.9355772118035,1.7804154302670625,331,332,6,0,326,293,36748,5,0,0,5,39
2020-07-04,US,Alabama,Etowah,727,13,0,34.04567266,-86.04051873,1055.0,710.877302773106,1.7881705639614855,714,707,13,0,694,644,102501,20,0,0,20,63
2020-07-04,US,Alabama,Fayette,68,1,0,33.72076938,-87.73886638,1057.0,417.1267329162066,1.4705882352941178,67,67,1,0,66,67,16433,1,0,0,1,0
2020-07-04,US,Alabama,Franklin,889,14,0,34.44235334,-87.84289505,1059.0,2834.640647917861,1.5748031496062993,875,878,14,0,864,863,31363,11,0,0,11,15
2020-07-04,US,Alabama,Geneva,79,0,0,31.09389027,-85.83572839,1061.0,300.71181150317835,0.0,79,78,0,0,78,70,26314,1,0,0,1,8
2020-07-04,US,Alabama,Greene,183,8,0,32.85504247,-87.95684022,1063.0,2256.195290346443,4.371584699453551,175,183,8,0,175,178,8233,0,0,0,0,5
2020-07-04,US,Alabama,Hale,310,21,0,32.76039258,-87.63284988,1065.0,2115.896525834414,6.774193548387097,289,306,21,0,285,296,14726,4,0,0,4,10
2020-07-04,US,Alabama,Henry,132,3,0,31.51148016,-85.24267944,1067.0,767.2188317349608,2.272727272727273,129,131,3,0,128,130,17209,1,0,0,1,1
2020-07-04,US,Alabama,Houston,479,4,0,31.15197924,-85.29939599,1069.0,452.39039685687834,0.8350730688935282,475,461,4,0,457,446,104722,18,0,0,18,15
2020-07-04,US,Alabama,Jackson,268,2,0,34.78144169,-85.99750489,1071.0,519.118273738039,0.746268656716418,266,263,2,0,261,252,51736,5,0,0,5,11
2020-07-04,US,Alabama,Jefferson,4944,152,0,33.55554728,-86.89506300000002,1073.0,750.7140438493532,3.0744336569579285,4792,4802,152,0,4650,4532,659300,142,0,0,142,270
2020-07-04,US,Alabama,Lamar,75,1,0,33.77995024,-88.09668032,1075.0,543.2814197754436,1.3333333333333333,74,75,1,0,74,71,13844,0,0,0,0,4
2020-07-04,US,Alabama,Lauderdale,489,6,0,34.90171875,-87.65624729,1077.0,527.343118118388,1.2269938650306749,483,473,6,0,467,457,92387,16,0,0,16,16
2020-07-04,US,Alabama,Lawrence,107,0,0,34.52041498,-87.31069453,1079.0,324.99088810594094,0.0,107,105,0,0,105,100,32957,2,0,0,2,5
2020-07-04,US,Alabama,Lee,1359,37,0,32.60154883,-85.35132246,1081.0,825.9289421545868,2.7225901398086827,1322,1302,37,0,1265,1245,163941,57,0,0,57,57
2020-07-04,US,Alabama,Limestone,481,0,0,34.81185586,-86.98310072,1083.0,486.27609563766885,0.0,481,466,0,0,466,429,96174,15,0,0,15,37
2020-07-04,US,Alabama,Lowndes,467,21,0,32.1597283,-86.65158371,1085.0,4801.562821303722,4.496788008565312,446,463,21,0,442,458,9974,4,0,0,4,5
2020-07-04,US,Alabama,Macon,185,9,0,32.38759944,-85.69267724,1087.0,1023.9096745627628,4.864864864864865,176,181,9,0,172,177,18439,4,0,0,4,4
2020-07-04,US,Alabama,Madison,1359,7,0,34.76327133,-86.55069633,1089.0,364.43207324038843,0.515084621044886,1352,1271,7,0,1264,1104,366519,88,0,0,88,167
2020-07-04,US,Alabama,Marengo,302,11,0,32.24767634,-87.78796182,1091.0,1601.017865662938,3.6423841059602653,291,300,11,0,289,299,19066,2,0,0,2,1
2020-07-04,US,Alabama,Marion,219,13,0,34.13697363,-87.88704173,1093.0,737.1503584772291,5.936073059360732,206,214,13,0,201,206,29763,5,0,0,5,8
2020-07-04,US,Alabama,Marshall,1702,10,0,34.36975964,-86.30486727,1095.0,1758.736850807035,0.5875440658049353,1692,1680,10,0,1670,1622,96109,22,0,0,22,58
2020-07-04,US,Alabama,Mobile,4005,134,0,30.78472347,-88.20842409,1097.0,969.2408218581352,3.3458177278402,3871,3904,134,0,3770,3797,413757,101,0,0,101,107
2020-07-04,US,Alabama,Monroe,234,2,0,31.56729412,-87.36995001,1099.0,1128.6355086094632,0.8547008547008547,232,231,2,0,229,205,21067,3,0,0,3,26
2020-07-04,US,Alabama,Montgomery,4021,103,0,32.2206831,-86.20969272,1101.0,1775.3856750527627,2.5615518527729417,3918,3947,103,0,3844,3875,225763,74,0,0,74,72
2020-07-04,US,Alabama,Morgan,1071,5,0,34.45500589,-86.85475946,1103.0,894.8938410247412,0.4668534080298786,1066,1047,5,0,1042,1020,119089,24,0,0,24,27
2020-07-04,US,Alabama,Perry,170,1,0,32.64048341,-87.29770589,1105.0,1905.188837834809,0.5882352941176471,169,162,1,0,161,154,9140,8,0,0,8,8
2020-07-04,US,Alabama,Pickens,227,6,0,33.28094866,-88.08818103,1107.0,1138.9864525840442,2.643171806167401,221,222,6,0,216,217,19938,5,0,0,5,5
2020-07-04,US,Alabama,Pike,420,5,0,31.80396383,-85.9408295,1109.0,1268.3457148034065,1.1904761904761905,415,417,5,0,412,407,33338,3,0,0,3,10
2020-07-04,US,Alabama,Randolph,200,9,0,33.29526734,-85.45708831,1111.0,880.2042073761113,4.5,191,201,9,0,192,188,22725,-1,0,0,-1,13
2020-07-04,US,Alabama,Russell,545,0,0,32.28725256,-85.18415324,1113.0,940.2874346543364,0.0,545,519,0,0,519,503,57781,26,0,0,26,16
2020-07-04,US,Alabama,Shelby,1227,23,0,33.26879845,-86.66232561,1117.0,563.6144821820653,1.8744906275468625,1204,1176,23,0,1153,1109,215707,51,0,0,51,67
2020-07-04,US,Alabama,St. Clair,366,2,0,33.71902176,-86.31029372,1115.0,408.8837250871392,0.5464480874316939,364,347,2,0,345,319,88690,19,0,0,19,28
2020-07-04,US,Alabama,Sumter,284,12,0,32.59117397,-88.19916205,1119.0,2285.346423110968,4.225352112676056,272,284,12,0,272,279,12691,0,0,0,0,5
2020-07-04,US,Alabama,Talladega,303,7,0,33.37823223,-86.16886178,1121.0,378.8541849008477,2.31023102310231,296,300,7,0,293,282,79828,3,0,0,3,18
2020-07-04,US,Alabama,Tallapoosa,588,69,0,32.86698258,-85.79833053,1123.0,1456.6353704758835,11.734693877551019,519,583,69,0,514,572,40497,5,0,0,5,11
2020-07-04,US,Alabama,Tuscaloosa,2226,42,0,33.28726072,-87.52556818,1125.0,1063.2657447875617,1.8867924528301887,2184,2188,42,0,2146,2107,208911,38,0,0,38,81
2020-07-04,US,Alabama,Unassigned,503,23,0,0.0,0.0,90001.0,0.0,4.572564612326044,480,503,23,0,480,507,,0,0,0,0,-4
2020-07-04,US,Alabama,Walker,914,24,0,33.80270512,-87.30027177,1127.0,1438.8942239574317,2.62582056892779,890,905,24,0,881,871,63711,9,0,0,9,34
2020-07-04,US,Alabama,Washington,105,7,0,31.4092794,-88.20689944,1129.0,643.1459022418229,6.666666666666668,98,104,7,0,97,102,16378,1,0,0,1,2
2020-07-04,US,Alabama,Wilcox,290,8,0,31.98773215,-87.30891118,1131.0,2795.719656801311,2.7586206896551726,282,289,8,0,281,284,10627,1,0,0,1,5
2020-07-04,US,Alabama,Winston,254,3,0,34.15030532,-87.37325922,1133.0,1074.950272969656,1.1811023622047243,251,246,3,0,243,237,23660,8,0,0,8,9
2020-07-04,US,Alaska,Anchorage,525,7,0,61.14998174,-149.14269860000005,2020.0,182.29166666666663,1.3333333333333333,518,493,6,0,487,472,291538,32,1,0,31,21
2020-07-04,US,Alaska,Bethel,11,0,0,60.90980451,-159.8561831,2050.0,59.82813009898836,0.0,11,10,0,0,10,9,18216,1,0,0,1,1
2020-07-04,US,Alaska,Fairbanks North Star,164,2,0,64.80726247,-146.5692662,2090.0,169.33577011636672,1.2195121951219512,162,160,2,0,158,149,98971,4,0,0,4,11
2020-07-04,US,Alaska,Haines,2,0,0,59.09893571,-135.4679843,2100.0,79.05138339920948,0.0,2,2,0,0,2,2,2474,0,0,0,0,0
2020-07-04,US,Alaska,Juneau,45,2,0,58.45031811,-134.200436,2110.0,140.739350722462,4.4444444444444455,43,45,2,0,43,44,32113,0,0,0,0,1
2020-07-04,US,Alaska,Kenai Peninsula,160,2,0,60.24429722,-151.53888840000005,2122.0,272.5352592491653,1.25,158,159,2,0,157,155,58533,1,0,0,1,4
2020-07-04,US,Alaska,Ketchikan Gateway,22,0,0,55.57445008,-130.975561,2130.0,158.26199553988926,0.0,22,22,0,0,22,22,13918,0,0,0,0,0
2020-07-04,US,Alaska,Kodiak Island,4,0,0,57.65529415,-153.7493579,2150.0,30.773965225419296,0.0,4,4,0,0,4,4,13345,0,0,0,0,0
2020-07-04,US,Alaska,Kusilvak,1,0,0,62.15429159999999,-163.39678830000003,2158.0,12.027904738994467,0.0,1,1,0,0,1,,8303,0,0,0,0,
2020-07-04,US,Alaska,Matanuska-Susitna,114,1,0,62.31305045,-149.5741743,2170.0,105.24663718529871,0.8771929824561403,113,107,1,0,106,102,107610,7,0,0,7,5
2020-07-04,US,Alaska,Nome,9,0,0,64.90320724,-164.0353804,2180.0,89.96401439424231,0.0,9,9,0,0,9,8,10008,0,0,0,0,1
2020-07-04,US,Alaska,North Slope,4,0,0,69.31479216,-153.4836093,2185.0,40.68348250610252,0.0,4,4,0,0,4,4,9872,0,0,0,0,0
2020-07-04,US,Alaska,Northwest Arctic,5,0,0,67.04919196,-159.7503946,2188.0,65.60818790185014,0.0,5,5,0,0,5,5,7671,0,0,0,0,0
2020-07-04,US,Alaska,Petersburg,5,1,0,57.13978948,-132.9540995,2195.0,153.09246785058176,20.0,4,4,1,0,3,4,3221,1,0,0,1,0
2020-07-04,US,Alaska,Prince of Wales-Hyder,2,0,0,55.76261984,-133.0511621,2198.0,32.24246332419797,0.0,2,2,0,0,2,2,6422,0,0,0,0,0
2020-07-04,US,Alaska,Sitka,13,0,0,57.24124555,-135.3206587,2220.0,153.06723183798422,0.0,13,13,0,0,13,13,8647,0,0,0,0,0
2020-07-04,US,Alaska,Southeast Fairbanks,10,0,0,63.87692095,-143.2127643,2240.0,145.07471347744092,0.0,10,10,0,0,10,10,6918,0,0,0,0,0
2020-07-04,US,Alaska,Unassigned,0,1,0,0.0,0.0,90002.0,0.0,0.0,-1,0,1,0,-1,,,0,0,0,0,
2020-07-04,US,Alaska,Valdez-Cordova,4,0,0,61.47502768,-144.7126799,2261.0,43.46881112801565,0.0,4,4,0,0,4,3,9164,0,0,0,0,1
2020-07-04,US,Alaska,Wrangell,3,0,0,56.3202004,-132.05837309999998,2275.0,119.90407673860909,0.0,3,3,0,0,3,3,2503,0,0,0,0,0
2020-07-04,US,Alaska,Yukon-Koyukuk,4,0,0,65.50815459,-151.39073869999999,2290.0,76.48183556405354,0.0,4,3,0,0,3,3,5327,1,0,0,1,0
2020-07-04,US,Arizona,Apache,2423,91,0,35.39465006,-109.4892383,4001.0,3370.5676965237108,3.755674783326455,2332,2418,91,0,2327,2405,71818,5,0,0,5,13
2020-07-04,US,Arizona,Cochise,740,14,0,31.87934684,-109.7516088,4003.0,587.6653801559696,1.891891891891892,726,710,14,0,696,678,126770,30,0,0,30,32
2020-07-04,US,Arizona,Coconino,2107,96,0,35.83883429,-111.77071780000001,4005.0,1468.5382921185426,4.556241101091599,2011,2087,96,0,1991,1986,142854,20,0,0,20,101
2020-07-04,US,Arizona,Gila,335,6,0,33.80190085,-110.8132779,4007.0,620.1636491539857,1.791044776119403,329,325,6,0,319,314,53889,10,0,0,10,11
2020-07-04,US,Arizona,Graham,127,1,0,32.93166885,-109.8882178,4009.0,327.0077503411695,0.7874015748031497,126,125,1,0,124,117,38072,2,0,0,2,8
2020-07-04,US,Arizona,Greenlee,18,1,0,33.21498827,-109.2405279,4011.0,189.5135818066961,5.5555555555555545,17,19,1,0,18,19,9483,-1,0,0,-1,0
2020-07-04,US,Arizona,La Paz,357,6,0,33.72854224,-113.98100290000001,4012.0,1691.3018760659463,1.680672268907563,351,351,6,0,345,346,21098,6,0,0,6,5
2020-07-04,US,Arizona,Maricopa,59829,880,0,33.34835867,-112.49181540000001,4013.0,1333.8568078665648,1.4708586137157569,58949,57929,865,0,57064,54757,4410824,1900,15,0,1885,3172
2020-07-04,US,Arizona,Mohave,1358,88,0,35.70471703,-113.7577902,4015.0,640.0196059025078,6.480117820324006,1270,1342,88,0,1254,1248,209550,16,0,0,16,94
2020-07-04,US,Arizona,Navajo,3848,133,0,35.3997715,-110.3218983,4017.0,3469.0418665031907,3.456340956340956,3715,3817,132,0,3685,3744,110445,31,1,0,30,73
2020-07-04,US,Arizona,Pima,9313,282,0,32.0971334,-111.7890033,4019.0,889.2568264999107,3.028025340921293,9031,9024,282,0,8742,8577,1039073,289,0,0,289,447
2020-07-04,US,Arizona,Pinal,4237,75,0,32.90525627,-111.3449483,4021.0,915.5360218155574,1.7701203681850366,4162,4139,75,0,4064,3908,447138,98,0,0,98,231
2020-07-04,US,Arizona,Santa Cruz,1932,24,0,31.52508998,-110.8479088,4023.0,4155.017420104091,1.2422360248447204,1908,1887,24,0,1863,1849,46511,45,0,0,45,38
2020-07-04,US,Arizona,Yavapai,881,10,0,34.59933926,-112.5538588,4025.0,374.7357496203727,1.135073779795687,871,861,10,0,851,814,231993,20,0,0,20,47
2020-07-04,US,Arizona,Yuma,7062,110,0,32.76895712,-113.90666740000002,4027.0,3303.287851927386,1.557632398753894,6952,6838,107,0,6731,6683,212128,224,3,0,221,155
2020-07-04,US,Arkansas,Arkansas,37,0,0,34.29145151,-91.37277296,5001.0,211.5978497083381,0.0,37,38,0,0,38,30,17769,-1,0,0,-1,8
2020-07-04,US,Arkansas,Ashley,80,1,0,33.19153461,-91.76984709999999,5003.0,406.9797018873684,1.25,79,78,1,0,77,77,20046,2,0,0,2,1
2020-07-04,US,Arkansas,Baxter,24,0,0,36.28784385,-92.33782872,5005.0,57.23552418200897,0.0,24,24,0,0,24,24,41619,0,0,0,0,0
2020-07-04,US,Arkansas,Benton,2961,20,0,36.33644656,-94.25680817,5007.0,1060.754242479607,0.6754474839581223,2941,2917,20,0,2897,2834,272608,44,0,0,44,83
2020-07-04,US,Arkansas,Boone,29,1,0,36.3084504,-93.09374925,5009.0,77.47381919213507,3.4482758620689653,28,29,1,0,28,28,37480,0,0,0,0,1
2020-07-04,US,Arkansas,Bradley,56,2,0,33.46755808,-92.15980837,5011.0,520.3010313109728,3.571428571428572,54,52,2,0,50,52,10897,4,0,0,4,0
2020-07-04,US,Arkansas,Calhoun,2,0,0,33.55598792,-92.49974403,5013.0,38.54307188282906,0.0,2,1,0,0,1,1,5277,1,0,0,1,0
2020-07-04,US,Arkansas,Carroll,187,5,0,36.34038560000001,-93.54270261,5015.0,658.9147286821707,2.6737967914438503,182,187,5,0,182,172,28223,0,0,0,0,15
2020-07-04,US,Arkansas,Chicot,159,3,0,33.26458973,-91.29539209,5017.0,1571.4568096461746,1.8867924528301887,156,154,3,0,151,150,10438,5,0,0,5,4
2020-07-04,US,Arkansas,Clark,58,0,0,34.04613432,-93.17484713,5019.0,259.8566308243728,0.0,58,58,0,0,58,57,22061,0,0,0,0,1
2020-07-04,US,Arkansas,Clay,65,3,0,36.36826212,-90.4148172,5021.0,446.70469383547515,4.615384615384615,62,64,3,0,61,62,14847,1,0,0,1,2
2020-07-04,US,Arkansas,Cleburne,110,4,0,35.53864922,-92.02640019,5023.0,441.43023395802396,3.636363636363636,106,102,4,0,98,101,24965,8,0,0,8,1
2020-07-04,US,Arkansas,Cleveland,29,0,0,33.89723187,-92.18537045,5025.0,364.50477626948197,0.0,29,27,0,0,27,27,8018,2,0,0,2,0
2020-07-04,US,Arkansas,Columbia,89,4,0,33.21230701,-93.22642793,5027.0,379.4176578420088,4.49438202247191,85,85,4,0,81,84,23537,4,0,0,4,1
2020-07-04,US,Arkansas,Conway,69,3,0,35.26205537,-92.70506566,5029.0,330.99875275832295,4.3478260869565215,66,66,3,0,63,61,20891,3,0,0,3,5
2020-07-04,US,Arkansas,Craighead,472,7,0,35.83018283,-90.63235729,5031.0,427.7997317188123,1.4830508474576272,465,467,7,0,460,458,108558,5,0,0,5,9
2020-07-04,US,Arkansas,Crawford,208,1,0,35.58928601,-94.2446814,5033.0,328.81736408618815,0.4807692307692308,207,196,1,0,195,190,63406,12,0,0,12,6
2020-07-04,US,Arkansas,Crittenden,766,13,0,35.21247318,-90.30839406,5035.0,1597.330830987384,1.6971279373368149,753,765,13,0,752,759,48342,1,0,0,1,6
2020-07-04,US,Arkansas,Cross,88,1,0,35.29631396,-90.77185818,5037.0,535.9644314513673,1.1363636363636365,87,88,1,0,87,88,16676,0,0,0,0,0
2020-07-04,US,Arkansas,Dallas,10,0,0,33.97042763,-92.65167437,5039.0,142.673705236125,0.0,10,10,0,0,10,10,7182,0,0,0,0,0
2020-07-04,US,Arkansas,Desha,59,1,0,33.83011025,-91.25500948,5041.0,519.3204823519056,1.6949152542372878,58,54,1,0,53,52,11512,5,0,0,5,2
2020-07-04,US,Arkansas,Drew,73,2,0,33.59035001,-91.71777921,5043.0,400.6806081563203,2.7397260273972597,71,70,2,0,68,69,18328,3,0,0,3,1
2020-07-04,US,Arkansas,Faulkner,564,3,0,35.14719007,-92.33717519,5045.0,447.5941812756434,0.5319148936170213,561,545,3,0,542,529,124806,19,0,0,19,16
2020-07-04,US,Arkansas,Franklin,26,1,0,35.51202821,-93.89299569,5047.0,146.7682754727632,3.8461538461538463,25,26,1,0,25,26,17810,0,0,0,0,0
2020-07-04,US,Arkansas,Fulton,15,0,0,36.38177105,-91.81729127,5049.0,120.22120702091848,0.0,15,15,0,0,15,15,12269,0,0,0,0,0
2020-07-04,US,Arkansas,Garland,277,1,0,34.57692074,-93.14921604,5051.0,278.71128730404683,0.36101083032490977,276,271,1,0,270,267,99154,6,0,0,6,4
2020-07-04,US,Arkansas,Grant,45,0,0,34.29017991,-92.42320562,5053.0,246.37284423761287,0.0,45,44,0,0,44,44,18188,1,0,0,1,0
2020-07-04,US,Arkansas,Greene,121,0,0,36.11735460000001,-90.55832668,5055.0,266.96083838940984,0.0,121,121,0,0,121,119,45325,0,0,0,0,2
2020-07-04,US,Arkansas,Hempstead,60,1,0,33.73325583,-93.66935133,5057.0,278.65502507895224,1.6666666666666667,59,57,1,0,56,56,21741,3,0,0,3,1
2020-07-04,US,Arkansas,Hot Spring,583,1,0,34.31709259,-92.95396325,5059.0,1726.3332444997186,0.17152658662092626,582,582,0,0,582,580,33701,1,1,0,0,2
2020-07-04,US,Arkansas,Howard,100,1,0,34.09007427,-93.9934871,5061.0,757.4609907589759,1.0,99,98,1,0,97,96,13341,2,0,0,2,2
2020-07-04,US,Arkansas,Independence,60,0,0,35.74242707,-91.57001641,5063.0,158.62524785194978,0.0,60,61,0,0,61,59,37678,-1,0,0,-1,2
2020-07-04,US,Arkansas,Izard,23,1,0,36.09604046,-91.90847954,5065.0,168.75779587643999,4.3478260869565215,22,23,1,0,22,23,13593,0,0,0,0,0
2020-07-04,US,Arkansas,Jackson,32,0,0,35.59802983,-91.21494602,5067.0,191.39900711765057,0.0,32,31,0,0,31,28,16811,1,0,0,1,3
2020-07-04,US,Arkansas,Jefferson,737,28,0,34.26767081,-91.92619839,5069.0,1102.8971626960374,3.799185888738128,709,726,28,0,698,720,68114,11,0,0,11,6
2020-07-04,US,Arkansas,Johnson,269,0,0,35.56759135,-93.46036368,5071.0,1012.1152833170293,0.0,269,253,0,0,253,251,26742,16,0,0,16,2
2020-07-04,US,Arkansas,Lafayette,21,1,0,33.24116713,-93.60677071,5073.0,317.0289855072464,4.761904761904762,20,21,1,0,20,19,6682,0,0,0,0,2
2020-07-04,US,Arkansas,Lawrence,102,9,0,36.04188196,-91.10867198,5075.0,621.7237596001463,8.823529411764708,93,102,9,0,93,102,16434,0,0,0,0,0
2020-07-04,US,Arkansas,Lee,798,2,0,34.78498904,-90.78383866,5077.0,9009.822739076435,0.2506265664160401,796,761,2,0,759,755,8985,37,0,0,37,6
2020-07-04,US,Arkansas,Lincoln,1041,11,0,33.95317155,-91.74002806,5079.0,7992.9361179361185,1.0566762728146013,1030,1041,11,0,1030,1041,13383,0,0,0,0,0
2020-07-04,US,Arkansas,Little River,40,0,0,33.70375665,-94.23468591,5081.0,326.29088832694345,0.0,40,40,0,0,40,40,12326,0,0,0,0,0
2020-07-04,US,Arkansas,Logan,58,0,0,35.21413234,-93.71951016,5083.0,270.1947265443026,0.0,58,53,0,0,53,49,21737,5,0,0,5,4
2020-07-04,US,Arkansas,Lonoke,164,1,0,34.75392199,-91.88742357,5085.0,223.7105948792099,0.6097560975609756,163,162,1,0,161,158,73657,2,0,0,2,4
2020-07-04,US,Arkansas,Madison,200,0,0,36.01038185,-93.72524943,5087.0,1206.5637065637065,0.0,200,198,0,0,198,197,16481,2,0,0,2,1
2020-07-04,US,Arkansas,Marion,12,0,0,36.26844485,-92.68451899,5089.0,71.88211333413203,0.0,12,11,0,0,11,11,16722,1,0,0,1,0
2020-07-04,US,Arkansas,Miller,129,2,0,33.31403423,-93.89285258,5091.0,298.2176295166101,1.5503875968992251,127,126,2,0,124,122,43592,3,0,0,3,4
2020-07-04,US,Arkansas,Mississippi,202,3,0,35.76271485,-90.05194370000002,5093.0,496.91274507392194,1.4851485148514851,199,194,3,0,191,185,41239,8,0,0,8,9
2020-07-04,US,Arkansas,Monroe,16,0,0,34.6815935,-91.20540287,5095.0,238.7703327861513,0.0,16,16,0,0,16,15,6900,0,0,0,0,1
2020-07-04,US,Arkansas,Montgomery,5,0,0,34.53704874,-93.65824478,5097.0,55.642109948809264,0.0,5,5,0,0,5,5,8924,0,0,0,0,0
2020-07-04,US,Arkansas,Nevada,104,3,0,33.66340119,-93.30632432,5099.0,1260.3005332040718,2.8846153846153846,101,104,3,0,101,104,8326,0,0,0,0,0
2020-07-04,US,Arkansas,Newton,8,0,0,35.91947491,-93.21612969,5101.0,103.18586353669548,0.0,8,7,0,0,7,6,7805,1,0,0,1,1
2020-07-04,US,Arkansas,Ouachita,21,0,0,33.58839816,-92.87795984,5103.0,89.81267641775725,0.0,21,20,0,0,20,20,23606,1,0,0,1,0
2020-07-04,US,Arkansas,Perry,35,0,0,34.945915299999996,-92.94372564,5105.0,334.7680535628885,0.0,35,34,0,0,34,33,10352,1,0,0,1,1
2020-07-04,US,Arkansas,Phillips,155,4,0,34.43268455,-90.84800154,5107.0,871.6679788550218,2.5806451612903225,151,155,3,0,152,149,18029,0,1,0,-1,6
2020-07-04,US,Arkansas,Pike,10,0,0,34.16250414,-93.65789349,5109.0,93.3009889904833,0.0,10,9,0,0,9,9,10673,1,0,0,1,0
2020-07-04,US,Arkansas,Poinsett,61,3,0,35.57433534,-90.66268713,5111.0,259.26555593335604,4.918032786885246,58,61,3,0,58,61,23974,0,0,0,0,0
2020-07-04,US,Arkansas,Polk,76,0,0,34.48254879,-94.22728802,5113.0,380.6852334201564,0.0,76,75,0,0,75,75,20049,1,0,0,1,0
2020-07-04,US,Arkansas,Pope,476,4,0,35.44871474,-93.03212219,5115.0,742.9142215008113,0.8403361344537815,472,468,4,0,464,451,64000,8,0,0,8,17
2020-07-04,US,Arkansas,Prairie,21,0,0,34.83624419,-91.55162157,5117.0,260.4812701562888,0.0,21,21,0,0,21,21,8074,0,0,0,0,0
2020-07-04,US,Arkansas,Pulaski,2345,60,0,34.77054088,-92.31355101,5119.0,598.3501356175254,2.55863539445629,2285,2258,59,0,2199,2183,392680,87,1,0,86,75
2020-07-04,US,Arkansas,Randolph,54,1,0,36.3415714,-91.02455531,5121.0,300.7016371533578,1.851851851851852,53,53,1,0,52,53,17948,1,0,0,1,0
2020-07-04,US,Arkansas,Saline,337,2,0,34.64916145,-92.67583224,5125.0,275.2435946650114,0.5934718100890207,335,319,2,0,317,311,121421,18,0,0,18,8
2020-07-04,US,Arkansas,Scott,12,0,0,34.85588887,-94.0632176,5127.0,116.72016340822876,0.0,12,12,0,0,12,12,10319,0,0,0,0,0
2020-07-04,US,Arkansas,Searcy,12,0,0,35.9109364,-92.69936482,5129.0,152.26494099733537,0.0,12,12,0,0,12,7,7958,0,0,0,0,5
2020-07-04,US,Arkansas,Sebastian,577,5,0,35.19605503,-94.27162713,5131.0,451.39133359931776,0.8665511265164645,572,548,5,0,543,533,127753,29,0,0,29,15
2020-07-04,US,Arkansas,Sevier,732,7,0,33.99780401,-94.2424869,5133.0,4304.110072323161,0.9562841530054644,725,726,7,0,719,717,17139,6,0,0,6,9
2020-07-04,US,Arkansas,Sharp,58,5,0,36.16258158,-91.47819342,5135.0,332.5306730879486,8.620689655172415,53,57,5,0,52,54,17366,1,0,0,1,3
2020-07-04,US,Arkansas,St. Francis,881,3,0,35.02201976,-90.74828138,5123.0,3524.845963031128,0.340522133938706,878,863,3,0,860,818,25439,18,0,0,18,45
2020-07-04,US,Arkansas,Stone,18,0,0,35.86251946,-92.15684085,5137.0,143.93091316168238,0.0,18,17,0,0,17,17,12457,1,0,0,1,0
2020-07-04,US,Arkansas,Unassigned,887,0,0,0.0,0.0,90005.0,0.0,0.0,887,783,0,0,783,737,,104,0,0,104,46
2020-07-04,US,Arkansas,Union,252,13,0,33.16887091,-92.59746952,5139.0,651.4657980456027,5.158730158730159,239,252,13,0,239,250,39126,0,0,0,0,2
2020-07-04,US,Arkansas,Van Buren,33,2,0,35.58095779,-92.51295036,5141.0,199.45602901178603,6.0606060606060606,31,33,2,0,31,33,16603,0,0,0,0,0
2020-07-04,US,Arkansas,Washington,3932,32,0,35.976844,-94.21800746,5143.0,1643.902051532901,0.8138351983723296,3900,3853,31,0,3822,3766,236961,79,1,0,78,87
2020-07-04,US,Arkansas,White,93,2,0,35.25688493,-91.74908296,5145.0,118.0907394004038,2.150537634408602,91,92,1,0,91,92,78727,1,1,0,0,0
2020-07-04,US,Arkansas,Woodruff,8,0,0,35.18902527,-91.2439489,5147.0,126.58227848101265,0.0,8,7,0,0,7,7,6490,1,0,0,1,0
2020-07-04,US,Arkansas,Yell,680,3,0,35.00292371,-93.41171338,5149.0,3186.354903706481,0.4411764705882353,677,668,3,0,665,658,21535,12,0,0,12,10
2020-07-04,US,California,Alameda,6556,140,0,37.64629437,-121.8929271,6001.0,392.26268436675247,2.1354484441732757,6416,6472,140,0,6332,6384,1666753,84,0,0,84,88
2020-07-04,US,California,Alpine,2,0,0,38.59678594,-119.82235940000001,6003.0,177.14791851195747,0.0,2,2,0,0,2,2,1101,0,0,0,0,0
2020-07-04,US,California,Amador,31,0,0,38.44583082,-120.65696000000001,6005.0,77.98349768565103,0.0,31,26,0,0,26,26,39383,5,0,0,5,0
2020-07-04,US,California,Butte,206,3,0,39.66727762,-121.6005252,6007.0,93.98410482421322,1.4563106796116505,203,206,3,0,203,206,231256,0,0,0,0,0
2020-07-04,US,California,Calaveras,53,0,0,38.20537103,-120.55291299999999,6009.0,115.4558326979632,0.0,53,53,0,0,53,53,45602,0,0,0,0,0
2020-07-04,US,California,Colusa,70,0,0,39.17881957,-122.2331726,6011.0,324.8712117696199,0.0,70,70,0,0,70,70,21627,0,0,0,0,0
2020-07-04,US,California,Contra Costa,3564,81,0,37.91923498,-121.9289527,6013.0,308.96572769057656,2.272727272727273,3483,3432,79,0,3353,3326,1150215,132,2,0,130,106
2020-07-04,US,California,Del Norte,58,1,0,41.74228275,-123.89740630000001,6015.0,208.54307493168412,1.7241379310344829,57,51,1,0,50,51,27828,7,0,0,7,0
2020-07-04,US,California,El Dorado,226,0,0,38.77965956,-120.5233166,6017.0,117.19377939567421,0.0,226,206,0,0,206,206,190678,20,0,0,20,0
2020-07-04,US,California,Fresno,5851,77,0,36.75733899,-119.6466953,6019.0,585.6264782039052,1.316014356520253,5774,5626,77,0,5549,5626,994400,225,0,0,225,0
2020-07-04,US,California,Glenn,122,0,0,39.59875897,-122.3938452,6021.0,429.68337266227593,0.0,122,122,0,0,122,122,28047,0,0,0,0,0
2020-07-04,US,California,Humboldt,144,4,0,40.69923009,-123.876044,6023.0,106.22759261718231,2.7777777777777777,140,144,4,0,140,138,136373,0,0,0,0,6
2020-07-04,US,California,Imperial,7039,114,0,33.0393082,-115.36690420000001,6025.0,3884.3362856275694,1.6195482312828526,6925,6979,105,0,6874,6824,181827,60,9,0,51,155
2020-07-04,US,California,Inyo,33,1,0,36.51112084,-117.41119779999998,6027.0,182.9369698985532,3.0303030303030303,32,33,1,0,32,32,17987,0,0,0,0,1
2020-07-04,US,California,Kern,5130,81,0,35.34329425,-118.72777959999999,6029.0,569.8720953741494,1.5789473684210529,5049,5100,80,0,5020,4939,896764,30,1,0,29,161
2020-07-04,US,California,Kings,2600,32,0,36.07409056,-119.8159973,6031.0,1700.0130770236694,1.2307692307692308,2568,2583,32,0,2551,2583,151366,17,0,0,17,0
2020-07-04,US,California,Lake,87,0,0,39.10124298,-122.75362439999999,6033.0,135.12254216755196,0.0,87,85,0,0,85,85,64382,2,0,0,2,0
2020-07-04,US,California,Lassen,242,0,0,40.67311306,-120.59350990000002,6035.0,791.5480979949631,0.0,242,234,0,0,234,234,30802,8,0,0,8,0
2020-07-04,US,California,Los Angeles,107826,3457,0,34.30828379,-118.22824109999999,6037.0,1074.0596748296437,3.2060912952349154,104369,107806,3457,0,104349,107792,10105518,20,0,0,20,14
2020-07-04,US,California,Madera,578,5,0,37.21513971,-119.76655890000002,6039.0,367.3876702663878,0.8650519031141869,573,566,5,0,561,566,157672,12,0,0,12,0
2020-07-04,US,California,Marin,2719,21,0,38.07122463,-122.72106310000001,6041.0,1050.5126996515032,0.7723427730783377,2698,2710,19,0,2691,2446,259666,9,2,0,7,264
2020-07-04,US,California,Mariposa,27,1,0,37.57978556,-119.9073334,6043.0,156.94936929605302,3.703703703703704,26,27,1,0,26,27,17471,0,0,0,0,0
2020-07-04,US,California,Mendocino,85,0,0,39.4381191,-123.39113130000001,6045.0,97.98383843041418,0.0,85,85,0,0,85,85,87606,0,0,0,0,0
2020-07-04,US,California,Merced,1272,11,0,37.18922369,-120.72090349999999,6047.0,458.0812445980985,0.8647798742138365,1261,1272,11,0,1261,1208,274765,0,0,0,0,64
2020-07-04,US,California,Mono,45,1,0,37.93899289,-118.8872409,6051.0,311.5480476322348,2.2222222222222223,44,41,1,0,40,41,14250,4,0,0,4,0
2020-07-04,US,California,Monterey,1915,15,0,36.21862405,-121.24133970000001,6053.0,441.1822301473757,0.783289817232376,1900,1791,15,0,1776,1748,435594,124,0,0,124,43
2020-07-04,US,California,Napa,376,4,0,38.50735751,-122.33283899999999,6055.0,272.9701475200372,1.0638297872340423,372,344,4,0,340,344,139417,32,0,0,32,0
2020-07-04,US,California,Nevada,129,1,0,39.30394768,-120.76272809999999,6057.0,129.3168262242494,0.7751937984496124,128,123,1,0,122,123,99696,6,0,0,6,0
2020-07-04,US,California,Orange,16191,363,0,33.70147516,-117.76459979999998,6059.0,509.8416345161936,2.241986288678896,15828,15778,360,0,15418,15065,3185968,413,3,0,410,713
2020-07-04,US,California,Placer,828,11,0,39.06167234,-120.72405690000001,6061.0,207.86837011616024,1.3285024154589369,817,786,11,0,775,754,393149,42,0,0,42,32
2020-07-04,US,California,Plumas,11,0,0,40.00355989,-120.8395236,6063.0,58.488860530653476,0.0,11,11,0,0,11,11,18804,0,0,0,0,0
2020-07-04,US,California,Riverside,19450,479,0,33.74314981,-115.9933578,6065.0,787.275363421689,2.462724935732648,18971,19450,479,0,18971,18720,2450758,0,0,0,0,730
2020-07-04,US,California,Sacramento,4004,69,0,38.45106826,-121.34253740000001,6067.0,257.9800497146369,1.7232767232767232,3935,3559,69,0,3490,3559,1540975,445,0,0,445,0
2020-07-04,US,California,San Benito,265,2,0,36.60308176,-121.069975,6069.0,421.9207744236403,0.7547169811320755,263,257,2,0,255,257,61537,8,0,0,8,0
2020-07-04,US,California,San Bernardino,13676,269,0,34.84060306,-116.1774685,6071.0,627.3149900118574,1.9669494004094763,13407,13676,269,0,13407,13152,2171603,0,0,0,0,524
2020-07-04,US,California,San Diego,15696,387,0,33.03484597,-116.73653259999999,6073.0,470.1752073641612,2.465596330275229,15309,15696,387,0,15309,15207,3343364,0,0,0,0,489
2020-07-04,US,California,San Francisco,3776,50,0,37.75215114,-122.43856720000001,6075.0,428.3369387294408,1.3241525423728813,3726,3776,50,0,3726,3719,883305,0,0,0,0,57
2020-07-04,US,California,San Joaquin,4474,55,0,37.93433732,-121.2730061,6077.0,587.0250922393026,1.2293249888243185,4419,4474,55,0,4419,4298,752660,0,0,0,0,176
2020-07-04,US,California,San Luis Obispo,701,2,0,35.38822029,-120.4039028,6079.0,247.60606263974202,0.28530670470756064,699,701,2,0,699,675,284010,0,0,0,0,26
2020-07-04,US,California,San Mateo,3536,108,0,37.422880799999994,-122.32755459999998,6081.0,461.2737469229936,3.0542986425339365,3428,3441,108,0,3333,3376,769545,95,0,0,95,65
2020-07-04,US,California,Santa Barbara,3261,29,0,34.65329488,-120.0188492,6083.0,730.3487801764394,0.8892977614228764,3232,3261,29,0,3232,3261,446527,0,0,0,0,0
2020-07-04,US,California,Santa Clara,5077,160,0,37.23104908,-121.6970462,6085.0,263.35009118957265,3.1514674020090605,4917,4849,160,0,4689,4750,1937570,228,0,0,228,99
2020-07-04,US,California,Santa Cruz,455,3,0,37.05580291,-122.0066524,6087.0,166.53673141468374,0.6593406593406593,452,417,3,0,414,410,274255,38,0,0,38,7
2020-07-04,US,California,Shasta,148,4,0,40.76391419,-122.0396884,6089.0,82.18569524655709,2.702702702702702,144,135,4,0,131,135,180040,13,0,0,13,0
2020-07-04,US,California,Sierra,1,0,0,39.57713498,-120.52007009999998,6091.0,33.277870216306155,0.0,1,1,0,0,1,1,2987,0,0,0,0,0
2020-07-04,US,California,Siskiyou,31,0,0,41.59198861,-122.54074340000001,6093.0,71.20053285560074,0.0,31,31,0,0,31,31,43724,0,0,0,0,0
2020-07-04,US,California,Solano,1476,25,0,38.26827353,-121.9357113,6095.0,329.7270369468528,1.6937669376693767,1451,1476,25,0,1451,1476,446610,0,0,0,0,0
2020-07-04,US,California,Sonoma,1359,11,0,38.52746429,-122.88625060000001,6097.0,274.91422837907817,0.8094186902133922,1348,1267,10,0,1257,1229,499942,92,1,0,91,38
2020-07-04,US,California,Stanislaus,2531,44,0,37.55862499,-120.9970722,6099.0,459.63026186757713,1.7384433030422757,2487,2391,44,0,2347,2391,549815,140,0,0,140,0
2020-07-04,US,California,Sutter,243,3,0,39.03417539,-121.6945899,6101.0,250.59038269173257,1.2345679012345678,240,206,3,0,203,206,96807,37,0,0,37,0
2020-07-04,US,California,Tehama,88,1,0,40.12570935,-122.23701709999999,6103.0,135.20988261323828,1.1363636363636365,87,88,1,0,87,88,63916,0,0,0,0,0
2020-07-04,US,California,Trinity,2,0,0,40.64917670000001,-123.114713,6105.0,16.28001628001628,0.0,2,2,0,0,2,2,12535,0,0,0,0,0
2020-07-04,US,California,Tulare,4627,136,0,36.22026558,-118.8020203,6107.0,992.5031370992824,2.939269505078885,4491,4627,136,0,4491,4521,465861,0,0,0,0,106
2020-07-04,US,California,Tuolumne,43,0,0,38.02644018,-119.95250929999999,6109.0,78.93094460149052,0.0,43,43,0,0,43,43,54539,0,0,0,0,0
2020-07-04,US,California,Ventura,3240,47,0,34.44465746,-119.09106129999999,6111.0,382.9760072623599,1.4506172839506173,3193,3240,47,0,3193,3240,850967,0,0,0,0,0
2020-07-04,US,California,Yolo,613,25,0,38.68278902,-121.90182879999999,6113.0,278.0045351473923,4.078303425774878,588,583,24,0,559,583,220408,30,1,0,29,0
2020-07-04,US,California,Yuba,106,1,0,39.26255932,-121.35356440000001,6115.0,134.74347892408602,0.9433962264150944,105,103,1,0,102,103,78041,3,0,0,3,0
2020-07-04,US,Colorado,Adams,4322,156,0,39.87432092,-104.3362578,8001.0,835.296596002095,3.609440074039796,4166,4287,156,0,4131,4267,511868,35,0,0,35,20
2020-07-04,US,Colorado,Alamosa,200,4,0,37.57250606,-105.7885451,8003.0,1232.0581531448286,2.0,196,199,4,0,195,199,16683,1,0,0,1,0
2020-07-04,US,Colorado,Arapahoe,5329,345,0,39.64977461,-104.3353617,8005.0,811.6176000243685,6.474010133233253,4984,5300,345,0,4955,5267,651215,29,0,0,29,33
2020-07-04,US,Colorado,Archuleta,10,0,0,37.19474156,-107.0476867,8007.0,71.2809180982251,0.0,10,9,0,0,9,9,13765,1,0,0,1,0
2020-07-04,US,Colorado,Baca,14,0,0,37.31940883,-102.5603223,8009.0,390.9522479754258,0.0,14,14,0,0,14,14,3585,0,0,0,0,0
2020-07-04,US,Colorado,Bent,5,0,0,37.95474293,-103.0720195,8011.0,89.65393580778195,0.0,5,5,0,0,5,4,5882,0,0,0,0,1
2020-07-04,US,Colorado,Boulder,1428,72,0,40.09313619,-105.3546767,8013.0,437.7736085053159,5.042016806722689,1356,1424,72,0,1352,1414,326078,4,0,0,4,10
2020-07-04,US,Colorado,Broomfield,312,30,0,39.95998787,-105.0566324,8014.0,442.7730078762505,9.615384615384617,282,307,30,0,277,307,69267,5,0,0,5,0
2020-07-04,US,Colorado,Chaffee,77,19,0,38.74745778,-106.19265729999998,8015.0,378.2668500687758,24.675324675324674,58,77,19,0,58,77,20027,0,0,0,0,0
2020-07-04,US,Colorado,Cheyenne,5,0,0,38.82777431,-102.6032558,8017.0,273.07482250136536,0.0,5,5,0,0,5,5,1876,0,0,0,0,0
2020-07-04,US,Colorado,Clear Creek,21,1,0,39.68864463,-105.6463118,8019.0,216.49484536082474,4.761904761904762,20,19,1,0,18,19,9605,2,0,0,2,0
2020-07-04,US,Colorado,Conejos,15,0,0,37.201606,-106.19174879999998,8021.0,182.81535648994515,0.0,15,15,0,0,15,15,8200,0,0,0,0,0
2020-07-04,US,Colorado,Costilla,22,0,0,37.27732493,-105.4276548,8023.0,565.9891947517366,0.0,22,22,0,0,22,22,3828,0,0,0,0,0
2020-07-04,US,Colorado,Crowley,71,1,0,38.32608609,-103.7844965,8025.0,1171.4238574492658,1.4084507042253518,70,70,1,0,69,70,5858,1,0,0,1,0
2020-07-04,US,Colorado,Custer,2,0,0,38.10883162,-105.3683478,8027.0,39.463299131807425,0.0,2,2,0,0,2,2,4954,0,0,0,0,0
2020-07-04,US,Colorado,Delta,84,1,0,38.86246243,-107.8631342,8029.0,269.5590783646749,1.1904761904761905,83,83,1,0,82,83,30953,1,0,0,1,0
2020-07-04,US,Colorado,Denver,7319,382,0,39.76018276,-104.8725695,8031.0,1006.4479222674023,5.219292253040033,6937,7279,382,0,6897,7228,716492,40,0,0,40,51
2020-07-04,US,Colorado,Douglas,1006,52,0,39.33133796,-104.930001,8035.0,286.48399277809733,5.168986083499006,954,993,52,0,941,984,342776,13,0,0,13,9
2020-07-04,US,Colorado,Eagle,701,8,0,39.62754308,-106.6933637,8037.0,1271.6091933172493,1.1412268188302426,693,700,8,0,692,697,54993,1,0,0,1,3
2020-07-04,US,Colorado,El Paso,2574,120,0,38.83240149,-104.5251411,8041.0,357.3000112437066,4.662004662004662,2454,2525,120,0,2405,2474,713856,49,0,0,49,51
2020-07-04,US,Colorado,Elbert,57,2,0,39.28656773,-104.1358721,8039.0,213.2515245613379,3.5087719298245608,55,57,2,0,55,57,26282,0,0,0,0,0
2020-07-04,US,Colorado,Fremont,40,0,0,38.47362326,-105.4399667,8043.0,83.61378791362695,0.0,40,38,0,0,38,38,48021,2,0,0,2,0
2020-07-04,US,Colorado,Garfield,318,2,0,39.59921777,-107.902708,8045.0,529.461713924177,0.6289308176100629,316,313,2,0,311,303,59770,5,0,0,5,10
2020-07-04,US,Colorado,Gilpin,7,0,0,39.85646523,-105.5252597,8047.0,112.12558065032835,0.0,7,7,0,0,7,7,6121,0,0,0,0,0
2020-07-04,US,Colorado,Grand,21,1,0,40.10603347,-106.1178042,8049.0,133.46892080844032,4.761904761904762,20,21,1,0,20,21,15525,0,0,0,0,0
2020-07-04,US,Colorado,Gunnison,189,6,0,38.66611652,-107.0320729,8051.0,1082.3502462489978,3.1746031746031744,183,188,6,0,182,188,17246,1,0,0,1,0
2020-07-04,US,Colorado,Hinsdale,3,0,0,37.82247444,-107.3004345,8053.0,365.8536585365854,0.0,3,3,0,0,3,3,811,0,0,0,0,0
2020-07-04,US,Colorado,Huerfano,4,1,0,37.68473101,-104.9612585,8055.0,57.99623024503408,25.0,3,4,1,0,3,4,6889,0,0,0,0,0
2020-07-04,US,Colorado,Jackson,2,0,0,40.66593870000001,-106.3408905,8057.0,143.67816091954026,0.0,2,2,0,0,2,2,1399,0,0,0,0,0
2020-07-04,US,Colorado,Jefferson,2776,212,0,39.58635604,-105.2517692,8059.0,476.255016032432,7.636887608069165,2564,2763,212,0,2551,2746,580233,13,0,0,13,17
2020-07-04,US,Colorado,Kit Carson,33,3,0,39.30497777,-102.6022199,8063.0,464.985205016204,9.090909090909092,30,33,3,0,30,33,7163,0,0,0,0,0
2020-07-04,US,Colorado,La Plata,121,1,0,37.28632032,-107.8429014,8067.0,215.2220700450009,0.8264462809917356,120,117,1,0,116,116,56310,4,0,0,4,1
2020-07-04,US,Colorado,Lake,52,0,0,39.20278823,-106.3555697,8065.0,639.8425003076165,0.0,52,51,0,0,51,51,7824,1,0,0,1,0
2020-07-04,US,Colorado,Larimer,791,29,0,40.66671597,-105.4625784,8069.0,221.63132987203662,3.666245259165613,762,776,29,0,747,757,350518,15,0,0,15,19
2020-07-04,US,Colorado,Las Animas,9,0,0,37.3153406,-104.0376458,8071.0,62.04329243071832,0.0,9,9,0,0,9,9,14503,0,0,0,0,0
2020-07-04,US,Colorado,Lincoln,4,0,0,38.98749519,-103.5136649,8073.0,70.1631292755657,0.0,4,4,0,0,4,4,5610,0,0,0,0,0
2020-07-04,US,Colorado,Logan,640,5,0,40.7249637,-103.110817,8075.0,2855.995359007541,0.78125,635,638,5,0,633,638,21528,2,0,0,2,0
2020-07-04,US,Colorado,Mesa,113,0,0,39.01787888,-108.469799,8077.0,73.27670060307373,0.0,113,109,0,0,109,102,153207,4,0,0,4,7
2020-07-04,US,Colorado,Mineral,9,0,0,37.66954283,-106.9281698,8079.0,1170.3511053315995,0.0,9,9,0,0,9,7,776,0,0,0,0,2
2020-07-04,US,Colorado,Moffat,13,0,0,40.61810999,-108.2070876,8081.0,97.86945720093351,0.0,13,13,0,0,13,13,13188,0,0,0,0,0
2020-07-04,US,Colorado,Montezuma,73,3,0,37.33859579,-108.5958857,8083.0,278.806859412596,4.109589041095891,70,72,3,0,69,71,26158,1,0,0,1,1
2020-07-04,US,Colorado,Montrose,208,12,0,38.40214114,-108.26390220000002,8085.0,486.45867440011233,5.769230769230768,196,209,12,0,197,208,42214,-1,0,0,-1,1
2020-07-04,US,Colorado,Morgan,655,46,0,40.26279810000001,-103.8093302,8087.0,2253.337002889776,7.022900763358778,609,654,46,0,608,654,28558,1,0,0,1,0
2020-07-04,US,Colorado,Otero,22,1,0,37.9014485,-103.7173385,8089.0,120.3632782580151,4.545454545454546,21,22,1,0,21,22,18432,0,0,0,0,0
2020-07-04,US,Colorado,Ouray,12,1,0,38.14717457,-107.7675136,8091.0,242.3263327948304,8.333333333333334,11,11,1,0,10,11,4833,1,0,0,1,0
2020-07-04,US,Colorado,Park,27,0,0,39.120926,-105.7182065,8093.0,143.27407800477582,0.0,27,27,0,0,27,27,18556,0,0,0,0,0
2020-07-04,US,Colorado,Phillips,16,0,0,40.59414277,-102.3577703,8095.0,375.14654161781954,0.0,16,16,0,0,16,16,4286,0,0,0,0,0
2020-07-04,US,Colorado,Pitkin,104,2,0,39.21720112,-106.9310027,8097.0,585.3548713907808,1.9230769230769231,102,102,2,0,100,102,17950,2,0,0,2,0
2020-07-04,US,Colorado,Prowers,24,0,0,37.95544985,-102.3926052,8099.0,197.17384160368061,0.0,24,24,0,0,24,21,12164,0,0,0,0,3
2020-07-04,US,Colorado,Pueblo,404,30,0,38.17359144,-104.5127437,8101.0,239.87080226096043,7.425742574257426,374,396,30,0,366,393,167529,8,0,0,8,3
2020-07-04,US,Colorado,Rio Blanco,4,0,0,39.97913541,-108.2179009,8103.0,63.25110689437065,0.0,4,4,0,0,4,4,6336,0,0,0,0,0
2020-07-04,US,Colorado,Rio Grande,79,2,0,37.5836865,-106.3847838,8105.0,701.1626874944528,2.5316455696202533,77,79,2,0,77,78,11250,0,0,0,0,1
2020-07-04,US,Colorado,Routt,77,6,0,40.48596505,-106.9905548,8107.0,300.3354395818707,7.792207792207793,71,76,6,0,70,75,25733,1,0,0,1,1
2020-07-04,US,Colorado,Saguache,102,2,0,38.08054629,-106.282466,8109.0,1494.7245017584994,1.96078431372549,100,102,2,0,100,102,6843,0,0,0,0,0
2020-07-04,US,Colorado,San Juan,2,0,0,37.76248981,-107.67632890000002,8111.0,274.72527472527474,0.0,2,2,0,0,2,2,762,0,0,0,0,0
2020-07-04,US,Colorado,San Miguel,39,0,0,38.00450883,-108.4020725,8113.0,476.8309084240127,0.0,39,39,0,0,39,39,8191,0,0,0,0,0
2020-07-04,US,Colorado,Summit,278,4,0,39.63803232,-106.1150762,8117.0,896.4560962239206,1.4388489208633093,274,277,4,0,273,276,31007,1,0,0,1,1
2020-07-04,US,Colorado,Teller,43,2,0,38.88133511,-105.1614893,8119.0,169.37135654639988,4.651162790697675,41,42,2,0,40,41,25083,1,0,0,1,1
2020-07-04,US,Colorado,Washington,46,0,0,39.97015535,-103.202587,8121.0,937.2453137734312,0.0,46,46,0,0,46,46,4909,0,0,0,0,0
2020-07-04,US,Colorado,Weld,2862,137,0,40.55499405,-104.3929621,8123.0,881.9940090972967,4.786862334032144,2725,2853,137,0,2716,2839,314305,9,0,0,9,14
2020-07-04,US,Colorado,Yuma,53,0,0,40.00346839,-102.4258673,8125.0,528.9949096716239,0.0,53,52,0,0,52,52,10020,1,0,0,1,0
2020-07-04,US,Connecticut,Fairfield,16757,1377,0,41.26809896,-73.3881171,9001.0,1776.3629347886006,8.21746135943188,15380,16757,1377,0,15380,16733,943823,0,0,0,0,24
2020-07-04,US,Connecticut,Hartford,11728,1378,0,41.80283011,-72.73103891,9003.0,1315.211052796842,11.749658935879946,10350,11728,1378,0,10350,11716,892697,0,0,0,0,12
2020-07-04,US,Connecticut,Litchfield,1494,137,0,41.7937534,-73.2451475,9005.0,828.4673354294556,9.170013386880855,1357,1494,137,0,1357,1492,181111,0,0,0,0,2
2020-07-04,US,Connecticut,Middlesex,1308,186,0,41.45949668,-72.53714864,9007.0,805.2402176857347,14.220183486238533,1122,1308,186,0,1122,1311,162682,0,0,0,0,-3
2020-07-04,US,Connecticut,New Haven,12409,1077,0,41.408032500000004,-72.93620426,9009.0,1451.7576340410199,8.679184462889838,11332,12409,1077,0,11332,12383,857620,0,0,0,0,26
2020-07-04,US,Connecticut,New London,1277,102,0,41.48896435,-72.10430976,9011.0,481.5124846345858,7.987470634299139,1175,1277,102,0,1175,1273,266784,0,0,0,0,4
2020-07-04,US,Connecticut,Tolland,915,64,0,41.85853803,-72.3308481,9013.0,607.0819593819042,6.994535519125682,851,915,64,0,851,915,150921,0,0,0,0,0
2020-07-04,US,Connecticut,Unassigned,213,0,0,0.0,0.0,90009.0,0.0,0.0,213,213,0,0,213,211,,0,0,0,0,2
2020-07-04,US,Connecticut,Windham,616,14,0,41.82972709,-71.98182316,9015.0,527.4785497765066,2.272727272727273,602,616,14,0,602,612,117027,0,0,0,0,4
2020-07-04,US,Delaware,Kent,1735,92,0,39.08646628,-75.56884914,10001.0,959.6982067195468,5.302593659942364,1643,1730,92,0,1638,1716,178550,5,0,0,5,14
2020-07-04,US,Delaware,New Castle,5334,245,0,39.57992638,-75.64054974,10003.0,954.6257469758552,4.593175853018373,5089,5277,245,0,5032,5183,559335,57,0,0,57,94
2020-07-04,US,Delaware,Sussex,4854,175,0,38.66143781,-75.39031349,10005.0,2072.3663144412426,3.605274000824063,4679,4847,175,0,4672,4779,229286,7,0,0,7,68
2020-07-04,US,Delaware,Unassigned,73,0,0,0.0,0.0,90010.0,0.0,0.0,73,69,0,0,69,53,,4,0,0,4,16
2020-07-04,US,District of Columbia,District of Columbia,10447,557,0,38.90417773,-77.01655992,11001.0,1480.2713145891812,5.331674164832009,9890,10435,555,0,9880,10390,702455,12,2,0,10,45
2020-07-04,US,Florida,Alachua,1506,12,0,29.67866525,-82.35928158,12001.0,559.7618224596068,0.796812749003984,1494,1423,12,0,1411,1332,269956,83,0,0,83,91
2020-07-04,US,Florida,Baker,98,4,0,30.33060121,-82.28467476,12003.0,335.5015405682985,4.081632653061225,94,84,4,0,80,80,28355,14,0,0,14,4
2020-07-04,US,Florida,Bay,684,5,0,30.26548745,-85.62122584,12005.0,391.5171288743883,0.7309941520467836,679,625,5,0,620,581,185287,59,0,0,59,44
2020-07-04,US,Florida,Bradford,94,2,0,29.95079741,-82.16611613,12007.0,333.3215134215098,2.127659574468085,92,92,2,0,90,89,27732,2,0,0,2,3
2020-07-04,US,Florida,Brevard,2453,19,0,28.29409504,-80.73091022,12009.0,407.51434523591973,0.7745617611088463,2434,2366,18,0,2348,2180,596849,87,1,0,86,186
2020-07-04,US,Florida,Broward,19575,409,0,26.15184651,-80.48725556,12011.0,1002.4180936081826,2.0893997445721584,19166,18229,406,0,17823,17116,1951260,1346,3,0,1343,1113
2020-07-04,US,Florida,Calhoun,93,6,0,30.40666734,-85.19394153,12013.0,659.3406593406594,6.451612903225807,87,97,6,0,91,85,14587,-4,0,0,-4,12
2020-07-04,US,Florida,Charlotte,887,76,0,26.90131002,-81.92949121,12015.0,469.53575776824937,8.568207440811724,811,860,76,0,784,836,184998,27,0,0,27,24
2020-07-04,US,Florida,Citrus,372,13,0,28.84804315,-82.47614748,12017.0,248.56839305879444,3.4946236559139785,359,364,13,0,351,345,147929,8,0,0,8,19
2020-07-04,US,Florida,Clay,936,34,0,29.98319144,-81.85609986,12019.0,426.9060259427508,3.632478632478633,902,871,34,0,837,801,216072,65,0,0,65,70
2020-07-04,US,Florida,Collier,4880,85,0,26.11091986,-81.34687065,12021.0,1267.8551943092011,1.7418032786885247,4795,4701,85,0,4616,4539,378488,179,0,0,179,162
2020-07-04,US,Florida,Columbia,348,3,0,30.22509788,-82.62160164,12023.0,485.45043662639847,0.8620689655172413,345,331,3,0,328,316,70503,17,0,0,17,15
2020-07-04,US,Florida,DeSoto,733,10,0,27.18677893,-81.80941373,12027.0,1928.8966079840009,1.364256480218281,723,676,10,0,666,661,37489,57,0,0,57,15
2020-07-04,US,Florida,Dixie,75,4,0,29.60631086,-83.15724673,12029.0,445.73873766789495,5.333333333333333,71,72,4,0,68,69,16700,3,0,0,3,3
2020-07-04,US,Florida,Duval,8614,68,0,30.33225875,-81.66976468,12031.0,899.3949392067909,0.7894125841653122,8546,7961,68,0,7893,7247,950181,653,0,0,653,714
2020-07-04,US,Florida,Escambia,2597,47,0,30.67652764,-87.37284571,12033.0,815.8559418942183,1.809780515979977,2550,2397,46,0,2351,2240,315534,200,1,0,199,157
2020-07-04,US,Florida,Flagler,369,5,0,29.45933576,-81.31508595,12035.0,320.6437205099017,1.3550135501355014,364,359,5,0,354,340,112067,10,0,0,10,19
2020-07-04,US,Florida,Franklin,11,0,0,29.83791238,-84.82731662,12037.0,90.72164948453607,0.0,11,11,0,0,11,9,11736,0,0,0,0,2
2020-07-04,US,Florida,Gadsden,446,7,0,30.57796289,-84.61915825,12039.0,976.7849321068767,1.5695067264573992,439,428,7,0,421,406,45894,18,0,0,18,22
2020-07-04,US,Florida,Gilchrist,112,0,0,29.72856978,-82.79880657,12041.0,602.733828436121,0.0,112,109,0,0,109,106,18256,3,0,0,3,3
2020-07-04,US,Florida,Glades,174,1,0,26.95635849,-81.18996211,12043.0,1259.8653247411485,0.5747126436781609,173,172,1,0,171,167,13724,2,0,0,2,5
2020-07-04,US,Florida,Gulf,34,0,0,29.93543004,-85.24270990000002,12045.0,249.2851382066134,0.0,34,34,0,0,34,32,16164,0,0,0,0,2
2020-07-04,US,Florida,Hamilton,382,2,0,30.49673973,-82.94998918,12047.0,2647.629609093429,0.5235602094240838,380,380,2,0,378,376,14310,2,0,0,2,4
2020-07-04,US,Florida,Hardee,504,3,0,27.49293939,-81.80956574,12049.0,1871.0324089542264,0.5952380952380952,501,496,3,0,493,468,27245,8,0,0,8,28
2020-07-04,US,Florida,Hendry,1052,27,0,26.55386945,-81.16469006,12051.0,2503.4505735091143,2.5665399239543727,1025,1021,27,0,994,993,41556,31,0,0,31,28
2020-07-04,US,Florida,Hernando,521,5,0,28.55364461,-82.42700204,12053.0,268.6674917491749,0.9596928982725528,516,472,5,0,467,451,190865,49,0,0,49,21
2020-07-04,US,Florida,Highlands,397,11,0,27.34254618,-81.34071957,12055.0,373.74907033449136,2.7707808564231735,386,390,11,0,379,372,105424,7,0,0,7,18
2020-07-04,US,Florida,Hillsborough,13700,150,0,27.9276559,-82.32013172,12057.0,930.726754929455,1.094890510948905,13550,13044,148,0,12896,12376,1436888,656,2,0,654,668
2020-07-04,US,Florida,Holmes,195,0,0,30.86747479,-85.81319222,12059.0,994.0357852882704,0.0,195,196,0,0,196,191,19477,-1,0,0,-1,5
2020-07-04,US,Florida,Indian River,897,16,0,27.69308961,-80.60556721,12061.0,560.8949306853923,1.7837235228539576,881,820,16,0,804,772,157413,77,0,0,77,48
2020-07-04,US,Florida,Jackson,401,2,0,30.795459700000002,-85.21500423,12063.0,863.9634593010727,0.4987531172069826,399,394,2,0,392,381,48305,7,0,0,7,13
2020-07-04,US,Florida,Jefferson,58,4,0,30.43669112,-83.89442308,12065.0,407.13182647760783,6.896551724137932,54,57,4,0,53,57,14288,1,0,0,1,0
2020-07-04,US,Florida,Lafayette,36,0,0,29.98484137,-83.18166636,12067.0,427.4519116599383,0.0,36,34,0,0,34,33,8732,2,0,0,2,1
2020-07-04,US,Florida,Lake,1694,23,0,28.76202069,-81.7125123,12069.0,461.43201913281285,1.3577331759149942,1671,1603,23,0,1580,1508,356495,91,0,0,91,95
2020-07-04,US,Florida,Lee,7215,162,0,26.58410348,-81.88399313,12071.0,936.3113614862629,2.245322245322245,7053,6668,162,0,6506,6223,754610,547,0,0,547,445
2020-07-04,US,Florida,Leon,1638,8,0,30.45955727,-84.27491114,12073.0,557.9361132494498,0.4884004884004884,1630,1466,8,0,1458,1377,292502,172,0,0,172,89
2020-07-04,US,Florida,Levy,202,1,0,29.31829741,-82.74007147,12075.0,486.7118039659784,0.4950495049504951,201,192,1,0,191,182,40770,10,0,0,10,10
2020-07-04,US,Florida,Liberty,238,1,0,30.23766008,-84.8829258,12077.0,2848.934642087623,0.4201680672268908,237,238,1,0,237,230,8457,0,0,0,0,8
2020-07-04,US,Florida,Madison,239,3,0,30.44396917,-83.47398594,12079.0,1292.3809008814144,1.2552301255230125,236,220,3,0,217,218,18529,19,0,0,19,2
2020-07-04,US,Florida,Manatee,3554,131,0,27.47196942,-82.31831044,12081.0,881.3325629319559,3.6859876195835684,3423,3261,131,0,3130,3175,394855,293,0,0,293,86
2020-07-04,US,Florida,Marion,868,12,0,29.21227113,-82.05803627,12083.0,237.431581135678,1.3824884792626728,856,817,12,0,805,789,359977,51,0,0,51,28
2020-07-04,US,Florida,Martin,2251,28,0,27.0772071,-80.43109784,12085.0,1398.136645962733,1.2438916037316747,2223,2208,28,0,2180,2151,160912,43,0,0,43,57
2020-07-04,US,Florida,Miami-Dade,44729,1038,0,25.6112362,-80.55170587,12086.0,1646.300617606572,2.320642089025017,43691,42311,1034,0,41277,40265,2761581,2418,4,0,2414,2046
2020-07-04,US,Florida,Monroe,337,5,0,25.20904673,-81.07812416,12087.0,454.00657433852456,1.483679525222552,332,322,5,0,317,296,75027,15,0,0,15,26
2020-07-04,US,Florida,Nassau,277,1,0,30.61037141,-81.80297522,12089.0,312.5528913963329,0.36101083032490977,276,253,1,0,252,225,85832,24,0,0,24,28
2020-07-04,US,Florida,Okaloosa,880,8,0,30.69143028,-86.59267105,12091.0,417.5801231861364,0.9090909090909092,872,820,8,0,812,770,207269,60,0,0,60,50
2020-07-04,US,Florida,Okeechobee,413,0,0,27.386336199999995,-80.88944347,12093.0,979.4156706507305,0.0,413,402,0,0,402,390,41537,11,0,0,11,12
2020-07-04,US,Florida,Orange,13262,59,0,28.51367621,-81.31799498,12095.0,951.7371247807604,0.4448801085809079,13203,12078,59,0,12019,11458,1380645,1184,0,0,1184,620
2020-07-04,US,Florida,Osceola,2781,26,0,28.06312234,-81.14882926,12097.0,740.117790771016,0.934915498022294,2755,2526,25,0,2501,2349,367990,255,1,0,254,177
2020-07-04,US,Florida,Palm Beach,16149,541,0,26.64676272,-80.46536002,12099.0,1078.9232814660902,3.3500526348380704,15608,15324,536,0,14788,14859,1485941,825,5,0,820,465
2020-07-04,US,Florida,Pasco,2608,23,0,28.30810945,-82.40227529,12101.0,470.8031634795386,0.8819018404907976,2585,2443,23,0,2420,2274,539630,165,0,0,165,169
2020-07-04,US,Florida,Pinellas,8116,184,0,27.93130349,-82.72239666,12103.0,832.4136714407033,2.267126663380976,7932,7697,183,0,7514,7249,975280,419,1,0,418,448
2020-07-04,US,Florida,Polk,4906,105,0,27.95027105,-81.69732947,12105.0,676.89785961751,2.1402364451691804,4801,4660,105,0,4555,4327,708009,246,0,0,246,333
2020-07-04,US,Florida,Putnam,516,6,0,29.60779729,-81.74230285,12107.0,692.4222702325519,1.162790697674419,510,489,6,0,483,433,74163,27,0,0,27,56
2020-07-04,US,Florida,Santa Rosa,815,9,0,30.69341450000001,-87.02458128,12113.0,442.1825915697754,1.1042944785276074,806,743,9,0,734,676,179349,72,0,0,72,67
2020-07-04,US,Florida,Sarasota,2059,98,0,27.18546175,-82.33174248,12115.0,474.70616172747856,4.759592034968431,1961,1814,98,0,1716,1707,426718,245,0,0,245,107
2020-07-04,US,Florida,Seminole,3205,20,0,28.7158582,-81.24060348,12117.0,679.2758347356863,0.62402496099844,3185,2987,20,0,2967,2837,467832,218,0,0,218,150
2020-07-04,US,Florida,St. Johns,1259,8,0,29.90096506,-81.43589967,12109.0,475.6831096602587,0.6354249404289118,1251,1188,8,0,1180,1088,254261,71,0,0,71,100
2020-07-04,US,Florida,St. Lucie,2109,50,0,27.37763908,-80.47106649,12111.0,642.4061139760644,2.3707918444760554,2059,1983,50,0,1933,1876,321128,126,0,0,126,107
2020-07-04,US,Florida,Sumter,408,17,0,28.70181754,-82.0794267,12119.0,308.1105573176257,4.166666666666667,391,401,17,0,384,387,128754,7,0,0,7,14
2020-07-04,US,Florida,Suwannee,597,21,0,30.19746066,-82.99099670000003,12121.0,1344.0799693810927,3.5175879396984926,576,581,21,0,560,561,44191,16,0,0,16,20
2020-07-04,US,Florida,Taylor,97,1,0,30.04848048,-83.60445406,12123.0,449.7195048449163,1.0309278350515465,96,91,1,0,90,85,21623,6,0,0,6,6
2020-07-04,US,Florida,Unassigned,201,0,0,0.0,0.0,90012.0,0.0,0.0,201,187,0,0,187,172,,14,0,0,14,15
2020-07-04,US,Florida,Union,82,2,0,30.04412971,-82.37497443,12125.0,538.163680514537,2.4390243902439024,80,74,2,0,72,71,14940,8,0,0,8,3
2020-07-04,US,Florida,Volusia,2604,58,0,29.05858895,-81.18263252,12127.0,470.6443707029301,2.227342549923195,2546,2496,58,0,2438,2372,547538,108,0,0,108,124
2020-07-04,US,Florida,Wakulla,84,1,0,30.16548905,-84.39895211,12129.0,248.97003467796912,1.1904761904761905,83,72,1,0,71,71,32461,12,0,0,12,1
2020-07-04,US,Florida,Walton,305,9,0,30.64204028,-86.16935664,12131.0,411.7670883341658,2.950819672131148,296,295,9,0,286,291,71375,10,0,0,10,4
2020-07-04,US,Florida,Washington,120,13,0,30.61359259,-85.66002461,12133.0,471.08703332940763,10.833333333333336,107,118,13,0,105,117,24880,2,0,0,2,1
2020-07-04,US,Georgia,Appling,285,14,0,31.74847232,-82.28909114,13001.0,1550.0924616556076,4.912280701754386,271,274,14,0,260,266,18507,11,0,0,11,8
2020-07-04,US,Georgia,Atkinson,162,2,0,31.29633502,-82.87545866,13003.0,1984.07838334354,1.2345679012345678,160,158,2,0,156,155,8297,4,0,0,4,3
2020-07-04,US,Georgia,Bacon,280,4,0,31.55456473,-82.45936528,13005.0,2508.0616266571124,1.4285714285714286,276,274,4,0,270,254,11185,6,0,0,6,20
2020-07-04,US,Georgia,Baker,43,3,0,31.32669878,-84.44218806,13007.0,1415.4048716260697,6.9767441860465125,40,43,3,0,40,43,3092,0,0,0,0,0
2020-07-04,US,Georgia,Baldwin,564,34,0,33.06882326,-83.24701748,13009.0,1256.4045444419694,6.028368794326241,530,554,34,0,520,543,44823,10,0,0,10,11
2020-07-04,US,Georgia,Banks,142,1,0,34.35607081,-83.49644388,13011.0,738.275969637101,0.7042253521126759,141,141,1,0,140,140,18988,1,0,0,1,1
2020-07-04,US,Georgia,Barrow,535,25,0,33.99148694,-83.71436292,13013.0,642.7198462277751,4.672897196261682,510,531,25,0,506,523,80809,4,0,0,4,8
2020-07-04,US,Georgia,Bartow,765,42,0,34.23732119,-84.83887523,13015.0,710.0558762924874,5.490196078431373,723,746,42,0,704,727,106408,19,0,0,19,19
2020-07-04,US,Georgia,Ben Hill,184,1,0,31.76095874,-83.22145359,13017.0,1101.7964071856288,0.5434782608695652,183,183,1,0,182,174,16787,1,0,0,1,9
2020-07-04,US,Georgia,Berrien,130,0,0,31.27590016,-83.22529920000002,13019.0,670.2067329999485,0.0,130,127,0,0,127,121,19252,3,0,0,3,6
2020-07-04,US,Georgia,Bibb,1118,41,0,32.80904227,-83.70489165,13021.0,729.9603679835988,3.6672629695885517,1077,1036,41,0,995,969,153095,82,0,0,82,67
2020-07-04,US,Georgia,Bleckley,69,1,0,32.43829035,-83.33035166,13023.0,536.0055931018411,1.4492753623188406,68,67,1,0,66,64,12838,2,0,0,2,3
2020-07-04,US,Georgia,Brantley,110,3,0,31.19576557,-81.97743999,13025.0,575.6449840389346,2.727272727272727,107,104,3,0,101,99,18897,6,0,0,6,5
2020-07-04,US,Georgia,Brooks,177,11,0,30.83922642,-83.58303423,13027.0,1145.112246878437,6.214689265536723,166,163,11,0,152,158,15513,14,0,0,14,5
2020-07-04,US,Georgia,Bryan,163,5,0,32.00979311,-81.44002948,13029.0,411.3357054533525,3.0674846625766867,158,147,5,0,142,142,38109,16,0,0,16,5
2020-07-04,US,Georgia,Bulloch,483,4,0,32.39577406,-81.74811421,13031.0,606.7229424178472,0.8281573498964804,479,465,4,0,461,411,77296,18,0,0,18,54
2020-07-04,US,Georgia,Burke,154,7,0,33.05917989,-81.99928721,13033.0,688.0221596747533,4.545454545454546,147,150,7,0,143,146,22423,4,0,0,4,4
2020-07-04,US,Georgia,Butts,291,33,0,33.283094500000004,-83.95435040000002,13035.0,1166.987487969201,11.340206185567009,258,288,33,0,255,280,24193,3,0,0,3,8
2020-07-04,US,Georgia,Calhoun,166,6,0,31.53169785,-84.62725131,13037.0,2682.1780578445628,3.614457831325301,160,165,6,0,159,163,6352,1,0,0,1,2
2020-07-04,US,Georgia,Camden,183,2,0,30.92951916,-81.66601818,13039.0,334.7601800021952,1.0928961748633879,181,170,2,0,168,147,53677,13,0,0,13,23
2020-07-04,US,Georgia,Candler,58,0,0,32.40209349,-82.07702563,13043.0,536.8879015088402,0.0,58,57,0,0,57,46,10836,1,0,0,1,11
2020-07-04,US,Georgia,Carroll,813,40,0,33.58138199,-85.07976677,13045.0,677.5451696779785,4.920049200492005,773,770,40,0,730,741,118121,43,0,0,43,29
2020-07-04,US,Georgia,Catoosa,323,8,0,34.89872298,-85.13757014,13047.0,477.9520568215448,2.476780185758514,315,321,8,0,313,319,67420,2,0,0,2,2
2020-07-04,US,Georgia,Charlton,65,2,0,30.78371028,-82.13951596,13049.0,485.36439665471926,3.0769230769230766,63,61,2,0,59,58,12968,4,0,0,4,3
2020-07-04,US,Georgia,Chatham,1790,37,0,32.00043026,-81.12489526,13051.0,618.4569671423142,2.0670391061452515,1753,1647,37,0,1610,1505,289195,143,0,0,143,142
2020-07-04,US,Georgia,Chattahoochee,428,0,0,32.34341231,-84.78809239,13053.0,3924.0854497111945,0.0,428,426,0,0,426,421,10684,2,0,0,2,5
2020-07-04,US,Georgia,Chattooga,67,2,0,34.47197698,-85.34535662,13055.0,270.2811731009722,2.985074626865672,65,67,2,0,65,63,24790,0,0,0,0,4
2020-07-04,US,Georgia,Cherokee,1434,44,0,34.24393976,-84.47431861,13057.0,554.1536404493513,3.0683403068340307,1390,1399,44,0,1355,1368,254149,35,0,0,35,31
2020-07-04,US,Georgia,Clarke,690,15,0,33.95436462,-83.37124007,13059.0,537.6721135189472,2.1739130434782608,675,661,15,0,646,607,127330,29,0,0,29,54
2020-07-04,US,Georgia,Clay,56,2,0,31.62221166,-84.97713865,13061.0,1976.0056457304165,3.571428571428572,54,56,2,0,54,56,2887,0,0,0,0,0
2020-07-04,US,Georgia,Clayton,2280,79,0,33.54187245,-84.35594188,13063.0,780.1379612394612,3.4649122807017543,2201,2181,79,0,2102,2076,289615,99,0,0,99,105
2020-07-04,US,Georgia,Clinch,112,3,0,30.91395822,-82.70432472,13065.0,1692.3541855545486,2.6785714285714284,109,110,3,0,107,108,6648,2,0,0,2,2
2020-07-04,US,Georgia,Cobb,5679,245,0,33.94243204,-84.5761255,13067.0,747.0982357220569,4.3141398133474205,5434,5507,245,0,5262,5301,756865,172,0,0,172,206
2020-07-04,US,Georgia,Coffee,613,17,0,31.54892966,-82.85492059999999,13069.0,1416.587710581656,2.7732463295269167,596,597,17,0,580,580,43093,16,0,0,16,17
2020-07-04,US,Georgia,Colquitt,1085,18,0,31.18810588,-83.7677946,13071.0,2379.3859649122805,1.6589861751152073,1067,1050,18,0,1032,1016,45592,35,0,0,35,34
2020-07-04,US,Georgia,Columbia,602,9,0,33.54534185,-82.263524,13073.0,384.1392600533457,1.495016611295681,593,565,9,0,556,531,154291,37,0,0,37,34
2020-07-04,US,Georgia,Cook,171,2,0,31.16068491,-83.42947229,13075.0,990.1563404748116,1.1695906432748535,169,156,2,0,154,148,17162,15,0,0,15,8
2020-07-04,US,Georgia,Coweta,766,16,0,33.35334302,-84.76129976,13077.0,515.7936556033641,2.0887728459530033,750,754,16,0,738,708,145864,12,0,0,12,46
2020-07-04,US,Georgia,Crawford,50,0,0,32.71391813,-83.98061238,13079.0,403.0957755562722,0.0,50,50,0,0,50,49,12318,0,0,0,0,1
2020-07-04,US,Georgia,Crisp,287,12,0,31.92289565,-83.76811843,13081.0,1282.8535669586984,4.181184668989547,275,278,12,0,266,276,22601,9,0,0,9,2
2020-07-04,US,Georgia,Dade,74,1,0,34.854916700000004,-85.50490424,13083.0,459.1710101762224,1.351351351351351,73,74,1,0,73,68,16226,0,0,0,0,6
2020-07-04,US,Georgia,Dawson,153,3,0,34.44244079,-84.16964071,13085.0,586.0272713344568,1.96078431372549,150,148,3,0,145,146,25083,5,0,0,5,2
2020-07-04,US,Georgia,DeKalb,6689,173,0,33.76944049,-84.22396017,13089.0,880.9464544177048,2.5863357751532368,6516,6381,173,0,6208,6172,756558,308,0,0,308,209
2020-07-04,US,Georgia,Decatur,266,8,0,30.87967778,-84.57619536,13087.0,1007.423117709438,3.0075187969924815,258,262,8,0,254,261,26575,4,0,0,4,1
2020-07-04,US,Georgia,Dodge,113,2,0,32.17265114,-83.16948926,13091.0,548.4105799563214,1.7699115044247788,111,113,2,0,111,107,20705,0,0,0,0,6
2020-07-04,US,Georgia,Dooly,212,12,0,32.15630737,-83.79746561,13093.0,1583.2710978342047,5.660377358490566,200,211,12,0,199,210,13706,1,0,0,1,1
2020-07-04,US,Georgia,Dougherty,1969,155,0,31.53328528,-84.21722377,13095.0,2238.6193096548272,7.87201625190452,1814,1939,155,0,1784,1922,91243,30,0,0,30,17
2020-07-04,US,Georgia,Douglas,1079,36,0,33.70291126,-84.77026156,13097.0,737.3089249229547,3.336422613531047,1043,1041,36,0,1005,1021,145331,38,0,0,38,20
2020-07-04,US,Georgia,Early,275,31,0,31.32155345,-84.90255207,13099.0,2698.724239450441,11.272727272727273,244,273,31,0,242,267,10247,2,0,0,2,6
2020-07-04,US,Georgia,Echols,185,0,0,30.71101099,-82.89687287,13101.0,4618.072890664004,0.0,185,185,0,0,185,185,4000,0,0,0,0,0
2020-07-04,US,Georgia,Effingham,192,1,0,32.36616021,-81.34280942,13103.0,298.6188876446435,0.5208333333333334,191,175,1,0,174,163,62190,17,0,0,17,12
2020-07-04,US,Georgia,Elbert,113,0,0,34.11302332,-82.83936148,13105.0,588.7256434302386,0.0,113,110,0,0,110,108,19120,3,0,0,3,2
2020-07-04,US,Georgia,Emanuel,139,3,0,32.59221302,-82.30239915,13107.0,613.7949306720834,2.1582733812949644,136,130,3,0,127,120,22612,9,0,0,9,10
2020-07-04,US,Georgia,Evans,30,0,0,32.15328841,-81.8870105,13109.0,281.58438145297544,0.0,30,30,0,0,30,28,10721,0,0,0,0,2
2020-07-04,US,Georgia,Fannin,107,1,0,34.86430205,-84.316964,13111.0,408.584084313426,0.9345794392523364,106,104,1,0,103,101,25964,3,0,0,3,3
2020-07-04,US,Georgia,Fayette,408,19,0,33.41357794,-84.49089434,13113.0,356.57790090979796,4.65686274509804,389,384,19,0,365,363,113459,24,0,0,24,21
2020-07-04,US,Georgia,Floyd,586,15,0,34.26268279,-85.21577392,13115.0,594.9359377855388,2.5597269624573378,571,582,15,0,567,552,97927,4,0,0,4,30
2020-07-04,US,Georgia,Forsyth,934,15,0,34.22604035,-84.12315129999998,13117.0,382.3919558488774,1.6059957173447537,919,903,15,0,888,871,236612,31,0,0,31,32
2020-07-04,US,Georgia,Franklin,217,1,0,34.37525597,-83.23159927,13119.0,929.3759904064414,0.4608294930875576,216,201,1,0,200,198,23023,16,0,0,16,3
2020-07-04,US,Georgia,Fulton,8433,314,0,33.79216944,-84.46319413,13121.0,792.6221195427925,3.723467330724535,8119,7913,314,0,7599,7527,1050114,520,0,0,520,386
2020-07-04,US,Georgia,Gilmer,195,2,0,34.69316688,-84.45802506,13123.0,621.6328222130129,1.0256410256410255,193,193,2,0,191,191,30816,2,0,0,2,2
2020-07-04,US,Georgia,Glascock,10,0,0,33.22879932,-82.61297636,13125.0,336.5870077415012,0.0,10,10,0,0,10,8,2995,0,0,0,0,2
2020-07-04,US,Georgia,Glynn,1118,6,0,31.23279254,-81.53811412,13127.0,1310.7911644702906,0.5366726296958855,1112,1040,6,0,1034,972,85219,78,0,0,78,68
2020-07-04,US,Georgia,Gordon,436,18,0,34.50487351,-84.87296253,13129.0,752.2039922019219,4.128440366972477,418,429,18,0,411,411,57685,7,0,0,7,18
2020-07-04,US,Georgia,Grady,221,4,0,30.87454847,-84.23418364,13131.0,897.1704623878537,1.8099547511312215,217,219,4,0,215,211,24748,2,0,0,2,8
2020-07-04,US,Georgia,Greene,101,9,0,33.5769205,-83.17139104,13133.0,551.1896965728007,8.910891089108912,92,101,9,0,92,98,17698,0,0,0,0,3
2020-07-04,US,Georgia,Gwinnett,9482,173,0,33.96044201,-84.02137802,13135.0,1012.7636849132176,1.824509597131407,9309,9085,173,0,8912,8619,927781,397,0,0,397,466
2020-07-04,US,Georgia,Habersham,714,36,0,34.63331566,-83.53094677,13137.0,1575.18531591952,5.042016806722689,678,710,36,0,674,705,45388,4,0,0,4,5
2020-07-04,US,Georgia,Hall,3395,60,0,34.32207823,-83.81896936,13139.0,1660.6258040216985,1.7673048600883652,3335,3357,60,0,3297,3310,202148,38,0,0,38,47
2020-07-04,US,Georgia,Hancock,220,32,0,33.2721566,-82.99766919,13141.0,2601.3952938394227,14.545454545454545,188,219,32,0,187,217,8348,1,0,0,1,2
2020-07-04,US,Georgia,Haralson,83,5,0,33.79602175,-85.21005667,13143.0,278.59828141783026,6.024096385542169,78,83,5,0,78,79,29533,0,0,0,0,4
2020-07-04,US,Georgia,Harris,369,10,0,32.73709786,-84.90538572,13145.0,1047.2244295606765,2.710027100271003,359,359,10,0,349,341,34475,10,0,0,10,18
2020-07-04,US,Georgia,Hart,80,0,0,34.34626973,-82.96567682,13147.0,305.28525090631564,0.0,80,69,0,0,69,67,26099,11,0,0,11,2
2020-07-04,US,Georgia,Heard,63,3,0,33.29686567,-85.12886832,13149.0,528.3905057451983,4.761904761904762,60,57,3,0,54,54,11879,6,0,0,6,3
2020-07-04,US,Georgia,Henry,1415,33,0,33.4533428,-84.14814659999998,13151.0,603.2545904903203,2.3321554770318023,1382,1369,33,0,1336,1285,230220,46,0,0,46,84
2020-07-04,US,Georgia,Houston,734,24,0,32.45802497,-83.66879087,13153.0,464.96012365152063,3.2697547683923704,710,723,24,0,699,688,155469,11,0,0,11,35
2020-07-04,US,Georgia,Irwin,75,1,0,31.60213036,-83.27501387,13155.0,796.516567544605,1.3333333333333333,74,69,1,0,68,65,9398,6,0,0,6,4
2020-07-04,US,Georgia,Jackson,426,10,0,34.13794553,-83.56814788,13157.0,583.7455636707456,2.347417840375587,416,411,10,0,401,391,70422,15,0,0,15,20
2020-07-04,US,Georgia,Jasper,77,1,0,33.31535543,-83.68844964,13159.0,541.5289401505029,1.2987012987012987,76,76,1,0,75,69,14040,1,0,0,1,7
2020-07-04,US,Georgia,Jeff Davis,126,3,0,31.80405727,-82.63724870000001,13161.0,833.6089976844196,2.380952380952381,123,120,3,0,117,114,15029,6,0,0,6,6
2020-07-04,US,Georgia,Jefferson,134,1,0,33.05867328,-82.41609057,13163.0,872.2822549147246,0.746268656716418,133,128,1,0,127,117,15430,6,0,0,6,11
2020-07-04,US,Georgia,Jenkins,121,12,0,32.79248718,-81.96040187,13165.0,1394.6519133241125,9.917355371900827,109,120,12,0,108,117,8683,1,0,0,1,3
2020-07-04,US,Georgia,Johnson,102,2,0,32.70211082,-82.66166794,13167.0,1057.762107228041,1.96078431372549,100,100,2,0,98,92,9708,2,0,0,2,8
2020-07-04,US,Georgia,Jones,101,0,0,33.02512137,-83.56019163,13169.0,351.4877327301202,0.0,101,98,0,0,98,95,28616,3,0,0,3,3
2020-07-04,US,Georgia,Lamar,130,6,0,33.07841647,-84.14263877,13171.0,681.4488651255439,4.615384615384615,124,128,6,0,122,125,19000,2,0,0,2,3
2020-07-04,US,Georgia,Lanier,146,3,0,31.03828570000001,-83.06472457,13173.0,1400.748345006236,2.054794520547945,143,145,3,0,142,145,10340,1,0,0,1,0
2020-07-04,US,Georgia,Laurens,220,1,0,32.46325233,-82.92221316,13175.0,462.7097968283347,0.4545454545454545,219,209,1,0,208,202,47325,11,0,0,11,7
2020-07-04,US,Georgia,Lee,398,22,0,31.779330600000005,-84.14324253,13177.0,1327.0205388103495,5.527638190954773,376,397,22,0,375,393,29764,1,0,0,1,4
2020-07-04,US,Georgia,Liberty,146,1,0,31.82588896,-81.49251135,13179.0,237.64954830308457,0.6849315068493149,145,139,1,0,138,131,61497,7,0,0,7,8
2020-07-04,US,Georgia,Lincoln,51,1,0,33.79201475,-82.45024131,13181.0,643.8580987249085,1.96078431372549,50,41,1,0,40,40,7915,10,0,0,10,1
2020-07-04,US,Georgia,Long,54,1,0,31.75218791,-81.74952375,13183.0,276.087734546756,1.851851851851852,53,51,1,0,50,51,18998,3,0,0,3,0
2020-07-04,US,Georgia,Lowndes,1328,12,0,30.83568832,-83.27056716,13185.0,1131.1176600855154,0.9036144578313252,1316,1305,12,0,1293,1263,116321,23,0,0,23,42
2020-07-04,US,Georgia,Lumpkin,145,3,0,34.57286511,-84.00425681,13187.0,431.4192204700982,2.0689655172413794,142,145,3,0,142,142,32955,0,0,0,0,3
2020-07-04,US,Georgia,Macon,119,9,0,32.35207048,-84.04234127,13193.0,919.1318452151078,7.563025210084032,110,119,9,0,110,118,13143,0,0,0,0,1
2020-07-04,US,Georgia,Madison,114,4,0,34.12920917,-83.21218732,13195.0,381.5261044176707,3.5087719298245608,110,108,4,0,104,103,29650,6,0,0,6,5
2020-07-04,US,Georgia,Marion,87,2,0,32.3483402,-84.52733571,13197.0,1040.794353391554,2.2988505747126435,85,86,2,0,84,83,8351,1,0,0,1,3
2020-07-04,US,Georgia,McDuffie,120,7,0,33.47851918,-82.48252774,13189.0,563.0630630630629,5.833333333333332,113,114,7,0,107,102,21531,6,0,0,6,12
2020-07-04,US,Georgia,McIntosh,62,1,0,31.49683595,-81.40163426,13191.0,431.21435526498817,1.6129032258064515,61,55,1,0,54,48,14340,7,0,0,7,7
2020-07-04,US,Georgia,Meriwether,213,3,0,33.04163534,-84.68859732,13199.0,1006.2833656162896,1.4084507042253518,210,204,3,0,201,195,21068,9,0,0,9,9
2020-07-04,US,Georgia,Miller,51,0,0,31.16568912,-84.73151117,13201.0,891.9202518363063,0.0,51,50,0,0,50,49,5686,1,0,0,1,1
2020-07-04,US,Georgia,Mitchell,455,38,0,31.22483255,-84.19381821,13205.0,2081.141654850661,8.351648351648352,417,452,38,0,414,451,22192,3,0,0,3,1
2020-07-04,US,Georgia,Monroe,192,18,0,33.014289,-83.92097166,13207.0,696.2071216186815,9.375,174,188,18,0,170,170,27520,4,0,0,4,18
2020-07-04,US,Georgia,Montgomery,33,0,0,32.17201038,-82.53527476,13209.0,359.7906672481465,0.0,33,33,0,0,33,32,9193,0,0,0,0,1
2020-07-04,US,Georgia,Morgan,65,0,0,33.59232073,-83.49129491,13211.0,337.20688939614035,0.0,65,64,0,0,64,54,18853,1,0,0,1,10
2020-07-04,US,Georgia,Murray,244,2,0,34.78897608,-84.74993177,13213.0,608.5395051875499,0.819672131147541,242,232,2,0,230,229,39921,12,0,0,12,3
2020-07-04,US,Georgia,Muscogee,2055,52,0,32.50931999,-84.87142262,13215.0,1049.7065418937623,2.5304136253041363,2003,1943,52,0,1891,1833,194160,112,0,0,112,110
2020-07-04,US,Georgia,Newton,700,12,0,33.55514538,-83.84547140000002,13217.0,626.4318442153493,1.7142857142857142,688,673,12,0,661,644,109541,27,0,0,27,29
2020-07-04,US,Georgia,Oconee,177,10,0,33.83749973,-83.43679568,13219.0,439.4240317775572,5.649717514124294,167,171,10,0,161,161,39272,6,0,0,6,10
2020-07-04,US,Georgia,Oglethorpe,97,7,0,33.878629600000004,-83.08278123,13221.0,635.6904122157415,7.216494845360825,90,95,7,0,88,91,15054,2,0,0,2,4
2020-07-04,US,Georgia,Out of GA,5727,48,0,0.0,0.0,80013.0,0.0,0.8381351492928235,5679,5414,48,0,5366,5234,,313,0,0,313,180
2020-07-04,US,Georgia,Paulding,671,16,0,33.91969522,-84.86848792,13223.0,397.8253007405124,2.3845007451564832,655,659,16,0,643,638,164044,12,0,0,12,21
2020-07-04,US,Georgia,Peach,117,9,0,32.56934316,-83.82937,13225.0,424.7440644739708,7.6923076923076925,108,115,9,0,106,113,27297,2,0,0,2,2
2020-07-04,US,Georgia,Pickens,98,5,0,34.46589159,-84.46406611,13227.0,300.6965113068025,5.1020408163265305,93,97,5,0,92,95,31980,1,0,0,1,2
2020-07-04,US,Georgia,Pierce,196,5,0,31.35928155,-82.21598442,13229.0,1006.9355253018238,2.5510204081632653,191,187,5,0,182,181,19389,9,0,0,9,6
2020-07-04,US,Georgia,Pike,102,3,0,33.09310242,-84.38790389,13231.0,537.9179411454488,2.9411764705882355,99,97,3,0,94,91,18634,5,0,0,5,6
2020-07-04,US,Georgia,Polk,231,1,0,34.00267074,-85.18677781,13233.0,542.0880951822214,0.4329004329004329,230,224,1,0,223,209,42470,7,0,0,7,15
2020-07-04,US,Georgia,Pulaski,53,2,0,32.23334561,-83.47549959999998,13235.0,475.89117356559217,3.7735849056603774,51,51,2,0,49,51,11069,2,0,0,2,0
2020-07-04,US,Georgia,Putnam,170,12,0,33.32056115,-83.37552891,13237.0,768.5700076857,7.0588235294117645,158,165,12,0,153,160,21809,5,0,0,5,5
2020-07-04,US,Georgia,Quitman,18,1,0,31.86728114,-85.01773177,13239.0,782.9491083079599,5.5555555555555545,17,17,1,0,16,17,2279,1,0,0,1,0
2020-07-04,US,Georgia,Rabun,57,3,0,34.88389445,-83.40304637,13241.0,332.6136429946898,5.2631578947368425,54,53,3,0,50,50,16867,4,0,0,4,3
2020-07-04,US,Georgia,Randolph,201,25,0,31.76622818,-84.75732369,13243.0,2965.4765417527296,12.437810945273633,176,201,25,0,176,200,6833,0,0,0,0,1
2020-07-04,US,Georgia,Richmond,1214,54,0,33.35777107,-82.07026432,13245.0,599.4528881383383,4.448105436573312,1160,1141,54,0,1087,1041,201554,73,0,0,73,100
2020-07-04,US,Georgia,Rockdale,542,11,0,33.65145002,-84.02202167,13247.0,596.2858651645837,2.029520295202952,531,521,11,0,510,495,90594,21,0,0,21,26
2020-07-04,US,Georgia,Schley,26,1,0,32.2654021,-84.31258912,13249.0,494.5786570287236,3.8461538461538463,25,25,1,0,24,25,5236,1,0,0,1,0
2020-07-04,US,Georgia,Screven,97,7,0,32.74976524,-81.60779441,13251.0,694.5438923098955,7.216494845360825,90,97,7,0,90,95,13938,0,0,0,0,2
2020-07-04,US,Georgia,Seminole,51,2,0,30.93464824,-84.86823924,13253.0,630.4079110012361,3.92156862745098,49,51,2,0,49,50,8315,0,0,0,0,1
2020-07-04,US,Georgia,Spalding,459,32,0,33.26310031,-84.28013991,13255.0,688.1249718903198,6.9716775599128535,427,444,32,0,412,441,66100,15,0,0,15,3
2020-07-04,US,Georgia,Stephens,261,6,0,34.55151201,-83.29405315,13257.0,1006.7502410800386,2.2988505747126435,255,253,6,0,247,240,26035,8,0,0,8,13
2020-07-04,US,Georgia,Stewart,183,3,0,32.07996777,-84.83208037,13259.0,2763.932940643407,1.639344262295082,180,177,3,0,174,135,6199,6,0,0,6,42
2020-07-04,US,Georgia,Sumter,571,50,0,32.03650571,-84.19821492,13261.0,1934.0197805175449,8.756567425569179,521,565,50,0,515,562,29733,6,0,0,6,3
2020-07-04,US,Georgia,Talbot,81,3,0,32.69642758,-84.53351366,13263.0,1307.5060532687648,3.703703703703704,78,80,3,0,77,78,6272,1,0,0,1,2
2020-07-04,US,Georgia,Taliaferro,2,0,0,33.56543317,-82.88136816,13265.0,130.1236174365647,0.0,2,2,0,0,2,2,1608,0,0,0,0,0
2020-07-04,US,Georgia,Tattnall,156,0,0,32.04785085,-82.05539188,13267.0,616.9421814442775,0.0,156,148,0,0,148,142,25391,8,0,0,8,6
2020-07-04,US,Georgia,Taylor,31,2,0,32.55792548,-84.25077141,13269.0,386.53366583541145,6.451612903225807,29,30,2,0,28,29,8039,1,0,0,1,1
2020-07-04,US,Georgia,Telfair,125,3,0,31.92829517,-82.93491155,13271.0,788.1462799495587,2.4,122,125,3,0,122,119,15876,0,0,0,0,6
2020-07-04,US,Georgia,Terrell,232,27,0,31.77527543,-84.44069698,13273.0,2719.493611534404,11.637931034482758,205,231,27,0,204,228,8611,1,0,0,1,3
2020-07-04,US,Georgia,Thomas,492,32,0,30.86392347,-83.91847289,13275.0,1106.8367415806172,6.5040650406504055,460,483,32,0,451,468,44448,9,0,0,9,15
2020-07-04,US,Georgia,Tift,815,26,0,31.45743864,-83.5236119,13277.0,2005.2160220450744,3.1901840490797544,789,798,26,0,772,767,40571,17,0,0,17,31
2020-07-04,US,Georgia,Toombs,271,5,0,32.12059861,-82.32957247,13279.0,1010.0633619083117,1.845018450184502,266,264,5,0,259,256,26887,7,0,0,7,8
2020-07-04,US,Georgia,Towns,49,1,0,34.91369188,-83.74107459999998,13281.0,407.0781756251558,2.0408163265306123,48,45,1,0,44,45,11852,4,0,0,4,0
2020-07-04,US,Georgia,Treutlen,27,1,0,32.40422134,-82.56904553,13283.0,391.24764526880165,3.703703703703704,26,28,1,0,27,27,6809,-1,0,0,-1,1
2020-07-04,US,Georgia,Troup,1582,35,0,33.03349196,-85.02812115,13285.0,2262.5210949343555,2.2123893805309733,1547,1549,35,0,1514,1516,70034,33,0,0,33,33
2020-07-04,US,Georgia,Turner,178,16,0,31.71612656,-83.62069378,13287.0,2229.179711959925,8.98876404494382,162,178,16,0,162,177,7912,0,0,0,0,1
2020-07-04,US,Georgia,Twiggs,28,1,0,32.67435595,-83.43078662,13289.0,344.82758620689657,3.571428571428572,27,26,1,0,25,26,8188,2,0,0,2,0
2020-07-04,US,Georgia,Unassigned,1321,2,0,0.0,0.0,90013.0,0.0,0.1514004542013626,1319,1992,2,0,1990,2764,,-671,0,0,-671,-772
2020-07-04,US,Georgia,Union,78,3,0,34.82995757,-83.98967069,13291.0,318.22447064583247,3.8461538461538463,75,76,3,0,73,75,24001,2,0,0,2,1
2020-07-04,US,Georgia,Upson,377,43,0,32.87920671,-84.30024826,13293.0,1432.3708206686927,11.405835543766576,334,374,43,0,331,369,26215,3,0,0,3,5
2020-07-04,US,Georgia,Walker,343,12,0,34.73376362,-85.30165174,13295.0,491.6787316695575,3.498542274052478,331,337,12,0,325,330,69410,6,0,0,6,7
2020-07-04,US,Georgia,Walton,459,28,0,33.78017694,-83.73552314,13297.0,485.2367511338048,6.100217864923748,431,442,28,0,414,427,93503,17,0,0,17,15
2020-07-04,US,Georgia,Ware,508,16,0,31.05449097,-82.42224148,13299.0,1421.6152683718587,3.1496062992125986,492,500,16,0,484,459,35680,8,0,0,8,41
2020-07-04,US,Georgia,Warren,26,0,0,33.41146451,-82.67795848,13301.0,494.86105824134,0.0,26,25,0,0,25,23,5251,1,0,0,1,2
2020-07-04,US,Georgia,Washington,133,1,0,32.96711864,-82.79357039,13303.0,652.7927751055266,0.7518796992481203,132,130,1,0,129,126,20386,3,0,0,3,4
2020-07-04,US,Georgia,Wayne,99,0,0,31.5521809,-81.91894878,13305.0,330.8049587329168,0.0,99,90,0,0,90,81,29808,9,0,0,9,9
2020-07-04,US,Georgia,Webster,24,2,0,32.04066113,-84.54742852,13307.0,920.5983889528192,8.333333333333334,22,23,2,0,21,23,2611,1,0,0,1,0
2020-07-04,US,Georgia,Wheeler,54,0,0,32.12009104,-82.72574721,13309.0,687.4602164226607,0.0,54,53,0,0,53,53,7879,1,0,0,1,0
2020-07-04,US,Georgia,White,150,4,0,34.64624278,-83.74905525,13311.0,487.04461328657686,2.6666666666666665,146,147,4,0,143,145,29970,3,0,0,3,2
2020-07-04,US,Georgia,Whitfield,1275,12,0,34.80987459,-84.96093476,13313.0,1218.603050808579,0.9411764705882352,1263,1218,12,0,1206,1181,104062,57,0,0,57,37
2020-07-04,US,Georgia,Wilcox,131,15,0,31.97496928,-83.43438555,13315.0,1517.0816444701795,11.450381679389313,116,131,15,0,116,131,8812,0,0,0,0,0
2020-07-04,US,Georgia,Wilkes,74,1,0,33.78290391,-82.74286107,13317.0,756.8783880535951,1.351351351351351,73,61,1,0,60,59,9876,13,0,0,13,2
2020-07-04,US,Georgia,Wilkinson,82,8,0,32.80291082,-83.17140684,13319.0,915.7918248827341,9.75609756097561,74,79,8,0,71,78,9036,3,0,0,3,1
2020-07-04,US,Georgia,Worth,324,22,0,31.55162306,-83.85090513,13321.0,1600.2370721588386,6.790123456790122,302,324,22,0,302,319,20299,0,0,0,0,5
2020-07-04,US,Hawaii,Hawaii,93,0,0,19.60121157,-155.5210167,15001.0,46.150868678447544,0.0,93,91,0,0,91,90,200983,2,0,0,2,1
2020-07-04,US,Hawaii,Honolulu,720,13,0,21.45803166,-157.97121819999995,15003.0,73.87926691245205,1.805555555555556,707,701,13,0,688,676,980080,19,0,0,19,25
2020-07-04,US,Hawaii,Kauai,40,0,0,22.03935037,-159.5966786,15007.0,55.330391600846546,0.0,40,38,0,0,38,38,72133,2,0,0,2,0
2020-07-04,US,Hawaii,Maui,128,6,0,20.86399628,-156.56890969999995,15009.0,76.45579600637926,4.6875,122,127,6,0,121,125,167207,1,0,0,1,2
2020-07-04,US,Hawaii,Out of HI,18,0,0,0.0,0.0,80015.0,0.0,0.0,18,18,0,0,18,17,,0,0,0,0,1
2020-07-04,US,Idaho,Ada,2631,23,0,43.4526575,-116.24155159999998,16001.0,546.3187336867481,0.8741923223109084,2608,2507,23,0,2484,2336,469966,124,0,0,124,171
2020-07-04,US,Idaho,Adams,11,0,0,44.89333571,-116.4545247,16003.0,256.171401956218,0.0,11,11,0,0,11,11,4250,0,0,0,0,0
2020-07-04,US,Idaho,Bannock,112,1,0,42.67002716,-112.2233311,16005.0,127.55102040816328,0.8928571428571429,111,112,1,0,111,105,87138,0,0,0,0,7
2020-07-04,US,Idaho,Bear Lake,2,0,0,42.28269683,-111.32892379999998,16007.0,32.6530612244898,0.0,2,2,0,0,2,2,6050,0,0,0,0,0
2020-07-04,US,Idaho,Benewah,23,0,0,47.21754179,-116.6586851,16009.0,247.36502473650242,0.0,23,21,0,0,21,21,9226,2,0,0,2,0
2020-07-04,US,Idaho,Bingham,48,0,0,43.21672879999999,-112.3978437,16011.0,102.54000128175,0.0,48,48,0,0,48,46,46236,0,0,0,0,2
2020-07-04,US,Idaho,Blaine,539,5,0,43.4085812,-113.9752658,16013.0,2341.3405151817906,0.927643784786642,534,539,5,0,534,538,22601,0,0,0,0,1
2020-07-04,US,Idaho,Boise,4,0,0,43.98829931,-115.7309284,16015.0,51.07904482186183,0.0,4,4,0,0,4,4,7634,0,0,0,0,0
2020-07-04,US,Idaho,Bonner,38,0,0,48.29996017,-116.6017932,16017.0,83.08008482913925,0.0,38,36,0,0,36,34,44727,2,0,0,2,2
2020-07-04,US,Idaho,Bonneville,131,1,0,43.38713372,-111.6161537,16019.0,110.02670877358015,0.7633587786259542,130,121,1,0,120,119,116854,10,0,0,10,2
2020-07-04,US,Idaho,Boundary,1,0,0,48.76684761,-116.4630179,16021.0,8.166598611678237,0.0,1,1,0,0,1,1,11948,0,0,0,0,0
2020-07-04,US,Idaho,Camas,1,0,0,43.46665742,-114.8065892,16025.0,90.41591320072331,0.0,1,1,0,0,1,1,1127,0,0,0,0,0
2020-07-04,US,Idaho,Canyon,1253,6,0,43.61970148,-116.70954990000001,16027.0,545.1405052882544,0.4788507581803671,1247,1092,6,0,1086,980,223499,161,0,0,161,112
2020-07-04,US,Idaho,Caribou,11,0,0,42.77149116,-111.5597683,16029.0,153.73864430468203,0.0,11,11,0,0,11,11,7060,0,0,0,0,0
2020-07-04,US,Idaho,Cassia,262,1,0,42.28347888,-113.6012409,16031.0,1090.3037869330003,0.3816793893129771,261,262,1,0,261,260,23864,0,0,0,0,2
2020-07-04,US,Idaho,Clearwater,2,0,0,46.67459924,-115.6622393,16035.0,22.841480127912288,0.0,2,2,0,0,2,2,8758,0,0,0,0,0
2020-07-04,US,Idaho,Custer,4,0,0,44.24186819,-114.2855494,16037.0,92.69988412514485,0.0,4,4,0,0,4,4,4280,0,0,0,0,0
2020-07-04,US,Idaho,Elmore,64,2,0,43.3507101,-115.4701578,16039.0,232.63421903965687,3.125,62,64,2,0,62,63,27259,0,0,0,0,1
2020-07-04,US,Idaho,Franklin,27,0,0,42.18332217,-111.81496659999999,16041.0,194.58057076967427,0.0,27,26,0,0,26,25,13726,1,0,0,1,1
2020-07-04,US,Idaho,Fremont,8,0,0,44.22800938,-111.48099429999999,16043.0,61.07336437896023,0.0,8,7,0,0,7,7,13168,1,0,0,1,0
2020-07-04,US,Idaho,Gem,39,0,0,44.06482372,-116.398376,16045.0,215.32685512367487,0.0,39,34,0,0,34,28,17634,5,0,0,5,6
2020-07-04,US,Idaho,Gooding,66,1,0,42.96927962,-114.81083059999999,16047.0,434.8112523881679,1.5151515151515151,65,66,1,0,65,65,15196,0,0,0,0,1
2020-07-04,US,Idaho,Idaho,5,0,0,45.84721541,-115.4634436,16049.0,29.99940001199976,0.0,5,5,0,0,5,5,16513,0,0,0,0,0
2020-07-04,US,Idaho,Jefferson,19,0,0,43.82078483,-112.3131749,16051.0,63.606842757189256,0.0,19,19,0,0,19,18,29439,0,0,0,0,1
2020-07-04,US,Idaho,Jerome,247,5,0,42.68891267,-114.2655033,16053.0,1011.7974766508272,2.0242914979757085,242,246,5,0,241,244,24015,1,0,0,1,2
2020-07-04,US,Idaho,Kootenai,401,1,0,47.67282258,-116.7020872,16055.0,242.0080025588876,0.2493765586034913,400,357,1,0,356,302,161505,44,0,0,44,55
2020-07-04,US,Idaho,Latah,25,0,0,46.81587887,-116.71136979999999,16057.0,62.33170439812507,0.0,25,25,0,0,25,25,40134,0,0,0,0,0
2020-07-04,US,Idaho,Lemhi,2,0,0,44.9438088,-113.9309747,16059.0,24.91590880777377,0.0,2,2,0,0,2,2,7961,0,0,0,0,0
2020-07-04,US,Idaho,Lincoln,36,0,0,43.0012336,-114.1358773,16063.0,670.8907938874395,0.0,36,36,0,0,36,36,5360,0,0,0,0,0
2020-07-04,US,Idaho,Madison,38,0,0,43.78141028,-111.65384740000002,16065.0,95.22138973112486,0.0,38,37,0,0,37,35,39304,1,0,0,1,2
2020-07-04,US,Idaho,Minidoka,202,0,0,42.85518524,-113.6357257,16067.0,960.1216787870146,0.0,202,201,0,0,201,201,20825,1,0,0,1,0
2020-07-04,US,Idaho,Nez Perce,98,19,0,46.32638236,-116.75009750000001,16069.0,242.52623242922195,19.387755102040817,79,98,19,0,79,98,40408,0,0,0,0,0
2020-07-04,US,Idaho,Oneida,4,0,0,42.19494279999999,-112.5407838,16071.0,88.28073273008167,0.0,4,4,0,0,4,3,4488,0,0,0,0,1
2020-07-04,US,Idaho,Owyhee,50,0,0,42.58016894,-116.16938710000001,16073.0,422.904508162057,0.0,50,44,0,0,44,42,11693,6,0,0,6,2
2020-07-04,US,Idaho,Payette,131,2,0,44.00545243,-116.7647695,16075.0,546.9500229635506,1.5267175572519085,129,122,2,0,120,115,23551,9,0,0,9,7
2020-07-04,US,Idaho,Power,17,0,0,42.69254894,-112.83957420000002,16077.0,221.32534826194507,0.0,17,17,0,0,17,17,7768,0,0,0,0,0
2020-07-04,US,Idaho,Shoshone,2,0,0,47.35364087,-115.89167490000001,16079.0,15.525539512498062,0.0,2,1,0,0,1,,12796,1,0,0,1,
2020-07-04,US,Idaho,Teton,22,0,0,43.75303583,-111.2056773,16081.0,181.18926041838245,0.0,22,22,0,0,22,22,11640,0,0,0,0,0
2020-07-04,US,Idaho,Twin Falls,662,25,0,42.35440512,-114.6685381,16083.0,761.9880752319342,3.776435045317221,637,656,25,0,631,642,86081,6,0,0,6,14
2020-07-04,US,Idaho,Unassigned,1,0,0,0.0,0.0,90016.0,0.0,0.0,1,2,0,0,2,1,,-1,0,0,-1,1
2020-07-04,US,Idaho,Valley,17,0,0,44.76728382,-115.5676773,16085.0,149.2275280898876,0.0,17,16,0,0,16,14,11041,1,0,0,1,2
2020-07-04,US,Idaho,Washington,114,1,0,44.45275475,-116.78476880000001,16087.0,1118.3048852266038,0.8771929824561403,113,113,1,0,112,108,10161,1,0,0,1,5
2020-07-04,US,Illinois,Adams,113,1,0,39.98815591,-91.18786813,17001.0,172.69045617788646,0.8849557522123894,112,106,1,0,105,93,65691,7,0,0,7,13
2020-07-04,US,Illinois,Alexander,22,0,0,37.18049267,-89.32910838,17003.0,381.87814615518135,0.0,22,22,0,0,22,22,6060,0,0,0,0,0
2020-07-04,US,Illinois,Bond,16,1,0,38.88829622,-89.43534887,17005.0,97.4065505905272,6.25,15,13,1,0,12,13,16630,3,0,0,3,0
2020-07-04,US,Illinois,Boone,608,21,0,42.32359279,-88.82345779,17007.0,1135.51471686837,3.4539473684210527,587,602,21,0,581,595,53577,6,0,0,6,7
2020-07-04,US,Illinois,Brown,10,0,0,39.96209138,-90.75068024,17009.0,152.02189115232594,0.0,10,10,0,0,10,10,6556,0,0,0,0,0
2020-07-04,US,Illinois,Bureau,30,2,0,41.40385234,-89.5283051,17011.0,91.94556822361162,6.666666666666668,28,29,2,0,27,29,32993,1,0,0,1,0
2020-07-04,US,Illinois,Calhoun,1,0,0,39.16840183,-90.66330078,17013.0,21.101498206372653,0.0,1,1,0,0,1,1,4802,0,0,0,0,0
2020-07-04,US,Illinois,Carroll,22,2,0,42.06823429,-89.93395545,17015.0,153.7923802866131,9.090909090909092,20,22,2,0,20,21,14312,0,0,0,0,1
2020-07-04,US,Illinois,Cass,136,7,0,39.96991073,-90.24734436,17017.0,1119.6180126780278,5.147058823529412,129,134,6,0,128,130,12260,2,1,0,1,4
2020-07-04,US,Illinois,Champaign,939,12,0,40.13919438,-88.20046615,17019.0,447.8060365589039,1.2779552715654952,927,930,12,0,918,880,209983,9,0,0,9,50
2020-07-04,US,Illinois,Christian,45,4,0,39.54581621,-89.27780482,17021.0,139.30163447251115,8.888888888888891,41,45,4,0,41,43,32661,0,0,0,0,2
2020-07-04,US,Illinois,Clark,15,0,0,39.33425789,-87.78705622,17023.0,97.14396735962696,0.0,15,15,0,0,15,14,15596,0,0,0,0,1
2020-07-04,US,Illinois,Clay,2,0,0,38.75388572,-88.48914513,17025.0,15.169902912621355,0.0,2,2,0,0,2,2,13253,0,0,0,0,0
2020-07-04,US,Illinois,Clinton,241,17,0,38.60704876,-89.42385254,17027.0,641.6058782812416,7.053941908713693,224,240,17,0,223,237,37639,1,0,0,1,3
2020-07-04,US,Illinois,Coles,172,17,0,39.51949084,-88.22358557,17029.0,339.77993322929217,9.883720930232558,155,173,17,0,156,170,50885,-1,0,0,-1,3
2020-07-04,US,Illinois,Cook,92240,4622,0,41.84144849,-87.81658794,17031.0,1790.986932047541,5.010841283607978,87618,91774,4618,0,87156,90911,5180493,466,4,0,462,863
2020-07-04,US,Illinois,Crawford,18,0,0,39.0032229,-87.75954624,17033.0,96.42684952054428,0.0,18,18,0,0,18,18,18807,0,0,0,0,0
2020-07-04,US,Illinois,Cumberland,16,0,0,39.27432424,-88.2401158,17035.0,148.61601337544118,0.0,16,12,0,0,12,12,10808,4,0,0,4,0
2020-07-04,US,Illinois,De Witt,11,0,0,40.17514519,-88.90959682,17039.0,70.3414758920578,0.0,11,9,0,0,9,6,15769,2,0,0,2,3
2020-07-04,US,Illinois,DeKalb,572,19,0,41.89373302,-88.76958483,17037.0,545.2968149708762,3.3216783216783217,553,567,19,0,548,558,104143,5,0,0,5,9
2020-07-04,US,Illinois,Douglas,54,0,0,39.76768052,-88.21854195,17041.0,277.42101207295144,0.0,54,54,0,0,54,52,19479,0,0,0,0,2
2020-07-04,US,Illinois,DuPage,9267,475,0,41.85116968,-88.08642662,17043.0,1004.0946083142543,5.1257149023416435,8792,9192,474,0,8718,9083,928589,75,1,0,74,109
2020-07-04,US,Illinois,Edgar,10,0,0,39.6809186,-87.74759563,17045.0,58.271662490530865,0.0,10,10,0,0,10,10,17360,0,0,0,0,0
2020-07-04,US,Illinois,Edwards,2,0,0,38.41353228,-88.05720863,17047.0,31.27443315089914,0.0,2,2,0,0,2,2,6392,0,0,0,0,0
2020-07-04,US,Illinois,Effingham,17,1,0,39.05935711,-88.58969584,17049.0,49.988238061632565,5.882352941176472,16,13,1,0,12,12,34208,4,0,0,4,1
2020-07-04,US,Illinois,Fayette,23,3,0,39.00072038,-89.02452658,17051.0,107.79902512185976,13.043478260869565,20,23,3,0,20,23,21416,0,0,0,0,0
2020-07-04,US,Illinois,Ford,37,1,0,40.59706922,-88.22350769,17053.0,285.47180001543086,2.702702702702702,36,37,1,0,36,33,13264,0,0,0,0,4
2020-07-04,US,Illinois,Franklin,28,0,0,37.99189086,-88.92567818,17055.0,72.78587953936936,0.0,28,27,0,0,27,22,38701,1,0,0,1,5
2020-07-04,US,Illinois,Fulton,15,0,0,40.47289135,-90.20862357,17057.0,43.68083867210249,0.0,15,15,0,0,15,15,34844,0,0,0,0,0
2020-07-04,US,Illinois,Gallatin,2,0,0,37.76430935,-88.22953869,17059.0,41.42502071251035,0.0,2,2,0,0,2,2,5058,0,0,0,0,0
2020-07-04,US,Illinois,Greene,9,0,0,39.35907414,-90.388865,17061.0,69.39625260235947,0.0,9,9,0,0,9,9,13044,0,0,0,0,0
2020-07-04,US,Illinois,Grundy,171,5,0,41.28569601,-88.41905692,17063.0,334.939475849101,2.9239766081871346,166,169,5,0,164,167,50972,2,0,0,2,2
2020-07-04,US,Illinois,Hamilton,5,0,0,38.08163641,-88.53883373,17065.0,61.60670280926565,0.0,5,5,0,0,5,5,8163,0,0,0,0,0
2020-07-04,US,Illinois,Hancock,19,1,0,40.40423981,-91.16313899,17067.0,107.2961373390558,5.2631578947368425,18,19,1,0,18,19,17844,0,0,0,0,0
2020-07-04,US,Illinois,Hardin,1,0,0,37.51810645,-88.26873022,17069.0,26.17115938236064,0.0,1,1,0,0,1,1,3910,0,0,0,0,0
2020-07-04,US,Illinois,Henderson,8,0,0,40.81908672,-90.92491462,17071.0,120.37315678603672,0.0,8,8,0,0,8,8,6709,0,0,0,0,0
2020-07-04,US,Illinois,Henry,95,1,0,41.3533994,-90.13296166,17073.0,194.222394864351,1.0526315789473684,94,93,1,0,92,88,49090,2,0,0,2,5
2020-07-04,US,Illinois,Iroquois,161,5,0,40.74717633,-87.82466784,17075.0,593.7891863981707,3.1055900621118013,156,160,5,0,155,157,27604,1,0,0,1,3
2020-07-04,US,Illinois,Jackson,336,19,0,37.78595185,-89.38232563,17077.0,592.0704845814977,5.654761904761906,317,335,19,0,316,332,57419,1,0,0,1,3
2020-07-04,US,Illinois,Jasper,47,7,0,39.01054275,-88.15437049,17079.0,489.0738813735692,14.893617021276595,40,47,7,0,40,46,9611,0,0,0,0,1
2020-07-04,US,Illinois,Jefferson,106,17,0,38.29980057,-88.9240025,17081.0,281.2864876340091,16.037735849056602,89,106,17,0,89,107,37820,0,0,0,0,-1
2020-07-04,US,Illinois,Jersey,35,1,0,39.08869046,-90.35393073,17083.0,160.74955219767602,2.8571428571428568,34,35,1,0,34,35,21847,0,0,0,0,0
2020-07-04,US,Illinois,Jo Daviess,45,1,0,42.36542373,-90.21094405,17085.0,211.9142924417236,2.2222222222222223,44,46,1,0,45,44,21366,-1,0,0,-1,2
2020-07-04,US,Illinois,Johnson,20,0,0,37.45939802,-88.88165419,17087.0,161.0695014898929,0.0,20,20,0,0,20,20,12456,0,0,0,0,0
2020-07-04,US,Illinois,Kane,7819,275,0,41.93842729,-88.42861412,17089.0,1468.6243315683796,3.5170737946028905,7544,7796,274,0,7522,7733,534216,23,1,0,22,63
2020-07-04,US,Illinois,Kankakee,1304,65,0,41.13746989,-87.86205334,17091.0,1186.9436201780416,4.984662576687117,1239,1302,65,0,1237,1285,110024,2,0,0,2,17
2020-07-04,US,Illinois,Kendall,989,21,0,41.59081014,-88.42869583,17093.0,766.7261027986667,2.1233569261880687,968,981,21,0,960,963,127915,8,0,0,8,18
2020-07-04,US,Illinois,Knox,137,0,0,40.93148779,-90.21330340000002,17095.0,275.6594700094569,0.0,137,136,0,0,136,132,50112,1,0,0,1,4
2020-07-04,US,Illinois,LaSalle,225,17,0,41.34426129999999,-88.88633881,17099.0,207.0507688485217,7.5555555555555545,208,224,17,0,207,219,109430,1,0,0,1,5
2020-07-04,US,Illinois,Lake,9919,423,0,42.3224907,-88.00367925,17097.0,1424.0490427616705,4.264542796652888,9496,9864,421,0,9443,9752,700832,55,2,0,53,112
2020-07-04,US,Illinois,Lawrence,7,0,0,38.71987914,-87.72884035,17101.0,44.64855211123868,0.0,7,7,0,0,7,7,15765,0,0,0,0,0
2020-07-04,US,Illinois,Lee,101,2,0,41.74583951,-89.29977132,17103.0,296.2224307836697,1.98019801980198,99,98,2,0,96,97,34223,3,0,0,3,1
2020-07-04,US,Illinois,Livingston,52,2,0,40.89188292,-88.55784752,17105.0,145.87073608617598,3.8461538461538463,50,50,2,0,48,45,35761,2,0,0,2,5
2020-07-04,US,Illinois,Logan,17,0,0,40.12581572,-89.36638784,17107.0,59.40317282828989,0.0,17,16,0,0,16,15,28925,1,0,0,1,1
2020-07-04,US,Illinois,Macon,234,22,0,39.86064913,-88.96342505,17115.0,224.98053053101174,9.401709401709402,212,232,22,0,210,231,104712,2,0,0,2,1
2020-07-04,US,Illinois,Macoupin,55,3,0,39.26119767,-89.92424028,17117.0,122.42354093398028,5.454545454545454,52,54,3,0,51,52,45313,1,0,0,1,2
2020-07-04,US,Illinois,Madison,1007,69,0,38.83042506,-89.90422563,17119.0,382.93923929329264,6.852035749751737,938,991,69,0,922,947,264461,16,0,0,16,44
2020-07-04,US,Illinois,Marion,69,0,0,38.64963204,-88.91899208,17121.0,185.45894369036412,0.0,69,68,0,0,68,66,37620,1,0,0,1,2
2020-07-04,US,Illinois,Marshall,10,0,0,41.0327901,-89.34510444,17123.0,87.4278720055954,0.0,10,9,0,0,9,8,11534,1,0,0,1,1
2020-07-04,US,Illinois,Mason,22,0,0,40.23917274,-89.91824452,17125.0,164.68298525338722,0.0,22,22,0,0,22,22,13565,0,0,0,0,0
2020-07-04,US,Illinois,Massac,15,0,0,37.22078441,-88.71036614,17127.0,108.91664246296837,0.0,15,15,0,0,15,13,14080,0,0,0,0,2
2020-07-04,US,Illinois,McDonough,102,15,0,40.45674722,-90.67775541,17109.0,343.6426116838488,14.705882352941178,87,102,15,0,87,101,29955,0,0,0,0,1
2020-07-04,US,Illinois,McHenry,2103,97,0,42.32451172,-88.45248227,17111.0,683.2935855530358,4.612458392772231,2006,2088,97,0,1991,2061,308570,15,0,0,15,27
2020-07-04,US,Illinois,McLean,273,13,0,40.48996987,-88.84621113,17113.0,159.16789589370148,4.761904761904762,260,267,13,0,254,261,172828,6,0,0,6,6
2020-07-04,US,Illinois,Menard,24,0,0,40.02742725,-89.80246001,17129.0,196.78583142013767,0.0,24,24,0,0,24,25,12288,0,0,0,0,-1
2020-07-04,US,Illinois,Mercer,23,0,0,41.20596782,-90.74290052,17131.0,148.99267992485588,0.0,23,21,0,0,21,20,15601,2,0,0,2,1
2020-07-04,US,Illinois,Monroe,129,13,0,38.27594376,-90.17761038,17133.0,372.43410226058836,10.077519379844961,116,129,13,0,116,127,34335,0,0,0,0,2
2020-07-04,US,Illinois,Montgomery,48,1,0,39.23198845,-89.47809254,17135.0,168.9308087562469,2.083333333333333,47,46,1,0,45,44,28601,2,0,0,2,2
2020-07-04,US,Illinois,Morgan,130,3,0,39.71654544,-90.20255104,17137.0,386.2380414760235,2.3076923076923075,127,130,3,0,127,128,33976,0,0,0,0,2
2020-07-04,US,Illinois,Moultrie,19,0,0,39.64187451,-88.62099969,17139.0,131.0254465209296,0.0,19,19,0,0,19,18,14717,0,0,0,0,1
2020-07-04,US,Illinois,Ogle,269,4,0,42.04165196,-89.32184679,17141.0,531.1691645439646,1.4869888475836432,265,268,4,0,264,261,50923,1,0,0,1,7
2020-07-04,US,Illinois,Peoria,551,28,0,40.78702156,-89.76078901,17143.0,307.5137153349444,5.081669691470053,523,546,28,0,518,499,180621,5,0,0,5,47
2020-07-04,US,Illinois,Perry,56,1,0,38.08510853,-89.36856219,17145.0,267.7376171352075,1.7857142857142858,55,56,1,0,55,54,21174,0,0,0,0,2
2020-07-04,US,Illinois,Piatt,20,0,0,40.01360584,-88.59319339,17147.0,122.36906510034264,0.0,20,21,0,0,21,20,16396,-1,0,0,-1,1
2020-07-04,US,Illinois,Pike,3,0,0,39.62265059,-90.8877017,17149.0,19.2789666473877,0.0,3,3,0,0,3,2,15611,0,0,0,0,1
2020-07-04,US,Illinois,Pope,1,0,0,37.41391284,-88.56152109,17151.0,23.94062724443381,0.0,1,1,0,0,1,1,4212,0,0,0,0,0
2020-07-04,US,Illinois,Pulaski,76,0,0,37.22631423,-89.13085001,17153.0,1424.554826616682,0.0,76,76,0,0,76,76,5463,0,0,0,0,0
2020-07-04,US,Illinois,Putnam,1,0,0,41.2013541,-89.2869272,17155.0,17.424638438752392,0.0,1,1,0,0,1,1,5740,0,0,0,0,0
2020-07-04,US,Illinois,Randolph,288,7,0,38.05095369,-89.82512254,17157.0,906.1733056447046,2.430555555555556,281,287,7,0,280,287,32106,1,0,0,1,0
2020-07-04,US,Illinois,Richland,4,0,0,38.71240969,-88.08475366,17159.0,25.784825630116682,0.0,4,4,0,0,4,4,15763,0,0,0,0,0
2020-07-04,US,Illinois,Rock Island,1018,29,0,41.46613806,-90.57042164,17161.0,717.5128102115183,2.8487229862475436,989,996,29,0,967,947,143477,22,0,0,22,49
2020-07-04,US,Illinois,Saline,9,0,0,37.75332999,-88.54119706,17165.0,38.31254523008812,0.0,9,9,0,0,9,9,23906,0,0,0,0,0
2020-07-04,US,Illinois,Sangamon,446,32,0,39.75836914,-89.65872023,17167.0,229.10331223802086,7.174887892376683,414,440,32,0,408,431,195348,6,0,0,6,9
2020-07-04,US,Illinois,Schuyler,13,0,0,40.1571798,-90.61114163,17169.0,192.08037825059105,0.0,13,13,0,0,13,13,6907,0,0,0,0,0
2020-07-04,US,Illinois,Scott,1,0,0,39.6429169,-90.47814431,17171.0,20.197939810139367,0.0,1,1,0,0,1,,4926,0,0,0,0,
2020-07-04,US,Illinois,Shelby,19,1,0,39.39133527,-88.80611122,17173.0,87.82472034760097,5.2631578947368425,18,19,1,0,18,18,21741,0,0,0,0,1
2020-07-04,US,Illinois,St. Clair,1988,137,0,38.46996033,-89.93063427,17163.0,765.5399212895574,6.891348088531188,1851,1965,137,0,1828,1906,261059,23,0,0,23,59
2020-07-04,US,Illinois,Stark,4,0,0,41.09309773,-89.79745866,17175.0,74.87832272557095,0.0,4,4,0,0,4,3,5427,0,0,0,0,1
2020-07-04,US,Illinois,Stephenson,276,5,0,42.35129217,-89.662598,17177.0,620.2525956222753,1.8115942028985508,271,275,5,0,270,274,44753,1,0,0,1,1
2020-07-04,US,Illinois,Tazewell,149,8,0,40.50716185,-89.51404662,17179.0,113.04750271238136,5.369127516778524,141,146,8,0,138,137,132328,3,0,0,3,9
2020-07-04,US,Illinois,Unassigned,47,0,0,0.0,0.0,90017.0,0.0,0.0,47,46,0,0,46,50,,1,0,0,1,-4
2020-07-04,US,Illinois,Union,194,19,0,37.47119609,-89.25548938,17181.0,1164.955263315919,9.793814432989693,175,193,19,0,174,191,16841,1,0,0,1,2
2020-07-04,US,Illinois,Vermilion,77,2,0,40.18417171,-87.73384359,17183.0,101.63943081918741,2.5974025974025974,75,77,2,0,75,66,76806,0,0,0,0,11
2020-07-04,US,Illinois,Wabash,22,0,0,38.44272901,-87.84922065,17185.0,190.97222222222226,0.0,22,22,0,0,22,22,11549,0,0,0,0,0
2020-07-04,US,Illinois,Warren,143,0,0,40.84925021,-90.6147432,17187.0,848.9669912134883,0.0,143,143,0,0,143,138,17032,0,0,0,0,5
2020-07-04,US,Illinois,Washington,21,0,0,38.35309213,-89.40982703,17189.0,151.22056599697558,0.0,21,21,0,0,21,20,13995,0,0,0,0,1
2020-07-04,US,Illinois,Wayne,14,1,0,38.42955355,-88.42586459,17191.0,86.33980881899475,7.142857142857142,13,14,1,0,13,14,16332,0,0,0,0,0
2020-07-04,US,Illinois,White,6,0,0,38.08706198,-88.17657461,17193.0,44.32296668390338,0.0,6,6,0,0,6,5,13665,0,0,0,0,1
2020-07-04,US,Illinois,Whiteside,193,15,0,41.75509713,-89.91556058,17195.0,349.79610330765746,7.772020725388602,178,192,15,0,177,191,55626,1,0,0,1,1
2020-07-04,US,Illinois,Will,6883,320,0,41.44619267,-87.97862712,17197.0,996.4632287261688,4.64913555135842,6563,6839,320,0,6519,6744,692310,44,0,0,44,95
2020-07-04,US,Illinois,Williamson,126,4,0,37.73033511,-88.92994027,17199.0,189.19771160863098,3.1746031746031744,122,122,4,0,118,120,67056,4,0,0,4,2
2020-07-04,US,Illinois,Winnebago,3084,96,0,42.33641854,-89.16085327,17201.0,1091.4032529762326,3.1128404669260696,2988,3067,96,0,2971,3046,284081,17,0,0,17,21
2020-07-04,US,Illinois,Woodford,35,2,0,40.78579374,-89.20973757,17203.0,91.00600639642215,5.7142857142857135,33,34,2,0,32,33,38463,1,0,0,1,1
2020-07-04,US,Indiana,Adams,50,1,0,40.7457653,-84.93671406,18001.0,139.75459093831233,2.0,49,48,1,0,47,47,35636,2,0,0,2,1
2020-07-04,US,Indiana,Allen,2737,129,0,41.09194313,-85.06800636,18003.0,721.5943095025298,4.713189623675556,2608,2717,128,0,2589,2695,375351,20,1,0,19,22
2020-07-04,US,Indiana,Bartholomew,582,44,0,39.20744865,-85.89558181,18005.0,694.6848255529428,7.560137457044673,538,582,44,0,538,580,82753,0,0,0,0,2
2020-07-04,US,Indiana,Benton,48,0,0,40.60626947,-87.31093999,18007.0,548.6968449931413,0.0,48,48,0,0,48,48,8653,0,0,0,0,0
2020-07-04,US,Indiana,Blackford,37,2,0,40.47388153,-85.32499702,18009.0,314.67936723932644,5.405405405405406,35,37,2,0,35,37,11930,0,0,0,0,0
2020-07-04,US,Indiana,Boone,437,43,0,40.0509304,-86.46841646,18011.0,644.1342511386582,9.839816933638444,394,434,43,0,391,427,66999,3,0,0,3,7
2020-07-04,US,Indiana,Brown,38,1,0,39.19605589,-86.22868909,18013.0,251.78902729923138,2.631578947368421,37,38,1,0,37,38,15234,0,0,0,0,0
2020-07-04,US,Indiana,Carroll,110,2,0,40.580783200000006,-86.56198812,18015.0,543.0221651774697,1.818181818181818,108,110,2,0,108,109,20127,0,0,0,0,1
2020-07-04,US,Indiana,Cass,1638,9,0,40.76135835,-86.34830753,18017.0,4346.095677783969,0.5494505494505495,1629,1636,9,0,1627,1636,37955,2,0,0,2,0
2020-07-04,US,Indiana,Clark,640,44,0,38.48015445,-85.70510334,18019.0,540.9883180335074,6.875,596,638,44,0,594,627,117360,2,0,0,2,11
2020-07-04,US,Indiana,Clay,60,4,0,39.39561833,-87.11723506,18021.0,228.78932316491898,6.666666666666668,56,60,4,0,56,59,26170,0,0,0,0,1
2020-07-04,US,Indiana,Clinton,288,2,0,40.30319754,-86.47277257,18023.0,888.9163245779191,0.6944444444444444,286,285,2,0,283,281,32250,3,0,0,3,4
2020-07-04,US,Indiana,Crawford,30,0,0,38.28814402,-86.44518825,18025.0,283.63430084144835,0.0,30,29,0,0,29,29,10558,1,0,0,1,0
2020-07-04,US,Indiana,Daviess,142,16,0,38.70186039,-87.07185406,18027.0,425.77433960001196,11.267605633802814,126,141,16,0,125,139,33147,1,0,0,1,2
2020-07-04,US,Indiana,DeKalb,160,4,0,41.39804622,-84.99906934,18033.0,368.0276020701552,2.5,156,159,4,0,155,159,43226,1,0,0,1,0
2020-07-04,US,Indiana,Dearborn,228,23,0,39.14647946,-84.97333539,18029.0,460.9972097537304,10.087719298245617,205,227,23,0,204,206,49568,1,0,0,1,21
2020-07-04,US,Indiana,Decatur,249,32,0,39.30712658,-85.50087166,18031.0,937.535298768779,12.85140562248996,217,248,32,0,216,247,26794,1,0,0,1,1
2020-07-04,US,Indiana,Delaware,431,50,0,40.22787247,-85.39732772,18035.0,377.6229903184825,11.600928074245939,381,429,49,0,380,429,114772,2,1,0,1,0
2020-07-04,US,Indiana,Dubois,266,6,0,38.36597551,-86.87924170000002,18037.0,622.4260576563082,2.255639097744361,260,264,6,0,258,261,42565,2,0,0,2,3
2020-07-04,US,Indiana,Elkhart,3211,44,0,41.59761169,-85.85875695,18039.0,1556.1618873612128,1.3702896293989408,3167,3164,43,0,3121,3133,205560,47,1,0,46,31
2020-07-04,US,Indiana,Fayette,98,7,0,39.63684962,-85.17797541,18041.0,424.2056964764955,7.142857142857142,91,98,7,0,91,96,23047,0,0,0,0,2
2020-07-04,US,Indiana,Floyd,371,44,0,38.32117957,-85.90385377,18043.0,472.47905045719665,11.859838274932615,327,371,44,0,327,370,77781,0,0,0,0,1
2020-07-04,US,Indiana,Fountain,30,2,0,40.12361933,-87.24217689,18045.0,183.53113911660344,6.666666666666668,28,30,2,0,28,29,16351,0,0,0,0,1
2020-07-04,US,Indiana,Franklin,124,8,0,39.4142482,-85.06062647,18047.0,544.8633447578874,6.451612903225807,116,124,8,0,116,124,22736,0,0,0,0,0
2020-07-04,US,Indiana,Fulton,69,1,0,41.0469907,-86.26252745,18049.0,345.4490838089516,1.4492753623188406,68,68,1,0,67,66,20092,1,0,0,1,2
2020-07-04,US,Indiana,Gibson,67,2,0,38.30393723,-87.58054938,18051.0,199.05523039900174,2.985074626865672,65,59,2,0,57,46,33452,8,0,0,8,13
2020-07-04,US,Indiana,Grant,291,26,0,40.51587228,-85.65468702,18053.0,442.45769283401,8.934707903780069,265,290,26,0,264,287,65936,1,0,0,1,3
2020-07-04,US,Indiana,Greene,185,32,0,39.03630547,-86.96223202,18055.0,579.5376229559553,17.297297297297302,153,184,32,0,152,184,32006,1,0,0,1,0
2020-07-04,US,Indiana,Hamilton,1538,100,0,40.07306535,-86.05244729,18057.0,455.0147776255802,6.501950585175552,1438,1518,100,0,1418,1502,330086,20,0,0,20,16
2020-07-04,US,Indiana,Hancock,440,35,0,39.82304555,-85.77566351,18059.0,562.8901852420429,7.954545454545454,405,437,35,0,402,425,76351,3,0,0,3,12
2020-07-04,US,Indiana,Harrison,212,22,0,38.19467379,-86.10948271,18061.0,523.2629890164136,10.377358490566039,190,210,22,0,188,208,40350,2,0,0,2,2
2020-07-04,US,Indiana,Hendricks,1390,100,0,39.76719009,-86.51037283,18063.0,816.1539771359454,7.1942446043165456,1290,1386,100,0,1286,1371,167009,4,0,0,4,15
2020-07-04,US,Indiana,Henry,258,15,0,39.93029017,-85.39625719,18065.0,537.8137246727258,5.813953488372092,243,243,15,0,228,236,48271,15,0,0,15,7
2020-07-04,US,Indiana,Howard,565,57,0,40.48527731,-86.11351892,18067.0,684.4834270207405,10.088495575221241,508,560,57,0,503,550,82366,5,0,0,5,10
2020-07-04,US,Indiana,Huntington,74,2,0,40.82907273,-85.48822092,18069.0,202.62869660460015,2.702702702702702,72,71,2,0,69,70,36240,3,0,0,3,1
2020-07-04,US,Indiana,Jackson,469,3,0,38.90915820000001,-86.03851889,18071.0,1060.342293866293,0.6396588486140725,466,465,3,0,462,458,44111,4,0,0,4,7
2020-07-04,US,Indiana,Jasper,114,2,0,41.02078733,-87.11553319,18073.0,339.66986472796617,1.7543859649122806,112,114,2,0,112,113,33370,0,0,0,0,1
2020-07-04,US,Indiana,Jay,68,0,0,40.43781032,-85.00576229,18075.0,332.7461342728518,0.0,68,68,0,0,68,67,20764,0,0,0,0,1
2020-07-04,US,Indiana,Jefferson,72,2,0,38.78576239,-85.43633383,18077.0,222.8550204283769,2.7777777777777777,70,70,1,0,69,66,32208,2,1,0,1,4
2020-07-04,US,Indiana,Jennings,174,11,0,38.99588883,-85.62710784,18079.0,627.3661438615468,6.32183908045977,163,171,11,0,160,169,27611,3,0,0,3,2
2020-07-04,US,Indiana,Johnson,1256,118,0,39.48994426,-86.10149107,18081.0,794.0973780877174,9.394904458598727,1138,1254,118,0,1136,1244,156225,2,0,0,2,10
2020-07-04,US,Indiana,Knox,64,0,0,38.68861576,-87.4194665,18083.0,174.8920588074548,0.0,64,63,0,0,63,63,36895,1,0,0,1,0
2020-07-04,US,Indiana,Kosciusko,535,4,0,41.24521668,-85.86312322,18085.0,673.3286347160692,0.7476635514018691,531,512,4,0,508,500,79344,23,0,0,23,12
2020-07-04,US,Indiana,LaGrange,467,7,0,41.64232188,-85.42674232,18087.0,1178.876154894734,1.4989293361884368,460,465,7,0,458,464,39330,2,0,0,2,1
2020-07-04,US,Indiana,LaPorte,563,26,0,41.54366008,-86.74072188,18091.0,512.3398369248689,4.6181172291296635,537,553,26,0,527,541,110007,10,0,0,10,12
2020-07-04,US,Indiana,Lake,5104,242,0,41.41874274,-87.38277575,18089.0,1051.3024904581528,4.741379310344827,4862,5053,242,0,4811,4985,484411,51,0,0,51,68
2020-07-04,US,Indiana,Lawrence,242,25,0,38.84112637,-86.48361629,18093.0,533.3921093233414,10.330578512396695,217,236,24,0,212,236,45668,6,1,0,5,0
2020-07-04,US,Indiana,Madison,655,64,0,40.16143691,-85.71964711,18095.0,505.5221542189877,9.770992366412212,591,648,64,0,584,643,129641,7,0,0,7,5
2020-07-04,US,Indiana,Marion,11546,683,0,39.78163624,-86.13826325,18097.0,1196.9951751121214,5.915468560540448,10863,11499,683,0,10816,11434,954670,47,0,0,47,65
2020-07-04,US,Indiana,Marshall,482,3,0,41.32467367,-86.26185087,18099.0,1041.981927450387,0.6224066390041494,479,427,3,0,424,418,46248,55,0,0,55,9
2020-07-04,US,Indiana,Martin,22,0,0,38.7099921,-86.80373186,18101.0,214.5294978059483,0.0,22,22,0,0,22,22,10217,0,0,0,0,0
2020-07-04,US,Indiana,Miami,182,2,0,40.76940965,-86.04525048,18103.0,512.4450951683748,1.0989010989010992,180,181,2,0,179,180,35567,1,0,0,1,1
2020-07-04,US,Indiana,Monroe,276,28,0,39.16130004,-86.52414358,18105.0,185.9449845382703,10.144927536231883,248,266,28,0,238,263,146917,10,0,0,10,3
2020-07-04,US,Indiana,Montgomery,293,20,0,40.04034823,-86.89335024,18107.0,764.2547863738328,6.825938566552901,273,293,20,0,273,290,38346,0,0,0,0,3
2020-07-04,US,Indiana,Morgan,327,31,0,39.47899078,-86.44573375,18109.0,463.90216913277254,9.48012232415902,296,325,31,0,294,323,70116,2,0,0,2,2
2020-07-04,US,Indiana,Newton,98,10,0,40.95610449,-87.39635768,18111.0,700.8009153318077,10.20408163265306,88,97,10,0,87,96,14011,1,0,0,1,1
2020-07-04,US,Indiana,Noble,469,28,0,41.39672484,-85.41966713,18113.0,982.3223860589814,5.970149253731344,441,457,28,0,429,451,47532,12,0,0,12,6
2020-07-04,US,Indiana,Ohio,14,0,0,38.955305,-84.96515993,18115.0,238.2978723404256,0.0,14,14,0,0,14,14,5844,0,0,0,0,0
2020-07-04,US,Indiana,Orange,136,23,0,38.54118920000001,-86.49523093,18117.0,692.2528759034918,16.911764705882348,113,135,23,0,112,133,19489,1,0,0,1,2
2020-07-04,US,Indiana,Owen,47,1,0,39.31145587,-86.83900724,18119.0,225.972402519352,2.127659574468085,46,47,1,0,46,45,20845,0,0,0,0,2
2020-07-04,US,Indiana,Parke,22,0,0,39.77202286,-87.20375833,18121.0,129.89313337663106,0.0,22,22,0,0,22,22,16927,0,0,0,0,0
2020-07-04,US,Indiana,Perry,127,9,0,38.07809328,-86.63741946,18123.0,662.5280400646877,7.086614173228346,118,127,9,0,118,123,19102,0,0,0,0,4
2020-07-04,US,Indiana,Pike,10,0,0,38.40112197,-87.23574907,18125.0,80.71676487206395,0.0,10,9,0,0,9,8,12410,1,0,0,1,1
2020-07-04,US,Indiana,Porter,720,37,0,41.45986947,-87.06848888,18127.0,422.56248936257623,5.138888888888889,683,712,37,0,675,690,169594,8,0,0,8,22
2020-07-04,US,Indiana,Posey,38,0,0,38.02097333,-87.86480429,18129.0,149.44743776300785,0.0,38,36,0,0,36,36,25540,2,0,0,2,0
2020-07-04,US,Indiana,Pulaski,64,1,0,41.04166107,-86.69890683,18131.0,518.0927709868048,1.5625,63,62,1,0,61,62,12469,2,0,0,2,0
2020-07-04,US,Indiana,Putnam,168,8,0,39.66437981,-86.84517605,18133.0,447.0938897168405,4.761904761904762,160,168,8,0,160,165,37779,0,0,0,0,3
2020-07-04,US,Indiana,Randolph,78,4,0,40.15734772,-85.01139319,18135.0,316.2375836205149,5.128205128205129,74,78,4,0,74,77,24851,0,0,0,0,1
2020-07-04,US,Indiana,Ripley,115,7,0,39.10235626,-85.26212744,18137.0,406.0160994209857,6.086956521739131,108,114,7,0,107,114,28523,1,0,0,1,0
2020-07-04,US,Indiana,Rush,56,3,0,39.62002287,-85.4655599,18139.0,337.7359628490441,5.357142857142857,53,56,3,0,53,56,16663,0,0,0,0,0
2020-07-04,US,Indiana,Scott,160,7,0,38.68672078,-85.74627859,18143.0,670.2132115779333,4.375,153,160,7,0,153,155,23878,0,0,0,0,5
2020-07-04,US,Indiana,Shelby,423,25,0,39.52305623,-85.79158570000001,18145.0,945.6951865679983,5.91016548463357,398,420,25,0,395,418,44593,3,0,0,3,2
2020-07-04,US,Indiana,Spencer,37,1,0,38.01519732,-87.0079644,18147.0,182.47275237954327,2.702702702702702,36,35,1,0,34,33,20327,2,0,0,2,2
2020-07-04,US,Indiana,St. Joseph,1908,66,0,41.61756781,-86.29040834,18141.0,701.9196103389667,3.459119496855346,1842,1863,66,0,1797,1857,270771,45,0,0,45,6
2020-07-04,US,Indiana,Starke,92,3,0,41.27890281,-86.64686895,18149.0,400.0869754294412,3.260869565217391,89,85,3,0,82,77,22935,7,0,0,7,8
2020-07-04,US,Indiana,Steuben,128,2,0,41.64423868,-85.00101094,18151.0,370.0063594843036,1.5625,126,126,2,0,124,124,34586,2,0,0,2,2
2020-07-04,US,Indiana,Sullivan,44,1,0,39.08952258,-87.41414469,18153.0,212.87919105907397,2.272727272727273,43,44,1,0,43,44,20690,0,0,0,0,0
2020-07-04,US,Indiana,Switzerland,26,0,0,38.82767338,-85.03022429,18155.0,241.83796856106412,0.0,26,26,0,0,26,26,10717,0,0,0,0,0
2020-07-04,US,Indiana,Tippecanoe,694,8,0,40.38872739,-86.89413959,18157.0,354.566448000327,1.1527377521613833,686,677,8,0,669,659,193048,17,0,0,17,18
2020-07-04,US,Indiana,Tipton,30,1,0,40.31123252,-86.05234925,18159.0,198.045946659625,3.333333333333333,29,30,1,0,29,30,15128,0,0,0,0,0
2020-07-04,US,Indiana,Unassigned,0,193,0,0.0,0.0,90018.0,0.0,0.0,-193,0,193,0,-193,0,,0,0,0,0,0
2020-07-04,US,Indiana,Union,13,0,0,39.62550777,-84.92497066,18161.0,184.2925999432946,0.0,13,13,0,0,13,13,7037,0,0,0,0,0
2020-07-04,US,Indiana,Vanderburgh,502,6,0,38.02658833,-87.58763124,18163.0,276.6587122694281,1.195219123505976,496,480,6,0,474,457,180974,22,0,0,22,23
2020-07-04,US,Indiana,Vermillion,14,0,0,39.8523352,-87.46160542,18165.0,90.3342366757001,0.0,14,13,0,0,13,13,15479,1,0,0,1,0
2020-07-04,US,Indiana,Vigo,231,8,0,39.42944561,-87.39169027,18167.0,215.8112072348138,3.463203463203463,223,228,8,0,220,227,107386,3,0,0,3,1
2020-07-04,US,Indiana,Wabash,112,2,0,40.84704239,-85.79328272,18169.0,361.3369467028004,1.7857142857142858,110,110,2,0,108,109,31280,2,0,0,2,1
2020-07-04,US,Indiana,Warren,14,1,0,40.34728141,-87.35602659,18171.0,169.38898971566852,7.142857142857142,13,14,1,0,13,14,8263,0,0,0,0,0
2020-07-04,US,Indiana,Warrick,212,29,0,38.08922676,-87.2716085,18173.0,336.5186196387187,13.679245283018869,183,210,29,0,181,207,62567,2,0,0,2,3
2020-07-04,US,Indiana,Washington,68,1,0,38.60219804,-86.1049363,18175.0,242.54529890141248,1.4705882352941178,67,66,1,0,65,65,27943,2,0,0,2,1
2020-07-04,US,Indiana,Wayne,136,6,0,39.8633444,-85.01044989,18177.0,206.4234108433004,4.411764705882354,130,134,6,0,128,129,65936,2,0,0,2,5
2020-07-04,US,Indiana,Wells,71,1,0,40.72934187,-85.22132966,18179.0,250.9188577890868,1.4084507042253518,70,71,1,0,70,68,28206,0,0,0,0,3
2020-07-04,US,Indiana,White,260,10,0,40.74911165,-86.86492015,18181.0,1078.7486515641856,3.8461538461538463,250,260,10,0,250,259,24133,0,0,0,0,1
2020-07-04,US,Indiana,Whitley,90,5,0,41.13863784,-85.50791236,18183.0,264.9864562477918,5.5555555555555545,85,88,4,0,84,81,34074,2,1,0,1,7
2020-07-04,US,Iowa,Adair,15,0,0,41.33075609,-94.47105874,19001.0,209.7315436241611,0.0,15,15,0,0,15,15,7063,0,0,0,0,0
2020-07-04,US,Iowa,Adams,8,0,0,41.02903567,-94.69932645,19003.0,222.0988339811216,0.0,8,8,0,0,8,8,3645,0,0,0,0,0
2020-07-04,US,Iowa,Allamakee,128,4,0,43.28383218,-91.37860922,19005.0,935.1939796887558,3.125,124,126,4,0,122,126,13832,2,0,0,2,0
2020-07-04,US,Iowa,Appanoose,20,3,0,40.74324454,-92.86865906,19007.0,160.95284081764044,15.0,17,20,3,0,17,20,12437,0,0,0,0,0
2020-07-04,US,Iowa,Audubon,16,1,0,41.6844628,-94.90581859,19009.0,291.12081513828235,6.25,15,16,1,0,15,16,5506,0,0,0,0,0
2020-07-04,US,Iowa,Benton,65,1,0,42.08011739,-92.06463573,19011.0,253.46071358939358,1.5384615384615383,64,62,1,0,61,62,25642,3,0,0,3,0
2020-07-04,US,Iowa,Black Hawk,2252,58,0,42.4704581,-92.30524729,19013.0,1716.0971743835157,2.5754884547069268,2194,2196,58,0,2138,2180,132408,56,0,0,56,16
2020-07-04,US,Iowa,Boone,148,1,0,42.03657094,-93.9313999,19015.0,564.1533887321797,0.6756756756756757,147,145,1,0,144,142,26346,3,0,0,3,3
2020-07-04,US,Iowa,Bremer,92,6,0,42.77461496,-92.31795937,19017.0,367.089617747985,6.521739130434782,86,91,6,0,85,90,24947,1,0,0,1,1
2020-07-04,US,Iowa,Buchanan,50,1,0,42.4709188,-91.83510825,19019.0,236.1275088547816,2.0,49,50,1,0,49,51,21199,0,0,0,0,-1
2020-07-04,US,Iowa,Buena Vista,1711,11,0,42.73545875,-95.15100162,19021.0,8720.693170234455,0.6428988895382817,1700,1707,11,0,1696,1705,19874,4,0,0,4,2
2020-07-04,US,Iowa,Butler,53,2,0,42.73172833,-92.79015971,19023.0,367.0614308470117,3.7735849056603774,51,52,2,0,50,52,14539,1,0,0,1,0
2020-07-04,US,Iowa,Calhoun,49,2,0,42.38521079,-94.64046046,19025.0,506.8266446007447,4.081632653061225,47,48,2,0,46,48,9699,1,0,0,1,0
2020-07-04,US,Iowa,Carroll,96,1,0,42.03617207,-94.86032705,19027.0,476.0724026779074,1.0416666666666667,95,93,1,0,92,91,20154,3,0,0,3,2
2020-07-04,US,Iowa,Cass,22,0,0,41.33149454,-94.92792482,19029.0,171.39295730757246,0.0,22,21,0,0,21,21,12930,1,0,0,1,0
2020-07-04,US,Iowa,Cedar,82,1,0,41.77233777,-91.13246684,19031.0,440.2211843023568,1.2195121951219512,81,81,1,0,80,80,18627,1,0,0,1,1
2020-07-04,US,Iowa,Cerro Gordo,156,1,0,43.08177563,-93.2612239,19033.0,367.4911660777385,0.6410256410256411,155,147,1,0,146,138,42647,9,0,0,9,9
2020-07-04,US,Iowa,Cherokee,75,1,0,42.73538914,-95.62389402,19035.0,667.5567423230974,1.3333333333333333,74,75,1,0,74,75,11321,0,0,0,0,0
2020-07-04,US,Iowa,Chickasaw,28,0,0,43.06001295,-92.31773347,19037.0,234.64342579401662,0.0,28,28,0,0,28,27,11964,0,0,0,0,1
2020-07-04,US,Iowa,Clarke,131,2,0,41.02868181,-93.78499767,19039.0,1394.3587014369346,1.5267175572519085,129,129,2,0,127,127,9423,2,0,0,2,2
2020-07-04,US,Iowa,Clay,133,0,0,43.08247182,-95.15096481,19041.0,830.4195804195804,0.0,133,128,0,0,128,127,16134,5,0,0,5,1
2020-07-04,US,Iowa,Clayton,43,3,0,42.84443388,-91.34133693,19043.0,245.0282067354265,6.9767441860465125,40,40,3,0,37,39,17556,3,0,0,3,1
2020-07-04,US,Iowa,Clinton,107,1,0,41.89981633,-90.53275096,19045.0,230.45941114389717,0.9345794392523364,106,105,1,0,104,104,46518,2,0,0,2,1
2020-07-04,US,Iowa,Crawford,677,2,0,42.03718237,-95.3819718,19047.0,4024.970273483948,0.29542097488921715,675,675,2,0,673,675,17158,2,0,0,2,0
2020-07-04,US,Iowa,Dallas,1263,29,0,41.68560356,-94.04127625,19049.0,1351.4814933709993,2.2961203483768804,1234,1235,29,0,1206,1223,90180,28,0,0,28,12
2020-07-04,US,Iowa,Davis,39,1,0,40.74773536,-92.41005468,19051.0,433.33333333333326,2.5641025641025643,38,39,1,0,38,39,9017,0,0,0,0,0
2020-07-04,US,Iowa,Decatur,11,0,0,40.73742757,-93.78645949,19053.0,139.7712833545108,0.0,11,11,0,0,11,11,7890,0,0,0,0,0
2020-07-04,US,Iowa,Delaware,49,1,0,42.47104597,-91.3664492,19055.0,288.0489095291282,2.0408163265306123,48,48,1,0,47,48,17069,1,0,0,1,0
2020-07-04,US,Iowa,Des Moines,88,2,0,40.92012606,-91.18326592,19057.0,225.83211435317062,2.272727272727273,86,86,2,0,84,86,39138,2,0,0,2,0
2020-07-04,US,Iowa,Dickinson,264,2,0,43.37787725,-95.1510206,19059.0,1529.725344767644,0.7575757575757576,262,260,2,0,258,259,17153,4,0,0,4,1
2020-07-04,US,Iowa,Dubuque,683,22,0,42.46815349,-90.88181925,19061.0,701.8733750552353,3.2210834553440697,661,621,22,0,599,609,96854,62,0,0,62,12
2020-07-04,US,Iowa,Emmet,85,0,0,43.37782951,-94.67858943,19063.0,923.110338835795,0.0,85,80,0,0,80,78,9253,5,0,0,5,2
2020-07-04,US,Iowa,Fayette,48,0,0,42.86271799,-91.8441231,19065.0,244.27480916030532,0.0,48,37,0,0,37,34,19660,11,0,0,11,3
2020-07-04,US,Iowa,Floyd,72,2,0,43.06000529999999,-92.78940097,19067.0,460.2991944764096,2.7777777777777777,70,70,2,0,68,68,15761,2,0,0,2,2
2020-07-04,US,Iowa,Franklin,89,0,0,42.73270384,-93.26256925,19069.0,883.8133068520357,0.0,89,84,0,0,84,84,10124,5,0,0,5,0
2020-07-04,US,Iowa,Fremont,7,0,0,40.74542720000001,-95.60129045,19071.0,100.57471264367815,0.0,7,7,0,0,7,7,6993,0,0,0,0,0
2020-07-04,US,Iowa,Greene,29,0,0,42.03614551,-94.39658081,19073.0,326.2826282628264,0.0,29,29,0,0,29,28,8981,0,0,0,0,1
2020-07-04,US,Iowa,Grundy,37,0,0,42.40183723,-92.78829551,19075.0,302.485284499673,0.0,37,35,0,0,35,35,12304,2,0,0,2,0
2020-07-04,US,Iowa,Guthrie,66,4,0,41.68378965,-94.50111014,19077.0,617.4571989896154,6.0606060606060606,62,64,4,0,60,64,10720,2,0,0,2,0
2020-07-04,US,Iowa,Hamilton,187,1,0,42.38382428,-93.70197703,19079.0,1265.822784810127,0.5347593582887701,186,187,1,0,186,187,14952,0,0,0,0,0
2020-07-04,US,Iowa,Hancock,51,0,0,43.08178477,-93.73454884,19081.0,479.7742238946378,0.0,51,49,0,0,49,49,10712,2,0,0,2,0
2020-07-04,US,Iowa,Hardin,70,0,0,42.38353877,-93.23654611,19083.0,415.52890893980765,0.0,70,67,0,0,67,65,16868,3,0,0,3,2
2020-07-04,US,Iowa,Harrison,53,0,0,41.68330137,-95.81558439,19085.0,377.25104989678977,0.0,53,53,0,0,53,53,14134,0,0,0,0,0
2020-07-04,US,Iowa,Henry,86,3,0,40.98767962,-91.54436349,19087.0,430.99127994387084,3.4883720930232562,83,86,3,0,83,85,20067,0,0,0,0,1
2020-07-04,US,Iowa,Howard,35,0,0,43.35671042,-92.31702714,19089.0,382.1795151779865,0.0,35,29,0,0,29,28,9187,6,0,0,6,1
2020-07-04,US,Iowa,Humboldt,54,1,0,42.7764426,-94.20722537,19091.0,564.9717514124294,1.851851851851852,53,53,1,0,52,53,9547,1,0,0,1,0
2020-07-04,US,Iowa,Ida,23,0,0,42.38696136,-95.51355387,19093.0,335.2769679300292,0.0,23,23,0,0,23,23,6841,0,0,0,0,0
2020-07-04,US,Iowa,Iowa,51,0,0,41.68630265,-92.0643373,19095.0,315.1260504201681,0.0,51,51,0,0,51,51,16141,0,0,0,0,0
2020-07-04,US,Iowa,Jackson,29,0,0,42.17178824,-90.57354837,19097.0,149.18462883893204,0.0,29,27,0,0,27,27,19432,2,0,0,2,0
2020-07-04,US,Iowa,Jasper,323,17,0,41.68576082,-93.05567785,19099.0,868.6298238537047,5.2631578947368425,306,321,17,0,304,321,37147,2,0,0,2,0
2020-07-04,US,Iowa,Jefferson,59,0,0,41.03192394,-91.94849466,19101.0,322.4924842853239,0.0,59,59,0,0,59,58,18381,0,0,0,0,1
2020-07-04,US,Iowa,Johnson,1264,8,0,41.67169354,-91.58754744,19103.0,836.3107053063385,0.6329113924050633,1256,1238,8,0,1230,1231,151260,26,0,0,26,7
2020-07-04,US,Iowa,Jones,56,0,0,42.12118609,-91.13139641,19105.0,270.77994294279773,0.0,56,56,0,0,56,56,20744,0,0,0,0,0
2020-07-04,US,Iowa,Keokuk,20,1,0,41.33649833,-92.1785067,19107.0,195.19812609798947,5.0,19,20,1,0,19,20,10225,0,0,0,0,0
2020-07-04,US,Iowa,Kossuth,34,0,0,43.20405458,-94.20691791,19109.0,229.5281171943563,0.0,34,33,0,0,33,33,14908,1,0,0,1,0
2020-07-04,US,Iowa,Lee,53,2,0,40.64181461,-91.48183025,19111.0,157.4709570074576,3.7735849056603774,51,53,2,0,51,50,34055,0,0,0,0,3
2020-07-04,US,Iowa,Linn,1262,82,0,42.07923082,-91.59809485,19113.0,556.6681075930942,6.497622820919176,1180,1242,82,0,1160,1238,225909,20,0,0,20,4
2020-07-04,US,Iowa,Louisa,360,13,0,41.21842119,-91.26102611,19115.0,3262.347077480743,3.611111111111111,347,360,13,0,347,360,11169,0,0,0,0,0
2020-07-04,US,Iowa,Lucas,30,4,0,41.02958964,-93.32780803,19117.0,348.8372093023256,13.333333333333336,26,30,4,0,26,30,8645,0,0,0,0,0
2020-07-04,US,Iowa,Lyon,41,0,0,43.38107862,-96.20926845,19119.0,348.78774989366235,0.0,41,41,0,0,41,40,11811,0,0,0,0,1
2020-07-04,US,Iowa,Madison,45,2,0,41.33081904,-94.01554631,19121.0,275.43150936467134,4.4444444444444455,43,42,2,0,40,40,16249,3,0,0,3,2
2020-07-04,US,Iowa,Mahaska,115,17,0,41.33521503,-92.64083907,19123.0,520.479746548993,14.782608695652176,98,115,17,0,98,115,22000,0,0,0,0,0
2020-07-04,US,Iowa,Marion,70,0,0,41.33445101,-93.09934783,19125.0,210.50732264758068,0.0,70,68,0,0,68,68,33407,2,0,0,2,0
2020-07-04,US,Iowa,Marshall,1043,19,0,42.03586837,-92.9990819,19127.0,2649.292590616983,1.8216682646212847,1024,1041,19,0,1022,1035,39981,2,0,0,2,6
2020-07-04,US,Iowa,Mills,36,0,0,41.03299766,-95.61920963,19129.0,238.2685816400821,0.0,36,36,0,0,36,36,15063,0,0,0,0,0
2020-07-04,US,Iowa,Mitchell,37,0,0,43.35638371,-92.78887719,19131.0,349.51823162667677,0.0,37,37,0,0,37,34,10569,0,0,0,0,3
2020-07-04,US,Iowa,Monona,76,0,0,42.05220391,-95.95743843,19133.0,882.1822402785837,0.0,76,74,0,0,74,74,8679,2,0,0,2,0
2020-07-04,US,Iowa,Monroe,50,6,0,41.02988815,-92.8690667,19135.0,648.760866744518,12.0,44,50,6,0,44,50,7790,0,0,0,0,0
2020-07-04,US,Iowa,Montgomery,10,2,0,41.03018714,-95.15642896,19137.0,100.83694665725521,20.0,8,10,2,0,8,10,10003,0,0,0,0,0
2020-07-04,US,Iowa,Muscatine,629,44,0,41.48370744,-91.1121697,19139.0,1474.3108944309022,6.995230524642289,585,624,44,0,580,624,42929,5,0,0,5,0
2020-07-04,US,Iowa,O'Brien,86,1,0,43.08310673,-95.62474482,19141.0,625.3181124118374,1.162790697674419,85,86,1,0,85,86,13840,0,0,0,0,0
2020-07-04,US,Iowa,Osceola,59,0,0,43.37824276,-95.62422844,19143.0,990.2651896609599,0.0,59,59,0,0,59,58,6040,0,0,0,0,1
2020-07-04,US,Iowa,Page,20,0,0,40.7393172,-95.1497813,19145.0,132.38895876083936,0.0,20,20,0,0,20,20,15249,0,0,0,0,0
2020-07-04,US,Iowa,Palo Alto,41,0,0,43.08193849,-94.67824621,19147.0,461.39995498537024,0.0,41,36,0,0,36,36,8929,5,0,0,5,0
2020-07-04,US,Iowa,Plymouth,316,5,0,42.737633,-96.21366621,19149.0,1255.1137943361005,1.5822784810126582,311,313,5,0,308,313,25095,3,0,0,3,0
2020-07-04,US,Iowa,Pocahontas,94,1,0,42.73420133,-94.67862564,19151.0,1420.1541018280707,1.0638297872340423,93,93,1,0,92,93,6740,1,0,0,1,0
2020-07-04,US,Iowa,Polk,6464,179,0,41.68679484,-93.57767461,19153.0,1318.7503697764612,2.7691831683168315,6285,6332,179,0,6153,6275,487204,132,0,0,132,57
2020-07-04,US,Iowa,Pottawattamie,721,11,0,41.33640314,-95.53907776,19155.0,773.5553505139154,1.5256588072122053,710,719,11,0,708,719,93533,2,0,0,2,0
2020-07-04,US,Iowa,Poweshiek,104,8,0,41.68625425,-92.53155731,19157.0,562.0406398616516,7.6923076923076925,96,104,8,0,96,104,18699,0,0,0,0,0
2020-07-04,US,Iowa,Ringgold,15,0,0,40.73518949,-94.24368535,19159.0,306.49775234981615,0.0,15,15,0,0,15,15,4968,0,0,0,0,0
2020-07-04,US,Iowa,Sac,63,0,0,42.38624071,-95.10547892,19161.0,648.0814730994754,0.0,63,63,0,0,63,63,9719,0,0,0,0,0
2020-07-04,US,Iowa,Scott,778,10,0,41.63935978,-90.61959493,19163.0,449.8592021648751,1.2853470437017995,768,719,10,0,709,704,173283,59,0,0,59,15
2020-07-04,US,Iowa,Shelby,114,0,0,41.6850066,-95.31015553,19165.0,995.2854897852279,0.0,114,114,0,0,114,111,11578,0,0,0,0,3
2020-07-04,US,Iowa,Sioux,463,0,0,43.08221074,-96.1767568,19167.0,1328.3603500215174,0.0,463,460,0,0,460,461,34909,3,0,0,3,-1
2020-07-04,US,Iowa,Story,762,3,0,42.03621213,-93.46499005,19169.0,784.6206122512019,0.3937007874015748,759,751,3,0,748,746,98105,11,0,0,11,5
2020-07-04,US,Iowa,Tama,462,29,0,42.07991767,-92.53266945,19171.0,2741.189035243859,6.277056277056277,433,460,29,0,431,458,16904,2,0,0,2,2
2020-07-04,US,Iowa,Taylor,79,0,0,40.73710579,-94.69778563,19173.0,1290.6387845123345,0.0,79,79,0,0,79,79,6191,0,0,0,0,0
2020-07-04,US,Iowa,Unassigned,16,0,0,0.0,0.0,90019.0,0.0,0.0,16,7,0,0,7,7,,9,0,0,9,0
2020-07-04,US,Iowa,Union,27,0,0,41.0277278,-94.24234847,19175.0,220.57021485172783,0.0,27,27,0,0,27,27,12359,0,0,0,0,0
2020-07-04,US,Iowa,Van Buren,20,0,0,40.75326764,-91.95017958,19177.0,283.92958546280516,0.0,20,19,0,0,19,19,7020,1,0,0,1,0
2020-07-04,US,Iowa,Wapello,706,30,0,41.03064984,-92.40954728,19179.0,2018.931053218565,4.2492917847025495,676,705,30,0,675,702,35205,1,0,0,1,3
2020-07-04,US,Iowa,Warren,273,1,0,41.33559454,-93.56007641,19181.0,530.4472855866009,0.3663003663003663,272,264,1,0,263,258,51056,9,0,0,9,6
2020-07-04,US,Iowa,Washington,236,9,0,41.33577126,-91.71725711,19183.0,1074.436603687685,3.8135593220338975,227,234,9,0,225,234,22141,2,0,0,2,0
2020-07-04,US,Iowa,Wayne,10,0,0,40.73969028,-93.32752197,19185.0,155.2553951249806,0.0,10,10,0,0,10,9,6401,0,0,0,0,1
2020-07-04,US,Iowa,Webster,213,2,0,42.42853483,-94.17987389,19187.0,593.2486631016043,0.9389671361502347,211,171,2,0,169,170,36277,42,0,0,42,1
2020-07-04,US,Iowa,Winnebago,28,0,0,43.37751174,-93.73407298,19189.0,270.4268881591655,0.0,28,27,0,0,27,27,10518,1,0,0,1,0
2020-07-04,US,Iowa,Winneshiek,38,0,0,43.29094334,-91.84422722,19191.0,190.08553849232155,0.0,38,37,0,0,37,36,20029,1,0,0,1,1
2020-07-04,US,Iowa,Woodbury,3215,44,0,42.38979414,-96.0459439,19193.0,3118.1200112504484,1.3685847589424571,3171,3206,44,0,3162,3201,102539,9,0,0,9,5
2020-07-04,US,Iowa,Worth,19,0,0,43.37750768,-93.26087602,19195.0,257.417694079393,0.0,19,17,0,0,17,15,7453,2,0,0,2,2
2020-07-04,US,Iowa,Wright,380,1,0,42.73305373,-93.73515113,19197.0,3024.9960197420787,0.2631578947368421,379,377,1,0,376,377,12690,3,0,0,3,0
2020-07-04,US,Kansas,Allen,4,0,0,37.88582951,-95.30030847,20001.0,32.338911795618074,0.0,4,4,0,0,4,4,12444,0,0,0,0,0
2020-07-04,US,Kansas,Anderson,4,0,0,38.21413251,-95.29272815,20003.0,50.903537795876815,0.0,4,4,0,0,4,4,7878,0,0,0,0,0
2020-07-04,US,Kansas,Atchison,39,0,0,39.53185661,-95.30870026,20005.0,242.6429415790456,0.0,39,39,0,0,39,39,16193,0,0,0,0,0
2020-07-04,US,Kansas,Barber,2,0,0,37.2288586,-98.68460053,20007.0,45.177320984865595,0.0,2,2,0,0,2,1,4472,0,0,0,0,1
2020-07-04,US,Kansas,Barton,57,2,0,38.47889676,-98.75636726,20009.0,221.1102059816129,3.5087719298245608,55,57,2,0,55,57,26111,0,0,0,0,0
2020-07-04,US,Kansas,Bourbon,28,1,0,37.85508555,-94.84865997,20011.0,192.65171322416404,3.571428571428572,27,28,1,0,27,28,14653,0,0,0,0,0
2020-07-04,US,Kansas,Brown,14,0,0,39.82652589,-95.56421698,20013.0,146.3822668339607,0.0,14,14,0,0,14,14,9598,0,0,0,0,0
2020-07-04,US,Kansas,Butler,67,0,0,37.78134351,-96.83878537,20015.0,100.13301250915396,0.0,67,60,0,0,60,60,66765,7,0,0,7,0
2020-07-04,US,Kansas,Chase,5,0,0,38.30292938,-96.59563862,20017.0,188.82175226586102,0.0,5,5,0,0,5,4,2629,0,0,0,0,1
2020-07-04,US,Kansas,Chautauqua,4,0,0,37.14994405,-96.2454192,20019.0,123.07692307692308,0.0,4,4,0,0,4,4,3309,0,0,0,0,0
2020-07-04,US,Kansas,Cherokee,39,0,0,37.16928494,-94.8462897,20021.0,195.59656953708813,0.0,39,38,0,0,38,38,20015,1,0,0,1,0
2020-07-04,US,Kansas,Cheyenne,2,0,0,39.78580976,-101.7318201,20023.0,75.27286413248024,0.0,2,2,0,0,2,2,2660,0,0,0,0,0
2020-07-04,US,Kansas,Clark,34,1,0,37.23577007,-99.81883015,20025.0,1705.1153460381142,2.9411764705882355,33,34,1,0,33,34,2005,0,0,0,0,0
2020-07-04,US,Kansas,Clay,7,2,0,39.34948772,-97.16518128,20027.0,87.47813046738315,28.57142857142857,5,7,2,0,5,7,7997,0,0,0,0,0
2020-07-04,US,Kansas,Cloud,21,0,0,39.48028352,-97.64925343,20029.0,239.0166173457773,0.0,21,21,0,0,21,18,8729,0,0,0,0,3
2020-07-04,US,Kansas,Coffey,53,8,0,38.2365018,-95.73379515,20031.0,648.0009781146838,15.094339622641508,45,53,8,0,45,53,8233,0,0,0,0,0
2020-07-04,US,Kansas,Comanche,3,0,0,37.19114520000001,-99.27113247,20033.0,176.47058823529412,0.0,3,2,0,0,2,2,1748,1,0,0,1,0
2020-07-04,US,Kansas,Cowley,73,1,0,37.23781842,-96.83776647,20035.0,209.1211183682824,1.3698630136986298,72,73,1,0,72,71,35218,0,0,0,0,2
2020-07-04,US,Kansas,Crawford,266,1,0,37.50675523,-94.85245778,20037.0,685.249111237055,0.3759398496240601,265,266,1,0,265,262,39019,0,0,0,0,4
2020-07-04,US,Kansas,Dickinson,8,1,0,38.86600962,-97.15532383,20041.0,43.32286364128669,12.5,7,8,1,0,7,8,18717,0,0,0,0,0
2020-07-04,US,Kansas,Doniphan,26,0,0,39.79067154,-95.14056866,20043.0,342.10526315789474,0.0,26,26,0,0,26,26,7682,0,0,0,0,0
2020-07-04,US,Kansas,Douglas,251,0,0,38.88503636,-95.2925121,20045.0,205.30185916783225,0.0,251,251,0,0,251,190,121436,0,0,0,0,61
2020-07-04,US,Kansas,Edwards,7,0,0,37.88735543,-99.31263309,20047.0,250.17869907076482,0.0,7,7,0,0,7,7,2849,0,0,0,0,0
2020-07-04,US,Kansas,Elk,1,0,0,37.45338105,-96.24369667,20049.0,39.52569169960474,0.0,1,1,0,0,1,1,2508,0,0,0,0,0
2020-07-04,US,Kansas,Ellis,25,0,0,38.91458712,-99.31751551,20051.0,87.55647392568207,0.0,25,25,0,0,25,21,28710,0,0,0,0,4
2020-07-04,US,Kansas,Ellsworth,4,0,0,38.69677695,-98.20462799,20053.0,65.55227794165847,0.0,4,4,0,0,4,4,6196,0,0,0,0,0
2020-07-04,US,Kansas,Finney,1575,10,0,38.04340344,-100.73819379999999,20055.0,4318.973318342612,0.6349206349206349,1565,1575,10,0,1565,1575,36611,0,0,0,0,0
2020-07-04,US,Kansas,Ford,1954,8,0,37.69200114,-99.88825298,20057.0,5812.189535679228,0.4094165813715456,1946,1954,8,0,1946,1947,33888,0,0,0,0,7
2020-07-04,US,Kansas,Franklin,78,1,0,38.56443815,-95.28644341,20059.0,305.3554650798622,1.2820512820512822,77,78,1,0,77,77,25631,0,0,0,0,1
2020-07-04,US,Kansas,Geary,65,1,0,38.99871131,-96.7577178,20061.0,205.24155352068203,1.5384615384615383,64,62,1,0,61,61,32594,3,0,0,3,1
2020-07-04,US,Kansas,Gove,2,0,0,38.91588178,-100.4829321,20063.0,75.87253414264036,0.0,2,2,0,0,2,1,2612,0,0,0,0,1
2020-07-04,US,Kansas,Grant,53,1,0,37.56227336,-101.3079758,20067.0,741.2587412587413,1.8867924528301887,52,51,1,0,50,51,7336,2,0,0,2,0
2020-07-04,US,Kansas,Gray,31,0,0,37.73836671,-100.4369088,20069.0,517.7020708082831,0.0,31,31,0,0,31,31,6033,0,0,0,0,0
2020-07-04,US,Kansas,Greenwood,11,0,0,37.8774388,-96.23250453,20073.0,183.884988298228,0.0,11,11,0,0,11,11,6055,0,0,0,0,0
2020-07-04,US,Kansas,Hamilton,30,0,0,37.99978709,-101.7921066,20075.0,1181.5675462780625,0.0,30,30,0,0,30,30,2607,0,0,0,0,0
2020-07-04,US,Kansas,Harper,4,0,0,37.19175361,-98.07578384,20077.0,73.58351729212656,0.0,4,4,0,0,4,4,5506,0,0,0,0,0
2020-07-04,US,Kansas,Harvey,43,0,0,38.04293782,-97.42747573,20079.0,124.89471085422173,0.0,43,43,0,0,43,38,34210,0,0,0,0,5
2020-07-04,US,Kansas,Haskell,28,0,0,37.562039399999996,-100.8710738,20081.0,705.6451612903226,0.0,28,28,0,0,28,24,3997,0,0,0,0,4
2020-07-04,US,Kansas,Hodgeman,9,0,0,38.08780079,-99.89829881,20083.0,501.6722408026756,0.0,9,9,0,0,9,9,1818,0,0,0,0,0
2020-07-04,US,Kansas,Jackson,113,1,0,39.41673394,-95.79356799,20085.0,857.9454862956495,0.8849557522123894,112,113,1,0,112,113,13280,0,0,0,0,0
2020-07-04,US,Kansas,Jefferson,27,0,0,39.2347941,-95.38289232,20087.0,141.78438271280785,0.0,27,28,0,0,28,25,18975,-1,0,0,-1,3
2020-07-04,US,Kansas,Jewell,4,0,0,39.78470589,-98.21820662,20089.0,138.9371309482459,0.0,4,4,0,0,4,4,2841,0,0,0,0,0
2020-07-04,US,Kansas,Johnson,2111,88,0,38.88548175,-94.82250877,20091.0,350.4310251809011,4.1686404547607765,2023,1993,88,0,1905,1816,597555,118,0,0,118,177
2020-07-04,US,Kansas,Kearny,48,1,0,38.00017981,-101.32168100000001,20093.0,1250.6513809275666,2.083333333333333,47,48,1,0,47,48,3943,0,0,0,0,0
2020-07-04,US,Kansas,Kiowa,3,0,0,37.55848695,-99.2856537,20097.0,121.21212121212122,0.0,3,3,0,0,3,3,2516,0,0,0,0,0
2020-07-04,US,Kansas,Labette,65,0,0,37.19113093,-95.29849679,20099.0,331.32837190335414,0.0,65,65,0,0,65,63,19964,0,0,0,0,2
2020-07-04,US,Kansas,Lane,5,0,0,38.48119447,-100.46607540000001,20101.0,325.73289902280135,0.0,5,5,0,0,5,5,1560,0,0,0,0,0
2020-07-04,US,Kansas,Leavenworth,1181,7,0,39.20183497,-95.03620809,20103.0,1444.50695956359,0.5927180355630821,1174,1181,7,0,1174,1171,81352,0,0,0,0,10
2020-07-04,US,Kansas,Lincoln,1,0,0,39.04549684,-98.20756994,20105.0,33.7609723160027,0.0,1,1,0,0,1,1,3023,0,0,0,0,0
2020-07-04,US,Kansas,Linn,15,0,0,38.21267844,-94.84254089,20107.0,154.59136349582604,0.0,15,15,0,0,15,14,9750,0,0,0,0,1
2020-07-04,US,Kansas,Logan,1,0,0,38.91735806,-101.148475,20109.0,35.79098067287043,0.0,1,1,0,0,1,1,2844,0,0,0,0,0
2020-07-04,US,Kansas,Lyon,502,7,0,38.45576156,-96.15275715,20111.0,1512.2759451724658,1.3944223107569722,495,502,7,0,495,499,33406,0,0,0,0,3
2020-07-04,US,Kansas,Marion,10,1,0,38.35855394,-97.09852509999999,20115.0,84.1467519353753,10.0,9,10,1,0,9,9,11950,0,0,0,0,1
2020-07-04,US,Kansas,Marshall,2,0,0,39.78359669,-96.52278974,20117.0,20.603688060162767,0.0,2,2,0,0,2,2,9722,0,0,0,0,0
2020-07-04,US,Kansas,McPherson,79,0,0,38.39184858,-97.64769869,20113.0,276.78508864130055,0.0,79,79,0,0,79,75,28537,0,0,0,0,4
2020-07-04,US,Kansas,Meade,30,0,0,37.23859987,-100.36483100000001,20119.0,743.86312918423,0.0,30,30,0,0,30,30,4146,0,0,0,0,0
2020-07-04,US,Kansas,Miami,35,0,0,38.56383358,-94.83832189,20121.0,102.22858311183808,0.0,35,35,0,0,35,34,33680,0,0,0,0,1
2020-07-04,US,Kansas,Mitchell,4,0,0,39.39331582,-98.20906732,20123.0,66.9008195350393,0.0,4,4,0,0,4,4,6150,0,0,0,0,0
2020-07-04,US,Kansas,Montgomery,48,3,0,37.19236568,-95.74329258,20125.0,150.80586886172986,6.25,45,45,3,0,42,45,32120,3,0,0,3,0
2020-07-04,US,Kansas,Morris,5,0,0,38.68827511,-96.65128437,20127.0,88.96797153024912,0.0,5,5,0,0,5,5,5521,0,0,0,0,0
2020-07-04,US,Kansas,Morton,7,2,0,37.19141121,-101.79925190000002,20129.0,270.5836876691148,28.57142857142857,5,7,2,0,5,7,2667,0,0,0,0,0
2020-07-04,US,Kansas,Nemaha,27,0,0,39.78345387,-96.01392079,20131.0,263.9038217183071,0.0,27,27,0,0,27,27,10155,0,0,0,0,0
2020-07-04,US,Kansas,Neosho,33,0,0,37.55862897,-95.30670046,20133.0,206.1598050852752,0.0,33,33,0,0,33,32,15951,0,0,0,0,1
2020-07-04,US,Kansas,Ness,4,0,0,38.47974157,-99.91547333,20135.0,145.45454545454547,0.0,4,4,0,0,4,4,2840,0,0,0,0,0
2020-07-04,US,Kansas,Norton,6,0,0,39.78443827,-99.90286639,20137.0,111.9194180190263,0.0,6,6,0,0,6,4,5430,0,0,0,0,2
2020-07-04,US,Kansas,Osage,15,0,0,38.65235984,-95.72707998,20139.0,94.04978368549752,0.0,15,15,0,0,15,14,15941,0,0,0,0,1
2020-07-04,US,Kansas,Osborne,2,0,0,39.3503437,-98.76753828,20141.0,58.46243788365975,0.0,2,2,0,0,2,2,3475,0,0,0,0,0
2020-07-04,US,Kansas,Ottawa,8,0,0,39.13237408,-97.65020313,20143.0,140.25245441795232,0.0,8,8,0,0,8,6,5802,0,0,0,0,2
2020-07-04,US,Kansas,Pawnee,3,0,0,38.18108732,-99.23692334,20145.0,46.772684752104766,0.0,3,3,0,0,3,3,6562,0,0,0,0,0
2020-07-04,US,Kansas,Phillips,10,0,0,39.78465501,-99.34668865,20147.0,191.05846388995042,0.0,10,10,0,0,10,10,5317,0,0,0,0,0
2020-07-04,US,Kansas,Pottawatomie,74,0,0,39.37925655,-96.34564657,20149.0,303.49013657056145,0.0,74,74,0,0,74,69,24277,0,0,0,0,5
2020-07-04,US,Kansas,Pratt,11,0,0,37.64780729,-98.73922153,20151.0,120.03491924923614,0.0,11,11,0,0,11,12,9378,0,0,0,0,-1
2020-07-04,US,Kansas,Reno,78,0,0,37.95230263,-98.08607292,20155.0,125.81051001645214,0.0,78,74,0,0,74,73,62342,4,0,0,4,1
2020-07-04,US,Kansas,Republic,15,0,0,39.82799632,-97.65036709,20157.0,323.5547886108715,0.0,15,15,0,0,15,12,4664,0,0,0,0,3
2020-07-04,US,Kansas,Rice,4,0,0,38.34616184,-98.19992118,20159.0,41.94191045402118,0.0,4,4,0,0,4,4,9531,0,0,0,0,0
2020-07-04,US,Kansas,Riley,273,3,0,39.28935726,-96.73420026,20161.0,367.76592305205287,1.0989010989010992,270,273,3,0,270,261,73703,0,0,0,0,12
2020-07-04,US,Kansas,Rooks,7,0,0,39.35022773,-99.32484567,20163.0,142.27642276422762,0.0,7,7,0,0,7,7,5013,0,0,0,0,0
2020-07-04,US,Kansas,Rush,1,0,0,38.52275276,-99.30863983,20165.0,32.93807641633729,0.0,1,1,0,0,1,1,3093,0,0,0,0,0
2020-07-04,US,Kansas,Russell,2,0,0,38.91462787,-98.76254297,20167.0,29.171528588098017,0.0,2,2,0,0,2,2,6907,0,0,0,0,0
2020-07-04,US,Kansas,Saline,140,2,0,38.78369175,-97.65185177,20169.0,258.1882561227501,1.4285714285714286,138,140,2,0,138,123,54401,0,0,0,0,17
2020-07-04,US,Kansas,Scott,16,0,0,38.48222076,-100.90665390000001,20171.0,331.7437279701432,0.0,16,16,0,0,16,16,4897,0,0,0,0,0
2020-07-04,US,Kansas,Sedgwick,1499,28,0,37.6842718,-97.4608198,20173.0,290.48023222915964,1.867911941294196,1471,1432,28,0,1404,1328,513607,67,0,0,67,104
2020-07-04,US,Kansas,Seward,1033,2,0,37.19324632,-100.85072009999999,20175.0,4820.795221205899,0.1936108422071636,1031,1033,2,0,1031,1019,21780,0,0,0,0,14
2020-07-04,US,Kansas,Shawnee,747,13,0,39.04100763,-95.75572640000001,20177.0,422.3321554770318,1.7402945113788488,734,747,13,0,734,709,177499,0,0,0,0,38
2020-07-04,US,Kansas,Sheridan,5,0,0,39.35018161,-100.44182590000001,20179.0,198.33399444664815,0.0,5,5,0,0,5,5,2533,0,0,0,0,0
2020-07-04,US,Kansas,Sherman,7,0,0,39.35147699,-101.71976240000001,20181.0,118.30319418624303,0.0,7,7,0,0,7,7,5899,0,0,0,0,0
2020-07-04,US,Kansas,Smith,3,0,0,39.78516566,-98.78566062,20183.0,83.72871895060004,0.0,3,3,0,0,3,3,3603,0,0,0,0,0
2020-07-04,US,Kansas,Stafford,1,0,0,38.03100851,-98.71762001,20185.0,24.06159769008662,0.0,1,1,0,0,1,1,4178,0,0,0,0,0
2020-07-04,US,Kansas,Stanton,11,0,0,37.56304714,-101.78435340000001,20187.0,548.3549351944166,0.0,11,11,0,0,11,10,1987,0,0,0,0,1
2020-07-04,US,Kansas,Stevens,32,0,0,37.1923008,-101.3118967,20189.0,583.4092980856882,0.0,32,32,0,0,32,32,5559,0,0,0,0,0
2020-07-04,US,Kansas,Sumner,13,1,0,37.23682549,-97.47721621,20191.0,56.927658083727465,7.6923076923076925,12,13,1,0,12,13,22996,0,0,0,0,0
2020-07-04,US,Kansas,Thomas,16,0,0,39.35107575,-101.0553705,20193.0,205.73485920020573,0.0,16,15,0,0,15,15,7711,1,0,0,1,0
2020-07-04,US,Kansas,Trego,1,0,0,38.91467218,-99.87284448,20195.0,35.67606136282553,0.0,1,1,0,0,1,1,2793,0,0,0,0,0
2020-07-04,US,Kansas,Unassigned,0,1,0,0.0,0.0,90020.0,0.0,0.0,-1,0,1,0,-1,0,,0,0,0,0,0
2020-07-04,US,Kansas,Wabaunsee,36,0,0,38.95471985,-96.20350509,20197.0,519.4055691819362,0.0,36,36,0,0,36,35,6899,0,0,0,0,1
2020-07-04,US,Kansas,Washington,1,0,0,39.78420784,-97.08753229999999,20201.0,18.49796522382538,0.0,1,1,0,0,1,1,5420,0,0,0,0,0
2020-07-04,US,Kansas,Wilson,3,0,0,37.55937174,-95.74323255,20205.0,35.190615835777116,0.0,3,3,0,0,3,3,8665,0,0,0,0,0
2020-07-04,US,Kansas,Woodson,10,0,0,37.8865336,-95.74006277,20207.0,318.6743148502232,0.0,10,10,0,0,10,10,3183,0,0,0,0,0
2020-07-04,US,Kansas,Wyandotte,2541,85,0,39.11727348,-94.76378225,20209.0,1536.0063834031519,3.3451397087760726,2456,2495,84,0,2411,2336,165324,46,1,0,45,159
2020-07-04,US,Kentucky,Adair,126,19,0,37.10459774,-85.28129668,21001.0,656.1816477450268,15.079365079365079,107,126,19,0,107,123,19215,0,0,0,0,3
2020-07-04,US,Kentucky,Allen,171,7,0,36.75197631,-86.19457544,21003.0,802.2519352568613,4.093567251461988,164,171,7,0,164,170,21122,0,0,0,0,1
2020-07-04,US,Kentucky,Anderson,29,1,0,38.00671029,-84.99171713,21005.0,127.48933925352794,3.4482758620689653,28,29,1,0,28,27,22663,0,0,0,0,2
2020-07-04,US,Kentucky,Ballard,14,0,0,37.05842757,-88.99427697,21007.0,177.4847870182556,0.0,14,14,0,0,14,14,7979,0,0,0,0,0
2020-07-04,US,Kentucky,Barren,92,2,0,36.96469836,-85.93338945,21009.0,207.9143031480937,2.1739130434782608,90,92,2,0,90,90,44176,0,0,0,0,2
2020-07-04,US,Kentucky,Bath,18,1,0,38.14735938,-83.74588932,21011.0,144.0,5.5555555555555545,17,18,1,0,17,15,12383,0,0,0,0,3
2020-07-04,US,Kentucky,Bell,13,0,0,36.73355174,-83.67766671,21013.0,49.93853718500307,0.0,13,13,0,0,13,9,26569,0,0,0,0,4
2020-07-04,US,Kentucky,Boone,615,23,0,38.97065142,-84.72615357,21015.0,460.3948166281134,3.739837398373984,592,615,23,0,592,606,131533,0,0,0,0,9
2020-07-04,US,Kentucky,Bourbon,34,1,0,38.2054607,-84.21827874,21017.0,171.8213058419244,2.9411764705882355,33,34,1,0,33,33,20184,0,0,0,0,1
2020-07-04,US,Kentucky,Boyd,67,3,0,38.36176608,-82.68652187,21019.0,143.41367353054497,4.477611940298506,64,67,3,0,64,64,47240,0,0,0,0,3
2020-07-04,US,Kentucky,Boyle,40,0,0,37.62680923,-84.8633779,21021.0,133.0671989354624,0.0,40,40,0,0,40,40,30100,0,0,0,0,0
2020-07-04,US,Kentucky,Bracken,17,0,0,38.69158994,-84.08532444,21023.0,204.74527279296643,0.0,17,17,0,0,17,17,8239,0,0,0,0,0
2020-07-04,US,Kentucky,Breathitt,9,0,0,37.52333168,-83.31959161,21025.0,71.25890736342043,0.0,9,9,0,0,9,8,12726,0,0,0,0,1
2020-07-04,US,Kentucky,Breckinridge,25,2,0,37.77377239,-86.42885017,21027.0,122.08819651316112,8.0,23,25,2,0,23,24,20388,0,0,0,0,1
2020-07-04,US,Kentucky,Bullitt,154,4,0,37.97162523,-85.68955617,21029.0,188.54988001371268,2.5974025974025974,150,154,4,0,150,152,81069,0,0,0,0,2
2020-07-04,US,Kentucky,Butler,257,14,0,37.20946153,-86.68748787,21031.0,1995.4965447627922,5.447470817120624,243,257,14,0,243,256,12772,0,0,0,0,1
2020-07-04,US,Kentucky,Caldwell,15,0,0,37.14749129,-87.86948214,21033.0,117.67474699929396,0.0,15,15,0,0,15,15,12715,0,0,0,0,0
2020-07-04,US,Kentucky,Calloway,86,1,0,36.62093411,-88.2731593,21035.0,220.5071664829107,1.162790697674419,85,86,1,0,85,85,39135,0,0,0,0,1
2020-07-04,US,Kentucky,Campbell,270,13,0,38.94384345,-84.37875208,21037.0,288.51085655667634,4.814814814814816,257,270,13,0,257,267,93152,0,0,0,0,3
2020-07-04,US,Kentucky,Carlisle,5,1,0,36.85372876,-88.96692220000001,21039.0,105.04201680672269,20.0,4,5,1,0,4,5,4771,0,0,0,0,0
2020-07-04,US,Kentucky,Carroll,42,1,0,38.66599534,-85.12601074,21041.0,395.0710187188411,2.380952380952381,41,42,1,0,41,37,10737,0,0,0,0,5
2020-07-04,US,Kentucky,Carter,29,0,0,38.31690743,-83.05092385,21043.0,108.22106952270777,0.0,29,29,0,0,29,26,27004,0,0,0,0,3
2020-07-04,US,Kentucky,Casey,21,0,0,37.32533118,-84.92726209,21045.0,129.95853703818307,0.0,21,21,0,0,21,19,15888,0,0,0,0,2
2020-07-04,US,Kentucky,Christian,210,4,0,36.89267803,-87.49055367,21047.0,298.03721207476474,1.9047619047619049,206,210,4,0,206,204,71671,0,0,0,0,6
2020-07-04,US,Kentucky,Clark,99,5,0,37.9689263,-84.14615986,21049.0,273.00554283980915,5.05050505050505,94,99,5,0,94,98,36249,0,0,0,0,1
2020-07-04,US,Kentucky,Clay,68,3,0,37.16451126,-83.712575,21051.0,341.6913722928496,4.411764705882354,65,68,3,0,65,64,20105,0,0,0,0,4
2020-07-04,US,Kentucky,Clinton,5,0,0,36.72581156,-85.13377529,21053.0,48.93325504012528,0.0,5,5,0,0,5,5,10206,0,0,0,0,0
2020-07-04,US,Kentucky,Crittenden,9,1,0,37.35839237,-88.08826090000002,21055.0,102.20304337951396,11.111111111111109,8,9,1,0,8,9,8915,0,0,0,0,0
2020-07-04,US,Kentucky,Cumberland,6,0,0,36.78926125,-85.39050034,21057.0,90.71666162685213,0.0,6,6,0,0,6,6,6659,0,0,0,0,0
2020-07-04,US,Kentucky,Daviess,452,8,0,37.73028906,-87.09019479999998,21059.0,445.2719409719144,1.7699115044247788,444,452,8,0,444,440,101104,0,0,0,0,12
2020-07-04,US,Kentucky,Edmonson,75,11,0,37.21218923,-86.23955613,21061.0,617.2839506172841,14.666666666666664,64,75,11,0,64,75,12274,0,0,0,0,0
2020-07-04,US,Kentucky,Elliott,3,0,0,38.11624059,-83.09771563,21063.0,39.90953837967274,0.0,3,3,0,0,3,3,7508,0,0,0,0,0
2020-07-04,US,Kentucky,Estill,4,0,0,37.69241417,-83.95956369,21065.0,28.356727633631078,0.0,4,4,0,0,4,4,14198,0,0,0,0,0
2020-07-04,US,Kentucky,Fayette,1510,28,0,38.0368225,-84.45576892,21067.0,467.272367183245,1.854304635761589,1482,1510,28,0,1482,1495,323780,0,0,0,0,15
2020-07-04,US,Kentucky,Fleming,21,0,0,38.36758311,-83.69657514,21069.0,144.0230436869899,0.0,21,21,0,0,21,21,14432,0,0,0,0,0
2020-07-04,US,Kentucky,Floyd,32,0,0,37.56213922,-82.74750924,21071.0,89.9154233049538,0.0,32,32,0,0,32,31,35845,0,0,0,0,1
2020-07-04,US,Kentucky,Franklin,144,4,0,38.2379395,-84.87962551,21073.0,282.4027769606401,2.7777777777777777,140,144,4,0,140,140,50815,0,0,0,0,4
2020-07-04,US,Kentucky,Fulton,24,0,0,36.55238827,-89.20140068,21075.0,402.0773998994807,0.0,24,24,0,0,24,23,6120,0,0,0,0,1
2020-07-04,US,Kentucky,Gallatin,65,8,0,38.75398691,-84.8558382,21077.0,732.8898410192807,12.307692307692307,57,65,8,0,57,65,8832,0,0,0,0,0
2020-07-04,US,Kentucky,Garrard,26,0,0,37.638866799999995,-84.53289319,21079.0,147.17536510811732,0.0,26,26,0,0,26,25,17560,0,0,0,0,1
2020-07-04,US,Kentucky,Grant,59,4,0,38.64962758,-84.62415957,21081.0,235.35043280545693,6.779661016949151,55,59,4,0,55,58,25121,0,0,0,0,1
2020-07-04,US,Kentucky,Graves,219,21,0,36.72292505,-88.65143315,21083.0,587.667042344228,9.58904109589041,198,219,21,0,198,214,37317,0,0,0,0,5
2020-07-04,US,Kentucky,Grayson,140,11,0,37.46231118,-86.34248968,21085.0,529.7612290460514,7.857142857142858,129,140,11,0,129,139,26321,0,0,0,0,1
2020-07-04,US,Kentucky,Green,5,1,0,37.26484328,-85.5540745,21087.0,45.6996618225025,20.0,4,5,1,0,4,5,11049,0,0,0,0,0
2020-07-04,US,Kentucky,Greenup,33,0,0,38.54332505,-82.9215658,21089.0,94.02245142173344,0.0,33,33,0,0,33,30,35268,0,0,0,0,3
2020-07-04,US,Kentucky,Hancock,19,0,0,37.83766422,-86.78280584,21091.0,217.83994496675075,0.0,19,19,0,0,19,18,8758,0,0,0,0,1
2020-07-04,US,Kentucky,Hardin,177,6,0,37.6976111,-85.96319251,21093.0,159.51981830963066,3.3898305084745757,171,177,6,0,171,171,110356,0,0,0,0,6
2020-07-04,US,Kentucky,Harlan,27,2,0,36.85699301,-83.21899516,21095.0,103.80622837370242,7.407407407407407,25,27,2,0,25,26,26409,0,0,0,0,1
2020-07-04,US,Kentucky,Harrison,74,0,0,38.44188174,-84.32869741,21097.0,391.82463200254165,0.0,74,74,0,0,74,73,18778,0,0,0,0,1
2020-07-04,US,Kentucky,Hart,42,0,0,37.29943898,-85.88461055,21099.0,220.64617809298664,0.0,42,42,0,0,42,42,18906,0,0,0,0,0
2020-07-04,US,Kentucky,Henderson,163,3,0,37.79344553,-87.57392021,21101.0,360.53970360539705,1.8404907975460123,160,163,3,0,160,161,45591,0,0,0,0,2
2020-07-04,US,Kentucky,Henry,36,2,0,38.44942688,-85.11587507,21103.0,223.24196949026413,5.5555555555555545,34,36,2,0,34,36,16106,0,0,0,0,0
2020-07-04,US,Kentucky,Hickman,5,0,0,36.67948079999999,-88.97875928,21105.0,114.15525114155253,0.0,5,5,0,0,5,5,4421,0,0,0,0,0
2020-07-04,US,Kentucky,Hopkins,265,32,0,37.30939025,-87.54670406,21107.0,593.0268988049949,12.075471698113208,233,265,32,0,233,262,45068,0,0,0,0,3
2020-07-04,US,Kentucky,Jackson,114,14,0,37.41866422,-83.99825483,21109.0,855.277965338735,12.280701754385964,100,114,14,0,100,113,13442,0,0,0,0,1
2020-07-04,US,Kentucky,Jefferson,4034,197,0,38.18664655,-85.65931031,21111.0,526.1119233342506,4.8834903321765,3837,4034,197,0,3837,3991,770517,0,0,0,0,43
2020-07-04,US,Kentucky,Jessamine,111,0,0,37.87119786,-84.58252003,21113.0,205.11872863346576,0.0,111,111,0,0,111,108,53920,0,0,0,0,3
2020-07-04,US,Kentucky,Johnson,10,0,0,37.85106355,-82.8264322,21115.0,45.06940688660537,0.0,10,10,0,0,10,9,22386,0,0,0,0,1
2020-07-04,US,Kentucky,Kenton,814,36,0,38.93950319,-84.53241199,21117.0,487.4309871974515,4.422604422604422,778,814,36,0,778,807,166051,0,0,0,0,7
2020-07-04,US,Kentucky,Knott,11,0,0,37.35388197,-82.94981134,21119.0,74.29420505200595,0.0,11,11,0,0,11,10,15126,0,0,0,0,1
2020-07-04,US,Kentucky,Knox,73,0,0,36.89225732,-83.85403396,21121.0,234.38754214159576,0.0,73,73,0,0,73,71,31304,0,0,0,0,2
2020-07-04,US,Kentucky,Larue,15,1,0,37.54567114,-85.70138352,21123.0,104.18113626892624,6.666666666666668,14,15,1,0,14,15,14307,0,0,0,0,0
2020-07-04,US,Kentucky,Laurel,124,3,0,37.10975748,-84.11321779,21125.0,203.9037705753704,2.419354838709677,121,124,3,0,121,114,60669,0,0,0,0,10
2020-07-04,US,Kentucky,Lawrence,9,0,0,38.07136018,-82.72882223,21127.0,58.75824247568062,0.0,9,9,0,0,9,8,15571,0,0,0,0,1
2020-07-04,US,Kentucky,Lee,1,0,0,37.59645942,-83.71513901,21129.0,13.508037282182901,0.0,1,1,0,0,1,1,7033,0,0,0,0,0
2020-07-04,US,Kentucky,Leslie,10,0,0,37.09246661,-83.37999606,21131.0,101.24531740407005,0.0,10,10,0,0,10,9,10143,0,0,0,0,1
2020-07-04,US,Kentucky,Letcher,14,0,0,37.12306748,-82.85346474,21133.0,64.95615459564793,0.0,14,14,0,0,14,14,21899,0,0,0,0,0
2020-07-04,US,Kentucky,Lewis,22,0,0,38.53184419,-83.37735618,21135.0,165.72504708097932,0.0,22,22,0,0,22,22,13257,0,0,0,0,0
2020-07-04,US,Kentucky,Lincoln,30,1,0,37.45475628,-84.6565327,21137.0,122.20457045093487,3.333333333333333,29,30,1,0,29,29,24644,0,0,0,0,1
2020-07-04,US,Kentucky,Livingston,10,0,0,37.21137452,-88.34797529,21139.0,108.76658690450293,0.0,10,10,0,0,10,10,9242,0,0,0,0,0
2020-07-04,US,Kentucky,Logan,227,12,0,36.85949479,-86.877635,21141.0,837.5765626153052,5.286343612334802,215,227,12,0,215,222,26989,0,0,0,0,5
2020-07-04,US,Kentucky,Lyon,20,3,0,37.02080035,-88.07886257,21143.0,243.605359317905,15.0,17,20,3,0,17,20,8009,0,0,0,0,0
2020-07-04,US,Kentucky,Madison,130,1,0,37.71659336,-84.27220275,21151.0,139.8044887995096,0.7692307692307693,129,130,1,0,129,126,92368,0,0,0,0,4
2020-07-04,US,Kentucky,Magoffin,6,0,0,37.70820545,-83.0657714,21153.0,49.33804785790642,0.0,6,6,0,0,6,6,12362,0,0,0,0,0
2020-07-04,US,Kentucky,Marion,52,0,0,37.55218078,-85.26898542,21155.0,269.80750272401804,0.0,52,52,0,0,52,52,19404,0,0,0,0,0
2020-07-04,US,Kentucky,Marshall,60,2,0,36.88007070000001,-88.32803576,21157.0,192.92604501607718,3.333333333333333,58,60,2,0,58,60,31191,0,0,0,0,0
2020-07-04,US,Kentucky,Martin,8,0,0,37.79990579,-82.51247478,21159.0,71.46047342563645,0.0,8,8,0,0,8,8,11323,0,0,0,0,0
2020-07-04,US,Kentucky,Mason,33,0,0,38.59471935,-83.82151043,21161.0,193.32161687170475,0.0,33,33,0,0,33,31,17150,0,0,0,0,2
2020-07-04,US,Kentucky,McCracken,172,3,0,37.05350953,-88.70445755,21145.0,262.9245773334556,1.7441860465116281,169,172,3,0,169,170,65346,0,0,0,0,2
2020-07-04,US,Kentucky,McCreary,18,0,0,36.73874143,-84.48102924,21147.0,104.46288665776798,0.0,18,18,0,0,18,18,17408,0,0,0,0,0
2020-07-04,US,Kentucky,McLean,26,1,0,37.5301951,-87.26803443,21149.0,282.39383078092754,3.8461538461538463,25,26,1,0,25,25,9252,0,0,0,0,1
2020-07-04,US,Kentucky,Meade,28,2,0,37.96163597,-86.21028219,21163.0,97.9980400391992,7.142857142857142,26,28,2,0,26,28,28715,0,0,0,0,0
2020-07-04,US,Kentucky,Menifee,13,0,0,37.94090733,-83.59985712,21165.0,200.3390352904916,0.0,13,13,0,0,13,13,6451,0,0,0,0,0
2020-07-04,US,Kentucky,Mercer,24,0,0,37.81474237,-84.87488475,21167.0,109.42415538230064,0.0,24,24,0,0,24,24,21774,0,0,0,0,0
2020-07-04,US,Kentucky,Metcalfe,11,2,0,36.99459295,-85.63123699,21169.0,109.22450600734786,18.181818181818183,9,11,2,0,9,11,10030,0,0,0,0,0
2020-07-04,US,Kentucky,Monroe,40,1,0,36.71225341,-85.71596443,21171.0,375.58685446009383,2.5,39,40,1,0,39,38,10718,0,0,0,0,2
2020-07-04,US,Kentucky,Montgomery,56,0,0,38.03253032,-83.9145241,21173.0,198.88482437759706,0.0,56,56,0,0,56,52,28203,0,0,0,0,4
2020-07-04,US,Kentucky,Morgan,9,0,0,37.92465657,-83.25558245,21175.0,67.62341272822901,0.0,9,9,0,0,9,8,13345,0,0,0,0,1
2020-07-04,US,Kentucky,Muhlenberg,510,8,0,37.21425819,-87.14632053,21177.0,1665.469270459147,1.568627450980392,502,510,8,0,502,506,30774,0,0,0,0,4
2020-07-04,US,Kentucky,Nelson,81,1,0,37.80335779,-85.4657193,21179.0,175.19953280124585,1.2345679012345678,80,81,1,0,80,77,45851,0,0,0,0,4
2020-07-04,US,Kentucky,Nicholas,8,0,0,38.33342292,-84.01889177,21181.0,110.05640390700232,0.0,8,8,0,0,8,6,7166,0,0,0,0,2
2020-07-04,US,Kentucky,Ohio,188,0,0,37.47751843,-86.85368087,21183.0,783.5292156372426,0.0,188,188,0,0,188,187,24087,0,0,0,0,1
2020-07-04,US,Kentucky,Oldham,139,7,0,38.39791089,-85.448222,21185.0,208.0869474093924,5.035971223021583,132,139,7,0,132,131,66470,0,0,0,0,8
2020-07-04,US,Kentucky,Owen,7,0,0,38.51679143,-84.82404619,21187.0,64.21429226676453,0.0,7,7,0,0,7,6,10880,0,0,0,0,1
2020-07-04,US,Kentucky,Owsley,3,0,0,37.42823949,-83.68811419,21189.0,67.95016987542469,0.0,3,3,0,0,3,3,4472,0,0,0,0,0
2020-07-04,US,Kentucky,Pendleton,19,0,0,38.69607718,-84.35599463,21191.0,130.22618231665524,0.0,19,19,0,0,19,17,14529,0,0,0,0,2
2020-07-04,US,Kentucky,Perry,62,1,0,37.25023553,-83.22922731,21193.0,240.7019178507648,1.6129032258064515,61,62,1,0,61,62,26092,0,0,0,0,0
2020-07-04,US,Kentucky,Pike,99,2,0,37.47088263,-82.39487445,21195.0,171.05535973460502,2.0202020202020203,97,99,2,0,97,91,58402,0,0,0,0,8
2020-07-04,US,Kentucky,Powell,8,0,0,37.83218794,-83.82553961,21197.0,64.73015616150174,0.0,8,8,0,0,8,7,12442,0,0,0,0,1
2020-07-04,US,Kentucky,Pulaski,100,2,0,37.10466131,-84.57629079,21199.0,153.8958740516167,2.0,98,100,2,0,98,99,64623,0,0,0,0,1
2020-07-04,US,Kentucky,Robertson,1,0,0,38.51923469,-84.05055616,21201.0,47.43833017077799,0.0,1,1,0,0,1,1,2135,0,0,0,0,0
2020-07-04,US,Kentucky,Rockcastle,21,0,0,37.36642393,-84.31176452,21203.0,125.78616352201256,0.0,21,21,0,0,21,21,16750,0,0,0,0,0
2020-07-04,US,Kentucky,Rowan,23,0,0,38.19484205,-83.42088935,21205.0,94.03107113654949,0.0,23,23,0,0,23,22,24583,0,0,0,0,1
2020-07-04,US,Kentucky,Russell,47,4,0,36.99308373,-85.06070117,21207.0,262.2328851196786,8.51063829787234,43,47,4,0,43,46,17821,0,0,0,0,1
2020-07-04,US,Kentucky,Scott,99,0,0,38.29622293,-84.5816631,21209.0,173.67202301592872,0.0,99,99,0,0,99,97,56031,0,0,0,0,2
2020-07-04,US,Kentucky,Shelby,433,16,0,38.21476019,-85.194223,21211.0,883.2408616187987,3.6951501154734414,417,433,16,0,417,420,48518,0,0,0,0,13
2020-07-04,US,Kentucky,Simpson,80,3,0,36.74058474,-86.58047435,21213.0,430.75597673917724,3.75,77,80,3,0,77,78,18529,0,0,0,0,2
2020-07-04,US,Kentucky,Spencer,38,0,0,38.03223971,-85.32749335,21215.0,196.3722805022996,0.0,38,38,0,0,38,37,18794,0,0,0,0,1
2020-07-04,US,Kentucky,Taylor,43,1,0,37.3677562,-85.3329931,21217.0,166.86716597462066,2.3255813953488373,42,43,1,0,42,43,25549,0,0,0,0,0
2020-07-04,US,Kentucky,Todd,26,0,0,36.8381152,-87.17878374,21219.0,211.4852773710753,0.0,26,26,0,0,26,25,12311,0,0,0,0,1
2020-07-04,US,Kentucky,Trigg,26,0,0,36.80767017,-87.87333656,21221.0,177.4622892635315,0.0,26,26,0,0,26,26,14643,0,0,0,0,0
2020-07-04,US,Kentucky,Trimble,6,0,0,38.61056487,-85.33775972,21223.0,70.82989021367017,0.0,6,6,0,0,6,6,8515,0,0,0,0,0
2020-07-04,US,Kentucky,Unassigned,4,0,0,0.0,0.0,90021.0,0.0,0.0,4,4,0,0,4,4,,0,0,0,0,0
2020-07-04,US,Kentucky,Union,29,0,0,37.66166713,-87.94300009,21225.0,201.65496140741257,0.0,29,29,0,0,29,29,14505,0,0,0,0,0
2020-07-04,US,Kentucky,Warren,1583,14,0,36.99903045,-86.42672751,21227.0,1191.1569949434145,0.8843967150979154,1569,1583,14,0,1569,1558,131264,0,0,0,0,25
2020-07-04,US,Kentucky,Washington,25,0,0,37.75599461,-85.17407732,21229.0,206.69698222405952,0.0,25,25,0,0,25,24,12084,0,0,0,0,1
2020-07-04,US,Kentucky,Wayne,16,0,0,36.80310688,-84.8251971,21231.0,78.68981458712437,0.0,16,16,0,0,16,15,20468,0,0,0,0,1
2020-07-04,US,Kentucky,Webster,42,0,0,37.52168356,-87.67989953,21233.0,324.52480296708393,0.0,42,42,0,0,42,41,13111,0,0,0,0,1
2020-07-04,US,Kentucky,Whitley,32,0,0,36.75700531,-84.14541217,21235.0,88.2417824840062,0.0,32,32,0,0,32,29,36242,0,0,0,0,3
2020-07-04,US,Kentucky,Wolfe,4,0,0,37.73941626,-83.49303612,21237.0,55.88933910856503,0.0,4,4,0,0,4,4,7177,0,0,0,0,0
2020-07-04,US,Kentucky,Woodford,73,0,0,38.04178222,-84.7417556,21239.0,273.0605221814917,0.0,73,73,0,0,73,68,26533,0,0,0,0,5
2020-07-04,US,Louisiana,Acadia,968,39,0,30.295064899999996,-92.41419698,22001.0,1560.1579498750907,4.028925619834712,929,968,39,0,929,945,62190,0,0,0,0,23
2020-07-04,US,Louisiana,Allen,321,11,0,30.65385745,-92.82442028,22003.0,1252.5851640847545,3.4267912772585665,310,321,11,0,310,316,25605,0,0,0,0,5
2020-07-04,US,Louisiana,Ascension,1278,58,0,30.20406249,-90.91328409999998,22005.0,1009.4467789327352,4.538341158059468,1220,1278,58,0,1220,1246,124672,0,0,0,0,32
2020-07-04,US,Louisiana,Assumption,373,15,0,29.89946234,-91.06461642,22007.0,1703.896578502581,4.021447721179625,358,373,15,0,358,364,22300,0,0,0,0,9
2020-07-04,US,Louisiana,Avoyelles,378,14,0,31.07796211,-92.00079449,22009.0,941.6102032682344,3.703703703703704,364,378,14,0,364,375,40462,0,0,0,0,3
2020-07-04,US,Louisiana,Beauregard,231,9,0,30.64836518,-93.34173616,22011.0,616.0492839427154,3.8961038961038965,222,231,9,0,222,228,37253,0,0,0,0,3
2020-07-04,US,Louisiana,Bienville,233,27,0,32.34569994,-93.05398492,22013.0,1759.6858243335096,11.587982832618025,206,233,27,0,206,230,13308,0,0,0,0,3
2020-07-04,US,Louisiana,Bossier,971,33,0,32.67932307,-93.60460152,22015.0,764.3322129424823,3.3985581874356336,938,971,33,0,938,947,127185,0,0,0,0,24
2020-07-04,US,Louisiana,Caddo,3598,243,0,32.57991587,-93.88375652,22017.0,1497.8934572280234,6.753752084491384,3355,3598,243,0,3355,3520,242922,0,0,0,0,78
2020-07-04,US,Louisiana,Calcasieu,2000,59,0,30.22931235,-93.35400434,22019.0,983.1101673253503,2.95,1941,2000,59,0,1941,1852,203112,0,0,0,0,148
2020-07-04,US,Louisiana,Caldwell,106,1,0,32.0902519,-92.11752148,22021.0,1068.7638636821941,0.9433962264150944,105,106,1,0,105,105,9960,0,0,0,0,1
2020-07-04,US,Louisiana,Cameron,56,0,0,29.87592238,-93.19310676,22023.0,803.0976624121613,0.0,56,56,0,0,56,54,6968,0,0,0,0,2
2020-07-04,US,Louisiana,Catahoula,194,3,0,31.66778967,-91.84526385,22025.0,2043.3958289445968,1.5463917525773196,191,194,3,0,191,192,9608,0,0,0,0,2
2020-07-04,US,Louisiana,Claiborne,125,10,0,32.82308512,-92.99526883,22027.0,797.7026164645821,8.0,115,125,10,0,115,122,15944,0,0,0,0,3
2020-07-04,US,Louisiana,Concordia,117,6,0,31.44817835,-91.63814433,22029.0,607.5081779947037,5.128205128205129,111,117,6,0,111,113,19572,0,0,0,0,4
2020-07-04,US,Louisiana,De Soto,361,19,0,32.05457447,-93.74130302,22031.0,1314.4958671667337,5.2631578947368425,342,361,19,0,342,357,27436,0,0,0,0,4
2020-07-04,US,Louisiana,East Baton Rouge,5684,274,0,30.53842039,-91.09777565,22033.0,1291.6449839680588,4.820548909218861,5410,5684,274,0,5410,5531,440956,0,0,0,0,153
2020-07-04,US,Louisiana,East Carroll,444,1,0,32.73926954,-91.23425694,22035.0,6471.3598600787045,0.22522522522522526,443,444,1,0,443,445,7037,0,0,0,0,-1
2020-07-04,US,Louisiana,East Feliciana,308,33,0,30.84425359,-91.04976723,22037.0,1609.6158871178463,10.714285714285714,275,308,33,0,275,302,19305,0,0,0,0,6
2020-07-04,US,Louisiana,Evangeline,216,1,0,30.72985248,-92.39915924,22039.0,646.8034136846834,0.462962962962963,215,216,1,0,215,202,33443,0,0,0,0,14
2020-07-04,US,Louisiana,Franklin,483,14,0,32.13675181,-91.67589857,22041.0,2413.190107419435,2.898550724637681,469,483,14,0,469,475,20156,0,0,0,0,8
2020-07-04,US,Louisiana,Grant,93,1,0,31.59882456,-92.56124347,22043.0,415.3825539327348,1.075268817204301,92,93,1,0,92,90,22482,0,0,0,0,3
2020-07-04,US,Louisiana,Iberia,844,44,0,29.86803617,-91.75871777,22045.0,1208.6495775454675,5.213270142180095,800,844,44,0,800,792,70941,0,0,0,0,52
2020-07-04,US,Louisiana,Iberville,740,43,0,30.25734305,-91.3499598,22047.0,2276.152686782935,5.8108108108108105,697,740,43,0,697,732,32721,0,0,0,0,8
2020-07-04,US,Louisiana,Jackson,219,16,0,32.30251776,-92.55692092,22049.0,1391.0060975609756,7.305936073059359,203,219,16,0,203,216,15902,0,0,0,0,3
2020-07-04,US,Louisiana,Jefferson,9874,486,0,29.74075478,-90.11115756,22051.0,2283.042731327444,4.922017419485519,9388,9874,486,0,9388,9712,434051,0,0,0,0,162
2020-07-04,US,Louisiana,Jefferson Davis,419,9,0,30.26896765,-92.81210004,22053.0,1335.7561846467736,2.1479713603818618,410,419,9,0,410,399,31582,0,0,0,0,20
2020-07-04,US,Louisiana,LaSalle,101,0,0,31.67884782,-92.15907765,22059.0,678.2164920762825,0.0,101,101,0,0,101,99,14917,0,0,0,0,2
2020-07-04,US,Louisiana,Lafayette,2645,47,0,30.2049055,-92.06959876,22055.0,1082.286509267973,1.7769376181474483,2598,2645,47,0,2598,2472,242782,0,0,0,0,173
2020-07-04,US,Louisiana,Lafourche,1248,89,0,29.52470226,-90.40976986,22057.0,1278.5051324605074,7.1314102564102555,1159,1248,89,0,1159,1201,98115,0,0,0,0,47
2020-07-04,US,Louisiana,Lincoln,344,19,0,32.6003154,-92.66597409999999,22061.0,735.9548157973556,5.5232558139534875,325,344,19,0,325,338,47196,0,0,0,0,6
2020-07-04,US,Louisiana,Livingston,1102,38,0,30.44143993,-90.73061664,22063.0,782.7316054521305,3.4482758620689653,1064,1102,38,0,1064,1025,139567,0,0,0,0,77
2020-07-04,US,Louisiana,Madison,383,2,0,32.36918118,-91.23973355,22065.0,3497.397497945393,0.5221932114882507,381,383,2,0,381,371,11161,0,0,0,0,12
2020-07-04,US,Louisiana,Morehouse,248,10,0,32.81686191,-91.80421614,22067.0,997.0250060303932,4.032258064516129,238,248,10,0,238,242,25398,0,0,0,0,6
2020-07-04,US,Louisiana,Natchitoches,319,14,0,31.72321584,-93.09816516,22069.0,835.9976937994652,4.38871473354232,305,319,14,0,305,297,38659,0,0,0,0,22
2020-07-04,US,Louisiana,Orleans,8031,534,0,30.06971951,-89.92660315,22071.0,2058.470718503937,6.649234217407546,7497,8031,534,0,7497,7960,391006,0,0,0,0,71
2020-07-04,US,Louisiana,Ouachita,2591,80,0,32.47645559,-92.15704172,22073.0,1690.3815917379418,3.087610961018912,2511,2591,80,0,2511,2537,154475,0,0,0,0,54
2020-07-04,US,Louisiana,Plaquemines,273,17,0,29.42245447,-89.60322085,22075.0,1176.8763202138207,6.227106227106228,256,273,17,0,256,272,23410,0,0,0,0,1
2020-07-04,US,Louisiana,Pointe Coupee,274,28,0,30.71409502,-91.60209535,22077.0,1260.9295904279795,10.218978102189784,246,274,28,0,246,264,21940,0,0,0,0,10
2020-07-04,US,Louisiana,Rapides,1653,66,0,31.19778499,-92.52997303,22079.0,1274.9907441688265,3.992740471869329,1587,1653,66,0,1587,1597,130562,0,0,0,0,56
2020-07-04,US,Louisiana,Red River,62,8,0,32.09530039,-93.34213308,22081.0,734.4231224828239,12.903225806451614,54,62,8,0,54,62,8477,0,0,0,0,0
2020-07-04,US,Louisiana,Richland,204,4,0,32.41391005,-91.76634876,22083.0,1013.8157240830933,1.96078431372549,200,204,4,0,200,202,20192,0,0,0,0,2
2020-07-04,US,Louisiana,Sabine,94,1,0,31.56388699,-93.55433981,22085.0,393.5689164294088,1.0638297872340423,93,94,1,0,93,90,24032,0,0,0,0,4
2020-07-04,US,Louisiana,St. Bernard,641,23,0,29.87761636,-89.51887093,22087.0,1356.7860469054272,3.588143525741029,618,641,23,0,618,629,46721,0,0,0,0,12
2020-07-04,US,Louisiana,St. Charles,789,49,0,29.90709658,-90.35555967,22089.0,1485.8757062146897,6.210392902408112,740,789,49,0,740,780,52879,0,0,0,0,9
2020-07-04,US,Louisiana,St. Helena,103,1,0,30.82210324,-90.71013176,22091.0,1016.5811290959336,0.9708737864077671,102,103,1,0,102,103,10262,0,0,0,0,0
2020-07-04,US,Louisiana,St. James,390,29,0,30.02531716,-90.80212061,22093.0,1848.6916951080773,7.435897435897436,361,390,29,0,361,377,21037,0,0,0,0,13
2020-07-04,US,Louisiana,St. John the Baptist,1000,87,0,30.12597499,-90.4753503,22095.0,2334.430515675701,8.7,913,1000,87,0,913,982,43184,0,0,0,0,18
2020-07-04,US,Louisiana,St. Landry,716,57,0,30.59724262,-92.00135806,22097.0,871.8523208806198,7.960893854748603,659,716,57,0,659,672,82764,0,0,0,0,44
2020-07-04,US,Louisiana,St. Martin,779,28,0,30.13112107,-91.61403569,22099.0,1457.955119687073,3.5943517329910137,751,779,28,0,751,750,53621,0,0,0,0,29
2020-07-04,US,Louisiana,St. Mary,550,38,0,29.69262097,-91.44702164,22101.0,1114.5335170624949,6.909090909090909,512,550,38,0,512,514,49774,0,0,0,0,36
2020-07-04,US,Louisiana,St. Tammany,2509,178,0,30.40942847,-89.95642711,22103.0,963.4473675115872,7.094459944200878,2331,2509,178,0,2331,2440,258111,0,0,0,0,69
2020-07-04,US,Louisiana,Tangipahoa,1462,43,0,30.62888673,-90.40664996,22105.0,1084.9077605782218,2.9411764705882355,1419,1462,43,0,1419,1394,133777,0,0,0,0,68
2020-07-04,US,Louisiana,Tensas,26,0,0,32.00760749,-91.32915234,22107.0,599.9077065066913,0.0,26,26,0,0,26,26,4462,0,0,0,0,0
2020-07-04,US,Louisiana,Terrebonne,1147,61,0,29.37343766,-90.82626855,22109.0,1038.3755352567875,5.3182214472537055,1086,1147,61,0,1086,1094,111021,0,0,0,0,53
2020-07-04,US,Louisiana,Unassigned,7,108,0,0.0,0.0,90022.0,0.0,1542.857142857143,-101,7,108,0,-101,5,,0,0,0,0,2
2020-07-04,US,Louisiana,Union,441,24,0,32.83121059,-92.3749373,22111.0,1994.7530305771666,5.442176870748299,417,441,24,0,417,437,22330,0,0,0,0,4
2020-07-04,US,Louisiana,Vermilion,297,6,0,29.83517605,-92.30292538,22113.0,499.0673993043303,2.0202020202020203,291,297,6,0,291,273,59830,0,0,0,0,24
2020-07-04,US,Louisiana,Vernon,164,8,0,31.10884837,-93.18153838,22115.0,345.7800080119758,4.878048780487805,156,164,8,0,156,159,48860,0,0,0,0,5
2020-07-04,US,Louisiana,Washington,705,46,0,30.85288548,-90.03866652,22117.0,1526.172230159761,6.5248226950354615,659,705,46,0,659,700,46582,0,0,0,0,5
2020-07-04,US,Louisiana,Webster,431,12,0,32.70847669,-93.33121835,22119.0,1124.15232133542,2.7842227378190256,419,431,12,0,419,426,38798,0,0,0,0,5
2020-07-04,US,Louisiana,West Baton Rouge,290,30,0,30.46058217,-91.30989571,22121.0,1095.7868883430947,10.344827586206897,260,290,30,0,260,278,26427,0,0,0,0,12
2020-07-04,US,Louisiana,West Carroll,141,5,0,32.78550125,-91.461201,22123.0,1301.939058171745,3.5460992907801416,136,141,5,0,136,138,10982,0,0,0,0,3
2020-07-04,US,Louisiana,West Feliciana,247,14,0,30.87882871,-91.41485379999999,22125.0,1586.5878725590956,5.668016194331983,233,247,14,0,233,246,15460,0,0,0,0,1
2020-07-04,US,Louisiana,Winn,248,5,0,31.94449367,-92.63789413,22127.0,1783.6593785960877,2.0161290322580645,243,248,5,0,243,247,14134,0,0,0,0,1
2020-07-04,US,Maine,Androscoggin,494,4,0,44.1664747,-70.20380627,23001.0,456.2372433665506,0.8097165991902834,490,490,4,0,486,488,107679,4,0,0,4,2
2020-07-04,US,Maine,Aroostook,24,1,0,46.65926321,-68.59841248,23003.0,35.791514428454256,4.166666666666667,23,24,1,0,23,24,67111,0,0,0,0,0
2020-07-04,US,Maine,Cumberland,1793,62,0,43.8370751,-70.37226999,23005.0,607.7904292498721,3.457891801450084,1731,1780,60,0,1720,1756,293557,13,2,0,11,24
2020-07-04,US,Maine,Franklin,40,1,0,44.97330019,-70.44381045,23007.0,132.4547170436107,2.5,39,40,1,0,39,40,29897,0,0,0,0,0
2020-07-04,US,Maine,Hancock,17,1,0,44.59816444,-68.38401854,23009.0,30.91639842144507,5.882352941176472,16,16,1,0,15,16,54811,1,0,0,1,0
2020-07-04,US,Maine,Kennebec,146,10,0,44.40759555,-69.76738544,23011.0,119.37662507563243,6.849315068493151,136,147,10,0,137,147,122083,-1,0,0,-1,0
2020-07-04,US,Maine,Knox,25,1,0,44.11486325,-69.10529169,23013.0,62.858292265915715,4.0,24,25,1,0,24,24,39771,0,0,0,0,1
2020-07-04,US,Maine,Lincoln,24,0,0,44.05996956,-69.54227124,23015.0,69.29606744817232,0.0,24,24,0,0,24,24,34342,0,0,0,0,0
2020-07-04,US,Maine,Oxford,42,0,0,44.49952995,-70.75682123,23017.0,72.44501940491591,0.0,42,40,0,0,40,38,57618,2,0,0,2,2
2020-07-04,US,Maine,Penobscot,114,2,0,45.40194593,-68.65020455,23019.0,74.92704471961511,1.7543859649122806,112,112,2,0,110,108,151096,2,0,0,2,4
2020-07-04,US,Maine,Piscataquis,3,0,0,45.83839062,-69.2860223,23021.0,17.873100983020553,0.0,3,3,0,0,3,3,16800,0,0,0,0,0
2020-07-04,US,Maine,Sagadahoc,34,0,0,43.95415864,-69.85074999,23023.0,94.82373940205264,0.0,34,34,0,0,34,34,35634,0,0,0,0,0
2020-07-04,US,Maine,Somerset,30,0,0,45.51229767,-69.95995554,23025.0,59.42476824340386,0.0,30,29,0,0,29,28,50592,1,0,0,1,1
2020-07-04,US,Maine,Unassigned,3,0,0,0.0,0.0,90023.0,0.0,0.0,3,5,0,0,5,6,,-2,0,0,-2,-1
2020-07-04,US,Maine,Waldo,56,14,0,44.4858305,-69.12061935,23027.0,141.00465818960092,25.0,42,56,14,0,42,56,39694,0,0,0,0,0
2020-07-04,US,Maine,Washington,3,0,0,45.01607142,-67.62813524,23029.0,9.560534115172569,0.0,3,3,0,0,3,3,31490,0,0,0,0,0
2020-07-04,US,Maine,York,549,11,0,43.47808377,-70.71052375,23031.0,264.39864959232517,2.0036429872495445,538,545,11,0,534,533,206229,4,0,0,4,12
2020-07-04,US,Maryland,Allegany,208,17,0,39.62357628,-78.69280486,24001.0,295.3874119518291,8.173076923076923,191,206,17,0,189,205,70975,2,0,0,2,1
2020-07-04,US,Maryland,Anne Arundel,5239,209,0,39.00670238,-76.60329337,24003.0,904.4703867521588,3.9893109372017563,5030,5200,209,0,4991,5179,576031,39,0,0,39,21
2020-07-04,US,Maryland,Baltimore,8234,480,0,39.45784712,-76.62911955,24005.0,995.201663101152,5.829487490891426,7754,8183,478,0,7705,8105,828431,51,2,0,49,78
2020-07-04,US,Maryland,Baltimore City,7857,344,0,39.30211911,-76.61151012,24510.0,1323.8639235707426,4.378261422934963,7513,7789,342,0,7447,7701,621342,68,2,0,66,88
2020-07-04,US,Maryland,Calvert,419,27,0,38.53961642,-76.56820632,24009.0,452.85058092407456,6.443914081145585,392,419,27,0,392,418,92003,0,0,0,0,1
2020-07-04,US,Maryland,Caroline,322,3,0,38.87172293,-75.82904158,24011.0,963.8987008321858,0.9316770186335404,319,321,3,0,318,321,33304,1,0,0,1,0
2020-07-04,US,Maryland,Carroll,1156,114,0,39.56453592,-77.02373735,24013.0,686.2692716403379,9.86159169550173,1042,1155,112,0,1043,1149,168429,1,2,0,-1,6
2020-07-04,US,Maryland,Cecil,490,29,0,39.56647682,-75.94627411,24015.0,476.3988138641777,5.918367346938775,461,487,29,0,458,486,102826,3,0,0,3,1
2020-07-04,US,Maryland,Charles,1430,87,0,38.51092331,-76.98580666,24017.0,875.9195624077374,6.083916083916083,1343,1426,86,0,1340,1416,161503,4,1,0,3,10
2020-07-04,US,Maryland,Dorchester,192,5,0,38.45413522,-76.02752426,24019.0,601.3342102790566,2.6041666666666665,187,188,5,0,183,189,31998,4,0,0,4,-1
2020-07-04,US,Maryland,Frederick,2546,120,0,39.47296601,-77.39999394,24021.0,980.9398683090152,4.713275726630008,2426,2520,119,0,2401,2501,255648,26,1,0,25,19
2020-07-04,US,Maryland,Garrett,13,0,0,39.52786077,-79.27355126,24023.0,44.805955745502175,0.0,13,11,0,0,11,11,29163,2,0,0,2,0
2020-07-04,US,Maryland,Harford,1176,63,0,39.55010644,-76.30775940000002,24025.0,460.380283509695,5.357142857142857,1113,1173,63,0,1110,1153,253956,3,0,0,3,20
2020-07-04,US,Maryland,Howard,2637,91,0,39.25305293,-76.93126208,24027.0,809.6656329638612,3.450891164201745,2546,2618,91,0,2527,2602,323196,19,0,0,19,16
2020-07-04,US,Maryland,Kent,200,23,0,39.24976208,-76.04741541,24029.0,1029.7600659046443,11.5,177,200,23,0,177,201,19383,0,0,0,0,-1
2020-07-04,US,Maryland,Montgomery,15082,748,0,39.13676329,-77.20358245,24031.0,1435.4403971492966,4.959554435751227,14334,15021,747,0,14274,14899,1052567,61,1,0,60,122
2020-07-04,US,Maryland,Prince George's,18940,688,0,38.83070039,-76.8496441,24033.0,2082.8590814965355,3.632523759239704,18252,18861,687,0,18174,18731,909308,79,1,0,78,130
2020-07-04,US,Maryland,Queen Anne's,240,20,0,39.06198912,-76.03530977,24035.0,476.3700601417201,8.333333333333334,220,234,19,0,215,232,50251,6,1,0,5,2
2020-07-04,US,Maryland,Somerset,87,3,0,38.1163542,-75.75118623,24039.0,339.631480324797,3.4482758620689653,84,87,3,0,84,87,25675,0,0,0,0,0
2020-07-04,US,Maryland,St. Mary's,652,51,0,38.30058422,-76.60629279999998,24037.0,574.3987313893049,7.822085889570554,601,651,51,0,600,646,112664,1,0,0,1,5
2020-07-04,US,Maryland,Talbot,147,4,0,38.76618159,-76.10882561,24041.0,395.36322315160965,2.7210884353741496,143,144,4,0,140,141,36968,3,0,0,3,3
2020-07-04,US,Maryland,Unassigned,0,23,0,0.0,0.0,90024.0,0.0,0.0,-23,0,23,0,-23,0,,0,0,0,0,0
2020-07-04,US,Maryland,Washington,695,29,0,39.60835778,-77.82002295,24043.0,460.1155916292064,4.172661870503597,666,691,28,0,663,687,150926,4,1,0,3,4
2020-07-04,US,Maryland,Wicomico,1087,41,0,38.37301947,-75.62705831,24045.0,1049.1366580123351,3.7718491260349594,1046,1085,40,0,1045,1074,103195,2,1,0,1,11
2020-07-04,US,Maryland,Worcester,292,17,0,38.21274277,-75.33200012,24047.0,558.5737240798836,5.821917808219178,275,291,17,0,274,289,51823,1,0,0,1,2
2020-07-04,US,Massachusetts,Barnstable,1553,149,0,41.72980578,-70.28854339,25001.0,729.1422132494482,9.594333547971669,1404,1553,148,0,1405,1547,213413,0,1,0,-1,6
2020-07-04,US,Massachusetts,Berkshire,602,45,0,42.37428441,-73.20524838,25003.0,481.81585350236907,7.4750830564784065,557,602,45,0,557,600,126348,0,0,0,0,2
2020-07-04,US,Massachusetts,Bristol,8311,590,0,41.79228404,-71.10872211,25005.0,1470.4087102829533,7.099025388039948,7721,8295,587,0,7708,8264,564022,16,3,0,13,31
2020-07-04,US,Massachusetts,Dukes and Nantucket,68,1,0,41.40674725,-70.68763497,0.0,236.67815251818595,1.4705882352941178,67,68,1,0,67,66,26707,0,0,0,0,2
2020-07-04,US,Massachusetts,Essex,16235,1119,0,42.6687626,-70.94687179,25009.0,2057.5792678135545,6.892516168771174,15116,16210,1116,0,15094,16176,790638,25,3,0,22,34
2020-07-04,US,Massachusetts,Franklin,373,55,0,42.58119713,-72.58602547,25011.0,531.4904531205472,14.745308310991955,318,372,55,0,317,372,70963,1,0,0,1,0
2020-07-04,US,Massachusetts,Hampden,6861,664,0,42.13440424,-72.63235561,25013.0,1471.1432075682073,9.677889520478065,6197,6834,662,0,6172,6812,470406,27,2,0,25,22
2020-07-04,US,Massachusetts,Hampshire,982,116,0,42.33997957,-72.65898478,25015.0,610.5826027482435,11.812627291242366,866,976,115,0,861,969,161355,6,1,0,5,7
2020-07-04,US,Massachusetts,Middlesex,24115,1877,0,42.48607732,-71.39049229,25017.0,1496.2471280307302,7.7835372174994815,22238,24083,1870,0,22213,24039,1614714,32,7,0,25,44
2020-07-04,US,Massachusetts,Norfolk,9260,937,0,42.16073095,-71.20530408,25021.0,1310.1765059601712,10.118790496760257,8323,9242,934,0,8308,9200,705388,18,3,0,15,42
2020-07-04,US,Massachusetts,Plymouth,8734,667,0,41.94070556,-70.80802823,25023.0,1675.741842893926,7.636821616670482,8067,8722,665,0,8057,8707,518132,12,2,0,10,15
2020-07-04,US,Massachusetts,Suffolk,19972,1008,0,42.327951399999996,-71.07850442,25025.0,2484.366972796605,5.047065892249148,18964,19936,1009,0,18927,19892,807252,36,-1,0,37,44
2020-07-04,US,Massachusetts,Unassigned,291,7,0,0.0,0.0,90025.0,0.0,2.405498281786941,284,292,7,0,285,287,,-1,0,0,-1,5
2020-07-04,US,Massachusetts,Worcester,12481,937,0,42.35026951,-71.90493363,25027.0,1502.6088882789045,7.507411265122987,11544,12443,935,0,11508,12407,830839,38,2,0,36,36
2020-07-04,US,Michigan,Alcona,22,1,0,44.6846864,-83.59507875,26001.0,211.43680922633342,4.545454545454546,21,22,1,0,21,22,10362,0,0,0,0,0
2020-07-04,US,Michigan,Alger,4,0,0,46.41292944,-86.60260122,26003.0,43.917435221783045,0.0,4,4,0,0,4,4,9097,0,0,0,0,0
2020-07-04,US,Michigan,Allegan,331,7,0,42.59147037,-85.89102866,26005.0,280.316054233958,2.114803625377644,324,328,7,0,321,325,117327,3,0,0,3,3
2020-07-04,US,Michigan,Alpena,123,11,0,45.03477666,-83.62212411,26007.0,433.0223552191516,8.943089430894311,112,123,11,0,112,122,28360,0,0,0,0,1
2020-07-04,US,Michigan,Antrim,22,0,0,44.99690221,-85.15503082,26009.0,94.32344366317957,0.0,22,21,0,0,21,20,23365,1,0,0,1,1
2020-07-04,US,Michigan,Arenac,38,2,0,44.0636262,-83.89277559,26011.0,255.32486729825973,5.2631578947368425,36,38,2,0,36,38,15041,0,0,0,0,0
2020-07-04,US,Michigan,Baraga,5,0,0,46.6720582,-88.36363591,26013.0,60.9087586794981,0.0,5,5,0,0,5,5,8320,0,0,0,0,0
2020-07-04,US,Michigan,Barry,111,2,0,42.59513984,-85.30834519,26015.0,180.3411860276198,1.8018018018018016,109,108,2,0,106,106,61157,3,0,0,3,2
2020-07-04,US,Michigan,Bay,403,30,0,43.70639106,-83.98731479,26017.0,390.7840893664061,7.444168734491315,373,401,30,0,371,396,103923,2,0,0,2,5
2020-07-04,US,Michigan,Benzie,10,0,0,44.63899297,-86.01608482,26019.0,56.28729032984352,0.0,10,10,0,0,10,10,17753,0,0,0,0,0
2020-07-04,US,Michigan,Berrien,918,60,0,41.95447397,-86.41313079999998,26021.0,598.4315617238481,6.5359477124183005,858,906,60,0,846,901,154141,12,0,0,12,5
2020-07-04,US,Michigan,Branch,260,2,0,41.91600556,-85.05929476,26023.0,597.4676563182205,0.7692307692307693,258,260,2,0,258,257,43622,0,0,0,0,3
2020-07-04,US,Michigan,Calhoun,558,37,0,42.24633834,-85.00493569,26025.0,415.9243882259111,6.630824372759856,521,557,36,0,521,550,134487,1,1,0,0,7
2020-07-04,US,Michigan,Cass,160,6,0,41.91522292,-85.99405727,26027.0,308.95784656380937,3.75,154,156,5,0,151,152,51653,4,1,0,3,4
2020-07-04,US,Michigan,Charlevoix,28,2,0,45.37790017,-85.19614053,26029.0,107.10323987300616,7.142857142857142,26,28,2,0,26,27,26244,0,0,0,0,1
2020-07-04,US,Michigan,Cheboygan,27,2,0,45.44787015,-84.50122149,26031.0,106.82069947776549,7.407407407407407,25,27,2,0,25,27,25413,0,0,0,0,0
2020-07-04,US,Michigan,Chippewa,12,0,0,46.29552653,-84.54353449,26033.0,32.12937428043589,0.0,12,12,0,0,12,11,37517,0,0,0,0,1
2020-07-04,US,Michigan,Clare,31,3,0,43.98794227,-84.84819859999998,26035.0,100.16155088852987,9.677419354838712,28,30,3,0,27,29,30757,1,0,0,1,1
2020-07-04,US,Michigan,Clinton,247,12,0,42.94400871,-84.60145248,26037.0,310.3210000628181,4.8582995951417,235,241,12,0,229,236,79332,6,0,0,6,5
2020-07-04,US,Michigan,Crawford,70,5,0,44.68255561,-84.61006219,26039.0,498.9664266875757,7.142857142857142,65,70,5,0,65,70,13901,0,0,0,0,0
2020-07-04,US,Michigan,Delta,27,3,0,45.90484910000001,-86.9080745,26041.0,75.45271629778672,11.111111111111109,24,27,3,0,24,26,35857,0,0,0,0,1
2020-07-04,US,Michigan,Dickinson,10,2,0,46.00999672,-87.86961634,26043.0,39.6212211260351,20.0,8,9,2,0,7,7,25383,1,0,0,1,2
2020-07-04,US,Michigan,Eaton,335,7,0,42.59599185,-84.83740035,26045.0,303.80527442231653,2.08955223880597,328,328,7,0,321,320,109826,7,0,0,7,8
2020-07-04,US,Michigan,Emmet,30,2,0,45.52625509,-84.89083249,26047.0,89.78003890468351,6.666666666666668,28,29,2,0,27,29,33308,1,0,0,1,0
2020-07-04,US,Michigan,Federal Correctional Institution (FCI),184,5,0,0.0,0.0,0.0,0.0,2.717391304347826,179,184,5,0,179,184,,0,0,0,0,0
2020-07-04,US,Michigan,Genesee,2797,288,0,43.02244215,-83.70589709,26049.0,689.2337110935333,10.296746514122274,2509,2789,288,0,2501,2766,406892,8,0,0,8,23
2020-07-04,US,Michigan,Gladwin,27,1,0,43.98901072,-84.38774817,26051.0,106.09454202522691,3.703703703703704,26,27,1,0,26,27,25337,0,0,0,0,0
2020-07-04,US,Michigan,Gogebic,7,1,0,46.40862701,-89.69377193,26053.0,50.08944543828265,14.285714285714285,6,7,1,0,6,7,15096,0,0,0,0,0
2020-07-04,US,Michigan,Grand Traverse,56,5,0,44.69565625,-85.55585247,26055.0,60.15812994156067,8.928571428571429,51,53,5,0,48,52,92573,3,0,0,3,1
2020-07-04,US,Michigan,Gratiot,93,13,0,43.29265605,-84.60505416,26057.0,228.4394880990396,13.978494623655912,80,93,13,0,80,92,40599,0,0,0,0,1
2020-07-04,US,Michigan,Hillsdale,199,25,0,41.88753639,-84.59312019,26059.0,436.3556627562768,12.562814070351761,174,197,25,0,172,197,45749,2,0,0,2,0
2020-07-04,US,Michigan,Houghton,18,0,0,46.89988536,-88.68495385,26061.0,50.44277547360162,0.0,18,16,0,0,16,14,36219,2,0,0,2,2
2020-07-04,US,Michigan,Huron,66,3,0,43.83353985,-83.04078453,26063.0,213.03379490655564,4.545454545454546,63,66,3,0,63,66,31166,0,0,0,0,0
2020-07-04,US,Michigan,Ingham,1085,29,0,42.59716886,-84.37472069,26065.0,371.05941738541617,2.672811059907834,1056,1070,29,0,1041,1054,292735,15,0,0,15,16
2020-07-04,US,Michigan,Ionia,203,4,0,42.94502238,-85.07413319,26067.0,313.770344838246,1.9704433497536944,199,199,4,0,195,196,64210,4,0,0,4,3
2020-07-04,US,Michigan,Iosco,118,11,0,44.35486835,-83.63484895,26069.0,469.6143590559954,9.322033898305083,107,118,11,0,107,116,25081,0,0,0,0,2
2020-07-04,US,Michigan,Iron,6,1,0,46.20974132,-88.53136251,26071.0,54.220133742996566,16.666666666666668,5,6,1,0,5,6,11117,0,0,0,0,0
2020-07-04,US,Michigan,Isabella,131,8,0,43.64060976,-84.84664923,26073.0,187.48568811541102,6.106870229007634,123,129,8,0,121,128,70562,2,0,0,2,1
2020-07-04,US,Michigan,Jackson,523,31,0,42.24807035,-84.42258681,26075.0,329.9476373730364,5.927342256214149,492,520,31,0,489,517,158823,3,0,0,3,3
2020-07-04,US,Michigan,Kalamazoo,1108,68,0,42.24542231,-85.53038622,26077.0,418.0090996204719,6.137184115523466,1040,1103,68,0,1035,1093,264870,5,0,0,5,10
2020-07-04,US,Michigan,Kalkaska,36,2,0,44.68512729,-85.09085699,26079.0,199.57866725801082,5.5555555555555545,34,35,2,0,33,34,17824,1,0,0,1,1
2020-07-04,US,Michigan,Kent,5220,136,0,43.03197711,-85.54934642,26081.0,794.574970888417,2.6053639846743293,5084,5159,136,0,5023,5064,653786,61,0,0,61,95
2020-07-04,US,Michigan,Keweenaw,1,0,0,47.63197653,-88.41434263,26083.0,47.25897920604915,0.0,1,1,0,0,1,1,2113,0,0,0,0,0
2020-07-04,US,Michigan,Lake,10,0,0,43.99050893,-85.802173,26085.0,84.36682696363789,0.0,10,9,0,0,9,9,11881,1,0,0,1,0
2020-07-04,US,Michigan,Lapeer,304,31,0,43.09052506,-83.22153148,26087.0,347.0042348214184,10.197368421052632,273,301,31,0,270,300,88028,3,0,0,3,1
2020-07-04,US,Michigan,Leelanau,24,0,0,44.94430054,-85.80150326,26089.0,110.28904921648821,0.0,24,19,0,0,19,19,21764,5,0,0,5,0
2020-07-04,US,Michigan,Lenawee,236,6,0,41.89475156,-84.06603727,26091.0,239.71315679881363,2.5423728813559316,230,234,6,0,228,227,98266,2,0,0,2,7
2020-07-04,US,Michigan,Livingston,588,28,0,42.60302282,-83.91297209,26093.0,306.25797546811117,4.761904761904762,560,584,28,0,556,584,191224,4,0,0,4,0
2020-07-04,US,Michigan,Luce,3,0,0,46.47227431,-85.54471223,26095.0,48.16182372772515,0.0,3,3,0,0,3,3,6283,0,0,0,0,0
2020-07-04,US,Michigan,Mackinac,9,0,0,46.07028979,-85.04980537,26097.0,83.34105009723123,0.0,9,9,0,0,9,9,10787,0,0,0,0,0
2020-07-04,US,Michigan,Macomb,7521,919,0,42.69158356,-82.92752801,26099.0,860.5538850214882,12.219119797899216,6602,7502,919,0,6583,7469,874759,19,0,0,19,33
2020-07-04,US,Michigan,Manistee,23,0,0,44.33352407,-86.05626916,26101.0,93.65583516573014,0.0,23,21,0,0,21,19,24528,2,0,0,2,2
2020-07-04,US,Michigan,Marquette,71,11,0,46.4338914,-87.64043701,26103.0,106.44837253931843,15.492957746478874,60,71,11,0,60,70,66516,0,0,0,0,1
2020-07-04,US,Michigan,Mason,61,0,0,43.99509218,-86.24988902,26105.0,209.30551743068898,0.0,61,58,0,0,58,57,29100,3,0,0,3,1
2020-07-04,US,Michigan,Mecosta,31,2,0,43.64064262,-85.32463223,26107.0,71.341449382091,6.451612903225807,29,30,2,0,28,29,43545,1,0,0,1,1
2020-07-04,US,Michigan,Menominee,21,0,0,45.58038692,-87.55370409,26109.0,92.18612818261632,0.0,21,21,0,0,21,16,22983,0,0,0,0,5
2020-07-04,US,Michigan,Michigan Department of Corrections (MDOC),4118,68,0,0.0,0.0,0.0,0.0,1.651287032540068,4050,4117,68,0,4049,4114,,1,0,0,1,3
2020-07-04,US,Michigan,Midland,171,9,0,43.64330771,-84.38804374,26111.0,205.6375968060032,5.2631578947368425,162,171,9,0,162,169,83209,0,0,0,0,2
2020-07-04,US,Michigan,Missaukee,30,1,0,44.33772443,-85.09256478,26113.0,198.43894695065484,3.333333333333333,29,29,1,0,28,29,15113,1,0,0,1,0
2020-07-04,US,Michigan,Monroe,629,21,0,41.92734151,-83.53749864,26115.0,417.9401993355482,3.338632750397456,608,626,21,0,605,619,150439,3,0,0,3,7
2020-07-04,US,Michigan,Montcalm,102,1,0,43.31082541,-85.15252824,26117.0,159.65439519158528,0.9803921568627452,101,98,1,0,97,96,63968,4,0,0,4,2
2020-07-04,US,Michigan,Montmorency,5,0,0,45.0275929,-84.12696227,26119.0,53.60205831903945,0.0,5,5,0,0,5,5,9265,0,0,0,0,0
2020-07-04,US,Michigan,Muskegon,850,51,0,43.29123859,-86.15176712,26121.0,489.72725072882935,6.0,799,842,52,0,790,827,173588,8,-1,0,9,15
2020-07-04,US,Michigan,Newaygo,179,0,0,43.554373999999996,-85.80070107,26123.0,365.4552878726011,0.0,179,177,0,0,177,176,48892,2,0,0,2,1
2020-07-04,US,Michigan,Oakland,12208,1091,0,42.66090111,-83.38595416,26125.0,970.7502639982697,8.936762778505898,11117,12160,1091,0,11069,12108,1259201,48,0,0,48,52
2020-07-04,US,Michigan,Oceana,342,4,0,43.64124435,-86.26726673,26127.0,1292.1751615218952,1.1695906432748535,338,320,3,0,317,307,26625,22,1,0,21,13
2020-07-04,US,Michigan,Ogemaw,37,2,0,44.33481032,-84.12725175,26129.0,176.21564985474114,5.405405405405406,35,35,2,0,33,34,20952,2,0,0,2,1
2020-07-04,US,Michigan,Ontonagon,1,0,0,46.665226200000006,-89.31390481,26131.0,17.482517482517483,0.0,1,,,,,,5795,,,,,
2020-07-04,US,Michigan,Osceola,33,0,0,43.98992088,-85.32566756,26133.0,140.66496163682862,0.0,33,30,0,0,30,30,23341,3,0,0,3,0
2020-07-04,US,Michigan,Oscoda,21,1,0,44.68192279,-84.12939244,26135.0,254.82344375682564,4.761904761904762,20,21,1,0,20,21,8276,0,0,0,0,0
2020-07-04,US,Michigan,Otsego,123,10,0,45.02085831,-84.59898295,26137.0,498.62169612453386,8.130081300813009,113,123,10,0,113,122,24665,0,0,0,0,1
2020-07-04,US,Michigan,Ottawa,1105,51,0,42.95996803,-85.9969107,26139.0,378.64510160024673,4.615384615384615,1054,1083,51,0,1032,1064,290494,22,0,0,22,19
2020-07-04,US,Michigan,Out of MI,75,0,0,0.0,0.0,80026.0,0.0,0.0,75,64,0,0,64,45,,11,0,0,11,19
2020-07-04,US,Michigan,Presque Isle,13,0,0,45.34018577,-83.91498656,26141.0,103.24015247776366,0.0,13,13,0,0,13,13,12738,0,0,0,0,0
2020-07-04,US,Michigan,Roscommon,28,0,0,44.33473082,-84.61067651,26143.0,116.57437861692827,0.0,28,28,0,0,28,28,23884,0,0,0,0,0
2020-07-04,US,Michigan,Saginaw,1315,123,0,43.33433923,-84.05131209999998,26145.0,690.1474238869732,9.35361216730038,1192,1313,123,0,1190,1301,190800,2,0,0,2,12
2020-07-04,US,Michigan,Sanilac,50,6,0,43.42406072,-82.82055898,26151.0,121.44765606023806,12.0,44,50,6,0,44,51,41182,0,0,0,0,-1
2020-07-04,US,Michigan,Schoolcraft,5,0,0,46.19235734,-86.19972234,26153.0,61.77415369409439,0.0,5,5,0,0,5,4,8068,0,0,0,0,1
2020-07-04,US,Michigan,Shiawassee,277,28,0,42.95392800000001,-84.14585902,26155.0,406.6234109391973,10.108303249097473,249,276,28,0,248,276,68192,1,0,0,1,0
2020-07-04,US,Michigan,St. Clair,583,50,0,42.92655373,-82.67937954,26147.0,366.37172590618866,8.576329331046313,533,578,50,0,528,572,159337,5,0,0,5,6
2020-07-04,US,Michigan,St. Joseph,340,5,0,41.91441767,-85.52797979,26149.0,557.7061872580539,1.4705882352941178,335,339,4,0,335,336,61043,1,1,0,0,3
2020-07-04,US,Michigan,Tuscola,233,26,0,43.46606813,-83.41897025,26157.0,445.9756914537276,11.158798283261802,207,233,26,0,207,232,52516,0,0,0,0,1
2020-07-04,US,Michigan,Unassigned,3,0,0,0.0,0.0,90026.0,0.0,0.0,3,4,0,0,4,3,,-1,0,0,-1,1
2020-07-04,US,Michigan,Van Buren,234,8,0,42.25190229,-86.01939087,26159.0,309.20887455898094,3.418803418803418,226,232,8,0,224,231,75448,2,0,0,2,1
2020-07-04,US,Michigan,Washtenaw,1748,106,0,42.253105,-83.83853204,26161.0,475.5155725909342,6.064073226544622,1642,1745,106,0,1639,1730,370963,3,0,0,3,15
2020-07-04,US,Michigan,Wayne,23123,2728,0,42.28098405,-83.281255,26163.0,1321.810531153696,11.79777710504692,20395,23054,2728,0,20326,22991,1753893,69,0,0,69,63
2020-07-04,US,Michigan,Wexford,38,4,0,44.33853602,-85.57712739,26165.0,112.99099045523475,10.526315789473683,34,30,4,0,26,29,33466,8,0,0,8,1
2020-07-04,US,Minnesota,Aitkin,14,0,0,46.60962049,-93.41168259999999,27001.0,88.12791136850056,0.0,14,14,0,0,14,14,15902,0,0,0,0,0
2020-07-04,US,Minnesota,Anoka,2180,107,0,45.27476015,-93.24604565,27003.0,610.7794161733269,4.908256880733945,2073,2180,107,0,2073,2155,353813,0,0,0,0,25
2020-07-04,US,Minnesota,Becker,55,0,0,46.93479392,-95.67158144,27005.0,159.77689335618626,0.0,55,55,0,0,55,55,34371,0,0,0,0,0
2020-07-04,US,Minnesota,Beltrami,29,0,0,47.97373527,-94.93732139,27007.0,61.456302449775364,0.0,29,29,0,0,29,29,46847,0,0,0,0,0
2020-07-04,US,Minnesota,Benton,214,3,0,45.69804958,-93.99514135,27009.0,523.3681430213505,1.4018691588785046,211,214,3,0,211,212,40545,0,0,0,0,2
2020-07-04,US,Minnesota,Big Stone,14,0,0,45.42712824,-96.41403739,27011.0,280.50490883590464,0.0,14,14,0,0,14,14,4989,0,0,0,0,0
2020-07-04,US,Minnesota,Blue Earth,453,2,0,44.03554215,-94.06699781,27013.0,669.5933661478426,0.44150110375275936,451,453,2,0,451,442,67427,0,0,0,0,11
2020-07-04,US,Minnesota,Brown,30,2,0,44.24205652,-94.72562874,27015.0,119.9616122840691,6.666666666666668,28,30,2,0,28,31,25111,0,0,0,0,-1
2020-07-04,US,Minnesota,Carlton,85,0,0,46.59180601,-92.67601019,27017.0,236.9602185609545,0.0,85,85,0,0,85,83,35837,0,0,0,0,2
2020-07-04,US,Minnesota,Carver,364,1,0,44.82017001,-93.80099179999999,27019.0,346.3730742513488,0.27472527472527475,363,364,1,0,363,361,103551,0,0,0,0,3
2020-07-04,US,Minnesota,Cass,15,2,0,46.95043611,-94.32603968,27021.0,50.371066859196084,13.333333333333336,13,15,2,0,13,14,29519,0,0,0,0,1
2020-07-04,US,Minnesota,Chippewa,78,1,0,45.02343421,-95.56403693,27023.0,661.0169491525422,1.2820512820512822,77,78,1,0,77,76,11924,0,0,0,0,2
2020-07-04,US,Minnesota,Chisago,97,1,0,45.5021011,-92.90861945,27025.0,171.44170098446418,1.0309278350515465,96,97,1,0,96,97,55922,0,0,0,0,0
2020-07-04,US,Minnesota,Clay,585,38,0,46.89289518,-96.48761922,27027.0,910.902805892062,6.495726495726496,547,585,38,0,547,580,63955,0,0,0,0,5
2020-07-04,US,Minnesota,Clearwater,7,0,0,47.57992111,-95.37790562,27029.0,79.38308006350647,0.0,7,7,0,0,7,7,8810,0,0,0,0,0
2020-07-04,US,Minnesota,Cook,1,0,0,47.90504893,-90.52629546,27031.0,18.304960644334614,0.0,1,1,0,0,1,1,5393,0,0,0,0,0
2020-07-04,US,Minnesota,Cottonwood,134,0,0,44.00715262,-95.18138802,27033.0,1196.8560200071456,0.0,134,134,0,0,134,134,11277,0,0,0,0,0
2020-07-04,US,Minnesota,Crow Wing,106,12,0,46.48096553,-94.06755609,27035.0,162.93905157174697,11.320754716981131,94,106,12,0,94,104,64889,0,0,0,0,2
2020-07-04,US,Minnesota,Dakota,2286,90,0,44.67172617,-93.06299363,27037.0,532.8410497388238,3.9370078740157477,2196,2286,90,0,2196,2248,425423,0,0,0,0,38
2020-07-04,US,Minnesota,Dodge,84,0,0,44.02238415,-92.86244324,27039.0,401.2611063341932,0.0,84,84,0,0,84,83,20822,0,0,0,0,1
2020-07-04,US,Minnesota,Douglas,62,0,0,45.93348491,-95.45335469,27041.0,162.55473112923104,0.0,62,62,0,0,62,61,37964,0,0,0,0,1
2020-07-04,US,Minnesota,Faribault,55,0,0,43.67381499,-93.94787458,27043.0,402.8418662565004,0.0,55,55,0,0,55,54,13758,0,0,0,0,1
2020-07-04,US,Minnesota,Fillmore,28,0,0,43.67394126,-92.08980382,27045.0,132.9092894099777,0.0,28,28,0,0,28,27,21058,0,0,0,0,1
2020-07-04,US,Minnesota,Freeborn,290,0,0,43.67385583,-93.34884422,27047.0,957.6962451702389,0.0,290,290,0,0,290,289,30444,0,0,0,0,1
2020-07-04,US,Minnesota,Goodhue,129,8,0,44.40849741,-92.72341949999999,27049.0,278.3772119119551,6.2015503875969005,121,129,8,0,121,127,46403,0,0,0,0,2
2020-07-04,US,Minnesota,Grant,10,0,0,45.93424769,-96.01139609,27051.0,167.44809109176154,0.0,10,10,0,0,10,10,6021,0,0,0,0,0
2020-07-04,US,Minnesota,Hennepin,12150,785,0,45.00761521,-93.47694895,27053.0,959.8346714402973,6.4609053497942375,11365,12150,785,0,11365,12048,1259428,0,0,0,0,102
2020-07-04,US,Minnesota,Houston,25,0,0,43.67129565,-91.49143057,27055.0,134.40860215053763,0.0,25,25,0,0,25,25,18578,0,0,0,0,0
2020-07-04,US,Minnesota,Hubbard,6,0,0,47.10778564,-94.91693868,27057.0,27.918663626634412,0.0,6,6,0,0,6,5,21332,0,0,0,0,1
2020-07-04,US,Minnesota,Isanti,72,0,0,45.56181234,-93.29487636,27059.0,177.35737511084838,0.0,72,72,0,0,72,65,39966,0,0,0,0,7
2020-07-04,US,Minnesota,Itasca,64,12,0,47.51009045,-93.63092229,27061.0,141.81254154664302,18.75,52,64,12,0,52,64,45108,0,0,0,0,0
2020-07-04,US,Minnesota,Jackson,55,0,0,43.67423373,-95.15398258,27063.0,558.6024781637213,0.0,55,55,0,0,55,55,9911,0,0,0,0,0
2020-07-04,US,Minnesota,Kanabec,14,1,0,45.9459309,-93.29275192,27065.0,85.69504805043766,7.142857142857142,13,14,1,0,13,14,16207,0,0,0,0,0
2020-07-04,US,Minnesota,Kandiyohi,570,1,0,45.1526059,-95.00586446,27067.0,1319.4749878469408,0.17543859649122806,569,570,1,0,569,566,42855,0,0,0,0,4
2020-07-04,US,Minnesota,Kittson,2,0,0,48.77754106,-96.78317184,27069.0,46.533271288971605,0.0,2,2,0,0,2,2,4248,0,0,0,0,0
2020-07-04,US,Minnesota,Koochiching,14,1,0,48.24539665,-93.78352843,27071.0,114.48196908986831,7.142857142857142,13,14,1,0,13,14,12440,0,0,0,0,0
2020-07-04,US,Minnesota,Lac qui Parle,4,0,0,44.9973857,-96.17488219,27073.0,60.3955911218481,0.0,4,4,0,0,4,4,6658,0,0,0,0,0
2020-07-04,US,Minnesota,Lake,6,0,0,47.64270764,-91.44557998,27075.0,56.385678037778405,0.0,6,6,0,0,6,6,10658,0,0,0,0,0
2020-07-04,US,Minnesota,Le Sueur,98,1,0,44.37136597,-93.72844721,27079.0,339.25295115449865,1.020408163265306,97,98,1,0,97,91,28494,0,0,0,0,7
2020-07-04,US,Minnesota,Lincoln,10,0,0,44.41311883,-96.26688165,27081.0,177.33640716439086,0.0,10,10,0,0,10,10,5673,0,0,0,0,0
2020-07-04,US,Minnesota,Lyon,309,2,0,44.41327865,-95.83806103,27083.0,1213.001491717045,0.6472491909385113,307,309,2,0,307,305,25629,0,0,0,0,4
2020-07-04,US,Minnesota,Mahnomen,8,1,0,47.32557075,-95.80921485,27087.0,144.74398407816176,12.5,7,8,1,0,7,7,5519,0,0,0,0,1
2020-07-04,US,Minnesota,Marshall,12,0,0,48.35825983,-96.37017407,27089.0,128.53470437017995,0.0,12,12,0,0,12,12,9390,0,0,0,0,0
2020-07-04,US,Minnesota,Martin,163,5,0,43.67429718,-94.55099908,27091.0,828.125793832241,3.0674846625766867,158,163,5,0,158,161,19785,0,0,0,0,2
2020-07-04,US,Minnesota,McLeod,88,0,0,44.82367677,-94.27287017,27085.0,245.17315353968743,0.0,88,88,0,0,88,85,35873,0,0,0,0,3
2020-07-04,US,Minnesota,Meeker,61,1,0,45.12328869,-94.52839455,27093.0,262.6819395400913,1.639344262295082,60,61,1,0,60,59,23141,0,0,0,0,2
2020-07-04,US,Minnesota,Mille Lacs,34,2,0,45.93705297,-93.63236823,27095.0,129.39072192411615,5.882352941176472,32,34,2,0,32,34,26139,0,0,0,0,0
2020-07-04,US,Minnesota,Morrison,59,1,0,46.01265363,-94.27341528,27097.0,176.7207811657581,1.6949152542372878,58,59,1,0,58,59,33169,0,0,0,0,0
2020-07-04,US,Minnesota,Mower,945,2,0,43.67142874,-92.75234549,27099.0,2358.843792122211,0.21164021164021166,943,945,2,0,943,932,40011,0,0,0,0,13
2020-07-04,US,Minnesota,Murray,58,0,0,44.02216709,-95.76328482,27101.0,707.8350012204053,0.0,58,58,0,0,58,54,8276,0,0,0,0,4
2020-07-04,US,Minnesota,Nicollet,159,12,0,44.35291112,-94.24710352,27103.0,463.90850207154114,7.547169811320754,147,159,12,0,147,155,34220,0,0,0,0,4
2020-07-04,US,Minnesota,Nobles,1662,6,0,43.67434621,-95.75329576,27105.0,7684.127791391188,0.36101083032490977,1656,1662,6,0,1656,1661,21924,0,0,0,0,1
2020-07-04,US,Minnesota,Norman,20,0,0,47.32628443,-96.45620947,27107.0,313.72549019607845,0.0,20,20,0,0,20,20,6475,0,0,0,0,0
2020-07-04,US,Minnesota,Olmsted,1101,15,0,44.00374114,-92.40209944,27109.0,695.5456021428616,1.3623978201634876,1086,1101,15,0,1086,1076,156277,0,0,0,0,25
2020-07-04,US,Minnesota,Otter Tail,93,1,0,46.40846929,-95.70835255,27111.0,158.30865080175673,1.075268817204301,92,93,1,0,92,92,58812,0,0,0,0,1
2020-07-04,US,Minnesota,Pennington,50,0,0,48.06642577,-96.0370814,27113.0,354.13272894680915,0.0,50,50,0,0,50,51,14178,0,0,0,0,-1
2020-07-04,US,Minnesota,Pine,103,0,0,46.12105238,-92.74070188,27115.0,348.2200209608168,0.0,103,103,0,0,103,103,29483,0,0,0,0,0
2020-07-04,US,Minnesota,Pipestone,37,1,0,44.02301619,-96.25841142,27117.0,405.4350208196362,2.702702702702702,36,37,1,0,36,31,9047,0,0,0,0,6
2020-07-04,US,Minnesota,Polk,81,2,0,47.77372465,-96.40134647,27119.0,258.2578752710114,2.469135802469136,79,81,2,0,79,81,31529,0,0,0,0,0
2020-07-04,US,Minnesota,Pope,10,0,0,45.58606667,-95.44451209,27121.0,88.89679082585121,0.0,10,10,0,0,10,10,11097,0,0,0,0,0
2020-07-04,US,Minnesota,Ramsey,4805,226,0,45.01625271,-93.09872295,27123.0,873.1267751003505,4.703433922996879,4579,4805,226,0,4579,4777,550210,0,0,0,0,28
2020-07-04,US,Minnesota,Red Lake,3,0,0,47.87197525,-96.09561104,27125.0,73.98273736128236,0.0,3,3,0,0,3,3,3999,0,0,0,0,0
2020-07-04,US,Minnesota,Redwood,18,0,0,44.40555844,-95.25207021,27127.0,118.65524060646013,0.0,18,18,0,0,18,17,15249,0,0,0,0,1
2020-07-04,US,Minnesota,Renville,32,2,0,44.72836381,-94.94553734,27129.0,219.96150673632118,6.25,30,32,2,0,30,28,14612,0,0,0,0,4
2020-07-04,US,Minnesota,Rice,835,7,0,44.3543376,-93.29658715,27131.0,1246.7897031595296,0.8383233532934131,828,835,7,0,828,827,66523,0,0,0,0,8
2020-07-04,US,Minnesota,Rock,30,0,0,43.67482683,-96.25296832,27133.0,322.06119162640886,0.0,30,30,0,0,30,29,9414,0,0,0,0,1
2020-07-04,US,Minnesota,Roseau,13,0,0,48.77501878,-95.81079919,27135.0,85.72370590174745,0.0,13,13,0,0,13,10,15150,0,0,0,0,3
2020-07-04,US,Minnesota,Scott,700,4,0,44.6490231,-93.53340251,27139.0,469.7576721494097,0.5714285714285714,696,700,4,0,696,684,147381,0,0,0,0,16
2020-07-04,US,Minnesota,Sherburne,307,5,0,45.44447208,-93.77617511,27141.0,315.720191694605,1.6286644951140066,302,307,5,0,302,303,96036,0,0,0,0,4
2020-07-04,US,Minnesota,Sibley,54,2,0,44.5796592,-94.23164924,27143.0,363.2694248234107,3.703703703703704,52,54,2,0,52,53,15028,0,0,0,0,1
2020-07-04,US,Minnesota,St. Louis,177,15,0,47.604840700000004,-92.46879855,27137.0,88.91344753101923,8.474576271186441,162,177,15,0,162,174,199754,0,0,0,0,3
2020-07-04,US,Minnesota,Stearns,2345,19,0,45.55192576,-94.61078221,27145.0,1455.8435511407733,0.8102345415778252,2326,2345,19,0,2326,2312,159256,0,0,0,0,33
2020-07-04,US,Minnesota,Steele,228,1,0,44.02240351,-93.22627088,27147.0,622.117929547873,0.43859649122807015,227,228,1,0,227,223,36803,0,0,0,0,5
2020-07-04,US,Minnesota,Stevens,4,0,0,45.58613007,-96.00163705,27149.0,40.7955124936257,0.0,4,4,0,0,4,4,9753,0,0,0,0,0
2020-07-04,US,Minnesota,Swift,21,1,0,45.2829032,-95.68264092,27151.0,226.635009712929,4.761904761904762,20,21,1,0,20,21,9345,0,0,0,0,0
2020-07-04,US,Minnesota,Todd,400,2,0,46.06996226,-94.89785296,27153.0,1621.7969510217322,0.5,398,400,2,0,398,400,24582,0,0,0,0,0
2020-07-04,US,Minnesota,Traverse,5,0,0,45.77298854,-96.47062949,27155.0,153.42129487572873,0.0,5,5,0,0,5,5,3308,0,0,0,0,0
2020-07-04,US,Minnesota,Unassigned,76,37,0,0.0,0.0,90027.0,0.0,48.68421052631579,39,76,37,0,39,82,,0,0,0,0,-6
2020-07-04,US,Minnesota,Wabasha,31,0,0,44.28424356,-92.23121312,27157.0,143.3393443380959,0.0,31,31,0,0,31,31,21645,0,0,0,0,0
2020-07-04,US,Minnesota,Wadena,15,0,0,46.58589171,-94.96968506,27159.0,109.63309457681623,0.0,15,15,0,0,15,15,13773,0,0,0,0,0
2020-07-04,US,Minnesota,Waseca,64,0,0,44.02211116,-93.58720034,27161.0,343.8641736514077,0.0,64,64,0,0,64,62,18691,0,0,0,0,2
2020-07-04,US,Minnesota,Washington,1069,40,0,45.03864533,-92.88429635,27163.0,407.3311995122695,3.7418147801683816,1029,1069,40,0,1029,1048,259201,0,0,0,0,21
2020-07-04,US,Minnesota,Watonwan,216,0,0,43.97823903,-94.61413846,27165.0,1982.196934936221,0.0,216,216,0,0,216,215,10980,0,0,0,0,1
2020-07-04,US,Minnesota,Wilkin,20,3,0,46.35721532,-96.4684375,27167.0,322.2168519413565,15.0,17,20,3,0,17,20,6254,0,0,0,0,0
2020-07-04,US,Minnesota,Winona,122,15,0,43.98772283,-91.78081305,27169.0,241.6607241898423,12.295081967213116,107,122,15,0,107,120,50825,0,0,0,0,2
2020-07-04,US,Minnesota,Wright,456,5,0,45.17297924,-93.96234781,27171.0,329.53453247288206,1.0964912280701755,451,456,5,0,451,453,136349,0,0,0,0,3
2020-07-04,US,Minnesota,Yellow Medicine,30,0,0,44.71710183,-95.86842453,27173.0,308.99165722525487,0.0,30,30,0,0,30,29,9795,0,0,0,0,1
2020-07-04,US,Mississippi,Adams,310,18,0,31.47669768,-91.35326037,28001.0,1010.0022806503113,5.806451612903227,292,293,18,0,275,280,31192,17,0,0,17,13
2020-07-04,US,Mississippi,Alcorn,68,2,0,34.88084463,-88.57996173,28003.0,184.01753578870458,2.9411764705882355,66,63,1,0,62,60,36925,5,1,0,4,3
2020-07-04,US,Mississippi,Amite,89,2,0,31.17467303,-90.80501621,28005.0,723.7537610799382,2.247191011235955,87,89,2,0,87,84,12326,0,0,0,0,5
2020-07-04,US,Mississippi,Attala,359,23,0,33.08658803,-89.57838564,28007.0,1975.349400242104,6.406685236768802,336,358,23,0,335,355,18365,1,0,0,1,3
2020-07-04,US,Mississippi,Benton,34,0,0,34.81681228,-89.18945516,28009.0,411.6721152681923,0.0,34,30,0,0,30,27,8271,4,0,0,4,3
2020-07-04,US,Mississippi,Bolivar,334,14,0,33.79696941,-90.87372121,28011.0,1090.5054198772366,4.1916167664670665,320,321,14,0,307,298,31333,13,0,0,13,23
2020-07-04,US,Mississippi,Calhoun,129,4,0,33.93683395,-89.33686647,28013.0,898.2661374556088,3.1007751937984502,125,128,4,0,124,124,14436,1,0,0,1,4
2020-07-04,US,Mississippi,Carroll,164,11,0,33.44834567,-89.91994479,28015.0,1648.7383130592139,6.7073170731707314,153,164,11,0,153,161,9911,0,0,0,0,3
2020-07-04,US,Mississippi,Chickasaw,276,18,0,33.91983202,-88.9481545,28017.0,1613.7519733380109,6.521739130434782,258,269,18,0,251,264,17171,7,0,0,7,5
2020-07-04,US,Mississippi,Choctaw,74,4,0,33.34598242,-89.24809382,28019.0,901.3398294762483,5.405405405405406,70,72,4,0,68,72,8278,2,0,0,2,0
2020-07-04,US,Mississippi,Claiborne,270,10,0,31.97061673,-90.90702196,28021.0,3004.0053404539385,3.703703703703704,260,256,10,0,246,239,9002,14,0,0,14,17
2020-07-04,US,Mississippi,Clarke,206,24,0,32.04158545,-88.68896219999998,28023.0,1325.5260279261306,11.650485436893206,182,205,24,0,181,204,15604,1,0,0,1,1
2020-07-04,US,Mississippi,Clay,249,10,0,33.65358105,-88.77784255,28025.0,1289.0867674466765,4.016064257028113,239,247,10,0,237,244,19386,2,0,0,2,3
2020-07-04,US,Mississippi,Coahoma,199,6,0,34.22772299,-90.60415045,28027.0,899.475682516724,3.0150753768844223,193,191,6,0,185,190,22628,8,0,0,8,1
2020-07-04,US,Mississippi,Copiah,602,16,0,31.86977774,-90.44565118,28029.0,2145.0204881525033,2.6578073089701,586,592,16,0,576,580,28543,10,0,0,10,12
2020-07-04,US,Mississippi,Covington,347,5,0,31.63225413,-89.55389939,28031.0,1861.9875509766046,1.4409221902017288,342,334,5,0,329,317,18853,13,0,0,13,17
2020-07-04,US,Mississippi,DeSoto,1572,16,0,34.87625235,-89.99091418,28033.0,849.9824272080889,1.0178117048346056,1556,1486,16,0,1470,1442,182001,86,0,0,86,44
2020-07-04,US,Mississippi,Forrest,860,42,0,31.18961454,-89.25832496,28035.0,1148.2435878606618,4.883720930232559,818,851,42,0,809,829,75036,9,0,0,9,22
2020-07-04,US,Mississippi,Franklin,45,2,0,31.47786634,-90.89672989,28037.0,583.4305717619602,4.4444444444444455,43,41,2,0,39,39,7788,4,0,0,4,2
2020-07-04,US,Mississippi,George,86,3,0,30.86259065,-88.64436789,28039.0,351.0204081632653,3.4883720930232562,83,78,3,0,75,75,24250,8,0,0,8,3
2020-07-04,US,Mississippi,Greene,105,8,0,31.21444233,-88.63922281,28041.0,772.85440895039,7.6190476190476195,97,101,8,0,93,96,13586,4,0,0,4,5
2020-07-04,US,Mississippi,Grenada,479,5,0,33.77036166,-89.80245083,28043.0,2307.544079391078,1.0438413361169103,474,432,5,0,427,396,21055,47,0,0,47,36
2020-07-04,US,Mississippi,Hancock,126,13,0,30.41830223,-89.48851033,28045.0,264.52804837084307,10.317460317460318,113,126,13,0,113,123,47334,0,0,0,0,3
2020-07-04,US,Mississippi,Harrison,886,10,0,30.51359752,-89.12467576,28047.0,425.7977700884275,1.1286681715575622,876,842,10,0,832,794,206650,44,0,0,44,48
2020-07-04,US,Mississippi,Hinds,2480,39,0,32.2656285,-90.44435448,28049.0,1069.7032436162872,1.5725806451612905,2441,2382,39,0,2343,2247,237085,98,0,0,98,135
2020-07-04,US,Mississippi,Holmes,551,41,0,33.12345854,-90.08923538,28051.0,3239.271017048796,7.441016333938293,510,544,41,0,503,536,17622,7,0,0,7,8
2020-07-04,US,Mississippi,Humphreys,147,9,0,33.12825718,-90.52252707,28053.0,1822.916666666667,6.1224489795918355,138,132,9,0,123,130,8257,15,0,0,15,2
2020-07-04,US,Mississippi,Issaquena,9,1,0,32.72531359,-90.97392828,28055.0,678.2215523737755,11.111111111111109,8,9,1,0,8,8,1308,0,0,0,0,1
2020-07-04,US,Mississippi,Itawamba,135,8,0,34.27993475,-88.3606733,28057.0,577.1697306541257,5.925925925925926,127,134,8,0,126,130,23517,1,0,0,1,4
2020-07-04,US,Mississippi,Jackson,616,16,0,30.54020656,-88.64184064,28059.0,428.91858206201215,2.5974025974025974,600,584,16,0,568,557,143277,32,0,0,32,27
2020-07-04,US,Mississippi,Jasper,261,6,0,32.01922104,-89.11786866,28061.0,1593.114814136605,2.2988505747126435,255,256,6,0,250,251,16428,5,0,0,5,5
2020-07-04,US,Mississippi,Jefferson,107,3,0,31.73397872,-91.03764977,28063.0,1530.758226037196,2.803738317757009,104,99,3,0,96,96,7106,8,0,0,8,3
2020-07-04,US,Mississippi,Jefferson Davis,111,4,0,31.56884708,-89.82670990000004,28065.0,997.4838245866284,3.603603603603604,107,109,4,0,105,107,11234,2,0,0,2,2
2020-07-04,US,Mississippi,Jones,1120,49,0,31.62257767,-89.16896899999998,28067.0,1644.6885371082851,4.375,1071,1104,49,0,1055,1091,68461,16,0,0,16,13
2020-07-04,US,Mississippi,Kemper,178,14,0,32.75462946,-88.64105766,28069.0,1827.1402176144531,7.865168539325843,164,177,14,0,163,176,10027,1,0,0,1,1
2020-07-04,US,Mississippi,Lafayette,389,4,0,34.35687874,-89.48490961,28071.0,720.1169958718228,1.0282776349614395,385,377,4,0,373,368,54793,12,0,0,12,9
2020-07-04,US,Mississippi,Lamar,456,7,0,31.20572971,-89.5077704,28073.0,719.8901220340052,1.5350877192982455,449,440,7,0,433,431,62447,16,0,0,16,9
2020-07-04,US,Mississippi,Lauderdale,908,79,0,32.40419769,-88.66229662,28075.0,1224.9578414839798,8.700440528634362,829,900,79,0,821,894,75317,8,0,0,8,6
2020-07-04,US,Mississippi,Lawrence,174,1,0,31.55147224,-90.10841127,28077.0,1382.4884792626724,0.5747126436781609,173,170,1,0,169,162,12455,4,0,0,4,8
2020-07-04,US,Mississippi,Leake,575,19,0,32.7536828,-89.52402044,28079.0,2523.479329412797,3.3043478260869565,556,570,19,0,551,565,22763,5,0,0,5,5
2020-07-04,US,Mississippi,Lee,547,18,0,34.291877500000005,-88.68149954,28081.0,640.2453298375392,3.2906764168190135,529,532,18,0,514,518,85202,15,0,0,15,14
2020-07-04,US,Mississippi,Leflore,486,51,0,33.55545125,-90.29900733,28083.0,1724.4438136465244,10.493827160493828,435,480,49,0,431,474,28919,6,2,0,4,6
2020-07-04,US,Mississippi,Lincoln,454,34,0,31.53288662,-90.45391915,28085.0,1329.312212689954,7.488986784140969,420,443,34,0,409,437,34205,11,0,0,11,6
2020-07-04,US,Mississippi,Lowndes,483,12,0,33.47386518,-88.44191529999998,28087.0,824.3024148818158,2.4844720496894412,471,472,12,0,460,459,58930,11,0,0,11,13
2020-07-04,US,Mississippi,Madison,1296,34,0,32.63389156,-90.03513564,28089.0,1219.5121951219512,2.623456790123457,1262,1267,34,0,1233,1242,105630,29,0,0,29,25
2020-07-04,US,Mississippi,Marion,275,11,0,31.23132643,-89.8209217,28091.0,1119.1144752370487,4.0,264,270,11,0,259,263,24715,5,0,0,5,7
2020-07-04,US,Mississippi,Marshall,226,3,0,34.76216286,-89.50299462,28093.0,640.3354677848928,1.327433628318584,223,217,3,0,214,212,35451,9,0,0,9,5
2020-07-04,US,Mississippi,Monroe,399,30,0,33.89236763,-88.4808438,28095.0,1131.8506751389991,7.518796992481202,369,388,30,0,358,375,35564,11,0,0,11,13
2020-07-04,US,Mississippi,Montgomery,131,2,0,33.49419589,-89.61729103,28097.0,1340.153452685422,1.5267175572519085,129,124,2,0,122,124,10023,7,0,0,7,0
2020-07-04,US,Mississippi,Neshoba,985,71,0,32.75339664,-89.11726492,28099.0,3382.787279346109,7.208121827411167,914,981,71,0,910,970,29125,4,0,0,4,11
2020-07-04,US,Mississippi,Newton,339,9,0,32.40021118,-89.11843336,28101.0,1612.9032258064515,2.6548672566371683,330,338,9,0,329,332,21443,1,0,0,1,6
2020-07-04,US,Mississippi,Noxubee,261,8,0,33.11009499,-88.56949061,28103.0,2505.5198233656524,3.0651340996168583,253,253,8,0,245,247,10535,8,0,0,8,6
2020-07-04,US,Mississippi,Oktibbeha,541,26,0,33.42491685,-88.87905132,28105.0,1091.0117571137596,4.805914972273569,515,532,26,0,506,516,49599,9,0,0,9,16
2020-07-04,US,Mississippi,Panola,345,6,0,34.36398677,-89.95064249,28107.0,1009.007955077211,1.7391304347826086,339,325,6,0,319,295,34178,20,0,0,20,30
2020-07-04,US,Mississippi,Pearl River,254,32,0,30.77090935,-89.58677275,28109.0,457.3692266138471,12.598425196850394,222,248,32,0,216,245,55387,6,0,0,6,3
2020-07-04,US,Mississippi,Perry,66,4,0,31.17161885,-88.99281835,28111.0,551.2402906539714,6.0606060606060606,62,65,4,0,61,63,11931,1,0,0,1,2
2020-07-04,US,Mississippi,Pike,431,12,0,31.17507789,-90.40392572,28113.0,1097.0270820606802,2.7842227378190256,419,407,12,0,395,393,39563,24,0,0,24,14
2020-07-04,US,Mississippi,Pontotoc,283,6,0,34.226046000000004,-89.03636807,28115.0,879.5922173183316,2.120141342756184,277,273,6,0,267,261,31833,10,0,0,10,12
2020-07-04,US,Mississippi,Prentiss,108,3,0,34.61810501,-88.51986294,28117.0,429.8336384621508,2.7777777777777777,105,102,3,0,99,100,25315,6,0,0,6,2
2020-07-04,US,Mississippi,Quitman,76,0,0,34.25157572,-90.28908,28119.0,1118.9634864546526,0.0,76,73,0,0,73,69,7051,3,0,0,3,4
2020-07-04,US,Mississippi,Rankin,916,12,0,32.26469147,-89.94537876,28121.0,589.936304912057,1.310043668122271,904,888,12,0,876,860,153902,28,0,0,28,28
2020-07-04,US,Mississippi,Scott,770,15,0,32.406704100000006,-89.53789439,28123.0,2737.875124448869,1.9480519480519483,755,762,15,0,747,757,28287,8,0,0,8,5
2020-07-04,US,Mississippi,Sharkey,35,0,0,32.88149103,-90.8159538,28125.0,809.997685720898,0.0,35,34,0,0,34,27,4377,1,0,0,1,7
2020-07-04,US,Mississippi,Simpson,310,3,0,31.91282117,-89.91716179,28127.0,1162.877935328982,0.967741935483871,307,283,3,0,280,271,26758,27,0,0,27,12
2020-07-04,US,Mississippi,Smith,220,11,0,32.01744532,-89.50644846,28129.0,1382.2568484543854,5.0,209,216,11,0,205,211,16002,4,0,0,4,5
2020-07-04,US,Mississippi,Stone,64,1,0,30.79187949,-89.11547539,28131.0,349.04013961605585,1.5625,63,57,1,0,56,54,18717,7,0,0,7,3
2020-07-04,US,Mississippi,Sunflower,373,7,0,33.60192578,-90.58882684,28133.0,1485.4639585822379,1.8766756032171583,366,346,7,0,339,321,25735,27,0,0,27,25
2020-07-04,US,Mississippi,Tallahatchie,136,4,0,33.95339918,-90.1729398,28135.0,984.8649431530162,2.9411764705882355,132,122,4,0,118,115,13987,14,0,0,14,7
2020-07-04,US,Mississippi,Tate,278,10,0,34.65133709,-89.94485778,28137.0,981.603756929487,3.5971223021582728,268,270,9,0,261,264,28759,8,1,0,7,6
2020-07-04,US,Mississippi,Tippah,130,11,0,34.76872156,-88.90988194,28139.0,590.5064728594141,8.461538461538463,119,128,11,0,117,127,21995,2,0,0,2,1
2020-07-04,US,Mississippi,Tishomingo,78,1,0,34.74023475,-88.23917219,28141.0,402.41448692152915,1.2820512820512822,77,74,1,0,73,73,19454,4,0,0,4,1
2020-07-04,US,Mississippi,Tunica,100,3,0,34.64967704,-90.37481167,28143.0,1038.2059800664454,3.0,97,93,3,0,90,90,9944,7,0,0,7,3
2020-07-04,US,Mississippi,Union,207,9,0,34.49162015,-89.00776006,28145.0,718.3758459135868,4.3478260869565215,198,191,9,0,182,181,28606,16,0,0,16,10
2020-07-04,US,Mississippi,Walthall,200,4,0,31.14971548,-90.10446654,28147.0,1399.9720005599884,2.0,196,180,4,0,176,179,14465,20,0,0,20,1
2020-07-04,US,Mississippi,Warren,511,18,0,32.35810271,-90.83352619,28149.0,1126.0219034397655,3.522504892367906,493,496,18,0,478,463,46176,15,0,0,15,33
2020-07-04,US,Mississippi,Washington,578,9,0,33.28392041,-90.94196237,28151.0,1316.358833041062,1.5570934256055364,569,531,9,0,522,512,45063,47,0,0,47,19
2020-07-04,US,Mississippi,Wayne,542,13,0,31.64135687,-88.69573913,28153.0,2685.4283307734227,2.3985239852398523,529,535,13,0,522,522,20298,7,0,0,7,13
2020-07-04,US,Mississippi,Webster,125,10,0,33.61300486,-89.28392912,28155.0,1290.1228196924346,8.0,115,126,10,0,116,126,9788,-1,0,0,-1,0
2020-07-04,US,Mississippi,Wilkinson,94,9,0,31.16078225,-91.31018819,28157.0,1089.223638470452,9.574468085106382,85,92,9,0,83,92,8792,2,0,0,2,0
2020-07-04,US,Mississippi,Winston,259,6,0,33.08747908,-89.03391385,28159.0,1442.495126705653,2.3166023166023164,253,254,6,0,248,244,18165,5,0,0,5,10
2020-07-04,US,Mississippi,Yalobusha,171,7,0,34.02824175,-89.70762049999998,28161.0,1412.2893954410308,4.093567251461988,164,167,7,0,160,166,12392,4,0,0,4,1
2020-07-04,US,Mississippi,Yazoo,505,6,0,32.77890365,-90.39656148,28163.0,1700.9093971034015,1.188118811881188,499,493,6,0,487,478,28248,12,0,0,12,15
2020-07-04,US,Missouri,Adair,93,0,0,40.19058551,-92.60078167,29001.0,366.96523694905886,0.0,93,91,0,0,91,91,25339,2,0,0,2,0
2020-07-04,US,Missouri,Andrew,55,0,0,39.98492163,-94.80163024,29003.0,310.5239385727191,0.0,55,55,0,0,55,54,17607,0,0,0,0,1
2020-07-04,US,Missouri,Atchison,5,0,0,40.43238737,-95.42970639,29005.0,97.21952167995329,0.0,5,4,0,0,4,4,5171,1,0,0,1,0
2020-07-04,US,Missouri,Audrain,139,1,0,39.215877,-91.84242683,29007.0,547.5027572081299,0.7194244604316546,138,139,1,0,138,139,25473,0,0,0,0,0
2020-07-04,US,Missouri,Barry,74,0,0,36.70978521,-93.82919888,29009.0,206.76744251026847,0.0,74,71,0,0,71,66,35886,3,0,0,3,5
2020-07-04,US,Missouri,Barton,28,0,0,37.50207671,-94.34757022,29011.0,238.21677726731326,0.0,28,26,0,0,26,26,11798,2,0,0,2,0
2020-07-04,US,Missouri,Bates,12,1,0,38.25271289,-94.34113157,29013.0,74.20232500618353,8.333333333333334,11,12,1,0,11,12,16320,0,0,0,0,0
2020-07-04,US,Missouri,Benton,18,0,0,38.29503305,-93.28756116,29015.0,92.57830581700355,0.0,18,18,0,0,18,17,19278,0,0,0,0,1
2020-07-04,US,Missouri,Bollinger,14,0,0,37.32449052,-90.02725304,29017.0,115.3877853787192,0.0,14,14,0,0,14,12,12169,0,0,0,0,2
2020-07-04,US,Missouri,Boone,410,2,0,38.99186229,-92.30723575,29019.0,227.1933859018192,0.4878048780487805,408,395,2,0,393,372,180005,15,0,0,15,23
2020-07-04,US,Missouri,Buchanan,883,3,0,39.65816401,-94.80138942,29021.0,1010.7137951558992,0.3397508493771235,880,883,3,0,880,880,88571,0,0,0,0,3
2020-07-04,US,Missouri,Butler,108,0,0,36.71462476,-90.40421163,29023.0,254.2492584396629,0.0,108,108,0,0,108,108,42639,0,0,0,0,0
2020-07-04,US,Missouri,Caldwell,13,0,0,39.65620858,-93.98308093,29025.0,144.1241685144124,0.0,13,12,0,0,12,11,9108,1,0,0,1,1
2020-07-04,US,Missouri,Callaway,56,1,0,38.83674754,-91.92186505,29027.0,125.15924278658116,1.7857142857142858,55,55,1,0,54,51,44889,1,0,0,1,4
2020-07-04,US,Missouri,Camden,69,1,0,38.02199522,-92.76083747,29029.0,149.01198574667958,1.4492753623188406,68,66,1,0,65,67,45815,3,0,0,3,-1
2020-07-04,US,Missouri,Cape Girardeau,210,3,0,37.38489388,-89.6843587,29031.0,266.25755981285903,1.4285714285714286,207,193,3,0,190,182,78753,17,0,0,17,11
2020-07-04,US,Missouri,Carroll,16,0,0,39.42762566,-93.50626255,29033.0,184.35303606406268,0.0,16,14,0,0,14,12,8743,2,0,0,2,2
2020-07-04,US,Missouri,Carter,6,1,0,36.94160441,-90.96051322,29035.0,100.30090270812435,16.666666666666668,5,6,1,0,5,6,6054,0,0,0,0,0
2020-07-04,US,Missouri,Cass,159,8,0,38.64789422,-94.353399,29037.0,150.3119682359614,5.031446540880503,151,152,8,0,144,141,104954,7,0,0,7,11
2020-07-04,US,Missouri,Cedar,11,0,0,37.72391475,-93.85445441,29039.0,76.66039445257509,0.0,11,11,0,0,11,9,14165,0,0,0,0,2
2020-07-04,US,Missouri,Chariton,6,0,0,39.51499357,-92.9629191,29041.0,80.79719903043363,0.0,6,6,0,0,6,6,7451,0,0,0,0,0
2020-07-04,US,Missouri,Christian,47,1,0,36.9711783,-93.18537118,29043.0,53.050397877984075,2.127659574468085,46,47,1,0,46,46,86983,0,0,0,0,1
2020-07-04,US,Missouri,Clark,2,0,0,40.41040752,-91.73661677,29045.0,29.424746211563924,0.0,2,2,0,0,2,2,6842,0,0,0,0,0
2020-07-04,US,Missouri,Clay,493,11,0,39.31132056,-94.41850862,29047.0,197.24102613343567,2.231237322515213,482,478,11,0,467,472,246365,15,0,0,15,6
2020-07-04,US,Missouri,Clinton,29,0,0,39.6013098,-94.40465394,29049.0,142.2475106685633,0.0,29,28,0,0,28,26,20470,1,0,0,1,2
2020-07-04,US,Missouri,Cole,82,2,0,38.50455671,-92.27860244,29051.0,106.84735161899799,2.4390243902439024,80,81,2,0,79,79,76796,1,0,0,1,2
2020-07-04,US,Missouri,Cooper,20,0,0,38.844478,-92.80896081,29053.0,112.93692472753969,0.0,20,20,0,0,20,16,17603,0,0,0,0,4
2020-07-04,US,Missouri,Crawford,16,0,0,37.97663738,-91.30528104,29055.0,66.88963210702342,0.0,16,15,0,0,15,13,23957,1,0,0,1,2
2020-07-04,US,Missouri,Dade,1,0,0,37.431814,-93.8503345,29057.0,13.225763787858751,0.0,1,1,0,0,1,1,7569,0,0,0,0,0
2020-07-04,US,Missouri,Dallas,14,1,0,37.6811355,-93.02127031,29059.0,82.94821661334281,7.142857142857142,13,14,1,0,13,14,16762,0,0,0,0,0
2020-07-04,US,Missouri,Daviess,9,0,0,39.96145298,-93.98519678,29061.0,108.7219135056777,0.0,9,9,0,0,9,9,8313,0,0,0,0,0
2020-07-04,US,Missouri,DeKalb,14,0,0,39.89201062,-94.40476508,29063.0,111.58045747987566,0.0,14,14,0,0,14,13,12630,0,0,0,0,1
2020-07-04,US,Missouri,Dent,4,0,0,37.60663134,-91.50790473,29065.0,25.685481281705517,0.0,4,4,0,0,4,4,15441,0,0,0,0,0
2020-07-04,US,Missouri,Douglas,6,0,0,36.9325593,-92.49905109,29067.0,45.50625711035267,0.0,6,6,0,0,6,6,13373,0,0,0,0,0
2020-07-04,US,Missouri,Dunklin,109,3,0,36.27167174,-90.09122243,29069.0,374.1718444268992,2.7522935779816518,106,108,3,0,105,106,29423,1,0,0,1,2
2020-07-04,US,Missouri,Franklin,217,18,0,38.41127108,-91.07522826,29071.0,208.72007463906812,8.294930875576037,199,217,18,0,199,213,103670,0,0,0,0,4
2020-07-04,US,Missouri,Gasconade,12,0,0,38.43947277,-91.50847147,29073.0,81.59934720522236,0.0,12,12,0,0,12,12,14705,0,0,0,0,0
2020-07-04,US,Missouri,Gentry,58,9,0,40.21097916,-94.40944419,29075.0,882.6662608430985,15.517241379310345,49,58,9,0,49,58,6628,0,0,0,0,0
2020-07-04,US,Missouri,Greene,317,8,0,37.2575872,-93.34230916,29077.0,108.15937984072936,2.5236593059936907,309,308,8,0,300,298,291923,9,0,0,9,10
2020-07-04,US,Missouri,Grundy,20,0,0,40.11406587,-93.56509276,29079.0,203.0456852791878,0.0,20,20,0,0,20,20,9914,0,0,0,0,0
2020-07-04,US,Missouri,Harrison,17,0,0,40.35570088,-93.99222144,29081.0,203.544061302682,0.0,17,17,0,0,17,14,8414,0,0,0,0,3
2020-07-04,US,Missouri,Henry,20,3,0,38.38482826,-93.79293734,29083.0,91.64222873900292,15.0,17,20,3,0,17,20,21792,0,0,0,0,0
2020-07-04,US,Missouri,Holt,1,0,0,40.09799248,-95.2163888,29087.0,22.71178741766977,0.0,1,1,0,0,1,1,4404,0,0,0,0,0
2020-07-04,US,Missouri,Howard,5,0,0,39.1435761,-92.69756691,29089.0,49.99500049995,0.0,5,5,0,0,5,5,10137,0,0,0,0,0
2020-07-04,US,Missouri,Howell,45,0,0,36.77383887,-91.88683935,29091.0,112.171897200688,0.0,45,45,0,0,45,41,40076,0,0,0,0,4
2020-07-04,US,Missouri,Iron,3,0,0,37.55487945,-90.7735296,29093.0,29.62962962962963,0.0,3,3,0,0,3,2,10177,0,0,0,0,1
2020-07-04,US,Missouri,Jackson,1318,40,0,39.01002188,-94.34724536,29095.0,187.47928553038287,3.0349013657056148,1278,1289,39,0,1250,1247,700307,29,1,0,28,42
2020-07-04,US,Missouri,Jasper,740,6,0,37.20351921,-94.34050458,29097.0,609.9169194250296,0.8108108108108109,734,661,5,0,656,620,120636,79,1,0,78,41
2020-07-04,US,Missouri,Jefferson,503,22,0,38.25926778,-90.53870896,29099.0,223.47510451792908,4.3737574552683895,481,496,22,0,474,488,224347,7,0,0,7,8
2020-07-04,US,Missouri,Johnson,161,0,0,38.74719601,-93.80691168,29101.0,297.8062224852946,0.0,161,151,0,0,151,141,53652,10,0,0,10,10
2020-07-04,US,Missouri,Kansas City,2641,31,0,39.0997,-94.5786,0.0,540.1447612502889,1.1737978038621737,2610,2601,31,0,2570,2497,491918,40,0,0,40,104
2020-07-04,US,Missouri,Knox,2,0,0,40.12699751,-92.14780832,29103.0,50.51780752715332,0.0,2,2,0,0,2,2,3947,0,0,0,0,0
2020-07-04,US,Missouri,Laclede,40,0,0,37.65896829,-92.5888493,29105.0,111.97267866640541,0.0,40,33,0,0,33,33,35713,7,0,0,7,0
2020-07-04,US,Missouri,Lafayette,92,2,0,39.06986886,-93.78076396,29107.0,281.27675186498715,2.1739130434782608,90,92,2,0,90,91,32598,0,0,0,0,1
2020-07-04,US,Missouri,Lawrence,41,1,0,37.10626634,-93.83293097,29109.0,106.89610220310259,2.4390243902439024,40,41,1,0,40,37,38359,0,0,0,0,4
2020-07-04,US,Missouri,Lewis,7,1,0,40.09673161,-91.72070156,29111.0,71.6039279869067,14.285714285714285,6,7,1,0,6,7,9855,0,0,0,0,0
2020-07-04,US,Missouri,Lincoln,98,1,0,39.05345619,-90.95588181,29113.0,166.06510429905276,1.020408163265306,97,98,1,0,97,99,57686,0,0,0,0,-1
2020-07-04,US,Missouri,Linn,18,1,0,39.87001769,-93.10704106,29115.0,151.00671140939596,5.5555555555555545,17,17,1,0,16,16,12037,1,0,0,1,1
2020-07-04,US,Missouri,Livingston,16,0,0,39.78110272,-93.54645978,29117.0,105.07650883299402,0.0,16,15,0,0,15,13,15146,1,0,0,1,2
2020-07-04,US,Missouri,Macon,8,0,0,39.83049768,-92.56453089,29121.0,52.920553019779064,0.0,8,8,0,0,8,8,15153,0,0,0,0,0
2020-07-04,US,Missouri,Madison,7,0,0,37.47865134,-90.3467143,29123.0,57.90866975512906,0.0,7,6,0,0,6,6,12188,1,0,0,1,0
2020-07-04,US,Missouri,Maries,6,0,0,38.16193985,-91.92249662,29125.0,68.98930665746809,0.0,6,6,0,0,6,6,8769,0,0,0,0,0
2020-07-04,US,Missouri,Marion,25,0,0,39.80601912,-91.62203062,29127.0,87.62705923589205,0.0,25,25,0,0,25,20,28592,0,0,0,0,5
2020-07-04,US,Missouri,McDonald,605,1,0,36.62869595,-94.34867205,29119.0,2649.209615974077,0.1652892561983471,604,598,1,0,597,572,23078,7,0,0,7,26
2020-07-04,US,Missouri,Mercer,6,0,0,40.42212303,-93.5682959,29129.0,165.8833287254631,0.0,6,6,0,0,6,6,3641,0,0,0,0,0
2020-07-04,US,Missouri,Miller,19,0,0,38.21450288,-92.42610898,29131.0,74.16370662399001,0.0,19,19,0,0,19,17,25336,0,0,0,0,2
2020-07-04,US,Missouri,Mississippi,91,0,0,36.82516239,-89.29505753,29133.0,690.4400606980272,0.0,91,91,0,0,91,91,13336,0,0,0,0,0
2020-07-04,US,Missouri,Moniteau,55,1,0,38.63571781,-92.57976951,29135.0,340.93726754277213,1.818181818181818,54,53,1,0,52,52,16121,2,0,0,2,1
2020-07-04,US,Missouri,Monroe,5,0,0,39.49593978,-92.00043978,29137.0,57.84359093012494,0.0,5,5,0,0,5,5,8664,0,0,0,0,0
2020-07-04,US,Missouri,Montgomery,20,0,0,38.94022054,-91.47000721,29139.0,173.1451822353043,0.0,20,20,0,0,20,20,11534,0,0,0,0,0
2020-07-04,US,Missouri,Morgan,19,0,0,38.4181765,-92.88791859,29141.0,92.11228002133127,0.0,19,15,0,0,15,14,20358,4,0,0,4,1
2020-07-04,US,Missouri,New Madrid,44,1,0,36.59666326,-89.66070007,29143.0,257.6715858514874,2.272727272727273,43,44,1,0,43,43,17296,0,0,0,0,1
2020-07-04,US,Missouri,Newton,457,2,0,36.90519407,-94.3394104,29145.0,784.7379627721684,0.43763676148796504,455,451,2,0,449,448,58266,6,0,0,6,3
2020-07-04,US,Missouri,Nodaway,23,0,0,40.36079813,-94.88133008,29147.0,104.11008509867823,0.0,23,22,0,0,22,21,22304,1,0,0,1,1
2020-07-04,US,Missouri,Oregon,8,0,0,36.68710164,-91.4033755,29149.0,75.98062494064014,0.0,8,7,0,0,7,7,10541,1,0,0,1,0
2020-07-04,US,Missouri,Osage,9,0,0,38.46036182,-91.8613635,29151.0,66.10356224752111,0.0,9,7,0,0,7,7,13714,2,0,0,2,0
2020-07-04,US,Missouri,Ozark,2,0,0,36.64916339,-92.44459066,29153.0,21.80074122520166,0.0,2,2,0,0,2,2,9017,0,0,0,0,0
2020-07-04,US,Missouri,Pemiscot,111,6,0,36.2130572,-89.78742322,29155.0,702.3093957608353,5.405405405405406,105,111,6,0,105,111,16272,0,0,0,0,0
2020-07-04,US,Missouri,Perry,149,0,0,37.70660776,-89.82741088,29157.0,778.6371237458194,0.0,149,149,0,0,149,147,19150,0,0,0,0,2
2020-07-04,US,Missouri,Pettis,128,1,0,38.72798918,-93.28471706,29159.0,302.3217364604738,0.78125,127,125,1,0,124,122,42542,3,0,0,3,3
2020-07-04,US,Missouri,Phelps,45,0,0,37.87736118,-91.79351727,29161.0,100.95797904561056,0.0,45,45,0,0,45,44,44732,0,0,0,0,1
2020-07-04,US,Missouri,Pike,36,1,0,39.34310674,-91.16980779,29163.0,196.69981422795325,2.7777777777777777,35,36,1,0,35,36,18504,0,0,0,0,0
2020-07-04,US,Missouri,Platte,130,6,0,39.38154439,-94.77068479,29165.0,124.4996073473922,4.615384615384615,124,124,6,0,118,121,102985,6,0,0,6,3
2020-07-04,US,Missouri,Polk,15,0,0,37.6162296,-93.39828174,29167.0,46.65774985225046,0.0,15,15,0,0,15,16,32201,0,0,0,0,-1
2020-07-04,US,Missouri,Pulaski,128,1,0,37.82462075,-92.20783203,29169.0,243.3136274640257,0.78125,127,127,1,0,126,128,52014,1,0,0,1,-1
2020-07-04,US,Missouri,Putnam,3,0,0,40.47942497,-93.02042674,29171.0,63.884156729131185,0.0,3,3,0,0,3,3,4757,0,0,0,0,0
2020-07-04,US,Missouri,Ralls,10,0,0,39.52817427,-91.51838643,29173.0,97.00261907071491,0.0,10,10,0,0,10,10,10212,0,0,0,0,0
2020-07-04,US,Missouri,Randolph,12,0,0,39.44007257,-92.4971374,29175.0,48.48876676903184,0.0,12,12,0,0,12,12,24763,0,0,0,0,0
2020-07-04,US,Missouri,Ray,27,0,0,39.3537468,-93.98905745,29177.0,117.29950473542445,0.0,27,27,0,0,27,26,22883,0,0,0,0,1
2020-07-04,US,Missouri,Reynolds,2,0,0,37.36085952,-90.97009925,29179.0,31.89792663476873,0.0,2,2,0,0,2,2,6254,0,0,0,0,0
2020-07-04,US,Missouri,Ripley,19,0,0,36.65460667,-90.85990261,29181.0,142.98615291992775,0.0,19,19,0,0,19,19,13401,0,0,0,0,0
2020-07-04,US,Missouri,Saline,284,4,0,39.13734288,-93.20259964,29195.0,1247.7483414612716,1.4084507042253518,280,284,4,0,280,282,22895,0,0,0,0,2
2020-07-04,US,Missouri,Schuyler,5,0,0,40.46921489,-92.52311943,29197.0,107.2961373390558,0.0,5,5,0,0,5,5,4599,0,0,0,0,0
2020-07-04,US,Missouri,Scotland,11,1,0,40.45214695,-92.14709064,29199.0,224.3982048143615,9.090909090909092,10,11,1,0,10,11,4966,0,0,0,0,0
2020-07-04,US,Missouri,Scott,173,11,0,37.05588075,-89.56474493,29201.0,451.9331243469175,6.3583815028901745,162,172,11,0,161,170,38458,1,0,0,1,2
2020-07-04,US,Missouri,Shannon,17,0,0,37.15772072,-91.40190382,29203.0,208.1802596130296,0.0,17,13,0,0,13,11,8189,4,0,0,4,2
2020-07-04,US,Missouri,Shelby,4,0,0,39.79742518,-92.07634971,29205.0,67.45362563237774,0.0,4,4,0,0,4,4,6050,0,0,0,0,0
2020-07-04,US,Missouri,St. Charles,1117,74,0,38.77875681,-90.66662425,29183.0,277.84549104277875,6.624888093106535,1043,1102,74,0,1028,1082,399182,15,0,0,15,20
2020-07-04,US,Missouri,St. Clair,2,0,0,38.03699437,-93.77631447,29185.0,21.283388315419813,0.0,2,2,0,0,2,2,9395,0,0,0,0,0
2020-07-04,US,Missouri,St. Francois,151,2,0,37.81214171,-90.47598685,29187.0,224.65223536412998,1.3245033112582782,149,151,2,0,149,151,66692,0,0,0,0,0
2020-07-04,US,Missouri,St. Louis,6837,584,0,38.63770039999999,-90.4458375,29189.0,687.6851353594078,8.541758081029691,6253,6755,583,0,6172,6682,996945,82,1,0,81,73
2020-07-04,US,Missouri,St. Louis City,2580,158,0,38.63555736,-90.24349225,29510.0,858.3519642286809,6.124031007751937,2422,2565,158,0,2407,2545,302838,15,0,0,15,20
2020-07-04,US,Missouri,Ste. Genevieve,20,1,0,37.89090059,-90.1949941,29186.0,111.76930814798256,5.0,19,20,1,0,19,20,17888,0,0,0,0,0
2020-07-04,US,Missouri,Stoddard,142,8,0,36.85571651,-89.9444155,29207.0,489.2334194659777,5.633802816901407,134,141,8,0,133,137,29206,1,0,0,1,4
2020-07-04,US,Missouri,Stone,20,0,0,36.75000327,-93.45256475,29209.0,62.59389083625439,0.0,20,20,0,0,20,16,31749,0,0,0,0,4
2020-07-04,US,Missouri,Sullivan,115,0,0,40.2099105,-93.11150106,29211.0,1888.6516669403845,0.0,115,115,0,0,115,112,6221,0,0,0,0,3
2020-07-04,US,Missouri,Taney,83,2,0,36.65465345,-93.04075153,29213.0,148.40509226147904,2.409638554216868,81,74,2,0,72,67,55852,9,0,0,9,7
2020-07-04,US,Missouri,Texas,6,0,0,37.31728859,-91.96564727,29215.0,23.623907394283012,0.0,6,6,0,0,6,6,25571,0,0,0,0,0
2020-07-04,US,Missouri,Vernon,27,1,0,37.8457799,-94.34127305,29217.0,131.30379808393718,3.703703703703704,26,26,1,0,25,17,20528,1,0,0,1,9
2020-07-04,US,Missouri,Warren,48,0,0,38.76529479,-91.16124662,29219.0,134.64613313136414,0.0,48,45,0,0,45,44,34711,3,0,0,3,1
2020-07-04,US,Missouri,Washington,25,1,0,37.96130078,-90.87948158,29221.0,101.09179134654266,4.0,24,25,1,0,24,23,24943,0,0,0,0,2
2020-07-04,US,Missouri,Wayne,4,0,0,37.11303869,-90.46001416,29223.0,31.072788005903824,0.0,4,4,0,0,4,4,13122,0,0,0,0,0
2020-07-04,US,Missouri,Webster,39,1,0,37.2813734,-92.876329,29225.0,98.50474843402708,2.5641025641025643,38,39,1,0,38,35,39109,0,0,0,0,4
2020-07-04,US,Missouri,Worth,4,0,0,40.47945588,-94.42328751,29227.0,198.7083954297069,0.0,4,4,0,0,4,4,2040,0,0,0,0,0
2020-07-04,US,Missouri,Wright,22,0,0,37.27029221,-92.46914488,29229.0,120.29088523155994,0.0,22,20,0,0,20,15,18378,2,0,0,2,5
2020-07-04,US,Montana,Beaverhead,1,0,0,45.13434354,-112.89846940000001,30001.0,10.578652279699568,0.0,1,1,0,0,1,1,9404,0,0,0,0,0
2020-07-04,US,Montana,Big Horn,86,4,0,45.42335905,-107.492347,30003.0,645.6941211802688,4.651162790697675,82,86,4,0,82,82,13338,0,0,0,0,4
2020-07-04,US,Montana,Broadwater,5,0,0,46.33277565,-111.49558130000001,30007.0,80.1667468334135,0.0,5,5,0,0,5,5,6085,0,0,0,0,0
2020-07-04,US,Montana,Carbon,27,0,0,45.22850116,-109.0274047,30009.0,251.74825174825176,0.0,27,26,0,0,26,26,10714,1,0,0,1,0
2020-07-04,US,Montana,Cascade,34,2,0,47.30797024,-111.3467922,30013.0,41.78649558783767,5.882352941176472,32,34,2,0,32,34,81643,0,0,0,0,0
2020-07-04,US,Montana,Custer,30,0,0,46.25319932,-105.57375259999998,30017.0,263.11173478337133,0.0,30,30,0,0,30,30,11586,0,0,0,0,0
2020-07-04,US,Montana,Dawson,8,0,0,47.26584855,-104.89444170000002,30021.0,92.88285150354116,0.0,8,8,0,0,8,8,8680,0,0,0,0,0
2020-07-04,US,Montana,Deer Lodge,4,0,0,46.05953325,-113.073353,30023.0,43.7636761487965,0.0,4,4,0,0,4,4,9131,0,0,0,0,0
2020-07-04,US,Montana,Fergus,2,0,0,47.26331584,-109.2245206,30027.0,18.099547511312217,0.0,2,2,0,0,2,2,11113,0,0,0,0,0
2020-07-04,US,Montana,Flathead,63,2,0,48.29575866,-114.05205690000001,30029.0,60.69013351829374,3.1746031746031744,61,62,2,0,60,62,102106,1,0,0,1,0
2020-07-04,US,Montana,Gallatin,287,1,0,45.54486106,-111.1692571,30031.0,250.79958753517312,0.3484320557491289,286,282,1,0,281,277,111876,5,0,0,5,5
2020-07-04,US,Montana,Glacier,22,0,0,48.70513576,-112.9934235,30035.0,159.9650985239584,0.0,22,22,0,0,22,22,13747,0,0,0,0,0
2020-07-04,US,Montana,Golden Valley,3,0,0,46.3816474,-109.17685220000001,30037.0,365.4080389768576,0.0,3,3,0,0,3,3,826,0,0,0,0,0
2020-07-04,US,Montana,Granite,4,0,0,46.40605220000001,-113.4414186,30039.0,118.37821840781295,0.0,4,4,0,0,4,4,3378,0,0,0,0,0
2020-07-04,US,Montana,Hill,1,0,0,48.62879827,-110.1129252,30041.0,6.066488716330987,0.0,1,1,0,0,1,1,16347,0,0,0,0,0
2020-07-04,US,Montana,Jefferson,3,0,0,46.14907081,-112.094396,30043.0,24.547909336388184,0.0,3,3,0,0,3,3,12097,0,0,0,0,0
2020-07-04,US,Montana,Lake,19,0,0,47.64514965,-114.0898013,30047.0,62.38098364961586,0.0,19,18,0,0,18,18,30250,1,0,0,1,0
2020-07-04,US,Montana,Lewis and Clark,31,0,0,47.12610041,-112.39469799999999,30049.0,44.64800092176518,0.0,31,30,0,0,30,29,68700,1,0,0,1,1
2020-07-04,US,Montana,Liberty,1,0,0,48.56084317,-111.02430700000001,30051.0,42.78990158322636,0.0,1,1,0,0,1,1,2430,0,0,0,0,0
2020-07-04,US,Montana,Lincoln,9,1,0,48.54265777,-115.4046155,30053.0,45.04504504504504,11.111111111111109,8,8,1,0,7,8,19794,1,0,0,1,0
2020-07-04,US,Montana,Madison,15,1,0,45.30080065,-111.9173017,30057.0,174.4186046511628,6.666666666666668,14,13,1,0,12,11,8768,2,0,0,2,2
2020-07-04,US,Montana,Meagher,2,0,0,46.59907074,-110.8898557,30059.0,107.41138560687432,0.0,2,2,0,0,2,2,1866,0,0,0,0,0
2020-07-04,US,Montana,Missoula,106,1,0,47.03728583,-113.92135079999998,30063.0,88.62876254180603,0.9433962264150944,105,105,1,0,104,99,118791,1,0,0,1,6
2020-07-04,US,Montana,Musselshell,1,0,0,46.49684637,-108.39498,30065.0,21.58428663932657,0.0,1,1,0,0,1,1,4651,0,0,0,0,0
2020-07-04,US,Montana,Park,13,0,0,45.48965095,-110.52643940000002,30067.0,78.28495724436952,0.0,13,12,0,0,12,12,16736,1,0,0,1,0
2020-07-04,US,Montana,Pondera,2,0,0,48.22773388,-112.22527029999999,30073.0,33.83522246658772,0.0,2,3,0,0,3,2,5972,-1,0,0,-1,1
2020-07-04,US,Montana,Ravalli,33,0,0,46.08520862,-114.11891640000002,30081.0,75.3321462813313,0.0,33,33,0,0,33,31,43172,0,0,0,0,2
2020-07-04,US,Montana,Richland,19,0,0,47.78668011,-104.5610786,30083.0,175.87707118393035,0.0,19,18,0,0,18,18,10913,1,0,0,1,0
2020-07-04,US,Montana,Roosevelt,7,0,0,48.29607488,-105.00792679999999,30085.0,63.613231552162844,0.0,7,7,0,0,7,7,11059,0,0,0,0,0
2020-07-04,US,Montana,Rosebud,10,1,0,46.23397237,-106.72928799999998,30087.0,111.89437171310284,10.0,9,10,1,0,9,10,9063,0,0,0,0,0
2020-07-04,US,Montana,Sheridan,1,0,0,48.72085833,-104.50382900000001,30091.0,30.22061045633122,0.0,1,1,0,0,1,,3424,0,0,0,0,
2020-07-04,US,Montana,Silver Bow,19,0,0,45.90018933,-112.6620092,30093.0,54.417871974795936,0.0,19,18,0,0,18,18,34993,1,0,0,1,0
2020-07-04,US,Montana,Stillwater,6,0,0,45.67071407,-109.3950061,30095.0,62.22775357809583,0.0,6,6,0,0,6,6,9534,0,0,0,0,0
2020-07-04,US,Montana,Teton,10,0,0,47.83741052,-112.24106880000001,30099.0,162.68098259313487,0.0,10,5,0,0,5,5,6162,5,0,0,5,0
2020-07-04,US,Montana,Toole,31,6,0,48.65577551,-111.69424140000001,30101.0,654.5608108108107,19.354838709677423,25,31,6,0,25,31,4853,0,0,0,0,0
2020-07-04,US,Montana,Treasure,2,0,0,46.20973220000001,-107.26665159999999,30103.0,287.3563218390805,0.0,2,2,0,0,2,2,679,0,0,0,0,0
2020-07-04,US,Montana,Valley,4,0,0,48.36435097,-106.6669635,30105.0,54.08328826392645,0.0,4,4,0,0,4,4,7437,0,0,0,0,0
2020-07-04,US,Montana,Wheatland,1,0,0,46.46652491,-109.84646359999999,30107.0,47.036688617121364,0.0,1,1,0,0,1,1,2236,0,0,0,0,0
2020-07-04,US,Montana,Yellowstone,245,4,0,45.93955949,-108.26914860000001,30111.0,151.8908865468072,1.6326530612244898,241,226,4,0,222,203,160137,19,0,0,19,23
2020-07-04,US,Nebraska,Adams,299,11,0,40.52449420000001,-98.50117804,31001.0,953.352676720977,3.6789297658862883,288,298,11,0,287,296,31511,1,0,0,1,2
2020-07-04,US,Nebraska,Antelope,9,1,0,42.17695516,-98.06662829999999,31003.0,142.9025087329311,11.111111111111109,8,9,1,0,8,9,6336,0,0,0,0,0
2020-07-04,US,Nebraska,Banner,2,0,0,41.54634427,-103.7114332,31007.0,268.4563758389262,0.0,2,2,0,0,2,1,730,0,0,0,0,1
2020-07-04,US,Nebraska,Boone,7,0,0,41.70759415,-98.06737183,31011.0,134.82280431432974,0.0,7,7,0,0,7,7,5239,0,0,0,0,0
2020-07-04,US,Nebraska,Box Butte,3,0,0,42.22079243,-103.08788340000001,31013.0,27.82157099137532,0.0,3,3,0,0,3,3,10772,0,0,0,0,0
2020-07-04,US,Nebraska,Boyd,1,0,0,42.899727399999996,-98.76486568,31015.0,52.110474205315285,0.0,1,1,0,0,1,1,1955,0,0,0,0,0
2020-07-04,US,Nebraska,Buffalo,195,1,0,40.85486962,-99.07500296,31019.0,392.67806439920264,0.5128205128205128,194,192,1,0,191,187,49615,3,0,0,3,5
2020-07-04,US,Nebraska,Burt,14,0,0,41.85056773,-96.32605633,31021.0,216.75181916705367,0.0,14,14,0,0,14,14,6488,0,0,0,0,0
2020-07-04,US,Nebraska,Butler,51,0,0,41.22703692,-97.13106306,31023.0,636.2275449101796,0.0,51,51,0,0,51,51,8058,0,0,0,0,0
2020-07-04,US,Nebraska,Cass,71,1,0,40.90899107,-96.13971217,31025.0,270.4967997561719,1.4084507042253518,70,70,1,0,69,68,26159,1,0,0,1,2
2020-07-04,US,Nebraska,Cedar,17,0,0,42.598885100000004,-97.25311951,31027.0,202.33277791002143,0.0,17,17,0,0,17,17,8446,0,0,0,0,0
2020-07-04,US,Nebraska,Chase,1,0,0,40.523719799999995,-101.69780259999999,31029.0,25.4841997961264,0.0,1,1,0,0,1,1,3977,0,0,0,0,0
2020-07-04,US,Nebraska,Cherry,2,0,0,42.54502621,-101.1244332,31031.0,35.15556336790297,0.0,2,2,0,0,2,2,5761,0,0,0,0,0
2020-07-04,US,Nebraska,Cheyenne,19,0,0,41.21999357,-102.9941693,31033.0,213.2435465768799,0.0,19,19,0,0,19,19,9310,0,0,0,0,0
2020-07-04,US,Nebraska,Clay,27,0,0,40.52439441,-98.05126296,31035.0,435.2732548766726,0.0,27,27,0,0,27,27,6214,0,0,0,0,0
2020-07-04,US,Nebraska,Colfax,669,4,0,41.57486951,-97.0868542,31037.0,6247.081893734242,0.5979073243647235,665,668,4,0,664,670,10881,1,0,0,1,-2
2020-07-04,US,Nebraska,Cuming,36,1,0,41.91637624,-96.78730772,31039.0,406.9635993669455,2.7777777777777777,35,36,1,0,35,35,8940,0,0,0,0,1
2020-07-04,US,Nebraska,Custer,40,4,0,41.39374521,-99.72805369,31041.0,371.16080541894775,10.0,36,40,4,0,36,40,10840,0,0,0,0,0
2020-07-04,US,Nebraska,Dakota,1774,37,0,42.39040144,-96.56656425,31043.0,8858.483970837911,2.0856820744081173,1737,1772,37,0,1735,1765,20083,2,0,0,2,7
2020-07-04,US,Nebraska,Dawes,5,0,0,42.71985036,-103.1313774,31045.0,58.21399464431249,0.0,5,5,0,0,5,4,8716,0,0,0,0,1
2020-07-04,US,Nebraska,Dawson,861,8,0,40.87028216,-99.82014609999999,31047.0,3649.07819453274,0.9291521486643438,853,861,8,0,853,860,23709,0,0,0,0,1
2020-07-04,US,Nebraska,Dixon,50,2,0,42.49188363,-96.86782408,31051.0,887.1540099361249,4.0,48,50,2,0,48,49,5709,0,0,0,0,1
2020-07-04,US,Nebraska,Dodge,693,8,0,41.58071748,-96.65598179,31053.0,1895.255025297416,1.1544011544011543,685,690,8,0,682,689,36791,3,0,0,3,1
2020-07-04,US,Nebraska,Douglas,7392,96,0,41.29518299,-96.15085305,31055.0,1293.8299782786391,1.2987012987012987,7296,7312,96,0,7216,7200,566880,80,0,0,80,112
2020-07-04,US,Nebraska,Fillmore,14,1,0,40.52458567,-97.59646937,31059.0,256.31636763090444,7.142857142857142,13,14,1,0,13,14,5527,0,0,0,0,0
2020-07-04,US,Nebraska,Franklin,7,0,0,40.17636348,-98.95299073,31061.0,234.97818059751597,0.0,7,7,0,0,7,7,3023,0,0,0,0,0
2020-07-04,US,Nebraska,Frontier,1,0,0,40.52993007,-100.3924658,31063.0,38.06623524933384,0.0,1,1,0,0,1,1,2608,0,0,0,0,0
2020-07-04,US,Nebraska,Furnas,10,1,0,40.17642064,-99.91247454,31065.0,213.85799828913602,10.0,9,10,1,0,9,10,4715,0,0,0,0,0
2020-07-04,US,Nebraska,Gage,56,4,0,40.26186809,-96.68946704,31067.0,260.3077209129364,7.142857142857142,52,55,4,0,51,54,21493,1,0,0,1,1
2020-07-04,US,Nebraska,Garden,4,0,0,41.61703149,-102.3313973,31069.0,217.74632553075668,0.0,4,4,0,0,4,4,1897,0,0,0,0,0
2020-07-04,US,Nebraska,Garfield,1,0,0,41.91428955,-98.99111827,31071.0,50.787201625190455,0.0,1,1,0,0,1,1,1987,0,0,0,0,0
2020-07-04,US,Nebraska,Gosper,13,0,0,40.51481965,-99.83020279,31073.0,653.2663316582915,0.0,13,13,0,0,13,13,1996,0,0,0,0,0
2020-07-04,US,Nebraska,Greeley,3,0,0,41.56742671,-98.52150266,31077.0,127.33446519524618,0.0,3,3,0,0,3,3,2356,0,0,0,0,0
2020-07-04,US,Nebraska,Hall,1599,47,0,40.87257079,-98.50218293,31079.0,2606.229524228644,2.939337085678549,1552,1597,47,0,1550,1595,61607,2,0,0,2,2
2020-07-04,US,Nebraska,Hamilton,64,12,0,40.87349452,-98.02099117,31081.0,686.4006864006864,18.75,52,64,12,0,52,64,9280,0,0,0,0,0
2020-07-04,US,Nebraska,Harlan,1,0,0,40.17658508,-99.40438879,31083.0,29.58579881656805,0.0,1,1,0,0,1,1,3401,0,0,0,0,0
2020-07-04,US,Nebraska,Hitchcock,1,0,0,40.17609175,-101.04164770000001,31087.0,36.205648081100655,0.0,1,1,0,0,1,1,2806,0,0,0,0,0
2020-07-04,US,Nebraska,Holt,3,0,0,42.45522056,-98.78402558,31089.0,29.800337737161023,0.0,3,3,0,0,3,3,10178,0,0,0,0,0
2020-07-04,US,Nebraska,Hooker,1,0,0,41.91586243,-101.1354293,31091.0,146.6275659824047,0.0,1,1,0,0,1,1,682,0,0,0,0,0
2020-07-04,US,Nebraska,Howard,46,4,0,41.2200529,-98.5166499,31093.0,713.7315748642359,8.695652173913043,42,46,4,0,42,46,6468,0,0,0,0,0
2020-07-04,US,Nebraska,Jefferson,10,0,0,40.17584531,-97.142601,31095.0,141.92449616803862,0.0,10,10,0,0,10,10,7097,0,0,0,0,0
2020-07-04,US,Nebraska,Johnson,7,0,0,40.39257596,-96.26522753,31097.0,138.03983435219877,0.0,7,7,0,0,7,7,5134,0,0,0,0,0
2020-07-04,US,Nebraska,Kearney,16,0,0,40.50663314,-98.94877182,31099.0,246.3433410315628,0.0,16,15,0,0,15,15,6544,1,0,0,1,0
2020-07-04,US,Nebraska,Keith,4,0,0,41.19930341,-101.66201640000001,31101.0,49.78839930296241,0.0,4,4,0,0,4,4,8021,0,0,0,0,0
2020-07-04,US,Nebraska,Kimball,11,0,0,41.19774275,-103.7148131,31105.0,302.86343612334804,0.0,11,11,0,0,11,10,3618,0,0,0,0,1
2020-07-04,US,Nebraska,Knox,22,0,0,42.63758421,-97.89178836,31107.0,264.04224675948154,0.0,22,21,0,0,21,21,8419,1,0,0,1,0
2020-07-04,US,Nebraska,Lancaster,1827,12,0,40.78416049,-96.68777155,31109.0,572.5657338055095,0.6568144499178982,1815,1787,12,0,1775,1756,317272,40,0,0,40,31
2020-07-04,US,Nebraska,Lincoln,58,2,0,41.04658298,-100.74753740000001,31111.0,166.1224723606576,3.4482758620689653,56,58,2,0,56,58,35185,0,0,0,0,0
2020-07-04,US,Nebraska,Madison,371,4,0,41.91676024,-97.6005481,31119.0,1057.0101712299497,1.0781671159029649,367,370,4,0,366,367,35392,1,0,0,1,3
2020-07-04,US,Nebraska,Merrick,39,0,0,41.16624273,-98.0374887,31121.0,502.9013539651838,0.0,39,39,0,0,39,39,7733,0,0,0,0,0
2020-07-04,US,Nebraska,Morrill,46,0,0,41.71711774,-103.0061405,31123.0,990.952175786299,0.0,46,46,0,0,46,44,4686,0,0,0,0,2
2020-07-04,US,Nebraska,Nance,4,0,0,41.39750195,-97.99327291,31125.0,113.66865586814436,0.0,4,4,0,0,4,4,3532,0,0,0,0,0
2020-07-04,US,Nebraska,Nemaha,6,0,0,40.38514847,-95.85433992,31127.0,86.05851979345955,0.0,6,6,0,0,6,6,6958,0,0,0,0,0
2020-07-04,US,Nebraska,Nuckolls,2,0,0,40.17637905,-98.04743961,31129.0,48.21600771456124,0.0,2,2,0,0,2,2,4195,0,0,0,0,0
2020-07-04,US,Nebraska,Otoe,25,0,0,40.64843556,-96.13374142,31131.0,156.13290032475643,0.0,25,25,0,0,25,25,15985,0,0,0,0,0
2020-07-04,US,Nebraska,Perkins,1,0,0,40.85082525,-101.6502942,31135.0,34.59010722933241,0.0,1,,,,,,2929,,,,,
2020-07-04,US,Nebraska,Phelps,26,0,0,40.51156033,-99.41461667,31137.0,287.8016382554793,0.0,26,26,0,0,26,26,8996,0,0,0,0,0
2020-07-04,US,Nebraska,Pierce,9,0,0,42.26434853,-97.60122773,31139.0,125.90934527140459,0.0,9,9,0,0,9,8,7142,0,0,0,0,1
2020-07-04,US,Nebraska,Platte,670,3,0,41.57246836,-97.52144359,31141.0,2001.7926501344489,0.4477611940298508,667,669,3,0,666,665,33363,1,0,0,1,4
2020-07-04,US,Nebraska,Polk,13,0,0,41.18813488,-97.56630712,31143.0,249.37655860349128,0.0,13,12,0,0,12,12,5278,1,0,0,1,0
2020-07-04,US,Nebraska,Red Willow,6,0,0,40.17556879999999,-100.476998,31145.0,55.949272659455424,0.0,6,6,0,0,6,6,10726,0,0,0,0,0
2020-07-04,US,Nebraska,Richardson,5,1,0,40.1247415,-95.71755036,31147.0,63.57279084551812,20.0,4,5,1,0,4,5,7937,0,0,0,0,0
2020-07-04,US,Nebraska,Rock,2,0,0,42.42252217,-99.44832069,31149.0,147.38393515106853,0.0,2,2,0,0,2,1,1360,0,0,0,0,1
2020-07-04,US,Nebraska,Saline,540,2,0,40.52418865,-97.14085859,31151.0,3796.400449943757,0.3703703703703704,538,540,2,0,538,536,14350,0,0,0,0,4
2020-07-04,US,Nebraska,Sarpy,1230,8,0,41.11314181,-96.11156432,31153.0,657.0653219085877,0.6504065040650406,1222,1212,8,0,1204,1192,184459,18,0,0,18,20
2020-07-04,US,Nebraska,Saunders,79,2,0,41.227810299999994,-96.63773905,31155.0,366.11363425711374,2.5316455696202533,77,79,2,0,77,79,21303,0,0,0,0,0
2020-07-04,US,Nebraska,Scotts Bluff,224,3,0,41.85070896,-103.70809859999999,31157.0,628.8955022741311,1.3392857142857142,221,224,3,0,221,216,35989,0,0,0,0,8
2020-07-04,US,Nebraska,Seward,39,1,0,40.87241834,-97.139673,31159.0,225.6422124508216,2.5641025641025643,38,37,1,0,36,36,17318,2,0,0,2,1
2020-07-04,US,Nebraska,Sheridan,8,0,0,42.50284406,-102.4126613,31161.0,152.49714067861228,0.0,8,8,0,0,8,5,5190,0,0,0,0,3
2020-07-04,US,Nebraska,Sherman,5,0,0,41.22045983,-98.97588642,31163.0,166.61112962345885,0.0,5,5,0,0,5,5,3038,0,0,0,0,0
2020-07-04,US,Nebraska,Sioux,6,0,0,42.48932059,-103.7576544,31165.0,514.5797598627787,0.0,6,6,0,0,6,6,1187,0,0,0,0,0
2020-07-04,US,Nebraska,Stanton,21,0,0,41.9169835,-97.19394708,31167.0,354.72972972972974,0.0,21,21,0,0,21,21,5970,0,0,0,0,0
2020-07-04,US,Nebraska,Thayer,1,0,0,40.17626377,-97.59504381,31169.0,19.98800719568259,0.0,1,1,0,0,1,1,5039,0,0,0,0,0
2020-07-04,US,Nebraska,Thomas,1,0,0,41.91358968,-100.5556632,31171.0,138.50415512465375,0.0,1,1,0,0,1,1,720,0,0,0,0,0
2020-07-04,US,Nebraska,Thurston,127,1,0,42.15725356,-96.54157099,31173.0,1758.0287929125138,0.7874015748031497,126,126,1,0,125,126,7303,1,0,0,1,0
2020-07-04,US,Nebraska,Unassigned,166,1,0,0.0,0.0,90031.0,0.0,0.6024096385542169,165,160,1,0,159,166,,6,0,0,6,-6
2020-07-04,US,Nebraska,Valley,8,0,0,41.56730777,-98.98197724,31175.0,192.40019240019242,0.0,8,8,0,0,8,8,4190,0,0,0,0,0
2020-07-04,US,Nebraska,Washington,50,1,0,41.52815707,-96.22019892,31177.0,241.20796951131263,2.0,49,50,1,0,49,51,20667,0,0,0,0,-1
2020-07-04,US,Nebraska,Wayne,28,0,0,42.20934475,-97.11926964,31179.0,298.3484283431007,0.0,28,28,0,0,28,28,9403,0,0,0,0,0
2020-07-04,US,Nebraska,Webster,7,0,0,40.17642643,-98.50019851,31181.0,200.7456266131345,0.0,7,7,0,0,7,7,3533,0,0,0,0,0
2020-07-04,US,Nebraska,York,45,0,0,40.87272618,-97.59710186,31185.0,328.97141603918413,0.0,45,45,0,0,45,44,13772,0,0,0,0,1
2020-07-04,US,Nevada,Carson City,172,5,0,39.15509045,-119.7480219,32510.0,307.6042635381644,2.9069767441860463,167,167,5,0,162,161,55414,5,0,0,5,6
2020-07-04,US,Nevada,Churchill,16,1,0,39.58105744,-118.3394607,32001.0,64.23381107230318,6.25,15,14,1,0,13,13,24440,2,0,0,2,1
2020-07-04,US,Nevada,Clark,17707,435,0,36.21458855,-115.0130241,32003.0,781.1745190727553,2.456655559948043,17272,17028,435,0,16593,16180,2231647,679,0,0,679,848
2020-07-04,US,Nevada,Douglas,72,0,0,38.912862,-119.61713329999999,32005.0,147.2242102034557,0.0,72,70,0,0,70,70,48467,2,0,0,2,0
2020-07-04,US,Nevada,Elko,140,1,0,41.14531606,-115.3577619,32007.0,265.26204100193263,0.7142857142857143,139,135,1,0,134,129,52460,5,0,0,5,6
2020-07-04,US,Nevada,Eureka,1,0,0,39.98100864,-116.26832040000001,32011.0,49.28536224741252,0.0,1,1,0,0,1,1,2003,0,0,0,0,0
2020-07-04,US,Nevada,Humboldt,84,4,0,41.40692186,-118.11094270000001,32013.0,499.0790802685521,4.761904761904762,80,85,4,0,81,85,16786,-1,0,0,-1,0
2020-07-04,US,Nevada,Lander,38,0,0,39.933223299999995,-117.03970749999999,32015.0,686.9125090383225,0.0,38,35,0,0,35,35,5575,3,0,0,3,0
2020-07-04,US,Nevada,Lincoln,2,0,0,37.64268459,-114.8790388,32017.0,38.58769052672198,0.0,2,2,0,0,2,2,5201,0,0,0,0,0
2020-07-04,US,Nevada,Lyon,126,2,0,39.01777974,-119.18704790000001,32019.0,219.0923317683881,1.5873015873015872,124,123,2,0,121,121,55808,3,0,0,3,2
2020-07-04,US,Nevada,Mineral,5,0,0,38.53841696,-118.4344506,32021.0,110.98779134295229,0.0,5,5,0,0,5,5,4514,0,0,0,0,0
2020-07-04,US,Nevada,Nye,122,3,0,38.04264256,-116.47227020000001,32023.0,262.2358833265267,2.459016393442623,119,116,3,0,113,114,45346,6,0,0,6,2
2020-07-04,US,Nevada,Pershing,9,0,0,40.44003782,-118.40056409999998,32027.0,133.82899628252787,0.0,9,6,0,0,6,6,6666,3,0,0,3,0
2020-07-04,US,Nevada,Storey,2,0,0,39.44875482,-119.5250207,32029.0,48.508367693427104,0.0,2,2,0,0,2,2,4029,0,0,0,0,0
2020-07-04,US,Nevada,Washoe,3073,79,0,40.66562265,-119.6631594,32031.0,651.7234724369538,2.5707777416205664,2994,2923,77,0,2846,2804,465735,150,2,0,148,119
2020-07-04,US,Nevada,White Pine,6,0,0,39.44157041,-114.89996599999999,32033.0,62.63048016701461,0.0,6,6,0,0,6,5,9475,0,0,0,0,1
2020-07-04,US,New Hampshire,Belknap,82,1,0,43.51637314,-71.41684235,33001.0,133.7618061106308,1.2195121951219512,81,82,1,0,81,81,61022,0,0,0,0,1
2020-07-04,US,New Hampshire,Carroll,61,0,0,43.87498583,-71.20430216,33003.0,124.71887139644244,0.0,61,61,0,0,61,61,48779,0,0,0,0,0
2020-07-04,US,New Hampshire,Cheshire,72,2,0,42.92015988,-72.25311043,33005.0,94.6310047972662,2.7777777777777777,70,72,2,0,70,72,76493,0,0,0,0,0
2020-07-04,US,New Hampshire,Coos,7,0,0,44.69063265,-71.30633239,33007.0,22.177866489243737,0.0,7,7,0,0,7,7,31589,0,0,0,0,0
2020-07-04,US,New Hampshire,Grafton,87,1,0,43.93779815,-71.82057197,33009.0,96.78926640411188,1.1494252873563218,86,87,1,0,86,86,89786,0,0,0,0,1
2020-07-04,US,New Hampshire,Hillsborough,3322,253,0,42.91537785,-71.7200253,33011.0,796.594928361609,7.615894039735099,3069,3312,251,0,3061,3295,415247,10,2,0,8,17
2020-07-04,US,New Hampshire,Merrimack,418,18,0,43.29662971,-71.6811573,33013.0,276.1062414542476,4.30622009569378,400,417,18,0,399,414,151132,1,0,0,1,3
2020-07-04,US,New Hampshire,Rockingham,1492,90,0,42.98499744,-71.12883377,33015.0,481.64922894156615,6.032171581769438,1402,1489,89,0,1400,1479,309176,3,1,0,2,10
2020-07-04,US,New Hampshire,Strafford,295,13,0,43.291833000000004,-71.02336013,33017.0,225.8234902360047,4.40677966101695,282,294,13,0,281,292,130090,1,0,0,1,2
2020-07-04,US,New Hampshire,Sullivan,35,1,0,43.36094111,-72.22203125,33019.0,81.11991841653919,2.8571428571428568,34,34,1,0,33,34,43144,1,0,0,1,0
2020-07-04,US,New Hampshire,Unassigned,1,0,0,0.0,0.0,90033.0,0.0,0.0,1,2,0,0,2,1,,-1,0,0,-1,1
2020-07-04,US,New Jersey,Atlantic,2926,220,0,39.47538693,-74.65848483,34001.0,1109.7204839382562,7.518796992481202,2706,2924,220,0,2704,2898,265429,2,0,0,2,26
2020-07-04,US,New Jersey,Bergen,19562,2003,0,40.96010917,-74.07164325,34003.0,2098.4722195404,10.239239341580618,17559,19532,2000,0,17532,19474,936692,30,3,0,27,58
2020-07-04,US,New Jersey,Burlington,5243,433,0,39.87681124,-74.66927768,34005.0,1177.2789430311955,8.258630555025746,4810,5238,431,0,4807,5221,445384,5,2,0,3,17
2020-07-04,US,New Jersey,Camden,7434,518,0,39.80343818,-74.96388753,34007.0,1467.8036847124515,6.967984934086629,6916,7419,513,0,6906,7406,507078,15,5,0,10,13
2020-07-04,US,New Jersey,Cape May,715,74,0,39.15008829,-74.80170244,34009.0,776.8445984854246,10.34965034965035,641,714,74,0,640,713,92560,1,0,0,1,1
2020-07-04,US,New Jersey,Cumberland,3005,147,0,39.37199394,-75.10712559,34011.0,2009.6704942920007,4.891846921797005,2858,2998,147,0,2851,2991,150972,7,0,0,7,7
2020-07-04,US,New Jersey,Essex,18859,2038,0,40.78681335,-74.24657979,34013.0,2360.399261553866,10.806511479930007,16821,18842,2034,0,16808,18804,799767,17,4,0,13,38
2020-07-04,US,New Jersey,Gloucester,2630,187,0,39.71581067,-75.13995546,34015.0,901.8091045001303,7.110266159695818,2443,2619,187,0,2432,2610,291408,11,0,0,11,9
2020-07-04,US,New Jersey,Hudson,18945,1455,0,40.73766234,-74.07515667,34017.0,2817.5570464209068,7.68012668250198,17490,18913,1454,0,17459,18874,676061,32,1,0,31,39
2020-07-04,US,New Jersey,Hunterdon,1087,124,0,40.56335249,-74.91284156,34019.0,873.9979577232634,11.40754369825207,963,1085,124,0,961,1083,124714,2,0,0,2,2
2020-07-04,US,New Jersey,Mercer,7727,586,0,40.28047017,-74.70479631,34021.0,2102.985602699834,7.583797075190889,7141,7711,585,0,7126,7693,369811,16,1,0,15,18
2020-07-04,US,New Jersey,Middlesex,16901,1330,0,40.43629879,-74.41426991,34023.0,2048.4521163258028,7.869356842790368,15571,16884,1328,0,15556,16852,829685,17,2,0,15,32
2020-07-04,US,New Jersey,Monmouth,9272,820,0,40.26549699,-74.22240686,34025.0,1498.39607624496,8.843830888697152,8452,9248,817,0,8431,9211,621354,24,3,0,21,37
2020-07-04,US,New Jersey,Morris,6800,806,0,40.86095313,-74.54553709999998,34027.0,1382.54938039423,11.852941176470587,5994,6790,805,0,5985,6777,494228,10,1,0,9,13
2020-07-04,US,New Jersey,Ocean,9682,969,0,39.8895449,-74.28089251,34029.0,1594.5690447408206,10.008262755629005,8713,9666,967,0,8699,9631,601651,16,2,0,14,35
2020-07-04,US,New Jersey,Passaic,16941,1192,0,41.03238628,-74.29954144,34031.0,3375.8713179468573,7.036184404698661,15749,16927,1192,0,15735,16920,503310,14,0,0,14,7
2020-07-04,US,New Jersey,Salem,797,77,0,39.58719656,-75.34696629999998,34033.0,1277.550693275627,9.661229611041405,720,794,77,0,717,779,62607,3,0,0,3,15
2020-07-04,US,New Jersey,Somerset,4928,529,0,40.56465737,-74.61683016,34035.0,1498.1728857460764,10.73457792207792,4399,4919,529,0,4390,4912,331164,9,0,0,9,7
2020-07-04,US,New Jersey,Sussex,1210,193,0,41.13891592,-74.69118243,34037.0,861.2835259951027,15.950413223140496,1017,1199,193,0,1006,1198,140799,11,0,0,11,1
2020-07-04,US,New Jersey,Unassigned,679,0,0,0.0,0.0,90034.0,0.0,0.0,679,658,0,0,658,672,,21,0,0,21,-14
2020-07-04,US,New Jersey,Union,16441,1327,0,40.65835409,-74.30680092,34039.0,2955.201935503585,8.07128520163007,15114,16416,1326,0,15090,16394,558067,25,1,0,24,22
2020-07-04,US,New Jersey,Warren,1249,161,0,40.85951833,-74.99556527,34041.0,1186.5066925057235,12.890312249799841,1088,1246,161,0,1085,1243,105779,3,0,0,3,3
2020-07-04,US,New Mexico,Bernalillo,2410,87,0,35.05163625,-106.6703554,35001.0,354.87048699716246,3.6099585062240656,2323,2331,87,0,2244,2277,678701,79,0,0,79,54
2020-07-04,US,New Mexico,Catron,2,1,0,33.91514144,-108.4046587,35003.0,56.70541536716757,50.0,1,2,1,0,1,2,3578,0,0,0,0,0
2020-07-04,US,New Mexico,Chaves,112,2,0,33.36406072,-104.4665365,35005.0,173.33436508550645,1.7857142857142858,110,105,2,0,103,100,64689,7,0,0,7,5
2020-07-04,US,New Mexico,Cibola,231,14,0,34.91131525,-107.998876,35006.0,865.979381443299,6.0606060606060606,217,221,14,0,207,214,26746,10,0,0,10,7
2020-07-04,US,New Mexico,Colfax,10,1,0,36.60569702,-104.64726740000002,35007.0,83.74507997655137,10.0,9,10,1,0,9,10,12110,0,0,0,0,0
2020-07-04,US,New Mexico,Curry,190,0,0,34.57421077,-103.34688759999999,35009.0,388.11945908403817,0.0,190,186,0,0,186,182,49437,4,0,0,4,4
2020-07-04,US,New Mexico,Dona Ana,1094,10,0,32.35275771,-106.83293870000001,35013.0,501.3863745732029,0.9140767824497258,1084,1039,10,0,1029,999,217522,55,0,0,55,40
2020-07-04,US,New Mexico,Eddy,102,1,0,32.47167456,-104.3053527,35015.0,174.47827574409854,0.9803921568627452,101,92,1,0,91,84,57900,10,0,0,10,8
2020-07-04,US,New Mexico,Grant,22,0,0,32.73911281,-108.3827845,35017.0,81.48751759389584,0.0,22,21,0,0,21,20,27346,1,0,0,1,1
2020-07-04,US,New Mexico,Guadalupe,20,0,0,34.86319296,-104.790669,35019.0,465.11627906976736,0.0,20,20,0,0,20,20,4341,0,0,0,0,0
2020-07-04,US,New Mexico,Harding,1,0,0,35.85751555,-103.82209379999999,35021.0,160.0,0.0,1,1,0,0,1,1,655,0,0,0,0,0
2020-07-04,US,New Mexico,Hidalgo,58,0,0,31.91383467,-108.7151824,35023.0,1381.6102906145786,0.0,58,54,0,0,54,54,4240,4,0,0,4,0
2020-07-04,US,New Mexico,Lea,172,0,0,32.79215361,-103.4123733,35025.0,242.01491487266082,0.0,172,147,0,0,147,142,69611,25,0,0,25,5
2020-07-04,US,New Mexico,Lincoln,13,0,0,33.74526079,-105.4586166,35027.0,66.42141835274883,0.0,13,13,0,0,13,12,19556,0,0,0,0,1
2020-07-04,US,New Mexico,Los Alamos,8,0,0,35.86631386,-106.31349850000001,35028.0,41.30311322215912,0.0,8,8,0,0,8,8,19101,0,0,0,0,0
2020-07-04,US,New Mexico,Luna,97,3,0,32.18179341,-107.75088259999998,35029.0,409.1273356109494,3.0927835051546397,94,93,3,0,90,82,23963,4,0,0,4,11
2020-07-04,US,New Mexico,McKinley,3483,179,0,35.58007720000001,-108.262245,35031.0,4880.406910757072,5.139247774906691,3304,3450,177,0,3273,3408,72290,33,2,0,31,42
2020-07-04,US,New Mexico,Otero,58,7,0,32.61348406,-105.7417604,35035.0,85.93865757890056,12.06896551724138,51,51,7,0,44,44,66781,7,0,0,7,7
2020-07-04,US,New Mexico,Quay,6,1,0,35.10403332,-103.54817270000001,35037.0,72.70083605961469,16.666666666666668,5,6,1,0,5,6,8253,0,0,0,0,0
2020-07-04,US,New Mexico,Rio Arriba,106,1,0,36.51072137,-106.69316740000001,35039.0,272.34654813596774,0.9433962264150944,105,106,1,0,105,105,39006,0,0,0,0,1
2020-07-04,US,New Mexico,Roosevelt,70,1,0,34.02097406,-103.4799493,35041.0,378.3783783783784,1.4285714285714286,69,68,1,0,67,62,18743,2,0,0,2,6
2020-07-04,US,New Mexico,San Juan,2515,164,0,36.50838318,-108.32043700000001,35045.0,2028.913018925765,6.520874751491053,2351,2494,164,0,2330,2472,125043,21,0,0,21,22
2020-07-04,US,New Mexico,San Miguel,22,0,0,35.48014807,-104.8163562,35047.0,80.65403086849727,0.0,22,22,0,0,22,22,27591,0,0,0,0,0
2020-07-04,US,New Mexico,Sandoval,761,29,0,35.68862401,-106.86878030000001,35043.0,518.5760623654155,3.8107752956636007,732,753,29,0,724,740,145179,8,0,0,8,13
2020-07-04,US,New Mexico,Santa Fe,259,3,0,35.50708973,-105.9774716,35049.0,172.25555008712539,1.1583011583011582,256,253,3,0,250,246,150056,6,0,0,6,7
2020-07-04,US,New Mexico,Sierra,14,0,0,33.13028233,-107.1925893,35051.0,129.7377444166435,0.0,14,13,0,0,13,13,10968,1,0,0,1,0
2020-07-04,US,New Mexico,Socorro,60,5,0,34.00715494,-106.9298354,35053.0,360.6419426579311,8.333333333333334,55,60,5,0,55,60,16735,0,0,0,0,0
2020-07-04,US,New Mexico,Taos,48,1,0,36.58006022,-105.63101979999999,35055.0,146.68581731503838,2.083333333333333,47,46,1,0,45,43,32835,2,0,0,2,3
2020-07-04,US,New Mexico,Torrance,46,1,0,34.64048375,-105.8508949,35057.0,297.5227993014682,2.1739130434782608,45,43,1,0,42,43,15591,3,0,0,3,0
2020-07-04,US,New Mexico,Unassigned,925,0,0,0.0,0.0,90035.0,0.0,0.0,925,924,0,0,924,909,,1,0,0,1,15
2020-07-04,US,New Mexico,Union,8,0,0,36.48126404,-103.4709624,35059.0,197.09288001970933,0.0,8,8,0,0,8,8,4118,0,0,0,0,0
2020-07-04,US,New Mexico,Valencia,140,2,0,34.71669834,-106.8103733,35061.0,182.5578969330273,1.4285714285714286,138,136,2,0,134,132,76456,4,0,0,4,4
2020-07-04,US,New York,Albany,2145,121,0,42.60060306,-73.97723916,36001.0,702.1138701040242,5.641025641025642,2024,2130,121,0,2009,2125,307117,15,0,0,15,5
2020-07-04,US,New York,Allegany,63,1,0,42.25748406,-78.02750466,36003.0,136.68612093467272,1.5873015873015872,62,63,1,0,62,62,46430,0,0,0,0,1
2020-07-04,US,New York,Broome,752,58,0,42.15903158,-75.81326086,36007.0,394.7755239175171,7.712765957446807,694,736,58,0,678,729,191659,16,0,0,16,7
2020-07-04,US,New York,Cattaraugus,127,6,0,42.24778241,-78.67923096,36009.0,166.84840443002219,4.724409448818896,121,124,6,0,118,124,76840,3,0,0,3,0
2020-07-04,US,New York,Cayuga,120,2,0,42.91261714,-76.55731592,36011.0,156.7070622649394,1.6666666666666667,118,120,2,0,118,119,77145,0,0,0,0,1
2020-07-04,US,New York,Chautauqua,131,7,0,42.22769210000001,-79.36691763,36013.0,103.22845007604236,5.343511450381679,124,129,7,0,122,127,127939,2,0,0,2,2
2020-07-04,US,New York,Chemung,146,2,0,42.13891056,-76.7638805,36015.0,174.94248466257667,1.3698630136986298,144,145,2,0,143,144,84254,1,0,0,1,1
2020-07-04,US,New York,Chenango,149,5,0,42.49430041,-75.60887553,36017.0,315.6311563962972,3.355704697986577,144,148,5,0,143,148,47536,1,0,0,1,0
2020-07-04,US,New York,Clinton,101,4,0,44.74530905,-73.67875352,36019.0,125.48922159408585,3.96039603960396,97,101,4,0,97,101,80695,0,0,0,0,0
2020-07-04,US,New York,Columbia,474,37,0,42.24819348,-73.63089095,36021.0,797.161164460739,7.805907172995781,437,474,37,0,437,472,59916,0,0,0,0,2
2020-07-04,US,New York,Cortland,50,0,0,42.59509207,-76.07048931,36023.0,105.08396208570649,0.0,50,48,0,0,48,47,47823,2,0,0,2,1
2020-07-04,US,New York,Delaware,91,4,0,42.19837623,-74.96709306,36025.0,206.18556701030928,4.395604395604397,87,91,4,0,87,91,44527,0,0,0,0,0
2020-07-04,US,New York,Dutchess,4238,151,0,41.76486060000001,-73.74356679,36027.0,1440.4285257870017,3.563001415762152,4087,4231,151,0,4080,4225,293718,7,0,0,7,6
2020-07-04,US,New York,Erie,7462,639,0,42.76249024,-78.73063652,36029.0,812.2329112160418,8.563387831680515,6823,7427,639,0,6788,7370,919719,35,0,0,35,57
2020-07-04,US,New York,Essex,47,0,0,44.11630765,-73.77297842,36031.0,127.42307170936695,0.0,47,46,0,0,46,42,37300,1,0,0,1,4
2020-07-04,US,New York,Franklin,33,0,0,44.59040891,-74.29926032,36033.0,65.97097277198033,0.0,33,33,0,0,33,32,50293,0,0,0,0,1
2020-07-04,US,New York,Fulton,261,24,0,43.11363907,-74.41798804,36035.0,488.9196935353952,9.195402298850574,237,261,24,0,237,260,53591,0,0,0,0,1
2020-07-04,US,New York,Genesee,239,5,0,43.0022601,-78.19135193,36037.0,417.24860335195535,2.092050209205021,234,239,5,0,234,238,57511,0,0,0,0,1
2020-07-04,US,New York,Greene,263,18,0,42.275797,-74.12384884,36039.0,557.3450877341697,6.844106463878328,245,263,18,0,245,260,47491,0,0,0,0,3
2020-07-04,US,New York,Hamilton,6,0,0,43.66146647,-74.49721957,36041.0,135.8695652173913,0.0,6,6,0,0,6,6,4434,0,0,0,0,0
2020-07-04,US,New York,Herkimer,172,3,0,43.42034246,-74.96145307,36043.0,280.50033431725893,1.7441860465116281,169,172,3,0,169,164,61833,0,0,0,0,8
2020-07-04,US,New York,Jefferson,93,0,0,44.04200959,-75.94653457,36045.0,84.6732341533587,0.0,93,93,0,0,93,90,111755,0,0,0,0,3
2020-07-04,US,New York,Lewis,31,0,0,43.784415700000004,-75.44903992,36049.0,117.88865226650441,0.0,31,30,0,0,30,30,26447,1,0,0,1,0
2020-07-04,US,New York,Livingston,131,8,0,42.72596275,-77.77966158,36051.0,208.22074577995357,6.106870229007634,123,130,8,0,122,130,63227,1,0,0,1,0
2020-07-04,US,New York,Madison,363,17,0,42.91653905,-75.67266639,36053.0,511.69281515625664,4.683195592286501,346,360,17,0,343,359,70795,3,0,0,3,1
2020-07-04,US,New York,Monroe,3922,273,0,43.14638895,-77.69322942,36055.0,528.7353222697062,6.960734319224884,3649,3885,273,0,3612,3833,742474,37,0,0,37,52
2020-07-04,US,New York,Montgomery,119,4,0,42.90123494,-74.44011632,36057.0,241.7667255846082,3.361344537815126,115,119,4,0,115,119,49455,0,0,0,0,0
2020-07-04,US,New York,Nassau,41988,2186,0,40.74066522,-73.58941873,36059.0,3094.3516364954853,5.206249404591788,39802,41947,2185,0,39762,41910,1358343,41,1,0,40,37
2020-07-04,US,New York,New York City,216730,23159,0,40.76727260000001,-73.97152637,36061.0,2599.6732326018428,10.685645734323813,193571,216362,23140,0,193222,215902,1628701,368,19,0,349,460
2020-07-04,US,New York,Niagara,1277,88,0,43.19898042,-78.74777412,36063.0,610.184393232066,6.891151135473766,1189,1262,88,0,1174,1248,210433,15,0,0,15,14
2020-07-04,US,New York,Oneida,1725,97,0,43.24375382,-75.43710392,36065.0,754.3588824118492,5.6231884057971016,1628,1708,97,0,1611,1672,229577,17,0,0,17,36
2020-07-04,US,New York,Onondaga,2928,188,0,43.00491923,-76.19971155,36067.0,635.7919605322586,6.420765027322403,2740,2909,188,0,2721,2897,461809,19,0,0,19,12
2020-07-04,US,New York,Ontario,278,33,0,42.85145728,-77.30874425,36069.0,253.24066061196788,11.870503597122305,245,275,33,0,242,268,109864,3,0,0,3,7
2020-07-04,US,New York,Orange,10766,478,0,41.40337468,-74.30240757,36071.0,2796.7995012209694,4.439903399591307,10288,10759,478,0,10281,10744,381951,7,0,0,7,15
2020-07-04,US,New York,Orleans,282,51,0,43.2516977,-78.2320066,36073.0,698.8501189532118,18.08510638297872,231,282,51,0,231,282,40612,0,0,0,0,0
2020-07-04,US,New York,Oswego,206,3,0,43.42778894,-76.14635194,36075.0,175.8819712441515,1.4563106796116505,203,206,3,0,203,206,117898,0,0,0,0,0
2020-07-04,US,New York,Otsego,86,5,0,42.63492579,-75.03151402,36077.0,144.55482157564757,5.813953488372092,81,84,5,0,79,84,59749,2,0,0,2,0
2020-07-04,US,New York,Putnam,1335,63,0,41.42630093,-73.74965532,36079.0,1357.8112286411715,4.719101123595506,1272,1333,63,0,1270,1332,98892,2,0,0,2,1
2020-07-04,US,New York,Rensselaer,563,30,0,42.71348136,-73.51089874,36083.0,354.7261111181118,5.3285968028419175,533,559,30,0,529,556,159442,4,0,0,4,3
2020-07-04,US,New York,Rockland,13629,668,0,41.15027894,-74.02560498,36087.0,4183.382496032708,4.9013133758896466,12961,13623,668,0,12955,13612,325695,6,0,0,6,11
2020-07-04,US,New York,Saratoga,562,14,0,43.10904162,-73.86653895,36091.0,244.49345914740522,2.491103202846975,548,561,14,0,547,555,230163,1,0,0,1,6
2020-07-04,US,New York,Schenectady,831,37,0,42.81668777,-74.05278291,36093.0,535.0968132441291,4.452466907340553,794,824,37,0,787,816,155350,7,0,0,7,8
2020-07-04,US,New York,Schoharie,58,0,0,42.58831742,-74.44339029999998,36095.0,187.10280976805703,0.0,58,58,0,0,58,58,31097,0,0,0,0,0
2020-07-04,US,New York,Schuyler,13,0,0,42.39184015,-76.8773299,36097.0,73.0049980344808,0.0,13,13,0,0,13,13,17912,0,0,0,0,0
2020-07-04,US,New York,Seneca,70,0,0,42.78081007,-76.82497064,36099.0,205.7855126999059,0.0,70,70,0,0,70,70,34300,0,0,0,0,0
2020-07-04,US,New York,St. Lawrence,223,2,0,44.4976179,-75.06550039,36089.0,206.97976610358268,0.8968609865470852,221,222,2,0,220,220,108047,1,0,0,1,2
2020-07-04,US,New York,Steuben,269,41,0,42.2689144,-77.3829924,36101.0,282.0327325721595,15.241635687732346,228,268,41,0,227,268,95796,1,0,0,1,0
2020-07-04,US,New York,Suffolk,41585,1983,0,40.88320119,-72.8012172,36103.0,2816.2651928313744,4.768546350847662,39602,41538,1983,0,39555,41491,1481093,47,0,0,47,47
2020-07-04,US,New York,Sullivan,1456,48,0,41.71579493,-74.76394559,36105.0,1930.2152932442466,3.2967032967032965,1408,1455,48,0,1407,1453,75498,1,0,0,1,2
2020-07-04,US,New York,Tioga,145,24,0,42.16852837,-76.30835812,36107.0,300.8111528328112,16.551724137931036,121,143,24,0,119,143,48560,2,0,0,2,0
2020-07-04,US,New York,Tompkins,178,0,0,42.44945765,-76.47229843,36109.0,174.20238794284595,0.0,178,178,0,0,178,178,102793,0,0,0,0,0
2020-07-04,US,New York,Ulster,1825,86,0,41.89027881,-74.26252104,36111.0,1027.7463353099852,4.712328767123288,1739,1815,86,0,1729,1790,178599,10,0,0,10,25
2020-07-04,US,New York,Warren,268,30,0,43.56173026,-73.8433699,36113.0,419.1167271362442,11.194029850746267,238,266,30,0,236,264,64265,2,0,0,2,2
2020-07-04,US,New York,Washington,246,14,0,43.31153794,-73.43043448,36115.0,401.9345140840468,5.691056910569106,232,246,14,0,232,246,61197,0,0,0,0,0
2020-07-04,US,New York,Wayne,183,3,0,43.15494365,-77.02976528,36117.0,203.51876153829045,1.639344262295082,180,181,3,0,178,176,90064,2,0,0,2,5
2020-07-04,US,New York,Westchester,35020,1426,0,41.16278376,-73.75741653,36119.0,3619.615795664317,4.0719588806396345,33594,34980,1426,0,33554,34912,967612,40,0,0,40,68
2020-07-04,US,New York,Wyoming,96,5,0,42.70145109,-78.22199579,36121.0,240.8489926992649,5.208333333333333,91,95,5,0,90,95,40085,1,0,0,1,0
2020-07-04,US,New York,Yates,48,6,0,42.63505484,-77.10369919,36123.0,192.67049331674232,12.5,42,46,6,0,40,46,24841,2,0,0,2,0
2020-07-04,US,North Carolina,Alamance,1240,37,0,36.0434701,-79.39976137,37001.0,731.5245798158211,2.9838709677419355,1203,1207,37,0,1170,1179,166436,33,0,0,33,28
2020-07-04,US,North Carolina,Alexander,112,1,0,35.922379600000006,-81.17751948,37003.0,298.6905619116196,0.8928571428571429,111,105,1,0,104,101,37353,7,0,0,7,4
2020-07-04,US,North Carolina,Alleghany,36,0,0,36.49360862,-81.12857041,37005.0,323.2468348747418,0.0,36,36,0,0,36,36,11161,0,0,0,0,0
2020-07-04,US,North Carolina,Anson,148,2,0,34.97403241,-80.09953279,37007.0,605.4160189806104,1.351351351351351,146,142,2,0,140,138,24877,6,0,0,6,4
2020-07-04,US,North Carolina,Ashe,54,1,0,36.43296207,-81.49862729,37009.0,198.50751755321102,1.851851851851852,53,54,1,0,53,54,27109,0,0,0,0,0
2020-07-04,US,North Carolina,Avery,14,0,0,36.07569796,-81.92308483,37011.0,79.74027453437375,0.0,14,13,0,0,13,13,17505,1,0,0,1,0
2020-07-04,US,North Carolina,Beaufort,103,0,0,35.48531943,-76.84325809,37013.0,219.1769162020684,0.0,103,100,0,0,100,93,47079,3,0,0,3,7
2020-07-04,US,North Carolina,Bertie,149,4,0,36.0688473,-76.96545943,37015.0,786.4041800812795,2.684563758389262,145,146,4,0,142,146,19026,3,0,0,3,0
2020-07-04,US,North Carolina,Bladen,398,3,0,34.61296243,-78.56180059,37017.0,1216.3070716948841,0.7537688442211056,395,397,3,0,394,384,33190,1,0,0,1,13
2020-07-04,US,North Carolina,Brunswick,628,6,0,34.070565,-78.22814204,37019.0,439.71432572468836,0.9554140127388536,622,603,6,0,597,574,136744,25,0,0,25,29
2020-07-04,US,North Carolina,Buncombe,646,40,0,35.61113393,-82.53305,37021.0,247.32858329728055,6.191950464396284,606,625,40,0,585,624,259103,21,0,0,21,1
2020-07-04,US,North Carolina,Burke,1099,20,0,35.74989637,-81.70755735,37023.0,1214.5659501574844,1.8198362147406733,1079,1074,20,0,1054,1057,90382,25,0,0,25,17
2020-07-04,US,North Carolina,Cabarrus,1313,33,0,35.3877799,-80.55267168,37025.0,606.598199147159,2.5133282559025134,1280,1237,33,0,1204,1187,211342,76,0,0,76,50
2020-07-04,US,North Carolina,Caldwell,486,4,0,35.95204977,-81.54799522,37027.0,591.3991579254788,0.8230452674897121,482,469,4,0,465,452,82029,17,0,0,17,17
2020-07-04,US,North Carolina,Camden,31,0,0,36.33804939,-76.15568396,37029.0,285.2673230882488,0.0,31,31,0,0,31,30,10710,0,0,0,0,1
2020-07-04,US,North Carolina,Carteret,101,3,0,34.8932941,-76.54120135,37031.0,145.3802196536784,2.9702970297029703,98,100,3,0,97,94,69524,1,0,0,1,6
2020-07-04,US,North Carolina,Caswell,144,2,0,36.39312665,-79.33353281,37033.0,637.0553884268271,1.3888888888888888,142,142,2,0,140,141,22698,2,0,0,2,1
2020-07-04,US,North Carolina,Catawba,907,14,0,35.66211129,-81.2132617,37035.0,568.4702696943298,1.5435501653803751,893,887,14,0,873,826,158652,20,0,0,20,61
2020-07-04,US,North Carolina,Chatham,984,43,0,35.70394416,-79.25541492,37037.0,1321.3374513226802,4.369918699186991,941,975,43,0,932,964,73139,9,0,0,9,11
2020-07-04,US,North Carolina,Cherokee,44,2,0,35.1349263,-84.05970864,37039.0,153.78163008527892,4.545454545454546,42,45,2,0,43,45,28383,-1,0,0,-1,0
2020-07-04,US,North Carolina,Chowan,27,0,0,36.12908077,-76.60118385,37041.0,193.64555691027755,0.0,27,26,0,0,26,25,14029,1,0,0,1,1
2020-07-04,US,North Carolina,Clay,12,0,0,35.05704275,-83.74353633,37043.0,106.84711957973468,0.0,12,12,0,0,12,12,11139,0,0,0,0,0
2020-07-04,US,North Carolina,Cleveland,365,4,0,35.33553364,-81.55204486,37045.0,372.65051507447913,1.095890410958904,361,349,4,0,345,324,97645,16,0,0,16,25
2020-07-04,US,North Carolina,Columbus,555,39,0,34.26744084,-78.65801424,37047.0,999.8558766303956,7.027027027027027,516,553,39,0,514,543,55655,2,0,0,2,10
2020-07-04,US,North Carolina,Craven,387,6,0,35.11833364,-77.08398081,37049.0,378.8954268203135,1.5503875968992251,381,391,6,0,385,382,102912,-4,0,0,-4,9
2020-07-04,US,North Carolina,Cumberland,1337,41,0,35.04762133,-78.82623165,37051.0,398.4989970462788,3.0665669409124905,1296,1311,41,0,1270,1266,332330,26,0,0,26,45
2020-07-04,US,North Carolina,Currituck,19,0,0,36.36123664,-75.95876401,37053.0,68.43640816914599,0.0,19,20,0,0,20,19,27072,-1,0,0,-1,1
2020-07-04,US,North Carolina,Dare,70,1,0,35.66520691,-75.71767334,37055.0,189.1431813883109,1.4285714285714286,69,64,1,0,63,59,36501,6,0,0,6,5
2020-07-04,US,North Carolina,Davidson,1056,15,0,35.79115496,-80.21256572,37057.0,630.0377664683878,1.4204545454545454,1041,1035,15,0,1020,1012,166614,21,0,0,21,23
2020-07-04,US,North Carolina,Davie,214,4,0,35.93099927,-80.54496571,37059.0,499.4631937637118,1.8691588785046729,210,214,4,0,210,214,42733,0,0,0,0,0
2020-07-04,US,North Carolina,Duplin,1542,28,0,34.93449805,-77.93140529,37061.0,2625.082991436986,1.8158236057068744,1514,1533,28,0,1505,1509,58856,9,0,0,9,24
2020-07-04,US,North Carolina,Durham,3992,66,0,36.03638492,-78.87608331,37063.0,1241.7259742198776,1.6533066132264531,3926,3940,65,0,3875,3830,316739,52,1,0,51,110
2020-07-04,US,North Carolina,Edgecombe,334,9,0,35.91230639,-77.59436892,37065.0,648.896487410631,2.6946107784431144,325,329,9,0,320,326,52005,5,0,0,5,3
2020-07-04,US,North Carolina,Forsyth,3233,37,0,36.12859861,-80.25459052,37067.0,845.6819995030015,1.1444478812248686,3196,3185,37,0,3148,3132,379099,48,0,0,48,53
2020-07-04,US,North Carolina,Franklin,377,21,0,36.081519,-78.28708884,37069.0,541.0059553705962,5.57029177718833,356,376,21,0,355,371,67560,1,0,0,1,5
2020-07-04,US,North Carolina,Gaston,1291,12,0,35.29373559,-81.17477045,37071.0,574.9814055199996,0.9295120061967468,1279,1250,12,0,1238,1168,222846,41,0,0,41,82
2020-07-04,US,North Carolina,Gates,27,2,0,36.44667547,-76.69749701,37073.0,233.52361183186298,7.407407407407407,25,27,2,0,25,27,11573,0,0,0,0,0
2020-07-04,US,North Carolina,Graham,10,0,0,35.3506925,-83.83369267,37075.0,118.46937566639023,0.0,10,10,0,0,10,10,8484,0,0,0,0,0
2020-07-04,US,North Carolina,Granville,833,21,0,36.30337451,-78.65184241,37077.0,1378.1579339212146,2.5210084033613445,812,825,21,0,804,814,60115,8,0,0,8,11
2020-07-04,US,North Carolina,Greene,182,3,0,35.48544173,-77.67578087,37079.0,863.8283734396507,1.6483516483516485,179,182,3,0,179,183,21012,0,0,0,0,-1
2020-07-04,US,North Carolina,Guilford,3055,117,0,36.07959451,-79.78824948,37081.0,568.7170265128245,3.8297872340425534,2938,3000,118,0,2882,2946,533670,55,-1,0,56,54
2020-07-04,US,North Carolina,Halifax,321,4,0,36.25669272,-77.6556109,37083.0,641.8716256748651,1.2461059190031152,317,321,4,0,317,321,50574,0,0,0,0,0
2020-07-04,US,North Carolina,Harnett,692,30,0,35.36731853,-78.87243571,37085.0,508.9133376478202,4.335260115606936,662,682,30,0,652,667,134214,10,0,0,10,15
2020-07-04,US,North Carolina,Haywood,98,0,0,35.55269063,-82.98196486,37087.0,157.2604586228477,0.0,98,92,0,0,92,91,61971,6,0,0,6,1
2020-07-04,US,North Carolina,Henderson,687,50,0,35.33788927,-82.4766782,37089.0,585.0941516134801,7.27802037845706,637,675,50,0,625,667,116748,12,0,0,12,8
2020-07-04,US,North Carolina,Hertford,169,10,0,36.3607755,-76.98104134,37091.0,713.7728597372978,5.9171597633136095,159,168,10,0,158,166,23659,1,0,0,1,2
2020-07-04,US,North Carolina,Hoke,389,3,0,35.01888303,-79.23651674,37093.0,704.2763515226129,0.7712082262210797,386,391,3,0,388,388,54764,-2,0,0,-2,3
2020-07-04,US,North Carolina,Hyde,13,0,0,35.42017674,-76.15180542,37095.0,263.31780433461614,0.0,13,13,0,0,13,12,5230,0,0,0,0,1
2020-07-04,US,North Carolina,Iredell,869,9,0,35.80950511,-80.8743128,37097.0,477.9820247956613,1.0356731875719218,860,873,9,0,864,817,178435,-4,0,0,-4,56
2020-07-04,US,North Carolina,Jackson,127,1,0,35.28814273,-83.14093385,37099.0,289.0436524193181,0.7874015748031497,126,126,1,0,125,125,43327,1,0,0,1,1
2020-07-04,US,North Carolina,Johnston,1685,33,0,35.51745004,-78.36622717,37101.0,804.9145166452499,1.9584569732937684,1652,1641,33,0,1608,1570,202675,44,0,0,44,71
2020-07-04,US,North Carolina,Jones,36,3,0,35.02254606,-77.35870791,37103.0,382.2061789998937,8.333333333333334,33,36,3,0,33,35,9637,0,0,0,0,1
2020-07-04,US,North Carolina,Lee,858,8,0,35.47623147,-79.17569362,37105.0,1388.8214441800612,0.9324009324009324,850,856,8,0,848,843,61452,2,0,0,2,13
2020-07-04,US,North Carolina,Lenoir,380,11,0,35.24032589999999,-77.64245615,37107.0,679.1899765858193,2.8947368421052637,369,379,11,0,368,375,55976,1,0,0,1,4
2020-07-04,US,North Carolina,Lincoln,295,2,0,35.48508185,-81.21740317,37109.0,342.5810872014028,0.6779661016949152,293,283,2,0,281,268,83770,12,0,0,12,15
2020-07-04,US,North Carolina,Macon,288,3,0,35.14867843,-83.41696617,37113.0,803.1680517597189,1.0416666666666667,285,288,3,0,285,289,35285,0,0,0,0,-1
2020-07-04,US,North Carolina,Madison,14,0,0,35.85402722,-82.71346418,37115.0,64.3530222937256,0.0,14,14,0,0,14,13,21763,0,0,0,0,1
2020-07-04,US,North Carolina,Martin,141,4,0,35.84326734,-77.10860251,37117.0,628.3422459893047,2.8368794326241136,137,140,4,0,136,137,22671,1,0,0,1,3
2020-07-04,US,North Carolina,McDowell,264,2,0,35.67736232,-82.0482425,37111.0,576.9735116706007,0.7575757575757576,262,259,2,0,257,245,45507,5,0,0,5,14
2020-07-04,US,North Carolina,Mecklenburg,12576,154,0,35.24469268,-80.8317671,37119.0,1132.6097215667767,1.224554707379135,12422,12233,151,0,12082,11803,1093901,343,3,0,340,430
2020-07-04,US,North Carolina,Mitchell,43,0,0,36.01059309,-82.1582442,37121.0,287.3563218390805,0.0,43,40,0,0,40,34,15000,3,0,0,3,6
2020-07-04,US,North Carolina,Montgomery,337,7,0,35.33155144,-79.90416657,37123.0,1240.201670776138,2.0771513353115734,330,334,7,0,327,321,27271,3,0,0,3,13
2020-07-04,US,North Carolina,Moore,522,14,0,35.30885257,-79.48474178,37125.0,517.4464710547185,2.681992337164751,508,506,14,0,492,500,98682,16,0,0,16,6
2020-07-04,US,North Carolina,Nash,514,6,0,35.96575634,-77.98422508,37127.0,545.0804895119727,1.1673151750972763,508,502,6,0,496,489,94016,12,0,0,12,13
2020-07-04,US,North Carolina,New Hanover,1095,7,0,34.25758282,-77.87075626,37129.0,467.0047297556648,0.6392694063926939,1088,1063,7,0,1056,1018,232274,32,0,0,32,45
2020-07-04,US,North Carolina,Northampton,199,15,0,36.41736238,-77.39769443,37131.0,1021.4032746496948,7.537688442211055,184,199,15,0,184,199,19676,0,0,0,0,0
2020-07-04,US,North Carolina,Onslow,339,3,0,34.72607366,-77.42908179,37133.0,171.26574988127598,0.8849557522123894,336,334,3,0,331,324,197683,5,0,0,5,10
2020-07-04,US,North Carolina,Orange,775,42,0,36.06092947,-79.12167935,37135.0,521.9698806541124,5.419354838709676,733,745,42,0,703,715,146027,30,0,0,30,30
2020-07-04,US,North Carolina,Pamlico,25,1,0,35.15253315,-76.66559823,37137.0,196.44821625019642,4.0,24,23,1,0,22,22,12670,2,0,0,2,1
2020-07-04,US,North Carolina,Pasquotank,218,17,0,36.26723798,-76.25134778,37139.0,547.408597830454,7.798165137614678,201,217,17,0,200,212,39639,1,0,0,1,5
2020-07-04,US,North Carolina,Pender,296,2,0,34.52265624,-77.90352133,37141.0,469.3942277196321,0.6756756756756757,294,291,2,0,289,271,62162,5,0,0,5,20
2020-07-04,US,North Carolina,Perquimans,37,2,0,36.17847453,-76.40603143,37143.0,274.82730446408675,5.405405405405406,35,37,2,0,35,36,13422,0,0,0,0,1
2020-07-04,US,North Carolina,Person,114,1,0,36.38989032,-78.97217358,37145.0,288.6806786528235,0.8771929824561403,113,112,1,0,111,107,39507,2,0,0,2,5
2020-07-04,US,North Carolina,Pitt,785,7,0,35.59535426,-77.37353178,37147.0,434.32074448661626,0.89171974522293,778,758,7,0,751,732,179914,27,0,0,27,26
2020-07-04,US,North Carolina,Polk,74,4,0,35.27820615,-82.16812354,37149.0,357.0739239529049,5.405405405405406,70,74,4,0,70,74,20611,0,0,0,0,0
2020-07-04,US,North Carolina,Randolph,1266,31,0,35.71015088,-79.80570339,37151.0,881.2044519618283,2.448657187993681,1235,1251,31,0,1220,1234,143351,15,0,0,15,17
2020-07-04,US,North Carolina,Richmond,309,7,0,35.00417719,-79.74491009,37153.0,689.2859532891655,2.26537216828479,302,306,7,0,299,296,44887,3,0,0,3,10
2020-07-04,US,North Carolina,Robeson,1321,39,0,34.64244496,-79.10250529999998,37155.0,1011.291866028708,2.952308856926571,1282,1320,39,0,1281,1264,131831,1,0,0,1,56
2020-07-04,US,North Carolina,Rockingham,257,2,0,36.39593137,-79.77504841,37157.0,282.3865509284694,0.7782101167315175,255,238,2,0,236,235,90690,19,0,0,19,3
2020-07-04,US,North Carolina,Rowan,1287,42,0,35.64003916,-80.52446628,37159.0,905.7767017622882,3.2634032634032635,1245,1284,42,0,1242,1251,141262,3,0,0,3,33
2020-07-04,US,North Carolina,Rutherford,324,9,0,35.40114178,-81.92112099,37161.0,483.37286845992037,2.7777777777777777,315,317,9,0,308,307,66826,7,0,0,7,10
2020-07-04,US,North Carolina,Sampson,1093,6,0,34.98820368,-78.36914061,37163.0,1720.4199524641513,0.5489478499542544,1087,1084,6,0,1078,1071,63626,9,0,0,9,13
2020-07-04,US,North Carolina,Scotland,146,2,0,34.8386299,-79.4757978,37165.0,419.26313068948684,1.3698630136986298,144,144,2,0,142,142,34810,2,0,0,2,2
2020-07-04,US,North Carolina,Stanly,459,5,0,35.31647813,-80.25093221,37167.0,730.8218959971978,1.0893246187363834,454,437,5,0,432,411,62075,22,0,0,22,26
2020-07-04,US,North Carolina,Stokes,135,1,0,36.4017975,-80.23893369,37169.0,296.1110745541884,0.7407407407407407,134,133,1,0,132,129,45467,2,0,0,2,4
2020-07-04,US,North Carolina,Surry,497,2,0,36.41689489,-80.69102283,37171.0,692.3644874134544,0.4024144869215292,495,496,2,0,494,488,71948,1,0,0,1,8
2020-07-04,US,North Carolina,Swain,58,1,0,35.48665845,-83.48748932,37173.0,406.41861116950463,1.7241379310344829,57,59,1,0,58,58,14245,-1,0,0,-1,1
2020-07-04,US,North Carolina,Transylvania,26,1,0,35.20383864,-82.79638423,37175.0,75.61436672967864,3.8461538461538463,25,25,1,0,24,22,34215,1,0,0,1,3
2020-07-04,US,North Carolina,Tyrrell,13,0,0,35.87147226,-76.17055253,37177.0,323.7051792828685,0.0,13,12,0,0,12,11,4131,1,0,0,1,1
2020-07-04,US,North Carolina,Union,1420,25,0,34.98960527,-80.52955873,37179.0,592.0144751708294,1.7605633802816902,1395,1382,25,0,1357,1311,235908,38,0,0,38,71
2020-07-04,US,North Carolina,Vance,523,38,0,36.36880673,-78.40670845,37181.0,1174.3572471090156,7.2657743785850855,485,521,38,0,483,507,44582,2,0,0,2,14
2020-07-04,US,North Carolina,Wake,5810,49,0,35.78879266,-78.65249174,37183.0,522.5943345737078,0.8433734939759037,5761,5651,49,0,5602,5453,1092305,159,0,0,159,198
2020-07-04,US,North Carolina,Warren,165,5,0,36.39728256,-78.10652228,37185.0,836.2475292686635,3.0303030303030303,160,161,5,0,156,161,19807,4,0,0,4,0
2020-07-04,US,North Carolina,Washington,40,3,0,35.83810081,-76.57299037,37187.0,345.4231433506045,7.5,37,40,3,0,37,38,11859,0,0,0,0,2
2020-07-04,US,North Carolina,Watauga,83,0,0,36.23103603,-81.70033724,37189.0,147.7472987165566,0.0,83,77,0,0,77,75,55945,6,0,0,6,2
2020-07-04,US,North Carolina,Wayne,1879,28,0,35.36438125,-78.00027268,37191.0,1526.0170062778666,1.4901543374135178,1851,1864,28,0,1836,1847,123248,15,0,0,15,17
2020-07-04,US,North Carolina,Wilkes,588,6,0,36.2084135,-81.16232895,37193.0,859.4983336256798,1.020408163265306,582,586,6,0,580,583,68557,2,0,0,2,3
2020-07-04,US,North Carolina,Wilson,757,19,0,35.70625477,-77.917978,37195.0,925.4165596997592,2.509907529722589,738,767,20,0,747,745,81455,-10,-1,0,-9,22
2020-07-04,US,North Carolina,Yadkin,340,5,0,36.16222629,-80.66239436,37197.0,902.6468792311572,1.4705882352941178,335,338,4,0,334,337,37543,2,1,0,1,1
2020-07-04,US,North Carolina,Yancey,44,0,0,35.90079156,-82.31237181,37199.0,243.5109856660579,0.0,44,44,0,0,44,44,17903,0,0,0,0,0
2020-07-04,US,North Dakota,Barnes,20,0,0,46.93579637,-98.06605978,38003.0,192.03072491598653,0.0,20,20,0,0,20,19,10542,0,0,0,0,1
2020-07-04,US,North Dakota,Benson,4,0,0,48.0683985,-99.35916363,38005.0,58.5480093676815,0.0,4,4,0,0,4,4,6962,0,0,0,0,0
2020-07-04,US,North Dakota,Billings,1,0,0,47.02366884,-103.3762965,38007.0,107.75862068965515,0.0,1,1,0,0,1,1,919,0,0,0,0,0
2020-07-04,US,North Dakota,Bottineau,5,0,0,48.79106111,-100.8378166,38009.0,79.59248646927729,0.0,5,5,0,0,5,5,6411,0,0,0,0,0
2020-07-04,US,North Dakota,Bowman,1,0,0,46.11285362,-103.5203343,38011.0,33.06878306878307,0.0,1,1,0,0,1,1,3076,0,0,0,0,0
2020-07-04,US,North Dakota,Burke,6,0,0,48.79094471,-102.51821170000001,38013.0,283.6879432624113,0.0,6,6,0,0,6,5,2100,0,0,0,0,1
2020-07-04,US,North Dakota,Burleigh,314,0,0,46.97847375,-100.46452140000001,38015.0,328.3625792148579,0.0,314,302,0,0,302,281,95273,12,0,0,12,21
2020-07-04,US,North Dakota,Cass,2323,66,0,46.93201724,-97.24447190000001,38017.0,1276.9138591601939,2.84115368058545,2257,2295,66,0,2229,2277,181516,28,0,0,28,18
2020-07-04,US,North Dakota,Cavalier,3,0,0,48.77286211,-98.46685243,38019.0,79.74481658692186,0.0,3,3,0,0,3,3,3829,0,0,0,0,0
2020-07-04,US,North Dakota,Dickey,4,0,0,46.11017712,-98.50490079999999,38021.0,82.10180623973726,0.0,4,4,0,0,4,4,4903,0,0,0,0,0
2020-07-04,US,North Dakota,Divide,1,0,0,48.814938700000006,-103.48736109999999,38023.0,44.16961130742049,0.0,1,1,0,0,1,1,2283,0,0,0,0,0
2020-07-04,US,North Dakota,Dunn,14,0,0,47.35423935,-102.61604679999999,38025.0,316.4556962025317,0.0,14,14,0,0,14,14,4332,0,0,0,0,0
2020-07-04,US,North Dakota,Eddy,5,0,0,47.71701474,-98.90432337,38027.0,218.62702229995628,0.0,5,5,0,0,5,5,2313,0,0,0,0,0
2020-07-04,US,North Dakota,Emmons,4,1,0,46.28398398,-100.2389766,38029.0,123.41869793273679,25.0,3,4,1,0,3,4,3295,0,0,0,0,0
2020-07-04,US,North Dakota,Foster,2,0,0,47.457108399999996,-98.88279923,38031.0,62.30529595015578,0.0,2,2,0,0,2,2,3216,0,0,0,0,0
2020-07-04,US,North Dakota,Grand Forks,402,4,0,47.92093639,-97.45450447,38035.0,578.8253588861212,0.9950248756218906,398,397,4,0,393,390,70770,5,0,0,5,7
2020-07-04,US,North Dakota,Grant,3,0,0,46.35821257,-101.63900129999999,38037.0,131.9261213720317,0.0,3,3,0,0,3,3,2374,0,0,0,0,0
2020-07-04,US,North Dakota,Griggs,2,0,0,47.45785838,-98.23850925,38039.0,89.64589870013447,0.0,2,2,0,0,2,2,2232,0,0,0,0,0
2020-07-04,US,North Dakota,Hettinger,1,0,0,46.43375068,-102.4632417,38041.0,40.01600640256103,0.0,1,1,0,0,1,1,2514,0,0,0,0,0
2020-07-04,US,North Dakota,Kidder,2,0,0,46.97830064,-99.77507857,38043.0,80.64516129032258,0.0,2,2,0,0,2,2,2450,0,0,0,0,0
2020-07-04,US,North Dakota,LaMoure,13,0,0,46.45681054,-98.53542355,38045.0,321.3049925852694,0.0,13,13,0,0,13,13,4062,0,0,0,0,0
2020-07-04,US,North Dakota,McHenry,5,1,0,48.23104458,-100.6324822,38049.0,87.03220191470844,20.0,4,4,1,0,3,4,5816,1,0,0,1,0
2020-07-04,US,North Dakota,McIntosh,2,0,0,46.11182017,-99.44145858,38051.0,80.0961153384061,0.0,2,2,0,0,2,2,2585,0,0,0,0,0
2020-07-04,US,North Dakota,McKenzie,27,0,0,47.74133370000001,-103.395905,38053.0,179.71246006389774,0.0,27,27,0,0,27,27,13632,0,0,0,0,0
2020-07-04,US,North Dakota,McLean,11,0,0,47.60766714,-101.3182418,38055.0,116.40211640211642,0.0,11,11,0,0,11,11,9541,0,0,0,0,0
2020-07-04,US,North Dakota,Mercer,7,0,0,47.31213126,-101.8318399,38057.0,85.5014046659338,0.0,7,7,0,0,7,7,8267,0,0,0,0,0
2020-07-04,US,North Dakota,Morton,101,2,0,46.71681782,-101.2822377,38059.0,322.0252518811376,1.98019801980198,99,100,2,0,98,93,31095,1,0,0,1,7
2020-07-04,US,North Dakota,Mountrail,54,0,0,48.20197971,-102.3555315,38061.0,512.0910384068278,0.0,54,51,0,0,51,50,10218,3,0,0,3,1
2020-07-04,US,North Dakota,Nelson,1,0,0,47.9226426,-98.19038437,38063.0,34.734282737061484,0.0,1,1,0,0,1,1,2869,0,0,0,0,0
2020-07-04,US,North Dakota,Oliver,2,0,0,47.11530482,-101.3406158,38065.0,102.09290454313421,0.0,2,2,0,0,2,2,1952,0,0,0,0,0
2020-07-04,US,North Dakota,Pembina,10,0,0,48.76623521,-97.5523809,38067.0,147.03720041170416,0.0,10,9,0,0,9,9,6947,1,0,0,1,0
2020-07-04,US,North Dakota,Pierce,5,0,0,48.24977025,-99.96407787,38069.0,125.78616352201256,0.0,5,5,0,0,5,5,4081,0,0,0,0,0
2020-07-04,US,North Dakota,Ramsey,11,1,0,48.26886249,-98.72223879,38071.0,95.49440055560379,9.090909090909092,10,11,1,0,10,10,11481,0,0,0,0,1
2020-07-04,US,North Dakota,Ransom,18,0,0,46.45621782,-97.65742504,38073.0,344.95975469528565,0.0,18,17,0,0,17,17,5237,1,0,0,1,0
2020-07-04,US,North Dakota,Renville,5,0,0,48.71982533,-101.6603912,38075.0,214.86892995272885,0.0,5,5,0,0,5,5,2374,0,0,0,0,0
2020-07-04,US,North Dakota,Richland,43,0,0,46.26440649,-96.94852979,38077.0,265.8094825987513,0.0,43,42,0,0,42,41,16239,1,0,0,1,1
2020-07-04,US,North Dakota,Rolette,11,0,0,48.77245354,-99.84097493,38079.0,77.59593679458239,0.0,11,11,0,0,11,10,14301,0,0,0,0,1
2020-07-04,US,North Dakota,Sargent,6,0,0,46.10830372,-97.63217159,38081.0,153.9250897896357,0.0,6,6,0,0,6,6,3870,0,0,0,0,0
2020-07-04,US,North Dakota,Sheridan,1,0,0,47.57700669,-100.3426391,38083.0,76.04562737642586,0.0,1,1,0,0,1,1,1349,0,0,0,0,0
2020-07-04,US,North Dakota,Sioux,25,0,0,46.11323337,-101.04401490000001,38085.0,591.016548463357,0.0,25,25,0,0,25,23,4358,0,0,0,0,2
2020-07-04,US,North Dakota,Slope,3,0,0,46.44737738,-103.4601547,38087.0,400.0,0.0,3,3,0,0,3,3,763,0,0,0,0,0
2020-07-04,US,North Dakota,Stark,77,3,0,46.80851182,-102.65763259999999,38089.0,244.52983581568168,3.8961038961038965,74,77,3,0,74,77,30997,0,0,0,0,0
2020-07-04,US,North Dakota,Steele,2,0,0,47.45611548,-97.72728747,38091.0,105.82010582010582,0.0,2,2,0,0,2,2,1903,0,0,0,0,0
2020-07-04,US,North Dakota,Stutsman,63,1,0,46.97962541,-98.95637318,38093.0,304.28902627511593,1.5873015873015872,62,63,1,0,62,63,20917,0,0,0,0,0
2020-07-04,US,North Dakota,Traill,21,0,0,47.45367788,-97.16323288,38097.0,261.3240418118467,0.0,21,21,0,0,21,20,8037,0,0,0,0,1
2020-07-04,US,North Dakota,Walsh,26,0,0,48.36876964,-97.72574783,38099.0,244.3379381637064,0.0,26,26,0,0,26,25,10667,0,0,0,0,1
2020-07-04,US,North Dakota,Ward,64,1,0,48.22390169,-101.54367629999999,38101.0,94.61717005957924,1.5625,63,61,1,0,60,60,67744,3,0,0,3,1
2020-07-04,US,North Dakota,Wells,9,0,0,47.58614526,-99.65904998,38103.0,234.74178403755863,0.0,9,9,0,0,9,9,3957,0,0,0,0,0
2020-07-04,US,North Dakota,Williams,39,0,0,48.34522353,-103.4793387,38105.0,103.75375774827742,0.0,39,38,0,0,38,37,35350,1,0,0,1,1
2020-07-04,US,Ohio,Adams,23,1,0,38.84541072,-83.4718964,39001.0,83.0384865333237,4.3478260869565215,22,22,1,0,21,21,27724,1,0,0,1,1
2020-07-04,US,Ohio,Allen,308,40,0,40.77285242,-84.10802343,39003.0,300.9252474328536,12.987012987012987,268,305,40,0,265,297,102663,3,0,0,3,8
2020-07-04,US,Ohio,Ashland,58,1,0,40.84772277,-82.27280781,39005.0,108.44364669807793,1.7241379310344829,57,58,1,0,57,55,53745,0,0,0,0,3
2020-07-04,US,Ohio,Ashtabula,431,44,0,41.70860332,-80.74830218,39007.0,443.22867926080556,10.208816705336424,387,425,44,0,381,421,97493,6,0,0,6,4
2020-07-04,US,Ohio,Athens,49,1,0,39.33425634,-82.04278644,39009.0,75.00727111301606,2.0408163265306123,48,43,1,0,42,37,65818,6,0,0,6,6
2020-07-04,US,Ohio,Auglaize,106,4,0,40.55998859,-84.22421429999999,39011.0,232.17101804801118,3.7735849056603774,102,104,4,0,100,99,45804,2,0,0,2,5
2020-07-04,US,Ohio,Belmont,544,22,0,40.01625942,-80.9924051,39013.0,811.8675939468108,4.044117647058823,522,543,22,0,521,534,67505,1,0,0,1,9
2020-07-04,US,Ohio,Brown,56,1,0,38.93416837,-83.86788395,39015.0,128.93718916927608,1.7857142857142858,55,54,1,0,53,53,43602,2,0,0,2,1
2020-07-04,US,Ohio,Butler,1547,44,0,39.44012838,-84.57388716,39017.0,403.7751804851566,2.8442146089204914,1503,1511,44,0,1467,1448,382378,36,0,0,36,63
2020-07-04,US,Ohio,Carroll,58,3,0,40.5789686,-81.09178213,39019.0,215.5012261276659,5.172413793103448,55,58,3,0,55,51,27081,0,0,0,0,7
2020-07-04,US,Ohio,Champaign,39,1,0,40.13923427,-83.76875242,39021.0,100.29574386010029,2.5641025641025643,38,39,1,0,38,38,38754,0,0,0,0,1
2020-07-04,US,Ohio,Clark,765,9,0,39.91592258,-83.78498252,39023.0,570.5421268915522,1.1764705882352942,756,761,9,0,752,739,134585,4,0,0,4,22
2020-07-04,US,Ohio,Clermont,394,6,0,39.04847534,-84.15375786,39025.0,190.8655802507412,1.5228426395939083,388,390,6,0,384,356,205466,4,0,0,4,34
2020-07-04,US,Ohio,Clinton,68,0,0,39.41485808,-83.80852286,39027.0,162.0282119710255,0.0,68,66,0,0,66,62,42057,2,0,0,2,4
2020-07-04,US,Ohio,Columbiana,1295,60,0,40.76932373,-80.78094576,39029.0,1271.0658304133176,4.633204633204633,1235,1288,60,0,1228,1209,102665,7,0,0,7,79
2020-07-04,US,Ohio,Coshocton,94,2,0,40.30096166,-81.91729018,39031.0,256.8306010928962,2.127659574468085,92,90,2,0,88,81,36629,4,0,0,4,9
2020-07-04,US,Ohio,Crawford,135,5,0,40.85065156,-82.91989099,39033.0,325.34824311948717,3.703703703703704,130,134,5,0,129,135,41550,1,0,0,1,-1
2020-07-04,US,Ohio,Cuyahoga,7571,372,0,41.424119,-81.65918339,39035.0,613.000699554358,4.913485669000132,7199,7392,372,0,7020,7013,1243857,179,0,0,179,379
2020-07-04,US,Ohio,Darke,246,25,0,40.13412966,-84.6194517,39037.0,481.2865611488272,10.16260162601626,221,245,25,0,220,236,51323,1,0,0,1,9
2020-07-04,US,Ohio,Defiance,50,3,0,41.32398837,-84.49076944,39039.0,131.2783889516108,6.0,47,49,3,0,46,48,38165,1,0,0,1,1
2020-07-04,US,Ohio,Delaware,553,15,0,40.27942393,-83.00457058,39041.0,264.369409638727,2.7124773960217,538,541,15,0,526,518,204826,12,0,0,12,23
2020-07-04,US,Ohio,Erie,236,22,0,41.36796058,-82.62904521,39043.0,317.77664072388444,9.322033898305083,214,234,22,0,212,229,74615,2,0,0,2,5
2020-07-04,US,Ohio,Fairfield,543,16,0,39.75107189,-82.63088163,39045.0,344.59999746151016,2.9465930018416207,527,529,16,0,513,503,155782,14,0,0,14,26
2020-07-04,US,Ohio,Fayette,46,0,0,39.56021306,-83.4562016,39047.0,161.26205083260297,0.0,46,46,0,0,46,46,28666,0,0,0,0,0
2020-07-04,US,Ohio,Franklin,10023,420,0,39.96995815,-83.01115755,39049.0,761.1888611101828,4.190362167015864,9603,9825,417,0,9408,9338,1310300,198,3,0,195,487
2020-07-04,US,Ohio,Fulton,61,0,0,41.60213491,-84.12571393,39051.0,144.80368418553863,0.0,61,61,0,0,61,57,42276,0,0,0,0,4
2020-07-04,US,Ohio,Gallia,16,1,0,38.82708533,-82.31647569,39053.0,53.51528530336477,6.25,15,14,1,0,13,14,29979,2,0,0,2,0
2020-07-04,US,Ohio,Geauga,400,42,0,41.49952319,-81.17935342,39055.0,427.126824632404,10.5,358,399,42,0,357,390,94031,1,0,0,1,9
2020-07-04,US,Ohio,Greene,248,9,0,39.69116283,-83.89032084,39057.0,146.8002864973333,3.629032258064516,239,244,9,0,235,222,167995,4,0,0,4,22
2020-07-04,US,Ohio,Guernsey,68,3,0,40.05026529,-81.49248905,39059.0,174.91961414790995,4.411764705882354,65,67,3,0,64,60,39022,1,0,0,1,7
2020-07-04,US,Ohio,Hamilton,5770,197,0,39.19673558,-84.54502924,39061.0,705.833709492546,3.4142114384748705,5573,5605,197,0,5408,5224,816684,165,0,0,165,381
2020-07-04,US,Ohio,Hancock,78,1,0,41.00250487,-83.66838948,39063.0,102.92545821622265,1.2820512820512822,77,78,1,0,77,76,75930,0,0,0,0,2
2020-07-04,US,Ohio,Hardin,120,12,0,40.66015414,-83.65929931,39065.0,382.59206121472977,10.0,108,120,12,0,108,113,31480,0,0,0,0,7
2020-07-04,US,Ohio,Harrison,12,1,0,40.29380509,-81.09068544,39067.0,79.78723404255321,8.333333333333334,11,12,1,0,11,12,15174,0,0,0,0,0
2020-07-04,US,Ohio,Henry,29,0,0,41.3339642,-84.06830637,39069.0,107.38354439754127,0.0,29,29,0,0,29,29,27086,0,0,0,0,0
2020-07-04,US,Ohio,Highland,44,1,0,39.1839264,-83.60331456,39071.0,101.9438845253817,2.272727272727273,43,44,1,0,43,43,43058,0,0,0,0,1
2020-07-04,US,Ohio,Hocking,78,8,0,39.49537927,-82.47991446,39073.0,275.9694310784036,10.256410256410255,70,78,8,0,70,76,28385,0,0,0,0,2
2020-07-04,US,Ohio,Holmes,226,3,0,40.56163713,-81.92635677,39075.0,514.1037306642402,1.327433628318584,223,220,3,0,217,204,43892,6,0,0,6,16
2020-07-04,US,Ohio,Huron,211,2,0,41.14651175,-82.59867951,39077.0,362.13228984313315,0.9478672985781992,209,199,2,0,197,177,58504,12,0,0,12,22
2020-07-04,US,Ohio,Jackson,22,0,0,39.01914254,-82.61818559999998,39079.0,67.8740011723691,0.0,22,18,0,0,18,17,32384,4,0,0,4,1
2020-07-04,US,Ohio,Jefferson,87,2,0,40.38614126,-80.76259514,39081.0,133.18025258323766,2.2988505747126435,85,83,2,0,81,80,65767,4,0,0,4,3
2020-07-04,US,Ohio,Knox,48,1,0,40.39830217,-82.42027563,39083.0,77.01935111196687,2.083333333333333,47,45,1,0,44,39,61893,3,0,0,3,6
2020-07-04,US,Ohio,Lake,492,18,0,41.69710807,-81.23676539,39085.0,213.77455474496955,3.6585365853658534,474,480,18,0,462,443,230514,12,0,0,12,37
2020-07-04,US,Ohio,Lawrence,68,0,0,38.59743452,-82.53466552,39087.0,114.35682693439621,0.0,68,67,0,0,67,65,59866,1,0,0,1,2
2020-07-04,US,Ohio,Licking,466,12,0,40.09136236,-82.48185785,39089.0,263.4822630073164,2.5751072961373387,454,442,12,0,430,416,175769,24,0,0,24,26
2020-07-04,US,Ohio,Logan,58,1,0,40.38996525,-83.76784341,39091.0,126.99246803293043,1.7241379310344829,57,58,1,0,57,58,45358,0,0,0,0,0
2020-07-04,US,Ohio,Lorain,997,67,0,41.29553751,-82.15083537,39093.0,321.78625259413934,6.720160481444332,930,983,67,0,916,962,309461,14,0,0,14,21
2020-07-04,US,Ohio,Lucas,2700,302,0,41.62101218,-83.65468618,39095.0,630.3286113160327,11.185185185185185,2398,2669,302,0,2367,2628,429899,31,0,0,31,41
2020-07-04,US,Ohio,Madison,193,8,0,39.89381073,-83.40178317,39097.0,431.46810936487,4.1450777202072535,185,192,8,0,184,188,44413,1,0,0,1,4
2020-07-04,US,Ohio,Mahoning,1818,231,0,41.01631101,-80.77287029,39099.0,794.9869469964972,12.706270627062704,1587,1805,231,0,1574,1752,229642,13,0,0,13,53
2020-07-04,US,Ohio,Marion,2730,38,0,40.58610662,-83.15736305,39101.0,4193.99935476933,1.391941391941392,2692,2730,38,0,2692,2731,65256,0,0,0,0,-1
2020-07-04,US,Ohio,Medina,508,32,0,41.11770589,-81.89986209999998,39103.0,282.6210319005708,6.299212598425197,476,506,32,0,474,491,179146,2,0,0,2,15
2020-07-04,US,Ohio,Meigs,12,0,0,39.09224872,-82.0305041,39105.0,52.38573361854455,0.0,12,11,0,0,11,11,23106,1,0,0,1,0
2020-07-04,US,Ohio,Mercer,280,8,0,40.54043046,-84.62912742,39107.0,680.0738365879724,2.8571428571428568,272,278,8,0,270,272,40959,2,0,0,2,6
2020-07-04,US,Ohio,Miami,455,31,0,40.0543329,-84.22871271,39109.0,425.28531503827566,6.813186813186812,424,455,31,0,424,442,106222,0,0,0,0,13
2020-07-04,US,Ohio,Monroe,88,17,0,39.72984936,-81.08464734,39111.0,644.4997802841657,19.318181818181817,71,88,17,0,71,86,13790,0,0,0,0,2
2020-07-04,US,Ohio,Montgomery,1931,26,0,39.75394919,-84.29050975,39113.0,363.1836023826048,1.3464526152252718,1905,1918,26,0,1892,1784,532331,13,0,0,13,134
2020-07-04,US,Ohio,Morgan,11,0,0,39.62081738,-81.85308173,39115.0,75.82023711055969,0.0,11,11,0,0,11,9,14604,0,0,0,0,2
2020-07-04,US,Ohio,Morrow,116,1,0,40.52363560000001,-82.7892599,39117.0,328.3514492753623,0.8620689655172413,115,116,1,0,115,115,35112,0,0,0,0,1
2020-07-04,US,Ohio,Muskingum,81,1,0,39.96575964,-81.94363275,39119.0,93.95116859015249,1.2345679012345678,80,76,1,0,75,73,86183,5,0,0,5,3
2020-07-04,US,Ohio,Noble,11,0,0,39.76818851,-81.45937183,39121.0,76.26178591236828,0.0,11,11,0,0,11,11,14354,0,0,0,0,0
2020-07-04,US,Ohio,Ottawa,143,23,0,41.53781826,-83.0940185,39123.0,352.86859962985807,16.083916083916083,120,139,23,0,116,130,40769,4,0,0,4,9
2020-07-04,US,Ohio,Paulding,23,0,0,41.11676341,-84.5801017,39125.0,123.17909168808912,0.0,23,23,0,0,23,23,18760,0,0,0,0,0
2020-07-04,US,Ohio,Perry,32,1,0,39.73508655,-82.23804971,39127.0,88.55925167432335,3.125,31,32,1,0,31,30,36033,0,0,0,0,2
2020-07-04,US,Ohio,Pickaway,2188,41,0,39.64170392,-83.0243386,39129.0,3742.922147903587,1.8738574040219376,2147,2184,41,0,2143,2176,58086,4,0,0,4,8
2020-07-04,US,Ohio,Pike,23,0,0,39.07634001,-83.06769584,39131.0,82.81722598300446,0.0,23,22,0,0,22,20,28067,1,0,0,1,2
2020-07-04,US,Ohio,Portage,432,58,0,41.16793482,-81.19735782,39133.0,265.9017886819396,13.425925925925926,374,428,58,0,370,418,162927,4,0,0,4,10
2020-07-04,US,Ohio,Preble,73,1,0,39.7420247,-84.64787018,39135.0,178.56269262756226,1.3698630136986298,72,70,1,0,69,66,40997,3,0,0,3,4
2020-07-04,US,Ohio,Putnam,127,15,0,41.02094889,-84.1336111,39137.0,375.06275656359816,11.811023622047243,112,126,15,0,111,115,33780,1,0,0,1,11
2020-07-04,US,Ohio,Richland,332,5,0,40.77180308,-82.53799609999999,39139.0,274.03139805536756,1.5060240963855422,327,325,5,0,320,318,121099,7,0,0,7,7
2020-07-04,US,Ohio,Ross,118,3,0,39.33705391,-83.06000914,39141.0,153.91438186419012,2.5423728813559316,115,113,3,0,110,109,76931,5,0,0,5,4
2020-07-04,US,Ohio,Sandusky,127,14,0,41.35624126,-83.137872,39143.0,217.02723948186886,11.023622047244093,113,126,14,0,112,122,58799,1,0,0,1,4
2020-07-04,US,Ohio,Scioto,38,0,0,38.80270163,-82.98907345,39145.0,50.45542661390977,0.0,38,38,0,0,38,36,75502,0,0,0,0,2
2020-07-04,US,Ohio,Seneca,33,2,0,41.12351311,-83.12783209,39147.0,59.806444597484514,6.0606060606060606,31,33,2,0,31,33,55207,0,0,0,0,0
2020-07-04,US,Ohio,Shelby,65,4,0,40.33163494,-84.20258189,39149.0,133.77238114838443,6.153846153846153,61,64,4,0,60,59,48627,1,0,0,1,5
2020-07-04,US,Ohio,Stark,1091,112,0,40.81482476,-81.36437305,39151.0,294.3827137175329,10.265811182401466,979,1079,112,0,967,1052,371574,12,0,0,12,27
2020-07-04,US,Ohio,Summit,2110,206,0,41.12464734,-81.53123079,39153.0,390.0091125351886,9.763033175355453,1904,2079,206,0,1873,1969,541918,31,0,0,31,110
2020-07-04,US,Ohio,Trumbull,925,65,0,41.31735028,-80.76109643,39155.0,467.2330710093245,7.027027027027027,860,916,65,0,851,863,198627,9,0,0,9,53
2020-07-04,US,Ohio,Tuscarawas,541,10,0,40.44214695,-81.47226262,39157.0,588.1265831041342,1.8484288354898335,531,529,10,0,519,515,92176,12,0,0,12,14
2020-07-04,US,Ohio,Union,82,1,0,40.30016061,-83.37239023,39159.0,139.01132433715333,1.2195121951219512,81,80,1,0,79,80,57835,2,0,0,2,0
2020-07-04,US,Ohio,Van Wert,34,0,0,40.8554138,-84.59111700000003,39161.0,120.2475685234306,0.0,34,32,0,0,32,27,28281,2,0,0,2,5
2020-07-04,US,Ohio,Vinton,22,2,0,39.25208988,-82.4831444,39163.0,168.13144822315633,9.090909090909092,20,22,2,0,20,22,13139,0,0,0,0,0
2020-07-04,US,Ohio,Warren,823,21,0,39.42581994,-84.16557457,39165.0,350.806898491914,2.5516403402187118,802,814,21,0,793,757,232173,9,0,0,9,57
2020-07-04,US,Ohio,Washington,131,20,0,39.45690571,-81.49121382,39167.0,218.6576755520689,15.267175572519085,111,130,20,0,110,127,60155,1,0,0,1,3
2020-07-04,US,Ohio,Wayne,360,51,0,40.82925852,-81.88844833,39169.0,311.12263417163604,14.166666666666664,309,359,51,0,308,354,115967,1,0,0,1,5
2020-07-04,US,Ohio,Williams,69,2,0,41.56052014,-84.58429552,39171.0,188.05189142047317,2.898550724637681,67,68,2,0,66,65,36804,1,0,0,1,3
2020-07-04,US,Ohio,Wood,412,51,0,41.36224827,-83.62285108,39173.0,314.9437764204958,12.378640776699031,361,404,51,0,353,384,130696,8,0,0,8,20
2020-07-04,US,Ohio,Wyandot,58,6,0,40.84339621,-83.30734173,39175.0,266.3972074223774,10.344827586206897,52,58,5,0,53,58,21935,0,1,0,-1,0
2020-07-04,US,Oklahoma,Adair,120,4,0,35.88494195,-94.65859267,40001.0,540.6866720735334,3.333333333333333,116,119,4,0,115,119,22082,1,0,0,1,0
2020-07-04,US,Oklahoma,Alfalfa,1,0,0,36.73090616,-98.32408495,40003.0,17.5377060680463,0.0,1,1,0,0,1,1,5754,0,0,0,0,0
2020-07-04,US,Oklahoma,Atoka,25,0,0,34.37366573,-96.03802487,40005.0,181.7124582061346,0.0,25,24,0,0,24,20,13838,1,0,0,1,4
2020-07-04,US,Oklahoma,Beaver,32,0,0,36.7496847,-100.4758872,40007.0,602.5230653360949,0.0,32,30,0,0,30,30,5319,2,0,0,2,0
2020-07-04,US,Oklahoma,Beckham,11,0,0,35.26862449,-99.68128023,40009.0,50.32252161581042,0.0,11,11,0,0,11,11,21709,0,0,0,0,0
2020-07-04,US,Oklahoma,Blaine,18,0,0,35.87518314,-98.43307003,40011.0,190.90041361756283,0.0,18,14,0,0,14,14,9485,4,0,0,4,0
2020-07-04,US,Oklahoma,Bryan,123,1,0,33.96472458,-96.25903472,40013.0,256.27669548911337,0.8130081300813008,122,113,1,0,112,108,47192,10,0,0,10,5
2020-07-04,US,Oklahoma,Caddo,193,11,0,35.17364557,-98.37534464,40015.0,671.0242681315625,5.699481865284973,182,191,11,0,180,190,28977,2,0,0,2,1
2020-07-04,US,Oklahoma,Canadian,325,3,0,35.5426055,-97.98465569,40017.0,219.14150472671366,0.9230769230769232,322,307,3,0,304,293,144447,18,0,0,18,14
2020-07-04,US,Oklahoma,Carter,127,1,0,34.25103751,-97.28552485,40019.0,263.97289601130717,0.7874015748031497,126,120,1,0,119,96,48177,7,0,0,7,24
2020-07-04,US,Oklahoma,Cherokee,90,1,0,35.90692775,-94.99980896,40021.0,184.96824711757816,1.1111111111111112,89,87,1,0,86,83,48675,3,0,0,3,4
2020-07-04,US,Oklahoma,Choctaw,118,1,0,34.02807439,-95.54771129,40023.0,804.2529989094875,0.8474576271186439,117,114,1,0,113,114,14668,4,0,0,4,0
2020-07-04,US,Oklahoma,Cimarron,1,0,0,36.74817177,-102.5173885,40025.0,46.79457182966776,0.0,1,1,0,0,1,1,2153,0,0,0,0,0
2020-07-04,US,Oklahoma,Cleveland,1035,40,0,35.20413532,-97.32519562,40027.0,364.41865541839485,3.864734299516908,995,1003,40,0,963,935,281669,32,0,0,32,68
2020-07-04,US,Oklahoma,Coal,9,0,0,34.58840127,-96.29798747,40029.0,163.7852593266606,0.0,9,8,0,0,8,8,5520,1,0,0,1,0
2020-07-04,US,Oklahoma,Comanche,443,7,0,34.65973764,-98.47195055,40031.0,366.876744320864,1.580135440180587,436,427,7,0,420,418,120422,16,0,0,16,9
2020-07-04,US,Oklahoma,Cotton,7,2,0,34.28845626,-98.37053567,40033.0,123.54394634662901,28.57142857142857,5,6,2,0,4,5,5776,1,0,0,1,1
2020-07-04,US,Oklahoma,Craig,22,0,0,36.76268118,-95.20916602,40035.0,155.56498373638806,0.0,22,22,0,0,22,22,14306,0,0,0,0,0
2020-07-04,US,Oklahoma,Creek,169,7,0,35.90230551,-96.37086028,40037.0,236.29093146164814,4.142011834319527,162,158,7,0,151,151,71604,11,0,0,11,7
2020-07-04,US,Oklahoma,Custer,63,0,0,35.63853802,-99.00170785,40039.0,217.21890838878738,0.0,63,63,0,0,63,54,29036,0,0,0,0,9
2020-07-04,US,Oklahoma,Delaware,172,16,0,36.40823634,-94.80325046,40041.0,399.916296589086,9.30232558139535,156,165,16,0,149,162,42733,7,0,0,7,3
2020-07-04,US,Oklahoma,Dewey,4,0,0,35.98772922,-99.00730714,40043.0,81.78286648947045,0.0,4,4,0,0,4,4,4894,0,0,0,0,0
2020-07-04,US,Oklahoma,Ellis,1,0,0,36.218019399999996,-99.75324573,40045.0,25.91344908007256,0.0,1,1,0,0,1,1,3952,0,0,0,0,0
2020-07-04,US,Oklahoma,Garfield,78,2,0,36.3791334,-97.78265517,40047.0,127.75157232704404,2.5641025641025643,76,75,2,0,73,75,60913,3,0,0,3,0
2020-07-04,US,Oklahoma,Garvin,89,1,0,34.70418038,-97.30811132,40049.0,321.1720977229258,1.1235955056179776,88,81,1,0,80,73,27811,8,0,0,8,8
2020-07-04,US,Oklahoma,Grady,169,5,0,35.0167709,-97.88339847,40051.0,302.6829530393667,2.9585798816568047,164,153,5,0,148,144,55551,16,0,0,16,9
2020-07-04,US,Oklahoma,Grant,2,0,0,36.796296999999996,-97.78638765,40053.0,46.15739672282484,0.0,2,2,0,0,2,2,4326,0,0,0,0,0
2020-07-04,US,Oklahoma,Greer,66,7,0,34.93535801,-99.56056120000001,40055.0,1155.4621848739494,10.606060606060606,59,66,7,0,59,66,5821,0,0,0,0,0
2020-07-04,US,Oklahoma,Harmon,2,0,0,34.7440135,-99.84741652,40057.0,75.38635506973237,0.0,2,1,0,0,1,1,2664,1,0,0,1,0
2020-07-04,US,Oklahoma,Harper,1,0,0,36.78836519,-99.6679804,40059.0,27.11496746203905,0.0,1,1,0,0,1,1,3797,0,0,0,0,0
2020-07-04,US,Oklahoma,Haskell,12,0,0,35.22257600000001,-95.11513306,40061.0,95.03444998812073,0.0,12,11,0,0,11,9,12668,1,0,0,1,2
2020-07-04,US,Oklahoma,Hughes,13,0,0,35.04912569,-96.24921145,40063.0,97.89893817305521,0.0,13,13,0,0,13,11,13335,0,0,0,0,2
2020-07-04,US,Oklahoma,Jackson,47,3,0,34.58781741,-99.41138784,40065.0,191.60211985324088,6.382978723404255,44,43,3,0,40,38,24949,4,0,0,4,5
2020-07-04,US,Oklahoma,Jefferson,10,0,0,34.11130184,-97.83182974,40067.0,166.61112962345885,0.0,10,10,0,0,10,9,6123,0,0,0,0,1
2020-07-04,US,Oklahoma,Johnston,13,0,0,34.31440473,-96.66011537,40069.0,117.27559765448805,0.0,13,13,0,0,13,13,10949,0,0,0,0,0
2020-07-04,US,Oklahoma,Kay,108,7,0,36.81799745,-97.14421435,40071.0,248.05916670494744,6.481481481481483,101,106,7,0,99,104,44161,2,0,0,2,2
2020-07-04,US,Oklahoma,Kingfisher,32,0,0,35.94530008,-97.94193268,40073.0,202.9812876625436,0.0,32,29,0,0,29,27,15816,3,0,0,3,2
2020-07-04,US,Oklahoma,Kiowa,12,1,0,34.91671958,-98.97720696,40075.0,137.80431786862655,8.333333333333334,11,11,1,0,10,10,8729,1,0,0,1,1
2020-07-04,US,Oklahoma,Latimer,14,1,0,34.87844729,-95.25215049,40077.0,138.9854065323141,7.142857142857142,13,14,1,0,13,11,10231,0,0,0,0,3
2020-07-04,US,Oklahoma,Le Flore,35,1,0,34.89851864,-94.70392124,40079.0,70.20640683609814,2.8571428571428568,34,34,1,0,33,33,49980,1,0,0,1,1
2020-07-04,US,Oklahoma,Lincoln,33,2,0,35.70270942,-96.8812462,40081.0,94.61822977893739,6.0606060606060606,31,32,2,0,30,30,34920,1,0,0,1,2
2020-07-04,US,Oklahoma,Logan,55,1,0,35.91899576,-97.44352845,40083.0,114.55708066901337,1.818181818181818,54,54,1,0,53,52,47291,1,0,0,1,2
2020-07-04,US,Oklahoma,Love,31,0,0,33.95273467,-97.23906784,40085.0,302.35053155174097,0.0,31,31,0,0,31,30,10134,0,0,0,0,1
2020-07-04,US,Oklahoma,Major,8,1,0,36.31149996,-98.53467076,40093.0,104.86302267662865,12.5,7,8,1,0,7,8,7644,0,0,0,0,0
2020-07-04,US,Oklahoma,Marshall,36,0,0,34.02311222,-96.76855464,40095.0,212.62772429271752,0.0,36,33,0,0,33,33,16806,3,0,0,3,0
2020-07-04,US,Oklahoma,Mayes,93,5,0,36.30179091,-95.23175116,40097.0,226.2773722627737,5.376344086021504,88,86,5,0,81,83,41107,7,0,0,7,3
2020-07-04,US,Oklahoma,McClain,196,4,0,35.01123903,-97.44572302,40087.0,484.26150121065376,2.0408163265306123,192,191,4,0,187,170,39985,5,0,0,5,21
2020-07-04,US,Oklahoma,McCurtain,534,7,0,34.11664328,-94.77222373,40089.0,1626.4619883040937,1.310861423220974,527,522,7,0,515,501,32703,12,0,0,12,21
2020-07-04,US,Oklahoma,McIntosh,66,1,0,35.37235506,-95.66599306,40091.0,336.80342927127987,1.5151515151515151,65,64,1,0,63,63,19815,2,0,0,2,1
2020-07-04,US,Oklahoma,Murray,21,0,0,34.48116015,-97.06826283,40099.0,149.22191430398638,0.0,21,18,0,0,18,18,13953,3,0,0,3,0
2020-07-04,US,Oklahoma,Muskogee,137,11,0,35.61318461,-95.37802952,40101.0,201.47947703575161,8.02919708029197,126,133,11,0,122,127,68362,4,0,0,4,6
2020-07-04,US,Oklahoma,Noble,40,1,0,36.38953329,-97.22928674,40103.0,359.3567514149672,2.5,39,40,1,0,39,40,11289,0,0,0,0,0
2020-07-04,US,Oklahoma,Nowata,36,1,0,36.79843529,-95.61902331,40105.0,357.28463676061926,2.7777777777777777,35,36,1,0,35,34,10218,0,0,0,0,2
2020-07-04,US,Oklahoma,Okfuskee,16,0,0,35.46485198,-96.32639984,40107.0,133.41115650796294,0.0,16,15,0,0,15,14,12098,1,0,0,1,1
2020-07-04,US,Oklahoma,Oklahoma,3393,70,0,35.55140095,-97.40716948,40109.0,425.4897584000682,2.06307102858827,3323,3263,70,0,3193,3135,792582,130,0,0,130,128
2020-07-04,US,Oklahoma,Okmulgee,68,0,0,35.64661916,-95.96432828,40111.0,176.78408943195114,0.0,68,68,0,0,68,64,38335,0,0,0,0,4
2020-07-04,US,Oklahoma,Osage,182,8,0,36.62888819,-96.39635704,40113.0,387.5391265464302,4.395604395604397,174,176,8,0,168,174,47014,6,0,0,6,2
2020-07-04,US,Oklahoma,Ottawa,80,2,0,36.83532655,-94.81011909,40115.0,257.01159764834387,2.5,78,77,2,0,75,76,31175,3,0,0,3,1
2020-07-04,US,Oklahoma,Pawnee,58,2,0,36.31743373,-96.70331759999999,40117.0,354.17684416218856,3.4482758620689653,56,57,2,0,55,57,16390,1,0,0,1,0
2020-07-04,US,Oklahoma,Payne,417,1,0,36.07695283,-96.97584944,40119.0,509.8796830675927,0.23980815347721826,416,407,1,0,406,398,82040,10,0,0,10,9
2020-07-04,US,Oklahoma,Pittsburg,64,3,0,34.92065823,-95.75134320000001,40121.0,146.60741283731159,4.6875,61,61,3,0,58,59,43877,3,0,0,3,2
2020-07-04,US,Oklahoma,Pontotoc,44,2,0,34.72959848,-96.68337199,40123.0,114.93051927698255,4.545454545454546,42,44,2,0,42,44,38247,0,0,0,0,0
2020-07-04,US,Oklahoma,Pottawatomie,115,4,0,35.20614018,-96.94923008,40125.0,158.4196605686577,3.4782608695652173,111,112,4,0,108,109,72679,3,0,0,3,3
2020-07-04,US,Oklahoma,Pushmataha,17,0,0,34.41635232,-95.37603505,40127.0,153.2083633741889,0.0,17,16,0,0,16,15,11179,1,0,0,1,1
2020-07-04,US,Oklahoma,Rogers,214,6,0,36.37004357,-95.60406759,40131.0,231.4539417471528,2.803738317757009,208,202,6,0,196,192,91984,12,0,0,12,10
2020-07-04,US,Oklahoma,Seminole,43,3,0,35.16478725,-96.61686741,40133.0,177.26110973699397,6.9767441860465125,40,43,3,0,40,43,24578,0,0,0,0,0
2020-07-04,US,Oklahoma,Sequoyah,46,3,0,35.49447108,-94.75463785,40135.0,110.65938559984603,6.521739130434782,43,44,3,0,41,41,41179,2,0,0,2,3
2020-07-04,US,Oklahoma,Stephens,65,1,0,34.48556989,-97.85141892,40137.0,150.6617527756531,1.5384615384615383,64,64,1,0,63,63,43265,1,0,0,1,1
2020-07-04,US,Oklahoma,Texas,993,6,0,36.74777635,-101.4889765,40139.0,4969.223840264224,0.6042296072507553,987,990,6,0,984,986,20455,3,0,0,3,4
2020-07-04,US,Oklahoma,Tillman,25,1,0,34.37288446,-98.92426619,40141.0,344.82758620689657,4.0,24,24,1,0,23,24,7348,1,0,0,1,0
2020-07-04,US,Oklahoma,Tulsa,3974,72,0,36.11939621,-95.94013939,40143.0,609.9282942880998,1.8117765475591343,3902,3792,72,0,3720,3680,648360,182,0,0,182,112
2020-07-04,US,Oklahoma,Wagoner,308,19,0,35.96024096,-95.51911308,40145.0,378.8950534512665,6.1688311688311686,289,289,19,0,270,277,80110,19,0,0,19,12
2020-07-04,US,Oklahoma,Washington,403,39,0,36.71380786,-95.90514104,40147.0,782.1142313738428,9.677419354838712,364,401,39,0,362,401,51843,2,0,0,2,0
2020-07-04,US,Oklahoma,Washita,5,0,0,35.29071824,-98.99180434,40149.0,45.80432392817882,0.0,5,5,0,0,5,4,11127,0,0,0,0,1
2020-07-04,US,Oklahoma,Woods,7,0,0,36.76705782,-98.86573064,40151.0,79.60877971113386,0.0,7,7,0,0,7,7,8897,0,0,0,0,0
2020-07-04,US,Oklahoma,Woodward,13,0,0,36.42316318,-99.26283045,40153.0,64.3214091336401,0.0,13,12,0,0,12,12,20222,1,0,0,1,0
2020-07-04,US,Oregon,Baker,5,0,0,44.70915557,-117.6749883,41001.0,31.009675018605805,0.0,5,4,0,0,4,4,16006,1,0,0,1,0
2020-07-04,US,Oregon,Benton,93,5,0,44.49167306,-123.4316987,41003.0,99.943043211933,5.376344086021504,88,91,5,0,86,83,92101,2,0,0,2,8
2020-07-04,US,Oregon,Clackamas,821,25,0,45.18787398,-122.2179634,41005.0,196.32365425037125,3.0450669914738118,796,795,24,0,771,773,416075,26,1,0,25,22
2020-07-04,US,Oregon,Clatsop,51,0,0,45.99712889,-123.660711,41007.0,126.78997613365156,0.0,51,49,0,0,49,49,39764,2,0,0,2,0
2020-07-04,US,Oregon,Columbia,36,0,0,45.94464254,-123.0890898,41009.0,68.76265423845359,0.0,36,35,0,0,35,31,52377,1,0,0,1,4
2020-07-04,US,Oregon,Coos,42,0,0,43.17406868,-124.0594514,41011.0,65.12940592677595,0.0,42,42,0,0,42,41,64389,0,0,0,0,1
2020-07-04,US,Oregon,Crook,12,0,0,44.14230227,-120.356297,41013.0,49.17226684150139,0.0,12,12,0,0,12,11,23867,0,0,0,0,1
2020-07-04,US,Oregon,Curry,8,0,0,42.45911325,-124.157282,41015.0,34.89640130861505,0.0,8,8,0,0,8,7,22813,0,0,0,0,1
2020-07-04,US,Oregon,Deschutes,211,0,0,43.91570171,-121.2289121,41017.0,106.73168362907957,0.0,211,201,0,0,201,192,191996,10,0,0,10,9
2020-07-04,US,Oregon,Douglas,46,0,0,43.27941273,-123.167291,41019.0,41.44890971346189,0.0,46,45,0,0,45,44,110283,1,0,0,1,1
2020-07-04,US,Oregon,Gilliam,1,0,0,45.37160076,-120.2048869,41021.0,52.30125523012552,0.0,1,,,,,,1894,,,,,
2020-07-04,US,Oregon,Grant,1,0,0,44.49024544,-119.0068631,41023.0,13.890818169190164,0.0,1,1,0,0,1,1,7176,0,0,0,0,0
2020-07-04,US,Oregon,Harney,1,0,0,43.06422669,-118.9666306,41025.0,13.526308670363855,0.0,1,1,0,0,1,1,7329,0,0,0,0,0
2020-07-04,US,Oregon,Hood River,88,0,0,45.51872811,-121.65520359999998,41027.0,376.35788213155416,0.0,88,88,0,0,88,88,23428,0,0,0,0,0
2020-07-04,US,Oregon,Jackson,147,0,0,42.43201126,-122.7289309,41029.0,66.53269606778188,0.0,147,140,0,0,140,131,219564,7,0,0,7,9
2020-07-04,US,Oregon,Jefferson,132,0,0,44.62806839,-121.17832,41031.0,535.3232216724796,0.0,132,131,0,0,131,126,24192,1,0,0,1,5
2020-07-04,US,Oregon,Josephine,52,1,0,42.3665549,-123.5561938,41033.0,59.43740212831622,1.9230769230769231,51,44,1,0,43,41,87393,8,0,0,8,3
2020-07-04,US,Oregon,Klamath,130,1,0,42.68762984,-121.64964609999998,41035.0,190.5096866848384,0.7692307692307693,129,125,1,0,124,123,67653,5,0,0,5,2
2020-07-04,US,Oregon,Lake,21,0,0,42.79246693,-120.3850163,41037.0,266.8699961875715,0.0,21,20,0,0,20,19,7879,1,0,0,1,1
2020-07-04,US,Oregon,Lane,208,3,0,43.93727035,-122.847753,41039.0,54.440713278037606,1.4423076923076923,205,196,3,0,193,180,379611,12,0,0,12,16
2020-07-04,US,Oregon,Lincoln,346,3,0,44.64252874,-123.869912,41041.0,692.5263200032024,0.8670520231213873,343,345,2,0,343,327,49388,1,1,0,0,18
2020-07-04,US,Oregon,Linn,157,9,0,44.48899494,-122.5373154,41043.0,121.00285936693152,5.732484076433121,148,156,9,0,147,154,127335,1,0,0,1,2
2020-07-04,US,Oregon,Malheur,191,1,0,43.1937027,-117.6227395,41045.0,624.7751136698178,0.5235602094240838,190,160,1,0,159,140,30725,31,0,0,31,20
2020-07-04,US,Oregon,Marion,1610,47,0,44.90287942,-122.5815117,41047.0,462.88576209396865,2.919254658385093,1563,1595,47,0,1548,1564,346868,15,0,0,15,31
2020-07-04,US,Oregon,Morrow,93,1,0,45.41846568,-119.584546,41049.0,801.5168490907524,1.075268817204301,92,82,1,0,81,72,11372,11,0,0,11,10
2020-07-04,US,Oregon,Multnomah,2417,69,0,45.54747959,-122.4169351,41051.0,297.34700530844987,2.8547786512205215,2348,2361,69,0,2292,2301,811880,56,0,0,56,60
2020-07-04,US,Oregon,Polk,159,12,0,44.90322804,-123.4128888,41053.0,184.70116745077544,7.547169811320754,147,154,12,0,142,149,85234,5,0,0,5,5
2020-07-04,US,Oregon,Sherman,2,0,0,45.41501554,-120.6827834,41055.0,112.35955056179779,0.0,2,2,0,0,2,1,1708,0,0,0,0,1
2020-07-04,US,Oregon,Tillamook,14,0,0,45.46248721,-123.712066,41057.0,51.78280810770824,0.0,14,13,0,0,13,12,26787,1,0,0,1,1
2020-07-04,US,Oregon,Umatilla,716,6,0,45.59073056,-118.7353826,41059.0,918.5375240538808,0.8379888268156425,710,667,4,0,663,620,77516,49,2,0,47,47
2020-07-04,US,Oregon,Union,355,1,0,45.30915495,-118.0068979,41061.0,1322.8991988075275,0.28169014084507044,354,355,1,0,354,347,26461,0,0,0,0,8
2020-07-04,US,Oregon,Wallowa,10,0,0,45.57894064,-117.18353799999998,41063.0,138.73473917869035,0.0,10,10,0,0,10,10,7081,0,0,0,0,0
2020-07-04,US,Oregon,Wasco,88,1,0,45.16292781,-121.1670954,41065.0,329.81035904355,1.1363636363636365,87,85,1,0,84,75,26505,3,0,0,3,10
2020-07-04,US,Oregon,Washington,1534,20,0,45.55972701,-123.0955257,41067.0,254.99009295336373,1.303780964797914,1514,1491,20,0,1471,1446,597695,43,0,0,43,45
2020-07-04,US,Oregon,Yamhill,132,8,0,45.23330449,-123.3086963,41071.0,123.24929971988796,6.0606060606060606,124,132,8,0,124,131,107002,0,0,0,0,1
2020-07-04,US,Pennsylvania,Adams,349,13,0,39.87140411,-77.21610347,42001.0,338.8053471055927,3.7249283667621778,336,344,13,0,331,342,102811,5,0,0,5,2
2020-07-04,US,Pennsylvania,Allegheny,3430,190,0,40.46809875,-79.98167747,42003.0,282.0619302739619,5.539358600583091,3240,3280,190,0,3090,3103,1218452,150,0,0,150,177
2020-07-04,US,Pennsylvania,Armstrong,79,6,0,40.81665618,-79.46290811,42005.0,122.03599289410671,7.594936708860758,73,78,6,0,72,77,65263,1,0,0,1,1
2020-07-04,US,Pennsylvania,Beaver,720,79,0,40.6825484,-80.34921611,42007.0,439.2145380012078,10.972222222222221,641,706,79,0,627,688,164742,14,0,0,14,18
2020-07-04,US,Pennsylvania,Bedford,89,4,0,40.00522157,-78.48998442,42009.0,185.85031740728363,4.49438202247191,85,89,4,0,85,88,48176,0,0,0,0,1
2020-07-04,US,Pennsylvania,Berks,4571,352,0,40.41570541,-75.92457766,42011.0,1085.3254314233884,7.700721942682128,4219,4569,352,0,4217,4563,420152,2,0,0,2,6
2020-07-04,US,Pennsylvania,Blair,81,1,0,40.47961444,-78.34917412,42013.0,66.48663290349589,1.2345679012345678,80,79,1,0,78,74,122492,2,0,0,2,5
2020-07-04,US,Pennsylvania,Bradford,57,3,0,41.78869215,-76.51570822,42015.0,94.49132171808432,5.2631578947368425,54,57,3,0,54,58,60833,0,0,0,0,-1
2020-07-04,US,Pennsylvania,Bucks,5844,567,0,40.33682119,-75.10836643,42017.0,930.1733331211104,9.702258726899384,5277,5829,567,0,5262,5801,628195,15,0,0,15,28
2020-07-04,US,Pennsylvania,Butler,340,13,0,40.91152759,-79.91351055,42019.0,180.99258462734159,3.8235294117647056,327,330,13,0,317,319,187888,10,0,0,10,11
2020-07-04,US,Pennsylvania,Cambria,94,3,0,40.49527404,-78.71377428,42021.0,72.20105690057761,3.191489361702128,91,90,3,0,87,85,131730,4,0,0,4,5
2020-07-04,US,Pennsylvania,Cameron,4,0,0,41.43625568,-78.20376845,42023.0,89.94827973915001,0.0,4,3,0,0,3,3,4492,1,0,0,1,0
2020-07-04,US,Pennsylvania,Carbon,286,26,0,40.91545395,-75.7068525,42025.0,445.60780281075694,9.090909090909092,260,284,26,0,258,283,64227,2,0,0,2,1
2020-07-04,US,Pennsylvania,Centre,224,7,0,40.92058903,-77.82200624,42027.0,137.9437755950365,3.125,217,218,7,0,211,211,162805,6,0,0,6,7
2020-07-04,US,Pennsylvania,Chester,3800,329,0,39.97291773,-75.74768357,42029.0,723.8246896601642,8.657894736842103,3471,3781,329,0,3452,3751,522046,19,0,0,19,30
2020-07-04,US,Pennsylvania,Clarion,42,2,0,41.19265812,-79.42413524,42031.0,109.26687132525106,4.761904761904762,40,40,2,0,38,36,38779,2,0,0,2,4
2020-07-04,US,Pennsylvania,Clearfield,74,0,0,41.00110782,-78.47592663,42033.0,93.36950350135638,0.0,74,74,0,0,74,75,79388,0,0,0,0,-1
2020-07-04,US,Pennsylvania,Clinton,80,4,0,41.23255967,-77.63785995,42035.0,207.08221163802028,5.0,76,80,4,0,76,80,38684,0,0,0,0,0
2020-07-04,US,Pennsylvania,Columbia,408,34,0,41.04821986,-76.40565017,42037.0,628.0401453112493,8.333333333333334,374,407,34,0,373,405,65456,1,0,0,1,2
2020-07-04,US,Pennsylvania,Crawford,62,0,0,41.68447709,-80.10760592,42039.0,73.26093892164623,0.0,62,62,0,0,62,59,85063,0,0,0,0,3
2020-07-04,US,Pennsylvania,Cumberland,881,64,0,40.1625372,-77.26130755,42041.0,347.712831037613,7.264472190692395,817,871,64,0,807,866,251423,10,0,0,10,5
2020-07-04,US,Pennsylvania,Dauphin,2174,140,0,40.41377078,-76.77993242,42043.0,781.1742047222591,6.439742410303588,2034,2161,140,0,2021,2120,277097,13,0,0,13,41
2020-07-04,US,Pennsylvania,Delaware,7303,659,0,39.91680171,-75.40243663,42045.0,1288.5820304298038,9.023688894974669,6644,7288,659,0,6629,7253,564751,15,0,0,15,35
2020-07-04,US,Pennsylvania,Elk,19,0,0,41.42822061,-78.64524744,42047.0,63.523905048478774,0.0,19,16,0,0,16,15,30169,3,0,0,3,1
2020-07-04,US,Pennsylvania,Erie,646,12,0,41.99253829,-80.03301954,42049.0,239.5005338711591,1.8575851393188851,634,642,12,0,630,626,272061,4,0,0,4,16
2020-07-04,US,Pennsylvania,Fayette,135,4,0,39.92041012,-79.64291195,42051.0,104.42935160975912,2.962962962962963,131,132,4,0,128,127,130441,3,0,0,3,5
2020-07-04,US,Pennsylvania,Forest,7,0,0,41.51095103,-79.23229292,42053.0,96.59169311439214,0.0,7,7,0,0,7,7,7279,0,0,0,0,0
2020-07-04,US,Pennsylvania,Franklin,955,44,0,39.92956518,-77.72157791,42055.0,616.0217252478601,4.6073298429319385,911,954,44,0,910,950,154835,1,0,0,1,4
2020-07-04,US,Pennsylvania,Fulton,18,1,0,39.92913544,-78.11163677,42057.0,123.88162422573986,5.5555555555555545,17,18,1,0,17,18,14523,0,0,0,0,0
2020-07-04,US,Pennsylvania,Greene,42,0,0,39.85746531,-80.22357106,42059.0,115.91642977396296,0.0,42,41,0,0,41,41,36506,1,0,0,1,0
2020-07-04,US,Pennsylvania,Huntingdon,254,4,0,40.42162652,-77.97673273,42061.0,562.6439836966152,1.5748031496062993,250,254,4,0,250,252,45168,0,0,0,0,2
2020-07-04,US,Pennsylvania,Indiana,114,6,0,40.65241041,-79.08963285,42063.0,135.5964459457852,5.2631578947368425,108,114,6,0,108,112,84501,0,0,0,0,2
2020-07-04,US,Pennsylvania,Jefferson,28,1,0,41.12913106,-78.9986361,42065.0,64.4789867587795,3.571428571428572,27,25,1,0,24,24,43641,3,0,0,3,1
2020-07-04,US,Pennsylvania,Juniata,113,6,0,40.53358749,-77.39975129999998,42067.0,456.325970197472,5.3097345132743365,107,113,6,0,107,113,24704,0,0,0,0,0
2020-07-04,US,Pennsylvania,Lackawanna,1725,207,0,41.43564672,-75.60379201,42069.0,822.7057241241165,12.0,1518,1719,207,0,1512,1714,210793,6,0,0,6,5
2020-07-04,US,Pennsylvania,Lancaster,4572,366,0,40.03904563,-76.24770128,42071.0,837.7861336499768,8.005249343832022,4206,4530,365,0,4165,4504,543557,42,1,0,41,26
2020-07-04,US,Pennsylvania,Lawrence,114,9,0,40.99206278,-80.33393706,42073.0,133.3146225091215,7.894736842105262,105,110,9,0,101,107,86184,4,0,0,4,3
2020-07-04,US,Pennsylvania,Lebanon,1380,44,0,40.36680311,-76.45651841,42075.0,973.2497372930964,3.188405797101449,1336,1375,43,0,1332,1361,141314,5,1,0,4,14
2020-07-04,US,Pennsylvania,Lehigh,4303,307,0,40.6154815,-75.59435245,42077.0,1165.1205735978208,7.134557285614688,3996,4292,307,0,3985,4280,368100,11,0,0,11,12
2020-07-04,US,Pennsylvania,Luzerne,2950,178,0,41.17823008,-75.98447579,42079.0,929.3768134661976,6.033898305084746,2772,2939,178,0,2761,2927,317646,11,0,0,11,12
2020-07-04,US,Pennsylvania,Lycoming,208,20,0,41.34310539,-77.06629984,42081.0,183.58502722883696,9.615384615384617,188,196,20,0,176,193,113664,12,0,0,12,3
2020-07-04,US,Pennsylvania,McKean,20,1,0,41.80938602,-78.56478358,42083.0,49.23076923076921,5.0,19,20,1,0,19,18,40968,0,0,0,0,2
2020-07-04,US,Pennsylvania,Mercer,150,6,0,41.30248872,-80.25816981,42085.0,137.0814446556514,4.0,144,143,6,0,137,142,110683,7,0,0,7,1
2020-07-04,US,Pennsylvania,Mifflin,64,1,0,40.61116939,-77.61070738,42087.0,138.71429190688804,1.5625,63,63,1,0,62,63,46222,1,0,0,1,0
2020-07-04,US,Pennsylvania,Monroe,1434,109,0,41.05934058,-75.34031025,42089.0,842.1868668181899,7.601115760111576,1325,1430,109,0,1321,1428,169507,4,0,0,4,2
2020-07-04,US,Pennsylvania,Montgomery,8589,810,0,40.21053671,-75.36652296,42091.0,1033.6797386014214,9.430667132378623,7779,8562,810,0,7752,8514,828604,27,0,0,27,48
2020-07-04,US,Pennsylvania,Montour,75,2,0,41.03023987,-76.66345939,42093.0,411.4097641250686,2.6666666666666665,73,75,1,0,74,75,18240,0,1,0,-1,0
2020-07-04,US,Pennsylvania,Northampton,3463,272,0,40.75182733,-75.30471829,42095.0,1134.3498697937994,7.854461449610166,3191,3458,272,0,3186,3441,304807,5,0,0,5,17
2020-07-04,US,Pennsylvania,Northumberland,323,8,0,40.84785433,-76.70798222,42097.0,355.5584910229737,2.476780185758514,315,320,8,0,312,316,91083,3,0,0,3,4
2020-07-04,US,Pennsylvania,Perry,86,5,0,40.40206612,-77.26297447,42099.0,185.85753803596126,5.813953488372092,81,86,5,0,81,86,46139,0,0,0,0,0
2020-07-04,US,Pennsylvania,Philadelphia,26565,1619,0,40.00338507,-75.1379271,42101.0,1677.0155751282775,6.0944852249200085,24946,26536,1619,0,24917,26400,1584138,29,0,0,29,136
2020-07-04,US,Pennsylvania,Pike,502,21,0,41.33155042,-75.03208106,42103.0,899.4964969807738,4.183266932270916,481,500,21,0,479,498,55933,2,0,0,2,2
2020-07-04,US,Pennsylvania,Potter,17,0,0,41.74471626,-77.89559864,42105.0,102.86820767275809,0.0,17,17,0,0,17,16,16622,0,0,0,0,1
2020-07-04,US,Pennsylvania,Schuylkill,754,44,0,40.70497338,-76.2150785,42107.0,533.3936997290587,5.835543766578248,710,753,44,0,709,750,142067,1,0,0,1,3
2020-07-04,US,Pennsylvania,Snyder,68,2,0,40.77129231,-77.06840691,42109.0,168.43356781928068,2.9411764705882355,66,67,2,0,65,67,40540,1,0,0,1,0
2020-07-04,US,Pennsylvania,Somerset,63,1,0,39.97172723,-79.02699593,42111.0,85.77613789535313,1.5873015873015872,62,63,1,0,62,62,73952,0,0,0,0,1
2020-07-04,US,Pennsylvania,Sullivan,10,0,0,41.44634738,-76.51246591,42113.0,164.85328058028355,0.0,10,6,0,0,6,6,6071,4,0,0,4,0
2020-07-04,US,Pennsylvania,Susquehanna,185,24,0,41.82147784,-75.80071959,42115.0,458.738345566356,12.972972972972975,161,185,24,0,161,183,40589,0,0,0,0,2
2020-07-04,US,Pennsylvania,Tioga,26,2,0,41.77255149,-77.25433032,42117.0,64.05360794264739,7.6923076923076925,24,26,2,0,24,25,40763,0,0,0,0,1
2020-07-04,US,Pennsylvania,Union,95,2,0,40.96188846,-77.05996014,42119.0,211.47296485096717,2.1052631578947367,93,94,2,0,92,93,44785,1,0,0,1,1
2020-07-04,US,Pennsylvania,Venango,23,0,0,41.40323442,-79.75845449,42121.0,45.39354227520329,0.0,23,23,0,0,23,23,51266,0,0,0,0,0
2020-07-04,US,Pennsylvania,Warren,7,1,0,41.81304978,-79.26969577,42123.0,17.861243652879487,14.285714285714285,6,7,1,0,6,7,39498,0,0,0,0,0
2020-07-04,US,Pennsylvania,Washington,279,6,0,40.19208869,-80.24582867,42125.0,134.87056776158363,2.150537634408602,273,259,6,0,253,244,207346,20,0,0,20,15
2020-07-04,US,Pennsylvania,Wayne,141,9,0,41.64938475,-75.29956506,42127.0,274.52736512139563,6.382978723404255,132,142,9,0,133,140,51276,-1,0,0,-1,2
2020-07-04,US,Pennsylvania,Westmoreland,774,38,0,40.31377979999999,-79.46615476,42129.0,221.84070461652226,4.909560723514212,736,744,38,0,706,711,350611,30,0,0,30,33
2020-07-04,US,Pennsylvania,Wyoming,39,7,0,41.51955538,-76.01074915,42131.0,145.55497499440173,17.94871794871795,32,39,7,0,32,38,27046,0,0,0,0,1
2020-07-04,US,Pennsylvania,York,1595,54,0,39.9210089,-76.73040131,42133.0,355.18797126429115,3.3855799373040756,1541,1577,54,0,1523,1555,448273,18,0,0,18,22
2020-07-04,US,Rhode Island,Bristol,256,0,0,41.71018079,-71.28652315,44001.0,528.0636976835331,0.0,256,256,0,0,256,253,48649,0,0,0,0,3
2020-07-04,US,Rhode Island,Kent,1234,0,0,41.67106337,-71.57641596,44003.0,751.1016969785504,0.0,1234,1234,0,0,1234,1199,163861,0,0,0,0,35
2020-07-04,US,Rhode Island,Newport,331,0,0,41.5642026,-71.26569799,44005.0,403.25528130406167,0.0,331,331,0,0,331,308,82542,0,0,0,0,23
2020-07-04,US,Rhode Island,Providence,13144,0,0,41.87064746,-71.57753536,44007.0,2057.1861437307,0.0,13144,13144,0,0,13144,12937,636084,0,0,0,0,207
2020-07-04,US,Rhode Island,Unassigned,1488,960,0,0.0,0.0,90044.0,0.0,64.51612903225806,528,1488,960,0,528,1712,,0,0,0,0,-224
2020-07-04,US,Rhode Island,Washington,538,0,0,41.45961631,-71.61435303,44009.0,428.4224021914842,0.0,538,538,0,0,538,532,126179,0,0,0,0,6
2020-07-04,US,South Carolina,Abbeville,119,0,0,34.22333378,-82.46170658,45001.0,485.1795979940474,0.0,119,118,0,0,118,119,24541,1,0,0,1,-1
2020-07-04,US,South Carolina,Aiken,488,10,0,33.54338026,-81.63645384,45003.0,285.59389484526434,2.0491803278688523,478,451,10,0,441,434,169401,37,0,0,37,17
2020-07-04,US,South Carolina,Allendale,58,3,0,32.98837386,-81.35321066,45005.0,667.5874769797423,5.172413793103448,55,58,3,0,55,58,8903,0,0,0,0,0
2020-07-04,US,South Carolina,Anderson,761,12,0,34.51828081,-82.63959517,45007.0,375.6948627059904,1.5768725361366622,749,742,12,0,730,676,200482,19,0,0,19,66
2020-07-04,US,South Carolina,Bamberg,144,1,0,33.21927586,-81.05659969,45009.0,1023.7452011943692,0.6944444444444444,143,140,1,0,139,130,14275,4,0,0,4,10
2020-07-04,US,South Carolina,Barnwell,91,1,0,33.26679302,-81.43584352,45011.0,436.116169845682,1.0989010989010992,90,88,1,0,87,86,21112,3,0,0,3,2
2020-07-04,US,South Carolina,Beaufort,1413,22,0,32.39226291,-80.72619758,45013.0,735.4701699961482,1.5569709837225758,1391,1376,21,0,1355,1325,188715,37,1,0,36,51
2020-07-04,US,South Carolina,Berkeley,1467,24,0,33.20222596,-79.94654523,45015.0,643.6836077873869,1.6359918200408998,1443,1392,23,0,1369,1278,221091,75,1,0,74,114
2020-07-04,US,South Carolina,Calhoun,105,2,0,33.66926881,-80.77722168,45017.0,721.5007215007214,1.9047619047619049,103,103,2,0,101,99,14520,2,0,0,2,4
2020-07-04,US,South Carolina,Charleston,5376,35,0,32.82487866,-79.96512315,45019.0,1306.7383557847963,0.6510416666666666,5341,5033,34,0,4999,4615,405905,343,1,0,342,418
2020-07-04,US,South Carolina,Cherokee,180,7,0,35.05122251,-81.61828622,45021.0,314.13612565445027,3.888888888888889,173,173,7,0,166,169,57078,7,0,0,7,4
2020-07-04,US,South Carolina,Chester,222,2,0,34.69249168,-81.1583216,45023.0,688.5001860811312,0.9009009009009008,220,217,1,0,216,201,32251,5,1,0,4,16
2020-07-04,US,South Carolina,Chesterfield,389,14,0,34.64137396,-80.15640140000002,45025.0,852.1358159912378,3.5989717223650386,375,385,14,0,371,376,45754,4,0,0,4,9
2020-07-04,US,South Carolina,Clarendon,442,43,0,33.66610974,-80.21647898,45027.0,1309.823677581864,9.728506787330316,399,435,43,0,392,423,33700,7,0,0,7,12
2020-07-04,US,South Carolina,Colleton,364,22,0,32.87582989,-80.67641292,45029.0,966.1066433102424,6.043956043956044,342,352,22,0,330,343,37660,12,0,0,12,9
2020-07-04,US,South Carolina,Darlington,484,15,0,34.33358335,-79.96027485,45031.0,726.5303671680327,3.0991735537190084,469,469,15,0,454,461,66802,15,0,0,15,8
2020-07-04,US,South Carolina,Dillon,330,10,0,34.39007791,-79.37741872,45033.0,1082.712687424128,3.0303030303030303,320,321,10,0,311,316,30599,9,0,0,9,5
2020-07-04,US,South Carolina,Dorchester,1004,4,0,33.0794369,-80.40502652,45035.0,616.6735254193566,0.398406374501992,1000,928,3,0,925,844,160647,76,1,0,75,84
2020-07-04,US,South Carolina,Edgefield,95,3,0,33.77221995,-81.96231108,45037.0,348.4959647835657,3.1578947368421053,92,90,3,0,87,86,27052,5,0,0,5,4
2020-07-04,US,South Carolina,Fairfield,311,22,0,34.39287073,-81.1195624,45039.0,1391.6856848794018,7.07395498392283,289,305,22,0,283,303,22402,6,0,0,6,2
2020-07-04,US,South Carolina,Florence,1355,56,0,34.02361754,-79.70189312,45041.0,979.8037500090387,4.132841328413284,1299,1296,55,0,1241,1266,138159,59,1,0,58,30
2020-07-04,US,South Carolina,Georgetown,623,5,0,33.43443342,-79.33202141,45043.0,993.9374601148693,0.8025682182985554,618,549,4,0,545,506,62249,74,1,0,73,43
2020-07-04,US,South Carolina,Greenville,5696,86,0,34.89502264,-82.37295012,45045.0,1087.9738397301458,1.5098314606741574,5610,5497,86,0,5411,5371,514213,199,0,0,199,126
2020-07-04,US,South Carolina,Greenwood,534,7,0,34.15272415,-82.12715789,45047.0,754.1201225798253,1.310861423220974,527,528,7,0,521,527,70741,6,0,0,6,1
2020-07-04,US,South Carolina,Hampton,81,2,0,32.77419582,-81.13845571,45049.0,421.3921548225991,2.469135802469136,79,79,2,0,77,74,19351,2,0,0,2,5
2020-07-04,US,South Carolina,Horry,4324,54,0,33.9212828,-78.99555293,45051.0,1221.18950183715,1.2488436632747455,4270,3966,50,0,3916,3730,344147,358,4,0,354,236
2020-07-04,US,South Carolina,Jasper,170,3,0,32.43171982,-81.02487495,45053.0,565.2911249293386,1.7647058823529411,167,170,3,0,167,142,28971,0,0,0,0,28
2020-07-04,US,South Carolina,Kershaw,744,17,0,34.33988254,-80.58763164,45055.0,1117.9396252498084,2.28494623655914,727,725,17,0,708,708,65592,19,0,0,19,17
2020-07-04,US,South Carolina,Lancaster,547,13,0,34.68270843,-80.70513032,45057.0,558.0949271517774,2.376599634369287,534,519,13,0,506,506,95380,28,0,0,28,13
2020-07-04,US,South Carolina,Laurens,565,9,0,34.48244419,-82.00490796,45059.0,837.1238498807284,1.5929203539823011,556,546,8,0,538,521,66994,19,1,0,18,25
2020-07-04,US,South Carolina,Lee,307,22,0,34.16393091,-80.25690731,45061.0,1824.3403850724985,7.166123778501627,285,301,22,0,279,295,17142,6,0,0,6,6
2020-07-04,US,South Carolina,Lexington,2322,56,0,33.89665987,-81.27146426,45063.0,777.2384937238494,2.411714039621016,2266,2281,53,0,2228,2236,295032,41,3,0,38,45
2020-07-04,US,South Carolina,Marion,262,8,0,34.07859748,-79.36400756,45067.0,854.6172162964411,3.053435114503817,254,234,8,0,226,214,31039,28,0,0,28,20
2020-07-04,US,South Carolina,Marlboro,313,4,0,34.59905577,-79.67561152,45069.0,1198.4072287311433,1.2779552715654952,309,311,4,0,307,310,26398,2,0,0,2,1
2020-07-04,US,South Carolina,McCormick,21,2,0,33.90161443,-82.30794338,45065.0,221.91693965972732,9.523809523809524,19,18,2,0,16,17,9410,3,0,0,3,1
2020-07-04,US,South Carolina,Newberry,291,5,0,34.28629098,-81.59935761,45071.0,757.0239334027057,1.718213058419244,286,287,4,0,283,270,38520,4,1,0,3,17
2020-07-04,US,South Carolina,Oconee,318,1,0,34.75225169,-83.06742317,45073.0,399.76868730042986,0.31446540880503143,317,304,1,0,303,290,78374,14,0,0,14,14
2020-07-04,US,South Carolina,Orangeburg,882,15,0,33.4391073,-80.79886287,45075.0,1023.4986945169712,1.7006802721088434,867,853,14,0,839,813,86934,29,1,0,28,40
2020-07-04,US,South Carolina,Pickens,942,5,0,34.88807695,-82.72791551,45077.0,742.4103905929826,0.5307855626326964,937,921,5,0,916,896,124937,21,0,0,21,25
2020-07-04,US,South Carolina,Richland,4013,87,0,34.01791263,-80.90267209,45079.0,965.2226410011572,2.167954149015699,3926,3866,86,0,3780,3757,414576,147,1,0,146,109
2020-07-04,US,South Carolina,Saluda,226,1,0,34.00795823,-81.72713237,45081.0,1103.892932154545,0.4424778761061947,225,224,1,0,223,219,20544,2,0,0,2,5
2020-07-04,US,South Carolina,Spartanburg,1835,50,0,34.92960077,-81.99225984,45083.0,573.8230373532217,2.7247956403269757,1785,1798,49,0,1749,1767,313888,37,1,0,36,31
2020-07-04,US,South Carolina,Sumter,1185,26,0,33.91826534,-80.37942316,45085.0,1110.3719043112417,2.1940928270042197,1159,1158,25,0,1133,1115,106512,27,1,0,26,43
2020-07-04,US,South Carolina,Union,101,0,0,34.68835752,-81.61730349,45087.0,369.7466686191243,0.0,101,98,0,0,98,95,27410,3,0,0,3,3
2020-07-04,US,South Carolina,Williamsburg,430,15,0,33.62190129,-79.72767442,45089.0,1415.964172813488,3.4883720930232562,415,421,15,0,406,413,30606,9,0,0,9,8
2020-07-04,US,South Carolina,York,1456,12,0,34.97281497,-81.18085944,45091.0,518.1881920001139,0.8241758241758241,1444,1406,12,0,1394,1301,274118,50,0,0,50,105
2020-07-04,US,South Dakota,Aurora,34,0,0,43.71757685,-98.56050467,46003.0,1235.9142130134496,0.0,34,34,0,0,34,34,2801,0,0,0,0,0
2020-07-04,US,South Dakota,Beadle,539,7,0,44.41464384,-98.27858469,46005.0,2920.9342654310954,1.2987012987012987,532,539,7,0,532,532,18883,0,0,0,0,7
2020-07-04,US,South Dakota,Bennett,4,0,0,43.19486375,-101.6665572,46007.0,118.87072808320951,0.0,4,4,0,0,4,4,3468,0,0,0,0,0
2020-07-04,US,South Dakota,Bon Homme,11,0,0,42.98914167,-97.88592746,46009.0,159.39718881321548,0.0,11,11,0,0,11,11,6980,0,0,0,0,0
2020-07-04,US,South Dakota,Brookings,73,0,0,44.36974375,-96.79079945,46011.0,208.11357869829232,0.0,73,70,0,0,70,68,35232,3,0,0,3,2
2020-07-04,US,South Dakota,Brown,343,2,0,45.58994323,-98.35165355,46013.0,883.1329333916939,0.5830903790087464,341,344,2,0,342,344,39316,-1,0,0,-1,0
2020-07-04,US,South Dakota,Brule,29,0,0,43.71756379,-99.08118954,46015.0,547.4797054936756,0.0,29,29,0,0,29,26,5229,0,0,0,0,3
2020-07-04,US,South Dakota,Buffalo,76,3,0,44.07657829,-99.20814467,46017.0,3873.598369011213,3.947368421052632,73,76,3,0,73,72,2036,0,0,0,0,4
2020-07-04,US,South Dakota,Campbell,1,0,0,45.77074915,-100.0510181,46021.0,72.67441860465118,0.0,1,1,0,0,1,,1377,0,0,0,0,
2020-07-04,US,South Dakota,Charles Mix,91,0,0,43.20660134,-98.58856175,46023.0,979.3370641411967,0.0,91,90,0,0,90,86,9338,1,0,0,1,4
2020-07-04,US,South Dakota,Clark,15,0,0,44.85834507,-97.72925109,46025.0,401.4989293361885,0.0,15,15,0,0,15,15,3739,0,0,0,0,0
2020-07-04,US,South Dakota,Clay,87,0,0,42.91296147,-96.97656917,46027.0,618.3368869936036,0.0,87,87,0,0,87,85,14041,0,0,0,0,2
2020-07-04,US,South Dakota,Codington,83,0,0,44.97788119,-97.18827677,46029.0,296.3333214323967,0.0,83,75,0,0,75,72,28015,8,0,0,8,3
2020-07-04,US,South Dakota,Corson,19,0,0,45.70889983,-101.1970473,46031.0,465.00244738130203,0.0,19,18,0,0,18,18,4165,1,0,0,1,0
2020-07-04,US,South Dakota,Custer,10,0,0,43.67741105,-103.45345209999999,46033.0,111.45786892554614,0.0,10,10,0,0,10,10,8726,0,0,0,0,0
2020-07-04,US,South Dakota,Davison,44,0,0,43.67490933,-98.14458906,46035.0,222.5031605562579,0.0,44,44,0,0,44,43,19790,0,0,0,0,1
2020-07-04,US,South Dakota,Day,17,0,0,45.367281,-97.60737498,46037.0,313.42182890855463,0.0,17,17,0,0,17,17,5505,0,0,0,0,0
2020-07-04,US,South Dakota,Deuel,4,0,0,44.75994309,-96.66943645,46039.0,91.93288899103656,0.0,4,3,0,0,3,3,4337,1,0,0,1,0
2020-07-04,US,South Dakota,Dewey,8,0,0,45.15639647,-100.8709139,46041.0,135.77732518669382,0.0,8,8,0,0,8,6,5904,0,0,0,0,2
2020-07-04,US,South Dakota,Douglas,7,0,0,43.38520741,-98.36978007,46043.0,239.64395754878467,0.0,7,7,0,0,7,5,2935,0,0,0,0,2
2020-07-04,US,South Dakota,Edmunds,8,0,0,45.41846445,-99.21545423,46045.0,208.9318359885088,0.0,8,7,0,0,7,7,3875,1,0,0,1,0
2020-07-04,US,South Dakota,Fall River,12,0,0,43.23929297,-103.5275691,46047.0,178.75763444063756,0.0,12,12,0,0,12,12,6758,0,0,0,0,0
2020-07-04,US,South Dakota,Faulk,23,1,0,45.07082625,-99.14535601,46049.0,1000.4349717268376,4.3478260869565215,22,23,1,0,22,23,2330,0,0,0,0,0
2020-07-04,US,South Dakota,Grant,13,0,0,45.1723937,-96.77002276,46051.0,184.344866704481,0.0,13,13,0,0,13,13,7147,0,0,0,0,0
2020-07-04,US,South Dakota,Gregory,4,0,0,43.19419064,-99.18883902,46053.0,95.57945041816008,0.0,4,4,0,0,4,4,4212,0,0,0,0,0
2020-07-04,US,South Dakota,Hamlin,13,0,0,44.67385954,-97.18829593,46057.0,210.90201168072682,0.0,13,13,0,0,13,12,6111,0,0,0,0,1
2020-07-04,US,South Dakota,Hand,7,0,0,44.54708407,-99.00386459,46059.0,219.36696960200558,0.0,7,7,0,0,7,7,3262,0,0,0,0,0
2020-07-04,US,South Dakota,Hanson,9,0,0,43.6746384,-97.78715148,46061.0,260.6429192006951,0.0,9,8,0,0,8,8,3376,1,0,0,1,0
2020-07-04,US,South Dakota,Hughes,64,0,0,44.39091534,-99.99661148,46065.0,365.1717448362433,0.0,64,64,0,0,64,60,17650,0,0,0,0,4
2020-07-04,US,South Dakota,Hutchinson,14,0,0,43.33449012,-97.75536441,46067.0,192.01755589082435,0.0,14,13,0,0,13,13,7380,1,0,0,1,0
2020-07-04,US,South Dakota,Hyde,3,0,0,44.54747703,-99.48572582,46069.0,230.59185242121444,0.0,3,3,0,0,3,3,1282,0,0,0,0,0
2020-07-04,US,South Dakota,Jackson,6,1,0,43.69318385,-101.6255063,46071.0,179.42583732057415,16.666666666666668,5,6,1,0,5,6,3307,0,0,0,0,0
2020-07-04,US,South Dakota,Jerauld,39,1,0,44.06637798,-98.62965972,46073.0,1937.4068554396426,2.5641025641025643,38,39,1,0,38,39,2043,0,0,0,0,0
2020-07-04,US,South Dakota,Kingsbury,6,0,0,44.36956169,-97.4913945,46077.0,121.48208139299452,0.0,6,6,0,0,6,6,4919,0,0,0,0,0
2020-07-04,US,South Dakota,Lake,22,1,0,44.02193107,-97.12926365,46079.0,171.9152926467141,4.545454545454546,21,22,1,0,21,22,13057,0,0,0,0,0
2020-07-04,US,South Dakota,Lawrence,19,0,0,44.35919441,-103.79294279999999,46081.0,73.51803126451014,0.0,19,19,0,0,19,19,25741,0,0,0,0,0
2020-07-04,US,South Dakota,Lincoln,365,1,0,43.27841182,-96.72039050000001,46083.0,597.1077084151289,0.273972602739726,364,357,1,0,356,352,58807,8,0,0,8,5
2020-07-04,US,South Dakota,Lyman,70,1,0,43.89522709,-99.85201878,46085.0,1851.3620735255224,1.4285714285714286,69,69,1,0,68,68,3821,1,0,0,1,1
2020-07-04,US,South Dakota,Marshall,5,0,0,45.75870838,-97.59855639,46091.0,101.31712259371834,0.0,5,5,0,0,5,5,5112,0,0,0,0,0
2020-07-04,US,South Dakota,McCook,13,1,0,43.6742571,-97.36863144,46087.0,232.72466881489441,7.6923076923076925,12,12,1,0,11,10,5546,1,0,0,1,2
2020-07-04,US,South Dakota,McPherson,5,0,0,45.76626028,-99.22118798,46089.0,210.17234131988232,0.0,5,4,0,0,4,4,2407,1,0,0,1,0
2020-07-04,US,South Dakota,Meade,50,1,0,44.56676791,-102.71627409999999,46093.0,176.47889312438232,2.0,49,50,1,0,49,49,28294,0,0,0,0,1
2020-07-04,US,South Dakota,Mellette,7,0,0,43.58078848,-100.7563186,46095.0,339.64095099466283,0.0,7,5,0,0,5,5,2042,2,0,0,2,0
2020-07-04,US,South Dakota,Miner,9,0,0,44.02197882,-97.60992207,46097.0,406.1371841155234,0.0,9,9,0,0,9,9,2213,0,0,0,0,0
2020-07-04,US,South Dakota,Minnehaha,3659,58,0,43.67441641,-96.7910885,46099.0,1894.5395424938129,1.5851325498770157,3601,3655,58,0,3597,3638,192876,4,0,0,4,17
2020-07-04,US,South Dakota,Moody,23,0,0,44.02266214,-96.67081159,46101.0,349.7566909975669,0.0,23,23,0,0,23,23,6579,0,0,0,0,0
2020-07-04,US,South Dakota,Oglala Lakota,94,0,0,43.33749164,-102.55554980000001,46102.0,663.0457783734217,0.0,94,89,0,0,89,88,14309,5,0,0,5,1
2020-07-04,US,South Dakota,Pennington,556,17,0,44.0025835,-102.8240777,46103.0,488.6838057569765,3.0575539568345325,539,546,17,0,529,536,111729,10,0,0,10,10
2020-07-04,US,South Dakota,Roberts,49,0,0,45.62975048,-96.94672673,46109.0,471.42582258995577,0.0,49,49,0,0,49,47,10447,0,0,0,0,2
2020-07-04,US,South Dakota,Sanborn,12,0,0,44.02351092,-98.09098159999999,46111.0,511.9453924914676,0.0,12,12,0,0,12,12,2429,0,0,0,0,0
2020-07-04,US,South Dakota,Spink,12,0,0,44.93837606,-98.34626602,46115.0,188.20577164366367,0.0,12,12,0,0,12,11,6495,0,0,0,0,1
2020-07-04,US,South Dakota,Stanley,13,0,0,44.41381872,-100.7349153,46117.0,419.62556488056816,0.0,13,13,0,0,13,12,3022,0,0,0,0,1
2020-07-04,US,South Dakota,Sully,1,0,0,44.71571812,-100.1278092,46119.0,71.89072609633357,0.0,1,1,0,0,1,1,1392,0,0,0,0,0
2020-07-04,US,South Dakota,Todd,57,1,0,43.19338568,-100.71955030000001,46121.0,560.0864694900265,1.7543859649122806,56,57,1,0,56,57,10283,0,0,0,0,0
2020-07-04,US,South Dakota,Tripp,18,0,0,43.34459388,-99.8854891,46123.0,330.8215401580592,0.0,18,18,0,0,18,17,5478,0,0,0,0,1
2020-07-04,US,South Dakota,Turner,25,0,0,43.3109081,-97.14865776,46125.0,298.18702290076334,0.0,25,25,0,0,25,25,8424,0,0,0,0,0
2020-07-04,US,South Dakota,Union,133,1,0,42.83112163,-96.6557828,46127.0,834.7978910369069,0.7518796992481203,132,132,1,0,131,126,15619,1,0,0,1,6
2020-07-04,US,South Dakota,Walworth,15,0,0,45.43019636,-100.03075140000001,46129.0,275.9889604415823,0.0,15,14,0,0,14,14,5587,1,0,0,1,0
2020-07-04,US,South Dakota,Yankton,79,0,0,43.00924485,-97.39467635,46135.0,346.27860085912164,0.0,79,79,0,0,79,78,22869,0,0,0,0,1
2020-07-04,US,South Dakota,Ziebach,1,0,0,44.97881876,-101.6654622,46137.0,36.2844702467344,0.0,1,1,0,0,1,1,2742,0,0,0,0,0
2020-07-04,US,Tennessee,Anderson,134,2,0,36.12684348,-84.19965764,47001.0,174.07570994310063,1.492537313432836,132,116,2,0,114,105,76482,18,0,0,18,11
2020-07-04,US,Tennessee,Bedford,559,5,0,35.51123746,-86.45549096,47003.0,1124.4543680727377,0.8944543828264758,554,545,5,0,540,520,49038,14,0,0,14,25
2020-07-04,US,Tennessee,Benton,13,1,0,36.07110411,-88.06849355,47005.0,80.44554455445545,7.6923076923076925,12,13,1,0,12,12,16184,0,0,0,0,1
2020-07-04,US,Tennessee,Bledsoe,619,1,0,35.59942968,-85.20611967,47007.0,4109.134360063728,0.16155088852988692,618,618,1,0,617,618,14755,1,0,0,1,0
2020-07-04,US,Tennessee,Blount,218,3,0,35.68938198,-83.92847788,47009.0,163.80139456600142,1.3761467889908257,215,212,3,0,209,205,131349,6,0,0,6,7
2020-07-04,US,Tennessee,Bradley,674,3,0,35.15739424,-84.857186,47011.0,623.4390898159282,0.4451038575667656,671,662,3,0,659,604,106727,12,0,0,12,58
2020-07-04,US,Tennessee,Campbell,48,1,0,36.40355516,-84.15108559999999,47013.0,120.47587972491341,2.083333333333333,47,44,1,0,43,41,39583,4,0,0,4,3
2020-07-04,US,Tennessee,Cannon,36,0,0,35.80990797,-86.05738983,47015.0,245.2650224826271,0.0,36,36,0,0,36,34,14462,0,0,0,0,2
2020-07-04,US,Tennessee,Carroll,48,1,0,35.97366108,-88.45189331,47017.0,172.86707242410054,2.083333333333333,47,44,1,0,43,40,28020,4,0,0,4,4
2020-07-04,US,Tennessee,Carter,57,1,0,36.28969086,-82.12588974,47019.0,101.0799595680162,1.7543859649122806,56,56,1,0,55,56,56351,1,0,0,1,0
2020-07-04,US,Tennessee,Cheatham,225,1,0,36.26136216,-87.08903581,47021.0,553.2741534905451,0.4444444444444444,224,225,1,0,224,220,40439,0,0,0,0,5
2020-07-04,US,Tennessee,Chester,34,0,0,35.42527478,-88.6095842,47023.0,196.5658784760363,0.0,34,30,0,0,30,26,17276,4,0,0,4,4
2020-07-04,US,Tennessee,Claiborne,44,0,0,36.48319149,-83.65947309,47025.0,137.67639788478988,0.0,44,41,0,0,41,32,31756,3,0,0,3,9
2020-07-04,US,Tennessee,Clay,16,0,0,36.55151008,-85.53930419,47027.0,210.11162179908072,0.0,16,16,0,0,16,16,7717,0,0,0,0,0
2020-07-04,US,Tennessee,Cocke,91,0,0,35.9278914,-83.11828725,47029.0,252.7496944783913,0.0,91,90,0,0,90,76,35774,1,0,0,1,14
2020-07-04,US,Tennessee,Coffee,117,0,0,35.49090731,-86.07311784,47031.0,207.0063694267516,0.0,117,117,0,0,117,115,55700,0,0,0,0,2
2020-07-04,US,Tennessee,Crockett,35,3,0,35.81830662,-89.14916269,47033.0,245.95924104005616,8.571428571428571,32,34,3,0,31,32,14328,1,0,0,1,2
2020-07-04,US,Tennessee,Cumberland,180,4,0,35.95271721,-84.99840585,47035.0,297.4223397224058,2.2222222222222223,176,178,4,0,174,174,59673,2,0,0,2,4
2020-07-04,US,Tennessee,Davidson,10726,118,0,36.17007426,-86.78646056,47037.0,1545.2125207449747,1.10013052396047,10608,10450,118,0,10332,10125,692587,276,0,0,276,325
2020-07-04,US,Tennessee,DeKalb,66,0,0,35.97616272,-85.83689361,47041.0,322.108345534407,0.0,66,60,0,0,60,57,20138,6,0,0,6,3
2020-07-04,US,Tennessee,Decatur,22,0,0,35.60048904,-88.11043779,47039.0,188.63071250964592,0.0,22,22,0,0,22,21,11706,0,0,0,0,1
2020-07-04,US,Tennessee,Dickson,206,0,0,36.14669837,-87.35891709,47043.0,381.84918810706597,0.0,206,201,0,0,201,194,53446,5,0,0,5,7
2020-07-04,US,Tennessee,Dyer,248,1,0,36.05931946,-89.41542855,47045.0,667.4022444091606,0.4032258064516129,247,240,1,0,239,232,37320,8,0,0,8,8
2020-07-04,US,Tennessee,Fayette,312,2,0,35.19615831,-89.41399032,47047.0,758.5150609000074,0.6410256410256411,310,310,2,0,308,301,40507,2,0,0,2,9
2020-07-04,US,Tennessee,Fentress,22,0,0,36.38128818,-84.92870012,47049.0,118.77125735571992,0.0,22,22,0,0,22,19,18217,0,0,0,0,3
2020-07-04,US,Tennessee,Franklin,84,3,0,35.15634626,-86.09201039,47051.0,199.0144048521608,3.571428571428572,81,82,3,0,79,82,41890,2,0,0,2,0
2020-07-04,US,Tennessee,Gibson,128,1,0,35.99438059,-88.93358327,47053.0,260.51737121690104,0.78125,127,121,1,0,120,110,49045,7,0,0,7,11
2020-07-04,US,Tennessee,Giles,58,1,0,35.20222469,-87.03992678,47055.0,196.85039370078738,1.7241379310344829,57,56,1,0,55,55,29503,2,0,0,2,1
2020-07-04,US,Tennessee,Grainger,42,0,0,36.27469206,-83.51254721,47057.0,180.1029159519726,0.0,42,40,0,0,40,39,23145,2,0,0,2,1
2020-07-04,US,Tennessee,Greene,101,2,0,36.17470125,-82.84691273,47059.0,146.23058101318972,1.98019801980198,99,95,2,0,93,86,69087,6,0,0,6,9
2020-07-04,US,Tennessee,Grundy,59,1,0,35.38433717,-85.72142731,47061.0,439.413122812244,1.6949152542372878,58,59,1,0,58,58,13346,0,0,0,0,1
2020-07-04,US,Tennessee,Hamblen,317,4,0,36.21990035,-83.26586179,47063.0,488.18800628330285,1.2618296529968454,313,314,4,0,310,296,64569,3,0,0,3,18
2020-07-04,US,Tennessee,Hamilton,2716,35,0,35.17670231,-85.16652245,47065.0,738.4367761090144,1.2886597938144329,2681,2665,33,0,2632,2577,364286,51,2,0,49,88
2020-07-04,US,Tennessee,Hancock,4,0,0,36.52692871,-83.22375847,47067.0,60.42296072507554,0.0,4,3,0,0,3,3,6549,1,0,0,1,0
2020-07-04,US,Tennessee,Hardeman,329,5,0,35.20772017,-88.99161161,47069.0,1313.373253493014,1.5197568389057752,324,325,5,0,320,314,25220,4,0,0,4,11
2020-07-04,US,Tennessee,Hardin,109,7,0,35.19732531,-88.18593755,47071.0,424.9181350382037,6.422018348623853,102,104,7,0,97,103,25776,5,0,0,5,1
2020-07-04,US,Tennessee,Hawkins,56,2,0,36.44355426,-82.94885298,47073.0,98.61585602085022,3.571428571428572,54,57,2,0,55,55,56530,-1,0,0,-1,2
2020-07-04,US,Tennessee,Haywood,91,2,0,35.58332824,-89.28536625,47075.0,525.8899676375405,2.1978021978021984,89,92,2,0,90,81,17335,-1,0,0,-1,11
2020-07-04,US,Tennessee,Henderson,45,0,0,35.65581134,-88.38600175,47077.0,160.04552406017712,0.0,45,44,0,0,44,39,27847,1,0,0,1,5
2020-07-04,US,Tennessee,Henry,44,0,0,36.33160906,-88.30121797,47079.0,136.0333900139125,0.0,44,45,0,0,45,42,32358,-1,0,0,-1,3
2020-07-04,US,Tennessee,Hickman,80,0,0,35.80609681,-87.47643507,47081.0,317.73770752244025,0.0,80,80,0,0,80,73,25063,0,0,0,0,7
2020-07-04,US,Tennessee,Houston,15,0,0,36.28872054,-87.71878828,47083.0,182.90452383855632,0.0,15,14,0,0,14,13,8263,1,0,0,1,1
2020-07-04,US,Tennessee,Humphreys,27,1,0,36.03958805,-87.77992872,47085.0,145.30190506942205,3.703703703703704,26,27,1,0,26,26,18486,0,0,0,0,1
2020-07-04,US,Tennessee,Jackson,26,0,0,36.36380466,-85.67239905,47087.0,220.6007127099949,0.0,26,26,0,0,26,26,11758,0,0,0,0,0
2020-07-04,US,Tennessee,Jefferson,127,0,0,36.04818632,-83.45148924,47089.0,233.04890356913484,0.0,127,125,0,0,125,121,54012,2,0,0,2,4
2020-07-04,US,Tennessee,Johnson,44,0,0,36.45523950000001,-81.84886538,47091.0,247.35776928266247,0.0,44,39,0,0,39,38,17778,5,0,0,5,1
2020-07-04,US,Tennessee,Knox,1142,5,0,35.99508821,-83.94635435,47093.0,242.81701760317063,0.4378283712784589,1137,1086,5,0,1081,1022,465289,56,0,0,56,64
2020-07-04,US,Tennessee,Lake,691,0,0,36.34180170000001,-89.48921915,47095.0,9848.916761687571,0.0,691,691,0,0,691,690,7411,0,0,0,0,1
2020-07-04,US,Tennessee,Lauderdale,143,3,0,35.75893438,-89.63015909999999,47097.0,557.8746147544182,2.097902097902098,140,139,3,0,136,136,25825,4,0,0,4,3
2020-07-04,US,Tennessee,Lawrence,157,6,0,35.21675201,-87.39787695,47099.0,355.6703366408409,3.8216560509554136,151,152,6,0,146,143,43734,5,0,0,5,9
2020-07-04,US,Tennessee,Lewis,6,0,0,35.52853208,-87.49022694,47101.0,48.90772742093251,0.0,6,6,0,0,6,7,12086,0,0,0,0,-1
2020-07-04,US,Tennessee,Lincoln,63,0,0,35.13738622,-86.58910106,47103.0,183.32072397136704,0.0,63,61,0,0,61,58,34117,2,0,0,2,3
2020-07-04,US,Tennessee,Loudon,280,1,0,35.73939663,-84.31145275,47105.0,517.8663904712585,0.35714285714285715,279,277,1,0,276,271,53054,3,0,0,3,6
2020-07-04,US,Tennessee,Macon,452,3,0,36.53157855,-86.00778595,47111.0,1837.2490041460046,0.6637168141592921,449,436,3,0,433,421,24265,16,0,0,16,15
2020-07-04,US,Tennessee,Madison,291,2,0,35.61181957,-88.84076036,47113.0,296.98726322664925,0.6872852233676976,289,280,2,0,278,264,97605,11,0,0,11,16
2020-07-04,US,Tennessee,Marion,70,4,0,35.12997174,-85.62265895,47115.0,242.15587919881,5.7142857142857135,66,71,4,0,67,67,28575,-1,0,0,-1,4
2020-07-04,US,Tennessee,Marshall,89,1,0,35.45798777,-86.76420988,47117.0,258.90909090909093,1.1235955056179776,88,81,1,0,80,74,33683,8,0,0,8,7
2020-07-04,US,Tennessee,Maury,342,3,0,35.618741299999996,-87.07462444,47119.0,354.8196333530457,0.8771929824561403,339,326,3,0,323,311,94340,16,0,0,16,15
2020-07-04,US,Tennessee,McMinn,232,18,0,35.42812616,-84.61520715,47107.0,431.2748633676618,7.758620689655173,214,227,18,0,209,218,53285,5,0,0,5,9
2020-07-04,US,Tennessee,McNairy,69,0,0,35.17468549,-88.5647812,47109.0,268.5451856464544,0.0,69,68,0,0,68,64,25832,1,0,0,1,4
2020-07-04,US,Tennessee,Meigs,32,0,0,35.51558739,-84.81482914,47121.0,257.6074706166479,0.0,32,33,0,0,33,32,12306,-1,0,0,-1,1
2020-07-04,US,Tennessee,Monroe,138,6,0,35.44550387,-84.24902965,47123.0,296.4872703834998,4.3478260869565215,132,137,6,0,131,136,46357,1,0,0,1,1
2020-07-04,US,Tennessee,Montgomery,549,7,0,36.49609412,-87.38550661,47125.0,262.68822400750264,1.275045537340619,542,534,7,0,527,513,205950,15,0,0,15,21
2020-07-04,US,Tennessee,Moore,12,0,0,35.27724699,-86.36230578,47127.0,184.9568434032059,0.0,12,12,0,0,12,10,6411,0,0,0,0,2
2020-07-04,US,Tennessee,Morgan,25,1,0,36.13248031,-84.64880098,47129.0,116.80605522590292,4.0,24,25,1,0,24,24,21579,0,0,0,0,1
2020-07-04,US,Tennessee,Obion,112,2,0,36.35732446,-89.14921589,47131.0,372.4766370680768,1.7857142857142858,110,113,2,0,111,106,30267,-1,0,0,-1,7
2020-07-04,US,Tennessee,Out of TN,1164,7,0,0.0,0.0,80047.0,0.0,0.6013745704467354,1157,1065,7,0,1058,1009,,99,0,0,99,56
2020-07-04,US,Tennessee,Overton,61,1,0,36.34117832,-85.28989535,47133.0,274.2682433343824,1.639344262295082,60,59,1,0,58,58,22068,2,0,0,2,1
2020-07-04,US,Tennessee,Perry,34,0,0,35.63708728,-87.86139634,47135.0,421.00049529470033,0.0,34,33,0,0,33,31,8064,1,0,0,1,2
2020-07-04,US,Tennessee,Pickett,6,0,0,36.55606529,-85.07763299999998,47137.0,118.85895404120443,0.0,6,6,0,0,6,6,5082,0,0,0,0,0
2020-07-04,US,Tennessee,Polk,45,0,0,35.12245443,-84.52075859,47139.0,267.34790874524714,0.0,45,44,0,0,44,41,16898,1,0,0,1,3
2020-07-04,US,Tennessee,Putnam,882,7,0,36.14005459,-85.50646123,47141.0,1099.133902423827,0.7936507936507936,875,853,7,0,846,814,78843,29,0,0,29,39
2020-07-04,US,Tennessee,Rhea,278,0,0,35.60536161,-84.93076643,47143.0,838.1825308288359,0.0,278,276,0,0,276,274,33044,2,0,0,2,2
2020-07-04,US,Tennessee,Roane,61,0,0,35.84923189,-84.52458689,47145.0,114.27072796073584,0.0,61,59,0,0,59,50,53140,2,0,0,2,9
2020-07-04,US,Tennessee,Robertson,826,11,0,36.52454807,-86.87346725,47147.0,1150.2095720830496,1.3317191283292975,815,815,11,0,804,801,71012,11,0,0,11,14
2020-07-04,US,Tennessee,Rutherford,2919,35,0,35.84591405,-86.4107263,47149.0,878.4627653971743,1.1990407673860912,2884,2854,35,0,2819,2733,324890,65,0,0,65,121
2020-07-04,US,Tennessee,Scott,17,0,0,36.42325673,-84.50360494,47151.0,77.03462026463656,0.0,17,18,0,0,18,15,22039,-1,0,0,-1,3
2020-07-04,US,Tennessee,Sequatchie,38,0,0,35.36979721,-85.41022136,47153.0,252.89498203114601,0.0,38,33,0,0,33,29,14876,5,0,0,5,4
2020-07-04,US,Tennessee,Sevier,790,3,0,35.78077323,-83.52244332,47155.0,804.0712468193384,0.37974683544303794,787,768,3,0,765,733,97892,22,0,0,22,35
2020-07-04,US,Tennessee,Shelby,11560,198,0,35.1864775,-89.89692423,47157.0,1233.5061237816992,1.71280276816609,11362,11145,197,0,10948,10765,935764,415,1,0,414,380
2020-07-04,US,Tennessee,Smith,116,1,0,36.25359775,-85.95411046,47159.0,575.4824626680557,0.8620689655172413,115,111,1,0,110,103,19942,5,0,0,5,8
2020-07-04,US,Tennessee,Stewart,23,0,0,36.50235092,-87.83920548,47161.0,167.69959897921984,0.0,23,23,0,0,23,21,13561,0,0,0,0,2
2020-07-04,US,Tennessee,Sullivan,116,2,0,36.51240691,-82.30412917,47163.0,73.2563720413267,1.7241379310344829,114,108,2,0,106,101,157668,8,0,0,8,7
2020-07-04,US,Tennessee,Sumner,1593,52,0,36.46824103,-86.45917204,47165.0,832.7974780822133,3.2642812303829247,1541,1559,52,0,1507,1507,187149,34,0,0,34,52
2020-07-04,US,Tennessee,Tipton,637,5,0,35.501942,-89.73694895,47167.0,1034.1076965535156,0.7849293563579278,632,633,5,0,628,620,61581,4,0,0,4,13
2020-07-04,US,Tennessee,Trousdale,1496,5,0,36.39026213,-86.16087954,47169.0,13257.71003190358,0.3342245989304813,1491,1494,5,0,1489,1490,11012,2,0,0,2,4
2020-07-04,US,Tennessee,Unassigned,635,1,0,0.0,0.0,90047.0,0.0,0.15748031496062992,634,581,1,0,580,516,,54,0,0,54,65
2020-07-04,US,Tennessee,Unicoi,55,0,0,36.10890856,-82.43709629,47171.0,307.5546608510876,0.0,55,55,0,0,55,55,17761,0,0,0,0,0
2020-07-04,US,Tennessee,Union,18,0,0,36.28590426,-83.83651902,47173.0,90.1261766473062,0.0,18,16,0,0,16,15,19688,2,0,0,2,1
2020-07-04,US,Tennessee,Van Buren,8,0,0,35.69864497,-85.45221699,47175.0,136.23978201634878,0.0,8,8,0,0,8,7,5765,0,0,0,0,1
2020-07-04,US,Tennessee,Warren,73,0,0,35.672829899999996,-85.77969117,47177.0,176.853938028442,0.0,73,72,0,0,72,69,40878,1,0,0,1,3
2020-07-04,US,Tennessee,Washington,149,0,0,36.29472368,-82.49454720000001,47179.0,115.16908212560386,0.0,149,142,0,0,142,134,128607,7,0,0,7,8
2020-07-04,US,Tennessee,Wayne,82,0,0,35.23868267,-87.78644456,47181.0,491.81311101781324,0.0,82,82,0,0,82,80,16558,0,0,0,0,2
2020-07-04,US,Tennessee,Weakley,63,1,0,36.29896232,-88.71990865,47183.0,189.03024483917423,1.5873015873015872,62,63,1,0,62,62,33415,0,0,0,0,1
2020-07-04,US,Tennessee,White,70,3,0,35.92929884,-85.45591799,47185.0,255.98829767782044,4.285714285714286,67,70,3,0,67,65,27107,0,0,0,0,5
2020-07-04,US,Tennessee,Williamson,1268,15,0,35.89099229,-86.89281867,47187.0,531.8524235357281,1.1829652996845426,1253,1226,14,0,1212,1148,231729,42,1,0,41,78
2020-07-04,US,Tennessee,Wilson,910,17,0,36.15496772,-86.29775884,47189.0,629.0742929827109,1.868131868131868,893,891,17,0,874,859,140625,19,0,0,19,32
2020-07-04,US,Texas,Anderson,1070,2,0,31.81534745,-95.65354823,48001.0,1853.2952281978005,0.18691588785046728,1068,1072,2,0,1070,1063,58057,-2,0,0,-2,9
2020-07-04,US,Texas,Andrews,98,1,0,32.30468633,-102.63765479999999,48003.0,523.9240844693932,1.020408163265306,97,90,0,0,90,89,18128,8,1,0,7,1
2020-07-04,US,Texas,Angelina,541,9,0,31.25457347,-94.60901487,48005.0,623.8828345730267,1.6635859519408502,532,541,9,0,532,519,87092,0,0,0,0,22
2020-07-04,US,Texas,Aransas,34,0,0,28.10556197,-96.9995047,48007.0,144.6193109315185,0.0,34,31,0,0,31,28,23792,3,0,0,3,3
2020-07-04,US,Texas,Archer,8,0,0,33.61569967,-98.68754589,48009.0,93.53443236291359,0.0,8,8,0,0,8,8,8786,0,0,0,0,0
2020-07-04,US,Texas,Armstrong,3,0,0,34.96507426,-101.35748740000001,48011.0,158.9825119236884,0.0,3,3,0,0,3,3,1892,0,0,0,0,0
2020-07-04,US,Texas,Atascosa,135,2,0,28.89333001,-98.52730485,48013.0,263.91413993314177,1.4814814814814814,133,116,2,0,114,116,50310,19,0,0,19,0
2020-07-04,US,Texas,Austin,81,0,0,29.88548725,-96.27736949,48015.0,269.71230687266916,0.0,81,77,0,0,77,73,29989,4,0,0,4,4
2020-07-04,US,Texas,Bailey,102,1,0,34.06854817,-102.8299707,48017.0,1457.142857142857,0.9803921568627452,101,102,1,0,101,101,7027,0,0,0,0,1
2020-07-04,US,Texas,Bandera,27,0,0,29.74619598,-99.24598147,48019.0,116.82242990654206,0.0,27,23,0,0,23,22,22824,4,0,0,4,1
2020-07-04,US,Texas,Bastrop,468,6,0,30.10370699,-97.31206354,48021.0,527.4844177947094,1.2820512820512822,462,457,6,0,451,458,86976,11,0,0,11,-1
2020-07-04,US,Texas,Baylor,1,0,0,33.61640794,-99.21352901,48023.0,28.498147620404676,0.0,1,1,0,0,1,1,3582,0,0,0,0,0
2020-07-04,US,Texas,Bee,59,0,0,28.41761668,-97.74215593,48025.0,181.1761093198219,0.0,59,55,0,0,55,51,32587,4,0,0,4,4
2020-07-04,US,Texas,Bell,1523,13,0,31.03736027,-97.4785025,48027.0,419.6470886466588,0.8535784635587655,1510,1480,13,0,1467,1394,355642,43,0,0,43,86
2020-07-04,US,Texas,Bexar,14212,117,0,29.44928723,-98.52019748,48029.0,709.3395037019217,0.8232479594708697,14095,12878,115,0,12763,12504,1986049,1334,2,0,1332,374
2020-07-04,US,Texas,Blanco,31,1,0,30.26640707,-98.3999852,48031.0,259.82734054144663,3.2258064516129035,30,31,1,0,30,29,11702,0,0,0,0,2
2020-07-04,US,Texas,Bosque,16,0,0,31.89978581,-97.63613524,48035.0,85.63018464008562,0.0,16,16,0,0,16,15,18691,0,0,0,0,1
2020-07-04,US,Texas,Bowie,449,12,0,33.44626922,-94.41834132,48037.0,481.5271596332244,2.67260579064588,437,444,12,0,432,439,94324,5,0,0,5,5
2020-07-04,US,Texas,Brazoria,2626,22,0,29.18757369,-95.44563172,48039.0,701.643759485283,0.8377760853008378,2604,2516,22,0,2494,2438,370200,110,0,0,110,78
2020-07-04,US,Texas,Brazos,2331,31,0,30.663644800000004,-96.30205577,48041.0,1016.9668994943524,1.3299013299013298,2300,2228,31,0,2197,2228,226758,103,0,0,103,0
2020-07-04,US,Texas,Brewster,143,1,0,29.81008251,-103.25203259999999,48043.0,1553.8411387591007,0.6993006993006993,142,143,1,0,142,142,9267,0,0,0,0,1
2020-07-04,US,Texas,Briscoe,7,0,0,34.53026962,-101.2084947,48045.0,452.7813712807245,0.0,7,3,0,0,3,3,1516,4,0,0,4,0
2020-07-04,US,Texas,Brooks,9,0,0,27.03103197,-98.21808402,48047.0,126.88566192020302,0.0,9,6,0,0,6,6,7114,3,0,0,3,0
2020-07-04,US,Texas,Brown,99,13,0,31.77430356,-98.99907113,48049.0,261.4620747939996,13.131313131313133,86,99,13,0,86,87,37924,0,0,0,0,12
2020-07-04,US,Texas,Burleson,87,0,0,30.49273808,-96.62158484,48051.0,471.72368920457626,0.0,87,86,0,0,86,84,18389,1,0,0,1,2
2020-07-04,US,Texas,Burnet,145,3,0,30.78801353,-98.181887,48053.0,301.11099574291353,2.0689655172413794,142,143,3,0,140,141,47542,2,0,0,2,2
2020-07-04,US,Texas,Caldwell,437,2,0,29.83668859,-97.61814775,48055.0,1000.8244778307072,0.4576659038901602,435,383,2,0,381,377,43247,54,0,0,54,6
2020-07-04,US,Texas,Calhoun,97,3,0,28.47048236,-96.61633945,48057.0,455.6129638327853,3.0927835051546397,94,96,3,0,93,94,21561,1,0,0,1,2
2020-07-04,US,Texas,Callahan,19,2,0,32.29760619,-99.37326312,48059.0,136.26909560352863,10.526315789473683,17,18,2,0,16,17,13994,1,0,0,1,1
2020-07-04,US,Texas,Cameron,2692,63,0,26.14524221,-97.48140372,48061.0,636.1614791463338,2.340267459138188,2629,2611,60,0,2551,2510,423908,81,3,0,78,101
2020-07-04,US,Texas,Camp,123,1,0,32.97195142,-94.97790104,48063.0,939.3615396364747,0.8130081300813008,122,122,1,0,121,120,13033,1,0,0,1,2
2020-07-04,US,Texas,Carson,7,0,0,35.40365929,-101.35426690000001,48065.0,118.1235234559568,0.0,7,7,0,0,7,7,6005,0,0,0,0,0
2020-07-04,US,Texas,Cass,46,2,0,33.07499881,-94.34646905,48067.0,153.2005595150869,4.3478260869565215,44,44,2,0,42,44,30119,2,0,0,2,0
2020-07-04,US,Texas,Castro,99,1,0,34.53016752,-102.2617243,48069.0,1314.7410358565735,1.0101010101010102,98,97,1,0,96,93,7665,2,0,0,2,4
2020-07-04,US,Texas,Chambers,352,2,0,29.70972016,-94.67154501,48071.0,802.9746561124165,0.5681818181818182,350,352,2,0,350,334,42454,0,0,0,0,18
2020-07-04,US,Texas,Cherokee,212,2,0,31.837258000000002,-95.16559897,48073.0,402.6896630323291,0.9433962264150944,210,188,2,0,186,172,52592,24,0,0,24,16
2020-07-04,US,Texas,Childress,7,0,0,34.529304100000004,-100.2077916,48075.0,95.81166164796059,0.0,7,7,0,0,7,7,7291,0,0,0,0,0
2020-07-04,US,Texas,Clay,9,0,0,33.78686685,-98.20771198,48077.0,85.95167605768313,0.0,9,9,0,0,9,8,10456,0,0,0,0,1
2020-07-04,US,Texas,Cochran,1,0,0,33.60425307,-102.82844990000001,48079.0,35.05082369435681,0.0,1,1,0,0,1,1,2836,0,0,0,0,0
2020-07-04,US,Texas,Coke,5,1,0,31.88911733,-100.5297533,48081.0,147.62326542663124,20.0,4,5,1,0,4,5,3370,0,0,0,0,0
2020-07-04,US,Texas,Coleman,3,0,0,31.76736834,-99.45240766,48083.0,36.697247706422026,0.0,3,3,0,0,3,3,8397,0,0,0,0,0
2020-07-04,US,Texas,Collin,3321,46,0,33.18820114,-96.57264368,48085.0,320.953292163173,1.385124962360735,3275,3199,45,0,3154,3114,1005146,122,1,0,121,85
2020-07-04,US,Texas,Collingsworth,6,0,0,34.96489496,-100.27001109999999,48087.0,205.4794520547945,0.0,6,6,0,0,6,6,2962,0,0,0,0,0
2020-07-04,US,Texas,Colorado,104,0,0,29.622097999999998,-96.5273805,48089.0,483.87847206067084,0.0,104,100,0,0,100,95,21217,4,0,0,4,5
2020-07-04,US,Texas,Comal,690,9,0,29.80811278,-98.27647225,48091.0,441.71590625380094,1.3043478260869563,681,635,8,0,627,599,148373,55,1,0,54,36
2020-07-04,US,Texas,Comanche,41,1,0,31.94854689,-98.55876441,48093.0,300.6967363403007,2.4390243902439024,40,41,1,0,40,41,13534,0,0,0,0,0
2020-07-04,US,Texas,Concho,11,0,0,31.32635934,-99.86473038,48095.0,403.5216434336023,0.0,11,9,0,0,9,9,4276,2,0,0,2,0
2020-07-04,US,Texas,Cooke,61,0,0,33.63979567,-97.21240912,48097.0,147.85369755435443,0.0,61,60,0,0,60,43,40574,1,0,0,1,17
2020-07-04,US,Texas,Coryell,336,2,0,31.39078397,-97.79936155,48099.0,442.39048860449515,0.5952380952380952,334,336,2,0,334,335,74808,0,0,0,0,1
2020-07-04,US,Texas,Cottle,4,1,0,34.07783319,-100.27850620000001,48101.0,286.12303290414883,25.0,3,4,1,0,3,4,1389,0,0,0,0,0
2020-07-04,US,Texas,Crane,60,9,0,31.43052248,-102.5143314,48103.0,1250.7817385866167,15.0,51,58,9,0,49,57,4794,2,0,0,2,1
2020-07-04,US,Texas,Crockett,13,0,0,30.72367027,-101.4134238,48105.0,375.28868360277136,0.0,13,13,0,0,13,11,3499,0,0,0,0,2
2020-07-04,US,Texas,Crosby,26,1,0,33.61431553,-101.30003640000001,48107.0,453.1985358201151,3.8461538461538463,25,26,1,0,25,26,5779,0,0,0,0,0
2020-07-04,US,Texas,Culberson,3,0,0,31.44506775,-104.5185739,48109.0,138.18516812528787,0.0,3,3,0,0,3,3,2204,0,0,0,0,0
2020-07-04,US,Texas,Dallam,91,1,0,36.27787176,-102.60207249999999,48111.0,1248.7992315081653,1.0989010989010992,90,91,1,0,90,91,7200,0,0,0,0,0
2020-07-04,US,Texas,Dallas,24778,395,0,32.76670599,-96.77796049999999,48113.0,940.157449243336,1.5941561062232623,24383,23675,393,0,23282,22590,2637772,1103,2,0,1101,1085
2020-07-04,US,Texas,Dawson,70,1,0,32.74255572,-101.94772420000001,48115.0,549.9685732243872,1.4285714285714286,69,59,1,0,58,59,12619,11,0,0,11,0
2020-07-04,US,Texas,DeWitt,96,1,0,29.08101855,-97.35681170000001,48123.0,476.19047619047615,1.0416666666666667,95,96,1,0,95,70,20187,0,0,0,0,26
2020-07-04,US,Texas,Deaf Smith,355,17,0,34.96522957,-102.6054267,48117.0,1914.1593874689959,4.788732394366197,338,337,17,0,320,324,18760,18,0,0,18,13
2020-07-04,US,Texas,Delta,7,0,0,33.38570922,-95.66921122,48119.0,131.30744700806602,0.0,7,7,0,0,7,7,5349,0,0,0,0,0
2020-07-04,US,Texas,Denton,3184,37,0,33.20521901,-97.11691153,48121.0,358.8790440111496,1.1620603015075377,3147,3032,37,0,2995,2951,859064,152,0,0,152,81
2020-07-04,US,Texas,Dickens,2,0,0,33.61616822,-100.7788855,48125.0,90.45680687471732,0.0,2,2,0,0,2,2,2249,0,0,0,0,0
2020-07-04,US,Texas,Dimmit,13,0,0,28.42270064,-99.75645095,48127.0,128.40774397471355,0.0,13,13,0,0,13,13,10308,0,0,0,0,0
2020-07-04,US,Texas,Donley,27,0,0,34.96517499,-100.8140093,48129.0,823.672971323978,0.0,27,27,0,0,27,27,3319,0,0,0,0,0
2020-07-04,US,Texas,Duval,56,0,0,27.68184592,-98.50864568,48131.0,501.92704131935113,0.0,56,54,0,0,54,54,11212,2,0,0,2,0
2020-07-04,US,Texas,Eastland,11,0,0,32.32743996,-98.83243566,48133.0,59.91285403050109,0.0,11,11,0,0,11,10,18322,0,0,0,0,1
2020-07-04,US,Texas,Ector,718,9,0,31.86898877,-102.54294279999999,48135.0,431.9498505020365,1.2534818941504178,709,718,9,0,709,670,162124,0,0,0,0,48
2020-07-04,US,Texas,Edwards,2,0,0,29.98202582,-100.304252,48137.0,103.51966873706004,0.0,2,2,0,0,2,2,1928,0,0,0,0,0
2020-07-04,US,Texas,El Paso,6953,135,0,31.76980765,-106.23632749999999,48141.0,828.4896537096747,1.9416079390191283,6818,6665,135,0,6530,6389,840758,288,0,0,288,276
2020-07-04,US,Texas,Ellis,1046,19,0,32.34894117,-96.79371841,48139.0,565.9376927488556,1.816443594646272,1027,978,19,0,959,901,179436,68,0,0,68,77
2020-07-04,US,Texas,Erath,207,1,0,32.23602653,-98.21773417,48143.0,484.8002248348869,0.4830917874396135,206,207,1,0,206,166,42446,0,0,0,0,41
2020-07-04,US,Texas,Falls,34,0,0,31.25350609,-96.93630086,48145.0,196.5658784760363,0.0,34,31,0,0,31,31,17335,3,0,0,3,0
2020-07-04,US,Texas,Fannin,112,7,0,33.59564294,-96.10751083,48147.0,315.3685870360985,6.25,105,109,7,0,102,96,35286,3,0,0,3,13
2020-07-04,US,Texas,Fayette,104,3,0,29.87788372,-96.92076062,48149.0,410.3211552118677,2.8846153846153846,101,96,2,0,94,95,25349,8,1,0,7,1
2020-07-04,US,Texas,Fisher,10,1,0,32.74281316,-100.40193020000001,48151.0,261.0966057441253,10.0,9,10,1,0,9,8,3839,0,0,0,0,2
2020-07-04,US,Texas,Floyd,36,1,0,34.07227468,-101.3031546,48153.0,630.2521008403362,2.7777777777777777,35,34,1,0,33,34,5837,2,0,0,2,0
2020-07-04,US,Texas,Fort Bend,4120,56,0,29.52704478,-95.77219463,48157.0,507.5841949123309,1.3592233009708738,4064,3999,56,0,3943,3868,787858,121,0,0,121,131
2020-07-04,US,Texas,Franklin,50,0,0,33.17653242,-95.21917243,48159.0,466.20046620046617,0.0,50,50,0,0,50,47,10766,0,0,0,0,3
2020-07-04,US,Texas,Freestone,33,0,0,31.70422788,-96.15072516,48161.0,167.36826089161642,0.0,33,33,0,0,33,31,19808,0,0,0,0,2
2020-07-04,US,Texas,Frio,233,0,0,28.86751206,-99.10804207,48163.0,1147.444105190584,0.0,233,225,0,0,225,225,19816,8,0,0,8,0
2020-07-04,US,Texas,Gaines,28,0,0,32.74055318,-102.6353295,48165.0,130.28103480364786,0.0,28,26,0,0,26,26,20901,2,0,0,2,0
2020-07-04,US,Texas,Galveston,3990,46,0,29.40167322,-94.90469073,48167.0,1166.1926877672524,1.1528822055137844,3944,3778,46,0,3732,3565,337890,212,0,0,212,213
2020-07-04,US,Texas,Garza,12,0,0,33.17969345,-101.2984114,48169.0,192.6472949109006,0.0,12,12,0,0,12,12,6578,0,0,0,0,0
2020-07-04,US,Texas,Gillespie,45,0,0,30.31824095,-98.94676915,48171.0,166.74077367718985,0.0,45,42,0,0,42,41,26804,3,0,0,3,1
2020-07-04,US,Texas,Glasscock,5,0,0,31.86942909,-101.5207776,48173.0,354.86160397445,0.0,5,5,0,0,5,5,1388,0,0,0,0,0
2020-07-04,US,Texas,Goliad,15,0,0,28.65696592,-97.42760647,48175.0,195.8735962392269,0.0,15,15,0,0,15,15,7584,0,0,0,0,0
2020-07-04,US,Texas,Gonzales,306,4,0,29.45634206,-97.49424032,48177.0,1468.5415366895431,1.30718954248366,302,301,4,0,297,297,20826,5,0,0,5,4
2020-07-04,US,Texas,Gray,121,4,0,35.40081878,-100.8129222,48179.0,552.8648451064607,3.3057851239669422,117,119,4,0,115,117,21895,2,0,0,2,2
2020-07-04,US,Texas,Grayson,630,5,0,33.62744998,-96.67753461,48181.0,462.5143159193023,0.7936507936507936,625,617,5,0,612,594,133991,13,0,0,13,23
2020-07-04,US,Texas,Gregg,399,13,0,32.47940482,-94.81591935,48183.0,321.91697930533707,3.2581453634085213,386,399,13,0,386,389,123707,0,0,0,0,10
2020-07-04,US,Texas,Grimes,557,2,0,30.54579585,-95.98902499,48185.0,1928.670360110804,0.3590664272890485,555,551,2,0,549,545,28360,6,0,0,6,6
2020-07-04,US,Texas,Guadalupe,849,3,0,29.58165339,-97.94786822,48187.0,508.84942492223416,0.353356890459364,846,768,2,0,766,737,163694,81,1,0,80,31
2020-07-04,US,Texas,Hale,500,7,0,34.07044901,-101.82681140000001,48189.0,1496.7371130934562,1.4,493,427,7,0,420,369,33830,73,0,0,73,58
2020-07-04,US,Texas,Hall,2,1,0,34.5307555,-100.68138520000001,48191.0,67.47638326585695,50.0,1,2,1,0,1,2,3028,0,0,0,0,0
2020-07-04,US,Texas,Hamilton,22,1,0,31.70470573,-98.11083887,48193.0,260.01654650750504,4.545454545454546,21,21,1,0,20,24,8484,1,0,0,1,-3
2020-07-04,US,Texas,Hansford,31,2,0,36.27743284,-101.3545796,48195.0,574.1804037784775,6.451612903225807,29,31,2,0,29,31,5463,0,0,0,0,0
2020-07-04,US,Texas,Hardeman,5,0,0,34.28944521,-99.74632408,48197.0,127.12941774726671,0.0,5,5,0,0,5,5,3922,0,0,0,0,0
2020-07-04,US,Texas,Hardin,260,5,0,30.33364686,-94.38931817,48199.0,451.37321620777055,1.9230769230769231,255,260,5,0,255,257,57207,0,0,0,0,3
2020-07-04,US,Texas,Harris,34108,387,0,29.86,-95.39,48201.0,723.6505015037155,1.1346311715726516,33721,34108,387,0,33721,34108,4698619,0,0,0,0,0
2020-07-04,US,Texas,Harrison,332,30,0,32.54935988,-94.36934071,48203.0,498.85054017099156,9.036144578313252,302,327,30,0,297,325,66726,5,0,0,5,2
2020-07-04,US,Texas,Hartley,36,2,0,35.84008013,-102.6029022,48205.0,645.6241032998565,5.5555555555555545,34,36,2,0,34,31,5619,0,0,0,0,5
2020-07-04,US,Texas,Haskell,5,0,0,33.17823584,-99.73037358,48207.0,88.37044892188051,0.0,5,5,0,0,5,5,5813,0,0,0,0,0
2020-07-04,US,Texas,Hays,3067,7,0,30.05669873,-98.02944344,48209.0,1332.3718129727056,0.22823606129768506,3060,3050,7,0,3043,3050,222631,17,0,0,17,0
2020-07-04,US,Texas,Hemphill,15,0,0,35.83764858,-100.2703577,48211.0,392.7729772191673,0.0,15,14,0,0,14,10,3825,1,0,0,1,4
2020-07-04,US,Texas,Henderson,159,4,0,32.21128872,-95.85846587,48213.0,192.1752057725081,2.5157232704402515,155,159,4,0,155,143,82299,0,0,0,0,16
2020-07-04,US,Texas,Hidalgo,4798,58,0,26.39418217,-98.18299696,48215.0,552.3151073952438,1.208837015423093,4740,4520,57,0,4463,4252,865939,278,1,0,277,268
2020-07-04,US,Texas,Hill,76,1,0,31.99045053,-97.13423143,48217.0,207.3726431826244,1.3157894736842106,75,75,1,0,74,74,36354,1,0,0,1,1
2020-07-04,US,Texas,Hockley,68,1,0,33.60771256,-102.3431676,48219.0,295.38247686894573,1.4705882352941178,67,60,1,0,59,56,22980,8,0,0,8,4
2020-07-04,US,Texas,Hood,120,4,0,32.42990927,-97.83242024,48221.0,194.66930551725255,3.333333333333333,116,92,4,0,88,83,60537,28,0,0,28,9
2020-07-04,US,Texas,Hopkins,70,1,0,33.14875072,-95.56351139,48223.0,188.76065149390573,1.4285714285714286,69,70,1,0,69,69,36810,0,0,0,0,1
2020-07-04,US,Texas,Houston,171,0,0,31.31925973,-95.42226208,48225.0,744.514106583072,0.0,171,165,0,0,165,165,23169,6,0,0,6,0
2020-07-04,US,Texas,Howard,43,1,0,32.30621324,-101.4356444,48227.0,117.28125681867772,2.3255813953488373,42,42,1,0,41,43,36459,1,0,0,1,-1
2020-07-04,US,Texas,Hudspeth,16,0,0,31.45628381,-105.388178,48229.0,327.46623004502663,0.0,16,16,0,0,16,16,4795,0,0,0,0,0
2020-07-04,US,Texas,Hunt,533,8,0,33.12351514,-96.08551032,48231.0,540.6008479217802,1.50093808630394,525,505,8,0,497,480,96493,28,0,0,28,25
2020-07-04,US,Texas,Hutchinson,70,0,0,35.84006574,-101.3546643,48233.0,334.3203744388194,0.0,70,68,0,0,68,68,21198,2,0,0,2,0
2020-07-04,US,Texas,Irion,2,0,0,31.30375559,-100.982439,48235.0,130.20833333333334,0.0,2,2,0,0,2,2,1522,0,0,0,0,0
2020-07-04,US,Texas,Jack,12,0,0,33.23377248,-98.17283469,48237.0,134.30330162283155,0.0,12,11,0,0,11,11,8843,1,0,0,1,0
2020-07-04,US,Texas,Jackson,53,1,0,28.95472367,-96.57749563,48239.0,359.0785907859078,1.8867924528301887,52,47,1,0,46,47,14874,6,0,0,6,0
2020-07-04,US,Texas,Jasper,60,1,0,30.74685667,-94.02667579,48241.0,168.87612935911508,1.6666666666666667,59,60,1,0,59,52,35872,0,0,0,0,8
2020-07-04,US,Texas,Jeff Davis,4,0,0,30.71490589,-104.1399973,48243.0,175.9014951627089,0.0,4,4,0,0,4,4,2252,0,0,0,0,0
2020-07-04,US,Texas,Jefferson,2727,35,0,29.8832777,-94.16434171,48245.0,1084.0140719098445,1.2834616795012834,2692,2240,34,0,2206,1947,255001,487,1,0,486,293
2020-07-04,US,Texas,Jim Hogg,19,0,0,27.04453923,-98.69681870000001,48247.0,365.3846153846154,0.0,19,16,0,0,16,16,5248,3,0,0,3,0
2020-07-04,US,Texas,Jim Wells,185,0,0,27.73103938,-98.0904705,48249.0,456.9932315597055,0.0,185,176,0,0,176,166,40822,9,0,0,9,10
2020-07-04,US,Texas,Johnson,553,4,0,32.37877812,-97.36615819,48251.0,314.5315868203872,0.7233273056057866,549,526,4,0,522,478,171361,27,0,0,27,48
2020-07-04,US,Texas,Jones,610,0,0,32.73997145,-99.87861576,48253.0,3037.394811532142,0.0,610,610,0,0,610,610,19817,0,0,0,0,0
2020-07-04,US,Texas,Karnes,53,0,0,28.90705334,-97.85960149,48255.0,339.72181270431383,0.0,53,52,0,0,52,51,15650,1,0,0,1,1
2020-07-04,US,Texas,Kaufman,758,5,0,32.599141700000004,-96.28734728,48257.0,556.7225347767968,0.6596306068601583,753,724,5,0,719,676,128622,34,0,0,34,48
2020-07-04,US,Texas,Kendall,90,0,0,29.94414155,-98.7113588,48259.0,189.74932006493648,0.0,90,70,0,0,70,68,45641,20,0,0,20,2
2020-07-04,US,Texas,Kenedy,1,0,0,26.92601662,-97.66413984,48261.0,247.52475247524762,0.0,1,1,0,0,1,,442,0,0,0,0,
2020-07-04,US,Texas,Kerr,111,1,0,30.06040006,-99.34930144,48265.0,211.02661596958168,0.9009009009009008,110,109,1,0,108,94,52405,2,0,0,2,15
2020-07-04,US,Texas,Kimble,6,0,0,30.48678918,-99.74856473,48267.0,138.3444777495965,0.0,6,6,0,0,6,5,4362,0,0,0,0,1
2020-07-04,US,Texas,Kinney,2,0,0,29.34967888,-100.41866379999999,48271.0,54.5404963185165,0.0,2,2,0,0,2,2,3767,0,0,0,0,0
2020-07-04,US,Texas,Kleberg,87,1,0,27.42435506,-97.69894948,48273.0,283.5723598435463,1.1494252873563218,86,79,1,0,78,77,31129,8,0,0,8,2
2020-07-04,US,Texas,Knox,3,0,0,33.60519951,-99.74229059999999,48275.0,81.87772925764193,0.0,3,3,0,0,3,3,3653,0,0,0,0,0
2020-07-04,US,Texas,La Salle,21,0,0,28.34453111,-99.09908775,48283.0,279.25531914893617,0.0,21,21,0,0,21,19,7531,0,0,0,0,2
2020-07-04,US,Texas,Lamar,316,13,0,33.66981763,-95.57404777,48277.0,633.7872801299665,4.113924050632911,303,316,13,0,303,296,49728,0,0,0,0,20
2020-07-04,US,Texas,Lamb,50,0,0,34.06859623,-102.35162890000001,48279.0,387.807337314822,0.0,50,50,0,0,50,44,13158,0,0,0,0,6
2020-07-04,US,Texas,Lampasas,20,0,0,31.19531316,-98.24206613,48281.0,93.33582228859436,0.0,20,20,0,0,20,20,21229,0,0,0,0,0
2020-07-04,US,Texas,Lavaca,184,1,0,29.38508402,-96.93186692,48285.0,912.9701299990076,0.5434782608695652,183,175,1,0,174,150,20110,9,0,0,9,25
2020-07-04,US,Texas,Lee,72,3,0,30.31120597,-96.97045773,48287.0,417.65763675387205,4.166666666666667,69,63,3,0,60,62,17144,9,0,0,9,1
2020-07-04,US,Texas,Leon,37,0,0,31.29872538,-95.9936328,48289.0,212.594805791772,0.0,37,33,0,0,33,31,17270,4,0,0,4,2
2020-07-04,US,Texas,Liberty,390,3,0,30.15152688,-94.81205615,48291.0,442.0816377424365,0.7692307692307693,387,376,3,0,373,361,86323,14,0,0,14,15
2020-07-04,US,Texas,Limestone,61,1,0,31.5454767,-96.58095444,48293.0,260.272219140675,1.639344262295082,60,60,1,0,59,56,23519,1,0,0,1,4
2020-07-04,US,Texas,Lipscomb,11,0,0,36.27783108,-100.27331509999999,48295.0,340.24126198577176,0.0,11,11,0,0,11,11,3355,0,0,0,0,0
2020-07-04,US,Texas,Live Oak,31,0,0,28.35101362,-98.1246786,48297.0,253.9526501187843,0.0,31,31,0,0,31,31,12166,0,0,0,0,0
2020-07-04,US,Texas,Llano,11,0,0,30.70645047,-98.68475262,48299.0,50.47029135122735,0.0,11,11,0,0,11,10,21646,0,0,0,0,1
2020-07-04,US,Texas,Lubbock,2620,52,0,33.61008596,-101.82047890000001,48303.0,843.6128525384053,1.984732824427481,2568,2620,52,0,2568,2457,307412,0,0,0,0,163
2020-07-04,US,Texas,Lynn,39,1,0,33.17657705,-101.8162849,48305.0,655.3520416736682,2.5641025641025643,38,38,1,0,37,38,5877,1,0,0,1,0
2020-07-04,US,Texas,Madison,45,0,0,30.96694679,-95.93003775,48313.0,315.0378045365444,0.0,45,38,0,0,38,36,14422,7,0,0,7,2
2020-07-04,US,Texas,Marion,28,1,0,32.79868409,-94.35661230000001,48315.0,284.1485691089913,3.571428571428572,27,28,1,0,27,28,9928,0,0,0,0,0
2020-07-04,US,Texas,Martin,18,1,0,32.30600051,-101.9513518,48317.0,311.90434933287133,5.5555555555555545,17,17,1,0,16,17,5753,1,0,0,1,0
2020-07-04,US,Texas,Mason,34,0,0,30.71780434,-99.22629416,48319.0,795.5077211043518,0.0,34,34,0,0,34,34,4280,0,0,0,0,0
2020-07-04,US,Texas,Matagorda,263,5,0,28.81955746,-96.01230294,48321.0,717.7359932319953,1.9011406844106464,258,261,5,0,256,240,36552,2,0,0,2,21
2020-07-04,US,Texas,Maverick,519,5,0,28.7429195,-100.3157686,48323.0,883.825482783284,0.9633911368015414,514,455,5,0,450,434,58485,64,0,0,64,21
2020-07-04,US,Texas,McCulloch,20,0,0,31.1925468,-99.34682807,48307.0,250.50100200400803,0.0,20,17,0,0,17,17,7987,3,0,0,3,0
2020-07-04,US,Texas,McLennan,1563,9,0,31.55255453,-97.20217694,48309.0,609.0646590523843,0.5758157389635317,1554,1292,9,0,1283,1068,254607,271,0,0,271,224
2020-07-04,US,Texas,Medina,295,2,0,29.355730100000002,-99.11030298,48325.0,571.8827543424317,0.6779661016949152,293,293,2,0,291,282,50921,2,0,0,2,11
2020-07-04,US,Texas,Menard,8,0,0,30.88990665,-99.82047940000001,48327.0,374.1814780168381,0.0,8,8,0,0,8,6,2139,0,0,0,0,2
2020-07-04,US,Texas,Midland,772,15,0,31.86904128,-102.03156820000001,48329.0,436.57256605139344,1.9430051813471505,757,772,15,0,757,734,172578,0,0,0,0,38
2020-07-04,US,Texas,Milam,92,1,0,30.78581830000001,-96.97718698,48331.0,370.6240180477783,1.0869565217391304,91,92,1,0,91,90,25131,0,0,0,0,2
2020-07-04,US,Texas,Mills,1,0,0,31.49557106,-98.59272068,48333.0,20.521239482864765,0.0,1,1,0,0,1,1,4921,0,0,0,0,0
2020-07-04,US,Texas,Mitchell,10,0,0,32.30623474,-100.9212058,48335.0,117.02750146284376,0.0,10,10,0,0,10,9,8145,0,0,0,0,1
2020-07-04,US,Texas,Montague,21,1,0,33.67521893,-97.72500958,48337.0,105.9642749016046,4.761904761904762,20,21,1,0,20,18,19596,0,0,0,0,3
2020-07-04,US,Texas,Montgomery,2353,37,0,30.30079133,-95.50572772,48339.0,387.3946107202774,1.572460688482788,2316,2353,37,0,2316,2353,590925,0,0,0,0,0
2020-07-04,US,Texas,Moore,897,15,0,35.83769242,-101.8930281,48341.0,4283.667621776504,1.6722408026755853,882,897,15,0,882,896,21485,0,0,0,0,1
2020-07-04,US,Texas,Morris,42,0,0,33.11304005,-94.73255695,48343.0,339.0377784953181,0.0,42,41,0,0,41,40,12339,1,0,0,1,1
2020-07-04,US,Texas,Motley,1,0,0,34.07408766,-100.77972199999999,48345.0,83.33333333333333,0.0,1,1,0,0,1,1,1234,0,0,0,0,0
2020-07-04,US,Texas,Nacogdoches,435,26,0,31.62017125,-94.61803994,48347.0,667.1369854610148,5.9770114942528725,409,425,26,0,399,416,65711,10,0,0,10,9
2020-07-04,US,Texas,Navarro,283,6,0,32.04620681,-96.47428766,48349.0,564.7237243828946,2.120141342756184,277,262,6,0,256,247,49565,21,0,0,21,15
2020-07-04,US,Texas,Newton,12,0,0,30.78548982,-93.74408813,48351.0,88.26774549466715,0.0,12,12,0,0,12,12,13746,0,0,0,0,0
2020-07-04,US,Texas,Nolan,42,0,0,32.30365282,-100.4060208,48353.0,285.44243577545194,0.0,42,42,0,0,42,42,14751,0,0,0,0,0
2020-07-04,US,Texas,Nueces,3272,10,0,27.736286,-97.5433285,48355.0,903.1339188614772,0.3056234718826406,3262,3272,10,0,3262,3018,362265,0,0,0,0,254
2020-07-04,US,Texas,Ochiltree,53,2,0,36.27829105,-100.8158184,48357.0,538.8369255795038,3.7735849056603774,51,53,2,0,51,53,9947,0,0,0,0,0
2020-07-04,US,Texas,Oldham,4,1,0,35.40425596,-102.6027606,48359.0,189.3939393939394,25.0,3,4,1,0,3,4,2131,0,0,0,0,0
2020-07-04,US,Texas,Orange,303,5,0,30.11879481,-93.89412775,48361.0,363.32677826274636,1.6501650165016502,298,303,5,0,298,273,83572,0,0,0,0,30
2020-07-04,US,Texas,Palo Pinto,38,2,0,32.75310985,-98.31319001,48363.0,130.1860289835212,5.2631578947368425,36,34,2,0,32,25,28875,4,0,0,4,9
2020-07-04,US,Texas,Panola,214,24,0,32.163959600000005,-94.30552481,48365.0,922.652410106062,11.214953271028037,190,213,24,0,189,212,23148,1,0,0,1,1
2020-07-04,US,Texas,Parker,344,1,0,32.77757172,-97.80500621,48367.0,240.76484833214352,0.2906976744186047,343,333,1,0,332,304,138371,11,0,0,11,29
2020-07-04,US,Texas,Parmer,215,8,0,34.52993409,-102.78446679999999,48369.0,2238.417490890161,3.72093023255814,207,213,8,0,205,205,9864,2,0,0,2,8
2020-07-04,US,Texas,Pecos,132,0,0,30.78097267,-102.72412609999999,48371.0,834.2286544902989,0.0,132,131,0,0,131,130,15673,1,0,0,1,1
2020-07-04,US,Texas,Polk,170,0,0,30.79472531,-94.82766240000001,48373.0,331.04200338831225,0.0,170,170,0,0,170,155,50031,0,0,0,0,15
2020-07-04,US,Texas,Potter,2937,39,0,35.40133773,-101.893964,48375.0,2501.3839799003536,1.3278855975485189,2898,2937,39,0,2898,2913,119648,0,0,0,0,24
2020-07-04,US,Texas,Presidio,19,0,0,29.99954402,-104.24080790000001,48377.0,283.4128878281623,0.0,19,19,0,0,19,19,6948,0,0,0,0,0
2020-07-04,US,Texas,Rains,13,0,0,32.87109387,-95.79232691,48379.0,103.88365031165094,0.0,13,13,0,0,13,13,12159,0,0,0,0,0
2020-07-04,US,Texas,Randall,918,7,0,34.96585996,-101.8971322,48381.0,666.603733852287,0.7625272331154684,911,918,7,0,911,899,136271,0,0,0,0,19
2020-07-04,US,Texas,Reagan,13,0,0,31.36607041,-101.52326590000001,48383.0,337.7500649519356,0.0,13,10,0,0,10,9,3741,3,0,0,3,1
2020-07-04,US,Texas,Real,4,0,0,29.83321503,-99.82018052,48385.0,115.87485515643104,0.0,4,2,0,0,2,1,3478,2,0,0,2,1
2020-07-04,US,Texas,Red River,116,12,0,33.61886692,-95.04841765,48387.0,964.817433252932,10.344827586206897,104,115,12,0,103,112,12175,1,0,0,1,3
2020-07-04,US,Texas,Reeves,47,0,0,31.32323325,-103.69038959999999,48389.0,294.1912869303956,0.0,47,47,0,0,47,39,15695,0,0,0,0,8
2020-07-04,US,Texas,Refugio,26,0,0,28.323897600000002,-97.15766311,48391.0,374.2084052964882,0.0,26,18,0,0,18,14,7032,8,0,0,8,4
2020-07-04,US,Texas,Roberts,4,0,0,35.83809685,-100.813175,48393.0,468.384074941452,0.0,4,4,0,0,4,3,903,0,0,0,0,1
2020-07-04,US,Texas,Robertson,57,0,0,31.02539637,-96.51272246,48395.0,333.8409277263676,0.0,57,54,0,0,54,53,17284,3,0,0,3,1
2020-07-04,US,Texas,Rockwall,395,16,0,32.89779518,-96.40771592,48397.0,376.49525806605345,4.050632911392405,379,377,16,0,361,375,100657,18,0,0,18,2
2020-07-04,US,Texas,Runnels,17,0,0,31.8314342,-99.97616148,48399.0,165.62743569758382,0.0,17,17,0,0,17,11,10234,0,0,0,0,6
2020-07-04,US,Texas,Rusk,273,3,0,32.10773545,-94.76176432,48401.0,501.78289159283895,1.0989010989010992,270,281,3,0,278,279,54450,-8,0,0,-8,2
2020-07-04,US,Texas,Sabine,26,1,0,31.34318809,-93.85440451,48403.0,246.6325175488522,3.8461538461538463,25,26,1,0,25,25,10589,0,0,0,0,1
2020-07-04,US,Texas,San Augustine,114,7,0,31.39457611,-94.17000399,48405.0,1383.9990287726114,6.140350877192982,107,114,7,0,107,110,8232,0,0,0,0,4
2020-07-04,US,Texas,San Jacinto,60,0,0,30.57933681,-95.16260304,48407.0,207.9074118992342,0.0,60,57,0,0,57,36,28719,3,0,0,3,21
2020-07-04,US,Texas,San Patricio,187,0,0,28.00880118,-97.51763891,48409.0,280.23377791098454,0.0,187,187,0,0,187,177,66893,0,0,0,0,10
2020-07-04,US,Texas,San Saba,5,0,0,31.1577796,-98.81758731,48411.0,82.57638315441784,0.0,5,5,0,0,5,4,6054,0,0,0,0,1
2020-07-04,US,Texas,Schleicher,21,0,0,30.89740592,-100.5384842,48413.0,751.8796992481202,0.0,21,21,0,0,21,21,2895,0,0,0,0,0
2020-07-04,US,Texas,Scurry,59,0,0,32.74613808,-100.91626640000001,48415.0,353.2299586900557,0.0,59,45,0,0,45,42,16866,14,0,0,14,3
2020-07-04,US,Texas,Shackelford,4,0,0,32.73587756,-99.35401337,48417.0,122.51148545176108,0.0,4,5,0,0,5,3,3253,-1,0,0,-1,2
2020-07-04,US,Texas,Shelby,283,9,0,31.79211404,-94.14550696,48419.0,1119.7277834929175,3.180212014134276,274,281,9,0,272,281,25418,2,0,0,2,0
2020-07-04,US,Texas,Sherman,30,0,0,36.27751473,-101.8933156,48421.0,992.7200529450696,0.0,30,30,0,0,30,30,3079,0,0,0,0,0
2020-07-04,US,Texas,Smith,699,4,0,32.37474036,-95.27175679999999,48423.0,300.32094384127237,0.5722460658082976,695,699,4,0,695,654,230221,0,0,0,0,45
2020-07-04,US,Texas,Somervell,11,0,0,32.22236802,-97.77403489,48425.0,120.50832602979843,0.0,11,9,0,0,9,9,9016,2,0,0,2,0
2020-07-04,US,Texas,Starr,823,3,0,26.56150059,-98.73892358,48427.0,1273.3433385422306,0.3645200486026732,820,823,3,0,820,742,64525,0,0,0,0,81
2020-07-04,US,Texas,Stephens,8,0,0,32.73553157,-98.83631615,48429.0,85.41533205210335,0.0,8,8,0,0,8,8,9433,0,0,0,0,0
2020-07-04,US,Texas,Sutton,11,0,0,30.49856623,-100.5382014,48435.0,291.3135593220339,0.0,11,11,0,0,11,6,3758,0,0,0,0,5
2020-07-04,US,Texas,Swisher,38,1,0,34.53028891,-101.73491740000001,48437.0,513.721779099635,2.631578947368421,37,37,1,0,36,35,7462,1,0,0,1,2
2020-07-04,US,Texas,Tarrant,13423,233,0,32.77143818,-97.29101614,48439.0,638.4258851898798,1.7358265663413543,13190,13423,233,0,13190,12950,2084931,0,0,0,0,473
2020-07-04,US,Texas,Taylor,494,6,0,32.30163422,-99.89007449,48441.0,357.88284045959693,1.214574898785425,488,446,6,0,440,423,137640,48,0,0,48,23
2020-07-04,US,Texas,Terrell,2,0,0,30.22429013,-102.0766732,48443.0,257.73195876288656,0.0,2,2,0,0,2,2,823,0,0,0,0,0
2020-07-04,US,Texas,Terry,36,0,0,33.17402785,-102.3354521,48445.0,291.80513901272593,0.0,36,21,0,0,21,21,12287,15,0,0,15,0
2020-07-04,US,Texas,Throckmorton,1,0,0,33.17751417,-99.21226795,48447.0,66.62225183211193,0.0,1,1,0,0,1,1,1515,0,0,0,0,0
2020-07-04,US,Texas,Titus,845,5,0,33.21339719,-94.96797273,48449.0,2580.152671755725,0.591715976331361,840,845,5,0,840,828,33033,0,0,0,0,17
2020-07-04,US,Texas,Tom Green,539,3,0,31.40464436,-100.46244300000001,48451.0,452.18120805369125,0.5565862708719852,536,504,3,0,501,463,118189,35,0,0,35,41
2020-07-04,US,Texas,Travis,11009,134,0,30.33432034,-97.78535620000001,48453.0,864.1599304213496,1.217185938777364,10875,10695,133,0,10562,10124,1248743,314,1,0,313,571
2020-07-04,US,Texas,Trinity,44,0,0,31.0879489,-95.1367187,48455.0,300.32079721520716,0.0,44,42,0,0,42,39,14740,2,0,0,2,3
2020-07-04,US,Texas,Tyler,27,0,0,30.77031716,-94.37690895,48457.0,124.58471760797342,0.0,27,27,0,0,27,25,21696,0,0,0,0,2
2020-07-04,US,Texas,Upshur,66,0,0,32.73706798,-94.93999853,48459.0,158.07247383421551,0.0,66,65,0,0,65,62,41260,1,0,0,1,3
2020-07-04,US,Texas,Upton,6,0,0,31.36868194,-102.0423217,48461.0,164.06890894175552,0.0,6,6,0,0,6,4,3671,0,0,0,0,2
2020-07-04,US,Texas,Uvalde,137,1,0,29.35739637,-99.76229172,48463.0,512.3219026962342,0.7299270072992701,136,97,1,0,96,97,26846,40,0,0,40,0
2020-07-04,US,Texas,Val Verde,285,0,0,29.89149232,-101.1525205,48465.0,581.3360530341663,0.0,285,256,0,0,256,256,49208,29,0,0,29,0
2020-07-04,US,Texas,Van Zandt,101,3,0,32.56483801,-95.83766469,48467.0,178.47676267891853,2.9702970297029703,98,101,3,0,98,98,56019,0,0,0,0,3
2020-07-04,US,Texas,Victoria,1063,8,0,28.79780988,-96.96813006,48469.0,1154.3807827635635,0.7525870178739417,1055,793,8,0,785,793,92035,270,0,0,270,0
2020-07-04,US,Texas,Walker,2080,28,0,30.73872995,-95.57440968,48471.0,2850.447438023324,1.3461538461538465,2052,2080,28,0,2052,2048,72480,0,0,0,0,32
2020-07-04,US,Texas,Waller,178,0,0,30.01058447,-95.99011759,48473.0,322.19527205589543,0.0,178,165,0,0,165,160,53126,13,0,0,13,5
2020-07-04,US,Texas,Ward,22,0,0,31.50999644,-103.09279090000001,48475.0,183.3638939823304,0.0,22,21,0,0,21,20,11720,1,0,0,1,1
2020-07-04,US,Texas,Washington,289,31,0,30.21498498,-96.40946246,48477.0,805.4177582074577,10.726643598615915,258,282,31,0,251,275,35108,7,0,0,7,7
2020-07-04,US,Texas,Webb,1773,27,0,27.7610369,-99.33237355,48479.0,640.8773477148186,1.5228426395939083,1746,1703,27,0,1676,1604,275910,70,0,0,70,99
2020-07-04,US,Texas,Wharton,230,1,0,29.27765923,-96.22319248,48481.0,553.4700163634614,0.43478260869565216,229,226,1,0,225,215,41619,4,0,0,4,11
2020-07-04,US,Texas,Wheeler,19,0,0,35.40114335,-100.26995140000001,48483.0,375.7911392405063,0.0,19,19,0,0,19,18,5191,0,0,0,0,1
2020-07-04,US,Texas,Wichita,425,2,0,33.98842886,-98.70410340000001,48485.0,321.4096649776904,0.4705882352941176,423,420,2,0,418,397,132064,5,0,0,5,23
2020-07-04,US,Texas,Wilbarger,12,0,0,34.07945812,-99.24178437,48487.0,93.97760200485551,0.0,12,11,0,0,11,10,12820,1,0,0,1,1
2020-07-04,US,Texas,Willacy,217,3,0,26.47411727,-97.61535848,48489.0,1016.0127352748384,1.3824884792626728,214,207,3,0,204,168,21515,10,0,0,10,39
2020-07-04,US,Texas,Williamson,2469,42,0,30.64655664,-97.60048540000001,48491.0,418.084128212466,1.7010935601458081,2427,2469,42,0,2427,2388,566719,0,0,0,0,81
2020-07-04,US,Texas,Wilson,132,5,0,29.1732598,-98.08693082,48493.0,258.4687683571568,3.787878787878788,127,113,5,0,108,111,50224,19,0,0,19,2
2020-07-04,US,Texas,Winkler,29,0,0,31.85008651,-103.04851629999999,48495.0,362.04744069912607,0.0,29,26,0,0,26,26,7720,3,0,0,3,0
2020-07-04,US,Texas,Wise,135,5,0,33.21570665,-97.65460265,48497.0,192.90123456790127,3.703703703703704,130,125,5,0,120,116,68305,10,0,0,10,9
2020-07-04,US,Texas,Wood,94,5,0,32.78722382,-95.38236368,48499.0,206.416478183535,5.319148936170213,89,94,5,0,89,92,45129,0,0,0,0,2
2020-07-04,US,Texas,Yoakum,38,0,0,33.17320212,-102.82764329999999,48501.0,436.12992080798807,0.0,38,30,0,0,30,30,8591,8,0,0,8,0
2020-07-04,US,Texas,Young,34,1,0,33.17659707,-98.68790885,48503.0,188.78400888395336,2.9411764705882355,33,33,1,0,32,30,18045,1,0,0,1,3
2020-07-04,US,Texas,Zapata,56,0,0,27.00156391,-99.16987152,48505.0,394.95027858100013,0.0,56,55,0,0,55,55,14190,1,0,0,1,0
2020-07-04,US,Texas,Zavala,25,0,0,28.86617238,-99.76050829,48507.0,211.14864864864865,0.0,25,23,0,0,23,23,11983,2,0,0,2,0
2020-07-04,US,Utah,Bear River,1606,3,0,41.52106798,-113.08328159999999,0.0,859.6602040488604,0.18679950186799504,1603,1568,3,0,1565,1556,,38,0,0,38,12
2020-07-04,US,Utah,Central Utah,201,0,0,39.37231946,-111.5758676,0.0,245.25953583717686,0.0,201,194,0,0,194,180,,7,0,0,7,14
2020-07-04,US,Utah,Davis,1379,5,0,40.99001837,-112.1139997,49011.0,387.92509304294737,0.3625815808556925,1374,1322,5,0,1317,1268,351713,57,0,0,57,54
2020-07-04,US,Utah,Salt Lake,12343,112,0,40.66616532,-111.92160109999999,49035.0,1063.6510211239386,0.9073969051284128,12231,12050,112,0,11938,11728,1152633,293,0,0,293,322
2020-07-04,US,Utah,San Juan,413,9,0,37.62762978,-109.80337140000002,49037.0,2697.9357198850275,2.179176755447942,404,403,9,0,394,404,15449,10,0,0,10,-1
2020-07-04,US,Utah,Southeast Utah,40,0,0,38.99617072,-110.70139579999999,0.0,99.43075890526735,0.0,40,40,0,0,40,39,,0,0,0,0,1
2020-07-04,US,Utah,Southwest Utah,1660,12,0,37.85447192,-111.4418764,0.0,658.6203886653811,0.7228915662650602,1648,1625,12,0,1613,1584,,35,0,0,35,41
2020-07-04,US,Utah,Summit,515,1,0,40.86688146,-110.9535882,49043.0,1221.9717641475854,0.1941747572815534,514,508,1,0,507,498,41933,7,0,0,7,10
2020-07-04,US,Utah,Tooele,265,0,0,40.44862644,-113.12957150000001,49045.0,366.7363235029546,0.0,265,255,0,0,255,256,69907,10,0,0,10,-1
2020-07-04,US,Utah,TriCounty,55,0,0,40.12491499,-109.5174415,0.0,97.13538907138569,0.0,55,53,0,0,53,52,,2,0,0,2,1
2020-07-04,US,Utah,Utah,4474,22,0,40.116672200000004,-111.66576620000001,49049.0,703.1992895706775,0.4917299955297273,4452,4340,22,0,4318,4249,622213,134,0,0,134,91
2020-07-04,US,Utah,Wasatch,419,3,0,40.33110236,-111.1691419,49051.0,1229.0633891642956,0.7159904534606205,416,418,3,0,415,414,33240,1,0,0,1,4
2020-07-04,US,Utah,Weber-Morgan,1172,14,0,41.27116049,-111.9145117,0.0,430.3491629855657,1.1945392491467577,1158,1090,14,0,1076,1042,,82,0,0,82,48
2020-07-04,US,Vermont,Addison,68,2,0,44.03217337,-73.14130877,50001.0,184.89817005193456,2.9411764705882355,66,68,2,0,66,68,36973,0,0,0,0,0
2020-07-04,US,Vermont,Bennington,73,1,0,43.03519828,-73.09048868,50003.0,205.8077248378912,1.3698630136986298,72,73,1,0,72,72,35631,0,0,0,0,1
2020-07-04,US,Vermont,Caledonia,20,0,0,44.46548598,-72.10314651,50005.0,66.68222585269896,0.0,20,20,0,0,20,20,30302,0,0,0,0,0
2020-07-04,US,Vermont,Chittenden,623,39,0,44.46322849,-73.08359212,50007.0,380.4022616532538,6.260032102728733,584,622,39,0,583,617,164572,1,0,0,1,5
2020-07-04,US,Vermont,Essex,3,0,0,44.72736416,-71.73579864,50009.0,48.67759208177836,0.0,3,3,0,0,3,3,6250,0,0,0,0,0
2020-07-04,US,Vermont,Franklin,110,6,0,44.85627605,-72.91249563,50011.0,222.66305007894417,5.454545454545454,104,110,6,0,104,108,49421,0,0,0,0,2
2020-07-04,US,Vermont,Grand Isle,10,0,0,44.797582399999996,-73.29679772,50013.0,138.217000691085,0.0,10,10,0,0,10,10,7090,0,0,0,0,0
2020-07-04,US,Vermont,Lamoille,32,1,0,44.60353043,-72.64356694,50015.0,126.1730147464711,3.125,31,31,1,0,30,31,25300,1,0,0,1,0
2020-07-04,US,Vermont,Orange,9,0,0,44.00470222,-72.37640104,50017.0,31.150491485532328,0.0,9,9,0,0,9,9,28999,0,0,0,0,0
2020-07-04,US,Vermont,Orleans,14,0,0,44.82964024,-72.24562697,50019.0,51.78089285053815,0.0,14,14,0,0,14,14,26907,0,0,0,0,0
2020-07-04,US,Vermont,Rutland,74,1,0,43.57723578,-73.03741676,50021.0,127.16743138973379,1.351351351351351,73,74,1,0,73,73,58672,0,0,0,0,1
2020-07-04,US,Vermont,Unassigned,5,0,0,0.0,0.0,90050.0,0.0,0.0,5,5,0,0,5,5,,0,0,0,0,0
2020-07-04,US,Vermont,Washington,41,1,0,44.27343241,-72.61604978,50023.0,70.19466178157475,2.4390243902439024,40,41,1,0,40,41,58140,0,0,0,0,0
2020-07-04,US,Vermont,Windham,97,3,0,42.986982,-72.71268875,50025.0,229.7380512529013,3.0927835051546397,94,97,3,0,94,97,42756,0,0,0,0,0
2020-07-04,US,Vermont,Windsor,59,2,0,43.58010937,-72.58595157,50027.0,107.15193781555338,3.3898305084745757,57,59,2,0,57,59,55286,0,0,0,0,0
2020-07-04,US,Virginia,Accomack,1043,14,0,37.76707161,-75.63234615,51001.0,3227.5034038866197,1.342281879194631,1029,1042,14,0,1028,1042,32412,1,0,0,1,0
2020-07-04,US,Virginia,Albemarle,456,9,0,38.02080697,-78.55481085,51003.0,417.0858867648404,1.973684210526316,447,420,9,0,411,412,108718,36,0,0,36,8
2020-07-04,US,Virginia,Alexandria,2357,57,0,38.814003,-77.08183073,51510.0,1478.4103168828565,2.4183283835383964,2300,2338,57,0,2281,2327,160530,19,0,0,19,11
2020-07-04,US,Virginia,Alleghany,35,2,0,37.78636074,-80.00222498,51005.0,235.5316285329744,5.7142857142857135,33,34,2,0,32,33,14910,1,0,0,1,1
2020-07-04,US,Virginia,Amelia,45,1,0,37.34081025,-77.98584649,51007.0,342.33548877900336,2.2222222222222223,44,45,1,0,44,44,13013,0,0,0,0,1
2020-07-04,US,Virginia,Amherst,37,0,0,37.60308293,-79.14548696,51009.0,117.07008384749248,0.0,37,37,0,0,37,36,31666,0,0,0,0,1
2020-07-04,US,Virginia,Appomattox,43,0,0,37.37569884,-78.81340003,51011.0,270.2532838916473,0.0,43,43,0,0,43,41,15841,0,0,0,0,2
2020-07-04,US,Virginia,Arlington,2519,131,0,38.8767675,-77.10139853,51013.0,1063.5782504792223,5.200476379515682,2388,2500,132,0,2368,2496,237521,19,-1,0,20,4
2020-07-04,US,Virginia,Augusta,192,2,0,38.16404586,-79.12461614,51015.0,254.10942587151592,1.0416666666666667,190,190,2,0,188,189,75457,2,0,0,2,1
2020-07-04,US,Virginia,Bedford,137,3,0,37.3080028,-79.5281964,51019.0,173.42430725217415,2.18978102189781,134,131,3,0,128,125,78747,6,0,0,6,6
2020-07-04,US,Virginia,Bland,2,0,0,37.13128068,-81.13599391,51021.0,31.84713375796178,0.0,2,2,0,0,2,2,6293,0,0,0,0,0
2020-07-04,US,Virginia,Botetourt,133,4,0,37.55531756,-79.80982182,51023.0,397.97719859959915,3.0075187969924815,129,133,4,0,129,125,33277,0,0,0,0,8
2020-07-04,US,Virginia,Bristol,5,0,0,36.616302399999995,-82.16359122,51520.0,29.829375969454716,0.0,5,5,0,0,5,4,16482,0,0,0,0,1
2020-07-04,US,Virginia,Brunswick,109,1,0,36.76366949,-77.8593436,51025.0,671.5544328753621,0.9174311926605504,108,107,1,0,106,107,16384,2,0,0,2,0
2020-07-04,US,Virginia,Buchanan,31,0,0,37.26818323,-82.03749726,51027.0,147.59093505998857,0.0,31,31,0,0,31,31,21221,0,0,0,0,0
2020-07-04,US,Virginia,Buckingham,566,4,0,37.57242268,-78.52518834,51029.0,3300.6764637275483,0.7067137809187279,562,566,4,0,562,560,16999,0,0,0,0,6
2020-07-04,US,Virginia,Buena Vista,15,0,0,37.73484642,-79.35296097,51530.0,231.5529484408768,0.0,15,16,0,0,16,16,6237,-1,0,0,-1,0
2020-07-04,US,Virginia,Campbell,51,1,0,37.20553386,-79.09678609,51031.0,92.92156326865265,1.96078431372549,50,48,1,0,47,45,54973,3,0,0,3,3
2020-07-04,US,Virginia,Caroline,128,4,0,38.02679129,-77.34901405,51033.0,416.5988608624898,3.125,124,128,4,0,124,128,30772,0,0,0,0,0
2020-07-04,US,Virginia,Carroll,227,9,0,36.73066666,-80.73455942,51035.0,761.9750931489377,3.9647577092511015,218,225,9,0,216,224,29636,2,0,0,2,1
2020-07-04,US,Virginia,Charles City,40,3,0,37.35358063,-77.05634116,51036.0,574.4650294413328,7.5,37,41,3,0,38,39,6941,-1,0,0,-1,2
2020-07-04,US,Virginia,Charlotte,33,0,0,37.01909701,-78.66314092,51037.0,277.77777777777777,0.0,33,33,0,0,33,32,11938,0,0,0,0,1
2020-07-04,US,Virginia,Charlottesville,230,6,0,38.03527919,-78.48569588,51540.0,486.607709558668,2.608695652173913,224,220,6,0,214,218,48117,10,0,0,10,2
2020-07-04,US,Virginia,Chesapeake,1003,21,0,36.67670048,-76.30545744,51550.0,409.66365103028573,2.093718843469591,982,972,21,0,951,959,242634,31,0,0,31,13
2020-07-04,US,Virginia,Chesterfield,2972,53,0,37.37373208,-77.58680140000001,51041.0,842.3988526142143,1.7833109017496636,2919,2974,53,0,2921,2939,348556,-2,0,0,-2,35
2020-07-04,US,Virginia,Clarke,55,0,0,39.11271747,-77.99199425,51043.0,376.2227238525207,0.0,55,54,0,0,54,54,14523,1,0,0,1,0
2020-07-04,US,Virginia,Colonial Heights,145,18,0,37.26420587,-77.39609676,51570.0,834.7725964306276,12.413793103448276,127,145,18,0,127,145,17833,0,0,0,0,0
2020-07-04,US,Virginia,Covington,5,0,0,37.7824656,-79.98631446,51580.0,90.2853015529072,0.0,5,5,0,0,5,5,5460,0,0,0,0,0
2020-07-04,US,Virginia,Craig,8,0,0,37.48133648,-80.21072274,51045.0,155.9150263106607,0.0,8,7,0,0,7,7,5064,1,0,0,1,0
2020-07-04,US,Virginia,Culpeper,817,11,0,38.48199985,-77.95630870000002,51047.0,1553.0843075753255,1.346389228886169,806,814,11,0,803,812,51859,3,0,0,3,2
2020-07-04,US,Virginia,Cumberland,57,0,0,37.51328851,-78.24398086,51049.0,573.9025372533226,0.0,57,57,0,0,57,52,9809,0,0,0,0,5
2020-07-04,US,Virginia,Danville,93,2,0,36.58022376,-79.40395668,51590.0,232.24453101588253,2.150537634408602,91,91,2,0,89,89,40693,2,0,0,2,2
2020-07-04,US,Virginia,Dickenson,5,0,0,37.12560977,-82.35124171,51051.0,34.92107836289985,0.0,5,5,0,0,5,5,14523,0,0,0,0,0
2020-07-04,US,Virginia,Dinwiddie,148,2,0,37.07544585,-77.63451754,51053.0,518.4977578475336,1.351351351351351,146,148,2,0,146,143,28529,0,0,0,0,5
2020-07-04,US,Virginia,Emporia,141,15,0,36.69455571,-77.53406129,51595.0,2637.485970819304,10.638297872340424,126,141,15,0,126,140,5121,0,0,0,0,1
2020-07-04,US,Virginia,Essex,59,0,0,37.93357639,-76.94230311,51057.0,538.6652058796676,0.0,59,59,0,0,59,59,10919,0,0,0,0,0
2020-07-04,US,Virginia,Fairfax,14072,495,0,38.83677558,-77.27565836,51059.0,1226.2838857652769,3.517623649801023,13577,13965,494,0,13471,13886,1150795,107,1,0,106,79
2020-07-04,US,Virginia,Fairfax,14072,495,0,38.83677558,-77.27565836,51059.0,1226.2838857652769,3.517623649801023,13577,13965,494,0,13471,13886,24574,107,1,0,106,79
2020-07-04,US,Virginia,Fairfax City,71,7,0,38.85157547,-77.29779640000002,51600.0,295.5993172072109,9.859154929577462,64,70,7,0,63,71,24574,1,0,0,1,-1
2020-07-04,US,Virginia,Falls Church,54,8,0,38.88485255,-77.17560759,51610.0,369.43285215844566,14.814814814814815,46,54,8,0,46,53,14772,0,0,0,0,1
2020-07-04,US,Virginia,Fauquier,431,7,0,38.73564842,-77.80647472,51061.0,605.1500940720564,1.6241299303944317,424,427,7,0,420,421,70675,4,0,0,4,6
2020-07-04,US,Virginia,Floyd,20,1,0,36.9302126,-80.36738849,51063.0,126.9921899803162,5.0,19,19,1,0,18,18,15795,1,0,0,1,1
2020-07-04,US,Virginia,Fluvanna,120,8,0,37.84157909,-78.27715475,51065.0,440.04400440044014,6.666666666666668,112,116,8,0,108,114,26783,4,0,0,4,2
2020-07-04,US,Virginia,Franklin,92,1,0,36.99536167,-79.88023649,51067.0,164.16259234145818,1.0869565217391304,91,92,1,0,91,92,56195,0,0,0,0,0
2020-07-04,US,Virginia,Franklin,92,1,0,36.99536167,-79.88023649,51067.0,164.16259234145818,1.0869565217391304,91,92,1,0,91,92,8013,0,0,0,0,0
2020-07-04,US,Virginia,Franklin City,53,2,0,36.6831435,-76.93859681,51620.0,665.2441320446842,3.7735849056603774,51,52,2,0,50,51,8013,1,0,0,1,1
2020-07-04,US,Virginia,Frederick,518,6,0,39.20172582,-78.25974949,51069.0,579.9827572693785,1.1583011583011582,512,517,6,0,511,512,88355,1,0,0,1,5
2020-07-04,US,Virginia,Fredericksburg,255,0,0,38.2977863,-77.4922454,51630.0,878.2201405152225,0.0,255,254,0,0,254,250,29144,1,0,0,1,4
2020-07-04,US,Virginia,Galax,265,15,0,36.66601852,-80.91703124,51640.0,4175.200882306603,5.660377358490566,250,263,15,0,248,261,6423,2,0,0,2,2
2020-07-04,US,Virginia,Giles,18,0,0,37.31234791,-80.70636931,51071.0,107.65550239234449,0.0,18,17,0,0,17,17,16844,1,0,0,1,0
2020-07-04,US,Virginia,Gloucester,49,1,0,37.40809042,-76.53524337,51073.0,131.19845774874156,2.0408163265306123,48,49,1,0,48,49,37349,0,0,0,0,0
2020-07-04,US,Virginia,Goochland,126,6,0,37.71714806,-77.90381514,51075.0,530.4593104028963,4.761904761904762,120,126,6,0,120,121,23244,0,0,0,0,5
2020-07-04,US,Virginia,Grayson,88,2,0,36.65677234,-81.23215889,51077.0,565.9163987138262,2.272727272727273,86,87,2,0,85,87,15631,1,0,0,1,0
2020-07-04,US,Virginia,Greene,72,1,0,38.29545894,-78.46525378,51079.0,363.2877541752864,1.3888888888888888,71,67,1,0,66,67,19779,5,0,0,5,0
2020-07-04,US,Virginia,Greensville,368,7,0,36.67878901,-77.56351439,51081.0,3246.2949894142553,1.9021739130434785,361,366,7,0,359,366,11627,2,0,0,2,0
2020-07-04,US,Virginia,Halifax,63,1,0,36.76654925,-78.93512622,51083.0,185.78042523075104,1.5873015873015872,62,59,1,0,58,57,34120,4,0,0,4,2
2020-07-04,US,Virginia,Hampton,360,5,0,37.03513786,-76.35879121,51650.0,267.6380938220206,1.3888888888888888,355,354,5,0,349,339,134313,6,0,0,6,15
2020-07-04,US,Virginia,Hanover,443,29,0,37.7583355,-77.49464673,51085.0,411.0758495258245,6.54627539503386,414,442,29,0,413,435,107239,1,0,0,1,7
2020-07-04,US,Virginia,Harrisonburg,963,27,0,38.43542574,-78.87536254,51660.0,1816.432775011317,2.803738317757009,936,957,27,0,930,941,54033,6,0,0,6,16
2020-07-04,US,Virginia,Henrico,2663,158,0,37.53460572,-77.39326555,51087.0,804.9743363420372,5.933158092377019,2505,2629,157,0,2472,2615,329261,34,1,0,33,14
2020-07-04,US,Virginia,Henry,284,4,0,36.68542395,-79.87634026,51089.0,561.742191981328,1.4084507042253518,280,280,4,0,276,273,50953,4,0,0,4,7
2020-07-04,US,Virginia,Highland,3,0,0,38.35799465,-79.56124594,51091.0,136.98630136986299,0.0,3,3,0,0,3,3,2210,0,0,0,0,0
2020-07-04,US,Virginia,Hopewell,185,2,0,37.29186313,-77.29754684,51670.0,821.1638332815484,1.0810810810810811,183,184,2,0,182,182,22596,1,0,0,1,2
2020-07-04,US,Virginia,Isle of Wight,190,9,0,36.90579348,-76.70842863,51093.0,512.0051739470209,4.7368421052631575,181,186,9,0,177,181,36953,4,0,0,4,5
2020-07-04,US,Virginia,James City,279,15,0,37.31156958,-76.76950618,51095.0,364.59626517517614,5.376344086021504,264,270,15,0,255,268,76397,9,0,0,9,2
2020-07-04,US,Virginia,King George,100,4,0,38.26818502,-77.15852768,51099.0,372.63377552541357,4.0,96,99,4,0,95,99,26575,1,0,0,1,0
2020-07-04,US,Virginia,King William,43,0,0,37.70965316,-77.09384941,51101.0,250.75810590156289,0.0,43,42,0,0,42,42,16939,1,0,0,1,0
2020-07-04,US,Virginia,King and Queen,24,1,0,37.71044922,-76.88689628,51097.0,341.6370106761566,4.166666666666667,23,24,1,0,23,24,7042,0,0,0,0,0
2020-07-04,US,Virginia,Lancaster,11,0,0,37.71889653,-76.46400482,51103.0,103.74422333301895,0.0,11,11,0,0,11,11,10783,0,0,0,0,0
2020-07-04,US,Virginia,Lee,12,0,0,36.70586667,-83.12606515,51105.0,51.23169534218504,0.0,12,12,0,0,12,12,23541,0,0,0,0,0
2020-07-04,US,Virginia,Lexington,13,0,0,37.78258621,-79.44262866,51678.0,174.59038409884502,0.0,13,11,0,0,11,11,7136,2,0,0,2,0
2020-07-04,US,Virginia,Loudoun,4175,91,0,39.08990083,-77.63481877,51107.0,1009.5807398594568,2.179640718562874,4084,4113,91,0,4022,4083,406850,62,0,0,62,30
2020-07-04,US,Virginia,Louisa,127,1,0,37.97850256,-77.96274807,51109.0,337.846825037908,0.7874015748031497,126,119,1,0,118,119,36778,8,0,0,8,0
2020-07-04,US,Virginia,Lunenburg,37,0,0,36.94618528,-78.24133319,51111.0,303.3781567727124,0.0,37,37,0,0,37,36,12086,0,0,0,0,1
2020-07-04,US,Virginia,Lynchburg,162,1,0,37.40021399,-79.19888138,51680.0,197.15704410476098,0.6172839506172839,161,159,1,0,158,146,82126,3,0,0,3,13
2020-07-04,US,Virginia,Madison,43,1,0,38.41531222,-78.28220331,51113.0,324.2591056481412,2.3255813953488373,42,43,1,0,42,43,13295,0,0,0,0,0
2020-07-04,US,Virginia,Manassas,1435,18,0,38.7464321,-77.48509905,51683.0,3492.758914445661,1.254355400696864,1417,1430,18,0,1412,1417,41641,5,0,0,5,13
2020-07-04,US,Virginia,Manassas Park,435,6,0,38.77058531,-77.44399307,51685.0,2488.8431170614485,1.3793103448275863,429,434,6,0,428,431,17307,1,0,0,1,3
2020-07-04,US,Virginia,Martinsville,82,1,0,36.68212094,-79.86352771,51690.0,653.1782698741438,1.2195121951219512,81,81,1,0,80,80,12902,1,0,0,1,1
2020-07-04,US,Virginia,Mathews,6,0,0,37.44164146,-76.34098896,51115.0,67.91940230925968,0.0,6,6,0,0,6,6,8802,0,0,0,0,0
2020-07-04,US,Virginia,Mecklenburg,248,28,0,36.67882005,-78.36131056,51117.0,810.8019746951319,11.290322580645164,220,248,28,0,220,246,30650,0,0,0,0,2
2020-07-04,US,Virginia,Middlesex,15,0,0,37.63191998,-76.55064617,51119.0,141.75014175014175,0.0,15,15,0,0,15,15,10769,0,0,0,0,0
2020-07-04,US,Virginia,Montgomery,155,2,0,37.17746986,-80.37868691,51121.0,157.30451108743085,1.2903225806451613,153,154,2,0,152,149,98985,1,0,0,1,5
2020-07-04,US,Virginia,Nelson,20,0,0,37.78790447,-78.88498513,51125.0,133.95847287340922,0.0,20,18,0,0,18,18,14836,2,0,0,2,0
2020-07-04,US,Virginia,New Kent,60,1,0,37.50694406,-76.99828634,51127.0,259.84149668702094,1.6666666666666667,59,60,1,0,59,57,22391,0,0,0,0,3
2020-07-04,US,Virginia,Newport News,568,10,0,37.08166899,-76.51754109,51700.0,316.9200725345236,1.7605633802816902,558,549,10,0,539,541,178626,19,0,0,19,8
2020-07-04,US,Virginia,Norfolk,1067,12,0,36.89934014,-76.26420872,51710.0,439.5613449670843,1.1246485473289598,1055,1000,11,0,989,987,244076,67,1,0,66,13
2020-07-04,US,Virginia,Northampton,271,28,0,37.34062933,-75.87751591,51131.0,2314.261315115286,10.33210332103321,243,271,28,0,243,271,11735,0,0,0,0,0
2020-07-04,US,Virginia,Northumberland,36,1,0,37.89202088,-76.41949732,51133.0,297.64365440264567,2.7777777777777777,35,36,1,0,35,37,12147,0,0,0,0,-1
2020-07-04,US,Virginia,Norton,4,0,0,36.93357076,-82.62750411,51720.0,100.4772670183371,0.0,4,4,0,0,4,4,3968,0,0,0,0,0
2020-07-04,US,Virginia,Nottoway,114,2,0,37.1435975,-78.05065922,51135.0,748.4243697478993,1.7543859649122806,112,114,2,0,112,112,15420,0,0,0,0,2
2020-07-04,US,Virginia,Orange,153,3,0,38.24530219,-78.01560400000002,51137.0,412.9443199913633,1.96078431372549,150,152,3,0,149,152,36644,1,0,0,1,0
2020-07-04,US,Virginia,Page,281,23,0,38.61807452,-78.48797204,51139.0,1175.633838172538,8.185053380782918,258,281,23,0,258,278,23933,0,0,0,0,3
2020-07-04,US,Virginia,Patrick,48,1,0,36.680163799999995,-80.2865648,51141.0,272.6033621081327,2.083333333333333,47,48,1,0,47,47,17673,0,0,0,0,1
2020-07-04,US,Virginia,Petersburg,271,5,0,37.20530399,-77.39368102,51730.0,864.5441204619409,1.845018450184502,266,256,5,0,251,249,31567,15,0,0,15,7
2020-07-04,US,Virginia,Pittsylvania,134,1,0,36.81980341,-79.39731264,51143.0,222.0233953010571,0.746268656716418,133,132,1,0,131,123,60949,2,0,0,2,9
2020-07-04,US,Virginia,Poquoson,19,0,0,37.14259351,-76.35798148,51735.0,154.8366066335262,0.0,19,19,0,0,19,19,12190,0,0,0,0,0
2020-07-04,US,Virginia,Portsmouth,539,18,0,36.85914825,-76.35971629,51740.0,570.9866734464713,3.339517625231911,521,526,18,0,508,513,94632,13,0,0,13,13
2020-07-04,US,Virginia,Powhatan,84,2,0,37.55016038,-77.91267882,51145.0,283.28611898017004,2.380952380952381,82,84,2,0,82,82,29189,0,0,0,0,2
2020-07-04,US,Virginia,Prince Edward,213,6,0,37.22554789,-78.43597949,51147.0,934.1285852118236,2.8169014084507036,207,213,6,0,207,194,22950,0,0,0,0,19
2020-07-04,US,Virginia,Prince George,244,1,0,37.18497668,-77.22922187,51149.0,636.195343258676,0.4098360655737705,243,243,1,0,242,238,38082,1,0,0,1,5
2020-07-04,US,Virginia,Prince William,7484,147,0,38.70916224,-77.48713689,51153.0,1591.2062678728992,1.9641902725815072,7337,7442,146,0,7296,7390,468011,42,1,0,41,52
2020-07-04,US,Virginia,Pulaski,48,2,0,37.06474963,-80.71229738,51155.0,141.06444882005462,4.166666666666667,46,48,2,0,46,46,34066,0,0,0,0,2
2020-07-04,US,Virginia,Radford,14,0,0,37.12222899,-80.56027320000003,51750.0,76.71653241273496,0.0,14,14,0,0,14,13,18339,0,0,0,0,1
2020-07-04,US,Virginia,Rappahannock,22,0,0,38.68295619,-78.15826963,51157.0,298.5074626865672,0.0,22,21,0,0,21,20,7252,1,0,0,1,1
2020-07-04,US,Virginia,Richmond,298,4,0,37.937575,-76.72920628,51159.0,3302.670952011526,1.342281879194631,294,298,4,0,294,298,9038,0,0,0,0,0
2020-07-04,US,Virginia,Richmond City,2262,29,0,37.53255773,-77.47966921,51760.0,981.6174556058947,1.2820512820512822,2233,2248,30,0,2218,2227,228783,14,-1,0,15,21
2020-07-04,US,Virginia,Roanoke,278,6,0,37.26865804,-80.06396753,51161.0,295.1606395855012,2.1582733812949644,272,274,6,0,268,260,94073,4,0,0,4,14
2020-07-04,US,Virginia,Roanoke City,476,10,0,37.27791025,-79.96189766,51770.0,480.11458196746116,2.100840336134454,466,465,10,0,455,436,99920,11,0,0,11,29
2020-07-04,US,Virginia,Rockbridge,33,0,0,37.81204314,-79.44605905,51163.0,146.19235369689454,0.0,33,32,0,0,32,32,22752,1,0,0,1,0
2020-07-04,US,Virginia,Rockingham,743,11,0,38.51006137,-78.87260325,51165.0,906.6725240396347,1.4804845222072678,732,739,11,0,728,730,81244,4,0,0,4,9
2020-07-04,US,Virginia,Russell,14,0,0,36.93028320000001,-82.10095486,51167.0,52.6592943654555,0.0,14,13,0,0,13,13,26748,1,0,0,1,0
2020-07-04,US,Virginia,Salem,78,3,0,37.2836193,-80.06219455,51775.0,308.2882099521758,3.8461538461538463,75,78,3,0,75,70,25643,0,0,0,0,8
2020-07-04,US,Virginia,Scott,10,2,0,36.71466456,-82.60171704,51169.0,46.36928498562554,20.0,8,10,2,0,8,10,21534,0,0,0,0,0
2020-07-04,US,Virginia,Shenandoah,587,31,0,38.85905135,-78.56813762,51171.0,1345.8363903154805,5.281090289608177,556,584,30,0,554,582,43497,3,1,0,2,2
2020-07-04,US,Virginia,Smyth,42,1,0,36.84455636,-81.53344948,51173.0,139.51634334307732,2.380952380952381,41,42,1,0,41,40,30472,0,0,0,0,2
2020-07-04,US,Virginia,Southampton,163,7,0,36.72231125,-77.10642712,51175.0,924.5079689183824,4.294478527607362,156,162,7,0,155,160,17586,1,0,0,1,2
2020-07-04,US,Virginia,Spotsylvania,1027,31,0,38.18574462,-77.655399,51177.0,753.9551444407738,3.018500486854917,996,1010,31,0,979,1001,134238,17,0,0,17,9
2020-07-04,US,Virginia,Stafford,1008,5,0,38.41758738,-77.45917053,51179.0,659.3320338561766,0.4960317460317461,1003,998,5,0,993,1000,149960,10,0,0,10,-2
2020-07-04,US,Virginia,Staunton,77,0,0,38.15965544,-79.05979937,51790.0,308.8400449221883,0.0,77,74,0,0,74,74,24922,3,0,0,3,0
2020-07-04,US,Virginia,Suffolk,443,37,0,36.70155394,-76.63603554,51800.0,480.9571372736354,8.35214446952596,406,441,37,0,404,425,91185,2,0,0,2,16
2020-07-04,US,Virginia,Surry,17,1,0,37.11781893,-76.88450012,51181.0,264.71504204297725,5.882352941176472,16,16,1,0,15,16,6474,1,0,0,1,0
2020-07-04,US,Virginia,Sussex,209,5,0,36.92432914,-77.25791182,51183.0,1872.927681691908,2.392344497607656,204,208,5,0,203,205,11237,1,0,0,1,3
2020-07-04,US,Virginia,Tazewell,16,0,0,37.12191123,-81.56685568,51185.0,39.41372090158887,0.0,16,16,0,0,16,16,40855,0,0,0,0,0
2020-07-04,US,Virginia,Virginia Beach,1300,30,0,36.73285734,-76.04566934,51810.0,288.9055812113589,2.3076923076923075,1270,1254,30,0,1224,1225,450189,46,0,0,46,29
2020-07-04,US,Virginia,Warren,295,8,0,38.90847745,-78.20280433,51187.0,734.4885967533113,2.7118644067796613,287,294,7,0,287,292,40003,1,1,0,0,2
2020-07-04,US,Virginia,Washington,66,4,0,36.72341572,-81.95666289,51191.0,122.81354670636398,6.0606060606060606,62,65,4,0,61,65,54402,1,0,0,1,0
2020-07-04,US,Virginia,Waynesboro,91,0,0,38.06451466,-78.90293905,51820.0,402.1210782147592,0.0,91,89,0,0,89,86,22628,2,0,0,2,3
2020-07-04,US,Virginia,Westmoreland,108,2,0,38.11021557,-76.80213247,51193.0,599.5004163197335,1.851851851851852,106,108,2,0,106,108,17830,0,0,0,0,0
2020-07-04,US,Virginia,Williamsburg,64,6,0,37.28131268,-76.70905141,51830.0,427.97913601711923,9.375,58,61,6,0,55,61,14896,3,0,0,3,0
2020-07-04,US,Virginia,Winchester,332,3,0,39.17054517,-78.17325058,51840.0,1182.4204003134125,0.9036144578313252,329,330,3,0,327,330,28108,2,0,0,2,0
2020-07-04,US,Virginia,Wise,30,2,0,36.9746148,-82.62410519,51195.0,80.25038118931063,6.666666666666668,28,29,2,0,27,28,38012,1,0,0,1,1
2020-07-04,US,Virginia,Wythe,54,1,0,36.91582035,-81.07834059,51197.0,188.2582624459629,1.851851851851852,53,54,1,0,53,53,28754,0,0,0,0,1
2020-07-04,US,Virginia,York,124,3,0,37.24374789,-76.54412815,51199.0,181.60515524311657,2.419354838709677,121,120,3,0,117,116,67846,4,0,0,4,4
2020-07-04,US,Washington,Adams,150,0,0,46.98299757,-118.56017340000001,53001.0,750.6380423359856,0.0,150,147,0,0,147,146,19759,3,0,0,3,1
2020-07-04,US,Washington,Asotin,21,2,0,46.18894415,-117.2022851,53003.0,92.99442033477993,9.523809523809524,19,21,2,0,19,21,22610,0,0,0,0,0
2020-07-04,US,Washington,Benton,1915,85,0,46.23946995,-119.51208340000001,53005.0,936.9342922843583,4.438642297650131,1830,1889,84,0,1805,1854,201877,26,1,0,25,35
2020-07-04,US,Washington,Chelan,392,6,0,47.87046092,-120.6173956,53007.0,507.77202072538864,1.5306122448979589,386,388,6,0,382,375,77036,4,0,0,4,13
2020-07-04,US,Washington,Clallam,42,0,0,48.04754642,-123.92263190000001,53009.0,54.311983551227854,0.0,42,42,0,0,42,41,76737,0,0,0,0,1
2020-07-04,US,Washington,Clark,920,30,0,45.77568046,-122.48292040000001,53011.0,188.43153278811081,3.260869565217391,890,790,30,0,760,768,481857,130,0,0,130,22
2020-07-04,US,Washington,Columbia,8,0,0,46.29442881,-117.9051983,53013.0,200.75282308657467,0.0,8,8,0,0,8,8,4059,0,0,0,0,0
2020-07-04,US,Washington,Cowlitz,204,0,0,46.19074721,-122.6782231,53015.0,184.46013762173013,0.0,204,207,0,0,207,202,108987,-3,0,0,-3,5
2020-07-04,US,Washington,Douglas,273,3,0,47.7361335,-119.69293700000001,53017.0,628.612217642589,1.0989010989010992,270,265,3,0,262,253,42907,8,0,0,8,12
2020-07-04,US,Washington,Ferry,1,0,0,48.471143100000006,-118.5154041,53019.0,13.111315064901008,0.0,1,1,0,0,1,1,7649,0,0,0,0,0
2020-07-04,US,Washington,Franklin,1840,33,0,46.53351425,-118.9018212,53021.0,1932.326563189179,1.7934782608695652,1807,1793,33,0,1760,1754,94347,47,0,0,47,39
2020-07-04,US,Washington,Grant,536,6,0,47.20753737,-119.4500749,53025.0,548.4329755558512,1.1194029850746268,530,529,6,0,523,518,97331,7,0,0,7,11
2020-07-04,US,Washington,Grays Harbor,26,0,0,47.14003705,-123.7820567,53027.0,34.63849402485978,0.0,26,26,0,0,26,26,73901,0,0,0,0,0
2020-07-04,US,Washington,Island,197,12,0,48.14713305,-122.5216407,53029.0,231.3808858246908,6.091370558375634,185,196,12,0,184,195,84460,1,0,0,1,1
2020-07-04,US,Washington,Jefferson,38,0,0,47.75003077,-123.56097040000002,53031.0,117.93550789857548,0.0,38,38,0,0,38,38,31729,0,0,0,0,0
2020-07-04,US,Washington,King,10782,619,0,47.49137892,-121.8346131,53033.0,478.60822751602234,5.741049897978113,10163,10684,618,0,10066,10535,2233163,98,1,0,97,149
2020-07-04,US,Washington,Kitsap,241,2,0,47.63479026,-122.6436061,53035.0,88.77494262781197,0.8298755186721992,239,239,2,0,237,230,269805,2,0,0,2,9
2020-07-04,US,Washington,Kittitas,140,0,0,47.12521214,-120.67943899999999,53037.0,292.0621675185146,0.0,140,140,0,0,140,140,47364,0,0,0,0,0
2020-07-04,US,Washington,Klickitat,67,3,0,45.87325839,-120.7913598,53039.0,298.77369007803793,4.477611940298506,64,66,3,0,63,66,22107,1,0,0,1,0
2020-07-04,US,Washington,Lewis,75,3,0,46.57756476,-122.39257690000001,53041.0,92.92874224045002,4.0,72,70,3,0,67,71,79604,5,0,0,5,-1
2020-07-04,US,Washington,Lincoln,4,0,0,47.57705241,-118.41943880000001,53043.0,36.56641374897157,0.0,4,4,0,0,4,4,10740,0,0,0,0,0
2020-07-04,US,Washington,Mason,53,1,0,47.35007586,-123.1863685,53045.0,79.37934339803498,1.8867924528301887,52,53,1,0,52,52,65507,0,0,0,0,1
2020-07-04,US,Washington,Okanogan,92,2,0,48.54855019,-119.73872240000001,53047.0,217.78756243638,2.1739130434782608,90,88,2,0,86,87,42132,4,0,0,4,1
2020-07-04,US,Washington,Pacific,18,1,0,46.55418369,-123.7285716,53049.0,80.10324418138934,5.5555555555555545,17,18,1,0,17,18,22036,0,0,0,0,0
2020-07-04,US,Washington,Pend Oreille,5,0,0,48.53234021,-117.2741804,53051.0,36.43252696006995,0.0,5,4,0,0,4,4,13602,1,0,0,1,0
2020-07-04,US,Washington,Pierce,2749,105,0,47.03892768,-122.14059579999999,53053.0,303.7636190855047,3.8195707530010914,2644,2701,105,0,2596,2647,891299,48,0,0,48,54
2020-07-04,US,Washington,San Juan,19,0,0,48.60182783,-122.96745,53055.0,108.06506654533042,0.0,19,19,0,0,19,19,17128,0,0,0,0,0
2020-07-04,US,Washington,Skagit,549,15,0,48.48171488,-121.766131,53057.0,424.9061568824736,2.7322404371584703,534,532,15,0,517,528,128206,17,0,0,17,4
2020-07-04,US,Washington,Skamania,7,0,0,46.02408726,-121.91644029999999,53059.0,57.93263262434826,0.0,7,7,0,0,7,6,11924,0,0,0,0,1
2020-07-04,US,Washington,Snohomish,3661,173,0,48.04615983,-121.7170703,53061.0,445.3321623242422,4.725484840207594,3488,3639,173,0,3466,3588,814901,22,0,0,22,51
2020-07-04,US,Washington,Spokane,1551,41,0,47.62113146,-117.4046494,53063.0,296.6729023446915,2.6434558349451964,1510,1529,41,0,1488,1443,514631,22,0,0,22,86
2020-07-04,US,Washington,Stevens,19,1,0,48.40035475,-117.8542701,53065.0,41.554578658443226,5.2631578947368425,18,19,1,0,18,18,45260,0,0,0,0,1
2020-07-04,US,Washington,Thurston,287,7,0,46.9291895,-122.82906559999999,53067.0,98.78293911942066,2.4390243902439024,280,282,7,0,275,272,286419,5,0,0,5,10
2020-07-04,US,Washington,Unassigned,85,0,0,0.0,0.0,90053.0,0.0,0.0,85,117,0,0,117,88,,-32,0,0,-32,29
2020-07-04,US,Washington,Wahkiakum,5,0,0,46.29180039999999,-123.4250831,53069.0,111.40819964349377,0.0,5,5,0,0,5,5,4426,0,0,0,0,0
2020-07-04,US,Washington,Walla Walla,177,3,0,46.23040051,-118.4775539,53071.0,291.3100724160632,1.6949152542372878,174,176,3,0,173,171,60922,1,0,0,1,5
2020-07-04,US,Washington,Whatcom,663,41,0,48.82227976,-121.74900179999999,53073.0,289.20771046076936,6.184012066365009,622,659,41,0,618,649,225685,4,0,0,4,10
2020-07-04,US,Washington,Whitman,39,0,0,46.90022523,-117.52417630000001,53075.0,77.83809675874181,0.0,39,38,0,0,38,40,49791,1,0,0,1,-2
2020-07-04,US,Washington,Yakima,7396,160,0,46.45738486,-120.73801259999999,53077.0,2948.105216583689,2.1633315305570577,7236,7349,160,0,7189,7270,251446,47,0,0,47,79
2020-07-04,US,West Virginia,Barbour,15,1,0,39.1307219,-80.00350858,54001.0,91.23532631835043,6.666666666666668,14,15,1,0,14,15,16535,0,0,0,0,0
2020-07-04,US,West Virginia,Berkeley,478,10,0,39.46704621,-78.02414609,54003.0,401.10429550813535,2.092050209205021,468,468,10,0,458,461,117123,10,0,0,10,7
2020-07-04,US,West Virginia,Boone,23,0,0,38.01974191,-81.69888019,54005.0,107.19112643892436,0.0,23,23,0,0,23,20,21951,0,0,0,0,3
2020-07-04,US,West Virginia,Braxton,3,0,0,38.70036159,-80.72011184,54007.0,21.49459052805044,0.0,3,3,0,0,3,3,14089,0,0,0,0,0
2020-07-04,US,West Virginia,Brooke,10,0,0,40.27367263,-80.57915332,54009.0,45.58092893933178,0.0,10,9,0,0,9,9,22203,1,0,0,1,0
2020-07-04,US,West Virginia,Cabell,153,0,0,38.42424062,-82.23855912,54011.0,166.40382837565937,0.0,153,149,0,0,149,142,93224,4,0,0,4,7
2020-07-04,US,West Virginia,Calhoun,2,0,0,38.84315422,-81.11934872,54013.0,28.1333520889014,0.0,2,2,0,0,2,2,7254,0,0,0,0,0
2020-07-04,US,West Virginia,Clay,10,1,0,38.46231092,-81.07652217,54015.0,117.53643629525152,10.0,9,10,1,0,9,10,8632,0,0,0,0,0
2020-07-04,US,West Virginia,Fayette,67,4,0,38.02974928,-81.08286634,54019.0,157.9965099278404,5.970149253731344,63,67,4,0,63,67,43018,0,0,0,0,0
2020-07-04,US,West Virginia,Gilmer,13,0,0,38.9251277,-80.85952723,54021.0,166.17665857088068,0.0,13,13,0,0,13,13,8026,0,0,0,0,0
2020-07-04,US,West Virginia,Grant,16,0,0,39.10314817,-79.19440518,54023.0,138.31258644536652,0.0,16,16,0,0,16,16,11626,0,0,0,0,0
2020-07-04,US,West Virginia,Greenbrier,63,2,0,37.9463652,-80.45335881,54025.0,181.75523628180719,3.1746031746031744,61,60,1,0,59,60,34786,3,1,0,2,0
2020-07-04,US,West Virginia,Hampshire,42,1,0,39.32103553,-78.60826476,54027.0,181.2297734627832,2.380952380952381,41,42,1,0,41,42,23347,0,0,0,0,0
2020-07-04,US,West Virginia,Hancock,26,0,0,40.51943859,-80.57461608,54029.0,90.24644220756682,0.0,26,26,0,0,26,23,29094,0,0,0,0,3
2020-07-04,US,West Virginia,Hardy,45,0,0,39.00683177,-78.85855301,54031.0,326.6550522648084,0.0,45,45,0,0,45,45,13775,0,0,0,0,0
2020-07-04,US,West Virginia,Harrison,70,1,0,39.2853852,-80.37919577,54033.0,104.07993338884263,1.4285714285714286,69,69,1,0,68,66,67554,1,0,0,1,3
2020-07-04,US,West Virginia,Jackson,143,18,0,38.84263974,-81.68148753,54035.0,500.41993281075025,12.587412587412588,125,143,18,0,125,143,28706,0,0,0,0,0
2020-07-04,US,West Virginia,Jefferson,241,4,0,39.30776166,-77.86014147,54037.0,421.7268050257237,1.6597510373443984,237,238,4,0,234,234,56811,3,0,0,3,4
2020-07-04,US,West Virginia,Kanawha,336,20,0,38.33860077,-81.52857054,54039.0,188.6326379376165,5.9523809523809526,316,333,20,0,313,333,180454,3,0,0,3,0
2020-07-04,US,West Virginia,Lewis,20,2,0,38.9947249,-80.49988181,54041.0,125.73081033507259,10.0,18,20,2,0,18,20,16024,0,0,0,0,0
2020-07-04,US,West Virginia,Lincoln,8,0,0,38.172154,-82.07017953,54043.0,39.1983928658925,0.0,8,8,0,0,8,8,20599,0,0,0,0,0
2020-07-04,US,West Virginia,Logan,26,1,0,37.8299889,-81.93528571,54045.0,81.20178643930167,3.8461538461538463,25,26,1,0,25,25,32607,0,0,0,0,1
2020-07-04,US,West Virginia,Marion,70,2,0,39.50984542,-80.24244659,54049.0,124.83949208160936,2.8571428571428568,68,66,2,0,64,63,56097,4,0,0,4,3
2020-07-04,US,West Virginia,Marshall,42,0,0,39.86064362,-80.66591062,54051.0,137.56509776948022,0.0,42,42,0,0,42,41,30785,0,0,0,0,1
2020-07-04,US,West Virginia,Mason,20,0,0,38.77071799,-82.02524219,54053.0,75.42615779152209,0.0,20,19,0,0,19,19,26718,1,0,0,1,0
2020-07-04,US,West Virginia,McDowell,6,0,0,37.38002939,-81.65083669,54047.0,34.04448479346346,0.0,6,6,0,0,6,6,18223,0,0,0,0,0
2020-07-04,US,West Virginia,Mercer,48,0,0,37.40481169,-81.11023142,54055.0,81.69100377820892,0.0,48,45,0,0,45,45,59131,3,0,0,3,0
2020-07-04,US,West Virginia,Mineral,57,3,0,39.41561583,-78.94104895,54057.0,212.14828048235816,5.2631578947368425,54,57,3,0,54,57,26940,0,0,0,0,0
2020-07-04,US,West Virginia,Mingo,23,2,0,37.73048351,-82.13338365,54059.0,98.18989071038251,8.695652173913043,21,22,2,0,20,22,23785,1,0,0,1,0
2020-07-04,US,West Virginia,Monongalia,230,5,0,39.63218457,-80.04766838,54061.0,217.77828277089725,2.1739130434782608,225,207,5,0,202,193,106420,23,0,0,23,14
2020-07-04,US,West Virginia,Monroe,15,0,0,37.56274716,-80.54577965,54063.0,112.99435028248587,0.0,15,14,0,0,14,14,13280,1,0,0,1,0
2020-07-04,US,West Virginia,Morgan,20,0,0,39.55439028,-78.26311676,54065.0,111.83180496533214,0.0,20,20,0,0,20,20,17787,0,0,0,0,0
2020-07-04,US,West Virginia,Nicholas,14,1,0,38.29617706,-80.79759588,54067.0,57.152188112344895,7.142857142857142,13,13,1,0,12,12,24842,1,0,0,1,1
2020-07-04,US,West Virginia,Ohio,105,1,0,40.0955451,-80.62203992,54069.0,253.5558185023303,0.9523809523809524,104,103,1,0,102,100,41755,2,0,0,2,3
2020-07-04,US,West Virginia,Pendleton,13,1,0,38.68314479,-79.35084086,54071.0,186.5403931697517,7.6923076923076925,12,13,1,0,12,13,6997,0,0,0,0,0
2020-07-04,US,West Virginia,Pleasants,5,0,0,39.37091679,-81.16771771,54073.0,67.02412868632706,0.0,5,5,0,0,5,5,7507,0,0,0,0,0
2020-07-04,US,West Virginia,Pocahontas,31,0,0,38.32758728,-80.00993811,54075.0,375.8942645810597,0.0,31,29,0,0,29,28,8414,2,0,0,2,1
2020-07-04,US,West Virginia,Preston,86,2,0,39.46770987,-79.66712803,54077.0,257.23857382148844,2.3255813953488373,84,84,2,0,82,82,33839,2,0,0,2,2
2020-07-04,US,West Virginia,Putnam,64,0,0,38.50782345,-81.9082131,54079.0,113.3746678476528,0.0,64,61,0,0,61,60,56682,3,0,0,3,1
2020-07-04,US,West Virginia,Raleigh,56,0,0,37.76936795,-81.2456041,54081.0,76.33483731137798,0.0,56,56,0,0,56,54,74254,0,0,0,0,2
2020-07-04,US,West Virginia,Randolph,169,0,0,38.769899,-79.87919615,54083.0,588.952779229831,0.0,169,167,0,0,167,162,28823,2,0,0,2,5
2020-07-04,US,West Virginia,Ritchie,2,0,0,39.18094587,-81.06356878,54085.0,20.933640360058615,0.0,2,2,0,0,2,2,9721,0,0,0,0,0
2020-07-04,US,West Virginia,Roane,11,1,0,38.71622686,-81.35243568,54087.0,80.3623611922852,9.090909090909092,10,11,1,0,10,11,13932,0,0,0,0,0
2020-07-04,US,West Virginia,Summers,2,0,0,37.65390597,-80.86009693,54089.0,15.90710252127575,0.0,2,2,0,0,2,2,12760,0,0,0,0,0
2020-07-04,US,West Virginia,Taylor,18,0,0,39.33602617,-80.0421439,54091.0,107.81671159029648,0.0,18,17,0,0,17,16,16862,1,0,0,1,1
2020-07-04,US,West Virginia,Tucker,6,0,0,39.11240885,-79.57053576,54093.0,87.73212457961691,0.0,6,6,0,0,6,6,6955,0,0,0,0,0
2020-07-04,US,West Virginia,Tyler,4,0,0,39.46811972,-80.88772676,54095.0,46.560353858689325,0.0,4,4,0,0,4,4,8746,0,0,0,0,0
2020-07-04,US,West Virginia,Upshur,21,0,0,38.89285061,-80.23689136,54097.0,86.86300463269356,0.0,21,21,0,0,21,21,24415,0,0,0,0,0
2020-07-04,US,West Virginia,Wayne,115,9,0,38.14901357,-82.42287994,54099.0,291.8633571899904,7.826086956521738,106,115,9,0,106,115,39944,0,0,0,0,0
2020-07-04,US,West Virginia,Wetzel,12,0,0,39.6065771,-80.64016540000001,54103.0,79.65482907401261,0.0,12,12,0,0,12,10,15270,0,0,0,0,2
2020-07-04,US,West Virginia,Wirt,4,0,0,39.02775007,-81.37473928,54105.0,68.7167153410067,0.0,4,4,0,0,4,4,5830,0,0,0,0,0
2020-07-04,US,West Virginia,Wood,119,2,0,39.20967886,-81.5162836,54107.0,142.48425489116119,1.680672268907563,117,111,2,0,109,102,84203,8,0,0,8,9
2020-07-04,US,West Virginia,Wyoming,7,0,0,37.612327,-81.54511071,54109.0,34.32382073158772,0.0,7,7,0,0,7,7,20786,0,0,0,0,0
2020-07-04,US,Wisconsin,Adams,27,2,0,43.96974651,-89.76782777,55001.0,133.53115727002967,7.407407407407407,25,23,2,0,21,20,20348,4,0,0,4,3
2020-07-04,US,Wisconsin,Ashland,3,0,0,46.31956891,-90.67837132,55003.0,19.27772779848349,0.0,3,3,0,0,3,3,15600,0,0,0,0,0
2020-07-04,US,Wisconsin,Barron,36,1,0,45.42372701,-91.84833627,55005.0,79.56856157722571,2.7777777777777777,35,36,1,0,35,35,45164,0,0,0,0,1
2020-07-04,US,Wisconsin,Bayfield,3,1,0,46.52868768,-91.19716729,55007.0,19.952114924181963,33.333333333333336,2,3,1,0,2,3,15042,0,0,0,0,0
2020-07-04,US,Wisconsin,Brown,2997,42,0,44.452655299999996,-88.00411844,55009.0,1132.901391839481,1.4014014014014011,2955,2968,42,0,2926,2937,263378,29,0,0,29,31
2020-07-04,US,Wisconsin,Buffalo,8,2,0,44.37835084,-91.75332578,55011.0,61.39206507558898,25.0,6,8,2,0,6,7,13125,0,0,0,0,1
2020-07-04,US,Wisconsin,Burnett,4,1,0,45.86303537,-92.36711412,55013.0,25.950434669780716,25.0,3,3,1,0,2,3,15392,1,0,0,1,0
2020-07-04,US,Wisconsin,Calumet,117,2,0,44.0816316,-88.21780273,55015.0,233.5842200882429,1.709401709401709,115,113,2,0,111,112,50159,4,0,0,4,1
2020-07-04,US,Wisconsin,Chippewa,99,0,0,45.06939744,-91.28068855,55017.0,153.11330384484518,0.0,99,95,0,0,95,91,64135,4,0,0,4,4
2020-07-04,US,Wisconsin,Clark,86,7,0,44.73483377,-90.61207486,55019.0,247.3112095243573,8.13953488372093,79,82,7,0,75,81,34709,4,0,0,4,1
2020-07-04,US,Wisconsin,Columbia,94,1,0,43.46492199,-89.33589004,55021.0,163.38733226725995,1.0638297872340423,93,91,1,0,90,89,57358,3,0,0,3,2
2020-07-04,US,Wisconsin,Crawford,41,0,0,43.23870316,-90.93073686,55023.0,254.1689913830513,0.0,41,39,0,0,39,36,16291,2,0,0,2,3
2020-07-04,US,Wisconsin,Dane,2303,32,0,43.06601594,-89.41733797,55025.0,421.2586542770649,1.3894919669995658,2271,2175,32,0,2143,2061,542364,128,0,0,128,114
2020-07-04,US,Wisconsin,Dodge,478,5,0,43.41576662,-88.70928178,55027.0,544.1774154988103,1.0460251046025104,473,476,5,0,471,467,87847,2,0,0,2,9
2020-07-04,US,Wisconsin,Door,44,3,0,44.95856458,-87.30002707,55029.0,159.02848055515395,6.8181818181818175,41,45,3,0,42,44,27610,-1,0,0,-1,1
2020-07-04,US,Wisconsin,Douglas,39,0,0,46.43222285,-91.91595768,55031.0,90.38238702201622,0.0,39,39,0,0,39,31,43208,0,0,0,0,8
2020-07-04,US,Wisconsin,Dunn,42,0,0,44.94562799,-91.8962481,55033.0,92.57626520895785,0.0,42,41,0,0,41,41,45131,1,0,0,1,0
2020-07-04,US,Wisconsin,Eau Claire,279,1,0,44.726614,-91.28609183,55035.0,266.6131529155438,0.35842293906810035,278,263,1,0,262,249,104534,16,0,0,16,14
2020-07-04,US,Wisconsin,Florence,4,0,0,45.84963535,-88.39804137,55037.0,93.13154831199068,0.0,4,3,0,0,3,3,4321,1,0,0,1,0
2020-07-04,US,Wisconsin,Fond du Lac,318,6,0,43.75354908,-88.48885325,55039.0,307.5345976422348,1.8867924528301887,312,314,6,0,308,314,103066,4,0,0,4,0
2020-07-04,US,Wisconsin,Forest,39,3,0,45.66678019,-88.77084892,55041.0,433.14082629942254,7.6923076923076925,36,39,3,0,36,39,8991,0,0,0,0,0
2020-07-04,US,Wisconsin,Grant,172,13,0,42.8671731,-90.7063218,55043.0,334.37664029238516,7.558139534883722,159,165,13,0,152,162,51554,7,0,0,7,3
2020-07-04,US,Wisconsin,Green,94,1,0,42.6794956,-89.60243287,55045.0,254.3290043290044,1.0638297872340423,93,93,1,0,92,90,36929,1,0,0,1,3
2020-07-04,US,Wisconsin,Green Lake,37,0,0,43.80025981,-89.04679553,55047.0,195.63263363823825,0.0,37,35,0,0,35,34,18918,2,0,0,2,1
2020-07-04,US,Wisconsin,Iowa,36,0,0,43.00050278,-90.13469017,55049.0,152.03986823211417,0.0,36,33,0,0,33,32,23771,3,0,0,3,1
2020-07-04,US,Wisconsin,Iron,8,1,0,46.26302338,-90.24295041,55051.0,140.6717074028486,12.5,7,7,1,0,6,7,5676,1,0,0,1,0
2020-07-04,US,Wisconsin,Jackson,27,1,0,44.31864893,-90.80566792,55053.0,130.79494259555298,3.703703703703704,26,27,1,0,26,27,20478,0,0,0,0,0
2020-07-04,US,Wisconsin,Jefferson,274,4,0,43.02054068,-88.77529134,55055.0,323.2313699583574,1.45985401459854,270,260,4,0,256,257,85129,14,0,0,14,3
2020-07-04,US,Wisconsin,Juneau,43,1,0,43.92456975,-90.11120239,55057.0,161.1271405553266,2.3255813953488373,42,42,1,0,41,40,26617,1,0,0,1,2
2020-07-04,US,Wisconsin,Kenosha,1574,44,0,42.57639354,-88.04051686,55059.0,928.279498233674,2.795425667090216,1530,1547,44,0,1503,1531,169290,27,0,0,27,16
2020-07-04,US,Wisconsin,Kewaunee,62,1,0,44.51727459,-87.61468386,55061.0,303.41587550161495,1.6129032258064515,61,61,1,0,60,60,20383,1,0,0,1,1
2020-07-04,US,Wisconsin,La Crosse,510,0,0,43.90632465,-91.11451093,55063.0,432.1447939262473,0.0,510,497,0,0,497,492,118230,13,0,0,13,5
2020-07-04,US,Wisconsin,Lafayette,76,0,0,42.66005229,-90.1317729,55065.0,456.04560456045607,0.0,76,74,0,0,74,74,16665,2,0,0,2,0
2020-07-04,US,Wisconsin,Langlade,11,0,0,45.26271619,-89.07483625,55067.0,57.32450883318568,0.0,11,11,0,0,11,10,19268,0,0,0,0,1
2020-07-04,US,Wisconsin,Lincoln,14,0,0,45.33737523,-89.73411273,55069.0,50.737505889174784,0.0,14,12,0,0,12,11,27689,2,0,0,2,1
2020-07-04,US,Wisconsin,Manitowoc,108,1,0,44.11946801,-87.80928853,55071.0,136.74174801534545,0.925925925925926,107,104,1,0,103,100,79074,4,0,0,4,4
2020-07-04,US,Wisconsin,Marathon,201,1,0,44.89792533,-89.75863384,55073.0,148.12958759543673,0.4975124378109453,200,189,1,0,188,186,135428,12,0,0,12,3
2020-07-04,US,Wisconsin,Marinette,65,3,0,45.38553432,-88.03324599999998,55075.0,161.090458488228,4.615384615384615,62,64,3,0,61,60,40434,1,0,0,1,4
2020-07-04,US,Wisconsin,Marquette,23,1,0,43.81911946,-89.40073763,55077.0,147.6820341594966,4.3478260869565215,22,17,1,0,16,17,15434,6,0,0,6,0
2020-07-04,US,Wisconsin,Menominee,7,0,0,45.00422544,-88.70950714,55078.0,153.64354697102718,0.0,7,7,0,0,7,7,4658,0,0,0,0,0
2020-07-04,US,Wisconsin,Milwaukee,12083,391,0,43.00486062,-87.96733172,55079.0,1277.6427844851469,3.235951336588596,11692,11823,391,0,11432,11649,948201,260,0,0,260,174
2020-07-04,US,Wisconsin,Monroe,79,1,0,43.94641218,-90.61881899999999,55081.0,170.79973190928155,1.2658227848101269,78,73,1,0,72,66,46051,6,0,0,6,7
2020-07-04,US,Wisconsin,Oconto,63,0,0,45.02715345,-88.26807503,55083.0,166.09543896651726,0.0,63,62,0,0,62,61,37830,1,0,0,1,1
2020-07-04,US,Wisconsin,Oneida,20,0,0,45.70677897,-89.51944105,55085.0,56.18766680713584,0.0,20,20,0,0,20,20,35470,0,0,0,0,0
2020-07-04,US,Wisconsin,Outagamie,524,9,0,44.41578887,-88.46565023,55087.0,278.8940043111478,1.717557251908397,515,508,9,0,499,500,187365,16,0,0,16,8
2020-07-04,US,Wisconsin,Ozaukee,253,15,0,43.38352225,-87.94625009,55089.0,283.5655282949082,5.928853754940713,238,242,15,0,227,241,89147,11,0,0,11,1
2020-07-04,US,Wisconsin,Pepin,1,0,0,44.58307413,-91.99949611,55091.0,13.723068478111706,0.0,1,1,0,0,1,1,7289,0,0,0,0,0
2020-07-04,US,Wisconsin,Pierce,73,0,0,44.71850291,-92.4224416,55093.0,170.74425784721896,0.0,73,72,0,0,72,68,42555,1,0,0,1,4
2020-07-04,US,Wisconsin,Polk,59,1,0,45.46130348,-92.44182875,55095.0,134.75549870954478,1.6949152542372878,58,59,1,0,58,57,43598,0,0,0,0,2
2020-07-04,US,Wisconsin,Portage,181,0,0,44.47558711,-89.50152965,55097.0,255.75086192279431,0.0,181,168,0,0,168,162,70942,13,0,0,13,6
2020-07-04,US,Wisconsin,Price,2,0,0,45.68051754,-90.36098879999999,55099.0,14.980151299528124,0.0,2,2,0,0,2,2,13397,0,0,0,0,0
2020-07-04,US,Wisconsin,Racine,2196,65,0,42.74753117,-88.05941254,55101.0,1118.6331891743205,2.959927140255009,2131,2194,65,0,2129,2187,196584,2,0,0,2,7
2020-07-04,US,Wisconsin,Richland,15,4,0,43.3762778,-90.43012729,55103.0,86.94644099234871,26.66666666666667,11,15,4,0,11,15,17377,0,0,0,0,0
2020-07-04,US,Wisconsin,Rock,897,24,0,42.67151616,-89.07147900000002,55105.0,549.1141937142647,2.6755852842809364,873,897,24,0,873,882,163129,0,0,0,0,15
2020-07-04,US,Wisconsin,Rusk,11,0,0,45.47498854,-91.1333012,55107.0,77.58499083086474,0.0,11,11,0,0,11,11,14147,0,0,0,0,0
2020-07-04,US,Wisconsin,Sauk,119,3,0,43.42574087,-89.94966132,55111.0,184.66217684119053,2.5210084033613445,116,117,3,0,114,109,64249,2,0,0,2,8
2020-07-04,US,Wisconsin,Sawyer,12,0,0,45.87931905,-91.14504927,55113.0,72.47252083584974,0.0,12,12,0,0,12,12,16489,0,0,0,0,0
2020-07-04,US,Wisconsin,Shawano,83,0,0,44.78902246,-88.76443896,55115.0,202.9389471625223,0.0,83,81,0,0,81,78,40796,2,0,0,2,3
2020-07-04,US,Wisconsin,Sheboygan,224,4,0,43.72099677,-87.94579284,55117.0,194.20842725854,1.7857142857142858,220,223,4,0,219,214,115456,1,0,0,1,9
2020-07-04,US,Wisconsin,St. Croix,202,1,0,45.03437474,-92.45000068,55109.0,222.74416399263401,0.4950495049504951,201,191,1,0,190,179,89694,11,0,0,11,12
2020-07-04,US,Wisconsin,Taylor,16,0,0,45.21179252,-90.5004405,55119.0,78.65113306788577,0.0,16,16,0,0,16,14,20412,0,0,0,0,2
2020-07-04,US,Wisconsin,Trempealeau,129,0,0,44.30360275,-91.35893614,55121.0,435.09055954669634,0.0,129,126,0,0,126,122,29442,3,0,0,3,4
2020-07-04,US,Wisconsin,Vernon,38,0,0,43.59422667,-90.8324691,55123.0,123.28856011939524,0.0,38,38,0,0,38,37,30785,0,0,0,0,1
2020-07-04,US,Wisconsin,Vilas,10,0,0,46.05467334,-89.51719204,55125.0,45.05519261094841,0.0,10,10,0,0,10,10,21938,0,0,0,0,0
2020-07-04,US,Wisconsin,Walworth,677,18,0,42.66858202,-88.54163073,55127.0,651.7888088728001,2.658788774002954,659,650,18,0,632,622,103718,27,0,0,27,28
2020-07-04,US,Wisconsin,Washburn,4,0,0,45.89838588,-91.79050449,55129.0,25.44529262086514,0.0,4,4,0,0,4,4,15878,0,0,0,0,0
2020-07-04,US,Wisconsin,Washington,422,16,0,43.36863664,-88.22974712,55131.0,310.21656350618235,3.791469194312796,406,411,16,0,395,395,135693,11,0,0,11,16
2020-07-04,US,Wisconsin,Waukesha,1317,39,0,43.01833055,-88.30431188,55133.0,325.83040984863857,2.9612756264236904,1278,1272,39,0,1233,1250,403072,45,0,0,45,22
2020-07-04,US,Wisconsin,Waupaca,128,10,0,44.47068056,-88.96534501,55135.0,251.0296136497353,7.8125,118,122,10,0,112,121,51128,6,0,0,6,1
2020-07-04,US,Wisconsin,Waushara,34,0,0,44.11324419,-89.24317107,55137.0,139.09912858487093,0.0,34,32,0,0,32,31,24263,2,0,0,2,1
2020-07-04,US,Wisconsin,Winnebago,701,13,0,44.06886922,-88.64477096,55139.0,407.77862448882246,1.854493580599144,688,692,13,0,679,692,171020,9,0,0,9,0
2020-07-04,US,Wisconsin,Wood,79,1,0,44.45537896,-90.04158336,55141.0,108.22066055699392,1.2658227848101269,78,69,1,0,68,63,73055,10,0,0,10,6
2020-07-04,US,Wyoming,Albany,36,0,0,41.65498705,-105.72354150000001,56001.0,92.5925925925926,0.0,36,35,0,0,35,34,38601,1,0,0,1,1
2020-07-04,US,Wyoming,Big Horn,23,0,0,44.52405055,-107.9960365,56003.0,195.08057675996608,0.0,23,21,0,0,21,20,11881,2,0,0,2,1
2020-07-04,US,Wyoming,Campbell,63,0,0,44.24886082,-105.54744040000001,56005.0,135.9487279083317,0.0,63,58,0,0,58,57,46140,5,0,0,5,1
2020-07-04,US,Wyoming,Carbon,26,0,0,41.69357844,-106.9326084,56007.0,175.6756756756757,0.0,26,24,0,0,24,23,14971,2,0,0,2,1
2020-07-04,US,Wyoming,Converse,26,0,0,42.97272268,-105.5081848,56009.0,188.10591810157717,0.0,26,26,0,0,26,26,13640,0,0,0,0,0
2020-07-04,US,Wyoming,Crook,7,0,0,44.58855102,-104.56977049999999,56011.0,92.2995780590717,0.0,7,7,0,0,7,7,7450,0,0,0,0,0
2020-07-04,US,Wyoming,Fremont,366,0,0,43.04183996,-108.6296893,56013.0,932.2228165354933,0.0,366,362,0,0,362,361,39531,4,0,0,4,1
2020-07-04,US,Wyoming,Goshen,7,0,0,42.08798185,-104.3534743,56015.0,52.986147907047155,0.0,7,6,0,0,6,5,13376,1,0,0,1,1
2020-07-04,US,Wyoming,Hot Springs,12,0,0,43.71930657,-108.44231740000001,56017.0,271.92386131883075,0.0,12,12,0,0,12,12,4555,0,0,0,0,0
2020-07-04,US,Wyoming,Johnson,20,1,0,44.04057166,-106.58451740000001,56019.0,236.82652457075199,5.0,19,20,1,0,19,20,8460,0,0,0,0,0
2020-07-04,US,Wyoming,Laramie,287,0,0,41.30702520000001,-104.6887497,56021.0,288.4422110552764,0.0,287,286,0,0,286,282,98976,1,0,0,1,4
2020-07-04,US,Wyoming,Lincoln,34,0,0,42.26376367,-110.6563997,56023.0,171.45738779626828,0.0,34,33,0,0,33,27,19434,1,0,0,1,6
2020-07-04,US,Wyoming,Natrona,136,0,0,42.96180148,-106.79788500000001,56025.0,170.30228655864158,0.0,136,134,0,0,134,131,79115,2,0,0,2,3
2020-07-04,US,Wyoming,Niobrara,2,0,0,43.05607708,-104.47588959999999,56027.0,84.88964346349746,0.0,2,2,0,0,2,2,2388,0,0,0,0,0
2020-07-04,US,Wyoming,Park,61,0,0,44.52157546,-109.58528249999999,56029.0,208.94704391313286,0.0,61,61,0,0,61,57,29324,0,0,0,0,4
2020-07-04,US,Wyoming,Platte,4,0,0,42.13299116,-104.96633100000001,56031.0,47.658763255093525,0.0,4,4,0,0,4,4,8566,0,0,0,0,0
2020-07-04,US,Wyoming,Sheridan,27,0,0,44.79048913,-106.8862389,56033.0,88.56814826964079,0.0,27,27,0,0,27,27,30233,0,0,0,0,0
2020-07-04,US,Wyoming,Sublette,6,0,0,42.76558279,-109.91309220000001,56035.0,61.03143118706135,0.0,6,6,0,0,6,6,9813,0,0,0,0,0
2020-07-04,US,Wyoming,Sweetwater,102,0,0,41.65943896,-108.8827882,56037.0,240.88987554023097,0.0,102,100,0,0,100,92,43051,2,0,0,2,8
2020-07-04,US,Wyoming,Teton,137,0,0,43.93522482,-110.5890801,56039.0,583.873167405387,0.0,137,135,0,0,135,136,23081,2,0,0,2,-1
2020-07-04,US,Wyoming,Uinta,183,0,0,41.2878183,-110.54757820000002,56041.0,904.7760308513797,0.0,183,182,0,0,182,180,20299,1,0,0,1,2
2020-07-04,US,Wyoming,Unassigned,0,19,0,0.0,0.0,90056.0,0.0,0.0,-19,0,19,0,-19,0,,0,0,0,0,0
2020-07-04,US,Wyoming,Washakie,39,0,0,43.90451606,-107.68018700000002,56043.0,499.6796925048046,0.0,39,39,0,0,39,39,7885,0,0,0,0,0
2020-07-04,US,Wyoming,Weston,2,0,0,43.83961191,-104.56748809999999,56045.0,28.872527789808,0.0,2,2,0,0,2,2,6967,0,0,0,0,0
