Date,Country/Region,Province/State,Admin2,Confirmed,Deaths,Recovered,Latitude,Longitude,FIPS,Incidence_Rate,Case-Fatality_Ratio,Active Cases,Previous Confirmed,Previous Deaths,Previous Recovered,Previous Active,Prev2 Confirmed,Population,Daily Confirmed,Daily Deaths,Daily Recovered,Daily Active,Previous Daily Confirmed
2020-09-11,US,Alabama,Autauga,1420,23,0,32.53952745,-86.64408227,1001.0,2541.659954536505,1.6197183098591552,1397,1413,23,0,1390,1398,55601,7,0,0,7,15
2020-09-11,US,Alabama,Baldwin,4722,43,0,30.72774991,-87.72207058,1003.0,2115.269179426073,0.9106310885218128,4679,4678,42,0,4636,4639,218022,44,1,0,43,39
2020-09-11,US,Alabama,Barbour,618,7,0,31.868263,-85.3871286,1005.0,2503.443247184639,1.132686084142395,611,618,7,0,611,618,24881,0,0,0,0,0
2020-09-11,US,Alabama,Bibb,574,6,0,32.99642064,-87.12511459999996,1007.0,2563.186567830669,1.0452961672473868,568,566,6,0,560,564,22400,8,0,0,8,2
2020-09-11,US,Alabama,Blount,1109,12,0,33.98210918,-86.56790593,1009.0,1917.8224328156884,1.0820559062218214,1097,1099,12,0,1087,1082,57840,10,0,0,10,17
2020-09-11,US,Alabama,Bullock,551,13,0,32.10030533,-85.71265535,1011.0,5454.9054549054545,2.3593466424682394,538,550,13,0,537,548,10138,1,0,0,1,2
2020-09-11,US,Alabama,Butler,863,37,0,31.75300095,-86.68057478,1013.0,4437.474290415467,4.287369640787949,826,863,37,0,826,862,19680,0,0,0,0,1
2020-09-11,US,Alabama,Calhoun,2679,31,0,33.77483727,-85.82630386,1015.0,2358.1708551560228,1.1571481896229936,2648,2652,31,0,2621,2615,114277,27,0,0,27,37
2020-09-11,US,Alabama,Chambers,862,40,0,32.91360079,-85.39072749,1017.0,2592.16936308414,4.640371229698376,822,858,40,0,818,858,33615,4,0,0,4,0
2020-09-11,US,Alabama,Cherokee,380,11,0,34.17805983,-85.60638968,1019.0,1450.6031455183993,2.8947368421052637,369,376,11,0,365,371,26032,4,0,0,4,5
2020-09-11,US,Alabama,Chilton,1216,13,0,32.85044126,-86.7173256,1021.0,2737.012694697038,1.069078947368421,1203,1198,12,0,1186,1176,44153,18,1,0,17,22
2020-09-11,US,Alabama,Choctaw,328,12,0,32.02227341,-88.26564429999998,1023.0,2605.44920168401,3.6585365853658534,316,327,12,0,315,326,12841,1,0,0,1,1
2020-09-11,US,Alabama,Clarke,933,13,0,31.68099859,-87.83548597,1025.0,3949.707899415799,1.3933547695605573,920,934,13,0,921,933,23920,-1,0,0,-1,1
2020-09-11,US,Alabama,Clay,418,7,0,33.26984193,-85.85836077,1027.0,3158.292406497921,1.6746411483253592,411,415,6,0,409,413,13275,3,1,0,2,2
2020-09-11,US,Alabama,Cleburne,260,5,0,33.67679204,-85.52005899,1029.0,1743.7961099932932,1.9230769230769231,255,248,5,0,243,244,14987,12,0,0,12,4
2020-09-11,US,Alabama,Coffee,1030,5,0,31.39932826,-85.98901039,1031.0,1967.826984066333,0.4854368932038835,1025,1024,5,0,1019,1012,51909,6,0,0,6,12
2020-09-11,US,Alabama,Colbert,1503,22,0,34.69847452,-87.80168544,1033.0,2720.805199036947,1.4637391882900863,1481,1500,22,0,1478,1492,54762,3,0,0,3,8
2020-09-11,US,Alabama,Conecuh,441,11,0,31.43401703,-86.99320044,1035.0,3654.595176928814,2.4943310657596367,430,439,11,0,428,439,12277,2,0,0,2,0
2020-09-11,US,Alabama,Coosa,113,3,0,32.93690146,-86.24847739,1037.0,1059.7392853793492,2.6548672566371683,110,111,3,0,108,112,10715,2,0,0,2,-1
2020-09-11,US,Alabama,Covington,837,25,0,31.247785399999998,-86.45050893,1039.0,2259.170287996977,2.986857825567503,812,828,25,0,803,821,36986,9,0,0,9,7
2020-09-11,US,Alabama,Crenshaw,416,30,0,31.72941803,-86.31593104,1041.0,3020.621550972989,7.211538461538463,386,412,29,0,383,410,13824,4,1,0,3,2
2020-09-11,US,Alabama,Cullman,1501,15,0,34.13020303,-86.86888037,1043.0,1791.8536911469773,0.9993337774816788,1486,1495,15,0,1480,1494,83442,6,0,0,6,1
2020-09-11,US,Alabama,Dale,1078,42,0,31.43037123,-85.61095742,1045.0,2192.304563572765,3.8961038961038965,1036,1072,42,0,1030,1058,48956,6,0,0,6,14
2020-09-11,US,Alabama,Dallas,1470,25,0,32.32688101,-87.10866709999998,1047.0,3952.037853532638,1.7006802721088434,1445,1462,25,0,1437,1455,38310,8,0,0,8,7
2020-09-11,US,Alabama,DeKalb,2136,16,0,34.45946862,-85.80782906,1049.0,2986.8695202270915,0.7490636704119851,2120,2128,16,0,2112,2118,71385,8,0,0,8,10
2020-09-11,US,Alabama,Elmore,2180,44,0,32.59785413,-86.14415284,1051.0,2684.4315285251637,2.018348623853211,2136,2170,44,0,2126,2162,81887,10,0,0,10,8
2020-09-11,US,Alabama,Escambia,1279,23,0,31.1256789,-87.15918694,1053.0,3491.387546747468,1.7982799061767003,1256,1276,23,0,1253,1270,36748,3,0,0,3,6
2020-09-11,US,Alabama,Etowah,2844,42,0,34.04567266,-86.04051873,1055.0,2780.928540696992,1.4767932489451476,2802,2825,42,0,2783,2810,102501,19,0,0,19,15
2020-09-11,US,Alabama,Fayette,336,7,0,33.72076938,-87.73886638,1057.0,2061.0967979389034,2.083333333333333,329,327,6,0,321,321,16433,9,1,0,8,6
2020-09-11,US,Alabama,Franklin,1633,28,0,34.44235334,-87.84289505,1059.0,5206.9383330144765,1.7146356399265157,1605,1624,28,0,1596,1622,31363,9,0,0,9,2
2020-09-11,US,Alabama,Geneva,408,3,0,31.09389027,-85.83572839,1061.0,1553.0432796619848,0.7352941176470589,405,407,3,0,404,402,26314,1,0,0,1,5
2020-09-11,US,Alabama,Greene,282,14,0,32.85504247,-87.95684022,1063.0,3476.75995561583,4.964539007092198,268,282,14,0,268,282,8233,0,0,0,0,0
2020-09-11,US,Alabama,Hale,551,27,0,32.76039258,-87.63284988,1065.0,3760.835437854071,4.900181488203267,524,548,27,0,521,547,14726,3,0,0,3,1
2020-09-11,US,Alabama,Henry,355,3,0,31.51148016,-85.24267944,1067.0,2063.353676256902,0.8450704225352113,352,351,3,0,348,347,17209,4,0,0,4,4
2020-09-11,US,Alabama,Houston,1969,15,0,31.15197924,-85.29939599,1069.0,1859.6173098354773,0.7618080243778568,1954,1960,15,0,1945,1938,104722,9,0,0,9,22
2020-09-11,US,Alabama,Jackson,1344,8,0,34.78144169,-85.99750489,1071.0,2603.3394026265837,0.5952380952380952,1336,1338,8,0,1330,1330,51736,6,0,0,6,8
2020-09-11,US,Alabama,Jefferson,17157,310,0,33.55554728,-86.89506300000002,1073.0,2605.178165518477,1.8068426881156376,16847,17013,305,0,16708,16883,659300,144,5,0,139,130
2020-09-11,US,Alabama,Lamar,288,2,0,33.77995024,-88.09668032,1075.0,2086.2006519377037,0.6944444444444444,286,283,2,0,281,282,13844,5,0,0,5,1
2020-09-11,US,Alabama,Lauderdale,1512,29,0,34.90171875,-87.65624729,1077.0,1630.5578621574696,1.9179894179894181,1483,1504,26,0,1478,1490,92387,8,3,0,5,14
2020-09-11,US,Alabama,Lawrence,526,10,0,34.52041498,-87.31069453,1079.0,1597.6187583525696,1.9011406844106464,516,515,10,0,505,510,32957,11,0,0,11,5
2020-09-11,US,Alabama,Lee,3585,49,0,32.60154883,-85.35132246,1081.0,2178.775024006029,1.3668061366806137,3536,3560,49,0,3511,3553,163941,25,0,0,25,7
2020-09-11,US,Alabama,Limestone,1752,18,0,34.81185586,-86.98310072,1083.0,1771.2177121771215,1.0273972602739727,1734,1740,18,0,1722,1725,96174,12,0,0,12,15
2020-09-11,US,Alabama,Lowndes,603,25,0,32.1597283,-86.65158371,1085.0,6199.876619370761,4.1459369817578775,578,602,25,0,577,604,9974,1,0,0,1,-2
2020-09-11,US,Alabama,Macon,418,17,0,32.38759944,-85.69267724,1087.0,2313.482399822891,4.066985645933015,401,415,17,0,398,414,18439,3,0,0,3,1
2020-09-11,US,Alabama,Madison,6748,64,0,34.76327133,-86.55069633,1089.0,1809.5567551332895,0.9484291641967991,6684,6675,59,0,6616,6649,366519,73,5,0,68,26
2020-09-11,US,Alabama,Marengo,653,18,0,32.24767634,-87.78796182,1091.0,3461.8035307215173,2.7565084226646253,635,649,18,0,631,647,19066,4,0,0,4,2
2020-09-11,US,Alabama,Marion,776,27,0,34.13697363,-87.88704173,1093.0,2612.0030967047023,3.4793814432989687,749,770,27,0,743,761,29763,6,0,0,6,9
2020-09-11,US,Alabama,Marshall,3530,41,0,34.36975964,-86.30486727,1095.0,3647.673962014591,1.1614730878186972,3489,3520,41,0,3479,3519,96109,10,0,0,10,1
2020-09-11,US,Alabama,Mobile,12435,275,0,30.78472347,-88.20842409,1097.0,3009.3656978291915,2.211499798954564,12160,12403,271,0,12132,12364,413757,32,4,0,28,39
2020-09-11,US,Alabama,Monroe,442,8,0,31.56729412,-87.36995001,1099.0,2131.867071817875,1.8099547511312215,434,441,7,0,434,438,21067,1,1,0,0,3
2020-09-11,US,Alabama,Montgomery,8055,166,0,32.2206831,-86.20969272,1101.0,3556.5112192365086,2.0608317815021726,7889,8021,165,0,7856,7985,225763,34,1,0,33,36
2020-09-11,US,Alabama,Morgan,2935,24,0,34.45500589,-86.85475946,1103.0,2452.3934859081382,0.8177172061328789,2911,2919,23,0,2896,2914,119089,16,1,0,15,5
2020-09-11,US,Alabama,Perry,485,5,0,32.64048341,-87.29770589,1105.0,5435.391684411073,1.0309278350515465,480,484,5,0,479,484,9140,1,0,0,1,0
2020-09-11,US,Alabama,Pickens,559,12,0,33.28094866,-88.08818103,1107.0,2804.816859006523,2.146690518783542,547,556,12,0,544,551,19938,3,0,0,3,5
2020-09-11,US,Alabama,Pike,872,7,0,31.80396383,-85.9408295,1109.0,2633.3272935918344,0.8027522935779816,865,866,7,0,859,857,33338,6,0,0,6,9
2020-09-11,US,Alabama,Randolph,501,11,0,33.29526734,-85.45708831,1111.0,2204.9115394771593,2.1956087824351296,490,499,11,0,488,494,22725,2,0,0,2,5
2020-09-11,US,Alabama,Russell,1575,2,0,32.28725256,-85.18415324,1113.0,2717.344421248771,0.12698412698412698,1573,1569,2,0,1567,1568,57781,6,0,0,6,1
2020-09-11,US,Alabama,Shelby,4535,40,0,33.26879845,-86.66232561,1117.0,2083.122800892964,0.8820286659316428,4495,4482,40,0,4442,4441,215707,53,0,0,53,41
2020-09-11,US,Alabama,St. Clair,1771,32,0,33.71902176,-86.31029372,1115.0,1978.5056752167307,1.8068887634105024,1739,1749,32,0,1717,1744,88690,22,0,0,22,5
2020-09-11,US,Alabama,Sumter,404,19,0,32.59117397,-88.19916205,1119.0,3250.9857568198277,4.702970297029704,385,404,19,0,385,404,12691,0,0,0,0,0
2020-09-11,US,Alabama,Talladega,1344,21,0,33.37823223,-86.16886178,1121.0,1680.4621270849484,1.5625,1323,1327,21,0,1306,1319,79828,17,0,0,17,8
2020-09-11,US,Alabama,Tallapoosa,949,83,0,32.86698258,-85.79833053,1123.0,2350.930215274853,8.74604847207587,866,946,82,0,864,943,40497,3,1,0,2,3
2020-09-11,US,Alabama,Tuscaloosa,5463,96,0,33.28726072,-87.52556818,1125.0,2609.4432901053233,1.7572762218561229,5367,5416,95,0,5321,5395,208911,47,1,0,46,21
2020-09-11,US,Alabama,Unassigned,12606,129,0,0.0,0.0,90001.0,0.0,1.0233222275107092,12477,12298,125,0,12173,11837,,308,4,0,304,461
2020-09-11,US,Alabama,Walker,1998,76,0,33.80270512,-87.30027177,1127.0,3145.416476440862,3.803803803803804,1922,1985,75,0,1910,1975,63711,13,1,0,12,10
2020-09-11,US,Alabama,Washington,503,13,0,31.4092794,-88.20689944,1129.0,3080.97513169178,2.584493041749503,490,503,13,0,490,503,16378,0,0,0,0,0
2020-09-11,US,Alabama,Wilcox,479,11,0,31.98773215,-87.30891118,1131.0,4617.757640026993,2.2964509394572024,468,477,11,0,466,477,10627,2,0,0,2,0
2020-09-11,US,Alabama,Winston,605,12,0,34.15030532,-87.37325922,1133.0,2560.413051758433,1.9834710743801651,593,600,12,0,588,598,23660,5,0,0,5,2
2020-09-11,US,Alaska,Aleutians East,2,0,0,55.32222414,-161.9722021,2013.0,59.93407252022774,0.0,2,2,0,0,2,2,3515,0,0,0,0,0
2020-09-11,US,Alaska,Aleutians West,7,0,0,52.3233,-174.1596,2016.0,124.24565140220093,0.0,7,7,0,0,7,7,5723,0,0,0,0,0
2020-09-11,US,Alaska,Anchorage,3450,26,0,61.14998174,-149.14269860000005,2020.0,1197.9166666666667,0.7536231884057971,3424,3411,25,0,3386,3346,291538,39,1,0,38,65
2020-09-11,US,Alaska,Bethel,74,1,0,60.90980451,-159.8561831,2050.0,402.480147938649,1.351351351351351,73,74,1,0,73,72,18216,0,0,0,0,2
2020-09-11,US,Alaska,Bristol Bay,10,0,0,58.74513976,-156.701064,2060.0,1196.1722488038274,0.0,10,10,0,0,10,10,877,0,0,0,0,0
2020-09-11,US,Alaska,Denali,2,0,0,63.67264044,-150.0076108,2068.0,95.37434430138292,0.0,2,2,0,0,2,2,2059,0,0,0,0,0
2020-09-11,US,Alaska,Dillingham,5,0,0,59.79603738,-158.23819419999995,2070.0,101.70870626525631,0.0,5,5,0,0,5,5,5000,0,0,0,0,0
2020-09-11,US,Alaska,Fairbanks North Star,836,9,0,64.80726247,-146.5692662,2090.0,863.1994135200157,1.076555023923445,827,804,9,0,795,772,98971,32,0,0,32,32
2020-09-11,US,Alaska,Haines,4,0,0,59.09893571,-135.4679843,2100.0,158.10276679841897,0.0,4,4,0,0,4,4,2474,0,0,0,0,0
2020-09-11,US,Alaska,Juneau,223,1,0,58.45031811,-134.200436,2110.0,697.4416713579784,0.4484304932735426,222,218,1,0,217,210,32113,5,0,0,5,8
2020-09-11,US,Alaska,Kenai Peninsula,426,2,0,60.24429722,-151.53888840000005,2122.0,725.6251277509027,0.4694835680751174,424,425,2,0,423,425,58533,1,0,0,1,0
2020-09-11,US,Alaska,Ketchikan Gateway,47,0,0,55.57445008,-130.975561,2130.0,338.1051722897633,0.0,47,47,0,0,47,47,13918,0,0,0,0,0
2020-09-11,US,Alaska,Kodiak Island,19,0,0,57.65529415,-153.7493579,2150.0,146.17633482074166,0.0,19,19,0,0,19,18,13345,0,0,0,0,1
2020-09-11,US,Alaska,Kusilvak,10,0,0,62.15429159999999,-163.39678830000003,2158.0,120.27904738994471,0.0,10,9,0,0,9,8,8303,1,0,0,1,1
2020-09-11,US,Alaska,Matanuska-Susitna,529,2,0,62.31305045,-149.5741743,2170.0,488.38132518441256,0.3780718336483932,527,520,2,0,518,514,107610,9,0,0,9,6
2020-09-11,US,Alaska,Nome,48,0,0,64.90320724,-164.0353804,2180.0,479.8080767692922,0.0,48,47,0,0,47,47,10008,1,0,0,1,0
2020-09-11,US,Alaska,North Slope,59,0,0,69.31479216,-153.4836093,2185.0,600.0813669650123,0.0,59,57,0,0,57,55,9872,2,0,0,2,2
2020-09-11,US,Alaska,Northwest Arctic,73,0,0,67.04919196,-159.7503946,2188.0,957.8795433670122,0.0,73,73,0,0,73,72,7671,0,0,0,0,1
2020-09-11,US,Alaska,Petersburg,7,1,0,57.13978948,-132.9540995,2195.0,214.32945499081444,14.285714285714285,6,7,1,0,6,7,3221,0,0,0,0,0
2020-09-11,US,Alaska,Prince of Wales-Hyder,29,0,0,55.76261984,-133.0511621,2198.0,467.5157182008706,0.0,29,29,0,0,29,29,6422,0,0,0,0,0
2020-09-11,US,Alaska,Sitka,40,0,0,57.24124555,-135.3206587,2220.0,470.9760979630284,0.0,40,40,0,0,40,39,8647,0,0,0,0,1
2020-09-11,US,Alaska,Southeast Fairbanks,21,0,0,63.87692095,-143.2127643,2240.0,304.6568983026258,0.0,21,20,0,0,20,19,6918,1,0,0,1,1
2020-09-11,US,Alaska,Unassigned,1,0,0,0.0,0.0,90002.0,0.0,0.0,1,1,0,0,1,1,,0,0,0,0,0
2020-09-11,US,Alaska,Valdez-Cordova,75,0,0,61.47502768,-144.7126799,2261.0,815.0402086502934,0.0,75,75,0,0,75,75,9164,0,0,0,0,0
2020-09-11,US,Alaska,Wrangell,12,0,0,56.3202004,-132.05837309999998,2275.0,479.61630695443637,0.0,12,12,0,0,12,12,2503,0,0,0,0,0
2020-09-11,US,Alaska,Yakutat,21,0,0,59.890980799999994,-140.36014509999998,2282.0,3626.943005181347,0.0,21,21,0,0,21,21,604,0,0,0,0,0
2020-09-11,US,Alaska,Yukon-Koyukuk,74,1,0,65.50815459,-151.39073869999999,2290.0,1414.9139579349905,1.351351351351351,73,73,1,0,72,72,5327,1,0,0,1,1
2020-09-11,US,Arizona,Apache,3386,154,0,35.39465006,-109.4892383,4001.0,4710.17012811774,4.548139397519197,3232,3392,154,0,3238,3375,71818,-6,0,0,-6,17
2020-09-11,US,Arizona,Cochise,1856,64,0,31.87934684,-109.7516088,4003.0,1473.928304823621,3.4482758620689653,1792,1855,64,0,1791,1847,126770,1,0,0,1,8
2020-09-11,US,Arizona,Coconino,3454,131,0,35.83883429,-111.77071780000001,4005.0,2407.3712676684604,3.792704111175449,3323,3436,130,0,3306,3409,142854,18,1,0,17,27
2020-09-11,US,Arizona,Gila,1162,51,0,33.80190085,-110.8132779,4007.0,2151.134806916213,4.388984509466437,1111,1154,51,0,1103,1148,53889,8,0,0,8,6
2020-09-11,US,Arizona,Graham,772,24,0,32.93166885,-109.8882178,4009.0,1987.7951438061648,3.1088082901554404,748,767,24,0,743,766,38072,5,0,0,5,1
2020-09-11,US,Arizona,Greenlee,58,1,0,33.21498827,-109.2405279,4011.0,610.6548747104654,1.7241379310344829,57,58,1,0,57,58,9483,0,0,0,0,0
2020-09-11,US,Arizona,La Paz,524,15,0,33.72854224,-113.98100290000001,4012.0,2482.4711010043584,2.862595419847328,509,525,15,0,510,518,21098,-1,0,0,-1,7
2020-09-11,US,Arizona,Maricopa,136887,3140,0,33.34835867,-112.49181540000001,4013.0,3051.8253164590833,2.2938628211590584,133747,136571,3133,0,133438,136324,4410824,316,7,0,309,247
2020-09-11,US,Arizona,Mohave,3781,216,0,35.70471703,-113.7577902,4015.0,1781.9691678331235,5.712774398307326,3565,3776,216,0,3560,3769,209550,5,0,0,5,7
2020-09-11,US,Arizona,Navajo,5677,226,0,35.3997715,-110.3218983,4017.0,5117.918574880098,3.9809758675356703,5451,5665,225,0,5440,5661,110445,12,1,0,11,4
2020-09-11,US,Arizona,Pima,22247,600,0,32.0971334,-111.7890033,4019.0,2124.266790415925,2.69699285296894,21647,22140,600,0,21540,22071,1039073,107,0,0,107,69
2020-09-11,US,Arizona,Pinal,10156,193,0,32.90525627,-111.3449483,4021.0,2194.5206130655656,1.9003544702638837,9963,10142,191,0,9951,10086,447138,14,2,0,12,56
2020-09-11,US,Arizona,Santa Cruz,2781,61,0,31.52508998,-110.8479088,4023.0,5980.902404404491,2.1934555915138443,2720,2780,59,0,2721,2779,46511,1,2,0,-1,1
2020-09-11,US,Arizona,Unassigned,0,1,0,0.0,0.0,90004.0,0.0,0.0,-1,0,1,0,-1,0,,0,0,0,0,0
2020-09-11,US,Arizona,Yavapai,2408,79,0,34.59933926,-112.5538588,4025.0,1024.249358780769,3.280730897009967,2329,2390,79,0,2311,2386,231993,18,0,0,18,4
2020-09-11,US,Arizona,Yuma,12374,332,0,32.76895712,-113.90666740000002,4027.0,5788.003947854641,2.683045094553095,12042,12351,330,0,12021,12344,212128,23,2,0,21,7
2020-09-11,US,Arkansas,Arkansas,302,4,0,34.29145151,-91.37277296,5001.0,1727.095962484273,1.3245033112582782,298,302,4,0,298,301,17769,0,0,0,0,1
2020-09-11,US,Arkansas,Ashley,397,8,0,33.19153461,-91.76984709999999,5003.0,2019.6367706160654,2.0151133501259446,389,395,8,0,387,393,20046,2,0,0,2,2
2020-09-11,US,Arkansas,Baxter,177,1,0,36.28784385,-92.33782872,5005.0,422.1119908423161,0.5649717514124294,176,173,1,0,172,163,41619,4,0,0,4,10
2020-09-11,US,Arkansas,Benton,5752,61,0,36.33644656,-94.25680817,5007.0,2060.60736330385,1.060500695410292,5691,5699,60,0,5639,5687,272608,53,1,0,52,12
2020-09-11,US,Arkansas,Boone,456,5,0,36.3084504,-93.09374925,5009.0,1218.2090190211584,1.0964912280701755,451,441,4,0,437,429,37480,15,1,0,14,12
2020-09-11,US,Arkansas,Bradley,317,6,0,33.46755808,-92.15980837,5011.0,2945.2754808138993,1.892744479495268,311,315,6,0,309,315,10897,2,0,0,2,0
2020-09-11,US,Arkansas,Calhoun,26,0,0,33.55598792,-92.49974403,5013.0,501.0599344767778,0.0,26,26,0,0,26,25,5277,0,0,0,0,1
2020-09-11,US,Arkansas,Carroll,538,8,0,36.34038560000001,-93.54270261,5015.0,1895.70119802678,1.4869888475836432,530,518,8,0,510,515,28223,20,0,0,20,3
2020-09-11,US,Arkansas,Chicot,973,11,0,33.26458973,-91.29539209,5017.0,9616.525004941688,1.1305241521068858,962,970,11,0,959,970,10438,3,0,0,3,0
2020-09-11,US,Arkansas,Clark,270,4,0,34.04613432,-93.17484713,5019.0,1209.6774193548388,1.4814814814814814,266,268,4,0,264,272,22061,2,0,0,2,-4
2020-09-11,US,Arkansas,Clay,221,5,0,36.36826212,-90.4148172,5021.0,1518.7959590406158,2.262443438914027,216,216,5,0,211,214,14847,5,0,0,5,2
2020-09-11,US,Arkansas,Cleburne,283,7,0,35.53864922,-92.02640019,5023.0,1135.6796019101891,2.4734982332155475,276,274,7,0,267,271,24965,9,0,0,9,3
2020-09-11,US,Arkansas,Cleveland,152,7,0,33.89723187,-92.18537045,5025.0,1910.5077928607336,4.605263157894737,145,145,7,0,138,143,8018,7,0,0,7,2
2020-09-11,US,Arkansas,Columbia,331,16,0,33.21230701,-93.22642793,5027.0,1411.09263759219,4.833836858006042,315,323,16,0,307,321,23537,8,0,0,8,2
2020-09-11,US,Arkansas,Conway,226,3,0,35.26205537,-92.70506566,5029.0,1084.1408423678404,1.327433628318584,223,222,3,0,219,222,20891,4,0,0,4,0
2020-09-11,US,Arkansas,Craighead,2276,16,0,35.83018283,-90.63235729,5031.0,2062.864808033934,0.70298769771529,2260,2213,16,0,2197,2178,108558,63,0,0,63,35
2020-09-11,US,Arkansas,Crawford,1044,10,0,35.58928601,-94.2446814,5033.0,1650.4102312787518,0.9578544061302682,1034,1009,10,0,999,1002,63406,35,0,0,35,7
2020-09-11,US,Arkansas,Crittenden,1785,36,0,35.21247318,-90.30839406,5035.0,3722.239599624648,2.016806722689076,1749,1767,36,0,1731,1757,48342,18,0,0,18,10
2020-09-11,US,Arkansas,Cross,350,5,0,35.29631396,-90.77185818,5037.0,2131.6767159997557,1.4285714285714286,345,345,5,0,340,341,16676,5,0,0,5,4
2020-09-11,US,Arkansas,Dallas,148,2,0,33.97042763,-92.65167437,5039.0,2111.57083749465,1.351351351351351,146,141,2,0,139,139,7182,7,0,0,7,2
2020-09-11,US,Arkansas,Desha,257,5,0,33.83011025,-91.25500948,5041.0,2262.124812956606,1.9455252918287935,252,256,5,0,251,255,11512,1,0,0,1,1
2020-09-11,US,Arkansas,Drew,326,5,0,33.59035001,-91.71777921,5043.0,1789.340798067951,1.5337423312883436,321,322,5,0,317,322,18328,4,0,0,4,0
2020-09-11,US,Arkansas,Faulkner,1873,10,0,35.14719007,-92.33717519,5045.0,1486.4253573214187,0.5339028296849974,1863,1840,10,0,1830,1827,124806,33,0,0,33,13
2020-09-11,US,Arkansas,Franklin,199,2,0,35.51202821,-93.89299569,5047.0,1123.3418007338414,1.0050251256281406,197,195,2,0,193,193,17810,4,0,0,4,2
2020-09-11,US,Arkansas,Fulton,94,1,0,36.38177105,-91.81729127,5049.0,753.3862306644226,1.0638297872340423,93,88,1,0,87,87,12269,6,0,0,6,1
2020-09-11,US,Arkansas,Garland,1589,36,0,34.57692074,-93.14921604,5051.0,1598.8167347513736,2.2655758338577723,1553,1563,34,0,1529,1552,99154,26,2,0,24,11
2020-09-11,US,Arkansas,Grant,213,1,0,34.29017991,-92.42320562,5053.0,1166.1647960580344,0.4694835680751174,212,212,1,0,211,211,18188,1,0,0,1,1
2020-09-11,US,Arkansas,Greene,700,7,0,36.11735460000001,-90.55832668,5055.0,1544.4015444015445,1.0,693,682,7,0,675,677,45325,18,0,0,18,5
2020-09-11,US,Arkansas,Hempstead,337,4,0,33.73325583,-93.66935133,5057.0,1565.1123908601153,1.1869436201780414,333,337,4,0,333,337,21741,0,0,0,0,0
2020-09-11,US,Arkansas,Hot Spring,1772,23,0,34.31709259,-92.95396325,5059.0,5247.105504722988,1.2979683972911964,1749,1762,23,0,1739,1759,33701,10,0,0,10,3
2020-09-11,US,Arkansas,Howard,440,8,0,34.09007427,-93.9934871,5061.0,3332.828359339494,1.818181818181818,432,439,8,0,431,437,13341,1,0,0,1,2
2020-09-11,US,Arkansas,Independence,863,12,0,35.74242707,-91.57001641,5063.0,2281.559814937211,1.3904982618771726,851,844,12,0,832,837,37678,19,0,0,19,7
2020-09-11,US,Arkansas,Izard,123,0,0,36.09604046,-91.90847954,5065.0,902.4873431653093,0.0,123,119,0,0,119,114,13593,4,0,0,4,5
2020-09-11,US,Arkansas,Jackson,227,1,0,35.59802983,-91.21494602,5067.0,1357.7367067408338,0.4405286343612335,226,217,1,0,216,214,16811,10,0,0,10,3
2020-09-11,US,Arkansas,Jefferson,2431,55,0,34.26767081,-91.92619839,5069.0,3637.91452172872,2.262443438914027,2376,2372,54,0,2318,2338,68114,59,1,0,58,34
2020-09-11,US,Arkansas,Johnson,795,4,0,35.56759135,-93.46036368,5071.0,2991.195725788246,0.5031446540880503,791,792,4,0,788,789,26742,3,0,0,3,3
2020-09-11,US,Arkansas,Lafayette,79,2,0,33.24116713,-93.60677071,5073.0,1192.6328502415456,2.5316455696202533,77,78,2,0,76,77,6682,1,0,0,1,1
2020-09-11,US,Arkansas,Lawrence,283,11,0,36.04188196,-91.10867198,5075.0,1724.9786663415825,3.886925795053004,272,276,11,0,265,275,16434,7,0,0,7,1
2020-09-11,US,Arkansas,Lee,1018,14,0,34.78498904,-90.78383866,5077.0,11493.733769899514,1.3752455795677798,1004,1015,12,0,1003,1015,8985,3,2,0,1,0
2020-09-11,US,Arkansas,Lincoln,1774,13,0,33.95317155,-91.74002806,5079.0,13621.00737100737,0.7328072153325818,1761,1769,13,0,1756,1767,13383,5,0,0,5,2
2020-09-11,US,Arkansas,Little River,318,18,0,33.70375665,-94.23468591,5081.0,2594.012562199201,5.660377358490566,300,313,18,0,295,311,12326,5,0,0,5,2
2020-09-11,US,Arkansas,Logan,376,1,0,35.21413234,-93.71951016,5083.0,1751.6071927699618,0.26595744680851063,375,375,1,0,374,372,21737,1,0,0,1,3
2020-09-11,US,Arkansas,Lonoke,819,5,0,34.75392199,-91.88742357,5085.0,1117.1888854028837,0.6105006105006106,814,804,5,0,799,804,73657,15,0,0,15,0
2020-09-11,US,Arkansas,Madison,313,2,0,36.01038185,-93.72524943,5087.0,1888.2722007722007,0.6389776357827476,311,310,2,0,308,310,16481,3,0,0,3,0
2020-09-11,US,Arkansas,Marion,57,0,0,36.26844485,-92.68451899,5089.0,341.4400383371272,0.0,57,57,0,0,57,57,16722,0,0,0,0,0
2020-09-11,US,Arkansas,Miller,684,10,0,33.31403423,-93.89285258,5091.0,1581.2469658090024,1.4619883040935673,674,674,10,0,664,673,43592,10,0,0,10,1
2020-09-11,US,Arkansas,Mississippi,1477,35,0,35.76271485,-90.05194370000002,5093.0,3633.366952842488,2.3696682464454977,1442,1456,34,0,1422,1448,41239,21,1,0,20,8
2020-09-11,US,Arkansas,Monroe,102,0,0,34.6815935,-91.20540287,5095.0,1522.1608715117147,0.0,102,101,0,0,101,101,6900,1,0,0,1,0
2020-09-11,US,Arkansas,Montgomery,120,4,0,34.53704874,-93.65824478,5097.0,1335.4106387714219,3.333333333333333,116,119,4,0,115,118,8924,1,0,0,1,1
2020-09-11,US,Arkansas,Nevada,172,12,0,33.66340119,-93.30632432,5099.0,2084.3431895298113,6.9767441860465125,160,171,12,0,159,170,8326,1,0,0,1,1
2020-09-11,US,Arkansas,Newton,161,15,0,35.91947491,-93.21612969,5101.0,2076.6155036759965,9.316770186335404,146,154,15,0,139,150,7805,7,0,0,7,4
2020-09-11,US,Arkansas,Ouachita,206,5,0,33.58839816,-92.87795984,5103.0,881.0195877170472,2.4271844660194173,201,189,5,0,184,186,23606,17,0,0,17,3
2020-09-11,US,Arkansas,Perry,67,0,0,34.945915299999996,-92.94372564,5105.0,640.8417025346724,0.0,67,65,0,0,65,65,10352,2,0,0,2,0
2020-09-11,US,Arkansas,Phillips,427,10,0,34.43268455,-90.84800154,5107.0,2401.304690136093,2.34192037470726,417,424,10,0,414,424,18029,3,0,0,3,0
2020-09-11,US,Arkansas,Pike,209,1,0,34.16250414,-93.65789349,5109.0,1949.990669901101,0.4784688995215311,208,204,1,0,203,191,10673,5,0,0,5,13
2020-09-11,US,Arkansas,Poinsett,549,6,0,35.57433534,-90.66268713,5111.0,2333.390003400204,1.0928961748633879,543,537,6,0,531,534,23974,12,0,0,12,3
2020-09-11,US,Arkansas,Polk,244,4,0,34.48254879,-94.22728802,5113.0,1222.1999599278702,1.639344262295082,240,241,4,0,237,240,20049,3,0,0,3,1
2020-09-11,US,Arkansas,Pope,1919,22,0,35.44871474,-93.03212219,5115.0,2995.0680484454992,1.146430432516936,1897,1908,22,0,1886,1896,64000,11,0,0,11,12
2020-09-11,US,Arkansas,Prairie,124,1,0,34.83624419,-91.55162157,5117.0,1538.079880922848,0.8064516129032258,123,124,1,0,123,124,8074,0,0,0,0,0
2020-09-11,US,Arkansas,Pulaski,7795,118,0,34.77054088,-92.31355101,5119.0,1988.9719859866143,1.5137908915971776,7677,7683,116,0,7567,7612,392680,112,2,0,110,71
2020-09-11,US,Arkansas,Randolph,333,18,0,36.3415714,-91.02455531,5121.0,1854.3267624457071,5.405405405405406,315,329,18,0,311,327,17948,4,0,0,4,2
2020-09-11,US,Arkansas,Saline,1747,16,0,34.64916145,-92.67583224,5125.0,1426.8562607708457,0.9158557527189468,1731,1736,15,0,1721,1712,121421,11,1,0,10,24
2020-09-11,US,Arkansas,Scott,91,1,0,34.85588887,-94.0632176,5127.0,885.1279058457349,1.0989010989010992,90,90,1,0,89,90,10319,1,0,0,1,0
2020-09-11,US,Arkansas,Searcy,122,0,0,35.9109364,-92.69936482,5129.0,1548.0269001395761,0.0,122,118,0,0,118,117,7958,4,0,0,4,1
2020-09-11,US,Arkansas,Sebastian,3128,39,0,35.19605503,-94.27162713,5131.0,2447.0573509508945,1.2468030690537084,3089,3075,39,0,3036,3053,127753,53,0,0,53,22
2020-09-11,US,Arkansas,Sevier,1176,16,0,33.99780401,-94.2424869,5133.0,6914.799788322455,1.3605442176870748,1160,1175,16,0,1159,1174,17139,1,0,0,1,1
2020-09-11,US,Arkansas,Sharp,162,6,0,36.16258158,-91.47819342,5135.0,928.7925696594427,3.703703703703704,156,156,6,0,150,155,17366,6,0,0,6,1
2020-09-11,US,Arkansas,St. Francis,1384,4,0,35.02201976,-90.74828138,5123.0,5537.328958950146,0.28901734104046245,1380,1379,4,0,1375,1378,25439,5,0,0,5,1
2020-09-11,US,Arkansas,Stone,259,5,0,35.86251946,-92.15684085,5137.0,2071.0059171597627,1.9305019305019304,254,257,5,0,252,255,12457,2,0,0,2,2
2020-09-11,US,Arkansas,Unassigned,1287,0,0,0.0,0.0,90005.0,0.0,0.0,1287,1117,0,0,1117,1157,,170,0,0,170,-40
2020-09-11,US,Arkansas,Union,769,25,0,33.16887091,-92.59746952,5139.0,1988.0047567343986,3.250975292587776,744,755,25,0,730,748,39126,14,0,0,14,7
2020-09-11,US,Arkansas,Van Buren,153,2,0,35.58095779,-92.51295036,5141.0,924.7506799637353,1.30718954248366,151,148,2,0,146,148,16603,5,0,0,5,0
2020-09-11,US,Arkansas,Washington,7935,84,0,35.976844,-94.21800746,5143.0,3317.4879905680486,1.0586011342155008,7851,7822,82,0,7740,7769,236961,113,2,0,111,53
2020-09-11,US,Arkansas,White,587,14,0,35.25688493,-91.74908296,5145.0,745.3684304090002,2.385008517887564,573,577,14,0,563,576,78727,10,0,0,10,1
2020-09-11,US,Arkansas,Woodruff,29,0,0,35.18902527,-91.2439489,5147.0,458.86075949367086,0.0,29,29,0,0,29,29,6490,0,0,0,0,0
2020-09-11,US,Arkansas,Yell,1193,25,0,35.00292371,-93.41171338,5149.0,5590.1785295909285,2.095557418273261,1168,1192,25,0,1167,1191,21535,1,0,0,1,1
2020-09-11,US,California,Alameda,19819,320,0,37.64629437,-121.8929271,6001.0,1185.8227793570265,1.6146122407790504,19499,19710,303,0,19407,19596,1666753,109,17,0,92,114
2020-09-11,US,California,Alpine,2,0,0,38.59678594,-119.82235940000001,6003.0,177.14791851195747,0.0,2,2,0,0,2,2,1101,0,0,0,0,0
2020-09-11,US,California,Amador,280,16,0,38.44583082,-120.65696000000001,6005.0,704.3670758703964,5.7142857142857135,264,280,16,0,264,280,39383,0,0,0,0,0
2020-09-11,US,California,Butte,2590,28,0,39.66727762,-121.6005252,6007.0,1181.6448130811275,1.0810810810810811,2562,2463,28,0,2435,2463,231256,127,0,0,127,0
2020-09-11,US,California,Calaveras,286,2,0,38.20537103,-120.55291299999999,6009.0,623.0258141814617,0.6993006993006993,284,286,2,0,284,286,45602,0,0,0,0,0
2020-09-11,US,California,Colusa,487,6,0,39.17881957,-122.2331726,6011.0,2260.175430454356,1.2320328542094456,481,485,6,0,479,478,21627,2,0,0,2,7
2020-09-11,US,California,Contra Costa,14966,188,0,37.91923498,-121.9289527,6013.0,1297.4133222831565,1.2561806761993852,14778,14885,187,0,14698,14740,1150215,81,1,0,80,145
2020-09-11,US,California,Del Norte,128,1,0,41.74228275,-123.89740630000001,6015.0,460.23299295268237,0.78125,127,124,1,0,123,124,27828,4,0,0,4,0
2020-09-11,US,California,El Dorado,1025,2,0,38.77965956,-120.5233166,6017.0,531.5204596485223,0.1951219512195122,1023,1019,2,0,1017,1013,190678,6,0,0,6,6
2020-09-11,US,California,Fresno,26783,337,0,36.75733899,-119.6466953,6019.0,2680.709958252469,1.2582608370981594,26446,26724,326,0,26398,26640,994400,59,11,0,48,84
2020-09-11,US,California,Glenn,519,3,0,39.59875897,-122.3938452,6021.0,1827.9153312436167,0.5780346820809249,516,497,3,0,494,497,28047,22,0,0,22,0
2020-09-11,US,California,Humboldt,447,5,0,40.69923009,-123.876044,6023.0,329.74815208250345,1.1185682326621924,442,442,4,0,438,434,136373,5,1,0,4,8
2020-09-11,US,California,Imperial,11218,308,0,33.0393082,-115.36690420000001,6025.0,6190.436773997738,2.745587448743092,10910,11183,303,0,10880,11093,181827,35,5,0,30,90
2020-09-11,US,California,Inyo,185,14,0,36.51112084,-117.41119779999998,6027.0,1025.5557403403736,7.567567567567567,171,183,14,0,169,183,17987,2,0,0,2,0
2020-09-11,US,California,Kern,30440,307,0,35.34329425,-118.72777959999999,6029.0,3381.463271576824,1.0085413929040736,30133,30371,297,0,30074,30202,896764,69,10,0,59,169
2020-09-11,US,California,Kings,6918,76,0,36.07409056,-119.8159973,6031.0,4523.342487249902,1.0985834056085575,6842,6894,76,0,6818,6878,151366,24,0,0,24,16
2020-09-11,US,California,Lake,378,6,0,39.10124298,-122.75362439999999,6033.0,587.0841487279844,1.5873015873015872,372,372,6,0,366,370,64382,6,0,0,6,2
2020-09-11,US,California,Lassen,747,0,0,40.67311306,-120.59350990000002,6035.0,2443.332352075361,0.0,747,727,0,0,727,725,30802,20,0,0,20,2
2020-09-11,US,California,Los Angeles,252066,6171,0,34.30828379,-118.22824109999999,6037.0,2510.840854669643,2.4481683368641547,245895,251024,6128,0,244896,249859,10105518,1042,43,0,999,1165
2020-09-11,US,California,Madera,4150,58,0,37.21513971,-119.76655890000002,6039.0,2637.818047760397,1.3975903614457832,4092,4079,58,0,4021,4064,157672,71,0,0,71,15
2020-09-11,US,California,Marin,6407,99,0,38.07122463,-122.72106310000001,6041.0,2475.408189285466,1.54518495395661,6308,6378,99,0,6279,6368,259666,29,0,0,29,10
2020-09-11,US,California,Mariposa,74,2,0,37.57978556,-119.9073334,6043.0,430.15753066325635,2.702702702702702,72,74,2,0,72,74,17471,0,0,0,0,0
2020-09-11,US,California,Mendocino,778,18,0,39.4381191,-123.39113130000001,6045.0,896.8403093983792,2.3136246786632397,760,778,18,0,760,777,87606,0,0,0,0,1
2020-09-11,US,California,Merced,8487,126,0,37.18922369,-120.72090349999999,6047.0,3056.3958513396715,1.4846235418875928,8361,8440,125,0,8315,8415,274765,47,1,0,46,25
2020-09-11,US,California,Modoc,22,0,0,41.58965602,-120.7244817,6049.0,248.84062888813483,0.0,22,22,0,0,22,21,8777,0,0,0,0,1
2020-09-11,US,California,Mono,162,2,0,37.93899289,-118.8872409,6051.0,1121.5729714760457,1.2345679012345678,160,162,2,0,160,162,14250,0,0,0,0,0
2020-09-11,US,California,Monterey,8738,62,0,36.21862405,-121.24133970000001,6053.0,2013.081110719461,0.7095445181963836,8676,8698,62,0,8636,8661,435594,40,0,0,40,37
2020-09-11,US,California,Napa,1536,13,0,38.50735751,-122.33283899999999,6055.0,1115.1120919967475,0.8463541666666666,1523,1528,13,0,1515,1518,139417,8,0,0,8,10
2020-09-11,US,California,Nevada,478,5,0,39.30394768,-120.76272809999999,6057.0,479.1739762417924,1.0460251046025104,473,476,5,0,471,470,99696,2,0,0,2,6
2020-09-11,US,California,Orange,50613,1081,0,33.70147516,-117.76459979999998,6059.0,1593.7628712104322,2.1358149092130483,49532,50471,1069,0,49402,50190,3185968,142,12,0,130,281
2020-09-11,US,California,Placer,3276,38,0,39.06167234,-120.72405690000001,6061.0,822.4357252421993,1.15995115995116,3238,3249,38,0,3211,3238,393149,27,0,0,27,11
2020-09-11,US,California,Plumas,46,0,0,40.00355989,-120.8395236,6063.0,244.58978040091455,0.0,46,45,0,0,45,45,18804,1,0,0,1,0
2020-09-11,US,California,Riverside,55073,1103,0,33.74314981,-115.9933578,6065.0,2229.1833465153045,2.002796288562453,53970,54868,1094,0,53774,54735,2450758,205,9,0,196,133
2020-09-11,US,California,Sacramento,19669,346,0,38.45106826,-121.34253740000001,6067.0,1267.2851143449534,1.759113325537648,19323,19669,346,0,19323,19524,1540975,0,0,0,0,145
2020-09-11,US,California,San Benito,1213,10,0,36.60308176,-121.069975,6069.0,1931.282639154248,0.8244023083264633,1203,1209,10,0,1199,1209,61537,4,0,0,4,0
2020-09-11,US,California,San Bernardino,50385,800,0,34.84060306,-116.1774685,6071.0,2311.1484185249656,1.5877741391287088,49585,50210,796,0,49414,49909,2171603,175,4,0,171,301
2020-09-11,US,California,San Diego,41969,730,0,33.03484597,-116.73653259999999,6073.0,1257.1854789670285,1.7393790655007266,41239,41608,725,0,40883,41324,3343364,361,5,0,356,284
2020-09-11,US,California,San Francisco,10188,89,0,37.75215114,-122.43856720000001,6075.0,1155.6929904066592,0.8735767569689831,10099,10120,88,0,10032,10074,883305,68,1,0,67,46
2020-09-11,US,California,San Joaquin,18854,383,0,37.93433732,-121.2730061,6077.0,2473.7977400714817,2.0313991725893707,18471,18558,383,0,18175,18558,752660,296,0,0,296,0
2020-09-11,US,California,San Luis Obispo,3194,23,0,35.38822029,-120.4039028,6079.0,1128.1794066638174,0.7201001878522231,3171,3171,22,0,3149,3145,284010,23,1,0,22,26
2020-09-11,US,California,San Mateo,8966,139,0,37.422880799999994,-122.32755459999998,6081.0,1169.6211580632246,1.5503011376310507,8827,8895,136,0,8759,8807,769545,71,3,0,68,88
2020-09-11,US,California,Santa Barbara,8579,103,0,34.65329488,-120.0188492,6083.0,1921.392881059084,1.2006061312507286,8476,8550,99,0,8451,8499,446527,29,4,0,25,51
2020-09-11,US,California,Santa Clara,19143,276,0,37.23104908,-121.6970462,6085.0,992.9704147413803,1.4417802852217518,18867,18854,263,0,18591,18854,1937570,289,13,0,276,0
2020-09-11,US,California,Santa Cruz,2013,7,0,37.05580291,-122.0066524,6087.0,736.7877809621065,0.3477396920019871,2006,1993,7,0,1986,1931,274255,20,0,0,20,62
2020-09-11,US,California,Shasta,612,12,0,40.76391419,-122.0396884,6089.0,339.8489560195468,1.96078431372549,600,611,12,0,599,606,180040,1,0,0,1,5
2020-09-11,US,California,Sierra,6,0,0,39.57713498,-120.52007009999998,6091.0,199.6672212978369,0.0,6,6,0,0,6,6,2987,0,0,0,0,0
2020-09-11,US,California,Siskiyou,154,0,0,41.59198861,-122.54074340000001,6093.0,353.7058728955649,0.0,154,150,0,0,150,150,43724,4,0,0,4,0
2020-09-11,US,California,Solano,5820,48,0,38.26827353,-121.9357113,6095.0,1300.1431944652322,0.8247422680412371,5772,5805,48,0,5757,5778,446610,15,0,0,15,27
2020-09-11,US,California,Sonoma,6623,108,0,38.52746429,-122.88625060000001,6097.0,1339.7769937856033,1.6306809602898988,6515,6561,105,0,6456,6516,499942,62,3,0,59,45
2020-09-11,US,California,Stanislaus,15838,310,0,37.55862499,-120.9970722,6099.0,2876.184941706316,1.9573178431620155,15528,15749,303,0,15446,15685,549815,89,7,0,82,64
2020-09-11,US,California,Sutter,1542,10,0,39.03417539,-121.6945899,6101.0,1590.1661321425993,0.6485084306095981,1532,1530,10,0,1520,1526,96807,12,0,0,12,4
2020-09-11,US,California,Tehama,466,1,0,40.12570935,-122.23701709999999,6103.0,715.9977874746481,0.2145922746781116,465,458,1,0,457,458,63916,8,0,0,8,0
2020-09-11,US,California,Trinity,15,0,0,40.64917670000001,-123.114713,6105.0,122.10012210012206,0.0,15,14,0,0,14,14,12535,1,0,0,1,0
2020-09-11,US,California,Tulare,15043,246,0,36.22026558,-118.8020203,6107.0,3226.761333776639,1.6353121052981454,14797,14967,246,0,14721,14816,465861,76,0,0,76,151
2020-09-11,US,California,Tuolumne,212,3,0,38.02644018,-119.95250929999999,6109.0,389.14791291897654,1.4150943396226414,209,211,3,0,208,197,54539,1,0,0,1,14
2020-09-11,US,California,Ventura,11600,129,0,34.44465746,-119.09106129999999,6111.0,1371.14866797635,1.112068965517241,11471,11475,126,0,11349,11475,850967,125,3,0,122,0
2020-09-11,US,California,Yolo,2633,53,0,38.68278902,-121.90182879999999,6113.0,1194.1043083900227,2.0129130269654385,2580,2611,53,0,2558,2597,220408,22,0,0,22,14
2020-09-11,US,California,Yuba,1044,7,0,39.26255932,-121.35356440000001,6115.0,1327.0961509126964,0.6704980842911877,1037,1037,8,0,1029,1031,78041,7,-1,0,8,6
2020-09-11,US,Colorado,Adams,7954,211,0,39.87432092,-104.3362578,8001.0,1537.23950129585,2.652753331657028,7743,7921,209,0,7712,7887,511868,33,2,0,31,34
2020-09-11,US,Colorado,Alamosa,240,9,0,37.57250606,-105.7885451,8003.0,1478.4697837737942,3.75,231,240,9,0,231,239,16683,0,0,0,0,1
2020-09-11,US,Colorado,Arapahoe,8434,369,0,39.64977461,-104.3353617,8005.0,1284.5154510425075,4.375148209627698,8065,8401,369,0,8032,8361,651215,33,0,0,33,40
2020-09-11,US,Colorado,Archuleta,48,0,0,37.19474156,-107.04768670000001,8007.0,342.14840687148046,0.0,48,48,0,0,48,48,13765,0,0,0,0,0
2020-09-11,US,Colorado,Baca,17,0,0,37.31940883,-102.5603223,8009.0,474.7277296844457,0.0,17,17,0,0,17,17,3585,0,0,0,0,0
2020-09-11,US,Colorado,Bent,11,0,0,37.95474293,-103.0720195,8011.0,197.23865877712032,0.0,11,11,0,0,11,11,5882,0,0,0,0,0
2020-09-11,US,Colorado,Boulder,2612,79,0,40.09313619,-105.3546767,8013.0,800.7455640167261,3.0245022970903523,2533,2571,79,0,2492,2534,326078,41,0,0,41,37
2020-09-11,US,Colorado,Broomfield,555,33,0,39.95998787,-105.0566324,8014.0,787.6250620875612,5.945945945945946,522,553,33,0,520,551,69267,2,0,0,2,2
2020-09-11,US,Colorado,Chaffee,318,19,0,38.74745778,-106.19265729999998,8015.0,1562.1929652191,5.9748427672955975,299,318,19,0,299,317,20027,0,0,0,0,1
2020-09-11,US,Colorado,Cheyenne,9,0,0,38.82777431,-102.6032558,8017.0,491.53468050245766,0.0,9,9,0,0,9,9,1876,0,0,0,0,0
2020-09-11,US,Colorado,Clear Creek,36,1,0,39.68864463,-105.6463118,8019.0,371.1340206185567,2.7777777777777777,35,36,1,0,35,36,9605,0,0,0,0,0
2020-09-11,US,Colorado,Conejos,31,0,0,37.201606,-106.19174879999998,8021.0,377.8184034125533,0.0,31,31,0,0,31,31,8200,0,0,0,0,0
2020-09-11,US,Colorado,Costilla,32,1,0,37.27732493,-105.4276548,8023.0,823.2570105479805,3.125,31,32,1,0,31,32,3828,0,0,0,0,0
2020-09-11,US,Colorado,Crowley,73,1,0,38.32608609,-103.7844965,8025.0,1204.4217125886814,1.3698630136986298,72,73,1,0,72,73,5858,0,0,0,0,0
2020-09-11,US,Colorado,Custer,17,0,0,38.10883162,-105.3683478,8027.0,335.43804262036303,0.0,17,17,0,0,17,17,4954,0,0,0,0,0
2020-09-11,US,Colorado,Delta,175,2,0,38.86246243,-107.86313419999999,8029.0,561.5814132597394,1.1428571428571428,173,172,2,0,170,172,30953,3,0,0,3,0
2020-09-11,US,Colorado,Denver,11685,430,0,39.76018276,-104.87256950000001,8031.0,1606.823879176745,3.6799315361574663,11255,11627,429,0,11198,11592,716492,58,1,0,57,35
2020-09-11,US,Colorado,Dolores,2,0,0,37.75208676,-108.5211585,8033.0,97.32360097323601,0.0,2,2,0,0,2,2,2074,0,0,0,0,0
2020-09-11,US,Colorado,Douglas,2184,60,0,39.33133796,-104.930001,8035.0,621.9493441623902,2.7472527472527477,2124,2173,60,0,2113,2151,342776,11,0,0,11,22
2020-09-11,US,Colorado,Eagle,1203,9,0,39.62754308,-106.6933637,8037.0,2182.233751156421,0.7481296758104738,1194,1197,9,0,1188,1196,54993,6,0,0,6,1
2020-09-11,US,Colorado,El Paso,6307,159,0,38.83240149,-104.5251411,8041.0,875.4821953823068,2.5210084033613445,6148,6284,157,0,6127,6264,713856,23,2,0,21,20
2020-09-11,US,Colorado,Elbert,136,2,0,39.28656773,-104.13587209999999,8039.0,508.8106550937183,1.4705882352941178,134,134,2,0,132,131,26282,2,0,0,2,3
2020-09-11,US,Colorado,Fremont,166,1,0,38.47362326,-105.43996670000001,8043.0,346.9972198415519,0.6024096385542169,165,165,1,0,164,165,48021,1,0,0,1,0
2020-09-11,US,Colorado,Garfield,884,5,0,39.59921777,-107.902708,8045.0,1471.8369657514859,0.5656108597285068,879,879,4,0,875,875,59770,5,1,0,4,4
2020-09-11,US,Colorado,Gilpin,18,0,0,39.85646523,-105.5252597,8047.0,288.32292167227297,0.0,18,18,0,0,18,18,6121,0,0,0,0,0
2020-09-11,US,Colorado,Grand,69,1,0,40.10603347,-106.11780420000001,8049.0,438.54073979916086,1.4492753623188406,68,69,1,0,68,69,15525,0,0,0,0,0
2020-09-11,US,Colorado,Gunnison,296,7,0,38.66611652,-107.0320729,8051.0,1695.1093803688007,2.3648648648648654,289,296,7,0,289,296,17246,0,0,0,0,0
2020-09-11,US,Colorado,Hinsdale,3,0,0,37.82247444,-107.3004345,8053.0,365.8536585365854,0.0,3,3,0,0,3,3,811,0,0,0,0,0
2020-09-11,US,Colorado,Huerfano,10,1,0,37.68473101,-104.9612585,8055.0,144.9905756125852,10.0,9,10,1,0,9,10,6889,0,0,0,0,0
2020-09-11,US,Colorado,Jackson,9,0,0,40.66593870000001,-106.3408905,8057.0,646.5517241379309,0.0,9,10,0,0,10,10,1399,-1,0,0,-1,0
2020-09-11,US,Colorado,Jefferson,5052,244,0,39.58635604,-105.2517692,8059.0,866.7292294653626,4.829770387965162,4808,5019,244,0,4775,4992,580233,33,0,0,33,27
2020-09-11,US,Colorado,Kit Carson,76,3,0,39.30497777,-102.60221990000001,8063.0,1070.8750176130761,3.947368421052632,73,76,3,0,73,76,7163,0,0,0,0,0
2020-09-11,US,Colorado,La Plata,247,2,0,37.28632032,-107.8429014,8067.0,439.3376140588037,0.8097165991902834,245,246,2,0,244,247,56310,1,0,0,1,-1
2020-09-11,US,Colorado,Lake,85,0,0,39.20278823,-106.35556969999999,8065.0,1045.896394733604,0.0,85,84,0,0,84,83,7824,1,0,0,1,1
2020-09-11,US,Colorado,Larimer,2137,45,0,40.66671597,-105.4625784,8069.0,598.7688393635174,2.1057557323350493,2092,2120,45,0,2075,2110,350518,17,0,0,17,10
2020-09-11,US,Colorado,Las Animas,21,0,0,37.3153406,-104.03764579999999,8071.0,144.76768233834275,0.0,21,20,0,0,20,20,14503,1,0,0,1,0
2020-09-11,US,Colorado,Lincoln,8,0,0,38.98749519,-103.51366490000001,8073.0,140.3262585511314,0.0,8,8,0,0,8,8,5610,0,0,0,0,0
2020-09-11,US,Colorado,Logan,731,5,0,40.7249637,-103.110817,8075.0,3262.0821991164257,0.6839945280437757,726,729,5,0,724,727,21528,2,0,0,2,2
2020-09-11,US,Colorado,Mesa,485,5,0,39.01787888,-108.469799,8077.0,314.5061928539005,1.0309278350515465,480,477,5,0,472,475,153207,8,0,0,8,2
2020-09-11,US,Colorado,Mineral,20,0,0,37.66954283,-106.92816979999999,8079.0,2600.780234070221,0.0,20,19,0,0,19,19,776,1,0,0,1,0
2020-09-11,US,Colorado,Moffat,35,1,0,40.61810999,-108.2070876,8081.0,263.4946924640518,2.8571428571428568,34,35,1,0,34,35,13188,0,0,0,0,0
2020-09-11,US,Colorado,Montezuma,127,5,0,37.33859579,-108.59588570000001,8083.0,485.04754993698197,3.9370078740157477,122,126,5,0,121,126,26158,1,0,0,1,0
2020-09-11,US,Colorado,Montrose,353,13,0,38.40214114,-108.26390220000002,8085.0,825.5765003040367,3.68271954674221,340,352,13,0,339,352,42214,1,0,0,1,0
2020-09-11,US,Colorado,Morgan,724,48,0,40.26279810000001,-103.8093302,8087.0,2490.7114352552635,6.629834254143647,676,723,48,0,675,723,28558,1,0,0,1,0
2020-09-11,US,Colorado,Otero,83,6,0,37.9014485,-103.7173385,8089.0,454.0978225188752,7.2289156626506035,77,83,6,0,77,82,18432,0,0,0,0,1
2020-09-11,US,Colorado,Ouray,25,1,0,38.14717457,-107.7675136,8091.0,504.8465266558966,4.0,24,25,1,0,24,25,4833,0,0,0,0,0
2020-09-11,US,Colorado,Park,46,1,0,39.120926000000004,-105.7182065,8093.0,244.09657734146992,2.1739130434782608,45,46,1,0,45,46,18556,0,0,0,0,0
2020-09-11,US,Colorado,Phillips,19,0,0,40.59414277,-102.3577703,8095.0,445.48651817116064,0.0,19,19,0,0,19,19,4286,0,0,0,0,0
2020-09-11,US,Colorado,Pitkin,204,2,0,39.21720112,-106.9310027,8097.0,1148.196093881916,0.9803921568627452,202,204,2,0,202,204,17950,0,0,0,0,0
2020-09-11,US,Colorado,Prowers,90,0,0,37.95544985,-102.3926052,8099.0,739.4019060138022,0.0,90,89,0,0,89,89,12164,1,0,0,1,0
2020-09-11,US,Colorado,Pueblo,965,34,0,38.17359144,-104.5127437,8101.0,572.9587232223436,3.5233160621761663,931,960,34,0,926,951,167529,5,0,0,5,9
2020-09-11,US,Colorado,Rio Blanco,24,0,0,39.97913541,-108.2179009,8103.0,379.5066413662239,0.0,24,24,0,0,24,23,6336,0,0,0,0,1
2020-09-11,US,Colorado,Rio Grande,95,2,0,37.5836865,-106.3847838,8105.0,843.1703204047217,2.1052631578947367,93,94,2,0,92,94,11250,1,0,0,1,0
2020-09-11,US,Colorado,Routt,136,8,0,40.48596505,-106.9905548,8107.0,530.4625945861611,5.882352941176472,128,135,8,0,127,135,25733,1,0,0,1,0
2020-09-11,US,Colorado,Saguache,111,2,0,38.08054629,-106.28246599999999,8109.0,1626.6119577960142,1.8018018018018016,109,111,2,0,109,111,6843,0,0,0,0,0
2020-09-11,US,Colorado,San Juan,6,0,0,37.76248981,-107.67632890000002,8111.0,824.1758241758242,0.0,6,6,0,0,6,6,762,0,0,0,0,0
2020-09-11,US,Colorado,San Miguel,93,0,0,38.00450883,-108.4020725,8113.0,1137.0583200880305,0.0,93,93,0,0,93,93,8191,0,0,0,0,0
2020-09-11,US,Colorado,Sedgwick,12,1,0,40.87595412,-102.3519227,8115.0,533.8078291814946,8.333333333333334,11,12,1,0,11,12,2303,0,0,0,0,0
2020-09-11,US,Colorado,Summit,370,4,0,39.63803232,-106.1150762,8117.0,1193.1250201541388,1.0810810810810811,366,368,4,0,364,368,31007,2,0,0,2,0
2020-09-11,US,Colorado,Teller,166,4,0,38.88133511,-105.16148929999999,8119.0,653.8522136442414,2.409638554216868,162,165,4,0,161,165,25083,1,0,0,1,0
2020-09-11,US,Colorado,Washington,55,0,0,39.97015535,-103.202587,8121.0,1120.6193969030155,0.0,55,54,0,0,54,54,4909,1,0,0,1,0
2020-09-11,US,Colorado,Weld,4257,149,0,40.55499405,-104.39296209999999,8123.0,1311.8967493805706,3.5001174536058257,4108,4245,149,0,4096,4233,314305,12,0,0,12,12
2020-09-11,US,Colorado,Yuma,70,0,0,40.00346839,-102.4258673,8125.0,698.6725222078052,0.0,70,71,0,0,71,71,10020,-1,0,0,-1,0
2020-09-11,US,Connecticut,Fairfield,19360,1418,0,41.26809896,-73.3881171,9001.0,2052.2997205649767,7.3243801652892575,17942,19260,1417,0,17843,19159,943823,100,1,0,99,101
2020-09-11,US,Connecticut,Hartford,13886,1430,0,41.80283011,-72.73103891,9003.0,1557.215269367066,10.298142013538817,12456,13853,1430,0,12423,13796,892697,33,0,0,33,57
2020-09-11,US,Connecticut,Litchfield,1773,139,0,41.7937534,-73.2451475,9005.0,983.181114937366,7.839819514946417,1634,1763,139,0,1624,1752,181111,10,0,0,10,11
2020-09-11,US,Connecticut,Middlesex,1512,193,0,41.45949668,-72.53714864,9007.0,930.8281415449776,12.764550264550266,1319,1505,193,0,1312,1499,162682,7,0,0,7,6
2020-09-11,US,Connecticut,New Haven,13961,1110,0,41.408032500000004,-72.93620426,9009.0,1633.3297065715753,7.950719862474035,12851,13917,1110,0,12807,13877,857620,44,0,0,44,40
2020-09-11,US,Connecticut,New London,1651,110,0,41.48896435,-72.10430976,9011.0,622.5349351070489,6.662628709872805,1541,1649,109,0,1540,1649,266784,2,1,0,1,0
2020-09-11,US,Connecticut,Tolland,1232,65,0,41.85853803,-72.3308481,9013.0,817.4043431240503,5.275974025974026,1167,1215,65,0,1150,1200,150921,17,0,0,17,15
2020-09-11,US,Connecticut,Unassigned,107,0,0,0.0,0.0,90009.0,0.0,0.0,107,103,0,0,103,111,,4,0,0,4,-8
2020-09-11,US,Connecticut,Windham,844,15,0,41.82972709,-71.98182316,9015.0,722.7141169015773,1.7772511848341233,829,828,15,0,813,828,117027,16,0,0,16,0
2020-09-11,US,Delaware,Kent,2747,111,0,39.08646628,-75.56884914,10001.0,1519.4760656245505,4.040771751001092,2636,2744,111,0,2633,2727,178550,3,0,0,3,17
2020-09-11,US,Delaware,New Castle,8880,305,0,39.57992638,-75.64054974,10003.0,1589.253212063291,3.434684684684685,8575,8805,305,0,8500,8694,559335,75,0,0,75,111
2020-09-11,US,Delaware,Sussex,6471,197,0,38.66143781,-75.39031349,10005.0,2762.728146013449,3.044351723072168,6274,6456,197,0,6259,6432,229286,15,0,0,15,24
2020-09-11,US,Delaware,Unassigned,461,0,0,0.0,0.0,90010.0,0.0,0.0,461,461,0,0,461,455,,0,0,0,0,6
2020-09-11,US,District of Columbia,District of Columbia,14493,616,0,38.90417773,-77.01655992,11001.0,2053.5629522677327,4.250327744428345,13877,14412,616,0,13796,14387,702455,81,0,0,81,25
2020-09-11,US,Florida,Alachua,6029,40,0,29.67866525,-82.35928158,12001.0,2240.905728824017,0.6634599436059048,5989,5898,36,0,5862,5812,269956,131,4,0,127,86
2020-09-11,US,Florida,Baker,1301,7,0,30.33060121,-82.28467476,12003.0,4453.954125299555,0.5380476556495004,1294,1286,6,0,1280,1281,28355,15,1,0,14,5
2020-09-11,US,Florida,Bay,5622,90,0,30.26548745,-85.62122584,12005.0,3217.9960504851038,1.6008537886873,5532,5583,87,0,5496,5557,185287,39,3,0,36,26
2020-09-11,US,Florida,Bradford,903,6,0,29.95079741,-82.16611613,12007.0,3202.0141129747167,0.6644518272425249,897,881,5,0,876,871,27732,22,1,0,21,10
2020-09-11,US,Florida,Brevard,7861,253,0,28.29409504,-80.73091022,12009.0,1305.9397749284815,3.2184200483399064,7608,7787,245,0,7542,7742,596849,74,8,0,66,45
2020-09-11,US,Florida,Broward,74084,1276,0,26.15184651,-80.48725556,12011.0,3793.7748172091246,1.722369202526861,72808,73869,1258,0,72611,73696,1951260,215,18,0,197,173
2020-09-11,US,Florida,Calhoun,593,9,0,30.40666734,-85.19394153,12013.0,4204.182913860333,1.5177065767284992,584,588,9,0,579,586,14587,5,0,0,5,2
2020-09-11,US,Florida,Charlotte,2849,123,0,26.90131002,-81.92949121,12015.0,1508.1255624371395,4.317304317304317,2726,2827,119,0,2708,2821,184998,22,4,0,18,6
2020-09-11,US,Florida,Citrus,2411,70,0,28.84804315,-82.47614748,12017.0,1611.017192647187,2.9033596018249685,2341,2386,70,0,2316,2355,147929,25,0,0,25,31
2020-09-11,US,Florida,Clay,4411,85,0,29.98319144,-81.85609986,12019.0,2011.840256873369,1.9270006801178872,4326,4308,81,0,4227,4317,216072,103,4,0,99,-9
2020-09-11,US,Florida,Collier,12132,192,0,26.11091986,-81.34687065,12021.0,3151.9711510982015,1.5825914935707222,11940,12096,188,0,11908,12071,378488,36,4,0,32,25
2020-09-11,US,Florida,Columbia,3485,44,0,30.22509788,-82.62160164,12023.0,4861.479228859192,1.2625538020086082,3441,3467,43,0,3424,3458,70503,18,1,0,17,9
2020-09-11,US,Florida,DeSoto,1530,23,0,27.18677893,-81.80941373,12027.0,4026.209836583249,1.5032679738562091,1507,1526,23,0,1503,1526,37489,4,0,0,4,0
2020-09-11,US,Florida,Dixie,788,5,0,29.60631086,-83.15724673,12029.0,4683.228337097349,0.6345177664974619,783,781,5,0,776,777,16700,7,0,0,7,4
2020-09-11,US,Florida,Duval,28230,319,0,30.33225875,-81.66976468,12031.0,2947.5178934069777,1.1300035423308536,27911,28051,302,0,27749,27886,950181,179,17,0,162,165
2020-09-11,US,Florida,Escambia,11766,203,0,30.67652764,-87.37284571,12033.0,3696.326920418704,1.7253102158762537,11563,11702,200,0,11502,11634,315534,64,3,0,61,68
2020-09-11,US,Florida,Flagler,1504,18,0,29.45933576,-81.31508595,12035.0,1306.9055708587864,1.1968085106382977,1486,1484,18,0,1466,1475,112067,20,0,0,20,9
2020-09-11,US,Florida,Franklin,574,3,0,29.83791238,-84.82731662,12037.0,4734.020618556701,0.5226480836236934,571,572,3,0,569,569,11736,2,0,0,2,3
2020-09-11,US,Florida,Gadsden,2575,44,0,30.57796289,-84.61915825,12039.0,5639.509417433202,1.7087378640776698,2531,2555,44,0,2511,2549,45894,20,0,0,20,6
2020-09-11,US,Florida,Gilchrist,486,12,0,29.72856978,-82.79880657,12041.0,2615.4342912495968,2.469135802469136,474,485,11,0,474,483,18256,1,1,0,0,2
2020-09-11,US,Florida,Glades,470,4,0,26.95635849,-81.18996211,12043.0,3403.0844978640216,0.851063829787234,466,468,4,0,464,466,13724,2,0,0,2,2
2020-09-11,US,Florida,Gulf,855,13,0,29.93543004,-85.24270990000002,12045.0,6268.788034313366,1.52046783625731,842,851,13,0,838,849,16164,4,0,0,4,2
2020-09-11,US,Florida,Hamilton,747,7,0,30.49673973,-82.94998918,12047.0,5177.432769614638,0.9370816599732262,740,733,7,0,726,733,14310,14,0,0,14,0
2020-09-11,US,Florida,Hardee,1202,9,0,27.49293939,-81.80956574,12049.0,4462.263800720199,0.7487520798668885,1193,1190,9,0,1181,1185,27245,12,0,0,12,5
2020-09-11,US,Florida,Hendry,2008,41,0,26.55386945,-81.16469006,12051.0,4778.449383656181,2.0418326693227087,1967,2005,41,0,1964,2004,41556,3,0,0,3,1
2020-09-11,US,Florida,Hernando,2843,105,0,28.55364461,-82.42700204,12053.0,1466.0684818481848,3.6932817446359487,2738,2821,103,0,2718,2787,190865,22,2,0,20,34
2020-09-11,US,Florida,Highlands,1974,70,0,27.34254618,-81.34071957,12055.0,1858.389583980569,3.5460992907801416,1904,1947,69,0,1878,1945,105424,27,1,0,26,2
2020-09-11,US,Florida,Hillsborough,39138,584,0,27.9276559,-82.32013172,12057.0,2658.889323680949,1.4921559609586592,38554,38917,579,0,38338,38790,1436888,221,5,0,216,127
2020-09-11,US,Florida,Holmes,696,5,0,30.86747479,-85.81319222,12059.0,3547.9431105673652,0.7183908045977011,691,692,5,0,687,691,19477,4,0,0,4,1
2020-09-11,US,Florida,Indian River,2962,104,0,27.69308961,-80.60556721,12061.0,1852.141343021329,3.511141120864281,2858,2942,104,0,2838,2930,157413,20,0,0,20,12
2020-09-11,US,Florida,Jackson,2565,73,0,30.795459700000002,-85.21500423,12063.0,5526.3498082475135,2.8460038986354776,2492,2547,72,0,2475,2528,48305,18,1,0,17,19
2020-09-11,US,Florida,Jefferson,529,7,0,30.43669112,-83.89442308,12065.0,3713.323038045767,1.3232514177693762,522,525,7,0,518,522,14288,4,0,0,4,3
2020-09-11,US,Florida,Lafayette,1219,10,0,29.98484137,-83.18166636,12067.0,14473.996675374021,0.8203445447087777,1209,1215,10,0,1205,1215,8732,4,0,0,4,0
2020-09-11,US,Florida,Lake,6972,140,0,28.76202069,-81.7125123,12069.0,1899.1169051912466,2.0080321285140563,6832,6921,136,0,6785,6871,356495,51,4,0,47,50
2020-09-11,US,Florida,Lee,19370,447,0,26.58410348,-81.88399313,12071.0,2513.700772278436,2.3076923076923075,18923,19309,444,0,18865,19241,754610,61,3,0,58,68
2020-09-11,US,Florida,Leon,8589,44,0,30.45955727,-84.27491114,12073.0,2925.5880810131407,0.51228315286995,8545,8273,44,0,8229,8111,292502,316,0,0,316,162
2020-09-11,US,Florida,Levy,959,8,0,29.31829741,-82.74007147,12075.0,2310.676336650363,0.8342022940563086,951,956,8,0,948,949,40770,3,0,0,3,7
2020-09-11,US,Florida,Liberty,472,7,0,30.23766008,-84.8829258,12077.0,5649.9880296863785,1.4830508474576272,465,468,7,0,461,449,8457,4,0,0,4,19
2020-09-11,US,Florida,Madison,974,16,0,30.44396917,-83.47398594,12079.0,5266.857729951874,1.6427104722792607,958,956,16,0,940,935,18529,18,0,0,18,21
2020-09-11,US,Florida,Manatee,10803,275,0,27.47196942,-82.31831044,12081.0,2678.963330712977,2.5455891881884662,10528,10772,270,0,10502,10729,394855,31,5,0,26,43
2020-09-11,US,Florida,Marion,9043,235,0,29.21227113,-82.05803627,12083.0,2473.610355080571,2.5986951232997897,8808,8967,235,0,8732,8925,359977,76,0,0,76,42
2020-09-11,US,Florida,Martin,4527,126,0,27.0772071,-80.43109784,12085.0,2811.801242236025,2.7833001988071566,4401,4526,125,0,4401,4560,160912,1,1,0,0,-34
2020-09-11,US,Florida,Miami-Dade,163375,2836,0,25.6112362,-80.55170587,12086.0,6013.198672035452,1.7358837031369552,160539,162894,2789,0,160105,162433,2761581,481,47,0,434,461
2020-09-11,US,Florida,Monroe,1778,20,0,25.20904673,-81.07812416,12087.0,2395.322519803848,1.124859392575928,1758,1767,20,0,1747,1763,75027,11,0,0,11,4
2020-09-11,US,Florida,Nassau,1891,29,0,30.61037141,-81.80297522,12089.0,2133.709449929478,1.5335801163405605,1862,1880,29,0,1851,1869,85832,11,0,0,11,11
2020-09-11,US,Florida,Okaloosa,4551,94,0,30.69143028,-86.59267105,12091.0,2159.5535688864848,2.065480114260602,4457,4502,94,0,4408,4461,207269,49,0,0,49,41
2020-09-11,US,Florida,Okeechobee,1313,20,0,27.386336199999995,-80.88944347,12093.0,3113.735534054259,1.523229246001523,1293,1295,20,0,1275,1289,41537,18,0,0,18,6
2020-09-11,US,Florida,Orange,37701,405,0,28.51367621,-81.31799498,12095.0,2705.582969488723,1.0742420625447602,37296,37473,401,0,37072,37366,1380645,228,4,0,224,107
2020-09-11,US,Florida,Osceola,11684,136,0,28.06312234,-81.14882926,12097.0,3109.5060292587377,1.1639849366655255,11548,11634,134,0,11500,11594,367990,50,2,0,48,40
2020-09-11,US,Florida,Palm Beach,43724,1193,0,26.64676272,-80.46536002,12099.0,2921.223701704337,2.728478638733876,42531,43532,1187,0,42345,43422,1485941,192,6,0,186,110
2020-09-11,US,Florida,Pasco,8464,195,0,28.30810945,-82.40227529,12101.0,1527.9440090839014,2.303875236294896,8269,8411,189,0,8222,8381,539630,53,6,0,47,30
2020-09-11,US,Florida,Pinellas,20795,698,0,27.93130349,-82.72239666,12103.0,2132.829262889284,3.3565761000240437,20097,20655,697,0,19958,20588,975280,140,1,0,139,67
2020-09-11,US,Florida,Polk,18228,483,0,27.95027105,-81.69732947,12105.0,2514.980469854865,2.6497695852534564,17745,18121,483,0,17638,18025,708009,107,0,0,107,96
2020-09-11,US,Florida,Putnam,1920,38,0,29.60779729,-81.74230285,12107.0,2576.454959004844,1.9791666666666667,1882,1889,38,0,1851,1874,74163,31,0,0,31,15
2020-09-11,US,Florida,Santa Rosa,5087,65,0,30.69341450000001,-87.02458128,12113.0,2759.978948853309,1.2777668566935323,5022,5026,63,0,4963,4990,179349,61,2,0,59,36
2020-09-11,US,Florida,Sarasota,7533,231,0,27.18546175,-82.33174248,12115.0,1736.7467296226791,3.0665073675826364,7302,7500,225,0,7275,7486,426718,33,6,0,27,14
2020-09-11,US,Florida,Seminole,8492,193,0,28.7158582,-81.24060348,12117.0,1799.816033876895,2.272727272727273,8299,8459,189,0,8270,8437,467832,33,4,0,29,22
2020-09-11,US,Florida,St. Johns,4813,63,0,29.90096506,-81.43589967,12109.0,1818.477209527264,1.308954913775192,4750,4759,62,0,4697,4729,254261,54,1,0,53,30
2020-09-11,US,Florida,St. Lucie,7469,256,0,27.37763908,-80.47106649,12111.0,2275.0740944937056,3.4275003347168296,7213,7404,255,0,7149,7378,321128,65,1,0,64,26
2020-09-11,US,Florida,Sumter,2086,60,0,28.70181754,-82.0794267,12119.0,1575.2907415798218,2.8763183125599237,2026,2069,59,0,2010,2060,128754,17,1,0,16,9
2020-09-11,US,Florida,Suwannee,2529,64,0,30.19746066,-82.99099670000003,12121.0,5693.765900443525,2.5306445235270862,2465,2519,64,0,2455,2517,44191,10,0,0,10,2
2020-09-11,US,Florida,Taylor,1239,11,0,30.04848048,-83.60445406,12123.0,5744.355324771663,0.8878127522195319,1228,1233,10,0,1223,1233,21623,6,1,0,5,0
2020-09-11,US,Florida,Unassigned,1027,0,0,0.0,0.0,90012.0,0.0,0.0,1027,1124,0,0,1124,1123,,-97,0,0,-97,1
2020-09-11,US,Florida,Union,779,6,0,30.04412971,-82.37497443,12125.0,5112.5549648881015,0.7702182284980744,773,731,5,0,726,715,14940,48,1,0,47,16
2020-09-11,US,Florida,Volusia,10027,205,0,29.05858895,-81.18263252,12127.0,1812.2700096153146,2.0444799042585022,9822,9931,203,0,9728,9878,547538,96,2,0,94,53
2020-09-11,US,Florida,Wakulla,994,9,0,30.16548905,-84.39895211,12129.0,2946.145410355968,0.9054325955734408,985,977,9,0,968,974,32461,17,0,0,17,3
2020-09-11,US,Florida,Walton,1790,22,0,30.64204028,-86.16935664,12131.0,2416.600288911989,1.2290502793296092,1768,1774,22,0,1752,1762,71375,16,0,0,16,12
2020-09-11,US,Florida,Washington,1041,18,0,30.61359259,-85.66002461,12133.0,4086.680014132611,1.7291066282420748,1023,1039,18,0,1021,1031,24880,2,0,0,2,8
2020-09-11,US,Georgia,Appling,950,25,0,31.74847232,-82.28909114,13001.0,5166.974872185358,2.631578947368421,925,948,25,0,923,941,18507,2,0,0,2,7
2020-09-11,US,Georgia,Atkinson,429,3,0,31.29633502,-82.87545866,13003.0,5254.1334966319655,0.6993006993006993,426,423,3,0,420,422,8297,6,0,0,6,1
2020-09-11,US,Georgia,Bacon,552,10,0,31.55456473,-82.45936528,13005.0,4944.4643496954495,1.8115942028985508,542,547,10,0,537,547,11185,5,0,0,5,0
2020-09-11,US,Georgia,Baker,73,3,0,31.32669878,-84.44218806,13007.0,2402.896642527979,4.109589041095891,70,73,3,0,70,73,3092,0,0,0,0,0
2020-09-11,US,Georgia,Baldwin,1877,55,0,33.06882326,-83.24701748,13009.0,4181.3321452439295,2.930207778369739,1822,1868,55,0,1813,1858,44823,9,0,0,9,10
2020-09-11,US,Georgia,Banks,423,6,0,34.35607081,-83.49644388,13011.0,2199.2305292710826,1.4184397163120568,417,419,6,0,413,418,18988,4,0,0,4,1
2020-09-11,US,Georgia,Barrow,1959,43,0,33.99148694,-83.71436292,13013.0,2353.435848149928,2.1949974476773866,1916,1948,43,0,1905,1927,80809,11,0,0,11,21
2020-09-11,US,Georgia,Bartow,2645,76,0,34.23732119,-84.83887523,13015.0,2455.0297945014763,2.873345935727788,2569,2621,76,0,2545,2599,106408,24,0,0,24,22
2020-09-11,US,Georgia,Ben Hill,690,18,0,31.76095874,-83.22145359,13017.0,4131.736526946108,2.608695652173913,672,689,18,0,671,685,16787,1,0,0,1,4
2020-09-11,US,Georgia,Berrien,418,10,0,31.27590016,-83.22529920000002,13019.0,2154.9724184152187,2.392344497607656,408,417,10,0,407,413,19252,1,0,0,1,4
2020-09-11,US,Georgia,Bibb,5667,148,0,32.80904227,-83.70489165,13021.0,3700.0763912013012,2.6116110817010765,5519,5649,146,0,5503,5619,153095,18,2,0,16,30
2020-09-11,US,Georgia,Bleckley,406,19,0,32.43829035,-83.33035166,13023.0,3153.887982599238,4.679802955665025,387,400,19,0,381,398,12838,6,0,0,6,2
2020-09-11,US,Georgia,Brantley,321,8,0,31.19576557,-81.97743999,13025.0,1679.8367261499814,2.4922118380062304,313,321,8,0,313,321,18897,0,0,0,0,0
2020-09-11,US,Georgia,Brooks,492,25,0,30.83922642,-83.58303423,13027.0,3183.023872679045,5.08130081300813,467,492,24,0,468,487,15513,0,1,0,-1,5
2020-09-11,US,Georgia,Bryan,973,9,0,32.00979311,-81.44002948,13029.0,2455.396573043632,0.9249743062692704,964,966,9,0,957,956,38109,7,0,0,7,10
2020-09-11,US,Georgia,Bulloch,2580,23,0,32.39577406,-81.74811421,13031.0,3240.8803135363282,0.8914728682170543,2557,2540,23,0,2517,2519,77296,40,0,0,40,21
2020-09-11,US,Georgia,Burke,711,9,0,33.05917989,-81.99928721,13033.0,3176.5178930438287,1.2658227848101269,702,706,9,0,697,702,22423,5,0,0,5,4
2020-09-11,US,Georgia,Butts,600,41,0,33.283094500000004,-83.95435040000002,13035.0,2406.1597690086624,6.833333333333332,559,596,41,0,555,591,24193,4,0,0,4,5
2020-09-11,US,Georgia,Calhoun,230,7,0,31.53169785,-84.62725131,13037.0,3716.2708030376475,3.0434782608695654,223,229,7,0,222,229,6352,1,0,0,1,0
2020-09-11,US,Georgia,Camden,1132,7,0,30.92951916,-81.66601818,13039.0,2070.756960450737,0.6183745583038869,1125,1131,7,0,1124,1111,53677,1,0,0,1,20
2020-09-11,US,Georgia,Candler,393,16,0,32.40209349,-82.07702563,13043.0,3637.8783671202445,4.0712468193384215,377,389,16,0,373,387,10836,4,0,0,4,2
2020-09-11,US,Georgia,Carroll,2495,63,0,33.58138199,-85.07976677,13045.0,2079.3052870191345,2.5250501002004007,2432,2472,63,0,2409,2463,118121,23,0,0,23,9
2020-09-11,US,Georgia,Catoosa,994,16,0,34.89872298,-85.13757014,13047.0,1470.8493637170761,1.6096579476861168,978,986,16,0,970,967,67420,8,0,0,8,19
2020-09-11,US,Georgia,Charlton,593,6,0,30.78371028,-82.13951596,13049.0,4428.016726403824,1.011804384485666,587,590,6,0,584,589,12968,3,0,0,3,1
2020-09-11,US,Georgia,Chatham,7697,134,0,32.00043026,-81.12489526,13051.0,2659.364958711951,1.7409380278030402,7563,7644,132,0,7512,7592,289195,53,2,0,51,52
2020-09-11,US,Georgia,Chattahoochee,1533,2,0,32.34341231,-84.78809239,13053.0,14055.193912166498,0.1304631441617743,1531,1515,2,0,1513,1461,10684,18,0,0,18,54
2020-09-11,US,Georgia,Chattooga,667,7,0,34.47197698,-85.34535662,13055.0,2690.709588930575,1.0494752623688155,660,657,7,0,650,649,24790,10,0,0,10,8
2020-09-11,US,Georgia,Cherokee,5395,87,0,34.24393976,-84.47431861,13057.0,2084.8388355817647,1.6126042632066728,5308,5338,87,0,5251,5271,254149,57,0,0,57,67
2020-09-11,US,Georgia,Clarke,4314,36,0,33.95436462,-83.37124007,13059.0,3361.619561914113,0.8344923504867872,4278,4205,36,0,4169,4109,127330,109,0,0,109,96
2020-09-11,US,Georgia,Clay,117,2,0,31.62221166,-84.97713865,13061.0,4128.440366972477,1.709401709401709,115,115,2,0,113,115,2887,2,0,0,2,0
2020-09-11,US,Georgia,Clayton,6786,152,0,33.54187245,-84.35594188,13063.0,2321.9369320048177,2.2399056881815502,6634,6761,149,0,6612,6721,289615,25,3,0,22,40
2020-09-11,US,Georgia,Clinch,326,5,0,30.91395822,-82.70432472,13065.0,4925.959504381988,1.5337423312883436,321,322,5,0,317,313,6648,4,0,0,4,9
2020-09-11,US,Georgia,Cobb,18255,409,0,33.94243204,-84.5761255,13067.0,2401.528137542903,2.2404820597096684,17846,18155,409,0,17746,18005,756865,100,0,0,100,150
2020-09-11,US,Georgia,Coffee,1896,40,0,31.54892966,-82.85492059999999,13069.0,4381.484990640814,2.109704641350211,1856,1893,40,0,1853,1876,43093,3,0,0,3,17
2020-09-11,US,Georgia,Colquitt,1853,31,0,31.18810588,-83.7677946,13071.0,4063.59649122807,1.6729627630868862,1822,1848,31,0,1817,1825,45592,5,0,0,5,23
2020-09-11,US,Georgia,Columbia,3394,55,0,33.54534185,-82.263524,13073.0,2165.7286521944434,1.6205067766647023,3339,3387,53,0,3334,3366,154291,7,2,0,5,21
2020-09-11,US,Georgia,Cook,529,12,0,31.16068491,-83.42947229,13075.0,3063.115228720325,2.268431001890359,517,528,12,0,516,526,17162,1,0,0,1,2
2020-09-11,US,Georgia,Coweta,2379,34,0,33.35334302,-84.76129976,13077.0,1601.9231157707611,1.4291719209751996,2345,2375,34,0,2341,2357,145864,4,0,0,4,18
2020-09-11,US,Georgia,Crawford,162,4,0,32.71391813,-83.98061238,13079.0,1306.0303128023218,2.469135802469136,158,162,4,0,158,162,12318,0,0,0,0,0
2020-09-11,US,Georgia,Crisp,509,17,0,31.92289565,-83.76811843,13081.0,2275.165385303057,3.3398821218074657,492,505,17,0,488,504,22601,4,0,0,4,1
2020-09-11,US,Georgia,Dade,231,4,0,34.854916700000004,-85.50490424,13083.0,1433.3581533879376,1.7316017316017316,227,228,4,0,224,225,16226,3,0,0,3,3
2020-09-11,US,Georgia,Dawson,745,6,0,34.44244079,-84.16964071,13085.0,2853.531484602421,0.8053691275167785,739,745,6,0,739,740,25083,0,0,0,0,5
2020-09-11,US,Georgia,DeKalb,17380,334,0,33.76944049,-84.22396017,13089.0,2288.9593927014066,1.9217491369390105,17046,17314,333,0,16981,17237,756558,66,1,0,65,77
2020-09-11,US,Georgia,Decatur,1050,23,0,30.87967778,-84.57619536,13087.0,3976.670201484624,2.1904761904761907,1027,1044,22,0,1022,1040,26575,6,1,0,5,4
2020-09-11,US,Georgia,Dodge,360,9,0,32.17265114,-83.16948926,13091.0,1747.1487503033245,2.5,351,357,9,0,348,356,20705,3,0,0,3,1
2020-09-11,US,Georgia,Dooly,302,14,0,32.15630737,-83.79746561,13093.0,2255.414488424197,4.635761589403972,288,300,14,0,286,298,13706,2,0,0,2,2
2020-09-11,US,Georgia,Dougherty,3051,181,0,31.53328528,-84.21722377,13095.0,3468.779844467688,5.932481153720093,2870,3049,181,0,2868,3045,91243,2,0,0,2,4
2020-09-11,US,Georgia,Douglas,3319,68,0,33.70291126,-84.77026156,13097.0,2267.959519758376,2.0488098824947274,3251,3308,68,0,3240,3293,145331,11,0,0,11,15
2020-09-11,US,Georgia,Early,442,32,0,31.32155345,-84.90255207,13099.0,4337.585868498528,7.239819004524888,410,440,32,0,408,436,10247,2,0,0,2,4
2020-09-11,US,Georgia,Echols,239,2,0,30.71101099,-82.89687287,13101.0,5966.050923614576,0.8368200836820083,237,238,2,0,236,238,4000,1,0,0,1,0
2020-09-11,US,Georgia,Effingham,1242,21,0,32.36616021,-81.34280942,13103.0,1931.6909294512882,1.6908212560386473,1221,1224,20,0,1204,1209,62190,18,1,0,17,15
2020-09-11,US,Georgia,Elbert,550,2,0,34.11302332,-82.83936148,13105.0,2865.478795456913,0.3636363636363637,548,529,2,0,527,526,19120,21,0,0,21,3
2020-09-11,US,Georgia,Emanuel,890,27,0,32.59221302,-82.30239915,13107.0,3930.053872648592,3.0337078651685387,863,879,26,0,853,877,22612,11,1,0,10,2
2020-09-11,US,Georgia,Evans,395,5,0,32.15328841,-81.8870105,13109.0,3707.527689130843,1.2658227848101269,390,392,5,0,387,391,10721,3,0,0,3,1
2020-09-11,US,Georgia,Fannin,525,9,0,34.86430205,-84.316964,13111.0,2004.7349931266226,1.7142857142857142,516,516,9,0,507,509,25964,9,0,0,9,7
2020-09-11,US,Georgia,Fayette,1657,44,0,33.41357794,-84.49089434,13113.0,1448.1607397243513,2.6554013277006643,1613,1653,44,0,1609,1644,113459,4,0,0,4,9
2020-09-11,US,Georgia,Floyd,2636,37,0,34.26268279,-85.21577392,13115.0,2676.196470994335,1.4036418816388467,2599,2593,38,0,2555,2560,97927,43,-1,0,44,33
2020-09-11,US,Georgia,Forsyth,3482,39,0,34.22604035,-84.12315129999998,13117.0,1425.576863239605,1.1200459506031015,3443,3463,38,0,3425,3422,236612,19,1,0,18,41
2020-09-11,US,Georgia,Franklin,647,11,0,34.37525597,-83.23159927,13119.0,2770.996616557454,1.7001545595054095,636,639,11,0,628,627,23023,8,0,0,8,12
2020-09-11,US,Georgia,Fulton,26022,551,0,33.79216944,-84.46319413,13121.0,2445.8215101082114,2.1174390900007687,25471,25934,550,0,25384,25861,1050114,88,1,0,87,73
2020-09-11,US,Georgia,Gilmer,778,10,0,34.69316688,-84.45802506,13123.0,2480.155567598585,1.2853470437017995,768,775,9,0,766,775,30816,3,1,0,2,0
2020-09-11,US,Georgia,Glascock,37,2,0,33.22879932,-82.61297636,13125.0,1245.3719286435546,5.405405405405406,35,36,2,0,34,35,2995,1,0,0,1,1
2020-09-11,US,Georgia,Glynn,3288,85,0,31.23279254,-81.53811412,13127.0,3854.9922618768464,2.5851581508515813,3203,3269,84,0,3185,3238,85219,19,1,0,18,31
2020-09-11,US,Georgia,Gordon,1644,34,0,34.50487351,-84.87296253,13129.0,2836.2921173852287,2.068126520681265,1610,1632,34,0,1598,1621,57685,12,0,0,12,11
2020-09-11,US,Georgia,Grady,709,19,0,30.87454847,-84.23418364,13131.0,2878.2527503755127,2.6798307475317347,690,707,19,0,688,702,24748,2,0,0,2,5
2020-09-11,US,Georgia,Greene,480,21,0,33.5769205,-83.17139104,13133.0,2619.515389652914,4.375,459,479,21,0,458,476,17698,1,0,0,1,3
2020-09-11,US,Georgia,Gwinnett,25611,369,0,33.96044201,-84.02137802,13135.0,2735.487316421896,1.4407871617664283,25242,25495,366,0,25129,25376,927781,116,3,0,113,119
2020-09-11,US,Georgia,Habersham,1432,63,0,34.63331566,-83.53094677,13137.0,3159.1951994352285,4.399441340782123,1369,1423,65,0,1358,1411,45388,9,-2,0,11,12
2020-09-11,US,Georgia,Hall,8306,136,0,34.32207823,-83.81896936,13139.0,4062.785840413616,1.6373705754875991,8170,8266,133,0,8133,8189,202148,40,3,0,37,77
2020-09-11,US,Georgia,Hancock,373,41,0,33.2721566,-82.99766919,13141.0,4410.547475464113,10.99195710455764,332,373,40,0,333,372,8348,0,1,0,-1,1
2020-09-11,US,Georgia,Haralson,383,8,0,33.79602175,-85.21005667,13143.0,1285.580021482277,2.0887728459530033,375,378,8,0,370,375,29533,5,0,0,5,3
2020-09-11,US,Georgia,Harris,757,21,0,32.73709786,-84.90538572,13145.0,2148.370984220684,2.7741083223249667,736,754,21,0,733,753,34475,3,0,0,3,1
2020-09-11,US,Georgia,Hart,461,11,0,34.34626973,-82.96567682,13147.0,1759.2062583476434,2.386117136659436,450,460,11,0,449,456,26099,1,0,0,1,4
2020-09-11,US,Georgia,Heard,180,5,0,33.29686567,-85.12886832,13149.0,1509.6871592719956,2.7777777777777777,175,180,5,0,175,180,11879,0,0,0,0,0
2020-09-11,US,Georgia,Henry,4679,90,0,33.4533428,-84.14814659999998,13151.0,1994.7902677768257,1.92348792477025,4589,4649,90,0,4559,4633,230220,30,0,0,30,16
2020-09-11,US,Georgia,Houston,2840,73,0,32.45802497,-83.66879087,13153.0,1799.0282713492081,2.5704225352112675,2767,2829,73,0,2756,2814,155469,11,0,0,11,15
2020-09-11,US,Georgia,Irwin,252,4,0,31.60213036,-83.27501387,13155.0,2676.295666949873,1.5873015873015872,248,250,4,0,246,250,9398,2,0,0,2,0
2020-09-11,US,Georgia,Jackson,1725,27,0,34.13794553,-83.56814788,13157.0,2363.7584444413988,1.5652173913043481,1698,1711,27,0,1684,1696,70422,14,0,0,14,15
2020-09-11,US,Georgia,Jasper,201,4,0,33.31535543,-83.68844964,13159.0,1413.6015190941696,1.9900497512437807,197,201,4,0,197,200,14040,0,0,0,0,1
2020-09-11,US,Georgia,Jeff Davis,677,15,0,31.80405727,-82.63724870000001,13161.0,4478.994376447238,2.2156573116691285,662,674,14,0,660,672,15029,3,1,0,2,2
2020-09-11,US,Georgia,Jefferson,734,21,0,33.05867328,-82.41609057,13163.0,4778.023694831402,2.8610354223433236,713,728,20,0,708,727,15430,6,1,0,5,1
2020-09-11,US,Georgia,Jenkins,364,28,0,32.79248718,-81.96040187,13165.0,4195.481788842785,7.6923076923076925,336,355,27,0,328,351,8683,9,1,0,8,4
2020-09-11,US,Georgia,Johnson,396,18,0,32.70211082,-82.66166794,13167.0,4106.605828061806,4.545454545454546,378,388,18,0,370,383,9708,8,0,0,8,5
2020-09-11,US,Georgia,Jones,499,4,0,33.02512137,-83.56019163,13169.0,1736.5582042804945,0.8016032064128257,495,496,4,0,492,498,28616,3,0,0,3,-2
2020-09-11,US,Georgia,Lamar,341,17,0,33.07841647,-84.14263877,13171.0,1787.4927923677726,4.98533724340176,324,337,17,0,320,334,19000,4,0,0,4,3
2020-09-11,US,Georgia,Lanier,280,5,0,31.03828570000001,-83.06472457,13173.0,2686.3666890530562,1.7857142857142858,275,279,5,0,274,278,10340,1,0,0,1,1
2020-09-11,US,Georgia,Laurens,1468,54,0,32.46325233,-82.92221316,13175.0,3087.536280654524,3.678474114441417,1414,1463,54,0,1409,1455,47325,5,0,0,5,8
2020-09-11,US,Georgia,Lee,662,25,0,31.779330600000005,-84.14324253,13177.0,2207.2552680714857,3.776435045317221,637,662,25,0,637,658,29764,0,0,0,0,4
2020-09-11,US,Georgia,Liberty,989,19,0,31.82588896,-81.49251135,13179.0,1609.831529258566,1.9211324570273005,970,981,19,0,962,978,61497,8,0,0,8,3
2020-09-11,US,Georgia,Lincoln,201,7,0,33.79201475,-82.45024131,13181.0,2537.5583890922862,3.4825870646766166,194,201,7,0,194,201,7915,0,0,0,0,0
2020-09-11,US,Georgia,Long,204,3,0,31.75218791,-81.74952375,13183.0,1042.9981082877448,1.4705882352941178,201,198,3,0,195,197,18998,6,0,0,6,1
2020-09-11,US,Georgia,Lowndes,3674,72,0,30.83568832,-83.27056716,13185.0,3129.311960206463,1.95971692977681,3602,3652,72,0,3580,3618,116321,22,0,0,22,34
2020-09-11,US,Georgia,Lumpkin,800,12,0,34.57286511,-84.00425681,13187.0,2380.243975007438,1.5,788,795,12,0,783,790,32955,5,0,0,5,5
2020-09-11,US,Georgia,Macon,218,10,0,32.35207048,-84.04234127,13193.0,1683.7877500579284,4.587155963302751,208,217,10,0,207,214,13143,1,0,0,1,3
2020-09-11,US,Georgia,Madison,604,8,0,34.12920917,-83.21218732,13195.0,2021.4190093708166,1.3245033112582782,596,597,8,0,589,594,29650,7,0,0,7,3
2020-09-11,US,Georgia,Marion,178,7,0,32.3483402,-84.52733571,13197.0,2129.441320732145,3.9325842696629216,171,178,6,0,172,178,8351,0,1,0,-1,0
2020-09-11,US,Georgia,McDuffie,544,13,0,33.47851918,-82.48252774,13189.0,2552.552552552553,2.389705882352941,531,541,13,0,528,538,21531,3,0,0,3,3
2020-09-11,US,Georgia,McIntosh,271,7,0,31.49683595,-81.40163426,13191.0,1884.8240367227704,2.5830258302583027,264,269,7,0,262,266,14340,2,0,0,2,3
2020-09-11,US,Georgia,Meriwether,513,11,0,33.04163534,-84.68859732,13199.0,2423.58388056881,2.1442495126705654,502,510,11,0,499,508,21068,3,0,0,3,2
2020-09-11,US,Georgia,Miller,230,1,0,31.16568912,-84.73151117,13201.0,4022.3854494578522,0.43478260869565216,229,230,1,0,229,230,5686,0,0,0,0,0
2020-09-11,US,Georgia,Mitchell,744,45,0,31.22483255,-84.19381821,13205.0,3403.0096510085527,6.048387096774193,699,742,45,0,697,741,22192,2,0,0,2,1
2020-09-11,US,Georgia,Monroe,620,44,0,33.014289,-83.92097166,13207.0,2248.1688302269927,7.096774193548387,576,618,44,0,574,616,27520,2,0,0,2,2
2020-09-11,US,Georgia,Montgomery,253,5,0,32.17201038,-82.53527476,13209.0,2758.3951155691234,1.9762845849802368,248,250,4,0,246,250,9193,3,1,0,2,0
2020-09-11,US,Georgia,Morgan,446,2,0,33.59232073,-83.49129491,13211.0,2313.7580410873625,0.4484304932735426,444,442,2,0,440,441,18853,4,0,0,4,1
2020-09-11,US,Georgia,Murray,741,5,0,34.78897608,-84.74993177,13213.0,1848.0646448523544,0.6747638326585695,736,737,5,0,732,734,39921,4,0,0,4,3
2020-09-11,US,Georgia,Muscogee,5688,156,0,32.50931999,-84.87142262,13215.0,2905.465114497188,2.7426160337552736,5532,5678,154,0,5524,5653,194160,10,2,0,8,25
2020-09-11,US,Georgia,Newton,2418,74,0,33.55514538,-83.84547140000002,13217.0,2163.874570446736,3.0603804797353185,2344,2417,72,0,2345,2406,109541,1,2,0,-1,11
2020-09-11,US,Georgia,Oconee,650,22,0,33.83749973,-83.43679568,13219.0,1613.7040714995035,3.3846153846153846,628,640,21,0,619,635,39272,10,1,0,9,5
2020-09-11,US,Georgia,Oglethorpe,295,11,0,33.878629600000004,-83.08278123,13221.0,1933.2852742643688,3.7288135593220337,284,295,11,0,284,294,15054,0,0,0,0,1
2020-09-11,US,Georgia,Out of GA,16539,143,0,0.0,0.0,80013.0,0.0,0.8646230122740189,16396,16535,142,0,16393,16663,,4,1,0,3,-128
2020-09-11,US,Georgia,Paulding,2552,44,0,33.91969522,-84.86848792,13223.0,1513.0404880622766,1.7241379310344829,2508,2530,43,0,2487,2491,164044,22,1,0,21,39
2020-09-11,US,Georgia,Peach,607,19,0,32.56934316,-83.82937,13225.0,2203.5867276555578,3.1301482701812198,588,603,19,0,584,594,27297,4,0,0,4,9
2020-09-11,US,Georgia,Pickens,564,8,0,34.46589159,-84.46406611,13227.0,1730.5391058881287,1.4184397163120568,556,563,8,0,555,558,31980,1,0,0,1,5
2020-09-11,US,Georgia,Pierce,552,14,0,31.35928155,-82.21598442,13229.0,2835.859234523504,2.5362318840579707,538,544,14,0,530,543,19389,8,0,0,8,1
2020-09-11,US,Georgia,Pike,296,8,0,33.09310242,-84.38790389,13231.0,1561.016770382871,2.702702702702702,288,291,8,0,283,291,18634,5,0,0,5,0
2020-09-11,US,Georgia,Polk,1324,17,0,34.00267074,-85.18677781,13233.0,3107.0330650271044,1.2839879154078548,1307,1302,17,0,1285,1295,42470,22,0,0,22,7
2020-09-11,US,Georgia,Pulaski,289,11,0,32.23334561,-83.47549959999998,13235.0,2594.9537577444557,3.8062283737024223,278,279,11,0,268,279,11069,10,0,0,10,0
2020-09-11,US,Georgia,Putnam,654,22,0,33.32056115,-83.37552891,13237.0,2956.7340295673407,3.363914373088685,632,651,21,0,630,646,21809,3,1,0,2,5
2020-09-11,US,Georgia,Quitman,31,1,0,31.86728114,-85.01773177,13239.0,1348.4123531970422,3.2258064516129035,30,31,1,0,30,31,2279,0,0,0,0,0
2020-09-11,US,Georgia,Rabun,305,7,0,34.88389445,-83.40304637,13241.0,1779.7747563750945,2.295081967213114,298,305,7,0,298,301,16867,0,0,0,0,4
2020-09-11,US,Georgia,Randolph,325,27,0,31.76622818,-84.75732369,13243.0,4794.924756565359,8.307692307692307,298,325,27,0,298,322,6833,0,0,0,0,3
2020-09-11,US,Georgia,Richmond,6418,145,0,33.35777107,-82.07026432,13245.0,3169.1010181811,2.259270800872546,6273,6405,143,0,6262,6366,201554,13,2,0,11,39
2020-09-11,US,Georgia,Rockdale,1739,32,0,33.65145002,-84.02202167,13247.0,1913.1754972716074,1.8401380103507765,1707,1729,32,0,1697,1724,90594,10,0,0,10,5
2020-09-11,US,Georgia,Schley,101,2,0,32.2654021,-84.31258912,13249.0,1921.2478599961953,1.98019801980198,99,101,2,0,99,101,5236,0,0,0,0,0
2020-09-11,US,Georgia,Screven,332,9,0,32.74976524,-81.60779441,13251.0,2377.201775741085,2.710843373493976,323,327,9,0,318,327,13938,5,0,0,5,0
2020-09-11,US,Georgia,Seminole,318,8,0,30.93464824,-84.86823924,13253.0,3930.778739184178,2.5157232704402515,310,315,8,0,307,314,8315,3,0,0,3,1
2020-09-11,US,Georgia,Spalding,1240,54,0,33.26310031,-84.28013991,13255.0,1858.9868521655692,4.354838709677419,1186,1238,54,0,1184,1230,66100,2,0,0,2,8
2020-09-11,US,Georgia,Stephens,917,31,0,34.55151201,-83.29405315,13257.0,3537.1263259402117,3.380588876772083,886,914,30,0,884,909,26035,3,1,0,2,5
2020-09-11,US,Georgia,Stewart,403,12,0,32.07996777,-84.83208037,13259.0,6086.693852892312,2.977667493796526,391,402,12,0,390,386,6199,1,0,0,1,16
2020-09-11,US,Georgia,Sumter,895,60,0,32.03650571,-84.19821492,13261.0,3031.432055277063,6.70391061452514,835,893,60,0,833,893,29733,2,0,0,2,0
2020-09-11,US,Georgia,Talbot,156,5,0,32.69642758,-84.53351366,13263.0,2518.1598062953994,3.2051282051282053,151,155,5,0,150,155,6272,1,0,0,1,0
2020-09-11,US,Georgia,Taliaferro,19,0,0,33.56543317,-82.88136816,13265.0,1236.174365647365,0.0,19,19,0,0,19,19,1608,0,0,0,0,0
2020-09-11,US,Georgia,Tattnall,734,8,0,32.04785085,-82.05539188,13267.0,2902.792058846793,1.0899182561307903,726,724,8,0,716,722,25391,10,0,0,10,2
2020-09-11,US,Georgia,Taylor,175,8,0,32.55792548,-84.25077141,13269.0,2182.044887780549,4.571428571428571,167,174,8,0,166,169,8039,1,0,0,1,5
2020-09-11,US,Georgia,Telfair,365,15,0,31.92829517,-82.93491155,13271.0,2301.3871374527107,4.109589041095891,350,363,15,0,348,364,15876,2,0,0,2,-1
2020-09-11,US,Georgia,Terrell,324,31,0,31.77527543,-84.44069698,13273.0,3797.9134919704607,9.567901234567902,293,324,31,0,293,324,8611,0,0,0,0,0
2020-09-11,US,Georgia,Thomas,1418,58,0,30.86392347,-83.91847289,13275.0,3190.0294706530785,4.090267983074753,1360,1423,58,0,1365,1435,44448,-5,0,0,-5,-12
2020-09-11,US,Georgia,Tift,1623,52,0,31.45743864,-83.5236119,13277.0,3993.209329790375,3.203943314849045,1571,1612,52,0,1560,1596,40571,11,0,0,11,16
2020-09-11,US,Georgia,Toombs,1201,30,0,32.12059861,-82.32957247,13279.0,4476.332463660082,2.4979184013322238,1171,1197,30,0,1167,1178,26887,4,0,0,4,19
2020-09-11,US,Georgia,Towns,246,7,0,34.91369188,-83.74107459999998,13281.0,2043.6985959956799,2.845528455284553,239,244,7,0,237,240,11852,2,0,0,2,4
2020-09-11,US,Georgia,Treutlen,234,6,0,32.40422134,-82.56904553,13283.0,3390.812925662947,2.5641025641025643,228,232,6,0,226,233,6809,2,0,0,2,-1
2020-09-11,US,Georgia,Troup,2679,91,0,33.03349196,-85.02812115,13285.0,3831.412144961529,3.39678984695782,2588,2674,92,0,2582,2669,70034,5,-1,0,6,5
2020-09-11,US,Georgia,Turner,287,21,0,31.71612656,-83.62069378,13287.0,3594.239198497183,7.317073170731707,266,287,21,0,266,287,7912,0,0,0,0,0
2020-09-11,US,Georgia,Twiggs,173,7,0,32.67435595,-83.43078662,13289.0,2130.541871921182,4.0462427745664735,166,173,7,0,166,172,8188,0,0,0,0,1
2020-09-11,US,Georgia,Unassigned,2426,3,0,0.0,0.0,90013.0,0.0,0.1236603462489695,2423,2440,3,0,2437,2409,,-14,0,0,-14,31
2020-09-11,US,Georgia,Union,582,16,0,34.82995757,-83.98967069,13291.0,2374.4441271265964,2.7491408934707904,566,542,16,0,526,538,24001,40,0,0,40,4
2020-09-11,US,Georgia,Upson,701,59,0,32.87920671,-84.30024826,13293.0,2663.373860182371,8.41654778887304,642,699,59,0,640,693,26215,2,0,0,2,6
2020-09-11,US,Georgia,Walker,1235,26,0,34.73376362,-85.30165174,13295.0,1770.3301271484067,2.1052631578947367,1209,1215,26,0,1189,1179,69410,20,0,0,20,36
2020-09-11,US,Georgia,Walton,1649,50,0,33.78017694,-83.73552314,13297.0,1743.2579577770025,3.032140691328077,1599,1636,49,0,1587,1623,93503,13,1,0,12,13
2020-09-11,US,Georgia,Ware,1405,49,0,31.05449097,-82.42224148,13299.0,3931.8296300442157,3.487544483985765,1356,1394,49,0,1345,1389,35680,11,0,0,11,5
2020-09-11,US,Georgia,Warren,124,5,0,33.41146451,-82.67795848,13301.0,2360.106585458698,4.032258064516129,119,124,5,0,119,124,5251,0,0,0,0,0
2020-09-11,US,Georgia,Washington,635,7,0,32.96711864,-82.79357039,13303.0,3116.7173849023266,1.1023622047244095,628,634,7,0,627,631,20386,1,0,0,1,3
2020-09-11,US,Georgia,Wayne,1042,26,0,31.5521809,-81.91894878,13305.0,3481.8057272696888,2.4952015355086368,1016,1030,26,0,1004,1025,29808,12,0,0,12,5
2020-09-11,US,Georgia,Webster,42,2,0,32.04066113,-84.54742852,13307.0,1611.0471806674338,4.761904761904762,40,41,2,0,39,41,2611,1,0,0,1,0
2020-09-11,US,Georgia,Wheeler,305,11,0,32.12009104,-82.72574721,13309.0,3882.8771483131763,3.60655737704918,294,232,9,0,223,160,7879,73,2,0,71,72
2020-09-11,US,Georgia,White,639,17,0,34.64624278,-83.74905525,13311.0,2074.8100526008184,2.660406885758998,622,629,17,0,612,598,29970,10,0,0,10,31
2020-09-11,US,Georgia,Whitfield,4247,57,0,34.80987459,-84.96093476,13313.0,4059.1428680659096,1.342123852130916,4190,4217,55,0,4162,4177,104062,30,2,0,28,40
2020-09-11,US,Georgia,Wilcox,229,20,0,31.97496928,-83.43438555,13315.0,2651.997683844817,8.733624454148472,209,229,20,0,209,228,8812,0,0,0,0,1
2020-09-11,US,Georgia,Wilkes,244,3,0,33.78290391,-82.74286107,13317.0,2495.6530633118546,1.2295081967213115,241,241,3,0,238,239,9876,3,0,0,3,2
2020-09-11,US,Georgia,Wilkinson,309,17,0,32.80291082,-83.17140684,13319.0,3450.9716327898145,5.501618122977346,292,307,17,0,290,305,9036,2,0,0,2,2
2020-09-11,US,Georgia,Worth,514,29,0,31.55162306,-83.85090513,13321.0,2538.64770089396,5.642023346303503,485,517,29,0,488,516,20299,-3,0,0,-3,1
2020-09-11,US,Hawaii,Hawaii,562,3,0,19.60121157,-155.5210167,15001.0,278.89019566975827,0.5338078291814946,559,541,3,0,538,533,200983,21,0,0,21,8
2020-09-11,US,Hawaii,Honolulu,9446,83,0,21.45803166,-157.97121819999995,15003.0,969.2549378541972,0.8786788058437434,9363,9304,81,0,9223,9146,980080,142,2,0,140,158
2020-09-11,US,Hawaii,Kauai,58,0,0,22.03935037,-159.5966786,15007.0,80.2290678212275,0.0,58,58,0,0,58,58,72133,0,0,0,0,0
2020-09-11,US,Hawaii,Maui,367,9,0,20.86399628,-156.56890969999995,15009.0,219.2131026120406,2.4523160762942777,358,363,9,0,354,360,167207,4,0,0,4,3
2020-09-11,US,Hawaii,Out of HI,26,1,0,0.0,0.0,80015.0,0.0,3.8461538461538463,25,26,1,0,25,26,,0,0,0,0,0
2020-09-11,US,Idaho,Ada,11873,139,0,43.4526575,-116.24155159999998,16001.0,2465.390469427123,1.1707234902720458,11734,11823,138,0,11685,11750,469966,50,1,0,49,73
2020-09-11,US,Idaho,Adams,26,1,0,44.89333571,-116.4545247,16003.0,605.4960409874243,3.8461538461538463,25,26,1,0,25,26,4250,0,0,0,0,0
2020-09-11,US,Idaho,Bannock,737,4,0,42.67002716,-112.2233311,16005.0,839.3312682215743,0.5427408412483039,733,719,4,0,715,709,87138,18,0,0,18,10
2020-09-11,US,Idaho,Bear Lake,31,0,0,42.28269683,-111.32892379999998,16007.0,506.1224489795918,0.0,31,31,0,0,31,31,6050,0,0,0,0,0
2020-09-11,US,Idaho,Benewah,124,2,0,47.21754179,-116.6586851,16009.0,1333.6201333620133,1.6129032258064515,122,124,2,0,122,123,9226,0,0,0,0,1
2020-09-11,US,Idaho,Bingham,582,9,0,43.21672879999999,-112.3978437,16011.0,1243.2975155412191,1.5463917525773196,573,564,9,0,555,549,46236,18,0,0,18,15
2020-09-11,US,Idaho,Blaine,609,6,0,43.4085812,-113.9752658,16013.0,2645.4107119586465,0.9852216748768472,603,609,6,0,603,608,22601,0,0,0,0,1
2020-09-11,US,Idaho,Boise,65,1,0,43.98829931,-115.7309284,16015.0,830.0344783552548,1.5384615384615383,64,63,1,0,62,62,7634,2,0,0,2,1
2020-09-11,US,Idaho,Bonner,245,0,0,48.29996017,-116.6017932,16017.0,535.6479153457663,0.0,245,238,0,0,238,234,44727,7,0,0,7,4
2020-09-11,US,Idaho,Bonneville,2128,13,0,43.38713372,-111.6161537,16019.0,1787.3040936654852,0.6109022556390977,2115,2055,13,0,2042,2025,116854,73,0,0,73,30
2020-09-11,US,Idaho,Boundary,45,1,0,48.76684761,-116.4630179,16021.0,367.49693752552076,2.2222222222222223,44,45,1,0,44,45,11948,0,0,0,0,0
2020-09-11,US,Idaho,Butte,24,0,0,43.72592209,-113.1735463,16023.0,924.1432422025414,0.0,24,24,0,0,24,24,2611,0,0,0,0,0
2020-09-11,US,Idaho,Camas,4,0,0,43.46665742,-114.8065892,16025.0,361.6636528028933,0.0,4,4,0,0,4,4,1127,0,0,0,0,0
2020-09-11,US,Idaho,Canyon,7652,89,0,43.61970148,-116.70954990000001,16027.0,3329.1421759502973,1.1630946157867224,7563,7618,88,0,7530,7575,223499,34,1,0,33,43
2020-09-11,US,Idaho,Caribou,47,0,0,42.77149116,-111.5597683,16029.0,656.8832983927324,0.0,47,46,0,0,46,46,7060,1,0,0,1,0
2020-09-11,US,Idaho,Cassia,594,5,0,42.28347888,-113.6012409,16031.0,2471.9101123595506,0.8417508417508418,589,594,5,0,589,592,23864,0,0,0,0,2
2020-09-11,US,Idaho,Clark,24,0,0,44.28496071,-112.35057040000001,16033.0,2840.2366863905327,0.0,24,23,0,0,23,23,852,1,0,0,1,0
2020-09-11,US,Idaho,Clearwater,27,0,0,46.67459924,-115.6622393,16035.0,308.3599817268159,0.0,27,27,0,0,27,27,8758,0,0,0,0,0
2020-09-11,US,Idaho,Custer,54,0,0,44.24186819,-114.2855494,16037.0,1251.4484356894557,0.0,54,45,0,0,45,44,4280,9,0,0,9,1
2020-09-11,US,Idaho,Elmore,307,3,0,43.3507101,-115.4701578,16039.0,1115.917269455854,0.977198697068404,304,306,3,0,303,303,27259,1,0,0,1,3
2020-09-11,US,Idaho,Franklin,62,0,0,42.18332217,-111.81496659999999,16041.0,446.81464398962237,0.0,62,61,0,0,61,61,13726,1,0,0,1,0
2020-09-11,US,Idaho,Fremont,135,3,0,44.22800938,-111.48099429999999,16043.0,1030.6130238949538,2.2222222222222223,132,132,3,0,129,129,13168,3,0,0,3,3
2020-09-11,US,Idaho,Gem,255,2,0,44.06482372,-116.398376,16045.0,1407.9063604240282,0.7843137254901961,253,245,2,0,243,244,17634,10,0,0,10,1
2020-09-11,US,Idaho,Gooding,247,1,0,42.96927962,-114.81083059999999,16047.0,1627.248171816325,0.4048582995951417,246,247,1,0,246,245,15196,0,0,0,0,2
2020-09-11,US,Idaho,Idaho,54,0,0,45.84721541,-115.4634436,16049.0,323.99352012959736,0.0,54,51,0,0,51,50,16513,3,0,0,3,1
2020-09-11,US,Idaho,Jefferson,401,1,0,43.82078483,-112.3131749,16051.0,1342.4391550333098,0.2493765586034913,400,386,1,0,385,382,29439,15,0,0,15,4
2020-09-11,US,Idaho,Jerome,677,6,0,42.68891267,-114.2655033,16053.0,2773.226282156317,0.8862629246676514,671,676,6,0,670,661,24015,1,0,0,1,15
2020-09-11,US,Idaho,Kootenai,2335,32,0,47.67282258,-116.7020872,16055.0,1409.198718142151,1.3704496788008564,2303,2322,31,0,2291,2302,161505,13,1,0,12,20
2020-09-11,US,Idaho,Latah,273,0,0,46.81587887,-116.71136979999999,16057.0,680.6622120275258,0.0,273,267,0,0,267,265,40134,6,0,0,6,2
2020-09-11,US,Idaho,Lemhi,72,0,0,44.9438088,-113.9309747,16059.0,896.9727170798552,0.0,72,72,0,0,72,71,7961,0,0,0,0,1
2020-09-11,US,Idaho,Lewis,12,0,0,46.23315327,-116.434146,16061.0,312.66284523189165,0.0,12,11,0,0,11,11,3861,1,0,0,1,0
2020-09-11,US,Idaho,Lincoln,82,0,0,43.0012336,-114.1358773,16063.0,1528.140141632501,0.0,82,80,0,0,80,74,5360,2,0,0,2,6
2020-09-11,US,Idaho,Madison,331,1,0,43.78141028,-111.65384740000002,16065.0,829.4284210790088,0.3021148036253776,330,319,0,0,319,300,39304,12,1,0,11,19
2020-09-11,US,Idaho,Minidoka,584,7,0,42.85518524,-113.6357257,16067.0,2775.797328770379,1.1986301369863013,577,583,6,0,577,564,20825,1,1,0,0,19
2020-09-11,US,Idaho,Nez Perce,372,20,0,46.32638236,-116.75009750000001,16069.0,920.6097802415364,5.376344086021504,352,351,20,0,331,350,40408,21,0,0,21,1
2020-09-11,US,Idaho,Oneida,22,0,0,42.19494279999999,-112.5407838,16071.0,485.5440300154492,0.0,22,22,0,0,22,22,4488,0,0,0,0,0
2020-09-11,US,Idaho,Owyhee,317,5,0,42.58016894,-116.16938710000001,16073.0,2681.2145817474416,1.5772870662460567,312,316,5,0,311,316,11693,1,0,0,1,0
2020-09-11,US,Idaho,Payette,758,4,0,44.00545243,-116.7647695,16075.0,3164.7947893616133,0.5277044854881267,754,756,4,0,752,750,23551,2,0,0,2,6
2020-09-11,US,Idaho,Power,150,0,0,42.69254894,-112.83957420000002,16077.0,1952.8707199583387,0.0,150,150,0,0,150,146,7768,0,0,0,0,4
2020-09-11,US,Idaho,Shoshone,208,17,0,47.35364087,-115.89167490000001,16079.0,1614.656109299798,8.173076923076923,191,206,17,0,189,206,12796,2,0,0,2,0
2020-09-11,US,Idaho,Teton,139,0,0,43.75303583,-111.2056773,16081.0,1144.7866908252347,0.0,139,137,0,0,137,135,11640,2,0,0,2,2
2020-09-11,US,Idaho,Twin Falls,1862,35,0,42.35440512,-114.6685381,16083.0,2143.2353415133866,1.8796992481203008,1827,1840,35,0,1805,1818,86081,22,0,0,22,22
2020-09-11,US,Idaho,Unassigned,1,0,0,0.0,0.0,90016.0,0.0,0.0,1,2,0,0,2,1054,,-1,0,0,-1,-1052
2020-09-11,US,Idaho,Valley,86,1,0,44.76728382,-115.5676773,16085.0,754.9157303370787,1.162790697674419,85,86,1,0,85,86,11041,0,0,0,0,0
2020-09-11,US,Idaho,Washington,317,4,0,44.45275475,-116.78476880000001,16087.0,3109.672356288013,1.2618296529968454,313,315,4,0,311,311,10161,2,0,0,2,4
2020-09-11,US,Illinois,Adams,857,10,0,39.98815591,-91.18786813,17001.0,1309.696645526095,1.166861143523921,847,849,11,0,838,829,65691,8,-1,0,9,20
2020-09-11,US,Illinois,Alexander,56,1,0,37.18049267,-89.32910838,17003.0,972.0534629404616,1.7857142857142858,55,52,1,0,51,51,6060,4,0,0,4,1
2020-09-11,US,Illinois,Bond,223,4,0,38.88829622,-89.43534887,17005.0,1357.603798855473,1.7937219730941705,219,216,4,0,212,212,16630,7,0,0,7,4
2020-09-11,US,Illinois,Boone,953,23,0,42.32359279,-88.82345779,17007.0,1779.8446137755866,2.413431269674712,930,947,23,0,924,932,53577,6,0,0,6,15
2020-09-11,US,Illinois,Brown,26,0,0,39.96209138,-90.75068024,17009.0,395.2569169960474,0.0,26,25,0,0,25,25,6556,1,0,0,1,0
2020-09-11,US,Illinois,Bureau,482,9,0,41.40385234,-89.5283051,17011.0,1477.2587961260267,1.867219917012448,473,469,9,0,460,463,32993,13,0,0,13,6
2020-09-11,US,Illinois,Calhoun,33,0,0,39.16840183,-90.66330078,17013.0,696.3494408102977,0.0,33,33,0,0,33,33,4802,0,0,0,0,0
2020-09-11,US,Illinois,Carroll,157,4,0,42.06823429,-89.93395545,17015.0,1097.5183502271932,2.5477707006369426,153,156,4,0,152,151,14312,1,0,0,1,5
2020-09-11,US,Illinois,Cass,345,11,0,39.96991073,-90.24734436,17017.0,2840.207458631761,3.188405797101449,334,341,11,0,330,337,12260,4,0,0,4,4
2020-09-11,US,Illinois,Champaign,3876,20,0,40.13919438,-88.20046615,17019.0,1848.451754741545,0.5159958720330238,3856,3811,20,0,3791,3728,209983,65,0,0,65,83
2020-09-11,US,Illinois,Christian,291,9,0,39.54581621,-89.27780482,17021.0,900.8172362555721,3.0927835051546397,282,284,8,0,276,269,32661,7,1,0,6,15
2020-09-11,US,Illinois,Clark,125,2,0,39.33425789,-87.78705622,17023.0,809.5330613302248,1.6,123,123,2,0,121,122,15596,2,0,0,2,1
2020-09-11,US,Illinois,Clay,120,0,0,38.75388572,-88.48914513,17025.0,910.1941747572816,0.0,120,116,0,0,116,114,13253,4,0,0,4,2
2020-09-11,US,Illinois,Clinton,922,19,0,38.60704876,-89.42385254,17027.0,2454.6083808103936,2.0607375271149677,903,902,19,0,883,884,37639,20,0,0,20,18
2020-09-11,US,Illinois,Coles,1204,26,0,39.51949084,-88.22358557,17029.0,2378.459532605045,2.159468438538206,1178,1180,25,0,1155,1151,50885,24,1,0,23,29
2020-09-11,US,Illinois,Cook,133686,5112,0,41.84144849,-87.81658794,17031.0,2595.727222438286,3.823885822000808,128574,132963,5103,0,127860,132401,5180493,723,9,0,714,562
2020-09-11,US,Illinois,Crawford,216,1,0,39.0032229,-87.75954624,17033.0,1157.1221942465313,0.462962962962963,215,204,1,0,203,181,18807,12,0,0,12,23
2020-09-11,US,Illinois,Cumberland,176,4,0,39.27432424,-88.2401158,17035.0,1634.7761471298531,2.272727272727273,172,176,4,0,172,172,10808,0,0,0,0,4
2020-09-11,US,Illinois,De Witt,64,1,0,40.17514519,-88.90959682,17039.0,409.25949609924544,1.5625,63,62,1,0,61,61,15769,2,0,0,2,1
2020-09-11,US,Illinois,DeKalb,1298,36,0,41.89373302,-88.76958483,17037.0,1237.4043108954495,2.773497688751926,1262,1289,36,0,1253,1273,104143,9,0,0,9,16
2020-09-11,US,Illinois,Douglas,249,5,0,39.76768052,-88.21854195,17041.0,1279.219111225276,2.0080321285140563,244,247,5,0,242,242,19479,2,0,0,2,5
2020-09-11,US,Illinois,DuPage,15826,544,0,41.85116968,-88.08642662,17043.0,1714.7729870703993,3.437381524074308,15282,15704,540,0,15164,15592,928589,122,4,0,118,112
2020-09-11,US,Illinois,Edgar,99,3,0,39.6809186,-87.74759563,17045.0,576.8894586562552,3.0303030303030303,96,98,3,0,95,96,17360,1,0,0,1,2
2020-09-11,US,Illinois,Edwards,52,0,0,38.41353228,-88.05720863,17047.0,813.1352619233777,0.0,52,50,0,0,50,48,6392,2,0,0,2,2
2020-09-11,US,Illinois,Effingham,726,1,0,39.05935711,-88.58969584,17049.0,2134.791813690896,0.13774104683195593,725,703,1,0,702,680,34208,23,0,0,23,23
2020-09-11,US,Illinois,Fayette,243,3,0,39.00072038,-89.02452658,17051.0,1138.9201349831274,1.2345679012345678,240,227,3,0,224,217,21416,16,0,0,16,10
2020-09-11,US,Illinois,Ford,82,4,0,40.59706922,-88.22350769,17053.0,632.6672324666308,4.878048780487805,78,82,4,0,78,79,13264,0,0,0,0,3
2020-09-11,US,Illinois,Franklin,407,1,0,37.99189086,-88.92567818,17055.0,1057.9947490186903,0.2457002457002457,406,398,1,0,397,389,38701,9,0,0,9,9
2020-09-11,US,Illinois,Fulton,111,0,0,40.47289135,-90.20862357,17057.0,323.2382061735585,0.0,111,107,0,0,107,108,34844,4,0,0,4,-1
2020-09-11,US,Illinois,Gallatin,67,2,0,37.76430935,-88.22953869,17059.0,1387.738193869097,2.985074626865672,65,67,2,0,65,67,5058,0,0,0,0,0
2020-09-11,US,Illinois,Greene,182,2,0,39.35907414,-90.388865,17061.0,1403.3464415143806,1.0989010989010992,180,172,1,0,171,161,13044,10,1,0,9,11
2020-09-11,US,Illinois,Grundy,562,5,0,41.28569601,-88.41905692,17063.0,1100.7952364163434,0.8896797153024911,557,555,5,0,550,553,50972,7,0,0,7,2
2020-09-11,US,Illinois,Hamilton,50,0,0,38.08163641,-88.53883373,17065.0,616.0670280926565,0.0,50,49,0,0,49,49,8163,1,0,0,1,0
2020-09-11,US,Illinois,Hancock,170,2,0,40.40423981,-91.16313899,17067.0,960.018070928394,1.1764705882352942,168,167,2,0,165,164,17844,3,0,0,3,3
2020-09-11,US,Illinois,Hardin,24,0,0,37.51810645,-88.26873022,17069.0,628.1078251766553,0.0,24,24,0,0,24,23,3910,0,0,0,0,1
2020-09-11,US,Illinois,Henderson,59,0,0,40.81908672,-90.92491462,17071.0,887.7520312970207,0.0,59,57,0,0,57,57,6709,2,0,0,2,0
2020-09-11,US,Illinois,Henry,568,4,0,41.3533994,-90.13296166,17073.0,1161.2454766626456,0.7042253521126759,564,556,4,0,552,544,49090,12,0,0,12,12
2020-09-11,US,Illinois,Iroquois,327,19,0,40.74717633,-87.82466784,17075.0,1206.0190307590176,5.810397553516821,308,326,19,0,307,321,27604,1,0,0,1,5
2020-09-11,US,Illinois,Jackson,1120,24,0,37.78595185,-89.38232563,17077.0,1973.5682819383264,2.142857142857143,1096,1103,25,0,1078,1086,57419,17,-1,0,18,17
2020-09-11,US,Illinois,Jasper,175,7,0,39.01054275,-88.15437049,17079.0,1821.0197710718005,4.0,168,168,7,0,161,167,9611,7,0,0,7,1
2020-09-11,US,Illinois,Jefferson,504,37,0,38.29980057,-88.9240025,17081.0,1337.4376393164207,7.341269841269841,467,502,37,0,465,499,37820,2,0,0,2,3
2020-09-11,US,Illinois,Jersey,349,12,0,39.08869046,-90.35393073,17083.0,1602.902677628255,3.4383954154727787,337,333,11,0,322,326,21847,16,1,0,15,7
2020-09-11,US,Illinois,Jo Daviess,204,2,0,42.36542373,-90.21094405,17085.0,960.6781257358136,0.9803921568627452,202,200,2,0,198,200,21366,4,0,0,4,0
2020-09-11,US,Illinois,Johnson,128,0,0,37.45939802,-88.88165419,17087.0,1030.8448095353144,0.0,128,126,0,0,126,126,12456,2,0,0,2,0
2020-09-11,US,Illinois,Kane,11965,321,0,41.93842729,-88.42861412,17089.0,2247.357734648377,2.6828249059757625,11644,11888,319,0,11569,11826,534216,77,2,0,75,62
2020-09-11,US,Illinois,Kankakee,2475,72,0,41.13746989,-87.86205334,17091.0,2252.8262729606226,2.9090909090909087,2403,2467,72,0,2395,2435,110024,8,0,0,8,32
2020-09-11,US,Illinois,Kendall,1786,25,0,41.59081014,-88.42869583,17093.0,1384.6034576323746,1.3997760358342666,1761,1772,25,0,1747,1761,127915,14,0,0,14,11
2020-09-11,US,Illinois,Knox,511,3,0,40.93148779,-90.21330340000002,17095.0,1028.189702006077,0.5870841487279843,508,506,3,0,503,505,50112,5,0,0,5,1
2020-09-11,US,Illinois,LaSalle,1457,54,0,41.34426129999999,-88.88633881,17099.0,1340.7687564990936,3.706245710363761,1403,1429,54,0,1375,1419,109430,28,0,0,28,10
2020-09-11,US,Illinois,Lake,15583,477,0,42.3224907,-88.00367925,17097.0,2237.2170816972584,3.061028043380607,15106,15472,476,0,14996,15379,700832,111,1,0,110,93
2020-09-11,US,Illinois,Lawrence,210,0,0,38.71987914,-87.72884035,17101.0,1339.4565633371606,0.0,210,207,0,0,207,206,15765,3,0,0,3,1
2020-09-11,US,Illinois,Lee,294,1,0,41.74583951,-89.29977132,17103.0,862.2712341623651,0.3401360544217687,293,290,1,0,289,287,34223,4,0,0,4,3
2020-09-11,US,Illinois,Livingston,258,4,0,40.89188292,-88.55784752,17105.0,723.7432675044884,1.5503875968992251,254,253,4,0,249,245,35761,5,0,0,5,8
2020-09-11,US,Illinois,Logan,378,1,0,40.12581572,-89.36638784,17107.0,1320.8470193584458,0.2645502645502645,377,353,1,0,352,346,28925,25,0,0,25,7
2020-09-11,US,Illinois,Macon,1182,30,0,39.86064913,-88.96342505,17115.0,1136.4401157592129,2.538071065989848,1152,1162,29,0,1133,1139,104712,20,1,0,19,23
2020-09-11,US,Illinois,Macoupin,423,6,0,39.26119767,-89.92424028,17117.0,941.5483239104304,1.4184397163120568,417,418,6,0,412,410,45313,5,0,0,5,8
2020-09-11,US,Illinois,Madison,4780,117,0,38.83042506,-89.90422563,17119.0,1817.7254854239716,2.4476987447698746,4663,4693,115,0,4578,4631,264461,87,2,0,85,62
2020-09-11,US,Illinois,Marion,403,0,0,38.64963204,-88.91899208,17121.0,1083.1877435828515,0.0,403,387,0,0,387,375,37620,16,0,0,16,12
2020-09-11,US,Illinois,Marshall,63,0,0,41.0327901,-89.34510444,17123.0,550.795593635251,0.0,63,63,0,0,63,60,11534,0,0,0,0,3
2020-09-11,US,Illinois,Mason,103,1,0,40.23917274,-89.91824452,17125.0,771.0157945954038,0.9708737864077671,102,102,1,0,101,100,13565,1,0,0,1,2
2020-09-11,US,Illinois,Massac,78,1,0,37.22078441,-88.71036614,17127.0,566.3665408074354,1.2820512820512822,77,76,1,0,75,74,14080,2,0,0,2,2
2020-09-11,US,Illinois,McDonough,378,15,0,40.45674722,-90.67775541,17109.0,1273.4990903577925,3.968253968253968,363,371,15,0,356,352,29955,7,0,0,7,19
2020-09-11,US,Illinois,McHenry,4203,116,0,42.32451172,-88.45248227,17111.0,1365.6124298998614,2.759933380918392,4087,4176,116,0,4060,4161,308570,27,0,0,27,15
2020-09-11,US,Illinois,McLean,2827,18,0,40.48996987,-88.84621113,17113.0,1648.2331197490628,0.636717368234878,2809,2783,18,0,2765,2697,172828,44,0,0,44,86
2020-09-11,US,Illinois,Menard,92,0,0,40.02742725,-89.80246001,17129.0,754.3456871105278,0.0,92,91,0,0,91,85,12288,1,0,0,1,6
2020-09-11,US,Illinois,Mercer,114,5,0,41.20596782,-90.74290052,17131.0,738.4854570188509,4.385964912280701,109,113,5,0,108,113,15601,1,0,0,1,0
2020-09-11,US,Illinois,Monroe,564,15,0,38.27594376,-90.17761038,17133.0,1628.3165401160609,2.6595744680851063,549,558,15,0,543,551,34335,6,0,0,6,7
2020-09-11,US,Illinois,Montgomery,279,12,0,39.23198845,-89.47809254,17135.0,981.9103258956852,4.301075268817204,267,273,12,0,261,274,28601,6,0,0,6,-1
2020-09-11,US,Illinois,Morgan,584,21,0,39.71654544,-90.20255104,17137.0,1735.1001247845984,3.595890410958904,563,580,21,0,559,579,33976,4,0,0,4,1
2020-09-11,US,Illinois,Moultrie,187,3,0,39.64187451,-88.62099969,17139.0,1289.5662368112544,1.60427807486631,184,183,3,0,180,181,14717,4,0,0,4,2
2020-09-11,US,Illinois,Ogle,554,5,0,42.04165196,-89.32184679,17141.0,1093.9320340422169,0.9025270758122744,549,550,5,0,545,531,50923,4,0,0,4,19
2020-09-11,US,Illinois,Out of IL,1,0,0,0.0,0.0,80017.0,0.0,0.0,1,1,0,0,1,4,,0,0,0,0,-3
2020-09-11,US,Illinois,Peoria,2776,43,0,40.78702156,-89.76078901,17143.0,1549.288700126689,1.5489913544668588,2733,2755,42,0,2713,2712,180621,21,1,0,20,43
2020-09-11,US,Illinois,Perry,314,13,0,38.08510853,-89.36856219,17145.0,1501.2430675081278,4.140127388535031,301,311,13,0,298,309,21174,3,0,0,3,2
2020-09-11,US,Illinois,Piatt,102,0,0,40.01360584,-88.59319339,17147.0,624.0822320117475,0.0,102,102,0,0,102,99,16396,0,0,0,0,3
2020-09-11,US,Illinois,Pike,95,1,0,39.62265059,-90.8877017,17149.0,610.5006105006105,1.0526315789473684,94,93,1,0,92,85,15611,2,0,0,2,8
2020-09-11,US,Illinois,Pope,23,1,0,37.41391284,-88.56152109,17151.0,550.6344266219775,4.3478260869565215,22,23,1,0,22,23,4212,0,0,0,0,0
2020-09-11,US,Illinois,Pulaski,145,1,0,37.22631423,-89.13085001,17153.0,2717.900656044986,0.6896551724137931,144,144,1,0,143,140,5463,1,0,0,1,4
2020-09-11,US,Illinois,Putnam,28,0,0,41.2013541,-89.2869272,17155.0,487.8898762850672,0.0,28,27,0,0,27,26,5740,1,0,0,1,1
2020-09-11,US,Illinois,Randolph,833,8,0,38.05095369,-89.82512254,17157.0,2620.980429173746,0.9603841536614646,825,809,8,0,801,802,32106,24,0,0,24,7
2020-09-11,US,Illinois,Richland,99,4,0,38.71240969,-88.08475366,17159.0,638.1744343453877,4.040404040404041,95,99,4,0,95,96,15763,0,0,0,0,3
2020-09-11,US,Illinois,Rock Island,2558,67,0,41.46613806,-90.57042164,17161.0,1802.944762790829,2.6192337763878033,2491,2532,66,0,2466,2510,143477,26,1,0,25,22
2020-09-11,US,Illinois,Saline,200,3,0,37.75332999,-88.54119706,17165.0,851.3898940019583,1.5,197,194,3,0,191,191,23906,6,0,0,6,3
2020-09-11,US,Illinois,Sangamon,2078,42,0,39.75836914,-89.65872023,17167.0,1067.4365085888057,2.0211742059672764,2036,2049,42,0,2007,2030,195348,29,0,0,29,19
2020-09-11,US,Illinois,Schuyler,31,0,0,40.157179799999994,-90.61114163,17169.0,458.03782505910164,0.0,31,32,0,0,32,31,6907,-1,0,0,-1,1
2020-09-11,US,Illinois,Scott,58,0,0,39.642916899999996,-90.47814431,17171.0,1171.480508988083,0.0,58,53,0,0,53,53,4926,5,0,0,5,0
2020-09-11,US,Illinois,Shelby,289,3,0,39.39133527,-88.80611122,17173.0,1335.8602200240362,1.038062283737024,286,286,4,0,282,275,21741,3,-1,0,4,11
2020-09-11,US,Illinois,St. Clair,5924,178,0,38.46996033,-89.93063427,17163.0,2281.216546136488,3.0047265361242403,5746,5852,176,0,5676,5779,261059,72,2,0,70,73
2020-09-11,US,Illinois,Stark,41,1,0,41.09309773,-89.79745866,17175.0,767.502807937102,2.4390243902439024,40,40,1,0,39,41,5427,1,0,0,1,-1
2020-09-11,US,Illinois,Stephenson,417,6,0,42.35129217,-89.662598,17177.0,937.1207694727852,1.4388489208633093,411,409,6,0,403,403,44753,8,0,0,8,6
2020-09-11,US,Illinois,Tazewell,1336,12,0,40.50716185,-89.51404662,17179.0,1013.6339840519563,0.8982035928143712,1324,1323,11,0,1312,1301,132328,13,1,0,12,22
2020-09-11,US,Illinois,Unassigned,2140,232,0,0.0,0.0,90017.0,0.0,10.841121495327103,1908,1968,219,0,1749,1987,,172,13,0,159,-19
2020-09-11,US,Illinois,Union,460,24,0,37.47119609,-89.25548938,17181.0,2762.265057347025,5.217391304347826,436,455,24,0,431,451,16841,5,0,0,5,4
2020-09-11,US,Illinois,Vermilion,434,4,0,40.18417171,-87.73384359,17183.0,572.8767918899654,0.9216589861751152,430,425,4,0,421,409,76806,9,0,0,9,16
2020-09-11,US,Illinois,Wabash,130,1,0,38.44272901,-87.84922065,17185.0,1128.4722222222224,0.7692307692307693,129,125,1,0,124,123,11549,5,0,0,5,2
2020-09-11,US,Illinois,Warren,279,1,0,40.84925021,-90.6147432,17187.0,1656.3761576822608,0.35842293906810035,278,279,1,0,278,277,17032,0,0,0,0,2
2020-09-11,US,Illinois,Washington,148,1,0,38.35309213,-89.40982703,17189.0,1065.7449413120185,0.6756756756756757,147,145,1,0,144,142,13995,3,0,0,3,3
2020-09-11,US,Illinois,Wayne,171,3,0,38.42955355,-88.42586459,17191.0,1054.5790934320073,1.7543859649122806,168,164,2,0,162,152,16332,7,1,0,6,12
2020-09-11,US,Illinois,White,144,0,0,38.08706198,-88.17657461,17193.0,1063.751200413681,0.0,144,145,0,0,145,144,13665,-1,0,0,-1,1
2020-09-11,US,Illinois,Whiteside,624,19,0,41.75509713,-89.91556058,17195.0,1130.9469868599906,3.0448717948717947,605,609,19,0,590,599,55626,15,0,0,15,10
2020-09-11,US,Illinois,Will,12681,367,0,41.44619267,-87.97862712,17197.0,1835.8492232277415,2.8940935257471807,12314,12591,365,0,12226,12505,692310,90,2,0,88,86
2020-09-11,US,Illinois,Williamson,1126,26,0,37.73033511,-88.92994027,17199.0,1690.766851359671,2.3090586145648317,1100,1098,23,0,1075,1068,67056,28,3,0,25,30
2020-09-11,US,Illinois,Winnebago,4731,148,0,42.33641854,-89.16085327,17201.0,1674.2635505287146,3.128302684421898,4583,4661,148,0,4513,4609,284081,70,0,0,70,52
2020-09-11,US,Illinois,Woodford,338,4,0,40.78579374,-89.20973757,17203.0,878.8580046283055,1.183431952662722,334,332,4,0,328,332,38463,6,0,0,6,0
2020-09-11,US,Indiana,Adams,211,3,0,40.7457653,-84.93671406,18001.0,589.7643737596779,1.4218009478672986,208,210,3,0,207,209,35636,1,0,0,1,1
2020-09-11,US,Indiana,Allen,5519,189,0,41.09194313,-85.06800636,18003.0,1455.0526102098875,3.4245334299691974,5330,5463,187,0,5276,5411,375351,56,2,0,54,52
2020-09-11,US,Indiana,Bartholomew,1107,56,0,39.20744865,-85.89558181,18005.0,1321.3335083970924,5.058717253839205,1051,1098,56,0,1042,1097,82753,9,0,0,9,1
2020-09-11,US,Indiana,Benton,85,0,0,40.60626947,-87.31093999,18007.0,971.6506630086876,0.0,85,85,0,0,85,84,8653,0,0,0,0,1
2020-09-11,US,Indiana,Blackford,93,2,0,40.47388153,-85.32499702,18009.0,790.9508419799286,2.150537634408602,91,89,2,0,87,88,11930,4,0,0,4,1
2020-09-11,US,Indiana,Boone,912,46,0,40.0509304,-86.46841646,18011.0,1344.280176289374,5.0438596491228065,866,901,46,0,855,895,66999,11,0,0,11,6
2020-09-11,US,Indiana,Brown,92,3,0,39.19605589,-86.22868909,18013.0,609.5944871455075,3.260869565217391,89,91,3,0,88,91,15234,1,0,0,1,0
2020-09-11,US,Indiana,Carroll,262,13,0,40.580783200000006,-86.56198812,18015.0,1293.380066149973,4.961832061068702,249,263,13,0,250,262,20127,-1,0,0,-1,1
2020-09-11,US,Indiana,Cass,1900,9,0,40.76135835,-86.34830753,18017.0,5041.258722704239,0.4736842105263158,1891,1899,9,0,1890,1897,37955,1,0,0,1,2
2020-09-11,US,Indiana,Clark,1947,53,0,38.48015445,-85.70510334,18019.0,1645.787898767561,2.722136620441705,1894,1922,53,0,1869,1910,117360,25,0,0,25,12
2020-09-11,US,Indiana,Clay,269,5,0,39.39561833,-87.11723506,18021.0,1025.7387988560533,1.858736059479554,264,265,5,0,260,256,26170,4,0,0,4,9
2020-09-11,US,Indiana,Clinton,579,11,0,40.30319754,-86.47277257,18023.0,1787.0921942035247,1.8998272884283247,568,577,11,0,566,577,32250,2,0,0,2,0
2020-09-11,US,Indiana,Crawford,88,0,0,38.28814402,-86.44518825,18025.0,831.9939491349153,0.0,88,81,0,0,81,77,10558,7,0,0,7,4
2020-09-11,US,Indiana,Daviess,570,25,0,38.70186039,-87.07185406,18027.0,1709.094180084555,4.385964912280701,545,561,25,0,536,557,33147,9,0,0,9,4
2020-09-11,US,Indiana,DeKalb,393,8,0,41.39804622,-84.99906934,18033.0,903.9677975848188,2.0356234096692107,385,383,8,0,375,380,43226,10,0,0,10,3
2020-09-11,US,Indiana,Dearborn,602,28,0,39.14647946,-84.97333539,18029.0,1217.1943871567794,4.651162790697675,574,597,28,0,569,596,49568,5,0,0,5,1
2020-09-11,US,Indiana,Decatur,438,38,0,39.30712658,-85.50087166,18031.0,1649.1584773523098,8.67579908675799,400,433,38,0,395,433,26794,5,0,0,5,0
2020-09-11,US,Indiana,Delaware,1678,58,0,40.22787247,-85.39732772,18035.0,1470.1888114951596,3.456495828367104,1620,1641,58,0,1583,1613,114772,37,0,0,37,28
2020-09-11,US,Indiana,Dubois,896,17,0,38.36597551,-86.87924170000002,18037.0,2096.5930363159864,1.8973214285714288,879,889,17,0,872,887,42565,7,0,0,7,2
2020-09-11,US,Indiana,Elkhart,5937,103,0,41.59761169,-85.85875695,18039.0,2877.2759655133973,1.7348829375105272,5834,5898,102,0,5796,5874,205560,39,1,0,38,24
2020-09-11,US,Indiana,Fayette,393,13,0,39.63684962,-85.17797541,18041.0,1701.1514154618646,3.307888040712468,380,378,12,0,366,378,23047,15,1,0,14,0
2020-09-11,US,Indiana,Floyd,1184,59,0,38.32117957,-85.90385377,18043.0,1507.8576704617817,4.983108108108109,1125,1169,59,0,1110,1160,77781,15,0,0,15,9
2020-09-11,US,Indiana,Fountain,108,2,0,40.12361933,-87.24217689,18045.0,660.7121008197722,1.851851851851852,106,105,2,0,103,105,16351,3,0,0,3,0
2020-09-11,US,Indiana,Franklin,285,25,0,39.4142482,-85.06062647,18047.0,1252.3068810967573,8.771929824561402,260,283,25,0,258,283,22736,2,0,0,2,0
2020-09-11,US,Indiana,Fulton,217,2,0,41.0469907,-86.26252745,18049.0,1086.4123360368476,0.9216589861751152,215,216,2,0,214,215,20092,1,0,0,1,1
2020-09-11,US,Indiana,Gibson,367,4,0,38.30393723,-87.58054938,18051.0,1090.3473068124424,1.0899182561307903,363,361,4,0,357,355,33452,6,0,0,6,6
2020-09-11,US,Indiana,Grant,795,32,0,40.51587228,-85.65468702,18053.0,1208.7761711444602,4.0251572327044025,763,783,32,0,751,775,65936,12,0,0,12,8
2020-09-11,US,Indiana,Greene,387,35,0,39.03630547,-86.96223202,18055.0,1212.330054507863,9.043927648578814,352,383,35,0,348,383,32006,4,0,0,4,0
2020-09-11,US,Indiana,Hamilton,4369,107,0,40.07306535,-86.05244729,18057.0,1292.5614846854096,2.449073014419776,4262,4307,107,0,4200,4259,330086,62,0,0,62,48
2020-09-11,US,Indiana,Hancock,858,42,0,39.82304555,-85.77566351,18059.0,1097.6358612219835,4.895104895104895,816,856,42,0,814,850,76351,2,0,0,2,6
2020-09-11,US,Indiana,Harrison,526,24,0,38.19467379,-86.10948271,18061.0,1298.2845859558188,4.56273764258555,502,524,24,0,500,519,40350,2,0,0,2,5
2020-09-11,US,Indiana,Hendricks,2511,119,0,39.76719009,-86.51037283,18063.0,1474.3616090563733,4.739147749900439,2392,2488,118,0,2370,2480,167009,23,1,0,22,8
2020-09-11,US,Indiana,Henry,686,23,0,39.93029017,-85.39625719,18065.0,1430.000833819728,3.3527696793002915,663,673,23,0,650,668,48271,13,0,0,13,5
2020-09-11,US,Indiana,Howard,1189,62,0,40.48527731,-86.11351892,18067.0,1440.4438844737354,5.214465937762826,1127,1175,62,0,1113,1167,82366,14,0,0,14,8
2020-09-11,US,Indiana,Huntington,194,3,0,40.82907273,-85.48822092,18069.0,531.2157721796276,1.5463917525773196,191,192,3,0,189,187,36240,2,0,0,2,5
2020-09-11,US,Indiana,Jackson,719,9,0,38.90915820000001,-86.03851889,18071.0,1625.5567362257239,1.2517385257301807,710,718,9,0,709,714,44111,1,0,0,1,4
2020-09-11,US,Indiana,Jasper,362,2,0,41.02078733,-87.11553319,18073.0,1078.6007985221381,0.5524861878453039,360,355,2,0,353,351,33370,7,0,0,7,4
2020-09-11,US,Indiana,Jay,149,0,0,40.43781032,-85.00576229,18075.0,729.1055000978665,0.0,149,147,0,0,147,146,20764,2,0,0,2,1
2020-09-11,US,Indiana,Jefferson,227,3,0,38.78576239,-85.43633383,18077.0,702.6123560727992,1.3215859030837005,224,226,3,0,223,226,32208,1,0,0,1,0
2020-09-11,US,Indiana,Jennings,297,12,0,38.99588883,-85.62710784,18079.0,1070.8491076257435,4.040404040404041,285,293,12,0,281,290,27611,4,0,0,4,3
2020-09-11,US,Indiana,Johnson,2130,122,0,39.48994426,-86.10149107,18081.0,1346.6778784449348,5.727699530516433,2008,2115,122,0,1993,2105,156225,15,0,0,15,10
2020-09-11,US,Indiana,Knox,423,8,0,38.68861576,-87.4194665,18083.0,1155.9272011805215,1.8912529550827424,415,406,8,0,398,399,36895,17,0,0,17,7
2020-09-11,US,Indiana,Kosciusko,1127,17,0,41.24521668,-85.86312322,18085.0,1418.395086588804,1.5084294587400178,1110,1124,17,0,1107,1108,79344,3,0,0,3,16
2020-09-11,US,Indiana,LaGrange,621,11,0,41.64232188,-85.42674232,18087.0,1567.6276064017773,1.7713365539452497,610,620,11,0,609,618,39330,1,0,0,1,2
2020-09-11,US,Indiana,LaPorte,1293,37,0,41.54366008,-86.74072188,18091.0,1176.6525917297613,2.8615622583139984,1256,1271,37,0,1234,1254,110007,22,0,0,22,17
2020-09-11,US,Indiana,Lake,9732,307,0,41.41874274,-87.38277575,18089.0,2004.5603129190329,3.154541718043568,9425,9648,304,0,9344,9601,484411,84,3,0,81,47
2020-09-11,US,Indiana,Lawrence,486,27,0,38.84112637,-86.48361629,18093.0,1071.192417897289,5.5555555555555545,459,483,27,0,456,482,45668,3,0,0,3,1
2020-09-11,US,Indiana,Madison,1457,74,0,40.16143691,-85.71964711,18095.0,1124.4973720565877,5.078929306794784,1383,1443,74,0,1369,1432,129641,14,0,0,14,11
2020-09-11,US,Indiana,Marion,19549,754,0,39.78163624,-86.13826325,18097.0,2026.680987204821,3.8569747813187374,18795,19473,753,0,18720,19387,954670,76,1,0,75,86
2020-09-11,US,Indiana,Marshall,948,23,0,41.32467367,-86.26185087,18099.0,2049.375243201176,2.4261603375527425,925,942,23,0,919,938,46248,6,0,0,6,4
2020-09-11,US,Indiana,Martin,140,0,0,38.7099921,-86.80373186,18101.0,1365.1877133105802,0.0,140,132,0,0,132,131,10217,8,0,0,8,1
2020-09-11,US,Indiana,Miami,410,2,0,40.76940965,-86.04525048,18103.0,1154.409280324361,0.4878048780487805,408,403,2,0,401,399,35567,7,0,0,7,4
2020-09-11,US,Indiana,Monroe,1834,36,0,39.16130004,-86.52414358,18105.0,1235.5909479825646,1.9629225736095963,1798,1596,36,0,1560,1559,146917,238,0,0,238,37
2020-09-11,US,Indiana,Montgomery,485,21,0,40.04034823,-86.89335024,18107.0,1265.0633835880851,4.3298969072164954,464,474,21,0,453,472,38346,11,0,0,11,2
2020-09-11,US,Indiana,Morgan,635,36,0,39.47899078,-86.44573375,18109.0,900.8497779795428,5.669291338582678,599,633,36,0,597,631,70116,2,0,0,2,2
2020-09-11,US,Indiana,Newton,152,10,0,40.95610449,-87.39635768,18111.0,1086.9565217391305,6.578947368421053,142,151,10,0,141,151,14011,1,0,0,1,0
2020-09-11,US,Indiana,Noble,850,32,0,41.39672484,-85.41966713,18113.0,1780.328418230563,3.7647058823529416,818,844,32,0,812,841,47532,6,0,0,6,3
2020-09-11,US,Indiana,Ohio,75,7,0,38.955304999999996,-84.96515993,18115.0,1276.5957446808507,9.333333333333334,68,74,7,0,67,74,5844,1,0,0,1,0
2020-09-11,US,Indiana,Orange,263,24,0,38.54118920000001,-86.49523093,18117.0,1338.694899725135,9.125475285171104,239,263,24,0,239,261,19489,0,0,0,0,2
2020-09-11,US,Indiana,Owen,157,1,0,39.31145587,-86.83900724,18119.0,754.8439828837926,0.6369426751592356,156,156,1,0,155,156,20845,1,0,0,1,0
2020-09-11,US,Indiana,Parke,87,2,0,39.77202286,-87.20375833,18121.0,513.6683001712229,2.2988505747126435,85,84,2,0,82,82,16927,3,0,0,3,2
2020-09-11,US,Indiana,Perry,198,14,0,38.07809328,-86.63741946,18123.0,1032.9177317543954,7.070707070707071,184,198,14,0,184,198,19102,0,0,0,0,0
2020-09-11,US,Indiana,Pike,118,1,0,38.40112197,-87.23574907,18125.0,952.4578254903543,0.8474576271186439,117,116,1,0,115,114,12410,2,0,0,2,2
2020-09-11,US,Indiana,Porter,1886,43,0,41.45986947,-87.06848888,18127.0,1106.8789651914149,2.279957582184517,1843,1868,43,0,1825,1860,169594,18,0,0,18,8
2020-09-11,US,Indiana,Posey,265,0,0,38.02097333,-87.86480429,18129.0,1042.199237031502,0.0,265,255,0,0,255,242,25540,10,0,0,10,13
2020-09-11,US,Indiana,Pulaski,106,1,0,41.04166107,-86.69890683,18131.0,858.0911519468955,0.9433962264150944,105,105,1,0,104,105,12469,1,0,0,1,0
2020-09-11,US,Indiana,Putnam,477,8,0,39.66437981,-86.84517605,18133.0,1269.427294017458,1.6771488469601676,469,474,8,0,466,466,37779,3,0,0,3,8
2020-09-11,US,Indiana,Randolph,194,7,0,40.15734772,-85.01139319,18135.0,786.5396310561522,3.608247422680413,187,193,7,0,186,194,24851,1,0,0,1,-1
2020-09-11,US,Indiana,Ripley,262,8,0,39.10235626,-85.26212744,18137.0,925.0105917243327,3.053435114503817,254,259,8,0,251,256,28523,3,0,0,3,3
2020-09-11,US,Indiana,Rush,144,4,0,39.62002287,-85.4655599,18139.0,868.4639044689708,2.7777777777777777,140,142,4,0,138,141,16663,2,0,0,2,1
2020-09-11,US,Indiana,Scott,335,10,0,38.68672078,-85.74627859,18143.0,1403.2589117412977,2.985074626865672,325,328,10,0,318,327,23878,7,0,0,7,1
2020-09-11,US,Indiana,Shelby,642,29,0,39.52305623,-85.79158570000001,18145.0,1435.3104250039123,4.517133956386293,613,639,29,0,610,639,44593,3,0,0,3,0
2020-09-11,US,Indiana,Spencer,178,3,0,38.01519732,-87.0079644,18147.0,877.8418898259113,1.6853932584269662,175,176,3,0,173,176,20327,2,0,0,2,0
2020-09-11,US,Indiana,St. Joseph,5601,96,0,41.61756781,-86.29040834,18141.0,2060.5092963881307,1.713979646491698,5505,5556,96,0,5460,5541,270771,45,0,0,45,15
2020-09-11,US,Indiana,Starke,221,7,0,41.27890281,-86.64686895,18149.0,961.0784953250708,3.1674208144796383,214,218,7,0,211,218,22935,3,0,0,3,0
2020-09-11,US,Indiana,Steuben,325,7,0,41.64423868,-85.00101094,18151.0,939.4692721281148,2.1538461538461537,318,323,7,0,316,321,34586,2,0,0,2,2
2020-09-11,US,Indiana,Sullivan,316,11,0,39.08952258,-87.41414469,18153.0,1528.859644878804,3.4810126582278484,305,313,11,0,302,311,20690,3,0,0,3,2
2020-09-11,US,Indiana,Switzerland,65,0,0,38.82767338,-85.03022429,18155.0,604.5949214026602,0.0,65,65,0,0,65,65,10717,0,0,0,0,0
2020-09-11,US,Indiana,Tippecanoe,1902,13,0,40.38872739,-86.89413959,18157.0,971.7368646925388,0.6834910620399579,1889,1819,13,0,1806,1785,193048,83,0,0,83,34
2020-09-11,US,Indiana,Tipton,212,22,0,40.31123252,-86.05234925,18159.0,1399.524689728017,10.377358490566039,190,207,22,0,185,205,15128,5,0,0,5,2
2020-09-11,US,Indiana,Unassigned,0,224,0,0.0,0.0,90018.0,0.0,0.0,-224,0,224,0,-224,0,,0,0,0,0,0
2020-09-11,US,Indiana,Union,71,0,0,39.62550777,-84.92497066,18161.0,1006.5211227672244,0.0,71,71,0,0,71,70,7037,0,0,0,0,1
2020-09-11,US,Indiana,Vanderburgh,2932,23,0,38.02658833,-87.58763124,18163.0,1615.8632358047075,0.7844474761255116,2909,2876,23,0,2853,2813,180974,56,0,0,56,63
2020-09-11,US,Indiana,Vermillion,116,0,0,39.8523352,-87.46160542,18165.0,748.4836753129438,0.0,116,114,0,0,114,113,15479,2,0,0,2,1
2020-09-11,US,Indiana,Vigo,1626,19,0,39.42944561,-87.39169027,18167.0,1519.0866794970013,1.1685116851168509,1607,1600,19,0,1581,1566,107386,26,0,0,26,34
2020-09-11,US,Indiana,Wabash,237,7,0,40.84704239,-85.79328272,18169.0,764.6147890050328,2.9535864978902957,230,234,7,0,227,232,31280,3,0,0,3,2
2020-09-11,US,Indiana,Warren,38,1,0,40.34728141,-87.35602659,18171.0,459.7701149425288,2.631578947368421,37,38,1,0,37,38,8263,0,0,0,0,0
2020-09-11,US,Indiana,Warrick,922,31,0,38.08922676,-87.2716085,18173.0,1463.538525032541,3.362255965292841,891,900,31,0,869,877,62567,22,0,0,22,23
2020-09-11,US,Indiana,Washington,244,1,0,38.60219804,-86.1049363,18175.0,870.3096019403624,0.4098360655737705,243,243,1,0,242,243,27943,1,0,0,1,0
2020-09-11,US,Indiana,Wayne,686,13,0,39.863344399999995,-85.01044989,18177.0,1041.2239694007649,1.8950437317784257,673,676,12,0,664,662,65936,10,1,0,9,14
2020-09-11,US,Indiana,Wells,229,2,0,40.72934187,-85.22132966,18179.0,809.301668080294,0.8733624454148472,227,224,2,0,222,223,28206,5,0,0,5,1
2020-09-11,US,Indiana,White,465,13,0,40.74911165,-86.86492015,18181.0,1929.3004729897934,2.795698924731183,452,464,13,0,451,464,24133,1,0,0,1,0
2020-09-11,US,Indiana,Whitley,237,6,0,41.13863784,-85.50791236,18183.0,697.797668119185,2.5316455696202533,231,236,6,0,230,234,34074,1,0,0,1,2
2020-09-11,US,Iowa,Adair,56,1,0,41.33075609,-94.47105874,19001.0,782.9977628635347,1.7857142857142858,55,55,1,0,54,53,7063,1,0,0,1,2
2020-09-11,US,Iowa,Adams,25,0,0,41.02903567,-94.69932645,19003.0,694.0588561910049,0.0,25,23,0,0,23,23,3645,2,0,0,2,0
2020-09-11,US,Iowa,Allamakee,213,5,0,43.28383218,-91.37860922,19005.0,1556.22123182582,2.347417840375587,208,211,5,0,206,203,13832,2,0,0,2,8
2020-09-11,US,Iowa,Appanoose,108,3,0,40.74324454,-92.86865906,19007.0,869.1453404152584,2.7777777777777777,105,104,3,0,101,103,12437,4,0,0,4,1
2020-09-11,US,Iowa,Audubon,42,1,0,41.6844628,-94.90581859,19009.0,764.1921397379912,2.380952380952381,41,42,1,0,41,41,5506,0,0,0,0,1
2020-09-11,US,Iowa,Benton,236,1,0,42.08011739,-92.06463573,19011.0,920.2573601091832,0.42372881355932196,235,231,1,0,230,228,25642,5,0,0,5,3
2020-09-11,US,Iowa,Black Hawk,4145,81,0,42.4704581,-92.30524729,19013.0,3158.6246837565154,1.95416164053076,4064,4116,81,0,4035,4077,132408,29,0,0,29,39
2020-09-11,US,Iowa,Boone,402,5,0,42.03657094,-93.9313999,19015.0,1532.362582907677,1.243781094527363,397,397,5,0,392,390,26346,5,0,0,5,7
2020-09-11,US,Iowa,Bremer,416,7,0,42.77461496,-92.31795937,19017.0,1659.8834889474106,1.6826923076923077,409,412,7,0,405,400,24947,4,0,0,4,12
2020-09-11,US,Iowa,Buchanan,203,1,0,42.4709188,-91.83510825,19019.0,958.6776859504132,0.4926108374384237,202,202,1,0,201,199,21199,1,0,0,1,3
2020-09-11,US,Iowa,Buena Vista,1890,12,0,42.73545875,-95.15100162,19021.0,9633.02752293578,0.6349206349206349,1878,1874,12,0,1862,1863,19874,16,0,0,16,11
2020-09-11,US,Iowa,Butler,237,2,0,42.73172833,-92.79015971,19023.0,1641.387907749844,0.8438818565400844,235,235,2,0,233,233,14539,2,0,0,2,2
2020-09-11,US,Iowa,Calhoun,147,2,0,42.38521079,-94.64046046,19025.0,1520.4799338022342,1.3605442176870748,145,144,2,0,142,140,9699,3,0,0,3,4
2020-09-11,US,Iowa,Carroll,524,5,0,42.03617207,-94.86032705,19027.0,2598.5618646169105,0.9541984732824428,519,515,5,0,510,500,20154,9,0,0,9,15
2020-09-11,US,Iowa,Cass,120,2,0,41.33149454,-94.92792482,19029.0,934.8706762231224,1.6666666666666667,118,119,2,0,117,118,12930,1,0,0,1,1
2020-09-11,US,Iowa,Cedar,195,1,0,41.77233777,-91.13246684,19031.0,1046.8674504751168,0.5128205128205128,194,188,1,0,187,187,18627,7,0,0,7,1
2020-09-11,US,Iowa,Cerro Gordo,928,21,0,43.08177563,-93.2612239,19033.0,2186.101295641932,2.2629310344827585,907,920,21,0,899,909,42647,8,0,0,8,11
2020-09-11,US,Iowa,Cherokee,155,2,0,42.73538914,-95.62389402,19035.0,1379.6172674677348,1.2903225806451613,153,154,2,0,152,150,11321,1,0,0,1,4
2020-09-11,US,Iowa,Chickasaw,173,0,0,43.06001295,-92.31773347,19037.0,1449.7611665130316,0.0,173,166,0,0,166,155,11964,7,0,0,7,11
2020-09-11,US,Iowa,Clarke,249,3,0,41.02868181,-93.78499767,19039.0,2650.345928685471,1.2048192771084338,246,248,3,0,245,248,9423,1,0,0,1,0
2020-09-11,US,Iowa,Clay,251,3,0,43.08247182,-95.15096481,19041.0,1567.1828171828174,1.195219123505976,248,247,3,0,244,246,16134,4,0,0,4,1
2020-09-11,US,Iowa,Clayton,212,3,0,42.84443388,-91.34133693,19043.0,1208.0460425095446,1.4150943396226414,209,209,3,0,206,201,17556,3,0,0,3,8
2020-09-11,US,Iowa,Clinton,972,16,0,41.89981633,-90.53275096,19045.0,2093.51913674643,1.6460905349794241,956,959,15,0,944,949,46518,13,1,0,12,10
2020-09-11,US,Iowa,Crawford,889,4,0,42.03718237,-95.3819718,19047.0,5285.374554102259,0.4499437570303712,885,881,3,0,878,877,17158,8,1,0,7,4
2020-09-11,US,Iowa,Dallas,2556,38,0,41.68560356,-94.04127625,19049.0,2735.0646849218324,1.486697965571205,2518,2534,38,0,2496,2508,90180,22,0,0,22,26
2020-09-11,US,Iowa,Davis,106,4,0,40.74773536,-92.41005468,19051.0,1177.7777777777776,3.7735849056603774,102,103,4,0,99,101,9017,3,0,0,3,2
2020-09-11,US,Iowa,Decatur,53,0,0,40.73742757,-93.78645949,19053.0,673.443456162643,0.0,53,51,0,0,51,51,7890,2,0,0,2,0
2020-09-11,US,Iowa,Delaware,275,3,0,42.47104597,-91.3664492,19055.0,1616.6010228675564,1.0909090909090908,272,273,3,0,270,267,17069,2,0,0,2,6
2020-09-11,US,Iowa,Des Moines,676,6,0,40.92012606,-91.18326592,19057.0,1734.801242076629,0.8875739644970414,670,667,6,0,661,652,39138,9,0,0,9,15
2020-09-11,US,Iowa,Dickinson,448,6,0,43.37787725,-95.1510206,19059.0,2595.897554757214,1.3392857142857142,442,446,6,0,440,444,17153,2,0,0,2,2
2020-09-11,US,Iowa,Dubuque,2340,37,0,42.46815349,-90.88181925,19061.0,2404.661343527453,1.5811965811965811,2303,2292,37,0,2255,2263,96854,48,0,0,48,29
2020-09-11,US,Iowa,Emmet,235,9,0,43.37782951,-94.67858943,19063.0,2552.128583840139,3.8297872340425534,226,232,9,0,223,232,9253,3,0,0,3,0
2020-09-11,US,Iowa,Fayette,166,1,0,42.86271799,-91.84412309999999,19065.0,844.7837150127226,0.6024096385542169,165,164,1,0,163,164,19660,2,0,0,2,0
2020-09-11,US,Iowa,Floyd,259,3,0,43.06000529999999,-92.78940097,19067.0,1655.7984912415293,1.1583011583011582,256,252,3,0,249,245,15761,7,0,0,7,7
2020-09-11,US,Iowa,Franklin,318,17,0,42.73270384,-93.26256925,19069.0,3157.894736842105,5.345911949685536,301,316,17,0,299,314,10124,2,0,0,2,2
2020-09-11,US,Iowa,Fremont,64,0,0,40.74542720000001,-95.60129045,19071.0,919.5402298850572,0.0,64,63,0,0,63,63,6993,1,0,0,1,0
2020-09-11,US,Iowa,Greene,69,0,0,42.03614551,-94.39658081,19073.0,776.3276327632764,0.0,69,69,0,0,69,67,8981,0,0,0,0,2
2020-09-11,US,Iowa,Grundy,166,2,0,42.40183723,-92.78829551,19075.0,1357.0961412688032,1.2048192771084338,164,160,2,0,158,148,12304,6,0,0,6,12
2020-09-11,US,Iowa,Guthrie,196,5,0,41.68378965,-94.50111014,19077.0,1833.6607727570401,2.5510204081632653,191,188,5,0,183,183,10720,8,0,0,8,5
2020-09-11,US,Iowa,Hamilton,304,3,0,42.38382428,-93.70197703,19079.0,2057.808163541596,0.986842105263158,301,304,2,0,302,297,14952,0,1,0,-1,7
2020-09-11,US,Iowa,Hancock,168,2,0,43.08178477,-93.73454884,19081.0,1580.4327375352775,1.1904761904761905,166,166,2,0,164,164,10712,2,0,0,2,2
2020-09-11,US,Iowa,Hardin,257,1,0,42.38353877,-93.23654611,19083.0,1525.584708536151,0.3891050583657588,256,254,1,0,253,251,16868,3,0,0,3,3
2020-09-11,US,Iowa,Harrison,160,2,0,41.68330137,-95.81558439,19085.0,1138.8710940280448,1.25,158,158,2,0,156,157,14134,2,0,0,2,1
2020-09-11,US,Iowa,Henry,454,4,0,40.98767962,-91.54436349,19087.0,2275.23303598276,0.8810572687224669,450,451,4,0,447,448,20067,3,0,0,3,3
2020-09-11,US,Iowa,Howard,162,4,0,43.35671042,-92.31702714,19089.0,1768.9451845381088,2.469135802469136,158,162,3,0,159,160,9187,0,1,0,-1,2
2020-09-11,US,Iowa,Humboldt,163,2,0,42.7764426,-94.20722537,19091.0,1705.377694078259,1.2269938650306749,161,160,2,0,158,158,9547,3,0,0,3,2
2020-09-11,US,Iowa,Ida,65,0,0,42.38696136,-95.51355387,19093.0,947.5218658892128,0.0,65,60,0,0,60,55,6841,5,0,0,5,5
2020-09-11,US,Iowa,Iowa,153,1,0,41.68630265,-92.0643373,19095.0,945.3781512605043,0.6535947712418301,152,149,1,0,148,142,16141,4,0,0,4,7
2020-09-11,US,Iowa,Jackson,258,2,0,42.17178824,-90.57354837,19097.0,1327.2287669118782,0.7751937984496124,256,254,2,0,252,245,19432,4,0,0,4,9
2020-09-11,US,Iowa,Jasper,667,31,0,41.68576082,-93.05567785,19099.0,1793.7340325400028,4.6476761619190405,636,659,31,0,628,651,37147,8,0,0,8,8
2020-09-11,US,Iowa,Jefferson,126,1,0,41.03192394,-91.94849466,19101.0,688.7127630500137,0.7936507936507936,125,124,1,0,123,123,18381,2,0,0,2,1
2020-09-11,US,Iowa,Johnson,4766,26,0,41.67169354,-91.58754744,19103.0,3153.367738520577,0.5455308434746118,4740,4719,26,0,4693,4672,151260,47,0,0,47,47
2020-09-11,US,Iowa,Jones,212,3,0,42.12118609,-91.13139641,19105.0,1025.0954982834483,1.4150943396226414,209,206,3,0,203,199,20744,6,0,0,6,7
2020-09-11,US,Iowa,Keokuk,79,1,0,41.33649833,-92.1785067,19107.0,771.0325980870582,1.2658227848101269,78,78,1,0,77,78,10225,1,0,0,1,0
2020-09-11,US,Iowa,Kossuth,158,0,0,43.20405458,-94.20691791,19109.0,1066.6306622561265,0.0,158,149,0,0,149,141,14908,9,0,0,9,8
2020-09-11,US,Iowa,Lee,536,6,0,40.64181461,-91.48183025,19111.0,1592.5364708678726,1.1194029850746268,530,531,6,0,525,528,34055,5,0,0,5,3
2020-09-11,US,Iowa,Linn,3443,100,0,42.07923082,-91.59809485,19113.0,1518.70704789463,2.9044437990124887,3343,3396,100,0,3296,3330,225909,47,0,0,47,66
2020-09-11,US,Iowa,Louisa,403,14,0,41.21842119,-91.26102611,19115.0,3652.016311735387,3.4739454094292803,389,402,14,0,388,401,11169,1,0,0,1,1
2020-09-11,US,Iowa,Lucas,117,6,0,41.02958964,-93.32780803,19117.0,1360.4651162790694,5.128205128205129,111,115,6,0,109,112,8645,2,0,0,2,3
2020-09-11,US,Iowa,Lyon,180,3,0,43.38107862,-96.20926845,19119.0,1531.2632922160785,1.6666666666666667,177,179,3,0,176,172,11811,1,0,0,1,7
2020-09-11,US,Iowa,Madison,179,2,0,41.33081904,-94.01554631,19121.0,1095.6053372505814,1.11731843575419,177,176,2,0,174,174,16249,3,0,0,3,2
2020-09-11,US,Iowa,Mahaska,287,18,0,41.33521503,-92.64083907,19123.0,1298.936410952704,6.2717770034843205,269,276,18,0,258,272,22000,11,0,0,11,4
2020-09-11,US,Iowa,Marion,643,3,0,41.33445101,-93.09934783,19125.0,1933.660120891348,0.4665629860031104,640,621,3,0,618,610,33407,22,0,0,22,11
2020-09-11,US,Iowa,Marshall,1737,32,0,42.03586837,-92.99908190000001,19127.0,4412.100891564429,1.8422567645365573,1705,1732,32,0,1700,1725,39981,5,0,0,5,7
2020-09-11,US,Iowa,Mills,145,1,0,41.03299766,-95.61920963,19129.0,959.6928982725528,0.6896551724137931,144,139,1,0,138,139,15063,6,0,0,6,0
2020-09-11,US,Iowa,Mitchell,158,0,0,43.35638371,-92.78887719,19131.0,1492.5373134328354,0.0,158,152,0,0,152,146,10569,6,0,0,6,6
2020-09-11,US,Iowa,Monona,113,1,0,42.05220391,-95.95743843,19133.0,1311.6656993615786,0.8849557522123894,112,111,1,0,110,111,8679,2,0,0,2,0
2020-09-11,US,Iowa,Monroe,130,8,0,41.02988815,-92.8690667,19135.0,1686.7782535357467,6.153846153846153,122,125,8,0,117,124,7790,5,0,0,5,1
2020-09-11,US,Iowa,Montgomery,83,5,0,41.03018714,-95.15642896,19137.0,836.9466572552182,6.024096385542169,78,83,5,0,78,83,10003,0,0,0,0,0
2020-09-11,US,Iowa,Muscatine,1028,52,0,41.48370744,-91.11216970000001,19139.0,2409.525595349709,5.058365758754863,976,1022,52,0,970,1015,42929,6,0,0,6,7
2020-09-11,US,Iowa,O'Brien,246,8,0,43.08310673,-95.62474482,19141.0,1788.7006471315347,3.2520325203252027,238,237,8,0,229,234,13840,9,0,0,9,3
2020-09-11,US,Iowa,Osceola,102,0,0,43.37824276,-95.62422844,19143.0,1711.9838872104733,0.0,102,102,0,0,102,101,6040,0,0,0,0,1
2020-09-11,US,Iowa,Page,132,0,0,40.7393172,-95.1497813,19145.0,873.7671278215398,0.0,132,127,0,0,127,126,15249,5,0,0,5,1
2020-09-11,US,Iowa,Palo Alto,137,0,0,43.08193849,-94.67824621,19147.0,1541.7510690974564,0.0,137,131,0,0,131,129,8929,6,0,0,6,2
2020-09-11,US,Iowa,Plymouth,903,20,0,42.737633,-96.21366621,19149.0,3586.6068236882866,2.2148394241417497,883,885,20,0,865,868,25095,18,0,0,18,17
2020-09-11,US,Iowa,Pocahontas,143,2,0,42.73420133,-94.67862564,19151.0,2160.4471974618523,1.3986013986013983,141,141,2,0,139,140,6740,2,0,0,2,1
2020-09-11,US,Iowa,Polk,14472,251,0,41.68679484,-93.57767461,19153.0,2952.4992808485376,1.7343836373687118,14221,14332,248,0,14084,14219,487204,140,3,0,137,113
2020-09-11,US,Iowa,Pottawattamie,1767,36,0,41.33640314,-95.53907776,19155.0,1895.8006995257813,2.037351443123939,1731,1742,35,0,1707,1734,93533,25,1,0,24,8
2020-09-11,US,Iowa,Poweshiek,212,8,0,41.68625425,-92.53155731,19157.0,1145.6982274102895,3.7735849056603774,204,210,8,0,202,207,18699,2,0,0,2,3
2020-09-11,US,Iowa,Ringgold,35,2,0,40.73518949,-94.24368535,19159.0,715.1614221495711,5.7142857142857135,33,35,2,0,33,34,4968,0,0,0,0,1
2020-09-11,US,Iowa,Sac,137,0,0,42.38624071,-95.10547892,19161.0,1409.320028803621,0.0,137,132,0,0,132,129,9719,5,0,0,5,3
2020-09-11,US,Iowa,Scott,2490,25,0,41.63935978,-90.61959493,19163.0,1439.7807370058345,1.0040160642570282,2465,2441,25,0,2416,2409,173283,49,0,0,49,32
2020-09-11,US,Iowa,Shelby,229,1,0,41.6850066,-95.31015553,19165.0,1999.301554042256,0.4366812227074236,228,230,1,0,229,229,11578,-1,0,0,-1,1
2020-09-11,US,Iowa,Sioux,1054,3,0,43.08221074,-96.17675679999999,19167.0,3023.956390761727,0.2846299810246679,1051,1034,3,0,1031,1013,34909,20,0,0,20,21
2020-09-11,US,Iowa,Story,3090,17,0,42.03621213,-93.46499005,19169.0,3181.7292544044813,0.5501618122977346,3073,3039,16,0,3023,2992,98105,51,1,0,50,47
2020-09-11,US,Iowa,Tama,665,30,0,42.07991767,-92.53266945,19171.0,3945.650884063129,4.511278195488722,635,662,30,0,632,657,16904,3,0,0,3,5
2020-09-11,US,Iowa,Taylor,114,1,0,40.73710579,-94.69778563,19173.0,1862.4407776507107,0.8771929824561403,113,114,1,0,113,114,6191,0,0,0,0,0
2020-09-11,US,Iowa,Unassigned,20,0,0,0.0,0.0,90019.0,0.0,0.0,20,3,0,0,3,2,,17,0,0,17,1
2020-09-11,US,Iowa,Union,96,3,0,41.0277278,-94.24234847,19175.0,784.2496528061432,3.125,93,97,3,0,94,96,12359,-1,0,0,-1,1
2020-09-11,US,Iowa,Van Buren,108,1,0,40.75326764,-91.95017958,19177.0,1533.2197614991485,0.925925925925926,107,108,1,0,107,108,7020,0,0,0,0,0
2020-09-11,US,Iowa,Wapello,1176,56,0,41.03064984,-92.40954728,19179.0,3362.9786382224256,4.761904761904762,1120,1163,56,0,1107,1149,35205,13,0,0,13,14
2020-09-11,US,Iowa,Warren,891,6,0,41.33559454,-93.56007641,19181.0,1731.2400419694557,0.6734006734006734,885,880,6,0,874,869,51056,11,0,0,11,11
2020-09-11,US,Iowa,Washington,387,11,0,41.33577126,-91.71725711,19183.0,1761.8939221488733,2.842377260981912,376,378,11,0,367,377,22141,9,0,0,9,1
2020-09-11,US,Iowa,Wayne,71,2,0,40.73969028,-93.32752197,19185.0,1102.313305387362,2.8169014084507036,69,69,2,0,67,69,6401,2,0,0,2,0
2020-09-11,US,Iowa,Webster,1126,13,0,42.42853483,-94.17987389,19187.0,3136.140819964349,1.1545293072824157,1113,1115,13,0,1102,1087,36277,11,0,0,11,28
2020-09-11,US,Iowa,Winnebago,190,10,0,43.37751174,-93.73407298,19189.0,1835.039598222909,5.2631578947368425,180,188,10,0,178,180,10518,2,0,0,2,8
2020-09-11,US,Iowa,Winneshiek,256,5,0,43.29094334,-91.84422722,19191.0,1280.5762593166926,1.953125,251,252,5,0,247,249,20029,4,0,0,4,3
2020-09-11,US,Iowa,Woodbury,4471,58,0,42.38979414,-96.0459439,19193.0,4336.272028087326,1.2972489375978529,4413,4414,58,0,4356,4378,102539,57,0,0,57,36
2020-09-11,US,Iowa,Worth,94,0,0,43.37750768,-93.26087602,19195.0,1273.5401707085762,0.0,94,90,0,0,90,90,7453,4,0,0,4,0
2020-09-11,US,Iowa,Wright,536,1,0,42.73305373,-93.73515113,19197.0,4266.8364910046175,0.1865671641791045,535,532,1,0,531,528,12690,4,0,0,4,4
2020-09-11,US,Kansas,Allen,27,0,0,37.88582951,-95.30030847,20001.0,218.287654620422,0.0,27,26,0,0,26,26,12444,1,0,0,1,0
2020-09-11,US,Kansas,Anderson,47,0,0,38.21413251,-95.29272815,20003.0,598.1165691015526,0.0,47,47,0,0,47,47,7878,0,0,0,0,0
2020-09-11,US,Kansas,Atchison,281,1,0,39.53185661,-95.30870026,20005.0,1748.2735021464566,0.3558718861209965,280,281,1,0,280,281,16193,0,0,0,0,0
2020-09-11,US,Kansas,Barber,4,0,0,37.2288586,-98.68460053,20007.0,90.35464196973119,0.0,4,4,0,0,4,4,4472,0,0,0,0,0
2020-09-11,US,Kansas,Barton,353,5,0,38.47889676,-98.75636726,20009.0,1369.3316265177082,1.4164305949008498,348,335,5,0,330,335,26111,18,0,0,18,0
2020-09-11,US,Kansas,Bourbon,104,2,0,37.85508555,-94.84865997,20011.0,715.5635062611807,1.9230769230769231,102,100,2,0,98,100,14653,4,0,0,4,0
2020-09-11,US,Kansas,Brown,80,3,0,39.82652589,-95.56421698,20013.0,836.4700961940613,3.75,77,77,3,0,74,77,9598,3,0,0,3,0
2020-09-11,US,Kansas,Butler,470,3,0,37.78134351,-96.83878537,20015.0,702.4256101388412,0.6382978723404256,467,465,4,0,461,462,66765,5,-1,0,6,3
2020-09-11,US,Kansas,Chase,81,1,0,38.30292938,-96.59563862,20017.0,3058.912386706949,1.2345679012345678,80,81,1,0,80,81,2629,0,0,0,0,0
2020-09-11,US,Kansas,Chautauqua,12,0,0,37.14994405,-96.2454192,20019.0,369.23076923076917,0.0,12,11,0,0,11,11,3309,1,0,0,1,0
2020-09-11,US,Kansas,Cherokee,330,1,0,37.16928494,-94.8462897,20021.0,1655.0478960830533,0.30303030303030304,329,330,1,0,329,305,20015,0,0,0,0,25
2020-09-11,US,Kansas,Cheyenne,10,0,0,39.78580976,-101.7318201,20023.0,376.3643206624012,0.0,10,9,0,0,9,9,2660,1,0,0,1,0
2020-09-11,US,Kansas,Clark,47,1,0,37.23577007,-99.81883015,20025.0,2357.071213640923,2.127659574468085,46,47,1,0,46,47,2005,0,0,0,0,0
2020-09-11,US,Kansas,Clay,40,2,0,39.34948772,-97.16518128,20027.0,499.8750312421894,5.0,38,40,2,0,38,40,7997,0,0,0,0,0
2020-09-11,US,Kansas,Cloud,61,0,0,39.48028352,-97.64925343,20029.0,694.2863646710676,0.0,61,61,0,0,61,61,8729,0,0,0,0,0
2020-09-11,US,Kansas,Coffey,101,8,0,38.2365018,-95.73379515,20031.0,1234.8697884826995,7.920792079207921,93,97,8,0,89,97,8233,4,0,0,4,0
2020-09-11,US,Kansas,Comanche,9,0,0,37.19114520000001,-99.27113247,20033.0,529.4117647058823,0.0,9,9,0,0,9,9,1748,0,0,0,0,0
2020-09-11,US,Kansas,Cowley,284,3,0,37.23781842,-96.83776647,20035.0,813.567090638249,1.056338028169014,281,282,3,0,279,282,35218,2,0,0,2,0
2020-09-11,US,Kansas,Crawford,858,5,0,37.50675523,-94.85245778,20037.0,2210.3148024112525,0.5827505827505828,853,819,5,0,814,819,39019,39,0,0,39,0
2020-09-11,US,Kansas,Decatur,7,0,0,39.78468441,-100.45940809999999,20039.0,247.61230986911917,0.0,7,7,0,0,7,7,2871,0,0,0,0,0
2020-09-11,US,Kansas,Dickinson,91,1,0,38.86600962,-97.15532383,20041.0,492.79757391963614,1.0989010989010992,90,88,1,0,87,88,18717,3,0,0,3,0
2020-09-11,US,Kansas,Doniphan,89,0,0,39.79067154,-95.14056866,20043.0,1171.0526315789473,0.0,89,89,0,0,89,89,7682,0,0,0,0,0
2020-09-11,US,Kansas,Douglas,1826,10,0,38.88503636,-95.2925121,20045.0,1493.550577053632,0.547645125958379,1816,1795,9,0,1786,1775,121436,31,1,0,30,20
2020-09-11,US,Kansas,Edwards,34,0,0,37.88735543,-99.31263309,20047.0,1215.1536812008576,0.0,34,32,0,0,32,31,2849,2,0,0,2,1
2020-09-11,US,Kansas,Elk,1,0,0,37.45338105,-96.24369667,20049.0,39.52569169960474,0.0,1,1,0,0,1,1,2508,0,0,0,0,0
2020-09-11,US,Kansas,Ellis,678,1,0,38.91458712,-99.31751551,20051.0,2374.531572864498,0.14749262536873156,677,663,1,0,662,663,28710,15,0,0,15,0
2020-09-11,US,Kansas,Ellsworth,25,0,0,38.69677695,-98.20462799,20053.0,409.70173713536553,0.0,25,25,0,0,25,25,6196,0,0,0,0,0
2020-09-11,US,Kansas,Finney,1951,12,0,38.04340344,-100.73819379999999,20055.0,5350.042504181864,0.6150691952844695,1939,1935,12,0,1923,1922,36611,16,0,0,16,13
2020-09-11,US,Kansas,Ford,2468,10,0,37.69200114,-99.88825298,20057.0,7341.0868853921875,0.4051863857374392,2458,2435,10,0,2425,2435,33888,33,0,0,33,0
2020-09-11,US,Kansas,Franklin,278,3,0,38.56443815,-95.28644341,20059.0,1088.3181960538677,1.0791366906474822,275,276,3,0,273,276,25631,2,0,0,2,0
2020-09-11,US,Kansas,Geary,253,2,0,38.99871131,-96.7577178,20061.0,798.8632775497316,0.7905138339920948,251,252,2,0,250,250,32594,1,0,0,1,2
2020-09-11,US,Kansas,Gove,19,0,0,38.91588178,-100.4829321,20063.0,720.7890743550835,0.0,19,18,0,0,18,18,2612,1,0,0,1,0
2020-09-11,US,Kansas,Graham,29,1,0,39.34987223,-99.88332493,20065.0,1168.4125705076551,3.4482758620689653,28,29,1,0,28,28,2492,0,0,0,0,1
2020-09-11,US,Kansas,Grant,185,3,0,37.56227336,-101.3079758,20067.0,2587.4125874125875,1.6216216216216215,182,182,3,0,179,180,7336,3,0,0,3,2
2020-09-11,US,Kansas,Gray,117,0,0,37.73836671,-100.4369088,20069.0,1953.9078156312626,0.0,117,117,0,0,117,117,6033,0,0,0,0,0
2020-09-11,US,Kansas,Greeley,6,0,0,38.4808095,-101.8061079,20071.0,487.0129870129869,0.0,6,5,0,0,5,5,1227,1,0,0,1,0
2020-09-11,US,Kansas,Greenwood,45,0,0,37.8774388,-96.23250453,20073.0,752.2567703109328,0.0,45,45,0,0,45,33,6055,0,0,0,0,12
2020-09-11,US,Kansas,Hamilton,42,0,0,37.99978709,-101.7921066,20075.0,1654.1945647892871,0.0,42,42,0,0,42,42,2607,0,0,0,0,0
2020-09-11,US,Kansas,Harper,120,2,0,37.19175361,-98.07578384,20077.0,2207.5055187637968,1.6666666666666667,118,120,2,0,118,120,5506,0,0,0,0,0
2020-09-11,US,Kansas,Harvey,317,4,0,38.04293782,-97.42747573,20079.0,920.7354265299604,1.2618296529968454,313,313,4,0,309,313,34210,4,0,0,4,0
2020-09-11,US,Kansas,Haskell,88,1,0,37.562039399999996,-100.8710738,20081.0,2217.7419354838707,1.1363636363636365,87,88,1,0,87,88,3997,0,0,0,0,0
2020-09-11,US,Kansas,Hodgeman,19,0,0,38.08780079,-99.89829881,20083.0,1059.0858416945373,0.0,19,15,0,0,15,15,1818,4,0,0,4,0
2020-09-11,US,Kansas,Jackson,224,1,0,39.41673394,-95.79356799,20085.0,1700.7060967276593,0.44642857142857145,223,224,1,0,223,218,13280,0,0,0,0,6
2020-09-11,US,Kansas,Jefferson,145,0,0,39.2347941,-95.38289232,20087.0,761.4346479021162,0.0,145,145,0,0,145,140,18975,0,0,0,0,5
2020-09-11,US,Kansas,Jewell,14,1,0,39.78470589,-98.21820662,20089.0,486.2799583188608,7.142857142857142,13,14,1,0,13,14,2841,0,0,0,0,0
2020-09-11,US,Kansas,Johnson,9228,128,0,38.88548175,-94.82250877,20091.0,1531.8699670153271,1.387082791504118,9100,9118,128,0,8990,9023,597555,110,0,0,110,95
2020-09-11,US,Kansas,Kearny,78,1,0,38.00017981,-101.32168100000001,20093.0,2032.308494007296,1.2820512820512822,77,78,1,0,77,78,3943,0,0,0,0,0
2020-09-11,US,Kansas,Kingman,52,1,0,37.55909527,-98.13638678,20095.0,727.069351230425,1.9230769230769231,51,46,0,0,46,46,7310,6,1,0,5,0
2020-09-11,US,Kansas,Kiowa,15,0,0,37.55848695,-99.2856537,20097.0,606.060606060606,0.0,15,15,0,0,15,15,2516,0,0,0,0,0
2020-09-11,US,Kansas,Labette,204,4,0,37.19113093,-95.29849679,20099.0,1039.8613518197574,1.96078431372549,200,200,4,0,196,200,19964,4,0,0,4,0
2020-09-11,US,Kansas,Lane,10,0,0,38.48119447,-100.46607540000001,20101.0,651.4657980456027,0.0,10,8,0,0,8,8,1560,2,0,0,2,0
2020-09-11,US,Kansas,Leavenworth,1771,9,0,39.20183497,-95.03620809,20103.0,2166.148878397221,0.5081874647092038,1762,1743,9,0,1734,1743,81352,28,0,0,28,0
2020-09-11,US,Kansas,Lincoln,10,0,0,39.04549684,-98.20756994,20105.0,337.609723160027,0.0,10,10,0,0,10,10,3023,0,0,0,0,0
2020-09-11,US,Kansas,Linn,57,0,0,38.21267844,-94.84254089,20107.0,587.4471812841389,0.0,57,56,0,0,56,56,9750,1,0,0,1,0
2020-09-11,US,Kansas,Logan,6,0,0,38.91735806,-101.148475,20109.0,214.74588403722262,0.0,6,3,0,0,3,3,2844,3,0,0,3,0
2020-09-11,US,Kansas,Lyon,1032,19,0,38.45576156,-96.15275715,20111.0,3108.9019430637145,1.8410852713178292,1013,1020,19,0,1001,1012,33406,12,0,0,12,8
2020-09-11,US,Kansas,Marion,71,1,0,38.35855394,-97.09852509999999,20115.0,597.4419387411648,1.4084507042253518,70,71,1,0,70,71,11950,0,0,0,0,0
2020-09-11,US,Kansas,Marshall,17,0,0,39.78359669,-96.52278974,20117.0,175.13134851138355,0.0,17,18,0,0,18,18,9722,-1,0,0,-1,0
2020-09-11,US,Kansas,McPherson,255,1,0,38.39184858,-97.64769869,20113.0,893.4202228295143,0.392156862745098,254,255,1,0,254,240,28537,0,0,0,0,15
2020-09-11,US,Kansas,Meade,73,0,0,37.23859987,-100.36483100000001,20119.0,1810.0669476816265,0.0,73,67,0,0,67,67,4146,6,0,0,6,0
2020-09-11,US,Kansas,Miami,282,1,0,38.56383358,-94.83832189,20121.0,823.670298215381,0.3546099290780142,281,282,0,0,282,282,33680,0,1,0,-1,0
2020-09-11,US,Kansas,Mitchell,40,0,0,39.39331582,-98.20906732,20123.0,669.0081953503932,0.0,40,40,0,0,40,40,6150,0,0,0,0,0
2020-09-11,US,Kansas,Montgomery,289,5,0,37.19236568,-95.74329258,20125.0,907.9770021049986,1.7301038062283738,284,289,5,0,284,289,32120,0,0,0,0,0
2020-09-11,US,Kansas,Morris,24,0,0,38.68827511,-96.65128437,20127.0,427.0462633451957,0.0,24,23,0,0,23,23,5521,1,0,0,1,0
2020-09-11,US,Kansas,Morton,14,2,0,37.19141121,-101.79925190000002,20129.0,541.1673753382296,14.285714285714285,12,12,2,0,10,12,2667,2,0,0,2,0
2020-09-11,US,Kansas,Nemaha,62,1,0,39.78345387,-96.01392079,20131.0,606.0013683901867,1.6129032258064515,61,62,1,0,61,62,10155,0,0,0,0,0
2020-09-11,US,Kansas,Neosho,136,0,0,37.55862897,-95.30670046,20133.0,849.6282876241644,0.0,136,135,0,0,135,135,15951,1,0,0,1,0
2020-09-11,US,Kansas,Ness,56,1,0,38.47974157,-99.91547333,20135.0,2036.3636363636365,1.7857142857142858,55,40,1,0,39,40,2840,16,0,0,16,0
2020-09-11,US,Kansas,Norton,25,0,0,39.78443827,-99.90286639,20137.0,466.33090841260963,0.0,25,24,0,0,24,24,5430,1,0,0,1,0
2020-09-11,US,Kansas,Osage,77,0,0,38.65235984,-95.72707998,20139.0,482.788889585554,0.0,77,73,0,0,73,73,15941,4,0,0,4,0
2020-09-11,US,Kansas,Osborne,5,0,0,39.3503437,-98.76753828,20141.0,146.1560947091494,0.0,5,5,0,0,5,5,3475,0,0,0,0,0
2020-09-11,US,Kansas,Ottawa,48,0,0,39.13237408,-97.65020313,20143.0,841.5147265077139,0.0,48,48,0,0,48,48,5802,0,0,0,0,0
2020-09-11,US,Kansas,Pawnee,318,1,0,38.18108732,-99.23692334,20145.0,4957.904583723106,0.31446540880503143,317,318,1,0,317,318,6562,0,0,0,0,0
2020-09-11,US,Kansas,Phillips,68,8,0,39.78465501,-99.34668865,20147.0,1299.1975544516622,11.764705882352944,60,62,8,0,54,62,5317,6,0,0,6,0
2020-09-11,US,Kansas,Pottawatomie,188,0,0,39.37925655,-96.34564657,20149.0,771.0289956116968,0.0,188,183,0,0,183,183,24277,5,0,0,5,0
2020-09-11,US,Kansas,Pratt,58,0,0,37.64780729,-98.73922153,20151.0,632.9113924050632,0.0,58,54,0,0,54,54,9378,4,0,0,4,0
2020-09-11,US,Kansas,Rawlins,1,0,0,39.78525843,-101.07616170000001,20153.0,39.52569169960474,0.0,1,1,0,0,1,1,2508,0,0,0,0,0
2020-09-11,US,Kansas,Reno,834,3,0,37.95230263,-98.08607292,20155.0,1345.2046840220653,0.3597122302158273,831,832,2,0,830,824,62342,2,1,0,1,8
2020-09-11,US,Kansas,Republic,39,1,0,39.82799632,-97.65036709,20157.0,841.2424503882656,2.5641025641025643,38,38,0,0,38,38,4664,1,1,0,0,0
2020-09-11,US,Kansas,Rice,50,1,0,38.34616184,-98.19992118,20159.0,524.2738806752648,2.0,49,50,1,0,49,50,9531,0,0,0,0,0
2020-09-11,US,Kansas,Riley,1322,6,0,39.28935726,-96.73420026,20161.0,1780.9031145597587,0.453857791225416,1316,1313,6,0,1307,1313,73703,9,0,0,9,0
2020-09-11,US,Kansas,Rooks,41,0,0,39.35022773,-99.32484567,20163.0,833.3333333333335,0.0,41,40,0,0,40,40,5013,1,0,0,1,0
2020-09-11,US,Kansas,Rush,34,0,0,38.52275276,-99.30863983,20165.0,1119.8945981554677,0.0,34,29,0,0,29,29,3093,5,0,0,5,0
2020-09-11,US,Kansas,Russell,65,0,0,38.91462787,-98.76254297,20167.0,948.0746791131855,0.0,65,55,0,0,55,55,6907,10,0,0,10,0
2020-09-11,US,Kansas,Saline,567,9,0,38.78369175,-97.65185177,20169.0,1045.6624372971378,1.5873015873015872,558,544,9,0,535,544,54401,23,0,0,23,0
2020-09-11,US,Kansas,Scott,100,1,0,38.48222076,-100.90665390000001,20171.0,2073.3982998133943,1.0,99,100,1,0,99,99,4897,0,0,0,0,1
2020-09-11,US,Kansas,Sedgwick,7511,63,0,37.6842718,-97.4608198,20173.0,1455.5016839714594,0.8387698042870456,7448,7466,56,0,7410,7433,513607,45,7,0,38,33
2020-09-11,US,Kansas,Seward,1493,5,0,37.19324632,-100.85072009999999,20175.0,6967.519133843571,0.33489618218352313,1488,1493,5,0,1488,1464,21780,0,0,0,0,29
2020-09-11,US,Kansas,Shawnee,2415,27,0,39.04100763,-95.75572640000001,20177.0,1365.3710247349825,1.1180124223602483,2388,2406,27,0,2379,2388,177499,9,0,0,9,18
2020-09-11,US,Kansas,Sheridan,12,0,0,39.35018161,-100.44182590000001,20179.0,476.0015866719557,0.0,12,12,0,0,12,12,2533,0,0,0,0,0
2020-09-11,US,Kansas,Sherman,19,0,0,39.35147699,-101.71976240000001,20181.0,321.1086699340882,0.0,19,19,0,0,19,19,5899,0,0,0,0,0
2020-09-11,US,Kansas,Smith,5,0,0,39.78516566,-98.78566062,20183.0,139.54786491766677,0.0,5,5,0,0,5,5,3603,0,0,0,0,0
2020-09-11,US,Kansas,Stafford,49,1,0,38.03100851,-98.71762001,20185.0,1179.0182868142444,2.0408163265306123,48,43,1,0,42,43,4178,6,0,0,6,0
2020-09-11,US,Kansas,Stanton,48,2,0,37.56304714,-101.78435340000001,20187.0,2392.8215353938185,4.166666666666667,46,48,2,0,46,23,1987,0,0,0,0,25
2020-09-11,US,Kansas,Stevens,94,0,0,37.1923008,-101.3118967,20189.0,1713.7648131267092,0.0,94,86,0,0,86,84,5559,8,0,0,8,2
2020-09-11,US,Kansas,Sumner,155,3,0,37.23682549,-97.47721621,20191.0,678.7528463829043,1.935483870967742,152,153,3,0,150,153,22996,2,0,0,2,0
2020-09-11,US,Kansas,Thomas,84,0,0,39.35107575,-101.0553705,20193.0,1080.1080108010801,0.0,84,82,0,0,82,77,7711,2,0,0,2,5
2020-09-11,US,Kansas,Trego,42,3,0,38.91467218,-99.87284448,20195.0,1498.3945772386728,7.142857142857142,39,40,3,0,37,37,2793,2,0,0,2,3
2020-09-11,US,Kansas,Wabaunsee,65,1,0,38.95471985,-96.20350509,20197.0,937.8156110229404,1.5384615384615383,64,63,0,0,63,63,6899,2,1,0,1,0
2020-09-11,US,Kansas,Wallace,12,0,0,38.91686134,-101.76388759999999,20199.0,790.5138339920949,0.0,12,10,0,0,10,10,1503,2,0,0,2,0
2020-09-11,US,Kansas,Washington,16,0,0,39.78420784,-97.08753229999999,20201.0,295.96744358120606,0.0,16,16,0,0,16,16,5420,0,0,0,0,0
2020-09-11,US,Kansas,Wichita,5,0,0,38.48178252,-101.3471509,20203.0,235.96035865974517,0.0,5,5,0,0,5,5,2105,0,0,0,0,0
2020-09-11,US,Kansas,Wilson,47,0,0,37.55937174,-95.74323255,20205.0,551.3196480938417,0.0,47,47,0,0,47,44,8665,0,0,0,0,3
2020-09-11,US,Kansas,Woodson,12,0,0,37.8865336,-95.74006277,20207.0,382.4091778202677,0.0,12,12,0,0,12,12,3183,0,0,0,0,0
2020-09-11,US,Kansas,Wyandotte,6394,120,0,39.11727348,-94.76378225,20209.0,3865.102249303327,1.8767594619956207,6274,6360,119,0,6241,6317,165324,34,1,0,33,43
2020-09-11,US,Kentucky,Adair,281,19,0,37.10459774,-85.28129668,21001.0,1463.3892302885113,6.761565836298933,262,280,19,0,261,281,19215,1,0,0,1,-1
2020-09-11,US,Kentucky,Allen,267,9,0,36.75197631,-86.19457544,21003.0,1252.6389866291345,3.3707865168539324,258,265,9,0,256,263,21122,2,0,0,2,2
2020-09-11,US,Kentucky,Anderson,130,1,0,38.00671029,-84.99171713,21005.0,571.5039345847804,0.7692307692307693,129,127,1,0,126,124,22663,3,0,0,3,3
2020-09-11,US,Kentucky,Ballard,46,1,0,37.05842757,-88.99427697,21007.0,583.1643002028397,2.1739130434782608,45,46,1,0,45,45,7979,0,0,0,0,1
2020-09-11,US,Kentucky,Barren,554,12,0,36.96469836,-85.93338945,21009.0,1252.0056950439555,2.166064981949458,542,552,11,0,541,543,44176,2,1,0,1,9
2020-09-11,US,Kentucky,Bath,69,1,0,38.14735938,-83.74588932,21011.0,552.0,1.4492753623188406,68,69,1,0,68,69,12383,0,0,0,0,0
2020-09-11,US,Kentucky,Bell,445,10,0,36.73355174,-83.67766671,21013.0,1709.4345421020282,2.247191011235955,435,440,10,0,430,431,26569,5,0,0,5,9
2020-09-11,US,Kentucky,Boone,1398,25,0,38.97065142,-84.72615357,21015.0,1046.5560221887843,1.78826895565093,1373,1387,25,0,1362,1377,131533,11,0,0,11,10
2020-09-11,US,Kentucky,Bourbon,142,1,0,38.2054607,-84.21827874,21017.0,717.6066302809784,0.7042253521126759,141,136,1,0,135,134,20184,6,0,0,6,2
2020-09-11,US,Kentucky,Boyd,332,4,0,38.36176608,-82.68652187,21019.0,710.6468598827005,1.2048192771084338,328,315,4,0,311,302,47240,17,0,0,17,13
2020-09-11,US,Kentucky,Boyle,232,0,0,37.62680923,-84.8633779,21021.0,771.7897538256819,0.0,232,225,0,0,225,224,30100,7,0,0,7,1
2020-09-11,US,Kentucky,Bracken,37,0,0,38.69158994,-84.08532444,21023.0,445.6220643141034,0.0,37,37,0,0,37,37,8239,0,0,0,0,0
2020-09-11,US,Kentucky,Breathitt,66,0,0,37.52333168,-83.31959161,21025.0,522.5653206650832,0.0,66,66,0,0,66,58,12726,0,0,0,0,8
2020-09-11,US,Kentucky,Breckinridge,112,2,0,37.77377239,-86.42885017,21027.0,546.9551203789617,1.7857142857142858,110,108,2,0,106,106,20388,4,0,0,4,2
2020-09-11,US,Kentucky,Bullitt,718,8,0,37.97162523,-85.68955617,21029.0,879.0832068171802,1.1142061281337048,710,709,8,0,701,697,81069,9,0,0,9,12
2020-09-11,US,Kentucky,Butler,327,16,0,37.20946153,-86.68748787,21031.0,2539.017004425809,4.892966360856269,311,326,16,0,310,326,12772,1,0,0,1,0
2020-09-11,US,Kentucky,Caldwell,99,0,0,37.14749129,-87.86948214,21033.0,776.6533301953401,0.0,99,95,0,0,95,94,12715,4,0,0,4,1
2020-09-11,US,Kentucky,Calloway,478,8,0,36.62093411,-88.2731593,21035.0,1225.6095997538525,1.6736401673640169,470,462,8,0,454,454,39135,16,0,0,16,8
2020-09-11,US,Kentucky,Campbell,768,16,0,38.94384345,-84.37875208,21037.0,820.653103094546,2.083333333333333,752,756,16,0,740,750,93152,12,0,0,12,6
2020-09-11,US,Kentucky,Carlisle,66,1,0,36.85372876,-88.96692220000001,21039.0,1386.5546218487395,1.5151515151515151,65,64,1,0,63,64,4771,2,0,0,2,0
2020-09-11,US,Kentucky,Carroll,194,5,0,38.66599534,-85.12601074,21041.0,1824.8518483679807,2.5773195876288657,189,194,5,0,189,194,10737,0,0,0,0,0
2020-09-11,US,Kentucky,Carter,141,3,0,38.31690743,-83.05092385,21043.0,526.1783035414412,2.127659574468085,138,137,3,0,134,133,27004,4,0,0,4,4
2020-09-11,US,Kentucky,Casey,266,15,0,37.32533118,-84.92726209,21045.0,1646.1414691503187,5.639097744360902,251,262,15,0,247,262,15888,4,0,0,4,0
2020-09-11,US,Kentucky,Christian,979,14,0,36.89267803,-87.49055367,21047.0,1389.4210981961648,1.4300306435137895,965,936,13,0,923,922,71671,43,1,0,42,14
2020-09-11,US,Kentucky,Clark,282,8,0,37.9689263,-84.14615986,21049.0,777.6521523315778,2.8368794326241136,274,276,8,0,268,274,36249,6,0,0,6,2
2020-09-11,US,Kentucky,Clay,237,6,0,37.16451126,-83.712575,21051.0,1190.8949299030196,2.5316455696202533,231,237,6,0,231,233,20105,0,0,0,0,4
2020-09-11,US,Kentucky,Clinton,92,2,0,36.72581156,-85.13377529,21053.0,900.3718927383051,2.1739130434782608,90,81,2,0,79,79,10206,11,0,0,11,2
2020-09-11,US,Kentucky,Crittenden,96,1,0,37.35839237,-88.08826090000002,21055.0,1090.1657960481489,1.0416666666666667,95,94,1,0,93,91,8915,2,0,0,2,3
2020-09-11,US,Kentucky,Cumberland,90,0,0,36.78926125,-85.39050034,21057.0,1360.749924402782,0.0,90,90,0,0,90,90,6659,0,0,0,0,0
2020-09-11,US,Kentucky,Daviess,1101,12,0,37.73028906,-87.09019479999998,21059.0,1084.6115199338003,1.0899182561307903,1089,1090,12,0,1078,1072,101104,11,0,0,11,18
2020-09-11,US,Kentucky,Edmonson,120,12,0,37.21218923,-86.23955613,21061.0,987.6543209876544,10.0,108,120,12,0,108,120,12274,0,0,0,0,0
2020-09-11,US,Kentucky,Elliott,32,0,0,38.11624059,-83.09771563,21063.0,425.7017427165093,0.0,32,32,0,0,32,31,7508,0,0,0,0,1
2020-09-11,US,Kentucky,Estill,68,0,0,37.69241417,-83.95956369,21065.0,482.06436977172837,0.0,68,66,0,0,66,62,14198,2,0,0,2,4
2020-09-11,US,Kentucky,Fayette,4837,60,0,38.0368225,-84.45576892,21067.0,1496.8188344803687,1.2404382881951623,4777,4754,60,0,4694,4695,323780,83,0,0,83,59
2020-09-11,US,Kentucky,Fleming,75,0,0,38.36758311,-83.69657514,21069.0,514.3680131678211,0.0,75,75,0,0,75,74,14432,0,0,0,0,1
2020-09-11,US,Kentucky,Floyd,162,2,0,37.56213922,-82.74750924,21071.0,455.1968304813285,1.2345679012345678,160,159,2,0,157,158,35845,3,0,0,3,1
2020-09-11,US,Kentucky,Franklin,547,11,0,38.2379395,-84.87962551,21073.0,1072.7383263713205,2.010968921389397,536,536,11,0,525,526,50815,11,0,0,11,10
2020-09-11,US,Kentucky,Fulton,128,2,0,36.55238827,-89.20140068,21075.0,2144.4127994638966,1.5625,126,129,2,0,127,128,6120,-1,0,0,-1,1
2020-09-11,US,Kentucky,Gallatin,93,8,0,38.75398691,-84.8558382,21077.0,1048.59623407374,8.602150537634408,85,93,8,0,85,92,8832,0,0,0,0,1
2020-09-11,US,Kentucky,Garrard,133,3,0,37.638866799999995,-84.53289319,21079.0,752.8585984376767,2.255639097744361,130,132,3,0,129,132,17560,1,0,0,1,0
2020-09-11,US,Kentucky,Grant,144,6,0,38.64962758,-84.62415957,21081.0,574.4146156607762,4.166666666666667,138,145,6,0,139,145,25121,-1,0,0,-1,0
2020-09-11,US,Kentucky,Graves,682,29,0,36.72292505,-88.65143315,21083.0,1830.0864058391026,4.252199413489737,653,675,29,0,646,674,37317,7,0,0,7,1
2020-09-11,US,Kentucky,Grayson,332,13,0,37.46231118,-86.34248968,21085.0,1256.2909145949218,3.9156626506024095,319,318,13,0,305,305,26321,14,0,0,14,13
2020-09-11,US,Kentucky,Green,226,8,0,37.26484328,-85.5540745,21087.0,2065.624714377114,3.5398230088495577,218,219,8,0,211,212,11049,7,0,0,7,7
2020-09-11,US,Kentucky,Greenup,299,2,0,38.54332505,-82.9215658,21089.0,851.9003931847967,0.6688963210702341,297,290,2,0,288,280,35268,9,0,0,9,10
2020-09-11,US,Kentucky,Hancock,66,0,0,37.83766422,-86.78280584,21091.0,756.7071772529238,0.0,66,66,0,0,66,65,8758,0,0,0,0,1
2020-09-11,US,Kentucky,Hardin,1057,10,0,37.6976111,-85.96319251,21093.0,952.6127003010147,0.9460737937559128,1047,1023,10,0,1013,1010,110356,34,0,0,34,13
2020-09-11,US,Kentucky,Harlan,343,10,0,36.85699301,-83.21899516,21095.0,1318.723567858516,2.915451895043732,333,328,10,0,318,327,26409,15,0,0,15,1
2020-09-11,US,Kentucky,Harrison,164,0,0,38.44188174,-84.32869741,21097.0,868.368103356984,0.0,164,163,0,0,163,163,18778,1,0,0,1,0
2020-09-11,US,Kentucky,Hart,157,1,0,37.29943898,-85.88461055,21099.0,824.7964276333072,0.6369426751592356,156,156,1,0,155,152,18906,1,0,0,1,4
2020-09-11,US,Kentucky,Henderson,540,3,0,37.79344553,-87.57392021,21101.0,1194.4260119442602,0.5555555555555556,537,529,3,0,526,520,45591,11,0,0,11,9
2020-09-11,US,Kentucky,Henry,173,2,0,38.44942688,-85.11587507,21103.0,1072.8016867171027,1.1560693641618498,171,173,2,0,171,174,16106,0,0,0,0,-1
2020-09-11,US,Kentucky,Hickman,72,0,0,36.67948079999999,-88.97875928,21105.0,1643.835616438356,0.0,72,72,0,0,72,72,4421,0,0,0,0,0
2020-09-11,US,Kentucky,Hopkins,561,37,0,37.30939025,-87.54670406,21107.0,1255.4267555834042,6.595365418894831,524,551,36,0,515,547,45068,10,1,0,9,4
2020-09-11,US,Kentucky,Jackson,321,15,0,37.41866422,-83.99825483,21109.0,2408.282691874859,4.672897196261682,306,308,15,0,293,301,13442,13,0,0,13,7
2020-09-11,US,Kentucky,Jefferson,13445,285,0,38.18664655,-85.65931031,21111.0,1753.48904542117,2.1197471178876905,13160,13281,285,0,12996,13106,770517,164,0,0,164,175
2020-09-11,US,Kentucky,Jessamine,523,0,0,37.87119786,-84.58252003,21113.0,966.4603159937172,0.0,523,516,0,0,516,506,53920,7,0,0,7,10
2020-09-11,US,Kentucky,Johnson,135,1,0,37.85106355,-82.8264322,21115.0,608.4369929691725,0.7407407407407407,134,130,1,0,129,128,22386,5,0,0,5,2
2020-09-11,US,Kentucky,Kenton,1851,44,0,38.93950319,-84.53241199,21117.0,1108.3965077426076,2.3770934629929767,1807,1844,44,0,1800,1831,166051,7,0,0,7,13
2020-09-11,US,Kentucky,Knott,98,1,0,37.35388197,-82.94981134,21119.0,661.893826826962,1.020408163265306,97,97,1,0,96,96,15126,1,0,0,1,1
2020-09-11,US,Kentucky,Knox,392,9,0,36.89225732,-83.85403396,21121.0,1258.6289934178842,2.295918367346939,383,391,9,0,382,382,31304,1,0,0,1,9
2020-09-11,US,Kentucky,Larue,101,1,0,37.54567114,-85.70138352,21123.0,701.4863175441034,0.99009900990099,100,99,1,0,98,97,14307,2,0,0,2,2
2020-09-11,US,Kentucky,Laurel,677,5,0,37.10975748,-84.11321779,21125.0,1113.2488119316592,0.7385524372230429,672,668,5,0,663,653,60669,9,0,0,9,15
2020-09-11,US,Kentucky,Lawrence,53,0,0,38.07136018,-82.72882223,21127.0,346.02076124567475,0.0,53,51,0,0,51,47,15571,2,0,0,2,4
2020-09-11,US,Kentucky,Lee,14,0,0,37.59645942,-83.71513901,21129.0,189.11252195056062,0.0,14,14,0,0,14,13,7033,0,0,0,0,1
2020-09-11,US,Kentucky,Leslie,42,0,0,37.09246661,-83.37999606,21131.0,425.23033309709433,0.0,42,42,0,0,42,42,10143,0,0,0,0,0
2020-09-11,US,Kentucky,Letcher,87,2,0,37.12306748,-82.85346474,21133.0,403.65610355866926,2.2988505747126435,85,81,2,0,79,80,21899,6,0,0,6,1
2020-09-11,US,Kentucky,Lewis,202,14,0,38.53184419,-83.37735618,21135.0,1521.6572504708097,6.9306930693069315,188,201,14,0,187,199,13257,1,0,0,1,2
2020-09-11,US,Kentucky,Lincoln,157,12,0,37.45475628,-84.6565327,21137.0,639.5372520265591,7.643312101910827,145,151,11,0,140,150,24644,6,1,0,5,1
2020-09-11,US,Kentucky,Livingston,69,1,0,37.21137452,-88.34797529,21139.0,750.4894496410702,1.4492753623188406,68,66,1,0,65,64,9242,3,0,0,3,2
2020-09-11,US,Kentucky,Logan,473,26,0,36.85949479,-86.877635,21141.0,1745.2586524979706,5.496828752642706,447,466,26,0,440,461,26989,7,0,0,7,5
2020-09-11,US,Kentucky,Lyon,46,4,0,37.02080035,-88.07886257,21143.0,560.2923264311814,8.695652173913043,42,45,4,0,41,44,8009,1,0,0,1,1
2020-09-11,US,Kentucky,Madison,1363,4,0,37.71659336,-84.27220275,21151.0,1465.796294105627,0.293470286133529,1359,1316,4,0,1312,1268,92368,47,0,0,47,48
2020-09-11,US,Kentucky,Magoffin,74,0,0,37.70820545,-83.0657714,21153.0,608.5025902475126,0.0,74,71,0,0,71,71,12362,3,0,0,3,0
2020-09-11,US,Kentucky,Marion,199,7,0,37.55218078,-85.26898542,21155.0,1032.5325585015307,3.5175879396984926,192,195,6,0,189,192,19404,4,1,0,3,3
2020-09-11,US,Kentucky,Marshall,236,2,0,36.88007070000001,-88.32803576,21157.0,758.8424437299036,0.8474576271186439,234,225,2,0,223,222,31191,11,0,0,11,3
2020-09-11,US,Kentucky,Martin,61,2,0,37.79990579,-82.51247478,21159.0,544.8861098704779,3.278688524590164,59,61,2,0,59,61,11323,0,0,0,0,0
2020-09-11,US,Kentucky,Mason,118,2,0,38.59471935,-83.82151043,21161.0,691.2712360867018,1.6949152542372878,116,113,2,0,111,113,17150,5,0,0,5,0
2020-09-11,US,Kentucky,McCracken,594,6,0,37.05350953,-88.70445755,21145.0,908.006970558562,1.0101010101010102,588,579,6,0,573,572,65346,15,0,0,15,7
2020-09-11,US,Kentucky,McCreary,126,0,0,36.73874143,-84.48102924,21147.0,731.2402066043759,0.0,126,123,0,0,123,121,17408,3,0,0,3,2
2020-09-11,US,Kentucky,McLean,63,1,0,37.5301951,-87.26803443,21149.0,684.2619745845553,1.5873015873015872,62,63,1,0,62,62,9252,0,0,0,0,1
2020-09-11,US,Kentucky,Meade,146,3,0,37.96163597,-86.21028219,21163.0,510.9897802043959,2.054794520547945,143,143,3,0,140,140,28715,3,0,0,3,3
2020-09-11,US,Kentucky,Menifee,39,0,0,37.94090733,-83.59985712,21165.0,601.0171058714748,0.0,39,39,0,0,39,35,6451,0,0,0,0,4
2020-09-11,US,Kentucky,Mercer,152,1,0,37.81474237,-84.87488475,21167.0,693.0196507545708,0.6578947368421053,151,150,1,0,149,148,21774,2,0,0,2,2
2020-09-11,US,Kentucky,Metcalfe,92,2,0,36.99459295,-85.63123699,21169.0,913.5140502432727,2.1739130434782608,90,91,2,0,89,90,10030,1,0,0,1,1
2020-09-11,US,Kentucky,Monroe,181,4,0,36.71225341,-85.71596443,21171.0,1699.530516431925,2.209944751381216,177,176,4,0,172,175,10718,5,0,0,5,1
2020-09-11,US,Kentucky,Montgomery,217,1,0,38.03253032,-83.9145241,21173.0,770.6786944631883,0.4608294930875576,216,214,1,0,213,210,28203,3,0,0,3,4
2020-09-11,US,Kentucky,Morgan,50,0,0,37.92465657,-83.25558245,21175.0,375.68562626793886,0.0,50,51,0,0,51,51,13345,-1,0,0,-1,0
2020-09-11,US,Kentucky,Muhlenberg,688,11,0,37.21425819,-87.14632053,21177.0,2246.7507021095944,1.5988372093023255,677,688,11,0,677,681,30774,0,0,0,0,7
2020-09-11,US,Kentucky,Nelson,435,4,0,37.80335779,-85.4657193,21179.0,940.8863798585428,0.9195402298850576,431,419,4,0,415,412,45851,16,0,0,16,7
2020-09-11,US,Kentucky,Nicholas,29,1,0,38.33342292,-84.01889177,21181.0,398.95446416288354,3.4482758620689653,28,29,1,0,28,27,7166,0,0,0,0,2
2020-09-11,US,Kentucky,Ohio,407,9,0,37.47751843,-86.85368087,21183.0,1696.257397682754,2.211302211302211,398,403,9,0,394,403,24087,4,0,0,4,0
2020-09-11,US,Kentucky,Oldham,922,25,0,38.39791089,-85.448222,21185.0,1380.2601835356816,2.7114967462039044,897,909,24,0,885,886,66470,13,1,0,12,23
2020-09-11,US,Kentucky,Owen,87,2,0,38.51679143,-84.82404619,21187.0,798.0919181726448,2.2988505747126435,85,86,2,0,84,86,10880,1,0,0,1,0
2020-09-11,US,Kentucky,Owsley,37,1,0,37.42823949,-83.68811419,21189.0,838.0520951302377,2.702702702702702,36,37,1,0,36,37,4472,0,0,0,0,0
2020-09-11,US,Kentucky,Pendleton,76,0,0,38.69607718,-84.35599463,21191.0,520.904729266621,0.0,76,74,0,0,74,74,14529,2,0,0,2,0
2020-09-11,US,Kentucky,Perry,304,8,0,37.25023553,-83.22922731,21193.0,1180.215855268266,2.631578947368421,296,298,8,0,290,295,26092,6,0,0,6,3
2020-09-11,US,Kentucky,Pike,360,3,0,37.47088263,-82.39487445,21195.0,622.0194899440182,0.8333333333333334,357,356,3,0,353,354,58402,4,0,0,4,2
2020-09-11,US,Kentucky,Powell,85,0,0,37.83218794,-83.82553961,21197.0,687.7579092159558,0.0,85,85,0,0,85,84,12442,0,0,0,0,1
2020-09-11,US,Kentucky,Pulaski,675,8,0,37.10466131,-84.57629079,21199.0,1038.7971498484126,1.1851851851851851,667,649,7,0,642,640,64623,26,1,0,25,9
2020-09-11,US,Kentucky,Robertson,11,0,0,38.51923469,-84.05055616,21201.0,521.8216318785579,0.0,11,11,0,0,11,10,2135,0,0,0,0,1
2020-09-11,US,Kentucky,Rockcastle,151,1,0,37.36642393,-84.31176452,21203.0,904.462413896376,0.6622516556291391,150,147,1,0,146,146,16750,4,0,0,4,1
2020-09-11,US,Kentucky,Rowan,187,1,0,38.19484205,-83.42088935,21205.0,764.5134914145543,0.5347593582887701,186,187,1,0,186,187,24583,0,0,0,0,0
2020-09-11,US,Kentucky,Russell,218,6,0,36.99308373,-85.06070117,21207.0,1216.3142331082965,2.7522935779816518,212,214,6,0,208,206,17821,4,0,0,4,8
2020-09-11,US,Kentucky,Scott,668,8,0,38.29622293,-84.5816631,21209.0,1171.8475896428322,1.1976047904191616,660,658,8,0,650,649,56031,10,0,0,10,9
2020-09-11,US,Kentucky,Shelby,974,23,0,38.21476019,-85.194223,21211.0,1986.781984334204,2.3613963039014374,951,963,23,0,940,955,48518,11,0,0,11,8
2020-09-11,US,Kentucky,Simpson,245,7,0,36.74058474,-86.58047435,21213.0,1319.1901787637305,2.8571428571428568,238,243,7,0,236,240,18529,2,0,0,2,3
2020-09-11,US,Kentucky,Spencer,184,0,0,38.03223971,-85.32749335,21215.0,950.8552529585036,0.0,184,183,0,0,183,177,18794,1,0,0,1,6
2020-09-11,US,Kentucky,Taylor,234,5,0,37.3677562,-85.3329931,21217.0,908.0678334432846,2.1367521367521367,229,229,5,0,224,224,25549,5,0,0,5,5
2020-09-11,US,Kentucky,Todd,168,8,0,36.8381152,-87.17878374,21219.0,1366.5202537823332,4.761904761904762,160,167,6,0,161,165,12311,1,2,0,-1,2
2020-09-11,US,Kentucky,Trigg,128,0,0,36.80767017,-87.87333656,21221.0,873.6605009896936,0.0,128,125,0,0,125,118,14643,3,0,0,3,7
2020-09-11,US,Kentucky,Trimble,51,0,0,38.61056487,-85.33775972,21223.0,602.0540668161964,0.0,51,50,0,0,50,50,8515,1,0,0,1,0
2020-09-11,US,Kentucky,Union,193,1,0,37.66166713,-87.94300009,21225.0,1342.048536263125,0.5181347150259067,192,188,1,0,187,181,14505,5,0,0,5,7
2020-09-11,US,Kentucky,Warren,3870,33,0,36.99903045,-86.42672751,21227.0,2912.0515290151698,0.8527131782945736,3837,3800,33,0,3767,3728,131264,70,0,0,70,72
2020-09-11,US,Kentucky,Washington,138,1,0,37.75599461,-85.17407732,21229.0,1140.9673418768084,0.7246376811594203,137,136,1,0,135,134,12084,2,0,0,2,2
2020-09-11,US,Kentucky,Wayne,112,0,0,36.80310688,-84.8251971,21231.0,550.8287021098706,0.0,112,107,0,0,107,104,20468,5,0,0,5,3
2020-09-11,US,Kentucky,Webster,123,2,0,37.52168356,-87.67989953,21233.0,950.3940658321744,1.6260162601626016,121,121,2,0,119,120,13111,2,0,0,2,1
2020-09-11,US,Kentucky,Whitley,232,2,0,36.75700531,-84.14541217,21235.0,639.7529230090447,0.8620689655172413,230,229,2,0,227,229,36242,3,0,0,3,0
2020-09-11,US,Kentucky,Wolfe,30,0,0,37.73941626,-83.49303612,21237.0,419.17004331423783,0.0,30,30,0,0,30,29,7177,0,0,0,0,1
2020-09-11,US,Kentucky,Woodford,229,0,0,38.04178222,-84.7417556,21239.0,856.5871175282413,0.0,229,224,0,0,224,222,26533,5,0,0,5,2
2020-09-11,US,Louisiana,Acadia,2887,94,0,30.295064899999996,-92.41419698,22001.0,4653.0743814973,3.2559750606165565,2793,2877,94,0,2783,2876,62190,10,0,0,10,1
2020-09-11,US,Louisiana,Allen,1498,45,0,30.65385745,-92.82442028,22003.0,5845.39743239552,3.004005340453938,1453,1500,44,0,1456,1495,25605,-2,1,0,-3,5
2020-09-11,US,Louisiana,Ascension,3538,94,0,30.20406249,-90.91328409999998,22005.0,2794.540456857603,2.6568682871678915,3444,3512,94,0,3418,3497,124672,26,0,0,26,15
2020-09-11,US,Louisiana,Assumption,710,23,0,29.89946234,-91.06461642,22007.0,3243.342012699283,3.2394366197183104,687,699,23,0,676,699,22300,11,0,0,11,0
2020-09-11,US,Louisiana,Avoyelles,1398,49,0,31.07796211,-92.00079449,22009.0,3482.4631327221996,3.5050071530758227,1349,1399,47,0,1352,1396,40462,-1,2,0,-3,3
2020-09-11,US,Louisiana,Beauregard,964,36,0,30.64836518,-93.34173616,22011.0,2570.872336453583,3.734439834024896,928,959,34,0,925,961,37253,5,2,0,3,-2
2020-09-11,US,Louisiana,Bienville,441,32,0,32.34569994,-93.05398492,22013.0,3330.564156785741,7.256235827664399,409,435,32,0,403,433,13308,6,0,0,6,2
2020-09-11,US,Louisiana,Bossier,2894,101,0,32.67932307,-93.60460152,22015.0,2278.040601704988,3.4899792674498964,2793,2861,100,0,2761,2849,127185,33,1,0,32,12
2020-09-11,US,Louisiana,Caddo,7843,334,0,32.57991587,-93.88375652,22017.0,3265.141296564587,4.258574525054189,7509,7762,333,0,7429,7729,242922,81,1,0,80,33
2020-09-11,US,Louisiana,Calcasieu,7592,198,0,30.22931235,-93.35400434,22019.0,3731.886195167032,2.6080084299262385,7394,7580,197,0,7383,7549,203112,12,1,0,11,31
2020-09-11,US,Louisiana,Caldwell,294,3,0,32.0902519,-92.11752148,22021.0,2964.3073200241993,1.020408163265306,291,295,3,0,292,294,9960,-1,0,0,-1,1
2020-09-11,US,Louisiana,Cameron,209,1,0,29.87592238,-93.19310676,22023.0,2997.275204359673,0.4784688995215311,208,206,1,0,205,205,6968,3,0,0,3,1
2020-09-11,US,Louisiana,Catahoula,404,6,0,31.66778967,-91.84526385,22025.0,4255.31914893617,1.4851485148514851,398,401,6,0,395,398,9608,3,0,0,3,3
2020-09-11,US,Louisiana,Claiborne,457,16,0,32.82308512,-92.99526883,22027.0,2916.4007657945117,3.5010940919037203,441,456,16,0,440,460,15944,1,0,0,1,-4
2020-09-11,US,Louisiana,Concordia,488,11,0,31.44817835,-91.63814433,22029.0,2533.8802637727813,2.2540983606557377,477,487,10,0,477,488,19572,1,1,0,0,-1
2020-09-11,US,Louisiana,De Soto,846,34,0,32.05457447,-93.74130302,22031.0,3080.508320285475,4.018912529550828,812,840,34,0,806,837,27436,6,0,0,6,3
2020-09-11,US,Louisiana,East Baton Rouge,14507,430,0,30.53842039,-91.09777565,22033.0,3296.6034099972962,2.9640863031639904,14077,14421,427,0,13994,14380,440956,86,3,0,83,41
2020-09-11,US,Louisiana,East Carroll,534,3,0,32.73926954,-91.23425694,22035.0,7783.121993878443,0.5617977528089888,531,535,3,0,532,534,7037,-1,0,0,-1,1
2020-09-11,US,Louisiana,East Feliciana,1518,57,0,30.84425359,-91.04976723,22037.0,7933.106872223674,3.7549407114624502,1461,1475,54,0,1421,1462,19305,43,3,0,40,13
2020-09-11,US,Louisiana,Evangeline,1246,29,0,30.72985248,-92.39915924,22039.0,3731.09746968109,2.3274478330658104,1217,1228,29,0,1199,1228,33443,18,0,0,18,0
2020-09-11,US,Louisiana,Franklin,1135,34,0,32.13675181,-91.67589857,22041.0,5670.746939795154,2.995594713656388,1101,1135,33,0,1102,1132,20156,0,1,0,-1,3
2020-09-11,US,Louisiana,Grant,466,30,0,31.59882456,-92.56124347,22043.0,2081.3792487382198,6.437768240343348,436,459,30,0,429,456,22482,7,0,0,7,3
2020-09-11,US,Louisiana,Iberia,2826,89,0,29.86803617,-91.75871777,22045.0,4046.971215809824,3.1493276716206653,2737,2827,89,0,2738,2820,70941,-1,0,0,-1,7
2020-09-11,US,Louisiana,Iberville,1380,57,0,30.25734305,-91.3499598,22047.0,4244.717172649257,4.130434782608695,1323,1381,57,0,1324,1373,32721,-1,0,0,-1,8
2020-09-11,US,Louisiana,Jackson,551,23,0,32.30251776,-92.55692092,22049.0,3499.7459349593487,4.174228675136116,528,546,21,0,525,543,15902,5,2,0,3,3
2020-09-11,US,Louisiana,Jefferson,16974,559,0,29.74075478,-90.11115756,22051.0,3924.687798415234,3.2932720631554138,16415,16920,558,0,16362,16871,434051,54,1,0,53,49
2020-09-11,US,Louisiana,Jefferson Davis,1191,37,0,30.26896765,-92.81210004,22053.0,3796.8630451415456,3.1066330814441647,1154,1186,37,0,1149,1185,31582,5,0,0,5,1
2020-09-11,US,Louisiana,LaSalle,407,7,0,31.67884782,-92.15907765,22059.0,2733.011012624228,1.71990171990172,400,409,7,0,402,406,14917,-2,0,0,-2,3
2020-09-11,US,Louisiana,Lafayette,8612,116,0,30.2049055,-92.06959876,22055.0,3523.87577233111,1.3469577333952625,8496,8586,116,0,8470,8570,242782,26,0,0,26,16
2020-09-11,US,Louisiana,Lafourche,3404,118,0,29.52470226,-90.40976986,22057.0,3487.204704243244,3.466509988249119,3286,3400,115,0,3285,3387,98115,4,3,0,1,13
2020-09-11,US,Louisiana,Lincoln,1008,43,0,32.6003154,-92.66597409999999,22061.0,2156.518762568996,4.265873015873016,965,996,43,0,953,989,47196,12,0,0,12,7
2020-09-11,US,Louisiana,Livingston,3537,70,0,30.44143993,-90.73061664,22063.0,2512.27013474064,1.9790783149561773,3467,3517,69,0,3448,3514,139567,20,1,0,19,3
2020-09-11,US,Louisiana,Madison,848,8,0,32.36918118,-91.23973355,22065.0,7743.585060725048,0.9433962264150944,840,847,8,0,839,846,11161,1,0,0,1,1
2020-09-11,US,Louisiana,Morehouse,685,19,0,32.81686191,-91.80421614,22067.0,2753.8795529468516,2.7737226277372264,666,672,19,0,653,672,25398,13,0,0,13,0
2020-09-11,US,Louisiana,Natchitoches,1009,24,0,31.72321584,-93.09816516,22069.0,2644.2685675349867,2.3785926660059467,985,1001,24,0,977,997,38659,8,0,0,8,4
2020-09-11,US,Louisiana,Orleans,12125,584,0,30.06971951,-89.92660315,22071.0,3107.826853674541,4.8164948453608245,11541,12063,584,0,11479,12048,391006,62,0,0,62,15
2020-09-11,US,Louisiana,Ouachita,5782,137,0,32.47645559,-92.15704172,22073.0,3772.206238297484,2.36942234520927,5645,5755,135,0,5620,5741,154475,27,2,0,25,14
2020-09-11,US,Louisiana,Plaquemines,657,19,0,29.42245447,-89.60322085,22075.0,2832.262792602492,2.8919330289193304,638,659,19,0,640,645,23410,-2,0,0,-2,14
2020-09-11,US,Louisiana,Pointe Coupee,1006,39,0,30.71409502,-91.60209535,22077.0,4629.544408651634,3.8767395626242553,967,1003,38,0,965,1001,21940,3,1,0,2,2
2020-09-11,US,Louisiana,Rapides,3988,137,0,31.19778499,-92.52997303,22079.0,3076.0212267061584,3.43530591775326,3851,3961,136,0,3825,3947,130562,27,1,0,26,14
2020-09-11,US,Louisiana,Red River,341,20,0,32.09530039,-93.34213308,22081.0,4039.327173655532,5.865102639296187,321,338,20,0,318,338,8477,3,0,0,3,0
2020-09-11,US,Louisiana,Richland,728,10,0,32.41391005,-91.76634876,22083.0,3617.930623198489,1.3736263736263736,718,730,10,0,720,728,20192,-2,0,0,-2,2
2020-09-11,US,Louisiana,Sabine,798,14,0,31.56388699,-93.55433981,22085.0,3341.148886283704,1.7543859649122806,784,795,14,0,781,792,24032,3,0,0,3,3
2020-09-11,US,Louisiana,St. Bernard,1317,28,0,29.87761636,-89.51887093,22087.0,2787.6555753111506,2.1260440394836753,1289,1316,28,0,1288,1310,46721,1,0,0,1,6
2020-09-11,US,Louisiana,St. Charles,1720,58,0,29.90709658,-90.35555967,22089.0,3239.171374764595,3.3720930232558137,1662,1721,58,0,1663,1709,52879,-1,0,0,-1,12
2020-09-11,US,Louisiana,St. Helena,388,3,0,30.82210324,-90.71013176,22091.0,3829.4512435846814,0.7731958762886598,385,386,2,0,384,388,10262,2,1,0,1,-2
2020-09-11,US,Louisiana,St. James,783,38,0,30.02531716,-90.80212061,22093.0,3711.6040955631397,4.853128991060026,745,782,37,0,745,782,21037,1,1,0,0,0
2020-09-11,US,Louisiana,St. John the Baptist,1556,97,0,30.12597499,-90.4753503,22095.0,3632.373882391391,6.233933161953727,1459,1555,97,0,1458,1548,43184,1,0,0,1,7
2020-09-11,US,Louisiana,St. Landry,3220,116,0,30.59724262,-92.00135806,22097.0,3920.9001022843504,3.6024844720496896,3104,3205,116,0,3089,3209,82764,15,0,0,15,-4
2020-09-11,US,Louisiana,St. Martin,2037,58,0,30.13112107,-91.61403569,22099.0,3812.3935543036823,2.847324496809033,1979,2034,58,0,1976,2030,53621,3,0,0,3,4
2020-09-11,US,Louisiana,St. Mary,1812,75,0,29.69262097,-91.44702164,22101.0,3671.881332576802,4.139072847682119,1737,1807,74,0,1733,1808,49774,5,1,0,4,-1
2020-09-11,US,Louisiana,St. Tammany,6578,246,0,30.40942847,-89.95642711,22103.0,2525.9293676728657,3.7397385223472184,6332,6521,245,0,6276,6489,258111,57,1,0,56,32
2020-09-11,US,Louisiana,Tangipahoa,4255,108,0,30.62888673,-90.40664996,22105.0,3157.5119844461924,2.538190364277321,4147,4239,107,0,4132,4217,133777,16,1,0,15,22
2020-09-11,US,Louisiana,Tensas,155,1,0,32.00760749,-91.32915234,22107.0,3576.372865712968,0.6451612903225806,154,155,1,0,154,155,4462,0,0,0,0,0
2020-09-11,US,Louisiana,Terrebonne,3485,106,0,29.37343766,-90.82626855,22109.0,3154.9596690234557,3.0416068866571018,3379,3472,104,0,3368,3459,111021,13,2,0,11,13
2020-09-11,US,Louisiana,Unassigned,190,170,0,0.0,0.0,90022.0,0.0,89.47368421052632,20,191,170,0,21,193,,-1,0,0,-1,-2
2020-09-11,US,Louisiana,Union,898,41,0,32.83121059,-92.3749373,22111.0,4061.8780531934135,4.565701559020044,857,896,40,0,856,891,22330,2,1,0,1,5
2020-09-11,US,Louisiana,Vermilion,1967,53,0,29.83517605,-92.30292538,22113.0,3305.2712943825513,2.6944585663446867,1914,1962,50,0,1912,1958,59830,5,3,0,2,4
2020-09-11,US,Louisiana,Vernon,1001,43,0,31.10884837,-93.18153838,22115.0,2110.523097682852,4.295704295704296,958,996,43,0,953,996,48860,5,0,0,5,0
2020-09-11,US,Louisiana,Washington,1550,61,0,30.85288548,-90.03866652,22117.0,3355.414123046284,3.9354838709677415,1489,1543,60,0,1483,1534,46582,7,1,0,6,9
2020-09-11,US,Louisiana,Webster,1119,20,0,32.70847669,-93.33121835,22119.0,2918.622848200313,1.7873100983020551,1099,1109,20,0,1089,1104,38798,10,0,0,10,5
2020-09-11,US,Louisiana,West Baton Rouge,871,41,0,30.46058217,-91.30989571,22121.0,3291.139240506329,4.707233065442019,830,864,40,0,824,855,26427,7,1,0,6,9
2020-09-11,US,Louisiana,West Carroll,332,9,0,32.78550125,-91.461201,22123.0,3065.558633425669,2.710843373493976,323,332,9,0,323,329,10982,0,0,0,0,3
2020-09-11,US,Louisiana,West Feliciana,628,23,0,30.87882871,-91.41485379999999,22125.0,4033.915724563207,3.662420382165605,605,637,22,0,615,639,15460,-9,1,0,-10,-2
2020-09-11,US,Louisiana,Winn,586,17,0,31.94449367,-92.63789413,22127.0,4214.614499424626,2.901023890784983,569,582,17,0,565,581,14134,4,0,0,4,1
2020-09-11,US,Maine,Androscoggin,635,10,0,44.1664747,-70.20380627,23001.0,586.4588047323069,1.5748031496062993,625,631,10,0,621,625,107679,4,0,0,4,6
2020-09-11,US,Maine,Aroostook,40,1,0,46.65926321,-68.59841248,23003.0,59.65252404742375,2.5,39,40,1,0,39,40,67111,0,0,0,0,0
2020-09-11,US,Maine,Cumberland,2231,70,0,43.8370751,-70.37226999,23005.0,756.2634956254683,3.137606454504706,2161,2226,70,0,2156,2223,293557,5,0,0,5,3
2020-09-11,US,Maine,Franklin,53,1,0,44.97330019,-70.44381045,23007.0,175.5025000827842,1.8867924528301887,52,53,1,0,52,53,29897,0,0,0,0,0
2020-09-11,US,Maine,Hancock,52,1,0,44.59816444,-68.38401854,23009.0,94.56780693618492,1.9230769230769231,51,51,1,0,50,51,54811,1,0,0,1,0
2020-09-11,US,Maine,Kennebec,199,11,0,44.40759555,-69.76738544,23011.0,162.7119752743209,5.527638190954773,188,199,11,0,188,197,122083,0,0,0,0,2
2020-09-11,US,Maine,Knox,33,1,0,44.11486325,-69.10529169,23013.0,82.97294579100875,3.0303030303030303,32,33,1,0,32,33,39771,0,0,0,0,0
2020-09-11,US,Maine,Lincoln,36,1,0,44.05996956,-69.54227124,23015.0,103.94410117225848,2.7777777777777777,35,36,1,0,35,36,34342,0,0,0,0,0
2020-09-11,US,Maine,Oxford,80,0,0,44.49952995,-70.75682123,23017.0,137.9905131522208,0.0,80,75,0,0,75,75,57618,5,0,0,5,0
2020-09-11,US,Maine,Penobscot,251,6,0,45.40194593,-68.65020455,23019.0,164.9709493388017,2.3904382470119523,245,250,6,0,244,249,151096,1,0,0,1,1
2020-09-11,US,Maine,Piscataquis,8,0,0,45.83839062,-69.2860223,23021.0,47.66160262138814,0.0,8,8,0,0,8,8,16800,0,0,0,0,0
2020-09-11,US,Maine,Sagadahoc,62,0,0,43.95415864,-69.85074999,23023.0,172.91387773315483,0.0,62,62,0,0,62,62,35634,0,0,0,0,0
2020-09-11,US,Maine,Somerset,69,3,0,45.51229767,-69.95995554,23025.0,136.67696695982886,4.3478260869565215,66,69,3,0,66,63,50592,0,0,0,0,6
2020-09-11,US,Maine,Unassigned,1,0,0,0.0,0.0,90023.0,0.0,0.0,1,1,0,0,1,,,0,0,0,0,
2020-09-11,US,Maine,Waldo,73,14,0,44.4858305,-69.12061935,23027.0,183.809643711444,19.17808219178082,59,72,14,0,58,72,39694,1,0,0,1,0
2020-09-11,US,Maine,Washington,15,0,0,45.01607142,-67.62813524,23029.0,47.802670575862855,0.0,15,15,0,0,15,15,31490,0,0,0,0,0
2020-09-11,US,Maine,York,954,15,0,43.47808377,-70.71052375,23031.0,459.4468337178111,1.572327044025157,939,939,15,0,924,911,206229,15,0,0,15,28
2020-09-11,US,Maryland,Allegany,411,22,0,39.62357628,-78.69280486,24001.0,583.6741649625085,5.35279805352798,389,409,22,0,387,408,70975,2,0,0,2,1
2020-09-11,US,Maryland,Anne Arundel,8986,241,0,39.00670238,-76.60329337,24003.0,1551.3592088862188,2.6819496995326064,8745,8945,241,0,8704,8892,576031,41,0,0,41,53
2020-09-11,US,Maryland,Baltimore,16520,609,0,39.45784712,-76.62911955,24005.0,1996.6883014854293,3.6864406779661016,15911,16441,609,0,15832,16382,828431,79,0,0,79,59
2020-09-11,US,Maryland,Baltimore City,15162,472,0,39.30211911,-76.61151012,24510.0,2554.71869787191,3.1130457723255507,14690,15092,471,0,14621,15037,621342,70,1,0,69,55
2020-09-11,US,Maryland,Calvert,847,28,0,38.53961642,-76.56820632,24009.0,915.4282626317212,3.3057851239669422,819,843,28,0,815,838,92003,4,0,0,4,5
2020-09-11,US,Maryland,Caroline,584,3,0,38.87172293,-75.82904158,24011.0,1748.188948093157,0.5136986301369864,581,582,3,0,579,572,33304,2,0,0,2,10
2020-09-11,US,Maryland,Carroll,1820,123,0,39.56453592,-77.02373735,24013.0,1080.4585418558954,6.758241758241758,1697,1815,123,0,1692,1807,168429,5,0,0,5,8
2020-09-11,US,Maryland,Cecil,886,31,0,39.56647682,-75.94627411,24015.0,861.4068348646153,3.4988713318284423,855,878,31,0,847,862,102826,8,0,0,8,16
2020-09-11,US,Maryland,Charles,2536,95,0,38.51092331,-76.98580666,24017.0,1553.3790281580575,3.7460567823343847,2441,2517,95,0,2422,2503,161503,19,0,0,19,14
2020-09-11,US,Maryland,Dorchester,509,9,0,38.45413522,-76.02752426,24019.0,1594.162047041874,1.7681728880157166,500,505,8,0,497,502,31998,4,1,0,3,3
2020-09-11,US,Maryland,Frederick,3684,127,0,39.47296601,-77.39999394,24021.0,1419.3961016694473,3.447339847991314,3557,3664,127,0,3537,3642,255648,20,0,0,20,22
2020-09-11,US,Maryland,Garrett,66,1,0,39.52786077,-79.27355126,24023.0,227.47639070793412,1.5151515151515151,65,65,1,0,64,65,29163,1,0,0,1,0
2020-09-11,US,Maryland,Harford,2750,74,0,39.55010644,-76.30775940000002,24025.0,1076.5695405201202,2.6909090909090905,2676,2725,73,0,2652,2686,253956,25,1,0,24,39
2020-09-11,US,Maryland,Howard,4704,119,0,39.25305293,-76.93126208,24027.0,1444.3182167091406,2.5297619047619047,4585,4683,119,0,4564,4652,323196,21,0,0,21,31
2020-09-11,US,Maryland,Kent,279,24,0,39.24976208,-76.04741541,24029.0,1436.5152919369787,8.602150537634408,255,277,24,0,253,277,19383,2,0,0,2,0
2020-09-11,US,Maryland,Montgomery,20993,833,0,39.13676329,-77.20358245,24031.0,1998.0241517938723,3.9679893297765916,20160,20893,832,0,20061,20838,1052567,100,1,0,99,55
2020-09-11,US,Maryland,Prince George's,27439,807,0,38.83070039,-76.8496441,24033.0,3017.50635359997,2.941069280950472,26632,27245,806,0,26439,27163,909308,194,1,0,193,82
2020-09-11,US,Maryland,Queen Anne's,599,26,0,39.06198912,-76.03530977,24035.0,1188.9402751037096,4.340567612687813,573,595,26,0,569,591,50251,4,0,0,4,4
2020-09-11,US,Maryland,Somerset,211,4,0,38.1163542,-75.75118623,24039.0,823.7039350405996,1.895734597156398,207,210,4,0,206,209,25675,1,0,0,1,1
2020-09-11,US,Maryland,St. Mary's,1170,57,0,38.30058422,-76.60629279999998,24037.0,1030.7461897630164,4.871794871794871,1113,1165,57,0,1108,1164,112664,5,0,0,5,1
2020-09-11,US,Maryland,Talbot,501,4,0,38.76618159,-76.10882561,24041.0,1347.4624135983431,0.7984031936127745,497,500,4,0,496,497,36968,1,0,0,1,3
2020-09-11,US,Maryland,Unassigned,0,10,0,0.0,0.0,90024.0,0.0,0.0,-10,0,11,0,-11,0,,0,-1,0,1,0
2020-09-11,US,Maryland,Washington,1453,35,0,39.60835778,-77.82002295,24043.0,961.9395030751607,2.4088093599449416,1418,1440,35,0,1405,1416,150926,13,0,0,13,24
2020-09-11,US,Maryland,Wicomico,1697,48,0,38.37301947,-75.62705831,24045.0,1637.8886004111612,2.8285209192692986,1649,1683,48,0,1635,1673,103195,14,0,0,14,10
2020-09-11,US,Maryland,Worcester,917,26,0,38.21274277,-75.33200012,24047.0,1754.151044456347,2.8353326063249726,891,906,26,0,880,899,51823,11,0,0,11,7
2020-09-11,US,Massachusetts,Barnstable,1667,169,0,41.72980578,-70.28854339,25001.0,782.6658528569417,10.137972405518896,1498,1667,168,0,1499,1663,213413,0,1,0,-1,4
2020-09-11,US,Massachusetts,Berkshire,679,46,0,42.37428441,-73.20524838,25003.0,543.4434626712767,6.774668630338732,633,677,46,0,631,676,126348,2,0,0,2,1
2020-09-11,US,Massachusetts,Bristol,9478,671,0,41.79228404,-71.10872211,25005.0,1676.8780839925196,7.0795526482380255,8807,9448,670,0,8778,9418,564022,30,1,0,29,30
2020-09-11,US,Massachusetts,Dukes and Nantucket,117,1,0,41.40674725,-70.68763497,0.0,407.22564477393763,0.8547008547008547,116,111,1,0,110,104,26707,6,0,0,6,7
2020-09-11,US,Massachusetts,Essex,18580,1258,0,42.6687626,-70.94687179,25009.0,2354.7781210949083,6.770721205597416,17322,18508,1257,0,17251,18454,790638,72,1,0,71,54
2020-09-11,US,Massachusetts,Franklin,396,66,0,42.58119713,-72.58602547,25011.0,564.2633228840125,16.666666666666668,330,396,66,0,330,396,70963,0,0,0,0,0
2020-09-11,US,Massachusetts,Hampden,7834,767,0,42.13440424,-72.63235561,25013.0,1679.774943607249,9.790656114373244,7067,7817,762,0,7055,7793,470406,17,5,0,12,24
2020-09-11,US,Massachusetts,Hampshire,1194,141,0,42.33997957,-72.65898478,25015.0,742.3988061928744,11.809045226130653,1053,1193,141,0,1052,1191,161355,1,0,0,1,2
2020-09-11,US,Massachusetts,Middlesex,26021,2096,0,42.48607732,-71.39049229,25017.0,1614.5074235325574,8.055032473771185,23925,25931,2094,0,23837,25847,1614714,90,2,0,88,84
2020-09-11,US,Massachusetts,Norfolk,9780,1029,0,42.16073095,-71.20530408,25021.0,1383.7501326447596,10.521472392638037,8751,9745,1029,0,8716,9716,705388,35,0,0,35,29
2020-09-11,US,Massachusetts,Plymouth,9318,748,0,41.94070556,-70.80802823,25023.0,1787.7905303509965,8.027473706804034,8570,9277,748,0,8529,9257,518132,41,0,0,41,20
2020-09-11,US,Massachusetts,Suffolk,23028,1114,0,42.327951399999996,-71.07850442,25025.0,2864.5104471039563,4.837589022060102,21914,22920,1113,0,21807,22831,807252,108,1,0,107,89
2020-09-11,US,Massachusetts,Unassigned,2128,5,0,0.0,0.0,90025.0,0.0,0.2349624060150376,2123,2140,5,0,2135,2119,,-12,0,0,-12,21
2020-09-11,US,Massachusetts,Worcester,13766,1069,0,42.35026951,-71.90493363,25027.0,1657.3122310750257,7.765509225628358,12697,13716,1066,0,12650,13678,830839,50,3,0,47,38
2020-09-11,US,Michigan,Alcona,40,2,0,44.6846864,-83.59507875,26001.0,384.4305622296973,5.0,38,39,2,0,37,39,10362,1,0,0,1,0
2020-09-11,US,Michigan,Alger,17,0,0,46.41292944,-86.60260122,26003.0,186.649099692578,0.0,17,17,0,0,17,17,9097,0,0,0,0,0
2020-09-11,US,Michigan,Allegan,690,7,0,42.59147037,-85.89102866,26005.0,584.3446447777374,1.0144927536231885,683,684,7,0,677,680,117327,6,0,0,6,4
2020-09-11,US,Michigan,Alpena,132,14,0,45.03477666,-83.62212411,26007.0,464.70691779616266,10.606060606060606,118,132,14,0,118,132,28360,0,0,0,0,0
2020-09-11,US,Michigan,Antrim,63,0,0,44.99690221,-85.15503082,26009.0,270.10804321728693,0.0,63,62,0,0,62,62,23365,1,0,0,1,0
2020-09-11,US,Michigan,Arenac,66,3,0,44.0636262,-83.89277559,26011.0,443.4589800443459,4.545454545454546,63,66,3,0,63,66,15041,0,0,0,0,0
2020-09-11,US,Michigan,Baraga,10,0,0,46.6720582,-88.36363591,26013.0,121.81751735899624,0.0,10,9,0,0,9,9,8320,1,0,0,1,0
2020-09-11,US,Michigan,Barry,255,2,0,42.59513984,-85.30834519,26015.0,414.29731925264014,0.7843137254901961,253,248,2,0,246,247,61157,7,0,0,7,1
2020-09-11,US,Michigan,Bay,897,45,0,43.70639106,-83.98731479,26017.0,869.8097472994201,5.016722408026756,852,894,45,0,849,883,103923,3,0,0,3,11
2020-09-11,US,Michigan,Benzie,62,2,0,44.63899297,-86.01608482,26019.0,348.9812000450298,3.2258064516129035,60,60,2,0,58,60,17753,2,0,0,2,0
2020-09-11,US,Michigan,Berrien,1722,72,0,41.95447397,-86.41313079999998,26021.0,1122.548092906826,4.181184668989547,1650,1701,72,0,1629,1689,154141,21,0,0,21,12
2020-09-11,US,Michigan,Branch,532,4,0,41.91600556,-85.05929476,26023.0,1222.510742928051,0.7518796992481203,528,526,4,0,522,522,43622,6,0,0,6,4
2020-09-11,US,Michigan,Calhoun,1120,44,0,42.24633834,-85.00493569,26025.0,834.8303132849827,3.928571428571429,1076,1113,44,0,1069,1099,134487,7,0,0,7,14
2020-09-11,US,Michigan,Cass,454,16,0,41.91522292,-85.99405727,26027.0,876.6678896248093,3.524229074889868,438,444,16,0,428,442,51653,10,0,0,10,2
2020-09-11,US,Michigan,Charlevoix,83,3,0,45.37790017,-85.19614053,26029.0,317.4846039092683,3.614457831325301,80,81,3,0,78,82,26244,2,0,0,2,-1
2020-09-11,US,Michigan,Cheboygan,85,2,0,45.44787015,-84.50122149,26031.0,336.28738724481724,2.3529411764705883,83,83,2,0,81,83,25413,2,0,0,2,0
2020-09-11,US,Michigan,Chippewa,67,0,0,46.29552653,-84.54353449,26033.0,179.38900639910037,0.0,67,65,0,0,65,65,37517,2,0,0,2,0
2020-09-11,US,Michigan,Clare,107,4,0,43.98794227,-84.84819859999998,26035.0,345.718901453958,3.7383177570093458,103,106,4,0,102,105,30757,1,0,0,1,1
2020-09-11,US,Michigan,Clinton,587,13,0,42.94400871,-84.60145248,26037.0,737.4835102707457,2.2146507666098807,574,576,13,0,563,568,79332,11,0,0,11,8
2020-09-11,US,Michigan,Crawford,116,5,0,44.68255561,-84.61006219,26039.0,826.8586499394113,4.310344827586206,111,116,5,0,111,115,13901,0,0,0,0,1
2020-09-11,US,Michigan,Delta,204,4,0,45.90484910000001,-86.9080745,26041.0,570.0871898054996,1.96078431372549,200,197,3,0,194,192,35857,7,1,0,6,5
2020-09-11,US,Michigan,Dickinson,73,2,0,46.00999672,-87.86961634,26043.0,289.2349142200563,2.7397260273972597,71,70,2,0,68,70,25383,3,0,0,3,0
2020-09-11,US,Michigan,Eaton,564,9,0,42.59599185,-84.83740035,26045.0,511.481118728915,1.5957446808510638,555,557,9,0,548,554,109826,7,0,0,7,3
2020-09-11,US,Michigan,Emmet,135,4,0,45.52625509,-84.89083249,26047.0,404.0101750710759,2.962962962962963,131,133,4,0,129,132,33308,2,0,0,2,1
2020-09-11,US,Michigan,Federal Correctional Institution (FCI),196,5,0,0.0,0.0,0.0,0.0,2.5510204081632653,191,196,5,0,191,196,,0,0,0,0,0
2020-09-11,US,Michigan,Genesee,4096,305,0,43.02244215,-83.70589709,26049.0,1009.3318843901008,7.4462890625,3791,4073,305,0,3768,4078,406892,23,0,0,23,-5
2020-09-11,US,Michigan,Gladwin,84,2,0,43.98901072,-84.38774817,26051.0,330.0719085229282,2.380952380952381,82,83,2,0,81,83,25337,1,0,0,1,0
2020-09-11,US,Michigan,Gogebic,149,1,0,46.40862701,-89.69377193,26053.0,1066.1896243291592,0.6711409395973155,148,148,1,0,147,147,15096,1,0,0,1,1
2020-09-11,US,Michigan,Grand Traverse,429,7,0,44.69565625,-85.55585247,26055.0,460.85424544517014,1.6317016317016315,422,413,7,0,406,402,92573,16,0,0,16,11
2020-09-11,US,Michigan,Gratiot,211,15,0,43.29265605,-84.60505416,26057.0,518.2874407408317,7.109004739336492,196,211,15,0,196,209,40599,0,0,0,0,2
2020-09-11,US,Michigan,Hillsdale,310,27,0,41.88753639,-84.59312019,26059.0,679.7500274092753,8.709677419354838,283,309,27,0,282,308,45749,1,0,0,1,1
2020-09-11,US,Michigan,Houghton,197,1,0,46.89988536,-88.68495385,26061.0,552.0681537944176,0.5076142131979695,196,183,1,0,182,176,36219,14,0,0,14,7
2020-09-11,US,Michigan,Huron,207,5,0,43.83353985,-83.04078453,26063.0,668.1514476614699,2.415458937198068,202,207,5,0,202,209,31166,0,0,0,0,-2
2020-09-11,US,Michigan,Ingham,2424,42,0,42.59716886,-84.37472069,26065.0,828.9843573661279,1.7326732673267329,2382,2296,42,0,2254,2170,292735,128,0,0,128,126
2020-09-11,US,Michigan,Ionia,338,7,0,42.94502238,-85.07413319,26067.0,522.4353524892963,2.0710059171597632,331,334,7,0,327,333,64210,4,0,0,4,1
2020-09-11,US,Michigan,Iosco,160,12,0,44.35486835,-83.63484895,26069.0,636.765232618299,7.5,148,159,12,0,147,158,25081,1,0,0,1,1
2020-09-11,US,Michigan,Iron,44,1,0,46.20974132,-88.53136251,26071.0,397.61431411530816,2.272727272727273,43,43,1,0,42,38,11117,1,0,0,1,5
2020-09-11,US,Michigan,Isabella,602,10,0,43.64060976,-84.84664923,26073.0,861.5754522555528,1.6611295681063123,592,591,10,0,581,579,70562,11,0,0,11,12
2020-09-11,US,Michigan,Jackson,918,41,0,42.24807035,-84.42258681,26075.0,579.1432717178727,4.466230936819172,877,909,41,0,868,888,158823,9,0,0,9,21
2020-09-11,US,Michigan,Kalamazoo,2239,91,0,42.24542231,-85.53038622,26077.0,844.6952834388417,4.0643144260830715,2148,2190,91,0,2099,2141,264870,49,0,0,49,49
2020-09-11,US,Michigan,Kalkaska,74,4,0,44.68512729,-85.09085699,26079.0,410.2450382525779,5.405405405405406,70,73,4,0,69,72,17824,1,0,0,1,1
2020-09-11,US,Michigan,Kent,8963,171,0,43.03197711,-85.54934642,26081.0,1364.324801546529,1.9078433560191899,8792,8894,171,0,8723,8832,653786,69,0,0,69,62
2020-09-11,US,Michigan,Keweenaw,6,0,0,47.63197653,-88.41434263,26083.0,283.55387523629486,0.0,6,6,0,0,6,4,2113,0,0,0,0,2
2020-09-11,US,Michigan,Lake,32,0,0,43.99050893,-85.802173,26085.0,269.97384628364125,0.0,32,31,0,0,31,30,11881,1,0,0,1,1
2020-09-11,US,Michigan,Lapeer,564,37,0,43.09052506,-83.22153148,26087.0,643.7841724976315,6.560283687943263,527,564,37,0,527,565,88028,0,0,0,0,-1
2020-09-11,US,Michigan,Leelanau,99,1,0,44.94430054,-85.80150326,26089.0,454.9423280180138,1.0101010101010102,98,99,1,0,98,98,21764,0,0,0,0,1
2020-09-11,US,Michigan,Lenawee,723,14,0,41.89475156,-84.06603727,26091.0,734.375476125179,1.9363762102351316,709,711,13,0,698,701,98266,12,1,0,11,10
2020-09-11,US,Michigan,Livingston,1239,29,0,42.60302282,-83.91297209,26093.0,645.3293054506628,2.340597255851493,1210,1219,29,0,1190,1210,191224,20,0,0,20,9
2020-09-11,US,Michigan,Luce,10,0,0,46.47227431,-85.54471223,26095.0,160.53941242575053,0.0,10,10,0,0,10,9,6283,0,0,0,0,1
2020-09-11,US,Michigan,Mackinac,50,0,0,46.07028979,-85.04980537,26097.0,463.0058338735068,0.0,50,47,0,0,47,47,10787,3,0,0,3,0
2020-09-11,US,Michigan,Macomb,13599,1001,0,42.69158356,-82.92752801,26099.0,1555.999505704988,7.360835355540849,12598,13511,999,0,12512,13433,874759,88,2,0,86,78
2020-09-11,US,Michigan,Manistee,67,2,0,44.33352407,-86.05626916,26101.0,272.8235198306051,2.985074626865672,65,66,2,0,64,66,24528,1,0,0,1,0
2020-09-11,US,Michigan,Marquette,281,11,0,46.4338914,-87.64043701,26103.0,421.29567159927427,3.9145907473309607,270,277,11,0,266,276,66516,4,0,0,4,1
2020-09-11,US,Michigan,Mason,129,0,0,43.99509218,-86.24988902,26105.0,442.6297007960472,0.0,129,128,0,0,128,127,29100,1,0,0,1,1
2020-09-11,US,Michigan,Mecosta,153,2,0,43.64064262,-85.32463223,26107.0,352.1045727567717,1.30718954248366,151,120,2,0,118,119,43545,33,0,0,33,1
2020-09-11,US,Michigan,Menominee,265,0,0,45.58038692,-87.55370409,26109.0,1163.3011413520633,0.0,265,264,0,0,264,263,22983,1,0,0,1,1
2020-09-11,US,Michigan,Michigan Department of Corrections (MDOC),5504,70,0,0.0,0.0,0.0,0.0,1.2718023255813953,5434,5472,70,0,5402,5468,,32,0,0,32,4
2020-09-11,US,Michigan,Midland,501,11,0,43.64330771,-84.38804374,26111.0,602.4820818702199,2.1956087824351296,490,498,12,0,486,494,83209,3,-1,0,4,4
2020-09-11,US,Michigan,Missaukee,54,1,0,44.33772443,-85.09256478,26113.0,357.19010451117873,1.851851851851852,53,53,1,0,52,53,15113,1,0,0,1,0
2020-09-11,US,Michigan,Monroe,1423,29,0,41.92734151,-83.53749864,26115.0,945.514950166113,2.037947997189037,1394,1418,29,0,1389,1405,150439,5,0,0,5,13
2020-09-11,US,Michigan,Montcalm,258,4,0,43.31082541,-85.15252824,26117.0,403.83170548459816,1.5503875968992251,254,253,4,0,249,250,63968,5,0,0,5,3
2020-09-11,US,Michigan,Montmorency,13,0,0,45.0275929,-84.12696227,26119.0,139.36535162950258,0.0,13,13,0,0,13,13,9265,0,0,0,0,0
2020-09-11,US,Michigan,Muskegon,1406,68,0,43.29123859,-86.15176712,26121.0,810.0664876761576,4.836415362731152,1338,1397,68,0,1329,1387,173588,9,0,0,9,10
2020-09-11,US,Michigan,Newaygo,309,1,0,43.554373999999996,-85.80070107,26123.0,630.8697427521438,0.32362459546925565,308,307,1,0,306,305,48892,2,0,0,2,2
2020-09-11,US,Michigan,Oakland,19272,1183,0,42.66090111,-83.38595416,26125.0,1532.4622450667312,6.138439186384392,18089,18972,1181,0,17791,18888,1259201,300,2,0,298,84
2020-09-11,US,Michigan,Oceana,501,6,0,43.64124435,-86.26726673,26127.0,1892.9232629311973,1.1976047904191616,495,501,6,0,495,501,26625,0,0,0,0,0
2020-09-11,US,Michigan,Ogemaw,60,5,0,44.33481032,-84.12725175,26129.0,285.7551078725532,8.333333333333334,55,60,5,0,55,59,20952,0,0,0,0,1
2020-09-11,US,Michigan,Ontonagon,37,0,0,46.665226200000006,-89.31390481,26131.0,646.8531468531469,0.0,37,36,0,0,36,36,5795,1,0,0,1,0
2020-09-11,US,Michigan,Osceola,85,0,0,43.98992088,-85.32566756,26133.0,362.3188405797102,0.0,85,81,0,0,81,81,23341,4,0,0,4,0
2020-09-11,US,Michigan,Oscoda,29,1,0,44.68192279,-84.12939244,26135.0,351.8990413784735,3.4482758620689653,28,30,1,0,29,29,8276,-1,0,0,-1,1
2020-09-11,US,Michigan,Otsego,157,11,0,45.02085831,-84.59898295,26137.0,636.4520836711529,7.0063694267515935,146,157,11,0,146,158,24665,0,0,0,0,-1
2020-09-11,US,Michigan,Ottawa,2830,64,0,42.95996803,-85.9969107,26139.0,969.7426583970121,2.2614840989399294,2766,2727,64,0,2663,2664,290494,103,0,0,103,63
2020-09-11,US,Michigan,Out of MI,208,3,0,0.0,0.0,80026.0,0.0,1.4423076923076923,205,185,3,0,182,173,,23,0,0,23,12
2020-09-11,US,Michigan,Presque Isle,23,1,0,45.34018577,-83.91498656,26141.0,182.6556543837357,4.3478260869565215,22,23,1,0,22,23,12738,0,0,0,0,0
2020-09-11,US,Michigan,Roscommon,83,4,0,44.33473082,-84.61067651,26143.0,345.5597651858945,4.819277108433735,79,82,4,0,78,82,23884,1,0,0,1,0
2020-09-11,US,Michigan,Saginaw,2743,133,0,43.33433923,-84.05131209999998,26145.0,1439.6002918037775,4.848705796573094,2610,2721,133,0,2588,2692,190800,22,0,0,22,29
2020-09-11,US,Michigan,Sanilac,131,7,0,43.42406072,-82.82055898,26151.0,318.19285887782365,5.343511450381679,124,131,7,0,124,130,41182,0,0,0,0,1
2020-09-11,US,Michigan,Schoolcraft,17,0,0,46.19235734,-86.19972234,26153.0,210.0321225599209,0.0,17,17,0,0,17,17,8068,0,0,0,0,0
2020-09-11,US,Michigan,Shiawassee,472,30,0,42.95392800000001,-84.14585902,26155.0,692.8745486039752,6.3559322033898304,442,473,30,0,443,472,68192,-1,0,0,-1,1
2020-09-11,US,Michigan,St. Clair,953,53,0,42.92655373,-82.67937954,26147.0,598.8889447488814,5.5613850996852054,900,953,53,0,900,947,159337,0,0,0,0,6
2020-09-11,US,Michigan,St. Joseph,703,11,0,41.91441767,-85.52797979,26149.0,1153.1395577717994,1.5647226173541964,692,703,11,0,692,702,61043,0,0,0,0,1
2020-09-11,US,Michigan,Tuscola,469,29,0,43.46606813,-83.41897025,26157.0,897.6935591922673,6.183368869936035,440,473,29,0,444,469,52516,-4,0,0,-4,4
2020-09-11,US,Michigan,Unassigned,21,0,0,0.0,0.0,90026.0,0.0,0.0,21,16,0,0,16,6,,5,0,0,5,10
2020-09-11,US,Michigan,Van Buren,696,16,0,42.25190229,-86.01939087,26159.0,919.6981909959433,2.2988505747126435,680,688,16,0,672,681,75448,8,0,0,8,7
2020-09-11,US,Michigan,Washtenaw,3127,114,0,42.253105,-83.83853204,26161.0,850.6505695033474,3.6456667732651113,3013,3096,114,0,2982,3072,370963,31,0,0,31,24
2020-09-11,US,Michigan,Wayne,33113,2940,0,42.28098405,-83.281255,26163.0,1892.8820705830703,8.87868812852958,30173,32852,2939,0,29913,32621,1753893,261,1,0,260,231
2020-09-11,US,Michigan,Wexford,114,4,0,44.33853602,-85.57712739,26165.0,338.9729713657042,3.5087719298245608,110,114,4,0,110,114,33466,0,0,0,0,0
2020-09-11,US,Minnesota,Aitkin,63,1,0,46.60962049,-93.41168259999999,27001.0,396.5756011582525,1.5873015873015872,62,63,1,0,62,64,15902,0,0,0,0,-1
2020-09-11,US,Minnesota,Anoka,5213,126,0,45.27476015,-93.24604565,27003.0,1460.5472919777767,2.4170343372338383,5087,5167,125,0,5042,5118,353813,46,1,0,45,49
2020-09-11,US,Minnesota,Becker,217,2,0,46.93479392,-95.67158144,27005.0,630.3924701507713,0.9216589861751152,215,214,2,0,212,214,34371,3,0,0,3,0
2020-09-11,US,Minnesota,Beltrami,344,3,0,47.97373527,-94.93732139,27007.0,728.9988980249216,0.8720930232558141,341,339,3,0,336,338,46847,5,0,0,5,1
2020-09-11,US,Minnesota,Benton,445,3,0,45.69804958,-93.99514135,27009.0,1088.3122600210324,0.6741573033707865,442,437,3,0,434,438,40545,8,0,0,8,-1
2020-09-11,US,Minnesota,Big Stone,45,0,0,45.42712824,-96.41403739,27011.0,901.6229212582648,0.0,45,43,0,0,43,43,4989,2,0,0,2,0
2020-09-11,US,Minnesota,Blue Earth,1468,6,0,44.03554215,-94.06699781,27013.0,2169.896383013318,0.4087193460490463,1462,1468,5,0,1463,1454,67427,0,1,0,-1,14
2020-09-11,US,Minnesota,Brown,141,2,0,44.24205652,-94.72562874,27015.0,563.8195777351248,1.4184397163120568,139,139,2,0,137,139,25111,2,0,0,2,0
2020-09-11,US,Minnesota,Carlton,209,1,0,46.59180601,-92.67601019,27017.0,582.6433609322294,0.4784688995215311,208,209,1,0,208,210,35837,0,0,0,0,-1
2020-09-11,US,Minnesota,Carver,1222,7,0,44.82017001,-93.80099179999999,27019.0,1162.8238921295285,0.5728314238952537,1215,1221,7,0,1214,1204,103551,1,0,0,1,17
2020-09-11,US,Minnesota,Cass,112,3,0,46.95043611,-94.32603968,27021.0,376.1039658819974,2.6785714285714284,109,110,3,0,107,112,29519,2,0,0,2,-2
2020-09-11,US,Minnesota,Chippewa,165,1,0,45.02343421,-95.56403693,27023.0,1398.3050847457625,0.6060606060606061,164,165,1,0,164,163,11924,0,0,0,0,2
2020-09-11,US,Minnesota,Chisago,381,1,0,45.5021011,-92.90861945,27025.0,673.394722423514,0.2624671916010499,380,376,1,0,375,373,55922,5,0,0,5,3
2020-09-11,US,Minnesota,Clay,1059,40,0,46.89289518,-96.48761922,27027.0,1648.9676434866556,3.777148253068933,1019,1045,40,0,1005,1027,63955,14,0,0,14,18
2020-09-11,US,Minnesota,Clearwater,23,0,0,47.57992111,-95.37790562,27029.0,260.8301202086641,0.0,23,21,0,0,21,21,8810,2,0,0,2,0
2020-09-11,US,Minnesota,Cook,6,0,0,47.90504893,-90.52629546,27031.0,109.82976386600771,0.0,6,6,0,0,6,6,5393,0,0,0,0,0
2020-09-11,US,Minnesota,Cottonwood,208,0,0,44.00715262,-95.18138802,27033.0,1857.8063594140765,0.0,208,208,0,0,208,208,11277,0,0,0,0,0
2020-09-11,US,Minnesota,Crow Wing,361,18,0,46.48096553,-94.06755609,27035.0,554.9150718622702,4.986149584487535,343,362,18,0,344,361,64889,-1,0,0,-1,1
2020-09-11,US,Minnesota,Dakota,6655,120,0,44.67172617,-93.06299363,27037.0,1551.2061181154306,1.8031555221637867,6535,6629,120,0,6509,6568,425423,26,0,0,26,61
2020-09-11,US,Minnesota,Dodge,175,0,0,44.02238415,-92.86244324,27039.0,835.9606381962358,0.0,175,170,0,0,170,165,20822,5,0,0,5,5
2020-09-11,US,Minnesota,Douglas,194,1,0,45.93348491,-95.45335469,27041.0,508.63899740436796,0.5154639175257731,193,193,1,0,192,191,37964,1,0,0,1,2
2020-09-11,US,Minnesota,Faribault,123,0,0,43.67381499,-93.94787458,27043.0,900.9009009009008,0.0,123,120,0,0,120,119,13758,3,0,0,3,1
2020-09-11,US,Minnesota,Fillmore,89,0,0,43.67394126,-92.08980382,27045.0,422.46166991028616,0.0,89,89,0,0,89,89,21058,0,0,0,0,0
2020-09-11,US,Minnesota,Freeborn,440,1,0,43.67385583,-93.34884422,27047.0,1453.0563719824313,0.2272727272727273,439,441,1,0,440,426,30444,-1,0,0,-1,15
2020-09-11,US,Minnesota,Goodhue,286,9,0,44.40849741,-92.72341949999999,27049.0,617.1773845489857,3.1468531468531467,277,284,9,0,275,278,46403,2,0,0,2,6
2020-09-11,US,Minnesota,Grant,56,4,0,45.93424769,-96.01139609,27051.0,937.7093101138647,7.142857142857142,52,56,4,0,52,56,6021,0,0,0,0,0
2020-09-11,US,Minnesota,Hennepin,24398,901,0,45.00761521,-93.47694895,27053.0,1927.4112192428286,3.6929256496434135,23497,24389,896,0,23493,24433,1259428,9,5,0,4,-44
2020-09-11,US,Minnesota,Houston,92,0,0,43.67129565,-91.49143057,27055.0,494.6236559139785,0.0,92,91,0,0,91,89,18578,1,0,0,1,2
2020-09-11,US,Minnesota,Hubbard,52,0,0,47.10778564,-94.91693868,27057.0,241.9617514308315,0.0,52,52,0,0,52,51,21332,0,0,0,0,1
2020-09-11,US,Minnesota,Isanti,203,0,0,45.56181234,-93.29487636,27059.0,500.04926593753083,0.0,203,207,0,0,207,205,39966,-4,0,0,-4,2
2020-09-11,US,Minnesota,Itasca,228,13,0,47.51009045,-93.63092229,27061.0,505.2071792599159,5.701754385964912,215,225,13,0,212,222,45108,3,0,0,3,3
2020-09-11,US,Minnesota,Jackson,100,1,0,43.67423373,-95.15398258,27063.0,1015.6408693885844,1.0,99,100,1,0,99,99,9911,0,0,0,0,1
2020-09-11,US,Minnesota,Kanabec,77,7,0,45.9459309,-93.29275192,27065.0,471.32276427740715,9.090909090909092,70,76,7,0,69,74,16207,1,0,0,1,2
2020-09-11,US,Minnesota,Kandiyohi,869,2,0,45.1526059,-95.00586446,27067.0,2011.6206393666519,0.23014959723820486,867,868,1,0,867,868,42855,1,1,0,0,0
2020-09-11,US,Minnesota,Kittson,12,0,0,48.77754106,-96.78317184,27069.0,279.1996277338297,0.0,12,12,0,0,12,11,4248,0,0,0,0,1
2020-09-11,US,Minnesota,Koochiching,96,3,0,48.24539665,-93.78352843,27071.0,785.0192166162401,3.125,93,95,3,0,92,95,12440,1,0,0,1,0
2020-09-11,US,Minnesota,Lac qui Parle,26,0,0,44.9973857,-96.17488219,27073.0,392.5713422920128,0.0,26,26,0,0,26,25,6658,0,0,0,0,1
2020-09-11,US,Minnesota,Lake,44,0,0,47.64270764,-91.44557998,27075.0,413.4949722770417,0.0,44,44,0,0,44,44,10658,0,0,0,0,0
2020-09-11,US,Minnesota,Lake of the Woods,16,1,0,48.77217001,-94.90274472,27077.0,427.80748663101616,6.25,15,16,1,0,15,16,3758,0,0,0,0,0
2020-09-11,US,Minnesota,Le Sueur,422,3,0,44.37136597,-93.72844721,27079.0,1460.8647488489632,0.7109004739336493,419,417,3,0,414,413,28494,5,0,0,5,4
2020-09-11,US,Minnesota,Lincoln,78,0,0,44.41311883,-96.26688165,27081.0,1383.2239758822486,0.0,78,76,0,0,76,75,5673,2,0,0,2,1
2020-09-11,US,Minnesota,Lyon,591,3,0,44.41327865,-95.83806103,27083.0,2320.012561827746,0.5076142131979695,588,589,3,0,586,588,25629,2,0,0,2,1
2020-09-11,US,Minnesota,Mahnomen,39,1,0,47.32557075,-95.80921485,27087.0,705.6269223810385,2.5641025641025643,38,39,1,0,38,37,5519,0,0,0,0,2
2020-09-11,US,Minnesota,Marshall,46,1,0,48.35825983,-96.37017407,27089.0,492.71636675235646,2.1739130434782608,45,46,1,0,45,44,9390,0,0,0,0,2
2020-09-11,US,Minnesota,Martin,254,9,0,43.67429718,-94.55099908,27091.0,1290.4536910023876,3.543307086614173,245,253,9,0,244,252,19785,1,0,0,1,1
2020-09-11,US,Minnesota,McLeod,404,1,0,44.82367677,-94.27287017,27085.0,1125.5676594322013,0.2475247524752475,403,401,1,0,400,396,35873,3,0,0,3,5
2020-09-11,US,Minnesota,Meeker,135,2,0,45.12328869,-94.52839455,27093.0,581.3452760313496,1.4814814814814814,133,134,2,0,132,131,23141,1,0,0,1,3
2020-09-11,US,Minnesota,Mille Lacs,125,3,0,45.93705297,-93.63236823,27095.0,475.7011835445447,2.4,122,122,3,0,119,122,26139,3,0,0,3,0
2020-09-11,US,Minnesota,Morrison,160,1,0,46.01265363,-94.27341528,27097.0,479.24279638171686,0.625,159,152,1,0,151,151,33169,8,0,0,8,1
2020-09-11,US,Minnesota,Mower,1222,3,0,43.67142874,-92.75234549,27099.0,3050.2720782786682,0.24549918166939444,1219,1219,3,0,1216,1215,40011,3,0,0,3,4
2020-09-11,US,Minnesota,Murray,146,2,0,44.02216709,-95.76328482,27101.0,1781.7915547961927,1.3698630136986298,144,149,2,0,147,149,8276,-3,0,0,-3,0
2020-09-11,US,Minnesota,Nicollet,471,16,0,44.35291112,-94.24710352,27103.0,1374.2195250043765,3.397027600849257,455,469,16,0,453,461,34220,2,0,0,2,8
2020-09-11,US,Minnesota,Nobles,1903,15,0,43.67434621,-95.75329576,27105.0,8798.372555365482,0.7882291119285338,1888,1899,13,0,1886,1893,21924,4,2,0,2,6
2020-09-11,US,Minnesota,Norman,48,0,0,47.32628443,-96.45620947,27107.0,752.9411764705882,0.0,48,48,0,0,48,48,6475,0,0,0,0,0
2020-09-11,US,Minnesota,Olmsted,2154,26,0,44.00374114,-92.40209944,27109.0,1360.7676902958435,1.2070566388115134,2128,2147,26,0,2121,2134,156277,7,0,0,7,13
2020-09-11,US,Minnesota,Otter Tail,325,4,0,46.40846929,-95.70835255,27111.0,553.2291560276443,1.2307692307692308,321,322,4,0,318,324,58812,3,0,0,3,-2
2020-09-11,US,Minnesota,Pennington,102,1,0,48.06642577,-96.0370814,27113.0,722.430767051491,0.9803921568627452,101,102,1,0,101,102,14178,0,0,0,0,0
2020-09-11,US,Minnesota,Pine,173,0,0,46.12105238,-92.74070188,27115.0,584.8744041380709,0.0,173,173,0,0,173,171,29483,0,0,0,0,2
2020-09-11,US,Minnesota,Pipestone,201,9,0,44.02301619,-96.25841142,27117.0,2202.4983563445103,4.477611940298506,192,198,9,0,189,198,9047,3,0,0,3,0
2020-09-11,US,Minnesota,Polk,227,4,0,47.77372465,-96.40134647,27119.0,723.7597245249333,1.7621145374449338,223,227,4,0,223,226,31529,0,0,0,0,1
2020-09-11,US,Minnesota,Pope,74,0,0,45.58606667,-95.44451209,27121.0,657.8362521112988,0.0,74,72,0,0,72,72,11097,2,0,0,2,0
2020-09-11,US,Minnesota,Ramsey,9899,308,0,45.01625271,-93.09872295,27123.0,1798.768355196331,3.1114253965046976,9591,9805,305,0,9500,9749,550210,94,3,0,91,56
2020-09-11,US,Minnesota,Red Lake,35,0,0,47.87197525,-96.09561104,27125.0,863.1319358816278,0.0,35,35,0,0,35,34,3999,0,0,0,0,1
2020-09-11,US,Minnesota,Redwood,82,0,0,44.40555844,-95.25207021,27127.0,540.5405405405405,0.0,82,78,0,0,78,78,15249,4,0,0,4,0
2020-09-11,US,Minnesota,Renville,103,6,0,44.72836381,-94.94553734,27129.0,708.0010998075337,5.825242718446603,97,99,6,0,93,99,14612,4,0,0,4,0
2020-09-11,US,Minnesota,Rice,1247,8,0,44.3543376,-93.29658715,27131.0,1861.9721674729733,0.6415396952686447,1239,1241,8,0,1233,1234,66523,6,0,0,6,7
2020-09-11,US,Minnesota,Rock,121,0,0,43.67482683,-96.25296832,27133.0,1298.9801395598495,0.0,121,119,0,0,119,117,9414,2,0,0,2,2
2020-09-11,US,Minnesota,Roseau,95,0,0,48.77501878,-95.81079919,27135.0,626.4424662050775,0.0,95,92,0,0,92,92,15150,3,0,0,3,0
2020-09-11,US,Minnesota,Scott,2238,32,0,44.6490231,-93.53340251,27139.0,1501.8823861005415,1.4298480786416443,2206,2217,32,0,2185,2205,147381,21,0,0,21,12
2020-09-11,US,Minnesota,Sherburne,995,13,0,45.44447208,-93.77617511,27141.0,1023.2625105411464,1.306532663316583,982,985,13,0,972,981,96036,10,0,0,10,4
2020-09-11,US,Minnesota,Sibley,153,3,0,44.5796592,-94.23164924,27143.0,1029.263370332997,1.96078431372549,150,150,3,0,147,157,15028,3,0,0,3,-7
2020-09-11,US,Minnesota,St. Louis,1090,25,0,47.604840700000004,-92.46879855,27137.0,547.5460893153162,2.2935779816513757,1065,1073,25,0,1048,1061,199754,17,0,0,17,12
2020-09-11,US,Minnesota,Stearns,3505,23,0,45.55192576,-94.61078221,27145.0,2176.004966630452,0.6562054208273894,3482,3476,23,0,3453,3474,159256,29,0,0,29,2
2020-09-11,US,Minnesota,Steele,494,2,0,44.02240351,-93.22627088,27147.0,1347.9221806870582,0.4048582995951417,492,488,2,0,486,476,36803,6,0,0,6,12
2020-09-11,US,Minnesota,Stevens,82,1,0,45.58613007,-96.00163705,27149.0,836.3080061193268,1.2195121951219512,81,78,1,0,77,78,9753,4,0,0,4,0
2020-09-11,US,Minnesota,Swift,78,1,0,45.2829032,-95.68264092,27151.0,841.7871789337363,1.2820512820512822,77,74,1,0,73,74,9345,4,0,0,4,0
2020-09-11,US,Minnesota,Todd,463,2,0,46.06996226,-94.89785296,27153.0,1877.2299708076548,0.4319654427645788,461,461,2,0,459,460,24582,2,0,0,2,1
2020-09-11,US,Minnesota,Traverse,28,0,0,45.77298854,-96.47062949,27155.0,859.159251304081,0.0,28,27,0,0,27,25,3308,1,0,0,1,2
2020-09-11,US,Minnesota,Unassigned,196,52,0,0.0,0.0,90027.0,0.0,26.530612244897963,144,192,52,0,140,183,,4,0,0,4,9
2020-09-11,US,Minnesota,Wabasha,143,0,0,44.28424356,-92.23121312,27157.0,661.2105238821844,0.0,143,140,0,0,140,138,21645,3,0,0,3,2
2020-09-11,US,Minnesota,Wadena,57,0,0,46.58589171,-94.96968506,27159.0,416.60575939190176,0.0,57,57,0,0,57,57,13773,0,0,0,0,0
2020-09-11,US,Minnesota,Waseca,362,6,0,44.02211116,-93.58720034,27161.0,1944.9817322157749,1.6574585635359116,356,353,6,0,347,346,18691,9,0,0,9,7
2020-09-11,US,Minnesota,Washington,3335,55,0,45.03864533,-92.88429635,27163.0,1270.7666514250875,1.6491754122938531,3280,3316,55,0,3261,3296,259201,19,0,0,19,20
2020-09-11,US,Minnesota,Watonwan,462,4,0,43.97823903,-94.61413846,27165.0,4239.698999724695,0.8658008658008658,458,455,4,0,451,451,10980,7,0,0,7,4
2020-09-11,US,Minnesota,Wilkin,55,3,0,46.35721532,-96.4684375,27167.0,886.0963428387305,5.454545454545454,52,53,3,0,50,52,6254,2,0,0,2,1
2020-09-11,US,Minnesota,Winona,647,17,0,43.98772283,-91.78081305,27169.0,1281.5941684494094,2.627511591962905,630,638,17,0,621,625,50825,9,0,0,9,13
2020-09-11,US,Minnesota,Wright,1416,6,0,45.17297924,-93.96234781,27171.0,1023.2914429421074,0.42372881355932196,1410,1397,6,0,1391,1389,136349,19,0,0,19,8
2020-09-11,US,Minnesota,Yellow Medicine,122,1,0,44.71710183,-95.86842453,27173.0,1256.5660727160366,0.819672131147541,121,120,1,0,119,118,9795,2,0,0,2,2
2020-09-11,US,Mississippi,Adams,853,32,0,31.47669768,-91.35326037,28001.0,2779.1353077248878,3.751465416178194,821,832,32,0,800,830,31192,21,0,0,21,2
2020-09-11,US,Mississippi,Alcorn,708,9,0,34.88084463,-88.57996173,28003.0,1915.947284388277,1.2711864406779658,699,696,9,0,687,694,36925,12,0,0,12,2
2020-09-11,US,Mississippi,Amite,289,10,0,31.17467303,-90.80501621,28005.0,2350.1667073269905,3.460207612456748,279,286,9,0,277,286,12326,3,1,0,2,0
2020-09-11,US,Mississippi,Attala,613,25,0,33.08658803,-89.57838564,28007.0,3372.950368658523,4.078303425774878,588,611,25,0,586,605,18365,2,0,0,2,6
2020-09-11,US,Mississippi,Benton,206,1,0,34.81681228,-89.18945516,28009.0,2494.248698389636,0.4854368932038835,205,207,1,0,206,207,8271,-1,0,0,-1,0
2020-09-11,US,Mississippi,Bolivar,1701,58,0,33.79696941,-90.87372121,28011.0,5553.741674284968,3.4097589653145213,1643,1678,58,0,1620,1664,31333,23,0,0,23,14
2020-09-11,US,Mississippi,Calhoun,499,12,0,33.93683395,-89.33686647,28013.0,3474.688392173247,2.404809619238477,487,497,12,0,485,493,14436,2,0,0,2,4
2020-09-11,US,Mississippi,Carroll,302,12,0,33.44834567,-89.91994479,28015.0,3036.091283804163,3.9735099337748334,290,298,12,0,286,297,9911,4,0,0,4,1
2020-09-11,US,Mississippi,Chickasaw,618,24,0,33.91983202,-88.9481545,28017.0,3613.401157691633,3.8834951456310685,594,613,24,0,589,610,17171,5,0,0,5,3
2020-09-11,US,Mississippi,Choctaw,168,5,0,33.34598242,-89.24809382,28019.0,2046.285018270402,2.9761904761904763,163,166,4,0,162,164,8278,2,1,0,1,2
2020-09-11,US,Mississippi,Claiborne,446,16,0,31.97061673,-90.90702196,28021.0,4962.171784601691,3.5874439461883414,430,443,16,0,427,443,9002,3,0,0,3,0
2020-09-11,US,Mississippi,Clarke,502,36,0,32.04158545,-88.68896219999998,28023.0,3230.1653690238722,7.171314741035856,466,496,35,0,461,494,15604,6,1,0,5,2
2020-09-11,US,Mississippi,Clay,525,16,0,33.65358105,-88.77784255,28025.0,2717.9540277490164,3.0476190476190474,509,517,16,0,501,514,19386,8,0,0,8,3
2020-09-11,US,Mississippi,Coahoma,1067,23,0,34.22772299,-90.60415045,28027.0,4822.8168504791165,2.1555763823805063,1044,1063,23,0,1040,1055,22628,4,0,0,4,8
2020-09-11,US,Mississippi,Copiah,1136,32,0,31.86977774,-90.44565118,28029.0,4047.746303224657,2.8169014084507036,1104,1135,32,0,1103,1133,28543,1,0,0,1,2
2020-09-11,US,Mississippi,Covington,769,18,0,31.63225413,-89.55389939,28031.0,4126.4219789654435,2.340702210663199,751,744,18,0,726,740,18853,25,0,0,25,4
2020-09-11,US,Mississippi,DeSoto,5091,54,0,34.87625235,-89.99091418,28033.0,2752.7102652139824,1.060695344725987,5037,5020,54,0,4966,4984,182001,71,0,0,71,36
2020-09-11,US,Mississippi,Forrest,2269,68,0,31.18961454,-89.25832496,28035.0,3029.493838204468,2.996914940502424,2201,2248,68,0,2180,2242,75036,21,0,0,21,6
2020-09-11,US,Mississippi,Franklin,181,3,0,31.47786634,-90.89672989,28037.0,2346.687410864774,1.6574585635359116,178,182,3,0,179,182,7788,-1,0,0,-1,0
2020-09-11,US,Mississippi,George,720,13,0,30.86259065,-88.64436789,28039.0,2938.775510204081,1.805555555555556,707,717,13,0,704,716,24250,3,0,0,3,1
2020-09-11,US,Mississippi,Greene,322,16,0,31.21444233,-88.63922281,28041.0,2370.0868541145296,4.9689440993788825,306,318,16,0,302,316,13586,4,0,0,4,2
2020-09-11,US,Mississippi,Grenada,999,32,0,33.77036166,-89.80245083,28043.0,4812.602370170536,3.2032032032032034,967,988,32,0,956,986,21055,11,0,0,11,2
2020-09-11,US,Mississippi,Hancock,538,20,0,30.41830223,-89.48851033,28045.0,1129.4927779643938,3.717472118959108,518,529,20,0,509,526,47334,9,0,0,9,3
2020-09-11,US,Mississippi,Harrison,3586,68,0,30.51359752,-89.12467576,28047.0,1723.3756247597075,1.8962632459564972,3518,3563,66,0,3497,3547,206650,23,2,0,21,16
2020-09-11,US,Mississippi,Hinds,6781,149,0,32.2656285,-90.44435448,28049.0,2924.8619737750173,2.197316030084058,6632,6735,148,0,6587,6706,237085,46,1,0,45,29
2020-09-11,US,Mississippi,Holmes,1073,56,0,33.12345854,-90.08923538,28051.0,6308.054085831864,5.21901211556384,1017,1070,56,0,1014,1070,17622,3,0,0,3,0
2020-09-11,US,Mississippi,Humphreys,358,15,0,33.12825718,-90.52252707,28053.0,4439.484126984127,4.189944134078212,343,352,15,0,337,351,8257,6,0,0,6,1
2020-09-11,US,Mississippi,Issaquena,98,3,0,32.72531359,-90.97392828,28055.0,7385.079125847778,3.0612244897959178,95,98,3,0,95,98,1308,0,0,0,0,0
2020-09-11,US,Mississippi,Itawamba,669,18,0,34.27993475,-88.3606733,28057.0,2860.1966652415563,2.690582959641256,651,662,18,0,644,652,23517,7,0,0,7,10
2020-09-11,US,Mississippi,Jackson,3270,65,0,30.54020656,-88.64184064,28059.0,2276.8892262058107,1.9877675840978597,3205,3244,65,0,3179,3218,143277,26,0,0,26,26
2020-09-11,US,Mississippi,Jasper,519,13,0,32.01922104,-89.11786866,28061.0,3167.9179637429042,2.5048169556840083,506,511,13,0,498,507,16428,8,0,0,8,4
2020-09-11,US,Mississippi,Jefferson,231,9,0,31.73397872,-91.03764977,28063.0,3304.7210300429188,3.8961038961038965,222,230,9,0,221,227,7106,1,0,0,1,3
2020-09-11,US,Mississippi,Jefferson Davis,312,10,0,31.56884708,-89.82670990000004,28065.0,2803.738317757009,3.2051282051282053,302,311,10,0,301,311,11234,1,0,0,1,0
2020-09-11,US,Mississippi,Jones,2276,76,0,31.62257767,-89.16896899999998,28067.0,3342.242062909337,3.3391915641476277,2200,2253,76,0,2177,2246,68461,23,0,0,23,7
2020-09-11,US,Mississippi,Kemper,280,14,0,32.75462946,-88.64105766,28069.0,2874.153151303634,5.0,266,278,14,0,264,278,10027,2,0,0,2,0
2020-09-11,US,Mississippi,Lafayette,1896,39,0,34.35687874,-89.48490961,28071.0,3509.8761546863147,2.056962025316456,1857,1847,39,0,1808,1813,54793,49,0,0,49,34
2020-09-11,US,Mississippi,Lamar,1533,33,0,31.20572971,-89.5077704,28073.0,2420.156923416952,2.152641878669276,1500,1527,33,0,1494,1523,62447,6,0,0,6,4
2020-09-11,US,Mississippi,Lauderdale,1931,119,0,32.40419769,-88.66229662,28075.0,2605.059021922428,6.162610046607975,1812,1894,117,0,1777,1889,75317,37,2,0,35,5
2020-09-11,US,Mississippi,Lawrence,420,12,0,31.55147224,-90.10841127,28077.0,3337.0411568409345,2.8571428571428568,408,417,11,0,406,414,12455,3,1,0,2,3
2020-09-11,US,Mississippi,Leake,922,33,0,32.7536828,-89.52402044,28079.0,4046.344246467129,3.579175704989154,889,913,33,0,880,911,22763,9,0,0,9,2
2020-09-11,US,Mississippi,Lee,2432,65,0,34.291877500000005,-88.68149954,28081.0,2846.5752141954213,2.6726973684210527,2367,2415,64,0,2351,2382,85202,17,1,0,16,33
2020-09-11,US,Mississippi,Leflore,1310,76,0,33.55545125,-90.29900733,28083.0,4648.192172586311,5.801526717557253,1234,1292,76,0,1216,1275,28919,18,0,0,18,17
2020-09-11,US,Mississippi,Lincoln,1017,52,0,31.53288662,-90.45391915,28085.0,2977.7764764442363,5.11307767944936,965,1014,52,0,962,1009,34205,3,0,0,3,5
2020-09-11,US,Mississippi,Lowndes,1351,56,0,33.47386518,-88.44191529999998,28087.0,2305.6574793071077,4.1450777202072535,1295,1334,56,0,1278,1326,58930,17,0,0,17,8
2020-09-11,US,Mississippi,Madison,3115,84,0,32.63389156,-90.03513564,28089.0,2931.1577838000603,2.696629213483146,3031,3095,84,0,3011,3076,105630,20,0,0,20,19
2020-09-11,US,Mississippi,Marion,819,28,0,31.23132643,-89.8209217,28091.0,3332.9263826150645,3.418803418803418,791,809,28,0,781,806,24715,10,0,0,10,3
2020-09-11,US,Mississippi,Marshall,1050,14,0,34.76216286,-89.50299462,28093.0,2975.0099166997225,1.3333333333333333,1036,1034,14,0,1020,1028,35451,16,0,0,16,6
2020-09-11,US,Mississippi,Monroe,1134,64,0,33.89236763,-88.4808438,28095.0,3216.838760921366,5.643738977072309,1070,1124,64,0,1060,1114,35564,10,0,0,10,10
2020-09-11,US,Mississippi,Montgomery,435,19,0,33.49419589,-89.61729103,28097.0,4450.127877237852,4.367816091954023,416,429,19,0,410,426,10023,6,0,0,6,3
2020-09-11,US,Mississippi,Neshoba,1493,102,0,32.75339664,-89.11726492,28099.0,5127.412597019026,6.831882116543873,1391,1480,102,0,1378,1472,29125,13,0,0,13,8
2020-09-11,US,Mississippi,Newton,723,20,0,32.40021118,-89.11843336,28101.0,3439.9086497288035,2.7662517289073305,703,710,20,0,690,701,21443,13,0,0,13,9
2020-09-11,US,Mississippi,Noxubee,535,14,0,33.11009499,-88.56949061,28103.0,5135.835653259096,2.616822429906542,521,534,14,0,520,533,10535,1,0,0,1,1
2020-09-11,US,Mississippi,Oktibbeha,1658,46,0,33.42491685,-88.87905132,28105.0,3343.618287051041,2.7744270205066344,1612,1628,46,0,1582,1607,49599,30,0,0,30,21
2020-09-11,US,Mississippi,Panola,1358,26,0,34.36398677,-89.95064249,28107.0,3971.689284043051,1.9145802650957289,1332,1344,26,0,1318,1339,34178,14,0,0,14,5
2020-09-11,US,Mississippi,Pearl River,818,49,0,30.77090935,-89.58677275,28109.0,1472.9449896461692,5.990220048899755,769,801,49,0,752,799,55387,17,0,0,17,2
2020-09-11,US,Mississippi,Perry,370,14,0,31.17161885,-88.99281835,28111.0,3090.286477908628,3.783783783783784,356,365,12,0,353,366,11931,5,2,0,3,-1
2020-09-11,US,Mississippi,Pike,1183,47,0,31.17507789,-90.40392572,28113.0,3011.097536143352,3.972950126796281,1136,1181,46,0,1135,1180,39563,2,1,0,1,1
2020-09-11,US,Mississippi,Pontotoc,1150,15,0,34.226046000000004,-89.03636807,28115.0,3574.314664014421,1.3043478260869563,1135,1142,15,0,1127,1135,31833,8,0,0,8,7
2020-09-11,US,Mississippi,Prentiss,723,15,0,34.61810501,-88.51986294,28117.0,2877.4974130382866,2.074688796680498,708,713,15,0,698,703,25315,10,0,0,10,10
2020-09-11,US,Mississippi,Quitman,354,5,0,34.25157572,-90.28908,28119.0,5212.014134275619,1.4124293785310735,349,352,5,0,347,352,7051,2,0,0,2,0
2020-09-11,US,Mississippi,Rankin,3053,71,0,32.26469147,-89.94537876,28121.0,1966.2396712843995,2.3255813953488373,2982,3035,71,0,2964,3025,153902,18,0,0,18,10
2020-09-11,US,Mississippi,Scott,1134,23,0,32.406704100000006,-89.53789439,28123.0,4032.1433650974254,2.0282186948853616,1111,1130,23,0,1107,1126,28287,4,0,0,4,4
2020-09-11,US,Mississippi,Sharkey,257,11,0,32.88149103,-90.81595379999999,28125.0,5947.697292293451,4.280155642023346,246,256,11,0,245,256,4377,1,0,0,1,0
2020-09-11,US,Mississippi,Simpson,993,40,0,31.91282117,-89.91716179,28127.0,3724.960612198965,4.028197381671702,953,979,40,0,939,975,26758,14,0,0,14,4
2020-09-11,US,Mississippi,Smith,502,13,0,32.01744532,-89.50644846,28129.0,3154.058808745916,2.589641434262948,489,496,13,0,483,492,16002,6,0,0,6,4
2020-09-11,US,Mississippi,Stone,341,11,0,30.79187949,-89.11547539,28131.0,1859.7294938917976,3.2258064516129035,330,339,11,0,328,339,18717,2,0,0,2,0
2020-09-11,US,Mississippi,Sunflower,1337,42,0,33.60192578,-90.58882684,28133.0,5324.571883711668,3.141361256544503,1295,1326,42,0,1284,1317,25735,11,0,0,11,9
2020-09-11,US,Mississippi,Tallahatchie,699,14,0,33.95339918,-90.1729398,28135.0,5061.916141646751,2.0028612303290414,685,697,14,0,683,680,13987,2,0,0,2,17
2020-09-11,US,Mississippi,Tate,909,35,0,34.65133709,-89.94485778,28137.0,3209.6324282334667,3.8503850385038505,874,902,35,0,867,893,28759,7,0,0,7,9
2020-09-11,US,Mississippi,Tippah,600,16,0,34.76872156,-88.90988194,28139.0,2725.414490120373,2.6666666666666665,584,586,16,0,570,578,21995,14,0,0,14,8
2020-09-11,US,Mississippi,Tishomingo,617,33,0,34.74023475,-88.23917219,28141.0,3183.2017747510704,5.348460291734198,584,607,33,0,574,600,19454,10,0,0,10,7
2020-09-11,US,Mississippi,Tunica,463,13,0,34.64967704,-90.37481167,28143.0,4806.893687707641,2.8077753779697625,450,461,13,0,448,459,9944,2,0,0,2,2
2020-09-11,US,Mississippi,Union,943,23,0,34.49162015,-89.00776006,28145.0,3272.6010758285606,2.4390243902439024,920,938,23,0,915,927,28606,5,0,0,5,11
2020-09-11,US,Mississippi,Walthall,579,24,0,31.14971548,-90.10446654,28147.0,4052.9189416211684,4.1450777202072535,555,579,24,0,555,579,14465,0,0,0,0,0
2020-09-11,US,Mississippi,Warren,1348,47,0,32.35810271,-90.83352619,28149.0,2970.406117097464,3.486646884272997,1301,1347,46,0,1301,1342,46176,1,1,0,0,5
2020-09-11,US,Mississippi,Washington,2104,70,0,33.28392041,-90.94196237,28151.0,4791.728347263659,3.3269961977186315,2034,2090,70,0,2020,2086,45063,14,0,0,14,4
2020-09-11,US,Mississippi,Wayne,863,21,0,31.64135687,-88.69573913,28153.0,4275.875737006391,2.433371958285052,842,863,21,0,842,863,20298,0,0,0,0,0
2020-09-11,US,Mississippi,Webster,320,13,0,33.61300486,-89.28392912,28155.0,3302.714418412633,4.0625,307,317,13,0,304,315,9788,3,0,0,3,2
2020-09-11,US,Mississippi,Wilkinson,288,17,0,31.16078225,-91.31018819,28157.0,3337.195828505214,5.902777777777778,271,287,17,0,270,284,8792,1,0,0,1,3
2020-09-11,US,Mississippi,Winston,712,19,0,33.08747908,-89.03391385,28159.0,3965.469228627123,2.668539325842697,693,710,19,0,691,710,18165,2,0,0,2,0
2020-09-11,US,Mississippi,Yalobusha,400,13,0,34.02824175,-89.70762049999998,28161.0,3303.6009250082593,3.25,387,393,13,0,380,391,12392,7,0,0,7,2
2020-09-11,US,Mississippi,Yazoo,1008,23,0,32.77890365,-90.39656148,28163.0,3395.0825193667897,2.281746031746032,985,999,23,0,976,997,28248,9,0,0,9,2
2020-09-11,US,Missouri,Adair,284,0,0,40.19058551,-92.60078167,29001.0,1120.6250246616423,0.0,284,283,0,0,283,278,25339,1,0,0,1,5
2020-09-11,US,Missouri,Andrew,164,1,0,39.98492163,-94.80163024,29003.0,925.9259259259261,0.6097560975609756,163,156,1,0,155,157,17607,8,0,0,8,-1
2020-09-11,US,Missouri,Atchison,39,0,0,40.43238737,-95.42970639,29005.0,758.312269103636,0.0,39,39,0,0,39,37,5171,0,0,0,0,2
2020-09-11,US,Missouri,Audrain,334,2,0,39.215877,-91.84242683,29007.0,1315.5821648022686,0.5988023952095808,332,333,2,0,331,332,25473,1,0,0,1,1
2020-09-11,US,Missouri,Barry,399,5,0,36.70978521,-93.82919888,29009.0,1114.8676967783397,1.2531328320802004,394,389,5,0,384,388,35886,10,0,0,10,1
2020-09-11,US,Missouri,Barton,132,0,0,37.50207671,-94.34757022,29011.0,1123.0219499744767,0.0,132,124,0,0,124,122,11798,8,0,0,8,2
2020-09-11,US,Missouri,Bates,81,1,0,38.25271289,-94.34113157,29013.0,500.8656937917388,1.2345679012345678,80,80,1,0,79,80,16320,1,0,0,1,0
2020-09-11,US,Missouri,Benton,165,1,0,38.29503305,-93.28756116,29015.0,848.634469989199,0.6060606060606061,164,165,1,0,164,165,19278,0,0,0,0,0
2020-09-11,US,Missouri,Bollinger,233,1,0,37.32449052,-90.02725304,29017.0,1920.382428088684,0.4291845493562232,232,176,1,0,175,172,12169,57,0,0,57,4
2020-09-11,US,Missouri,Boone,3780,6,0,38.99186229,-92.30723575,29019.0,2094.61219197287,0.15873015873015872,3774,3695,6,0,3689,3627,180005,85,0,0,85,68
2020-09-11,US,Missouri,Buchanan,1476,13,0,39.65816401,-94.80138942,29021.0,1689.4830822764527,0.8807588075880759,1463,1455,13,0,1442,1450,88571,21,0,0,21,5
2020-09-11,US,Missouri,Butler,458,4,0,36.71462476,-90.40421163,29023.0,1078.2051885682001,0.8733624454148472,454,442,4,0,438,430,42639,16,0,0,16,12
2020-09-11,US,Missouri,Caldwell,53,1,0,39.65620858,-93.98308093,29025.0,587.5831485587584,1.8867924528301887,52,51,1,0,50,50,9108,2,0,0,2,1
2020-09-11,US,Missouri,Callaway,474,2,0,38.83674754,-91.92186505,29027.0,1059.3835907292762,0.4219409282700422,472,458,2,0,456,442,44889,16,0,0,16,16
2020-09-11,US,Missouri,Camden,655,9,0,38.02199522,-92.76083747,29029.0,1414.534067595292,1.3740458015267176,646,647,9,0,638,630,45815,8,0,0,8,17
2020-09-11,US,Missouri,Cape Girardeau,1193,8,0,37.38489388,-89.6843587,29031.0,1512.596518365432,0.6705783738474435,1185,1153,8,0,1145,1122,78753,40,0,0,40,31
2020-09-11,US,Missouri,Carroll,121,1,0,39.42762566,-93.50626255,29033.0,1394.1698352344738,0.8264462809917356,120,121,1,0,120,121,8743,0,0,0,0,0
2020-09-11,US,Missouri,Carter,47,1,0,36.94160441,-90.96051322,29035.0,785.6904045469742,2.127659574468085,46,45,1,0,44,42,6054,2,0,0,2,3
2020-09-11,US,Missouri,Cass,1219,16,0,38.64789422,-94.353399,29037.0,1152.3917564757046,1.3125512715340444,1203,1203,16,0,1187,1187,104954,16,0,0,16,16
2020-09-11,US,Missouri,Cedar,67,0,0,37.72391475,-93.85445441,29039.0,466.9314934838665,0.0,67,65,0,0,65,63,14165,2,0,0,2,2
2020-09-11,US,Missouri,Chariton,38,0,0,39.51499357,-92.9629191,29041.0,511.7155938594128,0.0,38,37,0,0,37,37,7451,1,0,0,1,0
2020-09-11,US,Missouri,Christian,917,3,0,36.9711783,-93.18537118,29043.0,1035.0471245555616,0.3271537622682661,914,893,3,0,890,878,86983,24,0,0,24,15
2020-09-11,US,Missouri,Clark,52,0,0,40.41040752,-91.73661677,29045.0,765.0434015006621,0.0,52,51,0,0,51,51,6842,1,0,0,1,0
2020-09-11,US,Missouri,Clay,1561,39,0,39.31132056,-94.41850862,29047.0,624.5299022196617,2.498398462524023,1522,1541,39,0,1502,1530,246365,20,0,0,20,11
2020-09-11,US,Missouri,Clinton,175,0,0,39.6013098,-94.40465394,29049.0,858.3901505861577,0.0,175,170,0,0,170,168,20470,5,0,0,5,2
2020-09-11,US,Missouri,Cole,1119,7,0,38.50455671,-92.27860244,29051.0,1458.075444654375,0.6255585344057194,1112,1088,7,0,1081,1048,76796,31,0,0,31,40
2020-09-11,US,Missouri,Cooper,311,2,0,38.844478,-92.80896081,29053.0,1756.169179513242,0.6430868167202572,309,308,2,0,306,306,17603,3,0,0,3,2
2020-09-11,US,Missouri,Crawford,231,2,0,37.97663738,-91.30528104,29055.0,965.7190635451503,0.8658008658008658,229,225,2,0,223,221,23957,6,0,0,6,4
2020-09-11,US,Missouri,Dade,39,0,0,37.431814,-93.8503345,29057.0,515.8047877264912,0.0,39,37,0,0,37,36,7569,2,0,0,2,1
2020-09-11,US,Missouri,Dallas,142,1,0,37.681135499999996,-93.02127031,29059.0,841.3319113639056,0.7042253521126759,141,137,1,0,136,133,16762,5,0,0,5,4
2020-09-11,US,Missouri,Daviess,61,0,0,39.96145298,-93.98519678,29061.0,736.89296931626,0.0,61,52,0,0,52,52,8313,9,0,0,9,0
2020-09-11,US,Missouri,DeKalb,88,2,0,39.89201062,-94.40476508,29063.0,701.3628755877901,2.272727272727273,86,85,2,0,83,84,12630,3,0,0,3,1
2020-09-11,US,Missouri,Dent,69,0,0,37.60663134,-91.50790473,29065.0,443.07455210942015,0.0,69,61,0,0,61,58,15441,8,0,0,8,3
2020-09-11,US,Missouri,Douglas,132,3,0,36.9325593,-92.49905109,29067.0,1001.1376564277588,2.272727272727273,129,128,3,0,125,124,13373,4,0,0,4,4
2020-09-11,US,Missouri,Dunklin,612,6,0,36.27167174,-90.09122243,29069.0,2100.8547595345167,0.9803921568627452,606,600,6,0,594,586,29423,12,0,0,12,14
2020-09-11,US,Missouri,Franklin,1235,23,0,38.41127108,-91.07522826,29071.0,1187.8769224850191,1.862348178137652,1212,1223,22,0,1201,1203,103670,12,1,0,11,20
2020-09-11,US,Missouri,Gasconade,132,6,0,38.43947277,-91.50847147,29073.0,897.592819257446,4.545454545454546,126,126,6,0,120,122,14705,6,0,0,6,4
2020-09-11,US,Missouri,Gentry,105,9,0,40.21097916,-94.40944419,29075.0,1597.930299802161,8.571428571428571,96,103,9,0,94,104,6628,2,0,0,2,-1
2020-09-11,US,Missouri,Greene,4407,19,0,37.2575872,-93.34230916,29077.0,1503.6542175334205,0.4311322895393692,4388,4304,19,0,4285,4200,291923,103,0,0,103,104
2020-09-11,US,Missouri,Grundy,109,1,0,40.11406587,-93.56509276,29079.0,1106.5989847715737,0.9174311926605504,108,100,1,0,99,100,9914,9,0,0,9,0
2020-09-11,US,Missouri,Harrison,91,1,0,40.35570088,-93.99222144,29081.0,1089.5593869731802,1.0989010989010992,90,90,1,0,89,86,8414,1,0,0,1,4
2020-09-11,US,Missouri,Henry,139,4,0,38.38482826,-93.79293734,29083.0,636.9134897360702,2.8776978417266186,135,139,4,0,135,135,21792,0,0,0,0,4
2020-09-11,US,Missouri,Hickory,70,2,0,37.94163617,-93.3203037,29085.0,733.4450963956411,2.8571428571428568,68,69,1,0,68,68,9509,1,1,0,0,1
2020-09-11,US,Missouri,Holt,72,0,0,40.09799248,-95.21638879999999,29087.0,1635.2486940722235,0.0,72,72,0,0,72,72,4404,0,0,0,0,0
2020-09-11,US,Missouri,Howard,137,2,0,39.1435761,-92.69756691,29089.0,1369.86301369863,1.45985401459854,135,131,2,0,129,131,10137,6,0,0,6,0
2020-09-11,US,Missouri,Howell,377,3,0,36.77383887,-91.88683935,29091.0,939.7512276590973,0.7957559681697612,374,370,3,0,367,338,40076,7,0,0,7,32
2020-09-11,US,Missouri,Iron,42,0,0,37.55487945,-90.7735296,29093.0,414.8148148148149,0.0,42,41,0,0,41,42,10177,1,0,0,1,-1
2020-09-11,US,Missouri,Jackson,6313,85,0,39.01002188,-94.34724536,29095.0,897.9944837278506,1.3464280057025186,6228,6232,85,0,6147,6168,700307,81,0,0,81,64
2020-09-11,US,Missouri,Jasper,3004,39,0,37.20351921,-94.34050458,29097.0,2475.933008044309,1.2982689747003997,2965,2924,37,0,2887,2824,120636,80,2,0,78,100
2020-09-11,US,Missouri,Jefferson,3288,47,0,38.25926778,-90.53870896,29099.0,1460.807442653978,1.429440389294404,3241,3207,47,0,3160,3190,224347,81,0,0,81,17
2020-09-11,US,Missouri,Johnson,777,4,0,38.74719601,-93.80691168,29101.0,1437.2387259072916,0.5148005148005148,773,768,4,0,764,767,53652,9,0,0,9,1
2020-09-11,US,Missouri,Kansas City,10026,96,0,39.0997,-94.5786,0.0,2050.545769138734,0.957510472770796,9930,9932,96,0,9836,9852,491918,94,0,0,94,80
2020-09-11,US,Missouri,Knox,45,0,0,40.12699751,-92.14780832,29103.0,1136.6506693609495,0.0,45,45,0,0,45,45,3947,0,0,0,0,0
2020-09-11,US,Missouri,Laclede,377,1,0,37.65896829,-92.5888493,29105.0,1055.3424964308708,0.26525198938992045,376,353,1,0,352,344,35713,24,0,0,24,9
2020-09-11,US,Missouri,Lafayette,292,2,0,39.06986886,-93.78076396,29107.0,892.7479515714807,0.6849315068493149,290,285,2,0,283,281,32598,7,0,0,7,4
2020-09-11,US,Missouri,Lawrence,422,2,0,37.10626634,-93.83293097,29109.0,1100.2476860904706,0.4739336492890995,420,419,2,0,417,408,38359,3,0,0,3,11
2020-09-11,US,Missouri,Lewis,68,2,0,40.09673161,-91.72070156,29111.0,695.5810147299509,2.9411764705882355,66,68,2,0,66,67,9855,0,0,0,0,1
2020-09-11,US,Missouri,Lincoln,641,2,0,39.05345619,-90.95588181,29113.0,1086.201345466253,0.31201248049922,639,637,2,0,635,630,57686,4,0,0,4,7
2020-09-11,US,Missouri,Linn,50,1,0,39.87001769,-93.10704106,29115.0,419.4630872483222,2.0,49,49,1,0,48,49,12037,1,0,0,1,0
2020-09-11,US,Missouri,Livingston,346,1,0,39.78110272,-93.54645978,29117.0,2272.279503513496,0.28901734104046245,345,342,1,0,341,341,15146,4,0,0,4,1
2020-09-11,US,Missouri,Macon,96,0,0,39.83049768,-92.56453089,29121.0,635.0466362373488,0.0,96,91,0,0,91,89,15153,5,0,0,5,2
2020-09-11,US,Missouri,Madison,229,0,0,37.47865134,-90.34671429999999,29123.0,1894.440767703508,0.0,229,224,0,0,224,222,12188,5,0,0,5,2
2020-09-11,US,Missouri,Maries,57,0,0,38.16193985,-91.92249662,29125.0,655.3984132459469,0.0,57,55,0,0,55,50,8769,2,0,0,2,5
2020-09-11,US,Missouri,Marion,575,7,0,39.80601912,-91.62203062,29127.0,2015.422362425517,1.2173913043478262,568,574,7,0,567,571,28592,1,0,0,1,3
2020-09-11,US,Missouri,McDonald,1011,10,0,36.62869595,-94.34867205,29119.0,4427.026316941805,0.9891196834817012,1001,1008,10,0,998,1000,23078,3,0,0,3,8
2020-09-11,US,Missouri,Mercer,25,0,0,40.42212303,-93.56829590000001,29129.0,691.1805363560962,0.0,25,25,0,0,25,25,3641,0,0,0,0,0
2020-09-11,US,Missouri,Miller,338,1,0,38.21450288,-92.42610898,29131.0,1319.3333073109802,0.2958579881656805,337,329,1,0,328,313,25336,9,0,0,9,16
2020-09-11,US,Missouri,Mississippi,257,3,0,36.82516239,-89.29505753,29133.0,1949.9241274658573,1.1673151750972763,254,255,3,0,252,250,13336,2,0,0,2,5
2020-09-11,US,Missouri,Moniteau,217,4,0,38.63571781,-92.57976951,29135.0,1345.1524919414826,1.8433179723502304,213,214,4,0,210,210,16121,3,0,0,3,4
2020-09-11,US,Missouri,Monroe,78,0,0,39.49593978,-92.00043978,29137.0,902.3600185099492,0.0,78,78,0,0,78,78,8664,0,0,0,0,0
2020-09-11,US,Missouri,Montgomery,65,1,0,38.94022054,-91.47000721,29139.0,562.7218422647388,1.5384615384615383,64,65,1,0,64,63,11534,0,0,0,0,2
2020-09-11,US,Missouri,Morgan,183,1,0,38.4181765,-92.88791859,29141.0,887.186697047559,0.5464480874316939,182,176,1,0,175,169,20358,7,0,0,7,7
2020-09-11,US,Missouri,New Madrid,473,11,0,36.59666326,-89.66070007,29143.0,2769.9695479034913,2.3255813953488373,462,462,10,0,452,460,17296,11,1,0,10,2
2020-09-11,US,Missouri,Newton,1188,13,0,36.90519407,-94.3394104,29145.0,2039.9752730269931,1.0942760942760943,1175,1169,13,0,1156,1155,58266,19,0,0,19,14
2020-09-11,US,Missouri,Nodaway,663,7,0,40.36079813,-94.88133008,29147.0,3001.0863661053772,1.0558069381598794,656,655,7,0,648,649,22304,8,0,0,8,6
2020-09-11,US,Missouri,Oregon,71,0,0,36.68710164,-91.4033755,29149.0,674.3280463481813,0.0,71,71,0,0,71,67,10541,0,0,0,0,4
2020-09-11,US,Missouri,Osage,99,1,0,38.46036182,-91.8613635,29151.0,727.1391847227322,1.0101010101010102,98,99,1,0,98,96,13714,0,0,0,0,3
2020-09-11,US,Missouri,Ozark,75,0,0,36.64916339,-92.44459066,29153.0,817.5277959450623,0.0,75,70,0,0,70,70,9017,5,0,0,5,0
2020-09-11,US,Missouri,Pemiscot,410,9,0,36.2130572,-89.78742322,29155.0,2594.115786143625,2.1951219512195124,401,399,9,0,390,392,16272,11,0,0,11,7
2020-09-11,US,Missouri,Perry,481,4,0,37.70660776,-89.82741088,29157.0,2513.586956521739,0.8316008316008316,477,466,4,0,462,448,19150,15,0,0,15,18
2020-09-11,US,Missouri,Pettis,871,8,0,38.72798918,-93.28471706,29159.0,2057.20494107088,0.9184845005740528,863,867,8,0,859,860,42542,4,0,0,4,7
2020-09-11,US,Missouri,Phelps,308,1,0,37.87736118,-91.79351727,29161.0,691.0012788010678,0.3246753246753247,307,294,1,0,293,276,44732,14,0,0,14,18
2020-09-11,US,Missouri,Pike,173,2,0,39.34310674,-91.16980779,29163.0,945.2518850398864,1.1560693641618498,171,171,2,0,169,170,18504,2,0,0,2,1
2020-09-11,US,Missouri,Platte,560,10,0,39.38154439,-94.77068479,29165.0,536.3060008810742,1.7857142857142858,550,552,10,0,542,543,102985,8,0,0,8,9
2020-09-11,US,Missouri,Polk,376,1,0,37.616229600000004,-93.39828174,29167.0,1169.554262963078,0.26595744680851063,375,369,1,0,368,356,32201,7,0,0,7,13
2020-09-11,US,Missouri,Pulaski,446,2,0,37.82462075,-92.20783203,29169.0,847.7959206949646,0.4484304932735426,444,435,2,0,433,435,52014,11,0,0,11,0
2020-09-11,US,Missouri,Putnam,30,1,0,40.47942497,-93.02042674,29171.0,638.8415672913118,3.333333333333333,29,29,1,0,28,28,4757,1,0,0,1,1
2020-09-11,US,Missouri,Ralls,128,0,0,39.52817427,-91.51838643,29173.0,1241.6335241051509,0.0,128,128,0,0,128,126,10212,0,0,0,0,2
2020-09-11,US,Missouri,Randolph,166,1,0,39.44007257,-92.49713740000001,29175.0,670.7612736382738,0.6024096385542169,165,157,1,0,156,151,24763,9,0,0,9,6
2020-09-11,US,Missouri,Ray,138,0,0,39.353746799999996,-93.98905745,29177.0,599.5308019810583,0.0,138,136,0,0,136,135,22883,2,0,0,2,1
2020-09-11,US,Missouri,Reynolds,26,0,0,37.36085952,-90.97009925,29179.0,414.67304625199364,0.0,26,26,0,0,26,26,6254,0,0,0,0,0
2020-09-11,US,Missouri,Ripley,125,0,0,36.65460667,-90.85990261,29181.0,940.6983744732088,0.0,125,121,0,0,121,121,13401,4,0,0,4,0
2020-09-11,US,Missouri,Saline,599,9,0,39.13734288,-93.20259964,29195.0,2631.6945652651466,1.5025041736227045,590,595,9,0,586,593,22895,4,0,0,4,2
2020-09-11,US,Missouri,Schuyler,21,0,0,40.46921489,-92.52311943,29197.0,450.6437768240344,0.0,21,20,0,0,20,20,4599,1,0,0,1,0
2020-09-11,US,Missouri,Scotland,22,1,0,40.45214695,-92.14709064,29199.0,448.796409628723,4.545454545454546,21,22,1,0,21,22,4966,0,0,0,0,0
2020-09-11,US,Missouri,Scott,725,15,0,37.05588075,-89.56474493,29201.0,1893.939393939394,2.0689655172413794,710,713,15,0,698,708,38458,12,0,0,12,5
2020-09-11,US,Missouri,Shannon,63,1,0,37.15772072,-91.40190382,29203.0,771.4915503306391,1.5873015873015872,62,60,1,0,59,60,8189,3,0,0,3,0
2020-09-11,US,Missouri,Shelby,56,1,0,39.79742518,-92.07634971,29205.0,944.3507588532884,1.7857142857142858,55,55,1,0,54,55,6050,1,0,0,1,0
2020-09-11,US,Missouri,St. Charles,6468,105,0,38.77875681,-90.66662425,29183.0,1608.8671764231808,1.6233766233766234,6363,6385,105,0,6280,6343,399182,83,0,0,83,42
2020-09-11,US,Missouri,St. Clair,32,0,0,38.03699437,-93.77631447,29185.0,340.534213046717,0.0,32,31,0,0,31,30,9395,1,0,0,1,1
2020-09-11,US,Missouri,St. Francois,1395,7,0,37.81214171,-90.47598685,29187.0,2075.429591609016,0.5017921146953405,1388,1372,6,0,1366,1367,66692,23,1,0,22,5
2020-09-11,US,Missouri,St. Louis,21343,763,0,38.63770039999999,-90.4458375,29189.0,2146.740360388451,3.5749426041325023,20580,21187,763,0,20424,21001,996945,156,0,0,156,186
2020-09-11,US,Missouri,St. Louis City,6527,192,0,38.63555736,-90.24349225,29510.0,2171.4973916746508,2.941627087482764,6335,6505,192,0,6313,6486,302838,22,0,0,22,19
2020-09-11,US,Missouri,Ste. Genevieve,141,1,0,37.89090059,-90.1949941,29186.0,787.9736224432771,0.7092198581560284,140,141,1,0,140,138,17888,0,0,0,0,3
2020-09-11,US,Missouri,Stoddard,342,9,0,36.85571651,-89.9444155,29207.0,1178.2945736434108,2.631578947368421,333,331,9,0,322,328,29206,11,0,0,11,3
2020-09-11,US,Missouri,Stone,332,2,0,36.75000327,-93.45256475,29209.0,1039.0585878818226,0.6024096385542169,330,324,2,0,322,321,31749,8,0,0,8,3
2020-09-11,US,Missouri,Sullivan,182,0,0,40.2099105,-93.11150106,29211.0,2988.996551157825,0.0,182,183,0,0,183,182,6221,-1,0,0,-1,1
2020-09-11,US,Missouri,Taney,1021,22,0,36.65465345,-93.04075153,29213.0,1825.5614361321695,2.1547502448579823,999,1008,22,0,986,993,55852,13,0,0,13,15
2020-09-11,US,Missouri,Texas,177,2,0,37.31728859,-91.96564727,29215.0,696.905268131349,1.1299435028248588,175,171,2,0,169,165,25571,6,0,0,6,6
2020-09-11,US,Missouri,Vernon,121,0,0,37.8457799,-94.34127305,29217.0,588.435539561348,0.0,121,117,0,0,117,115,20528,4,0,0,4,2
2020-09-11,US,Missouri,Warren,378,0,0,38.76529479,-91.16124662,29219.0,1060.3382984094926,0.0,378,375,0,0,375,369,34711,3,0,0,3,6
2020-09-11,US,Missouri,Washington,294,1,0,37.96130078,-90.87948158,29221.0,1188.8394662353414,0.3401360544217687,293,279,1,0,278,273,24943,15,0,0,15,6
2020-09-11,US,Missouri,Wayne,120,0,0,37.11303869,-90.46001416,29223.0,932.1836401771147,0.0,120,108,0,0,108,108,13122,12,0,0,12,0
2020-09-11,US,Missouri,Webster,340,2,0,37.2813734,-92.876329,29225.0,858.7593453222873,0.5882352941176471,338,330,1,0,329,318,39109,10,1,0,9,12
2020-09-11,US,Missouri,Worth,18,0,0,40.47945588,-94.42328751,29227.0,894.187779433681,0.0,18,16,0,0,16,16,2040,2,0,0,2,0
2020-09-11,US,Missouri,Wright,127,0,0,37.27029221,-92.46914488,29229.0,694.4064738367325,0.0,127,118,0,0,118,115,18378,9,0,0,9,3
2020-09-11,US,Montana,Beaverhead,72,1,0,45.13434354,-112.89846940000001,30001.0,761.6629641383687,1.3888888888888888,71,72,1,0,71,72,9404,0,0,0,0,0
2020-09-11,US,Montana,Big Horn,763,19,0,45.42335905,-107.492347,30003.0,5728.6583076807565,2.4901703800786366,744,750,17,0,733,735,13338,13,2,0,11,15
2020-09-11,US,Montana,Blaine,15,0,0,48.43175214,-108.9582723,30005.0,224.51728783116297,0.0,15,15,0,0,15,15,6807,0,0,0,0,0
2020-09-11,US,Montana,Broadwater,17,0,0,46.33277565,-111.49558130000001,30007.0,272.5669392336059,0.0,17,17,0,0,17,16,6085,0,0,0,0,1
2020-09-11,US,Montana,Carbon,96,0,0,45.22850116,-109.0274047,30009.0,895.1048951048951,0.0,96,96,0,0,96,95,10714,0,0,0,0,1
2020-09-11,US,Montana,Cascade,421,5,0,47.30797024,-111.3467922,30013.0,517.4151365435196,1.187648456057007,416,391,5,0,386,383,81643,30,0,0,30,8
2020-09-11,US,Montana,Chouteau,14,0,0,47.88084126,-110.4353362,30015.0,248.44720496894408,0.0,14,15,0,0,15,11,5745,-1,0,0,-1,4
2020-09-11,US,Montana,Custer,75,2,0,46.25319932,-105.57375259999998,30017.0,657.7793369584283,2.6666666666666665,73,74,2,0,72,71,11586,1,0,0,1,3
2020-09-11,US,Montana,Daniels,3,0,0,48.78420029,-105.54763429999998,30019.0,177.5147928994083,0.0,3,3,0,0,3,3,1747,0,0,0,0,0
2020-09-11,US,Montana,Dawson,58,1,0,47.26584855,-104.89444170000002,30021.0,673.4006734006732,1.7241379310344829,57,54,1,0,53,54,8680,4,0,0,4,0
2020-09-11,US,Montana,Deer Lodge,84,0,0,46.05953325,-113.073353,30023.0,919.0371991247264,0.0,84,84,0,0,84,82,9131,0,0,0,0,2
2020-09-11,US,Montana,Fallon,4,0,0,46.33478338,-104.41835649999999,30025.0,140.54813773717498,0.0,4,4,0,0,4,4,2920,0,0,0,0,0
2020-09-11,US,Montana,Fergus,51,0,0,47.26331584,-109.2245206,30027.0,461.5384615384616,0.0,51,51,0,0,51,51,11113,0,0,0,0,0
2020-09-11,US,Montana,Flathead,729,13,0,48.29575866,-114.05205690000001,30029.0,702.271544997399,1.7832647462277091,716,727,9,0,718,723,102106,2,4,0,-2,4
2020-09-11,US,Montana,Gallatin,1142,3,0,45.54486106,-111.1692571,30031.0,997.9551531887377,0.2626970227670753,1139,1134,3,0,1131,1126,111876,8,0,0,8,8
2020-09-11,US,Montana,Garfield,15,0,0,47.27545948,-107.0002351,30033.0,1192.368839427663,0.0,15,15,0,0,15,15,1268,0,0,0,0,0
2020-09-11,US,Montana,Glacier,158,1,0,48.70513576,-112.9934235,30035.0,1148.8402530357014,0.6329113924050633,157,157,1,0,156,148,13747,1,0,0,1,9
2020-09-11,US,Montana,Golden Valley,3,0,0,46.3816474,-109.17685220000001,30037.0,365.4080389768576,0.0,3,3,0,0,3,3,826,0,0,0,0,0
2020-09-11,US,Montana,Granite,21,0,0,46.40605220000001,-113.4414186,30039.0,621.4856466410181,0.0,21,21,0,0,21,21,3378,0,0,0,0,0
2020-09-11,US,Montana,Hill,106,2,0,48.62879827,-110.1129252,30041.0,643.0478039310848,1.8867924528301887,104,104,2,0,102,102,16347,2,0,0,2,2
2020-09-11,US,Montana,Jefferson,45,0,0,46.14907081,-112.094396,30043.0,368.2186400458229,0.0,45,45,0,0,45,41,12097,0,0,0,0,4
2020-09-11,US,Montana,Judith Basin,6,0,0,47.04581276,-110.26606880000001,30045.0,298.95366218236165,0.0,6,6,0,0,6,6,1952,0,0,0,0,0
2020-09-11,US,Montana,Lake,232,1,0,47.64514965,-114.0898013,30047.0,761.7046424584674,0.4310344827586207,231,227,1,0,226,227,30250,5,0,0,5,0
2020-09-11,US,Montana,Lewis and Clark,208,3,0,47.12610041,-112.39469799999999,30049.0,299.5736836041018,1.4423076923076923,205,208,3,0,205,209,68700,0,0,0,0,-1
2020-09-11,US,Montana,Liberty,11,0,0,48.56084317,-111.02430700000001,30051.0,470.6889174154898,0.0,11,11,0,0,11,10,2430,0,0,0,0,1
2020-09-11,US,Montana,Lincoln,103,3,0,48.54265777,-115.4046155,30053.0,515.5155155155155,2.9126213592233015,100,101,3,0,98,101,19794,2,0,0,2,0
2020-09-11,US,Montana,Madison,96,1,0,45.30080065,-111.9173017,30057.0,1116.2790697674418,1.0416666666666667,95,96,1,0,95,95,8768,0,0,0,0,1
2020-09-11,US,Montana,McCone,14,0,0,47.64469406,-105.79449939999999,30055.0,841.3461538461537,0.0,14,14,0,0,14,14,1675,0,0,0,0,0
2020-09-11,US,Montana,Meagher,9,1,0,46.59907074,-110.8898557,30059.0,483.35123523093455,11.111111111111109,8,9,1,0,8,9,1866,0,0,0,0,0
2020-09-11,US,Montana,Mineral,2,0,0,47.15283992,-115.00152390000001,30061.0,45.48555833522857,0.0,2,2,0,0,2,2,4316,0,0,0,0,0
2020-09-11,US,Montana,Missoula,467,3,0,47.03728583,-113.92135079999998,30063.0,390.4682274247492,0.6423982869379015,464,462,3,0,459,453,118791,5,0,0,5,9
2020-09-11,US,Montana,Musselshell,23,1,0,46.49684637,-108.39498,30065.0,496.4385927045111,4.3478260869565215,22,22,0,0,22,22,4651,1,1,0,0,0
2020-09-11,US,Montana,Park,75,0,0,45.48965095,-110.52643940000002,30067.0,451.64398410213175,0.0,75,74,0,0,74,71,16736,1,0,0,1,3
2020-09-11,US,Montana,Phillips,114,0,0,48.25936577,-107.9128511,30071.0,2883.156297420334,0.0,114,114,0,0,114,114,4074,0,0,0,0,0
2020-09-11,US,Montana,Pondera,17,0,0,48.22773388,-112.22527029999999,30073.0,287.5993909659956,0.0,17,16,0,0,16,16,5972,1,0,0,1,0
2020-09-11,US,Montana,Powder River,2,0,0,45.39617714,-105.636738,30075.0,118.90606420927469,0.0,2,2,0,0,2,2,1716,0,0,0,0,0
2020-09-11,US,Montana,Powell,10,0,0,46.85538891,-112.93591640000001,30077.0,145.1378809869376,0.0,10,10,0,0,10,10,6968,0,0,0,0,0
2020-09-11,US,Montana,Prairie,1,0,0,46.86048047,-105.379384,30079.0,92.85051067780873,0.0,1,1,0,0,1,1,1087,0,0,0,0,0
2020-09-11,US,Montana,Ravalli,115,2,0,46.08520862,-114.11891640000002,30081.0,262.52111582888193,1.7391304347826086,113,113,2,0,111,113,43172,2,0,0,2,0
2020-09-11,US,Montana,Richland,68,2,0,47.78668011,-104.5610786,30083.0,629.4547810793298,2.9411764705882355,66,66,2,0,64,64,10913,2,0,0,2,2
2020-09-11,US,Montana,Roosevelt,66,1,0,48.29607488,-105.00792679999999,30085.0,599.7818974918213,1.5151515151515151,65,63,1,0,62,63,11059,3,0,0,3,0
2020-09-11,US,Montana,Rosebud,395,6,0,46.23397237,-106.72928799999998,30087.0,4419.827682667562,1.5189873417721518,389,392,6,0,386,368,9063,3,0,0,3,24
2020-09-11,US,Montana,Sanders,42,1,0,47.67657534,-115.1329916,30089.0,346.7349129034921,2.380952380952381,41,43,0,0,43,42,11844,-1,1,0,-2,1
2020-09-11,US,Montana,Sheridan,5,0,0,48.72085833,-104.50382900000001,30091.0,151.1030522816561,0.0,5,5,0,0,5,5,3424,0,0,0,0,0
2020-09-11,US,Montana,Silver Bow,155,0,0,45.90018933,-112.6620092,30093.0,443.9352713733352,0.0,155,154,0,0,154,139,34993,1,0,0,1,15
2020-09-11,US,Montana,Stillwater,47,2,0,45.67071407,-109.3950061,30095.0,487.4507363617506,4.25531914893617,45,46,2,0,44,45,9534,1,0,0,1,1
2020-09-11,US,Montana,Sweet Grass,36,1,0,45.81367654,-109.9425686,30097.0,963.3395772009634,2.7777777777777777,35,35,1,0,34,35,3710,1,0,0,1,0
2020-09-11,US,Montana,Teton,19,0,0,47.83741052,-112.24106880000001,30099.0,309.09386692695625,0.0,19,18,0,0,18,18,6162,1,0,0,1,0
2020-09-11,US,Montana,Toole,60,6,0,48.65577551,-111.69424140000001,30101.0,1266.8918918918919,10.0,54,59,6,0,53,58,4853,1,0,0,1,1
2020-09-11,US,Montana,Treasure,3,0,0,46.20973220000001,-107.26665159999999,30103.0,431.0344827586207,0.0,3,3,0,0,3,3,679,0,0,0,0,0
2020-09-11,US,Montana,Valley,51,0,0,48.36435097,-106.6669635,30105.0,689.5619253650623,0.0,51,51,0,0,51,51,7437,0,0,0,0,0
2020-09-11,US,Montana,Wheatland,6,0,0,46.46652491,-109.84646359999999,30107.0,282.2201317027281,0.0,6,6,0,0,6,4,2236,0,0,0,0,2
2020-09-11,US,Montana,Wibaux,8,0,0,46.95925154,-104.2510927,30109.0,825.5933952528377,0.0,8,8,0,0,8,8,1034,0,0,0,0,0
2020-09-11,US,Montana,Yellowstone,2427,50,0,45.93955949,-108.26914860000001,30111.0,1504.6497210167388,2.0601565718994643,2377,2394,50,0,2344,2319,160137,33,0,0,33,75
2020-09-11,US,Nebraska,Adams,453,11,0,40.52449420000001,-98.50117804,31001.0,1444.3771322896407,2.428256070640177,442,448,11,0,437,441,31511,5,0,0,5,7
2020-09-11,US,Nebraska,Antelope,35,1,0,42.17695516,-98.06662829999999,31003.0,555.7319784058432,2.8571428571428568,34,34,1,0,33,32,6336,1,0,0,1,2
2020-09-11,US,Nebraska,Arthur,1,0,0,41.56896142,-101.6959559,31005.0,215.98272138228938,0.0,1,1,0,0,1,1,465,0,0,0,0,0
2020-09-11,US,Nebraska,Banner,2,0,0,41.54634427,-103.7114332,31007.0,268.4563758389262,0.0,2,2,0,0,2,2,730,0,0,0,0,0
2020-09-11,US,Nebraska,Boone,43,0,0,41.70759415,-98.06737183,31011.0,828.1972265023112,0.0,43,42,0,0,42,38,5239,1,0,0,1,4
2020-09-11,US,Nebraska,Box Butte,41,0,0,42.22079243,-103.08788340000001,31013.0,380.22813688212926,0.0,41,39,0,0,39,37,10772,2,0,0,2,2
2020-09-11,US,Nebraska,Boyd,12,0,0,42.899727399999996,-98.76486568,31015.0,625.3256904637833,0.0,12,10,0,0,10,10,1955,2,0,0,2,0
2020-09-11,US,Nebraska,Brown,8,0,0,42.43018907,-99.92904055,31017.0,270.72758037225043,0.0,8,8,0,0,8,7,2973,0,0,0,0,1
2020-09-11,US,Nebraska,Buffalo,850,3,0,40.85486962,-99.07500296,31019.0,1711.673614047806,0.35294117647058826,847,818,3,0,815,796,49615,32,0,0,32,22
2020-09-11,US,Nebraska,Burt,71,0,0,41.85056773,-96.32605633,31021.0,1099.2413686329153,0.0,71,70,0,0,70,70,6488,1,0,0,1,0
2020-09-11,US,Nebraska,Butler,97,1,0,41.22703692,-97.13106306,31023.0,1210.0798403193612,1.0309278350515465,96,97,1,0,96,97,8058,0,0,0,0,0
2020-09-11,US,Nebraska,Cass,284,2,0,40.90899107,-96.13971217,31025.0,1081.9871990246877,0.7042253521126759,282,281,2,0,279,276,26159,3,0,0,3,5
2020-09-11,US,Nebraska,Cedar,71,0,0,42.598885100000004,-97.25311951,31027.0,845.0368959771483,0.0,71,63,0,0,63,63,8446,8,0,0,8,0
2020-09-11,US,Nebraska,Chase,16,0,0,40.523719799999995,-101.69780259999999,31029.0,407.7471967380224,0.0,16,16,0,0,16,16,3977,0,0,0,0,0
2020-09-11,US,Nebraska,Cherry,37,4,0,42.54502621,-101.1244332,31031.0,650.3779223062049,10.810810810810812,33,35,2,0,33,35,5761,2,2,0,0,0
2020-09-11,US,Nebraska,Cheyenne,31,0,0,41.21999357,-102.9941693,31033.0,347.9236812570146,0.0,31,30,0,0,30,30,9310,1,0,0,1,0
2020-09-11,US,Nebraska,Clay,64,0,0,40.52439441,-98.05126296,31035.0,1031.758826374335,0.0,64,64,0,0,64,64,6214,0,0,0,0,0
2020-09-11,US,Nebraska,Colfax,741,5,0,41.57486951,-97.0868542,31037.0,6919.413577364833,0.6747638326585695,736,739,5,0,734,736,10881,2,0,0,2,3
2020-09-11,US,Nebraska,Cuming,105,0,0,41.91637624,-96.78730772,31039.0,1186.9771648202575,0.0,105,104,0,0,104,102,8940,1,0,0,1,2
2020-09-11,US,Nebraska,Custer,79,4,0,41.39374521,-99.72805369,31041.0,733.0425907024219,5.063291139240507,75,78,4,0,74,78,10840,1,0,0,1,0
2020-09-11,US,Nebraska,Dakota,2076,43,0,42.39040144,-96.56656425,31043.0,10366.523519424749,2.071290944123314,2033,2070,43,0,2027,2064,20083,6,0,0,6,6
2020-09-11,US,Nebraska,Dawes,107,0,0,42.71985036,-103.1313774,31045.0,1245.7794853882874,0.0,107,107,0,0,107,106,8716,0,0,0,0,1
2020-09-11,US,Nebraska,Dawson,1041,12,0,40.87028216,-99.82014609999999,31047.0,4411.9516846789575,1.1527377521613833,1029,1039,12,0,1027,1037,23709,2,0,0,2,2
2020-09-11,US,Nebraska,Deuel,3,0,0,41.11168186,-102.33333309999999,31049.0,167.22408026755855,0.0,3,3,0,0,3,3,1825,0,0,0,0,0
2020-09-11,US,Nebraska,Dixon,74,2,0,42.49188363,-96.86782408,31051.0,1312.9879347054648,2.702702702702702,72,72,2,0,70,70,5709,2,0,0,2,2
2020-09-11,US,Nebraska,Dodge,985,11,0,41.58071748,-96.65598179,31053.0,2693.832900314509,1.116751269035533,974,974,11,0,963,964,36791,11,0,0,11,10
2020-09-11,US,Nebraska,Douglas,14348,173,0,41.29518299,-96.15085305,31055.0,2511.3463918211464,1.2057429606913856,14175,14262,173,0,14089,14158,566880,86,0,0,86,104
2020-09-11,US,Nebraska,Dundy,10,1,0,40.17638677,-101.6876522,31057.0,590.6674542232722,10.0,9,9,1,0,8,9,1770,1,0,0,1,0
2020-09-11,US,Nebraska,Fillmore,44,1,0,40.52458567,-97.59646937,31059.0,805.5657268399854,2.272727272727273,43,41,1,0,40,40,5527,3,0,0,3,1
2020-09-11,US,Nebraska,Franklin,20,0,0,40.17636348,-98.95299073,31061.0,671.366230278617,0.0,20,20,0,0,20,20,3023,0,0,0,0,0
2020-09-11,US,Nebraska,Frontier,6,0,0,40.52993007,-100.3924658,31063.0,228.39741149600303,0.0,6,6,0,0,6,6,2608,0,0,0,0,0
2020-09-11,US,Nebraska,Furnas,29,1,0,40.17642064,-99.91247454,31065.0,620.1881950384943,3.4482758620689653,28,29,1,0,28,29,4715,0,0,0,0,0
2020-09-11,US,Nebraska,Gage,162,5,0,40.26186809,-96.68946704,31067.0,753.0330497838518,3.08641975308642,157,157,4,0,153,154,21493,5,1,0,4,3
2020-09-11,US,Nebraska,Garden,9,0,0,41.61703149,-102.3313973,31069.0,489.9292324442025,0.0,9,9,0,0,9,9,1897,0,0,0,0,0
2020-09-11,US,Nebraska,Garfield,6,0,0,41.91428955,-98.99111827,31071.0,304.7232097511427,0.0,6,6,0,0,6,6,1987,0,0,0,0,0
2020-09-11,US,Nebraska,Gosper,30,0,0,40.51481965,-99.83020279,31073.0,1507.537688442211,0.0,30,26,0,0,26,25,1996,4,0,0,4,1
2020-09-11,US,Nebraska,Greeley,17,0,0,41.56742671,-98.52150266,31077.0,721.5619694397284,0.0,17,16,0,0,16,15,2356,1,0,0,1,1
2020-09-11,US,Nebraska,Hall,1913,47,0,40.87257079,-98.50218293,31079.0,3118.021938617509,2.456874019864088,1866,1908,47,0,1861,1899,61607,5,0,0,5,9
2020-09-11,US,Nebraska,Hamilton,109,12,0,40.87349452,-98.02099117,31081.0,1169.0261690261689,11.009174311926603,97,109,12,0,97,109,9280,0,0,0,0,0
2020-09-11,US,Nebraska,Harlan,8,0,0,40.17658508,-99.40438879,31083.0,236.6863905325444,0.0,8,8,0,0,8,8,3401,0,0,0,0,0
2020-09-11,US,Nebraska,Hitchcock,2,0,0,40.17609175,-101.04164770000001,31087.0,72.41129616220131,0.0,2,2,0,0,2,2,2806,0,0,0,0,0
2020-09-11,US,Nebraska,Holt,35,0,0,42.45522056,-98.78402558,31089.0,347.67060693354523,0.0,35,35,0,0,35,31,10178,0,0,0,0,4
2020-09-11,US,Nebraska,Hooker,7,0,0,41.91586243,-101.1354293,31091.0,1026.392961876833,0.0,7,7,0,0,7,7,682,0,0,0,0,0
2020-09-11,US,Nebraska,Howard,70,5,0,41.2200529,-98.5166499,31093.0,1086.1132660977503,7.142857142857142,65,70,5,0,65,70,6468,0,0,0,0,0
2020-09-11,US,Nebraska,Jefferson,26,0,0,40.17584531,-97.142601,31095.0,369.0036900369004,0.0,26,26,0,0,26,26,7097,0,0,0,0,0
2020-09-11,US,Nebraska,Johnson,32,0,0,40.39257596,-96.26522753,31097.0,631.0392427529086,0.0,32,31,0,0,31,31,5134,1,0,0,1,0
2020-09-11,US,Nebraska,Kearney,126,0,0,40.50663314,-98.94877182,31099.0,1939.9538106235568,0.0,126,123,0,0,123,120,6544,3,0,0,3,3
2020-09-11,US,Nebraska,Keith,51,0,0,41.19930341,-101.66201640000001,31101.0,634.8020911127708,0.0,51,49,0,0,49,49,8021,2,0,0,2,0
2020-09-11,US,Nebraska,Keya Paha,1,0,0,42.87990694,-99.71343729,31103.0,124.06947890818859,0.0,1,2,0,0,2,1,810,-1,0,0,-1,1
2020-09-11,US,Nebraska,Kimball,15,0,0,41.19774275,-103.7148131,31105.0,412.9955947136564,0.0,15,15,0,0,15,15,3618,0,0,0,0,0
2020-09-11,US,Nebraska,Knox,89,0,0,42.63758421,-97.89178836,31107.0,1068.1709073451752,0.0,89,86,0,0,86,85,8419,3,0,0,3,1
2020-09-11,US,Nebraska,Lancaster,5000,22,0,40.78416049,-96.68777155,31109.0,1566.9560312137646,0.44,4978,4843,22,0,4821,4699,317272,157,0,0,157,144
2020-09-11,US,Nebraska,Lincoln,340,2,0,41.04658298,-100.74753740000001,31111.0,973.8213897004068,0.5882352941176471,338,339,2,0,337,337,35185,1,0,0,1,2
2020-09-11,US,Nebraska,Logan,6,0,0,41.56650314,-100.4817851,31113.0,802.1390374331551,0.0,6,6,0,0,6,6,749,0,0,0,0,0
2020-09-11,US,Nebraska,Loup,2,0,0,41.91371961,-99.45440415,31115.0,301.20481927710836,0.0,2,2,0,0,2,2,618,0,0,0,0,0
2020-09-11,US,Nebraska,Madison,703,5,0,41.91676024,-97.6005481,31119.0,2002.9060656998768,0.7112375533428165,698,688,5,0,683,662,35392,15,0,0,15,26
2020-09-11,US,Nebraska,McPherson,6,0,0,41.56797682,-101.05993620000001,31117.0,1214.5748987854256,0.0,6,6,0,0,6,6,492,0,0,0,0,0
2020-09-11,US,Nebraska,Merrick,76,1,0,41.16624273,-98.0374887,31121.0,980.012894906512,1.3157894736842106,75,75,1,0,74,75,7733,1,0,0,1,0
2020-09-11,US,Nebraska,Morrill,71,0,0,41.71711774,-103.0061405,31123.0,1529.5131408875486,0.0,71,68,0,0,68,69,4686,3,0,0,3,-1
2020-09-11,US,Nebraska,Nance,17,0,0,41.39750195,-97.99327291,31125.0,483.0917874396137,0.0,17,16,0,0,16,16,3532,1,0,0,1,0
2020-09-11,US,Nebraska,Nemaha,108,0,0,40.38514847,-95.85433992,31127.0,1549.053356282272,0.0,108,105,0,0,105,103,6958,3,0,0,3,2
2020-09-11,US,Nebraska,Nuckolls,13,0,0,40.17637905,-98.04743961,31129.0,313.404050144648,0.0,13,13,0,0,13,13,4195,0,0,0,0,0
2020-09-11,US,Nebraska,Otoe,129,1,0,40.64843556,-96.13374142,31131.0,805.6457656757433,0.7751937984496124,128,127,1,0,126,127,15985,2,0,0,2,0
2020-09-11,US,Nebraska,Pawnee,13,0,0,40.13141096,-96.23705437,31133.0,497.5124378109453,0.0,13,12,0,0,12,12,2632,1,0,0,1,0
2020-09-11,US,Nebraska,Perkins,32,9,0,40.85082525,-101.6502942,31135.0,1106.8834313386371,28.125,23,31,9,0,22,31,2929,1,0,0,1,0
2020-09-11,US,Nebraska,Phelps,85,0,0,40.51156033,-99.41461667,31137.0,940.8899712198364,0.0,85,83,0,0,83,80,8996,2,0,0,2,3
2020-09-11,US,Nebraska,Pierce,84,7,0,42.26434853,-97.60122773,31139.0,1175.153889199776,8.333333333333334,77,82,4,0,78,77,7142,2,3,0,-1,5
2020-09-11,US,Nebraska,Platte,953,3,0,41.57246836,-97.52144359,31141.0,2847.3259635494483,0.3147953830010493,950,944,3,0,941,930,33363,9,0,0,9,14
2020-09-11,US,Nebraska,Polk,39,1,0,41.18813488,-97.56630712,31143.0,748.1296758104738,2.5641025641025643,38,38,1,0,37,36,5278,1,0,0,1,2
2020-09-11,US,Nebraska,Red Willow,21,0,0,40.17556879999999,-100.476998,31145.0,195.822454308094,0.0,21,21,0,0,21,21,10726,0,0,0,0,0
2020-09-11,US,Nebraska,Richardson,46,1,0,40.1247415,-95.71755036,31147.0,584.8696757787668,2.1739130434782608,45,44,1,0,43,42,7937,2,0,0,2,2
2020-09-11,US,Nebraska,Rock,33,0,0,42.42252217,-99.44832069,31149.0,2431.834929992631,0.0,33,23,0,0,23,19,1360,10,0,0,10,4
2020-09-11,US,Nebraska,Saline,661,2,0,40.52418865,-97.14085859,31151.0,4647.075365579301,0.30257186081694404,659,658,2,0,656,653,14350,3,0,0,3,5
2020-09-11,US,Nebraska,Sarpy,3088,15,0,41.11314181,-96.11156432,31153.0,1649.6078976046495,0.4857512953367876,3073,3055,15,0,3040,3024,184459,33,0,0,33,31
2020-09-11,US,Nebraska,Saunders,305,3,0,41.227810299999994,-96.63773905,31155.0,1413.4766892205025,0.9836065573770492,302,292,3,0,289,290,21303,13,0,0,13,2
2020-09-11,US,Nebraska,Scotts Bluff,387,7,0,41.85070896,-103.70809859999999,31157.0,1086.5292829468249,1.8087855297157625,380,387,6,0,381,384,35989,0,1,0,-1,3
2020-09-11,US,Nebraska,Seward,181,3,0,40.87241834,-97.139673,31159.0,1047.2112936820179,1.6574585635359116,178,179,3,0,176,179,17318,2,0,0,2,0
2020-09-11,US,Nebraska,Sheridan,37,0,0,42.50284406,-102.4126613,31161.0,705.2992756385817,0.0,37,36,0,0,36,35,5190,1,0,0,1,1
2020-09-11,US,Nebraska,Sherman,19,1,0,41.22045983,-98.97588642,31163.0,633.1222925691436,5.2631578947368425,18,18,1,0,17,18,3038,1,0,0,1,0
2020-09-11,US,Nebraska,Sioux,7,0,0,42.48932059,-103.7576544,31165.0,600.3430531732419,0.0,7,7,0,0,7,6,1187,0,0,0,0,1
2020-09-11,US,Nebraska,Stanton,35,0,0,41.9169835,-97.19394708,31167.0,591.2162162162163,0.0,35,35,0,0,35,35,5970,0,0,0,0,0
2020-09-11,US,Nebraska,Thayer,28,0,0,40.17626377,-97.59504381,31169.0,559.6642014791124,0.0,28,28,0,0,28,28,5039,0,0,0,0,0
2020-09-11,US,Nebraska,Thomas,5,0,0,41.91358968,-100.5556632,31171.0,692.5207756232687,0.0,5,5,0,0,5,5,720,0,0,0,0,0
2020-09-11,US,Nebraska,Thurston,240,4,0,42.15725356,-96.54157099,31173.0,3322.2591362126245,1.6666666666666667,236,240,4,0,236,239,7303,0,0,0,0,1
2020-09-11,US,Nebraska,Unassigned,157,3,0,0.0,0.0,90031.0,0.0,1.9108280254777068,154,157,3,0,154,149,,0,0,0,0,8
2020-09-11,US,Nebraska,Valley,25,0,0,41.56730777,-98.98197724,31175.0,601.2506012506012,0.0,25,21,0,0,21,21,4190,4,0,0,4,0
2020-09-11,US,Nebraska,Washington,187,2,0,41.52815707,-96.22019892,31177.0,902.1178059723093,1.0695187165775402,185,181,2,0,179,181,20667,6,0,0,6,0
2020-09-11,US,Nebraska,Wayne,75,0,0,42.20934475,-97.11926964,31179.0,799.1475759190198,0.0,75,68,0,0,68,67,9403,7,0,0,7,1
2020-09-11,US,Nebraska,Webster,14,0,0,40.17642643,-98.50019851,31181.0,401.491253226269,0.0,14,15,0,0,15,14,3533,-1,0,0,-1,1
2020-09-11,US,Nebraska,Wheeler,1,0,0,41.91482725,-98.52798941,31183.0,127.7139208173691,0.0,1,1,0,0,1,2,805,0,0,0,0,-1
2020-09-11,US,Nebraska,York,130,1,0,40.87272618,-97.59710186,31185.0,950.3618685576433,0.7692307692307693,129,128,1,0,127,125,13772,2,0,0,2,3
2020-09-11,US,Nevada,Carson City,475,8,0,39.15509045,-119.7480219,32510.0,849.4885184920238,1.6842105263157894,467,469,8,0,461,466,55414,6,0,0,6,3
2020-09-11,US,Nevada,Churchill,113,1,0,39.58105744,-118.3394607,32001.0,453.65129069814117,0.8849557522123894,112,113,1,0,112,113,24440,0,0,0,0,0
2020-09-11,US,Nevada,Clark,62057,1249,0,36.21458855,-115.0130241,32003.0,2737.750445027275,2.012665775013294,60808,61871,1240,0,60631,61642,2231647,186,9,0,177,229
2020-09-11,US,Nevada,Douglas,265,1,0,38.912862,-119.61713329999999,32005.0,541.8668847766077,0.37735849056603776,264,263,1,0,262,261,48467,2,0,0,2,2
2020-09-11,US,Nevada,Elko,875,7,0,41.14531606,-115.3577619,32007.0,1657.887756262079,0.8,868,866,6,0,860,864,52460,9,1,0,8,2
2020-09-11,US,Nevada,Eureka,10,0,0,39.98100864,-116.26832040000001,32011.0,492.8536224741252,0.0,10,10,0,0,10,10,2003,0,0,0,0,0
2020-09-11,US,Nevada,Humboldt,117,4,0,41.40692186,-118.11094270000001,32013.0,695.1458618026262,3.418803418803418,113,117,4,0,113,116,16786,0,0,0,0,1
2020-09-11,US,Nevada,Lander,67,1,0,39.933223299999995,-117.03970749999999,32015.0,1211.1352133044106,1.492537313432836,66,67,1,0,66,66,5575,0,0,0,0,1
2020-09-11,US,Nevada,Lincoln,6,0,0,37.64268459,-114.8790388,32017.0,115.76307158016591,0.0,6,6,0,0,6,6,5201,0,0,0,0,0
2020-09-11,US,Nevada,Lyon,372,6,0,39.01777974,-119.18704790000001,32019.0,646.8440271257173,1.6129032258064515,366,365,6,0,359,364,55808,7,0,0,7,1
2020-09-11,US,Nevada,Mineral,13,0,0,38.53841696,-118.4344506,32021.0,288.56825749167587,0.0,13,13,0,0,13,12,4514,0,0,0,0,1
2020-09-11,US,Nevada,Nye,488,14,0,38.04264256,-116.47227020000001,32023.0,1048.9435333061067,2.8688524590163933,474,485,14,0,471,483,45346,3,0,0,3,2
2020-09-11,US,Nevada,Pershing,21,0,0,40.44003782,-118.40056409999998,32027.0,312.2676579925651,0.0,21,21,0,0,21,21,6666,0,0,0,0,0
2020-09-11,US,Nevada,Storey,9,0,0,39.44875482,-119.5250207,32029.0,218.287654620422,0.0,9,9,0,0,9,9,4029,0,0,0,0,0
2020-09-11,US,Nevada,Washoe,7872,147,0,40.66562265,-119.6631594,32031.0,1669.4979417584445,1.867378048780488,7725,7827,147,0,7680,7787,465735,45,0,0,45,40
2020-09-11,US,Nevada,White Pine,46,1,0,39.44157041,-114.89996599999999,32033.0,480.1670146137787,2.1739130434782608,45,44,1,0,43,38,9475,2,0,0,2,6
2020-09-11,US,New Hampshire,Belknap,130,4,0,43.51637314,-71.41684235,33001.0,212.06139993148784,3.0769230769230766,126,128,4,0,124,126,61022,2,0,0,2,2
2020-09-11,US,New Hampshire,Carroll,114,1,0,43.87498583,-71.20430216,33003.0,233.0811694949908,0.8771929824561403,113,112,1,0,111,111,48779,2,0,0,2,1
2020-09-11,US,New Hampshire,Cheshire,140,3,0,42.92015988,-72.25311043,33005.0,184.00473155023982,2.142857142857143,137,140,3,0,137,140,76493,0,0,0,0,0
2020-09-11,US,New Hampshire,Coos,20,0,0,44.69063265,-71.30633239,33007.0,63.36533282641067,0.0,20,20,0,0,20,20,31589,0,0,0,0,0
2020-09-11,US,New Hampshire,Grafton,126,1,0,43.93779815,-71.82057197,33009.0,140.17755824043792,0.7936507936507936,125,125,1,0,124,122,89786,1,0,0,1,3
2020-09-11,US,New Hampshire,Hillsborough,4171,288,0,42.91537785,-71.7200253,33011.0,1000.1798453330136,6.9048189882522175,3883,4158,288,0,3870,4121,415247,13,0,0,13,37
2020-09-11,US,New Hampshire,Merrimack,528,23,0,43.29662971,-71.6811573,33013.0,348.7657786790496,4.356060606060606,505,522,23,0,499,518,151132,6,0,0,6,4
2020-09-11,US,New Hampshire,Rockingham,1895,100,0,42.98499744,-71.12883377,33015.0,611.7461721476326,5.277044854881266,1795,1877,100,0,1777,1858,309176,18,0,0,18,19
2020-09-11,US,New Hampshire,Strafford,446,13,0,43.291833000000004,-71.02336013,33017.0,341.4144971025698,2.914798206278027,433,439,13,0,426,427,130090,7,0,0,7,12
2020-09-11,US,New Hampshire,Sullivan,49,1,0,43.36094111,-72.22203125,33019.0,113.56788578315485,2.0408163265306123,48,49,1,0,48,48,43144,0,0,0,0,1
2020-09-11,US,New Hampshire,Unassigned,1,0,0,0.0,0.0,90033.0,0.0,0.0,1,3,0,0,3,3,,-2,0,0,-2,0
2020-09-11,US,New Jersey,Atlantic,3865,253,0,39.47538693,-74.65848483,34001.0,1465.847460841203,6.545924967658474,3612,3849,253,0,3596,3840,265429,16,0,0,16,9
2020-09-11,US,New Jersey,Bergen,21925,2041,0,40.96010917,-74.07164325,34003.0,2351.958052010187,9.309007981755986,19884,21894,2040,0,19854,21872,936692,31,1,0,30,22
2020-09-11,US,New Jersey,Burlington,6661,486,0,39.87681124,-74.66927768,34005.0,1495.6809154168975,7.29620177150578,6175,6641,485,0,6156,6623,445384,20,1,0,19,18
2020-09-11,US,New Jersey,Camden,9445,596,0,39.80343818,-74.96388753,34007.0,1864.8649182282893,6.310217046056113,8849,9413,595,0,8818,9384,507078,32,1,0,31,29
2020-09-11,US,New Jersey,Cape May,955,94,0,39.15008829,-74.80170244,34009.0,1037.6036245504622,9.842931937172775,861,949,94,0,855,946,92560,6,0,0,6,3
2020-09-11,US,New Jersey,Cumberland,3673,157,0,39.37199394,-75.10712559,34011.0,2456.4125542544157,4.274435066702969,3516,3663,157,0,3506,3649,150972,10,0,0,10,14
2020-09-11,US,New Jersey,Essex,20606,2123,0,40.78681335,-74.24657979,34013.0,2579.054413467255,10.302824420071826,18483,20591,2121,0,18470,20574,799767,15,2,0,13,17
2020-09-11,US,New Jersey,Gloucester,3991,224,0,39.71581067,-75.13995546,34015.0,1368.486743749057,5.612628413931345,3767,3945,223,0,3722,3895,291408,46,1,0,45,50
2020-09-11,US,New Jersey,Hudson,20344,1512,0,40.73766234,-74.07515667,34017.0,3025.6205094952197,7.432166732206056,18832,20329,1512,0,18817,20305,676061,15,0,0,15,24
2020-09-11,US,New Jersey,Hunterdon,1249,125,0,40.56335249,-74.91284156,34019.0,1004.2534031245226,10.0080064051241,1124,1245,125,0,1120,1242,124714,4,0,0,4,3
2020-09-11,US,New Jersey,Mercer,8467,633,0,40.28047017,-74.70479631,34021.0,2304.3845086138863,7.476083618755168,7834,8455,633,0,7822,8439,369811,12,0,0,12,16
2020-09-11,US,New Jersey,Middlesex,18760,1422,0,40.43629879,-74.41426991,34023.0,2273.768516790253,7.579957356076759,17338,18703,1423,0,17280,18649,829685,57,-1,0,58,54
2020-09-11,US,New Jersey,Monmouth,11102,863,0,40.26549699,-74.22240686,34025.0,1794.1321439248866,7.77337416681679,10239,11043,860,0,10183,11002,621354,59,3,0,56,41
2020-09-11,US,New Jersey,Morris,7610,831,0,40.86095313,-74.54553709999998,34027.0,1547.235409529425,10.919842312746386,6779,7603,831,0,6772,7596,494228,7,0,0,7,7
2020-09-11,US,New Jersey,Ocean,11655,1034,0,39.8895449,-74.28089251,34029.0,1919.510660654231,8.871728871728871,10621,11598,1034,0,10564,11543,601651,57,0,0,57,55
2020-09-11,US,New Jersey,Passaic,18608,1249,0,41.03238628,-74.29954144,34031.0,3708.0581715574717,6.712166809974206,17359,18579,1248,0,17331,18560,503310,29,1,0,28,19
2020-09-11,US,New Jersey,Salem,1007,89,0,39.58719656,-75.34696629999998,34033.0,1614.170072934199,8.838133068520358,918,1003,89,0,914,1004,62607,4,0,0,4,-1
2020-09-11,US,New Jersey,Somerset,5529,568,0,40.56465737,-74.61683016,34035.0,1680.8843111384049,10.273105444022427,4961,5508,568,0,4940,5489,331164,21,0,0,21,19
2020-09-11,US,New Jersey,Sussex,1422,198,0,41.13891592,-74.69118243,34037.0,1012.1860941859803,13.924050632911394,1224,1416,198,0,1218,1421,140799,6,0,0,6,-5
2020-09-11,US,New Jersey,Unassigned,313,0,0,0.0,0.0,90034.0,0.0,0.0,313,308,0,0,308,303,,5,0,0,5,5
2020-09-11,US,New Jersey,Union,17286,1354,0,40.65835409,-74.30680092,34039.0,3107.0872001164753,7.832928381349069,15932,17267,1354,0,15913,17248,558067,19,0,0,19,19
2020-09-11,US,New Jersey,Warren,1415,171,0,40.85951833,-74.99556527,34041.0,1344.2009366658115,12.084805653710248,1244,1412,171,0,1241,1410,105779,3,0,0,3,2
2020-09-11,US,New Mexico,Bernalillo,6024,164,0,35.05163625,-106.6703554,35001.0,887.0289683281771,2.7224435590969454,5860,6012,163,0,5849,5985,678701,12,1,0,11,27
2020-09-11,US,New Mexico,Catron,11,1,0,33.91514144,-108.4046587,35003.0,311.8797845194216,9.090909090909092,10,11,1,0,10,11,3578,0,0,0,0,0
2020-09-11,US,New Mexico,Chaves,907,7,0,33.36406072,-104.4665365,35005.0,1403.6988315406638,0.7717750826901875,900,867,7,0,860,836,64689,40,0,0,40,31
2020-09-11,US,New Mexico,Cibola,400,20,0,34.91131525,-107.998876,35006.0,1499.531396438613,5.0,380,400,20,0,380,397,26746,0,0,0,0,3
2020-09-11,US,New Mexico,Colfax,23,1,0,36.60569702,-104.64726740000002,35007.0,192.61368394606816,4.3478260869565215,22,23,1,0,22,23,12110,0,0,0,0,0
2020-09-11,US,New Mexico,Curry,722,5,0,34.57421077,-103.34688759999999,35009.0,1474.8539445193444,0.6925207756232687,717,715,5,0,710,713,49437,7,0,0,7,2
2020-09-11,US,New Mexico,De Baca,1,0,0,34.34274529,-104.4117842,35011.0,57.20823798627003,0.0,1,1,0,0,1,,1781,0,0,0,0,
2020-09-11,US,New Mexico,Dona Ana,3001,51,0,32.35275771,-106.83293870000001,35013.0,1375.3752377460528,1.6994335221592802,2950,2989,51,0,2938,2972,217522,12,0,0,12,17
2020-09-11,US,New Mexico,Eddy,613,5,0,32.47167456,-104.3053527,35015.0,1048.5802257954156,0.8156606851549756,608,609,5,0,604,588,57900,4,0,0,4,21
2020-09-11,US,New Mexico,Grant,98,2,0,32.73911281,-108.3827845,35017.0,362.98985110008147,2.0408163265306123,96,97,2,0,95,90,27346,1,0,0,1,7
2020-09-11,US,New Mexico,Guadalupe,32,1,0,34.86319296,-104.790669,35019.0,744.1860465116278,3.125,31,32,1,0,31,32,4341,0,0,0,0,0
2020-09-11,US,New Mexico,Harding,2,0,0,35.85751555,-103.82209379999999,35021.0,320.0,0.0,2,2,0,0,2,2,655,0,0,0,0,0
2020-09-11,US,New Mexico,Hidalgo,98,2,0,31.91383467,-108.7151824,35023.0,2334.444973797047,2.0408163265306123,96,98,2,0,96,98,4240,0,0,0,0,0
2020-09-11,US,New Mexico,Lea,1239,18,0,32.79215361,-103.4123733,35025.0,1743.3516251582944,1.452784503631961,1221,1225,17,0,1208,1212,69611,14,1,0,13,13
2020-09-11,US,New Mexico,Lincoln,176,3,0,33.74526079,-105.4586166,35027.0,899.2438176987532,1.7045454545454546,173,176,3,0,173,175,19556,0,0,0,0,1
2020-09-11,US,New Mexico,Los Alamos,29,0,0,35.86631386,-106.31349850000001,35028.0,149.7237854303268,0.0,29,29,0,0,29,28,19101,0,0,0,0,1
2020-09-11,US,New Mexico,Luna,354,5,0,32.18179341,-107.75088259999998,35029.0,1493.1038846007846,1.4124293785310735,349,350,5,0,345,345,23963,4,0,0,4,5
2020-09-11,US,New Mexico,McKinley,4259,250,0,35.58007720000001,-108.262245,35031.0,5967.744195496519,5.8699225170227765,4009,4252,250,0,4002,4250,72290,7,0,0,7,2
2020-09-11,US,New Mexico,Mora,6,0,0,36.01095101,-104.9497716,35033.0,132.71400132713998,0.0,6,6,0,0,6,6,4506,0,0,0,0,0
2020-09-11,US,New Mexico,Otero,231,12,0,32.61348406,-105.7417604,35035.0,342.27292932286264,5.194805194805196,219,229,12,0,217,229,66781,2,0,0,2,0
2020-09-11,US,New Mexico,Quay,69,2,0,35.10403332,-103.54817270000001,35037.0,836.0596146855687,2.898550724637681,67,66,2,0,64,65,8253,3,0,0,3,1
2020-09-11,US,New Mexico,Rio Arriba,371,13,0,36.51072137,-106.69316740000001,35039.0,953.212918475887,3.5040431266846364,358,369,13,0,356,370,39006,2,0,0,2,-1
2020-09-11,US,New Mexico,Roosevelt,225,3,0,34.02097406,-103.4799493,35041.0,1216.2162162162165,1.3333333333333333,222,219,3,0,216,214,18743,6,0,0,6,5
2020-09-11,US,New Mexico,San Juan,3230,194,0,36.50838318,-108.32043700000001,35045.0,2605.7212926959132,6.006191950464396,3036,3227,194,0,3033,3223,125043,3,0,0,3,4
2020-09-11,US,New Mexico,San Miguel,89,0,0,35.48014807,-104.8163562,35047.0,326.2822157861935,0.0,89,89,0,0,89,87,27591,0,0,0,0,2
2020-09-11,US,New Mexico,Sandoval,1277,38,0,35.68862401,-106.86878030000001,35043.0,870.1992531414398,2.975724353954581,1239,1271,38,0,1233,1266,145179,6,0,0,6,5
2020-09-11,US,New Mexico,Santa Fe,888,4,0,35.50708973,-105.9774716,35049.0,590.5904574415728,0.4504504504504505,884,882,4,0,878,871,150056,6,0,0,6,11
2020-09-11,US,New Mexico,Sierra,38,1,0,33.13028233,-107.1925893,35051.0,352.14530627374666,2.631578947368421,37,38,1,0,37,38,10968,0,0,0,0,0
2020-09-11,US,New Mexico,Socorro,78,6,0,34.00715494,-106.9298354,35053.0,468.83452545531037,7.6923076923076925,72,78,6,0,72,78,16735,0,0,0,0,0
2020-09-11,US,New Mexico,Taos,124,3,0,36.58006022,-105.63101979999999,35055.0,378.9383613971824,2.419354838709677,121,122,3,0,119,119,32835,2,0,0,2,3
2020-09-11,US,New Mexico,Torrance,63,1,0,34.64048375,-105.8508949,35057.0,407.4768773041847,1.5873015873015872,62,63,1,0,62,63,15591,0,0,0,0,0
2020-09-11,US,New Mexico,Unassigned,1325,0,0,0.0,0.0,90035.0,0.0,0.0,1325,1323,0,0,1323,1323,,2,0,0,2,0
2020-09-11,US,New Mexico,Union,31,2,0,36.48126404,-103.4709624,35059.0,763.7349100763735,6.451612903225807,29,31,2,0,29,31,4118,0,0,0,0,0
2020-09-11,US,New Mexico,Valencia,529,4,0,34.71669834,-106.8103733,35061.0,689.8080534112248,0.7561436672967864,525,528,4,0,524,528,76456,1,0,0,1,0
2020-09-11,US,New York,Albany,2882,133,0,42.60060306,-73.97723916,36001.0,943.3529947038684,4.614850798056906,2749,2859,133,0,2726,2846,307117,23,0,0,23,13
2020-09-11,US,New York,Allegany,93,1,0,42.25748406,-78.02750466,36003.0,201.77474995118354,1.075268817204301,92,93,1,0,92,92,46430,0,0,0,0,1
2020-09-11,US,New York,Bronx,52125,4931,0,40.85209301,-73.86282755,36005.0,3675.415507045163,9.459952038369305,47194,52076,4929,0,47147,52018,1432132,49,2,0,47,58
2020-09-11,US,New York,Broome,1395,69,0,42.15903158,-75.81326086,36007.0,732.3295955650751,4.946236559139785,1326,1383,69,0,1314,1378,191659,12,0,0,12,5
2020-09-11,US,New York,Cattaraugus,239,6,0,42.24778241,-78.67923096,36009.0,313.99030439980555,2.510460251046025,233,236,6,0,230,234,76840,3,0,0,3,2
2020-09-11,US,New York,Cayuga,185,2,0,42.91261714,-76.55731592,36011.0,241.59005432511486,1.0810810810810811,183,185,2,0,183,185,77145,0,0,0,0,0
2020-09-11,US,New York,Chautauqua,496,9,0,42.22769210000001,-79.36691763,36013.0,390.8497041047099,1.814516129032258,487,492,9,0,483,478,127939,4,0,0,4,14
2020-09-11,US,New York,Chemung,239,3,0,42.13891056,-76.7638805,36015.0,286.37845092024537,1.2552301255230125,236,218,3,0,215,214,84254,21,0,0,21,4
2020-09-11,US,New York,Chenango,244,7,0,42.49430041,-75.60887553,36017.0,516.8724977227954,2.8688524590163933,237,242,7,0,235,240,47536,2,0,0,2,2
2020-09-11,US,New York,Clinton,152,5,0,44.74530905,-73.67875352,36019.0,188.85506616139654,3.2894736842105265,147,152,5,0,147,152,80695,0,0,0,0,0
2020-09-11,US,New York,Columbia,577,37,0,42.24819348,-73.63089095,36021.0,970.383949143136,6.412478336221838,540,576,37,0,539,576,59916,1,0,0,1,0
2020-09-11,US,New York,Cortland,109,0,0,42.59509207,-76.07048931,36023.0,229.0830373468401,0.0,109,104,0,0,104,103,47823,5,0,0,5,1
2020-09-11,US,New York,Delaware,128,4,0,42.19837623,-74.96709306,36025.0,290.01925909142415,3.125,124,125,4,0,121,125,44527,3,0,0,3,0
2020-09-11,US,New York,Dutchess,4975,153,0,41.76486060000001,-73.74356679,36027.0,1690.9230570529332,3.0753768844221105,4822,4962,153,0,4809,4956,293718,13,0,0,13,6
2020-09-11,US,New York,Erie,10503,681,0,42.76249024,-78.73063652,36029.0,1143.2434021042732,6.483861753784633,9822,10444,681,0,9763,10394,919719,59,0,0,59,50
2020-09-11,US,New York,Essex,150,0,0,44.11630765,-73.77297842,36031.0,406.669377795852,0.0,150,150,0,0,150,149,37300,0,0,0,0,1
2020-09-11,US,New York,Franklin,60,0,0,44.59040891,-74.29926032,36033.0,119.94722322178242,0.0,60,59,0,0,59,59,50293,1,0,0,1,0
2020-09-11,US,New York,Fulton,315,24,0,43.11363907,-74.41798804,36035.0,590.0754921978908,7.6190476190476195,291,312,24,0,288,312,53591,3,0,0,3,0
2020-09-11,US,New York,Genesee,306,5,0,43.0022601,-78.19135193,36037.0,534.2178770949722,1.6339869281045751,301,306,5,0,301,304,57511,0,0,0,0,2
2020-09-11,US,New York,Greene,317,18,0,42.275797,-74.12384884,36039.0,671.7809612613378,5.678233438485805,299,317,18,0,299,316,47491,0,0,0,0,1
2020-09-11,US,New York,Hamilton,14,0,0,43.66146647,-74.49721957,36041.0,317.0289855072464,0.0,14,14,0,0,14,14,4434,0,0,0,0,0
2020-09-11,US,New York,Herkimer,312,10,0,43.42034246,-74.96145307,36043.0,508.8145599243301,3.2051282051282053,302,308,10,0,298,308,61833,4,0,0,4,0
2020-09-11,US,New York,Jefferson,157,0,0,44.04200959,-75.94653457,36045.0,142.94298668900342,0.0,157,156,0,0,156,156,111755,1,0,0,1,0
2020-09-11,US,New York,Kings,66009,7299,0,40.636182500000004,-73.94935552,36047.0,2578.5742662905586,11.057583056855883,58710,65929,7299,0,58630,65819,2582830,80,0,0,80,110
2020-09-11,US,New York,Lewis,50,0,0,43.784415700000004,-75.44903992,36049.0,190.14298752661998,0.0,50,50,0,0,50,50,26447,0,0,0,0,0
2020-09-11,US,New York,Livingston,190,8,0,42.72596275,-77.77966158,36051.0,301.99955494802435,4.2105263157894735,182,190,8,0,182,190,63227,0,0,0,0,0
2020-09-11,US,New York,Madison,476,17,0,42.91653905,-75.67266639,36053.0,670.9801102324467,3.571428571428572,459,475,17,0,458,475,70795,1,0,0,1,0
2020-09-11,US,New York,Monroe,5676,289,0,43.14638895,-77.69322942,36055.0,765.1967591032263,5.091613812544045,5387,5648,289,0,5359,5615,742474,28,0,0,28,33
2020-09-11,US,New York,Montgomery,217,4,0,42.90123494,-74.44011632,36057.0,440.8687348895796,1.8433179723502304,213,215,4,0,211,215,49455,2,0,0,2,0
2020-09-11,US,New York,Nassau,45550,2199,0,40.74066522,-73.58941873,36059.0,3356.8571268545616,4.827661909989023,43351,45445,2199,0,43246,45372,1358343,105,0,0,105,73
2020-09-11,US,New York,New York,32603,3179,0,40.76727260000001,-73.97152637,36061.0,2001.7731868121075,9.750636444498973,29424,32551,3178,0,29373,32500,,52,1,0,51,51
2020-09-11,US,New York,Niagara,1671,101,0,43.19898042,-78.74777412,36063.0,798.4480196482242,6.044284859365648,1570,1666,101,0,1565,1663,210433,5,0,0,5,3
2020-09-11,US,New York,Oneida,2333,120,0,43.24375382,-75.43710392,36065.0,1020.2430566184607,5.143591941705958,2213,2322,120,0,2202,2316,229577,11,0,0,11,6
2020-09-11,US,New York,Onondaga,4043,204,0,43.00491923,-76.19971155,36067.0,877.9053608032518,5.04575810042048,3839,4023,204,0,3819,4012,461809,20,0,0,20,11
2020-09-11,US,New York,Ontario,427,35,0,42.85145728,-77.30874425,36069.0,388.9703671989579,8.196721311475411,392,423,35,0,388,421,109864,4,0,0,4,2
2020-09-11,US,New York,Orange,11594,495,0,41.40337468,-74.30240757,36071.0,3011.897958123345,4.269449715370018,11099,11572,495,0,11077,11552,381951,22,0,0,22,20
2020-09-11,US,New York,Orleans,320,54,0,43.2516977,-78.2320066,36073.0,793.0214115781126,16.875,266,318,54,0,264,317,40612,2,0,0,2,1
2020-09-11,US,New York,Oswego,357,3,0,43.42778894,-76.14635194,36075.0,304.8051637580684,0.8403361344537815,354,333,3,0,330,331,117898,24,0,0,24,2
2020-09-11,US,New York,Otsego,296,5,0,42.63492579,-75.03151402,36077.0,497.537525423159,1.6891891891891893,291,291,5,0,286,291,59749,5,0,0,5,0
2020-09-11,US,New York,Putnam,1550,63,0,41.42630093,-73.74965532,36079.0,1576.4849471114728,4.064516129032258,1487,1541,63,0,1478,1541,98892,9,0,0,9,0
2020-09-11,US,New York,Queens,70978,7231,0,40.71088124,-73.81684712,36081.0,3149.1779872556303,10.187663783144073,63747,70917,7233,0,63684,70824,2278906,61,-2,0,63,93
2020-09-11,US,New York,Rensselaer,870,40,0,42.71348136,-73.51089874,36083.0,548.1558022606702,4.597701149425287,830,867,40,0,827,866,159442,3,0,0,3,1
2020-09-11,US,New York,Richmond,15537,1084,0,40.58582155,-74.14808598,36085.0,3263.095330604461,6.976893866254747,14453,15510,1084,0,14426,15486,476179,27,0,0,27,24
2020-09-11,US,New York,Rockland,14510,674,0,41.15027894,-74.02560498,36087.0,4453.802921522826,4.645072363886975,13836,14480,674,0,13806,14459,325695,30,0,0,30,21
2020-09-11,US,New York,Saratoga,943,17,0,43.10904162,-73.86653895,36091.0,410.24436294662473,1.8027571580063624,926,918,17,0,901,911,230163,25,0,0,25,7
2020-09-11,US,New York,Schenectady,1343,45,0,42.81668777,-74.05278291,36093.0,864.7834177940617,3.350707371556217,1298,1335,45,0,1290,1324,155350,8,0,0,8,11
2020-09-11,US,New York,Schoharie,75,0,0,42.58831742,-74.44339029999998,36095.0,241.9432884931772,0.0,75,74,0,0,74,73,31097,1,0,0,1,1
2020-09-11,US,New York,Schuyler,30,0,0,42.39184015,-76.8773299,36097.0,168.47307238726344,0.0,30,29,0,0,29,29,17912,1,0,0,1,0
2020-09-11,US,New York,Seneca,103,3,0,42.78081007,-76.82497064,36099.0,302.7986829727187,2.9126213592233015,100,103,3,0,100,102,34300,0,0,0,0,1
2020-09-11,US,New York,St. Lawrence,303,4,0,44.4976179,-75.06550039,36089.0,281.23259699276036,1.32013201320132,299,302,4,0,298,301,108047,1,0,0,1,1
2020-09-11,US,New York,Steuben,326,42,0,42.2689144,-77.3829924,36101.0,341.7943153104981,12.883435582822086,284,325,42,0,283,325,95796,1,0,0,1,0
2020-09-11,US,New York,Suffolk,45534,2008,0,40.88320119,-72.8012172,36103.0,3083.70372226485,4.409891509641147,43526,45463,2006,0,43457,45411,1481093,71,2,0,69,52
2020-09-11,US,New York,Sullivan,1548,48,0,41.71579493,-74.76394559,36105.0,2052.1794463888004,3.1007751937984502,1500,1548,48,0,1500,1544,75498,0,0,0,0,4
2020-09-11,US,New York,Tioga,218,25,0,42.16852837,-76.30835812,36107.0,452.2540090865713,11.46788990825688,193,218,25,0,193,217,48560,0,0,0,0,1
2020-09-11,US,New York,Tompkins,369,0,0,42.44945765,-76.47229843,36109.0,361.1274221961245,0.0,369,361,0,0,361,346,102793,8,0,0,8,15
2020-09-11,US,New York,Ulster,2209,94,0,41.89027881,-74.26252104,36111.0,1243.9954272327436,4.25531914893617,2115,2204,94,0,2110,2203,178599,5,0,0,5,1
2020-09-11,US,New York,Unassigned,0,15,0,0.0,0.0,90036.0,0.0,0.0,-15,0,18,0,-18,0,,0,-3,0,3,0
2020-09-11,US,New York,Warren,341,33,0,43.56173026,-73.8433699,36113.0,533.2791192293257,9.677419354838712,308,332,33,0,299,331,64265,9,0,0,9,1
2020-09-11,US,New York,Washington,275,14,0,43.31153794,-73.43043448,36115.0,449.31703810208484,5.090909090909091,261,272,14,0,258,272,61197,3,0,0,3,0
2020-09-11,US,New York,Wayne,301,5,0,43.15494365,-77.02976528,36117.0,334.7494383771881,1.6611295681063123,296,298,5,0,293,297,90064,3,0,0,3,1
2020-09-11,US,New York,Westchester,37454,1452,0,41.16278376,-73.75741653,36119.0,3871.190462901522,3.8767554867303895,36002,37405,1452,0,35953,37355,967612,49,0,0,49,50
2020-09-11,US,New York,Wyoming,127,5,0,42.70145109,-78.22199579,36121.0,318.6231465917358,3.9370078740157477,122,127,5,0,122,127,40085,0,0,0,0,0
2020-09-11,US,New York,Yates,62,7,0,42.63505484,-77.10369919,36123.0,248.8660538674588,11.290322580645164,55,62,7,0,55,62,24841,0,0,0,0,0
2020-09-11,US,North Carolina,Alamance,3502,48,0,36.0434701,-79.39976137,37001.0,2065.9669988024234,1.3706453455168477,3454,3452,48,0,3404,3431,166436,50,0,0,50,21
2020-09-11,US,North Carolina,Alexander,464,3,0,35.922379600000006,-81.17751948,37003.0,1237.432327919567,0.646551724137931,461,460,3,0,457,457,37353,4,0,0,4,3
2020-09-11,US,North Carolina,Alleghany,214,0,0,36.49360862,-81.12857041,37005.0,1921.5228517554096,0.0,214,210,0,0,210,211,11161,4,0,0,4,-1
2020-09-11,US,North Carolina,Anson,499,3,0,34.97403241,-80.09953279,37007.0,2041.233739671112,0.6012024048096193,496,492,3,0,489,487,24877,7,0,0,7,5
2020-09-11,US,North Carolina,Ashe,238,1,0,36.43296207,-81.49862729,37009.0,874.9035032900783,0.4201680672268908,237,232,1,0,231,231,27109,6,0,0,6,1
2020-09-11,US,North Carolina,Avery,228,0,0,36.07569796,-81.92308483,37011.0,1298.6273281312297,0.0,228,227,0,0,227,226,17505,1,0,0,1,1
2020-09-11,US,North Carolina,Beaufort,736,10,0,35.48531943,-76.84325809,37013.0,1566.1573817934204,1.358695652173913,726,704,10,0,694,689,47079,32,0,0,32,15
2020-09-11,US,North Carolina,Bertie,507,7,0,36.0688473,-76.96545943,37015.0,2675.885364437642,1.3806706114398422,500,503,7,0,496,498,19026,4,0,0,4,5
2020-09-11,US,North Carolina,Bladen,783,10,0,34.61296243,-78.56180059,37017.0,2392.8855204449605,1.277139208173691,773,779,10,0,769,770,33190,4,0,0,4,9
2020-09-11,US,North Carolina,Brunswick,1465,26,0,34.070565,-78.22814204,37019.0,1025.7666993418288,1.7747440273037542,1439,1457,26,0,1431,1445,136744,8,0,0,8,12
2020-09-11,US,North Carolina,Buncombe,2708,72,0,35.61113393,-82.53305,37021.0,1036.7891696115103,2.658788774002954,2636,2685,72,0,2613,2667,259103,23,0,0,23,18
2020-09-11,US,North Carolina,Burke,1956,32,0,35.74989637,-81.70755735,37023.0,2161.6842570591807,1.6359918200408998,1924,1934,32,0,1902,1931,90382,22,0,0,22,3
2020-09-11,US,North Carolina,Cabarrus,3524,56,0,35.3877799,-80.55267168,37025.0,1628.0670630575696,1.5891032917139614,3468,3495,56,0,3439,3467,211342,29,0,0,29,28
2020-09-11,US,North Carolina,Caldwell,1502,17,0,35.95204977,-81.54799522,37027.0,1827.7397843705128,1.1318242343541944,1485,1488,17,0,1471,1487,82029,14,0,0,14,1
2020-09-11,US,North Carolina,Camden,103,3,0,36.33804939,-76.15568396,37029.0,947.823686389988,2.9126213592233015,100,103,3,0,100,101,10710,0,0,0,0,2
2020-09-11,US,North Carolina,Carteret,572,5,0,34.8932941,-76.54120135,37031.0,823.34144199905,0.8741258741258742,567,570,5,0,565,559,69524,2,0,0,2,11
2020-09-11,US,North Carolina,Caswell,261,3,0,36.39312665,-79.33353281,37033.0,1154.6628915236242,1.1494252873563218,258,260,3,0,257,259,22698,1,0,0,1,1
2020-09-11,US,North Carolina,Catawba,2785,47,0,35.66211129,-81.2132617,37035.0,1745.5233749710126,1.687612208258528,2738,2765,47,0,2718,2750,158652,20,0,0,20,15
2020-09-11,US,North Carolina,Chatham,1562,56,0,35.70394416,-79.25541492,37037.0,2097.488921713442,3.585147247119078,1506,1556,56,0,1500,1549,73139,6,0,0,6,7
2020-09-11,US,North Carolina,Cherokee,512,6,0,35.1349263,-84.05970864,37039.0,1789.4589682650635,1.171875,506,507,6,0,501,496,28383,5,0,0,5,11
2020-09-11,US,North Carolina,Chowan,269,3,0,36.12908077,-76.60118385,37041.0,1929.283511439432,1.1152416356877324,266,261,3,0,258,257,14029,8,0,0,8,4
2020-09-11,US,North Carolina,Clay,100,1,0,35.05704275,-83.74353633,37043.0,890.3926631644556,1.0,99,100,1,0,99,99,11139,0,0,0,0,1
2020-09-11,US,North Carolina,Cleveland,1792,50,0,35.33553364,-81.55204486,37045.0,1829.5608849684013,2.790178571428572,1742,1764,50,0,1714,1743,97645,28,0,0,28,21
2020-09-11,US,North Carolina,Columbus,1240,52,0,34.26744084,-78.65801424,37047.0,2233.912228867911,4.193548387096774,1188,1226,52,0,1174,1207,55655,14,0,0,14,19
2020-09-11,US,North Carolina,Craven,1108,28,0,35.11833364,-77.08398081,37049.0,1084.7962090876158,2.527075812274368,1080,1092,27,0,1065,1081,102912,16,1,0,15,11
2020-09-11,US,North Carolina,Cumberland,4612,74,0,35.04762133,-78.82623165,37051.0,1374.6278043211953,1.6045099739809194,4538,4569,72,0,4497,4532,332330,43,2,0,41,37
2020-09-11,US,North Carolina,Currituck,133,0,0,36.36123664,-75.95876401,37053.0,479.0548571840219,0.0,133,131,0,0,131,123,27072,2,0,0,2,8
2020-09-11,US,North Carolina,Dare,254,2,0,35.66520691,-75.71767334,37055.0,686.3195438947282,0.7874015748031497,252,256,2,0,254,255,36501,-2,0,0,-2,1
2020-09-11,US,North Carolina,Davidson,2389,32,0,35.79115496,-80.21256572,37057.0,1425.3411213001687,1.3394725826705736,2357,2357,32,0,2325,2341,166614,32,0,0,32,16
2020-09-11,US,North Carolina,Davie,506,6,0,35.93099927,-80.54496571,37059.0,1180.9737198338235,1.1857707509881423,500,502,6,0,496,501,42733,4,0,0,4,1
2020-09-11,US,North Carolina,Duplin,2113,52,0,34.93449805,-77.93140529,37061.0,3597.146796956129,2.4609559867486985,2061,2106,52,0,2054,2099,58856,7,0,0,7,7
2020-09-11,US,North Carolina,Durham,7226,86,0,36.03638492,-78.87608331,37063.0,2247.6733190663417,1.1901466924993078,7140,7190,86,0,7104,7151,316739,36,0,0,36,39
2020-09-11,US,North Carolina,Edgecombe,1146,27,0,35.91230639,-77.59436892,37065.0,2226.4532172831828,2.356020942408377,1119,1110,23,0,1087,1097,52005,36,4,0,32,13
2020-09-11,US,North Carolina,Forsyth,6543,84,0,36.12859861,-80.25459052,37067.0,1711.505512758472,1.2838147638697843,6459,6511,84,0,6427,6481,379099,32,0,0,32,30
2020-09-11,US,North Carolina,Franklin,1133,30,0,36.081519,-78.28708884,37069.0,1625.8879242304654,2.64783759929391,1103,1128,30,0,1098,1123,67560,5,0,0,5,5
2020-09-11,US,North Carolina,Gaston,4464,68,0,35.29373559,-81.17477045,37071.0,1988.1618855470786,1.5232974910394266,4396,4424,67,0,4357,4388,222846,40,1,0,39,36
2020-09-11,US,North Carolina,Gates,103,3,0,36.44667547,-76.69749701,37073.0,890.8493340252553,2.9126213592233015,100,102,3,0,99,101,11573,1,0,0,1,1
2020-09-11,US,North Carolina,Graham,104,0,0,35.3506925,-83.83369267,37075.0,1232.0815069304585,0.0,104,84,0,0,84,84,8484,20,0,0,20,0
2020-09-11,US,North Carolina,Granville,1629,48,0,36.30337451,-78.65184241,37077.0,2695.10116969707,2.9465930018416207,1581,1618,48,0,1570,1605,60115,11,0,0,11,13
2020-09-11,US,North Carolina,Greene,467,5,0,35.48544173,-77.67578087,37079.0,2216.5266505292134,1.0706638115631693,462,464,5,0,459,458,21012,3,0,0,3,6
2020-09-11,US,North Carolina,Guilford,7529,174,0,36.07959451,-79.78824948,37081.0,1401.5942692684307,2.3110638863062825,7355,7448,174,0,7274,7409,533670,81,0,0,81,39
2020-09-11,US,North Carolina,Halifax,920,17,0,36.25669272,-77.6556109,37083.0,1839.6320735852828,1.8478260869565215,903,916,17,0,899,916,50574,4,0,0,4,0
2020-09-11,US,North Carolina,Harnett,1829,47,0,35.36731853,-78.87243571,37085.0,1345.0903100547155,2.569710224166211,1782,1812,47,0,1765,1792,134214,17,0,0,17,20
2020-09-11,US,North Carolina,Haywood,546,31,0,35.55269063,-82.98196486,37087.0,876.1654123272943,5.677655677655678,515,542,31,0,511,534,61971,4,0,0,4,8
2020-09-11,US,North Carolina,Henderson,1808,60,0,35.33788927,-82.4766782,37089.0,1539.8111006072374,3.31858407079646,1748,1780,60,0,1720,1770,116748,28,0,0,28,10
2020-09-11,US,North Carolina,Hertford,628,23,0,36.3607755,-76.98104134,37091.0,2652.363052751616,3.662420382165605,605,613,23,0,590,612,23659,15,0,0,15,1
2020-09-11,US,North Carolina,Hoke,942,13,0,35.01888303,-79.23651674,37093.0,1705.471267697433,1.3800424628450103,929,929,13,0,916,926,54764,13,0,0,13,3
2020-09-11,US,North Carolina,Hyde,122,3,0,35.42017674,-76.15180542,37095.0,2471.1363176017826,2.459016393442623,119,118,3,0,115,113,5230,4,0,0,4,5
2020-09-11,US,North Carolina,Iredell,2523,25,0,35.80950511,-80.8743128,37097.0,1387.7429787795782,0.9908838684106224,2498,2516,24,0,2492,2510,178435,7,1,0,6,6
2020-09-11,US,North Carolina,Jackson,516,7,0,35.28814273,-83.14093385,37099.0,1174.3820838454185,1.3565891472868217,509,516,7,0,509,514,43327,0,0,0,0,2
2020-09-11,US,North Carolina,Johnston,4080,54,0,35.51745004,-78.36622717,37101.0,1948.991826654374,1.3235294117647058,4026,4061,54,0,4007,4041,202675,19,0,0,19,20
2020-09-11,US,North Carolina,Jones,143,11,0,35.02254606,-77.35870791,37103.0,1518.2078776940227,7.6923076923076925,132,141,7,0,134,142,9637,2,4,0,-2,-1
2020-09-11,US,North Carolina,Lee,1506,13,0,35.47623147,-79.17569362,37105.0,2437.7215558684993,0.8632138114209827,1493,1498,13,0,1485,1493,61452,8,0,0,8,5
2020-09-11,US,North Carolina,Lenoir,889,21,0,35.24032589999999,-77.64245615,37107.0,1588.9470768020874,2.3622047244094486,868,879,21,0,858,863,55976,10,0,0,10,16
2020-09-11,US,North Carolina,Lincoln,1302,13,0,35.48508185,-81.21740317,37109.0,1512.0019509702595,0.998463901689708,1289,1278,13,0,1265,1261,83770,24,0,0,24,17
2020-09-11,US,North Carolina,Macon,559,2,0,35.14867843,-83.41696617,37113.0,1558.9268782419547,0.35778175313059035,557,557,2,0,555,553,35285,2,0,0,2,4
2020-09-11,US,North Carolina,Madison,82,1,0,35.85402722,-82.71346418,37115.0,376.9248448632498,1.2195121951219512,81,81,1,0,80,77,21763,1,0,0,1,4
2020-09-11,US,North Carolina,Martin,389,9,0,35.84326734,-77.10860251,37117.0,1733.5115864527634,2.3136246786632397,380,383,7,0,376,380,22671,6,2,0,4,3
2020-09-11,US,North Carolina,McDowell,850,25,0,35.67736232,-82.0482425,37111.0,1857.679867121252,2.9411764705882355,825,840,24,0,816,840,45507,10,1,0,9,0
2020-09-11,US,North Carolina,Mecklenburg,26683,331,0,35.24469268,-80.8317671,37119.0,2403.1031488999924,1.2404901997526514,26352,26564,326,0,26238,26479,1093901,119,5,0,114,85
2020-09-11,US,North Carolina,Mitchell,94,3,0,36.01059309,-82.1582442,37121.0,628.174284950548,3.191489361702128,91,94,3,0,91,94,15000,0,0,0,0,0
2020-09-11,US,North Carolina,Montgomery,968,22,0,35.33155144,-79.90416657,37123.0,3562.359695285761,2.272727272727273,946,964,19,0,945,961,27271,4,3,0,1,3
2020-09-11,US,North Carolina,Moore,1425,22,0,35.30885257,-79.48474178,37125.0,1412.5693893735129,1.5438596491228067,1403,1418,22,0,1396,1407,98682,7,0,0,7,11
2020-09-11,US,North Carolina,Nash,1888,31,0,35.96575634,-77.98422508,37127.0,2002.1633544719928,1.6419491525423728,1857,1875,30,0,1845,1862,94016,13,1,0,12,13
2020-09-11,US,North Carolina,New Hanover,3572,25,0,34.25758282,-77.87075626,37129.0,1523.4163421801236,0.6998880179171333,3547,3548,24,0,3524,3488,232274,24,1,0,23,60
2020-09-11,US,North Carolina,Northampton,370,17,0,36.41736238,-77.39769443,37131.0,1899.0915156803367,4.594594594594595,353,362,17,0,345,357,19676,8,0,0,8,5
2020-09-11,US,North Carolina,Onslow,1674,18,0,34.72607366,-77.42908179,37133.0,845.7193666703715,1.075268817204301,1656,1665,17,0,1648,1654,197683,9,1,0,8,11
2020-09-11,US,North Carolina,Orange,2480,54,0,36.06092947,-79.12167935,37135.0,1670.3036180931601,2.177419354838709,2426,2459,54,0,2405,2443,146027,21,0,0,21,16
2020-09-11,US,North Carolina,Pamlico,215,2,0,35.15253315,-76.66559823,37137.0,1689.4546597516894,0.9302325581395348,213,211,2,0,209,210,12670,4,0,0,4,1
2020-09-11,US,North Carolina,Pasquotank,618,26,0,36.26723798,-76.25134778,37139.0,1551.8280433909201,4.207119741100324,592,612,26,0,586,606,39639,6,0,0,6,6
2020-09-11,US,North Carolina,Pender,817,5,0,34.52265624,-77.90352133,37141.0,1295.591500158579,0.6119951040391677,812,812,5,0,807,801,62162,5,0,0,5,11
2020-09-11,US,North Carolina,Perquimans,154,2,0,36.17847453,-76.40603143,37143.0,1143.8758077694422,1.2987012987012987,152,154,2,0,152,152,13422,0,0,0,0,2
2020-09-11,US,North Carolina,Person,376,6,0,36.38989032,-78.97217358,37145.0,952.1397822233477,1.5957446808510638,370,366,6,0,360,360,39507,10,0,0,10,6
2020-09-11,US,North Carolina,Pitt,4211,25,0,35.59535426,-77.37353178,37147.0,2329.8403248829823,0.5936832106388031,4186,4155,25,0,4130,4103,179914,56,0,0,56,52
2020-09-11,US,North Carolina,Polk,249,7,0,35.27820615,-82.16812354,37149.0,1201.505500868558,2.8112449799196786,242,248,7,0,241,248,20611,1,0,0,1,0
2020-09-11,US,North Carolina,Randolph,2555,48,0,35.71015088,-79.80570339,37151.0,1778.4181475216994,1.8786692759295496,2507,2537,47,0,2490,2523,143351,18,1,0,17,14
2020-09-11,US,North Carolina,Richmond,793,11,0,35.00417719,-79.74491009,37153.0,1768.9442102210626,1.3871374527112232,782,768,11,0,757,749,44887,25,0,0,25,19
2020-09-11,US,North Carolina,Robeson,3974,66,0,34.64244496,-79.10250529999998,37155.0,3042.2966507177034,1.6607951685958733,3908,3944,66,0,3878,3887,131831,30,0,0,30,57
2020-09-11,US,North Carolina,Rockingham,1028,11,0,36.39593137,-79.77504841,37157.0,1129.5462037138775,1.0700389105058363,1017,1011,11,0,1000,1002,90690,17,0,0,17,9
2020-09-11,US,North Carolina,Rowan,3005,79,0,35.64003916,-80.52446628,37159.0,2114.8865491807887,2.6289517470881862,2926,2993,79,0,2914,2982,141262,12,0,0,12,11
2020-09-11,US,North Carolina,Rutherford,1036,20,0,35.40114178,-81.92112099,37161.0,1545.5996658162885,1.9305019305019304,1016,1033,20,0,1013,1026,66826,3,0,0,3,7
2020-09-11,US,North Carolina,Sampson,1688,22,0,34.98820368,-78.36914061,37163.0,2656.9706127717177,1.3033175355450235,1666,1686,22,0,1664,1681,63626,2,0,0,2,5
2020-09-11,US,North Carolina,Scotland,794,12,0,34.8386299,-79.4757978,37165.0,2280.102231283921,1.5113350125944585,782,771,10,0,761,751,34810,23,2,0,21,20
2020-09-11,US,North Carolina,Stanly,1655,52,0,35.31647813,-80.25093221,37167.0,2635.098557462663,3.1419939577039275,1603,1645,52,0,1593,1637,62075,10,0,0,10,8
2020-09-11,US,North Carolina,Stokes,382,3,0,36.4017975,-80.23893369,37169.0,837.8846702199995,0.7853403141361257,379,375,3,0,372,369,45467,7,0,0,7,6
2020-09-11,US,North Carolina,Surry,1232,20,0,36.41689489,-80.69102283,37171.0,1716.2837997854645,1.6233766233766234,1212,1230,20,0,1210,1217,71948,2,0,0,2,13
2020-09-11,US,North Carolina,Swain,135,3,0,35.48665845,-83.48748932,37173.0,945.9743535841916,2.2222222222222223,132,135,3,0,132,136,14245,0,0,0,0,-1
2020-09-11,US,North Carolina,Transylvania,287,6,0,35.20383864,-82.79638423,37175.0,834.6662789006834,2.0905923344947737,281,283,6,0,277,282,34215,4,0,0,4,1
2020-09-11,US,North Carolina,Tyrrell,108,2,0,35.87147226,-76.17055253,37177.0,2689.2430278884462,1.851851851851852,106,108,2,0,106,108,4131,0,0,0,0,0
2020-09-11,US,North Carolina,Union,4300,56,0,34.98960527,-80.52955873,37179.0,1792.7198896018078,1.3023255813953492,4244,4267,55,0,4212,4234,235908,33,1,0,32,33
2020-09-11,US,North Carolina,Vance,970,43,0,36.36880673,-78.40670845,37181.0,2178.0621982710227,4.43298969072165,927,963,43,0,920,957,44582,7,0,0,7,6
2020-09-11,US,North Carolina,Wake,16156,213,0,35.78879266,-78.65249174,37183.0,1453.190029151949,1.3183956424857641,15943,15999,213,0,15786,15919,1092305,157,0,0,157,80
2020-09-11,US,North Carolina,Warren,298,7,0,36.39728256,-78.10652228,37185.0,1510.3137195276468,2.348993288590604,291,298,7,0,291,298,19807,0,0,0,0,0
2020-09-11,US,North Carolina,Washington,193,7,0,35.83810081,-76.57299037,37187.0,1666.666666666667,3.6269430051813467,186,192,7,0,185,190,11859,1,0,0,1,2
2020-09-11,US,North Carolina,Watauga,508,0,0,36.23103603,-81.70033724,37189.0,904.2846716627803,0.0,508,503,0,0,503,505,55945,5,0,0,5,-2
2020-09-11,US,North Carolina,Wayne,2981,62,0,35.36438125,-78.00027268,37191.0,2420.998773663821,2.079838980207984,2919,2970,61,0,2909,2946,123248,11,1,0,10,24
2020-09-11,US,North Carolina,Wilkes,1097,28,0,36.2084135,-81.16232895,37193.0,1603.5198503186575,2.552415679124886,1069,1090,28,0,1062,1085,68557,7,0,0,7,5
2020-09-11,US,North Carolina,Wilson,1913,44,0,35.70625477,-77.917978,37195.0,2338.602217576802,2.3000522739153157,1869,1881,43,0,1838,1870,81455,32,1,0,31,11
2020-09-11,US,North Carolina,Yadkin,677,7,0,36.16222629,-80.66239436,37197.0,1797.3292271749808,1.03397341211226,670,673,7,0,666,666,37543,4,0,0,4,7
2020-09-11,US,North Carolina,Yancey,112,0,0,35.90079156,-82.31237181,37199.0,619.8461453317838,0.0,112,110,0,0,110,108,17903,2,0,0,2,2
2020-09-11,US,North Dakota,Adams,9,0,0,46.09686891,-102.5285397,38001.0,406.1371841155234,0.0,9,8,0,0,8,8,2294,1,0,0,1,0
2020-09-11,US,North Dakota,Barnes,161,0,0,46.93579637,-98.06605978,38003.0,1545.8473355736915,0.0,161,160,0,0,160,157,10542,1,0,0,1,3
2020-09-11,US,North Dakota,Benson,253,4,0,48.0683985,-99.35916363,38005.0,3703.161592505855,1.5810276679841897,249,253,4,0,249,250,6962,0,0,0,0,3
2020-09-11,US,North Dakota,Billings,6,0,0,47.02366884,-103.3762965,38007.0,646.5517241379309,0.0,6,6,0,0,6,6,919,0,0,0,0,0
2020-09-11,US,North Dakota,Bottineau,34,0,0,48.79106111,-100.8378166,38009.0,541.2289079910856,0.0,34,34,0,0,34,34,6411,0,0,0,0,0
2020-09-11,US,North Dakota,Bowman,22,0,0,46.11285362,-103.5203343,38011.0,727.5132275132275,0.0,22,22,0,0,22,20,3076,0,0,0,0,2
2020-09-11,US,North Dakota,Burke,25,1,0,48.79094471,-102.51821170000001,38013.0,1182.033096926714,4.0,24,25,1,0,24,25,2100,0,0,0,0,0
2020-09-11,US,North Dakota,Burleigh,2493,25,0,46.97847375,-100.46452140000001,38015.0,2607.0315604542693,1.0028078620136385,2468,2461,22,0,2439,2399,95273,32,3,0,29,62
2020-09-11,US,North Dakota,Cass,4060,76,0,46.93201724,-97.24447190000001,38017.0,2231.7134172149754,1.8719211822660096,3984,4020,76,0,3944,3957,181516,40,0,0,40,63
2020-09-11,US,North Dakota,Cavalier,37,0,0,48.77286211,-98.46685243,38019.0,983.519404572036,0.0,37,37,0,0,37,36,3829,0,0,0,0,1
2020-09-11,US,North Dakota,Dickey,33,0,0,46.11017712,-98.50490079999999,38021.0,677.3399014778325,0.0,33,33,0,0,33,31,4903,0,0,0,0,2
2020-09-11,US,North Dakota,Divide,6,0,0,48.814938700000006,-103.48736109999999,38023.0,265.01766784452303,0.0,6,6,0,0,6,6,2283,0,0,0,0,0
2020-09-11,US,North Dakota,Dunn,53,1,0,47.35423935,-102.61604679999999,38025.0,1198.010849909584,1.8867924528301887,52,52,1,0,51,51,4332,1,0,0,1,1
2020-09-11,US,North Dakota,Eddy,57,0,0,47.71701474,-98.90432337,38027.0,2492.3480542195016,0.0,57,53,0,0,53,51,2313,4,0,0,4,2
2020-09-11,US,North Dakota,Emmons,35,1,0,46.28398398,-100.2389766,38029.0,1079.913606911447,2.8571428571428568,34,35,1,0,34,35,3295,0,0,0,0,0
2020-09-11,US,North Dakota,Foster,47,0,0,47.457108399999996,-98.88279923,38031.0,1464.1744548286606,0.0,47,43,0,0,43,42,3216,4,0,0,4,1
2020-09-11,US,North Dakota,Golden Valley,40,0,0,46.94022281,-103.8465421,38033.0,2271.4366837024413,0.0,40,39,0,0,39,39,1769,1,0,0,1,0
2020-09-11,US,North Dakota,Grand Forks,1874,12,0,47.92093639,-97.45450447,38035.0,2698.3052799815696,0.6403415154749199,1862,1810,12,0,1798,1810,70770,64,0,0,64,0
2020-09-11,US,North Dakota,Grant,9,0,0,46.35821257,-101.63900129999999,38037.0,395.77836411609496,0.0,9,9,0,0,9,9,2374,0,0,0,0,0
2020-09-11,US,North Dakota,Griggs,40,1,0,47.45785838,-98.23850925,38039.0,1792.9179740026889,2.5,39,40,1,0,39,40,2232,0,0,0,0,0
2020-09-11,US,North Dakota,Hettinger,38,0,0,46.43375068,-102.4632417,38041.0,1520.608243297319,0.0,38,37,0,0,37,35,2514,1,0,0,1,2
2020-09-11,US,North Dakota,Kidder,38,0,0,46.97830064,-99.77507857,38043.0,1532.2580645161293,0.0,38,38,0,0,38,38,2450,0,0,0,0,0
2020-09-11,US,North Dakota,LaMoure,30,0,0,46.45681054,-98.53542355,38045.0,741.4730598121602,0.0,30,30,0,0,30,28,4062,0,0,0,0,2
2020-09-11,US,North Dakota,Logan,13,0,0,46.45729487,-99.47719806,38047.0,702.7027027027028,0.0,13,13,0,0,13,13,1903,0,0,0,0,0
2020-09-11,US,North Dakota,McHenry,52,1,0,48.23104458,-100.6324822,38049.0,905.134899912968,1.9230769230769231,51,52,1,0,51,51,5816,0,0,0,0,1
2020-09-11,US,North Dakota,McIntosh,46,3,0,46.11182017,-99.44145858,38051.0,1842.21065278334,6.521739130434782,43,46,3,0,43,45,2585,0,0,0,0,1
2020-09-11,US,North Dakota,McKenzie,144,2,0,47.74133370000001,-103.395905,38053.0,958.4664536741216,1.3888888888888888,142,142,2,0,140,139,13632,2,0,0,2,3
2020-09-11,US,North Dakota,McLean,186,2,0,47.60766714,-101.3182418,38055.0,1968.253968253968,1.075268817204301,184,186,2,0,184,184,9541,0,0,0,0,2
2020-09-11,US,North Dakota,Mercer,61,0,0,47.31213126,-101.8318399,38057.0,745.0836692317087,0.0,61,60,0,0,60,50,8267,1,0,0,1,10
2020-09-11,US,North Dakota,Morton,824,7,0,46.71681782,-101.2822377,38059.0,2627.215916337202,0.8495145631067961,817,809,7,0,802,775,31095,15,0,0,15,34
2020-09-11,US,North Dakota,Mountrail,185,2,0,48.20197971,-102.3555315,38061.0,1754.385964912281,1.0810810810810811,183,185,1,0,184,180,10218,0,1,0,-1,5
2020-09-11,US,North Dakota,Nelson,34,0,0,47.9226426,-98.19038437,38063.0,1180.9656130600904,0.0,34,34,0,0,34,34,2869,0,0,0,0,0
2020-09-11,US,North Dakota,Oliver,10,0,0,47.11530482,-101.3406158,38065.0,510.46452271567125,0.0,10,10,0,0,10,10,1952,0,0,0,0,0
2020-09-11,US,North Dakota,Pembina,41,0,0,48.76623521,-97.5523809,38067.0,602.8525216879872,0.0,41,41,0,0,41,40,6947,0,0,0,0,1
2020-09-11,US,North Dakota,Pierce,28,0,0,48.24977025,-99.96407787,38069.0,704.4025157232704,0.0,28,28,0,0,28,28,4081,0,0,0,0,0
2020-09-11,US,North Dakota,Ramsey,162,2,0,48.26886249,-98.72223879,38071.0,1406.3720809098013,1.2345679012345678,160,158,2,0,156,155,11481,4,0,0,4,3
2020-09-11,US,North Dakota,Ransom,50,0,0,46.45621782,-97.65742504,38073.0,958.2215408202376,0.0,50,49,0,0,49,48,5237,1,0,0,1,1
2020-09-11,US,North Dakota,Renville,15,0,0,48.71982533,-101.6603912,38075.0,644.6067898581865,0.0,15,14,0,0,14,12,2374,1,0,0,1,2
2020-09-11,US,North Dakota,Richland,159,1,0,46.26440649,-96.94852979,38077.0,982.876924027941,0.6289308176100629,158,158,1,0,157,154,16239,1,0,0,1,4
2020-09-11,US,North Dakota,Rolette,138,3,0,48.77245354,-99.84097493,38079.0,973.4762979683973,2.1739130434782608,135,135,3,0,132,134,14301,3,0,0,3,1
2020-09-11,US,North Dakota,Sargent,29,0,0,46.10830372,-97.63217159,38081.0,743.9712673165726,0.0,29,28,0,0,28,25,3870,1,0,0,1,3
2020-09-11,US,North Dakota,Sheridan,9,0,0,47.57700669,-100.3426391,38083.0,684.4106463878327,0.0,9,9,0,0,9,9,1349,0,0,0,0,0
2020-09-11,US,North Dakota,Sioux,129,3,0,46.11323337,-101.04401490000001,38085.0,3049.645390070922,2.3255813953488373,126,127,3,0,124,128,4358,2,0,0,2,-1
2020-09-11,US,North Dakota,Slope,7,0,0,46.44737738,-103.4601547,38087.0,933.3333333333336,0.0,7,7,0,0,7,7,763,0,0,0,0,0
2020-09-11,US,North Dakota,Stark,995,6,0,46.80851182,-102.65763259999999,38089.0,3159.833592683159,0.6030150753768844,989,989,6,0,983,922,30997,6,0,0,6,67
2020-09-11,US,North Dakota,Steele,24,0,0,47.45611548,-97.72728747,38091.0,1269.8412698412699,0.0,24,24,0,0,24,24,1903,0,0,0,0,0
2020-09-11,US,North Dakota,Stutsman,381,3,0,46.97962541,-98.95637318,38093.0,1840.224111282844,0.7874015748031497,378,367,3,0,364,356,20917,14,0,0,14,11
2020-09-11,US,North Dakota,Towner,11,0,0,48.68565745,-99.24564265,38095.0,502.51256281407035,0.0,11,11,0,0,11,10,2192,0,0,0,0,1
2020-09-11,US,North Dakota,Traill,80,0,0,47.45367788,-97.16323288,38097.0,995.5201592832254,0.0,80,77,0,0,77,77,8037,3,0,0,3,0
2020-09-11,US,North Dakota,Walsh,158,1,0,48.36876964,-97.72574783,38099.0,1484.8228549948312,0.6329113924050633,157,156,1,0,155,155,10667,2,0,0,2,1
2020-09-11,US,North Dakota,Ward,648,3,0,48.22390169,-101.54367629999999,38101.0,957.99884685324,0.462962962962963,645,631,3,0,628,601,67744,17,0,0,17,30
2020-09-11,US,North Dakota,Wells,31,0,0,47.58614526,-99.65904998,38103.0,808.5550339071466,0.0,31,30,0,0,30,30,3957,1,0,0,1,0
2020-09-11,US,North Dakota,Williams,634,4,0,48.34522353,-103.4793387,38105.0,1686.6636516002022,0.6309148264984227,630,616,4,0,612,607,35350,18,0,0,18,9
2020-09-11,US,Ohio,Adams,99,4,0,38.84541072,-83.4718964,39001.0,357.4265289912629,4.040404040404041,95,99,4,0,95,98,27724,0,0,0,0,1
2020-09-11,US,Ohio,Allen,1280,61,0,40.77285242,-84.10802343,39003.0,1250.5984308897812,4.765625,1219,1271,61,0,1210,1254,102663,9,0,0,9,17
2020-09-11,US,Ohio,Ashland,188,4,0,40.84772277,-82.27280781,39005.0,351.506992745494,2.127659574468085,184,184,4,0,180,178,53745,4,0,0,4,6
2020-09-11,US,Ohio,Ashtabula,624,47,0,41.70860332,-80.74830218,39007.0,641.7046307627443,7.532051282051282,577,624,46,0,578,623,97493,0,1,0,-1,1
2020-09-11,US,Ohio,Athens,491,2,0,39.33425634,-82.04278644,39009.0,751.60347176512,0.4073319755600815,489,464,2,0,462,447,65818,27,0,0,27,17
2020-09-11,US,Ohio,Auglaize,504,8,0,40.55998859,-84.22421429999999,39011.0,1103.9074820396004,1.5873015873015872,496,494,8,0,486,486,45804,10,0,0,10,8
2020-09-11,US,Ohio,Belmont,699,27,0,40.01625942,-80.9924051,39013.0,1043.190162075038,3.862660944206009,672,694,27,0,667,691,67505,5,0,0,5,3
2020-09-11,US,Ohio,Brown,249,2,0,38.93416837,-83.86788395,39015.0,573.3100018419599,0.8032128514056225,247,244,2,0,242,242,43602,5,0,0,5,2
2020-09-11,US,Ohio,Butler,5124,87,0,39.44012838,-84.57388716,39017.0,1337.3910955435954,1.6978922716627636,5037,5009,85,0,4924,4906,382378,115,2,0,113,103
2020-09-11,US,Ohio,Carroll,136,7,0,40.578968599999996,-81.09178213,39019.0,505.31321988556135,5.147058823529412,129,136,7,0,129,135,27081,0,0,0,0,1
2020-09-11,US,Ohio,Champaign,268,3,0,40.13923427,-83.76875242,39021.0,689.2117783206893,1.1194029850746268,265,264,3,0,261,263,38754,4,0,0,4,1
2020-09-11,US,Ohio,Clark,1579,36,0,39.91592258,-83.78498252,39023.0,1177.6287821722367,2.279924002533249,1543,1565,33,0,1532,1547,134585,14,3,0,11,18
2020-09-11,US,Ohio,Clermont,1463,17,0,39.04847534,-84.15375786,39025.0,708.7216850427268,1.161995898838004,1446,1427,16,0,1411,1406,205466,36,1,0,35,21
2020-09-11,US,Ohio,Clinton,266,12,0,39.41485808,-83.80852286,39027.0,633.8162409454823,4.511278195488722,254,263,12,0,251,262,42057,3,0,0,3,1
2020-09-11,US,Ohio,Columbiana,1891,71,0,40.76932373,-80.78094576,39029.0,1856.050567808172,3.7546271813855103,1820,1889,71,0,1818,1878,102665,2,0,0,2,11
2020-09-11,US,Ohio,Coshocton,225,9,0,40.30096166,-81.91729018,39031.0,614.7540983606558,4.0,216,223,9,0,214,223,36629,2,0,0,2,0
2020-09-11,US,Ohio,Crawford,206,6,0,40.85065156,-82.91989099,39033.0,496.4573191304768,2.9126213592233015,200,206,5,0,201,206,41550,0,1,0,-1,0
2020-09-11,US,Ohio,Cuyahoga,16544,621,0,41.424119,-81.65918339,39035.0,1339.5170483987981,3.7536266924564803,15923,16479,613,0,15866,16407,1243857,65,8,0,57,72
2020-09-11,US,Ohio,Darke,701,37,0,40.13412966,-84.6194517,39037.0,1371.4710543306007,5.278174037089872,664,687,36,0,651,682,51323,14,1,0,13,5
2020-09-11,US,Ohio,Defiance,248,9,0,41.32398837,-84.49076944,39039.0,651.1408091999895,3.629032258064516,239,246,8,0,238,238,38165,2,1,0,1,8
2020-09-11,US,Ohio,Delaware,1905,21,0,40.27942393,-83.00457058,39041.0,910.7119807627032,1.1023622047244095,1884,1857,20,0,1837,1824,204826,48,1,0,47,33
2020-09-11,US,Ohio,Erie,835,42,0,41.36796058,-82.62904521,39043.0,1124.3368432391674,5.029940119760479,793,827,40,0,787,826,74615,8,2,0,6,1
2020-09-11,US,Ohio,Fairfield,1891,44,0,39.75107189,-82.63088163,39045.0,1200.0710777158667,2.3268112109994705,1847,1882,44,0,1838,1867,155782,9,0,0,9,15
2020-09-11,US,Ohio,Fayette,213,5,0,39.56021306,-83.4562016,39047.0,746.7134092900965,2.347417840375587,208,210,5,0,205,209,28666,3,0,0,3,1
2020-09-11,US,Ohio,Franklin,24144,577,0,39.96995815,-83.01115755,39049.0,1833.5971129047448,2.3898277004638837,23567,23994,573,0,23421,23763,1310300,150,4,0,146,231
2020-09-11,US,Ohio,Fulton,211,1,0,41.60213491,-84.12571393,39051.0,500.8783174286664,0.4739336492890995,210,207,1,0,206,205,42276,4,0,0,4,2
2020-09-11,US,Ohio,Gallia,167,9,0,38.82708533,-82.31647569,39053.0,558.5657903538698,5.389221556886229,158,163,9,0,154,160,29979,4,0,0,4,3
2020-09-11,US,Ohio,Geauga,674,46,0,41.49952319,-81.17935342,39055.0,719.7086995056007,6.824925816023739,628,671,46,0,625,667,94031,3,0,0,3,4
2020-09-11,US,Ohio,Greene,1182,25,0,39.69116283,-83.89032084,39057.0,699.6691074187419,2.1150592216582065,1157,1149,25,0,1124,1136,167995,33,0,0,33,13
2020-09-11,US,Ohio,Guernsey,144,7,0,40.05026529,-81.49248905,39059.0,370.4180064308682,4.861111111111111,137,142,7,0,135,142,39022,2,0,0,2,0
2020-09-11,US,Ohio,Hamilton,12067,291,0,39.19673558,-84.54502924,39061.0,1476.134379973406,2.4115355929394218,11776,11970,288,0,11682,11896,816684,97,3,0,94,74
2020-09-11,US,Ohio,Hancock,591,7,0,41.00250487,-83.66838948,39063.0,779.8582795613793,1.1844331641285957,584,583,7,0,576,577,75930,8,0,0,8,6
2020-09-11,US,Ohio,Hardin,241,13,0,40.66015414,-83.65929931,39065.0,768.3723896062489,5.394190871369295,228,241,13,0,228,238,31480,0,0,0,0,3
2020-09-11,US,Ohio,Harrison,49,1,0,40.29380509,-81.09068544,39067.0,325.79787234042567,2.0408163265306123,48,42,1,0,41,41,15174,7,0,0,7,1
2020-09-11,US,Ohio,Henry,263,10,0,41.333964200000004,-84.06830637,39069.0,973.8576612604606,3.8022813688212933,253,260,10,0,250,255,27086,3,0,0,3,5
2020-09-11,US,Ohio,Highland,208,3,0,39.1839264,-83.60331456,39071.0,481.9165450290772,1.4423076923076923,205,208,3,0,205,206,43058,0,0,0,0,2
2020-09-11,US,Ohio,Hocking,151,9,0,39.49537927,-82.47991446,39073.0,534.2485140107557,5.960264900662253,142,149,9,0,140,148,28385,2,0,0,2,1
2020-09-11,US,Ohio,Holmes,358,7,0,40.56163713,-81.92635677,39075.0,814.3767060964516,1.9553072625698324,351,356,7,0,349,355,43892,2,0,0,2,1
2020-09-11,US,Ohio,Huron,502,7,0,41.14651175,-82.59867951,39077.0,861.5659218068856,1.3944223107569722,495,499,6,0,493,498,58504,3,1,0,2,1
2020-09-11,US,Ohio,Jackson,191,2,0,39.01914254,-82.61818559999998,39079.0,589.2697374510227,1.0471204188481675,189,190,2,0,188,190,32384,1,0,0,1,0
2020-09-11,US,Ohio,Jefferson,304,4,0,40.38614126,-80.76259514,39081.0,465.36548029085344,1.3157894736842106,300,301,4,0,297,292,65767,3,0,0,3,9
2020-09-11,US,Ohio,Knox,264,15,0,40.39830217,-82.42027563,39083.0,423.6064311158177,5.6818181818181825,249,262,15,0,247,260,61893,2,0,0,2,2
2020-09-11,US,Ohio,Lake,1463,45,0,41.69710807,-81.23676539,39085.0,635.6751495770131,3.0758714969241283,1418,1459,45,0,1414,1444,230514,4,0,0,4,15
2020-09-11,US,Ohio,Lawrence,526,17,0,38.59743452,-82.53466552,39087.0,884.5836906984175,3.2319391634980987,509,508,17,0,491,501,59866,18,0,0,18,7
2020-09-11,US,Ohio,Licking,1746,58,0,40.09136236,-82.48185785,39089.0,987.2103674050957,3.3218785796105386,1688,1716,58,0,1658,1709,175769,30,0,0,30,7
2020-09-11,US,Ohio,Logan,263,3,0,40.38996525,-83.76784341,39091.0,575.8451567700123,1.1406844106463878,260,263,3,0,260,259,45358,0,0,0,0,4
2020-09-11,US,Ohio,Lorain,2197,85,0,41.29553751,-82.15083537,39093.0,709.09167196522,3.8689121529358217,2112,2190,85,0,2105,2184,309461,7,0,0,7,6
2020-09-11,US,Ohio,Lucas,6810,350,0,41.62101218,-83.65468618,39095.0,1589.8288307637713,5.1395007342143915,6460,6786,350,0,6436,6754,429899,24,0,0,24,32
2020-09-11,US,Ohio,Madison,744,11,0,39.89381073,-83.40178317,39097.0,1663.2760278106907,1.478494623655914,733,737,11,0,726,732,44413,7,0,0,7,5
2020-09-11,US,Ohio,Mahoning,2935,274,0,41.01631101,-80.77287029,39099.0,1283.4360227913749,9.335604770017037,2661,2923,274,0,2649,2915,229642,12,0,0,12,8
2020-09-11,US,Ohio,Marion,3031,46,0,40.58610662,-83.15736305,39101.0,4656.414668243897,1.5176509402837348,2985,3030,46,0,2984,3026,65256,1,0,0,1,4
2020-09-11,US,Ohio,Medina,1342,38,0,41.11770589,-81.89986209999998,39103.0,746.6091039578073,2.8315946348733236,1304,1330,38,0,1292,1313,179146,12,0,0,12,17
2020-09-11,US,Ohio,Meigs,158,6,0,39.09224872,-82.0305041,39105.0,689.7454926441699,3.79746835443038,152,156,6,0,150,156,23106,2,0,0,2,0
2020-09-11,US,Ohio,Mercer,941,17,0,40.54043046,-84.62912742,39107.0,2285.533857961721,1.8065887353878851,924,924,17,0,907,919,40959,17,0,0,17,5
2020-09-11,US,Ohio,Miami,1223,48,0,40.0543329,-84.22871271,39109.0,1143.1295391028814,3.924775143090761,1175,1198,47,0,1151,1173,106222,25,1,0,24,25
2020-09-11,US,Ohio,Monroe,106,18,0,39.72984936,-81.08464734,39111.0,776.3292807968361,16.9811320754717,88,106,18,0,88,104,13790,0,0,0,0,2
2020-09-11,US,Ohio,Montgomery,6961,143,0,39.75394919,-84.29050975,39113.0,1309.228926041073,2.0543025427381125,6818,6824,140,0,6684,6743,532331,137,3,0,134,81
2020-09-11,US,Ohio,Morgan,46,0,0,39.62081738,-81.85308173,39115.0,317.0664460987041,0.0,46,45,0,0,45,45,14604,1,0,0,1,0
2020-09-11,US,Ohio,Morrow,238,2,0,40.52363560000001,-82.7892599,39117.0,673.6865942028985,0.8403361344537815,236,237,2,0,235,236,35112,1,0,0,1,1
2020-09-11,US,Ohio,Muskingum,336,2,0,39.96575964,-81.94363275,39119.0,389.72336600359563,0.5952380952380952,334,330,2,0,328,329,86183,6,0,0,6,1
2020-09-11,US,Ohio,Noble,23,0,0,39.76818851,-81.45937183,39121.0,159.45646145313367,0.0,23,23,0,0,23,23,14354,0,0,0,0,0
2020-09-11,US,Ohio,Ottawa,459,30,0,41.53781826,-83.0940185,39123.0,1132.6341764343,6.5359477124183005,429,458,30,0,428,459,40769,1,0,0,1,-1
2020-09-11,US,Ohio,Paulding,92,0,0,41.11676341,-84.5801017,39125.0,492.71636675235646,0.0,92,90,0,0,90,87,18760,2,0,0,2,3
2020-09-11,US,Ohio,Perry,258,9,0,39.73508655,-82.23804971,39127.0,714.008966624232,3.4883720930232562,249,257,9,0,248,257,36033,1,0,0,1,0
2020-09-11,US,Ohio,Pickaway,2544,44,0,39.64170392,-83.0243386,39129.0,4351.916793540551,1.729559748427673,2500,2532,44,0,2488,2527,58086,12,0,0,12,5
2020-09-11,US,Ohio,Pike,118,0,0,39.07634001,-83.06769584,39131.0,424.8883767823708,0.0,118,118,0,0,118,116,28067,0,0,0,0,2
2020-09-11,US,Ohio,Portage,977,65,0,41.16793482,-81.19735782,39133.0,601.3565915329976,6.653019447287615,912,963,65,0,898,959,162927,14,0,0,14,4
2020-09-11,US,Ohio,Preble,394,10,0,39.7420247,-84.64787018,39135.0,963.7493273323224,2.538071065989848,384,391,7,0,384,388,40997,3,3,0,0,3
2020-09-11,US,Ohio,Putnam,453,18,0,41.02094889,-84.1336111,39137.0,1337.8222734118895,3.9735099337748334,435,445,17,0,428,431,33780,8,1,0,7,14
2020-09-11,US,Ohio,Richland,736,18,0,40.77180308,-82.53799609999999,39139.0,607.4912920745497,2.4456521739130435,718,731,18,0,713,730,121099,5,0,0,5,1
2020-09-11,US,Ohio,Ross,819,17,0,39.33705391,-83.06000914,39141.0,1068.2701588709467,2.075702075702076,802,808,16,0,792,804,76931,11,1,0,10,4
2020-09-11,US,Ohio,Sandusky,540,20,0,41.35624126,-83.137872,39143.0,922.7929867733003,3.703703703703704,520,536,19,0,517,535,58799,4,1,0,3,1
2020-09-11,US,Ohio,Scioto,415,5,0,38.80270163,-82.98907345,39145.0,551.0263695992777,1.2048192771084338,410,408,5,0,403,402,75502,7,0,0,7,6
2020-09-11,US,Ohio,Seneca,394,14,0,41.12351311,-83.12783209,39147.0,714.0527021639059,3.5532994923857872,380,389,13,0,376,385,55207,5,1,0,4,4
2020-09-11,US,Ohio,Shelby,481,6,0,40.33163494,-84.20258189,39149.0,989.9156204980447,1.2474012474012477,475,462,6,0,456,446,48627,19,0,0,19,16
2020-09-11,US,Ohio,Stark,2528,158,0,40.81482476,-81.36437305,39151.0,682.1260314188113,6.25,2370,2502,157,0,2345,2483,371574,26,1,0,25,19
2020-09-11,US,Ohio,Summit,4814,244,0,41.12464734,-81.53123079,39153.0,889.8122595945014,5.068550062318238,4570,4785,240,0,4545,4764,541918,29,4,0,25,21
2020-09-11,US,Ohio,Trumbull,1800,126,0,41.31735028,-80.76109643,39155.0,909.2103003424692,7.0,1674,1796,126,0,1670,1785,198627,4,0,0,4,11
2020-09-11,US,Ohio,Tuscarawas,883,19,0,40.44214695,-81.47226262,39157.0,959.9182493178384,2.1517553793884483,864,882,19,0,863,880,92176,1,0,0,1,2
2020-09-11,US,Ohio,Union,430,2,0,40.30016061,-83.37239023,39159.0,728.9618227436089,0.4651162790697674,428,426,1,0,425,421,57835,4,1,0,3,5
2020-09-11,US,Ohio,Van Wert,103,3,0,40.8554138,-84.59111700000003,39161.0,364.27939876215737,2.9126213592233015,100,102,3,0,99,102,28281,1,0,0,1,0
2020-09-11,US,Ohio,Vinton,41,3,0,39.25208988,-82.4831444,39163.0,313.3358807795185,7.317073170731707,38,41,2,0,39,41,13139,0,1,0,-1,0
2020-09-11,US,Ohio,Warren,2649,46,0,39.42581994,-84.16557457,39165.0,1129.1463840887973,1.7365043412608532,2603,2603,45,0,2558,2555,232173,46,1,0,45,48
2020-09-11,US,Ohio,Washington,239,23,0,39.45690571,-81.49121382,39167.0,398.9250721904158,9.623430962343095,216,238,23,0,215,235,60155,1,0,0,1,3
2020-09-11,US,Ohio,Wayne,854,65,0,40.82925852,-81.88844833,39169.0,738.0520266182698,7.611241217798594,789,840,64,0,776,833,115967,14,1,0,13,7
2020-09-11,US,Ohio,Williams,176,3,0,41.56052014,-84.58429552,39171.0,479.66859260874304,1.7045454545454546,173,171,3,0,168,170,36804,5,0,0,5,1
2020-09-11,US,Ohio,Wood,1505,65,0,41.36224827,-83.62285108,39173.0,1150.4620959049664,4.318936877076412,1440,1501,65,0,1436,1484,130696,4,0,0,4,17
2020-09-11,US,Ohio,Wyandot,195,11,0,40.84339621,-83.30734173,39175.0,895.6457835752342,5.641025641025642,184,195,11,0,184,194,21935,0,0,0,0,1
2020-09-11,US,Oklahoma,Adair,518,10,0,35.88494195,-94.65859267,40001.0,2333.9641344507527,1.9305019305019304,508,514,10,0,504,510,22082,4,0,0,4,4
2020-09-11,US,Oklahoma,Alfalfa,20,0,0,36.73090616,-98.32408495,40003.0,350.754121360926,0.0,20,20,0,0,20,20,5754,0,0,0,0,0
2020-09-11,US,Oklahoma,Atoka,174,1,0,34.37366573,-96.03802487,40005.0,1264.7187091146968,0.5747126436781609,173,172,1,0,171,172,13838,2,0,0,2,0
2020-09-11,US,Oklahoma,Beaver,44,0,0,36.7496847,-100.4758872,40007.0,828.4692148371304,0.0,44,44,0,0,44,44,5319,0,0,0,0,0
2020-09-11,US,Oklahoma,Beckham,157,1,0,35.26862449,-99.68128023,40009.0,718.2396266983851,0.6369426751592356,156,149,1,0,148,146,21709,8,0,0,8,3
2020-09-11,US,Oklahoma,Blaine,95,1,0,35.87518314,-98.43307003,40011.0,1007.5299607593596,1.0526315789473684,94,92,1,0,91,91,9485,3,0,0,3,1
2020-09-11,US,Oklahoma,Bryan,696,3,0,33.96472458,-96.25903472,40013.0,1450.1510574018127,0.4310344827586207,693,685,3,0,682,678,47192,11,0,0,11,7
2020-09-11,US,Oklahoma,Caddo,626,20,0,35.17364557,-98.37534464,40015.0,2176.4828593282805,3.194888178913738,606,619,20,0,599,613,28977,7,0,0,7,6
2020-09-11,US,Oklahoma,Canadian,1695,13,0,35.5426055,-97.98465569,40017.0,1142.9072323439375,0.7669616519174042,1682,1678,13,0,1665,1664,144447,17,0,0,17,14
2020-09-11,US,Oklahoma,Carter,455,8,0,34.25103751,-97.28552485,40019.0,945.7296668121637,1.7582417582417582,447,451,8,0,443,446,48177,4,0,0,4,5
2020-09-11,US,Oklahoma,Cherokee,842,7,0,35.90692775,-94.99980896,40021.0,1730.4807119222312,0.831353919239905,835,816,7,0,809,802,48675,26,0,0,26,14
2020-09-11,US,Oklahoma,Choctaw,265,2,0,34.02807439,-95.54771129,40023.0,1806.1613958560529,0.7547169811320755,263,262,2,0,260,259,14668,3,0,0,3,3
2020-09-11,US,Oklahoma,Cimarron,18,0,0,36.74817177,-102.5173885,40025.0,842.3022929340196,0.0,18,17,0,0,17,16,2153,1,0,0,1,1
2020-09-11,US,Oklahoma,Cleveland,4861,67,0,35.20413532,-97.32519562,40027.0,1711.5353468490991,1.3783172186792843,4794,4757,67,0,4690,4621,281669,104,0,0,104,136
2020-09-11,US,Oklahoma,Coal,65,0,0,34.58840127,-96.29798747,40029.0,1182.8935395814376,0.0,65,63,0,0,63,63,5520,2,0,0,2,0
2020-09-11,US,Oklahoma,Comanche,1354,12,0,34.65973764,-98.47195055,40031.0,1121.3343381725729,0.8862629246676514,1342,1345,12,0,1333,1318,120422,9,0,0,9,27
2020-09-11,US,Oklahoma,Cotton,62,2,0,34.28845626,-98.37053567,40033.0,1094.2463819272857,3.2258064516129035,60,61,2,0,59,57,5776,1,0,0,1,4
2020-09-11,US,Oklahoma,Craig,185,1,0,36.76268118,-95.20916602,40035.0,1308.160090510536,0.5405405405405406,184,184,1,0,183,182,14306,1,0,0,1,2
2020-09-11,US,Oklahoma,Creek,945,25,0,35.90230551,-96.37086028,40037.0,1321.2717765163165,2.6455026455026456,920,925,25,0,900,919,71604,20,0,0,20,6
2020-09-11,US,Oklahoma,Custer,388,0,0,35.63853802,-99.00170785,40039.0,1337.7926421404684,0.0,388,380,0,0,380,376,29036,8,0,0,8,4
2020-09-11,US,Oklahoma,Delaware,624,22,0,36.40823634,-94.80325046,40041.0,1450.8591225092425,3.525641025641025,602,610,22,0,588,600,42733,14,0,0,14,10
2020-09-11,US,Oklahoma,Dewey,29,1,0,35.98772922,-99.00730714,40043.0,592.9257820486607,3.4482758620689653,28,27,1,0,26,26,4894,2,0,0,2,1
2020-09-11,US,Oklahoma,Ellis,6,0,0,36.218019399999996,-99.75324573,40045.0,155.48069448043537,0.0,6,6,0,0,6,6,3952,0,0,0,0,0
2020-09-11,US,Oklahoma,Garfield,1256,16,0,36.3791334,-97.78265517,40047.0,2057.1278825995805,1.2738853503184713,1240,1227,16,0,1211,1206,60913,29,0,0,29,21
2020-09-11,US,Oklahoma,Garvin,295,4,0,34.70418038,-97.30811132,40049.0,1064.5592003175634,1.3559322033898304,291,290,4,0,286,288,27811,5,0,0,5,2
2020-09-11,US,Oklahoma,Grady,644,7,0,35.0167709,-97.88339847,40051.0,1153.419063652971,1.0869565217391304,637,620,7,0,613,600,55551,24,0,0,24,20
2020-09-11,US,Oklahoma,Grant,32,0,0,36.796296999999996,-97.78638765,40053.0,738.5183475651975,0.0,32,30,0,0,30,30,4326,2,0,0,2,0
2020-09-11,US,Oklahoma,Greer,94,8,0,34.93535801,-99.56056120000001,40055.0,1645.6582633053222,8.51063829787234,86,93,8,0,85,93,5821,1,0,0,1,0
2020-09-11,US,Oklahoma,Harmon,43,0,0,34.7440135,-99.84741652,40057.0,1620.8066339992456,0.0,43,40,0,0,40,40,2664,3,0,0,3,0
2020-09-11,US,Oklahoma,Harper,24,0,0,36.78836519,-99.6679804,40059.0,650.7592190889371,0.0,24,24,0,0,24,22,3797,0,0,0,0,2
2020-09-11,US,Oklahoma,Haskell,198,4,0,35.22257600000001,-95.11513306,40061.0,1568.0684248039913,2.0202020202020203,194,197,4,0,193,194,12668,1,0,0,1,3
2020-09-11,US,Oklahoma,Hughes,256,4,0,35.04912569,-96.24921145,40063.0,1927.8560132540101,1.5625,252,249,4,0,245,244,13335,7,0,0,7,5
2020-09-11,US,Oklahoma,Jackson,642,9,0,34.58781741,-99.41138784,40065.0,2617.2034243783123,1.4018691588785046,633,637,9,0,628,628,24949,5,0,0,5,9
2020-09-11,US,Oklahoma,Jefferson,37,0,0,34.11130184,-97.83182974,40067.0,616.4611796067977,0.0,37,37,0,0,37,37,6123,0,0,0,0,0
2020-09-11,US,Oklahoma,Johnston,121,3,0,34.31440473,-96.66011537,40069.0,1091.5651781686965,2.479338842975207,118,121,3,0,118,120,10949,0,0,0,0,1
2020-09-11,US,Oklahoma,Kay,401,13,0,36.81799745,-97.14421435,40071.0,921.0344985989253,3.2418952618453867,388,386,12,0,374,383,44161,15,1,0,14,3
2020-09-11,US,Oklahoma,Kingfisher,293,2,0,35.94530008,-97.94193268,40073.0,1858.5474151601647,0.6825938566552902,291,292,2,0,290,290,15816,1,0,0,1,2
2020-09-11,US,Oklahoma,Kiowa,56,2,0,34.91671958,-98.97720696,40075.0,643.0868167202573,3.571428571428572,54,55,2,0,53,54,8729,1,0,0,1,1
2020-09-11,US,Oklahoma,Latimer,122,2,0,34.87844729,-95.25215049,40077.0,1211.1585426387371,1.639344262295082,120,120,2,0,118,118,10231,2,0,0,2,2
2020-09-11,US,Oklahoma,Le Flore,829,16,0,34.89851864,-94.70392124,40079.0,1662.8888933464386,1.9300361881785284,813,819,12,0,807,809,49980,10,4,0,6,10
2020-09-11,US,Oklahoma,Lincoln,344,9,0,35.70270942,-96.8812462,40081.0,986.3233649683173,2.6162790697674416,335,338,9,0,329,339,34920,6,0,0,6,-1
2020-09-11,US,Oklahoma,Logan,352,1,0,35.91899576,-97.44352845,40083.0,733.1653162816855,0.2840909090909091,351,347,1,0,346,343,47291,5,0,0,5,4
2020-09-11,US,Oklahoma,Love,140,1,0,33.95273467,-97.23906784,40085.0,1365.4540134594752,0.7142857142857143,139,138,1,0,137,134,10134,2,0,0,2,4
2020-09-11,US,Oklahoma,Major,62,1,0,36.31149996,-98.53467076,40093.0,812.688425743872,1.6129032258064515,61,58,1,0,57,58,7644,4,0,0,4,0
2020-09-11,US,Oklahoma,Marshall,144,1,0,34.02311222,-96.76855464,40095.0,850.5108971708701,0.6944444444444444,143,144,1,0,143,143,16806,0,0,0,0,1
2020-09-11,US,Oklahoma,Mayes,484,10,0,36.30179091,-95.23175116,40097.0,1177.6155717761558,2.066115702479338,474,477,10,0,467,471,41107,7,0,0,7,6
2020-09-11,US,Oklahoma,McClain,672,5,0,35.01123903,-97.44572302,40087.0,1660.3251470079556,0.7440476190476191,667,659,4,0,655,647,39985,13,1,0,12,12
2020-09-11,US,Oklahoma,McCurtain,1129,31,0,34.11664328,-94.77222373,40089.0,3438.718323586745,2.745792736935341,1098,1119,31,0,1088,1112,32703,10,0,0,10,7
2020-09-11,US,Oklahoma,McIntosh,268,4,0,35.37235506,-95.66599306,40091.0,1367.6260461318636,1.492537313432836,264,261,4,0,257,257,19815,7,0,0,7,4
2020-09-11,US,Oklahoma,Murray,107,1,0,34.48116015,-97.06826283,40099.0,760.3211824060257,0.9345794392523364,106,104,1,0,103,102,13953,3,0,0,3,2
2020-09-11,US,Oklahoma,Muskogee,1524,18,0,35.61318461,-95.37802952,40101.0,2241.275350383105,1.1811023622047243,1506,1498,18,0,1480,1484,68362,26,0,0,26,14
2020-09-11,US,Oklahoma,Noble,126,2,0,36.38953329,-97.22928674,40103.0,1131.9737669571464,1.5873015873015872,124,121,2,0,119,119,11289,5,0,0,5,2
2020-09-11,US,Oklahoma,Nowata,119,2,0,36.79843529,-95.61902331,40105.0,1181.0242159587135,1.680672268907563,117,118,2,0,116,117,10218,1,0,0,1,1
2020-09-11,US,Oklahoma,Okfuskee,119,3,0,35.46485198,-96.32639984,40107.0,992.2454765279747,2.5210084033613445,116,116,3,0,113,116,12098,3,0,0,3,0
2020-09-11,US,Oklahoma,Oklahoma,14872,173,0,35.55140095,-97.40716948,40109.0,1864.9819295389968,1.163259817105971,14699,14713,171,0,14542,14543,792582,159,2,0,157,170
2020-09-11,US,Oklahoma,Okmulgee,700,5,0,35.64661916,-95.96432828,40111.0,1819.8362147406733,0.7142857142857143,695,691,5,0,686,688,38335,9,0,0,9,3
2020-09-11,US,Oklahoma,Osage,724,13,0,36.62888819,-96.39635704,40113.0,1541.63916274514,1.7955801104972375,711,720,13,0,707,718,47014,4,0,0,4,2
2020-09-11,US,Oklahoma,Ottawa,687,4,0,36.83532655,-94.81011909,40115.0,2207.087094805153,0.5822416302765647,683,671,4,0,667,646,31175,16,0,0,16,25
2020-09-11,US,Oklahoma,Pawnee,229,3,0,36.31743373,-96.70331759999999,40117.0,1398.3878847093308,1.310043668122271,226,229,3,0,226,228,16390,0,0,0,0,1
2020-09-11,US,Oklahoma,Payne,1686,5,0,36.07695283,-96.97584944,40119.0,2061.5279272229286,0.2965599051008304,1681,1621,5,0,1616,1595,82040,65,0,0,65,26
2020-09-11,US,Oklahoma,Pittsburg,688,19,0,34.92065823,-95.75134320000001,40121.0,1576.0296880010997,2.7616279069767438,669,675,19,0,656,667,43877,13,0,0,13,8
2020-09-11,US,Oklahoma,Pontotoc,281,3,0,34.72959848,-96.68337199,40123.0,733.9880890189113,1.0676156583629892,278,278,3,0,275,272,38247,3,0,0,3,6
2020-09-11,US,Oklahoma,Pottawatomie,1021,9,0,35.20614018,-96.94923008,40125.0,1406.4910733965175,0.8814887365328109,1012,992,9,0,983,980,72679,29,0,0,29,12
2020-09-11,US,Oklahoma,Pushmataha,134,1,0,34.41635232,-95.37603505,40127.0,1207.6423936553713,0.746268656716418,133,134,1,0,133,132,11179,0,0,0,0,2
2020-09-11,US,Oklahoma,Roger Mills,16,1,0,35.68711719,-99.69666167,40129.0,446.5531677365337,6.25,15,14,1,0,13,14,3656,2,0,0,2,0
2020-09-11,US,Oklahoma,Rogers,1505,45,0,36.37004357,-95.60406759,40131.0,1627.7485155582474,2.990033222591362,1460,1484,42,0,1442,1478,91984,21,3,0,18,6
2020-09-11,US,Oklahoma,Seminole,371,5,0,35.16478725,-96.61686741,40133.0,1529.392365405227,1.3477088948787062,366,366,5,0,361,360,24578,5,0,0,5,6
2020-09-11,US,Oklahoma,Sequoyah,677,8,0,35.49447108,-94.75463785,40135.0,1628.617479371647,1.1816838995568686,669,663,8,0,655,651,41179,14,0,0,14,12
2020-09-11,US,Oklahoma,Stephens,304,4,0,34.48556989,-97.85141892,40137.0,704.6334283661313,1.3157894736842106,300,300,4,0,296,294,43265,4,0,0,4,6
2020-09-11,US,Oklahoma,Texas,1292,7,0,36.74777635,-101.4889765,40139.0,6465.495671320623,0.541795665634675,1285,1282,7,0,1275,1279,20455,10,0,0,10,3
2020-09-11,US,Oklahoma,Tillman,78,1,0,34.37288446,-98.92426619,40141.0,1075.8620689655172,1.2820512820512822,77,74,1,0,73,73,7348,4,0,0,4,1
2020-09-11,US,Oklahoma,Tulsa,14891,144,0,36.11939621,-95.94013939,40143.0,2285.4660871273513,0.9670270633268416,14747,14764,143,0,14621,14655,648360,127,1,0,126,109
2020-09-11,US,Oklahoma,Unassigned,17,0,0,0.0,0.0,90040.0,0.0,0.0,17,16,0,0,16,55,,1,0,0,1,-39
2020-09-11,US,Oklahoma,Wagoner,1300,23,0,35.96024096,-95.51911308,40145.0,1599.2323684631376,1.7692307692307692,1277,1290,23,0,1267,1270,80110,10,0,0,10,20
2020-09-11,US,Oklahoma,Washington,899,40,0,36.71380786,-95.90514104,40147.0,1744.7163622954956,4.4493882091212456,859,896,40,0,856,890,51843,3,0,0,3,6
2020-09-11,US,Oklahoma,Washita,45,0,0,35.29071824,-98.99180434,40149.0,412.2389153536094,0.0,45,45,0,0,45,45,11127,0,0,0,0,0
2020-09-11,US,Oklahoma,Woods,33,0,0,36.76705782,-98.86573064,40151.0,375.29853292391675,0.0,33,33,0,0,33,33,8897,0,0,0,0,0
2020-09-11,US,Oklahoma,Woodward,135,0,0,36.42316318,-99.26283045,40153.0,667.9530948493392,0.0,135,137,0,0,137,136,20222,-2,0,0,-2,1
2020-09-11,US,Oregon,Baker,88,2,0,44.70915557,-117.6749883,41001.0,545.7702803274622,2.272727272727273,86,86,2,0,84,86,16006,2,0,0,2,0
2020-09-11,US,Oregon,Benton,240,6,0,44.49167306,-123.4316987,41003.0,257.9175308695045,2.5,234,234,6,0,228,231,92101,6,0,0,6,3
2020-09-11,US,Oregon,Clackamas,2126,58,0,45.18787398,-122.2179634,41005.0,508.38500479450585,2.7281279397930387,2068,2112,58,0,2054,2099,416075,14,0,0,14,13
2020-09-11,US,Oregon,Clatsop,100,0,0,45.99712889,-123.660711,41007.0,248.60779634049325,0.0,100,100,0,0,100,97,39764,0,0,0,0,3
2020-09-11,US,Oregon,Columbia,138,1,0,45.94464254,-123.08908980000001,41009.0,263.59017458073885,0.7246376811594203,137,137,1,0,136,136,52377,1,0,0,1,1
2020-09-11,US,Oregon,Coos,131,0,0,43.17406868,-124.0594514,41011.0,203.1417184858964,0.0,131,129,0,0,129,126,64389,2,0,0,2,3
2020-09-11,US,Oregon,Crook,59,1,0,44.14230227,-120.356297,41013.0,241.7636453040485,1.6949152542372878,58,59,1,0,58,59,23867,0,0,0,0,0
2020-09-11,US,Oregon,Curry,25,0,0,42.45911325,-124.15728200000001,41015.0,109.05125408942206,0.0,25,24,0,0,24,24,22813,1,0,0,1,0
2020-09-11,US,Oregon,Deschutes,711,12,0,43.91570171,-121.2289121,41017.0,359.6503652145762,1.6877637130801688,699,708,12,0,696,706,191996,3,0,0,3,2
2020-09-11,US,Oregon,Douglas,183,3,0,43.27941273,-123.16729099999999,41019.0,164.89457559920706,1.639344262295082,180,182,3,0,179,182,110283,1,0,0,1,0
2020-09-11,US,Oregon,Gilliam,4,0,0,45.37160076,-120.20488689999999,41021.0,209.20502092050208,0.0,4,4,0,0,4,4,1894,0,0,0,0,0
2020-09-11,US,Oregon,Grant,8,0,0,44.49024544,-119.0068631,41023.0,111.12654535352131,0.0,8,8,0,0,8,8,7176,0,0,0,0,0
2020-09-11,US,Oregon,Harney,12,0,0,43.06422669,-118.96663059999999,41025.0,162.31570404436633,0.0,12,12,0,0,12,12,7329,0,0,0,0,0
2020-09-11,US,Oregon,Hood River,238,0,0,45.51872811,-121.65520359999998,41027.0,1017.8769994012488,0.0,238,238,0,0,238,238,23428,0,0,0,0,0
2020-09-11,US,Oregon,Jackson,943,3,0,42.43201126,-122.72893090000001,41029.0,426.8049822579477,0.3181336161187699,940,936,3,0,933,928,219564,7,0,0,7,8
2020-09-11,US,Oregon,Jefferson,482,8,0,44.62806839,-121.17832,41031.0,1954.7408548949634,1.6597510373443984,474,479,7,0,472,477,24192,3,1,0,2,2
2020-09-11,US,Oregon,Josephine,174,2,0,42.3665549,-123.5561938,41033.0,198.8866917370581,1.1494252873563218,172,174,2,0,172,173,87393,0,0,0,0,1
2020-09-11,US,Oregon,Klamath,240,2,0,42.68762984,-121.64964609999998,41035.0,351.71019080277847,0.8333333333333334,238,239,2,0,237,237,67653,1,0,0,1,2
2020-09-11,US,Oregon,Lake,29,0,0,42.79246693,-120.38501629999999,41037.0,368.5347566399797,0.0,29,30,0,0,30,30,7879,-1,0,0,-1,0
2020-09-11,US,Oregon,Lane,825,11,0,43.93727035,-122.847753,41039.0,215.93071372298576,1.3333333333333333,814,817,11,0,806,812,379611,8,0,0,8,5
2020-09-11,US,Oregon,Lincoln,471,13,0,44.64252874,-123.86991200000001,41041.0,942.7164645130299,2.760084925690021,458,471,13,0,458,470,49388,0,0,0,0,1
2020-09-11,US,Oregon,Linn,424,13,0,44.48899494,-122.53731540000001,41043.0,326.78479217566223,3.0660377358490565,411,421,13,0,408,416,127335,3,0,0,3,5
2020-09-11,US,Oregon,Malheur,1354,22,0,43.1937027,-117.62273950000001,41045.0,4429.034051879232,1.6248153618906942,1332,1326,22,0,1304,1310,30725,28,0,0,28,16
2020-09-11,US,Oregon,Marion,4174,85,0,44.90287942,-122.58151170000001,41047.0,1200.0529012299535,2.0364159080019166,4089,4141,85,0,4056,4106,346868,33,0,0,33,35
2020-09-11,US,Oregon,Morrow,465,4,0,45.41846568,-119.584546,41049.0,4007.5842454537615,0.8602150537634409,461,463,4,0,459,461,11372,2,0,0,2,2
2020-09-11,US,Oregon,Multnomah,6458,126,0,45.54747959,-122.4169351,41051.0,794.4836409937811,1.95106844224218,6332,6399,125,0,6274,6365,811880,59,1,0,58,34
2020-09-11,US,Oregon,Polk,469,15,0,44.90322804,-123.4128888,41053.0,544.8103618516583,3.1982942430703623,454,464,15,0,449,460,85234,5,0,0,5,4
2020-09-11,US,Oregon,Sherman,18,0,0,45.41501554,-120.6827834,41055.0,1011.2359550561798,0.0,18,18,0,0,18,18,1708,0,0,0,0,0
2020-09-11,US,Oregon,Tillamook,44,0,0,45.46248721,-123.712066,41057.0,162.7459683385116,0.0,44,44,0,0,44,45,26787,0,0,0,0,-1
2020-09-11,US,Oregon,Umatilla,2812,40,0,45.59073056,-118.7353826,41059.0,3607.440667094291,1.4224751066856332,2772,2803,40,0,2763,2799,77516,9,0,0,9,4
2020-09-11,US,Oregon,Union,429,2,0,45.30915495,-118.0068979,41061.0,1598.6584684181107,0.4662004662004662,427,427,2,0,425,424,26461,2,0,0,2,3
2020-09-11,US,Oregon,Wallowa,23,1,0,45.57894064,-117.18353799999998,41063.0,319.0899001109878,4.3478260869565215,22,23,1,0,22,23,7081,0,0,0,0,0
2020-09-11,US,Oregon,Wasco,225,3,0,45.16292781,-121.16709540000001,41065.0,843.2651225545311,1.3333333333333333,222,224,3,0,221,223,26505,1,0,0,1,1
2020-09-11,US,Oregon,Washington,4046,52,0,45.55972701,-123.0955257,41067.0,672.5488370855995,1.2852199703410776,3994,4029,52,0,3977,4002,597695,17,0,0,17,27
2020-09-11,US,Oregon,Yamhill,697,14,0,45.23330449,-123.3086963,41071.0,650.7936507936507,2.008608321377332,683,693,14,0,679,684,107002,4,0,0,4,9
2020-09-11,US,Pennsylvania,Adams,723,24,0,39.87140411,-77.21610347,42001.0,701.880418215884,3.319502074688797,699,721,24,0,697,717,102811,2,0,0,2,4
2020-09-11,US,Pennsylvania,Allegheny,11069,331,0,40.46809875,-79.98167747,42003.0,910.2459201756512,2.9903333634474665,10738,10969,330,0,10639,10915,1218452,100,1,0,99,54
2020-09-11,US,Pennsylvania,Armstrong,378,13,0,40.81665618,-79.46290811,42005.0,583.9190546072449,3.4391534391534386,365,370,12,0,358,366,65263,8,1,0,7,4
2020-09-11,US,Pennsylvania,Beaver,1757,106,0,40.6825484,-80.34921611,42007.0,1071.8054767612807,6.033010813887308,1651,1731,106,0,1625,1722,164742,26,0,0,26,9
2020-09-11,US,Pennsylvania,Bedford,199,6,0,40.00522157,-78.48998442,42009.0,415.552956899432,3.0150753768844223,193,191,6,0,185,187,48176,8,0,0,8,4
2020-09-11,US,Pennsylvania,Berks,6442,385,0,40.41570541,-75.92457766,42011.0,1529.5704286216296,5.976404843216393,6057,6412,385,0,6027,6394,420152,30,0,0,30,18
2020-09-11,US,Pennsylvania,Blair,511,13,0,40.47961444,-78.34917412,42013.0,419.44036313193084,2.5440313111545994,498,506,13,0,493,504,122492,5,0,0,5,2
2020-09-11,US,Pennsylvania,Bradford,103,3,0,41.78869215,-76.51570822,42015.0,170.74747608706463,2.9126213592233015,100,103,3,0,100,103,60833,0,0,0,0,0
2020-09-11,US,Pennsylvania,Bucks,8198,594,0,40.33682119,-75.10836643,42017.0,1304.8530090566155,7.245669675530618,7604,8148,592,0,7556,8128,628195,50,2,0,48,20
2020-09-11,US,Pennsylvania,Butler,923,21,0,40.91152759,-79.91351055,42019.0,491.3416341501068,2.275189599133261,902,913,21,0,892,904,187888,10,0,0,10,9
2020-09-11,US,Pennsylvania,Cambria,515,6,0,40.49527404,-78.71377428,42021.0,395.56962025316454,1.1650485436893203,509,513,6,0,507,509,131730,2,0,0,2,4
2020-09-11,US,Pennsylvania,Cameron,8,0,0,41.43625568,-78.20376845,42023.0,179.89655947830002,0.0,8,8,0,0,8,8,4492,0,0,0,0,0
2020-09-11,US,Pennsylvania,Carbon,436,28,0,40.91545395,-75.7068525,42025.0,679.3181889003147,6.422018348623853,408,431,28,0,403,432,64227,5,0,0,5,-1
2020-09-11,US,Pennsylvania,Centre,1062,11,0,40.92058903,-77.82200624,42027.0,654.0012932228963,1.0357815442561205,1051,925,11,0,914,870,162805,137,0,0,137,55
2020-09-11,US,Pennsylvania,Chester,6187,362,0,39.97291773,-75.74768357,42029.0,1178.500882875641,5.850977856796509,5825,6149,361,0,5788,6089,522046,38,1,0,37,60
2020-09-11,US,Pennsylvania,Clarion,107,3,0,41.19265812,-79.42413524,42031.0,278.37036266194906,2.803738317757009,104,107,3,0,104,107,38779,0,0,0,0,0
2020-09-11,US,Pennsylvania,Clearfield,270,1,0,41.00110782,-78.47592663,42033.0,340.6725127752192,0.3703703703703704,269,265,1,0,264,265,79388,5,0,0,5,0
2020-09-11,US,Pennsylvania,Clinton,166,5,0,41.23255967,-77.63785995,42035.0,429.6955891488921,3.0120481927710845,161,165,5,0,160,162,38684,1,0,0,1,3
2020-09-11,US,Pennsylvania,Columbia,831,35,0,41.04821986,-76.40565017,42037.0,1279.170001847177,4.2117930204572795,796,824,35,0,789,813,65456,7,0,0,7,11
2020-09-11,US,Pennsylvania,Crawford,245,2,0,41.68447709,-80.10760592,42039.0,289.498871545215,0.8163265306122449,243,241,2,0,239,237,85063,4,0,0,4,4
2020-09-11,US,Pennsylvania,Cumberland,1649,73,0,40.1625372,-77.26130755,42041.0,650.8268540079725,4.426925409338994,1576,1638,73,0,1565,1634,251423,11,0,0,11,4
2020-09-11,US,Pennsylvania,Dauphin,3543,169,0,40.41377078,-76.77993242,42043.0,1273.0911717253744,4.769968952864804,3374,3508,167,0,3341,3498,277097,35,2,0,33,10
2020-09-11,US,Pennsylvania,Delaware,10811,739,0,39.91680171,-75.40243663,42045.0,1907.5531057067792,6.835630376468412,10072,10767,737,0,10030,10733,564751,44,2,0,42,34
2020-09-11,US,Pennsylvania,Elk,65,2,0,41.42822061,-78.64524744,42047.0,217.31862253426948,3.0769230769230766,63,65,2,0,63,65,30169,0,0,0,0,0
2020-09-11,US,Pennsylvania,Erie,1411,37,0,41.99253829,-80.03301954,42049.0,523.119587139637,2.622253720765414,1374,1407,37,0,1370,1408,272061,4,0,0,4,-1
2020-09-11,US,Pennsylvania,Fayette,733,7,0,39.92041012,-79.64291195,42051.0,567.0127017033587,0.9549795361527968,726,728,7,0,721,722,130441,5,0,0,5,6
2020-09-11,US,Pennsylvania,Forest,14,0,0,41.51095103,-79.23229292,42053.0,193.1833862287843,0.0,14,14,0,0,14,14,7279,0,0,0,0,0
2020-09-11,US,Pennsylvania,Franklin,1633,49,0,39.92956518,-77.72157791,42055.0,1053.3648977274927,3.0006123698714022,1584,1620,49,0,1571,1616,154835,13,0,0,13,4
2020-09-11,US,Pennsylvania,Fulton,39,2,0,39.92913544,-78.11163677,42057.0,268.41018582243635,5.128205128205129,37,38,2,0,36,38,14523,1,0,0,1,0
2020-09-11,US,Pennsylvania,Greene,156,1,0,39.85746531,-80.22357106,42059.0,430.5467391604337,0.6410256410256411,155,153,1,0,152,152,36506,3,0,0,3,1
2020-09-11,US,Pennsylvania,Huntingdon,392,6,0,40.42162652,-77.97673273,42061.0,868.3324472798157,1.5306122448979589,386,389,6,0,383,387,45168,3,0,0,3,2
2020-09-11,US,Pennsylvania,Indiana,505,11,0,40.65241041,-79.08963285,42063.0,600.6684666896625,2.1782178217821784,494,485,11,0,474,479,84501,20,0,0,20,6
2020-09-11,US,Pennsylvania,Jefferson,101,2,0,41.12913106,-78.9986361,42065.0,232.5849165227404,1.98019801980198,99,101,2,0,99,100,43641,0,0,0,0,1
2020-09-11,US,Pennsylvania,Juniata,161,6,0,40.53358749,-77.39975129999998,42067.0,650.1635504583451,3.7267080745341614,155,160,6,0,154,159,24704,1,0,0,1,1
2020-09-11,US,Pennsylvania,Lackawanna,2262,214,0,41.43564672,-75.60379201,42069.0,1078.8175930253633,9.460654288240494,2048,2225,214,0,2011,2218,210793,37,0,0,37,7
2020-09-11,US,Pennsylvania,Lancaster,7238,445,0,40.03904563,-76.24770128,42071.0,1326.311468801079,6.148107211937,6793,7185,443,0,6742,7140,543557,53,2,0,51,45
2020-09-11,US,Pennsylvania,Lawrence,480,21,0,40.99206278,-80.33393706,42073.0,561.3247263541961,4.375,459,480,21,0,459,479,86184,0,0,0,0,1
2020-09-11,US,Pennsylvania,Lebanon,1807,57,0,40.36680311,-76.45651841,42075.0,1274.3929531076992,3.154399557277255,1750,1794,57,0,1737,1788,141314,13,0,0,13,6
2020-09-11,US,Pennsylvania,Lehigh,5348,345,0,40.6154815,-75.59435245,42077.0,1448.0745590520905,6.451009723261032,5003,5329,345,0,4984,5329,368100,19,0,0,19,0
2020-09-11,US,Pennsylvania,Luzerne,3926,189,0,41.17823008,-75.98447579,42079.0,1236.858769379082,4.814060112073356,3737,3913,189,0,3724,3910,317646,13,0,0,13,3
2020-09-11,US,Pennsylvania,Lycoming,582,23,0,41.34310539,-77.06629984,42081.0,513.6850281114573,3.951890034364261,559,572,23,0,549,568,113664,10,0,0,10,4
2020-09-11,US,Pennsylvania,McKean,44,2,0,41.80938602,-78.56478358,42083.0,108.30769230769228,4.545454545454546,42,44,2,0,42,44,40968,0,0,0,0,0
2020-09-11,US,Pennsylvania,Mercer,619,13,0,41.30248872,-80.25816981,42085.0,565.6894282789883,2.10016155088853,606,617,13,0,604,612,110683,2,0,0,2,5
2020-09-11,US,Pennsylvania,Mifflin,185,1,0,40.61116939,-77.61070738,42087.0,400.97100004334817,0.5405405405405406,184,177,1,0,176,176,46222,8,0,0,8,1
2020-09-11,US,Pennsylvania,Monroe,1753,129,0,41.05934058,-75.34031025,42089.0,1029.5352702456669,7.358813462635482,1624,1750,129,0,1621,1747,169507,3,0,0,3,3
2020-09-11,US,Pennsylvania,Montgomery,11537,867,0,40.21053671,-75.36652296,42091.0,1388.469338018931,7.514951893906561,10670,11510,865,0,10645,11475,828604,27,2,0,25,35
2020-09-11,US,Pennsylvania,Montour,158,5,0,41.03023987,-76.66345939,42093.0,866.7032364234777,3.1645569620253164,153,154,5,0,149,154,18240,4,0,0,4,0
2020-09-11,US,Pennsylvania,Northampton,4210,302,0,40.75182733,-75.30471829,42095.0,1379.0392583978905,7.173396674584322,3908,4196,302,0,3894,4186,304807,14,0,0,14,10
2020-09-11,US,Pennsylvania,Northumberland,784,43,0,40.84785433,-76.70798222,42097.0,863.0274209350197,5.4846938775510194,741,777,41,0,736,773,91083,7,2,0,5,4
2020-09-11,US,Pennsylvania,Perry,184,6,0,40.40206612,-77.26297447,42099.0,397.64868603042885,3.260869565217391,178,184,6,0,178,184,46139,0,0,0,0,0
2020-09-11,US,Pennsylvania,Philadelphia,34986,1770,0,40.00338507,-75.1379271,42101.0,2208.622883923882,5.059166523752358,33216,34887,1763,0,33124,34742,1584138,99,7,0,92,145
2020-09-11,US,Pennsylvania,Pike,553,21,0,41.33155042,-75.03208106,42103.0,990.8796072318083,3.79746835443038,532,549,21,0,528,548,55933,4,0,0,4,1
2020-09-11,US,Pennsylvania,Potter,25,0,0,41.74471626,-77.89559864,42105.0,151.27677598935009,0.0,25,25,0,0,25,25,16622,0,0,0,0,0
2020-09-11,US,Pennsylvania,Schuylkill,1026,51,0,40.70497338,-76.2150785,42107.0,725.8115861034671,4.970760233918129,975,1023,51,0,972,1023,142067,3,0,0,3,0
2020-09-11,US,Pennsylvania,Snyder,197,3,0,40.77129231,-77.06840691,42109.0,487.9619538293867,1.5228426395939083,194,193,3,0,190,191,40540,4,0,0,4,2
2020-09-11,US,Pennsylvania,Somerset,192,3,0,39.97172723,-79.02699593,42111.0,261.41299168107616,1.5625,189,190,3,0,187,186,73952,2,0,0,2,4
2020-09-11,US,Pennsylvania,Sullivan,10,0,0,41.44634738,-76.51246591,42113.0,164.85328058028355,0.0,10,10,0,0,10,10,6071,0,0,0,0,0
2020-09-11,US,Pennsylvania,Susquehanna,284,28,0,41.82147784,-75.80071959,42115.0,704.2253521126761,9.859154929577462,256,284,28,0,256,284,40589,0,0,0,0,0
2020-09-11,US,Pennsylvania,Tioga,50,3,0,41.77255149,-77.25433032,42117.0,123.18001527432187,6.0,47,50,3,0,47,50,40763,0,0,0,0,0
2020-09-11,US,Pennsylvania,Union,420,6,0,40.96188846,-77.05996014,42119.0,934.9331077621707,1.4285714285714286,414,416,6,0,410,411,44785,4,0,0,4,5
2020-09-11,US,Pennsylvania,Venango,74,1,0,41.40323442,-79.75845449,42121.0,146.04878818978452,1.351351351351351,73,74,1,0,73,74,51266,0,0,0,0,0
2020-09-11,US,Pennsylvania,Warren,40,1,0,41.81304978,-79.26969577,42123.0,102.06424944502564,2.5,39,40,1,0,39,40,39498,0,0,0,0,0
2020-09-11,US,Pennsylvania,Washington,1177,28,0,40.19208869,-80.24582867,42125.0,568.9701012737776,2.3789294817332203,1149,1163,28,0,1135,1156,207346,14,0,0,14,7
2020-09-11,US,Pennsylvania,Wayne,198,10,0,41.64938475,-75.29956506,42127.0,385.5065127236619,5.05050505050505,188,195,10,0,185,196,51276,3,0,0,3,-1
2020-09-11,US,Pennsylvania,Westmoreland,1945,49,0,40.31377979999999,-79.46615476,42129.0,557.4679205156793,2.519280205655527,1896,1925,49,0,1876,1914,350611,20,0,0,20,11
2020-09-11,US,Pennsylvania,Wyoming,71,8,0,41.51955538,-76.01074915,42131.0,264.98469806673137,11.267605633802814,63,71,8,0,63,70,27046,0,0,0,0,1
2020-09-11,US,Pennsylvania,York,3995,132,0,39.9210089,-76.73040131,42133.0,889.6400910350111,3.304130162703379,3863,3929,132,0,3797,3889,448273,66,0,0,66,40
2020-09-11,US,Puerto Rico,Adjuntas,135,0,0,18.180117000000006,-66.754367,72001.0,692.9117692347174,0.0,135,132,0,0,132,131,,3,0,0,3,1
2020-09-11,US,Puerto Rico,Aguada,254,0,0,18.360255,-67.17513100000001,72003.0,605.3528444433853,0.0,254,253,0,0,253,241,,1,0,0,1,12
2020-09-11,US,Puerto Rico,Aguadilla,358,0,0,18.459681,-67.12081500000001,72005.0,587.3763310308617,0.0,358,353,0,0,353,346,,5,0,0,5,7
2020-09-11,US,Puerto Rico,Aguas Buenas,221,0,0,18.251619,-66.126806,72007.0,771.1364667294741,0.0,221,218,0,0,218,211,,3,0,0,3,7
2020-09-11,US,Puerto Rico,Aibonito,133,0,0,18.131361,-66.264131,72009.0,513.5135135135135,0.0,133,129,0,0,129,127,,4,0,0,4,2
2020-09-11,US,Puerto Rico,Anasco,198,0,0,18.287985,-67.120611,72011.0,676.6686032603124,0.0,198,196,0,0,196,194,,2,0,0,2,2
2020-09-11,US,Puerto Rico,Arecibo,561,0,0,18.406631,-66.675077,72013.0,581.7088345085027,0.0,561,554,0,0,554,541,,7,0,0,7,13
2020-09-11,US,Puerto Rico,Arroyo,138,0,0,17.998457000000005,-66.056546,72015.0,704.9808429118774,0.0,138,137,0,0,137,133,,1,0,0,1,4
2020-09-11,US,Puerto Rico,Barceloneta,147,0,0,18.445532999999998,-66.56053100000001,72017.0,592.3597678916827,0.0,147,142,0,0,142,138,,5,0,0,5,4
2020-09-11,US,Puerto Rico,Barranquitas,370,0,0,18.201592,-66.30963,72019.0,1220.3971238208326,0.0,370,370,0,0,370,361,,0,0,0,0,9
2020-09-11,US,Puerto Rico,Bayamon,2908,0,0,18.34946,-66.168435,72021.0,1397.2976609198715,0.0,2908,2886,0,0,2886,2805,,22,0,0,22,81
2020-09-11,US,Puerto Rico,Cabo Rojo,284,0,0,18.040993,-67.154391,72023.0,557.7704892275665,0.0,284,283,0,0,283,280,,1,0,0,1,3
2020-09-11,US,Puerto Rico,Caguas,1229,0,0,18.211615,-66.050779,72025.0,860.0841188861598,0.0,1229,1207,0,0,1207,1178,,22,0,0,22,29
2020-09-11,US,Puerto Rico,Camuy,207,0,0,18.418578,-66.860206,72027.0,588.7539463579737,0.0,207,206,0,0,206,200,,1,0,0,1,6
2020-09-11,US,Puerto Rico,Canovanas,572,0,0,18.328802,-65.887612,72029.0,1200.4701141705846,0.0,572,566,0,0,566,556,,6,0,0,6,10
2020-09-11,US,Puerto Rico,Carolina,2120,0,0,18.374986,-65.95683100000001,72031.0,1199.3528020728438,0.0,2120,2105,0,0,2105,2050,,15,0,0,15,55
2020-09-11,US,Puerto Rico,Catano,333,0,0,18.437269,-66.14330600000001,72033.0,1183.368869936034,0.0,333,330,0,0,330,323,,3,0,0,3,7
2020-09-11,US,Puerto Rico,Cayey,286,0,0,18.102851,-66.14914,72035.0,594.359816288784,0.0,286,283,0,0,283,281,,3,0,0,3,2
2020-09-11,US,Puerto Rico,Ceiba,95,0,0,18.251818,-65.666416,72037.0,696.940796713374,0.0,95,94,0,0,94,93,,1,0,0,1,1
2020-09-11,US,Puerto Rico,Ciales,198,0,0,18.28885,-66.516475,72039.0,1054.2008305824727,0.0,198,195,0,0,195,193,,3,0,0,3,2
2020-09-11,US,Puerto Rico,Cidra,253,0,0,18.173559,-66.161179,72041.0,581.8767249310027,0.0,253,251,0,0,251,244,,2,0,0,2,7
2020-09-11,US,Puerto Rico,Coamo,228,0,0,18.097597,-66.36014,72043.0,562.7962085308056,0.0,228,226,0,0,226,222,,2,0,0,2,4
2020-09-11,US,Puerto Rico,Comerio,181,0,0,18.224687,-66.221622,72045.0,871.1136779285782,0.0,181,175,0,0,175,175,,6,0,0,6,0
2020-09-11,US,Puerto Rico,Corozal,457,0,0,18.304264,-66.327738,72047.0,1230.4130095309893,0.0,457,454,0,0,454,442,,3,0,0,3,12
2020-09-11,US,Puerto Rico,Culebra,21,0,0,18.31586,-65.28813000000001,72049.0,1155.1155115511556,0.0,21,21,0,0,21,21,,0,0,0,0,0
2020-09-11,US,Puerto Rico,Dorado,571,0,0,18.436115,-66.278669,72051.0,1496.1352024105856,0.0,571,565,0,0,565,559,,6,0,0,6,6
2020-09-11,US,Puerto Rico,Fajardo,402,0,0,18.318373,-65.666866,72053.0,1086.6920768794096,0.0,402,399,0,0,399,389,,3,0,0,3,10
2020-09-11,US,Puerto Rico,Florida,220,0,0,18.373715,-66.560488,72054.0,1735.0157728706624,0.0,220,218,0,0,218,216,,2,0,0,2,2
2020-09-11,US,Puerto Rico,Guanica,87,0,0,17.982429,-66.91964300000001,72055.0,447.8303392186133,0.0,87,85,0,0,85,85,,2,0,0,2,0
2020-09-11,US,Puerto Rico,Guayama,249,0,0,18.007516,-66.13390799999999,72057.0,548.917596225916,0.0,249,246,0,0,246,244,,3,0,0,3,2
2020-09-11,US,Puerto Rico,Guayanilla,148,0,0,18.039942,-66.79186,72059.0,685.7884250034753,0.0,148,148,0,0,148,148,,0,0,0,0,0
2020-09-11,US,Puerto Rico,Guaynabo,1381,0,0,18.345114000000002,-66.11452299999999,72061.0,1410.2773579510642,0.0,1381,1375,0,0,1375,1353,,6,0,0,6,22
2020-09-11,US,Puerto Rico,Gurabo,408,0,0,18.266461,-65.97970500000001,72063.0,899.2924684255769,0.0,408,404,0,0,404,392,,4,0,0,4,12
2020-09-11,US,Puerto Rico,Hatillo,210,0,0,18.410928,-66.79632600000001,72065.0,500.5601506447691,0.0,210,209,0,0,209,205,,1,0,0,1,4
2020-09-11,US,Puerto Rico,Hormigueros,131,0,0,18.134532,-67.113972,72067.0,759.4202898550725,0.0,131,130,0,0,130,130,,1,0,0,1,0
2020-09-11,US,Puerto Rico,Humacao,358,0,0,18.145211,-65.810174,72069.0,612.3216912393527,0.0,358,355,0,0,355,340,,3,0,0,3,15
2020-09-11,US,Puerto Rico,Isabela,230,0,0,18.44981,-67.005093,72071.0,504.04330389428236,0.0,230,223,0,0,223,219,,7,0,0,7,4
2020-09-11,US,Puerto Rico,Jayuya,214,0,0,18.211446,-66.58878,72073.0,1285.9031366422305,0.0,214,214,0,0,214,211,,0,0,0,0,3
2020-09-11,US,Puerto Rico,Juana Diaz,282,0,0,18.050764,-66.49458100000001,72075.0,352.9544288271149,0.0,282,281,0,0,281,279,,1,0,0,1,2
2020-09-11,US,Puerto Rico,Juncos,273,0,0,18.223793,-65.909109,72077.0,677.5874906924795,0.0,273,269,0,0,269,261,,4,0,0,4,8
2020-09-11,US,Puerto Rico,Lajas,123,0,0,18.011661,-67.040585,72079.0,477.6142585329865,0.0,123,121,0,0,121,119,,2,0,0,2,2
2020-09-11,US,Puerto Rico,Lares,262,0,0,18.269035000000002,-66.867236,72081.0,851.9494033102461,0.0,262,262,0,0,262,260,,0,0,0,0,2
2020-09-11,US,Puerto Rico,Las Marias,88,0,0,18.23679,-66.98362,72083.0,890.5981175994333,0.0,88,88,0,0,88,88,,0,0,0,0,0
2020-09-11,US,Puerto Rico,Las Piedras,350,0,0,18.187527,-65.86946800000001,72085.0,904.9773755656108,0.0,350,347,0,0,347,335,,3,0,0,3,12
2020-09-11,US,Puerto Rico,Loiza,209,0,0,18.425688,-65.89943000000001,72087.0,695.2761144377913,0.0,209,207,0,0,207,206,,2,0,0,2,1
2020-09-11,US,Puerto Rico,Luquillo,192,0,0,18.342114000000002,-65.72509699999999,72089.0,956.7470599960136,0.0,192,192,0,0,192,191,,0,0,0,0,1
2020-09-11,US,Puerto Rico,Manati,423,0,0,18.420473,-66.490461,72091.0,958.9010042391133,0.0,423,396,0,0,396,388,,27,0,0,27,8
2020-09-11,US,Puerto Rico,Maricao,66,0,0,18.171795,-66.942126,72093.0,1051.625239005736,0.0,66,66,0,0,66,66,,0,0,0,0,0
2020-09-11,US,Puerto Rico,Maunabo,98,0,0,18.017889,-65.922235,72095.0,801.6359918200409,0.0,98,98,0,0,98,95,,0,0,0,0,3
2020-09-11,US,Puerto Rico,Mayaguez,701,0,0,18.2013,-67.1452,72097.0,786.9330938482263,0.0,701,692,0,0,692,679,,9,0,0,9,13
2020-09-11,US,Puerto Rico,Moca,283,0,0,18.377805,-67.080952,72099.0,705.5773018524519,0.0,283,278,0,0,278,271,,5,0,0,5,7
2020-09-11,US,Puerto Rico,Morovis,434,0,0,18.316963,-66.420383,72101.0,1330.8800981294082,0.0,434,433,0,0,433,426,,1,0,0,1,7
2020-09-11,US,Puerto Rico,Naguabo,153,0,0,18.230636999999998,-65.753897,72103.0,572.6047904191616,0.0,153,151,0,0,151,150,,2,0,0,2,1
2020-09-11,US,Puerto Rico,Naranjito,515,0,0,18.288019,-66.252703,72105.0,1693.9675021380176,0.0,515,514,0,0,514,499,,1,0,0,1,15
2020-09-11,US,Puerto Rico,Orocovis,283,0,0,18.215046,-66.433604,72107.0,1208.2141484865303,0.0,283,283,0,0,283,281,,0,0,0,0,2
2020-09-11,US,Puerto Rico,Out of PR,762,0,0,0.0,0.0,72888.0,0.0,0.0,762,755,0,0,755,753,,7,0,0,7,2
2020-09-11,US,Puerto Rico,Patillas,147,0,0,18.03174,-66.012242,72109.0,762.5667894381903,0.0,147,147,0,0,147,144,,0,0,0,0,3
2020-09-11,US,Puerto Rico,Penuelas,101,0,0,18.059645,-66.721572,72111.0,415.9459682069023,0.0,101,101,0,0,101,100,,0,0,0,0,1
2020-09-11,US,Puerto Rico,Ponce,682,0,0,18.059498,-66.613748,72113.0,410.0356526601212,0.0,682,676,0,0,676,670,,6,0,0,6,6
2020-09-11,US,Puerto Rico,Quebradillas,130,0,0,18.439692,-66.926113,72115.0,501.5625602839617,0.0,130,126,0,0,126,123,,4,0,0,4,3
2020-09-11,US,Puerto Rico,Rincon,145,0,0,18.335442999999998,-67.23174,72117.0,953.9473684210526,0.0,145,145,0,0,145,137,,0,0,0,0,8
2020-09-11,US,Puerto Rico,Rio Grande,472,0,0,18.346329,-65.813742,72119.0,869.1809074837952,0.0,472,468,0,0,468,455,,4,0,0,4,13
2020-09-11,US,Puerto Rico,Sabana Grande,176,0,0,18.08282,-66.943758,72121.0,696.6158717593509,0.0,176,174,0,0,174,172,,2,0,0,2,2
2020-09-11,US,Puerto Rico,Salinas,343,0,0,18.010386999999994,-66.256592,72123.0,1103.6746251367526,0.0,343,334,0,0,334,323,,9,0,0,9,11
2020-09-11,US,Puerto Rico,San German,206,0,0,18.111484,-67.03858100000001,72125.0,579.840684549779,0.0,206,206,0,0,206,204,,0,0,0,0,2
2020-09-11,US,Puerto Rico,San Juan,5926,0,0,18.386933,-66.061128,72127.0,1499.0160019831733,0.0,5926,5884,0,0,5884,5755,,42,0,0,42,129
2020-09-11,US,Puerto Rico,San Lorenzo,337,0,0,18.147987,-65.976392,72129.0,820.7901018071996,0.0,337,333,0,0,333,311,,4,0,0,4,22
2020-09-11,US,Puerto Rico,San Sebastian,296,0,0,18.328646,-66.971214,72131.0,697.6196087673816,0.0,296,294,0,0,294,292,,2,0,0,2,2
2020-09-11,US,Puerto Rico,Santa Isabel,141,0,0,17.994525,-66.388913,72133.0,605.826243877288,0.0,141,141,0,0,141,138,,0,0,0,0,3
2020-09-11,US,Puerto Rico,Toa Alta,1029,0,0,18.362406,-66.246616,72135.0,1389.3014338562905,0.0,1029,1020,0,0,1020,997,,9,0,0,9,23
2020-09-11,US,Puerto Rico,Toa Baja,1004,0,0,18.431445999999998,-66.213553,72137.0,1120.4231717796204,0.0,1004,995,0,0,995,971,,9,0,0,9,24
2020-09-11,US,Puerto Rico,Trujillo Alto,824,0,0,18.336159,-65.99888399999999,72139.0,1100.986077336255,0.0,824,818,0,0,818,797,,6,0,0,6,21
2020-09-11,US,Puerto Rico,Unassigned,513,523,0,0.0,0.0,72999.0,0.0,101.94931773879142,-10,570,512,0,58,546,,-57,11,0,-68,24
2020-09-11,US,Puerto Rico,Utuado,112,0,0,18.271214,-66.702984,72141.0,337.8684123201304,0.0,112,109,0,0,109,106,,3,0,0,3,3
2020-09-11,US,Puerto Rico,Vega Alta,516,0,0,18.409346,-66.33725,72143.0,1291.5821881805211,0.0,516,507,0,0,507,503,,9,0,0,9,4
2020-09-11,US,Puerto Rico,Vega Baja,739,0,0,18.428262,-66.397924,72145.0,1238.6443632462876,0.0,739,721,0,0,721,707,,18,0,0,18,14
2020-09-11,US,Puerto Rico,Vieques,86,0,0,18.123276,-65.44097099999999,72147.0,924.6317600258037,0.0,86,86,0,0,86,85,,0,0,0,0,1
2020-09-11,US,Puerto Rico,Villalba,102,0,0,18.127951,-66.473115,72149.0,391.209296973881,0.0,102,100,0,0,100,99,,2,0,0,2,1
2020-09-11,US,Puerto Rico,Yabucoa,232,0,0,18.070399,-65.896289,72151.0,611.4757122901348,0.0,232,231,0,0,231,225,,1,0,0,1,6
2020-09-11,US,Puerto Rico,Yauco,329,0,0,18.080374,-66.858814,72153.0,782.5321694455678,0.0,329,323,0,0,323,323,,6,0,0,6,0
2020-09-11,US,Rhode Island,Bristol,369,0,0,41.71018079,-71.28652315,44001.0,761.1543142391548,0.0,369,369,0,0,369,369,48649,0,0,0,0,0
2020-09-11,US,Rhode Island,Kent,1746,0,0,41.67106337,-71.57641596,44003.0,1062.7419472646263,0.0,1746,1746,0,0,1746,1746,163861,0,0,0,0,0
2020-09-11,US,Rhode Island,Newport,476,0,0,41.5642026,-71.26569799,44005.0,579.9078969810678,0.0,476,476,0,0,476,476,82542,0,0,0,0,0
2020-09-11,US,Rhode Island,Providence,17500,0,0,41.87064746,-71.57753536,44007.0,2738.9499022586165,0.0,17500,17500,0,0,17500,17500,636084,0,0,0,0,0
2020-09-11,US,Rhode Island,Unassigned,2081,1071,0,0.0,0.0,90044.0,0.0,51.46564151850072,1010,1958,1067,0,891,1852,,123,4,0,119,106
2020-09-11,US,Rhode Island,Washington,733,0,0,41.45961631,-71.61435303,44009.0,583.7056148817062,0.0,733,733,0,0,733,733,126179,0,0,0,0,0
2020-09-11,US,South Carolina,Abbeville,478,12,0,34.22333378,-82.46170658,45001.0,1948.8726709340729,2.510460251046025,466,469,12,0,457,467,24541,9,0,0,9,2
2020-09-11,US,South Carolina,Aiken,2485,74,0,33.54338026,-81.63645384,45003.0,1454.3049768247574,2.9778672032193167,2411,2473,71,0,2402,2464,169401,12,3,0,9,9
2020-09-11,US,South Carolina,Allendale,314,6,0,32.98837386,-81.35321066,45005.0,3614.180478821362,1.9108280254777068,308,313,6,0,307,314,8903,1,0,0,1,-1
2020-09-11,US,South Carolina,Anderson,3531,144,0,34.51828081,-82.63959517,45007.0,1743.2044155254298,4.078164825828377,3387,3408,138,0,3270,3404,200482,123,6,0,117,4
2020-09-11,US,South Carolina,Bamberg,571,32,0,33.21927586,-81.05659969,45009.0,4059.434096402673,5.604203152364273,539,566,31,0,535,562,14275,5,1,0,4,4
2020-09-11,US,South Carolina,Barnwell,570,16,0,33.26679302,-81.43584352,45011.0,2731.716668264162,2.8070175438596485,554,564,16,0,548,562,21112,6,0,0,6,2
2020-09-11,US,South Carolina,Beaufort,5093,73,0,32.39226291,-80.72619758,45013.0,2650.919728089443,1.4333398782642843,5020,5031,73,0,4958,5017,188715,62,0,0,62,14
2020-09-11,US,South Carolina,Berkeley,5034,86,0,33.20222596,-79.94654523,45015.0,2208.795692980031,1.7083829956297178,4948,4999,86,0,4913,4971,221091,35,0,0,35,28
2020-09-11,US,South Carolina,Calhoun,429,17,0,33.66926881,-80.77722168,45017.0,2947.845804988662,3.962703962703962,412,425,17,0,408,427,14520,4,0,0,4,-2
2020-09-11,US,South Carolina,Charleston,14661,252,0,32.82487866,-79.96512315,45019.0,3563.63300486624,1.7188459177409454,14409,14550,249,0,14301,14529,405905,111,3,0,108,21
2020-09-11,US,South Carolina,Cherokee,945,34,0,35.05122251,-81.61828622,45021.0,1649.2146596858636,3.5978835978835977,911,904,33,0,871,907,57078,41,1,0,40,-3
2020-09-11,US,South Carolina,Chester,971,19,0,34.69249168,-81.1583216,45023.0,3011.412976057561,1.9567456230690008,952,951,19,0,932,947,32251,20,0,0,20,4
2020-09-11,US,South Carolina,Chesterfield,1090,32,0,34.64137396,-80.15640140000002,45025.0,2387.7327491785322,2.9357798165137616,1058,1082,31,0,1051,1071,45754,8,1,0,7,11
2020-09-11,US,South Carolina,Clarendon,1022,65,0,33.66610974,-80.21647898,45027.0,3028.596829159876,6.3600782778864975,957,1016,64,0,952,1013,33700,6,1,0,5,3
2020-09-11,US,South Carolina,Colleton,950,39,0,32.87582989,-80.67641292,45029.0,2521.4321734745336,4.105263157894736,911,933,39,0,894,926,37660,17,0,0,17,7
2020-09-11,US,South Carolina,Darlington,1796,47,0,34.33358335,-79.96027485,45031.0,2695.9680566813768,2.6169265033407574,1749,1780,46,0,1734,1764,66802,16,1,0,15,16
2020-09-11,US,South Carolina,Dillon,857,28,0,34.39007791,-79.37741872,45033.0,2811.772039765084,3.267211201866978,829,841,28,0,813,841,30599,16,0,0,16,0
2020-09-11,US,South Carolina,Dorchester,3798,87,0,33.0794369,-80.40502652,45035.0,2332.7948700624656,2.2906793048973144,3711,3745,85,0,3660,3750,160647,53,2,0,51,-5
2020-09-11,US,South Carolina,Edgefield,514,15,0,33.77221995,-81.96231108,45037.0,1885.546588407924,2.9182879377431905,499,511,15,0,496,508,27052,3,0,0,3,3
2020-09-11,US,South Carolina,Fairfield,699,32,0,34.39287073,-81.1195624,45039.0,3127.936635790039,4.577968526466381,667,692,30,0,662,690,22402,7,2,0,5,2
2020-09-11,US,South Carolina,Florence,4589,172,0,34.02361754,-79.70189312,45041.0,3318.31690685718,3.748093266506864,4417,4554,171,0,4383,4542,138159,35,1,0,34,12
2020-09-11,US,South Carolina,Georgetown,1815,42,0,33.43443342,-79.33202141,45043.0,2895.6604977664333,2.31404958677686,1773,1805,41,0,1764,1798,62249,10,1,0,9,7
2020-09-11,US,South Carolina,Greenville,13016,277,0,34.89502264,-82.37295012,45045.0,2486.1424680350383,2.128149969268593,12739,12727,276,0,12451,12721,514213,289,1,0,288,6
2020-09-11,US,South Carolina,Greenwood,2022,64,0,34.15272415,-82.12715789,45047.0,2855.4885540382147,3.1651829871414443,1958,1975,60,0,1915,1968,70741,47,4,0,43,7
2020-09-11,US,South Carolina,Hampton,577,25,0,32.77419582,-81.13845571,45049.0,3001.7688065757984,4.332755632582321,552,570,25,0,545,567,19351,7,0,0,7,3
2020-09-11,US,South Carolina,Horry,9764,191,0,33.9212828,-78.99555293,45051.0,2757.5611230198742,1.9561655059401883,9573,9694,191,0,9503,9647,344147,70,0,0,70,47
2020-09-11,US,South Carolina,Jasper,729,18,0,32.43171982,-81.02487495,45053.0,2424.101353373458,2.469135802469136,711,723,18,0,705,716,28971,6,0,0,6,7
2020-09-11,US,South Carolina,Kershaw,1737,35,0,34.33988254,-80.58763164,45055.0,2610.028399272738,2.01496833621186,1702,1716,34,0,1682,1716,65592,21,1,0,20,0
2020-09-11,US,South Carolina,Lancaster,1837,42,0,34.68270843,-80.70513032,45057.0,1874.260294657797,2.286336418072945,1795,1800,42,0,1758,1802,95380,37,0,0,37,-2
2020-09-11,US,South Carolina,Laurens,1543,54,0,34.48244419,-82.00490796,45059.0,2286.163009497281,3.4996759559300066,1489,1534,54,0,1480,1539,66994,9,0,0,9,-5
2020-09-11,US,South Carolina,Lee,681,32,0,34.16393091,-80.25690731,45061.0,4046.826717375802,4.698972099853157,649,674,32,0,642,682,17142,7,0,0,7,-8
2020-09-11,US,South Carolina,Lexington,6269,151,0,33.89665987,-81.27146426,45063.0,2098.410041841005,2.408677620035093,6118,6172,149,0,6023,6148,295032,97,2,0,95,24
2020-09-11,US,South Carolina,Marion,756,19,0,34.07859748,-79.36400756,45067.0,2465.9947157256092,2.513227513227513,737,752,18,0,734,752,31039,4,1,0,3,0
2020-09-11,US,South Carolina,Marlboro,829,6,0,34.59905577,-79.67561152,45069.0,3174.056206447661,0.7237635705669482,823,814,6,0,808,805,26398,15,0,0,15,9
2020-09-11,US,South Carolina,McCormick,179,5,0,33.90161443,-82.30794338,45065.0,1891.5777237662478,2.793296089385475,174,177,5,0,172,177,9410,2,0,0,2,0
2020-09-11,US,South Carolina,Newberry,1056,16,0,34.28629098,-81.59935761,45071.0,2747.138397502601,1.5151515151515151,1040,1039,16,0,1023,1031,38520,17,0,0,17,8
2020-09-11,US,South Carolina,Oconee,1223,24,0,34.75225169,-83.06742317,45073.0,1537.4751715988236,1.96238757154538,1199,1198,21,0,1177,1209,78374,25,3,0,22,-11
2020-09-11,US,South Carolina,Orangeburg,2949,116,0,33.4391073,-80.79886287,45075.0,3422.106179286336,3.9335367921329274,2833,2920,113,0,2807,2915,86934,29,3,0,26,5
2020-09-11,US,South Carolina,Pickens,2525,38,0,34.88807695,-82.72791551,45077.0,1990.006620220044,1.504950495049505,2487,2462,37,0,2425,2445,124937,63,1,0,62,17
2020-09-11,US,South Carolina,Richland,13269,211,0,34.01791263,-80.90267209,45079.0,3191.512390591665,1.5901725827115831,13058,12503,210,0,12293,12430,414576,766,1,0,765,73
2020-09-11,US,South Carolina,Saluda,654,19,0,34.00795823,-81.72713237,45081.0,3194.451228447223,2.9051987767584104,635,635,18,0,617,615,20544,19,1,0,18,20
2020-09-11,US,South Carolina,Spartanburg,5786,180,0,34.92960077,-81.99225984,45083.0,1809.3406507497225,3.1109574835810583,5606,5625,174,0,5451,5617,313888,161,6,0,155,8
2020-09-11,US,South Carolina,Sumter,2967,74,0,33.91826534,-80.37942316,45085.0,2780.1463629463733,2.4941017863161443,2893,2928,70,0,2858,2921,106512,39,4,0,35,7
2020-09-11,US,South Carolina,Union,499,10,0,34.68835752,-81.61730349,45087.0,1826.7681944647825,2.004008016032064,489,491,9,0,482,490,27410,8,1,0,7,1
2020-09-11,US,South Carolina,Williamsburg,1260,39,0,33.62190129,-79.72767442,45089.0,4149.104320337197,3.095238095238096,1221,1255,39,0,1216,1247,30606,5,0,0,5,8
2020-09-11,US,South Carolina,York,4707,58,0,34.97281497,-81.18085944,45091.0,1675.2141619124561,1.232207350754196,4649,4596,57,0,4539,4579,274118,111,1,0,110,17
2020-09-11,US,South Dakota,Aurora,42,0,0,43.71757685,-98.56050467,46003.0,1526.7175572519086,0.0,42,42,0,0,42,42,2801,0,0,0,0,0
2020-09-11,US,South Dakota,Beadle,657,9,0,44.41464384,-98.27858469,46005.0,3560.396683466103,1.3698630136986298,648,656,9,0,647,654,18883,1,0,0,1,2
2020-09-11,US,South Dakota,Bennett,42,1,0,43.19486375,-101.6665572,46007.0,1248.1426448737,2.380952380952381,41,37,1,0,36,35,3468,5,0,0,5,2
2020-09-11,US,South Dakota,Bon Homme,61,1,0,42.98914167,-97.88592746,46009.0,883.9298652369223,1.639344262295082,60,60,1,0,59,59,6980,1,0,0,1,1
2020-09-11,US,South Dakota,Brookings,567,1,0,44.36974375,-96.79079945,46011.0,1616.4438235881064,0.1763668430335097,566,556,1,0,555,538,35232,11,0,0,11,18
2020-09-11,US,South Dakota,Brown,889,3,0,45.58994323,-98.35165355,46013.0,2288.936378382554,0.3374578177727784,886,871,3,0,868,848,39316,18,0,0,18,23
2020-09-11,US,South Dakota,Brule,77,0,0,43.71756379,-99.08118954,46015.0,1453.6530111383802,0.0,77,77,0,0,77,76,5229,0,0,0,0,1
2020-09-11,US,South Dakota,Buffalo,113,3,0,44.07657829,-99.20814467,46017.0,5759.429153924567,2.6548672566371683,110,113,3,0,110,112,2036,0,0,0,0,1
2020-09-11,US,South Dakota,Butte,64,1,0,44.90608745,-103.5079318,46019.0,613.6734106817528,1.5625,63,62,1,0,61,61,10222,2,0,0,2,1
2020-09-11,US,South Dakota,Campbell,5,0,0,45.77074915,-100.0510181,46021.0,363.37209302325584,0.0,5,4,0,0,4,4,1377,1,0,0,1,0
2020-09-11,US,South Dakota,Charles Mix,128,0,0,43.20660134,-98.58856175,46023.0,1377.5290572535516,0.0,128,128,0,0,128,127,9338,0,0,0,0,1
2020-09-11,US,South Dakota,Clark,24,0,0,44.85834507,-97.72925109,46025.0,642.3982869379015,0.0,24,23,0,0,23,23,3739,1,0,0,1,0
2020-09-11,US,South Dakota,Clay,490,4,0,42.91296147,-96.97656917,46027.0,3482.587064676617,0.8163265306122449,486,483,4,0,479,479,14041,7,0,0,7,4
2020-09-11,US,South Dakota,Codington,534,2,0,44.97788119,-97.18827677,46029.0,1906.530043914456,0.3745318352059925,532,516,2,0,514,490,28015,18,0,0,18,26
2020-09-11,US,South Dakota,Corson,72,1,0,45.70889983,-101.1970473,46031.0,1762.1145374449338,1.3888888888888888,71,71,1,0,70,68,4165,1,0,0,1,3
2020-09-11,US,South Dakota,Custer,152,1,0,43.67741105,-103.45345209999999,46033.0,1694.1596076683013,0.6578947368421053,151,145,1,0,144,139,8726,7,0,0,7,6
2020-09-11,US,South Dakota,Davison,165,2,0,43.67490933,-98.14458906,46035.0,834.3868520859671,1.2121212121212122,163,165,2,0,163,164,19790,0,0,0,0,1
2020-09-11,US,South Dakota,Day,46,0,0,45.367281,-97.60737498,46037.0,848.0825958702063,0.0,46,45,0,0,45,43,5505,1,0,0,1,2
2020-09-11,US,South Dakota,Deuel,62,0,0,44.75994309,-96.66943645,46039.0,1424.959779361067,0.0,62,61,0,0,61,59,4337,1,0,0,1,2
2020-09-11,US,South Dakota,Dewey,102,0,0,45.15639647,-100.8709139,46041.0,1731.1608961303461,0.0,102,101,0,0,101,95,5904,1,0,0,1,6
2020-09-11,US,South Dakota,Douglas,40,0,0,43.38520741,-98.36978007,46043.0,1369.3940431359124,0.0,40,37,0,0,37,34,2935,3,0,0,3,3
2020-09-11,US,South Dakota,Edmunds,51,0,0,45.41846445,-99.21545423,46045.0,1331.9404544267434,0.0,51,49,0,0,49,44,3875,2,0,0,2,5
2020-09-11,US,South Dakota,Fall River,74,1,0,43.23929297,-103.5275691,46047.0,1102.338745717265,1.351351351351351,73,71,1,0,70,70,6758,3,0,0,3,1
2020-09-11,US,South Dakota,Faulk,45,1,0,45.07082625,-99.14535601,46049.0,1957.3727707699,2.2222222222222223,44,45,1,0,44,44,2330,0,0,0,0,1
2020-09-11,US,South Dakota,Grant,58,0,0,45.1723937,-96.77002276,46051.0,822.4617129892229,0.0,58,55,0,0,55,52,7147,3,0,0,3,3
2020-09-11,US,South Dakota,Gregory,48,1,0,43.19419064,-99.18883902,46053.0,1146.9534050179207,2.083333333333333,47,46,1,0,45,44,4212,2,0,0,2,2
2020-09-11,US,South Dakota,Haakon,10,0,0,44.29299053,-101.539099,46055.0,526.592943654555,0.0,10,8,0,0,8,8,1918,2,0,0,2,0
2020-09-11,US,South Dakota,Hamlin,75,0,0,44.67385954,-97.18829593,46057.0,1216.742375081116,0.0,75,72,0,0,72,72,6111,3,0,0,3,0
2020-09-11,US,South Dakota,Hand,17,0,0,44.54708407,-99.00386459,46059.0,532.748354747728,0.0,17,16,0,0,16,16,3262,1,0,0,1,0
2020-09-11,US,South Dakota,Hanson,24,0,0,43.6746384,-97.78715148,46061.0,695.0477845351868,0.0,24,24,0,0,24,25,3376,0,0,0,0,-1
2020-09-11,US,South Dakota,Harding,3,0,0,45.58015551,-103.4958629,46063.0,231.12480739599386,0.0,3,3,0,0,3,3,1249,0,0,0,0,0
2020-09-11,US,South Dakota,Hughes,153,4,0,44.39091534,-99.99661148,46065.0,872.9887024991441,2.6143790849673203,149,152,4,0,148,150,17650,1,0,0,1,2
2020-09-11,US,South Dakota,Hutchinson,60,1,0,43.33449012,-97.75536441,46067.0,822.932382389247,1.6666666666666667,59,58,1,0,57,57,7380,2,0,0,2,1
2020-09-11,US,South Dakota,Hyde,8,0,0,44.54747703,-99.48572582,46069.0,614.9116064565719,0.0,8,8,0,0,8,7,1282,0,0,0,0,1
2020-09-11,US,South Dakota,Jackson,12,1,0,43.69318385,-101.6255063,46071.0,358.85167464114835,8.333333333333334,11,12,1,0,11,12,3307,0,0,0,0,0
2020-09-11,US,South Dakota,Jerauld,48,1,0,44.06637798,-98.62965972,46073.0,2384.500745156483,2.083333333333333,47,47,1,0,46,46,2043,1,0,0,1,1
2020-09-11,US,South Dakota,Jones,6,0,0,43.96278565,-100.6940008,46075.0,664.4518272425249,0.0,6,6,0,0,6,6,928,0,0,0,0,0
2020-09-11,US,South Dakota,Kingsbury,29,0,0,44.36956169,-97.4913945,46077.0,587.1633933994735,0.0,29,27,0,0,27,27,4919,2,0,0,2,0
2020-09-11,US,South Dakota,Lake,142,6,0,44.02193107,-97.12926365,46079.0,1109.6350707197,4.225352112676056,136,140,6,0,134,135,13057,2,0,0,2,5
2020-09-11,US,South Dakota,Lawrence,278,4,0,44.35919441,-103.79294279999999,46081.0,1075.6848785017798,1.4388489208633093,274,277,4,0,273,267,25741,1,0,0,1,10
2020-09-11,US,South Dakota,Lincoln,1046,2,0,43.27841182,-96.72039050000001,46083.0,1711.163460280068,0.19120458891013384,1044,1030,2,0,1028,1015,58807,16,0,0,16,15
2020-09-11,US,South Dakota,Lyman,104,3,0,43.89522709,-99.85201878,46085.0,2750.5950806664905,2.8846153846153846,101,104,3,0,101,104,3821,0,0,0,0,0
2020-09-11,US,South Dakota,Marshall,22,0,0,45.75870838,-97.59855639,46091.0,445.7953394123607,0.0,22,22,0,0,22,21,5112,0,0,0,0,1
2020-09-11,US,South Dakota,McCook,67,1,0,43.6742571,-97.36863144,46087.0,1199.4271392767632,1.492537313432836,66,66,1,0,65,61,5546,1,0,0,1,5
2020-09-11,US,South Dakota,McPherson,18,0,0,45.76626028,-99.22118798,46089.0,756.6204287515762,0.0,18,16,0,0,16,16,2407,2,0,0,2,0
2020-09-11,US,South Dakota,Meade,371,1,0,44.56676791,-102.71627409999999,46093.0,1309.4733869829167,0.2695417789757412,370,364,1,0,363,348,28294,7,0,0,7,16
2020-09-11,US,South Dakota,Mellette,25,0,0,43.58078848,-100.7563186,46095.0,1213.0033964095098,0.0,25,25,0,0,25,25,2042,0,0,0,0,0
2020-09-11,US,South Dakota,Miner,17,0,0,44.02197882,-97.60992207,46097.0,767.1480144404331,0.0,17,17,0,0,17,17,2213,0,0,0,0,0
2020-09-11,US,South Dakota,Minnehaha,5772,72,0,43.67441641,-96.7910885,46099.0,2988.598589580292,1.2474012474012477,5700,5689,72,0,5617,5653,192876,83,0,0,83,36
2020-09-11,US,South Dakota,Moody,62,0,0,44.02266214,-96.67081159,46101.0,942.8223844282236,0.0,62,58,0,0,58,57,6579,4,0,0,4,1
2020-09-11,US,South Dakota,Oglala Lakota,198,2,0,43.33749164,-102.55554980000001,46102.0,1396.6283416801862,1.0101010101010102,196,198,2,0,196,195,14309,0,0,0,0,3
2020-09-11,US,South Dakota,Pennington,1731,33,0,44.0025835,-102.8240777,46103.0,1521.4238628872774,1.9064124783362215,1698,1701,33,0,1668,1666,111729,30,0,0,30,35
2020-09-11,US,South Dakota,Perkins,24,0,0,45.49049506,-102.47555859999999,46105.0,837.6963350785339,0.0,24,24,0,0,24,24,2922,0,0,0,0,0
2020-09-11,US,South Dakota,Potter,27,0,0,45.06583079,-99.95498503,46107.0,1254.0640966093824,0.0,27,26,0,0,26,25,2207,1,0,0,1,1
2020-09-11,US,South Dakota,Roberts,110,1,0,45.62975048,-96.94672673,46109.0,1058.302867038676,0.9090909090909092,109,109,1,0,108,107,10447,1,0,0,1,2
2020-09-11,US,South Dakota,Sanborn,16,0,0,44.02351092,-98.09098159999999,46111.0,682.5938566552901,0.0,16,15,0,0,15,15,2429,1,0,0,1,0
2020-09-11,US,South Dakota,Spink,78,0,0,44.93837606,-98.34626602,46115.0,1223.3375156838142,0.0,78,73,0,0,73,72,6495,5,0,0,5,1
2020-09-11,US,South Dakota,Stanley,23,0,0,44.41381872,-100.7349153,46117.0,742.4144609425435,0.0,23,23,0,0,23,23,3022,0,0,0,0,0
2020-09-11,US,South Dakota,Sully,8,0,0,44.71571812,-100.1278092,46119.0,575.1258087706685,0.0,8,8,0,0,8,8,1392,0,0,0,0,0
2020-09-11,US,South Dakota,Todd,90,5,0,43.19338568,-100.71955030000001,46121.0,884.3470570895157,5.5555555555555545,85,87,5,0,82,87,10283,3,0,0,3,0
2020-09-11,US,South Dakota,Tripp,31,0,0,43.34459388,-99.8854891,46123.0,569.7482080499908,0.0,31,30,0,0,30,29,5478,1,0,0,1,1
2020-09-11,US,South Dakota,Turner,104,0,0,43.3109081,-97.14865776,46125.0,1240.4580152671754,0.0,104,99,0,0,99,97,8424,5,0,0,5,2
2020-09-11,US,South Dakota,Union,302,5,0,42.83112163,-96.6557828,46127.0,1895.5561134823001,1.6556291390728477,297,298,5,0,293,296,15619,4,0,0,4,2
2020-09-11,US,South Dakota,Walworth,65,0,0,45.43019636,-100.03075140000001,46129.0,1195.9521619135235,0.0,65,62,0,0,62,58,5587,3,0,0,3,4
2020-09-11,US,South Dakota,Yankton,275,3,0,43.00924485,-97.39467635,46135.0,1205.4001928640312,1.0909090909090908,272,263,3,0,260,262,22869,12,0,0,12,1
2020-09-11,US,South Dakota,Ziebach,58,0,0,44.97881876,-101.6654622,46137.0,2104.499274310595,0.0,58,58,0,0,58,55,2742,0,0,0,0,3
2020-09-11,US,Tennessee,Anderson,1012,10,0,36.12684348,-84.19965764,47001.0,1314.6613318090886,0.9881422924901184,1002,992,10,0,982,963,76482,20,0,0,20,29
2020-09-11,US,Tennessee,Bedford,1215,14,0,35.51123746,-86.45549096,47003.0,2444.028724880816,1.1522633744855968,1201,1196,14,0,1182,1172,49038,19,0,0,19,24
2020-09-11,US,Tennessee,Benton,295,9,0,36.07110411,-88.06849355,47005.0,1825.4950495049509,3.0508474576271185,286,293,8,0,285,289,16184,2,1,0,1,4
2020-09-11,US,Tennessee,Bledsoe,819,4,0,35.59942968,-85.20611967,47007.0,5436.802973977695,0.4884004884004884,815,814,4,0,810,808,14755,5,0,0,5,6
2020-09-11,US,Tennessee,Blount,2293,19,0,35.68938198,-83.92847788,47009.0,1722.9201731185376,0.8286088094199738,2274,2264,19,0,2245,2168,131349,29,0,0,29,96
2020-09-11,US,Tennessee,Bradley,2683,16,0,35.15739424,-84.857186,47011.0,2481.73156969753,0.5963473723443906,2667,2648,16,0,2632,2606,106727,35,0,0,35,42
2020-09-11,US,Tennessee,Campbell,384,3,0,36.40355516,-84.15108559999999,47013.0,963.8070377993073,0.78125,381,381,3,0,378,370,39583,3,0,0,3,11
2020-09-11,US,Tennessee,Cannon,239,0,0,35.80990797,-86.05738983,47015.0,1628.2872325929966,0.0,239,237,0,0,237,233,14462,2,0,0,2,4
2020-09-11,US,Tennessee,Carroll,727,13,0,35.97366108,-88.45189331,47017.0,2618.215867756689,1.7881705639614855,714,713,13,0,700,703,28020,14,0,0,14,10
2020-09-11,US,Tennessee,Carter,1038,25,0,36.28969086,-82.12588974,47019.0,1840.7192637122946,2.4084778420038537,1013,1032,24,0,1008,1011,56351,6,1,0,5,21
2020-09-11,US,Tennessee,Cheatham,746,10,0,36.26136216,-87.08903581,47021.0,1834.411193350874,1.3404825737265416,736,739,10,0,729,731,40439,7,0,0,7,8
2020-09-11,US,Tennessee,Chester,486,8,0,35.42527478,-88.6095842,47023.0,2809.7357923339314,1.6460905349794241,478,479,8,0,471,470,17276,7,0,0,7,9
2020-09-11,US,Tennessee,Claiborne,395,4,0,36.48319149,-83.65947309,47025.0,1235.9585719202726,1.0126582278481011,391,390,3,0,387,383,31756,5,1,0,4,7
2020-09-11,US,Tennessee,Clay,136,3,0,36.55151008,-85.53930419,47027.0,1785.9487852921866,2.2058823529411766,133,132,3,0,129,131,7717,4,0,0,4,1
2020-09-11,US,Tennessee,Cocke,706,8,0,35.9278914,-83.11828725,47029.0,1960.8932340851013,1.13314447592068,698,697,7,0,690,672,35774,9,1,0,8,25
2020-09-11,US,Tennessee,Coffee,894,9,0,35.49090731,-86.07311784,47031.0,1581.7409766454352,1.0067114093959733,885,875,8,0,867,848,55700,19,1,0,18,27
2020-09-11,US,Tennessee,Crockett,453,18,0,35.81830662,-89.14916269,47033.0,3183.4153197470127,3.9735099337748334,435,453,17,0,436,436,14328,0,1,0,-1,17
2020-09-11,US,Tennessee,Cumberland,1036,10,0,35.95271721,-84.99840585,47035.0,1711.8307997356244,0.9652509652509652,1026,1017,10,0,1007,992,59673,19,0,0,19,25
2020-09-11,US,Tennessee,Davidson,25056,274,0,36.17007426,-86.78646056,47037.0,3609.625668449197,1.093550446998723,24782,24904,274,0,24630,24513,692587,152,0,0,152,391
2020-09-11,US,Tennessee,DeKalb,522,9,0,35.97616272,-85.83689361,47041.0,2547.584187408492,1.7241379310344829,513,518,8,0,510,509,20138,4,1,0,3,9
2020-09-11,US,Tennessee,Decatur,388,5,0,35.60048904,-88.11043779,47039.0,3326.759838806482,1.2886597938144329,383,383,5,0,378,366,11706,5,0,0,5,17
2020-09-11,US,Tennessee,Dickson,1103,11,0,36.14669837,-87.35891709,47043.0,2044.561429524728,0.99728014505893,1092,1094,11,0,1083,1090,53446,9,0,0,9,4
2020-09-11,US,Tennessee,Dyer,1100,11,0,36.05931946,-89.41542855,47045.0,2960.251890524504,1.0,1089,1082,10,0,1072,1061,37320,18,1,0,17,21
2020-09-11,US,Tennessee,Fayette,1030,14,0,35.19615831,-89.41399032,47047.0,2504.072156176306,1.3592233009708738,1016,1021,13,0,1008,1008,40507,9,1,0,8,13
2020-09-11,US,Tennessee,Fentress,325,2,0,36.38128818,-84.92870012,47049.0,1754.5753927549533,0.6153846153846154,323,314,2,0,312,301,18217,11,0,0,11,13
2020-09-11,US,Tennessee,Franklin,711,7,0,35.15634626,-86.09201039,47051.0,1684.5147839272174,0.9845288326300984,704,685,7,0,678,653,41890,26,0,0,26,32
2020-09-11,US,Tennessee,Gibson,1305,19,0,35.99438059,-88.93358327,47053.0,2656.056011234812,1.4559386973180075,1286,1277,19,0,1258,1256,49045,28,0,0,28,21
2020-09-11,US,Tennessee,Giles,505,15,0,35.20222469,-87.03992678,47055.0,1713.956014118925,2.9702970297029703,490,502,15,0,487,493,29503,3,0,0,3,9
2020-09-11,US,Tennessee,Grainger,309,1,0,36.27469206,-83.51254721,47057.0,1325.0428816466554,0.32362459546925565,308,304,1,0,303,298,23145,5,0,0,5,6
2020-09-11,US,Tennessee,Greene,974,28,0,36.17470125,-82.84691273,47059.0,1410.1840188796716,2.8747433264887063,946,962,23,0,939,948,69087,12,5,0,7,14
2020-09-11,US,Tennessee,Grundy,170,4,0,35.38433717,-85.72142731,47061.0,1266.1056081030756,2.3529411764705883,166,164,4,0,160,160,13346,6,0,0,6,4
2020-09-11,US,Tennessee,Hamblen,1750,22,0,36.21990035,-83.26586179,47063.0,2695.044198724859,1.2571428571428571,1728,1735,22,0,1713,1698,64569,15,0,0,15,37
2020-09-11,US,Tennessee,Hamilton,8718,81,0,35.17670231,-85.16652245,47065.0,2370.2841730921905,0.9291121816930488,8637,8672,80,0,8592,8640,364286,46,1,0,45,32
2020-09-11,US,Tennessee,Hancock,103,2,0,36.52692871,-83.22375847,47067.0,1555.891238670695,1.9417475728155342,101,103,2,0,101,100,6549,0,0,0,0,3
2020-09-11,US,Tennessee,Hardeman,1434,25,0,35.20772017,-88.99161161,47069.0,5724.550898203593,1.7433751743375174,1409,1427,24,0,1403,1288,25220,7,1,0,6,139
2020-09-11,US,Tennessee,Hardin,861,13,0,35.19732531,-88.18593755,47071.0,3356.463433650397,1.509872241579559,848,845,13,0,832,819,25776,16,0,0,16,26
2020-09-11,US,Tennessee,Hawkins,714,13,0,36.44355426,-82.94885298,47073.0,1257.3521642658402,1.8207282913165264,701,708,13,0,695,702,56530,6,0,0,6,6
2020-09-11,US,Tennessee,Haywood,845,13,0,35.58332824,-89.28536625,47075.0,4883.263985205733,1.5384615384615383,832,834,13,0,821,824,17335,11,0,0,11,10
2020-09-11,US,Tennessee,Henderson,1026,17,0,35.65581134,-88.38600175,47077.0,3649.0379485720373,1.6569200779727096,1009,1013,16,0,997,989,27847,13,1,0,12,24
2020-09-11,US,Tennessee,Henry,540,8,0,36.33160906,-88.30121797,47079.0,1669.5006956252896,1.4814814814814814,532,536,8,0,528,527,32358,4,0,0,4,9
2020-09-11,US,Tennessee,Hickman,455,4,0,35.80609681,-87.47643507,47081.0,1807.1332115338787,0.8791208791208791,451,442,4,0,438,420,25063,13,0,0,13,22
2020-09-11,US,Tennessee,Houston,132,0,0,36.28872054,-87.71878828,47083.0,1609.5598097792954,0.0,132,126,0,0,126,119,8263,6,0,0,6,7
2020-09-11,US,Tennessee,Humphreys,197,3,0,36.03958805,-87.77992872,47085.0,1060.1657518028198,1.5228426395939083,194,192,3,0,189,187,18486,5,0,0,5,5
2020-09-11,US,Tennessee,Jackson,275,2,0,36.36380466,-85.67239905,47087.0,2333.276769048023,0.7272727272727273,273,272,2,0,270,264,11758,3,0,0,3,8
2020-09-11,US,Tennessee,Jefferson,970,13,0,36.04818632,-83.45148924,47089.0,1779.9798146618955,1.3402061855670102,957,956,13,0,943,926,54012,14,0,0,14,30
2020-09-11,US,Tennessee,Johnson,534,2,0,36.45523950000001,-81.84886538,47091.0,3002.023836294131,0.3745318352059925,532,523,2,0,521,514,17778,11,0,0,11,9
2020-09-11,US,Tennessee,Knox,7873,66,0,35.99508821,-83.94635435,47093.0,1673.9915758229095,0.8383081417502858,7807,7710,66,0,7644,7445,465289,163,0,0,163,265
2020-09-11,US,Tennessee,Lake,854,2,0,36.34180170000001,-89.48921915,47095.0,12172.177879133409,0.234192037470726,852,853,2,0,851,850,7411,1,0,0,1,3
2020-09-11,US,Tennessee,Lauderdale,864,14,0,35.75893438,-89.63015909999999,47097.0,3370.655015019701,1.6203703703703705,850,852,14,0,838,831,25825,12,0,0,12,21
2020-09-11,US,Tennessee,Lawrence,838,11,0,35.21675201,-87.39787695,47099.0,1898.4187395224506,1.3126491646778042,827,831,11,0,820,808,43734,7,0,0,7,23
2020-09-11,US,Tennessee,Lewis,155,1,0,35.52853208,-87.49022694,47101.0,1263.4496250407565,0.6451612903225806,154,152,1,0,151,149,12086,3,0,0,3,3
2020-09-11,US,Tennessee,Lincoln,506,1,0,35.13738622,-86.58910106,47103.0,1472.385497293837,0.1976284584980237,505,491,1,0,490,467,34117,15,0,0,15,24
2020-09-11,US,Tennessee,Loudon,1024,4,0,35.73939663,-84.31145275,47105.0,1893.9113708663165,0.390625,1020,1003,4,0,999,986,53054,21,0,0,21,17
2020-09-11,US,Tennessee,Macon,970,19,0,36.53157855,-86.00778595,47111.0,3942.768880578815,1.9587628865979383,951,964,19,0,945,952,24265,6,0,0,6,12
2020-09-11,US,Tennessee,Madison,2227,52,0,35.61181957,-88.84076036,47113.0,2272.820052253429,2.3349797934440955,2175,2193,50,0,2143,2152,97605,34,2,0,32,41
2020-09-11,US,Tennessee,Marion,425,7,0,35.12997174,-85.62265895,47115.0,1470.2321237070605,1.6470588235294117,418,413,7,0,406,400,28575,12,0,0,12,13
2020-09-11,US,Tennessee,Marshall,623,4,0,35.45798777,-86.76420988,47117.0,1812.3636363636365,0.6420545746388443,619,609,4,0,605,601,33683,14,0,0,14,8
2020-09-11,US,Tennessee,Maury,2000,18,0,35.618741299999996,-87.07462444,47119.0,2074.968616099681,0.9,1982,1965,18,0,1947,1902,94340,35,0,0,35,63
2020-09-11,US,Tennessee,McMinn,928,24,0,35.42812616,-84.61520715,47107.0,1725.0994534706472,2.586206896551724,904,914,24,0,890,894,53285,14,0,0,14,20
2020-09-11,US,Tennessee,McNairy,689,14,0,35.17468549,-88.5647812,47109.0,2681.559897252277,2.0319303338171264,675,668,14,0,654,648,25832,21,0,0,21,20
2020-09-11,US,Tennessee,Meigs,200,3,0,35.51558739,-84.81482914,47121.0,1610.0466913540495,1.5,197,191,3,0,188,186,12306,9,0,0,9,5
2020-09-11,US,Tennessee,Monroe,924,17,0,35.44550387,-84.24902965,47123.0,1985.1756364808248,1.83982683982684,907,903,17,0,886,879,46357,21,0,0,21,24
2020-09-11,US,Tennessee,Montgomery,2749,37,0,36.49609412,-87.38550661,47125.0,1315.355059738843,1.345943979628956,2712,2703,35,0,2668,2661,205950,46,2,0,44,42
2020-09-11,US,Tennessee,Moore,125,1,0,35.27724699,-86.36230578,47127.0,1926.6337854500616,0.8,124,121,1,0,120,118,6411,4,0,0,4,3
2020-09-11,US,Tennessee,Morgan,276,2,0,36.13248031,-84.64880098,47129.0,1289.5388496939681,0.7246376811594203,274,274,2,0,272,268,21579,2,0,0,2,6
2020-09-11,US,Tennessee,Obion,968,8,0,36.35732446,-89.14921589,47131.0,3219.2623632312348,0.8264462809917356,960,956,8,0,948,940,30267,12,0,0,12,16
2020-09-11,US,Tennessee,Out of TN,2631,26,0,0.0,0.0,80047.0,0.0,0.9882174078297226,2605,2618,25,0,2593,2574,,13,1,0,12,44
2020-09-11,US,Tennessee,Overton,575,2,0,36.34117832,-85.28989535,47133.0,2585.315408479835,0.3478260869565217,573,561,2,0,559,538,22068,14,0,0,14,23
2020-09-11,US,Tennessee,Perry,129,0,0,35.63708728,-87.86139634,47135.0,1597.3254086181278,0.0,129,123,0,0,123,123,8064,6,0,0,6,0
2020-09-11,US,Tennessee,Pickett,87,1,0,36.55606529,-85.07763299999998,47137.0,1723.4548335974646,1.1494252873563218,86,87,1,0,86,83,5082,0,0,0,0,4
2020-09-11,US,Tennessee,Polk,363,11,0,35.12245443,-84.52075859,47139.0,2156.606463878327,3.0303030303030303,352,359,11,0,348,353,16898,4,0,0,4,6
2020-09-11,US,Tennessee,Putnam,2635,35,0,36.14005459,-85.50646123,47141.0,3283.693688080254,1.3282732447817838,2600,2596,34,0,2562,2518,78843,39,1,0,38,78
2020-09-11,US,Tennessee,Rhea,719,8,0,35.60536161,-84.93076643,47143.0,2167.8174088702626,1.1126564673157162,711,703,7,0,696,698,33044,16,1,0,15,5
2020-09-11,US,Tennessee,Roane,736,3,0,35.84923189,-84.52458689,47145.0,1378.7418980180585,0.4076086956521739,733,717,3,0,714,704,53140,19,0,0,19,13
2020-09-11,US,Tennessee,Robertson,2051,31,0,36.52454807,-86.87346725,47147.0,2856.0288527146886,1.5114578254509996,2020,2041,31,0,2010,2015,71012,10,0,0,10,26
2020-09-11,US,Tennessee,Rutherford,8420,82,0,35.84591405,-86.4107263,47149.0,2533.9693335540273,0.973871733966746,8338,8387,82,0,8305,8270,324890,33,0,0,33,117
2020-09-11,US,Tennessee,Scott,176,2,0,36.42325673,-84.50360494,47151.0,797.5348921515317,1.1363636363636365,174,173,2,0,171,170,22039,3,0,0,3,3
2020-09-11,US,Tennessee,Sequatchie,192,2,0,35.36979721,-85.41022136,47153.0,1277.7851723678955,1.0416666666666667,190,183,2,0,181,176,14876,9,0,0,9,7
2020-09-11,US,Tennessee,Sevier,2393,13,0,35.78077323,-83.52244332,47155.0,2435.623409669211,0.5432511491851233,2380,2374,13,0,2361,2342,97892,19,0,0,19,32
2020-09-11,US,Tennessee,Shelby,28499,417,0,35.1864775,-89.89692423,47157.0,3040.976731977046,1.4632092354117687,28082,28404,412,0,27992,28117,935764,95,5,0,90,287
2020-09-11,US,Tennessee,Smith,606,9,0,36.25359775,-85.95411046,47159.0,3006.3997618693256,1.4851485148514851,597,599,9,0,590,587,19942,7,0,0,7,12
2020-09-11,US,Tennessee,Stewart,118,2,0,36.50235092,-87.83920548,47161.0,860.3718556325191,1.6949152542372878,116,115,2,0,113,112,13561,3,0,0,3,3
2020-09-11,US,Tennessee,Sullivan,1928,30,0,36.51240691,-82.30412917,47163.0,1217.5714249627404,1.5560165975103737,1898,1914,29,0,1885,1896,157668,14,1,0,13,18
2020-09-11,US,Tennessee,Sumner,4433,90,0,36.46824103,-86.45917204,47165.0,2317.5086128929393,2.0302278366794497,4343,4384,89,0,4295,4318,187149,49,1,0,48,66
2020-09-11,US,Tennessee,Tipton,1603,15,0,35.501942,-89.73694895,47167.0,2602.31497264566,0.9357454772301934,1588,1590,15,0,1575,1572,61581,13,0,0,13,18
2020-09-11,US,Tennessee,Trousdale,1633,7,0,36.39026213,-86.16087954,47169.0,14471.81850407657,0.4286589099816289,1626,1633,7,0,1626,1631,11012,0,0,0,0,2
2020-09-11,US,Tennessee,Unassigned,2591,7,0,0.0,0.0,90047.0,0.0,0.27016595908915475,2584,2592,7,0,2585,3866,,-1,0,0,-1,-1274
2020-09-11,US,Tennessee,Unicoi,248,1,0,36.10890856,-82.43709629,47171.0,1386.7919252921772,0.4032258064516129,247,248,1,0,247,244,17761,0,0,0,0,4
2020-09-11,US,Tennessee,Union,261,1,0,36.28590426,-83.83651902,47173.0,1306.8295613859402,0.3831417624521073,260,256,1,0,255,250,19688,5,0,0,5,6
2020-09-11,US,Tennessee,Van Buren,126,0,0,35.69864497,-85.45221699,47175.0,2145.776566757493,0.0,126,119,0,0,119,114,5765,7,0,0,7,5
2020-09-11,US,Tennessee,Warren,942,7,0,35.672829899999996,-85.77969117,47177.0,2282.142597572498,0.7430997876857749,935,930,7,0,923,914,40878,12,0,0,12,16
2020-09-11,US,Tennessee,Washington,1935,22,0,36.29472368,-82.49454720000001,47179.0,1495.6521739130435,1.1369509043927648,1913,1913,16,0,1897,1876,128607,22,6,0,16,37
2020-09-11,US,Tennessee,Wayne,1470,4,0,35.23868267,-87.78644456,47181.0,8816.649673124213,0.272108843537415,1466,1467,4,0,1463,1460,16558,3,0,0,3,7
2020-09-11,US,Tennessee,Weakley,1002,14,0,36.29896232,-88.71990865,47183.0,3006.4810369659144,1.3972055888223551,988,997,14,0,983,977,33415,5,0,0,5,20
2020-09-11,US,Tennessee,White,654,8,0,35.92929884,-85.45591799,47185.0,2391.662095447065,1.2232415902140672,646,650,8,0,642,629,27107,4,0,0,4,21
2020-09-11,US,Tennessee,Williamson,4733,34,0,35.89099229,-86.89281867,47187.0,1985.2188648222407,0.7183604479188676,4699,4685,34,0,4651,4609,231729,48,0,0,48,76
2020-09-11,US,Tennessee,Wilson,3143,35,0,36.15496772,-86.29775884,47189.0,2172.725827301824,1.11358574610245,3108,3107,35,0,3072,3074,140625,36,0,0,36,33
2020-09-11,US,Texas,Anderson,2760,20,0,31.81534745,-95.65354823,48001.0,4780.462457781242,0.7246376811594203,2740,2744,18,0,2726,2744,58057,16,2,0,14,0
2020-09-11,US,Texas,Andrews,400,8,0,32.30468633,-102.63765479999999,48003.0,2138.4656508954827,2.0,392,388,8,0,380,388,18128,12,0,0,12,0
2020-09-11,US,Texas,Angelina,2072,72,0,31.25457347,-94.60901487,48005.0,2389.43666032405,3.474903474903475,2000,2045,71,0,1974,2045,87092,27,1,0,26,0
2020-09-11,US,Texas,Aransas,299,18,0,28.10556197,-96.9995047,48007.0,1271.7992343683538,6.020066889632108,281,298,18,0,280,298,23792,1,0,0,1,0
2020-09-11,US,Texas,Archer,67,1,0,33.61569967,-98.68754589,48009.0,783.3508710394012,1.492537313432836,66,63,1,0,62,63,8786,4,0,0,4,0
2020-09-11,US,Texas,Armstrong,12,1,0,34.96507426,-101.35748740000001,48011.0,635.9300476947536,8.333333333333334,11,11,0,0,11,11,1892,1,1,0,0,0
2020-09-11,US,Texas,Atascosa,603,29,0,28.89333001,-98.52730485,48013.0,1178.8164917013664,4.8092868988391375,574,586,29,0,557,586,50310,17,0,0,17,0
2020-09-11,US,Texas,Austin,456,7,0,29.88548725,-96.27736949,48015.0,1518.3803942461375,1.5350877192982455,449,444,7,0,437,444,29989,12,0,0,12,0
2020-09-11,US,Texas,Bailey,203,4,0,34.06854817,-102.8299707,48017.0,2900.0,1.9704433497536944,199,203,4,0,199,203,7027,0,0,0,0,0
2020-09-11,US,Texas,Bandera,112,6,0,29.74619598,-99.24598147,48019.0,484.59674627898926,5.357142857142857,106,109,6,0,103,109,22824,3,0,0,3,0
2020-09-11,US,Texas,Bastrop,1672,27,0,30.10370699,-97.31206354,48021.0,1884.5169798135767,1.6148325358851674,1645,1649,27,0,1622,1649,86976,23,0,0,23,0
2020-09-11,US,Texas,Baylor,14,0,0,33.61640794,-99.21352901,48023.0,398.97406668566543,0.0,14,14,0,0,14,14,3582,0,0,0,0,0
2020-09-11,US,Texas,Bee,1793,26,0,28.41761668,-97.74215593,48025.0,5505.911254414248,1.4500836586726158,1767,1807,25,0,1782,1807,32587,-14,1,0,-15,0
2020-09-11,US,Texas,Bell,5081,72,0,31.03736027,-97.4785025,48027.0,1400.0176345460754,1.4170438889982286,5009,5041,69,0,4972,5041,355642,40,3,0,37,0
2020-09-11,US,Texas,Bexar,48074,1191,0,29.44928723,-98.52019748,48029.0,2399.4362018692777,2.477430627782169,46883,47956,1172,0,46784,47887,1986049,118,19,0,99,69
2020-09-11,US,Texas,Blanco,135,5,0,30.26640707,-98.3999852,48031.0,1131.506160422429,3.703703703703704,130,133,5,0,128,133,11702,2,0,0,2,0
2020-09-11,US,Texas,Bosque,250,6,0,31.89978581,-97.63613524,48035.0,1337.971635001338,2.4,244,245,6,0,239,245,18691,5,0,0,5,0
2020-09-11,US,Texas,Bowie,1159,46,0,33.44626922,-94.41834132,48037.0,1242.96208912006,3.968938740293357,1113,1129,45,0,1084,1129,94324,30,1,0,29,0
2020-09-11,US,Texas,Brazoria,10219,154,0,29.18757369,-95.44563172,48039.0,2730.425581942159,1.5069967707212055,10065,10004,148,0,9856,10004,370200,215,6,0,209,0
2020-09-11,US,Texas,Brazos,5617,60,0,30.663644800000004,-96.30205577,48041.0,2450.580469523714,1.0681858643403952,5557,5569,59,0,5510,5506,226758,48,1,0,47,63
2020-09-11,US,Texas,Brewster,208,2,0,29.81008251,-103.25203259999999,48043.0,2260.132565467782,0.9615384615384616,206,206,2,0,204,206,9267,2,0,0,2,0
2020-09-11,US,Texas,Briscoe,12,1,0,34.53026962,-101.2084947,48045.0,776.1966364812421,8.333333333333334,11,12,1,0,11,12,1516,0,0,0,0,0
2020-09-11,US,Texas,Brooks,281,20,0,27.03103197,-98.21808402,48047.0,3961.6523332863385,7.117437722419928,261,272,20,0,252,272,7114,9,0,0,9,0
2020-09-11,US,Texas,Brown,509,20,0,31.77430356,-98.99907113,48049.0,1344.2848087893515,3.9292730844793713,489,506,20,0,486,506,37924,3,0,0,3,0
2020-09-11,US,Texas,Burleson,309,6,0,30.49273808,-96.62158484,48051.0,1675.4324133817706,1.9417475728155342,303,306,6,0,300,306,18389,3,0,0,3,0
2020-09-11,US,Texas,Burnet,677,12,0,30.78801353,-98.181887,48053.0,1405.8768559858786,1.7725258493353029,665,666,12,0,654,666,47542,11,0,0,11,0
2020-09-11,US,Texas,Caldwell,1393,34,0,29.83668859,-97.61814775,48055.0,3190.271161597655,2.440775305096913,1359,1381,34,0,1347,1381,43247,12,0,0,12,0
2020-09-11,US,Texas,Calhoun,618,7,0,28.47048236,-96.61633945,48057.0,2902.771254109911,1.132686084142395,611,614,7,0,607,614,21561,4,0,0,4,0
2020-09-11,US,Texas,Callahan,74,3,0,32.29760619,-99.37326312,48059.0,530.7322670874273,4.0540540540540535,71,74,3,0,71,74,13994,0,0,0,0,0
2020-09-11,US,Texas,Cameron,21943,839,0,26.14524221,-97.48140372,48061.0,5185.472264824666,3.8235428154764617,21104,21883,824,0,21059,21802,423908,60,15,0,45,81
2020-09-11,US,Texas,Camp,331,9,0,32.97195142,-94.97790104,48063.0,2527.8753627615697,2.7190332326283992,322,326,8,0,318,326,13033,5,1,0,4,0
2020-09-11,US,Texas,Carson,17,0,0,35.40365929,-101.35426690000001,48065.0,286.87141410732363,0.0,17,17,0,0,17,17,6005,0,0,0,0,0
2020-09-11,US,Texas,Cass,279,14,0,33.07499881,-94.34646905,48067.0,929.1946979284621,5.017921146953405,265,271,12,0,259,271,30119,8,2,0,6,0
2020-09-11,US,Texas,Castro,241,4,0,34.53016752,-102.2617243,48069.0,3200.531208499336,1.6597510373443984,237,239,4,0,235,239,7665,2,0,0,2,0
2020-09-11,US,Texas,Chambers,1215,8,0,29.70972016,-94.67154501,48071.0,2771.6312703880285,0.6584362139917695,1207,1184,6,0,1178,1184,42454,31,2,0,29,0
2020-09-11,US,Texas,Cherokee,1458,23,0,31.837258000000002,-95.16559897,48073.0,2769.441173118565,1.5775034293552812,1435,1457,22,0,1435,1457,52592,1,1,0,0,0
2020-09-11,US,Texas,Childress,63,0,0,34.529304100000004,-100.2077916,48075.0,862.3049548316452,0.0,63,60,0,0,60,60,7291,3,0,0,3,0
2020-09-11,US,Texas,Clay,72,1,0,33.78686685,-98.20771198,48077.0,687.613408461465,1.3888888888888888,71,71,1,0,70,71,10456,1,0,0,1,0
2020-09-11,US,Texas,Cochran,46,1,0,33.60425307,-102.82844990000001,48079.0,1612.3378899404136,2.1739130434782608,45,42,1,0,41,42,2836,4,0,0,4,0
2020-09-11,US,Texas,Coke,50,3,0,31.88911733,-100.5297533,48081.0,1476.2326542663125,6.0,47,49,3,0,46,49,3370,1,0,0,1,0
2020-09-11,US,Texas,Coleman,60,3,0,31.76736834,-99.45240766,48083.0,733.9449541284404,5.0,57,60,3,0,57,60,8397,0,0,0,0,0
2020-09-11,US,Texas,Collin,11804,122,0,33.18820114,-96.57264368,48085.0,1140.7806867492002,1.0335479498475093,11682,11676,119,0,11557,11676,1005146,128,3,0,125,0
2020-09-11,US,Texas,Collingsworth,18,0,0,34.96489496,-100.27001109999999,48087.0,616.4383561643834,0.0,18,17,0,0,17,17,2962,1,0,0,1,0
2020-09-11,US,Texas,Colorado,545,4,0,29.622097999999998,-96.5273805,48089.0,2535.709300702554,0.7339449541284404,541,451,4,0,447,451,21217,94,0,0,94,0
2020-09-11,US,Texas,Comal,2493,102,0,29.80811278,-98.27647225,48091.0,1595.9387743343855,4.091456077015644,2391,2481,101,0,2380,2481,148373,12,1,0,11,0
2020-09-11,US,Texas,Comanche,238,3,0,31.94854689,-98.55876441,48093.0,1745.5078841217455,1.2605042016806722,235,224,3,0,221,224,13534,14,0,0,14,0
2020-09-11,US,Texas,Concho,62,2,0,31.32635934,-99.86473038,48095.0,2274.394717534849,3.2258064516129035,60,60,1,0,59,60,4276,2,1,0,1,0
2020-09-11,US,Texas,Cooke,355,5,0,33.63979567,-97.21240912,48097.0,860.4600431441937,1.4084507042253518,350,349,5,0,344,349,40574,6,0,0,6,0
2020-09-11,US,Texas,Coryell,1756,11,0,31.39078397,-97.79936155,48099.0,2312.016958302064,0.6264236902050114,1745,1739,11,0,1728,1739,74808,17,0,0,17,0
2020-09-11,US,Texas,Cottle,20,2,0,34.07783319,-100.27850620000001,48101.0,1430.615164520744,10.0,18,18,2,0,16,18,1389,2,0,0,2,0
2020-09-11,US,Texas,Crane,71,2,0,31.43052248,-102.5143314,48103.0,1480.091723994163,2.8169014084507036,69,71,2,0,69,71,4794,0,0,0,0,0
2020-09-11,US,Texas,Crockett,164,6,0,30.72367027,-101.4134238,48105.0,4734.411085450346,3.6585365853658534,158,164,6,0,158,164,3499,0,0,0,0,0
2020-09-11,US,Texas,Crosby,83,1,0,33.61431553,-101.30003640000001,48107.0,1446.7491720411365,1.2048192771084338,82,81,1,0,80,81,5779,2,0,0,2,0
2020-09-11,US,Texas,Culberson,38,2,0,31.44506775,-104.5185739,48109.0,1750.3454629203131,5.2631578947368425,36,38,2,0,36,38,2204,0,0,0,0,0
2020-09-11,US,Texas,Dallam,217,8,0,36.27787176,-102.60207249999999,48111.0,2977.9058597502403,3.6866359447004617,209,213,8,0,205,213,7200,4,0,0,4,0
2020-09-11,US,Texas,Dallas,74887,1037,0,32.76670599,-96.77796049999999,48113.0,2841.4549560693235,1.3847530278953624,73850,74628,1021,0,73607,74476,2637772,259,16,0,243,152
2020-09-11,US,Texas,Dawson,268,8,0,32.74255572,-101.94772420000001,48115.0,2105.5939660590825,2.985074626865672,260,245,8,0,237,245,12619,23,0,0,23,0
2020-09-11,US,Texas,DeWitt,893,27,0,29.08101855,-97.35681170000001,48123.0,4429.563492063492,3.023516237402016,866,890,27,0,863,890,20187,3,0,0,3,0
2020-09-11,US,Texas,Deaf Smith,832,20,0,34.96522957,-102.6054267,48117.0,4486.142564434379,2.4038461538461537,812,818,20,0,798,818,18760,14,0,0,14,0
2020-09-11,US,Texas,Delta,22,0,0,33.38570922,-95.66921122,48119.0,412.68054773963615,0.0,22,21,0,0,21,21,5349,1,0,0,1,0
2020-09-11,US,Texas,Denton,10977,140,0,33.20521901,-97.11691153,48121.0,1237.2535383512532,1.2753940056481734,10837,10916,139,0,10777,10847,859064,61,1,0,60,69
2020-09-11,US,Texas,Dickens,47,2,0,33.61616822,-100.7788855,48125.0,2125.734961555857,4.25531914893617,45,46,1,0,45,46,2249,1,1,0,0,0
2020-09-11,US,Texas,Dimmit,189,7,0,28.42270064,-99.75645095,48127.0,1866.8510470169888,3.703703703703704,182,188,7,0,181,188,10308,1,0,0,1,0
2020-09-11,US,Texas,Donley,57,1,0,34.96517499,-100.8140093,48129.0,1738.8651616839536,1.7543859649122806,56,57,1,0,56,57,3319,0,0,0,0,0
2020-09-11,US,Texas,Duval,404,13,0,27.68184592,-98.50864568,48131.0,3621.0450838038896,3.2178217821782185,391,405,10,0,395,405,11212,-1,3,0,-4,0
2020-09-11,US,Texas,Eastland,144,3,0,32.32743996,-98.83243566,48133.0,784.313725490196,2.083333333333333,141,130,3,0,127,130,18322,14,0,0,14,0
2020-09-11,US,Texas,Ector,4454,82,0,31.86898877,-102.54294279999999,48135.0,2679.532916624053,1.841041760215537,4372,4433,78,0,4355,4415,162124,21,4,0,17,18
2020-09-11,US,Texas,Edwards,34,1,0,29.98202582,-100.304252,48137.0,1759.8343685300208,2.9411764705882355,33,34,1,0,33,34,1928,0,0,0,0,0
2020-09-11,US,Texas,El Paso,21335,470,0,31.76980765,-106.23632749999999,48141.0,2542.187079231398,2.2029528943051324,20865,21259,465,0,20794,21259,840758,76,5,0,71,0
2020-09-11,US,Texas,Ellis,3988,62,0,32.34894117,-96.79371841,48139.0,2157.705084782444,1.5546639919759278,3926,3951,61,0,3890,3951,179436,37,1,0,36,0
2020-09-11,US,Texas,Erath,754,11,0,32.23602653,-98.21773417,48143.0,1765.890674036255,1.4588859416445623,743,736,10,0,726,736,42446,18,1,0,17,0
2020-09-11,US,Texas,Falls,185,3,0,31.25350609,-96.93630086,48145.0,1069.549632884315,1.6216216216216215,182,179,3,0,176,179,17335,6,0,0,6,0
2020-09-11,US,Texas,Fannin,638,12,0,33.59564294,-96.10751083,48147.0,1796.4746297234894,1.8808777429467085,626,622,12,0,610,622,35286,16,0,0,16,0
2020-09-11,US,Texas,Fayette,513,18,0,29.87788372,-96.92076062,48149.0,2023.9880059970014,3.5087719298245608,495,476,18,0,458,476,25349,37,0,0,37,0
2020-09-11,US,Texas,Fisher,62,1,0,32.74281316,-100.40193020000001,48151.0,1618.798955613577,1.6129032258064515,61,61,1,0,60,61,3839,1,0,0,1,0
2020-09-11,US,Texas,Floyd,100,9,0,34.07227468,-101.3031546,48153.0,1750.7002801120448,9.0,91,99,9,0,90,99,5837,1,0,0,1,0
2020-09-11,US,Texas,Foard,3,0,0,33.97308618,-99.7767797,48155.0,259.7402597402597,0.0,3,3,0,0,3,3,1200,0,0,0,0,0
2020-09-11,US,Texas,Fort Bend,15352,263,0,29.52704478,-95.77219463,48157.0,1891.3671262849764,1.7131318394997397,15089,15331,255,0,15076,15249,787858,21,8,0,13,82
2020-09-11,US,Texas,Franklin,119,6,0,33.17653242,-95.21917243,48159.0,1109.5571095571097,5.042016806722689,113,118,6,0,112,118,10766,1,0,0,1,0
2020-09-11,US,Texas,Freestone,389,1,0,31.70422788,-96.15072516,48161.0,1972.916772328448,0.2570694087403599,388,387,1,0,386,387,19808,2,0,0,2,0
2020-09-11,US,Texas,Frio,647,8,0,28.86751206,-99.10804207,48163.0,3186.250369348961,1.2364760432766615,639,644,7,0,637,644,19816,3,1,0,2,0
2020-09-11,US,Texas,Gaines,279,8,0,32.74055318,-102.6353295,48165.0,1298.1574539363485,2.867383512544803,271,268,8,0,260,268,20901,11,0,0,11,0
2020-09-11,US,Texas,Galveston,11249,165,0,29.40167322,-94.90469073,48167.0,3287.844998670131,1.4667970486265445,11084,11177,165,0,11012,11101,337890,72,0,0,72,76
2020-09-11,US,Texas,Garza,102,4,0,33.17969345,-101.2984114,48169.0,1637.5020067426553,3.92156862745098,98,102,4,0,98,102,6578,0,0,0,0,0
2020-09-11,US,Texas,Gillespie,208,9,0,30.31824095,-98.94676915,48171.0,770.712909441233,4.326923076923077,199,206,9,0,197,206,26804,2,0,0,2,0
2020-09-11,US,Texas,Glasscock,6,0,0,31.86942909,-101.5207776,48173.0,425.83392476934,0.0,6,6,0,0,6,6,1388,0,0,0,0,0
2020-09-11,US,Texas,Goliad,129,6,0,28.65696592,-97.42760647,48175.0,1684.5129276573514,4.651162790697675,123,126,6,0,120,126,7584,3,0,0,3,0
2020-09-11,US,Texas,Gonzales,822,14,0,29.45634206,-97.49424032,48177.0,3944.905696597399,1.70316301703163,808,819,14,0,805,819,20826,3,0,0,3,0
2020-09-11,US,Texas,Gray,254,5,0,35.40081878,-100.8129222,48179.0,1160.5592616284382,1.9685039370078738,249,251,5,0,246,251,21895,3,0,0,3,0
2020-09-11,US,Texas,Grayson,1577,32,0,33.62744998,-96.67753461,48181.0,1157.7540892138725,2.029169308814204,1545,1577,31,0,1546,1577,133991,0,1,0,-1,0
2020-09-11,US,Texas,Gregg,1999,56,0,32.47940482,-94.81591935,48183.0,1612.8121344144581,2.8014007003501757,1943,1968,52,0,1916,1968,123707,31,4,0,27,0
2020-09-11,US,Texas,Grimes,1053,31,0,30.54579585,-95.98902499,48185.0,3646.12188365651,2.9439696106362767,1022,1031,31,0,1000,1031,28360,22,0,0,22,0
2020-09-11,US,Texas,Guadalupe,1942,76,0,29.58165339,-97.94786822,48187.0,1163.9406162532139,3.9134912461380016,1866,1924,75,0,1849,1924,163694,18,1,0,17,0
2020-09-11,US,Texas,Hale,1704,49,0,34.07044901,-101.82681140000001,48189.0,5100.880081422499,2.875586854460094,1655,1686,49,0,1637,1686,33830,18,0,0,18,0
2020-09-11,US,Texas,Hall,17,1,0,34.5307555,-100.68138520000001,48191.0,573.549257759784,5.882352941176472,16,16,1,0,15,16,3028,1,0,0,1,0
2020-09-11,US,Texas,Hamilton,105,4,0,31.70470573,-98.11083887,48193.0,1240.9880628767285,3.809523809523809,101,105,4,0,101,105,8484,0,0,0,0,0
2020-09-11,US,Texas,Hansford,108,4,0,36.27743284,-101.3545796,48195.0,2000.37043897018,3.703703703703704,104,105,3,0,102,105,5463,3,1,0,2,0
2020-09-11,US,Texas,Hardeman,24,0,0,34.28944521,-99.74632408,48197.0,610.2212051868803,0.0,24,22,0,0,22,22,3922,2,0,0,2,0
2020-09-11,US,Texas,Hardin,1284,26,0,30.33364686,-94.38931817,48199.0,2229.0892677337592,2.0249221183800623,1258,1234,22,0,1212,1234,57207,50,4,0,46,0
2020-09-11,US,Texas,Harris,114761,2395,0,29.85864939,-95.39339521,48201.0,2434.820429314762,2.0869459136814767,112366,113504,2363,0,111141,112762,4698619,1257,32,0,1225,742
2020-09-11,US,Texas,Harrison,835,30,0,32.54935988,-94.36934071,48203.0,1254.6391597674035,3.5928143712574854,805,826,29,0,797,826,66726,9,1,0,8,0
2020-09-11,US,Texas,Hartley,106,0,0,35.84008013,-102.6029022,48205.0,1901.0043041606891,0.0,106,105,0,0,105,105,5619,1,0,0,1,0
2020-09-11,US,Texas,Haskell,59,2,0,33.17823584,-99.73037358,48207.0,1042.77129727819,3.3898305084745757,57,57,2,0,55,57,5813,2,0,0,2,0
2020-09-11,US,Texas,Hays,5598,59,0,30.05669873,-98.02944344,48209.0,2431.8935145162063,1.0539478385137548,5539,5568,59,0,5509,5560,222631,30,0,0,30,8
2020-09-11,US,Texas,Hemphill,71,0,0,35.83764858,-100.2703577,48211.0,1859.1254255040587,0.0,71,67,0,0,67,67,3825,4,0,0,4,0
2020-09-11,US,Texas,Henderson,885,20,0,32.21128872,-95.85846587,48213.0,1069.6544472243372,2.2598870056497176,865,867,19,0,848,867,82299,18,1,0,17,0
2020-09-11,US,Texas,Hidalgo,29335,1381,0,26.39418217,-98.18299696,48215.0,3376.857789795639,4.707687063235044,27954,29082,1334,0,27748,29082,865939,253,47,0,206,0
2020-09-11,US,Texas,Hill,399,12,0,31.99045053,-97.13423143,48217.0,1088.7063767087782,3.0075187969924815,387,394,12,0,382,394,36354,5,0,0,5,0
2020-09-11,US,Texas,Hockley,297,6,0,33.60771256,-102.3431676,48219.0,1290.1264063246601,2.0202020202020203,291,286,6,0,280,286,22980,11,0,0,11,0
2020-09-11,US,Texas,Hood,842,25,0,32.42990927,-97.83242024,48221.0,1365.9296270460554,2.9691211401425184,817,812,25,0,787,812,60537,30,0,0,30,0
2020-09-11,US,Texas,Hopkins,284,8,0,33.14875072,-95.56351139,48223.0,765.8289289181319,2.8169014084507036,276,260,8,0,252,260,36810,24,0,0,24,0
2020-09-11,US,Texas,Houston,351,9,0,31.31925973,-95.42226208,48225.0,1528.2131661442004,2.5641025641025643,342,349,9,0,340,349,23169,2,0,0,2,0
2020-09-11,US,Texas,Howard,403,10,0,32.30621324,-101.4356444,48227.0,1099.1708487890028,2.481389578163772,393,351,9,0,342,351,36459,52,1,0,51,0
2020-09-11,US,Texas,Hudspeth,43,2,0,31.45628381,-105.388178,48229.0,880.065493246009,4.651162790697675,41,43,2,0,41,43,4795,0,0,0,0,0
2020-09-11,US,Texas,Hunt,1506,32,0,33.12351514,-96.08551032,48231.0,1527.4763170172628,2.1248339973439574,1474,1498,32,0,1466,1498,96493,8,0,0,8,0
2020-09-11,US,Texas,Hutchinson,158,3,0,35.84006574,-101.3546643,48233.0,754.6088451619066,1.8987341772151896,155,154,3,0,151,154,21198,4,0,0,4,0
2020-09-11,US,Texas,Irion,10,0,0,31.30375559,-100.982439,48235.0,651.0416666666666,0.0,10,10,0,0,10,10,1522,0,0,0,0,0
2020-09-11,US,Texas,Jack,127,1,0,33.23377248,-98.17283469,48237.0,1421.376608841634,0.7874015748031497,126,127,1,0,126,127,8843,0,0,0,0,0
2020-09-11,US,Texas,Jackson,517,15,0,28.95472367,-96.57749563,48239.0,3502.710027100271,2.9013539651837523,502,511,15,0,496,511,14874,6,0,0,6,0
2020-09-11,US,Texas,Jasper,411,21,0,30.74685667,-94.02667579,48241.0,1156.8014861099384,5.109489051094892,390,411,21,0,390,411,35872,0,0,0,0,0
2020-09-11,US,Texas,Jeff Davis,14,0,0,30.71490589,-104.1399973,48243.0,615.6552330694811,0.0,14,14,0,0,14,14,2252,0,0,0,0,0
2020-09-11,US,Texas,Jefferson,6912,122,0,29.8832777,-94.16434171,48245.0,2747.6000238506945,1.7650462962962965,6790,6841,114,0,6727,6841,255001,71,8,0,63,0
2020-09-11,US,Texas,Jim Hogg,96,2,0,27.04453923,-98.69681870000001,48247.0,1846.1538461538464,2.083333333333333,94,95,2,0,93,95,5248,1,0,0,1,0
2020-09-11,US,Texas,Jim Wells,1356,31,0,27.73103938,-98.0904705,48249.0,3349.636875648436,2.2861356932153387,1325,1328,30,0,1298,1328,40822,28,1,0,27,0
2020-09-11,US,Texas,Johnson,2659,48,0,32.37877812,-97.36615819,48251.0,1512.3679735179196,1.805189921022941,2611,2615,46,0,2569,2615,171361,44,2,0,42,0
2020-09-11,US,Texas,Jones,569,0,0,32.73997145,-99.87861576,48253.0,2833.242045511129,0.0,569,583,0,0,583,588,19817,-14,0,0,-14,-5
2020-09-11,US,Texas,Karnes,752,16,0,28.90705334,-97.85960149,48255.0,4820.203833087623,2.127659574468085,736,750,14,0,736,750,15650,2,2,0,0,0
2020-09-11,US,Texas,Kaufman,2911,44,0,32.599141700000004,-96.28734728,48257.0,2138.020183028041,1.5115080728272072,2867,2884,42,0,2842,2884,128622,27,2,0,25,0
2020-09-11,US,Texas,Kendall,203,5,0,29.94414155,-98.7113588,48259.0,427.9901330353566,2.4630541871921183,198,198,5,0,193,198,45641,5,0,0,5,0
2020-09-11,US,Texas,Kenedy,7,1,0,26.92601662,-97.66413984,48261.0,1732.6732673267327,14.285714285714285,6,7,1,0,6,7,442,0,0,0,0,0
2020-09-11,US,Texas,Kent,7,0,0,33.18104136,-100.7780939,48263.0,918.6351706036743,0.0,7,7,0,0,7,7,726,0,0,0,0,0
2020-09-11,US,Texas,Kerr,444,10,0,30.06040006,-99.34930144,48265.0,844.1064638783272,2.2522522522522523,434,441,9,0,432,441,52405,3,1,0,2,0
2020-09-11,US,Texas,Kimble,16,1,0,30.48678918,-99.74856473,48267.0,368.9186073322573,6.25,15,16,1,0,15,16,4362,0,0,0,0,0
2020-09-11,US,Texas,Kinney,24,1,0,29.34967888,-100.41866379999999,48271.0,654.485955822198,4.166666666666667,23,23,1,0,22,23,3767,1,0,0,1,0
2020-09-11,US,Texas,Kleberg,953,35,0,27.42435506,-97.69894948,48273.0,3106.25814863103,3.6726128016789086,918,944,33,0,911,944,31129,9,2,0,7,0
2020-09-11,US,Texas,Knox,67,8,0,33.60519951,-99.74229059999999,48275.0,1828.6026200873362,11.940298507462687,59,67,8,0,59,67,3653,0,0,0,0,0
2020-09-11,US,Texas,La Salle,362,10,0,28.34453111,-99.09908775,48283.0,4813.829787234043,2.7624309392265194,352,361,9,0,352,361,7531,1,1,0,0,0
2020-09-11,US,Texas,Lamar,959,29,0,33.66981763,-95.57404777,48277.0,1923.4240558374613,3.0239833159541187,930,948,29,0,919,948,49728,11,0,0,11,0
2020-09-11,US,Texas,Lamb,304,20,0,34.06859623,-102.35162890000001,48279.0,2357.8686108741176,6.578947368421053,284,301,20,0,281,301,13158,3,0,0,3,0
2020-09-11,US,Texas,Lampasas,202,7,0,31.19531316,-98.24206613,48281.0,942.6918051148033,3.4653465346534653,195,181,7,0,174,181,21229,21,0,0,21,0
2020-09-11,US,Texas,Lavaca,698,32,0,29.38508402,-96.93186692,48285.0,3463.3323409744958,4.584527220630372,666,691,32,0,659,691,20110,7,0,0,7,0
2020-09-11,US,Texas,Lee,208,14,0,30.31120597,-96.97045773,48287.0,1206.5665061778525,6.730769230769232,194,208,14,0,194,208,17144,0,0,0,0,0
2020-09-11,US,Texas,Leon,209,5,0,31.29872538,-95.9936328,48289.0,1200.8733624454148,2.392344497607656,204,207,5,0,202,207,17270,2,0,0,2,0
2020-09-11,US,Texas,Liberty,2091,46,0,30.15152688,-94.81205615,48291.0,2370.237703895986,2.1999043519846957,2045,2055,46,0,2009,2055,86323,36,0,0,36,0
2020-09-11,US,Texas,Limestone,507,8,0,31.5454767,-96.58095444,48293.0,2163.2461492511843,1.5779092702169626,499,499,8,0,491,499,23519,8,0,0,8,0
2020-09-11,US,Texas,Lipscomb,28,0,0,36.27783108,-100.27331509999999,48295.0,866.0686668728737,0.0,28,26,0,0,26,26,3355,2,0,0,2,0
2020-09-11,US,Texas,Live Oak,359,8,0,28.35101362,-98.1246786,48297.0,2940.9355287949543,2.2284122562674096,351,357,8,0,349,357,12166,2,0,0,2,0
2020-09-11,US,Texas,Llano,107,1,0,30.70645047,-98.68475262,48299.0,490.9382885983024,0.9345794392523364,106,105,1,0,104,105,21646,2,0,0,2,0
2020-09-11,US,Texas,Lubbock,9402,107,0,33.61008596,-101.82047890000001,48303.0,3027.3465799870564,1.1380557328228036,9295,9075,103,0,8972,9075,307412,327,4,0,323,0
2020-09-11,US,Texas,Lynn,89,5,0,33.17657705,-101.8162849,48305.0,1495.5469668963199,5.617977528089888,84,87,5,0,82,87,5877,2,0,0,2,0
2020-09-11,US,Texas,Madison,702,5,0,30.96694679,-95.93003775,48313.0,4914.589750770092,0.7122507122507122,697,699,5,0,694,699,14422,3,0,0,3,0
2020-09-11,US,Texas,Marion,147,13,0,32.79868409,-94.35661230000001,48315.0,1491.7799878222042,8.843537414965986,134,147,13,0,134,147,9928,0,0,0,0,0
2020-09-11,US,Texas,Martin,75,6,0,32.30600051,-101.9513518,48317.0,1299.6014555536306,8.0,69,74,6,0,68,74,5753,1,0,0,1,0
2020-09-11,US,Texas,Mason,76,2,0,30.71780434,-99.22629416,48319.0,1778.193729527375,2.631578947368421,74,76,1,0,75,76,4280,0,1,0,-1,0
2020-09-11,US,Texas,Matagorda,973,40,0,28.81955746,-96.01230294,48321.0,2655.3502715389027,4.110996916752312,933,965,40,0,925,965,36552,8,0,0,8,0
2020-09-11,US,Texas,Maverick,3499,102,0,28.7429195,-100.3157686,48323.0,5958.584516876128,2.9151186053158047,3397,3458,101,0,3357,3458,58485,41,1,0,40,0
2020-09-11,US,Texas,McCulloch,129,1,0,31.1925468,-99.34682807,48307.0,1615.7314629258515,0.7751937984496124,128,126,1,0,125,126,7987,3,0,0,3,0
2020-09-11,US,Texas,McLennan,6991,91,0,31.55255453,-97.20217694,48309.0,2724.229706612424,1.3016735803175512,6900,6813,90,0,6723,6813,254607,178,1,0,177,0
2020-09-11,US,Texas,McMullen,19,0,0,28.35251708,-98.56769164,48311.0,2557.200538358008,0.0,19,19,0,0,19,19,749,0,0,0,0,0
2020-09-11,US,Texas,Medina,1151,39,0,29.355730100000002,-99.11030298,48325.0,2231.3120347394547,3.3883579496090355,1112,1133,38,0,1095,1133,50921,18,1,0,17,0
2020-09-11,US,Texas,Menard,23,0,0,30.88990665,-99.82047940000001,48327.0,1075.7717492984098,0.0,23,22,0,0,22,22,2139,1,0,0,1,0
2020-09-11,US,Texas,Midland,3441,77,0,31.86904128,-102.03156820000001,48329.0,1945.914766558089,2.2377215925603022,3364,3421,74,0,3347,3421,172578,20,3,0,17,0
2020-09-11,US,Texas,Milam,462,5,0,30.78581830000001,-96.97718698,48331.0,1861.1771341094952,1.0822510822510822,457,452,5,0,447,452,25131,10,0,0,10,0
2020-09-11,US,Texas,Mills,42,0,0,31.49557106,-98.59272068,48333.0,861.8920582803203,0.0,42,40,0,0,40,40,4921,2,0,0,2,0
2020-09-11,US,Texas,Mitchell,80,1,0,32.30623474,-100.9212058,48335.0,936.2200117027504,1.25,79,79,1,0,78,79,8145,1,0,0,1,0
2020-09-11,US,Texas,Montague,157,3,0,33.67521893,-97.72500958,48337.0,792.2091028358058,1.9108280254777068,154,152,3,0,149,152,19596,5,0,0,5,0
2020-09-11,US,Texas,Montgomery,9790,140,0,30.30079133,-95.50572772,48339.0,1611.8118312586128,1.4300306435137895,9650,9586,137,0,9449,9466,590925,204,3,0,201,120
2020-09-11,US,Texas,Moore,1132,19,0,35.83769242,-101.8930281,48341.0,5405.921680993314,1.6784452296819787,1113,1126,19,0,1107,1126,21485,6,0,0,6,0
2020-09-11,US,Texas,Morris,173,3,0,33.11304005,-94.73255695,48343.0,1396.5127542783341,1.7341040462427746,170,164,3,0,161,164,12339,9,0,0,9,0
2020-09-11,US,Texas,Motley,7,0,0,34.07408766,-100.77972199999999,48345.0,583.3333333333334,0.0,7,7,0,0,7,7,1234,0,0,0,0,0
2020-09-11,US,Texas,Nacogdoches,1444,56,0,31.62017125,-94.61803994,48347.0,2214.588062082081,3.878116343490305,1388,1412,54,0,1358,1412,65711,32,2,0,30,0
2020-09-11,US,Texas,Navarro,1180,22,0,32.04620681,-96.47428766,48349.0,2354.678426755533,1.8644067796610169,1158,1165,21,0,1144,1165,49565,15,1,0,14,0
2020-09-11,US,Texas,Newton,164,8,0,30.78548982,-93.74408813,48351.0,1206.3258550937844,4.878048780487805,156,164,8,0,156,164,13746,0,0,0,0,0
2020-09-11,US,Texas,Nolan,183,4,0,32.30365282,-100.4060208,48353.0,1243.7134701644693,2.1857923497267757,179,180,4,0,176,180,14751,3,0,0,3,0
2020-09-11,US,Texas,Nueces,19557,385,0,27.736286,-97.5433285,48355.0,5398.102093879556,1.9686045917062944,19172,19509,383,0,19126,19488,362265,48,2,0,46,21
2020-09-11,US,Texas,Ochiltree,114,4,0,36.27829105,-100.8158184,48357.0,1159.0077267181782,3.5087719298245608,110,113,4,0,109,113,9947,1,0,0,1,0
2020-09-11,US,Texas,Oldham,15,1,0,35.40425596,-102.6027606,48359.0,710.2272727272727,6.666666666666668,14,15,1,0,14,15,2131,0,0,0,0,0
2020-09-11,US,Texas,Orange,1801,39,0,30.11879481,-93.89412775,48361.0,2159.5759988488653,2.1654636313159354,1762,1767,38,0,1729,1767,83572,34,1,0,33,0
2020-09-11,US,Texas,Palo Pinto,468,14,0,32.75310985,-98.31319001,48363.0,1603.3437253759976,2.9914529914529915,454,464,14,0,450,464,28875,4,0,0,4,0
2020-09-11,US,Texas,Panola,345,24,0,32.163959600000005,-94.30552481,48365.0,1487.4536518065015,6.956521739130435,321,335,24,0,311,335,23148,10,0,0,10,0
2020-09-11,US,Texas,Parker,1735,28,0,32.77757172,-97.80500621,48367.0,1214.3227088845026,1.6138328530259367,1707,1706,27,0,1679,1706,138371,29,1,0,28,0
2020-09-11,US,Texas,Parmer,402,7,0,34.52993409,-102.78446679999999,48369.0,4185.320145757418,1.7412935323383083,395,393,7,0,386,393,9864,9,0,0,9,0
2020-09-11,US,Texas,Pecos,343,4,0,30.78097267,-102.72412609999999,48371.0,2167.7305188649434,1.1661807580174928,339,339,4,0,335,339,15673,4,0,0,4,0
2020-09-11,US,Texas,Polk,811,21,0,30.79472531,-94.82766240000001,48373.0,1579.265086752478,2.589395807644882,790,794,20,0,774,794,50031,17,1,0,16,0
2020-09-11,US,Texas,Potter,4310,57,0,35.40133773,-101.893964,48375.0,3670.7405357066814,1.322505800464037,4253,4244,55,0,4189,4211,119648,66,2,0,64,33
2020-09-11,US,Texas,Presidio,91,5,0,29.99954402,-104.24080790000001,48377.0,1357.398568019093,5.494505494505495,86,91,5,0,86,91,6948,0,0,0,0,0
2020-09-11,US,Texas,Rains,60,3,0,32.87109387,-95.79232691,48379.0,479.4630014383889,5.0,57,60,3,0,57,60,12159,0,0,0,0,0
2020-09-11,US,Texas,Randall,2395,34,0,34.96585996,-101.8971322,48381.0,1739.1241204534067,1.419624217118998,2361,2341,32,0,2309,2341,136271,54,2,0,52,0
2020-09-11,US,Texas,Reagan,86,6,0,31.36607041,-101.52326590000001,48383.0,2234.346583528189,6.9767441860465125,80,86,6,0,80,86,3741,0,0,0,0,0
2020-09-11,US,Texas,Real,105,6,0,29.83321503,-99.82018052,48385.0,3041.7149478563147,5.7142857142857135,99,105,5,0,100,105,3478,0,1,0,-1,0
2020-09-11,US,Texas,Red River,155,14,0,33.61886692,-95.04841765,48387.0,1289.1957082259005,9.03225806451613,141,152,14,0,138,152,12175,3,0,0,3,0
2020-09-11,US,Texas,Reeves,182,5,0,31.32323325,-103.69038959999999,48389.0,1139.2088132198296,2.7472527472527477,177,180,5,0,175,180,15695,2,0,0,2,0
2020-09-11,US,Texas,Refugio,301,10,0,28.323897600000002,-97.15766311,48391.0,4332.181922855498,3.3222591362126246,291,301,10,0,291,301,7032,0,0,0,0,0
2020-09-11,US,Texas,Roberts,9,0,0,35.83809685,-100.813175,48393.0,1053.864168618267,0.0,9,8,0,0,8,8,903,1,0,0,1,0
2020-09-11,US,Texas,Robertson,270,5,0,31.02539637,-96.51272246,48395.0,1581.3517629143728,1.851851851851852,265,266,4,0,262,266,17284,4,1,0,3,0
2020-09-11,US,Texas,Rockwall,1443,24,0,32.89779518,-96.40771592,48397.0,1375.3991326311773,1.6632016632016633,1419,1439,23,0,1416,1439,100657,4,1,0,3,0
2020-09-11,US,Texas,Runnels,226,4,0,31.8314342,-99.97616148,48399.0,2201.8706157443494,1.7699115044247788,222,224,4,0,220,224,10234,2,0,0,2,0
2020-09-11,US,Texas,Rusk,790,6,0,32.10773545,-94.76176432,48401.0,1452.04573025034,0.7594936708860759,784,762,6,0,756,762,54450,28,0,0,28,0
2020-09-11,US,Texas,Sabine,75,8,0,31.34318809,-93.85440451,48403.0,711.4399544678429,10.666666666666666,67,75,8,0,67,75,10589,0,0,0,0,0
2020-09-11,US,Texas,San Augustine,197,13,0,31.39457611,-94.17000399,48405.0,2391.647444457933,6.598984771573603,184,195,13,0,182,195,8232,2,0,0,2,0
2020-09-11,US,Texas,San Jacinto,215,8,0,30.57933681,-95.16260304,48407.0,745.0015593055892,3.72093023255814,207,208,8,0,200,208,28719,7,0,0,7,0
2020-09-11,US,Texas,San Patricio,1372,64,0,28.00880118,-97.51763891,48409.0,2056.046755582197,4.664723032069972,1308,1369,62,0,1307,1369,66893,3,2,0,1,0
2020-09-11,US,Texas,San Saba,42,0,0,31.1577796,-98.81758731,48411.0,693.6416184971097,0.0,42,41,0,0,41,41,6054,1,0,0,1,0
2020-09-11,US,Texas,Schleicher,51,2,0,30.89740592,-100.5384842,48413.0,1825.993555316864,3.92156862745098,49,51,2,0,49,51,2895,0,0,0,0,0
2020-09-11,US,Texas,Scurry,578,2,0,32.74613808,-100.91626640000001,48415.0,3460.456205472071,0.3460207612456747,576,563,2,0,561,563,16866,15,0,0,15,0
2020-09-11,US,Texas,Shackelford,23,0,0,32.73587756,-99.35401337,48417.0,704.4410413476262,0.0,23,23,0,0,23,23,3253,0,0,0,0,0
2020-09-11,US,Texas,Shelby,455,21,0,31.79211404,-94.14550696,48419.0,1800.2690511988606,4.615384615384615,434,449,21,0,428,449,25418,6,0,0,6,0
2020-09-11,US,Texas,Sherman,57,0,0,36.27751473,-101.8933156,48421.0,1886.168100595632,0.0,57,56,0,0,56,56,3079,1,0,0,1,0
2020-09-11,US,Texas,Smith,3471,83,0,32.37474036,-95.27175679999999,48423.0,1491.2932704907819,2.3912417170844136,3388,3437,78,0,3359,3437,230221,34,5,0,29,0
2020-09-11,US,Texas,Somervell,132,5,0,32.22236802,-97.77403489,48425.0,1446.0999123575812,3.787878787878788,127,126,4,0,122,126,9016,6,1,0,5,0
2020-09-11,US,Texas,Starr,3235,146,0,26.56150059,-98.73892358,48427.0,5005.183110794796,4.513137557959816,3089,3172,145,0,3027,3172,64525,63,1,0,62,0
2020-09-11,US,Texas,Stephens,126,4,0,32.73553157,-98.83631615,48429.0,1345.2914798206275,3.1746031746031744,122,130,4,0,126,130,9433,-4,0,0,-4,0
2020-09-11,US,Texas,Sterling,4,0,0,31.82781912,-101.05007459999999,48431.0,309.8373353989156,0.0,4,4,0,0,4,4,1311,0,0,0,0,0
2020-09-11,US,Texas,Stonewall,9,1,0,33.17906744,-100.25384009999999,48433.0,666.6666666666666,11.111111111111109,8,9,1,0,8,9,1362,0,0,0,0,0
2020-09-11,US,Texas,Sutton,78,3,0,30.49856623,-100.5382014,48435.0,2065.677966101695,3.8461538461538463,75,77,2,0,75,77,3758,1,1,0,0,0
2020-09-11,US,Texas,Swisher,96,3,0,34.53028891,-101.73491740000001,48437.0,1297.8234419359198,3.125,93,96,3,0,93,96,7462,0,0,0,0,0
2020-09-11,US,Texas,Tarrant,43937,657,0,32.77143818,-97.29101614,48439.0,2089.7353883325445,1.4953228486241663,43280,43726,643,0,43083,43515,2084931,211,14,0,197,211
2020-09-11,US,Texas,Taylor,1386,42,0,32.30163422,-99.89007449,48441.0,1004.1004390222696,3.0303030303030303,1344,1370,39,0,1331,1370,137640,16,3,0,13,0
2020-09-11,US,Texas,Terrell,3,0,0,30.22429013,-102.0766732,48443.0,386.59793814432993,0.0,3,3,0,0,3,3,823,0,0,0,0,0
2020-09-11,US,Texas,Terry,215,4,0,33.17402785,-102.3354521,48445.0,1742.7251357704465,1.8604651162790695,211,210,4,0,206,210,12287,5,0,0,5,0
2020-09-11,US,Texas,Throckmorton,6,2,0,33.17751417,-99.21226795,48447.0,399.7335109926715,33.333333333333336,4,5,2,0,3,5,1515,1,0,0,1,0
2020-09-11,US,Texas,Titus,1542,26,0,33.21339719,-94.96797273,48449.0,4708.396946564885,1.6861219195849546,1516,1542,26,0,1516,1525,33033,0,0,0,0,17
2020-09-11,US,Texas,Tom Green,3413,60,0,31.40464436,-100.46244300000001,48451.0,2863.255033557047,1.7579841781423968,3353,3384,60,0,3324,3374,118189,29,0,0,29,10
2020-09-11,US,Texas,Travis,27525,402,0,30.33432034,-97.78535620000001,48453.0,2160.5960654780315,1.4604904632152589,27123,27424,402,0,27022,27206,1248743,101,0,0,101,218
2020-09-11,US,Texas,Trinity,187,6,0,31.0879489,-95.1367187,48455.0,1276.3633881646304,3.2085561497326203,181,182,6,0,176,182,14740,5,0,0,5,0
2020-09-11,US,Texas,Tyler,192,4,0,30.77031716,-94.37690895,48457.0,885.9357696566997,2.083333333333333,188,192,4,0,188,192,21696,0,0,0,0,0
2020-09-11,US,Texas,Upshur,353,9,0,32.73706798,-94.93999853,48459.0,845.4482312648191,2.54957507082153,344,340,8,0,332,340,41260,13,1,0,12,0
2020-09-11,US,Texas,Upton,21,2,0,31.36868194,-102.0423217,48461.0,574.2411812961444,9.523809523809524,19,21,2,0,19,21,3671,0,0,0,0,0
2020-09-11,US,Texas,Uvalde,729,28,0,29.35739637,-99.76229172,48463.0,2726.1508544931007,3.840877914951989,701,729,27,0,702,729,26846,0,1,0,-1,0
2020-09-11,US,Texas,Val Verde,1957,92,0,29.89149232,-101.1525205,48465.0,3991.840897501275,4.701073071027082,1865,1957,86,0,1871,1957,49208,0,6,0,-6,0
2020-09-11,US,Texas,Van Zandt,539,18,0,32.56483801,-95.83766469,48467.0,952.4650998409613,3.339517625231911,521,532,18,0,514,532,56019,7,0,0,7,0
2020-09-11,US,Texas,Victoria,3931,84,0,28.79780988,-96.96813006,48469.0,4268.928369749359,2.136860849656576,3847,3876,84,0,3792,3876,92035,55,0,0,55,0
2020-09-11,US,Texas,Walker,3416,52,0,30.73872995,-95.57440968,48471.0,4681.311753984461,1.5222482435597189,3364,3854,50,0,3804,3854,72480,-438,2,0,-440,0
2020-09-11,US,Texas,Waller,752,11,0,30.01058447,-95.99011759,48473.0,1361.184520146255,1.4627659574468086,741,725,9,0,716,729,53126,27,2,0,25,-4
2020-09-11,US,Texas,Ward,115,1,0,31.50999644,-103.09279090000001,48475.0,958.4930821803633,0.8695652173913043,114,113,1,0,112,113,11720,2,0,0,2,0
2020-09-11,US,Texas,Washington,593,47,0,30.21498498,-96.40946246,48477.0,1652.6392062872749,7.925801011804385,546,582,46,0,536,582,35108,11,1,0,10,0
2020-09-11,US,Texas,Webb,12532,266,0,27.7610369,-99.33237355,48479.0,4529.878692364416,2.1225662304500483,12266,12464,261,0,12203,12371,275910,68,5,0,63,93
2020-09-11,US,Texas,Wharton,1259,47,0,29.27765923,-96.22319248,48481.0,3029.646741746077,3.7331215250198566,1212,1245,46,0,1199,1245,41619,14,1,0,13,0
2020-09-11,US,Texas,Wheeler,42,0,0,35.40114335,-100.26995140000001,48483.0,830.6962025316458,0.0,42,42,0,0,42,42,5191,0,0,0,0,0
2020-09-11,US,Texas,Wichita,1465,19,0,33.98842886,-98.70410340000001,48485.0,1107.91802162898,1.2969283276450512,1446,1429,17,0,1412,1429,132064,36,2,0,34,0
2020-09-11,US,Texas,Wilbarger,121,2,0,34.07945812,-99.24178437,48487.0,947.6074868822932,1.6528925619834711,119,120,2,0,118,120,12820,1,0,0,1,0
2020-09-11,US,Texas,Willacy,1179,46,0,26.47411727,-97.61535848,48489.0,5520.1797921153675,3.901611535199321,1133,1174,44,0,1130,1174,21515,5,2,0,3,0
2020-09-11,US,Texas,Williamson,8143,134,0,30.64655664,-97.60048540000001,48491.0,1378.8817561904052,1.6455851651725408,8009,8125,132,0,7993,8107,566719,18,2,0,16,18
2020-09-11,US,Texas,Wilson,565,26,0,29.1732598,-98.08693082,48493.0,1106.3246524378303,4.601769911504425,539,552,26,0,526,552,50224,13,0,0,13,0
2020-09-11,US,Texas,Winkler,104,1,0,31.85008651,-103.04851629999999,48495.0,1298.3770287141076,0.9615384615384616,103,102,1,0,101,102,7720,2,0,0,2,0
2020-09-11,US,Texas,Wise,687,13,0,33.21570665,-97.65460265,48497.0,981.652949245542,1.8922852983988356,674,677,12,0,665,677,68305,10,1,0,9,0
2020-09-11,US,Texas,Wood,451,17,0,32.78722382,-95.38236368,48499.0,990.3599112848327,3.76940133037694,434,428,17,0,411,428,45129,23,0,0,23,0
2020-09-11,US,Texas,Yoakum,183,4,0,33.17320212,-102.82764329999999,48501.0,2100.309881785837,2.1857923497267757,179,173,4,0,169,173,8591,10,0,0,10,0
2020-09-11,US,Texas,Young,243,6,0,33.17659707,-98.68790885,48503.0,1349.2504164353138,2.469135802469136,237,238,6,0,232,238,18045,5,0,0,5,0
2020-09-11,US,Texas,Zapata,317,4,0,27.00156391,-99.16987152,48505.0,2235.700684110304,1.2618296529968454,313,317,4,0,313,317,14190,0,0,0,0,0
2020-09-11,US,Texas,Zavala,275,14,0,28.86617238,-99.76050829,48507.0,2322.635135135135,5.090909090909091,261,272,13,0,259,272,11983,3,1,0,2,0
2020-09-11,US,Utah,Bear River,2767,11,0,41.52106798,-113.08328159999999,0.0,1481.120662891156,0.3975424647632815,2756,2727,11,0,2716,2705,,40,0,0,40,22
2020-09-11,US,Utah,Central Utah,548,3,0,39.37231946,-111.5758676,0.0,668.6677892476267,0.5474452554744526,545,543,3,0,540,541,,5,0,0,5,2
2020-09-11,US,Utah,Davis,4286,27,0,40.99001837,-112.1139997,49011.0,1205.6903181885953,0.6299580027998134,4259,4235,27,0,4208,4206,351713,51,0,0,51,29
2020-09-11,US,Utah,Salt Lake,25609,241,0,40.66616532,-111.92160109999999,49035.0,2206.841043503439,0.94107540317857,25368,25353,240,0,25113,25245,1152633,256,1,0,255,108
2020-09-11,US,Utah,San Juan,673,29,0,37.62762978,-109.80337140000002,49037.0,4396.394042330808,4.3090638930163445,644,673,29,0,644,672,15449,0,0,0,0,1
2020-09-11,US,Utah,Southeast Utah,163,1,0,38.99617072,-110.70139579999999,0.0,405.18034253896445,0.6134969325153374,162,162,1,0,161,162,,1,0,0,1,0
2020-09-11,US,Utah,Southwest Utah,3808,29,0,37.85447192,-111.4418764,0.0,1510.8593012275733,0.7615546218487395,3779,3774,29,0,3745,3766,,34,0,0,34,8
2020-09-11,US,Utah,Summit,905,1,0,40.86688146,-110.9535882,49043.0,2147.3484399098347,0.11049723756906077,904,898,1,0,897,895,41933,7,0,0,7,3
2020-09-11,US,Utah,Tooele,756,0,0,40.44862644,-113.12957150000001,49045.0,1046.2364549744666,0.0,756,750,0,0,750,746,69907,6,0,0,6,4
2020-09-11,US,Utah,TriCounty,225,1,0,40.12491499,-109.5174415,0.0,397.3720462011232,0.4444444444444444,224,221,1,0,220,219,,4,0,0,4,2
2020-09-11,US,Utah,Utah,12611,52,0,40.116672200000004,-111.66576620000001,49049.0,1982.129244697321,0.4123384346998652,12559,12392,52,0,12340,12250,622213,219,0,0,219,142
2020-09-11,US,Utah,Wasatch,662,7,0,40.33110236,-111.1691419,49051.0,1941.8614883693647,1.0574018126888218,655,660,7,0,653,659,33240,2,0,0,2,1
2020-09-11,US,Utah,Weber-Morgan,3662,29,0,41.27116049,-111.9145117,0.0,1344.6575382705985,0.7919169852539596,3633,3631,29,0,3602,3607,,31,0,0,31,24
2020-09-11,US,Vermont,Addison,82,2,0,44.03217337,-73.14130877,50001.0,222.9654403567447,2.4390243902439024,80,82,2,0,80,82,36973,0,0,0,0,0
2020-09-11,US,Vermont,Bennington,107,1,0,43.03519828,-73.09048868,50003.0,301.6633775021145,0.9345794392523364,106,108,1,0,107,108,35631,-1,0,0,-1,0
2020-09-11,US,Vermont,Caledonia,33,0,0,44.46548598,-72.10314651,50005.0,110.02567265695328,0.0,33,33,0,0,33,33,30302,0,0,0,0,0
2020-09-11,US,Vermont,Chittenden,808,39,0,44.46322849,-73.08359212,50007.0,493.3628048408172,4.826732673267327,769,804,39,0,765,803,164572,4,0,0,4,1
2020-09-11,US,Vermont,Essex,6,0,0,44.72736416,-71.73579864,50009.0,97.35518416355671,0.0,6,6,0,0,6,6,6250,0,0,0,0,0
2020-09-11,US,Vermont,Franklin,123,7,0,44.85627605,-72.91249563,50011.0,248.97777417918306,5.691056910569106,116,123,7,0,116,124,49421,0,0,0,0,-1
2020-09-11,US,Vermont,Grand Isle,13,0,0,44.797582399999996,-73.29679772,50013.0,179.68210089841045,0.0,13,13,0,0,13,13,7090,0,0,0,0,0
2020-09-11,US,Vermont,Lamoille,47,1,0,44.60353043,-72.64356694,50015.0,185.3166154088794,2.127659574468085,46,47,1,0,46,46,25300,0,0,0,0,1
2020-09-11,US,Vermont,Orange,22,0,0,44.00470222,-72.37640104,50017.0,76.14564585352346,0.0,22,21,0,0,21,21,28999,1,0,0,1,0
2020-09-11,US,Vermont,Orleans,22,0,0,44.82964024,-72.24562697,50019.0,81.3699744794171,0.0,22,22,0,0,22,18,26907,0,0,0,0,4
2020-09-11,US,Vermont,Rutland,126,1,0,43.57723578,-73.03741676,50021.0,216.52832912306027,0.7936507936507936,125,126,1,0,125,126,58672,0,0,0,0,0
2020-09-11,US,Vermont,Unassigned,8,0,0,0.0,0.0,90050.0,0.0,0.0,8,8,0,0,8,8,,0,0,0,0,0
2020-09-11,US,Vermont,Washington,66,2,0,44.27343241,-72.61604978,50023.0,112.99628481912035,3.0303030303030303,64,64,2,0,62,64,58140,2,0,0,2,0
2020-09-11,US,Vermont,Windham,123,3,0,42.986982,-72.71268875,50025.0,291.3173227227512,2.4390243902439024,120,123,3,0,120,123,42756,0,0,0,0,0
2020-09-11,US,Vermont,Windsor,82,2,0,43.58010937,-72.58595157,50027.0,148.92303221822672,2.4390243902439024,80,81,2,0,79,81,55286,1,0,0,1,0
2020-09-11,US,Virginia,Accomack,1158,19,0,37.76707161,-75.63234615,51001.0,3583.3642777571476,1.640759930915371,1139,1156,19,0,1137,1155,32412,2,0,0,2,1
2020-09-11,US,Virginia,Albemarle,1122,19,0,38.02080697,-78.55481085,51003.0,1026.2508003292785,1.6934046345811051,1103,1110,19,0,1091,1101,108718,12,0,0,12,9
2020-09-11,US,Virginia,Alexandria,3577,62,0,38.814003,-77.08183073,51510.0,2243.6460345736004,1.7332960581492871,3515,3558,62,0,3496,3546,160530,19,0,0,19,12
2020-09-11,US,Virginia,Alleghany,75,4,0,37.78636074,-80.00222498,51005.0,504.7106325706594,5.333333333333333,71,73,4,0,69,71,14910,2,0,0,2,2
2020-09-11,US,Virginia,Amelia,115,3,0,37.34081025,-77.98584649,51007.0,874.8573602130087,2.608695652173913,112,114,3,0,111,113,13013,1,0,0,1,1
2020-09-11,US,Virginia,Amherst,333,1,0,37.60308293,-79.14548696,51009.0,1053.6307546274325,0.3003003003003003,332,328,1,0,327,327,31666,5,0,0,5,1
2020-09-11,US,Virginia,Appomattox,190,1,0,37.37569884,-78.81340003,51011.0,1194.1424171956508,0.5263157894736842,189,185,1,0,184,183,15841,5,0,0,5,2
2020-09-11,US,Virginia,Arlington,3700,144,0,38.8767675,-77.10139853,51013.0,1562.2229165435183,3.891891891891892,3556,3687,144,0,3543,3679,237521,13,0,0,13,8
2020-09-11,US,Virginia,Augusta,414,4,0,38.16404586,-79.12461614,51015.0,547.9234495354564,0.966183574879227,410,408,4,0,404,398,75457,6,0,0,6,10
2020-09-11,US,Virginia,Bath,4,0,0,38.05852573,-79.73912095,51017.0,96.45526886906195,0.0,4,4,0,0,4,4,4292,0,0,0,0,0
2020-09-11,US,Virginia,Bedford,650,9,0,37.3080028,-79.5281964,51019.0,822.8160563059358,1.3846153846153846,641,630,9,0,621,621,78747,20,0,0,20,9
2020-09-11,US,Virginia,Bland,64,1,0,37.13128068,-81.13599391,51021.0,1019.108280254777,1.5625,63,61,1,0,60,62,6293,3,0,0,3,-1
2020-09-11,US,Virginia,Botetourt,272,10,0,37.55531756,-79.80982182,51023.0,813.9082557826387,3.6764705882352944,262,269,10,0,259,265,33277,3,0,0,3,4
2020-09-11,US,Virginia,Bristol,153,2,0,36.616302399999995,-82.16359122,51520.0,912.7789046653144,1.30718954248366,151,151,2,0,149,149,16482,2,0,0,2,2
2020-09-11,US,Virginia,Brunswick,326,2,0,36.76366949,-77.8593436,51025.0,2008.5022487831927,0.6134969325153374,324,320,2,0,318,318,16384,6,0,0,6,2
2020-09-11,US,Virginia,Buchanan,107,2,0,37.26818323,-82.03749726,51027.0,509.4267758522186,1.8691588785046729,105,105,2,0,103,101,21221,2,0,0,2,4
2020-09-11,US,Virginia,Buckingham,665,8,0,37.57242268,-78.52518834,51029.0,3878.003265686961,1.2030075187969924,657,663,8,0,655,657,16999,2,0,0,2,6
2020-09-11,US,Virginia,Buena Vista,77,1,0,37.73484642,-79.35296097,51530.0,1188.6384686631675,1.2987012987012987,76,77,1,0,76,77,6237,0,0,0,0,0
2020-09-11,US,Virginia,Campbell,366,3,0,37.20553386,-79.09678609,51031.0,666.8488658103307,0.819672131147541,363,359,3,0,356,359,54973,7,0,0,7,0
2020-09-11,US,Virginia,Caroline,290,5,0,38.02679129,-77.34901405,51033.0,943.8567941415787,1.7241379310344829,285,287,5,0,282,283,30772,3,0,0,3,4
2020-09-11,US,Virginia,Carroll,452,19,0,36.73066666,-80.73455942,51035.0,1517.2367493538318,4.2035398230088505,433,450,19,0,431,448,29636,2,0,0,2,2
2020-09-11,US,Virginia,Charles City,76,5,0,37.35358063,-77.05634116,51036.0,1091.4835559385322,6.578947368421053,71,73,5,0,68,71,6941,3,0,0,3,2
2020-09-11,US,Virginia,Charlotte,95,0,0,37.01909701,-78.66314092,51037.0,799.6632996632998,0.0,95,90,0,0,90,86,11938,5,0,0,5,4
2020-09-11,US,Virginia,Charlottesville,867,24,0,38.03527919,-78.48569588,51540.0,1834.2994964668048,2.7681660899653977,843,833,24,0,809,819,48117,34,0,0,34,14
2020-09-11,US,Virginia,Chesapeake,4026,49,0,36.67670048,-76.30545744,51550.0,1644.3727408254538,1.2170889220069547,3977,4007,50,0,3957,3982,242634,19,-1,0,20,25
2020-09-11,US,Virginia,Chesterfield,5450,85,0,37.37373208,-77.58680140000001,51041.0,1544.775823266308,1.5596330275229358,5365,5401,85,0,5316,5347,348556,49,0,0,49,54
2020-09-11,US,Virginia,Clarke,86,0,0,39.11271747,-77.99199425,51043.0,588.2755318421233,0.0,86,86,0,0,86,86,14523,0,0,0,0,0
2020-09-11,US,Virginia,Colonial Heights,237,23,0,37.26420587,-77.39609676,51570.0,1364.4214162348876,9.70464135021097,214,235,23,0,212,233,17833,2,0,0,2,2
2020-09-11,US,Virginia,Covington,29,0,0,37.7824656,-79.98631446,51580.0,523.6547490068617,0.0,29,29,0,0,29,29,5460,0,0,0,0,0
2020-09-11,US,Virginia,Craig,25,0,0,37.48133648,-80.21072274,51045.0,487.2344572208146,0.0,25,24,0,0,24,24,5064,1,0,0,1,0
2020-09-11,US,Virginia,Culpeper,1150,14,0,38.48199985,-77.95630870000002,51047.0,2186.103982511168,1.2173913043478262,1136,1144,14,0,1130,1140,51859,6,0,0,6,4
2020-09-11,US,Virginia,Cumberland,102,0,0,37.51328851,-78.24398086,51049.0,1026.983487716472,0.0,102,102,0,0,102,102,9809,0,0,0,0,0
2020-09-11,US,Virginia,Danville,716,17,0,36.58022376,-79.40395668,51590.0,1788.0331635201278,2.3743016759776543,699,710,17,0,693,698,40693,6,0,0,6,12
2020-09-11,US,Virginia,Dickenson,76,1,0,37.12560977,-82.35124171,51051.0,530.8003911160777,1.3157894736842106,75,75,1,0,74,74,14523,1,0,0,1,1
2020-09-11,US,Virginia,Dinwiddie,330,8,0,37.07544585,-77.63451754,51053.0,1156.1098654708521,2.4242424242424243,322,329,8,0,321,327,28529,1,0,0,1,2
2020-09-11,US,Virginia,Emporia,242,19,0,36.69455571,-77.53406129,51595.0,4526.748971193416,7.851239669421487,223,242,19,0,223,241,5121,0,0,0,0,1
2020-09-11,US,Virginia,Essex,159,2,0,37.93357639,-76.94230311,51057.0,1451.6570802519855,1.2578616352201255,157,155,2,0,153,150,10919,4,0,0,4,5
2020-09-11,US,Virginia,Fairfax,19359,567,0,38.83677558,-77.27565836,51059.0,1687.0117783207788,2.928870292887029,18792,19282,566,0,18716,19177,1150795,77,1,0,76,105
2020-09-11,US,Virginia,Fairfax,19359,567,0,38.83677558,-77.27565836,51059.0,1687.0117783207788,2.928870292887029,18792,19282,566,0,18716,19177,24574,77,1,0,76,105
2020-09-11,US,Virginia,Fairfax City,127,7,0,38.85157547,-77.29779640000002,51600.0,528.7480744410675,5.511811023622046,120,126,7,0,119,126,24574,1,0,0,1,0
2020-09-11,US,Virginia,Falls Church,67,7,0,38.88485255,-77.17560759,51610.0,458.3703906410344,10.447761194029852,60,66,7,0,59,66,14772,1,0,0,1,0
2020-09-11,US,Virginia,Fauquier,838,21,0,38.73564842,-77.80647472,51061.0,1176.6027351099378,2.505966587112172,817,832,21,0,811,827,70675,6,0,0,6,5
2020-09-11,US,Virginia,Floyd,172,3,0,36.9302126,-80.36738849,51063.0,1092.1328338307194,1.7441860465116281,169,166,3,0,163,161,15795,6,0,0,6,5
2020-09-11,US,Virginia,Fluvanna,242,9,0,37.84157909,-78.27715475,51065.0,887.4220755408875,3.71900826446281,233,239,9,0,230,237,26783,3,0,0,3,2
2020-09-11,US,Virginia,Franklin,194,1,0,36.99536167,-79.88023649,51067.0,346.1689447200313,0.5154639175257731,193,194,1,0,193,194,56195,0,0,0,0,0
2020-09-11,US,Virginia,Franklin,194,1,0,36.99536167,-79.88023649,51067.0,346.1689447200313,0.5154639175257731,193,194,1,0,193,194,8013,0,0,0,0,0
2020-09-11,US,Virginia,Franklin City,360,7,0,36.6831435,-76.93859681,51620.0,4518.6393874733285,1.9444444444444444,353,350,7,0,343,343,8013,10,0,0,10,7
2020-09-11,US,Virginia,Frederick,806,11,0,39.20172582,-78.25974949,51069.0,902.4442130484924,1.3647642679900744,795,799,11,0,788,794,88355,7,0,0,7,5
2020-09-11,US,Virginia,Fredericksburg,508,4,0,38.2977863,-77.4922454,51630.0,1749.552279928365,0.7874015748031497,504,509,4,0,505,511,29144,-1,0,0,-1,-2
2020-09-11,US,Virginia,Galax,403,28,0,36.66601852,-80.91703124,51640.0,6349.456436111549,6.9478908188585615,375,403,28,0,375,403,6423,0,0,0,0,0
2020-09-11,US,Virginia,Giles,65,0,0,37.31234791,-80.70636931,51071.0,388.755980861244,0.0,65,63,0,0,63,61,16844,2,0,0,2,2
2020-09-11,US,Virginia,Gloucester,218,2,0,37.40809042,-76.53524337,51073.0,583.6992610046052,0.9174311926605504,216,216,2,0,214,211,37349,2,0,0,2,5
2020-09-11,US,Virginia,Goochland,241,7,0,37.71714806,-77.90381514,51075.0,1014.6086810087147,2.904564315352697,234,238,7,0,231,231,23244,3,0,0,3,7
2020-09-11,US,Virginia,Grayson,269,8,0,36.65677234,-81.23215889,51077.0,1729.903536977492,2.9739776951672865,261,267,8,0,259,266,15631,2,0,0,2,1
2020-09-11,US,Virginia,Greene,207,3,0,38.29545894,-78.46525378,51079.0,1044.4522932539483,1.4492753623188406,204,204,3,0,201,203,19779,3,0,0,3,1
2020-09-11,US,Virginia,Greensville,732,11,0,36.67878901,-77.56351439,51081.0,6457.30416372618,1.5027322404371584,721,730,11,0,719,727,11627,2,0,0,2,3
2020-09-11,US,Virginia,Halifax,267,4,0,36.76654925,-78.93512622,51083.0,787.3551355017546,1.49812734082397,263,264,4,0,260,257,34120,3,0,0,3,7
2020-09-11,US,Virginia,Hampton,1690,16,0,37.03513786,-76.35879121,51650.0,1256.412162664486,0.9467455621301776,1674,1687,16,0,1671,1661,134313,3,0,0,3,26
2020-09-11,US,Virginia,Hanover,1049,35,0,37.7583355,-77.49464673,51085.0,973.4053412022344,3.3365109628217353,1014,1023,35,0,988,901,107239,26,0,0,26,122
2020-09-11,US,Virginia,Harrisonburg,2090,34,0,38.43542574,-78.87536254,51660.0,3942.206126452392,1.6267942583732058,2056,2036,34,0,2002,1989,54033,54,0,0,54,47
2020-09-11,US,Virginia,Henrico,4966,195,0,37.53460572,-77.39326555,51087.0,1501.1275081767014,3.9267015706806276,4771,4925,195,0,4730,4872,329261,41,0,0,41,53
2020-09-11,US,Virginia,Henry,943,16,0,36.68542395,-79.87634026,51089.0,1865.221433233776,1.6967126193001059,927,937,16,0,921,920,50953,6,0,0,6,17
2020-09-11,US,Virginia,Highland,6,0,0,38.35799465,-79.56124594,51091.0,273.97260273972597,0.0,6,6,0,0,6,6,2210,0,0,0,0,0
2020-09-11,US,Virginia,Hopewell,362,5,0,37.29186313,-77.29754684,51670.0,1606.8178791779485,1.3812154696132597,357,362,5,0,357,359,22596,0,0,0,0,3
2020-09-11,US,Virginia,Isle of Wight,640,11,0,36.90579348,-76.70842863,51093.0,1724.649006979439,1.71875,629,635,11,0,624,625,36953,5,0,0,5,10
2020-09-11,US,Virginia,James City,784,18,0,37.31156958,-76.76950618,51095.0,1024.5285731087386,2.295918367346939,766,782,18,0,764,777,76397,2,0,0,2,5
2020-09-11,US,Virginia,King George,220,4,0,38.26818502,-77.15852768,51099.0,819.79430615591,1.818181818181818,216,217,4,0,213,214,26575,3,0,0,3,3
2020-09-11,US,Virginia,King William,132,2,0,37.70965316,-77.09384941,51101.0,769.7690692792163,1.5151515151515151,130,130,2,0,128,126,16939,2,0,0,2,4
2020-09-11,US,Virginia,King and Queen,63,1,0,37.71044922,-76.88689628,51097.0,896.797153024911,1.5873015873015872,62,60,1,0,59,60,7042,3,0,0,3,0
2020-09-11,US,Virginia,Lancaster,93,0,0,37.71889653,-76.46400482,51103.0,877.110251815524,0.0,93,87,0,0,87,84,10783,6,0,0,6,3
2020-09-11,US,Virginia,Lee,244,4,0,36.70586667,-83.12606515,51105.0,1041.711138624429,1.639344262295082,240,238,4,0,234,234,23541,6,0,0,6,4
2020-09-11,US,Virginia,Lexington,46,1,0,37.78258621,-79.44262866,51678.0,617.78135911899,2.1739130434782608,45,46,1,0,45,44,7136,0,0,0,0,2
2020-09-11,US,Virginia,Loudoun,6377,118,0,39.08990083,-77.63481877,51107.0,1542.059012714672,1.850399874549161,6259,6327,118,0,6209,6273,406850,50,0,0,50,54
2020-09-11,US,Virginia,Louisa,267,3,0,37.97850256,-77.96274807,51109.0,710.2763959458383,1.1235955056179776,264,266,3,0,263,265,36778,1,0,0,1,1
2020-09-11,US,Virginia,Lunenburg,105,2,0,36.94618528,-78.24133319,51111.0,860.9380124631026,1.9047619047619049,103,101,2,0,99,101,12086,4,0,0,4,0
2020-09-11,US,Virginia,Lynchburg,1147,5,0,37.40021399,-79.19888138,51680.0,1395.9205530133386,0.4359197907585005,1142,1131,5,0,1126,1116,82126,16,0,0,16,15
2020-09-11,US,Virginia,Madison,95,2,0,38.41531222,-78.28220331,51113.0,716.3863961993817,2.1052631578947367,93,96,2,0,94,96,13295,-1,0,0,-1,0
2020-09-11,US,Virginia,Manassas,1850,24,0,38.7464321,-77.48509905,51683.0,4502.859924546671,1.2972972972972974,1826,1844,24,0,1820,1842,41641,6,0,0,6,2
2020-09-11,US,Virginia,Manassas Park,592,8,0,38.77058531,-77.44399307,51685.0,3387.115230575581,1.351351351351351,584,593,8,0,585,587,17307,-1,0,0,-1,6
2020-09-11,US,Virginia,Martinsville,358,6,0,36.68212094,-79.86352771,51690.0,2851.680739206627,1.675977653631285,352,351,6,0,345,348,12902,7,0,0,7,3
2020-09-11,US,Virginia,Mathews,23,0,0,37.44164146,-76.34098896,51115.0,260.3577088521621,0.0,23,23,0,0,23,23,8802,0,0,0,0,0
2020-09-11,US,Virginia,Mecklenburg,626,33,0,36.67882005,-78.36131056,51117.0,2046.6211135449694,5.271565495207668,593,612,33,0,579,609,30650,14,0,0,14,3
2020-09-11,US,Virginia,Middlesex,66,1,0,37.63191998,-76.55064617,51119.0,623.7006237006237,1.5151515151515151,65,62,1,0,61,62,10769,4,0,0,4,0
2020-09-11,US,Virginia,Montgomery,1211,4,0,37.17746986,-80.37868691,51121.0,1229.0049221088952,0.33030553261767137,1207,1140,4,0,1136,1073,98985,71,0,0,71,67
2020-09-11,US,Virginia,Nelson,91,0,0,37.78790447,-78.88498513,51125.0,609.5110515740122,0.0,91,91,0,0,91,90,14836,0,0,0,0,1
2020-09-11,US,Virginia,New Kent,164,2,0,37.50694406,-76.99828634,51127.0,710.233424277857,1.2195121951219512,162,161,1,0,160,160,22391,3,1,0,2,1
2020-09-11,US,Virginia,Newport News,2532,28,0,37.08166899,-76.51754109,51700.0,1412.7493374250244,1.1058451816745656,2504,2527,28,0,2499,2505,178626,5,0,0,5,22
2020-09-11,US,Virginia,Norfolk,4612,61,0,36.89934014,-76.26420872,51710.0,1899.959627917707,1.3226366001734606,4551,4577,60,0,4517,4545,244076,35,1,0,34,32
2020-09-11,US,Virginia,Northampton,304,29,0,37.34062933,-75.87751591,51131.0,2596.071733561059,9.539473684210526,275,304,29,0,275,304,11735,0,0,0,0,0
2020-09-11,US,Virginia,Northumberland,111,5,0,37.89202088,-76.41949732,51133.0,917.7346010748244,4.504504504504505,106,103,5,0,98,102,12147,8,0,0,8,1
2020-09-11,US,Virginia,Norton,32,0,0,36.93357076,-82.62750411,51720.0,803.8181361466968,0.0,32,31,0,0,31,31,3968,1,0,0,1,0
2020-09-11,US,Virginia,Nottoway,219,15,0,37.1435975,-78.05065922,51135.0,1437.7626050420165,6.849315068493151,204,210,15,0,195,209,15420,9,0,0,9,1
2020-09-11,US,Virginia,Orange,281,4,0,38.24530219,-78.01560400000002,51137.0,758.4140778926344,1.4234875444839858,277,278,4,0,274,277,36644,3,0,0,3,1
2020-09-11,US,Virginia,Page,367,27,0,38.61807452,-78.48797204,51139.0,1535.4363651577273,7.356948228882834,340,366,27,0,339,366,23933,1,0,0,1,0
2020-09-11,US,Virginia,Patrick,249,13,0,36.680163799999995,-80.2865648,51141.0,1414.1299409359385,5.220883534136545,236,246,13,0,233,245,17673,3,0,0,3,1
2020-09-11,US,Virginia,Petersburg,677,23,0,37.20530399,-77.39368102,51730.0,2159.7652013016013,3.397341211225997,654,675,23,0,652,670,31567,2,0,0,2,5
2020-09-11,US,Virginia,Pittsylvania,891,6,0,36.81980341,-79.39731264,51143.0,1476.2898896510587,0.6734006734006734,885,880,6,0,874,869,60949,11,0,0,11,11
2020-09-11,US,Virginia,Poquoson,73,1,0,37.14259351,-76.35798148,51735.0,594.8985412761797,1.3698630136986298,72,74,1,0,73,74,12190,-1,0,0,-1,0
2020-09-11,US,Virginia,Portsmouth,2343,45,0,36.85914825,-76.35971629,51740.0,2482.044111104049,1.9206145966709347,2298,2337,45,0,2292,2324,94632,6,0,0,6,13
2020-09-11,US,Virginia,Powhatan,199,5,0,37.55016038,-77.91267882,51145.0,671.1183056792123,2.512562814070352,194,198,5,0,193,197,29189,1,0,0,1,1
2020-09-11,US,Virginia,Prince Edward,523,12,0,37.22554789,-78.43597949,51147.0,2293.6584510130688,2.294455066921606,511,519,12,0,507,518,22950,4,0,0,4,1
2020-09-11,US,Virginia,Prince George,676,2,0,37.18497668,-77.22922187,51149.0,1762.5739837822337,0.2958579881656805,674,676,2,0,674,665,38082,0,0,0,0,11
2020-09-11,US,Virginia,Prince William,11525,191,0,38.70916224,-77.48713689,51153.0,2450.3811113355373,1.6572668112798266,11334,11432,191,0,11241,11364,468011,93,0,0,93,68
2020-09-11,US,Virginia,Pulaski,159,3,0,37.06474963,-80.71229738,51155.0,467.27598671643113,1.8867924528301887,156,158,3,0,155,156,34066,1,0,0,1,2
2020-09-11,US,Virginia,Radford,632,0,0,37.12222899,-80.56027320000003,51750.0,3463.203463203464,0.0,632,620,0,0,620,607,18339,12,0,0,12,13
2020-09-11,US,Virginia,Rappahannock,59,2,0,38.68295619,-78.15826963,51157.0,800.5427408412484,3.3898305084745757,57,58,2,0,56,58,7252,1,0,0,1,0
2020-09-11,US,Virginia,Richmond,335,4,0,37.937575,-76.72920628,51159.0,3712.734123905575,1.1940298507462686,331,334,4,0,330,334,9038,1,0,0,1,0
2020-09-11,US,Virginia,Richmond City,4259,50,0,37.53255773,-77.47966921,51760.0,1848.23551875575,1.1739845034045548,4209,4220,50,0,4170,4198,228783,39,0,0,39,22
2020-09-11,US,Virginia,Roanoke,687,5,0,37.26865804,-80.06396753,51161.0,729.4077676087743,0.7278020378457059,682,677,5,0,672,667,94073,10,0,0,10,10
2020-09-11,US,Virginia,Roanoke City,1359,15,0,37.27791025,-79.96189766,51770.0,1370.7473043986968,1.1037527593818983,1344,1329,15,0,1314,1312,99920,30,0,0,30,17
2020-09-11,US,Virginia,Rockbridge,89,2,0,37.81204314,-79.44605905,51163.0,394.27634784920036,2.247191011235955,87,88,1,0,87,87,22752,1,1,0,0,1
2020-09-11,US,Virginia,Rockingham,1213,20,0,38.51006137,-78.87260325,51165.0,1480.206960511544,1.6488046166529269,1193,1204,20,0,1184,1183,81244,9,0,0,9,21
2020-09-11,US,Virginia,Russell,207,4,0,36.93028320000001,-82.10095486,51167.0,778.6052809749492,1.932367149758454,203,203,4,0,199,199,26748,4,0,0,4,4
2020-09-11,US,Virginia,Salem,243,4,0,37.2836193,-80.06219455,51775.0,960.4363463894708,1.6460905349794241,239,240,4,0,236,234,25643,3,0,0,3,6
2020-09-11,US,Virginia,Scott,172,4,0,36.71466456,-82.60171704,51169.0,797.551701752759,2.3255813953488373,168,170,4,0,166,168,21534,2,0,0,2,2
2020-09-11,US,Virginia,Shenandoah,785,50,0,38.85905135,-78.56813762,51171.0,1799.7982391782834,6.369426751592357,735,782,50,0,732,782,43497,3,0,0,3,0
2020-09-11,US,Virginia,Smyth,366,6,0,36.84455636,-81.53344948,51173.0,1215.7852777039595,1.639344262295082,360,359,6,0,353,348,30472,7,0,0,7,11
2020-09-11,US,Virginia,Southampton,395,13,0,36.72231125,-77.10642712,51175.0,2240.3720719187795,3.2911392405063293,382,393,13,0,380,385,17586,2,0,0,2,8
2020-09-11,US,Virginia,Spotsylvania,1973,39,0,38.18574462,-77.655399,51177.0,1448.445472231399,1.976685250886974,1934,1952,39,0,1913,1926,134238,21,0,0,21,26
2020-09-11,US,Virginia,Stafford,1831,13,0,38.41758738,-77.45917053,51179.0,1197.6557083240668,0.70999453850355,1818,1813,13,0,1800,1799,149960,18,0,0,18,14
2020-09-11,US,Virginia,Staunton,198,0,0,38.15965544,-79.05979937,51790.0,794.1601155141988,0.0,198,189,0,0,189,187,24922,9,0,0,9,2
2020-09-11,US,Virginia,Suffolk,1780,63,0,36.70155394,-76.63603554,51800.0,1932.5140052981283,3.539325842696629,1717,1773,63,0,1710,1758,91185,7,0,0,7,15
2020-09-11,US,Virginia,Surry,95,3,0,37.11781893,-76.88450012,51181.0,1479.2899408284025,3.1578947368421053,92,95,3,0,92,92,6474,0,0,0,0,3
2020-09-11,US,Virginia,Sussex,366,9,0,36.92432914,-77.25791182,51183.0,3279.8637870776947,2.459016393442623,357,363,9,0,354,360,11237,3,0,0,3,3
2020-09-11,US,Virginia,Tazewell,227,2,0,37.12191123,-81.56685568,51185.0,559.182165291292,0.8810572687224669,225,223,2,0,221,219,40855,4,0,0,4,4
2020-09-11,US,Virginia,Virginia Beach,6368,71,0,36.73285734,-76.04566934,51810.0,1415.1928778107178,1.1149497487437183,6297,6345,71,0,6274,6305,450189,23,0,0,23,40
2020-09-11,US,Virginia,Warren,400,6,0,38.90847745,-78.20280433,51187.0,995.9167413604224,1.5,394,398,6,0,392,396,40003,2,0,0,2,2
2020-09-11,US,Virginia,Washington,442,10,0,36.72341572,-81.95666289,51191.0,822.4786006698921,2.262443438914027,432,433,10,0,423,432,54402,9,0,0,9,1
2020-09-11,US,Virginia,Waynesboro,236,3,0,38.06451466,-78.90293905,51820.0,1042.8634555899248,1.2711864406779658,233,234,3,0,231,230,22628,2,0,0,2,4
2020-09-11,US,Virginia,Westmoreland,236,3,0,38.11021557,-76.80213247,51193.0,1310.0194282542325,1.2711864406779658,233,234,3,0,231,232,17830,2,0,0,2,2
2020-09-11,US,Virginia,Williamsburg,162,6,0,37.28131268,-76.70905141,51830.0,1083.322188043333,3.703703703703704,156,161,6,0,155,158,14896,1,0,0,1,3
2020-09-11,US,Virginia,Winchester,461,4,0,39.17054517,-78.17325058,51840.0,1641.8548329653104,0.8676789587852495,457,463,4,0,459,461,28108,-2,0,0,-2,2
2020-09-11,US,Virginia,Wise,373,5,0,36.9746148,-82.62410519,51195.0,997.7797394537623,1.3404825737265416,368,371,5,0,366,365,38012,2,0,0,2,6
2020-09-11,US,Virginia,Wythe,201,3,0,36.91582035,-81.07834059,51197.0,700.7390879933064,1.492537313432836,198,201,3,0,198,196,28754,0,0,0,0,5
2020-09-11,US,Virginia,York,497,6,0,37.24374789,-76.54412815,51199.0,727.8851786760397,1.2072434607645874,491,497,6,0,491,492,67846,0,0,0,0,5
2020-09-11,US,Washington,Adams,731,9,0,46.98299757,-118.56017340000001,53001.0,3658.1093929840363,1.2311901504787959,722,729,9,0,720,724,19759,2,0,0,2,5
2020-09-11,US,Washington,Asotin,61,2,0,46.18894415,-117.2022851,53003.0,270.1266495438845,3.278688524590164,59,60,2,0,58,60,22610,1,0,0,1,0
2020-09-11,US,Washington,Benton,4293,126,0,46.23946995,-119.51208340000001,53005.0,2100.396301188904,2.9350104821802936,4167,4280,127,0,4153,4260,201877,13,-1,0,14,20
2020-09-11,US,Washington,Chelan,1776,13,0,47.87046092,-120.6173956,53007.0,2300.518134715026,0.7319819819819819,1763,1773,13,0,1760,1771,77036,3,0,0,3,2
2020-09-11,US,Washington,Clallam,215,1,0,48.04754642,-123.92263190000001,53009.0,278.02563008366644,0.4651162790697674,214,218,1,0,217,217,76737,-3,0,0,-3,1
2020-09-11,US,Washington,Clark,2406,59,0,45.77568046,-122.48292040000001,53011.0,492.78942161760284,2.4522028262676643,2347,2372,59,0,2313,2308,481857,34,0,0,34,64
2020-09-11,US,Washington,Columbia,14,1,0,46.29442881,-117.9051983,53013.0,351.3174404015057,7.142857142857142,13,14,1,0,13,14,4059,0,0,0,0,0
2020-09-11,US,Washington,Cowlitz,571,6,0,46.19074721,-122.6782231,53015.0,516.3075420686662,1.0507880910683012,565,571,6,0,565,558,108987,0,0,0,0,13
2020-09-11,US,Washington,Douglas,1167,9,0,47.7361335,-119.69293700000001,53017.0,2687.144534757881,0.7712082262210797,1158,1167,8,0,1159,1165,42907,0,1,0,-1,2
2020-09-11,US,Washington,Ferry,29,0,0,48.471143100000006,-118.5154041,53019.0,380.22813688212926,0.0,29,29,0,0,29,29,7649,0,0,0,0,0
2020-09-11,US,Washington,Franklin,4082,59,0,46.53351425,-118.9018212,53021.0,4286.824473335993,1.4453699167074965,4023,4073,59,0,4014,4059,94347,9,0,0,9,14
2020-09-11,US,Washington,Garfield,8,0,0,46.43197502,-117.54540320000001,53023.0,359.55056179775283,0.0,8,8,0,0,8,4,2247,0,0,0,0,4
2020-09-11,US,Washington,Grant,2563,17,0,47.20753737,-119.4500749,53025.0,2622.4509633388925,0.6632852126414358,2546,2527,17,0,2510,2515,97331,36,0,0,36,12
2020-09-11,US,Washington,Grays Harbor,327,6,0,47.14003705,-123.7820567,53027.0,435.6456748511212,1.834862385321101,321,321,6,0,315,301,73901,6,0,0,6,20
2020-09-11,US,Washington,Island,276,11,0,48.14713305,-122.5216407,53029.0,324.16814460718103,3.985507246376812,265,274,11,0,263,274,84460,2,0,0,2,0
2020-09-11,US,Washington,Jefferson,70,0,0,47.75003077,-123.56097040000002,53031.0,217.2496198131653,0.0,70,70,0,0,70,70,31729,0,0,0,0,0
2020-09-11,US,Washington,King,20640,744,0,47.49137892,-121.8346131,53033.0,916.2005023122522,3.6046511627906983,19896,20519,744,0,19775,20413,2233163,121,0,0,121,106
2020-09-11,US,Washington,Kitsap,1086,11,0,47.63479026,-122.6436061,53035.0,400.0397829618415,1.0128913443830572,1075,1076,11,0,1065,1068,269805,10,0,0,10,8
2020-09-11,US,Washington,Kittitas,478,22,0,47.12521214,-120.67943899999999,53037.0,997.1836862417856,4.602510460251046,456,453,21,0,432,453,47364,25,1,0,24,0
2020-09-11,US,Washington,Klickitat,187,3,0,45.87325839,-120.7913598,53039.0,833.8907469342251,1.60427807486631,184,183,3,0,180,181,22107,4,0,0,4,2
2020-09-11,US,Washington,Lewis,424,4,0,46.57756476,-122.39257690000001,53041.0,525.3571561326776,0.9433962264150944,420,415,4,0,411,408,79604,9,0,0,9,7
2020-09-11,US,Washington,Lincoln,36,1,0,47.57705241,-118.41943880000001,53043.0,329.09772374074413,2.7777777777777777,35,35,1,0,34,35,10740,1,0,0,1,0
2020-09-11,US,Washington,Mason,349,3,0,47.35007586,-123.1863685,53045.0,522.7054876587587,0.8595988538681948,346,347,3,0,344,342,65507,2,0,0,2,5
2020-09-11,US,Washington,Okanogan,1004,9,0,48.54855019,-119.73872240000001,53047.0,2376.7251378926685,0.896414342629482,995,1004,9,0,995,1004,42132,0,0,0,0,0
2020-09-11,US,Washington,Pacific,76,3,0,46.55418369,-123.7285716,53049.0,338.21369765475504,3.947368421052632,73,74,3,0,71,69,22036,2,0,0,2,5
2020-09-11,US,Washington,Pend Oreille,56,0,0,48.53234021,-117.2741804,53051.0,408.04430195278337,0.0,56,56,0,0,56,56,13602,0,0,0,0,0
2020-09-11,US,Washington,Pierce,7232,185,0,47.03892768,-122.14059579999999,53053.0,799.1336825123207,2.558075221238938,7047,7189,181,0,7008,7149,891299,43,4,0,39,40
2020-09-11,US,Washington,San Juan,29,0,0,48.60182783,-122.96745,53055.0,164.94141735866228,0.0,29,29,0,0,29,29,17128,0,0,0,0,0
2020-09-11,US,Washington,Skagit,1060,22,0,48.48171488,-121.766131,53057.0,820.4016872412059,2.0754716981132075,1038,1054,23,0,1031,1051,128206,6,-1,0,7,3
2020-09-11,US,Washington,Skamania,60,1,0,46.02408726,-121.91644029999999,53059.0,496.56542249441367,1.6666666666666667,59,60,1,0,59,60,11924,0,0,0,0,0
2020-09-11,US,Washington,Snohomish,6481,205,0,48.04615983,-121.7170703,53061.0,788.3632187990753,3.163092115414288,6276,6440,205,0,6235,6419,814901,41,0,0,41,21
2020-09-11,US,Washington,Spokane,5731,143,0,47.62113146,-117.4046494,53063.0,1096.216894479321,2.4952015355086368,5588,5658,142,0,5516,5619,514631,73,1,0,72,39
2020-09-11,US,Washington,Stevens,130,2,0,48.40035475,-117.8542701,53065.0,284.3208013472432,1.5384615384615383,128,130,2,0,128,130,45260,0,0,0,0,0
2020-09-11,US,Washington,Thurston,986,15,0,46.9291895,-122.82906559999999,53067.0,339.37274554616295,1.5212981744421907,971,977,15,0,962,971,286419,9,0,0,9,6
2020-09-11,US,Washington,Unassigned,287,4,0,0.0,0.0,90053.0,0.0,1.3937282229965158,283,300,4,0,296,299,,-13,0,0,-13,1
2020-09-11,US,Washington,Wahkiakum,6,0,0,46.29180039999999,-123.4250831,53069.0,133.6898395721925,0.0,6,6,0,0,6,6,4426,0,0,0,0,0
2020-09-11,US,Washington,Walla Walla,816,5,0,46.23040051,-118.4775539,53071.0,1342.9888084265965,0.6127450980392157,811,810,5,0,805,800,60922,6,0,0,6,10
2020-09-11,US,Washington,Whatcom,1178,39,0,48.82227976,-121.74900179999999,53073.0,513.856233669361,3.3106960950764006,1139,1167,39,0,1128,1151,225685,11,0,0,11,16
2020-09-11,US,Washington,Whitman,961,0,0,46.90022523,-117.52417630000001,53075.0,1918.010538080792,0.0,961,887,0,0,887,871,49791,74,0,0,74,16
2020-09-11,US,Washington,Yakima,11129,251,0,46.45738486,-120.73801259999999,53077.0,4436.109106998361,2.255368856141612,10878,11112,250,0,10862,11096,251446,17,1,0,16,16
2020-09-11,US,West Virginia,Barbour,35,1,0,39.1307219,-80.00350858,54001.0,212.8824280761511,2.8571428571428568,34,35,1,0,34,35,16535,0,0,0,0,0
2020-09-11,US,West Virginia,Berkeley,856,11,0,39.46704621,-78.02414609,54003.0,718.2955584831883,1.2850467289719627,845,851,11,0,840,840,117123,5,0,0,5,11
2020-09-11,US,West Virginia,Boone,170,0,0,38.01974191,-81.69888019,54005.0,792.2822388963974,0.0,170,169,0,0,169,162,21951,1,0,0,1,7
2020-09-11,US,West Virginia,Braxton,9,0,0,38.70036159,-80.72011184,54007.0,64.48377158415133,0.0,9,9,0,0,9,9,14089,0,0,0,0,0
2020-09-11,US,West Virginia,Brooke,105,1,0,40.27367263,-80.57915332,54009.0,478.5997538629837,0.9523809523809524,104,103,1,0,102,105,22203,2,0,0,2,-2
2020-09-11,US,West Virginia,Cabell,620,8,0,38.42424062,-82.23855912,54011.0,674.3161672739137,1.2903225806451613,612,610,8,0,602,601,93224,10,0,0,10,9
2020-09-11,US,West Virginia,Calhoun,21,0,0,38.84315422,-81.11934872,54013.0,295.4001969334646,0.0,21,21,0,0,21,20,7254,0,0,0,0,1
2020-09-11,US,West Virginia,Clay,30,2,0,38.46231092,-81.07652217,54015.0,352.60930888575456,6.666666666666668,28,30,2,0,28,30,8632,0,0,0,0,0
2020-09-11,US,West Virginia,Doddridge,15,0,0,39.27057157,-80.70671527,54017.0,177.5568181818182,0.0,15,14,0,0,14,13,8406,1,0,0,1,1
2020-09-11,US,West Virginia,Fayette,439,10,0,38.02974928,-81.08286634,54019.0,1035.2308635570441,2.277904328018223,429,432,9,0,423,421,43018,7,1,0,6,11
2020-09-11,US,West Virginia,Gilmer,20,0,0,38.9251277,-80.85952723,54021.0,255.65639780135498,0.0,20,19,0,0,19,20,8026,1,0,0,1,-1
2020-09-11,US,West Virginia,Grant,147,6,0,39.10314817,-79.19440518,54023.0,1270.746887966805,4.081632653061225,141,145,6,0,139,144,11626,2,0,0,2,1
2020-09-11,US,West Virginia,Greenbrier,114,3,0,37.9463652,-80.45335881,54025.0,328.8904275575558,2.631578947368421,111,113,3,0,110,108,34786,1,0,0,1,5
2020-09-11,US,West Virginia,Hampshire,93,1,0,39.32103553,-78.60826476,54027.0,401.2944983818769,1.075268817204301,92,93,1,0,92,93,23347,0,0,0,0,0
2020-09-11,US,West Virginia,Hancock,136,0,0,40.51943859,-80.57461608,54029.0,472.0583130857341,0.0,136,128,0,0,128,132,29094,8,0,0,8,-4
2020-09-11,US,West Virginia,Hardy,76,0,0,39.00683177,-78.85855301,54031.0,551.6840882694542,0.0,76,75,0,0,75,76,13775,1,0,0,1,-1
2020-09-11,US,West Virginia,Harrison,312,3,0,39.2853852,-80.37919577,54033.0,463.89913167598434,0.9615384615384616,309,308,3,0,305,306,67554,4,0,0,4,2
2020-09-11,US,West Virginia,Jackson,224,21,0,38.84263974,-81.68148753,54035.0,783.8745800671892,9.375,203,219,21,0,198,219,28706,5,0,0,5,0
2020-09-11,US,West Virginia,Jefferson,398,4,0,39.30776166,-77.86014147,54037.0,696.4616946067965,1.0050251256281406,394,397,4,0,393,396,56811,1,0,0,1,1
2020-09-11,US,West Virginia,Kanawha,1839,51,0,38.33860077,-81.52857054,54039.0,1032.426848712133,2.7732463295269167,1788,1809,48,0,1761,1753,180454,30,3,0,27,56
2020-09-11,US,West Virginia,Lewis,37,2,0,38.9947249,-80.49988181,54041.0,232.60199911988443,5.405405405405406,35,36,2,0,34,36,16024,1,0,0,1,0
2020-09-11,US,West Virginia,Lincoln,130,2,0,38.172154,-82.07017953,54043.0,636.9738840707531,1.5384615384615383,128,127,2,0,125,126,20599,3,0,0,3,1
2020-09-11,US,West Virginia,Logan,536,36,0,37.8299889,-81.93528571,54045.0,1674.0060589025265,6.7164179104477615,500,536,35,0,501,529,32607,0,1,0,-1,7
2020-09-11,US,West Virginia,Marion,235,2,0,39.50984542,-80.24244659,54049.0,419.10400913111715,0.851063829787234,233,234,2,0,232,233,56097,1,0,0,1,1
2020-09-11,US,West Virginia,Marshall,139,1,0,39.86064362,-80.66591062,54051.0,455.2749664275654,0.7194244604316546,138,138,1,0,137,136,30785,1,0,0,1,2
2020-09-11,US,West Virginia,Mason,126,1,0,38.77071799,-82.02524219,54053.0,475.1847940865893,0.7936507936507936,125,131,1,0,130,123,26718,-5,0,0,-5,8
2020-09-11,US,West Virginia,McDowell,76,1,0,37.38002939,-81.65083669,54047.0,431.2301407172038,1.3157894736842106,75,74,1,0,73,74,18223,2,0,0,2,0
2020-09-11,US,West Virginia,Mercer,357,24,0,37.40481169,-81.11023142,54055.0,607.5768406004288,6.722689075630252,333,355,24,0,331,350,59131,2,0,0,2,5
2020-09-11,US,West Virginia,Mineral,148,4,0,39.41561583,-78.94104895,54057.0,550.8411493226142,2.702702702702702,144,148,4,0,144,148,26940,0,0,0,0,0
2020-09-11,US,West Virginia,Mingo,291,7,0,37.73048351,-82.13338365,54059.0,1242.3155737704915,2.405498281786941,284,287,7,0,280,289,23785,4,0,0,4,-2
2020-09-11,US,West Virginia,Monongalia,1581,5,0,39.63218457,-80.04766838,54061.0,1496.9889785251676,0.3162555344718533,1576,1547,5,0,1542,1504,106420,34,0,0,34,43
2020-09-11,US,West Virginia,Monroe,142,7,0,37.56274716,-80.54577965,54063.0,1069.6798493408662,4.929577464788731,135,146,7,0,139,138,13280,-4,0,0,-4,8
2020-09-11,US,West Virginia,Morgan,43,0,0,39.55439028,-78.26311676,54065.0,240.4383806754641,0.0,43,43,0,0,43,41,17787,0,0,0,0,2
2020-09-11,US,West Virginia,Nicholas,62,3,0,38.29617706,-80.79759588,54067.0,253.10254735467015,4.838709677419356,59,60,3,0,57,58,24842,2,0,0,2,2
2020-09-11,US,West Virginia,Ohio,313,6,0,40.0955451,-80.62203992,54069.0,755.8378208688513,1.9169329073482428,307,302,6,0,296,301,41755,11,0,0,11,1
2020-09-11,US,West Virginia,Pendleton,45,1,0,38.68314479,-79.35084086,54071.0,645.7167455876022,2.2222222222222223,44,46,1,0,45,45,6997,-1,0,0,-1,1
2020-09-11,US,West Virginia,Pleasants,15,2,0,39.37091679,-81.16771771,54073.0,201.07238605898124,13.333333333333336,13,15,2,0,13,15,7507,0,0,0,0,0
2020-09-11,US,West Virginia,Pocahontas,55,0,0,38.32758728,-80.00993811,54075.0,666.9091790954286,0.0,55,55,0,0,55,55,8414,0,0,0,0,0
2020-09-11,US,West Virginia,Preston,143,4,0,39.46770987,-79.66712803,54077.0,427.7339076334051,2.797202797202797,139,142,4,0,138,142,33839,1,0,0,1,0
2020-09-11,US,West Virginia,Putnam,371,2,0,38.50782345,-81.9082131,54079.0,657.2187776793622,0.5390835579514824,369,362,1,0,361,353,56682,9,1,0,8,9
2020-09-11,US,West Virginia,Raleigh,403,5,0,37.76936795,-81.2456041,54081.0,549.3382042229523,1.2406947890818858,398,399,4,0,395,397,74254,4,1,0,3,2
2020-09-11,US,West Virginia,Randolph,229,2,0,38.769899,-79.87919615,54083.0,798.0484404948597,0.8733624454148472,227,228,2,0,226,228,28823,1,0,0,1,0
2020-09-11,US,West Virginia,Ritchie,9,0,0,39.18094587,-81.06356878,54085.0,94.20138162026377,0.0,9,9,0,0,9,6,9721,0,0,0,0,3
2020-09-11,US,West Virginia,Roane,38,1,0,38.71622686,-81.35243568,54087.0,277.61542957334893,2.631578947368421,37,37,1,0,36,37,13932,1,0,0,1,0
2020-09-11,US,West Virginia,Summers,25,0,0,37.65390597,-80.86009693,54089.0,198.83878151594692,0.0,25,22,0,0,22,22,12760,3,0,0,3,0
2020-09-11,US,West Virginia,Taylor,112,6,0,39.33602617,-80.0421439,54091.0,670.8595387840671,5.357142857142857,106,112,6,0,106,110,16862,0,0,0,0,2
2020-09-11,US,West Virginia,Tucker,15,0,0,39.11240885,-79.57053576,54093.0,219.33031144904226,0.0,15,13,0,0,13,13,6955,2,0,0,2,0
2020-09-11,US,West Virginia,Tyler,15,0,0,39.46811972,-80.88772676,54095.0,174.60132697008495,0.0,15,15,0,0,15,15,8746,0,0,0,0,0
2020-09-11,US,West Virginia,Upshur,57,0,0,38.89285061,-80.23689136,54097.0,235.771012574454,0.0,57,51,0,0,51,50,24415,6,0,0,6,1
2020-09-11,US,West Virginia,Wayne,307,10,0,38.14901357,-82.42287994,54099.0,779.1482665854526,3.2573289902280136,297,304,10,0,294,300,39944,3,0,0,3,4
2020-09-11,US,West Virginia,Webster,7,0,0,38.49370949,-80.4202023,54101.0,86.27064333251171,0.0,7,7,0,0,7,7,8285,0,0,0,0,0
2020-09-11,US,West Virginia,Wetzel,46,0,0,39.6065771,-80.64016540000001,54103.0,305.3435114503817,0.0,46,45,0,0,45,45,15270,1,0,0,1,0
2020-09-11,US,West Virginia,Wirt,8,0,0,39.02775007,-81.37473928,54105.0,137.4334306820134,0.0,8,8,0,0,8,8,5830,0,0,0,0,0
2020-09-11,US,West Virginia,Wood,329,5,0,39.20967886,-81.5162836,54107.0,393.9270576402691,1.5197568389057752,324,327,5,0,322,324,84203,2,0,0,2,3
2020-09-11,US,West Virginia,Wyoming,73,3,0,37.612327,-81.54511071,54109.0,357.94841620084327,4.109589041095891,70,75,4,0,71,73,20786,-2,-1,0,-1,2
2020-09-11,US,Wisconsin,Adams,154,3,0,43.96974651,-89.76782777,55001.0,761.6221562809102,1.9480519480519483,151,151,3,0,148,150,20348,3,0,0,3,1
2020-09-11,US,Wisconsin,Ashland,38,1,0,46.31956891,-90.67837132,55003.0,244.18455211412416,2.631578947368421,37,38,1,0,37,38,15600,0,0,0,0,0
2020-09-11,US,Wisconsin,Barron,394,4,0,45.42372701,-91.84833627,55005.0,870.8337017063036,1.0152284263959392,390,394,4,0,390,393,45164,0,0,0,0,1
2020-09-11,US,Wisconsin,Bayfield,66,1,0,46.52868768,-91.19716729,55007.0,438.9465283320032,1.5151515151515151,65,65,1,0,64,63,15042,1,0,0,1,2
2020-09-11,US,Wisconsin,Brown,6234,58,0,44.452655299999996,-88.00411844,55009.0,2356.5256178603017,0.9303817773500159,6176,6176,58,0,6118,6067,263378,58,0,0,58,109
2020-09-11,US,Wisconsin,Buffalo,99,2,0,44.37835084,-91.75332578,55011.0,759.7268053104136,2.0202020202020203,97,98,2,0,96,97,13125,1,0,0,1,1
2020-09-11,US,Wisconsin,Burnett,64,2,0,45.86303537,-92.36711412,55013.0,415.20695471649145,3.125,62,59,2,0,57,57,15392,5,0,0,5,2
2020-09-11,US,Wisconsin,Calumet,643,2,0,44.0816316,-88.21780273,55015.0,1283.7149873225658,0.3110419906687403,641,632,2,0,630,619,50159,11,0,0,11,13
2020-09-11,US,Wisconsin,Chippewa,403,0,0,45.06939744,-91.28068855,55017.0,623.2794085805314,0.0,403,395,0,0,395,389,64135,8,0,0,8,6
2020-09-11,US,Wisconsin,Clark,277,8,0,44.73483377,-90.61207486,55019.0,796.5721516075229,2.888086642599278,269,264,8,0,256,261,34709,13,0,0,13,3
2020-09-11,US,Wisconsin,Columbia,413,2,0,43.46492199,-89.33589004,55021.0,717.8613641104083,0.4842615012106538,411,411,2,0,409,400,57358,2,0,0,2,11
2020-09-11,US,Wisconsin,Crawford,124,0,0,43.23870316,-90.93073686,55023.0,768.7062178414234,0.0,124,121,0,0,121,121,16291,3,0,0,3,0
2020-09-11,US,Wisconsin,Dane,7254,41,0,43.06601594,-89.41733797,55025.0,1326.8824481657962,0.5652054039150813,7213,6971,41,0,6930,6489,542364,283,0,0,283,482
2020-09-11,US,Wisconsin,Dodge,1370,8,0,43.41576662,-88.70928178,55027.0,1559.671672036339,0.583941605839416,1362,1348,7,0,1341,1326,87847,22,1,0,21,22
2020-09-11,US,Wisconsin,Door,173,3,0,44.95856458,-87.30002707,55029.0,625.2710712736738,1.7341040462427746,170,165,3,0,162,157,27610,8,0,0,8,8
2020-09-11,US,Wisconsin,Douglas,306,0,0,46.43222285,-91.91595768,55031.0,709.1541135573581,0.0,306,298,0,0,298,297,43208,8,0,0,8,1
2020-09-11,US,Wisconsin,Dunn,224,0,0,44.94562799,-91.8962481,55033.0,493.7400811144419,0.0,224,215,0,0,215,208,45131,9,0,0,9,7
2020-09-11,US,Wisconsin,Eau Claire,1098,6,0,44.726614,-91.28609183,55035.0,1049.251763086979,0.5464480874316939,1092,1060,6,0,1054,1037,104534,38,0,0,38,23
2020-09-11,US,Wisconsin,Florence,37,0,0,45.84963535,-88.39804137,55037.0,861.4668218859139,0.0,37,34,0,0,34,31,4321,3,0,0,3,3
2020-09-11,US,Wisconsin,Fond du Lac,1380,12,0,43.75354908,-88.48885325,55039.0,1334.5841029757355,0.8695652173913043,1368,1340,12,0,1328,1304,103066,40,0,0,40,36
2020-09-11,US,Wisconsin,Forest,129,4,0,45.66678019,-88.77084892,55041.0,1432.6965792980895,3.1007751937984502,125,119,4,0,115,116,8991,10,0,0,10,3
2020-09-11,US,Wisconsin,Grant,546,19,0,42.8671731,-90.7063218,55043.0,1061.4514279048974,3.47985347985348,527,528,19,0,509,499,51554,18,0,0,18,29
2020-09-11,US,Wisconsin,Green,332,2,0,42.6794956,-89.60243287,55045.0,898.2683982683983,0.6024096385542169,330,322,2,0,320,316,36929,10,0,0,10,6
2020-09-11,US,Wisconsin,Green Lake,122,0,0,43.80025981,-89.04679553,55047.0,645.0589541585152,0.0,122,115,0,0,115,114,18918,7,0,0,7,1
2020-09-11,US,Wisconsin,Iowa,128,0,0,43.00050278,-90.13469017,55049.0,540.5861981586281,0.0,128,129,0,0,129,125,23771,-1,0,0,-1,4
2020-09-11,US,Wisconsin,Iron,132,1,0,46.26302338,-90.24295041,55051.0,2321.0831721470017,0.7575757575757576,131,132,1,0,131,131,5676,0,0,0,0,1
2020-09-11,US,Wisconsin,Jackson,87,1,0,44.31864893,-90.80566792,55053.0,421.4503705856706,1.1494252873563218,86,86,1,0,85,77,20478,1,0,0,1,9
2020-09-11,US,Wisconsin,Jefferson,1032,7,0,43.02054068,-88.77529134,55055.0,1217.4261817409667,0.6782945736434108,1025,1026,7,0,1019,1007,85129,6,0,0,6,19
2020-09-11,US,Wisconsin,Juneau,261,1,0,43.92456975,-90.11120239,55057.0,978.0042717427963,0.3831417624521073,260,259,1,0,258,255,26617,2,0,0,2,4
2020-09-11,US,Wisconsin,Kenosha,3103,64,0,42.57639354,-88.04051686,55059.0,1830.019874853297,2.06252014179826,3039,3091,64,0,3027,3074,169290,12,0,0,12,17
2020-09-11,US,Wisconsin,Kewaunee,241,2,0,44.51727459,-87.61468386,55061.0,1179.4068709014387,0.8298755186721992,239,232,2,0,230,224,20383,9,0,0,9,8
2020-09-11,US,Wisconsin,La Crosse,1523,2,0,43.90632465,-91.11451093,55063.0,1290.5029826464208,0.1313197636244255,1521,1445,2,0,1443,1370,118230,78,0,0,78,75
2020-09-11,US,Wisconsin,Lafayette,189,0,0,42.66005229,-90.1317729,55065.0,1134.1134113411342,0.0,189,188,0,0,188,188,16665,1,0,0,1,0
2020-09-11,US,Wisconsin,Langlade,93,2,0,45.26271619,-89.07483625,55067.0,484.6526655896607,2.150537634408602,91,91,2,0,89,90,19268,2,0,0,2,1
2020-09-11,US,Wisconsin,Lincoln,99,1,0,45.33737523,-89.73411273,55069.0,358.786648787736,1.0101010101010102,98,97,1,0,96,96,27689,2,0,0,2,1
2020-09-11,US,Wisconsin,Manitowoc,664,2,0,44.11946801,-87.80928853,55071.0,840.7085248350868,0.3012048192771085,662,644,2,0,642,632,79074,20,0,0,20,12
2020-09-11,US,Wisconsin,Marathon,854,14,0,44.89792533,-89.75863384,55073.0,629.3665065000147,1.639344262295082,840,842,14,0,828,833,135428,12,0,0,12,9
2020-09-11,US,Wisconsin,Marinette,655,7,0,45.38553432,-88.03324599999998,55075.0,1623.2961586121435,1.068702290076336,648,647,7,0,640,647,40434,8,0,0,8,0
2020-09-11,US,Wisconsin,Marquette,128,1,0,43.81911946,-89.40073763,55077.0,821.8826248876333,0.78125,127,121,1,0,120,118,15434,7,0,0,7,3
2020-09-11,US,Wisconsin,Menominee,31,0,0,45.00422544,-88.70950714,55078.0,680.4214223002632,0.0,31,30,0,0,30,30,4658,1,0,0,1,0
2020-09-11,US,Wisconsin,Milwaukee,25283,510,0,43.00486062,-87.96733172,55079.0,2673.3958884497197,2.0171656844520034,24773,25159,509,0,24650,25014,948201,124,1,0,123,145
2020-09-11,US,Wisconsin,Monroe,314,2,0,43.94641218,-90.61881899999999,55081.0,678.8748837913216,0.6369426751592356,312,309,2,0,307,303,46051,5,0,0,5,6
2020-09-11,US,Wisconsin,Oconto,534,4,0,45.02715345,-88.26807503,55083.0,1407.8565779066705,0.7490636704119851,530,519,4,0,515,509,37830,15,0,0,15,10
2020-09-11,US,Wisconsin,Oneida,254,1,0,45.70677897,-89.51944105,55085.0,713.5833684506251,0.3937007874015748,253,249,1,0,248,241,35470,5,0,0,5,8
2020-09-11,US,Wisconsin,Outagamie,2565,24,0,44.41578887,-88.46565023,55087.0,1365.196795912393,0.935672514619883,2541,2476,24,0,2452,2407,187365,89,0,0,89,69
2020-09-11,US,Wisconsin,Ozaukee,1048,18,0,43.38352225,-87.94625009,55089.0,1174.611358312505,1.717557251908397,1030,1039,18,0,1021,1030,89147,9,0,0,9,9
2020-09-11,US,Wisconsin,Pepin,51,0,0,44.58307413,-91.99949611,55091.0,699.876492383697,0.0,51,48,0,0,48,48,7289,3,0,0,3,0
2020-09-11,US,Wisconsin,Pierce,321,6,0,44.71850291,-92.4224416,55093.0,750.8069420405109,1.8691588785046729,315,317,6,0,311,314,42555,4,0,0,4,3
2020-09-11,US,Wisconsin,Polk,200,2,0,45.46130348,-92.44182875,55095.0,456.79830071032137,1.0,198,188,2,0,186,189,43598,12,0,0,12,-1
2020-09-11,US,Wisconsin,Portage,846,3,0,44.47558711,-89.50152965,55097.0,1195.3880065562653,0.3546099290780142,843,824,3,0,821,793,70942,22,0,0,22,31
2020-09-11,US,Wisconsin,Price,37,0,0,45.68051754,-90.36098879999999,55099.0,277.1327990412703,0.0,37,36,0,0,36,36,13397,1,0,0,1,0
2020-09-11,US,Wisconsin,Racine,4226,92,0,42.74753117,-88.05941254,55101.0,2152.7066746132414,2.176999526739233,4134,4213,92,0,4121,4193,196584,13,0,0,13,20
2020-09-11,US,Wisconsin,Richland,65,4,0,43.3762778,-90.43012729,55103.0,376.7679109668444,6.153846153846153,61,63,4,0,59,61,17377,2,0,0,2,2
2020-09-11,US,Wisconsin,Rock,1959,29,0,42.67151616,-89.07147900000002,55105.0,1199.2360150348322,1.4803471158754469,1930,1926,29,0,1897,1875,163129,33,0,0,33,51
2020-09-11,US,Wisconsin,Rusk,35,1,0,45.47498854,-91.1333012,55107.0,246.86133446184232,2.8571428571428568,34,31,1,0,30,30,14147,4,0,0,4,1
2020-09-11,US,Wisconsin,Sauk,698,3,0,43.42574087,-89.94966132,55111.0,1083.1445330684958,0.4297994269340974,695,691,3,0,688,683,64249,7,0,0,7,8
2020-09-11,US,Wisconsin,Sawyer,170,1,0,45.87931905,-91.14504927,55113.0,1026.694045174538,0.5882352941176471,169,169,1,0,168,167,16489,1,0,0,1,2
2020-09-11,US,Wisconsin,Shawano,370,0,0,44.78902246,-88.76443896,55115.0,904.667595784738,0.0,370,363,0,0,363,352,40796,7,0,0,7,11
2020-09-11,US,Wisconsin,Sheboygan,1210,10,0,43.72099677,-87.94579284,55117.0,1049.0723079590775,0.8264462809917356,1200,1199,10,0,1189,1192,115456,11,0,0,11,7
2020-09-11,US,Wisconsin,St. Croix,707,7,0,45.03437474,-92.45000068,55109.0,779.6045739742191,0.99009900990099,700,701,7,0,694,688,89694,6,0,0,6,13
2020-09-11,US,Wisconsin,Taylor,128,3,0,45.21179252,-90.5004405,55119.0,629.2090645430861,2.34375,125,127,3,0,124,123,20412,1,0,0,1,4
2020-09-11,US,Wisconsin,Trempealeau,452,2,0,44.30360275,-91.35893614,55121.0,1524.5033559310598,0.4424778761061947,450,448,2,0,446,445,29442,4,0,0,4,3
2020-09-11,US,Wisconsin,Vernon,132,0,0,43.59422667,-90.8324691,55123.0,428.2655246252677,0.0,132,123,0,0,123,119,30785,9,0,0,9,4
2020-09-11,US,Wisconsin,Vilas,136,1,0,46.05467334,-89.51719204,55125.0,612.7506195088984,0.7352941176470589,135,136,0,0,136,136,21938,0,1,0,-1,0
2020-09-11,US,Wisconsin,Walworth,2003,32,0,42.66858202,-88.54163073,55127.0,1928.4091346709286,1.5976035946080878,1971,1966,32,0,1934,1880,103718,37,0,0,37,86
2020-09-11,US,Wisconsin,Washburn,79,1,0,45.89838588,-91.79050449,55129.0,502.54452926208654,1.2658227848101269,78,78,0,0,78,77,15878,1,1,0,0,1
2020-09-11,US,Wisconsin,Washington,1880,31,0,43.36863664,-88.22974712,55131.0,1382.0074393166415,1.6489361702127658,1849,1844,31,0,1813,1826,135693,36,0,0,36,18
2020-09-11,US,Wisconsin,Waukesha,6011,81,0,43.01833055,-88.30431188,55133.0,1487.1424400912424,1.3475295291964728,5930,5941,81,0,5860,5886,403072,70,0,0,70,55
2020-09-11,US,Wisconsin,Waupaca,798,19,0,44.47068056,-88.96534501,55135.0,1565.0127475975683,2.380952380952381,779,789,19,0,770,783,51128,9,0,0,9,6
2020-09-11,US,Wisconsin,Waushara,222,2,0,44.11324419,-89.24317107,55137.0,908.2354866423924,0.9009009009009008,220,211,2,0,209,202,24263,11,0,0,11,9
2020-09-11,US,Wisconsin,Winnebago,1861,22,0,44.06886922,-88.64477096,55139.0,1082.5620829867312,1.1821601289629229,1839,1778,22,0,1756,1748,171020,83,0,0,83,30
2020-09-11,US,Wisconsin,Wood,555,3,0,44.45537896,-90.04158336,55141.0,760.2843874573624,0.5405405405405406,552,541,3,0,538,538,73055,14,0,0,14,3
2020-09-11,US,Wyoming,Albany,217,0,0,41.65498705,-105.72354150000001,56001.0,558.1275720164609,0.0,217,212,0,0,212,208,38601,5,0,0,5,4
2020-09-11,US,Wyoming,Big Horn,51,1,0,44.52405055,-107.9960365,56003.0,432.5699745547074,1.96078431372549,50,51,1,0,50,51,11881,0,0,0,0,0
2020-09-11,US,Wyoming,Campbell,218,1,0,44.24886082,-105.54744040000001,56005.0,470.42575688914803,0.4587155963302753,217,214,1,0,213,213,46140,4,0,0,4,1
2020-09-11,US,Wyoming,Carbon,195,2,0,41.69357844,-106.9326084,56007.0,1317.5675675675675,1.0256410256410255,193,193,2,0,191,193,14971,2,0,0,2,0
2020-09-11,US,Wyoming,Converse,60,0,0,42.97272268,-105.5081848,56009.0,434.0905802344089,0.0,60,59,0,0,59,54,13640,1,0,0,1,5
2020-09-11,US,Wyoming,Crook,20,0,0,44.58855102,-104.56977049999999,56011.0,263.71308016877634,0.0,20,17,0,0,17,15,7450,3,0,0,3,2
2020-09-11,US,Wyoming,Fremont,619,14,0,43.04183996,-108.6296893,56013.0,1576.6282061078425,2.261712439418417,605,616,14,0,602,614,39531,3,0,0,3,2
2020-09-11,US,Wyoming,Goshen,69,1,0,42.08798185,-104.3534743,56015.0,522.2920293694648,1.4492753623188406,68,69,1,0,68,68,13376,0,0,0,0,1
2020-09-11,US,Wyoming,Hot Springs,30,0,0,43.71930657,-108.44231740000001,56017.0,679.8096532970767,0.0,30,31,0,0,31,31,4555,-1,0,0,-1,0
2020-09-11,US,Wyoming,Johnson,29,1,0,44.04057166,-106.58451740000001,56019.0,343.3984606275903,3.4482758620689653,28,29,1,0,28,29,8460,0,0,0,0,0
2020-09-11,US,Wyoming,Laramie,616,4,0,41.30702520000001,-104.6887497,56021.0,619.0954773869347,0.6493506493506493,612,604,4,0,600,597,98976,12,0,0,12,7
2020-09-11,US,Wyoming,Lincoln,123,1,0,42.26376367,-110.6563997,56023.0,620.2723146747353,0.8130081300813008,122,121,1,0,120,120,19434,2,0,0,2,1
2020-09-11,US,Wyoming,Natrona,347,2,0,42.96180148,-106.79788500000001,56025.0,434.5212752635929,0.5763688760806917,345,335,2,0,333,330,79115,12,0,0,12,5
2020-09-11,US,Wyoming,Niobrara,3,0,0,43.05607708,-104.47588959999999,56027.0,127.33446519524618,0.0,3,3,0,0,3,3,2388,0,0,0,0,0
2020-09-11,US,Wyoming,Park,184,1,0,44.52157546,-109.58528249999999,56029.0,630.2664931150236,0.5434782608695652,183,182,1,0,181,179,29324,2,0,0,2,3
2020-09-11,US,Wyoming,Platte,9,1,0,42.13299116,-104.96633100000001,56031.0,107.23221732396044,11.111111111111109,8,7,1,0,6,7,8566,2,0,0,2,0
2020-09-11,US,Wyoming,Sheridan,197,1,0,44.79048913,-106.8862389,56033.0,646.2194521896015,0.5076142131979695,196,191,1,0,190,182,30233,6,0,0,6,9
2020-09-11,US,Wyoming,Sublette,53,1,0,42.76558279,-109.91309220000001,56035.0,539.1109754857084,1.8867924528301887,52,51,1,0,50,51,9813,2,0,0,2,0
2020-09-11,US,Wyoming,Sweetwater,320,2,0,41.65943896,-108.8827882,56037.0,755.7329428713127,0.625,318,319,2,0,317,316,43051,1,0,0,1,3
2020-09-11,US,Wyoming,Teton,462,1,0,43.93522482,-110.5890801,56039.0,1968.9737470167065,0.21645021645021645,461,453,1,0,452,451,23081,9,0,0,9,2
2020-09-11,US,Wyoming,Uinta,310,2,0,41.2878183,-110.54757820000002,56041.0,1532.6807079996045,0.6451612903225806,308,310,2,0,308,308,20299,0,0,0,0,2
2020-09-11,US,Wyoming,Washakie,111,6,0,43.90451606,-107.68018700000002,56043.0,1422.1652786675209,5.405405405405406,105,111,6,0,105,111,7885,0,0,0,0,0
2020-09-11,US,Wyoming,Weston,21,0,0,43.83961191,-104.56748809999999,56045.0,303.161541792984,0.0,21,21,0,0,21,21,6967,0,0,0,0,0
