Date,Country/Region,Province/State,Admin2,Confirmed,Deaths,Recovered,Latitude,Longitude,FIPS,Incidence_Rate,Case-Fatality_Ratio,Active Cases,Previous Confirmed,Previous Deaths,Previous Recovered,Previous Active,Prev2 Confirmed,Population,Daily Confirmed,Daily Deaths,Daily Recovered,Daily Active,Previous Daily Confirmed
2020-08-29,US,Alabama,Autauga,1309,22,0,32.53952745,-86.64408227,1001.0,2342.980901752313,1.680672268907563,1287,1296,22,0,1274,1284,55601,13,0,0,13,12
2020-08-29,US,Alabama,Baldwin,4307,36,0,30.72774991,-87.72207058,1003.0,1929.3655984303464,0.8358486185279778,4271,4230,35,0,4195,4199,218022,77,1,0,76,31
2020-08-29,US,Alabama,Barbour,624,7,0,31.868263,-85.3871286,1005.0,2527.74852142915,1.1217948717948718,617,620,7,0,613,614,24881,4,0,0,4,6
2020-08-29,US,Alabama,Bibb,523,6,0,32.99642064,-87.12511459999996,1007.0,2335.446994730732,1.147227533460803,517,517,5,0,512,515,22400,6,1,0,5,2
2020-08-29,US,Alabama,Blount,1004,9,0,33.98210918,-86.56790593,1009.0,1736.243212395808,0.896414342629482,995,983,9,0,974,979,57840,21,0,0,21,4
2020-08-29,US,Alabama,Bullock,535,13,0,32.10030533,-85.71265535,1011.0,5296.505296505296,2.4299065420560746,522,530,13,0,517,527,10138,5,0,0,5,3
2020-08-29,US,Alabama,Butler,827,36,0,31.75300095,-86.68057478,1013.0,4252.365281777046,4.353083434099154,791,814,36,0,778,813,19680,13,0,0,13,1
2020-08-29,US,Alabama,Calhoun,2316,29,0,33.77483727,-85.82630386,1015.0,2038.642665375644,1.2521588946459412,2287,2255,27,0,2228,2225,114277,61,2,0,59,30
2020-08-29,US,Alabama,Chambers,867,39,0,32.91360079,-85.39072749,1017.0,2607.2051482528423,4.498269896193771,828,863,39,0,824,860,33615,4,0,0,4,3
2020-08-29,US,Alabama,Cherokee,341,11,0,34.17805983,-85.60638968,1019.0,1301.7254542678272,3.2258064516129035,330,336,11,0,325,336,26032,5,0,0,5,0
2020-08-29,US,Alabama,Chilton,1036,10,0,32.85044126,-86.7173256,1021.0,2331.862789232016,0.9652509652509652,1026,1007,10,0,997,983,44153,29,0,0,29,24
2020-08-29,US,Alabama,Choctaw,316,12,0,32.02227341,-88.26564429999998,1023.0,2510.1278894272778,3.79746835443038,304,314,12,0,302,314,12841,2,0,0,2,0
2020-08-29,US,Alabama,Clarke,914,13,0,31.68099859,-87.83548597,1025.0,3869.274405215477,1.4223194748358865,901,902,12,0,890,900,23920,12,1,0,11,2
2020-08-29,US,Alabama,Clay,342,6,0,33.26984193,-85.85836077,1027.0,2584.0574234983,1.7543859649122806,336,338,6,0,332,329,13275,4,0,0,4,9
2020-08-29,US,Alabama,Cleburne,200,5,0,33.67679204,-85.52005899,1029.0,1341.3816230717641,2.5,195,197,4,0,193,193,14987,3,1,0,2,4
2020-08-29,US,Alabama,Coffee,948,5,0,31.39932826,-85.98901039,1031.0,1811.1650299950327,0.5274261603375527,943,924,5,0,919,914,51909,24,0,0,24,10
2020-08-29,US,Alabama,Colbert,1418,22,0,34.69847452,-87.80168544,1033.0,2566.933980195869,1.5514809590973202,1396,1393,21,0,1372,1381,54762,25,1,0,24,12
2020-08-29,US,Alabama,Conecuh,434,11,0,31.43401703,-86.99320044,1035.0,3596.585729675976,2.5345622119815667,423,434,11,0,423,432,12277,0,0,0,0,2
2020-08-29,US,Alabama,Coosa,109,3,0,32.93690146,-86.24847739,1037.0,1022.2263903216733,2.7522935779816518,106,108,3,0,105,108,10715,1,0,0,1,0
2020-08-29,US,Alabama,Covington,809,24,0,31.247785399999998,-86.45050893,1039.0,2183.5946989122517,2.9666254635352285,785,805,24,0,781,800,36986,4,0,0,4,5
2020-08-29,US,Alabama,Crenshaw,388,26,0,31.72941803,-86.31593104,1041.0,2817.310485042114,6.7010309278350535,362,378,20,0,358,376,13824,10,6,0,4,2
2020-08-29,US,Alabama,Cullman,1424,12,0,34.13020303,-86.86888037,1043.0,1699.9331486963995,0.8426966292134831,1412,1396,11,0,1385,1387,83442,28,1,0,27,9
2020-08-29,US,Alabama,Dale,1002,37,0,31.43037123,-85.61095742,1045.0,2037.7450581631824,3.6926147704590817,965,986,36,0,950,983,48956,16,1,0,15,3
2020-08-29,US,Alabama,Dallas,1412,25,0,32.32688101,-87.10866709999998,1047.0,3796.107108291214,1.7705382436260624,1387,1405,25,0,1380,1400,38310,7,0,0,7,5
2020-08-29,US,Alabama,DeKalb,2044,14,0,34.45946862,-85.80782906,1049.0,2858.2215820899696,0.6849315068493149,2030,2035,14,0,2021,2026,71385,9,0,0,9,9
2020-08-29,US,Alabama,Elmore,1992,42,0,32.59785413,-86.14415284,1051.0,2452.9300939551035,2.108433734939759,1950,1966,42,0,1924,1950,81887,26,0,0,26,16
2020-08-29,US,Alabama,Escambia,1209,22,0,31.1256789,-87.15918694,1053.0,3300.303005486856,1.8196856906534329,1187,1199,22,0,1177,1190,36748,10,0,0,10,9
2020-08-29,US,Alabama,Etowah,2644,39,0,34.04567266,-86.04051873,1055.0,2585.363945711269,1.4750378214826017,2605,2600,39,0,2561,2578,102501,44,0,0,44,22
2020-08-29,US,Alabama,Fayette,284,6,0,33.72076938,-87.73886638,1057.0,1742.1175315912158,2.112676056338028,278,282,6,0,276,276,16433,2,0,0,2,6
2020-08-29,US,Alabama,Franklin,1528,27,0,34.44235334,-87.84289505,1059.0,4872.1382564887435,1.7670157068062826,1501,1504,26,0,1478,1475,31363,24,1,0,23,29
2020-08-29,US,Alabama,Geneva,375,3,0,31.09389027,-85.83572839,1061.0,1427.429484983442,0.8,372,370,3,0,367,367,26314,5,0,0,5,3
2020-08-29,US,Alabama,Greene,274,15,0,32.85504247,-87.95684022,1063.0,3378.128467513254,5.474452554744525,259,275,14,0,261,274,8233,-1,1,0,-2,1
2020-08-29,US,Alabama,Hale,527,27,0,32.76039258,-87.63284988,1065.0,3597.024093918504,5.123339658444023,500,522,27,0,495,521,14726,5,0,0,5,1
2020-08-29,US,Alabama,Henry,319,3,0,31.51148016,-85.24267944,1067.0,1854.1121766928213,0.9404388714733544,316,314,3,0,311,312,17209,5,0,0,5,2
2020-08-29,US,Alabama,Houston,1807,14,0,31.15197924,-85.29939599,1069.0,1706.6167998337771,0.774764803541782,1793,1785,14,0,1771,1766,104722,22,0,0,22,19
2020-08-29,US,Alabama,Jackson,1258,7,0,34.78144169,-85.99750489,1071.0,2436.7566729942278,0.5564387917329093,1251,1247,7,0,1240,1237,51736,11,0,0,11,10
2020-08-29,US,Alabama,Jefferson,15591,299,0,33.55554728,-86.89506300000002,1073.0,2367.3913142506603,1.91777307420948,15292,15325,286,0,15039,15175,659300,266,13,0,253,150
2020-08-29,US,Alabama,Lamar,268,2,0,33.77995024,-88.09668032,1075.0,1941.325606664252,0.746268656716418,266,266,2,0,264,266,13844,2,0,0,2,0
2020-08-29,US,Alabama,Lauderdale,1398,23,0,34.90171875,-87.65624729,1077.0,1507.618975724962,1.6452074391988556,1375,1384,23,0,1361,1373,92387,14,0,0,14,11
2020-08-29,US,Alabama,Lawrence,442,5,0,34.52041498,-87.31069453,1079.0,1342.4857246993076,1.1312217194570136,437,433,5,0,428,432,32957,9,0,0,9,1
2020-08-29,US,Alabama,Lee,3200,48,0,32.60154883,-85.35132246,1081.0,1944.7922111071946,1.5,3152,3091,48,0,3043,3031,163941,109,0,0,109,60
2020-08-29,US,Alabama,Limestone,1618,15,0,34.81185586,-86.98310072,1083.0,1635.7478643279583,0.927070457354759,1603,1596,14,0,1582,1591,96174,22,1,0,21,5
2020-08-29,US,Alabama,Lowndes,599,24,0,32.1597283,-86.65158371,1085.0,6158.749742957021,4.006677796327212,575,593,24,0,569,590,9974,6,0,0,6,3
2020-08-29,US,Alabama,Macon,390,17,0,32.38759944,-85.69267724,1087.0,2158.5122869160946,4.3589743589743595,373,383,16,0,367,381,18439,7,1,0,6,2
2020-08-29,US,Alabama,Madison,6163,47,0,34.76327133,-86.55069633,1089.0,1652.6820216192154,0.7626156092811942,6116,6088,46,0,6042,6048,366519,75,1,0,74,40
2020-08-29,US,Alabama,Marengo,623,17,0,32.24767634,-87.78796182,1091.0,3302.762020887452,2.7287319422150884,606,620,17,0,603,621,19066,3,0,0,3,-1
2020-08-29,US,Alabama,Marion,709,28,0,34.13697363,-87.88704173,1093.0,2386.482210777879,3.9492242595204514,681,699,28,0,671,691,29763,10,0,0,10,8
2020-08-29,US,Alabama,Marshall,3471,41,0,34.36975964,-86.30486727,1095.0,3586.707173414347,1.1812157879573608,3430,3457,41,0,3416,3441,96109,14,0,0,14,16
2020-08-29,US,Alabama,Mobile,11921,251,0,30.78472347,-88.20842409,1097.0,2884.973742165001,2.105528059726533,11670,11830,250,0,11580,11778,413757,91,1,0,90,52
2020-08-29,US,Alabama,Monroe,443,6,0,31.56729412,-87.36995001,1099.0,2136.690300487146,1.3544018058690743,437,443,6,0,437,439,21067,0,0,0,0,4
2020-08-29,US,Alabama,Montgomery,7650,160,0,32.2206831,-86.20969272,1101.0,3377.692219386629,2.0915032679738563,7490,7582,159,0,7423,7551,225763,68,1,0,67,31
2020-08-29,US,Alabama,Morgan,2777,22,0,34.45500589,-86.85475946,1103.0,2320.373666223815,0.7922218221101909,2755,2742,22,0,2720,2723,119089,35,0,0,35,19
2020-08-29,US,Alabama,Perry,477,5,0,32.64048341,-87.29770589,1105.0,5345.735739101198,1.0482180293501049,472,477,5,0,472,473,9140,0,0,0,0,4
2020-08-29,US,Alabama,Pickens,526,10,0,33.28094866,-88.08818103,1107.0,2639.2373306573004,1.9011406844106464,516,515,10,0,505,511,19938,11,0,0,11,4
2020-08-29,US,Alabama,Pike,817,7,0,31.80396383,-85.9408295,1109.0,2467.234402367579,0.8567931456548348,810,814,7,0,807,809,33338,3,0,0,3,5
2020-08-29,US,Alabama,Randolph,460,11,0,33.29526734,-85.45708831,1111.0,2024.4696769650561,2.391304347826087,449,458,11,0,447,456,22725,2,0,0,2,2
2020-08-29,US,Alabama,Russell,1531,2,0,32.28725256,-85.18415324,1113.0,2641.431307258329,0.13063357282821686,1529,1512,2,0,1510,1507,57781,19,0,0,19,5
2020-08-29,US,Alabama,Shelby,3925,42,0,33.26879845,-86.66232561,1117.0,1802.923262073844,1.070063694267516,3883,3824,40,0,3784,3758,215707,101,2,0,99,66
2020-08-29,US,Alabama,St. Clair,1621,27,0,33.71902176,-86.31029372,1115.0,1810.9303780498706,1.6656384947563232,1594,1604,26,0,1578,1577,88690,17,1,0,16,27
2020-08-29,US,Alabama,Sumter,395,19,0,32.59117397,-88.19916205,1119.0,3178.562806791663,4.810126582278482,376,395,19,0,376,393,12691,0,0,0,0,2
2020-08-29,US,Alabama,Talladega,1282,17,0,33.37823223,-86.16886178,1121.0,1602.9408087223987,1.326053042121685,1265,1232,17,0,1215,1224,79828,50,0,0,50,8
2020-08-29,US,Alabama,Tallapoosa,922,81,0,32.86698258,-85.79833053,1123.0,2284.043897242797,8.785249457700651,841,915,81,0,834,911,40497,7,0,0,7,4
2020-08-29,US,Alabama,Tuscaloosa,5080,89,0,33.28726072,-87.52556818,1125.0,2426.5004418332496,1.751968503937008,4991,5024,87,0,4937,4954,208911,56,2,0,54,70
2020-08-29,US,Alabama,Unassigned,8605,93,0,0.0,0.0,90001.0,0.0,1.0807669959325974,8512,8462,90,0,8372,8229,,143,3,0,140,233
2020-08-29,US,Alabama,Walker,1808,72,0,33.80270512,-87.30027177,1127.0,2846.3027975000405,3.9823008849557517,1736,1790,70,0,1720,1776,63711,18,2,0,16,14
2020-08-29,US,Alabama,Washington,495,13,0,31.4092794,-88.20689944,1129.0,3031.973539140023,2.6262626262626263,482,492,13,0,479,492,16378,3,0,0,3,0
2020-08-29,US,Alabama,Wilcox,478,10,0,31.98773215,-87.30891118,1131.0,4608.117227417333,2.092050209205021,468,478,10,0,468,476,10627,0,0,0,0,2
2020-08-29,US,Alabama,Winston,538,11,0,34.15030532,-87.37325922,1133.0,2276.8631766050194,2.044609665427509,527,531,11,0,520,522,23660,7,0,0,7,9
2020-08-29,US,Alaska,Aleutians East,2,0,0,55.32222414,-161.9722021,2013.0,59.93407252022774,0.0,2,2,0,0,2,2,3515,0,0,0,0,0
2020-08-29,US,Alaska,Aleutians West,7,0,0,52.3233,-174.1596,2016.0,124.24565140220093,0.0,7,6,0,0,6,6,5723,1,0,0,1,0
2020-08-29,US,Alaska,Anchorage,2963,21,0,61.14998174,-149.14269860000005,2020.0,1028.8194444444443,0.7087411407357408,2942,2897,21,0,2876,2819,291538,66,0,0,66,78
2020-08-29,US,Alaska,Bethel,57,1,0,60.90980451,-159.8561831,2050.0,310.0184923311215,1.7543859649122806,56,58,1,0,57,55,18216,-1,0,0,-1,3
2020-08-29,US,Alaska,Bristol Bay,10,0,0,58.74513976,-156.701064,2060.0,1196.1722488038274,0.0,10,11,0,0,11,11,877,-1,0,0,-1,0
2020-08-29,US,Alaska,Denali,1,0,0,63.67264044,-150.0076108,2068.0,47.687172150691474,0.0,1,1,0,0,1,1,2059,0,0,0,0,0
2020-08-29,US,Alaska,Dillingham,5,0,0,59.79603738,-158.23819419999995,2070.0,101.70870626525631,0.0,5,5,0,0,5,5,5000,0,0,0,0,0
2020-08-29,US,Alaska,Fairbanks North Star,620,8,0,64.80726247,-146.5692662,2090.0,640.1718138545571,1.2903225806451613,612,607,8,0,599,590,98971,13,0,0,13,17
2020-08-29,US,Alaska,Haines,5,0,0,59.09893571,-135.4679843,2100.0,197.6284584980237,0.0,5,5,0,0,5,5,2474,0,0,0,0,0
2020-08-29,US,Alaska,Juneau,171,1,0,58.45031811,-134.200436,2110.0,534.8095327453556,0.5847953216374269,170,171,1,0,170,168,32113,0,0,0,0,3
2020-08-29,US,Alaska,Kenai Peninsula,407,2,0,60.24429722,-151.53888840000005,2122.0,693.2615657150644,0.4914004914004914,405,406,2,0,404,406,58533,1,0,0,1,0
2020-08-29,US,Alaska,Ketchikan Gateway,44,0,0,55.57445008,-130.975561,2130.0,316.52399107977845,0.0,44,44,0,0,44,43,13918,0,0,0,0,1
2020-08-29,US,Alaska,Kodiak Island,14,0,0,57.65529415,-153.7493579,2150.0,107.70887828896757,0.0,14,14,0,0,14,14,13345,0,0,0,0,0
2020-08-29,US,Alaska,Kusilvak,8,0,0,62.15429159999999,-163.39678830000003,2158.0,96.22323791195574,0.0,8,8,0,0,8,8,8303,0,0,0,0,0
2020-08-29,US,Alaska,Matanuska-Susitna,470,2,0,62.31305045,-149.5741743,2170.0,433.91157436044205,0.425531914893617,468,469,2,0,467,466,107610,1,0,0,1,3
2020-08-29,US,Alaska,Nome,36,0,0,64.90320724,-164.0353804,2180.0,359.85605757696925,0.0,36,35,0,0,35,32,10008,1,0,0,1,3
2020-08-29,US,Alaska,North Slope,36,0,0,69.31479216,-153.4836093,2185.0,366.15134255492273,0.0,36,37,0,0,37,35,9872,-1,0,0,-1,2
2020-08-29,US,Alaska,Northwest Arctic,65,0,0,67.04919196,-159.7503946,2188.0,852.906442724052,0.0,65,65,0,0,65,65,7671,0,0,0,0,0
2020-08-29,US,Alaska,Petersburg,7,1,0,57.13978948,-132.9540995,2195.0,214.32945499081444,14.285714285714285,6,7,1,0,6,7,3221,0,0,0,0,0
2020-08-29,US,Alaska,Prince of Wales-Hyder,23,0,0,55.76261984,-133.0511621,2198.0,370.78832822827667,0.0,23,23,0,0,23,21,6422,0,0,0,0,2
2020-08-29,US,Alaska,Sitka,38,0,0,57.24124555,-135.3206587,2220.0,447.42729306487695,0.0,38,36,0,0,36,35,8647,2,0,0,2,1
2020-08-29,US,Alaska,Southeast Fairbanks,18,0,0,63.87692095,-143.2127643,2240.0,261.13448425939356,0.0,18,18,0,0,18,18,6918,0,0,0,0,0
2020-08-29,US,Alaska,Unassigned,2,0,0,0.0,0.0,90002.0,0.0,0.0,2,4,0,0,4,3,,-2,0,0,-2,1
2020-08-29,US,Alaska,Valdez-Cordova,73,0,0,61.47502768,-144.7126799,2261.0,793.3058030862856,0.0,73,72,0,0,72,71,9164,1,0,0,1,1
2020-08-29,US,Alaska,Wrangell,11,0,0,56.3202004,-132.05837309999998,2275.0,439.6482813749002,0.0,11,10,0,0,10,10,2503,1,0,0,1,0
2020-08-29,US,Alaska,Yakutat,18,0,0,59.890980799999994,-140.36014509999998,2282.0,3108.8082901554412,0.0,18,12,0,0,12,11,604,6,0,0,6,1
2020-08-29,US,Alaska,Yukon-Koyukuk,71,1,0,65.50815459,-151.39073869999999,2290.0,1357.5525812619505,1.4084507042253518,70,69,1,0,68,67,5327,2,0,0,2,2
2020-08-29,US,Arizona,Apache,3340,154,0,35.39465006,-109.4892383,4001.0,4646.180811551461,4.610778443113771,3186,3329,153,0,3176,3323,71818,11,1,0,10,6
2020-08-29,US,Arizona,Cochise,1815,60,0,31.87934684,-109.7516088,4003.0,1441.3684661933578,3.3057851239669422,1755,1809,59,0,1750,1805,126770,6,1,0,5,4
2020-08-29,US,Arizona,Coconino,3311,125,0,35.83883429,-111.77071780000001,4005.0,2307.703030471995,3.775294472968892,3186,3287,124,0,3163,3269,142854,24,1,0,23,18
2020-08-29,US,Arizona,Gila,1104,47,0,33.80190085,-110.8132779,4007.0,2043.7631900477616,4.257246376811594,1057,1101,47,0,1054,1095,53889,3,0,0,3,6
2020-08-29,US,Arizona,Graham,714,22,0,32.93166885,-109.8882178,4009.0,1838.4530216031103,3.0812324929971986,692,707,22,0,685,702,38072,7,0,0,7,5
2020-08-29,US,Arizona,Greenlee,58,1,0,33.21498827,-109.2405279,4011.0,610.6548747104654,1.7241379310344829,57,58,1,0,57,58,9483,0,0,0,0,0
2020-08-29,US,Arizona,La Paz,498,15,0,33.72854224,-113.98100290000001,4012.0,2359.295054007959,3.0120481927710845,483,498,15,0,483,498,21098,0,0,0,0,0
2020-08-29,US,Arizona,Maricopa,133389,2950,0,33.34835867,-112.49181540000001,4013.0,2973.8392041403536,2.2115766667416348,130439,132986,2924,0,130062,132704,4410824,403,26,0,377,282
2020-08-29,US,Arizona,Mohave,3597,202,0,35.70471703,-113.7577902,4015.0,1695.250752894934,5.6157909368918535,3395,3585,202,0,3383,3566,209550,12,0,0,12,19
2020-08-29,US,Arizona,Navajo,5592,219,0,35.3997715,-110.3218983,4017.0,5041.289531571166,3.9163090128755367,5373,5569,219,0,5350,5546,110445,23,0,0,23,23
2020-08-29,US,Arizona,Pima,21133,575,0,32.0971334,-111.7890033,4019.0,2017.8958997554612,2.720863105096295,20558,21072,574,0,20498,21001,1039073,61,1,0,60,71
2020-08-29,US,Arizona,Pinal,9514,183,0,32.90525627,-111.3449483,4021.0,2055.7964860876127,1.9234811856211895,9331,9488,183,0,9305,9435,447138,26,0,0,26,53
2020-08-29,US,Arizona,Santa Cruz,2722,57,0,31.52508998,-110.8479088,4023.0,5854.0152264613525,2.094048493754592,2665,2720,57,0,2663,2718,46511,2,0,0,2,2
2020-08-29,US,Arizona,Unassigned,0,1,0,0.0,0.0,90004.0,0.0,0.0,-1,0,1,0,-1,0,,0,0,0,0,0
2020-08-29,US,Arizona,Yavapai,2287,77,0,34.59933926,-112.5538588,4025.0,972.7816792074827,3.3668561434193265,2210,2284,78,0,2206,2277,231993,3,-1,0,4,7
2020-08-29,US,Arizona,Yuma,12213,319,0,32.76895712,-113.90666740000002,4027.0,5712.695346302628,2.6119708507328263,11894,12165,319,0,11846,12142,212128,48,0,0,48,23
2020-08-29,US,Arkansas,Arkansas,277,3,0,34.29145151,-91.37277296,5001.0,1584.1244424110714,1.083032490974729,274,275,3,0,272,273,17769,2,0,0,2,2
2020-08-29,US,Arkansas,Ashley,388,7,0,33.19153461,-91.76984709999999,5003.0,1973.8515541537365,1.8041237113402064,381,387,7,0,380,386,20046,1,0,0,1,1
2020-08-29,US,Arkansas,Baxter,132,0,0,36.28784385,-92.33782872,5005.0,314.7953830010493,0.0,132,132,0,0,132,129,41619,0,0,0,0,3
2020-08-29,US,Arkansas,Benton,5313,50,0,36.33644656,-94.25680817,5007.0,1903.3391726761747,0.9410878976096368,5263,5238,48,0,5190,5185,272608,75,2,0,73,53
2020-08-29,US,Arkansas,Boone,316,3,0,36.3084504,-93.09374925,5009.0,844.1974780936098,0.9493670886075948,313,309,2,0,307,301,37480,7,1,0,6,8
2020-08-29,US,Arkansas,Bradley,289,5,0,33.46755808,-92.15980837,5011.0,2685.124965158413,1.7301038062283738,284,284,5,0,279,275,10897,5,0,0,5,9
2020-08-29,US,Arkansas,Calhoun,23,0,0,33.55598792,-92.49974403,5013.0,443.24532665253423,0.0,23,23,0,0,23,23,5277,0,0,0,0,0
2020-08-29,US,Arkansas,Carroll,459,7,0,36.34038560000001,-93.54270261,5015.0,1617.3361522198734,1.5250544662309369,452,455,7,0,448,448,28223,4,0,0,4,7
2020-08-29,US,Arkansas,Chicot,958,10,0,33.26458973,-91.29539209,5017.0,9468.274362522236,1.0438413361169103,948,955,10,0,945,948,10438,3,0,0,3,7
2020-08-29,US,Arkansas,Clark,226,3,0,34.04613432,-93.17484713,5019.0,1012.5448028673836,1.327433628318584,223,224,3,0,221,222,22061,2,0,0,2,2
2020-08-29,US,Arkansas,Clay,175,6,0,36.36826212,-90.4148172,5021.0,1202.6664834032026,3.4285714285714284,169,172,6,0,166,170,14847,3,0,0,3,2
2020-08-29,US,Arkansas,Cleburne,256,7,0,35.53864922,-92.02640019,5023.0,1027.3285444841283,2.734375,249,255,7,0,248,253,24965,1,0,0,1,2
2020-08-29,US,Arkansas,Cleveland,135,3,0,33.89723187,-92.18537045,5025.0,1696.8325791855207,2.2222222222222223,132,135,3,0,132,134,8018,0,0,0,0,1
2020-08-29,US,Arkansas,Columbia,291,14,0,33.21230701,-93.22642793,5027.0,1240.5678475508378,4.810996563573883,277,290,14,0,276,288,23537,1,0,0,1,2
2020-08-29,US,Arkansas,Conway,201,3,0,35.26205537,-92.70506566,5029.0,964.2137580351148,1.492537313432836,198,200,3,0,197,196,20891,1,0,0,1,4
2020-08-29,US,Arkansas,Craighead,1829,15,0,35.83018283,-90.63235729,5031.0,1657.7239604103977,0.8201202843083653,1814,1772,15,0,1757,1746,108558,57,0,0,57,26
2020-08-29,US,Arkansas,Crawford,910,8,0,35.58928601,-94.2446814,5033.0,1438.5759678770728,0.8791208791208791,902,896,6,0,890,883,63406,14,2,0,12,13
2020-08-29,US,Arkansas,Crittenden,1635,33,0,35.21247318,-90.30839406,5035.0,3409.446355958711,2.018348623853211,1602,1624,30,0,1594,1619,48342,11,3,0,8,5
2020-08-29,US,Arkansas,Cross,266,5,0,35.29631396,-90.77185818,5037.0,1620.0743041598148,1.8796992481203008,261,261,5,0,256,258,16676,5,0,0,5,3
2020-08-29,US,Arkansas,Dallas,115,2,0,33.97042763,-92.65167437,5039.0,1640.7476102154376,1.7391304347826086,113,112,2,0,110,109,7182,3,0,0,3,3
2020-08-29,US,Arkansas,Desha,237,5,0,33.83011025,-91.25500948,5041.0,2086.083971481384,2.109704641350211,232,234,5,0,229,232,11512,3,0,0,3,2
2020-08-29,US,Arkansas,Drew,302,4,0,33.59035001,-91.71777921,5043.0,1657.6101871672427,1.3245033112582782,298,298,4,0,294,298,18328,4,0,0,4,0
2020-08-29,US,Arkansas,Faulkner,1649,8,0,35.14719007,-92.33717519,5045.0,1308.6574555381844,0.4851425106124924,1641,1640,8,0,1632,1610,124806,9,0,0,9,30
2020-08-29,US,Arkansas,Franklin,160,2,0,35.51202821,-93.89299569,5047.0,903.1893875246966,1.25,158,158,2,0,156,156,17810,2,0,0,2,2
2020-08-29,US,Arkansas,Fulton,67,0,0,36.38177105,-91.81729127,5049.0,536.9880580267693,0.0,67,66,0,0,66,65,12269,1,0,0,1,1
2020-08-29,US,Arkansas,Garland,1400,29,0,34.57692074,-93.14921604,5051.0,1408.649105507818,2.071428571428572,1371,1391,28,0,1363,1368,99154,9,1,0,8,23
2020-08-29,US,Arkansas,Grant,183,1,0,34.29017991,-92.42320562,5053.0,1001.9162332329593,0.5464480874316939,182,180,1,0,179,177,18188,3,0,0,3,3
2020-08-29,US,Arkansas,Greene,625,4,0,36.11735460000001,-90.55832668,5055.0,1378.929950358522,0.64,621,615,4,0,611,603,45325,10,0,0,10,12
2020-08-29,US,Arkansas,Hempstead,329,3,0,33.73325583,-93.66935133,5057.0,1527.9583875162548,0.9118541033434652,326,328,3,0,325,323,21741,1,0,0,1,5
2020-08-29,US,Arkansas,Hot Spring,1713,20,0,34.31709259,-92.95396325,5059.0,5072.39939593142,1.1675423234092237,1693,1707,20,0,1687,1693,33701,6,0,0,6,14
2020-08-29,US,Arkansas,Howard,421,5,0,34.09007427,-93.9934871,5061.0,3188.9107710952885,1.187648456057007,416,420,5,0,415,407,13341,1,0,0,1,13
2020-08-29,US,Arkansas,Independence,755,5,0,35.74242707,-91.57001641,5063.0,1996.0343688037008,0.6622516556291391,750,751,5,0,746,731,37678,4,0,0,4,20
2020-08-29,US,Arkansas,Izard,98,0,0,36.09604046,-91.90847954,5065.0,719.0549563430919,0.0,98,93,0,0,93,88,13593,5,0,0,5,5
2020-08-29,US,Arkansas,Jackson,182,1,0,35.59802983,-91.21494602,5067.0,1088.5818529816377,0.5494505494505495,181,181,1,0,180,180,16811,1,0,0,1,1
2020-08-29,US,Arkansas,Jefferson,2082,50,0,34.26767081,-91.92619839,5069.0,3115.647072907937,2.4015369836695486,2032,2059,50,0,2009,2002,68114,23,0,0,23,57
2020-08-29,US,Arkansas,Johnson,753,4,0,35.56759135,-93.46036368,5071.0,2833.170291218301,0.5312084993359893,749,753,4,0,749,749,26742,0,0,0,0,4
2020-08-29,US,Arkansas,Lafayette,66,2,0,33.24116713,-93.60677071,5073.0,996.3768115942028,3.0303030303030303,64,66,2,0,64,66,6682,0,0,0,0,0
2020-08-29,US,Arkansas,Lawrence,248,10,0,36.04188196,-91.10867198,5075.0,1511.6420821650615,4.032258064516129,238,245,10,0,235,245,16434,3,0,0,3,0
2020-08-29,US,Arkansas,Lee,1001,11,0,34.78498904,-90.78383866,5077.0,11301.795190245004,1.0989010989010992,990,1000,10,0,990,999,8985,1,1,0,0,1
2020-08-29,US,Arkansas,Lincoln,1570,13,0,33.95317155,-91.74002806,5079.0,12054.668304668303,0.8280254777070064,1557,1529,13,0,1516,1406,13383,41,0,0,41,123
2020-08-29,US,Arkansas,Little River,276,14,0,33.70375665,-94.23468591,5081.0,2251.40712945591,5.0724637681159415,262,276,14,0,262,274,12326,0,0,0,0,2
2020-08-29,US,Arkansas,Logan,362,1,0,35.21413234,-93.71951016,5083.0,1686.3877760178889,0.27624309392265195,361,360,1,0,359,359,21737,2,0,0,2,1
2020-08-29,US,Arkansas,Lonoke,705,4,0,34.75392199,-91.88742357,5085.0,961.6827401819696,0.5673758865248227,701,689,4,0,685,679,73657,16,0,0,16,10
2020-08-29,US,Arkansas,Madison,295,2,0,36.01038185,-93.72524943,5087.0,1779.6814671814673,0.6779661016949152,293,290,2,0,288,287,16481,5,0,0,5,3
2020-08-29,US,Arkansas,Marion,44,0,0,36.26844485,-92.68451899,5089.0,263.5677488918174,0.0,44,44,0,0,44,43,16722,0,0,0,0,1
2020-08-29,US,Arkansas,Miller,599,6,0,33.31403423,-93.89285258,5091.0,1384.746977367825,1.001669449081803,593,597,6,0,591,591,43592,2,0,0,2,6
2020-08-29,US,Arkansas,Mississippi,1345,20,0,35.76271485,-90.05194370000002,5093.0,3308.651693685272,1.4869888475836432,1325,1325,20,0,1305,1304,41239,20,0,0,20,21
2020-08-29,US,Arkansas,Monroe,92,0,0,34.6815935,-91.20540287,5095.0,1372.9294135203702,0.0,92,92,0,0,92,91,6900,0,0,0,0,1
2020-08-29,US,Arkansas,Montgomery,93,3,0,34.53704874,-93.65824478,5097.0,1034.9432450478523,3.2258064516129035,90,76,3,0,73,70,8924,17,0,0,17,6
2020-08-29,US,Arkansas,Nevada,162,12,0,33.66340119,-93.30632432,5099.0,1963.1604459524967,7.407407407407407,150,162,12,0,150,161,8326,0,0,0,0,1
2020-08-29,US,Arkansas,Newton,117,15,0,35.91947491,-93.21612969,5101.0,1509.0932542241712,12.82051282051282,102,116,15,0,101,112,7805,1,0,0,1,4
2020-08-29,US,Arkansas,Ouachita,146,4,0,33.58839816,-92.87795984,5103.0,624.4119408091694,2.7397260273972597,142,142,4,0,138,141,23606,4,0,0,4,1
2020-08-29,US,Arkansas,Perry,62,1,0,34.945915299999996,-92.94372564,5105.0,593.0176948828313,1.6129032258064515,61,61,1,0,60,61,10352,1,0,0,1,0
2020-08-29,US,Arkansas,Phillips,397,9,0,34.43268455,-90.84800154,5107.0,2232.594758744798,2.267002518891688,388,396,9,0,387,393,18029,1,0,0,1,3
2020-08-29,US,Arkansas,Pike,172,1,0,34.16250414,-93.65789349,5109.0,1604.777010636313,0.5813953488372093,171,170,1,0,169,167,10673,2,0,0,2,3
2020-08-29,US,Arkansas,Poinsett,478,6,0,35.57433534,-90.66268713,5111.0,2031.6218973138389,1.2552301255230125,472,465,6,0,459,453,23974,13,0,0,13,12
2020-08-29,US,Arkansas,Polk,223,3,0,34.48254879,-94.22728802,5113.0,1117.010619114406,1.345291479820628,220,220,4,0,216,218,20049,3,-1,0,4,2
2020-08-29,US,Arkansas,Pope,1716,14,0,35.44871474,-93.03212219,5115.0,2678.2369833936827,0.8158508158508159,1702,1699,14,0,1685,1658,64000,17,0,0,17,41
2020-08-29,US,Arkansas,Prairie,114,0,0,34.83624419,-91.55162157,5117.0,1414.0411808484243,0.0,114,114,0,0,114,114,8074,0,0,0,0,0
2020-08-29,US,Arkansas,Pulaski,6991,103,0,34.77054088,-92.31355101,5119.0,1783.8233680606054,1.4733228436561292,6888,6928,100,0,6828,6855,392680,63,3,0,60,73
2020-08-29,US,Arkansas,Randolph,308,12,0,36.3415714,-91.02455531,5121.0,1715.1130415413745,3.8961038961038965,296,303,12,0,291,296,17948,5,0,0,5,7
2020-08-29,US,Arkansas,Saline,1547,12,0,34.64916145,-92.67583224,5125.0,1263.5069464295925,0.7756948933419522,1535,1528,11,0,1517,1509,121421,19,1,0,18,19
2020-08-29,US,Arkansas,Scott,86,0,0,34.85588887,-94.0632176,5127.0,836.4945044256395,0.0,86,86,0,0,86,84,10319,0,0,0,0,2
2020-08-29,US,Arkansas,Searcy,95,0,0,35.9109364,-92.69936482,5129.0,1205.4307828955714,0.0,95,94,0,0,94,87,7958,1,0,0,1,7
2020-08-29,US,Arkansas,Sebastian,2842,32,0,35.19605503,-94.27162713,5131.0,2223.317452494387,1.1259676284306823,2810,2817,32,0,2785,2790,127753,25,0,0,25,27
2020-08-29,US,Arkansas,Sevier,1153,12,0,33.99780401,-94.2424869,5133.0,6779.561357088258,1.0407632263660018,1141,1148,12,0,1136,1146,17139,5,0,0,5,2
2020-08-29,US,Arkansas,Sharp,146,5,0,36.16258158,-91.47819342,5135.0,837.0599701869052,3.4246575342465757,141,149,5,0,144,147,17366,-3,0,0,-3,2
2020-08-29,US,Arkansas,St. Francis,1343,4,0,35.02201976,-90.74828138,5123.0,5373.289589501481,0.29784065524944153,1339,1325,4,0,1321,1299,25439,18,0,0,18,26
2020-08-29,US,Arkansas,Stone,191,2,0,35.86251946,-92.15684085,5137.0,1527.2669118822964,1.0471204188481675,189,189,2,0,187,183,12457,2,0,0,2,6
2020-08-29,US,Arkansas,Unassigned,901,0,0,0.0,0.0,90005.0,0.0,0.0,901,815,0,0,815,806,,86,0,0,86,9
2020-08-29,US,Arkansas,Union,689,20,0,33.16887091,-92.59746952,5139.0,1781.1902176723029,2.902757619738752,669,683,20,0,663,670,39126,6,0,0,6,13
2020-08-29,US,Arkansas,Van Buren,116,2,0,35.58095779,-92.51295036,5141.0,701.1181625868843,1.7241379310344829,114,112,2,0,110,109,16603,4,0,0,4,3
2020-08-29,US,Arkansas,Washington,6850,58,0,35.976844,-94.21800746,5143.0,2863.8680195830048,0.8467153284671532,6792,6715,56,0,6659,6673,236961,135,2,0,133,42
2020-08-29,US,Arkansas,White,520,11,0,35.25688493,-91.74908296,5145.0,660.2923063248384,2.1153846153846154,509,521,10,0,511,511,78727,-1,1,0,-2,10
2020-08-29,US,Arkansas,Woodruff,27,0,0,35.18902527,-91.2439489,5147.0,427.21518987341767,0.0,27,27,0,0,27,27,6490,0,0,0,0,0
2020-08-29,US,Arkansas,Yell,1140,23,0,35.00292371,-93.41171338,5149.0,5341.830279743217,2.017543859649123,1117,1136,23,0,1113,1133,21535,4,0,0,4,3
2020-08-29,US,California,Alameda,17847,247,0,37.64629437,-121.8929271,6001.0,1067.8328444010724,1.3839861041071329,17600,17847,247,0,17600,17621,1666753,0,0,0,0,226
2020-08-29,US,California,Alpine,2,0,0,38.59678594,-119.82235940000001,6003.0,177.14791851195747,0.0,2,2,0,0,2,2,1101,0,0,0,0,0
2020-08-29,US,California,Amador,278,14,0,38.44583082,-120.65696000000001,6005.0,699.3358824713222,5.035971223021583,264,276,14,0,262,275,39383,2,0,0,2,1
2020-08-29,US,California,Butte,1886,23,0,39.66727762,-121.6005252,6007.0,860.4564160119716,1.2195121951219512,1863,1815,21,0,1794,1765,231256,71,2,0,69,50
2020-08-29,US,California,Calaveras,236,2,0,38.20537103,-120.55291299999999,6009.0,514.1052172965908,0.8474576271186439,234,223,2,0,221,223,45602,13,0,0,13,0
2020-08-29,US,California,Colusa,441,6,0,39.17881957,-122.2331726,6011.0,2046.6886341486054,1.3605442176870748,435,439,6,0,433,434,21627,2,0,0,2,5
2020-08-29,US,California,Contra Costa,13562,173,0,37.91923498,-121.9289527,6013.0,1175.6995507686865,1.275623064444772,13389,13398,173,0,13225,13259,1150215,164,0,0,164,139
2020-08-29,US,California,Del Norte,122,1,0,41.74228275,-123.89740630000001,6015.0,438.6595714080253,0.819672131147541,121,122,1,0,121,121,27828,0,0,0,0,1
2020-08-29,US,California,El Dorado,951,2,0,38.77965956,-120.5233166,6017.0,493.14727524462893,0.2103049421661409,949,942,2,0,940,938,190678,9,0,0,9,4
2020-08-29,US,California,Fresno,24612,263,0,36.75733899,-119.6466953,6019.0,2463.414609734151,1.0685844303591745,24349,24367,263,0,24104,24071,994400,245,0,0,245,296
2020-08-29,US,California,Glenn,440,3,0,39.59875897,-122.3938452,6021.0,1549.6777374705032,0.6818181818181818,437,435,3,0,432,434,28047,5,0,0,5,1
2020-08-29,US,California,Humboldt,368,4,0,40.69923009,-123.876044,6023.0,271.47051446613256,1.0869565217391304,364,368,4,0,364,364,136373,0,0,0,0,4
2020-08-29,US,California,Imperial,10667,293,0,33.0393082,-115.36690420000001,6025.0,5886.378059211434,2.7467891628386614,10374,10641,287,0,10354,10573,181827,26,6,0,20,68
2020-08-29,US,California,Inyo,174,13,0,36.51112084,-117.41119779999998,6027.0,964.5767503741893,7.471264367816093,161,172,13,0,159,172,17987,2,0,0,2,0
2020-08-29,US,California,Kern,28961,273,0,35.34329425,-118.72777959999999,6029.0,3217.1668136707094,0.9426470080453024,28688,28854,256,0,28598,28612,896764,107,17,0,90,242
2020-08-29,US,California,Kings,6103,72,0,36.07409056,-119.8159973,6031.0,3990.4537727213287,1.1797476650827459,6031,6090,72,0,6018,6021,151366,13,0,0,13,69
2020-08-29,US,California,Lake,324,3,0,39.10124298,-122.75362439999999,6033.0,503.2149846239866,0.925925925925926,321,315,3,0,312,314,64382,9,0,0,9,1
2020-08-29,US,California,Lassen,716,0,0,40.67311306,-120.59350990000002,6035.0,2341.935694894188,0.0,716,716,0,0,716,715,30802,0,0,0,0,1
2020-08-29,US,California,Los Angeles,239756,5759,0,34.30828379,-118.22824109999999,6037.0,2388.2203865343804,2.402025392482357,233997,238458,5732,0,232726,236986,10105518,1298,27,0,1271,1472
2020-08-29,US,California,Madera,3674,54,0,37.21513971,-119.76655890000002,6039.0,2335.263495776313,1.4697876973326076,3620,3674,54,0,3620,3567,157672,0,0,0,0,107
2020-08-29,US,California,Marin,6068,95,0,38.07122463,-122.72106310000001,6041.0,2344.4321667838626,1.5655899802241269,5973,6054,94,0,5960,5999,259666,14,1,0,13,55
2020-08-29,US,California,Mariposa,71,2,0,37.57978556,-119.9073334,6043.0,412.71871185258385,2.8169014084507036,69,71,2,0,69,71,17471,0,0,0,0,0
2020-08-29,US,California,Mendocino,673,17,0,39.4381191,-123.39113130000001,6045.0,775.8014501608087,2.5260029717682015,656,659,17,0,642,656,87606,14,0,0,14,3
2020-08-29,US,California,Merced,7890,115,0,37.18922369,-120.72090349999999,6047.0,2841.4001728608478,1.4575411913814955,7775,7814,114,0,7700,7744,274765,76,1,0,75,70
2020-08-29,US,California,Modoc,9,0,0,41.58965602,-120.7244817,6049.0,101.79843909060058,0.0,9,7,0,0,7,5,8777,2,0,0,2,2
2020-08-29,US,California,Mono,162,2,0,37.93899289,-118.8872409,6051.0,1121.5729714760457,1.2345679012345678,160,162,2,0,160,162,14250,0,0,0,0,0
2020-08-29,US,California,Monterey,7619,55,0,36.21862405,-121.24133970000001,6053.0,1755.2832435994019,0.7218795117469484,7564,7522,53,0,7469,7451,435594,97,2,0,95,71
2020-08-29,US,California,Napa,1403,13,0,38.50735751,-122.33283899999999,6055.0,1018.5561621558834,0.9265858873841768,1390,1397,13,0,1384,1382,139417,6,0,0,6,15
2020-08-29,US,California,Nevada,438,5,0,39.30394768,-120.76272809999999,6057.0,439.0757355521027,1.1415525114155252,433,435,5,0,430,432,99696,3,0,0,3,3
2020-08-29,US,California,Orange,48190,975,0,33.70147516,-117.76459979999998,6059.0,1517.4645400120667,2.0232413363768416,47215,47782,956,0,46826,47459,3185968,408,19,0,389,323
2020-08-29,US,California,Placer,2947,32,0,39.06167234,-120.72405690000001,6061.0,739.8406844593287,1.0858500169664065,2915,2899,32,0,2867,2875,393149,48,0,0,48,24
2020-08-29,US,California,Plumas,40,0,0,40.00355989,-120.8395236,6063.0,212.6867655660127,0.0,40,40,0,0,40,40,18804,0,0,0,0,0
2020-08-29,US,California,Riverside,51860,1007,0,33.74314981,-115.9933578,6065.0,2099.131123241583,1.9417662938681064,50853,51860,1007,0,50853,51734,2450758,0,0,0,0,126
2020-08-29,US,California,Sacramento,17150,274,0,38.45106826,-121.34253740000001,6067.0,1104.9844786728333,1.5976676384839652,16876,17150,274,0,16876,16909,1540975,0,0,0,0,241
2020-08-29,US,California,San Benito,1081,8,0,36.60308176,-121.069975,6069.0,1721.1183288753025,0.7400555041628122,1073,1042,8,0,1034,1018,61537,39,0,0,39,24
2020-08-29,US,California,San Bernardino,47145,716,0,34.84060306,-116.1774685,6071.0,2162.5303600547686,1.5187188461130554,46429,46892,716,0,46176,46407,2171603,253,0,0,253,485
2020-08-29,US,California,San Diego,38047,679,0,33.03484597,-116.73653259999999,6073.0,1139.7015873206064,1.7846347938076592,37368,37784,676,0,37108,37499,3343364,263,3,0,260,285
2020-08-29,US,California,San Francisco,9349,83,0,37.75215114,-122.43856720000001,6075.0,1060.5196080989258,0.8877954861482511,9266,9215,83,0,9132,9149,883305,134,0,0,134,66
2020-08-29,US,California,San Joaquin,17114,307,0,37.93433732,-121.2730061,6077.0,2245.495625521552,1.7938529858595302,16807,16989,307,0,16682,16845,752660,125,0,0,125,144
2020-08-29,US,California,San Luis Obispo,2882,21,0,35.38822029,-120.4039028,6079.0,1017.9752817799381,0.7286606523247745,2861,2842,21,0,2821,2792,284010,40,0,0,40,50
2020-08-29,US,California,San Mateo,8074,131,0,37.422880799999994,-122.32755459999998,6081.0,1053.2591155702066,1.6224919494674264,7943,7978,131,0,7847,7911,769545,96,0,0,96,67
2020-08-29,US,California,Santa Barbara,8014,92,0,34.65329488,-120.0188492,6083.0,1794.8528440153284,1.1479910157224855,7922,7951,91,0,7860,7916,446527,63,1,0,62,35
2020-08-29,US,California,Santa Clara,17013,245,0,37.23104908,-121.6970462,6085.0,882.4847550538112,1.4400752365837888,16768,16607,245,0,16362,16393,1937570,406,0,0,406,214
2020-08-29,US,California,Santa Cruz,1747,7,0,37.05580291,-122.0066524,6087.0,639.4278456735221,0.4006868918145392,1740,1734,7,0,1727,1726,274255,13,0,0,13,8
2020-08-29,US,California,Shasta,562,12,0,40.76391419,-122.0396884,6089.0,312.0835184362505,2.1352313167259784,550,562,12,0,550,557,180040,0,0,0,0,5
2020-08-29,US,California,Sierra,6,0,0,39.57713498,-120.52007009999998,6091.0,199.6672212978369,0.0,6,6,0,0,6,6,2987,0,0,0,0,0
2020-08-29,US,California,Siskiyou,128,0,0,41.59198861,-122.54074340000001,6093.0,293.9892969521578,0.0,128,127,0,0,127,126,43724,1,0,0,1,1
2020-08-29,US,California,Solano,5388,46,0,38.26827353,-121.9357113,6095.0,1203.6377202368851,0.8537490720118782,5342,5388,46,0,5342,5328,446610,0,0,0,0,60
2020-08-29,US,California,Sonoma,5654,78,0,38.52746429,-122.88625060000001,6097.0,1143.756473329881,1.3795542978422357,5576,5588,78,0,5510,5469,499942,66,0,0,66,119
2020-08-29,US,California,Stanislaus,14482,255,0,37.55862499,-120.9970722,6099.0,2629.934987106381,1.76080651843668,14227,14257,253,0,14004,14101,549815,225,2,0,223,156
2020-08-29,US,California,Sutter,1368,10,0,39.03417539,-121.6945899,6101.0,1410.7310433016055,0.7309941520467836,1358,1347,10,0,1337,1325,96807,21,0,0,21,22
2020-08-29,US,California,Tehama,410,1,0,40.12570935,-122.23701709999999,6103.0,629.9551349025875,0.24390243902439024,409,402,1,0,401,402,63916,8,0,0,8,0
2020-08-29,US,California,Trinity,11,0,0,40.64917670000001,-123.114713,6105.0,89.54008954008955,0.0,11,11,0,0,11,11,12535,0,0,0,0,0
2020-08-29,US,California,Tulare,13884,232,0,36.22026558,-118.8020203,6107.0,2978.1529188429736,1.6709881878421204,13652,13775,229,0,13546,13673,465861,109,3,0,106,102
2020-08-29,US,California,Tuolumne,189,2,0,38.02644018,-119.95250929999999,6109.0,346.92903557399325,1.058201058201058,187,189,2,0,187,189,54539,0,0,0,0,0
2020-08-29,US,California,Ventura,10606,115,0,34.44465746,-119.09106129999999,6111.0,1253.6554114273422,1.084291910239487,10491,10483,110,0,10373,10412,850967,123,5,0,118,71
2020-08-29,US,California,Yolo,2335,51,0,38.68278902,-121.90182879999999,6113.0,1058.9569160997733,2.184154175588865,2284,2310,51,0,2259,2287,220408,25,0,0,25,23
2020-08-29,US,California,Yuba,909,6,0,39.26255932,-121.35356440000001,6115.0,1155.4888900188134,0.6600660066006601,903,900,6,0,894,893,78041,9,0,0,9,7
2020-08-29,US,Colorado,Adams,7445,197,0,39.87432092,-104.3362578,8001.0,1438.866996121147,2.6460711887172597,7248,7404,197,0,7207,7331,511868,41,0,0,41,73
2020-08-29,US,Colorado,Alamosa,237,9,0,37.57250606,-105.7885451,8003.0,1459.9889114766218,3.79746835443038,228,237,9,0,228,237,16683,0,0,0,0,0
2020-08-29,US,Colorado,Arapahoe,8046,365,0,39.64977461,-104.3353617,8005.0,1225.4222574209173,4.5364156102411135,7681,8014,365,0,7649,7968,651215,32,0,0,32,46
2020-08-29,US,Colorado,Archuleta,46,0,0,37.19474156,-107.04768670000001,8007.0,327.8922232518355,0.0,46,46,0,0,46,46,13765,0,0,0,0,0
2020-08-29,US,Colorado,Baca,16,0,0,37.31940883,-102.5603223,8009.0,446.8025691147723,0.0,16,16,0,0,16,16,3585,0,0,0,0,0
2020-08-29,US,Colorado,Bent,11,0,0,37.95474293,-103.0720195,8011.0,197.23865877712032,0.0,11,11,0,0,11,11,5882,0,0,0,0,0
2020-08-29,US,Colorado,Boulder,2277,79,0,40.09313619,-105.3546767,8013.0,698.0465732259132,3.4694773825208607,2198,2272,79,0,2193,2261,326078,5,0,0,5,11
2020-08-29,US,Colorado,Broomfield,530,33,0,39.95998787,-105.0566324,8014.0,752.1464556872206,6.226415094339623,497,528,33,0,495,522,69267,2,0,0,2,6
2020-08-29,US,Colorado,Chaffee,315,19,0,38.74745778,-106.19265729999998,8015.0,1547.4552957359008,6.0317460317460325,296,315,19,0,296,315,20027,0,0,0,0,0
2020-08-29,US,Colorado,Cheyenne,9,0,0,38.82777431,-102.6032558,8017.0,491.53468050245766,0.0,9,9,0,0,9,9,1876,0,0,0,0,0
2020-08-29,US,Colorado,Clear Creek,35,1,0,39.68864463,-105.6463118,8019.0,360.8247422680412,2.8571428571428568,34,34,1,0,33,34,9605,1,0,0,1,0
2020-08-29,US,Colorado,Conejos,31,0,0,37.201606,-106.19174879999998,8021.0,377.8184034125533,0.0,31,31,0,0,31,31,8200,0,0,0,0,0
2020-08-29,US,Colorado,Costilla,32,0,0,37.27732493,-105.4276548,8023.0,823.2570105479805,0.0,32,33,0,0,33,32,3828,-1,0,0,-1,1
2020-08-29,US,Colorado,Crowley,73,1,0,38.32608609,-103.7844965,8025.0,1204.4217125886814,1.3698630136986298,72,73,1,0,72,73,5858,0,0,0,0,0
2020-08-29,US,Colorado,Custer,17,0,0,38.10883162,-105.3683478,8027.0,335.43804262036303,0.0,17,17,0,0,17,15,4954,0,0,0,0,2
2020-08-29,US,Colorado,Delta,159,2,0,38.86246243,-107.86313419999999,8029.0,510.2368269045632,1.2578616352201255,157,153,2,0,151,152,30953,6,0,0,6,1
2020-08-29,US,Colorado,Denver,11196,428,0,39.76018276,-104.87256950000001,8031.0,1539.5806719095285,3.822793854948196,10768,11147,425,0,10722,11077,716492,49,3,0,46,70
2020-08-29,US,Colorado,Dolores,2,0,0,37.75208676,-108.5211585,8033.0,97.32360097323601,0.0,2,2,0,0,2,2,2074,0,0,0,0,0
2020-08-29,US,Colorado,Douglas,1984,60,0,39.33133796,-104.930001,8035.0,564.9942760156513,3.0241935483870965,1924,1979,60,0,1919,1958,342776,5,0,0,5,21
2020-08-29,US,Colorado,Eagle,1178,9,0,39.62754308,-106.6933637,8037.0,2136.883922578773,0.7640067911714771,1169,1174,9,0,1165,1169,54993,4,0,0,4,5
2020-08-29,US,Colorado,El Paso,5988,153,0,38.83240149,-104.5251411,8041.0,831.2014247580867,2.555110220440882,5835,5948,152,0,5796,5898,713856,40,1,0,39,50
2020-08-29,US,Colorado,Elbert,121,2,0,39.28656773,-104.13587209999999,8039.0,452.6918328407348,1.6528925619834711,119,120,2,0,118,120,26282,1,0,0,1,0
2020-08-29,US,Colorado,Fremont,157,0,0,38.47362326,-105.43996670000001,8043.0,328.1841175609858,0.0,157,156,0,0,156,155,48021,1,0,0,1,1
2020-08-29,US,Colorado,Garfield,838,4,0,39.59921777,-107.902708,8045.0,1395.2481643662275,0.47732696897374705,834,839,4,0,835,830,59770,-1,0,0,-1,9
2020-08-29,US,Colorado,Gilpin,17,0,0,39.85646523,-105.5252597,8047.0,272.30498157936887,0.0,17,17,0,0,17,17,6121,0,0,0,0,0
2020-08-29,US,Colorado,Grand,62,1,0,40.10603347,-106.11780420000001,8049.0,394.05109952968087,1.6129032258064515,61,62,1,0,61,62,15525,0,0,0,0,0
2020-08-29,US,Colorado,Gunnison,290,7,0,38.66611652,-107.0320729,8051.0,1660.749055091055,2.413793103448276,283,289,7,0,282,289,17246,1,0,0,1,0
2020-08-29,US,Colorado,Hinsdale,3,0,0,37.82247444,-107.3004345,8053.0,365.8536585365854,0.0,3,3,0,0,3,3,811,0,0,0,0,0
2020-08-29,US,Colorado,Huerfano,9,1,0,37.68473101,-104.9612585,8055.0,130.49151805132666,11.111111111111109,8,9,1,0,8,8,6889,0,0,0,0,1
2020-08-29,US,Colorado,Jackson,9,0,0,40.66593870000001,-106.3408905,8057.0,646.5517241379309,0.0,9,9,0,0,9,9,1399,0,0,0,0,0
2020-08-29,US,Colorado,Jefferson,4766,237,0,39.58635604,-105.2517692,8059.0,817.6626103784478,4.97272345782627,4529,4732,236,0,4496,4694,580233,34,1,0,33,38
2020-08-29,US,Colorado,Kit Carson,74,3,0,39.30497777,-102.60221990000001,8063.0,1042.6940960969425,4.0540540540540535,71,74,3,0,71,74,7163,0,0,0,0,0
2020-08-29,US,Colorado,La Plata,239,2,0,37.28632032,-107.8429014,8067.0,425.10805570872094,0.8368200836820083,237,238,2,0,236,233,56310,1,0,0,1,5
2020-08-29,US,Colorado,Lake,80,0,0,39.20278823,-106.35556969999999,8065.0,984.3730773963333,0.0,80,80,0,0,80,80,7824,0,0,0,0,0
2020-08-29,US,Colorado,Larimer,1929,42,0,40.66671597,-105.4625784,8069.0,540.4890459205545,2.177293934681182,1887,1905,42,0,1863,1880,350518,24,0,0,24,25
2020-08-29,US,Colorado,Las Animas,20,0,0,37.3153406,-104.03764579999999,8071.0,137.87398317937405,0.0,20,20,0,0,20,20,14503,0,0,0,0,0
2020-08-29,US,Colorado,Lincoln,8,0,0,38.98749519,-103.51366490000001,8073.0,140.3262585511314,0.0,8,8,0,0,8,8,5610,0,0,0,0,0
2020-08-29,US,Colorado,Logan,681,5,0,40.7249637,-103.110817,8075.0,3038.9575616939624,0.7342143906020558,676,681,5,0,676,675,21528,0,0,0,0,6
2020-08-29,US,Colorado,Mesa,403,5,0,39.01787888,-108.469799,8077.0,261.33194993839567,1.2406947890818858,398,403,5,0,398,397,153207,0,0,0,0,6
2020-08-29,US,Colorado,Mineral,19,0,0,37.66954283,-106.92816979999999,8079.0,2470.74122236671,0.0,19,19,0,0,19,19,776,0,0,0,0,0
2020-08-29,US,Colorado,Moffat,34,1,0,40.61810999,-108.2070876,8081.0,255.96627267936455,2.9411764705882355,33,34,1,0,33,34,13188,0,0,0,0,0
2020-08-29,US,Colorado,Montezuma,123,5,0,37.33859579,-108.59588570000001,8083.0,469.7704617499904,4.0650406504065035,118,123,5,0,118,123,26158,0,0,0,0,0
2020-08-29,US,Colorado,Montrose,341,13,0,38.40214114,-108.26390220000002,8085.0,797.5115767809532,3.812316715542522,328,341,13,0,328,339,42214,0,0,0,0,2
2020-08-29,US,Colorado,Morgan,712,48,0,40.26279810000001,-103.8093302,8087.0,2449.428925278657,6.741573033707866,664,711,48,0,663,711,28558,1,0,0,1,0
2020-08-29,US,Colorado,Otero,82,6,0,37.9014485,-103.7173385,8089.0,448.6267644162381,7.317073170731707,76,82,6,0,76,81,18432,0,0,0,0,1
2020-08-29,US,Colorado,Ouray,22,1,0,38.14717457,-107.7675136,8091.0,444.264943457189,4.545454545454546,21,22,1,0,21,22,4833,0,0,0,0,0
2020-08-29,US,Colorado,Park,43,1,0,39.120926000000004,-105.7182065,8093.0,228.1772353409393,2.3255813953488373,42,43,1,0,42,43,18556,0,0,0,0,0
2020-08-29,US,Colorado,Phillips,19,0,0,40.59414277,-102.3577703,8095.0,445.48651817116064,0.0,19,19,0,0,19,19,4286,0,0,0,0,0
2020-08-29,US,Colorado,Pitkin,197,2,0,39.21720112,-106.9310027,8097.0,1108.7972083075363,1.0152284263959392,195,196,2,0,194,196,17950,1,0,0,1,0
2020-08-29,US,Colorado,Prowers,83,0,0,37.95544985,-102.3926052,8099.0,681.8928688793952,0.0,83,81,0,0,81,79,12164,2,0,0,2,2
2020-08-29,US,Colorado,Pueblo,865,34,0,38.17359144,-104.5127437,8101.0,513.5847622666603,3.9306358381502884,831,859,34,0,825,841,167529,6,0,0,6,18
2020-08-29,US,Colorado,Rio Blanco,23,0,0,39.97913541,-108.2179009,8103.0,363.69386464263124,0.0,23,23,0,0,23,23,6336,0,0,0,0,0
2020-08-29,US,Colorado,Rio Grande,94,2,0,37.5836865,-106.3847838,8105.0,834.2948433478299,2.127659574468085,92,94,2,0,92,94,11250,0,0,0,0,0
2020-08-29,US,Colorado,Routt,132,8,0,40.48596505,-106.9905548,8107.0,514.8607535689212,6.0606060606060606,124,132,8,0,124,132,25733,0,0,0,0,0
2020-08-29,US,Colorado,Saguache,110,2,0,38.08054629,-106.28246599999999,8109.0,1611.957796014068,1.818181818181818,108,110,2,0,108,110,6843,0,0,0,0,0
2020-08-29,US,Colorado,San Juan,3,0,0,37.76248981,-107.67632890000002,8111.0,412.0879120879121,0.0,3,3,0,0,3,2,762,0,0,0,0,1
2020-08-29,US,Colorado,San Miguel,93,0,0,38.00450883,-108.4020725,8113.0,1137.0583200880305,0.0,93,93,0,0,93,94,8191,0,0,0,0,-1
2020-08-29,US,Colorado,Sedgwick,12,1,0,40.87595412,-102.3519227,8115.0,533.8078291814946,8.333333333333334,11,12,1,0,11,12,2303,0,0,0,0,0
2020-08-29,US,Colorado,Summit,363,4,0,39.63803232,-106.1150762,8117.0,1170.552384637709,1.1019283746556474,359,363,4,0,359,361,31007,0,0,0,0,2
2020-08-29,US,Colorado,Teller,161,3,0,38.88133511,-105.16148929999999,8119.0,634.1578698597763,1.8633540372670807,158,160,3,0,157,160,25083,1,0,0,1,0
2020-08-29,US,Colorado,Washington,53,0,0,39.97015535,-103.202587,8121.0,1079.8696006519967,0.0,53,53,0,0,53,53,4909,0,0,0,0,0
2020-08-29,US,Colorado,Weld,4040,146,0,40.55499405,-104.39296209999999,8123.0,1245.02298978095,3.613861386138614,3894,4029,146,0,3883,4001,314305,11,0,0,11,28
2020-08-29,US,Colorado,Yuma,63,0,0,40.00346839,-102.4258673,8125.0,628.8052699870246,0.0,63,63,0,0,63,63,10020,0,0,0,0,0
2020-08-29,US,Connecticut,Fairfield,18774,1413,0,41.26809896,-73.3881171,9001.0,1990.179491419776,7.526366251198466,17361,18774,1413,0,17361,18721,943823,0,0,0,0,53
2020-08-29,US,Connecticut,Hartford,13392,1426,0,41.80283011,-72.73103891,9003.0,1501.816713766653,10.648148148148149,11966,13392,1426,0,11966,13307,892697,0,0,0,0,85
2020-08-29,US,Connecticut,Litchfield,1688,139,0,41.7937534,-73.2451475,9005.0,936.0460925066403,8.234597156398102,1549,1688,139,0,1549,1673,181111,0,0,0,0,15
2020-08-29,US,Connecticut,Middlesex,1446,192,0,41.45949668,-72.53714864,9007.0,890.1967544140464,13.278008298755188,1254,1446,192,0,1254,1438,162682,0,0,0,0,8
2020-08-29,US,Connecticut,New Haven,13622,1109,0,41.408032500000004,-72.93620426,9009.0,1593.6693118629034,8.141242108354133,12513,13622,1109,0,12513,13584,857620,0,0,0,0,38
2020-08-29,US,Connecticut,New London,1554,106,0,41.48896435,-72.10430976,9011.0,585.9595936743513,6.821106821106821,1448,1554,106,0,1448,1526,266784,0,0,0,0,28
2020-08-29,US,Connecticut,Tolland,1126,65,0,41.85853803,-72.3308481,9013.0,747.0757226929228,5.772646536412077,1061,1126,65,0,1061,1112,150921,0,0,0,0,14
2020-08-29,US,Connecticut,Unassigned,104,0,0,0.0,0.0,90009.0,0.0,0.0,104,104,0,0,104,204,,0,0,0,0,-100
2020-08-29,US,Connecticut,Windham,789,15,0,41.82972709,-71.98182316,9015.0,675.6178178143892,1.9011406844106464,774,789,15,0,774,785,117027,0,0,0,0,4
2020-08-29,US,Delaware,Kent,2612,109,0,39.08646628,-75.56884914,10001.0,1444.8021417587647,4.173047473200612,2503,2578,109,0,2469,2566,178550,34,0,0,34,12
2020-08-29,US,Delaware,New Castle,8109,300,0,39.57992638,-75.64054974,10003.0,1451.2673757456334,3.699593044765076,7809,7989,300,0,7689,7927,559335,120,0,0,120,62
2020-08-29,US,Delaware,Sussex,6350,195,0,38.66143781,-75.39031349,10005.0,2711.0684171202897,3.070866141732284,6155,6237,195,0,6042,6208,229286,113,0,0,113,29
2020-08-29,US,Delaware,Unassigned,278,0,0,0.0,0.0,90010.0,0.0,0.0,278,279,0,0,279,275,,-1,0,0,-1,4
2020-08-29,US,District of Columbia,District of Columbia,13925,605,0,38.90417773,-77.01655992,11001.0,1973.0810812342636,4.344703770197486,13320,13851,605,0,13246,13794,702455,74,0,0,74,57
2020-08-29,US,Florida,Alachua,5165,33,0,29.67866525,-82.35928158,12001.0,1919.767472114123,0.6389157792836399,5132,5117,31,0,5086,5082,269956,48,2,0,46,35
2020-08-29,US,Florida,Baker,1148,5,0,30.33060121,-82.28467476,12003.0,3930.160903800069,0.4355400696864111,1143,1143,4,0,1139,1136,28355,5,1,0,4,7
2020-08-29,US,Florida,Bay,5341,78,0,30.26548745,-85.62122584,12005.0,3057.1534873071755,1.4604006740310804,5263,5315,78,0,5237,5289,185287,26,0,0,26,26
2020-08-29,US,Florida,Bradford,717,5,0,29.95079741,-82.16611613,12007.0,2542.463033225772,0.6973500697350071,712,705,5,0,700,692,27732,12,0,0,12,13
2020-08-29,US,Florida,Brevard,7182,209,0,28.29409504,-80.73091022,12009.0,1193.1382093291381,2.9100529100529102,6973,7132,207,0,6925,7092,596849,50,2,0,48,40
2020-08-29,US,Florida,Broward,70764,1183,0,26.15184651,-80.48725556,12011.0,3623.7606118053363,1.6717539992086372,69581,70513,1175,0,69338,70147,1951260,251,8,0,243,366
2020-08-29,US,Florida,Calhoun,559,8,0,30.40666734,-85.19394153,12013.0,3963.133640552997,1.4311270125223614,551,554,8,0,546,547,14587,5,0,0,5,7
2020-08-29,US,Florida,Charlotte,2635,111,0,26.90131002,-81.92949121,12015.0,1394.8441056587797,4.212523719165086,2524,2622,108,0,2514,2602,184998,13,3,0,10,20
2020-08-29,US,Florida,Citrus,2069,57,0,28.84804315,-82.47614748,12017.0,1382.4946377382944,2.7549540840985984,2012,2054,55,0,1999,2031,147929,15,2,0,13,23
2020-08-29,US,Florida,Clay,3910,76,0,29.98319144,-81.85609986,12019.0,1783.3360699104223,1.9437340153452685,3834,3864,75,0,3789,3809,216072,46,1,0,45,55
2020-08-29,US,Florida,Collier,11570,176,0,26.11091986,-81.34687065,12021.0,3005.959958638822,1.5211754537597235,11394,11517,174,0,11343,11471,378488,53,2,0,51,46
2020-08-29,US,Florida,Columbia,3331,33,0,30.22509788,-82.62160164,12023.0,4646.65346092682,0.9906934854398078,3298,3316,32,0,3284,3295,70503,15,1,0,14,21
2020-08-29,US,Florida,DeSoto,1472,22,0,27.18677893,-81.80941373,12027.0,3873.58227415068,1.4945652173913044,1450,1468,22,0,1446,1460,37489,4,0,0,4,8
2020-08-29,US,Florida,Dixie,702,4,0,29.60631086,-83.15724673,12029.0,4172.114584571496,0.5698005698005698,698,697,4,0,693,685,16700,5,0,0,5,12
2020-08-29,US,Florida,Duval,26284,254,0,30.33225875,-81.66976468,12031.0,2744.334407024761,0.9663673717851164,26030,26169,251,0,25918,26017,950181,115,3,0,112,152
2020-08-29,US,Florida,Escambia,11121,186,0,30.67652764,-87.37284571,12033.0,3493.6980861785146,1.6725114647963313,10935,11066,184,0,10882,10999,315534,55,2,0,53,67
2020-08-29,US,Florida,Flagler,1302,15,0,29.45933576,-81.31508595,12035.0,1131.3770300918484,1.1520737327188941,1287,1288,15,0,1273,1279,112067,14,0,0,14,9
2020-08-29,US,Florida,Franklin,537,3,0,29.83791238,-84.82731662,12037.0,4428.865979381443,0.5586592178770949,534,529,3,0,526,527,11736,8,0,0,8,2
2020-08-29,US,Florida,Gadsden,2290,31,0,30.57796289,-84.61915825,12039.0,5015.330705212439,1.3537117903930131,2259,2268,31,0,2237,2254,45894,22,0,0,22,14
2020-08-29,US,Florida,Gilchrist,457,10,0,29.72856978,-82.79880657,12041.0,2459.369282100958,2.1881838074398248,447,451,9,0,442,447,18256,6,1,0,5,4
2020-08-29,US,Florida,Glades,453,3,0,26.95635849,-81.18996211,12043.0,3279.9942075157483,0.6622516556291391,450,453,3,0,450,452,13724,0,0,0,0,1
2020-08-29,US,Florida,Gulf,819,11,0,29.93543004,-85.24270990000002,12045.0,6004.83906444754,1.343101343101343,808,818,11,0,807,806,16164,1,0,0,1,12
2020-08-29,US,Florida,Hamilton,695,6,0,30.49673973,-82.94998918,12047.0,4817.022456334905,0.8633093525179856,689,692,4,0,688,686,14310,3,2,0,1,6
2020-08-29,US,Florida,Hardee,1091,9,0,27.49293939,-81.80956574,12049.0,4050.191186843376,0.8249312557286893,1082,1083,9,0,1074,1083,27245,8,0,0,8,0
2020-08-29,US,Florida,Hendry,1960,39,0,26.55386945,-81.16469006,12051.0,4664.223501975156,1.9897959183673468,1921,1957,39,0,1918,1955,41556,3,0,0,3,2
2020-08-29,US,Florida,Hernando,2560,83,0,28.55364461,-82.42700204,12053.0,1320.1320132013202,3.2421875,2477,2516,79,0,2437,2506,190865,44,4,0,40,10
2020-08-29,US,Florida,Highlands,1811,67,0,27.34254618,-81.34071957,12055.0,1704.9359354553244,3.6996134732192165,1744,1795,62,0,1733,1781,105424,16,5,0,11,14
2020-08-29,US,Florida,Hillsborough,36784,545,0,27.9276559,-82.32013172,12057.0,2498.967368855845,1.4816224445411048,36239,36574,541,0,36033,36354,1436888,210,4,0,206,220
2020-08-29,US,Florida,Holmes,619,5,0,30.86747479,-85.81319222,12059.0,3155.426415863792,0.8077544426494345,614,616,5,0,611,609,19477,3,0,0,3,7
2020-08-29,US,Florida,Indian River,2827,98,0,27.69308961,-80.60556721,12061.0,1767.7257180017887,3.4665723381676687,2729,2811,97,0,2714,2801,157413,16,1,0,15,10
2020-08-29,US,Florida,Jackson,2327,66,0,30.795459700000002,-85.21500423,12063.0,5013.5734907571,2.8362698753760207,2261,2314,65,0,2249,2301,48305,13,1,0,12,13
2020-08-29,US,Florida,Jefferson,495,6,0,30.43669112,-83.89442308,12065.0,3474.6595535588926,1.2121212121212122,489,496,6,0,490,493,14288,-1,0,0,-1,3
2020-08-29,US,Florida,Lafayette,1189,7,0,29.98484137,-83.18166636,12067.0,14117.786748990735,0.5887300252312868,1182,1184,7,0,1177,1177,8732,5,0,0,5,7
2020-08-29,US,Florida,Lake,6345,116,0,28.76202069,-81.7125123,12069.0,1728.3271318758545,1.828211189913317,6229,6275,103,0,6172,6213,356495,70,13,0,57,62
2020-08-29,US,Florida,Lee,18584,418,0,26.58410348,-81.88399313,12071.0,2411.6992850811794,2.2492466637968143,18166,18461,417,0,18044,18332,754610,123,1,0,122,129
2020-08-29,US,Florida,Leon,6194,33,0,30.45955727,-84.27491114,12073.0,2109.802372080032,0.5327736519212141,6161,6145,31,0,6114,6067,292502,49,2,0,47,78
2020-08-29,US,Florida,Levy,899,6,0,29.31829741,-82.74007147,12075.0,2166.1084740862107,0.6674082313681868,893,891,6,0,885,886,40770,8,0,0,8,5
2020-08-29,US,Florida,Liberty,432,7,0,30.23766008,-84.8829258,12077.0,5171.175484797702,1.6203703703703705,425,431,7,0,424,426,8457,1,0,0,1,5
2020-08-29,US,Florida,Madison,860,14,0,30.44396917,-83.47398594,12079.0,4650.408262585845,1.627906976744186,846,852,14,0,838,844,18529,8,0,0,8,8
2020-08-29,US,Florida,Manatee,10391,258,0,27.47196942,-82.31831044,12081.0,2576.794220997736,2.482917909729573,10133,10340,255,0,10085,10310,394855,51,3,0,48,30
2020-08-29,US,Florida,Marion,8424,174,0,29.21227113,-82.05803627,12083.0,2304.289907243031,2.065527065527065,8250,8321,169,0,8152,8261,359977,103,5,0,98,60
2020-08-29,US,Florida,Martin,4420,114,0,27.0772071,-80.43109784,12085.0,2745.341614906832,2.5791855203619907,4306,4362,114,0,4248,4222,160912,58,0,0,58,140
2020-08-29,US,Florida,Miami-Dade,156038,2399,0,25.6112362,-80.55170587,12086.0,5743.15222272115,1.5374460067419475,153639,155418,2372,0,153046,154757,2761581,620,27,0,593,661
2020-08-29,US,Florida,Monroe,1719,16,0,25.20904673,-81.07812416,12087.0,2315.837689281673,0.9307737056428156,1703,1714,16,0,1698,1704,75027,5,0,0,5,10
2020-08-29,US,Florida,Nassau,1643,19,0,30.61037141,-81.80297522,12089.0,1853.878702397744,1.1564211807668898,1624,1620,18,0,1602,1574,85832,23,1,0,22,46
2020-08-29,US,Florida,Okaloosa,4124,76,0,30.69143028,-86.59267105,12091.0,1956.9323045677563,1.842870999030068,4048,4094,76,0,4018,4055,207269,30,0,0,30,39
2020-08-29,US,Florida,Okeechobee,1234,15,0,27.386336199999995,-80.88944347,12093.0,2926.389679377727,1.2155591572123177,1219,1219,15,0,1204,1211,41537,15,0,0,15,8
2020-08-29,US,Florida,Orange,35613,376,0,28.51367621,-81.31799498,12095.0,2555.739271966311,1.0557942324432092,35237,35449,370,0,35079,35245,1380645,164,6,0,158,204
2020-08-29,US,Florida,Osceola,11055,129,0,28.06312234,-81.14882926,12097.0,2942.107938501827,1.1668928086838537,10926,10988,128,0,10860,10892,367990,67,1,0,66,96
2020-08-29,US,Florida,Palm Beach,41730,1117,0,26.64676272,-80.46536002,12099.0,2788.003500871877,2.676731368320153,40613,41558,1099,0,40459,41195,1485941,172,18,0,154,363
2020-08-29,US,Florida,Pasco,7989,173,0,28.30810945,-82.40227529,12101.0,1442.1957335268537,2.165477531605958,7816,7949,173,0,7776,7915,539630,40,0,0,40,34
2020-08-29,US,Florida,Pinellas,19813,650,0,27.93130349,-82.72239666,12103.0,2032.1109009677994,3.2806743047494065,19163,19740,645,0,19095,19681,975280,73,5,0,68,59
2020-08-29,US,Florida,Polk,16803,442,0,27.95027105,-81.69732947,12105.0,2318.3682705163105,2.6304826519073976,16361,16692,429,0,16263,16569,708009,111,13,0,98,123
2020-08-29,US,Florida,Putnam,1763,36,0,29.60779729,-81.74230285,12107.0,2365.776089961219,2.0419739081111743,1727,1757,36,0,1721,1750,74163,6,0,0,6,7
2020-08-29,US,Florida,Santa Rosa,4634,55,0,30.69341450000001,-87.02458128,12113.0,2514.201385686305,1.1868795856711265,4579,4592,55,0,4537,4566,179349,42,0,0,42,26
2020-08-29,US,Florida,Sarasota,7162,202,0,27.18546175,-82.33174248,12115.0,1651.2120108267127,2.8204412175370015,6960,7136,201,0,6935,7091,426718,26,1,0,25,45
2020-08-29,US,Florida,Seminole,7979,172,0,28.7158582,-81.24060348,12117.0,1691.0895118115577,2.1556586038350667,7807,7934,172,0,7762,7896,467832,45,0,0,45,38
2020-08-29,US,Florida,St. Johns,4286,57,0,29.90096506,-81.43589967,12109.0,1619.3628339983075,1.3299113392440505,4229,4263,56,0,4207,4239,254261,23,1,0,22,24
2020-08-29,US,Florida,St. Lucie,6939,235,0,27.37763908,-80.47106649,12111.0,2113.6349098529686,3.3866551376279004,6704,6896,235,0,6661,6822,321128,43,0,0,43,74
2020-08-29,US,Florida,Sumter,1832,50,0,28.70181754,-82.0794267,12119.0,1383.4768161909078,2.7292576419213974,1782,1819,48,0,1771,1754,128754,13,2,0,11,65
2020-08-29,US,Florida,Suwannee,2424,60,0,30.19746066,-82.99099670000003,12121.0,5457.3699259292625,2.4752475247524752,2364,2406,59,0,2347,2388,44191,18,1,0,17,18
2020-08-29,US,Florida,Taylor,1195,5,0,30.04848048,-83.60445406,12123.0,5540.358848347166,0.41841004184100417,1190,1185,5,0,1180,1183,21623,10,0,0,10,2
2020-08-29,US,Florida,Unassigned,984,0,0,0.0,0.0,90012.0,0.0,0.0,984,959,0,0,959,911,,25,0,0,25,48
2020-08-29,US,Florida,Union,572,5,0,30.04412971,-82.37497443,12125.0,3754.019820174575,0.8741258741258742,567,569,5,0,564,561,14940,3,0,0,3,8
2020-08-29,US,Florida,Volusia,9223,189,0,29.05858895,-81.18263252,12127.0,1666.9558490757004,2.0492247641765147,9034,9174,187,0,8987,9126,547538,49,2,0,47,48
2020-08-29,US,Florida,Wakulla,884,7,0,30.16548905,-84.39895211,12129.0,2620.113222087199,0.7918552036199095,877,880,7,0,873,873,32461,4,0,0,4,7
2020-08-29,US,Florida,Walton,1628,20,0,30.64204028,-86.16935664,12131.0,2197.891212485318,1.2285012285012284,1608,1622,20,0,1602,1612,71375,6,0,0,6,10
2020-08-29,US,Florida,Washington,1002,16,0,30.61359259,-85.66002461,12133.0,3933.5767283005534,1.5968063872255491,986,998,15,0,983,995,24880,4,1,0,3,3
2020-08-29,US,Georgia,Appling,883,23,0,31.74847232,-82.28909114,13001.0,4802.567170673338,2.60475651189128,860,881,23,0,858,869,18507,2,0,0,2,12
2020-08-29,US,Georgia,Atkinson,403,3,0,31.29633502,-82.87545866,13003.0,4935.701163502756,0.7444168734491315,400,398,3,0,395,394,8297,5,0,0,5,4
2020-08-29,US,Georgia,Bacon,513,8,0,31.55456473,-82.45936528,13005.0,4595.127194553923,1.5594541910331383,505,511,8,0,503,507,11185,2,0,0,2,4
2020-08-29,US,Georgia,Baker,71,3,0,31.32669878,-84.44218806,13007.0,2337.063857801185,4.225352112676056,68,72,3,0,69,73,3092,-1,0,0,-1,-1
2020-08-29,US,Georgia,Baldwin,1644,50,0,33.06882326,-83.24701748,13009.0,3662.285586990421,3.0413625304136254,1594,1599,48,0,1551,1563,44823,45,2,0,43,36
2020-08-29,US,Georgia,Banks,368,6,0,34.35607081,-83.49644388,13011.0,1913.2785692003745,1.6304347826086956,362,362,6,0,356,360,18988,6,0,0,6,2
2020-08-29,US,Georgia,Barrow,1717,37,0,33.99148694,-83.71436292,13013.0,2062.7102354637195,2.1549213744903897,1680,1694,37,0,1657,1671,80809,23,0,0,23,23
2020-08-29,US,Georgia,Bartow,2407,70,0,34.23732119,-84.83887523,13015.0,2234.1235218771467,2.9081844619858743,2337,2376,69,0,2307,2361,106408,31,1,0,30,15
2020-08-29,US,Georgia,Ben Hill,620,12,0,31.76095874,-83.22145359,13017.0,3712.574850299401,1.935483870967742,608,610,12,0,598,610,16787,10,0,0,10,0
2020-08-29,US,Georgia,Berrien,378,6,0,31.27590016,-83.22529920000002,13019.0,1948.7549621075425,1.5873015873015872,372,374,5,0,369,373,19252,4,1,0,3,1
2020-08-29,US,Georgia,Bibb,5388,118,0,32.80904227,-83.70489165,13021.0,3517.912757330617,2.1900519673348184,5270,5365,115,0,5250,5351,153095,23,3,0,20,14
2020-08-29,US,Georgia,Bleckley,346,16,0,32.43829035,-83.33035166,13023.0,2687.7961625106814,4.624277456647398,330,338,15,0,323,334,12838,8,1,0,7,4
2020-08-29,US,Georgia,Brantley,301,8,0,31.19576557,-81.97743999,13025.0,1575.1740017792663,2.6578073089701,293,301,8,0,293,299,18897,0,0,0,0,2
2020-08-29,US,Georgia,Brooks,476,21,0,30.83922642,-83.58303423,13027.0,3079.510901209808,4.411764705882354,455,470,20,0,450,468,15513,6,1,0,5,2
2020-08-29,US,Georgia,Bryan,843,9,0,32.00979311,-81.44002948,13029.0,2127.3374214550686,1.0676156583629892,834,840,9,0,831,823,38109,3,0,0,3,17
2020-08-29,US,Georgia,Bulloch,1796,21,0,32.39577406,-81.74811421,13031.0,2256.0546678725755,1.1692650334075725,1775,1743,21,0,1722,1610,77296,53,0,0,53,133
2020-08-29,US,Georgia,Burke,646,8,0,33.05917989,-81.99928721,13033.0,2886.1189295447443,1.238390092879257,638,639,8,0,631,636,22423,7,0,0,7,3
2020-08-29,US,Georgia,Butts,562,40,0,33.283094500000004,-83.95435040000002,13035.0,2253.76965030478,7.117437722419928,522,556,40,0,516,550,24193,6,0,0,6,6
2020-08-29,US,Georgia,Calhoun,229,7,0,31.53169785,-84.62725131,13037.0,3700.1131038940057,3.056768558951965,222,229,7,0,222,227,6352,0,0,0,0,2
2020-08-29,US,Georgia,Camden,1006,7,0,30.92951916,-81.66601818,13039.0,1840.2663447115208,0.6958250497017893,999,999,7,0,992,993,53677,7,0,0,7,6
2020-08-29,US,Georgia,Candler,332,14,0,32.40209349,-82.07702563,13043.0,3073.220401740257,4.216867469879518,318,326,12,0,314,320,10836,6,2,0,4,6
2020-08-29,US,Georgia,Carroll,2295,60,0,33.58138199,-85.07976677,13045.0,1912.6275085005664,2.6143790849673203,2235,2286,58,0,2228,2260,118121,9,2,0,7,26
2020-08-29,US,Georgia,Catoosa,852,17,0,34.89872298,-85.13757014,13047.0,1260.728026043208,1.9953051643192488,835,833,17,0,816,821,67420,19,0,0,19,12
2020-08-29,US,Georgia,Charlton,556,5,0,30.78371028,-82.13951596,13049.0,4151.7323775388295,0.8992805755395683,551,555,5,0,550,551,12968,1,0,0,1,4
2020-08-29,US,Georgia,Chatham,6987,120,0,32.00043026,-81.12489526,13051.0,2414.055211968352,1.7174753112924002,6867,6935,120,0,6815,6866,289195,52,0,0,52,69
2020-08-29,US,Georgia,Chattahoochee,1113,2,0,32.34341231,-84.78809239,13053.0,10204.455854038692,0.17969451931716082,1111,1088,2,0,1086,1066,10684,25,0,0,25,22
2020-08-29,US,Georgia,Chattooga,551,5,0,34.47197698,-85.34535662,13055.0,2222.7600952035173,0.9074410163339384,546,522,5,0,517,508,24790,29,0,0,29,14
2020-08-29,US,Georgia,Cherokee,4791,78,0,34.24393976,-84.47431861,13057.0,1851.4296313757611,1.6280525986224168,4713,4720,76,0,4644,4653,254149,71,2,0,69,67
2020-08-29,US,Georgia,Clarke,2789,26,0,33.95436462,-83.37124007,13059.0,2173.2862675425267,0.932233775546791,2763,2737,26,0,2711,2691,127330,52,0,0,52,46
2020-08-29,US,Georgia,Clay,112,2,0,31.62221166,-84.97713865,13061.0,3952.011291460833,1.7857142857142858,110,112,2,0,110,112,2887,0,0,0,0,0
2020-08-29,US,Georgia,Clayton,6430,137,0,33.54187245,-84.35594188,13063.0,2200.125917004271,2.1306376360808708,6293,6366,132,0,6234,6344,289615,64,5,0,59,22
2020-08-29,US,Georgia,Clinch,284,4,0,30.91395822,-82.70432472,13065.0,4291.3266847990335,1.4084507042253518,280,284,4,0,280,277,6648,0,0,0,0,7
2020-08-29,US,Georgia,Cobb,16840,390,0,33.94243204,-84.5761255,13067.0,2215.3784626799497,2.315914489311164,16450,16630,387,0,16243,16536,756865,210,3,0,207,94
2020-08-29,US,Georgia,Coffee,1776,37,0,31.54892966,-82.85492059999999,13069.0,4104.175814017979,2.083333333333333,1739,1767,36,0,1731,1751,43093,9,1,0,8,16
2020-08-29,US,Georgia,Colquitt,1743,26,0,31.18810588,-83.7677946,13071.0,3822.3684210526317,1.4916810097532989,1717,1736,26,0,1710,1723,45592,7,0,0,7,13
2020-08-29,US,Georgia,Columbia,3100,44,0,33.54534185,-82.263524,13073.0,1978.1257577497863,1.4193548387096775,3056,3085,44,0,3041,3055,154291,15,0,0,15,30
2020-08-29,US,Georgia,Cook,508,11,0,31.16068491,-83.42947229,13075.0,2941.51708164447,2.1653543307086616,497,505,10,0,495,502,17162,3,1,0,2,3
2020-08-29,US,Georgia,Coweta,2230,26,0,33.35334302,-84.76129976,13077.0,1501.5924960776788,1.1659192825112108,2204,2201,26,0,2175,2153,145864,29,0,0,29,48
2020-08-29,US,Georgia,Crawford,148,3,0,32.71391813,-83.98061238,13079.0,1193.1634956465655,2.0270270270270268,145,148,3,0,145,147,12318,0,0,0,0,1
2020-08-29,US,Georgia,Crisp,465,15,0,31.92289565,-83.76811843,13081.0,2078.490970856428,3.2258064516129035,450,459,15,0,444,455,22601,6,0,0,6,4
2020-08-29,US,Georgia,Dade,189,3,0,34.854916700000004,-85.50490424,13083.0,1172.7475800446762,1.5873015873015872,186,189,3,0,186,187,16226,0,0,0,0,2
2020-08-29,US,Georgia,Dawson,666,7,0,34.44244079,-84.16964071,13085.0,2550.9422399264595,1.0510510510510511,659,650,7,0,643,632,25083,16,0,0,16,18
2020-08-29,US,Georgia,DeKalb,16443,297,0,33.76944049,-84.22396017,13089.0,2165.555770666814,1.80623973727422,16146,16368,296,0,16072,16278,756558,75,1,0,74,90
2020-08-29,US,Georgia,Decatur,980,21,0,30.87967778,-84.57619536,13087.0,3711.558854718982,2.142857142857143,959,968,21,0,947,958,26575,12,0,0,12,10
2020-08-29,US,Georgia,Dodge,315,6,0,32.17265114,-83.16948926,13091.0,1528.7551565154085,1.9047619047619049,309,308,6,0,302,303,20705,7,0,0,7,5
2020-08-29,US,Georgia,Dooly,282,14,0,32.15630737,-83.79746561,13093.0,2106.04929051531,4.964539007092198,268,282,14,0,268,284,13706,0,0,0,0,-2
2020-08-29,US,Georgia,Dougherty,2969,179,0,31.53328528,-84.21722377,13095.0,3375.551412069671,6.028965981812058,2790,2962,178,0,2784,2949,91243,7,1,0,6,13
2020-08-29,US,Georgia,Douglas,3149,64,0,33.70291126,-84.77026156,13097.0,2151.794072828902,2.0323912353127978,3085,3123,62,0,3061,3105,145331,26,2,0,24,18
2020-08-29,US,Georgia,Early,409,32,0,31.32155345,-84.90255207,13099.0,4013.738959764475,7.823960880195599,377,406,32,0,374,404,10247,3,0,0,3,2
2020-08-29,US,Georgia,Echols,233,2,0,30.71101099,-82.89687287,13101.0,5816.2755866200705,0.8583690987124464,231,232,2,0,230,231,4000,1,0,0,1,1
2020-08-29,US,Georgia,Effingham,1042,16,0,32.36616021,-81.34280942,13103.0,1620.6295881547842,1.5355086372360844,1026,1029,15,0,1014,1010,62190,13,1,0,12,19
2020-08-29,US,Georgia,Elbert,452,1,0,34.11302332,-82.83936148,13105.0,2354.9025737209545,0.22123893805309736,451,447,1,0,446,440,19120,5,0,0,5,7
2020-08-29,US,Georgia,Emanuel,721,22,0,32.59221302,-82.30239915,13107.0,3183.785215932173,3.0513176144244105,699,719,22,0,697,698,22612,2,0,0,2,21
2020-08-29,US,Georgia,Evans,360,5,0,32.15328841,-81.8870105,13109.0,3379.0125774357048,1.3888888888888888,355,356,5,0,351,354,10721,4,0,0,4,2
2020-08-29,US,Georgia,Fannin,431,8,0,34.86430205,-84.316964,13111.0,1645.791965785856,1.8561484918793505,423,428,7,0,421,424,25964,3,1,0,2,4
2020-08-29,US,Georgia,Fayette,1564,38,0,33.41357794,-84.49089434,13113.0,1366.881953487559,2.429667519181585,1526,1539,38,0,1501,1492,113459,25,0,0,25,47
2020-08-29,US,Georgia,Floyd,2250,31,0,34.26268279,-85.21577392,13115.0,2284.310341326728,1.3777777777777778,2219,2215,30,0,2185,2193,97927,35,1,0,34,22
2020-08-29,US,Georgia,Forsyth,3057,33,0,34.22604035,-84.12315129999998,13117.0,1251.576240931497,1.0794896957801767,3024,3015,32,0,2983,2975,236612,42,1,0,41,40
2020-08-29,US,Georgia,Franklin,537,10,0,34.37525597,-83.23159927,13119.0,2299.8843633560323,1.86219739292365,527,525,10,0,515,522,23023,12,0,0,12,3
2020-08-29,US,Georgia,Fulton,24747,513,0,33.79216944,-84.46319413,13121.0,2325.9835873740644,2.0729785428536798,24234,24586,503,0,24083,24378,1050114,161,10,0,151,208
2020-08-29,US,Georgia,Gilmer,745,5,0,34.69316688,-84.45802506,13123.0,2374.9561669163822,0.6711409395973155,740,746,5,0,741,733,30816,-1,0,0,-1,13
2020-08-29,US,Georgia,Glascock,34,2,0,33.22879932,-82.61297636,13125.0,1144.3958263211039,5.882352941176472,32,35,2,0,33,34,2995,-1,0,0,-1,1
2020-08-29,US,Georgia,Glynn,3016,70,0,31.23279254,-81.53811412,13127.0,3536.0877925245036,2.3209549071618043,2946,2985,70,0,2915,2957,85219,31,0,0,31,28
2020-08-29,US,Georgia,Gordon,1506,29,0,34.50487351,-84.87296253,13129.0,2598.209202422235,1.9256308100929616,1477,1492,29,0,1463,1481,57685,14,0,0,14,11
2020-08-29,US,Georgia,Grady,644,10,0,30.87454847,-84.23418364,13131.0,2614.37908496732,1.5527950310559009,634,642,10,0,632,647,24748,2,0,0,2,-5
2020-08-29,US,Georgia,Greene,432,16,0,33.5769205,-83.17139104,13133.0,2357.563850687623,3.703703703703704,416,428,15,0,413,414,17698,4,1,0,3,14
2020-08-29,US,Georgia,Gwinnett,24137,330,0,33.96044201,-84.02137802,13135.0,2578.0507343124164,1.3671955918299703,23807,23972,324,0,23648,23812,927781,165,6,0,159,160
2020-08-29,US,Georgia,Habersham,1325,63,0,34.63331566,-83.53094677,13137.0,2923.138016237205,4.754716981132075,1262,1309,62,0,1247,1301,45388,16,1,0,15,8
2020-08-29,US,Georgia,Hall,7589,125,0,34.32207823,-83.81896936,13139.0,3712.07340993245,1.6471208327842932,7464,7475,122,0,7353,7365,202148,114,3,0,111,110
2020-08-29,US,Georgia,Hancock,355,39,0,33.2721566,-82.99766919,13141.0,4197.706042331796,10.985915492957748,316,355,39,0,316,353,8348,0,0,0,0,2
2020-08-29,US,Georgia,Haralson,327,7,0,33.79602175,-85.21005667,13143.0,1097.610096670247,2.1406727828746184,320,319,7,0,312,307,29533,8,0,0,8,12
2020-08-29,US,Georgia,Harris,723,21,0,32.73709786,-84.90538572,13145.0,2051.878760358724,2.904564315352697,702,721,21,0,700,718,34475,2,0,0,2,3
2020-08-29,US,Georgia,Hart,406,10,0,34.34626973,-82.96567682,13147.0,1549.3226483495514,2.4630541871921183,396,402,10,0,392,392,26099,4,0,0,4,10
2020-08-29,US,Georgia,Heard,169,5,0,33.29686567,-85.12886832,13149.0,1417.4284995387068,2.9585798816568047,164,168,5,0,163,165,11879,1,0,0,1,3
2020-08-29,US,Georgia,Henry,4391,78,0,33.4533428,-84.14814659999998,13151.0,1872.007708016252,1.7763607378729218,4313,4335,73,0,4262,4310,230220,56,5,0,51,25
2020-08-29,US,Georgia,Houston,2621,65,0,32.45802497,-83.66879087,13153.0,1660.300387044463,2.4799694772987406,2556,2600,65,0,2535,2587,155469,21,0,0,21,13
2020-08-29,US,Georgia,Irwin,218,4,0,31.60213036,-83.27501387,13155.0,2315.2081563296515,1.834862385321101,214,210,4,0,206,209,9398,8,0,0,8,1
2020-08-29,US,Georgia,Jackson,1468,25,0,34.13794553,-83.56814788,13157.0,2011.5926935883908,1.7029972752043596,1443,1427,25,0,1402,1406,70422,41,0,0,41,21
2020-08-29,US,Georgia,Jasper,195,3,0,33.31535543,-83.68844964,13159.0,1371.404458822702,1.5384615384615383,192,195,3,0,192,194,14040,0,0,0,0,1
2020-08-29,US,Georgia,Jeff Davis,625,10,0,31.80405727,-82.63724870000001,13161.0,4134.965266291762,1.6,615,620,10,0,610,614,15029,5,0,0,5,6
2020-08-29,US,Georgia,Jefferson,650,16,0,33.05867328,-82.41609057,13163.0,4231.219893243067,2.4615384615384617,634,642,15,0,627,630,15430,8,1,0,7,12
2020-08-29,US,Georgia,Jenkins,307,25,0,32.79248718,-81.96040187,13165.0,3538.4970032272936,8.143322475570033,282,302,24,0,278,294,8683,5,1,0,4,8
2020-08-29,US,Georgia,Johnson,310,13,0,32.70211082,-82.66166794,13167.0,3214.767188634243,4.193548387096774,297,309,13,0,296,304,9708,1,0,0,1,5
2020-08-29,US,Georgia,Jones,455,5,0,33.02512137,-83.56019163,13169.0,1583.4348355663824,1.0989010989010992,450,451,5,0,446,441,28616,4,0,0,4,10
2020-08-29,US,Georgia,Lamar,322,16,0,33.07841647,-84.14263877,13171.0,1687.8964197725006,4.9689440993788825,306,322,16,0,306,321,19000,0,0,0,0,1
2020-08-29,US,Georgia,Lanier,247,5,0,31.03828570000001,-83.06472457,13173.0,2369.7591864146602,2.0242914979757085,242,247,5,0,242,247,10340,0,0,0,0,0
2020-08-29,US,Georgia,Laurens,1315,44,0,32.46325233,-82.92221316,13175.0,2765.742649223909,3.3460076045627387,1271,1305,42,0,1263,1276,47325,10,2,0,8,29
2020-08-29,US,Georgia,Lee,657,24,0,31.779330600000005,-84.14324253,13177.0,2190.584155774873,3.6529680365296797,633,656,24,0,632,646,29764,1,0,0,1,10
2020-08-29,US,Georgia,Liberty,924,17,0,31.82588896,-81.49251135,13179.0,1504.028648164727,1.83982683982684,907,914,17,0,897,900,61497,10,0,0,10,14
2020-08-29,US,Georgia,Lincoln,192,7,0,33.79201475,-82.45024131,13181.0,2423.936371670244,3.6458333333333335,185,192,6,0,186,191,7915,0,1,0,-1,1
2020-08-29,US,Georgia,Long,182,3,0,31.75218791,-81.74952375,13183.0,930.5179201390663,1.6483516483516485,179,176,2,0,174,174,18998,6,1,0,5,2
2020-08-29,US,Georgia,Lowndes,3459,65,0,30.83568832,-83.27056716,13185.0,2946.186736623341,1.8791558253830587,3394,3438,64,0,3374,3426,116321,21,1,0,20,12
2020-08-29,US,Georgia,Lumpkin,701,12,0,34.57286511,-84.00425681,13187.0,2085.6887831002678,1.7118402282453635,689,676,12,0,664,656,32955,25,0,0,25,20
2020-08-29,US,Georgia,Macon,204,10,0,32.35207048,-84.04234127,13193.0,1575.6545917973276,4.901960784313727,194,203,10,0,193,203,13143,1,0,0,1,0
2020-08-29,US,Georgia,Madison,531,8,0,34.12920917,-83.21218732,13195.0,1777.1084337349398,1.5065913370998116,523,527,8,0,519,519,29650,4,0,0,4,8
2020-08-29,US,Georgia,Marion,169,6,0,32.3483402,-84.52733571,13197.0,2021.772939346812,3.5502958579881656,163,166,6,0,160,165,8351,3,0,0,3,1
2020-08-29,US,Georgia,McDuffie,510,12,0,33.47851918,-82.48252774,13189.0,2393.0180180180178,2.3529411764705883,498,503,12,0,491,501,21531,7,0,0,7,2
2020-08-29,US,Georgia,McIntosh,244,5,0,31.49683595,-81.40163426,13191.0,1697.0371400751148,2.0491803278688523,239,240,5,0,235,235,14340,4,0,0,4,5
2020-08-29,US,Georgia,Meriwether,480,9,0,33.04163534,-84.68859732,13199.0,2267.680823924033,1.875,471,477,9,0,468,475,21068,3,0,0,3,2
2020-08-29,US,Georgia,Miller,210,0,0,31.16568912,-84.73151117,13201.0,3672.6128016789094,0.0,210,209,0,0,209,202,5686,1,0,0,1,7
2020-08-29,US,Georgia,Mitchell,707,44,0,31.22483255,-84.19381821,13205.0,3233.7739559987194,6.223479490806223,663,700,44,0,656,705,22192,7,0,0,7,-5
2020-08-29,US,Georgia,Monroe,589,41,0,33.014289,-83.92097166,13207.0,2135.760388715643,6.960950764006793,548,587,39,0,548,585,27520,2,2,0,0,2
2020-08-29,US,Georgia,Montgomery,213,3,0,32.17201038,-82.53527476,13209.0,2322.285215874401,1.4084507042253518,210,212,2,0,210,207,9193,1,1,0,0,5
2020-08-29,US,Georgia,Morgan,411,2,0,33.59232073,-83.49129491,13211.0,2132.185100643287,0.4866180048661801,409,410,2,0,408,406,18853,1,0,0,1,4
2020-08-29,US,Georgia,Murray,705,3,0,34.78897608,-84.74993177,13213.0,1758.2801276935354,0.425531914893617,702,699,3,0,696,695,39921,6,0,0,6,4
2020-08-29,US,Georgia,Muscogee,5422,133,0,32.50931999,-84.87142262,13215.0,2769.590691069577,2.4529693839911477,5289,5402,129,0,5273,5384,194160,20,4,0,16,18
2020-08-29,US,Georgia,Newton,2277,60,0,33.55514538,-83.84547140000002,13217.0,2037.693298969072,2.635046113306983,2217,2252,59,0,2193,2234,109541,25,1,0,24,18
2020-08-29,US,Georgia,Oconee,550,20,0,33.83749973,-83.43679568,13219.0,1365.441906653426,3.636363636363636,530,545,20,0,525,539,39272,5,0,0,5,6
2020-08-29,US,Georgia,Oglethorpe,279,9,0,33.878629600000004,-83.08278123,13221.0,1828.4291237957927,3.2258064516129035,270,276,9,0,267,272,15054,3,0,0,3,4
2020-08-29,US,Georgia,Out of GA,16082,125,0,0.0,0.0,80013.0,0.0,0.7772665091406541,15957,16055,119,0,15936,16057,,27,6,0,21,-2
2020-08-29,US,Georgia,Paulding,2255,34,0,33.91969522,-84.86848792,13223.0,1336.9538795377875,1.5077605321507759,2221,2214,32,0,2182,2184,164044,41,2,0,39,30
2020-08-29,US,Georgia,Peach,568,16,0,32.56934316,-83.82937,13225.0,2062.0053728309013,2.8169014084507036,552,563,15,0,548,558,27297,5,1,0,4,5
2020-08-29,US,Georgia,Pickens,513,6,0,34.46589159,-84.46406611,13227.0,1574.0541867386703,1.1695906432748535,507,506,6,0,500,502,31980,7,0,0,7,4
2020-08-29,US,Georgia,Pierce,513,12,0,31.35928155,-82.21598442,13229.0,2635.499614693039,2.3391812865497075,501,510,12,0,498,507,19389,3,0,0,3,3
2020-08-29,US,Georgia,Pike,275,8,0,33.09310242,-84.38790389,13231.0,1450.2689589705726,2.9090909090909087,267,271,8,0,263,271,18634,4,0,0,4,0
2020-08-29,US,Georgia,Polk,1206,15,0,34.00267074,-85.18677781,13233.0,2830.1222631591304,1.243781094527363,1191,1189,15,0,1174,1168,42470,17,0,0,17,21
2020-08-29,US,Georgia,Pulaski,207,7,0,32.23334561,-83.47549959999998,13235.0,1858.6693005297657,3.3816425120772946,200,200,7,0,193,192,11069,7,0,0,7,8
2020-08-29,US,Georgia,Putnam,612,20,0,33.32056115,-83.37552891,13237.0,2766.8520276685203,3.2679738562091503,592,613,20,0,593,610,21809,-1,0,0,-1,3
2020-08-29,US,Georgia,Quitman,33,1,0,31.86728114,-85.01773177,13239.0,1435.4066985645934,3.0303030303030303,32,33,1,0,32,33,2279,0,0,0,0,0
2020-08-29,US,Georgia,Rabun,278,5,0,34.88389445,-83.40304637,13241.0,1622.2209254828733,1.7985611510791366,273,276,5,0,271,268,16867,2,0,0,2,8
2020-08-29,US,Georgia,Randolph,310,27,0,31.76622818,-84.75732369,13243.0,4573.620537031573,8.709677419354838,283,310,27,0,283,308,6833,0,0,0,0,2
2020-08-29,US,Georgia,Richmond,5955,125,0,33.35777107,-82.07026432,13245.0,2940.4793647972033,2.0990764063811924,5830,5916,120,0,5796,5853,201554,39,5,0,34,63
2020-08-29,US,Georgia,Rockdale,1634,32,0,33.65145002,-84.02202167,13247.0,1797.6588628762545,1.9583843329253363,1602,1626,32,0,1594,1630,90594,8,0,0,8,-4
2020-08-29,US,Georgia,Schley,94,2,0,32.2654021,-84.31258912,13249.0,1788.0920677192316,2.127659574468085,92,93,2,0,91,93,5236,1,0,0,1,0
2020-08-29,US,Georgia,Screven,280,9,0,32.74976524,-81.60779441,13251.0,2004.8689674924815,3.2142857142857144,271,278,9,0,269,277,13938,2,0,0,2,1
2020-08-29,US,Georgia,Seminole,282,8,0,30.93464824,-84.86823924,13253.0,3485.7849196538928,2.8368794326241136,274,282,8,0,274,279,8315,0,0,0,0,3
2020-08-29,US,Georgia,Spalding,1160,49,0,33.26310031,-84.28013991,13255.0,1739.0522165419845,4.224137931034483,1111,1152,48,0,1104,1144,66100,8,1,0,7,8
2020-08-29,US,Georgia,Stephens,820,26,0,34.55151201,-83.29405315,13257.0,3162.9701060752172,3.1707317073170733,794,808,25,0,783,796,26035,12,1,0,11,12
2020-08-29,US,Georgia,Stewart,354,11,0,32.07996777,-84.83208037,13259.0,5346.6243769823295,3.1073446327683616,343,353,11,0,342,335,6199,1,0,0,1,18
2020-08-29,US,Georgia,Sumter,851,59,0,32.03650571,-84.19821492,13261.0,2882.4007587047827,6.933019976498238,792,849,59,0,790,844,29733,2,0,0,2,5
2020-08-29,US,Georgia,Talbot,154,5,0,32.69642758,-84.53351366,13263.0,2485.875706214689,3.2467532467532467,149,154,5,0,149,154,6272,0,0,0,0,0
2020-08-29,US,Georgia,Taliaferro,19,0,0,33.56543317,-82.88136816,13265.0,1236.174365647365,0.0,19,19,0,0,19,18,1608,0,0,0,0,1
2020-08-29,US,Georgia,Tattnall,668,7,0,32.04785085,-82.05539188,13267.0,2641.778059004983,1.0479041916167664,661,663,7,0,656,659,25391,5,0,0,5,4
2020-08-29,US,Georgia,Taylor,153,6,0,32.55792548,-84.25077141,13269.0,1907.7306733167081,3.92156862745098,147,134,6,0,128,127,8039,19,0,0,19,7
2020-08-29,US,Georgia,Telfair,346,13,0,31.92829517,-82.93491155,13271.0,2181.5889029003783,3.757225433526012,333,343,13,0,330,340,15876,3,0,0,3,3
2020-08-29,US,Georgia,Terrell,317,31,0,31.77527543,-84.44069698,13273.0,3715.859805415543,9.779179810725553,286,318,31,0,287,314,8611,-1,0,0,-1,4
2020-08-29,US,Georgia,Thomas,1388,49,0,30.86392347,-83.91847289,13275.0,3122.5394254347484,3.5302593659942363,1339,1377,47,0,1330,1367,44448,11,2,0,9,10
2020-08-29,US,Georgia,Tift,1496,49,0,31.45743864,-83.5236119,13277.0,3680.740084637339,3.275401069518717,1447,1485,48,0,1437,1479,40571,11,1,0,10,6
2020-08-29,US,Georgia,Toombs,1054,17,0,32.12059861,-82.32957247,13279.0,3928.438315318673,1.6129032258064515,1037,1038,17,0,1021,1030,26887,16,0,0,16,8
2020-08-29,US,Georgia,Towns,201,6,0,34.91369188,-83.74107459999998,13281.0,1669.8512918501287,2.985074626865672,195,201,5,0,196,195,11852,0,1,0,-1,6
2020-08-29,US,Georgia,Treutlen,201,4,0,32.40422134,-82.56904553,13283.0,2912.6213592233007,1.9900497512437807,197,198,3,0,195,197,6809,3,1,0,2,1
2020-08-29,US,Georgia,Troup,2584,84,0,33.03349196,-85.02812115,13285.0,3695.5464660621838,3.2507739938080493,2500,2570,84,0,2486,2557,70034,14,0,0,14,13
2020-08-29,US,Georgia,Turner,277,19,0,31.71612656,-83.62069378,13287.0,3469.004383218535,6.859205776173285,258,276,19,0,257,276,7912,1,0,0,1,0
2020-08-29,US,Georgia,Twiggs,166,7,0,32.67435595,-83.43078662,13289.0,2044.334975369458,4.216867469879518,159,166,6,0,160,167,8188,0,1,0,-1,-1
2020-08-29,US,Georgia,Unassigned,2536,4,0,0.0,0.0,90013.0,0.0,0.15772870662460567,2532,2497,4,0,2493,2564,,39,0,0,39,-67
2020-08-29,US,Georgia,Union,463,9,0,34.82995757,-83.98967069,13291.0,1888.947819346416,1.9438444924406049,454,463,9,0,454,449,24001,0,0,0,0,14
2020-08-29,US,Georgia,Upson,654,55,0,32.87920671,-84.30024826,13293.0,2484.802431610942,8.409785932721713,599,646,54,0,592,640,26215,8,1,0,7,6
2020-08-29,US,Georgia,Walker,1021,21,0,34.73376362,-85.30165174,13295.0,1463.568469488683,2.0568070519098924,1000,996,21,0,975,946,69410,25,0,0,25,50
2020-08-29,US,Georgia,Walton,1448,47,0,33.78017694,-83.73552314,13297.0,1530.7686615288653,3.24585635359116,1401,1440,47,0,1393,1429,93503,8,0,0,8,11
2020-08-29,US,Georgia,Ware,1327,42,0,31.05449097,-82.42224148,13299.0,3713.550120333576,3.1650339110776184,1285,1324,42,0,1282,1318,35680,3,0,0,3,6
2020-08-29,US,Georgia,Warren,117,5,0,33.41146451,-82.67795848,13301.0,2226.8747620860295,4.2735042735042725,112,118,5,0,113,116,5251,-1,0,0,-1,2
2020-08-29,US,Georgia,Washington,607,4,0,32.96711864,-82.79357039,13303.0,2979.287326985373,0.6589785831960461,603,605,4,0,601,598,20386,2,0,0,2,7
2020-08-29,US,Georgia,Wayne,951,25,0,31.5521809,-81.91894878,13305.0,3177.7324823737763,2.6288117770767614,926,946,24,0,922,941,29808,5,1,0,4,5
2020-08-29,US,Georgia,Webster,38,2,0,32.04066113,-84.54742852,13307.0,1457.6141158419641,5.2631578947368425,36,38,2,0,36,38,2611,0,0,0,0,0
2020-08-29,US,Georgia,Wheeler,145,5,0,32.12009104,-82.72574721,13309.0,1845.957988542329,3.4482758620689653,140,143,5,0,138,141,7879,2,0,0,2,2
2020-08-29,US,Georgia,White,510,13,0,34.64624278,-83.74905525,13311.0,1655.951685174362,2.5490196078431366,497,492,12,0,480,478,29970,18,1,0,17,14
2020-08-29,US,Georgia,Whitfield,3962,51,0,34.80987459,-84.96093476,13313.0,3786.749244943992,1.287228672387683,3911,3932,50,0,3882,3902,104062,30,1,0,29,30
2020-08-29,US,Georgia,Wilcox,222,20,0,31.97496928,-83.43438555,13315.0,2570.9322524609147,9.00900900900901,202,218,20,0,198,220,8812,4,0,0,4,-2
2020-08-29,US,Georgia,Wilkes,220,3,0,33.78290391,-82.74286107,13317.0,2250.1789915106883,1.3636363636363635,217,219,3,0,216,216,9876,1,0,0,1,3
2020-08-29,US,Georgia,Wilkinson,289,17,0,32.80291082,-83.17140684,13319.0,3227.6077730623188,5.882352941176472,272,287,14,0,273,283,9036,2,3,0,-1,4
2020-08-29,US,Georgia,Worth,499,28,0,31.55162306,-83.85090513,13321.0,2464.562651256977,5.611222444889781,471,496,26,0,470,494,20299,3,2,0,1,2
2020-08-29,US,Hawaii,Hawaii,318,0,0,19.60121157,-155.5210167,15001.0,157.80619612630449,0.0,318,279,0,0,279,253,200983,39,0,0,39,26
2020-08-29,US,Hawaii,Honolulu,7410,53,0,21.45803166,-157.97121819999995,15003.0,760.3407886406524,0.7152496626180836,7357,7147,50,0,7097,6915,980080,263,3,0,260,232
2020-08-29,US,Hawaii,Kauai,57,0,0,22.03935037,-159.5966786,15007.0,78.84580803120635,0.0,57,56,0,0,56,56,72133,1,0,0,1,0
2020-08-29,US,Hawaii,Maui,330,8,0,20.86399628,-156.56890969999995,15009.0,197.11259907894657,2.4242424242424243,322,324,8,0,316,318,167207,6,0,0,6,6
2020-08-29,US,Hawaii,Out of HI,24,1,0,0.0,0.0,80015.0,0.0,4.166666666666667,23,24,1,0,23,24,,0,0,0,0,0
2020-08-29,US,Idaho,Ada,11080,125,0,43.4526575,-116.24155159999998,16001.0,2300.7265561570393,1.128158844765343,10955,10982,124,0,10858,10930,469966,98,1,0,97,52
2020-08-29,US,Idaho,Adams,25,0,0,44.89333571,-116.4545247,16003.0,582.2077317186772,0.0,25,25,0,0,25,25,4250,0,0,0,0,0
2020-08-29,US,Idaho,Bannock,612,2,0,42.67002716,-112.2233311,16005.0,696.975218658892,0.32679738562091504,610,607,2,0,605,598,87138,5,0,0,5,9
2020-08-29,US,Idaho,Bear Lake,30,0,0,42.28269683,-111.32892379999998,16007.0,489.79591836734687,0.0,30,30,0,0,30,30,6050,0,0,0,0,0
2020-08-29,US,Idaho,Benewah,110,1,0,47.21754179,-116.6586851,16009.0,1183.0501183050121,0.9090909090909092,109,109,1,0,108,109,9226,1,0,0,1,0
2020-08-29,US,Idaho,Bingham,446,5,0,43.21672879999999,-112.3978437,16011.0,952.7675119095938,1.1210762331838564,441,439,5,0,434,432,46236,7,0,0,7,7
2020-08-29,US,Idaho,Blaine,604,6,0,43.4085812,-113.9752658,16013.0,2623.6914121888713,0.9933774834437086,598,601,6,0,595,601,22601,3,0,0,3,0
2020-08-29,US,Idaho,Boise,61,1,0,43.98829931,-115.7309284,16015.0,778.9554335333929,1.639344262295082,60,61,1,0,60,60,7634,0,0,0,0,1
2020-08-29,US,Idaho,Bonner,213,0,0,48.29996017,-116.6017932,16017.0,465.6857386475437,0.0,213,211,0,0,211,207,44727,2,0,0,2,4
2020-08-29,US,Idaho,Bonneville,1720,10,0,43.38713372,-111.6161537,16019.0,1444.6254892408992,0.5813953488372093,1710,1697,9,0,1688,1647,116854,23,1,0,22,50
2020-08-29,US,Idaho,Boundary,43,1,0,48.76684761,-116.4630179,16021.0,351.1637403021642,2.3255813953488373,42,43,1,0,42,43,11948,0,0,0,0,0
2020-08-29,US,Idaho,Butte,10,0,0,43.72592209,-113.1735463,16023.0,385.0596842510589,0.0,10,10,0,0,10,7,2611,0,0,0,0,3
2020-08-29,US,Idaho,Camas,4,0,0,43.46665742,-114.8065892,16025.0,361.6636528028933,0.0,4,4,0,0,4,3,1127,0,0,0,0,1
2020-08-29,US,Idaho,Canyon,7126,75,0,43.61970148,-116.70954990000001,16027.0,3100.2962814717494,1.0524838619141172,7051,7051,74,0,6977,7004,223499,75,1,0,74,47
2020-08-29,US,Idaho,Caribou,39,0,0,42.77149116,-111.5597683,16029.0,545.0733752620545,0.0,39,39,0,0,39,39,7060,0,0,0,0,0
2020-08-29,US,Idaho,Cassia,580,4,0,42.28347888,-113.6012409,16031.0,2413.6496046608404,0.6896551724137931,576,580,4,0,576,578,23864,0,0,0,0,2
2020-08-29,US,Idaho,Clark,20,0,0,44.28496071,-112.35057040000001,16033.0,2366.863905325444,0.0,20,18,0,0,18,18,852,2,0,0,2,0
2020-08-29,US,Idaho,Clearwater,21,0,0,46.67459924,-115.6622393,16035.0,239.83554134307903,0.0,21,21,0,0,21,20,8758,0,0,0,0,1
2020-08-29,US,Idaho,Custer,31,0,0,44.24186819,-114.2855494,16037.0,718.4241019698725,0.0,31,31,0,0,31,27,4280,0,0,0,0,4
2020-08-29,US,Idaho,Elmore,278,3,0,43.3507101,-115.4701578,16039.0,1010.5048889535096,1.0791366906474822,275,274,3,0,271,274,27259,4,0,0,4,0
2020-08-29,US,Idaho,Franklin,56,0,0,42.18332217,-111.81496659999999,16041.0,403.57451715191706,0.0,56,56,0,0,56,55,13726,0,0,0,0,1
2020-08-29,US,Idaho,Fremont,111,2,0,44.22800938,-111.48099429999999,16043.0,847.3929307580731,1.8018018018018016,109,108,1,0,107,107,13168,3,1,0,2,1
2020-08-29,US,Idaho,Gem,210,2,0,44.06482372,-116.398376,16045.0,1159.452296819788,0.9523809523809524,208,208,2,0,206,206,17634,2,0,0,2,2
2020-08-29,US,Idaho,Gooding,224,1,0,42.96927962,-114.81083059999999,16047.0,1475.7230384083273,0.44642857142857145,223,219,1,0,218,215,15196,5,0,0,5,4
2020-08-29,US,Idaho,Idaho,40,0,0,45.84721541,-115.4634436,16049.0,239.9952000959981,0.0,40,40,0,0,40,40,16513,0,0,0,0,0
2020-08-29,US,Idaho,Jefferson,341,1,0,43.82078483,-112.3131749,16051.0,1141.5754410632385,0.2932551319648094,340,338,1,0,337,336,29439,3,0,0,3,2
2020-08-29,US,Idaho,Jerome,596,6,0,42.68891267,-114.2655033,16053.0,2441.4222513517943,1.0067114093959733,590,592,6,0,586,589,24015,4,0,0,4,3
2020-08-29,US,Idaho,Kootenai,2169,29,0,47.67282258,-116.7020872,16055.0,1309.015854239968,1.3370216689718764,2140,2164,29,0,2135,2150,161505,5,0,0,5,14
2020-08-29,US,Idaho,Latah,233,0,0,46.81587887,-116.71136979999999,16057.0,580.9314849905256,0.0,233,233,0,0,233,225,40134,0,0,0,0,8
2020-08-29,US,Idaho,Lemhi,70,0,0,44.9438088,-113.9309747,16059.0,872.0568082720818,0.0,70,69,0,0,69,69,7961,1,0,0,1,0
2020-08-29,US,Idaho,Lincoln,67,0,0,43.0012336,-114.1358773,16063.0,1248.602310846068,0.0,67,67,0,0,67,67,5360,0,0,0,0,0
2020-08-29,US,Idaho,Madison,235,0,0,43.78141028,-111.65384740000002,16065.0,588.8691207056406,0.0,235,233,0,0,233,229,39304,2,0,0,2,4
2020-08-29,US,Idaho,Minidoka,552,2,0,42.85518524,-113.6357257,16067.0,2623.698845002139,0.3623188405797101,550,550,2,0,548,547,20825,2,0,0,2,3
2020-08-29,US,Idaho,Nez Perce,284,19,0,46.32638236,-116.75009750000001,16069.0,702.83112254999,6.690140845070423,265,284,19,0,265,274,40408,0,0,0,0,10
2020-08-29,US,Idaho,Oneida,21,0,0,42.19494279999999,-112.5407838,16071.0,463.4738468329287,0.0,21,21,0,0,21,20,4488,0,0,0,0,1
2020-08-29,US,Idaho,Owyhee,300,5,0,42.58016894,-116.16938710000001,16073.0,2537.4270489723417,1.6666666666666667,295,297,5,0,292,296,11693,3,0,0,3,1
2020-08-29,US,Idaho,Payette,652,4,0,44.00545243,-116.7647695,16075.0,2722.224541772787,0.6134969325153374,648,639,4,0,635,628,23551,13,0,0,13,11
2020-08-29,US,Idaho,Power,113,0,0,42.69254894,-112.83957420000002,16077.0,1471.1626090352818,0.0,113,107,0,0,107,105,7768,6,0,0,6,2
2020-08-29,US,Idaho,Shoshone,196,15,0,47.35364087,-115.89167490000001,16079.0,1521.5028722248098,7.653061224489796,181,195,14,0,181,195,12796,1,1,0,0,0
2020-08-29,US,Idaho,Teton,125,0,0,43.75303583,-111.2056773,16081.0,1029.4844341953549,0.0,125,123,0,0,123,122,11640,2,0,0,2,1
2020-08-29,US,Idaho,Twin Falls,1665,34,0,42.35440512,-114.6685381,16083.0,1916.4805819655148,2.042042042042042,1631,1650,34,0,1616,1640,86081,15,0,0,15,10
2020-08-29,US,Idaho,Unassigned,3,0,0,0.0,0.0,90016.0,0.0,0.0,3,3,0,0,3,3,,0,0,0,0,0
2020-08-29,US,Idaho,Valley,84,1,0,44.76728382,-115.5676773,16085.0,737.3595505617978,1.1904761904761905,83,80,1,0,79,80,11041,4,0,0,4,0
2020-08-29,US,Idaho,Washington,268,4,0,44.45275475,-116.78476880000001,16087.0,2628.9974494800863,1.492537313432836,264,267,4,0,263,263,10161,1,0,0,1,4
2020-08-29,US,Illinois,Adams,762,7,0,39.98815591,-91.18786813,17001.0,1164.5144036066326,0.9186351706036744,755,749,7,0,742,734,65691,13,0,0,13,15
2020-08-29,US,Illinois,Alexander,44,0,0,37.18049267,-89.32910838,17003.0,763.7562923103627,0.0,44,44,0,0,44,44,6060,0,0,0,0,0
2020-08-29,US,Illinois,Bond,131,3,0,38.88829622,-89.43534887,17005.0,797.5161329599416,2.2900763358778624,128,125,3,0,122,123,16630,6,0,0,6,2
2020-08-29,US,Illinois,Boone,856,23,0,42.32359279,-88.82345779,17007.0,1598.6851934857316,2.6869158878504678,833,849,23,0,826,846,53577,7,0,0,7,3
2020-08-29,US,Illinois,Brown,21,0,0,39.96209138,-90.75068024,17009.0,319.2459714198845,0.0,21,20,0,0,20,18,6556,1,0,0,1,2
2020-08-29,US,Illinois,Bureau,357,5,0,41.40385234,-89.5283051,17011.0,1094.1522618609783,1.4005602240896358,352,353,5,0,348,348,32993,4,0,0,4,5
2020-08-29,US,Illinois,Calhoun,26,0,0,39.16840183,-90.66330078,17013.0,548.638953365689,0.0,26,26,0,0,26,26,4802,0,0,0,0,0
2020-08-29,US,Illinois,Carroll,132,4,0,42.06823429,-89.93395545,17015.0,922.7542817196784,3.0303030303030303,128,131,4,0,127,125,14312,1,0,0,1,6
2020-08-29,US,Illinois,Cass,298,11,0,39.96991073,-90.24734436,17017.0,2453.2806454268543,3.6912751677852342,287,296,11,0,285,297,12260,2,0,0,2,-1
2020-08-29,US,Illinois,Champaign,2368,20,0,40.13919438,-88.20046615,17019.0,1129.2914745170226,0.8445945945945946,2348,2310,20,0,2290,2210,209983,58,0,0,58,100
2020-08-29,US,Illinois,Christian,230,4,0,39.54581621,-89.27780482,17021.0,711.9861317483902,1.7391304347826086,226,216,4,0,212,195,32661,14,0,0,14,21
2020-08-29,US,Illinois,Clark,116,2,0,39.33425789,-87.78705622,17023.0,751.2466809144487,1.7241379310344829,114,115,2,0,113,112,15596,1,0,0,1,3
2020-08-29,US,Illinois,Clay,74,0,0,38.75388572,-88.48914513,17025.0,561.2864077669902,0.0,74,72,0,0,72,65,13253,2,0,0,2,7
2020-08-29,US,Illinois,Clinton,691,17,0,38.60704876,-89.42385254,17027.0,1839.6251530802408,2.4602026049204047,674,670,17,0,653,667,37639,21,0,0,21,3
2020-08-29,US,Illinois,Coles,937,21,0,39.51949084,-88.22358557,17029.0,1851.0104502084118,2.24119530416222,916,884,21,0,863,860,50885,53,0,0,53,24
2020-08-29,US,Illinois,Cook,125124,5046,0,41.84144849,-87.81658794,17031.0,2429.482316625287,4.032799462932771,120078,124573,5045,0,119528,123691,5180493,551,1,0,550,882
2020-08-29,US,Illinois,Crawford,77,0,0,39.0032229,-87.75954624,17033.0,412.49263406010607,0.0,77,72,0,0,72,72,18807,5,0,0,5,0
2020-08-29,US,Illinois,Cumberland,133,3,0,39.27432424,-88.2401158,17035.0,1235.3706111833549,2.255639097744361,130,128,3,0,125,127,10808,5,0,0,5,1
2020-08-29,US,Illinois,De Witt,41,1,0,40.17514519,-88.90959682,17039.0,262.1818646885791,2.4390243902439024,40,40,1,0,39,39,15769,1,0,0,1,1
2020-08-29,US,Illinois,DeKalb,1092,35,0,41.89373302,-88.76958483,17037.0,1041.0211922171272,3.2051282051282053,1057,1089,35,0,1054,1082,104143,3,0,0,3,7
2020-08-29,US,Illinois,Douglas,211,5,0,39.76768052,-88.21854195,17041.0,1083.9969175443102,2.3696682464454977,206,207,5,0,202,202,19479,4,0,0,4,5
2020-08-29,US,Illinois,DuPage,14398,533,0,41.85116968,-88.08642662,17043.0,1560.04685124729,3.7019030420891785,13865,14299,533,0,13766,14200,928589,99,0,0,99,99
2020-08-29,US,Illinois,Edgar,81,0,0,39.6809186,-87.74759563,17045.0,472.00046617329997,0.0,81,79,0,0,79,77,17360,2,0,0,2,2
2020-08-29,US,Illinois,Edwards,38,0,0,38.41353228,-88.05720863,17047.0,594.2142298670835,0.0,38,36,0,0,36,34,6392,2,0,0,2,2
2020-08-29,US,Illinois,Effingham,506,1,0,39.05935711,-88.58969584,17049.0,1487.8852034815338,0.1976284584980237,505,478,1,0,477,464,34208,28,0,0,28,14
2020-08-29,US,Illinois,Fayette,163,3,0,39.00072038,-89.02452658,17051.0,763.9670041244844,1.8404907975460123,160,153,3,0,150,144,21416,10,0,0,10,9
2020-08-29,US,Illinois,Ford,71,2,0,40.59706922,-88.22350769,17053.0,547.7972378674485,2.8169014084507036,69,70,2,0,68,69,13264,1,0,0,1,1
2020-08-29,US,Illinois,Franklin,335,1,0,37.99189086,-88.92567818,17055.0,870.8310587745978,0.29850746268656714,334,327,1,0,326,315,38701,8,0,0,8,12
2020-08-29,US,Illinois,Fulton,80,0,0,40.47289135,-90.20862357,17057.0,232.96447291788,0.0,80,77,0,0,77,75,34844,3,0,0,3,2
2020-08-29,US,Illinois,Gallatin,62,2,0,37.76430935,-88.22953869,17059.0,1284.175642087821,3.2258064516129035,60,62,2,0,60,62,5058,0,0,0,0,0
2020-08-29,US,Illinois,Greene,103,1,0,39.35907414,-90.388865,17061.0,794.2015575603361,0.9708737864077671,102,99,1,0,98,97,13044,4,0,0,4,2
2020-08-29,US,Illinois,Grundy,471,5,0,41.28569601,-88.41905692,17063.0,922.5525913738396,1.0615711252653928,466,468,5,0,463,461,50972,3,0,0,3,7
2020-08-29,US,Illinois,Hamilton,45,0,0,38.08163641,-88.53883373,17065.0,554.4603252833908,0.0,45,44,0,0,44,44,8163,1,0,0,1,0
2020-08-29,US,Illinois,Hancock,132,2,0,40.40423981,-91.16313899,17067.0,745.4257962502825,1.5151515151515151,130,126,2,0,124,123,17844,6,0,0,6,3
2020-08-29,US,Illinois,Hardin,18,0,0,37.51810645,-88.26873022,17069.0,471.08086888249153,0.0,18,18,0,0,18,18,3910,0,0,0,0,0
2020-08-29,US,Illinois,Henderson,44,0,0,40.81908672,-90.92491462,17071.0,662.0523623232019,0.0,44,41,0,0,41,40,6709,3,0,0,3,1
2020-08-29,US,Illinois,Henry,454,1,0,41.3533994,-90.13296166,17073.0,928.1786028254248,0.22026431718061676,453,438,1,0,437,424,49090,16,0,0,16,14
2020-08-29,US,Illinois,Iroquois,294,19,0,40.74717633,-87.82466784,17075.0,1084.310688205355,6.462585034013605,275,291,19,0,272,287,27604,3,0,0,3,4
2020-08-29,US,Illinois,Jackson,909,21,0,37.78595185,-89.38232563,17077.0,1601.7621145374449,2.31023102310231,888,895,20,0,875,892,57419,14,1,0,13,3
2020-08-29,US,Illinois,Jasper,124,7,0,39.01054275,-88.15437049,17079.0,1290.3225806451612,5.645161290322582,117,111,7,0,104,104,9611,13,0,0,13,7
2020-08-29,US,Illinois,Jefferson,447,34,0,38.29980057,-88.9240025,17081.0,1186.179811060397,7.6062639821029085,413,442,34,0,408,434,37820,5,0,0,5,8
2020-08-29,US,Illinois,Jersey,275,6,0,39.08869046,-90.35393073,17083.0,1263.0321958388831,2.1818181818181817,269,271,5,0,266,264,21847,4,1,0,3,7
2020-08-29,US,Illinois,Jo Daviess,173,2,0,42.36542373,-90.21094405,17085.0,814.6927242759593,1.1560693641618498,171,173,2,0,171,171,21366,0,0,0,0,2
2020-08-29,US,Illinois,Johnson,113,0,0,37.45939802,-88.88165419,17087.0,910.0426834178948,0.0,113,110,0,0,110,107,12456,3,0,0,3,3
2020-08-29,US,Illinois,Kane,11099,312,0,41.93842729,-88.42861412,17089.0,2084.698996812565,2.8110640598252097,10787,11052,312,0,10740,11002,534216,47,0,0,47,50
2020-08-29,US,Illinois,Kankakee,2168,71,0,41.13746989,-87.86205334,17091.0,1973.3847918297504,3.2749077490774914,2097,2149,71,0,2078,2107,110024,19,0,0,19,42
2020-08-29,US,Illinois,Kendall,1638,23,0,41.59081014,-88.42869583,17093.0,1269.8658810760526,1.4041514041514038,1615,1633,23,0,1610,1623,127915,5,0,0,5,10
2020-08-29,US,Illinois,Knox,441,3,0,40.93148779,-90.21330340000002,17095.0,887.3417976216824,0.6802721088435374,438,441,3,0,438,440,50112,0,0,0,0,1
2020-08-29,US,Illinois,LaSalle,1219,45,0,41.34426129999999,-88.88633881,17099.0,1121.755054339324,3.691550451189499,1174,1203,45,0,1158,1180,109430,16,0,0,16,23
2020-08-29,US,Illinois,Lake,14455,464,0,42.3224907,-88.00367925,17097.0,2075.272599366866,3.209961950882048,13991,14379,463,0,13916,14223,700832,76,1,0,75,156
2020-08-29,US,Illinois,Lawrence,111,0,0,38.71987914,-87.72884035,17101.0,707.998469192499,0.0,111,96,0,0,96,93,15765,15,0,0,15,3
2020-08-29,US,Illinois,Lee,238,1,0,41.74583951,-89.29977132,17103.0,698.0290943219148,0.4201680672268908,237,231,1,0,230,226,34223,7,0,0,7,5
2020-08-29,US,Illinois,Livingston,181,4,0,40.89188292,-88.55784752,17105.0,507.74236983842,2.209944751381216,177,180,4,0,176,179,35761,1,0,0,1,1
2020-08-29,US,Illinois,Logan,259,1,0,40.12581572,-89.36638784,17107.0,905.0248095604164,0.3861003861003861,258,249,1,0,248,247,28925,10,0,0,10,2
2020-08-29,US,Illinois,Macon,925,26,0,39.86064913,-88.96342505,17115.0,889.3461142785719,2.810810810810811,899,907,26,0,881,894,104712,18,0,0,18,13
2020-08-29,US,Illinois,Macoupin,345,3,0,39.26119767,-89.92424028,17117.0,767.929484040422,0.8695652173913043,342,340,3,0,337,333,45313,5,0,0,5,7
2020-08-29,US,Illinois,Madison,3956,97,0,38.83042506,-89.90422563,17119.0,1504.3769917023496,2.451971688574317,3859,3868,95,0,3773,3818,264461,88,2,0,86,50
2020-08-29,US,Illinois,Marion,263,0,0,38.64963204,-88.91899208,17121.0,706.8942346458809,0.0,263,262,0,0,262,259,37620,1,0,0,1,3
2020-08-29,US,Illinois,Marshall,46,0,0,41.0327901,-89.34510444,17123.0,402.1682112257389,0.0,46,44,0,0,44,44,11534,2,0,0,2,0
2020-08-29,US,Illinois,Mason,81,1,0,40.23917274,-89.91824452,17125.0,606.3328093420166,1.2345679012345678,80,77,1,0,76,76,13565,4,0,0,4,1
2020-08-29,US,Illinois,Massac,65,1,0,37.22078441,-88.71036614,17127.0,471.9721173395295,1.5384615384615383,64,64,1,0,63,63,14080,1,0,0,1,1
2020-08-29,US,Illinois,McDonough,194,15,0,40.45674722,-90.67775541,17109.0,653.59477124183,7.731958762886598,179,185,15,0,170,176,29955,9,0,0,9,9
2020-08-29,US,Illinois,McHenry,3793,115,0,42.32451172,-88.45248227,17111.0,1232.3977983845289,3.031900870023728,3678,3774,114,0,3660,3743,308570,19,1,0,18,31
2020-08-29,US,Illinois,McLean,1474,16,0,40.48996987,-88.84621113,17113.0,859.39003130885,1.0854816824966078,1458,1379,16,0,1363,1323,172828,95,0,0,95,56
2020-08-29,US,Illinois,Menard,68,0,0,40.02742725,-89.80246001,17129.0,557.5598556903901,0.0,68,68,0,0,68,68,12288,0,0,0,0,0
2020-08-29,US,Illinois,Mercer,98,4,0,41.20596782,-90.74290052,17131.0,634.8383753319946,4.081632653061225,94,97,4,0,93,94,15601,1,0,0,1,3
2020-08-29,US,Illinois,Monroe,444,14,0,38.27594376,-90.17761038,17133.0,1281.8662124317925,3.1531531531531534,430,440,14,0,426,442,34335,4,0,0,4,-2
2020-08-29,US,Illinois,Montgomery,246,8,0,39.23198845,-89.47809254,17135.0,865.7703948757654,3.2520325203252027,238,246,8,0,238,243,28601,0,0,0,0,3
2020-08-29,US,Illinois,Morgan,481,18,0,39.71654544,-90.20255104,17137.0,1429.080753461287,3.7422037422037424,463,480,18,0,462,475,33976,1,0,0,1,5
2020-08-29,US,Illinois,Moultrie,155,1,0,39.64187451,-88.62099969,17139.0,1068.8918005654782,0.6451612903225806,154,151,0,0,151,144,14717,4,1,0,3,7
2020-08-29,US,Illinois,Ogle,471,5,0,42.04165196,-89.32184679,17141.0,930.0396895918487,1.0615711252653928,466,468,5,0,463,468,50923,3,0,0,3,0
2020-08-29,US,Illinois,Out of IL,2,0,0,0.0,0.0,80017.0,0.0,0.0,2,2,0,0,2,2,,0,0,0,0,0
2020-08-29,US,Illinois,Peoria,2325,40,0,40.78702156,-89.76078901,17143.0,1297.585096467778,1.7204301075268815,2285,2301,40,0,2261,2271,180621,24,0,0,24,30
2020-08-29,US,Illinois,Perry,288,8,0,38.08510853,-89.36856219,17145.0,1376.9363166953528,2.7777777777777777,280,286,8,0,278,283,21174,2,0,0,2,3
2020-08-29,US,Illinois,Piatt,78,0,0,40.01360584,-88.59319339,17147.0,477.2393538913363,0.0,78,76,0,0,76,72,16396,2,0,0,2,4
2020-08-29,US,Illinois,Pike,68,0,0,39.62265059,-90.8877017,17149.0,436.9899106741212,0.0,68,68,0,0,68,66,15611,0,0,0,0,2
2020-08-29,US,Illinois,Pope,18,1,0,37.41391284,-88.56152109,17151.0,430.9312903998085,5.5555555555555545,17,14,1,0,13,14,4212,4,0,0,4,0
2020-08-29,US,Illinois,Pulaski,121,1,0,37.22631423,-89.13085001,17153.0,2268.041237113402,0.8264462809917356,120,117,1,0,116,117,5463,4,0,0,4,0
2020-08-29,US,Illinois,Putnam,17,0,0,41.2013541,-89.2869272,17155.0,296.2188534587907,0.0,17,16,0,0,16,15,5740,1,0,0,1,1
2020-08-29,US,Illinois,Randolph,725,7,0,38.05095369,-89.82512254,17157.0,2281.165439556982,0.9655172413793104,718,702,7,0,695,697,32106,23,0,0,23,5
2020-08-29,US,Illinois,Richland,62,3,0,38.71240969,-88.08475366,17159.0,399.6647972668085,4.838709677419356,59,60,2,0,58,58,15763,2,1,0,1,2
2020-08-29,US,Illinois,Rock Island,2164,54,0,41.46613806,-90.57042164,17161.0,1525.2433411569016,2.4953789279112755,2110,2112,53,0,2059,2094,143477,52,1,0,51,18
2020-08-29,US,Illinois,Saline,163,3,0,37.75332999,-88.54119706,17165.0,693.8827636115959,1.8404907975460123,160,161,3,0,158,161,23906,2,0,0,2,0
2020-08-29,US,Illinois,Sangamon,1744,37,0,39.75836914,-89.65872023,17167.0,895.8658666885839,2.1215596330275233,1707,1724,37,0,1687,1701,195348,20,0,0,20,23
2020-08-29,US,Illinois,Schuyler,19,0,0,40.157179799999994,-90.61114163,17169.0,280.73286052009456,0.0,19,19,0,0,19,19,6907,0,0,0,0,0
2020-08-29,US,Illinois,Scott,45,0,0,39.642916899999996,-90.47814431,17171.0,908.9072914562712,0.0,45,45,0,0,45,44,4926,0,0,0,0,1
2020-08-29,US,Illinois,Shelby,192,3,0,39.39133527,-88.80611122,17173.0,887.4919108810208,1.5625,189,185,3,0,182,176,21741,7,0,0,7,9
2020-08-29,US,Illinois,St. Clair,5227,170,0,38.46996033,-89.93063427,17163.0,2012.815477153177,3.25234360053568,5057,5158,170,0,4988,5107,261059,69,0,0,69,51
2020-08-29,US,Illinois,Stark,21,0,0,41.09309773,-89.79745866,17175.0,393.11119430924754,0.0,21,17,0,0,17,15,5427,4,0,0,4,2
2020-08-29,US,Illinois,Stephenson,376,6,0,42.35129217,-89.662598,17177.0,844.9817969346936,1.5957446808510638,370,376,6,0,370,373,44753,0,0,0,0,3
2020-08-29,US,Illinois,Tazewell,1045,9,0,40.50716185,-89.51404662,17179.0,792.8499351304597,0.8612440191387559,1036,1040,9,0,1031,1019,132328,5,0,0,5,21
2020-08-29,US,Illinois,Unassigned,1777,209,0,0.0,0.0,90017.0,0.0,11.761395610579626,1568,1752,209,0,1543,1474,,25,0,0,25,278
2020-08-29,US,Illinois,Union,422,24,0,37.47119609,-89.25548938,17181.0,2534.077943914009,5.6872037914691935,398,414,24,0,390,414,16841,8,0,0,8,0
2020-08-29,US,Illinois,Vermilion,327,3,0,40.18417171,-87.73384359,17183.0,431.6375828295362,0.9174311926605504,324,320,3,0,317,312,76806,7,0,0,7,8
2020-08-29,US,Illinois,Wabash,105,1,0,38.44272901,-87.84922065,17185.0,911.4583333333336,0.9523809523809524,104,101,1,0,100,95,11549,4,0,0,4,6
2020-08-29,US,Illinois,Warren,250,1,0,40.84925021,-90.6147432,17187.0,1484.2080265970078,0.4,249,247,1,0,246,241,17032,3,0,0,3,6
2020-08-29,US,Illinois,Washington,111,1,0,38.35309213,-89.40982703,17189.0,799.3087059840138,0.9009009009009008,110,109,1,0,108,106,13995,2,0,0,2,3
2020-08-29,US,Illinois,Wayne,96,2,0,38.42955355,-88.42586459,17191.0,592.0444033302498,2.083333333333333,94,92,2,0,90,90,16332,4,0,0,4,2
2020-08-29,US,Illinois,White,119,0,0,38.08706198,-88.17657461,17193.0,879.0721725640835,0.0,119,114,0,0,114,114,13665,5,0,0,5,0
2020-08-29,US,Illinois,Whiteside,501,19,0,41.75509713,-89.91556058,17195.0,908.0199365654736,3.7924151696606794,482,490,19,0,471,478,55626,11,0,0,11,12
2020-08-29,US,Illinois,Will,11371,359,0,41.44619267,-87.97862712,17197.0,1646.1983690026534,3.1571541641016623,11012,11278,358,0,10920,11136,692310,93,1,0,92,142
2020-08-29,US,Illinois,Williamson,860,12,0,37.73033511,-88.92994027,17199.0,1291.3494601858945,1.3953488372093024,848,812,12,0,800,806,67056,48,0,0,48,6
2020-08-29,US,Illinois,Winnebago,4187,146,0,42.33641854,-89.16085327,17201.0,1481.7462452047619,3.4869835204203485,4041,4175,146,0,4029,4153,284081,12,0,0,12,22
2020-08-29,US,Illinois,Woodford,269,3,0,40.78579374,-89.20973757,17203.0,699.4461634467875,1.1152416356877324,266,263,3,0,260,255,38463,6,0,0,6,8
2020-08-29,US,Indiana,Adams,182,2,0,40.7457653,-84.93671406,18001.0,508.70671101545685,1.0989010989010992,180,177,2,0,175,177,35636,5,0,0,5,0
2020-08-29,US,Indiana,Allen,4906,177,0,41.09194313,-85.06800636,18003.0,1293.4386855752325,3.6078271504280472,4729,4849,177,0,4672,4826,375351,57,0,0,57,23
2020-08-29,US,Indiana,Bartholomew,1048,54,0,39.20744865,-85.89558181,18005.0,1250.9101326107975,5.1526717557251915,994,1039,54,0,985,1036,82753,9,0,0,9,3
2020-08-29,US,Indiana,Benton,78,0,0,40.60626947,-87.31093999,18007.0,891.6323731138547,0.0,78,78,0,0,78,78,8653,0,0,0,0,0
2020-08-29,US,Indiana,Blackford,71,2,0,40.47388153,-85.32499702,18009.0,603.8441911889778,2.8169014084507036,69,71,2,0,69,70,11930,0,0,0,0,1
2020-08-29,US,Indiana,Boone,827,46,0,40.0509304,-86.46841646,18011.0,1218.99090547293,5.562273276904473,781,820,46,0,774,814,66999,7,0,0,7,6
2020-08-29,US,Indiana,Brown,88,2,0,39.19605589,-86.22868909,18013.0,583.0903790087464,2.272727272727273,86,88,2,0,86,86,15234,0,0,0,0,2
2020-08-29,US,Indiana,Carroll,253,13,0,40.580783200000006,-86.56198812,18015.0,1248.95097990818,5.138339920948616,240,253,13,0,240,250,20127,0,0,0,0,3
2020-08-29,US,Indiana,Cass,1861,9,0,40.76135835,-86.34830753,18017.0,4937.780254185572,0.4836109618484686,1852,1857,9,0,1848,1854,37955,4,0,0,4,3
2020-08-29,US,Indiana,Clark,1710,51,0,38.48015445,-85.70510334,18019.0,1445.453162245778,2.982456140350877,1659,1690,51,0,1639,1677,117360,20,0,0,20,13
2020-08-29,US,Indiana,Clay,224,5,0,39.39561833,-87.11723506,18021.0,854.1468064823642,2.232142857142857,219,218,5,0,213,214,26170,6,0,0,6,4
2020-08-29,US,Indiana,Clinton,543,8,0,40.30319754,-86.47277257,18023.0,1675.9776536312854,1.4732965009208103,535,542,8,0,534,535,32250,1,0,0,1,7
2020-08-29,US,Indiana,Crawford,60,0,0,38.28814402,-86.44518825,18025.0,567.2686016828967,0.0,60,58,0,0,58,57,10558,2,0,0,2,1
2020-08-29,US,Indiana,Daviess,475,23,0,38.70186039,-87.07185406,18027.0,1424.2451500704626,4.842105263157895,452,464,23,0,441,443,33147,11,0,0,11,21
2020-08-29,US,Indiana,DeKalb,325,7,0,41.39804622,-84.99906934,18033.0,747.5560667050029,2.1538461538461537,318,313,4,0,309,310,43226,12,3,0,9,3
2020-08-29,US,Indiana,Dearborn,569,28,0,39.14647946,-84.97333539,18029.0,1150.4711067976868,4.92091388400703,541,565,28,0,537,564,49568,4,0,0,4,1
2020-08-29,US,Indiana,Decatur,394,35,0,39.30712658,-85.50087166,18031.0,1483.4895892164616,8.883248730964466,359,393,34,0,359,389,26794,1,1,0,0,4
2020-08-29,US,Indiana,Delaware,1077,56,0,40.22787247,-85.39732772,18035.0,943.6193980812196,5.19962859795729,1021,1006,56,0,950,971,114772,71,0,0,71,35
2020-08-29,US,Indiana,Dubois,831,17,0,38.36597551,-86.87924170000002,18037.0,1944.4964432796703,2.045728038507822,814,825,17,0,808,819,42565,6,0,0,6,6
2020-08-29,US,Indiana,Elkhart,5554,98,0,41.59761169,-85.85875695,18039.0,2691.6608914369904,1.7644940583363342,5456,5512,98,0,5414,5485,205560,42,0,0,42,27
2020-08-29,US,Indiana,Fayette,309,8,0,39.63684962,-85.17797541,18041.0,1337.5465327677255,2.588996763754045,301,306,8,0,298,304,23047,3,0,0,3,2
2020-08-29,US,Indiana,Floyd,1065,54,0,38.32117957,-85.90385377,18043.0,1356.3077863528692,5.070422535211269,1011,1043,54,0,989,1027,77781,22,0,0,22,16
2020-08-29,US,Indiana,Fountain,91,2,0,40.12361933,-87.24217689,18045.0,556.7111219870304,2.1978021978021984,89,90,2,0,88,88,16351,1,0,0,1,2
2020-08-29,US,Indiana,Franklin,273,25,0,39.4142482,-85.06062647,18047.0,1199.5781703137359,9.157509157509157,248,273,25,0,248,270,22736,0,0,0,0,3
2020-08-29,US,Indiana,Fulton,201,2,0,41.0469907,-86.26252745,18049.0,1006.3082006608593,0.9950248756218906,199,201,2,0,199,201,20092,0,0,0,0,0
2020-08-29,US,Indiana,Gibson,311,4,0,38.30393723,-87.58054938,18051.0,923.9727858819336,1.2861736334405145,307,309,4,0,305,306,33452,2,0,0,2,3
2020-08-29,US,Indiana,Grant,638,30,0,40.51587228,-85.65468702,18053.0,970.0618832580701,4.702194357366771,608,624,30,0,594,621,65936,14,0,0,14,3
2020-08-29,US,Indiana,Greene,359,35,0,39.03630547,-86.96223202,18055.0,1124.616252114529,9.749303621169917,324,357,35,0,322,356,32006,2,0,0,2,1
2020-08-29,US,Indiana,Hamilton,3811,107,0,40.07306535,-86.05244729,18057.0,1127.4780998251535,2.807662030963002,3704,3740,107,0,3633,3692,330086,71,0,0,71,48
2020-08-29,US,Indiana,Hancock,812,41,0,39.82304555,-85.77566351,18059.0,1038.788250946679,5.0492610837438425,771,803,41,0,762,793,76351,9,0,0,9,10
2020-08-29,US,Indiana,Harrison,472,24,0,38.19467379,-86.10948271,18061.0,1165.0006170554116,5.084745762711863,448,466,24,0,442,463,40350,6,0,0,6,3
2020-08-29,US,Indiana,Hendricks,2285,111,0,39.76719009,-86.51037283,18063.0,1341.6631926299535,4.857768052516412,2174,2255,111,0,2144,2241,167009,30,0,0,30,14
2020-08-29,US,Indiana,Henry,591,21,0,39.93029017,-85.39625719,18065.0,1231.968648378221,3.5532994923857872,570,585,21,0,564,577,48271,6,0,0,6,8
2020-08-29,US,Indiana,Howard,1056,61,0,40.48527731,-86.11351892,18067.0,1279.3176972281447,5.776515151515151,995,1046,61,0,985,1044,82366,10,0,0,10,2
2020-08-29,US,Indiana,Huntington,159,3,0,40.82907273,-85.48822092,18069.0,435.37787513691126,1.8867924528301887,156,157,3,0,154,155,36240,2,0,0,2,2
2020-08-29,US,Indiana,Jackson,688,8,0,38.90915820000001,-86.03851889,18071.0,1555.4701453731545,1.162790697674419,680,684,8,0,676,681,44111,4,0,0,4,3
2020-08-29,US,Indiana,Jasper,318,2,0,41.02078733,-87.11553319,18073.0,947.5001489780107,0.6289308176100629,316,310,2,0,308,309,33370,8,0,0,8,1
2020-08-29,US,Indiana,Jay,127,0,0,40.43781032,-85.00576229,18075.0,621.4523390095909,0.0,127,125,0,0,125,122,20764,2,0,0,2,3
2020-08-29,US,Indiana,Jefferson,205,3,0,38.78576239,-85.43633383,18077.0,634.5177664974618,1.4634146341463414,202,204,3,0,201,203,32208,1,0,0,1,1
2020-08-29,US,Indiana,Jennings,264,12,0,38.99588883,-85.62710784,18079.0,951.8658734451054,4.545454545454546,252,260,12,0,248,261,27611,4,0,0,4,-1
2020-08-29,US,Indiana,Johnson,2012,121,0,39.48994426,-86.10149107,18081.0,1272.0731884653562,6.0139165009940365,1891,1999,120,0,1879,1990,156225,13,1,0,12,9
2020-08-29,US,Indiana,Knox,332,3,0,38.68861576,-87.4194665,18083.0,907.2525550636716,0.9036144578313252,329,328,3,0,325,311,36895,4,0,0,4,17
2020-08-29,US,Indiana,Kosciusko,1019,16,0,41.24521668,-85.86312322,18085.0,1282.470801449859,1.5701668302257117,1003,1018,16,0,1002,1009,79344,1,0,0,1,9
2020-08-29,US,Indiana,LaGrange,596,11,0,41.64232188,-85.42674232,18087.0,1504.5186045337507,1.8456375838926171,585,593,11,0,582,591,39330,3,0,0,3,2
2020-08-29,US,Indiana,LaPorte,1170,31,0,41.54366008,-86.74072188,18091.0,1064.7204426324986,2.649572649572649,1139,1154,31,0,1123,1140,110007,16,0,0,16,14
2020-08-29,US,Indiana,Lake,9024,295,0,41.41874274,-87.38277575,18089.0,1858.729168082753,3.2690602836879434,8729,8945,294,0,8651,8872,484411,79,1,0,78,73
2020-08-29,US,Indiana,Lawrence,444,27,0,38.84112637,-86.48361629,18093.0,978.6202336345602,6.081081081081082,417,442,27,0,415,440,45668,2,0,0,2,2
2020-08-29,US,Indiana,Madison,1270,69,0,40.16143691,-85.71964711,18095.0,980.1727265009378,5.4330708661417315,1201,1250,69,0,1181,1245,129641,20,0,0,20,5
2020-08-29,US,Indiana,Marion,18212,748,0,39.78163624,-86.13826325,18097.0,1888.0717243324048,4.107182077750934,17464,18087,746,0,17341,17976,954670,125,2,0,123,111
2020-08-29,US,Indiana,Marshall,884,23,0,41.32467367,-86.26185087,18099.0,1911.0207964027845,2.6018099547511317,861,877,23,0,854,871,46248,7,0,0,7,6
2020-08-29,US,Indiana,Martin,102,0,0,38.7099921,-86.80373186,18101.0,994.6367625548512,0.0,102,97,0,0,97,93,10217,5,0,0,5,4
2020-08-29,US,Indiana,Miami,314,2,0,40.76940965,-86.04525048,18103.0,884.1085707849983,0.6369426751592356,312,309,2,0,307,309,35567,5,0,0,5,0
2020-08-29,US,Indiana,Monroe,1055,36,0,39.16130004,-86.52414358,18105.0,710.7679662604172,3.4123222748815167,1019,1030,36,0,994,1008,146917,25,0,0,25,22
2020-08-29,US,Indiana,Montgomery,418,21,0,40.04034823,-86.89335024,18107.0,1090.302050185195,5.0239234449760755,397,396,21,0,375,393,38346,22,0,0,22,3
2020-08-29,US,Indiana,Morgan,581,35,0,39.47899078,-86.44573375,18109.0,824.2420803245897,6.024096385542169,546,574,35,0,539,568,70116,7,0,0,7,6
2020-08-29,US,Indiana,Newton,142,10,0,40.95610449,-87.39635768,18111.0,1015.4462242562927,7.042253521126762,132,140,10,0,130,137,14011,2,0,0,2,3
2020-08-29,US,Indiana,Noble,798,30,0,41.39672484,-85.41966713,18113.0,1671.4142091152814,3.7593984962406015,768,789,30,0,759,787,47532,9,0,0,9,2
2020-08-29,US,Indiana,Ohio,72,7,0,38.955304999999996,-84.96515993,18115.0,1225.5319148936169,9.722222222222221,65,71,7,0,64,71,5844,1,0,0,1,0
2020-08-29,US,Indiana,Orange,237,24,0,38.54118920000001,-86.49523093,18117.0,1206.3524381553498,10.126582278481012,213,231,24,0,207,230,19489,6,0,0,6,1
2020-08-29,US,Indiana,Owen,140,1,0,39.31145587,-86.83900724,18119.0,673.1092841001971,0.7142857142857143,139,135,1,0,134,135,20845,5,0,0,5,0
2020-08-29,US,Indiana,Parke,79,2,0,39.77202286,-87.20375833,18121.0,466.43443348881135,2.5316455696202533,77,77,2,0,75,75,16927,2,0,0,2,2
2020-08-29,US,Indiana,Perry,196,13,0,38.07809328,-86.63741946,18123.0,1022.4842193124316,6.632653061224491,183,196,13,0,183,197,19102,0,0,0,0,-1
2020-08-29,US,Indiana,Pike,96,1,0,38.40112197,-87.23574907,18125.0,774.8809427718138,1.0416666666666667,95,90,1,0,89,88,12410,6,0,0,6,2
2020-08-29,US,Indiana,Porter,1692,41,0,41.45986947,-87.06848888,18127.0,993.0218500020544,2.423167848699764,1651,1658,41,0,1617,1642,169594,34,0,0,34,16
2020-08-29,US,Indiana,Posey,210,0,0,38.02097333,-87.86480429,18129.0,825.8937350060959,0.0,210,208,0,0,208,206,25540,2,0,0,2,2
2020-08-29,US,Indiana,Pulaski,98,1,0,41.04166107,-86.69890683,18131.0,793.3295555735449,1.020408163265306,97,93,1,0,92,93,12469,5,0,0,5,0
2020-08-29,US,Indiana,Putnam,429,8,0,39.66437981,-86.84517605,18133.0,1141.6861826697893,1.8648018648018647,421,427,8,0,419,419,37779,2,0,0,2,8
2020-08-29,US,Indiana,Randolph,161,7,0,40.15734772,-85.01139319,18135.0,652.7468072167037,4.3478260869565215,154,157,7,0,150,156,24851,4,0,0,4,1
2020-08-29,US,Indiana,Ripley,243,8,0,39.10235626,-85.26212744,18137.0,857.9296709504307,3.2921810699588483,235,243,8,0,235,241,28523,0,0,0,0,2
2020-08-29,US,Indiana,Rush,131,4,0,39.62002287,-85.4655599,18139.0,790.0609130932995,3.053435114503817,127,129,4,0,125,127,16663,2,0,0,2,2
2020-08-29,US,Indiana,Scott,309,10,0,38.68672078,-85.74627859,18143.0,1294.3492648598835,3.236245954692557,299,307,10,0,297,306,23878,2,0,0,2,1
2020-08-29,US,Indiana,Shelby,616,28,0,39.52305623,-85.79158570000001,18145.0,1377.1825884772745,4.545454545454546,588,614,28,0,586,609,44593,2,0,0,2,5
2020-08-29,US,Indiana,Spencer,155,3,0,38.01519732,-87.0079644,18147.0,764.4128815899788,1.935483870967742,152,151,3,0,148,150,20327,4,0,0,4,1
2020-08-29,US,Indiana,St. Joseph,5027,92,0,41.61756781,-86.29040834,18141.0,1849.3448014538712,1.830117366222399,4935,4969,92,0,4877,4922,270771,58,0,0,58,47
2020-08-29,US,Indiana,Starke,207,7,0,41.27890281,-86.64686895,18149.0,900.1956947162427,3.3816425120772946,200,202,7,0,195,199,22935,5,0,0,5,3
2020-08-29,US,Indiana,Steuben,270,3,0,41.64423868,-85.00101094,18151.0,780.4821645372031,1.1111111111111112,267,257,3,0,254,254,34586,13,0,0,13,3
2020-08-29,US,Indiana,Sullivan,287,8,0,39.08952258,-87.41414469,18153.0,1388.5529053171415,2.787456445993032,279,282,8,0,274,275,20690,5,0,0,5,7
2020-08-29,US,Indiana,Switzerland,64,0,0,38.82767338,-85.03022429,18155.0,595.2934610733885,0.0,64,63,0,0,63,63,10717,1,0,0,1,0
2020-08-29,US,Indiana,Tippecanoe,1554,13,0,40.38872739,-86.89413959,18157.0,793.9427380295506,0.8365508365508365,1541,1526,13,0,1513,1515,193048,28,0,0,28,11
2020-08-29,US,Indiana,Tipton,185,19,0,40.31123252,-86.05234925,18159.0,1221.2833377343545,10.27027027027027,166,177,19,0,158,176,15128,8,0,0,8,1
2020-08-29,US,Indiana,Unassigned,0,219,0,0.0,0.0,90018.0,0.0,0.0,-219,0,219,0,-219,0,,0,0,0,0,0
2020-08-29,US,Indiana,Union,62,0,0,39.62550777,-84.92497066,18161.0,878.9339381910972,0.0,62,60,0,0,60,59,7037,2,0,0,2,1
2020-08-29,US,Indiana,Vanderburgh,2528,19,0,38.02658833,-87.58763124,18163.0,1393.2135948548093,0.7515822784810127,2509,2495,19,0,2476,2452,180974,33,0,0,33,43
2020-08-29,US,Indiana,Vermillion,93,0,0,39.8523352,-87.46160542,18165.0,600.0774293457221,0.0,93,90,0,0,90,84,15479,3,0,0,3,6
2020-08-29,US,Indiana,Vigo,1223,15,0,39.42944561,-87.39169027,18167.0,1142.584876399036,1.226492232215863,1208,1168,15,0,1153,1132,107386,55,0,0,55,36
2020-08-29,US,Indiana,Wabash,202,5,0,40.84704239,-85.79328272,18169.0,651.6969931604077,2.4752475247524752,197,202,5,0,197,200,31280,0,0,0,0,2
2020-08-29,US,Indiana,Warren,38,1,0,40.34728141,-87.35602659,18171.0,459.7701149425288,2.631578947368421,37,38,1,0,37,36,8263,0,0,0,0,2
2020-08-29,US,Indiana,Warrick,751,31,0,38.08922676,-87.2716085,18173.0,1192.1013365503666,4.1278295605858855,720,743,31,0,712,732,62567,8,0,0,8,11
2020-08-29,US,Indiana,Washington,214,1,0,38.60219804,-86.1049363,18175.0,763.3043230132687,0.4672897196261682,213,207,1,0,206,205,27943,7,0,0,7,2
2020-08-29,US,Indiana,Wayne,529,10,0,39.863344399999995,-85.01044989,18177.0,802.9263554125432,1.8903591682419658,519,523,10,0,513,519,65936,6,0,0,6,4
2020-08-29,US,Indiana,Wells,207,2,0,40.72934187,-85.22132966,18179.0,731.5521628498727,0.966183574879227,205,206,2,0,204,202,28206,1,0,0,1,4
2020-08-29,US,Indiana,White,437,12,0,40.74911165,-86.86492015,18181.0,1813.1275412828809,2.7459954233409607,425,432,12,0,420,425,24133,5,0,0,5,7
2020-08-29,US,Indiana,Whitley,208,6,0,41.13863784,-85.50791236,18183.0,612.4131433282299,2.8846153846153846,202,202,6,0,196,200,34074,6,0,0,6,2
2020-08-29,US,Iowa,Adair,49,1,0,41.33075609,-94.47105874,19001.0,685.1230425055927,2.0408163265306123,48,50,1,0,49,48,7063,-1,0,0,-1,2
2020-08-29,US,Iowa,Adams,20,0,0,41.02903567,-94.69932645,19003.0,555.247084952804,0.0,20,20,0,0,20,20,3645,0,0,0,0,0
2020-08-29,US,Iowa,Allamakee,174,4,0,43.28383218,-91.37860922,19005.0,1271.2793161394025,2.2988505747126435,170,172,4,0,168,172,13832,2,0,0,2,0
2020-08-29,US,Iowa,Appanoose,82,3,0,40.74324454,-92.86865906,19007.0,659.9066473523258,3.6585365853658534,79,80,3,0,77,76,12437,2,0,0,2,4
2020-08-29,US,Iowa,Audubon,41,1,0,41.6844628,-94.90581859,19009.0,745.9970887918486,2.4390243902439024,40,37,1,0,36,37,5506,4,0,0,4,0
2020-08-29,US,Iowa,Benton,200,1,0,42.08011739,-92.06463573,19011.0,779.8791187365957,0.5,199,194,1,0,193,189,25642,6,0,0,6,5
2020-08-29,US,Iowa,Black Hawk,3757,74,0,42.4704581,-92.30524729,19013.0,2862.9560764471003,1.9696566409369176,3683,3704,74,0,3630,3641,132408,53,0,0,53,63
2020-08-29,US,Iowa,Boone,343,4,0,42.03657094,-93.9313999,19015.0,1307.4635968590378,1.1661807580174928,339,338,4,0,334,335,26346,5,0,0,5,3
2020-08-29,US,Iowa,Bremer,293,7,0,42.77461496,-92.31795937,19017.0,1169.1006304365171,2.389078498293516,286,286,7,0,279,282,24947,7,0,0,7,4
2020-08-29,US,Iowa,Buchanan,173,1,0,42.4709188,-91.83510825,19019.0,817.0011806375443,0.5780346820809249,172,172,1,0,171,170,21199,1,0,0,1,2
2020-08-29,US,Iowa,Buena Vista,1825,12,0,42.73545875,-95.15100162,19021.0,9301.732925586137,0.6575342465753424,1813,1825,12,0,1813,1822,19874,0,0,0,0,3
2020-08-29,US,Iowa,Butler,197,2,0,42.73172833,-92.79015971,19023.0,1364.3604127709675,1.0152284263959392,195,193,2,0,191,182,14539,4,0,0,4,11
2020-08-29,US,Iowa,Calhoun,97,1,0,42.38521079,-94.64046046,19025.0,1292.92511377741,1.0309278350515465,96,119,2,0,117,117,9699,-22,-1,0,-21,2
2020-08-29,US,Iowa,Carroll,371,2,0,42.03617207,-94.86032705,19027.0,1839.8214728489959,0.5390835579514824,369,352,2,0,350,336,20154,19,0,0,19,16
2020-08-29,US,Iowa,Cass,92,1,0,41.33149454,-94.92792482,19029.0,872.5459644749143,1.0869565217391304,91,112,2,0,110,112,12930,-20,-1,0,-19,0
2020-08-29,US,Iowa,Cedar,151,1,0,41.77233777,-91.13246684,19031.0,810.6512052397059,0.6622516556291391,150,148,1,0,147,147,18627,3,0,0,3,1
2020-08-29,US,Iowa,Cerro Gordo,816,20,0,43.08177563,-93.2612239,19033.0,1922.2614840989402,2.4509803921568634,796,801,20,0,781,786,42647,15,0,0,15,15
2020-08-29,US,Iowa,Cherokee,109,1,0,42.73538914,-95.62389402,19035.0,1228.3044058744993,0.9174311926605504,108,136,2,0,134,135,11321,-27,-1,0,-26,1
2020-08-29,US,Iowa,Chickasaw,107,0,0,43.06001295,-92.31773347,19037.0,896.6730914271349,0.0,107,100,0,0,100,97,11964,7,0,0,7,3
2020-08-29,US,Iowa,Clarke,236,3,0,41.02868181,-93.78499767,19039.0,2511.974454497073,1.2711864406779658,233,234,3,0,231,231,9423,2,0,0,2,3
2020-08-29,US,Iowa,Clay,236,3,0,43.08247182,-95.15096481,19041.0,1473.5264735264734,1.2711864406779658,233,236,3,0,233,236,16134,0,0,0,0,0
2020-08-29,US,Iowa,Clayton,179,3,0,42.84443388,-91.34133693,19043.0,1020.0011396660776,1.675977653631285,176,177,3,0,174,175,17556,2,0,0,2,2
2020-08-29,US,Iowa,Clinton,805,10,0,41.89981633,-90.53275096,19045.0,1733.8301492601606,1.2422360248447204,795,789,10,0,779,758,46518,16,0,0,16,31
2020-08-29,US,Iowa,Crawford,828,3,0,42.03718237,-95.3819718,19047.0,4922.7110582639725,0.3623188405797101,825,822,3,0,819,812,17158,6,0,0,6,10
2020-08-29,US,Iowa,Dallas,2359,39,0,41.68560356,-94.04127625,19049.0,2524.2635335409245,1.6532428995337007,2320,2332,39,0,2293,2306,90180,27,0,0,27,26
2020-08-29,US,Iowa,Davis,69,1,0,40.74773536,-92.41005468,19051.0,900.0,1.4492753623188406,68,81,2,0,79,80,9017,-12,-1,0,-11,1
2020-08-29,US,Iowa,Decatur,43,0,0,40.73742757,-93.78645949,19053.0,546.3786531130877,0.0,43,43,0,0,43,43,7890,0,0,0,0,0
2020-08-29,US,Iowa,Delaware,209,3,0,42.47104597,-91.3664492,19055.0,1228.6167773793427,1.4354066985645932,206,199,3,0,196,189,17069,10,0,0,10,10
2020-08-29,US,Iowa,Des Moines,553,5,0,40.92012606,-91.18326592,19057.0,1419.1495367875382,0.9041591320072332,548,541,5,0,536,511,39138,12,0,0,12,30
2020-08-29,US,Iowa,Dickinson,350,3,0,43.37787725,-95.1510206,19059.0,2439.448371769614,0.8571428571428571,347,419,6,0,413,417,17153,-69,-3,0,-66,2
2020-08-29,US,Iowa,Dubuque,2016,36,0,42.46815349,-90.88181925,19061.0,2071.708234423652,1.7857142857142858,1980,1984,36,0,1948,1966,96854,32,0,0,32,18
2020-08-29,US,Iowa,Emmet,220,8,0,43.37782951,-94.67858943,19063.0,2389.226759339705,3.636363636363636,212,220,8,0,212,217,9253,0,0,0,0,3
2020-08-29,US,Iowa,Fayette,137,1,0,42.86271799,-91.84412309999999,19065.0,697.2010178117047,0.7299270072992701,136,137,1,0,136,134,19660,0,0,0,0,3
2020-08-29,US,Iowa,Floyd,213,3,0,43.06000529999999,-92.78940097,19067.0,1361.7184503260453,1.4084507042253518,210,211,3,0,208,209,15761,2,0,0,2,2
2020-08-29,US,Iowa,Franklin,294,17,0,42.73270384,-93.26256925,19069.0,2919.563058589871,5.782312925170068,277,294,17,0,277,292,10124,0,0,0,0,2
2020-08-29,US,Iowa,Fremont,58,0,0,40.74542720000001,-95.60129045,19071.0,833.3333333333335,0.0,58,57,0,0,57,55,6993,1,0,0,1,2
2020-08-29,US,Iowa,Greene,54,0,0,42.03614551,-94.39658081,19073.0,607.5607560756075,0.0,54,53,0,0,53,54,8981,1,0,0,1,-1
2020-08-29,US,Iowa,Grundy,126,1,0,42.40183723,-92.78829551,19075.0,1030.0850228907782,0.7936507936507936,125,124,1,0,123,120,12304,2,0,0,2,4
2020-08-29,US,Iowa,Guthrie,170,5,0,41.68378965,-94.50111014,19077.0,1590.4200580035556,2.9411764705882355,165,168,5,0,163,166,10720,2,0,0,2,2
2020-08-29,US,Iowa,Hamilton,279,2,0,42.38382428,-93.70197703,19079.0,1888.5805185135046,0.7168458781362007,277,279,2,0,277,278,14952,0,0,0,0,1
2020-08-29,US,Iowa,Hancock,121,1,0,43.08178477,-93.73454884,19081.0,1411.1006585136404,0.8264462809917356,120,149,2,0,147,149,10712,-28,-1,0,-27,0
2020-08-29,US,Iowa,Hardin,227,1,0,42.38353877,-93.23654611,19083.0,1347.5008904190906,0.4405286343612335,226,226,1,0,225,221,16868,1,0,0,1,5
2020-08-29,US,Iowa,Harrison,147,1,0,41.68330137,-95.81558439,19085.0,1046.337817638266,0.6802721088435374,146,143,1,0,142,142,14134,4,0,0,4,1
2020-08-29,US,Iowa,Henry,276,4,0,40.98767962,-91.54436349,19087.0,1383.1813170291668,1.4492753623188406,272,261,4,0,257,235,20067,15,0,0,15,26
2020-08-29,US,Iowa,Howard,129,2,0,43.35671042,-92.31702714,19089.0,1408.6044987988644,1.5503875968992251,127,126,2,0,124,120,9187,3,0,0,3,6
2020-08-29,US,Iowa,Humboldt,153,2,0,42.7764426,-94.20722537,19091.0,1600.7532956685502,1.30718954248366,151,154,2,0,152,151,9547,-1,0,0,-1,3
2020-08-29,US,Iowa,Ida,40,0,0,42.38696136,-95.51355387,19093.0,583.0903790087464,0.0,40,40,0,0,40,38,6841,0,0,0,0,2
2020-08-29,US,Iowa,Iowa,111,1,0,41.68630265,-92.0643373,19095.0,685.8625803262481,0.9009009009009008,110,111,1,0,110,109,16141,0,0,0,0,2
2020-08-29,US,Iowa,Jackson,201,1,0,42.17178824,-90.57354837,19097.0,1034.0038067801843,0.4975124378109453,200,198,1,0,197,193,19432,3,0,0,3,5
2020-08-29,US,Iowa,Jasper,577,30,0,41.68576082,-93.05567785,19099.0,1551.7009546860293,5.1993067590987865,547,563,30,0,533,556,37147,14,0,0,14,7
2020-08-29,US,Iowa,Jefferson,117,0,0,41.03192394,-91.94849466,19101.0,639.518994260727,0.0,117,116,0,0,116,116,18381,1,0,0,1,0
2020-08-29,US,Iowa,Johnson,3644,26,0,41.67169354,-91.58754744,19103.0,2411.009659917957,0.7135016465422612,3618,3443,26,0,3417,3218,151260,201,0,0,201,225
2020-08-29,US,Iowa,Jones,168,2,0,42.12118609,-91.13139641,19105.0,812.3398288283933,1.1904761904761905,166,166,2,0,164,165,20744,2,0,0,2,1
2020-08-29,US,Iowa,Keokuk,59,1,0,41.33649833,-92.1785067,19107.0,575.8344719890689,1.6949152542372878,58,59,1,0,58,55,10225,0,0,0,0,4
2020-08-29,US,Iowa,Kossuth,119,0,0,43.20405458,-94.20691791,19109.0,803.3484101802472,0.0,119,119,0,0,119,117,14908,0,0,0,0,2
2020-08-29,US,Iowa,Lee,393,5,0,40.64181461,-91.48183025,19111.0,1167.662001960959,1.272264631043257,388,380,5,0,375,353,34055,13,0,0,13,27
2020-08-29,US,Iowa,Linn,2952,94,0,42.07923082,-91.59809485,19113.0,1302.1269838469207,3.1842818428184283,2858,2903,94,0,2809,2873,225909,49,0,0,49,30
2020-08-29,US,Iowa,Louisa,396,14,0,41.21842119,-91.26102611,19115.0,3588.5817852288174,3.5353535353535355,382,394,14,0,380,392,11169,2,0,0,2,2
2020-08-29,US,Iowa,Lucas,93,5,0,41.02958964,-93.32780803,19117.0,1081.3953488372092,5.376344086021504,88,93,5,0,88,93,8645,0,0,0,0,0
2020-08-29,US,Iowa,Lyon,147,2,0,43.38107862,-96.20926845,19119.0,1250.5316886431306,1.3605442176870748,145,143,2,0,141,141,11811,4,0,0,4,2
2020-08-29,US,Iowa,Madison,163,2,0,41.33081904,-94.01554631,19121.0,997.6741339209206,1.2269938650306749,161,160,2,0,158,160,16249,3,0,0,3,0
2020-08-29,US,Iowa,Mahaska,213,18,0,41.33521503,-92.64083907,19123.0,964.0190088255264,8.450704225352112,195,210,18,0,192,208,22000,3,0,0,3,2
2020-08-29,US,Iowa,Marion,464,0,0,41.33445101,-93.09934783,19125.0,1395.3628244068204,0.0,464,456,0,0,456,424,33407,8,0,0,8,32
2020-08-29,US,Iowa,Marshall,1632,32,0,42.03586837,-92.99908190000001,19127.0,4145.393583784196,1.96078431372549,1600,1622,31,0,1591,1606,39981,10,1,0,9,16
2020-08-29,US,Iowa,Mills,127,1,0,41.03299766,-95.61920963,19129.0,840.5586074525118,0.7874015748031497,126,126,1,0,125,122,15063,1,0,0,1,4
2020-08-29,US,Iowa,Mitchell,106,0,0,43.35638371,-92.78887719,19131.0,1001.3225014169658,0.0,106,96,0,0,96,93,10569,10,0,0,10,3
2020-08-29,US,Iowa,Monona,107,1,0,42.05220391,-95.95743843,19133.0,1242.0197330237954,0.9345794392523364,106,106,1,0,105,106,8679,1,0,0,1,0
2020-08-29,US,Iowa,Monroe,102,8,0,41.02988815,-92.8690667,19135.0,1323.4721681588167,7.84313725490196,94,102,8,0,94,96,7790,0,0,0,0,6
2020-08-29,US,Iowa,Montgomery,76,4,0,41.03018714,-95.15642896,19137.0,766.3607945951396,5.2631578947368425,72,73,4,0,69,70,10003,3,0,0,3,3
2020-08-29,US,Iowa,Muscatine,954,51,0,41.48370744,-91.11216970000001,19139.0,2236.0772548284267,5.345911949685536,903,949,51,0,898,943,42929,5,0,0,5,6
2020-08-29,US,Iowa,O'Brien,193,7,0,43.08310673,-95.62474482,19141.0,1403.330182505635,3.6269430051813467,186,188,7,0,181,181,13840,5,0,0,5,7
2020-08-29,US,Iowa,Osceola,97,0,0,43.37824276,-95.62422844,19143.0,1628.063108425646,0.0,97,97,0,0,97,93,6040,0,0,0,0,4
2020-08-29,US,Iowa,Page,110,0,0,40.7393172,-95.1497813,19145.0,728.1392731846164,0.0,110,110,0,0,110,107,15249,0,0,0,0,3
2020-08-29,US,Iowa,Palo Alto,112,0,0,43.08193849,-94.67824621,19147.0,1260.4096331307676,0.0,112,112,0,0,112,111,8929,0,0,0,0,1
2020-08-29,US,Iowa,Plymouth,712,18,0,42.737633,-96.21366621,19149.0,2827.9779163522253,2.5280898876404496,694,702,18,0,684,672,25095,10,0,0,10,30
2020-08-29,US,Iowa,Pocahontas,104,1,0,42.73420133,-94.67862564,19151.0,1948.9348844236288,0.9615384615384616,103,129,2,0,127,128,6740,-25,-1,0,-24,1
2020-08-29,US,Iowa,Polk,13179,225,0,41.68679484,-93.57767461,19153.0,2688.708403973388,1.7072615524698385,12954,13039,226,0,12813,12792,487204,140,-1,0,141,247
2020-08-29,US,Iowa,Pottawattamie,1612,34,0,41.33640314,-95.53907776,19155.0,1729.5023925498358,2.109181141439206,1578,1593,34,0,1559,1565,93533,19,0,0,19,28
2020-08-29,US,Iowa,Poweshiek,182,8,0,41.68625425,-92.53155731,19157.0,983.5711197578903,4.395604395604397,174,182,8,0,174,181,18699,0,0,0,0,1
2020-08-29,US,Iowa,Ringgold,32,1,0,40.73518949,-94.24368535,19159.0,653.8618716796078,3.125,31,30,1,0,29,30,4968,2,0,0,2,0
2020-08-29,US,Iowa,Sac,113,0,0,42.38624071,-95.10547892,19161.0,1162.4318485752494,0.0,113,107,0,0,107,105,9719,6,0,0,6,2
2020-08-29,US,Iowa,Scott,2180,20,0,41.63935978,-90.61959493,19163.0,1260.5309263745858,0.9174311926605504,2160,2146,20,0,2126,2111,173283,34,0,0,34,35
2020-08-29,US,Iowa,Shelby,214,1,0,41.6850066,-95.31015553,19165.0,1868.3429369652524,0.4672897196261682,213,214,1,0,213,212,11578,0,0,0,0,2
2020-08-29,US,Iowa,Sioux,883,3,0,43.08221074,-96.17675679999999,19167.0,2533.352460192225,0.3397508493771235,880,871,3,0,868,852,34909,12,0,0,12,19
2020-08-29,US,Iowa,Story,2338,16,0,42.03621213,-93.46499005,19169.0,2407.405500581773,0.6843455945252352,2322,2225,16,0,2209,2079,98105,113,0,0,113,146
2020-08-29,US,Iowa,Tama,619,29,0,42.07991767,-92.53266945,19171.0,3672.718642458764,4.684975767366722,590,614,29,0,585,610,16904,5,0,0,5,4
2020-08-29,US,Iowa,Taylor,110,1,0,40.73710579,-94.69778563,19173.0,1797.0919784348962,0.9090909090909092,109,110,1,0,109,108,6191,0,0,0,0,2
2020-08-29,US,Iowa,Unassigned,11,0,0,0.0,0.0,90019.0,0.0,0.0,11,16,0,0,16,11,,-5,0,0,-5,5
2020-08-29,US,Iowa,Union,93,3,0,41.0277278,-94.24234847,19175.0,759.7418511559513,3.2258064516129035,90,93,3,0,90,93,12359,0,0,0,0,0
2020-08-29,US,Iowa,Van Buren,100,1,0,40.75326764,-91.95017958,19177.0,1419.6479273140262,1.0,99,99,1,0,98,95,7020,1,0,0,1,4
2020-08-29,US,Iowa,Wapello,1071,49,0,41.03064984,-92.40954728,19179.0,3062.712688381137,4.575163398692809,1022,1067,49,0,1018,1053,35205,4,0,0,4,14
2020-08-29,US,Iowa,Warren,766,5,0,41.33559454,-93.56007641,19181.0,1488.3612482026972,0.6527415143603134,761,753,5,0,748,742,51056,13,0,0,13,11
2020-08-29,US,Iowa,Washington,335,11,0,41.33577126,-91.71725711,19183.0,1525.1536535397222,3.2835820895522385,324,334,11,0,323,330,22141,1,0,0,1,4
2020-08-29,US,Iowa,Wayne,37,1,0,40.73969028,-93.32752197,19185.0,729.7003570874087,2.702702702702702,36,47,2,0,45,45,6401,-10,-1,0,-9,2
2020-08-29,US,Iowa,Webster,1004,8,0,42.42853483,-94.17987389,19187.0,2796.345811051693,0.796812749003984,996,998,8,0,990,993,36277,6,0,0,6,5
2020-08-29,US,Iowa,Winnebago,158,7,0,43.37751174,-93.73407298,19189.0,1525.980297469577,4.4303797468354436,151,155,7,0,148,154,10518,3,0,0,3,1
2020-08-29,US,Iowa,Winneshiek,214,3,0,43.29094334,-91.84422722,19191.0,1070.4817167725475,1.4018691588785046,211,208,1,0,207,198,20029,6,2,0,4,10
2020-08-29,US,Iowa,Woodbury,4093,56,0,42.38979414,-96.0459439,19193.0,3969.662583529731,1.3681895919863178,4037,4068,56,0,4012,4028,102539,25,0,0,25,40
2020-08-29,US,Iowa,Worth,79,0,0,43.37750768,-93.26087602,19195.0,1070.3156753827395,0.0,79,79,0,0,79,78,7453,0,0,0,0,1
2020-08-29,US,Iowa,Wright,516,1,0,42.73305373,-93.73515113,19197.0,4107.626174176085,0.1937984496124031,515,516,1,0,515,513,12690,0,0,0,0,3
2020-08-29,US,Kansas,Allen,20,0,0,37.88582951,-95.30030847,20001.0,161.69455897809038,0.0,20,20,0,0,20,20,12444,0,0,0,0,0
2020-08-29,US,Kansas,Anderson,32,0,0,38.21413251,-95.29272815,20003.0,407.22830236701446,0.0,32,32,0,0,32,32,7878,0,0,0,0,0
2020-08-29,US,Kansas,Atchison,219,1,0,39.53185661,-95.30870026,20005.0,1362.5334411746408,0.45662100456620996,218,157,0,0,157,157,16193,62,1,0,61,0
2020-08-29,US,Kansas,Barber,5,0,0,37.2288586,-98.68460053,20007.0,112.943302462164,0.0,5,5,0,0,5,5,4472,0,0,0,0,0
2020-08-29,US,Kansas,Barton,273,4,0,38.47889676,-98.75636726,20009.0,1059.001512859304,1.465201465201465,269,273,4,0,269,257,26111,0,0,0,0,16
2020-08-29,US,Kansas,Bourbon,82,2,0,37.85508555,-94.84865997,20011.0,564.1943030136233,2.4390243902439024,80,82,2,0,80,82,14653,0,0,0,0,0
2020-08-29,US,Kansas,Brown,72,1,0,39.82652589,-95.56421698,20013.0,752.823086574655,1.3888888888888888,71,62,1,0,61,62,9598,10,0,0,10,0
2020-08-29,US,Kansas,Butler,397,2,0,37.78134351,-96.83878537,20015.0,593.3254621811062,0.5037783375314862,395,397,2,0,395,393,66765,0,0,0,0,4
2020-08-29,US,Kansas,Chase,65,0,0,38.30292938,-96.59563862,20017.0,2454.6827794561927,0.0,65,65,0,0,65,65,2629,0,0,0,0,0
2020-08-29,US,Kansas,Chautauqua,8,0,0,37.14994405,-96.2454192,20019.0,246.15384615384616,0.0,8,8,0,0,8,8,3309,0,0,0,0,0
2020-08-29,US,Kansas,Cherokee,246,1,0,37.16928494,-94.8462897,20021.0,1233.7629770800945,0.4065040650406504,245,225,1,0,224,225,20015,21,0,0,21,0
2020-08-29,US,Kansas,Cheyenne,6,0,0,39.78580976,-101.7318201,20023.0,225.81859239744068,0.0,6,6,0,0,6,6,2660,0,0,0,0,0
2020-08-29,US,Kansas,Clark,46,1,0,37.23577007,-99.81883015,20025.0,2306.9207622868607,2.1739130434782608,45,46,1,0,45,46,2005,0,0,0,0,0
2020-08-29,US,Kansas,Clay,30,2,0,39.34948772,-97.16518128,20027.0,374.90627343164215,6.666666666666668,28,30,2,0,28,30,7997,0,0,0,0,0
2020-08-29,US,Kansas,Cloud,52,0,0,39.48028352,-97.64925343,20029.0,591.8506715228773,0.0,52,52,0,0,52,48,8729,0,0,0,0,4
2020-08-29,US,Kansas,Coffey,79,8,0,38.2365018,-95.73379515,20031.0,965.8882503973593,10.126582278481012,71,77,8,0,69,77,8233,2,0,0,2,0
2020-08-29,US,Kansas,Comanche,9,0,0,37.19114520000001,-99.27113247,20033.0,529.4117647058823,0.0,9,9,0,0,9,9,1748,0,0,0,0,0
2020-08-29,US,Kansas,Cowley,249,3,0,37.23781842,-96.83776647,20035.0,713.3035407356482,1.2048192771084338,246,249,3,0,246,247,35218,0,0,0,0,2
2020-08-29,US,Kansas,Crawford,518,3,0,37.50675523,-94.85245778,20037.0,1334.432479777423,0.5791505791505791,515,459,1,0,458,440,39019,59,2,0,57,19
2020-08-29,US,Kansas,Decatur,6,0,0,39.78468441,-100.45940809999999,20039.0,212.2391227449593,0.0,6,6,0,0,6,6,2871,0,0,0,0,0
2020-08-29,US,Kansas,Dickinson,76,1,0,38.86600962,-97.15532383,20041.0,411.56720459222356,1.3157894736842106,75,72,1,0,71,72,18717,4,0,0,4,0
2020-08-29,US,Kansas,Doniphan,68,0,0,39.79067154,-95.14056866,20043.0,894.736842105263,0.0,68,67,0,0,67,67,7682,1,0,0,1,0
2020-08-29,US,Kansas,Douglas,1306,8,0,38.88503636,-95.2925121,20045.0,1068.2240162278442,0.6125574272588055,1298,1306,8,0,1298,1264,121436,0,0,0,0,42
2020-08-29,US,Kansas,Edwards,25,0,0,37.88735543,-99.31263309,20047.0,893.4953538241601,0.0,25,25,0,0,25,25,2849,0,0,0,0,0
2020-08-29,US,Kansas,Elk,1,0,0,37.45338105,-96.24369667,20049.0,39.52569169960474,0.0,1,1,0,0,1,1,2508,0,0,0,0,0
2020-08-29,US,Kansas,Ellis,341,1,0,38.91458712,-99.31751551,20051.0,1194.2703043463036,0.2932551319648094,340,341,1,0,340,294,28710,0,0,0,0,47
2020-08-29,US,Kansas,Ellsworth,25,0,0,38.69677695,-98.20462799,20053.0,409.70173713536553,0.0,25,25,0,0,25,25,6196,0,0,0,0,0
2020-08-29,US,Kansas,Finney,1877,12,0,38.04340344,-100.73819379999999,20055.0,5147.119313351797,0.6393180607352158,1865,1877,12,0,1865,1876,36611,0,0,0,0,1
2020-08-29,US,Kansas,Ford,2309,10,0,37.69200114,-99.88825298,20057.0,6868.140039858416,0.43308791684712,2299,2309,10,0,2299,2239,33888,0,0,0,0,70
2020-08-29,US,Kansas,Franklin,256,2,0,38.56443815,-95.28644341,20059.0,1002.1922956467273,0.78125,254,256,2,0,254,253,25631,0,0,0,0,3
2020-08-29,US,Kansas,Geary,207,2,0,38.99871131,-96.7577178,20061.0,653.6154089043257,0.966183574879227,205,207,2,0,205,207,32594,0,0,0,0,0
2020-08-29,US,Kansas,Gove,10,0,0,38.91588178,-100.4829321,20063.0,379.36267071320185,0.0,10,10,0,0,10,9,2612,0,0,0,0,1
2020-08-29,US,Kansas,Graham,25,0,0,39.34987223,-99.88332493,20065.0,1007.252215954875,0.0,25,25,0,0,25,24,2492,0,0,0,0,1
2020-08-29,US,Kansas,Grant,159,3,0,37.56227336,-101.3079758,20067.0,2223.776223776224,1.8867924528301887,156,149,3,0,146,149,7336,10,0,0,10,0
2020-08-29,US,Kansas,Gray,106,0,0,37.73836671,-100.4369088,20069.0,1770.2070808283233,0.0,106,106,0,0,106,106,6033,0,0,0,0,0
2020-08-29,US,Kansas,Greeley,5,0,0,38.4808095,-101.8061079,20071.0,405.84415584415603,0.0,5,5,0,0,5,4,1227,0,0,0,0,1
2020-08-29,US,Kansas,Greenwood,23,0,0,37.8774388,-96.23250453,20073.0,384.4867937144768,0.0,23,23,0,0,23,23,6055,0,0,0,0,0
2020-08-29,US,Kansas,Hamilton,42,0,0,37.99978709,-101.7921066,20075.0,1654.1945647892871,0.0,42,42,0,0,42,42,2607,0,0,0,0,0
2020-08-29,US,Kansas,Harper,108,1,0,37.19175361,-98.07578384,20077.0,1986.7549668874167,0.925925925925926,107,108,1,0,107,108,5506,0,0,0,0,0
2020-08-29,US,Kansas,Harvey,291,4,0,38.04293782,-97.42747573,20079.0,845.217694385547,1.3745704467353952,287,291,4,0,287,285,34210,0,0,0,0,6
2020-08-29,US,Kansas,Haskell,47,0,0,37.562039399999996,-100.8710738,20081.0,1184.475806451613,0.0,47,47,0,0,47,46,3997,0,0,0,0,1
2020-08-29,US,Kansas,Hodgeman,13,0,0,38.08780079,-99.89829881,20083.0,724.6376811594204,0.0,13,13,0,0,13,13,1818,0,0,0,0,0
2020-08-29,US,Kansas,Jackson,204,1,0,39.41673394,-95.79356799,20085.0,1548.857338091261,0.4901960784313725,203,194,1,0,193,187,13280,10,0,0,10,7
2020-08-29,US,Kansas,Jefferson,118,0,0,39.2347941,-95.38289232,20087.0,619.6502651893084,0.0,118,118,0,0,118,113,18975,0,0,0,0,5
2020-08-29,US,Kansas,Jewell,14,1,0,39.78470589,-98.21820662,20089.0,486.2799583188608,7.142857142857142,13,14,1,0,13,14,2841,0,0,0,0,0
2020-08-29,US,Kansas,Johnson,8048,116,0,38.88548175,-94.82250877,20091.0,1335.9871580558465,1.441351888667992,7932,7870,116,0,7754,7754,597555,178,0,0,178,116
2020-08-29,US,Kansas,Kearny,70,1,0,38.00017981,-101.32168100000001,20093.0,1823.8665971860346,1.4285714285714286,69,70,1,0,69,69,3943,0,0,0,0,1
2020-08-29,US,Kansas,Kingman,39,0,0,37.55909527,-98.13638678,20095.0,545.3020134228188,0.0,39,39,0,0,39,39,7310,0,0,0,0,0
2020-08-29,US,Kansas,Kiowa,8,0,0,37.55848695,-99.2856537,20097.0,323.2323232323232,0.0,8,8,0,0,8,8,2516,0,0,0,0,0
2020-08-29,US,Kansas,Labette,183,1,0,37.19113093,-95.29849679,20099.0,932.8168008971353,0.5464480874316939,182,183,1,0,182,173,19964,0,0,0,0,10
2020-08-29,US,Kansas,Lane,8,0,0,38.48119447,-100.46607540000001,20101.0,521.1726384364822,0.0,8,8,0,0,8,8,1560,0,0,0,0,0
2020-08-29,US,Kansas,Leavenworth,1638,9,0,39.20183497,-95.03620809,20103.0,2003.4736661855718,0.5494505494505495,1629,1638,9,0,1629,1624,81352,0,0,0,0,14
2020-08-29,US,Kansas,Lincoln,7,0,0,39.04549684,-98.20756994,20105.0,236.32680621201888,0.0,7,7,0,0,7,7,3023,0,0,0,0,0
2020-08-29,US,Kansas,Linn,52,0,0,38.21267844,-94.84254089,20107.0,535.9167267855303,0.0,52,52,0,0,52,53,9750,0,0,0,0,-1
2020-08-29,US,Kansas,Logan,2,0,0,38.91735806,-101.148475,20109.0,71.58196134574086,0.0,2,2,0,0,2,2,2844,0,0,0,0,0
2020-08-29,US,Kansas,Lyon,916,17,0,38.45576156,-96.15275715,20111.0,2759.4517246573278,1.8558951965065504,899,916,17,0,899,906,33406,0,0,0,0,10
2020-08-29,US,Kansas,Marion,62,1,0,38.35855394,-97.09852509999999,20115.0,521.7098619993268,1.6129032258064515,61,62,1,0,61,61,11950,0,0,0,0,1
2020-08-29,US,Kansas,Marshall,14,0,0,39.78359669,-96.52278974,20117.0,144.22581642113937,0.0,14,14,0,0,14,14,9722,0,0,0,0,0
2020-08-29,US,Kansas,McPherson,207,1,0,38.39184858,-97.64769869,20113.0,725.247004414547,0.4830917874396135,206,207,1,0,206,207,28537,0,0,0,0,0
2020-08-29,US,Kansas,Meade,63,0,0,37.23859987,-100.36483100000001,20119.0,1562.1125712868832,0.0,63,63,0,0,63,62,4146,0,0,0,0,1
2020-08-29,US,Kansas,Miami,188,0,0,38.56383358,-94.83832189,20121.0,549.1135321435873,0.0,188,188,0,0,188,188,33680,0,0,0,0,0
2020-08-29,US,Kansas,Mitchell,30,0,0,39.39331582,-98.20906732,20123.0,501.7561465127948,0.0,30,30,0,0,30,30,6150,0,0,0,0,0
2020-08-29,US,Kansas,Montgomery,236,5,0,37.19236568,-95.74329258,20125.0,741.4621885701719,2.1186440677966103,231,227,5,0,222,227,32120,9,0,0,9,0
2020-08-29,US,Kansas,Morris,19,0,0,38.68827511,-96.65128437,20127.0,338.0782918149466,0.0,19,19,0,0,19,18,5521,0,0,0,0,1
2020-08-29,US,Kansas,Morton,10,2,0,37.19141121,-101.79925190000002,20129.0,386.54812524159263,20.0,8,10,2,0,8,10,2667,0,0,0,0,0
2020-08-29,US,Kansas,Nemaha,55,1,0,39.78345387,-96.01392079,20131.0,537.5818590558108,1.818181818181818,54,55,1,0,54,55,10155,0,0,0,0,0
2020-08-29,US,Kansas,Neosho,83,0,0,37.55862897,-95.30670046,20133.0,518.5231461235709,0.0,83,79,0,0,79,79,15951,4,0,0,4,0
2020-08-29,US,Kansas,Ness,18,0,0,38.47974157,-99.91547333,20135.0,654.5454545454545,0.0,18,18,0,0,18,18,2840,0,0,0,0,0
2020-08-29,US,Kansas,Norton,23,0,0,39.78443827,-99.90286639,20137.0,429.0244357396009,0.0,23,23,0,0,23,23,5430,0,0,0,0,0
2020-08-29,US,Kansas,Osage,62,0,0,38.65235984,-95.72707998,20139.0,388.73910590005636,0.0,62,62,0,0,62,60,15941,0,0,0,0,2
2020-08-29,US,Kansas,Osborne,4,0,0,39.3503437,-98.76753828,20141.0,116.92487576731949,0.0,4,4,0,0,4,4,3475,0,0,0,0,0
2020-08-29,US,Kansas,Ottawa,40,0,0,39.13237408,-97.65020313,20143.0,701.2622720897616,0.0,40,40,0,0,40,40,5802,0,0,0,0,0
2020-08-29,US,Kansas,Pawnee,206,0,0,38.18108732,-99.23692334,20145.0,3211.7243529778607,0.0,206,206,0,0,206,187,6562,0,0,0,0,19
2020-08-29,US,Kansas,Phillips,51,8,0,39.78465501,-99.34668865,20147.0,974.3981658387466,15.68627450980392,43,51,8,0,43,51,5317,0,0,0,0,0
2020-08-29,US,Kansas,Pottawatomie,158,0,0,39.37925655,-96.34564657,20149.0,647.9924537587664,0.0,158,158,0,0,158,151,24277,0,0,0,0,7
2020-08-29,US,Kansas,Pratt,40,0,0,37.64780729,-98.73922153,20151.0,436.4906154517678,0.0,40,40,0,0,40,40,9378,0,0,0,0,0
2020-08-29,US,Kansas,Rawlins,1,0,0,39.78525843,-101.07616170000001,20153.0,39.52569169960474,0.0,1,1,0,0,1,1,2508,0,0,0,0,0
2020-08-29,US,Kansas,Reno,741,1,0,37.95230263,-98.08607292,20155.0,1195.1998451562954,0.1349527665317139,740,692,1,0,691,687,62342,49,0,0,49,5
2020-08-29,US,Kansas,Republic,36,0,0,39.82799632,-97.65036709,20157.0,776.5314926660915,0.0,36,36,0,0,36,35,4664,0,0,0,0,1
2020-08-29,US,Kansas,Rice,44,1,0,38.34616184,-98.19992118,20159.0,461.36101499423296,2.272727272727273,43,44,1,0,43,43,9531,0,0,0,0,1
2020-08-29,US,Kansas,Riley,822,5,0,39.28935726,-96.73420026,20161.0,1107.3391529259618,0.6082725060827251,817,822,5,0,817,686,73703,0,0,0,0,136
2020-08-29,US,Kansas,Rooks,25,0,0,39.35022773,-99.32484567,20163.0,508.130081300813,0.0,25,25,0,0,25,25,5013,0,0,0,0,0
2020-08-29,US,Kansas,Rush,15,0,0,38.52275276,-99.30863983,20165.0,494.07114624505925,0.0,15,15,0,0,15,14,3093,0,0,0,0,1
2020-08-29,US,Kansas,Russell,18,0,0,38.91462787,-98.76254297,20167.0,262.54375729288216,0.0,18,18,0,0,18,18,6907,0,0,0,0,0
2020-08-29,US,Kansas,Saline,465,9,0,38.78369175,-97.65185177,20169.0,857.5538506934198,1.935483870967742,456,465,9,0,456,455,54401,0,0,0,0,10
2020-08-29,US,Kansas,Scott,95,1,0,38.48222076,-100.90665390000001,20171.0,1969.7283848227246,1.0526315789473684,94,93,1,0,92,91,4897,2,0,0,2,2
2020-08-29,US,Kansas,Sedgwick,6796,50,0,37.6842718,-97.4608198,20173.0,1316.9470701997125,0.7357268981753973,6746,6733,50,0,6683,6693,513607,63,0,0,63,40
2020-08-29,US,Kansas,Seward,1380,4,0,37.19324632,-100.85072009999999,20175.0,6440.171737913011,0.2898550724637681,1376,1373,4,0,1369,1373,21780,7,0,0,7,0
2020-08-29,US,Kansas,Shawnee,2129,22,0,39.04100763,-95.75572640000001,20177.0,1203.6749116607773,1.0333489901362145,2107,2129,22,0,2107,2098,177499,0,0,0,0,31
2020-08-29,US,Kansas,Sheridan,10,0,0,39.35018161,-100.44182590000001,20179.0,396.6679888932963,0.0,10,10,0,0,10,9,2533,0,0,0,0,1
2020-08-29,US,Kansas,Sherman,17,0,0,39.35147699,-101.71976240000001,20181.0,287.30775730944737,0.0,17,17,0,0,17,17,5899,0,0,0,0,0
2020-08-29,US,Kansas,Smith,3,0,0,39.78516566,-98.78566062,20183.0,83.72871895060004,0.0,3,3,0,0,3,3,3603,0,0,0,0,0
2020-08-29,US,Kansas,Stafford,31,1,0,38.03100851,-98.71762001,20185.0,745.9095283926853,3.2258064516129035,30,31,1,0,30,31,4178,0,0,0,0,0
2020-08-29,US,Kansas,Stanton,21,2,0,37.56304714,-101.78435340000001,20187.0,1046.8594217347957,9.523809523809524,19,21,1,0,20,22,1987,0,1,0,-1,-1
2020-08-29,US,Kansas,Stevens,67,0,0,37.1923008,-101.3118967,20189.0,1221.5132178669098,0.0,67,67,0,0,67,65,5559,0,0,0,0,2
2020-08-29,US,Kansas,Sumner,117,3,0,37.23682549,-97.47721621,20191.0,512.3489227535472,2.5641025641025643,114,117,3,0,114,117,22996,0,0,0,0,0
2020-08-29,US,Kansas,Thomas,53,0,0,39.35107575,-101.0553705,20193.0,681.4967211006815,0.0,53,53,0,0,53,53,7711,0,0,0,0,0
2020-08-29,US,Kansas,Trego,26,1,0,38.91467218,-99.87284448,20195.0,927.577595433464,3.8461538461538463,25,26,1,0,25,24,2793,0,0,0,0,2
2020-08-29,US,Kansas,Wabaunsee,54,0,0,38.95471985,-96.20350509,20197.0,779.1083537729044,0.0,54,54,0,0,54,52,6899,0,0,0,0,2
2020-08-29,US,Kansas,Wallace,2,0,0,38.91686134,-101.76388759999999,20199.0,131.75230566534916,0.0,2,2,0,0,2,2,1503,0,0,0,0,0
2020-08-29,US,Kansas,Washington,5,0,0,39.78420784,-97.08753229999999,20201.0,92.48982611912693,0.0,5,5,0,0,5,3,5420,0,0,0,0,2
2020-08-29,US,Kansas,Wichita,4,0,0,38.48178252,-101.3471509,20203.0,188.76828692779614,0.0,4,4,0,0,4,4,2105,0,0,0,0,0
2020-08-29,US,Kansas,Wilson,16,0,0,37.55937174,-95.74323255,20205.0,187.68328445747798,0.0,16,16,0,0,16,16,8665,0,0,0,0,0
2020-08-29,US,Kansas,Woodson,12,0,0,37.8865336,-95.74006277,20207.0,382.4091778202677,0.0,12,12,0,0,12,12,3183,0,0,0,0,0
2020-08-29,US,Kansas,Wyandotte,5980,113,0,39.11727348,-94.76378225,20209.0,3614.843830283687,1.8896321070234117,5867,5926,113,0,5813,5882,165324,54,0,0,54,44
2020-08-29,US,Kentucky,Adair,259,19,0,37.10459774,-85.28129668,21001.0,1348.8178314758882,7.335907335907336,240,257,19,0,238,255,19215,2,0,0,2,2
2020-08-29,US,Kentucky,Allen,252,9,0,36.75197631,-86.19457544,21003.0,1182.2660098522167,3.571428571428572,243,252,9,0,243,248,21122,0,0,0,0,4
2020-08-29,US,Kentucky,Anderson,114,1,0,38.00671029,-84.99171713,21005.0,501.16498878973056,0.8771929824561403,113,114,1,0,113,114,22663,0,0,0,0,0
2020-08-29,US,Kentucky,Ballard,42,0,0,37.05842757,-88.99427697,21007.0,532.4543610547669,0.0,42,41,0,0,41,41,7979,1,0,0,1,0
2020-08-29,US,Kentucky,Barren,496,8,0,36.96469836,-85.93338945,21009.0,1120.929286537549,1.6129032258064515,488,490,8,0,482,483,44176,6,0,0,6,7
2020-08-29,US,Kentucky,Bath,65,1,0,38.14735938,-83.74588932,21011.0,520.0,1.5384615384615383,64,56,1,0,55,53,12383,9,0,0,9,3
2020-08-29,US,Kentucky,Bell,395,7,0,36.73355174,-83.67766671,21013.0,1517.363245236632,1.7721518987341771,388,387,7,0,380,386,26569,8,0,0,8,1
2020-08-29,US,Kentucky,Boone,1280,25,0,38.97065142,-84.72615357,21015.0,958.2201061528212,1.953125,1255,1266,25,0,1241,1255,131533,14,0,0,14,11
2020-08-29,US,Kentucky,Bourbon,112,1,0,38.2054607,-84.21827874,21017.0,565.9995957145745,0.8928571428571429,111,110,1,0,109,107,20184,2,0,0,2,3
2020-08-29,US,Kentucky,Boyd,234,4,0,38.36176608,-82.68652187,21019.0,500.8776060619034,1.709401709401709,230,227,4,0,223,224,47240,7,0,0,7,3
2020-08-29,US,Kentucky,Boyle,202,0,0,37.62680923,-84.8633779,21021.0,671.9893546240852,0.0,202,201,0,0,201,200,30100,1,0,0,1,1
2020-08-29,US,Kentucky,Bracken,37,0,0,38.69158994,-84.08532444,21023.0,445.6220643141034,0.0,37,37,0,0,37,37,8239,0,0,0,0,0
2020-08-29,US,Kentucky,Breathitt,55,0,0,37.52333168,-83.31959161,21025.0,435.47110055423593,0.0,55,54,0,0,54,54,12726,1,0,0,1,0
2020-08-29,US,Kentucky,Breckinridge,95,2,0,37.77377239,-86.42885017,21027.0,463.9351467500122,2.1052631578947367,93,93,2,0,91,93,20388,2,0,0,2,0
2020-08-29,US,Kentucky,Bullitt,605,5,0,37.97162523,-85.68955617,21029.0,740.7316714824428,0.8264462809917356,600,603,5,0,598,591,81069,2,0,0,2,12
2020-08-29,US,Kentucky,Butler,320,16,0,37.20946153,-86.68748787,21031.0,2484.664958459508,5.0,304,317,16,0,301,315,12772,3,0,0,3,2
2020-08-29,US,Kentucky,Caldwell,72,0,0,37.14749129,-87.86948214,21033.0,564.8387855966107,0.0,72,70,0,0,70,68,12715,2,0,0,2,2
2020-08-29,US,Kentucky,Calloway,390,5,0,36.62093411,-88.2731593,21035.0,999.9743596318043,1.2820512820512822,385,389,5,0,384,383,39135,1,0,0,1,6
2020-08-29,US,Kentucky,Campbell,684,13,0,38.94384345,-84.37875208,21037.0,730.8941699435803,1.9005847953216373,671,675,13,0,662,670,93152,9,0,0,9,5
2020-08-29,US,Kentucky,Carlisle,59,1,0,36.85372876,-88.96692220000001,21039.0,1239.4957983193276,1.6949152542372878,58,59,1,0,58,59,4771,0,0,0,0,0
2020-08-29,US,Kentucky,Carroll,191,3,0,38.66599534,-85.12601074,21041.0,1796.6324898880634,1.5706806282722514,188,190,3,0,187,190,10737,1,0,0,1,0
2020-08-29,US,Kentucky,Carter,113,3,0,38.31690743,-83.05092385,21043.0,421.68899503675766,2.6548672566371683,110,113,3,0,110,113,27004,0,0,0,0,0
2020-08-29,US,Kentucky,Casey,243,11,0,37.32533118,-84.92726209,21045.0,1503.8059285846896,4.526748971193416,232,241,11,0,230,238,15888,2,0,0,2,3
2020-08-29,US,Kentucky,Christian,858,12,0,36.89267803,-87.49055367,21047.0,1217.6948950483245,1.3986013986013983,846,851,12,0,839,824,71671,7,0,0,7,27
2020-08-29,US,Kentucky,Clark,242,8,0,37.9689263,-84.14615986,21049.0,667.3468824973113,3.3057851239669422,234,237,8,0,229,236,36249,5,0,0,5,1
2020-08-29,US,Kentucky,Clay,205,6,0,37.16451126,-83.712575,21051.0,1030.0989900005022,2.9268292682926833,199,205,6,0,199,201,20105,0,0,0,0,4
2020-08-29,US,Kentucky,Clinton,71,1,0,36.72581156,-85.13377529,21053.0,694.8522215697789,1.4084507042253518,70,69,1,0,68,68,10206,2,0,0,2,1
2020-08-29,US,Kentucky,Crittenden,48,1,0,37.35839237,-88.08826090000002,21055.0,545.0828980240744,2.083333333333333,47,48,1,0,47,47,8915,0,0,0,0,1
2020-08-29,US,Kentucky,Cumberland,86,0,0,36.78926125,-85.39050034,21057.0,1300.2721499848806,0.0,86,86,0,0,86,84,6659,0,0,0,0,2
2020-08-29,US,Kentucky,Daviess,950,11,0,37.73028906,-87.09019479999998,21059.0,935.859167971944,1.1578947368421053,939,941,11,0,930,923,101104,9,0,0,9,18
2020-08-29,US,Kentucky,Edmonson,117,12,0,37.21218923,-86.23955613,21061.0,962.9629629629628,10.256410256410255,105,117,12,0,105,116,12274,0,0,0,0,1
2020-08-29,US,Kentucky,Elliott,25,0,0,38.11624059,-83.09771563,21063.0,332.5794864972728,0.0,25,21,0,0,21,20,7508,4,0,0,4,1
2020-08-29,US,Kentucky,Estill,37,0,0,37.69241417,-83.95956369,21065.0,262.29973061108745,0.0,37,34,0,0,34,32,14198,3,0,0,3,2
2020-08-29,US,Kentucky,Fayette,4083,52,0,38.0368225,-84.45576892,21067.0,1263.4921027875428,1.2735733529267694,4031,4037,52,0,3985,3946,323780,46,0,0,46,91
2020-08-29,US,Kentucky,Fleming,69,0,0,38.36758311,-83.69657514,21069.0,473.2185721143954,0.0,69,68,0,0,68,67,14432,1,0,0,1,1
2020-08-29,US,Kentucky,Floyd,145,2,0,37.56213922,-82.74750924,21071.0,407.42926185057183,1.3793103448275863,143,143,2,0,141,140,35845,2,0,0,2,3
2020-08-29,US,Kentucky,Franklin,461,11,0,38.2379395,-84.87962551,21073.0,904.0811123531604,2.386117136659436,450,457,11,0,446,451,50815,4,0,0,4,6
2020-08-29,US,Kentucky,Fulton,118,2,0,36.55238827,-89.20140068,21075.0,1976.88054950578,1.6949152542372878,116,116,2,0,114,115,6120,2,0,0,2,1
2020-08-29,US,Kentucky,Gallatin,93,8,0,38.75398691,-84.8558382,21077.0,1048.59623407374,8.602150537634408,85,92,8,0,84,90,8832,1,0,0,1,2
2020-08-29,US,Kentucky,Garrard,119,2,0,37.638866799999995,-84.53289319,21079.0,673.6103249179214,1.680672268907563,117,116,2,0,114,110,17560,3,0,0,3,6
2020-08-29,US,Kentucky,Grant,136,6,0,38.64962758,-84.62415957,21081.0,542.502692568511,4.411764705882354,130,133,6,0,127,132,25121,3,0,0,3,1
2020-08-29,US,Kentucky,Graves,638,29,0,36.72292505,-88.65143315,21083.0,1712.0163151398056,4.545454545454546,609,633,29,0,604,630,37317,5,0,0,5,3
2020-08-29,US,Kentucky,Grayson,255,11,0,37.46231118,-86.34248968,21085.0,964.9222386195937,4.313725490196078,244,251,11,0,240,245,26321,4,0,0,4,6
2020-08-29,US,Kentucky,Green,148,6,0,37.26484328,-85.5540745,21087.0,1352.7099899460745,4.0540540540540535,142,142,6,0,136,127,11049,6,0,0,6,15
2020-08-29,US,Kentucky,Greenup,192,2,0,38.54332505,-82.9215658,21089.0,547.0397173628127,1.0416666666666667,190,189,2,0,187,187,35268,3,0,0,3,2
2020-08-29,US,Kentucky,Hancock,56,0,0,37.83766422,-86.78280584,21091.0,642.0545746388442,0.0,56,56,0,0,56,56,8758,0,0,0,0,0
2020-08-29,US,Kentucky,Hardin,912,9,0,37.6976111,-85.96319251,21093.0,821.9326231547071,0.986842105263158,903,898,9,0,889,885,110356,14,0,0,14,13
2020-08-29,US,Kentucky,Harlan,290,6,0,36.85699301,-83.21899516,21095.0,1114.955786236063,2.0689655172413794,284,283,6,0,277,278,26409,7,0,0,7,5
2020-08-29,US,Kentucky,Harrison,151,0,0,38.44188174,-84.32869741,21097.0,799.5340463835646,0.0,151,150,0,0,150,150,18778,1,0,0,1,0
2020-08-29,US,Kentucky,Hart,129,1,0,37.29943898,-85.88461055,21099.0,677.6989755713157,0.7751937984496124,128,123,1,0,122,123,18906,6,0,0,6,0
2020-08-29,US,Kentucky,Henderson,423,3,0,37.79344553,-87.57392021,21101.0,935.6337093563372,0.7092198581560284,420,418,3,0,415,414,45591,5,0,0,5,4
2020-08-29,US,Kentucky,Henry,161,1,0,38.44942688,-85.11587507,21103.0,998.3876968870147,0.6211180124223602,160,159,1,0,158,159,16106,2,0,0,2,0
2020-08-29,US,Kentucky,Hickman,66,0,0,36.67948079999999,-88.97875928,21105.0,1506.849315068493,0.0,66,66,0,0,66,66,4421,0,0,0,0,0
2020-08-29,US,Kentucky,Hopkins,510,36,0,37.30939025,-87.54670406,21107.0,1141.2970505303674,7.0588235294117645,474,502,36,0,466,498,45068,8,0,0,8,4
2020-08-29,US,Kentucky,Jackson,216,15,0,37.41866422,-83.99825483,21109.0,1620.5266711681295,6.9444444444444455,201,209,15,0,194,202,13442,7,0,0,7,7
2020-08-29,US,Kentucky,Jefferson,11615,264,0,38.18664655,-85.65931031,21111.0,1514.821514508508,2.27292294446836,11351,11353,264,0,11089,11167,770517,262,0,0,262,186
2020-08-29,US,Kentucky,Jessamine,450,0,0,37.87119786,-84.58252003,21113.0,831.5624133789153,0.0,450,439,0,0,439,435,53920,11,0,0,11,4
2020-08-29,US,Kentucky,Johnson,117,1,0,37.85106355,-82.8264322,21115.0,527.3120605732829,0.8547008547008547,116,115,1,0,114,110,22386,2,0,0,2,5
2020-08-29,US,Kentucky,Kenton,1704,41,0,38.93950319,-84.53241199,21117.0,1020.3715014551072,2.4061032863849765,1663,1695,41,0,1654,1680,166051,9,0,0,9,15
2020-08-29,US,Kentucky,Knott,88,1,0,37.35388197,-82.94981134,21119.0,594.3536404160476,1.1363636363636365,87,88,1,0,87,89,15126,0,0,0,0,-1
2020-08-29,US,Kentucky,Knox,355,9,0,36.89225732,-83.85403396,21121.0,1139.8298282228286,2.5352112676056344,346,350,9,0,341,346,31304,5,0,0,5,4
2020-08-29,US,Kentucky,Larue,83,1,0,37.54567114,-85.70138352,21123.0,576.4689540213917,1.2048192771084338,82,82,1,0,81,81,14307,1,0,0,1,1
2020-08-29,US,Kentucky,Laurel,562,5,0,37.10975748,-84.11321779,21125.0,924.1445085754692,0.8896797153024911,557,554,5,0,549,545,60669,8,0,0,8,9
2020-08-29,US,Kentucky,Lawrence,43,0,0,38.07136018,-82.72882223,21127.0,280.7338251615852,0.0,43,44,0,0,44,43,15571,-1,0,0,-1,1
2020-08-29,US,Kentucky,Lee,13,0,0,37.59645942,-83.71513901,21129.0,175.6044846683777,0.0,13,13,0,0,13,12,7033,0,0,0,0,1
2020-08-29,US,Kentucky,Leslie,40,0,0,37.09246661,-83.37999606,21131.0,404.9812696162802,0.0,40,40,0,0,40,40,10143,0,0,0,0,0
2020-08-29,US,Kentucky,Letcher,72,2,0,37.12306748,-82.85346474,21133.0,334.0602236347608,2.7777777777777777,70,70,2,0,68,67,21899,2,0,0,2,3
2020-08-29,US,Kentucky,Lewis,160,10,0,38.53184419,-83.37735618,21135.0,1205.2730696798496,6.25,150,148,10,0,138,147,13257,12,0,0,12,1
2020-08-29,US,Kentucky,Lincoln,137,5,0,37.45475628,-84.6565327,21137.0,558.0675383926025,3.6496350364963503,132,134,2,0,132,134,24644,3,3,0,0,0
2020-08-29,US,Kentucky,Livingston,46,1,0,37.21137452,-88.34797529,21139.0,500.3262997607135,2.1739130434782608,45,45,1,0,44,44,9242,1,0,0,1,1
2020-08-29,US,Kentucky,Logan,416,26,0,36.85949479,-86.877635,21141.0,1534.9420706958897,6.25,390,408,26,0,382,401,26989,8,0,0,8,7
2020-08-29,US,Kentucky,Lyon,37,4,0,37.02080035,-88.07886257,21143.0,450.66991473812425,10.810810810810812,33,34,4,0,30,34,8009,3,0,0,3,0
2020-08-29,US,Kentucky,Madison,964,3,0,37.71659336,-84.27220275,21151.0,1036.7040554055943,0.3112033195020747,961,937,3,0,934,881,92368,27,0,0,27,56
2020-08-29,US,Kentucky,Magoffin,67,0,0,37.70820545,-83.0657714,21153.0,550.9415344132883,0.0,67,66,0,0,66,62,12362,1,0,0,1,4
2020-08-29,US,Kentucky,Marion,174,2,0,37.55218078,-85.26898542,21155.0,902.8174129611374,1.1494252873563218,172,173,2,0,171,171,19404,1,0,0,1,2
2020-08-29,US,Kentucky,Marshall,186,2,0,36.88007070000001,-88.32803576,21157.0,598.0707395498392,1.075268817204301,184,185,2,0,183,183,31191,1,0,0,1,2
2020-08-29,US,Kentucky,Martin,55,0,0,37.79990579,-82.51247478,21159.0,491.29075480125056,0.0,55,53,0,0,53,51,11323,2,0,0,2,2
2020-08-29,US,Kentucky,Mason,88,2,0,38.59471935,-83.82151043,21161.0,515.5243116578794,2.272727272727273,86,86,2,0,84,83,17150,2,0,0,2,3
2020-08-29,US,Kentucky,McCracken,497,6,0,37.05350953,-88.70445755,21145.0,759.7297379926014,1.2072434607645874,491,486,6,0,480,479,65346,11,0,0,11,7
2020-08-29,US,Kentucky,McCreary,87,0,0,36.73874143,-84.48102924,21147.0,504.9039521792119,0.0,87,82,0,0,82,76,17408,5,0,0,5,6
2020-08-29,US,Kentucky,McLean,53,1,0,37.5301951,-87.26803443,21149.0,575.648962745737,1.8867924528301887,52,53,1,0,52,52,9252,0,0,0,0,1
2020-08-29,US,Kentucky,Meade,123,3,0,37.96163597,-86.21028219,21163.0,430.4913901721965,2.4390243902439024,120,123,3,0,120,123,28715,0,0,0,0,0
2020-08-29,US,Kentucky,Menifee,33,0,0,37.94090733,-83.59985712,21165.0,508.55293573740175,0.0,33,30,0,0,30,31,6451,3,0,0,3,-1
2020-08-29,US,Kentucky,Mercer,110,1,0,37.81474237,-84.87488475,21167.0,501.52737883554477,0.9090909090909092,109,107,1,0,106,107,21774,3,0,0,3,0
2020-08-29,US,Kentucky,Metcalfe,82,2,0,36.99459295,-85.63123699,21169.0,814.2190447820474,2.4390243902439024,80,82,2,0,80,80,10030,0,0,0,0,2
2020-08-29,US,Kentucky,Monroe,138,2,0,36.71225341,-85.71596443,21171.0,1295.7746478873241,1.4492753623188406,136,129,2,0,127,129,10718,9,0,0,9,0
2020-08-29,US,Kentucky,Montgomery,190,1,0,38.03253032,-83.9145241,21173.0,674.7877969954186,0.5263157894736842,189,182,1,0,181,178,28203,8,0,0,8,4
2020-08-29,US,Kentucky,Morgan,45,0,0,37.92465657,-83.25558245,21175.0,338.1170636411452,0.0,45,43,0,0,43,41,13345,2,0,0,2,2
2020-08-29,US,Kentucky,Muhlenberg,659,11,0,37.21425819,-87.14632053,21177.0,2152.0475475148587,1.6691957511380882,648,657,11,0,646,651,30774,2,0,0,2,6
2020-08-29,US,Kentucky,Nelson,331,2,0,37.80335779,-85.4657193,21179.0,715.9388315705232,0.6042296072507553,329,326,2,0,324,322,45851,5,0,0,5,4
2020-08-29,US,Kentucky,Nicholas,22,1,0,38.33342292,-84.01889177,21181.0,302.65511074425643,4.545454545454546,21,22,1,0,21,22,7166,0,0,0,0,0
2020-08-29,US,Kentucky,Ohio,385,9,0,37.47751843,-86.85368087,21183.0,1604.5678086188211,2.3376623376623376,376,382,9,0,373,379,24087,3,0,0,3,3
2020-08-29,US,Kentucky,Oldham,808,23,0,38.39791089,-85.448222,21185.0,1209.5989460920073,2.8465346534653464,785,799,23,0,776,790,66470,9,0,0,9,9
2020-08-29,US,Kentucky,Owen,80,0,0,38.51679143,-84.82404619,21187.0,733.8776259058803,0.0,80,80,0,0,80,79,10880,0,0,0,0,1
2020-08-29,US,Kentucky,Owsley,32,0,0,37.42823949,-83.68811419,21189.0,724.80181200453,0.0,32,31,0,0,31,30,4472,1,0,0,1,1
2020-08-29,US,Kentucky,Pendleton,63,0,0,38.69607718,-84.35599463,21191.0,431.8026045236463,0.0,63,63,0,0,63,64,14529,0,0,0,0,-1
2020-08-29,US,Kentucky,Perry,286,7,0,37.25023553,-83.22922731,21193.0,1110.3346533115923,2.4475524475524475,279,282,7,0,275,279,26092,4,0,0,4,3
2020-08-29,US,Kentucky,Pike,314,3,0,37.47088263,-82.39487445,21195.0,542.5392217845048,0.9554140127388536,311,300,3,0,297,299,58402,14,0,0,14,1
2020-08-29,US,Kentucky,Powell,76,0,0,37.83218794,-83.82553961,21197.0,614.9364835342665,0.0,76,76,0,0,76,72,12442,0,0,0,0,4
2020-08-29,US,Kentucky,Pulaski,510,6,0,37.10466131,-84.57629079,21199.0,784.8689576632449,1.1764705882352942,504,497,6,0,491,480,64623,13,0,0,13,17
2020-08-29,US,Kentucky,Robertson,6,0,0,38.51923469,-84.05055616,21201.0,284.62998102466787,0.0,6,4,0,0,4,4,2135,2,0,0,2,0
2020-08-29,US,Kentucky,Rockcastle,118,0,0,37.36642393,-84.31176452,21203.0,706.7984426474992,0.0,118,114,0,0,114,112,16750,4,0,0,4,2
2020-08-29,US,Kentucky,Rowan,159,0,0,38.19484205,-83.42088935,21205.0,650.0408830744072,0.0,159,153,0,0,153,124,24583,6,0,0,6,29
2020-08-29,US,Kentucky,Russell,171,5,0,36.99308373,-85.06070117,21207.0,954.0813479886181,2.9239766081871346,166,171,5,0,166,168,17821,0,0,0,0,3
2020-08-29,US,Kentucky,Scott,566,5,0,38.29622293,-84.5816631,21209.0,992.9127780506633,0.8833922261484098,561,563,5,0,558,558,56031,3,0,0,3,5
2020-08-29,US,Kentucky,Shelby,896,23,0,38.21476019,-85.194223,21211.0,1827.6762402088773,2.5669642857142856,873,890,23,0,867,882,48518,6,0,0,6,8
2020-08-29,US,Kentucky,Simpson,205,7,0,36.74058474,-86.58047435,21213.0,1103.8121903941417,3.414634146341464,198,204,7,0,197,202,18529,1,0,0,1,2
2020-08-29,US,Kentucky,Spencer,166,0,0,38.03223971,-85.32749335,21215.0,857.8368042995194,0.0,166,163,0,0,163,163,18794,3,0,0,3,0
2020-08-29,US,Kentucky,Taylor,201,5,0,37.3677562,-85.3329931,21217.0,780.0069851371802,2.487562189054726,196,197,5,0,192,193,25549,4,0,0,4,4
2020-08-29,US,Kentucky,Todd,138,0,0,36.8381152,-87.17878374,21219.0,1122.4987798926306,0.0,138,109,0,0,109,107,12311,29,0,0,29,2
2020-08-29,US,Kentucky,Trigg,81,0,0,36.80767017,-87.87333656,21221.0,552.8632857825404,0.0,81,78,0,0,78,74,14643,3,0,0,3,4
2020-08-29,US,Kentucky,Trimble,43,0,0,38.61056487,-85.33775972,21223.0,507.6142131979696,0.0,43,43,0,0,43,43,8515,0,0,0,0,0
2020-08-29,US,Kentucky,Union,94,1,0,37.66166713,-87.94300009,21225.0,653.6402197343717,1.0638297872340423,93,90,1,0,89,86,14505,4,0,0,4,4
2020-08-29,US,Kentucky,Warren,3275,26,0,36.99903045,-86.42672751,21227.0,2464.3330122802795,0.7938931297709924,3249,3211,26,0,3185,3176,131264,64,0,0,64,35
2020-08-29,US,Kentucky,Washington,121,1,0,37.75599461,-85.17407732,21229.0,1000.4133939644479,0.8264462809917356,120,119,1,0,118,118,12084,2,0,0,2,1
2020-08-29,US,Kentucky,Wayne,94,0,0,36.80310688,-84.8251971,21231.0,462.30266069935567,0.0,94,94,0,0,94,89,20468,0,0,0,0,5
2020-08-29,US,Kentucky,Webster,98,2,0,37.52168356,-87.67989953,21233.0,757.2245402565293,2.0408163265306123,96,97,2,0,95,97,13111,1,0,0,1,0
2020-08-29,US,Kentucky,Whitley,195,2,0,36.75700531,-84.14541217,21235.0,537.7233620119126,1.0256410256410255,193,193,2,0,191,186,36242,2,0,0,2,7
2020-08-29,US,Kentucky,Wolfe,26,0,0,37.73941626,-83.49303612,21237.0,363.2807042056729,0.0,26,26,0,0,26,27,7177,0,0,0,0,-1
2020-08-29,US,Kentucky,Woodford,203,0,0,38.04178222,-84.7417556,21239.0,759.3326849704497,0.0,203,202,0,0,202,201,26533,1,0,0,1,1
2020-08-29,US,Louisiana,Acadia,2799,93,0,30.295064899999996,-92.41419698,22001.0,4511.241840599565,3.3226152197213286,2706,2799,93,0,2706,2781,62190,0,0,0,0,18
2020-08-29,US,Louisiana,Allen,1437,37,0,30.65385745,-92.82442028,22003.0,5607.367229874742,2.5748086290883787,1400,1437,37,0,1400,1434,25605,0,0,0,0,3
2020-08-29,US,Louisiana,Ascension,3291,92,0,30.20406249,-90.91328409999998,22005.0,2599.443935420682,2.7955028866605893,3199,3291,92,0,3199,3267,124672,0,0,0,0,24
2020-08-29,US,Louisiana,Assumption,653,22,0,29.89946234,-91.06461642,22007.0,2982.9610342149736,3.3690658499234303,631,653,22,0,631,654,22300,0,0,0,0,-1
2020-08-29,US,Louisiana,Avoyelles,1268,43,0,31.07796211,-92.00079449,22009.0,3158.628935831008,3.3911671924290223,1225,1268,43,0,1225,1261,40462,0,0,0,0,7
2020-08-29,US,Louisiana,Beauregard,932,31,0,30.64836518,-93.34173616,22011.0,2485.532175907406,3.326180257510729,901,932,31,0,901,928,37253,0,0,0,0,4
2020-08-29,US,Louisiana,Bienville,412,31,0,32.34569994,-93.05398492,22013.0,3111.547466203459,7.524271844660194,381,412,31,0,381,412,13308,0,0,0,0,0
2020-08-29,US,Louisiana,Bossier,2674,92,0,32.67932307,-93.60460152,22015.0,2104.8654350238903,3.4405385190725504,2582,2674,92,0,2582,2667,127185,0,0,0,0,7
2020-08-29,US,Louisiana,Caddo,7320,314,0,32.57991587,-93.88375652,22017.0,3047.4097017535096,4.2896174863387975,7006,7320,314,0,7006,7278,242922,0,0,0,0,42
2020-08-29,US,Louisiana,Calcasieu,7298,182,0,30.22931235,-93.35400434,22019.0,3587.3690005702038,2.493833927103316,7116,7298,182,0,7116,7285,203112,0,0,0,0,13
2020-08-29,US,Louisiana,Caldwell,276,3,0,32.0902519,-92.11752148,22021.0,2782.819116757411,1.0869565217391304,273,276,3,0,273,274,9960,0,0,0,0,2
2020-08-29,US,Louisiana,Cameron,206,1,0,29.87592238,-93.19310676,22023.0,2954.2521153018793,0.4854368932038835,205,206,1,0,205,204,6968,0,0,0,0,2
2020-08-29,US,Louisiana,Catahoula,366,6,0,31.66778967,-91.84526385,22025.0,3855.0663576996003,1.639344262295082,360,366,6,0,360,363,9608,0,0,0,0,3
2020-08-29,US,Louisiana,Claiborne,355,13,0,32.82308512,-92.99526883,22027.0,2265.475430759413,3.661971830985916,342,355,13,0,342,354,15944,0,0,0,0,1
2020-08-29,US,Louisiana,Concordia,427,10,0,31.44817835,-91.63814433,22029.0,2217.145230801184,2.34192037470726,417,427,10,0,417,426,19572,0,0,0,0,1
2020-08-29,US,Louisiana,De Soto,810,32,0,32.05457447,-93.74130302,22031.0,2949.4228598477953,3.9506172839506166,778,810,32,0,778,807,27436,0,0,0,0,3
2020-08-29,US,Louisiana,East Baton Rouge,13573,407,0,30.53842039,-91.09777565,22033.0,3084.359142751313,2.998600162086495,13166,13573,407,0,13166,13520,440956,0,0,0,0,53
2020-08-29,US,Louisiana,East Carroll,531,2,0,32.73926954,-91.23425694,22035.0,7739.396589418452,0.3766478342749529,529,531,2,0,529,531,7037,0,0,0,0,0
2020-08-29,US,Louisiana,East Feliciana,1054,43,0,30.84425359,-91.04976723,22037.0,5508.230990331853,4.079696394686907,1011,1054,43,0,1011,1056,19305,0,0,0,0,-2
2020-08-29,US,Louisiana,Evangeline,1033,24,0,30.72985248,-92.39915924,22039.0,3093.2774367420275,2.323330106485963,1009,1033,24,0,1009,1034,33443,0,0,0,0,-1
2020-08-29,US,Louisiana,Franklin,1077,29,0,32.13675181,-91.67589857,22041.0,5380.964276792406,2.692664809656453,1048,1077,29,0,1048,1076,20156,0,0,0,0,1
2020-08-29,US,Louisiana,Grant,406,27,0,31.59882456,-92.56124347,22043.0,1813.390504265488,6.650246305418719,379,406,27,0,379,395,22482,0,0,0,0,11
2020-08-29,US,Louisiana,Iberia,2701,86,0,29.86803617,-91.75871777,22045.0,3867.965057997995,3.184005923731952,2615,2701,86,0,2615,2695,70941,0,0,0,0,6
2020-08-29,US,Louisiana,Iberville,1321,53,0,30.25734305,-91.3499598,22047.0,4063.240134108456,4.012112036336109,1268,1321,53,0,1268,1319,32721,0,0,0,0,2
2020-08-29,US,Louisiana,Jackson,451,21,0,32.30251776,-92.55692092,22049.0,2864.583333333333,4.656319290465632,430,451,21,0,430,439,15902,0,0,0,0,12
2020-08-29,US,Louisiana,Jefferson,16315,543,0,29.74075478,-90.11115756,22051.0,3772.315390075677,3.3282255593012566,15772,16315,543,0,15772,16269,434051,0,0,0,0,46
2020-08-29,US,Louisiana,Jefferson Davis,1157,35,0,30.26896765,-92.81210004,22053.0,3688.4723284876313,3.025064822817632,1122,1157,35,0,1122,1146,31582,0,0,0,0,11
2020-08-29,US,Louisiana,LaSalle,382,5,0,31.67884782,-92.15907765,22059.0,2565.135643298416,1.3089005235602094,377,382,5,0,377,378,14917,0,0,0,0,4
2020-08-29,US,Louisiana,Lafayette,8216,110,0,30.2049055,-92.06959876,22055.0,3361.8396824747333,1.3388510223953265,8106,8216,110,0,8106,8205,242782,0,0,0,0,11
2020-08-29,US,Louisiana,Lafourche,3245,108,0,29.52470226,-90.40976986,22057.0,3324.3182330403424,3.3281972265023114,3137,3245,108,0,3137,3236,98115,0,0,0,0,9
2020-08-29,US,Louisiana,Lincoln,896,39,0,32.6003154,-92.66597409999999,22061.0,1916.9055667279965,4.352678571428571,857,896,39,0,857,887,47196,0,0,0,0,9
2020-08-29,US,Louisiana,Livingston,3356,64,0,30.44143993,-90.73061664,22063.0,2383.7089545348003,1.9070321811680573,3292,3356,64,0,3292,3330,139567,0,0,0,0,26
2020-08-29,US,Louisiana,Madison,783,7,0,32.36918118,-91.23973355,22065.0,7150.031960551548,0.8939974457215837,776,783,7,0,776,781,11161,0,0,0,0,2
2020-08-29,US,Louisiana,Morehouse,587,17,0,32.81686191,-91.80421614,22067.0,2359.8938650800033,2.8960817717206133,570,587,17,0,570,585,25398,0,0,0,0,2
2020-08-29,US,Louisiana,Natchitoches,912,22,0,31.72321584,-93.09816516,22069.0,2390.0623722417317,2.4122807017543857,890,912,22,0,890,908,38659,0,0,0,0,4
2020-08-29,US,Louisiana,Orleans,11326,576,0,30.06971951,-89.92660315,22071.0,2903.0306758530187,5.085643651774678,10750,11326,576,0,10750,11279,391006,0,0,0,0,47
2020-08-29,US,Louisiana,Ouachita,5441,128,0,32.47645559,-92.15704172,22073.0,3549.736102140541,2.3525087300128655,5313,5441,128,0,5313,5400,154475,0,0,0,0,41
2020-08-29,US,Louisiana,Plaquemines,491,19,0,29.42245447,-89.60322085,22075.0,2116.653015476139,3.8696537678207736,472,491,19,0,472,490,23410,0,0,0,0,1
2020-08-29,US,Louisiana,Pointe Coupee,930,37,0,30.71409502,-91.60209535,22077.0,4279.797514956282,3.9784946236559136,893,930,37,0,893,928,21940,0,0,0,0,2
2020-08-29,US,Louisiana,Rapides,3742,135,0,31.19778499,-92.52997303,22079.0,2886.2766876465507,3.607696419027258,3607,3742,135,0,3607,3711,130562,0,0,0,0,31
2020-08-29,US,Louisiana,Red River,313,20,0,32.09530039,-93.34213308,22081.0,3707.6522151149015,6.389776357827476,293,313,20,0,293,310,8477,0,0,0,0,3
2020-08-29,US,Louisiana,Richland,682,9,0,32.41391005,-91.76634876,22083.0,3389.325116787596,1.3196480938416422,673,682,9,0,673,678,20192,0,0,0,0,4
2020-08-29,US,Louisiana,Sabine,735,13,0,31.56388699,-93.55433981,22085.0,3077.3739742086755,1.7687074829931972,722,735,13,0,722,735,24032,0,0,0,0,0
2020-08-29,US,Louisiana,St. Bernard,1221,26,0,29.87761636,-89.51887093,22087.0,2584.455168910337,2.1294021294021293,1195,1221,26,0,1195,1213,46721,0,0,0,0,8
2020-08-29,US,Louisiana,St. Charles,1628,55,0,29.90709658,-90.35555967,22089.0,3065.9133709981165,3.3783783783783785,1573,1628,55,0,1573,1621,52879,0,0,0,0,7
2020-08-29,US,Louisiana,St. Helena,367,2,0,30.82210324,-90.71013176,22091.0,3622.187129885511,0.5449591280653951,365,367,2,0,365,365,10262,0,0,0,0,2
2020-08-29,US,Louisiana,St. James,757,35,0,30.02531716,-90.80212061,22093.0,3588.357982555935,4.623513870541611,722,757,35,0,722,755,21037,0,0,0,0,2
2020-08-29,US,Louisiana,St. John the Baptist,1505,95,0,30.12597499,-90.4753503,22095.0,3513.31792609193,6.312292358803988,1410,1505,95,0,1410,1503,43184,0,0,0,0,2
2020-08-29,US,Louisiana,St. Landry,3032,110,0,30.59724262,-92.00135806,22097.0,3691.977984511226,3.627968337730871,2922,3032,110,0,2922,3026,82764,0,0,0,0,6
2020-08-29,US,Louisiana,St. Martin,1930,56,0,30.13112107,-91.61403569,22099.0,3612.135277273493,2.9015544041450783,1874,1930,56,0,1874,1922,53621,0,0,0,0,8
2020-08-29,US,Louisiana,St. Mary,1754,68,0,29.69262097,-91.44702164,22101.0,3554.3487071411205,3.8768529076396807,1686,1754,68,0,1686,1746,49774,0,0,0,0,8
2020-08-29,US,Louisiana,St. Tammany,5940,236,0,30.40942847,-89.95642711,22103.0,2280.939562781517,3.973063973063973,5704,5940,236,0,5704,5917,258111,0,0,0,0,23
2020-08-29,US,Louisiana,Tangipahoa,3985,94,0,30.62888673,-90.40664996,22105.0,2957.1528220959053,2.358845671267252,3891,3985,94,0,3891,3965,133777,0,0,0,0,20
2020-08-29,US,Louisiana,Tensas,137,1,0,32.00760749,-91.32915234,22107.0,3161.0521458237195,0.7299270072992701,136,137,1,0,136,136,4462,0,0,0,0,1
2020-08-29,US,Louisiana,Terrebonne,3294,97,0,29.37343766,-90.82626855,22109.0,2982.0479626293445,2.9447480267152404,3197,3294,97,0,3197,3296,111021,0,0,0,0,-2
2020-08-29,US,Louisiana,Unassigned,187,163,0,0.0,0.0,90022.0,0.0,87.16577540106951,24,187,163,0,24,187,,0,0,0,0,0
2020-08-29,US,Louisiana,Union,818,39,0,32.83121059,-92.3749373,22111.0,3700.0180929980097,4.767726161369193,779,818,39,0,779,807,22330,0,0,0,0,11
2020-08-29,US,Louisiana,Vermilion,1864,44,0,29.83517605,-92.30292538,22113.0,3132.1940481591637,2.360515021459228,1820,1864,44,0,1820,1853,59830,0,0,0,0,11
2020-08-29,US,Louisiana,Vernon,951,39,0,31.10884837,-93.18153838,22115.0,2005.1023635328602,4.100946372239748,912,951,39,0,912,939,48860,0,0,0,0,12
2020-08-29,US,Louisiana,Washington,1446,60,0,30.85288548,-90.03866652,22117.0,3130.2766593064034,4.149377593360996,1386,1446,60,0,1386,1436,46582,0,0,0,0,10
2020-08-29,US,Louisiana,Webster,1020,19,0,32.70847669,-93.33121835,22119.0,2660.406885758998,1.862745098039216,1001,1020,19,0,1001,1016,38798,0,0,0,0,4
2020-08-29,US,Louisiana,West Baton Rouge,826,39,0,30.46058217,-91.30989571,22121.0,3121.103344039297,4.721549636803874,787,826,39,0,787,820,26427,0,0,0,0,6
2020-08-29,US,Louisiana,West Carroll,312,9,0,32.78550125,-91.461201,22123.0,2880.8864265927973,2.8846153846153846,303,312,9,0,303,311,10982,0,0,0,0,1
2020-08-29,US,Louisiana,West Feliciana,547,20,0,30.87882871,-91.41485379999999,22125.0,3513.617677286742,3.6563071297989036,527,547,20,0,527,547,15460,0,0,0,0,0
2020-08-29,US,Louisiana,Winn,542,16,0,31.94449367,-92.63789413,22127.0,3898.158803222095,2.9520295202952034,526,542,16,0,526,540,14134,0,0,0,0,2
2020-08-29,US,Maine,Androscoggin,610,10,0,44.1664747,-70.20380627,23001.0,563.3698754121374,1.639344262295082,600,602,10,0,592,600,107679,8,0,0,8,2
2020-08-29,US,Maine,Aroostook,38,1,0,46.65926321,-68.59841248,23003.0,56.66989784505257,2.631578947368421,37,38,1,0,37,38,67111,0,0,0,0,0
2020-08-29,US,Maine,Cumberland,2183,70,0,43.8370751,-70.37226999,23005.0,739.9924746528003,3.20659642693541,2113,2177,70,0,2107,2171,293557,6,0,0,6,6
2020-08-29,US,Maine,Franklin,50,1,0,44.97330019,-70.44381045,23007.0,165.56839630451339,2.0,49,50,1,0,49,50,29897,0,0,0,0,0
2020-08-29,US,Maine,Hancock,45,1,0,44.59816444,-68.38401854,23009.0,81.83752523323695,2.2222222222222223,44,45,1,0,44,46,54811,0,0,0,0,-1
2020-08-29,US,Maine,Kennebec,187,11,0,44.40759555,-69.76738544,23011.0,152.9001978708443,5.882352941176472,176,185,11,0,174,184,122083,2,0,0,2,1
2020-08-29,US,Maine,Knox,29,1,0,44.11486325,-69.10529169,23013.0,72.91561902846225,3.4482758620689653,28,29,1,0,28,29,39771,0,0,0,0,0
2020-08-29,US,Maine,Lincoln,35,1,0,44.05996956,-69.54227124,23015.0,101.05676502858464,2.8571428571428568,34,35,1,0,34,35,34342,0,0,0,0,0
2020-08-29,US,Maine,Oxford,60,0,0,44.49952995,-70.75682123,23017.0,103.49288486416559,0.0,60,59,0,0,59,59,57618,1,0,0,1,0
2020-08-29,US,Maine,Penobscot,228,6,0,45.40194593,-68.65020455,23019.0,149.85408943923022,2.631578947368421,222,225,6,0,219,223,151096,3,0,0,3,2
2020-08-29,US,Maine,Piscataquis,8,0,0,45.83839062,-69.2860223,23021.0,47.66160262138814,0.0,8,8,0,0,8,8,16800,0,0,0,0,0
2020-08-29,US,Maine,Sagadahoc,60,0,0,43.95415864,-69.85074999,23023.0,167.33601070950468,0.0,60,60,0,0,60,60,35634,0,0,0,0,0
2020-08-29,US,Maine,Somerset,50,1,0,45.51229767,-69.95995554,23025.0,99.04128040567308,2.0,49,50,1,0,49,50,50592,0,0,0,0,0
2020-08-29,US,Maine,Unassigned,3,0,0,0.0,0.0,90023.0,0.0,0.0,3,3,0,0,3,1,,0,0,0,0,2
2020-08-29,US,Maine,Waldo,69,14,0,44.4858305,-69.12061935,23027.0,173.73788241218682,20.28985507246377,55,69,14,0,55,69,39694,0,0,0,0,0
2020-08-29,US,Maine,Washington,15,0,0,45.01607142,-67.62813524,23029.0,47.802670575862855,0.0,15,15,0,0,15,15,31490,0,0,0,0,0
2020-08-29,US,Maine,York,822,15,0,43.47808377,-70.71052375,23031.0,395.8755737065416,1.8248175182481752,807,786,15,0,771,776,206229,36,0,0,36,10
2020-08-29,US,Maryland,Allegany,391,20,0,39.62357628,-78.69280486,24001.0,555.2715291979097,5.115089514066496,371,392,20,0,372,389,70975,-1,0,0,-1,3
2020-08-29,US,Maryland,Anne Arundel,8264,236,0,39.00670238,-76.60329337,24003.0,1426.7118297613745,2.855759922555663,8028,8190,233,0,7957,8132,576031,74,3,0,71,58
2020-08-29,US,Maryland,Baltimore,15274,600,0,39.45784712,-76.62911955,24005.0,1846.0906245089866,3.928244074898521,14674,15149,598,0,14551,15043,828431,125,2,0,123,106
2020-08-29,US,Maryland,Baltimore City,14383,460,0,39.30211911,-76.61151012,24510.0,2423.461220913579,3.1982201209761523,13923,14312,458,0,13854,14243,621342,71,2,0,69,69
2020-08-29,US,Maryland,Calvert,783,28,0,38.53961642,-76.56820632,24009.0,846.2577681707646,3.5759897828863347,755,779,28,0,751,772,92003,4,0,0,4,7
2020-08-29,US,Maryland,Caroline,496,3,0,38.87172293,-75.82904158,24011.0,1484.7632161887084,0.6048387096774194,493,489,3,0,486,485,33304,7,0,0,7,4
2020-08-29,US,Maryland,Carroll,1679,123,0,39.56453592,-77.02373735,24013.0,996.7526877890376,7.3257891602144145,1556,1669,123,0,1546,1665,168429,10,0,0,10,4
2020-08-29,US,Maryland,Cecil,776,31,0,39.56647682,-75.94627411,24015.0,754.4601623644937,3.9948453608247423,745,769,31,0,738,768,102826,7,0,0,7,1
2020-08-29,US,Maryland,Charles,2366,93,0,38.51092331,-76.98580666,24017.0,1449.2487305291656,3.9306846999154685,2273,2346,93,0,2253,2331,161503,20,0,0,20,15
2020-08-29,US,Maryland,Dorchester,451,6,0,38.45413522,-76.02752426,24019.0,1412.5090043534092,1.3303769401330376,445,443,6,0,437,437,31998,8,0,0,8,6
2020-08-29,US,Maryland,Frederick,3459,125,0,39.47296601,-77.39999394,24021.0,1332.7066003459875,3.613761202659728,3334,3430,124,0,3306,3413,255648,29,1,0,28,17
2020-08-29,US,Maryland,Garrett,63,0,0,39.52786077,-79.27355126,24023.0,217.1365547666644,0.0,63,63,0,0,63,62,29163,0,0,0,0,1
2020-08-29,US,Maryland,Harford,2437,69,0,39.55010644,-76.30775940000002,24025.0,954.0363528172848,2.8313500205170286,2368,2408,69,0,2339,2381,253956,29,0,0,29,27
2020-08-29,US,Maryland,Howard,4354,117,0,39.25305293,-76.93126208,24027.0,1336.8540636801868,2.6871841984382177,4237,4325,117,0,4208,4300,323196,29,0,0,29,25
2020-08-29,US,Maryland,Kent,261,23,0,39.24976208,-76.04741541,24029.0,1343.8368860055607,8.812260536398467,238,260,23,0,237,260,19383,1,0,0,1,0
2020-08-29,US,Maryland,Montgomery,19866,819,0,39.13676329,-77.20358245,24031.0,1890.7611012974355,4.12262156448203,19047,19806,818,0,18988,19733,1052567,60,1,0,59,73
2020-08-29,US,Maryland,Prince George's,26064,789,0,38.83070039,-76.8496441,24033.0,2866.2956230267,3.0271639042357275,25275,25963,785,0,25178,25817,909308,101,4,0,97,146
2020-08-29,US,Maryland,Queen Anne's,540,27,0,39.06198912,-76.03530977,24035.0,1071.8326353188702,5.0,513,533,26,0,507,526,50251,7,1,0,6,7
2020-08-29,US,Maryland,Somerset,192,3,0,38.1163542,-75.75118623,24039.0,749.5315427857588,1.5625,189,191,3,0,188,187,25675,1,0,0,1,4
2020-08-29,US,Maryland,St. Mary's,1103,55,0,38.30058422,-76.60629279999998,24037.0,971.7205532552196,4.986400725294652,1048,1096,55,0,1041,1091,112664,7,0,0,7,5
2020-08-29,US,Maryland,Talbot,469,4,0,38.76618159,-76.10882561,24041.0,1261.3969500551354,0.8528784648187633,465,463,4,0,459,461,36968,6,0,0,6,2
2020-08-29,US,Maryland,Unassigned,0,12,0,0.0,0.0,90024.0,0.0,0.0,-12,0,8,0,-8,0,,0,4,0,-4,0
2020-08-29,US,Maryland,Washington,1288,32,0,39.60835778,-77.82002295,24043.0,852.70342736463,2.4844720496894412,1256,1273,32,0,1241,1267,150926,15,0,0,15,6
2020-08-29,US,Maryland,Wicomico,1538,47,0,38.37301947,-75.62705831,24045.0,1484.4270285399914,3.0559167750325096,1491,1522,47,0,1475,1506,103195,16,0,0,16,16
2020-08-29,US,Maryland,Worcester,797,24,0,38.21274277,-75.33200012,24047.0,1524.6001989440658,3.01129234629862,773,793,23,0,770,794,51823,4,1,0,3,-1
2020-08-29,US,Massachusetts,Barnstable,1610,165,0,41.72980578,-70.28854339,25001.0,755.904033053195,10.248447204968944,1445,1605,165,0,1440,1598,213413,5,0,0,5,7
2020-08-29,US,Massachusetts,Berkshire,660,46,0,42.37428441,-73.20524838,25003.0,528.2366500192086,6.96969696969697,614,655,46,0,609,651,126348,5,0,0,5,4
2020-08-29,US,Massachusetts,Bristol,9095,657,0,41.79228404,-71.10872211,25005.0,1609.1164986191143,7.223749312809236,8438,9050,657,0,8393,9022,564022,45,0,0,45,28
2020-08-29,US,Massachusetts,Dukes and Nantucket,97,1,0,41.40674725,-70.68763497,0.0,337.61442344505934,1.0309278350515465,96,95,1,0,94,92,26707,2,0,0,2,3
2020-08-29,US,Massachusetts,Essex,17952,1234,0,42.6687626,-70.94687179,25009.0,2275.187127550904,6.873885918003565,16718,17900,1231,0,16669,17824,790638,52,3,0,49,76
2020-08-29,US,Massachusetts,Franklin,389,64,0,42.58119713,-72.58602547,25011.0,554.2889712168709,16.452442159383033,325,387,64,0,323,387,70963,2,0,0,2,0
2020-08-29,US,Massachusetts,Hampden,7634,746,0,42.13440424,-72.63235561,25013.0,1636.89072242759,9.772072308095364,6888,7617,746,0,6871,7591,470406,17,0,0,17,26
2020-08-29,US,Massachusetts,Hampshire,1162,138,0,42.33997957,-72.65898478,25015.0,722.5020207672698,11.876075731497414,1024,1153,137,0,1016,1144,161355,9,1,0,8,9
2020-08-29,US,Massachusetts,Middlesex,25204,2064,0,42.48607732,-71.39049229,25017.0,1563.815575985342,8.189176321218852,23140,25105,2062,0,23043,25019,1614714,99,2,0,97,86
2020-08-29,US,Massachusetts,Norfolk,9495,1016,0,42.16073095,-71.20530408,25021.0,1343.4261257118605,10.700368615060556,8479,9467,1014,0,8453,9439,705388,28,2,0,26,28
2020-08-29,US,Massachusetts,Plymouth,9069,740,0,41.94070556,-70.80802823,25023.0,1740.0163468290605,8.15966479214908,8329,9037,740,0,8297,9007,518132,32,0,0,32,30
2020-08-29,US,Massachusetts,Suffolk,22232,1107,0,42.327951399999996,-71.07850442,25025.0,2765.494018586727,4.979309103994242,21125,22143,1106,0,21037,22036,807252,89,1,0,88,107
2020-08-29,US,Massachusetts,Unassigned,10047,5,0,0.0,0.0,90025.0,0.0,0.04976609933313427,10042,10022,5,0,10017,9995,,25,0,0,25,27
2020-08-29,US,Massachusetts,Worcester,13384,1053,0,42.35026951,-71.90493363,25027.0,1611.3225992087855,7.867603108188883,12331,13348,1050,0,12298,13319,830839,36,3,0,33,29
2020-08-29,US,Michigan,Alcona,31,2,0,44.6846864,-83.59507875,26001.0,297.93368572801535,6.451612903225807,29,31,2,0,29,31,10362,0,0,0,0,0
2020-08-29,US,Michigan,Alger,17,0,0,46.41292944,-86.60260122,26003.0,186.649099692578,0.0,17,17,0,0,17,17,9097,0,0,0,0,0
2020-08-29,US,Michigan,Allegan,620,6,0,42.59147037,-85.89102866,26005.0,525.0633040031843,0.967741935483871,614,620,6,0,614,616,117327,0,0,0,0,4
2020-08-29,US,Michigan,Alpena,132,14,0,45.03477666,-83.62212411,26007.0,464.70691779616266,10.606060606060606,118,132,14,0,118,132,28360,0,0,0,0,0
2020-08-29,US,Michigan,Antrim,54,0,0,44.99690221,-85.15503082,26009.0,231.52117990053156,0.0,54,54,0,0,54,55,23365,0,0,0,0,-1
2020-08-29,US,Michigan,Arenac,53,3,0,44.0636262,-83.89277559,26011.0,356.11099912652014,5.660377358490566,50,53,3,0,50,52,15041,0,0,0,0,1
2020-08-29,US,Michigan,Baraga,8,0,0,46.6720582,-88.36363591,26013.0,97.45401388719698,0.0,8,8,0,0,8,8,8320,0,0,0,0,0
2020-08-29,US,Michigan,Barry,212,2,0,42.59513984,-85.30834519,26015.0,344.4354183590577,0.9433962264150944,210,212,2,0,210,210,61157,0,0,0,0,2
2020-08-29,US,Michigan,Bay,803,41,0,43.70639106,-83.98731479,26017.0,778.6591160328142,5.1058530510585305,762,803,41,0,762,792,103923,0,0,0,0,11
2020-08-29,US,Michigan,Benzie,46,2,0,44.63899297,-86.01608482,26019.0,258.9215355172802,4.3478260869565215,44,46,2,0,44,42,17753,0,0,0,0,4
2020-08-29,US,Michigan,Berrien,1593,70,0,41.95447397,-86.41313079999998,26021.0,1038.4547688737362,4.394224733207784,1523,1593,70,0,1523,1578,154141,0,0,0,0,15
2020-08-29,US,Michigan,Branch,462,3,0,41.91600556,-85.05929476,26023.0,1061.6540662269915,0.6493506493506493,459,462,3,0,459,434,43622,0,0,0,0,28
2020-08-29,US,Michigan,Calhoun,958,44,0,42.24633834,-85.00493569,26025.0,714.0780715419763,4.592901878914405,914,958,44,0,914,947,134487,0,0,0,0,11
2020-08-29,US,Michigan,Cass,402,16,0,41.91522292,-85.99405727,26027.0,776.2565894915712,3.9800995024875614,386,402,16,0,386,398,51653,0,0,0,0,4
2020-08-29,US,Michigan,Charlevoix,70,2,0,45.37790017,-85.19614053,26029.0,267.7580996825154,2.8571428571428568,68,70,2,0,68,69,26244,0,0,0,0,1
2020-08-29,US,Michigan,Cheboygan,72,2,0,45.44787015,-84.50122149,26031.0,284.85519860737463,2.7777777777777777,70,72,2,0,70,69,25413,0,0,0,0,3
2020-08-29,US,Michigan,Chippewa,56,0,0,46.29552653,-84.54353449,26033.0,149.93707997536748,0.0,56,56,0,0,56,51,37517,0,0,0,0,5
2020-08-29,US,Michigan,Clare,99,3,0,43.98794227,-84.84819859999998,26035.0,319.87075928917614,3.0303030303030303,96,99,3,0,96,99,30757,0,0,0,0,0
2020-08-29,US,Michigan,Clinton,476,13,0,42.94400871,-84.60145248,26037.0,598.0275142910988,2.73109243697479,463,476,13,0,463,469,79332,0,0,0,0,7
2020-08-29,US,Michigan,Crawford,113,5,0,44.68255561,-84.61006219,26039.0,805.4743745099437,4.424778761061948,108,113,5,0,108,113,13901,0,0,0,0,0
2020-08-29,US,Michigan,Delta,142,3,0,45.90484910000001,-86.9080745,26041.0,396.8253968253968,2.112676056338028,139,142,3,0,139,140,35857,0,0,0,0,2
2020-08-29,US,Michigan,Dickinson,64,2,0,46.00999672,-87.86961634,26043.0,253.57581520662467,3.125,62,64,2,0,62,63,25383,0,0,0,0,1
2020-08-29,US,Michigan,Eaton,509,8,0,42.59599185,-84.83740035,26045.0,461.602640838684,1.5717092337917484,501,509,8,0,501,503,109826,0,0,0,0,6
2020-08-29,US,Michigan,Emmet,112,2,0,45.52625509,-84.89083249,26047.0,335.17881191081847,1.7857142857142858,110,112,2,0,110,114,33308,0,0,0,0,-2
2020-08-29,US,Michigan,Federal Correctional Institution (FCI),195,5,0,0.0,0.0,0.0,0.0,2.5641025641025643,190,195,5,0,190,195,,0,0,0,0,0
2020-08-29,US,Michigan,Genesee,3942,303,0,43.02244215,-83.70589709,26049.0,971.3833711586373,7.686453576864536,3639,3942,303,0,3639,3927,406892,0,0,0,0,15
2020-08-29,US,Michigan,Gladwin,75,2,0,43.98901072,-84.38774817,26051.0,294.7070611811858,2.6666666666666665,73,75,2,0,73,75,25337,0,0,0,0,0
2020-08-29,US,Michigan,Gogebic,142,1,0,46.40862701,-89.69377193,26053.0,1016.1001788908766,0.7042253521126759,141,142,1,0,141,142,15096,0,0,0,0,0
2020-08-29,US,Michigan,Grand Traverse,336,6,0,44.69565625,-85.55585247,26055.0,360.94877964936404,1.7857142857142858,330,336,6,0,330,329,92573,0,0,0,0,7
2020-08-29,US,Michigan,Gratiot,183,15,0,43.29265605,-84.60505416,26057.0,449.50996045294886,8.196721311475411,168,183,15,0,168,182,40599,0,0,0,0,1
2020-08-29,US,Michigan,Hillsdale,300,26,0,41.88753639,-84.59312019,26059.0,657.8226071702665,8.666666666666666,274,300,26,0,274,299,45749,0,0,0,0,1
2020-08-29,US,Michigan,Houghton,64,0,0,46.89988536,-88.68495385,26061.0,179.35209057280574,0.0,64,64,0,0,64,62,36219,0,0,0,0,2
2020-08-29,US,Michigan,Huron,197,4,0,43.83353985,-83.04078453,26063.0,635.8735999483555,2.0304568527918785,193,197,4,0,193,197,31166,0,0,0,0,0
2020-08-29,US,Michigan,Ingham,1749,38,0,42.59716886,-84.37472069,26065.0,598.1409410203621,2.172670097198399,1711,1749,38,0,1711,1735,292735,0,0,0,0,14
2020-08-29,US,Michigan,Ionia,292,7,0,42.94502238,-85.07413319,26067.0,451.334683215605,2.3972602739726026,285,292,7,0,285,291,64210,0,0,0,0,1
2020-08-29,US,Michigan,Iosco,141,12,0,44.35486835,-83.63484895,26069.0,561.149361244876,8.51063829787234,129,141,12,0,129,141,25081,0,0,0,0,0
2020-08-29,US,Michigan,Iron,27,1,0,46.20974132,-88.53136251,26071.0,243.99060184348454,3.703703703703704,26,27,1,0,26,27,11117,0,0,0,0,0
2020-08-29,US,Michigan,Isabella,439,9,0,43.64060976,-84.84664923,26073.0,628.2917334554613,2.050113895216401,430,439,9,0,430,406,70562,0,0,0,0,33
2020-08-29,US,Michigan,Jackson,809,40,0,42.24807035,-84.42258681,26075.0,510.3778941391709,4.944375772558715,769,809,40,0,769,797,158823,0,0,0,0,12
2020-08-29,US,Michigan,Kalamazoo,1912,87,0,42.24542231,-85.53038622,26077.0,721.3297820165544,4.550209205020921,1825,1912,87,0,1825,1890,264870,0,0,0,0,22
2020-08-29,US,Michigan,Kalkaska,63,4,0,44.68512729,-85.09085699,26079.0,349.2626677015191,6.349206349206349,59,63,4,0,59,63,17824,0,0,0,0,0
2020-08-29,US,Michigan,Kent,8347,162,0,43.03197711,-85.54934642,26081.0,1270.558866284601,1.9408170600215648,8185,8347,162,0,8185,8284,653786,0,0,0,0,63
2020-08-29,US,Michigan,Keweenaw,2,0,0,47.63197653,-88.41434263,26083.0,94.5179584120983,0.0,2,2,0,0,2,2,2113,0,0,0,0,0
2020-08-29,US,Michigan,Lake,29,0,0,43.99050893,-85.802173,26085.0,244.6637981945499,0.0,29,29,0,0,29,29,11881,0,0,0,0,0
2020-08-29,US,Michigan,Lapeer,525,35,0,43.09052506,-83.22153148,26087.0,599.2671818461995,6.666666666666668,490,525,35,0,490,521,88028,0,0,0,0,4
2020-08-29,US,Michigan,Leelanau,86,1,0,44.94430054,-85.80150326,26089.0,395.2024263590828,1.162790697674419,85,86,1,0,85,86,21764,0,0,0,0,0
2020-08-29,US,Michigan,Lenawee,543,13,0,41.89475156,-84.06603727,26091.0,551.5434073803211,2.394106813996317,530,543,13,0,530,529,98266,0,0,0,0,14
2020-08-29,US,Michigan,Livingston,1070,29,0,42.60302282,-83.91297209,26093.0,557.3061798484335,2.710280373831776,1041,1070,29,0,1041,1066,191224,0,0,0,0,4
2020-08-29,US,Michigan,Luce,20,0,0,46.47227431,-85.54471223,26095.0,321.07882485150105,0.0,20,20,0,0,20,4,6283,0,0,0,0,16
2020-08-29,US,Michigan,Mackinac,34,0,0,46.07028979,-85.04980537,26097.0,314.84396703398465,0.0,34,34,0,0,34,33,10787,0,0,0,0,1
2020-08-29,US,Michigan,Macomb,12562,965,0,42.69158356,-82.92752801,26099.0,1437.3458188591849,7.681897786976596,11597,12562,965,0,11597,12454,874759,0,0,0,0,108
2020-08-29,US,Michigan,Manistee,53,1,0,44.33352407,-86.05626916,26101.0,215.81562016450852,1.8867924528301887,52,53,1,0,52,51,24528,0,0,0,0,2
2020-08-29,US,Michigan,Marquette,238,11,0,46.4338914,-87.64043701,26103.0,356.8269389346167,4.621848739495798,227,238,11,0,227,239,66516,0,0,0,0,-1
2020-08-29,US,Michigan,Mason,116,0,0,43.99509218,-86.24988902,26105.0,398.0236069173758,0.0,116,116,0,0,116,117,29100,0,0,0,0,-1
2020-08-29,US,Michigan,Mecosta,83,2,0,43.64064262,-85.32463223,26107.0,191.01097737785653,2.409638554216868,81,83,2,0,81,83,43545,0,0,0,0,0
2020-08-29,US,Michigan,Menominee,243,0,0,45.58038692,-87.55370409,26109.0,1066.7251975417032,0.0,243,243,0,0,243,234,22983,0,0,0,0,9
2020-08-29,US,Michigan,Michigan Department of Corrections (MDOC),5189,70,0,0.0,0.0,0.0,0.0,1.3490075158990171,5119,5189,70,0,5119,5185,,0,0,0,0,4
2020-08-29,US,Michigan,Midland,407,11,0,43.64330771,-84.38804374,26111.0,489.4415315792006,2.702702702702702,396,407,11,0,396,403,83209,0,0,0,0,4
2020-08-29,US,Michigan,Missaukee,45,1,0,44.33772443,-85.09256478,26113.0,297.65842042598234,2.2222222222222223,44,45,1,0,44,43,15113,0,0,0,0,2
2020-08-29,US,Michigan,Monroe,1269,27,0,41.92734151,-83.53749864,26115.0,843.1893687707643,2.127659574468085,1242,1269,27,0,1242,1258,150439,0,0,0,0,11
2020-08-29,US,Michigan,Montcalm,220,3,0,43.31082541,-85.15252824,26117.0,344.35261707988985,1.3636363636363635,217,220,3,0,217,217,63968,0,0,0,0,3
2020-08-29,US,Michigan,Montmorency,12,0,0,45.0275929,-84.12696227,26119.0,128.6449399656947,0.0,12,12,0,0,12,12,9265,0,0,0,0,0
2020-08-29,US,Michigan,Muskegon,1316,65,0,43.29123859,-86.15176712,26121.0,758.2130140695758,4.939209726443769,1251,1316,65,0,1251,1313,173588,0,0,0,0,3
2020-08-29,US,Michigan,Newaygo,291,0,0,43.554373999999996,-85.80070107,26123.0,594.1200489995916,0.0,291,291,0,0,291,290,48892,0,0,0,0,1
2020-08-29,US,Michigan,Oakland,17794,1157,0,42.66090111,-83.38595416,26125.0,1414.9353045204134,6.502191750028099,16637,17794,1157,0,16637,17694,1259201,0,0,0,0,100
2020-08-29,US,Michigan,Oceana,499,6,0,43.64124435,-86.26726673,26127.0,1885.3666830392565,1.2024048096192386,493,499,6,0,493,499,26625,0,0,0,0,0
2020-08-29,US,Michigan,Ogemaw,57,4,0,44.33481032,-84.12725175,26129.0,271.46735247892553,7.0175438596491215,53,57,4,0,53,57,20952,0,0,0,0,0
2020-08-29,US,Michigan,Ontonagon,34,0,0,46.665226200000006,-89.31390481,26131.0,594.4055944055945,0.0,34,34,0,0,34,33,5795,0,0,0,0,1
2020-08-29,US,Michigan,Osceola,76,0,0,43.98992088,-85.32566756,26133.0,323.95566922421136,0.0,76,76,0,0,76,76,23341,0,0,0,0,0
2020-08-29,US,Michigan,Oscoda,29,1,0,44.68192279,-84.12939244,26135.0,351.8990413784735,3.4482758620689653,28,29,1,0,28,29,8276,0,0,0,0,0
2020-08-29,US,Michigan,Otsego,143,11,0,45.02085831,-84.59898295,26137.0,579.6983946813685,7.6923076923076925,132,143,11,0,132,144,24665,0,0,0,0,-1
2020-08-29,US,Michigan,Ottawa,2068,63,0,42.95996803,-85.9969107,26139.0,708.6317376554844,3.04642166344294,2005,2068,63,0,2005,2042,290494,0,0,0,0,26
2020-08-29,US,Michigan,Out of MI,101,0,0,0.0,0.0,80026.0,0.0,0.0,101,101,0,0,101,103,,0,0,0,0,-2
2020-08-29,US,Michigan,Presque Isle,21,1,0,45.34018577,-83.91498656,26141.0,166.77255400254128,4.761904761904762,20,21,1,0,20,21,12738,0,0,0,0,0
2020-08-29,US,Michigan,Roscommon,75,3,0,44.33473082,-84.61067651,26143.0,312.25279986677214,4.0,72,75,3,0,72,75,23884,0,0,0,0,0
2020-08-29,US,Michigan,Saginaw,2479,131,0,43.33433923,-84.05131209999998,26145.0,1301.045980088066,5.284388866478419,2348,2479,131,0,2348,2449,190800,0,0,0,0,30
2020-08-29,US,Michigan,Sanilac,123,7,0,43.42406072,-82.82055898,26151.0,298.7612339081856,5.691056910569106,116,123,7,0,116,123,41182,0,0,0,0,0
2020-08-29,US,Michigan,Schoolcraft,15,0,0,46.19235734,-86.19972234,26153.0,185.32246108228318,0.0,15,15,0,0,15,15,8068,0,0,0,0,0
2020-08-29,US,Michigan,Shiawassee,418,29,0,42.95392800000001,-84.14585902,26155.0,613.6050027891138,6.937799043062202,389,418,29,0,389,410,68192,0,0,0,0,8
2020-08-29,US,Michigan,St. Clair,908,53,0,42.92655373,-82.67937954,26147.0,570.6098235382836,5.837004405286344,855,908,53,0,855,901,159337,0,0,0,0,7
2020-08-29,US,Michigan,St. Joseph,676,11,0,41.91441767,-85.52797979,26149.0,1108.8511252542482,1.6272189349112427,665,676,11,0,665,671,61043,0,0,0,0,5
2020-08-29,US,Michigan,Tuscola,442,29,0,43.46606813,-83.41897025,26157.0,846.0139726289598,6.561085972850679,413,442,29,0,413,432,52516,0,0,0,0,10
2020-08-29,US,Michigan,Unassigned,5,0,0,0.0,0.0,90026.0,0.0,0.0,5,5,0,0,5,8,,0,0,0,0,-3
2020-08-29,US,Michigan,Van Buren,597,14,0,42.25190229,-86.01939087,26159.0,788.8790517594515,2.345058626465661,583,597,14,0,583,589,75448,0,0,0,0,8
2020-08-29,US,Michigan,Washtenaw,2858,115,0,42.253105,-83.83853204,26161.0,777.4734018677859,4.023792862141358,2743,2858,115,0,2743,2846,370963,0,0,0,0,12
2020-08-29,US,Michigan,Wayne,30955,2874,0,42.28098405,-83.281255,26163.0,1769.5214717754034,9.284445162332418,28081,30955,2874,0,28081,30820,1753893,0,0,0,0,135
2020-08-29,US,Michigan,Wexford,93,4,0,44.33853602,-85.57712739,26165.0,276.5305819036008,4.301075268817204,89,93,4,0,89,93,33466,0,0,0,0,0
2020-08-29,US,Minnesota,Aitkin,48,1,0,46.60962049,-93.41168259999999,27001.0,302.15283897771616,2.083333333333333,47,48,1,0,47,47,15902,0,0,0,0,1
2020-08-29,US,Minnesota,Anoka,4633,121,0,45.27476015,-93.24604565,27003.0,1298.0463463903775,2.611698683358515,4512,4567,120,0,4447,4516,353813,66,1,0,65,51
2020-08-29,US,Minnesota,Becker,192,2,0,46.93479392,-95.67158144,27005.0,557.7666095343229,1.0416666666666667,190,189,2,0,187,185,34371,3,0,0,3,4
2020-08-29,US,Minnesota,Beltrami,318,1,0,47.97373527,-94.93732139,27007.0,673.9001441044334,0.31446540880503143,317,313,1,0,312,311,46847,5,0,0,5,2
2020-08-29,US,Minnesota,Benton,394,3,0,45.69804958,-93.99514135,27009.0,963.5843380860381,0.7614213197969543,391,381,3,0,378,378,40545,13,0,0,13,3
2020-08-29,US,Minnesota,Big Stone,33,0,0,45.42712824,-96.41403739,27011.0,661.1901422560609,0.0,33,32,0,0,32,32,4989,1,0,0,1,0
2020-08-29,US,Minnesota,Blue Earth,1202,5,0,44.03554215,-94.06699781,27013.0,1776.7135234209866,0.41597337770382703,1197,1153,5,0,1148,1124,67427,49,0,0,49,29
2020-08-29,US,Minnesota,Brown,124,2,0,44.24205652,-94.72562874,27015.0,495.8413307741522,1.6129032258064515,122,117,2,0,115,113,25111,7,0,0,7,4
2020-08-29,US,Minnesota,Carlton,187,1,0,46.59180601,-92.67601019,27017.0,521.3124808340999,0.5347593582887701,186,183,1,0,182,182,35837,4,0,0,4,1
2020-08-29,US,Minnesota,Carver,1102,4,0,44.82017001,-93.80099179999999,27019.0,1048.6349665521604,0.3629764065335753,1098,1094,4,0,1090,1084,103551,8,0,0,8,10
2020-08-29,US,Minnesota,Cass,103,3,0,46.95043611,-94.32603968,27021.0,345.88132576647973,2.9126213592233015,100,99,3,0,96,99,29519,4,0,0,4,0
2020-08-29,US,Minnesota,Chippewa,135,1,0,45.02343421,-95.56403693,27023.0,1144.0677966101696,0.7407407407407407,134,130,1,0,129,130,11924,5,0,0,5,0
2020-08-29,US,Minnesota,Chisago,296,1,0,45.5021011,-92.90861945,27025.0,523.162304035066,0.33783783783783783,295,291,1,0,290,289,55922,5,0,0,5,2
2020-08-29,US,Minnesota,Clay,864,40,0,46.89289518,-96.48761922,27027.0,1345.3333748559685,4.62962962962963,824,856,40,0,816,850,63955,8,0,0,8,6
2020-08-29,US,Minnesota,Clearwater,19,0,0,47.57992111,-95.37790562,27029.0,215.46836017237467,0.0,19,18,0,0,18,18,8810,1,0,0,1,0
2020-08-29,US,Minnesota,Cook,6,0,0,47.90504893,-90.52629546,27031.0,109.82976386600771,0.0,6,6,0,0,6,6,5393,0,0,0,0,0
2020-08-29,US,Minnesota,Cottonwood,197,0,0,44.00715262,-95.18138802,27033.0,1759.5569846373705,0.0,197,197,0,0,197,196,11277,0,0,0,0,1
2020-08-29,US,Minnesota,Crow Wing,301,16,0,46.48096553,-94.06755609,27035.0,462.68542002920606,5.3156146179402,285,297,16,0,281,293,64889,4,0,0,4,4
2020-08-29,US,Minnesota,Dakota,5762,110,0,44.67172617,-93.06299363,27037.0,1343.0577990354784,1.9090593543908363,5652,5677,110,0,5567,5585,425423,85,0,0,85,92
2020-08-29,US,Minnesota,Dodge,154,0,0,44.02238415,-92.86244324,27039.0,735.6453616126877,0.0,154,154,0,0,154,150,20822,0,0,0,0,4
2020-08-29,US,Minnesota,Douglas,160,1,0,45.93348491,-95.45335469,27041.0,419.4960803334994,0.625,159,155,1,0,154,152,37964,5,0,0,5,3
2020-08-29,US,Minnesota,Faribault,112,0,0,43.67381499,-93.94787458,27043.0,820.3325276496007,0.0,112,112,0,0,112,112,13758,0,0,0,0,0
2020-08-29,US,Minnesota,Fillmore,83,0,0,43.67394126,-92.08980382,27045.0,393.9811078938624,0.0,83,84,0,0,84,83,21058,-1,0,0,-1,1
2020-08-29,US,Minnesota,Freeborn,399,1,0,43.67385583,-93.34884422,27047.0,1317.657937320432,0.2506265664160401,398,394,1,0,393,394,30444,5,0,0,5,0
2020-08-29,US,Minnesota,Goodhue,260,9,0,44.40849741,-92.72341949999999,27049.0,561.070349589987,3.4615384615384617,251,252,9,0,243,249,46403,8,0,0,8,3
2020-08-29,US,Minnesota,Grant,55,4,0,45.93424769,-96.01139609,27051.0,920.9645010046886,7.272727272727272,51,55,4,0,51,55,6021,0,0,0,0,0
2020-08-29,US,Minnesota,Hennepin,22736,879,0,45.00761521,-93.47694895,27053.0,1796.1153160384024,3.8661154116819136,21857,22520,878,0,21642,22305,1259428,216,1,0,215,215
2020-08-29,US,Minnesota,Houston,74,0,0,43.67129565,-91.49143057,27055.0,397.84946236559136,0.0,74,70,0,0,70,69,18578,4,0,0,4,1
2020-08-29,US,Minnesota,Hubbard,43,0,0,47.10778564,-94.91693868,27057.0,200.0837559908799,0.0,43,42,0,0,42,42,21332,1,0,0,1,0
2020-08-29,US,Minnesota,Isanti,171,0,0,45.56181234,-93.29487636,27059.0,421.22376588826484,0.0,171,169,0,0,169,169,39966,2,0,0,2,0
2020-08-29,US,Minnesota,Itasca,197,12,0,47.51009045,-93.63092229,27061.0,436.5167294482607,6.091370558375634,185,185,12,0,173,181,45108,12,0,0,12,4
2020-08-29,US,Minnesota,Jackson,95,0,0,43.67423373,-95.15398258,27063.0,964.8588259191548,0.0,95,93,0,0,93,93,9911,2,0,0,2,0
2020-08-29,US,Minnesota,Kanabec,65,5,0,45.9459309,-93.29275192,27065.0,397.8698659484605,7.6923076923076925,60,64,4,0,60,63,16207,1,1,0,0,1
2020-08-29,US,Minnesota,Kandiyohi,810,1,0,45.1526059,-95.00586446,27067.0,1875.043403782495,0.12345679012345677,809,803,1,0,802,798,42855,7,0,0,7,5
2020-08-29,US,Minnesota,Kittson,6,0,0,48.77754106,-96.78317184,27069.0,139.59981386691484,0.0,6,4,0,0,4,3,4248,2,0,0,2,1
2020-08-29,US,Minnesota,Koochiching,87,3,0,48.24539665,-93.78352843,27071.0,711.4236650584676,3.4482758620689653,84,87,3,0,84,87,12440,0,0,0,0,0
2020-08-29,US,Minnesota,Lac qui Parle,14,0,0,44.9973857,-96.17488219,27073.0,211.3845689264684,0.0,14,13,0,0,13,13,6658,1,0,0,1,0
2020-08-29,US,Minnesota,Lake,31,0,0,47.64270764,-91.44557998,27075.0,291.32600319518843,0.0,31,28,0,0,28,28,10658,3,0,0,3,0
2020-08-29,US,Minnesota,Lake of the Woods,7,0,0,48.77217001,-94.90274472,27077.0,187.16577540106945,0.0,7,7,0,0,7,7,3758,0,0,0,0,0
2020-08-29,US,Minnesota,Le Sueur,372,2,0,44.37136597,-93.72844721,27079.0,1287.776508464015,0.5376344086021505,370,361,2,0,359,352,28494,11,0,0,11,9
2020-08-29,US,Minnesota,Lincoln,65,0,0,44.41311883,-96.26688165,27081.0,1152.6866465685405,0.0,65,64,0,0,64,64,5673,1,0,0,1,0
2020-08-29,US,Minnesota,Lyon,498,3,0,44.41327865,-95.83806103,27083.0,1954.9344429614512,0.6024096385542169,495,473,3,0,470,458,25629,25,0,0,25,15
2020-08-29,US,Minnesota,Mahnomen,35,1,0,47.32557075,-95.80921485,27087.0,633.2549303419578,2.8571428571428568,34,35,1,0,34,35,5519,0,0,0,0,0
2020-08-29,US,Minnesota,Marshall,33,0,0,48.35825983,-96.37017407,27089.0,353.47043701799487,0.0,33,33,0,0,33,30,9390,0,0,0,0,3
2020-08-29,US,Minnesota,Martin,229,6,0,43.67429718,-94.55099908,27091.0,1163.4405324391607,2.6200873362445414,223,226,6,0,220,223,19785,3,0,0,3,3
2020-08-29,US,Minnesota,McLeod,358,1,0,44.82367677,-94.27287017,27085.0,997.4089655364556,0.2793296089385475,357,347,1,0,346,347,35873,11,0,0,11,0
2020-08-29,US,Minnesota,Meeker,105,2,0,45.12328869,-94.52839455,27093.0,452.15743691327197,1.9047619047619049,103,103,2,0,101,101,23141,2,0,0,2,2
2020-08-29,US,Minnesota,Mille Lacs,98,3,0,45.93705297,-93.63236823,27095.0,372.949727898923,3.0612244897959178,95,93,3,0,90,92,26139,5,0,0,5,1
2020-08-29,US,Minnesota,Morrison,113,1,0,46.01265363,-94.27341528,27097.0,338.46522494458753,0.8849557522123894,112,112,1,0,111,112,33169,1,0,0,1,0
2020-08-29,US,Minnesota,Mower,1174,3,0,43.67142874,-92.75234549,27099.0,2930.457790424841,0.2555366269165247,1171,1170,3,0,1167,1165,40011,4,0,0,4,5
2020-08-29,US,Minnesota,Murray,142,1,0,44.02216709,-95.76328482,27101.0,1732.9753478154748,0.7042253521126759,141,140,1,0,139,140,8276,2,0,0,2,0
2020-08-29,US,Minnesota,Nicollet,436,15,0,44.35291112,-94.24710352,27103.0,1272.1013012779367,3.440366972477064,421,427,15,0,412,423,34220,9,0,0,9,4
2020-08-29,US,Minnesota,Nobles,1855,13,0,43.67434621,-95.75329576,27105.0,8576.448287022055,0.7008086253369272,1842,1850,13,0,1837,1847,21924,5,0,0,5,3
2020-08-29,US,Minnesota,Norman,45,0,0,47.32628443,-96.45620947,27107.0,705.8823529411765,0.0,45,45,0,0,45,45,6475,0,0,0,0,0
2020-08-29,US,Minnesota,Olmsted,2008,24,0,44.00374114,-92.40209944,27109.0,1268.533668576627,1.195219123505976,1984,1977,24,0,1953,1958,156277,31,0,0,31,19
2020-08-29,US,Minnesota,Otter Tail,277,4,0,46.40846929,-95.70835255,27111.0,471.5214652912539,1.444043321299639,273,268,4,0,264,263,58812,9,0,0,9,5
2020-08-29,US,Minnesota,Pennington,86,1,0,48.06642577,-96.0370814,27113.0,609.1082937885119,1.162790697674419,85,81,1,0,80,80,14178,5,0,0,5,1
2020-08-29,US,Minnesota,Pine,149,0,0,46.12105238,-92.74070188,27115.0,503.7357584772981,0.0,149,149,0,0,149,145,29483,0,0,0,0,4
2020-08-29,US,Minnesota,Pipestone,185,9,0,44.02301619,-96.25841142,27117.0,2027.1751040981808,4.864864864864865,176,180,9,0,171,179,9047,5,0,0,5,1
2020-08-29,US,Minnesota,Polk,197,4,0,47.77372465,-96.40134647,27119.0,628.1086596097438,2.0304568527918785,193,194,4,0,190,189,31529,3,0,0,3,5
2020-08-29,US,Minnesota,Pope,62,0,0,45.58606667,-95.44451209,27121.0,551.1601031202773,0.0,62,62,0,0,62,61,11097,0,0,0,0,1
2020-08-29,US,Minnesota,Ramsey,9070,298,0,45.01625271,-93.09872295,27123.0,1648.1290010739187,3.2855567805953694,8772,8951,298,0,8653,8856,550210,119,0,0,119,95
2020-08-29,US,Minnesota,Red Lake,28,0,0,47.87197525,-96.09561104,27125.0,690.5055487053021,0.0,28,28,0,0,28,28,3999,0,0,0,0,0
2020-08-29,US,Minnesota,Redwood,54,0,0,44.40555844,-95.25207021,27127.0,355.96572181938035,0.0,54,54,0,0,54,53,15249,0,0,0,0,1
2020-08-29,US,Minnesota,Renville,81,6,0,44.72836381,-94.94553734,27129.0,556.7775639263131,7.407407407407407,75,78,6,0,72,77,14612,3,0,0,3,1
2020-08-29,US,Minnesota,Rice,1174,8,0,44.3543376,-93.29658715,27131.0,1752.9713910290866,0.6814310051107325,1166,1163,8,0,1155,1159,66523,11,0,0,11,4
2020-08-29,US,Minnesota,Rock,102,0,0,43.67482683,-96.25296832,27133.0,1095.0080515297907,0.0,102,101,0,0,101,101,9414,1,0,0,1,0
2020-08-29,US,Minnesota,Roseau,69,0,0,48.77501878,-95.81079919,27135.0,454.99505440158265,0.0,69,69,0,0,69,63,15150,0,0,0,0,6
2020-08-29,US,Minnesota,Scott,1965,31,0,44.6490231,-93.53340251,27139.0,1318.6768939622718,1.5776081424936388,1934,1941,31,0,1910,1916,147381,24,0,0,24,25
2020-08-29,US,Minnesota,Sherburne,892,12,0,45.44447208,-93.77617511,27141.0,917.3368436208067,1.345291479820628,880,876,12,0,864,871,96036,16,0,0,16,5
2020-08-29,US,Minnesota,Sibley,134,3,0,44.5796592,-94.23164924,27143.0,901.4463504877227,2.238805970149253,131,128,2,0,126,125,15028,6,1,0,5,3
2020-08-29,US,Minnesota,St. Louis,851,23,0,47.604840700000004,-92.46879855,27137.0,427.4878183553524,2.702702702702702,828,832,23,0,809,808,199754,19,0,0,19,24
2020-08-29,US,Minnesota,Stearns,3229,22,0,45.55192576,-94.61078221,27145.0,2004.6562160484243,0.6813254877671105,3207,3212,22,0,3190,3192,159256,17,0,0,17,20
2020-08-29,US,Minnesota,Steele,423,2,0,44.02240351,-93.22627088,27147.0,1154.1924745559224,0.4728132387706856,421,418,2,0,416,407,36803,5,0,0,5,11
2020-08-29,US,Minnesota,Stevens,38,0,0,45.58613007,-96.00163705,27149.0,387.5573686894442,0.0,38,33,0,0,33,31,9753,5,0,0,5,2
2020-08-29,US,Minnesota,Swift,60,1,0,45.2829032,-95.68264092,27151.0,647.5285991797971,1.6666666666666667,59,60,1,0,59,60,9345,0,0,0,0,0
2020-08-29,US,Minnesota,Todd,447,2,0,46.06996226,-94.89785296,27153.0,1812.3580927667856,0.44742729306487694,445,446,2,0,444,445,24582,1,0,0,1,1
2020-08-29,US,Minnesota,Traverse,21,0,0,45.77298854,-96.47062949,27155.0,644.3694384780607,0.0,21,21,0,0,21,21,3308,0,0,0,0,0
2020-08-29,US,Minnesota,Unassigned,145,49,0,0.0,0.0,90027.0,0.0,33.793103448275865,96,147,49,0,98,141,,-2,0,0,-2,6
2020-08-29,US,Minnesota,Wabasha,120,0,0,44.28424356,-92.23121312,27157.0,554.8619780829519,0.0,120,117,0,0,117,115,21645,3,0,0,3,2
2020-08-29,US,Minnesota,Wadena,48,0,0,46.58589171,-94.96968506,27159.0,350.825902645812,0.0,48,45,0,0,45,45,13773,3,0,0,3,0
2020-08-29,US,Minnesota,Waseca,254,2,0,44.02211116,-93.58720034,27161.0,1364.7109391790245,0.7874015748031497,252,248,2,0,246,240,18691,6,0,0,6,8
2020-08-29,US,Minnesota,Washington,2916,54,0,45.03864533,-92.88429635,27163.0,1111.111111111111,1.851851851851852,2862,2861,54,0,2807,2808,259201,55,0,0,55,53
2020-08-29,US,Minnesota,Watonwan,426,4,0,43.97823903,-94.61413846,27165.0,3909.332843901992,0.9389671361502347,422,422,4,0,418,418,10980,4,0,0,4,4
2020-08-29,US,Minnesota,Wilkin,50,3,0,46.35721532,-96.4684375,27167.0,805.5421298533913,6.0,47,49,3,0,46,48,6254,1,0,0,1,1
2020-08-29,US,Minnesota,Winona,390,17,0,43.98772283,-91.78081305,27169.0,772.52198716425,4.3589743589743595,373,365,17,0,348,353,50825,25,0,0,25,12
2020-08-29,US,Minnesota,Wright,1193,6,0,45.17297924,-93.96234781,27171.0,862.1374939476938,0.5029337803855826,1187,1168,6,0,1162,1137,136349,25,0,0,25,31
2020-08-29,US,Minnesota,Yellow Medicine,80,1,0,44.71710183,-95.86842453,27173.0,823.9777526006798,1.25,79,78,1,0,77,72,9795,2,0,0,2,6
2020-08-29,US,Mississippi,Adams,780,31,0,31.47669768,-91.35326037,28001.0,2541.2960609911056,3.9743589743589753,749,773,31,0,742,759,31192,7,0,0,7,14
2020-08-29,US,Mississippi,Alcorn,616,6,0,34.88084463,-88.57996173,28003.0,1666.9823830270886,0.9740259740259741,610,610,6,0,604,593,36925,6,0,0,6,17
2020-08-29,US,Mississippi,Amite,272,7,0,31.17467303,-90.80501621,28005.0,2211.921606895991,2.573529411764706,265,271,7,0,264,270,12326,1,0,0,1,1
2020-08-29,US,Mississippi,Attala,581,25,0,33.08658803,-89.57838564,28007.0,3196.874656102124,4.3029259896729775,556,578,25,0,553,577,18365,3,0,0,3,1
2020-08-29,US,Mississippi,Benton,193,1,0,34.81681228,-89.18945516,28009.0,2336.844654316503,0.5181347150259067,192,193,1,0,192,194,8271,0,0,0,0,-1
2020-08-29,US,Mississippi,Bolivar,1462,48,0,33.79696941,-90.87372121,28011.0,4773.4099516782035,3.283173734610123,1414,1436,48,0,1388,1428,31333,26,0,0,26,8
2020-08-29,US,Mississippi,Calhoun,468,10,0,33.93683395,-89.33686647,28013.0,3258.825987048256,2.1367521367521367,458,466,10,0,456,461,14436,2,0,0,2,5
2020-08-29,US,Mississippi,Carroll,289,12,0,33.44834567,-89.91994479,28015.0,2905.3986126470286,4.1522491349480966,277,289,11,0,278,290,9911,0,1,0,-1,-1
2020-08-29,US,Mississippi,Chickasaw,581,20,0,33.91983202,-88.9481545,28017.0,3397.064842425305,3.442340791738382,561,578,20,0,558,576,17171,3,0,0,3,2
2020-08-29,US,Mississippi,Choctaw,154,4,0,33.34598242,-89.24809382,28019.0,1875.7612667478686,2.5974025974025974,150,154,4,0,150,157,8278,0,0,0,0,-3
2020-08-29,US,Mississippi,Claiborne,435,16,0,31.97061673,-90.90702196,28021.0,4839.786381842458,3.67816091954023,419,432,16,0,416,432,9002,3,0,0,3,0
2020-08-29,US,Mississippi,Clarke,437,30,0,32.04158545,-88.68896219999998,28023.0,2811.916865066598,6.864988558352403,407,431,28,0,403,431,15604,6,2,0,4,0
2020-08-29,US,Mississippi,Clay,469,14,0,33.65358105,-88.77784255,28025.0,2428.038931455788,2.985074626865672,455,467,14,0,453,465,19386,2,0,0,2,2
2020-08-29,US,Mississippi,Coahoma,969,17,0,34.22772299,-90.60415045,28027.0,4379.858976676912,1.7543859649122806,952,959,17,0,942,946,22628,10,0,0,10,13
2020-08-29,US,Mississippi,Copiah,1056,31,0,31.86977774,-90.44565118,28029.0,3762.693746659541,2.935606060606061,1025,1051,31,0,1020,1048,28543,5,0,0,5,3
2020-08-29,US,Mississippi,Covington,716,17,0,31.63225413,-89.55389939,28031.0,3842.0261858767976,2.3743016759776543,699,710,17,0,693,709,18853,6,0,0,6,1
2020-08-29,US,Mississippi,DeSoto,4548,43,0,34.87625235,-89.99091418,28033.0,2459.109464976074,0.9454705364995604,4505,4509,43,0,4466,4456,182001,39,0,0,39,53
2020-08-29,US,Mississippi,Forrest,2119,61,0,31.18961454,-89.25832496,28035.0,2829.218793810166,2.8787163756488914,2058,2104,61,0,2043,2098,75036,15,0,0,15,6
2020-08-29,US,Mississippi,Franklin,175,3,0,31.47786634,-90.89672989,28037.0,2268.896667963179,1.7142857142857142,172,174,3,0,171,170,7788,1,0,0,1,4
2020-08-29,US,Mississippi,George,679,12,0,30.86259065,-88.64436789,28039.0,2771.4285714285716,1.7673048600883652,667,674,12,0,662,674,24250,5,0,0,5,0
2020-08-29,US,Mississippi,Greene,290,14,0,31.21444233,-88.63922281,28041.0,2134.550272339173,4.827586206896552,276,287,14,0,273,285,13586,3,0,0,3,2
2020-08-29,US,Mississippi,Grenada,934,32,0,33.77036166,-89.80245083,28043.0,4499.470083823105,3.426124197002141,902,928,31,0,897,917,21055,6,1,0,5,11
2020-08-29,US,Mississippi,Hancock,487,18,0,30.41830223,-89.48851033,28045.0,1022.421901242862,3.6960985626283374,469,480,18,0,462,472,47334,7,0,0,7,8
2020-08-29,US,Mississippi,Harrison,3268,53,0,30.51359752,-89.12467576,28047.0,1570.549788542868,1.6217870257037943,3215,3200,53,0,3147,3174,206650,68,0,0,68,26
2020-08-29,US,Mississippi,Hinds,6473,138,0,32.2656285,-90.44435448,28049.0,2792.0117322291235,2.131932643287502,6335,6425,138,0,6287,6396,237085,48,0,0,48,29
2020-08-29,US,Mississippi,Holmes,1039,54,0,33.12345854,-90.08923538,28051.0,6108.171663727219,5.19730510105871,985,1032,54,0,978,1027,17622,7,0,0,7,5
2020-08-29,US,Mississippi,Humphreys,335,14,0,33.12825718,-90.52252707,28053.0,4154.265873015873,4.17910447761194,321,334,14,0,320,334,8257,1,0,0,1,0
2020-08-29,US,Mississippi,Issaquena,97,3,0,32.72531359,-90.97392828,28055.0,7309.721175584023,3.0927835051546397,94,97,3,0,94,96,1308,0,0,0,0,1
2020-08-29,US,Mississippi,Itawamba,545,14,0,34.27993475,-88.3606733,28057.0,2330.0555793073963,2.568807339449541,531,538,14,0,524,531,23517,7,0,0,7,7
2020-08-29,US,Mississippi,Jackson,2946,59,0,30.54020656,-88.64184064,28059.0,2051.289192783584,2.002715546503734,2887,2932,59,0,2873,2897,143277,14,0,0,14,35
2020-08-29,US,Mississippi,Jasper,479,13,0,32.01922104,-89.11786866,28061.0,2923.76243667216,2.7139874739039667,466,474,13,0,461,475,16428,5,0,0,5,-1
2020-08-29,US,Mississippi,Jefferson,217,9,0,31.73397872,-91.03764977,28063.0,3104.434907010015,4.147465437788019,208,217,8,0,209,217,7106,0,1,0,-1,0
2020-08-29,US,Mississippi,Jefferson Davis,302,8,0,31.56884708,-89.82670990000004,28065.0,2713.8749101365925,2.6490066225165565,294,302,8,0,294,296,11234,0,0,0,0,6
2020-08-29,US,Mississippi,Jones,2146,72,0,31.62257767,-89.16896899999998,28067.0,3151.340714852125,3.3550792171481825,2074,2127,72,0,2055,2111,68461,19,0,0,19,16
2020-08-29,US,Mississippi,Kemper,269,15,0,32.75462946,-88.64105766,28069.0,2761.239991788135,5.5762081784386615,254,266,15,0,251,266,10027,3,0,0,3,0
2020-08-29,US,Mississippi,Lafayette,1377,34,0,34.35687874,-89.48490961,28071.0,2549.103093356041,2.469135802469136,1343,1335,34,0,1301,1288,54793,42,0,0,42,47
2020-08-29,US,Mississippi,Lamar,1432,29,0,31.20572971,-89.5077704,28073.0,2260.707576212052,2.025139664804469,1403,1426,26,0,1400,1399,62447,6,3,0,3,27
2020-08-29,US,Mississippi,Lauderdale,1737,106,0,32.40419769,-88.66229662,28075.0,2343.3389544688025,6.102475532527347,1631,1732,106,0,1626,1709,75317,5,0,0,5,23
2020-08-29,US,Mississippi,Lawrence,402,10,0,31.55147224,-90.10841127,28077.0,3194.0251072620367,2.487562189054726,392,400,10,0,390,401,12455,2,0,0,2,-1
2020-08-29,US,Mississippi,Leake,878,31,0,32.7536828,-89.52402044,28079.0,3853.2432195207593,3.5307517084282463,847,875,31,0,844,875,22763,3,0,0,3,0
2020-08-29,US,Mississippi,Lee,2139,54,0,34.291877500000005,-88.68149954,28081.0,2503.628447024673,2.524544179523142,2085,2111,54,0,2057,2086,85202,28,0,0,28,25
2020-08-29,US,Mississippi,Leflore,1229,75,0,33.55545125,-90.29900733,28083.0,4360.78487031189,6.102522375915378,1154,1229,75,0,1154,1222,28919,0,0,0,0,7
2020-08-29,US,Mississippi,Lincoln,962,51,0,31.53288662,-90.45391915,28085.0,2816.736450677832,5.301455301455301,911,954,50,0,904,944,34205,8,1,0,7,10
2020-08-29,US,Mississippi,Lowndes,1272,53,0,33.47386518,-88.44191529999998,28087.0,2170.833688881304,4.166666666666667,1219,1262,53,0,1209,1252,58930,10,0,0,10,10
2020-08-29,US,Mississippi,Madison,2939,83,0,32.63389156,-90.03513564,28089.0,2765.545016561276,2.824089826471589,2856,2865,82,0,2783,2845,105630,74,1,0,73,20
2020-08-29,US,Mississippi,Marion,775,26,0,31.23132643,-89.8209217,28091.0,3153.8680665771376,3.3548387096774195,749,775,25,0,750,776,24715,0,1,0,-1,-1
2020-08-29,US,Mississippi,Marshall,934,12,0,34.76216286,-89.50299462,28093.0,2646.342154473848,1.284796573875803,922,919,12,0,907,912,35451,15,0,0,15,7
2020-08-29,US,Mississippi,Monroe,1025,57,0,33.89236763,-88.4808438,28095.0,2907.6364461590833,5.560975609756096,968,1012,56,0,956,1009,35564,13,1,0,12,3
2020-08-29,US,Mississippi,Montgomery,406,16,0,33.49419589,-89.61729103,28097.0,4153.452685421995,3.940886699507389,390,405,16,0,389,407,10023,1,0,0,1,-2
2020-08-29,US,Mississippi,Neshoba,1418,99,0,32.75339664,-89.11726492,28099.0,4869.839961535819,6.981664315937941,1319,1416,99,0,1317,1411,29125,2,0,0,2,5
2020-08-29,US,Mississippi,Newton,660,14,0,32.40021118,-89.11843336,28101.0,3140.165572366543,2.121212121212121,646,653,14,0,639,642,21443,7,0,0,7,11
2020-08-29,US,Mississippi,Noxubee,518,14,0,33.11009499,-88.56949061,28103.0,4972.640875491984,2.702702702702702,504,517,14,0,503,516,10535,1,0,0,1,1
2020-08-29,US,Mississippi,Oktibbeha,1404,46,0,33.42491685,-88.87905132,28105.0,2831.387258757335,3.276353276353277,1358,1381,46,0,1335,1360,49599,23,0,0,23,21
2020-08-29,US,Mississippi,Panola,1288,23,0,34.36398677,-89.95064249,28107.0,3766.963032288255,1.7857142857142858,1265,1273,23,0,1250,1269,34178,15,0,0,15,4
2020-08-29,US,Mississippi,Pearl River,743,48,0,30.77090935,-89.58677275,28109.0,1337.8950211578285,6.460296096904441,695,733,48,0,685,726,55387,10,0,0,10,7
2020-08-29,US,Mississippi,Perry,290,9,0,31.17161885,-88.99281835,28111.0,2422.116428631087,3.103448275862069,281,289,9,0,280,287,11931,1,0,0,1,2
2020-08-29,US,Mississippi,Pike,1124,44,0,31.17507789,-90.40392572,28113.0,2860.9244553044177,3.9145907473309607,1080,1118,44,0,1074,1109,39563,6,0,0,6,9
2020-08-29,US,Mississippi,Pontotoc,1049,11,0,34.226046000000004,-89.03636807,28115.0,3260.3965935227197,1.0486177311725453,1038,1041,11,0,1030,1025,31833,8,0,0,8,16
2020-08-29,US,Mississippi,Prentiss,612,12,0,34.61810501,-88.51986294,28117.0,2435.723951285521,1.96078431372549,600,608,12,0,596,605,25315,4,0,0,4,3
2020-08-29,US,Mississippi,Quitman,319,3,0,34.25157572,-90.28908,28119.0,4696.7020023557125,0.9404388714733544,316,313,3,0,310,313,7051,6,0,0,6,0
2020-08-29,US,Mississippi,Rankin,2817,62,0,32.26469147,-89.94537876,28121.0,1814.2473481847867,2.2009229676961306,2755,2797,61,0,2736,2785,153902,20,1,0,19,12
2020-08-29,US,Mississippi,Scott,1091,22,0,32.406704100000006,-89.53789439,28123.0,3879.2490399658654,2.016498625114574,1069,1088,22,0,1066,1087,28287,3,0,0,3,1
2020-08-29,US,Mississippi,Sharkey,249,8,0,32.88149103,-90.81595379999999,28125.0,5762.554964128674,3.21285140562249,241,249,8,0,241,247,4377,0,0,0,0,2
2020-08-29,US,Mississippi,Simpson,936,39,0,31.91282117,-89.91716179,28127.0,3511.141120864281,4.166666666666667,897,927,39,0,888,923,26758,9,0,0,9,4
2020-08-29,US,Mississippi,Smith,463,13,0,32.01744532,-89.50644846,28129.0,2909.022367429003,2.8077753779697625,450,462,13,0,449,463,16002,1,0,0,1,-1
2020-08-29,US,Mississippi,Stone,310,10,0,30.79187949,-89.11547539,28131.0,1690.6631762652703,3.2258064516129035,300,306,9,0,297,299,18717,4,1,0,3,7
2020-08-29,US,Mississippi,Sunflower,1252,36,0,33.60192578,-90.58882684,28133.0,4986.061330147351,2.8753993610223643,1216,1244,36,0,1208,1241,25735,8,0,0,8,3
2020-08-29,US,Mississippi,Tallahatchie,623,13,0,33.95339918,-90.1729398,28135.0,4511.550438120066,2.086677367576244,610,618,13,0,605,615,13987,5,0,0,5,3
2020-08-29,US,Mississippi,Tate,853,32,0,34.65133709,-89.94485778,28137.0,3011.8992973411955,3.751465416178194,821,851,32,0,819,851,28759,2,0,0,2,0
2020-08-29,US,Mississippi,Tippah,538,15,0,34.76872156,-88.90988194,28139.0,2443.788326141267,2.7881040892193307,523,531,15,0,516,528,21995,7,0,0,7,3
2020-08-29,US,Mississippi,Tishomingo,547,28,0,34.74023475,-88.23917219,28141.0,2822.0605685394416,5.1188299817184655,519,541,28,0,513,537,19454,6,0,0,6,4
2020-08-29,US,Mississippi,Tunica,448,11,0,34.64967704,-90.37481167,28143.0,4651.1627906976755,2.455357142857143,437,444,11,0,433,441,9944,4,0,0,4,3
2020-08-29,US,Mississippi,Union,876,21,0,34.49162015,-89.00776006,28145.0,3040.083289953149,2.3972602739726026,855,867,21,0,846,857,28606,9,0,0,9,10
2020-08-29,US,Mississippi,Walthall,563,24,0,31.14971548,-90.10446654,28147.0,3940.921181576368,4.262877442273535,539,559,24,0,535,557,14465,4,0,0,4,2
2020-08-29,US,Mississippi,Warren,1303,46,0,32.35810271,-90.83352619,28149.0,2871.245675502964,3.5303146584804304,1257,1293,46,0,1247,1281,46176,10,0,0,10,12
2020-08-29,US,Mississippi,Washington,1982,60,0,33.28392041,-90.94196237,28151.0,4513.8809811200435,3.0272452068617564,1922,1974,60,0,1914,1964,45063,8,0,0,8,10
2020-08-29,US,Mississippi,Wayne,846,21,0,31.64135687,-88.69573913,28153.0,4191.646435118664,2.482269503546099,825,843,22,0,821,842,20298,3,-1,0,4,1
2020-08-29,US,Mississippi,Webster,298,13,0,33.61300486,-89.28392912,28155.0,3075.6528021467643,4.362416107382551,285,298,13,0,285,292,9788,0,0,0,0,6
2020-08-29,US,Mississippi,Wilkinson,276,17,0,31.16078225,-91.31018819,28157.0,3198.146002317497,6.159420289855072,259,275,17,0,258,274,8792,1,0,0,1,1
2020-08-29,US,Mississippi,Winston,691,19,0,33.08747908,-89.03391385,28159.0,3848.510164299638,2.7496382054992763,672,690,19,0,671,688,18165,1,0,0,1,2
2020-08-29,US,Mississippi,Yalobusha,359,12,0,34.02824175,-89.70762049999998,28161.0,2964.9818301949126,3.3426183844011144,347,353,12,0,341,364,12392,6,0,0,6,-11
2020-08-29,US,Mississippi,Yazoo,950,21,0,32.77890365,-90.39656148,28163.0,3199.7305490063995,2.2105263157894743,929,944,20,0,924,943,28248,6,1,0,5,1
2020-08-29,US,Missouri,Adair,224,0,0,40.19058551,-92.60078167,29001.0,883.8732588880557,0.0,224,222,0,0,222,219,25339,2,0,0,2,3
2020-08-29,US,Missouri,Andrew,127,1,0,39.98492163,-94.80163024,29003.0,717.0280036133695,0.7874015748031497,126,122,1,0,121,120,17607,5,0,0,5,2
2020-08-29,US,Missouri,Atchison,28,0,0,40.43238737,-95.42970639,29005.0,544.4293214077387,0.0,28,25,0,0,25,23,5171,3,0,0,3,2
2020-08-29,US,Missouri,Audrain,260,1,0,39.215877,-91.84242683,29007.0,1024.1058767921852,0.38461538461538464,259,255,1,0,254,249,25473,5,0,0,5,6
2020-08-29,US,Missouri,Barry,352,4,0,36.70978521,-93.82919888,29009.0,983.5424292380341,1.1363636363636365,348,349,4,0,345,340,35886,3,0,0,3,9
2020-08-29,US,Missouri,Barton,102,0,0,37.50207671,-94.34757022,29011.0,867.7896886166411,0.0,102,94,0,0,94,92,11798,8,0,0,8,2
2020-08-29,US,Missouri,Bates,70,1,0,38.25271289,-94.34113157,29013.0,432.8468958694039,1.4285714285714286,69,66,1,0,65,65,16320,4,0,0,4,1
2020-08-29,US,Missouri,Benton,155,1,0,38.29503305,-93.28756116,29015.0,797.2020778686418,0.6451612903225806,154,154,1,0,153,154,19278,1,0,0,1,0
2020-08-29,US,Missouri,Bollinger,121,1,0,37.32449052,-90.02725304,29017.0,997.2801450589302,0.8264462809917356,120,115,1,0,114,109,12169,6,0,0,6,6
2020-08-29,US,Missouri,Boone,2358,6,0,38.99186229,-92.30723575,29019.0,1306.6390340402188,0.2544529262086514,2352,2283,6,0,2277,2209,180005,75,0,0,75,74
2020-08-29,US,Missouri,Buchanan,1276,10,0,39.65816401,-94.80138942,29021.0,1460.555835355524,0.7836990595611285,1266,1247,10,0,1237,1234,88571,29,0,0,29,13
2020-08-29,US,Missouri,Butler,373,2,0,36.71462476,-90.40421163,29023.0,878.1016055369838,0.5361930294906166,371,366,2,0,364,363,42639,7,0,0,7,3
2020-08-29,US,Missouri,Caldwell,41,1,0,39.65620858,-93.98308093,29025.0,454.54545454545456,2.4390243902439024,40,41,1,0,40,41,9108,0,0,0,0,0
2020-08-29,US,Missouri,Callaway,316,2,0,38.83674754,-91.92186505,29027.0,706.2557271528508,0.6329113924050633,314,306,2,0,304,299,44889,10,0,0,10,7
2020-08-29,US,Missouri,Camden,510,8,0,38.02199522,-92.76083747,29029.0,1101.392938127632,1.568627450980392,502,500,8,0,492,488,45815,10,0,0,10,12
2020-08-29,US,Missouri,Cape Girardeau,944,7,0,37.38489388,-89.6843587,29031.0,1196.891126015899,0.7415254237288136,937,930,7,0,923,914,78753,14,0,0,14,16
2020-08-29,US,Missouri,Carroll,110,0,0,39.42762566,-93.50626255,29033.0,1267.427122940431,0.0,110,108,0,0,108,107,8743,2,0,0,2,1
2020-08-29,US,Missouri,Carter,36,1,0,36.94160441,-90.96051322,29035.0,601.8054162487463,2.7777777777777777,35,33,1,0,32,32,6054,3,0,0,3,1
2020-08-29,US,Missouri,Cass,1053,11,0,38.64789422,-94.353399,29037.0,995.4622802041974,1.0446343779677112,1042,1027,9,0,1018,1009,104954,26,2,0,24,18
2020-08-29,US,Missouri,Cedar,48,0,0,37.72391475,-93.85445441,29039.0,334.5180848839641,0.0,48,48,0,0,48,47,14165,0,0,0,0,1
2020-08-29,US,Missouri,Chariton,25,0,0,39.51499357,-92.9629191,29041.0,336.65499596014007,0.0,25,23,0,0,23,23,7451,2,0,0,2,0
2020-08-29,US,Missouri,Christian,634,1,0,36.9711783,-93.18537118,29043.0,715.616005417913,0.15772870662460567,633,606,1,0,605,589,86983,28,0,0,28,17
2020-08-29,US,Missouri,Clark,41,0,0,40.41040752,-91.73661677,29045.0,603.2072973370605,0.0,41,40,0,0,40,38,6842,1,0,0,1,2
2020-08-29,US,Missouri,Clay,1355,31,0,39.31132056,-94.41850862,29047.0,542.1127594539664,2.2878228782287824,1324,1346,30,0,1316,1323,246365,9,1,0,8,23
2020-08-29,US,Missouri,Clinton,128,0,0,39.6013098,-94.40465394,29049.0,627.8510815715897,0.0,128,127,0,0,127,123,20470,1,0,0,1,4
2020-08-29,US,Missouri,Cole,820,4,0,38.50455671,-92.27860244,29051.0,1068.4735161899798,0.4878048780487805,816,788,4,0,784,775,76796,32,0,0,32,13
2020-08-29,US,Missouri,Cooper,220,1,0,38.844478,-92.80896081,29053.0,1242.3061720029366,0.4545454545454545,219,216,0,0,216,215,17603,4,1,0,3,1
2020-08-29,US,Missouri,Crawford,178,1,0,37.97663738,-91.30528104,29055.0,744.1471571906354,0.5617977528089888,177,175,1,0,174,164,23957,3,0,0,3,11
2020-08-29,US,Missouri,Dade,26,0,0,37.431814,-93.8503345,29057.0,343.8698584843275,0.0,26,24,0,0,24,22,7569,2,0,0,2,2
2020-08-29,US,Missouri,Dallas,108,1,0,37.681135499999996,-93.02127031,29059.0,639.8862424457874,0.925925925925926,107,105,1,0,104,104,16762,3,0,0,3,1
2020-08-29,US,Missouri,Daviess,22,0,0,39.96145298,-93.98519678,29061.0,265.76467745832326,0.0,22,22,0,0,22,20,8313,0,0,0,0,2
2020-08-29,US,Missouri,DeKalb,63,1,0,39.89201062,-94.40476508,29063.0,502.11205865944055,1.5873015873015872,62,61,1,0,60,59,12630,2,0,0,2,2
2020-08-29,US,Missouri,Dent,36,0,0,37.60663134,-91.50790473,29065.0,231.16933153534958,0.0,36,33,0,0,33,33,15441,3,0,0,3,0
2020-08-29,US,Missouri,Douglas,109,2,0,36.9325593,-92.49905109,29067.0,826.6970041714069,1.834862385321101,107,106,2,0,104,102,13373,3,0,0,3,4
2020-08-29,US,Missouri,Dunklin,473,4,0,36.27167174,-90.09122243,29069.0,1623.6998386598468,0.8456659619450317,469,473,4,0,469,471,29423,0,0,0,0,2
2020-08-29,US,Missouri,Franklin,1002,20,0,38.41127108,-91.07522826,29071.0,963.7673492550521,1.996007984031936,982,981,19,0,962,943,103670,21,1,0,20,38
2020-08-29,US,Missouri,Gasconade,84,4,0,38.43947277,-91.50847147,29073.0,571.1954304365564,4.761904761904762,80,81,1,0,80,63,14705,3,3,0,0,18
2020-08-29,US,Missouri,Gentry,92,9,0,40.21097916,-94.40944419,29075.0,1400.0913103028458,9.782608695652174,83,92,9,0,83,90,6628,0,0,0,0,2
2020-08-29,US,Missouri,Greene,2947,10,0,37.2575872,-93.34230916,29077.0,1005.5069160587677,0.33932813030200204,2937,2805,10,0,2795,2718,291923,142,0,0,142,87
2020-08-29,US,Missouri,Grundy,40,1,0,40.11406587,-93.56509276,29079.0,406.0913705583756,2.5,39,38,1,0,37,34,9914,2,0,0,2,4
2020-08-29,US,Missouri,Harrison,70,1,0,40.35570088,-93.99222144,29081.0,838.1226053639847,1.4285714285714286,69,68,1,0,67,65,8414,2,0,0,2,3
2020-08-29,US,Missouri,Henry,112,3,0,38.38482826,-93.79293734,29083.0,513.1964809384165,2.6785714285714284,109,112,3,0,109,112,21792,0,0,0,0,0
2020-08-29,US,Missouri,Hickory,63,0,0,37.94163617,-93.3203037,29085.0,660.1005867560771,0.0,63,62,0,0,62,59,9509,1,0,0,1,3
2020-08-29,US,Missouri,Holt,61,0,0,40.09799248,-95.21638879999999,29087.0,1385.419032477856,0.0,61,58,0,0,58,58,4404,3,0,0,3,0
2020-08-29,US,Missouri,Howard,110,0,0,39.1435761,-92.69756691,29089.0,1099.8900109989004,0.0,110,110,0,0,110,106,10137,0,0,0,0,4
2020-08-29,US,Missouri,Howell,242,3,0,36.77383887,-91.88683935,29091.0,603.2355360570332,1.2396694214876034,239,235,3,0,232,218,40076,7,0,0,7,17
2020-08-29,US,Missouri,Iron,47,0,0,37.55487945,-90.7735296,29093.0,464.19753086419746,0.0,47,47,0,0,47,44,10177,0,0,0,0,3
2020-08-29,US,Missouri,Jackson,5386,77,0,39.01002188,-94.34724536,29095.0,766.1331046029152,1.42963238024508,5309,5324,77,0,5247,5254,700307,62,0,0,62,70
2020-08-29,US,Missouri,Jasper,2286,35,0,37.20351921,-94.34050458,29097.0,1884.1487537913754,1.531058617672791,2251,2251,34,0,2217,2207,120636,35,1,0,34,44
2020-08-29,US,Missouri,Jefferson,2584,37,0,38.25926778,-90.53870896,29099.0,1148.0311532292822,1.4318885448916407,2547,2536,31,0,2505,2486,224347,48,6,0,42,50
2020-08-29,US,Missouri,Johnson,587,3,0,38.74719601,-93.80691168,29101.0,1085.7903888128444,0.5110732538330494,584,582,3,0,579,568,53652,5,0,0,5,14
2020-08-29,US,Missouri,Kansas City,9109,69,0,39.0997,-94.5786,0.0,1862.9983454104056,0.7574925897464047,9040,8995,66,0,8929,8837,491918,114,3,0,111,158
2020-08-29,US,Missouri,Knox,38,0,0,40.12699751,-92.14780832,29103.0,959.8383430159132,0.0,38,38,0,0,38,38,3947,0,0,0,0,0
2020-08-29,US,Missouri,Laclede,285,1,0,37.65896829,-92.5888493,29105.0,797.8053354981384,0.3508771929824561,284,280,1,0,279,275,35713,5,0,0,5,5
2020-08-29,US,Missouri,Lafayette,233,2,0,39.06986886,-93.78076396,29107.0,712.3639476580652,0.8583690987124464,231,226,2,0,224,223,32598,7,0,0,7,3
2020-08-29,US,Missouri,Lawrence,351,2,0,37.10626634,-93.83293097,29109.0,915.1349237387564,0.5698005698005698,349,342,2,0,340,335,38359,9,0,0,9,7
2020-08-29,US,Missouri,Lewis,59,2,0,40.09673161,-91.72070156,29111.0,603.518821603928,3.3898305084745757,57,56,2,0,54,55,9855,3,0,0,3,1
2020-08-29,US,Missouri,Lincoln,551,1,0,39.05345619,-90.95588181,29113.0,933.6925762120212,0.18148820326678766,550,537,1,0,536,525,57686,14,0,0,14,12
2020-08-29,US,Missouri,Linn,47,1,0,39.87001769,-93.10704106,29115.0,394.29530201342277,2.127659574468085,46,46,1,0,45,46,12037,1,0,0,1,0
2020-08-29,US,Missouri,Livingston,73,1,0,39.78110272,-93.54645978,29117.0,479.41157155053526,1.3698630136986298,72,71,1,0,70,71,15146,2,0,0,2,0
2020-08-29,US,Missouri,Macon,75,0,0,39.83049768,-92.56453089,29121.0,496.13018456042863,0.0,75,75,0,0,75,73,15153,0,0,0,0,2
2020-08-29,US,Missouri,Madison,119,0,0,37.47865134,-90.34671429999999,29123.0,984.447385837194,0.0,119,111,0,0,111,98,12188,8,0,0,8,13
2020-08-29,US,Missouri,Maries,44,0,0,38.16193985,-91.92249662,29125.0,505.921582154766,0.0,44,41,0,0,41,39,8769,3,0,0,3,2
2020-08-29,US,Missouri,Marion,453,3,0,39.80601912,-91.62203062,29127.0,1587.8023133543634,0.6622516556291391,450,425,1,0,424,378,28592,28,2,0,26,47
2020-08-29,US,Missouri,McDonald,987,10,0,36.62869595,-94.34867205,29119.0,4321.933704076718,1.0131712259371837,977,986,9,0,977,985,23078,1,1,0,0,1
2020-08-29,US,Missouri,Mercer,17,0,0,40.42212303,-93.56829590000001,29129.0,470.0027647221454,0.0,17,16,0,0,16,16,3641,1,0,0,1,0
2020-08-29,US,Missouri,Miller,238,1,0,38.21450288,-92.42610898,29131.0,928.99800928998,0.4201680672268908,237,229,1,0,228,222,25336,9,0,0,9,7
2020-08-29,US,Missouri,Mississippi,230,0,0,36.82516239,-89.29505753,29133.0,1745.0682852807286,0.0,230,222,0,0,222,221,13336,8,0,0,8,1
2020-08-29,US,Missouri,Moniteau,186,2,0,38.63571781,-92.57976951,29135.0,1152.9878502355564,1.075268817204301,184,181,2,0,179,181,16121,5,0,0,5,0
2020-08-29,US,Missouri,Monroe,68,0,0,39.49593978,-92.00043978,29137.0,786.6728366496992,0.0,68,66,0,0,66,65,8664,2,0,0,2,1
2020-08-29,US,Missouri,Montgomery,56,1,0,38.94022054,-91.47000721,29139.0,484.80651025885203,1.7857142857142858,55,55,1,0,54,53,11534,1,0,0,1,2
2020-08-29,US,Missouri,Morgan,117,0,0,38.4181765,-92.88791859,29141.0,567.217724341882,0.0,117,117,0,0,117,114,20358,0,0,0,0,3
2020-08-29,US,Missouri,New Madrid,398,4,0,36.59666326,-89.66070007,29143.0,2330.7566174748185,1.0050251256281406,394,365,4,0,361,362,17296,33,0,0,33,3
2020-08-29,US,Missouri,Newton,1071,13,0,36.90519407,-94.3394104,29145.0,1839.0686173500928,1.2138188608776843,1058,1063,13,0,1050,1056,58266,8,0,0,8,7
2020-08-29,US,Missouri,Nodaway,390,1,0,40.36079813,-94.88133008,29147.0,1765.3449212384573,0.2564102564102564,389,379,1,0,378,341,22304,11,0,0,11,38
2020-08-29,US,Missouri,Oregon,47,0,0,36.68710164,-91.4033755,29149.0,446.3861715262609,0.0,47,47,0,0,47,42,10541,0,0,0,0,5
2020-08-29,US,Missouri,Osage,78,1,0,38.46036182,-91.8613635,29151.0,572.8975394785164,1.2820512820512822,77,75,1,0,74,75,13714,3,0,0,3,0
2020-08-29,US,Missouri,Ozark,23,0,0,36.64916339,-92.44459066,29153.0,250.70852408981904,0.0,23,21,0,0,21,18,9017,2,0,0,2,3
2020-08-29,US,Missouri,Pemiscot,323,9,0,36.2130572,-89.78742322,29155.0,2043.6570705472952,2.7863777089783284,314,319,9,0,310,314,16272,4,0,0,4,5
2020-08-29,US,Missouri,Perry,369,4,0,37.70660776,-89.82741088,29157.0,1928.3026755852845,1.084010840108401,365,360,4,0,356,347,19150,9,0,0,9,13
2020-08-29,US,Missouri,Pettis,789,8,0,38.72798918,-93.28471706,29159.0,1863.5300786508888,1.0139416983523448,781,774,8,0,766,758,42542,15,0,0,15,16
2020-08-29,US,Missouri,Phelps,199,0,0,37.87736118,-91.79351727,29161.0,446.4586184461445,0.0,199,190,0,0,190,180,44732,9,0,0,9,10
2020-08-29,US,Missouri,Pike,140,1,0,39.34310674,-91.16980779,29163.0,764.9437219975958,0.7142857142857143,139,138,1,0,137,135,18504,2,0,0,2,3
2020-08-29,US,Missouri,Platte,472,10,0,39.38154439,-94.77068479,29165.0,452.0293435997625,2.1186440677966103,462,465,10,0,455,460,102985,7,0,0,7,5
2020-08-29,US,Missouri,Polk,281,0,0,37.616229600000004,-93.39828174,29167.0,874.0551805654919,0.0,281,276,0,0,276,275,32201,5,0,0,5,1
2020-08-29,US,Missouri,Pulaski,383,1,0,37.82462075,-92.20783203,29169.0,728.0399946775142,0.2610966057441253,382,374,1,0,373,366,52014,9,0,0,9,8
2020-08-29,US,Missouri,Putnam,23,1,0,40.47942497,-93.02042674,29171.0,489.778534923339,4.3478260869565215,22,22,1,0,21,20,4757,1,0,0,1,2
2020-08-29,US,Missouri,Ralls,108,0,0,39.52817427,-91.51838643,29173.0,1047.628285963721,0.0,108,106,0,0,106,96,10212,2,0,0,2,10
2020-08-29,US,Missouri,Randolph,112,1,0,39.44007257,-92.49713740000001,29175.0,452.56182317763046,0.8928571428571429,111,107,1,0,106,105,24763,5,0,0,5,2
2020-08-29,US,Missouri,Ray,124,0,0,39.353746799999996,-93.98905745,29177.0,538.7088365626902,0.0,124,124,0,0,124,124,22883,0,0,0,0,0
2020-08-29,US,Missouri,Reynolds,21,0,0,37.36085952,-90.97009925,29179.0,334.92822966507185,0.0,21,21,0,0,21,19,6254,0,0,0,0,2
2020-08-29,US,Missouri,Ripley,86,0,0,36.65460667,-90.85990261,29181.0,647.2004816375678,0.0,86,85,0,0,85,85,13401,1,0,0,1,0
2020-08-29,US,Missouri,Saline,543,7,0,39.13734288,-93.20259964,29195.0,2385.6596810333467,1.2891344383057088,536,534,7,0,527,531,22895,9,0,0,9,3
2020-08-29,US,Missouri,Schuyler,18,0,0,40.46921489,-92.52311943,29197.0,386.26609442060084,0.0,18,16,0,0,16,15,4599,2,0,0,2,1
2020-08-29,US,Missouri,Scotland,18,1,0,40.45214695,-92.14709064,29199.0,367.1970624235006,5.5555555555555545,17,18,1,0,17,18,4966,0,0,0,0,0
2020-08-29,US,Missouri,Scott,606,14,0,37.05588075,-89.56474493,29201.0,1583.0721003134797,2.31023102310231,592,582,13,0,569,581,38458,24,1,0,23,1
2020-08-29,US,Missouri,Shannon,51,1,0,37.15772072,-91.40190382,29203.0,624.540778839089,1.96078431372549,50,50,1,0,49,49,8189,1,0,0,1,1
2020-08-29,US,Missouri,Shelby,46,0,0,39.79742518,-92.07634971,29205.0,775.716694772344,0.0,46,45,0,0,45,45,6050,1,0,0,1,0
2020-08-29,US,Missouri,St. Charles,5632,99,0,38.77875681,-90.66662425,29183.0,1400.9183577018173,1.7578125,5533,5558,98,0,5460,5473,399182,74,1,0,73,85
2020-08-29,US,Missouri,St. Clair,28,0,0,38.03699437,-93.77631447,29185.0,297.9674364158774,0.0,28,26,0,0,26,26,9395,2,0,0,2,0
2020-08-29,US,Missouri,St. Francois,988,4,0,37.81214171,-90.47598685,29187.0,1469.9099903295396,0.4048582995951417,984,956,4,0,952,932,66692,32,0,0,32,24
2020-08-29,US,Missouri,St. Louis,19071,729,0,38.63770039999999,-90.4458375,29189.0,1918.216062079752,3.822557810287872,18342,18774,727,0,18047,18507,996945,297,2,0,295,267
2020-08-29,US,Missouri,St. Louis City,6086,188,0,38.63555736,-90.24349225,29510.0,2024.7790908123072,3.089056851790996,5898,6059,188,0,5871,6032,302838,27,0,0,27,27
2020-08-29,US,Missouri,Ste. Genevieve,105,1,0,37.89090059,-90.1949941,29186.0,586.7888677769083,0.9523809523809524,104,101,1,0,100,99,17888,4,0,0,4,2
2020-08-29,US,Missouri,Stoddard,290,9,0,36.85571651,-89.9444155,29207.0,999.1386735572785,3.103448275862069,281,286,9,0,277,284,29206,4,0,0,4,2
2020-08-29,US,Missouri,Stone,267,2,0,36.75000327,-93.45256475,29209.0,835.628442663996,0.7490636704119851,265,262,2,0,260,261,31749,5,0,0,5,1
2020-08-29,US,Missouri,Sullivan,173,0,0,40.2099105,-93.11150106,29211.0,2841.1890293972738,0.0,173,171,0,0,171,171,6221,2,0,0,2,0
2020-08-29,US,Missouri,Taney,900,14,0,36.65465345,-93.04075153,29213.0,1609.2118437991705,1.5555555555555556,886,893,11,0,882,886,55852,7,3,0,4,7
2020-08-29,US,Missouri,Texas,96,1,0,37.31728859,-91.96564727,29215.0,377.9825183085282,1.0416666666666667,95,91,1,0,90,89,25571,5,0,0,5,2
2020-08-29,US,Missouri,Vernon,80,0,0,37.8457799,-94.34127305,29217.0,389.0482906190731,0.0,80,80,0,0,80,80,20528,0,0,0,0,0
2020-08-29,US,Missouri,Warren,319,0,0,38.76529479,-91.16124662,29219.0,894.8357597688574,0.0,319,315,0,0,315,306,34711,4,0,0,4,9
2020-08-29,US,Missouri,Washington,228,1,0,37.96130078,-90.87948158,29221.0,921.957137080469,0.43859649122807015,227,227,1,0,226,224,24943,1,0,0,1,3
2020-08-29,US,Missouri,Wayne,82,0,0,37.11303869,-90.46001416,29223.0,636.9921541210285,0.0,82,79,0,0,79,78,13122,3,0,0,3,1
2020-08-29,US,Missouri,Webster,214,1,0,37.2813734,-92.876329,29225.0,540.5132349969691,0.4672897196261682,213,205,1,0,204,201,39109,9,0,0,9,4
2020-08-29,US,Missouri,Worth,11,0,0,40.47945588,-94.42328751,29227.0,546.448087431694,0.0,11,11,0,0,11,10,2040,0,0,0,0,1
2020-08-29,US,Missouri,Wright,88,0,0,37.27029221,-92.46914488,29229.0,481.16354092623976,0.0,88,89,0,0,89,88,18378,-1,0,0,-1,1
2020-08-29,US,Montana,Beaverhead,70,1,0,45.13434354,-112.89846940000001,30001.0,740.5056595789696,1.4285714285714286,69,70,1,0,69,70,9404,0,0,0,0,0
2020-08-29,US,Montana,Big Horn,652,15,0,45.42335905,-107.492347,30003.0,4895.262407087619,2.3006134969325154,637,630,15,0,615,623,13338,22,0,0,22,7
2020-08-29,US,Montana,Blaine,15,0,0,48.43175214,-108.9582723,30005.0,224.51728783116297,0.0,15,15,0,0,15,15,6807,0,0,0,0,0
2020-08-29,US,Montana,Broadwater,16,0,0,46.33277565,-111.49558130000001,30007.0,256.5335898669232,0.0,16,16,0,0,16,16,6085,0,0,0,0,0
2020-08-29,US,Montana,Carbon,86,0,0,45.22850116,-109.0274047,30009.0,801.8648018648017,0.0,86,86,0,0,86,85,10714,0,0,0,0,1
2020-08-29,US,Montana,Cascade,280,5,0,47.30797024,-111.3467922,30013.0,344.1240813116044,1.7857142857142858,275,265,5,0,260,262,81643,15,0,0,15,3
2020-08-29,US,Montana,Chouteau,10,0,0,47.88084126,-110.4353362,30015.0,177.4622892635315,0.0,10,10,0,0,10,10,5745,0,0,0,0,0
2020-08-29,US,Montana,Custer,66,2,0,46.25319932,-105.57375259999998,30017.0,578.8458165234169,3.0303030303030303,64,67,2,0,65,66,11586,-1,0,0,-1,1
2020-08-29,US,Montana,Daniels,3,0,0,48.78420029,-105.54763429999998,30019.0,177.5147928994083,0.0,3,3,0,0,3,3,1747,0,0,0,0,0
2020-08-29,US,Montana,Dawson,40,0,0,47.26584855,-104.89444170000002,30021.0,464.4142575177058,0.0,40,39,0,0,39,36,8680,1,0,0,1,3
2020-08-29,US,Montana,Deer Lodge,33,0,0,46.05953325,-113.073353,30023.0,361.05032822757113,0.0,33,33,0,0,33,34,9131,0,0,0,0,-1
2020-08-29,US,Montana,Fallon,2,0,0,46.33478338,-104.41835649999999,30025.0,70.27406886858749,0.0,2,2,0,0,2,2,2920,0,0,0,0,0
2020-08-29,US,Montana,Fergus,31,0,0,47.26331584,-109.2245206,30027.0,280.5429864253394,0.0,31,32,0,0,32,26,11113,-1,0,0,-1,6
2020-08-29,US,Montana,Flathead,585,7,0,48.29575866,-114.05205690000001,30029.0,563.5512398127275,1.1965811965811963,578,557,4,0,553,545,102106,28,3,0,25,12
2020-08-29,US,Montana,Gallatin,1069,3,0,45.54486106,-111.1692571,30031.0,934.1629236066203,0.2806361085126286,1066,1051,3,0,1048,1046,111876,18,0,0,18,5
2020-08-29,US,Montana,Garfield,13,0,0,47.27545948,-107.0002351,30033.0,1033.3863275039746,0.0,13,12,0,0,12,12,1268,1,0,0,1,0
2020-08-29,US,Montana,Glacier,135,1,0,48.70513576,-112.9934235,30035.0,981.6040136697447,0.7407407407407407,134,135,1,0,134,128,13747,0,0,0,0,7
2020-08-29,US,Montana,Golden Valley,3,0,0,46.3816474,-109.17685220000001,30037.0,365.4080389768576,0.0,3,3,0,0,3,3,826,0,0,0,0,0
2020-08-29,US,Montana,Granite,19,0,0,46.40605220000001,-113.4414186,30039.0,562.2965374371116,0.0,19,18,0,0,18,18,3378,1,0,0,1,0
2020-08-29,US,Montana,Hill,81,2,0,48.62879827,-110.1129252,30041.0,491.38558602281,2.469135802469136,79,79,2,0,77,76,16347,2,0,0,2,3
2020-08-29,US,Montana,Jefferson,39,0,0,46.14907081,-112.094396,30043.0,319.1228213730464,0.0,39,38,0,0,38,38,12097,1,0,0,1,0
2020-08-29,US,Montana,Judith Basin,6,0,0,47.04581276,-110.26606880000001,30045.0,298.95366218236165,0.0,6,5,0,0,5,5,1952,1,0,0,1,0
2020-08-29,US,Montana,Lake,202,1,0,47.64514965,-114.0898013,30047.0,663.2083524853898,0.4950495049504951,201,199,1,0,198,199,30250,3,0,0,3,0
2020-08-29,US,Montana,Lewis and Clark,196,2,0,47.12610041,-112.39469799999999,30049.0,282.290586473096,1.020408163265306,194,195,2,0,193,194,68700,1,0,0,1,1
2020-08-29,US,Montana,Liberty,5,0,0,48.56084317,-111.02430700000001,30051.0,213.9495079161317,0.0,5,5,0,0,5,5,2430,0,0,0,0,0
2020-08-29,US,Montana,Lincoln,89,2,0,48.54265777,-115.4046155,30053.0,445.4454454454454,2.247191011235955,87,89,2,0,87,87,19794,0,0,0,0,2
2020-08-29,US,Montana,Madison,92,1,0,45.30080065,-111.9173017,30057.0,1069.7674418604652,1.0869565217391304,91,92,1,0,91,92,8768,0,0,0,0,0
2020-08-29,US,Montana,McCone,11,0,0,47.64469406,-105.79449939999999,30055.0,661.0576923076923,0.0,11,8,0,0,8,8,1675,3,0,0,3,0
2020-08-29,US,Montana,Meagher,4,0,0,46.59907074,-110.8898557,30059.0,214.8227712137487,0.0,4,4,0,0,4,4,1866,0,0,0,0,0
2020-08-29,US,Montana,Mineral,2,0,0,47.15283992,-115.00152390000001,30061.0,45.48555833522857,0.0,2,2,0,0,2,2,4316,0,0,0,0,0
2020-08-29,US,Montana,Missoula,431,3,0,47.03728583,-113.92135079999998,30063.0,360.36789297658856,0.6960556844547564,428,427,3,0,424,416,118791,4,0,0,4,11
2020-08-29,US,Montana,Musselshell,10,0,0,46.49684637,-108.39498,30065.0,215.8428663932657,0.0,10,9,0,0,9,8,4651,1,0,0,1,1
2020-08-29,US,Montana,Park,63,0,0,45.48965095,-110.52643940000002,30067.0,379.3809466457907,0.0,63,63,0,0,63,63,16736,0,0,0,0,0
2020-08-29,US,Montana,Phillips,110,0,0,48.25936577,-107.9128511,30071.0,2781.99291856348,0.0,110,110,0,0,110,110,4074,0,0,0,0,0
2020-08-29,US,Montana,Pondera,15,0,0,48.22773388,-112.22527029999999,30073.0,253.76416849940787,0.0,15,15,0,0,15,15,5972,0,0,0,0,0
2020-08-29,US,Montana,Powder River,2,0,0,45.39617714,-105.636738,30075.0,118.90606420927469,0.0,2,2,0,0,2,2,1716,0,0,0,0,0
2020-08-29,US,Montana,Powell,10,0,0,46.85538891,-112.93591640000001,30077.0,145.1378809869376,0.0,10,10,0,0,10,10,6968,0,0,0,0,0
2020-08-29,US,Montana,Prairie,1,0,0,46.86048047,-105.379384,30079.0,92.85051067780873,0.0,1,1,0,0,1,1,1087,0,0,0,0,0
2020-08-29,US,Montana,Ravalli,107,2,0,46.08520862,-114.11891640000002,30081.0,244.258777336438,1.8691588785046729,105,104,2,0,102,99,43172,3,0,0,3,5
2020-08-29,US,Montana,Richland,58,2,0,47.78668011,-104.5610786,30083.0,536.8879015088402,3.4482758620689653,56,57,2,0,55,56,10913,1,0,0,1,1
2020-08-29,US,Montana,Roosevelt,34,1,0,48.29607488,-105.00792679999999,30085.0,308.9785532533624,2.9411764705882355,33,34,1,0,33,34,11059,0,0,0,0,0
2020-08-29,US,Montana,Rosebud,232,2,0,46.23397237,-106.72928799999998,30087.0,2595.949423743986,0.8620689655172413,230,205,2,0,203,195,9063,27,0,0,27,10
2020-08-29,US,Montana,Sanders,31,0,0,47.67657534,-115.1329916,30089.0,255.9233880954346,0.0,31,31,0,0,31,31,11844,0,0,0,0,0
2020-08-29,US,Montana,Sheridan,5,0,0,48.72085833,-104.50382900000001,30091.0,151.1030522816561,0.0,5,5,0,0,5,5,3424,0,0,0,0,0
2020-08-29,US,Montana,Silver Bow,111,0,0,45.90018933,-112.6620092,30093.0,317.9149362738078,0.0,111,111,0,0,111,111,34993,0,0,0,0,0
2020-08-29,US,Montana,Stillwater,36,2,0,45.67071407,-109.3950061,30095.0,373.366521468575,5.5555555555555545,34,36,2,0,34,34,9534,0,0,0,0,2
2020-08-29,US,Montana,Sweet Grass,12,1,0,45.81367654,-109.9425686,30097.0,321.1131924003211,8.333333333333334,11,10,1,0,9,10,3710,2,0,0,2,0
2020-08-29,US,Montana,Teton,18,0,0,47.83741052,-112.24106880000001,30099.0,292.8257686676428,0.0,18,18,0,0,18,18,6162,0,0,0,0,0
2020-08-29,US,Montana,Toole,47,6,0,48.65577551,-111.69424140000001,30101.0,992.3986486486486,12.76595744680851,41,47,6,0,41,47,4853,0,0,0,0,0
2020-08-29,US,Montana,Treasure,3,0,0,46.20973220000001,-107.26665159999999,30103.0,431.0344827586207,0.0,3,3,0,0,3,3,679,0,0,0,0,0
2020-08-29,US,Montana,Valley,40,0,0,48.36435097,-106.6669635,30105.0,540.8328826392644,0.0,40,39,0,0,39,37,7437,1,0,0,1,2
2020-08-29,US,Montana,Wheatland,3,0,0,46.46652491,-109.84646359999999,30107.0,141.11006585136406,0.0,3,3,0,0,3,3,2236,0,0,0,0,0
2020-08-29,US,Montana,Wibaux,5,0,0,46.95925154,-104.2510927,30109.0,515.9958720330237,0.0,5,5,0,0,5,5,1034,0,0,0,0,0
2020-08-29,US,Montana,Yellowstone,2012,43,0,45.93955949,-108.26914860000001,30111.0,1247.3651580905146,2.137176938369781,1969,1958,42,0,1916,1906,160137,54,1,0,53,52
2020-08-29,US,Nebraska,Adams,401,11,0,40.52449420000001,-98.50117804,31001.0,1278.576666772949,2.743142144638404,390,399,11,0,388,396,31511,2,0,0,2,3
2020-08-29,US,Nebraska,Antelope,24,1,0,42.17695516,-98.06662829999999,31003.0,381.07335662114957,4.166666666666667,23,24,1,0,23,24,6336,0,0,0,0,0
2020-08-29,US,Nebraska,Arthur,1,0,0,41.56896142,-101.6959559,31005.0,215.98272138228938,0.0,1,1,0,0,1,1,465,0,0,0,0,0
2020-08-29,US,Nebraska,Banner,2,0,0,41.54634427,-103.7114332,31007.0,268.4563758389262,0.0,2,2,0,0,2,2,730,0,0,0,0,0
2020-08-29,US,Nebraska,Boone,22,0,0,41.70759415,-98.06737183,31011.0,423.72881355932196,0.0,22,22,0,0,22,21,5239,0,0,0,0,1
2020-08-29,US,Nebraska,Box Butte,23,0,0,42.22079243,-103.08788340000001,31013.0,213.2987109338774,0.0,23,23,0,0,23,21,10772,0,0,0,0,2
2020-08-29,US,Nebraska,Boyd,10,0,0,42.899727399999996,-98.76486568,31015.0,521.1047420531527,0.0,10,10,0,0,10,10,1955,0,0,0,0,0
2020-08-29,US,Nebraska,Brown,3,0,0,42.43018907,-99.92904055,31017.0,101.5228426395939,0.0,3,3,0,0,3,3,2973,0,0,0,0,0
2020-08-29,US,Nebraska,Buffalo,664,3,0,40.85486962,-99.07500296,31019.0,1337.1191526208745,0.4518072289156626,661,654,3,0,651,632,49615,10,0,0,10,22
2020-08-29,US,Nebraska,Burt,64,0,0,41.85056773,-96.32605633,31021.0,990.8654590493884,0.0,64,63,0,0,63,62,6488,1,0,0,1,1
2020-08-29,US,Nebraska,Butler,94,0,0,41.22703692,-97.13106306,31023.0,1172.6546906187625,0.0,94,83,0,0,83,79,8058,11,0,0,11,4
2020-08-29,US,Nebraska,Cass,251,2,0,40.90899107,-96.13971217,31025.0,956.2633343492836,0.796812749003984,249,250,2,0,248,250,26159,1,0,0,1,0
2020-08-29,US,Nebraska,Cedar,45,0,0,42.598885100000004,-97.25311951,31027.0,535.586765055939,0.0,45,45,0,0,45,45,8446,0,0,0,0,0
2020-08-29,US,Nebraska,Chase,11,0,0,40.523719799999995,-101.69780259999999,31029.0,280.32619775739045,0.0,11,11,0,0,11,11,3977,0,0,0,0,0
2020-08-29,US,Nebraska,Cherry,19,0,0,42.54502621,-101.1244332,31031.0,333.9778519950782,0.0,19,19,0,0,19,9,5761,0,0,0,0,10
2020-08-29,US,Nebraska,Cheyenne,28,0,0,41.21999357,-102.9941693,31033.0,314.25364758698095,0.0,28,28,0,0,28,28,9310,0,0,0,0,0
2020-08-29,US,Nebraska,Clay,57,0,0,40.52439441,-98.05126296,31035.0,918.9102047396422,0.0,57,57,0,0,57,55,6214,0,0,0,0,2
2020-08-29,US,Nebraska,Colfax,722,5,0,41.57486951,-97.0868542,31037.0,6741.99271640676,0.6925207756232687,717,721,5,0,716,718,10881,1,0,0,1,3
2020-08-29,US,Nebraska,Cuming,81,0,0,41.91637624,-96.78730772,31039.0,915.6680985756276,0.0,81,79,0,0,79,78,8940,2,0,0,2,1
2020-08-29,US,Nebraska,Custer,73,4,0,41.39374521,-99.72805369,31041.0,677.3684698895796,5.479452054794519,69,72,4,0,68,69,10840,1,0,0,1,3
2020-08-29,US,Nebraska,Dakota,1992,42,0,42.39040144,-96.56656425,31043.0,9947.06881054629,2.108433734939759,1950,1986,42,0,1944,1977,20083,6,0,0,6,9
2020-08-29,US,Nebraska,Dawes,73,0,0,42.71985036,-103.1313774,31045.0,849.9243218069624,0.0,73,71,0,0,71,65,8716,2,0,0,2,6
2020-08-29,US,Nebraska,Dawson,1001,10,0,40.87028216,-99.82014609999999,31047.0,4242.424242424242,0.999000999000999,991,998,9,0,989,995,23709,3,1,0,2,3
2020-08-29,US,Nebraska,Deuel,2,0,0,41.11168186,-102.33333309999999,31049.0,111.48272017837236,0.0,2,2,0,0,2,2,1825,0,0,0,0,0
2020-08-29,US,Nebraska,Dixon,61,2,0,42.49188363,-96.86782408,31051.0,1082.3278921220724,3.278688524590164,59,60,2,0,58,58,5709,1,0,0,1,2
2020-08-29,US,Nebraska,Dodge,904,11,0,41.58071748,-96.65598179,31053.0,2472.3095856693562,1.2168141592920354,893,896,11,0,885,892,36791,8,0,0,8,4
2020-08-29,US,Nebraska,Douglas,13338,155,0,41.29518299,-96.15085305,31055.0,2334.564968923226,1.1620932673564253,13183,13207,155,0,13052,13095,566880,131,0,0,131,112
2020-08-29,US,Nebraska,Dundy,7,0,0,40.17638677,-101.6876522,31057.0,413.4672179562906,0.0,7,7,0,0,7,5,1770,0,0,0,0,2
2020-08-29,US,Nebraska,Fillmore,31,1,0,40.52458567,-97.59646937,31059.0,567.557671182717,3.2258064516129035,30,31,1,0,30,31,5527,0,0,0,0,0
2020-08-29,US,Nebraska,Franklin,19,0,0,40.17636348,-98.95299073,31061.0,637.7979187646863,0.0,19,18,0,0,18,18,3023,1,0,0,1,0
2020-08-29,US,Nebraska,Frontier,6,0,0,40.52993007,-100.3924658,31063.0,228.39741149600303,0.0,6,6,0,0,6,6,2608,0,0,0,0,0
2020-08-29,US,Nebraska,Furnas,26,1,0,40.17642064,-99.91247454,31065.0,556.0307955517536,3.8461538461538463,25,23,1,0,22,20,4715,3,0,0,3,3
2020-08-29,US,Nebraska,Gage,130,4,0,40.26186809,-96.68946704,31067.0,604.2857806907451,3.0769230769230766,126,126,4,0,122,125,21493,4,0,0,4,1
2020-08-29,US,Nebraska,Garden,7,0,0,41.61703149,-102.3313973,31069.0,381.05606967882414,0.0,7,7,0,0,7,7,1897,0,0,0,0,0
2020-08-29,US,Nebraska,Garfield,6,0,0,41.91428955,-98.99111827,31071.0,304.7232097511427,0.0,6,6,0,0,6,6,1987,0,0,0,0,0
2020-08-29,US,Nebraska,Gosper,23,0,0,40.51481965,-99.83020279,31073.0,1155.7788944723618,0.0,23,23,0,0,23,23,1996,0,0,0,0,0
2020-08-29,US,Nebraska,Greeley,12,0,0,41.56742671,-98.52150266,31077.0,509.3378607809847,0.0,12,12,0,0,12,11,2356,0,0,0,0,1
2020-08-29,US,Nebraska,Hall,1838,46,0,40.87257079,-98.50218293,31079.0,2995.778527537366,2.5027203482045697,1792,1830,46,0,1784,1823,61607,8,0,0,8,7
2020-08-29,US,Nebraska,Hamilton,106,12,0,40.87349452,-98.02099117,31081.0,1136.8511368511367,11.320754716981131,94,104,12,0,92,103,9280,2,0,0,2,1
2020-08-29,US,Nebraska,Harlan,4,0,0,40.17658508,-99.40438879,31083.0,118.3431952662722,0.0,4,4,0,0,4,4,3401,0,0,0,0,0
2020-08-29,US,Nebraska,Hitchcock,2,0,0,40.17609175,-101.04164770000001,31087.0,72.41129616220131,0.0,2,2,0,0,2,2,2806,0,0,0,0,0
2020-08-29,US,Nebraska,Holt,20,0,0,42.45522056,-98.78402558,31089.0,198.6689182477401,0.0,20,19,0,0,19,19,10178,1,0,0,1,0
2020-08-29,US,Nebraska,Hooker,4,0,0,41.91586243,-101.1354293,31091.0,586.5102639296188,0.0,4,4,0,0,4,4,682,0,0,0,0,0
2020-08-29,US,Nebraska,Howard,64,5,0,41.2200529,-98.5166499,31093.0,993.0178432893716,7.8125,59,64,5,0,59,62,6468,0,0,0,0,2
2020-08-29,US,Nebraska,Jefferson,19,0,0,40.17584531,-97.142601,31095.0,269.6565427192733,0.0,19,19,0,0,19,19,7097,0,0,0,0,0
2020-08-29,US,Nebraska,Johnson,23,0,0,40.39257596,-96.26522753,31097.0,453.5594557286531,0.0,23,22,0,0,22,22,5134,1,0,0,1,0
2020-08-29,US,Nebraska,Kearney,108,0,0,40.50663314,-98.94877182,31099.0,1662.8175519630483,0.0,108,108,0,0,108,105,6544,0,0,0,0,3
2020-08-29,US,Nebraska,Keith,46,0,0,41.19930341,-101.66201640000001,31101.0,572.5665919840677,0.0,46,46,0,0,46,47,8021,0,0,0,0,-1
2020-08-29,US,Nebraska,Keya Paha,1,0,0,42.87990694,-99.71343729,31103.0,124.06947890818859,0.0,1,1,0,0,1,1,810,0,0,0,0,0
2020-08-29,US,Nebraska,Kimball,15,0,0,41.19774275,-103.7148131,31105.0,412.9955947136564,0.0,15,15,0,0,15,15,3618,0,0,0,0,0
2020-08-29,US,Nebraska,Knox,63,0,0,42.63758421,-97.89178836,31107.0,756.1209793566969,0.0,63,62,0,0,62,60,8419,1,0,0,1,2
2020-08-29,US,Nebraska,Lancaster,3912,21,0,40.78416049,-96.68777155,31109.0,1225.9863988216493,0.5368098159509203,3891,3860,21,0,3839,3796,317272,52,0,0,52,64
2020-08-29,US,Nebraska,Lincoln,269,2,0,41.04658298,-100.74753740000001,31111.0,770.4645700864983,0.7434944237918215,267,267,2,0,265,265,35185,2,0,0,2,2
2020-08-29,US,Nebraska,Logan,3,0,0,41.56650314,-100.4817851,31113.0,401.06951871657753,0.0,3,3,0,0,3,3,749,0,0,0,0,0
2020-08-29,US,Nebraska,Loup,1,0,0,41.91371961,-99.45440415,31115.0,150.60240963855418,0.0,1,1,0,0,1,1,618,0,0,0,0,0
2020-08-29,US,Nebraska,Madison,576,5,0,41.91676024,-97.6005481,31119.0,1641.0723952249352,0.8680555555555556,571,573,5,0,568,568,35392,3,0,0,3,5
2020-08-29,US,Nebraska,McPherson,6,0,0,41.56797682,-101.05993620000001,31117.0,1214.5748987854256,0.0,6,6,0,0,6,6,492,0,0,0,0,0
2020-08-29,US,Nebraska,Merrick,65,1,0,41.16624273,-98.0374887,31121.0,838.1689232753063,1.5384615384615383,64,65,1,0,64,63,7733,0,0,0,0,2
2020-08-29,US,Nebraska,Morrill,64,0,0,41.71711774,-103.0061405,31123.0,1378.7160706591985,0.0,64,64,0,0,64,64,4686,0,0,0,0,0
2020-08-29,US,Nebraska,Nance,11,0,0,41.39750195,-97.99327291,31125.0,312.588803637397,0.0,11,11,0,0,11,11,3532,0,0,0,0,0
2020-08-29,US,Nebraska,Nemaha,77,0,0,40.38514847,-95.85433992,31127.0,1104.4176706827307,0.0,77,77,0,0,77,75,6958,0,0,0,0,2
2020-08-29,US,Nebraska,Nuckolls,10,0,0,40.17637905,-98.04743961,31129.0,241.08003857280616,0.0,10,10,0,0,10,9,4195,0,0,0,0,1
2020-08-29,US,Nebraska,Otoe,112,1,0,40.64843556,-96.13374142,31131.0,699.4753934549087,0.8928571428571429,111,109,1,0,108,105,15985,3,0,0,3,4
2020-08-29,US,Nebraska,Pawnee,10,0,0,40.13141096,-96.23705437,31133.0,382.70187523918884,0.0,10,10,0,0,10,10,2632,0,0,0,0,0
2020-08-29,US,Nebraska,Perkins,29,7,0,40.85082525,-101.6502942,31135.0,1003.1131096506399,24.13793103448276,22,29,7,0,22,29,2929,0,0,0,0,0
2020-08-29,US,Nebraska,Phelps,65,0,0,40.51156033,-99.41461667,31137.0,719.5040956386982,0.0,65,65,0,0,65,59,8996,0,0,0,0,6
2020-08-29,US,Nebraska,Pierce,60,2,0,42.26434853,-97.60122773,31139.0,839.3956351426973,3.333333333333333,58,59,2,0,57,60,7142,1,0,0,1,-1
2020-08-29,US,Nebraska,Platte,853,3,0,41.57246836,-97.52144359,31141.0,2548.5509411413204,0.3516998827667057,850,848,3,0,845,842,33363,5,0,0,5,6
2020-08-29,US,Nebraska,Polk,33,0,0,41.18813488,-97.56630712,31143.0,633.0328026088624,0.0,33,32,0,0,32,32,5278,1,0,0,1,0
2020-08-29,US,Nebraska,Red Willow,18,0,0,40.17556879999999,-100.476998,31145.0,167.84781797836632,0.0,18,18,0,0,18,18,10726,0,0,0,0,0
2020-08-29,US,Nebraska,Richardson,33,1,0,40.1247415,-95.71755036,31147.0,419.58041958041963,3.0303030303030303,32,32,1,0,31,31,7937,1,0,0,1,1
2020-08-29,US,Nebraska,Rock,7,0,0,42.42252217,-99.44832069,31149.0,515.8437730287399,0.0,7,6,0,0,6,5,1360,1,0,0,1,1
2020-08-29,US,Nebraska,Saline,631,2,0,40.52418865,-97.14085859,31151.0,4436.164229471317,0.31695721077654515,629,630,2,0,628,627,14350,1,0,0,1,3
2020-08-29,US,Nebraska,Sarpy,2812,15,0,41.11314181,-96.11156432,31153.0,1502.1688497617472,0.5334281650071123,2797,2772,15,0,2757,2753,184459,40,0,0,40,19
2020-08-29,US,Nebraska,Saunders,219,2,0,41.227810299999994,-96.63773905,31155.0,1014.9226063583279,0.9132420091324199,217,214,2,0,212,209,21303,5,0,0,5,5
2020-08-29,US,Nebraska,Scotts Bluff,355,6,0,41.85070896,-103.70809859999999,31157.0,996.6870683362345,1.6901408450704225,349,354,6,0,348,351,35989,1,0,0,1,3
2020-08-29,US,Nebraska,Seward,163,2,0,40.87241834,-97.139673,31159.0,943.0687340893312,1.2269938650306749,161,162,2,0,160,157,17318,1,0,0,1,5
2020-08-29,US,Nebraska,Sheridan,21,0,0,42.50284406,-102.4126613,31161.0,400.3049942813572,0.0,21,21,0,0,21,20,5190,0,0,0,0,1
2020-08-29,US,Nebraska,Sherman,15,1,0,41.22045983,-98.97588642,31163.0,499.8333888703766,6.666666666666668,14,15,1,0,14,15,3038,0,0,0,0,0
2020-08-29,US,Nebraska,Sioux,6,0,0,42.48932059,-103.7576544,31165.0,514.5797598627787,0.0,6,6,0,0,6,6,1187,0,0,0,0,0
2020-08-29,US,Nebraska,Stanton,33,0,0,41.9169835,-97.19394708,31167.0,557.4324324324324,0.0,33,33,0,0,33,33,5970,0,0,0,0,0
2020-08-29,US,Nebraska,Thayer,27,0,0,40.17626377,-97.59504381,31169.0,539.6761942834298,0.0,27,27,0,0,27,27,5039,0,0,0,0,0
2020-08-29,US,Nebraska,Thomas,3,0,0,41.91358968,-100.5556632,31171.0,415.51246537396116,0.0,3,3,0,0,3,4,720,0,0,0,0,-1
2020-08-29,US,Nebraska,Thurston,220,4,0,42.15725356,-96.54157099,31173.0,3045.404208194906,1.818181818181818,216,219,4,0,215,218,7303,1,0,0,1,1
2020-08-29,US,Nebraska,Unassigned,122,1,0,0.0,0.0,90031.0,0.0,0.819672131147541,121,125,2,0,123,134,,-3,-1,0,-2,-9
2020-08-29,US,Nebraska,Valley,18,0,0,41.56730777,-98.98197724,31175.0,432.9004329004329,0.0,18,18,0,0,18,18,4190,0,0,0,0,0
2020-08-29,US,Nebraska,Washington,173,1,0,41.52815707,-96.22019892,31177.0,834.5795745091417,0.5780346820809249,172,173,1,0,172,171,20667,0,0,0,0,2
2020-08-29,US,Nebraska,Wayne,52,0,0,42.20934475,-97.11926964,31179.0,554.075652637187,0.0,52,51,0,0,51,48,9403,1,0,0,1,3
2020-08-29,US,Nebraska,Webster,13,0,0,40.17642643,-98.50019851,31181.0,372.8133065672498,0.0,13,13,0,0,13,13,3533,0,0,0,0,0
2020-08-29,US,Nebraska,Wheeler,1,0,0,41.91482725,-98.52798941,31183.0,127.7139208173691,0.0,1,1,0,0,1,1,805,0,0,0,0,0
2020-08-29,US,Nebraska,York,109,0,0,40.87272618,-97.59710186,31185.0,796.8418744060239,0.0,109,109,0,0,109,108,13772,0,0,0,0,1
2020-08-29,US,Nevada,Carson City,424,8,0,39.15509045,-119.7480219,32510.0,758.2802775591962,1.8867924528301887,416,419,8,0,411,417,55414,5,0,0,5,2
2020-08-29,US,Nevada,Churchill,84,1,0,39.58105744,-118.3394607,32001.0,337.22750812959174,1.1904761904761905,83,84,1,0,83,84,24440,0,0,0,0,0
2020-08-29,US,Nevada,Clark,58789,1126,0,36.21458855,-115.0130241,32003.0,2593.5770487246964,1.9153242953613767,57663,58292,1111,0,57181,57756,2231647,497,15,0,482,536
2020-08-29,US,Nevada,Douglas,242,1,0,38.912862,-119.61713329999999,32005.0,494.8369287393927,0.4132231404958678,241,235,1,0,234,235,48467,7,0,0,7,0
2020-08-29,US,Nevada,Elko,792,4,0,41.14531606,-115.3577619,32007.0,1500.6252605252191,0.5050505050505051,788,777,4,0,773,761,52460,15,0,0,15,16
2020-08-29,US,Nevada,Eureka,5,0,0,39.98100864,-116.26832040000001,32011.0,246.4268112370626,0.0,5,5,0,0,5,5,2003,0,0,0,0,0
2020-08-29,US,Nevada,Humboldt,111,4,0,41.40692186,-118.11094270000001,32013.0,659.4973560691581,3.603603603603604,107,111,4,0,107,109,16786,0,0,0,0,2
2020-08-29,US,Nevada,Lander,59,1,0,39.933223299999995,-117.03970749999999,32015.0,1066.522053506869,1.6949152542372878,58,59,1,0,58,59,5575,0,0,0,0,0
2020-08-29,US,Nevada,Lincoln,6,0,0,37.64268459,-114.8790388,32017.0,115.76307158016591,0.0,6,6,0,0,6,6,5201,0,0,0,0,0
2020-08-29,US,Nevada,Lyon,318,6,0,39.01777974,-119.18704790000001,32019.0,552.9473135106938,1.8867924528301887,312,311,6,0,305,310,55808,7,0,0,7,1
2020-08-29,US,Nevada,Mineral,12,0,0,38.53841696,-118.4344506,32021.0,266.37069922308547,0.0,12,12,0,0,12,12,4514,0,0,0,0,0
2020-08-29,US,Nevada,Nye,467,14,0,38.04264256,-116.47227020000001,32023.0,1003.804569782688,2.9978586723768736,453,467,14,0,453,466,45346,0,0,0,0,1
2020-08-29,US,Nevada,Pershing,19,0,0,40.44003782,-118.40056409999998,32027.0,282.52788104089217,0.0,19,19,0,0,19,18,6666,0,0,0,0,1
2020-08-29,US,Nevada,Storey,6,0,0,39.44875482,-119.5250207,32029.0,145.52510308028138,0.0,6,6,0,0,6,6,4029,0,0,0,0,0
2020-08-29,US,Nevada,Washoe,7102,136,0,40.66562265,-119.6631594,32031.0,1506.1959327195725,1.9149535342157136,6966,7024,136,0,6888,6951,465735,78,0,0,78,73
2020-08-29,US,Nevada,White Pine,25,1,0,39.44157041,-114.89996599999999,32033.0,260.9603340292276,4.0,24,25,1,0,24,25,9475,0,0,0,0,0
2020-08-29,US,New Hampshire,Belknap,125,4,0,43.51637314,-71.41684235,33001.0,203.9051922418153,3.2,121,123,4,0,119,123,61022,2,0,0,2,0
2020-08-29,US,New Hampshire,Carroll,104,1,0,43.87498583,-71.20430216,33003.0,212.63545287262318,0.9615384615384616,103,104,1,0,103,104,48779,0,0,0,0,0
2020-08-29,US,New Hampshire,Cheshire,129,3,0,42.92015988,-72.25311043,33005.0,169.54721692843532,2.3255813953488373,126,125,3,0,122,123,76493,4,0,0,4,2
2020-08-29,US,New Hampshire,Coos,18,0,0,44.69063265,-71.30633239,33007.0,57.0287995437696,0.0,18,18,0,0,18,18,31589,0,0,0,0,0
2020-08-29,US,New Hampshire,Grafton,113,1,0,43.93779815,-71.82057197,33009.0,125.71479429499588,0.8849557522123894,112,113,1,0,112,112,89786,0,0,0,0,1
2020-08-29,US,New Hampshire,Hillsborough,4024,286,0,42.91537785,-71.7200253,33011.0,964.9301600623463,7.107355864811133,3738,4010,286,0,3724,4001,415247,14,0,0,14,9
2020-08-29,US,New Hampshire,Merrimack,499,23,0,43.29662971,-71.6811573,33013.0,329.6100825016018,4.609218436873747,476,497,23,0,474,497,151132,2,0,0,2,0
2020-08-29,US,New Hampshire,Rockingham,1802,100,0,42.98499744,-71.12883377,33015.0,581.7238006385403,5.549389567147614,1702,1794,100,0,1694,1787,309176,8,0,0,8,7
2020-08-29,US,New Hampshire,Strafford,382,13,0,43.291833000000004,-71.02336013,33017.0,292.4222822717078,3.4031413612565444,369,382,13,0,369,379,130090,0,0,0,0,3
2020-08-29,US,New Hampshire,Sullivan,47,1,0,43.36094111,-72.22203125,33019.0,108.93246187363836,2.127659574468085,46,47,1,0,46,47,43144,0,0,0,0,0
2020-08-29,US,New Hampshire,Unassigned,3,0,0,0.0,0.0,90033.0,0.0,0.0,3,3,0,0,3,3,,0,0,0,0,0
2020-08-29,US,New Jersey,Atlantic,3729,251,0,39.47538693,-74.65848483,34001.0,1414.2678347934918,6.731027085009386,3478,3720,251,0,3469,3707,265429,9,0,0,9,13
2020-08-29,US,New Jersey,Bergen,21520,2032,0,40.96010917,-74.07164325,34003.0,2308.512532691412,9.442379182156133,19488,21474,2032,0,19442,21454,936692,46,0,0,46,20
2020-08-29,US,New Jersey,Burlington,6370,481,0,39.87681124,-74.66927768,34005.0,1430.3389027481815,7.551020408163265,5889,6354,481,0,5873,6327,445384,16,0,0,16,27
2020-08-29,US,New Jersey,Camden,9116,590,0,39.80343818,-74.96388753,34007.0,1799.9056214472305,6.472136902150066,8526,9093,590,0,8503,9054,507078,23,0,0,23,39
2020-08-29,US,New Jersey,Cape May,894,94,0,39.15008829,-74.80170244,34009.0,971.3273720922654,10.51454138702461,800,894,94,0,800,888,92560,0,0,0,0,6
2020-08-29,US,New Jersey,Cumberland,3545,155,0,39.37199394,-75.10712559,34011.0,2370.8092852795817,4.372355430183357,3390,3542,155,0,3387,3530,150972,3,0,0,3,12
2020-08-29,US,New Jersey,Essex,20276,2112,0,40.78681335,-74.24657979,34013.0,2537.751494101818,10.416255671730122,18164,20260,2111,0,18149,20219,799767,16,1,0,15,41
2020-08-29,US,New Jersey,Gloucester,3656,219,0,39.71581067,-75.13995546,34015.0,1253.6175232138694,5.9901531728665205,3437,3634,219,0,3415,3610,291408,22,0,0,22,24
2020-08-29,US,New Jersey,Hudson,20116,1506,0,40.73766234,-74.07515667,34017.0,2991.711667764738,7.486577848478823,18610,20100,1506,0,18594,20088,676061,16,0,0,16,12
2020-08-29,US,New Jersey,Hunterdon,1213,124,0,40.56335249,-74.91284156,34019.0,975.3077485909096,10.222588623248145,1089,1209,124,0,1085,1206,124714,4,0,0,4,3
2020-08-29,US,New Jersey,Mercer,8315,626,0,40.28047017,-74.70479631,34021.0,2263.016084696405,7.528562838244138,7689,8310,625,0,7685,8303,369811,5,1,0,4,7
2020-08-29,US,New Jersey,Middlesex,18415,1418,0,40.43629879,-74.41426991,34023.0,2231.9534774356353,7.700244366005974,16997,18377,1417,0,16960,18361,829685,38,1,0,37,16
2020-08-29,US,New Jersey,Monmouth,10700,858,0,40.26549699,-74.22240686,34025.0,1729.1671716804435,8.018691588785046,9842,10669,857,0,9812,10647,621354,31,1,0,30,22
2020-08-29,US,New Jersey,Morris,7466,829,0,40.86095313,-74.54553709999998,34027.0,1517.9578932387235,11.103669970533085,6637,7455,829,0,6626,7442,494228,11,0,0,11,13
2020-08-29,US,New Jersey,Ocean,11132,1020,0,39.8895449,-74.28089251,34029.0,1833.3756048393732,9.162773984908373,10112,11092,1020,0,10072,11069,601651,40,0,0,40,23
2020-08-29,US,New Jersey,Passaic,18306,1245,0,41.03238628,-74.29954144,34031.0,3647.877949727595,6.801048836447067,17061,18275,1245,0,17030,18249,503310,31,0,0,31,26
2020-08-29,US,New Jersey,Salem,978,88,0,39.58719656,-75.34696629999998,34033.0,1567.684539552777,8.997955010224949,890,978,88,0,890,975,62607,0,0,0,0,3
2020-08-29,US,New Jersey,Somerset,5387,567,0,40.56465737,-74.61683016,34035.0,1637.714556719585,10.525338778540933,4820,5379,567,0,4812,5373,331164,8,0,0,8,6
2020-08-29,US,New Jersey,Sussex,1392,197,0,41.13891592,-74.69118243,34037.0,990.8319571778372,14.152298850574713,1195,1386,198,0,1188,1383,140799,6,-1,0,7,3
2020-08-29,US,New Jersey,Unassigned,337,0,0,0.0,0.0,90034.0,0.0,0.0,337,328,0,0,328,301,,9,0,0,9,27
2020-08-29,US,New Jersey,Union,17066,1350,0,40.65835409,-74.30680092,34039.0,3067.54310755454,7.910465252548928,15716,17052,1350,0,15702,17040,558067,14,0,0,14,12
2020-08-29,US,New Jersey,Warren,1391,171,0,40.85951833,-74.99556527,34041.0,1321.4017688354375,12.293314162473042,1220,1390,171,0,1219,1387,105779,1,0,0,1,3
2020-08-29,US,New Mexico,Bernalillo,5773,155,0,35.05163625,-106.6703554,35001.0,850.0694279811697,2.6849125238177725,5618,5743,153,0,5590,5721,678701,30,2,0,28,22
2020-08-29,US,New Mexico,Catron,5,1,0,33.91514144,-108.4046587,35003.0,141.7635384179189,20.0,4,5,1,0,4,5,3578,0,0,0,0,0
2020-08-29,US,New Mexico,Chaves,694,6,0,33.36406072,-104.4665365,35005.0,1074.0540122262632,0.8645533141210374,688,679,6,0,673,663,64689,15,0,0,15,16
2020-08-29,US,New Mexico,Cibola,397,20,0,34.91131525,-107.998876,35006.0,1488.2849109653234,5.037783375314862,377,396,20,0,376,396,26746,1,0,0,1,0
2020-08-29,US,New Mexico,Colfax,19,1,0,36.60569702,-104.64726740000002,35007.0,159.11565195544762,5.2631578947368425,18,19,1,0,18,19,12110,0,0,0,0,0
2020-08-29,US,New Mexico,Curry,667,3,0,34.57421077,-103.34688759999999,35009.0,1362.5035747844913,0.4497751124437781,664,660,3,0,657,655,49437,7,0,0,7,5
2020-08-29,US,New Mexico,Dona Ana,2813,41,0,32.35275771,-106.83293870000001,35013.0,1289.2137766676594,1.457518663348738,2772,2793,41,0,2752,2772,217522,20,0,0,20,21
2020-08-29,US,New Mexico,Eddy,482,5,0,32.47167456,-104.3053527,35015.0,824.4953814574068,1.037344398340249,477,476,5,0,471,466,57900,6,0,0,6,10
2020-08-29,US,New Mexico,Grant,79,2,0,32.73911281,-108.3827845,35017.0,292.6142677235352,2.5316455696202533,77,79,2,0,77,78,27346,0,0,0,0,1
2020-08-29,US,New Mexico,Guadalupe,32,1,0,34.86319296,-104.790669,35019.0,744.1860465116278,3.125,31,32,1,0,31,32,4341,0,0,0,0,0
2020-08-29,US,New Mexico,Harding,2,0,0,35.85751555,-103.82209379999999,35021.0,320.0,0.0,2,2,0,0,2,2,655,0,0,0,0,0
2020-08-29,US,New Mexico,Hidalgo,97,1,0,31.91383467,-108.7151824,35023.0,2310.624106717485,1.0309278350515465,96,97,1,0,96,97,4240,0,0,0,0,0
2020-08-29,US,New Mexico,Lea,1108,10,0,32.79215361,-103.4123733,35025.0,1559.026312086675,0.9025270758122744,1098,1097,10,0,1087,1084,69611,11,0,0,11,13
2020-08-29,US,New Mexico,Lincoln,166,2,0,33.74526079,-105.4586166,35027.0,848.1504189658696,1.2048192771084338,164,166,2,0,164,166,19556,0,0,0,0,0
2020-08-29,US,New Mexico,Los Alamos,27,0,0,35.86631386,-106.31349850000001,35028.0,139.39800712478706,0.0,27,27,0,0,27,25,19101,0,0,0,0,2
2020-08-29,US,New Mexico,Luna,314,5,0,32.18179341,-107.75088259999998,35029.0,1324.3915812560629,1.5923566878980893,309,311,5,0,306,307,23963,3,0,0,3,4
2020-08-29,US,New Mexico,McKinley,4193,242,0,35.58007720000001,-108.262245,35031.0,5875.2644779800185,5.77152396851896,3951,4178,242,0,3936,4170,72290,15,0,0,15,8
2020-08-29,US,New Mexico,Mora,6,0,0,36.01095101,-104.9497716,35033.0,132.71400132713998,0.0,6,6,0,0,6,6,4506,0,0,0,0,0
2020-08-29,US,New Mexico,Otero,218,12,0,32.61348406,-105.7417604,35035.0,323.010816417247,5.504587155963303,206,218,12,0,206,218,66781,0,0,0,0,0
2020-08-29,US,New Mexico,Quay,62,2,0,35.10403332,-103.54817270000001,35037.0,751.2419726160184,3.2258064516129035,60,60,2,0,58,60,8253,2,0,0,2,0
2020-08-29,US,New Mexico,Rio Arriba,353,12,0,36.51072137,-106.69316740000001,35039.0,906.9653914339302,3.39943342776204,341,353,12,0,341,353,39006,0,0,0,0,0
2020-08-29,US,New Mexico,Roosevelt,200,1,0,34.02097406,-103.4799493,35041.0,1081.081081081081,0.5,199,198,1,0,197,195,18743,2,0,0,2,3
2020-08-29,US,New Mexico,San Juan,3186,190,0,36.50838318,-108.32043700000001,35045.0,2570.2253989254423,5.96359070935342,2996,3177,190,0,2987,3167,125043,9,0,0,9,10
2020-08-29,US,New Mexico,San Miguel,78,0,0,35.48014807,-104.8163562,35047.0,285.9552003519449,0.0,78,77,0,0,77,77,27591,1,0,0,1,0
2020-08-29,US,New Mexico,Sandoval,1240,37,0,35.68862401,-106.86878030000001,35043.0,844.9859623299808,2.9838709677419355,1203,1236,37,0,1199,1234,145179,4,0,0,4,2
2020-08-29,US,New Mexico,Santa Fe,814,4,0,35.50708973,-105.9774716,35049.0,541.3745859881084,0.4914004914004914,810,809,4,0,805,806,150056,5,0,0,5,3
2020-08-29,US,New Mexico,Sierra,37,1,0,33.13028233,-107.1925893,35051.0,342.87832452970065,2.702702702702702,36,37,1,0,36,37,10968,0,0,0,0,0
2020-08-29,US,New Mexico,Socorro,77,6,0,34.00715494,-106.9298354,35053.0,462.8238264110117,7.792207792207793,71,77,6,0,71,77,16735,0,0,0,0,0
2020-08-29,US,New Mexico,Taos,115,2,0,36.58006022,-105.63101979999999,35055.0,351.43477065061273,1.7391304347826086,113,115,2,0,113,116,32835,0,0,0,0,-1
2020-08-29,US,New Mexico,Torrance,63,1,0,34.64048375,-105.8508949,35057.0,407.4768773041847,1.5873015873015872,62,63,1,0,62,63,15591,0,0,0,0,0
2020-08-29,US,New Mexico,Unassigned,1320,0,0,0.0,0.0,90035.0,0.0,0.0,1320,1319,0,0,1319,1318,,1,0,0,1,1
2020-08-29,US,New Mexico,Union,31,2,0,36.48126404,-103.4709624,35059.0,763.7349100763735,6.451612903225807,29,31,2,0,29,31,4118,0,0,0,0,0
2020-08-29,US,New Mexico,Valencia,510,4,0,34.71669834,-106.8103733,35061.0,665.0323388274568,0.7843137254901961,506,506,4,0,502,504,76456,4,0,0,4,2
2020-08-29,US,New York,Albany,2754,131,0,42.60060306,-73.97723916,36001.0,901.4552905671247,4.756717501815541,2623,2746,131,0,2615,2736,307117,8,0,0,8,10
2020-08-29,US,New York,Allegany,88,1,0,42.25748406,-78.02750466,36003.0,190.9266451150984,1.1363636363636365,87,87,1,0,86,87,46430,1,0,0,1,0
2020-08-29,US,New York,Broome,1286,69,0,42.15903158,-75.81326086,36007.0,675.1081432951157,5.36547433903577,1217,1283,69,0,1214,1274,191659,3,0,0,3,9
2020-08-29,US,New York,Cattaraugus,197,6,0,42.24778241,-78.67923096,36009.0,258.8120919111368,3.045685279187817,191,197,6,0,191,188,76840,0,0,0,0,9
2020-08-29,US,New York,Cayuga,177,2,0,42.91261714,-76.55731592,36011.0,231.14291684078563,1.1299435028248588,175,177,2,0,175,176,77145,0,0,0,0,1
2020-08-29,US,New York,Chautauqua,373,9,0,42.22769210000001,-79.36691763,36013.0,293.9252815142274,2.412868632707774,364,355,9,0,346,340,127939,18,0,0,18,15
2020-08-29,US,New York,Chemung,196,3,0,42.13891056,-76.7638805,36015.0,234.8542944785276,1.5306122448979589,193,196,3,0,193,194,84254,0,0,0,0,2
2020-08-29,US,New York,Chenango,225,7,0,42.49430041,-75.60887553,36017.0,476.62422945749563,3.111111111111111,218,224,7,0,217,224,47536,1,0,0,1,0
2020-08-29,US,New York,Clinton,150,5,0,44.74530905,-73.67875352,36019.0,186.37013108032554,3.333333333333333,145,149,5,0,144,148,80695,1,0,0,1,1
2020-08-29,US,New York,Columbia,569,37,0,42.24819348,-73.63089095,36021.0,956.9297522746001,6.502636203866433,532,568,37,0,531,568,59916,1,0,0,1,0
2020-08-29,US,New York,Cortland,98,0,0,42.59509207,-76.07048931,36023.0,205.9645656879847,0.0,98,98,0,0,98,98,47823,0,0,0,0,0
2020-08-29,US,New York,Delaware,112,4,0,42.19837623,-74.96709306,36025.0,253.76685170499604,3.571428571428572,108,112,4,0,108,110,44527,0,0,0,0,2
2020-08-29,US,New York,Dutchess,4846,153,0,41.76486060000001,-73.74356679,36027.0,1647.0780169806064,3.1572430870821298,4693,4827,153,0,4674,4815,293718,19,0,0,19,12
2020-08-29,US,New York,Erie,9741,676,0,42.76249024,-78.73063652,36029.0,1060.3002932398101,6.939739246483934,9065,9713,676,0,9037,9668,919719,28,0,0,28,45
2020-08-29,US,New York,Essex,126,0,0,44.11630765,-73.77297842,36031.0,341.6022773485157,0.0,126,126,0,0,126,119,37300,0,0,0,0,7
2020-08-29,US,New York,Franklin,58,0,0,44.59040891,-74.29926032,36033.0,115.94898244772301,0.0,58,58,0,0,58,58,50293,0,0,0,0,0
2020-08-29,US,New York,Fulton,311,24,0,43.11363907,-74.41798804,36035.0,582.5824700747429,7.717041800643088,287,310,24,0,286,310,53591,1,0,0,1,0
2020-08-29,US,New York,Genesee,293,5,0,43.0022601,-78.19135193,36037.0,511.5223463687152,1.706484641638225,288,293,5,0,288,292,57511,0,0,0,0,1
2020-08-29,US,New York,Greene,307,18,0,42.275797,-74.12384884,36039.0,650.5891328303804,5.8631921824104225,289,306,18,0,288,306,47491,1,0,0,1,0
2020-08-29,US,New York,Hamilton,14,0,0,43.66146647,-74.49721957,36041.0,317.0289855072464,0.0,14,14,0,0,14,13,4434,0,0,0,0,1
2020-08-29,US,New York,Herkimer,295,4,0,43.42034246,-74.96145307,36043.0,481.09068967204286,1.3559322033898304,291,294,4,0,290,294,61833,1,0,0,1,0
2020-08-29,US,New York,Jefferson,149,0,0,44.04200959,-75.94653457,36045.0,135.6592676220478,0.0,149,149,0,0,149,148,111755,0,0,0,0,1
2020-08-29,US,New York,Lewis,48,0,0,43.784415700000004,-75.44903992,36049.0,182.5372680255552,0.0,48,48,0,0,48,48,26447,0,0,0,0,0
2020-08-29,US,New York,Livingston,182,8,0,42.72596275,-77.77966158,36051.0,289.2837842133706,4.395604395604397,174,181,8,0,173,181,63227,1,0,0,1,0
2020-08-29,US,New York,Madison,459,17,0,42.91653905,-75.67266639,36053.0,647.0165348670023,3.703703703703704,442,456,17,0,439,439,70795,3,0,0,3,17
2020-08-29,US,New York,Monroe,5422,289,0,43.14638895,-77.69322942,36055.0,730.9543389460347,5.3301364810033185,5133,5398,289,0,5109,5385,742474,24,0,0,24,13
2020-08-29,US,New York,Montgomery,202,4,0,42.90123494,-74.44011632,36057.0,410.393937546982,1.98019801980198,198,200,4,0,196,198,49455,2,0,0,2,2
2020-08-29,US,New York,Nassau,44554,2197,0,40.74066522,-73.58941873,36059.0,3283.455816243209,4.931094851191811,42357,44503,2197,0,42306,44450,1358343,51,0,0,51,53
2020-08-29,US,New York,New York City,233688,23683,0,40.76727260000001,-73.97152637,36061.0,2803.084198681583,10.13445277463969,210005,233410,23680,0,209730,233140,1628701,278,3,0,275,270
2020-08-29,US,New York,Niagara,1605,101,0,43.19898042,-78.74777412,36063.0,766.9114730912027,6.292834890965732,1504,1600,101,0,1499,1595,210433,5,0,0,5,5
2020-08-29,US,New York,Oneida,2268,120,0,43.24375382,-75.43710392,36065.0,991.817939310188,5.291005291005291,2148,2265,120,0,2145,2264,229577,3,0,0,3,1
2020-08-29,US,New York,Onondaga,3866,204,0,43.00491923,-76.19971155,36067.0,839.4712156481256,5.276771857216762,3662,3847,204,0,3643,3832,461809,19,0,0,19,15
2020-08-29,US,New York,Ontario,386,35,0,42.85145728,-77.30874425,36069.0,351.6219244468332,9.067357512953368,351,385,35,0,350,384,109864,1,0,0,1,1
2020-08-29,US,New York,Orange,11410,494,0,41.40337468,-74.30240757,36071.0,2964.0983010339282,4.329535495179667,10916,11399,494,0,10905,11382,381951,11,0,0,11,17
2020-08-29,US,New York,Orleans,306,54,0,43.2516977,-78.2320066,36073.0,758.3267248215703,17.647058823529417,252,306,54,0,252,305,40612,0,0,0,0,1
2020-08-29,US,New York,Oswego,291,3,0,43.42778894,-76.14635194,36075.0,248.4546292817868,1.0309278350515465,288,288,3,0,285,287,117898,3,0,0,3,1
2020-08-29,US,New York,Otsego,134,5,0,42.63492579,-75.03151402,36077.0,225.23658245507875,3.7313432835820897,129,125,5,0,120,124,59749,9,0,0,9,1
2020-08-29,US,New York,Putnam,1494,63,0,41.42630093,-73.74965532,36079.0,1519.5280716029295,4.216867469879518,1431,1492,63,0,1429,1487,98892,2,0,0,2,5
2020-08-29,US,New York,Rensselaer,830,40,0,42.71348136,-73.51089874,36083.0,522.9532366394899,4.819277108433735,790,826,40,0,786,823,159442,4,0,0,4,3
2020-08-29,US,New York,Rockland,14218,674,0,41.15027894,-74.02560498,36087.0,4364.174358250279,4.740469826979885,13544,14197,674,0,13523,14183,325695,21,0,0,21,14
2020-08-29,US,New York,Saratoga,832,17,0,43.10904162,-73.86653895,36091.0,361.95472955630095,2.043269230769231,815,832,17,0,815,829,230163,0,0,0,0,3
2020-08-29,US,New York,Schenectady,1255,44,0,42.81668777,-74.05278291,36093.0,808.1185326370421,3.50597609561753,1211,1233,44,0,1189,1231,155350,22,0,0,22,2
2020-08-29,US,New York,Schoharie,69,0,0,42.58831742,-74.44339029999998,36095.0,222.58782541372295,0.0,69,69,0,0,69,69,31097,0,0,0,0,0
2020-08-29,US,New York,Schuyler,26,0,0,42.39184015,-76.8773299,36097.0,146.0099960689616,0.0,26,25,0,0,25,24,17912,1,0,0,1,1
2020-08-29,US,New York,Seneca,98,3,0,42.78081007,-76.82497064,36099.0,288.0997177798684,3.0612244897959178,95,98,3,0,95,98,34300,0,0,0,0,0
2020-08-29,US,New York,St. Lawrence,273,4,0,44.4976179,-75.06550039,36089.0,253.38778540931872,1.465201465201465,269,270,4,0,266,269,108047,3,0,0,3,1
2020-08-29,US,New York,Steuben,313,42,0,42.2689144,-77.3829924,36101.0,328.164480650877,13.418530351437699,271,312,42,0,270,311,95796,1,0,0,1,1
2020-08-29,US,New York,Suffolk,44712,2002,0,40.88320119,-72.8012172,36103.0,3028.0353324967273,4.47754517802827,42710,44678,2001,0,42677,44641,1481093,34,1,0,33,37
2020-08-29,US,New York,Sullivan,1516,48,0,41.71579493,-74.76394559,36105.0,2009.7571322515646,3.16622691292876,1468,1515,48,0,1467,1506,75498,1,0,0,1,9
2020-08-29,US,New York,Tioga,208,25,0,42.16852837,-76.30835812,36107.0,431.50841233948097,12.019230769230768,183,207,25,0,182,206,48560,1,0,0,1,1
2020-08-29,US,New York,Tompkins,261,0,0,42.44945765,-76.47229843,36109.0,255.4315913094539,0.0,261,251,0,0,251,249,102793,10,0,0,10,2
2020-08-29,US,New York,Ulster,2162,94,0,41.89027881,-74.26252104,36111.0,1217.527439419281,4.3478260869565215,2068,2155,94,0,2061,2152,178599,7,0,0,7,3
2020-08-29,US,New York,Warren,321,33,0,43.56173026,-73.8433699,36113.0,502.001751532591,10.280373831775703,288,320,33,0,287,318,64265,1,0,0,1,2
2020-08-29,US,New York,Washington,267,14,0,43.31153794,-73.43043448,36115.0,436.2459969936605,5.243445692883896,253,267,14,0,253,266,61197,0,0,0,0,1
2020-08-29,US,New York,Wayne,280,5,0,43.15494365,-77.02976528,36117.0,311.3948263973843,1.7857142857142858,275,279,5,0,274,279,90064,1,0,0,1,0
2020-08-29,US,New York,Westchester,36895,1450,0,41.16278376,-73.75741653,36119.0,3813.4130434333215,3.930071825450603,35445,36863,1450,0,35413,36825,967612,32,0,0,32,38
2020-08-29,US,New York,Wyoming,125,5,0,42.70145109,-78.22199579,36121.0,313.6054592438345,4.0,120,125,5,0,120,125,40085,0,0,0,0,0
2020-08-29,US,New York,Yates,61,7,0,42.63505484,-77.10369919,36123.0,244.8520852566933,11.475409836065571,54,60,7,0,53,60,24841,1,0,0,1,0
2020-08-29,US,North Carolina,Alamance,3076,46,0,36.0434701,-79.39976137,37001.0,1814.6529092850528,1.495448634590377,3030,3027,45,0,2982,3012,166436,49,1,0,48,15
2020-08-29,US,North Carolina,Alexander,396,2,0,35.922379600000006,-81.17751948,37003.0,1056.0844867589408,0.5050505050505051,394,386,2,0,384,383,37353,10,0,0,10,3
2020-08-29,US,North Carolina,Alleghany,203,0,0,36.49360862,-81.12857041,37005.0,1822.7529855436835,0.0,203,199,0,0,199,195,11161,4,0,0,4,4
2020-08-29,US,North Carolina,Anson,437,3,0,34.97403241,-80.09953279,37007.0,1787.6135155035583,0.6864988558352403,434,432,3,0,429,429,24877,5,0,0,5,3
2020-08-29,US,North Carolina,Ashe,194,1,0,36.43296207,-81.49862729,37009.0,713.1566371356099,0.5154639175257731,193,192,1,0,191,190,27109,2,0,0,2,2
2020-08-29,US,North Carolina,Avery,133,0,0,36.07569796,-81.92308483,37011.0,757.5326080765508,0.0,133,132,0,0,132,127,17505,1,0,0,1,5
2020-08-29,US,North Carolina,Beaufort,558,9,0,35.48531943,-76.84325809,37013.0,1187.385623696642,1.6129032258064515,549,541,9,0,532,524,47079,17,0,0,17,17
2020-08-29,US,North Carolina,Bertie,413,6,0,36.0688473,-76.96545943,37015.0,2179.764606534016,1.452784503631961,407,397,6,0,391,385,19026,16,0,0,16,12
2020-08-29,US,North Carolina,Bladen,702,10,0,34.61296243,-78.56180059,37017.0,2145.34563901962,1.4245014245014245,692,694,10,0,684,689,33190,8,0,0,8,5
2020-08-29,US,North Carolina,Brunswick,1379,24,0,34.070565,-78.22814204,37019.0,965.5510432712503,1.7403915881073242,1355,1371,24,0,1347,1372,136744,8,0,0,8,-1
2020-08-29,US,North Carolina,Buncombe,2424,70,0,35.61113393,-82.53305,37021.0,928.0564797408792,2.8877887788778884,2354,2386,69,0,2317,2347,259103,38,1,0,37,39
2020-08-29,US,North Carolina,Burke,1840,30,0,35.74989637,-81.70755735,37023.0,2033.4862131845057,1.6304347826086956,1810,1822,28,0,1794,1816,90382,18,2,0,16,6
2020-08-29,US,North Carolina,Cabarrus,3136,53,0,35.3877799,-80.55267168,37025.0,1448.8133682600842,1.6900510204081634,3083,3094,52,0,3042,3069,211342,42,1,0,41,25
2020-08-29,US,North Carolina,Caldwell,1417,17,0,35.95204977,-81.54799522,37027.0,1724.30577526832,1.1997177134791814,1400,1403,16,0,1387,1393,82029,14,1,0,13,10
2020-08-29,US,North Carolina,Camden,96,3,0,36.33804939,-76.15568396,37029.0,883.4084844023189,3.125,93,93,3,0,90,92,10710,3,0,0,3,1
2020-08-29,US,North Carolina,Carteret,482,5,0,34.8932941,-76.54120135,37031.0,693.7947116145842,1.037344398340249,477,466,5,0,461,460,69524,16,0,0,16,6
2020-08-29,US,North Carolina,Caswell,243,2,0,36.39312665,-79.33353281,37033.0,1075.0309679702707,0.8230452674897121,241,238,2,0,236,235,22698,5,0,0,5,3
2020-08-29,US,North Carolina,Catawba,2591,44,0,35.66211129,-81.2132617,37035.0,1623.932159622942,1.6981860285604014,2547,2535,44,0,2491,2512,158652,56,0,0,56,23
2020-08-29,US,North Carolina,Chatham,1468,56,0,35.70394416,-79.25541492,37037.0,1971.263596078958,3.8147138964577656,1412,1458,56,0,1402,1452,73139,10,0,0,10,6
2020-08-29,US,North Carolina,Cherokee,409,5,0,35.1349263,-84.05970864,37039.0,1429.4701523836152,1.2224938875305624,404,392,5,0,387,382,28383,17,0,0,17,10
2020-08-29,US,North Carolina,Chowan,211,2,0,36.12908077,-76.60118385,37041.0,1513.3041669655026,0.9478672985781992,209,203,2,0,201,199,14029,8,0,0,8,4
2020-08-29,US,North Carolina,Clay,88,1,0,35.05704275,-83.74353633,37043.0,783.5455435847209,1.1363636363636365,87,87,1,0,86,86,11139,1,0,0,1,1
2020-08-29,US,North Carolina,Cleveland,1586,35,0,35.33553364,-81.55204486,37045.0,1619.2430600222574,2.206809583858764,1551,1568,32,0,1536,1537,97645,18,3,0,15,31
2020-08-29,US,North Carolina,Columbus,1095,51,0,34.26744084,-78.65801424,37047.0,1972.6886214599692,4.6575342465753415,1044,1083,51,0,1032,1067,55655,12,0,0,12,16
2020-08-29,US,North Carolina,Craven,958,26,0,35.11833364,-77.08398081,37049.0,937.9375165216028,2.7139874739039667,932,888,26,0,862,884,102912,70,0,0,70,4
2020-08-29,US,North Carolina,Cumberland,3994,66,0,35.04762133,-78.82623165,37051.0,1190.4300629789366,1.6524787180771157,3928,3949,65,0,3884,3914,332330,45,1,0,44,35
2020-08-29,US,North Carolina,Currituck,96,0,0,36.36123664,-75.95876401,37053.0,345.7839570651587,0.0,96,95,0,0,95,94,27072,1,0,0,1,1
2020-08-29,US,North Carolina,Dare,241,2,0,35.66520691,-75.71767334,37055.0,651.1929530654705,0.8298755186721992,239,241,2,0,239,239,36501,0,0,0,0,2
2020-08-29,US,North Carolina,Davidson,2145,32,0,35.79115496,-80.21256572,37057.0,1279.7642131389125,1.491841491841492,2113,2128,32,0,2096,2106,166614,17,0,0,17,22
2020-08-29,US,North Carolina,Davie,473,6,0,35.93099927,-80.54496571,37059.0,1103.9536946272697,1.2684989429175475,467,470,6,0,464,465,42733,3,0,0,3,5
2020-08-29,US,North Carolina,Duplin,2076,50,0,34.93449805,-77.93140529,37061.0,3534.1584242692493,2.4084778420038537,2026,2071,50,0,2021,2065,58856,5,0,0,5,6
2020-08-29,US,North Carolina,Durham,6842,83,0,36.03638492,-78.87608331,37063.0,2128.2287363758523,1.2130955860859398,6759,6790,83,0,6707,6753,316739,52,0,0,52,37
2020-08-29,US,North Carolina,Edgecombe,938,19,0,35.91230639,-77.59436892,37065.0,1822.3500155424308,2.025586353944563,919,912,19,0,893,891,52005,26,0,0,26,21
2020-08-29,US,North Carolina,Forsyth,6119,74,0,36.12859861,-80.25459052,37067.0,1600.5963980695535,1.2093479326687366,6045,6014,71,0,5943,5984,379099,105,3,0,102,30
2020-08-29,US,North Carolina,Franklin,1041,29,0,36.081519,-78.28708884,37069.0,1493.8652507713282,2.7857829010566757,1012,1026,29,0,997,1008,67560,15,0,0,15,18
2020-08-29,US,North Carolina,Gaston,4052,63,0,35.29373559,-81.17477045,37071.0,1804.666657759132,1.5547877591312933,3989,3969,63,0,3906,3946,222846,83,0,0,83,23
2020-08-29,US,North Carolina,Gates,83,3,0,36.44667547,-76.69749701,37073.0,717.8688808164677,3.614457831325301,80,79,2,0,77,76,11573,4,1,0,3,3
2020-08-29,US,North Carolina,Graham,55,0,0,35.3506925,-83.83369267,37075.0,651.5815661651462,0.0,55,54,0,0,54,51,8484,1,0,0,1,3
2020-08-29,US,North Carolina,Granville,1508,43,0,36.30337451,-78.65184241,37077.0,2494.9125622487304,2.8514588859416445,1465,1500,42,0,1458,1490,60115,8,1,0,7,10
2020-08-29,US,North Carolina,Greene,403,4,0,35.48544173,-77.67578087,37079.0,1912.762826902084,0.9925558312655088,399,388,3,0,385,384,21012,15,1,0,14,4
2020-08-29,US,North Carolina,Guilford,6771,170,0,36.07959451,-79.78824948,37081.0,1260.4854293022372,2.510707428740216,6601,6636,170,0,6466,6572,533670,135,0,0,135,64
2020-08-29,US,North Carolina,Halifax,861,11,0,36.25669272,-77.6556109,37083.0,1721.6556688662267,1.2775842044134726,850,846,10,0,836,841,50574,15,1,0,14,5
2020-08-29,US,North Carolina,Harnett,1595,46,0,35.36731853,-78.87243571,37085.0,1173.0011178443256,2.884012539184953,1549,1578,45,0,1533,1566,134214,17,1,0,16,12
2020-08-29,US,North Carolina,Haywood,503,25,0,35.55269063,-82.98196486,37087.0,807.1633743601265,4.970178926441352,478,498,25,0,473,493,61971,5,0,0,5,5
2020-08-29,US,North Carolina,Henderson,1687,60,0,35.33788927,-82.4766782,37089.0,1436.7595833652704,3.556609365737996,1627,1675,60,0,1615,1674,116748,12,0,0,12,1
2020-08-29,US,North Carolina,Hertford,531,14,0,36.3607755,-76.98104134,37091.0,2242.6827723106812,2.6365348399246704,517,514,14,0,500,491,23659,17,0,0,17,23
2020-08-29,US,North Carolina,Hoke,865,12,0,35.01888303,-79.23651674,37093.0,1566.0643806351159,1.3872832369942196,853,858,12,0,846,853,54764,7,0,0,7,5
2020-08-29,US,North Carolina,Hyde,92,0,0,35.42017674,-76.15180542,37095.0,1863.4798460603606,0.0,92,91,0,0,91,89,5230,1,0,0,1,2
2020-08-29,US,North Carolina,Iredell,2314,24,0,35.80950511,-80.8743128,37097.0,1272.7852766135334,1.0371650821089022,2290,2282,20,0,2262,2271,178435,32,4,0,28,11
2020-08-29,US,North Carolina,Jackson,488,7,0,35.28814273,-83.14093385,37099.0,1110.6559242569074,1.4344262295081966,481,484,7,0,477,476,43327,4,0,0,4,8
2020-08-29,US,North Carolina,Johnston,3780,50,0,35.51745004,-78.36622717,37101.0,1805.6836041062586,1.3227513227513228,3730,3746,50,0,3696,3717,202675,34,0,0,34,29
2020-08-29,US,North Carolina,Jones,133,7,0,35.02254606,-77.35870791,37103.0,1412.0394946384968,5.2631578947368425,126,130,7,0,123,128,9637,3,0,0,3,2
2020-08-29,US,North Carolina,Lee,1423,12,0,35.47623147,-79.17569362,37105.0,2303.3716958837144,0.8432888264230499,1411,1416,12,0,1404,1403,61452,7,0,0,7,13
2020-08-29,US,North Carolina,Lenoir,776,16,0,35.24032589999999,-77.64245615,37107.0,1386.9774258699888,2.061855670103093,760,765,14,0,751,752,55976,11,2,0,9,13
2020-08-29,US,North Carolina,Lincoln,1093,12,0,35.48508185,-81.21740317,37109.0,1269.291960376723,1.0978956999085088,1081,1076,12,0,1064,1066,83770,17,0,0,17,10
2020-08-29,US,North Carolina,Macon,538,2,0,35.14867843,-83.41696617,37113.0,1500.3625411344751,0.3717472118959108,536,529,2,0,527,529,35285,9,0,0,9,0
2020-08-29,US,North Carolina,Madison,67,1,0,35.85402722,-82.71346418,37115.0,307.97517811997244,1.492537313432836,66,64,1,0,63,62,21763,3,0,0,3,2
2020-08-29,US,North Carolina,Martin,337,7,0,35.84326734,-77.10860251,37117.0,1501.7825311942959,2.0771513353115734,330,325,7,0,318,323,22671,12,0,0,12,2
2020-08-29,US,North Carolina,McDowell,786,24,0,35.67736232,-82.0482425,37111.0,1717.8075006556514,3.053435114503817,762,773,24,0,749,767,45507,13,0,0,13,6
2020-08-29,US,North Carolina,Mecklenburg,25112,284,0,35.24469268,-80.8317671,37119.0,2261.6169949097407,1.1309334182860784,24828,24847,284,0,24563,24744,1093901,265,0,0,265,103
2020-08-29,US,North Carolina,Mitchell,92,3,0,36.01059309,-82.1582442,37121.0,614.8088746324512,3.260869565217391,89,90,3,0,87,89,15000,2,0,0,2,1
2020-08-29,US,North Carolina,Montgomery,869,18,0,35.33155144,-79.90416657,37123.0,3198.027453722445,2.071346375143844,851,854,18,0,836,840,27271,15,0,0,15,14
2020-08-29,US,North Carolina,Moore,1281,21,0,35.30885257,-79.48474178,37125.0,1269.8255352894528,1.639344262295082,1260,1264,21,0,1243,1251,98682,17,0,0,17,13
2020-08-29,US,North Carolina,Nash,1629,22,0,35.96575634,-77.98422508,37127.0,1727.5021739591507,1.350521792510743,1607,1580,21,0,1559,1547,94016,49,1,0,48,33
2020-08-29,US,North Carolina,New Hanover,2976,21,0,34.25758282,-77.87075626,37129.0,1269.229292924985,0.7056451612903226,2955,2917,21,0,2896,2903,232274,59,0,0,59,14
2020-08-29,US,North Carolina,Northampton,336,17,0,36.41736238,-77.39769443,37131.0,1724.58040342863,5.059523809523808,319,336,17,0,319,335,19676,0,0,0,0,1
2020-08-29,US,North Carolina,Onslow,1460,12,0,34.72607366,-77.42908179,37133.0,737.6047045034302,0.821917808219178,1448,1440,12,0,1428,1421,197683,20,0,0,20,19
2020-08-29,US,North Carolina,Orange,2239,50,0,36.06092947,-79.12167935,37135.0,1507.9878229478165,2.233139794551139,2189,2170,50,0,2120,2143,146027,69,0,0,69,27
2020-08-29,US,North Carolina,Pamlico,115,2,0,35.15253315,-76.66559823,37137.0,903.6617947509036,1.7391304347826086,113,99,2,0,97,96,12670,16,0,0,16,3
2020-08-29,US,North Carolina,Pasquotank,544,23,0,36.26723798,-76.25134778,37139.0,1366.0104459622341,4.227941176470588,521,532,23,0,509,523,39639,12,0,0,12,9
2020-08-29,US,North Carolina,Pender,762,4,0,34.52265624,-77.90352133,37141.0,1208.3729781160798,0.5249343832020997,758,754,4,0,750,752,62162,8,0,0,8,2
2020-08-29,US,North Carolina,Perquimans,133,2,0,36.17847453,-76.40603143,37143.0,987.8927430736093,1.5037593984962403,131,127,2,0,125,120,13422,6,0,0,6,7
2020-08-29,US,North Carolina,Person,316,5,0,36.38989032,-78.97217358,37145.0,800.2025829323877,1.5822784810126582,311,307,3,0,304,302,39507,9,2,0,7,5
2020-08-29,US,North Carolina,Pitt,3376,17,0,35.59535426,-77.37353178,37147.0,1867.8558387093208,0.5035545023696683,3359,3229,17,0,3212,3088,179914,147,0,0,147,141
2020-08-29,US,North Carolina,Polk,225,7,0,35.27820615,-82.16812354,37149.0,1085.6977417486971,3.111111111111111,218,219,7,0,212,217,20611,6,0,0,6,2
2020-08-29,US,North Carolina,Randolph,2400,43,0,35.71015088,-79.80570339,37151.0,1670.5297667522816,1.7916666666666667,2357,2379,43,0,2336,2370,143351,21,0,0,21,9
2020-08-29,US,North Carolina,Richmond,658,11,0,35.00417719,-79.74491009,37153.0,1467.7998616966697,1.6717325227963526,647,649,9,0,640,643,44887,9,2,0,7,6
2020-08-29,US,North Carolina,Robeson,3482,60,0,34.64244496,-79.10250529999998,37155.0,2665.645933014354,1.7231476163124642,3422,3404,60,0,3344,3368,131831,78,0,0,78,36
2020-08-29,US,North Carolina,Rockingham,795,8,0,36.39593137,-79.77504841,37157.0,873.5303812767827,1.0062893081761006,787,743,8,0,735,733,90690,52,0,0,52,10
2020-08-29,US,North Carolina,Rowan,2770,60,0,35.64003916,-80.52446628,37159.0,1949.4960869320416,2.166064981949458,2710,2725,60,0,2665,2708,141262,45,0,0,45,17
2020-08-29,US,North Carolina,Rutherford,923,19,0,35.40114178,-81.92112099,37161.0,1377.0159184830447,2.058504875406284,904,915,19,0,896,914,66826,8,0,0,8,1
2020-08-29,US,North Carolina,Sampson,1603,21,0,34.98820368,-78.36914061,37163.0,2523.1776612992085,1.310043668122271,1582,1591,20,0,1571,1587,63626,12,1,0,11,4
2020-08-29,US,North Carolina,Scotland,643,8,0,34.8386299,-79.4757978,37165.0,1846.4807742009589,1.2441679626749609,635,597,8,0,589,597,34810,46,0,0,46,0
2020-08-29,US,North Carolina,Stanly,1467,31,0,35.31647813,-80.25093221,37167.0,2335.764098971436,2.113156100886162,1436,1440,31,0,1409,1427,62075,27,0,0,27,13
2020-08-29,US,North Carolina,Stokes,328,3,0,36.4017975,-80.23893369,37169.0,719.4402403983242,0.9146341463414634,325,325,3,0,322,322,45467,3,0,0,3,3
2020-08-29,US,North Carolina,Surry,1148,16,0,36.41689489,-80.69102283,37171.0,1599.2644498000918,1.3937282229965158,1132,1131,16,0,1115,1118,71948,17,0,0,17,13
2020-08-29,US,North Carolina,Swain,130,3,0,35.48665845,-83.48748932,37173.0,910.9382664144067,2.3076923076923075,127,129,3,0,126,125,14245,1,0,0,1,4
2020-08-29,US,North Carolina,Transylvania,243,2,0,35.20383864,-82.79638423,37175.0,706.7035044350737,0.8230452674897121,241,233,2,0,231,228,34215,10,0,0,10,5
2020-08-29,US,North Carolina,Tyrrell,107,2,0,35.87147226,-76.17055253,37177.0,2664.3426294820715,1.8691588785046729,105,105,2,0,103,105,4131,2,0,0,2,0
2020-08-29,US,North Carolina,Union,3898,48,0,34.98960527,-80.52955873,37179.0,1625.1214255041505,1.2314007183170856,3850,3830,48,0,3782,3806,235908,68,0,0,68,24
2020-08-29,US,North Carolina,Vance,897,42,0,36.36880673,-78.40670845,37181.0,2014.1461771640286,4.682274247491638,855,894,42,0,852,882,44582,3,0,0,3,12
2020-08-29,US,North Carolina,Wake,14745,199,0,35.78879266,-78.65249174,37183.0,1326.2742621840484,1.3496100373007802,14546,14536,198,0,14338,14387,1092305,209,1,0,208,149
2020-08-29,US,North Carolina,Warren,287,6,0,36.39728256,-78.10652228,37185.0,1454.5638842430692,2.0905923344947737,281,287,6,0,281,287,19807,0,0,0,0,0
2020-08-29,US,North Carolina,Washington,173,4,0,35.83810081,-76.57299037,37187.0,1493.9550949913644,2.3121387283237,169,172,4,0,168,170,11859,1,0,0,1,2
2020-08-29,US,North Carolina,Watauga,424,0,0,36.23103603,-81.70033724,37189.0,754.7572850098793,0.0,424,407,0,0,407,404,55945,17,0,0,17,3
2020-08-29,US,North Carolina,Wayne,2799,51,0,35.36438125,-78.00027268,37191.0,2273.1887177071576,1.8220793140407288,2748,2767,51,0,2716,2751,123248,32,0,0,32,16
2020-08-29,US,North Carolina,Wilkes,1017,20,0,36.2084135,-81.16232895,37193.0,1486.581301526048,1.966568338249754,997,1005,20,0,985,1002,68557,12,0,0,12,3
2020-08-29,US,North Carolina,Wilson,1715,36,0,35.70625477,-77.917978,37195.0,2096.5513869023607,2.0991253644314867,1679,1698,36,0,1662,1694,81455,17,0,0,17,4
2020-08-29,US,North Carolina,Yadkin,630,7,0,36.16222629,-80.66239436,37197.0,1672.5515703400854,1.1111111111111112,623,618,7,0,611,614,37543,12,0,0,12,4
2020-08-29,US,North Carolina,Yancey,88,0,0,35.90079156,-82.31237181,37199.0,487.0219713321158,0.0,88,87,0,0,87,87,17903,1,0,0,1,0
2020-08-29,US,North Dakota,Adams,4,0,0,46.09686891,-102.5285397,38001.0,180.50541516245488,0.0,4,5,0,0,5,4,2294,-1,0,0,-1,1
2020-08-29,US,North Dakota,Barnes,103,0,0,46.93579637,-98.06605978,38003.0,988.9582333173307,0.0,103,83,0,0,83,77,10542,20,0,0,20,6
2020-08-29,US,North Dakota,Benson,224,4,0,48.0683985,-99.35916363,38005.0,3278.688524590164,1.7857142857142858,220,222,3,0,219,209,6962,2,1,0,1,13
2020-08-29,US,North Dakota,Billings,4,0,0,47.02366884,-103.3762965,38007.0,431.0344827586207,0.0,4,4,0,0,4,4,919,0,0,0,0,0
2020-08-29,US,North Dakota,Bottineau,27,0,0,48.79106111,-100.8378166,38009.0,429.79942693409737,0.0,27,26,0,0,26,26,6411,1,0,0,1,0
2020-08-29,US,North Dakota,Bowman,15,0,0,46.11285362,-103.5203343,38011.0,496.03174603174597,0.0,15,15,0,0,15,14,3076,0,0,0,0,1
2020-08-29,US,North Dakota,Burke,24,1,0,48.79094471,-102.51821170000001,38013.0,1134.7517730496456,4.166666666666667,23,24,1,0,23,23,2100,0,0,0,0,1
2020-08-29,US,North Dakota,Burleigh,1943,15,0,46.97847375,-100.46452140000001,38015.0,2031.8741764792005,0.7720020586721564,1928,1915,14,0,1901,1865,95273,28,1,0,27,50
2020-08-29,US,North Dakota,Cass,3470,76,0,46.93201724,-97.24447190000001,38017.0,1907.4003836788088,2.1902017291066285,3394,3430,76,0,3354,3375,181516,40,0,0,40,55
2020-08-29,US,North Dakota,Cavalier,33,0,0,48.77286211,-98.46685243,38019.0,877.1929824561405,0.0,33,33,0,0,33,32,3829,0,0,0,0,1
2020-08-29,US,North Dakota,Dickey,26,0,0,46.11017712,-98.50490079999999,38021.0,533.6617405582923,0.0,26,24,0,0,24,24,4903,2,0,0,2,0
2020-08-29,US,North Dakota,Divide,5,0,0,48.814938700000006,-103.48736109999999,38023.0,220.84805653710248,0.0,5,5,0,0,5,5,2283,0,0,0,0,0
2020-08-29,US,North Dakota,Dunn,49,0,0,47.35423935,-102.61604679999999,38025.0,1107.5949367088608,0.0,49,48,0,0,48,45,4332,1,0,0,1,3
2020-08-29,US,North Dakota,Eddy,32,0,0,47.71701474,-98.90432337,38027.0,1399.2129427197199,0.0,32,30,0,0,30,31,2313,2,0,0,2,-1
2020-08-29,US,North Dakota,Emmons,26,1,0,46.28398398,-100.2389766,38029.0,802.2215365627893,3.8461538461538463,25,25,1,0,24,25,3295,1,0,0,1,0
2020-08-29,US,North Dakota,Foster,32,0,0,47.457108399999996,-98.88279923,38031.0,996.8847352024924,0.0,32,30,0,0,30,29,3216,2,0,0,2,1
2020-08-29,US,North Dakota,Golden Valley,35,0,0,46.94022281,-103.8465421,38033.0,1987.5070982396371,0.0,35,30,0,0,30,28,1769,5,0,0,5,2
2020-08-29,US,North Dakota,Grand Forks,1444,10,0,47.92093639,-97.45450447,38035.0,2079.1637269441767,0.6925207756232687,1434,1297,10,0,1287,1251,70770,147,0,0,147,46
2020-08-29,US,North Dakota,Grant,9,0,0,46.35821257,-101.63900129999999,38037.0,395.77836411609496,0.0,9,9,0,0,9,9,2374,0,0,0,0,0
2020-08-29,US,North Dakota,Griggs,38,1,0,47.45785838,-98.23850925,38039.0,1703.2720753025546,2.631578947368421,37,36,1,0,35,36,2232,2,0,0,2,0
2020-08-29,US,North Dakota,Hettinger,21,0,0,46.43375068,-102.4632417,38041.0,840.3361344537815,0.0,21,18,0,0,18,15,2514,3,0,0,3,3
2020-08-29,US,North Dakota,Kidder,32,0,0,46.97830064,-99.77507857,38043.0,1290.3225806451612,0.0,32,30,0,0,30,29,2450,2,0,0,2,1
2020-08-29,US,North Dakota,LaMoure,20,0,0,46.45681054,-98.53542355,38045.0,494.31537320810685,0.0,20,20,0,0,20,19,4062,0,0,0,0,1
2020-08-29,US,North Dakota,Logan,10,0,0,46.45729487,-99.47719806,38047.0,540.5405405405405,0.0,10,10,0,0,10,9,1903,0,0,0,0,1
2020-08-29,US,North Dakota,McHenry,36,1,0,48.23104458,-100.6324822,38049.0,626.6318537859007,2.7777777777777777,35,34,1,0,33,33,5816,2,0,0,2,1
2020-08-29,US,North Dakota,McIntosh,44,3,0,46.11182017,-99.44145858,38051.0,1762.1145374449338,6.8181818181818175,41,44,3,0,41,45,2585,0,0,0,0,-1
2020-08-29,US,North Dakota,McKenzie,117,2,0,47.74133370000001,-103.395905,38053.0,778.7539936102237,1.709401709401709,115,113,2,0,111,113,13632,4,0,0,4,0
2020-08-29,US,North Dakota,McLean,159,1,0,47.60766714,-101.3182418,38055.0,1682.5396825396826,0.6289308176100629,158,148,1,0,147,145,9541,11,0,0,11,3
2020-08-29,US,North Dakota,Mercer,38,0,0,47.31213126,-101.8318399,38057.0,464.15048247221205,0.0,38,39,0,0,39,38,8267,-1,0,0,-1,1
2020-08-29,US,North Dakota,Morton,625,5,0,46.71681782,-101.2822377,38059.0,1992.7305190664456,0.8,620,610,5,0,605,581,31095,15,0,0,15,29
2020-08-29,US,North Dakota,Mountrail,172,1,0,48.20197971,-102.3555315,38061.0,1631.1047889995261,0.5813953488372093,171,168,1,0,167,166,10218,4,0,0,4,2
2020-08-29,US,North Dakota,Nelson,28,0,0,47.9226426,-98.19038437,38063.0,972.5599166377216,0.0,28,27,0,0,27,28,2869,1,0,0,1,-1
2020-08-29,US,North Dakota,Oliver,10,0,0,47.11530482,-101.3406158,38065.0,510.46452271567125,0.0,10,10,0,0,10,10,1952,0,0,0,0,0
2020-08-29,US,North Dakota,Pembina,34,0,0,48.76623521,-97.5523809,38067.0,499.92648139979417,0.0,34,33,0,0,33,29,6947,1,0,0,1,4
2020-08-29,US,North Dakota,Pierce,25,0,0,48.24977025,-99.96407787,38069.0,628.9308176100631,0.0,25,24,0,0,24,24,4081,1,0,0,1,0
2020-08-29,US,North Dakota,Ramsey,118,2,0,48.26886249,-98.72223879,38071.0,1024.394478687386,1.6949152542372878,116,115,2,0,113,115,11481,3,0,0,3,0
2020-08-29,US,North Dakota,Ransom,40,0,0,46.45621782,-97.65742504,38073.0,766.5772326561902,0.0,40,40,0,0,40,38,5237,0,0,0,0,2
2020-08-29,US,North Dakota,Renville,11,0,0,48.71982533,-101.6603912,38075.0,472.71164589600335,0.0,11,11,0,0,11,11,2374,0,0,0,0,0
2020-08-29,US,North Dakota,Richland,132,1,0,46.26440649,-96.94852979,38077.0,815.9732954194226,0.7575757575757576,131,132,1,0,131,129,16239,0,0,0,0,3
2020-08-29,US,North Dakota,Rolette,115,2,0,48.77245354,-99.84097493,38079.0,811.2302483069977,1.7391304347826086,113,108,2,0,106,106,14301,7,0,0,7,2
2020-08-29,US,North Dakota,Sargent,15,0,0,46.10830372,-97.63217159,38081.0,384.8127244740893,0.0,15,15,0,0,15,13,3870,0,0,0,0,2
2020-08-29,US,North Dakota,Sheridan,9,0,0,47.57700669,-100.3426391,38083.0,684.4106463878327,0.0,9,9,0,0,9,9,1349,0,0,0,0,0
2020-08-29,US,North Dakota,Sioux,119,2,0,46.11323337,-101.04401490000001,38085.0,2813.2387706855793,1.680672268907563,117,120,2,0,118,119,4358,-1,0,0,-1,1
2020-08-29,US,North Dakota,Slope,6,0,0,46.44737738,-103.4601547,38087.0,800.0,0.0,6,6,0,0,6,5,763,0,0,0,0,1
2020-08-29,US,North Dakota,Stark,669,6,0,46.80851182,-102.65763259999999,38089.0,2124.551430658325,0.8968609865470852,663,659,6,0,653,611,30997,10,0,0,10,48
2020-08-29,US,North Dakota,Steele,18,0,0,47.45611548,-97.72728747,38091.0,952.3809523809523,0.0,18,18,0,0,18,18,1903,0,0,0,0,0
2020-08-29,US,North Dakota,Stutsman,179,3,0,46.97962541,-98.95637318,38093.0,864.567233384853,1.675977653631285,176,165,3,0,162,154,20917,14,0,0,14,11
2020-08-29,US,North Dakota,Towner,7,0,0,48.68565745,-99.24564265,38095.0,319.780721790772,0.0,7,6,0,0,6,6,2192,1,0,0,1,0
2020-08-29,US,North Dakota,Traill,68,0,0,47.45367788,-97.16323288,38097.0,846.1921353907418,0.0,68,68,0,0,68,65,8037,0,0,0,0,3
2020-08-29,US,North Dakota,Walsh,140,1,0,48.36876964,-97.72574783,38099.0,1315.665820881496,0.7142857142857143,139,137,1,0,136,140,10667,3,0,0,3,-3
2020-08-29,US,North Dakota,Ward,478,1,0,48.22390169,-101.54367629999999,38101.0,706.6719888824823,0.20920502092050208,477,468,1,0,467,463,67744,10,0,0,10,5
2020-08-29,US,North Dakota,Wells,28,0,0,47.58614526,-99.65904998,38103.0,730.3077725612936,0.0,28,28,0,0,28,28,3957,0,0,0,0,0
2020-08-29,US,North Dakota,Williams,418,2,0,48.34522353,-103.4793387,38105.0,1112.0274548405118,0.4784688995215311,416,386,2,0,384,374,35350,32,0,0,32,12
2020-08-29,US,Ohio,Adams,91,5,0,38.84541072,-83.4718964,39001.0,328.5435771535852,5.494505494505495,86,89,4,0,85,88,27724,2,1,0,1,1
2020-08-29,US,Ohio,Allen,1123,55,0,40.77285242,-84.10802343,39003.0,1097.2047171009565,4.8975957257346385,1068,1113,51,0,1062,1071,102663,10,4,0,6,42
2020-08-29,US,Ohio,Ashland,164,5,0,40.84772277,-82.27280781,39005.0,306.6337596290479,3.0487804878048776,159,163,3,0,160,162,53745,1,2,0,-1,1
2020-08-29,US,Ohio,Ashtabula,605,46,0,41.70860332,-80.74830218,39007.0,622.1655474542631,7.603305785123968,559,602,46,0,556,598,97493,3,0,0,3,4
2020-08-29,US,Ohio,Athens,385,2,0,39.33425634,-82.04278644,39009.0,589.3428444594118,0.5194805194805194,383,381,2,0,379,376,65818,4,0,0,4,5
2020-08-29,US,Ohio,Auglaize,409,8,0,40.55998859,-84.22421429999999,39011.0,895.8296828456282,1.9559902200489,401,393,8,0,385,387,45804,16,0,0,16,6
2020-08-29,US,Ohio,Belmont,681,29,0,40.01625942,-80.9924051,39013.0,1016.3268960988568,4.258443465491924,652,677,26,0,651,677,67505,4,3,0,1,0
2020-08-29,US,Ohio,Brown,207,2,0,38.93416837,-83.86788395,39015.0,476.60710996500273,0.966183574879227,205,204,2,0,202,197,43602,3,0,0,3,7
2020-08-29,US,Ohio,Butler,3900,74,0,39.44012838,-84.57388716,39017.0,1017.9206230718236,1.8974358974358971,3826,3798,73,0,3725,3686,382378,102,1,0,101,112
2020-08-29,US,Ohio,Carroll,125,6,0,40.578968599999996,-81.09178213,39019.0,464.44229768893507,4.8,119,125,6,0,119,125,27081,0,0,0,0,0
2020-08-29,US,Ohio,Champaign,245,2,0,40.13923427,-83.76875242,39021.0,630.0630063006299,0.8163265306122449,243,243,2,0,241,242,38754,2,0,0,2,1
2020-08-29,US,Ohio,Clark,1398,29,0,39.91592258,-83.78498252,39023.0,1042.6377691429934,2.0743919885550786,1369,1394,27,0,1367,1383,134585,4,2,0,2,11
2020-08-29,US,Ohio,Clermont,1257,16,0,39.04847534,-84.15375786,39025.0,608.9290212568062,1.2728719172633254,1241,1246,14,0,1232,1220,205466,11,2,0,9,26
2020-08-29,US,Ohio,Clinton,238,10,0,39.41485808,-83.80852286,39027.0,567.0987418985894,4.201680672268908,228,234,10,0,224,232,42057,4,0,0,4,2
2020-08-29,US,Ohio,Columbiana,1814,64,0,40.76932373,-80.78094576,39029.0,1780.4736805944074,3.528114663726571,1750,1798,64,0,1734,1786,102665,16,0,0,16,12
2020-08-29,US,Ohio,Coshocton,216,9,0,40.30096166,-81.91729018,39031.0,590.1639344262295,4.166666666666667,207,215,9,0,206,214,36629,1,0,0,1,1
2020-08-29,US,Ohio,Crawford,193,6,0,40.85065156,-82.91989099,39033.0,465.1274883115631,3.1088082901554404,187,193,5,0,188,191,41550,0,1,0,-1,2
2020-08-29,US,Ohio,Cuyahoga,15544,605,0,41.424119,-81.65918339,39035.0,1258.5501088195667,3.892177045805456,14939,15452,571,0,14881,15316,1243857,92,34,0,58,136
2020-08-29,US,Ohio,Darke,607,35,0,40.13412966,-84.6194517,39037.0,1187.5648073875532,5.766062602965404,572,598,35,0,563,578,51323,9,0,0,9,20
2020-08-29,US,Ohio,Defiance,207,5,0,41.32398837,-84.49076944,39039.0,543.4925302596687,2.415458937198068,202,203,5,0,198,202,38165,4,0,0,4,1
2020-08-29,US,Ohio,Delaware,1629,20,0,40.27942393,-83.00457058,39041.0,778.766307959288,1.2277470841006752,1609,1606,20,0,1586,1580,204826,23,0,0,23,26
2020-08-29,US,Ohio,Erie,769,39,0,41.36796058,-82.62904521,39043.0,1035.4671047316403,5.0715214564369315,730,760,36,0,724,756,74615,9,3,0,6,4
2020-08-29,US,Ohio,Fairfield,1695,43,0,39.75107189,-82.63088163,39045.0,1075.6850749489129,2.5368731563421827,1652,1690,40,0,1650,1653,155782,5,3,0,2,37
2020-08-29,US,Ohio,Fayette,189,5,0,39.56021306,-83.4562016,39047.0,662.5766871165645,2.6455026455026456,184,189,4,0,185,182,28666,0,1,0,-1,7
2020-08-29,US,Ohio,Franklin,21497,582,0,39.96995815,-83.01115755,39049.0,1632.5727773406766,2.70735451458343,20915,21320,559,0,20761,21133,1310300,177,23,0,154,187
2020-08-29,US,Ohio,Fulton,180,1,0,41.60213491,-84.12571393,39051.0,427.2895598917533,0.5555555555555556,179,180,1,0,179,179,42276,0,0,0,0,1
2020-08-29,US,Ohio,Gallia,134,3,0,38.82708533,-82.31647569,39053.0,468.25874640444175,2.238805970149253,131,134,3,0,131,130,29979,0,0,0,0,4
2020-08-29,US,Ohio,Geauga,611,47,0,41.49952319,-81.17935342,39055.0,652.436224625997,7.6923076923076925,564,608,46,0,562,605,94031,3,1,0,2,3
2020-08-29,US,Ohio,Greene,956,19,0,39.69116283,-83.89032084,39057.0,565.8914269816559,1.9874476987447696,937,945,16,0,929,932,167995,11,3,0,8,13
2020-08-29,US,Ohio,Guernsey,128,7,0,40.05026529,-81.49248905,39059.0,329.26045016077165,5.46875,121,128,7,0,121,128,39022,0,0,0,0,0
2020-08-29,US,Ohio,Hamilton,11041,293,0,39.19673558,-84.54502924,39061.0,1350.6256475749044,2.653745131781541,10748,10903,285,0,10618,10836,816684,138,8,0,130,67
2020-08-29,US,Ohio,Hancock,512,7,0,41.00250487,-83.66838948,39063.0,675.6132641885383,1.3671875,505,511,6,0,505,504,75930,1,1,0,0,7
2020-08-29,US,Ohio,Hardin,215,13,0,40.66015414,-83.65929931,39065.0,685.4774430097243,6.046511627906978,202,214,13,0,201,212,31480,1,0,0,1,2
2020-08-29,US,Ohio,Harrison,28,1,0,40.29380509,-81.09068544,39067.0,186.17021276595744,3.571428571428572,27,28,1,0,27,28,15174,0,0,0,0,0
2020-08-29,US,Ohio,Henry,210,4,0,41.333964200000004,-84.06830637,39069.0,777.6049766718507,1.9047619047619049,206,208,3,0,205,207,27086,2,1,0,1,1
2020-08-29,US,Ohio,Highland,189,3,0,39.1839264,-83.60331456,39071.0,437.8953221658442,1.5873015873015872,186,188,3,0,185,186,43058,1,0,0,1,2
2020-08-29,US,Ohio,Hocking,138,9,0,39.49537927,-82.47991446,39073.0,488.2536088310218,6.521739130434782,129,138,9,0,129,136,28385,0,0,0,0,2
2020-08-29,US,Ohio,Holmes,349,7,0,40.56163713,-81.92635677,39075.0,793.9035486806188,2.005730659025788,342,348,7,0,341,349,43892,1,0,0,1,-1
2020-08-29,US,Ohio,Huron,469,6,0,41.14651175,-82.59867951,39077.0,804.9291181821303,1.279317697228145,463,468,6,0,462,465,58504,1,0,0,1,3
2020-08-29,US,Ohio,Jackson,162,1,0,39.01914254,-82.61818559999998,39079.0,499.79946317835436,0.6172839506172839,161,159,1,0,158,153,32384,3,0,0,3,6
2020-08-29,US,Ohio,Jefferson,267,4,0,40.38614126,-80.76259514,39081.0,408.7256027554535,1.49812734082397,263,265,4,0,261,264,65767,2,0,0,2,1
2020-08-29,US,Ohio,Knox,244,15,0,40.39830217,-82.42027563,39083.0,391.51503481916495,6.147540983606558,229,242,14,0,228,238,61893,2,1,0,1,4
2020-08-29,US,Ohio,Lake,1303,45,0,41.69710807,-81.23676539,39085.0,566.154969172145,3.453568687643899,1258,1296,44,0,1252,1285,230514,7,1,0,6,11
2020-08-29,US,Ohio,Lawrence,429,14,0,38.59743452,-82.53466552,39087.0,721.4570405125877,3.2634032634032635,415,422,14,0,408,416,59866,7,0,0,7,6
2020-08-29,US,Ohio,Licking,1565,58,0,40.09136236,-82.48185785,39089.0,884.870690142597,3.706070287539936,1507,1547,57,0,1490,1536,175769,18,1,0,17,11
2020-08-29,US,Ohio,Logan,231,2,0,40.38996525,-83.76784341,39091.0,505.78034682080926,0.8658008658008658,229,229,2,0,227,227,45358,2,0,0,2,2
2020-08-29,US,Ohio,Lorain,2090,85,0,41.29553751,-82.15083537,39093.0,674.5569387379652,4.066985645933015,2005,2075,81,0,1994,2059,309461,15,4,0,11,16
2020-08-29,US,Ohio,Lucas,6344,346,0,41.62101218,-83.65468618,39095.0,1481.038781551449,5.453972257250947,5998,6292,341,0,5951,6256,429899,52,5,0,47,36
2020-08-29,US,Ohio,Madison,688,13,0,39.89381073,-83.40178317,39097.0,1538.0832085131117,1.8895348837209305,675,679,11,0,668,669,44413,9,2,0,7,10
2020-08-29,US,Ohio,Mahoning,2843,267,0,41.01631101,-80.77287029,39099.0,1243.2056602370967,9.39148786493141,2576,2835,265,0,2570,2825,229642,8,2,0,6,10
2020-08-29,US,Ohio,Marion,3000,46,0,40.58610662,-83.15736305,39101.0,4608.790499746517,1.5333333333333334,2954,2996,46,0,2950,2995,65256,4,0,0,4,1
2020-08-29,US,Ohio,Medina,1172,37,0,41.11770589,-81.89986209999998,39103.0,652.0311995816319,3.1569965870307164,1135,1155,37,0,1118,1139,179146,17,0,0,17,16
2020-08-29,US,Ohio,Meigs,122,4,0,39.09224872,-82.0305041,39105.0,532.5882917885363,3.278688524590164,118,115,3,0,112,110,23106,7,1,0,6,5
2020-08-29,US,Ohio,Mercer,813,18,0,40.54043046,-84.62912742,39107.0,1974.6429612357915,2.2140221402214024,795,808,17,0,791,799,40959,5,1,0,4,9
2020-08-29,US,Ohio,Miami,1043,43,0,40.0543329,-84.22871271,39109.0,974.8847990877396,4.122722914669224,1000,1030,43,0,987,1022,106222,13,0,0,13,8
2020-08-29,US,Ohio,Monroe,103,18,0,39.72984936,-81.08464734,39111.0,754.3576973780578,17.475728155339805,85,103,18,0,85,103,13790,0,0,0,0,0
2020-08-29,US,Ohio,Montgomery,5582,133,0,39.75394919,-84.29050975,39113.0,1049.8658045052825,2.3826585453242566,5449,5436,122,0,5314,5301,532331,146,11,0,135,135
2020-08-29,US,Ohio,Morgan,43,0,0,39.62081738,-81.85308173,39115.0,296.38819961400606,0.0,43,43,0,0,43,43,14604,0,0,0,0,0
2020-08-29,US,Ohio,Morrow,226,2,0,40.52363560000001,-82.7892599,39117.0,639.7192028985507,0.8849557522123894,224,223,2,0,221,222,35112,3,0,0,3,1
2020-08-29,US,Ohio,Muskingum,296,1,0,39.96575964,-81.94363275,39119.0,343.3277271936438,0.33783783783783783,295,296,1,0,295,294,86183,0,0,0,0,2
2020-08-29,US,Ohio,Noble,21,0,0,39.76818851,-81.45937183,39121.0,145.59068219633943,0.0,21,21,0,0,21,21,14354,0,0,0,0,0
2020-08-29,US,Ohio,Ottawa,446,29,0,41.53781826,-83.0940185,39123.0,1100.5552128315858,6.502242152466367,417,446,29,0,417,445,40769,0,0,0,0,1
2020-08-29,US,Ohio,Paulding,79,1,0,41.11676341,-84.5801017,39125.0,423.0934018851757,1.2658227848101269,78,79,0,0,79,79,18760,0,1,0,-1,0
2020-08-29,US,Ohio,Perry,224,6,0,39.73508655,-82.23804971,39127.0,619.9147617202634,2.6785714285714284,218,224,6,0,218,221,36033,0,0,0,0,3
2020-08-29,US,Ohio,Pickaway,2489,44,0,39.64170392,-83.0243386,39129.0,4257.830542107874,1.7677782241864202,2445,2484,43,0,2441,2470,58086,5,1,0,4,14
2020-08-29,US,Ohio,Pike,104,0,0,39.07634001,-83.06769584,39131.0,374.4778914014115,0.0,104,102,0,0,102,101,28067,2,0,0,2,1
2020-08-29,US,Ohio,Portage,844,66,0,41.16793482,-81.19735782,39133.0,519.4933093693451,7.819905213270142,778,838,65,0,773,838,162927,6,1,0,5,0
2020-08-29,US,Ohio,Preble,329,4,0,39.7420247,-84.64787018,39135.0,839.0000489212855,1.2158054711246202,325,329,4,0,325,328,40997,0,0,0,0,1
2020-08-29,US,Ohio,Putnam,316,18,0,41.02094889,-84.1336111,39137.0,933.2270163314728,5.69620253164557,298,303,17,0,286,294,33780,13,1,0,12,9
2020-08-29,US,Ohio,Richland,695,20,0,40.77180308,-82.53799609999999,39139.0,573.6500652062664,2.8776978417266186,675,693,17,0,676,689,121099,2,3,0,-1,4
2020-08-29,US,Ohio,Ross,685,12,0,39.33705391,-83.06000914,39141.0,893.4860303133072,1.7518248175182485,673,672,10,0,662,654,76931,13,2,0,11,18
2020-08-29,US,Ohio,Sandusky,510,17,0,41.35624126,-83.137872,39143.0,871.5267097303392,3.333333333333333,493,505,17,0,488,499,58799,5,0,0,5,6
2020-08-29,US,Ohio,Scioto,343,3,0,38.80270163,-82.98907345,39145.0,455.42661390976446,0.8746355685131195,340,339,3,0,336,330,75502,4,0,0,4,9
2020-08-29,US,Ohio,Seneca,338,13,0,41.12351311,-83.12783209,39147.0,612.5629779984778,3.8461538461538463,325,334,11,0,323,321,55207,4,2,0,2,13
2020-08-29,US,Ohio,Shelby,346,4,0,40.33163494,-84.20258189,39149.0,712.0806750360158,1.1560693641618498,342,336,4,0,332,328,48627,10,0,0,10,8
2020-08-29,US,Ohio,Stark,2296,152,0,40.81482476,-81.36437305,39151.0,619.5258576493635,6.620209059233449,2144,2276,151,0,2125,2250,371574,20,1,0,19,26
2020-08-29,US,Ohio,Summit,4376,239,0,41.12464734,-81.53123079,39153.0,808.8530220161067,5.461608775137112,4137,4318,235,0,4083,4281,541918,58,4,0,54,37
2020-08-29,US,Ohio,Trumbull,1743,121,0,41.31735028,-80.76109643,39155.0,880.4186408316243,6.942053930005738,1622,1740,121,0,1619,1735,198627,3,0,0,3,5
2020-08-29,US,Ohio,Tuscarawas,857,17,0,40.44214695,-81.47226262,39157.0,931.653385804516,1.9836639439906647,840,853,16,0,837,848,92176,4,1,0,3,5
2020-08-29,US,Ohio,Union,358,1,0,40.30016061,-83.37239023,39159.0,606.9030989353765,0.2793296089385475,357,355,1,0,354,348,57835,3,0,0,3,7
2020-08-29,US,Ohio,Van Wert,89,2,0,40.8554138,-84.59111700000003,39161.0,314.76569407603887,2.247191011235955,87,87,2,0,85,85,28281,2,0,0,2,2
2020-08-29,US,Ohio,Vinton,37,2,0,39.25208988,-82.4831444,39163.0,282.7665265571265,5.405405405405406,35,37,2,0,35,36,13139,0,0,0,0,1
2020-08-29,US,Ohio,Warren,2259,42,0,39.42581994,-84.16557457,39165.0,962.907392093844,1.8592297476759627,2217,2234,42,0,2192,2198,232173,25,0,0,25,36
2020-08-29,US,Ohio,Washington,226,23,0,39.45690571,-81.49121382,39167.0,377.22621889135553,10.176991150442475,203,226,23,0,203,226,60155,0,0,0,0,0
2020-08-29,US,Ohio,Wayne,751,62,0,40.82925852,-81.88844833,39169.0,649.0363840636072,8.255659121171771,689,723,61,0,662,693,115967,28,1,0,27,30
2020-08-29,US,Ohio,Williams,157,3,0,41.56052014,-84.58429552,39171.0,427.88618772484466,1.9108280254777068,154,156,3,0,153,153,36804,1,0,0,1,3
2020-08-29,US,Ohio,Wood,1303,66,0,41.36224827,-83.62285108,39173.0,996.047914261908,5.065234075211052,1237,1296,61,0,1235,1288,130696,7,5,0,2,8
2020-08-29,US,Ohio,Wyandot,185,11,0,40.84339621,-83.30734173,39175.0,849.7152305713762,5.945945945945946,174,185,10,0,175,181,21935,0,1,0,-1,4
2020-08-29,US,Oklahoma,Adair,438,8,0,35.88494195,-94.65859267,40001.0,1973.506353068397,1.8264840182648399,430,432,6,0,426,428,22082,6,2,0,4,4
2020-08-29,US,Oklahoma,Alfalfa,12,0,0,36.73090616,-98.32408495,40003.0,210.4524728165556,0.0,12,12,0,0,12,13,5754,0,0,0,0,-1
2020-08-29,US,Oklahoma,Atoka,108,1,0,34.37366573,-96.03802487,40005.0,784.9978194505015,0.925925925925926,107,107,1,0,106,103,13838,1,0,0,1,4
2020-08-29,US,Oklahoma,Beaver,44,0,0,36.7496847,-100.4758872,40007.0,828.4692148371304,0.0,44,42,0,0,42,42,5319,2,0,0,2,0
2020-08-29,US,Oklahoma,Beckham,124,1,0,35.26862449,-99.68128023,40009.0,567.2720618509537,0.8064516129032258,123,119,1,0,118,118,21709,5,0,0,5,1
2020-08-29,US,Oklahoma,Blaine,73,1,0,35.87518314,-98.43307003,40011.0,774.2072330045604,1.3698630136986298,72,70,1,0,69,63,9485,3,0,0,3,7
2020-08-29,US,Oklahoma,Bryan,592,3,0,33.96472458,-96.25903472,40013.0,1233.4618189394728,0.5067567567567568,589,587,3,0,584,572,47192,5,0,0,5,15
2020-08-29,US,Oklahoma,Caddo,560,20,0,35.17364557,-98.37534464,40015.0,1947.0134204853625,3.571428571428572,540,539,20,0,519,529,28977,21,0,0,21,10
2020-08-29,US,Oklahoma,Canadian,1509,11,0,35.5426055,-97.98465569,40017.0,1017.4908634849568,0.7289595758780649,1498,1502,11,0,1491,1488,144447,7,0,0,7,14
2020-08-29,US,Oklahoma,Carter,402,6,0,34.25103751,-97.28552485,40019.0,835.5677495790982,1.492537313432836,396,399,6,0,393,398,48177,3,0,0,3,1
2020-08-29,US,Oklahoma,Cherokee,648,6,0,35.90692775,-94.99980896,40021.0,1331.771379246563,0.925925925925926,642,638,5,0,633,620,48675,10,1,0,9,18
2020-08-29,US,Oklahoma,Choctaw,239,1,0,34.02807439,-95.54771129,40023.0,1628.9531079607416,0.41841004184100417,238,239,1,0,238,233,14668,0,0,0,0,6
2020-08-29,US,Oklahoma,Cimarron,14,0,0,36.74817177,-102.5173885,40025.0,655.1240056153488,0.0,14,14,0,0,14,14,2153,0,0,0,0,0
2020-08-29,US,Oklahoma,Cleveland,3783,63,0,35.20413532,-97.32519562,40027.0,1331.9765927031765,1.6653449643140366,3720,3749,63,0,3686,3721,281669,34,0,0,34,28
2020-08-29,US,Oklahoma,Coal,53,0,0,34.58840127,-96.29798747,40029.0,964.5131938125568,0.0,53,52,0,0,52,50,5520,1,0,0,1,2
2020-08-29,US,Oklahoma,Comanche,1218,11,0,34.65973764,-98.47195055,40031.0,1008.7040058302761,0.90311986863711,1207,1212,11,0,1201,1209,120422,6,0,0,6,3
2020-08-29,US,Oklahoma,Cotton,29,2,0,34.28845626,-98.37053567,40033.0,511.8249205788917,6.896551724137932,27,26,2,0,24,26,5776,3,0,0,3,0
2020-08-29,US,Oklahoma,Craig,118,1,0,36.76268118,-95.20916602,40035.0,834.3940036769908,0.8474576271186439,117,115,1,0,114,113,14306,3,0,0,3,2
2020-08-29,US,Oklahoma,Creek,796,21,0,35.90230551,-96.37086028,40037.0,1112.9442688962836,2.6381909547738696,775,779,21,0,758,769,71604,17,0,0,17,10
2020-08-29,US,Oklahoma,Custer,323,0,0,35.63853802,-99.00170785,40039.0,1113.6778953901319,0.0,323,315,0,0,315,304,29036,8,0,0,8,11
2020-08-29,US,Oklahoma,Delaware,539,21,0,36.40823634,-94.80325046,40041.0,1253.2260689623101,3.8961038961038965,518,530,20,0,510,523,42733,9,1,0,8,7
2020-08-29,US,Oklahoma,Dewey,18,0,0,35.98772922,-99.00730714,40043.0,368.02289920261705,0.0,18,18,0,0,18,18,4894,0,0,0,0,0
2020-08-29,US,Oklahoma,Ellis,6,0,0,36.218019399999996,-99.75324573,40045.0,155.48069448043537,0.0,6,6,0,0,6,6,3952,0,0,0,0,0
2020-08-29,US,Oklahoma,Garfield,932,12,0,36.3791334,-97.78265517,40047.0,1526.46750524109,1.2875536480686696,920,895,11,0,884,865,60913,37,1,0,36,30
2020-08-29,US,Oklahoma,Garvin,263,4,0,34.70418038,-97.30811132,40049.0,949.0815921475228,1.520912547528517,259,262,4,0,258,258,27811,1,0,0,1,4
2020-08-29,US,Oklahoma,Grady,517,7,0,35.0167709,-97.88339847,40051.0,925.9590930257547,1.3539651837524178,510,516,7,0,509,506,55551,1,0,0,1,10
2020-08-29,US,Oklahoma,Grant,24,0,0,36.796296999999996,-97.78638765,40053.0,553.888760673898,0.0,24,23,0,0,23,24,4326,1,0,0,1,-1
2020-08-29,US,Oklahoma,Greer,88,8,0,34.93535801,-99.56056120000001,40055.0,1540.6162464985996,9.090909090909092,80,87,8,0,79,87,5821,1,0,0,1,0
2020-08-29,US,Oklahoma,Harmon,38,0,0,34.7440135,-99.84741652,40057.0,1432.3407463249152,0.0,38,37,0,0,37,37,2664,1,0,0,1,0
2020-08-29,US,Oklahoma,Harper,17,0,0,36.78836519,-99.6679804,40059.0,460.95444685466384,0.0,17,17,0,0,17,17,3797,0,0,0,0,0
2020-08-29,US,Oklahoma,Haskell,158,4,0,35.22257600000001,-95.11513306,40061.0,1251.286924843589,2.5316455696202533,154,157,4,0,153,155,12668,1,0,0,1,2
2020-08-29,US,Oklahoma,Hughes,212,3,0,35.04912569,-96.24921145,40063.0,1596.5057609759772,1.4150943396226414,209,208,3,0,205,207,13335,4,0,0,4,1
2020-08-29,US,Oklahoma,Jackson,582,9,0,34.58781741,-99.41138784,40065.0,2372.6049735018346,1.5463917525773196,573,579,8,0,571,575,24949,3,1,0,2,4
2020-08-29,US,Oklahoma,Jefferson,36,0,0,34.11130184,-97.83182974,40067.0,599.8000666444517,0.0,36,36,0,0,36,35,6123,0,0,0,0,1
2020-08-29,US,Oklahoma,Johnston,85,1,0,34.31440473,-96.66011537,40069.0,766.8019846639603,1.1764705882352942,84,77,1,0,76,72,10949,8,0,0,8,5
2020-08-29,US,Oklahoma,Kay,308,12,0,36.81799745,-97.14421435,40071.0,707.4279939363315,3.8961038961038965,296,300,12,0,288,295,44161,8,0,0,8,5
2020-08-29,US,Oklahoma,Kingfisher,255,1,0,35.94530008,-97.94193268,40073.0,1617.5071360608945,0.392156862745098,254,250,1,0,249,246,15816,5,0,0,5,4
2020-08-29,US,Oklahoma,Kiowa,40,1,0,34.91671958,-98.97720696,40075.0,459.34772622875516,2.5,39,40,1,0,39,40,8729,0,0,0,0,0
2020-08-29,US,Oklahoma,Latimer,109,2,0,34.87844729,-95.25215049,40077.0,1082.1006651444457,1.834862385321101,107,109,2,0,107,107,10231,0,0,0,0,2
2020-08-29,US,Oklahoma,Le Flore,620,5,0,34.89851864,-94.70392124,40079.0,1243.656349668024,0.8064516129032258,615,608,5,0,603,593,49980,12,0,0,12,15
2020-08-29,US,Oklahoma,Lincoln,292,8,0,35.70270942,-96.8812462,40081.0,837.2279725893857,2.7397260273972597,284,289,8,0,281,283,34920,3,0,0,3,6
2020-08-29,US,Oklahoma,Logan,284,1,0,35.91899576,-97.44352845,40083.0,591.5311074545418,0.35211267605633795,283,281,1,0,280,281,47291,3,0,0,3,0
2020-08-29,US,Oklahoma,Love,99,0,0,33.95273467,-97.23906784,40085.0,965.5710523749144,0.0,99,93,0,0,93,89,10134,6,0,0,6,4
2020-08-29,US,Oklahoma,Major,49,1,0,36.31149996,-98.53467076,40093.0,642.2860138943505,2.0408163265306123,48,46,1,0,45,44,7644,3,0,0,3,2
2020-08-29,US,Oklahoma,Marshall,130,1,0,34.02311222,-96.76855464,40095.0,767.8223377237019,0.7692307692307693,129,130,1,0,129,129,16806,0,0,0,0,1
2020-08-29,US,Oklahoma,Mayes,411,9,0,36.30179091,-95.23175116,40097.0,1000.0,2.18978102189781,402,405,9,0,396,400,41107,6,0,0,6,5
2020-08-29,US,Oklahoma,McClain,561,4,0,35.01123903,-97.44572302,40087.0,1386.075011118249,0.7130124777183601,557,551,4,0,547,548,39985,10,0,0,10,3
2020-08-29,US,Oklahoma,McCurtain,1006,29,0,34.11664328,-94.77222373,40089.0,3064.0838206627677,2.8827037773359843,977,1004,29,0,975,993,32703,2,0,0,2,11
2020-08-29,US,Oklahoma,McIntosh,235,4,0,35.37235506,-95.66599306,40091.0,1199.2243314962234,1.702127659574468,231,232,4,0,228,231,19815,3,0,0,3,1
2020-08-29,US,Oklahoma,Murray,88,1,0,34.48116015,-97.06826283,40099.0,625.3108789881333,1.1363636363636365,87,87,1,0,86,87,13953,1,0,0,1,0
2020-08-29,US,Oklahoma,Muskogee,949,16,0,35.61318461,-95.37802952,40101.0,1395.6498080797683,1.6859852476290833,933,720,16,0,704,706,68362,229,0,0,229,14
2020-08-29,US,Oklahoma,Noble,102,2,0,36.38953329,-97.22928674,40103.0,916.3597161081664,1.96078431372549,100,101,2,0,99,101,11289,1,0,0,1,0
2020-08-29,US,Oklahoma,Nowata,96,1,0,36.79843529,-95.61902331,40105.0,952.7590313616513,1.0416666666666667,95,92,1,0,91,90,10218,4,0,0,4,2
2020-08-29,US,Oklahoma,Okfuskee,100,3,0,35.46485198,-96.32639984,40107.0,833.8197281747687,3.0,97,98,3,0,95,97,12098,2,0,0,2,1
2020-08-29,US,Oklahoma,Oklahoma,13254,154,0,35.55140095,-97.40716948,40109.0,1662.0811252091082,1.1619133846385996,13100,13144,153,0,12991,12974,792582,110,1,0,109,170
2020-08-29,US,Oklahoma,Okmulgee,613,4,0,35.64661916,-95.96432828,40111.0,1593.6565709086185,0.6525285481239804,609,592,4,0,588,585,38335,21,0,0,21,7
2020-08-29,US,Oklahoma,Osage,629,12,0,36.62888819,-96.39635704,40113.0,1339.3522560313436,1.9077901430842608,617,614,12,0,602,609,47014,15,0,0,15,5
2020-08-29,US,Oklahoma,Ottawa,516,4,0,36.83532655,-94.81011909,40115.0,1657.724804831818,0.7751937984496124,512,499,4,0,495,493,31175,17,0,0,17,6
2020-08-29,US,Oklahoma,Pawnee,218,3,0,36.31743373,-96.70331759999999,40117.0,1331.2164142647778,1.3761467889908257,215,210,3,0,207,203,16390,8,0,0,8,7
2020-08-29,US,Oklahoma,Payne,1096,5,0,36.07695283,-96.97584944,40119.0,1340.1154260001954,0.4562043795620438,1091,1047,5,0,1042,1001,82040,49,0,0,49,46
2020-08-29,US,Oklahoma,Pittsburg,573,15,0,34.92065823,-95.75134320000001,40121.0,1312.5944930590556,2.6178010471204187,558,564,15,0,549,553,43877,9,0,0,9,11
2020-08-29,US,Oklahoma,Pontotoc,235,3,0,34.72959848,-96.68337199,40123.0,613.8334552293386,1.2765957446808511,232,233,3,0,230,232,38247,2,0,0,2,1
2020-08-29,US,Oklahoma,Pottawatomie,829,9,0,35.20614018,-96.94923008,40125.0,1141.99911836015,1.0856453558504222,820,801,9,0,792,787,72679,28,0,0,28,14
2020-08-29,US,Oklahoma,Pushmataha,126,1,0,34.41635232,-95.37603505,40127.0,1135.544340302812,0.7936507936507936,125,125,1,0,124,123,11179,1,0,0,1,2
2020-08-29,US,Oklahoma,Roger Mills,13,1,0,35.68711719,-99.69666167,40129.0,362.8244487859336,7.6923076923076925,12,13,1,0,12,13,3656,0,0,0,0,0
2020-08-29,US,Oklahoma,Rogers,1302,41,0,36.37004357,-95.60406759,40131.0,1408.1917390410886,3.1490015360983103,1261,1279,40,0,1239,1260,91984,23,1,0,22,19
2020-08-29,US,Oklahoma,Seminole,315,5,0,35.16478725,-96.61686741,40133.0,1298.5406876082118,1.5873015873015872,310,305,5,0,300,302,24578,10,0,0,10,3
2020-08-29,US,Oklahoma,Sequoyah,577,8,0,35.49447108,-94.75463785,40135.0,1388.0535976328515,1.3864818024263432,569,575,8,0,567,568,41179,2,0,0,2,7
2020-08-29,US,Oklahoma,Stephens,249,4,0,34.48556989,-97.85141892,40137.0,577.1504067867324,1.606425702811245,245,247,4,0,243,244,43265,2,0,0,2,3
2020-08-29,US,Oklahoma,Texas,1143,7,0,36.74777635,-101.4889765,40139.0,5719.86188260021,0.6124234470691163,1136,1127,7,0,1120,1124,20455,16,0,0,16,3
2020-08-29,US,Oklahoma,Tillman,64,1,0,34.37288446,-98.92426619,40141.0,882.7586206896551,1.5625,63,64,1,0,63,64,7348,0,0,0,0,0
2020-08-29,US,Oklahoma,Tulsa,13104,132,0,36.11939621,-95.94013939,40143.0,2011.1978782967442,1.0073260073260073,12972,12941,129,0,12812,12831,648360,163,3,0,160,110
2020-08-29,US,Oklahoma,Unassigned,103,0,0,0.0,0.0,90040.0,0.0,0.0,103,21,0,0,21,18,,82,0,0,82,3
2020-08-29,US,Oklahoma,Wagoner,1127,23,0,35.96024096,-95.51911308,40145.0,1386.4114455830431,2.0408163265306123,1104,1114,23,0,1091,1102,80110,13,0,0,13,12
2020-08-29,US,Oklahoma,Washington,780,39,0,36.71380786,-95.90514104,40147.0,1513.7694800784054,5.0,741,766,39,0,727,761,51843,14,0,0,14,5
2020-08-29,US,Oklahoma,Washita,42,0,0,35.29071824,-98.99180434,40149.0,384.756320996702,0.0,42,42,0,0,42,42,11127,0,0,0,0,0
2020-08-29,US,Oklahoma,Woods,24,0,0,36.76705782,-98.86573064,40151.0,272.9443875810304,0.0,24,24,0,0,24,24,8897,0,0,0,0,0
2020-08-29,US,Oklahoma,Woodward,89,0,0,36.42316318,-99.26283045,40153.0,440.3542625303053,0.0,89,81,0,0,81,79,20222,8,0,0,8,2
2020-08-29,US,Oregon,Baker,70,2,0,44.70915557,-117.6749883,41001.0,434.13545026048126,2.8571428571428568,68,68,2,0,66,67,16006,2,0,0,2,1
2020-08-29,US,Oregon,Benton,208,6,0,44.49167306,-123.4316987,41003.0,223.52852675357056,2.8846153846153846,202,208,6,0,202,207,92101,0,0,0,0,1
2020-08-29,US,Oregon,Clackamas,1923,56,0,45.18787398,-122.2179634,41005.0,459.84212804319606,2.9121164846593866,1867,1904,55,0,1849,1878,416075,19,1,0,18,26
2020-08-29,US,Oregon,Clatsop,95,0,0,45.99712889,-123.660711,41007.0,236.17740652346856,0.0,95,95,0,0,95,95,39764,0,0,0,0,0
2020-08-29,US,Oregon,Columbia,128,1,0,45.94464254,-123.08908980000001,41009.0,244.48943729227955,0.78125,127,128,1,0,127,128,52377,0,0,0,0,0
2020-08-29,US,Oregon,Coos,112,0,0,43.17406868,-124.0594514,41011.0,173.67841580473583,0.0,112,110,0,0,110,106,64389,2,0,0,2,4
2020-08-29,US,Oregon,Crook,54,1,0,44.14230227,-120.356297,41013.0,221.27520078675627,1.851851851851852,53,54,1,0,53,54,23867,0,0,0,0,0
2020-08-29,US,Oregon,Curry,20,0,0,42.45911325,-124.15728200000001,41015.0,87.24100327153762,0.0,20,20,0,0,20,20,22813,0,0,0,0,0
2020-08-29,US,Oregon,Deschutes,687,10,0,43.91570171,-121.2289121,41017.0,347.5102684984724,1.4556040756914117,677,687,11,0,676,681,191996,0,-1,0,1,6
2020-08-29,US,Oregon,Douglas,177,2,0,43.27941273,-123.16729099999999,41019.0,159.4881960713642,1.1299435028248588,175,177,2,0,175,174,110283,0,0,0,0,3
2020-08-29,US,Oregon,Gilliam,4,0,0,45.37160076,-120.20488689999999,41021.0,209.20502092050208,0.0,4,4,0,0,4,4,1894,0,0,0,0,0
2020-08-29,US,Oregon,Grant,8,0,0,44.49024544,-119.0068631,41023.0,111.12654535352131,0.0,8,8,0,0,8,8,7176,0,0,0,0,0
2020-08-29,US,Oregon,Harney,12,0,0,43.06422669,-118.96663059999999,41025.0,162.31570404436633,0.0,12,11,0,0,11,11,7329,1,0,0,1,0
2020-08-29,US,Oregon,Hood River,224,0,0,45.51872811,-121.65520359999998,41027.0,958.0018817894104,0.0,224,223,0,0,223,223,23428,1,0,0,1,0
2020-08-29,US,Oregon,Jackson,793,2,0,42.43201126,-122.72893090000001,41029.0,358.91447606633363,0.2522068095838588,791,776,2,0,774,762,219564,17,0,0,17,14
2020-08-29,US,Oregon,Jefferson,457,7,0,44.62806839,-121.17832,41031.0,1853.3538810933567,1.5317286652078774,450,454,7,0,447,452,24192,3,0,0,3,2
2020-08-29,US,Oregon,Josephine,154,2,0,42.3665549,-123.5561938,41033.0,176.02615245693644,1.2987012987012987,152,154,2,0,152,154,87393,0,0,0,0,0
2020-08-29,US,Oregon,Klamath,235,2,0,42.68762984,-121.64964609999998,41035.0,344.382895161054,0.851063829787234,233,234,2,0,232,230,67653,1,0,0,1,4
2020-08-29,US,Oregon,Lake,30,0,0,42.79246693,-120.38501629999999,41037.0,381.2428516965307,0.0,30,30,0,0,30,30,7879,0,0,0,0,0
2020-08-29,US,Oregon,Lane,693,6,0,43.93727035,-122.847753,41039.0,181.38179952730803,0.8658008658008658,687,682,5,0,677,672,379611,11,1,0,10,10
2020-08-29,US,Oregon,Lincoln,464,13,0,44.64252874,-123.86991200000001,41041.0,928.7058164204796,2.8017241379310347,451,463,13,0,450,459,49388,1,0,0,1,4
2020-08-29,US,Oregon,Linn,380,12,0,44.48899494,-122.53731540000001,41043.0,292.87316279894264,3.1578947368421053,368,377,12,0,365,371,127335,3,0,0,3,6
2020-08-29,US,Oregon,Malheur,1148,19,0,43.1937027,-117.62273950000001,41045.0,3755.1928298060247,1.6550522648083623,1129,1122,19,0,1103,1085,30725,26,0,0,26,37
2020-08-29,US,Oregon,Marion,3746,79,0,44.90287942,-122.58151170000001,41047.0,1077.000040250936,2.10891617725574,3667,3706,78,0,3628,3662,346868,40,1,0,39,44
2020-08-29,US,Oregon,Morrow,431,3,0,45.41846568,-119.584546,41049.0,3714.5565801947773,0.6960556844547564,428,429,3,0,426,420,11372,2,0,0,2,9
2020-08-29,US,Oregon,Multnomah,5942,118,0,45.54747959,-122.4169351,41051.0,731.0036845439838,1.985863345674857,5824,5902,115,0,5787,5833,811880,40,3,0,37,69
2020-08-29,US,Oregon,Polk,411,14,0,44.90322804,-123.4128888,41053.0,477.43509322181563,3.40632603406326,397,408,14,0,394,399,85234,3,0,0,3,9
2020-08-29,US,Oregon,Sherman,16,0,0,45.41501554,-120.6827834,41055.0,898.876404494382,0.0,16,16,0,0,16,16,1708,0,0,0,0,0
2020-08-29,US,Oregon,Tillamook,38,0,0,45.46248721,-123.712066,41057.0,140.55333629235093,0.0,38,38,0,0,38,38,26787,0,0,0,0,0
2020-08-29,US,Oregon,Umatilla,2634,37,0,45.59073056,-118.7353826,41059.0,3379.089159717768,1.404707668944571,2597,2616,37,0,2579,2599,77516,18,0,0,18,17
2020-08-29,US,Oregon,Union,418,2,0,45.30915495,-118.0068979,41061.0,1557.6672256381592,0.4784688995215311,416,414,2,0,412,412,26461,4,0,0,4,2
2020-08-29,US,Oregon,Wallowa,22,1,0,45.57894064,-117.18353799999998,41063.0,305.2164261931188,4.545454545454546,21,22,1,0,21,22,7081,0,0,0,0,0
2020-08-29,US,Oregon,Wasco,206,3,0,45.16292781,-121.16709540000001,41065.0,772.0560677610374,1.4563106796116505,203,206,3,0,203,206,26505,0,0,0,0,0
2020-08-29,US,Oregon,Washington,3727,42,0,45.55972701,-123.0955257,41067.0,619.5228659955585,1.1269117252481888,3685,3694,40,0,3654,3673,597695,33,2,0,31,21
2020-08-29,US,Oregon,Yamhill,626,14,0,45.23330449,-123.3086963,41071.0,584.5004668534079,2.236421725239617,612,614,14,0,600,610,107002,12,0,0,12,4
2020-08-29,US,Pennsylvania,Adams,632,23,0,39.87140411,-77.21610347,42001.0,613.5386228387813,3.6392405063291138,609,599,23,0,576,585,102811,33,0,0,33,14
2020-08-29,US,Pennsylvania,Allegheny,10211,313,0,40.46809875,-79.98167747,42003.0,839.689320707704,3.0653217118793457,9898,10128,311,0,9817,10065,1218452,83,2,0,81,63
2020-08-29,US,Pennsylvania,Armstrong,312,9,0,40.81665618,-79.46290811,42005.0,481.9649339615355,2.8846153846153846,303,308,9,0,299,301,65263,4,0,0,4,7
2020-08-29,US,Pennsylvania,Beaver,1597,96,0,40.6825484,-80.34921611,42007.0,974.2022460943456,6.011271133375077,1501,1573,96,0,1477,1532,164742,24,0,0,24,41
2020-08-29,US,Pennsylvania,Bedford,168,5,0,40.00522157,-78.48998442,42009.0,350.81857667891745,2.9761904761904763,163,167,5,0,162,166,48176,1,0,0,1,1
2020-08-29,US,Pennsylvania,Berks,6012,379,0,40.41570541,-75.92457766,42011.0,1427.4724335413284,6.304058549567531,5633,5980,381,0,5599,5942,420152,32,-2,0,34,38
2020-08-29,US,Pennsylvania,Blair,443,11,0,40.47961444,-78.34917412,42013.0,363.6244243981318,2.4830699774266365,432,434,11,0,423,427,122492,9,0,0,9,7
2020-08-29,US,Pennsylvania,Bradford,99,3,0,41.78869215,-76.51570822,42015.0,164.1165061419359,3.0303030303030303,96,98,3,0,95,98,60833,1,0,0,1,0
2020-08-29,US,Pennsylvania,Bucks,7744,586,0,40.33682119,-75.10836643,42017.0,1232.5910834513825,7.567148760330578,7158,7705,585,0,7120,7666,628195,39,1,0,38,39
2020-08-29,US,Pennsylvania,Butler,778,18,0,40.91152759,-79.91351055,42019.0,414.1536201178581,2.3136246786632397,760,767,18,0,749,760,187888,11,0,0,11,7
2020-08-29,US,Pennsylvania,Cambria,457,4,0,40.49527404,-78.71377428,42021.0,351.02003195280815,0.8752735229759301,453,450,4,0,446,448,131730,7,0,0,7,2
2020-08-29,US,Pennsylvania,Cameron,8,0,0,41.43625568,-78.20376845,42023.0,179.89655947830002,0.0,8,8,0,0,8,8,4492,0,0,0,0,0
2020-08-29,US,Pennsylvania,Carbon,420,28,0,40.91545395,-75.7068525,42025.0,654.3890810507619,6.666666666666668,392,420,28,0,392,419,64227,0,0,0,0,1
2020-08-29,US,Pennsylvania,Centre,462,11,0,40.92058903,-77.82200624,42027.0,284.5090371647628,2.380952380952381,451,442,11,0,431,433,162805,20,0,0,20,9
2020-08-29,US,Pennsylvania,Chester,5604,356,0,39.97291773,-75.74768357,42029.0,1067.4509370672529,6.352605281941471,5248,5604,356,0,5248,5561,522046,0,0,0,0,43
2020-08-29,US,Pennsylvania,Clarion,98,3,0,41.19265812,-79.42413524,42031.0,254.95603309225243,3.0612244897959178,95,98,3,0,95,99,38779,0,0,0,0,-1
2020-08-29,US,Pennsylvania,Clearfield,226,1,0,41.00110782,-78.47592663,42033.0,285.1555106933317,0.4424778761061947,225,224,1,0,223,215,79388,2,0,0,2,9
2020-08-29,US,Pennsylvania,Clinton,133,5,0,41.23255967,-77.63785995,42035.0,344.27417684820875,3.7593984962406015,128,132,5,0,127,131,38684,1,0,0,1,1
2020-08-29,US,Pennsylvania,Columbia,598,35,0,41.04821986,-76.40565017,42037.0,920.5098208238408,5.852842809364549,563,580,35,0,545,562,65456,18,0,0,18,18
2020-08-29,US,Pennsylvania,Crawford,209,2,0,41.68447709,-80.10760592,42039.0,246.96026184877525,0.9569377990430622,207,203,2,0,201,201,85063,6,0,0,6,2
2020-08-29,US,Pennsylvania,Cumberland,1516,72,0,40.1625372,-77.26130755,42041.0,598.3344515925328,4.749340369393139,1444,1496,72,0,1424,1487,251423,20,0,0,20,9
2020-08-29,US,Pennsylvania,Dauphin,3274,163,0,40.41377078,-76.77993242,42043.0,1176.432541978232,4.978619425778864,3111,3246,163,0,3083,3214,277097,28,0,0,28,32
2020-08-29,US,Pennsylvania,Delaware,10281,724,0,39.91680171,-75.40243663,42045.0,1814.036951232208,7.042116525629803,9557,10236,724,0,9512,10187,564751,45,0,0,45,49
2020-08-29,US,Pennsylvania,Elk,64,2,0,41.42822061,-78.64524744,42047.0,213.97525911066532,3.125,62,64,2,0,62,64,30169,0,0,0,0,0
2020-08-29,US,Pennsylvania,Erie,1345,32,0,41.99253829,-80.03301954,42049.0,498.6504923478467,2.379182156133829,1313,1335,30,0,1305,1321,272061,10,2,0,8,14
2020-08-29,US,Pennsylvania,Fayette,683,6,0,39.92041012,-79.64291195,42051.0,528.3351640701146,0.8784773060029283,677,681,6,0,675,674,130441,2,0,0,2,7
2020-08-29,US,Pennsylvania,Forest,14,0,0,41.51095103,-79.23229292,42053.0,193.1833862287843,0.0,14,14,0,0,14,14,7279,0,0,0,0,0
2020-08-29,US,Pennsylvania,Franklin,1504,46,0,39.92956518,-77.72157791,42055.0,970.1535861495096,3.0585106382978724,1458,1499,46,0,1453,1493,154835,5,0,0,5,6
2020-08-29,US,Pennsylvania,Fulton,34,2,0,39.92913544,-78.11163677,42057.0,233.9986235375086,5.882352941176472,32,34,2,0,32,34,14523,0,0,0,0,0
2020-08-29,US,Pennsylvania,Greene,138,1,0,39.85746531,-80.22357106,42059.0,380.8682692573069,0.7246376811594203,137,136,1,0,135,135,36506,2,0,0,2,1
2020-08-29,US,Pennsylvania,Huntingdon,360,5,0,40.42162652,-77.97673273,42061.0,797.4481658692184,1.3888888888888888,355,357,5,0,352,354,45168,3,0,0,3,3
2020-08-29,US,Pennsylvania,Indiana,419,10,0,40.65241041,-79.08963285,42063.0,498.37641097617546,2.386634844868735,409,418,10,0,408,412,84501,1,0,0,1,6
2020-08-29,US,Pennsylvania,Jefferson,97,1,0,41.12913106,-78.9986361,42065.0,223.3736327000576,1.0309278350515465,96,97,1,0,96,96,43641,0,0,0,0,1
2020-08-29,US,Pennsylvania,Juniata,149,6,0,40.53358749,-77.39975129999998,42067.0,601.7041553931267,4.026845637583893,143,149,6,0,143,149,24704,0,0,0,0,0
2020-08-29,US,Pennsylvania,Lackawanna,2061,213,0,41.43564672,-75.60379201,42069.0,982.9544912578574,10.334788937409023,1848,2027,213,0,1814,2012,210793,34,0,0,34,15
2020-08-29,US,Pennsylvania,Lancaster,6660,432,0,40.03904563,-76.24770128,42071.0,1220.3971238208326,6.486486486486488,6228,6623,429,0,6194,6578,543557,37,3,0,34,45
2020-08-29,US,Pennsylvania,Lawrence,454,18,0,40.99206278,-80.33393706,42073.0,530.9196370100103,3.9647577092511015,436,453,18,0,435,450,86184,1,0,0,1,3
2020-08-29,US,Pennsylvania,Lebanon,1717,57,0,40.36680311,-76.45651841,42075.0,1210.9201441538016,3.31974373907979,1660,1705,57,0,1648,1694,141314,12,0,0,12,11
2020-08-29,US,Pennsylvania,Lehigh,5184,343,0,40.6154815,-75.59435245,42077.0,1403.6683833444351,6.616512345679013,4841,5165,343,0,4822,5152,368100,19,0,0,19,13
2020-08-29,US,Pennsylvania,Luzerne,3768,188,0,41.17823008,-75.98447579,42079.0,1187.0819773358076,4.989384288747346,3580,3753,188,0,3565,3730,317646,15,0,0,15,23
2020-08-29,US,Pennsylvania,Lycoming,508,22,0,41.34310539,-77.06629984,42081.0,448.3711241935057,4.330708661417323,486,505,22,0,483,501,113664,3,0,0,3,4
2020-08-29,US,Pennsylvania,McKean,37,1,0,41.80938602,-78.56478358,42083.0,91.07692307692308,2.702702702702702,36,37,1,0,36,36,40968,0,0,0,0,1
2020-08-29,US,Pennsylvania,Mercer,543,13,0,41.30248872,-80.25816981,42085.0,496.2348296534581,2.394106813996317,530,541,13,0,528,539,110683,2,0,0,2,2
2020-08-29,US,Pennsylvania,Mifflin,159,1,0,40.61116939,-77.61070738,42087.0,344.61831895617485,0.6289308176100629,158,155,1,0,154,152,46222,4,0,0,4,3
2020-08-29,US,Pennsylvania,Monroe,1713,127,0,41.05934058,-75.34031025,42089.0,1006.0433074334444,7.413893753648571,1586,1711,127,0,1584,1704,169507,2,0,0,2,7
2020-08-29,US,Pennsylvania,Montgomery,10947,861,0,40.21053671,-75.36652296,42091.0,1317.4632784340156,7.865168539325843,10086,10912,861,0,10051,10871,828604,35,0,0,35,41
2020-08-29,US,Pennsylvania,Montour,129,5,0,41.03023987,-76.66345939,42093.0,707.6247942951179,3.875968992248062,124,129,4,0,125,126,18240,0,1,0,-1,3
2020-08-29,US,Pennsylvania,Northampton,4112,300,0,40.75182733,-75.30471829,42095.0,1346.9381070147567,7.295719844357976,3812,4092,300,0,3792,4080,304807,20,0,0,20,12
2020-08-29,US,Pennsylvania,Northumberland,668,34,0,40.84785433,-76.70798222,42097.0,735.3345882456546,5.089820359281437,634,659,32,0,627,652,91083,9,2,0,7,7
2020-08-29,US,Pennsylvania,Perry,174,5,0,40.40206612,-77.26297447,42099.0,376.0373443983402,2.8735632183908044,169,174,5,0,169,172,46139,0,0,0,0,2
2020-08-29,US,Pennsylvania,Philadelphia,33607,1749,0,40.00338507,-75.1379271,42101.0,2121.5683204719007,5.204272919332282,31858,33495,1749,0,31746,33343,1584138,112,0,0,112,152
2020-08-29,US,Pennsylvania,Pike,542,21,0,41.33155042,-75.03208106,42103.0,971.1695246286439,3.8745387453874534,521,539,21,0,518,537,55933,3,0,0,3,2
2020-08-29,US,Pennsylvania,Potter,24,0,0,41.74471626,-77.89559864,42105.0,145.22570494977614,0.0,24,24,0,0,24,24,16622,0,0,0,0,0
2020-08-29,US,Pennsylvania,Schuylkill,988,51,0,40.70497338,-76.2150785,42107.0,698.9296755070424,5.161943319838056,937,983,51,0,932,980,142067,5,0,0,5,3
2020-08-29,US,Pennsylvania,Snyder,160,2,0,40.77129231,-77.06840691,42109.0,396.31427722183685,1.25,158,151,2,0,149,148,40540,9,0,0,9,3
2020-08-29,US,Pennsylvania,Somerset,164,3,0,39.97172723,-79.02699593,42111.0,223.29026372758588,1.8292682926829267,161,162,3,0,159,161,73952,2,0,0,2,1
2020-08-29,US,Pennsylvania,Sullivan,10,0,0,41.44634738,-76.51246591,42113.0,164.85328058028355,0.0,10,10,0,0,10,10,6071,0,0,0,0,0
2020-08-29,US,Pennsylvania,Susquehanna,264,27,0,41.82147784,-75.80071959,42115.0,654.6320174568538,10.227272727272727,237,259,27,0,232,255,40589,5,0,0,5,4
2020-08-29,US,Pennsylvania,Tioga,48,3,0,41.77255149,-77.25433032,42117.0,118.252814663349,6.25,45,47,3,0,44,46,40763,1,0,0,1,1
2020-08-29,US,Pennsylvania,Union,367,4,0,40.96188846,-77.05996014,42119.0,816.9534536874208,1.0899182561307903,363,372,4,0,368,359,44785,-5,0,0,-5,13
2020-08-29,US,Pennsylvania,Venango,70,1,0,41.40323442,-79.75845449,42121.0,138.15425909844478,1.4285714285714286,69,70,1,0,69,70,51266,0,0,0,0,0
2020-08-29,US,Pennsylvania,Warren,27,1,0,41.81304978,-79.26969577,42123.0,68.89336837539231,3.703703703703704,26,27,1,0,26,26,39498,0,0,0,0,1
2020-08-29,US,Pennsylvania,Washington,1036,27,0,40.19208869,-80.24582867,42125.0,500.80970681362237,2.606177606177606,1009,1019,26,0,993,1001,207346,17,1,0,16,18
2020-08-29,US,Pennsylvania,Wayne,177,10,0,41.64938475,-75.29956506,42127.0,344.6194583438796,5.649717514124294,167,176,10,0,166,175,51276,1,0,0,1,1
2020-08-29,US,Pennsylvania,Westmoreland,1802,49,0,40.31377979999999,-79.46615476,42129.0,516.4818471821359,2.7192008879023306,1753,1789,49,0,1740,1778,350611,13,0,0,13,11
2020-08-29,US,Pennsylvania,Wyoming,66,8,0,41.51955538,-76.01074915,42131.0,246.32380383667984,12.12121212121212,58,66,8,0,58,65,27046,0,0,0,0,1
2020-08-29,US,Pennsylvania,York,3301,122,0,39.9210089,-76.73040131,42133.0,735.0943530679779,3.695849742502272,3179,3269,118,0,3151,3232,448273,32,4,0,28,37
2020-08-29,US,Puerto Rico,Adjuntas,119,0,0,18.180117000000006,-66.754367,72001.0,610.7888928809733,0.0,119,119,0,0,119,119,,0,0,0,0,0
2020-08-29,US,Puerto Rico,Aguada,213,0,0,18.360255,-67.17513100000001,72003.0,507.63840892299623,0.0,213,209,0,0,209,202,,4,0,0,4,7
2020-08-29,US,Puerto Rico,Aguadilla,309,0,0,18.459681,-67.12081500000001,72005.0,506.98124661602316,0.0,309,304,0,0,304,298,,5,0,0,5,6
2020-08-29,US,Puerto Rico,Aguas Buenas,193,0,0,18.251619,-66.126806,72007.0,673.4359189085452,0.0,193,190,0,0,190,188,,3,0,0,3,2
2020-08-29,US,Puerto Rico,Aibonito,122,0,0,18.131361,-66.264131,72009.0,471.04247104247116,0.0,122,119,0,0,119,119,,3,0,0,3,0
2020-08-29,US,Puerto Rico,Anasco,191,0,0,18.287985,-67.120611,72011.0,652.7459758723214,0.0,191,188,0,0,188,182,,3,0,0,3,6
2020-08-29,US,Puerto Rico,Arecibo,493,0,0,18.406631,-66.675077,72013.0,511.19867274989633,0.0,493,484,0,0,484,477,,9,0,0,9,7
2020-08-29,US,Puerto Rico,Arroyo,126,0,0,17.998457000000005,-66.056546,72015.0,643.6781609195402,0.0,126,125,0,0,125,119,,1,0,0,1,6
2020-08-29,US,Puerto Rico,Barceloneta,122,0,0,18.445532999999998,-66.56053100000001,72017.0,491.61831076724695,0.0,122,122,0,0,122,119,,0,0,0,0,3
2020-08-29,US,Puerto Rico,Barranquitas,329,0,0,18.201592,-66.30963,72019.0,1085.1639290190649,0.0,329,326,0,0,326,323,,3,0,0,3,3
2020-08-29,US,Puerto Rico,Bayamon,2529,0,0,18.34946,-66.168435,72021.0,1215.1876837917316,0.0,2529,2460,0,0,2460,2384,,69,0,0,69,76
2020-08-29,US,Puerto Rico,Cabo Rojo,277,0,0,18.040993,-67.154391,72023.0,544.0226250564643,0.0,277,271,0,0,271,268,,6,0,0,6,3
2020-08-29,US,Puerto Rico,Caguas,1079,0,0,18.211615,-66.050779,72025.0,755.1104672727147,0.0,1079,1060,0,0,1060,1044,,19,0,0,19,16
2020-08-29,US,Puerto Rico,Camuy,191,0,0,18.418578,-66.860206,72027.0,543.2463949486618,0.0,191,190,0,0,190,188,,1,0,0,1,2
2020-08-29,US,Puerto Rico,Canovanas,503,0,0,18.328802,-65.887612,72029.0,1055.6581598388182,0.0,503,495,0,0,495,489,,8,0,0,8,6
2020-08-29,US,Puerto Rico,Carolina,1843,0,0,18.374986,-65.95683100000001,72031.0,1042.6449123680432,0.0,1843,1801,0,0,1801,1766,,42,0,0,42,35
2020-08-29,US,Puerto Rico,Catano,299,0,0,18.437269,-66.14330600000001,72033.0,1062.544420753376,0.0,299,290,0,0,290,281,,9,0,0,9,9
2020-08-29,US,Puerto Rico,Cayey,261,0,0,18.102851,-66.14914,72035.0,542.4052868929114,0.0,261,258,0,0,258,251,,3,0,0,3,7
2020-08-29,US,Puerto Rico,Ceiba,87,0,0,18.251818,-65.666416,72037.0,638.251045411195,0.0,87,84,0,0,84,82,,3,0,0,3,2
2020-08-29,US,Puerto Rico,Ciales,188,0,0,18.28885,-66.516475,72039.0,1000.9583643914386,0.0,188,187,0,0,187,186,,1,0,0,1,1
2020-08-29,US,Puerto Rico,Cidra,238,0,0,18.173559,-66.161179,72041.0,547.378104875805,0.0,238,237,0,0,237,235,,1,0,0,1,2
2020-08-29,US,Puerto Rico,Coamo,210,0,0,18.097597,-66.36014,72043.0,518.3649289099526,0.0,210,208,0,0,208,199,,2,0,0,2,9
2020-08-29,US,Puerto Rico,Comerio,167,0,0,18.224687,-66.221622,72045.0,803.7347194147658,0.0,167,166,0,0,166,164,,1,0,0,1,2
2020-08-29,US,Puerto Rico,Corozal,397,0,0,18.304264,-66.327738,72047.0,1068.8708200958483,0.0,397,387,0,0,387,376,,10,0,0,10,11
2020-08-29,US,Puerto Rico,Culebra,20,0,0,18.31586,-65.28813000000001,72049.0,1100.1100110011,0.0,20,20,0,0,20,20,,0,0,0,0,0
2020-08-29,US,Puerto Rico,Dorado,509,0,0,18.436115,-66.278669,72051.0,1333.6826935674044,0.0,509,465,0,0,465,455,,44,0,0,44,10
2020-08-29,US,Puerto Rico,Fajardo,348,0,0,18.318373,-65.666866,72053.0,940.7185143135187,0.0,348,341,0,0,341,334,,7,0,0,7,7
2020-08-29,US,Puerto Rico,Florida,208,0,0,18.373715,-66.560488,72054.0,1640.378548895899,0.0,208,207,0,0,207,204,,1,0,0,1,3
2020-08-29,US,Puerto Rico,Guanica,81,0,0,17.982429,-66.91964300000001,72055.0,416.94548823801927,0.0,81,81,0,0,81,78,,0,0,0,0,3
2020-08-29,US,Puerto Rico,Guayama,229,0,0,18.007516,-66.13390799999999,72057.0,504.8278294607821,0.0,229,218,0,0,218,214,,11,0,0,11,4
2020-08-29,US,Puerto Rico,Guayanilla,144,0,0,18.039942,-66.79186,72059.0,667.2536027060839,0.0,144,143,0,0,143,142,,1,0,0,1,1
2020-08-29,US,Puerto Rico,Guaynabo,1241,0,0,18.345114000000002,-66.11452299999999,72061.0,1267.3093419386462,0.0,1241,1226,0,0,1226,1203,,15,0,0,15,23
2020-08-29,US,Puerto Rico,Gurabo,355,0,0,18.266461,-65.97970500000001,72063.0,782.4726134585289,0.0,355,351,0,0,351,346,,4,0,0,4,5
2020-08-29,US,Puerto Rico,Hatillo,186,0,0,18.410928,-66.79632600000001,72065.0,443.353276285367,0.0,186,186,0,0,186,183,,0,0,0,0,3
2020-08-29,US,Puerto Rico,Hormigueros,121,0,0,18.134532,-67.113972,72067.0,701.4492753623189,0.0,121,119,0,0,119,118,,2,0,0,2,1
2020-08-29,US,Puerto Rico,Humacao,293,0,0,18.145211,-65.810174,72069.0,501.1459651763418,0.0,293,290,0,0,290,286,,3,0,0,3,4
2020-08-29,US,Puerto Rico,Isabela,200,0,0,18.44981,-67.005093,72071.0,438.29852512546296,0.0,200,197,0,0,197,191,,3,0,0,3,6
2020-08-29,US,Puerto Rico,Jayuya,204,0,0,18.211446,-66.58878,72073.0,1225.8142050234344,0.0,204,203,0,0,203,198,,1,0,0,1,5
2020-08-29,US,Puerto Rico,Juana Diaz,254,0,0,18.050764,-66.49458100000001,72075.0,317.90930823435167,0.0,254,250,0,0,250,247,,4,0,0,4,3
2020-08-29,US,Puerto Rico,Juncos,234,0,0,18.223793,-65.909109,72077.0,580.789277736411,0.0,234,232,0,0,232,225,,2,0,0,2,7
2020-08-29,US,Puerto Rico,Lajas,116,0,0,18.011661,-67.040585,72079.0,450.4329592668817,0.0,116,111,0,0,111,109,,5,0,0,5,2
2020-08-29,US,Puerto Rico,Lares,236,0,0,18.269035000000002,-66.867236,72081.0,767.4048060351836,0.0,236,236,0,0,236,234,,0,0,0,0,2
2020-08-29,US,Puerto Rico,Las Marias,79,0,0,18.23679,-66.98362,72083.0,799.5142192085823,0.0,79,79,0,0,79,80,,0,0,0,0,-1
2020-08-29,US,Puerto Rico,Las Piedras,267,0,0,18.187527,-65.86946800000001,72085.0,690.3684550743375,0.0,267,263,0,0,263,256,,4,0,0,4,7
2020-08-29,US,Puerto Rico,Loiza,180,0,0,18.425688,-65.89943000000001,72087.0,598.8023952095807,0.0,180,178,0,0,178,176,,2,0,0,2,2
2020-08-29,US,Puerto Rico,Luquillo,172,0,0,18.342114000000002,-65.72509699999999,72089.0,857.0859079130955,0.0,172,171,0,0,171,169,,1,0,0,1,2
2020-08-29,US,Puerto Rico,Manati,352,0,0,18.420473,-66.490461,72091.0,797.950717475574,0.0,352,348,0,0,348,343,,4,0,0,4,5
2020-08-29,US,Puerto Rico,Maricao,51,0,0,18.171795,-66.942126,72093.0,812.6195028680687,0.0,51,51,0,0,51,50,,0,0,0,0,1
2020-08-29,US,Puerto Rico,Maunabo,86,0,0,18.017889,-65.922235,72095.0,703.476482617587,0.0,86,84,0,0,84,82,,2,0,0,2,2
2020-08-29,US,Puerto Rico,Mayaguez,626,0,0,18.2013,-67.1452,72097.0,702.73911091154,0.0,626,619,0,0,619,612,,7,0,0,7,7
2020-08-29,US,Puerto Rico,Moca,251,0,0,18.377805,-67.080952,72099.0,625.7947094168392,0.0,251,247,0,0,247,245,,4,0,0,4,2
2020-08-29,US,Puerto Rico,Morovis,389,0,0,18.316963,-66.420383,72101.0,1192.885617908617,0.0,389,383,0,0,383,368,,6,0,0,6,15
2020-08-29,US,Puerto Rico,Naguabo,133,0,0,18.230636999999998,-65.753897,72103.0,497.7544910179641,0.0,133,130,0,0,130,127,,3,0,0,3,3
2020-08-29,US,Puerto Rico,Naranjito,457,0,0,18.288019,-66.252703,72105.0,1503.1905795671335,0.0,457,453,0,0,453,437,,4,0,0,4,16
2020-08-29,US,Puerto Rico,Orocovis,271,0,0,18.215046,-66.433604,72107.0,1156.9824531443453,0.0,271,269,0,0,269,267,,2,0,0,2,2
2020-08-29,US,Puerto Rico,Out of PR,739,0,0,0.0,0.0,72888.0,0.0,0.0,739,738,0,0,738,738,,1,0,0,1,0
2020-08-29,US,Puerto Rico,Patillas,133,0,0,18.03174,-66.012242,72109.0,689.9413809202676,0.0,133,133,0,0,133,130,,0,0,0,0,3
2020-08-29,US,Puerto Rico,Penuelas,98,0,0,18.059645,-66.721572,72111.0,403.59113746808333,0.0,98,97,0,0,97,96,,1,0,0,1,1
2020-08-29,US,Puerto Rico,Ponce,644,0,0,18.059498,-66.613748,72113.0,387.1890913682084,0.0,644,641,0,0,641,633,,3,0,0,3,8
2020-08-29,US,Puerto Rico,Quebradillas,114,0,0,18.439692,-66.926113,72115.0,439.83178363362777,0.0,114,113,0,0,113,109,,1,0,0,1,4
2020-08-29,US,Puerto Rico,Rincon,123,0,0,18.335442999999998,-67.23174,72117.0,809.2105263157895,0.0,123,123,0,0,123,123,,0,0,0,0,0
2020-08-29,US,Puerto Rico,Rio Grande,432,0,0,18.346329,-65.813742,72119.0,795.5215085444902,0.0,432,419,0,0,419,414,,13,0,0,13,5
2020-08-29,US,Puerto Rico,Sabana Grande,157,0,0,18.08282,-66.943758,72121.0,621.4130219671483,0.0,157,157,0,0,157,155,,0,0,0,0,2
2020-08-29,US,Puerto Rico,Salinas,306,0,0,18.010386999999994,-66.256592,72123.0,984.6193448741876,0.0,306,299,0,0,299,295,,7,0,0,7,4
2020-08-29,US,Puerto Rico,San German,189,0,0,18.111484,-67.03858100000001,72125.0,531.9897542713992,0.0,189,187,0,0,187,186,,2,0,0,2,1
2020-08-29,US,Puerto Rico,San Juan,5205,0,0,18.386933,-66.061128,72127.0,1316.634878555926,0.0,5205,5111,0,0,5111,4993,,94,0,0,94,118
2020-08-29,US,Puerto Rico,San Lorenzo,261,0,0,18.147987,-65.976392,72129.0,635.6861025865849,0.0,261,253,0,0,253,248,,8,0,0,8,5
2020-08-29,US,Puerto Rico,San Sebastian,275,0,0,18.328646,-66.971214,72131.0,648.126325712939,0.0,275,272,0,0,272,272,,3,0,0,3,0
2020-08-29,US,Puerto Rico,Santa Isabel,129,0,0,17.994525,-66.388913,72133.0,554.266563547306,0.0,129,127,0,0,127,123,,2,0,0,2,4
2020-08-29,US,Puerto Rico,Toa Alta,891,0,0,18.362406,-66.246616,72135.0,1202.9811249426186,0.0,891,873,0,0,873,858,,18,0,0,18,15
2020-08-29,US,Puerto Rico,Toa Baja,879,0,0,18.431445999999998,-66.213553,72137.0,980.9282549743888,0.0,879,863,0,0,863,844,,16,0,0,16,19
2020-08-29,US,Puerto Rico,Trujillo Alto,735,0,0,18.336159,-65.99888399999999,72139.0,982.0688917987227,0.0,735,721,0,0,721,712,,14,0,0,14,9
2020-08-29,US,Puerto Rico,Unassigned,574,428,0,0.0,0.0,72999.0,0.0,74.5644599303136,146,590,424,0,166,591,,-16,4,0,-20,-1
2020-08-29,US,Puerto Rico,Utuado,98,0,0,18.271214,-66.702984,72141.0,295.63486078011397,0.0,98,98,0,0,98,98,,0,0,0,0,0
2020-08-29,US,Puerto Rico,Vega Alta,454,0,0,18.409346,-66.33725,72143.0,1136.3920802983655,0.0,454,430,0,0,430,415,,24,0,0,24,15
2020-08-29,US,Puerto Rico,Vega Baja,642,0,0,18.428262,-66.397924,72145.0,1076.0618148905498,0.0,642,635,0,0,635,623,,7,0,0,7,12
2020-08-29,US,Puerto Rico,Vieques,85,0,0,18.123276,-65.44097099999999,72147.0,913.8802279324804,0.0,85,85,0,0,85,84,,0,0,0,0,1
2020-08-29,US,Puerto Rico,Villalba,95,0,0,18.127951,-66.473115,72149.0,364.36160012273234,0.0,95,94,0,0,94,92,,1,0,0,1,2
2020-08-29,US,Puerto Rico,Yabucoa,197,0,0,18.070399,-65.896289,72151.0,519.2272212118817,0.0,197,190,0,0,190,187,,7,0,0,7,3
2020-08-29,US,Puerto Rico,Yauco,316,0,0,18.080374,-66.858814,72153.0,751.6114454249222,0.0,316,308,0,0,308,306,,8,0,0,8,2
2020-08-29,US,Rhode Island,Bristol,349,0,0,41.71018079,-71.28652315,44001.0,719.8993378576291,0.0,349,349,0,0,349,349,48649,0,0,0,0,0
2020-08-29,US,Rhode Island,Kent,1664,0,0,41.67106337,-71.57641596,44003.0,1012.8308134297473,0.0,1664,1664,0,0,1664,1664,163861,0,0,0,0,0
2020-08-29,US,Rhode Island,Newport,434,0,0,41.5642026,-71.26569799,44005.0,528.7395531297972,0.0,434,434,0,0,434,434,82542,0,0,0,0,0
2020-08-29,US,Rhode Island,Providence,16668,0,0,41.87064746,-71.57753536,44007.0,2608.7323983340925,0.0,16668,16668,0,0,16668,16668,636084,0,0,0,0,0
2020-08-29,US,Rhode Island,Unassigned,1874,1046,0,0.0,0.0,90044.0,0.0,55.81643543223052,828,1874,1046,0,828,1780,,0,0,0,0,94
2020-08-29,US,Rhode Island,Washington,694,0,0,41.45961631,-71.61435303,44009.0,552.6489723436616,0.0,694,694,0,0,694,694,126179,0,0,0,0,0
2020-08-29,US,South Carolina,Abbeville,406,10,0,34.22333378,-82.46170658,45001.0,1655.3186284502792,2.4630541871921183,396,404,10,0,394,394,24541,2,0,0,2,10
2020-08-29,US,South Carolina,Aiken,2325,63,0,33.54338026,-81.63645384,45003.0,1360.66763425254,2.7096774193548385,2262,2312,62,0,2250,2293,169401,13,1,0,12,19
2020-08-29,US,South Carolina,Allendale,289,6,0,32.98837386,-81.35321066,45005.0,3326.4272559852666,2.0761245674740483,283,286,6,0,280,285,8903,3,0,0,3,1
2020-08-29,US,South Carolina,Anderson,3121,120,0,34.51828081,-82.63959517,45007.0,1540.7932542777871,3.8449214995193848,3001,3065,114,0,2951,2997,200482,56,6,0,50,68
2020-08-29,US,South Carolina,Bamberg,536,28,0,33.21927586,-81.05659969,45009.0,3810.6071377790418,5.223880597014926,508,530,28,0,502,524,14275,6,0,0,6,6
2020-08-29,US,South Carolina,Barnwell,531,13,0,33.26679302,-81.43584352,45011.0,2544.809738330298,2.4482109227871938,518,526,13,0,513,521,21112,5,0,0,5,5
2020-08-29,US,South Carolina,Beaufort,4723,65,0,32.39226291,-80.72619758,45013.0,2458.3337670854976,1.376243912767309,4658,4679,65,0,4614,4635,188715,44,0,0,44,44
2020-08-29,US,South Carolina,Berkeley,4792,78,0,33.20222596,-79.94654523,45015.0,2102.612030345711,1.6277128547579298,4714,4718,77,0,4641,4676,221091,74,1,0,73,42
2020-08-29,US,South Carolina,Calhoun,414,15,0,33.66926881,-80.77722168,45017.0,2844.774273345702,3.6231884057971016,399,410,15,0,395,404,14520,4,0,0,4,6
2020-08-29,US,South Carolina,Charleston,13897,235,0,32.82487866,-79.96512315,45019.0,3377.9283724593224,1.6910124487299416,13662,13679,232,0,13447,13503,405905,218,3,0,215,176
2020-08-29,US,South Carolina,Cherokee,784,32,0,35.05122251,-81.61828622,45021.0,1368.237347294939,4.081632653061225,752,776,32,0,744,765,57078,8,0,0,8,11
2020-08-29,US,South Carolina,Chester,864,18,0,34.69249168,-81.1583216,45023.0,2679.5682917752138,2.083333333333333,846,852,18,0,834,829,32251,12,0,0,12,23
2020-08-29,US,South Carolina,Chesterfield,988,25,0,34.64137396,-80.15640140000002,45025.0,2164.2935377875133,2.530364372469636,963,973,25,0,948,937,45754,15,0,0,15,36
2020-08-29,US,South Carolina,Clarendon,971,62,0,33.66610974,-80.21647898,45027.0,2877.4633279004297,6.385169927909372,909,965,62,0,903,959,33700,6,0,0,6,6
2020-08-29,US,South Carolina,Colleton,889,39,0,32.87582989,-80.67641292,45029.0,2359.529686546169,4.386951631046118,850,887,39,0,848,877,37660,2,0,0,2,10
2020-08-29,US,South Carolina,Darlington,1623,45,0,34.33358335,-79.96027485,45031.0,2436.278483292804,2.7726432532347505,1578,1606,44,0,1562,1592,66802,17,1,0,16,14
2020-08-29,US,South Carolina,Dillon,746,28,0,34.39007791,-79.37741872,45033.0,2447.586863086059,3.7533512064343166,718,740,28,0,712,735,30599,6,0,0,6,5
2020-08-29,US,South Carolina,Dorchester,3600,74,0,33.0794369,-80.40502652,45035.0,2211.179971623191,2.055555555555556,3526,3518,73,0,3445,3484,160647,82,1,0,81,34
2020-08-29,US,South Carolina,Edgefield,489,13,0,33.77221995,-81.96231108,45037.0,1793.837123991196,2.6584867075664618,476,488,12,0,476,485,27052,1,1,0,0,3
2020-08-29,US,South Carolina,Fairfield,640,28,0,34.39287073,-81.1195624,45039.0,2863.919094285587,4.375,612,636,28,0,608,623,22402,4,0,0,4,13
2020-08-29,US,South Carolina,Florence,4201,149,0,34.02361754,-79.70189312,45041.0,3037.7531762272856,3.5467745774815516,4052,4173,150,0,4023,4120,138159,28,-1,0,29,53
2020-08-29,US,South Carolina,Georgetown,1722,37,0,33.43443342,-79.33202141,45043.0,2747.2878111040204,2.148664343786295,1685,1707,37,0,1670,1699,62249,15,0,0,15,8
2020-08-29,US,South Carolina,Greenville,12038,256,0,34.89502264,-82.37295012,45045.0,2299.3379709746305,2.1265991028410034,11782,11962,255,0,11707,11851,514213,76,1,0,75,111
2020-08-29,US,South Carolina,Greenwood,1807,47,0,34.15272415,-82.12715789,45047.0,2551.863411051955,2.6009961261759824,1760,1794,40,0,1754,1761,70741,13,7,0,6,33
2020-08-29,US,South Carolina,Hampton,540,21,0,32.77419582,-81.13845571,45049.0,2809.281032150661,3.888888888888889,519,536,21,0,515,523,19351,4,0,0,4,13
2020-08-29,US,South Carolina,Horry,9327,181,0,33.9212828,-78.99555293,45051.0,2634.143035068247,1.940602551731532,9146,9261,178,0,9083,9239,344147,66,3,0,63,22
2020-08-29,US,South Carolina,Jasper,685,18,0,32.43171982,-81.02487495,45053.0,2277.7907092741,2.627737226277372,667,680,18,0,662,676,28971,5,0,0,5,4
2020-08-29,US,South Carolina,Kershaw,1591,29,0,34.33988254,-80.58763164,45055.0,2390.647773887695,1.8227529855436837,1562,1576,29,0,1547,1550,65592,15,0,0,15,26
2020-08-29,US,South Carolina,Lancaster,1628,39,0,34.68270843,-80.70513032,45057.0,1661.0210994572094,2.395577395577396,1589,1606,35,0,1571,1582,95380,22,4,0,18,24
2020-08-29,US,South Carolina,Laurens,1476,54,0,34.48244419,-82.00490796,45059.0,2186.89345561762,3.6585365853658534,1422,1471,54,0,1417,1456,66994,5,0,0,5,15
2020-08-29,US,South Carolina,Lee,644,31,0,34.16393091,-80.25690731,45061.0,3826.955074875208,4.813664596273291,613,641,30,0,611,627,17142,3,1,0,2,14
2020-08-29,US,South Carolina,Lexington,5676,136,0,33.89665987,-81.27146426,45063.0,1899.916317991632,2.3960535588442564,5540,5610,134,0,5476,5550,295032,66,2,0,64,60
2020-08-29,US,South Carolina,Marion,678,17,0,34.07859748,-79.36400756,45067.0,2211.5666894999513,2.5073746312684366,661,669,17,0,652,661,31039,9,0,0,9,8
2020-08-29,US,South Carolina,Marlboro,699,5,0,34.59905577,-79.67561152,45069.0,2676.315184929933,0.7153075822603719,694,681,5,0,676,670,26398,18,0,0,18,11
2020-08-29,US,South Carolina,McCormick,158,5,0,33.90161443,-82.30794338,45065.0,1669.6607841065204,3.1645569620253164,153,158,5,0,153,157,9410,0,0,0,0,1
2020-08-29,US,South Carolina,Newberry,961,15,0,34.28629098,-81.59935761,45071.0,2500.0,1.5608740894901143,946,950,15,0,935,938,38520,11,0,0,11,12
2020-08-29,US,South Carolina,Oconee,1039,19,0,34.75225169,-83.06742317,45073.0,1306.1624720287632,1.8286814244465832,1020,1028,19,0,1009,999,78374,11,0,0,11,29
2020-08-29,US,South Carolina,Orangeburg,2813,99,0,33.4391073,-80.79886287,45075.0,3264.287786480998,3.5193743334518306,2714,2806,97,0,2709,2776,86934,7,2,0,5,30
2020-08-29,US,South Carolina,Pickens,2162,35,0,34.88807695,-82.72791551,45077.0,1703.9185397686074,1.6188714153561516,2127,2147,34,0,2113,2118,124937,15,1,0,14,29
2020-08-29,US,South Carolina,Richland,10603,195,0,34.01791263,-80.90267209,45079.0,2550.275520193189,1.8391021409035182,10408,10404,194,0,10210,10257,414576,199,1,0,198,147
2020-08-29,US,South Carolina,Saluda,551,13,0,34.00795823,-81.72713237,45081.0,2691.349582376789,2.3593466424682394,538,548,12,0,536,534,20544,3,1,0,2,14
2020-08-29,US,South Carolina,Spartanburg,4969,148,0,34.92960077,-81.99225984,45083.0,1553.8564973341465,2.9784664922519624,4821,4896,143,0,4753,4823,313888,73,5,0,68,73
2020-08-29,US,South Carolina,Sumter,2818,64,0,33.91826534,-80.37942316,45085.0,2640.529980041417,2.27111426543648,2754,2814,63,0,2751,2793,106512,4,1,0,3,21
2020-08-29,US,South Carolina,Union,451,5,0,34.68835752,-81.61730349,45087.0,1651.04700541807,1.1086474501108647,446,446,5,0,441,442,27410,5,0,0,5,4
2020-08-29,US,South Carolina,Williamsburg,1186,36,0,33.62190129,-79.72767442,45089.0,3905.4267650158063,3.0354131534569984,1150,1179,36,0,1143,1171,30606,7,0,0,7,8
2020-08-29,US,South Carolina,York,4198,47,0,34.97281497,-81.18085944,45091.0,1494.0618338025265,1.1195807527393995,4151,4158,46,0,4112,4107,274118,40,1,0,39,51
2020-08-29,US,South Dakota,Aurora,42,0,0,43.71757685,-98.56050467,46003.0,1526.7175572519086,0.0,42,42,0,0,42,42,2801,0,0,0,0,0
2020-08-29,US,South Dakota,Beadle,635,9,0,44.41464384,-98.27858469,46005.0,3441.174876713813,1.4173228346456692,626,629,9,0,620,621,18883,6,0,0,6,8
2020-08-29,US,South Dakota,Bennett,21,0,0,43.19486375,-101.6665572,46007.0,624.07132243685,0.0,21,20,0,0,20,18,3468,1,0,0,1,2
2020-08-29,US,South Dakota,Bon Homme,50,1,0,42.98914167,-97.88592746,46009.0,724.5326764237068,2.0,49,49,1,0,48,47,6980,1,0,0,1,2
2020-08-29,US,South Dakota,Brookings,269,1,0,44.36974375,-96.79079945,46011.0,766.8842831485017,0.3717472118959108,268,240,1,0,239,224,35232,29,0,0,29,16
2020-08-29,US,South Dakota,Brown,641,3,0,45.58994323,-98.35165355,46013.0,1650.4029454929325,0.4680187207488299,638,618,3,0,615,604,39316,23,0,0,23,14
2020-08-29,US,South Dakota,Brule,63,0,0,43.71756379,-99.08118954,46015.0,1189.3524636586749,0.0,63,59,0,0,59,55,5229,4,0,0,4,4
2020-08-29,US,South Dakota,Buffalo,110,3,0,44.07657829,-99.20814467,46017.0,5606.523955147808,2.727272727272727,107,109,3,0,106,109,2036,1,0,0,1,0
2020-08-29,US,South Dakota,Butte,45,1,0,44.90608745,-103.5079318,46019.0,431.48911688560736,2.2222222222222223,44,44,1,0,43,41,10222,1,0,0,1,3
2020-08-29,US,South Dakota,Campbell,4,0,0,45.77074915,-100.0510181,46021.0,290.6976744186046,0.0,4,4,0,0,4,4,1377,0,0,0,0,0
2020-08-29,US,South Dakota,Charles Mix,122,0,0,43.20660134,-98.58856175,46023.0,1312.9573826947912,0.0,122,119,0,0,119,117,9338,3,0,0,3,2
2020-08-29,US,South Dakota,Clark,19,0,0,44.85834507,-97.72925109,46025.0,508.5653104925053,0.0,19,19,0,0,19,18,3739,0,0,0,0,1
2020-08-29,US,South Dakota,Clay,294,2,0,42.91296147,-96.97656917,46027.0,2089.5522388059703,0.6802721088435374,292,252,2,0,250,230,14041,42,0,0,42,22
2020-08-29,US,South Dakota,Codington,287,2,0,44.97788119,-97.18827677,46029.0,1024.6706415794922,0.6968641114982579,285,266,1,0,265,243,28015,21,1,0,20,23
2020-08-29,US,South Dakota,Corson,54,0,0,45.70889983,-101.1970473,46031.0,1321.5859030837005,0.0,54,52,0,0,52,52,4165,2,0,0,2,0
2020-08-29,US,South Dakota,Custer,114,0,0,43.67741105,-103.45345209999999,46033.0,1270.619705751226,0.0,114,110,0,0,110,104,8726,4,0,0,4,6
2020-08-29,US,South Dakota,Davison,133,2,0,43.67490933,-98.14458906,46035.0,672.5663716814161,1.5037593984962403,131,126,2,0,124,121,19790,7,0,0,7,5
2020-08-29,US,South Dakota,Day,35,0,0,45.367281,-97.60737498,46037.0,645.2802359882006,0.0,35,35,0,0,35,34,5505,0,0,0,0,1
2020-08-29,US,South Dakota,Deuel,41,0,0,44.75994309,-96.66943645,46039.0,942.3121121581247,0.0,41,38,0,0,38,38,4337,3,0,0,3,0
2020-08-29,US,South Dakota,Dewey,77,0,0,45.15639647,-100.8709139,46041.0,1306.8567549219279,0.0,77,73,0,0,73,72,5904,4,0,0,4,1
2020-08-29,US,South Dakota,Douglas,25,0,0,43.38520741,-98.36978007,46043.0,855.8712769599452,0.0,25,25,0,0,25,23,2935,0,0,0,0,2
2020-08-29,US,South Dakota,Edmunds,31,0,0,45.41846445,-99.21545423,46045.0,809.6108644554712,0.0,31,31,0,0,31,27,3875,0,0,0,0,4
2020-08-29,US,South Dakota,Fall River,34,1,0,43.23929297,-103.5275691,46047.0,506.4799642484732,2.9411764705882355,33,32,1,0,31,32,6758,2,0,0,2,0
2020-08-29,US,South Dakota,Faulk,31,1,0,45.07082625,-99.14535601,46049.0,1348.4123531970422,3.2258064516129035,30,32,1,0,31,31,2330,-1,0,0,-1,1
2020-08-29,US,South Dakota,Grant,41,0,0,45.1723937,-96.77002276,46051.0,581.3953488372092,0.0,41,41,0,0,41,41,7147,0,0,0,0,0
2020-08-29,US,South Dakota,Gregory,17,0,0,43.19419064,-99.18883902,46053.0,406.2126642771804,0.0,17,16,0,0,16,14,4212,1,0,0,1,2
2020-08-29,US,South Dakota,Haakon,6,0,0,44.29299053,-101.539099,46055.0,315.955766192733,0.0,6,6,0,0,6,5,1918,0,0,0,0,1
2020-08-29,US,South Dakota,Hamlin,53,0,0,44.67385954,-97.18829593,46057.0,859.8312783906554,0.0,53,49,0,0,49,48,6111,4,0,0,4,1
2020-08-29,US,South Dakota,Hand,14,0,0,44.54708407,-99.00386459,46059.0,438.7339392040113,0.0,14,13,0,0,13,14,3262,1,0,0,1,-1
2020-08-29,US,South Dakota,Hanson,23,0,0,43.6746384,-97.78715148,46061.0,666.087460179554,0.0,23,23,0,0,23,23,3376,0,0,0,0,0
2020-08-29,US,South Dakota,Harding,2,0,0,45.58015551,-103.4958629,46063.0,154.08320493066256,0.0,2,2,0,0,2,2,1249,0,0,0,0,0
2020-08-29,US,South Dakota,Hughes,129,4,0,44.39091534,-99.99661148,46065.0,736.0492981855529,3.1007751937984502,125,124,4,0,120,121,17650,5,0,0,5,3
2020-08-29,US,South Dakota,Hutchinson,38,1,0,43.33449012,-97.75536441,46067.0,521.1905088465231,2.631578947368421,37,36,1,0,35,36,7380,2,0,0,2,0
2020-08-29,US,South Dakota,Hyde,6,0,0,44.54747703,-99.48572582,46069.0,461.1837048424289,0.0,6,5,0,0,5,5,1282,1,0,0,1,0
2020-08-29,US,South Dakota,Jackson,12,1,0,43.69318385,-101.6255063,46071.0,358.85167464114835,8.333333333333334,11,12,1,0,11,12,3307,0,0,0,0,0
2020-08-29,US,South Dakota,Jerauld,40,1,0,44.06637798,-98.62965972,46073.0,1987.083954297069,2.5,39,40,1,0,39,40,2043,0,0,0,0,0
2020-08-29,US,South Dakota,Jones,3,0,0,43.96278565,-100.6940008,46075.0,332.2259136212625,0.0,3,3,0,0,3,3,928,0,0,0,0,0
2020-08-29,US,South Dakota,Kingsbury,21,0,0,44.36956169,-97.4913945,46077.0,425.1872848754809,0.0,21,21,0,0,21,21,4919,0,0,0,0,0
2020-08-29,US,South Dakota,Lake,113,6,0,44.02193107,-97.12926365,46079.0,883.0194576853951,5.3097345132743365,107,111,6,0,105,113,13057,2,0,0,2,-2
2020-08-29,US,South Dakota,Lawrence,210,3,0,44.35919441,-103.79294279999999,46081.0,812.5677139761647,1.4285714285714286,207,190,2,0,188,171,25741,20,1,0,19,19
2020-08-29,US,South Dakota,Lincoln,869,2,0,43.27841182,-96.72039050000001,46083.0,1421.6071194869785,0.23014959723820486,867,844,2,0,842,830,58807,25,0,0,25,14
2020-08-29,US,South Dakota,Lyman,102,3,0,43.89522709,-99.85201878,46085.0,2697.699021422904,2.9411764705882355,99,102,3,0,99,99,3821,0,0,0,0,3
2020-08-29,US,South Dakota,Marshall,19,0,0,45.75870838,-97.59855639,46091.0,385.0050658561297,0.0,19,16,0,0,16,16,5112,3,0,0,3,0
2020-08-29,US,South Dakota,McCook,47,1,0,43.6742571,-97.36863144,46087.0,841.3891872538492,2.127659574468085,46,44,1,0,43,41,5546,3,0,0,3,3
2020-08-29,US,South Dakota,McPherson,10,0,0,45.76626028,-99.22118798,46089.0,420.34468263976464,0.0,10,10,0,0,10,10,2407,0,0,0,0,0
2020-08-29,US,South Dakota,Meade,279,1,0,44.56676791,-102.71627409999999,46093.0,984.7522236340534,0.35842293906810035,278,261,1,0,260,247,28294,18,0,0,18,14
2020-08-29,US,South Dakota,Mellette,24,0,0,43.58078848,-100.7563186,46095.0,1164.4832605531294,0.0,24,24,0,0,24,24,2042,0,0,0,0,0
2020-08-29,US,South Dakota,Miner,16,0,0,44.02197882,-97.60992207,46097.0,722.0216606498195,0.0,16,16,0,0,16,15,2213,0,0,0,0,1
2020-08-29,US,South Dakota,Minnehaha,5178,70,0,43.67441641,-96.7910885,46099.0,2681.040106868806,1.3518733101583622,5108,5079,70,0,5009,5028,192876,99,0,0,99,51
2020-08-29,US,South Dakota,Moody,41,0,0,44.02266214,-96.67081159,46101.0,623.4793187347932,0.0,41,41,0,0,41,39,6579,0,0,0,0,2
2020-08-29,US,South Dakota,Oglala Lakota,173,2,0,43.33749164,-102.55554980000001,46102.0,1220.2863793468293,1.1560693641618498,171,172,2,0,170,169,14309,1,0,0,1,3
2020-08-29,US,South Dakota,Pennington,1337,33,0,44.0025835,-102.8240777,46103.0,1175.1263458580534,2.468212415856395,1304,1284,33,0,1251,1211,111729,53,0,0,53,73
2020-08-29,US,South Dakota,Perkins,14,0,0,45.49049506,-102.47555859999999,46105.0,488.6561954624782,0.0,14,14,0,0,14,13,2922,0,0,0,0,1
2020-08-29,US,South Dakota,Potter,11,0,0,45.06583079,-99.95498503,46107.0,510.91500232234085,0.0,11,7,0,0,7,7,2207,4,0,0,4,0
2020-08-29,US,South Dakota,Roberts,95,1,0,45.62975048,-96.94672673,46109.0,913.9888397152204,1.0526315789473684,94,93,1,0,92,93,10447,2,0,0,2,0
2020-08-29,US,South Dakota,Sanborn,15,0,0,44.02351092,-98.09098159999999,46111.0,639.9317406143344,0.0,15,14,0,0,14,13,2429,1,0,0,1,1
2020-08-29,US,South Dakota,Spink,48,0,0,44.93837606,-98.34626602,46115.0,752.823086574655,0.0,48,47,0,0,47,44,6495,1,0,0,1,3
2020-08-29,US,South Dakota,Stanley,20,0,0,44.41381872,-100.7349153,46117.0,645.577792123951,0.0,20,20,0,0,20,20,3022,0,0,0,0,0
2020-08-29,US,South Dakota,Sully,8,0,0,44.71571812,-100.1278092,46119.0,575.1258087706685,0.0,8,8,0,0,8,8,1392,0,0,0,0,0
2020-08-29,US,South Dakota,Todd,78,5,0,43.19338568,-100.71955030000001,46121.0,766.4341161442468,6.410256410256411,73,78,5,0,73,77,10283,0,0,0,0,1
2020-08-29,US,South Dakota,Tripp,21,0,0,43.34459388,-99.8854891,46123.0,385.95846351773565,0.0,21,20,0,0,20,20,5478,1,0,0,1,0
2020-08-29,US,South Dakota,Turner,76,0,0,43.3109081,-97.14865776,46125.0,906.4885496183206,0.0,76,74,0,0,74,74,8424,2,0,0,2,0
2020-08-29,US,South Dakota,Union,255,4,0,42.83112163,-96.6557828,46127.0,1600.5523474767765,1.568627450980392,251,249,4,0,245,244,15619,6,0,0,6,5
2020-08-29,US,South Dakota,Walworth,41,0,0,45.43019636,-100.03075140000001,46129.0,754.3698252069918,0.0,41,38,0,0,38,37,5587,3,0,0,3,1
2020-08-29,US,South Dakota,Yankton,212,3,0,43.00924485,-97.39467635,46135.0,929.2539668624527,1.4150943396226414,209,199,3,0,196,193,22869,13,0,0,13,6
2020-08-29,US,South Dakota,Ziebach,48,0,0,44.97881876,-101.6654622,46137.0,1741.654571843251,0.0,48,47,0,0,47,46,2742,1,0,0,1,1
2020-08-29,US,Tennessee,Anderson,857,8,0,36.12684348,-84.19965764,47001.0,1113.3051001584868,0.9334889148191364,849,851,8,0,843,851,76482,6,0,0,6,0
2020-08-29,US,Tennessee,Bedford,1105,14,0,35.51123746,-86.45549096,47003.0,2222.758634562388,1.2669683257918551,1091,1098,14,0,1084,1094,49038,7,0,0,7,4
2020-08-29,US,Tennessee,Benton,250,5,0,36.07110411,-88.06849355,47005.0,1547.029702970297,2.0,245,243,5,0,238,236,16184,7,0,0,7,7
2020-08-29,US,Tennessee,Bledsoe,775,3,0,35.59942968,-85.20611967,47007.0,5144.7158789166215,0.3870967741935484,772,773,3,0,770,772,14755,2,0,0,2,1
2020-08-29,US,Tennessee,Blount,1992,17,0,35.68938198,-83.92847788,47009.0,1496.7540274104351,0.8534136546184738,1975,1962,17,0,1945,1940,131349,30,0,0,30,22
2020-08-29,US,Tennessee,Bradley,2460,16,0,35.15739424,-84.857186,47011.0,2275.4601794468595,0.6504065040650406,2444,2439,16,0,2423,2416,106727,21,0,0,21,23
2020-08-29,US,Tennessee,Campbell,322,2,0,36.40355516,-84.15108559999999,47013.0,808.1923598212941,0.6211180124223602,320,320,2,0,318,316,39583,2,0,0,2,4
2020-08-29,US,Tennessee,Cannon,198,0,0,35.80990797,-86.05738983,47015.0,1348.9576236544488,0.0,198,194,0,0,194,188,14462,4,0,0,4,6
2020-08-29,US,Tennessee,Carroll,611,8,0,35.97366108,-88.45189331,47017.0,2200.4537760651133,1.3093289689034369,603,596,8,0,588,566,28020,15,0,0,15,30
2020-08-29,US,Tennessee,Carter,815,18,0,36.28969086,-82.12588974,47019.0,1445.2660885602313,2.208588957055215,797,802,18,0,784,790,56351,13,0,0,13,12
2020-08-29,US,Tennessee,Cheatham,709,10,0,36.26136216,-87.08903581,47021.0,1743.4283325546512,1.4104372355430184,699,701,10,0,691,701,40439,8,0,0,8,0
2020-08-29,US,Tennessee,Chester,376,5,0,35.42527478,-88.6095842,47023.0,2173.787361970284,1.3297872340425532,371,370,4,0,366,358,17276,6,1,0,5,12
2020-08-29,US,Tennessee,Claiborne,354,3,0,36.48319149,-83.65947309,47025.0,1107.6692011639914,0.8474576271186439,351,354,3,0,351,349,31756,0,0,0,0,5
2020-08-29,US,Tennessee,Clay,110,0,0,36.55151008,-85.53930419,47027.0,1444.5173998686805,0.0,110,109,0,0,109,106,7717,1,0,0,1,3
2020-08-29,US,Tennessee,Cocke,639,7,0,35.9278914,-83.11828725,47029.0,1774.8027996889236,1.0954616588419406,632,630,7,0,623,622,35774,9,0,0,9,8
2020-08-29,US,Tennessee,Coffee,757,6,0,35.49090731,-86.07311784,47031.0,1339.3489030431704,0.7926023778071334,751,752,6,0,746,742,55700,5,0,0,5,10
2020-08-29,US,Tennessee,Crockett,397,14,0,35.81830662,-89.14916269,47033.0,2789.8805340829235,3.5264483627204033,383,387,14,0,373,378,14328,10,0,0,10,9
2020-08-29,US,Tennessee,Cumberland,802,8,0,35.95271721,-84.99840585,47035.0,1325.181758096497,0.9975062344139652,794,780,8,0,772,757,59673,22,0,0,22,23
2020-08-29,US,Tennessee,Davidson,23399,255,0,36.17007426,-86.78646056,47037.0,3370.914392402729,1.089790161972734,23144,23321,254,0,23067,23181,692587,78,1,0,77,140
2020-08-29,US,Tennessee,DeKalb,458,5,0,35.97616272,-85.83689361,47041.0,2235.236700829673,1.091703056768559,453,443,5,0,438,435,20138,15,0,0,15,8
2020-08-29,US,Tennessee,Decatur,302,4,0,35.60048904,-88.11043779,47039.0,2589.3852353596844,1.3245033112582782,298,291,4,0,287,285,11706,11,0,0,11,6
2020-08-29,US,Tennessee,Dickson,904,9,0,36.14669837,-87.35891709,47043.0,1675.6876992659595,0.9955752212389379,895,906,9,0,897,890,53446,-2,0,0,-2,16
2020-08-29,US,Tennessee,Dyer,947,10,0,36.05931946,-89.41542855,47045.0,2548.507763933368,1.0559662090813091,937,924,10,0,914,917,37320,23,0,0,23,7
2020-08-29,US,Tennessee,Fayette,875,10,0,35.19615831,-89.41399032,47047.0,2127.2457637420075,1.1428571428571428,865,873,10,0,863,859,40507,2,0,0,2,14
2020-08-29,US,Tennessee,Fentress,208,0,0,36.38128818,-84.92870012,47049.0,1122.92825136317,0.0,208,198,0,0,198,189,18217,10,0,0,10,9
2020-08-29,US,Tennessee,Franklin,483,4,0,35.15634626,-86.09201039,47051.0,1144.3328278999245,0.8281573498964804,479,470,4,0,466,460,41890,13,0,0,13,10
2020-08-29,US,Tennessee,Gibson,1087,14,0,35.99438059,-88.93358327,47053.0,2212.362363381027,1.2879484820607177,1073,1066,13,0,1053,1045,49045,21,1,0,20,21
2020-08-29,US,Tennessee,Giles,440,14,0,35.20222469,-87.03992678,47055.0,1493.3478142818356,3.1818181818181817,426,438,14,0,424,436,29503,2,0,0,2,2
2020-08-29,US,Tennessee,Grainger,270,1,0,36.27469206,-83.51254721,47057.0,1157.804459691252,0.3703703703703704,269,267,1,0,266,263,23145,3,0,0,3,4
2020-08-29,US,Tennessee,Greene,816,16,0,36.17470125,-82.84691273,47059.0,1181.42726838379,1.96078431372549,800,800,16,0,784,779,69087,16,0,0,16,21
2020-08-29,US,Tennessee,Grundy,149,2,0,35.38433717,-85.72142731,47061.0,1109.7043271021078,1.342281879194631,147,147,2,0,145,147,13346,2,0,0,2,0
2020-08-29,US,Tennessee,Hamblen,1646,21,0,36.21990035,-83.26586179,47063.0,2534.881572057782,1.2758201701093559,1625,1634,20,0,1614,1625,64569,12,1,0,11,9
2020-08-29,US,Tennessee,Hamilton,7939,73,0,35.17670231,-85.16652245,47065.0,2158.48658524649,0.9195112734601336,7866,7863,73,0,7790,7763,364286,76,0,0,76,100
2020-08-29,US,Tennessee,Hancock,91,2,0,36.52692871,-83.22375847,47067.0,1374.6223564954682,2.1978021978021984,89,90,2,0,88,90,6549,1,0,0,1,0
2020-08-29,US,Tennessee,Hardeman,1231,21,0,35.20772017,-88.99161161,47069.0,4914.171656686627,1.7059301380991063,1210,1223,21,0,1202,1201,25220,8,0,0,8,22
2020-08-29,US,Tennessee,Hardin,685,10,0,35.19732531,-88.18593755,47071.0,2670.3570871666925,1.45985401459854,675,667,10,0,657,653,25776,18,0,0,18,14
2020-08-29,US,Tennessee,Hawkins,665,13,0,36.44355426,-82.94885298,47073.0,1171.0632902475963,1.954887218045113,652,654,13,0,641,649,56530,11,0,0,11,5
2020-08-29,US,Tennessee,Haywood,737,11,0,35.58332824,-89.28536625,47075.0,4259.130836800739,1.492537313432836,726,728,11,0,717,718,17335,9,0,0,9,10
2020-08-29,US,Tennessee,Henderson,865,7,0,35.65581134,-88.38600175,47077.0,3076.4306291567377,0.8092485549132948,858,832,6,0,826,813,27847,33,1,0,32,19
2020-08-29,US,Tennessee,Henry,452,5,0,36.33160906,-88.30121797,47079.0,1397.4339155974646,1.106194690265487,447,440,4,0,436,430,32358,12,1,0,11,10
2020-08-29,US,Tennessee,Hickman,371,3,0,35.80609681,-87.47643507,47081.0,1473.5086186353165,0.8086253369272237,368,365,3,0,362,365,25063,6,0,0,6,0
2020-08-29,US,Tennessee,Houston,92,0,0,36.28872054,-87.71878828,47083.0,1121.8144128764784,0.0,92,87,0,0,87,81,8263,5,0,0,5,6
2020-08-29,US,Tennessee,Humphreys,167,3,0,36.03958805,-87.77992872,47085.0,898.7191906145732,1.7964071856287425,164,165,3,0,162,163,18486,2,0,0,2,2
2020-08-29,US,Tennessee,Jackson,214,1,0,36.36380466,-85.67239905,47087.0,1815.7135584591888,0.4672897196261682,213,208,1,0,207,203,11758,6,0,0,6,5
2020-08-29,US,Tennessee,Jefferson,785,6,0,36.04818632,-83.45148924,47089.0,1440.4991283604004,0.7643312101910829,779,781,6,0,775,752,54012,4,0,0,4,29
2020-08-29,US,Tennessee,Johnson,407,1,0,36.45523950000001,-81.84886538,47091.0,2288.059365864628,0.2457002457002457,406,405,1,0,404,403,17778,2,0,0,2,2
2020-08-29,US,Tennessee,Knox,6275,56,0,35.99508821,-83.94635435,47093.0,1334.217850665408,0.8924302788844621,6219,6170,51,0,6119,6099,465289,105,5,0,100,71
2020-08-29,US,Tennessee,Lake,834,2,0,36.34180170000001,-89.48921915,47095.0,11887.115165336374,0.23980815347721826,832,831,1,0,830,822,7411,3,1,0,2,9
2020-08-29,US,Tennessee,Lauderdale,714,12,0,35.75893438,-89.63015909999999,47097.0,2785.471852689892,1.680672268907563,702,705,12,0,693,712,25825,9,0,0,9,-7
2020-08-29,US,Tennessee,Lawrence,751,9,0,35.21675201,-87.39787695,47099.0,1701.3275338679714,1.1984021304926764,742,740,9,0,731,725,43734,11,0,0,11,15
2020-08-29,US,Tennessee,Lewis,131,1,0,35.52853208,-87.49022694,47101.0,1067.8187153570263,0.7633587786259542,130,129,1,0,128,126,12086,2,0,0,2,3
2020-08-29,US,Tennessee,Lincoln,403,1,0,35.13738622,-86.58910106,47103.0,1172.670662864459,0.2481389578163772,402,400,1,0,399,396,34117,3,0,0,3,4
2020-08-29,US,Tennessee,Loudon,939,3,0,35.73939663,-84.31145275,47105.0,1736.7019309018274,0.3194888178913738,936,934,3,0,931,914,53054,5,0,0,5,20
2020-08-29,US,Tennessee,Macon,902,15,0,36.53157855,-86.00778595,47111.0,3666.3685879196814,1.6629711751662972,887,898,15,0,883,896,24265,4,0,0,4,2
2020-08-29,US,Tennessee,Madison,1763,41,0,35.61181957,-88.84076036,47113.0,1799.273350751143,2.3255813953488373,1722,1720,37,0,1683,1675,97605,43,4,0,39,45
2020-08-29,US,Tennessee,Marion,323,6,0,35.12997174,-85.62265895,47115.0,1117.376414017366,1.8575851393188851,317,318,6,0,312,314,28575,5,0,0,5,4
2020-08-29,US,Tennessee,Marshall,529,4,0,35.45798777,-86.76420988,47117.0,1538.909090909091,0.7561436672967864,525,519,4,0,515,507,33683,10,0,0,10,12
2020-08-29,US,Tennessee,Maury,1725,14,0,35.618741299999996,-87.07462444,47119.0,1789.6604313859752,0.8115942028985508,1711,1711,14,0,1697,1674,94340,14,0,0,14,37
2020-08-29,US,Tennessee,McMinn,788,21,0,35.42812616,-84.61520715,47107.0,1464.8473807487824,2.6649746192893398,767,775,21,0,754,765,53285,13,0,0,13,10
2020-08-29,US,Tennessee,McNairy,541,11,0,35.17468549,-88.5647812,47109.0,2105.549933836693,2.033271719038817,530,526,11,0,515,517,25832,15,0,0,15,9
2020-08-29,US,Tennessee,Meigs,163,2,0,35.51558739,-84.81482914,47121.0,1312.1880534535499,1.2269938650306749,161,159,2,0,157,151,12306,4,0,0,4,8
2020-08-29,US,Tennessee,Monroe,726,15,0,35.44550387,-84.24902965,47123.0,1559.780857234934,2.066115702479338,711,711,14,0,697,681,46357,15,1,0,14,30
2020-08-29,US,Tennessee,Montgomery,2452,28,0,36.49609412,-87.38550661,47125.0,1173.245036915112,1.1419249592169658,2424,2440,28,0,2412,2418,205950,12,0,0,12,22
2020-08-29,US,Tennessee,Moore,92,0,0,35.27724699,-86.36230578,47127.0,1418.0024660912454,0.0,92,90,0,0,90,89,6411,2,0,0,2,1
2020-08-29,US,Tennessee,Morgan,205,1,0,36.13248031,-84.64880098,47129.0,957.8096528524036,0.4878048780487805,204,204,1,0,203,191,21579,1,0,0,1,13
2020-08-29,US,Tennessee,Obion,809,8,0,36.35732446,-89.14921589,47131.0,2690.4785659649474,0.9888751545117428,801,796,7,0,789,782,30267,13,1,0,12,14
2020-08-29,US,Tennessee,Out of TN,2970,25,0,0.0,0.0,80047.0,0.0,0.8417508417508418,2945,3001,26,0,2975,2996,,-31,-1,0,-30,5
2020-08-29,US,Tennessee,Overton,427,2,0,36.34117832,-85.28989535,47133.0,1919.8777033406768,0.468384074941452,425,413,2,0,411,405,22068,14,0,0,14,8
2020-08-29,US,Tennessee,Perry,106,0,0,35.63708728,-87.86139634,47135.0,1312.5309559187715,0.0,106,104,0,0,104,103,8064,2,0,0,2,1
2020-08-29,US,Tennessee,Pickett,59,1,0,36.55606529,-85.07763299999998,47137.0,1168.7797147385104,1.6949152542372878,58,58,1,0,57,57,5082,1,0,0,1,1
2020-08-29,US,Tennessee,Polk,326,10,0,35.12245443,-84.52075859,47139.0,1936.7870722433456,3.0674846625766867,316,319,10,0,309,318,16898,7,0,0,7,1
2020-08-29,US,Tennessee,Putnam,2345,30,0,36.14005459,-85.50646123,47141.0,2922.3004548570007,1.279317697228145,2315,2314,28,0,2286,2275,78843,31,2,0,29,39
2020-08-29,US,Tennessee,Rhea,644,3,0,35.60536161,-84.93076643,47143.0,1941.6890282509728,0.4658385093167702,641,639,3,0,636,635,33044,5,0,0,5,4
2020-08-29,US,Tennessee,Roane,632,2,0,35.84923189,-84.52458689,47145.0,1183.9196732981156,0.3164556962025317,630,624,2,0,622,605,53140,8,0,0,8,19
2020-08-29,US,Tennessee,Robertson,1869,26,0,36.52454807,-86.87346725,47147.0,2602.5928453065603,1.3911182450508293,1843,1790,26,0,1764,1788,71012,79,0,0,79,2
2020-08-29,US,Tennessee,Rutherford,7770,68,0,35.84591405,-86.4107263,47149.0,2338.354123719097,0.8751608751608752,7702,7725,68,0,7657,7670,324890,45,0,0,45,55
2020-08-29,US,Tennessee,Scott,155,2,0,36.42325673,-84.50360494,47151.0,702.3744788834513,1.2903225806451613,153,156,2,0,154,156,22039,-1,0,0,-1,0
2020-08-29,US,Tennessee,Sequatchie,142,1,0,35.36979721,-85.41022136,47153.0,945.0286170637562,0.7042253521126759,141,141,1,0,140,141,14876,1,0,0,1,0
2020-08-29,US,Tennessee,Sevier,2219,12,0,35.78077323,-83.52244332,47155.0,2258.52417302799,0.540784136998648,2207,2211,11,0,2200,2200,97892,8,1,0,7,11
2020-08-29,US,Tennessee,Shelby,26839,380,0,35.1864775,-89.89692423,47157.0,2863.8469598769057,1.4158500689295428,26459,26649,378,0,26271,26504,935764,190,2,0,188,145
2020-08-29,US,Tennessee,Smith,515,8,0,36.25359775,-85.95411046,47159.0,2554.9436920176613,1.5533980582524272,507,513,8,0,505,509,19942,2,0,0,2,4
2020-08-29,US,Tennessee,Stewart,95,0,0,36.50235092,-87.83920548,47161.0,692.6722566532992,0.0,95,93,0,0,93,92,13561,2,0,0,2,1
2020-08-29,US,Tennessee,Sullivan,1597,25,0,36.51240691,-82.30412917,47163.0,1008.5381564655064,1.5654351909830932,1572,1571,25,0,1546,1534,157668,26,0,0,26,37
2020-08-29,US,Tennessee,Sumner,4051,86,0,36.46824103,-86.45917204,47165.0,2117.804509548679,2.122932609232288,3965,4007,86,0,3921,3972,187149,44,0,0,44,35
2020-08-29,US,Tennessee,Tipton,1448,15,0,35.501942,-89.73694895,47167.0,2350.687511160896,1.0359116022099448,1433,1431,15,0,1416,1392,61581,17,0,0,17,39
2020-08-29,US,Tennessee,Trousdale,1617,6,0,36.39026213,-86.16087954,47169.0,14330.024813895781,0.3710575139146568,1611,1603,6,0,1597,1596,11012,14,0,0,14,7
2020-08-29,US,Tennessee,Unassigned,3344,6,0,0.0,0.0,90047.0,0.0,0.17942583732057416,3338,3332,6,0,3326,3296,,12,0,0,12,36
2020-08-29,US,Tennessee,Unicoi,221,1,0,36.10890856,-82.43709629,47171.0,1235.8105463289155,0.4524886877828054,220,220,1,0,219,216,17761,1,0,0,1,4
2020-08-29,US,Tennessee,Union,221,1,0,36.28590426,-83.83651902,47173.0,1106.5491688363707,0.4524886877828054,220,220,1,0,219,217,19688,1,0,0,1,3
2020-08-29,US,Tennessee,Van Buren,70,0,0,35.69864497,-85.45221699,47175.0,1192.0980926430518,0.0,70,69,0,0,69,64,5765,1,0,0,1,5
2020-08-29,US,Tennessee,Warren,830,7,0,35.672829899999996,-85.77969117,47177.0,2010.805048816532,0.8433734939759037,823,824,7,0,817,798,40878,6,0,0,6,26
2020-08-29,US,Tennessee,Washington,1700,12,0,36.29472368,-82.49454720000001,47179.0,1314.0096618357488,0.7058823529411765,1688,1671,12,0,1659,1650,128607,29,0,0,29,21
2020-08-29,US,Tennessee,Wayne,297,3,0,35.23868267,-87.78644456,47181.0,1781.3230972230551,1.0101010101010102,294,292,3,0,289,278,16558,5,0,0,5,14
2020-08-29,US,Tennessee,Weakley,824,13,0,36.29896232,-88.71990865,47183.0,2472.395583293327,1.577669902912621,811,807,11,0,796,785,33415,17,2,0,15,22
2020-08-29,US,Tennessee,White,549,7,0,35.92929884,-85.45591799,47185.0,2007.6796489303347,1.275045537340619,542,536,7,0,529,497,27107,13,0,0,13,39
2020-08-29,US,Tennessee,Williamson,4328,27,0,35.89099229,-86.89281867,47187.0,1815.3448651913488,0.6238447319778189,4301,4295,27,0,4268,4260,231729,33,0,0,33,35
2020-08-29,US,Tennessee,Wilson,2791,31,0,36.15496772,-86.29775884,47189.0,1929.3915952909297,1.1107130060910069,2760,2764,31,0,2733,2739,140625,27,0,0,27,25
2020-08-29,US,Texas,Anderson,2502,18,0,31.81534745,-95.65354823,48001.0,4333.593141075604,0.7194244604316546,2484,2495,18,0,2477,2482,58057,7,0,0,7,13
2020-08-29,US,Texas,Andrews,362,8,0,32.30468633,-102.63765479999999,48003.0,1935.311414060412,2.209944751381216,354,362,8,0,354,362,18128,0,0,0,0,0
2020-08-29,US,Texas,Angelina,2002,66,0,31.25457347,-94.60901487,48005.0,2308.712448826616,3.2967032967032965,1936,2002,66,0,1936,1968,87092,0,0,0,0,34
2020-08-29,US,Texas,Aransas,208,18,0,28.10556197,-96.9995047,48007.0,884.7299021692895,8.653846153846152,190,208,17,0,191,198,23792,0,1,0,-1,10
2020-08-29,US,Texas,Archer,49,0,0,33.61569967,-98.68754589,48009.0,572.8983982228458,0.0,49,48,0,0,48,46,8786,1,0,0,1,2
2020-08-29,US,Texas,Armstrong,11,0,0,34.96507426,-101.35748740000001,48011.0,582.9358770535241,0.0,11,11,0,0,11,11,1892,0,0,0,0,0
2020-08-29,US,Texas,Atascosa,568,27,0,28.89333001,-98.52730485,48013.0,1110.3943072742557,4.753521126760563,541,565,26,0,539,559,50310,3,1,0,2,6
2020-08-29,US,Texas,Austin,413,6,0,29.88548725,-96.27736949,48015.0,1375.1997868939798,1.452784503631961,407,401,6,0,395,401,29989,12,0,0,12,0
2020-08-29,US,Texas,Bailey,202,4,0,34.06854817,-102.8299707,48017.0,2885.714285714286,1.98019801980198,198,202,4,0,198,199,7027,0,0,0,0,3
2020-08-29,US,Texas,Bandera,109,3,0,29.74619598,-99.24598147,48019.0,471.61647628937345,2.7522935779816518,106,109,3,0,106,106,22824,0,0,0,0,3
2020-08-29,US,Texas,Bastrop,1579,27,0,30.10370699,-97.31206354,48021.0,1779.696358328731,1.7099430018999366,1552,1573,25,0,1548,1571,86976,6,2,0,4,2
2020-08-29,US,Texas,Baylor,16,0,0,33.61640794,-99.21352901,48023.0,455.9703619264748,0.0,16,15,0,0,15,13,3582,1,0,0,1,2
2020-08-29,US,Texas,Bee,1591,22,0,28.41761668,-97.74215593,48025.0,4885.6133886074,1.3827781269641737,1569,1516,22,0,1494,1496,32587,75,0,0,75,20
2020-08-29,US,Texas,Bell,4768,63,0,31.03736027,-97.4785025,48027.0,1313.7736826443002,1.3213087248322148,4705,4747,62,0,4685,4706,355642,21,1,0,20,41
2020-08-29,US,Texas,Bexar,46291,1078,0,29.44928723,-98.52019748,48029.0,2310.4443404070967,2.3287464085891427,45213,46083,1062,0,45021,45811,1986049,208,16,0,192,272
2020-08-29,US,Texas,Blanco,124,5,0,30.26640707,-98.3999852,48031.0,1039.3093621657865,4.032258064516129,119,124,5,0,119,124,11702,0,0,0,0,0
2020-08-29,US,Texas,Bosque,215,5,0,31.89978581,-97.63613524,48035.0,1150.6556061011506,2.3255813953488373,210,211,5,0,206,209,18691,4,0,0,4,2
2020-08-29,US,Texas,Bowie,970,44,0,33.44626922,-94.41834132,48037.0,1040.2702557777898,4.536082474226804,926,914,44,0,870,914,94324,56,0,0,56,0
2020-08-29,US,Texas,Brazoria,9220,137,0,29.18757369,-95.44563172,48039.0,2463.5016993352287,1.4859002169197395,9083,9093,134,0,8959,8981,370200,127,3,0,124,112
2020-08-29,US,Texas,Brazos,4663,55,0,30.663644800000004,-96.30205577,48041.0,2034.370078224867,1.1794981771391808,4608,4613,55,0,4558,4550,226758,50,0,0,50,63
2020-08-29,US,Texas,Brewster,191,2,0,29.81008251,-103.25203259999999,48043.0,2075.4101923285884,1.0471204188481675,189,191,2,0,189,189,9267,0,0,0,0,2
2020-08-29,US,Texas,Briscoe,12,1,0,34.53026962,-101.2084947,48045.0,776.1966364812421,8.333333333333334,11,12,1,0,11,12,1516,0,0,0,0,0
2020-08-29,US,Texas,Brooks,209,16,0,27.03103197,-98.21808402,48047.0,2946.5670379247144,7.655502392344498,193,209,16,0,193,199,7114,0,0,0,0,10
2020-08-29,US,Texas,Brown,470,20,0,31.77430356,-98.99907113,48049.0,1241.2845975068667,4.25531914893617,450,466,19,0,447,462,37924,4,1,0,3,4
2020-08-29,US,Texas,Burleson,276,6,0,30.49273808,-96.62158484,48051.0,1496.5027381662421,2.1739130434782608,270,275,6,0,269,277,18389,1,0,0,1,-2
2020-08-29,US,Texas,Burnet,664,12,0,30.78801353,-98.181887,48053.0,1378.8806977468591,1.8072289156626504,652,637,12,0,625,637,47542,27,0,0,27,0
2020-08-29,US,Texas,Caldwell,1232,32,0,29.83668859,-97.61814775,48055.0,2821.546353975815,2.5974025974025974,1200,1232,32,0,1200,1230,43247,0,0,0,0,2
2020-08-29,US,Texas,Calhoun,603,7,0,28.47048236,-96.61633945,48057.0,2832.3156411460773,1.1608623548922057,596,591,7,0,584,589,21561,12,0,0,12,2
2020-08-29,US,Texas,Callahan,88,3,0,32.29760619,-99.37326312,48059.0,631.141074374238,3.4090909090909087,85,87,3,0,84,64,13994,1,0,0,1,23
2020-08-29,US,Texas,Cameron,20853,746,0,26.14524221,-97.48140372,48061.0,4927.888307815192,3.5774229127703454,20107,20739,731,0,20008,20739,423908,114,15,0,99,0
2020-08-29,US,Texas,Camp,291,8,0,32.97195142,-94.97790104,48063.0,2222.3919352375133,2.7491408934707904,283,292,8,0,284,289,13033,-1,0,0,-1,3
2020-08-29,US,Texas,Carson,17,0,0,35.40365929,-101.35426690000001,48065.0,286.87141410732363,0.0,17,17,0,0,17,17,6005,0,0,0,0,0
2020-08-29,US,Texas,Cass,256,10,0,33.07499881,-94.34646905,48067.0,852.5944181709184,3.90625,246,255,10,0,245,249,30119,1,0,0,1,6
2020-08-29,US,Texas,Castro,227,4,0,34.53016752,-102.2617243,48069.0,3014.6082337317407,1.7621145374449338,223,223,4,0,219,221,7665,4,0,0,4,2
2020-08-29,US,Texas,Chambers,1123,5,0,29.70972016,-94.67154501,48071.0,2561.762894358647,0.4452359750667854,1118,1123,5,0,1118,1123,42454,0,0,0,0,0
2020-08-29,US,Texas,Cherokee,1408,16,0,31.837258000000002,-95.16559897,48073.0,2674.4671959882994,1.1363636363636365,1392,1402,15,0,1387,1385,52592,6,1,0,5,17
2020-08-29,US,Texas,Childress,57,0,0,34.529304100000004,-100.2077916,48075.0,780.1806734191076,0.0,57,56,0,0,56,56,7291,1,0,0,1,0
2020-08-29,US,Texas,Clay,63,1,0,33.78686685,-98.20771198,48077.0,601.6617324037819,1.5873015873015872,62,63,1,0,62,62,10456,0,0,0,0,1
2020-08-29,US,Texas,Cochran,37,1,0,33.60425307,-102.82844990000001,48079.0,1296.880476691202,2.702702702702702,36,37,1,0,36,37,2836,0,0,0,0,0
2020-08-29,US,Texas,Coke,48,3,0,31.88911733,-100.5297533,48081.0,1417.1833480956598,6.25,45,48,3,0,45,48,3370,0,0,0,0,0
2020-08-29,US,Texas,Coleman,52,2,0,31.76736834,-99.45240766,48083.0,636.085626911315,3.8461538461538463,50,52,2,0,50,47,8397,0,0,0,0,5
2020-08-29,US,Texas,Collin,10889,111,0,33.18820114,-96.57264368,48085.0,1052.3518212480549,1.0193773532923134,10778,10812,110,0,10702,10785,1005146,77,1,0,76,27
2020-08-29,US,Texas,Collingsworth,16,0,0,34.96489496,-100.27001109999999,48087.0,547.9452054794519,0.0,16,16,0,0,16,16,2962,0,0,0,0,0
2020-08-29,US,Texas,Colorado,436,3,0,29.622097999999998,-96.5273805,48089.0,2028.5674405620434,0.6880733944954128,433,422,3,0,419,422,21217,14,0,0,14,0
2020-08-29,US,Texas,Comal,2339,95,0,29.80811278,-98.27647225,48091.0,1497.3529054023777,4.061564771269773,2244,2308,94,0,2214,2297,148373,31,1,0,30,11
2020-08-29,US,Texas,Comanche,214,3,0,31.94854689,-98.55876441,48093.0,1569.4902823615696,1.4018691588785046,211,213,3,0,210,209,13534,1,0,0,1,4
2020-08-29,US,Texas,Concho,50,1,0,31.32635934,-99.86473038,48095.0,1834.189288334556,2.0,49,48,0,0,48,46,4276,2,1,0,1,2
2020-08-29,US,Texas,Cooke,318,4,0,33.63979567,-97.21240912,48097.0,770.7782921686016,1.2578616352201255,314,312,4,0,308,300,40574,6,0,0,6,12
2020-08-29,US,Texas,Coryell,866,10,0,31.39078397,-97.79936155,48099.0,1140.2088188437285,1.1547344110854505,856,914,10,0,904,850,74808,-48,0,0,-48,64
2020-08-29,US,Texas,Cottle,18,2,0,34.07783319,-100.27850620000001,48101.0,1287.5536480686694,11.111111111111109,16,18,2,0,16,18,1389,0,0,0,0,0
2020-08-29,US,Texas,Crane,70,2,0,31.43052248,-102.5143314,48103.0,1459.245361684386,2.8571428571428568,68,70,2,0,68,70,4794,0,0,0,0,0
2020-08-29,US,Texas,Crockett,162,6,0,30.72367027,-101.4134238,48105.0,4676.674364896075,3.703703703703704,156,162,5,0,157,162,3499,0,1,0,-1,0
2020-08-29,US,Texas,Crosby,81,1,0,33.61431553,-101.30003640000001,48107.0,1411.8877462088199,1.2345679012345678,80,81,1,0,80,81,5779,0,0,0,0,0
2020-08-29,US,Texas,Culberson,23,2,0,31.44506775,-104.5185739,48109.0,1059.4196222938738,8.695652173913043,21,23,2,0,21,22,2204,0,0,0,0,1
2020-08-29,US,Texas,Dallam,208,7,0,36.27787176,-102.60207249999999,48111.0,2854.398243447235,3.3653846153846154,201,206,7,0,199,206,7200,2,0,0,2,0
2020-08-29,US,Texas,Dallas,70810,943,0,32.76670599,-96.77796049999999,48113.0,2686.760391513465,1.3317328061008329,69867,70100,938,0,69162,69881,2637772,710,5,0,705,219
2020-08-29,US,Texas,Dawson,207,8,0,32.74255572,-101.94772420000001,48115.0,1626.335637963545,3.864734299516908,199,200,8,0,192,200,12619,7,0,0,7,0
2020-08-29,US,Texas,DeWitt,844,25,0,29.08101855,-97.35681170000001,48123.0,4186.5079365079355,2.962085308056872,819,817,25,0,792,817,20187,27,0,0,27,0
2020-08-29,US,Texas,Deaf Smith,801,20,0,34.96522957,-102.6054267,48117.0,4318.990617923002,2.4968789013732837,781,798,19,0,779,790,18760,3,1,0,2,8
2020-08-29,US,Texas,Delta,17,0,0,33.38570922,-95.66921122,48119.0,318.88951416244606,0.0,17,17,0,0,17,17,5349,0,0,0,0,0
2020-08-29,US,Texas,Denton,9994,131,0,33.20521901,-97.11691153,48121.0,1126.4563963088658,1.31078647188313,9863,9875,128,0,9747,9745,859064,119,3,0,116,130
2020-08-29,US,Texas,Dickens,27,1,0,33.61616822,-100.7788855,48125.0,1221.1668928086838,3.703703703703704,26,22,1,0,21,17,2249,5,0,0,5,5
2020-08-29,US,Texas,Dimmit,180,6,0,28.42270064,-99.75645095,48127.0,1777.9533781114185,3.333333333333333,174,180,6,0,174,176,10308,0,0,0,0,4
2020-08-29,US,Texas,Donley,55,1,0,34.96517499,-100.8140093,48129.0,1677.8523489932886,1.818181818181818,54,54,1,0,53,54,3319,1,0,0,1,0
2020-08-29,US,Texas,Duval,243,10,0,27.68184592,-98.50864568,48131.0,2178.0048400107557,4.11522633744856,233,243,10,0,233,234,11212,0,0,0,0,9
2020-08-29,US,Texas,Eastland,130,2,0,32.32743996,-98.83243566,48133.0,708.0610021786493,1.5384615384615383,128,130,2,0,128,111,18322,0,0,0,0,19
2020-08-29,US,Texas,Ector,4217,69,0,31.86898877,-102.54294279999999,48135.0,2536.9533698705955,1.6362342897794642,4148,4217,69,0,4148,4181,162124,0,0,0,0,36
2020-08-29,US,Texas,Edwards,34,1,0,29.98202582,-100.304252,48137.0,1759.8343685300208,2.9411764705882355,33,34,1,0,33,34,1928,0,0,0,0,0
2020-08-29,US,Texas,El Paso,20217,428,0,31.76980765,-106.23632749999999,48141.0,2408.970995116999,2.11703022209032,19789,20072,423,0,19649,19925,840758,145,5,0,140,147
2020-08-29,US,Texas,Ellis,3758,56,0,32.34894117,-96.79371841,48139.0,2033.2637183080303,1.4901543374135178,3702,3740,55,0,3685,3700,179436,18,1,0,17,40
2020-08-29,US,Texas,Erath,667,9,0,32.23602653,-98.21773417,48143.0,1562.1340578013019,1.3493253373313343,658,660,9,0,651,654,42446,7,0,0,7,6
2020-08-29,US,Texas,Falls,166,3,0,31.25350609,-96.93630086,48145.0,959.7039949124126,1.8072289156626504,163,160,3,0,157,159,17335,6,0,0,6,1
2020-08-29,US,Texas,Fannin,585,12,0,33.59564294,-96.10751083,48147.0,1647.2377090724785,2.051282051282051,573,584,12,0,572,581,35286,1,0,0,1,3
2020-08-29,US,Texas,Fayette,457,16,0,29.87788372,-96.92076062,48149.0,1803.045845498304,3.5010940919037203,441,457,16,0,441,457,25349,0,0,0,0,0
2020-08-29,US,Texas,Fisher,58,1,0,32.74281316,-100.40193020000001,48151.0,1514.3603133159272,1.7241379310344829,57,52,1,0,51,52,3839,6,0,0,6,0
2020-08-29,US,Texas,Floyd,100,7,0,34.07227468,-101.3031546,48153.0,1750.7002801120448,7.0,93,99,7,0,92,98,5837,1,0,0,1,1
2020-08-29,US,Texas,Foard,3,0,0,33.97308618,-99.7767797,48155.0,259.7402597402597,0.0,3,3,0,0,3,3,1200,0,0,0,0,0
2020-08-29,US,Texas,Fort Bend,14933,231,0,29.52704478,-95.77219463,48157.0,1839.7463064625813,1.5469095292305632,14702,14845,231,0,14614,14761,787858,88,0,0,88,84
2020-08-29,US,Texas,Franklin,109,4,0,33.17653242,-95.21917243,48159.0,1016.3170163170164,3.669724770642202,105,109,4,0,105,107,10766,0,0,0,0,2
2020-08-29,US,Texas,Freestone,384,1,0,31.70422788,-96.15072516,48161.0,1947.5579449206268,0.2604166666666667,383,381,0,0,381,380,19808,3,1,0,2,1
2020-08-29,US,Texas,Frio,633,7,0,28.86751206,-99.10804207,48163.0,3117.305229981286,1.1058451816745656,626,629,7,0,622,624,19816,4,0,0,4,5
2020-08-29,US,Texas,Gaines,247,7,0,32.74055318,-102.6353295,48165.0,1149.2648427321797,2.8340080971659916,240,244,6,0,238,244,20901,3,1,0,2,0
2020-08-29,US,Texas,Galveston,10543,137,0,29.40167322,-94.90469073,48167.0,3081.496117075224,1.2994403869866262,10406,10509,137,0,10372,10430,337890,34,0,0,34,79
2020-08-29,US,Texas,Garza,102,3,0,33.17969345,-101.2984114,48169.0,1637.5020067426553,2.9411764705882355,99,102,3,0,99,102,6578,0,0,0,0,0
2020-08-29,US,Texas,Gillespie,198,6,0,30.31824095,-98.94676915,48171.0,733.6594041796353,3.0303030303030303,192,198,6,0,192,198,26804,0,0,0,0,0
2020-08-29,US,Texas,Glasscock,6,0,0,31.86942909,-101.5207776,48173.0,425.83392476934,0.0,6,6,0,0,6,6,1388,0,0,0,0,0
2020-08-29,US,Texas,Goliad,121,6,0,28.65696592,-97.42760647,48175.0,1580.0470096630975,4.958677685950414,115,121,6,0,115,121,7584,0,0,0,0,0
2020-08-29,US,Texas,Gonzales,813,13,0,29.45634206,-97.49424032,48177.0,3901.713298459471,1.5990159901599017,800,808,12,0,796,805,20826,5,1,0,4,3
2020-08-29,US,Texas,Gray,242,4,0,35.40081878,-100.8129222,48179.0,1105.7296902129217,1.6528925619834711,238,241,4,0,237,241,21895,1,0,0,1,0
2020-08-29,US,Texas,Grayson,1452,25,0,33.62744998,-96.67753461,48181.0,1065.9853757378205,1.7217630853994488,1427,1435,25,0,1410,1421,133991,17,0,0,17,14
2020-08-29,US,Texas,Gregg,1880,46,0,32.47940482,-94.81591935,48183.0,1516.8018072532172,2.4468085106382977,1834,1859,45,0,1814,1840,123707,21,1,0,20,19
2020-08-29,US,Texas,Grimes,969,30,0,30.54579585,-95.98902499,48185.0,3355.263157894737,3.095975232198142,939,980,30,0,950,982,28360,-11,0,0,-11,-2
2020-08-29,US,Texas,Guadalupe,1899,72,0,29.58165339,-97.94786822,48187.0,1138.168501681181,3.791469194312796,1827,1891,72,0,1819,1885,163694,8,0,0,8,6
2020-08-29,US,Texas,Hale,1606,44,0,34.07044901,-101.82681140000001,48189.0,4807.519607256181,2.7397260273972597,1562,1606,42,0,1564,1591,33830,0,2,0,-2,15
2020-08-29,US,Texas,Hall,16,1,0,34.5307555,-100.68138520000001,48191.0,539.8110661268556,6.25,15,16,1,0,15,17,3028,0,0,0,0,-1
2020-08-29,US,Texas,Hamilton,100,3,0,31.70470573,-98.11083887,48193.0,1181.8933932159316,3.0,97,100,3,0,97,99,8484,0,0,0,0,1
2020-08-29,US,Texas,Hansford,102,3,0,36.27743284,-101.3545796,48195.0,1889.2387479162808,2.9411764705882355,99,101,3,0,98,101,5463,1,0,0,1,0
2020-08-29,US,Texas,Hardeman,22,0,0,34.28944521,-99.74632408,48197.0,559.3694380879734,0.0,22,22,0,0,22,22,3922,0,0,0,0,0
2020-08-29,US,Texas,Hardin,1254,19,0,30.33364686,-94.38931817,48199.0,2177.0077427867086,1.5151515151515151,1235,1206,19,0,1187,1206,57207,48,0,0,48,0
2020-08-29,US,Texas,Harris,104649,2177,0,29.85864939,-95.39339521,48201.0,2220.2797388255635,2.080287437051477,102472,103088,2153,0,100935,101670,4698619,1561,24,0,1537,1418
2020-08-29,US,Texas,Harrison,796,27,0,32.54935988,-94.36934071,48203.0,1196.0392469159915,3.391959798994975,769,793,27,0,766,787,66726,3,0,0,3,6
2020-08-29,US,Texas,Hartley,101,0,0,35.84008013,-102.6029022,48205.0,1811.3342898134865,0.0,101,101,0,0,101,99,5619,0,0,0,0,2
2020-08-29,US,Texas,Haskell,54,2,0,33.17823584,-99.73037358,48207.0,954.4008483563097,3.703703703703704,52,54,2,0,52,52,5813,0,0,0,0,2
2020-08-29,US,Texas,Hays,5361,56,0,30.05669873,-98.02944344,48209.0,2328.9355361417256,1.0445812348442456,5305,5361,56,0,5305,5340,222631,0,0,0,0,21
2020-08-29,US,Texas,Hemphill,55,0,0,35.83764858,-100.2703577,48211.0,1440.1675831369464,0.0,55,54,0,0,54,53,3825,1,0,0,1,1
2020-08-29,US,Texas,Henderson,815,16,0,32.21128872,-95.85846587,48213.0,985.0490107207173,1.96319018404908,799,794,16,0,778,786,82299,21,0,0,21,8
2020-08-29,US,Texas,Hidalgo,27252,1156,0,26.39418217,-98.18299696,48215.0,3137.0761372937022,4.241890503449288,26096,27252,1156,0,26096,27077,865939,0,0,0,0,175
2020-08-29,US,Texas,Hill,369,8,0,31.99045053,-97.13423143,48217.0,1006.8487543998473,2.168021680216802,361,369,8,0,361,367,36354,0,0,0,0,2
2020-08-29,US,Texas,Hockley,262,5,0,33.60771256,-102.3431676,48219.0,1138.0913079362324,1.9083969465648856,257,259,5,0,254,255,22980,3,0,0,3,4
2020-08-29,US,Texas,Hood,767,22,0,32.42990927,-97.83242024,48221.0,1244.2613110977727,2.86831812255541,745,765,22,0,743,756,60537,2,0,0,2,9
2020-08-29,US,Texas,Hopkins,242,7,0,33.14875072,-95.56351139,48223.0,652.5725380217882,2.8925619834710745,235,241,7,0,234,240,36810,1,0,0,1,1
2020-08-29,US,Texas,Houston,536,9,0,31.31925973,-95.42226208,48225.0,2333.6816440264715,1.6791044776119404,527,535,8,0,527,532,23169,1,1,0,0,3
2020-08-29,US,Texas,Howard,278,8,0,32.30621324,-101.4356444,48227.0,758.2369626881955,2.8776978417266186,270,276,8,0,268,266,36459,2,0,0,2,10
2020-08-29,US,Texas,Hudspeth,38,2,0,31.45628381,-105.388178,48229.0,777.7322963569381,5.2631578947368425,36,38,2,0,36,37,4795,0,0,0,0,1
2020-08-29,US,Texas,Hunt,1405,29,0,33.12351514,-96.08551032,48231.0,1425.0360062478446,2.06405693950178,1376,1405,29,0,1376,1392,96493,0,0,0,0,13
2020-08-29,US,Texas,Hutchinson,147,3,0,35.84006574,-101.3546643,48233.0,702.0727863215207,2.0408163265306123,144,146,3,0,143,145,21198,1,0,0,1,1
2020-08-29,US,Texas,Irion,10,0,0,31.30375559,-100.982439,48235.0,651.0416666666666,0.0,10,10,0,0,10,10,1522,0,0,0,0,0
2020-08-29,US,Texas,Jack,121,0,0,33.23377248,-98.17283469,48237.0,1354.2249580302182,0.0,121,122,0,0,122,120,8843,-1,0,0,-1,2
2020-08-29,US,Texas,Jackson,501,14,0,28.95472367,-96.57749563,48239.0,3394.308943089431,2.7944111776447107,487,496,14,0,482,495,14874,5,0,0,5,1
2020-08-29,US,Texas,Jasper,393,18,0,30.74685667,-94.02667579,48241.0,1106.138647302204,4.580152671755725,375,393,18,0,375,393,35872,0,0,0,0,0
2020-08-29,US,Texas,Jeff Davis,8,0,0,30.71490589,-104.1399973,48243.0,351.8029903254178,0.0,8,8,0,0,8,8,2252,0,0,0,0,0
2020-08-29,US,Texas,Jefferson,6610,106,0,29.8832777,-94.16434171,48245.0,2627.5515274382365,1.6036308623298032,6504,6590,106,0,6484,6586,255001,20,0,0,20,4
2020-08-29,US,Texas,Jim Hogg,77,2,0,27.04453923,-98.69681870000001,48247.0,1480.7692307692307,2.5974025974025974,75,77,2,0,75,75,5248,0,0,0,0,2
2020-08-29,US,Texas,Jim Wells,980,24,0,27.73103938,-98.0904705,48249.0,2420.829010424386,2.4489795918367347,956,980,24,0,956,957,40822,0,0,0,0,23
2020-08-29,US,Texas,Johnson,2500,43,0,32.37877812,-97.36615819,48251.0,1421.9330326418951,1.72,2457,2493,42,0,2451,2470,171361,7,1,0,6,23
2020-08-29,US,Texas,Jones,598,0,0,32.73997145,-99.87861576,48253.0,2977.642782452821,0.0,598,601,0,0,601,601,19817,-3,0,0,-3,0
2020-08-29,US,Texas,Karnes,740,12,0,28.90705334,-97.85960149,48255.0,4743.2856868149465,1.6216216216216215,728,736,11,0,725,734,15650,4,1,0,3,2
2020-08-29,US,Texas,Kaufman,2757,37,0,32.599141700000004,-96.28734728,48257.0,2024.9129662000385,1.342038447587958,2720,2752,36,0,2716,2725,128622,5,1,0,4,27
2020-08-29,US,Texas,Kendall,197,4,0,29.94414155,-98.7113588,48259.0,415.3401783643608,2.0304568527918785,193,196,4,0,192,196,45641,1,0,0,1,0
2020-08-29,US,Texas,Kenedy,7,1,0,26.92601662,-97.66413984,48261.0,1732.6732673267327,14.285714285714285,6,7,1,0,6,7,442,0,0,0,0,0
2020-08-29,US,Texas,Kent,7,0,0,33.18104136,-100.7780939,48263.0,918.6351706036743,0.0,7,7,0,0,7,7,726,0,0,0,0,0
2020-08-29,US,Texas,Kerr,435,9,0,30.06040006,-99.34930144,48265.0,826.9961977186313,2.0689655172413794,426,434,9,0,425,433,52405,1,0,0,1,1
2020-08-29,US,Texas,Kimble,16,1,0,30.48678918,-99.74856473,48267.0,368.9186073322573,6.25,15,16,1,0,15,16,4362,0,0,0,0,0
2020-08-29,US,Texas,Kinney,22,1,0,29.34967888,-100.41866379999999,48271.0,599.9454595036815,4.545454545454546,21,22,1,0,21,22,3767,0,0,0,0,0
2020-08-29,US,Texas,Kleberg,604,25,0,27.42435506,-97.69894948,48273.0,1968.70925684485,4.139072847682119,579,604,24,0,580,593,31129,0,1,0,-1,11
2020-08-29,US,Texas,Knox,67,8,0,33.60519951,-99.74229059999999,48275.0,1828.6026200873362,11.940298507462687,59,67,8,0,59,65,3653,0,0,0,0,2
2020-08-29,US,Texas,La Salle,365,4,0,28.34453111,-99.09908775,48283.0,4853.723404255319,1.095890410958904,361,366,3,0,363,366,7531,-1,1,0,-2,0
2020-08-29,US,Texas,Lamar,791,25,0,33.66981763,-95.57404777,48277.0,1586.4738562746945,3.1605562579013906,766,791,25,0,766,791,49728,0,0,0,0,0
2020-08-29,US,Texas,Lamb,278,19,0,34.06859623,-102.35162890000001,48279.0,2156.20879547041,6.83453237410072,259,276,19,0,257,273,13158,2,0,0,2,3
2020-08-29,US,Texas,Lampasas,153,6,0,31.19531316,-98.24206613,48281.0,714.0190405077469,3.92156862745098,147,151,5,0,146,150,21229,2,1,0,1,1
2020-08-29,US,Texas,Lavaca,682,29,0,29.38508402,-96.93186692,48285.0,3383.943634018061,4.252199413489737,653,678,29,0,649,674,20110,4,0,0,4,4
2020-08-29,US,Texas,Lee,196,14,0,30.31120597,-96.97045773,48287.0,1136.9569000522072,7.142857142857142,182,194,14,0,180,193,17144,2,0,0,2,1
2020-08-29,US,Texas,Leon,186,4,0,31.29872538,-95.9936328,48289.0,1068.7198345207996,2.150537634408602,182,180,4,0,176,178,17270,6,0,0,6,2
2020-08-29,US,Texas,Liberty,1786,43,0,30.15152688,-94.81205615,48291.0,2024.5071923281832,2.4076147816349383,1743,1670,42,0,1628,1670,86323,116,1,0,115,0
2020-08-29,US,Texas,Limestone,433,7,0,31.5454767,-96.58095444,48293.0,1847.5060801297088,1.6166281755196306,426,408,7,0,401,405,23519,25,0,0,25,3
2020-08-29,US,Texas,Lipscomb,25,0,0,36.27783108,-100.27331509999999,48295.0,773.2755954222084,0.0,25,23,0,0,23,23,3355,2,0,0,2,0
2020-08-29,US,Texas,Live Oak,330,6,0,28.35101362,-98.1246786,48297.0,2703.366920619317,1.818181818181818,324,330,6,0,324,330,12166,0,0,0,0,0
2020-08-29,US,Texas,Llano,101,1,0,30.70645047,-98.68475262,48299.0,463.4090387703602,0.99009900990099,100,101,1,0,100,101,21646,0,0,0,0,0
2020-08-29,US,Texas,Lubbock,7242,92,0,33.61008596,-101.82047890000001,48303.0,2331.848961100432,1.2703673018503177,7150,7173,92,0,7081,7035,307412,69,0,0,69,138
2020-08-29,US,Texas,Lynn,79,4,0,33.17657705,-101.8162849,48305.0,1327.5079818517895,5.063291139240507,75,77,4,0,73,77,5877,2,0,0,2,0
2020-08-29,US,Texas,Madison,830,5,0,30.96694679,-95.93003775,48313.0,5810.697283674041,0.6024096385542169,825,833,5,0,828,834,14422,-3,0,0,-3,-1
2020-08-29,US,Texas,Marion,140,10,0,32.79868409,-94.35661230000001,48315.0,1420.7428455449563,7.142857142857142,130,140,10,0,130,139,9928,0,0,0,0,1
2020-08-29,US,Texas,Martin,71,5,0,32.30600051,-101.9513518,48317.0,1230.2893779241033,7.042253521126762,66,71,5,0,66,70,5753,0,0,0,0,1
2020-08-29,US,Texas,Mason,73,1,0,30.71780434,-99.22629416,48319.0,1708.0018717828732,1.3698630136986298,72,73,0,0,73,68,4280,0,1,0,-1,5
2020-08-29,US,Texas,Matagorda,903,38,0,28.81955746,-96.01230294,48321.0,2464.3178779030104,4.208194905869323,865,895,38,0,857,895,36552,8,0,0,8,0
2020-08-29,US,Texas,Maverick,3258,79,0,28.7429195,-100.3157686,48323.0,5548.176152038418,2.424800491098833,3179,3258,78,0,3180,3248,58485,0,1,0,-1,10
2020-08-29,US,Texas,McCulloch,108,1,0,31.1925468,-99.34682807,48307.0,1352.7054108216432,0.925925925925926,107,91,1,0,90,85,7987,17,0,0,17,6
2020-08-29,US,Texas,McLennan,6162,81,0,31.55255453,-97.20217694,48309.0,2401.187734536655,1.3145082765335931,6081,6100,80,0,6020,6008,254607,62,1,0,61,92
2020-08-29,US,Texas,McMullen,11,0,0,28.35251708,-98.56769164,48311.0,1480.4845222072681,0.0,11,11,0,0,11,11,749,0,0,0,0,0
2020-08-29,US,Texas,Medina,1111,35,0,29.355730100000002,-99.11030298,48325.0,2153.768610421836,3.1503150315031503,1076,1103,35,0,1068,1103,50921,8,0,0,8,0
2020-08-29,US,Texas,Menard,20,0,0,30.88990665,-99.82047940000001,48327.0,935.4536950420952,0.0,20,20,0,0,20,20,2139,0,0,0,0,0
2020-08-29,US,Texas,Midland,3239,67,0,31.86904128,-102.03156820000001,48329.0,1831.6820484980094,2.0685396727384995,3172,3239,67,0,3172,3201,172578,0,0,0,0,38
2020-08-29,US,Texas,Milam,425,5,0,30.78581830000001,-96.97718698,48331.0,1712.1218225033233,1.1764705882352942,420,420,5,0,415,413,25131,5,0,0,5,7
2020-08-29,US,Texas,Mills,33,0,0,31.49557106,-98.59272068,48333.0,677.2009029345372,0.0,33,33,0,0,33,31,4921,0,0,0,0,2
2020-08-29,US,Texas,Mitchell,73,1,0,32.30623474,-100.9212058,48335.0,854.3007606787595,1.3698630136986298,72,73,1,0,72,73,8145,0,0,0,0,0
2020-08-29,US,Texas,Montague,122,3,0,33.67521893,-97.72500958,48337.0,615.6019779997981,2.459016393442623,119,118,3,0,115,116,19596,4,0,0,4,2
2020-08-29,US,Texas,Montgomery,8580,120,0,30.30079133,-95.50572772,48339.0,1412.5991330131662,1.3986013986013983,8460,8580,120,0,8460,8515,590925,0,0,0,0,65
2020-08-29,US,Texas,Moore,1118,18,0,35.83769242,-101.8930281,48341.0,5339.063992359122,1.6100178890876566,1100,1117,18,0,1099,1112,21485,1,0,0,1,5
2020-08-29,US,Texas,Morris,156,3,0,33.11304005,-94.73255695,48343.0,1259.2831772683244,1.9230769230769231,153,155,3,0,152,152,12339,1,0,0,1,3
2020-08-29,US,Texas,Motley,6,0,0,34.07408766,-100.77972199999999,48345.0,500.0,0.0,6,6,0,0,6,6,1234,0,0,0,0,0
2020-08-29,US,Texas,Nacogdoches,1338,48,0,31.62017125,-94.61803994,48347.0,2052.0213483835346,3.5874439461883414,1290,1328,48,0,1280,1318,65711,10,0,0,10,10
2020-08-29,US,Texas,Navarro,1074,16,0,32.04620681,-96.47428766,48349.0,2143.156466385968,1.48975791433892,1058,1068,14,0,1054,1058,49565,6,2,0,4,10
2020-08-29,US,Texas,Newton,162,6,0,30.78548982,-93.74408813,48351.0,1191.6145641780067,3.703703703703704,156,162,6,0,156,162,13746,0,0,0,0,0
2020-08-29,US,Texas,Nolan,150,4,0,32.30365282,-100.4060208,48353.0,1019.4372706266141,2.6666666666666665,146,147,4,0,143,147,14751,3,0,0,3,0
2020-08-29,US,Texas,Nueces,18664,348,0,27.736286,-97.5433285,48355.0,5151.617194874881,1.8645520788684096,18316,18664,348,0,18316,18536,362265,0,0,0,0,128
2020-08-29,US,Texas,Ochiltree,109,3,0,36.27829105,-100.8158184,48357.0,1108.1740544936965,2.7522935779816518,106,106,3,0,103,105,9947,3,0,0,3,1
2020-08-29,US,Texas,Oldham,15,1,0,35.40425596,-102.6027606,48359.0,710.2272727272727,6.666666666666668,14,14,1,0,13,14,2131,1,0,0,1,0
2020-08-29,US,Texas,Orange,1782,35,0,30.11879481,-93.89412775,48361.0,2136.793131565063,1.9640852974186307,1747,1817,35,0,1782,1817,83572,-35,0,0,-35,0
2020-08-29,US,Texas,Palo Pinto,423,11,0,32.75310985,-98.31319001,48363.0,1449.1760594744596,2.600472813238771,412,420,11,0,409,416,28875,3,0,0,3,4
2020-08-29,US,Texas,Panola,313,21,0,32.163959600000005,-94.30552481,48365.0,1349.4869362766233,6.7092651757188495,292,312,20,0,292,309,23148,1,1,0,0,3
2020-08-29,US,Texas,Parker,1645,25,0,32.77757172,-97.80500621,48367.0,1151.331905541791,1.5197568389057752,1620,1639,25,0,1614,1632,138371,6,0,0,6,7
2020-08-29,US,Texas,Parmer,385,7,0,34.52993409,-102.78446679999999,48369.0,4008.32899531494,1.818181818181818,378,383,7,0,376,381,9864,2,0,0,2,2
2020-08-29,US,Texas,Pecos,296,3,0,30.78097267,-102.72412609999999,48371.0,1870.6945585540038,1.0135135135135136,293,294,3,0,291,288,15673,2,0,0,2,6
2020-08-29,US,Texas,Polk,778,17,0,30.79472531,-94.82766240000001,48373.0,1515.0039919770995,2.185089974293059,761,778,16,0,762,774,50031,0,1,0,-1,4
2020-08-29,US,Texas,Potter,4034,51,0,35.40133773,-101.893964,48375.0,3435.6768726312653,1.2642538423401093,3983,4034,51,0,3983,4007,119648,0,0,0,0,27
2020-08-29,US,Texas,Presidio,50,5,0,29.99954402,-104.24080790000001,48377.0,745.8233890214798,10.0,45,50,5,0,45,50,6948,0,0,0,0,0
2020-08-29,US,Texas,Rains,59,3,0,32.87109387,-95.79232691,48379.0,471.47195141441597,5.084745762711863,56,59,3,0,56,58,12159,0,0,0,0,1
2020-08-29,US,Texas,Randall,2168,27,0,34.96585996,-101.8971322,48381.0,1574.2885566359023,1.2453874538745386,2141,2152,27,0,2125,2125,136271,16,0,0,16,27
2020-08-29,US,Texas,Reagan,83,6,0,31.36607041,-101.52326590000001,48383.0,2156.404260846973,7.2289156626506035,77,82,6,0,76,78,3741,1,0,0,1,4
2020-08-29,US,Texas,Real,104,5,0,29.83321503,-99.82018052,48385.0,3012.746234067208,4.807692307692308,99,104,5,0,99,102,3478,0,0,0,0,2
2020-08-29,US,Texas,Red River,145,14,0,33.61886692,-95.04841765,48387.0,1206.0217915661653,9.655172413793103,131,145,14,0,131,144,12175,0,0,0,0,1
2020-08-29,US,Texas,Reeves,169,5,0,31.32323325,-103.69038959999999,48389.0,1057.836755132699,2.9585798816568047,164,169,5,0,164,169,15695,0,0,0,0,0
2020-08-29,US,Texas,Refugio,263,10,0,28.323897600000002,-97.15766311,48391.0,3785.261945883708,3.8022813688212933,253,263,10,0,253,254,7032,0,0,0,0,9
2020-08-29,US,Texas,Roberts,8,0,0,35.83809685,-100.813175,48393.0,936.768149882904,0.0,8,8,0,0,8,8,903,0,0,0,0,0
2020-08-29,US,Texas,Robertson,248,4,0,31.02539637,-96.51272246,48395.0,1452.500878528757,1.6129032258064515,244,248,4,0,244,247,17284,0,0,0,0,1
2020-08-29,US,Texas,Rockwall,1316,21,0,32.89779518,-96.40771592,48397.0,1254.3487585188009,1.5957446808510638,1295,1318,21,0,1297,1293,100657,-2,0,0,-2,25
2020-08-29,US,Texas,Runnels,191,3,0,31.8314342,-99.97616148,48399.0,1860.8729540140296,1.5706806282722514,188,189,3,0,186,185,10234,2,0,0,2,4
2020-08-29,US,Texas,Rusk,719,4,0,32.10773545,-94.76176432,48401.0,1321.5454177848032,0.5563282336578581,715,718,4,0,714,709,54450,1,0,0,1,9
2020-08-29,US,Texas,Sabine,72,6,0,31.34318809,-93.85440451,48403.0,682.9823562891291,8.333333333333334,66,72,6,0,66,72,10589,0,0,0,0,0
2020-08-29,US,Texas,San Augustine,188,12,0,31.39457611,-94.17000399,48405.0,2282.3843632390435,6.382978723404255,176,188,12,0,176,186,8232,0,0,0,0,2
2020-08-29,US,Texas,San Jacinto,201,8,0,30.57933681,-95.16260304,48407.0,696.4898298624347,3.9800995024875614,193,200,8,0,192,199,28719,1,0,0,1,1
2020-08-29,US,Texas,San Patricio,1257,59,0,28.00880118,-97.51763891,48409.0,1883.710475048704,4.6937151949085125,1198,1230,58,0,1172,1226,66893,27,1,0,26,4
2020-08-29,US,Texas,San Saba,38,0,0,31.1577796,-98.81758731,48411.0,627.5805119735755,0.0,38,38,0,0,38,36,6054,0,0,0,0,2
2020-08-29,US,Texas,Schleicher,38,2,0,30.89740592,-100.5384842,48413.0,1360.544217687075,5.2631578947368425,36,38,2,0,36,38,2895,0,0,0,0,0
2020-08-29,US,Texas,Scurry,546,2,0,32.74613808,-100.91626640000001,48415.0,3268.8738549961085,0.3663003663003663,544,543,2,0,541,542,16866,3,0,0,3,1
2020-08-29,US,Texas,Shackelford,23,0,0,32.73587756,-99.35401337,48417.0,704.4410413476262,0.0,23,23,0,0,23,22,3253,0,0,0,0,1
2020-08-29,US,Texas,Shelby,436,19,0,31.79211404,-94.14550696,48419.0,1725.092980929018,4.357798165137615,417,436,19,0,417,435,25418,0,0,0,0,1
2020-08-29,US,Texas,Sherman,53,0,0,36.27751473,-101.8933156,48421.0,1753.8054268696228,0.0,53,53,0,0,53,53,3079,0,0,0,0,0
2020-08-29,US,Texas,Smith,3207,58,0,32.37474036,-95.27175679999999,48423.0,1377.8673346194,1.8085438104147176,3149,3172,57,0,3115,3158,230221,35,1,0,34,14
2020-08-29,US,Texas,Somervell,118,3,0,32.22236802,-97.77403489,48425.0,1292.7256792287467,2.5423728813559316,115,117,3,0,114,117,9016,1,0,0,1,0
2020-08-29,US,Texas,Starr,2780,129,0,26.56150059,-98.73892358,48427.0,4301.208361053951,4.640287769784171,2651,2780,129,0,2651,2635,64525,0,0,0,0,145
2020-08-29,US,Texas,Stephens,110,3,0,32.73553157,-98.83631615,48429.0,1174.4608157164212,2.727272727272727,107,110,3,0,107,110,9433,0,0,0,0,0
2020-08-29,US,Texas,Sterling,2,0,0,31.82781912,-101.05007459999999,48431.0,154.9186676994578,0.0,2,2,0,0,2,1,1311,0,0,0,0,1
2020-08-29,US,Texas,Stonewall,10,1,0,33.17906744,-100.25384009999999,48433.0,740.7407407407408,10.0,9,10,1,0,9,9,1362,0,0,0,0,1
2020-08-29,US,Texas,Sutton,76,2,0,30.49856623,-100.5382014,48435.0,2012.71186440678,2.631578947368421,74,76,2,0,74,76,3758,0,0,0,0,0
2020-08-29,US,Texas,Swisher,93,3,0,34.53028891,-101.73491740000001,48437.0,1257.2664593754225,3.2258064516129035,90,93,3,0,90,93,7462,0,0,0,0,0
2020-08-29,US,Texas,Tarrant,41272,550,0,32.77143818,-97.29101614,48439.0,1962.9824281871952,1.3326226012793176,40722,38644,599,0,38045,38451,2084931,2628,-49,0,2677,193
2020-08-29,US,Texas,Taylor,1306,34,0,32.30163422,-99.89007449,48441.0,946.1437037251692,2.603369065849924,1272,1270,33,0,1237,1260,137640,36,1,0,35,10
2020-08-29,US,Texas,Terrell,3,0,0,30.22429013,-102.0766732,48443.0,386.59793814432993,0.0,3,3,0,0,3,3,823,0,0,0,0,0
2020-08-29,US,Texas,Terry,199,3,0,33.17402785,-102.3354521,48445.0,1613.0339628759018,1.5075376884422111,196,198,3,0,195,198,12287,1,0,0,1,0
2020-08-29,US,Texas,Throckmorton,4,2,0,33.17751417,-99.21226795,48447.0,266.4890073284477,50.0,2,4,2,0,2,4,1515,0,0,0,0,0
2020-08-29,US,Texas,Titus,1487,23,0,33.21339719,-94.96797273,48449.0,4540.458015267175,1.546738399462004,1464,1487,22,0,1465,1436,33033,0,1,0,-1,51
2020-08-29,US,Texas,Tom Green,3207,51,0,31.40464436,-100.46244300000001,48451.0,2690.4362416107383,1.5902712815715625,3156,3183,51,0,3132,3158,118189,24,0,0,24,25
2020-08-29,US,Texas,Travis,26316,380,0,30.33432034,-97.78535620000001,48453.0,2065.6946797137107,1.4439884480924152,25936,26307,377,0,25930,26239,1248743,9,3,0,6,68
2020-08-29,US,Texas,Trinity,177,6,0,31.0879489,-95.1367187,48455.0,1208.1086615248105,3.3898305084745757,171,176,6,0,170,173,14740,1,0,0,1,3
2020-08-29,US,Texas,Tyler,175,3,0,30.77031716,-94.37690895,48457.0,807.4935400516797,1.7142857142857142,172,175,3,0,172,175,21696,0,0,0,0,0
2020-08-29,US,Texas,Upshur,324,6,0,32.73706798,-94.93999853,48459.0,775.992144277058,1.851851851851852,318,323,6,0,317,319,41260,1,0,0,1,4
2020-08-29,US,Texas,Upton,19,1,0,31.36868194,-102.0423217,48461.0,519.5515449822259,5.2631578947368425,18,18,1,0,17,18,3671,1,0,0,1,0
2020-08-29,US,Texas,Uvalde,689,18,0,29.35739637,-99.76229172,48463.0,2576.567817209529,2.6124818577648767,671,682,18,0,664,670,26846,7,0,0,7,12
2020-08-29,US,Texas,Val Verde,1912,86,0,29.89149232,-101.1525205,48465.0,3900.0509943906172,4.497907949790795,1826,1912,86,0,1826,1912,49208,0,0,0,0,0
2020-08-29,US,Texas,Van Zandt,516,18,0,32.56483801,-95.83766469,48467.0,911.8218766566533,3.4883720930232562,498,515,18,0,497,511,56019,1,0,0,1,4
2020-08-29,US,Texas,Victoria,3768,75,0,28.79780988,-96.96813006,48469.0,4091.9160766256896,1.9904458598726116,3693,3758,75,0,3683,3755,92035,10,0,0,10,3
2020-08-29,US,Texas,Walker,3627,48,0,30.73872995,-95.57440968,48471.0,4970.4677200531705,1.3234077750206783,3579,3443,46,0,3397,3443,72480,184,2,0,182,0
2020-08-29,US,Texas,Waller,661,8,0,30.01058447,-95.99011759,48473.0,1196.4667125221736,1.2102874432677762,653,640,8,0,632,640,53126,21,0,0,21,0
2020-08-29,US,Texas,Ward,106,1,0,31.50999644,-103.09279090000001,48475.0,883.4805800966827,0.9433962264150944,105,106,1,0,105,104,11720,0,0,0,0,2
2020-08-29,US,Texas,Washington,564,45,0,30.21498498,-96.40946246,48477.0,1571.8187392007135,7.978723404255319,519,560,45,0,515,560,35108,4,0,0,4,0
2020-08-29,US,Texas,Webb,10733,242,0,27.7610369,-99.33237355,48479.0,3879.6032560762255,2.2547284077145253,10491,10482,242,0,10240,10434,275910,251,0,0,251,48
2020-08-29,US,Texas,Wharton,1188,42,0,29.27765923,-96.22319248,48481.0,2858.7929540860528,3.5353535353535355,1146,1169,42,0,1127,1169,41619,19,0,0,19,0
2020-08-29,US,Texas,Wheeler,42,0,0,35.40114335,-100.26995140000001,48483.0,830.6962025316458,0.0,42,42,0,0,42,41,5191,0,0,0,0,1
2020-08-29,US,Texas,Wichita,1295,14,0,33.98842886,-98.70410340000001,48485.0,979.3541556379035,1.0810810810810811,1281,1276,14,0,1262,1252,132064,19,0,0,19,24
2020-08-29,US,Texas,Wilbarger,103,2,0,34.07945812,-99.24178437,48487.0,806.6410838750097,1.9417475728155342,101,103,2,0,101,103,12820,0,0,0,0,0
2020-08-29,US,Texas,Willacy,834,42,0,26.47411727,-97.61535848,48489.0,3904.860005618504,5.035971223021583,792,834,42,0,792,822,21515,0,0,0,0,12
2020-08-29,US,Texas,Williamson,7893,123,0,30.64655664,-97.60048540000001,48491.0,1336.5484098748454,1.5583428354237931,7770,7893,119,0,7774,7867,566719,0,4,0,-4,26
2020-08-29,US,Texas,Wilson,539,25,0,29.1732598,-98.08693082,48493.0,1055.4141374583903,4.638218923933209,514,538,25,0,513,537,50224,1,0,0,1,1
2020-08-29,US,Texas,Winkler,93,1,0,31.85008651,-103.04851629999999,48495.0,1161.0486891385767,1.075268817204301,92,91,1,0,90,90,7720,2,0,0,2,1
2020-08-29,US,Texas,Wise,646,12,0,33.21570665,-97.65460265,48497.0,923.0681298582532,1.8575851393188851,634,643,12,0,631,630,68305,3,0,0,3,13
2020-08-29,US,Texas,Wood,398,15,0,32.78722382,-95.38236368,48499.0,873.9761523090099,3.768844221105528,383,395,14,0,381,394,45129,3,1,0,2,1
2020-08-29,US,Texas,Yoakum,145,4,0,33.17320212,-102.82764329999999,48501.0,1664.179960977849,2.7586206896551726,141,142,4,0,138,142,8591,3,0,0,3,0
2020-08-29,US,Texas,Young,244,6,0,33.17659707,-98.68790885,48503.0,1354.8028872848415,2.459016393442623,238,243,6,0,237,214,18045,1,0,0,1,29
2020-08-29,US,Texas,Zapata,272,4,0,27.00156391,-99.16987152,48505.0,1918.329924536286,1.4705882352941178,268,263,4,0,259,247,14190,9,0,0,9,16
2020-08-29,US,Texas,Zavala,261,10,0,28.86617238,-99.76050829,48507.0,2204.391891891892,3.8314176245210727,251,261,10,0,251,259,11983,0,0,0,0,2
2020-08-29,US,Utah,Bear River,2550,11,0,41.52106798,-113.08328159999999,0.0,1364.9648320825615,0.4313725490196079,2539,2536,11,0,2525,2526,,14,0,0,14,10
2020-08-29,US,Utah,Central Utah,506,3,0,39.37231946,-111.5758676,0.0,617.4195280279181,0.5928853754940712,503,503,3,0,500,498,,3,0,0,3,5
2020-08-29,US,Utah,Davis,3841,23,0,40.99001837,-112.1139997,49011.0,1080.507818983293,0.5988023952095808,3818,3792,23,0,3769,3741,351713,49,0,0,49,51
2020-08-29,US,Utah,Salt Lake,23708,230,0,40.66616532,-111.92160109999999,49035.0,2043.0234472013558,0.9701366627298802,23478,23531,230,0,23301,23355,1152633,177,0,0,177,176
2020-08-29,US,Utah,San Juan,664,28,0,37.62762978,-109.80337140000002,49037.0,4337.601254246146,4.216867469879518,636,663,28,0,635,663,15449,1,0,0,1,0
2020-08-29,US,Utah,Southeast Utah,141,1,0,38.99617072,-110.70139579999999,0.0,350.4934251410673,0.7092198581560284,140,139,1,0,138,137,,2,0,0,2,2
2020-08-29,US,Utah,Southwest Utah,3565,27,0,37.85447192,-111.4418764,0.0,1414.4467985494482,0.7573632538569425,3538,3541,27,0,3514,3522,,24,0,0,24,19
2020-08-29,US,Utah,Summit,839,1,0,40.86688146,-110.9535882,49043.0,1990.7462332423768,0.11918951132300358,838,837,1,0,836,832,41933,2,0,0,2,5
2020-08-29,US,Utah,Tooele,675,0,0,40.44862644,-113.12957150000001,49045.0,934.1396919414883,0.0,675,676,0,0,676,673,69907,-1,0,0,-1,3
2020-08-29,US,Utah,TriCounty,204,1,0,40.12491499,-109.5174415,0.0,360.2839885556852,0.4901960784313725,203,204,1,0,203,203,,0,0,0,0,1
2020-08-29,US,Utah,Utah,10774,46,0,40.116672200000004,-111.66576620000001,49049.0,1693.3994514605454,0.4269537776127715,10728,10626,46,0,10580,10539,622213,148,0,0,148,87
2020-08-29,US,Utah,Wasatch,629,7,0,40.33110236,-111.1691419,49051.0,1845.0617465020093,1.1128775834658189,622,627,7,0,620,625,33240,2,0,0,2,2
2020-08-29,US,Utah,Weber-Morgan,3310,29,0,41.27116049,-111.9145117,0.0,1215.4059125274935,0.8761329305135952,3281,3273,29,0,3244,3243,,37,0,0,37,30
2020-08-29,US,Vermont,Addison,81,2,0,44.03217337,-73.14130877,50001.0,220.24634962068683,2.469135802469136,79,79,2,0,77,80,36973,2,0,0,2,-1
2020-08-29,US,Vermont,Bennington,100,1,0,43.03519828,-73.09048868,50003.0,281.92839018889197,1.0,99,100,1,0,99,98,35631,0,0,0,0,2
2020-08-29,US,Vermont,Caledonia,33,0,0,44.46548598,-72.10314651,50005.0,110.02567265695328,0.0,33,32,0,0,32,32,30302,1,0,0,1,0
2020-08-29,US,Vermont,Chittenden,787,39,0,44.46322849,-73.08359212,50007.0,480.540256695202,4.955527318932655,748,779,39,0,740,779,164572,8,0,0,8,0
2020-08-29,US,Vermont,Essex,6,0,0,44.72736416,-71.73579864,50009.0,97.35518416355671,0.0,6,6,0,0,6,6,6250,0,0,0,0,0
2020-08-29,US,Vermont,Franklin,122,7,0,44.85627605,-72.91249563,50011.0,246.9535646330108,5.737704918032787,115,122,7,0,115,122,49421,0,0,0,0,0
2020-08-29,US,Vermont,Grand Isle,13,0,0,44.797582399999996,-73.29679772,50013.0,179.68210089841045,0.0,13,13,0,0,13,13,7090,0,0,0,0,0
2020-08-29,US,Vermont,Lamoille,45,1,0,44.60353043,-72.64356694,50015.0,177.43080198722495,2.2222222222222223,44,45,1,0,44,45,25300,0,0,0,0,0
2020-08-29,US,Vermont,Orange,20,0,0,44.00470222,-72.37640104,50017.0,69.22331441229406,0.0,20,20,0,0,20,20,28999,0,0,0,0,0
2020-08-29,US,Vermont,Orleans,15,0,0,44.82964024,-72.24562697,50019.0,55.479528054148034,0.0,15,15,0,0,15,15,26907,0,0,0,0,0
2020-08-29,US,Vermont,Rutland,112,1,0,43.57723578,-73.03741676,50021.0,192.46962588716468,0.8928571428571429,111,111,1,0,110,110,58672,1,0,0,1,1
2020-08-29,US,Vermont,Unassigned,8,0,0,0.0,0.0,90050.0,0.0,0.0,8,8,0,0,8,8,,0,0,0,0,0
2020-08-29,US,Vermont,Washington,62,2,0,44.27343241,-72.61604978,50023.0,106.14802513311304,3.2258064516129035,60,62,2,0,60,61,58140,0,0,0,0,1
2020-08-29,US,Vermont,Windham,123,3,0,42.986982,-72.71268875,50025.0,291.3173227227512,2.4390243902439024,120,120,3,0,117,120,42756,3,0,0,3,0
2020-08-29,US,Vermont,Windsor,78,2,0,43.58010937,-72.58595157,50027.0,141.65849406124002,2.5641025641025643,76,77,2,0,75,77,55286,1,0,0,1,0
2020-08-29,US,Virginia,Accomack,1143,19,0,37.76707161,-75.63234615,51001.0,3536.9476420349047,1.6622922134733158,1124,1141,19,0,1122,1139,32412,2,0,0,2,2
2020-08-29,US,Virginia,Albemarle,1022,18,0,38.02080697,-78.55481085,51003.0,934.7845970913748,1.761252446183953,1004,1002,18,0,984,990,108718,20,0,0,20,12
2020-08-29,US,Virginia,Alexandria,3358,62,0,38.814003,-77.08183073,51510.0,2106.2799508241965,1.8463371054198927,3296,3352,64,0,3288,3333,160530,6,-2,0,8,19
2020-08-29,US,Virginia,Alleghany,64,4,0,37.78636074,-80.00222498,51005.0,430.6864064602961,6.25,60,64,4,0,60,63,14910,0,0,0,0,1
2020-08-29,US,Virginia,Amelia,98,3,0,37.34081025,-77.98584649,51007.0,745.5306200076076,3.0612244897959178,95,98,3,0,95,96,13013,0,0,0,0,2
2020-08-29,US,Virginia,Amherst,282,1,0,37.60308293,-79.14548696,51009.0,892.2638822971049,0.3546099290780142,281,277,1,0,276,273,31666,5,0,0,5,4
2020-08-29,US,Virginia,Appomattox,163,1,0,37.37569884,-78.81340003,51011.0,1024.4484947520584,0.6134969325153374,162,157,1,0,156,150,15841,6,0,0,6,7
2020-08-29,US,Virginia,Arlington,3513,137,0,38.8767675,-77.10139853,51013.0,1483.2673258965895,3.89980074010817,3376,3492,137,0,3355,3457,237521,21,0,0,21,35
2020-08-29,US,Virginia,Augusta,361,4,0,38.16404586,-79.12461614,51015.0,477.77866010217315,1.10803324099723,357,354,4,0,350,353,75457,7,0,0,7,1
2020-08-29,US,Virginia,Bath,4,0,0,38.05852573,-79.73912095,51017.0,96.45526886906195,0.0,4,4,0,0,4,4,4292,0,0,0,0,0
2020-08-29,US,Virginia,Bedford,533,8,0,37.3080028,-79.5281964,51019.0,674.7091661708672,1.50093808630394,525,526,8,0,518,514,78747,7,0,0,7,12
2020-08-29,US,Virginia,Bland,46,0,0,37.13128068,-81.13599391,51021.0,732.484076433121,0.0,46,42,0,0,42,42,6293,4,0,0,4,0
2020-08-29,US,Virginia,Botetourt,246,8,0,37.55531756,-79.80982182,51023.0,736.1082019210629,3.2520325203252027,238,247,8,0,239,238,33277,-1,0,0,-1,9
2020-08-29,US,Virginia,Bristol,118,2,0,36.616302399999995,-82.16359122,51520.0,703.9732728791313,1.6949152542372878,116,115,2,0,113,113,16482,3,0,0,3,2
2020-08-29,US,Virginia,Brunswick,283,2,0,36.76366949,-77.8593436,51025.0,1743.5771055387838,0.7067137809187279,281,281,2,0,279,279,16384,2,0,0,2,2
2020-08-29,US,Virginia,Buchanan,97,1,0,37.26818323,-82.03749726,51027.0,461.8167968006094,1.0309278350515465,96,97,1,0,96,97,21221,0,0,0,0,0
2020-08-29,US,Virginia,Buckingham,644,8,0,37.57242268,-78.52518834,51029.0,3755.5400046652667,1.2422360248447204,636,644,8,0,636,644,16999,0,0,0,0,0
2020-08-29,US,Virginia,Buena Vista,72,1,0,37.73484642,-79.35296097,51530.0,1111.4541525162088,1.3888888888888888,71,72,1,0,71,72,6237,0,0,0,0,0
2020-08-29,US,Virginia,Campbell,312,3,0,37.20553386,-79.09678609,51031.0,568.4613282317573,0.9615384615384616,309,310,3,0,307,307,54973,2,0,0,2,3
2020-08-29,US,Virginia,Caroline,259,5,0,38.02679129,-77.34901405,51033.0,842.9617575264442,1.9305019305019304,254,256,5,0,251,252,30772,3,0,0,3,4
2020-08-29,US,Virginia,Carroll,394,19,0,36.73066666,-80.73455942,51035.0,1322.5470779765699,4.822335025380711,375,388,19,0,369,385,29636,6,0,0,6,3
2020-08-29,US,Virginia,Charles City,70,5,0,37.35358063,-77.05634116,51036.0,1005.3138015223323,7.142857142857142,65,66,5,0,61,66,6941,4,0,0,4,0
2020-08-29,US,Virginia,Charlotte,69,0,0,37.01909701,-78.66314092,51037.0,580.8080808080807,0.0,69,67,0,0,67,64,11938,2,0,0,2,3
2020-08-29,US,Virginia,Charlottesville,648,18,0,38.03527919,-78.48569588,51540.0,1370.9643295392034,2.7777777777777777,630,623,17,0,606,604,48117,25,1,0,24,19
2020-08-29,US,Virginia,Chesapeake,3736,47,0,36.67670048,-76.30545744,51550.0,1525.9256233790106,1.2580299785867235,3689,3685,47,0,3638,3660,242634,51,0,0,51,25
2020-08-29,US,Virginia,Chesterfield,5013,82,0,37.37373208,-77.58680140000001,51041.0,1420.910312299817,1.6357470576501096,4931,4974,82,0,4892,4946,348556,39,0,0,39,28
2020-08-29,US,Virginia,Clarke,79,0,0,39.11271747,-77.99199425,51043.0,540.3926397154388,0.0,79,78,0,0,78,77,14523,1,0,0,1,1
2020-08-29,US,Virginia,Colonial Heights,217,22,0,37.26420587,-77.39609676,51570.0,1249.2803684513526,10.138248847926267,195,219,22,0,197,218,17833,-2,0,0,-2,1
2020-08-29,US,Virginia,Covington,23,0,0,37.7824656,-79.98631446,51580.0,415.3123871433731,0.0,23,23,0,0,23,22,5460,0,0,0,0,1
2020-08-29,US,Virginia,Craig,21,0,0,37.48133648,-80.21072274,51045.0,409.2769440654843,0.0,21,21,0,0,21,21,5064,0,0,0,0,0
2020-08-29,US,Virginia,Culpeper,1111,13,0,38.48199985,-77.95630870000002,51047.0,2111.9665431042677,1.1701170117011699,1098,1104,13,0,1091,1103,51859,7,0,0,7,1
2020-08-29,US,Virginia,Cumberland,97,0,0,37.51328851,-78.24398086,51049.0,976.6411598872332,0.0,97,96,0,0,96,96,9809,1,0,0,1,0
2020-08-29,US,Virginia,Danville,595,14,0,36.58022376,-79.40395668,51590.0,1485.865547897313,2.3529411764705883,581,582,12,0,570,575,40693,13,2,0,11,7
2020-08-29,US,Virginia,Dickenson,64,1,0,37.12560977,-82.35124171,51051.0,446.98980304511804,1.5625,63,63,1,0,62,59,14523,1,0,0,1,4
2020-08-29,US,Virginia,Dinwiddie,283,8,0,37.07544585,-77.63451754,51053.0,991.4517937219732,2.826855123674912,275,281,8,0,273,274,28529,2,0,0,2,7
2020-08-29,US,Virginia,Emporia,221,16,0,36.69455571,-77.53406129,51595.0,4133.931911709688,7.239819004524888,205,219,16,0,203,219,5121,2,0,0,2,0
2020-08-29,US,Virginia,Essex,121,2,0,37.93357639,-76.94230311,51057.0,1104.7201679905052,1.6528925619834711,119,116,2,0,114,114,10919,5,0,0,5,2
2020-08-29,US,Virginia,Fairfax,18192,555,0,38.83677558,-77.27565836,51059.0,1585.3152678966687,3.0507915567282318,17637,18084,550,0,17534,17959,1150795,108,5,0,103,125
2020-08-29,US,Virginia,Fairfax,18192,555,0,38.83677558,-77.27565836,51059.0,1585.3152678966687,3.0507915567282318,17637,18084,550,0,17534,17959,24574,108,5,0,103,125
2020-08-29,US,Virginia,Fairfax City,120,7,0,38.85157547,-77.29779640000002,51600.0,499.6044797868354,5.833333333333332,113,110,7,0,103,109,24574,10,0,0,10,1
2020-08-29,US,Virginia,Falls Church,66,7,0,38.88485255,-77.17560759,51610.0,451.5290415269892,10.606060606060606,59,66,7,0,59,66,14772,0,0,0,0,0
2020-08-29,US,Virginia,Fauquier,748,9,0,38.73564842,-77.80647472,51061.0,1050.2372862317825,1.2032085561497323,739,742,9,0,733,731,70675,6,0,0,6,11
2020-08-29,US,Virginia,Floyd,148,2,0,36.9302126,-80.36738849,51063.0,939.7422058543401,1.351351351351351,146,140,2,0,138,140,15795,8,0,0,8,0
2020-08-29,US,Virginia,Fluvanna,223,9,0,37.84157909,-78.27715475,51065.0,817.7484415108178,4.035874439461884,214,222,9,0,213,223,26783,1,0,0,1,-1
2020-08-29,US,Virginia,Franklin,194,1,0,36.99536167,-79.88023649,51067.0,346.1689447200313,0.5154639175257731,193,194,1,0,193,194,56195,0,0,0,0,0
2020-08-29,US,Virginia,Franklin,194,1,0,36.99536167,-79.88023649,51067.0,346.1689447200313,0.5154639175257731,193,194,1,0,193,194,8013,0,0,0,0,0
2020-08-29,US,Virginia,Franklin City,294,6,0,36.6831435,-76.93859681,51620.0,3690.222166436551,2.0408163265306123,288,283,6,0,277,279,8013,11,0,0,11,4
2020-08-29,US,Virginia,Frederick,762,10,0,39.20172582,-78.25974949,51069.0,853.1792684155722,1.3123359580052494,752,757,10,0,747,758,88355,5,0,0,5,-1
2020-08-29,US,Virginia,Fredericksburg,476,5,0,38.2977863,-77.4922454,51630.0,1639.344262295082,1.050420168067227,471,472,4,0,468,470,29144,4,1,0,3,2
2020-08-29,US,Virginia,Galax,396,28,0,36.66601852,-80.91703124,51640.0,6239.168110918544,7.070707070707071,368,394,28,0,366,394,6423,2,0,0,2,0
2020-08-29,US,Virginia,Giles,41,0,0,37.31234791,-80.70636931,51071.0,245.2153110047847,0.0,41,37,0,0,37,37,16844,4,0,0,4,0
2020-08-29,US,Virginia,Gloucester,201,2,0,37.40809042,-76.53524337,51073.0,538.1814287244297,0.9950248756218906,199,200,2,0,198,198,37349,1,0,0,1,2
2020-08-29,US,Virginia,Goochland,217,7,0,37.71714806,-77.90381514,51075.0,913.568812360544,3.2258064516129035,210,214,7,0,207,213,23244,3,0,0,3,1
2020-08-29,US,Virginia,Grayson,189,6,0,36.65677234,-81.23215889,51077.0,1215.434083601286,3.1746031746031744,183,184,6,0,178,184,15631,5,0,0,5,0
2020-08-29,US,Virginia,Greene,199,3,0,38.29545894,-78.46525378,51079.0,1004.0869872344721,1.5075376884422111,196,199,3,0,196,197,19779,0,0,0,0,2
2020-08-29,US,Virginia,Greensville,704,11,0,36.67878901,-77.56351439,51081.0,6210.303458009879,1.5625,693,668,11,0,657,665,11627,36,0,0,36,3
2020-08-29,US,Virginia,Halifax,204,2,0,36.76654925,-78.93512622,51083.0,601.5747102710035,0.9803921568627452,202,202,2,0,200,200,34120,2,0,0,2,2
2020-08-29,US,Virginia,Hampton,1529,16,0,37.03513786,-76.35879121,51650.0,1136.7184595940826,1.0464355788096795,1513,1519,16,0,1503,1505,134313,10,0,0,10,14
2020-08-29,US,Virginia,Hanover,779,35,0,37.7583355,-77.49464673,51085.0,722.8624983761111,4.492939666238769,744,768,34,0,734,762,107239,11,1,0,10,6
2020-08-29,US,Virginia,Harrisonburg,1240,32,0,38.43542574,-78.87536254,51660.0,2338.916553493285,2.5806451612903225,1208,1203,32,0,1171,1179,54033,37,0,0,37,24
2020-08-29,US,Virginia,Henrico,4553,192,0,37.53460572,-77.39326555,51087.0,1376.285450005743,4.216999780364595,4361,4510,193,0,4317,4467,329261,43,-1,0,44,43
2020-08-29,US,Virginia,Henry,835,16,0,36.68542395,-79.87634026,51089.0,1651.6011630436933,1.916167664670659,819,809,15,0,794,803,50953,26,1,0,25,6
2020-08-29,US,Virginia,Highland,6,0,0,38.35799465,-79.56124594,51091.0,273.97260273972597,0.0,6,6,0,0,6,6,2210,0,0,0,0,0
2020-08-29,US,Virginia,Hopewell,342,4,0,37.29186313,-77.29754684,51670.0,1518.0434107150784,1.1695906432748535,338,338,4,0,334,337,22596,4,0,0,4,1
2020-08-29,US,Virginia,Isle of Wight,538,11,0,36.90579348,-76.70842863,51093.0,1449.7830714920908,2.044609665427509,527,519,11,0,508,504,36953,19,0,0,19,15
2020-08-29,US,Virginia,James City,734,18,0,37.31156958,-76.76950618,51095.0,959.188740640069,2.4523160762942777,716,726,18,0,708,723,76397,8,0,0,8,3
2020-08-29,US,Virginia,King George,201,4,0,38.26818502,-77.15852768,51099.0,748.9938888060814,1.9900497512437807,197,202,4,0,198,200,26575,-1,0,0,-1,2
2020-08-29,US,Virginia,King William,113,2,0,37.70965316,-77.09384941,51101.0,658.9689759738745,1.7699115044247788,111,111,2,0,109,110,16939,2,0,0,2,1
2020-08-29,US,Virginia,King and Queen,49,1,0,37.71044922,-76.88689628,51097.0,697.508896797153,2.0408163265306123,48,49,1,0,48,49,7042,0,0,0,0,0
2020-08-29,US,Virginia,Lancaster,68,0,0,37.71889653,-76.46400482,51103.0,641.3279260586627,0.0,68,66,0,0,66,64,10783,2,0,0,2,2
2020-08-29,US,Virginia,Lee,189,3,0,36.70586667,-83.12606515,51105.0,806.8992016394142,1.5873015873015872,186,183,3,0,180,178,23541,6,0,0,6,5
2020-08-29,US,Virginia,Lexington,42,0,0,37.78258621,-79.44262866,51678.0,564.0612409347301,0.0,42,42,0,0,42,42,7136,0,0,0,0,0
2020-08-29,US,Virginia,Loudoun,5924,118,0,39.08990083,-77.63481877,51107.0,1432.516479743095,1.9918973666441595,5806,5878,118,0,5760,5825,406850,46,0,0,46,53
2020-08-29,US,Virginia,Louisa,248,2,0,37.97850256,-77.96274807,51109.0,659.7323827511905,0.8064516129032258,246,243,2,0,241,239,36778,5,0,0,5,4
2020-08-29,US,Virginia,Lunenburg,93,2,0,36.94618528,-78.24133319,51111.0,762.5450967530337,2.150537634408602,91,93,2,0,91,92,12086,0,0,0,0,1
2020-08-29,US,Virginia,Lynchburg,968,5,0,37.40021399,-79.19888138,51680.0,1178.0741894654855,0.5165289256198347,963,936,5,0,931,911,82126,32,0,0,32,25
2020-08-29,US,Virginia,Madison,89,2,0,38.41531222,-78.28220331,51113.0,671.1409395973154,2.247191011235955,87,87,2,0,85,86,13295,2,0,0,2,1
2020-08-29,US,Virginia,Manassas,1790,23,0,38.7464321,-77.48509905,51683.0,4356.821224291104,1.2849162011173183,1767,1782,23,0,1759,1778,41641,8,0,0,8,4
2020-08-29,US,Virginia,Manassas Park,561,7,0,38.77058531,-77.44399307,51685.0,3209.749399244765,1.2477718360071302,554,558,7,0,551,555,17307,3,0,0,3,3
2020-08-29,US,Virginia,Martinsville,325,6,0,36.68212094,-79.86352771,51690.0,2588.816313525569,1.8461538461538465,319,316,6,0,310,314,12902,9,0,0,9,2
2020-08-29,US,Virginia,Mathews,23,0,0,37.44164146,-76.34098896,51115.0,260.3577088521621,0.0,23,23,0,0,23,23,8802,0,0,0,0,0
2020-08-29,US,Virginia,Mecklenburg,506,33,0,36.67882005,-78.36131056,51117.0,1654.2975774021645,6.521739130434782,473,501,33,0,468,498,30650,5,0,0,5,3
2020-08-29,US,Virginia,Middlesex,55,1,0,37.63191998,-76.55064617,51119.0,519.7505197505197,1.818181818181818,54,55,1,0,54,55,10769,0,0,0,0,0
2020-08-29,US,Virginia,Montgomery,449,4,0,37.17746986,-80.37868691,51121.0,455.675648246816,0.8908685968819601,445,427,3,0,424,411,98985,22,1,0,21,16
2020-08-29,US,Virginia,Nelson,84,0,0,37.78790447,-78.88498513,51125.0,562.6255860683189,0.0,84,83,0,0,83,83,14836,1,0,0,1,0
2020-08-29,US,Virginia,New Kent,150,1,0,37.50694406,-76.99828634,51127.0,649.6037417175522,0.6666666666666666,149,147,1,0,146,146,22391,3,0,0,3,1
2020-08-29,US,Virginia,Newport News,2273,24,0,37.08166899,-76.51754109,51700.0,1268.2382480122749,1.0558732952045755,2249,2216,21,0,2195,2190,178626,57,3,0,54,26
2020-08-29,US,Virginia,Norfolk,4334,52,0,36.89934014,-76.26420872,51710.0,1785.4347414126933,1.1998154130133825,4282,4328,52,0,4276,4297,244076,6,0,0,6,31
2020-08-29,US,Virginia,Northampton,304,29,0,37.34062933,-75.87751591,51131.0,2596.071733561059,9.539473684210526,275,303,29,0,274,303,11735,1,0,0,1,0
2020-08-29,US,Virginia,Northumberland,87,4,0,37.89202088,-76.41949732,51133.0,719.3054981397273,4.597701149425287,83,86,4,0,82,86,12147,1,0,0,1,0
2020-08-29,US,Virginia,Norton,26,0,0,36.93357076,-82.62750411,51720.0,653.1022356191911,0.0,26,26,0,0,26,26,3968,0,0,0,0,0
2020-08-29,US,Virginia,Nottoway,198,14,0,37.1435975,-78.05065922,51135.0,1299.8949579831933,7.070707070707071,184,194,14,0,180,191,15420,4,0,0,4,3
2020-08-29,US,Virginia,Orange,260,4,0,38.24530219,-78.01560400000002,51137.0,701.7354457369572,1.5384615384615383,256,257,3,0,254,254,36644,3,1,0,2,3
2020-08-29,US,Virginia,Page,360,25,0,38.61807452,-78.48797204,51139.0,1506.1501129612586,6.9444444444444455,335,360,25,0,335,358,23933,0,0,0,0,2
2020-08-29,US,Virginia,Patrick,223,11,0,36.680163799999995,-80.2865648,51141.0,1266.4697864606994,4.932735426008969,212,217,11,0,206,213,17673,6,0,0,6,4
2020-08-29,US,Virginia,Petersburg,621,20,0,37.20530399,-77.39368102,51730.0,1981.1140177375103,3.2206119162640903,601,614,20,0,594,611,31567,7,0,0,7,3
2020-08-29,US,Virginia,Pittsylvania,723,4,0,36.81980341,-79.39731264,51143.0,1197.9322000198829,0.5532503457814661,719,714,4,0,710,695,60949,9,0,0,9,19
2020-08-29,US,Virginia,Poquoson,64,0,0,37.14259351,-76.35798148,51735.0,521.5548855024041,0.0,64,63,0,0,63,63,12190,1,0,0,1,0
2020-08-29,US,Virginia,Portsmouth,2198,34,0,36.85914825,-76.35971629,51740.0,2328.439161846649,1.5468607825295724,2164,2186,34,0,2152,2161,94632,12,0,0,12,25
2020-08-29,US,Virginia,Powhatan,187,4,0,37.55016038,-77.91267882,51145.0,630.6488601106165,2.1390374331550803,183,185,4,0,181,183,29189,2,0,0,2,2
2020-08-29,US,Virginia,Prince Edward,488,11,0,37.22554789,-78.43597949,51147.0,2140.1631435838963,2.2540983606557377,477,478,11,0,467,473,22950,10,0,0,10,5
2020-08-29,US,Virginia,Prince George,519,2,0,37.18497668,-77.22922187,51149.0,1353.2187834067736,0.3853564547206166,517,506,2,0,504,499,38082,13,0,0,13,7
2020-08-29,US,Virginia,Prince William,10722,184,0,38.70916224,-77.48713689,51153.0,2279.6517375912913,1.7160977429584032,10538,10648,183,0,10465,10577,468011,74,1,0,73,71
2020-08-29,US,Virginia,Pulaski,130,3,0,37.06474963,-80.71229738,51155.0,382.04954888764803,2.3076923076923075,127,126,3,0,123,123,34066,4,0,0,4,3
2020-08-29,US,Virginia,Radford,334,0,0,37.12222899,-80.56027320000003,51750.0,1830.237273275248,0.0,334,282,0,0,282,252,18339,52,0,0,52,30
2020-08-29,US,Virginia,Rappahannock,53,2,0,38.68295619,-78.15826963,51157.0,719.1316146540026,3.7735849056603774,51,53,2,0,51,51,7252,0,0,0,0,2
2020-08-29,US,Virginia,Richmond,328,5,0,37.937575,-76.72920628,51159.0,3635.154604898592,1.5243902439024388,323,326,5,0,321,328,9038,2,0,0,2,-2
2020-08-29,US,Virginia,Richmond City,3831,47,0,37.53255773,-77.47966921,51760.0,1662.5006509399573,1.2268337248760115,3784,3795,47,0,3748,3767,228783,36,0,0,36,28
2020-08-29,US,Virginia,Roanoke,589,4,0,37.26865804,-80.06396753,51161.0,625.3583335102883,0.6791171477079796,585,598,4,0,594,584,94073,-9,0,0,-9,14
2020-08-29,US,Virginia,Roanoke City,1186,15,0,37.27791025,-79.96189766,51770.0,1196.2518785995985,1.2647554806070826,1171,1179,15,0,1164,1169,99920,7,0,0,7,10
2020-08-29,US,Virginia,Rockbridge,84,1,0,37.81204314,-79.44605905,51163.0,372.12599122845876,1.1904761904761905,83,84,1,0,83,84,22752,0,0,0,0,0
2020-08-29,US,Virginia,Rockingham,1044,20,0,38.51006137,-78.87260325,51165.0,1273.978620588666,1.9157088122605364,1024,1032,20,0,1012,1022,81244,12,0,0,12,10
2020-08-29,US,Virginia,Russell,179,4,0,36.93028320000001,-82.10095486,51167.0,673.2866922440382,2.23463687150838,175,177,4,0,173,174,26748,2,0,0,2,3
2020-08-29,US,Virginia,Salem,209,3,0,37.2836193,-80.06219455,51775.0,826.054306153907,1.4354066985645932,206,208,3,0,205,206,25643,1,0,0,1,2
2020-08-29,US,Virginia,Scott,150,4,0,36.71466456,-82.60171704,51169.0,695.5392747843828,2.6666666666666665,146,148,4,0,144,144,21534,2,0,0,2,4
2020-08-29,US,Virginia,Shenandoah,765,48,0,38.85905135,-78.56813762,51171.0,1753.943506969919,6.2745098039215685,717,764,48,0,716,763,43497,1,0,0,1,1
2020-08-29,US,Virginia,Smyth,260,3,0,36.84455636,-81.53344948,51173.0,863.6726016476216,1.1538461538461535,257,253,3,0,250,241,30472,7,0,0,7,12
2020-08-29,US,Virginia,Southampton,342,13,0,36.72231125,-77.10642712,51175.0,1939.7651863195508,3.801169590643275,329,338,13,0,325,337,17586,4,0,0,4,1
2020-08-29,US,Virginia,Spotsylvania,1781,38,0,38.18574462,-77.655399,51177.0,1307.4918327643798,2.133632790567097,1743,1769,38,0,1731,1759,134238,12,0,0,12,10
2020-08-29,US,Virginia,Stafford,1681,10,0,38.41758738,-77.45917053,51179.0,1099.5408223335644,0.594883997620464,1671,1660,10,0,1650,1639,149960,21,0,0,21,21
2020-08-29,US,Virginia,Staunton,170,0,0,38.15965544,-79.05979937,51790.0,681.8546446334028,0.0,170,170,0,0,170,170,24922,0,0,0,0,0
2020-08-29,US,Virginia,Suffolk,1620,60,0,36.70155394,-76.63603554,51800.0,1758.8048812263864,3.703703703703704,1560,1603,59,0,1544,1590,91185,17,1,0,16,13
2020-08-29,US,Virginia,Surry,65,3,0,37.11781893,-76.88450012,51181.0,1012.1457489878543,4.615384615384615,62,63,2,0,61,62,6474,2,1,0,1,1
2020-08-29,US,Virginia,Sussex,335,9,0,36.92432914,-77.25791182,51183.0,3002.061116587508,2.6865671641791047,326,334,9,0,325,330,11237,1,0,0,1,4
2020-08-29,US,Virginia,Tazewell,188,1,0,37.12191123,-81.56685568,51185.0,463.1112205936692,0.5319148936170213,187,186,1,0,185,184,40855,2,0,0,2,2
2020-08-29,US,Virginia,Virginia Beach,5948,67,0,36.73285734,-76.04566934,51810.0,1321.854151573202,1.1264290517821116,5881,5906,65,0,5841,5876,450189,42,2,0,40,30
2020-08-29,US,Virginia,Warren,389,6,0,38.90847745,-78.20280433,51187.0,968.5290309730107,1.5424164524421593,383,389,6,0,383,390,40003,0,0,0,0,-1
2020-08-29,US,Virginia,Washington,357,9,0,36.72341572,-81.95666289,51191.0,664.3096390026051,2.5210084033613445,348,345,9,0,336,339,54402,12,0,0,12,6
2020-08-29,US,Virginia,Waynesboro,214,3,0,38.06451466,-78.90293905,51820.0,945.6473707467962,1.4018691588785046,211,213,3,0,210,213,22628,1,0,0,1,0
2020-08-29,US,Virginia,Westmoreland,223,3,0,38.11021557,-76.80213247,51193.0,1237.857341104635,1.345291479820628,220,223,3,0,220,223,17830,0,0,0,0,0
2020-08-29,US,Virginia,Williamsburg,153,6,0,37.28131268,-76.70905141,51830.0,1023.1376220409256,3.92156862745098,147,148,6,0,142,148,14896,5,0,0,5,0
2020-08-29,US,Virginia,Winchester,436,4,0,39.17054517,-78.17325058,51840.0,1552.817152218819,0.9174311926605504,432,431,4,0,427,432,28108,5,0,0,5,-1
2020-08-29,US,Virginia,Wise,321,5,0,36.9746148,-82.62410519,51195.0,858.679078725624,1.557632398753894,316,317,5,0,312,318,38012,4,0,0,4,-1
2020-08-29,US,Virginia,Wythe,154,3,0,36.91582035,-81.07834059,51197.0,536.8846743829313,1.9480519480519483,151,149,3,0,146,146,28754,5,0,0,5,3
2020-08-29,US,Virginia,York,451,5,0,37.24374789,-76.54412815,51199.0,660.5155243116577,1.1086474501108647,446,444,5,0,439,444,67846,7,0,0,7,0
2020-08-29,US,Washington,Adams,620,7,0,46.98299757,-118.56017340000001,53001.0,3102.6372416554077,1.1290322580645162,613,619,7,0,612,596,19759,1,0,0,1,23
2020-08-29,US,Washington,Asotin,52,2,0,46.18894415,-117.2022851,53003.0,230.271897971836,3.8461538461538463,50,51,2,0,49,51,22610,1,0,0,1,0
2020-08-29,US,Washington,Benton,4144,122,0,46.23946995,-119.51208340000001,53005.0,2027.496452859729,2.944015444015444,4022,4105,122,0,3983,4057,201877,39,0,0,39,48
2020-08-29,US,Washington,Chelan,1722,12,0,47.87046092,-120.6173956,53007.0,2230.5699481865286,0.6968641114982579,1710,1729,12,0,1717,1713,77036,-7,0,0,-7,16
2020-08-29,US,Washington,Clallam,209,1,0,48.04754642,-123.92263190000001,53009.0,270.26677529063375,0.4784688995215311,208,207,1,0,206,204,76737,2,0,0,2,3
2020-08-29,US,Washington,Clark,2161,54,0,45.77568046,-122.48292040000001,53011.0,442.60928516859497,2.4988431281813974,2107,2141,54,0,2087,2122,481857,20,0,0,20,19
2020-08-29,US,Washington,Columbia,13,1,0,46.29442881,-117.9051983,53013.0,326.2233375156838,7.6923076923076925,12,13,1,0,12,13,4059,0,0,0,0,0
2020-08-29,US,Washington,Cowlitz,537,6,0,46.19074721,-122.6782231,53015.0,485.5641857983778,1.11731843575419,531,535,6,0,529,529,108987,2,0,0,2,6
2020-08-29,US,Washington,Douglas,1150,8,0,47.7361335,-119.69293700000001,53017.0,2648.000184208709,0.6956521739130435,1142,1146,8,0,1138,1146,42907,4,0,0,4,0
2020-08-29,US,Washington,Ferry,25,0,0,48.471143100000006,-118.5154041,53019.0,327.78287662252524,0.0,25,25,0,0,25,25,7649,0,0,0,0,0
2020-08-29,US,Washington,Franklin,3914,57,0,46.53351425,-118.9018212,53021.0,4110.394656696982,1.4563106796116505,3857,3899,57,0,3842,3874,94347,15,0,0,15,25
2020-08-29,US,Washington,Garfield,4,0,0,46.43197502,-117.54540320000001,53023.0,179.77528089887642,0.0,4,4,0,0,4,4,2247,0,0,0,0,0
2020-08-29,US,Washington,Grant,2236,15,0,47.20753737,-119.4500749,53025.0,2287.8659204158266,0.6708407871198568,2221,2224,15,0,2209,2166,97331,12,0,0,12,58
2020-08-29,US,Washington,Grays Harbor,222,6,0,47.14003705,-123.7820567,53027.0,295.75944898149504,2.702702702702702,216,222,6,0,216,221,73901,0,0,0,0,1
2020-08-29,US,Washington,Island,269,11,0,48.14713305,-122.5216407,53029.0,315.9464887656945,4.089219330855019,258,269,11,0,258,268,84460,0,0,0,0,1
2020-08-29,US,Washington,Jefferson,69,0,0,47.75003077,-123.56097040000002,53031.0,214.1460538158344,0.0,69,69,0,0,69,69,31729,0,0,0,0,0
2020-08-29,US,Washington,King,19449,723,0,47.49137892,-121.8346131,53033.0,863.3325372805713,3.7174147771093633,18726,19322,723,0,18599,19155,2233163,127,0,0,127,167
2020-08-29,US,Washington,Kitsap,979,9,0,47.63479026,-122.6436061,53035.0,360.6251818781242,0.919305413687436,970,971,9,0,962,962,269805,8,0,0,8,9
2020-08-29,US,Washington,Kittitas,451,21,0,47.12521214,-120.67943899999999,53037.0,940.8574110775007,4.656319290465632,430,451,21,0,430,448,47364,0,0,0,0,3
2020-08-29,US,Washington,Klickitat,174,3,0,45.87325839,-120.7913598,53039.0,775.9197324414715,1.7241379310344829,171,174,3,0,171,174,22107,0,0,0,0,0
2020-08-29,US,Washington,Lewis,335,4,0,46.57756476,-122.39257690000001,53041.0,415.0817153406768,1.1940298507462686,331,330,4,0,326,327,79604,5,0,0,5,3
2020-08-29,US,Washington,Lincoln,31,1,0,47.57705241,-118.41943880000001,53043.0,283.3897065545296,3.2258064516129035,30,31,1,0,30,31,10740,0,0,0,0,0
2020-08-29,US,Washington,Mason,311,1,0,47.35007586,-123.1863685,53045.0,465.7919961658279,0.3215434083601286,310,306,1,0,305,303,65507,5,0,0,5,3
2020-08-29,US,Washington,Okanogan,993,7,0,48.54855019,-119.73872240000001,53047.0,2350.6853206448404,0.7049345417925479,986,980,7,0,973,981,42132,13,0,0,13,-1
2020-08-29,US,Washington,Pacific,60,3,0,46.55418369,-123.7285716,53049.0,267.01081393796454,5.0,57,60,3,0,57,60,22036,0,0,0,0,0
2020-08-29,US,Washington,Pend Oreille,52,0,0,48.53234021,-117.2741804,53051.0,378.8982803847274,0.0,52,52,0,0,52,52,13602,0,0,0,0,0
2020-08-29,US,Washington,Pierce,6719,166,0,47.03892768,-122.14059579999999,53053.0,742.447346902694,2.470605744902515,6553,6678,166,0,6512,6661,891299,41,0,0,41,17
2020-08-29,US,Washington,San Juan,29,0,0,48.60182783,-122.96745,53055.0,164.94141735866228,0.0,29,29,0,0,29,29,17128,0,0,0,0,0
2020-08-29,US,Washington,Skagit,1011,22,0,48.48171488,-121.766131,53057.0,782.4774583026973,2.1760633036597428,989,1003,22,0,981,997,128206,8,0,0,8,6
2020-08-29,US,Washington,Skamania,58,1,0,46.02408726,-121.91644029999999,53059.0,480.01324174459984,1.7241379310344829,57,58,1,0,57,58,11924,0,0,0,0,0
2020-08-29,US,Washington,Snohomish,6159,209,0,48.04615983,-121.7170703,53061.0,749.1944244072679,3.3934080207825947,5950,6114,209,0,5905,6077,814901,45,0,0,45,37
2020-08-29,US,Washington,Spokane,5258,131,0,47.62113146,-117.4046494,53063.0,1005.7421795798759,2.491441612780525,5127,5208,131,0,5077,5158,514631,50,0,0,50,50
2020-08-29,US,Washington,Stevens,125,1,0,48.40035475,-117.8542701,53065.0,273.3853859108107,0.8,124,124,1,0,123,125,45260,1,0,0,1,-1
2020-08-29,US,Washington,Thurston,919,13,0,46.9291895,-122.82906559999999,53067.0,316.31192003744803,1.4145810663764962,906,905,13,0,892,888,286419,14,0,0,14,17
2020-08-29,US,Washington,Unassigned,267,4,0,0.0,0.0,90053.0,0.0,1.49812734082397,263,252,4,0,248,255,,15,0,0,15,-3
2020-08-29,US,Washington,Wahkiakum,6,0,0,46.29180039999999,-123.4250831,53069.0,133.6898395721925,0.0,6,6,0,0,6,6,4426,0,0,0,0,0
2020-08-29,US,Washington,Walla Walla,748,6,0,46.23040051,-118.4775539,53071.0,1231.0730743910467,0.8021390374331551,742,737,6,0,731,731,60922,11,0,0,11,6
2020-08-29,US,Washington,Whatcom,1081,39,0,48.82227976,-121.74900179999999,53073.0,471.54379337570396,3.6077705827937097,1042,1074,39,0,1035,1065,225685,7,0,0,7,9
2020-08-29,US,Washington,Whitman,389,0,0,46.90022523,-117.52417630000001,53075.0,776.3851189525786,0.0,389,279,0,0,279,233,49791,110,0,0,110,46
2020-08-29,US,Washington,Yakima,10928,239,0,46.45738486,-120.73801259999999,53077.0,4355.988886807269,2.187042459736457,10689,10899,239,0,10660,10869,251446,29,0,0,29,30
2020-08-29,US,West Virginia,Barbour,33,1,0,39.1307219,-80.00350858,54001.0,200.717717900371,3.0303030303030303,32,33,1,0,32,33,16535,0,0,0,0,0
2020-08-29,US,West Virginia,Berkeley,794,11,0,39.46704621,-78.02414609,54003.0,666.2694783126768,1.3853904282115868,783,788,11,0,777,780,117123,6,0,0,6,8
2020-08-29,US,West Virginia,Boone,139,0,0,38.01974191,-81.69888019,54005.0,647.8072423917603,0.0,139,134,0,0,134,132,21951,5,0,0,5,2
2020-08-29,US,West Virginia,Braxton,9,0,0,38.70036159,-80.72011184,54007.0,64.48377158415133,0.0,9,9,0,0,9,9,14089,0,0,0,0,0
2020-08-29,US,West Virginia,Brooke,88,2,0,40.27367263,-80.57915332,54009.0,401.1121746661197,2.272727272727273,86,86,1,0,85,85,22203,2,1,0,1,1
2020-08-29,US,West Virginia,Cabell,524,8,0,38.42424062,-82.23855912,54011.0,569.9059220185981,1.5267175572519085,516,509,7,0,502,502,93224,15,1,0,14,7
2020-08-29,US,West Virginia,Calhoun,9,0,0,38.84315422,-81.11934872,54013.0,126.60008440005626,0.0,9,9,0,0,9,8,7254,0,0,0,0,1
2020-08-29,US,West Virginia,Clay,20,2,0,38.46231092,-81.07652217,54015.0,235.0728725905031,10.0,18,20,2,0,18,19,8632,0,0,0,0,1
2020-08-29,US,West Virginia,Doddridge,6,0,0,39.27057157,-80.70671527,54017.0,71.02272727272727,0.0,6,6,0,0,6,6,8406,0,0,0,0,0
2020-08-29,US,West Virginia,Fayette,247,10,0,38.02974928,-81.08286634,54019.0,582.4647455548743,4.048582995951417,237,235,10,0,225,215,43018,12,0,0,12,20
2020-08-29,US,West Virginia,Gilmer,18,0,0,38.9251277,-80.85952723,54021.0,230.09075802121947,0.0,18,18,0,0,18,18,8026,0,0,0,0,0
2020-08-29,US,West Virginia,Grant,140,6,0,39.10314817,-79.19440518,54023.0,1210.2351313969568,4.285714285714286,134,140,5,0,135,139,11626,0,1,0,-1,1
2020-08-29,US,West Virginia,Greenbrier,106,3,0,37.9463652,-80.45335881,54025.0,305.8103975535168,2.830188679245283,103,103,3,0,100,99,34786,3,0,0,3,4
2020-08-29,US,West Virginia,Hampshire,91,1,0,39.32103553,-78.60826476,54027.0,392.6645091693636,1.0989010989010992,90,91,1,0,90,91,23347,0,0,0,0,0
2020-08-29,US,West Virginia,Hancock,121,0,0,40.51943859,-80.57461608,54029.0,419.99305796598395,0.0,121,118,0,0,118,118,29094,3,0,0,3,0
2020-08-29,US,West Virginia,Hardy,72,0,0,39.00683177,-78.85855301,54031.0,522.6480836236934,0.0,72,71,0,0,71,70,13775,1,0,0,1,1
2020-08-29,US,West Virginia,Harrison,263,1,0,39.2853852,-80.37919577,54033.0,391.0431783037944,0.3802281368821293,262,262,1,0,261,260,67554,1,0,0,1,2
2020-08-29,US,West Virginia,Jackson,200,19,0,38.84263974,-81.68148753,54035.0,699.8880179171332,9.5,181,200,19,0,181,198,28706,0,0,0,0,2
2020-08-29,US,West Virginia,Jefferson,352,4,0,39.30776166,-77.86014147,54037.0,615.9661218632975,1.1363636363636365,348,347,4,0,343,336,56811,5,0,0,5,11
2020-08-29,US,West Virginia,Kanawha,1363,30,0,38.33860077,-81.52857054,54039.0,765.1972783005098,2.2010271460014668,1333,1338,28,0,1310,1294,180454,25,2,0,23,44
2020-08-29,US,West Virginia,Lewis,32,2,0,38.9947249,-80.49988181,54041.0,201.16929653611615,6.25,30,32,2,0,30,32,16024,0,0,0,0,0
2020-08-29,US,West Virginia,Lincoln,113,1,0,38.172154,-82.07017953,54043.0,553.6772992307317,0.8849557522123894,112,112,1,0,111,111,20599,1,0,0,1,1
2020-08-29,US,West Virginia,Logan,476,27,0,37.8299889,-81.93528571,54045.0,1486.6173209656765,5.6722689075630255,449,471,26,0,445,454,32607,5,1,0,4,17
2020-08-29,US,West Virginia,Marion,216,2,0,39.50984542,-80.24244659,54049.0,385.2190041375375,0.925925925925926,214,215,2,0,213,212,56097,1,0,0,1,3
2020-08-29,US,West Virginia,Marshall,133,1,0,39.86064362,-80.66591062,54051.0,435.622809603354,0.7518796992481203,132,133,1,0,132,133,30785,0,0,0,0,0
2020-08-29,US,West Virginia,Mason,102,1,0,38.77071799,-82.02524219,54053.0,384.67340473676285,0.9803921568627452,101,102,1,0,101,94,26718,0,0,0,0,8
2020-08-29,US,West Virginia,McDowell,71,1,0,37.38002939,-81.65083669,54047.0,402.8597367226509,1.4084507042253518,70,71,0,0,71,71,18223,0,1,0,-1,0
2020-08-29,US,West Virginia,Mercer,290,23,0,37.40481169,-81.11023142,54055.0,493.5498144933457,7.931034482758621,267,290,22,0,268,287,59131,0,1,0,-1,3
2020-08-29,US,West Virginia,Mineral,144,4,0,39.41561583,-78.94104895,54057.0,535.9535506922733,2.7777777777777777,140,144,4,0,140,140,26940,0,0,0,0,4
2020-08-29,US,West Virginia,Mingo,232,5,0,37.73048351,-82.13338365,54059.0,990.4371584699452,2.155172413793104,227,229,5,0,224,224,23785,3,0,0,3,5
2020-08-29,US,West Virginia,Monongalia,1093,5,0,39.63218457,-80.04766838,54061.0,1034.920274211264,0.4574565416285453,1088,1083,5,0,1078,1075,106420,10,0,0,10,8
2020-08-29,US,West Virginia,Monroe,114,4,0,37.56274716,-80.54577965,54063.0,858.7570621468927,3.5087719298245608,110,95,1,0,94,95,13280,19,3,0,16,0
2020-08-29,US,West Virginia,Morgan,37,0,0,39.55439028,-78.26311676,54065.0,206.8888391858645,0.0,37,37,0,0,37,37,17787,0,0,0,0,0
2020-08-29,US,West Virginia,Nicholas,50,2,0,38.29617706,-80.79759588,54067.0,204.11495754408887,4.0,48,47,1,0,46,47,24842,3,1,0,2,0
2020-08-29,US,West Virginia,Ohio,290,5,0,40.0955451,-80.62203992,54069.0,700.2970225302456,1.7241379310344829,285,289,5,0,284,288,41755,1,0,0,1,1
2020-08-29,US,West Virginia,Pendleton,44,1,0,38.68314479,-79.35084086,54071.0,631.3674845745444,2.272727272727273,43,44,1,0,43,44,6997,0,0,0,0,0
2020-08-29,US,West Virginia,Pleasants,15,3,0,39.37091679,-81.16771771,54073.0,201.07238605898124,20.0,12,14,3,0,11,14,7507,1,0,0,1,0
2020-08-29,US,West Virginia,Pocahontas,42,0,0,38.32758728,-80.00993811,54075.0,509.2761004001455,0.0,42,42,0,0,42,42,8414,0,0,0,0,0
2020-08-29,US,West Virginia,Preston,139,4,0,39.46770987,-79.66712803,54077.0,415.7693228044987,2.8776978417266186,135,138,4,0,134,136,33839,1,0,0,1,2
2020-08-29,US,West Virginia,Putnam,274,0,0,38.50782345,-81.9082131,54079.0,485.38529672276354,0.0,274,265,0,0,265,257,56682,9,0,0,9,8
2020-08-29,US,West Virginia,Raleigh,346,3,0,37.76936795,-81.2456041,54081.0,471.6402448167282,0.8670520231213873,343,340,3,0,337,332,74254,6,0,0,6,8
2020-08-29,US,West Virginia,Randolph,222,0,0,38.769899,-79.87919615,54083.0,773.6539466806064,0.0,222,221,0,0,221,221,28823,1,0,0,1,0
2020-08-29,US,West Virginia,Ritchie,5,0,0,39.18094587,-81.06356878,54085.0,52.33410090014655,0.0,5,5,0,0,5,3,9721,0,0,0,0,2
2020-08-29,US,West Virginia,Roane,26,1,0,38.71622686,-81.35243568,54087.0,189.94739918176504,3.8461538461538463,25,26,1,0,25,24,13932,0,0,0,0,2
2020-08-29,US,West Virginia,Summers,19,0,0,37.65390597,-80.86009693,54089.0,151.1174739521196,0.0,19,19,0,0,19,18,12760,0,0,0,0,1
2020-08-29,US,West Virginia,Taylor,105,4,0,39.33602617,-80.0421439,54091.0,628.9308176100631,3.809523809523809,101,104,3,0,101,103,16862,1,1,0,0,1
2020-08-29,US,West Virginia,Tucker,11,0,0,39.11240885,-79.57053576,54093.0,160.84222839596433,0.0,11,11,0,0,11,11,6955,0,0,0,0,0
2020-08-29,US,West Virginia,Tyler,15,0,0,39.46811972,-80.88772676,54095.0,174.60132697008495,0.0,15,15,0,0,15,15,8746,0,0,0,0,0
2020-08-29,US,West Virginia,Upshur,43,0,0,38.89285061,-80.23689136,54097.0,177.86234281932497,0.0,43,43,0,0,43,43,24415,0,0,0,0,0
2020-08-29,US,West Virginia,Wayne,246,10,0,38.14901357,-82.42287994,54099.0,624.3337901629359,4.0650406504065035,236,242,9,0,233,238,39944,4,1,0,3,4
2020-08-29,US,West Virginia,Webster,7,0,0,38.49370949,-80.4202023,54101.0,86.27064333251171,0.0,7,7,0,0,7,7,8285,0,0,0,0,0
2020-08-29,US,West Virginia,Wetzel,45,0,0,39.6065771,-80.64016540000001,54103.0,298.70560902754727,0.0,45,45,0,0,45,45,15270,0,0,0,0,0
2020-08-29,US,West Virginia,Wirt,7,0,0,39.02775007,-81.37473928,54105.0,120.25425184676172,0.0,7,9,0,0,9,9,5830,-2,0,0,-2,0
2020-08-29,US,West Virginia,Wood,305,5,0,39.20967886,-81.5162836,54107.0,365.19073732608535,1.639344262295082,300,305,5,0,300,298,84203,0,0,0,0,7
2020-08-29,US,West Virginia,Wyoming,66,3,0,37.612327,-81.54511071,54109.0,323.62459546925567,4.545454545454546,63,64,3,0,61,61,20786,2,0,0,2,3
2020-08-29,US,Wisconsin,Adams,108,3,0,43.96974651,-89.76782777,55001.0,534.1246290801187,2.7777777777777777,105,106,3,0,103,102,20348,2,0,0,2,4
2020-08-29,US,Wisconsin,Ashland,34,1,0,46.31956891,-90.67837132,55003.0,218.48091504947948,2.9411764705882355,33,34,1,0,33,34,15600,0,0,0,0,0
2020-08-29,US,Wisconsin,Barron,371,3,0,45.42372701,-91.84833627,55005.0,819.9982318097427,0.8086253369272237,368,367,3,0,364,363,45164,4,0,0,4,4
2020-08-29,US,Wisconsin,Bayfield,44,1,0,46.52868768,-91.19716729,55007.0,292.63101888800213,2.272727272727273,43,43,1,0,42,42,15042,1,0,0,1,1
2020-08-29,US,Wisconsin,Brown,5319,58,0,44.452655299999996,-88.00411844,55009.0,2010.644812543944,1.0904305320548977,5261,5262,58,0,5204,5194,263378,57,0,0,57,68
2020-08-29,US,Wisconsin,Buffalo,60,2,0,44.37835084,-91.75332578,55011.0,460.44048806691734,3.333333333333333,58,58,2,0,56,58,13125,2,0,0,2,0
2020-08-29,US,Wisconsin,Burnett,40,2,0,45.86303537,-92.36711412,55013.0,259.5043466978072,5.0,38,38,2,0,36,39,15392,2,0,0,2,-1
2020-08-29,US,Wisconsin,Calumet,491,2,0,44.0816316,-88.21780273,55015.0,980.255145840404,0.4073319755600815,489,484,2,0,482,473,50159,7,0,0,7,11
2020-08-29,US,Wisconsin,Chippewa,342,0,0,45.06939744,-91.28068855,55017.0,528.936867827647,0.0,342,331,0,0,331,323,64135,11,0,0,11,8
2020-08-29,US,Wisconsin,Clark,239,8,0,44.73483377,-90.61207486,55019.0,687.2951055386208,3.3472803347280333,231,236,8,0,228,236,34709,3,0,0,3,0
2020-08-29,US,Wisconsin,Columbia,349,2,0,43.46492199,-89.33589004,55021.0,606.6189251199332,0.5730659025787965,347,344,2,0,342,340,57358,5,0,0,5,4
2020-08-29,US,Wisconsin,Crawford,102,0,0,43.23870316,-90.93073686,55023.0,632.3228566114934,0.0,102,99,0,0,99,99,16291,3,0,0,3,0
2020-08-29,US,Wisconsin,Dane,5387,40,0,43.06601594,-89.41733797,55025.0,985.375757963764,0.7425283088917765,5347,5330,40,0,5290,5294,542364,57,0,0,57,36
2020-08-29,US,Wisconsin,Dodge,1120,5,0,43.41576662,-88.70928178,55027.0,1275.0600530516058,0.44642857142857145,1115,1102,5,0,1097,1076,87847,18,0,0,18,26
2020-08-29,US,Wisconsin,Door,128,3,0,44.95856458,-87.30002707,55029.0,462.6283070695388,2.34375,125,128,3,0,125,128,27610,0,0,0,0,0
2020-08-29,US,Wisconsin,Douglas,249,0,0,46.43222285,-91.91595768,55031.0,577.0567786790267,0.0,249,244,0,0,244,244,43208,5,0,0,5,0
2020-08-29,US,Wisconsin,Dunn,173,0,0,44.94562799,-91.8962481,55033.0,381.3260447892788,0.0,173,169,0,0,169,163,45131,4,0,0,4,6
2020-08-29,US,Wisconsin,Eau Claire,790,6,0,44.726614,-91.28609183,55035.0,754.9261319113965,0.7594936708860759,784,780,6,0,774,768,104534,10,0,0,10,12
2020-08-29,US,Wisconsin,Florence,24,0,0,45.84963535,-88.39804137,55037.0,558.7892898719441,0.0,24,23,0,0,23,23,4321,1,0,0,1,0
2020-08-29,US,Wisconsin,Fond du Lac,1081,9,0,43.75354908,-88.48885325,55039.0,1045.4242139976595,0.8325624421831638,1072,1053,9,0,1044,1022,103066,28,0,0,28,31
2020-08-29,US,Wisconsin,Forest,77,4,0,45.66678019,-88.77084892,55041.0,855.1754775655264,5.194805194805196,73,70,4,0,66,67,8991,7,0,0,7,3
2020-08-29,US,Wisconsin,Grant,432,17,0,42.8671731,-90.7063218,55043.0,839.829701199479,3.935185185185185,415,426,17,0,409,425,51554,6,0,0,6,1
2020-08-29,US,Wisconsin,Green,265,1,0,42.6794956,-89.60243287,55045.0,716.991341991342,0.37735849056603776,264,262,1,0,261,261,36929,3,0,0,3,1
2020-08-29,US,Wisconsin,Green Lake,90,0,0,43.80025981,-89.04679553,55047.0,475.8631629038228,0.0,90,88,0,0,88,88,18918,2,0,0,2,0
2020-08-29,US,Wisconsin,Iowa,118,0,0,43.00050278,-90.13469017,55049.0,498.3529014274855,0.0,118,115,0,0,115,114,23771,3,0,0,3,1
2020-08-29,US,Wisconsin,Iron,121,1,0,46.26302338,-90.24295041,55051.0,2127.659574468085,0.8264462809917356,120,119,1,0,118,118,5676,2,0,0,2,1
2020-08-29,US,Wisconsin,Jackson,76,1,0,44.31864893,-90.80566792,55053.0,368.16354212081575,1.3157894736842106,75,75,1,0,74,74,20478,1,0,0,1,1
2020-08-29,US,Wisconsin,Jefferson,889,6,0,43.02054068,-88.77529134,55055.0,1048.7324375656194,0.6749156355455568,883,870,6,0,864,848,85129,19,0,0,19,22
2020-08-29,US,Wisconsin,Juneau,193,1,0,43.92456975,-90.11120239,55057.0,723.1985610971634,0.5181347150259067,192,189,1,0,188,188,26617,4,0,0,4,1
2020-08-29,US,Wisconsin,Kenosha,2939,62,0,42.57639354,-88.04051686,55059.0,1733.2995205265356,2.1095610751956446,2877,2929,62,0,2867,2920,169290,10,0,0,10,9
2020-08-29,US,Wisconsin,Kewaunee,169,2,0,44.51727459,-87.61468386,55061.0,827.0529509640794,1.183431952662722,167,165,2,0,163,163,20383,4,0,0,4,2
2020-08-29,US,Wisconsin,La Crosse,1156,1,0,43.90632465,-91.11451093,55063.0,979.5281995661604,0.08650519031141868,1155,1133,1,0,1132,1109,118230,23,0,0,23,24
2020-08-29,US,Wisconsin,Lafayette,185,0,0,42.66005229,-90.1317729,55065.0,1110.1110111011099,0.0,185,185,0,0,185,185,16665,0,0,0,0,0
2020-08-29,US,Wisconsin,Langlade,84,2,0,45.26271619,-89.07483625,55067.0,437.75079472614516,2.380952380952381,82,80,2,0,78,79,19268,4,0,0,4,1
2020-08-29,US,Wisconsin,Lincoln,82,1,0,45.33737523,-89.73411273,55069.0,297.1768202080238,1.2195121951219512,81,81,1,0,80,78,27689,1,0,0,1,3
2020-08-29,US,Wisconsin,Manitowoc,513,2,0,44.11946801,-87.80928853,55071.0,649.5233030728908,0.3898635477582846,511,505,1,0,504,488,79074,8,1,0,7,17
2020-08-29,US,Wisconsin,Marathon,771,13,0,44.89792533,-89.75863384,55073.0,568.1985673436901,1.6861219195849546,758,764,13,0,751,753,135428,7,0,0,7,11
2020-08-29,US,Wisconsin,Marinette,602,6,0,45.38553432,-88.03324599999998,55075.0,1491.9454770755883,0.9966777408637874,596,594,6,0,588,582,40434,8,0,0,8,12
2020-08-29,US,Wisconsin,Marquette,89,1,0,43.81911946,-89.40073763,55077.0,571.4652626171825,1.1235955056179776,88,89,1,0,88,86,15434,0,0,0,0,3
2020-08-29,US,Wisconsin,Menominee,28,0,0,45.00422544,-88.70950714,55078.0,614.5741878841087,0.0,28,28,0,0,28,28,4658,0,0,0,0,0
2020-08-29,US,Wisconsin,Milwaukee,23977,489,0,43.00486062,-87.96733172,55079.0,2535.300922254437,2.0394544772073235,23488,23841,485,0,23356,23676,948201,136,4,0,132,165
2020-08-29,US,Wisconsin,Monroe,280,2,0,43.94641218,-90.61881899999999,55081.0,605.3661384126435,0.7142857142857143,278,276,2,0,274,274,46051,4,0,0,4,2
2020-08-29,US,Wisconsin,Oconto,419,2,0,45.02715345,-88.26807503,55083.0,1104.6664909042977,0.47732696897374705,417,412,2,0,410,405,37830,7,0,0,7,7
2020-08-29,US,Wisconsin,Oneida,210,0,0,45.70677897,-89.51944105,55085.0,589.9705014749262,0.0,210,205,0,0,205,203,35470,5,0,0,5,2
2020-08-29,US,Wisconsin,Outagamie,1799,19,0,44.41578887,-88.46565023,55087.0,957.5005987705246,1.0561423012784878,1780,1741,19,0,1722,1692,187365,58,0,0,58,49
2020-08-29,US,Wisconsin,Ozaukee,897,18,0,43.38352225,-87.94625009,55089.0,1005.3686912274015,2.0066889632107023,879,893,18,0,875,885,89147,4,0,0,4,8
2020-08-29,US,Wisconsin,Pepin,46,0,0,44.58307413,-91.99949611,55091.0,631.2611499931385,0.0,46,46,0,0,46,47,7289,0,0,0,0,-1
2020-08-29,US,Wisconsin,Pierce,289,5,0,44.71850291,-92.4224416,55093.0,675.960144080086,1.7301038062283738,284,285,5,0,280,281,42555,4,0,0,4,4
2020-08-29,US,Wisconsin,Polk,171,2,0,45.46130348,-92.44182875,55095.0,390.5625471073248,1.1695906432748535,169,170,2,0,168,167,43598,1,0,0,1,3
2020-08-29,US,Wisconsin,Portage,587,1,0,44.47558711,-89.50152965,55097.0,829.4240660148082,0.17035775127768313,586,569,1,0,568,550,70942,18,0,0,18,19
2020-08-29,US,Wisconsin,Price,36,0,0,45.68051754,-90.36098879999999,55099.0,269.64272339150625,0.0,36,36,0,0,36,37,13397,0,0,0,0,-1
2020-08-29,US,Wisconsin,Racine,3988,89,0,42.74753117,-88.05941254,55101.0,2031.4704728721265,2.231695085255767,3899,3960,89,0,3871,3931,196584,28,0,0,28,29
2020-08-29,US,Wisconsin,Richland,47,4,0,43.3762778,-90.43012729,55103.0,272.432181776026,8.51063829787234,43,46,4,0,42,44,17377,1,0,0,1,2
2020-08-29,US,Wisconsin,Rock,1667,26,0,42.67151616,-89.07147900000002,55105.0,1020.4831225436784,1.5596880623875224,1641,1641,26,0,1615,1613,163129,26,0,0,26,28
2020-08-29,US,Wisconsin,Rusk,24,1,0,45.47498854,-91.1333012,55107.0,169.27634363097758,4.166666666666667,23,24,1,0,23,24,14147,0,0,0,0,0
2020-08-29,US,Wisconsin,Sauk,634,3,0,43.42574087,-89.94966132,55111.0,983.8304211539058,0.473186119873817,631,627,3,0,624,628,64249,7,0,0,7,-1
2020-08-29,US,Wisconsin,Sawyer,157,0,0,45.87931905,-91.14504927,55113.0,948.1821476023674,0.0,157,157,0,0,157,151,16489,0,0,0,0,6
2020-08-29,US,Wisconsin,Shawano,262,0,0,44.78902246,-88.76443896,55115.0,640.6024597178415,0.0,262,258,0,0,258,245,40796,4,0,0,4,13
2020-08-29,US,Wisconsin,Sheboygan,1022,8,0,43.72099677,-87.94579284,55117.0,886.0759493670886,0.7827788649706457,1014,1014,8,0,1006,1000,115456,8,0,0,8,14
2020-08-29,US,Wisconsin,St. Croix,628,7,0,45.03437474,-92.45000068,55109.0,692.4917573632382,1.1146496815286624,621,618,7,0,611,611,89694,10,0,0,10,7
2020-08-29,US,Wisconsin,Taylor,98,3,0,45.21179252,-90.5004405,55119.0,481.73819004080025,3.0612244897959178,95,93,3,0,90,90,20412,5,0,0,5,3
2020-08-29,US,Wisconsin,Trempealeau,411,2,0,44.30360275,-91.35893614,55121.0,1386.218759485986,0.4866180048661801,409,411,2,0,409,411,29442,0,0,0,0,0
2020-08-29,US,Wisconsin,Vernon,97,0,0,43.59422667,-90.8324691,55123.0,314.71027188371943,0.0,97,94,0,0,94,93,30785,3,0,0,3,1
2020-08-29,US,Wisconsin,Vilas,102,0,0,46.05467334,-89.51719204,55125.0,459.5629646316738,0.0,102,98,0,0,98,97,21938,4,0,0,4,1
2020-08-29,US,Wisconsin,Walworth,1689,27,0,42.66858202,-88.54163073,55127.0,1626.1023606885665,1.5985790408525755,1662,1673,27,0,1646,1652,103718,16,0,0,16,21
2020-08-29,US,Wisconsin,Washburn,63,0,0,45.89838588,-91.79050449,55129.0,400.763358778626,0.0,63,60,0,0,60,59,15878,3,0,0,3,1
2020-08-29,US,Wisconsin,Washington,1595,29,0,43.36863664,-88.22974712,55131.0,1172.5009923989592,1.818181818181818,1566,1565,29,0,1536,1543,135693,30,0,0,30,22
2020-08-29,US,Wisconsin,Waukesha,5525,74,0,43.01833055,-88.30431188,55133.0,1366.9043389625874,1.339366515837104,5451,5475,73,0,5402,5416,403072,50,1,0,49,59
2020-08-29,US,Wisconsin,Waupaca,655,17,0,44.47068056,-88.96534501,55135.0,1284.5656010982545,2.595419847328244,638,647,17,0,630,632,51128,8,0,0,8,15
2020-08-29,US,Wisconsin,Waushara,152,2,0,44.11324419,-89.24317107,55137.0,621.8549277911876,1.3157894736842106,150,147,2,0,145,142,24263,5,0,0,5,5
2020-08-29,US,Wisconsin,Winnebago,1493,21,0,44.06886922,-88.64477096,55139.0,868.4928478770497,1.406563965170797,1472,1461,21,0,1440,1433,171020,32,0,0,32,28
2020-08-29,US,Wisconsin,Wood,450,2,0,44.45537896,-90.04158336,55141.0,616.4468006411047,0.4444444444444444,448,440,2,0,438,431,73055,10,0,0,10,9
2020-08-29,US,Wyoming,Albany,133,0,0,41.65498705,-105.72354150000001,56001.0,342.0781893004115,0.0,133,133,0,0,133,128,38601,0,0,0,0,5
2020-08-29,US,Wyoming,Big Horn,40,0,0,44.52405055,-107.9960365,56003.0,339.2705682782019,0.0,40,40,0,0,40,39,11881,0,0,0,0,1
2020-08-29,US,Wyoming,Campbell,188,0,0,44.24886082,-105.54744040000001,56005.0,405.6882674089899,0.0,188,184,0,0,184,172,46140,4,0,0,4,12
2020-08-29,US,Wyoming,Carbon,190,0,0,41.69357844,-106.9326084,56007.0,1283.7837837837835,0.0,190,185,0,0,185,185,14971,5,0,0,5,0
2020-08-29,US,Wyoming,Converse,29,0,0,42.97272268,-105.5081848,56009.0,209.81044711329758,0.0,29,40,0,0,40,40,13640,-11,0,0,-11,0
2020-08-29,US,Wyoming,Crook,14,0,0,44.58855102,-104.56977049999999,56011.0,184.59915611814347,0.0,14,14,0,0,14,14,7450,0,0,0,0,0
2020-08-29,US,Wyoming,Fremont,601,0,0,43.04183996,-108.6296893,56013.0,1530.7811823438017,0.0,601,601,0,0,601,585,39531,0,0,0,0,16
2020-08-29,US,Wyoming,Goshen,59,0,0,42.08798185,-104.3534743,56015.0,446.5975323593975,0.0,59,57,0,0,57,51,13376,2,0,0,2,6
2020-08-29,US,Wyoming,Hot Springs,29,0,0,43.71930657,-108.44231740000001,56017.0,657.1493315205076,0.0,29,29,0,0,29,29,4555,0,0,0,0,0
2020-08-29,US,Wyoming,Johnson,27,1,0,44.04057166,-106.58451740000001,56019.0,319.7158081705151,3.703703703703704,26,27,1,0,26,27,8460,0,0,0,0,0
2020-08-29,US,Wyoming,Laramie,563,0,0,41.30702520000001,-104.6887497,56021.0,565.8291457286433,0.0,563,563,0,0,563,560,98976,0,0,0,0,3
2020-08-29,US,Wyoming,Lincoln,110,0,0,42.26376367,-110.6563997,56023.0,554.7150781643974,0.0,110,109,0,0,109,108,19434,1,0,0,1,1
2020-08-29,US,Wyoming,Natrona,243,0,0,42.96180148,-106.79788500000001,56025.0,304.29011495404336,0.0,243,278,0,0,278,278,79115,-35,0,0,-35,0
2020-08-29,US,Wyoming,Niobrara,3,0,0,43.05607708,-104.47588959999999,56027.0,127.33446519524618,0.0,3,3,0,0,3,2,2388,0,0,0,0,1
2020-08-29,US,Wyoming,Park,159,0,0,44.52157546,-109.58528249999999,56029.0,544.6324587243954,0.0,159,160,0,0,160,160,29324,-1,0,0,-1,0
2020-08-29,US,Wyoming,Platte,7,0,0,42.13299116,-104.96633100000001,56031.0,83.40283569641367,0.0,7,7,0,0,7,7,8566,0,0,0,0,0
2020-08-29,US,Wyoming,Sheridan,147,0,0,44.79048913,-106.8862389,56033.0,482.2043628013777,0.0,147,141,0,0,141,127,30233,6,0,0,6,14
2020-08-29,US,Wyoming,Sublette,48,0,0,42.76558279,-109.91309220000001,56035.0,488.2514494964907,0.0,48,48,0,0,48,48,9813,0,0,0,0,0
2020-08-29,US,Wyoming,Sweetwater,296,0,0,41.65943896,-108.8827882,56037.0,699.0529721559642,0.0,296,296,0,0,296,295,43051,0,0,0,0,1
2020-08-29,US,Wyoming,Teton,425,0,0,43.93522482,-110.5890801,56039.0,1811.28537333788,0.0,425,424,0,0,424,417,23081,1,0,0,1,7
2020-08-29,US,Wyoming,Uinta,292,0,0,41.2878183,-110.54757820000002,56041.0,1443.6863443093048,0.0,292,292,0,0,292,289,20299,0,0,0,0,3
2020-08-29,US,Wyoming,Unassigned,73,36,0,0.0,0.0,90056.0,0.0,49.31506849315068,37,53,36,0,17,53,,20,0,0,20,0
2020-08-29,US,Wyoming,Washakie,108,0,0,43.90451606,-107.68018700000002,56043.0,1383.7283792440744,0.0,108,108,0,0,108,108,7885,0,0,0,0,0
2020-08-29,US,Wyoming,Weston,11,0,0,43.83961191,-104.56748809999999,56045.0,158.79890284394398,0.0,11,11,0,0,11,11,6967,0,0,0,0,0
