Date,Country/Region,Province/State,Admin2,Confirmed,Deaths,Recovered,Latitude,Longitude,FIPS,Incidence_Rate,Case-Fatality_Ratio,Active Cases,Previous Confirmed,Previous Deaths,Previous Recovered,Previous Active,Prev2 Confirmed,Population,Daily Confirmed,Daily Deaths,Daily Recovered,Daily Active,Previous Daily Confirmed
2020-06-09,US,Alabama,Autauga,282,5,0,32.53952745,-86.64408227,1001.0,504.7521881544327,1.7730496453900708,277,272,5,0,267,265,55601,10,0,0,10,7
2020-06-09,US,Alabama,Baldwin,325,9,0,30.72774991,-87.72207058,1003.0,145.58714174364118,2.769230769230769,316,320,9,0,311,313,218022,5,0,0,5,7
2020-06-09,US,Alabama,Barbour,199,1,0,31.868263,-85.3871286,1005.0,806.1249291096167,0.5025125628140703,198,197,1,0,196,193,24881,2,0,0,2,4
2020-06-09,US,Alabama,Bibb,85,1,0,32.99642064,-87.12511459999996,1007.0,379.5659551665625,1.1764705882352942,84,79,1,0,78,77,22400,6,0,0,6,2
2020-06-09,US,Alabama,Blount,75,1,0,33.98210918,-86.56790593,1009.0,129.69944315705737,1.3333333333333333,74,73,1,0,72,72,57840,2,0,0,2,1
2020-06-09,US,Alabama,Bullock,243,8,0,32.10030533,-85.71265535,1011.0,2405.702405702405,3.2921810699588483,235,238,8,0,230,232,10138,5,0,0,5,6
2020-06-09,US,Alabama,Butler,464,24,0,31.75300095,-86.68057478,1013.0,2385.8494446729737,5.172413793103448,440,455,24,0,431,449,19680,9,0,0,9,6
2020-06-09,US,Alabama,Calhoun,180,3,0,33.77483727,-85.82630386,1015.0,158.44373046960962,1.6666666666666667,177,178,3,0,175,176,114277,2,0,0,2,2
2020-06-09,US,Alabama,Chambers,391,26,0,32.91360079,-85.39072749,1017.0,1175.798400192458,6.649616368286445,365,383,26,0,357,378,33615,8,0,0,8,5
2020-06-09,US,Alabama,Cherokee,42,4,0,34.17805983,-85.60638968,1019.0,160.3298213467705,9.523809523809524,38,42,4,0,38,42,26032,0,0,0,0,0
2020-06-09,US,Alabama,Chilton,117,2,0,32.85044126,-86.7173256,1021.0,263.34743855226435,1.709401709401709,115,111,2,0,109,110,44153,6,0,0,6,1
2020-06-09,US,Alabama,Choctaw,157,10,0,32.02227341,-88.26564429999998,1023.0,1247.120502025578,6.369426751592357,147,156,10,0,146,155,12841,1,0,0,1,1
2020-06-09,US,Alabama,Clarke,161,3,0,31.68099859,-87.83548597,1025.0,681.5680298027263,1.8633540372670807,158,158,3,0,155,156,23920,3,0,0,3,2
2020-06-09,US,Alabama,Clay,30,2,0,33.26984193,-85.85836077,1027.0,226.67170381564037,6.666666666666668,28,29,2,0,27,29,13275,1,0,0,1,0
2020-06-09,US,Alabama,Cleburne,19,1,0,33.67679204,-85.52005899,1029.0,127.43125419181757,5.2631578947368425,18,19,1,0,18,18,14987,0,0,0,0,1
2020-06-09,US,Alabama,Coffee,249,1,0,31.39932826,-85.98901039,1031.0,475.7173971189485,0.4016064257028112,248,248,1,0,247,246,51909,1,0,0,1,2
2020-06-09,US,Alabama,Colbert,216,5,0,34.69847452,-87.80168544,1033.0,391.0139208196811,2.314814814814815,211,212,4,0,208,209,54762,4,1,0,3,3
2020-06-09,US,Alabama,Conecuh,55,1,0,31.43401703,-86.99320044,1035.0,455.7885141294439,1.818181818181818,54,52,1,0,51,49,12277,3,0,0,3,3
2020-06-09,US,Alabama,Coosa,40,1,0,32.93690146,-86.24847739,1037.0,375.1289505767608,2.5,39,40,1,0,39,40,10715,0,0,0,0,0
2020-06-09,US,Alabama,Covington,89,1,0,31.2477854,-86.45050893,1039.0,240.2224081621636,1.1235955056179776,88,88,1,0,87,88,36986,1,0,0,1,0
2020-06-09,US,Alabama,Crenshaw,89,3,0,31.72941803,-86.31593104,1041.0,646.2387452802789,3.3707865168539324,86,88,3,0,85,84,13824,1,0,0,1,4
2020-06-09,US,Alabama,Cullman,203,1,0,34.13020303,-86.86888037,1043.0,242.3359755515233,0.4926108374384237,202,199,1,0,198,193,83442,4,0,0,4,6
2020-06-09,US,Alabama,Dale,138,0,0,31.43037123,-85.61095742,1045.0,280.647522980558,0.0,138,135,0,0,135,131,48956,3,0,0,3,4
2020-06-09,US,Alabama,Dallas,353,5,0,32.32688101,-87.10866709999998,1047.0,949.0267770728036,1.4164305949008498,348,339,4,0,335,320,38310,14,1,0,13,19
2020-06-09,US,Alabama,DeKalb,276,5,0,34.45946862,-85.80782906,1049.0,385.9438144113658,1.8115942028985508,271,272,3,0,269,269,71385,4,2,0,2,3
2020-06-09,US,Alabama,Elmore,437,10,0,32.59785413,-86.14415284,1051.0,538.1176963144478,2.2883295194508007,427,427,10,0,417,411,81887,10,0,0,10,16
2020-06-09,US,Alabama,Escambia,88,3,0,31.1256789,-87.15918694,1053.0,240.220566156198,3.4090909090909087,85,88,3,0,85,85,36748,0,0,0,0,3
2020-06-09,US,Alabama,Etowah,277,12,0,34.04567266,-86.04051873,1055.0,270.8569640552274,4.332129963898917,265,276,12,0,264,273,102501,1,0,0,1,3
2020-06-09,US,Alabama,Fayette,21,0,0,33.72076938,-87.73886638,1057.0,128.81854987118146,0.0,21,19,0,0,19,18,16433,2,0,0,2,1
2020-06-09,US,Alabama,Franklin,631,10,0,34.44235334,-87.84289505,1059.0,2011.9890313117785,1.584786053882726,621,625,10,0,615,617,31363,6,0,0,6,8
2020-06-09,US,Alabama,Geneva,46,0,0,31.09389027,-85.83572839,1061.0,175.09801682463555,0.0,46,46,0,0,46,46,26314,0,0,0,0,0
2020-06-09,US,Alabama,Greene,102,5,0,32.85504247,-87.95684022,1063.0,1257.5514733078535,4.901960784313727,97,99,5,0,94,98,8233,3,0,0,3,1
2020-06-09,US,Alabama,Hale,209,11,0,32.76039258,-87.63284988,1065.0,1426.523786772234,5.2631578947368425,198,207,11,0,196,202,14726,2,0,0,2,5
2020-06-09,US,Alabama,Henry,89,2,0,31.51148016,-85.24267944,1067.0,517.2914850334205,2.247191011235955,87,89,2,0,87,88,17209,0,0,0,0,1
2020-06-09,US,Alabama,Houston,253,5,0,31.15197924,-85.29939599,1069.0,238.9452409285809,1.9762845849802368,248,246,5,0,241,245,104722,7,0,0,7,1
2020-06-09,US,Alabama,Jackson,97,3,0,34.78144169,-85.99750489,1071.0,187.88982295742454,3.0927835051546397,94,94,3,0,91,90,51736,3,0,0,3,4
2020-06-09,US,Alabama,Jefferson,2131,110,0,33.55554728,-86.89506300000002,1073.0,323.57840360901525,5.161895823557017,2021,2078,109,0,1969,2039,659300,53,1,0,52,39
2020-06-09,US,Alabama,Lamar,29,0,0,33.77995024,-88.09668032,1075.0,210.0688156465049,0.0,29,29,0,0,29,29,13844,0,0,0,0,0
2020-06-09,US,Alabama,Lauderdale,192,3,0,34.90171875,-87.65624729,1077.0,207.05496662317074,1.5625,189,188,3,0,185,184,92387,4,0,0,4,4
2020-06-09,US,Alabama,Lawrence,56,0,0,34.52041498,-87.31069453,1079.0,170.08868910217467,0.0,56,55,0,0,55,55,32957,1,0,0,1,0
2020-06-09,US,Alabama,Lee,599,34,0,32.60154883,-85.35132246,1081.0,364.040792016628,5.676126878130217,565,594,34,0,560,584,163941,5,0,0,5,10
2020-06-09,US,Alabama,Limestone,144,0,0,34.81185586,-86.98310072,1083.0,145.57953798716068,0.0,144,135,0,0,135,123,96174,9,0,0,9,12
2020-06-09,US,Alabama,Lowndes,298,13,0,32.1597283,-86.65158371,1085.0,3063.95229282336,4.362416107382551,285,290,13,0,277,283,9974,8,0,0,8,7
2020-06-09,US,Alabama,Macon,104,5,0,32.38759944,-85.69267724,1087.0,575.6032765109586,4.807692307692308,99,100,5,0,95,98,18439,4,0,0,4,2
2020-06-09,US,Alabama,Madison,397,5,0,34.76327133,-86.55069633,1089.0,106.46028923946592,1.2594458438287153,392,386,5,0,381,376,366519,11,0,0,11,10
2020-06-09,US,Alabama,Marengo,187,6,0,32.24767634,-87.78796182,1091.0,991.3587446323489,3.2085561497326203,181,187,6,0,181,184,19066,0,0,0,0,3
2020-06-09,US,Alabama,Marion,126,11,0,34.13697363,-87.88704173,1093.0,424.1139048773099,8.730158730158731,115,126,11,0,115,126,29763,0,0,0,0,0
2020-06-09,US,Alabama,Marshall,752,9,0,34.36975964,-86.30486727,1095.0,777.0682208031083,1.1968085106382977,743,744,9,0,735,739,96109,8,0,0,8,5
2020-06-09,US,Alabama,Mobile,2487,126,0,30.78472347,-88.20842409,1097.0,601.8731395658382,5.066344993968637,2361,2461,124,0,2337,2433,413757,26,2,0,24,28
2020-06-09,US,Alabama,Monroe,68,2,0,31.56729412,-87.36995001,1099.0,327.9795495104422,2.9411764705882355,66,62,2,0,60,56,21067,6,0,0,6,6
2020-06-09,US,Alabama,Montgomery,2221,56,0,32.2206831,-86.20969272,1101.0,980.6345646088499,2.521386762719496,2165,2128,54,0,2074,2054,225763,93,2,0,91,74
2020-06-09,US,Alabama,Morgan,429,1,0,34.45500589,-86.85475946,1103.0,358.4588774973053,0.2331002331002331,428,395,1,0,394,378,119089,34,0,0,34,17
2020-06-09,US,Alabama,Perry,52,0,0,32.64048341,-87.29770589,1105.0,582.7636445141767,0.0,52,50,0,0,50,47,9140,2,0,0,2,3
2020-06-09,US,Alabama,Pickens,126,6,0,33.28094866,-88.08818103,1107.0,632.2127446061214,4.761904761904762,120,124,6,0,118,122,19938,2,0,0,2,2
2020-06-09,US,Alabama,Pike,259,1,0,31.80396383,-85.9408295,1109.0,782.1465241287673,0.3861003861003861,258,250,1,0,249,243,33338,9,0,0,9,7
2020-06-09,US,Alabama,Randolph,132,8,0,33.29526734,-85.45708831,1111.0,580.9347768682335,6.0606060606060606,124,132,8,0,124,132,22725,0,0,0,0,0
2020-06-09,US,Alabama,Russell,221,0,0,32.28725256,-85.18415324,1113.0,381.2908679974466,0.0,221,212,0,0,212,198,57781,9,0,0,9,14
2020-06-09,US,Alabama,Shelby,560,20,0,33.26879845,-86.66232561,1117.0,257.2323635060771,3.571428571428572,540,554,19,0,535,549,215707,6,1,0,5,5
2020-06-09,US,Alabama,St. Clair,141,2,0,33.71902176,-86.31029372,1115.0,157.52077933684868,1.4184397163120568,139,141,2,0,139,140,88690,0,0,0,0,1
2020-06-09,US,Alabama,Sumter,248,9,0,32.59117397,-88.19916205,1119.0,1995.6546229983103,3.629032258064516,239,247,9,0,238,245,12691,1,0,0,1,2
2020-06-09,US,Alabama,Talladega,136,5,0,33.37823223,-86.16886178,1121.0,170.04676285978644,3.6764705882352944,131,134,5,0,129,132,79828,2,0,0,2,2
2020-06-09,US,Alabama,Tallapoosa,448,67,0,32.86698258,-85.79833053,1123.0,1109.817425124483,14.955357142857142,381,446,67,0,379,442,40497,2,0,0,2,4
2020-06-09,US,Alabama,Tuscaloosa,976,23,0,33.28726072,-87.52556818,1125.0,466.1937856750496,2.3565573770491803,953,936,23,0,913,915,208911,40,0,0,40,21
2020-06-09,US,Alabama,Unassigned,351,4,0,0.0,0.0,90001.0,0.0,1.1396011396011396,347,335,4,0,331,334,,16,0,0,16,1
2020-06-09,US,Alabama,Walker,467,6,0,33.80270512,-87.30027177,1127.0,735.1899371861273,1.284796573875803,461,460,5,0,455,452,63711,7,1,0,6,8
2020-06-09,US,Alabama,Washington,82,6,0,31.4092794,-88.20689944,1129.0,502.2663236555188,7.317073170731707,76,79,6,0,73,79,16378,3,0,0,3,0
2020-06-09,US,Alabama,Wilcox,179,7,0,31.98773215,-87.30891118,1131.0,1725.633857129085,3.910614525139665,172,173,7,0,166,169,10627,6,0,0,6,4
2020-06-09,US,Alabama,Winston,96,0,0,34.15030532,-87.37325922,1133.0,406.2804181302637,0.0,96,95,0,0,95,93,23660,1,0,0,1,2
2020-06-09,US,Alaska,Anchorage,288,5,0,61.14998174,-149.14269860000005,2020.0,100.0,1.7361111111111112,283,283,4,0,279,272,291538,5,1,0,4,11
2020-06-09,US,Alaska,Bethel,3,0,0,60.90980451,-159.8561831,2050.0,16.316762754269554,0.0,3,3,0,0,3,3,18216,0,0,0,0,0
2020-06-09,US,Alaska,Fairbanks North Star,85,2,0,64.80726247,-146.5692662,2090.0,87.76549060909252,2.3529411764705883,83,85,2,0,83,85,98971,0,0,0,0,0
2020-06-09,US,Alaska,Haines,1,0,0,59.09893571,-135.4679843,2100.0,39.52569169960474,0.0,1,,,,,,2474,,,,,
2020-06-09,US,Alaska,Juneau,35,0,0,58.45031811,-134.200436,2110.0,109.46393945080378,0.0,35,35,0,0,35,34,32113,0,0,0,0,1
2020-06-09,US,Alaska,Kenai Peninsula,85,2,0,60.24429722,-151.53888840000005,2122.0,144.7843564761191,2.3529411764705883,83,83,2,0,81,79,58533,2,0,0,2,4
2020-06-09,US,Alaska,Ketchikan Gateway,16,0,0,55.57445008,-130.975561,2130.0,115.09963311991943,0.0,16,16,0,0,16,16,13918,0,0,0,0,0
2020-06-09,US,Alaska,Kodiak Island,1,0,0,57.65529415,-153.7493579,2150.0,7.693491306354824,0.0,1,1,0,0,1,1,13345,0,0,0,0,0
2020-06-09,US,Alaska,Matanuska-Susitna,37,1,0,62.31305045,-149.5741743,2170.0,34.15899627943905,2.702702702702702,36,37,1,0,36,35,107610,0,0,0,0,2
2020-06-09,US,Alaska,Nome,4,0,0,64.90320724,-164.0353804,2180.0,39.98400639744102,0.0,4,3,0,0,3,3,10008,1,0,0,1,0
2020-06-09,US,Alaska,North Slope,1,0,0,69.31479216,-153.4836093,2185.0,10.17087062652563,0.0,1,1,0,0,1,1,9872,0,0,0,0,0
2020-06-09,US,Alaska,Northwest Arctic,3,0,0,67.04919196,-159.7503946,2188.0,39.364912741110096,0.0,3,2,0,0,2,2,7671,1,0,0,1,0
2020-06-09,US,Alaska,Petersburg,4,1,0,57.13978948,-132.9540995,2195.0,122.47397428046541,25.0,3,4,1,0,3,4,3221,0,0,0,0,0
2020-06-09,US,Alaska,Prince of Wales-Hyder,2,0,0,55.76261984,-133.0511621,2198.0,32.24246332419797,0.0,2,2,0,0,2,2,6422,0,0,0,0,0
2020-06-09,US,Alaska,Sitka,2,0,0,57.24124555,-135.3206587,2220.0,23.54880489815142,0.0,2,2,0,0,2,2,8647,0,0,0,0,0
2020-06-09,US,Alaska,Southeast Fairbanks,3,0,0,63.87692095,-143.2127643,2240.0,43.52241404323227,0.0,3,3,0,0,3,3,6918,0,0,0,0,0
2020-06-09,US,Alaska,Wrangell,1,0,0,56.3202004,-132.05837309999998,2275.0,39.968025579536366,0.0,1,1,0,0,1,,2503,0,0,0,0,
2020-06-09,US,Alaska,Yukon-Koyukuk,1,0,0,65.50815459,-151.3907387,2290.0,19.120458891013385,0.0,1,1,0,0,1,1,5327,0,0,0,0,0
2020-06-09,US,Arizona,Apache,1747,49,0,35.39465006,-109.4892383,4001.0,2430.202957419283,2.804808242701774,1698,1732,49,0,1683,1727,71818,15,0,0,15,5
2020-06-09,US,Arizona,Cochise,156,4,0,31.87934684,-109.7516088,4003.0,123.88621527612331,2.5641025641025643,152,149,4,0,145,141,126770,7,0,0,7,8
2020-06-09,US,Arizona,Coconino,1289,85,0,35.83883429,-111.7707178,4005.0,898.4080961275754,6.594259115593482,1204,1290,85,0,1205,1282,142854,-1,0,0,-1,8
2020-06-09,US,Arizona,Gila,47,3,0,33.80190085,-110.8132779,4007.0,87.00803435891741,6.382978723404255,44,46,3,0,43,45,53889,1,0,0,1,1
2020-06-09,US,Arizona,Graham,42,1,0,32.93166885,-109.8882178,4009.0,108.14429538841827,2.380952380952381,41,41,1,0,40,40,38072,1,0,0,1,1
2020-06-09,US,Arizona,Greenlee,10,1,0,33.21498827,-109.2405279,4011.0,105.28532322594229,10.0,9,10,0,0,10,10,9483,0,1,0,-1,0
2020-06-09,US,Arizona,La Paz,189,1,0,33.72854224,-113.9810029,4012.0,895.3951108584422,0.5291005291005291,188,183,1,0,182,181,21098,6,0,0,6,2
2020-06-09,US,Arizona,Maricopa,14374,504,0,33.34835867,-112.4918154,4013.0,320.4609429586656,3.5063308751913183,13870,14003,491,0,13512,13498,4410824,371,13,0,358,505
2020-06-09,US,Arizona,Mohave,513,58,0,35.70471703,-113.7577902,4015.0,241.7747112135394,11.306042884990251,455,512,58,0,454,500,209550,1,0,0,1,12
2020-06-09,US,Arizona,Navajo,2253,72,0,35.3997715,-110.3218983,4017.0,2031.1204067649921,3.195739014647137,2181,2229,72,0,2157,2198,110445,24,0,0,24,31
2020-06-09,US,Arizona,Pima,3161,212,0,32.0971334,-111.7890033,4019.0,301.8297893875462,6.7067383739323,2949,3154,205,0,2949,3098,1039073,7,7,0,0,56
2020-06-09,US,Arizona,Pinal,1164,41,0,32.90525627,-111.3449483,4021.0,251.51851059554141,3.52233676975945,1123,1127,41,0,1086,1112,447138,37,0,0,37,15
2020-06-09,US,Arizona,Santa Cruz,633,3,0,31.52508998,-110.8479088,4023.0,1361.3488752204394,0.4739336492890995,630,615,3,0,612,599,46511,18,0,0,18,16
2020-06-09,US,Arizona,Unassigned,0,2,0,0.0,0.0,90004.0,0.0,0.0,-2,0,2,0,-2,0,,0,0,0,0,0
2020-06-09,US,Arizona,Yavapai,340,6,0,34.59933926,-112.5538588,4025.0,144.6199260736966,1.7647058823529411,334,330,6,0,324,327,231993,10,0,0,10,3
2020-06-09,US,Arizona,Yuma,2378,34,0,32.76895712,-113.90666740000002,4027.0,1112.3220775818922,1.4297729184188397,2344,2257,32,0,2225,2231,212128,121,2,0,119,26
2020-06-09,US,Arkansas,Arkansas,7,0,0,34.29145151,-91.37277296,5001.0,40.0320256204964,0.0,7,7,0,0,7,7,17769,0,0,0,0,0
2020-06-09,US,Arkansas,Ashley,34,0,0,33.19153461,-91.7698471,5003.0,172.9663733021316,0.0,34,32,0,0,32,32,20046,2,0,0,2,0
2020-06-09,US,Arkansas,Baxter,13,0,0,36.28784385,-92.33782872,5005.0,31.00257559858819,0.0,13,13,0,0,13,13,41619,0,0,0,0,0
2020-06-09,US,Arkansas,Benton,1090,5,0,36.33644656,-94.25680817,5007.0,390.4836623785112,0.4587155963302753,1085,1011,4,0,1007,956,272608,79,1,0,78,55
2020-06-09,US,Arkansas,Boone,7,0,0,36.3084504,-93.09374925,5009.0,18.700577046377436,0.0,7,7,0,0,7,7,37480,0,0,0,0,0
2020-06-09,US,Arkansas,Bradley,32,1,0,33.46755808,-92.15980837,5011.0,297.31487503484163,3.125,31,32,1,0,31,30,10897,0,0,0,0,2
2020-06-09,US,Arkansas,Carroll,40,1,0,36.34038560000001,-93.54270261,5015.0,140.94432699083862,2.5,39,38,1,0,37,38,28223,2,0,0,2,0
2020-06-09,US,Arkansas,Chicot,26,0,0,33.26458973,-91.29539209,5017.0,256.9677801937142,0.0,26,26,0,0,26,23,10438,0,0,0,0,3
2020-06-09,US,Arkansas,Clark,41,0,0,34.04613432,-93.17484713,5019.0,183.69175627240142,0.0,41,41,0,0,41,40,22061,0,0,0,0,1
2020-06-09,US,Arkansas,Clay,7,0,0,36.36826212,-90.4148172,5021.0,48.106659336128104,0.0,7,6,0,0,6,6,14847,1,0,0,1,0
2020-06-09,US,Arkansas,Cleburne,75,4,0,35.53864922,-92.02640019,5023.0,300.9751595168345,5.333333333333333,71,75,4,0,71,74,24965,0,0,0,0,1
2020-06-09,US,Arkansas,Cleveland,19,0,0,33.89723187,-92.18537045,5025.0,238.81347410759173,0.0,19,19,0,0,19,19,8018,0,0,0,0,0
2020-06-09,US,Arkansas,Columbia,26,2,0,33.21230701,-93.22642793,5027.0,110.84111352687894,7.6923076923076925,24,25,2,0,23,23,23537,1,0,0,1,2
2020-06-09,US,Arkansas,Conway,16,1,0,35.26205537,-92.70506566,5029.0,76.75333397294445,6.25,15,15,1,0,14,15,20891,1,0,0,1,0
2020-06-09,US,Arkansas,Craighead,318,1,0,35.83018283,-90.63235729,5031.0,288.22100569191167,0.31446540880503143,317,305,1,0,304,302,108558,13,0,0,13,3
2020-06-09,US,Arkansas,Crawford,43,0,0,35.58928601,-94.2446814,5033.0,67.97666661397157,0.0,43,42,0,0,42,41,63406,1,0,0,1,1
2020-06-09,US,Arkansas,Crittenden,473,9,0,35.21247318,-90.30839406,5035.0,986.3413616932539,1.9027484143763211,464,465,9,0,456,463,48342,8,0,0,8,2
2020-06-09,US,Arkansas,Cross,65,0,0,35.29631396,-90.77185818,5037.0,395.8828186856691,0.0,65,63,0,0,63,61,16676,2,0,0,2,2
2020-06-09,US,Arkansas,Dallas,3,0,0,33.97042763,-92.65167437,5039.0,42.802111570837496,0.0,3,3,0,0,3,3,7182,0,0,0,0,0
2020-06-09,US,Arkansas,Desha,20,0,0,33.83011025,-91.25500948,5041.0,176.0408414752223,0.0,20,20,0,0,20,20,11512,0,0,0,0,0
2020-06-09,US,Arkansas,Drew,21,1,0,33.59035001,-91.71777921,5043.0,115.26428453811954,4.761904761904762,20,21,1,0,20,21,18328,0,0,0,0,0
2020-06-09,US,Arkansas,Faulkner,119,3,0,35.14719007,-92.33717519,5045.0,94.4391978223432,2.5210084033613445,116,117,3,0,114,113,124806,2,0,0,2,4
2020-06-09,US,Arkansas,Franklin,5,0,0,35.51202821,-93.89299569,5047.0,28.22466836014677,0.0,5,5,0,0,5,5,17810,0,0,0,0,0
2020-06-09,US,Arkansas,Fulton,7,0,0,36.38177105,-91.81729127,5049.0,56.10322994309529,0.0,7,8,0,0,8,7,12269,-1,0,0,-1,1
2020-06-09,US,Arkansas,Garland,150,1,0,34.57692074,-93.14921604,5051.0,150.92668987583764,0.6666666666666666,149,142,1,0,141,140,99154,8,0,0,8,2
2020-06-09,US,Arkansas,Grant,22,0,0,34.29017991,-92.42320562,5053.0,120.44894607172188,0.0,22,19,0,0,19,19,18188,3,0,0,3,0
2020-06-09,US,Arkansas,Greene,67,0,0,36.11735460000001,-90.55832668,5055.0,147.82129067843354,0.0,67,67,0,0,67,67,45325,0,0,0,0,0
2020-06-09,US,Arkansas,Hempstead,33,1,0,33.73325583,-93.66935133,5057.0,153.26026379342375,3.0303030303030303,32,30,1,0,29,29,21741,3,0,0,3,1
2020-06-09,US,Arkansas,Hot Spring,34,0,0,34.31709259,-92.95396325,5059.0,100.67809659175032,0.0,34,34,0,0,34,34,33701,0,0,0,0,0
2020-06-09,US,Arkansas,Howard,36,0,0,34.09007427,-93.9934871,5061.0,272.6859566732313,0.0,36,33,0,0,33,31,13341,3,0,0,3,2
2020-06-09,US,Arkansas,Independence,36,0,0,35.74242707,-91.57001641,5063.0,95.17514871116987,0.0,36,36,0,0,36,33,37678,0,0,0,0,3
2020-06-09,US,Arkansas,Izard,17,1,0,36.09604046,-91.90847954,5065.0,124.73402303910778,5.882352941176472,16,17,1,0,16,17,13593,0,0,0,0,0
2020-06-09,US,Arkansas,Jackson,7,0,0,35.59802983,-91.21494602,5067.0,41.86853280698606,0.0,7,7,0,0,7,6,16811,0,0,0,0,1
2020-06-09,US,Arkansas,Jefferson,559,28,0,34.26767081,-91.92619839,5069.0,836.5257991140908,5.008944543828265,531,554,26,0,528,548,68114,5,2,0,3,6
2020-06-09,US,Arkansas,Johnson,69,0,0,35.56759135,-93.46036368,5071.0,259.6132139363383,0.0,69,66,0,0,66,66,26742,3,0,0,3,0
2020-06-09,US,Arkansas,Lafayette,10,1,0,33.24116713,-93.60677071,5073.0,150.96618357487924,10.0,9,10,1,0,9,10,6682,0,0,0,0,0
2020-06-09,US,Arkansas,Lawrence,89,9,0,36.04188196,-91.10867198,5075.0,542.48445690601,10.112359550561797,80,89,9,0,80,89,16434,0,0,0,0,0
2020-06-09,US,Arkansas,Lee,97,1,0,34.78498904,-90.78383866,5077.0,1095.1789544992662,1.0309278350515465,96,49,1,0,48,36,8985,48,0,0,48,13
2020-06-09,US,Arkansas,Lincoln,985,11,0,33.95317155,-91.74002806,5079.0,7562.960687960688,1.116751269035533,974,985,11,0,974,985,13383,0,0,0,0,0
2020-06-09,US,Arkansas,Little River,28,0,0,33.70375665,-94.23468591,5081.0,228.4036218288604,0.0,28,26,0,0,26,25,12326,2,0,0,2,1
2020-06-09,US,Arkansas,Logan,14,0,0,35.21413234,-93.71951016,5083.0,65.21941675207304,0.0,14,13,0,0,13,12,21737,1,0,0,1,1
2020-06-09,US,Arkansas,Lonoke,63,0,0,34.75392199,-91.88742357,5085.0,85.9376065694526,0.0,63,60,0,0,60,59,73657,3,0,0,3,1
2020-06-09,US,Arkansas,Madison,57,0,0,36.01038185,-93.72524943,5087.0,343.8706563706564,0.0,57,54,0,0,54,54,16481,3,0,0,3,0
2020-06-09,US,Arkansas,Marion,2,0,0,36.26844485,-92.68451899,5089.0,11.980352222355338,0.0,2,2,0,0,2,2,16722,0,0,0,0,0
2020-06-09,US,Arkansas,Miller,59,1,0,33.31403423,-93.89285258,5091.0,136.3941096238759,1.6949152542372878,58,59,1,0,58,54,43592,0,0,0,0,5
2020-06-09,US,Arkansas,Mississippi,85,2,0,35.76271485,-90.05194370000002,5093.0,209.09694718457106,2.3529411764705883,83,83,2,0,81,80,41239,2,0,0,2,3
2020-06-09,US,Arkansas,Monroe,5,0,0,34.6815935,-91.20540287,5095.0,74.61572899567228,0.0,5,5,0,0,5,5,6900,0,0,0,0,0
2020-06-09,US,Arkansas,Montgomery,3,0,0,34.53704874,-93.65824478,5097.0,33.385265969285555,0.0,3,2,0,0,2,2,8924,1,0,0,1,0
2020-06-09,US,Arkansas,Nevada,68,0,0,33.66340119,-93.30632432,5099.0,824.0426563257392,0.0,68,59,0,0,59,56,8326,9,0,0,9,3
2020-06-09,US,Arkansas,Newton,3,0,0,35.91947491,-93.21612969,5101.0,38.6946988262608,0.0,3,3,0,0,3,3,7805,0,0,0,0,0
2020-06-09,US,Arkansas,Ouachita,13,0,0,33.58839816,-92.87795984,5103.0,55.59832349670687,0.0,13,14,0,0,14,14,23606,-1,0,0,-1,0
2020-06-09,US,Arkansas,Perry,15,0,0,34.9459153,-92.94372564,5105.0,143.47202295552367,0.0,15,15,0,0,15,15,10352,0,0,0,0,0
2020-06-09,US,Arkansas,Phillips,30,1,0,34.43268455,-90.84800154,5107.0,168.70993139129456,3.333333333333333,29,27,1,0,26,26,18029,3,0,0,3,1
2020-06-09,US,Arkansas,Pike,6,0,0,34.16250414,-93.65789349,5109.0,55.98059339428998,0.0,6,6,0,0,6,6,10673,0,0,0,0,0
2020-06-09,US,Arkansas,Poinsett,44,2,0,35.57433534,-90.66268713,5111.0,187.0112206732404,4.545454545454546,42,44,2,0,42,44,23974,0,0,0,0,0
2020-06-09,US,Arkansas,Polk,45,0,0,34.48254879,-94.22728802,5113.0,225.40573031456626,0.0,45,45,0,0,45,41,20049,0,0,0,0,4
2020-06-09,US,Arkansas,Pope,218,2,0,35.44871474,-93.03212219,5115.0,340.2422274940692,0.9174311926605504,216,213,2,0,211,204,64000,5,0,0,5,9
2020-06-09,US,Arkansas,Prairie,5,0,0,34.83624419,-91.55162157,5117.0,62.01935003721161,0.0,5,5,0,0,5,5,8074,0,0,0,0,0
2020-06-09,US,Arkansas,Pulaski,1131,40,0,34.77054088,-92.31355101,5119.0,288.58592894815405,3.5366931918656057,1091,1118,38,0,1080,1103,392680,13,2,0,11,15
2020-06-09,US,Arkansas,Randolph,26,0,0,36.3415714,-91.02455531,5121.0,144.78226974050563,0.0,26,26,0,0,26,26,17948,0,0,0,0,0
2020-06-09,US,Arkansas,Saline,150,2,0,34.64916145,-92.67583224,5125.0,122.51198575593979,1.3333333333333333,148,147,1,0,146,135,121421,3,1,0,2,12
2020-06-09,US,Arkansas,Scott,2,0,0,34.85588887,-94.0632176,5127.0,19.45336056803813,0.0,2,2,0,0,2,1,10319,0,0,0,0,1
2020-06-09,US,Arkansas,Searcy,7,0,0,35.9109364,-92.69936482,5129.0,88.82121558177894,0.0,7,7,0,0,7,7,7958,0,0,0,0,0
2020-06-09,US,Arkansas,Sebastian,98,1,0,35.19605503,-94.27162713,5131.0,76.66611905153059,1.020408163265306,97,96,1,0,95,85,127753,2,0,0,2,11
2020-06-09,US,Arkansas,Sevier,366,2,0,33.99780401,-94.2424869,5133.0,2152.055036161581,0.5464480874316939,364,355,2,0,353,339,17139,11,0,0,11,16
2020-06-09,US,Arkansas,Sharp,49,3,0,36.16258158,-91.47819342,5135.0,280.9310858846463,6.1224489795918355,46,48,3,0,45,48,17366,1,0,0,1,0
2020-06-09,US,Arkansas,St. Francis,761,1,0,35.02201976,-90.74828138,5123.0,3044.7307353764904,0.1314060446780552,760,755,1,0,754,753,25439,6,0,0,6,2
2020-06-09,US,Arkansas,Stone,11,0,0,35.86251946,-92.15684085,5137.0,87.95778026547258,0.0,11,11,0,0,11,10,12457,0,0,0,0,1
2020-06-09,US,Arkansas,Unassigned,294,0,0,0.0,0.0,90005.0,0.0,0.0,294,300,0,0,300,264,,-6,0,0,-6,36
2020-06-09,US,Arkansas,Union,190,11,0,33.16887091,-92.59746952,5139.0,491.1845302724781,5.789473684210527,179,188,11,0,177,188,39126,2,0,0,2,0
2020-06-09,US,Arkansas,Van Buren,30,2,0,35.58095779,-92.51295036,5141.0,181.3236627379873,6.666666666666668,28,30,2,0,28,30,16603,0,0,0,0,0
2020-06-09,US,Arkansas,Washington,1185,7,0,35.976844,-94.21800746,5143.0,495.4282632417313,0.5907172995780591,1178,1097,7,0,1090,1016,236961,88,0,0,88,81
2020-06-09,US,Arkansas,White,50,1,0,35.25688493,-91.74908296,5145.0,63.48964483892677,2.0,49,50,1,0,49,49,78727,0,0,0,0,1
2020-06-09,US,Arkansas,Woodruff,1,0,0,35.18902527,-91.2439489,5147.0,15.822784810126587,0.0,1,1,0,0,1,1,6490,0,0,0,0,0
2020-06-09,US,Arkansas,Yell,248,2,0,35.00292371,-93.41171338,5149.0,1162.082376645893,0.8064516129032258,246,240,2,0,238,235,21535,8,0,0,8,5
2020-06-09,US,California,Alameda,3985,102,0,37.64629437,-121.8929271,6001.0,238.43300750480608,2.5595984943538266,3883,3945,101,0,3844,3805,1666753,40,1,0,39,140
2020-06-09,US,California,Alpine,2,0,0,38.59678594,-119.8223594,6003.0,177.14791851195747,0.0,2,2,0,0,2,2,1101,0,0,0,0,0
2020-06-09,US,California,Amador,10,0,0,38.44583082,-120.65696,6005.0,25.155966995371298,0.0,10,10,0,0,10,10,39383,0,0,0,0,0
2020-06-09,US,California,Butte,71,1,0,39.66727762,-121.6005252,6007.0,32.392579818054074,1.4084507042253518,70,68,1,0,67,65,231256,3,0,0,3,3
2020-06-09,US,California,Calaveras,19,0,0,38.20537103,-120.552913,6009.0,41.38982681625095,0.0,19,19,0,0,19,19,45602,0,0,0,0,0
2020-06-09,US,California,Colusa,7,0,0,39.17881957,-122.2331726,6011.0,32.48712117696199,0.0,7,7,0,0,7,7,21627,0,0,0,0,0
2020-06-09,US,California,Contra Costa,1774,43,0,37.91923498,-121.9289527,6013.0,153.7893380816731,2.423900789177001,1731,1706,40,0,1666,1668,1150215,68,3,0,65,38
2020-06-09,US,California,Del Norte,47,0,0,41.74228275,-123.8974063,6015.0,168.99180209981301,0.0,47,47,0,0,47,47,27828,0,0,0,0,0
2020-06-09,US,California,El Dorado,111,0,0,38.77965956,-120.5233166,6017.0,57.55977660584,0.0,111,109,0,0,109,106,190678,2,0,0,2,3
2020-06-09,US,California,Fresno,2216,46,0,36.75733899,-119.6466953,6019.0,221.799397658495,2.0758122743682312,2170,2122,43,0,2079,2122,994400,94,3,0,91,0
2020-06-09,US,California,Glenn,19,0,0,39.59875897,-122.3938452,6021.0,66.91790229986265,0.0,19,19,0,0,19,18,28047,0,0,0,0,1
2020-06-09,US,California,Humboldt,105,4,0,40.69923009,-123.876044,6023.0,77.45761961669544,3.809523809523809,101,105,4,0,101,104,136373,0,0,0,0,1
2020-06-09,US,California,Imperial,3133,38,0,33.0393082,-115.3669042,6025.0,1728.8855779046992,1.2128949888285987,3095,3013,38,0,2975,2568,181827,120,0,0,120,445
2020-06-09,US,California,Inyo,22,1,0,36.51112084,-117.41119779999998,6027.0,121.95797993236877,4.545454545454546,21,22,1,0,21,22,17987,0,0,0,0,0
2020-06-09,US,California,Kern,2870,47,0,35.34329425,-118.7277796,6029.0,318.81733210990416,1.637630662020906,2823,2794,47,0,2747,2720,896764,76,0,0,76,74
2020-06-09,US,California,Kings,1576,6,0,36.07409056,-119.8159973,6031.0,1030.4694651497318,0.3807106598984771,1570,1538,6,0,1532,1492,151366,38,0,0,38,46
2020-06-09,US,California,Lake,30,0,0,39.10124298,-122.7536244,6033.0,46.59398005777653,0.0,30,30,0,0,30,30,64382,0,0,0,0,0
2020-06-09,US,California,Lassen,8,0,0,40.67311306,-120.59350990000002,6035.0,26.166879272560763,0.0,8,8,0,0,8,6,30802,0,0,0,0,2
2020-06-09,US,California,Los Angeles,65945,2710,0,34.30828379,-118.2282411,6037.0,656.8811349455684,4.109485177041473,63235,64690,2656,0,62034,63844,10105518,1255,54,0,1201,846
2020-06-09,US,California,Madera,172,3,0,37.21513971,-119.76655890000002,6039.0,109.32643475055141,1.7441860465116281,169,172,3,0,169,163,157672,0,0,0,0,9
2020-06-09,US,California,Marin,635,17,0,38.07122463,-122.7210631,6041.0,245.3385672227674,2.677165354330709,618,589,17,0,572,571,259666,46,0,0,46,18
2020-06-09,US,California,Mariposa,16,1,0,37.57978556,-119.9073334,6043.0,93.0070336569203,6.25,15,16,1,0,15,16,17471,0,0,0,0,0
2020-06-09,US,California,Mendocino,36,0,0,39.4381191,-123.3911313,6045.0,41.499037452881296,0.0,36,36,0,0,36,33,87606,0,0,0,0,3
2020-06-09,US,California,Merced,367,7,0,37.18922369,-120.7209035,6047.0,132.16652261596082,1.9073569482288828,360,334,7,0,327,334,274765,33,0,0,33,0
2020-06-09,US,California,Mono,38,1,0,37.93899289,-118.8872409,6051.0,263.0850180005539,2.631578947368421,37,38,1,0,37,37,14250,0,0,0,0,1
2020-06-09,US,California,Monterey,763,11,0,36.21862405,-121.2413397,6053.0,175.7817449621136,1.4416775884665791,752,751,10,0,741,732,435594,12,1,0,11,19
2020-06-09,US,California,Napa,157,3,0,38.50735751,-122.332839,6055.0,113.97955627831341,1.9108280254777068,154,153,3,0,150,141,139417,4,0,0,4,12
2020-06-09,US,California,Nevada,50,1,0,39.30394768,-120.7627281,6057.0,50.12280086211217,2.0,49,50,1,0,49,50,99696,0,0,0,0,0
2020-06-09,US,California,Orange,7614,185,0,33.70147516,-117.76459979999998,6059.0,239.75876753790985,2.4297346992382454,7429,7527,177,0,7350,7440,3185968,87,8,0,79,87
2020-06-09,US,California,Placer,304,9,0,39.06167234,-120.7240569,6061.0,76.318821878397,2.9605263157894735,295,294,9,0,285,284,393149,10,0,0,10,10
2020-06-09,US,California,Plumas,4,0,0,40.00355989,-120.8395236,6063.0,21.268676556601264,0.0,4,4,0,0,4,4,18804,0,0,0,0,0
2020-06-09,US,California,Riverside,9590,365,0,33.74314981,-115.9933578,6065.0,388.1733025816965,3.806047966631908,9225,9206,356,0,8850,8777,2450758,384,9,0,375,429
2020-06-09,US,California,Sacramento,1624,61,0,38.45106826,-121.3425374,6067.0,104.63526491922336,3.756157635467981,1563,1588,61,0,1527,1569,1540975,36,0,0,36,19
2020-06-09,US,California,San Benito,109,2,0,36.60308176,-121.069975,6069.0,173.54477136670485,1.834862385321101,107,107,2,0,105,105,61537,2,0,0,2,2
2020-06-09,US,California,San Bernardino,6417,224,0,34.84060306,-116.1774685,6071.0,294.3463213590296,3.4907277544023687,6193,6247,224,0,6023,6040,2171603,170,0,0,170,207
2020-06-09,US,California,San Diego,8619,296,0,33.03484597,-116.7365326,6073.0,258.1829837074226,3.434273117531036,8323,8619,296,0,8323,8345,3343364,0,0,0,0,274
2020-06-09,US,California,San Francisco,2793,44,0,37.75215114,-122.4385672,6075.0,316.82867316507645,1.5753669889008235,2749,2779,43,0,2736,2747,883305,14,1,0,13,32
2020-06-09,US,California,San Joaquin,1259,39,0,37.93433732,-121.2730061,6077.0,165.19101276917343,3.0976965845909445,1220,1195,37,0,1158,1161,752660,64,2,0,62,34
2020-06-09,US,California,San Luis Obispo,302,1,0,35.38822029,-120.4039028,6079.0,106.67194139401155,0.3311258278145696,301,299,1,0,298,291,284010,3,0,0,3,8
2020-06-09,US,California,San Mateo,2437,93,0,37.4228808,-122.32755459999998,6081.0,317.9084053312601,3.816167418957735,2344,2394,88,0,2306,2330,769545,43,5,0,38,64
2020-06-09,US,California,Santa Barbara,1817,15,0,34.65329488,-120.0188492,6083.0,406.9438005460258,0.825536598789213,1802,1817,15,0,1802,1787,446527,0,0,0,0,30
2020-06-09,US,California,Santa Clara,3017,146,0,37.23104908,-121.6970462,6085.0,156.49541562319098,4.8392442823997355,2871,2973,145,0,2828,2942,1937570,44,1,0,43,31
2020-06-09,US,California,Santa Cruz,235,2,0,37.05580291,-122.0066524,6087.0,86.0134766647268,0.851063829787234,233,234,2,0,232,231,274255,1,0,0,1,3
2020-06-09,US,California,Shasta,46,4,0,40.76391419,-122.0396884,6089.0,25.54420257663261,8.695652173913043,42,46,4,0,42,42,180040,0,0,0,0,4
2020-06-09,US,California,Sierra,1,0,0,39.57713498,-120.52007009999998,6091.0,33.277870216306155,0.0,1,1,0,0,1,1,2987,0,0,0,0,0
2020-06-09,US,California,Siskiyou,13,0,0,41.59198861,-122.54074340000001,6093.0,29.85828797170353,0.0,13,12,0,0,12,12,43724,1,0,0,1,0
2020-06-09,US,California,Solano,590,23,0,38.26827353,-121.9357113,6095.0,131.8014578581593,3.8983050847457625,567,590,23,0,567,566,446610,0,0,0,0,24
2020-06-09,US,California,Sonoma,664,4,0,38.52746429,-122.8862506,6097.0,134.32159502848265,0.6024096385542169,660,653,4,0,649,642,499942,11,0,0,11,11
2020-06-09,US,California,Stanislaus,937,33,0,37.55862499,-120.9970722,6099.0,170.15944502960085,3.5218783351120604,904,937,33,0,904,865,549815,0,0,0,0,72
2020-06-09,US,California,Sutter,65,2,0,39.03417539,-121.6945899,6101.0,67.03034927968156,3.0769230769230766,63,65,2,0,63,55,96807,0,0,0,0,10
2020-06-09,US,California,Tehama,11,1,0,40.12570935,-122.2370171,6103.0,16.901235326654785,9.090909090909092,10,9,1,0,8,8,63916,2,0,0,2,1
2020-06-09,US,California,Trinity,2,0,0,40.64917670000001,-123.114713,6105.0,16.28001628001628,0.0,2,2,0,0,2,2,12535,0,0,0,0,0
2020-06-09,US,California,Tulare,2381,94,0,36.22026558,-118.8020203,6107.0,510.7304883149755,3.947921041579169,2287,2220,94,0,2126,2116,465861,161,0,0,161,104
2020-06-09,US,California,Tuolumne,7,0,0,38.02644018,-119.9525093,6109.0,12.849223539777524,0.0,7,7,0,0,7,7,54539,0,0,0,0,0
2020-06-09,US,California,Ventura,1341,35,0,34.44465746,-119.0910613,6111.0,158.50951411692117,2.6099925428784494,1306,1341,35,0,1306,1261,850967,0,0,0,0,80
2020-06-09,US,California,Yolo,226,24,0,38.68278902,-121.9018288,6113.0,102.49433106575964,10.619469026548671,202,225,24,0,201,221,220408,1,0,0,1,4
2020-06-09,US,California,Yuba,32,1,0,39.26255932,-121.3535644,6115.0,40.677276656327855,3.125,31,32,1,0,31,32,78041,0,0,0,0,0
2020-06-09,US,Colorado,Adams,3627,140,0,39.87432092,-104.3362578,8001.0,700.9765742016657,3.859939343810312,3487,3605,138,0,3467,3575,511868,22,2,0,20,30
2020-06-09,US,Colorado,Alamosa,101,2,0,37.57250606,-105.7885451,8003.0,622.1893673381384,1.98019801980198,99,95,2,0,93,94,16683,6,0,0,6,1
2020-06-09,US,Colorado,Arapahoe,4687,329,0,39.64977461,-104.3353617,8005.0,713.8396868669946,7.019415404309792,4358,4663,326,0,4337,4637,651215,24,3,0,21,26
2020-06-09,US,Colorado,Archuleta,8,0,0,37.19474156,-107.04768670000001,8007.0,57.02473447858009,0.0,8,8,0,0,8,8,13765,0,0,0,0,0
2020-06-09,US,Colorado,Baca,12,0,0,37.31940883,-102.5603223,8009.0,335.1019268360793,0.0,12,12,0,0,12,12,3585,0,0,0,0,0
2020-06-09,US,Colorado,Bent,3,0,0,37.95474293,-103.0720195,8011.0,53.79236148466918,0.0,3,3,0,0,3,3,5882,0,0,0,0,0
2020-06-09,US,Colorado,Boulder,1027,67,0,40.09313619,-105.3546767,8013.0,314.84138370795466,6.523855890944499,960,1022,67,0,955,1016,326078,5,0,0,5,6
2020-06-09,US,Colorado,Broomfield,258,27,0,39.95998787,-105.0566324,8014.0,366.1392180515149,10.465116279069766,231,256,27,0,229,255,69267,2,0,0,2,1
2020-06-09,US,Colorado,Chaffee,78,20,0,38.74745778,-106.19265729999998,8015.0,383.1794065631754,25.64102564102564,58,78,20,0,58,78,20027,0,0,0,0,0
2020-06-09,US,Colorado,Cheyenne,5,0,0,38.82777431,-102.6032558,8017.0,273.07482250136536,0.0,5,5,0,0,5,5,1876,0,0,0,0,0
2020-06-09,US,Colorado,Clear Creek,17,1,0,39.68864463,-105.6463118,8019.0,175.2577319587629,5.882352941176472,16,17,1,0,16,17,9605,0,0,0,0,0
2020-06-09,US,Colorado,Conejos,5,0,0,37.201606,-106.19174879999998,8021.0,60.93845216331505,0.0,5,5,0,0,5,5,8200,0,0,0,0,0
2020-06-09,US,Colorado,Costilla,8,0,0,37.27732493,-105.4276548,8023.0,205.81425263699512,0.0,8,8,0,0,8,8,3828,0,0,0,0,0
2020-06-09,US,Colorado,Crowley,66,1,0,38.32608609,-103.7844965,8025.0,1088.929219600726,1.5151515151515151,65,66,1,0,65,66,5858,0,0,0,0,0
2020-06-09,US,Colorado,Custer,2,0,0,38.10883162,-105.3683478,8027.0,39.463299131807425,0.0,2,2,0,0,2,2,4954,0,0,0,0,0
2020-06-09,US,Colorado,Delta,76,1,0,38.86246243,-107.86313419999999,8029.0,243.88678518708684,1.3157894736842106,75,76,1,0,75,76,30953,0,0,0,0,0
2020-06-09,US,Colorado,Denver,6176,349,0,39.76018276,-104.87256950000001,8031.0,849.272081967957,5.650906735751295,5827,6138,348,0,5790,6106,716492,38,1,0,37,32
2020-06-09,US,Colorado,Douglas,764,47,0,39.33133796,-104.930001,8035.0,217.56836032054315,6.151832460732983,717,757,47,0,710,756,342776,7,0,0,7,1
2020-06-09,US,Colorado,Eagle,612,8,0,39.62754308,-106.6933637,8037.0,1110.1638035808226,1.30718954248366,604,610,8,0,602,608,54993,2,0,0,2,2
2020-06-09,US,Colorado,El Paso,1880,99,0,38.83240149,-104.5251411,8041.0,260.9650431772216,5.2659574468085095,1781,1862,98,0,1764,1834,713856,18,1,0,17,28
2020-06-09,US,Colorado,Elbert,57,2,0,39.28656773,-104.13587209999999,8039.0,213.2515245613379,3.5087719298245608,55,56,2,0,54,54,26282,1,0,0,1,2
2020-06-09,US,Colorado,Fremont,26,0,0,38.47362326,-105.43996670000001,8043.0,54.34896214385753,0.0,26,26,0,0,26,26,48021,0,0,0,0,0
2020-06-09,US,Colorado,Garfield,166,2,0,39.59921777,-107.902708,8045.0,276.3856745641931,1.2048192771084338,164,164,2,0,162,162,59770,2,0,0,2,2
2020-06-09,US,Colorado,Gilpin,5,0,0,39.85646523,-105.5252597,8047.0,80.08970046452026,0.0,5,5,0,0,5,5,6121,0,0,0,0,0
2020-06-09,US,Colorado,Grand,15,0,0,40.10603347,-106.11780420000001,8049.0,95.33494343460023,0.0,15,15,0,0,15,15,15525,0,0,0,0,0
2020-06-09,US,Colorado,Gunnison,181,6,0,38.66611652,-107.0320729,8051.0,1036.536479212003,3.3149171270718236,175,180,6,0,174,179,17246,1,0,0,1,1
2020-06-09,US,Colorado,Hinsdale,3,0,0,37.82247444,-107.3004345,8053.0,365.8536585365854,0.0,3,3,0,0,3,3,811,0,0,0,0,0
2020-06-09,US,Colorado,Huerfano,3,0,0,37.68473101,-104.9612585,8055.0,43.497172683775545,0.0,3,3,0,0,3,3,6889,0,0,0,0,0
2020-06-09,US,Colorado,Jefferson,2398,185,0,39.58635604,-105.2517692,8059.0,411.40472926720884,7.714762301918265,2213,2384,182,0,2202,2373,580233,14,3,0,11,11
2020-06-09,US,Colorado,Kit Carson,30,3,0,39.30497777,-102.60221990000001,8063.0,422.7138227420037,10.0,27,30,3,0,27,30,7163,0,0,0,0,0
2020-06-09,US,Colorado,La Plata,84,1,0,37.28632032,-107.8429014,8067.0,149.41036267586844,1.1904761904761905,83,82,1,0,81,82,56310,2,0,0,2,0
2020-06-09,US,Colorado,Lake,38,0,0,39.20278823,-106.35556969999999,8065.0,467.5772117632583,0.0,38,38,0,0,38,37,7824,0,0,0,0,1
2020-06-09,US,Colorado,Larimer,632,28,0,40.66671597,-105.4625784,8069.0,177.0809108459256,4.4303797468354436,604,628,28,0,600,619,350518,4,0,0,4,9
2020-06-09,US,Colorado,Las Animas,6,0,0,37.3153406,-104.03764579999999,8071.0,41.362194953812214,0.0,6,5,0,0,5,5,14503,1,0,0,1,0
2020-06-09,US,Colorado,Lincoln,3,0,0,38.98749519,-103.51366490000001,8073.0,52.62234695667427,0.0,3,3,0,0,3,3,5610,0,0,0,0,0
2020-06-09,US,Colorado,Logan,631,5,0,40.7249637,-103.110817,8075.0,2815.8329242714976,0.7923930269413629,626,631,5,0,626,631,21528,0,0,0,0,0
2020-06-09,US,Colorado,Mesa,64,0,0,39.01787888,-108.469799,8077.0,41.50184812917451,0.0,64,62,0,0,62,62,153207,2,0,0,2,0
2020-06-09,US,Colorado,Mineral,2,0,0,37.66954283,-106.92816979999999,8079.0,260.0780234070221,0.0,2,2,0,0,2,2,776,0,0,0,0,0
2020-06-09,US,Colorado,Moffat,8,0,0,40.61810999,-108.2070876,8081.0,60.22735827749755,0.0,8,8,0,0,8,8,13188,0,0,0,0,0
2020-06-09,US,Colorado,Montezuma,58,3,0,37.33859579,-108.59588570000001,8083.0,221.5177787113776,5.172413793103448,55,57,3,0,54,57,26158,1,0,0,1,0
2020-06-09,US,Colorado,Montrose,190,12,0,38.40214114,-108.26390220000002,8085.0,444.36128911548724,6.315789473684211,178,190,12,0,178,188,42214,0,0,0,0,2
2020-06-09,US,Colorado,Morgan,644,45,0,40.26279810000001,-103.8093302,8087.0,2215.4947020778864,6.987577639751552,599,645,46,0,599,644,28558,-1,-1,0,0,1
2020-06-09,US,Colorado,Otero,22,1,0,37.9014485,-103.7173385,8089.0,120.3632782580151,4.545454545454546,21,22,1,0,21,21,18432,0,0,0,0,1
2020-06-09,US,Colorado,Ouray,8,1,0,38.14717457,-107.7675136,8091.0,161.55088852988692,12.5,7,8,1,0,7,8,4833,0,0,0,0,0
2020-06-09,US,Colorado,Park,23,0,0,39.120926000000004,-105.7182065,8093.0,122.04828867073496,0.0,23,23,0,0,23,23,18556,0,0,0,0,0
2020-06-09,US,Colorado,Phillips,15,0,0,40.59414277,-102.3577703,8095.0,351.6998827667058,0.0,15,15,0,0,15,14,4286,0,0,0,0,1
2020-06-09,US,Colorado,Pitkin,62,2,0,39.21720112,-106.9310027,8097.0,348.9615579445038,3.2258064516129035,60,61,2,0,59,59,17950,1,0,0,1,2
2020-06-09,US,Colorado,Prowers,16,0,0,37.95544985,-102.3926052,8099.0,131.44922773578705,0.0,16,16,0,0,16,15,12164,0,0,0,0,1
2020-06-09,US,Colorado,Pueblo,323,19,0,38.17359144,-104.5127437,8101.0,191.777893886857,5.882352941176472,304,320,18,0,302,320,167529,3,1,0,2,0
2020-06-09,US,Colorado,Rio Blanco,1,0,0,39.97913541,-108.2179009,8103.0,15.812776723592664,0.0,1,1,0,0,1,1,6336,0,0,0,0,0
2020-06-09,US,Colorado,Rio Grande,47,0,0,37.5836865,-106.3847838,8105.0,417.14742167391495,0.0,47,46,0,0,46,45,11250,1,0,0,1,1
2020-06-09,US,Colorado,Routt,62,6,0,40.48596505,-106.9905548,8107.0,241.82853576722053,9.677419354838712,56,62,6,0,56,62,25733,0,0,0,0,0
2020-06-09,US,Colorado,Saguache,94,2,0,38.08054629,-106.28246599999999,8109.0,1377.4912075029306,2.127659574468085,92,94,2,0,92,93,6843,0,0,0,0,1
2020-06-09,US,Colorado,San Juan,1,0,0,37.76248981,-107.67632890000002,8111.0,137.36263736263737,0.0,1,1,0,0,1,1,762,0,0,0,0,0
2020-06-09,US,Colorado,San Miguel,23,0,0,38.00450883,-108.4020725,8113.0,281.2079716346741,0.0,23,23,0,0,23,23,8191,0,0,0,0,0
2020-06-09,US,Colorado,Summit,248,2,0,39.63803232,-106.1150762,8117.0,799.7162297249362,0.8064516129032258,246,247,2,0,245,248,31007,1,0,0,1,-1
2020-06-09,US,Colorado,Teller,37,2,0,38.88133511,-105.16148929999999,8119.0,145.73814400504176,5.405405405405406,35,36,2,0,34,34,25083,1,0,0,1,2
2020-06-09,US,Colorado,Washington,43,0,0,39.97015535,-103.202587,8121.0,876.1206193969031,0.0,43,43,0,0,43,43,4909,0,0,0,0,0
2020-06-09,US,Colorado,Weld,2604,135,0,40.55499405,-104.39296209999999,8123.0,802.485115195444,5.184331797235023,2469,2598,135,0,2463,2583,314305,6,0,0,6,15
2020-06-09,US,Colorado,Yuma,48,0,0,40.00346839,-102.4258673,8125.0,479.0897295139235,0.0,48,48,0,0,48,45,10020,0,0,0,0,3
2020-06-09,US,Connecticut,Fairfield,16108,1319,0,41.26809896,-73.3881171,9001.0,1707.5642509742065,8.188477775018624,14789,16092,1316,0,14776,16056,943823,16,3,0,13,36
2020-06-09,US,Connecticut,Hartford,10859,1291,0,41.80283011,-72.73103891,9003.0,1217.7589377831607,11.888755870706325,9568,10844,1291,0,9553,10809,892697,15,0,0,15,35
2020-06-09,US,Connecticut,Litchfield,1432,136,0,41.7937534,-73.2451475,9005.0,794.0864955388088,9.497206703910617,1296,1426,134,0,1292,1419,181111,6,2,0,4,7
2020-06-09,US,Connecticut,Middlesex,1194,163,0,41.45949668,-72.53714864,9007.0,735.0587308232166,13.651591289782246,1031,1187,160,0,1027,1185,162682,7,3,0,4,2
2020-06-09,US,Connecticut,New Haven,11875,1016,0,41.4080325,-72.93620426,9009.0,1389.283737951254,8.555789473684209,10859,11860,1013,0,10847,11828,857620,15,3,0,12,32
2020-06-09,US,Connecticut,New London,1122,96,0,41.48896435,-72.10430976,9011.0,423.06735141738886,8.556149732620321,1026,1120,96,0,1024,1119,266784,2,0,0,2,1
2020-06-09,US,Connecticut,Tolland,873,61,0,41.85853803,-72.3308481,9013.0,579.2159022299479,6.9873997709049265,812,863,60,0,803,864,150921,10,1,0,9,-1
2020-06-09,US,Connecticut,Unassigned,286,0,0,0.0,0.0,90009.0,0.0,0.0,286,272,0,0,272,268,,14,0,0,14,4
2020-06-09,US,Connecticut,Windham,430,15,0,41.82972709,-71.98182316,9015.0,368.20742922710684,3.4883720930232562,415,428,14,0,414,420,117027,2,1,0,1,8
2020-06-09,US,Delaware,Kent,1522,76,0,39.08646628,-75.56884914,10001.0,841.87934906464,4.993429697766096,1446,1513,76,0,1437,1511,178550,9,0,0,9,2
2020-06-09,US,Delaware,New Castle,4125,185,0,39.57992638,-75.64054974,10003.0,738.2510697929138,4.4848484848484835,3940,4095,176,0,3919,4070,559335,30,9,0,21,25
2020-06-09,US,Delaware,Sussex,4361,149,0,38.66143781,-75.39031349,10005.0,1861.8849396947378,3.4166475578995645,4212,4353,146,0,4207,4346,229286,8,3,0,5,7
2020-06-09,US,Delaware,Unassigned,12,0,0,0.0,0.0,90010.0,0.0,0.0,12,11,0,0,11,15,,1,0,0,1,-4
2020-06-09,US,District of Columbia,District of Columbia,9474,495,0,38.90417773,-77.01655992,11001.0,1342.4036024138893,5.224825839138696,8979,9389,491,0,8898,9332,702455,85,4,0,81,57
2020-06-09,US,Florida,Alachua,404,8,0,29.67866525,-82.35928158,12001.0,150.16187003564482,1.98019801980198,396,399,8,0,391,399,269956,5,0,0,5,0
2020-06-09,US,Florida,Baker,29,4,0,30.33060121,-82.28467476,12003.0,99.28106812735365,13.79310344827586,25,29,4,0,25,29,28355,0,0,0,0,0
2020-06-09,US,Florida,Bay,133,4,0,30.26548745,-85.62122584,12005.0,76.12833061446439,3.0075187969924815,129,132,4,0,128,130,185287,1,0,0,1,2
2020-06-09,US,Florida,Bradford,52,2,0,29.95079741,-82.16611613,12007.0,184.39062444594163,3.8461538461538463,50,52,2,0,50,52,27732,0,0,0,0,0
2020-06-09,US,Florida,Brevard,471,13,0,28.29409504,-80.73091022,12009.0,78.24674138039877,2.760084925690021,458,464,13,0,451,457,596849,7,0,0,7,7
2020-06-09,US,Florida,Broward,8035,346,0,26.15184651,-80.48725556,12011.0,411.46510253597694,4.306160547604232,7689,7924,343,0,7581,7804,1951260,111,3,0,108,120
2020-06-09,US,Florida,Calhoun,64,4,0,30.40666734,-85.19394153,12013.0,453.7398085785183,6.25,60,66,4,0,62,66,14587,-2,0,0,-2,0
2020-06-09,US,Florida,Charlotte,501,72,0,26.90131002,-81.92949121,12015.0,265.2056534857869,14.371257485029941,429,500,72,0,428,493,184998,1,0,0,1,7
2020-06-09,US,Florida,Citrus,128,12,0,28.84804315,-82.47614748,12017.0,85.52890943958519,9.375,116,128,12,0,116,128,147929,0,0,0,0,0
2020-06-09,US,Florida,Clay,411,32,0,29.98319144,-81.85609986,12019.0,187.45553062229763,7.785888077858881,379,405,32,0,373,400,216072,6,0,0,6,5
2020-06-09,US,Florida,Collier,2128,57,0,26.11091986,-81.34687065,12021.0,552.8680027643401,2.6785714285714284,2071,2070,57,0,2013,2039,378488,58,0,0,58,31
2020-06-09,US,Florida,Columbia,174,2,0,30.22509788,-82.62160164,12023.0,242.72521831319924,1.1494252873563218,172,171,2,0,169,171,70503,3,0,0,3,0
2020-06-09,US,Florida,DeSoto,296,7,0,27.18677893,-81.80941373,12027.0,778.9268703455173,2.3648648648648654,289,284,7,0,277,268,37489,12,0,0,12,16
2020-06-09,US,Florida,Dixie,60,2,0,29.60631086,-83.15724673,12029.0,356.59099013431586,3.333333333333333,58,60,2,0,58,58,16700,0,0,0,0,2
2020-06-09,US,Florida,Duval,1824,54,0,30.33225875,-81.66976468,12031.0,190.44536441991949,2.9605263157894735,1770,1806,55,0,1751,1792,950181,18,-1,0,19,14
2020-06-09,US,Florida,Escambia,907,36,0,30.67652764,-87.37284571,12033.0,284.9369808617851,3.9691289966923926,871,891,36,0,855,888,315534,16,0,0,16,3
2020-06-09,US,Florida,Flagler,195,4,0,29.45933576,-81.31508595,12035.0,169.4458685621432,2.051282051282051,191,195,4,0,191,195,112067,0,0,0,0,0
2020-06-09,US,Florida,Franklin,2,0,0,29.83791238,-84.82731662,12037.0,16.49484536082474,0.0,2,2,0,0,2,2,11736,0,0,0,0,0
2020-06-09,US,Florida,Gadsden,296,4,0,30.57796289,-84.61915825,12039.0,648.2698204117389,1.351351351351351,292,294,4,0,290,294,45894,2,0,0,2,0
2020-06-09,US,Florida,Gilchrist,19,0,0,29.72856978,-82.79880657,12041.0,102.24948875255623,0.0,19,19,0,0,19,20,18256,0,0,0,0,-1
2020-06-09,US,Florida,Glades,86,1,0,26.95635849,-81.18996211,12043.0,622.6920570559698,1.162790697674419,85,85,1,0,84,84,13724,1,0,0,1,1
2020-06-09,US,Florida,Gulf,7,0,0,29.93543004,-85.24270990000002,12045.0,51.32341080724393,0.0,7,7,0,0,7,6,16164,0,0,0,0,1
2020-06-09,US,Florida,Hamilton,263,1,0,30.49673973,-82.94998918,12047.0,1822.8444690878848,0.3802281368821293,262,262,1,0,261,263,14310,1,0,0,1,-1
2020-06-09,US,Florida,Hardee,153,0,0,27.49293939,-81.80956574,12049.0,567.9919812896759,0.0,153,151,0,0,151,145,27245,2,0,0,2,6
2020-06-09,US,Florida,Hendry,572,19,0,26.55386945,-81.16469006,12051.0,1361.191756698872,3.3216783216783217,553,565,18,0,547,558,41556,7,1,0,6,7
2020-06-09,US,Florida,Hernando,127,5,0,28.55364461,-82.42700204,12053.0,65.49092409240924,3.9370078740157477,122,126,5,0,121,125,190865,1,0,0,1,1
2020-06-09,US,Florida,Highlands,150,9,0,27.34254618,-81.34071957,12055.0,141.21501398028641,6.0,141,150,9,0,141,146,105424,0,0,0,0,4
2020-06-09,US,Florida,Hillsborough,2923,93,0,27.9276559,-82.32013172,12057.0,198.57768647144505,3.1816626753335613,2830,2861,91,0,2770,2748,1436888,62,2,0,60,113
2020-06-09,US,Florida,Holmes,30,0,0,30.86747479,-85.81319222,12059.0,152.9285823520416,0.0,30,30,0,0,30,30,19477,0,0,0,0,0
2020-06-09,US,Florida,Indian River,167,11,0,27.69308961,-80.60556721,12061.0,104.42525465380214,6.586826347305388,156,167,11,0,156,164,157413,0,0,0,0,3
2020-06-09,US,Florida,Jackson,310,1,0,30.7954597,-85.21500423,12063.0,667.901926142974,0.3225806451612903,309,309,1,0,308,308,48305,1,0,0,1,1
2020-06-09,US,Florida,Jefferson,31,4,0,30.43669112,-83.89442308,12065.0,217.60494173803173,12.903225806451614,27,31,3,0,28,31,14288,0,1,0,-1,0
2020-06-09,US,Florida,Lafayette,13,0,0,29.98484137,-83.18166636,12067.0,154.3576347660888,0.0,13,10,0,0,10,10,8732,3,0,0,3,0
2020-06-09,US,Florida,Lake,339,15,0,28.76202069,-81.7125123,12069.0,92.34088222315441,4.424778761061948,324,337,15,0,322,329,356495,2,0,0,2,8
2020-06-09,US,Florida,Lee,2388,124,0,26.58410348,-81.88399313,12071.0,309.89764812601464,5.192629815745394,2264,2315,117,0,2198,2289,754610,73,7,0,66,26
2020-06-09,US,Florida,Leon,448,7,0,30.45955727,-84.27491114,12073.0,152.59791131608887,1.5625,441,443,7,0,436,442,292502,5,0,0,5,1
2020-06-09,US,Florida,Levy,90,1,0,29.31829741,-82.74007147,12075.0,216.851793846228,1.1111111111111112,89,73,1,0,72,60,40770,17,0,0,17,13
2020-06-09,US,Florida,Liberty,218,1,0,30.23766008,-84.8829258,12077.0,2609.528369643285,0.4587155963302753,217,218,1,0,217,218,8457,0,0,0,0,0
2020-06-09,US,Florida,Madison,71,3,0,30.44396917,-83.47398594,12079.0,383.9290542367383,4.225352112676056,68,71,3,0,68,71,18529,0,0,0,0,0
2020-06-09,US,Florida,Manatee,1229,111,0,27.47196942,-82.31831044,12081.0,304.7714462136673,9.03173311635476,1118,1219,105,0,1114,1189,394855,10,6,0,4,30
2020-06-09,US,Florida,Marion,284,8,0,29.21227113,-82.05803627,12083.0,77.68498737618954,2.8169014084507036,276,281,8,0,273,279,359977,3,0,0,3,2
2020-06-09,US,Florida,Martin,934,15,0,27.0772071,-80.43109784,12085.0,580.1242236024843,1.6059957173447537,919,917,13,0,904,907,160912,17,2,0,15,10
2020-06-09,US,Florida,Miami-Dade,19980,774,0,25.6112362,-80.55170587,12086.0,735.3861329289567,3.8738738738738734,19206,19756,767,0,18989,19547,2761581,224,7,0,217,209
2020-06-09,US,Florida,Monroe,114,4,0,25.20904673,-81.07812416,12087.0,153.58085897504984,3.5087719298245608,110,114,4,0,110,111,75027,0,0,0,0,3
2020-06-09,US,Florida,Nassau,83,1,0,30.61037141,-81.80297522,12089.0,93.65303244005642,1.2048192771084338,82,82,1,0,81,82,85832,1,0,0,1,0
2020-06-09,US,Florida,Okaloosa,274,6,0,30.69143028,-86.59267105,12091.0,130.01926562841064,2.18978102189781,268,271,6,0,265,262,207269,3,0,0,3,9
2020-06-09,US,Florida,Okeechobee,143,0,0,27.386336199999995,-80.88944347,12093.0,339.11971162967177,0.0,143,138,0,0,138,138,41537,5,0,0,5,0
2020-06-09,US,Florida,Orange,2449,45,0,28.51367621,-81.31799498,12095.0,175.75058200784812,1.8374846876276032,2404,2378,45,0,2333,2316,1380645,71,0,0,71,62
2020-06-09,US,Florida,Osceola,762,21,0,28.06312234,-81.14882926,12097.0,202.79387147339597,2.755905511811024,741,749,21,0,728,745,367990,13,0,0,13,4
2020-06-09,US,Florida,Palm Beach,7518,388,0,26.64676272,-80.46536002,12099.0,502.28157966821885,5.160947060388401,7130,7329,373,0,6956,7230,1485941,189,15,0,174,99
2020-06-09,US,Florida,Pasco,442,15,0,28.30810945,-82.40227529,12101.0,79.79102693940034,3.3936651583710407,427,434,15,0,419,424,539630,8,0,0,8,10
2020-06-09,US,Florida,Pinellas,1679,99,0,27.93130349,-82.72239666,12103.0,172.20583469060387,5.896366885050624,1580,1638,95,0,1543,1584,975280,41,4,0,37,54
2020-06-09,US,Florida,Polk,1243,70,0,27.95027105,-81.69732947,12105.0,171.50102721250812,5.631536604987932,1173,1206,67,0,1139,1178,708009,37,3,0,34,28
2020-06-09,US,Florida,Putnam,175,6,0,29.60779729,-81.74230285,12107.0,234.83313428429568,3.4285714285714284,169,174,6,0,168,173,74163,1,0,0,1,1
2020-06-09,US,Florida,Santa Rosa,261,9,0,30.69341450000001,-87.02458128,12113.0,141.60694036774402,3.4482758620689653,252,258,9,0,249,258,179349,3,0,0,3,0
2020-06-09,US,Florida,Sarasota,694,86,0,27.18546175,-82.33174248,12115.0,160.0029510630744,12.391930835734868,608,686,85,0,601,680,426718,8,1,0,7,6
2020-06-09,US,Florida,Seminole,556,12,0,28.7158582,-81.24060348,12117.0,117.84005120531721,2.1582733812949644,544,542,12,0,530,532,467832,14,0,0,14,10
2020-06-09,US,Florida,St. Johns,287,6,0,29.90096506,-81.43589967,12109.0,108.43610204328377,2.0905923344947737,281,282,6,0,276,279,254261,5,0,0,5,3
2020-06-09,US,Florida,St. Lucie,669,31,0,27.37763908,-80.47106649,12111.0,203.77889532953392,4.633781763826606,638,654,31,0,623,627,321128,15,0,0,15,27
2020-06-09,US,Florida,Sumter,264,17,0,28.70181754,-82.0794267,12119.0,199.3656547349343,6.4393939393939394,247,261,17,0,244,261,128754,3,0,0,3,0
2020-06-09,US,Florida,Suwannee,176,18,0,30.19746066,-82.99099670000003,12121.0,396.24468109057335,10.227272727272727,158,175,18,0,157,175,44191,1,0,0,1,0
2020-06-09,US,Florida,Taylor,48,0,0,30.04848048,-83.60445406,12123.0,222.54161064490702,0.0,48,48,0,0,48,46,21623,0,0,0,0,2
2020-06-09,US,Florida,Unassigned,93,0,0,0.0,0.0,90012.0,0.0,0.0,93,93,0,0,93,97,,0,0,0,0,-4
2020-06-09,US,Florida,Union,38,1,0,30.04412971,-82.37497443,12125.0,249.39292511649282,2.631578947368421,37,38,1,0,37,38,14940,0,0,0,0,0
2020-06-09,US,Florida,Volusia,837,46,0,29.05858895,-81.18263252,12127.0,151.27854772594182,5.4958183990442055,791,829,45,0,784,819,547538,8,1,0,7,10
2020-06-09,US,Florida,Wakulla,35,1,0,30.16548905,-84.39895211,12129.0,103.7375144491538,2.8571428571428568,34,35,1,0,34,35,32461,0,0,0,0,0
2020-06-09,US,Florida,Walton,133,9,0,30.64204028,-86.16935664,12131.0,179.55745163424282,6.7669172932330826,124,131,9,0,122,130,71375,2,0,0,2,1
2020-06-09,US,Florida,Washington,85,8,0,30.61359259,-85.66002461,12133.0,333.68664860833036,9.411764705882351,77,84,7,0,77,84,24880,1,1,0,0,0
2020-06-09,US,Georgia,Appling,197,13,0,31.74847232,-82.28909114,13001.0,1071.4674208637007,6.598984771573603,184,189,13,0,176,185,18507,8,0,0,8,4
2020-06-09,US,Georgia,Atkinson,62,2,0,31.29633502,-82.87545866,13003.0,759.3386405388853,3.2258064516129035,60,60,2,0,58,60,8297,2,0,0,2,0
2020-06-09,US,Georgia,Bacon,152,3,0,31.55456473,-82.45936528,13005.0,1361.519168756718,1.973684210526316,149,146,3,0,143,144,11185,6,0,0,6,2
2020-06-09,US,Georgia,Baker,37,3,0,31.32669878,-84.44218806,13007.0,1217.906517445688,8.108108108108109,34,37,3,0,34,36,3092,0,0,0,0,1
2020-06-09,US,Georgia,Baldwin,393,29,0,33.06882326,-83.24701748,13009.0,875.4733793717978,7.3791348600508915,364,388,29,0,359,388,44823,5,0,0,5,0
2020-06-09,US,Georgia,Banks,99,1,0,34.35607081,-83.49644388,13011.0,514.7135281272746,1.0101010101010102,98,92,1,0,91,90,18988,7,0,0,7,2
2020-06-09,US,Georgia,Barrow,356,20,0,33.99148694,-83.71436292,13013.0,427.67900048053815,5.617977528089888,336,353,20,0,333,342,80809,3,0,0,3,11
2020-06-09,US,Georgia,Bartow,527,39,0,34.23732119,-84.83887523,13015.0,489.149603668158,7.400379506641366,488,523,39,0,484,522,106408,4,0,0,4,1
2020-06-09,US,Georgia,Ben Hill,93,1,0,31.76095874,-83.22145359,13017.0,556.8862275449102,1.075268817204301,92,93,1,0,92,90,16787,0,0,0,0,3
2020-06-09,US,Georgia,Berrien,59,0,0,31.27590016,-83.22529920000002,13019.0,304.1707480538228,0.0,59,59,1,0,58,58,19252,0,-1,0,1,1
2020-06-09,US,Georgia,Bibb,511,31,0,32.80904227,-83.70489165,13021.0,333.64020397103667,6.066536203522505,480,509,31,0,478,503,153095,2,0,0,2,6
2020-06-09,US,Georgia,Bleckley,53,0,0,32.43829035,-83.33035166,13023.0,411.7144410782257,0.0,53,51,0,0,51,50,12838,2,0,0,2,1
2020-06-09,US,Georgia,Brantley,63,2,0,31.19576557,-81.97743999,13025.0,329.68758176775344,3.1746031746031744,61,63,2,0,61,62,18897,0,0,0,0,1
2020-06-09,US,Georgia,Brooks,84,8,0,30.83922642,-83.58303423,13027.0,543.4431002134954,9.523809523809524,76,83,8,0,75,79,15513,1,0,0,1,4
2020-06-09,US,Georgia,Bryan,80,5,0,32.00979311,-81.44002948,13029.0,201.88255482373128,6.25,75,78,5,0,73,77,38109,2,0,0,2,1
2020-06-09,US,Georgia,Bulloch,84,3,0,32.39577406,-81.74811421,13031.0,105.51703346397349,3.571428571428572,81,83,3,0,80,82,77296,1,0,0,1,1
2020-06-09,US,Georgia,Burke,125,6,0,33.05917989,-81.99928721,13033.0,558.4595451905464,4.8,119,125,6,0,119,125,22423,0,0,0,0,0
2020-06-09,US,Georgia,Butts,253,25,0,33.283094500000004,-83.95435040000002,13035.0,1014.5973692653192,9.881422924901186,228,244,24,0,220,244,24193,9,1,0,8,0
2020-06-09,US,Georgia,Calhoun,140,6,0,31.53169785,-84.62725131,13037.0,2262.0778801098722,4.285714285714286,134,138,6,0,132,138,6352,2,0,0,2,0
2020-06-09,US,Georgia,Camden,70,1,0,30.92951916,-81.66601818,13039.0,128.0503420773424,1.4285714285714286,69,69,1,0,68,69,53677,1,0,0,1,0
2020-06-09,US,Georgia,Candler,15,0,0,32.40209349,-82.07702563,13043.0,138.8503193557345,0.0,15,15,0,0,15,13,10836,0,0,0,0,2
2020-06-09,US,Georgia,Carroll,587,33,0,33.58138199,-85.07976677,13045.0,489.19927995199686,5.621805792163544,554,585,28,0,557,580,118121,2,5,0,-3,5
2020-06-09,US,Georgia,Catoosa,164,0,0,34.89872298,-85.13757014,13047.0,242.6753477360166,0.0,164,164,0,0,164,159,67420,0,0,0,0,5
2020-06-09,US,Georgia,Charlton,36,1,0,30.78371028,-82.13951596,13049.0,268.81720430107526,2.7777777777777777,35,34,1,0,33,32,12968,2,0,0,2,2
2020-06-09,US,Georgia,Chatham,556,29,0,32.00043026,-81.12489526,13051.0,192.1017171682272,5.215827338129497,527,552,28,0,524,545,289195,4,1,0,3,7
2020-06-09,US,Georgia,Chattahoochee,180,0,0,32.34341231,-84.78809239,13053.0,1650.3163106262036,0.0,180,173,0,0,173,173,10684,7,0,0,7,0
2020-06-09,US,Georgia,Chattooga,27,2,0,34.47197698,-85.34535662,13055.0,108.91927871233207,7.407407407407407,25,25,2,0,23,25,24790,2,0,0,2,0
2020-06-09,US,Georgia,Cherokee,978,35,0,34.24393976,-84.47431861,13057.0,377.9374200554153,3.5787321063394684,943,975,35,0,940,959,254149,3,0,0,3,16
2020-06-09,US,Georgia,Clarke,328,15,0,33.95436462,-83.37124007,13059.0,255.5890626582821,4.573170731707316,313,325,15,0,310,321,127330,3,0,0,3,4
2020-06-09,US,Georgia,Clay,49,2,0,31.62221166,-84.97713865,13061.0,1729.0049400141145,4.081632653061225,47,49,2,0,47,47,2887,0,0,0,0,2
2020-06-09,US,Georgia,Clayton,1362,54,0,33.54187245,-84.35594188,13063.0,466.0297821088361,3.9647577092511015,1308,1343,52,0,1291,1328,289615,19,2,0,17,15
2020-06-09,US,Georgia,Clinch,72,2,0,30.91395822,-82.70432472,13065.0,1087.9419764279241,2.7777777777777777,70,70,2,0,68,69,6648,2,0,0,2,1
2020-06-09,US,Georgia,Cobb,3337,203,0,33.94243204,-84.5761255,13067.0,438.9975017792752,6.083308360803118,3134,3298,196,0,3102,3249,756865,39,7,0,32,49
2020-06-09,US,Georgia,Coffee,307,14,0,31.54892966,-82.85492059999999,13069.0,709.4493101934231,4.5602605863192185,293,300,14,0,286,299,43093,7,0,0,7,1
2020-06-09,US,Georgia,Colquitt,589,16,0,31.18810588,-83.7677946,13071.0,1291.6666666666667,2.7164685908319184,573,569,15,0,554,568,45592,20,1,0,19,1
2020-06-09,US,Georgia,Columbia,288,8,0,33.54534185,-82.263524,13073.0,183.7742639457866,2.7777777777777777,280,278,8,0,270,274,154291,10,0,0,10,4
2020-06-09,US,Georgia,Cook,57,1,0,31.16068491,-83.42947229,13075.0,330.052113491604,1.7543859649122806,56,56,1,0,55,57,17162,1,0,0,1,-1
2020-06-09,US,Georgia,Coweta,474,10,0,33.35334302,-84.76129976,13077.0,319.1725753994708,2.109704641350211,464,468,9,0,459,463,145864,6,1,0,5,5
2020-06-09,US,Georgia,Crawford,31,0,0,32.71391813,-83.98061238,13079.0,249.91938084488876,0.0,31,29,0,0,29,29,12318,2,0,0,2,0
2020-06-09,US,Georgia,Crisp,239,8,0,31.92289565,-83.76811843,13081.0,1068.2996602896476,3.3472803347280333,231,239,8,0,231,238,22601,0,0,0,0,1
2020-06-09,US,Georgia,Dade,41,1,0,34.854916700000004,-85.50490424,13083.0,254.4055596922313,2.4390243902439024,40,41,1,0,40,42,16226,0,0,0,0,-1
2020-06-09,US,Georgia,Dawson,114,1,0,34.44244079,-84.16964071,13085.0,436.64777079822284,0.8771929824561403,113,114,1,0,113,113,25083,0,0,0,0,1
2020-06-09,US,Georgia,DeKalb,4120,135,0,33.76944049,-84.22396017,13089.0,542.6071747945797,3.2766990291262137,3985,4054,125,0,3929,4012,756558,66,10,0,56,42
2020-06-09,US,Georgia,Decatur,218,6,0,30.87967778,-84.57619536,13087.0,825.6324799272838,2.7522935779816518,212,214,6,0,208,209,26575,4,0,0,4,5
2020-06-09,US,Georgia,Dodge,53,2,0,32.17265114,-83.16948926,13091.0,257.2191215724339,3.7735849056603774,51,53,2,0,51,53,20705,0,0,0,0,0
2020-06-09,US,Georgia,Dooly,193,12,0,32.15630737,-83.79746561,13093.0,1441.374159820762,6.217616580310881,181,191,12,0,179,191,13706,2,0,0,2,0
2020-06-09,US,Georgia,Dougherty,1818,149,0,31.53328528,-84.21722377,13095.0,2066.942562190186,8.195819581958196,1669,1806,149,0,1657,1803,91243,12,0,0,12,3
2020-06-09,US,Georgia,Douglas,612,27,0,33.70291126,-84.77026156,13097.0,418.195608946106,4.411764705882354,585,601,25,0,576,592,145331,11,2,0,9,9
2020-06-09,US,Georgia,Early,252,31,0,31.32155345,-84.90255207,13099.0,2473.012757605496,12.301587301587302,221,249,31,0,218,249,10247,3,0,0,3,0
2020-06-09,US,Georgia,Echols,146,0,0,30.71101099,-82.89687287,13101.0,3644.5332001997,0.0,146,146,0,0,146,147,4000,0,0,0,0,-1
2020-06-09,US,Georgia,Effingham,81,1,0,32.36616021,-81.34280942,13103.0,125.97984322508398,1.2345679012345678,80,78,1,0,77,78,62190,3,0,0,3,0
2020-06-09,US,Georgia,Elbert,82,0,0,34.11302332,-82.83936148,13105.0,427.21683859539434,0.0,82,82,0,0,82,79,19120,0,0,0,0,3
2020-06-09,US,Georgia,Emanuel,33,2,0,32.59221302,-82.30239915,13107.0,145.721098648768,6.0606060606060606,31,31,2,0,29,31,22612,2,0,0,2,0
2020-06-09,US,Georgia,Evans,6,0,0,32.15328841,-81.8870105,13109.0,56.316876290595076,0.0,6,6,0,0,6,6,10721,0,0,0,0,0
2020-06-09,US,Georgia,Fannin,57,1,0,34.86430205,-84.316964,13111.0,217.6569421108905,1.7543859649122806,56,55,1,0,54,52,25964,2,0,0,2,3
2020-06-09,US,Georgia,Fayette,254,15,0,33.41357794,-84.49089434,13113.0,221.9872226252174,5.905511811023621,239,247,15,0,232,245,113459,7,0,0,7,2
2020-06-09,US,Georgia,Floyd,335,15,0,34.26268279,-85.21577392,13115.0,340.10842859753495,4.477611940298506,320,326,15,0,311,323,97927,9,0,0,9,3
2020-06-09,US,Georgia,Forsyth,575,12,0,34.22604035,-84.12315129999998,13117.0,235.4126066521461,2.0869565217391304,563,556,12,0,544,546,236612,19,0,0,19,10
2020-06-09,US,Georgia,Franklin,134,1,0,34.37525597,-83.23159927,13119.0,573.9003811726412,0.746268656716418,133,134,1,0,133,132,23023,0,0,0,0,2
2020-06-09,US,Georgia,Fulton,4925,272,0,33.79216944,-84.46319413,13121.0,462.90334860052803,5.522842639593909,4653,4887,256,0,4631,4823,1050114,38,16,0,22,64
2020-06-09,US,Georgia,Gilmer,161,1,0,34.69316688,-84.45802506,13123.0,513.2455609040773,0.6211180124223602,160,160,1,0,159,160,30816,1,0,0,1,0
2020-06-09,US,Georgia,Glascock,1,0,0,33.22879932,-82.61297636,13125.0,33.65870077415012,0.0,1,1,0,0,1,1,2995,0,0,0,0,0
2020-06-09,US,Georgia,Glynn,164,2,0,31.23279254,-81.53811412,13127.0,192.28063593303008,1.2195121951219512,162,157,2,0,155,155,85219,7,0,0,7,2
2020-06-09,US,Georgia,Gordon,209,16,0,34.50487351,-84.87296253,13129.0,360.57484947293966,7.655502392344498,193,203,16,0,187,202,57685,6,0,0,6,1
2020-06-09,US,Georgia,Grady,127,4,0,30.87454847,-84.23418364,13131.0,515.5685462590833,3.1496062992125986,123,120,4,0,116,119,24748,7,0,0,7,1
2020-06-09,US,Georgia,Greene,83,7,0,33.5769205,-83.17139104,13133.0,452.95786946081637,8.433734939759036,76,80,7,0,73,78,17698,3,0,0,3,2
2020-06-09,US,Georgia,Gwinnett,4692,143,0,33.96044201,-84.02137802,13135.0,501.1481975967956,3.0477408354646207,4549,4598,139,0,4459,4440,927781,94,4,0,90,158
2020-06-09,US,Georgia,Habersham,568,26,0,34.63331566,-83.53094677,13137.0,1253.0885986586654,4.577464788732393,542,562,26,0,536,557,45388,6,0,0,6,5
2020-06-09,US,Georgia,Hall,2664,51,0,34.32207823,-83.81896936,13139.0,1303.0654320806489,1.9144144144144144,2613,2642,50,0,2592,2616,202148,22,1,0,21,26
2020-06-09,US,Georgia,Hancock,200,29,0,33.2721566,-82.99766919,13141.0,2364.9048125812938,14.5,171,199,26,0,173,199,8348,1,3,0,-2,0
2020-06-09,US,Georgia,Haralson,54,4,0,33.79602175,-85.21005667,13143.0,181.25671321160047,7.407407407407407,50,52,4,0,48,52,29533,2,0,0,2,0
2020-06-09,US,Georgia,Harris,143,6,0,32.73709786,-84.90538572,13145.0,405.83494153706437,4.195804195804196,137,130,6,0,124,125,34475,13,0,0,13,5
2020-06-09,US,Georgia,Hart,39,0,0,34.34626973,-82.96567682,13147.0,148.82655981682885,0.0,39,40,0,0,40,39,26099,-1,0,0,-1,1
2020-06-09,US,Georgia,Heard,37,3,0,33.29686567,-85.12886832,13149.0,310.32458273924345,8.108108108108109,34,36,3,0,33,36,11879,1,0,0,1,0
2020-06-09,US,Georgia,Henry,779,22,0,33.4533428,-84.14814659999998,13151.0,332.10977101905263,2.82413350449294,757,767,22,0,745,756,230220,12,0,0,12,11
2020-06-09,US,Georgia,Houston,406,20,0,32.45802497,-83.66879087,13153.0,257.18502752386564,4.9261083743842375,386,402,19,0,383,401,155469,4,1,0,3,1
2020-06-09,US,Georgia,Irwin,34,1,0,31.60213036,-83.27501387,13155.0,361.0875106202209,2.9411764705882355,33,34,1,0,33,34,9398,0,0,0,0,0
2020-06-09,US,Georgia,Jackson,237,7,0,34.13794553,-83.56814788,13157.0,324.7598558449923,2.9535864978902957,230,232,7,0,225,226,70422,5,0,0,5,6
2020-06-09,US,Georgia,Jasper,51,1,0,33.31535543,-83.68844964,13159.0,358.67501230747587,1.96078431372549,50,49,1,0,48,48,14040,2,0,0,2,1
2020-06-09,US,Georgia,Jeff Davis,48,1,0,31.80405727,-82.63724870000001,13161.0,317.5653324512074,2.083333333333333,47,46,1,0,45,46,15029,2,0,0,2,0
2020-06-09,US,Georgia,Jefferson,52,1,0,33.05867328,-82.41609057,13163.0,338.4975914594454,1.9230769230769231,51,51,1,0,50,50,15430,1,0,0,1,1
2020-06-09,US,Georgia,Jenkins,33,2,0,32.79248718,-81.96040187,13165.0,380.35961272475794,6.0606060606060606,31,29,2,0,27,27,8683,4,0,0,4,2
2020-06-09,US,Georgia,Johnson,83,2,0,32.70211082,-82.66166794,13167.0,860.7279892149746,2.409638554216868,81,83,2,0,81,82,9708,0,0,0,0,1
2020-06-09,US,Georgia,Jones,49,0,0,33.02512137,-83.56019163,13169.0,170.5237515225335,0.0,49,49,0,0,49,49,28616,0,0,0,0,0
2020-06-09,US,Georgia,Lamar,76,4,0,33.07841647,-84.14263877,13171.0,398.3854903810872,5.2631578947368425,72,76,3,0,73,76,19000,0,1,0,-1,0
2020-06-09,US,Georgia,Lanier,34,2,0,31.03828570000001,-83.06472457,13173.0,326.20166938501393,5.882352941176472,32,32,2,0,30,32,10340,2,0,0,2,0
2020-06-09,US,Georgia,Laurens,116,1,0,32.46325233,-82.92221316,13175.0,243.97425650948554,0.8620689655172413,115,112,1,0,111,109,47325,4,0,0,4,3
2020-06-09,US,Georgia,Lee,368,22,0,31.779330600000005,-84.14324253,13177.0,1226.9938650306751,5.978260869565218,346,367,22,0,345,366,29764,1,0,0,1,1
2020-06-09,US,Georgia,Liberty,86,1,0,31.82588896,-81.49251135,13179.0,139.98535037031007,1.162790697674419,85,87,1,0,86,87,61497,-1,0,0,-1,0
2020-06-09,US,Georgia,Lincoln,16,1,0,33.79201475,-82.45024131,13181.0,201.99469763918697,6.25,15,16,1,0,15,16,7915,0,0,0,0,0
2020-06-09,US,Georgia,Long,17,1,0,31.75218791,-81.74952375,13183.0,86.91650902397873,5.882352941176472,16,17,1,0,16,16,18998,0,0,0,0,1
2020-06-09,US,Georgia,Lowndes,474,4,0,30.83568832,-83.27056716,13185.0,403.727237108836,0.8438818565400844,470,461,4,0,457,441,116321,13,0,0,13,20
2020-06-09,US,Georgia,Lumpkin,103,1,0,34.57286511,-84.00425681,13187.0,306.4564117822077,0.9708737864077671,102,103,1,0,102,102,32955,0,0,0,0,1
2020-06-09,US,Georgia,Macon,106,7,0,32.35207048,-84.04234127,13193.0,818.7224839731211,6.60377358490566,99,106,7,0,99,106,13143,0,0,0,0,0
2020-06-09,US,Georgia,Madison,66,2,0,34.12920917,-83.21218732,13195.0,220.88353413654616,3.0303030303030303,64,65,1,0,64,65,29650,1,1,0,0,0
2020-06-09,US,Georgia,Marion,59,2,0,32.3483402,-84.52733571,13197.0,705.8260557482953,3.3898305084745757,57,59,2,0,57,59,8351,0,0,0,0,0
2020-06-09,US,Georgia,McDuffie,73,5,0,33.47851918,-82.48252774,13189.0,342.53003003003005,6.849315068493151,68,72,5,0,67,72,21531,1,0,0,1,0
2020-06-09,US,Georgia,McIntosh,15,1,0,31.49683595,-81.40163426,13191.0,104.3260536931423,6.666666666666668,14,15,1,0,14,15,14340,0,0,0,0,0
2020-06-09,US,Georgia,Meriwether,110,2,0,33.04163534,-84.68859732,13199.0,519.6768554825908,1.818181818181818,108,109,2,0,107,106,21068,1,0,0,1,3
2020-06-09,US,Georgia,Miller,43,0,0,31.16568912,-84.73151117,13201.0,752.011192724729,0.0,43,42,0,0,42,42,5686,1,0,0,1,0
2020-06-09,US,Georgia,Mitchell,425,36,0,31.22483255,-84.19381821,13205.0,1943.9235237616065,8.470588235294116,389,419,34,0,385,417,22192,6,2,0,4,2
2020-06-09,US,Georgia,Monroe,124,12,0,33.014289,-83.92097166,13207.0,449.6337660453985,9.677419354838712,112,123,11,0,112,123,27520,1,1,0,0,0
2020-06-09,US,Georgia,Montgomery,14,0,0,32.17201038,-82.53527476,13209.0,152.6384648931531,0.0,14,13,0,0,13,13,9193,1,0,0,1,0
2020-06-09,US,Georgia,Morgan,40,0,0,33.59232073,-83.49129491,13211.0,207.5119319360863,0.0,40,39,0,0,39,39,18853,1,0,0,1,0
2020-06-09,US,Georgia,Murray,114,1,0,34.78897608,-84.74993177,13213.0,284.31763766959295,0.8771929824561403,113,110,1,0,109,109,39921,4,0,0,4,1
2020-06-09,US,Georgia,Muscogee,868,22,0,32.50931999,-84.87142262,13215.0,443.37969750062575,2.5345622119815667,846,808,22,0,786,776,194160,60,0,0,60,32
2020-06-09,US,Georgia,Newton,396,11,0,33.55514538,-83.84547140000002,13217.0,354.3814432989691,2.7777777777777777,385,395,10,0,385,389,109541,1,1,0,0,6
2020-06-09,US,Georgia,Oconee,127,9,0,33.83749973,-83.43679568,13219.0,315.2929493545184,7.086614173228346,118,125,9,0,116,123,39272,2,0,0,2,2
2020-06-09,US,Georgia,Oglethorpe,70,7,0,33.878629600000004,-83.08278123,13221.0,458.74565830001967,10.0,63,67,7,0,60,66,15054,3,0,0,3,1
2020-06-09,US,Georgia,Out of GA,2480,35,0,0.0,0.0,80013.0,0.0,1.4112903225806452,2445,2502,32,0,2470,2527,,-22,3,0,-25,-25
2020-06-09,US,Georgia,Paulding,371,13,0,33.91969522,-84.86848792,13223.0,219.96003960466481,3.5040431266846364,358,354,13,0,341,352,164044,17,0,0,17,2
2020-06-09,US,Georgia,Peach,80,7,0,32.56934316,-83.82937,13225.0,290.42329194801425,8.75,73,78,6,0,72,78,27297,2,1,0,1,0
2020-06-09,US,Georgia,Pickens,53,4,0,34.46589159,-84.46406611,13227.0,162.62158264551564,7.547169811320754,49,52,4,0,48,52,31980,1,0,0,1,0
2020-06-09,US,Georgia,Pierce,121,4,0,31.35928155,-82.21598442,13229.0,621.6285640893913,3.3057851239669422,117,119,4,0,115,117,19389,2,0,0,2,2
2020-06-09,US,Georgia,Pike,64,3,0,33.09310242,-84.38790389,13231.0,337.5171395422424,4.6875,61,62,3,0,59,61,18634,2,0,0,2,1
2020-06-09,US,Georgia,Polk,152,1,0,34.00267074,-85.18677781,13233.0,356.6986600333232,0.6578947368421053,151,145,1,0,144,140,42470,7,0,0,7,5
2020-06-09,US,Georgia,Pulaski,46,2,0,32.23334561,-83.47549959999998,13235.0,413.0376223399479,4.3478260869565215,44,45,2,0,43,43,11069,1,0,0,1,2
2020-06-09,US,Georgia,Putnam,103,10,0,33.32056115,-83.37552891,13237.0,465.6630046566301,9.70873786407767,93,100,9,0,91,100,21809,3,1,0,2,0
2020-06-09,US,Georgia,Quitman,14,1,0,31.86728114,-85.01773177,13239.0,608.9604175728578,7.142857142857142,13,14,1,0,13,14,2279,0,0,0,0,0
2020-06-09,US,Georgia,Rabun,27,1,0,34.88389445,-83.40304637,13241.0,157.5538308922215,3.703703703703704,26,26,1,0,25,26,16867,1,0,0,1,0
2020-06-09,US,Georgia,Randolph,187,20,0,31.76622818,-84.75732369,13243.0,2758.925936854529,10.695187165775401,167,183,19,0,164,183,6833,4,1,0,3,0
2020-06-09,US,Georgia,Richmond,652,34,0,33.35777107,-82.07026432,13245.0,321.9466911583168,5.214723926380368,618,645,32,0,613,627,201554,7,2,0,5,18
2020-06-09,US,Georgia,Rockdale,320,8,0,33.65145002,-84.02202167,13247.0,352.0506953001232,2.5,312,314,8,0,306,308,90594,6,0,0,6,6
2020-06-09,US,Georgia,Schley,18,1,0,32.2654021,-84.31258912,13249.0,342.4006087121933,5.5555555555555545,17,18,1,0,17,18,5236,0,0,0,0,0
2020-06-09,US,Georgia,Screven,59,3,0,32.74976524,-81.60779441,13251.0,422.45453243591584,5.084745762711863,56,58,3,0,55,57,13938,1,0,0,1,1
2020-06-09,US,Georgia,Seminole,47,2,0,30.93464824,-84.86823924,13253.0,580.964153275649,4.25531914893617,45,46,2,0,44,46,8315,1,0,0,1,0
2020-06-09,US,Georgia,Spalding,301,22,0,33.26310031,-84.28013991,13255.0,451.2540665337391,7.308970099667773,279,296,21,0,275,294,66100,5,1,0,4,2
2020-06-09,US,Georgia,Stephens,147,3,0,34.55151201,-83.29405315,13257.0,567.0202507232401,2.0408163265306123,144,145,3,0,142,144,26035,2,0,0,2,1
2020-06-09,US,Georgia,Stewart,58,1,0,32.07996777,-84.83208037,13259.0,876.0006041383476,1.7241379310344829,57,57,1,0,56,57,6199,1,0,0,1,0
2020-06-09,US,Georgia,Sumter,498,48,0,32.03650571,-84.19821492,13261.0,1686.7633112044439,9.63855421686747,450,496,46,0,450,494,29733,2,2,0,0,2
2020-06-09,US,Georgia,Talbot,43,2,0,32.69642758,-84.53351366,13263.0,694.1081517352702,4.651162790697675,41,41,2,0,39,41,6272,2,0,0,2,0
2020-06-09,US,Georgia,Taliaferro,1,0,0,33.56543317,-82.88136816,13265.0,65.06180871828235,0.0,1,1,0,0,1,1,1608,0,0,0,0,0
2020-06-09,US,Georgia,Tattnall,34,0,0,32.04785085,-82.05539188,13267.0,134.46175749426558,0.0,34,32,0,0,32,30,25391,2,0,0,2,2
2020-06-09,US,Georgia,Taylor,23,2,0,32.55792548,-84.25077141,13269.0,286.78304239401496,8.695652173913043,21,23,2,0,21,23,8039,0,0,0,0,0
2020-06-09,US,Georgia,Telfair,39,1,0,31.92829517,-82.93491155,13271.0,245.90163934426232,2.5641025641025643,38,38,1,0,37,38,15876,1,0,0,1,0
2020-06-09,US,Georgia,Terrell,217,26,0,31.77527543,-84.44069698,13273.0,2543.664283202438,11.981566820276498,191,217,26,0,191,217,8611,0,0,0,0,0
2020-06-09,US,Georgia,Thomas,357,33,0,30.86392347,-83.91847289,13275.0,803.1315380981305,9.243697478991596,324,357,33,0,324,353,44448,0,0,0,0,4
2020-06-09,US,Georgia,Tift,327,22,0,31.45743864,-83.5236119,13277.0,804.5467965751402,6.72782874617737,305,320,20,0,300,312,40571,7,2,0,5,8
2020-06-09,US,Georgia,Toombs,77,4,0,32.12059861,-82.32957247,13279.0,286.992172940738,5.194805194805196,73,68,4,0,64,65,26887,9,0,0,9,3
2020-06-09,US,Georgia,Towns,30,1,0,34.91369188,-83.74107459999998,13281.0,249.2315360970341,3.333333333333333,29,30,1,0,29,30,11852,0,0,0,0,0
2020-06-09,US,Georgia,Treutlen,14,0,0,32.40422134,-82.56904553,13283.0,202.86914939863792,0.0,14,14,0,0,14,14,6809,0,0,0,0,0
2020-06-09,US,Georgia,Troup,476,11,0,33.03349196,-85.02812115,13285.0,680.7585595377708,2.310924369747899,465,446,11,0,435,426,70034,30,0,0,30,20
2020-06-09,US,Georgia,Turner,141,13,0,31.71612656,-83.62069378,13287.0,1765.8108954289291,9.21985815602837,128,140,13,0,127,139,7912,1,0,0,1,1
2020-06-09,US,Georgia,Twiggs,19,1,0,32.67435595,-83.43078662,13289.0,233.99014778325127,5.2631578947368425,18,19,1,0,18,18,8188,0,0,0,0,1
2020-06-09,US,Georgia,Unassigned,1291,1,0,0.0,0.0,90013.0,0.0,0.07745933384972889,1290,1322,2,0,1320,1403,,-31,-1,0,-30,-81
2020-06-09,US,Georgia,Union,50,1,0,34.82995757,-83.98967069,13291.0,203.99004528579002,2.0,49,49,1,0,48,49,24001,1,0,0,1,0
2020-06-09,US,Georgia,Upson,290,36,0,32.87920671,-84.30024826,13293.0,1101.8237082066871,12.413793103448276,254,290,35,0,255,290,26215,0,1,0,-1,0
2020-06-09,US,Georgia,Walker,203,0,0,34.73376362,-85.30165174,13295.0,290.99353506973813,0.0,203,195,0,0,195,194,69410,8,0,0,8,1
2020-06-09,US,Georgia,Walton,307,20,0,33.78017694,-83.73552314,13297.0,324.548328100388,6.514657980456027,287,303,16,0,287,299,93503,4,4,0,0,4
2020-06-09,US,Georgia,Ware,252,14,0,31.05449097,-82.42224148,13299.0,705.2107236805283,5.5555555555555545,238,249,14,0,235,248,35680,3,0,0,3,1
2020-06-09,US,Georgia,Warren,18,0,0,33.41146451,-82.67795848,13301.0,342.59611724400463,0.0,18,18,0,0,18,18,5251,0,0,0,0,0
2020-06-09,US,Georgia,Washington,75,1,0,32.96711864,-82.79357039,13303.0,368.11622656326693,1.3333333333333333,74,75,1,0,74,74,20386,0,0,0,0,1
2020-06-09,US,Georgia,Wayne,30,0,0,31.5521809,-81.91894878,13305.0,100.24392688876266,0.0,30,26,0,0,26,25,29808,4,0,0,4,1
2020-06-09,US,Georgia,Webster,14,1,0,32.04066113,-84.54742852,13307.0,537.0157268891446,7.142857142857142,13,14,1,0,13,14,2611,0,0,0,0,0
2020-06-09,US,Georgia,Wheeler,14,0,0,32.12009104,-82.72574721,13309.0,178.2304264799491,0.0,14,14,0,0,14,14,7879,0,0,0,0,0
2020-06-09,US,Georgia,White,117,3,0,34.64624278,-83.74905525,13311.0,379.89479836353013,2.5641025641025643,114,114,3,0,111,113,29970,3,0,0,3,1
2020-06-09,US,Georgia,Whitfield,509,9,0,34.80987459,-84.96093476,13313.0,486.4854532247582,1.7681728880157166,500,504,9,0,495,494,104062,5,0,0,5,10
2020-06-09,US,Georgia,Wilcox,117,14,0,31.97496928,-83.43438555,13315.0,1354.950781702374,11.965811965811966,103,117,14,0,103,117,8812,0,0,0,0,0
2020-06-09,US,Georgia,Wilkes,34,1,0,33.78290391,-82.74286107,13317.0,347.75493505165184,2.9411764705882355,33,34,1,0,33,34,9876,0,0,0,0,0
2020-06-09,US,Georgia,Wilkinson,72,7,0,32.80291082,-83.17140684,13319.0,804.1098950189861,9.722222222222221,65,71,7,0,64,71,9036,1,0,0,1,0
2020-06-09,US,Georgia,Worth,243,21,0,31.55162306,-83.85090513,13321.0,1200.1778041191287,8.641975308641975,222,240,21,0,219,235,20299,3,0,0,3,5
2020-06-09,US,Hawaii,Hawaii,81,0,0,19.60121157,-155.5210167,15001.0,40.195917881228496,0.0,81,81,0,0,81,81,200983,0,0,0,0,0
2020-06-09,US,Hawaii,Honolulu,448,11,0,21.45803166,-157.97121819999995,15003.0,45.969321634414605,2.455357142857143,437,442,11,0,431,441,980080,6,0,0,6,1
2020-06-09,US,Hawaii,Kauai,21,0,0,22.03935037,-159.5966786,15007.0,29.04845559044444,0.0,21,21,0,0,21,21,72133,0,0,0,0,0
2020-06-09,US,Hawaii,Maui,120,6,0,20.86399628,-156.56890969999995,15009.0,71.67730875598058,5.0,114,120,6,0,114,120,167207,0,0,0,0,0
2020-06-09,US,Hawaii,Out of HI,12,0,0,0.0,0.0,80015.0,0.0,0.0,12,12,0,0,12,12,,0,0,0,0,0
2020-06-09,US,Idaho,Ada,848,22,0,43.4526575,-116.24155159999998,16001.0,176.08448733043042,2.5943396226415096,826,844,22,0,822,838,469966,4,0,0,4,6
2020-06-09,US,Idaho,Adams,3,0,0,44.89333571,-116.4545247,16003.0,69.86492780624127,0.0,3,3,0,0,3,3,4250,0,0,0,0,0
2020-06-09,US,Idaho,Bannock,49,1,0,42.67002716,-112.2233311,16005.0,55.80357142857143,2.0408163265306123,48,49,1,0,48,47,87138,0,0,0,0,2
2020-06-09,US,Idaho,Benewah,18,0,0,47.21754179,-116.6586851,16009.0,193.59001935900196,0.0,18,18,0,0,18,18,9226,0,0,0,0,0
2020-06-09,US,Idaho,Bingham,23,0,0,43.21672879999999,-112.3978437,16011.0,49.13375061417189,0.0,23,22,0,0,22,20,46236,1,0,0,1,2
2020-06-09,US,Idaho,Blaine,514,5,0,43.4085812,-113.9752658,16013.0,2232.7440163329134,0.9727626459143968,509,514,5,0,509,514,22601,0,0,0,0,0
2020-06-09,US,Idaho,Bonner,7,0,0,48.29996017,-116.6017932,16017.0,15.304226152736176,0.0,7,6,0,0,6,6,44727,1,0,0,1,0
2020-06-09,US,Idaho,Bonneville,68,0,0,43.38713372,-111.6161537,16019.0,57.113100737430926,0.0,68,64,0,0,64,60,116854,4,0,0,4,4
2020-06-09,US,Idaho,Camas,1,0,0,43.46665742,-114.8065892,16025.0,90.41591320072331,0.0,1,1,0,0,1,1,1127,0,0,0,0,0
2020-06-09,US,Idaho,Canyon,345,6,0,43.61970148,-116.7095499,16027.0,150.09854295646272,1.7391304347826086,339,345,6,0,339,340,223499,0,0,0,0,5
2020-06-09,US,Idaho,Caribou,3,0,0,42.77149116,-111.5597683,16029.0,41.9287211740042,0.0,3,3,0,0,3,3,7060,0,0,0,0,0
2020-06-09,US,Idaho,Cassia,118,1,0,42.28347888,-113.6012409,16031.0,491.0528506034124,0.8474576271186439,117,117,1,0,116,112,23864,1,0,0,1,5
2020-06-09,US,Idaho,Custer,2,0,0,44.24186819,-114.2855494,16037.0,46.349942062572424,0.0,2,2,0,0,2,2,4280,0,0,0,0,0
2020-06-09,US,Idaho,Elmore,33,2,0,43.3507101,-115.4701578,16039.0,119.95201919232305,6.0606060606060606,31,32,2,0,30,32,27259,1,0,0,1,0
2020-06-09,US,Idaho,Franklin,9,0,0,42.18332217,-111.8149666,16041.0,64.86019025655807,0.0,9,9,0,0,9,9,13726,0,0,0,0,0
2020-06-09,US,Idaho,Fremont,4,0,0,44.22800938,-111.4809943,16043.0,30.536682189480114,0.0,4,4,0,0,4,4,13168,0,0,0,0,0
2020-06-09,US,Idaho,Gem,17,0,0,44.06482372,-116.398376,16045.0,93.86042402826857,0.0,17,17,0,0,17,17,17634,0,0,0,0,0
2020-06-09,US,Idaho,Gooding,57,0,0,42.96927962,-114.8108306,16047.0,375.51880888069036,0.0,57,57,0,0,57,56,15196,0,0,0,0,1
2020-06-09,US,Idaho,Idaho,3,0,0,45.84721541,-115.4634436,16049.0,17.999640007199854,0.0,3,3,0,0,3,3,16513,0,0,0,0,0
2020-06-09,US,Idaho,Jefferson,9,0,0,43.82078483,-112.3131749,16051.0,30.12955709551069,0.0,9,9,0,0,9,9,29439,0,0,0,0,0
2020-06-09,US,Idaho,Jerome,201,2,0,42.68891267,-114.2655033,16053.0,823.3655579223332,0.9950248756218906,199,198,2,0,196,194,24015,3,0,0,3,4
2020-06-09,US,Idaho,Kootenai,91,0,0,47.67282258,-116.7020872,16055.0,54.919521777702684,0.0,91,85,0,0,85,82,161505,6,0,0,6,3
2020-06-09,US,Idaho,Latah,7,0,0,46.81587887,-116.7113698,16057.0,17.452877231475018,0.0,7,7,0,0,7,7,40134,0,0,0,0,0
2020-06-09,US,Idaho,Lemhi,1,0,0,44.9438088,-113.9309747,16059.0,12.457954403886884,0.0,1,1,0,0,1,1,7961,0,0,0,0,0
2020-06-09,US,Idaho,Lincoln,34,0,0,43.0012336,-114.1358773,16063.0,633.619083115915,0.0,34,34,0,0,34,34,5360,0,0,0,0,0
2020-06-09,US,Idaho,Madison,27,0,0,43.78141028,-111.65384740000002,16065.0,67.65730323000977,0.0,27,27,0,0,27,27,39304,0,0,0,0,0
2020-06-09,US,Idaho,Minidoka,80,0,0,42.85518524,-113.6357257,16067.0,380.2462094205998,0.0,80,78,0,0,78,72,20825,2,0,0,2,6
2020-06-09,US,Idaho,Nez Perce,83,19,0,46.32638236,-116.7500975,16069.0,205.4048703227084,22.891566265060238,64,83,19,0,64,83,40408,0,0,0,0,0
2020-06-09,US,Idaho,Owyhee,8,0,0,42.58016894,-116.1693871,16073.0,67.66472130592912,0.0,8,8,0,0,8,8,11693,0,0,0,0,0
2020-06-09,US,Idaho,Payette,26,2,0,44.00545243,-116.7647695,16075.0,108.55496638971232,7.6923076923076925,24,26,2,0,24,26,23551,0,0,0,0,0
2020-06-09,US,Idaho,Power,9,0,0,42.69254894,-112.83957420000002,16077.0,117.17224319750031,0.0,9,7,0,0,7,7,7768,2,0,0,2,0
2020-06-09,US,Idaho,Teton,11,0,0,43.75303583,-111.2056773,16081.0,90.59463020919122,0.0,11,11,0,0,11,11,11640,0,0,0,0,0
2020-06-09,US,Idaho,Twin Falls,463,25,0,42.35440512,-114.6685381,16083.0,532.931236906927,5.3995680345572366,438,456,23,0,433,445,86081,7,2,0,5,11
2020-06-09,US,Idaho,Valley,3,0,0,44.76728382,-115.5676773,16085.0,26.33426966292135,0.0,3,3,0,0,3,2,11041,0,0,0,0,1
2020-06-09,US,Idaho,Washington,46,0,0,44.45275475,-116.7847688,16087.0,451.2458308809103,0.0,46,46,0,0,46,46,10161,0,0,0,0,0
2020-06-09,US,Illinois,Adams,45,1,0,39.98815591,-91.18786813,17001.0,68.77053564606098,2.2222222222222223,44,45,1,0,44,46,65691,0,0,0,0,-1
2020-06-09,US,Illinois,Alexander,15,0,0,37.18049267,-89.32910838,17003.0,260.37146328762367,0.0,15,15,0,0,15,16,6060,0,0,0,0,-1
2020-06-09,US,Illinois,Bond,12,1,0,38.88829622,-89.43534887,17005.0,73.0549129428954,8.333333333333334,11,12,1,0,11,12,16630,0,0,0,0,0
2020-06-09,US,Illinois,Boone,507,18,0,42.32359279,-88.82345779,17007.0,946.8848050201705,3.5502958579881656,489,506,18,0,488,504,53577,1,0,0,1,2
2020-06-09,US,Illinois,Brown,10,0,0,39.96209138,-90.75068024,17009.0,152.02189115232594,0.0,10,10,0,0,10,10,6556,0,0,0,0,0
2020-06-09,US,Illinois,Bureau,21,1,0,41.40385234,-89.5283051,17011.0,64.36189775652814,4.761904761904762,20,21,1,0,20,21,32993,0,0,0,0,0
2020-06-09,US,Illinois,Calhoun,1,0,0,39.16840183,-90.66330078,17013.0,21.101498206372653,0.0,1,1,0,0,1,1,4802,0,0,0,0,0
2020-06-09,US,Illinois,Carroll,19,2,0,42.06823429,-89.93395545,17015.0,132.82069206571128,10.526315789473683,17,18,2,0,16,17,14312,1,0,0,1,1
2020-06-09,US,Illinois,Cass,74,0,0,39.96991073,-90.24734436,17017.0,609.2039186630443,0.0,74,74,0,0,74,73,12260,0,0,0,0,1
2020-06-09,US,Illinois,Champaign,695,8,0,40.13919438,-88.20046615,17019.0,331.4432325968458,1.1510791366906474,687,691,8,0,683,685,209983,4,0,0,4,6
2020-06-09,US,Illinois,Christian,35,4,0,39.54581621,-89.27780482,17021.0,108.34571570084199,11.428571428571427,31,35,4,0,31,35,32661,0,0,0,0,0
2020-06-09,US,Illinois,Clark,12,0,0,39.33425789,-87.78705622,17023.0,77.71517388770155,0.0,12,12,0,0,12,11,15596,0,0,0,0,1
2020-06-09,US,Illinois,Clay,2,0,0,38.75388572,-88.48914513,17025.0,15.169902912621357,0.0,2,2,0,0,2,2,13253,0,0,0,0,0
2020-06-09,US,Illinois,Clinton,196,17,0,38.60704876,-89.42385254,17027.0,521.8039508013418,8.673469387755103,179,193,17,0,176,193,37639,3,0,0,3,0
2020-06-09,US,Illinois,Coles,140,17,0,39.51949084,-88.22358557,17029.0,276.56506193081924,12.142857142857142,123,139,17,0,122,139,50885,1,0,0,1,0
2020-06-09,US,Illinois,Cook,83271,4010,0,41.84144849,-87.81658794,17031.0,1616.839471146257,4.81560207034862,79261,82819,3959,0,78860,82427,5180493,452,51,0,401,392
2020-06-09,US,Illinois,Crawford,11,0,0,39.0032229,-87.75954624,17033.0,58.92751915144373,0.0,11,11,0,0,11,11,18807,0,0,0,0,0
2020-06-09,US,Illinois,Cumberland,10,0,0,39.27432424,-88.2401158,17035.0,92.88500835965077,0.0,10,10,0,0,10,10,10808,0,0,0,0,0
2020-06-09,US,Illinois,De Witt,4,0,0,40.17514519,-88.90959682,17039.0,25.57871850620284,0.0,4,4,0,0,4,4,15769,0,0,0,0,0
2020-06-09,US,Illinois,DeKalb,457,11,0,41.89373302,-88.76958483,17037.0,435.6654623106477,2.4070021881838075,446,456,9,0,447,457,104143,1,2,0,-1,-1
2020-06-09,US,Illinois,Douglas,29,0,0,39.76768052,-88.21854195,17041.0,148.9853583354739,0.0,29,29,0,0,29,28,19479,0,0,0,0,1
2020-06-09,US,Illinois,DuPage,8215,411,0,41.85116968,-88.08642662,17043.0,890.1086875258012,5.003043213633597,7804,8157,406,0,7751,8111,928589,58,5,0,53,46
2020-06-09,US,Illinois,Edgar,1,0,0,39.6809186,-87.74759563,17045.0,5.827166249053086,0.0,1,1,0,0,1,1,17360,0,0,0,0,0
2020-06-09,US,Illinois,Edwards,2,0,0,38.41353228,-88.05720863,17047.0,31.27443315089914,0.0,2,2,0,0,2,2,6392,0,0,0,0,0
2020-06-09,US,Illinois,Effingham,8,1,0,39.05935711,-88.58969584,17049.0,23.523876734885913,12.5,7,8,1,0,7,8,34208,0,0,0,0,0
2020-06-09,US,Illinois,Fayette,21,3,0,39.00072038,-89.02452658,17051.0,98.42519685039369,14.285714285714285,18,21,3,0,18,21,21416,0,0,0,0,0
2020-06-09,US,Illinois,Ford,21,1,0,40.59706922,-88.22350769,17053.0,162.02453514389322,4.761904761904762,20,21,1,0,20,21,13264,0,0,0,0,0
2020-06-09,US,Illinois,Franklin,12,0,0,37.99189086,-88.92567818,17055.0,31.19394837401544,0.0,12,12,0,0,12,12,38701,0,0,0,0,0
2020-06-09,US,Illinois,Fulton,12,0,0,40.47289135,-90.20862357,17057.0,34.944670937682005,0.0,12,12,0,0,12,12,34844,0,0,0,0,0
2020-06-09,US,Illinois,Gallatin,2,0,0,37.76430935,-88.22953869,17059.0,41.42502071251035,0.0,2,2,0,0,2,2,5058,0,0,0,0,0
2020-06-09,US,Illinois,Greene,7,0,0,39.35907414,-90.388865,17061.0,53.974863135168476,0.0,7,6,0,0,6,6,13044,1,0,0,1,0
2020-06-09,US,Illinois,Grundy,124,2,0,41.28569601,-88.41905692,17063.0,242.88008775022527,1.6129032258064515,122,124,2,0,122,114,50972,0,0,0,0,10
2020-06-09,US,Illinois,Hamilton,2,0,0,38.08163641,-88.53883373,17065.0,24.64268112370626,0.0,2,2,0,0,2,2,8163,0,0,0,0,0
2020-06-09,US,Illinois,Hancock,18,1,0,40.40423981,-91.16313899,17067.0,101.6489722159476,5.5555555555555545,17,18,1,0,17,17,17844,0,0,0,0,1
2020-06-09,US,Illinois,Hardin,1,0,0,37.51810645,-88.26873022,17069.0,26.17115938236064,0.0,1,1,0,0,1,1,3910,0,0,0,0,0
2020-06-09,US,Illinois,Henderson,8,0,0,40.81908672,-90.92491462,17071.0,120.37315678603672,0.0,8,8,0,0,8,8,6709,0,0,0,0,0
2020-06-09,US,Illinois,Henry,71,0,0,41.3533994,-90.13296166,17073.0,145.1556845828307,0.0,71,71,0,0,71,70,49090,0,0,0,0,1
2020-06-09,US,Illinois,Iroquois,137,5,0,40.74717633,-87.82466784,17075.0,505.27402817732536,3.6496350364963503,132,136,5,0,131,135,27604,1,0,0,1,1
2020-06-09,US,Illinois,Jackson,304,11,0,37.78595185,-89.38232563,17077.0,535.6828193832599,3.6184210526315783,293,301,11,0,290,301,57419,3,0,0,3,0
2020-06-09,US,Illinois,Jasper,46,7,0,39.01054275,-88.15437049,17079.0,478.6680541103018,15.217391304347824,39,46,7,0,39,46,9611,0,0,0,0,0
2020-06-09,US,Illinois,Jefferson,101,16,0,38.29980057,-88.9240025,17081.0,268.0182570852351,15.84158415841584,85,101,16,0,85,101,37820,0,0,0,0,0
2020-06-09,US,Illinois,Jersey,26,1,0,39.08869046,-90.35393073,17083.0,119.41395306113077,3.8461538461538463,25,25,1,0,24,26,21847,1,0,0,1,-1
2020-06-09,US,Illinois,Jo Daviess,33,1,0,42.36542373,-90.21094405,17085.0,155.40381445726396,3.0303030303030303,32,34,1,0,33,33,21366,-1,0,0,-1,1
2020-06-09,US,Illinois,Johnson,13,0,0,37.45939802,-88.88165419,17087.0,104.69517596843036,0.0,13,12,0,0,12,12,12456,1,0,0,1,0
2020-06-09,US,Illinois,Kane,6897,214,0,41.93842729,-88.42861412,17089.0,1295.447245789374,3.1027983181093233,6683,6850,210,0,6640,6787,534216,47,4,0,43,63
2020-06-09,US,Illinois,Kankakee,1019,55,0,41.13746989,-87.86205334,17091.0,927.5272614734848,5.397448478900883,964,1004,54,0,950,1001,110024,15,1,0,14,3
2020-06-09,US,Illinois,Kendall,853,19,0,41.59081014,-88.42869583,17093.0,661.2915729901542,2.2274325908558037,834,850,19,0,831,846,127915,3,0,0,3,4
2020-06-09,US,Illinois,Knox,105,0,0,40.93148779,-90.21330340000002,17095.0,211.27185657659112,0.0,105,105,0,0,105,104,50112,0,0,0,0,1
2020-06-09,US,Illinois,LaSalle,168,16,0,41.34426129999999,-88.88633881,17099.0,154.59790740689618,9.523809523809524,152,166,16,0,150,164,109430,2,0,0,2,2
2020-06-09,US,Illinois,Lake,8861,356,0,42.3224907,-88.00367925,17097.0,1272.1543066751854,4.017605236429297,8505,8808,345,0,8463,8768,700832,53,11,0,42,40
2020-06-09,US,Illinois,Lawrence,4,0,0,38.71987914,-87.72884035,17101.0,25.513458349279247,0.0,4,4,0,0,4,4,15765,0,0,0,0,0
2020-06-09,US,Illinois,Lee,89,1,0,41.74583951,-89.29977132,17103.0,261.0276865321445,1.1235955056179776,88,89,1,0,88,89,34223,0,0,0,0,0
2020-06-09,US,Illinois,Livingston,36,2,0,40.89188292,-88.55784752,17105.0,100.98743267504489,5.5555555555555545,34,36,2,0,34,36,35761,0,0,0,0,0
2020-06-09,US,Illinois,Logan,10,0,0,40.12581572,-89.36638784,17107.0,34.94304284017052,0.0,10,10,0,0,10,10,28925,0,0,0,0,0
2020-06-09,US,Illinois,Macon,203,21,0,39.86064913,-88.96342505,17115.0,195.1754175119461,10.344827586206897,182,203,21,0,182,202,104712,0,0,0,0,1
2020-06-09,US,Illinois,Macoupin,46,2,0,39.26119767,-89.92424028,17117.0,102.39059787205628,4.3478260869565215,44,46,2,0,44,46,45313,0,0,0,0,0
2020-06-09,US,Illinois,Madison,647,65,0,38.83042506,-89.90422563,17119.0,246.0394119391861,10.046367851622877,582,642,65,0,577,639,264461,5,0,0,5,3
2020-06-09,US,Illinois,Marion,55,0,0,38.64963204,-88.91899208,17121.0,147.82959279666713,0.0,55,55,0,0,55,55,37620,0,0,0,0,0
2020-06-09,US,Illinois,Marshall,5,0,0,41.0327901,-89.34510444,17123.0,43.7139360027977,0.0,5,5,0,0,5,5,11534,0,0,0,0,0
2020-06-09,US,Illinois,Mason,18,0,0,40.23917274,-89.91824452,17125.0,134.74062429822592,0.0,18,18,0,0,18,18,13565,0,0,0,0,0
2020-06-09,US,Illinois,Massac,7,0,0,37.22078441,-88.71036614,17127.0,50.827766482718566,0.0,7,7,0,0,7,7,14080,0,0,0,0,0
2020-06-09,US,Illinois,McDonough,92,15,0,40.45674722,-90.67775541,17109.0,309.95215955798125,16.304347826086953,77,92,13,0,79,92,29955,0,2,0,-2,0
2020-06-09,US,Illinois,McHenry,1752,84,0,42.32451172,-88.45248227,17111.0,569.2488644264947,4.794520547945205,1668,1733,83,0,1650,1724,308570,19,1,0,18,9
2020-06-09,US,Illinois,McLean,230,13,0,40.48996987,-88.84621113,17113.0,134.0974947089793,5.652173913043479,217,228,13,0,215,226,172828,2,0,0,2,2
2020-06-09,US,Illinois,Menard,22,0,0,40.02742725,-89.80246001,17129.0,180.38701213512627,0.0,22,22,0,0,22,22,12288,0,0,0,0,0
2020-06-09,US,Illinois,Mercer,18,0,0,41.20596782,-90.74290052,17131.0,116.60296689771327,0.0,18,18,0,0,18,18,15601,0,0,0,0,0
2020-06-09,US,Illinois,Monroe,105,12,0,38.27594376,-90.17761038,17133.0,303.1440367237348,11.428571428571427,93,104,12,0,92,101,34335,1,0,0,1,3
2020-06-09,US,Illinois,Montgomery,41,1,0,39.23198845,-89.47809254,17135.0,144.29506581262757,2.4390243902439024,40,41,1,0,40,41,28601,0,0,0,0,0
2020-06-09,US,Illinois,Morgan,55,1,0,39.71654544,-90.20255104,17137.0,163.40840216293302,1.818181818181818,54,47,1,0,46,47,33976,8,0,0,8,0
2020-06-09,US,Illinois,Moultrie,13,0,0,39.64187451,-88.62099969,17139.0,89.64898972484656,0.0,13,13,0,0,13,12,14717,0,0,0,0,1
2020-06-09,US,Illinois,Ogle,224,4,0,42.04165196,-89.32184679,17141.0,442.31186936002996,1.7857142857142858,220,223,3,0,220,221,50923,1,1,0,0,2
2020-06-09,US,Illinois,Out of IL,118,1,0,0.0,0.0,80017.0,0.0,0.8474576271186439,117,114,1,0,113,113,,4,0,0,4,1
2020-06-09,US,Illinois,Peoria,328,13,0,40.78702156,-89.76078901,17143.0,183.05716629738976,3.963414634146341,315,324,11,0,313,314,180621,4,2,0,2,10
2020-06-09,US,Illinois,Perry,42,0,0,38.08510853,-89.36856219,17145.0,200.8032128514056,0.0,42,42,0,0,42,42,21174,0,0,0,0,0
2020-06-09,US,Illinois,Piatt,11,0,0,40.01360584,-88.59319339,17147.0,67.30298580518844,0.0,11,12,0,0,12,12,16396,-1,0,0,-1,0
2020-06-09,US,Illinois,Pike,1,0,0,39.62265059,-90.8877017,17149.0,6.426322215795901,0.0,1,1,0,0,1,1,15611,0,0,0,0,0
2020-06-09,US,Illinois,Pope,1,0,0,37.41391284,-88.56152109,17151.0,23.94062724443381,0.0,1,1,0,0,1,1,4212,0,0,0,0,0
2020-06-09,US,Illinois,Pulaski,60,0,0,37.22631423,-89.13085001,17153.0,1124.6485473289597,0.0,60,61,0,0,61,61,5463,-1,0,0,-1,0
2020-06-09,US,Illinois,Putnam,1,0,0,41.2013541,-89.2869272,17155.0,17.424638438752392,0.0,1,1,0,0,1,1,5740,0,0,0,0,0
2020-06-09,US,Illinois,Randolph,276,5,0,38.05095369,-89.82512254,17157.0,868.4160845761752,1.8115942028985508,271,276,4,0,272,274,32106,0,1,0,-1,2
2020-06-09,US,Illinois,Richland,4,0,0,38.71240969,-88.08475366,17159.0,25.78482563011668,0.0,4,4,0,0,4,4,15763,0,0,0,0,0
2020-06-09,US,Illinois,Rock Island,717,26,0,41.46613806,-90.57042164,17161.0,505.3602012982893,3.626220362622037,691,717,25,0,692,715,143477,0,1,0,-1,2
2020-06-09,US,Illinois,Saline,7,0,0,37.75332999,-88.54119706,17165.0,29.798646290068536,0.0,7,7,0,0,7,7,23906,0,0,0,0,0
2020-06-09,US,Illinois,Sangamon,366,31,0,39.75836914,-89.65872023,17167.0,188.00854771102158,8.469945355191259,335,364,31,0,333,363,195348,2,0,0,2,1
2020-06-09,US,Illinois,Schuyler,13,0,0,40.1571798,-90.61114163,17169.0,192.08037825059105,0.0,13,13,0,0,13,13,6907,0,0,0,0,0
2020-06-09,US,Illinois,Shelby,16,1,0,39.39133527,-88.80611122,17173.0,73.95765924008505,6.25,15,16,1,0,15,16,21741,0,0,0,0,0
2020-06-09,US,Illinois,St. Clair,1340,98,0,38.46996033,-89.93063427,17163.0,516.0077940281725,7.313432835820897,1242,1319,95,0,1224,1314,261059,21,3,0,18,5
2020-06-09,US,Illinois,Stark,3,0,0,41.09309773,-89.79745866,17175.0,56.15874204417821,0.0,3,3,0,0,3,3,5427,0,0,0,0,0
2020-06-09,US,Illinois,Stephenson,220,5,0,42.35129217,-89.662598,17177.0,494.4042428873208,2.272727272727273,215,219,5,0,214,216,44753,1,0,0,1,3
2020-06-09,US,Illinois,Tazewell,82,6,0,40.50716185,-89.51404662,17179.0,62.2140618954045,7.317073170731707,76,81,6,0,75,81,132328,1,0,0,1,0
2020-06-09,US,Illinois,Unassigned,76,0,0,0.0,0.0,90017.0,0.0,0.0,76,67,0,0,67,87,,9,0,0,9,-20
2020-06-09,US,Illinois,Union,170,14,0,37.47119609,-89.25548938,17181.0,1020.837086410857,8.235294117647058,156,170,14,0,156,170,16841,0,0,0,0,0
2020-06-09,US,Illinois,Vermilion,43,1,0,40.18417171,-87.73384359,17183.0,56.75968214577997,2.3255813953488373,42,42,1,0,41,42,76806,1,0,0,1,0
2020-06-09,US,Illinois,Wabash,12,0,0,38.44272901,-87.84922065,17185.0,104.16666666666669,0.0,12,12,0,0,12,12,11549,0,0,0,0,0
2020-06-09,US,Illinois,Warren,127,0,0,40.84925021,-90.6147432,17187.0,753.9776775112799,0.0,127,127,0,0,127,126,17032,0,0,0,0,1
2020-06-09,US,Illinois,Washington,19,0,0,38.35309213,-89.40982703,17189.0,136.81860733059696,0.0,19,20,0,0,20,20,13995,-1,0,0,-1,0
2020-06-09,US,Illinois,Wayne,9,1,0,38.42955355,-88.42586459,17191.0,55.50416281221092,11.111111111111109,8,9,1,0,8,9,16332,0,0,0,0,0
2020-06-09,US,Illinois,White,2,0,0,38.08706198,-88.17657461,17193.0,14.774322227967794,0.0,2,2,0,0,2,2,13665,0,0,0,0,0
2020-06-09,US,Illinois,Whiteside,156,13,0,41.75509713,-89.91556058,17195.0,282.73674671499765,8.333333333333334,143,156,13,0,143,157,55626,0,0,0,0,-1
2020-06-09,US,Illinois,Will,5961,295,0,41.44619267,-87.97862712,17197.0,862.9837725463741,4.948834088240228,5666,5917,288,0,5629,5890,692310,44,7,0,37,27
2020-06-09,US,Illinois,Williamson,81,3,0,37.73033511,-88.92994027,17199.0,121.62710031983423,3.703703703703704,78,77,3,0,74,76,67056,4,0,0,4,1
2020-06-09,US,Illinois,Winnebago,2602,72,0,42.33641854,-89.16085327,17201.0,920.8272581855244,2.767102229054573,2530,2576,70,0,2506,2545,284081,26,2,0,24,31
2020-06-09,US,Illinois,Woodford,22,2,0,40.78579374,-89.20973757,17203.0,57.20377544917965,9.090909090909092,20,22,2,0,20,21,38463,0,0,0,0,1
2020-06-09,US,Indiana,Adams,23,1,0,40.7457653,-84.93671406,18001.0,64.28711183162366,4.3478260869565215,22,22,1,0,21,22,35636,1,0,0,1,0
2020-06-09,US,Indiana,Allen,1956,77,0,41.09194313,-85.06800636,18003.0,515.6881510365174,3.936605316973415,1879,1896,77,0,1819,1883,375351,60,0,0,60,13
2020-06-09,US,Indiana,Bartholomew,539,40,0,39.20744865,-85.89558181,18005.0,643.3593143866601,7.421150278293135,499,536,40,0,496,534,82753,3,0,0,3,2
2020-06-09,US,Indiana,Benton,33,0,0,40.60626947,-87.31093999,18007.0,377.2290809327847,0.0,33,33,0,0,33,32,8653,0,0,0,0,1
2020-06-09,US,Indiana,Blackford,29,2,0,40.47388153,-85.32499702,18009.0,246.6405851335261,6.896551724137932,27,29,2,0,27,28,11930,0,0,0,0,1
2020-06-09,US,Indiana,Boone,337,36,0,40.0509304,-86.46841646,18011.0,496.73510900166565,10.682492581602373,301,332,36,0,296,331,66999,5,0,0,5,1
2020-06-09,US,Indiana,Brown,35,1,0,39.19605589,-86.22868909,18013.0,231.9109461966605,2.8571428571428568,34,34,1,0,33,34,15234,1,0,0,1,0
2020-06-09,US,Indiana,Carroll,95,2,0,40.580783200000006,-86.56198812,18015.0,468.9736881078146,2.1052631578947367,93,96,2,0,94,96,20127,-1,0,0,-1,0
2020-06-09,US,Indiana,Cass,1593,9,0,40.76135835,-86.34830753,18017.0,4226.697444877816,0.5649717514124294,1584,1593,9,0,1584,1593,37955,0,0,0,0,0
2020-06-09,US,Indiana,Clark,547,42,0,38.48015445,-85.70510334,18019.0,462.3759530692634,7.678244972577697,505,549,42,0,507,548,117360,-2,0,0,-2,1
2020-06-09,US,Indiana,Clay,55,3,0,39.39561833,-87.11723506,18021.0,209.72354623450906,5.454545454545454,52,53,3,0,50,53,26170,2,0,0,2,0
2020-06-09,US,Indiana,Clinton,250,1,0,40.30319754,-86.47277257,18023.0,771.6287539738881,0.4,249,252,1,0,251,251,32250,-2,0,0,-2,1
2020-06-09,US,Indiana,Crawford,27,0,0,38.28814402,-86.44518825,18025.0,255.27087075730358,0.0,27,27,0,0,27,25,10558,0,0,0,0,2
2020-06-09,US,Indiana,Daviess,111,16,0,38.70186039,-87.07185406,18027.0,332.82360349015016,14.414414414414413,95,110,16,0,94,107,33147,1,0,0,1,3
2020-06-09,US,Indiana,DeKalb,79,1,0,41.39804622,-84.99906934,18033.0,181.7136285221392,1.2658227848101269,78,69,1,0,68,67,43226,10,0,0,10,2
2020-06-09,US,Indiana,Dearborn,175,22,0,39.14647946,-84.97333539,18029.0,353.8355776618545,12.571428571428573,153,175,22,0,153,175,49568,0,0,0,0,0
2020-06-09,US,Indiana,Decatur,235,32,0,39.30712658,-85.50087166,18031.0,884.8224707255545,13.617021276595745,203,234,32,0,202,231,26794,1,0,0,1,3
2020-06-09,US,Indiana,Delaware,401,42,0,40.22787247,-85.39732772,18035.0,351.3383274192842,10.473815461346632,359,400,41,0,359,400,114772,1,1,0,0,0
2020-06-09,US,Indiana,Dubois,231,4,0,38.36597551,-86.87924170000002,18037.0,540.5278921752152,1.7316017316017316,227,230,4,0,226,228,42565,1,0,0,1,2
2020-06-09,US,Indiana,Elkhart,1800,29,0,41.59761169,-85.85875695,18039.0,872.342384693299,1.6111111111111112,1771,1741,29,0,1712,1717,205560,59,0,0,59,24
2020-06-09,US,Indiana,Fayette,80,7,0,39.63684962,-85.17797541,18041.0,346.2903644706086,8.75,73,80,7,0,73,79,23047,0,0,0,0,1
2020-06-09,US,Indiana,Floyd,327,42,0,38.32117957,-85.90385377,18043.0,416.44379919003586,12.844036697247706,285,328,41,0,287,326,77781,-1,1,0,-2,2
2020-06-09,US,Indiana,Fountain,23,2,0,40.12361933,-87.24217689,18045.0,140.70720665606265,8.695652173913043,21,23,2,0,21,23,16351,0,0,0,0,0
2020-06-09,US,Indiana,Franklin,118,8,0,39.4142482,-85.06062647,18047.0,518.4989893663767,6.779661016949151,110,117,8,0,109,117,22736,1,0,0,1,0
2020-06-09,US,Indiana,Fulton,51,1,0,41.0469907,-86.26252745,18049.0,255.33193151096427,1.96078431372549,50,51,1,0,50,51,20092,0,0,0,0,0
2020-06-09,US,Indiana,Gibson,21,2,0,38.30393723,-87.58054938,18051.0,62.39044534894085,9.523809523809524,19,20,2,0,18,20,33452,1,0,0,1,0
2020-06-09,US,Indiana,Grant,244,23,0,40.51587228,-85.65468702,18053.0,370.995453785218,9.426229508196721,221,240,23,0,217,235,65936,4,0,0,4,5
2020-06-09,US,Indiana,Greene,175,28,0,39.03630547,-86.96223202,18055.0,548.2112649583361,16.0,147,175,28,0,147,175,32006,0,0,0,0,0
2020-06-09,US,Indiana,Hamilton,1221,94,0,40.07306535,-86.05244729,18057.0,361.2308475167968,7.698607698607699,1127,1209,94,0,1115,1205,330086,12,0,0,12,4
2020-06-09,US,Indiana,Hancock,367,28,0,39.82304555,-85.77566351,18059.0,469.5015863268857,7.629427792915531,339,366,27,0,339,362,76351,1,1,0,0,4
2020-06-09,US,Indiana,Harrison,198,22,0,38.19467379,-86.10948271,18061.0,488.70788596815987,11.111111111111109,176,197,22,0,175,195,40350,1,0,0,1,2
2020-06-09,US,Indiana,Hendricks,1223,82,0,39.76719009,-86.51037283,18063.0,718.0980676527058,6.704824202780049,1141,1219,79,0,1140,1218,167009,4,3,0,1,1
2020-06-09,US,Indiana,Henry,190,12,0,39.93029017,-85.39625719,18065.0,396.06437088301516,6.315789473684211,178,189,12,0,177,188,48271,1,0,0,1,1
2020-06-09,US,Indiana,Howard,449,41,0,40.48527731,-86.11351892,18067.0,543.952316340376,9.131403118040089,408,446,38,0,408,444,82366,3,3,0,0,2
2020-06-09,US,Indiana,Huntington,46,2,0,40.82907273,-85.48822092,18069.0,125.95837897042715,4.3478260869565215,44,44,2,0,42,42,36240,2,0,0,2,2
2020-06-09,US,Indiana,Jackson,406,2,0,38.90915820000001,-86.03851889,18071.0,917.9082543917164,0.4926108374384237,404,404,2,0,402,403,44111,2,0,0,2,1
2020-06-09,US,Indiana,Jasper,80,1,0,41.02078733,-87.11553319,18073.0,238.36481735295868,1.25,79,76,1,0,75,75,33370,4,0,0,4,1
2020-06-09,US,Indiana,Jay,59,0,0,40.43781032,-85.00576229,18075.0,288.7062047367391,0.0,59,59,0,0,59,58,20764,0,0,0,0,1
2020-06-09,US,Indiana,Jefferson,52,1,0,38.78576239,-85.43633383,18077.0,160.95084808716106,1.9230769230769231,51,51,1,0,50,49,32208,1,0,0,1,2
2020-06-09,US,Indiana,Jennings,133,4,0,38.99588883,-85.62710784,18079.0,479.5384892734812,3.0075187969924815,129,133,4,0,129,132,27611,0,0,0,0,1
2020-06-09,US,Indiana,Johnson,1143,114,0,39.48994426,-86.10149107,18081.0,722.6539037852397,9.973753280839896,1029,1139,114,0,1025,1133,156225,4,0,0,4,6
2020-06-09,US,Indiana,Knox,33,0,0,38.68861576,-87.4194665,18083.0,90.17871782259388,0.0,33,33,0,0,33,32,36895,0,0,0,0,1
2020-06-09,US,Indiana,Kosciusko,242,2,0,41.24521668,-85.86312322,18085.0,304.57108336689487,0.8264462809917356,240,232,2,0,230,227,79344,10,0,0,10,5
2020-06-09,US,Indiana,LaGrange,181,2,0,41.64232188,-85.42674232,18087.0,456.9091735245115,1.1049723756906078,179,171,2,0,169,159,39330,10,0,0,10,12
2020-06-09,US,Indiana,LaPorte,462,24,0,41.54366008,-86.74072188,18091.0,420.4280722189866,5.194805194805196,438,460,24,0,436,457,110007,2,0,0,2,3
2020-06-09,US,Indiana,Lake,4005,217,0,41.41874274,-87.38277575,18089.0,824.9346540526847,5.418227215980026,3788,3959,215,0,3744,3940,484411,46,2,0,44,19
2020-06-09,US,Indiana,Lawrence,172,24,0,38.84112637,-86.48361629,18093.0,379.1051355521269,13.953488372093025,148,172,24,0,148,171,45668,0,0,0,0,1
2020-06-09,US,Indiana,Madison,605,61,0,40.16143691,-85.71964711,18095.0,466.9326767976908,10.082644628099173,544,605,61,0,544,603,129641,0,0,0,0,2
2020-06-09,US,Indiana,Marion,10444,630,0,39.78163624,-86.13826325,18097.0,1082.7487968881858,6.032171581769438,9814,10358,623,0,9735,10326,954670,86,7,0,79,32
2020-06-09,US,Indiana,Marshall,230,2,0,41.32467367,-86.26185087,18099.0,497.2112931817199,0.8695652173913043,228,227,2,0,225,214,46248,3,0,0,3,13
2020-06-09,US,Indiana,Martin,15,0,0,38.7099921,-86.80373186,18101.0,146.27011214041931,0.0,15,15,0,0,15,15,10217,0,0,0,0,0
2020-06-09,US,Indiana,Miami,152,1,0,40.76940965,-86.04525048,18103.0,427.97612343732396,0.6578947368421053,151,151,1,0,150,150,35567,1,0,0,1,1
2020-06-09,US,Indiana,Monroe,179,17,0,39.16130004,-86.52414358,18105.0,120.59475446503764,9.497206703910617,162,176,15,0,161,174,146917,3,2,0,1,2
2020-06-09,US,Indiana,Montgomery,259,19,0,40.04034823,-86.89335024,18107.0,675.5699306171423,7.335907335907336,240,254,18,0,236,252,38346,5,1,0,4,2
2020-06-09,US,Indiana,Morgan,294,28,0,39.47899078,-86.44573375,18109.0,417.08635389918993,9.523809523809524,266,291,28,0,263,290,70116,3,0,0,3,1
2020-06-09,US,Indiana,Newton,81,10,0,40.95610449,-87.39635768,18111.0,579.2334096109839,12.345679012345679,71,81,10,0,71,81,14011,0,0,0,0,0
2020-06-09,US,Indiana,Noble,305,23,0,41.39672484,-85.41966713,18113.0,638.8237265415551,7.540983606557377,282,299,22,0,277,296,47532,6,1,0,5,3
2020-06-09,US,Indiana,Ohio,13,0,0,38.955305,-84.96515993,18115.0,221.27659574468086,0.0,13,13,0,0,13,13,5844,0,0,0,0,0
2020-06-09,US,Indiana,Orange,132,23,0,38.54118920000001,-86.49523093,18117.0,671.8924972004478,17.424242424242426,109,132,23,0,109,132,19489,0,0,0,0,0
2020-06-09,US,Indiana,Owen,36,1,0,39.31145587,-86.83900724,18119.0,173.08524448290783,2.7777777777777777,35,36,1,0,35,36,20845,0,0,0,0,0
2020-06-09,US,Indiana,Parke,19,0,0,39.77202286,-87.20375833,18121.0,112.18043337072682,0.0,19,19,0,0,19,19,16927,0,0,0,0,0
2020-06-09,US,Indiana,Perry,47,1,0,38.07809328,-86.63741946,18123.0,245.1875423861443,2.127659574468085,46,44,1,0,43,42,19102,3,0,0,3,2
2020-06-09,US,Indiana,Pike,6,0,0,38.40112197,-87.23574907,18125.0,48.43005892323836,0.0,6,6,0,0,6,6,12410,0,0,0,0,0
2020-06-09,US,Indiana,Porter,575,33,0,41.45986947,-87.06848888,18127.0,337.46309914372415,5.7391304347826075,542,574,33,0,541,571,169594,1,0,0,1,3
2020-06-09,US,Indiana,Posey,17,0,0,38.02097333,-87.86480429,18129.0,66.85806426239824,0.0,17,16,0,0,16,16,25540,1,0,0,1,0
2020-06-09,US,Indiana,Pulaski,52,1,0,41.04166107,-86.69890683,18131.0,420.95037642677886,1.9230769230769231,51,51,1,0,50,51,12469,1,0,0,1,0
2020-06-09,US,Indiana,Putnam,147,7,0,39.66437981,-86.84517605,18133.0,391.2071535022355,4.761904761904762,140,144,7,0,137,143,37779,3,0,0,3,1
2020-06-09,US,Indiana,Randolph,57,3,0,40.15734772,-85.01139319,18135.0,231.096695722684,5.2631578947368425,54,55,3,0,52,55,24851,2,0,0,2,0
2020-06-09,US,Indiana,Ripley,110,6,0,39.10235626,-85.26212744,18137.0,388.36322553311686,5.454545454545454,104,109,6,0,103,108,28523,1,0,0,1,1
2020-06-09,US,Indiana,Rush,50,3,0,39.62002287,-85.4655599,18139.0,301.54996682950366,6.0,47,49,3,0,46,49,16663,1,0,0,1,0
2020-06-09,US,Indiana,Scott,131,3,0,38.68672078,-85.74627859,18143.0,548.7370669794328,2.2900763358778624,128,129,3,0,126,128,23878,2,0,0,2,1
2020-06-09,US,Indiana,Shelby,402,22,0,39.52305623,-85.79158570000001,18145.0,898.7457801426367,5.472636815920398,380,401,22,0,379,398,44593,1,0,0,1,3
2020-06-09,US,Indiana,Spencer,22,1,0,38.01519732,-87.0079644,18147.0,108.4973122256744,4.545454545454546,21,22,1,0,21,22,20327,0,0,0,0,0
2020-06-09,US,Indiana,St. Joseph,1437,43,0,41.61756781,-86.29040834,18141.0,528.6470021263601,2.9923451635351426,1394,1418,42,0,1376,1406,270771,19,1,0,18,12
2020-06-09,US,Indiana,Starke,46,3,0,41.27890281,-86.64686895,18149.0,200.04348771472058,6.521739130434782,43,46,3,0,43,46,22935,0,0,0,0,0
2020-06-09,US,Indiana,Steuben,95,2,0,41.64423868,-85.00101094,18151.0,274.61409492975656,2.1052631578947367,93,95,2,0,93,93,34586,0,0,0,0,2
2020-06-09,US,Indiana,Sullivan,39,1,0,39.08952258,-87.41414469,18153.0,188.68837389327012,2.5641025641025643,38,39,1,0,38,38,20690,0,0,0,0,1
2020-06-09,US,Indiana,Switzerland,21,0,0,38.82767338,-85.03022429,18155.0,195.33066691470557,0.0,21,21,0,0,21,21,10717,0,0,0,0,0
2020-06-09,US,Indiana,Tippecanoe,460,5,0,40.38872739,-86.89413959,18157.0,235.01522489935215,1.0869565217391304,455,456,5,0,451,453,193048,4,0,0,4,3
2020-06-09,US,Indiana,Tipton,27,1,0,40.31123252,-86.05234925,18159.0,178.24135199366253,3.703703703703704,26,26,1,0,25,26,15128,1,0,0,1,0
2020-06-09,US,Indiana,Unassigned,0,181,0,0.0,0.0,90018.0,0.0,0.0,-181,0,181,0,-181,0,,0,0,0,0,0
2020-06-09,US,Indiana,Union,12,0,0,39.62550777,-84.92497066,18161.0,170.1162461015027,0.0,12,12,0,0,12,12,7037,0,0,0,0,0
2020-06-09,US,Indiana,Vanderburgh,308,4,0,38.02658833,-87.58763124,18163.0,169.74279557566504,1.2987012987012987,304,303,4,0,299,301,180974,5,0,0,5,2
2020-06-09,US,Indiana,Vermillion,10,0,0,39.8523352,-87.46160542,18165.0,64.5244547683572,0.0,10,10,0,0,10,10,15479,0,0,0,0,0
2020-06-09,US,Indiana,Vigo,197,8,0,39.42944561,-87.39169027,18167.0,184.0467871223304,4.060913705583757,189,196,8,0,188,194,107386,1,0,0,1,2
2020-06-09,US,Indiana,Wabash,86,2,0,40.84704239,-85.79328272,18169.0,277.455155503936,2.3255813953488373,84,84,2,0,82,83,31280,2,0,0,2,1
2020-06-09,US,Indiana,Warren,13,1,0,40.34728141,-87.35602659,18171.0,157.28977616454932,7.6923076923076925,12,13,1,0,12,13,8263,0,0,0,0,0
2020-06-09,US,Indiana,Warrick,168,29,0,38.08922676,-87.2716085,18173.0,266.6751325438903,17.261904761904766,139,167,29,0,138,167,62567,1,0,0,1,0
2020-06-09,US,Indiana,Washington,52,1,0,38.60219804,-86.1049363,18175.0,185.47581680696248,1.9230769230769231,51,52,1,0,51,51,27943,0,0,0,0,1
2020-06-09,US,Indiana,Wayne,90,6,0,39.8633444,-85.01044989,18177.0,136.60372776394877,6.666666666666668,84,90,6,0,84,90,65936,0,0,0,0,0
2020-06-09,US,Indiana,Wells,43,0,0,40.72934187,-85.22132966,18179.0,151.9649420412779,0.0,43,40,0,0,40,39,28206,3,0,0,3,1
2020-06-09,US,Indiana,White,242,9,0,40.74911165,-86.86492015,18181.0,1004.066052609742,3.71900826446281,233,243,9,0,234,243,24133,-1,0,0,-1,0
2020-06-09,US,Indiana,Whitley,55,3,0,41.13863784,-85.50791236,18183.0,161.93616770698387,5.454545454545454,52,51,3,0,48,50,34074,4,0,0,4,1
2020-06-09,US,Iowa,Adair,9,0,0,41.33075609,-94.47105874,19001.0,125.83892617449663,0.0,9,9,0,0,9,9,7063,0,0,0,0,0
2020-06-09,US,Iowa,Adams,7,0,0,41.02903567,-94.69932645,19003.0,194.3364797334814,0.0,7,7,0,0,7,7,3645,0,0,0,0,0
2020-06-09,US,Iowa,Allamakee,120,4,0,43.28383218,-91.37860922,19005.0,876.7443559582084,3.333333333333333,116,120,4,0,116,120,13832,0,0,0,0,0
2020-06-09,US,Iowa,Appanoose,16,3,0,40.74324454,-92.86865906,19007.0,128.76227265411234,18.75,13,16,3,0,13,17,12437,0,0,0,0,-1
2020-06-09,US,Iowa,Audubon,13,1,0,41.6844628,-94.90581859,19009.0,236.53566229985444,7.6923076923076925,12,13,1,0,12,13,5506,0,0,0,0,0
2020-06-09,US,Iowa,Benton,46,1,0,42.08011739,-92.06463573,19011.0,179.37219730941703,2.1739130434782608,45,45,1,0,44,44,25642,1,0,0,1,1
2020-06-09,US,Iowa,Black Hawk,1802,52,0,42.4704581,-92.30524729,19013.0,1373.1825525040388,2.8856825749167587,1750,1801,51,0,1750,1794,132408,1,1,0,0,7
2020-06-09,US,Iowa,Boone,78,0,0,42.03657094,-93.9313999,19015.0,297.3240832507433,0.0,78,78,0,0,78,77,26346,0,0,0,0,1
2020-06-09,US,Iowa,Bremer,74,6,0,42.77461496,-92.31795937,19017.0,295.26773601468363,8.108108108108109,68,74,6,0,68,72,24947,0,0,0,0,2
2020-06-09,US,Iowa,Buchanan,34,1,0,42.4709188,-91.83510825,19019.0,160.56670602125146,2.9411764705882355,33,34,1,0,33,34,21199,0,0,0,0,0
2020-06-09,US,Iowa,Buena Vista,1257,4,0,42.73545875,-95.15100162,19021.0,6406.727828746178,0.3182179793158313,1253,1212,3,0,1209,1142,19874,45,1,0,44,70
2020-06-09,US,Iowa,Butler,16,2,0,42.73172833,-92.79015971,19023.0,110.81099799155065,12.5,14,16,1,0,15,16,14539,0,1,0,-1,0
2020-06-09,US,Iowa,Calhoun,14,0,0,42.38521079,-94.64046046,19025.0,144.8076127430699,0.0,14,13,0,0,13,14,9699,1,0,0,1,-1
2020-06-09,US,Iowa,Carroll,17,1,0,42.03617207,-94.86032705,19027.0,84.30448797421275,5.882352941176472,16,17,1,0,16,17,20154,0,0,0,0,0
2020-06-09,US,Iowa,Cass,13,0,0,41.33149454,-94.92792482,19029.0,101.27765659083826,0.0,13,13,0,0,13,13,12930,0,0,0,0,0
2020-06-09,US,Iowa,Cedar,52,1,0,41.77233777,-91.13246684,19031.0,279.1646534600312,1.9230769230769231,51,53,1,0,52,50,18627,-1,0,0,-1,3
2020-06-09,US,Iowa,Cerro Gordo,32,1,0,43.08177563,-93.2612239,19033.0,75.38280329799764,3.125,31,32,1,0,31,34,42647,0,0,0,0,-2
2020-06-09,US,Iowa,Cherokee,48,0,0,42.73538914,-95.62389402,19035.0,427.2363150867824,0.0,48,45,0,0,45,46,11321,3,0,0,3,-1
2020-06-09,US,Iowa,Chickasaw,15,0,0,43.06001295,-92.31773347,19037.0,125.70183524679459,0.0,15,15,0,0,15,13,11964,0,0,0,0,2
2020-06-09,US,Iowa,Clarke,78,1,0,41.02868181,-93.78499767,19039.0,830.2288451303884,1.2820512820512822,77,75,1,0,74,75,9423,3,0,0,3,0
2020-06-09,US,Iowa,Clay,36,0,0,43.08247182,-95.15096481,19041.0,224.7752247752248,0.0,36,34,0,0,34,34,16134,2,0,0,2,0
2020-06-09,US,Iowa,Clayton,34,3,0,42.84443388,-91.34133693,19043.0,193.74323323266282,8.823529411764708,31,34,3,0,31,34,17556,0,0,0,0,0
2020-06-09,US,Iowa,Clinton,67,1,0,41.89981633,-90.53275096,19045.0,144.30636024898232,1.492537313432836,66,67,1,0,66,65,46518,0,0,0,0,2
2020-06-09,US,Iowa,Crawford,582,2,0,42.03718237,-95.3819718,19047.0,3460.1664684898933,0.3436426116838488,580,575,2,0,573,573,17158,7,0,0,7,2
2020-06-09,US,Iowa,Dallas,969,26,0,41.68560356,-94.04127625,19049.0,1036.884851208629,2.683178534571724,943,961,26,0,935,959,90180,8,0,0,8,2
2020-06-09,US,Iowa,Davis,29,1,0,40.74773536,-92.41005468,19051.0,322.22222222222223,3.4482758620689653,28,29,1,0,28,28,9017,0,0,0,0,1
2020-06-09,US,Iowa,Decatur,3,0,0,40.73742757,-93.78645949,19053.0,38.11944091486657,0.0,3,3,0,0,3,2,7890,0,0,0,0,1
2020-06-09,US,Iowa,Delaware,20,1,0,42.47104597,-91.3664492,19055.0,117.57098348127684,5.0,19,20,1,0,19,19,17069,0,0,0,0,1
2020-06-09,US,Iowa,Des Moines,68,2,0,40.92012606,-91.18326592,19057.0,174.50663381835912,2.9411764705882355,66,68,2,0,66,70,39138,0,0,0,0,-2
2020-06-09,US,Iowa,Dickinson,63,0,0,43.37787725,-95.1510206,19059.0,365.04809363773325,0.0,63,60,0,0,60,51,17153,3,0,0,3,9
2020-06-09,US,Iowa,Dubuque,373,21,0,42.46815349,-90.88181925,19061.0,383.3071286904872,5.630026809651475,352,367,21,0,346,364,96854,6,0,0,6,3
2020-06-09,US,Iowa,Emmet,34,0,0,43.37782951,-94.67858943,19063.0,369.244135534318,0.0,34,32,0,0,32,31,9253,2,0,0,2,1
2020-06-09,US,Iowa,Fayette,28,0,0,42.86271799,-91.8441231,19065.0,142.4936386768448,0.0,28,28,0,0,28,28,19660,0,0,0,0,0
2020-06-09,US,Iowa,Floyd,19,1,0,43.06000529999999,-92.78940097,19067.0,121.4678429868303,5.2631578947368425,18,19,1,0,18,19,15761,0,0,0,0,0
2020-06-09,US,Iowa,Franklin,35,0,0,42.73270384,-93.26256925,19069.0,347.5670307845085,0.0,35,32,0,0,32,30,10124,3,0,0,3,2
2020-06-09,US,Iowa,Fremont,4,0,0,40.74542720000001,-95.60129045,19071.0,57.4712643678161,0.0,4,4,0,0,4,4,6993,0,0,0,0,0
2020-06-09,US,Iowa,Greene,14,0,0,42.03614551,-94.39658081,19073.0,157.5157515751575,0.0,14,14,0,0,14,14,8981,0,0,0,0,0
2020-06-09,US,Iowa,Grundy,20,0,0,42.40183723,-92.78829551,19075.0,163.50555918901242,0.0,20,20,0,0,20,19,12304,0,0,0,0,1
2020-06-09,US,Iowa,Guthrie,55,3,0,41.68378965,-94.50111014,19077.0,514.5476658246796,5.454545454545454,52,55,3,0,52,55,10720,0,0,0,0,0
2020-06-09,US,Iowa,Hamilton,96,0,0,42.38382428,-93.70197703,19079.0,649.8341569078725,0.0,96,82,0,0,82,83,14952,14,0,0,14,-1
2020-06-09,US,Iowa,Hancock,22,0,0,43.08178477,-93.73454884,19081.0,206.96142991533398,0.0,22,22,0,0,22,22,10712,0,0,0,0,0
2020-06-09,US,Iowa,Hardin,32,0,0,42.38353877,-93.23654611,19083.0,189.95607265819783,0.0,32,33,0,0,33,32,16868,-1,0,0,-1,1
2020-06-09,US,Iowa,Harrison,27,0,0,41.68330137,-95.81558439,19085.0,192.18449711723252,0.0,27,27,0,0,27,26,14134,0,0,0,0,1
2020-06-09,US,Iowa,Henry,73,2,0,40.98767962,-91.54436349,19087.0,365.8414353011928,2.7397260273972597,71,73,2,0,71,74,20067,0,0,0,0,-1
2020-06-09,US,Iowa,Howard,12,0,0,43.35671042,-92.31702714,19089.0,131.03297663245252,0.0,12,12,0,0,12,12,9187,0,0,0,0,0
2020-06-09,US,Iowa,Humboldt,24,1,0,42.7764426,-94.20722537,19091.0,251.09855618330195,4.166666666666667,23,23,1,0,22,20,9547,1,0,0,1,3
2020-06-09,US,Iowa,Ida,15,0,0,42.38696136,-95.51355387,19093.0,218.65889212827992,0.0,15,15,0,0,15,15,6841,0,0,0,0,0
2020-06-09,US,Iowa,Iowa,33,0,0,41.68630265,-92.0643373,19095.0,203.90509144834405,0.0,33,33,0,0,33,33,16141,0,0,0,0,0
2020-06-09,US,Iowa,Jackson,14,0,0,42.17178824,-90.57354837,19097.0,72.02016564638099,0.0,14,14,0,0,14,14,19432,0,0,0,0,0
2020-06-09,US,Iowa,Jasper,274,17,0,41.68576082,-93.05567785,19099.0,736.856259244319,6.204379562043796,257,273,17,0,256,274,37147,1,0,0,1,-1
2020-06-09,US,Iowa,Jefferson,40,0,0,41.03192394,-91.94849466,19101.0,218.63897239682973,0.0,40,38,0,0,38,36,18381,2,0,0,2,2
2020-06-09,US,Iowa,Johnson,630,8,0,41.67169354,-91.58754744,19103.0,416.8320762207225,1.2698412698412698,622,625,8,0,617,626,151260,5,0,0,5,-1
2020-06-09,US,Iowa,Jones,38,0,0,42.12118609,-91.13139641,19105.0,183.74353271118414,0.0,38,37,0,0,37,37,20744,1,0,0,1,0
2020-06-09,US,Iowa,Keokuk,15,0,0,41.33649833,-92.1785067,19107.0,146.3985945734921,0.0,15,15,0,0,15,15,10225,0,0,0,0,0
2020-06-09,US,Iowa,Kossuth,16,0,0,43.20405458,-94.20691791,19109.0,108.01323162087357,0.0,16,16,0,0,16,16,14908,0,0,0,0,0
2020-06-09,US,Iowa,Lee,34,0,0,40.64181461,-91.48183025,19111.0,101.01910449535015,0.0,34,31,0,0,31,31,34055,3,0,0,3,0
2020-06-09,US,Iowa,Linn,1001,80,0,42.07923082,-91.59809485,19113.0,441.5410267041896,7.992007992007992,921,994,80,0,914,985,225909,7,0,0,7,9
2020-06-09,US,Iowa,Louisa,351,11,0,41.21842119,-91.26102611,19115.0,3180.7884005437245,3.133903133903134,340,350,11,0,339,350,11169,1,0,0,1,0
2020-06-09,US,Iowa,Lucas,22,2,0,41.02958964,-93.32780803,19117.0,255.81395348837208,9.090909090909092,20,22,2,0,20,22,8645,0,0,0,0,0
2020-06-09,US,Iowa,Lyon,26,0,0,43.38107862,-96.20926845,19119.0,221.18247554232238,0.0,26,26,0,0,26,26,11811,0,0,0,0,0
2020-06-09,US,Iowa,Madison,29,2,0,41.33081904,-94.01554631,19121.0,177.50030603501042,6.896551724137932,27,29,2,0,27,29,16249,0,0,0,0,0
2020-06-09,US,Iowa,Mahaska,103,14,0,41.33521503,-92.64083907,19123.0,466.1688164743154,13.592233009708734,89,102,14,0,88,100,22000,1,0,0,1,2
2020-06-09,US,Iowa,Marion,37,0,0,41.33445101,-93.09934783,19125.0,111.26815625657835,0.0,37,36,0,0,36,35,33407,1,0,0,1,1
2020-06-09,US,Iowa,Marshall,931,18,0,42.03586837,-92.9990819,19127.0,2364.804795651401,1.9334049409237382,913,928,18,0,910,924,39981,3,0,0,3,4
2020-06-09,US,Iowa,Mills,21,0,0,41.03299766,-95.61920963,19129.0,138.99000595671455,0.0,21,21,0,0,21,20,15063,0,0,0,0,1
2020-06-09,US,Iowa,Mitchell,5,0,0,43.35638371,-92.78887719,19131.0,47.232193463064434,0.0,5,4,0,0,4,4,10569,1,0,0,1,0
2020-06-09,US,Iowa,Monona,27,0,0,42.05220391,-95.95743843,19133.0,313.40684852002323,0.0,27,27,0,0,27,27,8679,0,0,0,0,0
2020-06-09,US,Iowa,Monroe,45,6,0,41.02988815,-92.8690667,19135.0,583.8847800700662,13.333333333333336,39,44,6,0,38,43,7790,1,0,0,1,1
2020-06-09,US,Iowa,Montgomery,9,2,0,41.03018714,-95.15642896,19137.0,90.7532519915297,22.222222222222218,7,9,2,0,7,9,10003,0,0,0,0,0
2020-06-09,US,Iowa,Muscatine,568,42,0,41.48370744,-91.1121697,19139.0,1331.3332083255204,7.394366197183099,526,566,41,0,525,566,42929,2,1,0,1,0
2020-06-09,US,Iowa,O'Brien,55,1,0,43.08310673,-95.62474482,19141.0,399.912746309896,1.818181818181818,54,54,0,0,54,50,13840,1,1,0,0,4
2020-06-09,US,Iowa,Osceola,41,0,0,43.37824276,-95.62422844,19143.0,688.1503860355824,0.0,41,41,0,0,41,38,6040,0,0,0,0,3
2020-06-09,US,Iowa,Page,16,0,0,40.7393172,-95.1497813,19145.0,105.9111670086715,0.0,16,16,0,0,16,16,15249,0,0,0,0,0
2020-06-09,US,Iowa,Palo Alto,9,0,0,43.08193849,-94.67824621,19147.0,101.28291694800812,0.0,9,8,0,0,8,7,8929,1,0,0,1,1
2020-06-09,US,Iowa,Plymouth,172,4,0,42.737633,-96.21366621,19149.0,683.1632045120548,2.3255813953488373,168,169,4,0,165,163,25095,3,0,0,3,6
2020-06-09,US,Iowa,Pocahontas,21,0,0,42.73420133,-94.67862564,19151.0,317.26846955733487,0.0,21,21,0,0,21,20,6740,0,0,0,0,1
2020-06-09,US,Iowa,Polk,4863,149,0,41.68679484,-93.57767461,19153.0,992.1229963216168,3.06395229282336,4714,4820,146,0,4674,4741,487204,43,3,0,40,79
2020-06-09,US,Iowa,Pottawattamie,385,10,0,41.33640314,-95.53907776,19155.0,413.0635366821878,2.5974025974025974,375,372,10,0,362,343,93533,13,0,0,13,29
2020-06-09,US,Iowa,Poweshiek,94,8,0,41.68625425,-92.53155731,19157.0,507.998270644185,8.51063829787234,86,94,8,0,86,93,18699,0,0,0,0,1
2020-06-09,US,Iowa,Ringgold,6,0,0,40.73518949,-94.24368535,19159.0,122.59910093992643,0.0,6,4,0,0,4,4,4968,2,0,0,2,0
2020-06-09,US,Iowa,Sac,34,0,0,42.38624071,-95.10547892,19161.0,349.7582553235264,0.0,34,31,0,0,31,30,9719,3,0,0,3,1
2020-06-09,US,Iowa,Scott,393,10,0,41.63935978,-90.61959493,19163.0,227.24250186477627,2.544529262086514,383,393,10,0,383,387,173283,0,0,0,0,6
2020-06-09,US,Iowa,Shelby,40,0,0,41.6850066,-95.31015553,19165.0,349.22297887200983,0.0,40,39,0,0,39,38,11578,1,0,0,1,1
2020-06-09,US,Iowa,Sioux,323,0,0,43.08221074,-96.1767568,19167.0,926.6963132979488,0.0,323,321,0,0,321,319,34909,2,0,0,2,2
2020-06-09,US,Iowa,Story,157,2,0,42.03621213,-93.46499005,19169.0,161.66067732734743,1.2738853503184713,155,155,2,0,153,149,98105,2,0,0,2,6
2020-06-09,US,Iowa,Tama,417,29,0,42.07991767,-92.53266945,19171.0,2474.190103239587,6.954436450839329,388,417,29,0,388,415,16904,0,0,0,0,2
2020-06-09,US,Iowa,Taylor,68,0,0,40.73710579,-94.69778563,19173.0,1110.9295866688446,0.0,68,68,0,0,68,67,6191,0,0,0,0,1
2020-06-09,US,Iowa,Unassigned,4,0,0,0.0,0.0,90019.0,0.0,0.0,4,4,0,0,4,4,,0,0,0,0,0
2020-06-09,US,Iowa,Union,11,0,0,41.0277278,-94.24234847,19175.0,89.86193938403727,0.0,11,11,0,0,11,11,12359,0,0,0,0,0
2020-06-09,US,Iowa,Van Buren,10,0,0,40.75326764,-91.95017958,19177.0,141.96479273140258,0.0,10,10,0,0,10,10,7020,0,0,0,0,0
2020-06-09,US,Iowa,Wapello,657,21,0,41.03064984,-92.40954728,19179.0,1878.8069432926306,3.1963470319634704,636,654,20,0,634,643,35205,3,1,0,2,11
2020-06-09,US,Iowa,Warren,176,1,0,41.33559454,-93.56007641,19181.0,341.9733416235962,0.5681818181818182,175,173,1,0,172,174,51056,3,0,0,3,-1
2020-06-09,US,Iowa,Washington,202,9,0,41.33577126,-91.71725711,19183.0,919.6448895970864,4.455445544554456,193,200,9,0,191,200,22141,2,0,0,2,0
2020-06-09,US,Iowa,Wayne,3,0,0,40.73969028,-93.32752197,19185.0,46.576618537494184,0.0,3,2,0,0,2,2,6401,1,0,0,1,0
2020-06-09,US,Iowa,Webster,87,1,0,42.42853483,-94.17987389,19187.0,242.31283422459893,1.1494252873563218,86,82,1,0,81,81,36277,5,0,0,5,1
2020-06-09,US,Iowa,Winnebago,12,0,0,43.37751174,-93.73407298,19189.0,115.89723778249952,0.0,12,12,0,0,12,11,10518,0,0,0,0,1
2020-06-09,US,Iowa,Winneshiek,24,0,0,43.29094334,-91.84422722,19191.0,120.05402431093992,0.0,24,24,0,0,24,24,20029,0,0,0,0,0
2020-06-09,US,Iowa,Woodbury,2945,37,0,42.38979414,-96.0459439,19193.0,2856.256122280737,1.2563667232597624,2908,2927,37,0,2890,2915,102539,18,0,0,18,12
2020-06-09,US,Iowa,Worth,3,0,0,43.37750768,-93.26087602,19195.0,40.64489906516732,0.0,3,4,0,0,4,3,7453,-1,0,0,-1,1
2020-06-09,US,Iowa,Wright,245,0,0,42.73305373,-93.73515113,19197.0,1950.3263811494985,0.0,245,244,0,0,244,242,12690,1,0,0,1,2
2020-06-09,US,Kansas,Allen,1,0,0,37.88582951,-95.30030847,20001.0,8.084727948904519,0.0,1,1,0,0,1,1,12444,0,0,0,0,0
2020-06-09,US,Kansas,Anderson,1,0,0,38.21413251,-95.29272815,20003.0,12.725884448969204,0.0,1,1,0,0,1,1,7878,0,0,0,0,0
2020-06-09,US,Kansas,Atchison,25,0,0,39.53185661,-95.30870026,20005.0,155.5403471660549,0.0,25,24,0,0,24,23,16193,1,0,0,1,1
2020-06-09,US,Kansas,Barber,1,0,0,37.2288586,-98.68460053,20007.0,22.588660492432798,0.0,1,1,0,0,1,1,4472,0,0,0,0,0
2020-06-09,US,Kansas,Barton,46,2,0,38.47889676,-98.75636726,20009.0,178.4398153535824,4.3478260869565215,44,46,2,0,44,45,26111,0,0,0,0,1
2020-06-09,US,Kansas,Bourbon,8,1,0,37.85508555,-94.84865997,20011.0,55.04334663547544,12.5,7,8,1,0,7,8,14653,0,0,0,0,0
2020-06-09,US,Kansas,Brown,9,0,0,39.82652589,-95.56421698,20013.0,94.10288582183188,0.0,9,9,0,0,9,9,9598,0,0,0,0,0
2020-06-09,US,Kansas,Butler,37,0,0,37.78134351,-96.83878537,20015.0,55.2973352662492,0.0,37,37,0,0,37,37,66765,0,0,0,0,0
2020-06-09,US,Kansas,Chase,3,0,0,38.30292938,-96.59563862,20017.0,113.2930513595166,0.0,3,3,0,0,3,4,2629,0,0,0,0,-1
2020-06-09,US,Kansas,Chautauqua,4,0,0,37.14994405,-96.2454192,20019.0,123.07692307692308,0.0,4,4,0,0,4,4,3309,0,0,0,0,0
2020-06-09,US,Kansas,Cherokee,11,0,0,37.16928494,-94.8462897,20021.0,55.16826320276844,0.0,11,10,0,0,10,10,20015,1,0,0,1,0
2020-06-09,US,Kansas,Cheyenne,2,0,0,39.78580976,-101.7318201,20023.0,75.27286413248024,0.0,2,2,0,0,2,2,2660,0,0,0,0,0
2020-06-09,US,Kansas,Clark,33,1,0,37.23577007,-99.81883015,20025.0,1654.964894684052,3.0303030303030303,32,33,1,0,32,33,2005,0,0,0,0,0
2020-06-09,US,Kansas,Clay,5,2,0,39.34948772,-97.16518128,20027.0,62.48437890527367,40.0,3,5,2,0,3,5,7997,0,0,0,0,0
2020-06-09,US,Kansas,Cloud,5,0,0,39.48028352,-97.64925343,20029.0,56.908718415661276,0.0,5,5,0,0,5,5,8729,0,0,0,0,0
2020-06-09,US,Kansas,Coffey,52,8,0,38.2365018,-95.73379515,20031.0,635.7745445653503,15.384615384615385,44,52,8,0,44,51,8233,0,0,0,0,1
2020-06-09,US,Kansas,Comanche,2,0,0,37.19114520000001,-99.27113247,20033.0,117.64705882352942,0.0,2,2,0,0,2,2,1748,0,0,0,0,0
2020-06-09,US,Kansas,Cowley,28,1,0,37.23781842,-96.83776647,20035.0,80.21083992208091,3.571428571428572,27,26,1,0,25,25,35218,2,0,0,2,1
2020-06-09,US,Kansas,Crawford,10,1,0,37.50675523,-94.85245778,20037.0,25.76124478334793,10.0,9,8,1,0,7,8,39019,2,0,0,2,0
2020-06-09,US,Kansas,Dickinson,5,0,0,38.86600962,-97.15532383,20041.0,27.07678977580418,0.0,5,5,0,0,5,5,18717,0,0,0,0,0
2020-06-09,US,Kansas,Doniphan,20,0,0,39.79067154,-95.14056866,20043.0,263.1578947368421,0.0,20,20,0,0,20,18,7682,0,0,0,0,2
2020-06-09,US,Kansas,Douglas,74,0,0,38.88503636,-95.2925121,20045.0,60.52724134828521,0.0,74,74,0,0,74,70,121436,0,0,0,0,4
2020-06-09,US,Kansas,Edwards,5,0,0,37.88735543,-99.31263309,20047.0,178.69907076483204,0.0,5,5,0,0,5,5,2849,0,0,0,0,0
2020-06-09,US,Kansas,Ellis,10,0,0,38.91458712,-99.31751551,20051.0,35.02258957027283,0.0,10,10,0,0,10,10,28710,0,0,0,0,0
2020-06-09,US,Kansas,Ellsworth,2,0,0,38.69677695,-98.20462799,20053.0,32.77613897082924,0.0,2,2,0,0,2,2,6196,0,0,0,0,0
2020-06-09,US,Kansas,Finney,1536,10,0,38.04340344,-100.7381938,20055.0,4212.027312364604,0.6510416666666666,1526,1536,10,0,1526,1526,36611,0,0,0,0,10
2020-06-09,US,Kansas,Ford,1840,8,0,37.69200114,-99.88825298,20057.0,5473.0955709569,0.43478260869565216,1832,1840,8,0,1832,1819,33888,0,0,0,0,21
2020-06-09,US,Kansas,Franklin,38,0,0,38.56443815,-95.28644341,20059.0,148.76291888506108,0.0,38,38,0,0,38,35,25631,0,0,0,0,3
2020-06-09,US,Kansas,Geary,26,1,0,38.99871131,-96.7577178,20061.0,82.09662140827281,3.8461538461538463,25,26,1,0,25,26,32594,0,0,0,0,0
2020-06-09,US,Kansas,Gove,1,0,0,38.91588178,-100.4829321,20063.0,37.93626707132018,0.0,1,1,0,0,1,1,2612,0,0,0,0,0
2020-06-09,US,Kansas,Grant,18,1,0,37.56227336,-101.3079758,20067.0,251.74825174825176,5.5555555555555545,17,18,1,0,17,18,7336,0,0,0,0,0
2020-06-09,US,Kansas,Gray,23,0,0,37.73836671,-100.4369088,20069.0,384.1015364061456,0.0,23,23,0,0,23,23,6033,0,0,0,0,0
2020-06-09,US,Kansas,Greenwood,9,0,0,37.8774388,-96.23250453,20073.0,150.45135406218657,0.0,9,9,0,0,9,9,6055,0,0,0,0,0
2020-06-09,US,Kansas,Hamilton,23,0,0,37.99978709,-101.7921066,20075.0,905.8684521465144,0.0,23,23,0,0,23,20,2607,0,0,0,0,3
2020-06-09,US,Kansas,Harper,2,0,0,37.19175361,-98.07578384,20077.0,36.79175864606328,0.0,2,2,0,0,2,2,5506,0,0,0,0,0
2020-06-09,US,Kansas,Harvey,11,0,0,38.04293782,-97.42747573,20079.0,31.949809753405557,0.0,11,11,0,0,11,11,34210,0,0,0,0,0
2020-06-09,US,Kansas,Haskell,22,0,0,37.5620394,-100.8710738,20081.0,554.4354838709677,0.0,22,22,0,0,22,22,3997,0,0,0,0,0
2020-06-09,US,Kansas,Hodgeman,6,0,0,38.08780079,-99.89829881,20083.0,334.4481605351171,0.0,6,6,0,0,6,5,1818,0,0,0,0,1
2020-06-09,US,Kansas,Jackson,102,1,0,39.41673394,-95.79356799,20085.0,774.4286690456305,0.9803921568627452,101,103,1,0,102,102,13280,-1,0,0,-1,1
2020-06-09,US,Kansas,Jefferson,23,0,0,39.2347941,-95.38289232,20087.0,120.77928897757708,0.0,23,23,0,0,23,22,18975,0,0,0,0,1
2020-06-09,US,Kansas,Jewell,4,0,0,39.78470589,-98.21820662,20089.0,138.9371309482459,0.0,4,4,0,0,4,4,2841,0,0,0,0,0
2020-06-09,US,Kansas,Johnson,959,71,0,38.88548175,-94.82250877,20091.0,159.19628287469644,7.4035453597497405,888,948,71,0,877,940,597555,11,0,0,11,8
2020-06-09,US,Kansas,Kearny,46,1,0,38.00017981,-101.321681,20093.0,1198.540906722251,2.1739130434782608,45,46,1,0,45,45,3943,0,0,0,0,1
2020-06-09,US,Kansas,Kiowa,3,0,0,37.55848695,-99.2856537,20097.0,121.21212121212122,0.0,3,3,0,0,3,3,2516,0,0,0,0,0
2020-06-09,US,Kansas,Labette,26,0,0,37.19113093,-95.29849679,20099.0,132.53134876134166,0.0,26,26,0,0,26,22,19964,0,0,0,0,4
2020-06-09,US,Kansas,Lane,4,0,0,38.48119447,-100.4660754,20101.0,260.58631921824104,0.0,4,4,0,0,4,4,1560,0,0,0,0,0
2020-06-09,US,Kansas,Leavenworth,1103,7,0,39.20183497,-95.03620809,20103.0,1349.1034516499915,0.6346328195829556,1096,1103,7,0,1096,1100,81352,0,0,0,0,3
2020-06-09,US,Kansas,Linn,11,0,0,38.21267844,-94.84254089,20107.0,113.36699989693909,0.0,11,11,0,0,11,11,9750,0,0,0,0,0
2020-06-09,US,Kansas,Lyon,400,6,0,38.45576156,-96.15275715,20111.0,1205.0007531254707,1.5,394,400,6,0,394,387,33406,0,0,0,0,13
2020-06-09,US,Kansas,Marion,5,1,0,38.35855394,-97.0985251,20115.0,42.07337596768765,20.0,4,5,1,0,4,5,11950,0,0,0,0,0
2020-06-09,US,Kansas,McPherson,38,0,0,38.39184858,-97.64769869,20113.0,133.1371312451825,0.0,38,33,0,0,33,33,28537,5,0,0,5,0
2020-06-09,US,Kansas,Meade,30,0,0,37.23859987,-100.364831,20119.0,743.86312918423,0.0,30,30,0,0,30,30,4146,0,0,0,0,0
2020-06-09,US,Kansas,Miami,7,0,0,38.56383358,-94.83832189,20121.0,20.445716622367613,0.0,7,7,0,0,7,7,33680,0,0,0,0,0
2020-06-09,US,Kansas,Mitchell,4,0,0,39.39331582,-98.20906732,20123.0,66.9008195350393,0.0,4,4,0,0,4,4,6150,0,0,0,0,0
2020-06-09,US,Kansas,Montgomery,20,2,0,37.19236568,-95.74329258,20125.0,62.835778692387436,10.0,18,20,2,0,18,20,32120,0,0,0,0,0
2020-06-09,US,Kansas,Morris,5,0,0,38.68827511,-96.65128437,20127.0,88.96797153024912,0.0,5,5,0,0,5,5,5521,0,0,0,0,0
2020-06-09,US,Kansas,Morton,6,1,0,37.19141121,-101.79925190000002,20129.0,231.92887514495555,16.666666666666668,5,6,1,0,5,6,2667,0,0,0,0,0
2020-06-09,US,Kansas,Nemaha,19,0,0,39.78345387,-96.01392079,20131.0,185.7100967647346,0.0,19,19,0,0,19,19,10155,0,0,0,0,0
2020-06-09,US,Kansas,Neosho,3,0,0,37.55862897,-95.30670046,20133.0,18.741800462297746,0.0,3,3,0,0,3,3,15951,0,0,0,0,0
2020-06-09,US,Kansas,Ness,4,0,0,38.47974157,-99.91547333,20135.0,145.45454545454547,0.0,4,4,0,0,4,4,2840,0,0,0,0,0
2020-06-09,US,Kansas,Norton,2,0,0,39.78443827,-99.90286639,20137.0,37.30647267300878,0.0,2,2,0,0,2,2,5430,0,0,0,0,0
2020-06-09,US,Kansas,Osage,9,0,0,38.65235984,-95.72707998,20139.0,56.42987021129851,0.0,9,9,0,0,9,9,15941,0,0,0,0,0
2020-06-09,US,Kansas,Osborne,2,0,0,39.3503437,-98.76753828,20141.0,58.46243788365975,0.0,2,2,0,0,2,2,3475,0,0,0,0,0
2020-06-09,US,Kansas,Ottawa,4,0,0,39.13237408,-97.65020313,20143.0,70.12622720897616,0.0,4,4,0,0,4,4,5802,0,0,0,0,0
2020-06-09,US,Kansas,Pawnee,4,0,0,38.18108732,-99.23692334,20145.0,62.363579669473026,0.0,4,4,0,0,4,2,6562,0,0,0,0,2
2020-06-09,US,Kansas,Phillips,2,0,0,39.78465501,-99.34668865,20147.0,38.211692777990066,0.0,2,2,0,0,2,2,5317,0,0,0,0,0
2020-06-09,US,Kansas,Pottawatomie,27,0,0,39.37925655,-96.34564657,20149.0,110.73288766763727,0.0,27,27,0,0,27,27,24277,0,0,0,0,0
2020-06-09,US,Kansas,Pratt,2,0,0,37.64780729,-98.73922153,20151.0,21.824530772588393,0.0,2,2,0,0,2,2,9378,0,0,0,0,0
2020-06-09,US,Kansas,Reno,46,0,0,37.95230263,-98.08607292,20155.0,74.19594180457435,0.0,46,46,0,0,46,45,62342,0,0,0,0,1
2020-06-09,US,Kansas,Republic,4,0,0,39.82799632,-97.65036709,20157.0,86.28127696289906,0.0,4,4,0,0,4,4,4664,0,0,0,0,0
2020-06-09,US,Kansas,Rice,4,0,0,38.34616184,-98.19992118,20159.0,41.94191045402118,0.0,4,4,0,0,4,4,9531,0,0,0,0,0
2020-06-09,US,Kansas,Riley,71,1,0,39.28935726,-96.73420026,20161.0,95.64608255199914,1.4084507042253518,70,71,1,0,70,68,73703,0,0,0,0,3
2020-06-09,US,Kansas,Rooks,6,0,0,39.35022773,-99.32484567,20163.0,121.95121951219512,0.0,6,6,0,0,6,7,5013,0,0,0,0,-1
2020-06-09,US,Kansas,Saline,26,2,0,38.78369175,-97.65185177,20169.0,47.94924756565359,7.6923076923076925,24,26,2,0,24,25,54401,0,0,0,0,1
2020-06-09,US,Kansas,Scott,15,0,0,38.48222076,-100.9066539,20171.0,311.0097449720091,0.0,15,15,0,0,15,14,4897,0,0,0,0,1
2020-06-09,US,Kansas,Sedgwick,689,22,0,37.6842718,-97.4608198,20173.0,133.51626418004736,3.1930333817126266,667,660,22,0,638,654,513607,29,0,0,29,6
2020-06-09,US,Kansas,Seward,904,2,0,37.19324632,-100.8507201,20175.0,4218.779167444464,0.22123893805309736,902,900,2,0,898,891,21780,4,0,0,4,9
2020-06-09,US,Kansas,Shawnee,394,7,0,39.04100763,-95.7557264,20177.0,222.75618374558303,1.7766497461928934,387,384,7,0,377,372,177499,10,0,0,10,12
2020-06-09,US,Kansas,Sheridan,2,0,0,39.35018161,-100.4418259,20179.0,79.33359777865927,0.0,2,2,0,0,2,2,2533,0,0,0,0,0
2020-06-09,US,Kansas,Sherman,7,0,0,39.35147699,-101.7197624,20181.0,118.30319418624303,0.0,7,7,0,0,7,7,5899,0,0,0,0,0
2020-06-09,US,Kansas,Smith,2,0,0,39.78516566,-98.78566062,20183.0,55.81914596706671,0.0,2,2,0,0,2,2,3603,0,0,0,0,0
2020-06-09,US,Kansas,Stafford,1,0,0,38.03100851,-98.71762001,20185.0,24.06159769008662,0.0,1,1,0,0,1,1,4178,0,0,0,0,0
2020-06-09,US,Kansas,Stanton,9,0,0,37.56304714,-101.7843534,20187.0,448.65403788634103,0.0,9,10,0,0,10,10,1987,-1,0,0,-1,0
2020-06-09,US,Kansas,Stevens,30,0,0,37.1923008,-101.3118967,20189.0,546.9462169553327,0.0,30,30,0,0,30,30,5559,0,0,0,0,0
2020-06-09,US,Kansas,Sumner,9,1,0,37.23682549,-97.47721621,20191.0,39.411455596426684,11.111111111111109,8,8,1,0,7,8,22996,1,0,0,1,0
2020-06-09,US,Kansas,Trego,1,0,0,38.91467218,-99.87284448,20195.0,35.676061362825536,0.0,1,1,0,0,1,1,2793,0,0,0,0,0
2020-06-09,US,Kansas,Wabaunsee,31,0,0,38.95471985,-96.20350509,20197.0,447.2659067955562,0.0,31,31,0,0,31,31,6899,0,0,0,0,0
2020-06-09,US,Kansas,Washington,1,0,0,39.78420784,-97.0875323,20201.0,18.49796522382538,0.0,1,,,,,,5420,,,,,
2020-06-09,US,Kansas,Wilson,1,0,0,37.55937174,-95.74323255,20205.0,11.730205278592374,0.0,1,1,0,0,1,1,8665,0,0,0,0,0
2020-06-09,US,Kansas,Woodson,6,0,0,37.8865336,-95.74006277,20207.0,191.20458891013385,0.0,6,6,0,0,6,6,3183,0,0,0,0,0
2020-06-09,US,Kansas,Wyandotte,1522,76,0,39.11727348,-94.76378225,20209.0,920.0321588113327,4.993429697766096,1446,1522,75,0,1447,1496,165324,0,1,0,-1,26
2020-06-09,US,Kentucky,Adair,100,19,0,37.10459774,-85.28129668,21001.0,520.7790855119258,19.0,81,98,19,0,79,99,19215,2,0,0,2,-1
2020-06-09,US,Kentucky,Allen,116,3,0,36.75197631,-86.19457544,21003.0,544.2176870748299,2.586206896551724,113,105,3,0,102,102,21122,11,0,0,11,3
2020-06-09,US,Kentucky,Anderson,25,1,0,38.00671029,-84.99171713,21005.0,109.90460280476546,4.0,24,25,1,0,24,25,22663,0,0,0,0,0
2020-06-09,US,Kentucky,Ballard,13,0,0,37.05842757,-88.99427697,21007.0,164.80730223123732,0.0,13,13,0,0,13,13,7979,0,0,0,0,0
2020-06-09,US,Kentucky,Barren,56,2,0,36.96469836,-85.93338945,21009.0,126.5565323510136,3.571428571428572,54,55,1,0,54,53,44176,1,1,0,0,2
2020-06-09,US,Kentucky,Bath,9,1,0,38.14735938,-83.74588932,21011.0,72.0,11.111111111111109,8,9,1,0,8,9,12383,0,0,0,0,0
2020-06-09,US,Kentucky,Bell,3,0,0,36.73355174,-83.67766671,21013.0,11.524277811923788,0.0,3,2,0,0,2,2,26569,1,0,0,1,0
2020-06-09,US,Kentucky,Boone,527,18,0,38.97065142,-84.72615357,21015.0,394.51718433010683,3.415559772296015,509,522,18,0,504,516,131533,5,0,0,5,6
2020-06-09,US,Kentucky,Bourbon,19,1,0,38.2054607,-84.21827874,21017.0,96.01778855872246,5.2631578947368425,18,16,1,0,15,14,20184,3,0,0,3,2
2020-06-09,US,Kentucky,Boyd,43,3,0,38.36176608,-82.68652187,21019.0,92.04161137034977,6.9767441860465125,40,42,3,0,39,42,47240,1,0,0,1,0
2020-06-09,US,Kentucky,Boyle,28,0,0,37.62680923,-84.8633779,21021.0,93.14703925482368,0.0,28,28,0,0,28,28,30100,0,0,0,0,0
2020-06-09,US,Kentucky,Bracken,14,0,0,38.69158994,-84.08532444,21023.0,168.61375406479587,0.0,14,14,0,0,14,14,8239,0,0,0,0,0
2020-06-09,US,Kentucky,Breathitt,3,0,0,37.52333168,-83.31959161,21025.0,23.752969121140147,0.0,3,3,0,0,3,3,12726,0,0,0,0,0
2020-06-09,US,Kentucky,Breckinridge,19,2,0,37.77377239,-86.42885017,21027.0,92.78702935000244,10.526315789473683,17,19,2,0,17,19,20388,0,0,0,0,0
2020-06-09,US,Kentucky,Bullitt,124,4,0,37.97162523,-85.68955617,21029.0,151.81938390714532,3.2258064516129035,120,121,4,0,117,121,81069,3,0,0,3,0
2020-06-09,US,Kentucky,Butler,239,13,0,37.20946153,-86.68748787,21031.0,1855.7341408494449,5.439330543933054,226,238,13,0,225,237,12772,1,0,0,1,1
2020-06-09,US,Kentucky,Caldwell,12,0,0,37.14749129,-87.86948214,21033.0,94.13979759943516,0.0,12,12,0,0,12,12,12715,0,0,0,0,0
2020-06-09,US,Kentucky,Calloway,56,1,0,36.62093411,-88.2731593,21035.0,143.58606189584881,1.7857142857142858,55,55,1,0,54,55,39135,1,0,0,1,0
2020-06-09,US,Kentucky,Campbell,197,12,0,38.94384345,-84.37875208,21037.0,210.50606941357498,6.091370558375634,185,198,12,0,186,196,93152,-1,0,0,-1,2
2020-06-09,US,Kentucky,Carlisle,5,1,0,36.85372876,-88.96692220000001,21039.0,105.04201680672269,20.0,4,5,1,0,4,5,4771,0,0,0,0,0
2020-06-09,US,Kentucky,Carroll,16,0,0,38.66599534,-85.12601074,21041.0,150.50324522622518,0.0,16,15,0,0,15,15,10737,1,0,0,1,0
2020-06-09,US,Kentucky,Carter,17,0,0,38.31690743,-83.05092385,21043.0,63.4399373064149,0.0,17,17,0,0,17,17,27004,0,0,0,0,0
2020-06-09,US,Kentucky,Casey,8,0,0,37.32533118,-84.92726209,21045.0,49.50801410978402,0.0,8,8,0,0,8,8,15888,0,0,0,0,0
2020-06-09,US,Kentucky,Christian,131,3,0,36.89267803,-87.49055367,21047.0,185.9184513418771,2.2900763358778624,128,127,3,0,124,127,71671,4,0,0,4,0
2020-06-09,US,Kentucky,Clark,60,0,0,37.9689263,-84.14615986,21049.0,165.4579047513995,0.0,60,59,0,0,59,58,36249,1,0,0,1,1
2020-06-09,US,Kentucky,Clay,10,2,0,37.16451126,-83.712575,21051.0,50.248731219536715,20.0,8,10,2,0,8,8,20105,0,0,0,0,2
2020-06-09,US,Kentucky,Clinton,5,0,0,36.72581156,-85.13377529,21053.0,48.933255040125275,0.0,5,5,0,0,5,5,10206,0,0,0,0,0
2020-06-09,US,Kentucky,Crittenden,7,1,0,37.35839237,-88.08826090000002,21055.0,79.4912559618442,14.285714285714285,6,7,1,0,6,7,8915,0,0,0,0,0
2020-06-09,US,Kentucky,Cumberland,5,0,0,36.78926125,-85.39050034,21057.0,75.59721802237678,0.0,5,5,0,0,5,5,6659,0,0,0,0,0
2020-06-09,US,Kentucky,Daviess,341,8,0,37.73028906,-87.09019479999998,21059.0,335.9241855562452,2.3460410557184748,333,342,8,0,334,340,101104,-1,0,0,-1,2
2020-06-09,US,Kentucky,Edmonson,62,11,0,37.21218923,-86.23955613,21061.0,510.2880658436214,17.741935483870968,51,60,11,0,49,58,12274,2,0,0,2,2
2020-06-09,US,Kentucky,Elliott,1,0,0,38.11624059,-83.09771563,21063.0,13.303179459890915,0.0,1,1,0,0,1,1,7508,0,0,0,0,0
2020-06-09,US,Kentucky,Estill,1,0,0,37.69241417,-83.95956369,21065.0,7.089181908407768,0.0,1,1,0,0,1,1,14198,0,0,0,0,0
2020-06-09,US,Kentucky,Fayette,920,14,0,38.0368225,-84.45576892,21067.0,284.69574689310286,1.5217391304347827,906,902,14,0,888,854,323780,18,0,0,18,48
2020-06-09,US,Kentucky,Fleming,2,0,0,38.36758311,-83.69657514,21069.0,13.716480351141893,0.0,2,2,0,0,2,2,14432,0,0,0,0,0
2020-06-09,US,Kentucky,Floyd,17,0,0,37.56213922,-82.74750924,21071.0,47.767568630756685,0.0,17,17,0,0,17,17,35845,0,0,0,0,0
2020-06-09,US,Kentucky,Franklin,84,2,0,38.2379395,-84.87962551,21073.0,164.7349532270401,2.380952380952381,82,81,2,0,79,77,50815,3,0,0,3,4
2020-06-09,US,Kentucky,Fulton,12,0,0,36.55238827,-89.20140068,21075.0,201.03869994974036,0.0,12,12,0,0,12,11,6120,0,0,0,0,1
2020-06-09,US,Kentucky,Gallatin,49,6,0,38.75398691,-84.8558382,21077.0,552.4861878453039,12.244897959183671,43,46,5,0,41,46,8832,3,1,0,2,0
2020-06-09,US,Kentucky,Garrard,6,0,0,37.6388668,-84.53289319,21079.0,33.96354579418091,0.0,6,5,0,0,5,5,17560,1,0,0,1,0
2020-06-09,US,Kentucky,Grant,51,4,0,38.64962758,-84.62415957,21081.0,203.4385097131916,7.84313725490196,47,51,4,0,47,47,25121,0,0,0,0,4
2020-06-09,US,Kentucky,Graves,167,20,0,36.72292505,-88.65143315,21083.0,448.12966242687696,11.976047904191615,147,166,20,0,146,166,37317,1,0,0,1,0
2020-06-09,US,Kentucky,Grayson,135,10,0,37.46231118,-86.34248968,21085.0,510.8411851515496,7.407407407407407,125,135,10,0,125,135,26321,0,0,0,0,0
2020-06-09,US,Kentucky,Green,2,0,0,37.26484328,-85.5540745,21087.0,18.279864729001005,0.0,2,2,0,0,2,2,11049,0,0,0,0,0
2020-06-09,US,Kentucky,Greenup,14,0,0,38.54332505,-82.9215658,21089.0,39.88831272437176,0.0,14,14,0,0,14,14,35268,0,0,0,0,0
2020-06-09,US,Kentucky,Hancock,7,0,0,37.83766422,-86.78280584,21091.0,80.25682182985555,0.0,7,7,0,0,7,7,8758,0,0,0,0,0
2020-06-09,US,Kentucky,Hardin,122,3,0,37.6976111,-85.96319251,21093.0,109.95151318516916,2.459016393442623,119,119,3,0,116,120,110356,3,0,0,3,-1
2020-06-09,US,Kentucky,Harlan,8,0,0,36.85699301,-83.21899516,21095.0,30.75740099961553,0.0,8,8,0,0,8,4,26409,0,0,0,0,4
2020-06-09,US,Kentucky,Harrison,28,0,0,38.44188174,-84.32869741,21097.0,148.25796886582654,0.0,28,28,0,0,28,28,18778,0,0,0,0,0
2020-06-09,US,Kentucky,Hart,27,0,0,37.29943898,-85.88461055,21099.0,141.8439716312057,0.0,27,27,0,0,27,27,18906,0,0,0,0,0
2020-06-09,US,Kentucky,Henderson,119,3,0,37.79344553,-87.57392021,21101.0,263.21610263216104,2.5210084033613445,116,119,3,0,116,119,45591,0,0,0,0,0
2020-06-09,US,Kentucky,Henry,24,1,0,38.44942688,-85.11587507,21103.0,148.82797966017608,4.166666666666667,23,24,0,0,24,24,16106,0,1,0,-1,0
2020-06-09,US,Kentucky,Hickman,5,0,0,36.67948079999999,-88.97875928,21105.0,114.15525114155253,0.0,5,5,0,0,5,5,4421,0,0,0,0,0
2020-06-09,US,Kentucky,Hopkins,224,31,0,37.30939025,-87.54670406,21107.0,501.27556729176916,13.839285714285715,193,224,31,0,193,224,45068,0,0,0,0,0
2020-06-09,US,Kentucky,Jackson,61,13,0,37.41866422,-83.99825483,21109.0,457.6487358391477,21.311475409836067,48,61,13,0,48,61,13442,0,0,0,0,0
2020-06-09,US,Kentucky,Jefferson,3186,169,0,38.18664655,-85.65931031,21111.0,415.51625873647066,5.3044569993722535,3017,3104,169,0,2935,3043,770517,82,0,0,82,61
2020-06-09,US,Kentucky,Jessamine,74,0,0,37.87119786,-84.58252003,21113.0,136.7458190889772,0.0,74,73,0,0,73,73,53920,1,0,0,1,0
2020-06-09,US,Kentucky,Johnson,5,0,0,37.85106355,-82.8264322,21115.0,22.534703443302693,0.0,5,5,0,0,5,5,22386,0,0,0,0,0
2020-06-09,US,Kentucky,Kenton,680,34,0,38.93950319,-84.53241199,21117.0,407.1905052755123,5.0,646,680,35,0,645,671,166051,0,-1,0,1,9
2020-06-09,US,Kentucky,Knott,4,0,0,37.35388197,-82.94981134,21119.0,27.016074564365802,0.0,4,4,0,0,4,4,15126,0,0,0,0,0
2020-06-09,US,Kentucky,Knox,10,0,0,36.89225732,-83.85403396,21121.0,32.10788248515011,0.0,10,10,0,0,10,10,31304,0,0,0,0,0
2020-06-09,US,Kentucky,Larue,11,0,0,37.54567114,-85.70138352,21123.0,76.3994999305459,0.0,11,11,0,0,11,11,14307,0,0,0,0,0
2020-06-09,US,Kentucky,Laurel,22,2,0,37.10975748,-84.11321779,21125.0,36.17647542466249,9.090909090909092,20,22,2,0,20,21,60669,0,0,0,0,1
2020-06-09,US,Kentucky,Lawrence,5,0,0,38.07136018,-82.72882223,21127.0,32.64346804204479,0.0,5,5,0,0,5,5,15571,0,0,0,0,0
2020-06-09,US,Kentucky,Lee,1,0,0,37.59645942,-83.71513901,21129.0,13.508037282182901,0.0,1,1,0,0,1,1,7033,0,0,0,0,0
2020-06-09,US,Kentucky,Leslie,6,0,0,37.09246661,-83.37999606,21131.0,60.74719044244203,0.0,6,6,0,0,6,6,10143,0,0,0,0,0
2020-06-09,US,Kentucky,Letcher,3,0,0,37.12306748,-82.85346474,21133.0,13.919175984781699,0.0,3,3,0,0,3,3,21899,0,0,0,0,0
2020-06-09,US,Kentucky,Lewis,7,0,0,38.53184419,-83.37735618,21135.0,52.730696798493405,0.0,7,7,0,0,7,7,13257,0,0,0,0,0
2020-06-09,US,Kentucky,Lincoln,14,1,0,37.45475628,-84.6565327,21137.0,57.0287995437696,7.142857142857142,13,11,1,0,10,11,24644,3,0,0,3,0
2020-06-09,US,Kentucky,Livingston,9,0,0,37.21137452,-88.34797529,21139.0,97.88992821405265,0.0,9,9,0,0,9,9,9242,0,0,0,0,0
2020-06-09,US,Kentucky,Logan,173,5,0,36.85949479,-86.877635,21141.0,638.3292745922811,2.8901734104046244,168,170,5,0,165,168,26989,3,0,0,3,2
2020-06-09,US,Kentucky,Lyon,17,3,0,37.02080035,-88.07886257,21143.0,207.06455542021928,17.647058823529417,14,17,3,0,14,17,8009,0,0,0,0,0
2020-06-09,US,Kentucky,Madison,70,1,0,37.71659336,-84.27220275,21151.0,75.27934012281287,1.4285714285714286,69,61,1,0,60,59,92368,9,0,0,9,2
2020-06-09,US,Kentucky,Magoffin,2,0,0,37.70820545,-83.0657714,21153.0,16.446015952635474,0.0,2,2,0,0,2,2,12362,0,0,0,0,0
2020-06-09,US,Kentucky,Marion,36,0,0,37.55218078,-85.26898542,21155.0,186.7898095781664,0.0,36,34,0,0,34,34,19404,2,0,0,2,0
2020-06-09,US,Kentucky,Marshall,37,2,0,36.88007070000001,-88.32803576,21157.0,118.97106109324758,5.405405405405406,35,37,2,0,35,37,31191,0,0,0,0,0
2020-06-09,US,Kentucky,Martin,3,0,0,37.79990579,-82.51247478,21159.0,26.797677534613662,0.0,3,3,0,0,3,3,11323,0,0,0,0,0
2020-06-09,US,Kentucky,Mason,13,0,0,38.59471935,-83.82151043,21161.0,76.15700058582308,0.0,13,13,0,0,13,12,17150,0,0,0,0,1
2020-06-09,US,Kentucky,McCracken,113,3,0,37.05350953,-88.70445755,21145.0,172.73533278302608,2.6548672566371683,110,112,2,0,110,112,65346,1,1,0,0,0
2020-06-09,US,Kentucky,McCreary,13,0,0,36.73874143,-84.48102924,21147.0,75.44541814172132,0.0,13,13,0,0,13,13,17408,0,0,0,0,0
2020-06-09,US,Kentucky,McLean,22,1,0,37.5301951,-87.26803443,21149.0,238.94862604540023,4.545454545454546,21,22,1,0,21,22,9252,0,0,0,0,0
2020-06-09,US,Kentucky,Meade,23,2,0,37.96163597,-86.21028219,21163.0,80.49839003219934,8.695652173913043,21,23,2,0,21,23,28715,0,0,0,0,0
2020-06-09,US,Kentucky,Menifee,10,0,0,37.94090733,-83.59985712,21165.0,154.10695022345507,0.0,10,10,0,0,10,10,6451,0,0,0,0,0
2020-06-09,US,Kentucky,Mercer,15,0,0,37.81474237,-84.87488475,21167.0,68.3900971139379,0.0,15,15,0,0,15,15,21774,0,0,0,0,0
2020-06-09,US,Kentucky,Metcalfe,7,2,0,36.99459295,-85.63123699,21169.0,69.50650382285771,28.57142857142857,5,7,2,0,5,7,10030,0,0,0,0,0
2020-06-09,US,Kentucky,Monroe,27,0,0,36.71225341,-85.71596443,21171.0,253.5211267605634,0.0,27,27,0,0,27,25,10718,0,0,0,0,2
2020-06-09,US,Kentucky,Montgomery,30,0,0,38.03253032,-83.9145241,21173.0,106.54544163085556,0.0,30,30,0,0,30,30,28203,0,0,0,0,0
2020-06-09,US,Kentucky,Morgan,4,0,0,37.92465657,-83.25558245,21175.0,30.05485010143512,0.0,4,3,0,0,3,3,13345,1,0,0,1,0
2020-06-09,US,Kentucky,Muhlenberg,486,8,0,37.21425819,-87.14632053,21177.0,1587.0942459669516,1.6460905349794241,478,486,8,0,478,485,30774,0,0,0,0,1
2020-06-09,US,Kentucky,Nelson,45,1,0,37.80335779,-85.4657193,21179.0,97.33307377846992,2.2222222222222223,44,45,1,0,44,45,45851,0,0,0,0,0
2020-06-09,US,Kentucky,Nicholas,4,0,0,38.33342292,-84.01889177,21181.0,55.02820195350117,0.0,4,4,0,0,4,4,7166,0,0,0,0,0
2020-06-09,US,Kentucky,Ohio,154,0,0,37.47751843,-86.85368087,21183.0,641.8271234475285,0.0,154,155,0,0,155,151,24087,-1,0,0,-1,4
2020-06-09,US,Kentucky,Oldham,112,5,0,38.39791089,-85.448222,21185.0,167.66718064641682,4.464285714285714,107,111,5,0,106,109,66470,1,0,0,1,2
2020-06-09,US,Kentucky,Owen,4,0,0,38.51679143,-84.82404619,21187.0,36.693881295294005,0.0,4,3,0,0,3,3,10880,1,0,0,1,0
2020-06-09,US,Kentucky,Owsley,2,0,0,37.42823949,-83.68811419,21189.0,45.30011325028314,0.0,2,2,0,0,2,2,4472,0,0,0,0,0
2020-06-09,US,Kentucky,Pendleton,14,0,0,38.69607718,-84.35599463,21191.0,95.95613433858809,0.0,14,14,0,0,14,14,14529,0,0,0,0,0
2020-06-09,US,Kentucky,Perry,22,0,0,37.25023553,-83.22922731,21193.0,85.41035794704557,0.0,22,22,0,0,22,22,26092,0,0,0,0,0
2020-06-09,US,Kentucky,Pike,38,2,0,37.47088263,-82.39487445,21195.0,65.65761282742415,5.2631578947368425,36,36,2,0,34,36,58402,2,0,0,2,0
2020-06-09,US,Kentucky,Powell,2,0,0,37.83218794,-83.82553961,21197.0,16.182539040375435,0.0,2,1,0,0,1,1,12442,1,0,0,1,0
2020-06-09,US,Kentucky,Pulaski,65,2,0,37.10466131,-84.57629079,21199.0,100.03231813355083,3.0769230769230766,63,65,2,0,63,65,64623,0,0,0,0,0
2020-06-09,US,Kentucky,Rockcastle,13,0,0,37.36642393,-84.31176452,21203.0,77.86762503743634,0.0,13,13,0,0,13,13,16750,0,0,0,0,0
2020-06-09,US,Kentucky,Rowan,11,0,0,38.19484205,-83.42088935,21205.0,44.97138184791496,0.0,11,8,0,0,8,8,24583,3,0,0,3,0
2020-06-09,US,Kentucky,Russell,32,4,0,36.99308373,-85.06070117,21207.0,178.54153880488758,12.5,28,30,4,0,26,30,17821,2,0,0,2,0
2020-06-09,US,Kentucky,Scott,38,0,0,38.29622293,-84.5816631,21209.0,66.66198863237668,0.0,38,38,0,0,38,37,56031,0,0,0,0,1
2020-06-09,US,Kentucky,Shelby,233,6,0,38.21476019,-85.194223,21211.0,475.2774151436032,2.5751072961373387,227,219,5,0,214,216,48518,14,1,0,13,3
2020-06-09,US,Kentucky,Simpson,56,3,0,36.74058474,-86.58047435,21213.0,301.52918371742413,5.357142857142857,53,54,3,0,51,54,18529,2,0,0,2,0
2020-06-09,US,Kentucky,Spencer,25,0,0,38.03223971,-85.32749335,21215.0,129.19228980414448,0.0,25,25,0,0,25,25,18794,0,0,0,0,0
2020-06-09,US,Kentucky,Taylor,15,1,0,37.3677562,-85.3329931,21217.0,58.20947650277465,6.666666666666668,14,14,1,0,13,13,25549,1,0,0,1,1
2020-06-09,US,Kentucky,Todd,23,0,0,36.8381152,-87.17878374,21219.0,187.0831299821051,0.0,23,23,0,0,23,23,12311,0,0,0,0,0
2020-06-09,US,Kentucky,Trigg,12,0,0,36.80767017,-87.87333656,21221.0,81.90567196778376,0.0,12,11,0,0,11,11,14643,1,0,0,1,0
2020-06-09,US,Kentucky,Trimble,6,0,0,38.61056487,-85.33775972,21223.0,70.82989021367017,0.0,6,6,0,0,6,6,8515,0,0,0,0,0
2020-06-09,US,Kentucky,Unassigned,7,0,0,0.0,0.0,90021.0,0.0,0.0,7,7,0,0,7,7,,0,0,0,0,0
2020-06-09,US,Kentucky,Union,15,0,0,37.66166713,-87.94300009,21225.0,104.30429038314443,0.0,15,15,0,0,15,15,14505,0,0,0,0,0
2020-06-09,US,Kentucky,Warren,1157,7,0,36.99903045,-86.42672751,21227.0,870.6055863231398,0.6050129645635264,1150,1127,6,0,1121,1112,131264,30,1,0,29,15
2020-06-09,US,Kentucky,Washington,8,0,0,37.75599461,-85.17407732,21229.0,66.14303431169904,0.0,8,8,0,0,8,8,12084,0,0,0,0,0
2020-06-09,US,Kentucky,Wayne,9,0,0,36.80310688,-84.8251971,21231.0,44.26302070525746,0.0,9,9,0,0,9,9,20468,0,0,0,0,0
2020-06-09,US,Kentucky,Webster,34,0,0,37.52168356,-87.67989953,21233.0,262.71055478287747,0.0,34,34,0,0,34,34,13111,0,0,0,0,0
2020-06-09,US,Kentucky,Whitley,14,0,0,36.75700531,-84.14541217,21235.0,38.6057798367527,0.0,14,13,0,0,13,13,36242,1,0,0,1,0
2020-06-09,US,Kentucky,Wolfe,1,0,0,37.73941626,-83.49303612,21237.0,13.972334777141258,0.0,1,1,0,0,1,1,7177,0,0,0,0,0
2020-06-09,US,Kentucky,Woodford,42,0,0,38.04178222,-84.7417556,21239.0,157.10331413181714,0.0,42,35,0,0,35,33,26533,7,0,0,7,2
2020-06-09,US,Louisiana,Acadia,517,29,0,30.2950649,-92.41419698,22001.0,833.2661777741963,5.6092843326885875,488,513,29,0,484,502,62190,4,0,0,4,11
2020-06-09,US,Louisiana,Allen,189,10,0,30.65385745,-92.82442028,22003.0,737.5034143676593,5.291005291005291,179,188,10,0,178,186,25605,1,0,0,1,2
2020-06-09,US,Louisiana,Ascension,900,58,0,30.20406249,-90.91328409999998,22005.0,710.878013332912,6.4444444444444455,842,889,58,0,831,882,124672,11,0,0,11,7
2020-06-09,US,Louisiana,Assumption,258,13,0,29.89946234,-91.06461642,22007.0,1178.5665341921338,5.038759689922482,245,257,13,0,244,257,22300,1,0,0,1,0
2020-06-09,US,Louisiana,Avoyelles,175,9,0,31.07796211,-92.00079449,22009.0,435.93064966121966,5.142857142857143,166,165,9,0,156,161,40462,10,0,0,10,4
2020-06-09,US,Louisiana,Beauregard,114,4,0,30.64836518,-93.34173616,22011.0,304.0243219457557,3.5087719298245608,110,106,4,0,102,101,37253,8,0,0,8,5
2020-06-09,US,Louisiana,Bienville,157,24,0,32.34569994,-93.05398492,22013.0,1185.7110490144248,15.286624203821654,133,154,23,0,131,153,13308,3,1,0,2,1
2020-06-09,US,Louisiana,Bossier,473,26,0,32.67932307,-93.60460152,22015.0,372.3266083643605,5.496828752642706,447,464,26,0,438,463,127185,9,0,0,9,1
2020-06-09,US,Louisiana,Caddo,2755,210,0,32.57991587,-93.88375652,22017.0,1146.941766165426,7.6225045372050815,2545,2737,206,0,2531,2731,242922,18,4,0,14,6
2020-06-09,US,Louisiana,Calcasieu,661,51,0,30.22931235,-93.35400434,22019.0,324.9179103010283,7.715582450832072,610,642,51,0,591,637,203112,19,0,0,19,5
2020-06-09,US,Louisiana,Caldwell,74,1,0,32.0902519,-92.11752148,22021.0,746.1181689856827,1.351351351351351,73,72,1,0,71,71,9960,2,0,0,2,1
2020-06-09,US,Louisiana,Cameron,10,0,0,29.87592238,-93.19310676,22023.0,143.41029685931446,0.0,10,9,0,0,9,9,6968,1,0,0,1,0
2020-06-09,US,Louisiana,Catahoula,121,3,0,31.66778967,-91.84526385,22025.0,1274.4891510427638,2.479338842975207,118,121,3,0,118,121,9608,0,0,0,0,0
2020-06-09,US,Louisiana,Claiborne,70,10,0,32.82308512,-92.99526883,22027.0,446.71346522016586,14.285714285714285,60,68,10,0,58,66,15944,2,0,0,2,2
2020-06-09,US,Louisiana,Concordia,97,5,0,31.44817835,-91.63814433,22029.0,503.6606262007372,5.154639175257731,92,96,5,0,91,96,19572,1,0,0,1,0
2020-06-09,US,Louisiana,De Soto,263,17,0,32.05457447,-93.74130302,22031.0,957.6521137530497,6.4638783269961975,246,263,17,0,246,262,27436,0,0,0,0,1
2020-06-09,US,Louisiana,East Baton Rouge,4023,252,0,30.53842039,-91.09777565,22033.0,914.1955964995603,6.263982102908278,3771,3963,252,0,3711,3949,440956,60,0,0,60,14
2020-06-09,US,Louisiana,East Carroll,205,0,0,32.73926954,-91.23425694,22035.0,2987.9026380994023,0.0,205,199,0,0,199,195,7037,6,0,0,6,4
2020-06-09,US,Louisiana,East Feliciana,207,31,0,30.84425359,-91.04976723,22037.0,1081.7873007577737,14.975845410628018,176,201,30,0,171,201,19305,6,1,0,5,0
2020-06-09,US,Louisiana,Evangeline,85,1,0,30.72985248,-92.39915924,22039.0,254.52912112591702,1.1764705882352942,84,84,1,0,83,84,33443,1,0,0,1,0
2020-06-09,US,Louisiana,Franklin,390,12,0,32.13675181,-91.67589857,22041.0,1948.53859605296,3.0769230769230766,378,389,12,0,377,386,20156,1,0,0,1,3
2020-06-09,US,Louisiana,Grant,48,1,0,31.59882456,-92.56124347,22043.0,214.39099557818568,2.083333333333333,47,46,1,0,45,44,22482,2,0,0,2,2
2020-06-09,US,Louisiana,Iberia,428,41,0,29.86803617,-91.75871777,22045.0,612.9170843477017,9.57943925233645,387,427,41,0,386,424,70941,1,0,0,1,3
2020-06-09,US,Louisiana,Iberville,603,43,0,30.25734305,-91.3499598,22047.0,1854.7568515271755,7.131011608623549,560,599,42,0,557,596,32721,4,1,0,3,3
2020-06-09,US,Louisiana,Jackson,139,15,0,32.30251776,-92.55692092,22049.0,882.8760162601627,10.791366906474819,124,133,15,0,118,131,15902,6,0,0,6,2
2020-06-09,US,Louisiana,Jefferson,7940,462,0,29.74075478,-90.11115756,22051.0,1835.8678637573325,5.818639798488665,7478,7885,462,0,7423,7862,434051,55,0,0,55,23
2020-06-09,US,Louisiana,Jefferson Davis,96,7,0,30.26896765,-92.81210004,22053.0,306.044376434583,7.291666666666668,89,93,7,0,86,91,31582,3,0,0,3,2
2020-06-09,US,Louisiana,LaSalle,66,0,0,31.67884782,-92.15907765,22059.0,443.19097502014506,0.0,66,63,0,0,63,61,14917,3,0,0,3,2
2020-06-09,US,Louisiana,Lafayette,908,30,0,30.2049055,-92.06959876,22055.0,371.5372969434101,3.3039647577092515,878,897,30,0,867,880,242782,11,0,0,11,17
2020-06-09,US,Louisiana,Lafourche,922,76,0,29.52470226,-90.40976986,22057.0,944.5366443338046,8.242950108459869,846,909,75,0,834,902,98115,13,1,0,12,7
2020-06-09,US,Louisiana,Lincoln,184,18,0,32.6003154,-92.6659741,22061.0,393.6502503102135,9.782608695652174,166,175,17,0,158,173,47196,9,1,0,8,2
2020-06-09,US,Louisiana,Livingston,481,31,0,30.44143993,-90.73061664,22063.0,341.6460092762929,6.4449064449064455,450,468,31,0,437,464,139567,13,0,0,13,4
2020-06-09,US,Louisiana,Madison,219,2,0,32.36918118,-91.23973355,22065.0,1999.8173682768695,0.9132420091324199,217,214,2,0,212,209,11161,5,0,0,5,5
2020-06-09,US,Louisiana,Morehouse,135,5,0,32.81686191,-91.80421614,22067.0,542.7353863471899,3.703703703703704,130,134,5,0,129,133,25398,1,0,0,1,1
2020-06-09,US,Louisiana,Natchitoches,179,13,0,31.72321584,-93.09816516,22069.0,469.1021542009539,7.2625698324022325,166,177,13,0,164,177,38659,2,0,0,2,0
2020-06-09,US,Louisiana,Orleans,7247,513,0,30.06971951,-89.92660315,22071.0,1857.5192749343832,7.078791223954741,6734,7237,512,0,6725,7230,391006,10,1,0,9,7
2020-06-09,US,Louisiana,Ouachita,1543,56,0,32.47645559,-92.15704172,22073.0,1006.6610559828807,3.6292935839274136,1487,1500,54,0,1446,1470,154475,43,2,0,41,30
2020-06-09,US,Louisiana,Plaquemines,219,17,0,29.42245447,-89.60322085,22075.0,944.0875975341639,7.762557077625572,202,218,17,0,201,218,23410,1,0,0,1,0
2020-06-09,US,Louisiana,Pointe Coupee,215,25,0,30.71409502,-91.60209535,22077.0,989.4155545329038,11.627906976744184,190,214,25,0,189,213,21940,1,0,0,1,1
2020-06-09,US,Louisiana,Rapides,992,38,0,31.19778499,-92.52997303,22079.0,765.1487103541898,3.8306451612903225,954,975,38,0,937,957,130562,17,0,0,17,18
2020-06-09,US,Louisiana,Red River,52,7,0,32.09530039,-93.34213308,22081.0,615.9677801468846,13.461538461538463,45,51,7,0,44,51,8477,1,0,0,1,0
2020-06-09,US,Louisiana,Richland,157,3,0,32.41391005,-91.76634876,22083.0,780.2405327502237,1.9108280254777068,154,156,3,0,153,153,20192,1,0,0,1,3
2020-06-09,US,Louisiana,Sabine,52,0,0,31.56388699,-93.55433981,22085.0,217.718975046056,0.0,52,51,0,0,51,51,24032,1,0,0,1,0
2020-06-09,US,Louisiana,St. Bernard,555,23,0,29.87761636,-89.51887093,22087.0,1174.752349504699,4.144144144144144,532,555,23,0,532,552,46721,0,0,0,0,3
2020-06-09,US,Louisiana,St. Charles,652,45,0,29.90709658,-90.35555967,22089.0,1227.8719397363463,6.901840490797546,607,649,45,0,604,649,52879,3,0,0,3,0
2020-06-09,US,Louisiana,St. Helena,55,1,0,30.82210324,-90.71013176,22091.0,542.8345834978287,1.818181818181818,54,55,1,0,54,55,10262,0,0,0,0,0
2020-06-09,US,Louisiana,St. James,305,27,0,30.02531716,-90.80212061,22093.0,1445.7717102768295,8.852459016393443,278,304,27,0,277,304,21037,1,0,0,1,0
2020-06-09,US,Louisiana,St. John the Baptist,881,84,0,30.12597499,-90.4753503,22095.0,2056.6332843102923,9.534619750283767,797,877,84,0,793,877,43184,4,0,0,4,0
2020-06-09,US,Louisiana,St. Landry,316,54,0,30.59724262,-92.00135806,22097.0,384.78398519312265,17.088607594936708,262,311,54,0,257,309,82764,5,0,0,5,2
2020-06-09,US,Louisiana,St. Martin,291,25,0,30.13112107,-91.61403569,22099.0,544.6276506148116,8.59106529209622,266,288,24,0,264,286,53621,3,1,0,2,2
2020-06-09,US,Louisiana,St. Mary,342,32,0,29.69262097,-91.44702164,22101.0,693.0372051552241,9.35672514619883,310,339,32,0,307,339,49774,3,0,0,3,0
2020-06-09,US,Louisiana,St. Tammany,1863,166,0,30.40942847,-89.95642711,22103.0,715.3855901451124,8.910359634997318,1697,1849,166,0,1683,1846,258111,14,0,0,14,3
2020-06-09,US,Louisiana,Tangipahoa,965,39,0,30.62888673,-90.40664996,22105.0,716.0984876593598,4.041450777202074,926,944,39,0,905,944,133777,21,0,0,21,0
2020-06-09,US,Louisiana,Tensas,21,0,0,32.00760749,-91.32915234,22107.0,484.5408398707891,0.0,21,21,0,0,21,21,4462,0,0,0,0,0
2020-06-09,US,Louisiana,Terrebonne,756,55,0,29.37343766,-90.82626855,22109.0,684.4044504395216,7.275132275132276,701,748,55,0,693,744,111021,8,0,0,8,4
2020-06-09,US,Louisiana,Unassigned,195,113,0,0.0,0.0,90022.0,0.0,57.948717948717956,82,120,113,0,7,120,,75,0,0,75,0
2020-06-09,US,Louisiana,Union,366,20,0,32.83121059,-92.3749373,22111.0,1655.5093178939749,5.464480874316941,346,349,20,0,329,348,22330,17,0,0,17,1
2020-06-09,US,Louisiana,Vermilion,61,4,0,29.83517605,-92.30292538,22113.0,102.50205844297692,6.557377049180328,57,61,4,0,57,61,59830,0,0,0,0,0
2020-06-09,US,Louisiana,Vernon,39,3,0,31.10884837,-93.18153838,22115.0,82.22817263699424,7.6923076923076925,36,34,3,0,31,34,48860,5,0,0,5,0
2020-06-09,US,Louisiana,Washington,489,42,0,30.85288548,-90.03866652,22117.0,1058.5790362384726,8.588957055214724,447,478,42,0,436,465,46582,11,0,0,11,13
2020-06-09,US,Louisiana,Webster,195,8,0,32.70847669,-93.33121835,22119.0,508.6071987480438,4.102564102564102,187,185,8,0,177,182,38798,10,0,0,10,3
2020-06-09,US,Louisiana,West Baton Rouge,192,31,0,30.46058217,-91.30989571,22121.0,725.4864915926697,16.145833333333332,161,186,31,0,155,185,26427,6,0,0,6,1
2020-06-09,US,Louisiana,West Carroll,90,1,0,32.78550125,-91.461201,22123.0,831.0249307479223,1.1111111111111112,89,86,1,0,85,84,10982,4,0,0,4,2
2020-06-09,US,Louisiana,West Feliciana,224,13,0,30.87882871,-91.4148538,22125.0,1438.8489208633093,5.803571428571429,211,222,13,0,209,222,15460,2,0,0,2,0
2020-06-09,US,Louisiana,Winn,190,2,0,31.94449367,-92.63789413,22127.0,1366.5132336018412,1.0526315789473684,188,187,2,0,185,186,14134,3,0,0,3,1
2020-06-09,US,Maine,Androscoggin,381,3,0,44.1664747,-70.20380627,23001.0,351.87528283938417,0.7874015748031497,378,376,3,0,373,367,107679,5,0,0,5,9
2020-06-09,US,Maine,Aroostook,10,1,0,46.65926321,-68.59841248,23003.0,14.913131011855938,10.0,9,10,1,0,9,10,67111,0,0,0,0,0
2020-06-09,US,Maine,Cumberland,1324,57,0,43.8370751,-70.37226999,23005.0,448.80899516276105,4.305135951661631,1267,1311,56,0,1255,1307,293557,13,1,0,12,4
2020-06-09,US,Maine,Franklin,36,1,0,44.97330019,-70.44381045,23007.0,119.20924533924965,2.7777777777777777,35,36,1,0,35,36,29897,0,0,0,0,0
2020-06-09,US,Maine,Hancock,12,1,0,44.59816444,-68.38401854,23009.0,21.82334006219652,8.333333333333334,11,12,1,0,11,12,54811,0,0,0,0,0
2020-06-09,US,Maine,Kennebec,131,9,0,44.40759555,-69.76738544,23011.0,107.11190332128665,6.870229007633588,122,131,9,0,122,130,122083,0,0,0,0,1
2020-06-09,US,Maine,Knox,21,1,0,44.11486325,-69.10529169,23013.0,52.800965503369206,4.761904761904762,20,21,1,0,20,21,39771,0,0,0,0,0
2020-06-09,US,Maine,Lincoln,20,0,0,44.05996956,-69.54227124,23015.0,57.746722873476934,0.0,20,20,0,0,20,20,34342,0,0,0,0,0
2020-06-09,US,Maine,Oxford,31,0,0,44.49952995,-70.75682123,23017.0,53.47132384648555,0.0,31,31,0,0,31,31,57618,0,0,0,0,0
2020-06-09,US,Maine,Penobscot,101,2,0,45.40194593,-68.65020455,23019.0,66.38273260246602,1.98019801980198,99,101,2,0,99,101,151096,0,0,0,0,0
2020-06-09,US,Maine,Piscataquis,1,0,0,45.83839062,-69.2860223,23021.0,5.957700327673518,0.0,1,1,0,0,1,1,16800,0,0,0,0,0
2020-06-09,US,Maine,Sagadahoc,30,0,0,43.95415864,-69.85074999,23023.0,83.66800535475234,0.0,30,30,0,0,30,30,35634,0,0,0,0,0
2020-06-09,US,Maine,Somerset,24,0,0,45.51229767,-69.95995554,23025.0,47.53981459472308,0.0,24,24,0,0,24,22,50592,0,0,0,0,2
2020-06-09,US,Maine,Unassigned,2,0,0,0.0,0.0,90023.0,0.0,0.0,2,2,0,0,2,2,,0,0,0,0,0
2020-06-09,US,Maine,Waldo,53,14,0,44.4858305,-69.12061935,23027.0,133.450837215158,26.41509433962264,39,53,14,0,39,52,39694,0,0,0,0,1
2020-06-09,US,Maine,Washington,1,0,0,45.01607142,-67.62813524,23029.0,3.1868447050575224,0.0,1,1,0,0,1,1,31490,0,0,0,0,0
2020-06-09,US,Maine,York,428,11,0,43.47808377,-70.71052375,23031.0,206.12499458199486,2.5700934579439254,417,428,11,0,417,427,206229,0,0,0,0,1
2020-06-09,US,Maryland,Allegany,186,17,0,39.62357628,-78.69280486,24001.0,264.1445126107703,9.13978494623656,169,185,16,0,169,184,70975,1,1,0,0,1
2020-06-09,US,Maryland,Anne Arundel,4309,186,0,39.00670238,-76.60329337,24003.0,743.9135133642018,4.316546762589929,4123,4267,185,0,4082,4236,576031,42,1,0,41,31
2020-06-09,US,Maryland,Baltimore,6852,398,0,39.45784712,-76.62911955,24005.0,828.1663584611481,5.808523058960887,6454,6814,388,0,6426,6753,828431,38,10,0,28,61
2020-06-09,US,Maryland,Baltimore City,6355,287,0,39.30211911,-76.61151012,24510.0,1070.784680449544,4.516129032258065,6068,6296,282,0,6014,6229,621342,59,5,0,54,67
2020-06-09,US,Maryland,Calvert,363,21,0,38.53961642,-76.56820632,24009.0,392.3263982707376,5.785123966942148,342,362,21,0,341,358,92003,1,0,0,1,4
2020-06-09,US,Maryland,Caroline,273,1,0,38.87172293,-75.82904158,24011.0,817.2184637490271,0.3663003663003663,272,272,1,0,271,272,33304,1,0,0,1,0
2020-06-09,US,Maryland,Carroll,963,102,0,39.56453592,-77.02373735,24013.0,571.6931735204545,10.59190031152648,861,954,101,0,853,952,168429,9,1,0,8,2
2020-06-09,US,Maryland,Cecil,417,25,0,39.56647682,-75.94627411,24015.0,405.42511302318803,5.9952038369304566,392,408,24,0,384,404,102826,9,1,0,8,4
2020-06-09,US,Maryland,Charles,1216,82,0,38.51092331,-76.98580666,24017.0,744.8378936278383,6.74342105263158,1134,1211,80,0,1131,1202,161503,5,2,0,3,9
2020-06-09,US,Maryland,Dorchester,157,4,0,38.45413522,-76.02752426,24019.0,491.7159948636036,2.5477707006369426,153,156,4,0,152,155,31998,1,0,0,1,1
2020-06-09,US,Maryland,Frederick,2152,111,0,39.47296601,-77.39999394,24021.0,829.1369193248238,5.157992565055762,2041,2135,111,0,2024,2114,255648,17,0,0,17,21
2020-06-09,US,Maryland,Garrett,10,0,0,39.52786077,-79.27355126,24023.0,34.46611980423244,0.0,10,10,0,0,10,10,29163,0,0,0,0,0
2020-06-09,US,Maryland,Harford,969,55,0,39.55010644,-76.30775940000002,24025.0,379.3439580959987,5.6759545923632615,914,961,53,0,908,957,253956,8,2,0,6,4
2020-06-09,US,Maryland,Howard,2191,71,0,39.25305293,-76.93126208,24027.0,672.7255979612515,3.2405294386125063,2120,2156,68,0,2088,2125,323196,35,3,0,32,31
2020-06-09,US,Maryland,Kent,188,19,0,39.24976208,-76.04741541,24029.0,967.9744619503656,10.106382978723405,169,187,19,0,168,187,19383,1,0,0,1,0
2020-06-09,US,Maryland,Montgomery,12968,667,0,39.13676329,-77.20358245,24031.0,1234.2388987025645,5.143429981492906,12301,12818,659,0,12159,12734,1052567,150,8,0,142,84
2020-06-09,US,Maryland,Prince George's,16636,607,0,38.83070039,-76.8496441,24033.0,1829.484882775943,3.6487136330848764,16029,16523,602,0,15921,16434,909308,113,5,0,108,89
2020-06-09,US,Maryland,Queen Anne's,177,12,0,39.06198912,-76.03530977,24035.0,351.3229193545185,6.779661016949151,165,177,12,0,165,170,50251,0,0,0,0,7
2020-06-09,US,Maryland,Somerset,77,3,0,38.1163542,-75.75118623,24039.0,300.5933791380387,3.8961038961038965,74,77,4,0,73,76,25675,0,-1,0,1,1
2020-06-09,US,Maryland,St. Mary's,561,34,0,38.30058422,-76.60629279999998,24037.0,494.2295832966257,6.0606060606060606,527,553,34,0,519,553,112664,8,0,0,8,0
2020-06-09,US,Maryland,Talbot,108,4,0,38.76618159,-76.10882561,24041.0,290.4709394583254,3.703703703703704,104,108,4,0,104,108,36968,0,0,0,0,0
2020-06-09,US,Maryland,Unassigned,0,40,0,0.0,0.0,90024.0,0.0,0.0,-40,0,44,0,-44,0,,0,-4,0,4,0
2020-06-09,US,Maryland,Washington,545,17,0,39.60835778,-77.82002295,24043.0,360.8100682559964,3.1192660550458715,528,551,16,0,535,548,150926,-6,1,0,-7,3
2020-06-09,US,Maryland,Wicomico,990,33,0,38.37301947,-75.62705831,24045.0,955.5154474997347,3.333333333333333,957,984,32,0,952,977,103195,6,1,0,5,7
2020-06-09,US,Maryland,Worcester,241,15,0,38.21274277,-75.33200012,24047.0,461.0146147371642,6.224066390041495,226,239,16,0,223,235,51823,2,-1,0,3,4
2020-06-09,US,Massachusetts,Barnstable,1462,123,0,41.72980578,-70.28854339,25001.0,686.4172026855721,8.41313269493844,1339,1458,123,0,1335,1456,213413,4,0,0,4,2
2020-06-09,US,Massachusetts,Berkshire,575,41,0,42.37428441,-73.20524838,25003.0,460.20617236521963,7.130434782608695,534,575,41,0,534,574,126348,0,0,0,0,1
2020-06-09,US,Massachusetts,Bristol,7728,481,0,41.79228404,-71.10872211,25005.0,1367.2624850278744,6.224120082815736,7247,7698,473,0,7225,7683,564022,30,8,0,22,15
2020-06-09,US,Massachusetts,Dukes and Nantucket,56,1,0,41.40674725,-70.68763497,0.0,194.91141972085904,1.7857142857142858,55,55,1,0,54,55,26707,1,0,0,1,0
2020-06-09,US,Massachusetts,Essex,15271,1016,0,42.6687626,-70.94687179,25009.0,1935.4045579784906,6.6531333900857845,14255,15236,1006,0,14230,15217,790638,35,10,0,25,19
2020-06-09,US,Massachusetts,Franklin,341,49,0,42.58119713,-72.58602547,25011.0,485.8934169278997,14.369501466275661,292,338,49,0,289,338,70963,3,0,0,3,0
2020-06-09,US,Massachusetts,Hampden,6380,625,0,42.13440424,-72.63235561,25013.0,1368.0066556311274,9.796238244514107,5755,6365,622,0,5743,6353,470406,15,3,0,12,12
2020-06-09,US,Massachusetts,Hampshire,905,100,0,42.33997957,-72.65898478,25015.0,562.7059628178822,11.049723756906078,805,907,100,0,807,905,161355,-2,0,0,-2,2
2020-06-09,US,Massachusetts,Middlesex,22845,1720,0,42.48607732,-71.39049229,25017.0,1417.448295246197,7.528999781133728,21125,22812,1711,0,21101,22754,1614714,33,9,0,24,58
2020-06-09,US,Massachusetts,Norfolk,8753,870,0,42.16073095,-71.20530408,25021.0,1238.4422199426974,9.939449331657718,7883,8715,866,0,7849,8713,705388,38,4,0,34,2
2020-06-09,US,Massachusetts,Plymouth,8404,603,0,41.94070556,-70.80802823,25023.0,1612.4266599130472,7.175154688243692,7801,8372,595,0,7777,8363,518132,32,8,0,24,9
2020-06-09,US,Massachusetts,Suffolk,19067,935,0,42.3279514,-71.07850442,25025.0,2371.7917619824184,4.903760423768816,18132,19028,931,0,18097,19001,807252,39,4,0,35,27
2020-06-09,US,Massachusetts,Unassigned,299,10,0,0.0,0.0,90025.0,0.0,3.3444816053511706,289,309,8,0,301,292,,-10,2,0,-12,17
2020-06-09,US,Massachusetts,Worcester,11803,834,0,42.35026951,-71.90493363,25027.0,1420.9833113016514,7.0660001694484444,10969,11758,827,0,10931,11732,830839,45,7,0,38,26
2020-06-09,US,Michigan,Alcona,21,1,0,44.6846864,-83.59507875,26001.0,201.8260451705911,4.761904761904762,20,17,1,0,16,17,10362,4,0,0,4,0
2020-06-09,US,Michigan,Allegan,273,6,0,42.59147037,-85.89102866,26005.0,231.1972290207569,2.1978021978021984,267,226,6,0,220,226,117327,47,0,0,47,0
2020-06-09,US,Michigan,Alpena,107,9,0,45.03477666,-83.62212411,26007.0,376.694243971132,8.411214953271028,98,95,9,0,86,95,28360,12,0,0,12,0
2020-06-09,US,Michigan,Antrim,13,0,0,44.99690221,-85.15503082,26009.0,55.73658034642428,0.0,13,12,0,0,12,12,23365,1,0,0,1,0
2020-06-09,US,Michigan,Arenac,38,1,0,44.0636262,-83.89277559,26011.0,255.32486729825973,2.631578947368421,37,34,1,0,33,34,15041,4,0,0,4,0
2020-06-09,US,Michigan,Baraga,1,0,0,46.6720582,-88.36363591,26013.0,12.181751735899622,0.0,1,1,0,0,1,1,8320,0,0,0,0,0
2020-06-09,US,Michigan,Barry,87,2,0,42.59513984,-85.30834519,26015.0,141.34849715678308,2.2988505747126435,85,67,2,0,65,67,61157,20,0,0,20,0
2020-06-09,US,Michigan,Bay,385,27,0,43.70639106,-83.98731479,26017.0,373.32971316641783,7.012987012987013,358,331,25,0,306,331,103923,54,2,0,52,0
2020-06-09,US,Michigan,Benzie,5,0,0,44.63899297,-86.01608482,26019.0,28.14364516492176,0.0,5,4,0,0,4,4,17753,1,0,0,1,0
2020-06-09,US,Michigan,Berrien,806,57,0,41.95447397,-86.41313079999998,26021.0,525.4203036486074,7.07196029776675,749,648,53,0,595,648,154141,158,4,0,154,0
2020-06-09,US,Michigan,Branch,153,2,0,41.91600556,-85.05929476,26023.0,351.5867362180297,1.30718954248366,151,127,2,0,125,127,43622,26,0,0,26,0
2020-06-09,US,Michigan,Calhoun,470,26,0,42.24633834,-85.00493569,26025.0,350.3305778963767,5.531914893617022,444,407,24,0,383,407,134487,63,2,0,61,0
2020-06-09,US,Michigan,Cass,108,4,0,41.91522292,-85.99405727,26027.0,208.54654643057137,3.703703703703704,104,88,3,0,85,88,51653,20,1,0,19,0
2020-06-09,US,Michigan,Charlevoix,19,1,0,45.37790017,-85.19614053,26029.0,72.67719848525418,5.2631578947368425,18,15,1,0,14,15,26244,4,0,0,4,0
2020-06-09,US,Michigan,Cheboygan,26,1,0,45.44787015,-84.50122149,26031.0,102.86437727488527,3.8461538461538463,25,21,1,0,20,21,25413,5,0,0,5,0
2020-06-09,US,Michigan,Chippewa,3,0,0,46.29552653,-84.54353449,26033.0,8.032343570108972,0.0,3,2,0,0,2,2,37517,1,0,0,1,0
2020-06-09,US,Michigan,Clare,23,2,0,43.98794227,-84.84819859999998,26035.0,74.31340872374798,8.695652173913043,21,20,2,0,18,20,30757,3,0,0,3,0
2020-06-09,US,Michigan,Clinton,186,11,0,42.94400871,-84.60145248,26037.0,233.68302029021928,5.913978494623656,175,142,11,0,131,142,79332,44,0,0,44,0
2020-06-09,US,Michigan,Crawford,63,5,0,44.68255561,-84.61006219,26039.0,449.0697840188182,7.936507936507938,58,59,5,0,54,59,13901,4,0,0,4,0
2020-06-09,US,Michigan,Delta,20,2,0,45.90484910000001,-86.9080745,26041.0,55.8909009613235,10.0,18,17,2,0,15,17,35857,3,0,0,3,0
2020-06-09,US,Michigan,Dickinson,6,2,0,46.00999672,-87.86961634,26043.0,23.772732675621064,33.333333333333336,4,5,2,0,3,5,25383,1,0,0,1,0
2020-06-09,US,Michigan,Eaton,252,7,0,42.59599185,-84.83740035,26045.0,228.5341168788769,2.7777777777777777,245,193,7,0,186,193,109826,59,0,0,59,0
2020-06-09,US,Michigan,Emmet,26,2,0,45.52625509,-84.89083249,26047.0,77.80936705072574,7.6923076923076925,24,21,2,0,19,21,33308,5,0,0,5,0
2020-06-09,US,Michigan,Federal Correctional Institution (FCI),156,5,0,0.0,0.0,0.0,0.0,3.2051282051282053,151,154,4,0,150,154,,2,1,0,1,0
2020-06-09,US,Michigan,Genesee,2552,281,0,43.02244215,-83.70589709,26049.0,628.8610764071136,11.010971786833856,2271,2050,254,0,1796,2050,406892,502,27,0,475,0
2020-06-09,US,Michigan,Gladwin,19,1,0,43.98901072,-84.38774817,26051.0,74.65912216590044,5.2631578947368425,18,18,1,0,17,18,25337,1,0,0,1,0
2020-06-09,US,Michigan,Gogebic,6,1,0,46.40862701,-89.69377193,26053.0,42.933810375670845,16.666666666666668,5,5,1,0,4,5,15096,1,0,0,1,0
2020-06-09,US,Michigan,Grand Traverse,35,5,0,44.69565625,-85.55585247,26055.0,37.59883121347542,14.285714285714285,30,28,5,0,23,28,92573,7,0,0,7,0
2020-06-09,US,Michigan,Gratiot,88,11,0,43.29265605,-84.60505416,26057.0,216.15779519048905,12.5,77,77,11,0,66,77,40599,11,0,0,11,0
2020-06-09,US,Michigan,Hillsdale,179,25,0,41.88753639,-84.59312019,26059.0,392.50082227825897,13.966480446927376,154,170,24,0,146,170,45749,9,1,0,8,0
2020-06-09,US,Michigan,Houghton,8,0,0,46.89988536,-88.68495385,26061.0,22.419011321600717,0.0,8,7,0,0,7,7,36219,1,0,0,1,0
2020-06-09,US,Michigan,Huron,59,1,0,43.83353985,-83.04078453,26063.0,190.4393015073755,1.6949152542372878,58,49,1,0,48,49,31166,10,0,0,10,0
2020-06-09,US,Michigan,Ingham,808,28,0,42.59716886,-84.37472069,26065.0,276.3281191220426,3.4653465346534653,780,758,27,0,731,758,292735,50,1,0,49,0
2020-06-09,US,Michigan,Ionia,176,4,0,42.94502238,-85.07413319,26067.0,272.037343308036,2.272727272727273,172,156,4,0,152,156,64210,20,0,0,20,0
2020-06-09,US,Michigan,Iosco,110,10,0,44.35486835,-83.63484895,26069.0,437.77609742508065,9.090909090909092,100,95,9,0,86,95,25081,15,1,0,14,0
2020-06-09,US,Michigan,Iron,2,0,0,46.20974132,-88.53136251,26071.0,18.073377914332188,0.0,2,2,0,0,2,2,11117,0,0,0,0,0
2020-06-09,US,Michigan,Isabella,93,7,0,43.64060976,-84.84664923,26073.0,133.10052667735286,7.526881720430107,86,78,7,0,71,78,70562,15,0,0,15,0
2020-06-09,US,Michigan,Jackson,483,30,0,42.24807035,-84.42258681,26075.0,304.7126364267238,6.211180124223603,453,459,28,0,431,459,158823,24,2,0,22,0
2020-06-09,US,Michigan,Kalamazoo,935,61,0,42.24542231,-85.53038622,26077.0,352.74233587106613,6.524064171122996,874,865,58,0,807,865,264870,70,3,0,67,0
2020-06-09,US,Michigan,Kalkaska,30,2,0,44.68512729,-85.09085699,26079.0,166.3155560483424,6.666666666666668,28,19,2,0,17,19,17824,11,0,0,11,0
2020-06-09,US,Michigan,Kent,4225,107,0,43.03197711,-85.54934642,26081.0,643.1186306520234,2.532544378698225,4118,3894,95,0,3799,3894,653786,331,12,0,319,0
2020-06-09,US,Michigan,Lake,7,0,0,43.99050893,-85.802173,26085.0,59.05677887454653,0.0,7,6,0,0,6,6,11881,1,0,0,1,0
2020-06-09,US,Michigan,Lapeer,226,31,0,43.09052506,-83.22153148,26087.0,257.97025351855444,13.716814159292035,195,192,30,0,162,192,88028,34,1,0,33,0
2020-06-09,US,Michigan,Leelanau,12,0,0,44.94430054,-85.80150326,26089.0,55.144524608244105,0.0,12,11,0,0,11,11,21764,1,0,0,1,0
2020-06-09,US,Michigan,Lenawee,191,6,0,41.89475156,-84.06603727,26091.0,194.00513961259915,3.141361256544503,185,155,5,0,150,155,98266,36,1,0,35,0
2020-06-09,US,Michigan,Livingston,519,28,0,42.60302282,-83.91297209,26093.0,270.319539571343,5.394990366088632,491,407,27,0,380,407,191224,112,1,0,111,0
2020-06-09,US,Michigan,Luce,3,0,0,46.47227431,-85.54471223,26095.0,48.16182372772515,0.0,3,3,0,0,3,3,6283,0,0,0,0,0
2020-06-09,US,Michigan,Mackinac,8,0,0,46.07028979,-85.04980537,26097.0,74.0809334197611,0.0,8,8,0,0,8,8,10787,0,0,0,0,0
2020-06-09,US,Michigan,Macomb,6997,873,0,42.69158356,-82.92752801,26099.0,800.5977308197516,12.476775761040447,6124,6817,828,0,5989,6817,874759,180,45,0,135,0
2020-06-09,US,Michigan,Manistee,12,1,0,44.33352407,-86.05626916,26101.0,48.863913999511354,8.333333333333334,11,11,0,0,11,11,24528,1,1,0,0,0
2020-06-09,US,Michigan,Marquette,59,11,0,46.4338914,-87.64043701,26103.0,88.45709830732096,18.644067796610173,48,57,11,0,46,57,66516,2,0,0,2,0
2020-06-09,US,Michigan,Mason,38,0,0,43.99509218,-86.24988902,26105.0,130.38704364534723,0.0,38,32,0,0,32,32,29100,6,0,0,6,0
2020-06-09,US,Michigan,Mecosta,24,2,0,43.64064262,-85.32463223,26107.0,55.23208984419948,8.333333333333334,22,21,2,0,19,21,43545,3,0,0,3,0
2020-06-09,US,Michigan,Menominee,9,0,0,45.58038692,-87.55370409,26109.0,39.50834064969271,0.0,9,8,0,0,8,8,22983,1,0,0,1,0
2020-06-09,US,Michigan,Michigan Department of Corrections (MDOC),4114,69,0,0.0,0.0,0.0,0.0,1.6771998055420516,4045,3993,68,0,3925,3993,,121,1,0,120,0
2020-06-09,US,Michigan,Midland,128,9,0,43.64330771,-84.38804374,26111.0,153.92755784309009,7.03125,119,82,9,0,73,82,83209,46,0,0,46,0
2020-06-09,US,Michigan,Missaukee,22,1,0,44.33772443,-85.09256478,26113.0,145.52189443048022,4.545454545454546,21,16,1,0,15,16,15113,6,0,0,6,0
2020-06-09,US,Michigan,Monroe,560,21,0,41.92734151,-83.53749864,26115.0,372.0930232558139,3.75,539,493,20,0,473,493,150439,67,1,0,66,0
2020-06-09,US,Michigan,Montcalm,79,1,0,43.31082541,-85.15252824,26117.0,123.65389431505136,1.2658227848101269,78,68,1,0,67,68,63968,11,0,0,11,0
2020-06-09,US,Michigan,Montmorency,5,0,0,45.0275929,-84.12696227,26119.0,53.60205831903945,0.0,5,5,0,0,5,5,9265,0,0,0,0,0
2020-06-09,US,Michigan,Muskegon,714,40,0,43.29123859,-86.15176712,26121.0,411.3708906122167,5.602240896358542,674,684,38,0,646,684,173588,30,2,0,28,0
2020-06-09,US,Michigan,Newaygo,122,0,0,43.554374,-85.80070107,26123.0,249.08125765618618,0.0,122,114,0,0,114,114,48892,8,0,0,8,0
2020-06-09,US,Michigan,Oakland,11255,1056,0,42.66090111,-83.38595416,26125.0,894.9700377867402,9.38249666814749,10199,8457,1007,0,7450,8457,1259201,2798,49,0,2749,0
2020-06-09,US,Michigan,Oceana,102,3,0,43.64124435,-86.26726673,26127.0,385.38557448898626,2.9411764705882355,99,93,2,0,91,93,26625,9,1,0,8,0
2020-06-09,US,Michigan,Ogemaw,31,2,0,44.33481032,-84.12725175,26129.0,147.64013906748582,6.451612903225807,29,23,1,0,22,23,20952,8,1,0,7,0
2020-06-09,US,Michigan,Osceola,18,0,0,43.98992088,-85.32566756,26133.0,76.72634271099744,0.0,18,12,0,0,12,12,23341,6,0,0,6,0
2020-06-09,US,Michigan,Oscoda,8,1,0,44.68192279,-84.12939244,26135.0,97.07559762164786,12.5,7,5,1,0,4,5,8276,3,0,0,3,0
2020-06-09,US,Michigan,Otsego,120,10,0,45.02085831,-84.59898295,26137.0,486.4601913410085,8.333333333333334,110,102,10,0,92,102,24665,18,0,0,18,0
2020-06-09,US,Michigan,Ottawa,892,48,0,42.95996803,-85.9969107,26139.0,305.65740328273307,5.381165919282512,844,817,41,0,776,817,290494,75,7,0,68,0
2020-06-09,US,Michigan,Out of MI,42,0,0,0.0,0.0,80026.0,0.0,0.0,42,28,0,0,28,28,,14,0,0,14,0
2020-06-09,US,Michigan,Presque Isle,11,0,0,45.34018577,-83.91498656,26141.0,87.35705209656925,0.0,11,11,0,0,11,11,12738,0,0,0,0,0
2020-06-09,US,Michigan,Roscommon,24,0,0,44.33473082,-84.61067651,26143.0,99.92089595736708,0.0,24,21,0,0,21,21,23884,3,0,0,3,0
2020-06-09,US,Michigan,Saginaw,1137,115,0,43.33433923,-84.05131209999998,26145.0,596.7282288665313,10.114335971855759,1022,1081,110,0,971,1081,190800,56,5,0,51,0
2020-06-09,US,Michigan,Sanilac,42,6,0,43.42406072,-82.82055898,26151.0,102.01603109059995,14.285714285714285,36,42,5,0,37,42,41182,0,1,0,-1,0
2020-06-09,US,Michigan,Schoolcraft,4,0,0,46.19235734,-86.19972234,26153.0,49.419322955275504,0.0,4,4,0,0,4,4,8068,0,0,0,0,0
2020-06-09,US,Michigan,Shiawassee,261,27,0,42.95392800000001,-84.14585902,26155.0,383.13613810516426,10.344827586206897,234,239,26,0,213,239,68192,22,1,0,21,0
2020-06-09,US,Michigan,St. Clair,511,45,0,42.92655373,-82.67937954,26147.0,321.1251319692323,8.806262230919765,466,453,43,0,410,453,159337,58,2,0,56,0
2020-06-09,US,Michigan,St. Joseph,158,3,0,41.91441767,-85.52797979,26149.0,259.1693458434486,1.8987341772151896,155,139,3,0,136,139,61043,19,0,0,19,0
2020-06-09,US,Michigan,Tuscola,205,25,0,43.46606813,-83.41897025,26157.0,392.3820461288162,12.19512195121951,180,192,25,0,167,192,52516,13,0,0,13,0
2020-06-09,US,Michigan,Unassigned,8,0,0,0.0,0.0,90026.0,0.0,0.0,8,5901,283,0,5618,5901,,-5893,-283,0,-5610,0
2020-06-09,US,Michigan,Van Buren,179,7,0,42.25190229,-86.01939087,26159.0,236.5315749831521,3.910614525139665,172,151,6,0,145,151,75448,28,1,0,27,0
2020-06-09,US,Michigan,Washtenaw,1539,101,0,42.253105,-83.83853204,26161.0,418.6604497811486,6.562703053931124,1438,1348,100,0,1248,1348,370963,191,1,0,190,0
2020-06-09,US,Michigan,Wayne,21533,2651,0,42.28098405,-83.281255,26163.0,1230.91926511839,12.311336088793945,18882,20663,2499,0,18164,20663,1753893,870,152,0,718,0
2020-06-09,US,Michigan,Wexford,14,3,0,44.33853602,-85.57712739,26165.0,41.62825964140228,21.428571428571427,11,12,3,0,9,12,33466,2,0,0,2,0
2020-06-09,US,Minnesota,Aitkin,13,0,0,46.60962049,-93.4116826,27001.0,81.83306055646482,0.0,13,12,0,0,12,12,15902,1,0,0,1,0
2020-06-09,US,Minnesota,Anoka,1627,85,0,45.27476015,-93.24604565,27003.0,455.8431697770655,5.224339274738783,1542,1616,84,0,1532,1585,353813,11,1,0,10,31
2020-06-09,US,Minnesota,Becker,45,0,0,46.93479392,-95.67158144,27005.0,130.72654910960694,0.0,45,44,0,0,44,44,34371,1,0,0,1,0
2020-06-09,US,Minnesota,Beltrami,21,0,0,47.97373527,-94.93732139,27007.0,44.50283970500975,0.0,21,21,0,0,21,21,46847,0,0,0,0,0
2020-06-09,US,Minnesota,Benton,190,3,0,45.69804958,-93.99514135,27009.0,464.6726503460589,1.5789473684210529,187,188,3,0,185,188,40545,2,0,0,2,0
2020-06-09,US,Minnesota,Big Stone,12,0,0,45.42712824,-96.41403739,27011.0,240.43277900220403,0.0,12,12,0,0,12,12,4989,0,0,0,0,0
2020-06-09,US,Minnesota,Blue Earth,153,1,0,44.03554215,-94.06699781,27013.0,226.15405081814555,0.6535947712418301,152,152,0,0,152,152,67427,1,1,0,0,0
2020-06-09,US,Minnesota,Brown,17,2,0,44.24205652,-94.72562874,27015.0,67.97824696097248,11.764705882352944,15,17,2,0,15,18,25111,0,0,0,0,-1
2020-06-09,US,Minnesota,Carlton,78,0,0,46.59180601,-92.67601019,27017.0,217.44584762064065,0.0,78,78,0,0,78,77,35837,0,0,0,0,1
2020-06-09,US,Minnesota,Carver,257,2,0,44.82017001,-93.8009918,27019.0,244.55461561152927,0.7782101167315175,255,254,2,0,252,250,103551,3,0,0,3,4
2020-06-09,US,Minnesota,Cass,12,2,0,46.95043611,-94.32603968,27021.0,40.296853487356856,16.666666666666668,10,12,2,0,10,11,29519,0,0,0,0,1
2020-06-09,US,Minnesota,Chippewa,53,1,0,45.02343421,-95.56403693,27023.0,449.1525423728813,1.8867924528301887,52,52,1,0,51,52,11924,1,0,0,1,0
2020-06-09,US,Minnesota,Chisago,70,1,0,45.5021011,-92.90861945,27025.0,123.72081514342777,1.4285714285714286,69,70,1,0,69,70,55922,0,0,0,0,0
2020-06-09,US,Minnesota,Clay,481,30,0,46.89289518,-96.48761922,27027.0,748.9645292890286,6.237006237006238,451,469,30,0,439,462,63955,12,0,0,12,7
2020-06-09,US,Minnesota,Clearwater,3,0,0,47.57992111,-95.37790562,27029.0,34.02132002721706,0.0,3,3,0,0,3,3,8810,0,0,0,0,0
2020-06-09,US,Minnesota,Cottonwood,94,0,0,44.00715262,-95.18138802,27033.0,839.5855662736693,0.0,94,92,0,0,92,90,11277,2,0,0,2,2
2020-06-09,US,Minnesota,Crow Wing,86,7,0,46.48096553,-94.06755609,27035.0,132.19583429405887,8.13953488372093,79,85,6,0,79,82,64889,1,1,0,0,3
2020-06-09,US,Minnesota,Dakota,1554,70,0,44.67172617,-93.06299363,27037.0,362.22003118728446,4.504504504504505,1484,1523,65,0,1458,1504,425423,31,5,0,26,19
2020-06-09,US,Minnesota,Dodge,55,0,0,44.02238415,-92.86244324,27039.0,262.73048629024555,0.0,55,55,0,0,55,55,20822,0,0,0,0,0
2020-06-09,US,Minnesota,Douglas,48,0,0,45.93348491,-95.45335469,27041.0,125.8488241000498,0.0,48,48,0,0,48,47,37964,0,0,0,0,1
2020-06-09,US,Minnesota,Faribault,25,0,0,43.67381499,-93.94787458,27043.0,183.1099392075002,0.0,25,24,0,0,24,23,13758,1,0,0,1,1
2020-06-09,US,Minnesota,Fillmore,20,1,0,43.67394126,-92.08980382,27045.0,94.93520672141264,5.0,19,20,1,0,19,20,21058,0,0,0,0,0
2020-06-09,US,Minnesota,Freeborn,188,0,0,43.67385583,-93.34884422,27047.0,620.8513589379478,0.0,188,185,0,0,185,177,30444,3,0,0,3,8
2020-06-09,US,Minnesota,Goodhue,83,7,0,44.40849741,-92.7234195,27049.0,179.11091929218819,8.433734939759036,76,79,7,0,72,77,46403,4,0,0,4,2
2020-06-09,US,Minnesota,Grant,5,0,0,45.93424769,-96.01139609,27051.0,83.72404554588077,0.0,5,5,0,0,5,5,6021,0,0,0,0,0
2020-06-09,US,Minnesota,Hennepin,9567,686,0,45.00761521,-93.47694895,27053.0,755.7809301785451,7.1704818647433886,8881,9480,681,0,8799,9372,1259428,87,5,0,82,108
2020-06-09,US,Minnesota,Houston,5,0,0,43.67129565,-91.49143057,27055.0,26.88172043010753,0.0,5,4,0,0,4,3,18578,1,0,0,1,1
2020-06-09,US,Minnesota,Hubbard,5,0,0,47.10778564,-94.91693868,27057.0,23.265553022195334,0.0,5,5,0,0,5,4,21332,0,0,0,0,1
2020-06-09,US,Minnesota,Isanti,43,0,0,45.56181234,-93.29487636,27059.0,105.9217656912011,0.0,43,41,0,0,41,39,39966,2,0,0,2,2
2020-06-09,US,Minnesota,Itasca,57,11,0,47.51009045,-93.63092229,27061.0,126.30179481497896,19.29824561403509,46,56,11,0,45,56,45108,1,0,0,1,0
2020-06-09,US,Minnesota,Jackson,42,0,0,43.67423373,-95.15398258,27063.0,426.5691651432053,0.0,42,42,0,0,42,42,9911,0,0,0,0,0
2020-06-09,US,Minnesota,Kanabec,12,1,0,45.9459309,-93.29275192,27065.0,73.45289832894656,8.333333333333334,11,12,1,0,11,12,16207,0,0,0,0,0
2020-06-09,US,Minnesota,Kandiyohi,526,1,0,45.1526059,-95.00586446,27067.0,1217.620778258756,0.19011406844106465,525,522,1,0,521,521,42855,4,0,0,4,1
2020-06-09,US,Minnesota,Kittson,1,0,0,48.77754106,-96.78317184,27069.0,23.266635644485806,0.0,1,1,0,0,1,1,4248,0,0,0,0,0
2020-06-09,US,Minnesota,Koochiching,9,0,0,48.24539665,-93.78352843,27071.0,73.59555155777251,0.0,9,9,0,0,9,9,12440,0,0,0,0,0
2020-06-09,US,Minnesota,Lac qui Parle,3,0,0,44.9973857,-96.17488219,27073.0,45.29669334138608,0.0,3,3,0,0,3,3,6658,0,0,0,0,0
2020-06-09,US,Minnesota,Lake,1,0,0,47.64270764,-91.44557998,27075.0,9.3976130062964,0.0,1,1,0,0,1,1,10658,0,0,0,0,0
2020-06-09,US,Minnesota,Le Sueur,50,1,0,44.37136597,-93.72844721,27079.0,173.08824038494822,2.0,49,49,1,0,48,49,28494,1,0,0,1,0
2020-06-09,US,Minnesota,Lincoln,6,0,0,44.41311883,-96.26688165,27081.0,106.40184429863451,0.0,6,6,0,0,6,6,5673,0,0,0,0,0
2020-06-09,US,Minnesota,Lyon,145,2,0,44.41327865,-95.83806103,27083.0,569.2078197377717,1.3793103448275863,143,144,2,0,142,133,25629,1,0,0,1,11
2020-06-09,US,Minnesota,Mahnomen,6,1,0,47.32557075,-95.80921485,27087.0,108.5579880586213,16.666666666666668,5,6,1,0,5,6,5519,0,0,0,0,0
2020-06-09,US,Minnesota,Marshall,12,0,0,48.35825983,-96.37017407,27089.0,128.53470437017995,0.0,12,12,0,0,12,12,9390,0,0,0,0,0
2020-06-09,US,Minnesota,Martin,142,5,0,43.67429718,-94.55099908,27091.0,721.4347406391303,3.5211267605633805,137,140,5,0,135,137,19785,2,0,0,2,3
2020-06-09,US,Minnesota,McLeod,45,0,0,44.82367677,-94.27287017,27085.0,125.3726353327947,0.0,45,44,0,0,44,43,35873,1,0,0,1,1
2020-06-09,US,Minnesota,Meeker,47,1,0,45.12328869,-94.52839455,27093.0,202.3942812849884,2.127659574468085,46,47,1,0,46,46,23141,0,0,0,0,1
2020-06-09,US,Minnesota,Mille Lacs,24,1,0,45.93705297,-93.63236823,27095.0,91.33462724055258,4.166666666666667,23,24,1,0,23,24,26139,0,0,0,0,0
2020-06-09,US,Minnesota,Morrison,51,0,0,46.01265363,-94.27341528,27097.0,152.75864134667225,0.0,51,51,0,0,51,51,33169,0,0,0,0,0
2020-06-09,US,Minnesota,Mower,537,2,0,43.67142874,-92.75234549,27099.0,1340.4223453646848,0.37243947858473,535,524,2,0,522,504,40011,13,0,0,13,20
2020-06-09,US,Minnesota,Murray,41,0,0,44.02216709,-95.76328482,27101.0,500.36612155235537,0.0,41,41,0,0,41,41,8276,0,0,0,0,0
2020-06-09,US,Minnesota,Nicollet,91,11,0,44.35291112,-94.24710352,27103.0,265.50738168874364,12.087912087912088,80,90,11,0,79,89,34220,1,0,0,1,1
2020-06-09,US,Minnesota,Nobles,1597,5,0,43.67434621,-95.75329576,27105.0,7383.605344676129,0.31308703819661865,1592,1597,5,0,1592,1592,21924,0,0,0,0,5
2020-06-09,US,Minnesota,Norman,16,0,0,47.32628443,-96.45620947,27107.0,250.98039215686276,0.0,16,16,0,0,16,15,6475,0,0,0,0,1
2020-06-09,US,Minnesota,Olmsted,727,12,0,44.00374114,-92.40209944,27109.0,459.274888971717,1.6506189821182944,715,722,12,0,710,711,156277,5,0,0,5,11
2020-06-09,US,Minnesota,Otter Tail,78,1,0,46.40846929,-95.70835255,27111.0,132.7749974466347,1.2820512820512822,77,77,1,0,76,76,58812,1,0,0,1,1
2020-06-09,US,Minnesota,Pennington,37,0,0,48.06642577,-96.0370814,27113.0,262.05821942063886,0.0,37,36,0,0,36,34,14178,1,0,0,1,2
2020-06-09,US,Minnesota,Pine,94,0,0,46.12105238,-92.74070188,27115.0,317.793028838027,0.0,94,93,0,0,93,93,29483,1,0,0,1,0
2020-06-09,US,Minnesota,Pipestone,14,0,0,44.02301619,-96.25841142,27117.0,153.40784571553803,0.0,14,14,0,0,14,14,9047,0,0,0,0,0
2020-06-09,US,Minnesota,Polk,67,2,0,47.77372465,-96.40134647,27119.0,213.62071164392296,2.985074626865672,65,64,2,0,62,64,31529,3,0,0,3,0
2020-06-09,US,Minnesota,Pope,10,0,0,45.58606667,-95.44451209,27121.0,88.8967908258512,0.0,10,10,0,0,10,10,11097,0,0,0,0,0
2020-06-09,US,Minnesota,Ramsey,3626,164,0,45.01625271,-93.09872295,27123.0,658.8881761735422,4.522890237175951,3462,3553,158,0,3395,3507,550210,73,6,0,67,46
2020-06-09,US,Minnesota,Red Lake,4,0,0,47.87197525,-96.09561104,27125.0,98.64364981504316,0.0,4,4,0,0,4,4,3999,0,0,0,0,0
2020-06-09,US,Minnesota,Redwood,8,0,0,44.40555844,-95.25207021,27127.0,52.735662491760046,0.0,8,8,0,0,8,7,15249,0,0,0,0,1
2020-06-09,US,Minnesota,Renville,8,0,0,44.72836381,-94.94553734,27129.0,54.99037668408029,0.0,8,8,0,0,8,8,14612,0,0,0,0,0
2020-06-09,US,Minnesota,Rice,593,3,0,44.3543376,-93.29658715,27131.0,885.4446634414383,0.5059021922428331,590,587,3,0,584,576,66523,6,0,0,6,11
2020-06-09,US,Minnesota,Rock,23,0,0,43.67482683,-96.25296832,27133.0,246.9135802469136,0.0,23,23,0,0,23,23,9414,0,0,0,0,0
2020-06-09,US,Minnesota,Roseau,5,0,0,48.77501878,-95.81079919,27135.0,32.97065611605671,0.0,5,5,0,0,5,4,15150,0,0,0,0,1
2020-06-09,US,Minnesota,Scott,496,2,0,44.6490231,-93.53340251,27139.0,332.85686483729614,0.4032258064516129,494,493,2,0,491,486,147381,3,0,0,3,7
2020-06-09,US,Minnesota,Sherburne,261,2,0,45.44447208,-93.77617511,27141.0,268.4135831670746,0.7662835249042146,259,257,2,0,255,254,96036,4,0,0,4,3
2020-06-09,US,Minnesota,Sibley,19,1,0,44.5796592,-94.23164924,27143.0,127.81701984527412,5.2631578947368425,18,19,0,0,19,19,15028,0,1,0,-1,0
2020-06-09,US,Minnesota,St. Louis,119,14,0,47.6048407,-92.46879855,27137.0,59.77796754910333,11.764705882352944,105,119,14,0,105,119,199754,0,0,0,0,0
2020-06-09,US,Minnesota,Stearns,2076,17,0,45.55192576,-94.61078221,27145.0,1288.8406022039426,0.8188824662813102,2059,2071,16,0,2055,2070,159256,5,1,0,4,1
2020-06-09,US,Minnesota,Steele,173,0,0,44.02240351,-93.22627088,27147.0,472.0456219815002,0.0,173,173,0,0,173,172,36803,0,0,0,0,1
2020-06-09,US,Minnesota,Stevens,1,0,0,45.58613007,-96.00163705,27149.0,10.198878123406423,0.0,1,1,0,0,1,1,9753,0,0,0,0,0
2020-06-09,US,Minnesota,Swift,19,1,0,45.2829032,-95.68264092,27151.0,205.05072307360246,5.2631578947368425,18,19,1,0,18,19,9345,0,0,0,0,0
2020-06-09,US,Minnesota,Todd,361,2,0,46.06996226,-94.89785296,27153.0,1463.6717482971133,0.554016620498615,359,354,2,0,352,350,24582,7,0,0,7,4
2020-06-09,US,Minnesota,Traverse,5,0,0,45.77298854,-96.47062949,27155.0,153.42129487572873,0.0,5,5,0,0,5,5,3308,0,0,0,0,0
2020-06-09,US,Minnesota,Unassigned,86,11,0,0.0,0.0,90027.0,0.0,12.790697674418604,75,88,11,0,77,87,,-2,0,0,-2,1
2020-06-09,US,Minnesota,Wabasha,20,0,0,44.28424356,-92.23121312,27157.0,92.47699634715865,0.0,20,20,0,0,20,20,21645,0,0,0,0,0
2020-06-09,US,Minnesota,Wadena,10,0,0,46.58589171,-94.96968506,27159.0,73.0887297178775,0.0,10,10,0,0,10,10,13773,0,0,0,0,0
2020-06-09,US,Minnesota,Waseca,32,0,0,44.02211116,-93.58720034,27161.0,171.93208682570386,0.0,32,30,0,0,30,30,18691,2,0,0,2,0
2020-06-09,US,Minnesota,Washington,732,36,0,45.03864533,-92.88429635,27163.0,278.9208962048468,4.918032786885246,696,731,37,0,694,721,259201,1,-1,0,2,10
2020-06-09,US,Minnesota,Watonwan,84,0,0,43.97823903,-94.61413846,27165.0,770.8543635863083,0.0,84,83,0,0,83,83,10980,1,0,0,1,0
2020-06-09,US,Minnesota,Wilkin,11,3,0,46.35721532,-96.4684375,27167.0,177.2192685677461,27.272727272727273,8,11,3,0,8,11,6254,0,0,0,0,0
2020-06-09,US,Minnesota,Winona,85,15,0,43.98772283,-91.78081305,27169.0,168.37017668964424,17.647058823529417,70,85,15,0,70,85,50825,0,0,0,0,0
2020-06-09,US,Minnesota,Wright,361,2,0,45.17297924,-93.96234781,27171.0,260.88150487436496,0.554016620498615,359,361,2,0,359,358,136349,0,0,0,0,3
2020-06-09,US,Minnesota,Yellow Medicine,7,0,0,44.71710183,-95.86842453,27173.0,72.09805335255948,0.0,7,7,0,0,7,7,9795,0,0,0,0,0
2020-06-09,US,Mississippi,Adams,222,17,0,31.47669768,-91.35326037,28001.0,723.2919558205454,7.657657657657657,205,222,17,0,205,204,31192,0,0,0,0,18
2020-06-09,US,Mississippi,Alcorn,23,1,0,34.88084463,-88.57996173,28003.0,62.241225340297134,4.3478260869565215,22,22,1,0,21,20,36925,1,0,0,1,2
2020-06-09,US,Mississippi,Amite,66,2,0,31.17467303,-90.80501621,28005.0,536.7162722615274,3.0303030303030303,64,66,2,0,64,65,12326,0,0,0,0,1
2020-06-09,US,Mississippi,Attala,319,21,0,33.08658803,-89.57838564,28007.0,1755.2547595466049,6.58307210031348,298,317,20,0,297,315,18365,2,1,0,1,2
2020-06-09,US,Mississippi,Benton,16,0,0,34.81681228,-89.18945516,28009.0,193.72805424385518,0.0,16,16,0,0,16,15,8271,0,0,0,0,1
2020-06-09,US,Mississippi,Bolivar,179,11,0,33.79696941,-90.87372121,28011.0,584.4325453833094,6.145251396648044,168,176,11,0,165,174,31333,3,0,0,3,2
2020-06-09,US,Mississippi,Calhoun,74,4,0,33.93683395,-89.33686647,28013.0,515.2844509435276,5.405405405405406,70,72,4,0,68,70,14436,2,0,0,2,2
2020-06-09,US,Mississippi,Carroll,121,11,0,33.44834567,-89.91994479,28015.0,1216.4471700010056,9.090909090909092,110,120,11,0,109,119,9911,1,0,0,1,1
2020-06-09,US,Mississippi,Chickasaw,154,15,0,33.91983202,-88.9481545,28017.0,900.4268257030931,9.74025974025974,139,153,15,0,138,147,17171,1,0,0,1,6
2020-06-09,US,Mississippi,Choctaw,62,2,0,33.34598242,-89.24809382,28019.0,755.1766138855055,3.2258064516129035,60,58,2,0,56,53,8278,4,0,0,4,5
2020-06-09,US,Mississippi,Claiborne,129,7,0,31.97061673,-90.90702196,28021.0,1435.2469959946595,5.426356589147288,122,127,7,0,120,120,9002,2,0,0,2,7
2020-06-09,US,Mississippi,Clarke,163,21,0,32.04158545,-88.68896219999998,28023.0,1048.8385560774723,12.883435582822086,142,163,21,0,142,159,15604,0,0,0,0,4
2020-06-09,US,Mississippi,Clay,137,4,0,33.65358105,-88.77784255,28025.0,709.2565748602195,2.9197080291970803,133,134,4,0,130,132,19386,3,0,0,3,2
2020-06-09,US,Mississippi,Coahoma,141,4,0,34.22772299,-90.60415045,28027.0,637.3169408786838,2.8368794326241136,137,139,4,0,135,134,22628,2,0,0,2,5
2020-06-09,US,Mississippi,Copiah,360,4,0,31.86977774,-90.44565118,28029.0,1282.7365045430251,1.1111111111111112,356,357,4,0,353,341,28543,3,0,0,3,16
2020-06-09,US,Mississippi,Covington,190,2,0,31.63225413,-89.55389939,28031.0,1019.5320884309938,1.0526315789473684,188,190,2,0,188,188,18853,0,0,0,0,2
2020-06-09,US,Mississippi,DeSoto,642,11,0,34.87625235,-89.99091418,28033.0,347.1302279055936,1.7133956386292837,631,633,11,0,622,611,182001,9,0,0,9,22
2020-06-09,US,Mississippi,Forrest,649,40,0,31.18961454,-89.25832496,28035.0,866.5233587460112,6.163328197226503,609,635,40,0,595,610,75036,14,0,0,14,25
2020-06-09,US,Mississippi,Franklin,29,2,0,31.47786634,-90.89672989,28037.0,375.9885906910411,6.896551724137932,27,29,2,0,27,30,7788,0,0,0,0,-1
2020-06-09,US,Mississippi,George,32,2,0,30.86259065,-88.64436789,28039.0,130.6122448979592,6.25,30,31,2,0,29,30,24250,1,0,0,1,1
2020-06-09,US,Mississippi,Greene,47,2,0,31.21444233,-88.63922281,28041.0,345.94435448255564,4.25531914893617,45,47,1,0,46,42,13586,0,1,0,-1,5
2020-06-09,US,Mississippi,Grenada,133,4,0,33.77036166,-89.80245083,28043.0,640.7168320647461,3.0075187969924815,129,127,4,0,123,113,21055,6,0,0,6,14
2020-06-09,US,Mississippi,Hancock,93,12,0,30.41830223,-89.48851033,28045.0,195.2468928451461,12.903225806451614,81,93,12,0,81,92,47334,0,0,0,0,1
2020-06-09,US,Mississippi,Harrison,299,7,0,30.51359752,-89.12467576,28047.0,143.6947327950788,2.34113712374582,292,288,7,0,281,281,206650,11,0,0,11,7
2020-06-09,US,Mississippi,Hinds,1186,26,0,32.2656285,-90.44435448,28049.0,511.559696342305,2.1922428330522767,1160,1164,26,0,1138,1137,237085,22,0,0,22,27
2020-06-09,US,Mississippi,Holmes,461,31,0,33.12345854,-90.08923538,28051.0,2710.170487948266,6.724511930585682,430,461,31,0,430,454,17622,0,0,0,0,7
2020-06-09,US,Mississippi,Humphreys,75,8,0,33.12825718,-90.52252707,28053.0,930.059523809524,10.666666666666666,67,74,7,0,67,70,8257,1,1,0,0,4
2020-06-09,US,Mississippi,Itawamba,93,8,0,34.27993475,-88.3606733,28057.0,397.6058144506199,8.602150537634408,85,92,8,0,84,90,23517,1,0,0,1,2
2020-06-09,US,Mississippi,Jackson,338,16,0,30.54020656,-88.64184064,28059.0,235.34818301454564,4.733727810650888,322,329,16,0,313,321,143277,9,0,0,9,8
2020-06-09,US,Mississippi,Jasper,185,4,0,32.01922104,-89.11786866,28061.0,1129.2193127021912,2.1621621621621623,181,184,4,0,180,179,16428,1,0,0,1,5
2020-06-09,US,Mississippi,Jefferson,50,1,0,31.73397872,-91.03764977,28063.0,715.307582260372,2.0,49,50,1,0,49,46,7106,0,0,0,0,4
2020-06-09,US,Mississippi,Jefferson Davis,85,3,0,31.56884708,-89.82670990000004,28065.0,763.8389647735443,3.5294117647058822,82,85,3,0,82,84,11234,0,0,0,0,1
2020-06-09,US,Mississippi,Jones,792,36,0,31.62257767,-89.16896899999998,28067.0,1163.0297512408588,4.545454545454546,756,777,36,0,741,729,68461,15,0,0,15,48
2020-06-09,US,Mississippi,Kemper,166,11,0,32.75462946,-88.64105766,28069.0,1703.9622254157255,6.626506024096385,155,163,11,0,152,159,10027,3,0,0,3,4
2020-06-09,US,Mississippi,Lafayette,157,4,0,34.35687874,-89.48490961,28071.0,290.6384790536663,2.5477707006369426,153,157,4,0,153,156,54793,0,0,0,0,1
2020-06-09,US,Mississippi,Lamar,272,5,0,31.20572971,-89.5077704,28073.0,429.4081429676523,1.8382352941176472,267,262,5,0,257,259,62447,10,0,0,10,3
2020-06-09,US,Mississippi,Lauderdale,793,71,0,32.40419769,-88.66229662,28075.0,1069.814502529511,8.953341740226984,722,785,70,0,715,779,75317,8,1,0,7,6
2020-06-09,US,Mississippi,Lawrence,109,1,0,31.55147224,-90.10841127,28077.0,866.0416335610997,0.9174311926605504,108,109,1,0,108,108,12455,0,0,0,0,1
2020-06-09,US,Mississippi,Leake,469,12,0,32.7536828,-89.52402044,28079.0,2058.281400860177,2.55863539445629,457,466,12,0,454,462,22763,3,0,0,3,4
2020-06-09,US,Mississippi,Lee,248,9,0,34.291877500000005,-88.68149954,28081.0,290.2757619738752,3.629032258064516,239,237,9,0,228,224,85202,11,0,0,11,13
2020-06-09,US,Mississippi,Leflore,322,43,0,33.55545125,-90.29900733,28083.0,1142.5327324983145,13.354037267080743,279,309,42,0,267,288,28919,13,1,0,12,21
2020-06-09,US,Mississippi,Lincoln,308,32,0,31.53288662,-90.45391915,28085.0,901.8241442918629,10.389610389610391,276,300,32,0,268,289,34205,8,0,0,8,11
2020-06-09,US,Mississippi,Lowndes,277,9,0,33.47386518,-88.44191529999998,28087.0,472.7365816195921,3.249097472924188,268,274,9,0,265,270,58930,3,0,0,3,4
2020-06-09,US,Mississippi,Madison,832,29,0,32.63389156,-90.03513564,28089.0,782.8967178560673,3.4855769230769234,803,807,29,0,778,796,105630,25,0,0,25,11
2020-06-09,US,Mississippi,Marion,129,9,0,31.23132643,-89.8209217,28091.0,524.9664265657428,6.9767441860465125,120,127,9,0,118,119,24715,2,0,0,2,8
2020-06-09,US,Mississippi,Marshall,96,3,0,34.76216286,-89.50299462,28093.0,272.0009066696889,3.125,93,93,3,0,90,90,35451,3,0,0,3,3
2020-06-09,US,Mississippi,Monroe,285,25,0,33.89236763,-88.4808438,28095.0,808.4647679564281,8.771929824561402,260,280,25,0,255,277,35564,5,0,0,5,3
2020-06-09,US,Mississippi,Montgomery,88,1,0,33.49419589,-89.61729103,28097.0,900.2557544757033,1.1363636363636365,87,86,1,0,85,85,10023,2,0,0,2,1
2020-06-09,US,Mississippi,Neshoba,805,48,0,32.75339664,-89.11726492,28099.0,2764.6129541864143,5.962732919254657,757,772,47,0,725,755,29125,33,1,0,32,17
2020-06-09,US,Mississippi,Newton,307,5,0,32.40021118,-89.11843336,28101.0,1460.6527738129223,1.6286644951140066,302,301,5,0,296,298,21443,6,0,0,6,3
2020-06-09,US,Mississippi,Noxubee,206,6,0,33.11009499,-88.56949061,28103.0,1977.5367188249975,2.9126213592233015,200,204,6,0,198,200,10535,2,0,0,2,4
2020-06-09,US,Mississippi,Oktibbeha,307,16,0,33.42491685,-88.87905132,28105.0,619.1138806542037,5.2117263843648205,291,300,16,0,284,297,49599,7,0,0,7,3
2020-06-09,US,Mississippi,Panola,105,3,0,34.36398677,-89.95064249,28107.0,307.08937763219467,2.8571428571428568,102,102,3,0,99,96,34178,3,0,0,3,6
2020-06-09,US,Mississippi,Pearl River,221,31,0,30.77090935,-89.58677275,28109.0,397.9472404789772,14.027149321266966,190,217,31,0,186,215,55387,4,0,0,4,2
2020-06-09,US,Mississippi,Perry,52,3,0,31.17161885,-88.99281835,28111.0,434.31053203040176,5.769230769230768,49,52,3,0,49,51,11931,0,0,0,0,1
2020-06-09,US,Mississippi,Pike,211,11,0,31.17507789,-90.40392572,28113.0,537.0596619833028,5.213270142180095,200,211,11,0,200,207,39563,0,0,0,0,4
2020-06-09,US,Mississippi,Pontotoc,62,3,0,34.226046000000004,-89.03636807,28115.0,192.70218188599492,4.838709677419356,59,60,3,0,57,55,31833,2,0,0,2,5
2020-06-09,US,Mississippi,Prentiss,62,3,0,34.61810501,-88.51986294,28117.0,246.7563480060495,4.838709677419356,59,57,3,0,54,56,25315,5,0,0,5,1
2020-06-09,US,Mississippi,Quitman,32,0,0,34.25157572,-90.28908,28119.0,471.14252061248527,0.0,32,32,0,0,32,32,7051,0,0,0,0,0
2020-06-09,US,Mississippi,Rankin,498,10,0,32.26469147,-89.94537876,28121.0,320.72956315087816,2.0080321285140563,488,485,9,0,476,480,153902,13,1,0,12,5
2020-06-09,US,Mississippi,Scott,677,12,0,32.406704100000006,-89.53789439,28123.0,2407.196700327123,1.7725258493353029,665,673,12,0,661,671,28287,4,0,0,4,2
2020-06-09,US,Mississippi,Sharkey,7,0,0,32.88149103,-90.8159538,28125.0,161.99953714417958,0.0,7,7,0,0,7,7,4377,0,0,0,0,0
2020-06-09,US,Mississippi,Simpson,112,0,0,31.91282117,-89.91716179,28127.0,420.13654437692253,0.0,112,108,0,0,108,105,26758,4,0,0,4,3
2020-06-09,US,Mississippi,Smith,172,11,0,32.01744532,-89.50644846,28129.0,1080.6735360643377,6.395348837209302,161,168,11,0,157,165,16002,4,0,0,4,3
2020-06-09,US,Mississippi,Stone,34,0,0,30.79187949,-89.11547539,28131.0,185.4275741710297,0.0,34,34,0,0,34,32,18717,0,0,0,0,2
2020-06-09,US,Mississippi,Sunflower,105,4,0,33.60192578,-90.58882684,28133.0,418.1600955794504,3.809523809523809,101,103,3,0,100,97,25735,2,1,0,1,6
2020-06-09,US,Mississippi,Tallahatchie,35,1,0,33.95339918,-90.1729398,28135.0,253.45788978202626,2.8571428571428568,34,35,1,0,34,32,13987,0,0,0,0,3
2020-06-09,US,Mississippi,Tate,112,1,0,34.65133709,-89.94485778,28137.0,395.4662617845415,0.8928571428571429,111,103,1,0,102,96,28759,9,0,0,9,7
2020-06-09,US,Mississippi,Tippah,87,11,0,34.76872156,-88.90988194,28139.0,395.185101067454,12.64367816091954,76,84,11,0,73,80,21995,3,0,0,3,4
2020-06-09,US,Mississippi,Tishomingo,42,0,0,34.74023475,-88.23917219,28141.0,216.68472372697724,0.0,42,41,0,0,41,37,19454,1,0,0,1,4
2020-06-09,US,Mississippi,Tunica,60,3,0,34.64967704,-90.37481167,28143.0,622.9235880398671,5.0,57,58,3,0,55,58,9944,2,0,0,2,0
2020-06-09,US,Mississippi,Union,92,7,0,34.49162015,-89.00776006,28145.0,319.2781537393719,7.608695652173912,85,92,7,0,85,91,28606,0,0,0,0,1
2020-06-09,US,Mississippi,Walthall,82,0,0,31.14971548,-90.10446654,28147.0,573.9885202295955,0.0,82,76,0,0,76,74,14465,6,0,0,6,2
2020-06-09,US,Mississippi,Warren,223,12,0,32.35810271,-90.83352619,28149.0,491.3950772349662,5.381165919282512,211,214,12,0,202,206,46176,9,0,0,9,8
2020-06-09,US,Mississippi,Washington,221,8,0,33.28392041,-90.94196237,28151.0,503.3136714568767,3.619909502262444,213,215,8,0,207,202,45063,6,0,0,6,13
2020-06-09,US,Mississippi,Wayne,335,5,0,31.64135687,-88.69573913,28153.0,1659.8127136699204,1.492537313432836,330,328,4,0,324,315,20298,7,1,0,6,13
2020-06-09,US,Mississippi,Webster,98,7,0,33.61300486,-89.28392912,28155.0,1011.4562906388687,7.142857142857142,91,98,6,0,92,96,9788,0,1,0,-1,2
2020-06-09,US,Mississippi,Wilkinson,85,9,0,31.16078225,-91.31018819,28157.0,984.936268829664,10.588235294117649,76,85,9,0,76,85,8792,0,0,0,0,0
2020-06-09,US,Mississippi,Winston,136,1,0,33.08747908,-89.03391385,28159.0,757.44917850181,0.7352941176470589,135,136,1,0,135,128,18165,0,0,0,0,8
2020-06-09,US,Mississippi,Yalobusha,123,7,0,34.02824175,-89.70762049999998,28161.0,1015.8572844400396,5.691056910569106,116,121,7,0,114,114,12392,2,0,0,2,7
2020-06-09,US,Mississippi,Yazoo,321,6,0,32.77890365,-90.39656148,28163.0,1081.1721118221624,1.8691588785046729,315,310,6,0,304,301,28248,11,0,0,11,9
2020-06-09,US,Missouri,Adair,74,0,0,40.19058551,-92.60078167,29001.0,291.99384445408987,0.0,74,72,0,0,72,72,25339,2,0,0,2,0
2020-06-09,US,Missouri,Andrew,33,0,0,39.98492163,-94.80163024,29003.0,186.31436314363143,0.0,33,33,0,0,33,33,17607,0,0,0,0,0
2020-06-09,US,Missouri,Atchison,3,0,0,40.43238737,-95.42970639,29005.0,58.331713007972,0.0,3,3,0,0,3,3,5171,0,0,0,0,0
2020-06-09,US,Missouri,Audrain,117,0,0,39.215877,-91.84242683,29007.0,460.8476445564834,0.0,117,117,0,0,117,111,25473,0,0,0,0,6
2020-06-09,US,Missouri,Barry,9,0,0,36.70978521,-93.82919888,29009.0,25.147391656654282,0.0,9,9,0,0,9,9,35886,0,0,0,0,0
2020-06-09,US,Missouri,Bates,12,1,0,38.25271289,-94.34113157,29013.0,74.20232500618353,8.333333333333334,11,12,1,0,11,12,16320,0,0,0,0,0
2020-06-09,US,Missouri,Benton,13,0,0,38.29503305,-93.28756116,29015.0,66.86210975672479,0.0,13,13,0,0,13,13,19278,0,0,0,0,0
2020-06-09,US,Missouri,Bollinger,7,0,0,37.32449052,-90.02725304,29017.0,57.6938926893596,0.0,7,7,0,0,7,7,12169,0,0,0,0,0
2020-06-09,US,Missouri,Boone,194,2,0,38.99186229,-92.30723575,29019.0,107.50126064622664,1.0309278350515465,192,193,2,0,191,189,180005,1,0,0,1,4
2020-06-09,US,Missouri,Buchanan,755,2,0,39.65816401,-94.80138942,29021.0,864.2003571265053,0.26490066225165565,753,754,2,0,752,748,88571,1,0,0,1,6
2020-06-09,US,Missouri,Butler,51,0,0,36.71462476,-90.40421163,29023.0,120.06214981872971,0.0,51,47,0,0,47,47,42639,4,0,0,4,0
2020-06-09,US,Missouri,Caldwell,8,0,0,39.65620858,-93.98308093,29025.0,88.69179600886919,0.0,8,8,0,0,8,8,9108,0,0,0,0,0
2020-06-09,US,Missouri,Callaway,34,1,0,38.83674754,-91.92186505,29027.0,75.9895402632814,2.9411764705882355,33,34,1,0,33,33,44889,0,0,0,0,1
2020-06-09,US,Missouri,Camden,38,1,0,38.02199522,-92.76083747,29029.0,82.06457186049023,2.631578947368421,37,38,1,0,37,38,45815,0,0,0,0,0
2020-06-09,US,Missouri,Cape Girardeau,87,3,0,37.38489388,-89.6843587,29031.0,110.30670335104159,3.4482758620689653,84,87,3,0,84,85,78753,0,0,0,0,2
2020-06-09,US,Missouri,Carroll,9,0,0,39.42762566,-93.50626255,29033.0,103.69858278603527,0.0,9,9,0,0,9,9,8743,0,0,0,0,0
2020-06-09,US,Missouri,Carter,5,1,0,36.94160441,-90.96051322,29035.0,83.58408559010364,20.0,4,5,1,0,4,5,6054,0,0,0,0,0
2020-06-09,US,Missouri,Cass,105,8,0,38.64789422,-94.353399,29037.0,99.26262053318209,7.6190476190476195,97,104,8,0,96,102,104954,1,0,0,1,2
2020-06-09,US,Missouri,Cedar,9,0,0,37.72391475,-93.85445441,29039.0,62.72214091574325,0.0,9,9,0,0,9,9,14165,0,0,0,0,0
2020-06-09,US,Missouri,Chariton,6,0,0,39.51499357,-92.9629191,29041.0,80.79719903043363,0.0,6,6,0,0,6,6,7451,0,0,0,0,0
2020-06-09,US,Missouri,Christian,29,0,0,36.9711783,-93.18537118,29043.0,32.733224222585925,0.0,29,29,0,0,29,29,86983,0,0,0,0,0
2020-06-09,US,Missouri,Clark,1,0,0,40.41040752,-91.73661677,29045.0,14.712373105781962,0.0,1,1,0,0,1,1,6842,0,0,0,0,0
2020-06-09,US,Missouri,Clay,249,4,0,39.31132056,-94.41850862,29047.0,99.62072110999088,1.606425702811245,245,240,4,0,236,233,246365,9,0,0,9,7
2020-06-09,US,Missouri,Clinton,20,0,0,39.6013098,-94.40465394,29049.0,98.10173149556091,0.0,20,20,0,0,20,20,20470,0,0,0,0,0
2020-06-09,US,Missouri,Cole,61,1,0,38.50455671,-92.27860244,29051.0,79.48400547266922,1.639344262295082,60,61,1,0,60,61,76796,0,0,0,0,0
2020-06-09,US,Missouri,Cooper,9,0,0,38.844478,-92.80896081,29053.0,50.82161612739286,0.0,9,9,0,0,9,9,17603,0,0,0,0,0
2020-06-09,US,Missouri,Crawford,9,0,0,37.97663738,-91.30528104,29055.0,37.625418060200666,0.0,9,9,0,0,9,9,23957,0,0,0,0,0
2020-06-09,US,Missouri,Dallas,6,0,0,37.6811355,-93.02127031,29059.0,35.549235691432635,0.0,6,5,0,0,5,5,16762,1,0,0,1,0
2020-06-09,US,Missouri,Daviess,6,0,0,39.96145298,-93.98519678,29061.0,72.4812756704518,0.0,6,5,0,0,5,5,8313,1,0,0,1,0
2020-06-09,US,Missouri,DeKalb,7,0,0,39.89201062,-94.40476508,29063.0,55.79022873993783,0.0,7,7,0,0,7,7,12630,0,0,0,0,0
2020-06-09,US,Missouri,Dunklin,49,3,0,36.27167174,-90.09122243,29069.0,168.20569153135838,6.1224489795918355,46,49,2,0,47,49,29423,0,1,0,-1,0
2020-06-09,US,Missouri,Franklin,156,18,0,38.41127108,-91.07522826,29071.0,150.04761126126562,11.538461538461537,138,153,18,0,135,150,103670,3,0,0,3,3
2020-06-09,US,Missouri,Gasconade,2,0,0,38.43947277,-91.50847147,29073.0,13.599891200870395,0.0,2,2,0,0,2,2,14705,0,0,0,0,0
2020-06-09,US,Missouri,Gentry,54,0,0,40.21097916,-94.40944419,29075.0,821.7927256125398,0.0,54,54,0,0,54,52,6628,0,0,0,0,2
2020-06-09,US,Missouri,Greene,179,8,0,37.2575872,-93.34230916,29077.0,61.074223947919734,4.46927374301676,171,176,8,0,168,174,291923,3,0,0,3,2
2020-06-09,US,Missouri,Harrison,9,0,0,40.35570088,-93.99222144,29081.0,107.75862068965515,0.0,9,9,0,0,9,9,8414,0,0,0,0,0
2020-06-09,US,Missouri,Henry,12,3,0,38.38482826,-93.79293734,29083.0,54.98533724340176,25.0,9,12,3,0,9,12,21792,0,0,0,0,0
2020-06-09,US,Missouri,Holt,2,0,0,40.09799248,-95.2163888,29087.0,45.42357483533954,0.0,2,2,0,0,2,2,4404,0,0,0,0,0
2020-06-09,US,Missouri,Howard,3,0,0,39.1435761,-92.69756691,29089.0,29.99700029997,0.0,3,3,0,0,3,3,10137,0,0,0,0,0
2020-06-09,US,Missouri,Howell,15,0,0,36.77383887,-91.88683935,29091.0,37.39063240022933,0.0,15,15,0,0,15,12,40076,0,0,0,0,3
2020-06-09,US,Missouri,Iron,3,0,0,37.55487945,-90.7735296,29093.0,29.62962962962963,0.0,3,3,0,0,3,3,10177,0,0,0,0,0
2020-06-09,US,Missouri,Jackson,727,22,0,39.01002188,-94.34724536,29095.0,103.41232214005186,3.0261348005502064,705,716,22,0,694,702,700307,11,0,0,11,14
2020-06-09,US,Missouri,Jasper,70,0,0,37.20351921,-94.34050458,29097.0,57.694843729394705,0.0,70,62,0,0,62,56,120636,8,0,0,8,6
2020-06-09,US,Missouri,Jefferson,411,20,0,38.25926778,-90.53870896,29099.0,182.60093033174724,4.866180048661801,391,407,19,0,388,398,224347,4,1,0,3,9
2020-06-09,US,Missouri,Johnson,78,0,0,38.74719601,-93.80691168,29101.0,144.2787910177204,0.0,78,78,0,0,78,77,53652,0,0,0,0,1
2020-06-09,US,Missouri,Kansas City,1594,28,0,39.0997,-94.5786,0.0,326.0093712355019,1.7565872020075282,1566,1565,27,0,1538,1527,491918,29,1,0,28,38
2020-06-09,US,Missouri,Laclede,7,0,0,37.65896829,-92.5888493,29105.0,19.595218766620945,0.0,7,7,0,0,7,7,35713,0,0,0,0,0
2020-06-09,US,Missouri,Lafayette,83,3,0,39.06986886,-93.78076396,29107.0,253.76054787819493,3.614457831325301,80,81,3,0,78,81,32598,2,0,0,2,0
2020-06-09,US,Missouri,Lawrence,8,0,0,37.10626634,-93.83293097,29109.0,20.857776039629773,0.0,8,8,0,0,8,8,38359,0,0,0,0,0
2020-06-09,US,Missouri,Lewis,7,1,0,40.09673161,-91.72070156,29111.0,71.6039279869067,14.285714285714285,6,7,1,0,6,7,9855,0,0,0,0,0
2020-06-09,US,Missouri,Lincoln,121,1,0,39.05345619,-90.95588181,29113.0,205.0395675529121,0.8264462809917356,120,121,1,0,120,121,57686,0,0,0,0,0
2020-06-09,US,Missouri,Linn,10,1,0,39.87001769,-93.10704106,29115.0,83.89261744966444,10.0,9,10,1,0,9,10,12037,0,0,0,0,0
2020-06-09,US,Missouri,Livingston,5,0,0,39.78110272,-93.54645978,29117.0,32.83640901031063,0.0,5,5,0,0,5,5,15146,0,0,0,0,0
2020-06-09,US,Missouri,Macon,6,0,0,39.83049768,-92.56453089,29121.0,39.69041476483429,0.0,6,6,0,0,6,6,15153,0,0,0,0,0
2020-06-09,US,Missouri,Madison,3,0,0,37.47865134,-90.3467143,29123.0,24.81800132362674,0.0,3,3,0,0,3,3,12188,0,0,0,0,0
2020-06-09,US,Missouri,Maries,2,0,0,38.16193985,-91.92249662,29125.0,22.996435552489363,0.0,2,2,0,0,2,2,8769,0,0,0,0,0
2020-06-09,US,Missouri,Marion,6,0,0,39.80601912,-91.62203062,29127.0,21.030494216614088,0.0,6,5,0,0,5,5,28592,1,0,0,1,0
2020-06-09,US,Missouri,McDonald,40,0,0,36.62869595,-94.34867205,29119.0,175.1543547751456,0.0,40,29,0,0,29,26,23078,11,0,0,11,3
2020-06-09,US,Missouri,Miller,4,0,0,38.21450288,-92.42610898,29131.0,15.613411920839999,0.0,4,4,0,0,4,4,25336,0,0,0,0,0
2020-06-09,US,Missouri,Mississippi,65,0,0,36.82516239,-89.29505753,29133.0,493.1714719271624,0.0,65,63,0,0,63,61,13336,2,0,0,2,2
2020-06-09,US,Missouri,Moniteau,49,0,0,38.63571781,-92.57976951,29135.0,303.74411108356065,0.0,49,49,0,0,49,49,16121,0,0,0,0,0
2020-06-09,US,Missouri,Montgomery,13,0,0,38.94022054,-91.47000721,29139.0,112.5443684529478,0.0,13,13,0,0,13,11,11534,0,0,0,0,2
2020-06-09,US,Missouri,Morgan,9,0,0,38.4181765,-92.88791859,29141.0,43.63213264168323,0.0,9,9,0,0,9,9,20358,0,0,0,0,0
2020-06-09,US,Missouri,New Madrid,23,0,0,36.59666326,-89.66070007,29143.0,134.69196533145936,0.0,23,22,0,0,22,21,17296,1,0,0,1,1
2020-06-09,US,Missouri,Newton,36,1,0,36.90519407,-94.3394104,29145.0,61.81743251596949,2.7777777777777777,35,28,1,0,27,26,58266,8,0,0,8,2
2020-06-09,US,Missouri,Nodaway,14,0,0,40.36079813,-94.88133008,29147.0,63.371356147021544,0.0,14,14,0,0,14,14,22304,0,0,0,0,0
2020-06-09,US,Missouri,Oregon,2,0,0,36.68710164,-91.4033755,29149.0,18.995156235160035,0.0,2,2,0,0,2,2,10541,0,0,0,0,0
2020-06-09,US,Missouri,Osage,6,0,0,38.46036182,-91.8613635,29151.0,44.06904149834741,0.0,6,6,0,0,6,5,13714,0,0,0,0,1
2020-06-09,US,Missouri,Pemiscot,97,5,0,36.2130572,-89.78742322,29155.0,613.7298323315407,5.154639175257731,92,94,5,0,89,91,16272,3,0,0,3,3
2020-06-09,US,Missouri,Perry,75,0,0,37.70660776,-89.82741088,29157.0,391.9314381270903,0.0,75,71,0,0,71,70,19150,4,0,0,4,1
2020-06-09,US,Missouri,Pettis,83,1,0,38.72798918,-93.28471706,29159.0,196.0367509860885,1.2048192771084338,82,81,1,0,80,81,42542,2,0,0,2,0
2020-06-09,US,Missouri,Phelps,5,0,0,37.87736118,-91.79351727,29161.0,11.217553227290065,0.0,5,5,0,0,5,5,44732,0,0,0,0,0
2020-06-09,US,Missouri,Pike,28,1,0,39.34310674,-91.16980779,29163.0,152.9887443995192,3.571428571428572,27,28,1,0,27,28,18504,0,0,0,0,0
2020-06-09,US,Missouri,Platte,80,0,0,39.38154439,-94.77068479,29165.0,76.6151429830106,0.0,80,79,0,0,79,77,102985,1,0,0,1,2
2020-06-09,US,Missouri,Polk,4,0,0,37.6162296,-93.39828174,29167.0,12.442066627266787,0.0,4,4,0,0,4,4,32201,0,0,0,0,0
2020-06-09,US,Missouri,Pulaski,109,1,0,37.82462075,-92.20783203,29169.0,207.1967608873344,0.9174311926605504,108,107,1,0,106,107,52014,2,0,0,2,0
2020-06-09,US,Missouri,Ralls,5,0,0,39.52817427,-91.51838643,29173.0,48.50130953535746,0.0,5,5,0,0,5,5,10212,0,0,0,0,0
2020-06-09,US,Missouri,Randolph,10,0,0,39.44007257,-92.4971374,29175.0,40.40730564085987,0.0,10,10,0,0,10,10,24763,0,0,0,0,0
2020-06-09,US,Missouri,Ray,24,0,0,39.3537468,-93.98905745,29177.0,104.2662264314884,0.0,24,23,0,0,23,23,22883,1,0,0,1,0
2020-06-09,US,Missouri,Reynolds,2,0,0,37.36085952,-90.97009925,29179.0,31.897926634768737,0.0,2,2,0,0,2,2,6254,0,0,0,0,0
2020-06-09,US,Missouri,Ripley,11,0,0,36.65460667,-90.85990261,29181.0,82.78145695364239,0.0,11,11,0,0,11,11,13401,0,0,0,0,0
2020-06-09,US,Missouri,Saline,283,3,0,39.13734288,-93.20259964,29195.0,1243.3548613857035,1.060070671378092,280,283,2,0,281,283,22895,0,1,0,-1,0
2020-06-09,US,Missouri,Scotland,9,0,0,40.45214695,-92.14709064,29199.0,183.5985312117503,0.0,9,9,0,0,9,9,4966,0,0,0,0,0
2020-06-09,US,Missouri,Scott,127,11,0,37.05588075,-89.56474493,29201.0,331.76593521421114,8.661417322834646,116,123,11,0,112,121,38458,4,0,0,4,2
2020-06-09,US,Missouri,Shelby,1,0,0,39.79742518,-92.07634971,29205.0,16.863406408094434,0.0,1,1,0,0,1,1,6050,0,0,0,0,0
2020-06-09,US,Missouri,St. Charles,852,65,0,38.77875681,-90.66662425,29183.0,211.92870041938,7.629107981220657,787,844,65,0,779,838,399182,8,0,0,8,6
2020-06-09,US,Missouri,St. Clair,3,0,0,38.03699437,-93.77631447,29185.0,31.925082473129727,0.0,3,3,0,0,3,3,9395,0,0,0,0,0
2020-06-09,US,Missouri,St. Francois,41,2,0,37.81214171,-90.47598685,29187.0,60.998289072379684,4.878048780487805,39,41,2,0,39,39,66692,0,0,0,0,2
2020-06-09,US,Missouri,St. Louis,5217,480,0,38.63770039999999,-90.4458375,29189.0,524.7408733611277,9.200690051753881,4737,5217,466,0,4751,5217,996945,0,14,0,-14,0
2020-06-09,US,Missouri,St. Louis City,2132,139,0,38.63555736,-90.24349225,29510.0,709.3048014478868,6.519699812382739,1993,2071,135,0,1936,2071,302838,61,4,0,57,0
2020-06-09,US,Missouri,Ste. Genevieve,12,1,0,37.89090059,-90.1949941,29186.0,67.06158488878954,8.333333333333334,11,12,1,0,11,12,17888,0,0,0,0,0
2020-06-09,US,Missouri,Stoddard,109,0,0,36.85571651,-89.9444155,29207.0,375.53832902670115,0.0,109,106,0,0,106,106,29206,3,0,0,3,0
2020-06-09,US,Missouri,Stone,10,0,0,36.75000327,-93.45256475,29209.0,31.296945418127194,0.0,10,10,0,0,10,10,31749,0,0,0,0,0
2020-06-09,US,Missouri,Sullivan,68,0,0,40.2099105,-93.11150106,29211.0,1116.767942190836,0.0,68,67,0,0,67,66,6221,1,0,0,1,1
2020-06-09,US,Missouri,Taney,14,2,0,36.65465345,-93.04075153,29213.0,25.03218423687598,14.285714285714285,12,14,2,0,12,14,55852,0,0,0,0,0
2020-06-09,US,Missouri,Texas,1,0,0,37.31728859,-91.96564727,29215.0,3.937317899047169,0.0,1,1,0,0,1,1,25571,0,0,0,0,0
2020-06-09,US,Missouri,Vernon,12,0,0,37.8457799,-94.34127305,29217.0,58.357243592860954,0.0,12,12,0,0,12,11,20528,0,0,0,0,1
2020-06-09,US,Missouri,Warren,30,0,0,38.76529479,-91.16124662,29219.0,84.15383320710258,0.0,30,29,0,0,29,29,34711,1,0,0,1,0
2020-06-09,US,Missouri,Washington,13,1,0,37.96130078,-90.87948158,29221.0,52.56773150020218,7.6923076923076925,12,13,1,0,12,13,24943,0,0,0,0,0
2020-06-09,US,Missouri,Webster,18,0,0,37.2813734,-92.876329,29225.0,45.463730046474026,0.0,18,18,0,0,18,18,39109,0,0,0,0,0
2020-06-09,US,Missouri,Worth,4,0,0,40.47945588,-94.42328751,29227.0,198.7083954297069,0.0,4,4,0,0,4,4,2040,0,0,0,0,0
2020-06-09,US,Missouri,Wright,14,0,0,37.27029221,-92.46914488,29229.0,76.54874514735633,0.0,14,14,0,0,14,14,18378,0,0,0,0,0
2020-06-09,US,Montana,Beaverhead,1,0,0,45.13434354,-112.8984694,30001.0,10.578652279699568,0.0,1,1,0,0,1,1,9404,0,0,0,0,0
2020-06-09,US,Montana,Big Horn,41,1,0,45.42335905,-107.492347,30003.0,307.83091823710487,2.4390243902439024,40,39,1,0,38,39,13338,2,0,0,2,0
2020-06-09,US,Montana,Broadwater,4,0,0,46.33277565,-111.4955813,30007.0,64.1333974667308,0.0,4,4,0,0,4,4,6085,0,0,0,0,0
2020-06-09,US,Montana,Carbon,6,0,0,45.22850116,-109.0274047,30009.0,55.94405594405596,0.0,6,6,0,0,6,6,10714,0,0,0,0,0
2020-06-09,US,Montana,Cascade,17,2,0,47.30797024,-111.3467922,30013.0,20.893247793918835,11.764705882352944,15,17,2,0,15,17,81643,0,0,0,0,0
2020-06-09,US,Montana,Deer Lodge,3,0,0,46.05953325,-113.073353,30023.0,32.822757111597376,0.0,3,3,0,0,3,3,9131,0,0,0,0,0
2020-06-09,US,Montana,Flathead,37,2,0,48.29575866,-114.0520569,30029.0,35.64341174883918,5.405405405405406,35,37,2,0,35,37,102106,0,0,0,0,0
2020-06-09,US,Montana,Gallatin,168,1,0,45.54486106,-111.1692571,30031.0,146.8095146547355,0.5952380952380952,167,164,1,0,163,162,111876,4,0,0,4,2
2020-06-09,US,Montana,Glacier,6,0,0,48.70513576,-112.9934235,30035.0,43.62684505198866,0.0,6,6,0,0,6,6,13747,0,0,0,0,0
2020-06-09,US,Montana,Golden Valley,3,0,0,46.3816474,-109.1768522,30037.0,365.40803897685754,0.0,3,3,0,0,3,3,826,0,0,0,0,0
2020-06-09,US,Montana,Hill,1,0,0,48.62879827,-110.1129252,30041.0,6.066488716330987,0.0,1,1,0,0,1,1,16347,0,0,0,0,0
2020-06-09,US,Montana,Jefferson,3,0,0,46.14907081,-112.094396,30043.0,24.547909336388184,0.0,3,3,0,0,3,3,12097,0,0,0,0,0
2020-06-09,US,Montana,Lake,5,0,0,47.64514965,-114.0898013,30047.0,16.41604832884628,0.0,5,5,0,0,5,5,30250,0,0,0,0,0
2020-06-09,US,Montana,Lewis and Clark,18,0,0,47.12610041,-112.394698,30049.0,25.924645696508808,0.0,18,18,0,0,18,18,68700,0,0,0,0,0
2020-06-09,US,Montana,Liberty,1,0,0,48.56084317,-111.024307,30051.0,42.78990158322636,0.0,1,1,0,0,1,1,2430,0,0,0,0,0
2020-06-09,US,Montana,Lincoln,7,1,0,48.54265777,-115.4046155,30053.0,35.03503503503504,14.285714285714285,6,7,1,0,6,7,19794,0,0,0,0,0
2020-06-09,US,Montana,Madison,8,1,0,45.30080065,-111.9173017,30057.0,93.02325581395347,12.5,7,8,1,0,7,8,8768,0,0,0,0,0
2020-06-09,US,Montana,Meagher,1,0,0,46.59907074,-110.8898557,30059.0,53.705692803437174,0.0,1,1,0,0,1,1,1866,0,0,0,0,0
2020-06-09,US,Montana,Missoula,40,1,0,47.03728583,-113.92135079999998,30063.0,33.44481605351171,2.5,39,40,1,0,39,40,118791,0,0,0,0,0
2020-06-09,US,Montana,Musselshell,1,0,0,46.49684637,-108.39498,30065.0,21.58428663932657,0.0,1,1,0,0,1,1,4651,0,0,0,0,0
2020-06-09,US,Montana,Park,8,0,0,45.48965095,-110.52643940000002,30067.0,48.17535830422739,0.0,8,8,0,0,8,8,16736,0,0,0,0,0
2020-06-09,US,Montana,Pondera,2,0,0,48.22773388,-112.2252703,30073.0,33.83522246658772,0.0,2,2,0,0,2,2,5972,0,0,0,0,0
2020-06-09,US,Montana,Ravalli,14,0,0,46.08520862,-114.11891640000002,30081.0,31.959092361776925,0.0,14,14,0,0,14,14,43172,0,0,0,0,0
2020-06-09,US,Montana,Richland,3,0,0,47.78668011,-104.5610786,30083.0,27.770063871146906,0.0,3,3,0,0,3,3,10913,0,0,0,0,0
2020-06-09,US,Montana,Roosevelt,7,0,0,48.29607488,-105.0079268,30085.0,63.613231552162844,0.0,7,7,0,0,7,7,11059,0,0,0,0,0
2020-06-09,US,Montana,Rosebud,1,0,0,46.23397237,-106.72928799999998,30087.0,11.189437171310285,0.0,1,1,0,0,1,1,9063,0,0,0,0,0
2020-06-09,US,Montana,Silver Bow,11,0,0,45.90018933,-112.6620092,30093.0,31.505083774881854,0.0,11,11,0,0,11,11,34993,0,0,0,0,0
2020-06-09,US,Montana,Stillwater,2,0,0,45.67071407,-109.3950061,30095.0,20.742584526031944,0.0,2,2,0,0,2,1,9534,0,0,0,0,1
2020-06-09,US,Montana,Toole,29,6,0,48.65577551,-111.6942414,30101.0,612.331081081081,20.689655172413797,23,29,6,0,23,29,4853,0,0,0,0,0
2020-06-09,US,Montana,Wheatland,1,0,0,46.46652491,-109.8464636,30107.0,47.036688617121364,0.0,1,1,0,0,1,1,2236,0,0,0,0,0
2020-06-09,US,Montana,Yellowstone,105,3,0,45.93955949,-108.2691486,30111.0,65.09609423434594,2.8571428571428568,102,105,3,0,102,105,160137,0,0,0,0,0
2020-06-09,US,Nebraska,Adams,277,11,0,40.52449420000001,-98.50117804,31001.0,883.2063259254536,3.9711191335740073,266,276,11,0,265,275,31511,1,0,0,1,1
2020-06-09,US,Nebraska,Antelope,8,0,0,42.17695516,-98.0666283,31003.0,127.02445220704986,0.0,8,8,0,0,8,8,6336,0,0,0,0,0
2020-06-09,US,Nebraska,Boone,7,0,0,41.70759415,-98.06737183,31011.0,134.82280431432974,0.0,7,7,0,0,7,7,5239,0,0,0,0,0
2020-06-09,US,Nebraska,Box Butte,3,0,0,42.22079243,-103.0878834,31013.0,27.821570991375317,0.0,3,3,0,0,3,3,10772,0,0,0,0,0
2020-06-09,US,Nebraska,Boyd,1,0,0,42.8997274,-98.76486568,31015.0,52.11047420531528,0.0,1,1,0,0,1,1,1955,0,0,0,0,0
2020-06-09,US,Nebraska,Buffalo,175,1,0,40.85486962,-99.07500296,31019.0,352.4033911274895,0.5714285714285714,174,174,1,0,173,174,49615,1,0,0,1,0
2020-06-09,US,Nebraska,Burt,10,0,0,41.85056773,-96.32605633,31021.0,154.82272797646695,0.0,10,10,0,0,10,10,6488,0,0,0,0,0
2020-06-09,US,Nebraska,Butler,51,0,0,41.22703692,-97.13106306,31023.0,636.2275449101796,0.0,51,51,0,0,51,51,8058,0,0,0,0,0
2020-06-09,US,Nebraska,Cass,57,0,0,40.90899107,-96.13971217,31025.0,217.15940262115208,0.0,57,55,0,0,55,55,26159,2,0,0,2,0
2020-06-09,US,Nebraska,Cedar,8,0,0,42.5988851,-97.25311951,31027.0,95.21542489883362,0.0,8,8,0,0,8,8,8446,0,0,0,0,0
2020-06-09,US,Nebraska,Chase,1,0,0,40.5237198,-101.6978026,31029.0,25.4841997961264,0.0,1,1,0,0,1,1,3977,0,0,0,0,0
2020-06-09,US,Nebraska,Cherry,1,0,0,42.54502621,-101.1244332,31031.0,17.577781683951486,0.0,1,1,0,0,1,1,5761,0,0,0,0,0
2020-06-09,US,Nebraska,Cheyenne,10,0,0,41.21999357,-102.9941693,31033.0,112.23344556677891,0.0,10,10,0,0,10,10,9310,0,0,0,0,0
2020-06-09,US,Nebraska,Clay,24,0,0,40.52439441,-98.05126296,31035.0,386.90955989037565,0.0,24,24,0,0,24,24,6214,0,0,0,0,0
2020-06-09,US,Nebraska,Colfax,639,4,0,41.57486951,-97.0868542,31037.0,5966.943692221496,0.6259780907668232,635,637,4,0,633,637,10881,2,0,0,2,0
2020-06-09,US,Nebraska,Cuming,34,0,0,41.91637624,-96.78730772,31039.0,384.35451051322633,0.0,34,34,0,0,34,34,8940,0,0,0,0,0
2020-06-09,US,Nebraska,Custer,34,4,0,41.39374521,-99.72805369,31041.0,315.4866846061056,11.764705882352944,30,34,4,0,30,34,10840,0,0,0,0,0
2020-06-09,US,Nebraska,Dakota,1716,27,0,42.39040144,-96.56656425,31043.0,8568.860481374213,1.573426573426573,1689,1715,26,0,1689,1704,20083,1,1,0,0,11
2020-06-09,US,Nebraska,Dawes,1,0,0,42.71985036,-103.1313774,31045.0,11.6427989288625,0.0,1,1,0,0,1,1,8716,0,0,0,0,0
2020-06-09,US,Nebraska,Dawson,843,8,0,40.87028216,-99.8201461,31047.0,3572.790845518118,0.9489916963226572,835,843,8,0,835,843,23709,0,0,0,0,0
2020-06-09,US,Nebraska,Dixon,32,1,0,42.49188363,-96.86782408,31051.0,567.7785663591201,3.125,31,32,1,0,31,32,5709,0,0,0,0,0
2020-06-09,US,Nebraska,Dodge,582,1,0,41.58071748,-96.65598179,31053.0,1591.6860385614661,0.1718213058419244,581,571,1,0,570,567,36791,11,0,0,11,4
2020-06-09,US,Nebraska,Douglas,5164,42,0,41.29518299,-96.15085305,31055.0,903.860661232534,0.8133230054221534,5122,5092,42,0,5050,5032,566880,72,0,0,72,60
2020-06-09,US,Nebraska,Fillmore,7,1,0,40.52458567,-97.59646937,31059.0,128.15818381545222,14.285714285714285,6,7,1,0,6,7,5527,0,0,0,0,0
2020-06-09,US,Nebraska,Franklin,6,0,0,40.17636348,-98.95299073,31061.0,201.40986908358508,0.0,6,6,0,0,6,6,3023,0,0,0,0,0
2020-06-09,US,Nebraska,Frontier,1,0,0,40.52993007,-100.3924658,31063.0,38.06623524933384,0.0,1,1,0,0,1,1,2608,0,0,0,0,0
2020-06-09,US,Nebraska,Furnas,9,0,0,40.17642064,-99.91247454,31065.0,192.4721984602224,0.0,9,9,0,0,9,9,4715,0,0,0,0,0
2020-06-09,US,Nebraska,Gage,45,4,0,40.26186809,-96.68946704,31067.0,209.17584716218101,8.888888888888891,41,45,4,0,41,45,21493,0,0,0,0,0
2020-06-09,US,Nebraska,Garden,4,0,0,41.61703149,-102.3313973,31069.0,217.74632553075668,0.0,4,4,0,0,4,4,1897,0,0,0,0,0
2020-06-09,US,Nebraska,Garfield,1,0,0,41.91428955,-98.99111827,31071.0,50.787201625190455,0.0,1,1,0,0,1,1,1987,0,0,0,0,0
2020-06-09,US,Nebraska,Gosper,13,0,0,40.51481965,-99.83020279,31073.0,653.2663316582915,0.0,13,13,0,0,13,13,1996,0,0,0,0,0
2020-06-09,US,Nebraska,Greeley,3,0,0,41.56742671,-98.52150266,31077.0,127.33446519524618,0.0,3,3,0,0,3,3,2356,0,0,0,0,0
2020-06-09,US,Nebraska,Hall,1550,44,0,40.87257079,-98.50218293,31079.0,2526.3638289896176,2.838709677419355,1506,1546,44,0,1502,1543,61607,4,0,0,4,3
2020-06-09,US,Nebraska,Hamilton,56,11,0,40.87349452,-98.02099117,31081.0,600.6006006006006,19.642857142857142,45,56,11,0,45,56,9280,0,0,0,0,0
2020-06-09,US,Nebraska,Hitchcock,1,0,0,40.17609175,-101.0416477,31087.0,36.205648081100655,0.0,1,1,0,0,1,1,2806,0,0,0,0,0
2020-06-09,US,Nebraska,Holt,1,0,0,42.45522056,-98.78402558,31089.0,9.933445912387008,0.0,1,1,0,0,1,1,10178,0,0,0,0,0
2020-06-09,US,Nebraska,Howard,43,4,0,41.2200529,-98.5166499,31093.0,667.1838634600465,9.30232558139535,39,43,4,0,39,43,6468,0,0,0,0,0
2020-06-09,US,Nebraska,Jefferson,9,0,0,40.17584531,-97.142601,31095.0,127.73204655123476,0.0,9,8,0,0,8,8,7097,1,0,0,1,0
2020-06-09,US,Nebraska,Johnson,6,0,0,40.39257596,-96.26522753,31097.0,118.3198580161704,0.0,6,6,0,0,6,6,5134,0,0,0,0,0
2020-06-09,US,Nebraska,Kearney,12,0,0,40.50663314,-98.94877182,31099.0,184.75750577367202,0.0,12,12,0,0,12,12,6544,0,0,0,0,0
2020-06-09,US,Nebraska,Keith,2,0,0,41.19930341,-101.6620164,31101.0,24.894199651481205,0.0,2,2,0,0,2,2,8021,0,0,0,0,0
2020-06-09,US,Nebraska,Kimball,8,0,0,41.19774275,-103.7148131,31105.0,220.26431718061676,0.0,8,8,0,0,8,8,3618,0,0,0,0,0
2020-06-09,US,Nebraska,Knox,11,0,0,42.63758421,-97.89178836,31107.0,132.02112337974077,0.0,11,11,0,0,11,11,8419,0,0,0,0,0
2020-06-09,US,Nebraska,Lancaster,1376,10,0,40.78416049,-96.68777155,31109.0,431.22629979002784,0.7267441860465116,1366,1363,10,0,1353,1349,317272,13,0,0,13,14
2020-06-09,US,Nebraska,Lincoln,50,2,0,41.04658298,-100.7475374,31111.0,143.20902789711863,4.0,48,49,2,0,47,49,35185,1,0,0,1,0
2020-06-09,US,Nebraska,Madison,328,4,0,41.91676024,-97.6005481,31119.0,934.499558391977,1.2195121951219512,324,325,4,0,321,324,35392,3,0,0,3,1
2020-06-09,US,Nebraska,Merrick,36,0,0,41.16624273,-98.0374887,31121.0,464.2166344294004,0.0,36,36,0,0,36,35,7733,0,0,0,0,1
2020-06-09,US,Nebraska,Morrill,11,0,0,41.71711774,-103.0061405,31123.0,236.96682464454975,0.0,11,11,0,0,11,11,4686,0,0,0,0,0
2020-06-09,US,Nebraska,Nance,4,0,0,41.39750195,-97.99327291,31125.0,113.66865586814436,0.0,4,4,0,0,4,4,3532,0,0,0,0,0
2020-06-09,US,Nebraska,Nemaha,4,0,0,40.38514847,-95.85433992,31127.0,57.37234652897303,0.0,4,4,0,0,4,4,6958,0,0,0,0,0
2020-06-09,US,Nebraska,Nuckolls,1,0,0,40.17637905,-98.04743961,31129.0,24.10800385728061,0.0,1,1,0,0,1,1,4195,0,0,0,0,0
2020-06-09,US,Nebraska,Otoe,11,0,0,40.64843556,-96.13374142,31131.0,68.69847614289283,0.0,11,11,0,0,11,11,15985,0,0,0,0,0
2020-06-09,US,Nebraska,Phelps,20,0,0,40.51156033,-99.41461667,31137.0,221.38587558113792,0.0,20,20,0,0,20,20,8996,0,0,0,0,0
2020-06-09,US,Nebraska,Pierce,6,0,0,42.26434853,-97.60122773,31139.0,83.93956351426971,0.0,6,6,0,0,6,6,7142,0,0,0,0,0
2020-06-09,US,Nebraska,Platte,630,1,0,41.57246836,-97.52144359,31141.0,1882.282641171198,0.15873015873015872,629,629,1,0,628,624,33363,1,0,0,1,5
2020-06-09,US,Nebraska,Polk,12,0,0,41.18813488,-97.56630712,31143.0,230.19374640322275,0.0,12,11,0,0,11,11,5278,1,0,0,1,0
2020-06-09,US,Nebraska,Red Willow,5,0,0,40.17556879999999,-100.476998,31145.0,46.624393882879524,0.0,5,5,0,0,5,5,10726,0,0,0,0,0
2020-06-09,US,Nebraska,Richardson,1,0,0,40.1247415,-95.71755036,31147.0,12.714558169103626,0.0,1,1,0,0,1,1,7937,0,0,0,0,0
2020-06-09,US,Nebraska,Saline,518,2,0,40.52418865,-97.14085859,31151.0,3641.7322834645674,0.3861003861003861,516,518,2,0,516,517,14350,0,0,0,0,1
2020-06-09,US,Nebraska,Sarpy,796,4,0,41.11314181,-96.11156432,31153.0,425.22276117011046,0.5025125628140703,792,787,4,0,783,773,184459,9,0,0,9,14
2020-06-09,US,Nebraska,Saunders,54,1,0,41.2278103,-96.63773905,31155.0,250.25488923903976,1.851851851851852,53,51,1,0,50,51,21303,3,0,0,3,0
2020-06-09,US,Nebraska,Scotts Bluff,149,0,0,41.85070896,-103.7080986,31157.0,418.32781178056035,0.0,149,145,0,0,145,143,35989,4,0,0,4,2
2020-06-09,US,Nebraska,Seward,29,1,0,40.87241834,-97.139673,31159.0,167.78523489932888,3.4482758620689653,28,29,1,0,28,29,17318,0,0,0,0,0
2020-06-09,US,Nebraska,Sherman,5,0,0,41.22045983,-98.97588642,31163.0,166.61112962345885,0.0,5,5,0,0,5,5,3038,0,0,0,0,0
2020-06-09,US,Nebraska,Stanton,21,0,0,41.9169835,-97.19394708,31167.0,354.72972972972974,0.0,21,21,0,0,21,21,5970,0,0,0,0,0
2020-06-09,US,Nebraska,Thayer,1,0,0,40.17626377,-97.59504381,31169.0,19.98800719568259,0.0,1,1,0,0,1,1,5039,0,0,0,0,0
2020-06-09,US,Nebraska,Thomas,1,0,0,41.91358968,-100.5556632,31171.0,138.50415512465375,0.0,1,1,0,0,1,1,720,0,0,0,0,0
2020-06-09,US,Nebraska,Thurston,56,0,0,42.15725356,-96.54157099,31173.0,775.1937984496125,0.0,56,55,0,0,55,51,7303,1,0,0,1,4
2020-06-09,US,Nebraska,Unassigned,217,0,0,0.0,0.0,90031.0,0.0,0.0,217,217,0,0,217,217,,0,0,0,0,0
2020-06-09,US,Nebraska,Valley,6,0,0,41.56730777,-98.98197724,31175.0,144.3001443001443,0.0,6,6,0,0,6,5,4190,0,0,0,0,1
2020-06-09,US,Nebraska,Washington,36,1,0,41.52815707,-96.22019892,31177.0,173.66973804814515,2.7777777777777777,35,36,1,0,35,36,20667,0,0,0,0,0
2020-06-09,US,Nebraska,Wayne,26,0,0,42.20934475,-97.11926964,31179.0,277.0378263185935,0.0,26,25,0,0,25,25,9403,1,0,0,1,0
2020-06-09,US,Nebraska,Webster,5,0,0,40.17642643,-98.50019851,31181.0,143.38973329509608,0.0,5,5,0,0,5,5,3533,0,0,0,0,0
2020-06-09,US,Nebraska,York,37,0,0,40.87272618,-97.59710186,31185.0,270.4876087433292,0.0,37,37,0,0,37,37,13772,0,0,0,0,0
2020-06-09,US,Nevada,Carson City,114,5,0,39.15509045,-119.7480219,32510.0,203.87724443808568,4.385964912280701,109,111,5,0,106,109,55414,3,0,0,3,2
2020-06-09,US,Nevada,Churchill,10,1,0,39.58105744,-118.3394607,32001.0,40.14613192018949,10.0,9,10,1,0,9,8,24440,0,0,0,0,2
2020-06-09,US,Nevada,Clark,7799,365,0,36.21458855,-115.0130241,32003.0,344.06619270618495,4.6800871906654695,7434,7592,363,0,7229,7483,2231647,207,2,0,205,109
2020-06-09,US,Nevada,Douglas,38,0,0,38.912862,-119.6171333,32005.0,77.70166649626826,0.0,38,38,0,0,38,38,48467,0,0,0,0,0
2020-06-09,US,Nevada,Elko,27,1,0,41.14531606,-115.3577619,32007.0,51.15767933608701,3.703703703703704,26,27,1,0,26,27,52460,0,0,0,0,0
2020-06-09,US,Nevada,Humboldt,78,4,0,41.40692186,-118.1109427,32013.0,463.43057453508413,5.128205128205129,74,78,4,0,74,78,16786,0,0,0,0,0
2020-06-09,US,Nevada,Lander,23,0,0,39.9332233,-117.0397075,32015.0,415.76283441793197,0.0,23,23,0,0,23,21,5575,0,0,0,0,2
2020-06-09,US,Nevada,Lincoln,2,0,0,37.64268459,-114.8790388,32017.0,38.58769052672198,0.0,2,2,0,0,2,2,5201,0,0,0,0,0
2020-06-09,US,Nevada,Lyon,89,2,0,39.01777974,-119.1870479,32019.0,154.75569466179797,2.247191011235955,87,87,1,0,86,84,55808,2,1,0,1,3
2020-06-09,US,Nevada,Mineral,4,0,0,38.53841696,-118.4344506,32021.0,88.79023307436182,0.0,4,4,0,0,4,4,4514,0,0,0,0,0
2020-06-09,US,Nevada,Nye,66,2,0,38.04264256,-116.4722702,32023.0,141.8653139307439,3.0303030303030303,64,66,2,0,64,66,45346,0,0,0,0,0
2020-06-09,US,Nevada,Pershing,3,0,0,40.44003782,-118.40056409999998,32027.0,44.60966542750929,0.0,3,2,0,0,2,2,6666,1,0,0,1,0
2020-06-09,US,Nevada,Storey,1,0,0,39.44875482,-119.5250207,32029.0,24.254183846713556,0.0,1,1,0,0,1,1,4029,0,0,0,0,0
2020-06-09,US,Nevada,Washoe,1788,66,0,40.66562265,-119.6631594,32031.0,379.19998982013453,3.6912751677852342,1722,1772,65,0,1707,1743,465735,16,1,0,15,29
2020-06-09,US,Nevada,White Pine,3,0,0,39.44157041,-114.899966,32033.0,31.315240083507305,0.0,3,3,0,0,3,3,9475,0,0,0,0,0
2020-06-09,US,New Hampshire,Belknap,70,0,0,43.51637314,-71.41684235,33001.0,114.1869076554165,0.0,70,70,0,0,70,68,61022,0,0,0,0,2
2020-06-09,US,New Hampshire,Carroll,48,0,0,43.87498583,-71.20430216,33003.0,98.13943978736457,0.0,48,48,0,0,48,48,48779,0,0,0,0,0
2020-06-09,US,New Hampshire,Cheshire,59,2,0,42.92015988,-72.25311043,33005.0,77.54485115331538,3.3898305084745757,57,59,2,0,57,57,76493,0,0,0,0,2
2020-06-09,US,New Hampshire,Coos,6,0,0,44.69063265,-71.30633239,33007.0,19.0095998479232,0.0,6,6,0,0,6,5,31589,0,0,0,0,1
2020-06-09,US,New Hampshire,Grafton,76,1,0,43.93779815,-71.82057197,33009.0,84.55154306566095,1.3157894736842106,75,76,1,0,75,76,89786,0,0,0,0,0
2020-06-09,US,New Hampshire,Hillsborough,2753,175,0,42.91537785,-71.7200253,33011.0,660.1522690486182,6.3567017798764995,2578,2753,175,0,2578,2731,415247,0,0,0,0,22
2020-06-09,US,New Hampshire,Merrimack,375,18,0,43.29662971,-71.6811573,33013.0,247.70296781182498,4.8,357,375,18,0,357,372,151132,0,0,0,0,3
2020-06-09,US,New Hampshire,Rockingham,1386,76,0,42.98499744,-71.12883377,33015.0,447.43018184518144,5.483405483405484,1310,1386,76,0,1310,1380,309176,0,0,0,0,6
2020-06-09,US,New Hampshire,Strafford,277,13,0,43.291833,-71.02336013,33017.0,212.04442981482472,4.693140794223827,264,277,13,0,264,277,130090,0,0,0,0,0
2020-06-09,US,New Hampshire,Sullivan,20,1,0,43.36094111,-72.22203125,33019.0,46.35423909516526,5.0,19,20,1,0,19,20,43144,0,0,0,0,0
2020-06-09,US,New Hampshire,Unassigned,9,0,0,0.0,0.0,90033.0,0.0,0.0,9,9,0,0,9,9,,0,0,0,0,0
2020-06-09,US,New Jersey,Atlantic,2401,167,0,39.47538693,-74.65848483,34001.0,910.6079569158417,6.9554352353186175,2234,2383,167,0,2216,2364,265429,18,0,0,18,19
2020-06-09,US,New Jersey,Bergen,18573,1628,0,40.96010917,-74.07164325,34003.0,1992.3793340928253,8.76541215743283,16945,18538,1621,0,16917,18512,936692,35,7,0,28,26
2020-06-09,US,New Jersey,Burlington,4808,334,0,39.87681124,-74.66927768,34005.0,1079.6027385264142,6.94675540765391,4474,4798,327,0,4471,4785,445384,10,7,0,3,13
2020-06-09,US,New Jersey,Camden,6849,381,0,39.80343818,-74.96388753,34007.0,1352.298552138227,5.562855891371004,6468,6827,374,0,6453,6799,507078,22,7,0,15,28
2020-06-09,US,New Jersey,Cape May,654,54,0,39.15008829,-74.80170244,34009.0,710.5683460272277,8.256880733944952,600,647,51,0,596,646,92560,7,3,0,4,1
2020-06-09,US,New Jersey,Cumberland,2583,95,0,39.37199394,-75.10712559,34011.0,1727.4472168905952,3.6778939217963607,2488,2575,90,0,2485,2564,150972,8,5,0,3,11
2020-06-09,US,New Jersey,Essex,18151,1722,0,40.78681335,-74.24657979,34013.0,2271.7857254607466,9.487080601619745,16429,18117,1710,0,16407,18077,799767,34,12,0,22,40
2020-06-09,US,New Jersey,Gloucester,2340,153,0,39.71581067,-75.13995546,34015.0,802.3700777681768,6.538461538461537,2187,2332,152,0,2180,2328,291408,8,1,0,7,4
2020-06-09,US,New Jersey,Hudson,19000,1235,0,40.73766234,-74.07515667,34017.0,2825.736810873436,6.5,17765,19000,1226,0,17774,18916,676061,0,9,0,-9,84
2020-06-09,US,New Jersey,Hunterdon,1027,64,0,40.56335249,-74.91284156,34019.0,825.7552001672417,6.2317429406036995,963,1025,64,0,961,1023,124714,2,0,0,2,2
2020-06-09,US,New Jersey,Mercer,7204,509,0,40.28047017,-74.70479631,34021.0,1960.6455651416597,7.065519156024433,6695,7184,504,0,6680,7166,369811,20,5,0,15,18
2020-06-09,US,New Jersey,Middlesex,16251,1053,0,40.43629879,-74.41426991,34023.0,1969.6701581214504,6.479601255307366,15198,16227,1043,0,15184,16198,829685,24,10,0,14,29
2020-06-09,US,New Jersey,Monmouth,8512,650,0,40.26549699,-74.22240686,34025.0,1375.576725733078,7.636278195488722,7862,8498,640,0,7858,8478,621354,14,10,0,4,20
2020-06-09,US,New Jersey,Morris,6605,626,0,40.86095313,-74.54553709999998,34027.0,1342.9027437505715,9.4776684330053,5979,6602,625,0,5977,6592,494228,3,1,0,2,10
2020-06-09,US,New Jersey,Ocean,9059,787,0,39.8895449,-74.28089251,34029.0,1491.9645709881324,8.687493100783751,8272,9041,781,0,8260,9022,601651,18,6,0,12,19
2020-06-09,US,New Jersey,Passaic,16492,977,0,41.03238628,-74.29954144,34031.0,3286.398074232901,5.924084404559786,15515,16461,975,0,15486,16449,503310,31,2,0,29,12
2020-06-09,US,New Jersey,Salem,686,54,0,39.58719656,-75.34696629999998,34033.0,1099.6233068846677,7.871720116618077,632,682,53,0,629,675,62607,4,1,0,3,7
2020-06-09,US,New Jersey,Somerset,4679,430,0,40.56465737,-74.61683016,34035.0,1422.4738093356113,9.189997862791195,4249,4670,427,0,4243,4662,331164,9,3,0,6,8
2020-06-09,US,New Jersey,Sussex,1172,149,0,41.13891592,-74.69118243,34037.0,834.2349524514549,12.713310580204778,1023,1172,149,0,1023,1160,140799,0,0,0,0,12
2020-06-09,US,New Jersey,Unassigned,255,0,0,0.0,0.0,90034.0,0.0,0.0,255,285,0,0,285,373,,-30,0,0,-30,-88
2020-06-09,US,New Jersey,Union,16302,1100,0,40.65835409,-74.30680092,34039.0,2930.2172588394533,6.747638326585696,15202,16241,1100,0,15141,16186,558067,61,0,0,61,55
2020-06-09,US,New Jersey,Warren,1193,135,0,40.85951833,-74.99556527,34041.0,1133.3086342348504,11.316010058675607,1058,1192,135,0,1057,1189,105779,1,0,0,1,3
2020-06-09,US,New Mexico,Bernalillo,1612,76,0,35.05163625,-106.6703554,35001.0,237.36565354333027,4.714640198511166,1536,1600,75,0,1525,1592,678701,12,1,0,11,8
2020-06-09,US,New Mexico,Catron,2,1,0,33.91514144,-108.4046587,35003.0,56.70541536716757,50.0,1,2,1,0,1,2,3578,0,0,0,0,0
2020-06-09,US,New Mexico,Chaves,48,2,0,33.36406072,-104.4665365,35005.0,74.28615646521706,4.166666666666667,46,49,2,0,47,49,64689,-1,0,0,-1,0
2020-06-09,US,New Mexico,Cibola,169,7,0,34.91131525,-107.998876,35006.0,633.5520149953139,4.142011834319527,162,168,6,0,162,166,26746,1,1,0,0,2
2020-06-09,US,New Mexico,Colfax,5,0,0,36.60569702,-104.64726740000002,35007.0,41.87253998827568,0.0,5,5,0,0,5,5,12110,0,0,0,0,0
2020-06-09,US,New Mexico,Curry,64,0,0,34.57421077,-103.3468876,35009.0,130.73497569146542,0.0,64,64,0,0,64,62,49437,0,0,0,0,2
2020-06-09,US,New Mexico,Dona Ana,589,3,0,32.35275771,-106.83293870000001,35013.0,269.9420243360297,0.5093378607809848,586,587,3,0,584,570,217522,2,0,0,2,17
2020-06-09,US,New Mexico,Eddy,38,1,0,32.47167456,-104.3053527,35015.0,65.00171057133082,2.631578947368421,37,38,1,0,37,35,57900,0,0,0,0,3
2020-06-09,US,New Mexico,Grant,15,0,0,32.73911281,-108.3827845,35017.0,55.55967108674717,0.0,15,15,0,0,15,15,27346,0,0,0,0,0
2020-06-09,US,New Mexico,Guadalupe,20,0,0,34.86319296,-104.790669,35019.0,465.11627906976736,0.0,20,20,0,0,20,20,4341,0,0,0,0,0
2020-06-09,US,New Mexico,Harding,1,0,0,35.85751555,-103.8220938,35021.0,160.0,0.0,1,1,0,0,1,1,655,0,0,0,0,0
2020-06-09,US,New Mexico,Hidalgo,1,0,0,31.91383467,-108.7151824,35023.0,23.820867079561697,0.0,1,1,0,0,1,1,4240,0,0,0,0,0
2020-06-09,US,New Mexico,Lea,33,0,0,32.79215361,-103.4123733,35025.0,46.433094132545385,0.0,33,32,0,0,32,29,69611,1,0,0,1,3
2020-06-09,US,New Mexico,Lincoln,5,0,0,33.74526079,-105.4586166,35027.0,25.546699366441857,0.0,5,5,0,0,5,5,19556,0,0,0,0,0
2020-06-09,US,New Mexico,Los Alamos,6,0,0,35.86631386,-106.3134985,35028.0,30.977334916619338,0.0,6,6,0,0,6,6,19101,0,0,0,0,0
2020-06-09,US,New Mexico,Luna,12,1,0,32.18179341,-107.75088259999998,35029.0,50.613691003416434,8.333333333333334,11,12,1,0,11,12,23963,0,0,0,0,0
2020-06-09,US,New Mexico,McKinley,2757,134,0,35.58007720000001,-108.262245,35031.0,3863.130018075581,4.860355458832064,2623,2746,133,0,2613,2694,72290,11,1,0,10,52
2020-06-09,US,New Mexico,Otero,28,4,0,32.61348406,-105.7417604,35035.0,41.48762779671063,14.285714285714285,24,27,4,0,23,26,66781,1,0,0,1,1
2020-06-09,US,New Mexico,Quay,4,1,0,35.10403332,-103.5481727,35037.0,48.467224039743115,25.0,3,5,1,0,4,5,8253,-1,0,0,-1,0
2020-06-09,US,New Mexico,Rio Arriba,57,1,0,36.51072137,-106.6931674,35039.0,146.45050229952983,1.7543859649122806,56,57,1,0,56,54,39006,0,0,0,0,3
2020-06-09,US,New Mexico,Roosevelt,45,0,0,34.02097406,-103.4799493,35041.0,243.24324324324328,0.0,45,45,0,0,45,42,18743,0,0,0,0,3
2020-06-09,US,New Mexico,San Juan,1999,134,0,36.50838318,-108.320437,35045.0,1612.6429919811549,6.703351675837919,1865,1990,133,0,1857,1966,125043,9,1,0,8,24
2020-06-09,US,New Mexico,San Miguel,16,0,0,35.48014807,-104.8163562,35047.0,58.65747699527074,0.0,16,16,0,0,16,15,27591,0,0,0,0,1
2020-06-09,US,New Mexico,Sandoval,604,27,0,35.68862401,-106.8687803,35043.0,411.5899364897648,4.470198675496689,577,600,27,0,573,597,145179,4,0,0,4,3
2020-06-09,US,New Mexico,Santa Fe,155,3,0,35.50708973,-105.9774716,35049.0,103.08729831468894,1.935483870967742,152,155,3,0,152,155,150056,0,0,0,0,0
2020-06-09,US,New Mexico,Sierra,1,0,0,33.13028233,-107.1925893,35051.0,9.266981744045964,0.0,1,1,0,0,1,1,10968,0,0,0,0,0
2020-06-09,US,New Mexico,Socorro,55,5,0,34.00715494,-106.9298354,35053.0,330.58844743643687,9.090909090909092,50,55,5,0,50,55,16735,0,0,0,0,0
2020-06-09,US,New Mexico,Taos,31,0,0,36.58006022,-105.6310198,35055.0,94.7345903492956,0.0,31,31,0,0,31,31,32835,0,0,0,0,0
2020-06-09,US,New Mexico,Torrance,35,1,0,34.64048375,-105.8508949,35057.0,226.3760429467693,2.8571428571428568,34,35,1,0,34,35,15591,0,0,0,0,0
2020-06-09,US,New Mexico,Unassigned,612,1,0,0.0,0.0,90035.0,0.0,0.16339869281045752,611,608,1,0,607,608,,4,0,0,4,0
2020-06-09,US,New Mexico,Union,5,0,0,36.48126404,-103.4709624,35059.0,123.1830500123183,0.0,5,5,0,0,5,5,4118,0,0,0,0,0
2020-06-09,US,New Mexico,Valencia,81,2,0,34.71669834,-106.8103733,35061.0,105.62278322553725,2.469135802469136,79,81,2,0,79,81,76456,0,0,0,0,0
2020-06-09,US,New York,Albany,1983,115,0,42.60060306,-73.97723916,36001.0,649.087088305958,5.799293998991428,1868,1978,115,0,1863,1961,307117,5,0,0,5,17
2020-06-09,US,New York,Allegany,51,0,0,42.25748406,-78.02750466,36003.0,110.6506693280684,0.0,51,51,0,0,51,51,46430,0,0,0,0,0
2020-06-09,US,New York,Broome,627,52,0,42.15903158,-75.81326086,36007.0,329.15459241527026,8.293460925039872,575,624,52,0,572,620,191659,3,0,0,3,4
2020-06-09,US,New York,Cattaraugus,95,5,0,42.24778241,-78.67923096,36009.0,124.80786158151268,5.2631578947368425,90,95,5,0,90,94,76840,0,0,0,0,1
2020-06-09,US,New York,Cayuga,102,2,0,42.91261714,-76.55731592,36011.0,133.2010029251985,1.96078431372549,100,101,2,0,99,101,77145,1,0,0,1,0
2020-06-09,US,New York,Chautauqua,103,4,0,42.22769210000001,-79.36691763,36013.0,81.16435387658291,3.8834951456310685,99,101,4,0,97,101,127939,2,0,0,2,0
2020-06-09,US,New York,Chemung,138,2,0,42.13891056,-76.7638805,36015.0,165.35659509202455,1.4492753623188406,136,137,2,0,135,137,84254,1,0,0,1,0
2020-06-09,US,New York,Chenango,135,5,0,42.49430041,-75.60887553,36017.0,285.97453767449736,3.703703703703704,130,135,5,0,130,134,47536,0,0,0,0,1
2020-06-09,US,New York,Clinton,97,4,0,44.74530905,-73.67875352,36019.0,120.51935143194383,4.123711340206185,93,97,4,0,93,97,80695,0,0,0,0,0
2020-06-09,US,New York,Columbia,414,34,0,42.24819348,-73.63089095,36021.0,696.2546879467212,8.21256038647343,380,414,34,0,380,414,59916,0,0,0,0,0
2020-06-09,US,New York,Cortland,42,0,0,42.59509207,-76.07048931,36023.0,88.27052815199345,0.0,42,42,0,0,42,41,47823,0,0,0,0,1
2020-06-09,US,New York,Delaware,86,4,0,42.19837623,-74.96709306,36025.0,194.8566897020505,4.651162790697675,82,85,4,0,81,85,44527,1,0,0,1,0
2020-06-09,US,New York,Dutchess,4016,142,0,41.76486060000001,-73.74356679,36027.0,1364.9742707788105,3.5358565737051797,3874,4006,142,0,3864,4000,293718,10,0,0,10,6
2020-06-09,US,New York,Erie,6595,560,0,42.76249024,-78.73063652,36029.0,717.8606338072627,8.491281273692191,6035,6531,560,0,5971,6486,919719,64,0,0,64,45
2020-06-09,US,New York,Essex,40,0,0,44.11630765,-73.77297842,36031.0,108.4451674122272,0.0,40,39,0,0,39,38,37300,1,0,0,1,1
2020-06-09,US,New York,Franklin,23,0,0,44.59040891,-74.29926032,36033.0,45.97976890168325,0.0,23,23,0,0,23,23,50293,0,0,0,0,0
2020-06-09,US,New York,Fulton,228,24,0,43.11363907,-74.41798804,36035.0,427.10226101942567,10.526315789473683,204,227,24,0,203,224,53591,1,0,0,1,3
2020-06-09,US,New York,Genesee,210,5,0,43.0022601,-78.19135193,36037.0,366.6201117318436,2.380952380952381,205,208,5,0,203,208,57511,2,0,0,2,0
2020-06-09,US,New York,Greene,248,18,0,42.275797,-74.12384884,36039.0,525.5573450877341,7.258064516129032,230,247,18,0,229,246,47491,1,0,0,1,1
2020-06-09,US,New York,Hamilton,5,0,0,43.66146647,-74.49721957,36041.0,113.22463768115942,0.0,5,5,0,0,5,5,4434,0,0,0,0,0
2020-06-09,US,New York,Herkimer,125,3,0,43.42034246,-74.96145307,36043.0,203.85198714917072,2.4,122,124,3,0,121,123,61833,1,0,0,1,1
2020-06-09,US,New York,Jefferson,79,0,0,44.04200959,-75.94653457,36045.0,71.92672578618642,0.0,79,78,0,0,78,77,111755,1,0,0,1,1
2020-06-09,US,New York,Lewis,20,0,0,43.7844157,-75.44903992,36049.0,76.057195010648,0.0,20,20,0,0,20,20,26447,0,0,0,0,0
2020-06-09,US,New York,Livingston,121,7,0,42.72596275,-77.77966158,36051.0,192.32603236163646,5.785123966942148,114,121,7,0,114,121,63227,0,0,0,0,0
2020-06-09,US,New York,Madison,331,15,0,42.91653905,-75.67266639,36053.0,466.58490858600817,4.531722054380665,316,327,15,0,312,327,70795,4,0,0,4,0
2020-06-09,US,New York,Monroe,3243,236,0,43.14638895,-77.69322942,36055.0,437.19751405422164,7.277212457600987,3007,3203,236,0,2967,3190,742474,40,0,0,40,13
2020-06-09,US,New York,Montgomery,100,4,0,42.90123494,-74.44011632,36057.0,203.16531561731784,4.0,96,100,4,0,96,100,49455,0,0,0,0,0
2020-06-09,US,New York,Nassau,40980,2145,0,40.74066522,-73.58941873,36059.0,3020.0659727442358,5.234260614934113,38835,40947,2145,0,38802,40904,1358343,33,0,0,33,43
2020-06-09,US,New York,New York City,207693,21918,0,40.76727260000001,-73.97152637,36061.0,2491.274547588126,10.55307593419133,185775,207353,21877,0,185476,206969,1628701,340,41,0,299,384
2020-06-09,US,New York,Niagara,1125,70,0,43.19898042,-78.74777412,36063.0,537.5547708583197,6.222222222222222,1055,1116,70,0,1046,1112,210433,9,0,0,9,4
2020-06-09,US,New York,Oneida,1185,61,0,43.24375382,-75.43710392,36065.0,518.2117540046618,5.147679324894515,1124,1170,61,0,1109,1143,229577,15,0,0,15,27
2020-06-09,US,New York,Onondaga,2427,151,0,43.00491923,-76.19971155,36067.0,527.0037869575791,6.221672847136383,2276,2408,151,0,2257,2392,461809,19,0,0,19,16
2020-06-09,US,New York,Ontario,222,9,0,42.85145728,-77.30874425,36069.0,202.2281534383341,4.0540540540540535,213,221,9,0,212,221,109864,1,0,0,1,0
2020-06-09,US,New York,Orange,10533,465,0,41.40337468,-74.30240757,36071.0,2736.270587624045,4.414696667616063,10068,10523,465,0,10058,10514,381951,10,0,0,10,9
2020-06-09,US,New York,Orleans,257,41,0,43.2516977,-78.2320066,36073.0,636.8953211736717,15.95330739299611,216,256,41,0,215,255,40612,1,0,0,1,1
2020-06-09,US,New York,Oswego,115,3,0,43.42778894,-76.14635194,36075.0,98.18653734503604,2.608695652173913,112,115,3,0,112,115,117898,0,0,0,0,0
2020-06-09,US,New York,Otsego,75,5,0,42.63492579,-75.03151402,36077.0,126.06525137411123,6.666666666666668,70,75,5,0,70,74,59749,0,0,0,0,1
2020-06-09,US,New York,Putnam,1280,60,0,41.42630093,-73.74965532,36079.0,1301.8714401952807,4.6875,1220,1279,60,0,1219,1277,98892,1,0,0,1,2
2020-06-09,US,New York,Rensselaer,505,28,0,42.71348136,-73.51089874,36083.0,318.1823909674005,5.544554455445543,477,503,28,0,475,502,159442,2,0,0,2,1
2020-06-09,US,New York,Rockland,13353,657,0,41.15027894,-74.02560498,36087.0,4098.665086912081,4.920242642102898,12696,13340,657,0,12683,13325,325695,13,0,0,13,15
2020-06-09,US,New York,Saratoga,511,14,0,43.10904162,-73.86653895,36091.0,222.30633029239155,2.7397260273972597,497,504,14,0,490,502,230163,7,0,0,7,2
2020-06-09,US,New York,Schenectady,715,30,0,42.81668777,-74.05278291,36093.0,460.4021919007849,4.195804195804196,685,712,30,0,682,711,155350,3,0,0,3,1
2020-06-09,US,New York,Schoharie,54,0,0,42.58831742,-74.44339029999998,36095.0,174.19916771508758,0.0,54,54,0,0,54,54,31097,0,0,0,0,0
2020-06-09,US,New York,Schuyler,12,0,0,42.39184015,-76.8773299,36097.0,67.38922895490539,0.0,12,12,0,0,12,12,17912,0,0,0,0,0
2020-06-09,US,New York,Seneca,61,0,0,42.78081007,-76.82497064,36099.0,179.32737535277516,0.0,61,61,0,0,61,61,34300,0,0,0,0,0
2020-06-09,US,New York,St. Lawrence,209,2,0,44.4976179,-75.06550039,36089.0,193.9855206979766,0.9569377990430622,207,209,2,0,207,209,108047,0,0,0,0,0
2020-06-09,US,New York,Steuben,252,41,0,42.2689144,-77.3829924,36101.0,264.209102632655,16.26984126984127,211,251,41,0,210,251,95796,1,0,0,1,0
2020-06-09,US,New York,Suffolk,40426,1935,0,40.88320119,-72.8012172,36103.0,2737.7741177203593,4.786523524464454,38491,40377,1935,0,38442,40329,1481093,49,0,0,49,48
2020-06-09,US,New York,Sullivan,1418,31,0,41.71579493,-74.76394559,36105.0,1879.8387952062783,2.1861777150916786,1387,1417,31,0,1386,1415,75498,1,0,0,1,2
2020-06-09,US,New York,Tioga,134,22,0,42.16852837,-76.30835812,36107.0,277.99099641101174,16.417910447761194,112,134,22,0,112,134,48560,0,0,0,0,0
2020-06-09,US,New York,Tompkins,171,0,0,42.44945765,-76.47229843,36109.0,167.35173223722842,0.0,171,171,0,0,171,171,102793,0,0,0,0,0
2020-06-09,US,New York,Ulster,1724,79,0,41.89027881,-74.26252104,36111.0,970.8683189448848,4.582366589327147,1645,1721,79,0,1642,1718,178599,3,0,0,3,3
2020-06-09,US,New York,Warren,257,28,0,43.56173026,-73.8433699,36113.0,401.9141749030401,10.894941634241247,229,257,28,0,229,257,64265,0,0,0,0,0
2020-06-09,US,New York,Washington,240,13,0,43.31153794,-73.43043448,36115.0,392.13123325272863,5.416666666666668,227,240,13,0,227,240,61197,0,0,0,0,0
2020-06-09,US,New York,Wayne,126,3,0,43.15494365,-77.02976528,36117.0,140.12767187882292,2.380952380952381,123,125,3,0,122,124,90064,1,0,0,1,1
2020-06-09,US,New York,Westchester,34035,1395,0,41.16278376,-73.75741653,36119.0,3517.8076415029986,4.098721903922433,32640,34000,1395,0,32605,33954,967612,35,0,0,35,46
2020-06-09,US,New York,Wyoming,91,5,0,42.70145109,-78.22199579,36121.0,228.30477432951156,5.494505494505495,86,90,5,0,85,89,40085,1,0,0,1,1
2020-06-09,US,New York,Yates,39,6,0,42.63505484,-77.10369919,36123.0,156.5447758198531,15.384615384615385,33,39,6,0,33,39,24841,0,0,0,0,0
2020-06-09,US,North Carolina,Alamance,553,30,0,36.0434701,-79.39976137,37001.0,326.2363650307653,5.4249547920433985,523,528,30,0,498,465,166436,25,0,0,25,63
2020-06-09,US,North Carolina,Alexander,43,0,0,35.922379600000006,-81.17751948,37003.0,114.67584073392538,0.0,43,43,0,0,43,43,37353,0,0,0,0,0
2020-06-09,US,North Carolina,Alleghany,29,0,0,36.49360862,-81.12857041,37005.0,260.3932836490976,0.0,29,29,0,0,29,28,11161,0,0,0,0,1
2020-06-09,US,North Carolina,Anson,78,1,0,34.97403241,-80.09953279,37007.0,319.0706045978892,1.2820512820512822,77,74,1,0,73,72,24877,4,0,0,4,2
2020-06-09,US,North Carolina,Ashe,40,0,0,36.43296207,-81.49862729,37009.0,147.04260559497115,0.0,40,40,0,0,40,40,27109,0,0,0,0,0
2020-06-09,US,North Carolina,Avery,4,0,0,36.07569796,-81.92308483,37011.0,22.782935581249642,0.0,4,4,0,0,4,3,17505,0,0,0,0,1
2020-06-09,US,North Carolina,Beaufort,44,0,0,35.48531943,-76.84325809,37013.0,93.6289739115632,0.0,44,43,0,0,43,43,47079,1,0,0,1,0
2020-06-09,US,North Carolina,Bertie,134,4,0,36.0688473,-76.96545943,37015.0,707.2359740328284,2.985074626865672,130,134,4,0,130,134,19026,0,0,0,0,0
2020-06-09,US,North Carolina,Bladen,165,2,0,34.61296243,-78.56180059,37017.0,504.2479066071756,1.2121212121212122,163,165,2,0,163,162,33190,0,0,0,0,3
2020-06-09,US,North Carolina,Brunswick,160,3,0,34.070565,-78.22814204,37019.0,112.02912757316902,1.875,157,149,3,0,146,142,136744,11,0,0,11,7
2020-06-09,US,North Carolina,Buncombe,401,34,0,35.61113393,-82.53305,37021.0,153.52749520465866,8.478802992518704,367,399,33,0,366,396,259103,2,1,0,1,3
2020-06-09,US,North Carolina,Burke,567,18,0,35.74989637,-81.70755735,37023.0,626.623197215008,3.1746031746031744,549,567,16,0,551,547,90382,0,2,0,-2,20
2020-06-09,US,North Carolina,Cabarrus,617,25,0,35.3877799,-80.55267168,37025.0,285.0503342527016,4.051863857374392,592,599,24,0,575,588,211342,18,1,0,17,11
2020-06-09,US,North Carolina,Caldwell,209,3,0,35.95204977,-81.54799522,37027.0,254.3259753218623,1.4354066985645932,206,204,3,0,201,201,82029,5,0,0,5,3
2020-06-09,US,North Carolina,Camden,3,0,0,36.33804939,-76.15568396,37029.0,27.606515137572465,0.0,3,3,0,0,3,3,10710,0,0,0,0,0
2020-06-09,US,North Carolina,Carteret,40,3,0,34.8932941,-76.54120135,37031.0,57.576324615318185,7.5,37,40,3,0,37,39,69524,0,0,0,0,1
2020-06-09,US,North Carolina,Caswell,97,1,0,36.39312665,-79.33353281,37033.0,429.1275880375154,1.0309278350515465,96,97,1,0,96,96,22698,0,0,0,0,1
2020-06-09,US,North Carolina,Catawba,327,10,0,35.66211129,-81.2132617,37035.0,204.95014133411888,3.058103975535168,317,310,9,0,301,293,158652,17,1,0,16,17
2020-06-09,US,North Carolina,Chatham,733,37,0,35.70394416,-79.25541492,37037.0,984.2889754263463,5.04774897680764,696,733,36,0,697,723,73139,0,1,0,-1,10
2020-06-09,US,North Carolina,Cherokee,30,1,0,35.1349263,-84.05970864,37039.0,104.85111142178108,3.333333333333333,29,30,1,0,29,30,28383,0,0,0,0,0
2020-06-09,US,North Carolina,Chowan,17,0,0,36.12908077,-76.60118385,37041.0,121.92498027684142,0.0,17,17,0,0,17,17,14029,0,0,0,0,0
2020-06-09,US,North Carolina,Clay,8,0,0,35.05704275,-83.74353633,37043.0,71.23141305315643,0.0,8,8,0,0,8,8,11139,0,0,0,0,0
2020-06-09,US,North Carolina,Cleveland,121,2,0,35.33553364,-81.55204486,37045.0,123.53619814797798,1.6528925619834711,119,121,2,0,119,121,97645,0,0,0,0,0
2020-06-09,US,North Carolina,Columbus,373,28,0,34.26744084,-78.65801424,37047.0,671.975210780428,7.506702412868633,345,373,28,0,345,368,55655,0,0,0,0,5
2020-06-09,US,North Carolina,Craven,240,5,0,35.11833364,-77.08398081,37049.0,234.9739081056208,2.083333333333333,235,239,5,0,234,232,102912,1,0,0,1,7
2020-06-09,US,North Carolina,Cumberland,802,26,0,35.04762133,-78.82623165,37051.0,239.03978730823908,3.2418952618453867,776,781,26,0,755,775,332330,21,0,0,21,6
2020-06-09,US,North Carolina,Currituck,15,0,0,36.36123664,-75.95876401,37053.0,54.028743291431034,0.0,15,15,0,0,15,15,27072,0,0,0,0,0
2020-06-09,US,North Carolina,Dare,25,1,0,35.66520691,-75.71767334,37055.0,67.55113621011104,4.0,24,25,1,0,24,22,36501,0,0,0,0,3
2020-06-09,US,North Carolina,Davidson,527,13,0,35.79115496,-80.21256572,37057.0,314.4222565614018,2.4667931688804554,514,520,13,0,507,511,166614,7,0,0,7,9
2020-06-09,US,North Carolina,Davie,119,2,0,35.93099927,-80.54496571,37059.0,277.7388787751482,1.680672268907563,117,119,2,0,117,117,42733,0,0,0,0,2
2020-06-09,US,North Carolina,Duplin,1047,20,0,34.93449805,-77.93140529,37061.0,1782.4007081935956,1.9102196752626552,1027,1047,20,0,1027,1006,58856,0,0,0,0,41
2020-06-09,US,North Carolina,Durham,2247,51,0,36.03638492,-78.87608331,37063.0,698.9374408998158,2.2696929238985315,2196,2180,49,0,2131,2114,316739,67,2,0,65,66
2020-06-09,US,North Carolina,Edgecombe,229,9,0,35.91230639,-77.59436892,37065.0,444.90208268573207,3.930131004366812,220,229,9,0,220,228,52005,0,0,0,0,1
2020-06-09,US,North Carolina,Forsyth,1898,18,0,36.12859861,-80.25459052,37067.0,496.475235093318,0.9483667017913592,1880,1816,17,0,1799,1774,379099,82,1,0,81,42
2020-06-09,US,North Carolina,Franklin,190,22,0,36.081519,-78.28708884,37069.0,272.6555212743058,11.578947368421053,168,190,22,0,168,185,67560,0,0,0,0,5
2020-06-09,US,North Carolina,Gaston,383,8,0,35.29373559,-81.17477045,37071.0,170.57930156015482,2.0887728459530033,375,366,8,0,358,364,222846,17,0,0,17,2
2020-06-09,US,North Carolina,Gates,24,1,0,36.44667547,-76.69749701,37073.0,207.57654385054488,4.166666666666667,23,24,1,0,23,24,11573,0,0,0,0,0
2020-06-09,US,North Carolina,Graham,4,0,0,35.3506925,-83.83369267,37075.0,47.387750266556104,0.0,4,4,0,0,4,4,8484,0,0,0,0,0
2020-06-09,US,North Carolina,Granville,530,13,0,36.30337451,-78.65184241,37077.0,876.8591896497528,2.452830188679245,517,513,13,0,500,501,60115,17,0,0,17,12
2020-06-09,US,North Carolina,Greene,104,2,0,35.48544173,-77.67578087,37079.0,493.6162133940862,1.9230769230769231,102,104,2,0,102,95,21012,0,0,0,0,9
2020-06-09,US,North Carolina,Guilford,1779,81,0,36.07959451,-79.78824948,37081.0,331.17760725574954,4.5531197301854975,1698,1665,78,0,1587,1614,533670,114,3,0,111,51
2020-06-09,US,North Carolina,Halifax,219,1,0,36.25669272,-77.6556109,37083.0,437.91241751649665,0.45662100456620996,218,203,1,0,202,201,50574,16,0,0,16,2
2020-06-09,US,North Carolina,Harnett,340,30,0,35.36731853,-78.87243571,37085.0,250.04412543390012,8.823529411764708,310,337,28,0,309,333,134214,3,2,0,1,4
2020-06-09,US,North Carolina,Haywood,60,0,0,35.55269063,-82.98196486,37087.0,96.2819134425598,0.0,60,60,0,0,60,59,61971,0,0,0,0,1
2020-06-09,US,North Carolina,Henderson,389,48,0,35.33788927,-82.4766782,37089.0,331.2978529514465,12.339331619537274,341,376,47,0,329,373,116748,13,1,0,12,3
2020-06-09,US,North Carolina,Hertford,135,6,0,36.3607755,-76.98104134,37091.0,570.1735861806818,4.4444444444444455,129,135,3,0,132,135,23659,0,3,0,-3,0
2020-06-09,US,North Carolina,Hoke,278,1,0,35.01888303,-79.23651674,37093.0,503.31317666654604,0.3597122302158273,277,278,1,0,277,278,54764,0,0,0,0,0
2020-06-09,US,North Carolina,Hyde,2,0,0,35.42017674,-76.15180542,37095.0,40.51043143609479,0.0,2,2,0,0,2,2,5230,0,0,0,0,0
2020-06-09,US,North Carolina,Iredell,348,6,0,35.80950511,-80.8743128,37097.0,191.41282465925218,1.7241379310344829,342,348,6,0,342,332,178435,0,0,0,0,16
2020-06-09,US,North Carolina,Jackson,50,1,0,35.28814273,-83.14093385,37099.0,113.79671355091264,2.0,49,50,1,0,49,47,43327,0,0,0,0,3
2020-06-09,US,North Carolina,Johnston,669,23,0,35.51745004,-78.36622717,37101.0,319.57733628229806,3.4379671150971602,646,648,23,0,625,620,202675,21,0,0,21,28
2020-06-09,US,North Carolina,Jones,28,3,0,35.02254606,-77.35870791,37103.0,297.271472555473,10.714285714285714,25,28,3,0,25,28,9637,0,0,0,0,0
2020-06-09,US,North Carolina,Lee,534,4,0,35.47623147,-79.17569362,37105.0,864.3713883358423,0.7490636704119851,530,534,4,0,530,530,61452,0,0,0,0,4
2020-06-09,US,North Carolina,Lenoir,257,8,0,35.24032589999999,-77.64245615,37107.0,459.34690521725145,3.1128404669260696,249,241,7,0,234,235,55976,16,1,0,15,6
2020-06-09,US,North Carolina,Lincoln,105,0,0,35.48508185,-81.21740317,37109.0,121.93564120727898,0.0,105,105,0,0,105,101,83770,0,0,0,0,4
2020-06-09,US,North Carolina,Macon,146,1,0,35.14867843,-83.41696617,37113.0,407.16158179485745,0.6849315068493149,145,146,1,0,145,121,35285,0,0,0,0,25
2020-06-09,US,North Carolina,Madison,4,0,0,35.85402722,-82.71346418,37115.0,18.38657779820731,0.0,4,4,0,0,4,4,21763,0,0,0,0,0
2020-06-09,US,North Carolina,Martin,77,4,0,35.84326734,-77.10860251,37117.0,343.13725490196083,5.194805194805196,73,77,4,0,73,77,22671,0,0,0,0,0
2020-06-09,US,North Carolina,McDowell,101,1,0,35.67736232,-82.0482425,37111.0,220.7360783285252,0.99009900990099,100,101,1,0,100,100,45507,0,0,0,0,1
2020-06-09,US,North Carolina,Mecklenburg,5682,111,0,35.24469268,-80.8317671,37119.0,511.7277701926229,1.9535374868004225,5571,5682,110,0,5572,5509,1093901,0,1,0,-1,173
2020-06-09,US,North Carolina,Mitchell,17,0,0,36.01059309,-82.1582442,37121.0,113.60598770382249,0.0,17,17,0,0,17,17,15000,0,0,0,0,0
2020-06-09,US,North Carolina,Montgomery,165,5,0,35.33155144,-79.90416657,37123.0,607.2204026055275,3.0303030303030303,160,165,5,0,160,162,27271,0,0,0,0,3
2020-06-09,US,North Carolina,Moore,266,11,0,35.30885257,-79.48474178,37125.0,263.67961934972243,4.135338345864661,255,259,11,0,248,259,98682,7,0,0,7,0
2020-06-09,US,North Carolina,Nash,242,4,0,35.96575634,-77.98422508,37127.0,256.6332265795669,1.6528925619834711,238,242,4,0,238,236,94016,0,0,0,0,6
2020-06-09,US,North Carolina,New Hanover,278,5,0,34.25758282,-77.87075626,37129.0,118.56375787404093,1.7985611510791366,273,270,5,0,265,259,232274,8,0,0,8,11
2020-06-09,US,North Carolina,Northampton,170,14,0,36.41736238,-77.39769443,37131.0,872.5555612585332,8.235294117647058,156,165,14,0,151,165,19676,5,0,0,5,0
2020-06-09,US,North Carolina,Onslow,134,2,0,34.72607366,-77.42908179,37133.0,67.6979660297669,1.492537313432836,132,134,2,0,132,134,197683,0,0,0,0,0
2020-06-09,US,North Carolina,Orange,405,40,0,36.06092947,-79.12167935,37135.0,272.77135698698777,9.876543209876543,365,405,40,0,365,398,146027,0,0,0,0,7
2020-06-09,US,North Carolina,Pamlico,13,0,0,35.15253315,-76.66559823,37137.0,102.15307245010216,0.0,13,13,0,0,13,12,12670,0,0,0,0,1
2020-06-09,US,North Carolina,Pasquotank,119,13,0,36.26723798,-76.25134778,37139.0,298.8147850542386,10.92436974789916,106,119,13,0,106,119,39639,0,0,0,0,0
2020-06-09,US,North Carolina,Pender,113,1,0,34.52265624,-77.90352133,37141.0,179.19441801458927,0.8849557522123894,112,113,1,0,112,108,62162,0,0,0,0,5
2020-06-09,US,North Carolina,Perquimans,26,2,0,36.17847453,-76.40603143,37143.0,193.12188962341236,7.6923076923076925,24,26,2,0,24,26,13422,0,0,0,0,0
2020-06-09,US,North Carolina,Person,61,1,0,36.38989032,-78.97217358,37145.0,154.46948594580903,1.639344262295082,60,61,1,0,60,58,39507,0,0,0,0,3
2020-06-09,US,North Carolina,Pitt,397,2,0,35.59535426,-77.37353178,37147.0,219.65010899514226,0.5037783375314862,395,397,2,0,395,394,179914,0,0,0,0,3
2020-06-09,US,North Carolina,Polk,48,4,0,35.27820615,-82.16812354,37149.0,231.6155182397221,8.333333333333334,44,48,4,0,44,47,20611,0,0,0,0,1
2020-06-09,US,North Carolina,Randolph,829,15,0,35.71015088,-79.80570339,37151.0,577.0288235990173,1.8094089264173705,814,801,15,0,786,792,143351,28,0,0,28,9
2020-06-09,US,North Carolina,Richmond,184,4,0,35.00417719,-79.74491009,37153.0,410.44859354435744,2.1739130434782608,180,184,3,0,181,184,44887,0,1,0,-1,0
2020-06-09,US,North Carolina,Robeson,983,26,0,34.64244496,-79.10250529999998,37155.0,752.5358851674641,2.6449643947100707,957,905,26,0,879,905,131831,78,0,0,78,0
2020-06-09,US,North Carolina,Rockingham,116,2,0,36.39593137,-79.77504841,37157.0,127.45852104164378,1.7241379310344829,114,116,2,0,114,115,90690,0,0,0,0,1
2020-06-09,US,North Carolina,Rowan,772,39,0,35.64003916,-80.52446628,37159.0,543.3252632171614,5.051813471502591,733,771,38,0,733,761,141262,1,1,0,0,10
2020-06-09,US,North Carolina,Rutherford,200,7,0,35.40114178,-81.92112099,37161.0,298.37831386414837,3.5,193,200,7,0,193,198,66826,0,0,0,0,2
2020-06-09,US,North Carolina,Sampson,621,4,0,34.98820368,-78.36914061,37163.0,977.4755631109224,0.644122383252818,617,621,4,0,617,597,63626,0,0,0,0,24
2020-06-09,US,North Carolina,Scotland,98,0,0,34.8386299,-79.4757978,37165.0,281.4231973121213,0.0,98,98,0,0,98,97,34810,0,0,0,0,1
2020-06-09,US,North Carolina,Stanly,118,4,0,35.31647813,-80.25093221,37167.0,187.8801388402382,3.3898305084745757,114,118,4,0,114,118,62075,0,0,0,0,0
2020-06-09,US,North Carolina,Stokes,86,0,0,36.4017975,-80.23893369,37169.0,188.6337215678533,0.0,86,86,0,0,86,85,45467,0,0,0,0,1
2020-06-09,US,North Carolina,Surry,279,2,0,36.41689489,-80.69102283,37171.0,388.6714124514161,0.7168458781362007,277,279,2,0,277,274,71948,0,0,0,0,5
2020-06-09,US,North Carolina,Swain,25,0,0,35.48665845,-83.48748932,37173.0,175.18043584892442,0.0,25,25,0,0,25,25,14245,0,0,0,0,0
2020-06-09,US,North Carolina,Transylvania,16,1,0,35.20383864,-82.79638423,37175.0,46.531917987494545,6.25,15,16,1,0,15,16,34215,0,0,0,0,0
2020-06-09,US,North Carolina,Tyrrell,4,0,0,35.87147226,-76.17055253,37177.0,99.60159362549801,0.0,4,4,0,0,4,4,4131,0,0,0,0,0
2020-06-09,US,North Carolina,Union,604,22,0,34.98960527,-80.52955873,37179.0,251.81460774871903,3.6423841059602653,582,592,21,0,571,575,235908,12,1,0,11,17
2020-06-09,US,North Carolina,Vance,375,26,0,36.36880673,-78.40670845,37181.0,842.0343550016839,6.933333333333334,349,370,26,0,344,366,44582,5,0,0,5,4
2020-06-09,US,North Carolina,Wake,2378,41,0,35.78879266,-78.65249174,37183.0,213.89489287715614,1.7241379310344829,2337,2300,40,0,2260,2235,1092305,78,1,0,77,65
2020-06-09,US,North Carolina,Warren,93,2,0,36.39728256,-78.10652228,37185.0,471.3395164968831,2.150537634408602,91,93,2,0,91,89,19807,0,0,0,0,4
2020-06-09,US,North Carolina,Washington,32,3,0,35.83810081,-76.57299037,37187.0,276.33851468048357,9.375,29,32,3,0,29,32,11859,0,0,0,0,0
2020-06-09,US,North Carolina,Watauga,41,0,0,36.23103603,-81.70033724,37189.0,72.98360539010628,0.0,41,41,0,0,41,40,55945,0,0,0,0,1
2020-06-09,US,North Carolina,Wayne,1339,22,0,35.36438125,-78.00027268,37191.0,1087.459697395457,1.6430171769977595,1317,1335,20,0,1315,1306,123248,4,2,0,2,29
2020-06-09,US,North Carolina,Wilkes,511,6,0,36.2084135,-81.16232895,37193.0,746.9449804127929,1.1741682974559686,505,511,6,0,505,509,68557,0,0,0,0,2
2020-06-09,US,North Carolina,Wilson,447,13,0,35.70625477,-77.917978,37195.0,546.448087431694,2.9082774049217,434,445,12,0,433,443,81455,2,1,0,1,2
2020-06-09,US,North Carolina,Yadkin,221,3,0,36.16222629,-80.66239436,37197.0,586.7204715002522,1.3574660633484164,218,217,3,0,214,216,37543,4,0,0,4,1
2020-06-09,US,North Carolina,Yancey,21,0,0,35.90079156,-82.31237181,37199.0,116.22115224970943,0.0,21,21,0,0,21,21,17903,0,0,0,0,0
2020-06-09,US,North Dakota,Barnes,9,0,0,46.93579637,-98.06605978,38003.0,86.41382621219395,0.0,9,9,0,0,9,9,10542,0,0,0,0,0
2020-06-09,US,North Dakota,Benson,3,0,0,48.0683985,-99.35916363,38005.0,43.911007025761116,0.0,3,2,0,0,2,2,6962,1,0,0,1,0
2020-06-09,US,North Dakota,Bottineau,4,0,0,48.79106111,-100.8378166,38009.0,63.673989175421845,0.0,4,3,0,0,3,3,6411,1,0,0,1,0
2020-06-09,US,North Dakota,Bowman,1,0,0,46.11285362,-103.5203343,38011.0,33.06878306878307,0.0,1,1,0,0,1,1,3076,0,0,0,0,0
2020-06-09,US,North Dakota,Burke,5,0,0,48.79094471,-102.5182117,38013.0,236.40661938534282,0.0,5,5,0,0,5,5,2100,0,0,0,0,0
2020-06-09,US,North Dakota,Burleigh,144,0,0,46.97847375,-100.4645214,38015.0,150.58666053165456,0.0,144,143,0,0,143,142,95273,1,0,0,1,1
2020-06-09,US,North Dakota,Cass,1930,60,0,46.93201724,-97.2444719,38017.0,1060.888397838646,3.1088082901554404,1870,1917,60,0,1857,1911,181516,13,0,0,13,6
2020-06-09,US,North Dakota,Dickey,1,0,0,46.11017712,-98.5049008,38021.0,20.52545155993432,0.0,1,1,0,0,1,1,4903,0,0,0,0,0
2020-06-09,US,North Dakota,Divide,1,0,0,48.814938700000006,-103.4873611,38023.0,44.16961130742049,0.0,1,1,0,0,1,1,2283,0,0,0,0,0
2020-06-09,US,North Dakota,Dunn,11,0,0,47.35423935,-102.6160468,38025.0,248.64376130198917,0.0,11,11,0,0,11,11,4332,0,0,0,0,0
2020-06-09,US,North Dakota,Eddy,5,0,0,47.71701474,-98.90432337,38027.0,218.62702229995628,0.0,5,5,0,0,5,5,2313,0,0,0,0,0
2020-06-09,US,North Dakota,Emmons,4,1,0,46.28398398,-100.2389766,38029.0,123.41869793273679,25.0,3,4,1,0,3,4,3295,0,0,0,0,0
2020-06-09,US,North Dakota,Foster,1,0,0,47.4571084,-98.88279923,38031.0,31.152647975077887,0.0,1,1,0,0,1,1,3216,0,0,0,0,0
2020-06-09,US,North Dakota,Grand Forks,339,4,0,47.92093639,-97.45450447,38035.0,488.1139220457589,1.1799410029498525,335,339,4,0,335,337,70770,0,0,0,0,2
2020-06-09,US,North Dakota,Grant,2,0,0,46.35821257,-101.6390013,38037.0,87.95074758135445,0.0,2,2,0,0,2,2,2374,0,0,0,0,0
2020-06-09,US,North Dakota,Griggs,1,0,0,47.45785838,-98.23850925,38039.0,44.822949350067226,0.0,1,1,0,0,1,1,2232,0,0,0,0,0
2020-06-09,US,North Dakota,Kidder,1,0,0,46.97830064,-99.77507857,38043.0,40.32258064516129,0.0,1,,,,,,2450,,,,,
2020-06-09,US,North Dakota,LaMoure,1,0,0,46.45681054,-98.53542355,38045.0,24.715768660405335,0.0,1,1,0,0,1,1,4062,0,0,0,0,0
2020-06-09,US,North Dakota,McHenry,2,1,0,48.23104458,-100.6324822,38049.0,34.81288076588338,50.0,1,2,1,0,1,2,5816,0,0,0,0,0
2020-06-09,US,North Dakota,McIntosh,1,0,0,46.11182017,-99.44145858,38051.0,40.04805766920305,0.0,1,1,0,0,1,1,2585,0,0,0,0,0
2020-06-09,US,North Dakota,McKenzie,18,0,0,47.74133370000001,-103.395905,38053.0,119.8083067092652,0.0,18,18,0,0,18,18,13632,0,0,0,0,0
2020-06-09,US,North Dakota,McLean,8,0,0,47.60766714,-101.3182418,38055.0,84.65608465608466,0.0,8,7,0,0,7,7,9541,1,0,0,1,0
2020-06-09,US,North Dakota,Mercer,6,0,0,47.31213126,-101.8318399,38057.0,73.28691828508613,0.0,6,6,0,0,6,6,8267,0,0,0,0,0
2020-06-09,US,North Dakota,Morton,60,2,0,46.71681782,-101.2822377,38059.0,191.3021298303788,3.333333333333333,58,60,2,0,58,60,31095,0,0,0,0,0
2020-06-09,US,North Dakota,Mountrail,43,0,0,48.20197971,-102.3555315,38061.0,407.77619724988153,0.0,43,43,0,0,43,43,10218,0,0,0,0,0
2020-06-09,US,North Dakota,Nelson,1,0,0,47.9226426,-98.19038437,38063.0,34.734282737061484,0.0,1,1,0,0,1,1,2869,0,0,0,0,0
2020-06-09,US,North Dakota,Oliver,1,0,0,47.11530482,-101.3406158,38065.0,51.046452271567134,0.0,1,1,0,0,1,1,1952,0,0,0,0,0
2020-06-09,US,North Dakota,Pembina,6,0,0,48.76623521,-97.5523809,38067.0,88.2223202470225,0.0,6,6,0,0,6,6,6947,0,0,0,0,0
2020-06-09,US,North Dakota,Pierce,3,0,0,48.24977025,-99.96407787,38069.0,75.47169811320755,0.0,3,3,0,0,3,3,4081,0,0,0,0,0
2020-06-09,US,North Dakota,Ramsey,8,1,0,48.26886249,-98.72223879,38071.0,69.4504731313482,12.5,7,8,1,0,7,8,11481,0,0,0,0,0
2020-06-09,US,North Dakota,Ransom,11,0,0,46.45621782,-97.65742504,38073.0,210.80873898045232,0.0,11,11,0,0,11,11,5237,0,0,0,0,0
2020-06-09,US,North Dakota,Renville,3,0,0,48.71982533,-101.6603912,38075.0,128.92135797163732,0.0,3,3,0,0,3,3,2374,0,0,0,0,0
2020-06-09,US,North Dakota,Richland,30,0,0,46.26440649,-96.94852979,38077.0,185.4484762316869,0.0,30,28,0,0,28,28,16239,2,0,0,2,0
2020-06-09,US,North Dakota,Rolette,7,0,0,48.77245354,-99.84097493,38079.0,49.37923250564334,0.0,7,6,0,0,6,6,14301,1,0,0,1,0
2020-06-09,US,North Dakota,Sargent,4,0,0,46.10830372,-97.63217159,38081.0,102.6167265264238,0.0,4,4,0,0,4,4,3870,0,0,0,0,0
2020-06-09,US,North Dakota,Sheridan,1,0,0,47.57700669,-100.3426391,38083.0,76.04562737642586,0.0,1,1,0,0,1,1,1349,0,0,0,0,0
2020-06-09,US,North Dakota,Sioux,2,0,0,46.11323337,-101.0440149,38085.0,47.28132387706856,0.0,2,2,0,0,2,2,4358,0,0,0,0,0
2020-06-09,US,North Dakota,Slope,3,0,0,46.44737738,-103.4601547,38087.0,400.0,0.0,3,3,0,0,3,3,763,0,0,0,0,0
2020-06-09,US,North Dakota,Stark,63,2,0,46.80851182,-102.6576326,38089.0,200.06986566737592,3.1746031746031744,61,62,2,0,60,62,30997,1,0,0,1,0
2020-06-09,US,North Dakota,Steele,1,0,0,47.45611548,-97.72728747,38091.0,52.91005291005291,0.0,1,1,0,0,1,1,1903,0,0,0,0,0
2020-06-09,US,North Dakota,Stutsman,49,0,0,46.97962541,-98.95637318,38093.0,236.66924265842346,0.0,49,50,0,0,50,42,20917,-1,0,0,-1,8
2020-06-09,US,North Dakota,Traill,14,0,0,47.45367788,-97.16323288,38097.0,174.21602787456445,0.0,14,14,0,0,14,14,8037,0,0,0,0,0
2020-06-09,US,North Dakota,Walsh,16,0,0,48.36876964,-97.72574783,38099.0,150.3618081007424,0.0,16,16,0,0,16,16,10667,0,0,0,0,0
2020-06-09,US,North Dakota,Ward,44,1,0,48.22390169,-101.5436763,38101.0,65.04930441596072,2.272727272727273,43,44,1,0,43,44,67744,0,0,0,0,0
2020-06-09,US,North Dakota,Wells,8,0,0,47.58614526,-99.65904998,38103.0,208.65936358894103,0.0,8,8,0,0,8,6,3957,0,0,0,0,2
2020-06-09,US,North Dakota,Williams,25,0,0,48.34522353,-103.4793387,38105.0,66.5088190694086,0.0,25,25,0,0,25,25,35350,0,0,0,0,0
2020-06-09,US,Ohio,Adams,11,1,0,38.84541072,-83.4718964,39001.0,39.714058776806986,9.090909090909092,10,11,1,0,10,11,27724,0,0,0,0,0
2020-06-09,US,Ohio,Allen,227,34,0,40.77285242,-84.10802343,39003.0,221.78581547810964,14.977973568281937,193,224,34,0,190,222,102663,3,0,0,3,2
2020-06-09,US,Ohio,Ashland,25,0,0,40.84772277,-82.27280781,39005.0,46.74295116296462,0.0,25,24,0,0,24,24,53745,1,0,0,1,0
2020-06-09,US,Ohio,Ashtabula,375,38,0,41.70860332,-80.74830218,39007.0,385.63980214107215,10.133333333333333,337,374,38,0,336,372,97493,1,0,0,1,2
2020-06-09,US,Ohio,Athens,18,1,0,39.33425634,-82.04278644,39009.0,27.5536914292712,5.5555555555555545,17,18,1,0,17,18,65818,0,0,0,0,0
2020-06-09,US,Ohio,Auglaize,80,3,0,40.55998859,-84.22421429999999,39011.0,175.22340984755562,3.75,77,80,3,0,77,78,45804,0,0,0,0,2
2020-06-09,US,Ohio,Belmont,455,15,0,40.01625942,-80.9924051,39013.0,679.043667731248,3.2967032967032965,440,453,15,0,438,451,67505,2,0,0,2,2
2020-06-09,US,Ohio,Brown,32,1,0,38.93416837,-83.86788395,39015.0,73.67839381101491,3.125,31,31,1,0,30,31,43602,1,0,0,1,0
2020-06-09,US,Ohio,Butler,1034,32,0,39.44012838,-84.57388716,39017.0,269.8794677580168,3.094777562862669,1002,1013,32,0,981,999,382378,21,0,0,21,14
2020-06-09,US,Ohio,Carroll,36,3,0,40.5789686,-81.09178213,39019.0,133.75938173441332,8.333333333333334,33,36,3,0,33,36,27081,0,0,0,0,0
2020-06-09,US,Ohio,Champaign,35,1,0,40.13923427,-83.76875242,39021.0,90.00900090009,2.8571428571428568,34,34,1,0,33,33,38754,1,0,0,1,1
2020-06-09,US,Ohio,Clark,377,8,0,39.91592258,-83.78498252,39023.0,281.1691265857715,2.122015915119364,369,371,8,0,363,355,134585,6,0,0,6,16
2020-06-09,US,Ohio,Clermont,234,6,0,39.04847534,-84.15375786,39025.0,113.35671517429806,2.5641025641025643,228,232,6,0,226,227,205466,2,0,0,2,5
2020-06-09,US,Ohio,Clinton,48,1,0,39.41485808,-83.80852286,39027.0,114.3728555089592,2.083333333333333,47,48,1,0,47,47,42057,0,0,0,0,1
2020-06-09,US,Ohio,Columbiana,901,55,0,40.76932373,-80.78094576,39029.0,884.3477322026247,6.104328523862376,846,899,54,0,845,896,102665,2,1,0,1,3
2020-06-09,US,Ohio,Coshocton,48,0,0,40.30096166,-81.91729018,39031.0,131.14754098360658,0.0,48,48,0,0,48,48,36629,0,0,0,0,0
2020-06-09,US,Ohio,Crawford,121,4,0,40.85065156,-82.91989099,39033.0,291.60842531450334,3.3057851239669422,117,121,4,0,117,120,41550,0,0,0,0,1
2020-06-09,US,Ohio,Cuyahoga,4939,287,0,41.424119,-81.65918339,39035.0,399.89571458182195,5.810892893298239,4652,4910,283,0,4627,4858,1243857,29,4,0,25,52
2020-06-09,US,Ohio,Darke,194,25,0,40.13412966,-84.6194517,39037.0,379.55119049948166,12.88659793814433,169,193,24,0,169,193,51323,1,1,0,0,0
2020-06-09,US,Ohio,Defiance,38,2,0,41.32398837,-84.49076944,39039.0,99.7715756032242,5.2631578947368425,36,37,2,0,35,36,38165,1,0,0,1,1
2020-06-09,US,Ohio,Delaware,378,14,0,40.27942393,-83.00457058,39041.0,180.7082040568514,3.703703703703704,364,369,14,0,355,368,204826,9,0,0,9,1
2020-06-09,US,Ohio,Erie,191,16,0,41.36796058,-82.62904521,39043.0,257.1836371960251,8.37696335078534,175,190,16,0,174,189,74615,1,0,0,1,1
2020-06-09,US,Ohio,Fairfield,336,9,0,39.75107189,-82.63088163,39045.0,213.2331476004925,2.6785714285714284,327,333,9,0,324,326,155782,3,0,0,3,7
2020-06-09,US,Ohio,Fayette,43,0,0,39.56021306,-83.4562016,39047.0,150.7449605609115,0.0,43,43,0,0,43,42,28666,0,0,0,0,1
2020-06-09,US,Ohio,Franklin,6667,303,0,39.96995815,-83.01115755,39049.0,506.32007752385414,4.544772761361932,6364,6586,300,0,6286,6512,1310300,81,3,0,78,74
2020-06-09,US,Ohio,Fulton,51,0,0,41.60213491,-84.12571393,39051.0,121.06537530266344,0.0,51,50,0,0,50,46,42276,1,0,0,1,4
2020-06-09,US,Ohio,Gallia,9,1,0,38.82708533,-82.31647569,39053.0,30.102347983142685,11.111111111111109,8,9,1,0,8,9,29979,0,0,0,0,0
2020-06-09,US,Ohio,Geauga,317,34,0,41.49952319,-81.17935342,39055.0,338.49800852118017,10.725552050473187,283,313,34,0,279,309,94031,4,0,0,4,4
2020-06-09,US,Ohio,Greene,120,6,0,39.69116283,-83.89032084,39057.0,71.03239669225806,5.0,114,114,5,0,109,111,167995,6,1,0,5,3
2020-06-09,US,Ohio,Guernsey,44,2,0,40.05026529,-81.49248905,39059.0,113.18327974276528,4.545454545454546,42,43,2,0,41,42,39022,1,0,0,1,1
2020-06-09,US,Ohio,Hamilton,2918,173,0,39.19673558,-84.54502924,39061.0,356.9536853204938,5.92871830020562,2745,2891,172,0,2719,2860,816684,27,1,0,26,31
2020-06-09,US,Ohio,Hancock,60,1,0,41.00250487,-83.66838948,39063.0,79.17342939709434,1.6666666666666667,59,58,1,0,57,56,75930,2,0,0,2,2
2020-06-09,US,Ohio,Hardin,77,3,0,40.66015414,-83.65929931,39065.0,245.49657261278492,3.8961038961038965,74,76,3,0,73,73,31480,1,0,0,1,3
2020-06-09,US,Ohio,Harrison,10,0,0,40.29380509,-81.09068544,39067.0,66.48936170212765,0.0,10,10,0,0,10,10,15174,0,0,0,0,0
2020-06-09,US,Ohio,Henry,19,0,0,41.3339642,-84.06830637,39069.0,70.35473598459602,0.0,19,19,0,0,19,18,27086,0,0,0,0,1
2020-06-09,US,Ohio,Highland,30,1,0,39.1839264,-83.60331456,39071.0,69.50719399457844,3.333333333333333,29,30,1,0,29,29,43058,0,0,0,0,1
2020-06-09,US,Ohio,Hocking,73,6,0,39.49537927,-82.47991446,39073.0,258.2790829323521,8.219178082191782,67,74,5,0,69,71,28385,-1,1,0,-2,3
2020-06-09,US,Ohio,Holmes,69,3,0,40.56163713,-81.92635677,39075.0,156.96087352138306,4.3478260869565215,66,69,3,0,66,68,43892,0,0,0,0,1
2020-06-09,US,Ohio,Huron,64,1,0,41.14651175,-82.59867951,39077.0,109.8410736964954,1.5625,63,63,1,0,62,63,58504,1,0,0,1,0
2020-06-09,US,Ohio,Jackson,16,0,0,39.01914254,-82.61818559999998,39079.0,49.362909943541176,0.0,16,15,0,0,15,15,32384,1,0,0,1,0
2020-06-09,US,Ohio,Jefferson,69,2,0,40.38614126,-80.76259514,39081.0,105.62571756601608,2.898550724637681,67,69,2,0,67,68,65767,0,0,0,0,1
2020-06-09,US,Ohio,Knox,29,1,0,40.39830217,-82.42027563,39083.0,46.53252463014665,3.4482758620689653,28,29,1,0,28,28,61893,0,0,0,0,1
2020-06-09,US,Ohio,Lake,337,12,0,41.69710807,-81.23676539,39085.0,146.42687997775352,3.560830860534125,325,334,12,0,322,331,230514,3,0,0,3,3
2020-06-09,US,Ohio,Lawrence,30,1,0,38.59743452,-82.53466552,39087.0,50.45154129458654,3.333333333333333,29,30,1,0,29,30,59866,0,0,0,0,0
2020-06-09,US,Ohio,Licking,284,10,0,40.09136236,-82.48185785,39089.0,160.57717316325724,3.5211267605633805,274,280,10,0,270,277,175769,4,0,0,4,3
2020-06-09,US,Ohio,Logan,46,0,0,40.38996525,-83.76784341,39091.0,100.71816430197931,0.0,46,46,0,0,46,44,45358,0,0,0,0,2
2020-06-09,US,Ohio,Lorain,757,61,0,41.29553751,-82.15083537,39093.0,244.3251687199233,8.058124174372523,696,755,62,0,693,747,309461,2,-1,0,3,8
2020-06-09,US,Ohio,Lucas,2372,267,0,41.62101218,-83.65468618,39095.0,553.7553577931961,11.256323777403038,2105,2354,266,0,2088,2348,429899,18,1,0,17,6
2020-06-09,US,Ohio,Madison,167,7,0,39.89381073,-83.40178317,39097.0,373.3428718338512,4.1916167664670665,160,167,7,0,160,166,44413,0,0,0,0,1
2020-06-09,US,Ohio,Mahoning,1522,195,0,41.01631101,-80.77287029,39099.0,665.5501283436022,12.81208935611038,1327,1516,195,0,1321,1511,229642,6,0,0,6,5
2020-06-09,US,Ohio,Marion,2695,32,0,40.58610662,-83.15736305,39101.0,4140.230132272287,1.1873840445269015,2663,2694,32,0,2662,2691,65256,1,0,0,1,3
2020-06-09,US,Ohio,Medina,390,25,0,41.11770589,-81.89986209999998,39103.0,216.97283945122558,6.410256410256411,365,388,25,0,363,387,179146,2,0,0,2,1
2020-06-09,US,Ohio,Meigs,6,0,0,39.09224872,-82.0305041,39105.0,26.192866809272275,0.0,6,6,0,0,6,6,23106,0,0,0,0,0
2020-06-09,US,Ohio,Mercer,237,8,0,40.54043046,-84.62912742,39107.0,575.6339259691052,3.3755274261603376,229,237,8,0,229,233,40959,0,0,0,0,4
2020-06-09,US,Ohio,Miami,376,30,0,40.0543329,-84.22871271,39109.0,351.44456803162996,7.978723404255319,346,375,30,0,345,374,106222,1,0,0,1,1
2020-06-09,US,Ohio,Monroe,81,15,0,39.72984936,-81.08464734,39111.0,593.2327523070162,18.51851851851852,66,81,15,0,66,80,13790,0,0,0,0,1
2020-06-09,US,Ohio,Montgomery,835,17,0,39.75394919,-84.29050975,39113.0,157.04728533893058,2.035928143712575,818,817,17,0,800,791,532331,18,0,0,18,26
2020-06-09,US,Ohio,Morgan,6,0,0,39.62081738,-81.85308173,39115.0,41.356492969396186,0.0,6,6,0,0,6,6,14604,0,0,0,0,0
2020-06-09,US,Ohio,Morrow,108,1,0,40.52363560000001,-82.7892599,39117.0,305.70652173913044,0.925925925925926,107,108,1,0,107,108,35112,0,0,0,0,0
2020-06-09,US,Ohio,Muskingum,57,1,0,39.96575964,-81.94363275,39119.0,66.11378530418139,1.7543859649122806,56,57,1,0,56,56,86183,0,0,0,0,1
2020-06-09,US,Ohio,Noble,6,0,0,39.76818851,-81.45937183,39121.0,41.59733777038269,0.0,6,6,0,0,6,6,14354,0,0,0,0,0
2020-06-09,US,Ohio,Ottawa,112,19,0,41.53781826,-83.0940185,39123.0,276.37260950030844,16.964285714285715,93,109,19,0,90,109,40769,3,0,0,3,0
2020-06-09,US,Ohio,Paulding,14,0,0,41.11676341,-84.5801017,39125.0,74.97857754927162,0.0,14,14,0,0,14,14,18760,0,0,0,0,0
2020-06-09,US,Ohio,Perry,21,1,0,39.73508655,-82.23804971,39127.0,58.1170089112747,4.761904761904762,20,20,1,0,19,20,36033,1,0,0,1,0
2020-06-09,US,Ohio,Pickaway,2109,39,0,39.64170392,-83.0243386,39129.0,3607.7800776639237,1.8492176386913228,2070,2108,39,0,2069,2106,58086,1,0,0,1,2
2020-06-09,US,Ohio,Pike,9,0,0,39.07634001,-83.06769584,39131.0,32.406740602045225,0.0,9,9,0,0,9,9,28067,0,0,0,0,0
2020-06-09,US,Ohio,Portage,344,58,0,41.16793482,-81.19735782,39133.0,211.73660950598892,16.86046511627907,286,341,57,0,284,339,162927,3,1,0,2,2
2020-06-09,US,Ohio,Preble,39,1,0,39.7420247,-84.64787018,39135.0,95.39650702020451,2.5641025641025643,38,39,1,0,38,39,40997,0,0,0,0,0
2020-06-09,US,Ohio,Putnam,98,14,0,41.02094889,-84.1336111,39137.0,289.4185050648238,14.285714285714285,84,97,14,0,83,97,33780,1,0,0,1,0
2020-06-09,US,Ohio,Richland,232,4,0,40.77180308,-82.53799609999999,39139.0,191.49182032784717,1.7241379310344829,228,232,4,0,228,231,121099,0,0,0,0,1
2020-06-09,US,Ohio,Ross,75,2,0,39.33705391,-83.06000914,39141.0,97.82693762554457,2.6666666666666665,73,74,2,0,72,74,76931,1,0,0,1,0
2020-06-09,US,Ohio,Sandusky,98,13,0,41.35624126,-83.137872,39143.0,167.46983834033972,13.265306122448981,85,97,12,0,85,95,58799,1,1,0,0,2
2020-06-09,US,Ohio,Scioto,19,0,0,38.80270163,-82.98907345,39145.0,25.22771330695488,0.0,19,19,0,0,19,18,75502,0,0,0,0,1
2020-06-09,US,Ohio,Seneca,28,2,0,41.12351311,-83.12783209,39147.0,50.74486208271413,7.142857142857142,26,27,2,0,25,27,55207,1,0,0,1,0
2020-06-09,US,Ohio,Shelby,49,3,0,40.33163494,-84.20258189,39149.0,100.84379501955135,6.1224489795918355,46,49,3,0,46,49,48627,0,0,0,0,0
2020-06-09,US,Ohio,Stark,827,103,0,40.81482476,-81.36437305,39151.0,223.1480332212646,12.4546553808948,724,821,102,0,719,817,371574,6,1,0,5,4
2020-06-09,US,Ohio,Summit,1592,185,0,41.12464734,-81.53123079,39153.0,294.2627996000096,11.620603015075377,1407,1571,184,0,1387,1548,541918,21,1,0,20,23
2020-06-09,US,Ohio,Trumbull,618,53,0,41.31735028,-80.76109643,39155.0,312.16220311758116,8.576051779935275,565,616,53,0,563,612,198627,2,0,0,2,4
2020-06-09,US,Ohio,Tuscarawas,382,6,0,40.44214695,-81.47226262,39157.0,415.2760716188157,1.5706806282722514,376,381,5,0,376,378,92176,1,1,0,0,3
2020-06-09,US,Ohio,Union,61,1,0,40.30016061,-83.37239023,39159.0,103.41086322641894,1.639344262295082,60,58,1,0,57,58,57835,3,0,0,3,0
2020-06-09,US,Ohio,Van Wert,8,0,0,40.8554138,-84.59111700000003,39161.0,28.29354553492485,0.0,8,8,0,0,8,8,28281,0,0,0,0,0
2020-06-09,US,Ohio,Vinton,21,2,0,39.25208988,-82.4831444,39163.0,160.4891096675583,9.523809523809524,19,21,2,0,19,20,13139,0,0,0,0,1
2020-06-09,US,Ohio,Warren,443,20,0,39.42581994,-84.16557457,39165.0,188.8304447532417,4.514672686230249,423,427,20,0,407,419,232173,16,0,0,16,8
2020-06-09,US,Ohio,Washington,118,19,0,39.45690571,-81.49121382,39167.0,196.9588222530086,16.10169491525424,99,118,19,0,99,118,60155,0,0,0,0,0
2020-06-09,US,Ohio,Wayne,301,51,0,40.82925852,-81.88844833,39169.0,260.1330913490623,16.943521594684384,250,300,51,0,249,298,115967,1,0,0,1,2
2020-06-09,US,Ohio,Williams,58,1,0,41.56052014,-84.58429552,39171.0,158.07260438242668,1.7241379310344829,57,58,1,0,57,58,36804,0,0,0,0,0
2020-06-09,US,Ohio,Wood,308,49,0,41.36224827,-83.62285108,39173.0,235.44340567357452,15.909090909090908,259,308,49,0,259,307,130696,0,0,0,0,1
2020-06-09,US,Ohio,Wyandot,48,2,0,40.84339621,-83.30734173,39175.0,220.46665441851917,4.166666666666667,46,48,2,0,46,48,21935,0,0,0,0,0
2020-06-09,US,Oklahoma,Adair,95,4,0,35.88494195,-94.65859267,40001.0,428.0436153915473,4.2105263157894735,91,94,4,0,90,94,22082,1,0,0,1,0
2020-06-09,US,Oklahoma,Alfalfa,1,0,0,36.73090616,-98.32408495,40003.0,17.5377060680463,0.0,1,1,0,0,1,1,5754,0,0,0,0,0
2020-06-09,US,Oklahoma,Atoka,5,0,0,34.37366573,-96.03802487,40005.0,36.34249164122692,0.0,5,4,0,0,4,4,13838,1,0,0,1,0
2020-06-09,US,Oklahoma,Beaver,27,0,0,36.7496847,-100.4758872,40007.0,508.3788363773301,0.0,27,27,0,0,27,27,5319,0,0,0,0,0
2020-06-09,US,Oklahoma,Beckham,7,0,0,35.26862449,-99.68128023,40009.0,32.02342284642481,0.0,7,7,0,0,7,7,21709,0,0,0,0,0
2020-06-09,US,Oklahoma,Blaine,10,0,0,35.87518314,-98.43307003,40011.0,106.05578534309046,0.0,10,9,0,0,9,9,9485,1,0,0,1,0
2020-06-09,US,Oklahoma,Bryan,40,1,0,33.96472458,-96.25903472,40013.0,83.34201479320762,2.5,39,36,1,0,35,36,47192,4,0,0,4,0
2020-06-09,US,Oklahoma,Caddo,174,10,0,35.17364557,-98.37534464,40015.0,604.9648842222376,5.747126436781608,164,170,10,0,160,170,28977,4,0,0,4,0
2020-06-09,US,Oklahoma,Canadian,143,3,0,35.5426055,-97.98465569,40017.0,96.422262079754,2.097902097902098,140,142,3,0,139,142,144447,1,0,0,1,0
2020-06-09,US,Oklahoma,Carter,55,1,0,34.25103751,-97.28552485,40019.0,114.31897071355823,1.818181818181818,54,53,1,0,52,52,48177,2,0,0,2,1
2020-06-09,US,Oklahoma,Cherokee,37,1,0,35.90692775,-94.99980896,40021.0,76.04250159278213,2.702702702702702,36,33,1,0,32,33,48675,4,0,0,4,0
2020-06-09,US,Oklahoma,Choctaw,100,1,0,34.02807439,-95.54771129,40023.0,681.5703380588878,1.0,99,100,1,0,99,98,14668,0,0,0,0,2
2020-06-09,US,Oklahoma,Cimarron,1,0,0,36.74817177,-102.5173885,40025.0,46.79457182966776,0.0,1,1,0,0,1,1,2153,0,0,0,0,0
2020-06-09,US,Oklahoma,Cleveland,529,39,0,35.20413532,-97.32519562,40027.0,186.25842388051294,7.3724007561436675,490,524,37,0,487,520,281669,5,2,0,3,4
2020-06-09,US,Oklahoma,Coal,5,0,0,34.58840127,-96.29798747,40029.0,90.99181073703366,0.0,5,5,0,0,5,5,5520,0,0,0,0,0
2020-06-09,US,Oklahoma,Comanche,311,3,0,34.65973764,-98.47195055,40031.0,257.55906881216407,0.964630225080386,308,310,3,0,307,310,120422,1,0,0,1,0
2020-06-09,US,Oklahoma,Cotton,5,2,0,34.28845626,-98.37053567,40033.0,88.24567596187786,40.0,3,5,2,0,3,5,5776,0,0,0,0,0
2020-06-09,US,Oklahoma,Craig,16,0,0,36.76268118,-95.20916602,40035.0,113.13816999010041,0.0,16,16,0,0,16,16,14306,0,0,0,0,0
2020-06-09,US,Oklahoma,Creek,101,7,0,35.90230551,-96.37086028,40037.0,141.2152904001566,6.9306930693069315,94,100,7,0,93,100,71604,1,0,0,1,0
2020-06-09,US,Oklahoma,Custer,35,0,0,35.63853802,-99.00170785,40039.0,120.67717132710408,0.0,35,34,0,0,34,34,29036,1,0,0,1,0
2020-06-09,US,Oklahoma,Delaware,103,16,0,36.40823634,-94.80325046,40041.0,239.4847590039294,15.533980582524274,87,102,16,0,86,102,42733,1,0,0,1,0
2020-06-09,US,Oklahoma,Dewey,2,0,0,35.98772922,-99.00730714,40043.0,40.891433244735225,0.0,2,2,0,0,2,2,4894,0,0,0,0,0
2020-06-09,US,Oklahoma,Garfield,31,1,0,36.3791334,-97.78265517,40047.0,50.7730607966457,3.2258064516129035,30,30,1,0,29,30,60913,1,0,0,1,0
2020-06-09,US,Oklahoma,Garvin,20,1,0,34.70418038,-97.30811132,40049.0,72.17350510627548,5.0,19,20,1,0,19,20,27811,0,0,0,0,0
2020-06-09,US,Oklahoma,Grady,115,3,0,35.0167709,-97.88339847,40051.0,205.9676899380306,2.608695652173913,112,115,3,0,112,115,55551,0,0,0,0,0
2020-06-09,US,Oklahoma,Grant,2,0,0,36.796297,-97.78638765,40053.0,46.15739672282484,0.0,2,2,0,0,2,2,4326,0,0,0,0,0
2020-06-09,US,Oklahoma,Greer,66,7,0,34.93535801,-99.5605612,40055.0,1155.4621848739494,10.606060606060606,59,66,7,0,59,66,5821,0,0,0,0,0
2020-06-09,US,Oklahoma,Harper,1,0,0,36.78836519,-99.6679804,40059.0,27.11496746203905,0.0,1,1,0,0,1,1,3797,0,0,0,0,0
2020-06-09,US,Oklahoma,Haskell,6,0,0,35.22257600000001,-95.11513306,40061.0,47.517224994060356,0.0,6,6,0,0,6,6,12668,0,0,0,0,0
2020-06-09,US,Oklahoma,Hughes,3,0,0,35.04912569,-96.24921145,40063.0,22.59206265532043,0.0,3,3,0,0,3,3,13335,0,0,0,0,0
2020-06-09,US,Oklahoma,Jackson,29,3,0,34.58781741,-99.41138784,40065.0,118.22258459029759,10.344827586206897,26,28,3,0,25,28,24949,1,0,0,1,0
2020-06-09,US,Oklahoma,Jefferson,4,0,0,34.11130184,-97.83182974,40067.0,66.64445184938353,0.0,4,4,0,0,4,4,6123,0,0,0,0,0
2020-06-09,US,Oklahoma,Johnston,3,0,0,34.31440473,-96.66011537,40069.0,27.063599458728014,0.0,3,3,0,0,3,3,10949,0,0,0,0,0
2020-06-09,US,Oklahoma,Kay,60,7,0,36.81799745,-97.14421435,40071.0,137.81064816941523,11.666666666666664,53,59,7,0,52,59,44161,1,0,0,1,0
2020-06-09,US,Oklahoma,Kingfisher,12,0,0,35.94530008,-97.94193268,40073.0,76.11798287345384,0.0,12,12,0,0,12,12,15816,0,0,0,0,0
2020-06-09,US,Oklahoma,Kiowa,6,0,0,34.91671958,-98.97720696,40075.0,68.90215893431328,0.0,6,6,0,0,6,6,8729,0,0,0,0,0
2020-06-09,US,Oklahoma,Latimer,5,1,0,34.87844729,-95.25215049,40077.0,49.63764519011218,20.0,4,5,1,0,4,5,10231,0,0,0,0,0
2020-06-09,US,Oklahoma,Le Flore,16,1,0,34.89851864,-94.70392124,40079.0,32.094357410787715,6.25,15,16,1,0,15,15,49980,0,0,0,0,1
2020-06-09,US,Oklahoma,Lincoln,22,2,0,35.70270942,-96.8812462,40081.0,63.07881985262494,9.090909090909092,20,23,2,0,21,22,34920,-1,0,0,-1,1
2020-06-09,US,Oklahoma,Logan,21,1,0,35.91899576,-97.44352845,40083.0,43.73997625544146,4.761904761904762,20,21,1,0,20,21,47291,0,0,0,0,0
2020-06-09,US,Oklahoma,Love,21,0,0,33.95273467,-97.23906784,40085.0,204.81810201892128,0.0,21,17,0,0,17,17,10134,4,0,0,4,0
2020-06-09,US,Oklahoma,Major,6,1,0,36.31149996,-98.53467076,40093.0,78.64726700747148,16.666666666666668,5,6,1,0,5,6,7644,0,0,0,0,0
2020-06-09,US,Oklahoma,Marshall,11,0,0,34.02311222,-96.76855464,40095.0,64.96958242277479,0.0,11,11,0,0,11,11,16806,0,0,0,0,0
2020-06-09,US,Oklahoma,Mayes,35,4,0,36.30179091,-95.23175116,40097.0,85.15815085158151,11.428571428571427,31,34,4,0,30,34,41107,1,0,0,1,0
2020-06-09,US,Oklahoma,McClain,110,4,0,35.01123903,-97.44572302,40087.0,271.77941394475465,3.636363636363636,106,110,4,0,106,109,39985,0,0,0,0,1
2020-06-09,US,Oklahoma,McCurtain,109,1,0,34.11664328,-94.77222373,40089.0,331.9931773879142,0.9174311926605504,108,97,1,0,96,84,32703,12,0,0,12,13
2020-06-09,US,Oklahoma,McIntosh,14,1,0,35.37235506,-95.66599306,40091.0,71.44315166360481,7.142857142857142,13,14,1,0,13,14,19815,0,0,0,0,0
2020-06-09,US,Oklahoma,Murray,6,0,0,34.48116015,-97.06826283,40099.0,42.634832658281816,0.0,6,6,0,0,6,6,13953,0,0,0,0,0
2020-06-09,US,Oklahoma,Muskogee,67,7,0,35.61318461,-95.37802952,40101.0,98.53375884230186,10.447761194029852,60,64,6,0,58,62,68362,3,1,0,2,2
2020-06-09,US,Oklahoma,Noble,7,0,0,36.38953329,-97.22928674,40103.0,62.887431497619254,0.0,7,7,0,0,7,7,11289,0,0,0,0,0
2020-06-09,US,Oklahoma,Nowata,24,2,0,36.79843529,-95.61902331,40105.0,238.18975784041282,8.333333333333334,22,24,0,0,24,24,10218,0,2,0,-2,0
2020-06-09,US,Oklahoma,Okfuskee,6,0,0,35.46485198,-96.32639984,40107.0,50.02918369048611,0.0,6,5,0,0,5,5,12098,1,0,0,1,0
2020-06-09,US,Oklahoma,Oklahoma,1404,64,0,35.55140095,-97.40716948,40109.0,176.0647276138213,4.558404558404559,1340,1384,64,0,1320,1369,792582,20,0,0,20,15
2020-06-09,US,Oklahoma,Okmulgee,29,0,0,35.64661916,-95.96432828,40111.0,75.39321461068505,0.0,29,27,0,0,27,26,38335,2,0,0,2,1
2020-06-09,US,Oklahoma,Osage,102,8,0,36.62888819,-96.39635704,40113.0,217.1922577348125,7.84313725490196,94,102,8,0,94,101,47014,0,0,0,0,1
2020-06-09,US,Oklahoma,Ottawa,35,2,0,36.83532655,-94.81011909,40115.0,112.44257397115044,5.7142857142857135,33,35,2,0,33,35,31175,0,0,0,0,0
2020-06-09,US,Oklahoma,Pawnee,34,2,0,36.31743373,-96.7033176,40117.0,207.6209086468002,5.882352941176472,32,34,2,0,32,34,16390,0,0,0,0,0
2020-06-09,US,Oklahoma,Payne,52,1,0,36.07695283,-96.97584944,40119.0,63.582118751834095,1.9230769230769231,51,51,1,0,50,48,82040,1,0,0,1,3
2020-06-09,US,Oklahoma,Pittsburg,43,3,0,34.92065823,-95.7513432,40121.0,98.50185550006873,6.9767441860465125,40,42,3,0,39,42,43877,1,0,0,1,0
2020-06-09,US,Oklahoma,Pontotoc,20,2,0,34.72959848,-96.68337199,40123.0,52.241145125901156,10.0,18,18,2,0,16,18,38247,2,0,0,2,0
2020-06-09,US,Oklahoma,Pottawatomie,65,4,0,35.20614018,-96.94923008,40125.0,89.54154727793696,6.153846153846153,61,64,4,0,60,64,72679,1,0,0,1,0
2020-06-09,US,Oklahoma,Pushmataha,5,0,0,34.41635232,-95.37603505,40127.0,45.061283345349686,0.0,5,5,0,0,5,5,11179,0,0,0,0,0
2020-06-09,US,Oklahoma,Rogers,89,5,0,36.37004357,-95.60406759,40131.0,96.25888231540466,5.617977528089888,84,87,5,0,82,85,91984,2,0,0,2,2
2020-06-09,US,Oklahoma,Seminole,30,2,0,35.16478725,-96.61686741,40133.0,123.67054167697256,6.666666666666668,28,30,2,0,28,30,24578,0,0,0,0,0
2020-06-09,US,Oklahoma,Sequoyah,18,3,0,35.49447108,-94.75463785,40135.0,43.301498712983225,16.666666666666668,15,17,3,0,14,17,41179,1,0,0,1,0
2020-06-09,US,Oklahoma,Stephens,43,1,0,34.48556989,-97.85141892,40137.0,99.66854414389357,2.3255813953488373,42,44,1,0,43,44,43265,-1,0,0,-1,0
2020-06-09,US,Oklahoma,Texas,954,6,0,36.74777635,-101.4889765,40139.0,4774.057949256869,0.6289308176100629,948,947,6,0,941,947,20455,7,0,0,7,0
2020-06-09,US,Oklahoma,Tillman,23,1,0,34.37288446,-98.92426619,40141.0,317.2413793103448,4.3478260869565215,22,23,1,0,22,23,7348,0,0,0,0,0
2020-06-09,US,Oklahoma,Tulsa,1261,61,0,36.11939621,-95.94013939,40143.0,193.53789106625408,4.8374306106264875,1200,1196,60,0,1136,1188,648360,65,1,0,64,8
2020-06-09,US,Oklahoma,Wagoner,158,17,0,35.96024096,-95.51911308,40145.0,194.36824170551984,10.759493670886075,141,156,17,0,139,156,80110,2,0,0,2,0
2020-06-09,US,Oklahoma,Washington,343,37,0,36.71380786,-95.90514104,40147.0,665.6704252139656,10.787172011661806,306,340,37,0,303,340,51843,3,0,0,3,0
2020-06-09,US,Oklahoma,Washita,2,0,0,35.29071824,-98.99180434,40149.0,18.321729571271533,0.0,2,2,0,0,2,2,11127,0,0,0,0,0
2020-06-09,US,Oklahoma,Woods,5,0,0,36.76705782,-98.86573064,40151.0,56.863414079381336,0.0,5,4,0,0,4,4,8897,1,0,0,1,0
2020-06-09,US,Oklahoma,Woodward,8,0,0,36.42316318,-99.26283045,40153.0,39.58240562070161,0.0,8,7,0,0,7,7,20222,1,0,0,1,0
2020-06-09,US,Oregon,Baker,1,0,0,44.70915557,-117.6749883,41001.0,6.201935003721161,0.0,1,1,0,0,1,1,16006,0,0,0,0,0
2020-06-09,US,Oregon,Benton,63,5,0,44.49167306,-123.4316987,41003.0,67.70335185324492,7.936507936507938,58,62,5,0,57,62,92101,1,0,0,1,0
2020-06-09,US,Oregon,Clackamas,393,13,0,45.18787398,-122.2179634,41005.0,93.97709637076237,3.307888040712468,380,377,12,0,365,346,416075,16,1,0,15,31
2020-06-09,US,Oregon,Clatsop,45,0,0,45.99712889,-123.660711,41007.0,111.87350835322195,0.0,45,45,0,0,45,45,39764,0,0,0,0,0
2020-06-09,US,Oregon,Columbia,17,0,0,45.94464254,-123.0890898,41009.0,32.471253390380866,0.0,17,16,0,0,16,16,52377,1,0,0,1,0
2020-06-09,US,Oregon,Coos,32,0,0,43.17406868,-124.0594514,41011.0,49.622404515638806,0.0,32,32,0,0,32,32,64389,0,0,0,0,0
2020-06-09,US,Oregon,Crook,6,0,0,44.14230227,-120.356297,41013.0,24.586133420750688,0.0,6,6,0,0,6,6,23867,0,0,0,0,0
2020-06-09,US,Oregon,Curry,7,0,0,42.45911325,-124.157282,41015.0,30.53435114503817,0.0,7,7,0,0,7,7,22813,0,0,0,0,0
2020-06-09,US,Oregon,Deschutes,134,0,0,43.91570171,-121.2289121,41017.0,67.78220666491309,0.0,134,135,0,0,135,133,191996,-1,0,0,-1,2
2020-06-09,US,Oregon,Douglas,29,0,0,43.27941273,-123.167291,41019.0,26.130834384573802,0.0,29,29,0,0,29,29,110283,0,0,0,0,0
2020-06-09,US,Oregon,Grant,1,0,0,44.49024544,-119.0068631,41023.0,13.890818169190164,0.0,1,1,0,0,1,1,7176,0,0,0,0,0
2020-06-09,US,Oregon,Harney,1,0,0,43.06422669,-118.9666306,41025.0,13.526308670363855,0.0,1,1,0,0,1,1,7329,0,0,0,0,0
2020-06-09,US,Oregon,Hood River,65,0,0,45.51872811,-121.65520359999998,41027.0,277.9916174835344,0.0,65,59,0,0,59,44,23428,6,0,0,6,15
2020-06-09,US,Oregon,Jackson,71,0,0,42.43201126,-122.7289309,41029.0,32.134839597364035,0.0,71,71,0,0,71,71,219564,0,0,0,0,0
2020-06-09,US,Oregon,Jefferson,58,0,0,44.62806839,-121.17832,41031.0,235.21777921972583,0.0,58,58,0,0,58,57,24192,0,0,0,0,1
2020-06-09,US,Oregon,Josephine,23,1,0,42.3665549,-123.5561938,41033.0,26.28962017213986,4.3478260869565215,22,23,1,0,22,23,87393,0,0,0,0,0
2020-06-09,US,Oregon,Klamath,46,0,0,42.68762984,-121.64964609999998,41035.0,67.41111990386588,0.0,46,46,0,0,46,45,67653,0,0,0,0,1
2020-06-09,US,Oregon,Lake,2,0,0,42.79246693,-120.3850163,41037.0,25.41619011310205,0.0,2,2,0,0,2,2,7879,0,0,0,0,0
2020-06-09,US,Oregon,Lane,81,3,0,43.93727035,-122.847753,41039.0,21.20047007462042,3.703703703703704,78,81,3,0,78,80,379611,0,0,0,0,1
2020-06-09,US,Oregon,Lincoln,157,0,0,44.64252874,-123.869912,41041.0,314.2388215043433,0.0,157,155,0,0,155,33,49388,2,0,0,2,122
2020-06-09,US,Oregon,Linn,124,9,0,44.48899494,-122.5373154,41043.0,95.56913733439178,7.258064516129032,115,125,9,0,116,124,127335,-1,0,0,-1,1
2020-06-09,US,Oregon,Malheur,33,1,0,43.1937027,-117.6227395,41045.0,107.94543848745545,3.0303030303030303,32,34,1,0,33,34,30725,-1,0,0,-1,0
2020-06-09,US,Oregon,Marion,1066,30,0,44.90287942,-122.5815117,41047.0,306.48212570942275,2.8142589118198877,1036,1058,27,0,1031,1039,346868,8,3,0,5,19
2020-06-09,US,Oregon,Morrow,13,0,0,45.41846568,-119.584546,41049.0,112.0399896578471,0.0,13,13,0,0,13,13,11372,0,0,0,0,0
2020-06-09,US,Oregon,Multnomah,1329,66,0,45.54747959,-122.4169351,41051.0,163.49779480965242,4.966139954853274,1263,1302,65,0,1237,1264,811880,27,1,0,26,38
2020-06-09,US,Oregon,Polk,104,12,0,44.90322804,-123.4128888,41053.0,120.81082650868328,11.538461538461537,92,103,12,0,91,103,85234,1,0,0,1,0
2020-06-09,US,Oregon,Sherman,1,0,0,45.41501554,-120.6827834,41055.0,56.179775280898866,0.0,1,1,0,0,1,1,1708,0,0,0,0,0
2020-06-09,US,Oregon,Tillamook,6,0,0,45.46248721,-123.712066,41057.0,22.192632046160675,0.0,6,6,0,0,6,6,26787,0,0,0,0,0
2020-06-09,US,Oregon,Umatilla,144,3,0,45.59073056,-118.7353826,41059.0,184.73380372033355,2.083333333333333,141,144,3,0,141,131,77516,0,0,0,0,13
2020-06-09,US,Oregon,Union,7,0,0,45.30915495,-118.0068979,41061.0,26.085336314514628,0.0,7,6,0,0,6,6,26461,1,0,0,1,0
2020-06-09,US,Oregon,Wallowa,3,0,0,45.57894064,-117.18353799999998,41063.0,41.620421753607104,0.0,3,3,0,0,3,3,7081,0,0,0,0,0
2020-06-09,US,Oregon,Wasco,34,1,0,45.16292781,-121.1670954,41065.0,127.42672963046249,2.9411764705882355,33,35,1,0,34,33,26505,-1,0,0,-1,2
2020-06-09,US,Oregon,Washington,807,18,0,45.55972701,-123.0955257,41067.0,134.1440710647748,2.2304832713754648,789,800,18,0,782,790,597695,7,0,0,7,10
2020-06-09,US,Oregon,Yamhill,85,7,0,45.23330449,-123.3086963,41071.0,79.36507936507937,8.235294117647058,78,85,7,0,78,81,107002,0,0,0,0,4
2020-06-09,US,Pennsylvania,Adams,275,9,0,39.87140411,-77.21610347,42001.0,266.9669640516848,3.272727272727273,266,275,8,0,267,273,102811,0,1,0,-1,2
2020-06-09,US,Pennsylvania,Allegheny,2027,169,0,40.46809875,-79.98167747,42003.0,166.68791039805268,8.337444499259991,1858,2008,169,0,1839,2003,1218452,19,0,0,19,5
2020-06-09,US,Pennsylvania,Armstrong,65,5,0,40.81665618,-79.46290811,42005.0,100.40936124198656,7.6923076923076925,60,65,5,0,60,65,65263,0,0,0,0,0
2020-06-09,US,Pennsylvania,Beaver,608,74,0,40.6825484,-80.34921611,42007.0,370.89227653435336,12.171052631578947,534,603,74,0,529,603,164742,5,0,0,5,0
2020-06-09,US,Pennsylvania,Bedford,45,2,0,40.00522157,-78.48998442,42009.0,93.96926161042431,4.4444444444444455,43,45,2,0,43,44,48176,0,0,0,0,1
2020-06-09,US,Pennsylvania,Berks,4236,334,0,40.41570541,-75.92457766,42011.0,1005.7839701398981,7.884796978281398,3902,4218,334,0,3884,4201,420152,18,0,0,18,17
2020-06-09,US,Pennsylvania,Blair,53,1,0,40.47961444,-78.34917412,42013.0,43.503599307225706,1.8867924528301887,52,53,1,0,52,53,122492,0,0,0,0,0
2020-06-09,US,Pennsylvania,Bradford,46,3,0,41.78869215,-76.51570822,42015.0,76.25615436898032,6.521739130434782,43,46,3,0,43,46,60833,0,0,0,0,0
2020-06-09,US,Pennsylvania,Bucks,5304,532,0,40.33682119,-75.10836643,42017.0,844.2230251325067,10.030165912518854,4772,5278,529,0,4749,5261,628195,26,3,0,23,17
2020-06-09,US,Pennsylvania,Butler,249,12,0,40.91152759,-79.91351055,42019.0,132.55045168296488,4.819277108433735,237,247,12,0,235,247,187888,2,0,0,2,0
2020-06-09,US,Pennsylvania,Cambria,60,2,0,40.49527404,-78.71377428,42021.0,46.08578100036869,3.333333333333333,58,59,2,0,57,59,131730,1,0,0,1,0
2020-06-09,US,Pennsylvania,Cameron,2,0,0,41.43625568,-78.20376845,42023.0,44.974139869575005,0.0,2,2,0,0,2,2,4492,0,0,0,0,0
2020-06-09,US,Pennsylvania,Carbon,253,24,0,40.91545395,-75.7068525,42025.0,394.19151787105415,9.48616600790514,229,249,24,0,225,249,64227,4,0,0,4,0
2020-06-09,US,Pennsylvania,Centre,157,7,0,40.92058903,-77.82200624,42027.0,96.68380700187824,4.4585987261146505,150,157,7,0,150,156,162805,0,0,0,0,1
2020-06-09,US,Pennsylvania,Chester,3134,303,0,39.97291773,-75.74768357,42029.0,596.964888788146,9.668155711550733,2831,3102,298,0,2804,3053,522046,32,5,0,27,49
2020-06-09,US,Pennsylvania,Clarion,29,2,0,41.19265812,-79.42413524,42031.0,75.44617305791144,6.896551724137932,27,27,2,0,25,27,38779,2,0,0,2,0
2020-06-09,US,Pennsylvania,Clearfield,48,0,0,41.00110782,-78.47592663,42033.0,60.564002271150095,0.0,48,44,0,0,44,44,79388,4,0,0,4,0
2020-06-09,US,Pennsylvania,Clinton,61,3,0,41.23255967,-77.63785995,42035.0,157.90018637399046,4.918032786885246,58,61,3,0,58,60,38684,0,0,0,0,1
2020-06-09,US,Pennsylvania,Columbia,367,31,0,41.04821986,-76.40565017,42037.0,564.9282679637953,8.446866485013624,336,364,31,0,333,364,65456,3,0,0,3,0
2020-06-09,US,Pennsylvania,Crawford,31,0,0,41.68447709,-80.10760592,42039.0,36.630469460823115,0.0,31,30,0,0,30,30,85063,1,0,0,1,0
2020-06-09,US,Pennsylvania,Cumberland,683,58,0,40.1625372,-77.26130755,42041.0,269.56624699056715,8.49194729136164,625,672,57,0,615,669,251423,11,1,0,10,3
2020-06-09,US,Pennsylvania,Dauphin,1525,96,0,40.41377078,-76.77993242,42043.0,547.9717857412352,6.2950819672131155,1429,1499,91,0,1408,1481,277097,26,5,0,21,18
2020-06-09,US,Pennsylvania,Delaware,6733,602,0,39.91680171,-75.40243663,42045.0,1188.0080529760194,8.941036684984406,6131,6698,597,0,6101,6688,564751,35,5,0,30,10
2020-06-09,US,Pennsylvania,Elk,6,0,0,41.42822061,-78.64524744,42047.0,20.060180541624874,0.0,6,6,0,0,6,6,30169,0,0,0,0,0
2020-06-09,US,Pennsylvania,Erie,396,7,0,41.99253829,-80.03301954,42049.0,146.8145687507415,1.7676767676767675,389,378,6,0,372,367,272061,18,1,0,17,11
2020-06-09,US,Pennsylvania,Fayette,95,4,0,39.92041012,-79.64291195,42051.0,73.48732150316383,4.2105263157894735,91,95,4,0,91,95,130441,0,0,0,0,0
2020-06-09,US,Pennsylvania,Forest,7,0,0,41.51095103,-79.23229292,42053.0,96.59169311439214,0.0,7,7,0,0,7,7,7279,0,0,0,0,0
2020-06-09,US,Pennsylvania,Franklin,800,39,0,39.92956518,-77.72157791,42055.0,516.039141568888,4.875,761,798,39,0,759,795,154835,2,0,0,2,3
2020-06-09,US,Pennsylvania,Fulton,16,1,0,39.92913544,-78.11163677,42057.0,110.11699931176877,6.25,15,16,1,0,15,16,14523,0,0,0,0,0
2020-06-09,US,Pennsylvania,Greene,28,0,0,39.85746531,-80.22357106,42059.0,77.27761984930865,0.0,28,27,0,0,27,27,36506,1,0,0,1,0
2020-06-09,US,Pennsylvania,Huntingdon,236,4,0,40.42162652,-77.97673273,42061.0,522.7715754031543,1.6949152542372878,232,236,4,0,232,236,45168,0,0,0,0,0
2020-06-09,US,Pennsylvania,Indiana,92,5,0,40.65241041,-79.08963285,42063.0,109.42871076326527,5.434782608695652,87,92,5,0,87,92,84501,0,0,0,0,0
2020-06-09,US,Pennsylvania,Jefferson,16,0,0,41.12913106,-78.9986361,42065.0,36.845135290731136,0.0,16,16,0,0,16,16,43641,0,0,0,0,0
2020-06-09,US,Pennsylvania,Juniata,101,5,0,40.53358749,-77.39975129999998,42067.0,407.8665751322538,4.950495049504951,96,99,4,0,95,97,24704,2,1,0,1,2
2020-06-09,US,Pennsylvania,Lackawanna,1587,189,0,41.43564672,-75.60379201,42069.0,756.8892661941871,11.909262759924385,1398,1584,188,0,1396,1583,210793,3,1,0,2,1
2020-06-09,US,Pennsylvania,Lancaster,3554,320,0,40.03904563,-76.24770128,42071.0,651.2449516605462,9.003939223410242,3234,3503,318,0,3185,3461,543557,51,2,0,49,42
2020-06-09,US,Pennsylvania,Lawrence,85,8,0,40.99206278,-80.33393706,42073.0,99.40125362522221,9.411764705882351,77,85,8,0,77,85,86184,0,0,0,0,0
2020-06-09,US,Pennsylvania,Lebanon,1086,38,0,40.36680311,-76.45651841,42075.0,765.9052280436975,3.4990791896869244,1048,1072,37,0,1035,1062,141314,14,1,0,13,10
2020-06-09,US,Pennsylvania,Lehigh,3890,253,0,40.6154815,-75.59435245,42077.0,1053.2928262364683,6.5038560411311055,3637,3871,249,0,3622,3858,368100,19,4,0,15,13
2020-06-09,US,Pennsylvania,Luzerne,2798,160,0,41.17823008,-75.98447579,42079.0,881.4902793486173,5.7183702644746255,2638,2793,158,0,2635,2793,317646,5,2,0,3,0
2020-06-09,US,Pennsylvania,Lycoming,168,17,0,41.34310539,-77.06629984,42081.0,148.28021430021445,10.119047619047619,151,168,17,0,151,167,113664,0,0,0,0,1
2020-06-09,US,Pennsylvania,McKean,13,1,0,41.80938602,-78.56478358,42083.0,32.0,7.6923076923076925,12,13,1,0,12,13,40968,0,0,0,0,0
2020-06-09,US,Pennsylvania,Mercer,113,6,0,41.30248872,-80.25816981,42085.0,103.26802164059073,5.3097345132743365,107,111,6,0,105,111,110683,2,0,0,2,0
2020-06-09,US,Pennsylvania,Mifflin,59,1,0,40.61116939,-77.61070738,42087.0,127.8772378516624,1.6949152542372878,58,59,1,0,58,59,46222,0,0,0,0,0
2020-06-09,US,Pennsylvania,Monroe,1342,102,0,41.05934058,-75.34031025,42089.0,788.1553523500772,7.600596125186289,1240,1341,102,0,1239,1338,169507,1,0,0,1,3
2020-06-09,US,Pennsylvania,Montgomery,7672,734,0,40.21053671,-75.36652296,42091.0,923.319473110968,9.56725755995829,6938,7610,727,0,6883,7582,828604,62,7,0,55,28
2020-06-09,US,Pennsylvania,Montour,53,0,0,41.03023987,-76.66345939,42093.0,290.72956664838176,0.0,53,53,0,0,53,53,18240,0,0,0,0,0
2020-06-09,US,Pennsylvania,Northampton,3175,236,0,40.75182733,-75.30471829,42095.0,1040.0117922596917,7.433070866141733,2939,3168,232,0,2936,3151,304807,7,4,0,3,17
2020-06-09,US,Pennsylvania,Northumberland,211,3,0,40.84785433,-76.70798222,42097.0,232.26885946082803,1.4218009478672986,208,209,3,0,206,209,91083,2,0,0,2,0
2020-06-09,US,Pennsylvania,Perry,68,3,0,40.40206612,-77.26297447,42099.0,146.95712309820198,4.411764705882354,65,68,3,0,65,68,46139,0,0,0,0,0
2020-06-09,US,Pennsylvania,Philadelphia,23822,1436,0,40.00338507,-75.1379271,42101.0,1503.8533796614279,6.028041306355469,22386,23691,1421,0,22270,23529,1584138,131,15,0,116,162
2020-06-09,US,Pennsylvania,Pike,482,20,0,41.33155042,-75.03208106,42103.0,863.6599831568385,4.149377593360996,462,482,20,0,462,482,55933,0,0,0,0,0
2020-06-09,US,Pennsylvania,Potter,11,0,0,41.74471626,-77.89559864,42105.0,66.56178143531405,0.0,11,11,0,0,11,11,16622,0,0,0,0,0
2020-06-09,US,Pennsylvania,Schuylkill,659,41,0,40.70497338,-76.2150785,42107.0,466.1889232379969,6.22154779969651,618,657,39,0,618,656,142067,2,2,0,0,1
2020-06-09,US,Pennsylvania,Snyder,57,1,0,40.77129231,-77.06840691,42109.0,141.18696126027942,1.7543859649122806,56,55,1,0,54,55,40540,2,0,0,2,0
2020-06-09,US,Pennsylvania,Somerset,39,1,0,39.97172723,-79.02699593,42111.0,53.0995139352186,2.5641025641025643,38,39,1,0,38,39,73952,0,0,0,0,0
2020-06-09,US,Pennsylvania,Sullivan,3,0,0,41.44634738,-76.51246591,42113.0,49.455984174085074,0.0,3,3,0,0,3,3,6071,0,0,0,0,0
2020-06-09,US,Pennsylvania,Susquehanna,154,16,0,41.82147784,-75.80071959,42115.0,381.8686768498314,10.389610389610391,138,154,16,0,138,148,40589,0,0,0,0,6
2020-06-09,US,Pennsylvania,Tioga,19,2,0,41.77255149,-77.25433032,42117.0,46.80840580424233,10.526315789473683,17,19,2,0,17,19,40763,0,0,0,0,0
2020-06-09,US,Pennsylvania,Union,74,2,0,40.96188846,-77.05996014,42119.0,164.7263094628587,2.702702702702702,72,73,2,0,71,73,44785,1,0,0,1,0
2020-06-09,US,Pennsylvania,Venango,16,0,0,41.40323442,-79.75845449,42121.0,31.57811636535881,0.0,16,15,0,0,15,15,51266,1,0,0,1,0
2020-06-09,US,Pennsylvania,Warren,5,0,0,41.81304978,-79.26969577,42123.0,12.758031180628205,0.0,5,5,0,0,5,5,39498,0,0,0,0,0
2020-06-09,US,Pennsylvania,Washington,150,6,0,40.19208869,-80.24582867,42125.0,72.51105793633529,4.0,144,149,6,0,143,147,207346,1,0,0,1,2
2020-06-09,US,Pennsylvania,Wayne,124,9,0,41.64938475,-75.29956506,42127.0,241.4283210996671,7.258064516129032,115,124,9,0,115,126,51276,0,0,0,0,-2
2020-06-09,US,Pennsylvania,Westmoreland,467,38,0,40.31377979999999,-79.46615476,42129.0,133.8496241032505,8.137044967880085,429,461,38,0,423,459,350611,6,0,0,6,2
2020-06-09,US,Pennsylvania,Wyoming,36,7,0,41.51955538,-76.01074915,42131.0,134.35843845637086,19.444444444444443,29,35,7,0,28,34,27046,1,0,0,1,1
2020-06-09,US,Pennsylvania,York,1094,30,0,39.9210089,-76.73040131,42133.0,243.62109126215321,2.742230347349177,1064,1086,29,0,1057,1082,448273,8,1,0,7,4
2020-06-09,US,Rhode Island,Bristol,231,0,0,41.71018079,-71.28652315,44001.0,476.4949772066256,0.0,231,231,0,0,231,224,48649,0,0,0,0,7
2020-06-09,US,Rhode Island,Kent,1105,0,0,41.67106337,-71.57641596,44003.0,672.5829620431914,0.0,1105,1105,0,0,1105,1052,163861,0,0,0,0,53
2020-06-09,US,Rhode Island,Newport,269,0,0,41.5642026,-71.26569799,44005.0,327.7210594283765,0.0,269,269,0,0,269,244,82542,0,0,0,0,25
2020-06-09,US,Rhode Island,Providence,11959,0,0,41.87064746,-71.57753536,44007.0,1871.7201074920454,0.0,11959,11959,0,0,11959,11052,636084,0,0,0,0,907
2020-06-09,US,Rhode Island,Unassigned,1614,808,0,0.0,0.0,90044.0,0.0,50.06195786864932,806,1565,799,0,766,2370,,49,9,0,40,-805
2020-06-09,US,Rhode Island,Washington,513,0,0,41.45961631,-71.61435303,44009.0,408.51429800043,0.0,513,513,0,0,513,499,126179,0,0,0,0,14
2020-06-09,US,South Carolina,Abbeville,60,0,0,34.22333378,-82.46170658,45001.0,244.62836873649448,0.0,60,58,0,0,58,51,24541,2,0,0,2,7
2020-06-09,US,South Carolina,Aiken,213,8,0,33.54338026,-81.63645384,45003.0,124.65471229926494,3.755868544600939,205,212,8,0,204,208,169401,1,0,0,1,4
2020-06-09,US,South Carolina,Allendale,39,3,0,32.98837386,-81.35321066,45005.0,448.89502762430936,7.6923076923076925,36,39,3,0,36,39,8903,0,0,0,0,0
2020-06-09,US,South Carolina,Anderson,289,9,0,34.51828081,-82.63959517,45007.0,142.67518439163103,3.1141868512110733,280,280,9,0,271,279,200482,9,0,0,9,1
2020-06-09,US,South Carolina,Bamberg,36,0,0,33.21927586,-81.05659969,45009.0,255.9363002985924,0.0,36,36,0,0,36,36,14275,0,0,0,0,0
2020-06-09,US,South Carolina,Barnwell,54,1,0,33.26679302,-81.43584352,45011.0,258.7942106776574,1.851851851851852,53,54,1,0,53,54,21112,0,0,0,0,0
2020-06-09,US,South Carolina,Beaufort,464,14,0,32.39226291,-80.72619758,45013.0,241.51320515089367,3.0172413793103448,450,444,14,0,430,430,188715,20,0,0,20,14
2020-06-09,US,South Carolina,Berkeley,291,19,0,33.20222596,-79.94654523,45015.0,127.6836604404428,6.529209621993128,272,282,18,0,264,273,221091,9,1,0,8,9
2020-06-09,US,South Carolina,Calhoun,23,1,0,33.66926881,-80.77722168,45017.0,158.04301518587232,4.3478260869565215,22,22,1,0,21,21,14520,1,0,0,1,1
2020-06-09,US,South Carolina,Charleston,835,14,0,32.82487866,-79.96512315,45019.0,202.9625236384496,1.6766467065868262,821,811,14,0,797,776,405905,24,0,0,24,35
2020-06-09,US,South Carolina,Cherokee,74,5,0,35.05122251,-81.61828622,45021.0,129.1448516579407,6.756756756756758,69,70,5,0,65,69,57078,4,0,0,4,1
2020-06-09,US,South Carolina,Chester,110,1,0,34.69249168,-81.1583216,45023.0,341.14874085101104,0.9090909090909092,109,109,1,0,108,103,32251,1,0,0,1,6
2020-06-09,US,South Carolina,Chesterfield,256,6,0,34.64137396,-80.15640140000002,45025.0,560.7886089813802,2.34375,250,250,6,0,244,247,45754,6,0,0,6,3
2020-06-09,US,South Carolina,Clarendon,309,41,0,33.66610974,-80.21647898,45027.0,915.6912135131132,13.268608414239482,268,306,41,0,265,306,33700,3,0,0,3,0
2020-06-09,US,South Carolina,Colleton,148,14,0,32.87582989,-80.67641292,45029.0,392.81259123603263,9.459459459459461,134,144,14,0,130,142,37660,4,0,0,4,2
2020-06-09,US,South Carolina,Darlington,333,12,0,34.33358335,-79.96027485,45031.0,499.8649013780059,3.603603603603604,321,330,12,0,318,328,66802,3,0,0,3,2
2020-06-09,US,South Carolina,Dillon,189,4,0,34.39007791,-79.37741872,45033.0,620.099084615637,2.1164021164021163,185,189,4,0,185,188,30599,0,0,0,0,1
2020-06-09,US,South Carolina,Dorchester,219,3,0,33.0794369,-80.40502652,45035.0,134.51344827374407,1.3698630136986298,216,216,3,0,213,206,160647,3,0,0,3,10
2020-06-09,US,South Carolina,Edgefield,55,2,0,33.77221995,-81.96231108,45037.0,201.7608217168012,3.636363636363636,53,56,2,0,54,56,27052,-1,0,0,-1,0
2020-06-09,US,South Carolina,Fairfield,216,19,0,34.39287073,-81.1195624,45039.0,966.5726943213854,8.796296296296298,197,211,17,0,194,206,22402,5,2,0,3,5
2020-06-09,US,South Carolina,Florence,727,41,0,34.02361754,-79.70189312,45041.0,525.6954437317869,5.639614855570838,686,724,40,0,684,717,138159,3,1,0,2,7
2020-06-09,US,South Carolina,Georgetown,100,3,0,33.43443342,-79.33202141,45043.0,159.54052329291642,3.0,97,94,3,0,91,85,62249,6,0,0,6,9
2020-06-09,US,South Carolina,Greenville,2222,62,0,34.89502264,-82.37295012,45045.0,424.41676121495516,2.7902790279027903,2160,2175,60,0,2115,2060,514213,47,2,0,45,115
2020-06-09,US,South Carolina,Greenwood,198,4,0,34.15272415,-82.12715789,45047.0,279.61757354083403,2.0202020202020203,194,183,3,0,180,172,70741,15,1,0,14,11
2020-06-09,US,South Carolina,Hampton,46,1,0,32.77419582,-81.13845571,45049.0,239.30912496098225,2.1739130434782608,45,45,1,0,44,41,19351,1,0,0,1,4
2020-06-09,US,South Carolina,Horry,720,33,0,33.9212828,-78.99555293,45051.0,203.34330280359575,4.583333333333333,687,676,32,0,644,618,344147,44,1,0,43,58
2020-06-09,US,South Carolina,Jasper,50,2,0,32.43171982,-81.02487495,45053.0,166.26209556745252,4.0,48,48,2,0,46,47,28971,2,0,0,2,1
2020-06-09,US,South Carolina,Kershaw,391,15,0,34.33988254,-80.58763164,45055.0,587.5193460654235,3.836317135549872,376,384,15,0,369,379,65592,7,0,0,7,5
2020-06-09,US,South Carolina,Lancaster,214,6,0,34.68270843,-80.70513032,45057.0,218.34061135371175,2.803738317757009,208,203,6,0,197,201,95380,11,0,0,11,2
2020-06-09,US,South Carolina,Laurens,97,4,0,34.48244419,-82.00490796,45059.0,143.71860785562947,4.123711340206185,93,92,4,0,88,88,66994,5,0,0,5,4
2020-06-09,US,South Carolina,Lee,231,19,0,34.16393091,-80.25690731,45061.0,1372.7121464226288,8.225108225108226,212,229,17,0,212,229,17142,2,2,0,0,0
2020-06-09,US,South Carolina,Lexington,913,37,0,33.89665987,-81.27146426,45063.0,305.60669456066944,4.052573932092004,876,879,37,0,842,836,295032,34,0,0,34,43
2020-06-09,US,South Carolina,Marion,83,5,0,34.07859748,-79.36400756,45067.0,270.7375150862772,6.024096385542169,78,84,5,0,79,84,31039,-1,0,0,-1,0
2020-06-09,US,South Carolina,Marlboro,211,3,0,34.59905577,-79.67561152,45069.0,807.8719656941572,1.4218009478672986,208,211,3,0,208,206,26398,0,0,0,0,5
2020-06-09,US,South Carolina,McCormick,11,1,0,33.90161443,-82.30794338,45065.0,116.24220648842864,9.090909090909092,10,11,1,0,10,10,9410,0,0,0,0,1
2020-06-09,US,South Carolina,Newberry,87,1,0,34.28629098,-81.59935761,45071.0,226.32674297606656,1.1494252873563218,86,82,1,0,81,79,38520,5,0,0,5,3
2020-06-09,US,South Carolina,Oconee,61,0,0,34.75225169,-83.06742317,45073.0,76.6851884444221,0.0,61,61,0,0,61,58,78374,0,0,0,0,3
2020-06-09,US,South Carolina,Orangeburg,283,5,0,33.4391073,-80.79886287,45075.0,328.4015085581665,1.7667844522968197,278,273,5,0,268,255,86934,10,0,0,10,18
2020-06-09,US,South Carolina,Pickens,212,4,0,34.88807695,-82.72791551,45077.0,167.08174395510858,1.8867924528301887,208,207,4,0,203,197,124937,5,0,0,5,10
2020-06-09,US,South Carolina,Richland,1873,70,0,34.01791263,-80.90267209,45079.0,450.5013721891769,3.737319807794981,1803,1794,70,0,1724,1748,414576,79,0,0,79,46
2020-06-09,US,South Carolina,Saluda,154,1,0,34.00795823,-81.72713237,45081.0,752.2102281053094,0.6493506493506493,153,154,1,0,153,152,20544,0,0,0,0,2
2020-06-09,US,South Carolina,Spartanburg,825,31,0,34.92960077,-81.99225984,45083.0,257.98583423237494,3.7575757575757582,794,813,31,0,782,782,313888,12,0,0,12,31
2020-06-09,US,South Carolina,Sumter,494,19,0,33.91826534,-80.37942316,45085.0,462.889215805699,3.8461538461538463,475,472,19,0,453,462,106512,22,0,0,22,10
2020-06-09,US,South Carolina,Union,41,0,0,34.68835752,-81.61730349,45087.0,150.09518231073363,0.0,41,41,0,0,41,41,27410,0,0,0,0,0
2020-06-09,US,South Carolina,Williamsburg,261,15,0,33.62190129,-79.72767442,45089.0,859.4573234984193,5.747126436781608,246,260,14,0,246,256,30606,1,1,0,0,4
2020-06-09,US,South Carolina,York,510,10,0,34.97281497,-81.18085944,45091.0,181.5082265934465,1.96078431372549,500,486,10,0,476,465,274118,24,0,0,24,21
2020-06-09,US,South Dakota,Aurora,29,0,0,43.71757685,-98.56050467,46003.0,1054.162122864413,0.0,29,29,0,0,29,29,2801,0,0,0,0,0
2020-06-09,US,South Dakota,Beadle,386,5,0,44.41464384,-98.27858469,46005.0,2091.800791199263,1.2953367875647668,381,385,5,0,380,382,18883,1,0,0,1,3
2020-06-09,US,South Dakota,Bon Homme,8,0,0,42.98914167,-97.88592746,46009.0,115.92522822779308,0.0,8,8,0,0,8,8,6980,0,0,0,0,0
2020-06-09,US,South Dakota,Brookings,24,0,0,44.36974375,-96.79079945,46011.0,68.42090258573994,0.0,24,23,0,0,23,23,35232,1,0,0,1,0
2020-06-09,US,South Dakota,Brown,303,1,0,45.58994323,-98.35165355,46013.0,780.1436700224002,0.33003300330033003,302,299,1,0,298,298,39316,4,0,0,4,1
2020-06-09,US,South Dakota,Brule,2,0,0,43.71756379,-99.08118954,46015.0,37.75722106852936,0.0,2,2,0,0,2,2,5229,0,0,0,0,0
2020-06-09,US,South Dakota,Buffalo,29,0,0,44.07657829,-99.20814467,46017.0,1478.0835881753312,0.0,29,25,0,0,25,25,2036,4,0,0,4,0
2020-06-09,US,South Dakota,Charles Mix,20,0,0,43.20660134,-98.58856175,46023.0,215.23891519586743,0.0,20,20,0,0,20,20,9338,0,0,0,0,0
2020-06-09,US,South Dakota,Clark,5,0,0,44.85834507,-97.72925109,46025.0,133.83297644539616,0.0,5,4,0,0,4,4,3739,1,0,0,1,0
2020-06-09,US,South Dakota,Clay,39,0,0,42.91296147,-96.97656917,46027.0,277.1855010660981,0.0,39,35,0,0,35,32,14041,4,0,0,4,3
2020-06-09,US,South Dakota,Codington,43,0,0,44.97788119,-97.18827677,46029.0,153.5220821878682,0.0,43,43,0,0,43,41,28015,0,0,0,0,2
2020-06-09,US,South Dakota,Corson,4,0,0,45.70889983,-101.1970473,46031.0,97.89525208027409,0.0,4,4,0,0,4,4,4165,0,0,0,0,0
2020-06-09,US,South Dakota,Custer,1,0,0,43.67741105,-103.4534521,46033.0,11.145786892554613,0.0,1,1,0,0,1,1,8726,0,0,0,0,0
2020-06-09,US,South Dakota,Davison,30,0,0,43.67490933,-98.14458906,46035.0,151.70670037926675,0.0,30,30,0,0,30,27,19790,0,0,0,0,3
2020-06-09,US,South Dakota,Day,13,0,0,45.367281,-97.60737498,46037.0,239.6755162241888,0.0,13,13,0,0,13,13,5505,0,0,0,0,0
2020-06-09,US,South Dakota,Deuel,1,0,0,44.75994309,-96.66943645,46039.0,22.983222247759137,0.0,1,1,0,0,1,1,4337,0,0,0,0,0
2020-06-09,US,South Dakota,Dewey,1,0,0,45.15639647,-100.8709139,46041.0,16.972165648336727,0.0,1,1,0,0,1,1,5904,0,0,0,0,0
2020-06-09,US,South Dakota,Douglas,4,0,0,43.38520741,-98.36978007,46043.0,136.93940431359124,0.0,4,4,0,0,4,4,2935,0,0,0,0,0
2020-06-09,US,South Dakota,Edmunds,4,0,0,45.41846445,-99.21545423,46045.0,104.46591799425435,0.0,4,4,0,0,4,3,3875,0,0,0,0,1
2020-06-09,US,South Dakota,Fall River,6,0,0,43.23929297,-103.5275691,46047.0,89.37881722031878,0.0,6,6,0,0,6,6,6758,0,0,0,0,0
2020-06-09,US,South Dakota,Faulk,6,0,0,45.07082625,-99.14535601,46049.0,260.98303610265333,0.0,6,2,0,0,2,2,2330,4,0,0,4,0
2020-06-09,US,South Dakota,Grant,13,0,0,45.1723937,-96.77002276,46051.0,184.344866704481,0.0,13,13,0,0,13,13,7147,0,0,0,0,0
2020-06-09,US,South Dakota,Gregory,1,0,0,43.19419064,-99.18883902,46053.0,23.894862604540023,0.0,1,1,0,0,1,1,4212,0,0,0,0,0
2020-06-09,US,South Dakota,Hamlin,8,0,0,44.67385954,-97.18829593,46057.0,129.78585334198573,0.0,8,7,0,0,7,6,6111,1,0,0,1,1
2020-06-09,US,South Dakota,Hand,5,0,0,44.54708407,-99.00386459,46059.0,156.69069257286117,0.0,5,5,0,0,5,5,3262,0,0,0,0,0
2020-06-09,US,South Dakota,Hanson,3,0,0,43.6746384,-97.78715148,46061.0,86.88097306689835,0.0,3,3,0,0,3,2,3376,0,0,0,0,1
2020-06-09,US,South Dakota,Hughes,21,0,0,44.39091534,-99.99661148,46065.0,119.82197877439232,0.0,21,20,0,0,20,20,17650,1,0,0,1,0
2020-06-09,US,South Dakota,Hutchinson,6,0,0,43.33449012,-97.75536441,46067.0,82.2932382389247,0.0,6,6,0,0,6,6,7380,0,0,0,0,0
2020-06-09,US,South Dakota,Hyde,3,0,0,44.54747703,-99.48572582,46069.0,230.59185242121444,0.0,3,2,0,0,2,1,1282,1,0,0,1,1
2020-06-09,US,South Dakota,Jackson,4,0,0,43.69318385,-101.6255063,46071.0,119.61722488038279,0.0,4,4,0,0,4,4,3307,0,0,0,0,0
2020-06-09,US,South Dakota,Jerauld,40,1,0,44.06637798,-98.62965972,46073.0,1987.083954297069,2.5,39,40,1,0,39,40,2043,0,0,0,0,0
2020-06-09,US,South Dakota,Kingsbury,5,0,0,44.36956169,-97.4913945,46077.0,101.23506782749544,0.0,5,5,0,0,5,5,4919,0,0,0,0,0
2020-06-09,US,South Dakota,Lake,13,1,0,44.02193107,-97.12926365,46079.0,101.58630929124014,7.6923076923076925,12,13,0,0,13,13,13057,0,1,0,-1,0
2020-06-09,US,South Dakota,Lawrence,12,0,0,44.35919441,-103.7929428,46081.0,46.43244079863797,0.0,12,12,0,0,12,12,25741,0,0,0,0,0
2020-06-09,US,South Dakota,Lincoln,255,0,0,43.27841182,-96.7203905,46083.0,417.15744012563795,0.0,255,254,0,0,254,254,58807,1,0,0,1,0
2020-06-09,US,South Dakota,Lyman,27,0,0,43.89522709,-99.85201878,46085.0,714.0967997884156,0.0,27,24,0,0,24,24,3821,3,0,0,3,0
2020-06-09,US,South Dakota,Marshall,4,0,0,45.75870838,-97.59855639,46091.0,81.05369807497469,0.0,4,4,0,0,4,4,5112,0,0,0,0,0
2020-06-09,US,South Dakota,McCook,6,1,0,43.6742571,-97.36863144,46087.0,107.41138560687432,16.666666666666668,5,6,1,0,5,6,5546,0,0,0,0,0
2020-06-09,US,South Dakota,McPherson,3,0,0,45.76626028,-99.22118798,46089.0,126.10340479192938,0.0,3,2,0,0,2,2,2407,1,0,0,1,0
2020-06-09,US,South Dakota,Meade,26,1,0,44.56676791,-102.7162741,46093.0,91.7690244246788,3.8461538461538463,25,26,1,0,25,24,28294,0,0,0,0,2
2020-06-09,US,South Dakota,Miner,3,0,0,44.02197882,-97.60992207,46097.0,135.37906137184117,0.0,3,3,0,0,3,3,2213,0,0,0,0,0
2020-06-09,US,South Dakota,Minnehaha,3418,51,0,43.67441641,-96.7910885,46099.0,1769.7557136495905,1.492100643651258,3367,3409,50,0,3359,3407,192876,9,1,0,8,2
2020-06-09,US,South Dakota,Moody,19,0,0,44.02266214,-96.67081159,46101.0,288.92944038929437,0.0,19,19,0,0,19,19,6579,0,0,0,0,0
2020-06-09,US,South Dakota,Oglala Lakota,40,0,0,43.33749164,-102.5555498,46102.0,282.14713973337103,0.0,40,39,0,0,39,39,14309,1,0,0,1,0
2020-06-09,US,South Dakota,Pennington,321,6,0,44.0025835,-102.8240777,46103.0,282.13579433091627,1.8691588785046729,315,314,5,0,309,305,111729,7,1,0,6,9
2020-06-09,US,South Dakota,Roberts,39,0,0,45.62975048,-96.94672673,46109.0,375.2164710409852,0.0,39,38,0,0,38,38,10447,1,0,0,1,0
2020-06-09,US,South Dakota,Sanborn,13,0,0,44.02351092,-98.0909816,46111.0,554.6075085324234,0.0,13,13,0,0,13,13,2429,0,0,0,0,0
2020-06-09,US,South Dakota,Spink,5,0,0,44.93837606,-98.34626602,46115.0,78.41907151819322,0.0,5,5,0,0,5,5,6495,0,0,0,0,0
2020-06-09,US,South Dakota,Stanley,10,0,0,44.41381872,-100.7349153,46117.0,322.7888960619755,0.0,10,10,0,0,10,10,3022,0,0,0,0,0
2020-06-09,US,South Dakota,Sully,1,0,0,44.71571812,-100.1278092,46119.0,71.89072609633357,0.0,1,1,0,0,1,1,1392,0,0,0,0,0
2020-06-09,US,South Dakota,Todd,42,1,0,43.19338568,-100.7195503,46121.0,412.6952933084406,2.380952380952381,41,38,1,0,37,37,10283,4,0,0,4,1
2020-06-09,US,South Dakota,Tripp,6,0,0,43.34459388,-99.8854891,46123.0,110.27384671935306,0.0,6,6,0,0,6,6,5478,0,0,0,0,0
2020-06-09,US,South Dakota,Turner,25,0,0,43.3109081,-97.14865776,46125.0,298.18702290076334,0.0,25,25,0,0,25,25,8424,0,0,0,0,0
2020-06-09,US,South Dakota,Union,103,0,0,42.83112163,-96.6557828,46127.0,646.4976148631685,0.0,103,100,0,0,100,100,15619,3,0,0,3,0
2020-06-09,US,South Dakota,Walworth,5,0,0,45.43019636,-100.0307514,46129.0,91.99632014719411,0.0,5,5,0,0,5,5,5587,0,0,0,0,0
2020-06-09,US,South Dakota,Yankton,58,0,0,43.00924485,-97.39467635,46135.0,254.22985885859558,0.0,58,58,0,0,58,55,22869,0,0,0,0,3
2020-06-09,US,South Dakota,Ziebach,2,0,0,44.97881876,-101.6654622,46137.0,72.5689404934688,0.0,2,2,0,0,2,2,2742,0,0,0,0,0
2020-06-09,US,Tennessee,Anderson,50,2,0,36.12684348,-84.19965764,47001.0,64.95362311309725,4.0,48,48,2,0,46,47,76482,2,0,0,2,1
2020-06-09,US,Tennessee,Bedford,341,4,0,35.51123746,-86.45549096,47003.0,685.9372799871262,1.1730205278592376,337,332,4,0,328,325,49038,9,0,0,9,7
2020-06-09,US,Tennessee,Benton,8,1,0,36.07110411,-88.06849355,47005.0,49.504950495049506,12.5,7,8,1,0,7,8,16184,0,0,0,0,0
2020-06-09,US,Tennessee,Bledsoe,611,1,0,35.59942968,-85.20611967,47007.0,4056.0276155071692,0.16366612111292966,610,614,1,0,613,614,14755,-3,0,0,-3,0
2020-06-09,US,Tennessee,Blount,96,3,0,35.68938198,-83.92847788,47009.0,72.1327242125511,3.125,93,94,3,0,91,94,131349,2,0,0,2,0
2020-06-09,US,Tennessee,Bradley,233,2,0,35.15739424,-84.857186,47011.0,215.52122837850337,0.8583690987124464,231,219,2,0,217,199,106727,14,0,0,14,20
2020-06-09,US,Tennessee,Campbell,18,1,0,36.40355516,-84.15108559999999,47013.0,45.178454896842524,5.5555555555555545,17,18,1,0,17,18,39583,0,0,0,0,0
2020-06-09,US,Tennessee,Cannon,34,0,0,35.80990797,-86.05738983,47015.0,231.6391879002589,0.0,34,34,0,0,34,32,14462,0,0,0,0,2
2020-06-09,US,Tennessee,Carroll,28,1,0,35.97366108,-88.45189331,47017.0,100.83912558072531,3.571428571428572,27,28,1,0,27,28,28020,0,0,0,0,0
2020-06-09,US,Tennessee,Carter,19,1,0,36.28969086,-82.12588974,47019.0,33.693319856005395,5.2631578947368425,18,19,1,0,18,19,56351,0,0,0,0,0
2020-06-09,US,Tennessee,Cheatham,146,0,0,36.26136216,-87.08903581,47021.0,359.0134507094204,0.0,146,144,0,0,144,143,40439,2,0,0,2,1
2020-06-09,US,Tennessee,Chester,12,0,0,35.42527478,-88.6095842,47023.0,69.37619240330693,0.0,12,12,0,0,12,12,17276,0,0,0,0,0
2020-06-09,US,Tennessee,Claiborne,14,0,0,36.48319149,-83.65947309,47025.0,43.80612659970587,0.0,14,14,0,0,14,14,31756,0,0,0,0,0
2020-06-09,US,Tennessee,Clay,9,0,0,36.55151008,-85.53930419,47027.0,118.18778726198292,0.0,9,9,0,0,9,8,7717,0,0,0,0,1
2020-06-09,US,Tennessee,Cocke,22,0,0,35.9278914,-83.11828725,47029.0,61.104321742028674,0.0,22,21,0,0,21,21,35774,1,0,0,1,0
2020-06-09,US,Tennessee,Coffee,84,0,0,35.49090731,-86.07311784,47031.0,148.619957537155,0.0,84,82,0,0,82,81,55700,2,0,0,2,1
2020-06-09,US,Tennessee,Crockett,16,3,0,35.81830662,-89.14916269,47033.0,112.43851018974001,18.75,13,16,3,0,13,16,14328,0,0,0,0,0
2020-06-09,US,Tennessee,Cumberland,126,2,0,35.95271721,-84.99840585,47035.0,208.1956378056841,1.5873015873015872,124,125,2,0,123,125,59673,1,0,0,1,0
2020-06-09,US,Tennessee,Davidson,6125,80,0,36.17007426,-86.78646056,47037.0,882.3817536418958,1.3061224489795915,6045,5947,73,0,5874,5801,692587,178,7,0,171,146
2020-06-09,US,Tennessee,DeKalb,41,0,0,35.97616272,-85.83689361,47041.0,200.0976085895559,0.0,41,40,0,0,40,39,20138,1,0,0,1,1
2020-06-09,US,Tennessee,Decatur,6,0,0,35.60048904,-88.11043779,47039.0,51.444739775357974,0.0,6,8,0,0,8,8,11706,-2,0,0,-2,0
2020-06-09,US,Tennessee,Dickson,127,0,0,36.14669837,-87.35891709,47043.0,235.4118781048417,0.0,127,125,0,0,125,125,53446,2,0,0,2,0
2020-06-09,US,Tennessee,Dyer,70,0,0,36.05931946,-89.41542855,47045.0,188.37966576065014,0.0,70,67,0,0,67,61,37320,3,0,0,3,6
2020-06-09,US,Tennessee,Fayette,159,2,0,35.19615831,-89.41399032,47047.0,386.55094449711913,1.2578616352201255,157,155,2,0,153,152,40507,4,0,0,4,3
2020-06-09,US,Tennessee,Fentress,13,0,0,36.38128818,-84.92870012,47049.0,70.18301571019813,0.0,13,12,0,0,12,12,18217,1,0,0,1,0
2020-06-09,US,Tennessee,Franklin,55,1,0,35.15634626,-86.09201039,47051.0,130.30705079605758,1.818181818181818,54,54,1,0,53,54,41890,1,0,0,1,0
2020-06-09,US,Tennessee,Gibson,64,1,0,35.99438059,-88.93358327,47053.0,130.25868560845052,1.5625,63,64,1,0,63,63,49045,0,0,0,0,1
2020-06-09,US,Tennessee,Giles,19,0,0,35.20222469,-87.03992678,47055.0,64.48547379853379,0.0,19,18,0,0,18,18,29503,1,0,0,1,0
2020-06-09,US,Tennessee,Grainger,16,0,0,36.27469206,-83.51254721,47057.0,68.61063464837049,0.0,16,16,0,0,16,16,23145,0,0,0,0,0
2020-06-09,US,Tennessee,Greene,52,2,0,36.17470125,-82.84691273,47059.0,75.28703180877093,3.8461538461538463,50,52,2,0,50,52,69087,0,0,0,0,0
2020-06-09,US,Tennessee,Grundy,32,1,0,35.38433717,-85.72142731,47061.0,238.3257615252849,3.125,31,32,1,0,31,32,13346,0,0,0,0,0
2020-06-09,US,Tennessee,Hamblen,62,3,0,36.21990035,-83.26586179,47063.0,95.48156589768072,4.838709677419356,59,58,2,0,56,45,64569,4,1,0,3,13
2020-06-09,US,Tennessee,Hamilton,1122,19,0,35.17670231,-85.16652245,47065.0,305.0537786429729,1.6934046345811051,1103,1042,19,0,1023,1028,364286,80,0,0,80,14
2020-06-09,US,Tennessee,Hancock,1,0,0,36.52692871,-83.22375847,47067.0,15.105740181268883,0.0,1,2,0,0,2,2,6549,-1,0,0,-1,0
2020-06-09,US,Tennessee,Hardeman,212,0,0,35.20772017,-88.99161161,47069.0,846.3073852295411,0.0,212,211,0,0,211,211,25220,1,0,0,1,0
2020-06-09,US,Tennessee,Hardin,30,2,0,35.19732531,-88.18593755,47071.0,116.9499454233588,6.666666666666668,28,31,2,0,29,31,25776,-1,0,0,-1,0
2020-06-09,US,Tennessee,Hawkins,34,2,0,36.44355426,-82.94885298,47073.0,59.87391258408763,5.882352941176472,32,34,2,0,32,34,56530,0,0,0,0,0
2020-06-09,US,Tennessee,Haywood,35,2,0,35.58332824,-89.28536625,47075.0,202.26537216828478,5.7142857142857135,33,36,2,0,34,36,17335,-1,0,0,-1,0
2020-06-09,US,Tennessee,Henderson,16,0,0,35.65581134,-88.38600175,47077.0,56.90507522139631,0.0,16,15,0,0,15,15,27847,1,0,0,1,0
2020-06-09,US,Tennessee,Henry,33,0,0,36.33160906,-88.30121797,47079.0,102.02504251043436,0.0,33,32,0,0,32,32,32358,1,0,0,1,0
2020-06-09,US,Tennessee,Hickman,60,0,0,35.80609681,-87.47643507,47081.0,238.30328064183013,0.0,60,62,0,0,62,62,25063,-2,0,0,-2,0
2020-06-09,US,Tennessee,Houston,9,0,0,36.28872054,-87.71878828,47083.0,109.74271430313378,0.0,9,8,0,0,8,8,8263,1,0,0,1,0
2020-06-09,US,Tennessee,Humphreys,18,1,0,36.03958805,-87.77992872,47085.0,96.867936712948,5.5555555555555545,17,17,1,0,16,16,18486,1,0,0,1,1
2020-06-09,US,Tennessee,Jackson,19,0,0,36.36380466,-85.67239905,47087.0,161.20821313422704,0.0,19,19,0,0,19,19,11758,0,0,0,0,0
2020-06-09,US,Tennessee,Jefferson,31,0,0,36.04818632,-83.45148924,47089.0,56.88595283971007,0.0,31,29,0,0,29,29,54012,2,0,0,2,0
2020-06-09,US,Tennessee,Johnson,22,0,0,36.45523950000001,-81.84886538,47091.0,123.67888464133124,0.0,22,22,0,0,22,21,17778,0,0,0,0,1
2020-06-09,US,Tennessee,Knox,491,5,0,35.99508821,-83.94635435,47093.0,104.39856010784308,1.0183299389002036,486,481,5,0,476,469,465289,10,0,0,10,12
2020-06-09,US,Tennessee,Lake,730,0,0,36.34180170000001,-89.48921915,47095.0,10404.78905359179,0.0,730,835,0,0,835,835,7411,-105,0,0,-105,0
2020-06-09,US,Tennessee,Lauderdale,60,1,0,35.75893438,-89.63015909999999,47097.0,234.0732649319237,1.6666666666666667,59,60,1,0,59,60,25825,0,0,0,0,0
2020-06-09,US,Tennessee,Lawrence,41,0,0,35.21675201,-87.39787695,47099.0,92.88206243486928,0.0,41,40,0,0,40,38,43734,1,0,0,1,2
2020-06-09,US,Tennessee,Lewis,4,0,0,35.52853208,-87.49022694,47101.0,32.605151613955,0.0,4,4,0,0,4,4,12086,0,0,0,0,0
2020-06-09,US,Tennessee,Lincoln,33,0,0,35.13738622,-86.58910106,47103.0,96.02514112785893,0.0,33,32,0,0,32,32,34117,1,0,0,1,0
2020-06-09,US,Tennessee,Loudon,171,0,0,35.73939663,-84.31145275,47105.0,316.26840275208997,0.0,171,170,0,0,170,168,53054,1,0,0,1,2
2020-06-09,US,Tennessee,Macon,185,3,0,36.53157855,-86.00778595,47111.0,751.9713844402893,1.6216216216216215,182,181,3,0,178,178,24265,4,0,0,4,3
2020-06-09,US,Tennessee,Madison,181,2,0,35.61181957,-88.84076036,47113.0,184.7240365774004,1.1049723756906078,179,179,2,0,177,178,97605,2,0,0,2,1
2020-06-09,US,Tennessee,Marion,45,1,0,35.12997174,-85.62265895,47115.0,155.6716366278064,2.2222222222222223,44,45,1,0,44,45,28575,0,0,0,0,0
2020-06-09,US,Tennessee,Marshall,37,1,0,35.45798777,-86.76420988,47117.0,107.63636363636364,2.702702702702702,36,36,1,0,35,36,33683,1,0,0,1,0
2020-06-09,US,Tennessee,Maury,124,1,0,35.6187413,-87.07462444,47119.0,128.64805419818026,0.8064516129032258,123,116,1,0,115,115,94340,8,0,0,8,1
2020-06-09,US,Tennessee,McMinn,159,14,0,35.42812616,-84.61520715,47107.0,295.57199687697516,8.805031446540882,145,153,14,0,139,150,53285,6,0,0,6,3
2020-06-09,US,Tennessee,McNairy,23,0,0,35.17468549,-88.5647812,47109.0,89.51506188215147,0.0,23,24,0,0,24,23,25832,-1,0,0,-1,1
2020-06-09,US,Tennessee,Meigs,27,0,0,35.51558739,-84.81482914,47121.0,217.35630333279664,0.0,27,27,0,0,27,27,12306,0,0,0,0,0
2020-06-09,US,Tennessee,Monroe,75,4,0,35.44550387,-84.24902965,47123.0,161.13438607798903,5.333333333333333,71,76,4,0,72,75,46357,-1,0,0,-1,1
2020-06-09,US,Tennessee,Montgomery,310,4,0,36.49609412,-87.38550661,47125.0,148.3303268530525,1.2903225806451613,306,301,3,0,298,294,205950,9,1,0,8,7
2020-06-09,US,Tennessee,Moore,5,0,0,35.27724699,-86.36230578,47127.0,77.06535141800245,0.0,5,5,0,0,5,5,6411,0,0,0,0,0
2020-06-09,US,Tennessee,Morgan,19,0,0,36.13248031,-84.64880098,47129.0,88.77260197168621,0.0,19,19,0,0,19,19,21579,0,0,0,0,0
2020-06-09,US,Tennessee,Obion,53,1,0,36.35732446,-89.14921589,47131.0,176.26126575542918,1.8867924528301887,52,56,1,0,55,56,30267,-3,0,0,-3,0
2020-06-09,US,Tennessee,Out of TN,457,5,0,0.0,0.0,80047.0,0.0,1.0940919037199124,452,426,4,0,422,426,,31,1,0,30,0
2020-06-09,US,Tennessee,Overton,35,0,0,36.34117832,-85.28989535,47133.0,157.36702486398994,0.0,35,35,0,0,35,35,22068,0,0,0,0,0
2020-06-09,US,Tennessee,Perry,24,0,0,35.63708728,-87.86139634,47135.0,297.1768202080238,0.0,24,24,0,0,24,24,8064,0,0,0,0,0
2020-06-09,US,Tennessee,Pickett,4,0,0,36.55606529,-85.07763299999998,47137.0,79.23930269413628,0.0,4,4,0,0,4,4,5082,0,0,0,0,0
2020-06-09,US,Tennessee,Polk,24,0,0,35.12245443,-84.52075859,47139.0,142.58555133079847,0.0,24,23,0,0,23,21,16898,1,0,0,1,2
2020-06-09,US,Tennessee,Putnam,569,6,0,36.14005459,-85.50646123,47141.0,709.0784472552807,1.054481546572935,563,552,6,0,546,552,78843,17,0,0,17,0
2020-06-09,US,Tennessee,Rhea,219,0,0,35.60536161,-84.93076643,47143.0,660.2948714083276,0.0,219,221,0,0,221,218,33044,-2,0,0,-2,3
2020-06-09,US,Tennessee,Roane,23,0,0,35.84923189,-84.52458689,47145.0,43.08568431306433,0.0,23,21,0,0,21,21,53140,2,0,0,2,0
2020-06-09,US,Tennessee,Robertson,580,7,0,36.52454807,-86.87346725,47147.0,807.6532104215114,1.206896551724138,573,567,6,0,561,553,71012,13,1,0,12,14
2020-06-09,US,Tennessee,Rutherford,1568,29,0,35.84591405,-86.4107263,47149.0,471.88407541718703,1.8494897959183676,1539,1522,29,0,1493,1479,324890,46,0,0,46,43
2020-06-09,US,Tennessee,Scott,13,0,0,36.42325673,-84.50360494,47151.0,58.908827261192684,0.0,13,14,0,0,14,14,22039,-1,0,0,-1,0
2020-06-09,US,Tennessee,Sequatchie,21,0,0,35.36979721,-85.41022136,47153.0,139.7577532277386,0.0,21,21,0,0,21,20,14876,0,0,0,0,1
2020-06-09,US,Tennessee,Sevier,158,2,0,35.78077323,-83.52244332,47155.0,160.81424936386767,1.2658227848101269,156,129,2,0,127,110,97892,29,0,0,29,19
2020-06-09,US,Tennessee,Shelby,6125,135,0,35.1864775,-89.89692423,47157.0,653.5661771767221,2.204081632653061,5990,6005,133,0,5872,5860,935764,120,2,0,118,145
2020-06-09,US,Tennessee,Smith,37,1,0,36.25359775,-85.95411046,47159.0,183.5590613682592,2.702702702702702,36,37,1,0,36,36,19942,0,0,0,0,1
2020-06-09,US,Tennessee,Stewart,14,0,0,36.50235092,-87.83920548,47161.0,102.0780167699599,0.0,14,15,0,0,15,15,13561,-1,0,0,-1,0
2020-06-09,US,Tennessee,Sullivan,66,2,0,36.51240691,-82.30412917,47163.0,41.680349609720366,3.0303030303030303,64,62,2,0,60,62,157668,4,0,0,4,0
2020-06-09,US,Tennessee,Sumner,1011,46,0,36.46824103,-86.45917204,47165.0,528.5362525681843,4.549950544015826,965,987,46,0,941,975,187149,24,0,0,24,12
2020-06-09,US,Tennessee,Tipton,487,3,0,35.501942,-89.73694895,47167.0,790.5972499553565,0.6160164271047228,484,480,3,0,477,479,61581,7,0,0,7,1
2020-06-09,US,Tennessee,Trousdale,1397,4,0,36.39026213,-86.16087954,47169.0,12380.361573909959,0.2863278453829635,1393,1397,4,0,1393,1394,11012,0,0,0,0,3
2020-06-09,US,Tennessee,Unassigned,170,0,0,0.0,0.0,90047.0,0.0,0.0,170,161,0,0,161,161,,9,0,0,9,0
2020-06-09,US,Tennessee,Unicoi,52,0,0,36.10890856,-82.43709629,47171.0,290.77895207739186,0.0,52,52,0,0,52,52,17761,0,0,0,0,0
2020-06-09,US,Tennessee,Union,5,0,0,36.28590426,-83.83651902,47173.0,25.03504906869617,0.0,5,4,0,0,4,4,19688,1,0,0,1,0
2020-06-09,US,Tennessee,Van Buren,4,0,0,35.69864497,-85.45221699,47175.0,68.11989100817439,0.0,4,4,0,0,4,4,5765,0,0,0,0,0
2020-06-09,US,Tennessee,Warren,32,0,0,35.6728299,-85.77969117,47177.0,77.52501393027596,0.0,32,31,0,0,31,28,40878,1,0,0,1,3
2020-06-09,US,Tennessee,Washington,86,0,0,36.29472368,-82.49454720000001,47179.0,66.47342995169082,0.0,86,86,0,0,86,86,128607,0,0,0,0,0
2020-06-09,US,Tennessee,Wayne,64,0,0,35.23868267,-87.78644456,47181.0,383.85413542853723,0.0,64,64,0,0,64,64,16558,0,0,0,0,0
2020-06-09,US,Tennessee,Weakley,26,0,0,36.29896232,-88.71990865,47183.0,78.01248199711955,0.0,26,26,0,0,26,26,33415,0,0,0,0,0
2020-06-09,US,Tennessee,White,45,0,0,35.92929884,-85.45591799,47185.0,164.56390565002744,0.0,45,43,0,0,43,41,27107,2,0,0,2,2
2020-06-09,US,Tennessee,Williamson,648,11,0,35.89099229,-86.89281867,47187.0,271.7983994094257,1.6975308641975309,637,630,11,0,619,621,231729,18,0,0,18,9
2020-06-09,US,Tennessee,Wilson,488,10,0,36.15496772,-86.29775884,47189.0,337.34973074237683,2.0491803278688523,478,477,9,0,468,475,140625,11,1,0,10,2
2020-06-09,US,Texas,Anderson,91,0,0,31.81534745,-95.65354823,48001.0,157.61669697756994,0.0,91,88,0,0,88,87,58057,3,0,0,3,1
2020-06-09,US,Texas,Andrews,27,0,0,32.30468633,-102.6376548,48003.0,144.34643143544506,0.0,27,27,0,0,27,27,18128,0,0,0,0,0
2020-06-09,US,Texas,Angelina,237,5,0,31.25457347,-94.60901487,48005.0,273.3091160698841,2.109704641350211,232,237,5,0,232,237,87092,0,0,0,0,0
2020-06-09,US,Texas,Aransas,5,0,0,28.10556197,-96.9995047,48007.0,21.267545725223307,0.0,5,5,0,0,5,5,23792,0,0,0,0,0
2020-06-09,US,Texas,Archer,3,0,0,33.61569967,-98.68754589,48009.0,35.0754121360926,0.0,3,2,0,0,2,2,8786,1,0,0,1,0
2020-06-09,US,Texas,Armstrong,3,0,0,34.96507426,-101.3574874,48011.0,158.9825119236884,0.0,3,3,0,0,3,3,1892,0,0,0,0,0
2020-06-09,US,Texas,Atascosa,42,2,0,28.89333001,-98.52730485,48013.0,82.106621312533,4.761904761904762,40,42,2,0,40,42,50310,0,0,0,0,0
2020-06-09,US,Texas,Austin,32,0,0,29.88548725,-96.27736949,48015.0,106.55301012253595,0.0,32,29,0,0,29,29,29989,3,0,0,3,0
2020-06-09,US,Texas,Bailey,26,0,0,34.06854817,-102.8299707,48017.0,371.4285714285714,0.0,26,26,0,0,26,26,7027,0,0,0,0,0
2020-06-09,US,Texas,Bandera,6,0,0,29.74619598,-99.24598147,48019.0,25.960539979231573,0.0,6,6,0,0,6,6,22824,0,0,0,0,0
2020-06-09,US,Texas,Bastrop,270,4,0,30.10370699,-97.31206354,48021.0,304.31793334310163,1.4814814814814814,266,255,3,0,252,255,86976,15,1,0,14,0
2020-06-09,US,Texas,Baylor,1,0,0,33.61640794,-99.21352901,48023.0,28.498147620404676,0.0,1,1,0,0,1,1,3582,0,0,0,0,0
2020-06-09,US,Texas,Bee,24,0,0,28.41761668,-97.74215593,48025.0,73.69875633348687,0.0,24,22,0,0,22,22,32587,2,0,0,2,0
2020-06-09,US,Texas,Bell,473,5,0,31.03736027,-97.4785025,48027.0,130.33031709118163,1.0570824524312896,468,446,5,0,441,446,355642,27,0,0,27,0
2020-06-09,US,Texas,Bexar,3333,78,0,29.44928723,-98.52019748,48029.0,166.35438825207606,2.3402340234023398,3255,3311,78,0,3233,3143,1986049,22,0,0,22,168
2020-06-09,US,Texas,Blanco,12,1,0,30.26640707,-98.3999852,48031.0,100.57832537088258,8.333333333333334,11,11,1,0,10,11,11702,1,0,0,1,0
2020-06-09,US,Texas,Bosque,7,0,0,31.89978581,-97.63613524,48035.0,37.46320578003746,0.0,7,7,0,0,7,7,18691,0,0,0,0,0
2020-06-09,US,Texas,Bowie,351,7,0,33.44626922,-94.41834132,48037.0,376.4276904927878,1.9943019943019944,344,336,6,0,330,336,94324,15,1,0,14,0
2020-06-09,US,Texas,Brazoria,770,9,0,29.18757369,-95.44563172,48039.0,205.7371267340701,1.1688311688311688,761,990,13,0,977,990,370200,-220,-4,0,-216,0
2020-06-09,US,Texas,Brazos,634,22,0,30.663644800000004,-96.30205577,48041.0,276.6010357269067,3.470031545741325,612,626,22,0,604,605,226758,8,0,0,8,21
2020-06-09,US,Texas,Brewster,1,0,0,29.81008251,-103.2520326,48043.0,10.866021949364338,0.0,1,1,0,0,1,1,9267,0,0,0,0,0
2020-06-09,US,Texas,Briscoe,1,0,0,34.53026962,-101.2084947,48045.0,64.68305304010349,0.0,1,1,0,0,1,1,1516,0,0,0,0,0
2020-06-09,US,Texas,Brooks,1,0,0,27.03103197,-98.21808402,48047.0,14.098406880022555,0.0,1,1,0,0,1,1,7114,0,0,0,0,0
2020-06-09,US,Texas,Brown,60,10,0,31.77430356,-98.99907113,48049.0,158.4618635115149,16.666666666666668,50,59,10,0,49,59,37924,1,0,0,1,0
2020-06-09,US,Texas,Burleson,35,0,0,30.49273808,-96.62158484,48051.0,189.773897955864,0.0,35,32,0,0,32,32,18389,3,0,0,3,0
2020-06-09,US,Texas,Burnet,55,1,0,30.78801353,-98.181887,48053.0,114.21451562662236,1.818181818181818,54,54,1,0,53,54,47542,1,0,0,1,0
2020-06-09,US,Texas,Caldwell,79,0,0,29.83668859,-97.61814775,48055.0,180.92707951630638,0.0,79,77,0,0,77,77,43247,2,0,0,2,0
2020-06-09,US,Texas,Calhoun,41,3,0,28.47048236,-96.61633945,48057.0,192.57867543447628,7.317073170731707,38,39,3,0,36,39,21561,2,0,0,2,0
2020-06-09,US,Texas,Callahan,10,1,0,32.29760619,-99.37326312,48059.0,71.72057663343614,10.0,9,10,1,0,9,10,13994,0,0,0,0,0
2020-06-09,US,Texas,Cameron,919,39,0,26.14524221,-97.48140372,48061.0,217.1739967813821,4.243743199129488,880,892,39,0,853,892,423908,27,0,0,27,0
2020-06-09,US,Texas,Camp,95,0,0,32.97195142,-94.97790104,48063.0,725.5231403696348,0.0,95,92,0,0,92,92,13033,3,0,0,3,0
2020-06-09,US,Texas,Carson,6,0,0,35.40365929,-101.3542669,48065.0,101.24873439082012,0.0,6,6,0,0,6,6,6005,0,0,0,0,0
2020-06-09,US,Texas,Cass,32,1,0,33.07499881,-94.34646905,48067.0,106.5743022713648,3.125,31,31,1,0,30,31,30119,1,0,0,1,0
2020-06-09,US,Texas,Castro,36,1,0,34.53016752,-102.2617243,48069.0,478.08764940239035,2.7777777777777777,35,35,1,0,34,35,7665,1,0,0,1,0
2020-06-09,US,Texas,Chambers,83,1,0,29.70972016,-94.67154501,48071.0,189.33777402650728,1.2048192771084338,82,79,1,0,78,76,42454,4,0,0,4,3
2020-06-09,US,Texas,Cherokee,54,2,0,31.837258,-95.16559897,48073.0,102.5718953006876,3.703703703703704,52,52,2,0,50,52,52592,2,0,0,2,0
2020-06-09,US,Texas,Childress,4,0,0,34.529304100000004,-100.2077916,48075.0,54.74952094169176,0.0,4,2,0,0,2,2,7291,2,0,0,2,0
2020-06-09,US,Texas,Clay,5,0,0,33.78686685,-98.20771198,48077.0,47.75093114315729,0.0,5,5,0,0,5,5,10456,0,0,0,0,0
2020-06-09,US,Texas,Cochran,1,0,0,33.60425307,-102.8284499,48079.0,35.05082369435681,0.0,1,1,0,0,1,1,2836,0,0,0,0,0
2020-06-09,US,Texas,Coke,1,0,0,31.88911733,-100.5297533,48081.0,29.524653085326253,0.0,1,1,0,0,1,1,3370,0,0,0,0,0
2020-06-09,US,Texas,Coleman,3,0,0,31.76736834,-99.45240766,48083.0,36.697247706422026,0.0,3,3,0,0,3,3,8397,0,0,0,0,0
2020-06-09,US,Texas,Collin,1528,37,0,33.18820114,-96.57264368,48085.0,147.67137320846984,2.4214659685863875,1491,1447,36,0,1411,1447,1005146,81,1,0,80,0
2020-06-09,US,Texas,Collingsworth,5,0,0,34.96489496,-100.2700111,48087.0,171.23287671232876,0.0,5,5,0,0,5,5,2962,0,0,0,0,0
2020-06-09,US,Texas,Colorado,26,0,0,29.622098,-96.5273805,48089.0,120.96961801516771,0.0,26,24,0,0,24,24,21217,2,0,0,2,0
2020-06-09,US,Texas,Comal,121,7,0,29.80811278,-98.27647225,48091.0,77.46032558943467,5.785123966942148,114,117,7,0,110,117,148373,4,0,0,4,0
2020-06-09,US,Texas,Comanche,12,1,0,31.94854689,-98.55876441,48093.0,88.008800880088,8.333333333333334,11,12,1,0,11,12,13534,0,0,0,0,0
2020-06-09,US,Texas,Concho,1,0,0,31.32635934,-99.86473038,48095.0,36.683785766691116,0.0,1,1,0,0,1,1,4276,0,0,0,0,0
2020-06-09,US,Texas,Cooke,20,0,0,33.63979567,-97.21240912,48097.0,48.47662214896866,0.0,20,20,0,0,20,20,40574,0,0,0,0,0
2020-06-09,US,Texas,Coryell,296,2,0,31.39078397,-97.79936155,48099.0,389.7249542468171,0.6756756756756757,294,289,2,0,287,289,74808,7,0,0,7,0
2020-06-09,US,Texas,Cottle,4,1,0,34.07783319,-100.2785062,48101.0,286.12303290414883,25.0,3,4,1,0,3,4,1389,0,0,0,0,0
2020-06-09,US,Texas,Crane,28,5,0,31.43052248,-102.5143314,48103.0,583.6981446737543,17.857142857142858,23,27,5,0,22,27,4794,1,0,0,1,0
2020-06-09,US,Texas,Crockett,4,0,0,30.72367027,-101.4134238,48105.0,115.47344110854506,0.0,4,1,0,0,1,1,3499,3,0,0,3,0
2020-06-09,US,Texas,Crosby,3,1,0,33.61431553,-101.3000364,48107.0,52.292138748474805,33.333333333333336,2,3,1,0,2,3,5779,0,0,0,0,0
2020-06-09,US,Texas,Dallam,29,1,0,36.27787176,-102.6020725,48111.0,397.9689858652394,3.4482758620689653,28,27,1,0,26,27,7200,2,0,0,2,0
2020-06-09,US,Texas,Dallas,12645,271,0,32.76670599,-96.7779605,48113.0,479.79219249664965,2.143139580862001,12374,12347,264,0,12083,12093,2637772,298,7,0,291,254
2020-06-09,US,Texas,Dawson,45,1,0,32.74255572,-101.9477242,48115.0,353.55122564424886,2.2222222222222223,44,45,1,0,44,45,12619,0,0,0,0,0
2020-06-09,US,Texas,DeWitt,23,1,0,29.08101855,-97.3568117,48123.0,114.08730158730158,4.3478260869565215,22,18,1,0,17,18,20187,5,0,0,5,0
2020-06-09,US,Texas,Deaf Smith,183,13,0,34.96522957,-102.6054267,48117.0,986.7356842445813,7.103825136612022,170,176,13,0,163,176,18760,7,0,0,7,0
2020-06-09,US,Texas,Delta,2,0,0,33.38570922,-95.66921122,48119.0,37.51641343087601,0.0,2,2,0,0,2,2,5349,0,0,0,0,0
2020-06-09,US,Texas,Denton,1524,34,0,33.20521901,-97.11691153,48121.0,171.7750198093568,2.230971128608924,1490,1500,33,0,1467,1486,859064,24,1,0,23,14
2020-06-09,US,Texas,Dickens,1,0,0,33.61616822,-100.7788855,48125.0,45.22840343735866,0.0,1,1,0,0,1,1,2249,0,0,0,0,0
2020-06-09,US,Texas,Dimmit,1,0,0,28.42270064,-99.75645095,48127.0,9.877518767285656,0.0,1,1,0,0,1,1,10308,0,0,0,0,0
2020-06-09,US,Texas,Donley,27,0,0,34.96517499,-100.8140093,48129.0,823.672971323978,0.0,27,27,0,0,27,27,3319,0,0,0,0,0
2020-06-09,US,Texas,Duval,5,0,0,27.68184592,-98.50864568,48131.0,44.81491440351349,0.0,5,5,0,0,5,5,11212,0,0,0,0,0
2020-06-09,US,Texas,Eastland,7,0,0,32.32743996,-98.83243566,48133.0,38.12636165577342,0.0,7,7,0,0,7,7,18322,0,0,0,0,0
2020-06-09,US,Texas,Ector,206,6,0,31.86898877,-102.5429428,48135.0,123.9299013975202,2.9126213592233015,200,187,5,0,182,187,162124,19,1,0,18,0
2020-06-09,US,Texas,El Paso,3512,93,0,31.76980765,-106.2363275,48141.0,418.47485457045565,2.6480637813211847,3419,3376,90,0,3286,3376,840758,136,3,0,133,0
2020-06-09,US,Texas,Ellis,399,16,0,32.34894117,-96.79371841,48139.0,215.8787183621352,4.010025062656641,383,388,16,0,372,388,179436,11,0,0,11,0
2020-06-09,US,Texas,Erath,29,1,0,32.23602653,-98.21773417,48143.0,67.91887207831749,3.4482758620689653,28,26,1,0,25,26,42446,3,0,0,3,0
2020-06-09,US,Texas,Falls,13,0,0,31.25350609,-96.93630086,48145.0,75.15754177024918,0.0,13,11,0,0,11,11,17335,2,0,0,2,0
2020-06-09,US,Texas,Fannin,49,2,0,33.59564294,-96.10751083,48147.0,137.97375682829306,4.081632653061225,47,43,2,0,41,43,35286,6,0,0,6,0
2020-06-09,US,Texas,Fayette,38,2,0,29.87788372,-96.92076062,48149.0,149.92503748125938,5.2631578947368425,36,38,2,0,36,38,25349,0,0,0,0,0
2020-06-09,US,Texas,Fisher,2,1,0,32.74281316,-100.4019302,48151.0,52.219321148825074,50.0,1,2,1,0,1,2,3839,0,0,0,0,0
2020-06-09,US,Texas,Floyd,16,0,0,34.07227468,-101.3031546,48153.0,280.11204481792714,0.0,16,16,0,0,16,16,5837,0,0,0,0,0
2020-06-09,US,Texas,Fort Bend,2138,47,0,29.52704478,-95.77219463,48157.0,263.40170114625323,2.198316183348924,2091,2117,47,0,2070,2117,787858,21,0,0,21,0
2020-06-09,US,Texas,Franklin,22,0,0,33.17653242,-95.21917243,48159.0,205.12820512820514,0.0,22,19,0,0,19,19,10766,3,0,0,3,0
2020-06-09,US,Texas,Freestone,12,0,0,31.70422788,-96.15072516,48161.0,60.861185778769595,0.0,12,11,0,0,11,11,19808,1,0,0,1,0
2020-06-09,US,Texas,Frio,50,0,0,28.86751206,-99.10804207,48163.0,246.23264059883775,0.0,50,46,0,0,46,46,19816,4,0,0,4,0
2020-06-09,US,Texas,Gaines,9,0,0,32.74055318,-102.6353295,48165.0,41.876046901172536,0.0,9,8,0,0,8,8,20901,1,0,0,1,0
2020-06-09,US,Texas,Galveston,1026,38,0,29.40167322,-94.90469073,48167.0,299.8781197115792,3.703703703703704,988,994,38,0,956,972,337890,32,0,0,32,22
2020-06-09,US,Texas,Garza,6,0,0,33.17969345,-101.2984114,48169.0,96.3236474554503,0.0,6,6,0,0,6,6,6578,0,0,0,0,0
2020-06-09,US,Texas,Gillespie,5,0,0,30.31824095,-98.94676915,48171.0,18.526752630798875,0.0,5,5,0,0,5,5,26804,0,0,0,0,0
2020-06-09,US,Texas,Glasscock,1,0,0,31.86942909,-101.5207776,48173.0,70.97232079489001,0.0,1,1,0,0,1,1,1388,0,0,0,0,0
2020-06-09,US,Texas,Goliad,7,0,0,28.65696592,-97.42760647,48175.0,91.40767824497256,0.0,7,7,0,0,7,7,7584,0,0,0,0,0
2020-06-09,US,Texas,Gonzales,153,3,0,29.45634206,-97.49424032,48177.0,734.2707683447712,1.96078431372549,150,151,3,0,148,151,20826,2,0,0,2,0
2020-06-09,US,Texas,Gray,105,3,0,35.40081878,-100.8129222,48179.0,479.7587498857717,2.8571428571428568,102,104,2,0,102,104,21895,1,1,0,0,0
2020-06-09,US,Texas,Grayson,384,3,0,33.62744998,-96.67753461,48181.0,281.9134877984318,0.78125,381,377,2,0,375,375,133991,7,1,0,6,2
2020-06-09,US,Texas,Gregg,272,11,0,32.47940482,-94.81591935,48183.0,219.45217636855057,4.044117647058823,261,257,10,0,247,257,123707,15,1,0,14,0
2020-06-09,US,Texas,Grimes,245,1,0,30.54579585,-95.98902499,48185.0,848.3379501385042,0.4081632653061225,244,241,1,0,240,241,28360,4,0,0,4,0
2020-06-09,US,Texas,Guadalupe,147,0,0,29.58165339,-97.94786822,48187.0,88.10467074625255,0.0,147,147,0,0,147,147,163694,0,0,0,0,0
2020-06-09,US,Texas,Hale,61,4,0,34.07044901,-101.8268114,48189.0,182.6019277974017,6.557377049180328,57,61,4,0,57,60,33830,0,0,0,0,1
2020-06-09,US,Texas,Hall,2,1,0,34.5307555,-100.6813852,48191.0,67.47638326585695,50.0,1,2,1,0,1,2,3028,0,0,0,0,0
2020-06-09,US,Texas,Hamilton,10,1,0,31.70470573,-98.11083887,48193.0,118.18933932159321,10.0,9,9,1,0,8,9,8484,1,0,0,1,0
2020-06-09,US,Texas,Hansford,20,2,0,36.27743284,-101.3545796,48195.0,370.4389701796629,10.0,18,20,2,0,18,20,5463,0,0,0,0,0
2020-06-09,US,Texas,Hardeman,4,0,0,34.28944521,-99.74632408,48197.0,101.70353419781335,0.0,4,3,0,0,3,3,3922,1,0,0,1,0
2020-06-09,US,Texas,Hardin,142,5,0,30.33364686,-94.38931817,48199.0,246.5192180827054,3.5211267605633805,137,142,5,0,137,142,57207,0,0,0,0,0
2020-06-09,US,Texas,Harris,15238,262,0,29.86,-95.39,48201.0,323.2961868744464,1.7193857461609134,14976,14918,262,0,14656,14586,4698619,320,0,0,320,332
2020-06-09,US,Texas,Harrison,258,28,0,32.54935988,-94.36934071,48203.0,387.6609619401079,10.852713178294573,230,256,27,0,229,256,66726,2,1,0,1,0
2020-06-09,US,Texas,Hartley,12,2,0,35.84008013,-102.6029022,48205.0,215.20803443328552,16.666666666666668,10,12,2,0,10,12,5619,0,0,0,0,0
2020-06-09,US,Texas,Haskell,3,0,0,33.17823584,-99.73037358,48207.0,53.022269353128316,0.0,3,3,0,0,3,3,5813,0,0,0,0,0
2020-06-09,US,Texas,Hays,441,5,0,30.05669873,-98.02944344,48209.0,191.58003570947602,1.1337868480725624,436,385,5,0,380,385,222631,56,0,0,56,0
2020-06-09,US,Texas,Hemphill,1,0,0,35.83764858,-100.2703577,48211.0,26.18486514794449,0.0,1,1,0,0,1,1,3825,0,0,0,0,0
2020-06-09,US,Texas,Henderson,71,3,0,32.21128872,-95.85846587,48213.0,85.81408559652877,4.225352112676056,68,68,3,0,65,68,82299,3,0,0,3,0
2020-06-09,US,Texas,Hidalgo,759,12,0,26.39418217,-98.18299696,48215.0,87.37123103647144,1.5810276679841897,747,733,12,0,721,701,865939,26,0,0,26,32
2020-06-09,US,Texas,Hill,30,1,0,31.99045053,-97.13423143,48217.0,81.85762230893067,3.333333333333333,29,29,1,0,28,29,36354,1,0,0,1,0
2020-06-09,US,Texas,Hockley,27,1,0,33.60771256,-102.3431676,48219.0,117.28421875678728,3.703703703703704,26,27,1,0,26,27,22980,0,0,0,0,0
2020-06-09,US,Texas,Hood,31,4,0,32.42990927,-97.83242024,48221.0,50.289570591956924,12.903225806451614,27,31,3,0,28,31,60537,0,1,0,-1,0
2020-06-09,US,Texas,Hopkins,39,0,0,33.14875072,-95.56351139,48223.0,105.16664868946177,0.0,39,30,0,0,30,30,36810,9,0,0,9,0
2020-06-09,US,Texas,Houston,152,0,0,31.31925973,-95.42226208,48225.0,661.7903169627307,0.0,152,151,0,0,151,151,23169,1,0,0,1,0
2020-06-09,US,Texas,Howard,15,1,0,32.30621324,-101.4356444,48227.0,40.912066332096884,6.666666666666668,14,9,1,0,8,9,36459,6,0,0,6,0
2020-06-09,US,Texas,Hudspeth,4,0,0,31.45628381,-105.388178,48229.0,81.86655751125666,0.0,4,4,0,0,4,4,4795,0,0,0,0,0
2020-06-09,US,Texas,Hunt,121,5,0,33.12351514,-96.08551032,48231.0,122.72552082276812,4.132231404958676,116,121,5,0,116,121,96493,0,0,0,0,0
2020-06-09,US,Texas,Hutchinson,44,0,0,35.84006574,-101.3546643,48233.0,210.14423536154356,0.0,44,44,0,0,44,44,21198,0,0,0,0,0
2020-06-09,US,Texas,Irion,1,0,0,31.30375559,-100.982439,48235.0,65.10416666666667,0.0,1,1,0,0,1,1,1522,0,0,0,0,0
2020-06-09,US,Texas,Jack,4,0,0,33.23377248,-98.17283469,48237.0,44.76776720761052,0.0,4,4,0,0,4,4,8843,0,0,0,0,0
2020-06-09,US,Texas,Jackson,19,1,0,28.95472367,-96.57749563,48239.0,128.72628726287263,5.2631578947368425,18,19,1,0,18,19,14874,0,0,0,0,0
2020-06-09,US,Texas,Jasper,31,1,0,30.74685667,-94.02667579,48241.0,87.2526668355428,3.2258064516129035,30,30,1,0,29,30,35872,1,0,0,1,0
2020-06-09,US,Texas,Jefferson,647,30,0,29.8832777,-94.16434171,48245.0,257.189990658478,4.636785162287482,617,627,30,0,597,627,255001,20,0,0,20,0
2020-06-09,US,Texas,Jim Hogg,4,0,0,27.04453923,-98.6968187,48247.0,76.92307692307692,0.0,4,4,0,0,4,4,5248,0,0,0,0,0
2020-06-09,US,Texas,Jim Wells,13,0,0,27.73103938,-98.0904705,48249.0,32.113037893384714,0.0,13,13,0,0,13,13,40822,0,0,0,0,0
2020-06-09,US,Texas,Johnson,209,4,0,32.37877812,-97.36615819,48251.0,118.8736015288624,1.9138755980861244,205,202,4,0,198,202,171361,7,0,0,7,0
2020-06-09,US,Texas,Jones,637,0,0,32.73997145,-99.87861576,48253.0,3171.8368769606136,0.0,637,637,0,0,637,637,19817,0,0,0,0,0
2020-06-09,US,Texas,Karnes,4,0,0,28.90705334,-97.85960149,48255.0,25.63938209089161,0.0,4,4,0,0,4,4,15650,0,0,0,0,0
2020-06-09,US,Texas,Kaufman,275,2,0,32.599141700000004,-96.28734728,48257.0,201.97717290714922,0.7272727272727273,273,269,2,0,267,269,128622,6,0,0,6,0
2020-06-09,US,Texas,Kendall,33,0,0,29.94414155,-98.7113588,48259.0,69.57475069047669,0.0,33,33,0,0,33,33,45641,0,0,0,0,0
2020-06-09,US,Texas,Kerr,20,1,0,30.06040006,-99.34930144,48265.0,38.02281368821293,5.0,19,20,1,0,19,20,52405,0,0,0,0,0
2020-06-09,US,Texas,Kimble,1,0,0,30.48678918,-99.74856473,48267.0,23.057412958266077,0.0,1,1,0,0,1,1,4362,0,0,0,0,0
2020-06-09,US,Texas,Kinney,1,0,0,29.34967888,-100.4186638,48271.0,27.27024815925825,0.0,1,1,0,0,1,1,3767,0,0,0,0,0
2020-06-09,US,Texas,Kleberg,20,1,0,27.42435506,-97.69894948,48273.0,65.18904823989571,5.0,19,18,1,0,17,18,31129,2,0,0,2,0
2020-06-09,US,Texas,Knox,1,0,0,33.60519951,-99.7422906,48275.0,27.29257641921397,0.0,1,1,0,0,1,1,3653,0,0,0,0,0
2020-06-09,US,Texas,La Salle,4,0,0,28.34453111,-99.09908775,48283.0,53.19148936170214,0.0,4,4,0,0,4,4,7531,0,0,0,0,0
2020-06-09,US,Texas,Lamar,156,11,0,33.66981763,-95.57404777,48277.0,312.8823281654265,7.05128205128205,145,154,11,0,143,154,49728,2,0,0,2,0
2020-06-09,US,Texas,Lamb,17,0,0,34.06859623,-102.3516289,48279.0,131.85449468703948,0.0,17,17,0,0,17,17,13158,0,0,0,0,0
2020-06-09,US,Texas,Lampasas,9,0,0,31.19531316,-98.24206613,48281.0,42.001120029867465,0.0,9,9,0,0,9,9,21229,0,0,0,0,0
2020-06-09,US,Texas,Lavaca,19,1,0,29.38508402,-96.93186692,48285.0,94.2740895107671,5.2631578947368425,18,19,1,0,18,19,20110,0,0,0,0,0
2020-06-09,US,Texas,Lee,26,2,0,30.31120597,-96.97045773,48287.0,150.82081327223156,7.6923076923076925,24,26,2,0,24,26,17144,0,0,0,0,0
2020-06-09,US,Texas,Leon,11,0,0,31.29872538,-95.9936328,48289.0,63.203861181337615,0.0,11,11,0,0,11,11,17270,0,0,0,0,0
2020-06-09,US,Texas,Liberty,108,3,0,30.15152688,-94.81205615,48291.0,122.42260737482857,2.7777777777777777,105,103,3,0,100,103,86323,5,0,0,5,0
2020-06-09,US,Texas,Limestone,34,1,0,31.5454767,-96.58095444,48293.0,145.0697614882451,2.9411764705882355,33,32,1,0,31,32,23519,2,0,0,2,0
2020-06-09,US,Texas,Lipscomb,7,0,0,36.27783108,-100.2733151,48295.0,216.51716671821842,0.0,7,5,0,0,5,5,3355,2,0,0,2,0
2020-06-09,US,Texas,Live Oak,9,0,0,28.35101362,-98.1246786,48297.0,73.72818874416319,0.0,9,9,0,0,9,9,12166,0,0,0,0,0
2020-06-09,US,Texas,Llano,3,0,0,30.70645047,-98.68475262,48299.0,13.764624913971096,0.0,3,3,0,0,3,3,21646,0,0,0,0,0
2020-06-09,US,Texas,Lubbock,756,50,0,33.61008596,-101.8204789,48303.0,243.42416661031845,6.613756613756614,706,747,50,0,697,741,307412,9,0,0,9,6
2020-06-09,US,Texas,Lynn,8,1,0,33.17657705,-101.8162849,48305.0,134.43118803562427,12.5,7,8,1,0,7,8,5877,0,0,0,0,0
2020-06-09,US,Texas,Madison,16,0,0,30.96694679,-95.93003775,48313.0,112.01344161299356,0.0,16,10,0,0,10,10,14422,6,0,0,6,0
2020-06-09,US,Texas,Marion,18,1,0,32.79868409,-94.3566123,48315.0,182.66693728435155,5.5555555555555545,17,17,1,0,16,17,9928,1,0,0,1,0
2020-06-09,US,Texas,Martin,3,1,0,32.30600051,-101.9513518,48317.0,51.984058222145215,33.333333333333336,2,3,1,0,2,3,5753,0,0,0,0,0
2020-06-09,US,Texas,Mason,32,0,0,30.71780434,-99.22629416,48319.0,748.7131492746843,0.0,32,32,0,0,32,32,4280,0,0,0,0,0
2020-06-09,US,Texas,Matagorda,77,5,0,28.81955746,-96.01230294,48321.0,210.13563299948152,6.493506493506493,72,77,5,0,72,71,36552,0,0,0,0,6
2020-06-09,US,Texas,Maverick,146,2,0,28.7429195,-100.3157686,48323.0,248.62913388508565,1.3698630136986298,144,133,2,0,131,133,58485,13,0,0,13,0
2020-06-09,US,Texas,McCulloch,3,0,0,31.1925468,-99.34682807,48307.0,37.5751503006012,0.0,3,3,0,0,3,3,7987,0,0,0,0,0
2020-06-09,US,Texas,McLennan,132,4,0,31.55255453,-97.20217694,48309.0,51.437322453560284,3.0303030303030303,128,129,4,0,125,129,254607,3,0,0,3,0
2020-06-09,US,Texas,Medina,216,2,0,29.3557301,-99.11030298,48325.0,418.7344913151365,0.925925925925926,214,216,2,0,214,216,50921,0,0,0,0,0
2020-06-09,US,Texas,Midland,169,13,0,31.86904128,-102.0315682,48329.0,95.5709373868983,7.6923076923076925,156,155,13,0,142,155,172578,14,0,0,14,0
2020-06-09,US,Texas,Milam,35,1,0,30.78581830000001,-96.97718698,48331.0,140.99826773556782,2.8571428571428568,34,35,1,0,34,35,25131,0,0,0,0,0
2020-06-09,US,Texas,Mills,1,0,0,31.49557106,-98.59272068,48333.0,20.521239482864765,0.0,1,1,0,0,1,1,4921,0,0,0,0,0
2020-06-09,US,Texas,Mitchell,1,0,0,32.30623474,-100.9212058,48335.0,11.702750146284375,0.0,1,1,0,0,1,1,8145,0,0,0,0,0
2020-06-09,US,Texas,Montague,9,1,0,33.67521893,-97.72500958,48337.0,45.41326067211626,11.111111111111109,8,9,1,0,8,9,19596,0,0,0,0,0
2020-06-09,US,Texas,Montgomery,1122,31,0,30.30079133,-95.50572772,48339.0,184.724502009414,2.762923351158645,1091,1090,31,0,1059,1064,590925,32,0,0,32,26
2020-06-09,US,Texas,Moore,864,14,0,35.83769242,-101.8930281,48341.0,4126.0744985673355,1.6203703703703705,850,852,14,0,838,852,21485,12,0,0,12,0
2020-06-09,US,Texas,Morris,27,0,0,33.11304005,-94.73255695,48343.0,217.95285760413304,0.0,27,27,0,0,27,27,12339,0,0,0,0,0
2020-06-09,US,Texas,Motley,1,0,0,34.07408766,-100.779722,48345.0,83.33333333333333,0.0,1,1,0,0,1,1,1234,0,0,0,0,0
2020-06-09,US,Texas,Nacogdoches,305,21,0,31.62017125,-94.61803994,48347.0,467.7627139439297,6.885245901639344,284,304,21,0,283,304,65711,1,0,0,1,0
2020-06-09,US,Texas,Navarro,70,2,0,32.04620681,-96.47428766,48349.0,139.6843134515994,2.8571428571428568,68,66,2,0,64,66,49565,4,0,0,4,0
2020-06-09,US,Texas,Newton,6,0,0,30.78548982,-93.74408813,48351.0,44.13387274733358,0.0,6,6,0,0,6,6,13746,0,0,0,0,0
2020-06-09,US,Texas,Nolan,9,0,0,32.30365282,-100.4060208,48353.0,61.166236237596856,0.0,9,9,0,0,9,9,14751,0,0,0,0,0
2020-06-09,US,Texas,Nueces,300,3,0,27.736286,-97.5433285,48355.0,82.8056771572259,1.0,297,289,3,0,286,289,362265,11,0,0,11,0
2020-06-09,US,Texas,Ochiltree,52,2,0,36.27829105,-100.8158184,48357.0,528.6701911346074,3.8461538461538463,50,51,2,0,49,51,9947,1,0,0,1,0
2020-06-09,US,Texas,Oldham,4,1,0,35.40425596,-102.6027606,48359.0,189.3939393939394,25.0,3,4,1,0,3,4,2131,0,0,0,0,0
2020-06-09,US,Texas,Orange,100,2,0,30.11879481,-93.89412775,48361.0,119.90982780948728,2.0,98,100,2,0,98,100,83572,0,0,0,0,0
2020-06-09,US,Texas,Palo Pinto,13,2,0,32.75310985,-98.31319001,48363.0,44.53732570488883,15.384615384615385,11,13,2,0,11,13,28875,0,0,0,0,0
2020-06-09,US,Texas,Panola,214,23,0,32.163959600000005,-94.30552481,48365.0,922.652410106062,10.747663551401871,191,214,23,0,191,214,23148,0,0,0,0,0
2020-06-09,US,Texas,Parker,104,1,0,32.77757172,-97.80500621,48367.0,72.78937275157827,0.9615384615384616,103,92,1,0,91,92,138371,12,0,0,12,0
2020-06-09,US,Texas,Parmer,98,0,0,34.52993409,-102.7844668,48369.0,1020.3019260801666,0.0,98,89,0,0,89,89,9864,9,0,0,9,0
2020-06-09,US,Texas,Pecos,27,0,0,30.78097267,-102.7241261,48371.0,170.63767932756116,0.0,27,105,0,0,105,105,15673,-78,0,0,-78,0
2020-06-09,US,Texas,Polk,61,0,0,30.79472531,-94.8276624,48373.0,118.78566003933558,0.0,61,61,0,0,61,61,50031,0,0,0,0,0
2020-06-09,US,Texas,Potter,2763,32,0,35.40133773,-101.893964,48375.0,2353.1916705701997,1.158161418747738,2731,2756,32,0,2724,2756,119648,7,0,0,7,0
2020-06-09,US,Texas,Presidio,2,0,0,29.99954402,-104.2408079,48377.0,29.832935560859188,0.0,2,2,0,0,2,2,6948,0,0,0,0,0
2020-06-09,US,Texas,Rains,4,0,0,32.87109387,-95.79232691,48379.0,31.9642000958926,0.0,4,4,0,0,4,4,12159,0,0,0,0,0
2020-06-09,US,Texas,Randall,737,6,0,34.96585996,-101.8971322,48381.0,535.1709715132196,0.8141112618724559,731,728,6,0,722,728,136271,9,0,0,9,0
2020-06-09,US,Texas,Reagan,2,0,0,31.36607041,-101.5232659,48383.0,51.96154845414394,0.0,2,2,0,0,2,2,3741,0,0,0,0,0
2020-06-09,US,Texas,Real,1,0,0,29.83321503,-99.82018052,48385.0,28.968713789107767,0.0,1,1,0,0,1,1,3478,0,0,0,0,0
2020-06-09,US,Texas,Red River,81,8,0,33.61886692,-95.04841765,48387.0,673.7087249438576,9.876543209876543,73,79,8,0,71,79,12175,2,0,0,2,0
2020-06-09,US,Texas,Reeves,11,0,0,31.32323325,-103.6903896,48389.0,68.85327991987982,0.0,11,8,0,0,8,8,15695,3,0,0,3,0
2020-06-09,US,Texas,Refugio,5,0,0,28.3238976,-97.15766311,48391.0,71.96315486470927,0.0,5,3,0,0,3,3,7032,2,0,0,2,0
2020-06-09,US,Texas,Roberts,2,0,0,35.83809685,-100.813175,48393.0,234.192037470726,0.0,2,2,0,0,2,2,903,0,0,0,0,0
2020-06-09,US,Texas,Robertson,17,0,0,31.02539637,-96.51272246,48395.0,99.56659247979384,0.0,17,16,0,0,16,16,17284,1,0,0,1,0
2020-06-09,US,Texas,Rockwall,202,15,0,32.89779518,-96.40771592,48397.0,192.53681551732362,7.425742574257426,187,202,15,0,187,200,100657,0,0,0,0,2
2020-06-09,US,Texas,Runnels,3,0,0,31.8314342,-99.97616148,48399.0,29.228371005455962,0.0,3,3,0,0,3,3,10234,0,0,0,0,0
2020-06-09,US,Texas,Rusk,67,2,0,32.10773545,-94.76176432,48401.0,123.1481821857883,2.985074626865672,65,64,2,0,62,64,54450,3,0,0,3,0
2020-06-09,US,Texas,Sabine,15,1,0,31.34318809,-93.85440451,48403.0,142.2879908935686,6.666666666666668,14,15,1,0,14,15,10589,0,0,0,0,0
2020-06-09,US,Texas,San Augustine,45,4,0,31.39457611,-94.17000399,48405.0,546.3154060944519,8.888888888888891,41,45,4,0,41,45,8232,0,0,0,0,0
2020-06-09,US,Texas,San Jacinto,19,0,0,30.57933681,-95.16260304,48407.0,65.83734710142417,0.0,19,17,0,0,17,17,28719,2,0,0,2,0
2020-06-09,US,Texas,San Patricio,41,0,0,28.00880118,-97.51763891,48409.0,61.441630451071475,0.0,41,39,0,0,39,39,66893,2,0,0,2,0
2020-06-09,US,Texas,San Saba,1,0,0,31.1577796,-98.81758731,48411.0,16.515276630883566,0.0,1,1,0,0,1,1,6054,0,0,0,0,0
2020-06-09,US,Texas,Scurry,26,0,0,32.74613808,-100.9162664,48415.0,155.66065976171944,0.0,26,26,0,0,26,26,16866,0,0,0,0,0
2020-06-09,US,Texas,Shackelford,1,0,0,32.73587756,-99.35401337,48417.0,30.627871362940283,0.0,1,1,0,0,1,1,3253,0,0,0,0,0
2020-06-09,US,Texas,Shelby,214,8,0,31.79211404,-94.14550696,48419.0,846.7199493550685,3.7383177570093458,206,213,8,0,205,213,25418,1,0,0,1,0
2020-06-09,US,Texas,Sherman,28,0,0,36.27751473,-101.8933156,48421.0,926.5387160820649,0.0,28,28,0,0,28,28,3079,0,0,0,0,0
2020-06-09,US,Texas,Smith,235,4,0,32.37474036,-95.2717568,48423.0,100.96626867338915,1.702127659574468,231,223,4,0,219,223,230221,12,0,0,12,0
2020-06-09,US,Texas,Somervell,1,0,0,32.22236802,-97.77403489,48425.0,10.955302366345313,0.0,1,,,,,,9016,,,,,
2020-06-09,US,Texas,Starr,59,1,0,26.56150059,-98.73892358,48427.0,91.28463787848312,1.6949152542372878,58,59,1,0,58,59,64525,0,0,0,0,0
2020-06-09,US,Texas,Stephens,4,0,0,32.73553157,-98.83631615,48429.0,42.707666026051676,0.0,4,4,0,0,4,4,9433,0,0,0,0,0
2020-06-09,US,Texas,Swisher,18,1,0,34.53028891,-101.7349174,48437.0,243.34189536298496,5.5555555555555545,17,18,1,0,17,18,7462,0,0,0,0,0
2020-06-09,US,Texas,Tarrant,6369,178,0,32.77143818,-97.29101614,48439.0,302.92292801716036,2.7947872507457996,6191,6150,178,0,5972,6073,2084931,219,0,0,219,77
2020-06-09,US,Texas,Taylor,247,5,0,32.30163422,-99.89007449,48441.0,178.94142022979847,2.0242914979757085,242,246,5,0,241,246,137640,1,0,0,1,0
2020-06-09,US,Texas,Terry,13,0,0,33.17402785,-102.3354521,48445.0,105.3740779768177,0.0,13,13,0,0,13,13,12287,0,0,0,0,0
2020-06-09,US,Texas,Throckmorton,1,0,0,33.17751417,-99.21226795,48447.0,66.62225183211193,0.0,1,1,0,0,1,1,1515,0,0,0,0,0
2020-06-09,US,Texas,Titus,635,3,0,33.21339719,-94.96797273,48449.0,1938.931297709924,0.4724409448818898,632,629,3,0,626,583,33033,6,0,0,6,46
2020-06-09,US,Texas,Tom Green,119,1,0,31.40464436,-100.462443,48451.0,99.83221476510069,0.8403361344537815,118,111,1,0,110,111,118189,8,0,0,8,0
2020-06-09,US,Texas,Travis,3815,98,0,30.33432034,-97.7853562,48453.0,299.4613620272004,2.568807339449541,3717,3697,97,0,3600,3662,1248743,118,1,0,117,35
2020-06-09,US,Texas,Trinity,22,0,0,31.0879489,-95.1367187,48455.0,150.16039860760358,0.0,22,20,0,0,20,20,14740,2,0,0,2,0
2020-06-09,US,Texas,Tyler,16,0,0,30.77031716,-94.37690895,48457.0,73.82798080472499,0.0,16,16,0,0,16,16,21696,0,0,0,0,0
2020-06-09,US,Texas,Upshur,35,0,0,32.73706798,-94.93999853,48459.0,83.82631188178095,0.0,35,31,0,0,31,31,41260,4,0,0,4,0
2020-06-09,US,Texas,Uvalde,20,0,0,29.35739637,-99.76229172,48463.0,74.79151864178603,0.0,20,18,0,0,18,18,26846,2,0,0,2,0
2020-06-09,US,Texas,Val Verde,25,0,0,29.89149232,-101.1525205,48465.0,50.99439061703214,0.0,25,25,0,0,25,25,49208,0,0,0,0,0
2020-06-09,US,Texas,Van Zandt,40,1,0,32.56483801,-95.83766469,48467.0,70.68386640749249,2.5,39,39,1,0,38,39,56019,1,0,0,1,0
2020-06-09,US,Texas,Victoria,174,7,0,28.79780988,-96.96813006,48469.0,188.95790799704616,4.022988505747127,167,170,7,0,163,170,92035,4,0,0,4,0
2020-06-09,US,Texas,Walker,1868,27,0,30.73872995,-95.57440968,48471.0,2559.921064532485,1.4453961456102784,1841,1851,27,0,1824,1851,72480,17,0,0,17,0
2020-06-09,US,Texas,Waller,77,0,0,30.01058447,-95.99011759,48473.0,139.3766064511458,0.0,77,72,0,0,72,72,53126,5,0,0,5,0
2020-06-09,US,Texas,Ward,2,0,0,31.50999644,-103.0927909,48475.0,16.669444907484582,0.0,2,1,0,0,1,1,11720,1,0,0,1,0
2020-06-09,US,Texas,Washington,208,25,0,30.21498498,-96.40946246,48477.0,579.6778328967172,12.019230769230768,183,207,25,0,182,207,35108,1,0,0,1,0
2020-06-09,US,Texas,Webb,608,20,0,27.7610369,-99.33237355,48479.0,219.77068663880974,3.2894736842105265,588,594,19,0,575,594,275910,14,1,0,13,0
2020-06-09,US,Texas,Wharton,84,1,0,29.27765923,-96.22319248,48481.0,202.13687554143812,1.1904761904761905,83,76,1,0,75,76,41619,8,0,0,8,0
2020-06-09,US,Texas,Wheeler,15,0,0,35.40114335,-100.2699514,48483.0,296.67721518987344,0.0,15,15,0,0,15,15,5191,0,0,0,0,0
2020-06-09,US,Texas,Wichita,90,2,0,33.98842886,-98.7041034,48485.0,68.0632231717462,2.2222222222222223,88,87,2,0,85,87,132064,3,0,0,3,0
2020-06-09,US,Texas,Wilbarger,7,0,0,34.07945812,-99.24178437,48487.0,54.82026783616571,0.0,7,7,0,0,7,7,12820,0,0,0,0,0
2020-06-09,US,Texas,Willacy,42,2,0,26.47411727,-97.61535848,48489.0,196.64762618222682,4.761904761904762,40,37,2,0,35,37,21515,5,0,0,5,0
2020-06-09,US,Texas,Williamson,745,29,0,30.64655664,-97.6004854,48491.0,126.15337202036741,3.8926174496644297,716,698,28,0,670,691,566719,47,1,0,46,7
2020-06-09,US,Texas,Wilson,45,5,0,29.1732598,-98.08693082,48493.0,88.11435284903074,11.111111111111109,40,45,5,0,40,45,50224,0,0,0,0,0
2020-06-09,US,Texas,Winkler,3,0,0,31.85008651,-103.0485163,48495.0,37.453183520599254,0.0,3,3,0,0,3,3,7720,0,0,0,0,0
2020-06-09,US,Texas,Wise,53,4,0,33.21570665,-97.65460265,48497.0,75.73159579332419,7.547169811320754,49,52,4,0,48,52,68305,1,0,0,1,0
2020-06-09,US,Texas,Wood,51,4,0,32.78722382,-95.38236368,48499.0,111.99191901447114,7.84313725490196,47,49,4,0,45,49,45129,2,0,0,2,0
2020-06-09,US,Texas,Yoakum,5,0,0,33.17320212,-102.8276433,48501.0,57.3855158957879,0.0,5,3,0,0,3,3,8591,2,0,0,2,0
2020-06-09,US,Texas,Young,6,1,0,33.17659707,-98.68790885,48503.0,33.31482509716824,16.666666666666668,5,6,1,0,5,6,18045,0,0,0,0,0
2020-06-09,US,Texas,Zapata,12,0,0,27.00156391,-99.16987152,48505.0,84.63220255307144,0.0,12,12,0,0,12,12,14190,0,0,0,0,0
2020-06-09,US,Texas,Zavala,12,0,0,28.86617238,-99.76050829,48507.0,101.35135135135135,0.0,12,12,0,0,12,12,11983,0,0,0,0,0
2020-06-09,US,Utah,Bear River,795,2,0,41.52106798,-113.0832816,0.0,425.5478594139751,0.2515723270440252,793,767,2,0,765,732,,28,0,0,28,35
2020-06-09,US,Utah,Central Utah,48,0,0,39.37231946,-111.5758676,0.0,58.569441393952715,0.0,48,51,0,0,51,46,,-3,0,0,-3,5
2020-06-09,US,Utah,Davis,580,3,0,40.99001837,-112.1139997,49011.0,163.15921244736006,0.5172413793103449,577,564,3,0,561,549,351713,16,0,0,16,15
2020-06-09,US,Utah,Salt Lake,6421,85,0,40.66616532,-111.9216011,49035.0,553.3260314864142,1.3237813424700202,6336,6296,83,0,6213,6182,1152633,125,2,0,123,114
2020-06-09,US,Utah,San Juan,337,5,0,37.62762978,-109.80337140000002,49037.0,2201.463287170107,1.483679525222552,332,333,5,0,328,333,15449,4,0,0,4,0
2020-06-09,US,Utah,Southeast Utah,28,0,0,38.99617072,-110.7013958,0.0,69.60153123368714,0.0,28,26,0,0,26,26,,2,0,0,2,0
2020-06-09,US,Utah,Southwest Utah,655,4,0,37.85447192,-111.4418764,0.0,259.8773220336293,0.6106870229007634,651,637,4,0,633,616,,18,0,0,18,21
2020-06-09,US,Utah,Summit,440,0,0,40.86688146,-110.9535882,49043.0,1044.014711116384,0.0,440,437,0,0,437,434,41933,3,0,0,3,3
2020-06-09,US,Utah,Tooele,153,0,0,40.44862644,-113.1295715,49045.0,211.738330173404,0.0,153,150,0,0,150,148,69907,3,0,0,3,2
2020-06-09,US,Utah,TriCounty,22,0,0,40.12491499,-109.5174415,0.0,38.854155628554274,0.0,22,22,0,0,22,22,,0,0,0,0,0
2020-06-09,US,Utah,Utah,2337,18,0,40.1166722,-111.6657662,49049.0,367.3171076724795,0.7702182284980744,2319,2310,17,0,2293,2261,622213,27,1,0,26,49
2020-06-09,US,Utah,Wasatch,335,2,0,40.33110236,-111.1691419,49051.0,982.6640462292099,0.5970149253731343,333,332,2,0,330,330,33240,3,0,0,3,2
2020-06-09,US,Utah,Weber-Morgan,408,8,0,41.27116049,-111.9145117,0.0,149.81438438405357,1.96078431372549,400,397,8,0,389,387,,11,0,0,11,10
2020-06-09,US,Vermont,Addison,66,2,0,44.03217337,-73.14130877,50001.0,179.4599885798189,3.0303030303030303,64,65,2,0,63,65,36973,1,0,0,1,0
2020-06-09,US,Vermont,Bennington,66,1,0,43.03519828,-73.09048868,50003.0,186.07273752466872,1.5151515151515151,65,66,1,0,65,66,35631,0,0,0,0,0
2020-06-09,US,Vermont,Caledonia,16,0,0,44.46548598,-72.10314651,50005.0,53.34578068215917,0.0,16,16,0,0,16,16,30302,0,0,0,0,0
2020-06-09,US,Vermont,Chittenden,535,39,0,44.46322849,-73.08359212,50007.0,326.6696789478184,7.289719626168225,496,528,39,0,489,520,164572,7,0,0,7,8
2020-06-09,US,Vermont,Essex,3,0,0,44.72736416,-71.73579864,50009.0,48.67759208177836,0.0,3,3,0,0,3,3,6250,0,0,0,0,0
2020-06-09,US,Vermont,Franklin,100,5,0,44.85627605,-72.91249563,50011.0,202.42095461722198,5.0,95,100,5,0,95,100,49421,0,0,0,0,0
2020-06-09,US,Vermont,Grand Isle,7,0,0,44.7975824,-73.29679772,50013.0,96.7519004837595,0.0,7,7,0,0,7,7,7090,0,0,0,0,0
2020-06-09,US,Vermont,Lamoille,29,1,0,44.60353043,-72.64356694,50015.0,114.34429461398943,3.4482758620689653,28,29,1,0,28,29,25300,0,0,0,0,0
2020-06-09,US,Vermont,Orange,9,0,0,44.00470222,-72.37640104,50017.0,31.150491485532328,0.0,9,9,0,0,9,9,28999,0,0,0,0,0
2020-06-09,US,Vermont,Orleans,13,0,0,44.82964024,-72.24562697,50019.0,48.08225764692829,0.0,13,13,0,0,13,10,26907,0,0,0,0,3
2020-06-09,US,Vermont,Rutland,57,1,0,43.57723578,-73.03741676,50021.0,97.95329174614629,1.7543859649122806,56,57,1,0,56,57,58672,0,0,0,0,0
2020-06-09,US,Vermont,Unassigned,5,0,0,0.0,0.0,90050.0,0.0,0.0,5,5,0,0,5,5,,0,0,0,0,0
2020-06-09,US,Vermont,Washington,39,1,0,44.27343241,-72.61604978,50023.0,66.77053193857111,2.5641025641025643,38,39,1,0,38,39,58140,0,0,0,0,0
2020-06-09,US,Vermont,Windham,83,3,0,42.986982,-72.71268875,50025.0,196.57998199990527,3.614457831325301,80,83,3,0,80,82,42756,0,0,0,0,1
2020-06-09,US,Vermont,Windsor,56,2,0,43.58010937,-72.58595157,50027.0,101.70353419781335,3.571428571428572,54,55,2,0,53,55,55286,1,0,0,1,0
2020-06-09,US,Virginia,Accomack,983,13,0,37.76707161,-75.63234615,51001.0,3041.8368609976483,1.3224821973550356,970,983,13,0,970,983,32412,0,0,0,0,0
2020-06-09,US,Virginia,Albemarle,258,8,0,38.02080697,-78.55481085,51003.0,235.98280435379127,3.1007751937984502,250,255,8,0,247,251,108718,3,0,0,3,4
2020-06-09,US,Virginia,Alexandria,2115,47,0,38.814003,-77.08183073,51510.0,1326.6176581278066,2.2222222222222223,2068,2102,45,0,2057,2095,160530,13,2,0,11,7
2020-06-09,US,Virginia,Alleghany,26,2,0,37.78636074,-80.00222498,51005.0,174.96635262449533,7.6923076923076925,24,26,2,0,24,26,14910,0,0,0,0,0
2020-06-09,US,Virginia,Amelia,33,1,0,37.34081025,-77.98584649,51007.0,251.0460251046025,3.0303030303030303,32,32,1,0,31,31,13013,1,0,0,1,1
2020-06-09,US,Virginia,Amherst,27,0,0,37.60308293,-79.14548696,51009.0,85.42952064546748,0.0,27,27,0,0,27,27,31666,0,0,0,0,0
2020-06-09,US,Virginia,Appomattox,33,0,0,37.37569884,-78.81340003,51011.0,207.40368298661303,0.0,33,33,0,0,33,33,15841,0,0,0,0,0
2020-06-09,US,Virginia,Arlington,2265,122,0,38.8767675,-77.10139853,51013.0,956.3337583705593,5.3863134657836635,2143,2256,122,0,2134,2225,237521,9,0,0,9,31
2020-06-09,US,Virginia,Augusta,137,2,0,38.16404586,-79.12461614,51015.0,181.31766325207127,1.45985401459854,135,136,2,0,134,132,75457,1,0,0,1,4
2020-06-09,US,Virginia,Bedford,81,2,0,37.3080028,-79.5281964,51019.0,102.53553932427812,2.469135802469136,79,79,2,0,77,79,78747,2,0,0,2,0
2020-06-09,US,Virginia,Botetourt,40,4,0,37.55531756,-79.80982182,51023.0,119.69239055627037,10.0,36,40,4,0,36,40,33277,0,0,0,0,0
2020-06-09,US,Virginia,Bristol,4,0,0,36.6163024,-82.16359122,51520.0,23.863500775563768,0.0,4,4,0,0,4,4,16482,0,0,0,0,0
2020-06-09,US,Virginia,Brunswick,41,1,0,36.76366949,-77.8593436,51025.0,252.6030435586224,2.4390243902439024,40,41,1,0,40,39,16384,0,0,0,0,2
2020-06-09,US,Virginia,Buchanan,18,0,0,37.26818323,-82.03749726,51027.0,85.69796229289659,0.0,18,18,0,0,18,18,21221,0,0,0,0,0
2020-06-09,US,Virginia,Buckingham,484,3,0,37.57242268,-78.52518834,51029.0,2822.4865873571257,0.6198347107438017,481,481,3,0,478,481,16999,3,0,0,3,0
2020-06-09,US,Virginia,Buena Vista,13,0,0,37.73484642,-79.35296097,51530.0,200.6792219820932,0.0,13,13,0,0,13,13,6237,0,0,0,0,0
2020-06-09,US,Virginia,Campbell,20,1,0,37.20553386,-79.09678609,51031.0,36.43982873280496,5.0,19,20,1,0,19,20,54973,0,0,0,0,0
2020-06-09,US,Virginia,Caroline,97,3,0,38.02679129,-77.34901405,51033.0,315.7038242473556,3.0927835051546397,94,93,3,0,90,90,30772,4,0,0,4,3
2020-06-09,US,Virginia,Carroll,149,5,0,36.73066666,-80.73455942,51035.0,500.151052331241,3.355704697986577,144,141,4,0,137,130,29636,8,1,0,7,11
2020-06-09,US,Virginia,Charles City,28,2,0,37.35358063,-77.05634116,51036.0,402.12552060893296,7.142857142857142,26,28,2,0,26,28,6941,0,0,0,0,0
2020-06-09,US,Virginia,Charlotte,29,0,0,37.01909701,-78.66314092,51037.0,244.1077441077441,0.0,29,28,0,0,28,28,11938,1,0,0,1,0
2020-06-09,US,Virginia,Charlottesville,141,3,0,38.03527919,-78.48569588,51540.0,298.3116828164008,2.127659574468085,138,139,3,0,136,137,48117,2,0,0,2,2
2020-06-09,US,Virginia,Chesapeake,605,15,0,36.67670048,-76.30545744,51550.0,247.1051932934425,2.479338842975207,590,596,15,0,581,592,242634,9,0,0,9,4
2020-06-09,US,Virginia,Chesterfield,1942,37,0,37.37373208,-77.58680140000001,51041.0,550.4503942721414,1.905252317198764,1905,1866,37,0,1829,1831,348556,76,0,0,76,35
2020-06-09,US,Virginia,Clarke,35,0,0,39.11271747,-77.99199425,51043.0,239.41446063342227,0.0,35,35,0,0,35,33,14523,0,0,0,0,2
2020-06-09,US,Virginia,Colonial Heights,104,17,0,37.26420587,-77.39609676,51570.0,598.7334484743811,16.346153846153847,87,101,17,0,84,98,17833,3,0,0,3,3
2020-06-09,US,Virginia,Covington,4,0,0,37.7824656,-79.98631446,51580.0,72.22824124232575,0.0,4,4,0,0,4,4,5460,0,0,0,0,0
2020-06-09,US,Virginia,Craig,6,0,0,37.48133648,-80.21072274,51045.0,116.93626973299551,0.0,6,6,0,0,6,6,5064,0,0,0,0,0
2020-06-09,US,Virginia,Culpeper,772,8,0,38.48199985,-77.95630870000002,51047.0,1467.541108259671,1.0362694300518134,764,767,8,0,759,764,51859,5,0,0,5,3
2020-06-09,US,Virginia,Cumberland,45,0,0,37.51328851,-78.24398086,51049.0,453.08095046314935,0.0,45,45,0,0,45,41,9809,0,0,0,0,4
2020-06-09,US,Virginia,Danville,60,2,0,36.58022376,-79.40395668,51590.0,149.8351813005694,3.333333333333333,58,60,2,0,58,60,40693,0,0,0,0,0
2020-06-09,US,Virginia,Dinwiddie,99,0,0,37.07544585,-77.63451754,51053.0,346.8329596412556,0.0,99,98,0,0,98,98,28529,1,0,0,1,0
2020-06-09,US,Virginia,Emporia,91,6,0,36.69455571,-77.53406129,51595.0,1702.207257762813,6.593406593406592,85,89,6,0,83,89,5121,2,0,0,2,0
2020-06-09,US,Virginia,Essex,53,0,0,37.93357639,-76.94230311,51057.0,483.88569341732864,0.0,53,53,0,0,53,53,10919,0,0,0,0,0
2020-06-09,US,Virginia,Fairfax,12695,416,0,38.83677558,-77.27565836,51059.0,1106.2872320771885,3.276880661677826,12279,12603,414,0,12189,12455,1150795,92,2,0,90,148
2020-06-09,US,Virginia,Fairfax,12695,416,0,38.83677558,-77.27565836,51059.0,1106.2872320771885,3.276880661677826,12279,12603,414,0,12189,12455,24574,92,2,0,90,148
2020-06-09,US,Virginia,Fairfax City,69,5,0,38.85157547,-77.29779640000002,51600.0,287.27257587743037,7.246376811594202,64,69,5,0,64,69,24574,0,0,0,0,0
2020-06-09,US,Virginia,Falls Church,56,8,0,38.88485255,-77.17560759,51610.0,383.1155503865362,14.285714285714285,48,56,8,0,48,56,14772,0,0,0,0,0
2020-06-09,US,Virginia,Fauquier,365,6,0,38.73564842,-77.80647472,51061.0,512.4820982280756,1.643835616438356,359,363,6,0,357,355,70675,2,0,0,2,8
2020-06-09,US,Virginia,Floyd,8,1,0,36.9302126,-80.36738849,51063.0,50.796875992126495,12.5,7,8,1,0,7,6,15795,0,0,0,0,2
2020-06-09,US,Virginia,Fluvanna,95,6,0,37.84157909,-78.27715475,51065.0,348.36817015034836,6.315789473684211,89,95,6,0,89,94,26783,0,0,0,0,1
2020-06-09,US,Virginia,Franklin,41,1,0,36.99536167,-79.88023649,51067.0,73.15941615217159,2.4390243902439024,40,40,1,0,39,40,56195,1,0,0,1,0
2020-06-09,US,Virginia,Franklin,41,1,0,36.99536167,-79.88023649,51067.0,73.15941615217159,2.4390243902439024,40,40,1,0,39,40,8013,1,0,0,1,0
2020-06-09,US,Virginia,Franklin City,42,2,0,36.6831435,-76.93859681,51620.0,527.1745952052215,4.761904761904762,40,42,2,0,40,42,8013,0,0,0,0,0
2020-06-09,US,Virginia,Frederick,413,4,0,39.20172582,-78.25974949,51069.0,462.4186848499099,0.9685230024213076,409,409,4,0,405,410,88355,4,0,0,4,-1
2020-06-09,US,Virginia,Fredericksburg,193,0,0,38.2977863,-77.4922454,51630.0,664.692106350737,0.0,193,196,0,0,196,208,29144,-3,0,0,-3,-12
2020-06-09,US,Virginia,Galax,148,1,0,36.66601852,-80.91703124,51640.0,2331.810304080668,0.6756756756756757,147,147,1,0,146,147,6423,1,0,0,1,0
2020-06-09,US,Virginia,Giles,5,0,0,37.31234791,-80.70636931,51071.0,29.90430622009569,0.0,5,5,0,0,5,5,16844,0,0,0,0,0
2020-06-09,US,Virginia,Gloucester,33,1,0,37.40809042,-76.53524337,51073.0,88.3581450144586,3.0303030303030303,32,33,1,0,32,32,37349,0,0,0,0,1
2020-06-09,US,Virginia,Goochland,108,6,0,37.71714806,-77.90381514,51075.0,454.67940891676835,5.5555555555555545,102,107,6,0,101,107,23244,1,0,0,1,0
2020-06-09,US,Virginia,Grayson,55,1,0,36.65677234,-81.23215889,51077.0,353.6977491961415,1.818181818181818,54,54,0,0,54,53,15631,1,1,0,0,1
2020-06-09,US,Virginia,Greene,44,1,0,38.29545894,-78.46525378,51079.0,222.00918310711944,2.272727272727273,43,44,1,0,43,43,19779,0,0,0,0,1
2020-06-09,US,Virginia,Greensville,277,7,0,36.67878901,-77.56351439,51081.0,2443.5426958362737,2.527075812274368,270,255,7,0,248,254,11627,22,0,0,22,1
2020-06-09,US,Virginia,Halifax,32,1,0,36.76654925,-78.93512622,51083.0,94.3646604346672,3.125,31,32,1,0,31,32,34120,0,0,0,0,0
2020-06-09,US,Virginia,Hampton,228,4,0,37.03513786,-76.35879121,51650.0,169.50412608727976,1.7543859649122806,224,227,4,0,223,226,134313,1,0,0,1,1
2020-06-09,US,Virginia,Hanover,351,24,0,37.7583355,-77.49464673,51085.0,325.7056956739603,6.837606837606838,327,347,24,0,323,348,107239,4,0,0,4,-1
2020-06-09,US,Virginia,Harrisonburg,837,23,0,38.43542574,-78.87536254,51660.0,1578.7686736079675,2.7479091995221028,814,833,23,0,810,832,54033,4,0,0,4,1
2020-06-09,US,Virginia,Henrico,2146,134,0,37.53460572,-77.39326555,51087.0,648.6950528689491,6.24417520969245,2012,2128,134,0,1994,2096,329261,18,0,0,18,32
2020-06-09,US,Virginia,Henry,174,3,0,36.68542395,-79.87634026,51089.0,344.1659908617996,1.7241379310344829,171,169,3,0,166,166,50953,5,0,0,5,3
2020-06-09,US,Virginia,Highland,3,0,0,38.35799465,-79.56124594,51091.0,136.98630136986299,0.0,3,3,0,0,3,3,2210,0,0,0,0,0
2020-06-09,US,Virginia,Hopewell,118,2,0,37.29186313,-77.29754684,51670.0,523.7693639309334,1.6949152542372878,116,118,2,0,116,116,22596,0,0,0,0,2
2020-06-09,US,Virginia,Isle of Wight,149,8,0,36.90579348,-76.70842863,51093.0,401.5198469374006,5.369127516778524,141,145,3,0,142,142,36953,4,5,0,-1,3
2020-06-09,US,Virginia,James City,224,15,0,37.31156958,-76.76950618,51095.0,292.7224494596396,6.696428571428571,209,217,15,0,202,216,76397,7,0,0,7,1
2020-06-09,US,Virginia,King George,79,4,0,38.26818502,-77.15852768,51099.0,294.38068266507685,5.063291139240507,75,78,4,0,74,78,26575,1,0,0,1,0
2020-06-09,US,Virginia,King William,32,0,0,37.70965316,-77.09384941,51101.0,186.61068346162816,0.0,32,32,0,0,32,32,16939,0,0,0,0,0
2020-06-09,US,Virginia,King and Queen,23,1,0,37.71044922,-76.88689628,51097.0,327.40213523131666,4.3478260869565215,22,24,1,0,23,24,7042,-1,0,0,-1,0
2020-06-09,US,Virginia,Lancaster,10,0,0,37.71889653,-76.46400482,51103.0,94.3129303027445,0.0,10,10,0,0,10,10,10783,0,0,0,0,0
2020-06-09,US,Virginia,Lee,9,0,0,36.70586667,-83.12606515,51105.0,38.42377150663877,0.0,9,10,0,0,10,10,23541,-1,0,0,-1,0
2020-06-09,US,Virginia,Lexington,8,0,0,37.78258621,-79.44262866,51678.0,107.44023636851999,0.0,8,8,0,0,8,8,7136,0,0,0,0,0
2020-06-09,US,Virginia,Loudoun,3174,67,0,39.08990083,-77.63481877,51107.0,767.5231780392613,2.1109010712035285,3107,3147,67,0,3080,3094,406850,27,0,0,27,53
2020-06-09,US,Virginia,Louisa,94,1,0,37.97850256,-77.96274807,51109.0,250.05985475246732,1.0638297872340423,93,94,1,0,93,92,36778,0,0,0,0,2
2020-06-09,US,Virginia,Lunenburg,18,0,0,36.94618528,-78.24133319,51111.0,147.58937356510333,0.0,18,17,0,0,17,17,12086,1,0,0,1,0
2020-06-09,US,Virginia,Lynchburg,89,1,0,37.40021399,-79.19888138,51680.0,108.3146723785415,1.1235955056179776,88,88,1,0,87,88,82126,1,0,0,1,0
2020-06-09,US,Virginia,Madison,41,1,0,38.41531222,-78.28220331,51113.0,309.17728678078583,2.4390243902439024,40,41,1,0,40,41,13295,0,0,0,0,0
2020-06-09,US,Virginia,Manassas,1254,11,0,38.7464321,-77.48509905,51683.0,3052.2088353413656,0.8771929824561403,1243,1248,11,0,1237,1228,41641,6,0,0,6,20
2020-06-09,US,Virginia,Manassas Park,359,6,0,38.77058531,-77.44399307,51685.0,2054.010756379449,1.6713091922005572,353,359,6,0,353,355,17307,0,0,0,0,4
2020-06-09,US,Virginia,Martinsville,50,1,0,36.68212094,-79.86352771,51690.0,398.2794328500877,2.0,49,50,1,0,49,48,12902,0,0,0,0,2
2020-06-09,US,Virginia,Mathews,5,0,0,37.44164146,-76.34098896,51115.0,56.599501924383055,0.0,5,5,0,0,5,5,8802,0,0,0,0,0
2020-06-09,US,Virginia,Mecklenburg,224,24,0,36.67882005,-78.36131056,51117.0,732.3372674665708,10.714285714285714,200,224,23,0,201,224,30650,0,1,0,-1,0
2020-06-09,US,Virginia,Middlesex,14,0,0,37.63191998,-76.55064617,51119.0,132.3001323001323,0.0,14,14,0,0,14,14,10769,0,0,0,0,0
2020-06-09,US,Virginia,Montgomery,95,1,0,37.17746986,-80.37868691,51121.0,96.4124422793931,1.0526315789473684,94,94,1,0,93,91,98985,1,0,0,1,3
2020-06-09,US,Virginia,Nelson,17,0,0,37.78790447,-78.88498513,51125.0,113.86470194239786,0.0,17,17,0,0,17,17,14836,0,0,0,0,0
2020-06-09,US,Virginia,New Kent,45,1,0,37.50694406,-76.99828634,51127.0,194.8811225152657,2.2222222222222223,44,44,1,0,43,44,22391,1,0,0,1,0
2020-06-09,US,Virginia,Newport News,323,10,0,37.08166899,-76.51754109,51700.0,180.22039336030133,3.095975232198142,313,322,10,0,312,320,178626,1,0,0,1,2
2020-06-09,US,Virginia,Norfolk,596,7,0,36.89934014,-76.26420872,51710.0,245.52817394600032,1.174496644295302,589,589,7,0,582,583,244076,7,0,0,7,6
2020-06-09,US,Virginia,Northampton,256,27,0,37.34062933,-75.87751591,51131.0,2186.1656703672074,10.546875,229,255,26,0,229,255,11735,1,1,0,0,0
2020-06-09,US,Virginia,Northumberland,25,1,0,37.89202088,-76.41949732,51133.0,206.69698222405952,4.0,24,25,1,0,24,25,12147,0,0,0,0,0
2020-06-09,US,Virginia,Norton,2,0,0,36.93357076,-82.62750411,51720.0,50.23863350916855,0.0,2,2,0,0,2,2,3968,0,0,0,0,0
2020-06-09,US,Virginia,Nottoway,50,0,0,37.1435975,-78.05065922,51135.0,328.25630252100837,0.0,50,50,0,0,50,48,15420,0,0,0,0,2
2020-06-09,US,Virginia,Orange,118,2,0,38.24530219,-78.01560400000002,51137.0,318.47993306523443,1.6949152542372878,116,117,2,0,115,117,36644,1,0,0,1,0
2020-06-09,US,Virginia,Page,246,24,0,38.61807452,-78.48797204,51139.0,1029.202577190193,9.75609756097561,222,245,24,0,221,244,23933,1,0,0,1,1
2020-06-09,US,Virginia,Patrick,28,0,0,36.6801638,-80.2865648,51141.0,159.01862789641072,0.0,28,28,0,0,28,28,17673,0,0,0,0,0
2020-06-09,US,Virginia,Petersburg,170,3,0,37.20530399,-77.39368102,51730.0,542.3339501052766,1.7647058823529411,167,167,3,0,164,165,31567,3,0,0,3,2
2020-06-09,US,Virginia,Pittsylvania,50,1,0,36.81980341,-79.39731264,51143.0,82.84455048546907,2.0,49,50,1,0,49,50,60949,0,0,0,0,0
2020-06-09,US,Virginia,Poquoson,9,0,0,37.14259351,-76.35798148,51735.0,73.34365577377555,0.0,9,9,0,0,9,9,12190,0,0,0,0,0
2020-06-09,US,Virginia,Portsmouth,351,11,0,36.85914825,-76.35971629,51740.0,371.82991165067057,3.133903133903134,340,343,11,0,332,343,94632,8,0,0,8,0
2020-06-09,US,Virginia,Powhatan,47,0,0,37.55016038,-77.91267882,51145.0,158.50532847699986,0.0,47,47,0,0,47,45,29189,0,0,0,0,2
2020-06-09,US,Virginia,Prince Edward,151,2,0,37.22554789,-78.43597949,51147.0,662.2226120515744,1.3245033112582782,149,151,2,0,149,148,22950,0,0,0,0,3
2020-06-09,US,Virginia,Prince George,153,0,0,37.18497668,-77.22922187,51149.0,398.92576851875987,0.0,153,150,0,0,150,148,38082,3,0,0,3,2
2020-06-09,US,Virginia,Prince William,6336,119,0,38.70916224,-77.48713689,51153.0,1347.124921598435,1.8781565656565655,6217,6278,118,0,6160,6207,468011,58,1,0,57,71
2020-06-09,US,Virginia,Pulaski,28,1,0,37.06474963,-80.71229738,51155.0,82.28759514503189,3.571428571428572,27,28,1,0,27,27,34066,0,0,0,0,1
2020-06-09,US,Virginia,Radford,7,0,0,37.12222899,-80.56027320000003,51750.0,38.35826620636748,0.0,7,7,0,0,7,7,18339,0,0,0,0,0
2020-06-09,US,Virginia,Rappahannock,16,0,0,38.68295619,-78.15826963,51157.0,217.09633649932158,0.0,16,15,0,0,15,17,7252,1,0,0,1,-2
2020-06-09,US,Virginia,Richmond,289,5,0,37.937575,-76.72920628,51159.0,3202.9258561454058,1.7301038062283738,284,293,6,0,287,293,9038,-4,-1,0,-3,0
2020-06-09,US,Virginia,Richmond City,1667,27,0,37.53255773,-77.47966921,51760.0,723.4112725442204,1.6196760647870423,1640,1651,26,0,1625,1621,228783,16,1,0,15,30
2020-06-09,US,Virginia,Roanoke,126,6,0,37.26865804,-80.06396753,51161.0,133.77784384091058,4.761904761904762,120,122,6,0,116,122,94073,4,0,0,4,0
2020-06-09,US,Virginia,Roanoke City,204,10,0,37.27791025,-79.96189766,51770.0,205.76339227176902,4.901960784313727,194,199,10,0,189,197,99920,5,0,0,5,2
2020-06-09,US,Virginia,Rockbridge,19,0,0,37.81204314,-79.44605905,51163.0,84.17135515881806,0.0,19,20,0,0,20,19,22752,-1,0,0,-1,1
2020-06-09,US,Virginia,Rockingham,596,6,0,38.51006137,-78.87260325,51165.0,727.2904768877825,1.0067114093959733,590,589,6,0,583,580,81244,7,0,0,7,9
2020-06-09,US,Virginia,Russell,8,0,0,36.93028320000001,-82.10095486,51167.0,30.091025351688856,0.0,8,8,0,0,8,8,26748,0,0,0,0,0
2020-06-09,US,Virginia,Salem,41,3,0,37.2836193,-80.06219455,51775.0,162.04893087229755,7.317073170731707,38,40,3,0,37,38,25643,1,0,0,1,2
2020-06-09,US,Virginia,Scott,7,2,0,36.71466456,-82.60171704,51169.0,32.458499489937864,28.57142857142857,5,7,2,0,5,7,21534,0,0,0,0,0
2020-06-09,US,Virginia,Shenandoah,487,24,0,38.85905135,-78.56813762,51171.0,1116.562729273661,4.928131416837783,463,484,24,0,460,480,43497,3,0,0,3,4
2020-06-09,US,Virginia,Smyth,15,0,0,36.84455636,-81.53344948,51173.0,49.827265479670466,0.0,15,15,0,0,15,15,30472,0,0,0,0,0
2020-06-09,US,Virginia,Southampton,153,2,0,36.72231125,-77.10642712,51175.0,867.7896886166411,1.30718954248366,151,153,2,0,151,153,17586,0,0,0,0,0
2020-06-09,US,Virginia,Spotsylvania,712,9,0,38.18574462,-77.655399,51177.0,522.7030796901956,1.2640449438202248,703,707,7,0,700,695,134238,5,2,0,3,12
2020-06-09,US,Virginia,Stafford,824,5,0,38.41758738,-77.45917053,51179.0,538.9777737078268,0.6067961165048543,819,815,5,0,810,803,149960,9,0,0,9,12
2020-06-09,US,Virginia,Staunton,58,0,0,38.15965544,-79.05979937,51790.0,232.6327611102198,0.0,58,58,0,0,58,53,24922,0,0,0,0,5
2020-06-09,US,Virginia,Suffolk,325,34,0,36.70155394,-76.63603554,51800.0,352.8466582707257,10.461538461538463,291,325,33,0,292,323,91185,0,1,0,-1,2
2020-06-09,US,Virginia,Surry,10,1,0,37.11781893,-76.88450012,51181.0,155.71473061351602,10.0,9,10,1,0,9,10,6474,0,0,0,0,0
2020-06-09,US,Virginia,Sussex,175,2,0,36.92432914,-77.25791182,51183.0,1568.2408817994447,1.1428571428571428,173,175,2,0,173,175,11237,0,0,0,0,0
2020-06-09,US,Virginia,Tazewell,9,0,0,37.12191123,-81.56685568,51185.0,22.170218007143742,0.0,9,10,0,0,10,10,40855,-1,0,0,-1,0
2020-06-09,US,Virginia,Virginia Beach,815,27,0,36.73285734,-76.04566934,51810.0,181.121575913275,3.312883435582822,788,810,25,0,785,801,450189,5,2,0,3,9
2020-06-09,US,Virginia,Warren,222,4,0,38.90847745,-78.20280433,51187.0,552.7337914550344,1.8018018018018016,218,220,4,0,216,222,40003,2,0,0,2,-2
2020-06-09,US,Virginia,Washington,57,4,0,36.72341572,-81.95666289,51191.0,106.06624488276888,7.0175438596491215,53,57,4,0,53,57,54402,0,0,0,0,0
2020-06-09,US,Virginia,Waynesboro,50,0,0,38.06451466,-78.90293905,51820.0,220.9456473707468,0.0,50,49,0,0,49,49,22628,1,0,0,1,0
2020-06-09,US,Virginia,Westmoreland,83,1,0,38.11021557,-76.80213247,51193.0,460.7271718012767,1.2048192771084338,82,82,1,0,81,81,17830,1,0,0,1,1
2020-06-09,US,Virginia,Williamsburg,48,5,0,37.28131268,-76.70905141,51830.0,320.9843520128394,10.416666666666666,43,46,5,0,41,46,14896,2,0,0,2,0
2020-06-09,US,Virginia,Winchester,238,2,0,39.17054517,-78.17325058,51840.0,847.6387207066031,0.8403361344537815,236,235,2,0,233,232,28108,3,0,0,3,3
2020-06-09,US,Virginia,Wise,27,2,0,36.9746148,-82.62410519,51195.0,72.22534307037958,7.407407407407407,25,27,2,0,25,27,38012,0,0,0,0,0
2020-06-09,US,Virginia,Wythe,38,1,0,36.91582035,-81.07834059,51197.0,132.47803653604797,2.631578947368421,37,36,1,0,35,36,28754,2,0,0,2,0
2020-06-09,US,Virginia,York,86,3,0,37.24374789,-76.54412815,51199.0,125.95196250732279,3.4883720930232562,83,86,3,0,83,86,67846,0,0,0,0,0
2020-06-09,US,Washington,Adams,80,0,0,46.98299757,-118.5601734,53001.0,400.3402892458589,0.0,80,79,0,0,79,79,19759,1,0,0,1,0
2020-06-09,US,Washington,Asotin,19,2,0,46.18894415,-117.2022851,53003.0,84.13780887432469,10.526315789473683,17,19,2,0,17,19,22610,0,0,0,0,0
2020-06-09,US,Washington,Benton,979,67,0,46.23946995,-119.5120834,53005.0,478.9862517735701,6.8437180796731365,912,959,66,0,893,930,201877,20,1,0,19,29
2020-06-09,US,Washington,Chelan,264,6,0,47.87046092,-120.6173956,53007.0,341.9689119170985,2.272727272727273,258,262,6,0,256,262,77036,2,0,0,2,0
2020-06-09,US,Washington,Clallam,27,0,0,48.04754642,-123.9226319,53009.0,34.91484656864647,0.0,27,27,0,0,27,27,76737,0,0,0,0,0
2020-06-09,US,Washington,Clark,571,27,0,45.77568046,-122.4829204,53011.0,116.95044045870786,4.728546409807357,544,566,26,0,540,562,481857,5,1,0,4,4
2020-06-09,US,Washington,Columbia,1,0,0,46.29442881,-117.9051983,53013.0,25.094102885821833,0.0,1,1,0,0,1,1,4059,0,0,0,0,0
2020-06-09,US,Washington,Cowlitz,89,0,0,46.19074721,-122.6782231,53015.0,80.47525611928424,0.0,89,86,0,0,86,81,108987,3,0,0,3,5
2020-06-09,US,Washington,Douglas,178,3,0,47.7361335,-119.692937,53017.0,409.86437633839137,1.6853932584269662,175,178,3,0,175,178,42907,0,0,0,0,0
2020-06-09,US,Washington,Ferry,1,0,0,48.471143100000006,-118.5154041,53019.0,13.111315064901008,0.0,1,1,0,0,1,1,7649,0,0,0,0,0
2020-06-09,US,Washington,Franklin,764,22,0,46.53351425,-118.9018212,53021.0,802.3355947155069,2.8795811518324608,742,746,21,0,725,722,94347,18,1,0,17,24
2020-06-09,US,Washington,Grant,222,4,0,47.20753737,-119.4500749,53025.0,227.14947868171447,1.8018018018018016,218,218,4,0,214,216,97331,4,0,0,4,2
2020-06-09,US,Washington,Grays Harbor,19,0,0,47.14003705,-123.7820567,53027.0,25.31274563355138,0.0,19,19,0,0,19,19,73901,0,0,0,0,0
2020-06-09,US,Washington,Island,181,11,0,48.14713305,-122.5216407,53029.0,212.5885296155789,6.077348066298343,170,182,11,0,171,181,84460,-1,0,0,-1,1
2020-06-09,US,Washington,Jefferson,31,0,0,47.75003077,-123.56097040000002,53031.0,96.21054591725893,0.0,31,31,0,0,31,31,31729,0,0,0,0,0
2020-06-09,US,Washington,King,8529,580,0,47.49137892,-121.8346131,53033.0,378.59855059211236,6.800328291710634,7949,8496,579,0,7917,8457,2233163,33,1,0,32,39
2020-06-09,US,Washington,Kitsap,170,2,0,47.63479026,-122.6436061,53035.0,62.621328824597654,1.1764705882352942,168,165,2,0,163,165,269805,5,0,0,5,0
2020-06-09,US,Washington,Kittitas,90,0,0,47.12521214,-120.679439,53037.0,187.75425054761655,0.0,90,90,0,0,90,89,47364,0,0,0,0,1
2020-06-09,US,Washington,Klickitat,37,3,0,45.87325839,-120.7913598,53039.0,164.9944258639911,8.108108108108109,34,35,3,0,32,33,22107,2,0,0,2,2
2020-06-09,US,Washington,Lewis,37,3,0,46.57756476,-122.3925769,53041.0,45.844846171955346,8.108108108108109,34,37,3,0,34,37,79604,0,0,0,0,0
2020-06-09,US,Washington,Lincoln,2,0,0,47.57705241,-118.4194388,53043.0,18.283206874485785,0.0,2,2,0,0,2,2,10740,0,0,0,0,0
2020-06-09,US,Washington,Mason,39,1,0,47.35007586,-123.1863685,53045.0,58.41121495327103,2.5641025641025643,38,38,1,0,37,38,65507,1,0,0,1,0
2020-06-09,US,Washington,Okanogan,56,1,0,48.54855019,-119.7387224,53047.0,132.56634235257908,1.7857142857142858,55,56,1,0,55,56,42132,0,0,0,0,0
2020-06-09,US,Washington,Pacific,10,1,0,46.55418369,-123.7285716,53049.0,44.50180232299408,10.0,9,9,1,0,8,9,22036,1,0,0,1,0
2020-06-09,US,Washington,Pend Oreille,3,0,0,48.53234021,-117.2741804,53051.0,21.85951617604197,0.0,3,3,0,0,3,3,13602,0,0,0,0,0
2020-06-09,US,Washington,Pierce,2050,87,0,47.03892768,-122.1405958,53053.0,226.5243430794051,4.243902439024391,1963,2040,85,0,1955,2034,891299,10,2,0,8,6
2020-06-09,US,Washington,San Juan,15,0,0,48.60182783,-122.96745,53055.0,85.31452621999773,0.0,15,15,0,0,15,15,17128,0,0,0,0,0
2020-06-09,US,Washington,Skagit,450,15,0,48.48171488,-121.766131,53057.0,348.2837351495685,3.333333333333333,435,450,15,0,435,449,128206,0,0,0,0,1
2020-06-09,US,Washington,Skamania,3,0,0,46.02408726,-121.9164403,53059.0,24.828271124720683,0.0,3,3,0,0,3,3,11924,0,0,0,0,0
2020-06-09,US,Washington,Snohomish,3064,155,0,48.04615983,-121.7170703,53061.0,372.7117578152085,5.058746736292428,2909,3039,153,0,2886,3033,814901,25,2,0,23,6
2020-06-09,US,Washington,Spokane,769,37,0,47.62113146,-117.4046494,53063.0,147.09314113672968,4.811443433029909,732,753,35,0,718,727,514631,16,2,0,14,26
2020-06-09,US,Washington,Stevens,13,1,0,48.40035475,-117.8542701,53065.0,28.43208013472432,7.6923076923076925,12,13,1,0,12,13,45260,0,0,0,0,0
2020-06-09,US,Washington,Thurston,171,4,0,46.9291895,-122.8290656,53067.0,58.856733761048545,2.3391812865497075,167,170,3,0,167,166,286419,1,1,0,0,4
2020-06-09,US,Washington,Unassigned,25,0,0,0.0,0.0,90053.0,0.0,0.0,25,29,0,0,29,32,,-4,0,0,-4,-3
2020-06-09,US,Washington,Wahkiakum,4,0,0,46.29180039999999,-123.4250831,53069.0,89.12655971479502,0.0,4,4,0,0,4,4,4426,0,0,0,0,0
2020-06-09,US,Washington,Walla Walla,117,2,0,46.23040051,-118.4775539,53071.0,192.56089532587228,1.709401709401709,115,116,2,0,114,116,60922,1,0,0,1,0
2020-06-09,US,Washington,Whatcom,420,38,0,48.82227976,-121.7490018,53073.0,183.20850436428833,9.047619047619047,382,419,37,0,382,410,225685,1,1,0,0,9
2020-06-09,US,Washington,Whitman,20,0,0,46.90022523,-117.5241763,53075.0,39.91697269679067,0.0,20,20,0,0,20,20,49791,0,0,0,0,0
2020-06-09,US,Washington,Yakima,4834,104,0,46.45738486,-120.7380126,53077.0,1926.871365192747,2.1514273893256104,4730,4665,101,0,4564,4509,251446,169,3,0,166,156
2020-06-09,US,West Virginia,Barbour,8,1,0,39.1307219,-80.00350858,54001.0,48.65884070312025,12.5,7,8,1,0,7,8,16535,0,0,0,0,0
2020-06-09,US,West Virginia,Berkeley,350,8,0,39.46704621,-78.02414609,54003.0,293.6956138657895,2.2857142857142856,342,347,8,0,339,344,117123,3,0,0,3,3
2020-06-09,US,West Virginia,Boone,16,0,0,38.01974191,-81.69888019,54005.0,74.56774013142564,0.0,16,15,0,0,15,15,21951,1,0,0,1,0
2020-06-09,US,West Virginia,Braxton,2,0,0,38.70036159,-80.72011184,54007.0,14.329727018700293,0.0,2,2,0,0,2,2,14089,0,0,0,0,0
2020-06-09,US,West Virginia,Brooke,5,0,0,40.27367263,-80.57915332,54009.0,22.79046446966589,0.0,5,5,0,0,5,5,22203,0,0,0,0,0
2020-06-09,US,West Virginia,Cabell,70,0,0,38.42424062,-82.23855912,54011.0,76.13247049866769,0.0,70,70,0,0,70,70,93224,0,0,0,0,0
2020-06-09,US,West Virginia,Calhoun,2,0,0,38.84315422,-81.11934872,54013.0,28.133352088901397,0.0,2,2,0,0,2,2,7254,0,0,0,0,0
2020-06-09,US,West Virginia,Clay,7,0,0,38.46231092,-81.07652217,54015.0,82.27550540667606,0.0,7,7,0,0,7,7,8632,0,0,0,0,0
2020-06-09,US,West Virginia,Fayette,54,4,0,38.02974928,-81.08286634,54019.0,127.34047068811016,7.407407407407407,50,54,4,0,50,54,43018,0,0,0,0,0
2020-06-09,US,West Virginia,Gilmer,10,0,0,38.9251277,-80.85952723,54021.0,127.82819890067749,0.0,10,10,0,0,10,10,8026,0,0,0,0,0
2020-06-09,US,West Virginia,Grant,14,0,0,39.10314817,-79.19440518,54023.0,121.02351313969572,0.0,14,14,0,0,14,12,11626,0,0,0,0,2
2020-06-09,US,West Virginia,Greenbrier,9,0,0,37.9463652,-80.45335881,54025.0,25.965033754543878,0.0,9,9,0,0,9,9,34786,0,0,0,0,0
2020-06-09,US,West Virginia,Hampshire,33,1,0,39.32103553,-78.60826476,54027.0,142.39482200647248,3.0303030303030303,32,33,1,0,32,33,23347,0,0,0,0,0
2020-06-09,US,West Virginia,Hancock,20,0,0,40.51943859,-80.57461608,54029.0,69.42034015966678,0.0,20,20,0,0,20,20,29094,0,0,0,0,0
2020-06-09,US,West Virginia,Hardy,40,0,0,39.00683177,-78.85855301,54031.0,290.36004645760744,0.0,40,40,0,0,40,40,13775,0,0,0,0,0
2020-06-09,US,West Virginia,Harrison,40,1,0,39.2853852,-80.37919577,54033.0,59.47424765076722,2.5,39,40,1,0,39,40,67554,0,0,0,0,0
2020-06-09,US,West Virginia,Jackson,141,18,0,38.84263974,-81.68148753,54035.0,493.4210526315789,12.76595744680851,123,140,18,0,122,138,28706,1,0,0,1,2
2020-06-09,US,West Virginia,Jefferson,204,4,0,39.30776166,-77.86014147,54037.0,356.98036607986563,1.96078431372549,200,204,4,0,200,204,56811,0,0,0,0,0
2020-06-09,US,West Virginia,Kanawha,241,19,0,38.33860077,-81.52857054,54039.0,135.29900518739757,7.883817427385892,222,242,19,0,223,237,180454,-1,0,0,-1,5
2020-06-09,US,West Virginia,Lewis,8,1,0,38.9947249,-80.49988181,54041.0,50.292324134029045,12.5,7,8,1,0,7,8,16024,0,0,0,0,0
2020-06-09,US,West Virginia,Lincoln,5,0,0,38.172154,-82.07017953,54043.0,24.498995541182808,0.0,5,5,0,0,5,5,20599,0,0,0,0,0
2020-06-09,US,West Virginia,Logan,20,1,0,37.8299889,-81.93528571,54045.0,62.462912645616655,5.0,19,20,1,0,19,20,32607,0,0,0,0,0
2020-06-09,US,West Virginia,Marion,53,2,0,39.50984542,-80.24244659,54049.0,94.5213297189328,3.7735849056603774,51,53,2,0,51,53,56097,0,0,0,0,0
2020-06-09,US,West Virginia,Marshall,32,0,0,39.86064362,-80.66591062,54051.0,104.81150306246109,0.0,32,32,0,0,32,31,30785,0,0,0,0,1
2020-06-09,US,West Virginia,Mason,15,0,0,38.77071799,-82.02524219,54053.0,56.569618343641565,0.0,15,15,0,0,15,15,26718,0,0,0,0,0
2020-06-09,US,West Virginia,McDowell,6,0,0,37.38002939,-81.65083669,54047.0,34.04448479346346,0.0,6,6,0,0,6,6,18223,0,0,0,0,0
2020-06-09,US,West Virginia,Mercer,13,0,0,37.40481169,-81.11023142,54055.0,22.124646856598247,0.0,13,13,0,0,13,13,59131,0,0,0,0,0
2020-06-09,US,West Virginia,Mineral,50,1,0,39.41561583,-78.94104895,54057.0,186.09498287926158,2.0,49,50,1,0,49,50,26940,0,0,0,0,0
2020-06-09,US,West Virginia,Mingo,9,1,0,37.73048351,-82.13338365,54059.0,38.42213114754097,11.111111111111109,8,9,1,0,8,8,23785,0,0,0,0,1
2020-06-09,US,West Virginia,Monongalia,141,5,0,39.63218457,-80.04766838,54061.0,133.50755595955005,3.5460992907801416,136,141,5,0,136,141,106420,0,0,0,0,0
2020-06-09,US,West Virginia,Monroe,8,0,0,37.56274716,-80.54577965,54063.0,60.263653483992464,0.0,8,8,0,0,8,8,13280,0,0,0,0,0
2020-06-09,US,West Virginia,Morgan,19,0,0,39.55439028,-78.26311676,54065.0,106.24021471706553,0.0,19,19,0,0,19,19,17787,0,0,0,0,0
2020-06-09,US,West Virginia,Nicholas,7,1,0,38.29617706,-80.79759588,54067.0,28.576094056172444,14.285714285714285,6,7,1,0,6,8,24842,0,0,0,0,-1
2020-06-09,US,West Virginia,Ohio,51,1,0,40.0955451,-80.62203992,54069.0,123.15568327256042,1.96078431372549,50,50,1,0,49,48,41755,1,0,0,1,2
2020-06-09,US,West Virginia,Pendleton,13,1,0,38.68314479,-79.35084086,54071.0,186.5403931697517,7.6923076923076925,12,13,1,0,12,13,6997,0,0,0,0,0
2020-06-09,US,West Virginia,Pleasants,4,0,0,39.37091679,-81.16771771,54073.0,53.61930294906166,0.0,4,4,0,0,4,4,7507,0,0,0,0,0
2020-06-09,US,West Virginia,Pocahontas,21,0,0,38.32758728,-80.00993811,54075.0,254.63805020007274,0.0,21,21,0,0,21,21,8414,0,0,0,0,0
2020-06-09,US,West Virginia,Preston,24,2,0,39.46770987,-79.66712803,54077.0,71.78750897343862,8.333333333333334,22,24,2,0,22,24,33839,0,0,0,0,0
2020-06-09,US,West Virginia,Putnam,40,0,0,38.50782345,-81.9082131,54079.0,70.859167404783,0.0,40,40,0,0,40,39,56682,0,0,0,0,1
2020-06-09,US,West Virginia,Raleigh,18,0,0,37.76936795,-81.2456041,54081.0,24.53619770722864,0.0,18,18,0,0,18,18,74254,0,0,0,0,0
2020-06-09,US,West Virginia,Randolph,137,0,0,38.769899,-79.87919615,54083.0,477.43509322181563,0.0,137,134,0,0,134,132,28823,3,0,0,3,2
2020-06-09,US,West Virginia,Ritchie,1,0,0,39.18094587,-81.06356878,54085.0,10.466820180029307,0.0,1,1,0,0,1,1,9721,0,0,0,0,0
2020-06-09,US,West Virginia,Roane,10,1,0,38.71622686,-81.35243568,54087.0,73.05669199298656,10.0,9,10,1,0,9,10,13932,0,0,0,0,0
2020-06-09,US,West Virginia,Summers,1,0,0,37.65390597,-80.86009693,54089.0,7.953551260637875,0.0,1,1,0,0,1,1,12760,0,0,0,0,0
2020-06-09,US,West Virginia,Taylor,9,0,0,39.33602617,-80.0421439,54091.0,53.908355795148246,0.0,9,9,0,0,9,9,16862,0,0,0,0,0
2020-06-09,US,West Virginia,Tucker,6,0,0,39.11240885,-79.57053576,54093.0,87.73212457961691,0.0,6,6,0,0,6,6,6955,0,0,0,0,0
2020-06-09,US,West Virginia,Tyler,3,0,0,39.46811972,-80.88772676,54095.0,34.920265394016994,0.0,3,3,0,0,3,3,8746,0,0,0,0,0
2020-06-09,US,West Virginia,Upshur,7,0,0,38.89285061,-80.23689136,54097.0,28.95433487756453,0.0,7,7,0,0,7,7,24415,0,0,0,0,0
2020-06-09,US,West Virginia,Wayne,103,9,0,38.14901357,-82.42287994,54099.0,261.408050352774,8.737864077669903,94,103,9,0,94,103,39944,0,0,0,0,0
2020-06-09,US,West Virginia,Wetzel,9,0,0,39.6065771,-80.64016540000001,54103.0,59.741121805509465,0.0,9,9,0,0,9,9,15270,0,0,0,0,0
2020-06-09,US,West Virginia,Wirt,4,0,0,39.02775007,-81.37473928,54105.0,68.7167153410067,0.0,4,4,0,0,4,4,5830,0,0,0,0,0
2020-06-09,US,West Virginia,Wood,53,2,0,39.20967886,-81.5162836,54107.0,63.45937402715583,3.7735849056603774,51,53,2,0,51,54,84203,0,0,0,0,-1
2020-06-09,US,West Virginia,Wyoming,3,0,0,37.612327,-81.54511071,54109.0,14.710208884966164,0.0,3,3,0,0,3,3,20786,0,0,0,0,0
2020-06-09,US,Wisconsin,Adams,6,1,0,43.96974651,-89.76782777,55001.0,29.67359050445104,16.666666666666668,5,5,1,0,4,5,20348,1,0,0,1,0
2020-06-09,US,Wisconsin,Ashland,3,0,0,46.31956891,-90.67837132,55003.0,19.27772779848349,0.0,3,3,0,0,3,3,15600,0,0,0,0,0
2020-06-09,US,Wisconsin,Barron,20,0,0,45.42372701,-91.84833627,55005.0,44.204756431792056,0.0,20,20,0,0,20,20,45164,0,0,0,0,0
2020-06-09,US,Wisconsin,Bayfield,3,1,0,46.52868768,-91.19716729,55007.0,19.952114924181963,33.333333333333336,2,3,1,0,2,3,15042,0,0,0,0,0
2020-06-09,US,Wisconsin,Brown,2399,38,0,44.4526553,-88.00411844,55009.0,906.8503300043093,1.5839933305543976,2361,2377,38,0,2339,2377,263378,22,0,0,22,0
2020-06-09,US,Wisconsin,Buffalo,6,2,0,44.37835084,-91.75332578,55011.0,46.04404880669172,33.333333333333336,4,6,2,0,4,6,13125,0,0,0,0,0
2020-06-09,US,Wisconsin,Burnett,1,1,0,45.86303537,-92.36711412,55013.0,6.487608667445179,100.0,0,1,1,0,0,1,15392,0,0,0,0,0
2020-06-09,US,Wisconsin,Calumet,81,1,0,44.0816316,-88.21780273,55015.0,161.71215236878356,1.2345679012345678,80,81,1,0,80,80,50159,0,0,0,0,1
2020-06-09,US,Wisconsin,Chippewa,59,0,0,45.06939744,-91.28068855,55017.0,91.24934269541279,0.0,59,59,0,0,59,59,64135,0,0,0,0,0
2020-06-09,US,Wisconsin,Clark,45,4,0,44.73483377,-90.61207486,55019.0,129.40702823948928,8.888888888888891,41,42,4,0,38,42,34709,3,0,0,3,0
2020-06-09,US,Wisconsin,Columbia,47,1,0,43.46492199,-89.33589004,55021.0,81.69366613362997,2.127659574468085,46,46,1,0,45,46,57358,1,0,0,1,0
2020-06-09,US,Wisconsin,Crawford,26,0,0,43.23870316,-90.93073686,55023.0,161.18033599900812,0.0,26,26,0,0,26,26,16291,0,0,0,0,0
2020-06-09,US,Wisconsin,Dane,871,30,0,43.06601594,-89.41733797,55025.0,159.32101080126944,3.444316877152698,841,856,29,0,827,843,542364,15,1,0,14,13
2020-06-09,US,Wisconsin,Dodge,406,4,0,43.41576662,-88.70928178,55027.0,462.20926923120714,0.9852216748768472,402,400,4,0,396,400,87847,6,0,0,6,0
2020-06-09,US,Wisconsin,Door,39,3,0,44.95856458,-87.30002707,55029.0,140.95706231025008,7.6923076923076925,36,39,3,0,36,39,27610,0,0,0,0,0
2020-06-09,US,Wisconsin,Douglas,20,0,0,46.43222285,-91.91595768,55031.0,46.349942062572424,0.0,20,20,0,0,20,20,43208,0,0,0,0,0
2020-06-09,US,Wisconsin,Dunn,29,0,0,44.94562799,-91.8962481,55033.0,63.921706929994706,0.0,29,29,0,0,29,27,45131,0,0,0,0,2
2020-06-09,US,Wisconsin,Eau Claire,124,0,0,44.726614,-91.28609183,55035.0,118.49473462913059,0.0,124,124,0,0,124,123,104534,0,0,0,0,1
2020-06-09,US,Wisconsin,Florence,2,0,0,45.84963535,-88.39804137,55037.0,46.56577415599534,0.0,2,2,0,0,2,2,4321,0,0,0,0,0
2020-06-09,US,Wisconsin,Fond du Lac,241,6,0,43.75354908,-88.48885325,55039.0,233.06867305590748,2.489626556016597,235,239,6,0,233,233,103066,2,0,0,2,6
2020-06-09,US,Wisconsin,Forest,34,2,0,45.66678019,-88.77084892,55041.0,377.6099511328298,5.882352941176472,32,33,2,0,31,33,8991,1,0,0,1,0
2020-06-09,US,Wisconsin,Grant,99,12,0,42.8671731,-90.7063218,55043.0,192.46097319154728,12.12121212121212,87,98,12,0,86,98,51554,1,0,0,1,0
2020-06-09,US,Wisconsin,Green,71,0,0,42.6794956,-89.60243287,55045.0,192.0995670995671,0.0,71,71,0,0,71,71,36929,0,0,0,0,0
2020-06-09,US,Wisconsin,Green Lake,23,0,0,43.80025981,-89.04679553,55047.0,121.60947496431028,0.0,23,23,0,0,23,22,18918,0,0,0,0,1
2020-06-09,US,Wisconsin,Iowa,16,0,0,43.00050278,-90.13469017,55049.0,67.57327476982853,0.0,16,17,0,0,17,17,23771,-1,0,0,-1,0
2020-06-09,US,Wisconsin,Iron,2,1,0,46.26302338,-90.24295041,55051.0,35.16792685071215,50.0,1,2,1,0,1,2,5676,0,0,0,0,0
2020-06-09,US,Wisconsin,Jackson,19,1,0,44.31864893,-90.80566792,55053.0,92.04088553020394,5.2631578947368425,18,20,1,0,19,19,20478,-1,0,0,-1,1
2020-06-09,US,Wisconsin,Jefferson,134,3,0,43.02054068,-88.77529134,55055.0,158.0766553810945,2.238805970149253,131,130,3,0,127,128,85129,4,0,0,4,2
2020-06-09,US,Wisconsin,Juneau,23,1,0,43.92456975,-90.11120239,55057.0,86.18428448308167,4.3478260869565215,22,23,1,0,22,23,26617,0,0,0,0,0
2020-06-09,US,Wisconsin,Kenosha,1295,36,0,42.57639354,-88.04051686,55059.0,763.7369442265614,2.7799227799227797,1259,1286,34,0,1252,1274,169290,9,2,0,7,12
2020-06-09,US,Wisconsin,Kewaunee,37,1,0,44.51727459,-87.61468386,55061.0,181.0707644122541,2.702702702702702,36,36,1,0,35,36,20383,1,0,0,1,0
2020-06-09,US,Wisconsin,La Crosse,77,0,0,43.90632465,-91.11451093,55063.0,65.24539045553145,0.0,77,70,0,0,70,69,118230,7,0,0,7,1
2020-06-09,US,Wisconsin,Lafayette,35,0,0,42.66005229,-90.1317729,55065.0,210.02100210021,0.0,35,33,0,0,33,33,16665,2,0,0,2,0
2020-06-09,US,Wisconsin,Langlade,5,0,0,45.26271619,-89.07483625,55067.0,26.05659492417531,0.0,5,8,0,0,8,4,19268,-3,0,0,-3,4
2020-06-09,US,Wisconsin,Lincoln,7,0,0,45.33737523,-89.73411273,55069.0,25.3687529445874,0.0,7,7,0,0,7,7,27689,0,0,0,0,0
2020-06-09,US,Wisconsin,Manitowoc,40,1,0,44.11946801,-87.80928853,55071.0,50.64509185753536,2.5,39,40,1,0,39,39,79074,0,0,0,0,1
2020-06-09,US,Wisconsin,Marathon,66,1,0,44.89792533,-89.75863384,55073.0,48.639566076113546,1.5151515151515151,65,64,1,0,63,64,135428,2,0,0,2,0
2020-06-09,US,Wisconsin,Marinette,37,3,0,45.38553432,-88.03324599999998,55075.0,91.69764560099131,8.108108108108109,34,36,3,0,33,36,40434,1,0,0,1,0
2020-06-09,US,Wisconsin,Marquette,6,1,0,43.81911946,-89.40073763,55077.0,38.52574804160781,16.666666666666668,5,5,1,0,4,5,15434,1,0,0,1,0
2020-06-09,US,Wisconsin,Menominee,3,0,0,45.00422544,-88.70950714,55078.0,65.84723441615452,0.0,3,3,0,0,3,3,4658,0,0,0,0,0
2020-06-09,US,Wisconsin,Milwaukee,8973,331,0,43.00486062,-87.96733172,55079.0,948.7948940813724,3.688844310709908,8642,8900,325,0,8575,8813,948201,73,6,0,67,87
2020-06-09,US,Wisconsin,Monroe,19,1,0,43.94641218,-90.618819,55081.0,41.078416535143674,5.2631578947368425,18,19,1,0,18,19,46051,0,0,0,0,0
2020-06-09,US,Wisconsin,Oconto,42,0,0,45.02715345,-88.26807503,55083.0,110.73029264434484,0.0,42,42,0,0,42,42,37830,0,0,0,0,0
2020-06-09,US,Wisconsin,Oneida,13,0,0,45.70677897,-89.51944105,55085.0,36.52198342463829,0.0,13,13,0,0,13,12,35470,0,0,0,0,1
2020-06-09,US,Wisconsin,Outagamie,289,8,0,44.41578887,-88.46565023,55087.0,153.81749474412536,2.7681660899653977,281,277,8,0,269,270,187365,12,0,0,12,7
2020-06-09,US,Wisconsin,Ozaukee,184,13,0,43.38352225,-87.94625009,55089.0,206.2294751235696,7.065217391304348,171,184,13,0,171,183,89147,0,0,0,0,1
2020-06-09,US,Wisconsin,Pepin,1,0,0,44.58307413,-91.99949611,55091.0,13.723068478111706,0.0,1,1,0,0,1,1,7289,0,0,0,0,0
2020-06-09,US,Wisconsin,Pierce,51,0,0,44.71850291,-92.4224416,55093.0,119.28708424942695,0.0,51,50,0,0,50,50,42555,1,0,0,1,0
2020-06-09,US,Wisconsin,Polk,34,1,0,45.46130348,-92.44182875,55095.0,77.65571112075462,2.9411764705882355,33,33,1,0,32,33,43598,1,0,0,1,0
2020-06-09,US,Wisconsin,Portage,39,0,0,44.47558711,-89.50152965,55097.0,55.10653930933138,0.0,39,35,0,0,35,35,70942,4,0,0,4,0
2020-06-09,US,Wisconsin,Price,2,0,0,45.68051754,-90.3609888,55099.0,14.980151299528124,0.0,2,2,0,0,2,2,13397,0,0,0,0,0
2020-06-09,US,Wisconsin,Racine,1939,51,0,42.74753117,-88.05941254,55101.0,987.7184671261417,2.630221763795771,1888,1911,47,0,1864,1910,196584,28,4,0,24,1
2020-06-09,US,Wisconsin,Richland,14,4,0,43.3762778,-90.43012729,55103.0,81.1500115928588,28.57142857142857,10,14,4,0,10,14,17377,0,0,0,0,0
2020-06-09,US,Wisconsin,Rock,714,21,0,42.67151616,-89.07147900000002,55105.0,437.08755218727424,2.9411764705882355,693,707,21,0,686,685,163129,7,0,0,7,22
2020-06-09,US,Wisconsin,Rusk,5,0,0,45.47498854,-91.1333012,55107.0,35.265904923120324,0.0,5,5,0,0,5,5,14147,0,0,0,0,0
2020-06-09,US,Wisconsin,Sauk,84,3,0,43.42574087,-89.94966132,55111.0,130.3497718878992,3.571428571428572,81,83,3,0,80,83,64249,1,0,0,1,0
2020-06-09,US,Wisconsin,Sawyer,9,0,0,45.87931905,-91.14504927,55113.0,54.35439062688731,0.0,9,8,0,0,8,8,16489,1,0,0,1,0
2020-06-09,US,Wisconsin,Shawano,60,0,0,44.78902246,-88.76443896,55115.0,146.70285337049802,0.0,60,57,0,0,57,56,40796,3,0,0,3,1
2020-06-09,US,Wisconsin,Sheboygan,118,3,0,43.72099677,-87.94579284,55117.0,102.30622507369516,2.5423728813559316,115,114,3,0,111,114,115456,4,0,0,4,0
2020-06-09,US,Wisconsin,St. Croix,107,0,0,45.03437474,-92.45000068,55109.0,117.98824528322693,0.0,107,106,0,0,106,105,89694,1,0,0,1,1
2020-06-09,US,Wisconsin,Taylor,2,0,0,45.21179252,-90.5004405,55119.0,9.83139163348572,0.0,2,2,0,0,2,2,20412,0,0,0,0,0
2020-06-09,US,Wisconsin,Trempealeau,43,0,0,44.30360275,-91.35893614,55121.0,145.03018651556545,0.0,43,42,0,0,42,40,29442,1,0,0,1,2
2020-06-09,US,Wisconsin,Vernon,22,0,0,43.59422667,-90.8324691,55123.0,71.37758743754459,0.0,22,21,0,0,21,21,30785,1,0,0,1,0
2020-06-09,US,Wisconsin,Vilas,8,0,0,46.05467334,-89.51719204,55125.0,36.044154088758724,0.0,8,8,0,0,8,8,21938,0,0,0,0,0
2020-06-09,US,Wisconsin,Walworth,452,17,0,42.66858202,-88.54163073,55127.0,435.16771286633036,3.761061946902655,435,440,17,0,423,435,103718,12,0,0,12,5
2020-06-09,US,Wisconsin,Washburn,3,0,0,45.89838588,-91.79050449,55129.0,19.083969465648856,0.0,3,3,0,0,3,3,15878,0,0,0,0,0
2020-06-09,US,Wisconsin,Washington,281,10,0,43.36863664,-88.22974712,55131.0,206.56600555743415,3.5587188612099645,271,279,9,0,270,277,135693,2,1,0,1,2
2020-06-09,US,Wisconsin,Waukesha,829,34,0,43.01833055,-88.30431188,55133.0,205.09750171945439,4.101326899879373,795,823,33,0,790,808,403072,6,1,0,5,15
2020-06-09,US,Wisconsin,Waupaca,58,1,0,44.47068056,-88.96534501,55135.0,113.74779368503627,1.7241379310344829,57,58,1,0,57,57,51128,0,0,0,0,1
2020-06-09,US,Wisconsin,Waushara,13,0,0,44.11324419,-89.24317107,55137.0,53.184960929509465,0.0,13,10,0,0,10,10,24263,3,0,0,3,0
2020-06-09,US,Wisconsin,Winnebago,431,7,0,44.06886922,-88.64477096,55139.0,250.71695742465405,1.6241299303944317,424,397,7,0,390,385,171020,34,0,0,34,12
2020-06-09,US,Wisconsin,Wood,12,1,0,44.45537896,-90.04158336,55141.0,16.438581350429462,8.333333333333334,11,11,1,0,10,11,73055,1,0,0,1,0
2020-06-09,US,Wyoming,Albany,26,0,0,41.65498705,-105.7235415,56001.0,66.87242798353911,0.0,26,26,0,0,26,26,38601,0,0,0,0,0
2020-06-09,US,Wyoming,Big Horn,9,0,0,44.52405055,-107.9960365,56003.0,76.33587786259542,0.0,9,8,0,0,8,8,11881,1,0,0,1,0
2020-06-09,US,Wyoming,Campbell,35,0,0,44.24886082,-105.5474404,56005.0,75.52707106018428,0.0,35,35,0,0,35,32,46140,0,0,0,0,3
2020-06-09,US,Wyoming,Carbon,16,0,0,41.69357844,-106.9326084,56007.0,108.10810810810813,0.0,16,16,0,0,16,16,14971,0,0,0,0,0
2020-06-09,US,Wyoming,Converse,24,0,0,42.97272268,-105.5081848,56009.0,173.63623209376357,0.0,24,24,0,0,24,24,13640,0,0,0,0,0
2020-06-09,US,Wyoming,Crook,5,0,0,44.58855102,-104.5697705,56011.0,65.92827004219409,0.0,5,5,0,0,5,5,7450,0,0,0,0,0
2020-06-09,US,Wyoming,Fremont,295,0,0,43.04183996,-108.6296893,56013.0,751.3817783551108,0.0,295,297,0,0,297,295,39531,-2,0,0,-2,2
2020-06-09,US,Wyoming,Goshen,5,0,0,42.08798185,-104.3534743,56015.0,37.847248505033676,0.0,5,5,0,0,5,5,13376,0,0,0,0,0
2020-06-09,US,Wyoming,Hot Springs,12,0,0,43.71930657,-108.4423174,56017.0,271.92386131883075,0.0,12,12,0,0,12,12,4555,0,0,0,0,0
2020-06-09,US,Wyoming,Johnson,18,1,0,44.04057166,-106.5845174,56019.0,213.14387211367676,5.5555555555555545,17,18,1,0,17,18,8460,0,0,0,0,0
2020-06-09,US,Wyoming,Laramie,188,0,0,41.30702520000001,-104.6887497,56021.0,188.94472361809045,0.0,188,188,0,0,188,188,98976,0,0,0,0,0
2020-06-09,US,Wyoming,Lincoln,15,0,0,42.26376367,-110.6563997,56023.0,75.642965204236,0.0,15,15,0,0,15,15,19434,0,0,0,0,0
2020-06-09,US,Wyoming,Natrona,87,0,0,42.96180148,-106.797885,56025.0,108.94337448971923,0.0,87,87,0,0,87,82,79115,0,0,0,0,5
2020-06-09,US,Wyoming,Niobrara,2,0,0,43.05607708,-104.4758896,56027.0,84.88964346349746,0.0,2,2,0,0,2,2,2388,0,0,0,0,0
2020-06-09,US,Wyoming,Park,2,0,0,44.52157546,-109.5852825,56029.0,6.850722751250258,0.0,2,2,0,0,2,2,29324,0,0,0,0,0
2020-06-09,US,Wyoming,Platte,1,0,0,42.13299116,-104.966331,56031.0,11.914690813773385,0.0,1,1,0,0,1,1,8566,0,0,0,0,0
2020-06-09,US,Wyoming,Sheridan,18,0,0,44.79048913,-106.8862389,56033.0,59.04543217976054,0.0,18,18,0,0,18,18,30233,0,0,0,0,0
2020-06-09,US,Wyoming,Sublette,3,0,0,42.76558279,-109.9130922,56035.0,30.515715593530675,0.0,3,3,0,0,3,3,9813,0,0,0,0,0
2020-06-09,US,Wyoming,Sweetwater,34,0,0,41.65943896,-108.8827882,56037.0,80.29662518007699,0.0,34,33,0,0,33,32,43051,1,0,0,1,1
2020-06-09,US,Wyoming,Teton,100,0,0,43.93522482,-110.5890801,56039.0,426.1847937265599,0.0,100,100,0,0,100,100,23081,0,0,0,0,0
2020-06-09,US,Wyoming,Uinta,35,0,0,41.2878183,-110.54757820000002,56041.0,173.04459606447148,0.0,35,25,0,0,25,23,20299,10,0,0,10,2
2020-06-09,US,Wyoming,Unassigned,0,16,0,0.0,0.0,90056.0,0.0,0.0,-16,0,16,0,-16,0,,0,0,0,0,0
2020-06-09,US,Wyoming,Washakie,39,0,0,43.90451606,-107.68018700000002,56043.0,499.6796925048046,0.0,39,39,0,0,39,39,7885,0,0,0,0,0
2020-06-09,US,Wyoming,Weston,1,0,0,43.83961191,-104.5674881,56045.0,14.436263894903998,0.0,1,1,0,0,1,1,6967,0,0,0,0,0
