Date,Country/Region,Province/State,Admin2,Confirmed,Deaths,Recovered,Latitude,Longitude,FIPS,Incidence_Rate,Case-Fatality_Ratio,Active Cases,Previous Confirmed,Previous Deaths,Previous Recovered,Previous Active,Prev2 Confirmed,Population,Daily Confirmed,Daily Deaths,Daily Recovered,Daily Active,Previous Daily Confirmed
2020-07-17,US,Alabama,Autauga,773,20,0,32.53952745,-86.64408227,1001.0,1383.5937639836045,2.5873221216041395,753,765,19,0,746,743,55601,8,1,0,7,22
2020-07-17,US,Alabama,Baldwin,1669,13,0,30.72774991,-87.72207058,1003.0,747.6459679081144,0.7789095266626722,1656,1579,13,0,1566,1499,218022,90,0,0,90,80
2020-07-17,US,Alabama,Barbour,448,3,0,31.868263,-85.3871286,1005.0,1814.7938102568253,0.6696428571428571,445,444,3,0,441,426,24881,4,0,0,4,18
2020-07-17,US,Alabama,Bibb,251,2,0,32.99642064,-87.12511459999996,1007.0,1120.8359381977316,0.796812749003984,249,243,2,0,241,238,22400,8,0,0,8,5
2020-07-17,US,Alabama,Blount,406,1,0,33.98210918,-86.56790593,1009.0,702.1063189568706,0.24630541871921185,405,395,1,0,394,367,57840,11,0,0,11,28
2020-07-17,US,Alabama,Bullock,388,10,0,32.10030533,-85.71265535,1011.0,3841.2038412038414,2.5773195876288657,378,384,10,0,374,381,10138,4,0,0,4,3
2020-07-17,US,Alabama,Butler,665,32,0,31.75300095,-86.68057478,1013.0,3419.3747429041546,4.81203007518797,633,662,31,0,631,659,19680,3,1,0,2,3
2020-07-17,US,Alabama,Calhoun,703,6,0,33.77483727,-85.82630386,1015.0,618.8107917785309,0.8534850640113798,697,659,6,0,653,642,114277,44,0,0,44,17
2020-07-17,US,Alabama,Chambers,717,32,0,32.91360079,-85.39072749,1017.0,2156.131593191797,4.463040446304045,685,710,32,0,678,699,33615,7,0,0,7,11
2020-07-17,US,Alabama,Cherokee,150,7,0,34.17805983,-85.60638968,1019.0,572.6065048098947,4.666666666666667,143,146,7,0,139,140,26032,4,0,0,4,6
2020-07-17,US,Alabama,Chilton,408,3,0,32.85044126,-86.7173256,1021.0,918.3397857207167,0.7352941176470589,405,387,3,0,384,369,44153,21,0,0,21,18
2020-07-17,US,Alabama,Choctaw,227,12,0,32.02227341,-88.26564429999998,1023.0,1803.1614901898486,5.286343612334802,215,222,12,0,210,221,12841,5,0,0,5,1
2020-07-17,US,Alabama,Clarke,369,6,0,31.68099859,-87.83548597,1025.0,1562.1031242062484,1.6260162601626016,363,352,6,0,346,339,23920,17,0,0,17,13
2020-07-17,US,Alabama,Clay,97,2,0,33.26984193,-85.85836077,1027.0,732.9051756705704,2.061855670103093,95,96,2,0,94,94,13275,1,0,0,1,2
2020-07-17,US,Alabama,Cleburne,67,1,0,33.67679204,-85.52005899,1029.0,449.3628437290409,1.492537313432836,66,63,1,0,62,62,14987,4,0,0,4,1
2020-07-17,US,Alabama,Coffee,493,4,0,31.39932826,-85.98901039,1031.0,941.8822360628177,0.8113590263691683,489,483,4,0,479,473,51909,10,0,0,10,10
2020-07-17,US,Alabama,Colbert,670,8,0,34.69847452,-87.80168544,1033.0,1212.867254394381,1.1940298507462686,662,645,8,0,637,613,54762,25,0,0,25,32
2020-07-17,US,Alabama,Conecuh,270,9,0,31.43401703,-86.99320044,1035.0,2237.5072511809067,3.333333333333333,261,268,8,0,260,255,12277,2,1,0,1,13
2020-07-17,US,Alabama,Coosa,69,1,0,32.93690146,-86.24847739,1037.0,647.0974397449122,1.4492753623188406,68,68,1,0,67,68,10715,1,0,0,1,0
2020-07-17,US,Alabama,Covington,490,16,0,31.247785399999998,-86.45050893,1039.0,1322.572808982699,3.26530612244898,474,478,14,0,464,452,36986,12,2,0,10,26
2020-07-17,US,Alabama,Crenshaw,146,3,0,31.72941803,-86.31593104,1041.0,1060.1219866395586,2.054794520547945,143,145,3,0,142,143,13824,1,0,0,1,2
2020-07-17,US,Alabama,Cullman,760,7,0,34.13020303,-86.86888037,1043.0,907.2676917199884,0.9210526315789472,753,729,6,0,723,713,83442,31,1,0,30,16
2020-07-17,US,Alabama,Dale,490,3,0,31.43037123,-85.61095742,1045.0,996.5020743512567,0.6122448979591837,487,454,3,0,451,428,48956,36,0,0,36,26
2020-07-17,US,Alabama,Dallas,1074,13,0,32.32688101,-87.10866709999998,1047.0,2887.407248091193,1.2104283054003724,1061,1065,12,0,1053,1033,38310,9,1,0,8,32
2020-07-17,US,Alabama,DeKalb,1216,7,0,34.45946862,-85.80782906,1049.0,1700.3901388558725,0.5756578947368421,1209,1185,7,0,1178,1145,71385,31,0,0,31,40
2020-07-17,US,Alabama,Elmore,1165,27,0,32.59785413,-86.14415284,1051.0,1434.5700599687232,2.3175965665236054,1138,1148,26,0,1122,1118,81887,17,1,0,16,30
2020-07-17,US,Alabama,Escambia,590,13,0,31.1256789,-87.15918694,1053.0,1610.5697049108728,2.2033898305084745,577,571,12,0,559,562,36748,19,1,0,18,9
2020-07-17,US,Alabama,Etowah,1236,15,0,34.04567266,-86.04051873,1055.0,1208.589197011773,1.2135922330097086,1221,1175,14,0,1161,1136,102501,61,1,0,60,39
2020-07-17,US,Alabama,Fayette,111,3,0,33.72076938,-87.73886638,1057.0,680.8980493191019,2.702702702702702,108,104,3,0,101,92,16433,7,0,0,7,12
2020-07-17,US,Alabama,Franklin,996,16,0,34.44235334,-87.84289505,1059.0,3175.81786875837,1.606425702811245,980,979,16,0,963,970,31363,17,0,0,17,9
2020-07-17,US,Alabama,Geneva,118,0,0,31.09389027,-85.83572839,1061.0,449.16447794145637,0.0,118,113,0,0,113,110,26314,5,0,0,5,3
2020-07-17,US,Alabama,Greene,212,9,0,32.85504247,-87.95684022,1063.0,2613.734434718284,4.245283018867925,203,209,9,0,200,202,8233,3,0,0,3,7
2020-07-17,US,Alabama,Hale,387,23,0,32.76039258,-87.63284988,1065.0,2641.4579209610265,5.943152454780361,364,383,23,0,360,375,14726,4,0,0,4,8
2020-07-17,US,Alabama,Henry,172,3,0,31.51148016,-85.24267944,1067.0,999.7093868061612,1.7441860465116281,169,167,3,0,164,165,17209,5,0,0,5,2
2020-07-17,US,Alabama,Houston,737,8,0,31.15197924,-85.29939599,1069.0,696.0578757484748,1.0854816824966078,729,708,8,0,700,684,104722,29,0,0,29,24
2020-07-17,US,Alabama,Jackson,540,3,0,34.78144169,-85.99750489,1071.0,1045.9845814124667,0.5555555555555556,537,515,3,0,512,511,51736,25,0,0,25,4
2020-07-17,US,Alabama,Jefferson,8105,182,0,33.55554728,-86.89506300000002,1073.0,1230.6912065936501,2.2455274521900064,7923,7809,181,0,7628,7449,659300,296,1,0,295,360
2020-07-17,US,Alabama,Lamar,114,1,0,33.77995024,-88.09668032,1075.0,825.7877580586743,0.8771929824561403,113,101,1,0,100,96,13844,13,0,0,13,5
2020-07-17,US,Alabama,Lauderdale,701,8,0,34.90171875,-87.65624729,1077.0,755.9663104314723,1.1412268188302426,693,690,7,0,683,664,92387,11,1,0,10,26
2020-07-17,US,Alabama,Lawrence,173,0,0,34.52041498,-87.31069453,1079.0,525.4525574049326,0.0,173,162,0,0,162,159,32957,11,0,0,11,3
2020-07-17,US,Alabama,Lee,1922,38,0,32.60154883,-85.35132246,1081.0,1168.0908217962588,1.977107180020812,1884,1861,37,0,1824,1793,163941,61,1,0,60,68
2020-07-17,US,Alabama,Limestone,787,5,0,34.81185586,-86.98310072,1083.0,795.6326138603853,0.6353240152477764,782,748,4,0,744,725,96174,39,1,0,38,23
2020-07-17,US,Alabama,Lowndes,503,23,0,32.1597283,-86.65158371,1085.0,5171.704709027349,4.572564612326044,480,500,23,0,477,497,9974,3,0,0,3,3
2020-07-17,US,Alabama,Macon,244,10,0,32.38759944,-85.69267724,1087.0,1350.4538410449413,4.0983606557377055,234,240,9,0,231,235,18439,4,1,0,3,5
2020-07-17,US,Alabama,Madison,3148,14,0,34.76327133,-86.55069633,1089.0,844.1737796620622,0.44472681067344333,3134,2973,13,0,2960,2901,366519,175,1,0,174,72
2020-07-17,US,Alabama,Marengo,395,11,0,32.24767634,-87.78796182,1091.0,2094.0465461485446,2.7848101265822787,384,388,11,0,377,381,19066,7,0,0,7,7
2020-07-17,US,Alabama,Marion,385,14,0,34.13697363,-87.88704173,1093.0,1295.9035982362248,3.636363636363636,371,365,14,0,351,355,29763,20,0,0,20,10
2020-07-17,US,Alabama,Marshall,2263,13,0,34.36975964,-86.30486727,1095.0,2338.4380102093537,0.5744586831639417,2250,2206,13,0,2193,2133,96109,57,0,0,57,73
2020-07-17,US,Alabama,Mobile,5713,161,0,30.78472347,-88.20842409,1097.0,1382.5899663609302,2.8181340801680377,5552,5514,158,0,5356,5349,413757,199,3,0,196,165
2020-07-17,US,Alabama,Monroe,303,3,0,31.56729412,-87.36995001,1099.0,1461.4382867891766,0.99009900990099,300,295,3,0,292,283,21067,8,0,0,8,12
2020-07-17,US,Alabama,Montgomery,4855,121,0,32.2206831,-86.20969272,1101.0,2143.620356225109,2.4922760041194643,4734,4806,118,0,4688,4732,225763,49,3,0,46,74
2020-07-17,US,Alabama,Morgan,1577,10,0,34.45500589,-86.85475946,1103.0,1317.6914914061779,0.6341154090044389,1567,1516,7,0,1509,1489,119089,61,3,0,58,27
2020-07-17,US,Alabama,Perry,294,3,0,32.64048341,-87.29770589,1105.0,3294.855990137846,1.020408163265306,291,278,3,0,275,270,9140,16,0,0,16,8
2020-07-17,US,Alabama,Pickens,293,7,0,33.28094866,-88.08818103,1107.0,1470.1455092824888,2.389078498293516,286,286,7,0,279,282,19938,7,0,0,7,4
2020-07-17,US,Alabama,Pike,523,6,0,31.80396383,-85.9408295,1109.0,1579.392402005194,1.147227533460803,517,519,6,0,513,501,33338,4,0,0,4,18
2020-07-17,US,Alabama,Randolph,297,10,0,33.29526734,-85.45708831,1111.0,1307.1032479535252,3.3670033670033668,287,290,10,0,280,286,22725,7,0,0,7,4
2020-07-17,US,Alabama,Russell,857,0,0,32.28725256,-85.18415324,1113.0,1478.5804247683786,0.0,857,811,0,0,811,761,57781,46,0,0,46,50
2020-07-17,US,Alabama,Shelby,2055,27,0,33.26879845,-86.66232561,1117.0,943.9509053660507,1.313868613138686,2028,1972,27,0,1945,1880,215707,83,0,0,83,92
2020-07-17,US,Alabama,St. Clair,738,4,0,33.71902176,-86.31029372,1115.0,824.4704620609527,0.5420054200542005,734,706,4,0,702,671,88690,32,0,0,32,35
2020-07-17,US,Alabama,Sumter,312,13,0,32.59117397,-88.19916205,1119.0,2510.662267643035,4.166666666666667,299,309,13,0,296,306,12691,3,0,0,3,3
2020-07-17,US,Alabama,Talladega,537,8,0,33.37823223,-86.16886178,1121.0,671.434644527245,1.48975791433892,529,507,7,0,500,451,79828,30,1,0,29,56
2020-07-17,US,Alabama,Tallapoosa,678,72,0,32.86698258,-85.79833053,1123.0,1679.5897639160696,10.619469026548671,606,672,72,0,600,662,40497,6,0,0,6,10
2020-07-17,US,Alabama,Tuscaloosa,2994,55,0,33.28726072,-87.52556818,1125.0,1430.1067564662894,1.8370073480293918,2939,2931,54,0,2877,2837,208911,63,1,0,62,94
2020-07-17,US,Alabama,Unassigned,980,33,0,0.0,0.0,90001.0,0.0,3.3673469387755097,947,930,30,0,900,842,,50,3,0,47,88
2020-07-17,US,Alabama,Walker,1202,48,0,33.80270512,-87.30027177,1127.0,1892.287589930889,3.9933444259567383,1154,1160,43,0,1117,1135,63711,42,5,0,37,25
2020-07-17,US,Alabama,Washington,191,9,0,31.4092794,-88.20689944,1129.0,1169.9130221732207,4.712041884816754,182,180,9,0,171,167,16378,11,0,0,11,13
2020-07-17,US,Alabama,Wilcox,337,8,0,31.98773215,-87.30891118,1131.0,3248.819049455317,2.373887240356083,329,334,8,0,326,332,10627,3,0,0,3,2
2020-07-17,US,Alabama,Winston,335,7,0,34.15030532,-87.37325922,1133.0,1417.749375767066,2.08955223880597,328,330,7,0,323,316,23660,5,0,0,5,14
2020-07-17,US,Alaska,Aleutians West,1,0,0,52.3233,-174.1596,2016.0,17.749378771742986,0.0,1,1,0,0,1,1,5723,0,0,0,0,0
2020-07-17,US,Alaska,Anchorage,837,8,0,61.14998174,-149.14269860000005,2020.0,290.625,0.955794504181601,829,815,8,0,807,790,291538,22,0,0,22,25
2020-07-17,US,Alaska,Bethel,16,0,0,60.90980451,-159.8561831,2050.0,87.02273468943761,0.0,16,16,0,0,16,16,18216,0,0,0,0,0
2020-07-17,US,Alaska,Bristol Bay,5,0,0,58.74513976,-156.701064,2060.0,598.0861244019137,0.0,5,5,0,0,5,5,877,0,0,0,0,0
2020-07-17,US,Alaska,Dillingham,1,0,0,59.79603738,-158.23819419999995,2070.0,20.34174125305126,0.0,1,1,0,0,1,,5000,0,0,0,0,
2020-07-17,US,Alaska,Fairbanks North Star,291,2,0,64.80726247,-146.5692662,2090.0,300.46773843818727,0.6872852233676976,289,289,2,0,287,267,98971,2,0,0,2,22
2020-07-17,US,Alaska,Haines,3,0,0,59.09893571,-135.4679843,2100.0,118.57707509881423,0.0,3,3,0,0,3,2,2474,0,0,0,0,1
2020-07-17,US,Alaska,Juneau,56,2,0,58.45031811,-134.200436,2110.0,175.14230312128606,3.571428571428572,54,53,2,0,51,53,32113,3,0,0,3,0
2020-07-17,US,Alaska,Kenai Peninsula,225,2,0,60.24429722,-151.53888840000005,2122.0,383.2527083191388,0.8888888888888888,223,220,2,0,218,209,58533,5,0,0,5,11
2020-07-17,US,Alaska,Ketchikan Gateway,23,0,0,55.57445008,-130.975561,2130.0,165.4557226098842,0.0,23,23,0,0,23,25,13918,0,0,0,0,-2
2020-07-17,US,Alaska,Kodiak Island,5,0,0,57.65529415,-153.7493579,2150.0,38.46745653177412,0.0,5,5,0,0,5,7,13345,0,0,0,0,-2
2020-07-17,US,Alaska,Kusilvak,3,0,0,62.15429159999999,-163.39678830000003,2158.0,36.0837142169834,0.0,3,3,0,0,3,3,8303,0,0,0,0,0
2020-07-17,US,Alaska,Matanuska-Susitna,168,2,0,62.31305045,-149.5741743,2170.0,155.10030743096652,1.1904761904761905,166,162,2,0,160,161,107610,6,0,0,6,1
2020-07-17,US,Alaska,Nome,15,0,0,64.90320724,-164.0353804,2180.0,149.94002399040383,0.0,15,15,0,0,15,15,10008,0,0,0,0,0
2020-07-17,US,Alaska,North Slope,5,0,0,69.31479216,-153.4836093,2185.0,50.854353132628155,0.0,5,5,0,0,5,5,9872,0,0,0,0,0
2020-07-17,US,Alaska,Northwest Arctic,8,0,0,67.04919196,-159.7503946,2188.0,104.97310064296025,0.0,8,8,0,0,8,7,7671,0,0,0,0,1
2020-07-17,US,Alaska,Petersburg,6,1,0,57.13978948,-132.9540995,2195.0,183.71096142069808,16.666666666666668,5,6,1,0,5,6,3221,0,0,0,0,0
2020-07-17,US,Alaska,Prince of Wales-Hyder,2,0,0,55.76261984,-133.0511621,2198.0,32.24246332419797,0.0,2,2,0,0,2,2,6422,0,0,0,0,0
2020-07-17,US,Alaska,Sitka,15,0,0,57.24124555,-135.3206587,2220.0,176.61603673613564,0.0,15,13,0,0,13,13,8647,2,0,0,2,0
2020-07-17,US,Alaska,Southeast Fairbanks,10,0,0,63.87692095,-143.2127643,2240.0,145.07471347744092,0.0,10,10,0,0,10,10,6918,0,0,0,0,0
2020-07-17,US,Alaska,Valdez-Cordova,17,0,0,61.47502768,-144.7126799,2261.0,184.7424472940665,0.0,17,17,0,0,17,15,9164,0,0,0,0,2
2020-07-17,US,Alaska,Wrangell,3,0,0,56.3202004,-132.05837309999998,2275.0,119.90407673860909,0.0,3,3,0,0,3,3,2503,0,0,0,0,0
2020-07-17,US,Alaska,Yukon-Koyukuk,19,0,0,65.50815459,-151.39073869999999,2290.0,363.2887189292543,0.0,19,18,0,0,18,16,5327,1,0,0,1,2
2020-07-17,US,Arizona,Apache,2691,106,0,35.39465006,-109.4892383,4001.0,3743.375019127241,3.9390561129691566,2585,2658,105,0,2553,2644,71818,33,1,0,32,14
2020-07-17,US,Arizona,Cochise,1186,28,0,31.87934684,-109.7516088,4003.0,941.8528930607837,2.360876897133221,1158,1140,27,0,1113,1131,126770,46,1,0,45,9
2020-07-17,US,Arizona,Coconino,2619,105,0,35.83883429,-111.77071780000001,4005.0,1825.3924001226685,4.009163802978236,2514,2581,105,0,2476,2532,142854,38,0,0,38,49
2020-07-17,US,Arizona,Gila,512,16,0,33.80190085,-110.8132779,4007.0,947.8322040801213,3.125,496,482,15,0,467,479,53889,30,1,0,29,3
2020-07-17,US,Arizona,Graham,240,3,0,32.93166885,-109.8882178,4009.0,617.9674022195328,1.25,237,236,3,0,233,221,38072,4,0,0,4,15
2020-07-17,US,Arizona,Greenlee,38,1,0,33.21498827,-109.2405279,4011.0,400.08422825858077,2.631578947368421,37,40,1,0,39,38,9483,-2,0,0,-2,2
2020-07-17,US,Arizona,La Paz,428,7,0,33.72854224,-113.98100290000001,4012.0,2027.667235171499,1.6355140186915889,421,422,7,0,415,422,21098,6,0,0,6,0
2020-07-17,US,Arizona,Maricopa,91863,1374,0,33.34835867,-112.49181540000001,4013.0,2048.038375053005,1.4957055615427322,90489,88954,1311,0,87643,86483,4410824,2909,63,0,2846,2471
2020-07-17,US,Arizona,Mohave,2195,106,0,35.70471703,-113.7577902,4015.0,1034.4941347245983,4.829157175398633,2089,2108,102,0,2006,2045,209550,87,4,0,83,63
2020-07-17,US,Arizona,Navajo,4669,149,0,35.3997715,-110.3218983,4017.0,4209.188273051819,3.1912615121010917,4520,4598,147,0,4451,4529,110445,71,2,0,69,69
2020-07-17,US,Arizona,Pima,13058,367,0,32.0971334,-111.7890033,4019.0,1246.850170775887,2.8105376014703634,12691,12697,360,0,12337,12406,1039073,361,7,0,354,291
2020-07-17,US,Arizona,Pinal,6420,96,0,32.90525627,-111.3449483,4021.0,1387.2412697795326,1.4953271028037385,6324,6243,93,0,6150,6118,447138,177,3,0,174,125
2020-07-17,US,Arizona,Santa Cruz,2270,33,0,31.52508998,-110.8479088,4023.0,4881.930405608843,1.4537444933920705,2237,2251,32,0,2219,2226,46511,19,1,0,18,25
2020-07-17,US,Arizona,Unassigned,0,1,0,0.0,0.0,90004.0,0.0,0.0,-1,0,1,0,-1,,,0,0,0,0,
2020-07-17,US,Arizona,Yavapai,1299,26,0,34.59933926,-112.5538588,4025.0,552.5331881462703,2.0015396458814467,1273,1254,23,0,1231,1229,231993,45,3,0,42,25
2020-07-17,US,Arizona,Yuma,9035,165,0,32.76895712,-113.90666740000002,4027.0,4226.16903740639,1.8262313226342004,8870,8949,160,0,8789,8851,212128,86,5,0,81,98
2020-07-17,US,Arkansas,Arkansas,107,0,0,34.29145151,-91.37277296,5001.0,611.918105913302,0.0,107,98,0,0,98,73,17769,9,0,0,9,25
2020-07-17,US,Arkansas,Ashley,119,3,0,33.19153461,-91.76984709999999,5003.0,605.3823065574604,2.5210084033613445,116,117,3,0,114,114,20046,2,0,0,2,3
2020-07-17,US,Arkansas,Baxter,35,0,0,36.28784385,-92.33782872,5005.0,83.46847276542974,0.0,35,34,0,0,34,34,41619,1,0,0,1,0
2020-07-17,US,Arkansas,Benton,3699,24,0,36.33644656,-94.25680817,5007.0,1325.1367588423054,0.64882400648824,3675,3661,23,0,3638,3598,272608,38,1,0,37,63
2020-07-17,US,Arkansas,Boone,71,1,0,36.3084504,-93.09374925,5009.0,189.6772814703997,1.4084507042253518,70,70,1,0,69,66,37480,1,0,0,1,4
2020-07-17,US,Arkansas,Bradley,88,2,0,33.46755808,-92.15980837,5011.0,817.6159063458142,2.272727272727273,86,87,2,0,85,85,10897,1,0,0,1,2
2020-07-17,US,Arkansas,Calhoun,5,0,0,33.55598792,-92.49974403,5013.0,96.35767970707263,0.0,5,5,0,0,5,4,5277,0,0,0,0,1
2020-07-17,US,Arkansas,Carroll,253,6,0,36.34038560000001,-93.54270261,5015.0,891.4728682170543,2.3715415019762847,247,251,6,0,245,239,28223,2,0,0,2,12
2020-07-17,US,Arkansas,Chicot,248,3,0,33.26458973,-91.29539209,5017.0,2451.0772880015816,1.2096774193548387,245,245,3,0,242,229,10438,3,0,0,3,16
2020-07-17,US,Arkansas,Clark,88,0,0,34.04613432,-93.17484713,5019.0,394.26523297491036,0.0,88,83,0,0,83,80,22061,5,0,0,5,3
2020-07-17,US,Arkansas,Clay,87,3,0,36.36826212,-90.4148172,5021.0,597.8970517490206,3.4482758620689653,84,86,3,0,83,84,14847,1,0,0,1,2
2020-07-17,US,Arkansas,Cleburne,149,5,0,35.53864922,-92.02640019,5023.0,597.9373169067777,3.355704697986577,144,148,4,0,144,138,24965,1,1,0,0,10
2020-07-17,US,Arkansas,Cleveland,41,0,0,33.89723187,-92.18537045,5025.0,515.3343388637506,0.0,41,40,0,0,40,39,8018,1,0,0,1,1
2020-07-17,US,Arkansas,Columbia,124,5,0,33.21230701,-93.22642793,5027.0,528.626849128192,4.032258064516129,119,119,5,0,114,114,23537,5,0,0,5,5
2020-07-17,US,Arkansas,Conway,107,3,0,35.26205537,-92.70506566,5029.0,513.2879209440662,2.803738317757009,104,104,3,0,101,103,20891,3,0,0,3,1
2020-07-17,US,Arkansas,Craighead,682,7,0,35.83018283,-90.63235729,5031.0,618.1343581191312,1.0263929618768328,675,650,7,0,643,626,108558,32,0,0,32,24
2020-07-17,US,Arkansas,Crawford,327,3,0,35.58928601,-94.2446814,5033.0,516.9388368085746,0.9174311926605504,324,310,3,0,307,296,63406,17,0,0,17,14
2020-07-17,US,Arkansas,Crittenden,916,14,0,35.21247318,-90.30839406,5035.0,1910.1240746533206,1.5283842794759823,902,906,14,0,892,893,48342,10,0,0,10,13
2020-07-17,US,Arkansas,Cross,110,1,0,35.29631396,-90.77185818,5037.0,669.9555393142092,0.9090909090909092,109,107,1,0,106,103,16676,3,0,0,3,4
2020-07-17,US,Arkansas,Dallas,20,0,0,33.97042763,-92.65167437,5039.0,285.34741047225,0.0,20,20,0,0,20,14,7182,0,0,0,0,6
2020-07-17,US,Arkansas,Desha,90,1,0,33.83011025,-91.25500948,5041.0,792.1837866385,1.1111111111111112,89,89,1,0,88,86,11512,1,0,0,1,3
2020-07-17,US,Arkansas,Drew,102,2,0,33.59035001,-91.71777921,5043.0,559.8550963280094,1.96078431372549,100,102,2,0,100,98,18328,0,0,0,0,4
2020-07-17,US,Arkansas,Faulkner,869,4,0,35.14719007,-92.33717519,5045.0,689.6442261144223,0.4602991944764097,865,857,4,0,853,830,124806,12,0,0,12,27
2020-07-17,US,Arkansas,Franklin,35,1,0,35.51202821,-93.89299569,5047.0,197.57267852102737,2.8571428571428568,34,35,1,0,34,34,17810,0,0,0,0,1
2020-07-17,US,Arkansas,Fulton,19,0,0,36.38177105,-91.81729127,5049.0,152.2801955598301,0.0,19,18,0,0,18,18,12269,1,0,0,1,0
2020-07-17,US,Arkansas,Garland,423,5,0,34.57692074,-93.14921604,5051.0,425.6132654498621,1.182033096926714,418,394,5,0,389,366,99154,29,0,0,29,28
2020-07-17,US,Arkansas,Grant,74,0,0,34.29017991,-92.42320562,5053.0,405.14645496851904,0.0,74,69,0,0,69,64,18188,5,0,0,5,5
2020-07-17,US,Arkansas,Greene,162,0,0,36.11735460000001,-90.55832668,5055.0,357.4186431329288,0.0,162,158,0,0,158,156,45325,4,0,0,4,2
2020-07-17,US,Arkansas,Hempstead,108,1,0,33.73325583,-93.66935133,5057.0,501.579045142114,0.925925925925926,107,101,1,0,100,96,21741,7,0,0,7,5
2020-07-17,US,Arkansas,Hot Spring,1339,2,0,34.31709259,-92.95396325,5059.0,3964.9403334221665,0.14936519790888722,1337,1310,2,0,1308,1300,33701,29,0,0,29,10
2020-07-17,US,Arkansas,Howard,161,1,0,34.09007427,-93.9934871,5061.0,1219.5121951219512,0.6211180124223602,160,158,1,0,157,157,13341,3,0,0,3,1
2020-07-17,US,Arkansas,Independence,97,0,0,35.74242707,-91.57001641,5063.0,256.4441506939855,0.0,97,93,0,0,93,83,37678,4,0,0,4,10
2020-07-17,US,Arkansas,Izard,28,1,0,36.09604046,-91.90847954,5065.0,205.4442732408834,3.571428571428572,27,26,1,0,25,26,13593,2,0,0,2,0
2020-07-17,US,Arkansas,Jackson,43,0,0,35.59802983,-91.21494602,5067.0,257.1924158143429,0.0,43,43,0,0,43,43,16811,0,0,0,0,0
2020-07-17,US,Arkansas,Jefferson,950,30,0,34.26767081,-91.92619839,5069.0,1421.6449179935348,3.1578947368421053,920,937,29,0,908,917,68114,13,1,0,12,20
2020-07-17,US,Arkansas,Johnson,471,0,0,35.56759135,-93.46036368,5071.0,1772.1423733915271,0.0,471,455,0,0,455,444,26742,16,0,0,16,11
2020-07-17,US,Arkansas,Lafayette,34,2,0,33.24116713,-93.60677071,5073.0,513.2850241545893,5.882352941176472,32,32,2,0,30,32,6682,2,0,0,2,0
2020-07-17,US,Arkansas,Lawrence,129,9,0,36.04188196,-91.10867198,5075.0,786.2976959648909,6.9767441860465125,120,123,9,0,114,121,16434,6,0,0,6,2
2020-07-17,US,Arkansas,Lee,855,6,0,34.78498904,-90.78383866,5077.0,9653.381506153324,0.7017543859649122,849,854,5,0,849,851,8985,1,1,0,0,3
2020-07-17,US,Arkansas,Lincoln,1115,11,0,33.95317155,-91.74002806,5079.0,8561.117936117937,0.9865470852017936,1104,1105,11,0,1094,1052,13383,10,0,0,10,53
2020-07-17,US,Arkansas,Little River,58,1,0,33.70375665,-94.23468591,5081.0,473.121788074068,1.7241379310344829,57,55,1,0,54,54,12326,3,0,0,3,1
2020-07-17,US,Arkansas,Logan,100,0,0,35.21413234,-93.71951016,5083.0,465.8529768005217,0.0,100,97,0,0,97,91,21737,3,0,0,3,6
2020-07-17,US,Arkansas,Lonoke,240,2,0,34.75392199,-91.88742357,5085.0,327.3813583598194,0.8333333333333334,238,234,2,0,232,218,73657,6,0,0,6,16
2020-07-17,US,Arkansas,Madison,226,1,0,36.01038185,-93.72524943,5087.0,1363.4169884169885,0.4424778761061947,225,226,1,0,225,223,16481,0,0,0,0,3
2020-07-17,US,Arkansas,Marion,14,0,0,36.26844485,-92.68451899,5089.0,83.86246555648736,0.0,14,14,0,0,14,14,16722,0,0,0,0,0
2020-07-17,US,Arkansas,Miller,324,2,0,33.31403423,-93.89285258,5091.0,749.0117206463693,0.6172839506172839,322,304,2,0,302,293,43592,20,0,0,20,11
2020-07-17,US,Arkansas,Mississippi,381,4,0,35.76271485,-90.05194370000002,5093.0,937.2463162037834,1.0498687664041997,377,375,4,0,371,357,41239,6,0,0,6,18
2020-07-17,US,Arkansas,Monroe,29,0,0,34.6815935,-91.20540287,5095.0,432.7712281748992,0.0,29,29,0,0,29,26,6900,0,0,0,0,3
2020-07-17,US,Arkansas,Montgomery,12,0,0,34.53704874,-93.65824478,5097.0,133.54106387714222,0.0,12,12,0,0,12,8,8924,0,0,0,0,4
2020-07-17,US,Arkansas,Nevada,116,6,0,33.66340119,-93.30632432,5099.0,1405.7198254968494,5.172413793103448,110,114,3,0,111,112,8326,2,3,0,-1,2
2020-07-17,US,Arkansas,Newton,13,0,0,35.91947491,-93.21612969,5101.0,167.67702824713015,0.0,13,13,0,0,13,13,7805,0,0,0,0,0
2020-07-17,US,Arkansas,Ouachita,41,1,0,33.58839816,-92.87795984,5103.0,175.34855872038318,2.4390243902439024,40,38,0,0,38,37,23606,3,1,0,2,1
2020-07-17,US,Arkansas,Perry,38,0,0,34.945915299999996,-92.94372564,5105.0,363.4624581539933,0.0,38,37,0,0,37,36,10352,1,0,0,1,1
2020-07-17,US,Arkansas,Phillips,193,6,0,34.43268455,-90.84800154,5107.0,1085.3672252839951,3.1088082901554404,187,193,6,0,187,192,18029,0,0,0,0,1
2020-07-17,US,Arkansas,Pike,27,0,0,34.16250414,-93.65789349,5109.0,251.91267027430493,0.0,27,27,0,0,27,23,10673,0,0,0,0,4
2020-07-17,US,Arkansas,Poinsett,83,3,0,35.57433534,-90.66268713,5111.0,352.7711662699762,3.614457831325301,80,82,3,0,79,79,23974,1,0,0,1,3
2020-07-17,US,Arkansas,Polk,98,0,0,34.48254879,-94.22728802,5113.0,490.8835904628331,0.0,98,98,0,0,98,94,20049,0,0,0,0,4
2020-07-17,US,Arkansas,Pope,801,4,0,35.44871474,-93.03212219,5115.0,1250.1560744162814,0.4993757802746567,797,769,4,0,765,729,64000,32,0,0,32,40
2020-07-17,US,Arkansas,Prairie,40,0,0,34.83624419,-91.55162157,5117.0,496.1548002976929,0.0,40,39,0,0,39,39,8074,1,0,0,1,0
2020-07-17,US,Arkansas,Pulaski,3497,69,0,34.77054088,-92.31355101,5119.0,892.2944239891199,1.973119816985988,3428,3425,67,0,3358,3298,392680,72,2,0,70,127
2020-07-17,US,Arkansas,Randolph,92,2,0,36.3415714,-91.02455531,5121.0,512.3064929279429,2.1739130434782608,90,87,2,0,85,83,17948,5,0,0,5,4
2020-07-17,US,Arkansas,Saline,565,3,0,34.64916145,-92.67583224,5125.0,461.4618130140398,0.5309734513274337,562,540,3,0,537,521,121421,25,0,0,25,19
2020-07-17,US,Arkansas,Scott,18,0,0,34.85588887,-94.0632176,5127.0,175.08024511234314,0.0,18,18,0,0,18,18,10319,0,0,0,0,0
2020-07-17,US,Arkansas,Searcy,18,0,0,35.9109364,-92.69936482,5129.0,228.39741149600303,0.0,18,18,0,0,18,17,7958,0,0,0,0,1
2020-07-17,US,Arkansas,Sebastian,1048,9,0,35.19605503,-94.27162713,5131.0,819.8580894490209,0.8587786259541985,1039,1025,8,0,1017,981,127753,23,1,0,22,44
2020-07-17,US,Arkansas,Sevier,842,9,0,33.99780401,-94.2424869,5133.0,4950.9025695301925,1.0688836104513064,833,829,9,0,820,822,17139,13,0,0,13,7
2020-07-17,US,Arkansas,Sharp,77,5,0,36.16258158,-91.47819342,5135.0,441.463134961587,6.493506493506493,72,75,5,0,70,72,17366,2,0,0,2,3
2020-07-17,US,Arkansas,St. Francis,938,3,0,35.02201976,-90.74828138,5123.0,3752.9006961670802,0.31982942430703626,935,931,3,0,928,926,25439,7,0,0,7,5
2020-07-17,US,Arkansas,Stone,24,1,0,35.86251946,-92.15684085,5137.0,191.9078842155765,4.166666666666667,23,24,1,0,23,23,12457,0,0,0,0,1
2020-07-17,US,Arkansas,Unassigned,1099,0,0,0.0,0.0,90005.0,0.0,0.0,1099,1020,0,0,1020,1049,,79,0,0,79,-29
2020-07-17,US,Arkansas,Union,292,14,0,33.16887091,-92.59746952,5139.0,754.8730675766507,4.794520547945205,278,287,14,0,273,284,39126,5,0,0,5,3
2020-07-17,US,Arkansas,Van Buren,37,2,0,35.58095779,-92.51295036,5141.0,223.632517376851,5.405405405405406,35,37,2,0,35,37,16603,0,0,0,0,0
2020-07-17,US,Arkansas,Washington,4913,37,0,35.976844,-94.21800746,5143.0,2054.0413985709924,0.7531040097699979,4876,4860,37,0,4823,4778,236961,53,0,0,53,82
2020-07-17,US,Arkansas,White,167,2,0,35.25688493,-91.74908296,5145.0,212.0554137620154,1.1976047904191616,165,165,2,0,163,157,78727,2,0,0,2,8
2020-07-17,US,Arkansas,Woodruff,16,0,0,35.18902527,-91.2439489,5147.0,253.1645569620253,0.0,16,16,0,0,16,14,6490,0,0,0,0,2
2020-07-17,US,Arkansas,Yell,905,11,0,35.00292371,-93.41171338,5149.0,4240.663511550537,1.2154696132596683,894,901,10,0,891,873,21535,4,1,0,3,28
2020-07-17,US,California,Alameda,8858,161,0,37.64629437,-121.8929271,6001.0,529.9973853143217,1.817566041995936,8697,8627,154,0,8473,8478,1666753,231,7,0,224,149
2020-07-17,US,California,Alpine,2,0,0,38.59678594,-119.82235940000001,6003.0,177.14791851195747,0.0,2,2,0,0,2,2,1101,0,0,0,0,0
2020-07-17,US,California,Amador,51,0,0,38.44583082,-120.65696000000001,6005.0,128.29543167639363,0.0,51,49,0,0,49,48,39383,2,0,0,2,1
2020-07-17,US,California,Butte,522,4,0,39.66727762,-121.6005252,6007.0,238.153896690482,0.7662835249042146,518,487,4,0,483,437,231256,35,0,0,35,50
2020-07-17,US,California,Calaveras,87,0,0,38.20537103,-120.55291299999999,6009.0,189.5218385796754,0.0,87,75,0,0,75,75,45602,12,0,0,12,0
2020-07-17,US,California,Colusa,173,0,0,39.17881957,-122.2331726,6011.0,802.8959948020607,0.0,173,147,0,0,147,140,21627,26,0,0,26,7
2020-07-17,US,California,Contra Costa,5378,96,0,37.91923498,-121.9289527,6013.0,466.2226945903257,1.7850502045370027,5282,5233,93,0,5140,5140,1150215,145,3,0,142,93
2020-07-17,US,California,Del Norte,62,0,0,41.74228275,-123.89740630000001,6015.0,222.9253559614555,0.0,62,62,0,0,62,61,27828,0,0,0,0,1
2020-07-17,US,California,El Dorado,394,0,0,38.77965956,-120.5233166,6017.0,204.311279123432,0.0,394,381,0,0,381,363,190678,13,0,0,13,18
2020-07-17,US,California,Fresno,9565,100,0,36.75733899,-119.6466953,6019.0,957.3606672398488,1.0454783063251438,9465,9124,91,0,9033,8941,994400,441,9,0,432,183
2020-07-17,US,California,Glenn,214,1,0,39.59875897,-122.3938452,6021.0,753.7068995879266,0.4672897196261682,213,200,1,0,199,190,28047,14,0,0,14,10
2020-07-17,US,California,Humboldt,181,4,0,40.69923009,-123.876044,6023.0,133.522182386875,2.209944751381216,177,178,4,0,174,175,136373,3,0,0,3,3
2020-07-17,US,California,Imperial,8397,156,0,33.0393082,-115.36690420000001,6025.0,4633.7223739756655,1.8578063594140763,8241,8310,148,0,8162,8145,181827,87,8,0,79,165
2020-07-17,US,California,Inyo,37,1,0,36.51112084,-117.41119779999998,6027.0,205.11114806807475,2.702702702702702,36,38,1,0,37,37,17987,-1,0,0,-1,1
2020-07-17,US,California,Kern,7233,105,0,35.34329425,-118.72777959999999,6029.0,803.4863286240201,1.4516798009124845,7128,7074,105,0,6969,6921,896764,159,0,0,159,153
2020-07-17,US,California,Kings,3209,41,0,36.07409056,-119.8159973,6031.0,2098.2084477572907,1.277656590838267,3168,3172,41,0,3131,3108,151366,37,0,0,37,64
2020-07-17,US,California,Lake,140,1,0,39.10124298,-122.75362439999999,6033.0,217.43857360295718,0.7142857142857143,139,137,1,0,136,133,64382,3,0,0,3,4
2020-07-17,US,California,Lassen,488,0,0,40.67311306,-120.59350990000002,6035.0,1596.1796356262064,0.0,488,473,0,0,473,444,30802,15,0,0,15,29
2020-07-17,US,California,Los Angeles,150424,4048,0,34.30828379,-118.22824109999999,6037.0,1498.3802842224911,2.6910599372440567,146376,147678,3989,0,143689,143207,10105518,2746,59,0,2687,4471
2020-07-17,US,California,Madera,1179,11,0,37.21513971,-119.76655890000002,6039.0,749.3945730866286,0.9329940627650553,1168,1054,10,0,1044,1054,157672,125,1,0,124,0
2020-07-17,US,California,Marin,4157,41,0,38.07122463,-122.72106310000001,6041.0,1606.0983054252665,0.9862881885975464,4116,4078,41,0,4037,3947,259666,79,0,0,79,131
2020-07-17,US,California,Mariposa,35,1,0,37.57978556,-119.9073334,6043.0,203.4528861245132,2.8571428571428568,34,35,1,0,34,34,17471,0,0,0,0,1
2020-07-17,US,California,Mendocino,177,1,0,39.4381191,-123.39113130000001,6045.0,204.0369341433331,0.5649717514124294,176,165,1,0,164,155,87606,12,0,0,12,10
2020-07-17,US,California,Merced,2403,15,0,37.18922369,-120.72090349999999,6047.0,865.3846153846154,0.6242197253433208,2388,2313,15,0,2298,2260,274765,90,0,0,90,53
2020-07-17,US,California,Mono,65,1,0,37.93899289,-118.8872409,6051.0,450.0138465798948,1.5384615384615383,64,63,1,0,62,54,14250,2,0,0,2,9
2020-07-17,US,California,Monterey,3059,18,0,36.21862405,-121.24133970000001,6053.0,704.73965640774,0.5884275907159202,3041,2983,18,0,2965,2913,435594,76,0,0,76,70
2020-07-17,US,California,Napa,583,5,0,38.50735751,-122.33283899999999,6055.0,423.24892554303636,0.8576329331046312,578,578,4,0,574,561,139417,5,1,0,4,17
2020-07-17,US,California,Nevada,204,1,0,39.30394768,-120.76272809999999,6057.0,204.50102751741767,0.4901960784313725,203,197,1,0,196,185,99696,7,0,0,7,12
2020-07-17,US,California,Orange,28309,469,0,33.70147516,-117.76459979999998,6059.0,891.4277581075243,1.6567169451411212,27840,27904,466,0,27438,27031,3185968,405,3,0,402,873
2020-07-17,US,California,Placer,1235,11,0,39.06167234,-120.72405690000001,6061.0,310.04521388098783,0.8906882591093117,1224,1203,11,0,1192,1167,393149,32,0,0,32,36
2020-07-17,US,California,Plumas,23,0,0,40.00355989,-120.8395236,6063.0,122.29489020045729,0.0,23,22,0,0,22,21,18804,1,0,0,1,1
2020-07-17,US,California,Riverside,28695,587,0,33.74314981,-115.9933578,6065.0,1161.4841415622295,2.045652552709531,28108,28177,585,0,27592,27371,2450758,518,2,0,516,806
2020-07-17,US,California,Sacramento,6511,95,0,38.45106826,-121.34253740000001,6067.0,419.5075184045957,1.4590692673936416,6416,6395,94,0,6301,6174,1540975,116,1,0,115,221
2020-07-17,US,California,San Benito,434,2,0,36.60308176,-121.069975,6069.0,690.9947777353203,0.4608294930875576,432,418,2,0,416,408,61537,16,0,0,16,10
2020-07-17,US,California,San Bernardino,23238,315,0,34.84060306,-116.1774685,6071.0,1065.9217415834703,1.3555383423702556,22923,21468,310,0,21158,21468,2171603,1770,5,0,1765,0
2020-07-17,US,California,San Diego,21855,465,0,33.03484597,-116.73653259999999,6073.0,654.6686516911151,2.127659574468085,21390,21855,465,0,21390,21446,3343364,0,0,0,0,409
2020-07-17,US,California,San Francisco,4975,52,0,37.75215114,-122.43856720000001,6075.0,564.3475291787522,1.0452261306532664,4923,4860,51,0,4809,4696,883305,115,1,0,114,164
2020-07-17,US,California,San Joaquin,7819,83,0,37.93433732,-121.2730061,6077.0,1025.9162262447717,1.061516818007418,7736,7680,81,0,7599,7428,752660,139,2,0,137,252
2020-07-17,US,California,San Luis Obispo,1213,6,0,35.38822029,-120.4039028,6079.0,428.4538573209802,0.49464138499587795,1207,1158,6,0,1152,1112,284010,55,0,0,55,46
2020-07-17,US,California,San Mateo,4403,114,0,37.422880799999994,-122.32755459999998,6081.0,574.3745214089199,2.5891437656143537,4289,4333,114,0,4219,4254,769545,70,0,0,70,79
2020-07-17,US,California,Santa Barbara,4759,32,0,34.65329488,-120.0188492,6083.0,1065.8478518428933,0.6724101702038243,4727,4635,32,0,4603,4412,446527,124,0,0,124,223
2020-07-17,US,California,Santa Clara,7131,177,0,37.23104908,-121.6970462,6085.0,369.8935395455668,2.482120319730753,6954,7046,176,0,6870,6951,1937570,85,1,0,84,95
2020-07-17,US,California,Santa Cruz,736,3,0,37.05580291,-122.0066524,6087.0,269.3868886180379,0.4076086956521739,733,706,3,0,703,602,274255,30,0,0,30,104
2020-07-17,US,California,Shasta,227,7,0,40.76391419,-122.0396884,6089.0,126.05508662816528,3.0837004405286343,220,220,6,0,214,215,180040,7,1,0,6,5
2020-07-17,US,California,Sierra,1,0,0,39.57713498,-120.52007009999998,6091.0,33.277870216306155,0.0,1,1,0,0,1,1,2987,0,0,0,0,0
2020-07-17,US,California,Siskiyou,44,0,0,41.59198861,-122.54074340000001,6093.0,101.05882082730429,0.0,44,44,0,0,44,43,43724,0,0,0,0,1
2020-07-17,US,California,Solano,2554,31,0,38.26827353,-121.9357113,6095.0,570.5439379148116,1.2137823022709475,2523,2483,31,0,2452,2407,446610,71,0,0,71,76
2020-07-17,US,California,Sonoma,2027,19,0,38.52746429,-122.88625060000001,6097.0,410.0449896426722,0.9373458312777504,2008,1979,16,0,1963,1941,499942,48,3,0,45,38
2020-07-17,US,California,Stanislaus,6077,63,0,37.55862499,-120.9970722,6099.0,1103.5847891620965,1.0366957380286326,6014,5777,61,0,5716,5517,549815,300,2,0,298,260
2020-07-17,US,California,Sutter,491,4,0,39.03417539,-121.6945899,6101.0,506.3369460972869,0.8146639511201629,487,471,4,0,467,441,96807,20,0,0,20,30
2020-07-17,US,California,Tehama,134,1,0,40.12570935,-122.23701709999999,6103.0,205.887775797431,0.746268656716418,133,126,1,0,125,126,63916,8,0,0,8,0
2020-07-17,US,California,Trinity,2,0,0,40.64917670000001,-123.114713,6105.0,16.28001628001628,0.0,2,2,0,0,2,2,12535,0,0,0,0,0
2020-07-17,US,California,Tulare,6683,165,0,36.22026558,-118.8020203,6107.0,1433.5203080256115,2.468951069878797,6518,6480,161,0,6319,6332,465861,203,4,0,199,148
2020-07-17,US,California,Tuolumne,85,0,0,38.02644018,-119.95250929999999,6109.0,156.02628584015562,0.0,85,84,0,0,84,80,54539,1,0,0,1,4
2020-07-17,US,California,Ventura,4968,56,0,34.44465746,-119.09106129999999,6111.0,587.229877802285,1.1272141706924317,4912,4968,56,0,4912,4787,850967,0,0,0,0,181
2020-07-17,US,California,Yolo,1101,31,0,38.68278902,-121.90182879999999,6113.0,499.31972789115645,2.8156221616712083,1070,1062,30,0,1032,1023,220408,39,1,0,38,39
2020-07-17,US,California,Yuba,252,3,0,39.26255932,-121.35356440000001,6115.0,320.3335536685819,1.1904761904761905,249,236,3,0,233,221,78041,16,0,0,16,15
2020-07-17,US,Colorado,Adams,5024,161,0,39.87432092,-104.3362578,8001.0,970.9694813314496,3.204617834394905,4863,4972,159,0,4813,4916,511868,52,2,0,50,56
2020-07-17,US,Colorado,Alamosa,207,7,0,37.57250606,-105.7885451,8003.0,1275.1801885048974,3.3816425120772946,200,206,7,0,199,204,16683,1,0,0,1,2
2020-07-17,US,Colorado,Arapahoe,5934,351,0,39.64977461,-104.3353617,8005.0,903.7603375013324,5.915065722952478,5583,5854,351,0,5503,5789,651215,80,0,0,80,65
2020-07-17,US,Colorado,Archuleta,18,0,0,37.19474156,-107.0476867,8007.0,128.30565257680522,0.0,18,15,0,0,15,13,13765,3,0,0,3,2
2020-07-17,US,Colorado,Baca,14,0,0,37.31940883,-102.5603223,8009.0,390.9522479754258,0.0,14,14,0,0,14,14,3585,0,0,0,0,0
2020-07-17,US,Colorado,Bent,5,0,0,37.95474293,-103.0720195,8011.0,89.65393580778195,0.0,5,5,0,0,5,5,5882,0,0,0,0,0
2020-07-17,US,Colorado,Boulder,1619,74,0,40.09313619,-105.3546767,8013.0,496.3273614636599,4.570722668313773,1545,1601,74,0,1527,1578,326078,18,0,0,18,23
2020-07-17,US,Colorado,Broomfield,358,30,0,39.95998787,-105.0566324,8014.0,508.0536436528773,8.379888268156424,328,354,30,0,324,352,69267,4,0,0,4,2
2020-07-17,US,Colorado,Chaffee,128,19,0,38.74745778,-106.19265729999998,8015.0,628.8072312831597,14.84375,109,124,19,0,105,123,20027,4,0,0,4,1
2020-07-17,US,Colorado,Cheyenne,7,0,0,38.82777431,-102.6032558,8017.0,382.3047515019115,0.0,7,5,0,0,5,5,1876,2,0,0,2,0
2020-07-17,US,Colorado,Clear Creek,23,1,0,39.68864463,-105.6463118,8019.0,237.1134020618557,4.3478260869565215,22,23,1,0,22,21,9605,0,0,0,0,2
2020-07-17,US,Colorado,Conejos,20,0,0,37.201606,-106.19174879999998,8021.0,243.7538086532602,0.0,20,19,0,0,19,18,8200,1,0,0,1,1
2020-07-17,US,Colorado,Costilla,22,0,0,37.27732493,-105.4276548,8023.0,565.9891947517366,0.0,22,22,0,0,22,22,3828,0,0,0,0,0
2020-07-17,US,Colorado,Crowley,71,1,0,38.32608609,-103.7844965,8025.0,1171.4238574492658,1.4084507042253518,70,71,1,0,70,71,5858,0,0,0,0,0
2020-07-17,US,Colorado,Custer,8,0,0,38.10883162,-105.3683478,8027.0,157.8531965272297,0.0,8,7,0,0,7,7,4954,1,0,0,1,0
2020-07-17,US,Colorado,Delta,86,1,0,38.86246243,-107.8631342,8029.0,275.9771516590719,1.162790697674419,85,86,1,0,85,86,30953,0,0,0,0,0
2020-07-17,US,Colorado,Denver,8254,398,0,39.76018276,-104.8725695,8031.0,1135.0213349358028,4.821904531136418,7856,8164,398,0,7766,8098,716492,90,0,0,90,66
2020-07-17,US,Colorado,Dolores,1,0,0,37.75208676,-108.5211585,8033.0,48.661800486618006,0.0,1,,,,,,2074,,,,,
2020-07-17,US,Colorado,Douglas,1293,54,0,39.33133796,-104.930001,8035.0,368.21451556866793,4.176334106728539,1239,1263,54,0,1209,1224,342776,30,0,0,30,39
2020-07-17,US,Colorado,Eagle,824,9,0,39.62754308,-106.6933637,8037.0,1494.7303499192776,1.0922330097087378,815,812,9,0,803,795,54993,12,0,0,12,17
2020-07-17,US,Colorado,El Paso,3407,118,0,38.83240149,-104.5251411,8041.0,472.9297351621245,3.4634575873202227,3289,3306,118,0,3188,3216,713856,101,0,0,101,90
2020-07-17,US,Colorado,Elbert,67,2,0,39.28656773,-104.1358721,8039.0,250.6640727299936,2.985074626865672,65,67,2,0,65,67,26282,0,0,0,0,0
2020-07-17,US,Colorado,Fremont,71,0,0,38.47362326,-105.4399667,8043.0,148.41447354668784,0.0,71,68,0,0,68,47,48021,3,0,0,3,21
2020-07-17,US,Colorado,Garfield,493,4,0,39.59921777,-107.902708,8045.0,820.8321539767903,0.8113590263691683,489,469,4,0,465,448,59770,24,0,0,24,21
2020-07-17,US,Colorado,Gilpin,12,0,0,39.85646523,-105.5252597,8047.0,192.21528111484864,0.0,12,12,0,0,12,11,6121,0,0,0,0,1
2020-07-17,US,Colorado,Grand,34,1,0,40.10603347,-106.1178042,8049.0,216.09253845176053,2.9411764705882355,33,32,1,0,31,29,15525,2,0,0,2,3
2020-07-17,US,Colorado,Gunnison,197,6,0,38.66611652,-107.0320729,8051.0,1128.1640132859925,3.045685279187817,191,193,6,0,187,193,17246,4,0,0,4,0
2020-07-17,US,Colorado,Hinsdale,3,0,0,37.82247444,-107.3004345,8053.0,365.8536585365854,0.0,3,3,0,0,3,3,811,0,0,0,0,0
2020-07-17,US,Colorado,Huerfano,5,1,0,37.68473101,-104.9612585,8055.0,72.4952878062926,20.0,4,5,1,0,4,5,6889,0,0,0,0,0
2020-07-17,US,Colorado,Jackson,8,0,0,40.66593870000001,-106.3408905,8057.0,574.7126436781608,0.0,8,8,0,0,8,8,1399,0,0,0,0,0
2020-07-17,US,Colorado,Jefferson,3221,218,0,39.58635604,-105.2517692,8059.0,552.5999303459881,6.768084445824277,3003,3174,217,0,2957,3118,580233,47,1,0,46,56
2020-07-17,US,Colorado,Kit Carson,36,3,0,39.30497777,-102.6022199,8063.0,507.25658729040435,8.333333333333334,33,36,3,0,33,36,7163,0,0,0,0,0
2020-07-17,US,Colorado,La Plata,154,2,0,37.28632032,-107.8429014,8067.0,273.91899823909216,1.2987012987012987,152,151,1,0,150,146,56310,3,1,0,2,5
2020-07-17,US,Colorado,Lake,59,0,0,39.20278823,-106.3555697,8065.0,725.9751445797957,0.0,59,57,0,0,57,56,7824,2,0,0,2,1
2020-07-17,US,Colorado,Larimer,1041,31,0,40.66671597,-105.4625784,8069.0,291.6791585294439,2.9779058597502406,1010,1009,30,0,979,982,350518,32,1,0,31,27
2020-07-17,US,Colorado,Las Animas,11,0,0,37.3153406,-104.0376458,8071.0,75.83069074865574,0.0,11,11,0,0,11,11,14503,0,0,0,0,0
2020-07-17,US,Colorado,Lincoln,6,0,0,38.98749519,-103.5136649,8073.0,105.24469391334854,0.0,6,4,0,0,4,4,5610,2,0,0,2,0
2020-07-17,US,Colorado,Logan,642,5,0,40.7249637,-103.110817,8075.0,2864.9203445044395,0.778816199376947,637,641,5,0,636,641,21528,1,0,0,1,0
2020-07-17,US,Colorado,Mesa,174,0,0,39.01787888,-108.469799,8077.0,112.83314960119318,0.0,174,163,0,0,163,162,153207,11,0,0,11,1
2020-07-17,US,Colorado,Mineral,17,0,0,37.66954283,-106.9281698,8079.0,2210.663198959688,0.0,17,17,0,0,17,17,776,0,0,0,0,0
2020-07-17,US,Colorado,Moffat,17,1,0,40.61810999,-108.2070876,8081.0,127.98313633968228,5.882352941176472,16,16,1,0,15,16,13188,1,0,0,1,0
2020-07-17,US,Colorado,Montezuma,89,3,0,37.33859579,-108.5958857,8083.0,339.9152121605622,3.3707865168539324,86,85,3,0,82,84,26158,4,0,0,4,1
2020-07-17,US,Colorado,Montrose,229,12,0,38.40214114,-108.26390220000002,8085.0,535.5722905655082,5.240174672489083,217,225,12,0,213,222,42214,4,0,0,4,3
2020-07-17,US,Colorado,Morgan,665,46,0,40.26279810000001,-103.8093302,8087.0,2287.739094536948,6.917293233082707,619,663,46,0,617,663,28558,2,0,0,2,0
2020-07-17,US,Colorado,Otero,23,1,0,37.9014485,-103.7173385,8089.0,125.83433636065216,4.3478260869565215,22,24,1,0,23,23,18432,-1,0,0,-1,1
2020-07-17,US,Colorado,Ouray,12,1,0,38.14717457,-107.7675136,8091.0,242.3263327948304,8.333333333333334,11,12,1,0,11,12,4833,0,0,0,0,0
2020-07-17,US,Colorado,Park,33,1,0,39.120926,-105.7182065,8093.0,175.11276200583708,3.0303030303030303,32,33,0,0,33,33,18556,0,1,0,-1,0
2020-07-17,US,Colorado,Phillips,16,0,0,40.59414277,-102.3577703,8095.0,375.14654161781954,0.0,16,16,0,0,16,16,4286,0,0,0,0,0
2020-07-17,US,Colorado,Pitkin,148,2,0,39.21720112,-106.9310027,8097.0,833.0050092868802,1.351351351351351,146,144,2,0,142,140,17950,4,0,0,4,4
2020-07-17,US,Colorado,Prowers,44,0,0,37.95544985,-102.3926052,8099.0,361.4853762734144,0.0,44,42,0,0,42,39,12164,2,0,0,2,3
2020-07-17,US,Colorado,Pueblo,479,32,0,38.17359144,-104.5127437,8101.0,284.4012729777229,6.680584551148225,447,469,32,0,437,458,167529,10,0,0,10,11
2020-07-17,US,Colorado,Rio Blanco,6,0,0,39.97913541,-108.2179009,8103.0,94.87666034155598,0.0,6,6,0,0,6,6,6336,0,0,0,0,0
2020-07-17,US,Colorado,Rio Grande,82,2,0,37.5836865,-106.3847838,8105.0,727.7891186651282,2.4390243902439024,80,82,2,0,80,83,11250,0,0,0,0,-1
2020-07-17,US,Colorado,Routt,85,6,0,40.48596505,-106.9905548,8107.0,331.53912161635066,7.0588235294117645,79,86,6,0,80,86,25733,-1,0,0,-1,0
2020-07-17,US,Colorado,Saguache,104,2,0,38.08054629,-106.282466,8109.0,1524.0328253223913,1.9230769230769231,102,104,2,0,102,103,6843,0,0,0,0,1
2020-07-17,US,Colorado,San Juan,2,0,0,37.76248981,-107.67632890000002,8111.0,274.72527472527474,0.0,2,2,0,0,2,2,762,0,0,0,0,0
2020-07-17,US,Colorado,San Miguel,64,0,0,38.00450883,-108.4020725,8113.0,782.4917471573543,0.0,64,60,0,0,60,57,8191,4,0,0,4,3
2020-07-17,US,Colorado,Sedgwick,5,0,0,40.87595412,-102.3519227,8115.0,222.41992882562283,0.0,5,4,0,0,4,3,2303,1,0,0,1,1
2020-07-17,US,Colorado,Summit,304,4,0,39.63803232,-106.1150762,8117.0,980.2973138563736,1.3157894736842106,300,298,4,0,294,294,31007,6,0,0,6,4
2020-07-17,US,Colorado,Teller,68,2,0,38.88133511,-105.1614893,8119.0,267.8430754687254,2.9411764705882355,66,66,2,0,64,65,25083,2,0,0,2,1
2020-07-17,US,Colorado,Washington,46,0,0,39.97015535,-103.202587,8121.0,937.2453137734312,0.0,46,46,0,0,46,46,4909,0,0,0,0,0
2020-07-17,US,Colorado,Weld,3176,139,0,40.55499405,-104.3929621,8123.0,978.7606474119548,4.376574307304786,3037,3127,139,0,2988,3090,314305,49,0,0,49,37
2020-07-17,US,Colorado,Yuma,55,0,0,40.00346839,-102.4258673,8125.0,548.9569817347042,0.0,55,55,0,0,55,55,10020,0,0,0,0,0
2020-07-17,US,Connecticut,Fairfield,17069,1395,0,41.26809896,-73.3881171,9001.0,1809.437186483656,8.17271076220048,15674,17027,1391,0,15636,16993,943823,42,4,0,38,34
2020-07-17,US,Connecticut,Hartford,12046,1403,0,41.80283011,-72.73103891,9003.0,1350.872471179294,11.647019757595885,10643,12016,1402,0,10614,11980,892697,30,1,0,29,36
2020-07-17,US,Connecticut,Litchfield,1523,138,0,41.7937534,-73.2451475,9005.0,844.5486960234675,9.06106369008536,1385,1520,138,0,1382,1517,181111,3,0,0,3,3
2020-07-17,US,Connecticut,Middlesex,1357,189,0,41.45949668,-72.53714864,9007.0,835.4059444950627,13.927781871775975,1168,1351,189,0,1162,1346,162682,6,0,0,6,5
2020-07-17,US,Connecticut,New Haven,12733,1090,0,41.408032500000004,-72.93620426,9009.0,1489.663144028069,8.560433519202073,11643,12686,1088,0,11598,12643,857620,47,2,0,45,43
2020-07-17,US,Connecticut,New London,1347,102,0,41.48896435,-72.10430976,9011.0,507.9070609262234,7.572383073496659,1245,1345,102,0,1243,1339,266784,2,0,0,2,6
2020-07-17,US,Connecticut,Tolland,939,65,0,41.85853803,-72.3308481,9013.0,623.0054206115936,6.922257720979767,874,937,65,0,872,937,150921,2,0,0,2,0
2020-07-17,US,Connecticut,Unassigned,228,0,0,0.0,0.0,90009.0,0.0,0.0,228,226,0,0,226,242,,2,0,0,2,-16
2020-07-17,US,Connecticut,Windham,651,14,0,41.82972709,-71.98182316,9015.0,557.4489219228991,2.150537634408602,637,642,14,0,628,639,117027,9,0,0,9,3
2020-07-17,US,Delaware,Kent,1978,85,0,39.08646628,-75.56884914,10001.0,1094.1112696779621,4.2972699696663295,1893,1887,85,0,1802,1876,178550,91,0,0,91,11
2020-07-17,US,Delaware,New Castle,5981,249,0,39.57992638,-75.64054974,10003.0,1070.4193087106466,4.1631834141447905,5732,5935,249,0,5686,5904,559335,46,0,0,46,31
2020-07-17,US,Delaware,Sussex,5244,178,0,38.66143781,-75.39031349,10005.0,2238.8728786423308,3.3943554538520213,5066,5171,178,0,4993,5153,229286,73,0,0,73,18
2020-07-17,US,Delaware,Unassigned,134,9,0,0.0,0.0,90010.0,0.0,6.7164179104477615,125,121,9,0,112,117,,13,0,0,13,4
2020-07-17,US,District of Columbia,District of Columbia,11115,577,0,38.90417773,-77.01655992,11001.0,1574.9225291144587,5.191183085919928,10538,11076,574,0,10502,11026,702455,39,3,0,36,50
2020-07-17,US,Florida,Alachua,2465,12,0,29.67866525,-82.35928158,12001.0,916.2104198957044,0.486815415821501,2453,2397,12,0,2385,2322,269956,68,0,0,68,75
2020-07-17,US,Florida,Baker,215,4,0,30.33060121,-82.28467476,12003.0,736.0492981855529,1.8604651162790695,211,202,4,0,198,187,28355,13,0,0,13,15
2020-07-17,US,Florida,Bay,1737,8,0,30.26548745,-85.62122584,12005.0,994.2474456941702,0.4605641911341393,1729,1602,8,0,1594,1523,185287,135,0,0,135,79
2020-07-17,US,Florida,Bradford,180,2,0,29.95079741,-82.16611613,12007.0,638.2752384667209,1.1111111111111112,178,173,2,0,171,161,27732,7,0,0,7,12
2020-07-17,US,Florida,Brevard,3945,46,0,28.29409504,-80.73091022,12009.0,655.3787574218112,1.1660329531051965,3899,3804,44,0,3760,3722,596849,141,2,0,139,82
2020-07-17,US,Florida,Broward,36913,477,0,26.15184651,-80.48725556,12011.0,1890.281434960861,1.2922276704683986,36436,35566,464,0,35102,34153,1951260,1347,13,0,1334,1413
2020-07-17,US,Florida,Calhoun,201,7,0,30.40666734,-85.19394153,12013.0,1425.0265863169088,3.4825870646766166,194,198,7,0,191,184,14587,3,0,0,3,14
2020-07-17,US,Florida,Charlotte,1342,80,0,26.90131002,-81.92949121,12015.0,710.3911915727066,5.961251862891206,1262,1313,80,0,1233,1281,184998,29,0,0,29,32
2020-07-17,US,Florida,Citrus,737,17,0,28.84804315,-82.47614748,12017.0,492.4594238826117,2.306648575305292,720,702,17,0,685,665,147929,35,0,0,35,37
2020-07-17,US,Florida,Clay,1900,42,0,29.98319144,-81.85609986,12019.0,866.5827449692592,2.2105263157894743,1858,1791,42,0,1749,1641,216072,109,0,0,109,150
2020-07-17,US,Florida,Collier,7314,104,0,26.11091986,-81.34687065,12021.0,1900.2239531101425,1.4219305441618812,7210,7076,100,0,6976,6872,378488,238,4,0,234,204
2020-07-17,US,Florida,Columbia,1150,4,0,30.22509788,-82.62160164,12023.0,1604.2183968975812,0.3478260869565217,1146,1087,4,0,1083,929,70503,63,0,0,63,158
2020-07-17,US,Florida,DeSoto,1045,13,0,27.18677893,-81.80941373,12027.0,2749.927633483329,1.2440191387559811,1032,1015,13,0,1002,997,37489,30,0,0,30,18
2020-07-17,US,Florida,Dixie,155,4,0,29.60631086,-83.15724673,12029.0,921.1933911803163,2.5806451612903225,151,146,4,0,142,135,16700,9,0,0,9,11
2020-07-17,US,Florida,Duval,15641,93,0,30.33225875,-81.66976468,12031.0,1633.089882067961,0.5945911386739978,15548,14992,89,0,14903,14152,950181,649,4,0,645,840
2020-07-17,US,Florida,Escambia,5346,56,0,30.67652764,-87.37284571,12033.0,1679.4631749582175,1.0475121586232696,5290,5054,56,0,4998,4745,315534,292,0,0,292,309
2020-07-17,US,Florida,Flagler,600,7,0,29.45933576,-81.31508595,12035.0,521.3719032681329,1.1666666666666667,593,575,7,0,568,557,112067,25,0,0,25,18
2020-07-17,US,Florida,Franklin,50,0,0,29.83791238,-84.82731662,12037.0,412.37113402061857,0.0,50,48,0,0,48,47,11736,2,0,0,2,1
2020-07-17,US,Florida,Gadsden,736,9,0,30.57796289,-84.61915825,12039.0,1611.9141480508106,1.2228260869565215,727,721,9,0,712,687,45894,15,0,0,15,34
2020-07-17,US,Florida,Gilchrist,191,0,0,29.72856978,-82.79880657,12041.0,1027.8764395651706,0.0,191,176,0,0,176,169,18256,15,0,0,15,7
2020-07-17,US,Florida,Glades,223,1,0,26.95635849,-81.18996211,12043.0,1614.654985156759,0.4484304932735426,222,215,1,0,214,213,13724,8,0,0,8,2
2020-07-17,US,Florida,Gulf,124,0,0,29.93543004,-85.24270990000002,12045.0,909.1575628711782,0.0,124,118,0,0,118,109,16164,6,0,0,6,9
2020-07-17,US,Florida,Hamilton,498,2,0,30.49673973,-82.94998918,12047.0,3451.6218464097587,0.4016064257028112,496,469,2,0,467,444,14310,29,0,0,29,25
2020-07-17,US,Florida,Hardee,677,4,0,27.49293939,-81.80956574,12049.0,2513.2717080595457,0.5908419497784343,673,649,4,0,645,633,27245,28,0,0,28,16
2020-07-17,US,Florida,Hendry,1325,30,0,26.55386945,-81.16469006,12051.0,3153.1102755699394,2.2641509433962264,1295,1310,30,0,1280,1288,41556,15,0,0,15,22
2020-07-17,US,Florida,Hernando,1077,13,0,28.55364461,-82.42700204,12053.0,555.3836633663366,1.2070566388115134,1064,1016,13,0,1003,987,190865,61,0,0,61,29
2020-07-17,US,Florida,Highlands,687,15,0,27.34254618,-81.34071957,12055.0,646.7647640297116,2.183406113537118,672,656,13,0,643,627,105424,31,2,0,29,29
2020-07-17,US,Florida,Hillsborough,22502,233,0,27.9276559,-82.32013172,12057.0,1528.7017109067588,1.0354635143542796,22269,21557,232,0,21325,21018,1436888,945,1,0,944,539
2020-07-17,US,Florida,Holmes,275,1,0,30.86747479,-85.81319222,12059.0,1401.845338227048,0.3636363636363637,274,265,1,0,264,258,19477,10,0,0,10,7
2020-07-17,US,Florida,Indian River,1463,24,0,27.69308961,-80.60556721,12061.0,914.8152548413924,1.6404647983595353,1439,1431,22,0,1409,1386,157413,32,2,0,30,45
2020-07-17,US,Florida,Jackson,756,7,0,30.795459700000002,-85.21500423,12063.0,1628.8188908518982,0.925925925925926,749,682,6,0,676,675,48305,74,1,0,73,7
2020-07-17,US,Florida,Jefferson,109,4,0,30.43669112,-83.89442308,12065.0,765.1270532079179,3.669724770642202,105,102,4,0,98,100,14288,7,0,0,7,2
2020-07-17,US,Florida,Lafayette,67,0,0,29.98484137,-83.18166636,12067.0,795.5355022559962,0.0,67,67,0,0,67,64,8732,0,0,0,0,3
2020-07-17,US,Florida,Lake,3139,36,0,28.76202069,-81.7125123,12069.0,855.0384345087955,1.1468620579802484,3103,3009,34,0,2975,2882,356495,130,2,0,128,127
2020-07-17,US,Florida,Lee,12043,232,0,26.58410348,-81.88399313,12071.0,1562.854847730986,1.9264302914556173,11811,11721,206,0,11515,10849,754610,322,26,0,296,872
2020-07-17,US,Florida,Leon,2817,10,0,30.45955727,-84.27491114,12073.0,959.5274914674603,0.35498757543485976,2807,2709,10,0,2699,2606,292502,108,0,0,108,103
2020-07-17,US,Florida,Levy,325,3,0,29.31829741,-82.74007147,12075.0,783.0759222224899,0.9230769230769232,322,311,2,0,309,296,40770,14,1,0,13,15
2020-07-17,US,Florida,Liberty,289,1,0,30.23766008,-84.8829258,12077.0,3459.4206368206846,0.3460207612456747,288,284,1,0,283,281,8457,5,0,0,5,3
2020-07-17,US,Florida,Madison,423,4,0,30.44396917,-83.47398594,12079.0,2287.3519710160604,0.9456264775413712,419,415,4,0,411,402,18529,8,0,0,8,13
2020-07-17,US,Florida,Manatee,6133,143,0,27.47196942,-82.31831044,12081.0,1520.8814317562424,2.3316484591553888,5990,5914,143,0,5771,5564,394855,219,0,0,219,350
2020-07-17,US,Florida,Marion,2156,19,0,29.21227113,-82.05803627,12083.0,589.7494112079743,0.8812615955473099,2137,2057,18,0,2039,1938,359977,99,1,0,98,119
2020-07-17,US,Florida,Martin,3023,47,0,27.0772071,-80.43109784,12085.0,1877.6397515527951,1.5547469401257032,2976,2985,46,0,2939,2935,160912,38,1,0,37,50
2020-07-17,US,Florida,Miami-Dade,77867,1270,0,25.6112362,-80.55170587,12086.0,2865.9815822211754,1.6309861687235927,76597,75425,1246,0,74179,72317,2761581,2442,24,0,2418,3108
2020-07-17,US,Florida,Monroe,768,6,0,25.20904673,-81.07812416,12087.0,1034.649997305599,0.78125,762,715,6,0,709,670,75027,53,0,0,53,45
2020-07-17,US,Florida,Nassau,660,3,0,30.61037141,-81.80297522,12089.0,744.7108603667135,0.4545454545454545,657,626,3,0,623,600,85832,34,0,0,34,26
2020-07-17,US,Florida,Okaloosa,1698,12,0,30.69143028,-86.59267105,12091.0,805.7398286023404,0.7067137809187279,1686,1623,12,0,1611,1532,207269,75,0,0,75,91
2020-07-17,US,Florida,Okeechobee,610,2,0,27.386336199999995,-80.88944347,12093.0,1446.594574084614,0.3278688524590164,608,597,2,0,595,586,41537,13,0,0,13,11
2020-07-17,US,Florida,Orange,22049,103,0,28.51367621,-81.31799498,12095.0,1582.3293518542441,0.4671413669554175,21946,21299,102,0,21197,19909,1380645,750,1,0,749,1390
2020-07-17,US,Florida,Osceola,5556,38,0,28.06312234,-81.14882926,12097.0,1478.638779404446,0.6839452843772498,5518,5270,37,0,5233,4751,367990,286,1,0,285,519
2020-07-17,US,Florida,Palm Beach,24361,659,0,26.64676272,-80.46536002,12099.0,1627.5713703508222,2.705143467016953,23702,23711,638,0,23073,22788,1485941,650,21,0,629,923
2020-07-17,US,Florida,Pasco,4654,40,0,28.30810945,-82.40227529,12101.0,840.1525777736861,0.8594757198109153,4614,4489,40,0,4449,4363,539630,165,0,0,165,126
2020-07-17,US,Florida,Pinellas,12714,300,0,27.93130349,-82.72239666,12103.0,1304.0053497655376,2.3596035865974514,12414,12368,295,0,12073,12080,975280,346,5,0,341,288
2020-07-17,US,Florida,Polk,8772,162,0,27.95027105,-81.69732947,12105.0,1210.3033070861795,1.8467852257181945,8610,8498,159,0,8339,8206,708009,274,3,0,271,292
2020-07-17,US,Florida,Putnam,897,8,0,29.60779729,-81.74230285,12107.0,1203.6875511600756,0.8918617614269788,889,871,7,0,864,855,74163,26,1,0,25,16
2020-07-17,US,Florida,Santa Rosa,1740,13,0,30.69341450000001,-87.02458128,12113.0,944.0462691182933,0.7471264367816092,1727,1663,12,0,1651,1523,179349,77,1,0,76,140
2020-07-17,US,Florida,Sarasota,3880,100,0,27.18546175,-82.33174248,12115.0,894.5409944160353,2.5773195876288657,3780,3724,100,0,3624,3447,426718,156,0,0,156,277
2020-07-17,US,Florida,Seminole,5030,33,0,28.7158582,-81.24060348,12117.0,1066.0709668394704,0.6560636182902585,4997,4842,31,0,4811,4665,467832,188,2,0,186,177
2020-07-17,US,Florida,St. Johns,2270,15,0,29.90096506,-81.43589967,12109.0,857.6653367186557,0.6607929515418502,2255,2178,14,0,2164,2079,254261,92,1,0,91,99
2020-07-17,US,Florida,St. Lucie,3411,78,0,27.37763908,-80.47106649,12111.0,1038.998224168969,2.2867194371152157,3333,3301,72,0,3229,3209,321128,110,6,0,104,92
2020-07-17,US,Florida,Sumter,770,19,0,28.70181754,-82.0794267,12119.0,581.4831596435582,2.467532467532468,751,757,19,0,738,721,128754,13,0,0,13,36
2020-07-17,US,Florida,Suwannee,863,22,0,30.19746066,-82.99099670000003,12121.0,1942.949771483892,2.5492468134414827,841,835,22,0,813,788,44191,28,0,0,28,47
2020-07-17,US,Florida,Taylor,192,2,0,30.04848048,-83.60445406,12123.0,890.1664425796283,1.0416666666666667,190,185,1,0,184,158,21623,7,1,0,6,27
2020-07-17,US,Florida,Unassigned,383,0,0,0.0,0.0,90012.0,0.0,0.0,383,372,0,0,372,332,,11,0,0,11,40
2020-07-17,US,Florida,Union,139,2,0,30.04412971,-82.37497443,12125.0,912.253068189276,1.4388489208633093,137,133,2,0,131,123,14940,6,0,0,6,10
2020-07-17,US,Florida,Volusia,4768,79,0,29.05858895,-81.18263252,12127.0,861.7635789214943,1.6568791946308723,4689,4572,79,0,4493,4355,547538,196,0,0,196,217
2020-07-17,US,Florida,Wakulla,235,1,0,30.16548905,-84.39895211,12129.0,696.5233113014611,0.425531914893617,234,223,1,0,222,206,32461,12,0,0,12,17
2020-07-17,US,Florida,Walton,727,11,0,30.64204028,-86.16935664,12131.0,981.4907318653724,1.5130674002751032,716,693,10,0,683,649,71375,34,1,0,33,44
2020-07-17,US,Florida,Washington,233,13,0,30.61359259,-85.66002461,12133.0,914.6939897145998,5.579399141630901,220,225,13,0,212,214,24880,8,0,0,8,11
2020-07-17,US,Georgia,Appling,402,15,0,31.74847232,-82.28909114,13001.0,2186.44620907212,3.7313432835820897,387,389,15,0,374,376,18507,13,0,0,13,13
2020-07-17,US,Georgia,Atkinson,223,2,0,31.29633502,-82.87545866,13003.0,2731.1696264543784,0.8968609865470852,221,218,2,0,216,210,8297,5,0,0,5,8
2020-07-17,US,Georgia,Bacon,327,5,0,31.55456473,-82.45936528,13005.0,2929.057685417413,1.529051987767584,322,324,5,0,319,317,11185,3,0,0,3,7
2020-07-17,US,Georgia,Baker,45,3,0,31.32669878,-84.44218806,13007.0,1481.2376563528635,6.666666666666668,42,45,3,0,42,45,3092,0,0,0,0,0
2020-07-17,US,Georgia,Baldwin,721,35,0,33.06882326,-83.24701748,13009.0,1606.1483626642905,4.854368932038835,686,715,35,0,680,701,44823,6,0,0,6,14
2020-07-17,US,Georgia,Banks,177,3,0,34.35607081,-83.49644388,13011.0,920.2453987730064,1.6949152542372878,174,170,3,0,167,166,18988,7,0,0,7,4
2020-07-17,US,Georgia,Barrow,725,29,0,33.99148694,-83.71436292,13013.0,870.9754925516579,4.0,696,705,29,0,676,681,80809,20,0,0,20,24
2020-07-17,US,Georgia,Bartow,1110,46,0,34.23732119,-84.83887523,13015.0,1030.277153836158,4.144144144144144,1064,1089,46,0,1043,1058,106408,21,0,0,21,31
2020-07-17,US,Georgia,Ben Hill,259,1,0,31.76095874,-83.22145359,13017.0,1550.8982035928145,0.3861003861003861,258,254,1,0,253,244,16787,5,0,0,5,10
2020-07-17,US,Georgia,Berrien,194,0,0,31.27590016,-83.22529920000002,13019.0,1000.1546630922306,0.0,194,191,0,0,191,186,19252,3,0,0,3,5
2020-07-17,US,Georgia,Bibb,2077,43,0,32.80904227,-83.70489165,13021.0,1356.107052148421,2.0702936928261915,2034,2015,43,0,1972,1972,153095,62,0,0,62,43
2020-07-17,US,Georgia,Bleckley,102,1,0,32.43829035,-83.33035166,13023.0,792.3560941505476,0.9803921568627452,101,102,1,0,101,100,12838,0,0,0,0,2
2020-07-17,US,Georgia,Brantley,166,3,0,31.19576557,-81.97743999,13025.0,868.7006122769376,1.8072289156626504,163,161,3,0,158,152,18897,5,0,0,5,9
2020-07-17,US,Georgia,Brooks,255,12,0,30.83922642,-83.58303423,13027.0,1649.7379827909685,4.705882352941177,243,244,12,0,232,238,15513,11,0,0,11,6
2020-07-17,US,Georgia,Bryan,328,5,0,32.00979311,-81.44002948,13029.0,827.7184747772983,1.5243902439024388,323,315,5,0,310,300,38109,13,0,0,13,15
2020-07-17,US,Georgia,Bulloch,751,7,0,32.39577406,-81.74811421,13031.0,943.3725253743344,0.9320905459387484,744,723,6,0,717,699,77296,28,1,0,27,24
2020-07-17,US,Georgia,Burke,247,7,0,33.05917989,-81.99928721,13033.0,1103.5160612965196,2.8340080971659916,240,240,7,0,233,232,22423,7,0,0,7,8
2020-07-17,US,Georgia,Butts,358,35,0,33.283094500000004,-83.95435040000002,13035.0,1435.6753288418356,9.776536312849162,323,355,35,0,320,352,24193,3,0,0,3,3
2020-07-17,US,Georgia,Calhoun,173,6,0,31.53169785,-84.62725131,13037.0,2795.281951850057,3.4682080924855487,167,171,6,0,165,170,6352,2,0,0,2,1
2020-07-17,US,Georgia,Camden,337,2,0,30.92951916,-81.66601818,13039.0,616.4709325723485,0.5934718100890207,335,326,2,0,324,320,53677,11,0,0,11,6
2020-07-17,US,Georgia,Candler,125,0,0,32.40209349,-82.07702563,13043.0,1157.0859946311211,0.0,125,111,0,0,111,103,10836,14,0,0,14,8
2020-07-17,US,Georgia,Carroll,1260,40,0,33.58138199,-85.07976677,13045.0,1050.070004666978,3.1746031746031744,1220,1200,40,0,1160,1145,118121,60,0,0,60,55
2020-07-17,US,Georgia,Catoosa,385,8,0,34.89872298,-85.13757014,13047.0,569.6951760875999,2.0779220779220777,377,375,8,0,367,371,67420,10,0,0,10,4
2020-07-17,US,Georgia,Charlton,171,2,0,30.78371028,-82.13951596,13049.0,1276.8817204301076,1.1695906432748535,169,149,2,0,147,147,12968,22,0,0,22,2
2020-07-17,US,Georgia,Chatham,3106,39,0,32.00043026,-81.12489526,13051.0,1073.1437653318592,1.2556342562781713,3067,2991,39,0,2952,2907,289195,115,0,0,115,84
2020-07-17,US,Georgia,Chattahoochee,493,1,0,32.34341231,-84.78809239,13053.0,4520.033006326213,0.2028397565922921,492,492,1,0,491,490,10684,1,0,0,1,2
2020-07-17,US,Georgia,Chattooga,89,2,0,34.47197698,-85.34535662,13055.0,359.03021501472426,2.247191011235955,87,88,2,0,86,84,24790,1,0,0,1,4
2020-07-17,US,Georgia,Cherokee,2014,48,0,34.24393976,-84.47431861,13057.0,778.288306739884,2.383316782522344,1966,1927,48,0,1879,1868,254149,87,0,0,87,59
2020-07-17,US,Georgia,Clarke,1140,15,0,33.95436462,-83.37124007,13059.0,888.3278397269562,1.3157894736842106,1125,1087,15,0,1072,1045,127330,53,0,0,53,42
2020-07-17,US,Georgia,Clay,65,2,0,31.62221166,-84.97713865,13061.0,2293.577981651376,3.0769230769230766,63,65,2,0,63,64,2887,0,0,0,0,1
2020-07-17,US,Georgia,Clayton,3236,85,0,33.54187245,-84.35594188,13063.0,1107.2484397240776,2.626699629171817,3151,3132,84,0,3048,3060,289615,104,1,0,103,72
2020-07-17,US,Georgia,Clinch,125,4,0,30.91395822,-82.70432472,13065.0,1888.7881535207007,3.2,121,125,4,0,121,124,6648,0,0,0,0,1
2020-07-17,US,Georgia,Cobb,7972,260,0,33.94243204,-84.5761255,13067.0,1048.7527971784182,3.261414952333166,7712,7713,258,0,7455,7571,756865,259,2,0,257,142
2020-07-17,US,Georgia,Coffee,1006,18,0,31.54892966,-82.85492059999999,13069.0,2324.775264021445,1.7892644135188869,988,993,17,0,976,967,43093,13,1,0,12,26
2020-07-17,US,Georgia,Colquitt,1338,20,0,31.18810588,-83.7677946,13071.0,2934.2105263157896,1.4947683109118086,1318,1338,20,0,1318,1306,45592,0,0,0,0,32
2020-07-17,US,Georgia,Columbia,1123,14,0,33.54534185,-82.263524,13073.0,716.5920083719387,1.2466607301869992,1109,1057,13,0,1044,1044,154291,66,1,0,65,13
2020-07-17,US,Georgia,Cook,278,4,0,31.16068491,-83.42947229,13075.0,1609.7278517660684,1.4388489208633093,274,271,4,0,267,262,17162,7,0,0,7,9
2020-07-17,US,Georgia,Coweta,963,16,0,33.35334302,-84.76129976,13077.0,648.445548754621,1.6614745586708204,947,938,16,0,922,927,145864,25,0,0,25,11
2020-07-17,US,Georgia,Crawford,66,0,0,32.71391813,-83.98061238,13079.0,532.0864237342794,0.0,66,59,0,0,59,56,12318,7,0,0,7,3
2020-07-17,US,Georgia,Crisp,326,13,0,31.92289565,-83.76811843,13081.0,1457.178616127302,3.987730061349693,313,324,13,0,311,322,22601,2,0,0,2,2
2020-07-17,US,Georgia,Dade,84,1,0,34.854916700000004,-85.50490424,13083.0,521.2211466865227,1.1904761904761905,83,82,1,0,81,79,16226,2,0,0,2,3
2020-07-17,US,Georgia,Dawson,194,3,0,34.44244079,-84.16964071,13085.0,743.0672590776774,1.5463917525773196,191,191,3,0,188,187,25083,3,0,0,3,4
2020-07-17,US,Georgia,DeKalb,9308,187,0,33.76944049,-84.22396017,13089.0,1225.8707725698905,2.0090244950580147,9121,9165,186,0,8979,8980,756558,143,1,0,142,185
2020-07-17,US,Georgia,Decatur,346,8,0,30.87967778,-84.57619536,13087.0,1310.4075140130285,2.3121387283237,338,343,8,0,335,337,26575,3,0,0,3,6
2020-07-17,US,Georgia,Dodge,165,2,0,32.17265114,-83.16948926,13091.0,800.7765105556903,1.2121212121212122,163,161,2,0,159,155,20705,4,0,0,4,6
2020-07-17,US,Georgia,Dooly,224,13,0,32.15630737,-83.79746561,13093.0,1672.8902165795369,5.803571428571429,211,225,13,0,212,225,13706,-1,0,0,-1,0
2020-07-17,US,Georgia,Dougherty,2243,157,0,31.53328528,-84.21722377,13095.0,2550.138705716495,6.9995541685242975,2086,2219,156,0,2063,2195,91243,24,1,0,23,24
2020-07-17,US,Georgia,Douglas,1632,41,0,33.70291126,-84.77026156,13097.0,1115.1882905229497,2.5122549019607843,1591,1576,40,0,1536,1545,145331,56,1,0,55,31
2020-07-17,US,Georgia,Early,326,31,0,31.32155345,-84.90255207,13099.0,3199.2149165848878,9.509202453987731,295,326,31,0,295,325,10247,0,0,0,0,1
2020-07-17,US,Georgia,Echols,205,0,0,30.71101099,-82.89687287,13101.0,5117.3240139790305,0.0,205,205,0,0,205,199,4000,0,0,0,0,6
2020-07-17,US,Georgia,Effingham,380,1,0,32.36616021,-81.34280942,13103.0,591.016548463357,0.2631578947368421,379,373,1,0,372,360,62190,7,0,0,7,13
2020-07-17,US,Georgia,Elbert,224,0,0,34.11302332,-82.83936148,13105.0,1167.0313639679066,0.0,224,209,0,0,209,197,19120,15,0,0,15,12
2020-07-17,US,Georgia,Emanuel,237,3,0,32.59221302,-82.30239915,13107.0,1046.5424357502432,1.2658227848101269,234,230,3,0,227,226,22612,7,0,0,7,4
2020-07-17,US,Georgia,Evans,80,0,0,32.15328841,-81.8870105,13109.0,750.8916838746011,0.0,80,78,0,0,78,68,10721,2,0,0,2,10
2020-07-17,US,Georgia,Fannin,168,2,0,34.86430205,-84.316964,13111.0,641.5151978005192,1.1904761904761905,166,157,2,0,155,137,25964,11,0,0,11,20
2020-07-17,US,Georgia,Fayette,612,20,0,33.41357794,-84.49089434,13113.0,534.866851364697,3.2679738562091503,592,584,20,0,564,565,113459,28,0,0,28,19
2020-07-17,US,Georgia,Floyd,829,15,0,34.26268279,-85.21577392,13115.0,841.6414546488254,1.8094089264173705,814,810,15,0,795,784,97927,19,0,0,19,26
2020-07-17,US,Georgia,Forsyth,1312,16,0,34.22604035,-84.12315129999998,13117.0,537.1501563958535,1.2195121951219512,1296,1280,16,0,1264,1257,236612,32,0,0,32,23
2020-07-17,US,Georgia,Franklin,281,2,0,34.37525597,-83.23159927,13119.0,1203.4776649963596,0.7117437722419929,279,278,2,0,276,272,23023,3,0,0,3,6
2020-07-17,US,Georgia,Fulton,12584,335,0,33.79216944,-84.46319413,13121.0,1182.7767997541207,2.6621106166560717,12249,12184,333,0,11851,11746,1050114,400,2,0,398,438
2020-07-17,US,Georgia,Gilmer,326,2,0,34.69316688,-84.45802506,13123.0,1039.2425643150882,0.6134969325153374,324,322,2,0,320,311,30816,4,0,0,4,11
2020-07-17,US,Georgia,Glascock,17,0,0,33.22879932,-82.61297636,13125.0,572.1979131605519,0.0,17,15,0,0,15,15,2995,2,0,0,2,0
2020-07-17,US,Georgia,Glynn,1734,10,0,31.23279254,-81.53811412,13127.0,2033.0159921211841,0.5767012687427913,1724,1695,10,0,1685,1653,85219,39,0,0,39,42
2020-07-17,US,Georgia,Gordon,653,19,0,34.50487351,-84.87296253,13129.0,1126.5807497886585,2.909647779479326,634,627,18,0,609,598,57685,26,1,0,25,29
2020-07-17,US,Georgia,Grady,276,4,0,30.87454847,-84.23418364,13131.0,1120.4481792717086,1.4492753623188406,272,268,4,0,264,258,24748,8,0,0,8,10
2020-07-17,US,Georgia,Greene,156,10,0,33.5769205,-83.17139104,13133.0,851.3425016371971,6.410256410256411,146,154,10,0,144,136,17698,2,0,0,2,18
2020-07-17,US,Georgia,Gwinnett,12897,195,0,33.96044201,-84.02137802,13135.0,1377.516688918558,1.5119795301232846,12702,12489,191,0,12298,12217,927781,408,4,0,404,272
2020-07-17,US,Georgia,Habersham,836,41,0,34.63331566,-83.53094677,13137.0,1844.334627603248,4.904306220095694,795,821,41,0,780,813,45388,15,0,0,15,8
2020-07-17,US,Georgia,Hall,4242,65,0,34.32207823,-83.81896936,13139.0,2074.926262344637,1.5322960867515325,4177,4130,65,0,4065,4012,202148,112,0,0,112,118
2020-07-17,US,Georgia,Hancock,240,33,0,33.2721566,-82.99766919,13141.0,2837.8857750975517,13.75,207,238,33,0,205,237,8348,2,0,0,2,1
2020-07-17,US,Georgia,Haralson,128,5,0,33.79602175,-85.21005667,13143.0,429.6455424274973,3.90625,123,124,5,0,119,120,29533,4,0,0,4,4
2020-07-17,US,Georgia,Harris,485,13,0,32.73709786,-84.90538572,13145.0,1376.4331933250085,2.6804123711340204,472,481,13,0,468,477,34475,4,0,0,4,4
2020-07-17,US,Georgia,Hart,136,0,0,34.34626973,-82.96567682,13147.0,518.9849265407364,0.0,136,131,0,0,131,125,26099,5,0,0,5,6
2020-07-17,US,Georgia,Heard,93,3,0,33.29686567,-85.12886832,13149.0,780.0050322905313,3.2258064516129035,90,90,3,0,87,90,11879,3,0,0,3,0
2020-07-17,US,Georgia,Henry,2027,34,0,33.4533428,-84.14814659999998,13151.0,864.1675299815399,1.6773556980759745,1993,1976,34,0,1942,1932,230220,51,0,0,51,44
2020-07-17,US,Georgia,Houston,1161,33,0,32.45802497,-83.66879087,13153.0,735.4478250128276,2.842377260981912,1128,1108,33,0,1075,1060,155469,53,0,0,53,48
2020-07-17,US,Georgia,Irwin,109,1,0,31.60213036,-83.27501387,13155.0,1157.6040781648258,0.9174311926605504,108,109,1,0,108,107,9398,0,0,0,0,2
2020-07-17,US,Georgia,Jackson,590,12,0,34.13794553,-83.56814788,13157.0,808.4739027364784,2.0338983050847457,578,569,12,0,557,559,70422,21,0,0,21,10
2020-07-17,US,Georgia,Jasper,101,1,0,33.31535543,-83.68844964,13159.0,710.3171812363737,0.99009900990099,100,96,1,0,95,92,14040,5,0,0,5,4
2020-07-17,US,Georgia,Jeff Davis,196,3,0,31.80405727,-82.63724870000001,13161.0,1296.725107509097,1.5306122448979589,193,180,3,0,177,175,15029,16,0,0,16,5
2020-07-17,US,Georgia,Jefferson,263,3,0,33.05867328,-82.41609057,13163.0,1712.0166644968106,1.1406844106463878,260,251,2,0,249,246,15430,12,1,0,11,5
2020-07-17,US,Georgia,Jenkins,182,14,0,32.79248718,-81.96040187,13165.0,2097.740894421393,7.6923076923076925,168,171,14,0,157,169,8683,11,0,0,11,2
2020-07-17,US,Georgia,Johnson,146,2,0,32.70211082,-82.66166794,13167.0,1514.051643679353,1.3698630136986298,144,144,2,0,142,141,9708,2,0,0,2,3
2020-07-17,US,Georgia,Jones,156,1,0,33.02512137,-83.56019163,13169.0,542.8919436227598,0.6410256410256411,155,156,1,0,155,152,28616,0,0,0,0,4
2020-07-17,US,Georgia,Lamar,159,7,0,33.07841647,-84.14263877,13171.0,833.4643811920113,4.402515723270441,152,157,6,0,151,154,19000,2,1,0,1,3
2020-07-17,US,Georgia,Lanier,175,3,0,31.03828570000001,-83.06472457,13173.0,1678.9791806581595,1.7142857142857142,172,172,3,0,169,172,10340,3,0,0,3,0
2020-07-17,US,Georgia,Laurens,447,1,0,32.46325233,-82.92221316,13175.0,940.1421781012073,0.22371364653243847,446,422,1,0,421,412,47325,25,0,0,25,10
2020-07-17,US,Georgia,Lee,441,22,0,31.779330600000005,-84.14324253,13177.0,1470.3921045612162,4.988662131519273,419,439,22,0,417,436,29764,2,0,0,2,3
2020-07-17,US,Georgia,Liberty,329,2,0,31.82588896,-81.49251135,13179.0,535.5253519980467,0.6079027355623101,327,315,2,0,313,302,61497,14,0,0,14,13
2020-07-17,US,Georgia,Lincoln,83,2,0,33.79201475,-82.45024131,13181.0,1047.8474940032822,2.409638554216868,81,78,2,0,76,76,7915,5,0,0,5,2
2020-07-17,US,Georgia,Long,81,1,0,31.75218791,-81.74952375,13183.0,414.131601820134,1.2345679012345678,80,78,1,0,77,75,18998,3,0,0,3,3
2020-07-17,US,Georgia,Lowndes,2093,19,0,30.83568832,-83.27056716,13185.0,1782.7027579510416,0.9077878643096036,2074,2064,18,0,2046,1997,116321,29,1,0,28,67
2020-07-17,US,Georgia,Lumpkin,193,4,0,34.57286511,-84.00425681,13187.0,574.2338589705445,2.0725388601036268,189,189,4,0,185,188,32955,4,0,0,4,1
2020-07-17,US,Georgia,Macon,150,10,0,32.35207048,-84.04234127,13193.0,1158.5695527921525,6.666666666666668,140,147,10,0,137,146,13143,3,0,0,3,1
2020-07-17,US,Georgia,Madison,209,4,0,34.12920917,-83.21218732,13195.0,699.4645247657297,1.9138755980861244,205,206,4,0,202,192,29650,3,0,0,3,14
2020-07-17,US,Georgia,Marion,108,3,0,32.3483402,-84.52733571,13197.0,1292.020576623998,2.7777777777777777,105,105,3,0,102,105,8351,3,0,0,3,0
2020-07-17,US,Georgia,McDuffie,182,8,0,33.47851918,-82.48252774,13189.0,853.9789789789792,4.395604395604397,174,175,8,0,167,175,21531,7,0,0,7,0
2020-07-17,US,Georgia,McIntosh,95,1,0,31.49683595,-81.40163426,13191.0,660.7316733899013,1.0526315789473684,94,93,1,0,92,92,14340,2,0,0,2,1
2020-07-17,US,Georgia,Meriwether,277,4,0,33.04163534,-84.68859732,13199.0,1308.6408088061605,1.444043321299639,273,266,3,0,263,262,21068,11,1,0,10,4
2020-07-17,US,Georgia,Miller,65,0,0,31.16568912,-84.73151117,13201.0,1136.7611052815669,0.0,65,63,0,0,63,61,5686,2,0,0,2,2
2020-07-17,US,Georgia,Mitchell,515,41,0,31.22483255,-84.19381821,13205.0,2355.5779170287697,7.9611650485436884,474,513,41,0,472,506,22192,2,0,0,2,7
2020-07-17,US,Georgia,Monroe,283,20,0,33.014289,-83.92097166,13207.0,1026.1802886358694,7.067137809187279,263,273,20,0,253,261,27520,10,0,0,10,12
2020-07-17,US,Georgia,Montgomery,68,0,0,32.17201038,-82.53527476,13209.0,741.3868294810292,0.0,68,68,0,0,68,65,9193,0,0,0,0,3
2020-07-17,US,Georgia,Morgan,100,0,0,33.59232073,-83.49129491,13211.0,518.7798298402158,0.0,100,94,0,0,94,91,18853,6,0,0,6,3
2020-07-17,US,Georgia,Murray,347,2,0,34.78897608,-84.74993177,13213.0,865.4229848363926,0.5763688760806917,345,336,2,0,334,326,39921,11,0,0,11,10
2020-07-17,US,Georgia,Muscogee,3196,64,0,32.50931999,-84.87142262,13215.0,1632.5363055437783,2.002503128911139,3132,3142,64,0,3078,3061,194160,54,0,0,54,81
2020-07-17,US,Georgia,Newton,1098,19,0,33.55514538,-83.84547140000002,13217.0,982.6030927835053,1.7304189435336976,1079,1043,18,0,1025,1010,109541,55,1,0,54,33
2020-07-17,US,Georgia,Oconee,268,14,0,33.83749973,-83.43679568,13219.0,665.3426017874876,5.223880597014926,254,264,14,0,250,257,39272,4,0,0,4,7
2020-07-17,US,Georgia,Oglethorpe,131,7,0,33.878629600000004,-83.08278123,13221.0,858.5097319614653,5.343511450381679,124,125,7,0,118,122,15054,6,0,0,6,3
2020-07-17,US,Georgia,Out of GA,10916,61,0,0.0,0.0,80013.0,0.0,0.5588127519237817,10855,10427,61,0,10366,9687,,489,0,0,489,740
2020-07-17,US,Georgia,Paulding,966,16,0,33.91969522,-84.86848792,13223.0,572.7261408574293,1.6563146997929608,950,932,16,0,916,912,164044,34,0,0,34,20
2020-07-17,US,Georgia,Peach,184,10,0,32.56934316,-83.82937,13225.0,667.9735714804327,5.434782608695652,174,175,10,0,165,170,27297,9,0,0,9,5
2020-07-17,US,Georgia,Pickens,138,5,0,34.46589159,-84.46406611,13227.0,423.4297812279464,3.6231884057971016,133,134,5,0,129,130,31980,4,0,0,4,4
2020-07-17,US,Georgia,Pierce,298,5,0,31.35928155,-82.21598442,13229.0,1530.952992550732,1.6778523489932886,293,291,5,0,286,278,19389,7,0,0,7,13
2020-07-17,US,Georgia,Pike,135,3,0,33.09310242,-84.38790389,13231.0,711.9502162219176,2.2222222222222223,132,128,3,0,125,124,18634,7,0,0,7,4
2020-07-17,US,Georgia,Polk,399,1,0,34.00267074,-85.18677781,13233.0,936.3339825874733,0.2506265664160401,398,386,1,0,385,372,42470,13,0,0,13,14
2020-07-17,US,Georgia,Pulaski,63,2,0,32.23334561,-83.47549959999998,13235.0,565.6819610307982,3.1746031746031744,61,63,2,0,61,61,11069,0,0,0,0,2
2020-07-17,US,Georgia,Putnam,254,13,0,33.32056115,-83.37552891,13237.0,1148.3340114833402,5.118110236220472,241,253,12,0,241,229,21809,1,1,0,0,24
2020-07-17,US,Georgia,Quitman,24,1,0,31.86728114,-85.01773177,13239.0,1043.9321444106133,4.166666666666667,23,23,1,0,22,23,2279,1,0,0,1,0
2020-07-17,US,Georgia,Rabun,108,3,0,34.88389445,-83.40304637,13241.0,630.215323568886,2.7777777777777777,105,101,3,0,98,97,16867,7,0,0,7,4
2020-07-17,US,Georgia,Randolph,222,25,0,31.76622818,-84.75732369,13243.0,3275.302449100029,11.26126126126126,197,220,25,0,195,214,6833,2,0,0,2,6
2020-07-17,US,Georgia,Richmond,2096,62,0,33.35777107,-82.07026432,13245.0,1034.9697310856318,2.9580152671755724,2034,1979,62,0,1917,1922,201554,117,0,0,117,57
2020-07-17,US,Georgia,Rockdale,803,11,0,33.65145002,-84.02202167,13247.0,883.4272135187468,1.3698630136986298,792,783,11,0,772,756,90594,20,0,0,20,27
2020-07-17,US,Georgia,Schley,31,1,0,32.2654021,-84.31258912,13249.0,589.6899372265551,3.2258064516129035,30,37,1,0,36,37,5236,-6,0,0,-6,0
2020-07-17,US,Georgia,Screven,132,8,0,32.74976524,-81.60779441,13251.0,945.1525132464557,6.0606060606060606,124,130,8,0,122,123,13938,2,0,0,2,7
2020-07-17,US,Georgia,Seminole,64,2,0,30.93464824,-84.86823924,13253.0,791.1001236093944,3.125,62,63,2,0,61,61,8315,1,0,0,1,2
2020-07-17,US,Georgia,Spalding,629,33,0,33.26310031,-84.28013991,13255.0,942.9860725904382,5.246422893481716,596,615,33,0,582,601,66100,14,0,0,14,14
2020-07-17,US,Georgia,Stephens,383,6,0,34.55151201,-83.29405315,13257.0,1477.3384763741562,1.566579634464752,377,379,6,0,373,375,26035,4,0,0,4,4
2020-07-17,US,Georgia,Stewart,231,4,0,32.07996777,-84.83208037,13259.0,3488.89895786135,1.7316017316017316,227,233,4,0,229,233,6199,-2,0,0,-2,0
2020-07-17,US,Georgia,Sumter,657,52,0,32.03650571,-84.19821492,13261.0,2225.308223817911,7.9147640791476395,605,649,52,0,597,642,29733,8,0,0,8,7
2020-07-17,US,Georgia,Talbot,102,3,0,32.69642758,-84.53351366,13263.0,1646.4891041162227,2.9411764705882355,99,101,3,0,98,97,6272,1,0,0,1,4
2020-07-17,US,Georgia,Taliaferro,2,0,0,33.56543317,-82.88136816,13265.0,130.1236174365647,0.0,2,2,0,0,2,6,1608,0,0,0,0,-4
2020-07-17,US,Georgia,Tattnall,235,0,0,32.04785085,-82.05539188,13267.0,929.3680297397772,0.0,235,220,0,0,220,210,25391,15,0,0,15,10
2020-07-17,US,Georgia,Taylor,49,2,0,32.55792548,-84.25077141,13269.0,610.9725685785536,4.081632653061225,47,47,2,0,45,47,8039,2,0,0,2,0
2020-07-17,US,Georgia,Telfair,200,3,0,31.92829517,-82.93491155,13271.0,1261.034047919294,1.5,197,197,3,0,194,193,15876,3,0,0,3,4
2020-07-17,US,Georgia,Terrell,260,29,0,31.77527543,-84.44069698,13273.0,3047.708357754073,11.153846153846152,231,259,29,0,230,252,8611,1,0,0,1,7
2020-07-17,US,Georgia,Thomas,673,33,0,30.86392347,-83.91847289,13275.0,1514.0266810645433,4.9034175334323935,640,657,33,0,624,620,44448,16,0,0,16,37
2020-07-17,US,Georgia,Tift,1093,29,0,31.45743864,-83.5236119,13277.0,2689.203818521799,2.6532479414455628,1064,1062,29,0,1033,1013,40571,31,0,0,31,49
2020-07-17,US,Georgia,Toombs,372,5,0,32.12059861,-82.32957247,13279.0,1386.5076407007086,1.3440860215053765,367,363,5,0,358,354,26887,9,0,0,9,9
2020-07-17,US,Georgia,Towns,78,1,0,34.91369188,-83.74107459999998,13281.0,648.0019938522887,1.2820512820512822,77,75,1,0,74,71,11852,3,0,0,3,4
2020-07-17,US,Georgia,Treutlen,53,2,0,32.40422134,-82.56904553,13283.0,768.004637009129,3.7735849056603774,51,52,2,0,50,51,6809,1,0,0,1,1
2020-07-17,US,Georgia,Troup,1841,44,0,33.03349196,-85.02812115,13285.0,2632.933840565201,2.390005431830527,1797,1815,39,0,1776,1802,70034,26,5,0,21,13
2020-07-17,US,Georgia,Turner,211,18,0,31.71612656,-83.62069378,13287.0,2642.454602379461,8.530805687203793,193,207,18,0,189,206,7912,4,0,0,4,1
2020-07-17,US,Georgia,Twiggs,51,1,0,32.67435595,-83.43078662,13289.0,628.0788177339901,1.96078431372549,50,50,1,0,49,48,8188,1,0,0,1,2
2020-07-17,US,Georgia,Unassigned,1303,1,0,0.0,0.0,90013.0,0.0,0.07674597083653108,1302,1322,1,0,1321,1664,,-19,0,0,-19,-342
2020-07-17,US,Georgia,Union,134,4,0,34.82995757,-83.98967069,13291.0,546.6933213659173,2.985074626865672,130,127,4,0,123,123,24001,7,0,0,7,4
2020-07-17,US,Georgia,Upson,407,45,0,32.87920671,-84.30024826,13293.0,1546.3525835866262,11.056511056511056,362,397,45,0,352,393,26215,10,0,0,10,4
2020-07-17,US,Georgia,Walker,402,14,0,34.73376362,-85.30165174,13295.0,576.2532073794814,3.4825870646766166,388,392,14,0,378,389,69410,10,0,0,10,3
2020-07-17,US,Georgia,Walton,613,31,0,33.78017694,-83.73552314,13297.0,648.0394955229245,5.057096247960848,582,602,32,0,570,591,93503,11,-1,0,12,11
2020-07-17,US,Georgia,Ware,788,17,0,31.05449097,-82.42224148,13299.0,2205.182739128001,2.1573604060913705,771,761,17,0,744,734,35680,27,0,0,27,27
2020-07-17,US,Georgia,Warren,40,0,0,33.41146451,-82.67795848,13301.0,761.3247049866768,0.0,40,37,0,0,37,36,5251,3,0,0,3,1
2020-07-17,US,Georgia,Washington,215,1,0,32.96711864,-82.79357039,13303.0,1055.2665161480318,0.4651162790697674,214,208,1,0,207,205,20386,7,0,0,7,3
2020-07-17,US,Georgia,Wayne,242,0,0,31.5521809,-81.91894878,13305.0,808.6343435693518,0.0,242,216,0,0,216,204,29808,26,0,0,26,12
2020-07-17,US,Georgia,Webster,35,2,0,32.04066113,-84.54742852,13307.0,1342.5393172228614,5.7142857142857135,33,34,2,0,32,34,2611,1,0,0,1,0
2020-07-17,US,Georgia,Wheeler,71,0,0,32.12009104,-82.72574721,13309.0,903.8828771483132,0.0,71,69,0,0,69,66,7879,2,0,0,2,3
2020-07-17,US,Georgia,White,204,5,0,34.64624278,-83.74905525,13311.0,662.3806740697447,2.4509803921568634,199,195,5,0,190,190,29970,9,0,0,9,5
2020-07-17,US,Georgia,Whitfield,2070,19,0,34.80987459,-84.96093476,13313.0,1978.4378942539279,0.9178743961352656,2051,2017,18,0,1999,1978,104062,53,1,0,52,39
2020-07-17,US,Georgia,Wilcox,146,15,0,31.97496928,-83.43438555,13315.0,1690.793283149971,10.273972602739725,131,144,15,0,129,144,8812,2,0,0,2,0
2020-07-17,US,Georgia,Wilkes,136,3,0,33.78290391,-82.74286107,13317.0,1391.0197402066074,2.2058823529411766,133,130,3,0,127,124,9876,6,0,0,6,6
2020-07-17,US,Georgia,Wilkinson,127,9,0,32.80291082,-83.17140684,13319.0,1418.3605092696002,7.086614173228346,118,127,9,0,118,126,9036,0,0,0,0,1
2020-07-17,US,Georgia,Worth,371,22,0,31.55162306,-83.85090513,13321.0,1832.3702276880526,5.929919137466308,349,366,22,0,344,360,20299,5,0,0,5,6
2020-07-17,US,Hawaii,Hawaii,109,0,0,19.60121157,-155.5210167,15001.0,54.0908030747396,0.0,109,107,0,0,107,107,200983,2,0,0,2,0
2020-07-17,US,Hawaii,Honolulu,1025,16,0,21.45803166,-157.97121819999995,15003.0,105.1753452573102,1.5609756097560976,1009,1002,15,0,987,986,980080,23,1,0,22,16
2020-07-17,US,Hawaii,Kauai,43,0,0,22.03935037,-159.5966786,15007.0,59.480170970910045,0.0,43,43,0,0,43,43,72133,0,0,0,0,0
2020-07-17,US,Hawaii,Maui,135,6,0,20.86399628,-156.56890969999995,15009.0,80.63697235047815,4.4444444444444455,129,135,6,0,129,135,167207,0,0,0,0,0
2020-07-17,US,Hawaii,Out of HI,22,1,0,0.0,0.0,80015.0,0.0,4.545454545454546,21,21,1,0,20,21,,1,0,0,1,0
2020-07-17,US,Idaho,Ada,5457,32,0,43.4526575,-116.24155159999998,16001.0,1133.1285935874514,0.5864027854132308,5425,5132,30,0,5102,4836,469966,325,2,0,323,296
2020-07-17,US,Idaho,Adams,13,0,0,44.89333571,-116.4545247,16003.0,302.74802049371215,0.0,13,13,0,0,13,12,4250,0,0,0,0,1
2020-07-17,US,Idaho,Bannock,183,1,0,42.67002716,-112.2233311,16005.0,208.40925655976682,0.5464480874316939,182,176,1,0,175,163,87138,7,0,0,7,13
2020-07-17,US,Idaho,Bear Lake,3,0,0,42.28269683,-111.32892379999998,16007.0,48.979591836734684,0.0,3,2,0,0,2,2,6050,1,0,0,1,0
2020-07-17,US,Idaho,Benewah,34,0,0,47.21754179,-116.6586851,16009.0,365.6700365670037,0.0,34,34,0,0,34,29,9226,0,0,0,0,5
2020-07-17,US,Idaho,Bingham,107,1,0,43.21672879999999,-112.3978437,16011.0,228.57875285723443,0.9345794392523364,106,102,1,0,101,95,46236,5,0,0,5,7
2020-07-17,US,Idaho,Blaine,555,5,0,43.4085812,-113.9752658,16013.0,2410.8422744450722,0.9009009009009008,550,555,5,0,550,554,22601,0,0,0,0,1
2020-07-17,US,Idaho,Boise,15,0,0,43.98829931,-115.7309284,16015.0,191.5464180819819,0.0,15,13,0,0,13,12,7634,2,0,0,2,1
2020-07-17,US,Idaho,Bonner,89,0,0,48.29996017,-116.6017932,16017.0,194.58230394193143,0.0,89,88,0,0,88,78,44727,1,0,0,1,10
2020-07-17,US,Idaho,Bonneville,262,1,0,43.38713372,-111.6161537,16019.0,220.0534175471603,0.3816793893129771,261,252,1,0,251,234,116854,10,0,0,10,18
2020-07-17,US,Idaho,Boundary,10,0,0,48.76684761,-116.4630179,16021.0,81.66598611678236,0.0,10,8,0,0,8,10,11948,2,0,0,2,-2
2020-07-17,US,Idaho,Camas,1,0,0,43.46665742,-114.8065892,16025.0,90.41591320072331,0.0,1,1,0,0,1,1,1127,0,0,0,0,0
2020-07-17,US,Idaho,Canyon,2834,18,0,43.61970148,-116.70954990000001,16027.0,1232.983393445262,0.6351446718419196,2816,2730,16,0,2714,2555,223499,104,2,0,102,175
2020-07-17,US,Idaho,Caribou,21,0,0,42.77149116,-111.5597683,16029.0,293.5010482180293,0.0,21,20,0,0,20,19,7060,1,0,0,1,1
2020-07-17,US,Idaho,Cassia,345,1,0,42.28347888,-113.6012409,16031.0,1435.705368289638,0.2898550724637681,344,342,1,0,341,341,23864,3,0,0,3,1
2020-07-17,US,Idaho,Clearwater,7,0,0,46.67459924,-115.6622393,16035.0,79.945180447693,0.0,7,7,0,0,7,7,8758,0,0,0,0,0
2020-07-17,US,Idaho,Custer,6,0,0,44.24186819,-114.2855494,16037.0,139.04982618771726,0.0,6,6,0,0,6,6,4280,0,0,0,0,0
2020-07-17,US,Idaho,Elmore,117,2,0,43.3507101,-115.4701578,16039.0,425.2844316818727,1.709401709401709,115,112,2,0,110,108,27259,5,0,0,5,4
2020-07-17,US,Idaho,Franklin,35,0,0,42.18332217,-111.81496659999999,16041.0,252.23407321994807,0.0,35,34,0,0,34,33,13726,1,0,0,1,1
2020-07-17,US,Idaho,Fremont,22,0,0,44.22800938,-111.48099429999999,16043.0,167.9517520421406,0.0,22,16,0,0,16,15,13168,6,0,0,6,1
2020-07-17,US,Idaho,Gem,87,0,0,44.06482372,-116.398376,16045.0,480.3445229681978,0.0,87,85,0,0,85,75,17634,2,0,0,2,10
2020-07-17,US,Idaho,Gooding,94,1,0,42.96927962,-114.81083059999999,16047.0,619.2766321892087,1.0638297872340423,93,93,1,0,92,92,15196,1,0,0,1,1
2020-07-17,US,Idaho,Idaho,16,0,0,45.84721541,-115.4634436,16049.0,95.99808003839924,0.0,16,14,0,0,14,13,16513,2,0,0,2,1
2020-07-17,US,Idaho,Jefferson,42,0,0,43.82078483,-112.3131749,16051.0,140.60459977904992,0.0,42,37,0,0,37,36,29439,5,0,0,5,1
2020-07-17,US,Idaho,Jerome,345,6,0,42.68891267,-114.2655033,16053.0,1413.2393904637063,1.7391304347826086,339,337,6,0,331,326,24015,8,0,0,8,11
2020-07-17,US,Idaho,Kootenai,935,1,0,47.67282258,-116.7020872,16055.0,564.2829984851868,0.106951871657754,934,864,1,0,863,793,161505,71,0,0,71,71
2020-07-17,US,Idaho,Latah,40,0,0,46.81587887,-116.71136979999999,16057.0,99.73072703700012,0.0,40,38,0,0,38,38,40134,2,0,0,2,0
2020-07-17,US,Idaho,Lemhi,6,0,0,44.9438088,-113.9309747,16059.0,74.7477264233213,0.0,6,4,0,0,4,4,7961,2,0,0,2,0
2020-07-17,US,Idaho,Lewis,1,0,0,46.23315327,-116.434146,16061.0,26.055237102657642,0.0,1,1,0,0,1,1,3861,0,0,0,0,0
2020-07-17,US,Idaho,Lincoln,45,0,0,43.0012336,-114.1358773,16063.0,838.6134923592994,0.0,45,43,0,0,43,43,5360,2,0,0,2,0
2020-07-17,US,Idaho,Madison,90,0,0,43.78141028,-111.65384740000002,16065.0,225.52434410003258,0.0,90,84,0,0,84,81,39304,6,0,0,6,3
2020-07-17,US,Idaho,Minidoka,293,0,0,42.85518524,-113.6357257,16067.0,1392.651742002947,0.0,293,288,0,0,288,286,20825,5,0,0,5,2
2020-07-17,US,Idaho,Nez Perce,116,19,0,46.32638236,-116.75009750000001,16069.0,287.0718669570382,16.379310344827587,97,116,19,0,97,116,40408,0,0,0,0,0
2020-07-17,US,Idaho,Oneida,7,0,0,42.19494279999999,-112.5407838,16071.0,154.4912822776429,0.0,7,7,0,0,7,7,4488,0,0,0,0,0
2020-07-17,US,Idaho,Owyhee,123,0,0,42.58016894,-116.16938710000001,16073.0,1040.3450900786602,0.0,123,118,0,0,118,107,11693,5,0,0,5,11
2020-07-17,US,Idaho,Payette,228,2,0,44.00545243,-116.7647695,16075.0,951.9435514174776,0.8771929824561403,226,221,2,0,219,212,23551,7,0,0,7,9
2020-07-17,US,Idaho,Power,22,0,0,42.69254894,-112.83957420000002,16077.0,286.42103892722304,0.0,22,21,0,0,21,20,7768,1,0,0,1,1
2020-07-17,US,Idaho,Shoshone,21,0,0,47.35364087,-115.89167490000001,16079.0,163.01816488122958,0.0,21,17,0,0,17,13,12796,4,0,0,4,4
2020-07-17,US,Idaho,Teton,41,0,0,43.75303583,-111.2056773,16081.0,337.6708944160764,0.0,41,39,0,0,39,38,11640,2,0,0,2,1
2020-07-17,US,Idaho,Twin Falls,907,25,0,42.35440512,-114.6685381,16083.0,1043.9927254310644,2.7563395810363835,882,894,25,0,869,874,86081,13,0,0,13,20
2020-07-17,US,Idaho,Valley,34,1,0,44.76728382,-115.5676773,16085.0,298.45505617977534,2.9411764705882355,33,32,1,0,31,28,11041,2,0,0,2,4
2020-07-17,US,Idaho,Washington,144,2,0,44.45275475,-116.78476880000001,16087.0,1412.5956444967624,1.3888888888888888,142,138,2,0,136,135,10161,6,0,0,6,3
2020-07-17,US,Illinois,Adams,232,1,0,39.98815591,-91.18786813,17001.0,354.55031710858117,0.4310344827586207,231,223,1,0,222,208,65691,9,0,0,9,15
2020-07-17,US,Illinois,Alexander,29,0,0,37.18049267,-89.32910838,17003.0,503.3848290227391,0.0,29,27,0,0,27,26,6060,2,0,0,2,1
2020-07-17,US,Illinois,Bond,24,2,0,38.88829622,-89.43534887,17005.0,146.10982588579085,8.333333333333334,22,23,2,0,21,21,16630,1,0,0,1,2
2020-07-17,US,Illinois,Boone,646,21,0,42.32359279,-88.82345779,17007.0,1206.484386672643,3.2507739938080493,625,645,21,0,624,641,53577,1,0,0,1,4
2020-07-17,US,Illinois,Brown,10,0,0,39.96209138,-90.75068024,17009.0,152.02189115232594,0.0,10,10,0,0,10,10,6556,0,0,0,0,0
2020-07-17,US,Illinois,Bureau,48,2,0,41.40385234,-89.5283051,17011.0,147.11290915777857,4.166666666666667,46,47,2,0,45,44,32993,1,0,0,1,3
2020-07-17,US,Illinois,Calhoun,2,0,0,39.16840183,-90.66330078,17013.0,42.202996412745314,0.0,2,2,0,0,2,2,4802,0,0,0,0,0
2020-07-17,US,Illinois,Carroll,22,2,0,42.06823429,-89.93395545,17015.0,153.7923802866131,9.090909090909092,20,21,2,0,19,21,14312,1,0,0,1,0
2020-07-17,US,Illinois,Cass,145,10,0,39.96991073,-90.24734436,17017.0,1193.7103811640734,6.896551724137932,135,141,10,0,131,140,12260,4,0,0,4,1
2020-07-17,US,Illinois,Champaign,1165,17,0,40.13919438,-88.20046615,17019.0,555.5846992450724,1.4592274678111588,1148,1121,17,0,1104,1089,209983,44,0,0,44,32
2020-07-17,US,Illinois,Christian,54,4,0,39.54581621,-89.27780482,17021.0,167.1619613670134,7.407407407407407,50,53,4,0,49,53,32661,1,0,0,1,0
2020-07-17,US,Illinois,Clark,48,0,0,39.33425789,-87.78705622,17023.0,310.8606955508062,0.0,48,45,0,0,45,45,15596,3,0,0,3,0
2020-07-17,US,Illinois,Clay,8,0,0,38.75388572,-88.48914513,17025.0,60.67961165048544,0.0,8,8,0,0,8,8,13253,0,0,0,0,0
2020-07-17,US,Illinois,Clinton,264,16,0,38.60704876,-89.42385254,17027.0,702.837974548746,6.0606060606060606,248,260,16,0,244,256,37639,4,0,0,4,4
2020-07-17,US,Illinois,Coles,222,17,0,39.51949084,-88.22358557,17029.0,438.5531696331562,7.657657657657657,205,212,17,0,195,209,50885,10,0,0,10,3
2020-07-17,US,Illinois,Cook,97790,4765,0,41.84144849,-87.81658794,17031.0,1898.7490468877813,4.872686368749361,93025,97214,4750,0,92464,96662,5180493,576,15,0,561,552
2020-07-17,US,Illinois,Crawford,21,0,0,39.0032229,-87.75954624,17033.0,112.49799110730166,0.0,21,21,0,0,21,20,18807,0,0,0,0,1
2020-07-17,US,Illinois,Cumberland,31,1,0,39.27432424,-88.2401158,17035.0,287.94352591491736,3.2258064516129035,30,31,1,0,30,31,10808,0,0,0,0,0
2020-07-17,US,Illinois,De Witt,19,0,0,40.17514519,-88.90959682,17039.0,121.49891290446348,0.0,19,18,0,0,18,18,15769,1,0,0,1,0
2020-07-17,US,Illinois,DeKalb,690,23,0,41.89373302,-88.76958483,17037.0,657.7881159613718,3.333333333333333,667,684,22,0,662,665,104143,6,1,0,5,19
2020-07-17,US,Illinois,Douglas,71,0,0,39.76768052,-88.21854195,17041.0,364.7572566144362,0.0,71,66,0,0,66,62,19479,5,0,0,5,4
2020-07-17,US,Illinois,DuPage,10013,495,0,41.85116968,-88.08642662,17043.0,1084.9249285691842,4.9435733546389695,9518,9917,494,0,9423,9867,928589,96,1,0,95,50
2020-07-17,US,Illinois,Edgar,21,0,0,39.6809186,-87.74759563,17045.0,122.37049123011481,0.0,21,20,0,0,20,20,17360,1,0,0,1,0
2020-07-17,US,Illinois,Edwards,5,0,0,38.41353228,-88.05720863,17047.0,78.18608287724786,0.0,5,5,0,0,5,5,6392,0,0,0,0,0
2020-07-17,US,Illinois,Effingham,38,1,0,39.05935711,-88.58969584,17049.0,111.73841449070808,2.631578947368421,37,35,2,0,33,35,34208,3,-1,0,4,0
2020-07-17,US,Illinois,Fayette,32,3,0,39.00072038,-89.02452658,17051.0,149.9812523434571,9.375,29,30,3,0,27,28,21416,2,0,0,2,2
2020-07-17,US,Illinois,Ford,32,1,0,40.59706922,-88.22350769,17053.0,246.89452974307537,3.125,31,32,1,0,31,42,13264,0,0,0,0,-10
2020-07-17,US,Illinois,Franklin,67,0,0,37.99189086,-88.92567818,17055.0,174.16621175491954,0.0,67,62,0,0,62,54,38701,5,0,0,5,8
2020-07-17,US,Illinois,Fulton,18,0,0,40.47289135,-90.20862357,17057.0,52.41700640652301,0.0,18,18,0,0,18,18,34844,0,0,0,0,0
2020-07-17,US,Illinois,Gallatin,9,0,0,37.76430935,-88.22953869,17059.0,186.41259320629658,0.0,9,9,0,0,9,8,5058,0,0,0,0,1
2020-07-17,US,Illinois,Greene,13,0,0,39.35907414,-90.388865,17061.0,100.23903153674142,0.0,13,12,0,0,12,12,13044,1,0,0,1,0
2020-07-17,US,Illinois,Grundy,207,5,0,41.28569601,-88.41905692,17063.0,405.4530497120696,2.415458937198068,202,207,5,0,202,202,50972,0,0,0,0,5
2020-07-17,US,Illinois,Hamilton,8,0,0,38.08163641,-88.53883373,17065.0,98.57072449482504,0.0,8,8,0,0,8,7,8163,0,0,0,0,1
2020-07-17,US,Illinois,Hancock,22,1,0,40.40423981,-91.16313899,17067.0,124.23763270838042,4.545454545454546,21,21,1,0,20,21,17844,1,0,0,1,0
2020-07-17,US,Illinois,Hardin,5,0,0,37.51810645,-88.26873022,17069.0,130.8557969118032,0.0,5,3,0,0,3,2,3910,2,0,0,2,1
2020-07-17,US,Illinois,Henderson,8,0,0,40.81908672,-90.92491462,17071.0,120.37315678603672,0.0,8,8,0,0,8,8,6709,0,0,0,0,0
2020-07-17,US,Illinois,Henry,133,1,0,41.3533994,-90.13296166,17073.0,271.9113528100914,0.7518796992481203,132,128,1,0,127,125,49090,5,0,0,5,3
2020-07-17,US,Illinois,Iroquois,180,5,0,40.74717633,-87.82466784,17075.0,663.8636866563401,2.7777777777777777,175,181,5,0,176,179,27604,-1,0,0,-1,2
2020-07-17,US,Illinois,Jackson,381,19,0,37.78595185,-89.38232563,17077.0,671.3656387665199,4.986876640419948,362,373,19,0,354,366,57419,8,0,0,8,7
2020-07-17,US,Illinois,Jasper,48,7,0,39.01054275,-88.15437049,17079.0,499.4797086368366,14.583333333333336,41,48,7,0,41,47,9611,0,0,0,0,1
2020-07-17,US,Illinois,Jefferson,125,17,0,38.29980057,-88.9240025,17081.0,331.70576371935033,13.6,108,124,17,0,107,123,37820,1,0,0,1,1
2020-07-17,US,Illinois,Jersey,51,1,0,39.08869046,-90.35393073,17083.0,234.23506177375648,1.96078431372549,50,50,1,0,49,48,21847,1,0,0,1,2
2020-07-17,US,Illinois,Jo Daviess,58,1,0,42.36542373,-90.21094405,17085.0,273.1339769248881,1.7241379310344829,57,58,1,0,57,57,21366,0,0,0,0,1
2020-07-17,US,Illinois,Johnson,37,0,0,37.45939802,-88.88165419,17087.0,297.97857775630183,0.0,37,36,0,0,36,29,12456,1,0,0,1,7
2020-07-17,US,Illinois,Kane,8291,288,0,41.93842729,-88.42861412,17089.0,1557.2789785181524,3.4736461223012904,8003,8262,288,0,7974,8218,534216,29,0,0,29,44
2020-07-17,US,Illinois,Kankakee,1495,66,0,41.13746989,-87.86205334,17091.0,1360.7980921519725,4.414715719063545,1429,1472,66,0,1406,1454,110024,23,0,0,23,18
2020-07-17,US,Illinois,Kendall,1104,21,0,41.59081014,-88.42869583,17093.0,855.8803007985115,1.9021739130434785,1083,1095,21,0,1074,1086,127915,9,0,0,9,9
2020-07-17,US,Illinois,Knox,181,0,0,40.93148779,-90.21330340000002,17095.0,364.19243847964754,0.0,181,179,0,0,179,176,50112,2,0,0,2,3
2020-07-17,US,Illinois,LaSalle,306,18,0,41.34426129999999,-88.88633881,17099.0,281.58904563398943,5.882352941176472,288,298,17,0,281,286,109430,8,1,0,7,12
2020-07-17,US,Illinois,Lake,10707,432,0,42.3224907,-88.00367925,17097.0,1537.18047190737,4.0347436256654525,10275,10653,432,0,10221,10561,700832,54,0,0,54,92
2020-07-17,US,Illinois,Lawrence,18,0,0,38.71987914,-87.72884035,17101.0,114.81056257175659,0.0,18,16,0,0,16,13,15765,2,0,0,2,3
2020-07-17,US,Illinois,Lee,112,2,0,41.74583951,-89.29977132,17103.0,328.484279680901,1.7857142857142858,110,111,2,0,109,110,34223,1,0,0,1,1
2020-07-17,US,Illinois,Livingston,58,2,0,40.89188292,-88.55784752,17105.0,162.70197486535008,3.4482758620689653,56,57,2,0,55,58,35761,1,0,0,1,-1
2020-07-17,US,Illinois,Logan,33,0,0,40.12581572,-89.36638784,17107.0,115.31204137256272,0.0,33,30,0,0,30,27,28925,3,0,0,3,3
2020-07-17,US,Illinois,Macon,265,22,0,39.86064913,-88.96342505,17115.0,254.7856435500774,8.30188679245283,243,262,22,0,240,259,104712,3,0,0,3,3
2020-07-17,US,Illinois,Macoupin,83,3,0,39.26119767,-89.92424028,17117.0,184.74825268218845,3.614457831325301,80,76,3,0,73,75,45313,7,0,0,7,1
2020-07-17,US,Illinois,Madison,1413,71,0,38.83042506,-89.90422563,17119.0,537.3318223648685,5.02476999292286,1342,1368,71,0,1297,1310,264461,45,0,0,45,58
2020-07-17,US,Illinois,Marion,87,0,0,38.64963204,-88.91899208,17121.0,233.83953769654616,0.0,87,81,0,0,81,81,37620,6,0,0,6,0
2020-07-17,US,Illinois,Marshall,14,0,0,41.0327901,-89.34510444,17123.0,122.39902080783354,0.0,14,13,0,0,13,13,11534,1,0,0,1,0
2020-07-17,US,Illinois,Mason,32,0,0,40.23917274,-89.91824452,17125.0,239.53888764129056,0.0,32,31,0,0,31,29,13565,1,0,0,1,2
2020-07-17,US,Illinois,Massac,20,0,0,37.22078441,-88.71036614,17127.0,145.22218995062445,0.0,20,20,0,0,20,17,14080,0,0,0,0,3
2020-07-17,US,Illinois,McDonough,112,15,0,40.45674722,-90.67775541,17109.0,377.33306380971635,13.392857142857142,97,111,15,0,96,110,29955,1,0,0,1,1
2020-07-17,US,Illinois,McHenry,2410,106,0,42.32451172,-88.45248227,17111.0,783.0421023218338,4.398340248962656,2304,2384,104,0,2280,2347,308570,26,2,0,24,37
2020-07-17,US,Illinois,McLean,368,15,0,40.48996987,-88.84621113,17113.0,214.55599153436683,4.076086956521738,353,349,15,0,334,340,172828,19,0,0,19,9
2020-07-17,US,Illinois,Menard,34,0,0,40.02742725,-89.80246001,17129.0,278.77992784519506,0.0,34,32,0,0,32,33,12288,2,0,0,2,-1
2020-07-17,US,Illinois,Mercer,30,0,0,41.20596782,-90.74290052,17131.0,194.3382781628555,0.0,30,30,0,0,30,29,15601,0,0,0,0,1
2020-07-17,US,Illinois,Monroe,186,13,0,38.27594376,-90.17761038,17133.0,536.9980079106158,6.989247311827956,173,182,13,0,169,171,34335,4,0,0,4,11
2020-07-17,US,Illinois,Montgomery,103,2,0,39.23198845,-89.47809254,17135.0,362.4973604561132,1.9417475728155342,101,97,2,0,95,90,28601,6,0,0,6,7
2020-07-17,US,Illinois,Morgan,138,4,0,39.71654544,-90.20255104,17137.0,410.0065363360865,2.898550724637681,134,137,4,0,133,135,33976,1,0,0,1,2
2020-07-17,US,Illinois,Moultrie,28,0,0,39.64187451,-88.62099969,17139.0,193.09013171505413,0.0,28,28,0,0,28,28,14717,0,0,0,0,0
2020-07-17,US,Illinois,Ogle,334,5,0,42.04165196,-89.32184679,17141.0,659.5185909207589,1.497005988023952,329,329,5,0,324,325,50923,5,0,0,5,4
2020-07-17,US,Illinois,Out of IL,4,0,0,0.0,0.0,80017.0,0.0,0.0,4,1,0,0,1,1,,3,0,0,3,0
2020-07-17,US,Illinois,Peoria,794,30,0,40.78702156,-89.76078901,17143.0,443.1322867077057,3.778337531486146,764,756,30,0,726,736,180621,38,0,0,38,20
2020-07-17,US,Illinois,Perry,63,1,0,38.08510853,-89.36856219,17145.0,301.20481927710836,1.5873015873015872,62,63,1,0,62,63,21174,0,0,0,0,0
2020-07-17,US,Illinois,Piatt,24,0,0,40.01360584,-88.59319339,17147.0,146.84287812041114,0.0,24,21,0,0,21,21,16396,3,0,0,3,0
2020-07-17,US,Illinois,Pike,9,0,0,39.62265059,-90.8877017,17149.0,57.83689994216311,0.0,9,9,0,0,9,8,15611,0,0,0,0,1
2020-07-17,US,Illinois,Pope,2,0,0,37.41391284,-88.56152109,17151.0,47.8812544888676,0.0,2,3,0,0,3,2,4212,-1,0,0,-1,1
2020-07-17,US,Illinois,Pulaski,88,0,0,37.22631423,-89.13085001,17153.0,1649.4845360824743,0.0,88,87,0,0,87,86,5463,1,0,0,1,1
2020-07-17,US,Illinois,Putnam,1,0,0,41.2013541,-89.2869272,17155.0,17.424638438752392,0.0,1,1,0,0,1,1,5740,0,0,0,0,0
2020-07-17,US,Illinois,Randolph,344,7,0,38.05095369,-89.82512254,17157.0,1082.373670631175,2.0348837209302326,337,343,7,0,336,337,32106,1,0,0,1,6
2020-07-17,US,Illinois,Richland,10,0,0,38.71240969,-88.08475366,17159.0,64.46206407529169,0.0,10,10,0,0,10,10,15763,0,0,0,0,0
2020-07-17,US,Illinois,Rock Island,1299,30,0,41.46613806,-90.57042164,17161.0,915.5689002600807,2.3094688221709005,1269,1269,30,0,1239,1252,143477,30,0,0,30,17
2020-07-17,US,Illinois,Saline,33,0,0,37.75332999,-88.54119706,17165.0,140.47933251032308,0.0,33,28,0,0,28,20,23906,5,0,0,5,8
2020-07-17,US,Illinois,Sangamon,622,33,0,39.75836914,-89.65872023,17167.0,319.51179419741925,5.305466237942122,589,603,33,0,570,587,195348,19,0,0,19,16
2020-07-17,US,Illinois,Schuyler,14,0,0,40.1571798,-90.61114163,17169.0,206.85579196217486,0.0,14,14,0,0,14,14,6907,0,0,0,0,0
2020-07-17,US,Illinois,Scott,1,0,0,39.6429169,-90.47814431,17171.0,20.197939810139367,0.0,1,1,0,0,1,1,4926,0,0,0,0,0
2020-07-17,US,Illinois,Shelby,27,1,0,39.39133527,-88.80611122,17173.0,124.8035499676435,3.703703703703704,26,24,1,0,23,23,21741,3,0,0,3,1
2020-07-17,US,Illinois,St. Clair,2564,148,0,38.46996033,-89.93063427,17163.0,987.3462566330104,5.772230889235568,2416,2488,147,0,2341,2436,261059,76,1,0,75,52
2020-07-17,US,Illinois,Stark,6,0,0,41.09309773,-89.79745866,17175.0,112.31748408835642,0.0,6,6,0,0,6,6,5427,0,0,0,0,0
2020-07-17,US,Illinois,Stephenson,287,6,0,42.35129217,-89.662598,17177.0,644.9728077666413,2.0905923344947737,281,287,6,0,281,287,44753,0,0,0,0,0
2020-07-17,US,Illinois,Tazewell,212,8,0,40.50716185,-89.51404662,17179.0,160.8461112417775,3.7735849056603774,204,204,8,0,196,196,132328,8,0,0,8,8
2020-07-17,US,Illinois,Unassigned,1203,193,0,0.0,0.0,90017.0,0.0,16.04322527015794,1010,1154,201,0,953,1172,,49,-8,0,57,-18
2020-07-17,US,Illinois,Union,222,21,0,37.47119609,-89.25548938,17181.0,1333.0931363718248,9.459459459459461,201,217,21,0,196,215,16841,5,0,0,5,2
2020-07-17,US,Illinois,Vermilion,104,2,0,40.18417171,-87.73384359,17183.0,137.2792312363051,1.9230769230769231,102,100,2,0,98,96,76806,4,0,0,4,4
2020-07-17,US,Illinois,Wabash,23,0,0,38.44272901,-87.84922065,17185.0,199.65277777777766,0.0,23,23,0,0,23,23,11549,0,0,0,0,0
2020-07-17,US,Illinois,Warren,150,0,0,40.84925021,-90.6147432,17187.0,890.5248159582048,0.0,150,150,0,0,150,150,17032,0,0,0,0,0
2020-07-17,US,Illinois,Washington,29,0,0,38.35309213,-89.40982703,17189.0,208.82840066249008,0.0,29,29,0,0,29,28,13995,0,0,0,0,1
2020-07-17,US,Illinois,Wayne,20,1,0,38.42955355,-88.42586459,17191.0,123.34258402713536,5.0,19,20,1,0,19,19,16332,0,0,0,0,1
2020-07-17,US,Illinois,White,24,0,0,38.08706198,-88.17657461,17193.0,177.29186673561352,0.0,24,22,0,0,22,17,13665,2,0,0,2,5
2020-07-17,US,Illinois,Whiteside,226,16,0,41.75509713,-89.91556058,17195.0,409.60579972813775,7.079646017699115,210,225,16,0,209,224,55626,1,0,0,1,1
2020-07-17,US,Illinois,Will,7542,330,0,41.44619267,-87.97862712,17197.0,1091.8677424164994,4.375497215592681,7212,7476,330,0,7146,7436,692310,66,0,0,66,40
2020-07-17,US,Illinois,Williamson,186,4,0,37.73033511,-88.92994027,17199.0,279.29185999369344,2.150537634408602,182,181,4,0,177,173,67056,5,0,0,5,8
2020-07-17,US,Illinois,Winnebago,3303,108,0,42.33641854,-89.16085327,17201.0,1168.9056240533387,3.2697547683923704,3195,3251,108,0,3143,3215,284081,52,0,0,52,36
2020-07-17,US,Illinois,Woodford,59,3,0,40.78579374,-89.20973757,17203.0,153.4101250682545,5.084745762711863,56,56,2,0,54,55,38463,3,1,0,2,1
2020-07-17,US,Indiana,Adams,54,1,0,40.7457653,-84.93671406,18001.0,150.9349582133773,1.851851851851852,53,53,1,0,52,52,35636,1,0,0,1,1
2020-07-17,US,Indiana,Allen,3061,138,0,41.09194313,-85.06800636,18003.0,807.0150461772902,4.508330610911467,2923,3035,138,0,2897,3013,375351,26,0,0,26,22
2020-07-17,US,Indiana,Bartholomew,619,45,0,39.20744865,-85.89558181,18005.0,738.848637486721,7.269789983844911,574,612,45,0,567,612,82753,7,0,0,7,0
2020-07-17,US,Indiana,Benton,51,0,0,40.60626947,-87.31093999,18007.0,582.9903978052126,0.0,51,51,0,0,51,51,8653,0,0,0,0,0
2020-07-17,US,Indiana,Blackford,42,2,0,40.47388153,-85.32499702,18009.0,357.20360605545164,4.761904761904762,40,42,2,0,40,41,11930,0,0,0,0,1
2020-07-17,US,Indiana,Boone,510,44,0,40.0509304,-86.46841646,18011.0,751.7356248986632,8.627450980392156,466,506,44,0,462,501,66999,4,0,0,4,5
2020-07-17,US,Indiana,Brown,50,1,0,39.19605589,-86.22868909,18013.0,331.3013517095149,2.0,49,47,1,0,46,46,15234,3,0,0,3,1
2020-07-17,US,Indiana,Carroll,118,2,0,40.580783200000006,-86.56198812,18015.0,582.5146862812854,1.6949152542372878,116,116,2,0,114,115,20127,2,0,0,2,1
2020-07-17,US,Indiana,Cass,1661,9,0,40.76135835,-86.34830753,18017.0,4407.121441269336,0.5418422636965683,1652,1656,9,0,1647,1655,37955,5,0,0,5,1
2020-07-17,US,Indiana,Clark,750,44,0,38.48015445,-85.70510334,18019.0,633.9706851955167,5.866666666666666,706,744,44,0,700,736,117360,6,0,0,6,8
2020-07-17,US,Indiana,Clay,69,5,0,39.39561833,-87.11723506,18021.0,263.1077216396568,7.246376811594202,64,69,5,0,64,67,26170,0,0,0,0,2
2020-07-17,US,Indiana,Clinton,300,3,0,40.30319754,-86.47277257,18023.0,925.9545047686656,1.0,297,298,3,0,295,295,32250,2,0,0,2,3
2020-07-17,US,Indiana,Crawford,36,0,0,38.28814402,-86.44518825,18025.0,340.3611610097381,0.0,36,36,0,0,36,35,10558,0,0,0,0,1
2020-07-17,US,Indiana,Daviess,157,17,0,38.70186039,-87.07185406,18027.0,470.75050223381606,10.828025477707007,140,156,17,0,139,155,33147,1,0,0,1,1
2020-07-17,US,Indiana,DeKalb,174,4,0,41.39804622,-84.99906934,18033.0,400.2300172512939,2.2988505747126435,170,172,4,0,168,171,43226,2,0,0,2,1
2020-07-17,US,Indiana,Dearborn,300,25,0,39.14647946,-84.97333539,18029.0,606.5752759917507,8.333333333333334,275,296,25,0,271,289,49568,4,0,0,4,7
2020-07-17,US,Indiana,Decatur,260,32,0,39.30712658,-85.50087166,18031.0,978.9525208027412,12.307692307692307,228,259,32,0,227,257,26794,1,0,0,1,2
2020-07-17,US,Indiana,Delaware,500,52,0,40.22787247,-85.39732772,18035.0,438.0777149866386,10.4,448,492,52,0,440,487,114772,8,0,0,8,5
2020-07-17,US,Indiana,Dubois,388,7,0,38.36597551,-86.87924170000002,18037.0,907.8996630475476,1.8041237113402064,381,370,7,0,363,365,42565,18,0,0,18,5
2020-07-17,US,Indiana,Elkhart,3889,63,0,41.59761169,-85.85875695,18039.0,1884.7441855956888,1.6199537156081254,3826,3834,62,0,3772,3794,205560,55,1,0,54,40
2020-07-17,US,Indiana,Fayette,114,7,0,39.63684962,-85.17797541,18041.0,493.4637693706173,6.140350877192982,107,114,7,0,107,109,23047,0,0,0,0,5
2020-07-17,US,Indiana,Floyd,456,44,0,38.32117957,-85.90385377,18043.0,580.7289676778482,9.649122807017543,412,442,44,0,398,435,77781,14,0,0,14,7
2020-07-17,US,Indiana,Fountain,43,2,0,40.12361933,-87.24217689,18045.0,263.0612994004649,4.651162790697675,41,41,2,0,39,38,16351,2,0,0,2,3
2020-07-17,US,Indiana,Franklin,135,8,0,39.4142482,-85.06062647,18047.0,593.1979963089902,5.925925925925926,127,132,8,0,124,132,22736,3,0,0,3,0
2020-07-17,US,Indiana,Fulton,84,1,0,41.0469907,-86.26252745,18049.0,420.5467107239412,1.1904761904761905,83,83,1,0,82,81,20092,1,0,0,1,2
2020-07-17,US,Indiana,Gibson,145,2,0,38.30393723,-87.58054938,18051.0,430.79117026649635,1.3793103448275863,143,141,2,0,139,138,33452,4,0,0,4,3
2020-07-17,US,Indiana,Grant,374,27,0,40.51587228,-85.65468702,18053.0,568.6569660478341,7.219251336898396,347,367,27,0,340,347,65936,7,0,0,7,20
2020-07-17,US,Indiana,Greene,204,33,0,39.03630547,-86.96223202,18055.0,639.0577031514316,16.176470588235293,171,202,33,0,169,200,32006,2,0,0,2,2
2020-07-17,US,Indiana,Hamilton,1845,101,0,40.07306535,-86.05244729,18057.0,545.8402241347175,5.4742547425474255,1744,1829,101,0,1728,1800,330086,16,0,0,16,29
2020-07-17,US,Indiana,Hancock,484,36,0,39.82304555,-85.77566351,18059.0,619.179203766247,7.43801652892562,448,480,36,0,444,476,76351,4,0,0,4,4
2020-07-17,US,Indiana,Harrison,225,22,0,38.19467379,-86.10948271,18061.0,555.3498704183636,9.777777777777779,203,222,22,0,200,221,40350,3,0,0,3,1
2020-07-17,US,Indiana,Hendricks,1519,102,0,39.76719009,-86.51037283,18063.0,891.897763503238,6.714944042132983,1417,1501,102,0,1399,1496,167009,18,0,0,18,5
2020-07-17,US,Indiana,Henry,313,18,0,39.93029017,-85.39625719,18065.0,652.4639372967564,5.7507987220447285,295,309,18,0,291,307,48271,4,0,0,4,2
2020-07-17,US,Indiana,Howard,639,58,0,40.48527731,-86.11351892,18067.0,774.1325838340764,9.076682316118935,581,636,58,0,578,621,82366,3,0,0,3,15
2020-07-17,US,Indiana,Huntington,99,2,0,40.82907273,-85.48822092,18069.0,271.0843373493976,2.0202020202020203,97,98,2,0,96,94,36240,1,0,0,1,4
2020-07-17,US,Indiana,Jackson,489,3,0,38.90915820000001,-86.03851889,18071.0,1105.5594492550474,0.6134969325153374,486,486,3,0,483,485,44111,3,0,0,3,1
2020-07-17,US,Indiana,Jasper,150,2,0,41.02078733,-87.11553319,18073.0,446.93403253679764,1.3333333333333333,148,144,2,0,142,142,33370,6,0,0,6,2
2020-07-17,US,Indiana,Jay,72,0,0,40.43781032,-85.00576229,18075.0,352.3194362889019,0.0,72,72,0,0,72,72,20764,0,0,0,0,0
2020-07-17,US,Indiana,Jefferson,116,2,0,38.78576239,-85.43633383,18077.0,359.04419957905156,1.7241379310344829,114,111,2,0,109,98,32208,5,0,0,5,13
2020-07-17,US,Indiana,Jennings,183,12,0,38.99588883,-85.62710784,18079.0,659.8161168199026,6.557377049180328,171,182,12,0,170,181,27611,1,0,0,1,1
2020-07-17,US,Indiana,Johnson,1405,118,0,39.48994426,-86.10149107,18081.0,888.3016052653209,8.398576512455517,1287,1394,118,0,1276,1379,156225,11,0,0,11,15
2020-07-17,US,Indiana,Knox,78,0,0,38.68861576,-87.4194665,18083.0,213.1496966715855,0.0,78,78,0,0,78,77,36895,0,0,0,0,1
2020-07-17,US,Indiana,Kosciusko,609,6,0,41.24521668,-85.86312322,18085.0,766.4619412001607,0.9852216748768472,603,605,5,0,600,598,79344,4,1,0,3,7
2020-07-17,US,Indiana,LaGrange,497,10,0,41.64232188,-85.42674232,18087.0,1254.606957136366,2.0120724346076457,487,494,10,0,484,491,39330,3,0,0,3,3
2020-07-17,US,Indiana,LaPorte,670,28,0,41.54366008,-86.74072188,18091.0,609.7117064647641,4.17910447761194,642,658,28,0,630,648,110007,12,0,0,12,10
2020-07-17,US,Indiana,Lake,5983,252,0,41.41874274,-87.38277575,18089.0,1232.355564343873,4.211933812468661,5731,5919,252,0,5667,5831,484411,64,0,0,64,88
2020-07-17,US,Indiana,Lawrence,266,26,0,38.84112637,-86.48361629,18093.0,586.2905003306148,9.774436090225564,240,259,25,0,234,254,45668,7,1,0,6,5
2020-07-17,US,Indiana,Madison,703,64,0,40.16143691,-85.71964711,18095.0,542.5680525434325,9.103840682788052,639,700,64,0,636,693,129641,3,0,0,3,7
2020-07-17,US,Indiana,Marion,12484,702,0,39.78163624,-86.13826325,18097.0,1294.2393700069044,5.623197693047099,11782,12361,701,0,11660,12276,954670,123,1,0,122,85
2020-07-17,US,Indiana,Marshall,636,12,0,41.32467367,-86.26185087,18099.0,1374.8973150590168,1.8867924528301887,624,623,12,0,611,601,46248,13,0,0,13,22
2020-07-17,US,Indiana,Martin,30,0,0,38.7099921,-86.80373186,18101.0,292.54022428083863,0.0,30,30,0,0,30,28,10217,0,0,0,0,2
2020-07-17,US,Indiana,Miami,204,2,0,40.76940965,-86.04525048,18103.0,574.3890077711454,0.9803921568627452,202,203,2,0,201,200,35567,1,0,0,1,3
2020-07-17,US,Indiana,Monroe,417,28,0,39.16130004,-86.52414358,18105.0,280.938617943691,6.71462829736211,389,400,28,0,372,385,146917,17,0,0,17,15
2020-07-17,US,Indiana,Montgomery,304,20,0,40.04034823,-86.89335024,18107.0,792.9469455892328,6.578947368421053,284,303,20,0,283,299,38346,1,0,0,1,4
2020-07-17,US,Indiana,Morgan,363,31,0,39.47899078,-86.44573375,18109.0,514.973967569408,8.539944903581267,332,353,31,0,322,347,70116,10,0,0,10,6
2020-07-17,US,Indiana,Newton,101,10,0,40.95610449,-87.39635768,18111.0,722.254004576659,9.900990099009901,91,101,10,0,91,101,14011,0,0,0,0,0
2020-07-17,US,Indiana,Noble,546,28,0,41.39672484,-85.41966713,18113.0,1143.5991957104554,5.128205128205129,518,536,28,0,508,530,47532,10,0,0,10,6
2020-07-17,US,Indiana,Ohio,30,1,0,38.955304999999996,-84.96515993,18115.0,510.63829787234044,3.333333333333333,29,26,0,0,26,23,5844,4,1,0,3,3
2020-07-17,US,Indiana,Orange,144,24,0,38.54118920000001,-86.49523093,18117.0,732.9736333095798,16.666666666666668,120,142,24,0,118,140,19489,2,0,0,2,2
2020-07-17,US,Indiana,Owen,55,1,0,39.31145587,-86.83900724,18119.0,264.43579018222044,1.818181818181818,54,54,1,0,53,54,20845,1,0,0,1,0
2020-07-17,US,Indiana,Parke,28,0,0,39.77202286,-87.20375833,18121.0,165.3185333884395,0.0,28,28,0,0,28,28,16927,0,0,0,0,0
2020-07-17,US,Indiana,Perry,155,12,0,38.07809328,-86.63741946,18123.0,808.597214252178,7.741935483870968,143,153,11,0,142,164,19102,2,1,0,1,-11
2020-07-17,US,Indiana,Pike,18,0,0,38.40112197,-87.23574907,18125.0,145.29017676971506,0.0,18,16,0,0,16,16,12410,2,0,0,2,0
2020-07-17,US,Indiana,Porter,897,38,0,41.45986947,-87.06848888,18127.0,526.4424346642096,4.23634336677815,859,886,38,0,848,873,169594,11,0,0,11,13
2020-07-17,US,Indiana,Posey,86,0,0,38.02097333,-87.86480429,18129.0,338.22314862154406,0.0,86,82,0,0,82,75,25540,4,0,0,4,7
2020-07-17,US,Indiana,Pulaski,67,1,0,41.04166107,-86.69890683,18131.0,542.3783696268113,1.492537313432836,66,67,1,0,66,66,12469,0,0,0,0,1
2020-07-17,US,Indiana,Putnam,185,8,0,39.66437981,-86.84517605,18133.0,492.3355333191399,4.3243243243243255,177,180,8,0,172,179,37779,5,0,0,5,1
2020-07-17,US,Indiana,Randolph,81,4,0,40.15734772,-85.01139319,18135.0,328.4005676059193,4.938271604938271,77,81,4,0,77,81,24851,0,0,0,0,0
2020-07-17,US,Indiana,Ripley,148,7,0,39.10235626,-85.26212744,18137.0,522.5250670809207,4.729729729729731,141,145,7,0,138,137,28523,3,0,0,3,8
2020-07-17,US,Indiana,Rush,65,3,0,39.62002287,-85.4655599,18139.0,392.0149568783547,4.615384615384615,62,65,3,0,62,65,16663,0,0,0,0,0
2020-07-17,US,Indiana,Scott,181,9,0,38.68672078,-85.74627859,18143.0,758.178695597537,4.972375690607736,172,174,9,0,165,167,23878,7,0,0,7,7
2020-07-17,US,Indiana,Shelby,472,25,0,39.52305623,-85.79158570000001,18145.0,1055.243801560509,5.296610169491525,447,466,25,0,441,464,44593,6,0,0,6,2
2020-07-17,US,Indiana,Spencer,82,1,0,38.01519732,-87.0079644,18147.0,404.39907284115,1.2195121951219512,81,79,1,0,78,64,20327,3,0,0,3,15
2020-07-17,US,Indiana,St. Joseph,2389,72,0,41.61756781,-86.29040834,18141.0,878.871042505132,3.01381331100879,2317,2321,71,0,2250,2294,270771,68,1,0,67,27
2020-07-17,US,Indiana,Starke,128,4,0,41.27890281,-86.64686895,18149.0,556.6427484235703,3.125,124,127,4,0,123,118,22935,1,0,0,1,9
2020-07-17,US,Indiana,Steuben,145,3,0,41.64423868,-85.00101094,18151.0,419.1478291033127,2.0689655172413794,142,144,3,0,141,141,34586,1,0,0,1,3
2020-07-17,US,Indiana,Sullivan,63,1,0,39.08952258,-87.41414469,18153.0,304.8042962891287,1.5873015873015872,62,62,1,0,61,58,20690,1,0,0,1,4
2020-07-17,US,Indiana,Switzerland,33,0,0,38.82767338,-85.03022429,18155.0,306.948190865966,0.0,33,33,0,0,33,31,10717,0,0,0,0,2
2020-07-17,US,Indiana,Tippecanoe,826,10,0,40.38872739,-86.89413959,18157.0,422.0055994931847,1.2106537530266344,816,814,10,0,804,802,193048,12,0,0,12,12
2020-07-17,US,Indiana,Tipton,36,2,0,40.31123252,-86.05234925,18159.0,237.65513599155003,5.5555555555555545,34,35,1,0,34,35,15128,1,1,0,0,0
2020-07-17,US,Indiana,Unassigned,0,193,0,0.0,0.0,90018.0,0.0,0.0,-193,0,193,0,-193,0,,0,0,0,0,0
2020-07-17,US,Indiana,Union,17,0,0,39.62550777,-84.92497066,18161.0,240.9980153104621,0.0,17,17,0,0,17,17,7037,0,0,0,0,0
2020-07-17,US,Indiana,Vanderburgh,1010,6,0,38.02658833,-87.58763124,18163.0,556.6241023747458,0.594059405940594,1004,963,6,0,957,905,180974,47,0,0,47,58
2020-07-17,US,Indiana,Vermillion,20,0,0,39.8523352,-87.46160542,18165.0,129.0489095367144,0.0,20,20,0,0,20,20,15479,0,0,0,0,0
2020-07-17,US,Indiana,Vigo,278,8,0,39.42944561,-87.39169027,18167.0,259.7208468020703,2.8776978417266186,270,273,8,0,265,265,107386,5,0,0,5,8
2020-07-17,US,Indiana,Wabash,123,3,0,40.84704239,-85.79328272,18169.0,396.8253968253968,2.4390243902439024,120,123,3,0,120,123,31280,0,0,0,0,0
2020-07-17,US,Indiana,Warren,16,1,0,40.34728141,-87.35602659,18171.0,193.58741681790684,6.25,15,16,1,0,15,16,8263,0,0,0,0,0
2020-07-17,US,Indiana,Warrick,313,29,0,38.08922676,-87.2716085,18173.0,496.8411695609385,9.26517571884984,284,300,29,0,271,285,62567,13,0,0,13,15
2020-07-17,US,Indiana,Washington,72,1,0,38.60219804,-86.1049363,18175.0,256.812669425025,1.3888888888888888,71,70,1,0,69,70,27943,2,0,0,2,0
2020-07-17,US,Indiana,Wayne,184,6,0,39.863344399999995,-85.01044989,18177.0,279.27873231740637,3.260869565217391,178,181,6,0,175,167,65936,3,0,0,3,14
2020-07-17,US,Indiana,Wells,89,1,0,40.72934187,-85.22132966,18179.0,314.5320893412497,1.1235955056179776,88,88,1,0,87,85,28206,1,0,0,1,3
2020-07-17,US,Indiana,White,290,10,0,40.74911165,-86.86492015,18181.0,1203.2196498215915,3.4482758620689653,280,284,10,0,274,283,24133,6,0,0,6,1
2020-07-17,US,Indiana,Whitley,113,6,0,41.13863784,-85.50791236,18183.0,332.7052172888941,5.3097345132743365,107,112,6,0,106,111,34074,1,0,0,1,1
2020-07-17,US,Iowa,Adair,19,0,0,41.33075609,-94.47105874,19001.0,265.6599552572707,0.0,19,19,0,0,19,17,7063,0,0,0,0,2
2020-07-17,US,Iowa,Adams,12,0,0,41.02903567,-94.69932645,19003.0,333.14825097168233,0.0,12,10,0,0,10,8,3645,2,0,0,2,2
2020-07-17,US,Iowa,Allamakee,139,4,0,43.28383218,-91.37860922,19005.0,1015.5622123182582,2.8776978417266186,135,139,4,0,135,138,13832,0,0,0,0,1
2020-07-17,US,Iowa,Appanoose,33,3,0,40.74324454,-92.86865906,19007.0,265.5721873491067,9.090909090909092,30,30,3,0,27,30,12437,3,0,0,3,0
2020-07-17,US,Iowa,Audubon,19,1,0,41.6844628,-94.90581859,19009.0,345.70596797671027,5.2631578947368425,18,19,1,0,18,17,5506,0,0,0,0,2
2020-07-17,US,Iowa,Benton,87,1,0,42.08011739,-92.06463573,19011.0,339.2474166504192,1.1494252873563218,86,82,1,0,81,81,25642,5,0,0,5,1
2020-07-17,US,Iowa,Black Hawk,2650,60,0,42.4704581,-92.30524729,19013.0,2019.3861066235863,2.2641509433962264,2590,2629,60,0,2569,2576,132408,21,0,0,21,53
2020-07-17,US,Iowa,Boone,178,1,0,42.03657094,-93.9313999,19015.0,678.5088053670809,0.5617977528089888,177,177,1,0,176,174,26346,1,0,0,1,3
2020-07-17,US,Iowa,Bremer,131,7,0,42.77461496,-92.31795937,19017.0,522.7036948368046,5.343511450381679,124,126,7,0,119,122,24947,5,0,0,5,4
2020-07-17,US,Iowa,Buchanan,69,1,0,42.4709188,-91.83510825,19019.0,325.8559622195986,1.4492753623188406,68,67,1,0,66,66,21199,2,0,0,2,1
2020-07-17,US,Iowa,Buena Vista,1750,12,0,42.73545875,-95.15100162,19021.0,8919.469928644241,0.6857142857142857,1738,1744,12,0,1732,1741,19874,6,0,0,6,3
2020-07-17,US,Iowa,Butler,80,2,0,42.73172833,-92.79015971,19023.0,554.0549899577533,2.5,78,77,2,0,75,74,14539,3,0,0,3,3
2020-07-17,US,Iowa,Calhoun,68,2,0,42.38521079,-94.64046046,19025.0,703.3512618949112,2.9411764705882355,66,67,2,0,65,66,9699,1,0,0,1,1
2020-07-17,US,Iowa,Carroll,127,1,0,42.03617207,-94.86032705,19027.0,629.8041160426483,0.7874015748031497,126,124,1,0,123,121,20154,3,0,0,3,3
2020-07-17,US,Iowa,Cass,29,0,0,41.33149454,-94.92792482,19029.0,225.9270800872546,0.0,29,29,0,0,29,29,12930,0,0,0,0,0
2020-07-17,US,Iowa,Cedar,103,1,0,41.77233777,-91.13246684,19031.0,552.9607558919847,0.9708737864077671,102,101,1,0,100,97,18627,2,0,0,2,4
2020-07-17,US,Iowa,Cerro Gordo,395,12,0,43.08177563,-93.2612239,19033.0,930.5064782096583,3.0379746835443036,383,384,11,0,373,356,42647,11,1,0,10,28
2020-07-17,US,Iowa,Cherokee,87,1,0,42.73538914,-95.62389402,19035.0,774.3658210947931,1.1494252873563218,86,87,1,0,86,87,11321,0,0,0,0,0
2020-07-17,US,Iowa,Chickasaw,35,0,0,43.06001295,-92.31773347,19037.0,293.30428224252074,0.0,35,35,0,0,35,34,11964,0,0,0,0,1
2020-07-17,US,Iowa,Clarke,152,3,0,41.02868181,-93.78499767,19039.0,1617.8818520489624,1.973684210526316,149,151,3,0,148,146,9423,1,0,0,1,5
2020-07-17,US,Iowa,Clay,155,1,0,43.08247182,-95.15096481,19041.0,967.7822177822176,0.6451612903225806,154,155,1,0,154,152,16134,0,0,0,0,3
2020-07-17,US,Iowa,Clayton,54,3,0,42.84443388,-91.34133693,19043.0,307.7098410165821,5.5555555555555545,51,53,3,0,50,51,17556,1,0,0,1,2
2020-07-17,US,Iowa,Clinton,158,1,0,41.89981633,-90.53275096,19045.0,340.30455103491346,0.6329113924050633,157,152,1,0,151,147,46518,6,0,0,6,5
2020-07-17,US,Iowa,Crawford,686,3,0,42.03718237,-95.3819718,19047.0,4078.478002378121,0.43731778425655976,683,684,3,0,681,682,17158,2,0,0,2,2
2020-07-17,US,Iowa,Dallas,1504,33,0,41.68560356,-94.04127625,19049.0,1609.3651354156634,2.1941489361702127,1471,1478,33,0,1445,1451,90180,26,0,0,26,27
2020-07-17,US,Iowa,Davis,44,1,0,40.74773536,-92.41005468,19051.0,488.88888888888886,2.272727272727273,43,43,1,0,42,43,9017,1,0,0,1,0
2020-07-17,US,Iowa,Decatur,15,0,0,40.73742757,-93.78645949,19053.0,190.5972045743329,0.0,15,15,0,0,15,14,7890,0,0,0,0,1
2020-07-17,US,Iowa,Delaware,62,1,0,42.47104597,-91.3664492,19055.0,364.47004879195816,1.6129032258064515,61,61,1,0,60,57,17069,1,0,0,1,4
2020-07-17,US,Iowa,Des Moines,112,2,0,40.92012606,-91.18326592,19057.0,287.42269099494445,1.7857142857142858,110,108,2,0,106,105,39138,4,0,0,4,3
2020-07-17,US,Iowa,Dickinson,323,3,0,43.37787725,-95.1510206,19059.0,1871.5957816664734,0.9287925696594428,320,318,3,0,315,312,17153,5,0,0,5,6
2020-07-17,US,Iowa,Dubuque,1136,23,0,42.46815349,-90.88181925,19061.0,1167.3911479688832,2.0246478873239435,1113,1121,23,0,1098,1054,96854,15,0,0,15,67
2020-07-17,US,Iowa,Emmet,110,0,0,43.37782951,-94.67858943,19063.0,1194.6133796698525,0.0,110,105,0,0,105,99,9253,5,0,0,5,6
2020-07-17,US,Iowa,Fayette,63,0,0,42.86271799,-91.8441231,19065.0,320.61068702290083,0.0,63,63,0,0,63,62,19660,0,0,0,0,1
2020-07-17,US,Iowa,Floyd,90,2,0,43.06000529999999,-92.78940097,19067.0,575.3739930955121,2.2222222222222223,88,90,2,0,88,83,15761,0,0,0,0,7
2020-07-17,US,Iowa,Franklin,129,0,0,42.73270384,-93.26256925,19069.0,1281.0327706057594,0.0,129,127,0,0,127,117,10124,2,0,0,2,10
2020-07-17,US,Iowa,Fremont,13,0,0,40.74542720000001,-95.60129045,19071.0,186.7816091954023,0.0,13,13,0,0,13,11,6993,0,0,0,0,2
2020-07-17,US,Iowa,Greene,34,0,0,42.03614551,-94.39658081,19073.0,382.5382538253825,0.0,34,32,0,0,32,31,8981,2,0,0,2,1
2020-07-17,US,Iowa,Grundy,54,0,0,42.40183723,-92.78829551,19075.0,441.46500981033347,0.0,54,51,0,0,51,50,12304,3,0,0,3,1
2020-07-17,US,Iowa,Guthrie,95,4,0,41.68378965,-94.50111014,19077.0,888.7641500608103,4.2105263157894735,91,93,4,0,89,84,10720,2,0,0,2,9
2020-07-17,US,Iowa,Hamilton,209,1,0,42.38382428,-93.70197703,19079.0,1414.743112434847,0.4784688995215311,208,208,1,0,207,207,14952,1,0,0,1,1
2020-07-17,US,Iowa,Hancock,73,2,0,43.08178477,-93.73454884,19081.0,686.7356538099717,2.7397260273972597,71,73,2,0,71,67,10712,0,0,0,0,6
2020-07-17,US,Iowa,Hardin,101,0,0,42.38353877,-93.23654611,19083.0,599.5488543274367,0.0,101,98,0,0,98,95,16868,3,0,0,3,3
2020-07-17,US,Iowa,Harrison,68,0,0,41.68330137,-95.81558439,19085.0,484.020214961919,0.0,68,67,0,0,67,64,14134,1,0,0,1,3
2020-07-17,US,Iowa,Henry,98,3,0,40.98767962,-91.54436349,19087.0,491.1295980755738,3.0612244897959178,95,98,3,0,95,94,20067,0,0,0,0,4
2020-07-17,US,Iowa,Howard,40,0,0,43.35671042,-92.31702714,19089.0,436.7765887748417,0.0,40,40,0,0,40,37,9187,0,0,0,0,3
2020-07-17,US,Iowa,Humboldt,69,1,0,42.7764426,-94.20722537,19091.0,721.9083490269929,1.4492753623188406,68,68,1,0,67,62,9547,1,0,0,1,6
2020-07-17,US,Iowa,Ida,24,0,0,42.38696136,-95.51355387,19093.0,349.8542274052478,0.0,24,24,0,0,24,24,6841,0,0,0,0,0
2020-07-17,US,Iowa,Iowa,64,1,0,41.68630265,-92.0643373,19095.0,395.45229856648535,1.5625,63,64,1,0,63,63,16141,0,0,0,0,1
2020-07-17,US,Iowa,Jackson,85,0,0,42.17178824,-90.57354837,19097.0,437.2652914244561,0.0,85,83,0,0,83,74,19432,2,0,0,2,9
2020-07-17,US,Iowa,Jasper,382,17,0,41.68576082,-93.05567785,19099.0,1027.295952669087,4.450261780104712,365,380,17,0,363,375,37147,2,0,0,2,5
2020-07-17,US,Iowa,Jefferson,64,0,0,41.03192394,-91.94849466,19101.0,349.8223558349276,0.0,64,64,0,0,64,64,18381,0,0,0,0,0
2020-07-17,US,Iowa,Johnson,1598,9,0,41.67169354,-91.58754744,19103.0,1057.2978695249437,0.5632040050062578,1589,1572,9,0,1563,1543,151260,26,0,0,26,29
2020-07-17,US,Iowa,Jones,85,1,0,42.12118609,-91.13139641,19105.0,411.0052705381751,1.1764705882352942,84,85,1,0,84,80,20744,0,0,0,0,5
2020-07-17,US,Iowa,Keokuk,23,1,0,41.33649833,-92.1785067,19107.0,224.47784501268788,4.3478260869565215,22,23,1,0,22,23,10225,0,0,0,0,0
2020-07-17,US,Iowa,Kossuth,62,0,0,43.20405458,-94.20691791,19109.0,418.55127253088506,0.0,62,60,0,0,60,58,14908,2,0,0,2,2
2020-07-17,US,Iowa,Lee,56,2,0,40.64181461,-91.48183025,19111.0,166.38440740410613,3.571428571428572,54,54,2,0,52,54,34055,2,0,0,2,0
2020-07-17,US,Iowa,Linn,1528,86,0,42.07923082,-91.59809485,19113.0,674.0006881158857,5.628272251308902,1442,1494,85,0,1409,1456,225909,34,1,0,33,38
2020-07-17,US,Iowa,Louisa,368,13,0,41.21842119,-91.26102611,19115.0,3334.8436792025373,3.532608695652174,355,368,13,0,355,368,11169,0,0,0,0,0
2020-07-17,US,Iowa,Lucas,38,4,0,41.02958964,-93.32780803,19117.0,441.86046511627904,10.526315789473683,34,35,4,0,31,35,8645,3,0,0,3,0
2020-07-17,US,Iowa,Lyon,67,0,0,43.38107862,-96.20926845,19119.0,569.9702254359847,0.0,67,66,0,0,66,65,11811,1,0,0,1,1
2020-07-17,US,Iowa,Madison,65,2,0,41.33081904,-94.01554631,19121.0,397.84551352674754,3.0769230769230766,63,65,2,0,63,61,16249,0,0,0,0,4
2020-07-17,US,Iowa,Mahaska,125,17,0,41.33521503,-92.64083907,19123.0,565.7388549445576,13.6,108,125,17,0,108,124,22000,0,0,0,0,1
2020-07-17,US,Iowa,Marion,97,0,0,41.33445101,-93.09934783,19125.0,291.70300424021895,0.0,97,94,0,0,94,87,33407,3,0,0,3,7
2020-07-17,US,Iowa,Marshall,1164,20,0,42.03586837,-92.9990819,19127.0,2956.641011963728,1.718213058419244,1144,1146,20,0,1126,1125,39981,18,0,0,18,21
2020-07-17,US,Iowa,Mills,58,0,0,41.03299766,-95.61920963,19129.0,383.8771593090211,0.0,58,55,0,0,55,54,15063,3,0,0,3,1
2020-07-17,US,Iowa,Mitchell,59,0,0,43.35638371,-92.78887719,19131.0,557.3398828641601,0.0,59,58,0,0,58,51,10569,1,0,0,1,7
2020-07-17,US,Iowa,Monona,79,0,0,42.05220391,-95.95743843,19133.0,917.0052234474756,0.0,79,78,0,0,78,78,8679,1,0,0,1,0
2020-07-17,US,Iowa,Monroe,58,7,0,41.02988815,-92.8690667,19135.0,752.5626054236409,12.06896551724138,51,56,7,0,49,54,7790,2,0,0,2,2
2020-07-17,US,Iowa,Montgomery,18,2,0,41.03018714,-95.15642896,19137.0,181.5065039830594,11.111111111111109,16,18,2,0,16,17,10003,0,0,0,0,1
2020-07-17,US,Iowa,Muscatine,724,45,0,41.48370744,-91.1121697,19139.0,1696.9810613163324,6.2154696132596685,679,720,45,0,675,709,42929,4,0,0,4,11
2020-07-17,US,Iowa,O'Brien,103,1,0,43.08310673,-95.62474482,19141.0,748.9275067258052,0.9708737864077671,102,101,1,0,100,99,13840,2,0,0,2,2
2020-07-17,US,Iowa,Osceola,70,0,0,43.37824276,-95.62422844,19143.0,1174.8909029875795,0.0,70,70,0,0,70,70,6040,0,0,0,0,0
2020-07-17,US,Iowa,Page,24,0,0,40.7393172,-95.1497813,19145.0,158.86675051300722,0.0,24,23,0,0,23,22,15249,1,0,0,1,1
2020-07-17,US,Iowa,Palo Alto,57,0,0,43.08193849,-94.67824621,19147.0,641.4584740040514,0.0,57,56,0,0,56,55,8929,1,0,0,1,1
2020-07-17,US,Iowa,Plymouth,370,5,0,42.737633,-96.21366621,19149.0,1469.5952655201174,1.351351351351351,365,368,5,0,363,364,25095,2,0,0,2,4
2020-07-17,US,Iowa,Pocahontas,108,1,0,42.73420133,-94.67862564,19151.0,1631.666414866294,0.925925925925926,107,108,1,0,107,109,6740,0,0,0,0,-1
2020-07-17,US,Iowa,Polk,8121,188,0,41.68679484,-93.57767461,19153.0,1656.8025607912502,2.314985839182367,7933,7988,188,0,7800,7803,487204,133,0,0,133,185
2020-07-17,US,Iowa,Pottawattamie,897,14,0,41.33640314,-95.53907776,19155.0,962.384395854344,1.5607580824972132,883,886,13,0,873,859,93533,11,1,0,10,27
2020-07-17,US,Iowa,Poweshiek,115,8,0,41.68625425,-92.53155731,19157.0,621.4872460008647,6.956521739130435,107,114,8,0,106,114,18699,1,0,0,1,0
2020-07-17,US,Iowa,Ringgold,17,1,0,40.73518949,-94.24368535,19159.0,347.3641193297917,5.882352941176472,16,17,1,0,16,16,4968,0,0,0,0,1
2020-07-17,US,Iowa,Sac,73,0,0,42.38624071,-95.10547892,19161.0,750.9515481946303,0.0,73,70,0,0,70,69,9719,3,0,0,3,1
2020-07-17,US,Iowa,Scott,1254,10,0,41.63935978,-90.61959493,19163.0,725.0943952631793,0.7974481658692185,1244,1218,10,0,1208,1174,173283,36,0,0,36,44
2020-07-17,US,Iowa,Shelby,125,0,0,41.6850066,-95.31015553,19165.0,1091.3218089750303,0.0,125,125,0,0,125,124,11578,0,0,0,0,1
2020-07-17,US,Iowa,Sioux,526,0,0,43.08221074,-96.1767568,19167.0,1509.1091665471238,0.0,526,522,0,0,522,519,34909,4,0,0,4,3
2020-07-17,US,Iowa,Story,926,8,0,42.03621213,-93.46499005,19169.0,953.489090478495,0.8639308855291576,918,911,8,0,903,897,98105,15,0,0,15,14
2020-07-17,US,Iowa,Tama,503,29,0,42.07991767,-92.53266945,19171.0,2984.45472884775,5.7654075546719685,474,500,29,0,471,493,16904,3,0,0,3,7
2020-07-17,US,Iowa,Taylor,81,0,0,40.73710579,-94.69778563,19173.0,1323.313184120242,0.0,81,81,0,0,81,81,6191,0,0,0,0,0
2020-07-17,US,Iowa,Unassigned,34,0,0,0.0,0.0,90019.0,0.0,0.0,34,43,0,0,43,39,,-9,0,0,-9,4
2020-07-17,US,Iowa,Union,54,1,0,41.0277278,-94.24234847,19175.0,441.14042970345565,1.851851851851852,53,53,1,0,52,50,12359,1,0,0,1,3
2020-07-17,US,Iowa,Van Buren,21,1,0,40.75326764,-91.95017958,19177.0,298.12606473594553,4.761904761904762,20,21,1,0,20,21,7020,0,0,0,0,0
2020-07-17,US,Iowa,Wapello,726,31,0,41.03064984,-92.40954728,19179.0,2076.1245674740485,4.2699724517906334,695,726,31,0,695,717,35205,0,0,0,0,9
2020-07-17,US,Iowa,Warren,386,1,0,41.33559454,-93.56007641,19181.0,750.0097151517508,0.2590673575129533,385,369,1,0,368,348,51056,17,0,0,17,21
2020-07-17,US,Iowa,Washington,257,9,0,41.33577126,-91.71725711,19183.0,1170.0432506259958,3.5019455252918283,248,255,9,0,246,255,22141,2,0,0,2,0
2020-07-17,US,Iowa,Wayne,11,1,0,40.73969028,-93.32752197,19185.0,170.78093463747862,9.090909090909092,10,11,1,0,10,11,6401,0,0,0,0,0
2020-07-17,US,Iowa,Webster,525,5,0,42.42853483,-94.17987389,19187.0,1462.2326203208554,0.9523809523809524,520,458,5,0,453,448,36277,67,0,0,67,10
2020-07-17,US,Iowa,Winnebago,52,0,0,43.37751174,-93.73407298,19189.0,502.22136372416463,0.0,52,52,0,0,52,49,10518,0,0,0,0,3
2020-07-17,US,Iowa,Winneshiek,53,1,0,43.29094334,-91.84422722,19191.0,265.119303686659,1.8867924528301887,52,53,0,0,53,53,20029,0,1,0,-1,0
2020-07-17,US,Iowa,Woodbury,3418,46,0,42.38979414,-96.0459439,19193.0,3315.0028611054536,1.3458162668227034,3372,3409,46,0,3363,3386,102539,9,0,0,9,23
2020-07-17,US,Iowa,Worth,32,0,0,43.37750768,-93.26087602,19195.0,433.5455900284514,0.0,32,32,0,0,32,30,7453,0,0,0,0,2
2020-07-17,US,Iowa,Wright,415,1,0,42.73305373,-93.73515113,19197.0,3303.614074192008,0.24096385542168675,414,412,1,0,411,408,12690,3,0,0,3,4
2020-07-17,US,Kansas,Allen,10,0,0,37.88582951,-95.30030847,20001.0,80.84727948904519,0.0,10,10,0,0,10,10,12444,0,0,0,0,0
2020-07-17,US,Kansas,Anderson,22,0,0,38.21413251,-95.29272815,20003.0,279.9694578773225,0.0,22,21,0,0,21,18,7878,1,0,0,1,3
2020-07-17,US,Kansas,Atchison,49,0,0,39.53185661,-95.30870026,20005.0,304.85908044546755,0.0,49,45,0,0,45,45,16193,4,0,0,4,0
2020-07-17,US,Kansas,Barber,3,0,0,37.2288586,-98.68460053,20007.0,67.7659814772984,0.0,3,3,0,0,3,3,4472,0,0,0,0,0
2020-07-17,US,Kansas,Barton,72,2,0,38.47889676,-98.75636726,20009.0,279.2971022925637,2.7777777777777777,70,68,2,0,66,66,26111,4,0,0,4,2
2020-07-17,US,Kansas,Bourbon,56,1,0,37.85508555,-94.84865997,20011.0,385.3034264483281,1.7857142857142858,55,56,1,0,55,56,14653,0,0,0,0,0
2020-07-17,US,Kansas,Brown,23,0,0,39.82652589,-95.56421698,20013.0,240.48515265579255,0.0,23,23,0,0,23,23,9598,0,0,0,0,0
2020-07-17,US,Kansas,Butler,115,0,0,37.78134351,-96.83878537,20015.0,171.87009609780156,0.0,115,110,0,0,110,108,66765,5,0,0,5,2
2020-07-17,US,Kansas,Chase,6,0,0,38.30292938,-96.59563862,20017.0,226.5861027190332,0.0,6,6,0,0,6,6,2629,0,0,0,0,0
2020-07-17,US,Kansas,Chautauqua,5,0,0,37.14994405,-96.2454192,20019.0,153.84615384615384,0.0,5,5,0,0,5,5,3309,0,0,0,0,0
2020-07-17,US,Kansas,Cherokee,59,1,0,37.16928494,-94.8462897,20021.0,295.90250263303074,1.6949152542372878,58,59,1,0,58,59,20015,0,0,0,0,0
2020-07-17,US,Kansas,Cheyenne,2,0,0,39.78580976,-101.7318201,20023.0,75.27286413248024,0.0,2,2,0,0,2,2,2660,0,0,0,0,0
2020-07-17,US,Kansas,Clark,36,1,0,37.23577007,-99.81883015,20025.0,1805.4162487462388,2.7777777777777777,35,34,1,0,33,34,2005,2,0,0,2,0
2020-07-17,US,Kansas,Clay,12,2,0,39.34948772,-97.16518128,20027.0,149.96250937265685,16.666666666666668,10,14,2,0,12,14,7997,-2,0,0,-2,0
2020-07-17,US,Kansas,Cloud,26,0,0,39.48028352,-97.64925343,20029.0,295.92533576143865,0.0,26,26,0,0,26,26,8729,0,0,0,0,0
2020-07-17,US,Kansas,Coffey,60,8,0,38.2365018,-95.73379515,20031.0,733.5860129600197,13.333333333333336,52,59,8,0,51,59,8233,1,0,0,1,0
2020-07-17,US,Kansas,Comanche,3,0,0,37.19114520000001,-99.27113247,20033.0,176.47058823529412,0.0,3,3,0,0,3,3,1748,0,0,0,0,0
2020-07-17,US,Kansas,Cowley,97,1,0,37.23781842,-96.83776647,20035.0,277.87326687292307,1.0309278350515465,96,96,1,0,95,90,35218,1,0,0,1,6
2020-07-17,US,Kansas,Crawford,326,1,0,37.50675523,-94.85245778,20037.0,839.8165799371426,0.3067484662576687,325,322,1,0,321,322,39019,4,0,0,4,0
2020-07-17,US,Kansas,Decatur,3,0,0,39.78468441,-100.45940809999999,20039.0,106.11956137247968,0.0,3,3,0,0,3,3,2871,0,0,0,0,0
2020-07-17,US,Kansas,Dickinson,27,1,0,38.86600962,-97.15532383,20041.0,146.2146647893426,3.703703703703704,26,27,1,0,26,23,18717,0,0,0,0,4
2020-07-17,US,Kansas,Doniphan,31,0,0,39.79067154,-95.14056866,20043.0,407.89473684210526,0.0,31,26,0,0,26,26,7682,5,0,0,5,0
2020-07-17,US,Kansas,Douglas,494,0,0,38.88503636,-95.2925121,20045.0,404.0602327844985,0.0,494,489,0,0,489,487,121436,5,0,0,5,2
2020-07-17,US,Kansas,Edwards,8,0,0,37.88735543,-99.31263309,20047.0,285.91851322373117,0.0,8,8,0,0,8,8,2849,0,0,0,0,0
2020-07-17,US,Kansas,Elk,1,0,0,37.45338105,-96.24369667,20049.0,39.52569169960474,0.0,1,1,0,0,1,1,2508,0,0,0,0,0
2020-07-17,US,Kansas,Ellis,78,0,0,38.91458712,-99.31751551,20051.0,273.17619864812804,0.0,78,65,0,0,65,65,28710,13,0,0,13,0
2020-07-17,US,Kansas,Ellsworth,14,0,0,38.69677695,-98.20462799,20053.0,229.43297279580463,0.0,14,14,0,0,14,14,6196,0,0,0,0,0
2020-07-17,US,Kansas,Finney,1624,10,0,38.04340344,-100.73819379999999,20055.0,4453.3413771354935,0.6157635467980296,1614,1620,10,0,1610,1613,36611,4,0,0,4,7
2020-07-17,US,Kansas,Ford,1982,8,0,37.69200114,-99.88825298,20057.0,5895.475772628573,0.4036326942482341,1974,1977,8,0,1969,1977,33888,5,0,0,5,0
2020-07-17,US,Kansas,Franklin,113,1,0,38.56443815,-95.28644341,20059.0,442.3739430003132,0.8849557522123894,112,102,1,0,101,102,25631,11,0,0,11,0
2020-07-17,US,Kansas,Geary,88,1,0,38.99871131,-96.7577178,20061.0,277.86548784338487,1.1363636363636365,87,88,1,0,87,86,32594,0,0,0,0,2
2020-07-17,US,Kansas,Gove,2,0,0,38.91588178,-100.4829321,20063.0,75.87253414264036,0.0,2,2,0,0,2,2,2612,0,0,0,0,0
2020-07-17,US,Kansas,Graham,8,0,0,39.34987223,-99.88332493,20065.0,322.32070910556,0.0,8,8,0,0,8,8,2492,0,0,0,0,0
2020-07-17,US,Kansas,Grant,75,2,0,37.56227336,-101.3079758,20067.0,1048.951048951049,2.6666666666666665,73,71,2,0,69,66,7336,4,0,0,4,5
2020-07-17,US,Kansas,Gray,46,0,0,37.73836671,-100.4369088,20069.0,768.2030728122912,0.0,46,41,0,0,41,41,6033,5,0,0,5,0
2020-07-17,US,Kansas,Greeley,3,0,0,38.4808095,-101.8061079,20071.0,243.50649350649346,0.0,3,3,0,0,3,3,1227,0,0,0,0,0
2020-07-17,US,Kansas,Greenwood,11,0,0,37.8774388,-96.23250453,20073.0,183.884988298228,0.0,11,11,0,0,11,11,6055,0,0,0,0,0
2020-07-17,US,Kansas,Hamilton,35,0,0,37.99978709,-101.7921066,20075.0,1378.4954706577396,0.0,35,35,0,0,35,35,2607,0,0,0,0,0
2020-07-17,US,Kansas,Harper,4,0,0,37.19175361,-98.07578384,20077.0,73.58351729212656,0.0,4,2,0,0,2,2,5506,2,0,0,2,0
2020-07-17,US,Kansas,Harvey,106,1,0,38.04293782,-97.42747573,20079.0,307.87998489645355,0.9433962264150944,105,98,1,0,97,97,34210,8,0,0,8,1
2020-07-17,US,Kansas,Haskell,33,0,0,37.562039399999996,-100.8710738,20081.0,831.6532258064516,0.0,33,33,0,0,33,33,3997,0,0,0,0,0
2020-07-17,US,Kansas,Hodgeman,10,0,0,38.08780079,-99.89829881,20083.0,557.4136008918617,0.0,10,10,0,0,10,10,1818,0,0,0,0,0
2020-07-17,US,Kansas,Jackson,124,1,0,39.41673394,-95.79356799,20085.0,941.4623035456683,0.8064516129032258,123,124,1,0,123,124,13280,0,0,0,0,0
2020-07-17,US,Kansas,Jefferson,40,0,0,39.2347941,-95.38289232,20087.0,210.05093735230795,0.0,40,39,0,0,39,38,18975,1,0,0,1,1
2020-07-17,US,Kansas,Jewell,5,0,0,39.78470589,-98.21820662,20089.0,173.67141368530739,0.0,5,5,0,0,5,4,2841,0,0,0,0,1
2020-07-17,US,Kansas,Johnson,3564,95,0,38.88548175,-94.82250877,20091.0,591.6324840098208,2.6655443322109993,3469,3422,95,0,3327,3286,597555,142,0,0,142,136
2020-07-17,US,Kansas,Kearny,52,1,0,38.00017981,-101.32168100000001,20093.0,1354.872329338197,1.9230769230769231,51,50,1,0,49,50,3943,2,0,0,2,0
2020-07-17,US,Kansas,Kingman,5,0,0,37.55909527,-98.13638678,20095.0,69.91051454138703,0.0,5,5,0,0,5,5,7310,0,0,0,0,0
2020-07-17,US,Kansas,Kiowa,5,0,0,37.55848695,-99.2856537,20097.0,202.020202020202,0.0,5,3,0,0,3,3,2516,2,0,0,2,0
2020-07-17,US,Kansas,Labette,86,0,0,37.19113093,-95.29849679,20099.0,438.37292282597616,0.0,86,83,0,0,83,81,19964,3,0,0,3,2
2020-07-17,US,Kansas,Lane,5,0,0,38.48119447,-100.46607540000001,20101.0,325.73289902280135,0.0,5,5,0,0,5,5,1560,0,0,0,0,0
2020-07-17,US,Kansas,Leavenworth,1252,7,0,39.20183497,-95.03620809,20103.0,1531.3486142028914,0.5591054313099042,1245,1240,7,0,1233,1240,81352,12,0,0,12,0
2020-07-17,US,Kansas,Lincoln,5,0,0,39.04549684,-98.20756994,20105.0,168.8048615800135,0.0,5,4,0,0,4,4,3023,1,0,0,1,0
2020-07-17,US,Kansas,Linn,20,0,0,38.21267844,-94.84254089,20107.0,206.1218179944347,0.0,20,18,0,0,18,18,9750,2,0,0,2,0
2020-07-17,US,Kansas,Logan,2,0,0,38.91735806,-101.148475,20109.0,71.58196134574086,0.0,2,2,0,0,2,2,2844,0,0,0,0,0
2020-07-17,US,Kansas,Lyon,550,7,0,38.45576156,-96.15275715,20111.0,1656.8760355475222,1.2727272727272727,543,536,7,0,529,536,33406,14,0,0,14,0
2020-07-17,US,Kansas,Marion,23,1,0,38.35855394,-97.09852509999999,20115.0,193.53752945136318,4.3478260869565215,22,22,1,0,21,22,11950,1,0,0,1,0
2020-07-17,US,Kansas,Marshall,7,0,0,39.78359669,-96.52278974,20117.0,72.11290821056969,0.0,7,7,0,0,7,7,9722,0,0,0,0,0
2020-07-17,US,Kansas,McPherson,94,0,0,38.39184858,-97.64769869,20113.0,329.3392193959778,0.0,94,94,0,0,94,91,28537,0,0,0,0,3
2020-07-17,US,Kansas,Meade,31,0,0,37.23859987,-100.36483100000001,20119.0,768.6585668237044,0.0,31,30,0,0,30,30,4146,1,0,0,1,0
2020-07-17,US,Kansas,Miami,69,0,0,38.56383358,-94.83832189,20121.0,201.5363495633379,0.0,69,67,0,0,67,67,33680,2,0,0,2,0
2020-07-17,US,Kansas,Mitchell,19,0,0,39.39331582,-98.20906732,20123.0,317.7788927914367,0.0,19,16,0,0,16,16,6150,3,0,0,3,0
2020-07-17,US,Kansas,Montgomery,77,3,0,37.19236568,-95.74329258,20125.0,241.9177479656917,3.8961038961038965,74,75,3,0,72,73,32120,2,0,0,2,2
2020-07-17,US,Kansas,Morris,6,0,0,38.68827511,-96.65128437,20127.0,106.76156583629893,0.0,6,5,0,0,5,5,5521,1,0,0,1,0
2020-07-17,US,Kansas,Morton,7,2,0,37.19141121,-101.79925190000002,20129.0,270.5836876691148,28.57142857142857,5,7,2,0,5,7,2667,0,0,0,0,0
2020-07-17,US,Kansas,Nemaha,37,0,0,39.78345387,-96.01392079,20131.0,361.6459779102727,0.0,37,34,0,0,34,34,10155,3,0,0,3,0
2020-07-17,US,Kansas,Neosho,48,0,0,37.55862897,-95.30670046,20133.0,299.86880739676394,0.0,48,45,0,0,45,45,15951,3,0,0,3,0
2020-07-17,US,Kansas,Ness,5,0,0,38.47974157,-99.91547333,20135.0,181.8181818181818,0.0,5,5,0,0,5,5,2840,0,0,0,0,0
2020-07-17,US,Kansas,Norton,22,0,0,39.78443827,-99.90286639,20137.0,410.37119940309645,0.0,22,22,0,0,22,22,5430,0,0,0,0,0
2020-07-17,US,Kansas,Osage,33,0,0,38.65235984,-95.72707998,20139.0,206.90952410809456,0.0,33,30,0,0,30,30,15941,3,0,0,3,0
2020-07-17,US,Kansas,Osborne,3,0,0,39.3503437,-98.76753828,20141.0,87.69365682548961,0.0,3,3,0,0,3,3,3475,0,0,0,0,0
2020-07-17,US,Kansas,Ottawa,22,0,0,39.13237408,-97.65020313,20143.0,385.6942496493689,0.0,22,20,0,0,20,20,5802,2,0,0,2,0
2020-07-17,US,Kansas,Pawnee,7,0,0,38.18108732,-99.23692334,20145.0,109.13626442157779,0.0,7,7,0,0,7,7,6562,0,0,0,0,0
2020-07-17,US,Kansas,Phillips,38,4,0,39.78465501,-99.34668865,20147.0,726.0221627818112,10.526315789473683,34,38,4,0,34,38,5317,0,0,0,0,0
2020-07-17,US,Kansas,Pottawatomie,92,0,0,39.37925655,-96.34564657,20149.0,377.3120616823197,0.0,92,90,0,0,90,90,24277,2,0,0,2,0
2020-07-17,US,Kansas,Pratt,24,0,0,37.64780729,-98.73922153,20151.0,261.89436927106067,0.0,24,22,0,0,22,22,9378,2,0,0,2,0
2020-07-17,US,Kansas,Reno,155,0,0,37.95230263,-98.08607292,20155.0,250.0080647762831,0.0,155,142,0,0,142,143,62342,13,0,0,13,-1
2020-07-17,US,Kansas,Republic,21,0,0,39.82799632,-97.65036709,20157.0,452.97670405522,0.0,21,21,0,0,21,21,4664,0,0,0,0,0
2020-07-17,US,Kansas,Rice,12,0,0,38.34616184,-98.19992118,20159.0,125.82573136206354,0.0,12,10,0,0,10,10,9531,2,0,0,2,0
2020-07-17,US,Kansas,Riley,382,3,0,39.28935726,-96.73420026,20161.0,514.6028666882207,0.7853403141361257,379,374,3,0,371,371,73703,8,0,0,8,3
2020-07-17,US,Kansas,Rooks,9,0,0,39.35022773,-99.32484567,20163.0,182.9268292682927,0.0,9,9,0,0,9,9,5013,0,0,0,0,0
2020-07-17,US,Kansas,Rush,4,0,0,38.52275276,-99.30863983,20165.0,131.75230566534916,0.0,4,4,0,0,4,4,3093,0,0,0,0,0
2020-07-17,US,Kansas,Russell,4,0,0,38.91462787,-98.76254297,20167.0,58.343057176196034,0.0,4,2,0,0,2,2,6907,2,0,0,2,0
2020-07-17,US,Kansas,Saline,263,3,0,38.78369175,-97.65185177,20169.0,485.0250811448805,1.1406844106463878,260,250,3,0,247,250,54401,13,0,0,13,0
2020-07-17,US,Kansas,Scott,19,0,0,38.48222076,-100.90665390000001,20171.0,393.94567696454493,0.0,19,19,0,0,19,19,4897,0,0,0,0,0
2020-07-17,US,Kansas,Sedgwick,2473,32,0,37.6842718,-97.4608198,20173.0,479.224559241302,1.2939749292357459,2441,2386,32,0,2354,2293,513607,87,0,0,87,93
2020-07-17,US,Kansas,Seward,1105,2,0,37.19324632,-100.85072009999999,20175.0,5156.804181444839,0.18099547511312214,1103,1105,2,0,1103,1105,21780,0,0,0,0,0
2020-07-17,US,Kansas,Shawnee,1140,13,0,39.04100763,-95.75572640000001,20177.0,644.5229681978799,1.1403508771929824,1127,1109,13,0,1096,1082,177499,31,0,0,31,27
2020-07-17,US,Kansas,Sheridan,7,0,0,39.35018161,-100.44182590000001,20179.0,277.66759222530743,0.0,7,7,0,0,7,7,2533,0,0,0,0,0
2020-07-17,US,Kansas,Sherman,9,0,0,39.35147699,-101.71976240000001,20181.0,152.1041068108839,0.0,9,9,0,0,9,9,5899,0,0,0,0,0
2020-07-17,US,Kansas,Smith,3,0,0,39.78516566,-98.78566062,20183.0,83.72871895060004,0.0,3,3,0,0,3,3,3603,0,0,0,0,0
2020-07-17,US,Kansas,Stafford,2,0,0,38.03100851,-98.71762001,20185.0,48.12319538017324,0.0,2,2,0,0,2,2,4178,0,0,0,0,0
2020-07-17,US,Kansas,Stanton,12,0,0,37.56304714,-101.78435340000001,20187.0,598.2053838484546,0.0,12,12,0,0,12,12,1987,0,0,0,0,0
2020-07-17,US,Kansas,Stevens,39,0,0,37.1923008,-101.3118967,20189.0,711.0300820419327,0.0,39,38,0,0,38,38,5559,1,0,0,1,0
2020-07-17,US,Kansas,Sumner,58,2,0,37.23682549,-97.47721621,20191.0,253.98493606586086,3.4482758620689653,56,49,1,0,48,49,22996,9,1,0,8,0
2020-07-17,US,Kansas,Thomas,20,0,0,39.35107575,-101.0553705,20193.0,257.1685740002572,0.0,20,19,0,0,19,19,7711,1,0,0,1,0
2020-07-17,US,Kansas,Trego,5,0,0,38.91467218,-99.87284448,20195.0,178.38030681412772,0.0,5,5,0,0,5,5,2793,0,0,0,0,0
2020-07-17,US,Kansas,Unassigned,0,1,0,0.0,0.0,90020.0,0.0,0.0,-1,0,1,0,-1,0,,0,0,0,0,0
2020-07-17,US,Kansas,Wabaunsee,39,0,0,38.95471985,-96.20350509,20197.0,562.6893666137644,0.0,39,38,0,0,38,38,6899,1,0,0,1,0
2020-07-17,US,Kansas,Washington,2,0,0,39.78420784,-97.08753229999999,20201.0,36.99593044765076,0.0,2,1,0,0,1,1,5420,1,0,0,1,0
2020-07-17,US,Kansas,Wilson,5,0,0,37.55937174,-95.74323255,20205.0,58.65102639296187,0.0,5,4,0,0,4,4,8665,1,0,0,1,0
2020-07-17,US,Kansas,Woodson,10,0,0,37.8865336,-95.74006277,20207.0,318.6743148502232,0.0,10,10,0,0,10,10,3183,0,0,0,0,0
2020-07-17,US,Kansas,Wyandotte,3433,88,0,39.11727348,-94.76378225,20209.0,2075.2105132715546,2.5633556655986016,3345,3318,88,0,3230,3151,165324,115,0,0,115,167
2020-07-17,US,Kentucky,Adair,157,19,0,37.10459774,-85.28129668,21001.0,817.6231642537234,12.101910828025478,138,157,19,0,138,151,19215,0,0,0,0,6
2020-07-17,US,Kentucky,Allen,198,7,0,36.75197631,-86.19457544,21003.0,928.9232934553132,3.5353535353535355,191,196,7,0,189,195,21122,2,0,0,2,1
2020-07-17,US,Kentucky,Anderson,34,1,0,38.00671029,-84.99171713,21005.0,149.47025981448104,2.9411764705882355,33,34,1,0,33,34,22663,0,0,0,0,0
2020-07-17,US,Kentucky,Ballard,25,0,0,37.05842757,-88.99427697,21007.0,316.9371196754564,0.0,25,22,0,0,22,22,7979,3,0,0,3,0
2020-07-17,US,Kentucky,Barren,150,2,0,36.96469836,-85.93338945,21009.0,338.99071165450067,1.3333333333333333,148,144,2,0,142,137,44176,6,0,0,6,7
2020-07-17,US,Kentucky,Bath,23,1,0,38.14735938,-83.74588932,21011.0,184.0,4.3478260869565215,22,23,1,0,22,22,12383,0,0,0,0,1
2020-07-17,US,Kentucky,Bell,141,1,0,36.73355174,-83.67766671,21013.0,541.641057160418,0.7092198581560284,140,132,0,0,132,121,26569,9,1,0,8,11
2020-07-17,US,Kentucky,Boone,801,23,0,38.97065142,-84.72615357,21015.0,599.6361758034451,2.8714107365792763,778,785,23,0,762,763,131533,16,0,0,16,22
2020-07-17,US,Kentucky,Bourbon,52,1,0,38.2054607,-84.21827874,21017.0,262.7855265817667,1.9230769230769231,51,49,1,0,48,48,20184,3,0,0,3,1
2020-07-17,US,Kentucky,Boyd,111,3,0,38.36176608,-82.68652187,21019.0,237.59578749090286,2.702702702702702,108,106,3,0,103,105,47240,5,0,0,5,1
2020-07-17,US,Kentucky,Boyle,57,0,0,37.62680923,-84.8633779,21021.0,189.620758483034,0.0,57,52,0,0,52,50,30100,5,0,0,5,2
2020-07-17,US,Kentucky,Bracken,22,0,0,38.69158994,-84.08532444,21023.0,264.96447067325056,0.0,22,21,0,0,21,20,8239,1,0,0,1,1
2020-07-17,US,Kentucky,Breathitt,16,0,0,37.52333168,-83.31959161,21025.0,126.6825019794141,0.0,16,16,0,0,16,15,12726,0,0,0,0,1
2020-07-17,US,Kentucky,Breckinridge,35,2,0,37.77377239,-86.42885017,21027.0,170.92347511842556,5.7142857142857135,33,33,2,0,31,31,20388,2,0,0,2,2
2020-07-17,US,Kentucky,Bullitt,190,4,0,37.97162523,-85.68955617,21029.0,232.6264753415936,2.1052631578947367,186,186,4,0,182,184,81069,4,0,0,4,2
2020-07-17,US,Kentucky,Butler,276,14,0,37.20946153,-86.68748787,21031.0,2143.0235266713253,5.0724637681159415,262,269,14,0,255,268,12772,7,0,0,7,1
2020-07-17,US,Kentucky,Caldwell,38,0,0,37.14749129,-87.86948214,21033.0,298.109359064878,0.0,38,38,0,0,38,36,12715,0,0,0,0,2
2020-07-17,US,Kentucky,Calloway,125,1,0,36.62093411,-88.2731593,21035.0,320.5046024460911,0.8,124,121,1,0,120,119,39135,4,0,0,4,2
2020-07-17,US,Kentucky,Campbell,365,13,0,38.94384345,-84.37875208,21037.0,390.0239357155069,3.5616438356164384,352,351,13,0,338,343,93152,14,0,0,14,8
2020-07-17,US,Kentucky,Carlisle,13,1,0,36.85372876,-88.96692220000001,21039.0,273.109243697479,7.6923076923076925,12,13,1,0,12,13,4771,0,0,0,0,0
2020-07-17,US,Kentucky,Carroll,100,2,0,38.66599534,-85.12601074,21041.0,940.6452826639073,2.0,98,97,1,0,96,96,10737,3,1,0,2,1
2020-07-17,US,Kentucky,Carter,58,1,0,38.31690743,-83.05092385,21043.0,216.44213904541562,1.7241379310344829,57,56,1,0,55,54,27004,2,0,0,2,2
2020-07-17,US,Kentucky,Casey,89,5,0,37.32533118,-84.92726209,21045.0,550.7766569713473,5.617977528089888,84,79,4,0,75,68,15888,10,1,0,9,11
2020-07-17,US,Kentucky,Christian,334,4,0,36.89267803,-87.49055367,21047.0,474.0210896808163,1.1976047904191616,330,320,4,0,316,321,71671,14,0,0,14,-1
2020-07-17,US,Kentucky,Clark,120,6,0,37.9689263,-84.14615986,21049.0,330.915809502799,5.0,114,119,6,0,113,117,36249,1,0,0,1,2
2020-07-17,US,Kentucky,Clay,105,4,0,37.16451126,-83.712575,21051.0,527.6116778051354,3.809523809523809,101,98,4,0,94,97,20105,7,0,0,7,1
2020-07-17,US,Kentucky,Clinton,9,0,0,36.72581156,-85.13377529,21053.0,88.07985907222547,0.0,9,7,0,0,7,9,10206,2,0,0,2,-2
2020-07-17,US,Kentucky,Crittenden,18,1,0,37.35839237,-88.08826090000002,21055.0,204.40608675902803,5.5555555555555545,17,14,1,0,13,13,8915,4,0,0,4,1
2020-07-17,US,Kentucky,Cumberland,8,0,0,36.78926125,-85.39050034,21057.0,120.95554883580284,0.0,8,8,0,0,8,8,6659,0,0,0,0,0
2020-07-17,US,Kentucky,Daviess,553,8,0,37.73028906,-87.09019479999998,21059.0,544.7685472510368,1.4466546112115732,545,539,8,0,531,534,101104,14,0,0,14,5
2020-07-17,US,Kentucky,Edmonson,82,12,0,37.21218923,-86.23955613,21061.0,674.8971193415637,14.634146341463413,70,82,12,0,70,82,12274,0,0,0,0,0
2020-07-17,US,Kentucky,Elliott,6,0,0,38.11624059,-83.09771563,21063.0,79.81907675934548,0.0,6,5,0,0,5,5,7508,1,0,0,1,0
2020-07-17,US,Kentucky,Estill,7,0,0,37.69241417,-83.95956369,21065.0,49.62427335885439,0.0,7,7,0,0,7,7,14198,0,0,0,0,0
2020-07-17,US,Kentucky,Fayette,2046,41,0,38.0368225,-84.45576892,21067.0,633.1385849383572,2.003910068426197,2005,2008,40,0,1968,2001,323780,38,1,0,37,7
2020-07-17,US,Kentucky,Fleming,36,0,0,38.36758311,-83.69657514,21069.0,246.89664632055408,0.0,36,33,0,0,33,31,14432,3,0,0,3,2
2020-07-17,US,Kentucky,Floyd,51,1,0,37.56213922,-82.74750924,21071.0,143.3027058922701,1.96078431372549,50,49,1,0,48,43,35845,2,0,0,2,6
2020-07-17,US,Kentucky,Franklin,176,5,0,38.2379395,-84.87962551,21073.0,345.1589496185601,2.8409090909090913,171,169,4,0,165,169,50815,7,1,0,6,0
2020-07-17,US,Kentucky,Fulton,31,1,0,36.55238827,-89.20140068,21075.0,519.3499748701627,3.2258064516129035,30,30,1,0,29,29,6120,1,0,0,1,1
2020-07-17,US,Kentucky,Gallatin,71,8,0,38.75398691,-84.8558382,21077.0,800.5412109595219,11.267605633802814,63,71,8,0,63,69,8832,0,0,0,0,2
2020-07-17,US,Kentucky,Garrard,43,0,0,37.638866799999995,-84.53289319,21079.0,243.4054115249632,0.0,43,42,0,0,42,42,17560,1,0,0,1,0
2020-07-17,US,Kentucky,Grant,73,5,0,38.64962758,-84.62415957,21081.0,291.1962982169213,6.849315068493151,68,71,5,0,66,70,25121,2,0,0,2,1
2020-07-17,US,Kentucky,Graves,357,21,0,36.72292505,-88.65143315,21083.0,957.9777813556592,5.882352941176472,336,349,21,0,328,334,37317,8,0,0,8,15
2020-07-17,US,Kentucky,Grayson,156,11,0,37.46231118,-86.34248968,21085.0,590.3053695084573,7.05128205128205,145,156,11,0,145,152,26321,0,0,0,0,4
2020-07-17,US,Kentucky,Green,14,1,0,37.26484328,-85.5540745,21087.0,127.95905310300705,7.142857142857142,13,13,1,0,12,13,11049,1,0,0,1,0
2020-07-17,US,Kentucky,Greenup,48,0,0,38.54332505,-82.9215658,21089.0,136.75992934070317,0.0,48,47,0,0,47,45,35268,1,0,0,1,2
2020-07-17,US,Kentucky,Hancock,33,0,0,37.83766422,-86.78280584,21091.0,378.3535886264617,0.0,33,33,0,0,33,33,8758,0,0,0,0,0
2020-07-17,US,Kentucky,Hardin,323,7,0,37.6976111,-85.96319251,21093.0,291.10113736729215,2.1671826625387,316,307,7,0,300,299,110356,16,0,0,16,8
2020-07-17,US,Kentucky,Harlan,64,2,0,36.85699301,-83.21899516,21095.0,246.05920799692427,3.125,62,61,2,0,59,58,26409,3,0,0,3,3
2020-07-17,US,Kentucky,Harrison,87,0,0,38.44188174,-84.32869741,21097.0,460.658688975961,0.0,87,86,0,0,86,86,18778,1,0,0,1,0
2020-07-17,US,Kentucky,Hart,54,0,0,37.29943898,-85.88461055,21099.0,283.6879432624113,0.0,54,52,0,0,52,50,18906,2,0,0,2,2
2020-07-17,US,Kentucky,Henderson,221,3,0,37.79344553,-87.57392021,21101.0,488.82990488829904,1.3574660633484164,218,221,3,0,218,221,45591,0,0,0,0,0
2020-07-17,US,Kentucky,Henry,52,2,0,38.44942688,-85.11587507,21103.0,322.46062259704826,3.8461538461538463,50,50,2,0,48,49,16106,2,0,0,2,1
2020-07-17,US,Kentucky,Hickman,12,0,0,36.67948079999999,-88.97875928,21105.0,273.97260273972597,0.0,12,10,0,0,10,8,4421,2,0,0,2,2
2020-07-17,US,Kentucky,Hopkins,337,33,0,37.30939025,-87.54670406,21107.0,754.151188291635,9.792284866468842,304,322,33,0,289,321,45068,15,0,0,15,1
2020-07-17,US,Kentucky,Jackson,118,14,0,37.41866422,-83.99825483,21109.0,885.2877185085154,11.864406779661017,104,118,14,0,104,118,13442,0,0,0,0,0
2020-07-17,US,Kentucky,Jefferson,4861,213,0,38.18664655,-85.65931031,21111.0,633.968780200246,4.381814441472948,4648,4778,211,0,4567,4709,770517,83,2,0,81,69
2020-07-17,US,Kentucky,Jessamine,166,0,0,37.87119786,-84.58252003,21113.0,306.75413471311094,0.0,166,155,0,0,155,154,53920,11,0,0,11,1
2020-07-17,US,Kentucky,Johnson,13,0,0,37.85106355,-82.8264322,21115.0,58.590228952586976,0.0,13,12,0,0,12,12,22386,1,0,0,1,0
2020-07-17,US,Kentucky,Kenton,961,37,0,38.93950319,-84.53241199,21117.0,575.4559934849518,3.8501560874089487,924,944,37,0,907,927,166051,17,0,0,17,17
2020-07-17,US,Kentucky,Knott,24,0,0,37.35388197,-82.94981134,21119.0,162.09644738619482,0.0,24,23,0,0,23,23,15126,1,0,0,1,0
2020-07-17,US,Kentucky,Knox,122,7,0,36.89225732,-83.85403396,21121.0,391.71616631883126,5.737704918032787,115,117,7,0,110,113,31304,5,0,0,5,4
2020-07-17,US,Kentucky,Larue,25,1,0,37.54567114,-85.70138352,21123.0,173.6352271148771,4.0,24,25,1,0,24,21,14307,0,0,0,0,4
2020-07-17,US,Kentucky,Laurel,225,4,0,37.10975748,-84.11321779,21125.0,369.9866804795028,1.7777777777777777,221,217,4,0,213,210,60669,8,0,0,8,7
2020-07-17,US,Kentucky,Lawrence,14,0,0,38.07136018,-82.72882223,21127.0,91.4017105177254,0.0,14,14,0,0,14,14,15571,0,0,0,0,0
2020-07-17,US,Kentucky,Lee,1,0,0,37.59645942,-83.71513901,21129.0,13.508037282182901,0.0,1,1,0,0,1,1,7033,0,0,0,0,0
2020-07-17,US,Kentucky,Leslie,13,0,0,37.09246661,-83.37999606,21131.0,131.61891262529107,0.0,13,13,0,0,13,12,10143,0,0,0,0,1
2020-07-17,US,Kentucky,Letcher,22,0,0,37.12306748,-82.85346474,21133.0,102.07395722173248,0.0,22,22,0,0,22,21,21899,0,0,0,0,1
2020-07-17,US,Kentucky,Lewis,25,0,0,38.53184419,-83.37735618,21135.0,188.32391713747646,0.0,25,24,0,0,24,24,13257,1,0,0,1,0
2020-07-17,US,Kentucky,Lincoln,69,1,0,37.45475628,-84.6565327,21137.0,281.0705120371502,1.4492753623188406,68,65,1,0,64,61,24644,4,0,0,4,4
2020-07-17,US,Kentucky,Livingston,23,0,0,37.21137452,-88.34797529,21139.0,250.16314988035674,0.0,23,23,0,0,23,23,9242,0,0,0,0,0
2020-07-17,US,Kentucky,Logan,264,14,0,36.85949479,-86.877635,21141.0,974.0978525570067,5.303030303030303,250,261,14,0,247,254,26989,3,0,0,3,7
2020-07-17,US,Kentucky,Lyon,25,3,0,37.02080035,-88.07886257,21143.0,304.50669914738125,12.0,22,25,3,0,22,24,8009,0,0,0,0,1
2020-07-17,US,Kentucky,Madison,250,1,0,37.71659336,-84.27220275,21151.0,268.8547861529031,0.4,249,232,1,0,231,221,92368,18,0,0,18,11
2020-07-17,US,Kentucky,Magoffin,7,0,0,37.70820545,-83.0657714,21153.0,57.561055834224156,0.0,7,7,0,0,7,7,12362,0,0,0,0,0
2020-07-17,US,Kentucky,Marion,78,0,0,37.55218078,-85.26898542,21155.0,404.7112540860272,0.0,78,76,0,0,76,70,19404,2,0,0,2,6
2020-07-17,US,Kentucky,Marshall,87,2,0,36.88007070000001,-88.32803576,21157.0,279.74276527331193,2.2988505747126435,85,82,2,0,80,81,31191,5,0,0,5,1
2020-07-17,US,Kentucky,Martin,13,0,0,37.79990579,-82.51247478,21159.0,116.12326931665922,0.0,13,12,0,0,12,12,11323,1,0,0,1,0
2020-07-17,US,Kentucky,Mason,40,1,0,38.59471935,-83.82151043,21161.0,234.3292325717633,2.5,39,40,1,0,39,40,17150,0,0,0,0,0
2020-07-17,US,Kentucky,McCracken,227,3,0,37.05350953,-88.70445755,21145.0,346.99929682961874,1.3215859030837005,224,222,3,0,219,215,65346,5,0,0,5,7
2020-07-17,US,Kentucky,McCreary,19,0,0,36.73874143,-84.48102924,21147.0,110.26638036097731,0.0,19,19,0,0,19,19,17408,0,0,0,0,0
2020-07-17,US,Kentucky,McLean,34,1,0,37.5301951,-87.26803443,21149.0,369.28424025198217,2.9411764705882355,33,31,1,0,30,29,9252,3,0,0,3,2
2020-07-17,US,Kentucky,Meade,42,2,0,37.96163597,-86.21028219,21163.0,146.99706005879884,4.761904761904762,40,40,2,0,38,38,28715,2,0,0,2,2
2020-07-17,US,Kentucky,Menifee,18,0,0,37.94090733,-83.59985712,21165.0,277.3925104022192,0.0,18,18,0,0,18,14,6451,0,0,0,0,4
2020-07-17,US,Kentucky,Mercer,32,0,0,37.81474237,-84.87488475,21167.0,145.89887384306752,0.0,32,31,0,0,31,31,21774,1,0,0,1,0
2020-07-17,US,Kentucky,Metcalfe,18,2,0,36.99459295,-85.63123699,21169.0,178.7310098302056,11.111111111111109,16,17,2,0,15,17,10030,1,0,0,1,0
2020-07-17,US,Kentucky,Monroe,57,2,0,36.71225341,-85.71596443,21171.0,535.2112676056339,3.5087719298245608,55,53,2,0,51,53,10718,4,0,0,4,0
2020-07-17,US,Kentucky,Montgomery,80,0,0,38.03253032,-83.9145241,21173.0,284.1211776822815,0.0,80,76,0,0,76,76,28203,4,0,0,4,0
2020-07-17,US,Kentucky,Morgan,21,0,0,37.92465657,-83.25558245,21175.0,157.78796303253438,0.0,21,20,0,0,20,20,13345,1,0,0,1,0
2020-07-17,US,Kentucky,Muhlenberg,564,9,0,37.21425819,-87.14632053,21177.0,1841.813075566586,1.5957446808510638,555,564,8,0,556,552,30774,0,1,0,-1,12
2020-07-17,US,Kentucky,Nelson,134,2,0,37.80335779,-85.4657193,21179.0,289.8362641403327,1.492537313432836,132,130,2,0,128,126,45851,4,0,0,4,4
2020-07-17,US,Kentucky,Nicholas,13,0,0,38.33342292,-84.01889177,21181.0,178.84165634887881,0.0,13,13,0,0,13,13,7166,0,0,0,0,0
2020-07-17,US,Kentucky,Ohio,268,1,0,37.47751843,-86.85368087,21183.0,1116.9459031424524,0.373134328358209,267,259,1,0,258,234,24087,9,0,0,9,25
2020-07-17,US,Kentucky,Oldham,195,7,0,38.39791089,-85.448222,21185.0,291.92053773260085,3.58974358974359,188,186,7,0,179,181,66470,9,0,0,9,5
2020-07-17,US,Kentucky,Owen,16,0,0,38.51679143,-84.82404619,21187.0,146.77552518117602,0.0,16,13,0,0,13,13,10880,3,0,0,3,0
2020-07-17,US,Kentucky,Owsley,3,0,0,37.42823949,-83.68811419,21189.0,67.95016987542469,0.0,3,3,0,0,3,3,4472,0,0,0,0,0
2020-07-17,US,Kentucky,Pendleton,25,0,0,38.69607718,-84.35599463,21191.0,171.35023989033584,0.0,25,24,0,0,24,23,14529,1,0,0,1,1
2020-07-17,US,Kentucky,Perry,114,2,0,37.25023553,-83.22922731,21193.0,442.5809457255998,1.7543859649122806,112,111,2,0,109,106,26092,3,0,0,3,5
2020-07-17,US,Kentucky,Pike,131,3,0,37.47088263,-82.39487445,21195.0,226.34598106296212,2.2900763358778624,128,131,3,0,128,129,58402,0,0,0,0,2
2020-07-17,US,Kentucky,Powell,20,0,0,37.83218794,-83.82553961,21197.0,161.82539040375434,0.0,20,17,0,0,17,15,12442,3,0,0,3,2
2020-07-17,US,Kentucky,Pulaski,138,2,0,37.10466131,-84.57629079,21199.0,212.376306191231,1.4492753623188406,136,134,2,0,132,134,64623,4,0,0,4,0
2020-07-17,US,Kentucky,Robertson,2,0,0,38.51923469,-84.05055616,21201.0,94.87666034155598,0.0,2,1,0,0,1,1,2135,1,0,0,1,0
2020-07-17,US,Kentucky,Rockcastle,38,0,0,37.36642393,-84.31176452,21203.0,227.61305780173703,0.0,38,37,0,0,37,34,16750,1,0,0,1,3
2020-07-17,US,Kentucky,Rowan,38,0,0,38.19484205,-83.42088935,21205.0,155.3556827473426,0.0,38,36,0,0,36,34,24583,2,0,0,2,2
2020-07-17,US,Kentucky,Russell,74,5,0,36.99308373,-85.06070117,21207.0,412.87730848630247,6.756756756756758,69,70,5,0,65,68,17821,4,0,0,4,2
2020-07-17,US,Kentucky,Scott,136,0,0,38.29622293,-84.5816631,21209.0,238.57974878955864,0.0,136,137,0,0,137,133,56031,-1,0,0,-1,4
2020-07-17,US,Kentucky,Shelby,591,20,0,38.21476019,-85.194223,21211.0,1205.5319843342036,3.3840947546531304,571,586,20,0,566,580,48518,5,0,0,5,6
2020-07-17,US,Kentucky,Simpson,95,3,0,36.74058474,-86.58047435,21213.0,511.522722377773,3.1578947368421053,92,94,3,0,91,93,18529,1,0,0,1,1
2020-07-17,US,Kentucky,Spencer,58,0,0,38.03223971,-85.32749335,21215.0,299.7261123456152,0.0,58,57,0,0,57,53,18794,1,0,0,1,4
2020-07-17,US,Kentucky,Taylor,65,1,0,37.3677562,-85.3329931,21217.0,252.24106484535682,1.5384615384615383,64,61,1,0,60,59,25549,4,0,0,4,2
2020-07-17,US,Kentucky,Todd,27,0,0,36.8381152,-87.17878374,21219.0,219.6193265007321,0.0,27,27,0,0,27,27,12311,0,0,0,0,0
2020-07-17,US,Kentucky,Trigg,36,0,0,36.80767017,-87.87333656,21221.0,245.71701590335132,0.0,36,32,0,0,32,31,14643,4,0,0,4,1
2020-07-17,US,Kentucky,Trimble,20,0,0,38.61056487,-85.33775972,21223.0,236.09963404556729,0.0,20,18,0,0,18,16,8515,2,0,0,2,2
2020-07-17,US,Kentucky,Union,34,0,0,37.66166713,-87.94300009,21225.0,236.42305820179402,0.0,34,33,0,0,33,33,14505,1,0,0,1,0
2020-07-17,US,Kentucky,Warren,1879,18,0,36.99903045,-86.42672751,21227.0,1413.8875511678305,0.9579563597658328,1861,1850,18,0,1832,1830,131264,29,0,0,29,20
2020-07-17,US,Kentucky,Washington,38,0,0,37.75599461,-85.17407732,21229.0,314.1794129805705,0.0,38,38,0,0,38,36,12084,0,0,0,0,2
2020-07-17,US,Kentucky,Wayne,31,0,0,36.80310688,-84.8251971,21231.0,152.4615157625535,0.0,31,28,0,0,28,26,20468,3,0,0,3,2
2020-07-17,US,Kentucky,Webster,59,0,0,37.52168356,-87.67989953,21233.0,455.88008035852266,0.0,59,57,0,0,57,57,13111,2,0,0,2,0
2020-07-17,US,Kentucky,Whitley,65,0,0,36.75700531,-84.14541217,21235.0,179.2411206706375,0.0,65,64,0,0,64,62,36242,1,0,0,1,2
2020-07-17,US,Kentucky,Wolfe,6,0,0,37.73941626,-83.49303612,21237.0,83.83400866284757,0.0,6,6,0,0,6,6,7177,0,0,0,0,0
2020-07-17,US,Kentucky,Woodford,95,0,0,38.04178222,-84.7417556,21239.0,355.3527343457769,0.0,95,93,0,0,93,91,26533,2,0,0,2,2
2020-07-17,US,Louisiana,Acadia,1610,48,0,30.295064899999996,-92.41419698,22001.0,2594.890805060843,2.9813664596273286,1562,1574,48,0,1526,1510,62190,36,0,0,36,64
2020-07-17,US,Louisiana,Allen,573,14,0,30.65385745,-92.82442028,22003.0,2235.9230499083,2.443280977312391,559,554,14,0,540,514,25605,19,0,0,19,40
2020-07-17,US,Louisiana,Ascension,1826,64,0,30.20406249,-90.91328409999998,22005.0,1442.2925026065527,3.504928806133625,1762,1755,64,0,1691,1710,124672,71,0,0,71,45
2020-07-17,US,Louisiana,Assumption,445,17,0,29.89946234,-91.06461642,22007.0,2032.7988671143398,3.820224719101124,428,439,17,0,422,435,22300,6,0,0,6,4
2020-07-17,US,Louisiana,Avoyelles,588,18,0,31.07796211,-92.00079449,22009.0,1464.726982861698,3.0612244897959178,570,565,17,0,548,549,40462,23,1,0,22,16
2020-07-17,US,Louisiana,Beauregard,441,9,0,30.64836518,-93.34173616,22011.0,1176.0940875270019,2.0408163265306123,432,414,9,0,405,385,37253,27,0,0,27,29
2020-07-17,US,Louisiana,Bienville,284,28,0,32.34569994,-93.05398492,22013.0,2144.8531077713164,9.859154929577462,256,278,28,0,250,275,13308,6,0,0,6,3
2020-07-17,US,Louisiana,Bossier,1474,43,0,32.67932307,-93.60460152,22015.0,1160.2736167633561,2.917232021709633,1431,1432,41,0,1391,1403,127185,42,2,0,40,29
2020-07-17,US,Louisiana,Caddo,4798,255,0,32.57991587,-93.88375652,22017.0,1997.468818171221,5.31471446436015,4543,4681,252,0,4429,4606,242922,117,3,0,114,75
2020-07-17,US,Louisiana,Calcasieu,4028,75,0,30.22931235,-93.35400434,22019.0,1979.983876993256,1.8619662363455811,3953,3864,75,0,3789,3705,203112,164,0,0,164,159
2020-07-17,US,Louisiana,Caldwell,133,1,0,32.0902519,-92.11752148,22021.0,1340.9961685823755,0.7518796992481203,132,129,1,0,128,127,9960,4,0,0,4,2
2020-07-17,US,Louisiana,Cameron,119,0,0,29.87592238,-93.19310676,22023.0,1706.5825326258425,0.0,119,119,0,0,119,117,6968,0,0,0,0,2
2020-07-17,US,Louisiana,Catahoula,221,3,0,31.66778967,-91.84526385,22025.0,2327.7859700863705,1.3574660633484164,218,220,3,0,217,218,9608,1,0,0,1,2
2020-07-17,US,Louisiana,Claiborne,161,10,0,32.82308512,-92.99526883,22027.0,1027.4409700063816,6.211180124223603,151,159,10,0,149,156,15944,2,0,0,2,3
2020-07-17,US,Louisiana,Concordia,169,7,0,31.44817835,-91.63814433,22029.0,877.5118126590165,4.142011834319527,162,167,7,0,160,159,19572,2,0,0,2,8
2020-07-17,US,Louisiana,De Soto,474,21,0,32.05457447,-93.74130302,22031.0,1725.9585624294505,4.4303797468354436,453,468,21,0,447,461,27436,6,0,0,6,7
2020-07-17,US,Louisiana,East Baton Rouge,8044,284,0,30.53842039,-91.09777565,22033.0,1827.9367084868163,3.5305818000994535,7760,7830,280,0,7550,7606,440956,214,4,0,210,224
2020-07-17,US,Louisiana,East Carroll,482,1,0,32.73926954,-91.23425694,22035.0,7025.214983238595,0.2074688796680498,481,476,1,0,475,463,7037,6,0,0,6,13
2020-07-17,US,Louisiana,East Feliciana,389,34,0,30.84425359,-91.04976723,22037.0,2032.9239613274106,8.740359897172238,355,383,34,0,349,374,19305,6,0,0,6,9
2020-07-17,US,Louisiana,Evangeline,414,2,0,30.72985248,-92.39915924,22039.0,1239.706542895643,0.4830917874396135,412,403,2,0,401,372,33443,11,0,0,11,31
2020-07-17,US,Louisiana,Franklin,610,14,0,32.13675181,-91.67589857,22041.0,3047.7142143392457,2.295081967213114,596,595,14,0,581,580,20156,15,0,0,15,15
2020-07-17,US,Louisiana,Grant,150,3,0,31.59882456,-92.56124347,22043.0,669.9718611818304,2.0,147,145,2,0,143,142,22482,5,1,0,4,3
2020-07-17,US,Louisiana,Iberia,1550,53,0,29.86803617,-91.75871777,22045.0,2219.676356866676,3.419354838709677,1497,1524,53,0,1471,1472,70941,26,0,0,26,52
2020-07-17,US,Louisiana,Iberville,896,43,0,30.25734305,-91.3499598,22047.0,2755.990280212851,4.799107142857143,853,887,43,0,844,871,32721,9,0,0,9,16
2020-07-17,US,Louisiana,Jackson,264,18,0,32.30251776,-92.55692092,22049.0,1676.8292682926829,6.8181818181818175,246,252,17,0,235,247,15902,12,1,0,11,5
2020-07-17,US,Louisiana,Jefferson,12030,498,0,29.74075478,-90.11115756,22051.0,2781.5479094459333,4.139650872817955,11532,11836,497,0,11339,11614,434051,194,1,0,193,222
2020-07-17,US,Louisiana,Jefferson Davis,721,14,0,30.26896765,-92.81210004,22053.0,2298.5207855139,1.9417475728155342,707,705,14,0,691,680,31582,16,0,0,16,25
2020-07-17,US,Louisiana,LaSalle,140,1,0,31.67884782,-92.15907765,22059.0,940.1020682245501,0.7142857142857143,139,135,1,0,134,130,14917,5,0,0,5,5
2020-07-17,US,Louisiana,Lafayette,4644,57,0,30.2049055,-92.06959876,22055.0,1900.2414174066041,1.227390180878553,4587,4520,57,0,4463,4352,242782,124,0,0,124,168
2020-07-17,US,Louisiana,Lafourche,1842,91,0,29.52470226,-90.40976986,22057.0,1887.024402237384,4.94028230184582,1751,1795,91,0,1704,1721,98115,47,0,0,47,74
2020-07-17,US,Louisiana,Lincoln,482,19,0,32.6003154,-92.66597409999999,22061.0,1031.1925035300158,3.941908713692946,463,473,19,0,454,468,47196,9,0,0,9,5
2020-07-17,US,Louisiana,Livingston,1796,42,0,30.44143993,-90.73061664,22063.0,1275.667843368445,2.338530066815145,1754,1721,41,0,1680,1685,139567,75,1,0,74,36
2020-07-17,US,Louisiana,Madison,468,6,0,32.36918118,-91.23973355,22065.0,4273.582321249201,1.2820512820512822,462,454,6,0,448,448,11161,14,0,0,14,6
2020-07-17,US,Louisiana,Morehouse,319,10,0,32.81686191,-91.80421614,22067.0,1282.4636166278042,3.134796238244514,309,308,10,0,298,300,25398,11,0,0,11,8
2020-07-17,US,Louisiana,Natchitoches,466,14,0,31.72321584,-93.09816516,22069.0,1221.2380103779026,3.004291845493562,452,454,14,0,440,443,38659,12,0,0,12,11
2020-07-17,US,Louisiana,Orleans,9160,544,0,30.06971951,-89.92660315,22071.0,2347.8510498687665,5.93886462882096,8616,9052,543,0,8509,8946,391006,108,1,0,107,106
2020-07-17,US,Louisiana,Ouachita,3475,95,0,32.47645559,-92.15704172,22073.0,2267.107692508432,2.733812949640288,3380,3388,95,0,3293,3296,154475,87,0,0,87,92
2020-07-17,US,Louisiana,Plaquemines,338,18,0,29.42245447,-89.60322085,22075.0,1457.084967883778,5.325443786982248,320,332,18,0,314,327,23410,6,0,0,6,5
2020-07-17,US,Louisiana,Pointe Coupee,467,28,0,30.71409502,-91.60209535,22077.0,2149.1026231017026,5.995717344753747,439,450,28,0,422,430,21940,17,0,0,17,20
2020-07-17,US,Louisiana,Rapides,2201,83,0,31.19778499,-92.52997303,22079.0,1697.6737010983584,3.771013175829169,2118,2159,81,0,2078,2104,130562,42,2,0,40,55
2020-07-17,US,Louisiana,Red River,118,9,0,32.09530039,-93.34213308,22081.0,1397.7730395640842,7.627118644067798,109,112,9,0,103,98,8477,6,0,0,6,14
2020-07-17,US,Louisiana,Richland,348,5,0,32.41391005,-91.76634876,22083.0,1729.4503528476293,1.4367816091954022,343,332,5,0,327,302,20192,16,0,0,16,30
2020-07-17,US,Louisiana,Sabine,274,3,0,31.56388699,-93.55433981,22085.0,1147.211522358064,1.094890510948905,271,261,1,0,260,242,24032,13,2,0,11,19
2020-07-17,US,Louisiana,St. Bernard,792,24,0,29.87761636,-89.51887093,22087.0,1676.4033528067057,3.0303030303030303,768,774,24,0,750,754,46721,18,0,0,18,20
2020-07-17,US,Louisiana,St. Charles,969,50,0,29.90709658,-90.35555967,22089.0,1824.8587570621467,5.159958720330239,919,929,50,0,879,913,52879,40,0,0,40,16
2020-07-17,US,Louisiana,St. Helena,156,1,0,30.82210324,-90.71013176,22091.0,1539.6762731938413,0.6410256410256411,155,147,1,0,146,145,10262,9,0,0,9,2
2020-07-17,US,Louisiana,St. James,500,30,0,30.02531716,-90.80212061,22093.0,2370.1175578308685,6.0,470,483,30,0,453,474,21037,17,0,0,17,9
2020-07-17,US,Louisiana,St. John the Baptist,1125,88,0,30.12597499,-90.4753503,22095.0,2626.2343301351634,7.822222222222222,1037,1115,88,0,1027,1106,43184,10,0,0,10,9
2020-07-17,US,Louisiana,St. Landry,1345,63,0,30.59724262,-92.00135806,22097.0,1637.7672787492083,4.684014869888477,1282,1308,60,0,1248,1243,82764,37,3,0,34,65
2020-07-17,US,Louisiana,St. Martin,1176,30,0,30.13112107,-91.61403569,22099.0,2200.969474649548,2.5510204081632653,1146,1149,30,0,1119,1129,53621,27,0,0,27,20
2020-07-17,US,Louisiana,St. Mary,990,39,0,29.69262097,-91.44702164,22101.0,2006.1603307124908,3.939393939393939,951,959,39,0,920,901,49774,31,0,0,31,58
2020-07-17,US,Louisiana,St. Tammany,3569,188,0,30.40942847,-89.95642711,22103.0,1370.4837204658647,5.267581955729897,3381,3474,188,0,3286,3395,258111,95,0,0,95,79
2020-07-17,US,Louisiana,Tangipahoa,2217,46,0,30.62888673,-90.40664996,22105.0,1645.171344187358,2.074875958502481,2171,2142,46,0,2096,2081,133777,75,0,0,75,61
2020-07-17,US,Louisiana,Tensas,38,0,0,32.00760749,-91.32915234,22107.0,876.7881864328565,0.0,38,38,0,0,38,37,4462,0,0,0,0,1
2020-07-17,US,Louisiana,Terrebonne,1963,68,0,29.37343766,-90.82626855,22109.0,1777.0977992232556,3.464085583290881,1895,1901,67,0,1834,1824,111021,62,1,0,61,77
2020-07-17,US,Louisiana,Unassigned,4,110,0,0.0,0.0,90022.0,0.0,2750.0,-106,3,110,0,-107,2,,1,0,0,1,1
2020-07-17,US,Louisiana,Union,495,30,0,32.83121059,-92.3749373,22111.0,2239.008503709065,6.0606060606060606,465,491,30,0,461,488,22330,4,0,0,4,3
2020-07-17,US,Louisiana,Vermilion,717,9,0,29.83517605,-92.30292538,22113.0,1204.8192771084334,1.2552301255230125,708,689,9,0,680,655,59830,28,0,0,28,34
2020-07-17,US,Louisiana,Vernon,346,12,0,31.10884837,-93.18153838,22115.0,729.5114803179489,3.4682080924855487,334,322,11,0,311,319,48860,24,1,0,23,3
2020-07-17,US,Louisiana,Washington,919,51,0,30.85288548,-90.03866652,22117.0,1989.435857470667,5.549510337323177,868,904,51,0,853,883,46582,15,0,0,15,21
2020-07-17,US,Louisiana,Webster,601,12,0,32.70847669,-93.33121835,22119.0,1567.5534689619196,1.9966722129783692,589,576,12,0,564,564,38798,25,0,0,25,12
2020-07-17,US,Louisiana,West Baton Rouge,455,32,0,30.46058217,-91.30989571,22121.0,1719.251842055545,7.032967032967032,423,439,32,0,407,427,26427,16,0,0,16,12
2020-07-17,US,Louisiana,West Carroll,191,5,0,32.78550125,-91.461201,22123.0,1763.6195752539245,2.6178010471204187,186,182,5,0,177,173,10982,9,0,0,9,9
2020-07-17,US,Louisiana,West Feliciana,279,14,0,30.87882871,-91.41485379999999,22125.0,1792.137718396711,5.017921146953405,265,278,14,0,264,276,15460,1,0,0,1,2
2020-07-17,US,Louisiana,Winn,311,5,0,31.94449367,-92.63789413,22127.0,2236.7663981588034,1.6077170418006432,306,308,5,0,303,299,14134,3,0,0,3,9
2020-07-17,US,Maine,Androscoggin,509,4,0,44.1664747,-70.20380627,23001.0,470.0906009586523,0.7858546168958742,505,507,4,0,503,506,107679,2,0,0,2,1
2020-07-17,US,Maine,Aroostook,26,1,0,46.65926321,-68.59841248,23003.0,38.774140630825435,3.8461538461538463,25,25,1,0,24,24,67111,1,0,0,1,1
2020-07-17,US,Maine,Cumberland,1934,67,0,43.8370751,-70.37226999,23005.0,655.5865533570845,3.4643226473629785,1867,1911,67,0,1844,1901,293557,23,0,0,23,10
2020-07-17,US,Maine,Franklin,42,1,0,44.97330019,-70.44381045,23007.0,139.07745289579123,2.380952380952381,41,41,1,0,40,41,29897,1,0,0,1,0
2020-07-17,US,Maine,Hancock,19,1,0,44.59816444,-68.38401854,23009.0,34.553621765144484,5.2631578947368425,18,19,1,0,18,18,54811,0,0,0,0,1
2020-07-17,US,Maine,Kennebec,148,10,0,44.40759555,-69.76738544,23011.0,121.01192130954523,6.756756756756758,138,147,10,0,137,147,122083,1,0,0,1,0
2020-07-17,US,Maine,Knox,25,1,0,44.11486325,-69.10529169,23013.0,62.858292265915715,4.0,24,25,1,0,24,25,39771,0,0,0,0,0
2020-07-17,US,Maine,Lincoln,29,0,0,44.05996956,-69.54227124,23015.0,83.73274816654155,0.0,29,27,0,0,27,26,34342,2,0,0,2,1
2020-07-17,US,Maine,Oxford,49,0,0,44.49952995,-70.75682123,23017.0,84.51918930573521,0.0,49,48,0,0,48,48,57618,1,0,0,1,0
2020-07-17,US,Maine,Penobscot,129,5,0,45.40194593,-68.65020455,23019.0,84.7858663932487,3.875968992248062,124,126,4,0,122,125,151096,3,1,0,2,1
2020-07-17,US,Maine,Piscataquis,4,0,0,45.83839062,-69.2860223,23021.0,23.83080131069407,0.0,4,4,0,0,4,4,16800,0,0,0,0,0
2020-07-17,US,Maine,Sagadahoc,34,0,0,43.95415864,-69.85074999,23023.0,94.82373940205264,0.0,34,34,0,0,34,34,35634,0,0,0,0,0
2020-07-17,US,Maine,Somerset,32,0,0,45.51229767,-69.95995554,23025.0,63.38641945963077,0.0,32,31,0,0,31,31,50592,1,0,0,1,0
2020-07-17,US,Maine,Unassigned,3,0,0,0.0,0.0,90023.0,0.0,0.0,3,4,0,0,4,3,,-1,0,0,-1,1
2020-07-17,US,Maine,Waldo,60,14,0,44.4858305,-69.12061935,23027.0,151.07641948885808,23.33333333333333,46,60,14,0,46,60,39694,0,0,0,0,0
2020-07-17,US,Maine,Washington,5,0,0,45.01607142,-67.62813524,23029.0,15.934223525287615,0.0,5,5,0,0,5,5,31490,0,0,0,0,0
2020-07-17,US,Maine,York,588,11,0,43.47808377,-70.71052375,23031.0,283.1810673229276,1.870748299319728,577,584,11,0,573,580,206229,4,0,0,4,4
2020-07-17,US,Maryland,Allegany,227,18,0,39.62357628,-78.69280486,24001.0,322.3699159281981,7.929515418502202,209,224,18,0,206,222,70975,3,0,0,3,2
2020-07-17,US,Maryland,Anne Arundel,5813,211,0,39.00670238,-76.60329337,24003.0,1003.5667795744034,3.6297952864269742,5602,5735,211,0,5524,5683,576031,78,0,0,78,52
2020-07-17,US,Maryland,Baltimore,9376,505,0,39.45784712,-76.62911955,24005.0,1133.2293895113432,5.386092150170648,8871,9261,504,0,8757,9153,828431,115,1,0,114,108
2020-07-17,US,Maryland,Baltimore City,9141,374,0,39.30211911,-76.61151012,24510.0,1540.211292523884,4.091456077015644,8767,8998,373,0,8625,8835,621342,143,1,0,142,163
2020-07-17,US,Maryland,Calvert,479,27,0,38.53961642,-76.56820632,24009.0,517.6979194812213,5.636743215031316,452,467,27,0,440,459,92003,12,0,0,12,8
2020-07-17,US,Maryland,Caroline,351,3,0,38.87172293,-75.82904158,24011.0,1050.7094533916065,0.8547008547008547,348,350,3,0,347,347,33304,1,0,0,1,3
2020-07-17,US,Maryland,Carroll,1248,116,0,39.56453592,-77.02373735,24013.0,740.885857272614,9.294871794871796,1132,1235,116,0,1119,1228,168429,13,0,0,13,7
2020-07-17,US,Maryland,Cecil,542,29,0,39.56647682,-75.94627411,24015.0,526.955422682417,5.350553505535054,513,538,29,0,509,536,102826,4,0,0,4,2
2020-07-17,US,Maryland,Charles,1583,90,0,38.51092331,-76.98580666,24017.0,969.6368302737402,5.6854074542008854,1493,1567,90,0,1477,1552,161503,16,0,0,16,15
2020-07-17,US,Maryland,Dorchester,232,5,0,38.45413522,-76.02752426,24019.0,726.6121707538601,2.155172413793104,227,231,5,0,226,219,31998,1,0,0,1,12
2020-07-17,US,Maryland,Frederick,2661,120,0,39.47296601,-77.39999394,24021.0,1025.247835652117,4.509582863585118,2541,2655,120,0,2535,2635,255648,6,0,0,6,20
2020-07-17,US,Maryland,Garrett,30,0,0,39.52786077,-79.27355126,24023.0,103.39835941269732,0.0,30,29,0,0,29,28,29163,1,0,0,1,1
2020-07-17,US,Maryland,Harford,1351,66,0,39.55010644,-76.30775940000002,24025.0,528.8892542700663,4.8852701702442625,1285,1336,66,0,1270,1325,253956,15,0,0,15,11
2020-07-17,US,Maryland,Howard,2983,97,0,39.25305293,-76.93126208,24027.0,915.9016242439128,3.2517599731813616,2886,2957,97,0,2860,2922,323196,26,0,0,26,35
2020-07-17,US,Maryland,Kent,215,23,0,39.24976208,-76.04741541,24029.0,1106.9920708474926,10.69767441860465,192,211,23,0,188,208,19383,4,0,0,4,3
2020-07-17,US,Maryland,Montgomery,16153,766,0,39.13676329,-77.20358245,24031.0,1537.3736066272766,4.74215316040364,15387,16056,763,0,15293,15986,1052567,97,3,0,94,70
2020-07-17,US,Maryland,Prince George's,20302,719,0,38.83070039,-76.8496441,24033.0,2232.640183344385,3.5415230026598365,19583,20191,719,0,19472,20099,909308,111,0,0,111,92
2020-07-17,US,Maryland,Queen Anne's,305,23,0,39.06198912,-76.03530977,24035.0,605.3869514301026,7.540983606557377,282,301,23,0,278,299,50251,4,0,0,4,2
2020-07-17,US,Maryland,Somerset,106,3,0,38.1163542,-75.75118623,24039.0,413.80387257963775,2.830188679245283,103,105,3,0,102,105,25675,1,0,0,1,0
2020-07-17,US,Maryland,St. Mary's,753,51,0,38.30058422,-76.60629279999998,24037.0,663.377675975685,6.772908366533865,702,739,51,0,688,730,112664,14,0,0,14,9
2020-07-17,US,Maryland,Talbot,230,4,0,38.76618159,-76.10882561,24041.0,618.5955192168043,1.7391304347826086,226,216,4,0,212,207,36968,14,0,0,14,9
2020-07-17,US,Maryland,Unassigned,0,20,0,0.0,0.0,90024.0,0.0,0.0,-20,0,13,0,-13,0,,0,7,0,-7,0
2020-07-17,US,Maryland,Washington,751,29,0,39.60835778,-77.82002295,24043.0,497.1896536885382,3.8615179760319576,722,743,29,0,714,739,150926,8,0,0,8,4
2020-07-17,US,Maryland,Wicomico,1173,42,0,38.37301947,-75.62705831,24045.0,1132.1410302193824,3.5805626598465468,1131,1164,42,0,1122,1160,103195,9,0,0,9,4
2020-07-17,US,Maryland,Worcester,366,18,0,38.21274277,-75.33200012,24047.0,700.130078812457,4.918032786885246,348,355,18,0,337,339,51823,11,0,0,11,16
2020-07-17,US,Massachusetts,Barnstable,1603,153,0,41.72980578,-70.28854339,25001.0,752.6174937790506,9.544603867747973,1450,1596,152,0,1444,1593,213413,7,1,0,6,3
2020-07-17,US,Massachusetts,Berkshire,618,45,0,42.37428441,-73.20524838,25003.0,494.62159047253164,7.281553398058253,573,616,45,0,571,615,126348,2,0,0,2,1
2020-07-17,US,Massachusetts,Bristol,8637,607,0,41.79228404,-71.10872211,25005.0,1528.0856732900816,7.027903207132107,8030,8593,603,0,7990,8558,564022,44,4,0,40,35
2020-07-17,US,Massachusetts,Dukes and Nantucket,82,1,0,41.40674725,-70.68763497,0.0,285.4060074484006,1.2195121951219512,81,82,1,0,81,82,26707,0,0,0,0,0
2020-07-17,US,Massachusetts,Essex,16632,1139,0,42.6687626,-70.94687179,25009.0,2107.8939564074553,6.848244348244347,15493,16596,1136,0,15460,16564,790638,36,3,0,33,32
2020-07-17,US,Massachusetts,Franklin,389,58,0,42.58119713,-72.58602547,25011.0,554.2889712168709,14.910025706940875,331,386,58,0,328,385,70963,3,0,0,3,1
2020-07-17,US,Massachusetts,Hampden,7100,681,0,42.13440424,-72.63235561,25013.0,1522.3898518779001,9.591549295774648,6419,7077,680,0,6397,7056,470406,23,1,0,22,21
2020-07-17,US,Massachusetts,Hampshire,1026,119,0,42.33997957,-72.65898478,25015.0,637.9406827084499,11.598440545808964,907,1015,119,0,896,1012,161355,11,0,0,11,3
2020-07-17,US,Massachusetts,Middlesex,24738,1938,0,42.48607732,-71.39049229,25017.0,1534.901988522671,7.834101382488479,22800,24685,1934,0,22751,24652,1614714,53,4,0,49,33
2020-07-17,US,Massachusetts,Norfolk,9612,963,0,42.16073095,-71.20530408,25021.0,1359.9801917158927,10.0187265917603,8649,9588,962,0,8626,9560,705388,24,1,0,23,28
2020-07-17,US,Massachusetts,Plymouth,8865,693,0,41.94070556,-70.80802823,25023.0,1700.8760518954266,7.817258883248731,8172,8847,688,0,8159,8832,518132,18,5,0,13,15
2020-07-17,US,Massachusetts,Suffolk,20499,1030,0,42.327951399999996,-71.07850442,25025.0,2549.921819314921,5.024635348065759,19469,20445,1027,0,19418,20411,807252,54,3,0,51,34
2020-07-17,US,Massachusetts,Unassigned,316,6,0,0.0,0.0,90025.0,0.0,1.8987341772151896,310,317,7,0,310,303,,-1,-1,0,0,14
2020-07-17,US,Massachusetts,Worcester,12762,969,0,42.35026951,-71.90493363,25027.0,1536.4389577930756,7.592853784673249,11793,12738,968,0,11770,12724,830839,24,1,0,23,14
2020-07-17,US,Michigan,Alcona,25,1,0,44.6846864,-83.59507875,26001.0,240.26910139356082,4.0,24,24,1,0,23,25,10362,1,0,0,1,-1
2020-07-17,US,Michigan,Alger,4,0,0,46.41292944,-86.60260122,26003.0,43.917435221783045,0.0,4,4,0,0,4,5,9097,0,0,0,0,-1
2020-07-17,US,Michigan,Allegan,408,7,0,42.59147037,-85.89102866,26005.0,345.52552908596635,1.7156862745098038,401,404,7,0,397,400,117327,4,0,0,4,4
2020-07-17,US,Michigan,Alpena,125,13,0,45.03477666,-83.62212411,26007.0,440.06336912515405,10.4,112,124,13,0,111,123,28360,1,0,0,1,1
2020-07-17,US,Michigan,Antrim,28,0,0,44.99690221,-85.15503082,26009.0,120.04801920768308,0.0,28,27,0,0,27,27,23365,1,0,0,1,0
2020-07-17,US,Michigan,Arenac,38,2,0,44.0636262,-83.89277559,26011.0,255.32486729825973,5.2631578947368425,36,38,2,0,36,38,15041,0,0,0,0,0
2020-07-17,US,Michigan,Baraga,5,0,0,46.6720582,-88.36363591,26013.0,60.9087586794981,0.0,5,5,0,0,5,5,8320,0,0,0,0,0
2020-07-17,US,Michigan,Barry,146,2,0,42.59513984,-85.30834519,26015.0,237.2055239642567,1.3698630136986298,144,145,2,0,143,140,61157,1,0,0,1,5
2020-07-17,US,Michigan,Bay,462,31,0,43.70639106,-83.98731479,26017.0,447.9956557997014,6.70995670995671,431,455,31,0,424,442,103923,7,0,0,7,13
2020-07-17,US,Michigan,Benzie,20,1,0,44.63899297,-86.01608482,26019.0,112.57458065968704,5.0,19,17,1,0,16,16,17753,3,0,0,3,1
2020-07-17,US,Michigan,Berrien,1078,61,0,41.95447397,-86.41313079999998,26021.0,702.7333589741918,5.658627087198516,1017,1053,61,0,992,1043,154141,25,0,0,25,10
2020-07-17,US,Michigan,Branch,291,2,0,41.91600556,-85.05929476,26023.0,668.7041845715468,0.6872852233676976,289,289,2,0,287,286,43622,2,0,0,2,3
2020-07-17,US,Michigan,Calhoun,642,39,0,42.24633834,-85.00493569,26025.0,478.53666172228475,6.074766355140188,603,636,39,0,597,630,134487,6,0,0,6,6
2020-07-17,US,Michigan,Cass,215,7,0,41.91522292,-85.99405727,26027.0,415.1621063201189,3.255813953488372,208,210,7,0,203,208,51653,5,0,0,5,2
2020-07-17,US,Michigan,Charlevoix,40,2,0,45.37790017,-85.19614053,26029.0,153.0046283900088,5.0,38,39,2,0,37,42,26244,1,0,0,1,-3
2020-07-17,US,Michigan,Cheboygan,30,2,0,45.44787015,-84.50122149,26031.0,118.68966608640608,6.666666666666668,28,29,2,0,27,29,25413,1,0,0,1,0
2020-07-17,US,Michigan,Chippewa,23,0,0,46.29552653,-84.54353449,26033.0,61.58130070416879,0.0,23,23,0,0,23,23,37517,0,0,0,0,0
2020-07-17,US,Michigan,Clare,37,3,0,43.98794227,-84.84819859999998,26035.0,119.54765751211632,8.108108108108109,34,35,3,0,32,35,30757,2,0,0,2,0
2020-07-17,US,Michigan,Clinton,319,12,0,42.94400871,-84.60145248,26037.0,400.7789434009674,3.761755485893417,307,314,12,0,302,305,79332,5,0,0,5,9
2020-07-17,US,Michigan,Crawford,86,5,0,44.68255561,-84.61006219,26039.0,613.0158956447359,5.813953488372092,81,84,5,0,79,84,13901,2,0,0,2,0
2020-07-17,US,Michigan,Delta,43,3,0,45.90484910000001,-86.9080745,26041.0,120.16543706684551,6.9767441860465125,40,42,3,0,39,37,35857,1,0,0,1,5
2020-07-17,US,Michigan,Dickinson,27,2,0,46.00999672,-87.86961634,26043.0,106.9772970402948,7.407407407407407,25,27,2,0,25,21,25383,0,0,0,0,6
2020-07-17,US,Michigan,Eaton,369,7,0,42.59599185,-84.83740035,26045.0,334.6392425726412,1.897018970189702,362,363,7,0,356,360,109826,6,0,0,6,3
2020-07-17,US,Michigan,Emmet,45,2,0,45.52625509,-84.89083249,26047.0,134.67005835702528,4.4444444444444455,43,46,2,0,44,42,33308,-1,0,0,-1,4
2020-07-17,US,Michigan,Federal Correctional Institution (FCI),187,5,0,0.0,0.0,0.0,0.0,2.6737967914438503,182,187,5,0,182,187,,0,0,0,0,0
2020-07-17,US,Michigan,Genesee,3028,292,0,43.02244215,-83.70589709,26049.0,746.1564809407289,9.643328929986788,2736,3005,292,0,2713,2986,406892,23,0,0,23,19
2020-07-17,US,Michigan,Gladwin,29,1,0,43.98901072,-84.38774817,26051.0,113.95339699005855,3.4482758620689653,28,29,1,0,28,29,25337,0,0,0,0,0
2020-07-17,US,Michigan,Gogebic,21,1,0,46.40862701,-89.69377193,26053.0,150.26833631484794,4.761904761904762,20,21,1,0,20,18,15096,0,0,0,0,3
2020-07-17,US,Michigan,Grand Traverse,118,5,0,44.69565625,-85.55585247,26055.0,126.76177380543142,4.2372881355932215,113,114,5,0,109,104,92573,4,0,0,4,10
2020-07-17,US,Michigan,Gratiot,114,14,0,43.29265605,-84.60505416,26057.0,280.0225983149517,12.280701754385964,100,110,14,0,96,107,40599,4,0,0,4,3
2020-07-17,US,Michigan,Hillsdale,217,25,0,41.88753639,-84.59312019,26059.0,475.8250191864927,11.52073732718894,192,215,25,0,190,212,45749,2,0,0,2,3
2020-07-17,US,Michigan,Houghton,33,0,0,46.89988536,-88.68495385,26061.0,92.47842170160295,0.0,33,32,0,0,32,31,36219,1,0,0,1,1
2020-07-17,US,Michigan,Huron,88,3,0,43.83353985,-83.04078453,26063.0,284.0450598754075,3.4090909090909087,85,93,3,0,90,86,31166,-5,0,0,-5,7
2020-07-17,US,Michigan,Ingham,1257,29,0,42.59716886,-84.37472069,26065.0,429.88173977278166,2.3070803500397767,1228,1242,29,0,1213,1210,292735,15,0,0,15,32
2020-07-17,US,Michigan,Ionia,231,5,0,42.94502238,-85.07413319,26067.0,357.0490130917971,2.1645021645021645,226,227,5,0,222,221,64210,4,0,0,4,6
2020-07-17,US,Michigan,Iosco,122,11,0,44.35486835,-83.63484895,26069.0,485.533489871453,9.016393442622949,111,122,11,0,111,122,25081,0,0,0,0,0
2020-07-17,US,Michigan,Iron,8,1,0,46.20974132,-88.53136251,26071.0,72.29351165732875,12.5,7,8,1,0,7,8,11117,0,0,0,0,0
2020-07-17,US,Michigan,Isabella,178,8,0,43.64060976,-84.84664923,26073.0,254.75154568353557,4.49438202247191,170,180,8,0,172,174,70562,-2,0,0,-2,6
2020-07-17,US,Michigan,Jackson,567,32,0,42.24807035,-84.42258681,26075.0,357.70613841398017,5.643738977072309,535,565,32,0,533,560,158823,2,0,0,2,5
2020-07-17,US,Michigan,Kalamazoo,1299,72,0,42.24542231,-85.53038622,26077.0,490.0666249160586,5.542725173210162,1227,1277,72,0,1205,1268,264870,22,0,0,22,9
2020-07-17,US,Michigan,Kalkaska,44,3,0,44.68512729,-85.09085699,26079.0,243.92948220423543,6.8181818181818175,41,42,3,0,39,43,17824,2,0,0,2,-1
2020-07-17,US,Michigan,Kent,6210,146,0,43.03197711,-85.54934642,26081.0,945.2702239879443,2.3510466988727856,6064,6124,145,0,5979,6061,653786,86,1,0,85,63
2020-07-17,US,Michigan,Keweenaw,2,0,0,47.63197653,-88.41434263,26083.0,94.5179584120983,0.0,2,2,0,0,2,2,2113,0,0,0,0,0
2020-07-17,US,Michigan,Lake,13,0,0,43.99050893,-85.802173,26085.0,109.67687505272929,0.0,13,13,0,0,13,13,11881,0,0,0,0,0
2020-07-17,US,Michigan,Lapeer,335,32,0,43.09052506,-83.22153148,26087.0,382.389535082813,9.552238805970148,303,334,32,0,302,333,88028,1,0,0,1,1
2020-07-17,US,Michigan,Leelanau,49,0,0,44.94430054,-85.80150326,26089.0,225.17347548366345,0.0,49,49,0,0,49,47,21764,0,0,0,0,2
2020-07-17,US,Michigan,Lenawee,299,11,0,41.89475156,-84.06603727,26091.0,303.7043808595139,3.6789297658862883,288,291,11,0,280,291,98266,8,0,0,8,0
2020-07-17,US,Michigan,Livingston,656,28,0,42.60302282,-83.91297209,26093.0,341.67556446782464,4.2682926829268295,628,641,28,0,613,629,191224,15,0,0,15,12
2020-07-17,US,Michigan,Luce,3,0,0,46.47227431,-85.54471223,26095.0,48.16182372772515,0.0,3,3,0,0,3,3,6283,0,0,0,0,0
2020-07-17,US,Michigan,Mackinac,9,0,0,46.07028979,-85.04980537,26097.0,83.34105009723123,0.0,9,9,0,0,9,9,10787,0,0,0,0,0
2020-07-17,US,Michigan,Macomb,8211,932,0,42.69158356,-82.92752801,26099.0,939.5037827298816,11.350627207404699,7279,8138,932,0,7206,8037,874759,73,0,0,73,101
2020-07-17,US,Michigan,Manistee,28,0,0,44.33352407,-86.05626916,26101.0,114.01579933219317,0.0,28,28,0,0,28,30,24528,0,0,0,0,-2
2020-07-17,US,Michigan,Marquette,102,11,0,46.4338914,-87.64043701,26103.0,152.9258309719786,10.784313725490195,91,100,11,0,89,98,66516,2,0,0,2,2
2020-07-17,US,Michigan,Mason,81,0,0,43.99509218,-86.24988902,26105.0,277.93027724402964,0.0,81,79,0,0,79,80,29100,2,0,0,2,-1
2020-07-17,US,Michigan,Mecosta,42,2,0,43.64064262,-85.32463223,26107.0,96.65615722734907,4.761904761904762,40,42,2,0,40,42,43545,0,0,0,0,0
2020-07-17,US,Michigan,Menominee,54,0,0,45.58038692,-87.55370409,26109.0,237.05004389815628,0.0,54,53,0,0,53,51,22983,1,0,0,1,2
2020-07-17,US,Michigan,Michigan Department of Corrections (MDOC),4120,68,0,0.0,0.0,0.0,0.0,1.6504854368932038,4052,4119,68,0,4051,4115,,1,0,0,1,4
2020-07-17,US,Michigan,Midland,222,9,0,43.64330771,-84.38804374,26111.0,266.9681081341094,4.0540540540540535,213,217,9,0,208,202,83209,5,0,0,5,15
2020-07-17,US,Michigan,Missaukee,37,1,0,44.33772443,-85.09256478,26113.0,244.7413679058076,2.702702702702702,36,37,1,0,36,37,15113,0,0,0,0,0
2020-07-17,US,Michigan,Monroe,719,23,0,41.92734151,-83.53749864,26115.0,477.7408637873754,3.1988873435326837,696,706,23,0,683,693,150439,13,0,0,13,13
2020-07-17,US,Michigan,Montcalm,144,1,0,43.31082541,-85.15252824,26117.0,225.3944402704733,0.6944444444444444,143,135,1,0,134,129,63968,9,0,0,9,6
2020-07-17,US,Michigan,Montmorency,8,0,0,45.0275929,-84.12696227,26119.0,85.76329331046313,0.0,8,8,0,0,8,7,9265,0,0,0,0,1
2020-07-17,US,Michigan,Muskegon,998,54,0,43.29123859,-86.15176712,26121.0,574.9974073263197,5.410821643286573,944,979,54,0,925,958,173588,19,0,0,19,21
2020-07-17,US,Michigan,Newaygo,210,0,0,43.554373999999996,-85.80070107,26123.0,428.74642711310736,0.0,210,205,0,0,205,204,48892,5,0,0,5,1
2020-07-17,US,Michigan,Oakland,13260,1114,0,42.66090111,-83.38595416,26125.0,1054.4027277700734,8.401206636500754,12146,13171,1113,0,12058,13022,1259201,89,1,0,88,149
2020-07-17,US,Michigan,Oceana,422,5,0,43.64124435,-86.26726673,26127.0,1594.4383571995315,1.1848341232227488,417,417,5,0,412,414,26625,5,0,0,5,3
2020-07-17,US,Michigan,Ogemaw,48,2,0,44.33481032,-84.12725175,26129.0,228.60408629804257,4.166666666666667,46,46,2,0,44,46,20952,2,0,0,2,0
2020-07-17,US,Michigan,Ontonagon,1,0,0,46.665226200000006,-89.31390481,26131.0,17.482517482517483,0.0,1,1,0,0,1,1,5795,0,0,0,0,0
2020-07-17,US,Michigan,Osceola,60,0,0,43.98992088,-85.32566756,26133.0,255.7544757033248,0.0,60,57,0,0,57,52,23341,3,0,0,3,5
2020-07-17,US,Michigan,Oscoda,23,1,0,44.68192279,-84.12939244,26135.0,279.09234316223757,4.3478260869565215,22,23,1,0,22,23,8276,0,0,0,0,0
2020-07-17,US,Michigan,Otsego,127,10,0,45.02085831,-84.59898295,26137.0,514.8370358359008,7.874015748031495,117,127,10,0,117,126,24665,0,0,0,0,1
2020-07-17,US,Michigan,Ottawa,1402,53,0,42.95996803,-85.9969107,26139.0,480.41668094438535,3.780313837375178,1349,1384,53,0,1331,1366,290494,18,0,0,18,18
2020-07-17,US,Michigan,Out of MI,59,0,0,0.0,0.0,80026.0,0.0,0.0,59,84,0,0,84,56,,-25,0,0,-25,28
2020-07-17,US,Michigan,Presque Isle,14,0,0,45.34018577,-83.91498656,26141.0,111.18170266836088,0.0,14,14,0,0,14,14,12738,0,0,0,0,0
2020-07-17,US,Michigan,Roscommon,43,0,0,44.33473082,-84.61067651,26143.0,179.02493859028266,0.0,43,41,0,0,41,38,23884,2,0,0,2,3
2020-07-17,US,Michigan,Saginaw,1511,125,0,43.33433923,-84.05131209999998,26145.0,793.0135037971228,8.272667107875579,1386,1485,125,0,1360,1457,190800,26,0,0,26,28
2020-07-17,US,Michigan,Sanilac,70,6,0,43.42406072,-82.82055898,26151.0,170.02671848433326,8.571428571428571,64,60,6,0,54,59,41182,10,0,0,10,1
2020-07-17,US,Michigan,Schoolcraft,7,0,0,46.19235734,-86.19972234,26153.0,86.48381517173216,0.0,7,7,0,0,7,7,8068,0,0,0,0,0
2020-07-17,US,Michigan,Shiawassee,289,28,0,42.95392800000001,-84.14585902,26155.0,424.2388655647221,9.688581314878894,261,288,28,0,260,285,68192,1,0,0,1,3
2020-07-17,US,Michigan,St. Clair,636,53,0,42.92655373,-82.67937954,26147.0,399.67824644311514,8.333333333333334,583,623,53,0,570,622,159337,13,0,0,13,1
2020-07-17,US,Michigan,St. Joseph,423,6,0,41.91441767,-85.52797979,26149.0,693.8521094416377,1.4184397163120568,417,417,5,0,412,414,61043,6,1,0,5,3
2020-07-17,US,Michigan,Tuscola,247,27,0,43.46606813,-83.41897025,26157.0,472.7725141161834,10.931174089068826,220,247,27,0,220,244,52516,0,0,0,0,3
2020-07-17,US,Michigan,Unassigned,10,0,0,0.0,0.0,90026.0,0.0,0.0,10,3,0,0,3,5,,7,0,0,7,-2
2020-07-17,US,Michigan,Van Buren,290,9,0,42.25190229,-86.01939087,26159.0,383.207579581643,3.103448275862069,281,287,9,0,278,286,75448,3,0,0,3,1
2020-07-17,US,Michigan,Washtenaw,2084,109,0,42.253105,-83.83853204,26161.0,566.9190236152784,5.230326295585413,1975,2030,109,0,1921,1993,370963,54,0,0,54,37
2020-07-17,US,Michigan,Wayne,24915,2774,0,42.28098405,-83.281255,26163.0,1424.2489894777639,11.133855107365044,22141,24760,2770,0,21990,24525,1753893,155,4,0,151,235
2020-07-17,US,Michigan,Wexford,53,4,0,44.33853602,-85.57712739,26165.0,157.59269721388006,7.547169811320754,49,53,4,0,49,55,33466,0,0,0,0,-2
2020-07-17,US,Minnesota,Aitkin,18,0,0,46.60962049,-93.41168259999999,27001.0,113.30731461664358,0.0,18,18,0,0,18,17,15902,0,0,0,0,1
2020-07-17,US,Minnesota,Anoka,2572,109,0,45.27476015,-93.24604565,27003.0,720.6076414668793,4.237947122861586,2463,2534,108,0,2426,2510,353813,38,1,0,37,24
2020-07-17,US,Minnesota,Becker,77,0,0,46.93479392,-95.67158144,27005.0,223.6876506986608,0.0,77,71,0,0,71,69,34371,6,0,0,6,2
2020-07-17,US,Minnesota,Beltrami,83,0,0,47.97373527,-94.93732139,27007.0,175.89217597694332,0.0,83,71,0,0,71,62,46847,12,0,0,12,9
2020-07-17,US,Minnesota,Benton,256,3,0,45.69804958,-93.99514135,27009.0,626.0852552031107,1.171875,253,255,3,0,252,250,40545,1,0,0,1,5
2020-07-17,US,Minnesota,Big Stone,18,0,0,45.42712824,-96.41403739,27011.0,360.649168503306,0.0,18,18,0,0,18,18,4989,0,0,0,0,0
2020-07-17,US,Minnesota,Blue Earth,653,2,0,44.03554215,-94.06699781,27013.0,965.2195763676407,0.30627871362940273,651,639,2,0,637,629,67427,14,0,0,14,10
2020-07-17,US,Minnesota,Brown,54,2,0,44.24205652,-94.72562874,27015.0,215.93090211132443,3.703703703703704,52,53,2,0,51,53,25111,1,0,0,1,0
2020-07-17,US,Minnesota,Carlton,98,0,0,46.59180601,-92.67601019,27017.0,273.2011931643946,0.0,98,96,0,0,96,96,35837,2,0,0,2,0
2020-07-17,US,Minnesota,Carver,545,2,0,44.82017001,-93.80099179999999,27019.0,518.6080369972118,0.3669724770642202,543,533,2,0,531,518,103551,12,0,0,12,15
2020-07-17,US,Minnesota,Cass,28,2,0,46.95043611,-94.32603968,27021.0,94.02599147049936,7.142857142857142,26,26,2,0,24,22,29519,2,0,0,2,4
2020-07-17,US,Minnesota,Chippewa,84,1,0,45.02343421,-95.56403693,27023.0,711.8644067796611,1.1904761904761905,83,83,1,0,82,84,11924,1,0,0,1,-1
2020-07-17,US,Minnesota,Chisago,119,1,0,45.5021011,-92.90861945,27025.0,210.32538574382718,0.8403361344537815,118,114,1,0,113,113,55922,5,0,0,5,1
2020-07-17,US,Minnesota,Clay,650,38,0,46.89289518,-96.48761922,27027.0,1012.1142287689577,5.846153846153847,612,638,38,0,600,632,63955,12,0,0,12,6
2020-07-17,US,Minnesota,Clearwater,15,0,0,47.57992111,-95.37790562,27029.0,170.10660013608532,0.0,15,14,0,0,14,14,8810,1,0,0,1,0
2020-07-17,US,Minnesota,Cook,1,0,0,47.90504893,-90.52629546,27031.0,18.304960644334614,0.0,1,1,0,0,1,1,5393,0,0,0,0,0
2020-07-17,US,Minnesota,Cottonwood,146,0,0,44.00715262,-95.18138802,27033.0,1304.0371561271886,0.0,146,146,0,0,146,144,11277,0,0,0,0,2
2020-07-17,US,Minnesota,Crow Wing,127,12,0,46.48096553,-94.06755609,27035.0,195.2194297133195,9.448818897637793,115,122,12,0,110,119,64889,5,0,0,5,3
2020-07-17,US,Minnesota,Dakota,2952,100,0,44.67172617,-93.06299363,27037.0,688.078205961946,3.3875338753387534,2852,2912,99,0,2813,2852,425423,40,1,0,39,60
2020-07-17,US,Minnesota,Dodge,111,0,0,44.02238415,-92.86244324,27039.0,530.237890513041,0.0,111,107,0,0,107,105,20822,4,0,0,4,2
2020-07-17,US,Minnesota,Douglas,94,0,0,45.93348491,-95.45335469,27041.0,246.45394719593085,0.0,94,91,0,0,91,83,37964,3,0,0,3,8
2020-07-17,US,Minnesota,Faribault,69,0,0,43.67381499,-93.94787458,27043.0,505.3834322127005,0.0,69,67,0,0,67,64,13758,2,0,0,2,3
2020-07-17,US,Minnesota,Fillmore,43,0,0,43.67394126,-92.08980382,27045.0,204.11069445103718,0.0,43,40,0,0,40,38,21058,3,0,0,3,2
2020-07-17,US,Minnesota,Freeborn,322,1,0,43.67385583,-93.34884422,27047.0,1063.3730722235066,0.3105590062111801,321,317,1,0,316,316,30444,5,0,0,5,1
2020-07-17,US,Minnesota,Goodhue,146,8,0,44.40849741,-92.72341949999999,27049.0,315.06258092360815,5.479452054794519,138,146,8,0,138,146,46403,0,0,0,0,0
2020-07-17,US,Minnesota,Grant,32,1,0,45.93424769,-96.01139609,27051.0,535.833891493637,3.125,31,32,1,0,31,31,6021,0,0,0,0,1
2020-07-17,US,Minnesota,Hennepin,14348,798,0,45.00761521,-93.47694895,27053.0,1133.4738984218425,5.561750766657374,13550,14125,794,0,13331,13948,1259428,223,4,0,219,177
2020-07-17,US,Minnesota,Houston,33,0,0,43.67129565,-91.49143057,27055.0,177.41935483870967,0.0,33,33,0,0,33,32,18578,0,0,0,0,1
2020-07-17,US,Minnesota,Hubbard,12,0,0,47.10778564,-94.91693868,27057.0,55.837327253268825,0.0,12,12,0,0,12,12,21332,0,0,0,0,0
2020-07-17,US,Minnesota,Isanti,90,0,0,45.56181234,-93.29487636,27059.0,221.69671888856044,0.0,90,87,0,0,87,86,39966,3,0,0,3,1
2020-07-17,US,Minnesota,Itasca,91,12,0,47.51009045,-93.63092229,27061.0,201.63970751163302,13.186813186813184,79,86,12,0,74,79,45108,5,0,0,5,7
2020-07-17,US,Minnesota,Jackson,61,0,0,43.67423373,-95.15398258,27063.0,619.5409303270363,0.0,61,60,0,0,60,59,9911,1,0,0,1,1
2020-07-17,US,Minnesota,Kanabec,19,1,0,45.9459309,-93.29275192,27065.0,116.3004223541654,5.2631578947368425,18,18,1,0,17,18,16207,1,0,0,1,0
2020-07-17,US,Minnesota,Kandiyohi,610,1,0,45.1526059,-95.00586446,27067.0,1412.0697238362,0.16393442622950818,609,601,1,0,600,600,42855,9,0,0,9,1
2020-07-17,US,Minnesota,Kittson,2,0,0,48.77754106,-96.78317184,27069.0,46.533271288971605,0.0,2,2,0,0,2,2,4248,0,0,0,0,0
2020-07-17,US,Minnesota,Koochiching,31,2,0,48.24539665,-93.78352843,27071.0,253.49578869899415,6.451612903225807,29,29,2,0,27,26,12440,2,0,0,2,3
2020-07-17,US,Minnesota,Lac qui Parle,6,0,0,44.9973857,-96.17488219,27073.0,90.59338668277216,0.0,6,6,0,0,6,6,6658,0,0,0,0,0
2020-07-17,US,Minnesota,Lake,12,0,0,47.64270764,-91.44557998,27075.0,112.7713560755568,0.0,12,12,0,0,12,10,10658,0,0,0,0,2
2020-07-17,US,Minnesota,Le Sueur,148,1,0,44.37136597,-93.72844721,27079.0,512.3411915394468,0.6756756756756757,147,144,1,0,143,142,28494,4,0,0,4,2
2020-07-17,US,Minnesota,Lincoln,38,0,0,44.41311883,-96.26688165,27081.0,673.8783472246853,0.0,38,37,0,0,37,33,5673,1,0,0,1,4
2020-07-17,US,Minnesota,Lyon,371,3,0,44.41327865,-95.83806103,27083.0,1456.3869042945748,0.8086253369272237,368,369,2,0,367,364,25629,2,1,0,1,5
2020-07-17,US,Minnesota,Mahnomen,16,1,0,47.32557075,-95.80921485,27087.0,289.4879681563235,6.25,15,15,1,0,14,13,5519,1,0,0,1,2
2020-07-17,US,Minnesota,Marshall,20,0,0,48.35825983,-96.37017407,27089.0,214.22450728363324,0.0,20,17,0,0,17,17,9390,3,0,0,3,0
2020-07-17,US,Minnesota,Martin,181,5,0,43.67429718,-94.55099908,27091.0,919.5752679977644,2.7624309392265194,176,179,5,0,174,180,19785,2,0,0,2,-1
2020-07-17,US,Minnesota,McLeod,107,0,0,44.82367677,-94.27287017,27085.0,298.1082662357563,0.0,107,104,0,0,104,102,35873,3,0,0,3,2
2020-07-17,US,Minnesota,Meeker,69,1,0,45.12328869,-94.52839455,27093.0,297.1320299715787,1.4492753623188406,68,68,1,0,67,67,23141,1,0,0,1,1
2020-07-17,US,Minnesota,Mille Lacs,42,2,0,45.93705297,-93.63236823,27095.0,159.83559767096702,4.761904761904762,40,41,2,0,39,41,26139,1,0,0,1,0
2020-07-17,US,Minnesota,Morrison,70,1,0,46.01265363,-94.27341528,27097.0,209.6687234170012,1.4285714285714286,69,70,1,0,69,70,33169,0,0,0,0,0
2020-07-17,US,Minnesota,Mower,999,2,0,43.67142874,-92.75234549,27099.0,2493.6348659577657,0.2002002002002002,997,996,2,0,994,994,40011,3,0,0,3,2
2020-07-17,US,Minnesota,Murray,91,0,0,44.02216709,-95.76328482,27101.0,1110.5687088113257,0.0,91,89,0,0,89,86,8276,2,0,0,2,3
2020-07-17,US,Minnesota,Nicollet,218,13,0,44.35291112,-94.24710352,27103.0,636.0506506389684,5.963302752293577,205,219,13,0,206,215,34220,-1,0,0,-1,4
2020-07-17,US,Minnesota,Nobles,1702,6,0,43.67434621,-95.75329576,27105.0,7869.064681677378,0.3525264394829612,1696,1698,6,0,1692,1698,21924,4,0,0,4,0
2020-07-17,US,Minnesota,Norman,22,0,0,47.32628443,-96.45620947,27107.0,345.09803921568636,0.0,22,22,0,0,22,21,6475,0,0,0,0,1
2020-07-17,US,Minnesota,Olmsted,1379,20,0,44.00374114,-92.40209944,27109.0,871.1692873342473,1.45032632342277,1359,1353,20,0,1333,1336,156277,26,0,0,26,17
2020-07-17,US,Minnesota,Otter Tail,130,1,0,46.40846929,-95.70835255,27111.0,221.2916624110577,0.7692307692307693,129,123,1,0,122,123,58812,7,0,0,7,0
2020-07-17,US,Minnesota,Pennington,58,0,0,48.06642577,-96.0370814,27113.0,410.7939655782988,0.0,58,55,0,0,55,55,14178,3,0,0,3,0
2020-07-17,US,Minnesota,Pine,115,0,0,46.12105238,-92.74070188,27115.0,388.7893437912032,0.0,115,115,0,0,115,115,29483,0,0,0,0,0
2020-07-17,US,Minnesota,Pipestone,108,5,0,44.02301619,-96.25841142,27117.0,1183.431952662722,4.62962962962963,103,103,5,0,98,97,9047,5,0,0,5,6
2020-07-17,US,Minnesota,Polk,93,3,0,47.77372465,-96.40134647,27119.0,296.5183012370872,3.2258064516129035,90,91,3,0,88,90,31529,2,0,0,2,1
2020-07-17,US,Minnesota,Pope,24,0,0,45.58606667,-95.44451209,27121.0,213.35229798204284,0.0,24,19,0,0,19,19,11097,5,0,0,5,0
2020-07-17,US,Minnesota,Ramsey,5534,246,0,45.01625271,-93.09872295,27123.0,1005.5949164215068,4.445247560534876,5288,5470,246,0,5224,5397,550210,64,0,0,64,73
2020-07-17,US,Minnesota,Red Lake,5,0,0,47.87197525,-96.09561104,27125.0,123.30456226880396,0.0,5,5,0,0,5,5,3999,0,0,0,0,0
2020-07-17,US,Minnesota,Redwood,26,0,0,44.40555844,-95.25207021,27127.0,171.3909030982202,0.0,26,26,0,0,26,25,15249,0,0,0,0,1
2020-07-17,US,Minnesota,Renville,42,3,0,44.72836381,-94.94553734,27129.0,288.6994775914215,7.142857142857142,39,37,3,0,34,37,14612,5,0,0,5,0
2020-07-17,US,Minnesota,Rice,910,8,0,44.3543376,-93.29658715,27131.0,1358.7768022457146,0.8791208791208791,902,905,8,0,897,898,66523,5,0,0,5,7
2020-07-17,US,Minnesota,Rock,37,0,0,43.67482683,-96.25296832,27133.0,397.2088030059044,0.0,37,36,0,0,36,35,9414,1,0,0,1,1
2020-07-17,US,Minnesota,Roseau,31,0,0,48.77501878,-95.81079919,27135.0,204.4180679195516,0.0,31,30,0,0,30,29,15150,1,0,0,1,1
2020-07-17,US,Minnesota,Scott,977,7,0,44.6490231,-93.53340251,27139.0,655.6474938428191,0.7164790174002047,970,965,7,0,958,953,147381,12,0,0,12,12
2020-07-17,US,Minnesota,Sherburne,406,5,0,45.44447208,-93.77617511,27141.0,417.53224048211604,1.2315270935960592,401,400,5,0,395,375,96036,6,0,0,6,25
2020-07-17,US,Minnesota,Sibley,63,2,0,44.5796592,-94.23164924,27143.0,423.8143289606458,3.1746031746031744,61,62,2,0,60,59,15028,1,0,0,1,3
2020-07-17,US,Minnesota,St. Louis,268,16,0,47.604840700000004,-92.46879855,27137.0,134.6260109509218,5.970149253731344,252,254,16,0,238,249,199754,14,0,0,14,5
2020-07-17,US,Minnesota,Stearns,2615,19,0,45.55192576,-94.61078221,27145.0,1623.4673288840604,0.7265774378585086,2596,2596,19,0,2577,2575,159256,19,0,0,19,21
2020-07-17,US,Minnesota,Steele,273,1,0,44.02240351,-93.22627088,27147.0,744.9043630112691,0.3663003663003663,272,274,1,0,273,266,36803,-1,0,0,-1,8
2020-07-17,US,Minnesota,Stevens,13,0,0,45.58613007,-96.00163705,27149.0,132.58541560428353,0.0,13,13,0,0,13,11,9753,0,0,0,0,2
2020-07-17,US,Minnesota,Swift,43,1,0,45.2829032,-95.68264092,27151.0,464.06216274552116,2.3255813953488373,42,40,1,0,39,39,9345,3,0,0,3,1
2020-07-17,US,Minnesota,Todd,405,2,0,46.06996226,-94.89785296,27153.0,1642.0694129095034,0.4938271604938271,403,405,2,0,403,405,24582,0,0,0,0,0
2020-07-17,US,Minnesota,Traverse,9,0,0,45.77298854,-96.47062949,27155.0,276.15833077631174,0.0,9,8,0,0,8,8,3308,1,0,0,1,0
2020-07-17,US,Minnesota,Unassigned,85,40,0,0.0,0.0,90027.0,0.0,47.058823529411775,45,91,40,0,51,94,,-6,0,0,-6,-3
2020-07-17,US,Minnesota,Wabasha,50,0,0,44.28424356,-92.23121312,27157.0,231.19249086789662,0.0,50,49,0,0,49,46,21645,1,0,0,1,3
2020-07-17,US,Minnesota,Wadena,18,0,0,46.58589171,-94.96968506,27159.0,131.5597134921795,0.0,18,18,0,0,18,18,13773,0,0,0,0,0
2020-07-17,US,Minnesota,Waseca,86,0,0,44.02211116,-93.58720034,27161.0,462.0674833440791,0.0,86,83,0,0,83,82,18691,3,0,0,3,1
2020-07-17,US,Minnesota,Washington,1402,40,0,45.03864533,-92.88429635,27163.0,534.2173449169334,2.8530670470756063,1362,1369,40,0,1329,1344,259201,33,0,0,33,25
2020-07-17,US,Minnesota,Watonwan,276,0,0,43.97823903,-94.61413846,27165.0,2532.8071946407267,0.0,276,272,0,0,272,273,10980,4,0,0,4,-1
2020-07-17,US,Minnesota,Wilkin,23,3,0,46.35721532,-96.4684375,27167.0,370.54937973256006,13.043478260869565,20,23,3,0,20,23,6254,0,0,0,0,0
2020-07-17,US,Minnesota,Winona,167,16,0,43.98772283,-91.78081305,27169.0,330.7978765549481,9.580838323353293,151,163,16,0,147,156,50825,4,0,0,4,7
2020-07-17,US,Minnesota,Wright,585,4,0,45.17297924,-93.96234781,27171.0,422.7581173171842,0.6837606837606838,581,576,4,0,572,564,136349,9,0,0,9,12
2020-07-17,US,Minnesota,Yellow Medicine,35,0,0,44.71710183,-95.86842453,27173.0,360.4902667627975,0.0,35,35,0,0,35,34,9795,0,0,0,0,1
2020-07-17,US,Mississippi,Adams,401,21,0,31.47669768,-91.35326037,28001.0,1306.4868210992736,5.236907730673316,380,393,21,0,372,392,31192,8,0,0,8,1
2020-07-17,US,Mississippi,Alcorn,136,2,0,34.88084463,-88.57996173,28003.0,368.0350715774092,1.4705882352941178,134,128,2,0,126,123,36925,8,0,0,8,5
2020-07-17,US,Mississippi,Amite,131,3,0,31.17467303,-90.80501621,28005.0,1065.300479791819,2.2900763358778624,128,127,3,0,124,124,12326,4,0,0,4,3
2020-07-17,US,Mississippi,Attala,405,24,0,33.08658803,-89.57838564,28007.0,2228.458237041928,5.925925925925926,381,403,24,0,379,394,18365,2,0,0,2,9
2020-07-17,US,Mississippi,Benton,67,0,0,34.81681228,-89.18945516,28009.0,811.2362271461436,0.0,67,63,0,0,63,58,8271,4,0,0,4,5
2020-07-17,US,Mississippi,Bolivar,524,18,0,33.79696941,-90.87372121,28011.0,1710.8528144181796,3.435114503816794,506,500,18,0,482,463,31333,24,0,0,24,37
2020-07-17,US,Mississippi,Calhoun,202,5,0,33.93683395,-89.33686647,28013.0,1406.5872850080075,2.4752475247524752,197,194,5,0,189,187,14436,8,0,0,8,7
2020-07-17,US,Mississippi,Carroll,200,11,0,33.44834567,-89.91994479,28015.0,2010.6564793405048,5.5,189,199,11,0,188,196,9911,1,0,0,1,3
2020-07-17,US,Mississippi,Chickasaw,337,19,0,33.91983202,-88.9481545,28017.0,1970.4145471554693,5.637982195845697,318,331,19,0,312,313,17171,6,0,0,6,18
2020-07-17,US,Mississippi,Choctaw,82,4,0,33.34598242,-89.24809382,28019.0,998.7819732034103,4.878048780487805,78,80,4,0,76,79,8278,2,0,0,2,1
2020-07-17,US,Mississippi,Claiborne,328,12,0,31.97061673,-90.90702196,28021.0,3649.3101913662654,3.6585365853658534,316,327,12,0,315,322,9002,1,0,0,1,5
2020-07-17,US,Mississippi,Clarke,250,25,0,32.04158545,-88.68896219999998,28023.0,1608.6480921433624,10.0,225,247,25,0,222,241,15604,3,0,0,3,6
2020-07-17,US,Mississippi,Clay,285,12,0,33.65358105,-88.77784255,28025.0,1475.4607579208944,4.2105263157894735,273,281,12,0,269,274,19386,4,0,0,4,7
2020-07-17,US,Mississippi,Coahoma,276,7,0,34.22772299,-90.60415045,28027.0,1247.5140119327427,2.5362318840579707,269,257,6,0,251,251,22628,19,1,0,18,6
2020-07-17,US,Mississippi,Copiah,713,18,0,31.86977774,-90.44565118,28029.0,2540.5309103866025,2.524544179523142,695,704,17,0,687,696,28543,9,1,0,8,8
2020-07-17,US,Mississippi,Covington,487,5,0,31.63225413,-89.55389939,28031.0,2613.2217213994422,1.026694045174538,482,483,5,0,478,473,18853,4,0,0,4,10
2020-07-17,US,Mississippi,DeSoto,2220,20,0,34.87625235,-89.99091418,28033.0,1200.356862851118,0.9009009009009008,2200,2171,20,0,2151,2112,182001,49,0,0,49,59
2020-07-17,US,Mississippi,Forrest,1162,45,0,31.18961454,-89.25832496,28035.0,1551.4640105745225,3.8726333907056802,1117,1140,45,0,1095,1105,75036,22,0,0,22,35
2020-07-17,US,Mississippi,Franklin,67,2,0,31.47786634,-90.89672989,28037.0,868.6632957344742,2.985074626865672,65,65,2,0,63,60,7788,2,0,0,2,5
2020-07-17,US,Mississippi,George,154,3,0,30.86259065,-88.64436789,28039.0,628.5714285714286,1.9480519480519483,151,139,3,0,136,131,24250,15,0,0,15,8
2020-07-17,US,Mississippi,Greene,139,10,0,31.21444233,-88.63922281,28041.0,1023.1120270867067,7.1942446043165456,129,134,10,0,124,125,13586,5,0,0,5,9
2020-07-17,US,Mississippi,Grenada,678,14,0,33.77036166,-89.80245083,28043.0,3266.210617593217,2.0648967551622417,664,664,13,0,651,647,21055,14,1,0,13,17
2020-07-17,US,Mississippi,Hancock,180,14,0,30.41830223,-89.48851033,28045.0,377.8972119583473,7.777777777777778,166,172,14,0,158,162,47334,8,0,0,8,10
2020-07-17,US,Mississippi,Harrison,1370,18,0,30.51359752,-89.12467576,28047.0,658.4006151480197,1.313868613138686,1352,1305,17,0,1288,1260,206650,65,1,0,64,45
2020-07-17,US,Mississippi,Hinds,3418,66,0,32.2656285,-90.44435448,28049.0,1474.2926155969635,1.9309537741369225,3352,3317,63,0,3254,3188,237085,101,3,0,98,129
2020-07-17,US,Mississippi,Holmes,639,43,0,33.12345854,-90.08923538,28051.0,3756.613756613757,6.729264475743348,596,633,42,0,591,614,17622,6,1,0,5,19
2020-07-17,US,Mississippi,Humphreys,192,10,0,33.12825718,-90.52252707,28053.0,2380.952380952381,5.208333333333333,182,188,10,0,178,184,8257,4,0,0,4,4
2020-07-17,US,Mississippi,Issaquena,12,1,0,32.72531359,-90.97392828,28055.0,904.295403165034,8.333333333333334,11,11,1,0,10,11,1308,1,0,0,1,0
2020-07-17,US,Mississippi,Itawamba,177,8,0,34.27993475,-88.3606733,28057.0,756.7336468576317,4.519774011299434,169,170,8,0,162,163,23517,7,0,0,7,7
2020-07-17,US,Mississippi,Jackson,900,20,0,30.54020656,-88.64184064,28059.0,626.6667595061866,2.2222222222222223,880,874,20,0,854,828,143277,26,0,0,26,46
2020-07-17,US,Mississippi,Jasper,307,6,0,32.01922104,-89.11786866,28061.0,1873.8936702679607,1.954397394136808,301,305,6,0,299,301,16428,2,0,0,2,4
2020-07-17,US,Mississippi,Jefferson,142,3,0,31.73397872,-91.03764977,28063.0,2031.4735336194565,2.112676056338028,139,139,3,0,136,135,7106,3,0,0,3,4
2020-07-17,US,Mississippi,Jefferson Davis,137,4,0,31.56884708,-89.82670990000004,28065.0,1231.1286843997125,2.9197080291970803,133,132,4,0,128,130,11234,5,0,0,5,2
2020-07-17,US,Mississippi,Jones,1302,52,0,31.62257767,-89.16896899999998,28067.0,1911.9504243883814,3.993855606758832,1250,1284,52,0,1232,1266,68461,18,0,0,18,18
2020-07-17,US,Mississippi,Kemper,190,14,0,32.75462946,-88.64105766,28069.0,1950.31820981318,7.36842105263158,176,190,14,0,176,189,10027,0,0,0,0,1
2020-07-17,US,Mississippi,Lafayette,560,4,0,34.35687874,-89.48490961,28071.0,1036.6722819748607,0.7142857142857143,556,548,4,0,544,536,54793,12,0,0,12,12
2020-07-17,US,Mississippi,Lamar,702,8,0,31.20572971,-89.5077704,28073.0,1108.2518983944556,1.1396011396011396,694,668,7,0,661,625,62447,34,1,0,33,43
2020-07-17,US,Mississippi,Lauderdale,1024,83,0,32.40419769,-88.66229662,28075.0,1381.4502529510962,8.10546875,941,1016,83,0,933,983,75317,8,0,0,8,33
2020-07-17,US,Mississippi,Lawrence,225,2,0,31.55147224,-90.10841127,28077.0,1787.7006197362145,0.8888888888888888,223,226,2,0,224,222,12455,-1,0,0,-1,4
2020-07-17,US,Mississippi,Leake,675,20,0,32.7536828,-89.52402044,28079.0,2962.345299745458,2.962962962962963,655,670,20,0,650,664,22763,5,0,0,5,6
2020-07-17,US,Mississippi,Lee,728,23,0,34.291877500000005,-88.68149954,28081.0,852.0998174071823,3.1593406593406588,705,695,23,0,672,662,85202,33,0,0,33,33
2020-07-17,US,Mississippi,Leflore,612,56,0,33.55545125,-90.29900733,28083.0,2171.5218394067347,9.150326797385619,556,601,56,0,545,588,28919,11,0,0,11,13
2020-07-17,US,Mississippi,Lincoln,570,36,0,31.53288662,-90.45391915,28085.0,1668.9602670336428,6.315789473684211,534,561,36,0,525,544,34205,9,0,0,9,17
2020-07-17,US,Mississippi,Lowndes,608,17,0,33.47386518,-88.44191529999998,28087.0,1037.6311972011265,2.796052631578948,591,597,17,0,580,569,58930,11,0,0,11,28
2020-07-17,US,Mississippi,Madison,1657,43,0,32.63389156,-90.03513564,28089.0,1559.2065642878656,2.5950512975256492,1614,1630,42,0,1588,1589,105630,27,1,0,26,41
2020-07-17,US,Mississippi,Marion,381,12,0,31.23132643,-89.8209217,28091.0,1550.4822366011474,3.1496062992125986,369,372,12,0,360,363,24715,9,0,0,9,9
2020-07-17,US,Mississippi,Marshall,334,4,0,34.76216286,-89.50299462,28093.0,946.3364877882927,1.1976047904191616,330,324,4,0,320,310,35451,10,0,0,10,14
2020-07-17,US,Mississippi,Monroe,506,42,0,33.89236763,-88.4808438,28095.0,1435.3795529331671,8.300395256916996,464,494,40,0,454,491,35564,12,2,0,10,3
2020-07-17,US,Mississippi,Montgomery,209,3,0,33.49419589,-89.61729103,28097.0,2138.1074168797954,1.4354066985645932,206,204,3,0,201,197,10023,5,0,0,5,7
2020-07-17,US,Mississippi,Neshoba,1071,81,0,32.75339664,-89.11726492,28099.0,3678.1372347001857,7.563025210084032,990,1067,79,0,988,1059,29125,4,2,0,2,8
2020-07-17,US,Mississippi,Newton,408,11,0,32.40021118,-89.11843336,28101.0,1941.1932629174994,2.6960784313725488,397,390,11,0,379,384,21443,18,0,0,18,6
2020-07-17,US,Mississippi,Noxubee,297,10,0,33.11009499,-88.56949061,28103.0,2851.108764519536,3.3670033670033668,287,295,9,0,286,286,10535,2,1,0,1,9
2020-07-17,US,Mississippi,Oktibbeha,662,28,0,33.42491685,-88.87905132,28105.0,1335.0273257103674,4.229607250755286,634,650,28,0,622,644,49599,12,0,0,12,6
2020-07-17,US,Mississippi,Panola,551,6,0,34.36398677,-89.95064249,28107.0,1611.4880673841833,1.088929219600726,545,531,6,0,525,517,34178,20,0,0,20,14
2020-07-17,US,Mississippi,Pearl River,346,32,0,30.77090935,-89.58677275,28109.0,623.0305212928782,9.248554913294797,314,331,32,0,299,323,55387,15,0,0,15,8
2020-07-17,US,Mississippi,Perry,111,4,0,31.17161885,-88.99281835,28111.0,927.0859433725883,3.603603603603604,107,105,4,0,101,99,11931,6,0,0,6,6
2020-07-17,US,Mississippi,Pike,562,25,0,31.17507789,-90.40392572,28113.0,1430.4622276522089,4.448398576512456,537,553,24,0,529,537,39563,9,1,0,8,16
2020-07-17,US,Mississippi,Pontotoc,448,6,0,34.226046000000004,-89.03636807,28115.0,1392.4286691117056,1.3392857142857142,442,435,6,0,429,406,31833,13,0,0,13,29
2020-07-17,US,Mississippi,Prentiss,155,6,0,34.61810501,-88.51986294,28117.0,616.8908700151237,3.870967741935484,149,145,6,0,139,134,25315,10,0,0,10,11
2020-07-17,US,Mississippi,Quitman,116,1,0,34.25157572,-90.28908,28119.0,1707.891637220259,0.8620689655172413,115,114,1,0,113,111,7051,2,0,0,2,3
2020-07-17,US,Mississippi,Rankin,1322,21,0,32.26469147,-89.94537876,28121.0,851.4146234647809,1.5885022692889559,1301,1276,20,0,1256,1234,153902,46,1,0,45,42
2020-07-17,US,Mississippi,Scott,848,16,0,32.406704100000006,-89.53789439,28123.0,3015.2183188735607,1.8867924528301887,832,847,15,0,832,843,28287,1,1,0,0,4
2020-07-17,US,Mississippi,Sharkey,58,0,0,32.88149103,-90.8159538,28125.0,1342.2818791946308,0.0,58,56,0,0,56,54,4377,2,0,0,2,2
2020-07-17,US,Mississippi,Simpson,495,4,0,31.91282117,-89.91716179,28127.0,1856.8534773801487,0.8080808080808081,491,489,3,0,486,480,26758,6,1,0,5,9
2020-07-17,US,Mississippi,Smith,273,12,0,32.01744532,-89.50644846,28129.0,1715.2550892183965,4.395604395604397,261,268,12,0,256,263,16002,5,0,0,5,5
2020-07-17,US,Mississippi,Stone,94,2,0,30.79187949,-89.11547539,28131.0,512.652705061082,2.127659574468085,92,88,2,0,86,85,18717,6,0,0,6,3
2020-07-17,US,Mississippi,Sunflower,614,11,0,33.60192578,-90.58882684,28133.0,2445.240939864596,1.7915309446254069,603,600,9,0,591,565,25735,14,2,0,12,35
2020-07-17,US,Mississippi,Tallahatchie,260,4,0,33.95339918,-90.1729398,28135.0,1882.8300383807666,1.5384615384615383,256,247,4,0,243,239,13987,13,0,0,13,8
2020-07-17,US,Mississippi,Tate,447,16,0,34.65133709,-89.94485778,28137.0,1578.3340983722323,3.5794183445190155,431,440,14,0,426,431,28759,7,2,0,5,9
2020-07-17,US,Mississippi,Tippah,180,11,0,34.76872156,-88.90988194,28139.0,817.6243470361118,6.111111111111112,169,159,11,0,148,154,21995,21,0,0,21,5
2020-07-17,US,Mississippi,Tishomingo,142,1,0,34.74023475,-88.23917219,28141.0,732.6007326007326,0.7042253521126759,141,137,1,0,136,125,19454,5,0,0,5,12
2020-07-17,US,Mississippi,Tunica,139,3,0,34.64967704,-90.37481167,28143.0,1443.1063122923588,2.1582733812949644,136,132,3,0,129,129,9944,7,0,0,7,3
2020-07-17,US,Mississippi,Union,307,11,0,34.49162015,-89.00776006,28145.0,1065.4173173694257,3.5830618892508137,296,282,11,0,271,266,28606,25,0,0,25,16
2020-07-17,US,Mississippi,Walthall,310,10,0,31.14971548,-90.10446654,28147.0,2169.9566008679826,3.2258064516129035,300,304,10,0,294,292,14465,6,0,0,6,12
2020-07-17,US,Mississippi,Warren,671,22,0,32.35810271,-90.83352619,28149.0,1478.5923624424317,3.278688524590164,649,649,22,0,627,616,46176,22,0,0,22,33
2020-07-17,US,Mississippi,Washington,918,17,0,33.28392041,-90.94196237,28151.0,2090.687558359334,1.851851851851852,901,876,16,0,860,806,45063,42,1,0,41,70
2020-07-17,US,Mississippi,Wayne,606,20,0,31.64135687,-88.69573913,28153.0,3002.526879056632,3.3003300330033003,586,595,20,0,575,588,20298,11,0,0,11,7
2020-07-17,US,Mississippi,Webster,142,11,0,33.61300486,-89.28392912,28155.0,1465.579523170606,7.746478873239437,131,139,11,0,128,136,9788,3,0,0,3,3
2020-07-17,US,Mississippi,Wilkinson,111,9,0,31.16078225,-91.31018819,28157.0,1286.2108922363848,8.108108108108109,102,111,9,0,102,107,8792,0,0,0,0,4
2020-07-17,US,Mississippi,Winston,336,13,0,33.08747908,-89.03391385,28159.0,1871.3450292397656,3.8690476190476186,323,323,13,0,310,314,18165,13,0,0,13,9
2020-07-17,US,Mississippi,Yalobusha,231,9,0,34.02824175,-89.70762049999998,28161.0,1907.8295341922696,3.8961038961038965,222,220,9,0,211,216,12392,11,0,0,11,4
2020-07-17,US,Mississippi,Yazoo,597,7,0,32.77890365,-90.39656148,28163.0,2010.7780397440213,1.1725293132328307,590,587,7,0,580,584,28248,10,0,0,10,3
2020-07-17,US,Missouri,Adair,106,0,0,40.19058551,-92.60078167,29001.0,418.2614528666693,0.0,106,105,0,0,105,103,25339,1,0,0,1,2
2020-07-17,US,Missouri,Andrew,59,1,0,39.98492163,-94.80163024,29003.0,333.10749774164407,1.6949152542372878,58,55,1,0,54,55,17607,4,0,0,4,0
2020-07-17,US,Missouri,Atchison,6,0,0,40.43238737,-95.42970639,29005.0,116.663426015944,0.0,6,6,0,0,6,6,5171,0,0,0,0,0
2020-07-17,US,Missouri,Audrain,152,1,0,39.215877,-91.84242683,29007.0,598.7080510477391,0.6578947368421053,151,144,1,0,143,143,25473,8,0,0,8,1
2020-07-17,US,Missouri,Barry,147,0,0,36.70978521,-93.82919888,29009.0,410.7407303920199,0.0,147,146,0,0,146,125,35886,1,0,0,1,21
2020-07-17,US,Missouri,Barton,42,0,0,37.50207671,-94.34757022,29011.0,357.32516590096986,0.0,42,41,0,0,41,41,11798,1,0,0,1,0
2020-07-17,US,Missouri,Bates,17,1,0,38.25271289,-94.34113157,29013.0,105.11996042542671,5.882352941176472,16,17,1,0,16,16,16320,0,0,0,0,1
2020-07-17,US,Missouri,Benton,29,0,0,38.29503305,-93.28756116,29015.0,149.15393714961687,0.0,29,29,0,0,29,26,19278,0,0,0,0,3
2020-07-17,US,Missouri,Bollinger,33,1,0,37.32449052,-90.02725304,29017.0,271.98549410698104,3.0303030303030303,32,32,1,0,31,30,12169,1,0,0,1,2
2020-07-17,US,Missouri,Boone,701,2,0,38.99186229,-92.30723575,29019.0,388.4452768711592,0.28530670470756064,699,665,2,0,663,639,180005,36,0,0,36,26
2020-07-17,US,Missouri,Buchanan,962,6,0,39.65816401,-94.80138942,29021.0,1101.1400576896665,0.6237006237006237,956,958,6,0,952,955,88571,4,0,0,4,3
2020-07-17,US,Missouri,Butler,133,0,0,36.71462476,-90.40421163,29023.0,313.1032534488441,0.0,133,125,0,0,125,122,42639,8,0,0,8,3
2020-07-17,US,Missouri,Caldwell,17,1,0,39.65620858,-93.98308093,29025.0,188.470066518847,5.882352941176472,16,17,1,0,16,15,9108,0,0,0,0,2
2020-07-17,US,Missouri,Callaway,78,1,0,38.83674754,-91.92186505,29027.0,174.32894530988088,1.2820512820512822,77,72,1,0,71,64,44889,6,0,0,6,8
2020-07-17,US,Missouri,Camden,91,2,0,38.02199522,-92.76083747,29029.0,196.5230536659108,2.1978021978021984,89,88,2,0,86,92,45815,3,0,0,3,-4
2020-07-17,US,Missouri,Cape Girardeau,407,3,0,37.38489388,-89.6843587,29031.0,516.03250878016,0.7371007371007371,404,400,3,0,397,375,78753,7,0,0,7,25
2020-07-17,US,Missouri,Carroll,43,0,0,39.42762566,-93.50626255,29033.0,495.4487844221685,0.0,43,42,0,0,42,41,8743,1,0,0,1,1
2020-07-17,US,Missouri,Carter,8,1,0,36.94160441,-90.96051322,29035.0,133.73453694416582,12.5,7,8,1,0,7,8,6054,0,0,0,0,0
2020-07-17,US,Missouri,Cass,237,8,0,38.64789422,-94.353399,29037.0,224.04991491775382,3.3755274261603376,229,233,8,0,225,225,104954,4,0,0,4,8
2020-07-17,US,Missouri,Cedar,20,0,0,37.72391475,-93.85445441,29039.0,139.38253536831834,0.0,20,16,0,0,16,15,14165,4,0,0,4,1
2020-07-17,US,Missouri,Chariton,11,0,0,39.51499357,-92.9629191,29041.0,148.12819822246163,0.0,11,8,0,0,8,7,7451,3,0,0,3,1
2020-07-17,US,Missouri,Christian,104,1,0,36.9711783,-93.18537118,29043.0,117.3881144534116,0.9615384615384616,103,93,1,0,92,90,86983,11,0,0,11,3
2020-07-17,US,Missouri,Clark,2,0,0,40.41040752,-91.73661677,29045.0,29.424746211563924,0.0,2,2,0,0,2,2,6842,0,0,0,0,0
2020-07-17,US,Missouri,Clay,607,13,0,39.31132056,-94.41850862,29047.0,242.8505129066846,2.1416803953871497,594,597,13,0,584,589,246365,10,0,0,10,8
2020-07-17,US,Missouri,Clinton,38,0,0,39.6013098,-94.40465394,29049.0,186.39328984156572,0.0,38,36,0,0,36,36,20470,2,0,0,2,0
2020-07-17,US,Missouri,Cole,143,2,0,38.50455671,-92.27860244,29051.0,186.33135709166717,1.3986013986013983,141,133,2,0,131,126,76796,10,0,0,10,7
2020-07-17,US,Missouri,Cooper,32,0,0,38.844478,-92.80896081,29053.0,180.69907956406345,0.0,32,32,0,0,32,32,17603,0,0,0,0,0
2020-07-17,US,Missouri,Crawford,27,0,0,37.97663738,-91.30528104,29055.0,112.876254180602,0.0,27,26,0,0,26,24,23957,1,0,0,1,2
2020-07-17,US,Missouri,Dade,3,0,0,37.431814,-93.8503345,29057.0,39.67729136357625,0.0,3,2,0,0,2,2,7569,1,0,0,1,0
2020-07-17,US,Missouri,Dallas,23,1,0,37.6811355,-93.02127031,29059.0,136.27207015049177,4.3478260869565215,22,23,1,0,22,22,16762,0,0,0,0,1
2020-07-17,US,Missouri,Daviess,13,0,0,39.96145298,-93.98519678,29061.0,157.04276395264557,0.0,13,12,0,0,12,11,8313,1,0,0,1,1
2020-07-17,US,Missouri,DeKalb,20,0,0,39.89201062,-94.40476508,29063.0,159.40065354267955,0.0,20,19,0,0,19,19,12630,1,0,0,1,0
2020-07-17,US,Missouri,Dent,9,0,0,37.60663134,-91.50790473,29065.0,57.792332883837396,0.0,9,9,0,0,9,9,15441,0,0,0,0,0
2020-07-17,US,Missouri,Douglas,22,0,0,36.9325593,-92.49905109,29067.0,166.85627607129314,0.0,22,21,0,0,21,17,13373,1,0,0,1,4
2020-07-17,US,Missouri,Dunklin,146,3,0,36.27167174,-90.09122243,29069.0,501.1843053791494,2.054794520547945,143,138,3,0,135,138,29423,8,0,0,8,0
2020-07-17,US,Missouri,Franklin,337,18,0,38.41127108,-91.07522826,29071.0,324.14131407081095,5.341246290801187,319,324,18,0,306,317,103670,13,0,0,13,7
2020-07-17,US,Missouri,Gasconade,18,0,0,38.43947277,-91.50847147,29073.0,122.39902080783354,0.0,18,18,0,0,18,18,14705,0,0,0,0,0
2020-07-17,US,Missouri,Gentry,69,9,0,40.21097916,-94.40944419,29075.0,1050.0684827271343,13.043478260869565,60,68,9,0,59,68,6628,1,0,0,1,0
2020-07-17,US,Missouri,Greene,575,9,0,37.2575872,-93.34230916,29077.0,196.18814955337345,1.5652173913043481,566,546,9,0,537,517,291923,29,0,0,29,29
2020-07-17,US,Missouri,Grundy,22,1,0,40.11406587,-93.56509276,29079.0,223.35025380710653,4.545454545454546,21,22,1,0,21,22,9914,0,0,0,0,0
2020-07-17,US,Missouri,Harrison,34,1,0,40.35570088,-93.99222144,29081.0,407.088122605364,2.9411764705882355,33,34,0,0,34,33,8414,0,1,0,-1,1
2020-07-17,US,Missouri,Henry,35,3,0,38.38482826,-93.79293734,29083.0,160.37390029325513,8.571428571428571,32,31,3,0,28,27,21792,4,0,0,4,4
2020-07-17,US,Missouri,Hickory,2,0,0,37.94163617,-93.3203037,29085.0,20.955574182732608,0.0,2,2,0,0,2,1,9509,0,0,0,0,1
2020-07-17,US,Missouri,Holt,1,0,0,40.09799248,-95.2163888,29087.0,22.71178741766977,0.0,1,1,0,0,1,1,4404,0,0,0,0,0
2020-07-17,US,Missouri,Howard,11,0,0,39.1435761,-92.69756691,29089.0,109.98900109989002,0.0,11,8,0,0,8,8,10137,3,0,0,3,0
2020-07-17,US,Missouri,Howell,58,0,0,36.77383887,-91.88683935,29091.0,144.57711194755342,0.0,58,56,0,0,56,54,40076,2,0,0,2,2
2020-07-17,US,Missouri,Iron,3,0,0,37.55487945,-90.7735296,29093.0,29.62962962962963,0.0,3,3,0,0,3,3,10177,0,0,0,0,0
2020-07-17,US,Missouri,Jackson,1750,46,0,39.01002188,-94.34724536,29095.0,248.92924861773145,2.628571428571429,1704,1704,46,0,1658,1681,700307,46,0,0,46,23
2020-07-17,US,Missouri,Jasper,1177,13,0,37.20351921,-94.34050458,29097.0,970.097586707108,1.104502973661852,1164,1119,13,0,1106,1090,120636,58,0,0,58,29
2020-07-17,US,Missouri,Jefferson,670,22,0,38.25926778,-90.53870896,29099.0,297.67061635588965,3.2835820895522385,648,643,22,0,621,635,224347,27,0,0,27,8
2020-07-17,US,Missouri,Johnson,322,1,0,38.74719601,-93.80691168,29101.0,595.6124449705892,0.3105590062111801,321,296,1,0,295,279,53652,26,0,0,26,17
2020-07-17,US,Missouri,Kansas City,3454,37,0,39.0997,-94.5786,0.0,706.4218119494501,1.0712217718587145,3417,3366,37,0,3329,3294,491918,88,0,0,88,72
2020-07-17,US,Missouri,Knox,2,0,0,40.12699751,-92.14780832,29103.0,50.51780752715332,0.0,2,2,0,0,2,2,3947,0,0,0,0,0
2020-07-17,US,Missouri,Laclede,128,1,0,37.65896829,-92.5888493,29105.0,358.31257173249725,0.78125,127,122,1,0,121,115,35713,6,0,0,6,7
2020-07-17,US,Missouri,Lafayette,108,2,0,39.06986886,-93.78076396,29107.0,330.1944478415066,1.851851851851852,106,105,2,0,103,104,32598,3,0,0,3,1
2020-07-17,US,Missouri,Lawrence,86,2,0,37.10626634,-93.83293097,29109.0,224.22109242602008,2.3255813953488373,84,81,2,0,79,65,38359,5,0,0,5,16
2020-07-17,US,Missouri,Lewis,10,1,0,40.09673161,-91.72070156,29111.0,102.291325695581,10.0,9,10,1,0,9,8,9855,0,0,0,0,2
2020-07-17,US,Missouri,Lincoln,133,1,0,39.05345619,-90.95588181,29113.0,225.37407012014302,0.7518796992481203,132,128,1,0,127,127,57686,5,0,0,5,1
2020-07-17,US,Missouri,Linn,21,1,0,39.87001769,-93.10704106,29115.0,176.17449664429532,4.761904761904762,20,22,1,0,21,22,12037,-1,0,0,-1,0
2020-07-17,US,Missouri,Livingston,28,0,0,39.78110272,-93.54645978,29117.0,183.8838904577396,0.0,28,28,0,0,28,27,15146,0,0,0,0,1
2020-07-17,US,Missouri,Macon,35,0,0,39.83049768,-92.56453089,29121.0,231.52741946153338,0.0,35,32,0,0,32,32,15153,3,0,0,3,0
2020-07-17,US,Missouri,Madison,8,0,0,37.47865134,-90.3467143,29123.0,66.18133686300463,0.0,8,8,0,0,8,7,12188,0,0,0,0,1
2020-07-17,US,Missouri,Maries,6,0,0,38.16193985,-91.92249662,29125.0,68.98930665746809,0.0,6,6,0,0,6,6,8769,0,0,0,0,0
2020-07-17,US,Missouri,Marion,41,0,0,39.80601912,-91.62203062,29127.0,143.70837714686294,0.0,41,39,0,0,39,38,28592,2,0,0,2,1
2020-07-17,US,Missouri,McDonald,782,1,0,36.62869595,-94.34867205,29119.0,3424.267635854097,0.1278772378516624,781,767,1,0,766,757,23078,15,0,0,15,10
2020-07-17,US,Missouri,Mercer,7,0,0,40.42212303,-93.5682959,29129.0,193.53055017970692,0.0,7,7,0,0,7,8,3641,0,0,0,0,-1
2020-07-17,US,Missouri,Miller,35,0,0,38.21450288,-92.42610898,29131.0,136.61735430735,0.0,35,31,0,0,31,29,25336,4,0,0,4,2
2020-07-17,US,Missouri,Mississippi,99,0,0,36.82516239,-89.29505753,29133.0,751.1380880121396,0.0,99,98,0,0,98,98,13336,1,0,0,1,0
2020-07-17,US,Missouri,Moniteau,71,2,0,38.63571781,-92.57976951,29135.0,440.1190181006695,2.8169014084507036,69,70,2,0,68,69,16121,1,0,0,1,1
2020-07-17,US,Missouri,Monroe,6,0,0,39.49593978,-92.00043978,29137.0,69.41230911614993,0.0,6,6,0,0,6,7,8664,0,0,0,0,-1
2020-07-17,US,Missouri,Montgomery,23,0,0,38.94022054,-91.47000721,29139.0,199.11695957060002,0.0,23,23,0,0,23,23,11534,0,0,0,0,0
2020-07-17,US,Missouri,Morgan,28,0,0,38.4181765,-92.88791859,29141.0,135.74441266301451,0.0,28,28,0,0,28,28,20358,0,0,0,0,0
2020-07-17,US,Missouri,New Madrid,96,1,0,36.59666326,-89.66070007,29143.0,562.1925509486998,1.0416666666666667,95,88,1,0,87,79,17296,8,0,0,8,9
2020-07-17,US,Missouri,Newton,638,2,0,36.90519407,-94.3394104,29145.0,1095.5422762552373,0.31347962382445144,636,625,2,0,623,607,58266,13,0,0,13,18
2020-07-17,US,Missouri,Nodaway,30,0,0,40.36079813,-94.88133008,29147.0,135.79576317218906,0.0,30,27,0,0,27,26,22304,3,0,0,3,1
2020-07-17,US,Missouri,Oregon,10,0,0,36.68710164,-91.4033755,29149.0,94.97578117580015,0.0,10,9,0,0,9,9,10541,1,0,0,1,0
2020-07-17,US,Missouri,Osage,15,0,0,38.46036182,-91.8613635,29151.0,110.17260374586851,0.0,15,15,0,0,15,15,13714,0,0,0,0,0
2020-07-17,US,Missouri,Ozark,2,0,0,36.64916339,-92.44459066,29153.0,21.80074122520166,0.0,2,2,0,0,2,2,9017,0,0,0,0,0
2020-07-17,US,Missouri,Pemiscot,153,6,0,36.2130572,-89.78742322,29155.0,968.0480860487187,3.92156862745098,147,150,6,0,144,141,16272,3,0,0,3,9
2020-07-17,US,Missouri,Perry,178,3,0,37.70660776,-89.82741088,29157.0,930.1839464882944,1.6853932584269662,175,176,3,0,173,176,19150,2,0,0,2,0
2020-07-17,US,Missouri,Pettis,187,2,0,38.72798918,-93.28471706,29159.0,441.6731618602234,1.0695187165775402,185,184,2,0,182,166,42542,3,0,0,3,18
2020-07-17,US,Missouri,Phelps,53,0,0,37.87736118,-91.79351727,29161.0,118.90606420927469,0.0,53,53,0,0,53,52,44732,0,0,0,0,1
2020-07-17,US,Missouri,Pike,46,1,0,39.34310674,-91.16980779,29163.0,251.33865151349582,2.1739130434782608,45,45,1,0,44,44,18504,1,0,0,1,1
2020-07-17,US,Missouri,Platte,192,6,0,39.38154439,-94.77068479,29165.0,183.87634315922543,3.125,186,176,6,0,170,173,102985,16,0,0,16,3
2020-07-17,US,Missouri,Polk,26,0,0,37.6162296,-93.39828174,29167.0,80.87343307723413,0.0,26,25,0,0,25,23,32201,1,0,0,1,2
2020-07-17,US,Missouri,Pulaski,146,1,0,37.82462075,-92.20783203,29169.0,277.52960632615435,0.6849315068493149,145,146,1,0,145,146,52014,0,0,0,0,0
2020-07-17,US,Missouri,Putnam,3,0,0,40.47942497,-93.02042674,29171.0,63.884156729131185,0.0,3,3,0,0,3,3,4757,0,0,0,0,0
2020-07-17,US,Missouri,Ralls,10,0,0,39.52817427,-91.51838643,29173.0,97.00261907071491,0.0,10,10,0,0,10,10,10212,0,0,0,0,0
2020-07-17,US,Missouri,Randolph,21,1,0,39.44007257,-92.4971374,29175.0,84.85534184580573,4.761904761904762,20,21,0,0,21,21,24763,0,1,0,-1,0
2020-07-17,US,Missouri,Ray,36,0,0,39.3537468,-93.98905745,29177.0,156.39933964723258,0.0,36,32,0,0,32,31,22883,4,0,0,4,1
2020-07-17,US,Missouri,Reynolds,11,0,0,37.36085952,-90.97009925,29179.0,175.4385964912281,0.0,11,11,0,0,11,10,6254,0,0,0,0,1
2020-07-17,US,Missouri,Ripley,23,0,0,36.65460667,-90.85990261,29181.0,173.08850090307044,0.0,23,23,0,0,23,22,13401,0,0,0,0,1
2020-07-17,US,Missouri,Saline,328,5,0,39.13734288,-93.20259964,29195.0,1441.0614647862576,1.5243902439024388,323,324,5,0,319,324,22895,4,0,0,4,0
2020-07-17,US,Missouri,Schuyler,5,0,0,40.46921489,-92.52311943,29197.0,107.2961373390558,0.0,5,5,0,0,5,5,4599,0,0,0,0,0
2020-07-17,US,Missouri,Scotland,11,1,0,40.45214695,-92.14709064,29199.0,224.3982048143615,9.090909090909092,10,11,1,0,10,11,4966,0,0,0,0,0
2020-07-17,US,Missouri,Scott,240,13,0,37.05588075,-89.56474493,29201.0,626.9592476489029,5.416666666666668,227,237,13,0,224,235,38458,3,0,0,3,2
2020-07-17,US,Missouri,Shannon,29,0,0,37.15772072,-91.40190382,29203.0,355.13103110458,0.0,29,29,0,0,29,29,8189,0,0,0,0,0
2020-07-17,US,Missouri,Shelby,6,0,0,39.79742518,-92.07634971,29205.0,101.18043844856659,0.0,6,5,0,0,5,5,6050,1,0,0,1,0
2020-07-17,US,Missouri,St. Charles,1581,79,0,38.77875681,-90.66662425,29183.0,393.26206028525803,4.996837444655283,1502,1533,79,0,1454,1496,399182,48,0,0,48,37
2020-07-17,US,Missouri,St. Clair,6,0,0,38.03699437,-93.77631447,29185.0,63.85016494625946,0.0,6,6,0,0,6,6,9395,0,0,0,0,0
2020-07-17,US,Missouri,St. Francois,184,2,0,37.81214171,-90.47598685,29187.0,273.74841925165515,1.0869565217391304,182,179,2,0,177,174,66692,5,0,0,5,5
2020-07-17,US,Missouri,St. Louis,8739,607,0,38.63770039999999,-90.4458375,29189.0,878.9937688907218,6.945874814051951,8132,8561,605,0,7956,8300,996945,178,2,0,176,261
2020-07-17,US,Missouri,St. Louis City,3256,161,0,38.63555736,-90.24349225,29510.0,1083.2534866389863,4.944717444717446,3095,3194,161,0,3033,3134,302838,62,0,0,62,60
2020-07-17,US,Missouri,Ste. Genevieve,26,1,0,37.89090059,-90.1949941,29186.0,145.30010059237733,3.8461538461538463,25,26,1,0,25,26,17888,0,0,0,0,0
2020-07-17,US,Missouri,Stoddard,165,9,0,36.85571651,-89.9444155,29207.0,568.4754521963822,5.454545454545454,156,163,9,0,154,162,29206,2,0,0,2,1
2020-07-17,US,Missouri,Stone,36,0,0,36.75000327,-93.45256475,29209.0,112.66900350525788,0.0,36,32,0,0,32,32,31749,4,0,0,4,0
2020-07-17,US,Missouri,Sullivan,122,0,0,40.2099105,-93.11150106,29211.0,2003.6130727541467,0.0,122,122,0,0,122,121,6221,0,0,0,0,1
2020-07-17,US,Missouri,Taney,155,3,0,36.65465345,-93.04075153,29213.0,277.1420397654127,1.935483870967742,152,147,3,0,144,142,55852,8,0,0,8,5
2020-07-17,US,Missouri,Texas,16,0,0,37.31728859,-91.96564727,29215.0,62.9970863847547,0.0,16,13,0,0,13,14,25571,3,0,0,3,-1
2020-07-17,US,Missouri,Vernon,38,0,0,37.8457799,-94.34127305,29217.0,184.7979380440597,0.0,38,36,0,0,36,38,20528,2,0,0,2,-2
2020-07-17,US,Missouri,Warren,72,0,0,38.76529479,-91.16124662,29219.0,201.9691996970462,0.0,72,68,0,0,68,65,34711,4,0,0,4,3
2020-07-17,US,Missouri,Washington,39,1,0,37.96130078,-90.87948158,29221.0,157.70319450060654,2.5641025641025643,38,38,1,0,37,28,24943,1,0,0,1,10
2020-07-17,US,Missouri,Wayne,5,0,0,37.11303869,-90.46001416,29223.0,38.84098500737978,0.0,5,5,0,0,5,5,13122,0,0,0,0,0
2020-07-17,US,Missouri,Webster,67,1,0,37.2813734,-92.876329,29225.0,169.2261062840978,1.492537313432836,66,62,1,0,61,60,39109,5,0,0,5,2
2020-07-17,US,Missouri,Worth,4,0,0,40.47945588,-94.42328751,29227.0,198.7083954297069,0.0,4,4,0,0,4,4,2040,0,0,0,0,0
2020-07-17,US,Missouri,Wright,49,0,0,37.27029221,-92.46914488,29229.0,267.9206080157472,0.0,49,48,0,0,48,45,18378,1,0,0,1,3
2020-07-17,US,Montana,Beaverhead,6,0,0,45.13434354,-112.89846940000001,30001.0,63.4719136781974,0.0,6,6,0,0,6,6,9404,0,0,0,0,0
2020-07-17,US,Montana,Big Horn,131,5,0,45.42335905,-107.492347,30003.0,983.5573241234326,3.816793893129771,126,129,5,0,124,128,13338,2,0,0,2,1
2020-07-17,US,Montana,Blaine,4,0,0,48.43175214,-108.9582723,30005.0,59.8712767549768,0.0,4,1,0,0,1,,6807,3,0,0,3,
2020-07-17,US,Montana,Broadwater,9,0,0,46.33277565,-111.49558130000001,30007.0,144.3001443001443,0.0,9,9,0,0,9,9,6085,0,0,0,0,0
2020-07-17,US,Montana,Carbon,41,0,0,45.22850116,-109.0274047,30009.0,382.28438228438233,0.0,41,41,0,0,41,35,10714,0,0,0,0,6
2020-07-17,US,Montana,Cascade,65,2,0,47.30797024,-111.3467922,30013.0,79.88594744733672,3.0769230769230766,63,59,2,0,57,56,81643,6,0,0,6,3
2020-07-17,US,Montana,Custer,40,0,0,46.25319932,-105.57375259999998,30017.0,350.81564637782844,0.0,40,40,0,0,40,38,11586,0,0,0,0,2
2020-07-17,US,Montana,Dawson,8,0,0,47.26584855,-104.89444170000002,30021.0,92.88285150354116,0.0,8,8,0,0,8,8,8680,0,0,0,0,0
2020-07-17,US,Montana,Deer Lodge,8,0,0,46.05953325,-113.073353,30023.0,87.527352297593,0.0,8,6,0,0,6,6,9131,2,0,0,2,0
2020-07-17,US,Montana,Fallon,1,0,0,46.33478338,-104.41835649999999,30025.0,35.137034434293746,0.0,1,1,0,0,1,1,2920,0,0,0,0,0
2020-07-17,US,Montana,Fergus,4,0,0,47.26331584,-109.2245206,30027.0,36.199095022624434,0.0,4,4,0,0,4,2,11113,0,0,0,0,2
2020-07-17,US,Montana,Flathead,102,2,0,48.29575866,-114.05205690000001,30029.0,98.26021617247558,1.96078431372549,100,97,2,0,95,92,102106,5,0,0,5,5
2020-07-17,US,Montana,Gallatin,544,1,0,45.54486106,-111.1692571,30031.0,475.38319031057205,0.18382352941176472,543,536,1,0,535,489,111876,8,0,0,8,47
2020-07-17,US,Montana,Garfield,9,0,0,47.27545948,-107.0002351,30033.0,715.4213036565977,0.0,9,9,0,0,9,9,1268,0,0,0,0,0
2020-07-17,US,Montana,Glacier,34,0,0,48.70513576,-112.9934235,30035.0,247.21878862793568,0.0,34,28,0,0,28,28,13747,6,0,0,6,0
2020-07-17,US,Montana,Golden Valley,3,0,0,46.3816474,-109.17685220000001,30037.0,365.4080389768576,0.0,3,3,0,0,3,3,826,0,0,0,0,0
2020-07-17,US,Montana,Granite,6,0,0,46.40605220000001,-113.4414186,30039.0,177.56732761171943,0.0,6,6,0,0,6,6,3378,0,0,0,0,0
2020-07-17,US,Montana,Hill,24,0,0,48.62879827,-110.1129252,30041.0,145.5957291919437,0.0,24,14,0,0,14,14,16347,10,0,0,10,0
2020-07-17,US,Montana,Jefferson,14,0,0,46.14907081,-112.094396,30043.0,114.55691023647819,0.0,14,12,0,0,12,12,12097,2,0,0,2,0
2020-07-17,US,Montana,Lake,100,0,0,47.64514965,-114.0898013,30047.0,328.3209665769256,0.0,100,81,0,0,81,81,30250,19,0,0,19,0
2020-07-17,US,Montana,Lewis and Clark,75,1,0,47.12610041,-112.39469799999999,30049.0,108.01935706878672,1.3333333333333333,74,66,0,0,66,59,68700,9,1,0,8,7
2020-07-17,US,Montana,Liberty,1,0,0,48.56084317,-111.02430700000001,30051.0,42.78990158322636,0.0,1,1,0,0,1,1,2430,0,0,0,0,0
2020-07-17,US,Montana,Lincoln,42,1,0,48.54265777,-115.4046155,30053.0,210.21021021021028,2.380952380952381,41,40,1,0,39,40,19794,2,0,0,2,0
2020-07-17,US,Montana,Madison,40,1,0,45.30080065,-111.9173017,30057.0,465.11627906976736,2.5,39,37,1,0,36,34,8768,3,0,0,3,3
2020-07-17,US,Montana,Meagher,4,0,0,46.59907074,-110.8898557,30059.0,214.8227712137487,0.0,4,4,0,0,4,4,1866,0,0,0,0,0
2020-07-17,US,Montana,Missoula,151,1,0,47.03728583,-113.92135079999998,30063.0,126.25418060200668,0.6622516556291391,150,130,1,0,129,130,118791,21,0,0,21,0
2020-07-17,US,Montana,Musselshell,1,0,0,46.49684637,-108.39498,30065.0,21.58428663932657,0.0,1,1,0,0,1,1,4651,0,0,0,0,0
2020-07-17,US,Montana,Park,30,0,0,45.48965095,-110.52643940000002,30067.0,180.6575936408527,0.0,30,26,0,0,26,20,16736,4,0,0,4,6
2020-07-17,US,Montana,Pondera,5,0,0,48.22773388,-112.22527029999999,30073.0,84.5880561664693,0.0,5,2,0,0,2,2,5972,3,0,0,3,0
2020-07-17,US,Montana,Ravalli,49,1,0,46.08520862,-114.11891640000002,30081.0,111.85682326621924,2.0408163265306123,48,47,1,0,46,47,43172,2,0,0,2,0
2020-07-17,US,Montana,Richland,34,0,0,47.78668011,-104.5610786,30083.0,314.7273905396649,0.0,34,33,0,0,33,32,10913,1,0,0,1,1
2020-07-17,US,Montana,Roosevelt,9,0,0,48.29607488,-105.00792679999999,30085.0,81.78844056706652,0.0,9,9,0,0,9,9,11059,0,0,0,0,0
2020-07-17,US,Montana,Rosebud,16,1,0,46.23397237,-106.72928799999998,30087.0,179.03099474096456,6.25,15,15,1,0,14,15,9063,1,0,0,1,0
2020-07-17,US,Montana,Sanders,4,0,0,47.67657534,-115.1329916,30089.0,33.02237265747545,0.0,4,3,0,0,3,3,11844,1,0,0,1,0
2020-07-17,US,Montana,Sheridan,2,0,0,48.72085833,-104.50382900000001,30091.0,60.44122091266244,0.0,2,2,0,0,2,2,3424,0,0,0,0,0
2020-07-17,US,Montana,Silver Bow,28,0,0,45.90018933,-112.6620092,30093.0,80.19475869969926,0.0,28,28,0,0,28,25,34993,0,0,0,0,3
2020-07-17,US,Montana,Stillwater,13,0,0,45.67071407,-109.3950061,30095.0,134.82679941920765,0.0,13,12,0,0,12,9,9534,1,0,0,1,3
2020-07-17,US,Montana,Sweet Grass,2,0,0,45.81367654,-109.9425686,30097.0,53.51886540005352,0.0,2,1,0,0,1,1,3710,1,0,0,1,0
2020-07-17,US,Montana,Teton,15,0,0,47.83741052,-112.24106880000001,30099.0,244.0214738897023,0.0,15,15,0,0,15,15,6162,0,0,0,0,0
2020-07-17,US,Montana,Toole,31,6,0,48.65577551,-111.69424140000001,30101.0,654.5608108108107,19.354838709677423,25,31,6,0,25,31,4853,0,0,0,0,0
2020-07-17,US,Montana,Treasure,2,0,0,46.20973220000001,-107.26665159999999,30103.0,287.3563218390805,0.0,2,2,0,0,2,2,679,0,0,0,0,0
2020-07-17,US,Montana,Valley,4,0,0,48.36435097,-106.6669635,30105.0,54.08328826392645,0.0,4,4,0,0,4,4,7437,0,0,0,0,0
2020-07-17,US,Montana,Wheatland,2,0,0,46.46652491,-109.84646359999999,30107.0,94.07337723424273,0.0,2,2,0,0,2,2,2236,0,0,0,0,0
2020-07-17,US,Montana,Wibaux,1,0,0,46.95925154,-104.2510927,30109.0,103.19917440660471,0.0,1,1,0,0,1,1,1034,0,0,0,0,0
2020-07-17,US,Montana,Yellowstone,652,15,0,45.93955949,-108.26914860000001,30111.0,404.2157470551767,2.3006134969325154,637,629,14,0,615,584,160137,23,1,0,22,45
2020-07-17,US,Nebraska,Adams,316,11,0,40.52449420000001,-98.50117804,31001.0,1007.5566750629724,3.4810126582278484,305,315,11,0,304,315,31511,1,0,0,1,0
2020-07-17,US,Nebraska,Antelope,16,1,0,42.17695516,-98.06662829999999,31003.0,254.0489044140997,6.25,15,16,1,0,15,16,6336,0,0,0,0,0
2020-07-17,US,Nebraska,Banner,2,0,0,41.54634427,-103.7114332,31007.0,268.4563758389262,0.0,2,2,0,0,2,2,730,0,0,0,0,0
2020-07-17,US,Nebraska,Boone,7,0,0,41.70759415,-98.06737183,31011.0,134.82280431432974,0.0,7,7,0,0,7,7,5239,0,0,0,0,0
2020-07-17,US,Nebraska,Box Butte,4,0,0,42.22079243,-103.08788340000001,31013.0,37.095427988500425,0.0,4,4,0,0,4,4,10772,0,0,0,0,0
2020-07-17,US,Nebraska,Boyd,1,0,0,42.899727399999996,-98.76486568,31015.0,52.110474205315285,0.0,1,1,0,0,1,1,1955,0,0,0,0,0
2020-07-17,US,Nebraska,Buffalo,230,1,0,40.85486962,-99.07500296,31019.0,463.1587426247005,0.43478260869565216,229,225,1,0,224,221,49615,5,0,0,5,4
2020-07-17,US,Nebraska,Burt,17,0,0,41.85056773,-96.32605633,31021.0,263.1986375599938,0.0,17,17,0,0,17,16,6488,0,0,0,0,1
2020-07-17,US,Nebraska,Butler,52,0,0,41.22703692,-97.13106306,31023.0,648.7025948103793,0.0,52,52,0,0,52,53,8058,0,0,0,0,-1
2020-07-17,US,Nebraska,Cass,109,1,0,40.90899107,-96.13971217,31025.0,415.26973483694,0.9174311926605504,108,106,1,0,105,99,26159,3,0,0,3,7
2020-07-17,US,Nebraska,Cedar,19,0,0,42.598885100000004,-97.25311951,31027.0,226.13663413472983,0.0,19,19,0,0,19,19,8446,0,0,0,0,0
2020-07-17,US,Nebraska,Chase,1,0,0,40.523719799999995,-101.69780259999999,31029.0,25.4841997961264,0.0,1,1,0,0,1,1,3977,0,0,0,0,0
2020-07-17,US,Nebraska,Cherry,3,0,0,42.54502621,-101.1244332,31031.0,52.73334505185446,0.0,3,3,0,0,3,3,5761,0,0,0,0,0
2020-07-17,US,Nebraska,Cheyenne,22,0,0,41.21999357,-102.9941693,31033.0,246.9135802469136,0.0,22,22,0,0,22,22,9310,0,0,0,0,0
2020-07-17,US,Nebraska,Clay,35,0,0,40.52439441,-98.05126296,31035.0,564.2431081734644,0.0,35,34,0,0,34,34,6214,1,0,0,1,0
2020-07-17,US,Nebraska,Colfax,682,4,0,41.57486951,-97.0868542,31037.0,6368.475114389766,0.5865102639296188,678,683,4,0,679,682,10881,-1,0,0,-1,1
2020-07-17,US,Nebraska,Cuming,39,0,0,41.91637624,-96.78730772,31039.0,440.87723264752435,0.0,39,39,0,0,39,39,8940,0,0,0,0,0
2020-07-17,US,Nebraska,Custer,40,4,0,41.39374521,-99.72805369,31041.0,371.16080541894775,10.0,36,40,3,0,37,40,10840,0,1,0,-1,0
2020-07-17,US,Nebraska,Dakota,1865,37,0,42.39040144,-96.56656425,31043.0,9312.893238789571,1.9839142091152813,1828,1864,37,0,1827,1861,20083,1,0,0,1,3
2020-07-17,US,Nebraska,Dawes,4,0,0,42.71985036,-103.1313774,31045.0,46.57119571545,0.0,4,4,0,0,4,4,8716,0,0,0,0,0
2020-07-17,US,Nebraska,Dawson,879,8,0,40.87028216,-99.82014609999999,31047.0,3725.3655435473615,0.9101251422070534,871,878,8,0,870,878,23709,1,0,0,1,0
2020-07-17,US,Nebraska,Deuel,2,0,0,41.11168186,-102.33333309999999,31049.0,111.48272017837236,0.0,2,2,0,0,2,2,1825,0,0,0,0,0
2020-07-17,US,Nebraska,Dixon,58,2,0,42.49188363,-96.86782408,31051.0,1029.0986515259046,3.4482758620689653,56,58,2,0,56,58,5709,0,0,0,0,0
2020-07-17,US,Nebraska,Dodge,721,8,0,41.58071748,-96.65598179,31053.0,1971.8309859154929,1.1095700416088763,713,717,8,0,709,716,36791,4,0,0,4,1
2020-07-17,US,Nebraska,Douglas,8539,110,0,41.29518299,-96.15085305,31055.0,1494.5906634904354,1.2882070500058556,8429,8409,109,0,8300,8357,566880,130,1,0,129,52
2020-07-17,US,Nebraska,Dundy,1,0,0,40.17638677,-101.6876522,31057.0,59.06674542232722,0.0,1,,,,,,1770,,,,,
2020-07-17,US,Nebraska,Fillmore,20,1,0,40.52458567,-97.59646937,31059.0,366.16623947272063,5.0,19,20,1,0,19,20,5527,0,0,0,0,0
2020-07-17,US,Nebraska,Franklin,8,0,0,40.17636348,-98.95299073,31061.0,268.5464921114468,0.0,8,8,0,0,8,8,3023,0,0,0,0,0
2020-07-17,US,Nebraska,Frontier,2,0,0,40.52993007,-100.3924658,31063.0,76.13247049866769,0.0,2,2,0,0,2,2,2608,0,0,0,0,0
2020-07-17,US,Nebraska,Furnas,10,1,0,40.17642064,-99.91247454,31065.0,213.85799828913602,10.0,9,10,1,0,9,10,4715,0,0,0,0,0
2020-07-17,US,Nebraska,Gage,69,4,0,40.26186809,-96.68946704,31067.0,320.7362989820108,5.797101449275362,65,69,4,0,65,69,21493,0,0,0,0,0
2020-07-17,US,Nebraska,Garden,4,0,0,41.61703149,-102.3313973,31069.0,217.74632553075668,0.0,4,4,0,0,4,4,1897,0,0,0,0,0
2020-07-17,US,Nebraska,Garfield,3,0,0,41.91428955,-98.99111827,31071.0,152.36160487557137,0.0,3,3,0,0,3,3,1987,0,0,0,0,0
2020-07-17,US,Nebraska,Gosper,13,0,0,40.51481965,-99.83020279,31073.0,653.2663316582915,0.0,13,13,0,0,13,13,1996,0,0,0,0,0
2020-07-17,US,Nebraska,Greeley,5,0,0,41.56742671,-98.52150266,31077.0,212.22410865874363,0.0,5,5,0,0,5,5,2356,0,0,0,0,0
2020-07-17,US,Nebraska,Hall,1641,47,0,40.87257079,-98.50218293,31079.0,2674.6858344335237,2.8641072516758075,1594,1635,47,0,1588,1634,61607,6,0,0,6,1
2020-07-17,US,Nebraska,Hamilton,75,12,0,40.87349452,-98.02099117,31081.0,804.3758043758045,16.0,63,73,12,0,61,73,9280,2,0,0,2,0
2020-07-17,US,Nebraska,Harlan,1,0,0,40.17658508,-99.40438879,31083.0,29.58579881656805,0.0,1,1,0,0,1,1,3401,0,0,0,0,0
2020-07-17,US,Nebraska,Hitchcock,1,0,0,40.17609175,-101.04164770000001,31087.0,36.205648081100655,0.0,1,1,0,0,1,1,2806,0,0,0,0,0
2020-07-17,US,Nebraska,Holt,4,0,0,42.45522056,-98.78402558,31089.0,39.73378364954803,0.0,4,4,0,0,4,4,10178,0,0,0,0,0
2020-07-17,US,Nebraska,Hooker,2,0,0,41.91586243,-101.1354293,31091.0,293.2551319648094,0.0,2,2,0,0,2,2,682,0,0,0,0,0
2020-07-17,US,Nebraska,Howard,50,4,0,41.2200529,-98.5166499,31093.0,775.7951900698216,8.0,46,50,4,0,46,50,6468,0,0,0,0,0
2020-07-17,US,Nebraska,Jefferson,12,0,0,40.17584531,-97.142601,31095.0,170.3093954016463,0.0,12,11,0,0,11,11,7097,1,0,0,1,0
2020-07-17,US,Nebraska,Johnson,9,0,0,40.39257596,-96.26522753,31097.0,177.47978702425556,0.0,9,8,0,0,8,8,5134,1,0,0,1,0
2020-07-17,US,Nebraska,Kearney,18,0,0,40.50663314,-98.94877182,31099.0,277.1362586605081,0.0,18,18,0,0,18,18,6544,0,0,0,0,0
2020-07-17,US,Nebraska,Keith,7,0,0,41.19930341,-101.66201640000001,31101.0,87.12969878018421,0.0,7,7,0,0,7,7,8021,0,0,0,0,0
2020-07-17,US,Nebraska,Kimball,14,0,0,41.19774275,-103.7148131,31105.0,385.4625550660794,0.0,14,14,0,0,14,13,3618,0,0,0,0,1
2020-07-17,US,Nebraska,Knox,26,0,0,42.63758421,-97.89178836,31107.0,312.04992798847815,0.0,26,26,0,0,26,26,8419,0,0,0,0,0
2020-07-17,US,Nebraska,Lancaster,2352,13,0,40.78416049,-96.68777155,31109.0,737.0961170829546,0.5527210884353742,2339,2316,13,0,2303,2266,317272,36,0,0,36,50
2020-07-17,US,Nebraska,Lincoln,64,2,0,41.04658298,-100.74753740000001,31111.0,183.30755570831184,3.125,62,63,2,0,61,63,35185,1,0,0,1,0
2020-07-17,US,Nebraska,Madison,388,4,0,41.91676024,-97.6005481,31119.0,1105.4445995612414,1.0309278350515465,384,387,4,0,383,387,35392,1,0,0,1,0
2020-07-17,US,Nebraska,McPherson,3,0,0,41.56797682,-101.05993620000001,31117.0,607.2874493927128,0.0,3,3,0,0,3,3,492,0,0,0,0,0
2020-07-17,US,Nebraska,Merrick,40,0,0,41.16624273,-98.0374887,31121.0,515.7962604771116,0.0,40,39,0,0,39,39,7733,1,0,0,1,0
2020-07-17,US,Nebraska,Morrill,53,0,0,41.71711774,-103.0061405,31123.0,1141.7492460146484,0.0,53,53,0,0,53,53,4686,0,0,0,0,0
2020-07-17,US,Nebraska,Nance,6,0,0,41.39750195,-97.99327291,31125.0,170.50298380221653,0.0,6,6,0,0,6,6,3532,0,0,0,0,0
2020-07-17,US,Nebraska,Nemaha,6,0,0,40.38514847,-95.85433992,31127.0,86.05851979345955,0.0,6,6,0,0,6,6,6958,0,0,0,0,0
2020-07-17,US,Nebraska,Nuckolls,3,0,0,40.17637905,-98.04743961,31129.0,72.32401157184184,0.0,3,4,0,0,4,4,4195,-1,0,0,-1,0
2020-07-17,US,Nebraska,Otoe,31,0,0,40.64843556,-96.13374142,31131.0,193.60479640269799,0.0,31,31,0,0,31,29,15985,0,0,0,0,2
2020-07-17,US,Nebraska,Pawnee,1,0,0,40.13141096,-96.23705437,31133.0,38.270187523918864,0.0,1,1,0,0,1,1,2632,0,0,0,0,0
2020-07-17,US,Nebraska,Phelps,28,0,0,40.51156033,-99.41461667,31137.0,309.9402258135932,0.0,28,27,0,0,27,27,8996,1,0,0,1,0
2020-07-17,US,Nebraska,Pierce,13,0,0,42.26434853,-97.60122773,31139.0,181.8690542809177,0.0,13,12,0,0,12,13,7142,1,0,0,1,-1
2020-07-17,US,Nebraska,Platte,706,3,0,41.57246836,-97.52144359,31141.0,2109.3516582013744,0.42492917847025496,703,703,3,0,700,702,33363,3,0,0,3,1
2020-07-17,US,Nebraska,Polk,13,0,0,41.18813488,-97.56630712,31143.0,249.37655860349128,0.0,13,13,0,0,13,13,5278,0,0,0,0,0
2020-07-17,US,Nebraska,Red Willow,9,0,0,40.17556879999999,-100.476998,31145.0,83.92390898918316,0.0,9,9,0,0,9,8,10726,0,0,0,0,1
2020-07-17,US,Nebraska,Richardson,10,1,0,40.1247415,-95.71755036,31147.0,127.14558169103624,10.0,9,10,1,0,9,10,7937,0,0,0,0,0
2020-07-17,US,Nebraska,Rock,2,0,0,42.42252217,-99.44832069,31149.0,147.38393515106853,0.0,2,2,0,0,2,2,1360,0,0,0,0,0
2020-07-17,US,Nebraska,Saline,554,2,0,40.52418865,-97.14085859,31151.0,3894.825646794151,0.36101083032490977,552,553,2,0,551,549,14350,1,0,0,1,4
2020-07-17,US,Nebraska,Sarpy,1489,8,0,41.11314181,-96.11156432,31153.0,795.4229791234856,0.5372733378106112,1481,1468,8,0,1460,1443,184459,21,0,0,21,25
2020-07-17,US,Nebraska,Saunders,99,2,0,41.227810299999994,-96.63773905,31155.0,458.80063027157286,2.0202020202020203,97,98,2,0,96,98,21303,1,0,0,1,0
2020-07-17,US,Nebraska,Scotts Bluff,249,5,0,41.85070896,-103.70809859999999,31157.0,699.0847324386548,2.0080321285140563,244,248,5,0,243,245,35989,1,0,0,1,3
2020-07-17,US,Nebraska,Seward,54,1,0,40.87241834,-97.139673,31159.0,312.4276787780606,1.851851851851852,53,54,1,0,53,54,17318,0,0,0,0,0
2020-07-17,US,Nebraska,Sheridan,8,0,0,42.50284406,-102.4126613,31161.0,152.49714067861228,0.0,8,8,0,0,8,8,5190,0,0,0,0,0
2020-07-17,US,Nebraska,Sherman,5,0,0,41.22045983,-98.97588642,31163.0,166.61112962345885,0.0,5,5,0,0,5,5,3038,0,0,0,0,0
2020-07-17,US,Nebraska,Sioux,6,0,0,42.48932059,-103.7576544,31165.0,514.5797598627787,0.0,6,6,0,0,6,6,1187,0,0,0,0,0
2020-07-17,US,Nebraska,Stanton,21,0,0,41.9169835,-97.19394708,31167.0,354.72972972972974,0.0,21,21,0,0,21,21,5970,0,0,0,0,0
2020-07-17,US,Nebraska,Thayer,16,0,0,40.17626377,-97.59504381,31169.0,319.80811513092146,0.0,16,16,0,0,16,16,5039,0,0,0,0,0
2020-07-17,US,Nebraska,Thomas,1,0,0,41.91358968,-100.5556632,31171.0,138.50415512465375,0.0,1,1,0,0,1,1,720,0,0,0,0,0
2020-07-17,US,Nebraska,Thurston,177,1,0,42.15725356,-96.54157099,31173.0,2450.1661129568106,0.5649717514124294,176,178,1,0,177,179,7303,-1,0,0,-1,-1
2020-07-17,US,Nebraska,Unassigned,114,2,0,0.0,0.0,90031.0,0.0,1.7543859649122806,112,117,2,0,115,118,,-3,0,0,-3,-1
2020-07-17,US,Nebraska,Valley,9,0,0,41.56730777,-98.98197724,31175.0,216.4502164502165,0.0,9,9,0,0,9,9,4190,0,0,0,0,0
2020-07-17,US,Nebraska,Washington,73,1,0,41.52815707,-96.22019892,31177.0,352.16363548651634,1.3698630136986298,72,67,1,0,66,66,20667,6,0,0,6,1
2020-07-17,US,Nebraska,Wayne,35,0,0,42.20934475,-97.11926964,31179.0,372.9355354288759,0.0,35,35,0,0,35,34,9403,0,0,0,0,1
2020-07-17,US,Nebraska,Webster,9,0,0,40.17642643,-98.50019851,31181.0,258.1015199311729,0.0,9,9,0,0,9,9,3533,0,0,0,0,0
2020-07-17,US,Nebraska,York,56,0,0,40.87272618,-97.59710186,31185.0,409.38665107098467,0.0,56,54,0,0,54,54,13772,2,0,0,2,0
2020-07-17,US,Nevada,Carson City,240,6,0,39.15509045,-119.7480219,32510.0,429.2152514486015,2.5,234,230,6,0,224,229,55414,10,0,0,10,1
2020-07-17,US,Nevada,Churchill,32,1,0,39.58105744,-118.3394607,32001.0,128.46762214460637,3.125,31,31,1,0,30,31,24440,1,0,0,1,0
2020-07-17,US,Nevada,Clark,28189,518,0,36.21458855,-115.0130241,32003.0,1243.6058348755796,1.8375962254780236,27671,26926,507,0,26419,25611,2231647,1263,11,0,1252,1315
2020-07-17,US,Nevada,Douglas,97,0,0,38.912862,-119.61713329999999,32005.0,198.3437276352111,0.0,97,97,0,0,97,94,48467,0,0,0,0,3
2020-07-17,US,Nevada,Elko,295,1,0,41.14531606,-115.3577619,32007.0,558.945014968358,0.3389830508474576,294,285,1,0,284,274,52460,10,0,0,10,11
2020-07-17,US,Nevada,Eureka,1,0,0,39.98100864,-116.26832040000001,32011.0,49.28536224741252,0.0,1,1,0,0,1,1,2003,0,0,0,0,0
2020-07-17,US,Nevada,Humboldt,91,4,0,41.40692186,-118.11094270000001,32013.0,540.6690036242646,4.395604395604397,87,91,4,0,87,91,16786,0,0,0,0,0
2020-07-17,US,Nevada,Lander,47,0,0,39.933223299999995,-117.03970749999999,32015.0,849.6023138105568,0.0,47,47,0,0,47,45,5575,0,0,0,0,2
2020-07-17,US,Nevada,Lincoln,3,0,0,37.64268459,-114.8790388,32017.0,57.88153579008296,0.0,3,3,0,0,3,2,5201,0,0,0,0,1
2020-07-17,US,Nevada,Lyon,155,2,0,39.01777974,-119.18704790000001,32019.0,269.51834463571555,1.2903225806451613,153,150,2,0,148,149,55808,5,0,0,5,1
2020-07-17,US,Nevada,Mineral,10,0,0,38.53841696,-118.4344506,32021.0,221.97558268590458,0.0,10,8,0,0,8,8,4514,2,0,0,2,0
2020-07-17,US,Nevada,Nye,215,3,0,38.04264256,-116.47227020000001,32023.0,462.13700750166566,1.3953488372093024,212,212,3,0,209,193,45346,3,0,0,3,19
2020-07-17,US,Nevada,Pershing,13,0,0,40.44003782,-118.40056409999998,32027.0,193.3085501858736,0.0,13,13,0,0,13,13,6666,0,0,0,0,0
2020-07-17,US,Nevada,Storey,2,0,0,39.44875482,-119.5250207,32029.0,48.508367693427104,0.0,2,2,0,0,2,2,4029,0,0,0,0,0
2020-07-17,US,Nevada,Washoe,3895,101,0,40.66562265,-119.6631594,32031.0,826.0536690992302,2.593068035943517,3794,3810,101,0,3709,3716,465735,85,0,0,85,94
2020-07-17,US,Nevada,White Pine,10,1,0,39.44157041,-114.89996599999999,32033.0,104.38413361169106,10.0,9,9,1,0,8,9,9475,1,0,0,1,0
2020-07-17,US,New Hampshire,Belknap,95,3,0,43.51637314,-71.41684235,33001.0,154.9679461037796,3.1578947368421053,92,95,3,0,92,93,61022,0,0,0,0,2
2020-07-17,US,New Hampshire,Carroll,71,0,0,43.87498583,-71.20430216,33003.0,145.16458801881006,0.0,71,69,0,0,69,69,48779,2,0,0,2,0
2020-07-17,US,New Hampshire,Cheshire,79,2,0,42.92015988,-72.25311043,33005.0,103.83124137477819,2.5316455696202533,77,79,2,0,77,78,76493,0,0,0,0,1
2020-07-17,US,New Hampshire,Coos,11,0,0,44.69063265,-71.30633239,33007.0,34.85093305452587,0.0,11,11,0,0,11,11,31589,0,0,0,0,0
2020-07-17,US,New Hampshire,Grafton,98,1,0,43.93779815,-71.82057197,33009.0,109.02698974256279,1.020408163265306,97,97,1,0,96,96,89786,1,0,0,1,1
2020-07-17,US,New Hampshire,Hillsborough,3486,263,0,42.91537785,-71.7200253,33011.0,835.9211078472514,7.544463568559954,3223,3468,263,0,3205,3455,415247,18,0,0,18,13
2020-07-17,US,New Hampshire,Merrimack,436,20,0,43.29662971,-71.6811573,33013.0,287.9959839092152,4.587155963302751,416,435,20,0,415,434,151132,1,0,0,1,1
2020-07-17,US,New Hampshire,Rockingham,1545,92,0,42.98499744,-71.12883377,33015.0,498.75875248975854,5.9546925566343045,1453,1541,92,0,1449,1534,309176,4,0,0,4,7
2020-07-17,US,New Hampshire,Strafford,307,13,0,43.291833000000004,-71.02336013,33017.0,235.0095305167913,4.234527687296417,294,307,13,0,294,306,130090,0,0,0,0,1
2020-07-17,US,New Hampshire,Sullivan,37,1,0,43.36094111,-72.22203125,33019.0,85.7553423260557,2.702702702702702,36,37,1,0,36,37,43144,0,0,0,0,0
2020-07-17,US,New Jersey,Atlantic,3087,236,0,39.47538693,-74.65848483,34001.0,1170.7816588917965,7.6449627470035635,2851,3079,236,0,2843,3060,265429,8,0,0,8,19
2020-07-17,US,New Jersey,Bergen,19966,2033,0,40.96010917,-74.07164325,34003.0,2141.8104659719675,10.18230992687569,17933,19950,2030,0,17920,19927,936692,16,3,0,13,23
2020-07-17,US,New Jersey,Burlington,5419,456,0,39.87681124,-74.66927768,34005.0,1216.7985108308314,8.414836685735375,4963,5430,456,0,4974,5419,445384,-11,0,0,-11,11
2020-07-17,US,New Jersey,Camden,7791,557,0,39.80343818,-74.96388753,34007.0,1538.2914322833883,7.149274804261327,7234,7786,558,0,7228,7775,507078,5,-1,0,6,11
2020-07-17,US,New Jersey,Cape May,749,82,0,39.15008829,-74.80170244,34009.0,813.7854605113049,10.947930574098796,667,747,80,0,667,744,92560,2,2,0,0,3
2020-07-17,US,New Jersey,Cumberland,3074,153,0,39.37199394,-75.10712559,34011.0,2055.816006473747,4.9772283669486015,2921,3072,153,0,2919,3068,150972,2,0,0,2,4
2020-07-17,US,New Jersey,Essex,19111,2092,0,40.78681335,-74.24657979,34013.0,2391.939672705654,10.946575270786457,17019,19119,2089,0,17030,19100,799767,-8,3,0,-11,19
2020-07-17,US,New Jersey,Gloucester,2808,197,0,39.71581067,-75.13995546,34015.0,962.844093321812,7.015669515669516,2611,2808,196,0,2612,2797,291408,0,1,0,-1,11
2020-07-17,US,New Jersey,Hudson,19246,1497,0,40.73766234,-74.07515667,34017.0,2862.322666424744,7.778239634209705,17749,19240,1497,0,17743,19219,676061,6,0,0,6,21
2020-07-17,US,New Jersey,Hunterdon,1099,126,0,40.56335249,-74.91284156,34019.0,883.6465092344679,11.46496815286624,973,1098,126,0,972,1098,124714,1,0,0,1,0
2020-07-17,US,New Jersey,Mercer,7828,605,0,40.28047017,-74.70479631,34021.0,2130.4738317502647,7.728666326009197,7223,7827,604,0,7223,7815,369811,1,1,0,0,12
2020-07-17,US,New Jersey,Middlesex,17162,1397,0,40.43629879,-74.41426991,34023.0,2080.086102620167,8.140076914112575,15765,17142,1397,0,15745,17119,829685,20,0,0,20,23
2020-07-17,US,New Jersey,Monmouth,9636,847,0,40.26549699,-74.22240686,34025.0,1557.2200809638086,8.789954337899543,8789,9626,846,0,8780,9605,621354,10,1,0,9,21
2020-07-17,US,New Jersey,Morris,6937,826,0,40.86095313,-74.54553709999998,34027.0,1410.4036840874667,11.90716448032291,6111,6932,826,0,6106,6926,494228,5,0,0,5,6
2020-07-17,US,New Jersey,Ocean,9917,1005,0,39.8895449,-74.28089251,34029.0,1633.2721768947242,10.134113139054149,8912,9902,1001,0,8901,9890,601651,15,4,0,11,12
2020-07-17,US,New Jersey,Passaic,17154,1234,0,41.03238628,-74.29954144,34031.0,3418.316308840116,7.1936574559869415,15920,17150,1232,0,15918,17127,503310,4,2,0,2,23
2020-07-17,US,New Jersey,Salem,824,79,0,39.58719656,-75.34696629999998,34033.0,1320.8303278031578,9.5873786407767,745,822,79,0,743,821,62607,2,0,0,2,1
2020-07-17,US,New Jersey,Somerset,5061,553,0,40.56465737,-74.61683016,34035.0,1538.6065289693372,10.926694329183958,4508,5059,552,0,4507,5057,331164,2,1,0,1,2
2020-07-17,US,New Jersey,Sussex,1240,195,0,41.13891592,-74.69118243,34037.0,882.6376630032457,15.725806451612904,1045,1241,195,0,1046,1236,140799,-1,0,0,-1,5
2020-07-17,US,New Jersey,Unassigned,630,0,0,0.0,0.0,90034.0,0.0,0.0,630,636,0,0,636,645,,-6,0,0,-6,-9
2020-07-17,US,New Jersey,Union,16540,1343,0,40.65835409,-74.30680092,34039.0,2972.996777156456,8.119709794437728,15197,16567,1341,0,15226,16563,558067,-27,2,0,-29,4
2020-07-17,US,New Jersey,Warren,1272,171,0,40.85951833,-74.99556527,34041.0,1208.3558950098322,13.443396226415095,1101,1268,171,0,1097,1267,105779,4,0,0,4,1
2020-07-17,US,New Mexico,Bernalillo,3578,99,0,35.05163625,-106.6703554,35001.0,526.8575114007666,2.76690888764673,3479,3464,99,0,3365,3362,678701,114,0,0,114,102
2020-07-17,US,New Mexico,Catron,4,1,0,33.91514144,-108.4046587,35003.0,113.41083073433514,25.0,3,4,1,0,3,3,3578,0,0,0,0,1
2020-07-17,US,New Mexico,Chaves,189,3,0,33.36406072,-104.4665365,35005.0,292.5017410817921,1.5873015873015872,186,188,3,0,185,186,64689,1,0,0,1,2
2020-07-17,US,New Mexico,Cibola,259,15,0,34.91131525,-107.998876,35006.0,970.9465791940021,5.791505791505792,244,259,15,0,244,256,26746,0,0,0,0,3
2020-07-17,US,New Mexico,Colfax,11,1,0,36.60569702,-104.64726740000002,35007.0,92.11958797420652,9.090909090909092,10,10,1,0,9,10,12110,1,0,0,1,0
2020-07-17,US,New Mexico,Curry,291,1,0,34.57421077,-103.34688759999999,35009.0,594.4355925971321,0.3436426116838488,290,282,1,0,281,271,49437,9,0,0,9,11
2020-07-17,US,New Mexico,Dona Ana,1645,12,0,32.35275771,-106.83293870000001,35013.0,753.9127844359404,0.729483282674772,1633,1610,12,0,1598,1571,217522,35,0,0,35,39
2020-07-17,US,New Mexico,Eddy,168,1,0,32.47167456,-104.3053527,35015.0,287.3759835785152,0.5952380952380952,167,167,1,0,166,154,57900,1,0,0,1,13
2020-07-17,US,New Mexico,Grant,47,0,0,32.73911281,-108.3827845,35017.0,174.08696940514113,0.0,47,46,0,0,46,44,27346,1,0,0,1,2
2020-07-17,US,New Mexico,Guadalupe,24,0,0,34.86319296,-104.790669,35019.0,558.1395348837209,0.0,24,24,0,0,24,20,4341,0,0,0,0,4
2020-07-17,US,New Mexico,Harding,1,0,0,35.85751555,-103.82209379999999,35021.0,160.0,0.0,1,1,0,0,1,1,655,0,0,0,0,0
2020-07-17,US,New Mexico,Hidalgo,77,0,0,31.91383467,-108.7151824,35023.0,1834.2067651262505,0.0,77,76,0,0,76,75,4240,1,0,0,1,1
2020-07-17,US,New Mexico,Lea,333,0,0,32.79215361,-103.4123733,35025.0,468.5521317011397,0.0,333,322,0,0,322,299,69611,11,0,0,11,23
2020-07-17,US,New Mexico,Lincoln,32,0,0,33.74526079,-105.4586166,35027.0,163.49887594522787,0.0,32,32,0,0,32,29,19556,0,0,0,0,3
2020-07-17,US,New Mexico,Los Alamos,14,0,0,35.86631386,-106.31349850000001,35028.0,72.28044813877845,0.0,14,14,0,0,14,13,19101,0,0,0,0,1
2020-07-17,US,New Mexico,Luna,140,3,0,32.18179341,-107.75088259999998,35029.0,590.4930617065249,2.142857142857143,137,135,3,0,132,133,23963,5,0,0,5,2
2020-07-17,US,New Mexico,McKinley,3724,198,0,35.58007720000001,-108.262245,35031.0,5218.0980004764115,5.316863587540278,3526,3709,196,0,3513,3689,72290,15,2,0,13,20
2020-07-17,US,New Mexico,Mora,3,0,0,36.01095101,-104.9497716,35033.0,66.35700066356999,0.0,3,2,0,0,2,2,4506,1,0,0,1,0
2020-07-17,US,New Mexico,Otero,96,9,0,32.61348406,-105.7417604,35035.0,142.24329530300784,9.375,87,89,9,0,80,84,66781,7,0,0,7,5
2020-07-17,US,New Mexico,Quay,22,1,0,35.10403332,-103.54817270000001,35037.0,266.5697322185872,4.545454545454546,21,19,1,0,18,19,8253,3,0,0,3,0
2020-07-17,US,New Mexico,Rio Arriba,193,1,0,36.51072137,-106.69316740000001,35039.0,495.8762621720922,0.5181347150259067,192,156,1,0,155,147,39006,37,0,0,37,9
2020-07-17,US,New Mexico,Roosevelt,84,1,0,34.02097406,-103.4799493,35041.0,454.054054054054,1.1904761904761905,83,83,1,0,82,83,18743,1,0,0,1,0
2020-07-17,US,New Mexico,San Juan,2808,176,0,36.50838318,-108.32043700000001,35045.0,2265.283402442763,6.267806267806268,2632,2782,175,0,2607,2766,125043,26,1,0,25,16
2020-07-17,US,New Mexico,San Miguel,30,0,0,35.48014807,-104.8163562,35047.0,109.98276936613264,0.0,30,29,0,0,29,28,27591,1,0,0,1,1
2020-07-17,US,New Mexico,Sandoval,895,31,0,35.68862401,-106.86878030000001,35043.0,609.8890615204298,3.463687150837989,864,883,31,0,852,867,145179,12,0,0,12,16
2020-07-17,US,New Mexico,Santa Fe,396,3,0,35.50708973,-105.9774716,35049.0,263.3714202104311,0.7575757575757576,393,389,3,0,386,380,150056,7,0,0,7,9
2020-07-17,US,New Mexico,Sierra,17,0,0,33.13028233,-107.1925893,35051.0,157.5386896487814,0.0,17,17,0,0,17,17,10968,0,0,0,0,0
2020-07-17,US,New Mexico,Socorro,63,5,0,34.00715494,-106.9298354,35053.0,378.6740397908277,7.936507936507938,58,64,5,0,59,65,16735,-1,0,0,-1,-1
2020-07-17,US,New Mexico,Taos,69,1,0,36.58006022,-105.63101979999999,35055.0,210.86086239036763,1.4492753623188406,68,65,1,0,64,61,32835,4,0,0,4,4
2020-07-17,US,New Mexico,Torrance,49,1,0,34.64048375,-105.8508949,35057.0,316.926460125477,2.0408163265306123,48,49,1,0,48,49,15591,0,0,0,0,0
2020-07-17,US,New Mexico,Unassigned,939,0,0,0.0,0.0,90035.0,0.0,0.0,939,937,0,0,937,937,,2,0,0,2,0
2020-07-17,US,New Mexico,Union,14,0,0,36.48126404,-103.4709624,35059.0,344.91254003449126,0.0,14,14,0,0,14,14,4118,0,0,0,0,0
2020-07-17,US,New Mexico,Valencia,241,2,0,34.71669834,-106.8103733,35061.0,314.26037972042565,0.8298755186721992,239,217,2,0,215,206,76456,24,0,0,24,11
2020-07-17,US,New York,Albany,2310,121,0,42.60060306,-73.97723916,36001.0,756.1226293427952,5.238095238095238,2189,2290,121,0,2169,2280,307117,20,0,0,20,10
2020-07-17,US,New York,Allegany,71,1,0,42.25748406,-78.02750466,36003.0,154.04308867240894,1.4084507042253518,70,70,1,0,69,69,46430,1,0,0,1,1
2020-07-17,US,New York,Broome,870,60,0,42.15903158,-75.81326086,36007.0,456.72168325563797,6.896551724137932,810,861,60,0,801,852,191659,9,0,0,9,9
2020-07-17,US,New York,Cattaraugus,145,6,0,42.24778241,-78.67923096,36009.0,190.4962097823088,4.137931034482759,139,142,6,0,136,141,76840,3,0,0,3,1
2020-07-17,US,New York,Cayuga,129,2,0,42.91261714,-76.55731592,36011.0,168.46009193480987,1.5503875968992251,127,128,2,0,126,128,77145,1,0,0,1,0
2020-07-17,US,New York,Chautauqua,192,7,0,42.22769210000001,-79.36691763,36013.0,151.29665965343608,3.6458333333333335,185,191,7,0,184,186,127939,1,0,0,1,5
2020-07-17,US,New York,Chemung,151,2,0,42.13891056,-76.7638805,36015.0,180.93366564417173,1.3245033112582782,149,151,2,0,149,151,84254,0,0,0,0,0
2020-07-17,US,New York,Chenango,181,6,0,42.49430041,-75.60887553,36017.0,383.4177134746965,3.3149171270718236,175,178,6,0,172,175,47536,3,0,0,3,3
2020-07-17,US,New York,Clinton,111,4,0,44.74530905,-73.67875352,36019.0,137.91389699944088,3.603603603603604,107,111,4,0,107,111,80695,0,0,0,0,0
2020-07-17,US,New York,Columbia,490,37,0,42.24819348,-73.63089095,36021.0,824.0695581978104,7.551020408163265,453,489,37,0,452,489,59916,1,0,0,1,0
2020-07-17,US,New York,Cortland,67,0,0,42.59509207,-76.07048931,36023.0,140.81250919484668,0.0,67,63,0,0,63,61,47823,4,0,0,4,2
2020-07-17,US,New York,Delaware,92,4,0,42.19837623,-74.96709306,36025.0,208.45134247196103,4.3478260869565215,88,92,4,0,88,92,44527,0,0,0,0,0
2020-07-17,US,New York,Dutchess,4363,152,0,41.76486060000001,-73.74356679,36027.0,1482.914029733055,3.483841393536557,4211,4357,152,0,4205,4337,293718,6,0,0,6,20
2020-07-17,US,New York,Erie,7982,657,0,42.76249024,-78.73063652,36029.0,868.8345078164627,8.23101979453771,7325,7927,646,0,7281,7891,919719,55,11,0,44,36
2020-07-17,US,New York,Essex,51,0,0,44.11630765,-73.77297842,36031.0,138.2675884505897,0.0,51,51,0,0,51,51,37300,0,0,0,0,0
2020-07-17,US,New York,Franklin,39,0,0,44.59040891,-74.29926032,36033.0,77.96569509415858,0.0,39,38,0,0,38,37,50293,1,0,0,1,1
2020-07-17,US,New York,Fulton,266,24,0,43.11363907,-74.41798804,36035.0,498.2859711893299,9.022556390977444,242,266,24,0,242,266,53591,0,0,0,0,0
2020-07-17,US,New York,Genesee,254,5,0,43.0022601,-78.19135193,36037.0,443.4357541899441,1.9685039370078738,249,254,5,0,249,254,57511,0,0,0,0,0
2020-07-17,US,New York,Greene,271,18,0,42.275797,-74.12384884,36039.0,574.2985504789352,6.6420664206642055,253,271,18,0,253,271,47491,0,0,0,0,0
2020-07-17,US,New York,Hamilton,6,0,0,43.66146647,-74.49721957,36041.0,135.8695652173913,0.0,6,6,0,0,6,6,4434,0,0,0,0,0
2020-07-17,US,New York,Herkimer,204,4,0,43.42034246,-74.96145307,36043.0,332.6864430274466,1.96078431372549,200,202,4,0,198,197,61833,2,0,0,2,5
2020-07-17,US,New York,Jefferson,103,0,0,44.04200959,-75.94653457,36045.0,93.7778829870532,0.0,103,102,0,0,102,100,111755,1,0,0,1,2
2020-07-17,US,New York,Lewis,32,0,0,43.784415700000004,-75.44903992,36049.0,121.6915120170368,0.0,32,32,0,0,32,32,26447,0,0,0,0,0
2020-07-17,US,New York,Livingston,155,8,0,42.72596275,-77.77966158,36051.0,246.36805798391453,5.161290322580644,147,153,8,0,145,151,63227,2,0,0,2,2
2020-07-17,US,New York,Madison,379,17,0,42.91653905,-75.67266639,36053.0,534.2467684413808,4.485488126649076,362,377,17,0,360,376,70795,2,0,0,2,1
2020-07-17,US,New York,Monroe,4353,277,0,43.14638895,-77.69322942,36055.0,586.8395863947046,6.363427521249712,4076,4317,277,0,4040,4281,742474,36,0,0,36,36
2020-07-17,US,New York,Montgomery,141,4,0,42.90123494,-74.44011632,36057.0,286.4630950204181,2.8368794326241136,137,141,4,0,137,141,49455,0,0,0,0,0
2020-07-17,US,New York,Nassau,42555,2192,0,40.74066522,-73.58941873,36059.0,3136.137322355563,5.15098108330396,40363,42506,2192,0,40314,42462,1358343,49,0,0,49,44
2020-07-17,US,New York,New York City,220734,23377,0,40.76727260000001,-73.97152637,36061.0,2647.70115500916,10.590575081319598,197357,220367,23371,0,196996,219982,1628701,367,6,0,361,385
2020-07-17,US,New York,Niagara,1371,94,0,43.19898042,-78.74777412,36063.0,655.1000807526723,6.856309263311451,1277,1364,94,0,1270,1356,210433,7,0,0,7,8
2020-07-17,US,New York,Oneida,1909,104,0,43.24375382,-75.43710392,36065.0,834.8238298691133,5.447878470403353,1805,1868,104,0,1764,1860,229577,41,0,0,41,8
2020-07-17,US,New York,Onondaga,3240,191,0,43.00491923,-76.19971155,36067.0,703.5402841955321,5.895061728395063,3049,3225,191,0,3034,3203,461809,15,0,0,15,22
2020-07-17,US,New York,Ontario,319,33,0,42.85145728,-77.30874425,36069.0,290.58910336409264,10.344827586206897,286,317,33,0,284,312,109864,2,0,0,2,5
2020-07-17,US,New York,Orange,10908,484,0,41.40337468,-74.30240757,36071.0,2833.6883670182365,4.437110377704437,10424,10895,484,0,10411,10878,381951,13,0,0,13,17
2020-07-17,US,New York,Orleans,288,54,0,43.2516977,-78.2320066,36073.0,713.7192704203012,18.75,234,288,54,0,234,288,40612,0,0,0,0,0
2020-07-17,US,New York,Oswego,227,3,0,43.42778894,-76.14635194,36075.0,193.81168675933202,1.3215859030837005,224,227,3,0,224,226,117898,0,0,0,0,1
2020-07-17,US,New York,Otsego,94,5,0,42.63492579,-75.03151402,36077.0,158.00178172221942,5.319148936170213,89,92,5,0,87,91,59749,2,0,0,2,1
2020-07-17,US,New York,Putnam,1386,63,0,41.42630093,-73.74965532,36079.0,1409.6826688364526,4.545454545454546,1323,1385,63,0,1322,1382,98892,1,0,0,1,3
2020-07-17,US,New York,Rensselaer,643,30,0,42.71348136,-73.51089874,36083.0,405.1312423604724,4.665629860031103,613,639,30,0,609,632,159442,4,0,0,4,7
2020-07-17,US,New York,Rockland,13775,670,0,41.15027894,-74.02560498,36087.0,4228.196777668982,4.86388384754991,13105,13763,670,0,13093,13743,325695,12,0,0,12,20
2020-07-17,US,New York,Saratoga,630,17,0,43.10904162,-73.86653895,36091.0,274.0762976207567,2.6984126984126986,613,624,17,0,607,623,230163,6,0,0,6,1
2020-07-17,US,New York,Schenectady,902,37,0,42.81668777,-74.05278291,36093.0,580.8150728594518,4.101995565410198,865,896,37,0,859,891,155350,6,0,0,6,5
2020-07-17,US,New York,Schoharie,62,0,0,42.58831742,-74.44339029999998,36095.0,200.00645182102642,0.0,62,62,0,0,62,62,31097,0,0,0,0,0
2020-07-17,US,New York,Schuyler,15,0,0,42.39184015,-76.8773299,36097.0,84.23653619363172,0.0,15,15,0,0,15,15,17912,0,0,0,0,0
2020-07-17,US,New York,Seneca,77,0,0,42.78081007,-76.82497064,36099.0,226.3640639698965,0.0,77,76,0,0,76,76,34300,1,0,0,1,0
2020-07-17,US,New York,St. Lawrence,238,2,0,44.4976179,-75.06550039,36089.0,220.9021718953035,0.8403361344537815,236,237,2,0,235,234,108047,1,0,0,1,3
2020-07-17,US,New York,Steuben,279,41,0,42.2689144,-77.3829924,36101.0,292.51722077186804,14.695340501792117,238,279,41,0,238,279,95796,0,0,0,0,0
2020-07-17,US,New York,Suffolk,42382,1993,0,40.88320119,-72.8012172,36103.0,2870.240505051805,4.702468028880184,40389,42333,1993,0,40340,42267,1481093,49,0,0,49,66
2020-07-17,US,New York,Sullivan,1469,48,0,41.71579493,-74.76394559,36105.0,1947.4493583624987,3.2675289312457454,1421,1469,48,0,1421,1467,75498,0,0,0,0,2
2020-07-17,US,New York,Tioga,168,24,0,42.16852837,-76.30835812,36107.0,348.52602535111924,14.285714285714285,144,163,24,0,139,163,48560,5,0,0,5,0
2020-07-17,US,New York,Tompkins,198,0,0,42.44945765,-76.47229843,36109.0,193.7756899588961,0.0,198,198,0,0,198,198,102793,0,0,0,0,0
2020-07-17,US,New York,Ulster,1898,88,0,41.89027881,-74.26252104,36111.0,1068.8561887223846,4.636459430979978,1810,1894,88,0,1806,1888,178599,4,0,0,4,6
2020-07-17,US,New York,Warren,286,33,0,43.56173026,-73.8433699,36113.0,447.26635806330535,11.538461538461537,253,285,33,0,252,284,64265,1,0,0,1,1
2020-07-17,US,New York,Washington,250,14,0,43.31153794,-73.43043448,36115.0,408.4700346382589,5.6,236,250,14,0,236,250,61197,0,0,0,0,0
2020-07-17,US,New York,Wayne,223,3,0,43.15494365,-77.02976528,36117.0,248.0037367379168,1.345291479820628,220,223,3,0,220,221,90064,0,0,0,0,2
2020-07-17,US,New York,Westchester,35463,1436,0,41.16278376,-73.75741653,36119.0,3665.4036254038733,4.049290810140147,34027,35422,1436,0,33986,35394,967612,41,0,0,41,28
2020-07-17,US,New York,Wyoming,103,5,0,42.70145109,-78.22199579,36121.0,258.4108984169196,4.854368932038835,98,103,5,0,98,103,40085,0,0,0,0,0
2020-07-17,US,New York,Yates,51,6,0,42.63505484,-77.10369919,36123.0,204.71239914903862,11.764705882352944,45,50,6,0,44,50,24841,1,0,0,1,0
2020-07-17,US,North Carolina,Alamance,1607,38,0,36.0434701,-79.39976137,37001.0,948.0322578742132,2.364654635967641,1569,1569,38,0,1531,1562,166436,38,0,0,38,7
2020-07-17,US,North Carolina,Alexander,197,1,0,35.922379600000006,-81.17751948,37003.0,525.3753633624024,0.5076142131979695,196,193,1,0,192,186,37353,4,0,0,4,7
2020-07-17,US,North Carolina,Alleghany,50,0,0,36.49360862,-81.12857041,37005.0,448.95393732603037,0.0,50,46,0,0,46,44,11161,4,0,0,4,2
2020-07-17,US,North Carolina,Anson,240,2,0,34.97403241,-80.09953279,37007.0,981.7557064550438,0.8333333333333334,238,234,2,0,232,218,24877,6,0,0,6,16
2020-07-17,US,North Carolina,Ashe,67,1,0,36.43296207,-81.49862729,37009.0,246.29636437157657,1.492537313432836,66,67,1,0,66,67,27109,0,0,0,0,0
2020-07-17,US,North Carolina,Avery,51,0,0,36.07569796,-81.92308483,37011.0,290.4824286609329,0.0,51,51,0,0,51,51,17505,0,0,0,0,0
2020-07-17,US,North Carolina,Beaufort,185,0,0,35.48531943,-76.84325809,37013.0,393.6672766736178,0.0,185,171,0,0,171,163,47079,14,0,0,14,8
2020-07-17,US,North Carolina,Bertie,168,4,0,36.0688473,-76.96545943,37015.0,886.6839077426506,2.380952380952381,164,163,4,0,159,161,19026,5,0,0,5,2
2020-07-17,US,North Carolina,Bladen,474,5,0,34.61296243,-78.56180059,37017.0,1448.566713526068,1.0548523206751057,469,464,5,0,459,457,33190,10,0,0,10,7
2020-07-17,US,North Carolina,Brunswick,891,11,0,34.070565,-78.22814204,37019.0,623.862204173085,1.2345679012345678,880,875,11,0,864,865,136744,16,0,0,16,10
2020-07-17,US,North Carolina,Buncombe,1044,42,0,35.61113393,-82.53305,37021.0,399.70749374978476,4.022988505747127,1002,992,42,0,950,957,259103,52,0,0,52,35
2020-07-17,US,North Carolina,Burke,1292,21,0,35.74989637,-81.70755735,37023.0,1427.860971431729,1.6253869969040249,1271,1279,21,0,1258,1265,90382,13,0,0,13,14
2020-07-17,US,North Carolina,Cabarrus,1828,33,0,35.3877799,-80.55267168,37025.0,844.5251394067074,1.805251641137856,1795,1795,33,0,1762,1754,211342,33,0,0,33,41
2020-07-17,US,North Carolina,Caldwell,732,8,0,35.95204977,-81.54799522,37027.0,890.749348974178,1.0928961748633879,724,707,8,0,699,685,82029,25,0,0,25,22
2020-07-17,US,North Carolina,Camden,44,1,0,36.33804939,-76.15568396,37029.0,404.89555535106285,2.272727272727273,43,43,1,0,42,42,10710,1,0,0,1,1
2020-07-17,US,North Carolina,Carteret,171,4,0,34.8932941,-76.54120135,37031.0,246.13878773048526,2.3391812865497075,167,171,4,0,167,171,69524,0,0,0,0,0
2020-07-17,US,North Carolina,Caswell,160,2,0,36.39312665,-79.33353281,37033.0,707.8393204742523,1.25,158,158,2,0,156,156,22698,2,0,0,2,2
2020-07-17,US,North Carolina,Catawba,1404,14,0,35.66211129,-81.2132617,37035.0,879.9694141685104,0.9971509971509972,1390,1358,14,0,1344,1352,158652,46,0,0,46,6
2020-07-17,US,North Carolina,Chatham,1088,47,0,35.70394416,-79.25541492,37037.0,1460.991003088492,4.319852941176471,1041,1076,46,0,1030,1072,73139,12,1,0,11,4
2020-07-17,US,North Carolina,Cherokee,119,2,0,35.1349263,-84.05970864,37039.0,415.9094086397316,1.680672268907563,117,119,2,0,117,119,28383,0,0,0,0,0
2020-07-17,US,North Carolina,Chowan,44,0,0,36.12908077,-76.60118385,37041.0,315.570537187119,0.0,44,41,0,0,41,39,14029,3,0,0,3,2
2020-07-17,US,North Carolina,Clay,27,0,0,35.05704275,-83.74353633,37043.0,240.406019054403,0.0,27,27,0,0,27,27,11139,0,0,0,0,0
2020-07-17,US,North Carolina,Cleveland,621,10,0,35.33553364,-81.55204486,37045.0,634.0163557842507,1.6103059581320451,611,593,9,0,584,558,97645,28,1,0,27,35
2020-07-17,US,North Carolina,Columbus,672,39,0,34.26744084,-78.65801424,37047.0,1210.6363046768033,5.803571428571429,633,658,39,0,619,650,55655,14,0,0,14,8
2020-07-17,US,North Carolina,Craven,488,8,0,35.11833364,-77.08398081,37049.0,477.78027981476237,1.639344262295082,480,487,8,0,479,486,102912,1,0,0,1,1
2020-07-17,US,North Carolina,Cumberland,1829,46,0,35.04762133,-78.82623165,37051.0,545.1418590857473,2.515035538545653,1783,1802,43,0,1759,1802,332330,27,3,0,24,0
2020-07-17,US,North Carolina,Currituck,39,0,0,36.36123664,-75.95876401,37053.0,140.4747325577207,0.0,39,35,0,0,35,33,27072,4,0,0,4,2
2020-07-17,US,North Carolina,Dare,126,1,0,35.66520691,-75.71767334,37055.0,340.4577264989597,0.7936507936507936,125,124,1,0,123,124,36501,2,0,0,2,0
2020-07-17,US,North Carolina,Davidson,1351,16,0,35.79115496,-80.21256572,37057.0,806.0426349420378,1.1843079200592157,1335,1320,16,0,1304,1296,166614,31,0,0,31,24
2020-07-17,US,North Carolina,Davie,273,4,0,35.93099927,-80.54496571,37059.0,637.1656630723987,1.465201465201465,269,273,4,0,269,273,42733,0,0,0,0,0
2020-07-17,US,North Carolina,Duplin,1732,33,0,34.93449805,-77.93140529,37061.0,2948.5367971263677,1.9053117782909932,1699,1728,33,0,1695,1720,58856,4,0,0,4,8
2020-07-17,US,North Carolina,Durham,4911,71,0,36.03638492,-78.87608331,37063.0,1527.5842333150852,1.4457340663815923,4840,4827,71,0,4756,4733,316739,84,0,0,84,94
2020-07-17,US,North Carolina,Edgecombe,420,9,0,35.91230639,-77.59436892,37065.0,815.977618899596,2.142857142857143,411,415,9,0,406,409,52005,5,0,0,5,6
2020-07-17,US,North Carolina,Forsyth,4008,40,0,36.12859861,-80.25459052,37067.0,1048.4050275310954,0.998003992015968,3968,3946,40,0,3906,3850,379099,62,0,0,62,96
2020-07-17,US,North Carolina,Franklin,560,23,0,36.081519,-78.28708884,37069.0,803.6162732295329,4.107142857142857,537,542,22,0,520,533,67560,18,1,0,17,9
2020-07-17,US,North Carolina,Gaston,2120,18,0,35.29373559,-81.17477045,37071.0,944.1987449282719,0.8490566037735849,2102,2076,18,0,2058,2003,222846,44,0,0,44,73
2020-07-17,US,North Carolina,Gates,30,2,0,36.44667547,-76.69749701,37073.0,259.47067981318105,6.666666666666668,28,30,2,0,28,31,11573,0,0,0,0,-1
2020-07-17,US,North Carolina,Graham,10,0,0,35.3506925,-83.83369267,37075.0,118.46937566639023,0.0,10,10,0,0,10,10,8484,0,0,0,0,0
2020-07-17,US,North Carolina,Granville,994,25,0,36.30337451,-78.65184241,37077.0,1644.5245934185928,2.5150905432595567,969,982,25,0,957,975,60115,12,0,0,12,7
2020-07-17,US,North Carolina,Greene,250,3,0,35.48544173,-77.67578087,37079.0,1186.5774360434762,1.2,247,242,3,0,239,238,21012,8,0,0,8,4
2020-07-17,US,North Carolina,Guilford,3949,132,0,36.07959451,-79.78824948,37081.0,735.1435475283614,3.3426183844011144,3817,3877,131,0,3746,3840,533670,72,1,0,71,37
2020-07-17,US,North Carolina,Halifax,457,4,0,36.25669272,-77.6556109,37083.0,913.8172365526897,0.8752735229759301,453,443,4,0,439,442,50574,14,0,0,14,1
2020-07-17,US,North Carolina,Harnett,844,32,0,35.36731853,-78.87243571,37085.0,620.6977701947402,3.791469194312796,812,827,32,0,795,815,134214,17,0,0,17,12
2020-07-17,US,North Carolina,Haywood,154,0,0,35.55269063,-82.98196486,37087.0,247.12357783590355,0.0,154,149,0,0,149,142,61971,5,0,0,5,7
2020-07-17,US,North Carolina,Henderson,1034,51,0,35.33788927,-82.4766782,37089.0,880.6220564313518,4.932301740812379,983,1016,51,0,965,982,116748,18,0,0,18,34
2020-07-17,US,North Carolina,Hertford,184,11,0,36.3607755,-76.98104134,37091.0,777.1254804240402,5.978260869565218,173,184,11,0,173,181,23659,0,0,0,0,3
2020-07-17,US,North Carolina,Hoke,509,5,0,35.01888303,-79.23651674,37093.0,921.5338378534959,0.9823182711198428,504,491,5,0,486,482,54764,18,0,0,18,9
2020-07-17,US,North Carolina,Hyde,33,0,0,35.42017674,-76.15180542,37095.0,668.4221186955641,0.0,33,33,0,0,33,31,5230,0,0,0,0,2
2020-07-17,US,North Carolina,Iredell,1265,10,0,35.80950511,-80.8743128,37097.0,695.796618373431,0.7905138339920948,1255,1234,10,0,1224,1202,178435,31,0,0,31,32
2020-07-17,US,North Carolina,Jackson,252,3,0,35.28814273,-83.14093385,37099.0,573.5354362965998,1.1904761904761905,249,237,3,0,234,226,43327,15,0,0,15,11
2020-07-17,US,North Carolina,Johnston,2295,38,0,35.51745004,-78.36622717,37101.0,1096.307902493085,1.6557734204793029,2257,2255,38,0,2217,2218,202675,40,0,0,40,37
2020-07-17,US,North Carolina,Jones,43,3,0,35.02254606,-77.35870791,37103.0,456.52404713876206,6.9767441860465125,40,43,3,0,40,43,9637,0,0,0,0,0
2020-07-17,US,North Carolina,Lee,968,8,0,35.47623147,-79.17569362,37105.0,1566.875475485197,0.8264462809917356,960,958,8,0,950,952,61452,10,0,0,10,6
2020-07-17,US,North Carolina,Lenoir,444,11,0,35.24032589999999,-77.64245615,37107.0,793.5798673792203,2.477477477477477,433,439,11,0,428,439,55976,5,0,0,5,0
2020-07-17,US,North Carolina,Lincoln,521,2,0,35.48508185,-81.21740317,37109.0,605.033038752308,0.3838771593090211,519,508,2,0,506,473,83770,13,0,0,13,35
2020-07-17,US,North Carolina,Macon,368,3,0,35.14867843,-83.41696617,37113.0,1026.2702883596407,0.8152173913043478,365,360,3,0,357,340,35285,8,0,0,8,20
2020-07-17,US,North Carolina,Madison,20,0,0,35.85402722,-82.71346418,37115.0,91.93288899103656,0.0,20,19,0,0,19,18,21763,1,0,0,1,1
2020-07-17,US,North Carolina,Martin,177,6,0,35.84326734,-77.10860251,37117.0,788.7700534759358,3.3898305084745757,171,176,6,0,170,176,22671,1,0,0,1,0
2020-07-17,US,North Carolina,McDowell,355,3,0,35.67736232,-82.0482425,37111.0,775.8545327388757,0.8450704225352113,352,347,2,0,345,339,45507,8,1,0,7,8
2020-07-17,US,North Carolina,Mecklenburg,16657,167,0,35.24469268,-80.8317671,37119.0,1500.1495016012882,1.0025814972684155,16490,16360,164,0,16196,15950,1093901,297,3,0,294,410
2020-07-17,US,North Carolina,Mitchell,59,1,0,36.01059309,-82.1582442,37121.0,394.2796043838546,1.6949152542372878,58,59,1,0,58,59,15000,0,0,0,0,0
2020-07-17,US,North Carolina,Montgomery,459,10,0,35.33155144,-79.90416657,37123.0,1689.176756339013,2.178649237472767,449,459,10,0,449,459,27271,0,0,0,0,0
2020-07-17,US,North Carolina,Moore,688,15,0,35.30885257,-79.48474178,37125.0,681.9984139571767,2.1802325581395348,673,688,15,0,673,653,98682,0,0,0,0,35
2020-07-17,US,North Carolina,Nash,719,6,0,35.96575634,-77.98422508,37127.0,762.476404589705,0.8344923504867872,713,702,6,0,696,686,94016,17,0,0,17,16
2020-07-17,US,North Carolina,New Hanover,1712,9,0,34.25758282,-77.87075626,37129.0,730.1480341020075,0.5257009345794392,1703,1652,8,0,1644,1594,232274,60,1,0,59,58
2020-07-17,US,North Carolina,Northampton,230,16,0,36.41736238,-77.39769443,37131.0,1180.516347585074,6.956521739130435,214,230,16,0,214,230,19676,0,0,0,0,0
2020-07-17,US,North Carolina,Onslow,507,5,0,34.72607366,-77.42908179,37133.0,256.1408117693419,0.9861932938856016,502,489,5,0,484,489,197683,18,0,0,18,0
2020-07-17,US,North Carolina,Orange,1050,45,0,36.06092947,-79.12167935,37135.0,707.1849995958943,4.285714285714286,1005,1035,45,0,990,1015,146027,15,0,0,15,20
2020-07-17,US,North Carolina,Pamlico,42,1,0,35.15253315,-76.66559823,37137.0,330.03300330033005,2.380952380952381,41,42,1,0,41,42,12670,0,0,0,0,0
2020-07-17,US,North Carolina,Pasquotank,262,17,0,36.26723798,-76.25134778,37139.0,657.8947368421052,6.4885496183206115,245,262,17,0,245,258,39639,0,0,0,0,4
2020-07-17,US,North Carolina,Pender,446,2,0,34.52265624,-77.90352133,37141.0,707.2629241991754,0.4484304932735426,444,430,2,0,428,425,62162,16,0,0,16,5
2020-07-17,US,North Carolina,Perquimans,43,2,0,36.17847453,-76.40603143,37143.0,319.3938943771819,4.651162790697675,41,43,2,0,41,40,13422,0,0,0,0,3
2020-07-17,US,North Carolina,Person,139,1,0,36.38989032,-78.97217358,37145.0,351.9878450240567,0.7194244604316546,138,136,1,0,135,135,39507,3,0,0,3,1
2020-07-17,US,North Carolina,Pitt,1079,10,0,35.59535426,-77.37353178,37147.0,596.9835456064445,0.9267840593141798,1069,1040,10,0,1030,1000,179914,39,0,0,39,40
2020-07-17,US,North Carolina,Polk,105,5,0,35.27820615,-82.16812354,37149.0,506.658946149392,4.761904761904762,100,103,5,0,98,101,20611,2,0,0,2,2
2020-07-17,US,North Carolina,Randolph,1636,33,0,35.71015088,-79.80570339,37151.0,1138.7444576694718,2.017114914425428,1603,1602,33,0,1569,1597,143351,34,0,0,34,5
2020-07-17,US,North Carolina,Richmond,391,7,0,35.00417719,-79.74491009,37153.0,872.2032612817595,1.7902813299232736,384,385,7,0,378,375,44887,6,0,0,6,10
2020-07-17,US,North Carolina,Robeson,1863,46,0,34.64244496,-79.10250529999998,37155.0,1426.2200956937802,2.469135802469136,1817,1798,46,0,1752,1731,131831,65,0,0,65,67
2020-07-17,US,North Carolina,Rockingham,341,2,0,36.39593137,-79.77504841,37157.0,374.68410064828043,0.5865102639296188,339,341,2,0,339,341,90690,0,0,0,0,0
2020-07-17,US,North Carolina,Rowan,1651,45,0,35.64003916,-80.52446628,37159.0,1161.9559709475818,2.725620835857056,1606,1609,45,0,1564,1578,141262,42,0,0,42,31
2020-07-17,US,North Carolina,Rutherford,444,10,0,35.40114178,-81.92112099,37161.0,662.3998567784092,2.2522522522522523,434,436,10,0,426,422,66826,8,0,0,8,14
2020-07-17,US,North Carolina,Sampson,1283,8,0,34.98820368,-78.36914061,37163.0,2019.4865498732904,0.6235385814497272,1275,1260,8,0,1252,1229,63626,23,0,0,23,31
2020-07-17,US,North Carolina,Scotland,183,2,0,34.8386299,-79.4757978,37165.0,525.5147460012059,1.0928961748633879,181,183,2,0,181,177,34810,0,0,0,0,6
2020-07-17,US,North Carolina,Stanly,621,6,0,35.31647813,-80.25093221,37167.0,988.7590357609146,0.966183574879227,615,613,6,0,607,597,62075,8,0,0,8,16
2020-07-17,US,North Carolina,Stokes,184,1,0,36.4017975,-80.23893369,37169.0,403.58842754052336,0.5434782608695652,183,183,1,0,182,182,45467,1,0,0,1,1
2020-07-17,US,North Carolina,Surry,642,3,0,36.41689489,-80.69102283,37171.0,894.3621748882048,0.4672897196261682,639,628,3,0,625,604,71948,14,0,0,14,24
2020-07-17,US,North Carolina,Swain,77,1,0,35.48665845,-83.48748932,37173.0,539.5557424146871,1.2987012987012987,76,77,1,0,76,77,14245,0,0,0,0,0
2020-07-17,US,North Carolina,Transylvania,68,1,0,35.20383864,-82.79638423,37175.0,197.76065144685185,1.4705882352941178,67,66,1,0,65,66,34215,2,0,0,2,0
2020-07-17,US,North Carolina,Tyrrell,63,1,0,35.87147226,-76.17055253,37177.0,1568.7250996015937,1.5873015873015872,62,63,1,0,62,63,4131,0,0,0,0,0
2020-07-17,US,North Carolina,Union,2091,30,0,34.98960527,-80.52955873,37179.0,871.7621602691581,1.4347202295552368,2061,2036,30,0,2006,1942,235908,55,0,0,55,94
2020-07-17,US,North Carolina,Vance,604,40,0,36.36880673,-78.40670845,37181.0,1356.2366677893792,6.622516556291392,564,599,40,0,559,593,44582,5,0,0,5,6
2020-07-17,US,North Carolina,Wake,8354,86,0,35.78879266,-78.65249174,37183.0,751.4204941529698,1.0294469715106536,8268,8198,83,0,8115,8030,1092305,156,3,0,153,168
2020-07-17,US,North Carolina,Warren,204,6,0,36.39728256,-78.10652228,37185.0,1033.9060361867112,2.9411764705882355,198,200,6,0,194,193,19807,4,0,0,4,7
2020-07-17,US,North Carolina,Washington,60,3,0,35.83810081,-76.57299037,37187.0,518.1347150259069,5.0,57,57,3,0,54,57,11859,3,0,0,3,0
2020-07-17,US,North Carolina,Watauga,163,0,0,36.23103603,-81.70033724,37189.0,290.154333624081,0.0,163,153,0,0,153,147,55945,10,0,0,10,6
2020-07-17,US,North Carolina,Wayne,2071,34,0,35.36438125,-78.00027268,37191.0,1681.948493880501,1.6417189763399325,2037,2055,34,0,2021,2074,123248,16,0,0,16,-19
2020-07-17,US,North Carolina,Wilkes,651,7,0,36.2084135,-81.16232895,37193.0,951.5874407998596,1.075268817204301,644,641,7,0,634,640,68557,10,0,0,10,1
2020-07-17,US,North Carolina,Wilson,1075,28,0,35.70625477,-77.917978,37195.0,1314.164863510226,2.6046511627906983,1047,1046,27,0,1019,1046,81455,29,1,0,28,0
2020-07-17,US,North Carolina,Yadkin,399,5,0,36.16222629,-80.66239436,37197.0,1059.2826612153874,1.2531328320802004,394,399,5,0,394,399,37543,0,0,0,0,0
2020-07-17,US,North Carolina,Yancey,65,0,0,35.90079156,-82.31237181,37199.0,359.7321379157673,0.0,65,65,0,0,65,63,17903,0,0,0,0,2
2020-07-17,US,North Dakota,Barnes,26,0,0,46.93579637,-98.06605978,38003.0,249.63994239078247,0.0,26,25,0,0,25,25,10542,1,0,0,1,0
2020-07-17,US,North Dakota,Benson,21,0,0,48.0683985,-99.35916363,38005.0,307.3770491803278,0.0,21,18,0,0,18,16,6962,3,0,0,3,2
2020-07-17,US,North Dakota,Billings,1,0,0,47.02366884,-103.3762965,38007.0,107.75862068965515,0.0,1,1,0,0,1,1,919,0,0,0,0,0
2020-07-17,US,North Dakota,Bottineau,7,0,0,48.79106111,-100.8378166,38009.0,111.42948105698822,0.0,7,7,0,0,7,7,6411,0,0,0,0,0
2020-07-17,US,North Dakota,Bowman,1,0,0,46.11285362,-103.5203343,38011.0,33.06878306878307,0.0,1,1,0,0,1,1,3076,0,0,0,0,0
2020-07-17,US,North Dakota,Burke,7,0,0,48.79094471,-102.51821170000001,38013.0,330.9692671394799,0.0,7,7,0,0,7,7,2100,0,0,0,0,0
2020-07-17,US,North Dakota,Burleigh,525,0,0,46.97847375,-100.46452140000001,38015.0,549.0138665216573,0.0,525,500,0,0,500,478,95273,25,0,0,25,22
2020-07-17,US,North Dakota,Cass,2584,73,0,46.93201724,-97.24447190000001,38017.0,1420.3811502668716,2.8250773993808047,2511,2547,73,0,2474,2522,181516,37,0,0,37,25
2020-07-17,US,North Dakota,Cavalier,23,0,0,48.77286211,-98.46685243,38019.0,611.3769271664007,0.0,23,21,0,0,21,18,3829,2,0,0,2,3
2020-07-17,US,North Dakota,Dickey,6,0,0,46.11017712,-98.50490079999999,38021.0,123.15270935960592,0.0,6,6,0,0,6,6,4903,0,0,0,0,0
2020-07-17,US,North Dakota,Divide,1,0,0,48.814938700000006,-103.48736109999999,38023.0,44.16961130742049,0.0,1,1,0,0,1,1,2283,0,0,0,0,0
2020-07-17,US,North Dakota,Dunn,27,0,0,47.35423935,-102.61604679999999,38025.0,610.3074141048825,0.0,27,26,0,0,26,26,4332,1,0,0,1,0
2020-07-17,US,North Dakota,Eddy,5,0,0,47.71701474,-98.90432337,38027.0,218.62702229995628,0.0,5,5,0,0,5,5,2313,0,0,0,0,0
2020-07-17,US,North Dakota,Emmons,7,1,0,46.28398398,-100.2389766,38029.0,215.98272138228938,14.285714285714285,6,7,1,0,6,5,3295,0,0,0,0,2
2020-07-17,US,North Dakota,Foster,3,0,0,47.457108399999996,-98.88279923,38031.0,93.45794392523364,0.0,3,3,0,0,3,3,3216,0,0,0,0,0
2020-07-17,US,North Dakota,Golden Valley,2,0,0,46.94022281,-103.8465421,38033.0,113.57183418512207,0.0,2,1,0,0,1,1,1769,1,0,0,1,0
2020-07-17,US,North Dakota,Grand Forks,481,4,0,47.92093639,-97.45450447,38035.0,692.5746209557817,0.8316008316008316,477,470,4,0,466,462,70770,11,0,0,11,8
2020-07-17,US,North Dakota,Grant,4,0,0,46.35821257,-101.63900129999999,38037.0,175.9014951627089,0.0,4,4,0,0,4,4,2374,0,0,0,0,0
2020-07-17,US,North Dakota,Griggs,2,0,0,47.45785838,-98.23850925,38039.0,89.64589870013447,0.0,2,2,0,0,2,2,2232,0,0,0,0,0
2020-07-17,US,North Dakota,Hettinger,2,0,0,46.43375068,-102.4632417,38041.0,80.03201280512205,0.0,2,2,0,0,2,2,2514,0,0,0,0,0
2020-07-17,US,North Dakota,Kidder,4,0,0,46.97830064,-99.77507857,38043.0,161.29032258064515,0.0,4,4,0,0,4,4,2450,0,0,0,0,0
2020-07-17,US,North Dakota,LaMoure,14,0,0,46.45681054,-98.53542355,38045.0,346.02076124567475,0.0,14,14,0,0,14,14,4062,0,0,0,0,0
2020-07-17,US,North Dakota,Logan,1,0,0,46.45729487,-99.47719806,38047.0,54.05405405405406,0.0,1,1,0,0,1,1,1903,0,0,0,0,0
2020-07-17,US,North Dakota,McHenry,10,1,0,48.23104458,-100.6324822,38049.0,174.06440382941688,10.0,9,10,1,0,9,9,5816,0,0,0,0,1
2020-07-17,US,North Dakota,McIntosh,8,0,0,46.11182017,-99.44145858,38051.0,320.3844613536244,0.0,8,8,0,0,8,8,2585,0,0,0,0,0
2020-07-17,US,North Dakota,McKenzie,46,0,0,47.74133370000001,-103.395905,38053.0,306.1767838125665,0.0,46,45,0,0,45,43,13632,1,0,0,1,2
2020-07-17,US,North Dakota,McLean,12,0,0,47.60766714,-101.3182418,38055.0,126.984126984127,0.0,12,12,0,0,12,12,9541,0,0,0,0,0
2020-07-17,US,North Dakota,Mercer,12,0,0,47.31213126,-101.8318399,38057.0,146.57383657017226,0.0,12,9,0,0,9,9,8267,3,0,0,3,0
2020-07-17,US,North Dakota,Morton,148,3,0,46.71681782,-101.2822377,38059.0,471.8785869149343,2.0270270270270268,145,144,2,0,142,140,31095,4,1,0,3,4
2020-07-17,US,North Dakota,Mountrail,90,1,0,48.20197971,-102.3555315,38061.0,853.4850640113797,1.1111111111111112,89,89,1,0,88,84,10218,1,0,0,1,5
2020-07-17,US,North Dakota,Nelson,2,0,0,47.9226426,-98.19038437,38063.0,69.46856547412295,0.0,2,2,0,0,2,2,2869,0,0,0,0,0
2020-07-17,US,North Dakota,Oliver,2,0,0,47.11530482,-101.3406158,38065.0,102.09290454313421,0.0,2,2,0,0,2,2,1952,0,0,0,0,0
2020-07-17,US,North Dakota,Pembina,17,0,0,48.76623521,-97.5523809,38067.0,249.96324069989709,0.0,17,15,0,0,15,15,6947,2,0,0,2,0
2020-07-17,US,North Dakota,Pierce,8,0,0,48.24977025,-99.96407787,38069.0,201.2578616352201,0.0,8,8,0,0,8,8,4081,0,0,0,0,0
2020-07-17,US,North Dakota,Ramsey,24,1,0,48.26886249,-98.72223879,38071.0,208.3514193940446,4.166666666666667,23,24,1,0,23,23,11481,0,0,0,0,1
2020-07-17,US,North Dakota,Ransom,22,0,0,46.45621782,-97.65742504,38073.0,421.61747796090464,0.0,22,21,0,0,21,21,5237,1,0,0,1,0
2020-07-17,US,North Dakota,Renville,7,0,0,48.71982533,-101.6603912,38075.0,300.8165019338204,0.0,7,7,0,0,7,7,2374,0,0,0,0,0
2020-07-17,US,North Dakota,Richland,49,0,0,46.26440649,-96.94852979,38077.0,302.8991778450888,0.0,49,48,0,0,48,47,16239,1,0,0,1,1
2020-07-17,US,North Dakota,Rolette,12,0,0,48.77245354,-99.84097493,38079.0,84.65011286681715,0.0,12,12,0,0,12,12,14301,0,0,0,0,0
2020-07-17,US,North Dakota,Sargent,9,0,0,46.10830372,-97.63217159,38081.0,230.8876346844536,0.0,9,8,0,0,8,8,3870,1,0,0,1,0
2020-07-17,US,North Dakota,Sheridan,3,0,0,47.57700669,-100.3426391,38083.0,228.1368821292776,0.0,3,3,0,0,3,2,1349,0,0,0,0,1
2020-07-17,US,North Dakota,Sioux,44,0,0,46.11323337,-101.04401490000001,38085.0,1040.1891252955083,0.0,44,41,0,0,41,39,4358,3,0,0,3,2
2020-07-17,US,North Dakota,Slope,3,0,0,46.44737738,-103.4601547,38087.0,400.0,0.0,3,3,0,0,3,3,763,0,0,0,0,0
2020-07-17,US,North Dakota,Stark,111,3,0,46.80851182,-102.65763259999999,38089.0,352.5040490329956,2.702702702702702,108,108,3,0,105,103,30997,3,0,0,3,5
2020-07-17,US,North Dakota,Steele,4,0,0,47.45611548,-97.72728747,38091.0,211.64021164021165,0.0,4,4,0,0,4,4,1903,0,0,0,0,0
2020-07-17,US,North Dakota,Stutsman,72,2,0,46.97962541,-98.95637318,38093.0,347.75888717156107,2.7777777777777777,70,71,2,0,69,69,20917,1,0,0,1,2
2020-07-17,US,North Dakota,Towner,3,0,0,48.68565745,-99.24564265,38095.0,137.04888076747372,0.0,3,3,0,0,3,3,2192,0,0,0,0,0
2020-07-17,US,North Dakota,Traill,29,0,0,47.45367788,-97.16323288,38097.0,360.87605774016924,0.0,29,28,0,0,28,28,8037,1,0,0,1,0
2020-07-17,US,North Dakota,Walsh,66,0,0,48.36876964,-97.72574783,38099.0,620.2424584155624,0.0,66,66,0,0,66,65,10667,0,0,0,0,1
2020-07-17,US,North Dakota,Ward,96,1,0,48.22390169,-101.54367629999999,38101.0,141.92575508936892,1.0416666666666667,95,83,1,0,82,78,67744,13,0,0,13,5
2020-07-17,US,North Dakota,Wells,11,0,0,47.58614526,-99.65904998,38103.0,286.906624934794,0.0,11,11,0,0,11,11,3957,0,0,0,0,0
2020-07-17,US,North Dakota,Williams,118,0,0,48.34522353,-103.4793387,38105.0,313.92162600760867,0.0,118,110,0,0,110,99,35350,8,0,0,8,11
2020-07-17,US,Ohio,Adams,30,2,0,38.84541072,-83.4718964,39001.0,108.3110693912918,6.666666666666668,28,30,2,0,28,30,27724,0,0,0,0,0
2020-07-17,US,Ohio,Allen,425,41,0,40.77285242,-84.10802343,39003.0,415.23776025637284,9.647058823529411,384,410,41,0,369,399,102663,15,0,0,15,11
2020-07-17,US,Ohio,Ashland,97,3,0,40.84772277,-82.27280781,39005.0,181.36265051230274,3.0927835051546397,94,90,3,0,87,87,53745,7,0,0,7,3
2020-07-17,US,Ohio,Ashtabula,462,44,0,41.70860332,-80.74830218,39007.0,475.1082362378009,9.523809523809524,418,460,44,0,416,453,97493,2,0,0,2,7
2020-07-17,US,Ohio,Athens,250,1,0,39.33425634,-82.04278644,39009.0,382.6901587398778,0.4,249,234,1,0,233,220,65818,16,0,0,16,14
2020-07-17,US,Ohio,Auglaize,120,4,0,40.55998859,-84.22421429999999,39011.0,262.83511477133345,3.333333333333333,116,115,4,0,111,113,45804,5,0,0,5,2
2020-07-17,US,Ohio,Belmont,575,24,0,40.01625942,-80.9924051,39013.0,858.1321075724562,4.173913043478262,551,575,24,0,551,572,67505,0,0,0,0,3
2020-07-17,US,Ohio,Brown,66,1,0,38.93416837,-83.86788395,39015.0,151.96168723521828,1.5151515151515151,65,65,1,0,64,64,43602,1,0,0,1,1
2020-07-17,US,Ohio,Butler,2063,49,0,39.44012838,-84.57388716,39017.0,538.4539090761979,2.3751817741153656,2014,2012,48,0,1964,1975,382378,51,1,0,50,37
2020-07-17,US,Ohio,Carroll,78,3,0,40.5789686,-81.09178213,39019.0,289.8119937578955,3.8461538461538463,75,76,3,0,73,72,27081,2,0,0,2,4
2020-07-17,US,Ohio,Champaign,65,1,0,40.13923427,-83.76875242,39021.0,167.15957310016717,1.5384615384615383,64,61,1,0,60,61,38754,4,0,0,4,0
2020-07-17,US,Ohio,Clark,868,11,0,39.91592258,-83.78498252,39023.0,647.3602171789116,1.2672811059907834,857,851,11,0,840,840,134585,17,0,0,17,11
2020-07-17,US,Ohio,Clermont,588,7,0,39.04847534,-84.15375786,39025.0,284.84507915592843,1.1904761904761905,581,570,7,0,563,552,205466,18,0,0,18,18
2020-07-17,US,Ohio,Clinton,99,2,0,39.41485808,-83.80852286,39027.0,235.8940144872284,2.0202020202020203,97,97,2,0,95,97,42057,2,0,0,2,0
2020-07-17,US,Ohio,Columbiana,1433,60,0,40.76932373,-80.78094576,39029.0,1406.5153165886359,4.1870202372644805,1373,1418,60,0,1358,1411,102665,15,0,0,15,7
2020-07-17,US,Ohio,Coshocton,160,4,0,40.30096166,-81.91729018,39031.0,437.15846994535525,2.5,156,160,4,0,156,155,36629,0,0,0,0,5
2020-07-17,US,Ohio,Crawford,149,5,0,40.85065156,-82.91989099,39033.0,359.088060924471,3.355704697986577,144,146,5,0,141,140,41550,3,0,0,3,6
2020-07-17,US,Ohio,Cuyahoga,10215,407,0,41.424119,-81.65918339,39035.0,827.0772878018448,3.984336759667156,9808,9985,406,0,9579,9784,1243857,230,1,0,229,201
2020-07-17,US,Ohio,Darke,263,26,0,40.13412966,-84.6194517,39037.0,514.5462015534208,9.88593155893536,237,262,26,0,236,262,51323,1,0,0,1,0
2020-07-17,US,Ohio,Defiance,68,3,0,41.32398837,-84.49076944,39039.0,178.53860897419068,4.411764705882354,65,62,3,0,59,58,38165,6,0,0,6,4
2020-07-17,US,Ohio,Delaware,871,15,0,40.27942393,-83.00457058,39041.0,416.3937717817925,1.722158438576349,856,829,15,0,814,806,204826,42,0,0,42,23
2020-07-17,US,Ohio,Erie,340,22,0,41.36796058,-82.62904521,39043.0,457.81380443271485,6.470588235294117,318,327,22,0,305,317,74615,13,0,0,13,10
2020-07-17,US,Ohio,Fairfield,834,17,0,39.75107189,-82.63088163,39045.0,529.275134222651,2.0383693045563547,817,787,17,0,770,773,155782,47,0,0,47,14
2020-07-17,US,Ohio,Fayette,59,0,0,39.56021306,-83.4562016,39047.0,206.83610867659942,0.0,59,58,0,0,58,58,28666,1,0,0,1,0
2020-07-17,US,Ohio,Franklin,13412,457,0,39.96995815,-83.01115755,39049.0,1018.5638037723012,3.4073963614673426,12955,13099,456,0,12643,12823,1310300,313,1,0,312,276
2020-07-17,US,Ohio,Fulton,81,0,0,41.60213491,-84.12571393,39051.0,192.28030195128898,0.0,81,74,0,0,74,72,42276,7,0,0,7,2
2020-07-17,US,Ohio,Gallia,24,1,0,38.82708533,-82.31647569,39053.0,80.27292795504717,4.166666666666667,23,24,1,0,23,24,29979,0,0,0,0,0
2020-07-17,US,Ohio,Geauga,453,42,0,41.49952319,-81.17935342,39055.0,483.7211288961975,9.271523178807945,411,448,42,0,406,447,94031,5,0,0,5,1
2020-07-17,US,Ohio,Greene,432,9,0,39.69116283,-83.89032084,39057.0,255.71662809212899,2.083333333333333,423,411,9,0,402,385,167995,21,0,0,21,26
2020-07-17,US,Ohio,Guernsey,88,4,0,40.05026529,-81.49248905,39059.0,226.36655948553056,4.545454545454546,84,85,4,0,81,83,39022,3,0,0,3,2
2020-07-17,US,Ohio,Hamilton,7586,212,0,39.19673558,-84.54502924,39061.0,927.9817192739087,2.794621671500132,7374,7415,211,0,7204,7279,816684,171,1,0,170,136
2020-07-17,US,Ohio,Hancock,109,1,0,41.00250487,-83.66838948,39063.0,143.83173007138802,0.9174311926605504,108,103,1,0,102,98,75930,6,0,0,6,5
2020-07-17,US,Ohio,Hardin,133,12,0,40.66015414,-83.65929931,39065.0,424.0395345129922,9.022556390977444,121,129,12,0,117,126,31480,4,0,0,4,3
2020-07-17,US,Ohio,Harrison,16,1,0,40.29380509,-81.09068544,39067.0,106.38297872340424,6.25,15,16,1,0,15,13,15174,0,0,0,0,3
2020-07-17,US,Ohio,Henry,47,0,0,41.3339642,-84.06830637,39069.0,174.03539954084275,0.0,47,40,0,0,40,38,27086,7,0,0,7,2
2020-07-17,US,Ohio,Highland,65,1,0,39.1839264,-83.60331456,39071.0,150.59892032158658,1.5384615384615383,64,61,1,0,60,58,43058,4,0,0,4,3
2020-07-17,US,Ohio,Hocking,91,8,0,39.49537927,-82.47991446,39073.0,321.9643362581376,8.791208791208794,83,90,8,0,82,90,28385,1,0,0,1,0
2020-07-17,US,Ohio,Holmes,285,5,0,40.56163713,-81.92635677,39075.0,648.3166515013647,1.7543859649122806,280,278,5,0,273,267,43892,7,0,0,7,11
2020-07-17,US,Ohio,Huron,278,3,0,41.14651175,-82.59867951,39077.0,477.1221638691519,1.0791366906474822,275,275,3,0,272,271,58504,3,0,0,3,4
2020-07-17,US,Ohio,Jackson,38,0,0,39.01914254,-82.61818559999998,39079.0,117.23691111591029,0.0,38,34,0,0,34,33,32384,4,0,0,4,1
2020-07-17,US,Ohio,Jefferson,145,2,0,40.38614126,-80.76259514,39081.0,221.96708763872945,1.3793103448275863,143,140,2,0,138,135,65767,5,0,0,5,5
2020-07-17,US,Ohio,Knox,72,1,0,40.39830217,-82.42027563,39083.0,115.5290266679503,1.3888888888888888,71,65,1,0,64,61,61893,7,0,0,7,4
2020-07-17,US,Ohio,Lake,706,23,0,41.69710807,-81.23676539,39085.0,306.75779603648067,3.2577903682719547,683,679,23,0,656,661,230514,27,0,0,27,18
2020-07-17,US,Ohio,Lawrence,115,0,0,38.59743452,-82.53466552,39087.0,193.39757496258176,0.0,115,103,0,0,103,97,59866,12,0,0,12,6
2020-07-17,US,Ohio,Licking,684,14,0,40.09136236,-82.48185785,39089.0,386.7422057875632,2.046783625730994,670,664,14,0,650,640,175769,20,0,0,20,24
2020-07-17,US,Ohio,Logan,78,1,0,40.38996525,-83.76784341,39091.0,170.78297425118234,1.2820512820512822,77,77,1,0,76,75,45358,1,0,0,1,2
2020-07-17,US,Ohio,Lorain,1277,71,0,41.29553751,-82.15083537,39093.0,412.15751711405824,5.5599060297572445,1206,1243,71,0,1172,1226,309461,34,0,0,34,17
2020-07-17,US,Ohio,Lucas,3296,306,0,41.62101218,-83.65468618,39095.0,769.4678158880162,9.283980582524274,2990,3214,306,0,2908,3162,429899,82,0,0,82,52
2020-07-17,US,Ohio,Madison,244,9,0,39.89381073,-83.40178317,39097.0,545.4829983680222,3.6885245901639343,235,237,9,0,228,233,44413,7,0,0,7,4
2020-07-17,US,Ohio,Mahoning,2055,240,0,41.01631101,-80.77287029,39099.0,898.623859228714,11.678832116788321,1815,2027,240,0,1787,2007,229642,28,0,0,28,20
2020-07-17,US,Ohio,Marion,2768,39,0,40.58610662,-83.15736305,39101.0,4252.377367766118,1.4089595375722543,2729,2764,39,0,2725,2759,65256,4,0,0,4,5
2020-07-17,US,Ohio,Medina,658,32,0,41.11770589,-81.89986209999998,39103.0,366.07212399719606,4.863221884498481,626,646,32,0,614,633,179146,12,0,0,12,13
2020-07-17,US,Ohio,Meigs,18,0,0,39.09224872,-82.0305041,39105.0,78.57860042781681,0.0,18,17,0,0,17,15,23106,1,0,0,1,2
2020-07-17,US,Ohio,Mercer,320,11,0,40.54043046,-84.62912742,39107.0,777.2272418148256,3.4375,309,313,11,0,302,307,40959,7,0,0,7,6
2020-07-17,US,Ohio,Miami,561,31,0,40.0543329,-84.22871271,39109.0,524.3627730471926,5.52584670231729,530,539,31,0,508,536,106222,22,0,0,22,3
2020-07-17,US,Ohio,Monroe,89,17,0,39.72984936,-81.08464734,39111.0,651.8236414237588,19.101123595505623,72,89,17,0,72,89,13790,0,0,0,0,0
2020-07-17,US,Ohio,Montgomery,2867,44,0,39.75394919,-84.29050975,39113.0,539.2270264272024,1.5347052668294383,2823,2777,42,0,2735,2724,532331,90,2,0,88,53
2020-07-17,US,Ohio,Morgan,14,0,0,39.62081738,-81.85308173,39115.0,96.4984835952578,0.0,14,13,0,0,13,13,14604,1,0,0,1,0
2020-07-17,US,Ohio,Morrow,133,1,0,40.52363560000001,-82.7892599,39117.0,376.4719202898551,0.7518796992481203,132,132,1,0,131,130,35112,1,0,0,1,2
2020-07-17,US,Ohio,Muskingum,115,1,0,39.96575964,-81.94363275,39119.0,133.3874615786116,0.8695652173913043,114,112,1,0,111,110,86183,3,0,0,3,2
2020-07-17,US,Ohio,Noble,15,0,0,39.76818851,-81.45937183,39121.0,103.99334442595672,0.0,15,14,0,0,14,14,14354,1,0,0,1,0
2020-07-17,US,Ohio,Ottawa,243,24,0,41.53781826,-83.0940185,39123.0,599.6298581122762,9.876543209876543,219,237,24,0,213,235,40769,6,0,0,6,2
2020-07-17,US,Ohio,Paulding,39,0,0,41.11676341,-84.5801017,39125.0,208.8688946015424,0.0,39,39,0,0,39,38,18760,0,0,0,0,1
2020-07-17,US,Ohio,Perry,55,1,0,39.73508655,-82.23804971,39127.0,152.21121381524327,1.818181818181818,54,53,1,0,52,52,36033,2,0,0,2,1
2020-07-17,US,Ohio,Pickaway,2258,42,0,39.64170392,-83.0243386,39129.0,3862.668286090631,1.8600531443755537,2216,2249,42,0,2207,2246,58086,9,0,0,9,3
2020-07-17,US,Ohio,Pike,35,0,0,39.07634001,-83.06769584,39131.0,126.0262134523981,0.0,35,33,0,0,33,31,28067,2,0,0,2,2
2020-07-17,US,Ohio,Portage,542,59,0,41.16793482,-81.19735782,39133.0,333.60826265187785,10.88560885608856,483,525,59,0,466,518,162927,17,0,0,17,7
2020-07-17,US,Ohio,Preble,104,1,0,39.7420247,-84.64787018,39135.0,254.390685387212,0.9615384615384616,103,102,1,0,101,97,40997,2,0,0,2,5
2020-07-17,US,Ohio,Putnam,156,15,0,41.02094889,-84.1336111,39137.0,460.7070080623727,9.615384615384617,141,153,15,0,138,148,33780,3,0,0,3,5
2020-07-17,US,Ohio,Richland,422,7,0,40.77180308,-82.53799609999999,39139.0,348.3170180101359,1.6587677725118484,415,412,7,0,405,403,121099,10,0,0,10,9
2020-07-17,US,Ohio,Ross,168,3,0,39.33705391,-83.06000914,39141.0,219.13234028121983,1.7857142857142858,165,161,3,0,158,158,76931,7,0,0,7,3
2020-07-17,US,Ohio,Sandusky,207,15,0,41.35624126,-83.137872,39143.0,353.7373115964319,7.246376811594202,192,191,15,0,176,186,58799,16,0,0,16,5
2020-07-17,US,Ohio,Scioto,94,0,0,38.80270163,-82.98907345,39145.0,124.81079215019787,0.0,94,90,0,0,90,87,75502,4,0,0,4,3
2020-07-17,US,Ohio,Seneca,54,2,0,41.12351311,-83.12783209,39147.0,97.86509115952008,3.703703703703704,52,48,2,0,46,44,55207,6,0,0,6,4
2020-07-17,US,Ohio,Shelby,81,4,0,40.33163494,-84.20258189,39149.0,166.70096727721753,4.938271604938271,77,79,4,0,75,77,48627,2,0,0,2,2
2020-07-17,US,Ohio,Stark,1319,118,0,40.81482476,-81.36437305,39151.0,355.90357414612816,8.946171341925703,1201,1294,117,0,1177,1271,371574,25,1,0,24,23
2020-07-17,US,Ohio,Summit,2538,211,0,41.12464734,-81.53123079,39153.0,469.1199656939852,8.313632781717889,2327,2499,211,0,2288,2459,541918,39,0,0,39,40
2020-07-17,US,Ohio,Trumbull,1117,81,0,41.31735028,-80.76109643,39155.0,564.2155030458545,7.2515666965085055,1036,1094,80,0,1014,1084,198627,23,1,0,22,10
2020-07-17,US,Ohio,Tuscarawas,662,11,0,40.44214695,-81.47226262,39157.0,719.6669094545969,1.661631419939577,651,655,11,0,644,641,92176,7,0,0,7,14
2020-07-17,US,Ohio,Union,134,1,0,40.30016061,-83.37239023,39159.0,227.1648470875432,0.746268656716418,133,130,1,0,129,128,57835,4,0,0,4,2
2020-07-17,US,Ohio,Van Wert,53,1,0,40.8554138,-84.59111700000003,39161.0,187.4447391688771,1.8867924528301887,52,52,1,0,51,51,28281,1,0,0,1,1
2020-07-17,US,Ohio,Vinton,24,2,0,39.25208988,-82.4831444,39163.0,183.4161253343523,8.333333333333334,22,24,2,0,22,24,13139,0,0,0,0,0
2020-07-17,US,Ohio,Warren,1171,28,0,39.42581994,-84.16557457,39165.0,499.1432298104875,2.3911187019641336,1143,1124,27,0,1097,1098,232173,47,1,0,46,26
2020-07-17,US,Ohio,Washington,162,20,0,39.45690571,-81.49121382,39167.0,270.40109495752034,12.345679012345679,142,158,20,0,138,153,60155,4,0,0,4,5
2020-07-17,US,Ohio,Wayne,393,56,0,40.82925852,-81.88844833,39169.0,339.64220897070265,14.249363867684476,337,387,56,0,331,384,115967,6,0,0,6,3
2020-07-17,US,Ohio,Williams,87,2,0,41.56052014,-84.58429552,39171.0,237.10890657363998,2.2988505747126435,85,86,2,0,84,78,36804,1,0,0,1,8
2020-07-17,US,Ohio,Wood,544,52,0,41.36224827,-83.62285108,39173.0,415.848093137742,9.558823529411764,492,529,52,0,477,519,130696,15,0,0,15,10
2020-07-17,US,Ohio,Wyandot,72,5,0,40.84339621,-83.30734173,39175.0,330.6999816277788,6.9444444444444455,67,70,5,0,65,68,21935,2,0,0,2,2
2020-07-17,US,Oklahoma,Adair,166,4,0,35.88494195,-94.65859267,40001.0,747.9498963683877,2.409638554216868,162,163,4,0,159,160,22082,3,0,0,3,3
2020-07-17,US,Oklahoma,Alfalfa,1,0,0,36.73090616,-98.32408495,40003.0,17.5377060680463,0.0,1,1,0,0,1,1,5754,0,0,0,0,0
2020-07-17,US,Oklahoma,Atoka,41,0,0,34.37366573,-96.03802487,40005.0,298.0084314580608,0.0,41,40,0,0,40,42,13838,1,0,0,1,-2
2020-07-17,US,Oklahoma,Beaver,32,0,0,36.7496847,-100.4758872,40007.0,602.5230653360949,0.0,32,32,0,0,32,32,5319,0,0,0,0,0
2020-07-17,US,Oklahoma,Beckham,25,0,0,35.26862449,-99.68128023,40009.0,114.36936730866005,0.0,25,25,0,0,25,25,21709,0,0,0,0,0
2020-07-17,US,Oklahoma,Blaine,22,0,0,35.87518314,-98.43307003,40011.0,233.32272775479905,0.0,22,22,0,0,22,22,9485,0,0,0,0,0
2020-07-17,US,Oklahoma,Bryan,219,1,0,33.96472458,-96.25903472,40013.0,456.2975309928117,0.45662100456620996,218,205,1,0,204,199,47192,14,0,0,14,6
2020-07-17,US,Oklahoma,Caddo,220,11,0,35.17364557,-98.37534464,40015.0,764.8981294763928,5.0,209,216,11,0,205,214,28977,4,0,0,4,2
2020-07-17,US,Oklahoma,Canadian,631,3,0,35.5426055,-97.98465569,40017.0,425.47165994632724,0.4754358161648177,628,608,3,0,605,594,144447,23,0,0,23,14
2020-07-17,US,Oklahoma,Carter,207,2,0,34.25103751,-97.28552485,40019.0,430.2550352310283,0.966183574879227,205,203,2,0,201,203,48177,4,0,0,4,0
2020-07-17,US,Oklahoma,Cherokee,141,1,0,35.90692775,-94.99980896,40021.0,289.78358715087245,0.7092198581560284,140,139,1,0,138,138,48675,2,0,0,2,1
2020-07-17,US,Oklahoma,Choctaw,135,1,0,34.02807439,-95.54771129,40023.0,920.1199563794985,0.7407407407407407,134,135,1,0,134,131,14668,0,0,0,0,4
2020-07-17,US,Oklahoma,Cimarron,1,0,0,36.74817177,-102.5173885,40025.0,46.79457182966776,0.0,1,1,0,0,1,1,2153,0,0,0,0,0
2020-07-17,US,Oklahoma,Cleveland,1630,40,0,35.20413532,-97.32519562,40027.0,573.9153703690663,2.4539877300613497,1590,1576,40,0,1536,1526,281669,54,0,0,54,50
2020-07-17,US,Oklahoma,Coal,14,0,0,34.58840127,-96.29798747,40029.0,254.77707006369425,0.0,14,13,0,0,13,12,5520,1,0,0,1,1
2020-07-17,US,Oklahoma,Comanche,585,9,0,34.65973764,-98.47195055,40031.0,484.47606191355624,1.5384615384615383,576,584,9,0,575,570,120422,1,0,0,1,14
2020-07-17,US,Oklahoma,Cotton,12,2,0,34.28845626,-98.37053567,40033.0,211.7896223085069,16.666666666666668,10,12,2,0,10,13,5776,0,0,0,0,-1
2020-07-17,US,Oklahoma,Craig,35,0,0,36.76268118,-95.20916602,40035.0,247.4897468533446,0.0,35,31,0,0,31,29,14306,4,0,0,4,2
2020-07-17,US,Oklahoma,Creek,247,9,0,35.90230551,-96.37086028,40037.0,345.3482844439473,3.643724696356276,238,233,9,0,224,231,71604,14,0,0,14,2
2020-07-17,US,Oklahoma,Custer,99,0,0,35.63853802,-99.00170785,40039.0,341.3439988966659,0.0,99,95,0,0,95,93,29036,4,0,0,4,2
2020-07-17,US,Oklahoma,Delaware,279,17,0,36.40823634,-94.80325046,40041.0,648.7014345834592,6.093189964157706,262,272,17,0,255,270,42733,7,0,0,7,2
2020-07-17,US,Oklahoma,Dewey,5,0,0,35.98772922,-99.00730714,40043.0,102.22858311183808,0.0,5,4,0,0,4,4,4894,1,0,0,1,0
2020-07-17,US,Oklahoma,Ellis,1,0,0,36.218019399999996,-99.75324573,40045.0,25.91344908007256,0.0,1,1,0,0,1,2,3952,0,0,0,0,-1
2020-07-17,US,Oklahoma,Garfield,144,2,0,36.3791334,-97.78265517,40047.0,235.84905660377356,1.3888888888888888,142,140,2,0,138,138,60913,4,0,0,4,2
2020-07-17,US,Oklahoma,Garvin,143,3,0,34.70418038,-97.30811132,40049.0,516.0405615098697,2.097902097902098,140,143,3,0,140,140,27811,0,0,0,0,3
2020-07-17,US,Oklahoma,Grady,290,5,0,35.0167709,-97.88339847,40051.0,519.3967833219901,1.7241379310344829,285,285,5,0,280,264,55551,5,0,0,5,21
2020-07-17,US,Oklahoma,Grant,3,0,0,36.796296999999996,-97.78638765,40053.0,69.23609508423725,0.0,3,3,0,0,3,3,4326,0,0,0,0,0
2020-07-17,US,Oklahoma,Greer,70,7,0,34.93535801,-99.56056120000001,40055.0,1225.4901960784316,10.0,63,71,7,0,64,71,5821,-1,0,0,-1,0
2020-07-17,US,Oklahoma,Harmon,4,0,0,34.7440135,-99.84741652,40057.0,150.77271013946475,0.0,4,4,0,0,4,4,2664,0,0,0,0,0
2020-07-17,US,Oklahoma,Harper,2,0,0,36.78836519,-99.6679804,40059.0,54.2299349240781,0.0,2,2,0,0,2,2,3797,0,0,0,0,0
2020-07-17,US,Oklahoma,Haskell,20,0,0,35.22257600000001,-95.11513306,40061.0,158.39074998020115,0.0,20,19,0,0,19,19,12668,1,0,0,1,0
2020-07-17,US,Oklahoma,Hughes,20,1,0,35.04912569,-96.24921145,40063.0,150.61375103546953,5.0,19,17,0,0,17,16,13335,3,1,0,2,1
2020-07-17,US,Oklahoma,Jackson,169,3,0,34.58781741,-99.41138784,40065.0,688.952303302079,1.7751479289940828,166,166,3,0,163,128,24949,3,0,0,3,38
2020-07-17,US,Oklahoma,Jefferson,20,0,0,34.11130184,-97.83182974,40067.0,333.2222592469177,0.0,20,19,0,0,19,19,6123,1,0,0,1,0
2020-07-17,US,Oklahoma,Johnston,23,0,0,34.31440473,-96.66011537,40069.0,207.4875958502481,0.0,23,23,0,0,23,21,10949,0,0,0,0,2
2020-07-17,US,Oklahoma,Kay,141,9,0,36.81799745,-97.14421435,40071.0,323.85502319812576,6.382978723404255,132,139,9,0,130,133,44161,2,0,0,2,6
2020-07-17,US,Oklahoma,Kingfisher,58,0,0,35.94530008,-97.94193268,40073.0,367.9035838883603,0.0,58,58,0,0,58,54,15816,0,0,0,0,4
2020-07-17,US,Oklahoma,Kiowa,18,1,0,34.91671958,-98.97720696,40075.0,206.70647680293985,5.5555555555555545,17,18,1,0,17,18,8729,0,0,0,0,0
2020-07-17,US,Oklahoma,Latimer,25,1,0,34.87844729,-95.25215049,40077.0,248.1882259505609,4.0,24,25,1,0,24,25,10231,0,0,0,0,0
2020-07-17,US,Oklahoma,Le Flore,84,1,0,34.89851864,-94.70392124,40079.0,168.4953764066355,1.1904761904761905,83,77,1,0,76,75,49980,7,0,0,7,2
2020-07-17,US,Oklahoma,Lincoln,54,2,0,35.70270942,-96.8812462,40081.0,154.82983054735212,3.703703703703704,52,53,2,0,51,49,34920,1,0,0,1,4
2020-07-17,US,Oklahoma,Logan,114,1,0,35.91899576,-97.44352845,40083.0,237.4455853866822,0.8771929824561403,113,117,1,0,116,111,47291,-3,0,0,-3,6
2020-07-17,US,Oklahoma,Love,50,0,0,33.95273467,-97.23906784,40085.0,487.66214766409826,0.0,50,49,0,0,49,49,10134,1,0,0,1,0
2020-07-17,US,Oklahoma,Major,16,1,0,36.31149996,-98.53467076,40093.0,209.7260453532573,6.25,15,16,1,0,15,16,7644,0,0,0,0,0
2020-07-17,US,Oklahoma,Marshall,49,0,0,34.02311222,-96.76855464,40095.0,289.4099580650877,0.0,49,49,0,0,49,49,16806,0,0,0,0,0
2020-07-17,US,Oklahoma,Mayes,153,5,0,36.30179091,-95.23175116,40097.0,372.26277372262774,3.2679738562091503,148,151,5,0,146,148,41107,2,0,0,2,3
2020-07-17,US,Oklahoma,McClain,285,4,0,35.01123903,-97.44572302,40087.0,704.15575431141,1.4035087719298245,281,277,4,0,273,271,39985,8,0,0,8,6
2020-07-17,US,Oklahoma,McCurtain,661,13,0,34.11664328,-94.77222373,40089.0,2013.2797270955166,1.966717095310136,648,659,13,0,646,651,32703,2,0,0,2,8
2020-07-17,US,Oklahoma,McIntosh,96,1,0,35.37235506,-95.66599306,40091.0,489.8958971218617,1.0416666666666667,95,92,1,0,91,88,19815,4,0,0,4,4
2020-07-17,US,Oklahoma,Murray,28,0,0,34.48116015,-97.06826283,40099.0,198.96255240531517,0.0,28,28,0,0,28,28,13953,0,0,0,0,0
2020-07-17,US,Oklahoma,Muskogee,239,14,0,35.61318461,-95.37802952,40101.0,351.4860949747782,5.857740585774058,225,230,14,0,216,228,68362,9,0,0,9,2
2020-07-17,US,Oklahoma,Noble,57,1,0,36.38953329,-97.22928674,40103.0,512.0833707663282,1.7543859649122806,56,56,1,0,55,55,11289,1,0,0,1,1
2020-07-17,US,Oklahoma,Nowata,40,1,0,36.79843529,-95.61902331,40105.0,396.98292973402135,2.5,39,40,1,0,39,41,10218,0,0,0,0,-1
2020-07-17,US,Oklahoma,Okfuskee,22,0,0,35.46485198,-96.32639984,40107.0,183.4403401984491,0.0,22,22,0,0,22,20,12098,0,0,0,0,2
2020-07-17,US,Oklahoma,Oklahoma,5978,77,0,35.55140095,-97.40716948,40109.0,749.6545168628377,1.2880562060889928,5901,5756,77,0,5679,5591,792582,222,0,0,222,165
2020-07-17,US,Oklahoma,Okmulgee,204,0,0,35.64661916,-95.96432828,40111.0,530.3522682958534,0.0,204,201,0,0,201,196,38335,3,0,0,3,5
2020-07-17,US,Oklahoma,Osage,237,9,0,36.62888819,-96.39635704,40113.0,504.65259885441736,3.79746835443038,228,230,9,0,221,228,47014,7,0,0,7,2
2020-07-17,US,Oklahoma,Ottawa,203,2,0,36.83532655,-94.81011909,40115.0,652.1669290326728,0.9852216748768472,201,195,2,0,193,190,31175,8,0,0,8,5
2020-07-17,US,Oklahoma,Pawnee,78,3,0,36.31743373,-96.70331759999999,40117.0,476.3067904250122,3.8461538461538463,75,75,3,0,72,75,16390,3,0,0,3,0
2020-07-17,US,Oklahoma,Payne,511,2,0,36.07695283,-96.97584944,40119.0,624.816590042062,0.3913894324853229,509,499,2,0,497,493,82040,12,0,0,12,6
2020-07-17,US,Oklahoma,Pittsburg,85,3,0,34.92065823,-95.75134320000001,40121.0,194.71297017455444,3.5294117647058822,82,82,3,0,79,83,43877,3,0,0,3,-1
2020-07-17,US,Oklahoma,Pontotoc,96,2,0,34.72959848,-96.68337199,40123.0,250.75749660432555,2.083333333333333,94,95,2,0,93,93,38247,1,0,0,1,2
2020-07-17,US,Oklahoma,Pottawatomie,191,5,0,35.20614018,-96.94923008,40125.0,263.11439277055325,2.6178010471204187,186,184,4,0,180,178,72679,7,1,0,6,6
2020-07-17,US,Oklahoma,Pushmataha,37,0,0,34.41635232,-95.37603505,40127.0,333.4534967555876,0.0,37,35,0,0,35,35,11179,2,0,0,2,0
2020-07-17,US,Oklahoma,Roger Mills,3,0,0,35.68711719,-99.69666167,40129.0,83.72871895060004,0.0,3,1,0,0,1,1,3656,2,0,0,2,0
2020-07-17,US,Oklahoma,Rogers,402,9,0,36.37004357,-95.60406759,40131.0,434.787311132502,2.238805970149253,393,388,8,0,380,368,91984,14,1,0,13,20
2020-07-17,US,Oklahoma,Seminole,81,4,0,35.16478725,-96.61686741,40133.0,333.91046252782587,4.938271604938271,77,81,3,0,78,80,24578,0,1,0,-1,1
2020-07-17,US,Oklahoma,Sequoyah,79,3,0,35.49447108,-94.75463785,40135.0,190.04546657364864,3.79746835443038,76,74,3,0,71,73,41179,5,0,0,5,1
2020-07-17,US,Oklahoma,Stephens,111,1,0,34.48556989,-97.85141892,40137.0,257.2839162784229,0.9009009009009008,110,106,1,0,105,102,43265,5,0,0,5,4
2020-07-17,US,Oklahoma,Texas,1007,7,0,36.74777635,-101.4889765,40139.0,5039.2833908822495,0.6951340615690169,1000,1007,6,0,1001,1007,20455,0,1,0,-1,0
2020-07-17,US,Oklahoma,Tillman,30,1,0,34.37288446,-98.92426619,40141.0,413.79310344827593,3.333333333333333,29,30,1,0,29,27,7348,0,0,0,0,3
2020-07-17,US,Oklahoma,Tulsa,5997,83,0,36.11939621,-95.94013939,40143.0,920.4177103285692,1.3840253460063363,5914,5790,81,0,5709,5626,648360,207,2,0,205,164
2020-07-17,US,Oklahoma,Wagoner,440,19,0,35.96024096,-95.51911308,40145.0,541.2786477875235,4.318181818181818,421,434,19,0,415,410,80110,6,0,0,6,24
2020-07-17,US,Oklahoma,Washington,483,39,0,36.71380786,-95.90514104,40147.0,937.3726395870126,8.074534161490684,444,479,39,0,440,474,51843,4,0,0,4,5
2020-07-17,US,Oklahoma,Washita,13,0,0,35.29071824,-98.99180434,40149.0,119.09124221326492,0.0,13,12,0,0,12,12,11127,1,0,0,1,0
2020-07-17,US,Oklahoma,Woods,11,0,0,36.76705782,-98.86573064,40151.0,125.09951097463892,0.0,11,11,0,0,11,11,8897,0,0,0,0,0
2020-07-17,US,Oklahoma,Woodward,17,0,0,36.42316318,-99.26283045,40153.0,84.11261194399091,0.0,17,16,0,0,16,15,20222,1,0,0,1,1
2020-07-17,US,Oregon,Baker,13,0,0,44.70915557,-117.6749883,41001.0,80.62515504837509,0.0,13,13,0,0,13,13,16006,0,0,0,0,0
2020-07-17,US,Oregon,Benton,124,6,0,44.49167306,-123.4316987,41003.0,133.25739094924398,4.838709677419356,118,122,6,0,116,117,92101,2,0,0,2,5
2020-07-17,US,Oregon,Clackamas,1097,30,0,45.18787398,-122.2179634,41005.0,262.3228364344181,2.7347310847766635,1067,1079,29,0,1050,1051,416075,18,1,0,17,28
2020-07-17,US,Oregon,Clatsop,59,0,0,45.99712889,-123.660711,41007.0,146.67859984089102,0.0,59,58,0,0,58,56,39764,1,0,0,1,2
2020-07-17,US,Oregon,Columbia,61,0,0,45.94464254,-123.08908980000001,41009.0,116.51449745960194,0.0,61,59,0,0,59,59,52377,2,0,0,2,0
2020-07-17,US,Oregon,Coos,64,0,0,43.17406868,-124.0594514,41011.0,99.24480903127764,0.0,64,60,0,0,60,58,64389,4,0,0,4,2
2020-07-17,US,Oregon,Crook,20,1,0,44.14230227,-120.356297,41013.0,81.95377806916899,5.0,19,20,1,0,19,20,23867,0,0,0,0,0
2020-07-17,US,Oregon,Curry,9,0,0,42.45911325,-124.15728200000001,41015.0,39.25845147219193,0.0,9,9,0,0,9,9,22813,0,0,0,0,0
2020-07-17,US,Oregon,Deschutes,328,1,0,43.91570171,-121.2289121,41017.0,165.91465512008585,0.3048780487804878,327,316,1,0,315,288,191996,12,0,0,12,28
2020-07-17,US,Oregon,Douglas,78,1,0,43.27941273,-123.16729099999999,41019.0,70.2829338619571,1.2820512820512822,77,74,1,0,73,70,110283,4,0,0,4,4
2020-07-17,US,Oregon,Gilliam,2,0,0,45.37160076,-120.20488689999999,41021.0,104.60251046025104,0.0,2,2,0,0,2,2,1894,0,0,0,0,0
2020-07-17,US,Oregon,Grant,1,0,0,44.49024544,-119.0068631,41023.0,13.890818169190164,0.0,1,1,0,0,1,1,7176,0,0,0,0,0
2020-07-17,US,Oregon,Harney,2,0,0,43.06422669,-118.96663059999999,41025.0,27.052617340727714,0.0,2,2,0,0,2,2,7329,0,0,0,0,0
2020-07-17,US,Oregon,Hood River,116,0,0,45.51872811,-121.65520359999998,41027.0,496.10811735523055,0.0,116,114,0,0,114,109,23428,2,0,0,2,5
2020-07-17,US,Oregon,Jackson,215,0,0,42.43201126,-122.72893090000001,41029.0,97.30972554131365,0.0,215,203,0,0,203,196,219564,12,0,0,12,7
2020-07-17,US,Oregon,Jefferson,184,0,0,44.62806839,-121.17832,41031.0,746.2081271798199,0.0,184,177,0,0,177,171,24192,7,0,0,7,6
2020-07-17,US,Oregon,Josephine,66,1,0,42.3665549,-123.5561938,41033.0,75.43977962440134,1.5151515151515151,65,65,1,0,64,65,87393,1,0,0,1,0
2020-07-17,US,Oregon,Klamath,146,1,0,42.68762984,-121.64964609999998,41035.0,213.9570327383569,0.6849315068493149,145,144,1,0,143,141,67653,2,0,0,2,3
2020-07-17,US,Oregon,Lake,24,0,0,42.79246693,-120.38501629999999,41037.0,304.99428135722457,0.0,24,24,0,0,24,24,7879,0,0,0,0,0
2020-07-17,US,Oregon,Lane,346,3,0,43.93727035,-122.847753,41039.0,90.56003266442795,0.8670520231213873,343,336,3,0,333,324,379611,10,0,0,10,12
2020-07-17,US,Oregon,Lincoln,365,7,0,44.64252874,-123.86991200000001,41041.0,730.5552219686963,1.9178082191780816,358,364,7,0,357,362,49388,1,0,0,1,2
2020-07-17,US,Oregon,Linn,193,10,0,44.48899494,-122.53731540000001,41043.0,148.748737947884,5.181347150259066,183,190,10,0,180,186,127335,3,0,0,3,4
2020-07-17,US,Oregon,Malheur,473,5,0,43.1937027,-117.62273950000001,41045.0,1547.2179516535282,1.0570824524312896,468,465,5,0,460,449,30725,8,0,0,8,16
2020-07-17,US,Oregon,Marion,2063,57,0,44.90287942,-122.58151170000001,41047.0,593.1262901862467,2.7629665535627725,2006,2028,56,0,1972,1975,346868,35,1,0,34,53
2020-07-17,US,Oregon,Morrow,176,1,0,45.41846568,-119.584546,41049.0,1516.8490907523912,0.5681818181818182,175,173,1,0,172,165,11372,3,0,0,3,8
2020-07-17,US,Oregon,Multnomah,3285,74,0,45.54747959,-122.4169351,41051.0,404.13111809609336,2.2526636225266357,3211,3199,73,0,3126,3095,811880,86,1,0,85,104
2020-07-17,US,Oregon,Polk,193,12,0,44.90322804,-123.4128888,41053.0,224.19701457861416,6.217616580310881,181,191,12,0,179,184,85234,2,0,0,2,7
2020-07-17,US,Oregon,Sherman,5,0,0,45.41501554,-120.6827834,41055.0,280.8988764044944,0.0,5,5,0,0,5,5,1708,0,0,0,0,0
2020-07-17,US,Oregon,Tillamook,22,0,0,45.46248721,-123.712066,41057.0,81.3729841692558,0.0,22,22,0,0,22,20,26787,0,0,0,0,2
2020-07-17,US,Oregon,Umatilla,1227,9,0,45.59073056,-118.7353826,41059.0,1574.0859525336755,0.7334963325183375,1218,1189,8,0,1181,1141,77516,38,1,0,37,48
2020-07-17,US,Oregon,Union,379,2,0,45.30915495,-118.0068979,41061.0,1412.3346376001487,0.5277044854881267,377,377,2,0,375,376,26461,2,0,0,2,1
2020-07-17,US,Oregon,Wallowa,15,0,0,45.57894064,-117.18353799999998,41063.0,208.10210876803555,0.0,15,15,0,0,15,15,7081,0,0,0,0,0
2020-07-17,US,Oregon,Wasco,124,3,0,45.16292781,-121.16709540000001,41065.0,464.7327786522749,2.419354838709677,121,123,2,0,121,121,26505,1,1,0,0,2
2020-07-17,US,Oregon,Washington,2105,21,0,45.55972701,-123.0955257,41067.0,349.90491894839033,0.997624703087886,2084,2070,21,0,2049,1994,597695,35,0,0,35,76
2020-07-17,US,Oregon,Yamhill,222,9,0,45.23330449,-123.3086963,41071.0,207.28291316526608,4.0540540540540535,213,220,9,0,211,217,107002,2,0,0,2,3
2020-07-17,US,Pennsylvania,Adams,410,15,0,39.87140411,-77.21610347,42001.0,398.0234736770573,3.6585365853658534,395,409,14,0,395,399,102811,1,1,0,0,10
2020-07-17,US,Pennsylvania,Allegheny,5990,202,0,40.46809875,-79.98167747,42003.0,492.58045549301215,3.37228714524207,5788,5750,201,0,5549,5610,1218452,240,1,0,239,140
2020-07-17,US,Pennsylvania,Armstrong,97,6,0,40.81665618,-79.46290811,42005.0,149.84166216111842,6.185567010309278,91,96,6,0,90,94,65263,1,0,0,1,2
2020-07-17,US,Pennsylvania,Beaver,918,81,0,40.6825484,-80.34921611,42007.0,559.99853595154,8.823529411764708,837,893,80,0,813,884,164742,25,1,0,24,9
2020-07-17,US,Pennsylvania,Bedford,99,4,0,40.00522157,-78.48998442,42009.0,206.7323755429335,4.040404040404041,95,95,4,0,91,94,48176,4,0,0,4,1
2020-07-17,US,Pennsylvania,Berks,4781,360,0,40.41570541,-75.92457766,42011.0,1135.1872429742336,7.529805480025098,4421,4763,360,0,4403,4744,420152,18,0,0,18,19
2020-07-17,US,Pennsylvania,Blair,126,1,0,40.47961444,-78.34917412,42013.0,103.4236511832158,0.7936507936507936,125,118,1,0,117,113,122492,8,0,0,8,5
2020-07-17,US,Pennsylvania,Bradford,61,3,0,41.78869215,-76.51570822,42015.0,101.12229166321305,4.918032786885246,58,61,3,0,58,61,60833,0,0,0,0,0
2020-07-17,US,Pennsylvania,Bucks,6284,573,0,40.33682119,-75.10836643,42017.0,1000.2069174081207,9.11839592616168,5711,6228,572,0,5656,6189,628195,56,1,0,55,39
2020-07-17,US,Pennsylvania,Butler,465,13,0,40.91152759,-79.91351055,42019.0,247.53397603445248,2.795698924731183,452,456,13,0,443,444,187888,9,0,0,9,12
2020-07-17,US,Pennsylvania,Cambria,163,3,0,40.49527404,-78.71377428,42021.0,125.19970505100159,1.8404907975460123,160,153,3,0,150,143,131730,10,0,0,10,10
2020-07-17,US,Pennsylvania,Cameron,5,0,0,41.43625568,-78.20376845,42023.0,112.4353496739375,0.0,5,5,0,0,5,5,4492,0,0,0,0,0
2020-07-17,US,Pennsylvania,Carbon,315,28,0,40.91545395,-75.7068525,42025.0,490.79181078807136,8.888888888888891,287,309,28,0,281,306,64227,6,0,0,6,3
2020-07-17,US,Pennsylvania,Centre,270,9,0,40.92058903,-77.82200624,42027.0,166.27151522616006,3.333333333333333,261,262,9,0,253,262,162805,8,0,0,8,0
2020-07-17,US,Pennsylvania,Chester,4196,334,0,39.97291773,-75.74768357,42029.0,799.254841530013,7.959961868446139,3862,4129,335,0,3794,4108,522046,67,-1,0,68,21
2020-07-17,US,Pennsylvania,Clarion,67,2,0,41.19265812,-79.42413524,42031.0,174.30667568551954,2.985074626865672,65,67,2,0,65,66,38779,0,0,0,0,1
2020-07-17,US,Pennsylvania,Clearfield,98,0,0,41.00110782,-78.47592663,42033.0,123.65150463693142,0.0,98,96,0,0,96,96,79388,2,0,0,2,0
2020-07-17,US,Pennsylvania,Clinton,101,5,0,41.23255967,-77.63785995,42035.0,261.4412921930006,4.950495049504951,96,100,5,0,95,100,38684,1,0,0,1,0
2020-07-17,US,Pennsylvania,Columbia,428,35,0,41.04821986,-76.40565017,42037.0,658.8264269441537,8.177570093457945,393,427,35,0,392,424,65456,1,0,0,1,3
2020-07-17,US,Pennsylvania,Crawford,105,1,0,41.68447709,-80.10760592,42039.0,124.07094494794927,0.9523809523809524,104,104,1,0,103,101,85063,1,0,0,1,3
2020-07-17,US,Pennsylvania,Cumberland,995,68,0,40.1625372,-77.26130755,42041.0,392.7063188222757,6.834170854271357,927,985,68,0,917,982,251423,10,0,0,10,3
2020-07-17,US,Pennsylvania,Dauphin,2366,150,0,40.41377078,-76.77993242,42043.0,850.1647508614833,6.3398140321217245,2216,2342,150,0,2192,2325,277097,24,0,0,24,17
2020-07-17,US,Pennsylvania,Delaware,7762,674,0,39.91680171,-75.40243663,42045.0,1369.5705491162723,8.683329038907496,7088,7696,669,0,7027,7651,564751,66,5,0,61,45
2020-07-17,US,Pennsylvania,Elk,33,1,0,41.42822061,-78.64524744,42047.0,110.3309929789368,3.0303030303030303,32,32,0,0,32,31,30169,1,1,0,0,1
2020-07-17,US,Pennsylvania,Erie,763,13,0,41.99253829,-80.03301954,42049.0,282.8775655475145,1.7038007863695936,750,756,13,0,743,747,272061,7,0,0,7,9
2020-07-17,US,Pennsylvania,Fayette,235,4,0,39.92041012,-79.64291195,42051.0,181.78442687624732,1.702127659574468,231,223,4,0,219,220,130441,12,0,0,12,3
2020-07-17,US,Pennsylvania,Forest,7,0,0,41.51095103,-79.23229292,42053.0,96.59169311439214,0.0,7,7,0,0,7,7,7279,0,0,0,0,0
2020-07-17,US,Pennsylvania,Franklin,1043,46,0,39.92956518,-77.72157791,42055.0,672.7860308204378,4.410354745925216,997,1033,46,0,987,1019,154835,10,0,0,10,14
2020-07-17,US,Pennsylvania,Fulton,19,1,0,39.92913544,-78.11163677,42057.0,130.76393668272544,5.2631578947368425,18,19,1,0,18,19,14523,0,0,0,0,0
2020-07-17,US,Pennsylvania,Greene,79,0,0,39.85746531,-80.22357106,42059.0,218.03328457483508,0.0,79,77,0,0,77,75,36506,2,0,0,2,2
2020-07-17,US,Pennsylvania,Huntingdon,266,4,0,40.42162652,-77.97673273,42061.0,589.2255892255893,1.5037593984962403,262,263,4,0,259,263,45168,3,0,0,3,0
2020-07-17,US,Pennsylvania,Indiana,176,6,0,40.65241041,-79.08963285,42063.0,209.3418814601596,3.4090909090909087,170,174,6,0,168,168,84501,2,0,0,2,6
2020-07-17,US,Pennsylvania,Jefferson,41,1,0,41.12913106,-78.9986361,42065.0,94.41565918249857,2.4390243902439024,40,41,1,0,40,41,43641,0,0,0,0,0
2020-07-17,US,Pennsylvania,Juniata,117,6,0,40.53358749,-77.39975129999998,42067.0,472.4791018858782,5.128205128205129,111,116,6,0,110,116,24704,1,0,0,1,0
2020-07-17,US,Pennsylvania,Lackawanna,1788,212,0,41.43564672,-75.60379201,42069.0,852.7523679616928,11.856823266219239,1576,1777,212,0,1565,1771,210793,11,0,0,11,6
2020-07-17,US,Pennsylvania,Lancaster,4988,390,0,40.03904563,-76.24770128,42071.0,914.0151431859327,7.818765036086607,4598,4951,388,0,4563,4906,543557,37,2,0,35,45
2020-07-17,US,Pennsylvania,Lawrence,221,9,0,40.99206278,-80.33393706,42073.0,258.4432594255777,4.072398190045249,212,209,9,0,200,207,86184,12,0,0,12,2
2020-07-17,US,Pennsylvania,Lebanon,1484,51,0,40.36680311,-76.45651841,42075.0,1046.596094306489,3.4366576819407006,1433,1481,51,0,1430,1476,141314,3,0,0,3,5
2020-07-17,US,Pennsylvania,Lehigh,4519,331,0,40.6154815,-75.59435245,42077.0,1223.6067562371722,7.3246293427749505,4188,4495,330,0,4165,4465,368100,24,1,0,23,30
2020-07-17,US,Pennsylvania,Luzerne,3047,181,0,41.17823008,-75.98447579,42079.0,959.9359832649163,5.940269117164424,2866,3042,181,0,2861,3036,317646,5,0,0,5,6
2020-07-17,US,Pennsylvania,Lycoming,263,20,0,41.34310539,-77.06629984,42081.0,232.1291450056929,7.604562737642587,243,259,20,0,239,252,113664,4,0,0,4,7
2020-07-17,US,Pennsylvania,McKean,22,1,0,41.80938602,-78.56478358,42083.0,54.153846153846146,4.545454545454546,21,20,1,0,19,20,40968,2,0,0,2,0
2020-07-17,US,Pennsylvania,Mercer,216,7,0,41.30248872,-80.25816981,42085.0,197.39728030413804,3.2407407407407414,209,208,6,0,202,203,110683,8,1,0,7,5
2020-07-17,US,Pennsylvania,Mifflin,79,1,0,40.61116939,-77.61070738,42087.0,171.2254540725649,1.2658227848101269,78,76,1,0,75,74,46222,3,0,0,3,2
2020-07-17,US,Pennsylvania,Monroe,1488,115,0,41.05934058,-75.34031025,42089.0,873.9010166146907,7.728494623655914,1373,1487,114,0,1373,1482,169507,1,1,0,0,5
2020-07-17,US,Pennsylvania,Montgomery,9060,836,0,40.21053671,-75.36652296,42091.0,1090.3642370158198,9.227373068432673,8224,8999,835,0,8164,8972,828604,61,1,0,60,27
2020-07-17,US,Pennsylvania,Montour,84,2,0,41.03023987,-76.66345939,42093.0,460.7789358200768,2.380952380952381,82,82,2,0,80,81,18240,2,0,0,2,1
2020-07-17,US,Pennsylvania,Northampton,3614,284,0,40.75182733,-75.30471829,42095.0,1183.8118479453626,7.858328721638074,3330,3601,283,0,3318,3582,304807,13,1,0,12,19
2020-07-17,US,Pennsylvania,Northumberland,360,10,0,40.84785433,-76.70798222,42097.0,396.28810144975404,2.7777777777777777,350,355,10,0,345,352,91083,5,0,0,5,3
2020-07-17,US,Pennsylvania,Perry,96,5,0,40.40206612,-77.26297447,42099.0,207.46887966804985,5.208333333333333,91,96,5,0,91,96,46139,0,0,0,0,0
2020-07-17,US,Pennsylvania,Philadelphia,28159,1665,0,40.00338507,-75.1379271,42101.0,1777.6428225122218,5.912852018892718,26494,28024,1664,0,26360,27867,1584138,135,1,0,134,157
2020-07-17,US,Pennsylvania,Pike,509,21,0,41.33155042,-75.03208106,42103.0,912.039276819151,4.12573673870334,488,509,21,0,488,508,55933,0,0,0,0,1
2020-07-17,US,Pennsylvania,Potter,19,0,0,41.74471626,-77.89559864,42105.0,114.97034975190607,0.0,19,19,0,0,19,19,16622,0,0,0,0,0
2020-07-17,US,Pennsylvania,Schuylkill,795,48,0,40.70497338,-76.2150785,42107.0,562.3978664252011,6.037735849056604,747,792,48,0,744,782,142067,3,0,0,3,10
2020-07-17,US,Pennsylvania,Snyder,75,2,0,40.77129231,-77.06840691,42109.0,185.77231744773601,2.6666666666666665,73,74,2,0,72,74,40540,1,0,0,1,0
2020-07-17,US,Pennsylvania,Somerset,91,1,0,39.97172723,-79.02699593,42111.0,123.8988658488434,1.0989010989010992,90,88,1,0,87,86,73952,3,0,0,3,2
2020-07-17,US,Pennsylvania,Sullivan,10,0,0,41.44634738,-76.51246591,42113.0,164.85328058028355,0.0,10,10,0,0,10,10,6071,0,0,0,0,0
2020-07-17,US,Pennsylvania,Susquehanna,195,26,0,41.82147784,-75.80071959,42115.0,483.53501289426697,13.333333333333336,169,195,26,0,169,195,40589,0,0,0,0,0
2020-07-17,US,Pennsylvania,Tioga,32,2,0,41.77255149,-77.25433032,42117.0,78.83520977556601,6.25,30,32,2,0,30,31,40763,0,0,0,0,1
2020-07-17,US,Pennsylvania,Union,109,2,0,40.96188846,-77.05996014,42119.0,242.6374017763729,1.834862385321101,107,108,2,0,106,108,44785,1,0,0,1,0
2020-07-17,US,Pennsylvania,Venango,52,0,0,41.40323442,-79.75845449,42121.0,102.62887818741613,0.0,52,49,0,0,49,49,51266,3,0,0,3,0
2020-07-17,US,Pennsylvania,Warren,11,1,0,41.81304978,-79.26969577,42123.0,28.06766859738205,9.090909090909092,10,11,1,0,10,11,39498,0,0,0,0,0
2020-07-17,US,Pennsylvania,Washington,535,7,0,40.19208869,-80.24582867,42125.0,258.62277330626256,1.308411214953271,528,518,7,0,511,494,207346,17,0,0,17,24
2020-07-17,US,Pennsylvania,Wayne,148,8,0,41.64938475,-75.29956506,42127.0,288.1563832479897,5.405405405405406,140,144,8,0,136,143,51276,4,0,0,4,1
2020-07-17,US,Pennsylvania,Westmoreland,1117,40,0,40.31377979999999,-79.46615476,42129.0,320.14995743753923,3.5810205908683974,1077,1089,40,0,1049,1054,350611,28,0,0,28,35
2020-07-17,US,Pennsylvania,Wyoming,49,7,0,41.51955538,-76.01074915,42131.0,182.87676345450473,14.285714285714285,42,48,7,0,41,48,27046,1,0,0,1,0
2020-07-17,US,Pennsylvania,York,1963,70,0,39.9210089,-76.73040131,42133.0,437.1372962958015,3.5659704533876715,1893,1942,67,0,1875,1908,448273,21,3,0,18,34
2020-07-17,US,Rhode Island,Bristol,283,0,0,41.71018079,-71.28652315,44001.0,583.7579157985932,0.0,283,283,0,0,283,283,48649,0,0,0,0,0
2020-07-17,US,Rhode Island,Kent,1316,0,0,41.67106337,-71.57641596,44003.0,801.0128308134297,0.0,1316,1316,0,0,1316,1316,163861,0,0,0,0,0
2020-07-17,US,Rhode Island,Newport,365,0,0,41.5642026,-71.26569799,44005.0,444.6772739455666,0.0,365,365,0,0,365,365,82542,0,0,0,0,0
2020-07-17,US,Rhode Island,Providence,13674,0,0,41.87064746,-71.57753536,44007.0,2140.1371979133896,0.0,13674,13674,0,0,13674,13674,636084,0,0,0,0,0
2020-07-17,US,Rhode Island,Unassigned,1591,990,0,0.0,0.0,90044.0,0.0,62.22501571338781,601,1509,988,0,521,1438,,82,2,0,80,71
2020-07-17,US,Rhode Island,Washington,564,0,0,41.45961631,-71.61435303,44009.0,449.1268305501804,0.0,564,564,0,0,564,564,126179,0,0,0,0,0
2020-07-17,US,South Carolina,Abbeville,176,2,0,34.22333378,-82.46170658,45001.0,717.5765482937172,1.1363636363636365,174,170,2,0,168,165,24541,6,0,0,6,5
2020-07-17,US,South Carolina,Aiken,924,14,0,33.54338026,-81.63645384,45003.0,540.7556533545578,1.5151515151515151,910,903,13,0,890,873,169401,21,1,0,20,30
2020-07-17,US,South Carolina,Allendale,112,3,0,32.98837386,-81.35321066,45005.0,1289.1344383057092,2.6785714285714284,109,101,3,0,98,92,8903,11,0,0,11,9
2020-07-17,US,South Carolina,Anderson,1299,25,0,34.51828081,-82.63959517,45007.0,641.2978011236288,1.9245573518090842,1274,1247,21,0,1226,1177,200482,52,4,0,48,70
2020-07-17,US,South Carolina,Bamberg,247,3,0,33.21927586,-81.05659969,45009.0,1756.007393715342,1.214574898785425,244,240,3,0,237,223,14275,7,0,0,7,17
2020-07-17,US,South Carolina,Barnwell,176,1,0,33.26679302,-81.43584352,45011.0,843.4774273938465,0.5681818181818182,175,169,1,0,168,156,21112,7,0,0,7,13
2020-07-17,US,South Carolina,Beaufort,2338,26,0,32.39226291,-80.72619758,45013.0,1216.9350725060115,1.1120615911035072,2312,2285,26,0,2259,2176,188715,53,0,0,53,109
2020-07-17,US,South Carolina,Berkeley,2752,33,0,33.20222596,-79.94654523,45015.0,1207.5100808663185,1.1991279069767442,2719,2618,31,0,2587,2512,221091,134,2,0,132,106
2020-07-17,US,South Carolina,Calhoun,201,2,0,33.66926881,-80.77722168,45017.0,1381.1585240156671,0.9950248756218906,199,188,2,0,186,176,14520,13,0,0,13,12
2020-07-17,US,South Carolina,Charleston,8971,80,0,32.82487866,-79.96512315,45019.0,2180.5710174377623,0.8917623453349682,8891,8677,81,0,8596,8466,405905,294,-1,0,295,211
2020-07-17,US,South Carolina,Cherokee,308,9,0,35.05122251,-81.61828622,45021.0,537.521815008726,2.9220779220779223,299,295,9,0,286,283,57078,13,0,0,13,12
2020-07-17,US,South Carolina,Chester,333,5,0,34.69249168,-81.1583216,45023.0,1032.7502791216968,1.5015015015015014,328,322,5,0,317,307,32251,11,0,0,11,15
2020-07-17,US,South Carolina,Chesterfield,491,16,0,34.64137396,-80.15640140000002,45025.0,1075.5750273822564,3.2586558044806515,475,486,16,0,470,476,45754,5,0,0,5,10
2020-07-17,US,South Carolina,Clarendon,538,47,0,33.66610974,-80.21647898,45027.0,1594.3102681878797,8.736059479553901,491,530,47,0,483,521,33700,8,0,0,8,9
2020-07-17,US,South Carolina,Colleton,550,26,0,32.87582989,-80.67641292,45029.0,1459.7765214852564,4.727272727272728,524,533,26,0,507,520,37660,17,0,0,17,13
2020-07-17,US,South Carolina,Darlington,649,18,0,34.33358335,-79.96027485,45031.0,974.2111741571347,2.773497688751926,631,628,18,0,610,610,66802,21,0,0,21,18
2020-07-17,US,South Carolina,Dillon,426,17,0,34.39007791,-79.37741872,45033.0,1397.6836510384198,3.9906103286384975,409,416,16,0,400,407,30599,10,1,0,9,9
2020-07-17,US,South Carolina,Dorchester,1872,10,0,33.0794369,-80.40502652,45035.0,1149.813585244059,0.5341880341880342,1862,1770,8,0,1762,1714,160647,102,2,0,100,56
2020-07-17,US,South Carolina,Edgefield,150,4,0,33.77221995,-81.96231108,45037.0,550.2567865003668,2.6666666666666665,146,146,4,0,142,142,27052,4,0,0,4,4
2020-07-17,US,South Carolina,Fairfield,417,22,0,34.39287073,-81.1195624,45039.0,1866.0222848704525,5.2757793764988,395,413,22,0,391,385,22402,4,0,0,4,28
2020-07-17,US,South Carolina,Florence,1880,60,0,34.02361754,-79.70189312,45041.0,1359.4325092376332,3.191489361702128,1820,1818,60,0,1758,1756,138159,62,0,0,62,62
2020-07-17,US,South Carolina,Georgetown,932,11,0,33.43443342,-79.33202141,45043.0,1486.9176770899808,1.1802575107296138,921,911,10,0,901,914,62249,21,1,0,20,-3
2020-07-17,US,South Carolina,Greenville,8026,125,0,34.89502264,-82.37295012,45045.0,1533.0193184118946,1.5574383254423123,7901,7856,123,0,7733,7633,514213,170,2,0,168,223
2020-07-17,US,South Carolina,Greenwood,943,10,0,34.15272415,-82.12715789,45047.0,1331.7139992374064,1.0604453870625663,933,885,9,0,876,867,70741,58,1,0,57,18
2020-07-17,US,South Carolina,Hampton,145,3,0,32.77419582,-81.13845571,45049.0,754.34398085527,2.0689655172413794,142,133,3,0,130,122,19351,12,0,0,12,11
2020-07-17,US,South Carolina,Horry,6503,81,0,33.9212828,-78.99555293,45051.0,1836.5854140719214,1.245578963555282,6422,6388,79,0,6309,6243,344147,115,2,0,113,145
2020-07-17,US,South Carolina,Jasper,316,3,0,32.43171982,-81.02487495,45053.0,1050.7764439863001,0.9493670886075948,313,308,3,0,305,291,28971,8,0,0,8,17
2020-07-17,US,South Carolina,Kershaw,935,19,0,34.33988254,-80.58763164,45055.0,1404.9375666781866,2.0320855614973263,916,915,18,0,897,906,65592,20,1,0,19,9
2020-07-17,US,South Carolina,Lancaster,728,18,0,34.68270843,-80.70513032,45057.0,742.76619189487,2.4725274725274726,710,707,18,0,689,684,95380,21,0,0,21,23
2020-07-17,US,South Carolina,Laurens,884,14,0,34.48244419,-82.00490796,45059.0,1309.7654571585201,1.5837104072398192,870,836,14,0,822,820,66994,48,0,0,48,16
2020-07-17,US,South Carolina,Lee,371,23,0,34.16393091,-80.25690731,45061.0,2204.658901830283,6.199460916442049,348,362,23,0,339,356,17142,9,0,0,9,6
2020-07-17,US,South Carolina,Lexington,3342,70,0,33.89665987,-81.27146426,45063.0,1118.6610878661088,2.0945541591861163,3272,3252,69,0,3183,3222,295032,90,1,0,89,30
2020-07-17,US,South Carolina,Marion,359,10,0,34.07859748,-79.36400756,45067.0,1171.021300192452,2.7855153203342615,349,349,10,0,339,344,31039,10,0,0,10,5
2020-07-17,US,South Carolina,Marlboro,349,4,0,34.59905577,-79.67561152,45069.0,1336.2432039206678,1.146131805157593,345,345,4,0,341,345,26398,4,0,0,4,0
2020-07-17,US,South Carolina,McCormick,71,2,0,33.90161443,-82.30794338,45065.0,750.290605516221,2.8169014084507036,69,65,2,0,63,56,9410,6,0,0,6,9
2020-07-17,US,South Carolina,Newberry,490,4,0,34.28629098,-81.59935761,45071.0,1274.71383975026,0.8163265306122449,486,482,4,0,478,462,38520,8,0,0,8,20
2020-07-17,US,South Carolina,Oconee,511,2,0,34.75225169,-83.06742317,45073.0,642.3955950016342,0.3913894324853229,509,492,2,0,490,475,78374,19,0,0,19,17
2020-07-17,US,South Carolina,Orangeburg,1437,30,0,33.4391073,-80.79886287,45075.0,1667.5369886858136,2.0876826722338206,1407,1383,30,0,1353,1301,86934,54,0,0,54,82
2020-07-17,US,South Carolina,Pickens,1329,11,0,34.88807695,-82.72791551,45077.0,1047.413385454431,0.8276899924755455,1318,1282,10,0,1272,1254,124937,47,1,0,46,28
2020-07-17,US,South Carolina,Richland,5756,105,0,34.01791263,-80.90267209,45079.0,1384.455898729793,1.8241834607366227,5651,5550,102,0,5448,5413,414576,206,3,0,203,137
2020-07-17,US,South Carolina,Saluda,322,3,0,34.00795823,-81.72713237,45081.0,1572.8032042201926,0.9316770186335404,319,307,3,0,304,303,20544,15,0,0,15,4
2020-07-17,US,South Carolina,Spartanburg,2905,61,0,34.92960077,-81.99225984,45083.0,908.4228466000592,2.099827882960413,2844,2826,59,0,2767,2745,313888,79,2,0,77,81
2020-07-17,US,South Carolina,Sumter,1635,32,0,33.91826534,-80.37942316,45085.0,1532.0321211382952,1.957186544342508,1603,1610,31,0,1579,1582,106512,25,1,0,24,28
2020-07-17,US,South Carolina,Union,186,0,0,34.68835752,-81.61730349,45087.0,680.9196075560111,0.0,186,183,0,0,183,170,27410,3,0,0,3,13
2020-07-17,US,South Carolina,Williamsburg,572,18,0,33.62190129,-79.72767442,45089.0,1883.5616438356165,3.1468531468531467,554,563,17,0,546,538,30606,9,1,0,8,25
2020-07-17,US,South Carolina,York,2203,14,0,34.97281497,-81.18085944,45091.0,784.0443591869855,0.6354970494779846,2189,2138,13,0,2125,2062,274118,65,1,0,64,76
2020-07-17,US,South Dakota,Aurora,35,0,0,43.71757685,-98.56050467,46003.0,1272.264631043257,0.0,35,35,0,0,35,34,2801,0,0,0,0,1
2020-07-17,US,South Dakota,Beadle,561,9,0,44.41464384,-98.27858469,46005.0,3040.156072183385,1.60427807486631,552,558,8,0,550,557,18883,3,1,0,2,1
2020-07-17,US,South Dakota,Bennett,4,0,0,43.19486375,-101.6665572,46007.0,118.87072808320951,0.0,4,4,0,0,4,4,3468,0,0,0,0,0
2020-07-17,US,South Dakota,Bon Homme,13,0,0,42.98914167,-97.88592746,46009.0,188.37849587016373,0.0,13,13,0,0,13,13,6980,0,0,0,0,0
2020-07-17,US,South Dakota,Brookings,102,0,0,44.36974375,-96.79079945,46011.0,290.7888359893948,0.0,102,97,0,0,97,96,35232,5,0,0,5,1
2020-07-17,US,South Dakota,Brown,365,2,0,45.58994323,-98.35165355,46013.0,939.7770282448056,0.547945205479452,363,363,2,0,361,362,39316,2,0,0,2,1
2020-07-17,US,South Dakota,Brule,34,0,0,43.71756379,-99.08118954,46015.0,641.872758164999,0.0,34,34,0,0,34,34,5229,0,0,0,0,0
2020-07-17,US,South Dakota,Buffalo,91,3,0,44.07657829,-99.20814467,46017.0,4638.124362895005,3.2967032967032965,88,89,3,0,86,86,2036,2,0,0,2,3
2020-07-17,US,South Dakota,Butte,4,1,0,44.90608745,-103.5079318,46019.0,38.35458816760955,25.0,3,3,1,0,2,3,10222,1,0,0,1,0
2020-07-17,US,South Dakota,Campbell,1,0,0,45.77074915,-100.0510181,46021.0,72.67441860465118,0.0,1,1,0,0,1,1,1377,0,0,0,0,0
2020-07-17,US,South Dakota,Charles Mix,98,0,0,43.20660134,-98.58856175,46023.0,1054.6706844597504,0.0,98,98,0,0,98,98,9338,0,0,0,0,0
2020-07-17,US,South Dakota,Clark,16,0,0,44.85834507,-97.72925109,46025.0,428.2655246252677,0.0,16,16,0,0,16,16,3739,0,0,0,0,0
2020-07-17,US,South Dakota,Clay,95,0,0,42.91296147,-96.97656917,46027.0,675.1954513148543,0.0,95,94,0,0,94,94,14041,1,0,0,1,0
2020-07-17,US,South Dakota,Codington,101,0,0,44.97788119,-97.18827677,46029.0,360.59837909243447,0.0,101,96,0,0,96,96,28015,5,0,0,5,0
2020-07-17,US,South Dakota,Corson,22,0,0,45.70889983,-101.1970473,46031.0,538.4238864415075,0.0,22,22,0,0,22,22,4165,0,0,0,0,0
2020-07-17,US,South Dakota,Custer,11,0,0,43.67741105,-103.45345209999999,46033.0,122.60365581810076,0.0,11,11,0,0,11,11,8726,0,0,0,0,0
2020-07-17,US,South Dakota,Davison,65,0,0,43.67490933,-98.14458906,46035.0,328.6978508217446,0.0,65,57,0,0,57,57,19790,8,0,0,8,0
2020-07-17,US,South Dakota,Day,19,0,0,45.367281,-97.60737498,46037.0,350.29498525073745,0.0,19,19,0,0,19,19,5505,0,0,0,0,0
2020-07-17,US,South Dakota,Deuel,5,0,0,44.75994309,-96.66943645,46039.0,114.91611123879568,0.0,5,5,0,0,5,5,4337,0,0,0,0,0
2020-07-17,US,South Dakota,Dewey,42,0,0,45.15639647,-100.8709139,46041.0,712.8309572301425,0.0,42,40,0,0,40,38,5904,2,0,0,2,2
2020-07-17,US,South Dakota,Douglas,12,0,0,43.38520741,-98.36978007,46043.0,410.8182129407737,0.0,12,10,0,0,10,10,2935,2,0,0,2,0
2020-07-17,US,South Dakota,Edmunds,9,0,0,45.41846445,-99.21545423,46045.0,235.04831548707241,0.0,9,9,0,0,9,9,3875,0,0,0,0,0
2020-07-17,US,South Dakota,Fall River,14,0,0,43.23929297,-103.5275691,46047.0,208.5505735140772,0.0,14,14,0,0,14,13,6758,0,0,0,0,1
2020-07-17,US,South Dakota,Faulk,24,1,0,45.07082625,-99.14535601,46049.0,1043.9321444106133,4.166666666666667,23,24,1,0,23,24,2330,0,0,0,0,0
2020-07-17,US,South Dakota,Grant,17,0,0,45.1723937,-96.77002276,46051.0,241.0663641520136,0.0,17,18,0,0,18,18,7147,-1,0,0,-1,0
2020-07-17,US,South Dakota,Gregory,6,0,0,43.19419064,-99.18883902,46053.0,143.36917562724008,0.0,6,6,0,0,6,6,4212,0,0,0,0,0
2020-07-17,US,South Dakota,Haakon,1,0,0,44.29299053,-101.539099,46055.0,52.6592943654555,0.0,1,1,0,0,1,1,1918,0,0,0,0,0
2020-07-17,US,South Dakota,Hamlin,13,0,0,44.67385954,-97.18829593,46057.0,210.90201168072682,0.0,13,13,0,0,13,13,6111,0,0,0,0,0
2020-07-17,US,South Dakota,Hand,7,0,0,44.54708407,-99.00386459,46059.0,219.36696960200558,0.0,7,7,0,0,7,7,3262,0,0,0,0,0
2020-07-17,US,South Dakota,Hanson,14,0,0,43.6746384,-97.78715148,46061.0,405.4445409788591,0.0,14,14,0,0,14,14,3376,0,0,0,0,0
2020-07-17,US,South Dakota,Hughes,76,2,0,44.39091534,-99.99661148,46065.0,433.64144699303887,2.631578947368421,74,75,2,0,73,73,17650,1,0,0,1,2
2020-07-17,US,South Dakota,Hutchinson,20,0,0,43.33449012,-97.75536441,46067.0,274.310794129749,0.0,20,18,0,0,18,18,7380,2,0,0,2,0
2020-07-17,US,South Dakota,Hyde,3,0,0,44.54747703,-99.48572582,46069.0,230.59185242121444,0.0,3,3,0,0,3,3,1282,0,0,0,0,0
2020-07-17,US,South Dakota,Jackson,7,1,0,43.69318385,-101.6255063,46071.0,209.33014354066987,14.285714285714285,6,7,1,0,6,7,3307,0,0,0,0,0
2020-07-17,US,South Dakota,Jerauld,39,1,0,44.06637798,-98.62965972,46073.0,1937.4068554396426,2.5641025641025643,38,39,1,0,38,39,2043,0,0,0,0,0
2020-07-17,US,South Dakota,Jones,1,0,0,43.96278565,-100.6940008,46075.0,110.74197120708747,0.0,1,1,0,0,1,1,928,0,0,0,0,0
2020-07-17,US,South Dakota,Kingsbury,8,0,0,44.36956169,-97.4913945,46077.0,161.97610852399268,0.0,8,8,0,0,8,8,4919,0,0,0,0,0
2020-07-17,US,South Dakota,Lake,47,1,0,44.02193107,-97.12926365,46079.0,367.27357974525285,2.127659574468085,46,43,1,0,42,41,13057,4,0,0,4,2
2020-07-17,US,South Dakota,Lawrence,21,0,0,44.35919441,-103.79294279999999,46081.0,81.25677139761645,0.0,21,21,0,0,21,21,25741,0,0,0,0,0
2020-07-17,US,South Dakota,Lincoln,406,1,0,43.27841182,-96.72039050000001,46083.0,664.1800811412119,0.24630541871921185,405,405,1,0,404,404,58807,1,0,0,1,1
2020-07-17,US,South Dakota,Lyman,83,1,0,43.89522709,-99.85201878,46085.0,2195.1864586088336,1.2048192771084338,82,82,1,0,81,82,3821,1,0,0,1,0
2020-07-17,US,South Dakota,Marshall,5,0,0,45.75870838,-97.59855639,46091.0,101.31712259371834,0.0,5,5,0,0,5,5,5112,0,0,0,0,0
2020-07-17,US,South Dakota,McCook,21,1,0,43.6742571,-97.36863144,46087.0,375.93984962406023,4.761904761904762,20,19,1,0,18,19,5546,2,0,0,2,0
2020-07-17,US,South Dakota,McPherson,6,0,0,45.76626028,-99.22118798,46089.0,252.20680958385879,0.0,6,6,0,0,6,6,2407,0,0,0,0,0
2020-07-17,US,South Dakota,Meade,58,1,0,44.56676791,-102.71627409999999,46093.0,204.7155160242835,1.7241379310344829,57,58,1,0,57,54,28294,0,0,0,0,4
2020-07-17,US,South Dakota,Mellette,13,0,0,43.58078848,-100.7563186,46095.0,630.7617661329451,0.0,13,12,0,0,12,10,2042,1,0,0,1,2
2020-07-17,US,South Dakota,Miner,10,0,0,44.02197882,-97.60992207,46097.0,451.2635379061372,0.0,10,10,0,0,10,10,2213,0,0,0,0,0
2020-07-17,US,South Dakota,Minnehaha,3822,61,0,43.67441641,-96.7910885,46099.0,1978.9369039112744,1.5960230245944529,3761,3802,61,0,3741,3796,192876,20,0,0,20,6
2020-07-17,US,South Dakota,Moody,24,0,0,44.02266214,-96.67081159,46101.0,364.963503649635,0.0,24,24,0,0,24,24,6579,0,0,0,0,0
2020-07-17,US,South Dakota,Oglala Lakota,126,1,0,43.33749164,-102.55554980000001,46102.0,888.7634901601185,0.7936507936507936,125,122,1,0,121,118,14309,4,0,0,4,4
2020-07-17,US,South Dakota,Pennington,704,22,0,44.0025835,-102.8240777,46103.0,618.7651065699846,3.125,682,679,22,0,657,674,111729,25,0,0,25,5
2020-07-17,US,South Dakota,Perkins,4,0,0,45.49049506,-102.47555859999999,46105.0,139.61605584642234,0.0,4,3,0,0,3,1,2922,1,0,0,1,2
2020-07-17,US,South Dakota,Roberts,59,0,0,45.62975048,-96.94672673,46109.0,567.6351741389262,0.0,59,59,0,0,59,59,10447,0,0,0,0,0
2020-07-17,US,South Dakota,Sanborn,12,0,0,44.02351092,-98.09098159999999,46111.0,511.9453924914676,0.0,12,12,0,0,12,12,2429,0,0,0,0,0
2020-07-17,US,South Dakota,Spink,16,0,0,44.93837606,-98.34626602,46115.0,250.94102885821832,0.0,16,16,0,0,16,14,6495,0,0,0,0,2
2020-07-17,US,South Dakota,Stanley,14,0,0,44.41381872,-100.7349153,46117.0,451.9044544867656,0.0,14,14,0,0,14,14,3022,0,0,0,0,0
2020-07-17,US,South Dakota,Sully,1,0,0,44.71571812,-100.1278092,46119.0,71.89072609633357,0.0,1,1,0,0,1,1,1392,0,0,0,0,0
2020-07-17,US,South Dakota,Todd,65,3,0,43.19338568,-100.71955030000001,46121.0,638.6950967868722,4.615384615384615,62,65,3,0,62,65,10283,0,0,0,0,0
2020-07-17,US,South Dakota,Tripp,19,0,0,43.34459388,-99.8854891,46123.0,349.2005146112847,0.0,19,19,0,0,19,19,5478,0,0,0,0,0
2020-07-17,US,South Dakota,Turner,30,0,0,43.3109081,-97.14865776,46125.0,357.82442748091614,0.0,30,30,0,0,30,30,8424,0,0,0,0,0
2020-07-17,US,South Dakota,Union,157,2,0,42.83112163,-96.6557828,46127.0,985.4381119758976,1.2738853503184713,155,157,2,0,155,156,15619,0,0,0,0,1
2020-07-17,US,South Dakota,Walworth,18,0,0,45.43019636,-100.03075140000001,46129.0,331.1867525298988,0.0,18,17,0,0,17,16,5587,1,0,0,1,1
2020-07-17,US,South Dakota,Yankton,90,2,0,43.00924485,-97.39467635,46135.0,394.49460857368285,2.2222222222222223,88,88,2,0,86,88,22869,2,0,0,2,0
2020-07-17,US,South Dakota,Ziebach,3,0,0,44.97881876,-101.6654622,46137.0,108.8534107402032,0.0,3,3,0,0,3,3,2742,0,0,0,0,0
2020-07-17,US,Tennessee,Anderson,265,2,0,36.12684348,-84.19965764,47001.0,344.25420249941544,0.7547169811320755,263,252,2,0,250,236,76482,13,0,0,13,16
2020-07-17,US,Tennessee,Bedford,668,10,0,35.51123746,-86.45549096,47003.0,1343.7129121155433,1.497005988023952,658,654,10,0,644,646,49038,14,0,0,14,8
2020-07-17,US,Tennessee,Benton,26,1,0,36.07110411,-88.06849355,47005.0,160.8910891089109,3.8461538461538463,25,26,1,0,25,24,16184,0,0,0,0,2
2020-07-17,US,Tennessee,Bledsoe,638,1,0,35.59942968,-85.20611967,47007.0,4235.262878385554,0.15673981191222572,637,636,1,0,635,634,14755,2,0,0,2,2
2020-07-17,US,Tennessee,Blount,488,4,0,35.68938198,-83.92847788,47009.0,366.67468141380135,0.819672131147541,484,416,4,0,412,381,131349,72,0,0,72,35
2020-07-17,US,Tennessee,Bradley,1165,6,0,35.15739424,-84.857186,47011.0,1077.606141892517,0.5150214592274678,1159,1114,6,0,1108,1096,106727,51,0,0,51,18
2020-07-17,US,Tennessee,Campbell,87,1,0,36.40355516,-84.15108559999999,47013.0,218.36253200140555,1.1494252873563218,86,79,1,0,78,77,39583,8,0,0,8,2
2020-07-17,US,Tennessee,Cannon,68,0,0,35.80990797,-86.05738983,47015.0,463.2783758005178,0.0,68,66,0,0,66,65,14462,2,0,0,2,1
2020-07-17,US,Tennessee,Carroll,71,1,0,35.97366108,-88.45189331,47017.0,255.69921129398207,1.4084507042253518,70,69,1,0,68,63,28020,2,0,0,2,6
2020-07-17,US,Tennessee,Carter,147,2,0,36.28969086,-82.12588974,47019.0,260.6798957280417,1.3605442176870748,145,141,2,0,139,128,56351,6,0,0,6,13
2020-07-17,US,Tennessee,Cheatham,340,4,0,36.26136216,-87.08903581,47021.0,836.0587208301573,1.1764705882352942,336,332,4,0,328,311,40439,8,0,0,8,21
2020-07-17,US,Tennessee,Chester,107,0,0,35.42527478,-88.6095842,47023.0,618.6043822628203,0.0,107,99,0,0,99,91,17276,8,0,0,8,8
2020-07-17,US,Tennessee,Claiborne,104,0,0,36.48319149,-83.65947309,47025.0,325.4169404549579,0.0,104,91,0,0,91,86,31756,13,0,0,13,5
2020-07-17,US,Tennessee,Clay,32,0,0,36.55151008,-85.53930419,47027.0,420.22324359816145,0.0,32,31,0,0,31,28,7717,1,0,0,1,3
2020-07-17,US,Tennessee,Cocke,196,1,0,35.9278914,-83.11828725,47029.0,544.3839573380735,0.5102040816326531,195,180,1,0,179,175,35774,16,0,0,16,5
2020-07-17,US,Tennessee,Coffee,170,0,0,35.49090731,-86.07311784,47031.0,300.77848549186126,0.0,170,168,0,0,168,162,55700,2,0,0,2,6
2020-07-17,US,Tennessee,Crockett,90,3,0,35.81830662,-89.14916269,47033.0,632.4666198172872,3.333333333333333,87,84,3,0,81,75,14328,6,0,0,6,9
2020-07-17,US,Tennessee,Cumberland,247,6,0,35.95271721,-84.99840585,47035.0,408.12954395241235,2.42914979757085,241,244,5,0,239,241,59673,3,1,0,2,3
2020-07-17,US,Tennessee,Davidson,15342,164,0,36.17007426,-86.78646056,47037.0,2210.2042227549327,1.068961022031026,15178,14982,160,0,14822,14550,692587,360,4,0,356,432
2020-07-17,US,Tennessee,DeKalb,137,0,0,35.97616272,-85.83689361,47041.0,668.6188384577842,0.0,137,128,0,0,128,119,20138,9,0,0,9,9
2020-07-17,US,Tennessee,Decatur,50,0,0,35.60048904,-88.11043779,47039.0,428.70616479464974,0.0,50,49,0,0,49,44,11706,1,0,0,1,5
2020-07-17,US,Tennessee,Dickson,343,0,0,36.14669837,-87.35891709,47043.0,635.7974345666197,0.0,343,323,0,0,323,308,53446,20,0,0,20,15
2020-07-17,US,Tennessee,Dyer,352,3,0,36.05931946,-89.41542855,47045.0,947.2806049678408,0.8522727272727273,349,337,3,0,334,326,37320,15,0,0,15,11
2020-07-17,US,Tennessee,Fayette,433,7,0,35.19615831,-89.41399032,47047.0,1052.6827608003307,1.6166281755196306,426,424,6,0,418,404,40507,9,1,0,8,20
2020-07-17,US,Tennessee,Fentress,38,0,0,36.38128818,-84.92870012,47049.0,205.1503536144253,0.0,38,36,0,0,36,35,18217,2,0,0,2,1
2020-07-17,US,Tennessee,Franklin,141,3,0,35.15634626,-86.09201039,47051.0,334.0598938589841,2.127659574468085,138,136,3,0,133,127,41890,5,0,0,5,9
2020-07-17,US,Tennessee,Gibson,276,1,0,35.99438059,-88.93358327,47053.0,561.7405816864431,0.3623188405797101,275,259,1,0,258,237,49045,17,0,0,17,22
2020-07-17,US,Tennessee,Giles,168,2,0,35.20222469,-87.03992678,47055.0,570.1873472712463,1.1904761904761905,166,163,1,0,162,143,29503,5,1,0,4,20
2020-07-17,US,Tennessee,Grainger,69,0,0,36.27469206,-83.51254721,47057.0,295.8833619210978,0.0,69,67,0,0,67,65,23145,2,0,0,2,2
2020-07-17,US,Tennessee,Greene,193,2,0,36.17470125,-82.84691273,47059.0,279.4307142133229,1.0362694300518134,191,187,2,0,185,173,69087,6,0,0,6,14
2020-07-17,US,Tennessee,Grundy,71,2,0,35.38433717,-85.72142731,47061.0,528.7852833842259,2.8169014084507036,69,71,2,0,69,68,13346,0,0,0,0,3
2020-07-17,US,Tennessee,Hamblen,607,6,0,36.21990035,-83.26586179,47063.0,934.7953306434224,0.9884678747940692,601,571,5,0,566,551,64569,36,1,0,35,20
2020-07-17,US,Tennessee,Hamilton,3994,40,0,35.17670231,-85.16652245,47065.0,1085.9044491087643,1.0015022533800702,3954,3840,39,0,3801,3721,364286,154,1,0,153,119
2020-07-17,US,Tennessee,Hancock,25,0,0,36.52692871,-83.22375847,47067.0,377.64350453172204,0.0,25,24,0,0,24,15,6549,1,0,0,1,9
2020-07-17,US,Tennessee,Hardeman,511,5,0,35.20772017,-88.99161161,47069.0,2039.9201596806388,0.9784735812133072,506,503,4,0,499,480,25220,8,1,0,7,23
2020-07-17,US,Tennessee,Hardin,185,7,0,35.19732531,-88.18593755,47071.0,721.1913301107128,3.783783783783784,178,171,7,0,164,154,25776,14,0,0,14,17
2020-07-17,US,Tennessee,Hawkins,124,2,0,36.44355426,-82.94885298,47073.0,218.36368118902547,1.6129032258064515,122,117,2,0,115,103,56530,7,0,0,7,14
2020-07-17,US,Tennessee,Haywood,174,4,0,35.58332824,-89.28536625,47075.0,1005.5478502080445,2.2988505747126435,170,172,3,0,169,155,17335,2,1,0,1,17
2020-07-17,US,Tennessee,Henderson,139,0,0,35.65581134,-88.38600175,47077.0,494.3628409858805,0.0,139,132,0,0,132,114,27847,7,0,0,7,18
2020-07-17,US,Tennessee,Henry,60,0,0,36.33160906,-88.30121797,47079.0,185.5000772916989,0.0,60,60,0,0,60,57,32358,0,0,0,0,3
2020-07-17,US,Tennessee,Hickman,133,0,0,35.80609681,-87.47643507,47081.0,528.2389387560569,0.0,133,129,0,0,129,118,25063,4,0,0,4,11
2020-07-17,US,Tennessee,Houston,27,0,0,36.28872054,-87.71878828,47083.0,329.2281429094013,0.0,27,25,0,0,25,25,8263,2,0,0,2,0
2020-07-17,US,Tennessee,Humphreys,58,2,0,36.03958805,-87.77992872,47085.0,312.13001829727693,3.4482758620689653,56,55,2,0,53,53,18486,3,0,0,3,2
2020-07-17,US,Tennessee,Jackson,67,0,0,36.36380466,-85.67239905,47087.0,568.4710673680637,0.0,67,65,0,0,65,62,11758,2,0,0,2,3
2020-07-17,US,Tennessee,Jefferson,241,1,0,36.04818632,-83.45148924,47089.0,442.2424075603266,0.4149377593360996,240,227,1,0,226,219,54012,14,0,0,14,8
2020-07-17,US,Tennessee,Johnson,51,0,0,36.45523950000001,-81.84886538,47091.0,286.7101416685406,0.0,51,51,0,0,51,48,17778,0,0,0,0,3
2020-07-17,US,Tennessee,Knox,2136,17,0,35.99508821,-83.94635435,47093.0,454.1656301229181,0.795880149812734,2119,1991,17,0,1974,1915,465289,145,0,0,145,76
2020-07-17,US,Tennessee,Lake,699,0,0,36.34180170000001,-89.48921915,47095.0,9962.941847206386,0.0,699,698,0,0,698,698,7411,1,0,0,1,0
2020-07-17,US,Tennessee,Lauderdale,238,4,0,35.75893438,-89.63015909999999,47097.0,928.4906175632973,1.680672268907563,234,229,4,0,225,218,25825,9,0,0,9,11
2020-07-17,US,Tennessee,Lawrence,280,6,0,35.21675201,-87.39787695,47099.0,634.3165239454488,2.142857142857143,274,272,6,0,266,262,43734,8,0,0,8,10
2020-07-17,US,Tennessee,Lewis,15,0,0,35.52853208,-87.49022694,47101.0,122.26931855233127,0.0,15,13,0,0,13,13,12086,2,0,0,2,0
2020-07-17,US,Tennessee,Lincoln,126,0,0,35.13738622,-86.58910106,47103.0,366.6414479427342,0.0,126,126,0,0,126,111,34117,0,0,0,0,15
2020-07-17,US,Tennessee,Loudon,382,3,0,35.73939663,-84.31145275,47105.0,706.5177184286454,0.7853403141361257,379,368,3,0,365,353,53054,14,0,0,14,15
2020-07-17,US,Tennessee,Macon,696,7,0,36.53157855,-86.00778595,47111.0,2829.0382895699536,1.0057471264367817,689,680,7,0,673,670,24265,16,0,0,16,10
2020-07-17,US,Tennessee,Madison,452,2,0,35.61181957,-88.84076036,47113.0,461.2998040496408,0.4424778761061947,450,428,2,0,426,409,97605,24,0,0,24,19
2020-07-17,US,Tennessee,Marion,117,4,0,35.12997174,-85.62265895,47115.0,404.7462552322967,3.418803418803418,113,113,4,0,109,104,28575,4,0,0,4,9
2020-07-17,US,Tennessee,Marshall,154,2,0,35.45798777,-86.76420988,47117.0,448.0,1.2987012987012987,152,150,2,0,148,141,33683,4,0,0,4,9
2020-07-17,US,Tennessee,Maury,580,4,0,35.618741299999996,-87.07462444,47119.0,601.7408986689078,0.6896551724137931,576,557,4,0,553,529,94340,23,0,0,23,28
2020-07-17,US,Tennessee,McMinn,351,19,0,35.42812616,-84.61520715,47107.0,652.489125181247,5.413105413105413,332,326,19,0,307,313,53285,25,0,0,25,13
2020-07-17,US,Tennessee,McNairy,148,1,0,35.17468549,-88.5647812,47109.0,576.0099634155835,0.6756756756756757,147,146,1,0,145,138,25832,2,0,0,2,8
2020-07-17,US,Tennessee,Meigs,45,0,0,35.51558739,-84.81482914,47121.0,362.2605055546611,0.0,45,43,0,0,43,40,12306,2,0,0,2,3
2020-07-17,US,Tennessee,Monroe,168,7,0,35.44550387,-84.24902965,47123.0,360.94102481469554,4.166666666666667,161,165,7,0,158,162,46357,3,0,0,3,3
2020-07-17,US,Tennessee,Montgomery,1065,8,0,36.49609412,-87.38550661,47125.0,509.5864454790352,0.7511737089201878,1057,974,7,0,967,906,205950,91,1,0,90,68
2020-07-17,US,Tennessee,Moore,28,0,0,35.27724699,-86.36230578,47127.0,431.5659679408138,0.0,28,28,0,0,28,26,6411,0,0,0,0,2
2020-07-17,US,Tennessee,Morgan,38,1,0,36.13248031,-84.64880098,47129.0,177.54520394337243,2.631578947368421,37,38,1,0,37,37,21579,0,0,0,0,1
2020-07-17,US,Tennessee,Obion,155,3,0,36.35732446,-89.14921589,47131.0,515.4810602281418,1.935483870967742,152,155,3,0,152,144,30267,0,0,0,0,11
2020-07-17,US,Tennessee,Out of TN,1890,10,0,0.0,0.0,80047.0,0.0,0.5291005291005291,1880,1852,10,0,1842,1775,,38,0,0,38,77
2020-07-17,US,Tennessee,Overton,89,1,0,36.34117832,-85.28989535,47133.0,400.16186322557434,1.1235955056179776,88,88,1,0,87,86,22068,1,0,0,1,2
2020-07-17,US,Tennessee,Perry,47,0,0,35.63708728,-87.86139634,47135.0,581.9712729073798,0.0,47,47,0,0,47,45,8064,0,0,0,0,2
2020-07-17,US,Tennessee,Pickett,10,1,0,36.55606529,-85.07763299999998,47137.0,198.09825673534075,10.0,9,9,0,0,9,8,5082,1,1,0,0,1
2020-07-17,US,Tennessee,Polk,64,0,0,35.12245443,-84.52075859,47139.0,380.22813688212926,0.0,64,63,0,0,63,61,16898,1,0,0,1,2
2020-07-17,US,Tennessee,Putnam,1145,7,0,36.14005459,-85.50646123,47141.0,1426.8801794504334,0.6113537117903929,1138,1136,7,0,1129,1108,78843,9,0,0,9,28
2020-07-17,US,Tennessee,Rhea,378,0,0,35.60536161,-84.93076643,47143.0,1139.6870383212226,0.0,378,370,0,0,370,362,33044,8,0,0,8,8
2020-07-17,US,Tennessee,Roane,112,0,0,35.84923189,-84.52458689,47145.0,209.80854969840016,0.0,112,105,0,0,105,100,53140,7,0,0,7,5
2020-07-17,US,Tennessee,Robertson,1076,14,0,36.52454807,-86.87346725,47147.0,1498.3359558854247,1.3011152416356877,1062,1084,14,0,1070,1010,71012,-8,0,0,-8,74
2020-07-17,US,Tennessee,Rutherford,4242,41,0,35.84591405,-86.4107263,47149.0,1276.6149540304257,0.9665252239509664,4201,4114,40,0,4074,3944,324890,128,1,0,127,170
2020-07-17,US,Tennessee,Scott,33,0,0,36.42325673,-84.50360494,47151.0,149.53779227841218,0.0,33,32,0,0,32,31,22039,1,0,0,1,1
2020-07-17,US,Tennessee,Sequatchie,60,0,0,35.36979721,-85.41022136,47153.0,399.30786636496737,0.0,60,54,0,0,54,54,14876,6,0,0,6,0
2020-07-17,US,Tennessee,Sevier,1052,4,0,35.78077323,-83.52244332,47155.0,1070.737913486005,0.3802281368821293,1048,1010,4,0,1006,978,97892,42,0,0,42,32
2020-07-17,US,Tennessee,Shelby,15632,235,0,35.1864775,-89.89692423,47157.0,1668.0075888369836,1.503326509723644,15397,15324,233,0,15091,14891,935764,308,2,0,306,433
2020-07-17,US,Tennessee,Smith,212,2,0,36.25359775,-85.95411046,47159.0,1051.7438110829983,0.9433962264150944,210,205,2,0,203,202,19942,7,0,0,7,3
2020-07-17,US,Tennessee,Stewart,36,0,0,36.50235092,-87.83920548,47161.0,262.48632883703976,0.0,36,35,0,0,35,34,13561,1,0,0,1,1
2020-07-17,US,Tennessee,Sullivan,332,5,0,36.51240691,-82.30412917,47163.0,209.6647889458661,1.5060240963855422,327,305,5,0,300,290,157668,27,0,0,27,15
2020-07-17,US,Tennessee,Sumner,2344,57,0,36.46824103,-86.45917204,47165.0,1225.4094718296976,2.4317406143344704,2287,2264,57,0,2207,2189,187149,80,0,0,80,75
2020-07-17,US,Tennessee,Tipton,780,8,0,35.501942,-89.73694895,47167.0,1266.2543223104271,1.0256410256410255,772,763,7,0,756,740,61581,17,1,0,16,23
2020-07-17,US,Tennessee,Trousdale,1539,6,0,36.39026213,-86.16087954,47169.0,13638.780574264443,0.3898635477582846,1533,1528,6,0,1522,1516,11012,11,0,0,11,12
2020-07-17,US,Tennessee,Unassigned,1145,1,0,0.0,0.0,90047.0,0.0,0.08733624454148471,1144,1057,0,0,1057,1055,,88,1,0,87,2
2020-07-17,US,Tennessee,Unicoi,67,0,0,36.10890856,-82.43709629,47171.0,374.6574959458704,0.0,67,63,0,0,63,61,17761,4,0,0,4,2
2020-07-17,US,Tennessee,Union,40,0,0,36.28590426,-83.83651902,47173.0,200.2803925495694,0.0,40,32,0,0,32,31,19688,8,0,0,8,1
2020-07-17,US,Tennessee,Van Buren,14,0,0,35.69864497,-85.45221699,47175.0,238.4196185286104,0.0,14,14,0,0,14,14,5765,0,0,0,0,0
2020-07-17,US,Tennessee,Warren,208,2,0,35.672829899999996,-85.77969117,47177.0,503.9125905467936,0.9615384615384616,206,189,1,0,188,183,40878,19,1,0,18,6
2020-07-17,US,Tennessee,Washington,358,0,0,36.29472368,-82.49454720000001,47179.0,276.71497584541055,0.0,358,336,0,0,336,321,128607,22,0,0,22,15
2020-07-17,US,Tennessee,Wayne,141,0,0,35.23868267,-87.78644456,47181.0,845.6786421159959,0.0,141,135,0,0,135,130,16558,6,0,0,6,5
2020-07-17,US,Tennessee,Weakley,99,1,0,36.29896232,-88.71990865,47183.0,297.0475276044167,1.0101010101010102,98,94,1,0,93,87,33415,5,0,0,5,7
2020-07-17,US,Tennessee,White,117,3,0,35.92929884,-85.45591799,47185.0,427.8661546900713,2.5641025641025643,114,117,3,0,114,116,27107,0,0,0,0,1
2020-07-17,US,Tennessee,Williamson,2309,18,0,35.89099229,-86.89281867,47187.0,968.4915188832775,0.779558250324816,2291,2217,18,0,2199,2119,231729,92,0,0,92,98
2020-07-17,US,Tennessee,Wilson,1457,18,0,36.15496772,-86.29775884,47189.0,1007.2101592041864,1.2354152367879203,1439,1412,18,0,1394,1338,140625,45,0,0,45,74
2020-07-17,US,Texas,Anderson,2003,4,0,31.81534745,-95.65354823,48001.0,3469.2993851216775,0.19970044932601094,1999,1956,4,0,1952,1944,58057,47,0,0,47,12
2020-07-17,US,Texas,Andrews,181,2,0,32.30468633,-102.63765479999999,48003.0,967.6557070302057,1.1049723756906078,179,176,2,0,174,174,18128,5,0,0,5,2
2020-07-17,US,Texas,Angelina,1000,12,0,31.25457347,-94.60901487,48005.0,1153.203021391916,1.2,988,940,12,0,928,834,87092,60,0,0,60,106
2020-07-17,US,Texas,Aransas,81,0,0,28.10556197,-96.9995047,48007.0,344.5342407486176,0.0,81,75,0,0,75,65,23792,6,0,0,6,10
2020-07-17,US,Texas,Archer,12,0,0,33.61569967,-98.68754589,48009.0,140.3016485443704,0.0,12,12,0,0,12,12,8786,0,0,0,0,0
2020-07-17,US,Texas,Armstrong,3,0,0,34.96507426,-101.35748740000001,48011.0,158.9825119236884,0.0,3,3,0,0,3,3,1892,0,0,0,0,0
2020-07-17,US,Texas,Atascosa,300,2,0,28.89333001,-98.52730485,48013.0,586.4758665180927,0.6666666666666666,298,292,2,0,290,289,50310,8,0,0,8,3
2020-07-17,US,Texas,Austin,150,0,0,29.88548725,-96.27736949,48015.0,499.46723494938726,0.0,150,144,0,0,144,141,29989,6,0,0,6,3
2020-07-17,US,Texas,Bailey,119,1,0,34.06854817,-102.8299707,48017.0,1700.0,0.8403361344537815,118,117,1,0,116,112,7027,2,0,0,2,5
2020-07-17,US,Texas,Bandera,47,0,0,29.74619598,-99.24598147,48019.0,203.35756317064727,0.0,47,47,0,0,47,46,22824,0,0,0,0,1
2020-07-17,US,Texas,Bastrop,952,12,0,30.10370699,-97.31206354,48021.0,1073.0024908986397,1.2605042016806722,940,878,12,0,866,862,86976,74,0,0,74,16
2020-07-17,US,Texas,Baylor,1,0,0,33.61640794,-99.21352901,48023.0,28.498147620404676,0.0,1,1,0,0,1,1,3582,0,0,0,0,0
2020-07-17,US,Texas,Bee,188,1,0,28.41761668,-97.74215593,48025.0,577.3069246123139,0.5319148936170213,187,176,0,0,176,173,32587,12,1,0,11,3
2020-07-17,US,Texas,Bell,2567,15,0,31.03736027,-97.4785025,48027.0,707.3106215075333,0.5843396961433579,2552,2481,15,0,2466,2396,355642,86,0,0,86,85
2020-07-17,US,Texas,Bexar,27525,240,0,29.44928723,-98.52019748,48029.0,1373.8087418657044,0.8719346049046321,27285,27047,229,0,26818,21067,1986049,478,11,0,467,5980
2020-07-17,US,Texas,Blanco,68,1,0,30.26640707,-98.3999852,48031.0,569.9438437683345,1.4705882352941178,67,67,1,0,66,57,11702,1,0,0,1,10
2020-07-17,US,Texas,Bosque,56,0,0,31.89978581,-97.63613524,48035.0,299.7056462402997,0.0,56,46,0,0,46,43,18691,10,0,0,10,3
2020-07-17,US,Texas,Bowie,567,16,0,33.44626922,-94.41834132,48037.0,608.0755000268111,2.8218694885361546,551,558,16,0,542,536,94324,9,0,0,9,22
2020-07-17,US,Texas,Brazoria,4359,29,0,29.18757369,-95.44563172,48039.0,1164.685890173781,0.6652902041752695,4330,4190,28,0,4162,3988,370200,169,1,0,168,202
2020-07-17,US,Texas,Brazos,3253,38,0,30.663644800000004,-96.30205577,48041.0,1419.2163552360053,1.168152474638795,3215,3200,36,0,3164,3120,226758,53,2,0,51,80
2020-07-17,US,Texas,Brewster,160,1,0,29.81008251,-103.25203259999999,48043.0,1738.563511898294,0.625,159,160,1,0,159,159,9267,0,0,0,0,1
2020-07-17,US,Texas,Briscoe,9,1,0,34.53026962,-101.2084947,48045.0,582.1474773609315,11.111111111111109,8,9,1,0,8,9,1516,0,0,0,0,0
2020-07-17,US,Texas,Brooks,53,0,0,27.03103197,-98.21808402,48047.0,747.2155646411957,0.0,53,53,0,0,53,45,7114,0,0,0,0,8
2020-07-17,US,Texas,Brown,269,13,0,31.77430356,-98.99907113,48049.0,710.4373547432917,4.83271375464684,256,248,13,0,235,240,37924,21,0,0,21,8
2020-07-17,US,Texas,Burleson,182,0,0,30.49273808,-96.62158484,48051.0,986.8242693704927,0.0,182,160,0,0,160,156,18389,22,0,0,22,4
2020-07-17,US,Texas,Burnet,320,6,0,30.78801353,-98.181887,48053.0,664.5208181912574,1.875,314,287,5,0,282,278,47542,33,1,0,32,9
2020-07-17,US,Texas,Caldwell,820,5,0,29.83668859,-97.61814775,48055.0,1877.977281055332,0.6097560975609756,815,772,5,0,767,749,43247,48,0,0,48,23
2020-07-17,US,Texas,Calhoun,190,3,0,28.47048236,-96.61633945,48057.0,892.4377642085486,1.5789473684210529,187,183,3,0,180,177,21561,7,0,0,7,6
2020-07-17,US,Texas,Callahan,31,2,0,32.29760619,-99.37326312,48059.0,222.333787563652,6.451612903225807,29,30,2,0,28,28,13994,1,0,0,1,2
2020-07-17,US,Texas,Cameron,5240,89,0,26.14524221,-97.48140372,48061.0,1238.29351810059,1.6984732824427482,5151,4905,79,0,4826,4590,423908,335,10,0,325,315
2020-07-17,US,Texas,Camp,162,2,0,32.97195142,-94.97790104,48063.0,1237.20788147243,1.2345679012345678,160,152,2,0,150,144,13033,10,0,0,10,8
2020-07-17,US,Texas,Carson,10,0,0,35.40365929,-101.35426690000001,48065.0,168.74789065136684,0.0,10,10,0,0,10,10,6005,0,0,0,0,0
2020-07-17,US,Texas,Cass,80,3,0,33.07499881,-94.34646905,48067.0,266.435755678412,3.75,77,75,3,0,72,72,30119,5,0,0,5,3
2020-07-17,US,Texas,Castro,138,1,0,34.53016752,-102.2617243,48069.0,1832.6693227091635,0.7246376811594203,137,135,1,0,134,130,7665,3,0,0,3,5
2020-07-17,US,Texas,Chambers,655,5,0,29.70972016,-94.67154501,48071.0,1494.171590209184,0.7633587786259542,650,635,5,0,630,618,42454,20,0,0,20,17
2020-07-17,US,Texas,Cherokee,467,2,0,31.837258000000002,-95.16559897,48073.0,887.0569463966873,0.4282655246252677,465,439,2,0,437,417,52592,28,0,0,28,22
2020-07-17,US,Texas,Childress,7,0,0,34.529304100000004,-100.2077916,48075.0,95.81166164796059,0.0,7,8,0,0,8,7,7291,-1,0,0,-1,1
2020-07-17,US,Texas,Clay,20,0,0,33.78686685,-98.20771198,48077.0,191.00372457262915,0.0,20,19,0,0,19,19,10456,1,0,0,1,0
2020-07-17,US,Texas,Cochran,8,0,0,33.60425307,-102.82844990000001,48079.0,280.4065895548545,0.0,8,8,0,0,8,8,2836,0,0,0,0,0
2020-07-17,US,Texas,Coke,9,1,0,31.88911733,-100.5297533,48081.0,265.72187776793623,11.111111111111109,8,6,1,0,5,5,3370,3,0,0,3,1
2020-07-17,US,Texas,Coleman,7,0,0,31.76736834,-99.45240766,48083.0,85.62691131498471,0.0,7,5,0,0,5,5,8397,2,0,0,2,0
2020-07-17,US,Texas,Collin,5079,64,0,33.18820114,-96.57264368,48085.0,490.8526862079962,1.2600905690096476,5015,4934,62,0,4872,4800,1005146,145,2,0,143,134
2020-07-17,US,Texas,Collingsworth,6,0,0,34.96489496,-100.27001109999999,48087.0,205.4794520547945,0.0,6,6,0,0,6,6,2962,0,0,0,0,0
2020-07-17,US,Texas,Colorado,184,0,0,29.622097999999998,-96.5273805,48089.0,856.0926813381102,0.0,184,181,0,0,181,182,21217,3,0,0,3,-1
2020-07-17,US,Texas,Comal,1197,35,0,29.80811278,-98.27647225,48091.0,766.2810721533333,2.9239766081871346,1162,1117,30,0,1087,1077,148373,80,5,0,75,40
2020-07-17,US,Texas,Comanche,157,2,0,31.94854689,-98.55876441,48093.0,1151.4484781811514,1.2738853503184713,155,142,2,0,140,134,13534,15,0,0,15,8
2020-07-17,US,Texas,Concho,17,0,0,31.32635934,-99.86473038,48095.0,623.6243580337491,0.0,17,17,0,0,17,15,4276,0,0,0,0,2
2020-07-17,US,Texas,Cooke,120,0,0,33.63979567,-97.21240912,48097.0,290.85973289381195,0.0,120,107,0,0,107,100,40574,13,0,0,13,7
2020-07-17,US,Texas,Coryell,426,3,0,31.39078397,-97.79936155,48099.0,560.8879409092705,0.7042253521126759,423,422,3,0,419,418,74808,4,0,0,4,4
2020-07-17,US,Texas,Cottle,5,1,0,34.07783319,-100.27850620000001,48101.0,357.653791130186,20.0,4,5,1,0,4,4,1389,0,0,0,0,1
2020-07-17,US,Texas,Crane,65,10,0,31.43052248,-102.5143314,48103.0,1355.0135501355016,15.384615384615385,55,64,10,0,54,64,4794,1,0,0,1,0
2020-07-17,US,Texas,Crockett,84,1,0,30.72367027,-101.4134238,48105.0,2424.9422632794463,1.1904761904761905,83,71,1,0,70,41,3499,13,0,0,13,30
2020-07-17,US,Texas,Crosby,35,2,0,33.61431553,-101.30003640000001,48107.0,610.0749520655395,5.7142857142857135,33,35,2,0,33,35,5779,0,0,0,0,0
2020-07-17,US,Texas,Culberson,11,1,0,31.44506775,-104.5185739,48109.0,506.67894979272216,9.090909090909092,10,8,1,0,7,7,2204,3,0,0,3,1
2020-07-17,US,Texas,Dallam,135,1,0,36.27787176,-102.60207249999999,48111.0,1852.6142445450805,0.7407407407407407,134,134,1,0,133,129,7200,1,0,0,1,5
2020-07-17,US,Texas,Dallas,39191,514,0,32.76670599,-96.77796049999999,48113.0,1487.0332792515774,1.3115256053685795,38677,36969,485,0,36484,35914,2637772,2222,29,0,2193,1055
2020-07-17,US,Texas,Dawson,105,1,0,32.74255572,-101.94772420000001,48115.0,824.9528598365808,0.9523809523809524,104,98,1,0,97,94,12619,7,0,0,7,4
2020-07-17,US,Texas,DeWitt,281,3,0,29.08101855,-97.35681170000001,48123.0,1393.8492063492065,1.0676156583629892,278,188,3,0,185,188,20187,93,0,0,93,0
2020-07-17,US,Texas,Deaf Smith,432,17,0,34.96522957,-102.6054267,48117.0,2329.3432546101585,3.935185185185185,415,431,17,0,414,424,18760,1,0,0,1,7
2020-07-17,US,Texas,Delta,9,0,0,33.38570922,-95.66921122,48119.0,168.82386043894203,0.0,9,9,0,0,9,9,5349,0,0,0,0,0
2020-07-17,US,Texas,Denton,4605,41,0,33.20521901,-97.11691153,48121.0,519.0445972585878,0.8903365906623235,4564,4467,41,0,4426,4316,859064,138,0,0,138,151
2020-07-17,US,Texas,Dickens,4,0,0,33.61616822,-100.7788855,48125.0,180.91361374943463,0.0,4,4,0,0,4,2,2249,0,0,0,0,2
2020-07-17,US,Texas,Dimmit,49,0,0,28.42270064,-99.75645095,48127.0,483.9984195969972,0.0,49,40,0,0,40,39,10308,9,0,0,9,1
2020-07-17,US,Texas,Donley,34,0,0,34.96517499,-100.8140093,48129.0,1037.2178157413057,0.0,34,34,0,0,34,33,3319,0,0,0,0,1
2020-07-17,US,Texas,Duval,97,0,0,27.68184592,-98.50864568,48131.0,869.4093394281617,0.0,97,94,0,0,94,89,11212,3,0,0,3,5
2020-07-17,US,Texas,Eastland,23,0,0,32.32743996,-98.83243566,48133.0,125.27233115468408,0.0,23,21,0,0,21,20,18322,2,0,0,2,1
2020-07-17,US,Texas,Ector,1511,22,0,31.86898877,-102.54294279999999,48135.0,909.0198107361797,1.455989410986102,1489,1511,22,0,1489,1370,162124,0,0,0,0,141
2020-07-17,US,Texas,Edwards,13,0,0,29.98202582,-100.304252,48137.0,672.8778467908903,0.0,13,11,0,0,11,10,1928,2,0,0,2,1
2020-07-17,US,Texas,El Paso,10843,177,0,31.76980765,-106.23632749999999,48141.0,1292.0053667731918,1.6323895600848473,10666,10638,173,0,10465,10298,840758,205,4,0,201,340
2020-07-17,US,Texas,Ellis,1957,21,0,32.34894117,-96.79371841,48139.0,1058.833713871425,1.0730710270822688,1936,1837,21,0,1816,1811,179436,120,0,0,120,26
2020-07-17,US,Texas,Erath,325,1,0,32.23602653,-98.21773417,48143.0,761.1597732914888,0.3076923076923077,324,309,1,0,308,303,42446,16,0,0,16,6
2020-07-17,US,Texas,Falls,66,0,0,31.25350609,-96.93630086,48145.0,381.5690582181881,0.0,66,60,0,0,60,57,17335,6,0,0,6,3
2020-07-17,US,Texas,Fannin,165,8,0,33.59564294,-96.10751083,48147.0,464.6055076871093,4.848484848484849,157,153,8,0,145,150,35286,12,0,0,12,3
2020-07-17,US,Texas,Fayette,206,4,0,29.87788372,-96.92076062,48149.0,812.7515189773534,1.9417475728155342,202,197,4,0,193,179,25349,9,0,0,9,18
2020-07-17,US,Texas,Fisher,16,1,0,32.74281316,-100.40193020000001,48151.0,417.75456919060053,6.25,15,16,1,0,15,16,3839,0,0,0,0,0
2020-07-17,US,Texas,Floyd,60,3,0,34.07227468,-101.3031546,48153.0,1050.420168067227,5.0,57,61,3,0,58,61,5837,-1,0,0,-1,0
2020-07-17,US,Texas,Foard,1,0,0,33.97308618,-99.7767797,48155.0,86.5800865800866,0.0,1,1,0,0,1,1,1200,0,0,0,0,0
2020-07-17,US,Texas,Fort Bend,5371,69,0,29.52704478,-95.77219463,48157.0,661.7074540956622,1.2846769689070936,5302,5284,67,0,5217,5211,787858,87,2,0,85,73
2020-07-17,US,Texas,Franklin,67,1,0,33.17653242,-95.21917243,48159.0,624.7086247086247,1.492537313432836,66,65,1,0,64,61,10766,2,0,0,2,4
2020-07-17,US,Texas,Freestone,93,0,0,31.70422788,-96.15072516,48161.0,471.6741897854643,0.0,93,91,0,0,91,83,19808,2,0,0,2,8
2020-07-17,US,Texas,Frio,342,1,0,28.86751206,-99.10804207,48163.0,1684.2312616960505,0.29239766081871343,341,342,0,0,342,341,19816,0,1,0,-1,1
2020-07-17,US,Texas,Gaines,54,0,0,32.74055318,-102.6353295,48165.0,251.25628140703517,0.0,54,49,0,0,49,46,20901,5,0,0,5,3
2020-07-17,US,Texas,Galveston,6627,58,0,29.40167322,-94.90469073,48167.0,1936.932065622452,0.8752074845329711,6569,6452,58,0,6394,6307,337890,175,0,0,175,145
2020-07-17,US,Texas,Garza,58,1,0,33.17969345,-101.2984114,48169.0,931.128592069353,1.7241379310344829,57,58,1,0,57,39,6578,0,0,0,0,19
2020-07-17,US,Texas,Gillespie,80,0,0,30.31824095,-98.94676915,48171.0,296.428042092782,0.0,80,73,0,0,73,70,26804,7,0,0,7,3
2020-07-17,US,Texas,Glasscock,6,0,0,31.86942909,-101.5207776,48173.0,425.83392476934,0.0,6,6,0,0,6,6,1388,0,0,0,0,0
2020-07-17,US,Texas,Goliad,31,0,0,28.65696592,-97.42760647,48175.0,404.80543222773565,0.0,31,31,0,0,31,33,7584,0,0,0,0,-2
2020-07-17,US,Texas,Gonzales,421,4,0,29.45634206,-97.49424032,48177.0,2020.444401785286,0.9501187648456056,417,388,4,0,384,355,20826,33,0,0,33,33
2020-07-17,US,Texas,Gray,138,4,0,35.40081878,-100.8129222,48179.0,630.5400712784427,2.898550724637681,134,137,4,0,133,135,21895,1,0,0,1,2
2020-07-17,US,Texas,Grayson,824,7,0,33.62744998,-96.67753461,48181.0,604.9393592341349,0.8495145631067961,817,793,7,0,786,771,133991,31,0,0,31,22
2020-07-17,US,Texas,Gregg,950,15,0,32.47940482,-94.81591935,48183.0,766.4689983460406,1.5789473684210529,935,927,15,0,912,889,123707,23,0,0,23,38
2020-07-17,US,Texas,Grimes,702,2,0,30.54579585,-95.98902499,48185.0,2430.747922437673,0.2849002849002849,700,695,2,0,693,691,28360,7,0,0,7,4
2020-07-17,US,Texas,Guadalupe,1193,4,0,29.58165339,-97.94786822,48187.0,715.0263414984987,0.3352891869237217,1189,1169,4,0,1165,1115,163694,24,0,0,24,54
2020-07-17,US,Texas,Hale,871,19,0,34.07044901,-101.82681140000001,48189.0,2607.316051008801,2.1814006888633752,852,847,17,0,830,808,33830,24,2,0,22,39
2020-07-17,US,Texas,Hall,2,1,0,34.5307555,-100.68138520000001,48191.0,67.47638326585695,50.0,1,2,1,0,1,2,3028,0,0,0,0,0
2020-07-17,US,Texas,Hamilton,41,1,0,31.70470573,-98.11083887,48193.0,484.5762912185321,2.4390243902439024,40,39,1,0,38,39,8484,2,0,0,2,0
2020-07-17,US,Texas,Hansford,42,2,0,36.27743284,-101.3545796,48195.0,777.921837377292,4.761904761904762,40,42,2,0,40,40,5463,0,0,0,0,2
2020-07-17,US,Texas,Hardeman,6,0,0,34.28944521,-99.74632408,48197.0,152.55530129672007,0.0,6,6,0,0,6,6,3922,0,0,0,0,0
2020-07-17,US,Texas,Hardin,524,5,0,30.33364686,-94.38931817,48199.0,909.6906357418144,0.9541984732824428,519,488,5,0,483,488,57207,36,0,0,36,0
2020-07-17,US,Texas,Harris,53535,527,0,29.86,-95.39,48201.0,1135.8223759235784,0.9844027271878212,53008,51959,509,0,51450,50362,4698619,1576,18,0,1558,1597
2020-07-17,US,Texas,Harrison,497,31,0,32.54935988,-94.36934071,48203.0,746.7732483885025,6.237424547283702,466,487,31,0,456,458,66726,10,0,0,10,29
2020-07-17,US,Texas,Hartley,61,2,0,35.84008013,-102.6029022,48205.0,1093.974175035868,3.278688524590164,59,59,2,0,57,61,5619,2,0,0,2,-2
2020-07-17,US,Texas,Haskell,32,0,0,33.17823584,-99.73037358,48207.0,565.5708731000352,0.0,32,19,0,0,19,17,5813,13,0,0,13,2
2020-07-17,US,Texas,Hays,3865,17,0,30.05669873,-98.02944344,48209.0,1679.0404490184244,0.4398447606727037,3848,3816,14,0,3802,3769,222631,49,3,0,46,47
2020-07-17,US,Texas,Hemphill,22,0,0,35.83764858,-100.2703577,48211.0,576.0670332547787,0.0,22,22,0,0,22,22,3825,0,0,0,0,0
2020-07-17,US,Texas,Henderson,366,5,0,32.21128872,-95.85846587,48213.0,442.3655680046412,1.3661202185792352,361,341,5,0,336,335,82299,25,0,0,25,6
2020-07-17,US,Texas,Hidalgo,10492,240,0,26.39418217,-98.18299696,48215.0,1207.7720105858475,2.2874571101791843,10252,9244,218,0,9026,8593,865939,1248,22,0,1226,651
2020-07-17,US,Texas,Hill,194,2,0,31.99045053,-97.13423143,48217.0,529.3459575977516,1.0309278350515465,192,182,2,0,180,177,36354,12,0,0,12,5
2020-07-17,US,Texas,Hockley,121,3,0,33.60771256,-102.3431676,48219.0,525.6070544285652,2.479338842975207,118,116,3,0,113,111,22980,5,0,0,5,5
2020-07-17,US,Texas,Hood,241,5,0,32.42990927,-97.83242024,48221.0,390.9608552471489,2.074688796680498,236,223,5,0,218,218,60537,18,0,0,18,5
2020-07-17,US,Texas,Hopkins,119,1,0,33.14875072,-95.56351139,48223.0,320.89310753963974,0.8403361344537815,118,115,1,0,114,99,36810,4,0,0,4,16
2020-07-17,US,Texas,Houston,201,0,0,31.31925973,-95.42226208,48225.0,875.1306165099269,0.0,201,195,0,0,195,192,23169,6,0,0,6,3
2020-07-17,US,Texas,Howard,85,1,0,32.30621324,-101.4356444,48227.0,231.83504254854896,1.1764705882352942,84,80,1,0,79,76,36459,5,0,0,5,4
2020-07-17,US,Texas,Hudspeth,18,0,0,31.45628381,-105.388178,48229.0,368.3995088006549,0.0,18,18,0,0,18,18,4795,0,0,0,0,0
2020-07-17,US,Texas,Hunt,799,8,0,33.12351514,-96.08551032,48231.0,810.3941416313365,1.0012515644555695,791,782,8,0,774,768,96493,17,0,0,17,14
2020-07-17,US,Texas,Hutchinson,87,1,0,35.84006574,-101.3546643,48233.0,415.51246537396116,1.1494252873563218,86,86,0,0,86,84,21198,1,1,0,0,2
2020-07-17,US,Texas,Irion,4,0,0,31.30375559,-100.982439,48235.0,260.4166666666667,0.0,4,4,0,0,4,3,1522,0,0,0,0,1
2020-07-17,US,Texas,Jack,14,0,0,33.23377248,-98.17283469,48237.0,156.6871852266368,0.0,14,13,0,0,13,13,8843,1,0,0,1,0
2020-07-17,US,Texas,Jackson,130,1,0,28.95472367,-96.57749563,48239.0,880.7588075880759,0.7692307692307693,129,121,1,0,120,97,14874,9,0,0,9,24
2020-07-17,US,Texas,Jasper,91,1,0,30.74685667,-94.02667579,48241.0,256.12879619465787,1.0989010989010992,90,91,1,0,90,88,35872,0,0,0,0,3
2020-07-17,US,Texas,Jeff Davis,6,0,0,30.71490589,-104.1399973,48243.0,263.8522427440633,0.0,6,6,0,0,6,6,2252,0,0,0,0,0
2020-07-17,US,Texas,Jefferson,4148,47,0,29.8832777,-94.16434171,48245.0,1648.8780235724366,1.133076181292189,4101,4031,44,0,3987,3868,255001,117,3,0,114,163
2020-07-17,US,Texas,Jim Hogg,42,0,0,27.04453923,-98.69681870000001,48247.0,807.6923076923077,0.0,42,42,0,0,42,41,5248,0,0,0,0,1
2020-07-17,US,Texas,Jim Wells,387,0,0,27.73103938,-98.0904705,48249.0,955.980435749222,0.0,387,372,0,0,372,350,40822,15,0,0,15,22
2020-07-17,US,Texas,Johnson,950,6,0,32.37877812,-97.36615819,48251.0,540.3345524039199,0.631578947368421,944,918,5,0,913,932,171361,32,1,0,31,-14
2020-07-17,US,Texas,Jones,639,0,0,32.73997145,-99.87861576,48253.0,3181.7955484738336,0.0,639,608,0,0,608,609,19817,31,0,0,31,-1
2020-07-17,US,Texas,Karnes,97,0,0,28.90705334,-97.85960149,48255.0,621.7550157041214,0.0,97,92,0,0,92,90,15650,5,0,0,5,2
2020-07-17,US,Texas,Kaufman,1208,5,0,32.599141700000004,-96.28734728,48257.0,887.2306358975868,0.4139072847682119,1203,1138,5,0,1133,1109,128622,70,0,0,70,29
2020-07-17,US,Texas,Kendall,108,0,0,29.94414155,-98.7113588,48259.0,227.6991840779237,0.0,108,108,0,0,108,106,45641,0,0,0,0,2
2020-07-17,US,Texas,Kenedy,3,0,0,26.92601662,-97.66413984,48261.0,742.5742574257425,0.0,3,3,0,0,3,3,442,0,0,0,0,0
2020-07-17,US,Texas,Kent,1,0,0,33.18104136,-100.7780939,48263.0,131.23359580052494,0.0,1,1,0,0,1,1,726,0,0,0,0,0
2020-07-17,US,Texas,Kerr,225,1,0,30.06040006,-99.34930144,48265.0,427.7566539923954,0.4444444444444444,224,224,1,0,223,193,52405,1,0,0,1,31
2020-07-17,US,Texas,Kimble,9,0,0,30.48678918,-99.74856473,48267.0,207.51671662439475,0.0,9,9,0,0,9,9,4362,0,0,0,0,0
2020-07-17,US,Texas,Kinney,4,0,0,29.34967888,-100.41866379999999,48271.0,109.080992637033,0.0,4,4,0,0,4,3,3767,0,0,0,0,1
2020-07-17,US,Texas,Kleberg,247,1,0,27.42435506,-97.69894948,48273.0,805.0847457627119,0.4048582995951417,246,232,1,0,231,197,31129,15,0,0,15,35
2020-07-17,US,Texas,Knox,14,0,0,33.60519951,-99.74229059999999,48275.0,382.09606986899564,0.0,14,12,0,0,12,11,3653,2,0,0,2,1
2020-07-17,US,Texas,La Salle,93,0,0,28.34453111,-99.09908775,48283.0,1236.7021276595744,0.0,93,91,0,0,91,87,7531,2,0,0,2,4
2020-07-17,US,Texas,Lamar,455,15,0,33.66981763,-95.57404777,48277.0,912.5734571491606,3.2967032967032965,440,418,14,0,404,418,49728,37,1,0,36,0
2020-07-17,US,Texas,Lamb,110,1,0,34.06859623,-102.35162890000001,48279.0,853.1761420926082,0.9090909090909092,109,102,1,0,101,92,13158,8,0,0,8,10
2020-07-17,US,Texas,Lampasas,45,0,0,31.19531316,-98.24206613,48281.0,210.0056001493373,0.0,45,44,0,0,44,44,21229,1,0,0,1,0
2020-07-17,US,Texas,Lavaca,367,1,0,29.38508402,-96.93186692,48285.0,1820.978465813238,0.2724795640326976,366,363,1,0,362,351,20110,4,0,0,4,12
2020-07-17,US,Texas,Lee,117,3,0,30.31120597,-96.97045773,48287.0,678.693659725042,2.5641025641025643,114,108,3,0,105,103,17144,9,0,0,9,5
2020-07-17,US,Texas,Leon,116,0,0,31.29872538,-95.9936328,48289.0,666.5134451850149,0.0,116,107,0,0,107,104,17270,9,0,0,9,3
2020-07-17,US,Texas,Liberty,606,3,0,30.15152688,-94.81205615,48291.0,686.9268524920935,0.4950495049504951,603,596,3,0,593,577,86323,10,0,0,10,19
2020-07-17,US,Texas,Limestone,114,1,0,31.5454767,-96.58095444,48293.0,486.4103767547042,0.8771929824561403,113,110,1,0,109,110,23519,4,0,0,4,0
2020-07-17,US,Texas,Lipscomb,12,0,0,36.27783108,-100.27331509999999,48295.0,371.17228580266,0.0,12,12,0,0,12,12,3355,0,0,0,0,0
2020-07-17,US,Texas,Live Oak,91,1,0,28.35101362,-98.1246786,48297.0,745.4739084132055,1.0989010989010992,90,85,0,0,85,85,12166,6,1,0,5,0
2020-07-17,US,Texas,Llano,57,0,0,30.70645047,-98.68475262,48299.0,261.5278733654509,0.0,57,53,0,0,53,53,21646,4,0,0,4,0
2020-07-17,US,Texas,Lubbock,4209,65,0,33.61008596,-101.82047890000001,48303.0,1355.254387913797,1.5443098123069612,4144,4063,64,0,3999,3823,307412,146,1,0,145,240
2020-07-17,US,Texas,Lynn,55,3,0,33.17657705,-101.8162849,48305.0,924.2144177449167,5.454545454545454,52,55,2,0,53,55,5877,0,1,0,-1,0
2020-07-17,US,Texas,Madison,175,0,0,30.96694679,-95.93003775,48313.0,1225.1470176421174,0.0,175,163,0,0,163,158,14422,12,0,0,12,5
2020-07-17,US,Texas,Marion,68,2,0,32.79868409,-94.35661230000001,48315.0,690.0750964075502,2.9411764705882355,66,67,2,0,65,64,9928,1,0,0,1,3
2020-07-17,US,Texas,Martin,31,1,0,32.30600051,-101.9513518,48317.0,537.1686016288338,3.2258064516129035,30,28,1,0,27,28,5753,3,0,0,3,0
2020-07-17,US,Texas,Mason,38,0,0,30.71780434,-99.22629416,48319.0,889.0968647636874,0.0,38,38,0,0,38,36,4280,0,0,0,0,2
2020-07-17,US,Texas,Matagorda,422,5,0,28.81955746,-96.01230294,48321.0,1151.6524302049506,1.1848341232227488,417,399,5,0,394,392,36552,23,0,0,23,7
2020-07-17,US,Texas,Maverick,939,13,0,28.7429195,-100.3157686,48323.0,1599.0599775212015,1.384451544195953,926,892,13,0,879,874,58485,47,0,0,47,18
2020-07-17,US,Texas,McCulloch,30,0,0,31.1925468,-99.34682807,48307.0,375.75150300601194,0.0,30,29,0,0,29,25,7987,1,0,0,1,4
2020-07-17,US,Texas,McLennan,3096,20,0,31.55255453,-97.20217694,48309.0,1206.4390175471412,0.6459948320413437,3076,3005,19,0,2986,2920,254607,91,1,0,90,85
2020-07-17,US,Texas,McMullen,1,0,0,28.35251708,-98.56769164,48311.0,134.5895020188425,0.0,1,1,0,0,1,1,749,0,0,0,0,0
2020-07-17,US,Texas,Medina,419,3,0,29.355730100000002,-99.11030298,48325.0,812.2673697270471,0.7159904534606205,416,419,3,0,416,419,50921,0,0,0,0,0
2020-07-17,US,Texas,Menard,15,0,0,30.88990665,-99.82047940000001,48327.0,701.5902712815715,0.0,15,15,0,0,15,14,2139,0,0,0,0,1
2020-07-17,US,Texas,Midland,1339,25,0,31.86904128,-102.03156820000001,48329.0,757.2158885269635,1.8670649738610905,1314,1298,24,0,1274,1266,172578,41,1,0,40,32
2020-07-17,US,Texas,Milam,203,2,0,30.78581830000001,-96.97718698,48331.0,817.7899528662932,0.9852216748768472,201,191,2,0,189,187,25131,12,0,0,12,4
2020-07-17,US,Texas,Mills,7,0,0,31.49557106,-98.59272068,48333.0,143.64867638005336,0.0,7,7,0,0,7,7,4921,0,0,0,0,0
2020-07-17,US,Texas,Mitchell,27,0,0,32.30623474,-100.9212058,48335.0,315.9742539496782,0.0,27,27,0,0,27,27,8145,0,0,0,0,0
2020-07-17,US,Texas,Montague,33,1,0,33.67521893,-97.72500958,48337.0,166.51528913109294,3.0303030303030303,32,32,1,0,31,32,19596,1,0,0,1,0
2020-07-17,US,Texas,Montgomery,4721,46,0,30.30079133,-95.50572772,48339.0,777.2588003444237,0.974369836898962,4675,4501,46,0,4455,4324,590925,220,0,0,220,177
2020-07-17,US,Texas,Moore,927,15,0,35.83769242,-101.8930281,48341.0,4426.934097421205,1.6181229773462784,912,924,15,0,909,921,21485,3,0,0,3,3
2020-07-17,US,Texas,Morris,61,0,0,33.11304005,-94.73255695,48343.0,492.4120116241524,0.0,61,55,0,0,55,54,12339,6,0,0,6,1
2020-07-17,US,Texas,Motley,2,0,0,34.07408766,-100.77972199999999,48345.0,166.66666666666666,0.0,2,2,0,0,2,2,1234,0,0,0,0,0
2020-07-17,US,Texas,Nacogdoches,647,33,0,31.62017125,-94.61803994,48347.0,992.2704128581067,5.1004636785162285,614,639,33,0,606,633,65711,8,0,0,8,6
2020-07-17,US,Texas,Navarro,536,8,0,32.04620681,-96.47428766,48349.0,1069.5827430008183,1.492537313432836,528,512,8,0,504,486,49565,24,0,0,24,26
2020-07-17,US,Texas,Newton,27,0,0,30.78548982,-93.74408813,48351.0,198.6024273630011,0.0,27,27,0,0,27,26,13746,0,0,0,0,1
2020-07-17,US,Texas,Nolan,76,0,0,32.30365282,-100.4060208,48353.0,516.5148837841512,0.0,76,76,0,0,76,71,14751,0,0,0,0,5
2020-07-17,US,Texas,Nueces,8171,82,0,27.736286,-97.5433285,48355.0,2255.350626838976,1.00354913719251,8089,7861,75,0,7786,7532,362265,310,7,0,303,329
2020-07-17,US,Texas,Ochiltree,62,2,0,36.27829105,-100.8158184,48357.0,630.3375355835708,3.2258064516129035,60,62,2,0,60,62,9947,0,0,0,0,0
2020-07-17,US,Texas,Oldham,6,1,0,35.40425596,-102.6027606,48359.0,284.09090909090907,16.666666666666668,5,6,1,0,5,4,2131,0,0,0,0,2
2020-07-17,US,Texas,Orange,720,7,0,30.11879481,-93.89412775,48361.0,863.3507602283082,0.9722222222222222,713,498,5,0,493,498,83572,222,2,0,220,0
2020-07-17,US,Texas,Palo Pinto,83,2,0,32.75310985,-98.31319001,48363.0,284.35369488505944,2.409638554216868,81,81,2,0,79,79,28875,2,0,0,2,2
2020-07-17,US,Texas,Panola,238,24,0,32.163959600000005,-94.30552481,48365.0,1026.1274467534706,10.084033613445378,214,236,24,0,212,234,23148,2,0,0,2,2
2020-07-17,US,Texas,Parker,679,1,0,32.77757172,-97.80500621,48367.0,475.2306163300158,0.14727540500736375,678,667,1,0,666,665,138371,12,0,0,12,2
2020-07-17,US,Texas,Parmer,252,8,0,34.52993409,-102.78446679999999,48369.0,2623.6335242061427,3.1746031746031744,244,242,8,0,234,236,9864,10,0,0,10,6
2020-07-17,US,Texas,Pecos,164,1,0,30.78097267,-102.72412609999999,48371.0,1036.4659040637048,0.6097560975609756,163,153,1,0,152,151,15673,11,0,0,11,2
2020-07-17,US,Texas,Polk,414,1,0,30.79472531,-94.82766240000001,48373.0,806.1846435456546,0.24154589371980675,413,401,1,0,400,380,50031,13,0,0,13,21
2020-07-17,US,Texas,Potter,3119,39,0,35.40133773,-101.893964,48375.0,2656.3897287399395,1.2504007694773966,3080,3100,39,0,3061,3081,119648,19,0,0,19,19
2020-07-17,US,Texas,Presidio,28,0,0,29.99954402,-104.24080790000001,48377.0,417.6610978520287,0.0,28,28,0,0,28,28,6948,0,0,0,0,0
2020-07-17,US,Texas,Rains,23,1,0,32.87109387,-95.79232691,48379.0,183.79415055138244,4.3478260869565215,22,21,1,0,20,21,12159,2,0,0,2,0
2020-07-17,US,Texas,Randall,1208,7,0,34.96585996,-101.8971322,48381.0,877.1866127380858,0.5794701986754967,1201,1166,7,0,1159,1133,136271,42,0,0,42,33
2020-07-17,US,Texas,Reagan,46,0,0,31.36607041,-101.52326590000001,48383.0,1195.1156144453105,0.0,46,42,0,0,42,39,3741,4,0,0,4,3
2020-07-17,US,Texas,Real,8,0,0,29.83321503,-99.82018052,48385.0,231.74971031286208,0.0,8,6,0,0,6,6,3478,2,0,0,2,0
2020-07-17,US,Texas,Red River,129,12,0,33.61886692,-95.04841765,48387.0,1072.9435249105882,9.30232558139535,117,129,12,0,117,123,12175,0,0,0,0,6
2020-07-17,US,Texas,Reeves,88,2,0,31.32323325,-103.69038959999999,48389.0,550.8262393590386,2.272727272727273,86,84,2,0,82,82,15695,4,0,0,4,2
2020-07-17,US,Texas,Refugio,68,0,0,28.323897600000002,-97.15766311,48391.0,978.6989061600459,0.0,68,67,0,0,67,56,7032,1,0,0,1,11
2020-07-17,US,Texas,Roberts,6,0,0,35.83809685,-100.813175,48393.0,702.5761124121782,0.0,6,6,0,0,6,6,903,0,0,0,0,0
2020-07-17,US,Texas,Robertson,143,0,0,31.02539637,-96.51272246,48395.0,837.5307485065011,0.0,143,125,0,0,125,124,17284,18,0,0,18,1
2020-07-17,US,Texas,Rockwall,531,17,0,32.89779518,-96.40771592,48397.0,506.12400514702387,3.2015065913371004,514,505,17,0,488,505,100657,26,0,0,26,0
2020-07-17,US,Texas,Runnels,33,0,0,31.8314342,-99.97616148,48399.0,321.51208106001565,0.0,33,31,0,0,31,28,10234,2,0,0,2,3
2020-07-17,US,Texas,Rusk,269,3,0,32.10773545,-94.76176432,48401.0,494.4307613130904,1.1152416356877324,266,250,3,0,247,263,54450,19,0,0,19,-13
2020-07-17,US,Texas,Sabine,35,1,0,31.34318809,-93.85440451,48403.0,332.00531208499336,2.8571428571428568,34,34,1,0,33,34,10589,1,0,0,1,0
2020-07-17,US,Texas,San Augustine,139,12,0,31.39457611,-94.17000399,48405.0,1687.5075877139734,8.633093525179858,127,135,12,0,123,130,8232,4,0,0,4,5
2020-07-17,US,Texas,San Jacinto,124,2,0,30.57933681,-95.16260304,48407.0,429.675317925084,1.6129032258064515,122,121,2,0,119,109,28719,3,0,0,3,12
2020-07-17,US,Texas,San Patricio,364,0,0,28.00880118,-97.51763891,48409.0,545.4817922973175,0.0,364,364,0,0,364,352,66893,0,0,0,0,12
2020-07-17,US,Texas,San Saba,10,0,0,31.1577796,-98.81758731,48411.0,165.15276630883568,0.0,10,10,0,0,10,9,6054,0,0,0,0,1
2020-07-17,US,Texas,Schleicher,28,1,0,30.89740592,-100.5384842,48413.0,1002.5062656641603,3.571428571428572,27,26,1,0,25,25,2895,2,0,0,2,1
2020-07-17,US,Texas,Scurry,362,1,0,32.74613808,-100.91626640000001,48415.0,2167.2753397593247,0.27624309392265195,361,356,1,0,355,350,16866,6,0,0,6,6
2020-07-17,US,Texas,Shackelford,11,0,0,32.73587756,-99.35401337,48417.0,336.90658499234297,0.0,11,10,0,0,10,9,3253,1,0,0,1,1
2020-07-17,US,Texas,Shelby,319,14,0,31.79211404,-94.14550696,48419.0,1262.1666534778826,4.38871473354232,305,317,14,0,303,312,25418,2,0,0,2,5
2020-07-17,US,Texas,Sherman,33,0,0,36.27751473,-101.8933156,48421.0,1091.9920582395764,0.0,33,33,0,0,33,33,3079,0,0,0,0,0
2020-07-17,US,Texas,Smith,1717,10,0,32.37474036,-95.27175679999999,48423.0,737.6982268604646,0.5824111822946999,1707,1568,8,0,1560,1499,230221,149,2,0,147,69
2020-07-17,US,Texas,Somervell,35,0,0,32.22236802,-97.77403489,48425.0,383.4355828220858,0.0,35,33,0,0,33,30,9016,2,0,0,2,3
2020-07-17,US,Texas,Starr,1362,13,0,26.56150059,-98.73892358,48427.0,2107.2826574660003,0.9544787077826724,1349,1215,9,0,1206,1215,64525,147,4,0,143,0
2020-07-17,US,Texas,Stephens,18,0,0,32.73553157,-98.83631615,48429.0,192.18449711723247,0.0,18,18,0,0,18,17,9433,0,0,0,0,1
2020-07-17,US,Texas,Sterling,1,0,0,31.82781912,-101.05007459999999,48431.0,77.45933384972889,0.0,1,1,0,0,1,1,1311,0,0,0,0,0
2020-07-17,US,Texas,Sutton,36,0,0,30.49856623,-100.5382014,48435.0,953.3898305084746,0.0,36,26,0,0,26,26,3758,10,0,0,10,0
2020-07-17,US,Texas,Swisher,63,1,0,34.53028891,-101.73491740000001,48437.0,851.6966337704475,1.5873015873015872,62,62,1,0,61,60,7462,1,0,0,1,2
2020-07-17,US,Texas,Tarrant,20907,288,0,32.77143818,-97.29101614,48439.0,994.3805394967457,1.3775290572535517,20619,20433,283,0,20150,19014,2084931,474,5,0,469,1419
2020-07-17,US,Texas,Taylor,879,11,0,32.30163422,-99.89007449,48441.0,636.7996290768941,1.2514220705346986,868,835,11,0,824,815,137640,44,0,0,44,20
2020-07-17,US,Texas,Terrell,2,0,0,30.22429013,-102.0766732,48443.0,257.73195876288656,0.0,2,2,0,0,2,2,823,0,0,0,0,0
2020-07-17,US,Texas,Terry,60,0,0,33.17402785,-102.3354521,48445.0,486.34189835454316,0.0,60,60,0,0,60,59,12287,0,0,0,0,1
2020-07-17,US,Texas,Throckmorton,2,0,0,33.17751417,-99.21226795,48447.0,133.24450366422386,0.0,2,2,0,0,2,2,1515,0,0,0,0,0
2020-07-17,US,Texas,Titus,1071,6,0,33.21339719,-94.96797273,48449.0,3270.2290076335885,0.5602240896358543,1065,1030,6,0,1024,985,33033,41,0,0,41,45
2020-07-17,US,Texas,Tom Green,1419,11,0,31.40464436,-100.46244300000001,48451.0,1190.4362416107385,0.7751937984496124,1408,1343,11,0,1332,1265,118189,76,0,0,76,78
2020-07-17,US,Texas,Travis,16983,189,0,30.33432034,-97.78535620000001,48453.0,1333.0936595826852,1.1128775834658189,16794,16570,183,0,16387,15998,1248743,413,6,0,407,572
2020-07-17,US,Texas,Trinity,95,0,0,31.0879489,-95.1367187,48455.0,648.4199030782881,0.0,95,89,0,0,89,84,14740,6,0,0,6,5
2020-07-17,US,Texas,Tyler,47,0,0,30.77031716,-94.37690895,48457.0,216.8696936138797,0.0,47,45,0,0,45,45,21696,2,0,0,2,0
2020-07-17,US,Texas,Upshur,113,0,0,32.73706798,-94.93999853,48459.0,270.6392355040356,0.0,113,113,0,0,113,109,41260,0,0,0,0,4
2020-07-17,US,Texas,Upton,13,0,0,31.36868194,-102.0423217,48461.0,355.48263604047025,0.0,13,10,0,0,10,10,3671,3,0,0,3,0
2020-07-17,US,Texas,Uvalde,304,4,0,29.35739637,-99.76229172,48463.0,1136.8310833551475,1.3157894736842106,300,278,3,0,275,261,26846,26,1,0,25,17
2020-07-17,US,Texas,Val Verde,837,8,0,29.89149232,-101.1525205,48465.0,1707.2921978582356,0.955794504181601,829,837,8,0,829,699,49208,0,0,0,0,138
2020-07-17,US,Texas,Van Zandt,229,3,0,32.56483801,-95.83766469,48467.0,404.6651351828945,1.310043668122271,226,221,3,0,218,216,56019,8,0,0,8,5
2020-07-17,US,Texas,Victoria,2188,18,0,28.79780988,-96.96813006,48469.0,2376.091394813431,0.8226691042047533,2170,1991,13,0,1978,1991,92035,197,5,0,192,0
2020-07-17,US,Texas,Walker,2541,28,0,30.73872995,-95.57440968,48471.0,3482.205259623687,1.1019283746556474,2513,2513,28,0,2485,2495,72480,28,0,0,28,18
2020-07-17,US,Texas,Waller,279,0,0,30.01058447,-95.99011759,48473.0,505.0139376606451,0.0,279,275,0,0,275,269,53126,4,0,0,4,6
2020-07-17,US,Texas,Ward,63,0,0,31.50999644,-103.09279090000001,48475.0,525.0875145857643,0.0,63,58,0,0,58,55,11720,5,0,0,5,3
2020-07-17,US,Texas,Washington,379,33,0,30.21498498,-96.40946246,48477.0,1056.2398974416142,8.70712401055409,346,367,33,0,334,367,35108,12,0,0,12,0
2020-07-17,US,Texas,Webb,3574,55,0,27.7610369,-99.33237355,48479.0,1291.8757138932667,1.5388919977616116,3519,3373,51,0,3322,3211,275910,201,4,0,197,162
2020-07-17,US,Texas,Wharton,388,1,0,29.27765923,-96.22319248,48481.0,933.6798536914044,0.25773195876288657,387,380,1,0,379,368,41619,8,0,0,8,12
2020-07-17,US,Texas,Wheeler,25,0,0,35.40114335,-100.26995140000001,48483.0,494.4620253164557,0.0,25,22,0,0,22,22,5191,3,0,0,3,0
2020-07-17,US,Texas,Wichita,680,7,0,33.98842886,-98.70410340000001,48485.0,514.2554639643047,1.0294117647058822,673,666,7,0,659,648,132064,14,0,0,14,18
2020-07-17,US,Texas,Wilbarger,21,0,0,34.07945812,-99.24178437,48487.0,164.46080350849715,0.0,21,20,0,0,20,20,12820,1,0,0,1,0
2020-07-17,US,Texas,Willacy,462,3,0,26.47411727,-97.61535848,48489.0,2163.123888004495,0.6493506493506493,459,440,3,0,437,410,21515,22,0,0,22,30
2020-07-17,US,Texas,Williamson,4490,67,0,30.64655664,-97.60048540000001,48491.0,760.3068998274492,1.4922048997772828,4423,4420,65,0,4355,4327,566719,70,2,0,68,93
2020-07-17,US,Texas,Wilson,242,5,0,29.1732598,-98.08693082,48493.0,473.8594086547876,2.066115702479338,237,230,5,0,225,220,50224,12,0,0,12,10
2020-07-17,US,Texas,Winkler,52,0,0,31.85008651,-103.04851629999999,48495.0,649.1885143570538,0.0,52,49,0,0,49,47,7720,3,0,0,3,2
2020-07-17,US,Texas,Wise,220,5,0,33.21570665,-97.65460265,48497.0,314.3575674439872,2.272727272727273,215,211,5,0,206,210,68305,9,0,0,9,1
2020-07-17,US,Texas,Wood,168,5,0,32.78722382,-95.38236368,48499.0,368.9145567535519,2.9761904761904763,163,163,5,0,158,154,45129,5,0,0,5,9
2020-07-17,US,Texas,Yoakum,50,0,0,33.17320212,-102.82764329999999,48501.0,573.855158957879,0.0,50,45,0,0,45,44,8591,5,0,0,5,1
2020-07-17,US,Texas,Young,68,1,0,33.17659707,-98.68790885,48503.0,377.5680177679067,1.4705882352941178,67,68,1,0,67,64,18045,0,0,0,0,4
2020-07-17,US,Texas,Zapata,112,1,0,27.00156391,-99.16987152,48505.0,789.9005571620003,0.8928571428571429,111,112,1,0,111,103,14190,0,0,0,0,9
2020-07-17,US,Texas,Zavala,85,0,0,28.86617238,-99.76050829,48507.0,717.9054054054054,0.0,85,79,0,0,79,70,11983,6,0,0,6,9
2020-07-17,US,Utah,Bear River,1866,4,0,41.52106798,-113.0832816,0.0,998.833088888651,0.21436227224008572,1862,1837,4,0,1833,1811,,29,0,0,29,26
2020-07-17,US,Utah,Central Utah,295,0,0,39.37231946,-111.5758676,0.0,359.9580252336677,0.0,295,284,0,0,284,278,,11,0,0,11,6
2020-07-17,US,Utah,Davis,2183,7,0,40.99001837,-112.1139997,49011.0,614.0975185734259,0.320659642693541,2176,2113,7,0,2106,2016,351713,70,0,0,70,97
2020-07-17,US,Utah,Salt Lake,15887,133,0,40.66616532,-111.9216011,49035.0,1369.0532101268745,0.8371624598728521,15754,15655,133,0,15522,15306,1152633,232,0,0,232,349
2020-07-17,US,Utah,San Juan,500,18,0,37.62762978,-109.80337140000002,49037.0,3266.266004703423,3.6,482,494,18,0,476,489,15449,6,0,0,6,5
2020-07-17,US,Utah,Southeast Utah,55,0,0,38.99617072,-110.7013958,0.0,136.7172934947426,0.0,55,54,0,0,54,54,,1,0,0,1,0
2020-07-17,US,Utah,Southwest Utah,2317,19,0,37.85447192,-111.4418764,0.0,919.2912292395712,0.8200258955545965,2298,2239,19,0,2220,2158,,78,0,0,78,81
2020-07-17,US,Utah,Summit,612,1,0,40.86688146,-110.9535882,49043.0,1452.1295527346067,0.16339869281045752,611,605,1,0,604,597,41933,7,0,0,7,8
2020-07-17,US,Utah,Tooele,413,0,0,40.44862644,-113.1295715,49045.0,571.5551004027179,0.0,413,387,0,0,387,370,69907,26,0,0,26,17
2020-07-17,US,Utah,TriCounty,90,0,0,40.12491499,-109.5174415,0.0,158.94881848044932,0.0,90,82,0,0,82,79,,8,0,0,8,3
2020-07-17,US,Utah,Utah,5950,30,0,40.1166722,-111.6657662,49049.0,935.189041784875,0.5042016806722689,5920,5794,30,0,5764,5637,622213,156,0,0,156,157
2020-07-17,US,Utah,Wasatch,476,4,0,40.33110236,-111.1691419,49051.0,1396.2629432988178,0.8403361344537815,472,472,4,0,468,465,33240,4,0,0,4,7
2020-07-17,US,Utah,Weber-Morgan,1928,19,0,41.27116049,-111.9145117,0.0,707.9464046383708,0.9854771784232366,1909,1829,18,0,1811,1631,,99,1,0,98,198
2020-07-17,US,Vermont,Addison,70,2,0,44.03217337,-73.14130877,50001.0,190.3363515240504,2.8571428571428568,68,70,2,0,68,70,36973,0,0,0,0,0
2020-07-17,US,Vermont,Bennington,76,1,0,43.03519828,-73.09048868,50003.0,214.265576543558,1.3157894736842106,75,76,1,0,75,76,35631,0,0,0,0,0
2020-07-17,US,Vermont,Caledonia,24,0,0,44.46548598,-72.10314651,50005.0,80.01867102323875,0.0,24,24,0,0,24,23,30302,0,0,0,0,1
2020-07-17,US,Vermont,Chittenden,679,39,0,44.46322849,-73.08359212,50007.0,414.59572337489465,5.743740795287187,640,672,39,0,633,667,164572,7,0,0,7,5
2020-07-17,US,Vermont,Essex,5,0,0,44.72736416,-71.73579864,50009.0,81.12932013629725,0.0,5,5,0,0,5,5,6250,0,0,0,0,0
2020-07-17,US,Vermont,Franklin,110,6,0,44.85627605,-72.91249563,50011.0,222.66305007894417,5.454545454545454,104,110,6,0,104,110,49421,0,0,0,0,0
2020-07-17,US,Vermont,Grand Isle,13,0,0,44.797582399999996,-73.29679772,50013.0,179.68210089841045,0.0,13,13,0,0,13,13,7090,0,0,0,0,0
2020-07-17,US,Vermont,Lamoille,41,1,0,44.60353043,-72.64356694,50015.0,161.6591751439161,2.4390243902439024,40,41,1,0,40,40,25300,0,0,0,0,1
2020-07-17,US,Vermont,Orange,10,0,0,44.00470222,-72.37640104,50017.0,34.61165720614703,0.0,10,10,0,0,10,10,28999,0,0,0,0,0
2020-07-17,US,Vermont,Orleans,14,0,0,44.82964024,-72.24562697,50019.0,51.78089285053815,0.0,14,14,0,0,14,14,26907,0,0,0,0,0
2020-07-17,US,Vermont,Rutland,79,1,0,43.57723578,-73.03741676,50021.0,135.7598254025537,1.2658227848101269,78,78,1,0,77,78,58672,1,0,0,1,0
2020-07-17,US,Vermont,Unassigned,5,0,0,0.0,0.0,90050.0,0.0,0.0,5,5,0,0,5,5,,0,0,0,0,0
2020-07-17,US,Vermont,Washington,44,1,0,44.27343241,-72.61604978,50023.0,75.33085654608024,2.272727272727273,43,44,1,0,43,44,58140,0,0,0,0,0
2020-07-17,US,Vermont,Windham,99,3,0,42.986982,-72.71268875,50025.0,234.4749182890436,3.0303030303030303,96,99,3,0,96,99,42756,0,0,0,0,0
2020-07-17,US,Vermont,Windsor,65,2,0,43.58010937,-72.58595157,50027.0,118.04874505103338,3.0769230769230766,63,64,2,0,62,64,55286,1,0,0,1,0
2020-07-17,US,Virginia,Accomack,1048,14,0,37.76707161,-75.63234615,51001.0,3242.9756157940333,1.3358778625954195,1034,1045,14,0,1031,1045,32412,3,0,0,3,0
2020-07-17,US,Virginia,Albemarle,593,10,0,38.02080697,-78.55481085,51003.0,542.3945852007682,1.6863406408094437,583,583,10,0,573,583,108718,10,0,0,10,0
2020-07-17,US,Virginia,Alexandria,2523,56,0,38.814003,-77.08183073,51510.0,1582.5325538801214,2.219579865239794,2467,2507,56,0,2451,2486,160530,16,0,0,16,21
2020-07-17,US,Virginia,Alleghany,54,2,0,37.78636074,-80.00222498,51005.0,363.39165545087485,3.703703703703704,52,54,2,0,52,53,14910,0,0,0,0,1
2020-07-17,US,Virginia,Amelia,59,1,0,37.34081025,-77.98584649,51007.0,448.83986306580454,1.6949152542372878,58,56,1,0,55,55,13013,3,0,0,3,1
2020-07-17,US,Virginia,Amherst,45,0,0,37.60308293,-79.14548696,51009.0,142.38253440911248,0.0,45,43,0,0,43,42,31666,2,0,0,2,1
2020-07-17,US,Virginia,Appomattox,48,0,0,37.37569884,-78.81340003,51011.0,301.6780843441644,0.0,48,48,0,0,48,48,15841,0,0,0,0,0
2020-07-17,US,Virginia,Arlington,2704,135,0,38.8767675,-77.10139853,51013.0,1141.6893963063985,4.992603550295859,2569,2691,134,0,2557,2677,237521,13,1,0,12,14
2020-07-17,US,Virginia,Augusta,221,2,0,38.16404586,-79.12461614,51015.0,292.4905370708595,0.9049773755656108,219,219,2,0,217,218,75457,2,0,0,2,1
2020-07-17,US,Virginia,Bath,2,0,0,38.05852573,-79.73912095,51017.0,48.22763443453098,0.0,2,2,0,0,2,1,4292,0,0,0,0,1
2020-07-17,US,Virginia,Bedford,177,4,0,37.3080028,-79.5281964,51019.0,224.0591414863856,2.2598870056497176,173,176,4,0,172,174,78747,1,0,0,1,2
2020-07-17,US,Virginia,Bland,5,0,0,37.13128068,-81.13599391,51021.0,79.61783439490445,0.0,5,5,0,0,5,3,6293,0,0,0,0,2
2020-07-17,US,Virginia,Botetourt,165,4,0,37.55531756,-79.80982182,51023.0,493.7311110446153,2.4242424242424243,161,164,4,0,160,161,33277,1,0,0,1,3
2020-07-17,US,Virginia,Bristol,15,0,0,36.616302399999995,-82.16359122,51520.0,89.48812790836416,0.0,15,15,0,0,15,14,16482,0,0,0,0,1
2020-07-17,US,Virginia,Brunswick,146,1,0,36.76366949,-77.8593436,51025.0,899.5132770624115,0.6849315068493149,145,143,1,0,142,143,16384,3,0,0,3,0
2020-07-17,US,Virginia,Buchanan,52,0,0,37.26818323,-82.03749726,51027.0,247.571891068368,0.0,52,51,0,0,51,48,21221,1,0,0,1,3
2020-07-17,US,Virginia,Buckingham,579,6,0,37.57242268,-78.52518834,51029.0,3376.487053883835,1.0362694300518134,573,578,6,0,572,577,16999,1,0,0,1,1
2020-07-17,US,Virginia,Buena Vista,26,0,0,37.73484642,-79.35296097,51530.0,401.3584439641865,0.0,26,25,0,0,25,25,6237,1,0,0,1,0
2020-07-17,US,Virginia,Campbell,73,1,0,37.20553386,-79.09678609,51031.0,133.0053748747381,1.3698630136986298,72,70,1,0,69,71,54973,3,0,0,3,-1
2020-07-17,US,Virginia,Caroline,154,4,0,38.02679129,-77.34901405,51033.0,501.22050447518313,2.5974025974025974,150,151,4,0,147,147,30772,3,0,0,3,4
2020-07-17,US,Virginia,Carroll,268,10,0,36.73066666,-80.73455942,51035.0,899.6005505018294,3.7313432835820897,258,267,10,0,257,263,29636,1,0,0,1,4
2020-07-17,US,Virginia,Charles City,42,3,0,37.35358063,-77.05634116,51036.0,603.1882809133994,7.142857142857142,39,42,3,0,39,42,6941,0,0,0,0,0
2020-07-17,US,Virginia,Charlotte,39,0,0,37.01909701,-78.66314092,51037.0,328.28282828282835,0.0,39,39,0,0,39,38,11938,0,0,0,0,1
2020-07-17,US,Virginia,Charlottesville,333,7,0,38.03527919,-78.48569588,51540.0,704.5233360132019,2.1021021021021022,326,318,7,0,311,318,48117,15,0,0,15,0
2020-07-17,US,Virginia,Chesapeake,1560,24,0,36.67670048,-76.30545744,51550.0,637.1638041946617,1.5384615384615383,1536,1509,24,0,1485,1441,242634,51,0,0,51,68
2020-07-17,US,Virginia,Chesterfield,3402,64,0,37.37373208,-77.58680140000001,51041.0,964.2802478444,1.88124632569077,3338,3359,64,0,3295,3324,348556,43,0,0,43,35
2020-07-17,US,Virginia,Clarke,61,0,0,39.11271747,-77.99199425,51043.0,417.2652028182502,0.0,61,61,0,0,61,61,14523,0,0,0,0,0
2020-07-17,US,Virginia,Colonial Heights,163,20,0,37.26420587,-77.39609676,51570.0,938.3995394358087,12.269938650306747,143,163,20,0,143,163,17833,0,0,0,0,0
2020-07-17,US,Virginia,Covington,6,0,0,37.7824656,-79.98631446,51580.0,108.34236186348862,0.0,6,5,0,0,5,5,5460,1,0,0,1,0
2020-07-17,US,Virginia,Craig,10,0,0,37.48133648,-80.21072274,51045.0,194.89378288832583,0.0,10,10,0,0,10,9,5064,0,0,0,0,1
2020-07-17,US,Virginia,Culpeper,885,12,0,38.48199985,-77.95630870000002,51047.0,1682.3495865412033,1.3559322033898304,873,873,12,0,861,872,51859,12,0,0,12,1
2020-07-17,US,Virginia,Cumberland,60,0,0,37.51328851,-78.24398086,51049.0,604.1079339508659,0.0,60,60,0,0,60,61,9809,0,0,0,0,-1
2020-07-17,US,Virginia,Danville,157,2,0,36.58022376,-79.40395668,51590.0,392.0687244031565,1.2738853503184713,155,151,2,0,149,148,40693,6,0,0,6,3
2020-07-17,US,Virginia,Dickenson,9,0,0,37.12560977,-82.35124171,51051.0,62.857941053219726,0.0,9,8,0,0,8,7,14523,1,0,0,1,1
2020-07-17,US,Virginia,Dinwiddie,164,2,0,37.07544585,-77.63451754,51053.0,574.5515695067264,1.2195121951219512,162,163,2,0,161,162,28529,1,0,0,1,1
2020-07-17,US,Virginia,Emporia,148,15,0,36.69455571,-77.53406129,51595.0,2768.4249906472132,10.135135135135137,133,148,15,0,133,146,5121,0,0,0,0,2
2020-07-17,US,Virginia,Essex,67,0,0,37.93357639,-76.94230311,51057.0,611.7045558294533,0.0,67,68,0,0,68,66,10919,-1,0,0,-1,2
2020-07-17,US,Virginia,Fairfax,14731,508,0,38.83677558,-77.27565836,51059.0,1283.7114781984296,3.448509945013916,14223,14687,509,0,14178,14653,1150795,44,-1,0,45,34
2020-07-17,US,Virginia,Fairfax,14731,508,0,38.83677558,-77.27565836,51059.0,1283.7114781984296,3.448509945013916,14223,14687,509,0,14178,14653,24574,44,-1,0,45,34
2020-07-17,US,Virginia,Fairfax City,73,7,0,38.85157547,-77.29779640000002,51600.0,303.9260585369916,9.58904109589041,66,74,7,0,67,74,24574,-1,0,0,-1,0
2020-07-17,US,Virginia,Falls Church,54,7,0,38.88485255,-77.17560759,51610.0,369.43285215844566,12.962962962962965,47,54,7,0,47,54,14772,0,0,0,0,0
2020-07-17,US,Virginia,Fauquier,511,8,0,38.73564842,-77.80647472,51061.0,717.4749375193059,1.5655577299412915,503,503,8,0,495,498,70675,8,0,0,8,5
2020-07-17,US,Virginia,Floyd,27,1,0,36.9302126,-80.36738849,51063.0,171.43945647342687,3.703703703703704,26,25,1,0,24,25,15795,2,0,0,2,0
2020-07-17,US,Virginia,Fluvanna,142,8,0,37.84157909,-78.27715475,51065.0,520.7187385405207,5.633802816901407,134,139,8,0,131,139,26783,3,0,0,3,0
2020-07-17,US,Virginia,Franklin,117,1,0,36.99536167,-79.88023649,51067.0,208.77199243424573,0.8547008547008547,116,117,1,0,116,115,56195,0,0,0,0,2
2020-07-17,US,Virginia,Franklin,117,1,0,36.99536167,-79.88023649,51067.0,208.77199243424573,0.8547008547008547,116,117,1,0,116,115,8013,0,0,0,0,2
2020-07-17,US,Virginia,Franklin City,83,4,0,36.6831435,-76.93859681,51620.0,1041.7974143341282,4.819277108433735,79,83,4,0,79,80,8013,0,0,0,0,3
2020-07-17,US,Virginia,Frederick,575,7,0,39.20172582,-78.25974949,51069.0,643.8032537256614,1.2173913043478262,568,570,7,0,563,565,88355,5,0,0,5,5
2020-07-17,US,Virginia,Fredericksburg,290,0,0,38.2977863,-77.4922454,51630.0,998.7601598016257,0.0,290,288,1,0,287,288,29144,2,-1,0,3,0
2020-07-17,US,Virginia,Galax,296,16,0,36.66601852,-80.91703124,51640.0,4663.620608161336,5.405405405405406,280,296,16,0,280,292,6423,0,0,0,0,4
2020-07-17,US,Virginia,Giles,18,0,0,37.31234791,-80.70636931,51071.0,107.65550239234449,0.0,18,18,0,0,18,18,16844,0,0,0,0,0
2020-07-17,US,Virginia,Gloucester,86,1,0,37.40809042,-76.53524337,51073.0,230.26668094677086,1.162790697674419,85,80,1,0,79,79,37349,6,0,0,6,1
2020-07-17,US,Virginia,Goochland,138,6,0,37.71714806,-77.90381514,51075.0,580.9792447269817,4.3478260869565215,132,135,6,0,129,135,23244,3,0,0,3,0
2020-07-17,US,Virginia,Grayson,99,4,0,36.65677234,-81.23215889,51077.0,636.6559485530547,4.040404040404041,95,97,4,0,93,95,15631,2,0,0,2,2
2020-07-17,US,Virginia,Greene,92,2,0,38.29545894,-78.46525378,51079.0,464.20101922397697,2.1739130434782608,90,88,2,0,86,88,19779,4,0,0,4,0
2020-07-17,US,Virginia,Greensville,386,9,0,36.67878901,-77.56351439,51081.0,3405.0811573747355,2.33160621761658,377,386,9,0,377,384,11627,0,0,0,0,2
2020-07-17,US,Virginia,Halifax,97,1,0,36.76654925,-78.93512622,51083.0,286.042876942585,1.0309278350515465,96,97,1,0,96,89,34120,0,0,0,0,8
2020-07-17,US,Virginia,Hampton,625,4,0,37.03513786,-76.35879121,51650.0,464.64946844100825,0.64,621,607,4,0,603,592,134313,18,0,0,18,15
2020-07-17,US,Virginia,Hanover,508,30,0,37.7583355,-77.49464673,51085.0,471.3917190950764,5.905511811023621,478,504,30,0,474,491,107239,4,0,0,4,13
2020-07-17,US,Virginia,Harrisonburg,1001,29,0,38.43542574,-78.87536254,51660.0,1888.1092500377247,2.897102897102897,972,999,29,0,970,996,54033,2,0,0,2,3
2020-07-17,US,Virginia,Henrico,2987,175,0,37.53460572,-77.39326555,51087.0,902.9133843986723,5.858721124874456,2812,2964,175,0,2789,2947,329261,23,0,0,23,17
2020-07-17,US,Virginia,Henry,391,5,0,36.68542395,-79.87634026,51089.0,773.3844967066875,1.278772378516624,386,387,5,0,382,381,50953,4,0,0,4,6
2020-07-17,US,Virginia,Highland,3,0,0,38.35799465,-79.56124594,51091.0,136.98630136986299,0.0,3,3,0,0,3,3,2210,0,0,0,0,0
2020-07-17,US,Virginia,Hopewell,224,5,0,37.29186313,-77.29754684,51670.0,994.2740467841447,2.232142857142857,219,216,5,0,211,212,22596,8,0,0,8,4
2020-07-17,US,Virginia,Isle of Wight,251,9,0,36.90579348,-76.70842863,51093.0,676.3857824247488,3.585657370517928,242,245,9,0,236,240,36953,6,0,0,6,5
2020-07-17,US,Virginia,James City,396,16,0,37.31156958,-76.76950618,51095.0,517.4914731518628,4.040404040404041,380,390,16,0,374,388,76397,6,0,0,6,2
2020-07-17,US,Virginia,King George,107,4,0,38.26818502,-77.15852768,51099.0,398.7181398121926,3.7383177570093458,103,106,4,0,102,105,26575,1,0,0,1,1
2020-07-17,US,Virginia,King William,60,2,0,37.70965316,-77.09384941,51101.0,349.8950314905528,3.333333333333333,58,61,2,0,59,59,16939,-1,0,0,-1,2
2020-07-17,US,Virginia,King and Queen,31,1,0,37.71044922,-76.88689628,51097.0,441.2811387900357,3.2258064516129035,30,31,1,0,30,31,7042,0,0,0,0,0
2020-07-17,US,Virginia,Lancaster,22,0,0,37.71889653,-76.46400482,51103.0,207.4884466660379,0.0,22,22,0,0,22,22,10783,0,0,0,0,0
2020-07-17,US,Virginia,Lee,27,0,0,36.70586667,-83.12606515,51105.0,115.2713145199163,0.0,27,26,0,0,26,26,23541,1,0,0,1,0
2020-07-17,US,Virginia,Lexington,23,0,0,37.78258621,-79.44262866,51678.0,308.890679559495,0.0,23,20,0,0,20,21,7136,3,0,0,3,-1
2020-07-17,US,Virginia,Loudoun,4576,102,0,39.08990083,-77.63481877,51107.0,1106.5488540351794,2.229020979020979,4474,4557,101,0,4456,4519,406850,19,1,0,18,38
2020-07-17,US,Virginia,Louisa,147,2,0,37.97850256,-77.96274807,51109.0,391.05104945332664,1.3605442176870748,145,143,2,0,141,143,36778,4,0,0,4,0
2020-07-17,US,Virginia,Lunenburg,42,0,0,36.94618528,-78.24133319,51111.0,344.3752049852411,0.0,42,43,0,0,43,42,12086,-1,0,0,-1,1
2020-07-17,US,Virginia,Lynchburg,221,1,0,37.40021399,-79.19888138,51680.0,268.9611527601986,0.4524886877828054,220,205,1,0,204,200,82126,16,0,0,16,5
2020-07-17,US,Virginia,Madison,51,1,0,38.41531222,-78.28220331,51113.0,384.5863811175628,1.96078431372549,50,49,1,0,48,48,13295,2,0,0,2,1
2020-07-17,US,Virginia,Manassas,1511,19,0,38.7464321,-77.48509905,51683.0,3677.7412681027145,1.2574454003970879,1492,1499,19,0,1480,1497,41641,12,0,0,12,2
2020-07-17,US,Virginia,Manassas Park,468,7,0,38.77058531,-77.44399307,51685.0,2677.6519052523167,1.4957264957264955,461,464,6,0,458,463,17307,4,1,0,3,1
2020-07-17,US,Virginia,Martinsville,129,1,0,36.68212094,-79.86352771,51690.0,1027.560936753226,0.7751937984496124,128,128,1,0,127,123,12902,1,0,0,1,5
2020-07-17,US,Virginia,Mathews,7,0,0,37.44164146,-76.34098896,51115.0,79.23930269413628,0.0,7,7,0,0,7,7,8802,0,0,0,0,0
2020-07-17,US,Virginia,Mecklenburg,271,29,0,36.67882005,-78.36131056,51117.0,885.9973191225031,10.701107011070109,242,269,29,0,240,267,30650,2,0,0,2,2
2020-07-17,US,Virginia,Middlesex,18,0,0,37.63191998,-76.55064617,51119.0,170.1001701001701,0.0,18,18,0,0,18,18,10769,0,0,0,0,0
2020-07-17,US,Virginia,Montgomery,207,3,0,37.17746986,-80.37868691,51121.0,210.07763738773025,1.4492753623188406,204,204,3,0,201,201,98985,3,0,0,3,3
2020-07-17,US,Virginia,Nelson,28,0,0,37.78790447,-78.88498513,51125.0,187.5418620227729,0.0,28,27,0,0,27,27,14836,1,0,0,1,0
2020-07-17,US,Virginia,New Kent,84,1,0,37.50694406,-76.99828634,51127.0,363.7780953618293,1.1904761904761905,83,76,1,0,75,76,22391,8,0,0,8,0
2020-07-17,US,Virginia,Newport News,984,10,0,37.08166899,-76.51754109,51700.0,549.0305481936114,1.0162601626016259,974,940,10,0,930,900,178626,44,0,0,44,40
2020-07-17,US,Virginia,Norfolk,2020,19,0,36.89934014,-76.26420872,51710.0,832.1592472666453,0.9405940594059404,2001,1888,19,0,1869,1742,244076,132,0,0,132,146
2020-07-17,US,Virginia,Northampton,277,28,0,37.34062933,-75.87751591,51131.0,2365.499573014517,10.108303249097473,249,276,28,0,248,275,11735,1,0,0,1,1
2020-07-17,US,Virginia,Northumberland,49,1,0,37.89202088,-76.41949732,51133.0,405.12608515915673,2.0408163265306123,48,47,1,0,46,47,12147,2,0,0,2,0
2020-07-17,US,Virginia,Norton,4,0,0,36.93357076,-82.62750411,51720.0,100.4772670183371,0.0,4,4,0,0,4,4,3968,0,0,0,0,0
2020-07-17,US,Virginia,Nottoway,142,6,0,37.1435975,-78.05065922,51135.0,932.247899159664,4.225352112676056,136,136,5,0,131,135,15420,6,1,0,5,1
2020-07-17,US,Virginia,Orange,171,3,0,38.24530219,-78.01560400000002,51137.0,461.52600469622945,1.7543859649122806,168,168,3,0,165,167,36644,3,0,0,3,1
2020-07-17,US,Virginia,Page,312,23,0,38.61807452,-78.48797204,51139.0,1305.3300978997574,7.371794871794871,289,309,23,0,286,310,23933,3,0,0,3,-1
2020-07-17,US,Virginia,Patrick,54,1,0,36.680163799999995,-80.2865648,51141.0,306.67878237164933,1.851851851851852,53,53,1,0,52,52,17673,1,0,0,1,1
2020-07-17,US,Virginia,Petersburg,353,9,0,37.20530399,-77.39368102,51730.0,1126.1404963950745,2.54957507082153,344,352,9,0,343,348,31567,1,0,0,1,4
2020-07-17,US,Virginia,Pittsylvania,197,2,0,36.81980341,-79.39731264,51143.0,326.4075289127481,1.0152284263959392,195,190,2,0,188,187,60949,7,0,0,7,3
2020-07-17,US,Virginia,Poquoson,24,0,0,37.14259351,-76.35798148,51735.0,195.58308206340152,0.0,24,23,0,0,23,23,12190,1,0,0,1,0
2020-07-17,US,Virginia,Portsmouth,872,20,0,36.85914825,-76.35971629,51740.0,923.7483844996716,2.2935779816513757,852,827,19,0,808,794,94632,45,1,0,44,33
2020-07-17,US,Virginia,Powhatan,102,3,0,37.55016038,-77.91267882,51145.0,343.9902873330635,2.9411764705882355,99,100,3,0,97,100,29189,2,0,0,2,0
2020-07-17,US,Virginia,Prince Edward,239,6,0,37.22554789,-78.43597949,51147.0,1048.1536707306377,2.510460251046025,233,238,6,0,232,238,22950,1,0,0,1,0
2020-07-17,US,Virginia,Prince George,280,2,0,37.18497668,-77.22922187,51149.0,730.0602299689723,0.7142857142857143,278,277,2,0,275,276,38082,3,0,0,3,1
2020-07-17,US,Virginia,Prince William,8034,161,0,38.70916224,-77.48713689,51153.0,1708.1441950949854,2.0039830719442366,7873,7978,160,0,7818,7947,468011,56,1,0,55,31
2020-07-17,US,Virginia,Pulaski,57,2,0,37.06474963,-80.71229738,51155.0,167.51403297381492,3.5087719298245608,55,56,2,0,54,55,34066,1,0,0,1,1
2020-07-17,US,Virginia,Radford,20,0,0,37.12222899,-80.56027320000003,51750.0,109.59504630390707,0.0,20,19,0,0,19,18,18339,1,0,0,1,1
2020-07-17,US,Virginia,Rappahannock,35,1,0,38.68295619,-78.15826963,51157.0,474.898236092266,2.8571428571428568,34,33,1,0,32,33,7252,2,0,0,2,0
2020-07-17,US,Virginia,Richmond,311,4,0,37.937575,-76.72920628,51159.0,3446.747201595921,1.2861736334405145,307,309,4,0,305,309,9038,2,0,0,2,0
2020-07-17,US,Virginia,Richmond City,2521,36,0,37.53255773,-77.47966921,51760.0,1094.0130882327414,1.4280047600158667,2485,2498,36,0,2462,2473,228783,23,0,0,23,25
2020-07-17,US,Virginia,Roanoke,350,6,0,37.26865804,-80.06396753,51161.0,371.6051217803072,1.7142857142857142,344,349,6,0,343,342,94073,1,0,0,1,7
2020-07-17,US,Virginia,Roanoke City,622,10,0,37.27791025,-79.96189766,51770.0,627.3766176129429,1.6077170418006432,612,617,10,0,607,612,99920,5,0,0,5,5
2020-07-17,US,Virginia,Rockbridge,42,0,0,37.81204314,-79.44605905,51163.0,186.06299561422938,0.0,42,41,0,0,41,41,22752,1,0,0,1,0
2020-07-17,US,Virginia,Rockingham,814,15,0,38.51006137,-78.87260325,51165.0,993.3128325279448,1.8427518427518428,799,808,15,0,793,803,81244,6,0,0,6,5
2020-07-17,US,Virginia,Russell,28,0,0,36.93028320000001,-82.10095486,51167.0,105.318588730911,0.0,28,27,0,0,27,26,26748,1,0,0,1,1
2020-07-17,US,Virginia,Salem,109,3,0,37.2836193,-80.06219455,51775.0,430.8130113434252,2.7522935779816518,106,107,3,0,104,100,25643,2,0,0,2,7
2020-07-17,US,Virginia,Scott,20,2,0,36.71466456,-82.60171704,51169.0,92.73856997125105,10.0,18,20,2,0,18,17,21534,0,0,0,0,3
2020-07-17,US,Virginia,Shenandoah,637,38,0,38.85905135,-78.56813762,51171.0,1460.4732208363903,5.96546310832025,599,633,37,0,596,619,43497,4,1,0,3,14
2020-07-17,US,Virginia,Smyth,63,1,0,36.84455636,-81.53344948,51173.0,209.27451501461601,1.5873015873015872,62,49,1,0,48,46,30472,14,0,0,14,3
2020-07-17,US,Virginia,Southampton,195,11,0,36.72231125,-77.10642712,51175.0,1106.0064658839542,5.641025641025642,184,193,11,0,182,186,17586,2,0,0,2,7
2020-07-17,US,Virginia,Spotsylvania,1124,32,0,38.18574462,-77.655399,51177.0,825.1660977131737,2.846975088967972,1092,1108,31,0,1077,1094,134238,16,1,0,15,14
2020-07-17,US,Virginia,Stafford,1101,6,0,38.41758738,-77.45917053,51179.0,720.1632631702882,0.5449591280653951,1095,1096,6,0,1090,1085,149960,5,0,0,5,11
2020-07-17,US,Virginia,Staunton,112,0,0,38.15965544,-79.05979937,51790.0,449.2218835231831,0.0,112,108,0,0,108,106,24922,4,0,0,4,2
2020-07-17,US,Virginia,Suffolk,676,44,0,36.70155394,-76.63603554,51800.0,733.9210492031094,6.508875739644972,632,647,44,0,603,633,91185,29,0,0,29,14
2020-07-17,US,Virginia,Surry,21,1,0,37.11781893,-76.88450012,51181.0,327.0009342883837,4.761904761904762,20,21,1,0,20,21,6474,0,0,0,0,0
2020-07-17,US,Virginia,Sussex,229,7,0,36.92432914,-77.25791182,51183.0,2052.155211040416,3.056768558951965,222,227,7,0,220,219,11237,2,0,0,2,8
2020-07-17,US,Virginia,Tazewell,36,0,0,37.12191123,-81.56685568,51185.0,88.68087202857497,0.0,36,35,0,0,35,34,40855,1,0,0,1,1
2020-07-17,US,Virginia,Virginia Beach,2396,34,0,36.73285734,-76.04566934,51810.0,532.4752096787813,1.4190317195325544,2362,2272,34,0,2238,2137,450189,124,0,0,124,135
2020-07-17,US,Virginia,Warren,322,8,0,38.90847745,-78.20280433,51187.0,801.7129767951401,2.4844720496894412,314,318,8,0,310,317,40003,4,0,0,4,1
2020-07-17,US,Virginia,Washington,100,4,0,36.72341572,-81.95666289,51191.0,186.08113137327874,4.0,96,95,4,0,91,90,54402,5,0,0,5,5
2020-07-17,US,Virginia,Waynesboro,137,0,0,38.06451466,-78.90293905,51820.0,605.3910737958463,0.0,137,133,0,0,133,129,22628,4,0,0,4,4
2020-07-17,US,Virginia,Westmoreland,184,2,0,38.11021557,-76.80213247,51193.0,1021.3710796558424,1.0869565217391304,182,186,2,0,184,186,17830,-2,0,0,-2,0
2020-07-17,US,Virginia,Williamsburg,91,6,0,37.28131268,-76.70905141,51830.0,608.5328340243414,6.593406593406592,85,88,6,0,82,87,14896,3,0,0,3,1
2020-07-17,US,Virginia,Winchester,366,4,0,39.17054517,-78.17325058,51840.0,1303.5116461286416,1.0928961748633879,362,361,4,0,357,361,28108,5,0,0,5,0
2020-07-17,US,Virginia,Wise,51,3,0,36.9746148,-82.62410519,51195.0,136.4256480218281,5.882352941176472,48,49,3,0,46,48,38012,2,0,0,2,1
2020-07-17,US,Virginia,Wythe,64,1,0,36.91582035,-81.07834059,51197.0,223.12090363965973,1.5625,63,64,1,0,63,62,28754,0,0,0,0,2
2020-07-17,US,Virginia,York,191,3,0,37.24374789,-76.54412815,51199.0,279.73052138254246,1.5706806282722514,188,181,3,0,178,180,67846,10,0,0,10,1
2020-07-17,US,Washington,Adams,277,0,0,46.98299757,-118.56017340000001,53001.0,1386.1782515137866,0.0,277,252,0,0,252,252,19759,25,0,0,25,0
2020-07-17,US,Washington,Asotin,21,2,0,46.18894415,-117.2022851,53003.0,92.99442033477993,9.523809523809524,19,21,2,0,19,21,22610,0,0,0,0,0
2020-07-17,US,Washington,Benton,2725,98,0,46.23946995,-119.51208340000001,53005.0,1333.235481187925,3.596330275229358,2627,2676,97,0,2579,2622,201877,49,1,0,48,54
2020-07-17,US,Washington,Chelan,665,6,0,47.87046092,-120.6173956,53007.0,861.3989637305699,0.9022556390977444,659,649,7,0,642,611,77036,16,-1,0,17,38
2020-07-17,US,Washington,Clallam,67,0,0,48.04754642,-123.92263190000001,53009.0,86.64054518886346,0.0,67,65,0,0,65,62,76737,2,0,0,2,3
2020-07-17,US,Washington,Clark,1152,30,0,45.77568046,-122.48292040000001,53011.0,235.94904975206921,2.6041666666666665,1122,1145,30,0,1115,1125,481857,7,0,0,7,20
2020-07-17,US,Washington,Columbia,9,0,0,46.29442881,-117.9051983,53013.0,225.84692597239646,0.0,9,9,0,0,9,9,4059,0,0,0,0,0
2020-07-17,US,Washington,Cowlitz,324,1,0,46.19074721,-122.6782231,53015.0,292.96610092863017,0.308641975308642,323,317,1,0,316,311,108987,7,0,0,7,6
2020-07-17,US,Washington,Douglas,430,4,0,47.7361335,-119.69293700000001,53017.0,990.1218080084736,0.9302325581395348,426,422,3,0,419,407,42907,8,1,0,7,15
2020-07-17,US,Washington,Ferry,6,0,0,48.471143100000006,-118.5154041,53019.0,78.66789038940605,0.0,6,4,0,0,4,4,7649,2,0,0,2,0
2020-07-17,US,Washington,Franklin,2645,41,0,46.53351425,-118.9018212,53021.0,2777.719434584445,1.5500945179584118,2604,2574,42,0,2532,2550,94347,71,-1,0,72,24
2020-07-17,US,Washington,Garfield,2,0,0,46.43197502,-117.54540320000001,53023.0,89.88764044943821,0.0,2,2,0,0,2,2,2247,0,0,0,0,0
2020-07-17,US,Washington,Grant,895,8,0,47.20753737,-119.4500749,53025.0,915.7602856762812,0.8938547486033519,887,872,8,0,864,873,97331,23,0,0,23,-1
2020-07-17,US,Washington,Grays Harbor,63,1,0,47.14003705,-123.7820567,53027.0,83.93173552177562,1.5873015873015872,62,58,1,0,57,56,73901,5,0,0,5,2
2020-07-17,US,Washington,Island,212,11,0,48.14713305,-122.5216407,53029.0,248.9987197707333,5.188679245283018,201,209,11,0,198,209,84460,3,0,0,3,0
2020-07-17,US,Washington,Jefferson,50,0,0,47.75003077,-123.56097040000002,53031.0,155.1782998665467,0.0,50,50,0,0,50,50,31729,0,0,0,0,0
2020-07-17,US,Washington,King,12766,631,0,47.49137892,-121.8346131,53033.0,566.6771130096033,4.942816857277141,12135,12558,631,0,11927,12325,2233163,208,0,0,208,233
2020-07-17,US,Washington,Kitsap,353,2,0,47.63479026,-122.6436061,53035.0,130.03134750048807,0.56657223796034,351,338,2,0,336,316,269805,15,0,0,15,22
2020-07-17,US,Washington,Kittitas,272,0,0,47.12521214,-120.67943899999999,53037.0,567.4350683216857,0.0,272,247,0,0,247,200,47364,25,0,0,25,47
2020-07-17,US,Washington,Klickitat,80,3,0,45.87325839,-120.7913598,53039.0,356.74470457079155,3.75,77,80,3,0,77,79,22107,0,0,0,0,1
2020-07-17,US,Washington,Lewis,115,3,0,46.57756476,-122.39257690000001,53041.0,142.4907381020234,2.608695652173913,112,110,3,0,107,108,79604,5,0,0,5,2
2020-07-17,US,Washington,Lincoln,5,0,0,47.57705241,-118.41943880000001,53043.0,45.708017186214455,0.0,5,5,0,0,5,4,10740,0,0,0,0,1
2020-07-17,US,Washington,Mason,74,1,0,47.35007586,-123.1863685,53045.0,110.83153606518093,1.351351351351351,73,70,1,0,69,66,65507,4,0,0,4,4
2020-07-17,US,Washington,Okanogan,293,2,0,48.54855019,-119.73872240000001,53047.0,693.6060412376015,0.6825938566552902,291,267,2,0,265,242,42132,26,0,0,26,25
2020-07-17,US,Washington,Pacific,18,1,0,46.55418369,-123.7285716,53049.0,80.10324418138934,5.5555555555555545,17,18,1,0,17,18,22036,0,0,0,0,0
2020-07-17,US,Washington,Pend Oreille,18,0,0,48.53234021,-117.2741804,53051.0,131.15709705625179,0.0,18,18,0,0,18,13,13602,0,0,0,0,5
2020-07-17,US,Washington,Pierce,3560,110,0,47.03892768,-122.14059579999999,53053.0,393.3788592013083,3.0898876404494384,3450,3486,108,0,3378,3395,891299,74,2,0,72,91
2020-07-17,US,Washington,San Juan,24,0,0,48.60182783,-122.96745,53055.0,136.50324195199636,0.0,24,22,0,0,22,22,17128,2,0,0,2,0
2020-07-17,US,Washington,Skagit,657,16,0,48.48171488,-121.766131,53057.0,508.49425331837006,2.43531202435312,641,655,17,0,638,644,128206,2,-1,0,3,11
2020-07-17,US,Washington,Skamania,37,0,0,46.02408726,-121.91644029999999,53059.0,306.21534387155515,0.0,37,38,0,0,38,36,11924,-1,0,0,-1,2
2020-07-17,US,Washington,Snohomish,4238,181,0,48.04615983,-121.7170703,53061.0,515.5197224611139,4.270882491741388,4057,4181,179,0,4002,4122,814901,57,2,0,55,59
2020-07-17,US,Washington,Spokane,2451,44,0,47.62113146,-117.4046494,53063.0,468.82352266076,1.795185638514892,2407,2393,43,0,2350,2276,514631,58,1,0,57,117
2020-07-17,US,Washington,Stevens,37,1,0,48.40035475,-117.8542701,53065.0,80.92207422959999,2.702702702702702,36,35,1,0,34,30,45260,2,0,0,2,5
2020-07-17,US,Washington,Thurston,423,5,0,46.9291895,-122.82906559999999,53067.0,145.59297298785694,1.182033096926714,418,408,5,0,403,394,286419,15,0,0,15,14
2020-07-17,US,Washington,Unassigned,85,1,0,0.0,0.0,90053.0,0.0,1.1764705882352942,84,200,0,0,200,127,,-115,1,0,-116,73
2020-07-17,US,Washington,Wahkiakum,5,0,0,46.29180039999999,-123.4250831,53069.0,111.40819964349377,0.0,5,5,0,0,5,5,4426,0,0,0,0,0
2020-07-17,US,Washington,Walla Walla,263,3,0,46.23040051,-118.4775539,53071.0,432.8505595786702,1.1406844106463878,260,249,3,0,246,244,60922,14,0,0,14,5
2020-07-17,US,Washington,Whatcom,760,37,0,48.82227976,-121.74900179999999,53073.0,331.52015075442637,4.868421052631579,723,749,36,0,713,732,225685,11,1,0,10,17
2020-07-17,US,Washington,Whitman,51,0,0,46.90022523,-117.52417630000001,53075.0,101.78828037681622,0.0,51,51,0,0,51,48,49791,0,0,0,0,3
2020-07-17,US,Washington,Yakima,8939,191,0,46.45738486,-120.73801259999999,53077.0,3563.1574541700384,2.1367043293433268,8748,8805,190,0,8615,8436,251446,134,1,0,133,369
2020-07-17,US,West Virginia,Barbour,24,1,0,39.1307219,-80.00350858,54001.0,145.97652210936076,4.166666666666667,23,24,1,0,23,23,16535,0,0,0,0,1
2020-07-17,US,West Virginia,Berkeley,558,10,0,39.46704621,-78.02414609,54003.0,468.23472153460153,1.7921146953405018,548,555,10,0,545,550,117123,3,0,0,3,5
2020-07-17,US,West Virginia,Boone,53,0,0,38.01974191,-81.69888019,54005.0,247.00563918534743,0.0,53,50,0,0,50,46,21951,3,0,0,3,4
2020-07-17,US,West Virginia,Braxton,6,0,0,38.70036159,-80.72011184,54007.0,42.98918105610088,0.0,6,5,0,0,5,5,14089,1,0,0,1,0
2020-07-17,US,West Virginia,Brooke,36,0,0,40.27367263,-80.57915332,54009.0,164.09134418159442,0.0,36,32,0,0,32,33,22203,4,0,0,4,-1
2020-07-17,US,West Virginia,Cabell,214,1,0,38.42424062,-82.23855912,54011.0,232.7478383816412,0.4672897196261682,213,209,0,0,209,204,93224,5,1,0,4,5
2020-07-17,US,West Virginia,Calhoun,4,0,0,38.84315422,-81.11934872,54013.0,56.2667041778028,0.0,4,4,0,0,4,4,7254,0,0,0,0,0
2020-07-17,US,West Virginia,Clay,15,1,0,38.46231092,-81.07652217,54015.0,176.30465444287728,6.666666666666668,14,14,1,0,13,13,8632,1,0,0,1,1
2020-07-17,US,West Virginia,Fayette,98,4,0,38.02974928,-81.08286634,54019.0,231.099372730274,4.081632653061225,94,95,4,0,91,89,43018,3,0,0,3,6
2020-07-17,US,West Virginia,Gilmer,13,0,0,38.9251277,-80.85952723,54021.0,166.17665857088068,0.0,13,13,0,0,13,13,8026,0,0,0,0,0
2020-07-17,US,West Virginia,Grant,22,0,0,39.10314817,-79.19440518,54023.0,190.17980636237897,0.0,22,22,0,0,22,21,11626,0,0,0,0,1
2020-07-17,US,West Virginia,Greenbrier,76,3,0,37.9463652,-80.45335881,54025.0,219.2602850383705,3.947368421052632,73,74,3,0,71,74,34786,2,0,0,2,0
2020-07-17,US,West Virginia,Hampshire,46,1,0,39.32103553,-78.60826476,54027.0,198.48975188781014,2.1739130434782608,45,44,1,0,43,45,23347,2,0,0,2,-1
2020-07-17,US,West Virginia,Hancock,54,0,0,40.51943859,-80.57461608,54029.0,187.4349184311003,0.0,54,50,0,0,50,50,29094,4,0,0,4,0
2020-07-17,US,West Virginia,Hardy,49,0,0,39.00683177,-78.85855301,54031.0,355.69105691056916,0.0,49,49,0,0,49,48,13775,0,0,0,0,1
2020-07-17,US,West Virginia,Harrison,134,1,0,39.2853852,-80.37919577,54033.0,199.23872963007008,0.746268656716418,133,134,1,0,133,131,67554,0,0,0,0,3
2020-07-17,US,West Virginia,Jackson,149,19,0,38.84263974,-81.68148753,54035.0,521.4165733482644,12.751677852348996,130,148,19,0,129,148,28706,1,0,0,1,0
2020-07-17,US,West Virginia,Jefferson,267,4,0,39.30776166,-77.86014147,54037.0,467.2243026633535,1.49812734082397,263,262,4,0,258,261,56811,5,0,0,5,1
2020-07-17,US,West Virginia,Kanawha,484,20,0,38.33860077,-81.52857054,54039.0,271.72082369585235,4.132231404958676,464,475,20,0,455,454,180454,9,0,0,9,21
2020-07-17,US,West Virginia,Lewis,25,2,0,38.9947249,-80.49988181,54041.0,157.16351291884075,8.0,23,24,2,0,22,24,16024,1,0,0,1,0
2020-07-17,US,West Virginia,Lincoln,19,0,0,38.172154,-82.07017953,54043.0,93.0961830564947,0.0,19,15,0,0,15,12,20599,4,0,0,4,3
2020-07-17,US,West Virginia,Logan,42,1,0,37.8299889,-81.93528571,54045.0,131.17211655579501,2.380952380952381,41,40,1,0,39,41,32607,2,0,0,2,-1
2020-07-17,US,West Virginia,Marion,127,2,0,39.50984542,-80.24244659,54049.0,226.4945070623484,1.5748031496062993,125,123,2,0,121,119,56097,4,0,0,4,4
2020-07-17,US,West Virginia,Marshall,78,0,0,39.86064362,-80.66591062,54051.0,255.47803871474892,0.0,78,75,0,0,75,72,30785,3,0,0,3,3
2020-07-17,US,West Virginia,Mason,26,0,0,38.77071799,-82.02524219,54053.0,98.05400512897872,0.0,26,26,0,0,26,26,26718,0,0,0,0,0
2020-07-17,US,West Virginia,McDowell,12,0,0,37.38002939,-81.65083669,54047.0,68.08896958692692,0.0,12,12,0,0,12,12,18223,0,0,0,0,0
2020-07-17,US,West Virginia,Mercer,68,0,0,37.40481169,-81.11023142,54055.0,115.72892201912931,0.0,68,67,0,0,67,67,59131,1,0,0,1,0
2020-07-17,US,West Virginia,Mineral,71,3,0,39.41561583,-78.94104895,54057.0,264.25487568855146,4.225352112676056,68,70,3,0,67,70,26940,1,0,0,1,0
2020-07-17,US,West Virginia,Mingo,50,2,0,37.73048351,-82.13338365,54059.0,213.4562841530055,4.0,48,41,2,0,39,36,23785,9,0,0,9,5
2020-07-17,US,West Virginia,Monongalia,669,5,0,39.63218457,-80.04766838,54061.0,633.4507442336097,0.7473841554559043,664,648,5,0,643,638,106420,21,0,0,21,10
2020-07-17,US,West Virginia,Monroe,15,0,0,37.56274716,-80.54577965,54063.0,112.99435028248587,0.0,15,15,0,0,15,15,13280,0,0,0,0,0
2020-07-17,US,West Virginia,Morgan,20,0,0,39.55439028,-78.26311676,54065.0,111.83180496533214,0.0,20,20,0,0,20,20,17787,0,0,0,0,0
2020-07-17,US,West Virginia,Nicholas,20,1,0,38.29617706,-80.79759588,54067.0,81.64598301763553,5.0,19,20,1,0,19,20,24842,0,0,0,0,0
2020-07-17,US,West Virginia,Ohio,173,3,0,40.0955451,-80.62203992,54069.0,417.76339619907753,1.7341040462427746,170,162,3,0,159,158,41755,11,0,0,11,4
2020-07-17,US,West Virginia,Pendleton,19,1,0,38.68314479,-79.35084086,54071.0,272.63595924809874,5.2631578947368425,18,18,1,0,17,18,6997,1,0,0,1,0
2020-07-17,US,West Virginia,Pleasants,5,0,0,39.37091679,-81.16771771,54073.0,67.02412868632706,0.0,5,5,0,0,5,5,7507,0,0,0,0,0
2020-07-17,US,West Virginia,Pocahontas,38,0,0,38.32758728,-80.00993811,54075.0,460.7736146477507,0.0,38,38,0,0,38,38,8414,0,0,0,0,0
2020-07-17,US,West Virginia,Preston,114,2,0,39.46770987,-79.66712803,54077.0,340.99066762383364,1.7543859649122806,112,109,2,0,107,107,33839,5,0,0,5,2
2020-07-17,US,West Virginia,Putnam,100,0,0,38.50782345,-81.9082131,54079.0,177.14791851195747,0.0,100,97,0,0,97,94,56682,3,0,0,3,3
2020-07-17,US,West Virginia,Raleigh,95,0,0,37.76936795,-81.2456041,54081.0,129.49659901037336,0.0,95,88,0,0,88,86,74254,7,0,0,7,2
2020-07-17,US,West Virginia,Randolph,198,0,0,38.769899,-79.87919615,54083.0,690.0156821745949,0.0,198,195,0,0,195,194,28823,3,0,0,3,1
2020-07-17,US,West Virginia,Ritchie,3,0,0,39.18094587,-81.06356878,54085.0,31.400460540087924,0.0,3,3,0,0,3,2,9721,0,0,0,0,1
2020-07-17,US,West Virginia,Roane,12,1,0,38.71622686,-81.35243568,54087.0,87.66803039158388,8.333333333333334,11,12,1,0,11,12,13932,0,0,0,0,0
2020-07-17,US,West Virginia,Summers,2,0,0,37.65390597,-80.86009693,54089.0,15.90710252127575,0.0,2,2,0,0,2,2,12760,0,0,0,0,0
2020-07-17,US,West Virginia,Taylor,27,0,0,39.33602617,-80.0421439,54091.0,161.72506738544473,0.0,27,27,0,0,27,23,16862,0,0,0,0,4
2020-07-17,US,West Virginia,Tucker,7,0,0,39.11240885,-79.57053576,54093.0,102.35414534288635,0.0,7,7,0,0,7,7,6955,0,0,0,0,0
2020-07-17,US,West Virginia,Tyler,10,0,0,39.46811972,-80.88772676,54095.0,116.40088464672331,0.0,10,10,0,0,10,10,8746,0,0,0,0,0
2020-07-17,US,West Virginia,Upshur,33,0,0,38.89285061,-80.23689136,54097.0,136.49900727994705,0.0,33,33,0,0,33,33,24415,0,0,0,0,0
2020-07-17,US,West Virginia,Wayne,146,9,0,38.14901357,-82.42287994,54099.0,370.539566519466,6.164383561643835,137,143,9,0,134,137,39944,3,0,0,3,6
2020-07-17,US,West Virginia,Webster,2,0,0,38.49370949,-80.4202023,54101.0,24.648755237860488,0.0,2,1,0,0,1,1,8285,1,0,0,1,0
2020-07-17,US,West Virginia,Wetzel,40,0,0,39.6065771,-80.64016540000001,54103.0,265.5160969133753,0.0,40,38,0,0,38,38,15270,2,0,0,2,0
2020-07-17,US,West Virginia,Wirt,6,0,0,39.02775007,-81.37473928,54105.0,103.07507301151009,0.0,6,6,0,0,6,6,5830,0,0,0,0,0
2020-07-17,US,West Virginia,Wood,202,3,0,39.20967886,-81.5162836,54107.0,241.86402931104672,1.4851485148514851,199,201,3,0,198,195,84203,1,0,0,1,6
2020-07-17,US,West Virginia,Wyoming,7,0,0,37.612327,-81.54511071,54109.0,34.32382073158772,0.0,7,7,0,0,7,7,20786,0,0,0,0,0
2020-07-17,US,Wisconsin,Adams,49,2,0,43.96974651,-89.76782777,55001.0,242.33432245301682,4.081632653061225,47,46,2,0,44,45,20348,3,0,0,3,1
2020-07-17,US,Wisconsin,Ashland,10,0,0,46.31956891,-90.67837132,55003.0,64.25909266161162,0.0,10,8,0,0,8,8,15600,2,0,0,2,0
2020-07-17,US,Wisconsin,Barron,66,1,0,45.42372701,-91.84833627,55005.0,145.8756962249138,1.5151515151515151,65,59,1,0,58,54,45164,7,0,0,7,5
2020-07-17,US,Wisconsin,Bayfield,12,1,0,46.52868768,-91.19716729,55007.0,79.80845969672785,8.333333333333334,11,11,1,0,10,11,15042,1,0,0,1,0
2020-07-17,US,Wisconsin,Brown,3407,45,0,44.452655299999996,-88.00411844,55009.0,1287.8862335659367,1.3208100968594072,3362,3393,44,0,3349,3348,263378,14,1,0,13,45
2020-07-17,US,Wisconsin,Buffalo,19,2,0,44.37835084,-91.75332578,55011.0,145.80615455452386,10.526315789473683,17,21,2,0,19,21,13125,-2,0,0,-2,0
2020-07-17,US,Wisconsin,Burnett,5,1,0,45.86303537,-92.36711412,55013.0,32.4380433372259,20.0,4,5,1,0,4,5,15392,0,0,0,0,0
2020-07-17,US,Wisconsin,Calumet,176,2,0,44.0816316,-88.21780273,55015.0,351.37455329513466,1.1363636363636365,174,169,2,0,167,165,50159,7,0,0,7,4
2020-07-17,US,Wisconsin,Chippewa,151,0,0,45.06939744,-91.28068855,55017.0,233.5364533391073,0.0,151,151,0,0,151,145,64135,0,0,0,0,6
2020-07-17,US,Wisconsin,Clark,130,7,0,44.73483377,-90.61207486,55019.0,373.84252602519126,5.384615384615384,123,128,7,0,121,121,34709,2,0,0,2,7
2020-07-17,US,Wisconsin,Columbia,141,1,0,43.46492199,-89.33589004,55021.0,245.08099840089,0.7092198581560284,140,131,1,0,130,129,57358,10,0,0,10,2
2020-07-17,US,Wisconsin,Crawford,46,0,0,43.23870316,-90.93073686,55023.0,285.165209844399,0.0,46,46,0,0,46,46,16291,0,0,0,0,0
2020-07-17,US,Wisconsin,Dane,3365,33,0,43.06601594,-89.41733797,55025.0,615.5168786983602,0.9806835066864784,3332,3301,33,0,3268,3242,542364,64,0,0,64,59
2020-07-17,US,Wisconsin,Dodge,557,5,0,43.41576662,-88.70928178,55027.0,634.1146870979861,0.8976660682226212,552,541,5,0,536,537,87847,16,0,0,16,4
2020-07-17,US,Wisconsin,Door,70,3,0,44.95856458,-87.30002707,55029.0,252.99985542865403,4.285714285714286,67,66,3,0,63,65,27610,4,0,0,4,1
2020-07-17,US,Wisconsin,Douglas,66,0,0,46.43222285,-91.91595768,55031.0,152.95480880648898,0.0,66,66,0,0,66,64,43208,0,0,0,0,2
2020-07-17,US,Wisconsin,Dunn,60,0,0,44.94562799,-91.8962481,55033.0,132.25180744136836,0.0,60,59,0,0,59,59,45131,1,0,0,1,0
2020-07-17,US,Wisconsin,Eau Claire,371,1,0,44.726614,-91.28609183,55035.0,354.52860118876976,0.2695417789757412,370,365,1,0,364,351,104534,6,0,0,6,14
2020-07-17,US,Wisconsin,Florence,6,0,0,45.84963535,-88.39804137,55037.0,139.69732246798606,0.0,6,5,0,0,5,5,4321,1,0,0,1,0
2020-07-17,US,Wisconsin,Fond du Lac,418,6,0,43.75354908,-88.48885325,55039.0,404.24359061149096,1.4354066985645932,412,410,6,0,404,405,103066,8,0,0,8,5
2020-07-17,US,Wisconsin,Forest,49,3,0,45.66678019,-88.77084892,55041.0,544.2025766326077,6.1224489795918355,46,49,3,0,46,49,8991,0,0,0,0,0
2020-07-17,US,Wisconsin,Grant,236,14,0,42.8671731,-90.7063218,55043.0,458.79585528490054,5.932203389830509,222,231,14,0,217,223,51554,5,0,0,5,8
2020-07-17,US,Wisconsin,Green,114,1,0,42.6794956,-89.60243287,55045.0,308.44155844155836,0.8771929824561403,113,113,1,0,112,110,36929,1,0,0,1,3
2020-07-17,US,Wisconsin,Green Lake,44,0,0,43.80025981,-89.04679553,55047.0,232.64421297520232,0.0,44,44,0,0,44,43,18918,0,0,0,0,1
2020-07-17,US,Wisconsin,Iowa,47,0,0,43.00050278,-90.13469017,55049.0,198.49649463637127,0.0,47,47,0,0,47,47,23771,0,0,0,0,0
2020-07-17,US,Wisconsin,Iron,24,1,0,46.26302338,-90.24295041,55051.0,422.01512220854585,4.166666666666667,23,24,1,0,23,21,5676,0,0,0,0,3
2020-07-17,US,Wisconsin,Jackson,36,1,0,44.31864893,-90.80566792,55053.0,174.39325679407062,2.7777777777777777,35,36,1,0,35,37,20478,0,0,0,0,-1
2020-07-17,US,Wisconsin,Jefferson,405,4,0,43.02054068,-88.77529134,55055.0,477.76899574136775,0.9876543209876544,401,393,4,0,389,384,85129,12,0,0,12,9
2020-07-17,US,Wisconsin,Juneau,69,1,0,43.92456975,-90.11120239,55057.0,258.55285344924494,1.4492753623188406,68,66,1,0,65,59,26617,3,0,0,3,7
2020-07-17,US,Wisconsin,Kenosha,1893,47,0,42.57639354,-88.04051686,55059.0,1116.4123825643871,2.4828314844162707,1846,1862,47,0,1815,1831,169290,31,0,0,31,31
2020-07-17,US,Wisconsin,Kewaunee,86,1,0,44.51727459,-87.61468386,55061.0,420.86718214740137,1.162790697674419,85,86,1,0,85,86,20383,0,0,0,0,0
2020-07-17,US,Wisconsin,La Crosse,646,0,0,43.90632465,-91.11451093,55063.0,547.3834056399131,0.0,646,628,0,0,628,618,118230,18,0,0,18,10
2020-07-17,US,Wisconsin,Lafayette,85,0,0,42.66005229,-90.1317729,55065.0,510.05100510050994,0.0,85,84,0,0,84,84,16665,1,0,0,1,0
2020-07-17,US,Wisconsin,Langlade,11,1,0,45.26271619,-89.07483625,55067.0,57.32450883318568,9.090909090909092,10,11,1,0,10,11,19268,0,0,0,0,0
2020-07-17,US,Wisconsin,Lincoln,31,0,0,45.33737523,-89.73411273,55069.0,112.34733446888704,0.0,31,25,0,0,25,24,27689,6,0,0,6,1
2020-07-17,US,Wisconsin,Manitowoc,180,1,0,44.11946801,-87.80928853,55071.0,227.9029133589091,0.5555555555555556,179,177,1,0,176,167,79074,3,0,0,3,10
2020-07-17,US,Wisconsin,Marathon,343,2,0,44.89792533,-89.75863384,55073.0,252.7783509713174,0.5830903790087464,341,326,2,0,324,312,135428,17,0,0,17,14
2020-07-17,US,Wisconsin,Marinette,139,3,0,45.38553432,-88.03324599999998,55075.0,344.48574969021064,2.1582733812949644,136,133,3,0,130,126,40434,6,0,0,6,7
2020-07-17,US,Wisconsin,Marquette,56,1,0,43.81911946,-89.40073763,55077.0,359.5736483883396,1.7857142857142858,55,55,1,0,54,55,15434,1,0,0,1,0
2020-07-17,US,Wisconsin,Menominee,10,0,0,45.00422544,-88.70950714,55078.0,219.4907813871817,0.0,10,9,0,0,9,10,4658,1,0,0,1,-1
2020-07-17,US,Wisconsin,Milwaukee,15363,404,0,43.00486062,-87.96733172,55079.0,1624.4662830460406,2.6296947210831223,14959,15057,403,0,14654,14679,948201,306,1,0,305,378
2020-07-17,US,Wisconsin,Monroe,156,1,0,43.94641218,-90.61881899999999,55081.0,337.27541997275847,0.6410256410256411,155,148,1,0,147,145,46051,8,0,0,8,3
2020-07-17,US,Wisconsin,Oconto,108,0,0,45.02715345,-88.26807503,55083.0,284.7350382283153,0.0,108,104,0,0,104,101,37830,4,0,0,4,3
2020-07-17,US,Wisconsin,Oneida,40,0,0,45.70677897,-89.51944105,55085.0,112.37533361427168,0.0,40,39,0,0,39,38,35470,1,0,0,1,1
2020-07-17,US,Wisconsin,Outagamie,750,10,0,44.41578887,-88.46565023,55087.0,399.1803496819864,1.3333333333333333,740,728,10,0,718,719,187365,22,0,0,22,9
2020-07-17,US,Wisconsin,Ozaukee,360,16,0,43.38352225,-87.94625009,55089.0,403.4924513287231,4.4444444444444455,344,345,16,0,329,340,89147,15,0,0,15,5
2020-07-17,US,Wisconsin,Pepin,19,0,0,44.58307413,-91.99949611,55091.0,260.7383010841224,0.0,19,19,0,0,19,18,7289,0,0,0,0,1
2020-07-17,US,Wisconsin,Pierce,123,0,0,44.71850291,-92.4224416,55093.0,287.69237966038264,0.0,123,119,0,0,119,113,42555,4,0,0,4,6
2020-07-17,US,Wisconsin,Polk,75,2,0,45.46130348,-92.44182875,55095.0,171.2993627663705,2.6666666666666665,73,75,2,0,73,74,43598,0,0,0,0,1
2020-07-17,US,Wisconsin,Portage,266,0,0,44.47558711,-89.50152965,55097.0,375.85485785338835,0.0,266,263,0,0,263,260,70942,3,0,0,3,3
2020-07-17,US,Wisconsin,Price,9,0,0,45.68051754,-90.36098879999999,55099.0,67.41068084787656,0.0,9,9,0,0,9,9,13397,0,0,0,0,0
2020-07-17,US,Wisconsin,Racine,2519,66,0,42.74753117,-88.05941254,55101.0,1283.1680343944047,2.6200873362445414,2453,2463,66,0,2397,2418,196584,56,0,0,56,45
2020-07-17,US,Wisconsin,Richland,18,4,0,43.3762778,-90.43012729,55103.0,104.33572919081844,22.222222222222218,14,17,4,0,13,17,17377,1,0,0,1,0
2020-07-17,US,Wisconsin,Rock,1124,24,0,42.67151616,-89.07147900000002,55105.0,688.076202602936,2.1352313167259784,1100,1103,24,0,1079,1081,163129,21,0,0,21,22
2020-07-17,US,Wisconsin,Rusk,13,1,0,45.47498854,-91.1333012,55107.0,91.69135280011284,7.6923076923076925,12,13,1,0,12,12,14147,0,0,0,0,1
2020-07-17,US,Wisconsin,Sauk,201,3,0,43.42574087,-89.94966132,55111.0,311.9083827317588,1.492537313432836,198,194,3,0,191,191,64249,7,0,0,7,3
2020-07-17,US,Wisconsin,Sawyer,17,0,0,45.87931905,-91.14504927,55113.0,102.6694045174538,0.0,17,15,0,0,15,15,16489,2,0,0,2,0
2020-07-17,US,Wisconsin,Shawano,107,0,0,44.78902246,-88.76443896,55115.0,261.62008851072153,0.0,107,106,0,0,106,104,40796,1,0,0,1,2
2020-07-17,US,Wisconsin,Sheboygan,368,4,0,43.72099677,-87.94579284,55117.0,319.0567019247443,1.0869565217391304,364,340,4,0,336,326,115456,28,0,0,28,14
2020-07-17,US,Wisconsin,St. Croix,316,2,0,45.03437474,-92.45000068,55109.0,348.4512664439225,0.6329113924050633,314,310,2,0,308,297,89694,6,0,0,6,13
2020-07-17,US,Wisconsin,Taylor,29,0,0,45.21179252,-90.5004405,55119.0,142.5551786855429,0.0,29,26,0,0,26,25,20412,3,0,0,3,1
2020-07-17,US,Wisconsin,Trempealeau,219,0,0,44.30360275,-91.35893614,55121.0,738.6421127188098,0.0,219,213,0,0,213,194,29442,6,0,0,6,19
2020-07-17,US,Wisconsin,Vernon,43,0,0,43.59422667,-90.8324691,55123.0,139.51073908247358,0.0,43,42,0,0,42,42,30785,1,0,0,1,0
2020-07-17,US,Wisconsin,Vilas,18,0,0,46.05467334,-89.51719204,55125.0,81.09934669970714,0.0,18,17,0,0,17,17,21938,1,0,0,1,0
2020-07-17,US,Wisconsin,Walworth,858,18,0,42.66858202,-88.54163073,55127.0,826.0484461046714,2.097902097902098,840,826,18,0,808,815,103718,32,0,0,32,11
2020-07-17,US,Wisconsin,Washburn,6,0,0,45.89838588,-91.79050449,55129.0,38.16793893129771,0.0,6,6,0,0,6,6,15878,0,0,0,0,0
2020-07-17,US,Wisconsin,Washington,535,19,0,43.36863664,-88.22974712,55131.0,393.2840319331932,3.5514018691588785,516,519,19,0,500,510,135693,16,0,0,16,9
2020-07-17,US,Wisconsin,Waukesha,2022,40,0,43.01833055,-88.30431188,55133.0,500.2498775352674,1.9782393669634024,1982,1950,40,0,1910,1878,403072,72,0,0,72,72
2020-07-17,US,Wisconsin,Waupaca,205,13,0,44.47068056,-88.96534501,55135.0,402.03961561090415,6.3414634146341475,192,202,13,0,189,196,51128,3,0,0,3,6
2020-07-17,US,Wisconsin,Waushara,50,0,0,44.11324419,-89.24317107,55137.0,204.5575420365749,0.0,50,49,0,0,49,48,24263,1,0,0,1,1
2020-07-17,US,Wisconsin,Winnebago,817,14,0,44.06886922,-88.64477096,55139.0,475.25697033861326,1.7135862913096696,803,810,14,0,796,804,171020,7,0,0,7,6
2020-07-17,US,Wisconsin,Wood,124,1,0,44.45537896,-90.04158336,55141.0,169.86534062110442,0.8064516129032258,123,120,1,0,119,112,73055,4,0,0,4,8
2020-07-17,US,Wyoming,Albany,55,0,0,41.65498705,-105.72354150000001,56001.0,141.46090534979425,0.0,55,54,0,0,54,53,38601,1,0,0,1,1
2020-07-17,US,Wyoming,Big Horn,31,0,0,44.52405055,-107.9960365,56003.0,262.93469041560644,0.0,31,31,0,0,31,30,11881,0,0,0,0,1
2020-07-17,US,Wyoming,Campbell,93,0,0,44.24886082,-105.54744040000001,56005.0,200.6862173884897,0.0,93,93,0,0,93,93,46140,0,0,0,0,0
2020-07-17,US,Wyoming,Carbon,31,0,0,41.69357844,-106.9326084,56007.0,209.45945945945942,0.0,31,31,0,0,31,29,14971,0,0,0,0,2
2020-07-17,US,Wyoming,Converse,29,0,0,42.97272268,-105.5081848,56009.0,209.81044711329758,0.0,29,28,0,0,28,28,13640,1,0,0,1,0
2020-07-17,US,Wyoming,Crook,9,0,0,44.58855102,-104.56977049999999,56011.0,118.67088607594937,0.0,9,9,0,0,9,8,7450,0,0,0,0,1
2020-07-17,US,Wyoming,Fremont,417,0,0,43.04183996,-108.6296893,56013.0,1062.122717200275,0.0,417,413,0,0,413,407,39531,4,0,0,4,6
2020-07-17,US,Wyoming,Goshen,11,0,0,42.08798185,-104.3534743,56015.0,83.2639467110741,0.0,11,10,0,0,10,10,13376,1,0,0,1,0
2020-07-17,US,Wyoming,Hot Springs,13,0,0,43.71930657,-108.44231740000001,56017.0,294.5841830954,0.0,13,12,0,0,12,12,4555,1,0,0,1,0
2020-07-17,US,Wyoming,Johnson,22,1,0,44.04057166,-106.58451740000001,56019.0,260.5091770278271,4.545454545454546,21,22,1,0,21,22,8460,0,0,0,0,0
2020-07-17,US,Wyoming,Laramie,367,0,0,41.30702520000001,-104.6887497,56021.0,368.8442211055277,0.0,367,359,0,0,359,357,98976,8,0,0,8,2
2020-07-17,US,Wyoming,Lincoln,52,0,0,42.26376367,-110.6563997,56023.0,262.2289460413515,0.0,52,45,0,0,45,43,19434,7,0,0,7,2
2020-07-17,US,Wyoming,Natrona,174,0,0,42.96180148,-106.79788500000001,56025.0,217.88674897943847,0.0,174,173,0,0,173,172,79115,1,0,0,1,1
2020-07-17,US,Wyoming,Niobrara,2,0,0,43.05607708,-104.47588959999999,56027.0,84.88964346349746,0.0,2,2,0,0,2,2,2388,0,0,0,0,0
2020-07-17,US,Wyoming,Park,89,0,0,44.52157546,-109.58528249999999,56029.0,304.85716243063644,0.0,89,89,0,0,89,88,29324,0,0,0,0,1
2020-07-17,US,Wyoming,Platte,4,0,0,42.13299116,-104.96633100000001,56031.0,47.658763255093525,0.0,4,4,0,0,4,4,8566,0,0,0,0,0
2020-07-17,US,Wyoming,Sheridan,39,0,0,44.79048913,-106.8862389,56033.0,127.93176972281452,0.0,39,38,0,0,38,36,30233,1,0,0,1,2
2020-07-17,US,Wyoming,Sublette,17,0,0,42.76558279,-109.91309220000001,56035.0,172.92238836334045,0.0,17,11,0,0,11,10,9813,6,0,0,6,1
2020-07-17,US,Wyoming,Sweetwater,162,0,0,41.65943896,-108.8827882,56037.0,382.5898023286022,0.0,162,158,0,0,158,157,43051,4,0,0,4,1
2020-07-17,US,Wyoming,Teton,187,0,0,43.93522482,-110.5890801,56039.0,796.9655642686669,0.0,187,181,0,0,181,170,23081,6,0,0,6,11
2020-07-17,US,Wyoming,Uinta,219,0,0,41.2878183,-110.54757820000002,56041.0,1082.7647582319787,0.0,219,217,0,0,217,208,20299,2,0,0,2,9
2020-07-17,US,Wyoming,Unassigned,0,23,0,0.0,0.0,90056.0,0.0,0.0,-23,0,23,0,-23,0,,0,0,0,0,0
2020-07-17,US,Wyoming,Washakie,43,0,0,43.90451606,-107.68018700000002,56043.0,550.9288917360666,0.0,43,43,0,0,43,43,7885,0,0,0,0,0
2020-07-17,US,Wyoming,Weston,3,0,0,43.83961191,-104.56748809999999,56045.0,43.308791684712,0.0,3,3,0,0,3,3,6967,0,0,0,0,0
