Date,Country/Region,Province/State,Admin2,Confirmed,Deaths,Recovered,Latitude,Longitude,FIPS,Incidence_Rate,Case-Fatality_Ratio,Active Cases,Previous Confirmed,Previous Deaths,Previous Recovered,Previous Active,Prev2 Confirmed,Population,Daily Confirmed,Daily Deaths,Daily Recovered,Daily Active,Previous Daily Confirmed
2020-10-01,US,Alabama,Autauga,1798,28,0,32.53952745,-86.64408227,1001.0,3218.242674828617,1.5572858731924362,1770,1791,27,0,1764,1787,55601,7,1,0,6,4
2020-10-01,US,Alabama,Baldwin,5997,53,0,30.72774991,-87.72207058,1003.0,2686.418735497281,0.8837752209438052,5944,5640,52,0,5588,5606,218022,357,1,0,356,34
2020-10-01,US,Alabama,Barbour,898,7,0,31.868263,-85.3871286,1005.0,3637.689378595155,0.779510022271715,891,896,7,0,889,886,24881,2,0,0,2,10
2020-10-01,US,Alabama,Bibb,672,10,0,32.99642064,-87.12511459999996,1007.0,3000.8037867285884,1.488095238095238,662,664,11,0,653,658,22400,8,-1,0,9,6
2020-10-01,US,Alabama,Blount,1634,15,0,33.98210918,-86.56790593,1009.0,2825.718534915089,0.9179926560587516,1619,1629,15,0,1614,1621,57840,5,0,0,5,8
2020-10-01,US,Alabama,Bullock,612,16,0,32.10030533,-85.71265535,1011.0,6058.80605880606,2.6143790849673203,596,610,15,0,595,607,10138,2,1,0,1,3
2020-10-01,US,Alabama,Butler,919,40,0,31.75300095,-86.68057478,1013.0,4725.421637186343,4.352557127312297,879,917,40,0,877,917,19680,2,0,0,2,0
2020-10-01,US,Alabama,Calhoun,3587,44,0,33.77483727,-85.82630386,1015.0,3157.4314510804993,1.2266517981600222,3543,3569,44,0,3525,3556,114277,18,0,0,18,13
2020-10-01,US,Alabama,Chambers,1181,42,0,32.91360079,-85.39072749,1017.0,3551.4524568472966,3.5563082133784927,1139,1179,42,0,1137,1175,33615,2,0,0,2,4
2020-10-01,US,Alabama,Cherokee,624,13,0,34.17805983,-85.60638968,1019.0,2382.043060009161,2.083333333333333,611,620,13,0,607,617,26032,4,0,0,4,3
2020-10-01,US,Alabama,Chilton,1610,30,0,32.85044126,-86.7173256,1021.0,3623.840821103809,1.8633540372670807,1580,1609,30,0,1579,1595,44153,1,0,0,1,14
2020-10-01,US,Alabama,Choctaw,357,12,0,32.02227341,-88.26564429999998,1023.0,2835.809039637779,3.361344537815126,345,352,12,0,340,351,12841,5,0,0,5,1
2020-10-01,US,Alabama,Clarke,1125,16,0,31.68099859,-87.83548597,1025.0,4762.509525019051,1.4222222222222225,1109,1109,16,0,1093,1103,23920,16,0,0,16,6
2020-10-01,US,Alabama,Clay,594,9,0,33.26984193,-85.85836077,1027.0,4488.099735549679,1.5151515151515151,585,592,9,0,583,591,13275,2,0,0,2,1
2020-10-01,US,Alabama,Cleburne,414,5,0,33.67679204,-85.52005899,1029.0,2776.6599597585523,1.207729468599034,409,408,5,0,403,394,14987,6,0,0,6,14
2020-10-01,US,Alabama,Coffee,1394,5,0,31.39932826,-85.98901039,1031.0,2663.2532192121053,0.3586800573888092,1389,1393,6,0,1387,1371,51909,1,-1,0,2,22
2020-10-01,US,Alabama,Colbert,1696,26,0,34.69847452,-87.80168544,1033.0,3070.1833782878657,1.5330188679245282,1670,1684,26,0,1658,1677,54762,12,0,0,12,7
2020-10-01,US,Alabama,Conecuh,538,12,0,31.43401703,-86.99320044,1035.0,4458.440374575288,2.2304832713754648,526,538,11,0,527,539,12277,0,1,0,-1,-1
2020-10-01,US,Alabama,Coosa,174,3,0,32.93690146,-86.24847739,1037.0,1631.8109350089096,1.7241379310344829,171,174,3,0,171,174,10715,0,0,0,0,0
2020-10-01,US,Alabama,Covington,1424,28,0,31.247785399999998,-86.45050893,1039.0,3843.558530594618,1.9662921348314608,1396,1416,28,0,1388,1407,36986,8,0,0,8,9
2020-10-01,US,Alabama,Crenshaw,543,30,0,31.72941803,-86.31593104,1041.0,3942.7824571594538,5.524861878453039,513,545,32,0,513,543,13824,-2,-2,0,0,2
2020-10-01,US,Alabama,Cullman,1923,20,0,34.13020303,-86.86888037,1043.0,2295.626014707287,1.0400416016640666,1903,1922,20,0,1902,1919,83442,1,0,0,1,3
2020-10-01,US,Alabama,Dale,1421,44,0,31.43037123,-85.61095742,1045.0,2889.856015618645,3.096410978184377,1377,1418,44,0,1374,1403,48956,3,0,0,3,15
2020-10-01,US,Alabama,Dallas,1799,26,0,32.32688101,-87.10866709999998,1047.0,4836.54156360899,1.4452473596442468,1773,1799,26,0,1773,1798,38310,0,0,0,0,1
2020-10-01,US,Alabama,DeKalb,2481,21,0,34.45946862,-85.80782906,1049.0,3469.2992882412987,0.8464328899637243,2460,2461,21,0,2440,2443,71385,20,0,0,20,18
2020-10-01,US,Alabama,Elmore,2759,49,0,32.59785413,-86.14415284,1051.0,3397.4066913765723,1.7760057992026097,2710,2739,48,0,2691,2719,81887,20,1,0,19,20
2020-10-01,US,Alabama,Escambia,1623,24,0,31.1256789,-87.15918694,1053.0,4430.431578085333,1.478743068391867,1599,1620,24,0,1596,1616,36748,3,0,0,3,4
2020-10-01,US,Alabama,Etowah,3616,45,0,34.04567266,-86.04051873,1055.0,3535.807877341886,1.2444690265486726,3571,3575,45,0,3530,3548,102501,41,0,0,41,27
2020-10-01,US,Alabama,Fayette,473,11,0,33.72076938,-87.73886638,1057.0,2901.4844804318486,2.3255813953488373,462,473,11,0,462,468,16433,0,0,0,0,5
2020-10-01,US,Alabama,Franklin,1808,30,0,34.44235334,-87.84289505,1059.0,5764.938460557362,1.65929203539823,1778,1794,30,0,1764,1791,31363,14,0,0,14,3
2020-10-01,US,Alabama,Geneva,662,6,0,31.09389027,-85.83572839,1061.0,2519.8888508241025,0.9063444108761328,656,650,5,0,645,644,26314,12,1,0,11,6
2020-10-01,US,Alabama,Greene,306,15,0,32.85504247,-87.95684022,1063.0,3772.654419923561,4.901960784313727,291,306,15,0,291,305,8233,0,0,0,0,1
2020-10-01,US,Alabama,Hale,656,28,0,32.76039258,-87.63284988,1065.0,4477.51006757218,4.2682926829268295,628,653,28,0,625,649,14726,3,0,0,3,4
2020-10-01,US,Alabama,Henry,518,5,0,31.51148016,-85.24267944,1067.0,3010.752688172043,0.9652509652509652,513,514,5,0,509,510,17209,4,0,0,4,4
2020-10-01,US,Alabama,Houston,2962,23,0,31.15197924,-85.29939599,1069.0,2797.4537692903423,0.7765023632680621,2939,2954,21,0,2933,2939,104722,8,2,0,6,15
2020-10-01,US,Alabama,Jackson,1624,12,0,34.78144169,-85.99750489,1071.0,3145.701778173789,0.7389162561576355,1612,1611,12,0,1599,1597,51736,13,0,0,13,14
2020-10-01,US,Alabama,Jefferson,20308,354,0,33.55554728,-86.89506300000002,1073.0,3083.636893708063,1.7431554067362616,19954,20221,352,0,19869,19938,659300,87,2,0,85,283
2020-10-01,US,Alabama,Lamar,386,2,0,33.77995024,-88.09668032,1075.0,2796.088373777617,0.5181347150259067,384,382,2,0,380,382,13844,4,0,0,4,0
2020-10-01,US,Alabama,Lauderdale,1772,34,0,34.90171875,-87.65624729,1077.0,1910.9447961263468,1.918735891647856,1738,1759,34,0,1725,1751,92387,13,0,0,13,8
2020-10-01,US,Alabama,Lawrence,644,25,0,34.52041498,-87.31069453,1079.0,1956.019924675009,3.881987577639752,619,636,25,0,611,634,32957,8,0,0,8,2
2020-10-01,US,Alabama,Lee,6043,61,0,32.60154883,-85.35132246,1081.0,3672.618541162743,1.0094324011252689,5982,6017,61,0,5956,5971,163941,26,0,0,26,46
2020-10-01,US,Alabama,Limestone,2174,20,0,34.81185586,-86.98310072,1083.0,2197.8466360006064,0.9199632014719412,2154,2157,20,0,2137,2144,96174,17,0,0,17,13
2020-10-01,US,Alabama,Lowndes,659,27,0,32.1597283,-86.65158371,1085.0,6775.652889163068,4.0971168437025804,632,659,27,0,632,659,9974,0,0,0,0,0
2020-10-01,US,Alabama,Macon,485,18,0,32.38759944,-85.69267724,1087.0,2684.303741421297,3.7113402061855667,467,483,18,0,465,483,18439,2,0,0,2,0
2020-10-01,US,Alabama,Madison,8056,78,0,34.76327133,-86.55069633,1089.0,2160.3125695545027,0.968222442899702,7978,8005,80,0,7925,7981,366519,51,-2,0,53,24
2020-10-01,US,Alabama,Marengo,732,19,0,32.24767634,-87.78796182,1091.0,3880.6128399512263,2.5956284153005464,713,728,20,0,708,726,19066,4,-1,0,5,2
2020-10-01,US,Alabama,Marion,981,29,0,34.13697363,-87.88704173,1093.0,3302.029687973341,2.9561671763506627,952,976,29,0,947,975,29763,5,0,0,5,1
2020-10-01,US,Alabama,Marshall,3995,46,0,34.36975964,-86.30486727,1095.0,4128.1749230165115,1.1514392991239049,3949,3983,45,0,3938,3975,96109,12,1,0,11,8
2020-10-01,US,Alabama,Mobile,13619,295,0,30.78472347,-88.20842409,1097.0,3295.9028097093487,2.166091489830384,13324,13558,295,0,13263,13507,413757,61,0,0,61,51
2020-10-01,US,Alabama,Monroe,592,8,0,31.56729412,-87.36995001,1099.0,2855.3513722085563,1.351351351351351,584,592,8,0,584,590,21067,0,0,0,0,2
2020-10-01,US,Alabama,Montgomery,8918,187,0,32.2206831,-86.20969272,1101.0,3937.550223854896,2.096882709127607,8731,8894,187,0,8707,8866,225763,24,0,0,24,28
2020-10-01,US,Alabama,Morgan,3362,29,0,34.45500589,-86.85475946,1103.0,2809.181226447413,0.8625817965496728,3333,3349,29,0,3320,3334,119089,13,0,0,13,15
2020-10-01,US,Alabama,Perry,543,6,0,32.64048341,-87.29770589,1105.0,6085.397287907656,1.1049723756906078,537,543,6,0,537,542,9140,0,0,0,0,1
2020-10-01,US,Alabama,Pickens,674,15,0,33.28094866,-88.08818103,1107.0,3381.8364274962373,2.225519287833828,659,672,15,0,657,670,19938,2,0,0,2,2
2020-10-01,US,Alabama,Pike,1224,12,0,31.80396383,-85.9408295,1109.0,3696.32179742707,0.9803921568627452,1212,1220,11,0,1209,1216,33338,4,1,0,3,4
2020-10-01,US,Alabama,Randolph,678,13,0,33.29526734,-85.45708831,1111.0,2983.892263005017,1.9174041297935105,665,672,13,0,659,666,22725,6,0,0,6,6
2020-10-01,US,Alabama,Russell,1796,3,0,32.28725256,-85.18415324,1113.0,3098.635289246217,0.16703786191536749,1793,1790,3,0,1787,1768,57781,6,0,0,6,22
2020-10-01,US,Alabama,Shelby,6221,50,0,33.26879845,-86.66232561,1117.0,2857.5759524487603,0.8037293039704227,6171,6164,50,0,6114,6074,215707,57,0,0,57,90
2020-10-01,US,Alabama,St. Clair,2389,37,0,33.71902176,-86.31029372,1115.0,2668.915899544196,1.5487651737128505,2352,2379,37,0,2342,2359,88690,10,0,0,10,20
2020-10-01,US,Alabama,Sumter,436,21,0,32.59117397,-88.19916205,1119.0,3508.4895791421905,4.816513761467889,415,434,19,0,415,437,12691,2,2,0,0,-3
2020-10-01,US,Alabama,Talladega,2192,30,0,33.37823223,-86.16886178,1121.0,2740.753707269499,1.368613138686131,2162,2190,30,0,2160,2178,79828,2,0,0,2,12
2020-10-01,US,Alabama,Tallapoosa,1178,85,0,32.86698258,-85.79833053,1123.0,2918.225283028216,7.215619694397284,1093,1173,85,0,1088,1171,40497,5,0,0,5,2
2020-10-01,US,Alabama,Tuscaloosa,9040,118,0,33.28726072,-87.52556818,1125.0,4318.024408301689,1.3053097345132745,8922,9029,118,0,8911,8837,208911,11,0,0,11,192
2020-10-01,US,Alabama,Walker,2376,88,0,33.80270512,-87.30027177,1127.0,3740.495269281025,3.703703703703704,2288,2369,87,0,2282,2354,63711,7,1,0,6,15
2020-10-01,US,Alabama,Washington,562,12,0,31.4092794,-88.20689944,1129.0,3442.361876760994,2.1352313167259784,550,560,12,0,548,560,16378,2,0,0,2,0
2020-10-01,US,Alabama,Wilcox,534,11,0,31.98773215,-87.30891118,1131.0,5147.980333558277,2.059925093632959,523,532,11,0,521,532,10627,2,0,0,2,0
2020-10-01,US,Alabama,Winston,753,12,0,34.15030532,-87.37325922,1133.0,3186.762029709256,1.593625498007968,741,751,12,0,739,750,23660,2,0,0,2,1
2020-10-01,US,Alaska,Aleutians East,3,0,0,55.32222414,-161.9722021,2013.0,89.90110878034163,0.0,3,3,0,0,3,3,3515,0,0,0,0,0
2020-10-01,US,Alaska,Aleutians West,8,0,0,52.3233,-174.1596,2016.0,141.9950301739439,0.0,8,8,0,0,8,9,5723,0,0,0,0,-1
2020-10-01,US,Alaska,Anchorage,4474,36,0,61.14998174,-149.14269860000005,2020.0,1553.4722222222226,0.8046490835940993,4438,4414,35,0,4379,4353,291538,60,1,0,59,61
2020-10-01,US,Alaska,Bethel,115,1,0,60.90980451,-159.8561831,2050.0,625.4759055803329,0.8695652173913043,114,114,1,0,113,110,18216,1,0,0,1,4
2020-10-01,US,Alaska,Bristol Bay,10,0,0,58.74513976,-156.701064,2060.0,1196.1722488038274,0.0,10,10,0,0,10,10,877,0,0,0,0,0
2020-10-01,US,Alaska,Denali,9,0,0,63.67264044,-150.0076108,2068.0,429.1845493562232,0.0,9,7,0,0,7,7,2059,2,0,0,2,0
2020-10-01,US,Alaska,Dillingham,9,0,0,59.79603738,-158.23819419999995,2070.0,183.0756712774613,0.0,9,9,0,0,9,9,5000,0,0,0,0,0
2020-10-01,US,Alaska,Fairbanks North Star,1163,11,0,64.80726247,-146.5692662,2090.0,1200.8384185691127,0.945829750644884,1152,1138,11,0,1127,1122,98971,25,0,0,25,16
2020-10-01,US,Alaska,Haines,5,0,0,59.09893571,-135.4679843,2100.0,197.6284584980237,0.0,5,5,0,0,5,5,2474,0,0,0,0,0
2020-10-01,US,Alaska,Juneau,295,1,0,58.45031811,-134.200436,2110.0,922.6246325139177,0.3389830508474576,294,294,1,0,293,291,32113,1,0,0,1,3
2020-10-01,US,Alaska,Kenai Peninsula,456,3,0,60.24429722,-151.53888840000005,2122.0,776.7254888601213,0.6578947368421053,453,454,3,0,451,452,58533,2,0,0,2,2
2020-10-01,US,Alaska,Ketchikan Gateway,50,0,0,55.57445008,-130.975561,2130.0,359.68635349974824,0.0,50,50,0,0,50,50,13918,0,0,0,0,0
2020-10-01,US,Alaska,Kodiak Island,26,0,0,57.65529415,-153.7493579,2150.0,200.03077396522545,0.0,26,24,0,0,24,22,13345,2,0,0,2,2
2020-10-01,US,Alaska,Kusilvak,14,0,0,62.15429159999999,-163.39678830000003,2158.0,168.39066634592254,0.0,14,14,0,0,14,14,8303,0,0,0,0,0
2020-10-01,US,Alaska,Matanuska-Susitna,634,2,0,62.31305045,-149.5741743,2170.0,585.3190173287664,0.3154574132492113,632,624,2,0,622,622,107610,10,0,0,10,2
2020-10-01,US,Alaska,Nome,79,0,0,64.90320724,-164.0353804,2180.0,789.6841263494603,0.0,79,73,0,0,73,71,10008,6,0,0,6,2
2020-10-01,US,Alaska,North Slope,137,0,0,69.31479216,-153.4836093,2185.0,1393.4092758340116,0.0,137,132,0,0,132,129,9872,5,0,0,5,3
2020-10-01,US,Alaska,Northwest Arctic,126,0,0,67.04919196,-159.7503946,2188.0,1653.3263351266235,0.0,126,118,0,0,118,113,7671,8,0,0,8,5
2020-10-01,US,Alaska,Petersburg,7,1,0,57.13978948,-132.9540995,2195.0,214.32945499081444,14.285714285714285,6,7,1,0,6,7,3221,0,0,0,0,0
2020-10-01,US,Alaska,Prince of Wales-Hyder,31,0,0,55.76261984,-133.0511621,2198.0,499.7581815250685,0.0,31,31,0,0,31,31,6422,0,0,0,0,0
2020-10-01,US,Alaska,Sitka,53,0,0,57.24124555,-135.3206587,2220.0,624.0433298010126,0.0,53,53,0,0,53,50,8647,0,0,0,0,3
2020-10-01,US,Alaska,Southeast Fairbanks,28,0,0,63.87692095,-143.2127643,2240.0,406.2091977368345,0.0,28,28,0,0,28,27,6918,0,0,0,0,1
2020-10-01,US,Alaska,Unassigned,19,0,0,0.0,0.0,90002.0,0.0,0.0,19,19,0,0,19,20,,0,0,0,0,-1
2020-10-01,US,Alaska,Valdez-Cordova,79,0,0,61.47502768,-144.7126799,2261.0,858.509019778309,0.0,79,77,0,0,77,77,9164,2,0,0,2,0
2020-10-01,US,Alaska,Wrangell,13,0,0,56.3202004,-132.05837309999998,2275.0,519.5843325339728,0.0,13,13,0,0,13,13,2503,0,0,0,0,0
2020-10-01,US,Alaska,Yakutat,24,0,0,59.890980799999994,-140.36014509999998,2282.0,4145.077720207254,0.0,24,24,0,0,24,24,604,0,0,0,0,0
2020-10-01,US,Alaska,Yukon-Koyukuk,81,2,0,65.50815459,-151.39073869999999,2290.0,1548.7571701720844,2.469135802469136,79,81,2,0,79,81,5327,0,0,0,0,0
2020-10-01,US,Arizona,Apache,3569,165,0,35.39465006,-109.4892383,4001.0,4964.736322283584,4.623143737741664,3404,3554,165,0,3389,3528,71818,15,0,0,15,26
2020-10-01,US,Arizona,Cochise,1912,73,0,31.87934684,-109.7516088,4003.0,1518.4002795381268,3.8179916317991633,1839,1911,72,0,1839,1905,126770,1,1,0,0,6
2020-10-01,US,Arizona,Coconino,4198,144,0,35.83883429,-111.77071780000001,4005.0,2925.924893361956,3.4302048594568837,4054,4166,144,0,4022,4133,142854,32,0,0,32,33
2020-10-01,US,Arizona,Gila,1372,57,0,33.80190085,-110.8132779,4007.0,2539.8941093709504,4.154518950437318,1315,1346,56,0,1290,1328,53889,26,1,0,25,18
2020-10-01,US,Arizona,Graham,868,25,0,32.93166885,-109.8882178,4009.0,2234.9821046939774,2.880184331797235,843,851,25,0,826,843,38072,17,0,0,17,8
2020-10-01,US,Arizona,Greenlee,59,1,0,33.21498827,-109.2405279,4011.0,621.1834070330598,1.6949152542372878,58,59,1,0,58,59,9483,0,0,0,0,0
2020-10-01,US,Arizona,La Paz,545,15,0,33.72854224,-113.98100290000001,4012.0,2581.959446655297,2.7522935779816518,530,544,15,0,529,545,21098,1,0,0,1,-1
2020-10-01,US,Arizona,Maricopa,142287,3405,0,33.34835867,-112.49181540000001,4013.0,3172.215541307893,2.3930506652048327,138882,141856,3392,0,138464,141738,4410824,431,13,0,418,118
2020-10-01,US,Arizona,Mohave,4017,227,0,35.70471703,-113.7577902,4015.0,1893.1949609060187,5.650983320886233,3790,4004,226,0,3778,3997,209550,13,1,0,12,7
2020-10-01,US,Arizona,Navajo,5802,236,0,35.3997715,-110.3218983,4017.0,5230.608344452057,4.067562909341606,5566,5801,235,0,5566,5783,110445,1,1,0,0,18
2020-10-01,US,Arizona,Pima,25706,622,0,32.0971334,-111.7890033,4019.0,2454.5512704828416,2.419668559869291,25084,25628,620,0,25008,25569,1039073,78,2,0,76,59
2020-10-01,US,Arizona,Pinal,10672,210,0,32.90525627,-111.3449483,4021.0,2306.0185095151355,1.9677661169415293,10462,10642,208,0,10434,10627,447138,30,2,0,28,15
2020-10-01,US,Arizona,Santa Cruz,2857,63,0,31.52508998,-110.8479088,4023.0,6144.35029463633,2.205110255512776,2794,2849,63,0,2786,2848,46511,8,0,0,8,1
2020-10-01,US,Arizona,Unassigned,0,1,0,0.0,0.0,90004.0,0.0,0.0,-1,0,1,0,-1,0,,0,0,0,0,0
2020-10-01,US,Arizona,Yavapai,2583,84,0,34.59933926,-112.5538588,4025.0,1098.6860854363479,3.2520325203252027,2499,2566,82,0,2484,2558,231993,17,2,0,15,8
2020-10-01,US,Arizona,Yuma,12765,346,0,32.76895712,-113.90666740000002,4027.0,5970.896265909528,2.7105366235801025,12419,12730,345,0,12385,12723,212128,35,1,0,34,7
2020-10-01,US,Arkansas,Arkansas,432,10,0,34.29145151,-91.37277296,5001.0,2470.547866864921,2.314814814814815,422,426,9,0,417,417,17769,6,1,0,5,9
2020-10-01,US,Arkansas,Ashley,443,11,0,33.19153461,-91.76984709999999,5003.0,2253.6500992013025,2.4830699774266365,432,436,10,0,426,435,20046,7,1,0,6,1
2020-10-01,US,Arkansas,Baxter,383,2,0,36.28784385,-92.33782872,5005.0,913.3835734045598,0.5221932114882507,381,366,2,0,364,357,41619,17,0,0,17,9
2020-10-01,US,Arkansas,Benton,6767,93,0,36.33644656,-94.25680817,5007.0,2424.222883775583,1.3743165361312253,6674,6699,93,0,6606,6635,272608,68,0,0,68,64
2020-10-01,US,Arkansas,Boone,774,14,0,36.3084504,-93.09374925,5009.0,2067.7495191280186,1.8087855297157625,760,752,13,0,739,736,37480,22,1,0,21,16
2020-10-01,US,Arkansas,Bradley,344,8,0,33.46755808,-92.15980837,5011.0,3196.134906624547,2.3255813953488373,336,342,8,0,334,342,10897,2,0,0,2,0
2020-10-01,US,Arkansas,Calhoun,36,0,0,33.55598792,-92.49974403,5013.0,693.7752938909233,0.0,36,36,0,0,36,36,5277,0,0,0,0,0
2020-10-01,US,Arkansas,Carroll,725,10,0,36.34038560000001,-93.54270261,5015.0,2554.6159267089497,1.3793103448275863,715,710,10,0,700,688,28223,15,0,0,15,22
2020-10-01,US,Arkansas,Chicot,1009,22,0,33.26458973,-91.29539209,5017.0,9972.326546748367,2.180376610505451,987,1007,22,0,985,1007,10438,2,0,0,2,0
2020-10-01,US,Arkansas,Clark,367,4,0,34.04613432,-93.17484713,5019.0,1644.2652329749105,1.0899182561307903,363,357,4,0,353,350,22061,10,0,0,10,7
2020-10-01,US,Arkansas,Clay,324,8,0,36.36826212,-90.4148172,5021.0,2226.651089272215,2.469135802469136,316,314,8,0,306,304,14847,10,0,0,10,10
2020-10-01,US,Arkansas,Cleburne,343,9,0,35.53864922,-92.02640019,5023.0,1376.4597295236565,2.623906705539359,334,338,9,0,329,334,24965,5,0,0,5,4
2020-10-01,US,Arkansas,Cleveland,187,12,0,33.89723187,-92.18537045,5025.0,2350.4273504273506,6.4171122994652405,175,186,12,0,174,186,8018,1,0,0,1,0
2020-10-01,US,Arkansas,Columbia,520,18,0,33.21230701,-93.22642793,5027.0,2216.8222705375792,3.4615384615384617,502,500,18,0,482,480,23537,20,0,0,20,20
2020-10-01,US,Arkansas,Conway,279,3,0,35.26205537,-92.70506566,5029.0,1338.3862611532186,1.075268817204301,276,273,3,0,270,272,20891,6,0,0,6,1
2020-10-01,US,Arkansas,Craighead,3124,23,0,35.83018283,-90.63235729,5031.0,2831.4541565456984,0.736235595390525,3101,3076,22,0,3054,3015,108558,48,1,0,47,61
2020-10-01,US,Arkansas,Crawford,1503,16,0,35.58928601,-94.2446814,5033.0,2376.0216260651,1.0645375914836992,1487,1465,16,0,1449,1436,63406,38,0,0,38,29
2020-10-01,US,Arkansas,Crittenden,1983,46,0,35.21247318,-90.30839406,5035.0,4135.126681263685,2.319717599596571,1937,1970,46,0,1924,1959,48342,13,0,0,13,11
2020-10-01,US,Arkansas,Cross,461,13,0,35.29631396,-90.77185818,5037.0,2807.722760216822,2.8199566160520613,448,453,13,0,440,446,16676,8,0,0,8,7
2020-10-01,US,Arkansas,Dallas,167,5,0,33.97042763,-92.65167437,5039.0,2382.6508774432873,2.9940119760479043,162,166,5,0,161,166,7182,1,0,0,1,0
2020-10-01,US,Arkansas,Desha,307,6,0,33.83011025,-91.25500948,5041.0,2702.2269166446617,1.954397394136808,301,300,6,0,294,300,11512,7,0,0,7,0
2020-10-01,US,Arkansas,Drew,359,7,0,33.59035001,-91.71777921,5043.0,1970.4703880564248,1.9498607242339836,352,359,7,0,352,357,18328,0,0,0,0,2
2020-10-01,US,Arkansas,Faulkner,2596,20,0,35.14719007,-92.33717519,5045.0,2060.2030045949828,0.7704160246533128,2576,2566,20,0,2546,2531,124806,30,0,0,30,35
2020-10-01,US,Arkansas,Franklin,304,2,0,35.51202821,-93.89299569,5047.0,1716.0598362969235,0.6578947368421053,302,293,2,0,291,286,17810,11,0,0,11,7
2020-10-01,US,Arkansas,Fulton,186,4,0,36.38177105,-91.81729127,5049.0,1490.7429670593892,2.150537634408602,182,177,4,0,173,169,12269,9,0,0,9,8
2020-10-01,US,Arkansas,Garland,1977,53,0,34.57692074,-93.14921604,5051.0,1989.21377256354,2.6808295397066257,1924,1949,53,0,1896,1930,99154,28,0,0,28,19
2020-10-01,US,Arkansas,Grant,274,2,0,34.29017991,-92.42320562,5053.0,1500.1368738023543,0.7299270072992701,272,272,2,0,270,271,18188,2,0,0,2,1
2020-10-01,US,Arkansas,Greene,928,11,0,36.11735460000001,-90.55832668,5055.0,2047.4351902923327,1.1853448275862069,917,909,10,0,899,894,45325,19,1,0,18,15
2020-10-01,US,Arkansas,Hempstead,393,4,0,33.73325583,-93.66935133,5057.0,1825.190414267137,1.0178117048346056,389,382,4,0,378,376,21741,11,0,0,11,6
2020-10-01,US,Arkansas,Hot Spring,1928,27,0,34.31709259,-92.95396325,5059.0,5709.040300849842,1.400414937759336,1901,1921,27,0,1894,1917,33701,7,0,0,7,4
2020-10-01,US,Arkansas,Howard,493,12,0,34.09007427,-93.9934871,5061.0,3734.282684441752,2.4340770791075053,481,485,12,0,473,482,13341,8,0,0,8,3
2020-10-01,US,Arkansas,Independence,1162,21,0,35.74242707,-91.57001641,5063.0,3072.042300066094,1.8072289156626504,1141,1148,21,0,1127,1116,37678,14,0,0,14,32
2020-10-01,US,Arkansas,Izard,260,0,0,36.09604046,-91.90847954,5065.0,1907.6968229510605,0.0,260,253,0,0,253,252,13593,7,0,0,7,1
2020-10-01,US,Arkansas,Jackson,380,1,0,35.59802983,-91.21494602,5067.0,2272.8632095221005,0.2631578947368421,379,359,1,0,358,335,16811,21,0,0,21,24
2020-10-01,US,Arkansas,Jefferson,3413,80,0,34.26767081,-91.92619839,5069.0,5107.446426433617,2.3439789041898624,3333,3393,79,0,3314,3369,68114,20,1,0,19,24
2020-10-01,US,Arkansas,Johnson,866,7,0,35.56759135,-93.46036368,5071.0,3258.333960418391,0.8083140877598153,859,859,7,0,852,859,26742,7,0,0,7,0
2020-10-01,US,Arkansas,Lafayette,118,2,0,33.24116713,-93.60677071,5073.0,1781.4009661835748,1.6949152542372878,116,117,2,0,115,114,6682,1,0,0,1,3
2020-10-01,US,Arkansas,Lawrence,471,12,0,36.04188196,-91.10867198,5075.0,2870.9008899183227,2.5477707006369426,459,461,12,0,449,449,16434,10,0,0,10,12
2020-10-01,US,Arkansas,Lee,1068,18,0,34.78498904,-90.78383866,5077.0,12058.259004177487,1.6853932584269662,1050,1065,18,0,1047,1063,8985,3,0,0,3,2
2020-10-01,US,Arkansas,Lincoln,2026,15,0,33.95317155,-91.74002806,5079.0,15555.896805896806,0.7403751233958539,2011,2025,15,0,2010,2020,13383,1,0,0,1,5
2020-10-01,US,Arkansas,Little River,366,26,0,33.70375665,-94.23468591,5081.0,2985.561628191533,7.103825136612022,340,362,26,0,336,359,12326,4,0,0,4,3
2020-10-01,US,Arkansas,Logan,425,1,0,35.21413234,-93.71951016,5083.0,1979.8751514022167,0.2352941176470588,424,421,1,0,420,415,21737,4,0,0,4,6
2020-10-01,US,Arkansas,Lonoke,1263,17,0,34.75392199,-91.88742357,5085.0,1722.8443983685495,1.3460015835312746,1246,1230,17,0,1213,1210,73657,33,0,0,33,20
2020-10-01,US,Arkansas,Madison,370,3,0,36.01038185,-93.72524943,5087.0,2232.1428571428573,0.8108108108108109,367,365,3,0,362,357,16481,5,0,0,5,8
2020-10-01,US,Arkansas,Marion,105,0,0,36.26844485,-92.68451899,5089.0,628.9684916736552,0.0,105,102,0,0,102,99,16722,3,0,0,3,3
2020-10-01,US,Arkansas,Miller,867,11,0,33.31403423,-93.89285258,5091.0,2004.299882100007,1.268742791234141,856,857,11,0,846,841,43592,10,0,0,10,16
2020-10-01,US,Arkansas,Mississippi,1728,51,0,35.76271485,-90.05194370000002,5093.0,4250.817938058104,2.951388888888889,1677,1708,51,0,1657,1694,41239,20,0,0,20,14
2020-10-01,US,Arkansas,Monroe,139,0,0,34.6815935,-91.20540287,5095.0,2074.3172660796895,0.0,139,135,0,0,135,135,6900,4,0,0,4,0
2020-10-01,US,Arkansas,Montgomery,160,6,0,34.53704874,-93.65824478,5097.0,1780.5475183618964,3.75,154,155,6,0,149,154,8924,5,0,0,5,1
2020-10-01,US,Arkansas,Nevada,226,13,0,33.66340119,-93.30632432,5099.0,2738.7300048473103,5.7522123893805315,213,224,13,0,211,223,8326,2,0,0,2,1
2020-10-01,US,Arkansas,Newton,250,19,0,35.91947491,-93.21612969,5101.0,3224.558235521733,7.6,231,248,19,0,229,244,7805,2,0,0,2,4
2020-10-01,US,Arkansas,Ouachita,270,6,0,33.58839816,-92.87795984,5103.0,1154.7344110854503,2.2222222222222223,264,269,6,0,263,264,23606,1,0,0,1,5
2020-10-01,US,Arkansas,Perry,90,0,0,34.945915299999996,-92.94372564,5105.0,860.8321377331421,0.0,90,89,0,0,89,88,10352,1,0,0,1,1
2020-10-01,US,Arkansas,Phillips,529,13,0,34.43268455,-90.84800154,5107.0,2974.918456866494,2.457466918714556,516,515,12,0,503,509,18029,14,1,0,13,6
2020-10-01,US,Arkansas,Pike,234,3,0,34.16250414,-93.65789349,5109.0,2183.243142377309,1.2820512820512822,231,234,3,0,231,231,10673,0,0,0,0,3
2020-10-01,US,Arkansas,Poinsett,693,14,0,35.57433534,-90.66268713,5111.0,2945.4267256035364,2.0202020202020203,679,675,14,0,661,663,23974,18,0,0,18,12
2020-10-01,US,Arkansas,Polk,272,4,0,34.48254879,-94.22728802,5113.0,1362.4524143458225,1.4705882352941178,268,268,4,0,264,268,20049,4,0,0,4,0
2020-10-01,US,Arkansas,Pope,2180,33,0,35.44871474,-93.03212219,5115.0,3402.422274940692,1.5137614678899085,2147,2166,33,0,2133,2153,64000,14,0,0,14,13
2020-10-01,US,Arkansas,Prairie,158,2,0,34.83624419,-91.55162157,5117.0,1959.8114611758872,1.2658227848101269,156,154,2,0,152,150,8074,4,0,0,4,4
2020-10-01,US,Arkansas,Pulaski,9612,154,0,34.77054088,-92.31355101,5119.0,2452.5976561004927,1.6021639617145236,9458,9509,153,0,9356,9422,392680,103,1,0,102,87
2020-10-01,US,Arkansas,Randolph,448,22,0,36.3415714,-91.02455531,5121.0,2494.7098786056354,4.910714285714286,426,442,22,0,420,430,17948,6,0,0,6,12
2020-10-01,US,Arkansas,Saline,2197,23,0,34.64916145,-92.67583224,5125.0,1794.3922180386649,1.0468821119708691,2174,2130,23,0,2107,2116,121421,67,0,0,67,14
2020-10-01,US,Arkansas,Scott,111,1,0,34.85588887,-94.0632176,5127.0,1079.661511526116,0.9009009009009008,110,106,1,0,105,106,10319,5,0,0,5,0
2020-10-01,US,Arkansas,Searcy,151,1,0,35.9109364,-92.69936482,5129.0,1916.0005075498034,0.6622516556291391,150,148,1,0,147,146,7958,3,0,0,3,2
2020-10-01,US,Arkansas,Sebastian,3856,61,0,35.19605503,-94.27162713,5131.0,3016.57709247655,1.5819502074688796,3795,3812,61,0,3751,3779,127753,44,0,0,44,33
2020-10-01,US,Arkansas,Sevier,1208,18,0,33.99780401,-94.2424869,5133.0,7102.957605691774,1.4900662251655632,1190,1207,18,0,1189,1206,17139,1,0,0,1,1
2020-10-01,US,Arkansas,Sharp,242,6,0,36.16258158,-91.47819342,5135.0,1387.4555670221305,2.479338842975207,236,239,6,0,233,228,17366,3,0,0,3,11
2020-10-01,US,Arkansas,St. Francis,1547,6,0,35.02201976,-90.74828138,5123.0,6189.485476514364,0.3878474466709761,1541,1542,6,0,1536,1519,25439,5,0,0,5,23
2020-10-01,US,Arkansas,Stone,367,13,0,35.86251946,-92.15684085,5137.0,2934.591396129857,3.5422343324250685,354,365,13,0,352,361,12457,2,0,0,2,4
2020-10-01,US,Arkansas,Unassigned,1970,0,0,0.0,0.0,90005.0,0.0,0.0,1970,1911,0,0,1911,1892,,59,0,0,59,19
2020-10-01,US,Arkansas,Union,924,46,0,33.16887091,-92.59746952,5139.0,2388.707926167209,4.978354978354979,878,911,40,0,871,901,39126,13,6,0,7,10
2020-10-01,US,Arkansas,Van Buren,178,3,0,35.58095779,-92.51295036,5141.0,1075.8537322453913,1.6853932584269662,175,176,3,0,173,174,16603,2,0,0,2,2
2020-10-01,US,Arkansas,Washington,9763,118,0,35.976844,-94.21800746,5143.0,4081.743573020273,1.2086448837447503,9645,9645,118,0,9527,9549,236961,118,0,0,118,96
2020-10-01,US,Arkansas,White,925,29,0,35.25688493,-91.74908296,5145.0,1174.5584295201452,3.135135135135135,896,898,29,0,869,866,78727,27,0,0,27,32
2020-10-01,US,Arkansas,Woodruff,57,0,0,35.18902527,-91.2439489,5147.0,901.8987341772153,0.0,57,55,0,0,55,54,6490,2,0,0,2,1
2020-10-01,US,Arkansas,Yell,1260,30,0,35.00292371,-93.41171338,5149.0,5904.1282039267135,2.380952380952381,1230,1259,29,0,1230,1258,21535,1,1,0,0,1
2020-10-01,US,California,Alameda,21458,420,0,37.64629437,-121.8929271,6001.0,1283.8884504487148,1.9573119582440115,21038,21383,412,0,20971,21323,1666753,75,8,0,67,60
2020-10-01,US,California,Alpine,2,0,0,38.59678594,-119.82235940000001,6003.0,177.14791851195747,0.0,2,2,0,0,2,2,1101,0,0,0,0,0
2020-10-01,US,California,Amador,296,16,0,38.44583082,-120.65696000000001,6005.0,744.6166230629906,5.405405405405406,280,296,16,0,280,296,39383,0,0,0,0,0
2020-10-01,US,California,Butte,2858,45,0,39.66727762,-121.6005252,6007.0,1303.9153960563174,1.5745276417074878,2813,2848,44,0,2804,2837,231256,10,1,0,9,11
2020-10-01,US,California,Calaveras,322,14,0,38.20537103,-120.55291299999999,6009.0,701.4486439385687,4.3478260869565215,308,322,14,0,308,317,45602,0,0,0,0,5
2020-10-01,US,California,Colusa,536,6,0,39.17881957,-122.2331726,6011.0,2487.585278693089,1.1194029850746268,530,535,6,0,529,532,21627,1,0,0,1,3
2020-10-01,US,California,Contra Costa,16896,209,0,37.91923498,-121.9289527,6013.0,1464.7264127553256,1.2369791666666667,16687,16793,207,0,16586,16702,1150215,103,2,0,101,91
2020-10-01,US,California,Del Norte,144,1,0,41.74228275,-123.89740630000001,6015.0,517.7621170717675,0.6944444444444444,143,144,1,0,143,139,27828,0,0,0,0,5
2020-10-01,US,California,El Dorado,1157,4,0,38.77965956,-120.5233166,6017.0,599.9699237203321,0.3457216940363008,1153,1151,4,0,1147,1144,190678,6,0,0,6,7
2020-10-01,US,California,Fresno,28706,390,0,36.75733899,-119.6466953,6019.0,2873.182991509367,1.3586009893402076,28316,28621,390,0,28231,28517,994400,85,0,0,85,104
2020-10-01,US,California,Glenn,597,3,0,39.59875897,-122.3938452,6021.0,2102.6309301588417,0.5025125628140703,594,596,3,0,593,593,28047,1,0,0,1,3
2020-10-01,US,California,Humboldt,515,8,0,40.69923009,-123.876044,6023.0,379.9111819295062,1.5533980582524272,507,512,8,0,504,509,136373,3,0,0,3,3
2020-10-01,US,California,Imperial,11993,323,0,33.0393082,-115.36690420000001,6025.0,6618.1055652125915,2.6932377220045027,11670,11908,320,0,11588,11877,181827,85,3,0,82,31
2020-10-01,US,California,Inyo,189,15,0,36.51112084,-117.41119779999998,6027.0,1047.7299185098952,7.936507936507938,174,188,15,0,173,188,17987,1,0,0,1,0
2020-10-01,US,California,Kern,32128,370,0,35.34329425,-118.72777959999999,6029.0,3568.9767407759587,1.1516434262948207,31758,32073,369,0,31704,32019,896764,55,1,0,54,54
2020-10-01,US,California,Kings,7685,80,0,36.07409056,-119.8159973,6031.0,5024.846344971885,1.0409889394925178,7605,7681,80,0,7601,7661,151366,4,0,0,4,20
2020-10-01,US,California,Lake,567,11,0,39.10124298,-122.75362439999999,6033.0,880.6262230919765,1.9400352733686064,556,566,11,0,555,559,64382,1,0,0,1,7
2020-10-01,US,California,Lassen,742,0,0,40.67311306,-120.59350990000002,6035.0,2426.9780525300102,0.0,742,741,0,0,741,741,30802,1,0,0,1,0
2020-10-01,US,California,Los Angeles,271371,6610,0,34.30828379,-118.22824109999999,6037.0,2703.138834958129,2.435779799610128,264761,270299,6576,0,263723,269284,10105518,1072,34,0,1038,1015
2020-10-01,US,California,Madera,4614,68,0,37.21513971,-119.76655890000002,6039.0,2932.74517406421,1.4737754659731253,4546,4583,68,0,4515,4557,157672,31,0,0,31,26
2020-10-01,US,California,Marin,6742,119,0,38.07122463,-122.72106310000001,6041.0,2604.83877199354,1.7650548798576091,6623,6734,119,0,6615,6727,259666,8,0,0,8,7
2020-10-01,US,California,Mariposa,76,2,0,37.57978556,-119.9073334,6043.0,441.7834098703714,2.631578947368421,74,76,2,0,74,76,17471,0,0,0,0,0
2020-10-01,US,California,Mendocino,964,19,0,39.4381191,-123.39113130000001,6045.0,1111.2520029049326,1.970954356846473,945,954,18,0,936,939,87606,10,1,0,9,15
2020-10-01,US,California,Merced,8993,145,0,37.18922369,-120.72090349999999,6047.0,3238.6199942379717,1.6123651729122648,8848,8961,143,0,8818,8939,274765,32,2,0,30,22
2020-10-01,US,California,Modoc,27,0,0,41.58965602,-120.7244817,6049.0,305.3953172718018,0.0,27,27,0,0,27,27,8777,0,0,0,0,0
2020-10-01,US,California,Mono,167,2,0,37.93899289,-118.8872409,6051.0,1156.1894212129605,1.1976047904191616,165,166,2,0,164,166,14250,1,0,0,1,0
2020-10-01,US,California,Monterey,10087,73,0,36.21862405,-121.24133970000001,6053.0,2323.866921930328,0.7237037771388917,10014,10050,73,0,9977,10008,435594,37,0,0,37,42
2020-10-01,US,California,Napa,1728,13,0,38.50735751,-122.33283899999999,6055.0,1254.5011034963409,0.7523148148148148,1715,1727,13,0,1714,1705,139417,1,0,0,1,22
2020-10-01,US,California,Nevada,543,7,0,39.30394768,-120.76272809999999,6057.0,544.3336173625382,1.2891344383057088,536,541,7,0,534,540,99696,2,0,0,2,1
2020-10-01,US,California,Orange,53909,1268,0,33.70147516,-117.76459979999998,6059.0,1697.55127386409,2.3521118922628874,52641,53751,1268,0,52483,53557,3185968,158,0,0,158,194
2020-10-01,US,California,Placer,3617,48,0,39.06167234,-120.72405690000001,6061.0,908.043351099217,1.3270666298037048,3569,3604,48,0,3556,3596,393149,13,0,0,13,8
2020-10-01,US,California,Plumas,50,0,0,40.00355989,-120.8395236,6063.0,265.85845695751584,0.0,50,50,0,0,50,50,18804,0,0,0,0,0
2020-10-01,US,California,Riverside,59488,1226,0,33.74314981,-115.9933578,6065.0,2407.8887824796625,2.060919849381388,58262,59405,1226,0,58179,59173,2450758,83,0,0,83,232
2020-10-01,US,California,Sacramento,22654,420,0,38.45106826,-121.34253740000001,6067.0,1459.6104011576886,1.8539772225655515,22234,22590,416,0,22174,22438,1540975,64,4,0,60,152
2020-10-01,US,California,San Benito,1355,11,0,36.60308176,-121.069975,6069.0,2157.368488090689,0.8118081180811808,1344,1352,11,0,1341,1348,61537,3,0,0,3,4
2020-10-01,US,California,San Bernardino,55394,955,0,34.84060306,-116.1774685,6071.0,2540.9101021290453,1.7240134310575153,54439,55203,955,0,54248,54849,2171603,191,0,0,191,354
2020-10-01,US,California,San Diego,47485,792,0,33.03484597,-116.73653259999999,6073.0,1422.4177957242093,1.667895124776245,46693,47180,783,0,46397,46985,3343364,305,9,0,296,195
2020-10-01,US,California,San Francisco,11332,106,0,37.75215114,-122.43856720000001,6075.0,1285.4645629454515,0.9354041651959054,11226,11275,104,0,11171,11238,883305,57,2,0,55,37
2020-10-01,US,California,San Joaquin,20457,466,0,37.93433732,-121.2730061,6077.0,2684.124343303401,2.277948868358019,19991,20411,456,0,19955,20357,752660,46,10,0,36,54
2020-10-01,US,California,San Luis Obispo,3629,31,0,35.38822029,-120.4039028,6079.0,1281.8293884730724,0.8542298153761366,3598,3612,31,0,3581,3597,284010,17,0,0,17,15
2020-10-01,US,California,San Mateo,10069,150,0,37.422880799999994,-122.32755459999998,6081.0,1313.5083025360925,1.4897209256132684,9919,9990,150,0,9840,9950,769545,79,0,0,79,40
2020-10-01,US,California,Santa Barbara,9197,114,0,34.65329488,-120.0188492,6083.0,2059.8030454715467,1.2395346308578885,9083,9164,113,0,9051,9133,446527,33,1,0,32,31
2020-10-01,US,California,Santa Clara,21457,325,0,37.23104908,-121.6970462,6085.0,1113.0003755475002,1.5146572214195833,21132,21379,322,0,21057,21294,1937570,78,3,0,75,85
2020-10-01,US,California,Santa Cruz,2423,12,0,37.05580291,-122.0066524,6087.0,886.8538466324809,0.4952538175815106,2411,2394,10,0,2384,2379,274255,29,2,0,27,15
2020-10-01,US,California,Shasta,976,20,0,40.76391419,-122.0396884,6089.0,541.981341625944,2.0491803278688523,956,943,20,0,923,883,180040,33,0,0,33,60
2020-10-01,US,California,Sierra,6,0,0,39.57713498,-120.52007009999998,6091.0,199.6672212978369,0.0,6,6,0,0,6,6,2987,0,0,0,0,0
2020-10-01,US,California,Siskiyou,166,0,0,41.59198861,-122.54074340000001,6093.0,381.2673694848297,0.0,166,166,0,0,166,165,43724,0,0,0,0,1
2020-10-01,US,California,Solano,6475,71,0,38.26827353,-121.9357113,6095.0,1446.465151917935,1.0965250965250966,6404,6445,71,0,6374,6419,446610,30,0,0,30,26
2020-10-01,US,California,Sonoma,7578,122,0,38.52746429,-122.88625060000001,6097.0,1532.965432418436,1.609923462655054,7456,7578,122,0,7456,7412,499942,0,0,0,0,166
2020-10-01,US,California,Stanislaus,16573,365,0,37.55862499,-120.9970722,6099.0,3009.661133912033,2.202377360767513,16208,16512,362,0,16150,16496,549815,61,3,0,58,16
2020-10-01,US,California,Sutter,1726,11,0,39.03417539,-121.6945899,6101.0,1779.9135824112366,0.6373117033603708,1715,1720,11,0,1709,1717,96807,6,0,0,6,3
2020-10-01,US,California,Tehama,594,5,0,40.12570935,-122.23701709999999,6103.0,912.6667076393584,0.8417508417508418,589,585,5,0,580,579,63916,9,0,0,9,6
2020-10-01,US,California,Trinity,16,0,0,40.64917670000001,-123.114713,6105.0,130.24013024013024,0.0,16,16,0,0,16,16,12535,0,0,0,0,0
2020-10-01,US,California,Tulare,16267,263,0,36.22026558,-118.8020203,6107.0,3489.312412188033,1.6167701481527017,16004,16204,263,0,15941,16071,465861,63,0,0,63,133
2020-10-01,US,California,Tuolumne,228,4,0,38.02644018,-119.95250929999999,6109.0,418.5175667241823,1.7543859649122806,224,227,4,0,223,227,54539,1,0,0,1,0
2020-10-01,US,California,Ventura,12968,152,0,34.44465746,-119.09106129999999,6111.0,1532.8496488204576,1.172115977791487,12816,12875,150,0,12725,12812,850967,93,2,0,91,63
2020-10-01,US,California,Yolo,2836,55,0,38.68278902,-121.90182879999999,6113.0,1286.1678004535147,1.9393511988716503,2781,2828,55,0,2773,2825,220408,8,0,0,8,3
2020-10-01,US,California,Yuba,1177,8,0,39.26255932,-121.35356440000001,6115.0,1496.161082015559,0.6796941376380629,1169,1172,8,0,1164,1158,78041,5,0,0,5,14
2020-10-01,US,Colorado,Adams,9491,227,0,39.87432092,-104.3362578,8001.0,1834.2896790041373,2.3917395427246864,9264,9359,227,0,9132,9256,511868,132,0,0,132,103
2020-10-01,US,Colorado,Alamosa,245,9,0,37.57250606,-105.7885451,8003.0,1509.2712376024149,3.673469387755102,236,244,9,0,235,243,16683,1,0,0,1,1
2020-10-01,US,Colorado,Arapahoe,9481,372,0,39.64977461,-104.3353617,8005.0,1443.9756925935517,3.923636747178568,9109,9417,371,0,9046,9354,651215,64,1,0,63,63
2020-10-01,US,Colorado,Archuleta,54,0,0,37.19474156,-107.04768670000001,8007.0,384.9169577304157,0.0,54,54,0,0,54,54,13765,0,0,0,0,0
2020-10-01,US,Colorado,Baca,18,0,0,37.31940883,-102.5603223,8009.0,502.65289025411903,0.0,18,18,0,0,18,18,3585,0,0,0,0,0
2020-10-01,US,Colorado,Bent,11,0,0,37.95474293,-103.0720195,8011.0,197.23865877712032,0.0,11,11,0,0,11,11,5882,0,0,0,0,0
2020-10-01,US,Colorado,Boulder,4478,79,0,40.09313619,-105.3546767,8013.0,1372.7942709291347,1.7641804376953998,4399,4435,79,0,4356,4396,326078,43,0,0,43,39
2020-10-01,US,Colorado,Broomfield,674,33,0,39.95998787,-105.0566324,8014.0,956.5032285531823,4.896142433234421,641,659,33,0,626,653,69267,15,0,0,15,6
2020-10-01,US,Colorado,Chaffee,336,19,0,38.74745778,-106.19265729999998,8015.0,1650.6189821182943,5.654761904761906,317,336,19,0,317,334,20027,0,0,0,0,2
2020-10-01,US,Colorado,Cheyenne,14,0,0,38.82777431,-102.6032558,8017.0,764.6095030038231,0.0,14,14,0,0,14,14,1876,0,0,0,0,0
2020-10-01,US,Colorado,Clear Creek,40,1,0,39.68864463,-105.6463118,8019.0,412.37113402061857,2.5,39,40,1,0,39,39,9605,0,0,0,0,1
2020-10-01,US,Colorado,Conejos,37,0,0,37.201606,-106.19174879999998,8021.0,450.94454600853135,0.0,37,35,0,0,35,34,8200,2,0,0,2,1
2020-10-01,US,Colorado,Costilla,32,1,0,37.27732493,-105.4276548,8023.0,823.2570105479805,3.125,31,32,1,0,31,32,3828,0,0,0,0,0
2020-10-01,US,Colorado,Crowley,74,1,0,38.32608609,-103.7844965,8025.0,1220.9206401583895,1.351351351351351,73,74,1,0,73,74,5858,0,0,0,0,0
2020-10-01,US,Colorado,Custer,18,0,0,38.10883162,-105.3683478,8027.0,355.1696921862668,0.0,18,17,0,0,17,17,4954,1,0,0,1,0
2020-10-01,US,Colorado,Delta,192,3,0,38.86246243,-107.86313419999999,8029.0,616.1350362621141,1.5625,189,189,3,0,186,189,30953,3,0,0,3,0
2020-10-01,US,Colorado,Denver,13474,435,0,39.76018276,-104.87256950000001,8031.0,1852.8322591379945,3.2284399584384733,13039,13359,435,0,12924,13298,716492,115,0,0,115,61
2020-10-01,US,Colorado,Dolores,3,0,0,37.75208676,-108.5211585,8033.0,145.98540145985402,0.0,3,3,0,0,3,3,2074,0,0,0,0,0
2020-10-01,US,Colorado,Douglas,2687,61,0,39.33133796,-104.930001,8035.0,765.1913405514391,2.270189802754001,2626,2659,61,0,2598,2625,342776,28,0,0,28,34
2020-10-01,US,Colorado,Eagle,1265,10,0,39.62754308,-106.6933637,8037.0,2294.701326028988,0.7905138339920948,1255,1262,10,0,1252,1257,54993,3,0,0,3,5
2020-10-01,US,Colorado,El Paso,7027,175,0,38.83240149,-104.5251411,8041.0,975.4262544714556,2.4903941938238225,6852,6962,174,0,6788,6925,713856,65,1,0,64,37
2020-10-01,US,Colorado,Elbert,163,3,0,39.28656773,-104.13587209999999,8039.0,609.824535149089,1.8404907975460123,160,162,3,0,159,163,26282,1,0,0,1,-1
2020-10-01,US,Colorado,Fremont,176,1,0,38.47362326,-105.43996670000001,8043.0,367.9006668199586,0.5681818181818182,175,177,1,0,176,176,48021,-1,0,0,-1,1
2020-10-01,US,Colorado,Garfield,958,5,0,39.59921777,-107.902708,8045.0,1595.0450375451624,0.5219206680584552,953,956,5,0,951,949,59770,2,0,0,2,7
2020-10-01,US,Colorado,Gilpin,19,0,0,39.85646523,-105.5252597,8047.0,304.340861765177,0.0,19,19,0,0,19,19,6121,0,0,0,0,0
2020-10-01,US,Colorado,Grand,83,1,0,40.10603347,-106.11780420000001,8049.0,527.5200203381213,1.2048192771084338,82,76,1,0,75,74,15525,7,0,0,7,2
2020-10-01,US,Colorado,Gunnison,296,7,0,38.66611652,-107.0320729,8051.0,1695.1093803688007,2.3648648648648654,289,297,7,0,290,297,17246,-1,0,0,-1,0
2020-10-01,US,Colorado,Hinsdale,3,0,0,37.82247444,-107.3004345,8053.0,365.8536585365854,0.0,3,3,0,0,3,3,811,0,0,0,0,0
2020-10-01,US,Colorado,Huerfano,24,1,0,37.68473101,-104.9612585,8055.0,347.97738147020436,4.166666666666667,23,24,1,0,23,24,6889,0,0,0,0,0
2020-10-01,US,Colorado,Jackson,9,0,0,40.66593870000001,-106.3408905,8057.0,646.5517241379309,0.0,9,9,0,0,9,9,1399,0,0,0,0,0
2020-10-01,US,Colorado,Jefferson,5902,252,0,39.58635604,-105.2517692,8059.0,1012.5565938845152,4.269739071501186,5650,5845,251,0,5594,5789,580233,57,1,0,56,56
2020-10-01,US,Colorado,Kiowa,1,0,0,38.43260896,-102.7392145,8061.0,71.12375533428165,0.0,1,1,0,0,1,1,1383,0,0,0,0,0
2020-10-01,US,Colorado,Kit Carson,81,3,0,39.30497777,-102.60221990000001,8063.0,1141.32732140341,3.703703703703704,78,80,3,0,77,79,7163,1,0,0,1,1
2020-10-01,US,Colorado,La Plata,266,2,0,37.28632032,-107.8429014,8067.0,473.1328151402501,0.7518796992481203,264,263,2,0,261,263,56310,3,0,0,3,0
2020-10-01,US,Colorado,Lake,99,0,0,39.20278823,-106.35556969999999,8065.0,1218.1616832779625,0.0,99,98,0,0,98,96,7824,1,0,0,1,2
2020-10-01,US,Colorado,Larimer,2662,53,0,40.66671597,-105.4625784,8069.0,745.8692795440727,1.9909842223891807,2609,2636,53,0,2583,2601,350518,26,0,0,26,35
2020-10-01,US,Colorado,Las Animas,25,0,0,37.3153406,-104.03764579999999,8071.0,172.34247897421756,0.0,25,25,0,0,25,25,14503,0,0,0,0,0
2020-10-01,US,Colorado,Lincoln,13,0,0,38.98749519,-103.51366490000001,8073.0,228.0301701455885,0.0,13,11,0,0,11,10,5610,2,0,0,2,1
2020-10-01,US,Colorado,Logan,889,6,0,40.7249637,-103.110817,8075.0,3967.156053371413,0.6749156355455568,883,882,6,0,876,878,21528,7,0,0,7,4
2020-10-01,US,Colorado,Mesa,663,7,0,39.01787888,-108.469799,8077.0,429.9332079631671,1.0558069381598794,656,643,7,0,636,636,153207,20,0,0,20,7
2020-10-01,US,Colorado,Mineral,20,0,0,37.66954283,-106.92816979999999,8079.0,2600.780234070221,0.0,20,20,0,0,20,20,776,0,0,0,0,0
2020-10-01,US,Colorado,Moffat,43,1,0,40.61810999,-108.2070876,8081.0,323.72205074154937,2.3255813953488373,42,43,1,0,42,42,13188,0,0,0,0,1
2020-10-01,US,Colorado,Montezuma,145,5,0,37.33859579,-108.59588570000001,8083.0,553.794446778444,3.4482758620689653,140,141,5,0,136,139,26158,4,0,0,4,2
2020-10-01,US,Colorado,Montrose,385,13,0,38.40214114,-108.26390220000002,8085.0,900.4162963655922,3.3766233766233764,372,385,13,0,372,384,42214,0,0,0,0,1
2020-10-01,US,Colorado,Morgan,755,48,0,40.26279810000001,-103.8093302,8087.0,2597.357919361497,6.357615894039736,707,756,48,0,708,755,28558,-1,0,0,-1,1
2020-10-01,US,Colorado,Otero,100,6,0,37.9014485,-103.7173385,8089.0,547.1058102637049,6.0,94,98,6,0,92,98,18432,2,0,0,2,0
2020-10-01,US,Colorado,Ouray,28,1,0,38.14717457,-107.7675136,8091.0,565.4281098546041,3.571428571428572,27,26,1,0,25,25,4833,2,0,0,2,1
2020-10-01,US,Colorado,Park,58,1,0,39.120926000000004,-105.7182065,8093.0,307.7739453435925,1.7241379310344829,57,58,1,0,57,58,18556,0,0,0,0,0
2020-10-01,US,Colorado,Phillips,33,0,0,40.59414277,-102.3577703,8095.0,773.7397420867526,0.0,33,33,0,0,33,34,4286,0,0,0,0,-1
2020-10-01,US,Colorado,Pitkin,225,2,0,39.21720112,-106.9310027,8097.0,1266.3927506050545,0.8888888888888888,223,223,2,0,221,223,17950,2,0,0,2,0
2020-10-01,US,Colorado,Prowers,94,0,0,37.95544985,-102.3926052,8099.0,772.2642129477489,0.0,94,94,0,0,94,94,12164,0,0,0,0,0
2020-10-01,US,Colorado,Pueblo,1146,37,0,38.17359144,-104.5127437,8101.0,680.4255925521303,3.2286212914485164,1109,1129,37,0,1092,1114,167529,17,0,0,17,15
2020-10-01,US,Colorado,Rio Blanco,26,0,0,39.97913541,-108.2179009,8103.0,411.13219481340917,0.0,26,26,0,0,26,26,6336,0,0,0,0,0
2020-10-01,US,Colorado,Rio Grande,96,2,0,37.5836865,-106.3847838,8105.0,852.0457974616136,2.083333333333333,94,96,2,0,94,96,11250,0,0,0,0,0
2020-10-01,US,Colorado,Routt,159,8,0,40.48596505,-106.9905548,8107.0,620.1731804352912,5.031446540880503,151,159,8,0,151,158,25733,0,0,0,0,1
2020-10-01,US,Colorado,Saguache,111,2,0,38.08054629,-106.28246599999999,8109.0,1626.6119577960142,1.8018018018018016,109,111,2,0,109,111,6843,0,0,0,0,0
2020-10-01,US,Colorado,San Juan,6,0,0,37.76248981,-107.67632890000002,8111.0,824.1758241758242,0.0,6,6,0,0,6,6,762,0,0,0,0,0
2020-10-01,US,Colorado,San Miguel,94,0,0,38.00450883,-108.4020725,8113.0,1149.284753637364,0.0,94,94,0,0,94,97,8191,0,0,0,0,-3
2020-10-01,US,Colorado,Sedgwick,15,1,0,40.87595412,-102.3519227,8115.0,667.2597864768683,6.666666666666668,14,15,1,0,14,15,2303,0,0,0,0,0
2020-10-01,US,Colorado,Summit,471,4,0,39.63803232,-106.1150762,8117.0,1518.8159040340524,0.8492569002123143,467,465,4,0,461,463,31007,6,0,0,6,2
2020-10-01,US,Colorado,Teller,177,4,0,38.88133511,-105.16148929999999,8119.0,697.1797699700647,2.2598870056497176,173,177,4,0,173,177,25083,0,0,0,0,0
2020-10-01,US,Colorado,Washington,67,0,0,39.97015535,-103.202587,8121.0,1365.118174409128,0.0,67,65,0,0,65,64,4909,2,0,0,2,1
2020-10-01,US,Colorado,Weld,4834,151,0,40.55499405,-104.39296209999999,8123.0,1489.7131516339387,3.1237070748862226,4683,4784,151,0,4633,4763,314305,50,0,0,50,21
2020-10-01,US,Colorado,Yuma,126,1,0,40.00346839,-102.4258673,8125.0,1257.6105399740493,0.7936507936507936,125,125,1,0,124,124,10020,1,0,0,1,1
2020-10-01,US,Connecticut,Fairfield,20264,1422,0,41.26809896,-73.3881171,9001.0,2148.13024470706,7.0173707066719295,18842,20225,1422,0,18803,20190,943823,39,0,0,39,35
2020-10-01,US,Connecticut,Hartford,14874,1439,0,41.80283011,-72.73103891,9003.0,1668.0123805678913,9.674599973107435,13435,14801,1437,0,13364,14737,892697,73,2,0,71,64
2020-10-01,US,Connecticut,Litchfield,1890,141,0,41.7937534,-73.2451475,9005.0,1048.0610869890702,7.46031746031746,1749,1884,141,0,1743,1874,181111,6,0,0,6,10
2020-10-01,US,Connecticut,Middlesex,1604,193,0,41.45949668,-72.53714864,9007.0,987.4658326971852,12.032418952618453,1411,1599,193,0,1406,1588,162682,5,0,0,5,11
2020-10-01,US,Connecticut,New Haven,14520,1115,0,41.408032500000004,-72.93620426,9009.0,1698.7284105307126,7.6790633608815435,13405,14477,1115,0,13362,14451,857620,43,0,0,43,26
2020-10-01,US,Connecticut,New London,2087,118,0,41.48896435,-72.10430976,9011.0,786.9354388663907,5.654048873981793,1969,2053,117,0,1936,1994,266784,34,1,0,33,59
2020-10-01,US,Connecticut,Tolland,1370,67,0,41.85853803,-72.3308481,9013.0,908.964245194764,4.890510948905108,1303,1363,67,0,1296,1359,150921,7,0,0,7,4
2020-10-01,US,Connecticut,Unassigned,129,0,0,0.0,0.0,90009.0,0.0,0.0,129,151,0,0,151,146,,-22,0,0,-22,5
2020-10-01,US,Connecticut,Windham,1004,16,0,41.82972709,-71.98182316,9015.0,859.7215324279426,1.593625498007968,988,997,16,0,981,990,117027,7,0,0,7,7
2020-10-01,US,Delaware,Kent,2969,117,0,39.08646628,-75.56884914,10001.0,1642.2731848705096,3.940720781407881,2852,2963,117,0,2846,2949,178550,6,0,0,6,14
2020-10-01,US,Delaware,New Castle,10520,312,0,39.57992638,-75.64054974,10003.0,1882.7639404173221,2.9657794676806084,10208,10368,312,0,10056,10309,559335,152,0,0,152,59
2020-10-01,US,Delaware,Sussex,6807,207,0,38.66143781,-75.39031349,10005.0,2906.1799551713093,3.0409872190392244,6600,6791,207,0,6584,6782,229286,16,0,0,16,9
2020-10-01,US,Delaware,Unassigned,491,0,0,0.0,0.0,90010.0,0.0,0.0,491,491,0,0,491,491,,0,0,0,0,0
2020-10-01,US,District of Columbia,District of Columbia,15326,627,0,38.90417773,-77.01655992,11001.0,2171.5935835544933,4.091087041628605,14699,15326,627,0,14699,15300,702455,0,0,0,0,26
2020-10-01,US,Florida,Alachua,8352,61,0,29.67866525,-82.35928158,12001.0,3104.336481528975,0.7303639846743295,8291,8293,60,0,8233,8230,269956,59,1,0,58,63
2020-10-01,US,Florida,Baker,1492,13,0,30.33060121,-82.28467476,12003.0,5107.839780896953,0.8713136729222521,1479,1484,13,0,1471,1475,28355,8,0,0,8,9
2020-10-01,US,Florida,Bay,6146,111,0,30.26548745,-85.62122584,12005.0,3517.930225236828,1.8060527172144485,6035,6124,108,0,6016,6106,185287,22,3,0,19,18
2020-10-01,US,Florida,Bradford,1135,9,0,29.95079741,-82.16611613,12007.0,4024.67997588738,0.7929515418502202,1126,1129,9,0,1120,1127,27732,6,0,0,6,2
2020-10-01,US,Florida,Brevard,9154,299,0,28.29409504,-80.73091022,12009.0,1520.744523558748,3.266331658291457,8855,9049,298,0,8751,8983,596849,105,1,0,104,66
2020-10-01,US,Florida,Broward,77433,1406,0,26.15184651,-80.48725556,12011.0,3965.274086455296,1.8157633050508184,76027,77220,1396,0,75824,77122,1951260,213,10,0,203,98
2020-10-01,US,Florida,Calhoun,622,12,0,30.40666734,-85.19394153,12013.0,4409.783764622473,1.929260450160772,610,620,11,0,609,616,14587,2,1,0,1,4
2020-10-01,US,Florida,Charlotte,3097,136,0,26.90131002,-81.92949121,12015.0,1639.4050076756128,4.391346464320311,2961,3082,136,0,2946,3074,184998,15,0,0,15,8
2020-10-01,US,Florida,Citrus,2793,107,0,28.84804315,-82.47614748,12017.0,1866.2675317559485,3.831006086645184,2686,2783,106,0,2677,2763,147929,10,1,0,9,20
2020-10-01,US,Florida,Clay,5193,103,0,29.98319144,-81.85609986,12019.0,2368.507470855454,1.9834392451376852,5090,5151,100,0,5051,5127,216072,42,3,0,39,24
2020-10-01,US,Florida,Collier,12789,224,0,26.11091986,-81.34687065,12021.0,3322.663950823846,1.7515051997810618,12565,12751,221,0,12530,12732,378488,38,3,0,35,19
2020-10-01,US,Florida,Columbia,3852,59,0,30.22509788,-82.62160164,12023.0,5373.434143347376,1.5316718587746625,3793,3836,58,0,3778,3828,70503,16,1,0,15,8
2020-10-01,US,Florida,DeSoto,1573,25,0,27.18677893,-81.80941373,12027.0,4139.364753559117,1.5893197711379532,1548,1571,25,0,1546,1566,37489,2,0,0,2,5
2020-10-01,US,Florida,Dixie,835,9,0,29.60631086,-83.15724673,12029.0,4962.557946035898,1.0778443113772456,826,835,9,0,826,834,16700,0,0,0,0,1
2020-10-01,US,Florida,Duval,30666,407,0,30.33225875,-81.66976468,12031.0,3201.8626893098967,1.3272027652775058,30259,30548,394,0,30154,30418,950181,118,13,0,105,130
2020-10-01,US,Florida,Escambia,12393,237,0,30.67652764,-87.37284571,12033.0,3893.3009964940497,1.9123698862260956,12156,12353,235,0,12118,12319,315534,40,2,0,38,34
2020-10-01,US,Florida,Flagler,1762,26,0,29.45933576,-81.31508595,12035.0,1531.0954892640837,1.4755959137343928,1736,1751,27,0,1724,1744,112067,11,-1,0,12,7
2020-10-01,US,Florida,Franklin,628,4,0,29.83791238,-84.82731662,12037.0,5179.381443298969,0.6369426751592356,624,627,4,0,623,626,11736,1,0,0,1,1
2020-10-01,US,Florida,Gadsden,2840,47,0,30.57796289,-84.61915825,12039.0,6219.88611476128,1.6549295774647887,2793,2833,47,0,2786,2828,45894,7,0,0,7,5
2020-10-01,US,Florida,Gilchrist,513,13,0,29.72856978,-82.79880657,12041.0,2760.736196319019,2.53411306042885,500,513,12,0,501,512,18256,0,1,0,-1,1
2020-10-01,US,Florida,Glades,545,4,0,26.95635849,-81.18996211,12043.0,3946.129896459344,0.7339449541284404,541,542,4,0,538,541,13724,3,0,0,3,1
2020-10-01,US,Florida,Gulf,879,14,0,29.93543004,-85.24270990000002,12045.0,6444.754014223917,1.5927189988623436,865,875,14,0,861,875,16164,4,0,0,4,0
2020-10-01,US,Florida,Hamilton,861,8,0,30.49673973,-82.94998918,12047.0,5967.563071804824,0.9291521486643438,853,859,8,0,851,853,14310,2,0,0,2,6
2020-10-01,US,Florida,Hardee,1375,11,0,27.49293939,-81.80956574,12049.0,5104.503099825519,0.8,1364,1366,11,0,1355,1364,27245,9,0,0,9,2
2020-10-01,US,Florida,Hendry,2077,42,0,26.55386945,-81.16469006,12051.0,4942.649088572653,2.022147327876745,2035,2076,42,0,2034,2072,41556,1,0,0,1,4
2020-10-01,US,Florida,Hernando,3194,132,0,28.55364461,-82.42700204,12053.0,1647.0709570957094,4.132748904195367,3062,3175,127,0,3048,3150,190865,19,5,0,14,25
2020-10-01,US,Florida,Highlands,2186,90,0,27.34254618,-81.34071957,12055.0,2057.97347040604,4.117108874656908,2096,2177,89,0,2088,2170,105424,9,1,0,8,7
2020-10-01,US,Florida,Hillsborough,42380,654,0,27.9276559,-82.32013172,12057.0,2879.1386769277588,1.5431807456347333,41726,42248,646,0,41602,42118,1436888,132,8,0,124,130
2020-10-01,US,Florida,Holmes,756,8,0,30.86747479,-85.81319222,12059.0,3853.800275271448,1.058201058201058,748,756,8,0,748,755,19477,0,0,0,0,1
2020-10-01,US,Florida,Indian River,3279,120,0,27.69308961,-80.60556721,12061.0,2050.361736585732,3.6596523330283617,3159,3254,119,0,3135,3243,157413,25,1,0,24,11
2020-10-01,US,Florida,Jackson,2840,81,0,30.795459700000002,-85.21500423,12063.0,6118.8434524066015,2.852112676056338,2759,2833,80,0,2753,2822,48305,7,1,0,6,11
2020-10-01,US,Florida,Jefferson,562,9,0,30.43669112,-83.89442308,12065.0,3944.9670082830266,1.6014234875444842,553,560,9,0,551,563,14288,2,0,0,2,-3
2020-10-01,US,Florida,Lafayette,1233,12,0,29.98484137,-83.18166636,12067.0,14640.227974352883,0.97323600973236,1221,1233,12,0,1221,1233,8732,0,0,0,0,0
2020-10-01,US,Florida,Lake,7567,193,0,28.76202069,-81.7125123,12069.0,2061.1901350519447,2.550548433989692,7374,7542,193,0,7349,7517,356495,25,0,0,25,25
2020-10-01,US,Florida,Lee,20586,477,0,26.58410348,-81.88399313,12071.0,2671.50459979989,2.3171087146604488,20109,20516,468,0,20048,20445,754610,70,9,0,61,71
2020-10-01,US,Florida,Leon,10710,80,0,30.45955727,-84.27491114,12073.0,3648.043817400249,0.7469654528478058,10630,10645,77,0,10568,10607,292502,65,3,0,62,38
2020-10-01,US,Florida,Levy,1046,10,0,29.31829741,-82.74007147,12075.0,2520.299737368383,0.9560229445506692,1036,1044,9,0,1035,1040,40770,2,1,0,1,4
2020-10-01,US,Florida,Liberty,518,8,0,30.23766008,-84.8829258,12077.0,6200.622456308354,1.5444015444015444,510,517,8,0,509,517,8457,1,0,0,1,0
2020-10-01,US,Florida,Madison,1017,20,0,30.44396917,-83.47398594,12079.0,5499.378143081166,1.966568338249754,997,1017,20,0,997,1022,18529,0,0,0,0,-5
2020-10-01,US,Florida,Manatee,11619,291,0,27.47196942,-82.31831044,12081.0,2881.3176839353955,2.5045184611412337,11328,11579,291,0,11288,11546,394855,40,0,0,40,33
2020-10-01,US,Florida,Marion,9806,295,0,29.21227113,-82.05803627,12083.0,2682.320373982094,3.0083622272078316,9511,9774,290,0,9484,9760,359977,32,5,0,27,14
2020-10-01,US,Florida,Martin,4942,143,0,27.0772071,-80.43109784,12085.0,3069.5652173913045,2.8935653581545933,4799,4927,143,0,4784,4908,160912,15,0,0,15,19
2020-10-01,US,Florida,Miami-Dade,170882,3284,0,25.6112362,-80.55170587,12086.0,6289.5021605188185,1.921793986493604,167598,170400,3280,0,167120,170086,2761581,482,4,0,478,314
2020-10-01,US,Florida,Monroe,1855,22,0,25.20904673,-81.07812416,12087.0,2499.0569596378728,1.1859838274932617,1833,1847,22,0,1825,1845,75027,8,0,0,8,2
2020-10-01,US,Florida,Nassau,2139,46,0,30.61037141,-81.80297522,12089.0,2413.540197461213,2.150537634408602,2093,2127,45,0,2082,2116,85832,12,1,0,11,11
2020-10-01,US,Florida,Okaloosa,5082,116,0,30.69143028,-86.59267105,12091.0,2411.5252113999372,2.2825659189295555,4966,5036,115,0,4921,5010,207269,46,1,0,45,26
2020-10-01,US,Florida,Okeechobee,1576,28,0,27.386336199999995,-80.88944347,12093.0,3737.4312274710683,1.7766497461928934,1548,1575,27,0,1548,1566,41537,1,1,0,0,9
2020-10-01,US,Florida,Orange,40485,470,0,28.51367621,-81.31799498,12095.0,2905.374566185272,1.1609237989378782,40015,40329,458,0,39871,40224,1380645,156,12,0,144,105
2020-10-01,US,Florida,Osceola,12605,156,0,28.06312234,-81.14882926,12097.0,3354.6151573781567,1.2376041253470844,12449,12556,153,0,12403,12513,367990,49,3,0,46,43
2020-10-01,US,Florida,Palm Beach,46698,1383,0,26.64676272,-80.46536002,12099.0,3119.9182239088173,2.961582937170757,45315,46552,1369,0,45183,46485,1485941,146,14,0,132,67
2020-10-01,US,Florida,Pasco,9371,208,0,28.30810945,-82.40227529,12101.0,1691.6780847265172,2.219613701846121,9163,9322,209,0,9113,9279,539630,49,-1,0,50,43
2020-10-01,US,Florida,Pinellas,22266,755,0,27.93130349,-82.72239666,12103.0,2283.7016767248274,3.3908200844336656,21511,22181,753,0,21428,22129,975280,85,2,0,83,52
2020-10-01,US,Florida,Polk,20120,531,0,27.95027105,-81.69732947,12105.0,2776.026281187179,2.6391650099403576,19589,20032,531,0,19501,19974,708009,88,0,0,88,58
2020-10-01,US,Florida,Putnam,2145,40,0,29.60779729,-81.74230285,12107.0,2878.3832745132245,1.8648018648018647,2105,2141,40,0,2101,2139,74163,4,0,0,4,2
2020-10-01,US,Florida,Santa Rosa,5378,77,0,30.69341450000001,-87.02458128,12113.0,2917.862549033437,1.4317590182223876,5301,5354,77,0,5277,5331,179349,24,0,0,24,23
2020-10-01,US,Florida,Sarasota,8233,261,0,27.18546175,-82.33174248,12115.0,1898.1329915018603,3.170168832746265,7972,8189,258,0,7931,8177,426718,44,3,0,41,12
2020-10-01,US,Florida,Seminole,9107,216,0,28.7158582,-81.24060348,12117.0,1930.160694832417,2.3718019106182058,8891,9097,214,0,8883,9053,467832,10,2,0,8,44
2020-10-01,US,Florida,St. Johns,5423,70,0,29.90096506,-81.43589967,12109.0,2048.9511546366825,1.2907984510418586,5353,5391,70,0,5321,5364,254261,32,0,0,32,27
2020-10-01,US,Florida,St. Lucie,8120,291,0,27.37763908,-80.47106649,12111.0,2473.3701495901582,3.5837438423645316,7829,8091,283,0,7808,8054,321128,29,8,0,21,37
2020-10-01,US,Florida,Sumter,2397,70,0,28.70181754,-82.0794267,12119.0,1810.149524241052,2.920317062995411,2327,2313,70,0,2243,2251,128754,84,0,0,84,62
2020-10-01,US,Florida,Suwannee,2745,71,0,30.19746066,-82.99099670000003,12121.0,6180.0661908728625,2.5865209471766852,2674,2739,71,0,2668,2732,44191,6,0,0,6,7
2020-10-01,US,Florida,Taylor,1338,13,0,30.04848048,-83.60445406,12123.0,6203.347396726784,0.9715994020926756,1325,1329,13,0,1316,1327,21623,9,0,0,9,2
2020-10-01,US,Florida,Unassigned,1742,0,0,0.0,0.0,90012.0,0.0,0.0,1742,1730,0,0,1730,1712,,12,0,0,12,18
2020-10-01,US,Florida,Union,980,16,0,30.04412971,-82.37497443,12125.0,6431.712279320076,1.6326530612244898,964,969,16,0,953,966,14940,11,0,0,11,3
2020-10-01,US,Florida,Volusia,10991,252,0,29.05858895,-81.18263252,12127.0,1986.5024110583358,2.2927850059139296,10739,10945,249,0,10696,10898,547538,46,3,0,43,47
2020-10-01,US,Florida,Wakulla,1147,10,0,30.16548905,-84.39895211,12129.0,3399.626544947983,0.8718395815170009,1137,1142,10,0,1132,1139,32461,5,0,0,5,3
2020-10-01,US,Florida,Walton,1989,25,0,30.64204028,-86.16935664,12131.0,2685.261438349692,1.256913021618904,1964,1977,25,0,1952,1970,71375,12,0,0,12,7
2020-10-01,US,Florida,Washington,1084,23,0,30.61359259,-85.66002461,12133.0,4255.486201075649,2.1217712177121766,1061,1084,22,0,1062,1077,24880,0,1,0,-1,7
2020-10-01,US,Georgia,Appling,1043,29,0,31.74847232,-82.28909114,13001.0,5672.794517567712,2.7804410354745923,1014,1040,29,0,1011,1035,18507,3,0,0,3,5
2020-10-01,US,Georgia,Atkinson,446,3,0,31.29633502,-82.87545866,13003.0,5462.339252908757,0.672645739910314,443,444,3,0,441,443,8297,2,0,0,2,1
2020-10-01,US,Georgia,Bacon,599,14,0,31.55456473,-82.45936528,13005.0,5365.46040845575,2.337228714524207,585,598,14,0,584,599,11185,1,0,0,1,-1
2020-10-01,US,Georgia,Baker,84,4,0,31.32669878,-84.44218806,13007.0,2764.976958525345,4.761904761904762,80,84,4,0,80,84,3092,0,0,0,0,0
2020-10-01,US,Georgia,Baldwin,2127,57,0,33.06882326,-83.24701748,13009.0,4738.249053241257,2.6798307475317347,2070,2134,57,0,2077,2134,44823,-7,0,0,-7,0
2020-10-01,US,Georgia,Banks,498,8,0,34.35607081,-83.49644388,13011.0,2589.1650202765936,1.606425702811245,490,488,8,0,480,487,18988,10,0,0,10,1
2020-10-01,US,Georgia,Barrow,2240,48,0,33.99148694,-83.71436292,13013.0,2691.0139356078807,2.142857142857143,2192,2219,48,0,2171,2200,80809,21,0,0,21,19
2020-10-01,US,Georgia,Bartow,2960,87,0,34.23732119,-84.83887523,13015.0,2747.4057435630884,2.939189189189189,2873,2938,87,0,2851,2924,106408,22,0,0,22,14
2020-10-01,US,Georgia,Ben Hill,791,25,0,31.76095874,-83.22145359,13017.0,4736.526946107784,3.1605562579013906,766,791,24,0,767,782,16787,0,1,0,-1,9
2020-10-01,US,Georgia,Berrien,460,12,0,31.27590016,-83.22529920000002,13019.0,2371.500747538279,2.608695652173913,448,455,12,0,443,452,19252,5,0,0,5,3
2020-10-01,US,Georgia,Bibb,6097,173,0,32.80904227,-83.70489165,13021.0,3980.8303788873,2.83746104641627,5924,6089,171,0,5918,6075,153095,8,2,0,6,14
2020-10-01,US,Georgia,Bleckley,438,21,0,32.43829035,-83.33035166,13023.0,3402.470286646469,4.794520547945205,417,435,21,0,414,434,12838,3,0,0,3,1
2020-10-01,US,Georgia,Brantley,347,10,0,31.19576557,-81.97743999,13025.0,1815.8982678319119,2.8818443804034577,337,346,10,0,336,345,18897,1,0,0,1,1
2020-10-01,US,Georgia,Brooks,524,26,0,30.83922642,-83.58303423,13027.0,3390.0498156175195,4.961832061068702,498,523,26,0,497,523,15513,1,0,0,1,0
2020-10-01,US,Georgia,Bryan,1159,11,0,32.00979311,-81.44002948,13029.0,2924.7735130088067,0.9490940465918896,1148,1154,11,0,1143,1153,38109,5,0,0,5,1
2020-10-01,US,Georgia,Bulloch,2895,28,0,32.39577406,-81.74811421,13031.0,3636.569189026229,0.9671848013816926,2867,2890,28,0,2862,2885,77296,5,0,0,5,5
2020-10-01,US,Georgia,Burke,826,10,0,33.05917989,-81.99928721,13033.0,3690.3006746191295,1.2106537530266344,816,813,10,0,803,813,22423,13,0,0,13,0
2020-10-01,US,Georgia,Butts,669,42,0,33.283094500000004,-83.95435040000002,13035.0,2682.8681424446577,6.278026905829598,627,661,42,0,619,659,24193,8,0,0,8,2
2020-10-01,US,Georgia,Calhoun,247,8,0,31.53169785,-84.62725131,13037.0,3990.95168847956,3.238866396761133,239,246,8,0,238,246,6352,1,0,0,1,0
2020-10-01,US,Georgia,Camden,1306,13,0,30.92951916,-81.66601818,13039.0,2389.0535250429884,0.9954058192955588,1293,1303,13,0,1290,1296,53677,3,0,0,3,7
2020-10-01,US,Georgia,Candler,466,19,0,32.40209349,-82.07702563,13043.0,4313.616587984819,4.07725321888412,447,465,19,0,446,464,10836,1,0,0,1,1
2020-10-01,US,Georgia,Carroll,2819,68,0,33.58138199,-85.07976677,13045.0,2349.3232882192146,2.4122029088329198,2751,2807,68,0,2739,2798,118121,12,0,0,12,9
2020-10-01,US,Georgia,Catoosa,1212,18,0,34.89872298,-85.13757014,13047.0,1793.4300088783664,1.4851485148514851,1194,1202,18,0,1184,1193,67420,10,0,0,10,9
2020-10-01,US,Georgia,Charlton,638,7,0,30.78371028,-82.13951596,13049.0,4764.038231780167,1.09717868338558,631,638,7,0,631,634,12968,0,0,0,0,4
2020-10-01,US,Georgia,Chatham,8548,166,0,32.00043026,-81.12489526,13051.0,2953.391148118716,1.941974730931212,8382,8511,163,0,8348,8482,289195,37,3,0,34,29
2020-10-01,US,Georgia,Chattahoochee,1678,1,0,32.34341231,-84.78809239,13053.0,15384.615384615383,0.05959475566150179,1677,1666,1,0,1665,1632,10684,12,0,0,12,34
2020-10-01,US,Georgia,Chattooga,792,22,0,34.47197698,-85.34535662,13055.0,3194.9655088950744,2.7777777777777777,770,784,22,0,762,771,24790,8,0,0,8,13
2020-10-01,US,Georgia,Cherokee,6159,93,0,34.24393976,-84.47431861,13057.0,2380.07829255757,1.509985387238188,6066,6118,92,0,6026,6066,254149,41,1,0,40,52
2020-10-01,US,Georgia,Clarke,5105,44,0,33.95436462,-83.37124007,13059.0,3977.99440509308,0.861900097943193,5061,5084,44,0,5040,5064,127330,21,0,0,21,20
2020-10-01,US,Georgia,Clay,121,2,0,31.62221166,-84.97713865,13061.0,4269.583627381792,1.6528925619834711,119,122,2,0,120,121,2887,-1,0,0,-1,1
2020-10-01,US,Georgia,Clayton,7114,161,0,33.54187245,-84.35594188,13063.0,2434.167305376109,2.26314309811639,6953,7107,162,0,6945,7090,289615,7,-1,0,8,17
2020-10-01,US,Georgia,Clinch,380,6,0,30.91395822,-82.70432472,13065.0,5741.915986702931,1.5789473684210529,374,379,6,0,373,379,6648,1,0,0,1,0
2020-10-01,US,Georgia,Cobb,19829,427,0,33.94243204,-84.5761255,13067.0,2608.5949843515873,2.1534116697765904,19402,19740,427,0,19313,19634,756865,89,0,0,89,106
2020-10-01,US,Georgia,Coffee,2079,50,0,31.54892966,-82.85492059999999,13069.0,4804.381484990641,2.4050024050024046,2029,2070,50,0,2020,2061,43093,9,0,0,9,9
2020-10-01,US,Georgia,Colquitt,1898,34,0,31.18810588,-83.7677946,13071.0,4162.2807017543855,1.7913593256059008,1864,1895,34,0,1861,1890,45592,3,0,0,3,5
2020-10-01,US,Georgia,Columbia,3796,61,0,33.54534185,-82.263524,13073.0,2422.2468956187704,1.60695468914647,3735,3777,61,0,3716,3760,154291,19,0,0,19,17
2020-10-01,US,Georgia,Cook,553,13,0,31.16068491,-83.42947229,13075.0,3202.084539664157,2.3508137432188065,540,551,13,0,538,549,17162,2,0,0,2,2
2020-10-01,US,Georgia,Coweta,2637,48,0,33.35334302,-84.76129976,13077.0,1775.6499606084478,1.8202502844141069,2589,2628,47,0,2581,2617,145864,9,1,0,8,11
2020-10-01,US,Georgia,Crawford,168,5,0,32.71391813,-83.98061238,13079.0,1354.4018058690745,2.9761904761904763,163,167,5,0,162,166,12318,1,0,0,1,1
2020-10-01,US,Georgia,Crisp,573,17,0,31.92289565,-83.76811843,13081.0,2561.237260861792,2.9668411867364752,556,571,17,0,554,560,22601,2,0,0,2,11
2020-10-01,US,Georgia,Dade,286,5,0,34.854916700000004,-85.50490424,13083.0,1774.6339041945891,1.7482517482517483,281,286,5,0,281,282,16226,0,0,0,0,4
2020-10-01,US,Georgia,Dawson,838,8,0,34.44244079,-84.16964071,13085.0,3209.7441397272864,0.9546539379474941,830,830,8,0,822,821,25083,8,0,0,8,9
2020-10-01,US,Georgia,DeKalb,18938,369,0,33.76944049,-84.22396017,13089.0,2494.1491932669296,1.9484634069067484,18569,18859,367,0,18492,18773,756558,79,2,0,77,86
2020-10-01,US,Georgia,Decatur,1173,29,0,30.87967778,-84.57619536,13087.0,4442.508710801394,2.4722932651321403,1144,1165,29,0,1136,1156,26575,8,0,0,8,9
2020-10-01,US,Georgia,Dodge,434,12,0,32.17265114,-83.16948926,13091.0,2106.284882310119,2.7649769585253456,422,431,12,0,419,426,20705,3,0,0,3,5
2020-10-01,US,Georgia,Dooly,340,14,0,32.15630737,-83.79746561,13093.0,2539.208364451083,4.117647058823529,326,340,14,0,326,338,13706,0,0,0,0,2
2020-10-01,US,Georgia,Dougherty,3163,187,0,31.53328528,-84.21722377,13095.0,3596.1162399381515,5.912108757508694,2976,3159,187,0,2972,3152,91243,4,0,0,4,7
2020-10-01,US,Georgia,Douglas,3621,71,0,33.70291126,-84.77026156,13097.0,2474.3240195977937,1.96078431372549,3550,3595,71,0,3524,3571,145331,26,0,0,26,24
2020-10-01,US,Georgia,Early,506,33,0,31.32155345,-84.90255207,13099.0,4965.652600588813,6.521739130434782,473,502,33,0,469,495,10247,4,0,0,4,7
2020-10-01,US,Georgia,Echols,241,2,0,30.71101099,-82.89687287,13101.0,6015.9760359460815,0.8298755186721992,239,241,2,0,239,241,4000,0,0,0,0,0
2020-10-01,US,Georgia,Effingham,1464,24,0,32.36616021,-81.34280942,13103.0,2276.969018290407,1.639344262295082,1440,1453,23,0,1430,1445,62190,11,1,0,10,8
2020-10-01,US,Georgia,Elbert,698,5,0,34.11302332,-82.83936148,13105.0,3636.5530895071374,0.7163323782234957,693,677,3,0,674,677,19120,21,2,0,19,0
2020-10-01,US,Georgia,Emanuel,1083,32,0,32.59221302,-82.30239915,13107.0,4782.301510200477,2.9547553093259467,1051,1064,32,0,1032,1058,22612,19,0,0,19,6
2020-10-01,US,Georgia,Evans,433,6,0,32.15328841,-81.8870105,13109.0,4064.20123897128,1.3856812933025404,427,430,6,0,424,430,10721,3,0,0,3,0
2020-10-01,US,Georgia,Fannin,686,24,0,34.86430205,-84.316964,13111.0,2619.5203910187874,3.498542274052478,662,681,24,0,657,658,25964,5,0,0,5,23
2020-10-01,US,Georgia,Fayette,1896,50,0,33.41357794,-84.49089434,13113.0,1657.0384806984732,2.637130801687764,1846,1877,50,0,1827,1860,113459,19,0,0,19,17
2020-10-01,US,Georgia,Floyd,3259,45,0,34.26268279,-85.21577392,13115.0,3308.6966232816912,1.3807916538815588,3214,3219,45,0,3174,3183,97927,40,0,0,40,36
2020-10-01,US,Georgia,Forsyth,4160,46,0,34.22604035,-84.12315129999998,13117.0,1703.1590324746576,1.1057692307692308,4114,4114,46,0,4068,4052,236612,46,0,0,46,62
2020-10-01,US,Georgia,Franklin,765,13,0,34.37525597,-83.23159927,13119.0,3276.371579082616,1.699346405228758,752,758,13,0,745,752,23023,7,0,0,7,6
2020-10-01,US,Georgia,Fulton,27790,577,0,33.79216944,-84.46319413,13121.0,2611.9967629662287,2.0762864339690537,27213,27684,575,0,27109,27650,1050114,106,2,0,104,34
2020-10-01,US,Georgia,Gilmer,830,12,0,34.69316688,-84.45802506,13123.0,2645.924320188721,1.4457831325301205,818,827,12,0,815,820,30816,3,0,0,3,7
2020-10-01,US,Georgia,Glascock,39,2,0,33.22879932,-82.61297636,13125.0,1312.6893301918547,5.128205128205129,37,39,2,0,37,39,2995,0,0,0,0,0
2020-10-01,US,Georgia,Glynn,3494,96,0,31.23279254,-81.53811412,13127.0,4096.515499695165,2.7475672581568404,3398,3486,95,0,3391,3463,85219,8,1,0,7,23
2020-10-01,US,Georgia,Gordon,1880,37,0,34.50487351,-84.87296253,13129.0,3243.4484067422322,1.9680851063829787,1843,1870,36,0,1834,1867,57685,10,1,0,9,3
2020-10-01,US,Georgia,Grady,796,22,0,30.87454847,-84.23418364,13131.0,3231.437502537247,2.7638190954773867,774,785,22,0,763,778,24748,11,0,0,11,7
2020-10-01,US,Georgia,Greene,509,24,0,33.5769205,-83.17139104,13133.0,2777.777777777778,4.715127701375246,485,509,24,0,485,508,17698,0,0,0,0,1
2020-10-01,US,Georgia,Gwinnett,27733,409,0,33.96044201,-84.02137802,13135.0,2962.136181575434,1.474777341073811,27324,27647,409,0,27238,27519,927781,86,0,0,86,128
2020-10-01,US,Georgia,Habersham,1700,71,0,34.63331566,-83.53094677,13137.0,3750.4412283798088,4.176470588235294,1629,1674,67,0,1607,1654,45388,26,4,0,22,20
2020-10-01,US,Georgia,Hall,9498,158,0,34.32207823,-83.81896936,13139.0,4645.839141855106,1.6635081069698885,9340,9373,154,0,9219,9279,202148,125,4,0,121,94
2020-10-01,US,Georgia,Hancock,397,43,0,33.2721566,-82.99766919,13141.0,4694.3360529738675,10.831234256926955,354,394,42,0,352,393,8348,3,1,0,2,1
2020-10-01,US,Georgia,Haralson,493,9,0,33.79602175,-85.21005667,13143.0,1654.8066595059076,1.8255578093306288,484,487,8,0,479,486,29533,6,1,0,5,1
2020-10-01,US,Georgia,Harris,799,22,0,32.73709786,-84.90538572,13145.0,2267.567260756045,2.7534418022528158,777,799,22,0,777,794,34475,0,0,0,0,5
2020-10-01,US,Georgia,Hart,522,13,0,34.34626973,-82.96567682,13147.0,1991.9862621637087,2.490421455938697,509,521,13,0,508,515,26099,1,0,0,1,6
2020-10-01,US,Georgia,Heard,199,5,0,33.29686567,-85.12886832,13149.0,1669.0430260840396,2.512562814070352,194,197,5,0,192,195,11879,2,0,0,2,2
2020-10-01,US,Georgia,Henry,5307,103,0,33.4533428,-84.14814659999998,13151.0,2262.524460588077,1.940832862257396,5204,5281,102,0,5179,5248,230220,26,1,0,25,33
2020-10-01,US,Georgia,Houston,3166,82,0,32.45802497,-83.66879087,13153.0,2005.5364461590123,2.5900189513581813,3084,3163,82,0,3081,3158,155469,3,0,0,3,5
2020-10-01,US,Georgia,Irwin,313,4,0,31.60213036,-83.27501387,13155.0,3324.129141886151,1.2779552715654952,309,305,4,0,301,300,9398,8,0,0,8,5
2020-10-01,US,Georgia,Jackson,2035,33,0,34.13794553,-83.56814788,13157.0,2788.549817065651,1.6216216216216215,2002,2024,33,0,1991,2004,70422,11,0,0,11,20
2020-10-01,US,Georgia,Jasper,221,4,0,33.31535543,-83.68844964,13159.0,1554.2583866657294,1.8099547511312215,217,222,4,0,218,221,14040,-1,0,0,-1,1
2020-10-01,US,Georgia,Jeff Davis,725,20,0,31.80405727,-82.63724870000001,13161.0,4796.559708898445,2.7586206896551726,705,724,20,0,704,720,15029,1,0,0,1,4
2020-10-01,US,Georgia,Jefferson,805,29,0,33.05867328,-82.41609057,13163.0,5240.2030985548745,3.6024844720496896,776,804,29,0,775,797,15430,1,0,0,1,7
2020-10-01,US,Georgia,Jenkins,435,30,0,32.79248718,-81.96040187,13165.0,5013.831258644536,6.896551724137932,405,429,30,0,399,424,8683,6,0,0,6,5
2020-10-01,US,Georgia,Johnson,416,22,0,32.70211082,-82.66166794,13167.0,4314.010162812403,5.288461538461538,394,415,22,0,393,417,9708,1,0,0,1,-2
2020-10-01,US,Georgia,Jones,565,9,0,33.02512137,-83.56019163,13169.0,1966.2432573516614,1.5929203539823011,556,560,9,0,551,559,28616,5,0,0,5,1
2020-10-01,US,Georgia,Lamar,374,18,0,33.07841647,-84.14263877,13171.0,1960.4759658227185,4.81283422459893,356,372,18,0,354,369,19000,2,0,0,2,3
2020-10-01,US,Georgia,Lanier,297,5,0,31.03828570000001,-83.06472457,13173.0,2849.4675237455626,1.6835016835016836,292,295,5,0,290,295,10340,2,0,0,2,0
2020-10-01,US,Georgia,Laurens,1671,75,0,32.46325233,-82.92221316,13175.0,3514.4912295461245,4.488330341113107,1596,1661,75,0,1586,1657,47325,10,0,0,10,4
2020-10-01,US,Georgia,Lee,703,26,0,31.779330600000005,-84.14324253,13177.0,2343.958388903708,3.6984352773826457,677,700,26,0,674,699,29764,3,0,0,3,1
2020-10-01,US,Georgia,Liberty,1129,23,0,31.82588896,-81.49251135,13179.0,1837.7146577683727,2.0372010628875112,1106,1125,22,0,1103,1118,61497,4,1,0,3,7
2020-10-01,US,Georgia,Lincoln,213,7,0,33.79201475,-82.45024131,13181.0,2689.0544123216764,3.286384976525821,206,213,7,0,206,213,7915,0,0,0,0,0
2020-10-01,US,Georgia,Long,253,3,0,31.75218791,-81.74952375,13183.0,1293.5221637098011,1.1857707509881423,250,252,3,0,249,251,18998,1,0,0,1,1
2020-10-01,US,Georgia,Lowndes,3942,82,0,30.83568832,-83.27056716,13185.0,3357.5796807658894,2.080162354134957,3860,3920,82,0,3838,3907,116321,22,0,0,22,13
2020-10-01,US,Georgia,Lumpkin,930,14,0,34.57286511,-84.00425681,13187.0,2767.033620946147,1.5053763440860215,916,926,14,0,912,917,32955,4,0,0,4,9
2020-10-01,US,Georgia,Macon,235,10,0,32.35207048,-84.04234127,13193.0,1815.0922993743725,4.25531914893617,225,234,10,0,224,234,13143,1,0,0,1,0
2020-10-01,US,Georgia,Madison,706,8,0,34.12920917,-83.21218732,13195.0,2362.7844712182064,1.13314447592068,698,704,8,0,696,694,29650,2,0,0,2,10
2020-10-01,US,Georgia,Marion,192,8,0,32.3483402,-84.52733571,13197.0,2296.9254695537743,4.166666666666667,184,192,8,0,184,191,8351,0,0,0,0,1
2020-10-01,US,Georgia,McDuffie,607,14,0,33.47851918,-82.48252774,13189.0,2848.160660660661,2.306425041186161,593,605,14,0,591,605,21531,2,0,0,2,0
2020-10-01,US,Georgia,McIntosh,294,7,0,31.49683595,-81.40163426,13191.0,2044.790652385589,2.380952380952381,287,293,7,0,286,291,14340,1,0,0,1,2
2020-10-01,US,Georgia,Meriwether,546,13,0,33.04163534,-84.68859732,13199.0,2579.486937213587,2.380952380952381,533,546,13,0,533,545,21068,0,0,0,0,1
2020-10-01,US,Georgia,Miller,270,1,0,31.16568912,-84.73151117,13201.0,4721.930745015739,0.3703703703703704,269,266,1,0,265,261,5686,4,0,0,4,5
2020-10-01,US,Georgia,Mitchell,818,45,0,31.22483255,-84.19381821,13205.0,3741.4810410282207,5.50122249388753,773,811,45,0,766,813,22192,7,0,0,7,-2
2020-10-01,US,Georgia,Monroe,700,52,0,33.014289,-83.92097166,13207.0,2538.255130901443,7.428571428571429,648,699,52,0,647,693,27520,1,0,0,1,6
2020-10-01,US,Georgia,Montgomery,317,5,0,32.17201038,-82.53527476,13209.0,3456.1709550806804,1.5772870662460567,312,311,5,0,306,310,9193,6,0,0,6,1
2020-10-01,US,Georgia,Morgan,487,3,0,33.59232073,-83.49129491,13211.0,2526.457771321851,0.6160164271047228,484,485,3,0,482,485,18853,2,0,0,2,0
2020-10-01,US,Georgia,Murray,844,6,0,34.78897608,-84.74993177,13213.0,2104.948124501197,0.7109004739336493,838,840,6,0,834,837,39921,4,0,0,4,3
2020-10-01,US,Georgia,Muscogee,6070,170,0,32.50931999,-84.87142262,13215.0,3100.5930458857124,2.8006589785831957,5900,6048,170,0,5878,6034,194160,22,0,0,22,14
2020-10-01,US,Georgia,Newton,2617,91,0,33.55514538,-83.84547140000002,13217.0,2341.960194730813,3.4772640427970964,2526,2610,90,0,2520,2602,109541,7,1,0,6,8
2020-10-01,US,Georgia,Oconee,766,26,0,33.83749973,-83.43679568,13219.0,1901.6881827209534,3.3942558746736293,740,761,26,0,735,750,39272,5,0,0,5,11
2020-10-01,US,Georgia,Oglethorpe,339,11,0,33.878629600000004,-83.08278123,13221.0,2221.6396880529524,3.2448377581120944,328,335,11,0,324,330,15054,4,0,0,4,5
2020-10-01,US,Georgia,Out of GA,16324,160,0,0.0,0.0,80013.0,0.0,0.9801519235481501,16164,16541,160,0,16381,16287,,-217,0,0,-217,254
2020-10-01,US,Georgia,Paulding,2827,55,0,33.91969522,-84.86848792,13223.0,1676.0836441034699,1.9455252918287935,2772,2806,54,0,2752,2789,164044,21,1,0,20,17
2020-10-01,US,Georgia,Peach,674,24,0,32.56934316,-83.82937,13225.0,2446.81623466202,3.560830860534125,650,670,24,0,646,672,27297,4,0,0,4,-2
2020-10-01,US,Georgia,Pickens,621,10,0,34.46589159,-84.46406611,13227.0,1905.4340155257587,1.6103059581320451,611,619,10,0,609,619,31980,2,0,0,2,0
2020-10-01,US,Georgia,Pierce,614,20,0,31.35928155,-82.21598442,13229.0,3154.379655792448,3.2573289902280136,594,612,20,0,592,611,19389,2,0,0,2,1
2020-10-01,US,Georgia,Pike,343,10,0,33.09310242,-84.38790389,13231.0,1808.8809197342048,2.915451895043732,333,333,10,0,323,329,18634,10,0,0,10,4
2020-10-01,US,Georgia,Polk,1498,18,0,34.00267074,-85.18677781,13233.0,3515.359162696829,1.2016021361815754,1480,1490,18,0,1472,1484,42470,8,0,0,8,6
2020-10-01,US,Georgia,Pulaski,314,22,0,32.23334561,-83.47549959999998,13235.0,2819.4307264074705,7.0063694267515935,292,313,22,0,291,313,11069,1,0,0,1,0
2020-10-01,US,Georgia,Putnam,699,25,0,33.32056115,-83.37552891,13237.0,3160.179031601791,3.57653791130186,674,695,25,0,670,692,21809,4,0,0,4,3
2020-10-01,US,Georgia,Quitman,34,1,0,31.86728114,-85.01773177,13239.0,1478.9038712483691,2.9411764705882355,33,33,1,0,32,32,2279,1,0,0,1,1
2020-10-01,US,Georgia,Rabun,366,10,0,34.88389445,-83.40304637,13241.0,2135.7297076501136,2.7322404371584703,356,344,10,0,334,341,16867,22,0,0,22,3
2020-10-01,US,Georgia,Randolph,331,29,0,31.76622818,-84.75732369,13243.0,4883.446444378873,8.761329305135952,302,331,29,0,302,331,6833,0,0,0,0,0
2020-10-01,US,Georgia,Richmond,7180,164,0,33.35777107,-82.07026432,13245.0,3545.363868890667,2.2841225626740953,7016,7147,162,0,6985,7136,201554,33,2,0,31,11
2020-10-01,US,Georgia,Rockdale,1872,37,0,33.65145002,-84.02202167,13247.0,2059.496567505721,1.9764957264957264,1835,1865,37,0,1828,1858,90594,7,0,0,7,7
2020-10-01,US,Georgia,Schley,105,2,0,32.2654021,-84.31258912,13249.0,1997.3368841544607,1.9047619047619049,103,105,2,0,103,105,5236,0,0,0,0,0
2020-10-01,US,Georgia,Screven,420,10,0,32.74976524,-81.60779441,13251.0,3007.3034512387226,2.380952380952381,410,417,10,0,407,416,13938,3,0,0,3,1
2020-10-01,US,Georgia,Seminole,366,9,0,30.93464824,-84.86823924,13253.0,4524.103831891223,2.459016393442623,357,361,9,0,352,356,8315,5,0,0,5,5
2020-10-01,US,Georgia,Spalding,1347,61,0,33.26310031,-84.28013991,13255.0,2019.3994273121148,4.528582034149963,1286,1341,61,0,1280,1335,66100,6,0,0,6,6
2020-10-01,US,Georgia,Stephens,1094,38,0,34.55151201,-83.29405315,13257.0,4219.864995178399,3.473491773308958,1056,1083,38,0,1045,1064,26035,11,0,0,11,19
2020-10-01,US,Georgia,Stewart,523,14,0,32.07996777,-84.83208037,13259.0,7899.10889593717,2.676864244741874,509,523,14,0,509,522,6199,0,0,0,0,1
2020-10-01,US,Georgia,Sumter,935,62,0,32.03650571,-84.19821492,13261.0,3166.915052160954,6.6310160427807485,873,934,62,0,872,933,29733,1,0,0,1,1
2020-10-01,US,Georgia,Talbot,166,6,0,32.69642758,-84.53351366,13263.0,2679.5803066989506,3.614457831325301,160,166,6,0,160,166,6272,0,0,0,0,0
2020-10-01,US,Georgia,Taliaferro,22,0,0,33.56543317,-82.88136816,13265.0,1431.3597918022122,0.0,22,22,0,0,22,22,1608,0,0,0,0,0
2020-10-01,US,Georgia,Tattnall,844,11,0,32.04785085,-82.05539188,13267.0,3337.8153919164756,1.3033175355450235,833,840,11,0,829,836,25391,4,0,0,4,4
2020-10-01,US,Georgia,Taylor,214,11,0,32.55792548,-84.25077141,13269.0,2668.3291770573564,5.140186915887852,203,213,11,0,202,213,8039,1,0,0,1,0
2020-10-01,US,Georgia,Telfair,393,20,0,31.92829517,-82.93491155,13271.0,2477.931904161412,5.089058524173028,373,391,19,0,372,390,15876,2,1,0,1,1
2020-10-01,US,Georgia,Terrell,329,32,0,31.77527543,-84.44069698,13273.0,3856.523268081116,9.726443768996962,297,329,32,0,297,329,8611,0,0,0,0,0
2020-10-01,US,Georgia,Thomas,1500,65,0,30.86392347,-83.91847289,13275.0,3374.502260916515,4.333333333333333,1435,1497,64,0,1433,1495,44448,3,1,0,2,2
2020-10-01,US,Georgia,Tift,1805,57,0,31.45743864,-83.5236119,13277.0,4440.99990158449,3.1578947368421053,1748,1803,57,0,1746,1787,40571,2,0,0,2,16
2020-10-01,US,Georgia,Toombs,1343,50,0,32.12059861,-82.32957247,13279.0,5005.590756615728,3.7230081906180192,1293,1331,49,0,1282,1330,26887,12,1,0,11,1
2020-10-01,US,Georgia,Towns,342,10,0,34.91369188,-83.74107459999998,13281.0,2841.239511506189,2.9239766081871346,332,341,9,0,332,334,11852,1,1,0,0,7
2020-10-01,US,Georgia,Treutlen,263,10,0,32.40422134,-82.56904553,13283.0,3811.041877988697,3.8022813688212933,253,261,10,0,251,258,6809,2,0,0,2,3
2020-10-01,US,Georgia,Troup,2833,100,0,33.03349196,-85.02812115,13285.0,4051.657561282572,3.5298270384751147,2733,2822,100,0,2722,2808,70034,11,0,0,11,14
2020-10-01,US,Georgia,Turner,306,24,0,31.71612656,-83.62069378,13287.0,3832.185347526613,7.84313725490196,282,306,24,0,282,305,7912,0,0,0,0,1
2020-10-01,US,Georgia,Twiggs,199,8,0,32.67435595,-83.43078662,13289.0,2450.7389162561576,4.0201005025125625,191,197,7,0,190,195,8188,2,1,0,1,2
2020-10-01,US,Georgia,Unassigned,2206,7,0,0.0,0.0,90013.0,0.0,0.3173164097914778,2199,2206,7,0,2199,2231,,0,0,0,0,-25
2020-10-01,US,Georgia,Union,779,20,0,34.82995757,-83.98967069,13291.0,3178.164905552609,2.5673940949935816,759,777,20,0,757,771,24001,2,0,0,2,6
2020-10-01,US,Georgia,Upson,804,62,0,32.87920671,-84.30024826,13293.0,3054.711246200608,7.711442786069652,742,799,62,0,737,796,26215,5,0,0,5,3
2020-10-01,US,Georgia,Walker,1591,38,0,34.73376362,-85.30165174,13295.0,2280.643912787948,2.3884349465744816,1553,1569,36,0,1533,1552,69410,22,2,0,20,17
2020-10-01,US,Georgia,Walton,1847,55,0,33.78017694,-83.73552314,13297.0,1952.575771991585,2.977801840822956,1792,1836,55,0,1781,1826,93503,11,0,0,11,10
2020-10-01,US,Georgia,Ware,1512,60,0,31.05449097,-82.42224148,13299.0,4231.26434208317,3.968253968253968,1452,1509,60,0,1449,1501,35680,3,0,0,3,8
2020-10-01,US,Georgia,Warren,153,5,0,33.41146451,-82.67795848,13301.0,2912.0669965740385,3.2679738562091503,148,152,5,0,147,152,5251,1,0,0,1,0
2020-10-01,US,Georgia,Washington,685,8,0,32.96711864,-82.79357039,13303.0,3362.128202611171,1.167883211678832,677,676,8,0,668,675,20386,9,0,0,9,1
2020-10-01,US,Georgia,Wayne,1145,30,0,31.5521809,-81.91894878,13305.0,3825.976542921108,2.6200873362445414,1115,1140,30,0,1110,1139,29808,5,0,0,5,1
2020-10-01,US,Georgia,Webster,43,2,0,32.04066113,-84.54742852,13307.0,1649.4054468738013,4.651162790697675,41,43,2,0,41,44,2611,0,0,0,0,-1
2020-10-01,US,Georgia,Wheeler,340,11,0,32.12009104,-82.72574721,13309.0,4328.453214513049,3.2352941176470584,329,336,11,0,325,336,7879,4,0,0,4,0
2020-10-01,US,Georgia,White,873,19,0,34.64624278,-83.74905525,13311.0,2834.5996493278785,2.176403207331042,854,848,19,0,829,837,29970,25,0,0,25,11
2020-10-01,US,Georgia,Whitfield,4651,61,0,34.80987459,-84.96093476,13313.0,4445.2727759299605,1.3115459041066435,4590,4625,60,0,4565,4585,104062,26,1,0,25,40
2020-10-01,US,Georgia,Wilcox,248,22,0,31.97496928,-83.43438555,13315.0,2872.0324261725536,8.870967741935484,226,247,20,0,227,248,8812,1,2,0,-1,-1
2020-10-01,US,Georgia,Wilkes,267,5,0,33.78290391,-82.74286107,13317.0,2730.8990487879723,1.8726591760299625,262,268,5,0,263,268,9876,-1,0,0,-1,0
2020-10-01,US,Georgia,Wilkinson,341,18,0,32.80291082,-83.17140684,13319.0,3808.353808353808,5.278592375366569,323,341,18,0,323,338,9036,0,0,0,0,3
2020-10-01,US,Georgia,Worth,536,30,0,31.55162306,-83.85090513,13321.0,2647.3057736948685,5.597014925373133,506,535,30,0,505,535,20299,1,0,0,1,0
2020-10-01,US,Hawaii,Hawaii,736,15,0,19.60121157,-155.5210167,15001.0,365.23698222943426,2.0380434782608696,721,730,15,0,715,703,200983,6,0,0,6,27
2020-10-01,US,Hawaii,Honolulu,11296,114,0,21.45803166,-157.97121819999995,15003.0,1159.0836097820254,1.0092067988668556,11182,11197,111,0,11086,11106,980080,99,3,0,96,91
2020-10-01,US,Hawaii,Kauai,59,0,0,22.03935037,-159.5966786,15007.0,81.61232761124867,0.0,59,59,0,0,59,59,72133,0,0,0,0,0
2020-10-01,US,Hawaii,Maui,391,9,0,20.86399628,-156.56890969999995,15009.0,233.54856436323672,2.301790281329924,382,391,9,0,382,390,167207,0,0,0,0,1
2020-10-01,US,Hawaii,Out of HI,33,1,0,0.0,0.0,80015.0,0.0,3.0303030303030303,32,33,1,0,32,32,,0,0,0,0,1
2020-10-01,US,Idaho,Ada,13256,148,0,43.4526575,-116.24155159999998,16001.0,2752.565995344559,1.1164755582377792,13108,13116,148,0,12968,13009,469966,140,0,0,140,107
2020-10-01,US,Idaho,Adams,29,2,0,44.89333571,-116.4545247,16003.0,675.3609687936656,6.896551724137932,27,29,2,0,27,28,4250,0,0,0,0,1
2020-10-01,US,Idaho,Bannock,1105,5,0,42.67002716,-112.2233311,16005.0,1258.4274781341107,0.4524886877828054,1100,1085,5,0,1080,1069,87138,20,0,0,20,16
2020-10-01,US,Idaho,Bear Lake,46,1,0,42.28269683,-111.32892379999998,16007.0,751.0204081632652,2.1739130434782608,45,46,1,0,45,46,6050,0,0,0,0,0
2020-10-01,US,Idaho,Benewah,151,3,0,47.21754179,-116.6586851,16009.0,1624.0051624005164,1.9867549668874167,148,151,3,0,148,149,9226,0,0,0,0,2
2020-10-01,US,Idaho,Bingham,977,10,0,43.21672879999999,-112.3978437,16011.0,2087.1162760889533,1.0235414534288638,967,960,10,0,950,937,46236,17,0,0,17,23
2020-10-01,US,Idaho,Blaine,687,6,0,43.4085812,-113.9752658,16013.0,2984.231788367143,0.8733624454148472,681,683,6,0,677,681,22601,4,0,0,4,2
2020-10-01,US,Idaho,Boise,72,2,0,43.98829931,-115.7309284,16015.0,919.4228067935127,2.7777777777777777,70,70,2,0,68,70,7634,2,0,0,2,0
2020-10-01,US,Idaho,Bonner,355,0,0,48.29996017,-116.6017932,16017.0,776.1428977459061,0.0,355,340,0,0,340,332,44727,15,0,0,15,8
2020-10-01,US,Idaho,Bonneville,2882,17,0,43.38713372,-111.6161537,16019.0,2420.5875930187635,0.5898681471200555,2865,2841,17,0,2824,2772,116854,41,0,0,41,69
2020-10-01,US,Idaho,Boundary,59,1,0,48.76684761,-116.4630179,16021.0,481.82931808901606,1.6949152542372878,58,58,1,0,57,57,11948,1,0,0,1,1
2020-10-01,US,Idaho,Butte,33,0,0,43.72592209,-113.1735463,16023.0,1270.6969580284945,0.0,33,33,0,0,33,31,2611,0,0,0,0,2
2020-10-01,US,Idaho,Camas,37,0,0,43.46665742,-114.8065892,16025.0,3345.3887884267633,0.0,37,36,0,0,36,36,1127,1,0,0,1,0
2020-10-01,US,Idaho,Canyon,8328,102,0,43.61970148,-116.70954990000001,16027.0,3623.2483064968737,1.2247838616714697,8226,8296,102,0,8194,8242,223499,32,0,0,32,54
2020-10-01,US,Idaho,Caribou,131,0,0,42.77149116,-111.5597683,16029.0,1830.8874912648496,0.0,131,125,0,0,125,119,7060,6,0,0,6,6
2020-10-01,US,Idaho,Cassia,772,6,0,42.28347888,-113.6012409,16031.0,3212.650853100292,0.7772020725388601,766,757,6,0,751,749,23864,15,0,0,15,8
2020-10-01,US,Idaho,Clark,35,0,0,44.28496071,-112.35057040000001,16033.0,4142.011834319525,0.0,35,35,0,0,35,34,852,0,0,0,0,1
2020-10-01,US,Idaho,Clearwater,53,0,0,46.67459924,-115.6622393,16035.0,605.2992233896756,0.0,53,52,0,0,52,48,8758,1,0,0,1,4
2020-10-01,US,Idaho,Custer,71,1,0,44.24186819,-114.2855494,16037.0,1645.422943221321,1.4084507042253518,70,71,1,0,70,66,4280,0,0,0,0,5
2020-10-01,US,Idaho,Elmore,370,3,0,43.3507101,-115.4701578,16039.0,1344.9165788230162,0.8108108108108109,367,361,3,0,358,354,27259,9,0,0,9,7
2020-10-01,US,Idaho,Franklin,129,0,0,42.18332217,-111.81496659999999,16041.0,929.662727010666,0.0,129,129,0,0,129,126,13726,0,0,0,0,3
2020-10-01,US,Idaho,Fremont,217,3,0,44.22800938,-111.48099429999999,16043.0,1656.6150087792962,1.3824884792626728,214,218,3,0,215,206,13168,-1,0,0,-1,12
2020-10-01,US,Idaho,Gem,345,3,0,44.06482372,-116.398376,16045.0,1904.8144876325089,0.8695652173913043,342,340,3,0,337,336,17634,5,0,0,5,4
2020-10-01,US,Idaho,Gooding,312,1,0,42.96927962,-114.81083059999999,16047.0,2055.4713749258844,0.3205128205128205,311,304,1,0,303,297,15196,8,0,0,8,7
2020-10-01,US,Idaho,Idaho,213,0,0,45.84721541,-115.4634436,16049.0,1277.97444051119,0.0,213,210,0,0,210,205,16513,3,0,0,3,5
2020-10-01,US,Idaho,Jefferson,618,3,0,43.82078483,-112.3131749,16051.0,2068.8962538917344,0.4854368932038835,615,607,2,0,605,590,29439,11,1,0,10,17
2020-10-01,US,Idaho,Jerome,791,7,0,42.68891267,-114.2655033,16053.0,3240.2097329182375,0.8849557522123894,784,783,7,0,776,773,24015,8,0,0,8,10
2020-10-01,US,Idaho,Kootenai,2773,34,0,47.67282258,-116.7020872,16055.0,1673.5366361491156,1.2261089073205915,2739,2743,34,0,2709,2712,161505,30,0,0,30,31
2020-10-01,US,Idaho,Latah,547,0,0,46.81587887,-116.71136979999999,16057.0,1363.8176922309765,0.0,547,538,0,0,538,486,40134,9,0,0,9,52
2020-10-01,US,Idaho,Lemhi,109,0,0,44.9438088,-113.9309747,16059.0,1357.9170300236701,0.0,109,107,0,0,107,104,7961,2,0,0,2,3
2020-10-01,US,Idaho,Lewis,35,1,0,46.23315327,-116.434146,16061.0,911.9332985930173,2.8571428571428568,34,35,0,0,35,35,3861,0,1,0,-1,0
2020-10-01,US,Idaho,Lincoln,95,0,0,43.0012336,-114.1358773,16063.0,1770.4062616474093,0.0,95,94,0,0,94,92,5360,1,0,0,1,2
2020-10-01,US,Idaho,Madison,892,2,0,43.78141028,-111.65384740000002,16065.0,2235.1968326358788,0.2242152466367713,890,847,2,0,845,813,39304,45,0,0,45,34
2020-10-01,US,Idaho,Minidoka,733,8,0,42.85518524,-113.6357257,16067.0,3484.0058938162456,1.0914051841746248,725,725,8,0,717,717,20825,8,0,0,8,8
2020-10-01,US,Idaho,Nez Perce,465,24,0,46.32638236,-116.75009750000001,16069.0,1150.7622253019206,5.161290322580644,441,461,24,0,437,456,40408,4,0,0,4,5
2020-10-01,US,Idaho,Oneida,26,0,0,42.19494279999999,-112.5407838,16071.0,573.8247627455307,0.0,26,26,0,0,26,26,4488,0,0,0,0,0
2020-10-01,US,Idaho,Owyhee,335,5,0,42.58016894,-116.16938710000001,16073.0,2833.4602046857813,1.492537313432836,330,333,5,0,328,331,11693,2,0,0,2,2
2020-10-01,US,Idaho,Payette,919,9,0,44.00545243,-116.7647695,16075.0,3837.000542774832,0.9793253536452666,910,910,9,0,901,895,23551,9,0,0,9,15
2020-10-01,US,Idaho,Power,254,1,0,42.69254894,-112.83957420000002,16077.0,3306.861085796121,0.3937007874015748,253,250,1,0,249,240,7768,4,0,0,4,10
2020-10-01,US,Idaho,Shoshone,216,18,0,47.35364087,-115.89167490000001,16079.0,1676.7582673497907,8.333333333333334,198,216,18,0,198,215,12796,0,0,0,0,1
2020-10-01,US,Idaho,Teton,192,1,0,43.75303583,-111.2056773,16081.0,1581.2880909240653,0.5208333333333334,191,185,0,0,185,176,11640,7,1,0,6,9
2020-10-01,US,Idaho,Twin Falls,2424,38,0,42.35440512,-114.6685381,16083.0,2790.119477888533,1.5676567656765676,2386,2376,38,0,2338,2315,86081,48,0,0,48,61
2020-10-01,US,Idaho,Unassigned,1,0,0,0.0,0.0,90016.0,0.0,0.0,1,1,0,0,1,1,,0,0,0,0,0
2020-10-01,US,Idaho,Valley,97,1,0,44.76728382,-115.5676773,16085.0,851.4747191011238,1.0309278350515465,96,97,1,0,96,93,11041,0,0,0,0,4
2020-10-01,US,Idaho,Washington,374,6,0,44.45275475,-116.78476880000001,16087.0,3668.8247989013134,1.60427807486631,368,368,6,0,362,365,10161,6,0,0,6,3
2020-10-01,US,Illinois,Adams,1209,10,0,39.98815591,-91.18786813,17001.0,1847.6350576908387,0.8271298593879239,1199,1199,10,0,1189,1183,65691,10,0,0,10,16
2020-10-01,US,Illinois,Alexander,87,1,0,37.18049267,-89.32910838,17003.0,1510.1544870682171,1.1494252873563218,86,85,1,0,84,84,6060,2,0,0,2,1
2020-10-01,US,Illinois,Bond,349,7,0,38.88829622,-89.43534887,17005.0,2124.680384755875,2.005730659025788,342,342,6,0,336,334,16630,7,1,0,6,8
2020-10-01,US,Illinois,Boone,1160,23,0,42.32359279,-88.82345779,17007.0,2166.4425519199162,1.9827586206896552,1137,1153,23,0,1130,1136,53577,7,0,0,7,17
2020-10-01,US,Illinois,Brown,70,0,0,39.96209138,-90.75068024,17009.0,1064.1532380662816,0.0,70,69,0,0,69,67,6556,1,0,0,1,2
2020-10-01,US,Illinois,Bureau,685,12,0,41.40385234,-89.5283051,17011.0,2099.4238077724654,1.7518248175182485,673,671,12,0,659,659,32993,14,0,0,14,12
2020-10-01,US,Illinois,Calhoun,64,0,0,39.16840183,-90.66330078,17013.0,1350.4958852078498,0.0,64,62,0,0,62,61,4802,2,0,0,2,1
2020-10-01,US,Illinois,Carroll,242,6,0,42.06823429,-89.93395545,17015.0,1691.7161831527435,2.479338842975207,236,238,6,0,232,233,14312,4,0,0,4,5
2020-10-01,US,Illinois,Cass,409,11,0,39.96991073,-90.24734436,17017.0,3367.0865234214207,2.6894865525672373,398,404,11,0,393,398,12260,5,0,0,5,6
2020-10-01,US,Illinois,Champaign,4879,22,0,40.13919438,-88.20046615,17019.0,2326.7791825036124,0.4509120721459315,4857,4818,21,0,4797,4789,209983,61,1,0,60,29
2020-10-01,US,Illinois,Christian,595,13,0,39.54581621,-89.27780482,17021.0,1841.8771669143134,2.184873949579832,582,565,11,0,554,560,32661,30,2,0,28,5
2020-10-01,US,Illinois,Clark,184,3,0,39.33425789,-87.78705622,17023.0,1191.6326662780907,1.6304347826086956,181,183,3,0,180,176,15596,1,0,0,1,7
2020-10-01,US,Illinois,Clay,173,0,0,38.75388572,-88.48914513,17025.0,1312.1966019417475,0.0,173,159,0,0,159,157,13253,14,0,0,14,2
2020-10-01,US,Illinois,Clinton,1239,21,0,38.60704876,-89.42385254,17027.0,3298.5464032799105,1.6949152542372878,1218,1222,21,0,1201,1203,37639,17,0,0,17,19
2020-10-01,US,Illinois,Coles,1522,31,0,39.51949084,-88.22358557,17029.0,3006.6573161336205,2.0367936925098555,1491,1508,31,0,1477,1488,50885,14,0,0,14,20
2020-10-01,US,Illinois,Cook,146152,5229,0,41.84144849,-87.81658794,17031.0,2837.774523987556,3.5777820351414964,140923,145462,5225,0,140237,144697,5180493,690,4,0,686,765
2020-10-01,US,Illinois,Crawford,472,5,0,39.0032229,-87.75954624,17033.0,2528.526276316494,1.0593220338983051,467,466,4,0,462,459,18807,6,1,0,5,7
2020-10-01,US,Illinois,Cumberland,221,5,0,39.27432424,-88.2401158,17035.0,2052.7586847482817,2.262443438914027,216,219,5,0,214,218,10808,2,0,0,2,1
2020-10-01,US,Illinois,De Witt,133,2,0,40.17514519,-88.90959682,17039.0,850.4923903312445,1.5037593984962403,131,129,2,0,127,127,15769,4,0,0,4,2
2020-10-01,US,Illinois,DeKalb,1649,39,0,41.89373302,-88.76958483,17037.0,1572.0182655366693,2.3650697392359006,1610,1622,39,0,1583,1604,104143,27,0,0,27,18
2020-10-01,US,Illinois,Douglas,326,7,0,39.76768052,-88.21854195,17041.0,1674.8009247367067,2.147239263803681,319,318,7,0,311,316,19479,8,0,0,8,2
2020-10-01,US,Illinois,DuPage,17873,565,0,41.85116968,-88.08642662,17043.0,1936.5687854106686,3.1611928607396638,17308,17786,563,0,17223,17690,928589,87,2,0,85,96
2020-10-01,US,Illinois,Edgar,118,8,0,39.6809186,-87.74759563,17045.0,687.6056173882641,6.779661016949151,110,116,8,0,108,112,17360,2,0,0,2,4
2020-10-01,US,Illinois,Edwards,70,0,0,38.41353228,-88.05720863,17047.0,1094.6051602814698,0.0,70,68,0,0,68,66,6392,2,0,0,2,2
2020-10-01,US,Illinois,Effingham,896,3,0,39.05935711,-88.58969584,17049.0,2634.674194307222,0.3348214285714285,893,883,3,0,880,879,34208,13,0,0,13,4
2020-10-01,US,Illinois,Fayette,449,7,0,39.00072038,-89.02452658,17051.0,2104.424446944132,1.55902004454343,442,437,6,0,431,424,21416,12,1,0,11,13
2020-10-01,US,Illinois,Ford,109,5,0,40.59706922,-88.22350769,17053.0,840.9844919373503,4.587155963302751,104,108,5,0,103,107,13264,1,0,0,1,1
2020-10-01,US,Illinois,Franklin,556,4,0,37.99189086,-88.92567818,17055.0,1445.319607996049,0.7194244604316546,552,552,3,0,549,548,38701,4,1,0,3,4
2020-10-01,US,Illinois,Fulton,197,0,0,40.47289135,-90.20862357,17057.0,573.6750145602796,0.0,197,190,0,0,190,188,34844,7,0,0,7,2
2020-10-01,US,Illinois,Gallatin,76,2,0,37.76430935,-88.22953869,17059.0,1574.1507870753933,2.631578947368421,74,75,2,0,73,74,5058,1,0,0,1,1
2020-10-01,US,Illinois,Greene,238,13,0,39.35907414,-90.388865,17061.0,1835.1453465957284,5.46218487394958,225,235,13,0,222,230,13044,3,0,0,3,5
2020-10-01,US,Illinois,Grundy,698,6,0,41.28569601,-88.41905692,17063.0,1367.1798487875585,0.8595988538681948,692,687,6,0,681,677,50972,11,0,0,11,10
2020-10-01,US,Illinois,Hamilton,74,2,0,38.08163641,-88.53883373,17065.0,911.7792015771316,2.702702702702702,72,74,2,0,72,73,8163,0,0,0,0,1
2020-10-01,US,Illinois,Hancock,231,3,0,40.40423981,-91.16313899,17067.0,1304.4951434379939,1.2987012987012987,228,228,3,0,225,223,17844,3,0,0,3,5
2020-10-01,US,Illinois,Hardin,40,0,0,37.51810645,-88.26873022,17069.0,1046.8463752944256,0.0,40,39,0,0,39,39,3910,1,0,0,1,0
2020-10-01,US,Illinois,Henderson,72,0,0,40.81908672,-90.92491462,17071.0,1083.3584110743304,0.0,72,71,0,0,71,70,6709,1,0,0,1,1
2020-10-01,US,Illinois,Henry,684,5,0,41.3533994,-90.13296166,17073.0,1398.4012430233277,0.7309941520467836,679,679,5,0,674,669,49090,5,0,0,5,10
2020-10-01,US,Illinois,Iroquois,368,19,0,40.74717633,-87.82466784,17075.0,1357.2324260529615,5.163043478260869,349,368,19,0,349,367,27604,0,0,0,0,1
2020-10-01,US,Illinois,Jackson,1281,24,0,37.78595185,-89.38232563,17077.0,2257.2687224669603,1.873536299765808,1257,1276,25,0,1251,1267,57419,5,-1,0,6,9
2020-10-01,US,Illinois,Jasper,213,10,0,39.01054275,-88.15437049,17079.0,2216.4412070759627,4.694835680751174,203,212,10,0,202,212,9611,1,0,0,1,0
2020-10-01,US,Illinois,Jefferson,650,38,0,38.29980057,-88.9240025,17081.0,1724.869971340622,5.846153846153847,612,641,38,0,603,624,37820,9,0,0,9,17
2020-10-01,US,Illinois,Jersey,400,18,0,39.08869046,-90.35393073,17083.0,1837.1377394020121,4.5,382,398,17,0,381,395,21847,2,1,0,1,3
2020-10-01,US,Illinois,Jo Daviess,282,2,0,42.36542373,-90.21094405,17085.0,1327.9962326348011,0.7092198581560284,280,275,2,0,273,269,21366,7,0,0,7,6
2020-10-01,US,Illinois,Johnson,168,0,0,37.45939802,-88.88165419,17087.0,1352.9838125151002,0.0,168,163,0,0,163,162,12456,5,0,0,5,1
2020-10-01,US,Illinois,Kane,13344,326,0,41.93842729,-88.42861412,17089.0,2506.372052749515,2.4430455635491612,13018,13285,326,0,12959,13182,534216,59,0,0,59,103
2020-10-01,US,Illinois,Kankakee,2788,77,0,41.13746989,-87.86205334,17091.0,2537.7291511168555,2.7618364418938306,2711,2776,77,0,2699,2764,110024,12,0,0,12,12
2020-10-01,US,Illinois,Kendall,2060,26,0,41.59081014,-88.42869583,17093.0,1597.0230250407008,1.2621359223300972,2034,2054,25,0,2029,2034,127915,6,1,0,5,20
2020-10-01,US,Illinois,Knox,718,3,0,40.93148779,-90.21330340000002,17095.0,1444.6970763999273,0.4178272980501393,715,704,3,0,701,680,50112,14,0,0,14,24
2020-10-01,US,Illinois,LaSalle,1768,57,0,41.34426129999999,-88.88633881,17099.0,1626.9589303297168,3.223981900452489,1711,1758,57,0,1701,1742,109430,10,0,0,10,16
2020-10-01,US,Illinois,Lake,17246,490,0,42.3224907,-88.00367925,17097.0,2475.9703388918,2.8412385480691174,16756,17151,488,0,16663,16992,700832,95,2,0,93,159
2020-10-01,US,Illinois,Lawrence,267,3,0,38.71987914,-87.72884035,17101.0,1703.0233448143897,1.1235955056179776,264,263,3,0,260,259,15765,4,0,0,4,4
2020-10-01,US,Illinois,Lee,412,1,0,41.74583951,-89.29977132,17103.0,1208.3528859690284,0.2427184466019417,411,394,1,0,393,391,34223,18,0,0,18,3
2020-10-01,US,Illinois,Livingston,418,6,0,40.89188292,-88.55784752,17105.0,1172.576301615799,1.4354066985645932,412,408,6,0,402,406,35761,10,0,0,10,2
2020-10-01,US,Illinois,Logan,473,1,0,40.12581572,-89.36638784,17107.0,1652.8059263400655,0.21141649048625796,472,469,1,0,468,466,28925,4,0,0,4,3
2020-10-01,US,Illinois,Macon,1672,45,0,39.86064913,-88.96342505,17115.0,1607.5531925121866,2.691387559808613,1627,1636,45,0,1591,1598,104712,36,0,0,36,38
2020-10-01,US,Illinois,Macoupin,576,7,0,39.26119767,-89.92424028,17117.0,1282.1083559631393,1.2152777777777777,569,567,7,0,560,556,45313,9,0,0,9,11
2020-10-01,US,Illinois,Madison,5888,144,0,38.83042506,-89.90422563,17119.0,2239.072731836055,2.4456521739130435,5744,5828,143,0,5685,5802,264461,60,1,0,59,26
2020-10-01,US,Illinois,Marion,595,2,0,38.64963204,-88.91899208,17121.0,1599.2474129821258,0.33613445378151263,593,573,2,0,571,569,37620,22,0,0,22,4
2020-10-01,US,Illinois,Marshall,113,0,0,41.0327901,-89.34510444,17123.0,987.9349536632277,0.0,113,111,0,0,111,109,11534,2,0,0,2,2
2020-10-01,US,Illinois,Mason,167,1,0,40.23917274,-89.91824452,17125.0,1250.093569877985,0.5988023952095808,166,161,1,0,160,154,13565,6,0,0,6,7
2020-10-01,US,Illinois,Massac,121,2,0,37.22078441,-88.71036614,17127.0,878.5942492012781,1.6528925619834711,119,117,2,0,115,113,14080,4,0,0,4,4
2020-10-01,US,Illinois,McDonough,498,15,0,40.45674722,-90.67775541,17109.0,1677.784515868203,3.0120481927710845,483,490,15,0,475,491,29955,8,0,0,8,-1
2020-10-01,US,Illinois,McHenry,4683,119,0,42.32451172,-88.45248227,17111.0,1521.5710228934217,2.5411061285500747,4564,4653,118,0,4535,4625,308570,30,1,0,29,28
2020-10-01,US,Illinois,McLean,3346,24,0,40.48996987,-88.84621113,17113.0,1950.827031722803,0.7172743574417214,3322,3325,23,0,3302,3305,172828,21,1,0,20,20
2020-10-01,US,Illinois,Menard,129,1,0,40.02742725,-89.80246001,17129.0,1057.7238438832403,0.7751937984496124,128,128,1,0,127,127,12288,1,0,0,1,1
2020-10-01,US,Illinois,Mercer,145,5,0,41.20596782,-90.74290052,17131.0,939.3016777871347,3.4482758620689653,140,141,5,0,136,141,15601,4,0,0,4,0
2020-10-01,US,Illinois,Monroe,697,16,0,38.27594376,-90.17761038,17133.0,2012.2989866327914,2.295552367288378,681,690,16,0,674,686,34335,7,0,0,7,4
2020-10-01,US,Illinois,Montgomery,398,13,0,39.23198845,-89.47809254,17135.0,1400.7179559372141,3.266331658291457,385,389,13,0,376,382,28601,9,0,0,9,7
2020-10-01,US,Illinois,Morgan,680,23,0,39.71654544,-90.20255104,17137.0,2020.322063105354,3.3823529411764706,657,674,23,0,651,672,33976,6,0,0,6,2
2020-10-01,US,Illinois,Moultrie,230,4,0,39.64187451,-88.62099969,17139.0,1586.0975105165162,1.7391304347826086,226,222,4,0,218,219,14717,8,0,0,8,3
2020-10-01,US,Illinois,Ogle,758,6,0,42.04165196,-89.32184679,17141.0,1496.7517722093876,0.7915567282321899,752,748,6,0,742,732,50923,10,0,0,10,16
2020-10-01,US,Illinois,Out of IL,3,0,0,0.0,0.0,80017.0,0.0,0.0,3,3,0,0,3,2,,0,0,0,0,1
2020-10-01,US,Illinois,Peoria,3583,52,0,40.78702156,-89.76078901,17143.0,1999.676301352279,1.4512977951437342,3531,3555,52,0,3503,3526,180621,28,0,0,28,29
2020-10-01,US,Illinois,Perry,360,15,0,38.08510853,-89.36856219,17145.0,1721.170395869191,4.166666666666667,345,358,15,0,343,354,21174,2,0,0,2,4
2020-10-01,US,Illinois,Piatt,145,0,0,40.01360584,-88.59319339,17147.0,887.1757219774838,0.0,145,143,0,0,143,141,16396,2,0,0,2,2
2020-10-01,US,Illinois,Pike,144,1,0,39.62265059,-90.8877017,17149.0,925.3903990746097,0.6944444444444444,143,139,1,0,138,139,15611,5,0,0,5,0
2020-10-01,US,Illinois,Pope,30,1,0,37.41391284,-88.56152109,17151.0,718.2188173330143,3.333333333333333,29,30,1,0,29,29,4212,0,0,0,0,1
2020-10-01,US,Illinois,Pulaski,187,1,0,37.22631423,-89.13085001,17153.0,3505.1546391752577,0.5347593582887701,186,183,1,0,182,181,5463,4,0,0,4,2
2020-10-01,US,Illinois,Putnam,64,0,0,41.2013541,-89.2869272,17155.0,1115.1768600801531,0.0,64,63,0,0,63,59,5740,1,0,0,1,4
2020-10-01,US,Illinois,Randolph,966,11,0,38.05095369,-89.82512254,17157.0,3039.456296016613,1.1387163561076603,955,958,11,0,947,945,32106,8,0,0,8,13
2020-10-01,US,Illinois,Richland,227,6,0,38.71240969,-88.08475366,17159.0,1463.2888545091214,2.643171806167401,221,220,6,0,214,217,15763,7,0,0,7,3
2020-10-01,US,Illinois,Rock Island,3112,77,0,41.46613806,-90.57042164,17161.0,2193.418335342087,2.4742930591259635,3035,3071,77,0,2994,3037,143477,41,0,0,41,34
2020-10-01,US,Illinois,Saline,372,4,0,37.75332999,-88.54119706,17165.0,1583.5852028436425,1.075268817204301,368,362,4,0,358,350,23906,10,0,0,10,12
2020-10-01,US,Illinois,Sangamon,2521,45,0,39.75836914,-89.65872023,17167.0,1294.998767157064,1.7850059500198334,2476,2479,45,0,2434,2450,195348,42,0,0,42,29
2020-10-01,US,Illinois,Schuyler,53,0,0,40.157179799999994,-90.61114163,17169.0,783.0969267139479,0.0,53,50,0,0,50,50,6907,3,0,0,3,0
2020-10-01,US,Illinois,Scott,80,0,0,39.642916899999996,-90.47814431,17171.0,1615.8351848111492,0.0,80,80,0,0,80,79,4926,0,0,0,0,1
2020-10-01,US,Illinois,Shelby,415,4,0,39.39133527,-88.80611122,17173.0,1918.276786539706,0.9638554216867471,411,408,4,0,404,402,21741,7,0,0,7,6
2020-10-01,US,Illinois,St. Clair,6796,193,0,38.46996033,-89.93063427,17163.0,2617.0066926981044,2.8399058269570334,6603,6747,192,0,6555,6729,261059,49,1,0,48,18
2020-10-01,US,Illinois,Stark,56,2,0,41.09309773,-89.79745866,17175.0,1048.2965181579932,3.571428571428572,54,56,2,0,54,55,5427,0,0,0,0,1
2020-10-01,US,Illinois,Stephenson,552,6,0,42.35129217,-89.662598,17177.0,1240.5051912445506,1.0869565217391304,546,548,6,0,542,535,44753,4,0,0,4,13
2020-10-01,US,Illinois,Tazewell,1839,29,0,40.50716185,-89.51404662,17179.0,1395.2641442152303,1.5769439912996193,1810,1809,27,0,1782,1795,132328,30,2,0,28,14
2020-10-01,US,Illinois,Unassigned,2532,244,0,0.0,0.0,90017.0,0.0,9.636650868878355,2288,2562,244,0,2318,2542,,-30,0,0,-30,20
2020-10-01,US,Illinois,Union,530,24,0,37.47119609,-89.25548938,17181.0,3182.609739986789,4.528301886792453,506,524,24,0,500,520,16841,6,0,0,6,4
2020-10-01,US,Illinois,Vermilion,882,4,0,40.18417171,-87.73384359,17183.0,1164.2334802925104,0.453514739229025,878,830,4,0,826,817,76806,52,0,0,52,13
2020-10-01,US,Illinois,Wabash,164,3,0,38.44272901,-87.84922065,17185.0,1423.611111111111,1.8292682926829267,161,162,3,0,159,160,11549,2,0,0,2,2
2020-10-01,US,Illinois,Warren,338,2,0,40.84925021,-90.6147432,17187.0,2006.6492519591543,0.591715976331361,336,334,2,0,332,333,17032,4,0,0,4,1
2020-10-01,US,Illinois,Washington,224,1,0,38.35309213,-89.40982703,17189.0,1613.0193706344062,0.44642857142857145,223,219,1,0,218,217,13995,5,0,0,5,2
2020-10-01,US,Illinois,Wayne,310,5,0,38.42955355,-88.42586459,17191.0,1911.8100524205981,1.6129032258064515,305,300,5,0,295,293,16332,10,0,0,10,7
2020-10-01,US,Illinois,White,182,0,0,38.08706198,-88.17657461,17193.0,1344.463322745069,0.0,182,176,0,0,176,169,13665,6,0,0,6,7
2020-10-01,US,Illinois,Whiteside,795,21,0,41.75509713,-89.91556058,17195.0,1440.8699592206617,2.641509433962264,774,784,21,0,763,765,55626,11,0,0,11,19
2020-10-01,US,Illinois,Will,14331,382,0,41.44619267,-87.97862712,17197.0,2074.7224365646853,2.665550205847464,13949,14239,382,0,13857,14133,692310,92,0,0,92,106
2020-10-01,US,Illinois,Williamson,1442,50,0,37.73033511,-88.92994027,17199.0,2165.2626995209994,3.4674063800277386,1392,1426,49,0,1377,1416,67056,16,1,0,15,10
2020-10-01,US,Illinois,Winnebago,6455,152,0,42.33641854,-89.16085327,17201.0,2284.373540195065,2.354763749031758,6303,6300,151,0,6149,6069,284081,155,1,0,154,231
2020-10-01,US,Illinois,Woodford,441,7,0,40.78579374,-89.20973757,17203.0,1146.6756805949192,1.5873015873015872,434,432,7,0,425,428,38463,9,0,0,9,4
2020-10-01,US,Indiana,Adams,287,3,0,40.7457653,-84.93671406,18001.0,802.1913519859128,1.0452961672473868,284,283,3,0,280,277,35636,4,0,0,4,6
2020-10-01,US,Indiana,Allen,6459,207,0,41.09194313,-85.06800636,18003.0,1702.8782042662913,3.2048304691128657,6252,6411,206,0,6205,6364,375351,48,1,0,47,47
2020-10-01,US,Indiana,Bartholomew,1209,57,0,39.20744865,-85.89558181,18005.0,1443.0823953496695,4.714640198511166,1152,1203,57,0,1146,1193,82753,6,0,0,6,10
2020-10-01,US,Indiana,Benton,87,0,0,40.60626947,-87.31093999,18007.0,994.5130315500688,0.0,87,87,0,0,87,86,8653,0,0,0,0,1
2020-10-01,US,Indiana,Blackford,126,3,0,40.47388153,-85.32499702,18009.0,1071.6108181663546,2.380952380952381,123,124,3,0,121,122,11930,2,0,0,2,2
2020-10-01,US,Indiana,Boone,1011,46,0,40.0509304,-86.46841646,18011.0,1490.205327004997,4.549950544015826,965,1003,46,0,957,997,66999,8,0,0,8,6
2020-10-01,US,Indiana,Brown,103,3,0,39.19605589,-86.22868909,18013.0,682.4807845216009,2.9126213592233015,100,102,3,0,99,103,15234,1,0,0,1,-1
2020-10-01,US,Indiana,Carroll,285,13,0,40.580783200000006,-86.56198812,18015.0,1406.9210643234437,4.56140350877193,272,283,13,0,270,280,20127,2,0,0,2,3
2020-10-01,US,Indiana,Cass,1984,9,0,40.76135835,-86.34830753,18017.0,5264.1354241290555,0.4536290322580645,1975,1961,9,0,1952,1958,37955,23,0,0,23,3
2020-10-01,US,Indiana,Clark,2317,57,0,38.48015445,-85.70510334,18019.0,1958.5467701306823,2.460077686663789,2260,2293,57,0,2236,2267,117360,24,0,0,24,26
2020-10-01,US,Indiana,Clay,317,5,0,39.39561833,-87.11723506,18021.0,1208.7702573879885,1.5772870662460567,312,315,5,0,310,310,26170,2,0,0,2,5
2020-10-01,US,Indiana,Clinton,651,14,0,40.30319754,-86.47277257,18023.0,2009.3212753480045,2.150537634408602,637,644,14,0,630,634,32250,7,0,0,7,10
2020-10-01,US,Indiana,Crawford,114,1,0,38.28814402,-86.44518825,18025.0,1077.810343197504,0.8771929824561403,113,111,0,0,111,110,10558,3,1,0,2,1
2020-10-01,US,Indiana,Daviess,689,30,0,38.70186039,-87.07185406,18027.0,2065.905070312734,4.354136429608127,659,684,29,0,655,681,33147,5,1,0,4,3
2020-10-01,US,Indiana,DeKalb,502,11,0,41.39804622,-84.99906934,18033.0,1154.6866014951122,2.191235059760956,491,501,11,0,490,491,43226,1,0,0,1,10
2020-10-01,US,Indiana,Dearborn,688,28,0,39.14647946,-84.97333539,18029.0,1391.079299607748,4.069767441860465,660,679,28,0,651,679,49568,9,0,0,9,0
2020-10-01,US,Indiana,Decatur,463,39,0,39.30712658,-85.50087166,18031.0,1743.2885274294965,8.423326133909287,424,463,39,0,424,461,26794,0,0,0,0,2
2020-10-01,US,Indiana,Delaware,2064,63,0,40.22787247,-85.39732772,18035.0,1808.384807464844,3.052325581395349,2001,2041,62,0,1979,2011,114772,23,1,0,22,30
2020-10-01,US,Indiana,Dubois,1043,19,0,38.36597551,-86.87924170000002,18037.0,2440.565331336578,1.8216682646212847,1024,1021,19,0,1002,1009,42565,22,0,0,22,12
2020-10-01,US,Indiana,Elkhart,6800,114,0,41.59761169,-85.85875695,18039.0,3295.515675508019,1.6764705882352942,6686,6755,112,0,6643,6734,205560,45,2,0,43,21
2020-10-01,US,Indiana,Fayette,425,14,0,39.63684962,-85.17797541,18041.0,1839.6675612501087,3.294117647058824,411,423,14,0,409,423,23047,2,0,0,2,0
2020-10-01,US,Indiana,Floyd,1433,64,0,38.32117957,-85.90385377,18043.0,1824.966251496396,4.466154919748778,1369,1420,64,0,1356,1404,77781,13,0,0,13,16
2020-10-01,US,Indiana,Fountain,132,2,0,40.12361933,-87.24217689,18045.0,807.5370121130553,1.5151515151515151,130,130,2,0,128,130,16351,2,0,0,2,0
2020-10-01,US,Indiana,Franklin,316,25,0,39.4142482,-85.06062647,18047.0,1388.522717286229,7.9113924050632916,291,315,25,0,290,315,22736,1,0,0,1,0
2020-10-01,US,Indiana,Fulton,248,2,0,41.0469907,-86.26252745,18049.0,1241.6140983278262,0.8064516129032258,246,247,2,0,245,246,20092,1,0,0,1,1
2020-10-01,US,Indiana,Gibson,573,6,0,38.30393723,-87.58054938,18051.0,1702.3678659496716,1.0471204188481675,567,560,6,0,554,545,33452,13,0,0,13,15
2020-10-01,US,Indiana,Grant,981,37,0,40.51587228,-85.65468702,18053.0,1491.5841809971264,3.771661569826708,944,972,37,0,935,966,65936,9,0,0,9,6
2020-10-01,US,Indiana,Greene,436,36,0,39.03630547,-86.96223202,18055.0,1365.8292086961972,8.256880733944952,400,432,36,0,396,429,32006,4,0,0,4,3
2020-10-01,US,Indiana,Hamilton,5030,109,0,40.07306535,-86.05244729,18057.0,1488.1172506220212,2.1669980119284293,4921,4997,110,0,4887,4965,330086,33,-1,0,34,32
2020-10-01,US,Indiana,Hancock,956,43,0,39.82304555,-85.77566351,18059.0,1223.006857025893,4.497907949790795,913,951,43,0,908,948,76351,5,0,0,5,3
2020-10-01,US,Indiana,Harrison,606,24,0,38.19467379,-86.10948271,18061.0,1495.742317660126,3.96039603960396,582,601,24,0,577,598,40350,5,0,0,5,3
2020-10-01,US,Indiana,Hendricks,2802,126,0,39.76719009,-86.51037283,18063.0,1645.2254992337548,4.496788008565312,2676,2789,125,0,2664,2779,167009,13,1,0,12,10
2020-10-01,US,Indiana,Henry,844,27,0,39.93029017,-85.39625719,18065.0,1759.3596264487617,3.199052132701422,817,830,27,0,803,822,48271,14,0,0,14,8
2020-10-01,US,Indiana,Howard,1363,64,0,40.48527731,-86.11351892,18067.0,1651.240550494282,4.695524578136464,1299,1341,64,0,1277,1339,82366,22,0,0,22,2
2020-10-01,US,Indiana,Huntington,260,3,0,40.82907273,-85.48822092,18069.0,711.9386637458928,1.1538461538461535,257,254,3,0,251,250,36240,6,0,0,6,4
2020-10-01,US,Indiana,Jackson,785,10,0,38.90915820000001,-86.03851889,18071.0,1774.7733490086139,1.2738853503184713,775,779,10,0,769,776,44111,6,0,0,6,3
2020-10-01,US,Indiana,Jasper,406,2,0,41.02078733,-87.11553319,18073.0,1209.7014480662656,0.4926108374384237,404,403,2,0,401,403,33370,3,0,0,3,0
2020-10-01,US,Indiana,Jay,199,1,0,40.43781032,-85.00576229,18075.0,973.7717752984927,0.5025125628140703,198,193,1,0,192,192,20764,6,0,0,6,1
2020-10-01,US,Indiana,Jefferson,254,3,0,38.78576239,-85.43633383,18077.0,786.1829887334407,1.1811023622047243,251,254,3,0,251,252,32208,0,0,0,0,2
2020-10-01,US,Indiana,Jennings,319,12,0,38.99588883,-85.62710784,18079.0,1150.1712637461692,3.761755485893417,307,318,12,0,306,317,27611,1,0,0,1,1
2020-10-01,US,Indiana,Johnson,2409,126,0,39.48994426,-86.10149107,18081.0,1523.0737132271586,5.23038605230386,2283,2383,126,0,2257,2362,156225,26,0,0,26,21
2020-10-01,US,Indiana,Knox,552,10,0,38.68861576,-87.4194665,18083.0,1508.4440072142975,1.8115942028985508,542,544,10,0,534,537,36895,8,0,0,8,7
2020-10-01,US,Indiana,Kosciusko,1307,17,0,41.24521668,-85.86312322,18085.0,1644.9355618203783,1.3006885998469775,1290,1301,17,0,1284,1271,79344,6,0,0,6,30
2020-10-01,US,Indiana,LaGrange,658,11,0,41.64232188,-85.42674232,18087.0,1661.0289291664562,1.6717325227963526,647,651,11,0,640,647,39330,7,0,0,7,4
2020-10-01,US,Indiana,LaPorte,1558,42,0,41.54366008,-86.74072188,18091.0,1417.8072218986606,2.6957637997432604,1516,1532,41,0,1491,1519,110007,26,1,0,25,13
2020-10-01,US,Indiana,Lake,10869,327,0,41.41874274,-87.38277575,18089.0,2238.755244668821,3.0085564449351367,10542,10772,325,0,10447,10745,484411,97,2,0,95,27
2020-10-01,US,Indiana,Lawrence,535,29,0,38.84112637,-86.48361629,18093.0,1179.1932995371392,5.420560747663552,506,530,29,0,501,518,45668,5,0,0,5,12
2020-10-01,US,Indiana,Madison,1769,75,0,40.16143691,-85.71964711,18095.0,1365.2957111654794,4.239683436970038,1694,1735,75,0,1660,1714,129641,34,0,0,34,21
2020-10-01,US,Indiana,Marion,21781,769,0,39.78163624,-86.13826325,18097.0,2258.0765554405953,3.5306000642762037,21012,21671,768,0,20903,21563,954670,110,1,0,109,108
2020-10-01,US,Indiana,Marshall,1030,24,0,41.32467367,-86.26185087,18099.0,2226.6418781616158,2.3300970873786406,1006,1029,24,0,1005,1021,46248,1,0,0,1,8
2020-10-01,US,Indiana,Martin,171,0,0,38.7099921,-86.80373186,18101.0,1667.47927840078,0.0,171,169,0,0,169,169,10217,2,0,0,2,0
2020-10-01,US,Indiana,Miami,443,4,0,40.76940965,-86.04525048,18103.0,1247.3251492285167,0.9029345372460496,439,439,4,0,435,439,35567,4,0,0,4,0
2020-10-01,US,Indiana,Monroe,2725,37,0,39.16130004,-86.52414358,18105.0,1835.869865459372,1.3577981651376148,2688,2708,37,0,2671,2671,146917,17,0,0,17,37
2020-10-01,US,Indiana,Montgomery,513,22,0,40.04034823,-86.89335024,18107.0,1338.0979706818302,4.288499025341131,491,512,22,0,490,513,38346,1,0,0,1,-1
2020-10-01,US,Indiana,Morgan,747,40,0,39.47899078,-86.44573375,18109.0,1059.7398175601868,5.354752342704151,707,739,40,0,699,739,70116,8,0,0,8,0
2020-10-01,US,Indiana,Newton,175,11,0,40.95610449,-87.39635768,18111.0,1251.4302059496567,6.2857142857142865,164,175,11,0,164,174,14011,0,0,0,0,1
2020-10-01,US,Indiana,Noble,936,32,0,41.39672484,-85.41966713,18113.0,1960.4557640750672,3.418803418803418,904,935,32,0,903,929,47532,1,0,0,1,6
2020-10-01,US,Indiana,Ohio,79,7,0,38.955304999999996,-84.96515993,18115.0,1344.6808510638298,8.860759493670884,72,79,7,0,72,79,5844,0,0,0,0,0
2020-10-01,US,Indiana,Orange,290,24,0,38.54118920000001,-86.49523093,18117.0,1476.1274559706812,8.275862068965518,266,289,24,0,265,287,19489,1,0,0,1,2
2020-10-01,US,Indiana,Owen,174,1,0,39.31145587,-86.83900724,18119.0,836.5786816673879,0.5747126436781609,173,172,1,0,171,171,20845,2,0,0,2,1
2020-10-01,US,Indiana,Parke,114,2,0,39.77202286,-87.20375833,18121.0,673.0826002243607,1.7543859649122806,112,111,2,0,109,107,16927,3,0,0,3,4
2020-10-01,US,Indiana,Perry,229,13,0,38.07809328,-86.63741946,18123.0,1194.6371746048308,5.676855895196508,216,226,13,0,213,222,19102,3,0,0,3,4
2020-10-01,US,Indiana,Pike,219,1,0,38.40112197,-87.23574907,18125.0,1767.6971506982004,0.45662100456620996,218,177,1,0,176,169,12410,42,0,0,42,8
2020-10-01,US,Indiana,Porter,2264,47,0,41.45986947,-87.06848888,18127.0,1328.7242721067673,2.075971731448764,2217,2233,47,0,2186,2224,169594,31,0,0,31,9
2020-10-01,US,Indiana,Posey,381,2,0,38.02097333,-87.86480429,18129.0,1498.4072049396314,0.5249343832020997,379,371,2,0,369,354,25540,10,0,0,10,17
2020-10-01,US,Indiana,Pulaski,114,1,0,41.04166107,-86.69890683,18131.0,922.852748320246,0.8771929824561403,113,114,1,0,113,114,12469,0,0,0,0,0
2020-10-01,US,Indiana,Putnam,601,11,0,39.66437981,-86.84517605,18133.0,1599.4251649989355,1.8302828618968383,590,592,11,0,581,590,37779,9,0,0,9,2
2020-10-01,US,Indiana,Randolph,231,8,0,40.15734772,-85.01139319,18135.0,936.5497668761404,3.463203463203463,223,230,8,0,222,223,24851,1,0,0,1,7
2020-10-01,US,Indiana,Ripley,313,8,0,39.10235626,-85.26212744,18137.0,1105.069905380596,2.5559105431309903,305,309,8,0,301,310,28523,4,0,0,4,-1
2020-10-01,US,Indiana,Rush,160,4,0,39.62002287,-85.4655599,18139.0,964.9598938544116,2.5,156,158,4,0,154,158,16663,2,0,0,2,0
2020-10-01,US,Indiana,Scott,400,11,0,38.68672078,-85.74627859,18143.0,1675.5330289448334,2.75,389,396,11,0,385,393,23878,4,0,0,4,3
2020-10-01,US,Indiana,Shelby,692,29,0,39.52305623,-85.79158570000001,18145.0,1547.094726016678,4.190751445086705,663,689,29,0,660,683,44593,3,0,0,3,6
2020-10-01,US,Indiana,Spencer,285,3,0,38.01519732,-87.0079644,18147.0,1405.5333629235095,1.0526315789473684,282,269,3,0,266,268,20327,16,0,0,16,1
2020-10-01,US,Indiana,St. Joseph,6857,117,0,41.61756781,-86.29040834,18141.0,2522.5695849550816,1.7062855476155754,6740,6763,116,0,6647,6679,270771,94,1,0,93,84
2020-10-01,US,Indiana,Starke,278,7,0,41.27890281,-86.64686895,18149.0,1208.9584692324418,2.5179856115107917,271,274,7,0,267,273,22935,4,0,0,4,1
2020-10-01,US,Indiana,Steuben,412,7,0,41.64423868,-85.00101094,18151.0,1190.9579695901025,1.699029126213592,405,399,7,0,392,397,34586,13,0,0,13,2
2020-10-01,US,Indiana,Sullivan,343,12,0,39.08952258,-87.41414469,18153.0,1659.4900575741449,3.498542274052478,331,339,12,0,327,338,20690,4,0,0,4,1
2020-10-01,US,Indiana,Switzerland,69,0,0,38.82767338,-85.03022429,18155.0,641.800762719747,0.0,69,68,0,0,68,69,10717,1,0,0,1,-1
2020-10-01,US,Indiana,Tippecanoe,2687,13,0,40.38872739,-86.89413959,18157.0,1372.7954550099114,0.4838109415705247,2674,2652,13,0,2639,2590,193048,35,0,0,35,62
2020-10-01,US,Indiana,Tipton,235,23,0,40.31123252,-86.05234925,18159.0,1551.359915500396,9.787234042553193,212,233,23,0,210,229,15128,2,0,0,2,4
2020-10-01,US,Indiana,Unassigned,0,227,0,0.0,0.0,90018.0,0.0,0.0,-227,0,227,0,-227,0,,0,0,0,0,0
2020-10-01,US,Indiana,Union,79,0,0,39.62550777,-84.92497066,18161.0,1119.9319535015593,0.0,79,79,0,0,79,79,7037,0,0,0,0,0
2020-10-01,US,Indiana,Vanderburgh,3967,32,0,38.02658833,-87.58763124,18163.0,2186.26516249566,0.806654902949332,3935,3906,32,0,3874,3842,180974,61,0,0,61,64
2020-10-01,US,Indiana,Vermillion,136,0,0,39.8523352,-87.46160542,18165.0,877.5325848496581,0.0,136,133,0,0,133,132,15479,3,0,0,3,1
2020-10-01,US,Indiana,Vigo,1931,28,0,39.42944561,-87.39169027,18167.0,1804.0322128589846,1.4500258933195236,1903,1906,28,0,1878,1879,107386,25,0,0,25,27
2020-10-01,US,Indiana,Wabash,276,8,0,40.84704239,-85.79328272,18169.0,890.4374758033293,2.898550724637681,268,275,8,0,267,275,31280,1,0,0,1,0
2020-10-01,US,Indiana,Warren,42,1,0,40.34728141,-87.35602659,18171.0,508.1669691470055,2.380952380952381,41,41,1,0,40,41,8263,1,0,0,1,0
2020-10-01,US,Indiana,Warrick,1447,48,0,38.08922676,-87.2716085,18173.0,2296.8983142321977,3.3172080165860405,1399,1428,47,0,1381,1407,62567,19,1,0,18,21
2020-10-01,US,Indiana,Washington,273,2,0,38.60219804,-86.1049363,18175.0,973.748038236553,0.7326007326007326,271,270,2,0,268,270,27943,3,0,0,3,0
2020-10-01,US,Indiana,Wayne,787,15,0,39.863344399999995,-85.01044989,18177.0,1194.5237083358631,1.905972045743329,772,781,15,0,766,773,65936,6,0,0,6,8
2020-10-01,US,Indiana,Wells,278,4,0,40.72934187,-85.22132966,18179.0,982.4710206389597,1.4388489208633093,274,273,4,0,269,269,28206,5,0,0,5,4
2020-10-01,US,Indiana,White,493,15,0,40.74911165,-86.86492015,18181.0,2045.4734046967053,3.042596348884381,478,491,14,0,477,488,24133,2,1,0,1,3
2020-10-01,US,Indiana,Whitley,295,6,0,41.13863784,-85.50791236,18183.0,868.5667177010953,2.0338983050847457,289,295,6,0,289,287,34074,0,0,0,0,8
2020-10-01,US,Iowa,Adair,76,1,0,41.33075609,-94.47105874,19001.0,1062.639821029083,1.3157894736842106,75,76,1,0,75,73,7063,0,0,0,0,3
2020-10-01,US,Iowa,Adams,38,0,0,41.02903567,-94.69932645,19003.0,1054.9694614103275,0.0,38,38,0,0,38,33,3645,0,0,0,0,5
2020-10-01,US,Iowa,Allamakee,266,6,0,43.28383218,-91.37860922,19005.0,1943.4499890406955,2.255639097744361,260,265,6,0,259,265,13832,1,0,0,1,0
2020-10-01,US,Iowa,Appanoose,150,3,0,40.74324454,-92.86865906,19007.0,1207.1463061323034,2.0,147,144,3,0,141,144,12437,6,0,0,6,0
2020-10-01,US,Iowa,Audubon,95,1,0,41.6844628,-94.90581859,19009.0,1728.5298398835516,1.0526315789473684,94,91,1,0,90,89,5506,4,0,0,4,2
2020-10-01,US,Iowa,Benton,348,1,0,42.08011739,-92.06463573,19011.0,1356.9896666016768,0.28735632183908044,347,344,1,0,343,338,25642,4,0,0,4,6
2020-10-01,US,Iowa,Black Hawk,4588,92,0,42.4704581,-92.30524729,19013.0,3496.2050781845337,2.005231037489102,4496,4559,92,0,4467,4541,132408,29,0,0,29,18
2020-10-01,US,Iowa,Boone,538,8,0,42.03657094,-93.9313999,19015.0,2050.7738049858967,1.4869888475836432,530,532,8,0,524,526,26346,6,0,0,6,6
2020-10-01,US,Iowa,Bremer,516,7,0,42.77461496,-92.31795937,19017.0,2058.893943021307,1.3565891472868217,509,513,7,0,506,506,24947,3,0,0,3,7
2020-10-01,US,Iowa,Buchanan,304,1,0,42.4709188,-91.83510825,19019.0,1435.6552538370722,0.32894736842105265,303,299,1,0,298,292,21199,5,0,0,5,7
2020-10-01,US,Iowa,Buena Vista,2028,12,0,42.73545875,-95.15100162,19021.0,10336.391437308868,0.591715976331361,2016,2026,12,0,2014,2003,19874,2,0,0,2,23
2020-10-01,US,Iowa,Butler,283,2,0,42.73172833,-92.79015971,19023.0,1959.9695269755523,0.7067137809187279,281,280,2,0,278,279,14539,3,0,0,3,1
2020-10-01,US,Iowa,Calhoun,205,3,0,42.38521079,-94.64046046,19025.0,2120.3971865949525,1.4634146341463414,202,195,3,0,192,188,9699,10,0,0,10,7
2020-10-01,US,Iowa,Carroll,713,5,0,42.03617207,-94.86032705,19027.0,3535.829407389041,0.7012622720897616,708,711,5,0,706,695,20154,2,0,0,2,16
2020-10-01,US,Iowa,Cass,183,2,0,41.33149454,-94.92792482,19029.0,1425.6777812402618,1.0928961748633879,181,181,2,0,179,176,12930,2,0,0,2,5
2020-10-01,US,Iowa,Cedar,268,2,0,41.77233777,-91.13246684,19031.0,1438.771675524776,0.746268656716418,266,256,1,0,255,253,18627,12,1,0,11,3
2020-10-01,US,Iowa,Cerro Gordo,1101,23,0,43.08177563,-93.2612239,19033.0,2593.639575971732,2.089009990917348,1078,1076,22,0,1054,1064,42647,25,1,0,24,12
2020-10-01,US,Iowa,Cherokee,277,2,0,42.73538914,-95.62389402,19035.0,2465.5095683133068,0.7220216606498195,275,269,2,0,267,257,11321,8,0,0,8,12
2020-10-01,US,Iowa,Chickasaw,281,1,0,43.06001295,-92.31773347,19037.0,2354.814380289952,0.3558718861209965,280,274,1,0,273,270,11964,7,0,0,7,4
2020-10-01,US,Iowa,Clarke,273,3,0,41.02868181,-93.78499767,19039.0,2905.80095795636,1.0989010989010992,270,270,3,0,267,269,9423,3,0,0,3,1
2020-10-01,US,Iowa,Clay,360,4,0,43.08247182,-95.15096481,19041.0,2247.752247752248,1.1111111111111112,356,350,4,0,346,343,16134,10,0,0,10,7
2020-10-01,US,Iowa,Clayton,275,3,0,42.84443388,-91.34133693,19043.0,1567.0408570288903,1.0909090909090908,272,271,3,0,268,268,17556,4,0,0,4,3
2020-10-01,US,Iowa,Clinton,1164,22,0,41.89981633,-90.53275096,19045.0,2507.053781042021,1.8900343642611683,1142,1152,22,0,1130,1139,46518,12,0,0,12,13
2020-10-01,US,Iowa,Crawford,1123,6,0,42.03718237,-95.3819718,19047.0,6676.575505350773,0.5342831700801425,1117,1117,6,0,1111,1108,17158,6,0,0,6,9
2020-10-01,US,Iowa,Dallas,2887,38,0,41.68560356,-94.04127625,19049.0,3089.253421505997,1.3162452372705231,2849,2860,38,0,2822,2829,90180,27,0,0,27,31
2020-10-01,US,Iowa,Davis,131,4,0,40.74773536,-92.41005468,19051.0,1455.5555555555554,3.053435114503817,127,130,4,0,126,128,9017,1,0,0,1,2
2020-10-01,US,Iowa,Decatur,72,0,0,40.73742757,-93.78645949,19053.0,914.866581956798,0.0,72,67,0,0,67,67,7890,5,0,0,5,0
2020-10-01,US,Iowa,Delaware,475,3,0,42.47104597,-91.3664492,19055.0,2792.3108576803247,0.631578947368421,472,466,3,0,463,441,17069,9,0,0,9,25
2020-10-01,US,Iowa,Des Moines,850,9,0,40.92012606,-91.18326592,19057.0,2181.332922729489,1.0588235294117647,841,824,9,0,815,806,39138,26,0,0,26,18
2020-10-01,US,Iowa,Dickinson,560,6,0,43.37787725,-95.1510206,19059.0,3244.8719434465165,1.0714285714285714,554,554,6,0,548,542,17153,6,0,0,6,12
2020-10-01,US,Iowa,Dubuque,3534,43,0,42.46815349,-90.88181925,19061.0,3631.655208558128,1.2167515563101299,3491,3474,43,0,3431,3402,96854,60,0,0,60,72
2020-10-01,US,Iowa,Emmet,287,10,0,43.37782951,-94.67858943,19063.0,3116.8549087749784,3.484320557491289,277,279,10,0,269,275,9253,8,0,0,8,4
2020-10-01,US,Iowa,Fayette,244,2,0,42.86271799,-91.84412309999999,19065.0,1241.730279898219,0.819672131147541,242,240,2,0,238,238,19660,4,0,0,4,2
2020-10-01,US,Iowa,Floyd,367,5,0,43.06000529999999,-92.78940097,19067.0,2346.2472829561443,1.3623978201634876,362,357,5,0,352,357,15761,10,0,0,10,0
2020-10-01,US,Iowa,Franklin,354,18,0,42.73270384,-93.26256925,19069.0,3515.3922542204573,5.084745762711863,336,353,18,0,335,352,10124,1,0,0,1,1
2020-10-01,US,Iowa,Fremont,132,0,0,40.74542720000001,-95.60129045,19071.0,1896.551724137931,0.0,132,125,0,0,125,122,6993,7,0,0,7,3
2020-10-01,US,Iowa,Greene,115,0,0,42.03614551,-94.39658081,19073.0,1293.8793879387938,0.0,115,109,0,0,109,105,8981,6,0,0,6,4
2020-10-01,US,Iowa,Grundy,232,4,0,42.40183723,-92.78829551,19075.0,1896.6644865925439,1.7241379310344829,228,229,4,0,225,229,12304,3,0,0,3,0
2020-10-01,US,Iowa,Guthrie,275,10,0,41.68378965,-94.50111014,19077.0,2572.738329123397,3.636363636363636,265,271,10,0,261,264,10720,4,0,0,4,7
2020-10-01,US,Iowa,Hamilton,340,3,0,42.38382428,-93.70197703,19079.0,2301.4959723820484,0.8823529411764706,337,337,3,0,334,334,14952,3,0,0,3,3
2020-10-01,US,Iowa,Hancock,207,2,0,43.08178477,-93.73454884,19081.0,1947.3189087488238,0.966183574879227,205,203,2,0,201,199,10712,4,0,0,4,4
2020-10-01,US,Iowa,Hardin,316,1,0,42.38353877,-93.23654611,19083.0,1875.8162174997033,0.3164556962025317,315,311,1,0,310,311,16868,5,0,0,5,0
2020-10-01,US,Iowa,Harrison,293,5,0,41.68330137,-95.81558439,19085.0,2085.557690938857,1.706484641638225,288,270,5,0,265,259,14134,23,0,0,23,11
2020-10-01,US,Iowa,Henry,806,4,0,40.98767962,-91.54436349,19087.0,4039.2903678460457,0.4962779156327544,802,777,4,0,773,773,20067,29,0,0,29,4
2020-10-01,US,Iowa,Howard,193,7,0,43.35671042,-92.31702714,19089.0,2107.447040838611,3.6269430051813467,186,193,7,0,186,192,9187,0,0,0,0,1
2020-10-01,US,Iowa,Humboldt,198,3,0,42.7764426,-94.20722537,19091.0,2071.563088512241,1.5151515151515151,195,196,3,0,193,194,9547,2,0,0,2,2
2020-10-01,US,Iowa,Ida,137,2,0,42.38696136,-95.51355387,19093.0,1997.084548104956,1.45985401459854,135,135,2,0,133,128,6841,2,0,0,2,7
2020-10-01,US,Iowa,Iowa,233,1,0,41.68630265,-92.0643373,19095.0,1439.6935244686113,0.4291845493562232,232,229,1,0,228,222,16141,4,0,0,4,7
2020-10-01,US,Iowa,Jackson,375,3,0,42.17178824,-90.57354837,19097.0,1929.1115798137769,0.8,372,368,3,0,365,358,19432,7,0,0,7,10
2020-10-01,US,Iowa,Jasper,893,34,0,41.68576082,-93.05567785,19099.0,2401.505983595536,3.807390817469205,859,883,34,0,849,870,37147,10,0,0,10,13
2020-10-01,US,Iowa,Jefferson,144,1,0,41.03192394,-91.94849466,19101.0,787.1003006285872,0.6944444444444444,143,141,1,0,140,140,18381,3,0,0,3,1
2020-10-01,US,Iowa,Johnson,5218,27,0,41.67169354,-91.58754744,19103.0,3452.42821225354,0.5174396320429283,5191,5203,27,0,5176,5179,151260,15,0,0,15,24
2020-10-01,US,Iowa,Jones,303,3,0,42.12118609,-91.13139641,19105.0,1465.1129055654947,0.99009900990099,300,295,3,0,292,289,20744,8,0,0,8,6
2020-10-01,US,Iowa,Keokuk,122,1,0,41.33649833,-92.1785067,19107.0,1190.7085691977354,0.819672131147541,121,120,1,0,119,119,10225,2,0,0,2,1
2020-10-01,US,Iowa,Kossuth,300,0,0,43.20405458,-94.20691791,19109.0,2025.2480928913794,0.0,300,290,0,0,290,286,14908,10,0,0,10,4
2020-10-01,US,Iowa,Lee,680,7,0,40.64181461,-91.48183025,19111.0,2020.3820899070029,1.0294117647058822,673,666,7,0,659,652,34055,14,0,0,14,14
2020-10-01,US,Iowa,Linn,4265,115,0,42.07923082,-91.59809485,19113.0,1881.2911877056629,2.696365767878077,4150,4199,115,0,4084,4163,225909,66,0,0,66,36
2020-10-01,US,Iowa,Louisa,441,15,0,41.21842119,-91.26102611,19115.0,3996.3751699139093,3.4013605442176873,426,439,15,0,424,434,11169,2,0,0,2,5
2020-10-01,US,Iowa,Lucas,159,6,0,41.02958964,-93.32780803,19117.0,1848.8372093023252,3.7735849056603774,153,159,6,0,153,156,8645,0,0,0,0,3
2020-10-01,US,Iowa,Lyon,395,4,0,43.38107862,-96.20926845,19119.0,3360.2722245852833,1.0126582278481011,391,390,4,0,386,375,11811,5,0,0,5,15
2020-10-01,US,Iowa,Madison,253,2,0,41.33081904,-94.01554631,19121.0,1548.5371526502634,0.7905138339920948,251,245,2,0,243,234,16249,8,0,0,8,11
2020-10-01,US,Iowa,Mahaska,442,20,0,41.33521503,-92.64083907,19123.0,2000.452591083956,4.524886877828054,422,435,20,0,415,427,22000,7,0,0,7,8
2020-10-01,US,Iowa,Marion,785,9,0,41.33445101,-93.09934783,19125.0,2360.689261119297,1.1464968152866242,776,779,9,0,770,772,33407,6,0,0,6,7
2020-10-01,US,Iowa,Marshall,1814,35,0,42.03586837,-92.99908190000001,19127.0,4607.686250603268,1.9294377067254689,1779,1802,35,0,1767,1794,39981,12,0,0,12,8
2020-10-01,US,Iowa,Mills,208,1,0,41.03299766,-95.61920963,19129.0,1376.6629161426965,0.4807692307692308,207,203,1,0,202,191,15063,5,0,0,5,12
2020-10-01,US,Iowa,Mitchell,200,0,0,43.35638371,-92.78887719,19131.0,1889.287738522577,0.0,200,195,0,0,195,197,10569,5,0,0,5,-2
2020-10-01,US,Iowa,Monona,171,1,0,42.05220391,-95.95743843,19133.0,1984.9100406268133,0.5847953216374269,170,167,1,0,166,162,8679,4,0,0,4,5
2020-10-01,US,Iowa,Monroe,164,11,0,41.02988815,-92.8690667,19135.0,2127.9356429220193,6.7073170731707314,153,163,11,0,152,162,7790,1,0,0,1,1
2020-10-01,US,Iowa,Montgomery,105,5,0,41.03018714,-95.15642896,19137.0,1058.7879399011797,4.761904761904762,100,100,5,0,95,99,10003,5,0,0,5,1
2020-10-01,US,Iowa,Muscatine,1146,56,0,41.48370744,-91.11216970000001,19139.0,2686.105381586349,4.886561954624782,1090,1138,56,0,1082,1128,42929,8,0,0,8,10
2020-10-01,US,Iowa,O'Brien,427,9,0,43.08310673,-95.62474482,19141.0,3104.777139533193,2.107728337236534,418,413,9,0,404,407,13840,14,0,0,14,6
2020-10-01,US,Iowa,Osceola,182,0,0,43.37824276,-95.62422844,19143.0,3054.716347767707,0.0,182,181,0,0,181,177,6040,1,0,0,1,4
2020-10-01,US,Iowa,Page,217,0,0,40.7393172,-95.1497813,19145.0,1436.4202025551072,0.0,217,208,0,0,208,191,15249,9,0,0,9,17
2020-10-01,US,Iowa,Palo Alto,224,0,0,43.08193849,-94.67824621,19147.0,2520.819266261535,0.0,224,214,0,0,214,208,8929,10,0,0,10,6
2020-10-01,US,Iowa,Plymouth,1222,21,0,42.737633,-96.21366621,19149.0,4853.636255312388,1.718494271685761,1201,1191,21,0,1170,1182,25095,31,0,0,31,9
2020-10-01,US,Iowa,Pocahontas,174,2,0,42.73420133,-94.67862564,19151.0,2628.7958906179183,1.1494252873563218,172,168,2,0,166,166,6740,6,0,0,6,2
2020-10-01,US,Iowa,Polk,16300,266,0,41.68679484,-93.57767461,19153.0,3325.4379683410143,1.6319018404907977,16034,16204,264,0,15940,16113,487204,96,2,0,94,91
2020-10-01,US,Iowa,Pottawattamie,2263,40,0,41.33640314,-95.53907776,19155.0,2427.9552818488078,1.7675651789659743,2223,2225,39,0,2186,2201,93533,38,1,0,37,24
2020-10-01,US,Iowa,Poweshiek,332,9,0,41.68625425,-92.53155731,19157.0,1794.2066580198873,2.710843373493976,323,327,8,0,319,311,18699,5,1,0,4,16
2020-10-01,US,Iowa,Ringgold,53,2,0,40.73518949,-94.24368535,19159.0,1082.9587249693502,3.7735849056603774,51,53,2,0,51,53,4968,0,0,0,0,0
2020-10-01,US,Iowa,Sac,281,0,0,42.38624071,-95.10547892,19161.0,2890.64911017385,0.0,281,275,0,0,275,267,9719,6,0,0,6,8
2020-10-01,US,Iowa,Scott,3189,29,0,41.63935978,-90.61959493,19163.0,1843.96014871952,0.9093759799310128,3160,3128,29,0,3099,3095,173283,61,0,0,61,33
2020-10-01,US,Iowa,Shelby,279,1,0,41.6850066,-95.31015553,19165.0,2435.830277632268,0.35842293906810035,278,278,1,0,277,270,11578,1,0,0,1,8
2020-10-01,US,Iowa,Sioux,1793,4,0,43.08221074,-96.17675679999999,19167.0,5144.168698895424,0.22308979364194087,1789,1753,3,0,1750,1707,34909,40,1,0,39,46
2020-10-01,US,Iowa,Story,3522,17,0,42.03621213,-93.46499005,19169.0,3626.5535385154,0.4826802952867689,3505,3507,17,0,3490,3485,98105,15,0,0,15,22
2020-10-01,US,Iowa,Tama,768,32,0,42.07991767,-92.53266945,19171.0,4556.781772872909,4.166666666666667,736,757,32,0,725,753,16904,11,0,0,11,4
2020-10-01,US,Iowa,Taylor,156,1,0,40.73710579,-94.69778563,19173.0,2548.6031694167623,0.6410256410256411,155,143,1,0,142,134,6191,13,0,0,13,9
2020-10-01,US,Iowa,Unassigned,19,0,0,0.0,0.0,90019.0,0.0,0.0,19,4,0,0,4,14,,15,0,0,15,-10
2020-10-01,US,Iowa,Union,149,3,0,41.0277278,-94.24234847,19175.0,1217.2208152928686,2.0134228187919465,146,146,3,0,143,142,12359,3,0,0,3,4
2020-10-01,US,Iowa,Van Buren,122,1,0,40.75326764,-91.95017958,19177.0,1731.970471323112,0.819672131147541,121,122,1,0,121,118,7020,0,0,0,0,4
2020-10-01,US,Iowa,Wapello,1363,57,0,41.03064984,-92.40954728,19179.0,3897.737996511195,4.181951577402788,1306,1345,57,0,1288,1341,35205,18,0,0,18,4
2020-10-01,US,Iowa,Warren,986,6,0,41.33559454,-93.56007641,19181.0,1915.827925232192,0.6085192697768763,980,972,6,0,966,969,51056,14,0,0,14,3
2020-10-01,US,Iowa,Washington,501,11,0,41.33577126,-91.71725711,19183.0,2280.901434099704,2.1956087824351296,490,493,11,0,482,485,22141,8,0,0,8,8
2020-10-01,US,Iowa,Wayne,89,3,0,40.73969028,-93.32752197,19185.0,1381.7730166123272,3.3707865168539324,86,89,3,0,86,88,6401,0,0,0,0,1
2020-10-01,US,Iowa,Webster,1379,14,0,42.42853483,-94.17987389,19187.0,3840.797682709448,1.0152284263959392,1365,1327,14,0,1313,1317,36277,52,0,0,52,10
2020-10-01,US,Iowa,Winnebago,333,14,0,43.37751174,-93.73407298,19189.0,3216.1483484643627,4.2042042042042045,319,325,14,0,311,323,10518,8,0,0,8,2
2020-10-01,US,Iowa,Winneshiek,346,8,0,43.29094334,-91.84422722,19191.0,1730.7788504827172,2.3121387283237,338,346,8,0,338,340,20029,0,0,0,0,6
2020-10-01,US,Iowa,Woodbury,5765,69,0,42.38979414,-96.0459439,19193.0,5591.278962631053,1.196877710320902,5696,5682,68,0,5614,5597,102539,83,1,0,82,85
2020-10-01,US,Iowa,Worth,113,0,0,43.37750768,-93.26087602,19195.0,1530.9578647879694,0.0,113,110,0,0,110,109,7453,3,0,0,3,1
2020-10-01,US,Iowa,Wright,607,1,0,42.73305373,-93.73515113,19197.0,4832.0331157459,0.16474464579901152,606,603,1,0,602,597,12690,4,0,0,4,6
2020-10-01,US,Kansas,Allen,40,0,0,37.88582951,-95.30030847,20001.0,323.3891179561808,0.0,40,40,0,0,40,38,12444,0,0,0,0,2
2020-10-01,US,Kansas,Anderson,74,0,0,38.21413251,-95.29272815,20003.0,941.7154492237213,0.0,74,74,0,0,74,73,7878,0,0,0,0,1
2020-10-01,US,Kansas,Atchison,331,2,0,39.53185661,-95.30870026,20005.0,2059.354196478567,0.6042296072507553,329,331,2,0,329,331,16193,0,0,0,0,0
2020-10-01,US,Kansas,Barber,8,0,0,37.2288586,-98.68460053,20007.0,180.70928393946238,0.0,8,8,0,0,8,6,4472,0,0,0,0,2
2020-10-01,US,Kansas,Barton,513,7,0,38.47889676,-98.75636726,20009.0,1989.9918538345166,1.364522417153996,506,513,7,0,506,513,26111,0,0,0,0,0
2020-10-01,US,Kansas,Bourbon,157,2,0,37.85508555,-94.84865997,20011.0,1080.2256777212056,1.2738853503184713,155,157,2,0,155,156,14653,0,0,0,0,1
2020-10-01,US,Kansas,Brown,128,5,0,39.82652589,-95.56421698,20013.0,1338.3521539104975,3.90625,123,128,5,0,123,120,9598,0,0,0,0,8
2020-10-01,US,Kansas,Butler,581,3,0,37.78134351,-96.83878537,20015.0,868.3176159375888,0.5163511187607573,578,571,3,0,568,566,66765,10,0,0,10,5
2020-10-01,US,Kansas,Chase,82,1,0,38.30292938,-96.59563862,20017.0,3096.676737160121,1.2195121951219512,81,82,1,0,81,82,2629,0,0,0,0,0
2020-10-01,US,Kansas,Chautauqua,15,0,0,37.14994405,-96.2454192,20019.0,461.5384615384616,0.0,15,15,0,0,15,15,3309,0,0,0,0,0
2020-10-01,US,Kansas,Cherokee,525,7,0,37.16928494,-94.8462897,20021.0,2633.0307437684937,1.3333333333333333,518,525,7,0,518,507,20015,0,0,0,0,18
2020-10-01,US,Kansas,Cheyenne,63,2,0,39.78580976,-101.7318201,20023.0,2371.0952201731275,3.1746031746031744,61,63,2,0,61,60,2660,0,0,0,0,3
2020-10-01,US,Kansas,Clark,50,1,0,37.23577007,-99.81883015,20025.0,2507.522567703109,2.0,49,50,1,0,49,48,2005,0,0,0,0,2
2020-10-01,US,Kansas,Clay,55,2,0,39.34948772,-97.16518128,20027.0,687.3281679580106,3.636363636363636,53,55,2,0,53,49,7997,0,0,0,0,6
2020-10-01,US,Kansas,Cloud,69,0,0,39.48028352,-97.64925343,20029.0,785.3403141361258,0.0,69,69,0,0,69,70,8729,0,0,0,0,-1
2020-10-01,US,Kansas,Coffey,117,8,0,38.2365018,-95.73379515,20031.0,1430.492725272038,6.837606837606838,109,117,8,0,109,115,8233,0,0,0,0,2
2020-10-01,US,Kansas,Comanche,13,0,0,37.19114520000001,-99.27113247,20033.0,764.7058823529413,0.0,13,13,0,0,13,11,1748,0,0,0,0,2
2020-10-01,US,Kansas,Cowley,381,5,0,37.23781842,-96.83776647,20035.0,1091.4403575111721,1.3123359580052494,376,381,5,0,376,375,35218,0,0,0,0,6
2020-10-01,US,Kansas,Crawford,1041,8,0,37.50675523,-94.85245778,20037.0,2681.7455819465195,0.7684918347742555,1033,1041,8,0,1033,1041,39019,0,0,0,0,0
2020-10-01,US,Kansas,Decatur,27,1,0,39.78468441,-100.45940809999999,20039.0,955.076052352317,3.703703703703704,26,27,1,0,26,25,2871,0,0,0,0,2
2020-10-01,US,Kansas,Dickinson,214,1,0,38.86600962,-97.15532383,20041.0,1158.886602404419,0.4672897196261682,213,214,1,0,213,203,18717,0,0,0,0,11
2020-10-01,US,Kansas,Doniphan,123,0,0,39.79067154,-95.14056866,20043.0,1618.421052631579,0.0,123,123,0,0,123,110,7682,0,0,0,0,13
2020-10-01,US,Kansas,Douglas,2394,13,0,38.88503636,-95.2925121,20045.0,1958.138051186416,0.5430242272347535,2381,2343,13,0,2330,2286,121436,51,0,0,51,57
2020-10-01,US,Kansas,Edwards,53,0,0,37.88735543,-99.31263309,20047.0,1894.2101501072195,0.0,53,53,0,0,53,52,2849,0,0,0,0,1
2020-10-01,US,Kansas,Elk,1,0,0,37.45338105,-96.24369667,20049.0,39.52569169960474,0.0,1,1,0,0,1,1,2508,0,0,0,0,0
2020-10-01,US,Kansas,Ellis,1042,5,0,38.91458712,-99.31751551,20051.0,3649.3538332224293,0.4798464491362764,1037,1042,5,0,1037,1009,28710,0,0,0,0,33
2020-10-01,US,Kansas,Ellsworth,58,0,0,38.69677695,-98.20462799,20053.0,950.508030154048,0.0,58,58,0,0,58,54,6196,0,0,0,0,4
2020-10-01,US,Kansas,Finney,2215,12,0,38.04340344,-100.73819379999999,20055.0,6073.984698494529,0.5417607223476298,2203,2174,12,0,2162,2165,36611,41,0,0,41,9
2020-10-01,US,Kansas,Ford,2831,13,0,37.69200114,-99.88825298,20057.0,8420.833457271186,0.4592016955139527,2818,2831,13,0,2818,2802,33888,0,0,0,0,29
2020-10-01,US,Kansas,Franklin,385,3,0,38.56443815,-95.28644341,20059.0,1507.2032571249606,0.7792207792207793,382,385,3,0,382,373,25631,0,0,0,0,12
2020-10-01,US,Kansas,Geary,313,3,0,38.99871131,-96.7577178,20061.0,988.3170192611303,0.9584664536741214,310,310,2,0,308,306,32594,3,1,0,2,4
2020-10-01,US,Kansas,Gove,76,0,0,38.91588178,-100.4829321,20063.0,2883.156297420334,0.0,76,76,0,0,76,53,2612,0,0,0,0,23
2020-10-01,US,Kansas,Graham,37,1,0,39.34987223,-99.88332493,20065.0,1490.7332796132152,2.702702702702702,36,37,1,0,36,37,2492,0,0,0,0,0
2020-10-01,US,Kansas,Grant,305,5,0,37.56227336,-101.3079758,20067.0,4265.734265734266,1.639344262295082,300,303,5,0,298,301,7336,2,0,0,2,2
2020-10-01,US,Kansas,Gray,136,0,0,37.73836671,-100.4369088,20069.0,2271.2090848363396,0.0,136,136,0,0,136,136,6033,0,0,0,0,0
2020-10-01,US,Kansas,Greeley,8,0,0,38.4808095,-101.8061079,20071.0,649.3506493506493,0.0,8,8,0,0,8,7,1227,0,0,0,0,1
2020-10-01,US,Kansas,Greenwood,49,0,0,37.8774388,-96.23250453,20073.0,819.1240387830157,0.0,49,49,0,0,49,49,6055,0,0,0,0,0
2020-10-01,US,Kansas,Hamilton,44,0,0,37.99978709,-101.7921066,20075.0,1732.965734541158,0.0,44,44,0,0,44,44,2607,0,0,0,0,0
2020-10-01,US,Kansas,Harper,120,2,0,37.19175361,-98.07578384,20077.0,2207.5055187637968,1.6666666666666667,118,120,2,0,118,120,5506,0,0,0,0,0
2020-10-01,US,Kansas,Harvey,359,7,0,38.04293782,-97.42747573,20079.0,1042.7256092247817,1.9498607242339836,352,359,7,0,352,358,34210,0,0,0,0,1
2020-10-01,US,Kansas,Haskell,103,1,0,37.562039399999996,-100.8710738,20081.0,2595.766129032258,0.9708737864077671,102,103,1,0,102,103,3997,0,0,0,0,0
2020-10-01,US,Kansas,Hodgeman,26,0,0,38.08780079,-99.89829881,20083.0,1449.2753623188407,0.0,26,26,0,0,26,25,1818,0,0,0,0,1
2020-10-01,US,Kansas,Jackson,250,2,0,39.41673394,-95.79356799,20085.0,1898.1094829549768,0.8,248,250,2,0,248,241,13280,0,0,0,0,9
2020-10-01,US,Kansas,Jefferson,199,4,0,39.2347941,-95.38289232,20087.0,1045.003413327732,2.010050251256281,195,199,4,0,195,197,18975,0,0,0,0,2
2020-10-01,US,Kansas,Jewell,17,1,0,39.78470589,-98.21820662,20089.0,590.4828065300452,5.882352941176472,16,17,1,0,16,17,2841,0,0,0,0,0
2020-10-01,US,Kansas,Johnson,11317,154,0,38.88548175,-94.82250877,20091.0,1878.648939825797,1.360784660245648,11163,11209,154,0,11055,11123,597555,108,0,0,108,86
2020-10-01,US,Kansas,Kearny,97,1,0,38.00017981,-101.32168100000001,20093.0,2527.3579989577906,1.0309278350515465,96,97,1,0,96,95,3943,0,0,0,0,2
2020-10-01,US,Kansas,Kingman,94,1,0,37.55909527,-98.13638678,20095.0,1314.317673378076,1.0638297872340423,93,94,1,0,93,90,7310,0,0,0,0,4
2020-10-01,US,Kansas,Kiowa,28,0,0,37.55848695,-99.2856537,20097.0,1131.3131313131316,0.0,28,28,0,0,28,25,2516,0,0,0,0,3
2020-10-01,US,Kansas,Labette,243,4,0,37.19113093,-95.29849679,20099.0,1238.6583749617698,1.6460905349794241,239,243,4,0,239,243,19964,0,0,0,0,0
2020-10-01,US,Kansas,Lane,14,0,0,38.48119447,-100.46607540000001,20101.0,912.0521172638437,0.0,14,14,0,0,14,13,1560,0,0,0,0,1
2020-10-01,US,Kansas,Leavenworth,2201,11,0,39.20183497,-95.03620809,20103.0,2692.091293818342,0.4997728305315766,2190,2201,11,0,2190,2178,81352,0,0,0,0,23
2020-10-01,US,Kansas,Lincoln,13,0,0,39.04549684,-98.20756994,20105.0,438.8926401080352,0.0,13,13,0,0,13,13,3023,0,0,0,0,0
2020-10-01,US,Kansas,Linn,82,0,0,38.21267844,-94.84254089,20107.0,845.0994537771824,0.0,82,82,0,0,82,76,9750,0,0,0,0,6
2020-10-01,US,Kansas,Logan,29,0,0,38.91735806,-101.148475,20109.0,1037.9384395132429,0.0,29,29,0,0,29,18,2844,0,0,0,0,11
2020-10-01,US,Kansas,Lyon,1149,35,0,38.45576156,-96.15275715,20111.0,3461.364663352915,3.0461270670147957,1114,1141,35,0,1106,1136,33406,8,0,0,8,5
2020-10-01,US,Kansas,Marion,79,1,0,38.35855394,-97.09852509999999,20115.0,664.7593402894647,1.2658227848101269,78,79,1,0,78,78,11950,0,0,0,0,1
2020-10-01,US,Kansas,Marshall,28,0,0,39.78359669,-96.52278974,20117.0,288.45163284227874,0.0,28,28,0,0,28,26,9722,0,0,0,0,2
2020-10-01,US,Kansas,McPherson,287,1,0,38.39184858,-97.64769869,20113.0,1005.535701772826,0.3484320557491289,286,287,1,0,286,285,28537,0,0,0,0,2
2020-10-01,US,Kansas,Meade,120,1,0,37.23859987,-100.36483100000001,20119.0,2975.45251673692,0.8333333333333334,119,120,1,0,119,116,4146,0,0,0,0,4
2020-10-01,US,Kansas,Miami,407,1,0,38.56383358,-94.83832189,20121.0,1188.77238075766,0.2457002457002457,406,407,1,0,406,370,33680,0,0,0,0,37
2020-10-01,US,Kansas,Mitchell,47,0,0,39.39331582,-98.20906732,20123.0,786.0846295367119,0.0,47,47,0,0,47,47,6150,0,0,0,0,0
2020-10-01,US,Kansas,Montgomery,429,6,0,37.19236568,-95.74329258,20125.0,1347.8274529517107,1.3986013986013983,423,429,6,0,423,429,32120,0,0,0,0,0
2020-10-01,US,Kansas,Morris,39,0,0,38.68827511,-96.65128437,20127.0,693.9501779359433,0.0,39,39,0,0,39,37,5521,0,0,0,0,2
2020-10-01,US,Kansas,Morton,20,2,0,37.19141121,-101.79925190000002,20129.0,773.0962504831851,10.0,18,20,2,0,18,15,2667,0,0,0,0,5
2020-10-01,US,Kansas,Nemaha,122,1,0,39.78345387,-96.01392079,20131.0,1192.4543055419801,0.819672131147541,121,122,1,0,121,122,10155,0,0,0,0,0
2020-10-01,US,Kansas,Neosho,183,0,0,37.55862897,-95.30670046,20133.0,1143.2498282001625,0.0,183,179,0,0,179,179,15951,4,0,0,4,0
2020-10-01,US,Kansas,Ness,82,7,0,38.47974157,-99.91547333,20135.0,2981.818181818182,8.536585365853659,75,82,7,0,75,82,2840,0,0,0,0,0
2020-10-01,US,Kansas,Norton,36,0,0,39.78443827,-99.90286639,20137.0,671.5165081141577,0.0,36,36,0,0,36,33,5430,0,0,0,0,3
2020-10-01,US,Kansas,Osage,108,0,0,38.65235984,-95.72707998,20139.0,677.1584425355821,0.0,108,108,0,0,108,108,15941,0,0,0,0,0
2020-10-01,US,Kansas,Osborne,10,0,0,39.3503437,-98.76753828,20141.0,292.3121894182986,0.0,10,10,0,0,10,8,3475,0,0,0,0,2
2020-10-01,US,Kansas,Ottawa,58,0,0,39.13237408,-97.65020313,20143.0,1016.8302945301544,0.0,58,58,0,0,58,56,5802,0,0,0,0,2
2020-10-01,US,Kansas,Pawnee,463,1,0,38.18108732,-99.23692334,20145.0,7218.584346741502,0.2159827213822894,462,463,1,0,462,463,6562,0,0,0,0,0
2020-10-01,US,Kansas,Phillips,123,8,0,39.78465501,-99.34668865,20147.0,2350.019105846389,6.5040650406504055,115,121,8,0,113,119,5317,2,0,0,2,2
2020-10-01,US,Kansas,Pottawatomie,268,0,0,39.37925655,-96.34564657,20149.0,1099.1264405528439,0.0,268,268,0,0,268,268,24277,0,0,0,0,0
2020-10-01,US,Kansas,Pratt,77,0,0,37.64780729,-98.73922153,20151.0,840.2444347446532,0.0,77,77,0,0,77,76,9378,0,0,0,0,1
2020-10-01,US,Kansas,Rawlins,31,0,0,39.78525843,-101.07616170000001,20153.0,1225.296442687747,0.0,31,31,0,0,31,28,2508,0,0,0,0,3
2020-10-01,US,Kansas,Reno,1121,4,0,37.95230263,-98.08607292,20155.0,1808.122842672344,0.3568242640499554,1117,1101,4,0,1097,1077,62342,20,0,0,20,24
2020-10-01,US,Kansas,Republic,48,1,0,39.82799632,-97.65036709,20157.0,1035.3753235547886,2.083333333333333,47,48,1,0,47,48,4664,0,0,0,0,0
2020-10-01,US,Kansas,Rice,85,1,0,38.34616184,-98.19992118,20159.0,891.2655971479503,1.1764705882352942,84,85,1,0,84,81,9531,0,0,0,0,4
2020-10-01,US,Kansas,Riley,1869,8,0,39.28935726,-96.73420026,20161.0,2517.7820885871324,0.4280363830925629,1861,1869,8,0,1861,1827,73703,0,0,0,0,42
2020-10-01,US,Kansas,Rooks,106,4,0,39.35022773,-99.32484567,20163.0,2154.471544715447,3.7735849056603774,102,106,4,0,102,100,5013,0,0,0,0,6
2020-10-01,US,Kansas,Rush,64,0,0,38.52275276,-99.30863983,20165.0,2108.0368906455865,0.0,64,64,0,0,64,50,3093,0,0,0,0,14
2020-10-01,US,Kansas,Russell,110,1,0,38.91462787,-98.76254297,20167.0,1604.4340723453906,0.9090909090909092,109,110,1,0,109,101,6907,0,0,0,0,9
2020-10-01,US,Kansas,Saline,781,11,0,38.78369175,-97.65185177,20169.0,1440.3216287990558,1.4084507042253518,770,781,11,0,770,757,54401,0,0,0,0,24
2020-10-01,US,Kansas,Scott,115,1,0,38.48222076,-100.90665390000001,20171.0,2384.4080447854035,0.8695652173913043,114,115,1,0,114,112,4897,0,0,0,0,3
2020-10-01,US,Kansas,Sedgwick,8692,93,0,37.6842718,-97.4608198,20173.0,1684.3590250405975,1.0699493787390704,8599,8598,93,0,8505,8571,513607,94,0,0,94,27
2020-10-01,US,Kansas,Seward,1770,7,0,37.19324632,-100.85072009999999,20175.0,8260.2202725406,0.3954802259887006,1763,1738,5,0,1733,1738,21780,32,2,0,30,0
2020-10-01,US,Kansas,Shawnee,2780,32,0,39.04100763,-95.75572640000001,20177.0,1571.7314487632514,1.1510791366906474,2748,2780,32,0,2748,2751,177499,0,0,0,0,29
2020-10-01,US,Kansas,Sheridan,30,0,0,39.35018161,-100.44182590000001,20179.0,1190.0039666798891,0.0,30,30,0,0,30,21,2533,0,0,0,0,9
2020-10-01,US,Kansas,Sherman,41,0,0,39.35147699,-101.71976240000001,20181.0,692.9187088051378,0.0,41,41,0,0,41,37,5899,0,0,0,0,4
2020-10-01,US,Kansas,Smith,8,0,0,39.78516566,-98.78566062,20183.0,223.27658386826684,0.0,8,8,0,0,8,8,3603,0,0,0,0,0
2020-10-01,US,Kansas,Stafford,58,1,0,38.03100851,-98.71762001,20185.0,1395.572666025024,1.7241379310344829,57,58,1,0,57,58,4178,0,0,0,0,0
2020-10-01,US,Kansas,Stanton,48,2,0,37.56304714,-101.78435340000001,20187.0,2392.8215353938185,4.166666666666667,46,48,2,0,46,48,1987,0,0,0,0,0
2020-10-01,US,Kansas,Stevens,161,1,0,37.1923008,-101.3118967,20189.0,2935.278030993619,0.6211180124223602,160,161,1,0,160,153,5559,0,0,0,0,8
2020-10-01,US,Kansas,Sumner,203,3,0,37.23682549,-97.47721621,20191.0,888.9472762305134,1.477832512315271,200,203,3,0,200,200,22996,0,0,0,0,3
2020-10-01,US,Kansas,Thomas,179,0,0,39.35107575,-101.0553705,20193.0,2301.6587373023017,0.0,179,171,0,0,171,167,7711,8,0,0,8,4
2020-10-01,US,Kansas,Trego,61,3,0,38.91467218,-99.87284448,20195.0,2176.2397431323584,4.918032786885246,58,61,3,0,58,58,2793,0,0,0,0,3
2020-10-01,US,Kansas,Wabaunsee,70,1,0,38.95471985,-96.20350509,20197.0,1009.9552734093204,1.4285714285714286,69,70,1,0,69,69,6899,0,0,0,0,1
2020-10-01,US,Kansas,Wallace,18,0,0,38.91686134,-101.76388759999999,20199.0,1185.7707509881425,0.0,18,18,0,0,18,18,1503,0,0,0,0,0
2020-10-01,US,Kansas,Washington,21,0,0,39.78420784,-97.08753229999999,20201.0,388.457269700333,0.0,21,21,0,0,21,19,5420,0,0,0,0,2
2020-10-01,US,Kansas,Wichita,6,0,0,38.48178252,-101.3471509,20203.0,283.15243039169417,0.0,6,6,0,0,6,6,2105,0,0,0,0,0
2020-10-01,US,Kansas,Wilson,63,2,0,37.55937174,-95.74323255,20205.0,739.0029325513194,3.1746031746031744,61,63,2,0,61,62,8665,0,0,0,0,1
2020-10-01,US,Kansas,Woodson,17,0,0,37.8865336,-95.74006277,20207.0,541.7463352453792,0.0,17,17,0,0,17,17,3183,0,0,0,0,0
2020-10-01,US,Kansas,Wyandotte,7077,134,0,39.11727348,-94.76378225,20209.0,4277.968191792249,1.893457679807828,6943,6986,134,0,6852,6991,165324,91,0,0,91,-5
2020-10-01,US,Kentucky,Adair,316,19,0,37.10459774,-85.28129668,21001.0,1645.6619102176855,6.012658227848102,297,316,19,0,297,314,19215,0,0,0,0,2
2020-10-01,US,Kentucky,Allen,375,9,0,36.75197631,-86.19457544,21003.0,1759.3244194229417,2.4,366,364,9,0,355,351,21122,11,0,0,11,13
2020-10-01,US,Kentucky,Anderson,171,1,0,38.00671029,-84.99171713,21005.0,751.7474831845958,0.5847953216374269,170,167,1,0,166,167,22663,4,0,0,4,0
2020-10-01,US,Kentucky,Ballard,58,1,0,37.05842757,-88.99427697,21007.0,735.2941176470587,1.7241379310344829,57,57,1,0,56,57,7979,1,0,0,1,0
2020-10-01,US,Kentucky,Barren,802,13,0,36.96469836,-85.93338945,21009.0,1812.4703383127305,1.6209476309226931,789,796,13,0,783,790,44176,6,0,0,6,6
2020-10-01,US,Kentucky,Bath,90,1,0,38.14735938,-83.74588932,21011.0,720.0,1.1111111111111112,89,90,1,0,89,88,12383,0,0,0,0,2
2020-10-01,US,Kentucky,Bell,513,15,0,36.73355174,-83.67766671,21013.0,1970.6515058389675,2.9239766081871346,498,507,15,0,492,504,26569,6,0,0,6,3
2020-10-01,US,Kentucky,Boone,1621,25,0,38.97065142,-84.72615357,21015.0,1213.495931307596,1.5422578655151142,1596,1610,25,0,1585,1597,131533,11,0,0,11,13
2020-10-01,US,Kentucky,Bourbon,204,1,0,38.2054607,-84.21827874,21017.0,1030.9278350515463,0.4901960784313725,203,200,1,0,199,199,20184,4,0,0,4,1
2020-10-01,US,Kentucky,Boyd,476,9,0,38.36176608,-82.68652187,21019.0,1018.8792328438716,1.8907563025210083,467,470,8,0,462,465,47240,6,1,0,5,5
2020-10-01,US,Kentucky,Boyle,297,0,0,37.62680923,-84.8633779,21021.0,988.0239520958085,0.0,297,294,0,0,294,293,30100,3,0,0,3,1
2020-10-01,US,Kentucky,Bracken,41,0,0,38.69158994,-84.08532444,21023.0,493.7974226183307,0.0,41,41,0,0,41,41,8239,0,0,0,0,0
2020-10-01,US,Kentucky,Breathitt,92,0,0,37.52333168,-83.31959161,21025.0,728.424386381631,0.0,92,91,0,0,91,89,12726,1,0,0,1,2
2020-10-01,US,Kentucky,Breckinridge,140,2,0,37.77377239,-86.42885017,21027.0,683.6939004737022,1.4285714285714286,138,139,2,0,137,139,20388,1,0,0,1,0
2020-10-01,US,Kentucky,Bullitt,921,11,0,37.97162523,-85.68955617,21029.0,1127.6262304716195,1.1943539630836049,910,912,11,0,901,900,81069,9,0,0,9,12
2020-10-01,US,Kentucky,Butler,341,16,0,37.20946153,-86.68748787,21031.0,2647.721096358413,4.6920821114369495,325,340,16,0,324,340,12772,1,0,0,1,0
2020-10-01,US,Kentucky,Caldwell,169,0,0,37.14749129,-87.86948214,21033.0,1325.8021495253786,0.0,169,166,0,0,166,161,12715,3,0,0,3,5
2020-10-01,US,Kentucky,Calloway,630,9,0,36.62093411,-88.2731593,21035.0,1615.3431963282992,1.4285714285714286,621,614,8,0,606,608,39135,16,1,0,15,6
2020-10-01,US,Kentucky,Campbell,900,16,0,38.94384345,-84.37875208,21037.0,961.7028551889211,1.7777777777777777,884,893,16,0,877,884,93152,7,0,0,7,9
2020-10-01,US,Kentucky,Carlisle,84,1,0,36.85372876,-88.96692220000001,21039.0,1764.7058823529412,1.1904761904761905,83,80,1,0,79,79,4771,4,0,0,4,1
2020-10-01,US,Kentucky,Carroll,202,5,0,38.66599534,-85.12601074,21041.0,1900.103470981093,2.4752475247524752,197,202,5,0,197,201,10737,0,0,0,0,1
2020-10-01,US,Kentucky,Carter,201,3,0,38.31690743,-83.05092385,21043.0,750.0839646229056,1.492537313432836,198,200,3,0,197,196,27004,1,0,0,1,4
2020-10-01,US,Kentucky,Casey,276,15,0,37.32533118,-84.92726209,21045.0,1708.0264867875487,5.434782608695652,261,275,15,0,260,273,15888,1,0,0,1,2
2020-10-01,US,Kentucky,Christian,1351,22,0,36.89267803,-87.49055367,21047.0,1917.3727310143202,1.6284233900814211,1329,1335,22,0,1313,1327,71671,16,0,0,16,8
2020-10-01,US,Kentucky,Clark,328,10,0,37.9689263,-84.14615986,21049.0,904.5032126409841,3.0487804878048776,318,328,8,0,320,324,36249,0,2,0,-2,4
2020-10-01,US,Kentucky,Clay,335,6,0,37.16451126,-83.712575,21051.0,1683.3324958544795,1.791044776119403,329,330,6,0,324,328,20105,5,0,0,5,2
2020-10-01,US,Kentucky,Clinton,127,2,0,36.72581156,-85.13377529,21053.0,1242.9046780191818,1.5748031496062993,125,123,2,0,121,121,10206,4,0,0,4,2
2020-10-01,US,Kentucky,Crittenden,122,1,0,37.35839237,-88.08826090000002,21055.0,1385.419032477856,0.819672131147541,121,121,1,0,120,121,8915,1,0,0,1,0
2020-10-01,US,Kentucky,Cumberland,104,0,0,36.78926125,-85.39050034,21057.0,1572.4221348654364,0.0,104,103,0,0,103,102,6659,1,0,0,1,1
2020-10-01,US,Kentucky,Daviess,1452,14,0,37.73028906,-87.09019479999998,21059.0,1430.3868546265921,0.9641873278236914,1438,1431,14,0,1417,1405,101104,21,0,0,21,26
2020-10-01,US,Kentucky,Edmonson,138,12,0,37.21218923,-86.23955613,21061.0,1135.8024691358025,8.695652173913043,126,138,12,0,126,137,12274,0,0,0,0,1
2020-10-01,US,Kentucky,Elliott,42,0,0,38.11624059,-83.09771563,21063.0,558.7335373154184,0.0,42,42,0,0,42,41,7508,0,0,0,0,1
2020-10-01,US,Kentucky,Estill,173,0,0,37.69241417,-83.95956369,21065.0,1226.4284701545441,0.0,173,166,0,0,166,161,14198,7,0,0,7,5
2020-10-01,US,Kentucky,Fayette,6612,75,0,38.0368225,-84.45576892,21067.0,2046.0959548447788,1.134301270417423,6537,6451,75,0,6376,6294,323780,161,0,0,161,157
2020-10-01,US,Kentucky,Fleming,85,0,0,38.36758311,-83.69657514,21069.0,582.9504149235306,0.0,85,85,0,0,85,84,14432,0,0,0,0,1
2020-10-01,US,Kentucky,Floyd,198,4,0,37.56213922,-82.74750924,21071.0,556.3516816994015,2.0202020202020203,194,193,4,0,189,184,35845,5,0,0,5,9
2020-10-01,US,Kentucky,Franklin,677,12,0,38.2379395,-84.87962551,21073.0,1327.6852777941206,1.7725258493353029,665,672,11,0,661,667,50815,5,1,0,4,5
2020-10-01,US,Kentucky,Fulton,159,3,0,36.55238827,-89.20140068,21075.0,2663.7627743340595,1.8867924528301887,156,157,3,0,154,157,6120,2,0,0,2,0
2020-10-01,US,Kentucky,Gallatin,99,8,0,38.75398691,-84.8558382,21077.0,1116.2476040139813,8.080808080808081,91,99,8,0,91,99,8832,0,0,0,0,0
2020-10-01,US,Kentucky,Garrard,170,3,0,37.638866799999995,-84.53289319,21079.0,962.3004641684594,1.7647058823529411,167,165,3,0,162,164,17560,5,0,0,5,1
2020-10-01,US,Kentucky,Grant,172,6,0,38.64962758,-84.62415957,21081.0,686.106346483705,3.4883720930232562,166,170,6,0,164,169,25121,2,0,0,2,1
2020-10-01,US,Kentucky,Graves,753,29,0,36.72292505,-88.65143315,21083.0,2020.608597649332,3.8512616201859236,724,743,29,0,714,740,37317,10,0,0,10,3
2020-10-01,US,Kentucky,Grayson,411,14,0,37.46231118,-86.34248968,21085.0,1555.2276081280509,3.40632603406326,397,409,14,0,395,402,26321,2,0,0,2,7
2020-10-01,US,Kentucky,Green,277,8,0,37.26484328,-85.5540745,21087.0,2531.7612649666394,2.888086642599278,269,276,8,0,268,272,11049,1,0,0,1,4
2020-10-01,US,Kentucky,Greenup,439,4,0,38.54332505,-82.9215658,21089.0,1250.7835204285145,0.9111617312072892,435,429,4,0,425,425,35268,10,0,0,10,4
2020-10-01,US,Kentucky,Hancock,90,0,0,37.83766422,-86.78280584,21091.0,1031.873423526714,0.0,90,89,0,0,89,84,8758,1,0,0,1,5
2020-10-01,US,Kentucky,Hardin,1371,11,0,37.6976111,-85.96319251,21093.0,1235.6026604661224,0.8023340627279358,1360,1346,11,0,1335,1334,110356,25,0,0,25,12
2020-10-01,US,Kentucky,Harlan,446,10,0,36.85699301,-83.21899516,21095.0,1714.725105728566,2.242152466367713,436,428,10,0,418,408,26409,18,0,0,18,20
2020-10-01,US,Kentucky,Harrison,183,0,0,38.44188174,-84.32869741,21097.0,968.9717250873663,0.0,183,183,0,0,183,178,18778,0,0,0,0,5
2020-10-01,US,Kentucky,Hart,184,1,0,37.29943898,-85.88461055,21099.0,966.6403992645128,0.5434782608695652,183,182,1,0,181,179,18906,2,0,0,2,3
2020-10-01,US,Kentucky,Henderson,812,4,0,37.79344553,-87.57392021,21101.0,1796.062817960628,0.4926108374384237,808,802,4,0,798,778,45591,10,0,0,10,24
2020-10-01,US,Kentucky,Henry,202,2,0,38.44942688,-85.11587507,21103.0,1252.635495473149,0.99009900990099,200,202,2,0,200,194,16106,0,0,0,0,8
2020-10-01,US,Kentucky,Hickman,78,1,0,36.67948079999999,-88.97875928,21105.0,1780.8219178082193,1.2820512820512822,77,78,1,0,77,77,4421,0,0,0,0,1
2020-10-01,US,Kentucky,Hopkins,656,39,0,37.30939025,-87.54670406,21107.0,1468.0213042116102,5.945121951219512,617,646,39,0,607,637,45068,10,0,0,10,9
2020-10-01,US,Kentucky,Jackson,375,17,0,37.41866422,-83.99825483,21109.0,2813.414359666892,4.533333333333333,358,374,17,0,357,368,13442,1,0,0,1,6
2020-10-01,US,Kentucky,Jefferson,16143,311,0,38.18664655,-85.65931031,21111.0,2105.3606292475974,1.9265316236139505,15832,15978,308,0,15670,15788,770517,165,3,0,162,190
2020-10-01,US,Kentucky,Jessamine,638,0,0,37.87119786,-84.58252003,21113.0,1178.9707105238842,0.0,638,628,0,0,628,617,53920,10,0,0,10,11
2020-10-01,US,Kentucky,Johnson,162,2,0,37.85106355,-82.8264322,21115.0,730.1243915630071,1.2345679012345678,160,161,2,0,159,161,22386,1,0,0,1,0
2020-10-01,US,Kentucky,Kenton,2079,49,0,38.93950319,-84.53241199,21117.0,1244.9250889232205,2.356902356902357,2030,2068,49,0,2019,2048,166051,11,0,0,11,20
2020-10-01,US,Kentucky,Knott,223,1,0,37.35388197,-82.94981134,21119.0,1506.1461569633932,0.4484304932735426,222,214,1,0,213,211,15126,9,0,0,9,3
2020-10-01,US,Kentucky,Knox,520,9,0,36.89225732,-83.85403396,21121.0,1669.6098892278055,1.7307692307692308,511,515,9,0,506,497,31304,5,0,0,5,18
2020-10-01,US,Kentucky,Larue,139,1,0,37.54567114,-85.70138352,21123.0,965.4118627587164,0.7194244604316546,138,132,1,0,131,128,14307,7,0,0,7,4
2020-10-01,US,Kentucky,Laurel,974,6,0,37.10975748,-84.11321779,21125.0,1601.631230164603,0.6160164271047228,968,947,6,0,941,936,60669,27,0,0,27,11
2020-10-01,US,Kentucky,Lawrence,58,0,0,38.07136018,-82.72882223,21127.0,378.6642292877195,0.0,58,57,0,0,57,57,15571,1,0,0,1,0
2020-10-01,US,Kentucky,Lee,18,0,0,37.59645942,-83.71513901,21129.0,243.1446710792921,0.0,18,17,0,0,17,17,7033,1,0,0,1,0
2020-10-01,US,Kentucky,Leslie,81,0,0,37.09246661,-83.37999606,21131.0,820.0870709729677,0.0,81,78,0,0,78,79,10143,3,0,0,3,-1
2020-10-01,US,Kentucky,Letcher,173,2,0,37.12306748,-82.85346474,21133.0,802.6724817890781,1.1560693641618498,171,167,2,0,165,158,21899,6,0,0,6,9
2020-10-01,US,Kentucky,Lewis,222,15,0,38.53184419,-83.37735618,21135.0,1672.316384180791,6.756756756756758,207,222,14,0,208,221,13257,0,1,0,-1,1
2020-10-01,US,Kentucky,Lincoln,213,13,0,37.45475628,-84.6565327,21137.0,867.6524502016375,6.103286384976527,200,210,13,0,197,200,24644,3,0,0,3,10
2020-10-01,US,Kentucky,Livingston,91,1,0,37.21137452,-88.34797529,21139.0,989.7759408309768,1.0989010989010992,90,87,1,0,86,87,9242,4,0,0,4,0
2020-10-01,US,Kentucky,Logan,570,28,0,36.85949479,-86.877635,21141.0,2103.16581802081,4.912280701754386,542,565,28,0,537,560,26989,5,0,0,5,5
2020-10-01,US,Kentucky,Lyon,78,4,0,37.02080035,-88.07886257,21143.0,950.0609013398296,5.128205128205129,74,77,4,0,73,75,8009,1,0,0,1,2
2020-10-01,US,Kentucky,Madison,1851,7,0,37.71659336,-84.27220275,21151.0,1990.6008366760943,0.37817396002161,1844,1809,7,0,1802,1784,92368,42,0,0,42,25
2020-10-01,US,Kentucky,Magoffin,96,0,0,37.70820545,-83.0657714,21153.0,789.4087657265027,0.0,96,96,0,0,96,92,12362,0,0,0,0,4
2020-10-01,US,Kentucky,Marion,240,8,0,37.55218078,-85.26898542,21155.0,1245.2653971877755,3.333333333333333,232,234,8,0,226,230,19404,6,0,0,6,4
2020-10-01,US,Kentucky,Marshall,324,4,0,36.88007070000001,-88.32803576,21157.0,1041.8006430868168,1.2345679012345678,320,317,4,0,313,314,31191,7,0,0,7,3
2020-10-01,US,Kentucky,Martin,82,3,0,37.79990579,-82.51247478,21159.0,732.4698526127736,3.6585365853658534,79,82,3,0,79,80,11323,0,0,0,0,2
2020-10-01,US,Kentucky,Mason,126,2,0,38.59471935,-83.82151043,21161.0,738.1370826010544,1.5873015873015872,124,126,2,0,124,124,17150,0,0,0,0,2
2020-10-01,US,Kentucky,McCracken,777,10,0,37.05350953,-88.70445755,21145.0,1187.74649179125,1.287001287001287,767,755,10,0,745,746,65346,22,0,0,22,9
2020-10-01,US,Kentucky,McCreary,188,0,0,36.73874143,-84.48102924,21147.0,1091.0568162033544,0.0,188,182,0,0,182,174,17408,6,0,0,6,8
2020-10-01,US,Kentucky,McLean,82,1,0,37.5301951,-87.26803443,21149.0,890.6266970783099,1.2195121951219512,81,80,1,0,79,77,9252,2,0,0,2,3
2020-10-01,US,Kentucky,Meade,234,3,0,37.96163597,-86.21028219,21163.0,818.9836203275935,1.2820512820512822,231,224,3,0,221,222,28715,10,0,0,10,2
2020-10-01,US,Kentucky,Menifee,53,0,0,37.94090733,-83.59985712,21165.0,816.766836184312,0.0,53,51,0,0,51,49,6451,2,0,0,2,2
2020-10-01,US,Kentucky,Mercer,255,4,0,37.81474237,-84.87488475,21167.0,1162.6316509369444,1.568627450980392,251,251,2,0,249,248,21774,4,2,0,2,3
2020-10-01,US,Kentucky,Metcalfe,121,2,0,36.99459295,-85.63123699,21169.0,1201.4695660808259,1.6528925619834711,119,120,2,0,118,117,10030,1,0,0,1,3
2020-10-01,US,Kentucky,Monroe,214,4,0,36.71225341,-85.71596443,21171.0,2009.3896713615025,1.8691588785046729,210,214,4,0,210,208,10718,0,0,0,0,6
2020-10-01,US,Kentucky,Montgomery,291,3,0,38.03253032,-83.9145241,21173.0,1033.490783819299,1.0309278350515465,288,291,3,0,288,285,28203,0,0,0,0,6
2020-10-01,US,Kentucky,Morgan,65,0,0,37.92465657,-83.25558245,21175.0,488.3913141483207,0.0,65,64,0,0,64,63,13345,1,0,0,1,1
2020-10-01,US,Kentucky,Muhlenberg,787,12,0,37.21425819,-87.14632053,21177.0,2570.0476781398997,1.5247776365946633,775,785,12,0,773,780,30774,2,0,0,2,5
2020-10-01,US,Kentucky,Nelson,522,4,0,37.80335779,-85.4657193,21179.0,1129.063655830251,0.7662835249042146,518,519,4,0,515,510,45851,3,0,0,3,9
2020-10-01,US,Kentucky,Nicholas,39,1,0,38.33342292,-84.01889177,21181.0,536.5249690466363,2.5641025641025643,38,37,1,0,36,34,7166,2,0,0,2,3
2020-10-01,US,Kentucky,Ohio,465,9,0,37.47751843,-86.85368087,21183.0,1937.984496124031,1.935483870967742,456,464,9,0,455,463,24087,1,0,0,1,1
2020-10-01,US,Kentucky,Oldham,1151,25,0,38.39791089,-85.448222,21185.0,1723.079686821659,2.172024326672459,1126,1147,25,0,1122,1132,66470,4,0,0,4,15
2020-10-01,US,Kentucky,Owen,103,2,0,38.51679143,-84.82404619,21187.0,944.8674433538208,1.9417475728155342,101,102,2,0,100,101,10880,1,0,0,1,1
2020-10-01,US,Kentucky,Owsley,42,1,0,37.42823949,-83.68811419,21189.0,951.3023782559455,2.380952380952381,41,42,1,0,41,42,4472,0,0,0,0,0
2020-10-01,US,Kentucky,Pendleton,102,0,0,38.69607718,-84.35599463,21191.0,699.1089787525702,0.0,102,102,0,0,102,102,14529,0,0,0,0,0
2020-10-01,US,Kentucky,Perry,343,9,0,37.25023553,-83.22922731,21193.0,1331.6251261743926,2.623906705539359,334,341,9,0,332,339,26092,2,0,0,2,2
2020-10-01,US,Kentucky,Pike,472,3,0,37.47088263,-82.39487445,21195.0,815.5366645932685,0.6355932203389829,469,467,3,0,464,458,58402,5,0,0,5,9
2020-10-01,US,Kentucky,Powell,100,0,0,37.83218794,-83.82553961,21197.0,809.1269520187718,0.0,100,100,0,0,100,97,12442,0,0,0,0,3
2020-10-01,US,Kentucky,Pulaski,817,10,0,37.10466131,-84.57629079,21199.0,1257.3292910017085,1.2239902080783354,807,808,10,0,798,800,64623,9,0,0,9,8
2020-10-01,US,Kentucky,Robertson,12,0,0,38.51923469,-84.05055616,21201.0,569.2599620493359,0.0,12,12,0,0,12,12,2135,0,0,0,0,0
2020-10-01,US,Kentucky,Rockcastle,178,1,0,37.36642393,-84.31176452,21203.0,1066.187481281821,0.5617977528089888,177,178,1,0,177,176,16750,0,0,0,0,2
2020-10-01,US,Kentucky,Rowan,251,1,0,38.19484205,-83.42088935,21205.0,1026.165167620605,0.398406374501992,250,249,1,0,248,237,24583,2,0,0,2,12
2020-10-01,US,Kentucky,Russell,259,6,0,36.99308373,-85.06070117,21207.0,1445.0705797020587,2.3166023166023164,253,255,6,0,249,250,17821,4,0,0,4,5
2020-10-01,US,Kentucky,Scott,803,14,0,38.29622293,-84.5816631,21209.0,1408.6730755736442,1.7434620174346205,789,800,11,0,789,776,56031,3,3,0,0,24
2020-10-01,US,Kentucky,Shelby,1092,24,0,38.21476019,-85.194223,21211.0,2227.4804177545693,2.1978021978021984,1068,1085,25,0,1060,1067,48518,7,-1,0,8,18
2020-10-01,US,Kentucky,Simpson,286,8,0,36.74058474,-86.58047435,21213.0,1539.9526168425589,2.797202797202797,278,284,8,0,276,278,18529,2,0,0,2,6
2020-10-01,US,Kentucky,Spencer,218,0,0,38.03223971,-85.32749335,21215.0,1126.55676709214,0.0,218,216,0,0,216,215,18794,2,0,0,2,1
2020-10-01,US,Kentucky,Taylor,309,7,0,37.3677562,-85.3329931,21217.0,1199.1152159571575,2.26537216828479,302,303,7,0,296,301,25549,6,0,0,6,2
2020-10-01,US,Kentucky,Todd,190,8,0,36.8381152,-87.17878374,21219.0,1545.4693346347813,4.2105263157894735,182,190,8,0,182,190,12311,0,0,0,0,0
2020-10-01,US,Kentucky,Trigg,182,0,0,36.80767017,-87.87333656,21221.0,1242.2360248447205,0.0,182,182,0,0,182,181,14643,0,0,0,0,1
2020-10-01,US,Kentucky,Trimble,69,0,0,38.61056487,-85.33775972,21223.0,814.5437374572069,0.0,69,68,0,0,68,69,8515,1,0,0,1,-1
2020-10-01,US,Kentucky,Union,355,3,0,37.66166713,-87.94300009,21225.0,2468.534872401085,0.8450704225352113,352,350,3,0,347,347,14505,5,0,0,5,3
2020-10-01,US,Kentucky,Warren,4418,54,0,36.99903045,-86.42672751,21227.0,3324.404045268481,1.2222725215029424,4364,4403,50,0,4353,4380,131264,15,4,0,11,23
2020-10-01,US,Kentucky,Washington,147,1,0,37.75599461,-85.17407732,21229.0,1215.37825547747,0.6802721088435374,146,146,1,0,145,146,12084,1,0,0,1,0
2020-10-01,US,Kentucky,Wayne,160,0,0,36.80310688,-84.8251971,21231.0,786.8981458712437,0.0,160,158,0,0,158,155,20468,2,0,0,2,3
2020-10-01,US,Kentucky,Webster,175,3,0,37.52168356,-87.67989953,21233.0,1352.1866790295162,1.7142857142857142,172,171,3,0,168,167,13111,4,0,0,4,4
2020-10-01,US,Kentucky,Whitley,430,2,0,36.75700531,-84.14541217,21235.0,1185.748952128833,0.4651162790697674,428,414,2,0,412,383,36242,16,0,0,16,31
2020-10-01,US,Kentucky,Wolfe,42,0,0,37.73941626,-83.49303612,21237.0,586.8380606399329,0.0,42,41,0,0,41,41,7177,1,0,0,1,0
2020-10-01,US,Kentucky,Woodford,287,0,0,38.04178222,-84.7417556,21239.0,1073.539313234084,0.0,287,282,0,0,282,277,26533,5,0,0,5,5
2020-10-01,US,Louisiana,Acadia,2966,99,0,30.295064899999996,-92.41419698,22001.0,4780.401321621403,3.337828725556305,2867,2969,99,0,2870,2963,62190,-3,0,0,-3,6
2020-10-01,US,Louisiana,Allen,1631,50,0,30.65385745,-92.82442028,22003.0,6364.3813165801685,3.065603923973023,1581,1596,50,0,1546,1588,25605,35,0,0,35,8
2020-10-01,US,Louisiana,Ascension,3796,98,0,30.20406249,-90.91328409999998,22005.0,2998.325487346372,2.5816649104320337,3698,3784,98,0,3686,3768,124672,12,0,0,12,16
2020-10-01,US,Louisiana,Assumption,765,24,0,29.89946234,-91.06461642,22007.0,3494.5868164999315,3.1372549019607843,741,764,24,0,740,763,22300,1,0,0,1,1
2020-10-01,US,Louisiana,Avoyelles,1536,57,0,31.07796211,-92.00079449,22009.0,3826.2255878836186,3.7109375,1479,1529,57,0,1472,1528,40462,7,0,0,7,1
2020-10-01,US,Louisiana,Beauregard,1016,38,0,30.64836518,-93.34173616,22011.0,2709.550097341121,3.7401574803149606,978,1013,38,0,975,1010,37253,3,0,0,3,3
2020-10-01,US,Louisiana,Bienville,491,32,0,32.34569994,-93.05398492,22013.0,3708.1791405482973,6.517311608961303,459,491,32,0,459,491,13308,0,0,0,0,0
2020-10-01,US,Louisiana,Bossier,3368,107,0,32.67932307,-93.60460152,22015.0,2651.1543699178987,3.176959619952494,3261,3329,107,0,3222,3318,127185,39,0,0,39,11
2020-10-01,US,Louisiana,Caddo,8713,361,0,32.57991587,-93.88375652,22017.0,3627.333433248406,4.143234247675887,8352,8654,361,0,8293,8601,242922,59,0,0,59,53
2020-10-01,US,Louisiana,Calcasieu,7899,213,0,30.22931235,-93.35400434,22019.0,3882.793605851472,2.6965438663121915,7686,7892,212,0,7680,7869,203112,7,1,0,6,23
2020-10-01,US,Louisiana,Caldwell,301,3,0,32.0902519,-92.11752148,22021.0,3034.88606573906,0.9966777408637874,298,302,3,0,299,301,9960,-1,0,0,-1,1
2020-10-01,US,Louisiana,Cameron,227,2,0,29.87592238,-93.19310676,22023.0,3255.4137387064393,0.8810572687224669,225,225,2,0,223,225,6968,2,0,0,2,0
2020-10-01,US,Louisiana,Catahoula,438,10,0,31.66778967,-91.84526385,22025.0,4613.440067410997,2.2831050228310503,428,437,10,0,427,437,9608,1,0,0,1,0
2020-10-01,US,Louisiana,Claiborne,523,23,0,32.82308512,-92.99526883,22027.0,3337.5877472878115,4.397705544933078,500,517,23,0,494,515,15944,6,0,0,6,2
2020-10-01,US,Louisiana,Concordia,511,14,0,31.44817835,-91.63814433,22029.0,2653.3049483358427,2.7397260273972597,497,513,14,0,499,511,19572,-2,0,0,-2,2
2020-10-01,US,Louisiana,De Soto,911,35,0,32.05457447,-93.74130302,22031.0,3317.1904016312856,3.841931942919868,876,909,35,0,874,906,27436,2,0,0,2,3
2020-10-01,US,Louisiana,East Baton Rouge,15224,443,0,30.53842039,-91.09777565,22033.0,3459.536107658292,2.9098791382028377,14781,15192,442,0,14750,15179,440956,32,1,0,31,13
2020-10-01,US,Louisiana,East Carroll,550,4,0,32.73926954,-91.23425694,22035.0,8016.324150998396,0.7272727272727273,546,550,4,0,546,548,7037,0,0,0,0,2
2020-10-01,US,Louisiana,East Feliciana,1742,72,0,30.84425359,-91.04976723,22037.0,9103.73660830938,4.133180252583236,1670,1742,72,0,1670,1742,19305,0,0,0,0,0
2020-10-01,US,Louisiana,Evangeline,1334,32,0,30.72985248,-92.39915924,22039.0,3994.609971552629,2.39880059970015,1302,1334,32,0,1302,1330,33443,0,0,0,0,4
2020-10-01,US,Louisiana,Franklin,1219,39,0,32.13675181,-91.67589857,22041.0,6090.432175868099,3.199343724364233,1180,1215,39,0,1176,1215,20156,4,0,0,4,0
2020-10-01,US,Louisiana,Grant,497,30,0,31.59882456,-92.56124347,22043.0,2219.8401000491313,6.036217303822937,467,498,30,0,468,498,22482,-1,0,0,-1,0
2020-10-01,US,Louisiana,Iberia,2942,89,0,29.86803617,-91.75871777,22045.0,4213.088930259201,3.025152957171992,2853,2936,89,0,2847,2934,70941,6,0,0,6,2
2020-10-01,US,Louisiana,Iberville,1414,58,0,30.25734305,-91.3499598,22047.0,4349.297160960906,4.101838755304103,1356,1417,58,0,1359,1410,32721,-3,0,0,-3,7
2020-10-01,US,Louisiana,Jackson,668,22,0,32.30251776,-92.55692092,22049.0,4242.886178861789,3.2934131736526946,646,662,22,0,640,655,15902,6,0,0,6,7
2020-10-01,US,Louisiana,Jefferson,17673,570,0,29.74075478,-90.11115756,22051.0,4086.308911358103,3.225258869461891,17103,17633,569,0,17064,17601,434051,40,1,0,39,32
2020-10-01,US,Louisiana,Jefferson Davis,1257,39,0,30.26896765,-92.81210004,22053.0,4007.2685539403215,3.102625298329356,1218,1249,39,0,1210,1246,31582,8,0,0,8,3
2020-10-01,US,Louisiana,LaSalle,427,7,0,31.67884782,-92.15907765,22059.0,2867.311308084878,1.639344262295082,420,425,7,0,418,426,14917,2,0,0,2,-1
2020-10-01,US,Louisiana,Lafayette,9011,132,0,30.2049055,-92.06959876,22055.0,3687.139408322763,1.4648762623460214,8879,8982,132,0,8850,8969,242782,29,0,0,29,13
2020-10-01,US,Louisiana,Lafourche,3681,122,0,29.52470226,-90.40976986,22057.0,3770.9754748294304,3.3143167617495246,3559,3683,122,0,3561,3681,98115,-2,0,0,-2,2
2020-10-01,US,Louisiana,Lincoln,1373,48,0,32.6003154,-92.66597409999999,22061.0,2937.4010525865388,3.4959941733430444,1325,1353,48,0,1305,1338,47196,20,0,0,20,15
2020-10-01,US,Louisiana,Livingston,3818,76,0,30.44143993,-90.73061664,22063.0,2711.8595913032973,1.990570979570456,3742,3810,76,0,3734,3795,139567,8,0,0,8,15
2020-10-01,US,Louisiana,Madison,883,8,0,32.36918118,-91.23973355,22065.0,8063.190576203086,0.9060022650056624,875,881,8,0,873,880,11161,2,0,0,2,1
2020-10-01,US,Louisiana,Morehouse,790,22,0,32.81686191,-91.80421614,22067.0,3176.007075661333,2.7848101265822787,768,790,22,0,768,786,25398,0,0,0,0,4
2020-10-01,US,Louisiana,Natchitoches,1185,26,0,31.72321584,-93.09816516,22069.0,3105.508674458829,2.1940928270042197,1159,1176,26,0,1150,1166,38659,9,0,0,9,10
2020-10-01,US,Louisiana,Orleans,12700,587,0,30.06971951,-89.92660315,22071.0,3255.208333333333,4.622047244094488,12113,12672,587,0,12085,12649,391006,28,0,0,28,23
2020-10-01,US,Louisiana,Ouachita,6320,146,0,32.47645559,-92.15704172,22073.0,4123.200177454185,2.310126582278481,6174,6294,144,0,6150,6276,154475,26,2,0,24,18
2020-10-01,US,Louisiana,Plaquemines,732,19,0,29.42245447,-89.60322085,22075.0,3155.580462990904,2.5956284153005464,713,730,19,0,711,723,23410,2,0,0,2,7
2020-10-01,US,Louisiana,Pointe Coupee,1065,40,0,30.71409502,-91.60209535,22077.0,4901.058444546709,3.755868544600939,1025,1061,40,0,1021,1063,21940,4,0,0,4,-2
2020-10-01,US,Louisiana,Rapides,4277,149,0,31.19778499,-92.52997303,22079.0,3298.9324941379737,3.4837502922609307,4128,4259,149,0,4110,4238,130562,18,0,0,18,21
2020-10-01,US,Louisiana,Red River,361,23,0,32.09530039,-93.34213308,22081.0,4276.23785832741,6.371191135734072,338,359,23,0,336,358,8477,2,0,0,2,1
2020-10-01,US,Louisiana,Richland,784,12,0,32.41391005,-91.76634876,22083.0,3896.2329788291413,1.5306122448979589,772,782,12,0,770,779,20192,2,0,0,2,3
2020-10-01,US,Louisiana,Sabine,871,14,0,31.56388699,-93.55433981,22085.0,3646.792832021437,1.6073478760045925,857,866,14,0,852,858,24032,5,0,0,5,8
2020-10-01,US,Louisiana,St. Bernard,1437,30,0,29.87761636,-89.51887093,22087.0,3041.6560833121666,2.0876826722338206,1407,1426,30,0,1396,1421,46721,11,0,0,11,5
2020-10-01,US,Louisiana,St. Charles,1824,60,0,29.90709658,-90.35555967,22089.0,3435.028248587571,3.2894736842105265,1764,1818,60,0,1758,1817,52879,6,0,0,6,1
2020-10-01,US,Louisiana,St. Helena,417,4,0,30.82210324,-90.71013176,22091.0,4115.673114883537,0.9592326139088728,413,417,4,0,413,418,10262,0,0,0,0,-1
2020-10-01,US,Louisiana,St. James,814,40,0,30.02531716,-90.80212061,22093.0,3858.5513841486536,4.914004914004914,774,813,40,0,773,812,21037,1,0,0,1,1
2020-10-01,US,Louisiana,St. John the Baptist,1594,100,0,30.12597499,-90.4753503,22095.0,3721.0822419870674,6.273525721455457,1494,1593,100,0,1493,1591,43184,1,0,0,1,2
2020-10-01,US,Louisiana,St. Landry,3337,124,0,30.59724262,-92.00135806,22097.0,4063.367590472944,3.71591249625412,3213,3314,124,0,3190,3312,82764,23,0,0,23,2
2020-10-01,US,Louisiana,St. Martin,2103,61,0,30.13112107,-91.61403569,22099.0,3935.91735135034,2.9006181645268665,2042,2106,61,0,2045,2103,53621,-3,0,0,-3,3
2020-10-01,US,Louisiana,St. Mary,1943,77,0,29.69262097,-91.44702164,22101.0,3937.3429520953223,3.9629439011837366,1866,1934,77,0,1857,1934,49774,9,0,0,9,0
2020-10-01,US,Louisiana,St. Tammany,7019,256,0,30.40942847,-89.95642711,22103.0,2695.271850364221,3.647243197036615,6763,6993,255,0,6738,6975,258111,26,1,0,25,18
2020-10-01,US,Louisiana,Tangipahoa,4531,120,0,30.62888673,-90.40664996,22105.0,3362.323572626486,2.6484219819024504,4411,4514,119,0,4395,4491,133777,17,1,0,16,23
2020-10-01,US,Louisiana,Tensas,161,2,0,32.00760749,-91.32915234,22107.0,3714.81310567605,1.2422360248447204,159,162,2,0,160,162,4462,-1,0,0,-1,0
2020-10-01,US,Louisiana,Terrebonne,3659,117,0,29.37343766,-90.82626855,22109.0,3312.4813282515997,3.1975949713036345,3542,3650,117,0,3533,3646,111021,9,0,0,9,4
2020-10-01,US,Louisiana,Unassigned,194,190,0,0.0,0.0,90022.0,0.0,97.93814432989691,4,194,190,0,4,196,,0,0,0,0,-2
2020-10-01,US,Louisiana,Union,975,44,0,32.83121059,-92.3749373,22111.0,4410.168264881491,4.512820512820513,931,969,44,0,925,967,22330,6,0,0,6,2
2020-10-01,US,Louisiana,Vermilion,2042,62,0,29.83517605,-92.30292538,22113.0,3431.2984154189976,3.036238981390793,1980,2041,61,0,1980,2044,59830,1,1,0,0,-3
2020-10-01,US,Louisiana,Vernon,1075,51,0,31.10884837,-93.18153838,22115.0,2266.5457842248416,4.744186046511628,1024,1069,51,0,1018,1068,48860,6,0,0,6,1
2020-10-01,US,Louisiana,Washington,1647,67,0,30.85288548,-90.03866652,22117.0,3565.398103649825,4.0680024286581675,1580,1643,67,0,1576,1637,46582,4,0,0,4,6
2020-10-01,US,Louisiana,Webster,1293,25,0,32.70847669,-93.33121835,22119.0,3372.4569640062596,1.9334880123743232,1268,1282,25,0,1257,1276,38798,11,0,0,11,6
2020-10-01,US,Louisiana,West Baton Rouge,915,41,0,30.46058217,-91.30989571,22121.0,3457.396561496316,4.4808743169398895,874,912,41,0,871,915,26427,3,0,0,3,-3
2020-10-01,US,Louisiana,West Carroll,351,10,0,32.78550125,-91.461201,22123.0,3240.9972299168976,2.849002849002849,341,349,10,0,339,347,10982,2,0,0,2,2
2020-10-01,US,Louisiana,West Feliciana,728,25,0,30.87882871,-91.41485379999999,22125.0,4676.258992805755,3.434065934065934,703,725,25,0,700,723,15460,3,0,0,3,2
2020-10-01,US,Louisiana,Winn,635,18,0,31.94449367,-92.63789413,22127.0,4567.031070195627,2.8346456692913384,617,634,18,0,616,632,14134,1,0,0,1,2
2020-10-01,US,Maine,Androscoggin,751,10,0,44.1664747,-70.20380627,23001.0,693.5914367778937,1.3315579227696406,741,737,10,0,727,723,107679,14,0,0,14,14
2020-10-01,US,Maine,Aroostook,43,1,0,46.65926321,-68.59841248,23003.0,64.12646335098054,2.3255813953488373,42,43,1,0,42,43,67111,0,0,0,0,0
2020-10-01,US,Maine,Cumberland,2333,70,0,43.8370751,-70.37226999,23005.0,790.8394151923877,3.0004286326618086,2263,2332,70,0,2262,2316,293557,1,0,0,1,16
2020-10-01,US,Maine,Franklin,62,1,0,44.97330019,-70.44381045,23007.0,205.3048114175966,1.6129032258064515,61,62,1,0,61,62,29897,0,0,0,0,0
2020-10-01,US,Maine,Hancock,54,1,0,44.59816444,-68.38401854,23009.0,98.20503027988434,1.851851851851852,53,54,1,0,53,54,54811,0,0,0,0,0
2020-10-01,US,Maine,Kennebec,221,11,0,44.40759555,-69.76738544,23011.0,180.70023384736146,4.977375565610861,210,215,11,0,204,215,122083,6,0,0,6,0
2020-10-01,US,Maine,Knox,42,1,0,44.11486325,-69.10529169,23013.0,105.60193100673841,2.380952380952381,41,41,1,0,40,39,39771,1,0,0,1,2
2020-10-01,US,Maine,Lincoln,47,1,0,44.05996956,-69.54227124,23015.0,135.7047987526708,2.127659574468085,46,47,1,0,46,42,34342,0,0,0,0,5
2020-10-01,US,Maine,Oxford,152,1,0,44.49952995,-70.75682123,23017.0,262.1819749892195,0.6578947368421053,151,152,1,0,151,149,57618,0,0,0,0,3
2020-10-01,US,Maine,Penobscot,257,6,0,45.40194593,-68.65020455,23019.0,168.91447800825512,2.3346303501945527,251,254,6,0,248,254,151096,3,0,0,3,0
2020-10-01,US,Maine,Piscataquis,9,0,0,45.83839062,-69.2860223,23021.0,53.61930294906166,0.0,9,9,0,0,9,9,16800,0,0,0,0,0
2020-10-01,US,Maine,Sagadahoc,69,0,0,43.95415864,-69.85074999,23023.0,192.4364123159304,0.0,69,68,0,0,68,67,35634,1,0,0,1,1
2020-10-01,US,Maine,Somerset,86,8,0,45.51229767,-69.95995554,23025.0,170.35100229775767,9.30232558139535,78,86,8,0,78,86,50592,0,0,0,0,0
2020-10-01,US,Maine,Waldo,75,14,0,44.4858305,-69.12061935,23027.0,188.84552436107262,18.666666666666668,61,74,14,0,60,74,39694,1,0,0,1,0
2020-10-01,US,Maine,Washington,16,0,0,45.01607142,-67.62813524,23029.0,50.989515280920365,0.0,16,16,0,0,16,16,31490,0,0,0,0,0
2020-10-01,US,Maine,York,1211,16,0,43.47808377,-70.71052375,23031.0,583.2181505579341,1.3212221304706857,1195,1199,16,0,1183,1188,206229,12,0,0,12,11
2020-10-01,US,Maryland,Allegany,484,23,0,39.62357628,-78.69280486,24001.0,687.3437855032947,4.752066115702481,461,474,23,0,451,473,70975,10,0,0,10,1
2020-10-01,US,Maryland,Anne Arundel,10186,251,0,39.00670238,-76.60329337,24003.0,1758.529368096486,2.4641665030433932,9935,10117,250,0,9867,10073,576031,69,1,0,68,44
2020-10-01,US,Maryland,Baltimore,18148,632,0,39.45784712,-76.62911955,24005.0,2193.4563738109914,3.4824774079788408,17516,17994,632,0,17362,17939,828431,154,0,0,154,55
2020-10-01,US,Maryland,Baltimore City,15793,486,0,39.30211911,-76.61151012,24510.0,2661.038939156515,3.0773127334895207,15307,15629,486,0,15143,15606,621342,164,0,0,164,23
2020-10-01,US,Maryland,Calvert,980,28,0,38.53961642,-76.56820632,24009.0,1059.1731964333962,2.8571428571428568,952,972,28,0,944,961,92003,8,0,0,8,11
2020-10-01,US,Maryland,Caroline,659,7,0,38.87172293,-75.82904158,24011.0,1972.6995150571759,1.0622154779969648,652,657,7,0,650,654,33304,2,0,0,2,3
2020-10-01,US,Maryland,Carroll,1975,126,0,39.56453592,-77.02373735,24013.0,1172.4756154754907,6.3797468354430364,1849,1965,126,0,1839,1957,168429,10,0,0,10,8
2020-10-01,US,Maryland,Cecil,1090,35,0,39.56647682,-75.94627411,24015.0,1059.744300228477,3.2110091743119265,1055,1085,35,0,1050,1079,102826,5,0,0,5,6
2020-10-01,US,Maryland,Charles,2819,101,0,38.51092331,-76.98580666,24017.0,1726.7253471520364,3.58283079106066,2718,2798,101,0,2697,2779,161503,21,0,0,21,19
2020-10-01,US,Maryland,Dorchester,598,10,0,38.45413522,-76.02752426,24019.0,1872.905509098312,1.6722408026755853,588,594,10,0,584,594,31998,4,0,0,4,0
2020-10-01,US,Maryland,Frederick,4117,133,0,39.47296601,-77.39999394,24021.0,1586.2252308830386,3.230507651202332,3984,4088,133,0,3955,4073,255648,29,0,0,29,15
2020-10-01,US,Maryland,Garrett,75,1,0,39.52786077,-79.27355126,24023.0,258.4958985317433,1.3333333333333333,74,74,1,0,73,74,29163,1,0,0,1,0
2020-10-01,US,Maryland,Harford,3086,76,0,39.55010644,-76.30775940000002,24025.0,1208.106764380033,2.4627349319507448,3010,3060,76,0,2984,3045,253956,26,0,0,26,15
2020-10-01,US,Maryland,Howard,5149,122,0,39.25305293,-76.93126208,24027.0,1580.9512112745251,2.3693921149737807,5027,5120,122,0,4998,5098,323196,29,0,0,29,22
2020-10-01,US,Maryland,Kent,305,24,0,39.24976208,-76.04741541,24029.0,1570.3841005045824,7.868852459016392,281,305,24,0,281,303,19383,0,0,0,0,2
2020-10-01,US,Maryland,Montgomery,22679,850,0,39.13676329,-77.20358245,24031.0,2158.490436742401,3.747960668459809,21829,22584,849,0,21735,22512,1052567,95,1,0,94,72
2020-10-01,US,Maryland,Prince George's,29617,828,0,38.83070039,-76.8496441,24033.0,3257.0241508280296,2.7956916635715974,28789,29494,828,0,28666,29416,909308,123,0,0,123,78
2020-10-01,US,Maryland,Queen Anne's,669,26,0,39.06198912,-76.03530977,24035.0,1327.8815426450446,3.8863976083707024,643,666,26,0,640,666,50251,3,0,0,3,0
2020-10-01,US,Maryland,Somerset,282,5,0,38.1163542,-75.75118623,24039.0,1100.8744534665834,1.7730496453900708,277,277,5,0,272,276,25675,5,0,0,5,1
2020-10-01,US,Maryland,St. Mary's,1317,57,0,38.30058422,-76.60629279999998,24037.0,1160.250198220421,4.328018223234624,1260,1310,57,0,1253,1306,112664,7,0,0,7,4
2020-10-01,US,Maryland,Talbot,570,6,0,38.76618159,-76.10882561,24041.0,1533.0410693633844,1.0526315789473684,564,568,6,0,562,565,36968,2,0,0,2,3
2020-10-01,US,Maryland,Unassigned,0,6,0,0.0,0.0,90024.0,0.0,0.0,-6,0,10,0,-10,0,,0,-4,0,4,0
2020-10-01,US,Maryland,Washington,1837,39,0,39.60835778,-77.82002295,24043.0,1216.1616429105784,2.123026673924877,1798,1827,39,0,1788,1811,150926,10,0,0,10,16
2020-10-01,US,Maryland,Wicomico,2016,49,0,38.37301947,-75.62705831,24045.0,1945.776911272187,2.430555555555556,1967,2009,48,0,1961,1998,103195,7,1,0,6,11
2020-10-01,US,Maryland,Worcester,1059,28,0,38.21274277,-75.33200012,24047.0,2025.78621164588,2.644003777148253,1031,1058,27,0,1031,1053,51823,1,1,0,0,5
2020-10-01,US,Massachusetts,Barnstable,1799,174,0,41.72980578,-70.28854339,25001.0,844.6405934550917,9.672040022234574,1625,1786,174,0,1612,1779,213413,13,0,0,13,7
2020-10-01,US,Massachusetts,Berkshire,716,50,0,42.37428441,-73.20524838,25003.0,573.0567294147778,6.983240223463688,666,716,50,0,666,717,126348,0,0,0,0,-1
2020-10-01,US,Massachusetts,Bristol,10161,702,0,41.79228404,-71.10872211,25005.0,1797.7166291884353,6.9087688219663415,9459,10114,701,0,9413,10074,564022,47,1,0,46,40
2020-10-01,US,Massachusetts,Dukes and Nantucket,179,1,0,41.40674725,-70.68763497,0.0,623.0204308934599,0.5586592178770949,178,168,1,0,167,169,26707,11,0,0,11,-1
2020-10-01,US,Massachusetts,Essex,20156,1293,0,42.6687626,-70.94687179,25009.0,2554.516028460117,6.414963286366342,18863,20031,1290,0,18741,19921,790638,125,3,0,122,110
2020-10-01,US,Massachusetts,Franklin,412,68,0,42.58119713,-72.58602547,25011.0,587.0618409803362,16.50485436893204,344,412,68,0,344,411,70963,0,0,0,0,1
2020-10-01,US,Massachusetts,Hampden,8339,786,0,42.13440424,-72.63235561,25013.0,1788.0576020858884,9.425590598393093,7553,8283,781,0,7502,8254,470406,56,5,0,51,29
2020-10-01,US,Massachusetts,Hampshire,1273,145,0,42.33997957,-72.65898478,25015.0,791.518995212336,11.390416339355852,1128,1251,144,0,1107,1235,161355,22,1,0,21,16
2020-10-01,US,Massachusetts,Middlesex,27779,2156,0,42.48607732,-71.39049229,25017.0,1723.5848629303616,7.761258504625796,25623,27624,2154,0,25470,27507,1614714,155,2,0,153,117
2020-10-01,US,Massachusetts,Norfolk,10384,1068,0,42.16073095,-71.20530408,25021.0,1469.2087297937815,10.285053929121725,9316,10338,1066,0,9272,10308,705388,46,2,0,44,30
2020-10-01,US,Massachusetts,Plymouth,9807,773,0,41.94070556,-70.80802823,25023.0,1881.612119677208,7.8821250127459965,9034,9777,770,0,9007,9726,518132,30,3,0,27,51
2020-10-01,US,Massachusetts,Suffolk,24622,1142,0,42.327951399999996,-71.07850442,25025.0,3062.792089134689,4.638128502964828,23480,24479,1137,0,23342,24426,807252,143,5,0,138,53
2020-10-01,US,Massachusetts,Unassigned,2715,5,0,0.0,0.0,90025.0,0.0,0.1841620626151013,2710,2666,5,0,2661,2640,,49,0,0,49,26
2020-10-01,US,Massachusetts,Worcester,14528,1117,0,42.35026951,-71.90493363,25027.0,1749.0507113945935,7.688601321585902,13411,14471,1115,0,13356,14417,830839,57,2,0,55,54
2020-10-01,US,Michigan,Alcona,46,2,0,44.6846864,-83.59507875,26001.0,442.09514656415183,4.3478260869565215,44,47,2,0,45,45,10362,-1,0,0,-1,2
2020-10-01,US,Michigan,Alger,21,0,0,46.41292944,-86.60260122,26003.0,230.566534914361,0.0,21,19,0,0,19,19,9097,2,0,0,2,0
2020-10-01,US,Michigan,Allegan,791,7,0,42.59147037,-85.89102866,26005.0,669.8791507524496,0.8849557522123894,784,785,7,0,778,776,117327,6,0,0,6,9
2020-10-01,US,Michigan,Alpena,149,14,0,45.03477666,-83.62212411,26007.0,524.5555359971836,9.395973154362416,135,148,14,0,134,148,28360,1,0,0,1,0
2020-10-01,US,Michigan,Antrim,71,0,0,44.99690221,-85.15503082,26009.0,304.40747727662495,0.0,71,72,0,0,72,71,23365,-1,0,0,-1,1
2020-10-01,US,Michigan,Arenac,73,3,0,44.0636262,-83.89277559,26011.0,490.4925082308674,4.109589041095891,70,71,3,0,68,70,15041,2,0,0,2,1
2020-10-01,US,Michigan,Baraga,39,2,0,46.6720582,-88.36363591,26013.0,475.0883177000852,5.128205128205129,37,36,2,0,34,35,8320,3,0,0,3,1
2020-10-01,US,Michigan,Barry,333,4,0,42.59513984,-85.30834519,26015.0,541.0235580828595,1.2012012012012012,329,326,4,0,322,317,61157,7,0,0,7,9
2020-10-01,US,Michigan,Bay,1035,52,0,43.70639106,-83.98731479,26017.0,1003.6266314993308,5.024154589371982,983,1027,52,0,975,1018,103923,8,0,0,8,9
2020-10-01,US,Michigan,Benzie,83,2,0,44.63899297,-86.01608482,26019.0,467.1845097377012,2.409638554216868,81,84,2,0,82,81,17753,-1,0,0,-1,3
2020-10-01,US,Michigan,Berrien,1925,75,0,41.95447397,-86.41313079999998,26021.0,1254.8809981681998,3.8961038961038965,1850,1908,74,0,1834,1898,154141,17,1,0,16,10
2020-10-01,US,Michigan,Branch,645,6,0,41.91600556,-85.05929476,26023.0,1482.1793781740466,0.9302325581395348,639,640,5,0,635,635,43622,5,1,0,4,5
2020-10-01,US,Michigan,Calhoun,1522,47,0,42.24633834,-85.00493569,26025.0,1134.4747650176284,3.0880420499342964,1475,1492,46,0,1446,1442,134487,30,1,0,29,50
2020-10-01,US,Michigan,Cass,612,17,0,41.91522292,-85.99405727,26027.0,1181.763763106571,2.7777777777777777,595,611,17,0,594,600,51653,1,0,0,1,11
2020-10-01,US,Michigan,Charlevoix,109,3,0,45.37790017,-85.19614053,26029.0,416.93761236277396,2.7522935779816518,106,107,3,0,104,107,26244,2,0,0,2,0
2020-10-01,US,Michigan,Cheboygan,93,2,0,45.44787015,-84.50122149,26031.0,367.9379648678589,2.150537634408602,91,93,2,0,91,93,25413,0,0,0,0,0
2020-10-01,US,Michigan,Chippewa,81,0,0,46.29552653,-84.54353449,26033.0,216.87327639294224,0.0,81,80,0,0,80,78,37517,1,0,0,1,2
2020-10-01,US,Michigan,Clare,114,4,0,43.98794227,-84.84819859999998,26035.0,368.3360258481422,3.5087719298245608,110,113,4,0,109,113,30757,1,0,0,1,0
2020-10-01,US,Michigan,Clinton,703,14,0,42.94400871,-84.60145248,26037.0,883.2213078710976,1.9914651493598865,689,699,14,0,685,691,79332,4,0,0,4,8
2020-10-01,US,Michigan,Crawford,126,5,0,44.68255561,-84.61006219,26039.0,898.1395680376363,3.968253968253968,121,127,5,0,122,125,13901,-1,0,0,-1,2
2020-10-01,US,Michigan,Delta,595,8,0,45.90484910000001,-86.9080745,26041.0,1662.754303599374,1.3445378151260503,587,560,8,0,552,496,35857,35,0,0,35,64
2020-10-01,US,Michigan,Dickinson,183,2,0,46.00999672,-87.86961634,26043.0,725.0683466064424,1.0928961748633879,181,174,2,0,172,159,25383,9,0,0,9,15
2020-10-01,US,Michigan,Eaton,703,10,0,42.59599185,-84.83740035,26045.0,637.5376355787718,1.4224751066856332,693,694,10,0,684,690,109826,9,0,0,9,4
2020-10-01,US,Michigan,Emmet,163,4,0,45.52625509,-84.89083249,26047.0,487.8048780487805,2.4539877300613497,159,160,4,0,156,158,33308,3,0,0,3,2
2020-10-01,US,Michigan,Federal Correctional Institution (FCI),195,5,0,0.0,0.0,0.0,0.0,2.5641025641025643,190,195,5,0,190,195,,0,0,0,0,0
2020-10-01,US,Michigan,Genesee,4772,309,0,43.02244215,-83.70589709,26049.0,1175.9110723412016,6.475272422464376,4463,4727,309,0,4418,4651,406892,45,0,0,45,76
2020-10-01,US,Michigan,Gladwin,109,2,0,43.98901072,-84.38774817,26051.0,428.3075955833235,1.834862385321101,107,105,2,0,103,100,25337,4,0,0,4,5
2020-10-01,US,Michigan,Gogebic,169,2,0,46.40862701,-89.69377193,26053.0,1209.3023255813953,1.183431952662722,167,167,2,0,165,164,15096,2,0,0,2,3
2020-10-01,US,Michigan,Grand Traverse,503,9,0,44.69565625,-85.55585247,26055.0,540.3489171536611,1.7892644135188869,494,496,9,0,487,491,92573,7,0,0,7,5
2020-10-01,US,Michigan,Gratiot,298,15,0,43.29265605,-84.60505416,26057.0,731.9888973496106,5.033557046979865,283,292,15,0,277,288,40599,6,0,0,6,4
2020-10-01,US,Michigan,Hillsdale,362,27,0,41.88753639,-84.59312019,26059.0,793.7726126521214,7.458563535911603,335,358,27,0,331,355,45749,4,0,0,4,3
2020-10-01,US,Michigan,Houghton,582,3,0,46.89988536,-88.68495385,26061.0,1630.983073646452,0.5154639175257731,579,562,2,0,560,531,36219,20,1,0,19,31
2020-10-01,US,Michigan,Huron,227,5,0,43.83353985,-83.04078453,26063.0,732.7071430876988,2.202643171806167,222,227,5,0,222,226,31166,0,0,0,0,1
2020-10-01,US,Michigan,Ingham,3632,50,0,42.59716886,-84.37472069,26065.0,1242.1085750634393,1.3766519823788546,3582,3607,49,0,3558,3588,292735,25,1,0,24,19
2020-10-01,US,Michigan,Ionia,379,7,0,42.94502238,-85.07413319,26067.0,585.8076881462819,1.8469656992084436,372,378,7,0,371,371,64210,1,0,0,1,7
2020-10-01,US,Michigan,Iosco,231,13,0,44.35486835,-83.63484895,26069.0,919.3298045926692,5.627705627705628,218,228,12,0,216,223,25081,3,1,0,2,5
2020-10-01,US,Michigan,Iron,218,5,0,46.20974132,-88.53136251,26071.0,1969.9981926622088,2.2935779816513757,213,203,4,0,199,197,11117,15,1,0,14,6
2020-10-01,US,Michigan,Isabella,728,14,0,43.64060976,-84.84664923,26073.0,1041.9051980764827,1.9230769230769231,714,724,14,0,710,716,70562,4,0,0,4,8
2020-10-01,US,Michigan,Jackson,1140,45,0,42.24807035,-84.42258681,26075.0,719.1975269699072,3.947368421052632,1095,1129,45,0,1084,1123,158823,11,0,0,11,6
2020-10-01,US,Michigan,Kalamazoo,3100,96,0,42.24542231,-85.53038622,26077.0,1169.5200440644971,3.0967741935483866,3004,3053,96,0,2957,2999,264870,47,0,0,47,54
2020-10-01,US,Michigan,Kalkaska,91,4,0,44.68512729,-85.09085699,26079.0,504.49052001330523,4.395604395604397,87,88,4,0,84,86,17824,3,0,0,3,2
2020-10-01,US,Michigan,Kent,10279,174,0,43.03197711,-85.54934642,26081.0,1564.6429359697395,1.692771670395953,10105,10187,176,0,10011,10061,653786,92,-2,0,94,126
2020-10-01,US,Michigan,Keweenaw,11,0,0,47.63197653,-88.41434263,26083.0,519.8487712665407,0.0,11,11,0,0,11,10,2113,0,0,0,0,1
2020-10-01,US,Michigan,Lake,36,0,0,43.99050893,-85.802173,26085.0,303.72057706909635,0.0,36,35,0,0,35,35,11881,1,0,0,1,0
2020-10-01,US,Michigan,Lapeer,644,36,0,43.09052506,-83.22153148,26087.0,735.1010763980048,5.590062111801243,608,636,36,0,600,627,88028,8,0,0,8,9
2020-10-01,US,Michigan,Leelanau,115,1,0,44.94430054,-85.80150326,26089.0,528.468360829006,0.8695652173913043,114,115,1,0,114,115,21764,0,0,0,0,0
2020-10-01,US,Michigan,Lenawee,855,18,0,41.89475156,-84.06603727,26091.0,868.4523265380748,2.1052631578947367,837,842,18,0,824,814,98266,13,0,0,13,28
2020-10-01,US,Michigan,Livingston,1430,32,0,42.60302282,-83.91297209,26093.0,744.8110627880934,2.2377622377622384,1398,1417,32,0,1385,1403,191224,13,0,0,13,14
2020-10-01,US,Michigan,Luce,13,0,0,46.47227431,-85.54471223,26095.0,208.7012361534757,0.0,13,13,0,0,13,13,6283,0,0,0,0,0
2020-10-01,US,Michigan,Mackinac,69,0,0,46.07028979,-85.04980537,26097.0,638.9480507454392,0.0,69,68,0,0,68,62,10787,1,0,0,1,6
2020-10-01,US,Michigan,Macomb,14909,1025,0,42.69158356,-82.92752801,26099.0,1705.8898912093293,6.875041920987322,13884,14819,1024,0,13795,14718,874759,90,1,0,89,101
2020-10-01,US,Michigan,Manistee,82,3,0,44.33352407,-86.05626916,26101.0,333.9034123299943,3.6585365853658534,79,80,3,0,77,78,24528,2,0,0,2,2
2020-10-01,US,Michigan,Marquette,400,12,0,46.4338914,-87.64043701,26103.0,599.7091410665827,3.0,388,396,12,0,384,384,66516,4,0,0,4,12
2020-10-01,US,Michigan,Mason,136,0,0,43.99509218,-86.24988902,26105.0,466.6483667307164,0.0,136,135,0,0,135,135,29100,1,0,0,1,0
2020-10-01,US,Michigan,Mecosta,234,3,0,43.64064262,-85.32463223,26107.0,538.512875980945,1.2820512820512822,231,228,3,0,225,220,43545,6,0,0,6,8
2020-10-01,US,Michigan,Menominee,442,2,0,45.58038692,-87.55370409,26109.0,1940.2985074626865,0.4524886877828054,440,419,2,0,417,408,22983,23,0,0,23,11
2020-10-01,US,Michigan,Michigan Department of Corrections (MDOC),5616,73,0,0.0,0.0,0.0,0.0,1.2998575498575498,5543,5611,73,0,5538,5603,,5,0,0,5,8
2020-10-01,US,Michigan,Midland,641,11,0,43.64330771,-84.38804374,26111.0,770.8403482610997,1.71606864274571,630,629,11,0,618,621,83209,12,0,0,12,8
2020-10-01,US,Michigan,Missaukee,65,1,0,44.33772443,-85.09256478,26113.0,429.9510517264188,1.5384615384615383,64,64,1,0,63,64,15113,1,0,0,1,0
2020-10-01,US,Michigan,Monroe,1557,28,0,41.92734151,-83.53749864,26115.0,1034.5514950166114,1.7983301220295438,1529,1548,28,0,1520,1540,150439,9,0,0,9,8
2020-10-01,US,Michigan,Montcalm,347,7,0,43.31082541,-85.15252824,26117.0,543.1379914850991,2.0172910662824206,340,342,6,0,336,338,63968,5,1,0,4,4
2020-10-01,US,Michigan,Montmorency,15,0,0,45.0275929,-84.12696227,26119.0,160.80617495711834,0.0,15,16,0,0,16,15,9265,-1,0,0,-1,1
2020-10-01,US,Michigan,Muskegon,1572,71,0,43.29123859,-86.15176712,26121.0,905.7073389949644,4.5165394402035615,1501,1558,70,0,1488,1546,173588,14,1,0,13,12
2020-10-01,US,Michigan,Newaygo,395,2,0,43.554373999999996,-85.80070107,26123.0,806.4516129032259,0.5063291139240507,393,389,2,0,387,376,48892,6,0,0,6,13
2020-10-01,US,Michigan,Oakland,20922,1206,0,42.66090111,-83.38595416,26125.0,1663.666204404636,5.764267278462862,19716,20854,1203,0,19651,20771,1259201,68,3,0,65,83
2020-10-01,US,Michigan,Oceana,529,6,0,43.64124435,-86.26726673,26127.0,1998.71538141837,1.1342155009451795,523,528,6,0,522,526,26625,1,0,0,1,2
2020-10-01,US,Michigan,Ogemaw,69,5,0,44.33481032,-84.12725175,26129.0,328.6183740534362,7.246376811594202,64,68,5,0,63,68,20952,1,0,0,1,0
2020-10-01,US,Michigan,Ontonagon,43,0,0,46.665226200000006,-89.31390481,26131.0,751.7482517482518,0.0,43,43,0,0,43,42,5795,0,0,0,0,1
2020-10-01,US,Michigan,Osceola,101,0,0,43.98992088,-85.32566756,26133.0,430.52003410059683,0.0,101,99,0,0,99,97,23341,2,0,0,2,2
2020-10-01,US,Michigan,Oscoda,32,1,0,44.68192279,-84.12939244,26135.0,388.3023904865913,3.125,31,31,1,0,30,31,8276,1,0,0,1,0
2020-10-01,US,Michigan,Otsego,186,12,0,45.02085831,-84.59898295,26137.0,754.0132965785632,6.451612903225807,174,182,11,0,171,180,24665,4,1,0,3,2
2020-10-01,US,Michigan,Ottawa,3548,67,0,42.95996803,-85.9969107,26139.0,1215.776308124593,1.8883878241262684,3481,3514,66,0,3448,3479,290494,34,1,0,33,35
2020-10-01,US,Michigan,Out of MI,184,2,0,0.0,0.0,80026.0,0.0,1.0869565217391304,182,188,2,0,186,185,,-4,0,0,-4,3
2020-10-01,US,Michigan,Presque Isle,27,1,0,45.34018577,-83.91498656,26141.0,214.42185514612453,3.703703703703704,26,27,1,0,26,27,12738,0,0,0,0,0
2020-10-01,US,Michigan,Roscommon,103,4,0,44.33473082,-84.61067651,26143.0,428.8271784837005,3.8834951456310685,99,102,4,0,98,103,23884,1,0,0,1,-1
2020-10-01,US,Michigan,Saginaw,3031,140,0,43.33433923,-84.05131209999998,26145.0,1590.7504500390994,4.618937644341801,2891,3003,140,0,2863,2991,190800,28,0,0,28,12
2020-10-01,US,Michigan,Sanilac,152,7,0,43.42406072,-82.82055898,26151.0,369.2008744231237,4.605263157894737,145,151,7,0,144,149,41182,1,0,0,1,2
2020-10-01,US,Michigan,Schoolcraft,31,0,0,46.19235734,-86.19972234,26153.0,382.9997529033852,0.0,31,29,0,0,29,29,8068,2,0,0,2,0
2020-10-01,US,Michigan,Shiawassee,531,32,0,42.95392800000001,-84.14585902,26155.0,779.4838671794722,6.026365348399247,499,525,32,0,493,521,68192,6,0,0,6,4
2020-10-01,US,Michigan,St. Clair,1055,57,0,42.92655373,-82.67937954,26147.0,662.9882861595696,5.402843601895735,998,1035,57,0,978,1027,159337,20,0,0,20,8
2020-10-01,US,Michigan,St. Joseph,820,11,0,41.91441767,-85.52797979,26149.0,1345.0560986811888,1.3414634146341464,809,807,11,0,796,793,61043,13,0,0,13,14
2020-10-01,US,Michigan,Tuscola,514,31,0,43.46606813,-83.41897025,26157.0,983.8262034644464,6.031128404669262,483,514,31,0,483,515,52516,0,0,0,0,-1
2020-10-01,US,Michigan,Unassigned,10,0,0,0.0,0.0,90026.0,0.0,0.0,10,10,0,0,10,18,,0,0,0,0,-8
2020-10-01,US,Michigan,Van Buren,782,17,0,42.25190229,-86.01939087,26159.0,1033.339059423603,2.1739130434782608,765,776,17,0,759,769,75448,6,0,0,6,7
2020-10-01,US,Michigan,Washtenaw,3810,116,0,42.253105,-83.83853204,26161.0,1036.4498464367616,3.0446194225721785,3694,3773,116,0,3657,3722,370963,37,0,0,37,51
2020-10-01,US,Michigan,Wayne,35588,2990,0,42.28098405,-83.281255,26163.0,2034.363758279537,8.401708441047544,32598,35456,2984,0,32472,35295,1753893,132,6,0,126,161
2020-10-01,US,Michigan,Wexford,130,4,0,44.33853602,-85.57712739,26165.0,386.54812524159263,3.0769230769230766,126,129,4,0,125,127,33466,1,0,0,1,2
2020-10-01,US,Minnesota,Aitkin,91,1,0,46.60962049,-93.41168259999999,27001.0,572.8314238952538,1.0989010989010992,90,88,1,0,87,84,15902,3,0,0,3,4
2020-10-01,US,Minnesota,Anoka,6403,138,0,45.27476015,-93.24604565,27003.0,1793.9544044760605,2.155239731375917,6265,6343,138,0,6205,6281,353813,60,0,0,60,62
2020-10-01,US,Minnesota,Becker,299,2,0,46.93479392,-95.67158144,27005.0,868.6052929727217,0.6688963210702341,297,286,2,0,284,284,34371,13,0,0,13,2
2020-10-01,US,Minnesota,Beltrami,490,5,0,47.97373527,-94.93732139,27007.0,1038.399593116894,1.020408163265306,485,473,5,0,468,460,46847,17,0,0,17,13
2020-10-01,US,Minnesota,Benton,579,3,0,45.69804958,-93.99514135,27009.0,1416.0287607914108,0.5181347150259067,576,568,3,0,565,563,40545,11,0,0,11,5
2020-10-01,US,Minnesota,Big Stone,83,0,0,45.42712824,-96.41403739,27011.0,1662.9933880985775,0.0,83,83,0,0,83,83,4989,0,0,0,0,0
2020-10-01,US,Minnesota,Blue Earth,1768,7,0,44.03554215,-94.06699781,27013.0,2613.3356983430153,0.3959276018099547,1761,1743,7,0,1736,1736,67427,25,0,0,25,7
2020-10-01,US,Minnesota,Brown,208,2,0,44.24205652,-94.72562874,27015.0,831.7338451695457,0.9615384615384616,206,199,2,0,197,196,25111,9,0,0,9,3
2020-10-01,US,Minnesota,Carlton,290,1,0,46.59180601,-92.67601019,27017.0,808.4525103844331,0.3448275862068966,289,286,1,0,285,279,35837,4,0,0,4,7
2020-10-01,US,Minnesota,Carver,1459,7,0,44.82017001,-93.80099179999999,27019.0,1388.3470201448295,0.4797806716929404,1452,1451,7,0,1444,1446,103551,8,0,0,8,5
2020-10-01,US,Minnesota,Cass,202,4,0,46.95043611,-94.32603968,27021.0,678.3303670371738,1.98019801980198,198,188,4,0,184,186,29519,14,0,0,14,2
2020-10-01,US,Minnesota,Chippewa,242,1,0,45.02343421,-95.56403693,27023.0,2050.8474576271187,0.4132231404958678,241,233,1,0,232,232,11924,9,0,0,9,1
2020-10-01,US,Minnesota,Chisago,536,1,0,45.5021011,-92.90861945,27025.0,947.3479559553896,0.1865671641791045,535,522,1,0,521,517,55922,14,0,0,14,5
2020-10-01,US,Minnesota,Clay,1480,41,0,46.89289518,-96.48761922,27027.0,2304.506243966242,2.77027027027027,1439,1457,41,0,1416,1424,63955,23,0,0,23,33
2020-10-01,US,Minnesota,Clearwater,34,0,0,47.57992111,-95.37790562,27029.0,385.57496030846,0.0,34,32,0,0,32,31,8810,2,0,0,2,1
2020-10-01,US,Minnesota,Cook,7,0,0,47.90504893,-90.52629546,27031.0,128.1347245103423,0.0,7,7,0,0,7,7,5393,0,0,0,0,0
2020-10-01,US,Minnesota,Cottonwood,230,0,0,44.00715262,-95.18138802,27033.0,2054.305108967488,0.0,230,229,0,0,229,229,11277,1,0,0,1,0
2020-10-01,US,Minnesota,Crow Wing,581,18,0,46.48096553,-94.06755609,27035.0,893.0904619168396,3.0981067125645443,563,563,18,0,545,554,64889,18,0,0,18,9
2020-10-01,US,Minnesota,Dakota,7771,127,0,44.67172617,-93.06299363,27037.0,1811.3332447595808,1.6342813022776992,7644,7724,127,0,7597,7692,425423,47,0,0,47,32
2020-10-01,US,Minnesota,Dodge,271,0,0,44.02238415,-92.86244324,27039.0,1294.544759721028,0.0,271,268,0,0,268,261,20822,3,0,0,3,7
2020-10-01,US,Minnesota,Douglas,382,3,0,45.93348491,-95.45335469,27041.0,1001.5468917962296,0.7853403141361257,379,362,2,0,360,352,37964,20,1,0,19,10
2020-10-01,US,Minnesota,Faribault,153,0,0,43.67381499,-93.94787458,27043.0,1120.6328279499012,0.0,153,149,0,0,149,147,13758,4,0,0,4,2
2020-10-01,US,Minnesota,Fillmore,141,0,0,43.67394126,-92.08980382,27045.0,669.2932073859591,0.0,141,134,0,0,134,133,21058,7,0,0,7,1
2020-10-01,US,Minnesota,Freeborn,554,4,0,43.67385583,-93.34884422,27047.0,1829.5300683596965,0.7220216606498195,550,548,4,0,544,546,30444,6,0,0,6,2
2020-10-01,US,Minnesota,Goodhue,396,9,0,44.40849741,-92.72341949999999,27049.0,854.5533016832111,2.272727272727273,387,392,9,0,383,389,46403,4,0,0,4,3
2020-10-01,US,Minnesota,Grant,65,4,0,45.93424769,-96.01139609,27051.0,1088.41259209645,6.153846153846153,61,64,4,0,60,63,6021,1,0,0,1,1
2020-10-01,US,Minnesota,Hennepin,27873,937,0,45.00761521,-93.47694895,27053.0,2201.9318351485927,3.3616761740752703,26936,27728,936,0,26792,27557,1259428,145,1,0,144,171
2020-10-01,US,Minnesota,Houston,136,0,0,43.67129565,-91.49143057,27055.0,731.1827956989247,0.0,136,135,0,0,135,130,18578,1,0,0,1,5
2020-10-01,US,Minnesota,Hubbard,137,1,0,47.10778564,-94.91693868,27057.0,637.4761528081523,0.7299270072992701,136,126,1,0,125,122,21332,11,0,0,11,4
2020-10-01,US,Minnesota,Isanti,326,1,0,45.56181234,-93.29487636,27059.0,803.0347817518968,0.3067484662576687,325,324,1,0,323,319,39966,2,0,0,2,5
2020-10-01,US,Minnesota,Itasca,366,16,0,47.51009045,-93.63092229,27061.0,810.9904719698648,4.371584699453551,350,356,16,0,340,352,45108,10,0,0,10,4
2020-10-01,US,Minnesota,Jackson,157,1,0,43.67423373,-95.15398258,27063.0,1594.5561649400772,0.6369426751592356,156,154,1,0,153,153,9911,3,0,0,3,1
2020-10-01,US,Minnesota,Kanabec,136,8,0,45.9459309,-93.29275192,27065.0,832.4661810613942,5.882352941176472,128,131,8,0,123,128,16207,5,0,0,5,3
2020-10-01,US,Minnesota,Kandiyohi,1071,3,0,45.1526059,-95.00586446,27067.0,2479.2240561124104,0.2801120448179272,1068,1057,3,0,1054,1056,42855,14,0,0,14,1
2020-10-01,US,Minnesota,Kittson,12,0,0,48.77754106,-96.78317184,27069.0,279.1996277338297,0.0,12,12,0,0,12,12,4248,0,0,0,0,0
2020-10-01,US,Minnesota,Koochiching,123,4,0,48.24539665,-93.78352843,27071.0,1005.8058712895577,3.2520325203252027,119,123,4,0,119,123,12440,0,0,0,0,0
2020-10-01,US,Minnesota,Lac qui Parle,76,2,0,44.9973857,-96.17488219,27073.0,1147.516231315114,2.631578947368421,74,72,1,0,71,68,6658,4,1,0,3,4
2020-10-01,US,Minnesota,Lake,61,0,0,47.64270764,-91.44557998,27075.0,573.2543933840805,0.0,61,61,0,0,61,60,10658,0,0,0,0,1
2020-10-01,US,Minnesota,Lake of the Woods,24,1,0,48.77217001,-94.90274472,27077.0,641.7112299465241,4.166666666666667,23,24,1,0,23,24,3758,0,0,0,0,0
2020-10-01,US,Minnesota,Le Sueur,483,4,0,44.37136597,-93.72844721,27079.0,1672.0324021185995,0.8281573498964804,479,480,4,0,476,476,28494,3,0,0,3,4
2020-10-01,US,Minnesota,Lincoln,118,0,0,44.41311883,-96.26688165,27081.0,2092.569604539812,0.0,118,118,0,0,118,118,5673,0,0,0,0,0
2020-10-01,US,Minnesota,Lyon,743,4,0,44.41327865,-95.83806103,27083.0,2916.699379759755,0.5383580080753702,739,738,4,0,734,733,25629,5,0,0,5,5
2020-10-01,US,Minnesota,Mahnomen,50,1,0,47.32557075,-95.80921485,27087.0,904.6499004885112,2.0,49,49,1,0,48,49,5519,1,0,0,1,0
2020-10-01,US,Minnesota,Marshall,54,1,0,48.35825983,-96.37017407,27089.0,578.4061696658098,1.851851851851852,53,53,1,0,52,53,9390,1,0,0,1,0
2020-10-01,US,Minnesota,Martin,471,11,0,43.67429718,-94.55099908,27091.0,2392.9279073311995,2.335456475583864,460,462,11,0,451,446,19785,9,0,0,9,16
2020-10-01,US,Minnesota,McLeod,503,2,0,44.82367677,-94.27287017,27085.0,1401.3874571643494,0.3976143141153082,501,503,2,0,501,502,35873,0,0,0,0,1
2020-10-01,US,Minnesota,Meeker,220,2,0,45.12328869,-94.52839455,27093.0,947.377486865903,0.9090909090909092,218,214,2,0,212,213,23141,6,0,0,6,1
2020-10-01,US,Minnesota,Mille Lacs,176,3,0,45.93705297,-93.63236823,27095.0,669.7872664307189,1.7045454545454546,173,172,3,0,169,169,26139,4,0,0,4,3
2020-10-01,US,Minnesota,Morrison,293,3,0,46.01265363,-94.27341528,27097.0,877.6133708740193,1.023890784982935,290,280,2,0,278,270,33169,13,1,0,12,10
2020-10-01,US,Minnesota,Mower,1354,6,0,43.67142874,-92.75234549,27099.0,3379.7613698766913,0.4431314623338257,1348,1348,6,0,1342,1344,40011,6,0,0,6,4
2020-10-01,US,Minnesota,Murray,182,2,0,44.02216709,-95.76328482,27101.0,2221.137417622651,1.0989010989010992,180,176,2,0,174,174,8276,6,0,0,6,2
2020-10-01,US,Minnesota,Nicollet,562,17,0,44.35291112,-94.24710352,27103.0,1639.72690669312,3.0249110320284696,545,553,17,0,536,547,34220,9,0,0,9,6
2020-10-01,US,Minnesota,Nobles,1985,16,0,43.67434621,-95.75329576,27105.0,9177.493180452171,0.8060453400503779,1969,1979,16,0,1963,1979,21924,6,0,0,6,0
2020-10-01,US,Minnesota,Norman,60,0,0,47.32628443,-96.45620947,27107.0,941.1764705882354,0.0,60,58,0,0,58,56,6475,2,0,0,2,2
2020-10-01,US,Minnesota,Olmsted,2588,28,0,44.00374114,-92.40209944,27109.0,1634.9427959543384,1.0819165378670788,2560,2544,28,0,2516,2535,156277,44,0,0,44,9
2020-10-01,US,Minnesota,Otter Tail,479,6,0,46.40846929,-95.70835255,27111.0,815.3746638068974,1.2526096033402925,473,473,4,0,469,469,58812,6,2,0,4,4
2020-10-01,US,Minnesota,Pennington,120,1,0,48.06642577,-96.0370814,27113.0,849.9185494723422,0.8333333333333334,119,120,1,0,119,120,14178,0,0,0,0,0
2020-10-01,US,Minnesota,Pine,366,0,0,46.12105238,-92.74070188,27115.0,1237.3643463267858,0.0,366,361,0,0,361,355,29483,5,0,0,5,6
2020-10-01,US,Minnesota,Pipestone,249,12,0,44.02301619,-96.25841142,27117.0,2728.468113083498,4.819277108433735,237,239,10,0,229,238,9047,10,2,0,8,1
2020-10-01,US,Minnesota,Polk,337,4,0,47.77372465,-96.40134647,27119.0,1074.4802958806274,1.1869436201780414,333,334,4,0,330,327,31529,3,0,0,3,7
2020-10-01,US,Minnesota,Pope,103,0,0,45.58606667,-95.44451209,27121.0,915.6369455062672,0.0,103,100,0,0,100,100,11097,3,0,0,3,0
2020-10-01,US,Minnesota,Ramsey,11278,326,0,45.01625271,-93.09872295,27123.0,2049.349379725651,2.89058343677957,10952,11209,325,0,10884,11167,550210,69,1,0,68,42
2020-10-01,US,Minnesota,Red Lake,45,1,0,47.87197525,-96.09561104,27125.0,1109.7410604192357,2.2222222222222223,44,45,1,0,44,45,3999,0,0,0,0,0
2020-10-01,US,Minnesota,Redwood,187,6,0,44.40555844,-95.25207021,27127.0,1232.6961107448913,3.2085561497326203,181,180,5,0,175,178,15249,7,1,0,6,2
2020-10-01,US,Minnesota,Renville,167,8,0,44.72836381,-94.94553734,27129.0,1147.924113280176,4.790419161676646,159,163,8,0,155,161,14612,4,0,0,4,2
2020-10-01,US,Minnesota,Rice,1364,8,0,44.3543376,-93.29658715,27131.0,2036.6720420474228,0.5865102639296188,1356,1351,8,0,1343,1347,66523,13,0,0,13,4
2020-10-01,US,Minnesota,Rock,186,1,0,43.67482683,-96.25296832,27133.0,1996.779388083736,0.5376344086021505,185,184,1,0,183,181,9414,2,0,0,2,3
2020-10-01,US,Minnesota,Roseau,133,0,0,48.77501878,-95.81079919,27135.0,877.0194526871085,0.0,133,125,0,0,125,126,15150,8,0,0,8,-1
2020-10-01,US,Minnesota,Scott,2681,33,0,44.6490231,-93.53340251,27139.0,1799.1718843322394,1.230883998508019,2648,2663,33,0,2630,2648,147381,18,0,0,18,15
2020-10-01,US,Minnesota,Sherburne,1208,15,0,45.44447208,-93.77617511,27141.0,1242.3126761142762,1.2417218543046358,1193,1185,14,0,1171,1177,96036,23,1,0,22,8
2020-10-01,US,Minnesota,Sibley,204,3,0,44.5796592,-94.23164924,27143.0,1372.351160443996,1.4705882352941178,201,203,3,0,200,202,15028,1,0,0,1,1
2020-10-01,US,Minnesota,St. Louis,1800,43,0,47.604840700000004,-92.46879855,27137.0,904.2045511629076,2.3888888888888893,1757,1747,42,0,1705,1725,199754,53,1,0,52,22
2020-10-01,US,Minnesota,Stearns,4178,25,0,45.55192576,-94.61078221,27145.0,2593.822753375757,0.5983724269985639,4153,4119,25,0,4094,4094,159256,59,0,0,59,25
2020-10-01,US,Minnesota,Steele,567,2,0,44.02240351,-93.22627088,27147.0,1547.1090616387894,0.3527336860670194,565,560,2,0,558,555,36803,7,0,0,7,5
2020-10-01,US,Minnesota,Stevens,112,1,0,45.58613007,-96.00163705,27149.0,1142.2743498215195,0.8928571428571429,111,107,1,0,106,107,9753,5,0,0,5,0
2020-10-01,US,Minnesota,Swift,147,1,0,45.2829032,-95.68264092,27151.0,1586.4450679905026,0.6802721088435374,146,145,1,0,144,144,9345,2,0,0,2,1
2020-10-01,US,Minnesota,Todd,514,2,0,46.06996226,-94.89785296,27153.0,2084.009082062925,0.3891050583657588,512,514,2,0,512,507,24582,0,0,0,0,7
2020-10-01,US,Minnesota,Traverse,36,0,0,45.77298854,-96.47062949,27155.0,1104.633323105247,0.0,36,36,0,0,36,34,3308,0,0,0,0,2
2020-10-01,US,Minnesota,Unassigned,163,53,0,0.0,0.0,90027.0,0.0,32.51533742331289,110,154,53,0,101,153,,9,0,0,9,1
2020-10-01,US,Minnesota,Wabasha,214,0,0,44.28424356,-92.23121312,27157.0,989.5038609145977,0.0,214,208,0,0,208,206,21645,6,0,0,6,2
2020-10-01,US,Minnesota,Wadena,74,0,0,46.58589171,-94.96968506,27159.0,540.8565999122935,0.0,74,73,0,0,73,73,13773,1,0,0,1,0
2020-10-01,US,Minnesota,Waseca,768,9,0,44.02211116,-93.58720034,27161.0,4126.3700838168925,1.171875,759,722,8,0,714,722,18691,46,1,0,45,0
2020-10-01,US,Minnesota,Washington,3989,55,0,45.03864533,-92.88429635,27163.0,1519.9664685261396,1.3787916771120579,3934,3950,55,0,3895,3918,259201,39,0,0,39,32
2020-10-01,US,Minnesota,Watonwan,535,4,0,43.97823903,-94.61413846,27165.0,4909.608149031844,0.7476635514018691,531,535,4,0,531,535,10980,0,0,0,0,0
2020-10-01,US,Minnesota,Wilkin,75,3,0,46.35721532,-96.4684375,27167.0,1208.313194780087,4.0,72,71,3,0,68,71,6254,4,0,0,4,0
2020-10-01,US,Minnesota,Winona,933,18,0,43.98772283,-91.78081305,27169.0,1848.1102923698602,1.929260450160772,915,923,18,0,905,920,50825,10,0,0,10,3
2020-10-01,US,Minnesota,Wright,1730,7,0,45.17297924,-93.96234781,27171.0,1250.2077657414166,0.4046242774566474,1723,1713,7,0,1706,1701,136349,17,0,0,17,12
2020-10-01,US,Minnesota,Yellow Medicine,203,3,0,44.71710183,-95.86842453,27173.0,2090.843547224225,1.477832512315271,200,200,3,0,197,198,9795,3,0,0,3,2
2020-10-01,US,Mississippi,Adams,956,38,0,31.47669768,-91.35326037,28001.0,3114.716710650637,3.97489539748954,918,949,37,0,912,945,31192,7,1,0,6,4
2020-10-01,US,Mississippi,Alcorn,842,11,0,34.88084463,-88.57996173,28003.0,2278.5700755013127,1.3064133016627075,831,834,11,0,823,832,36925,8,0,0,8,2
2020-10-01,US,Mississippi,Amite,342,10,0,31.17467303,-90.80501621,28005.0,2781.166138082459,2.9239766081871346,332,342,10,0,332,342,12326,0,0,0,0,0
2020-10-01,US,Mississippi,Attala,684,25,0,33.08658803,-89.57838564,28007.0,3763.6183558930334,3.6549707602339176,659,672,25,0,647,672,18365,12,0,0,12,0
2020-10-01,US,Mississippi,Benton,238,3,0,34.81681228,-89.18945516,28009.0,2881.704806877346,1.2605042016806722,235,233,3,0,230,233,8271,5,0,0,5,0
2020-10-01,US,Mississippi,Bolivar,1882,71,0,33.79696941,-90.87372121,28011.0,6144.704192242392,3.7725823591923486,1811,1873,70,0,1803,1857,31333,9,1,0,8,16
2020-10-01,US,Mississippi,Calhoun,534,12,0,33.93683395,-89.33686647,28013.0,3718.4040108627532,2.247191011235955,522,529,12,0,517,527,14436,5,0,0,5,2
2020-10-01,US,Mississippi,Carroll,332,12,0,33.44834567,-89.91994479,28015.0,3337.689755705238,3.614457831325301,320,331,12,0,319,323,9911,1,0,0,1,8
2020-10-01,US,Mississippi,Chickasaw,701,24,0,33.91983202,-88.9481545,28017.0,4098.696135180962,3.4236804564907275,677,695,24,0,671,692,17171,6,0,0,6,3
2020-10-01,US,Mississippi,Choctaw,187,6,0,33.34598242,-89.24809382,28019.0,2277.710109622412,3.2085561497326203,181,187,6,0,181,187,8278,0,0,0,0,0
2020-10-01,US,Mississippi,Claiborne,465,16,0,31.97061673,-90.90702196,28021.0,5173.564753004005,3.4408602150537635,449,465,16,0,449,465,9002,0,0,0,0,0
2020-10-01,US,Mississippi,Clarke,615,49,0,32.04158545,-88.68896219999998,28023.0,3957.274306672672,7.967479674796747,566,611,49,0,562,610,15604,4,0,0,4,1
2020-10-01,US,Mississippi,Clay,601,20,0,33.65358105,-88.77784255,28025.0,3111.4102298612547,3.3277870216306162,581,599,19,0,580,599,19386,2,1,0,1,0
2020-10-01,US,Mississippi,Coahoma,1178,30,0,34.22772299,-90.60415045,28027.0,5324.534442234677,2.546689303904924,1148,1175,30,0,1145,1167,22628,3,0,0,3,8
2020-10-01,US,Mississippi,Copiah,1216,33,0,31.86977774,-90.44565118,28029.0,4332.798859789774,2.7138157894736836,1183,1199,33,0,1166,1199,28543,17,0,0,17,0
2020-10-01,US,Mississippi,Covington,834,23,0,31.63225413,-89.55389939,28031.0,4475.209272376046,2.7577937649880098,811,832,23,0,809,830,18853,2,0,0,2,2
2020-10-01,US,Mississippi,DeSoto,5724,66,0,34.87625235,-89.99091418,28033.0,3094.974181513423,1.1530398322851152,5658,5694,64,0,5630,5678,182001,30,2,0,28,16
2020-10-01,US,Mississippi,Forrest,2568,75,0,31.18961454,-89.25832496,28035.0,3428.708760030441,2.920560747663552,2493,2542,75,0,2467,2524,75036,26,0,0,26,18
2020-10-01,US,Mississippi,Franklin,201,3,0,31.47786634,-90.89672989,28037.0,2605.9898872034228,1.492537313432836,198,199,3,0,196,197,7788,2,0,0,2,2
2020-10-01,US,Mississippi,George,803,13,0,30.86259065,-88.64436789,28039.0,3277.5510204081634,1.6189290161892902,790,785,13,0,772,784,24250,18,0,0,18,1
2020-10-01,US,Mississippi,Greene,396,17,0,31.21444233,-88.63922281,28041.0,2914.7651994700427,4.292929292929293,379,389,17,0,372,389,13586,7,0,0,7,0
2020-10-01,US,Mississippi,Grenada,1107,36,0,33.77036166,-89.80245083,28043.0,5332.88370748627,3.2520325203252027,1071,1101,36,0,1065,1098,21055,6,0,0,6,3
2020-10-01,US,Mississippi,Hancock,607,22,0,30.41830223,-89.48851033,28045.0,1274.3533758817605,3.624382207578254,585,598,22,0,576,595,47334,9,0,0,9,3
2020-10-01,US,Mississippi,Harrison,3965,75,0,30.51359752,-89.12467576,28047.0,1905.517108804306,1.8915510718789408,3890,3941,75,0,3866,3917,206650,24,0,0,24,24
2020-10-01,US,Mississippi,Hinds,7227,161,0,32.2656285,-90.44435448,28049.0,3117.2360248447203,2.2277570222775704,7066,7189,161,0,7028,7179,237085,38,0,0,38,10
2020-10-01,US,Mississippi,Holmes,1104,60,0,33.12345854,-90.08923538,28051.0,6490.299823633157,5.434782608695652,1044,1100,60,0,1040,1100,17622,4,0,0,4,0
2020-10-01,US,Mississippi,Humphreys,379,15,0,33.12825718,-90.52252707,28053.0,4699.900793650793,3.9577836411609497,364,377,15,0,362,377,8257,2,0,0,2,0
2020-10-01,US,Mississippi,Issaquena,106,3,0,32.72531359,-90.97392828,28055.0,7987.942727957799,2.830188679245283,103,106,3,0,103,105,1308,0,0,0,0,1
2020-10-01,US,Mississippi,Itawamba,876,21,0,34.27993475,-88.3606733,28057.0,3745.190252244549,2.3972602739726026,855,859,21,0,838,850,23517,17,0,0,17,9
2020-10-01,US,Mississippi,Jackson,3643,70,0,30.54020656,-88.64184064,28059.0,2536.607783201153,1.9214932747735385,3573,3585,70,0,3515,3553,143277,58,0,0,58,32
2020-10-01,US,Mississippi,Jasper,587,15,0,32.01922104,-89.11786866,28061.0,3582.982359763169,2.5553662691652472,572,584,15,0,569,581,16428,3,0,0,3,3
2020-10-01,US,Mississippi,Jefferson,243,9,0,31.73397872,-91.03764977,28063.0,3476.3948497854076,3.703703703703704,234,243,9,0,234,242,7106,0,0,0,0,1
2020-10-01,US,Mississippi,Jefferson Davis,346,11,0,31.56884708,-89.82670990000004,28065.0,3109.273903666427,3.1791907514450872,335,347,11,0,336,346,11234,-1,0,0,-1,1
2020-10-01,US,Mississippi,Jones,2546,81,0,31.62257767,-89.16896899999998,28067.0,3738.729478105084,3.1814611154752552,2465,2527,80,0,2447,2515,68461,19,1,0,18,12
2020-10-01,US,Mississippi,Kemper,291,15,0,32.75462946,-88.64105766,28069.0,2987.066310819134,5.154639175257731,276,291,15,0,276,291,10027,0,0,0,0,0
2020-10-01,US,Mississippi,Lafayette,2228,40,0,34.35687874,-89.48490961,28071.0,4124.474721857126,1.7953321364452424,2188,2212,40,0,2172,2208,54793,16,0,0,16,4
2020-10-01,US,Mississippi,Lamar,1802,37,0,31.20572971,-89.5077704,28073.0,2844.8289471606963,2.0532741398446173,1765,1762,37,0,1725,1743,62447,40,0,0,40,19
2020-10-01,US,Mississippi,Lauderdale,2090,126,0,32.40419769,-88.66229662,28075.0,2819.5615514333895,6.028708133971293,1964,2078,126,0,1952,2077,75317,12,0,0,12,1
2020-10-01,US,Mississippi,Lawrence,439,14,0,31.55147224,-90.10841127,28077.0,3488.0025425075482,3.1890660592255125,425,439,14,0,425,437,12455,0,0,0,0,2
2020-10-01,US,Mississippi,Leake,969,38,0,32.7536828,-89.52402044,28079.0,4252.611252523479,3.92156862745098,931,965,38,0,927,963,22763,4,0,0,4,2
2020-10-01,US,Mississippi,Lee,2967,73,0,34.291877500000005,-88.68149954,28081.0,3472.7749426471282,2.4603977081226827,2894,2935,72,0,2863,2804,85202,32,1,0,31,131
2020-10-01,US,Mississippi,Leflore,1443,82,0,33.55545125,-90.29900733,28083.0,5120.10786644431,5.682605682605683,1361,1438,82,0,1356,1426,28919,5,0,0,5,12
2020-10-01,US,Mississippi,Lincoln,1127,53,0,31.53288662,-90.45391915,28085.0,3299.856527977045,4.702750665483585,1074,1123,53,0,1070,1123,34205,4,0,0,4,0
2020-10-01,US,Mississippi,Lowndes,1621,58,0,33.47386518,-88.44191529999998,28087.0,2766.447649116819,3.5780382479950648,1563,1608,58,0,1550,1598,58930,13,0,0,13,10
2020-10-01,US,Mississippi,Madison,3363,90,0,32.63389156,-90.03513564,28089.0,3164.5212285456187,2.6761819803746656,3273,3341,90,0,3251,3331,105630,22,0,0,22,10
2020-10-01,US,Mississippi,Marion,883,37,0,31.23132643,-89.8209217,28091.0,3593.374842306597,4.190260475651189,846,875,37,0,838,871,24715,8,0,0,8,4
2020-10-01,US,Mississippi,Marshall,1121,22,0,34.76216286,-89.50299462,28093.0,3176.17725392418,1.9625334522747544,1099,1118,21,0,1097,1118,35451,3,1,0,2,0
2020-10-01,US,Mississippi,Monroe,1268,69,0,33.89236763,-88.4808438,28095.0,3596.959037785089,5.441640378548897,1199,1253,69,0,1184,1246,35564,15,0,0,15,7
2020-10-01,US,Mississippi,Montgomery,475,20,0,33.49419589,-89.61729103,28097.0,4859.3350383631705,4.2105263157894735,455,470,20,0,450,469,10023,5,0,0,5,1
2020-10-01,US,Mississippi,Neshoba,1620,104,0,32.75339664,-89.11726492,28099.0,5563.568926437255,6.419753086419753,1516,1599,104,0,1495,1597,29125,21,0,0,21,2
2020-10-01,US,Mississippi,Newton,783,24,0,32.40021118,-89.11843336,28101.0,3725.3782472166713,3.0651340996168583,759,781,24,0,757,778,21443,2,0,0,2,3
2020-10-01,US,Mississippi,Noxubee,562,16,0,33.11009499,-88.56949061,28103.0,5395.027359124508,2.846975088967972,546,558,16,0,542,558,10535,4,0,0,4,0
2020-10-01,US,Mississippi,Oktibbeha,1828,52,0,33.42491685,-88.87905132,28105.0,3686.450077641317,2.844638949671773,1776,1819,52,0,1767,1811,49599,9,0,0,9,8
2020-10-01,US,Mississippi,Panola,1525,31,0,34.36398677,-89.95064249,28107.0,4460.107627515208,2.0327868852459017,1494,1516,31,0,1485,1512,34178,9,0,0,9,4
2020-10-01,US,Mississippi,Pearl River,916,53,0,30.77090935,-89.58677275,28109.0,1649.4102818042675,5.786026200873362,863,914,53,0,861,909,55387,2,0,0,2,5
2020-10-01,US,Mississippi,Perry,436,21,0,31.17161885,-88.99281835,28111.0,3641.526768562599,4.816513761467889,415,432,21,0,411,428,11931,4,0,0,4,4
2020-10-01,US,Mississippi,Pike,1251,54,0,31.17507789,-90.40392572,28113.0,3184.1783750763593,4.316546762589929,1197,1249,54,0,1195,1249,39563,2,0,0,2,0
2020-10-01,US,Mississippi,Pontotoc,1307,16,0,34.226046000000004,-89.03636807,28115.0,4062.286318145086,1.224177505738332,1291,1301,16,0,1285,1293,31833,6,0,0,6,8
2020-10-01,US,Mississippi,Prentiss,889,19,0,34.61810501,-88.51986294,28117.0,3538.1676351190004,2.137232845894263,870,884,18,0,866,879,25315,5,1,0,4,5
2020-10-01,US,Mississippi,Quitman,393,5,0,34.25157572,-90.28908,28119.0,5786.219081272085,1.272264631043257,388,390,5,0,385,387,7051,3,0,0,3,3
2020-10-01,US,Mississippi,Rankin,3401,80,0,32.26469147,-89.94537876,28121.0,2190.3639443295915,2.352249338429873,3321,3372,80,0,3292,3346,153902,29,0,0,29,26
2020-10-01,US,Mississippi,Scott,1182,27,0,32.406704100000006,-89.53789439,28123.0,4202.816100128004,2.2842639593908634,1155,1180,27,0,1153,1177,28287,2,0,0,2,3
2020-10-01,US,Mississippi,Sharkey,267,14,0,32.88149103,-90.81595379999999,28125.0,6179.125202499421,5.243445692883896,253,267,14,0,253,266,4377,0,0,0,0,1
2020-10-01,US,Mississippi,Simpson,1065,47,0,31.91282117,-89.91716179,28127.0,3995.0483907269854,4.413145539906104,1018,1058,47,0,1011,1050,26758,7,0,0,7,8
2020-10-01,US,Mississippi,Smith,552,15,0,32.01744532,-89.50644846,28129.0,3468.2080924855486,2.717391304347826,537,551,15,0,536,545,16002,1,0,0,1,6
2020-10-01,US,Mississippi,Stone,384,13,0,30.79187949,-89.11547539,28131.0,2094.2408376963353,3.3854166666666665,371,380,13,0,367,379,18717,4,0,0,4,1
2020-10-01,US,Mississippi,Sunflower,1497,46,0,33.60192578,-90.58882684,28133.0,5961.768219832736,3.072812291249165,1451,1491,46,0,1445,1485,25735,6,0,0,6,6
2020-10-01,US,Mississippi,Tallahatchie,786,24,0,33.95339918,-90.1729398,28135.0,5691.940039104929,3.053435114503817,762,783,24,0,759,777,13987,3,0,0,3,6
2020-10-01,US,Mississippi,Tate,1020,38,0,34.65133709,-89.94485778,28137.0,3601.5677412520745,3.725490196078432,982,1019,38,0,981,1012,28759,1,0,0,1,7
2020-10-01,US,Mississippi,Tippah,720,18,0,34.76872156,-88.90988194,28139.0,3270.497388144447,2.5,702,705,18,0,687,687,21995,15,0,0,15,18
2020-10-01,US,Mississippi,Tishomingo,715,39,0,34.74023475,-88.23917219,28141.0,3688.799463447351,5.454545454545454,676,710,39,0,671,703,19454,5,0,0,5,7
2020-10-01,US,Mississippi,Tunica,500,15,0,34.64967704,-90.37481167,28143.0,5191.029900332226,3.0,485,500,15,0,485,499,9944,0,0,0,0,1
2020-10-01,US,Mississippi,Union,1013,24,0,34.49162015,-89.00776006,28145.0,3515.530105847649,2.3692003948667324,989,1012,24,0,988,1002,28606,1,0,0,1,10
2020-10-01,US,Mississippi,Walthall,605,26,0,31.14971548,-90.10446654,28147.0,4234.915301693966,4.297520661157025,579,604,26,0,578,604,14465,1,0,0,1,0
2020-10-01,US,Mississippi,Warren,1423,50,0,32.35810271,-90.83352619,28149.0,3135.6735197549633,3.5137034434293746,1373,1418,50,0,1368,1415,46176,5,0,0,5,3
2020-10-01,US,Mississippi,Washington,2292,80,0,33.28392041,-90.94196237,28151.0,5219.886583616115,3.4904013961605584,2212,2278,79,0,2199,2263,45063,14,1,0,13,15
2020-10-01,US,Mississippi,Wayne,918,21,0,31.64135687,-88.69573913,28153.0,4548.382301937274,2.2875816993464047,897,915,21,0,894,912,20298,3,0,0,3,3
2020-10-01,US,Mississippi,Webster,340,13,0,33.61300486,-89.28392912,28155.0,3509.134069563422,3.8235294117647056,327,339,13,0,326,339,9788,1,0,0,1,0
2020-10-01,US,Mississippi,Wilkinson,309,18,0,31.16078225,-91.31018819,28157.0,3580.5330243337194,5.825242718446603,291,308,18,0,290,307,8792,1,0,0,1,1
2020-10-01,US,Mississippi,Winston,749,19,0,33.08747908,-89.03391385,28159.0,4171.5399610136465,2.5367156208277706,730,746,19,0,727,746,18165,3,0,0,3,0
2020-10-01,US,Mississippi,Yalobusha,449,14,0,34.02824175,-89.70762049999998,28161.0,3708.2920383217706,3.11804008908686,435,444,14,0,430,442,12392,5,0,0,5,2
2020-10-01,US,Mississippi,Yazoo,1067,33,0,32.77890365,-90.39656148,28163.0,3593.802627147188,3.0927835051546397,1034,1067,33,0,1034,1066,28248,0,0,0,0,1
2020-10-01,US,Missouri,Adair,350,0,0,40.19058551,-92.60078167,29001.0,1381.0519670125873,0.0,350,350,0,0,350,350,25339,0,0,0,0,0
2020-10-01,US,Missouri,Andrew,259,2,0,39.98492163,-94.80163024,29003.0,1462.2854561878953,0.7722007722007722,257,259,2,0,257,259,17607,0,0,0,0,0
2020-10-01,US,Missouri,Atchison,54,0,0,40.43238737,-95.42970639,29005.0,1049.970834143496,0.0,54,54,0,0,54,54,5171,0,0,0,0,0
2020-10-01,US,Missouri,Audrain,447,4,0,39.215877,-91.84242683,29007.0,1760.67433433118,0.8948545861297539,443,447,4,0,443,447,25473,0,0,0,0,0
2020-10-01,US,Missouri,Barry,494,6,0,36.70978521,-93.82919888,29009.0,1380.3123864874685,1.214574898785425,488,494,6,0,488,494,35886,0,0,0,0,0
2020-10-01,US,Missouri,Barton,192,0,0,37.50207671,-94.34757022,29011.0,1633.486472690148,0.0,192,192,0,0,192,192,11798,0,0,0,0,0
2020-10-01,US,Missouri,Bates,126,2,0,38.25271289,-94.34113157,29013.0,779.1244125649271,1.5873015873015872,124,126,2,0,124,126,16320,0,0,0,0,0
2020-10-01,US,Missouri,Benton,335,3,0,38.29503305,-93.28756116,29015.0,1722.9851360386774,0.8955223880597015,332,335,3,0,332,335,19278,0,0,0,0,0
2020-10-01,US,Missouri,Bollinger,355,1,0,37.32449052,-90.02725304,29017.0,2925.9045578175233,0.28169014084507044,354,355,1,0,354,355,12169,0,0,0,0,0
2020-10-01,US,Missouri,Boone,4727,10,0,38.99186229,-92.30723575,29019.0,2619.3735003851207,0.2115506663845991,4717,4727,10,0,4717,4727,180005,0,0,0,0,0
2020-10-01,US,Missouri,Buchanan,2026,16,0,39.65816401,-94.80138942,29021.0,2319.0330113090063,0.7897334649555775,2010,2026,16,0,2010,2026,88571,0,0,0,0,0
2020-10-01,US,Missouri,Butler,659,7,0,36.71462476,-90.40421163,29023.0,1551.3913084420171,1.0622154779969648,652,659,7,0,652,659,42639,0,0,0,0,0
2020-10-01,US,Missouri,Caldwell,100,1,0,39.65620858,-93.98308093,29025.0,1108.6474501108646,1.0,99,100,1,0,99,100,9108,0,0,0,0,0
2020-10-01,US,Missouri,Callaway,672,3,0,38.83674754,-91.92186505,29027.0,1501.9109134389735,0.44642857142857145,669,672,3,0,669,672,44889,0,0,0,0,0
2020-10-01,US,Missouri,Camden,1023,11,0,38.02199522,-92.76083747,29029.0,2209.26465824425,1.075268817204301,1012,1023,11,0,1012,1023,45815,0,0,0,0,0
2020-10-01,US,Missouri,Cape Girardeau,1807,15,0,37.38489388,-89.6843587,29031.0,2291.0829075325532,0.8301051466519093,1792,1807,15,0,1792,1807,78753,0,0,0,0,0
2020-10-01,US,Missouri,Carroll,132,2,0,39.42762566,-93.50626255,29033.0,1520.912547528517,1.5151515151515151,130,132,2,0,130,132,8743,0,0,0,0,0
2020-10-01,US,Missouri,Carter,107,1,0,36.94160441,-90.96051322,29035.0,1788.699431628218,0.9345794392523364,106,107,1,0,106,107,6054,0,0,0,0,0
2020-10-01,US,Missouri,Cass,1527,24,0,38.64789422,-94.353399,29037.0,1443.562110039705,1.5717092337917484,1503,1527,24,0,1503,1527,104954,0,0,0,0,0
2020-10-01,US,Missouri,Cedar,121,0,0,37.72391475,-93.85445441,29039.0,843.264338978326,0.0,121,121,0,0,121,121,14165,0,0,0,0,0
2020-10-01,US,Missouri,Chariton,48,0,0,39.51499357,-92.9629191,29041.0,646.3775922434688,0.0,48,48,0,0,48,48,7451,0,0,0,0,0
2020-10-01,US,Missouri,Christian,1472,6,0,36.9711783,-93.18537118,29043.0,1661.4933122636717,0.4076086956521739,1466,1472,6,0,1466,1472,86983,0,0,0,0,0
2020-10-01,US,Missouri,Clark,65,0,0,40.41040752,-91.73661677,29045.0,956.3042518758276,0.0,65,65,0,0,65,65,6842,0,0,0,0,0
2020-10-01,US,Missouri,Clay,1827,41,0,39.31132056,-94.41850862,29047.0,730.9520380239087,2.2441160372194857,1786,1827,41,0,1786,1827,246365,0,0,0,0,0
2020-10-01,US,Missouri,Clinton,244,0,0,39.6013098,-94.40465394,29049.0,1196.841124245843,0.0,244,244,0,0,244,244,20470,0,0,0,0,0
2020-10-01,US,Missouri,Cole,1584,14,0,38.50455671,-92.27860244,29051.0,2063.9781093230827,0.8838383838383839,1570,1584,14,0,1570,1584,76796,0,0,0,0,0
2020-10-01,US,Missouri,Cooper,434,2,0,38.844478,-92.80896081,29053.0,2450.731266587611,0.4608294930875576,432,434,2,0,432,434,17603,0,0,0,0,0
2020-10-01,US,Missouri,Crawford,407,4,0,37.97663738,-91.30528104,29055.0,1701.505016722408,0.9828009828009828,403,407,4,0,403,407,23957,0,0,0,0,0
2020-10-01,US,Missouri,Dade,70,0,0,37.431814,-93.8503345,29057.0,925.8034651501123,0.0,70,70,0,0,70,70,7569,0,0,0,0,0
2020-10-01,US,Missouri,Dallas,194,1,0,37.681135499999996,-93.02127031,29059.0,1149.425287356322,0.5154639175257731,193,194,1,0,193,194,16762,0,0,0,0,0
2020-10-01,US,Missouri,Daviess,123,1,0,39.96145298,-93.98519678,29061.0,1485.8661512442618,0.8130081300813008,122,123,1,0,122,123,8313,0,0,0,0,0
2020-10-01,US,Missouri,DeKalb,136,2,0,39.89201062,-94.40476508,29063.0,1083.9244440902207,1.4705882352941178,134,136,2,0,134,136,12630,0,0,0,0,0
2020-10-01,US,Missouri,Dent,150,2,0,37.60663134,-91.50790473,29065.0,963.2055480639567,1.3333333333333333,148,150,2,0,148,150,15441,0,0,0,0,0
2020-10-01,US,Missouri,Douglas,208,3,0,36.9325593,-92.49905109,29067.0,1577.550246492226,1.4423076923076923,205,208,3,0,205,208,13373,0,0,0,0,0
2020-10-01,US,Missouri,Dunklin,800,8,0,36.27167174,-90.09122243,29069.0,2746.215371940545,1.0,792,800,8,0,792,800,29423,0,0,0,0,0
2020-10-01,US,Missouri,Franklin,1757,29,0,38.41127108,-91.07522826,29071.0,1689.9593140131005,1.6505406943653955,1728,1757,29,0,1728,1757,103670,0,0,0,0,0
2020-10-01,US,Missouri,Gasconade,166,20,0,38.43947277,-91.50847147,29073.0,1128.7909696722427,12.048192771084338,146,166,20,0,146,166,14705,0,0,0,0,0
2020-10-01,US,Missouri,Gentry,125,9,0,40.21097916,-94.40944419,29075.0,1902.2979759549528,7.2,116,125,9,0,116,125,6628,0,0,0,0,0
2020-10-01,US,Missouri,Greene,6398,58,0,37.2575872,-93.34230916,29077.0,2182.97701016084,0.9065332916536416,6340,6398,58,0,6340,6398,291923,0,0,0,0,0
2020-10-01,US,Missouri,Grundy,195,4,0,40.11406587,-93.56509276,29079.0,1979.6954314720813,2.051282051282051,191,195,4,0,191,195,9914,0,0,0,0,0
2020-10-01,US,Missouri,Harrison,115,1,0,40.35570088,-93.99222144,29081.0,1376.9157088122604,0.8695652173913043,114,115,1,0,114,115,8414,0,0,0,0,0
2020-10-01,US,Missouri,Henry,205,5,0,38.38482826,-93.79293734,29083.0,939.3328445747801,2.4390243902439024,200,205,5,0,200,205,21792,0,0,0,0,0
2020-10-01,US,Missouri,Hickory,109,3,0,37.94163617,-93.3203037,29085.0,1142.0787929589274,2.7522935779816518,106,109,3,0,106,109,9509,0,0,0,0,0
2020-10-01,US,Missouri,Holt,79,1,0,40.09799248,-95.21638879999999,29087.0,1794.231205995912,1.2658227848101269,78,79,1,0,78,79,4404,0,0,0,0,0
2020-10-01,US,Missouri,Howard,176,2,0,39.1435761,-92.69756691,29089.0,1759.8240175982403,1.1363636363636365,174,176,2,0,174,176,10137,0,0,0,0,0
2020-10-01,US,Missouri,Howell,634,3,0,36.77383887,-91.88683935,29091.0,1580.3773961163595,0.473186119873817,631,634,3,0,631,634,40076,0,0,0,0,0
2020-10-01,US,Missouri,Iron,56,0,0,37.55487945,-90.7735296,29093.0,553.0864197530864,0.0,56,56,0,0,56,56,10177,0,0,0,0,0
2020-10-01,US,Missouri,Jackson,7588,102,0,39.01002188,-94.34724536,29095.0,1079.3572220064837,1.3442277279915655,7486,7588,102,0,7486,7588,700307,0,0,0,0,0
2020-10-01,US,Missouri,Jasper,3830,53,0,37.20351921,-94.34050458,29097.0,3156.732164051168,1.3838120104438645,3777,3830,53,0,3777,3830,120636,0,0,0,0,0
2020-10-01,US,Missouri,Jefferson,4282,59,0,38.25926778,-90.53870896,29099.0,1902.4262376655515,1.3778608127043437,4223,4282,59,0,4223,4282,224347,0,0,0,0,0
2020-10-01,US,Missouri,Johnson,1111,4,0,38.74719601,-93.80691168,29101.0,2055.0479079575307,0.36003600360036003,1107,1111,4,0,1107,1111,53652,0,0,0,0,0
2020-10-01,US,Missouri,Kansas City,11276,125,0,39.0997,-94.5786,0.0,2306.1992911239145,1.1085491308974813,11151,11276,125,0,11151,11276,491918,0,0,0,0,0
2020-10-01,US,Missouri,Knox,50,1,0,40.12699751,-92.14780832,29103.0,1262.945188178833,2.0,49,50,1,0,49,50,3947,0,0,0,0,0
2020-10-01,US,Missouri,Laclede,668,4,0,37.65896829,-92.5888493,29105.0,1869.94373372897,0.5988023952095808,664,668,4,0,664,668,35713,0,0,0,0,0
2020-10-01,US,Missouri,Lafayette,533,2,0,39.06986886,-93.78076396,29107.0,1629.570747217806,0.37523452157598497,531,533,2,0,531,533,32598,0,0,0,0,0
2020-10-01,US,Missouri,Lawrence,635,4,0,37.10626634,-93.83293097,29109.0,1655.585973145613,0.6299212598425197,631,635,4,0,631,635,38359,0,0,0,0,0
2020-10-01,US,Missouri,Lewis,92,2,0,40.09673161,-91.72070156,29111.0,941.0801963993454,2.1739130434782608,90,92,2,0,90,92,9855,0,0,0,0,0
2020-10-01,US,Missouri,Lincoln,787,3,0,39.05345619,-90.95588181,29113.0,1333.6044600342298,0.3811944091486658,784,787,3,0,784,787,57686,0,0,0,0,0
2020-10-01,US,Missouri,Linn,85,1,0,39.87001769,-93.10704106,29115.0,713.0872483221477,1.1764705882352942,84,85,1,0,84,85,12037,0,0,0,0,0
2020-10-01,US,Missouri,Livingston,408,1,0,39.78110272,-93.54645978,29117.0,2679.450975241348,0.24509803921568624,407,408,1,0,407,408,15146,0,0,0,0,0
2020-10-01,US,Missouri,Macon,151,0,0,39.83049768,-92.56453089,29121.0,998.8754382483296,0.0,151,151,0,0,151,151,15153,0,0,0,0,0
2020-10-01,US,Missouri,Madison,312,1,0,37.47865134,-90.34671429999999,29123.0,2581.0721376571805,0.3205128205128205,311,312,1,0,311,312,12188,0,0,0,0,0
2020-10-01,US,Missouri,Maries,84,0,0,38.16193985,-91.92249662,29125.0,965.8502932045532,0.0,84,84,0,0,84,84,8769,0,0,0,0,0
2020-10-01,US,Missouri,Marion,671,14,0,39.80601912,-91.62203062,29127.0,2351.9102698913425,2.0864381520119224,657,671,14,0,657,671,28592,0,0,0,0,0
2020-10-01,US,Missouri,McDonald,1118,11,0,36.62869595,-94.34867205,29119.0,4895.564215965321,0.9838998211091234,1107,1118,11,0,1107,1118,23078,0,0,0,0,0
2020-10-01,US,Missouri,Mercer,28,0,0,40.42212303,-93.56829590000001,29129.0,774.1222007188278,0.0,28,28,0,0,28,28,3641,0,0,0,0,0
2020-10-01,US,Missouri,Miller,510,1,0,38.21450288,-92.42610898,29131.0,1990.7100199070999,0.19607843137254904,509,510,1,0,509,510,25336,0,0,0,0,0
2020-10-01,US,Missouri,Mississippi,300,3,0,36.82516239,-89.29505753,29133.0,2276.176024279211,1.0,297,300,3,0,297,300,13336,0,0,0,0,0
2020-10-01,US,Missouri,Moniteau,324,4,0,38.63571781,-92.57976951,29135.0,2008.4304487974214,1.2345679012345678,320,324,4,0,320,324,16121,0,0,0,0,0
2020-10-01,US,Missouri,Monroe,90,1,0,39.49593978,-92.00043978,29137.0,1041.184636742249,1.1111111111111112,89,90,1,0,89,90,8664,0,0,0,0,0
2020-10-01,US,Missouri,Montgomery,85,1,0,38.94022054,-91.47000721,29139.0,735.8670245000432,1.1764705882352942,84,85,1,0,84,85,11534,0,0,0,0,0
2020-10-01,US,Missouri,Morgan,373,2,0,38.4181765,-92.88791859,29141.0,1808.309497260872,0.5361930294906166,371,373,2,0,371,373,20358,0,0,0,0,0
2020-10-01,US,Missouri,New Madrid,537,16,0,36.59666326,-89.66070007,29143.0,3144.764581869291,2.97951582867784,521,537,16,0,521,537,17296,0,0,0,0,0
2020-10-01,US,Missouri,Newton,1507,15,0,36.90519407,-94.3394104,29145.0,2587.7464111546124,0.99535500995355,1492,1507,15,0,1492,1507,58266,0,0,0,0,0
2020-10-01,US,Missouri,Nodaway,797,10,0,40.36079813,-94.88133008,29147.0,3607.6407749411546,1.2547051442910917,787,789,10,0,779,776,22304,8,0,0,8,13
2020-10-01,US,Missouri,Oregon,126,0,0,36.68710164,-91.4033755,29149.0,1196.6948428150822,0.0,126,126,0,0,126,126,10541,0,0,0,0,0
2020-10-01,US,Missouri,Osage,159,2,0,38.46036182,-91.8613635,29151.0,1167.8295997062064,1.2578616352201255,157,159,2,0,157,159,13714,0,0,0,0,0
2020-10-01,US,Missouri,Ozark,128,0,0,36.64916339,-92.44459066,29153.0,1395.247438412906,0.0,128,128,0,0,128,128,9017,0,0,0,0,0
2020-10-01,US,Missouri,Pemiscot,536,10,0,36.2130572,-89.78742322,29155.0,3391.331857007276,1.8656716417910448,526,536,10,0,526,536,16272,0,0,0,0,0
2020-10-01,US,Missouri,Perry,634,7,0,37.70660776,-89.82741088,29157.0,3313.1270903010027,1.1041009463722398,627,634,7,0,627,634,19150,0,0,0,0,0
2020-10-01,US,Missouri,Pettis,1159,12,0,38.72798918,-93.28471706,29159.0,2737.428848106946,1.035375323554789,1147,1159,12,0,1147,1159,42542,0,0,0,0,0
2020-10-01,US,Missouri,Phelps,490,8,0,37.87736118,-91.79351727,29161.0,1099.3202162744262,1.6326530612244898,482,490,8,0,482,490,44732,0,0,0,0,0
2020-10-01,US,Missouri,Pike,241,4,0,39.34310674,-91.16980779,29163.0,1316.7959785815758,1.6597510373443984,237,241,4,0,237,241,18504,0,0,0,0,0
2020-10-01,US,Missouri,Platte,711,10,0,39.38154439,-94.77068479,29165.0,680.9170832615066,1.4064697609001406,701,711,10,0,701,711,102985,0,0,0,0,0
2020-10-01,US,Missouri,Polk,666,3,0,37.616229600000004,-93.39828174,29167.0,2071.6040934399202,0.4504504504504505,663,666,3,0,663,666,32201,0,0,0,0,0
2020-10-01,US,Missouri,Pulaski,676,5,0,37.82462075,-92.20783203,29169.0,1285.0000950443855,0.7396449704142012,671,676,5,0,671,676,52014,0,0,0,0,0
2020-10-01,US,Missouri,Putnam,33,1,0,40.47942497,-93.02042674,29171.0,702.725724020443,3.0303030303030303,32,33,1,0,32,33,4757,0,0,0,0,0
2020-10-01,US,Missouri,Ralls,151,0,0,39.52817427,-91.51838643,29173.0,1464.739547967795,0.0,151,151,0,0,151,151,10212,0,0,0,0,0
2020-10-01,US,Missouri,Randolph,264,2,0,39.44007257,-92.49713740000001,29175.0,1066.7528689187004,0.7575757575757576,262,264,2,0,262,264,24763,0,0,0,0,0
2020-10-01,US,Missouri,Ray,167,0,0,39.353746799999996,-93.98905745,29177.0,725.5191589191068,0.0,167,167,0,0,167,167,22883,0,0,0,0,0
2020-10-01,US,Missouri,Reynolds,39,0,0,37.36085952,-90.97009925,29179.0,622.0095693779904,0.0,39,39,0,0,39,39,6254,0,0,0,0,0
2020-10-01,US,Missouri,Ripley,170,0,0,36.65460667,-90.85990261,29181.0,1279.3497892835644,0.0,170,170,0,0,170,170,13401,0,0,0,0,0
2020-10-01,US,Missouri,Saline,728,9,0,39.13734288,-93.20259964,29195.0,3198.4534950134002,1.2362637362637363,719,728,9,0,719,728,22895,0,0,0,0,0
2020-10-01,US,Missouri,Schuyler,24,0,0,40.46921489,-92.52311943,29197.0,515.0214592274679,0.0,24,24,0,0,24,24,4599,0,0,0,0,0
2020-10-01,US,Missouri,Scotland,31,1,0,40.45214695,-92.14709064,29199.0,632.3949408404733,3.2258064516129035,30,31,1,0,30,31,4966,0,0,0,0,0
2020-10-01,US,Missouri,Scott,891,17,0,37.05588075,-89.56474493,29201.0,2327.586206896552,1.9079685746352413,874,891,17,0,874,891,38458,0,0,0,0,0
2020-10-01,US,Missouri,Shannon,110,1,0,37.15772072,-91.40190382,29203.0,1347.0487386725447,0.9090909090909092,109,110,1,0,109,110,8189,0,0,0,0,0
2020-10-01,US,Missouri,Shelby,68,1,0,39.79742518,-92.07634971,29205.0,1146.7116357504215,1.4705882352941178,67,68,1,0,67,68,6050,0,0,0,0,0
2020-10-01,US,Missouri,St. Charles,7751,120,0,38.77875681,-90.66662425,29183.0,1928.003940082881,1.5481873306670106,7631,7751,120,0,7631,7751,399182,0,0,0,0,0
2020-10-01,US,Missouri,St. Clair,76,0,0,38.03699437,-93.77631447,29185.0,808.7687559859529,0.0,76,76,0,0,76,76,9395,0,0,0,0,0
2020-10-01,US,Missouri,St. Francois,2131,11,0,37.81214171,-90.47598685,29187.0,3170.4232686156365,0.5161895823557016,2120,2131,11,0,2120,2131,66692,0,0,0,0,0
2020-10-01,US,Missouri,St. Louis,24707,815,0,38.63770039999999,-90.4458375,29189.0,2485.101161229324,3.298660298700773,23892,24573,810,0,23763,24425,996945,134,5,0,129,148
2020-10-01,US,Missouri,St. Louis City,7197,200,0,38.63555736,-90.24349225,29510.0,2394.402746726285,2.7789356676392942,6997,7148,200,0,6948,7125,302838,49,0,0,49,23
2020-10-01,US,Missouri,Ste. Genevieve,203,1,0,37.89090059,-90.1949941,29186.0,1134.458477702023,0.4926108374384237,202,203,1,0,202,203,17888,0,0,0,0,0
2020-10-01,US,Missouri,Stoddard,520,13,0,36.85571651,-89.9444155,29207.0,1791.5590008613267,2.5,507,520,13,0,507,520,29206,0,0,0,0,0
2020-10-01,US,Missouri,Stone,470,4,0,36.75000327,-93.45256475,29209.0,1470.956434651978,0.851063829787234,466,470,4,0,466,470,31749,0,0,0,0,0
2020-10-01,US,Missouri,Sullivan,209,0,0,40.2099105,-93.11150106,29211.0,3432.419116439481,0.0,209,209,0,0,209,209,6221,0,0,0,0,0
2020-10-01,US,Missouri,Taney,1219,31,0,36.65465345,-93.04075153,29213.0,2179.5880417679873,2.543068088597211,1188,1219,31,0,1188,1219,55852,0,0,0,0,0
2020-10-01,US,Missouri,Texas,329,2,0,37.31728859,-91.96564727,29215.0,1295.3775887865186,0.6079027355623101,327,329,2,0,327,329,25571,0,0,0,0,0
2020-10-01,US,Missouri,Vernon,187,1,0,37.8457799,-94.34127305,29217.0,909.4003793220834,0.5347593582887701,186,187,1,0,186,187,20528,0,0,0,0,0
2020-10-01,US,Missouri,Warren,482,1,0,38.76529479,-91.16124662,29219.0,1352.0715868607815,0.2074688796680498,481,482,1,0,481,482,34711,0,0,0,0,0
2020-10-01,US,Missouri,Washington,430,10,0,37.96130078,-90.87948158,29221.0,1738.7788111605335,2.3255813953488373,420,430,10,0,420,430,24943,0,0,0,0,0
2020-10-01,US,Missouri,Wayne,226,0,0,37.11303869,-90.46001416,29223.0,1755.6125223335666,0.0,226,226,0,0,226,226,13122,0,0,0,0,0
2020-10-01,US,Missouri,Webster,665,5,0,37.2813734,-92.876329,29225.0,1679.6322489391794,0.7518796992481203,660,665,5,0,660,665,39109,0,0,0,0,0
2020-10-01,US,Missouri,Worth,21,0,0,40.47945588,-94.42328751,29227.0,1043.2190760059614,0.0,21,21,0,0,21,21,2040,0,0,0,0,0
2020-10-01,US,Missouri,Wright,359,0,0,37.27029221,-92.46914488,29229.0,1962.9285362786375,0.0,359,359,0,0,359,359,18378,0,0,0,0,0
2020-10-01,US,Montana,Beaverhead,110,1,0,45.13434354,-112.89846940000001,30001.0,1163.6517507669525,0.9090909090909092,109,102,1,0,101,94,9404,8,0,0,8,8
2020-10-01,US,Montana,Big Horn,940,22,0,45.42335905,-107.492347,30003.0,7057.5869059238685,2.3404255319148937,918,931,22,0,909,928,13338,9,0,0,9,3
2020-10-01,US,Montana,Blaine,38,0,0,48.43175214,-108.9582723,30005.0,568.7771291722796,0.0,38,34,0,0,34,31,6807,4,0,0,4,3
2020-10-01,US,Montana,Broadwater,18,0,0,46.33277565,-111.49558130000001,30007.0,288.6002886002886,0.0,18,18,0,0,18,18,6085,0,0,0,0,0
2020-10-01,US,Montana,Carbon,127,0,0,45.22850116,-109.0274047,30009.0,1184.149184149184,0.0,127,122,0,0,122,119,10714,5,0,0,5,3
2020-10-01,US,Montana,Carter,6,0,0,45.5197966,-104.53955359999999,30011.0,479.2332268370607,0.0,6,6,0,0,6,6,1238,0,0,0,0,0
2020-10-01,US,Montana,Cascade,796,5,0,47.30797024,-111.3467922,30013.0,978.2956025858467,0.628140703517588,791,729,5,0,724,729,81643,67,0,0,67,0
2020-10-01,US,Montana,Chouteau,32,0,0,47.88084126,-110.4353362,30015.0,567.8793256433008,0.0,32,31,0,0,31,29,5745,1,0,0,1,2
2020-10-01,US,Montana,Custer,119,2,0,46.25319932,-105.57375259999998,30017.0,1043.6765479740395,1.680672268907563,117,117,2,0,115,116,11586,2,0,0,2,1
2020-10-01,US,Montana,Daniels,6,0,0,48.78420029,-105.54763429999998,30019.0,355.0295857988166,0.0,6,5,0,0,5,5,1747,1,0,0,1,0
2020-10-01,US,Montana,Dawson,78,1,0,47.26584855,-104.89444170000002,30021.0,905.6078021595264,1.2820512820512822,77,79,1,0,78,78,8680,-1,0,0,-1,1
2020-10-01,US,Montana,Deer Lodge,118,0,0,46.05953325,-113.073353,30023.0,1291.0284463894968,0.0,118,117,0,0,117,115,9131,1,0,0,1,2
2020-10-01,US,Montana,Fallon,8,0,0,46.33478338,-104.41835649999999,30025.0,281.09627547435,0.0,8,8,0,0,8,5,2920,0,0,0,0,3
2020-10-01,US,Montana,Fergus,67,1,0,47.26331584,-109.2245206,30027.0,606.3348416289592,1.492537313432836,66,65,1,0,64,65,11113,2,0,0,2,0
2020-10-01,US,Montana,Flathead,1242,19,0,48.29575866,-114.05205690000001,30029.0,1196.4626322177908,1.5297906602254427,1223,1176,19,0,1157,1112,102106,66,0,0,66,64
2020-10-01,US,Montana,Gallatin,1428,4,0,45.54486106,-111.1692571,30031.0,1247.8808745652514,0.2801120448179272,1424,1412,4,0,1408,1380,111876,16,0,0,16,32
2020-10-01,US,Montana,Garfield,18,0,0,47.27545948,-107.0002351,30033.0,1430.8426073131955,0.0,18,18,0,0,18,17,1268,0,0,0,0,1
2020-10-01,US,Montana,Glacier,401,1,0,48.70513576,-112.9934235,30035.0,2915.727477641242,0.2493765586034913,400,386,1,0,385,340,13747,15,0,0,15,46
2020-10-01,US,Montana,Golden Valley,5,0,0,46.3816474,-109.17685220000001,30037.0,609.0133982947625,0.0,5,5,0,0,5,5,826,0,0,0,0,0
2020-10-01,US,Montana,Granite,22,0,0,46.40605220000001,-113.4414186,30039.0,651.0802012429713,0.0,22,22,0,0,22,22,3378,0,0,0,0,0
2020-10-01,US,Montana,Hill,194,3,0,48.62879827,-110.1129252,30041.0,1176.8988109682116,1.5463917525773196,191,185,3,0,182,179,16347,9,0,0,9,6
2020-10-01,US,Montana,Jefferson,84,0,0,46.14907081,-112.094396,30043.0,687.3414614188691,0.0,84,83,0,0,83,83,12097,1,0,0,1,0
2020-10-01,US,Montana,Judith Basin,8,0,0,47.04581276,-110.26606880000001,30045.0,398.6048829098157,0.0,8,8,0,0,8,8,1952,0,0,0,0,0
2020-10-01,US,Montana,Lake,284,1,0,47.64514965,-114.0898013,30047.0,932.4315450784687,0.35211267605633795,283,284,1,0,283,281,30250,0,0,0,0,3
2020-10-01,US,Montana,Lewis and Clark,324,3,0,47.12610041,-112.39469799999999,30049.0,466.64362253715865,0.925925925925926,321,313,3,0,310,308,68700,11,0,0,11,5
2020-10-01,US,Montana,Liberty,20,0,0,48.56084317,-111.02430700000001,30051.0,855.7980316645271,0.0,20,20,0,0,20,20,2430,0,0,0,0,0
2020-10-01,US,Montana,Lincoln,131,3,0,48.54265777,-115.4046155,30053.0,655.6556556556558,2.2900763358778624,128,128,3,0,125,126,19794,3,0,0,3,2
2020-10-01,US,Montana,Madison,111,1,0,45.30080065,-111.9173017,30057.0,1290.6976744186047,0.9009009009009008,110,109,1,0,108,110,8768,2,0,0,2,-1
2020-10-01,US,Montana,McCone,23,0,0,47.64469406,-105.79449939999999,30055.0,1382.2115384615383,0.0,23,23,0,0,23,23,1675,0,0,0,0,0
2020-10-01,US,Montana,Meagher,29,2,0,46.59907074,-110.8898557,30059.0,1557.465091299678,6.896551724137932,27,25,2,0,23,25,1866,4,0,0,4,0
2020-10-01,US,Montana,Mineral,5,0,0,47.15283992,-115.00152390000001,30061.0,113.71389583807141,0.0,5,5,0,0,5,4,4316,0,0,0,0,1
2020-10-01,US,Montana,Missoula,857,3,0,47.03728583,-113.92135079999998,30063.0,716.5551839464882,0.3500583430571762,854,825,3,0,822,794,118791,32,0,0,32,31
2020-10-01,US,Montana,Musselshell,37,1,0,46.49684637,-108.39498,30065.0,798.6186056550831,2.702702702702702,36,37,1,0,36,37,4651,0,0,0,0,0
2020-10-01,US,Montana,Park,106,0,0,45.48965095,-110.52643940000002,30067.0,638.3234975310129,0.0,106,103,0,0,103,100,16736,3,0,0,3,3
2020-10-01,US,Montana,Phillips,122,0,0,48.25936577,-107.9128511,30071.0,3085.483055134041,0.0,122,122,0,0,122,122,4074,0,0,0,0,0
2020-10-01,US,Montana,Pondera,58,0,0,48.22773388,-112.22527029999999,30073.0,981.2214515310437,0.0,58,54,0,0,54,49,5972,4,0,0,4,5
2020-10-01,US,Montana,Powder River,20,0,0,45.39617714,-105.636738,30075.0,1189.0606420927468,0.0,20,17,0,0,17,10,1716,3,0,0,3,7
2020-10-01,US,Montana,Powell,12,0,0,46.85538891,-112.93591640000001,30077.0,174.1654571843251,0.0,12,12,0,0,12,12,6968,0,0,0,0,0
2020-10-01,US,Montana,Prairie,4,0,0,46.86048047,-105.379384,30079.0,371.4020427112349,0.0,4,4,0,0,4,4,1087,0,0,0,0,0
2020-10-01,US,Montana,Ravalli,158,2,0,46.08520862,-114.11891640000002,30081.0,360.6811852257682,1.2658227848101269,156,154,2,0,152,149,43172,4,0,0,4,5
2020-10-01,US,Montana,Richland,107,2,0,47.78668011,-104.5610786,30083.0,990.4656114042397,1.8691588785046729,105,87,2,0,85,83,10913,20,0,0,20,4
2020-10-01,US,Montana,Roosevelt,407,4,0,48.29607488,-105.00792679999999,30085.0,3698.655034532897,0.9828009828009828,403,394,5,0,389,384,11059,13,-1,0,14,10
2020-10-01,US,Montana,Rosebud,652,19,0,46.23397237,-106.72928799999998,30087.0,7295.5130356943055,2.914110429447853,633,646,19,0,627,639,9063,6,0,0,6,7
2020-10-01,US,Montana,Sanders,48,1,0,47.67657534,-115.1329916,30089.0,396.26847188970527,2.083333333333333,47,48,1,0,47,47,11844,0,0,0,0,1
2020-10-01,US,Montana,Sheridan,19,0,0,48.72085833,-104.50382900000001,30091.0,574.1915986702933,0.0,19,16,0,0,16,16,3424,3,0,0,3,0
2020-10-01,US,Montana,Silver Bow,270,0,0,45.90018933,-112.6620092,30093.0,773.3066017471001,0.0,270,270,0,0,270,267,34993,0,0,0,0,3
2020-10-01,US,Montana,Stillwater,82,2,0,45.67071407,-109.3950061,30095.0,850.4459655673097,2.4390243902439024,80,77,2,0,75,77,9534,5,0,0,5,0
2020-10-01,US,Montana,Sweet Grass,47,2,0,45.81367654,-109.9425686,30097.0,1257.6933369012575,4.25531914893617,45,47,1,0,46,47,3710,0,1,0,-1,0
2020-10-01,US,Montana,Teton,29,0,0,47.83741052,-112.24106880000001,30099.0,471.7748495200911,0.0,29,26,0,0,26,25,6162,3,0,0,3,1
2020-10-01,US,Montana,Toole,120,6,0,48.65577551,-111.69424140000001,30101.0,2533.7837837837837,5.0,114,111,6,0,105,107,4853,9,0,0,9,4
2020-10-01,US,Montana,Treasure,3,0,0,46.20973220000001,-107.26665159999999,30103.0,431.0344827586207,0.0,3,3,0,0,3,3,679,0,0,0,0,0
2020-10-01,US,Montana,Valley,97,1,0,48.36435097,-106.6669635,30105.0,1311.5197404002165,1.0309278350515465,96,92,0,0,92,86,7437,5,1,0,4,6
2020-10-01,US,Montana,Wheatland,20,1,0,46.46652491,-109.84646359999999,30107.0,940.7337723424272,5.0,19,20,1,0,19,20,2236,0,0,0,0,0
2020-10-01,US,Montana,Wibaux,9,0,0,46.95925154,-104.2510927,30109.0,928.7925696594427,0.0,9,9,0,0,9,9,1034,0,0,0,0,0
2020-10-01,US,Montana,Yellowstone,3424,68,0,45.93955949,-108.26914860000001,30111.0,2122.7526348419096,1.985981308411215,3356,3331,68,0,3263,3256,160137,93,0,0,93,75
2020-10-01,US,Nebraska,Adams,580,12,0,40.52449420000001,-98.50117804,31001.0,1849.312884609253,2.0689655172413794,568,574,12,0,562,570,31511,6,0,0,6,4
2020-10-01,US,Nebraska,Antelope,94,1,0,42.17695516,-98.06662829999999,31003.0,1492.5373134328354,1.0638297872340423,93,80,1,0,79,79,6336,14,0,0,14,1
2020-10-01,US,Nebraska,Arthur,1,0,0,41.56896142,-101.6959559,31005.0,215.98272138228938,0.0,1,1,0,0,1,1,465,0,0,0,0,0
2020-10-01,US,Nebraska,Banner,2,0,0,41.54634427,-103.7114332,31007.0,268.4563758389262,0.0,2,2,0,0,2,2,730,0,0,0,0,0
2020-10-01,US,Nebraska,Blaine,1,0,0,41.91311716,-99.97677845,31009.0,215.05376344086025,0.0,1,1,0,0,1,1,476,0,0,0,0,0
2020-10-01,US,Nebraska,Boone,88,0,0,41.70759415,-98.06737183,31011.0,1694.9152542372879,0.0,88,88,0,0,88,85,5239,0,0,0,0,3
2020-10-01,US,Nebraska,Box Butte,98,1,0,42.22079243,-103.08788340000001,31013.0,908.8379857182604,1.020408163265306,97,91,1,0,90,88,10772,7,0,0,7,3
2020-10-01,US,Nebraska,Boyd,30,0,0,42.899727399999996,-98.76486568,31015.0,1563.314226159458,0.0,30,30,0,0,30,27,1955,0,0,0,0,3
2020-10-01,US,Nebraska,Brown,47,0,0,42.43018907,-99.92904055,31017.0,1590.524534686971,0.0,47,38,0,0,38,35,2973,9,0,0,9,3
2020-10-01,US,Nebraska,Buffalo,1145,6,0,40.85486962,-99.07500296,31019.0,2305.725044805574,0.5240174672489083,1139,1120,6,0,1114,1097,49615,25,0,0,25,23
2020-10-01,US,Nebraska,Burt,82,1,0,41.85056773,-96.32605633,31021.0,1269.546369407029,1.2195121951219512,81,81,0,0,81,78,6488,1,1,0,0,3
2020-10-01,US,Nebraska,Butler,144,1,0,41.22703692,-97.13106306,31023.0,1796.4071856287424,0.6944444444444444,143,125,1,0,124,123,8058,19,0,0,19,2
2020-10-01,US,Nebraska,Cass,347,3,0,40.90899107,-96.13971217,31025.0,1322.0054861322767,0.8645533141210374,344,343,2,0,341,336,26159,4,1,0,3,7
2020-10-01,US,Nebraska,Cedar,90,0,0,42.598885100000004,-97.25311951,31027.0,1071.173530111878,0.0,90,89,0,0,89,89,8446,1,0,0,1,0
2020-10-01,US,Nebraska,Chase,25,0,0,40.523719799999995,-101.69780259999999,31029.0,637.10499490316,0.0,25,24,0,0,24,23,3977,1,0,0,1,1
2020-10-01,US,Nebraska,Cherry,52,4,0,42.54502621,-101.1244332,31031.0,914.0446475654772,7.6923076923076925,48,51,4,0,47,50,5761,1,0,0,1,1
2020-10-01,US,Nebraska,Cheyenne,43,0,0,41.21999357,-102.9941693,31033.0,482.60381593714925,0.0,43,43,0,0,43,39,9310,0,0,0,0,4
2020-10-01,US,Nebraska,Clay,81,0,0,40.52439441,-98.05126296,31035.0,1305.8197646300175,0.0,81,80,0,0,80,77,6214,1,0,0,1,3
2020-10-01,US,Nebraska,Colfax,795,5,0,41.57486951,-97.0868542,31037.0,7423.662340087777,0.6289308176100629,790,794,5,0,789,789,10881,1,0,0,1,5
2020-10-01,US,Nebraska,Cuming,159,0,0,41.91637624,-96.78730772,31039.0,1797.422563870676,0.0,159,158,0,0,158,154,8940,1,0,0,1,4
2020-10-01,US,Nebraska,Custer,97,4,0,41.39374521,-99.72805369,31041.0,900.0649531409482,4.123711340206185,93,91,4,0,87,87,10840,6,0,0,6,4
2020-10-01,US,Nebraska,Dakota,2250,43,0,42.39040144,-96.56656425,31043.0,11235.39398781584,1.9111111111111112,2207,2240,43,0,2197,2225,20083,10,0,0,10,15
2020-10-01,US,Nebraska,Dawes,132,0,0,42.71985036,-103.1313774,31045.0,1536.8494586098498,0.0,132,130,0,0,130,126,8716,2,0,0,2,4
2020-10-01,US,Nebraska,Dawson,1094,13,0,40.87028216,-99.82014609999999,31047.0,4636.575545666455,1.1882998171846435,1081,1090,13,0,1077,1090,23709,4,0,0,4,0
2020-10-01,US,Nebraska,Deuel,4,0,0,41.11168186,-102.33333309999999,31049.0,222.9654403567447,0.0,4,4,0,0,4,4,1825,0,0,0,0,0
2020-10-01,US,Nebraska,Dixon,96,2,0,42.49188363,-96.86782408,31051.0,1703.3356990773595,2.083333333333333,94,95,2,0,93,92,5709,1,0,0,1,3
2020-10-01,US,Nebraska,Dodge,1240,12,0,41.58071748,-96.65598179,31053.0,3391.2211130862847,0.967741935483871,1228,1227,12,0,1215,1214,36791,13,0,0,13,13
2020-10-01,US,Nebraska,Douglas,16600,195,0,41.29518299,-96.15085305,31055.0,2905.5164555499737,1.1746987951807228,16405,16424,193,0,16231,16283,566880,176,2,0,174,141
2020-10-01,US,Nebraska,Dundy,12,1,0,40.17638677,-101.6876522,31057.0,708.8009450679268,8.333333333333334,11,12,1,0,11,12,1770,0,0,0,0,0
2020-10-01,US,Nebraska,Fillmore,58,1,0,40.52458567,-97.59646937,31059.0,1061.8820944708898,1.7241379310344829,57,57,1,0,56,56,5527,1,0,0,1,1
2020-10-01,US,Nebraska,Franklin,33,0,0,40.17636348,-98.95299073,31061.0,1107.754279959718,0.0,33,31,0,0,31,31,3023,2,0,0,2,0
2020-10-01,US,Nebraska,Frontier,8,0,0,40.52993007,-100.3924658,31063.0,304.52988199467075,0.0,8,8,0,0,8,8,2608,0,0,0,0,0
2020-10-01,US,Nebraska,Furnas,40,2,0,40.17642064,-99.91247454,31065.0,855.4319931565442,5.0,38,40,2,0,38,40,4715,0,0,0,0,0
2020-10-01,US,Nebraska,Gage,270,5,0,40.26186809,-96.68946704,31067.0,1255.055082973086,1.851851851851852,265,265,5,0,260,260,21493,5,0,0,5,5
2020-10-01,US,Nebraska,Garden,11,0,0,41.61703149,-102.3313973,31069.0,598.8023952095807,0.0,11,10,0,0,10,10,1897,1,0,0,1,0
2020-10-01,US,Nebraska,Garfield,11,0,0,41.91428955,-98.99111827,31071.0,558.659217877095,0.0,11,12,0,0,12,12,1987,-1,0,0,-1,0
2020-10-01,US,Nebraska,Gosper,41,0,0,40.51481965,-99.83020279,31073.0,2060.3015075376884,0.0,41,39,0,0,39,38,1996,2,0,0,2,1
2020-10-01,US,Nebraska,Grant,1,0,0,41.91528587,-101.740701,31075.0,160.5136436597111,0.0,1,1,0,0,1,1,660,0,0,0,0,0
2020-10-01,US,Nebraska,Greeley,32,0,0,41.56742671,-98.52150266,31077.0,1358.2342954159594,0.0,32,32,0,0,32,31,2356,0,0,0,0,1
2020-10-01,US,Nebraska,Hall,2061,47,0,40.87257079,-98.50218293,31079.0,3359.248936482324,2.280446385249878,2014,2039,47,0,1992,2033,61607,22,0,0,22,6
2020-10-01,US,Nebraska,Hamilton,142,12,0,40.87349452,-98.02099117,31081.0,1522.9515229515232,8.450704225352112,130,140,12,0,128,132,9280,2,0,0,2,8
2020-10-01,US,Nebraska,Harlan,25,0,0,40.17658508,-99.40438879,31083.0,739.6449704142012,0.0,25,24,0,0,24,23,3401,1,0,0,1,1
2020-10-01,US,Nebraska,Hitchcock,8,0,0,40.17609175,-101.04164770000001,31087.0,289.64518464880524,0.0,8,6,0,0,6,5,2806,2,0,0,2,1
2020-10-01,US,Nebraska,Holt,97,1,0,42.45522056,-98.78402558,31089.0,963.5442535015396,1.0309278350515465,96,93,1,0,92,88,10178,4,0,0,4,5
2020-10-01,US,Nebraska,Hooker,13,1,0,41.91586243,-101.1354293,31091.0,1906.158357771261,7.6923076923076925,12,13,1,0,12,11,682,0,0,0,0,2
2020-10-01,US,Nebraska,Howard,102,5,0,41.2200529,-98.5166499,31093.0,1582.622187742436,4.901960784313727,97,100,5,0,95,98,6468,2,0,0,2,2
2020-10-01,US,Nebraska,Jefferson,34,0,0,40.17584531,-97.142601,31095.0,482.54328697133127,0.0,34,32,0,0,32,32,7097,2,0,0,2,0
2020-10-01,US,Nebraska,Johnson,65,0,0,40.39257596,-96.26522753,31097.0,1281.7984618418461,0.0,65,65,0,0,65,61,5134,0,0,0,0,4
2020-10-01,US,Nebraska,Kearney,152,0,0,40.50663314,-98.94877182,31099.0,2340.261739799846,0.0,152,149,0,0,149,149,6544,3,0,0,3,0
2020-10-01,US,Nebraska,Keith,65,0,0,41.19930341,-101.66201640000001,31101.0,809.0614886731391,0.0,65,65,0,0,65,65,8021,0,0,0,0,0
2020-10-01,US,Nebraska,Keya Paha,5,0,0,42.87990694,-99.71343729,31103.0,620.3473945409428,0.0,5,5,0,0,5,5,810,0,0,0,0,0
2020-10-01,US,Nebraska,Kimball,19,0,0,41.19774275,-103.7148131,31105.0,523.1277533039647,0.0,19,17,0,0,17,15,3618,2,0,0,2,2
2020-10-01,US,Nebraska,Knox,184,0,0,42.63758421,-97.89178836,31107.0,2208.3533365338453,0.0,184,181,0,0,181,176,8419,3,0,0,3,5
2020-10-01,US,Nebraska,Lancaster,6573,24,0,40.78416049,-96.68777155,31109.0,2059.9203986336147,0.3651300775901415,6549,6490,24,0,6466,6388,317272,83,0,0,83,102
2020-10-01,US,Nebraska,Lincoln,449,4,0,41.04658298,-100.74753740000001,31111.0,1286.0170705161254,0.8908685968819601,445,439,4,0,435,431,35185,10,0,0,10,8
2020-10-01,US,Nebraska,Logan,6,0,0,41.56650314,-100.4817851,31113.0,802.1390374331551,0.0,6,7,0,0,7,6,749,-1,0,0,-1,1
2020-10-01,US,Nebraska,Loup,3,0,0,41.91371961,-99.45440415,31115.0,451.8072289156627,0.0,3,3,0,0,3,3,618,0,0,0,0,0
2020-10-01,US,Nebraska,Madison,857,5,0,41.91676024,-97.6005481,31119.0,2441.6650047009884,0.5834305717619603,852,847,5,0,842,839,35392,10,0,0,10,8
2020-10-01,US,Nebraska,McPherson,6,0,0,41.56797682,-101.05993620000001,31117.0,1214.5748987854256,0.0,6,6,0,0,6,6,492,0,0,0,0,0
2020-10-01,US,Nebraska,Merrick,83,1,0,41.16624273,-98.0374887,31121.0,1070.2772404900063,1.2048192771084338,82,82,1,0,81,81,7733,1,0,0,1,1
2020-10-01,US,Nebraska,Morrill,79,0,0,41.71711774,-103.0061405,31123.0,1701.8526497199482,0.0,79,79,0,0,79,78,4686,0,0,0,0,1
2020-10-01,US,Nebraska,Nance,51,0,0,41.39750195,-97.99327291,31125.0,1449.2753623188407,0.0,51,50,0,0,50,49,3532,1,0,0,1,1
2020-10-01,US,Nebraska,Nemaha,132,0,0,40.38514847,-95.85433992,31127.0,1893.2874354561106,0.0,132,130,0,0,130,128,6958,2,0,0,2,2
2020-10-01,US,Nebraska,Nuckolls,17,0,0,40.17637905,-98.04743961,31129.0,409.8360655737705,0.0,17,17,0,0,17,16,4195,0,0,0,0,1
2020-10-01,US,Nebraska,Otoe,170,1,0,40.64843556,-96.13374142,31131.0,1061.7037222083438,0.5882352941176471,169,167,1,0,166,163,15985,3,0,0,3,4
2020-10-01,US,Nebraska,Pawnee,19,0,0,40.13141096,-96.23705437,31133.0,727.1335629544585,0.0,19,19,0,0,19,19,2632,0,0,0,0,0
2020-10-01,US,Nebraska,Perkins,34,10,0,40.85082525,-101.6502942,31135.0,1176.063645797302,29.411764705882355,24,32,10,0,22,32,2929,2,0,0,2,0
2020-10-01,US,Nebraska,Phelps,117,0,0,40.51156033,-99.41461667,31137.0,1295.1073721496566,0.0,117,110,0,0,110,108,8996,7,0,0,7,2
2020-10-01,US,Nebraska,Pierce,109,8,0,42.26434853,-97.60122773,31139.0,1524.9020705092335,7.339449541284404,101,109,8,0,101,110,7142,0,0,0,0,-1
2020-10-01,US,Nebraska,Platte,1147,4,0,41.57246836,-97.52144359,31141.0,3426.949507021213,0.3487358326068004,1143,1135,4,0,1131,1131,33363,12,0,0,12,4
2020-10-01,US,Nebraska,Polk,68,1,0,41.18813488,-97.56630712,31143.0,1304.431229618262,1.4705882352941178,67,65,1,0,64,61,5278,3,0,0,3,4
2020-10-01,US,Nebraska,Red Willow,46,0,0,40.17556879999999,-100.476998,31145.0,428.9444237224916,0.0,46,42,0,0,42,40,10726,4,0,0,4,2
2020-10-01,US,Nebraska,Richardson,60,1,0,40.1247415,-95.71755036,31147.0,762.8734901462174,1.6666666666666667,59,57,1,0,56,56,7937,3,0,0,3,1
2020-10-01,US,Nebraska,Rock,45,1,0,42.42252217,-99.44832069,31149.0,3316.138540899042,2.2222222222222223,44,44,1,0,43,42,1360,1,0,0,1,2
2020-10-01,US,Nebraska,Saline,756,2,0,40.52418865,-97.14085859,31151.0,5314.96062992126,0.2645502645502645,754,746,2,0,744,743,14350,10,0,0,10,3
2020-10-01,US,Nebraska,Sarpy,3832,27,0,41.11314181,-96.11156432,31153.0,2047.0522874420394,0.7045929018789144,3805,3778,16,0,3762,3729,184459,54,11,0,43,49
2020-10-01,US,Nebraska,Saunders,497,3,0,41.227810299999994,-96.63773905,31155.0,2303.2718509593105,0.6036217303822937,494,489,3,0,486,480,21303,8,0,0,8,9
2020-10-01,US,Nebraska,Scotts Bluff,427,8,0,41.85070896,-103.70809859999999,31157.0,1198.8320512100622,1.873536299765808,419,424,8,0,416,423,35989,3,0,0,3,1
2020-10-01,US,Nebraska,Seward,242,3,0,40.87241834,-97.139673,31159.0,1400.1388567461233,1.2396694214876034,239,239,3,0,236,238,17318,3,0,0,3,1
2020-10-01,US,Nebraska,Sheridan,52,0,0,42.50284406,-102.4126613,31161.0,991.2314144109798,0.0,52,49,0,0,49,49,5190,3,0,0,3,0
2020-10-01,US,Nebraska,Sherman,27,2,0,41.22045983,-98.97588642,31163.0,899.7000999666777,7.407407407407407,25,27,2,0,25,26,3038,0,0,0,0,1
2020-10-01,US,Nebraska,Sioux,7,0,0,42.48932059,-103.7576544,31165.0,600.3430531732419,0.0,7,7,0,0,7,7,1187,0,0,0,0,0
2020-10-01,US,Nebraska,Stanton,43,0,0,41.9169835,-97.19394708,31167.0,726.3513513513514,0.0,43,41,0,0,41,39,5970,2,0,0,2,2
2020-10-01,US,Nebraska,Thayer,31,0,0,40.17626377,-97.59504381,31169.0,619.6282230661603,0.0,31,31,0,0,31,31,5039,0,0,0,0,0
2020-10-01,US,Nebraska,Thomas,5,0,0,41.91358968,-100.5556632,31171.0,692.5207756232687,0.0,5,5,0,0,5,5,720,0,0,0,0,0
2020-10-01,US,Nebraska,Thurston,269,4,0,42.15725356,-96.54157099,31173.0,3723.6987818383172,1.4869888475836432,265,266,4,0,262,262,7303,3,0,0,3,4
2020-10-01,US,Nebraska,Unassigned,316,0,0,0.0,0.0,90031.0,0.0,0.0,316,290,0,0,290,299,,26,0,0,26,-9
2020-10-01,US,Nebraska,Valley,45,0,0,41.56730777,-98.98197724,31175.0,1082.2510822510824,0.0,45,43,0,0,43,42,4190,2,0,0,2,1
2020-10-01,US,Nebraska,Washington,282,4,0,41.52815707,-96.22019892,31177.0,1360.4129480438035,1.4184397163120568,278,279,4,0,275,273,20667,3,0,0,3,6
2020-10-01,US,Nebraska,Wayne,174,0,0,42.20934475,-97.11926964,31179.0,1854.0223761321256,0.0,174,169,0,0,169,162,9403,5,0,0,5,7
2020-10-01,US,Nebraska,Webster,18,0,0,40.17642643,-98.50019851,31181.0,516.2030398623458,0.0,18,18,0,0,18,18,3533,0,0,0,0,0
2020-10-01,US,Nebraska,Wheeler,1,0,0,41.91482725,-98.52798941,31183.0,127.7139208173691,0.0,1,1,0,0,1,1,805,0,0,0,0,0
2020-10-01,US,Nebraska,York,184,2,0,40.87272618,-97.59710186,31185.0,1345.127567804664,1.0869565217391304,182,182,2,0,180,174,13772,2,0,0,2,8
2020-10-01,US,Nevada,Carson City,556,8,0,39.15509045,-119.7480219,32510.0,994.3486658559268,1.4388489208633093,548,547,8,0,539,543,55414,9,0,0,9,4
2020-10-01,US,Nevada,Churchill,154,3,0,39.58105744,-118.3394607,32001.0,618.2504315709183,1.9480519480519483,151,154,3,0,151,150,24440,0,0,0,0,4
2020-10-01,US,Nevada,Clark,67499,1394,0,36.21458855,-115.0130241,32003.0,2977.83356090201,2.0652157809745333,66105,67176,1391,0,65785,66899,2231647,323,3,0,320,277
2020-10-01,US,Nevada,Douglas,312,1,0,38.912862,-119.61713329999999,32005.0,637.9715775483079,0.3205128205128205,311,308,1,0,307,306,48467,4,0,0,4,2
2020-10-01,US,Nevada,Elko,978,10,0,41.14531606,-115.3577619,32007.0,1853.044829284929,1.0224948875255624,968,971,10,0,961,968,52460,7,0,0,7,3
2020-10-01,US,Nevada,Eureka,10,0,0,39.98100864,-116.26832040000001,32011.0,492.8536224741252,0.0,10,10,0,0,10,10,2003,0,0,0,0,0
2020-10-01,US,Nevada,Humboldt,130,4,0,41.40692186,-118.11094270000001,32013.0,772.3842908918068,3.0769230769230766,126,129,4,0,125,127,16786,1,0,0,1,2
2020-10-01,US,Nevada,Lander,76,1,0,39.933223299999995,-117.03970749999999,32015.0,1373.825018076645,1.3157894736842106,75,74,1,0,73,73,5575,2,0,0,2,1
2020-10-01,US,Nevada,Lincoln,7,0,0,37.64268459,-114.8790388,32017.0,135.05691684352692,0.0,7,7,0,0,7,7,5201,0,0,0,0,0
2020-10-01,US,Nevada,Lyon,445,7,0,39.01777974,-119.18704790000001,32019.0,773.7784733089898,1.5730337078651686,438,439,7,0,432,438,55808,6,0,0,6,1
2020-10-01,US,Nevada,Mineral,13,0,0,38.53841696,-118.4344506,32021.0,288.56825749167587,0.0,13,13,0,0,13,13,4514,0,0,0,0,0
2020-10-01,US,Nevada,Nye,515,15,0,38.04264256,-116.47227020000001,32023.0,1106.979343550502,2.9126213592233015,500,513,15,0,498,510,45346,2,0,0,2,3
2020-10-01,US,Nevada,Pershing,22,0,0,40.44003782,-118.40056409999998,32027.0,327.13754646840147,0.0,22,22,0,0,22,22,6666,0,0,0,0,0
2020-10-01,US,Nevada,Storey,10,0,0,39.44875482,-119.5250207,32029.0,242.5418384671356,0.0,10,10,0,0,10,10,4029,0,0,0,0,0
2020-10-01,US,Nevada,Washoe,9617,159,0,40.66562265,-119.6631594,32031.0,2039.5784687361486,1.6533222418633668,9458,9542,159,0,9383,9455,465735,75,0,0,75,87
2020-10-01,US,Nevada,White Pine,66,1,0,39.44157041,-114.89996599999999,32033.0,688.9352818371608,1.5151515151515151,65,65,1,0,64,64,9475,1,0,0,1,1
2020-10-01,US,New Hampshire,Belknap,149,4,0,43.51637314,-71.41684235,33001.0,243.05498915224376,2.684563758389262,145,148,4,0,144,148,61022,1,0,0,1,0
2020-10-01,US,New Hampshire,Carroll,124,2,0,43.87498583,-71.20430216,33003.0,253.5268861173584,1.6129032258064515,122,123,2,0,121,123,48779,1,0,0,1,0
2020-10-01,US,New Hampshire,Cheshire,152,3,0,42.92015988,-72.25311043,33005.0,199.77656568311755,1.973684210526316,149,152,3,0,149,151,76493,0,0,0,0,1
2020-10-01,US,New Hampshire,Coos,22,0,0,44.69063265,-71.30633239,33007.0,69.70186610905174,0.0,22,22,0,0,22,22,31589,0,0,0,0,0
2020-10-01,US,New Hampshire,Grafton,145,1,0,43.93779815,-71.82057197,33009.0,161.31544400685308,0.6896551724137931,144,144,1,0,143,142,89786,1,0,0,1,2
2020-10-01,US,New Hampshire,Hillsborough,4451,291,0,42.91537785,-71.7200253,33011.0,1067.3221029914273,6.5378566614243985,4160,4426,289,0,4137,4408,415247,25,2,0,23,18
2020-10-01,US,New Hampshire,Merrimack,596,23,0,43.29662971,-71.6811573,33013.0,393.68258350892717,3.859060402684564,573,592,23,0,569,588,151132,4,0,0,4,4
2020-10-01,US,New Hampshire,Rockingham,2049,103,0,42.98499744,-71.12883377,33015.0,661.4606367970972,5.026842362127868,1946,2036,103,0,1933,2033,309176,13,0,0,13,3
2020-10-01,US,New Hampshire,Strafford,567,13,0,43.291833000000004,-71.02336013,33017.0,434.04040326716836,2.2927689594356258,554,562,13,0,549,557,130090,5,0,0,5,5
2020-10-01,US,New Hampshire,Sullivan,58,1,0,43.36094111,-72.22203125,33019.0,134.42729337597925,1.7241379310344829,57,58,1,0,57,58,43144,0,0,0,0,0
2020-10-01,US,New Hampshire,Unassigned,4,0,0,0.0,0.0,90033.0,0.0,0.0,4,3,0,0,3,3,,1,0,0,1,0
2020-10-01,US,New Jersey,Atlantic,4152,256,0,39.47538693,-74.65848483,34001.0,1574.695642280123,6.165703275529865,3896,4128,256,0,3872,4114,265429,24,0,0,24,14
2020-10-01,US,New Jersey,Bergen,22579,2045,0,40.96010917,-74.07164325,34003.0,2422.1145202434664,9.057088445015278,20534,22510,2045,0,20465,22473,936692,69,0,0,69,37
2020-10-01,US,New Jersey,Burlington,7208,502,0,39.87681124,-74.66927768,34005.0,1618.505935794175,6.964483906770254,6706,7184,499,0,6685,7169,445384,24,3,0,21,15
2020-10-01,US,New Jersey,Camden,9996,611,0,39.80343818,-74.96388753,34007.0,1973.6569319862344,6.1124449779911965,9385,9962,612,0,9350,9927,507078,34,-1,0,35,35
2020-10-01,US,New Jersey,Cape May,1026,97,0,39.15008829,-74.80170244,34009.0,1114.744836428036,9.454191033138402,929,1023,97,0,926,1026,92560,3,0,0,3,-3
2020-10-01,US,New Jersey,Cumberland,3802,160,0,39.37199394,-75.10712559,34011.0,2542.6845987681154,4.208311415044713,3642,3803,160,0,3643,3794,150972,-1,0,0,-1,9
2020-10-01,US,New Jersey,Essex,21157,2128,0,40.78681335,-74.24657979,34013.0,2648.0177727713635,10.058136786879047,19029,21121,2128,0,18993,21091,799767,36,0,0,36,30
2020-10-01,US,New Jersey,Gloucester,4710,229,0,39.71581067,-75.13995546,34015.0,1615.0269514051763,4.861995753715499,4481,4670,228,0,4442,4560,291408,40,1,0,39,110
2020-10-01,US,New Jersey,Hudson,20767,1518,0,40.73766234,-74.07515667,34017.0,3088.530334284665,7.309674002022438,19249,20732,1517,0,19215,20692,676061,35,1,0,34,40
2020-10-01,US,New Jersey,Hunterdon,1349,125,0,40.56335249,-74.91284156,34019.0,1084.6579990512255,9.26612305411416,1224,1332,125,0,1207,1330,124714,17,0,0,17,2
2020-10-01,US,New Jersey,Mercer,8675,636,0,40.28047017,-74.70479631,34021.0,2360.993930816754,7.331412103746397,8039,8663,636,0,8027,8653,369811,12,0,0,12,10
2020-10-01,US,New Jersey,Middlesex,19679,1429,0,40.43629879,-74.41426991,34023.0,2385.1540853899464,7.261547842878195,18250,19604,1429,0,18175,19539,829685,75,0,0,75,65
2020-10-01,US,New Jersey,Monmouth,12025,868,0,40.26549699,-74.22240686,34025.0,1943.2930130333955,7.218295218295219,11157,11949,868,0,11081,11892,621354,76,0,0,76,57
2020-10-01,US,New Jersey,Morris,7920,830,0,40.86095313,-74.54553709999998,34027.0,1610.2633959885736,10.479797979797981,7090,7902,830,0,7072,7887,494228,18,0,0,18,15
2020-10-01,US,New Jersey,Ocean,13718,1050,0,39.8895449,-74.28089251,34029.0,2259.27475271169,7.6541769937308635,12668,13665,1049,0,12616,13481,601651,53,1,0,52,184
2020-10-01,US,New Jersey,Passaic,19135,1254,0,41.03238628,-74.29954144,34031.0,3813.0746513731847,6.553436111836947,17881,19113,1254,0,17859,19065,503310,22,0,0,22,48
2020-10-01,US,New Jersey,Salem,1076,88,0,39.58719656,-75.34696629999998,34033.0,1724.773583393444,8.178438661710038,988,1072,88,0,984,1072,62607,4,0,0,4,0
2020-10-01,US,New Jersey,Somerset,5850,577,0,40.56465737,-74.61683016,34035.0,1778.472277113342,9.863247863247864,5273,5830,577,0,5253,5819,331164,20,0,0,20,11
2020-10-01,US,New Jersey,Sussex,1517,197,0,41.13891592,-74.69118243,34037.0,1079.8075280450998,12.986156888595913,1320,1511,197,0,1314,1506,140799,6,0,0,6,5
2020-10-01,US,New Jersey,Unassigned,338,13,0,0.0,0.0,90034.0,0.0,3.8461538461538463,325,329,0,0,329,339,,9,13,0,-4,-10
2020-10-01,US,New Jersey,Union,17761,1356,0,40.65835409,-74.30680092,34039.0,3192.4664908752006,7.634705253082597,16405,17727,1356,0,16371,17689,558067,34,0,0,34,38
2020-10-01,US,New Jersey,Warren,1449,171,0,40.85951833,-74.99556527,34041.0,1376.4997577588415,11.801242236024844,1278,1445,171,0,1274,1445,105779,4,0,0,4,0
2020-10-01,US,New Mexico,Bernalillo,6660,178,0,35.05163625,-106.6703554,35001.0,980.6794370958928,2.6726726726726726,6482,6607,177,0,6430,6547,678701,53,1,0,52,60
2020-10-01,US,New Mexico,Catron,9,1,0,33.91514144,-108.4046587,35003.0,255.17436915225403,11.111111111111109,8,9,1,0,8,9,3578,0,0,0,0,0
2020-10-01,US,New Mexico,Chaves,1261,12,0,33.36406072,-104.4665365,35005.0,1951.5592354716398,0.9516256938937352,1249,1222,12,0,1210,1192,64689,39,0,0,39,30
2020-10-01,US,New Mexico,Cibola,431,21,0,34.91131525,-107.998876,35006.0,1615.7450796626053,4.872389791183295,410,426,21,0,405,423,26746,5,0,0,5,3
2020-10-01,US,New Mexico,Colfax,36,1,0,36.60569702,-104.64726740000002,35007.0,301.48228791558495,2.7777777777777777,35,36,1,0,35,36,12110,0,0,0,0,0
2020-10-01,US,New Mexico,Curry,854,6,0,34.57421077,-103.34688759999999,35009.0,1744.4948318829922,0.7025761124121779,848,851,6,0,845,818,49437,3,0,0,3,33
2020-10-01,US,New Mexico,De Baca,1,0,0,34.34274529,-104.4117842,35011.0,57.20823798627003,0.0,1,1,0,0,1,1,1781,0,0,0,0,0
2020-10-01,US,New Mexico,Dona Ana,3476,56,0,32.35275771,-106.83293870000001,35013.0,1593.0704186622058,1.6110471806674338,3420,3428,55,0,3373,3387,217522,48,1,0,47,41
2020-10-01,US,New Mexico,Eddy,875,12,0,32.47167456,-104.3053527,35015.0,1496.7499144714334,1.3714285714285714,863,861,11,0,850,839,57900,14,1,0,13,22
2020-10-01,US,New Mexico,Grant,128,2,0,32.73911281,-108.3827845,35017.0,474.10919327357584,1.5625,126,124,2,0,122,124,27346,4,0,0,4,0
2020-10-01,US,New Mexico,Guadalupe,34,1,0,34.86319296,-104.790669,35019.0,790.6976744186046,2.9411764705882355,33,34,1,0,33,34,4341,0,0,0,0,0
2020-10-01,US,New Mexico,Harding,1,0,0,35.85751555,-103.82209379999999,35021.0,160.0,0.0,1,2,0,0,2,2,655,-1,0,0,-1,0
2020-10-01,US,New Mexico,Hidalgo,101,2,0,31.91383467,-108.7151824,35023.0,2405.9075750357315,1.98019801980198,99,101,2,0,99,99,4240,0,0,0,0,2
2020-10-01,US,New Mexico,Lea,1464,24,0,32.79215361,-103.4123733,35025.0,2059.9409033347406,1.639344262295082,1440,1448,24,0,1424,1419,69611,16,0,0,16,29
2020-10-01,US,New Mexico,Lincoln,219,3,0,33.74526079,-105.4586166,35027.0,1118.945432250153,1.3698630136986298,216,215,3,0,212,212,19556,4,0,0,4,3
2020-10-01,US,New Mexico,Los Alamos,33,0,0,35.86631386,-106.31349850000001,35028.0,170.37534204140638,0.0,33,33,0,0,33,33,19101,0,0,0,0,0
2020-10-01,US,New Mexico,Luna,425,7,0,32.18179341,-107.75088259999998,35029.0,1792.5682230376651,1.6470588235294117,418,424,7,0,417,422,23963,1,0,0,1,2
2020-10-01,US,New Mexico,McKinley,4346,257,0,35.58007720000001,-108.262245,35031.0,6089.649277677358,5.913483663138519,4089,4343,257,0,4086,4338,72290,3,0,0,3,5
2020-10-01,US,New Mexico,Mora,7,0,0,36.01095101,-104.9497716,35033.0,154.83300154833,0.0,7,7,0,0,7,7,4506,0,0,0,0,0
2020-10-01,US,New Mexico,Otero,271,13,0,32.61348406,-105.7417604,35035.0,401.54096903244925,4.7970479704797055,258,270,13,0,257,268,66781,1,0,0,1,2
2020-10-01,US,New Mexico,Quay,75,2,0,35.10403332,-103.54817270000001,35037.0,908.7604507451836,2.6666666666666665,73,74,2,0,72,74,8253,1,0,0,1,0
2020-10-01,US,New Mexico,Rio Arriba,401,14,0,36.51072137,-106.69316740000001,35039.0,1030.2921302124817,3.491271820448878,387,400,13,0,387,400,39006,1,1,0,0,0
2020-10-01,US,New Mexico,Roosevelt,289,4,0,34.02097406,-103.4799493,35041.0,1562.1621621621618,1.3840830449826989,285,285,4,0,281,282,18743,4,0,0,4,3
2020-10-01,US,New Mexico,San Juan,3366,199,0,36.50838318,-108.32043700000001,35045.0,2715.435873441005,5.9120617944147345,3167,3359,199,0,3160,3341,125043,7,0,0,7,18
2020-10-01,US,New Mexico,San Miguel,101,0,0,35.48014807,-104.8163562,35047.0,370.27532353264655,0.0,101,101,0,0,101,100,27591,0,0,0,0,1
2020-10-01,US,New Mexico,Sandoval,1380,42,0,35.68862401,-106.86878030000001,35043.0,940.3876032382043,3.0434782608695654,1338,1375,42,0,1333,1367,145179,5,0,0,5,8
2020-10-01,US,New Mexico,Santa Fe,1032,7,0,35.50708973,-105.9774716,35049.0,686.3618829726388,0.6782945736434108,1025,1028,6,0,1022,1021,150056,4,1,0,3,7
2020-10-01,US,New Mexico,Sierra,47,1,0,33.13028233,-107.1925893,35051.0,435.5481419701603,2.127659574468085,46,47,1,0,46,46,10968,0,0,0,0,1
2020-10-01,US,New Mexico,Socorro,109,6,0,34.00715494,-106.9298354,35053.0,655.1661958285747,5.504587155963303,103,107,6,0,101,106,16735,2,0,0,2,1
2020-10-01,US,New Mexico,Taos,148,4,0,36.58006022,-105.63101979999999,35055.0,452.2812700547016,2.702702702702702,144,146,4,0,142,145,32835,2,0,0,2,1
2020-10-01,US,New Mexico,Torrance,77,1,0,34.64048375,-105.8508949,35057.0,498.02729448289256,1.2987012987012987,76,76,1,0,75,74,15591,1,0,0,1,2
2020-10-01,US,New Mexico,Unassigned,1381,0,0,0.0,0.0,90035.0,0.0,0.0,1381,1379,0,0,1379,1379,,2,0,0,2,0
2020-10-01,US,New Mexico,Union,31,2,0,36.48126404,-103.4709624,35059.0,763.7349100763735,6.451612903225807,29,31,2,0,29,31,4118,0,0,0,0,0
2020-10-01,US,New Mexico,Valencia,592,4,0,34.71669834,-106.8103733,35061.0,771.959107031087,0.6756756756756757,588,585,4,0,581,581,76456,7,0,0,7,4
2020-10-01,US,New York,Albany,3133,134,0,42.60060306,-73.97723916,36001.0,1025.511773909514,4.2770507500797965,2999,3120,134,0,2986,3116,307117,13,0,0,13,4
2020-10-01,US,New York,Allegany,119,1,0,42.25748406,-78.02750466,36003.0,258.18489509882625,0.8403361344537815,118,114,1,0,113,108,46430,5,0,0,5,6
2020-10-01,US,New York,Bronx,53169,4955,0,40.85209301,-73.86282755,36005.0,3749.0295845387873,9.319340217043766,48214,53091,4952,0,48139,53025,1432132,78,3,0,75,66
2020-10-01,US,New York,Broome,1729,82,0,42.15903158,-75.81326086,36007.0,907.6687245390784,4.742625795257374,1647,1673,82,0,1591,1642,191659,56,0,0,56,31
2020-10-01,US,New York,Cattaraugus,279,6,0,42.24778241,-78.67923096,36009.0,366.5409829604425,2.150537634408602,273,276,6,0,270,271,76840,3,0,0,3,5
2020-10-01,US,New York,Cayuga,221,2,0,42.91261714,-76.55731592,36011.0,288.60217300459675,0.9049773755656108,219,220,2,0,218,219,77145,1,0,0,1,1
2020-10-01,US,New York,Chautauqua,602,9,0,42.22769210000001,-79.36691763,36013.0,474.3780682883777,1.495016611295681,593,590,9,0,581,585,127939,12,0,0,12,5
2020-10-01,US,New York,Chemung,560,3,0,42.13891056,-76.7638805,36015.0,671.0122699386503,0.5357142857142857,557,510,3,0,507,492,84254,50,0,0,50,18
2020-10-01,US,New York,Chenango,253,7,0,42.49430041,-75.60887553,36017.0,535.9374669010951,2.766798418972332,246,253,7,0,246,251,47536,0,0,0,0,2
2020-10-01,US,New York,Clinton,162,5,0,44.74530905,-73.67875352,36019.0,201.2797415667516,3.08641975308642,157,162,5,0,157,162,80695,0,0,0,0,0
2020-10-01,US,New York,Columbia,595,37,0,42.24819348,-73.63089095,36021.0,1000.6558920973413,6.218487394957982,558,595,37,0,558,592,59916,0,0,0,0,3
2020-10-01,US,New York,Cortland,195,0,0,42.59509207,-76.07048931,36023.0,409.8274521342553,0.0,195,184,0,0,184,181,47823,11,0,0,11,3
2020-10-01,US,New York,Delaware,137,4,0,42.19837623,-74.96709306,36025.0,310.41123824628977,2.9197080291970803,133,136,4,0,132,136,44527,1,0,0,1,0
2020-10-01,US,New York,Dutchess,5148,156,0,41.76486060000001,-73.74356679,36027.0,1749.7229945142715,3.0303030303030303,4992,5137,156,0,4981,5130,293718,11,0,0,11,7
2020-10-01,US,New York,Erie,11574,693,0,42.76249024,-78.73063652,36029.0,1259.8209212562942,5.9875583203732505,10881,11500,693,0,10807,11445,919719,74,0,0,74,55
2020-10-01,US,New York,Essex,169,0,0,44.11630765,-73.77297842,36031.0,458.1808323166599,0.0,169,169,0,0,169,168,37300,0,0,0,0,1
2020-10-01,US,New York,Franklin,66,0,0,44.59040891,-74.29926032,36033.0,131.94194554396066,0.0,66,66,0,0,66,66,50293,0,0,0,0,0
2020-10-01,US,New York,Fulton,339,24,0,43.11363907,-74.41798804,36035.0,635.0336249367776,7.079646017699115,315,339,24,0,315,339,53591,0,0,0,0,0
2020-10-01,US,New York,Genesee,335,5,0,43.0022601,-78.19135193,36037.0,584.8463687150838,1.492537313432836,330,330,5,0,325,327,57511,5,0,0,5,3
2020-10-01,US,New York,Greene,328,18,0,42.275797,-74.12384884,36039.0,695.0919725353904,5.487804878048781,310,325,18,0,307,323,47491,3,0,0,3,2
2020-10-01,US,New York,Hamilton,15,0,0,43.66146647,-74.49721957,36041.0,339.67391304347825,0.0,15,15,0,0,15,15,4434,0,0,0,0,0
2020-10-01,US,New York,Herkimer,340,10,0,43.42034246,-74.96145307,36043.0,554.4774050457444,2.9411764705882355,330,338,10,0,328,337,61833,2,0,0,2,1
2020-10-01,US,New York,Jefferson,172,0,0,44.04200959,-75.94653457,36045.0,156.59995993954513,0.0,172,172,0,0,172,170,111755,0,0,0,0,2
2020-10-01,US,New York,Kings,69062,7329,0,40.636182500000004,-73.94935552,36047.0,2697.836597714835,10.612203527265356,61733,68844,7330,0,61514,68658,2582830,218,-1,0,219,186
2020-10-01,US,New York,Lewis,50,0,0,43.784415700000004,-75.44903992,36049.0,190.14298752661998,0.0,50,50,0,0,50,50,26447,0,0,0,0,0
2020-10-01,US,New York,Livingston,208,8,0,42.72596275,-77.77966158,36051.0,330.610039100995,3.8461538461538463,200,208,8,0,200,207,63227,0,0,0,0,1
2020-10-01,US,New York,Madison,498,17,0,42.91653905,-75.67266639,36053.0,701.9917959994925,3.4136546184738954,481,497,17,0,480,497,70795,1,0,0,1,0
2020-10-01,US,New York,Monroe,6121,289,0,43.14638895,-77.69322942,36055.0,825.1884007172034,4.721450743342591,5832,6085,289,0,5796,6074,742474,36,0,0,36,11
2020-10-01,US,New York,Montgomery,235,4,0,42.90123494,-74.44011632,36057.0,477.4384917006968,1.702127659574468,231,235,4,0,231,234,49455,0,0,0,0,1
2020-10-01,US,New York,Nassau,46929,2201,0,40.74066522,-73.58941873,36059.0,3458.4840418475897,4.690063713268982,44728,46857,2201,0,44656,46791,1358343,72,0,0,72,66
2020-10-01,US,New York,New York,33626,3181,0,40.76727260000001,-73.97152637,36061.0,2064.583786146794,9.459941711770654,30445,33561,3178,0,30383,33497,,65,3,0,62,64
2020-10-01,US,New York,Niagara,1799,101,0,43.19898042,-78.74777412,36063.0,859.6098069103263,5.6142301278488045,1698,1788,101,0,1687,1783,210433,11,0,0,11,5
2020-10-01,US,New York,Oneida,2460,123,0,43.24375382,-75.43710392,36065.0,1075.7813627438547,5.0,2337,2436,123,0,2313,2432,229577,24,0,0,24,4
2020-10-01,US,New York,Onondaga,4456,205,0,43.00491923,-76.19971155,36067.0,967.5850328318801,4.600538599640934,4251,4424,205,0,4219,4409,461809,32,0,0,32,15
2020-10-01,US,New York,Ontario,481,35,0,42.85145728,-77.30874425,36069.0,438.16099911639054,7.276507276507276,446,475,35,0,440,475,109864,6,0,0,6,0
2020-10-01,US,New York,Orange,12199,498,0,41.40337468,-74.30240757,36071.0,3169.065308879306,4.082301828018689,11701,12143,498,0,11645,12122,381951,56,0,0,56,21
2020-10-01,US,New York,Orleans,336,54,0,43.2516977,-78.2320066,36073.0,832.6724821570183,16.071428571428573,282,336,54,0,282,335,40612,0,0,0,0,1
2020-10-01,US,New York,Oswego,506,3,0,43.42778894,-76.14635194,36075.0,432.0207643181585,0.5928853754940712,503,503,3,0,500,499,117898,3,0,0,3,4
2020-10-01,US,New York,Otsego,342,5,0,42.63492579,-75.03151402,36077.0,574.8575462659472,1.4619883040935673,337,341,5,0,336,340,59749,1,0,0,1,1
2020-10-01,US,New York,Putnam,1629,63,0,41.42630093,-73.74965532,36079.0,1656.8348250610254,3.867403314917127,1566,1617,63,0,1554,1612,98892,12,0,0,12,5
2020-10-01,US,New York,Queens,72692,7256,0,40.71088124,-73.81684712,36081.0,3225.225369122633,9.981841192978594,65436,72556,7253,0,65303,72465,2278906,136,3,0,133,91
2020-10-01,US,New York,Rensselaer,923,42,0,42.71348136,-73.51089874,36083.0,581.5492017087339,4.550379198266522,881,919,42,0,877,916,159442,4,0,0,4,3
2020-10-01,US,New York,Richmond,16025,1086,0,40.58582155,-74.14808598,36085.0,3365.585548879223,6.776911076443057,14939,15989,1086,0,14903,15950,476179,36,0,0,36,39
2020-10-01,US,New York,Rockland,15636,675,0,41.15027894,-74.02560498,36087.0,4799.425394964225,4.316960859554873,14961,15452,675,0,14777,15342,325695,184,0,0,184,110
2020-10-01,US,New York,Saratoga,1073,17,0,43.10904162,-73.86653895,36091.0,466.7997894397968,1.5843429636533084,1056,1066,17,0,1049,1060,230163,7,0,0,7,6
2020-10-01,US,New York,Schenectady,1417,48,0,42.81668777,-74.05278291,36093.0,912.4334348579193,3.3874382498235716,1369,1410,48,0,1362,1405,155350,7,0,0,7,5
2020-10-01,US,New York,Schoharie,85,0,0,42.58831742,-74.44339029999998,36095.0,274.20239362560085,0.0,85,85,0,0,85,85,31097,0,0,0,0,0
2020-10-01,US,New York,Schuyler,47,0,0,42.39184015,-76.8773299,36097.0,263.94114674004607,0.0,47,43,0,0,43,43,17912,4,0,0,4,0
2020-10-01,US,New York,Seneca,108,3,0,42.78081007,-76.82497064,36099.0,317.4976481655692,2.7777777777777777,105,107,3,0,104,107,34300,1,0,0,1,0
2020-10-01,US,New York,St. Lawrence,330,4,0,44.4976179,-75.06550039,36089.0,306.2929274178578,1.2121212121212122,326,327,4,0,323,325,108047,3,0,0,3,2
2020-10-01,US,New York,Steuben,464,42,0,42.2689144,-77.3829924,36101.0,486.4802524664759,9.051724137931034,422,453,42,0,411,450,95796,11,0,0,11,3
2020-10-01,US,New York,Suffolk,46563,2011,0,40.88320119,-72.8012172,36103.0,3153.390794127865,4.318879797263922,44552,46517,2011,0,44506,46464,1481093,46,0,0,46,53
2020-10-01,US,New York,Sullivan,1607,48,0,41.71579493,-74.76394559,36105.0,2130.3955880793296,2.9869321717486,1559,1604,48,0,1556,1600,75498,3,0,0,3,4
2020-10-01,US,New York,Tioga,256,25,0,42.16852837,-76.30835812,36107.0,531.087276725515,9.765625,231,249,25,0,224,242,48560,7,0,0,7,7
2020-10-01,US,New York,Tompkins,426,0,0,42.44945765,-76.47229843,36109.0,416.9113329418673,0.0,426,421,0,0,421,417,102793,5,0,0,5,4
2020-10-01,US,New York,Ulster,2282,95,0,41.89027881,-74.26252104,36111.0,1285.105280645143,4.163014899211218,2187,2280,95,0,2185,2272,178599,2,0,0,2,8
2020-10-01,US,New York,Unassigned,0,22,0,0.0,0.0,90036.0,0.0,0.0,-22,0,24,0,-24,0,,0,-2,0,2,0
2020-10-01,US,New York,Warren,391,33,0,43.56173026,-73.8433699,36113.0,611.4725384711622,8.439897698209718,358,391,33,0,358,386,64265,0,0,0,0,5
2020-10-01,US,New York,Washington,302,14,0,43.31153794,-73.43043448,36115.0,493.43180184301684,4.635761589403972,288,302,14,0,288,301,61197,0,0,0,0,1
2020-10-01,US,New York,Wayne,326,5,0,43.15494365,-77.02976528,36117.0,362.5525478769546,1.5337423312883436,321,323,5,0,318,321,90064,3,0,0,3,2
2020-10-01,US,New York,Westchester,38300,1454,0,41.16278376,-73.75741653,36119.0,3958.6317810948976,3.7963446475195823,36846,38239,1454,0,36785,38182,967612,61,0,0,61,57
2020-10-01,US,New York,Wyoming,137,5,0,42.70145109,-78.22199579,36121.0,343.7115833312426,3.6496350364963503,132,137,5,0,132,137,40085,0,0,0,0,0
2020-10-01,US,New York,Yates,64,7,0,42.63505484,-77.10369919,36123.0,256.89399108898965,10.9375,57,64,7,0,57,64,24841,0,0,0,0,0
2020-10-01,US,North Carolina,Alamance,4018,55,0,36.0434701,-79.39976137,37001.0,2370.375614274168,1.368840219014435,3963,3977,55,0,3922,3962,166436,41,0,0,41,15
2020-10-01,US,North Carolina,Alexander,541,7,0,35.922379600000006,-81.17751948,37003.0,1442.7820892338054,1.2939001848428835,534,534,7,0,527,528,37353,7,0,0,7,6
2020-10-01,US,North Carolina,Alleghany,238,0,0,36.49360862,-81.12857041,37005.0,2137.0207416719045,0.0,238,237,0,0,237,236,11161,1,0,0,1,1
2020-10-01,US,North Carolina,Anson,630,6,0,34.97403241,-80.09953279,37007.0,2577.1087294444897,0.9523809523809524,624,616,6,0,610,606,24877,14,0,0,14,10
2020-10-01,US,North Carolina,Ashe,279,1,0,36.43296207,-81.49862729,37009.0,1025.6221740249237,0.35842293906810035,278,269,1,0,268,268,27109,10,0,0,10,1
2020-10-01,US,North Carolina,Avery,367,0,0,36.07569796,-81.92308483,37011.0,2090.3343395796546,0.0,367,362,0,0,362,362,17505,5,0,0,5,0
2020-10-01,US,North Carolina,Beaufort,985,26,0,35.48531943,-76.84325809,37013.0,2096.012256883857,2.639593908629441,959,981,25,0,956,971,47079,4,1,0,3,10
2020-10-01,US,North Carolina,Bertie,608,11,0,36.0688473,-76.96545943,37015.0,3208.9512851638788,1.8092105263157892,597,605,10,0,595,594,19026,3,1,0,2,11
2020-10-01,US,North Carolina,Bladen,930,16,0,34.61296243,-78.56180059,37017.0,2842.124564513172,1.7204301075268815,914,925,15,0,910,914,33190,5,1,0,4,11
2020-10-01,US,North Carolina,Brunswick,1681,27,0,34.070565,-78.22814204,37019.0,1177.0060215656074,1.6061867935752527,1654,1667,27,0,1640,1646,136744,14,0,0,14,21
2020-10-01,US,North Carolina,Buncombe,3224,84,0,35.61113393,-82.53305,37021.0,1234.3457469820935,2.60545905707196,3140,3179,82,0,3097,3151,259103,45,2,0,43,28
2020-10-01,US,North Carolina,Burke,2155,42,0,35.74989637,-81.70755735,37023.0,2381.610211637288,1.9489559164733181,2113,2142,42,0,2100,2130,90382,13,0,0,13,12
2020-10-01,US,North Carolina,Cabarrus,4112,74,0,35.3877799,-80.55267168,37025.0,1899.7195696063352,1.7996108949416345,4038,4074,73,0,4001,4041,211342,38,1,0,37,33
2020-10-01,US,North Carolina,Caldwell,1710,18,0,35.95204977,-81.54799522,37027.0,2080.8488889970554,1.0526315789473684,1692,1681,18,0,1663,1675,82029,29,0,0,29,6
2020-10-01,US,North Carolina,Camden,116,3,0,36.33804939,-76.15568396,37029.0,1067.451918652802,2.586206896551724,113,116,3,0,113,115,10710,0,0,0,0,1
2020-10-01,US,North Carolina,Carteret,744,5,0,34.8932941,-76.54120135,37031.0,1070.9196378449183,0.6720430107526881,739,727,5,0,722,718,69524,17,0,0,17,9
2020-10-01,US,North Carolina,Caswell,381,5,0,36.39312665,-79.33353281,37033.0,1685.5423818793133,1.3123359580052494,376,367,5,0,362,362,22698,14,0,0,14,5
2020-10-01,US,North Carolina,Catawba,3255,53,0,35.66211129,-81.2132617,37035.0,2040.1000307111835,1.6282642089093702,3202,3217,52,0,3165,3204,158652,38,1,0,37,13
2020-10-01,US,North Carolina,Chatham,1703,58,0,35.70394416,-79.25541492,37037.0,2286.8269101651667,3.4057545507927185,1645,1695,58,0,1637,1689,73139,8,0,0,8,6
2020-10-01,US,North Carolina,Cherokee,659,12,0,35.1349263,-84.05970864,37039.0,2303.229414231791,1.8209408194233687,647,649,12,0,637,646,28383,10,0,0,10,3
2020-10-01,US,North Carolina,Chowan,375,4,0,36.12908077,-76.60118385,37041.0,2689.521623753855,1.0666666666666669,371,369,4,0,365,361,14029,6,0,0,6,8
2020-10-01,US,North Carolina,Clay,125,2,0,35.05704275,-83.74353633,37043.0,1112.9908289555692,1.6,123,124,2,0,122,123,11139,1,0,0,1,1
2020-10-01,US,North Carolina,Cleveland,2328,68,0,35.33553364,-81.55204486,37045.0,2376.7956139544863,2.9209621993127146,2260,2290,65,0,2225,2254,97645,38,3,0,35,36
2020-10-01,US,North Carolina,Columbus,1409,57,0,34.26744084,-78.65801424,37047.0,2538.372847157167,4.04542228530873,1352,1401,57,0,1344,1378,55655,8,0,0,8,23
2020-10-01,US,North Carolina,Craven,1711,39,0,35.11833364,-77.08398081,37049.0,1675.1681532029886,2.2793687901811808,1672,1685,39,0,1646,1669,102912,26,0,0,26,16
2020-10-01,US,North Carolina,Cumberland,5664,80,0,35.04762133,-78.82623165,37051.0,1688.1812410397335,1.4124293785310735,5584,5610,77,0,5533,5533,332330,54,3,0,51,77
2020-10-01,US,North Carolina,Currituck,186,3,0,36.36123664,-75.95876401,37053.0,669.9564168137449,1.6129032258064515,183,184,3,0,181,184,27072,2,0,0,2,0
2020-10-01,US,North Carolina,Dare,282,3,0,35.66520691,-75.71767334,37055.0,761.9768164500526,1.0638297872340423,279,276,3,0,273,272,36501,6,0,0,6,4
2020-10-01,US,North Carolina,Davidson,2883,37,0,35.79115496,-80.21256572,37057.0,1720.0746976594337,1.2833853624696496,2846,2820,37,0,2783,2797,166614,63,0,0,63,23
2020-10-01,US,North Carolina,Davie,587,6,0,35.93099927,-80.54496571,37059.0,1370.0228726135465,1.0221465076660987,581,576,6,0,570,568,42733,11,0,0,11,8
2020-10-01,US,North Carolina,Duplin,2414,54,0,34.93449805,-77.93140529,37061.0,4109.5657207061495,2.236951118475559,2360,2403,54,0,2349,2394,58856,11,0,0,11,9
2020-10-01,US,North Carolina,Durham,7878,95,0,36.03638492,-78.87608331,37063.0,2450.4802667595677,1.2058898197512058,7783,7825,95,0,7730,7780,316739,53,0,0,53,45
2020-10-01,US,North Carolina,Edgecombe,1412,50,0,35.91230639,-77.59436892,37065.0,2743.2390425862604,3.5410764872521248,1362,1386,49,0,1337,1373,52005,26,1,0,25,13
2020-10-01,US,North Carolina,Forsyth,7182,104,0,36.12859861,-80.25459052,37067.0,1878.653919093893,1.4480646059593427,7078,7097,103,0,6994,7067,379099,85,1,0,84,30
2020-10-01,US,North Carolina,Franklin,1243,31,0,36.081519,-78.28708884,37069.0,1783.7411207576956,2.4939662107803704,1212,1225,31,0,1194,1212,67560,18,0,0,18,13
2020-10-01,US,North Carolina,Gaston,5352,85,0,35.29373559,-81.17477045,37071.0,2383.6564541774114,1.588191330343797,5267,5275,85,0,5190,5224,222846,77,0,0,77,51
2020-10-01,US,North Carolina,Gates,144,3,0,36.44667547,-76.69749701,37073.0,1245.4592631032692,2.083333333333333,141,145,3,0,142,144,11573,-1,0,0,-1,1
2020-10-01,US,North Carolina,Graham,177,3,0,35.3506925,-83.83369267,37075.0,2096.9079492951073,1.6949152542372878,174,174,3,0,171,165,8484,3,0,0,3,9
2020-10-01,US,North Carolina,Granville,1770,50,0,36.30337451,-78.65184241,37077.0,2928.378803169929,2.824858757062147,1720,1760,50,0,1710,1746,60115,10,0,0,10,14
2020-10-01,US,North Carolina,Greene,633,5,0,35.48544173,-77.67578087,37079.0,3004.4140680620812,0.7898894154818326,628,623,5,0,618,618,21012,10,0,0,10,5
2020-10-01,US,North Carolina,Guilford,8859,185,0,36.07959451,-79.78824948,37081.0,1649.1862971774508,2.0882718139744894,8674,8736,185,0,8551,8689,533670,123,0,0,123,47
2020-10-01,US,North Carolina,Halifax,1065,21,0,36.25669272,-77.6556109,37083.0,2129.5740851829632,1.971830985915493,1044,1046,19,0,1027,1040,50574,19,2,0,17,6
2020-10-01,US,North Carolina,Harnett,2331,54,0,35.36731853,-78.87243571,37085.0,1714.2731070188854,2.3166023166023164,2277,2287,54,0,2233,2272,134214,44,0,0,44,15
2020-10-01,US,North Carolina,Haywood,624,31,0,35.55269063,-82.98196486,37087.0,1001.331899802622,4.967948717948718,593,618,31,0,587,613,61971,6,0,0,6,5
2020-10-01,US,North Carolina,Henderson,2063,64,0,35.33788927,-82.4766782,37089.0,1756.9857857039444,3.102278235579253,1999,2048,64,0,1984,2032,116748,15,0,0,15,16
2020-10-01,US,North Carolina,Hertford,779,30,0,36.3607755,-76.98104134,37091.0,3290.1127676648225,3.851091142490372,749,765,30,0,735,755,23659,14,0,0,14,10
2020-10-01,US,North Carolina,Hoke,1243,18,0,35.01888303,-79.23651674,37093.0,2250.425462577398,1.4481094127111829,1225,1217,18,0,1199,1195,54764,26,0,0,26,22
2020-10-01,US,North Carolina,Hyde,128,5,0,35.42017674,-76.15180542,37095.0,2592.6676119100666,3.90625,123,126,5,0,121,126,5230,2,0,0,2,0
2020-10-01,US,North Carolina,Iredell,3138,33,0,35.80950511,-80.8743128,37097.0,1726.0156430480845,1.051625239005736,3105,3100,32,0,3068,3098,178435,38,1,0,37,2
2020-10-01,US,North Carolina,Jackson,670,7,0,35.28814273,-83.14093385,37099.0,1524.8759615822296,1.044776119402985,663,660,7,0,653,659,43327,10,0,0,10,1
2020-10-01,US,North Carolina,Johnston,4602,57,0,35.51745004,-78.36622717,37101.0,2198.348133888095,1.238591916558018,4545,4566,57,0,4509,4542,202675,36,0,0,36,24
2020-10-01,US,North Carolina,Jones,160,14,0,35.02254606,-77.35870791,37103.0,1698.694128888417,8.75,146,159,11,0,148,159,9637,1,3,0,-2,0
2020-10-01,US,North Carolina,Lee,1683,15,0,35.47623147,-79.17569362,37105.0,2724.226678968581,0.8912655971479501,1668,1671,15,0,1656,1661,61452,12,0,0,12,10
2020-10-01,US,North Carolina,Lenoir,1031,33,0,35.24032589999999,-77.64245615,37107.0,1842.749646999947,3.2007759456838016,998,1021,33,0,988,1014,55976,10,0,0,10,7
2020-10-01,US,North Carolina,Lincoln,1714,15,0,35.48508185,-81.21740317,37109.0,1990.4541812312016,0.8751458576429405,1699,1687,14,0,1673,1659,83770,27,1,0,26,28
2020-10-01,US,North Carolina,Macon,630,2,0,35.14867843,-83.41696617,37113.0,1756.930113224385,0.31746031746031744,628,621,2,0,619,604,35285,9,0,0,9,17
2020-10-01,US,North Carolina,Madison,112,1,0,35.85402722,-82.71346418,37115.0,514.8241783498047,0.8928571428571429,111,109,1,0,108,110,21763,3,0,0,3,-1
2020-10-01,US,North Carolina,Martin,486,9,0,35.84326734,-77.10860251,37117.0,2165.775401069519,1.851851851851852,477,466,9,0,457,461,22671,20,0,0,20,5
2020-10-01,US,North Carolina,McDowell,1034,27,0,35.67736232,-82.0482425,37111.0,2259.8129207098527,2.611218568665377,1007,1018,27,0,991,1011,45507,16,0,0,16,7
2020-10-01,US,North Carolina,Mecklenburg,29132,359,0,35.24469268,-80.8317671,37119.0,2623.663041402937,1.2323218453933815,28773,28975,356,0,28619,28844,1093901,157,3,0,154,131
2020-10-01,US,North Carolina,Mitchell,166,3,0,36.01059309,-82.1582442,37121.0,1109.3290564020315,1.8072289156626504,163,161,3,0,158,159,15000,5,0,0,5,2
2020-10-01,US,North Carolina,Montgomery,1053,33,0,35.33155144,-79.90416657,37123.0,3875.170205718912,3.133903133903134,1020,1049,32,0,1017,1052,27271,4,1,0,3,-3
2020-10-01,US,North Carolina,Moore,1753,33,0,35.30885257,-79.48474178,37125.0,1737.7081681205393,1.8824871648602397,1720,1722,33,0,1689,1703,98682,31,0,0,31,19
2020-10-01,US,North Carolina,Nash,2463,43,0,35.96575634,-77.98422508,37127.0,2611.9323845680715,1.7458384084449858,2420,2431,41,0,2390,2400,94016,32,2,0,30,31
2020-10-01,US,North Carolina,New Hanover,4379,32,0,34.25758282,-77.87075626,37129.0,1867.592430684983,0.7307604475907742,4347,4352,32,0,4320,4328,232274,27,0,0,27,24
2020-10-01,US,North Carolina,Northampton,464,17,0,36.41736238,-77.39769443,37131.0,2381.5634142585845,3.6637931034482767,447,462,17,0,445,459,19676,2,0,0,2,3
2020-10-01,US,North Carolina,Onslow,2281,25,0,34.72607366,-77.42908179,37133.0,1152.381048611181,1.0960105217010083,2256,2260,25,0,2235,2237,197683,21,0,0,21,23
2020-10-01,US,North Carolina,Orange,2703,56,0,36.06092947,-79.12167935,37135.0,1820.4962418168595,2.0717721050684426,2647,2688,55,0,2633,2675,146027,15,1,0,14,13
2020-10-01,US,North Carolina,Pamlico,269,2,0,35.15253315,-76.66559823,37137.0,2113.782806852114,0.7434944237918215,267,269,2,0,267,270,12670,0,0,0,0,-1
2020-10-01,US,North Carolina,Pasquotank,717,31,0,36.26723798,-76.25134778,37139.0,1800.4218561671357,4.3235704323570445,686,711,31,0,680,709,39639,6,0,0,6,2
2020-10-01,US,North Carolina,Pender,985,7,0,34.52265624,-77.90352133,37141.0,1562.0044402156675,0.7106598984771574,978,970,7,0,963,966,62162,15,0,0,15,4
2020-10-01,US,North Carolina,Perquimans,189,3,0,36.17847453,-76.40603143,37143.0,1403.8475822624973,1.5873015873015872,186,188,3,0,185,187,13422,1,0,0,1,1
2020-10-01,US,North Carolina,Person,446,8,0,36.38989032,-78.97217358,37145.0,1129.3998480628004,1.7937219730941705,438,441,8,0,433,437,39507,5,0,0,5,4
2020-10-01,US,North Carolina,Pitt,5019,29,0,35.59535426,-77.37353178,37147.0,2776.8863905456396,0.5778043434947201,4990,4976,29,0,4947,4945,179914,43,0,0,43,31
2020-10-01,US,North Carolina,Polk,322,11,0,35.27820615,-82.16812354,37149.0,1553.7541015248019,3.4161490683229814,311,322,11,0,311,320,20611,0,0,0,0,2
2020-10-01,US,North Carolina,Randolph,2908,54,0,35.71015088,-79.80570339,37151.0,2024.1252340481808,1.856946354883081,2854,2884,54,0,2830,2863,143351,24,0,0,24,21
2020-10-01,US,North Carolina,Richmond,1049,17,0,35.00417719,-79.74491009,37153.0,2340.003122978429,1.6205910390848428,1032,1037,17,0,1020,1026,44887,12,0,0,12,11
2020-10-01,US,North Carolina,Robeson,4677,83,0,34.64244496,-79.10250529999998,37155.0,3580.478468899521,1.774641864443019,4594,4624,78,0,4546,4565,131831,53,5,0,48,59
2020-10-01,US,North Carolina,Rockingham,1323,14,0,36.39593137,-79.77504841,37157.0,1453.6864080870237,1.058201058201058,1309,1291,14,0,1277,1286,90690,32,0,0,32,5
2020-10-01,US,North Carolina,Rowan,3501,102,0,35.64003916,-80.52446628,37159.0,2463.9659929058053,2.913453299057412,3399,3421,102,0,3319,3402,141262,80,0,0,80,19
2020-10-01,US,North Carolina,Rutherford,1260,32,0,35.40114178,-81.92112099,37161.0,1879.7833773441346,2.5396825396825395,1228,1241,32,0,1209,1231,66826,19,0,0,19,10
2020-10-01,US,North Carolina,Sampson,2287,28,0,34.98820368,-78.36914061,37163.0,3599.817411972108,1.2243113248797552,2259,2254,28,0,2226,2250,63626,33,0,0,33,4
2020-10-01,US,North Carolina,Scotland,1257,16,0,34.8386299,-79.4757978,37165.0,3609.68325531976,1.2728719172633254,1241,1202,15,0,1187,1174,34810,55,1,0,54,28
2020-10-01,US,North Carolina,Stanly,2033,56,0,35.31647813,-80.25093221,37167.0,3236.9518835780023,2.754549926217413,1977,2014,56,0,1958,1989,62075,19,0,0,19,25
2020-10-01,US,North Carolina,Stokes,468,4,0,36.4017975,-80.23893369,37169.0,1026.5183917878528,0.8547008547008547,464,458,4,0,454,453,45467,10,0,0,10,5
2020-10-01,US,North Carolina,Surry,1363,23,0,36.41689489,-80.69102283,37171.0,1898.7782622626528,1.6874541452677916,1340,1345,23,0,1322,1334,71948,18,0,0,18,11
2020-10-01,US,North Carolina,Swain,154,3,0,35.48665845,-83.48748932,37173.0,1079.111484829374,1.9480519480519483,151,150,3,0,147,144,14245,4,0,0,4,6
2020-10-01,US,North Carolina,Transylvania,335,8,0,35.20383864,-82.79638423,37175.0,974.2620328631673,2.388059701492537,327,333,8,0,325,333,34215,2,0,0,2,0
2020-10-01,US,North Carolina,Tyrrell,116,3,0,35.87147226,-76.17055253,37177.0,2888.4462151394428,2.586206896551724,113,116,3,0,113,116,4131,0,0,0,0,0
2020-10-01,US,North Carolina,Union,4943,59,0,34.98960527,-80.52955873,37179.0,2060.794049837613,1.1936071211814687,4884,4893,59,0,4834,4849,235908,50,0,0,50,44
2020-10-01,US,North Carolina,Vance,1072,44,0,36.36880673,-78.40670845,37181.0,2407.095542831481,4.104477611940299,1028,1057,44,0,1013,1050,44582,15,0,0,15,7
2020-10-01,US,North Carolina,Wake,17878,256,0,35.78879266,-78.65249174,37183.0,1608.0794343388552,1.4319275086698735,17622,17756,245,0,17511,17681,1092305,122,11,0,111,75
2020-10-01,US,North Carolina,Warren,355,7,0,36.39728256,-78.10652228,37185.0,1799.1992296386395,1.971830985915493,348,348,7,0,341,347,19807,7,0,0,7,1
2020-10-01,US,North Carolina,Washington,214,8,0,35.83810081,-76.57299037,37187.0,1848.0138169257336,3.7383177570093458,206,212,8,0,204,209,11859,2,0,0,2,3
2020-10-01,US,North Carolina,Watauga,927,1,0,36.23103603,-81.70033724,37189.0,1650.1415169909396,0.10787486515641856,926,905,1,0,904,896,55945,22,0,0,22,9
2020-10-01,US,North Carolina,Wayne,3459,69,0,35.36438125,-78.00027268,37191.0,2809.203206341214,1.9947961838681698,3390,3427,69,0,3358,3400,123248,32,0,0,32,27
2020-10-01,US,North Carolina,Wilkes,1270,34,0,36.2084135,-81.16232895,37193.0,1856.399462082676,2.677165354330709,1236,1258,34,0,1224,1244,68557,12,0,0,12,14
2020-10-01,US,North Carolina,Wilson,2296,54,0,35.70625477,-77.917978,37195.0,2806.811652669283,2.35191637630662,2242,2275,53,0,2222,2262,81455,21,1,0,20,13
2020-10-01,US,North Carolina,Yadkin,752,9,0,36.16222629,-80.66239436,37197.0,1996.4425093583245,1.1968085106382977,743,749,9,0,740,746,37543,3,0,0,3,3
2020-10-01,US,North Carolina,Yancey,217,0,0,35.90079156,-82.31237181,37199.0,1200.9519065803308,0.0,217,216,0,0,216,215,17903,1,0,0,1,1
2020-10-01,US,North Dakota,Adams,26,0,0,46.09686891,-102.5285397,38001.0,1173.2851985559566,0.0,26,21,0,0,21,21,2294,5,0,0,5,0
2020-10-01,US,North Dakota,Barnes,244,0,0,46.93579637,-98.06605978,38003.0,2342.774843975036,0.0,244,242,0,0,242,237,10542,2,0,0,2,5
2020-10-01,US,North Dakota,Benson,347,6,0,48.0683985,-99.35916363,38005.0,5079.039812646371,1.7291066282420748,341,345,6,0,339,344,6962,2,0,0,2,1
2020-10-01,US,North Dakota,Billings,16,0,0,47.02366884,-103.3762965,38007.0,1724.1379310344828,0.0,16,16,0,0,16,17,919,0,0,0,0,-1
2020-10-01,US,North Dakota,Bottineau,100,4,0,48.79106111,-100.8378166,38009.0,1591.849729385546,4.0,96,98,4,0,94,94,6411,2,0,0,2,4
2020-10-01,US,North Dakota,Bowman,43,0,0,46.11285362,-103.5203343,38011.0,1421.9576719576721,0.0,43,42,0,0,42,42,3076,1,0,0,1,0
2020-10-01,US,North Dakota,Burke,35,1,0,48.79094471,-102.51821170000001,38013.0,1654.8463356973996,2.8571428571428568,34,35,1,0,34,35,2100,0,0,0,0,0
2020-10-01,US,North Dakota,Burleigh,3833,50,0,46.97847375,-100.46452140000001,38015.0,4008.3240959571667,1.3044612575006522,3783,3790,48,0,3742,3712,95273,43,2,0,41,78
2020-10-01,US,North Dakota,Cass,5416,77,0,46.93201724,-97.24447190000001,38017.0,2977.083711240469,1.4217134416543575,5339,5334,77,0,5257,5250,181516,82,0,0,82,84
2020-10-01,US,North Dakota,Cavalier,55,0,0,48.77286211,-98.46685243,38019.0,1461.9883040935672,0.0,55,55,0,0,55,55,3829,0,0,0,0,0
2020-10-01,US,North Dakota,Dickey,117,0,0,46.11017712,-98.50490079999999,38021.0,2401.477832512315,0.0,117,79,0,0,79,77,4903,38,0,0,38,2
2020-10-01,US,North Dakota,Divide,8,1,0,48.814938700000006,-103.48736109999999,38023.0,353.356890459364,12.5,7,8,0,0,8,8,2283,0,1,0,-1,0
2020-10-01,US,North Dakota,Dunn,115,1,0,47.35423935,-102.61604679999999,38025.0,2599.4575045207957,0.8695652173913043,114,113,1,0,112,108,4332,2,0,0,2,5
2020-10-01,US,North Dakota,Eddy,89,3,0,47.71701474,-98.90432337,38027.0,3891.5609969392217,3.3707865168539324,86,88,3,0,85,84,2313,1,0,0,1,4
2020-10-01,US,North Dakota,Emmons,186,2,0,46.28398398,-100.2389766,38029.0,5738.9694538722615,1.075268817204301,184,186,2,0,184,183,3295,0,0,0,0,3
2020-10-01,US,North Dakota,Foster,66,0,0,47.457108399999996,-98.88279923,38031.0,2056.07476635514,0.0,66,66,0,0,66,65,3216,0,0,0,0,1
2020-10-01,US,North Dakota,Golden Valley,53,0,0,46.94022281,-103.8465421,38033.0,3009.6536059057353,0.0,53,51,0,0,51,49,1769,2,0,0,2,2
2020-10-01,US,North Dakota,Grand Forks,2301,13,0,47.92093639,-97.45450447,38035.0,3313.1272407884694,0.5649717514124294,2288,2295,13,0,2282,2261,70770,6,0,0,6,34
2020-10-01,US,North Dakota,Grant,30,1,0,46.35821257,-101.63900129999999,38037.0,1319.2612137203164,3.333333333333333,29,29,1,0,28,25,2374,1,0,0,1,4
2020-10-01,US,North Dakota,Griggs,60,1,0,47.45785838,-98.23850925,38039.0,2689.376961004034,1.6666666666666667,59,60,1,0,59,60,2232,0,0,0,0,0
2020-10-01,US,North Dakota,Hettinger,67,0,0,46.43375068,-102.4632417,38041.0,2681.072428971589,0.0,67,65,0,0,65,64,2514,2,0,0,2,1
2020-10-01,US,North Dakota,Kidder,56,0,0,46.97830064,-99.77507857,38043.0,2258.064516129032,0.0,56,56,0,0,56,52,2450,0,0,0,0,4
2020-10-01,US,North Dakota,LaMoure,74,0,0,46.45681054,-98.53542355,38045.0,1828.966880869995,0.0,74,68,0,0,68,66,4062,6,0,0,6,2
2020-10-01,US,North Dakota,Logan,69,0,0,46.45729487,-99.47719806,38047.0,3729.7297297297296,0.0,69,69,0,0,69,64,1903,0,0,0,0,5
2020-10-01,US,North Dakota,McHenry,90,1,0,48.23104458,-100.6324822,38049.0,1566.579634464752,1.1111111111111112,89,88,1,0,87,89,5816,2,0,0,2,-1
2020-10-01,US,North Dakota,McIntosh,76,3,0,46.11182017,-99.44145858,38051.0,3043.652382859432,3.947368421052632,73,76,3,0,73,70,2585,0,0,0,0,6
2020-10-01,US,North Dakota,McKenzie,256,2,0,47.74133370000001,-103.395905,38053.0,1703.940362087327,0.78125,254,250,2,0,248,242,13632,6,0,0,6,8
2020-10-01,US,North Dakota,McLean,299,4,0,47.60766714,-101.3182418,38055.0,3164.0211640211637,1.3377926421404682,295,293,4,0,289,281,9541,6,0,0,6,12
2020-10-01,US,North Dakota,Mercer,169,1,0,47.31213126,-101.8318399,38057.0,2064.248198363259,0.591715976331361,168,166,1,0,165,156,8267,3,0,0,3,10
2020-10-01,US,North Dakota,Morton,1347,33,0,46.71681782,-101.2822377,38059.0,4294.732814692004,2.4498886414253898,1314,1332,28,0,1304,1289,31095,15,5,0,10,43
2020-10-01,US,North Dakota,Mountrail,276,2,0,48.20197971,-102.3555315,38061.0,2617.354196301565,0.7246376811594203,274,271,2,0,269,269,10218,5,0,0,5,2
2020-10-01,US,North Dakota,Nelson,74,0,0,47.9226426,-98.19038437,38063.0,2570.336922542549,0.0,74,74,0,0,74,70,2869,0,0,0,0,4
2020-10-01,US,North Dakota,Oliver,24,0,0,47.11530482,-101.3406158,38065.0,1225.1148545176109,0.0,24,24,0,0,24,22,1952,0,0,0,0,2
2020-10-01,US,North Dakota,Pembina,97,0,0,48.76623521,-97.5523809,38067.0,1426.260843993531,0.0,97,92,0,0,92,88,6947,5,0,0,5,4
2020-10-01,US,North Dakota,Pierce,36,0,0,48.24977025,-99.96407787,38069.0,905.6603773584906,0.0,36,36,0,0,36,34,4081,0,0,0,0,2
2020-10-01,US,North Dakota,Ramsey,255,2,0,48.26886249,-98.72223879,38071.0,2213.733831061724,0.7843137254901961,253,249,2,0,247,246,11481,6,0,0,6,3
2020-10-01,US,North Dakota,Ransom,83,0,0,46.45621782,-97.65742504,38073.0,1590.6477577615944,0.0,83,83,0,0,83,82,5237,0,0,0,0,1
2020-10-01,US,North Dakota,Renville,70,1,0,48.71982533,-101.6603912,38075.0,3008.165019338204,1.4285714285714286,69,69,1,0,68,68,2374,1,0,0,1,1
2020-10-01,US,North Dakota,Richland,250,2,0,46.26440649,-96.94852979,38077.0,1545.4039685973914,0.8,248,243,1,0,242,243,16239,7,1,0,6,0
2020-10-01,US,North Dakota,Rolette,211,5,0,48.77245354,-99.84097493,38079.0,1488.431151241535,2.3696682464454977,206,205,5,0,200,195,14301,6,0,0,6,10
2020-10-01,US,North Dakota,Sargent,79,0,0,46.10830372,-97.63217159,38081.0,2026.6803488968694,0.0,79,76,0,0,76,76,3870,3,0,0,3,0
2020-10-01,US,North Dakota,Sheridan,15,0,0,47.57700669,-100.3426391,38083.0,1140.6844106463875,0.0,15,15,0,0,15,13,1349,0,0,0,0,2
2020-10-01,US,North Dakota,Sioux,158,3,0,46.11323337,-101.04401490000001,38085.0,3735.224586288416,1.8987341772151896,155,155,3,0,152,152,4358,3,0,0,3,3
2020-10-01,US,North Dakota,Slope,11,0,0,46.44737738,-103.4601547,38087.0,1466.666666666667,0.0,11,7,0,0,7,7,763,4,0,0,4,0
2020-10-01,US,North Dakota,Stark,1682,14,0,46.80851182,-102.65763259999999,38089.0,5341.5478421035905,0.8323424494649228,1668,1664,14,0,1650,1659,30997,18,0,0,18,5
2020-10-01,US,North Dakota,Steele,29,0,0,47.45611548,-97.72728747,38091.0,1534.3915343915344,0.0,29,29,0,0,29,28,1903,0,0,0,0,1
2020-10-01,US,North Dakota,Stutsman,529,4,0,46.97962541,-98.95637318,38093.0,2555.061823802164,0.7561436672967864,525,527,3,0,524,515,20917,2,1,0,1,12
2020-10-01,US,North Dakota,Towner,22,0,0,48.68565745,-99.24564265,38095.0,1005.0251256281407,0.0,22,22,0,0,22,21,2192,0,0,0,0,1
2020-10-01,US,North Dakota,Traill,125,0,0,47.45367788,-97.16323288,38097.0,1555.50024888004,0.0,125,124,0,0,124,123,8037,1,0,0,1,1
2020-10-01,US,North Dakota,Walsh,222,1,0,48.36876964,-97.72574783,38099.0,2086.270087397801,0.4504504504504505,221,218,1,0,217,209,10667,4,0,0,4,9
2020-10-01,US,North Dakota,Ward,1151,11,0,48.22390169,-101.54367629999999,38101.0,1701.6306677902453,0.9556907037358818,1140,1123,11,0,1112,1097,67744,28,0,0,28,26
2020-10-01,US,North Dakota,Wells,39,0,0,47.58614526,-99.65904998,38103.0,1017.2143974960876,0.0,39,38,0,0,38,38,3957,1,0,0,1,0
2020-10-01,US,North Dakota,Williams,1137,7,0,48.34522353,-103.4793387,38105.0,3024.821091276703,0.6156552330694811,1130,1086,7,0,1079,1046,35350,51,0,0,51,40
2020-10-01,US,Ohio,Adams,144,4,0,38.84541072,-83.4718964,39001.0,519.8931330782005,2.7777777777777777,140,139,4,0,135,137,27724,5,0,0,5,2
2020-10-01,US,Ohio,Allen,1496,72,0,40.77285242,-84.10802343,39003.0,1461.6369161024315,4.81283422459893,1424,1479,72,0,1407,1473,102663,17,0,0,17,6
2020-10-01,US,Ohio,Ashland,271,4,0,40.84772277,-82.27280781,39005.0,506.6935906065365,1.4760147601476017,267,261,4,0,257,248,53745,10,0,0,10,13
2020-10-01,US,Ohio,Ashtabula,667,48,0,41.70860332,-80.74830218,39007.0,685.9246614082538,7.1964017991004505,619,664,48,0,616,662,97493,3,0,0,3,2
2020-10-01,US,Ohio,Athens,773,2,0,39.33425634,-82.04278644,39009.0,1183.2779708237026,0.258732212160414,771,757,2,0,755,740,65818,16,0,0,16,17
2020-10-01,US,Ohio,Auglaize,639,13,0,40.55998859,-84.22421429999999,39011.0,1399.5969861573506,2.0344287949921758,626,634,13,0,621,625,45804,5,0,0,5,9
2020-10-01,US,Ohio,Belmont,723,27,0,40.01625942,-80.9924051,39013.0,1079.0078500432796,3.734439834024896,696,723,27,0,696,724,67505,0,0,0,0,-1
2020-10-01,US,Ohio,Brown,296,3,0,38.93416837,-83.86788395,39015.0,681.525142751888,1.0135135135135136,293,295,3,0,292,292,43602,1,0,0,1,3
2020-10-01,US,Ohio,Butler,6312,113,0,39.44012838,-84.57388716,39017.0,1647.465377648551,1.7902408111533588,6199,6231,113,0,6118,6151,382378,81,0,0,81,80
2020-10-01,US,Ohio,Carroll,152,7,0,40.578968599999996,-81.09178213,39019.0,564.7618339897451,4.605263157894737,145,152,7,0,145,152,27081,0,0,0,0,0
2020-10-01,US,Ohio,Champaign,318,3,0,40.13923427,-83.76875242,39021.0,817.7960653208178,0.9433962264150944,315,314,3,0,311,314,38754,4,0,0,4,0
2020-10-01,US,Ohio,Clark,1895,41,0,39.91592258,-83.78498252,39023.0,1413.3036999470478,2.163588390501319,1854,1873,41,0,1832,1853,134585,22,0,0,22,20
2020-10-01,US,Ohio,Clermont,1779,24,0,39.04847534,-84.15375786,39025.0,861.8016935687019,1.349072512647555,1755,1764,23,0,1741,1761,205466,15,1,0,14,3
2020-10-01,US,Ohio,Clinton,314,14,0,39.41485808,-83.80852286,39027.0,748.1890964544415,4.4585987261146505,300,308,14,0,294,305,42057,6,0,0,6,3
2020-10-01,US,Ohio,Columbiana,1966,80,0,40.76932373,-80.78094576,39029.0,1929.6644189904105,4.069175991861648,1886,1959,80,0,1879,1951,102665,7,0,0,7,8
2020-10-01,US,Ohio,Coshocton,235,11,0,40.30096166,-81.91729018,39031.0,642.0765027322402,4.680851063829787,224,235,11,0,224,235,36629,0,0,0,0,0
2020-10-01,US,Ohio,Crawford,256,7,0,40.85065156,-82.91989099,39033.0,616.9566684339904,2.734375,249,249,6,0,243,248,41550,7,1,0,6,1
2020-10-01,US,Ohio,Cuyahoga,17704,658,0,41.424119,-81.65918339,39035.0,1433.4386983107058,3.7166741979213738,17046,17649,658,0,16991,17603,1243857,55,0,0,55,46
2020-10-01,US,Ohio,Darke,865,44,0,40.13412966,-84.6194517,39037.0,1692.3287617631522,5.086705202312139,821,832,44,0,788,811,51323,33,0,0,33,21
2020-10-01,US,Ohio,Defiance,350,12,0,41.32398837,-84.49076944,39039.0,918.9487226612756,3.4285714285714284,338,334,12,0,322,332,38165,16,0,0,16,2
2020-10-01,US,Ohio,Delaware,2360,21,0,40.27942393,-83.00457058,39041.0,1128.2311152755801,0.8898305084745762,2339,2342,21,0,2321,2328,204826,18,0,0,18,14
2020-10-01,US,Ohio,Erie,983,50,0,41.36796058,-82.62904521,39043.0,1323.620499286349,5.0864699898270604,933,966,48,0,918,960,74615,17,2,0,15,6
2020-10-01,US,Ohio,Fairfield,2194,54,0,39.75107189,-82.63088163,39045.0,1392.361684034168,2.461257976298997,2140,2175,54,0,2121,2146,155782,19,0,0,19,29
2020-10-01,US,Ohio,Fayette,256,6,0,39.56021306,-83.4562016,39047.0,897.4583698510079,2.34375,250,245,6,0,239,234,28666,11,0,0,11,11
2020-10-01,US,Ohio,Franklin,27600,615,0,39.96995815,-83.01115755,39049.0,2096.060317932859,2.2282608695652173,26985,27424,615,0,26809,27283,1310300,176,0,0,176,141
2020-10-01,US,Ohio,Fulton,312,1,0,41.60213491,-84.12571393,39051.0,740.6352371457057,0.3205128205128205,311,301,1,0,300,299,42276,11,0,0,11,2
2020-10-01,US,Ohio,Gallia,212,13,0,38.82708533,-82.31647569,39053.0,709.0775302695832,6.132075471698112,199,208,13,0,195,197,29979,4,0,0,4,11
2020-10-01,US,Ohio,Geauga,739,49,0,41.49952319,-81.17935342,39055.0,789.1168085083664,6.630581867388363,690,735,49,0,686,733,94031,4,0,0,4,2
2020-10-01,US,Ohio,Greene,1589,34,0,39.69116283,-83.89032084,39057.0,940.5873195333172,2.1397105097545626,1555,1561,34,0,1527,1536,167995,28,0,0,28,25
2020-10-01,US,Ohio,Guernsey,180,8,0,40.05026529,-81.49248905,39059.0,463.0225080385852,4.4444444444444455,172,175,8,0,167,174,39022,5,0,0,5,1
2020-10-01,US,Ohio,Hamilton,13537,322,0,39.19673558,-84.54502924,39061.0,1655.9568328250596,2.3786658787028143,13215,13426,320,0,13106,13340,816684,111,2,0,109,86
2020-10-01,US,Ohio,Hancock,745,12,0,41.00250487,-83.66838948,39063.0,983.070081680588,1.6107382550335567,733,741,11,0,730,731,75930,4,1,0,3,10
2020-10-01,US,Ohio,Hardin,258,13,0,40.66015414,-83.65929931,39065.0,822.5729316116691,5.038759689922482,245,257,13,0,244,257,31480,1,0,0,1,0
2020-10-01,US,Ohio,Harrison,68,3,0,40.29380509,-81.09068544,39067.0,452.12765957446817,4.411764705882354,65,67,3,0,64,64,15174,1,0,0,1,3
2020-10-01,US,Ohio,Henry,346,17,0,41.333964200000004,-84.06830637,39069.0,1281.1967710879064,4.913294797687861,329,342,15,0,327,337,27086,4,2,0,2,5
2020-10-01,US,Ohio,Highland,237,4,0,39.1839264,-83.60331456,39071.0,549.1068325571697,1.6877637130801688,233,234,3,0,231,231,43058,3,1,0,2,3
2020-10-01,US,Ohio,Hocking,170,9,0,39.49537927,-82.47991446,39073.0,601.4718369657513,5.294117647058823,161,170,9,0,161,167,28385,0,0,0,0,3
2020-10-01,US,Ohio,Holmes,405,9,0,40.56163713,-81.92635677,39075.0,921.292083712466,2.2222222222222223,396,404,9,0,395,399,43892,1,0,0,1,5
2020-10-01,US,Ohio,Huron,598,7,0,41.14651175,-82.59867951,39077.0,1026.3275323516286,1.1705685618729098,591,588,7,0,581,572,58504,10,0,0,10,16
2020-10-01,US,Ohio,Jackson,278,7,0,39.01914254,-82.61818559999998,39079.0,857.6805602690279,2.5179856115107917,271,275,7,0,268,266,32384,3,0,0,3,9
2020-10-01,US,Ohio,Jefferson,349,4,0,40.38614126,-80.76259514,39081.0,534.2518178339074,1.146131805157593,345,345,4,0,341,342,65767,4,0,0,4,3
2020-10-01,US,Ohio,Knox,295,15,0,40.39830217,-82.42027563,39083.0,473.3480953756298,5.084745762711863,280,293,15,0,278,289,61893,2,0,0,2,4
2020-10-01,US,Ohio,Lake,1677,53,0,41.69710807,-81.23676539,39085.0,728.6583908685243,3.1604054859868813,1624,1671,53,0,1618,1660,230514,6,0,0,6,11
2020-10-01,US,Ohio,Lawrence,703,22,0,38.59743452,-82.53466552,39087.0,1182.2477843364782,3.1294452347083928,681,690,22,0,668,686,59866,13,0,0,13,4
2020-10-01,US,Ohio,Licking,1977,63,0,40.09136236,-82.48185785,39089.0,1117.8206737456321,3.1866464339908958,1914,1967,63,0,1904,1960,175769,10,0,0,10,7
2020-10-01,US,Ohio,Logan,321,3,0,40.38996525,-83.76784341,39091.0,702.8376248029429,0.9345794392523364,318,317,3,0,314,314,45358,4,0,0,4,3
2020-10-01,US,Ohio,Lorain,2355,86,0,41.29553751,-82.15083537,39093.0,760.0868855157457,3.6518046709129512,2269,2345,86,0,2259,2342,309461,10,0,0,10,3
2020-10-01,US,Ohio,Lucas,7429,364,0,41.62101218,-83.65468618,39095.0,1734.3375012840027,4.899717324000538,7065,7401,364,0,7037,7377,429899,28,0,0,28,24
2020-10-01,US,Ohio,Madison,887,12,0,39.89381073,-83.40178317,39097.0,1982.9648342312937,1.3528748590755355,875,876,12,0,864,855,44413,11,0,0,11,21
2020-10-01,US,Ohio,Mahoning,3155,282,0,41.01631101,-80.77287029,39099.0,1379.6390636820402,8.938193343898574,2873,3126,282,0,2844,3114,229642,29,0,0,29,12
2020-10-01,US,Ohio,Marion,3138,48,0,40.58610662,-83.15736305,39101.0,4820.794862734856,1.5296367112810707,3090,3125,48,0,3077,3114,65256,13,0,0,13,11
2020-10-01,US,Ohio,Medina,1514,39,0,41.11770589,-81.89986209999998,39103.0,842.2996895619374,2.575957727873184,1475,1503,39,0,1464,1493,179146,11,0,0,11,10
2020-10-01,US,Ohio,Meigs,181,11,0,39.09224872,-82.0305041,39105.0,790.1514820797138,6.077348066298343,170,180,11,0,169,177,23106,1,0,0,1,3
2020-10-01,US,Ohio,Mercer,1167,19,0,40.54043046,-84.62912742,39107.0,2834.4505974934423,1.6281062553556127,1148,1161,19,0,1142,1139,40959,6,0,0,6,22
2020-10-01,US,Ohio,Miami,1526,53,0,40.0543329,-84.22871271,39109.0,1426.3415181283704,3.473132372214941,1473,1494,53,0,1441,1476,106222,32,0,0,32,18
2020-10-01,US,Ohio,Monroe,110,18,0,39.72984936,-81.08464734,39111.0,805.6247253552073,16.363636363636363,92,110,18,0,92,110,13790,0,0,0,0,0
2020-10-01,US,Ohio,Montgomery,8120,166,0,39.75394919,-84.29050975,39113.0,1527.2143197031335,2.0443349753694577,7954,8037,166,0,7871,7993,532331,83,0,0,83,44
2020-10-01,US,Ohio,Morgan,51,0,0,39.62081738,-81.85308173,39115.0,351.53019023986764,0.0,51,51,0,0,51,50,14604,0,0,0,0,1
2020-10-01,US,Ohio,Morrow,264,2,0,40.52363560000001,-82.7892599,39117.0,747.2826086956521,0.7575757575757576,262,262,2,0,260,262,35112,2,0,0,2,0
2020-10-01,US,Ohio,Muskingum,498,3,0,39.96575964,-81.94363275,39119.0,577.6257031839008,0.6024096385542169,495,482,3,0,479,455,86183,16,0,0,16,27
2020-10-01,US,Ohio,Noble,48,0,0,39.76818851,-81.45937183,39121.0,332.77870216306155,0.0,48,43,0,0,43,35,14354,5,0,0,5,8
2020-10-01,US,Ohio,Ottawa,475,30,0,41.53781826,-83.0940185,39123.0,1172.1159777914868,6.315789473684211,445,473,30,0,443,472,40769,2,0,0,2,1
2020-10-01,US,Ohio,Paulding,123,0,0,41.11676341,-84.5801017,39125.0,658.7403598971722,0.0,123,118,0,0,118,113,18760,5,0,0,5,5
2020-10-01,US,Ohio,Perry,309,9,0,39.73508655,-82.23804971,39127.0,855.1502739801849,2.9126213592233015,300,306,9,0,297,303,36033,3,0,0,3,3
2020-10-01,US,Ohio,Pickaway,2692,45,0,39.64170392,-83.0243386,39129.0,4605.094342850301,1.6716196136701338,2647,2692,45,0,2647,2684,58086,0,0,0,0,8
2020-10-01,US,Ohio,Pike,210,0,0,39.07634001,-83.06769584,39131.0,756.1572807143884,0.0,210,206,0,0,206,204,28067,4,0,0,4,2
2020-10-01,US,Ohio,Portage,1205,67,0,41.16793482,-81.19735782,39133.0,741.693646670688,5.560165975103733,1138,1187,66,0,1121,1177,162927,18,1,0,17,10
2020-10-01,US,Ohio,Preble,464,16,0,39.7420247,-84.64787018,39135.0,1134.9738271121764,3.4482758620689653,448,453,16,0,437,447,40997,11,0,0,11,6
2020-10-01,US,Ohio,Putnam,636,25,0,41.02094889,-84.1336111,39137.0,1878.267032869673,3.930817610062893,611,626,25,0,601,625,33780,10,0,0,10,1
2020-10-01,US,Ohio,Richland,982,19,0,40.77180308,-82.53799609999999,39139.0,810.5386532842497,1.9348268839103868,963,949,19,0,930,941,121099,33,0,0,33,8
2020-10-01,US,Ohio,Ross,934,27,0,39.33705391,-83.06000914,39141.0,1218.2714632301152,2.8907922912205564,907,914,27,0,887,904,76931,20,0,0,20,10
2020-10-01,US,Ohio,Sandusky,600,20,0,41.35624126,-83.137872,39143.0,1025.3255408592227,3.333333333333333,580,591,20,0,571,587,58799,9,0,0,9,4
2020-10-01,US,Ohio,Scioto,547,7,0,38.80270163,-82.98907345,39145.0,726.2925883633853,1.279707495429616,540,539,7,0,532,528,75502,8,0,0,8,11
2020-10-01,US,Ohio,Seneca,498,14,0,41.12351311,-83.12783209,39147.0,902.5336184711298,2.8112449799196786,484,497,14,0,483,495,55207,1,0,0,1,2
2020-10-01,US,Ohio,Shelby,690,10,0,40.33163494,-84.20258189,39149.0,1420.0452768059272,1.4492753623188406,680,680,10,0,670,669,48627,10,0,0,10,11
2020-10-01,US,Ohio,Stark,2979,176,0,40.81482476,-81.36437305,39151.0,803.8186105999362,5.9080228264518295,2803,2956,175,0,2781,2946,371574,23,1,0,22,10
2020-10-01,US,Ohio,Summit,5464,253,0,41.12464734,-81.53123079,39153.0,1009.9572468683748,4.630307467057102,5211,5428,253,0,5175,5393,541918,36,0,0,36,35
2020-10-01,US,Ohio,Trumbull,1949,132,0,41.31735028,-80.76109643,39155.0,984.4727085374848,6.772703950743972,1817,1931,132,0,1799,1921,198627,18,0,0,18,10
2020-10-01,US,Ohio,Tuscarawas,959,20,0,40.44214695,-81.47226262,39157.0,1042.5386195875503,2.085505735140772,939,950,20,0,930,943,92176,9,0,0,9,7
2020-10-01,US,Ohio,Union,573,2,0,40.30016061,-83.37239023,39159.0,971.3840103071813,0.34904013961605584,571,557,2,0,555,551,57835,16,0,0,16,6
2020-10-01,US,Ohio,Van Wert,131,3,0,40.8554138,-84.59111700000003,39161.0,463.3068081343943,2.2900763358778624,128,128,3,0,125,128,28281,3,0,0,3,0
2020-10-01,US,Ohio,Vinton,48,3,0,39.25208988,-82.4831444,39163.0,366.8322506687046,6.25,45,48,3,0,45,48,13139,0,0,0,0,0
2020-10-01,US,Ohio,Warren,3189,56,0,39.42581994,-84.16557457,39165.0,1359.3234499279629,1.7560363750391972,3133,3167,55,0,3112,3136,232173,22,1,0,21,31
2020-10-01,US,Ohio,Washington,264,23,0,39.45690571,-81.49121382,39167.0,440.65363622707014,8.712121212121213,241,263,23,0,240,263,60155,1,0,0,1,0
2020-10-01,US,Ohio,Wayne,961,68,0,40.82925852,-81.88844833,39169.0,830.5245873303951,7.075962539021852,893,950,68,0,882,942,115967,11,0,0,11,8
2020-10-01,US,Ohio,Williams,226,3,0,41.56052014,-84.58429552,39171.0,615.9380791453177,1.327433628318584,223,222,3,0,219,216,36804,4,0,0,4,6
2020-10-01,US,Ohio,Wood,2002,73,0,41.36224827,-83.62285108,39173.0,1530.3821368782346,3.646353646353647,1929,1974,73,0,1901,1942,130696,28,0,0,28,32
2020-10-01,US,Ohio,Wyandot,217,12,0,40.84339621,-83.30734173,39175.0,996.6930001837222,5.529953917050692,205,215,12,0,203,215,21935,2,0,0,2,0
2020-10-01,US,Oklahoma,Adair,649,10,0,35.88494195,-94.65859267,40001.0,2924.2137514643596,1.5408320493066257,639,639,10,0,629,634,22082,10,0,0,10,5
2020-10-01,US,Oklahoma,Alfalfa,75,0,0,36.73090616,-98.32408495,40003.0,1315.3279551034725,0.0,75,72,0,0,72,72,5754,3,0,0,3,0
2020-10-01,US,Oklahoma,Atoka,312,1,0,34.37366573,-96.03802487,40005.0,2267.77147841256,0.3205128205128205,311,312,1,0,311,310,13838,0,0,0,0,2
2020-10-01,US,Oklahoma,Beaver,61,0,0,36.7496847,-100.4758872,40007.0,1148.5595932969306,0.0,61,60,0,0,60,60,5319,1,0,0,1,0
2020-10-01,US,Oklahoma,Beckham,575,4,0,35.26862449,-99.68128023,40009.0,2630.495448099181,0.6956521739130435,571,567,3,0,564,556,21709,8,1,0,7,11
2020-10-01,US,Oklahoma,Blaine,138,1,0,35.87518314,-98.43307003,40011.0,1463.5698377346484,0.7246376811594203,137,137,1,0,136,134,9485,1,0,0,1,3
2020-10-01,US,Oklahoma,Bryan,1015,5,0,33.96472458,-96.25903472,40013.0,2114.803625377644,0.4926108374384237,1010,1003,5,0,998,978,47192,12,0,0,12,25
2020-10-01,US,Oklahoma,Caddo,821,21,0,35.17364557,-98.37534464,40015.0,2854.4607468187187,2.5578562728380025,800,805,21,0,784,791,28977,16,0,0,16,14
2020-10-01,US,Oklahoma,Canadian,2415,17,0,35.5426055,-97.98465569,40017.0,1628.389950507734,0.7039337474120083,2398,2379,17,0,2362,2360,144447,36,0,0,36,19
2020-10-01,US,Oklahoma,Carter,570,9,0,34.25103751,-97.28552485,40019.0,1184.7602419405125,1.5789473684210529,561,564,9,0,555,555,48177,6,0,0,6,9
2020-10-01,US,Oklahoma,Cherokee,1125,8,0,35.90692775,-94.99980896,40021.0,2312.1030889697267,0.7111111111111111,1117,1105,8,0,1097,1099,48675,20,0,0,20,6
2020-10-01,US,Oklahoma,Choctaw,336,2,0,34.02807439,-95.54771129,40023.0,2290.0763358778627,0.5952380952380952,334,329,2,0,327,324,14668,7,0,0,7,5
2020-10-01,US,Oklahoma,Cimarron,27,0,0,36.74817177,-102.5173885,40025.0,1263.4534394010295,0.0,27,26,0,0,26,25,2153,1,0,0,1,1
2020-10-01,US,Oklahoma,Cleveland,6266,72,0,35.20413532,-97.32519562,40027.0,2206.2292703880794,1.1490584104691988,6194,6195,71,0,6124,6124,281669,71,1,0,70,71
2020-10-01,US,Oklahoma,Coal,71,0,0,34.58840127,-96.29798747,40029.0,1292.083712465878,0.0,71,71,0,0,71,70,5520,0,0,0,0,1
2020-10-01,US,Oklahoma,Comanche,1697,13,0,34.65973764,-98.47195055,40031.0,1405.394661653513,0.7660577489687684,1684,1648,13,0,1635,1640,120422,49,0,0,49,8
2020-10-01,US,Oklahoma,Cotton,69,3,0,34.28845626,-98.37053567,40033.0,1217.7903282739144,4.3478260869565215,66,69,3,0,66,68,5776,0,0,0,0,1
2020-10-01,US,Oklahoma,Craig,511,1,0,36.76268118,-95.20916602,40035.0,3613.3503040588316,0.19569471624266144,510,510,1,0,509,511,14306,1,0,0,1,-1
2020-10-01,US,Oklahoma,Creek,1199,34,0,35.90230551,-96.37086028,40037.0,1676.407259304829,2.835696413678065,1165,1185,34,0,1151,1175,71604,14,0,0,14,10
2020-10-01,US,Oklahoma,Custer,734,0,0,35.63853802,-99.00170785,40039.0,2530.7726786884114,0.0,734,718,0,0,718,704,29036,16,0,0,16,14
2020-10-01,US,Oklahoma,Delaware,804,25,0,36.40823634,-94.80325046,40041.0,1869.376177079216,3.109452736318408,779,789,25,0,764,775,42733,15,0,0,15,14
2020-10-01,US,Oklahoma,Dewey,69,1,0,35.98772922,-99.00730714,40043.0,1410.7544469433649,1.4492753623188406,68,68,1,0,67,68,4894,1,0,0,1,0
2020-10-01,US,Oklahoma,Ellis,13,0,0,36.218019399999996,-99.75324573,40045.0,336.87483804094325,0.0,13,11,0,0,11,11,3952,2,0,0,2,0
2020-10-01,US,Oklahoma,Garfield,1767,21,0,36.3791334,-97.78265517,40047.0,2894.064465408805,1.1884550084889642,1746,1739,21,0,1718,1701,60913,28,0,0,28,38
2020-10-01,US,Oklahoma,Garvin,391,5,0,34.70418038,-97.30811132,40049.0,1410.9920248276858,1.278772378516624,386,381,5,0,376,373,27811,10,0,0,10,8
2020-10-01,US,Oklahoma,Grady,1151,11,0,35.0167709,-97.88339847,40051.0,2061.4679227710712,0.9556907037358818,1140,1130,11,0,1119,1107,55551,21,0,0,21,23
2020-10-01,US,Oklahoma,Grant,53,1,0,36.796296999999996,-97.78638765,40053.0,1223.171013154858,1.8867924528301887,52,50,1,0,49,50,4326,3,0,0,3,0
2020-10-01,US,Oklahoma,Greer,109,8,0,34.93535801,-99.56056120000001,40055.0,1908.2633053221286,7.339449541284404,101,109,8,0,101,108,5821,0,0,0,0,1
2020-10-01,US,Oklahoma,Harmon,46,0,0,34.7440135,-99.84741652,40057.0,1733.8861666038447,0.0,46,46,0,0,46,44,2664,0,0,0,0,2
2020-10-01,US,Oklahoma,Harper,30,1,0,36.78836519,-99.6679804,40059.0,813.4490238611712,3.333333333333333,29,29,1,0,28,29,3797,1,0,0,1,0
2020-10-01,US,Oklahoma,Haskell,289,4,0,35.22257600000001,-95.11513306,40061.0,2288.746337213907,1.3840830449826989,285,285,4,0,281,281,12668,4,0,0,4,4
2020-10-01,US,Oklahoma,Hughes,300,4,0,35.04912569,-96.24921145,40063.0,2259.2062655320433,1.3333333333333333,296,298,4,0,294,297,13335,2,0,0,2,1
2020-10-01,US,Oklahoma,Jackson,799,10,0,34.58781741,-99.41138784,40065.0,3257.2360375050957,1.2515644555694618,789,793,10,0,783,785,24949,6,0,0,6,8
2020-10-01,US,Oklahoma,Jefferson,44,0,0,34.11130184,-97.83182974,40067.0,733.0889703432189,0.0,44,43,0,0,43,43,6123,1,0,0,1,0
2020-10-01,US,Oklahoma,Johnston,193,4,0,34.31440473,-96.66011537,40069.0,1741.0915651781686,2.0725388601036268,189,189,4,0,185,180,10949,4,0,0,4,9
2020-10-01,US,Oklahoma,Kay,656,13,0,36.81799745,-97.14421435,40071.0,1506.72975331894,1.9817073170731707,643,637,13,0,624,616,44161,19,0,0,19,21
2020-10-01,US,Oklahoma,Kingfisher,373,2,0,35.94530008,-97.94193268,40073.0,2366.000634316524,0.5361930294906166,371,367,2,0,365,357,15816,6,0,0,6,10
2020-10-01,US,Oklahoma,Kiowa,79,2,0,34.91671958,-98.97720696,40075.0,907.2117593017914,2.5316455696202533,77,78,2,0,76,77,8729,1,0,0,1,1
2020-10-01,US,Oklahoma,Latimer,142,2,0,34.87844729,-95.25215049,40077.0,1409.7091233991864,1.4084507042253518,140,139,2,0,137,138,10231,3,0,0,3,1
2020-10-01,US,Oklahoma,Le Flore,1199,19,0,34.89851864,-94.70392124,40079.0,2405.070908470905,1.58465387823186,1180,1175,19,0,1156,1163,49980,24,0,0,24,12
2020-10-01,US,Oklahoma,Lincoln,486,10,0,35.70270942,-96.8812462,40081.0,1393.4684749261692,2.05761316872428,476,476,10,0,466,460,34920,10,0,0,10,16
2020-10-01,US,Oklahoma,Logan,538,1,0,35.91899576,-97.44352845,40083.0,1120.5765345441666,0.18587360594795535,537,513,1,0,512,504,47291,25,0,0,25,9
2020-10-01,US,Oklahoma,Love,200,1,0,33.95273467,-97.23906784,40085.0,1950.648590656393,0.5,199,197,1,0,196,186,10134,3,0,0,3,11
2020-10-01,US,Oklahoma,Major,96,1,0,36.31149996,-98.53467076,40093.0,1258.3562721195435,1.0416666666666667,95,96,1,0,95,96,7644,0,0,0,0,0
2020-10-01,US,Oklahoma,Marshall,190,2,0,34.02311222,-96.76855464,40095.0,1122.2018782115647,1.0526315789473684,188,187,2,0,185,183,16806,3,0,0,3,4
2020-10-01,US,Oklahoma,Mayes,683,11,0,36.30179091,-95.23175116,40097.0,1661.8004866180054,1.6105417276720349,672,671,11,0,660,653,41107,12,0,0,12,18
2020-10-01,US,Oklahoma,McClain,918,7,0,35.01123903,-97.44572302,40087.0,2268.122745466225,0.7625272331154684,911,904,7,0,897,884,39985,14,0,0,14,20
2020-10-01,US,Oklahoma,McCurtain,1321,34,0,34.11664328,-94.77222373,40089.0,4023.5136452241713,2.5738077214231643,1287,1309,34,0,1275,1289,32703,12,0,0,12,20
2020-10-01,US,Oklahoma,McIntosh,344,6,0,35.37235506,-95.66599306,40091.0,1755.460298020004,1.7441860465116281,338,331,6,0,325,328,19815,13,0,0,13,3
2020-10-01,US,Oklahoma,Murray,155,1,0,34.48116015,-97.06826283,40099.0,1101.3998436722802,0.6451612903225806,154,148,1,0,147,144,13953,7,0,0,7,4
2020-10-01,US,Oklahoma,Muskogee,1885,24,0,35.61318461,-95.37802952,40101.0,2772.181125637896,1.2732095490716178,1861,1854,23,0,1831,1846,68362,31,1,0,30,8
2020-10-01,US,Oklahoma,Noble,162,3,0,36.38953329,-97.22928674,40103.0,1455.3948432306174,1.851851851851852,159,158,3,0,155,152,11289,4,0,0,4,6
2020-10-01,US,Oklahoma,Nowata,153,4,0,36.79843529,-95.61902331,40105.0,1518.4597062326322,2.6143790849673203,149,151,4,0,147,151,10218,2,0,0,2,0
2020-10-01,US,Oklahoma,Okfuskee,147,5,0,35.46485198,-96.32639984,40107.0,1225.7150004169098,3.4013605442176873,142,143,5,0,138,143,12098,4,0,0,4,0
2020-10-01,US,Oklahoma,Oklahoma,18580,196,0,35.55140095,-97.40716948,40109.0,2329.973389647293,1.054897739504844,18384,18344,195,0,18149,18175,792582,236,1,0,235,169
2020-10-01,US,Oklahoma,Okmulgee,864,8,0,35.64661916,-95.96432828,40111.0,2246.1978421942026,0.925925925925926,856,852,8,0,844,849,38335,12,0,0,12,3
2020-10-01,US,Oklahoma,Osage,1015,13,0,36.62888819,-96.39635704,40113.0,2161.275898047399,1.2807881773399017,1002,1006,13,0,993,1000,47014,9,0,0,9,6
2020-10-01,US,Oklahoma,Ottawa,897,6,0,36.83532655,-94.81011909,40115.0,2881.7425386320565,0.6688963210702341,891,885,6,0,879,875,31175,12,0,0,12,10
2020-10-01,US,Oklahoma,Pawnee,259,3,0,36.31743373,-96.70331759999999,40117.0,1581.5828041035659,1.1583011583011582,256,257,3,0,254,258,16390,2,0,0,2,-1
2020-10-01,US,Oklahoma,Payne,2346,7,0,36.07695283,-96.97584944,40119.0,2868.5317421500536,0.2983802216538789,2339,2309,7,0,2302,2275,82040,37,0,0,37,34
2020-10-01,US,Oklahoma,Pittsburg,978,20,0,34.92065823,-95.75134320000001,40121.0,2240.344527420168,2.044989775051125,958,972,20,0,952,969,43877,6,0,0,6,3
2020-10-01,US,Oklahoma,Pontotoc,459,3,0,34.72959848,-96.68337199,40123.0,1198.9342806394316,0.6535947712418301,456,442,3,0,439,434,38247,17,0,0,17,8
2020-10-01,US,Oklahoma,Pottawatomie,1434,10,0,35.20614018,-96.94923008,40125.0,1975.4242891778708,0.6973500697350071,1424,1404,10,0,1394,1371,72679,30,0,0,30,33
2020-10-01,US,Oklahoma,Pushmataha,170,2,0,34.41635232,-95.37603505,40127.0,1532.0836337418893,1.1764705882352942,168,165,2,0,163,164,11179,5,0,0,5,1
2020-10-01,US,Oklahoma,Roger Mills,59,1,0,35.68711719,-99.69666167,40129.0,1646.664806028468,1.6949152542372878,58,59,1,0,58,57,3656,0,0,0,0,2
2020-10-01,US,Oklahoma,Rogers,1948,52,0,36.37004357,-95.60406759,40131.0,2106.8798061843627,2.6694045174537986,1896,1918,52,0,1866,1905,91984,30,0,0,30,13
2020-10-01,US,Oklahoma,Seminole,485,6,0,35.16478725,-96.61686741,40133.0,1999.3404237777233,1.2371134020618555,479,472,6,0,466,460,24578,13,0,0,13,12
2020-10-01,US,Oklahoma,Sequoyah,940,11,0,35.49447108,-94.75463785,40135.0,2261.3004883446797,1.1702127659574468,929,926,11,0,915,907,41179,14,0,0,14,19
2020-10-01,US,Oklahoma,Stephens,458,5,0,34.48556989,-97.85141892,40137.0,1061.5858887884476,1.091703056768559,453,455,5,0,450,450,43265,3,0,0,3,5
2020-10-01,US,Oklahoma,Texas,1576,10,0,36.74777635,-101.4889765,40139.0,7886.70369814342,0.6345177664974619,1566,1563,10,0,1553,1540,20455,13,0,0,13,23
2020-10-01,US,Oklahoma,Tillman,108,2,0,34.37288446,-98.92426619,40141.0,1489.655172413793,1.851851851851852,106,107,2,0,105,99,7348,1,0,0,1,8
2020-10-01,US,Oklahoma,Tulsa,17482,166,0,36.11939621,-95.94013939,40143.0,2683.131967977997,0.949548106623956,17316,17324,166,0,17158,17207,648360,158,0,0,158,117
2020-10-01,US,Oklahoma,Unassigned,11,0,0,0.0,0.0,90040.0,0.0,0.0,11,29,0,0,29,23,,-18,0,0,-18,6
2020-10-01,US,Oklahoma,Wagoner,1519,26,0,35.96024096,-95.51911308,40145.0,1868.641513611928,1.7116524028966424,1493,1508,26,0,1482,1498,80110,11,0,0,11,10
2020-10-01,US,Oklahoma,Washington,1016,40,0,36.71380786,-95.90514104,40147.0,1971.7817843072564,3.9370078740157477,976,1005,40,0,965,1000,51843,11,0,0,11,5
2020-10-01,US,Oklahoma,Washita,93,0,0,35.29071824,-98.99180434,40149.0,851.9604250641263,0.0,93,93,0,0,93,87,11127,0,0,0,0,6
2020-10-01,US,Oklahoma,Woods,113,0,0,36.76705782,-98.86573064,40151.0,1285.1131581940178,0.0,113,115,0,0,115,113,8897,-2,0,0,-2,2
2020-10-01,US,Oklahoma,Woodward,1108,4,0,36.42316318,-99.26283045,40153.0,5482.163178467173,0.36101083032490977,1104,1101,4,0,1097,1091,20222,7,0,0,7,10
2020-10-01,US,Oregon,Baker,99,2,0,44.70915557,-117.6749883,41001.0,613.991565368395,2.0202020202020203,97,98,2,0,96,95,16006,1,0,0,1,3
2020-10-01,US,Oregon,Benton,333,6,0,44.49167306,-123.4316987,41003.0,357.86057408143745,1.8018018018018016,327,328,6,0,322,322,92101,5,0,0,5,6
2020-10-01,US,Oregon,Clackamas,2491,63,0,45.18787398,-122.2179634,41005.0,595.666531958191,2.5291047771979125,2428,2466,63,0,2403,2448,416075,25,0,0,25,18
2020-10-01,US,Oregon,Clatsop,221,0,0,45.99712889,-123.660711,41007.0,549.42322991249,0.0,221,221,0,0,221,218,39764,0,0,0,0,3
2020-10-01,US,Oregon,Columbia,190,1,0,45.94464254,-123.08908980000001,41009.0,362.9140084807274,0.5263157894736842,189,184,1,0,183,182,52377,6,0,0,6,2
2020-10-01,US,Oregon,Coos,165,0,0,43.17406868,-124.0594514,41011.0,255.86552328376263,0.0,165,160,0,0,160,158,64389,5,0,0,5,2
2020-10-01,US,Oregon,Crook,63,1,0,44.14230227,-120.356297,41013.0,258.1544009178823,1.5873015873015872,62,63,1,0,62,63,23867,0,0,0,0,0
2020-10-01,US,Oregon,Curry,32,0,0,42.45911325,-124.15728200000001,41015.0,139.5856052344602,0.0,32,32,0,0,32,31,22813,0,0,0,0,1
2020-10-01,US,Oregon,Deschutes,879,12,0,43.91570171,-121.2289121,41017.0,444.63104222730317,1.3651877133105803,867,873,12,0,861,859,191996,6,0,0,6,14
2020-10-01,US,Oregon,Douglas,248,4,0,43.27941273,-123.16729099999999,41019.0,223.463687150838,1.6129032258064515,244,243,4,0,239,239,110283,5,0,0,5,4
2020-10-01,US,Oregon,Gilliam,8,0,0,45.37160076,-120.20488689999999,41021.0,418.41004184100416,0.0,8,8,0,0,8,8,1894,0,0,0,0,0
2020-10-01,US,Oregon,Grant,10,0,0,44.49024544,-119.0068631,41023.0,138.90818169190166,0.0,10,10,0,0,10,10,7176,0,0,0,0,0
2020-10-01,US,Oregon,Harney,12,0,0,43.06422669,-118.96663059999999,41025.0,162.31570404436633,0.0,12,12,0,0,12,12,7329,0,0,0,0,0
2020-10-01,US,Oregon,Hood River,252,0,0,45.51872811,-121.65520359999998,41027.0,1077.752117013087,0.0,252,252,0,0,252,252,23428,0,0,0,0,0
2020-10-01,US,Oregon,Jackson,1217,6,0,42.43201126,-122.72893090000001,41029.0,550.8183069012963,0.4930156121610518,1211,1190,6,0,1184,1171,219564,27,0,0,27,19
2020-10-01,US,Oregon,Jefferson,554,8,0,44.62806839,-121.17832,41031.0,2246.735339443588,1.444043321299639,546,545,8,0,537,545,24192,9,0,0,9,0
2020-10-01,US,Oregon,Josephine,204,2,0,42.3665549,-123.5561938,41033.0,233.17750065724047,0.9803921568627452,202,204,2,0,202,203,87393,0,0,0,0,1
2020-10-01,US,Oregon,Klamath,291,3,0,42.68762984,-121.64964609999998,41035.0,426.4486063483689,1.0309278350515465,288,290,2,0,288,290,67653,1,1,0,0,0
2020-10-01,US,Oregon,Lake,33,0,0,42.79246693,-120.38501629999999,41037.0,419.3671368661838,0.0,33,34,0,0,34,33,7879,-1,0,0,-1,1
2020-10-01,US,Oregon,Lane,1323,17,0,43.93727035,-122.847753,41039.0,346.27434455213347,1.2849584278155706,1306,1293,17,0,1276,1267,379611,30,0,0,30,26
2020-10-01,US,Oregon,Lincoln,481,13,0,44.64252874,-123.86991200000001,41041.0,962.7316760738161,2.702702702702702,468,481,13,0,468,481,49388,0,0,0,0,0
2020-10-01,US,Oregon,Linn,548,13,0,44.48899494,-122.53731540000001,41043.0,422.353929510054,2.372262773722628,535,532,13,0,519,525,127335,16,0,0,16,7
2020-10-01,US,Oregon,Malheur,1661,30,0,43.1937027,-117.62273950000001,41045.0,5433.253737201923,1.806140878988561,1631,1650,30,0,1620,1642,30725,11,0,0,11,8
2020-10-01,US,Oregon,Marion,4813,96,0,44.90287942,-122.58151170000001,41047.0,1383.769672644889,1.994597963847912,4717,4779,96,0,4683,4743,346868,34,0,0,34,36
2020-10-01,US,Oregon,Morrow,515,6,0,45.41846568,-119.584546,41049.0,4438.507282599328,1.1650485436893203,509,513,6,0,507,509,11372,2,0,0,2,4
2020-10-01,US,Oregon,Multnomah,7345,140,0,45.54747959,-122.4169351,41051.0,903.6051940382973,1.9060585432266848,7205,7274,140,0,7134,7257,811880,71,0,0,71,17
2020-10-01,US,Oregon,Polk,538,15,0,44.90322804,-123.4128888,41053.0,624.9636986699193,2.7881040892193307,523,535,15,0,520,535,85234,3,0,0,3,0
2020-10-01,US,Oregon,Sherman,18,0,0,45.41501554,-120.6827834,41055.0,1011.2359550561798,0.0,18,18,0,0,18,18,1708,0,0,0,0,0
2020-10-01,US,Oregon,Tillamook,53,0,0,45.46248721,-123.712066,41057.0,196.0349164077526,0.0,53,53,0,0,53,53,26787,0,0,0,0,0
2020-10-01,US,Oregon,Umatilla,3052,41,0,45.59073056,-118.7353826,41059.0,3915.330339961514,1.3433813892529491,3011,3004,41,0,2963,2998,77516,48,0,0,48,6
2020-10-01,US,Oregon,Union,446,2,0,45.30915495,-118.0068979,41061.0,1662.0085708962176,0.4484304932735426,444,446,2,0,444,446,26461,0,0,0,0,0
2020-10-01,US,Oregon,Wallowa,34,1,0,45.57894064,-117.18353799999998,41063.0,471.6981132075471,2.9411764705882355,33,33,1,0,32,32,7081,1,0,0,1,1
2020-10-01,US,Oregon,Wasco,301,4,0,45.16292781,-121.16709540000001,41065.0,1128.1013417285062,1.32890365448505,297,296,4,0,292,296,26505,5,0,0,5,0
2020-10-01,US,Oregon,Washington,4648,60,0,45.55972701,-123.0955257,41067.0,772.6166571363983,1.2908777969018932,4588,4615,60,0,4555,4581,597695,33,0,0,33,34
2020-10-01,US,Oregon,Yamhill,784,14,0,45.23330449,-123.3086963,41071.0,732.0261437908498,1.7857142857142858,770,774,14,0,760,769,107002,10,0,0,10,5
2020-10-01,US,Pennsylvania,Adams,854,26,0,39.87140411,-77.21610347,42001.0,829.0537720005049,3.0444964871194378,828,852,26,0,826,837,102811,2,0,0,2,15
2020-10-01,US,Pennsylvania,Allegheny,12454,361,0,40.46809875,-79.98167747,42003.0,1024.139731671114,2.8986670949092663,12093,12348,361,0,11987,12305,1218452,106,0,0,106,43
2020-10-01,US,Pennsylvania,Armstrong,452,18,0,40.81665618,-79.46290811,42005.0,698.2312504827373,3.9823008849557517,434,448,18,0,430,444,65263,4,0,0,4,4
2020-10-01,US,Pennsylvania,Beaver,1940,123,0,40.6825484,-80.34921611,42007.0,1183.4391718365878,6.340206185567009,1817,1924,122,0,1802,1905,164742,16,1,0,15,19
2020-10-01,US,Pennsylvania,Bedford,250,6,0,40.00522157,-78.48998442,42009.0,522.0514533912462,2.4,244,245,6,0,239,243,48176,5,0,0,5,2
2020-10-01,US,Pennsylvania,Berks,7215,395,0,40.41570541,-75.92457766,42011.0,1713.1093825683106,5.474705474705474,6820,7186,395,0,6791,7141,420152,29,0,0,29,45
2020-10-01,US,Pennsylvania,Blair,728,18,0,40.47961444,-78.34917412,42013.0,597.5588735030248,2.4725274725274726,710,716,18,0,698,705,122492,12,0,0,12,11
2020-10-01,US,Pennsylvania,Bradford,176,5,0,41.78869215,-76.51570822,42015.0,291.7626775856638,2.8409090909090913,171,168,5,0,163,166,60833,8,0,0,8,2
2020-10-01,US,Pennsylvania,Bucks,8929,610,0,40.33682119,-75.10836643,42017.0,1421.2042593152626,6.831672079740173,8319,8893,607,0,8286,8849,628195,36,3,0,33,44
2020-10-01,US,Pennsylvania,Butler,1082,25,0,40.91152759,-79.91351055,42019.0,575.9822840199517,2.310536044362292,1057,1074,25,0,1049,1059,187888,8,0,0,8,15
2020-10-01,US,Pennsylvania,Cambria,617,7,0,40.49527404,-78.71377428,42021.0,473.9154479537913,1.1345218800648298,610,591,7,0,584,585,131730,26,0,0,26,6
2020-10-01,US,Pennsylvania,Cameron,8,0,0,41.43625568,-78.20376845,42023.0,179.89655947830002,0.0,8,8,0,0,8,8,4492,0,0,0,0,0
2020-10-01,US,Pennsylvania,Carbon,471,28,0,40.91545395,-75.7068525,42025.0,733.8506123212115,5.944798301486199,443,469,28,0,441,467,64227,2,0,0,2,2
2020-10-01,US,Pennsylvania,Centre,2755,11,0,40.92058903,-77.82200624,42027.0,1696.5852757335958,0.3992740471869328,2744,2710,11,0,2699,2667,162805,45,0,0,45,43
2020-10-01,US,Pennsylvania,Chester,7002,369,0,39.97291773,-75.74768357,42029.0,1333.7422307895974,5.269922879177378,6633,6958,369,0,6589,6920,522046,44,0,0,44,38
2020-10-01,US,Pennsylvania,Clarion,129,3,0,41.19265812,-79.42413524,42031.0,335.60539049898534,2.3255813953488373,126,127,3,0,124,127,38779,2,0,0,2,0
2020-10-01,US,Pennsylvania,Clearfield,334,6,0,41.00110782,-78.47592663,42033.0,421.42451580341935,1.7964071856287425,328,330,6,0,324,329,79388,4,0,0,4,1
2020-10-01,US,Pennsylvania,Clinton,208,6,0,41.23255967,-77.63785995,42035.0,538.4137502588528,2.8846153846153846,202,207,6,0,201,208,38684,1,0,0,1,-1
2020-10-01,US,Pennsylvania,Columbia,926,35,0,41.04821986,-76.40565017,42037.0,1425.404839603473,3.7796976241900646,891,919,35,0,884,907,65456,7,0,0,7,12
2020-10-01,US,Pennsylvania,Crawford,317,3,0,41.68447709,-80.10760592,42039.0,374.57609093809447,0.946372239747634,314,316,3,0,313,311,85063,1,0,0,1,5
2020-10-01,US,Pennsylvania,Cumberland,1918,77,0,40.1625372,-77.26130755,42041.0,756.9956979910803,4.014598540145985,1841,1908,77,0,1831,1890,251423,10,0,0,10,18
2020-10-01,US,Pennsylvania,Dauphin,3879,181,0,40.41377078,-76.77993242,42043.0,1393.824627469017,4.666151069863367,3698,3858,181,0,3677,3830,277097,21,0,0,21,28
2020-10-01,US,Pennsylvania,Delaware,11578,756,0,39.91680171,-75.40243663,42045.0,2042.8868613331879,6.52962515114873,10822,11536,756,0,10780,11482,564751,42,0,0,42,54
2020-10-01,US,Pennsylvania,Elk,73,2,0,41.42822061,-78.64524744,42047.0,244.06552992310262,2.7397260273972597,71,73,2,0,71,73,30169,0,0,0,0,0
2020-10-01,US,Pennsylvania,Erie,1579,38,0,41.99253829,-80.03301954,42049.0,585.4045557005576,2.4065864471184293,1541,1567,38,0,1529,1563,272061,12,0,0,12,4
2020-10-01,US,Pennsylvania,Fayette,815,7,0,39.92041012,-79.64291195,42051.0,630.4438634218791,0.8588957055214724,808,812,7,0,805,809,130441,3,0,0,3,3
2020-10-01,US,Pennsylvania,Forest,15,0,0,41.51095103,-79.23229292,42053.0,206.9821995308404,0.0,15,15,0,0,15,15,7279,0,0,0,0,0
2020-10-01,US,Pennsylvania,Franklin,1798,51,0,39.92956518,-77.72157791,42055.0,1159.7979706760755,2.8364849833147936,1747,1795,50,0,1745,1790,154835,3,1,0,2,5
2020-10-01,US,Pennsylvania,Fulton,52,2,0,39.92913544,-78.11163677,42057.0,357.8802477632485,3.8461538461538463,50,52,2,0,50,53,14523,0,0,0,0,-1
2020-10-01,US,Pennsylvania,Greene,190,1,0,39.85746531,-80.22357106,42059.0,524.3838489774515,0.5263157894736842,189,190,1,0,189,188,36506,0,0,0,0,2
2020-10-01,US,Pennsylvania,Huntingdon,422,6,0,40.42162652,-77.97673273,42061.0,934.7864611022503,1.4218009478672986,416,417,6,0,411,405,45168,5,0,0,5,12
2020-10-01,US,Pennsylvania,Indiana,740,12,0,40.65241041,-79.08963285,42063.0,880.1874561393075,1.6216216216216215,728,737,12,0,725,730,84501,3,0,0,3,7
2020-10-01,US,Pennsylvania,Jefferson,116,3,0,41.12913106,-78.9986361,42065.0,267.12723085780084,2.586206896551724,113,112,3,0,109,112,43641,4,0,0,4,0
2020-10-01,US,Pennsylvania,Juniata,194,7,0,40.53358749,-77.39975129999998,42067.0,783.4268868876953,3.608247422680413,187,193,7,0,186,194,24704,1,0,0,1,-1
2020-10-01,US,Pennsylvania,Lackawanna,2619,217,0,41.43564672,-75.60379201,42069.0,1249.0819081049628,8.285605192821688,2402,2594,217,0,2377,2579,210793,25,0,0,25,15
2020-10-01,US,Pennsylvania,Lancaster,8052,459,0,40.03904563,-76.24770128,42071.0,1475.4711172680695,5.700447093889718,7593,7993,459,0,7534,7938,543557,59,0,0,59,55
2020-10-01,US,Pennsylvania,Lawrence,540,23,0,40.99206278,-80.33393706,42073.0,631.4903171484704,4.25925925925926,517,531,23,0,508,531,86184,9,0,0,9,0
2020-10-01,US,Pennsylvania,Lebanon,2091,60,0,40.36680311,-76.45651841,42075.0,1474.6849280288873,2.8694404591104736,2031,2078,59,0,2019,2057,141314,13,1,0,12,21
2020-10-01,US,Pennsylvania,Lehigh,5704,353,0,40.6154815,-75.59435245,42077.0,1544.468452661392,6.1886395511921455,5351,5688,353,0,5335,5669,368100,16,0,0,16,19
2020-10-01,US,Pennsylvania,Luzerne,4147,190,0,41.17823008,-75.98447579,42079.0,1306.483269642143,4.581625271280443,3957,4135,190,0,3945,4126,317646,12,0,0,12,9
2020-10-01,US,Pennsylvania,Lycoming,718,26,0,41.34310539,-77.06629984,42081.0,633.7213920687738,3.62116991643454,692,709,26,0,683,699,113664,9,0,0,9,10
2020-10-01,US,Pennsylvania,McKean,60,2,0,41.80938602,-78.56478358,42083.0,147.69230769230768,3.333333333333333,58,59,2,0,57,58,40968,1,0,0,1,1
2020-10-01,US,Pennsylvania,Mercer,747,20,0,41.30248872,-80.25816981,42085.0,682.665594385144,2.6773761713520754,727,744,20,0,724,741,110683,3,0,0,3,3
2020-10-01,US,Pennsylvania,Mifflin,231,2,0,40.61116939,-77.61070738,42087.0,500.67189735142404,0.8658008658008658,229,229,2,0,227,229,46222,2,0,0,2,0
2020-10-01,US,Pennsylvania,Monroe,1809,134,0,41.05934058,-75.34031025,42089.0,1062.4240181827793,7.407407407407407,1675,1804,133,0,1671,1801,169507,5,1,0,4,3
2020-10-01,US,Pennsylvania,Montgomery,12325,881,0,40.21053671,-75.36652296,42091.0,1483.3045498035299,7.148073022312372,11444,12285,878,0,11407,12258,828604,40,3,0,37,27
2020-10-01,US,Pennsylvania,Montour,195,5,0,41.03023987,-76.66345939,42093.0,1069.6653867251782,2.5641025641025643,190,185,5,0,180,173,18240,10,0,0,10,12
2020-10-01,US,Pennsylvania,Northampton,4532,305,0,40.75182733,-75.30471829,42095.0,1484.5144700853302,6.729920564872022,4227,4523,305,0,4218,4513,304807,9,0,0,9,10
2020-10-01,US,Pennsylvania,Northumberland,1083,63,0,40.84785433,-76.70798222,42097.0,1192.1667051946765,5.8171745152354575,1020,1067,63,0,1004,1053,91083,16,0,0,16,14
2020-10-01,US,Pennsylvania,Perry,237,6,0,40.40206612,-77.26297447,42099.0,512.188796680498,2.5316455696202533,231,235,6,0,229,228,46139,2,0,0,2,7
2020-10-01,US,Pennsylvania,Philadelphia,37361,1813,0,40.00338507,-75.1379271,42101.0,2358.5536948002105,4.8526538368887335,35548,37226,1811,0,35415,37067,1584138,135,2,0,133,159
2020-10-01,US,Pennsylvania,Pike,585,22,0,41.33155042,-75.03208106,42103.0,1048.2180293501046,3.7606837606837606,563,580,22,0,558,579,55933,5,0,0,5,1
2020-10-01,US,Pennsylvania,Potter,30,0,0,41.74471626,-77.89559864,42105.0,181.53213118722007,0.0,30,29,0,0,29,29,16622,1,0,0,1,0
2020-10-01,US,Pennsylvania,Schuylkill,1204,53,0,40.70497338,-76.2150785,42107.0,851.7321146867198,4.4019933554817285,1151,1188,52,0,1136,1175,142067,16,1,0,15,13
2020-10-01,US,Pennsylvania,Snyder,347,7,0,40.77129231,-77.06840691,42109.0,859.5065887248587,2.0172910662824206,340,342,6,0,336,325,40540,5,1,0,4,17
2020-10-01,US,Pennsylvania,Somerset,225,3,0,39.97172723,-79.02699593,42111.0,306.34334962626116,1.3333333333333333,222,220,3,0,217,219,73952,5,0,0,5,1
2020-10-01,US,Pennsylvania,Sullivan,13,0,0,41.44634738,-76.51246591,42113.0,214.3092647543686,0.0,13,13,0,0,13,13,6071,0,0,0,0,0
2020-10-01,US,Pennsylvania,Susquehanna,297,28,0,41.82147784,-75.80071959,42115.0,736.4610196389606,9.427609427609427,269,297,28,0,269,294,40589,0,0,0,0,3
2020-10-01,US,Pennsylvania,Tioga,81,3,0,41.77255149,-77.25433032,42117.0,199.55162474440147,3.703703703703704,78,78,3,0,75,73,40763,3,0,0,3,5
2020-10-01,US,Pennsylvania,Union,477,6,0,40.96188846,-77.05996014,42119.0,1061.8168866727513,1.2578616352201255,471,472,6,0,466,475,44785,5,0,0,5,-3
2020-10-01,US,Pennsylvania,Venango,93,1,0,41.40323442,-79.75845449,42121.0,183.5478013736481,1.075268817204301,92,88,1,0,87,87,51266,5,0,0,5,1
2020-10-01,US,Pennsylvania,Warren,44,1,0,41.81304978,-79.26969577,42123.0,112.2706743895282,2.272727272727273,43,44,1,0,43,44,39498,0,0,0,0,0
2020-10-01,US,Pennsylvania,Washington,1388,30,0,40.19208869,-80.24582867,42125.0,670.9689894375558,2.161383285302594,1358,1375,30,0,1345,1364,207346,13,0,0,13,11
2020-10-01,US,Pennsylvania,Wayne,245,10,0,41.64938475,-75.29956506,42127.0,477.01563443079385,4.081632653061225,235,238,10,0,228,237,51276,7,0,0,7,1
2020-10-01,US,Pennsylvania,Westmoreland,2299,56,0,40.31377979999999,-79.46615476,42129.0,658.9299482085072,2.435841670291431,2243,2277,56,0,2221,2260,350611,22,0,0,22,17
2020-10-01,US,Pennsylvania,Wyoming,78,8,0,41.51955538,-76.01074915,42131.0,291.10994998880346,10.256410256410255,70,78,8,0,70,78,27046,0,0,0,0,0
2020-10-01,US,Pennsylvania,York,4971,159,0,39.9210089,-76.73040131,42133.0,1106.983953075104,3.1985515992758,4812,4941,159,0,4782,4891,448273,30,0,0,30,50
2020-10-01,US,Puerto Rico,Adjuntas,152,0,0,18.180117000000006,-66.754367,72001.0,780.1673253605707,0.0,152,150,0,0,150,150,,2,0,0,2,0
2020-10-01,US,Puerto Rico,Aguada,350,0,0,18.360255,-67.17513100000001,72003.0,834.1476202960033,0.0,350,348,0,0,348,348,,2,0,0,2,0
2020-10-01,US,Puerto Rico,Aguadilla,441,0,0,18.459681,-67.12081500000001,72005.0,723.5557597335478,0.0,441,439,0,0,439,438,,2,0,0,2,1
2020-10-01,US,Puerto Rico,Aguas Buenas,295,0,0,18.251619,-66.126806,72007.0,1029.345057399072,0.0,295,287,0,0,287,282,,8,0,0,8,5
2020-10-01,US,Puerto Rico,Aibonito,160,0,0,18.131361,-66.264131,72009.0,617.7606177606177,0.0,160,158,0,0,158,158,,2,0,0,2,0
2020-10-01,US,Puerto Rico,Anasco,229,0,0,18.287985,-67.120611,72011.0,782.6116674071291,0.0,229,226,0,0,226,225,,3,0,0,3,1
2020-10-01,US,Puerto Rico,Arecibo,863,0,0,18.406631,-66.675077,72013.0,894.8569058481958,0.0,863,849,0,0,849,845,,14,0,0,14,4
2020-10-01,US,Puerto Rico,Arroyo,170,0,0,17.998457000000005,-66.056546,72015.0,868.4546615581097,0.0,170,169,0,0,169,169,,1,0,0,1,0
2020-10-01,US,Puerto Rico,Barceloneta,250,0,0,18.445532999999998,-66.56053100000001,72017.0,1007.4145712443584,0.0,250,250,0,0,250,250,,0,0,0,0,0
2020-10-01,US,Puerto Rico,Barranquitas,489,0,0,18.201592,-66.30963,72019.0,1612.9032258064515,0.0,489,488,0,0,488,476,,1,0,0,1,12
2020-10-01,US,Puerto Rico,Bayamon,3888,0,0,18.34946,-66.168435,72021.0,1868.1888946549038,0.0,3888,3873,0,0,3873,3847,,15,0,0,15,26
2020-10-01,US,Puerto Rico,Cabo Rojo,351,0,0,18.040993,-67.154391,72023.0,689.3571891509712,0.0,351,349,0,0,349,349,,2,0,0,2,0
2020-10-01,US,Puerto Rico,Caguas,1669,0,0,18.211615,-66.050779,72025.0,1168.0068302855984,0.0,1669,1658,0,0,1658,1653,,11,0,0,11,5
2020-10-01,US,Puerto Rico,Camuy,303,0,0,18.418578,-66.860206,72027.0,861.7992548138458,0.0,303,297,0,0,297,295,,6,0,0,6,2
2020-10-01,US,Puerto Rico,Canovanas,737,0,0,18.328802,-65.887612,72029.0,1546.7595701813298,0.0,737,734,0,0,734,729,,3,0,0,3,5
2020-10-01,US,Puerto Rico,Carolina,2944,0,0,18.374986,-65.95683100000001,72031.0,1665.5163440105905,0.0,2944,2924,0,0,2924,2912,,20,0,0,20,12
2020-10-01,US,Puerto Rico,Catano,473,0,0,18.437269,-66.14330600000001,72033.0,1680.8813077469795,0.0,473,470,0,0,470,469,,3,0,0,3,1
2020-10-01,US,Puerto Rico,Cayey,370,0,0,18.102851,-66.14914,72035.0,768.9270350589163,0.0,370,363,0,0,363,363,,7,0,0,7,0
2020-10-01,US,Puerto Rico,Ceiba,144,0,0,18.251818,-65.666416,72037.0,1056.4155234392194,0.0,144,144,0,0,144,144,,0,0,0,0,0
2020-10-01,US,Puerto Rico,Ciales,281,0,0,18.28885,-66.516475,72039.0,1496.1132999680544,0.0,281,270,0,0,270,259,,11,0,0,11,11
2020-10-01,US,Puerto Rico,Cidra,344,0,0,18.173559,-66.161179,72041.0,791.1683532658693,0.0,344,342,0,0,342,342,,2,0,0,2,0
2020-10-01,US,Puerto Rico,Coamo,308,0,0,18.097597,-66.36014,72043.0,760.2685624012637,0.0,308,307,0,0,307,307,,1,0,0,1,0
2020-10-01,US,Puerto Rico,Comerio,254,0,0,18.224687,-66.221622,72045.0,1222.4468187506016,0.0,254,254,0,0,254,254,,0,0,0,0,0
2020-10-01,US,Puerto Rico,Corozal,651,0,0,18.304264,-66.327738,72047.0,1752.7327553712778,0.0,651,638,0,0,638,634,,13,0,0,13,4
2020-10-01,US,Puerto Rico,Culebra,22,0,0,18.31586,-65.28813000000001,72049.0,1210.1210121012102,0.0,22,22,0,0,22,23,,0,0,0,0,-1
2020-10-01,US,Puerto Rico,Dorado,820,0,0,18.436115,-66.278669,72051.0,2148.5654395388447,0.0,820,816,0,0,816,811,,4,0,0,4,5
2020-10-01,US,Puerto Rico,Fajardo,573,0,0,18.318373,-65.666866,72053.0,1548.9416916713974,0.0,573,571,0,0,571,570,,2,0,0,2,1
2020-10-01,US,Puerto Rico,Florida,275,0,0,18.373715,-66.560488,72054.0,2168.769716088328,0.0,275,275,0,0,275,270,,0,0,0,0,5
2020-10-01,US,Puerto Rico,Guanica,110,0,0,17.982429,-66.91964300000001,72055.0,566.222267977557,0.0,110,107,0,0,107,107,,3,0,0,3,0
2020-10-01,US,Puerto Rico,Guayama,306,0,0,18.007516,-66.13390799999999,72057.0,674.5734315065472,0.0,306,302,0,0,302,301,,4,0,0,4,1
2020-10-01,US,Puerto Rico,Guayanilla,184,0,0,18.039942,-66.79186,72059.0,852.6018256799962,0.0,184,183,0,0,183,183,,1,0,0,1,0
2020-10-01,US,Puerto Rico,Guaynabo,1810,0,0,18.345114000000002,-66.11452299999999,72061.0,1848.3722070176873,0.0,1810,1806,0,0,1806,1796,,4,0,0,4,10
2020-10-01,US,Puerto Rico,Gurabo,565,0,0,18.266461,-65.97970500000001,72063.0,1245.34373691287,0.0,565,562,0,0,562,562,,3,0,0,3,0
2020-10-01,US,Puerto Rico,Hatillo,328,0,0,18.410928,-66.79632600000001,72065.0,781.8272829118297,0.0,328,322,0,0,322,314,,6,0,0,6,8
2020-10-01,US,Puerto Rico,Hormigueros,178,0,0,18.134532,-67.113972,72067.0,1031.8840579710145,0.0,178,175,0,0,175,175,,3,0,0,3,0
2020-10-01,US,Puerto Rico,Humacao,579,0,0,18.145211,-65.810174,72069.0,990.3191598535899,0.0,579,564,0,0,564,554,,15,0,0,15,10
2020-10-01,US,Puerto Rico,Isabela,281,0,0,18.44981,-67.005093,72071.0,615.8094278012754,0.0,281,277,0,0,277,276,,4,0,0,4,1
2020-10-01,US,Puerto Rico,Jayuya,235,0,0,18.211446,-66.58878,72073.0,1412.0898930417018,0.0,235,233,0,0,233,233,,2,0,0,2,0
2020-10-01,US,Puerto Rico,Juana Diaz,356,0,0,18.050764,-66.49458100000001,72075.0,445.57367610798906,0.0,356,354,0,0,354,355,,2,0,0,2,-1
2020-10-01,US,Puerto Rico,Juncos,413,0,0,18.223793,-65.909109,72077.0,1025.0682551501613,0.0,413,410,0,0,410,407,,3,0,0,3,3
2020-10-01,US,Puerto Rico,Lajas,170,0,0,18.011661,-67.040585,72079.0,660.1172678911196,0.0,170,169,0,0,169,167,,1,0,0,1,2
2020-10-01,US,Puerto Rico,Lares,350,0,0,18.269035000000002,-66.867236,72081.0,1138.100347933535,0.0,350,346,0,0,346,346,,4,0,0,4,0
2020-10-01,US,Puerto Rico,Las Marias,108,0,0,18.23679,-66.98362,72083.0,1093.0067806902136,0.0,108,108,0,0,108,109,,0,0,0,0,-1
2020-10-01,US,Puerto Rico,Las Piedras,507,0,0,18.187527,-65.86946800000001,72085.0,1310.9243697478994,0.0,507,504,0,0,504,499,,3,0,0,3,5
2020-10-01,US,Puerto Rico,Loiza,290,0,0,18.425688,-65.89943000000001,72087.0,964.7371922821023,0.0,290,289,0,0,289,289,,1,0,0,1,0
2020-10-01,US,Puerto Rico,Luquillo,272,0,0,18.342114000000002,-65.72509699999999,72089.0,1355.391668327686,0.0,272,274,0,0,274,274,,-2,0,0,-2,0
2020-10-01,US,Puerto Rico,Manati,589,0,0,18.420473,-66.490461,72091.0,1335.2073085031625,0.0,589,586,0,0,586,578,,3,0,0,3,8
2020-10-01,US,Puerto Rico,Maricao,84,0,0,18.171795,-66.942126,72093.0,1338.4321223709371,0.0,84,84,0,0,84,85,,0,0,0,0,-1
2020-10-01,US,Puerto Rico,Maunabo,126,0,0,18.017889,-65.922235,72095.0,1030.6748466257668,0.0,126,126,0,0,126,125,,0,0,0,0,1
2020-10-01,US,Puerto Rico,Mayaguez,837,0,0,18.2013,-67.1452,72097.0,939.6048495734173,0.0,837,836,0,0,836,834,,1,0,0,1,2
2020-10-01,US,Puerto Rico,Moca,361,0,0,18.377805,-67.080952,72099.0,900.0473709142585,0.0,361,360,0,0,360,357,,1,0,0,1,3
2020-10-01,US,Puerto Rico,Morovis,533,0,0,18.316963,-66.420383,72101.0,1634.4679546151485,0.0,533,529,0,0,529,527,,4,0,0,4,2
2020-10-01,US,Puerto Rico,Naguabo,223,0,0,18.230636999999998,-65.753897,72103.0,834.5808383233533,0.0,223,215,0,0,215,213,,8,0,0,8,2
2020-10-01,US,Puerto Rico,Naranjito,643,0,0,18.288019,-66.252703,72105.0,2114.9924347082433,0.0,643,637,0,0,637,634,,6,0,0,6,3
2020-10-01,US,Puerto Rico,Orocovis,355,0,0,18.215046,-66.433604,72107.0,1515.6043205396404,0.0,355,349,0,0,349,348,,6,0,0,6,1
2020-10-01,US,Puerto Rico,Out of PR,793,0,0,0.0,0.0,72888.0,0.0,0.0,793,791,0,0,791,791,,2,0,0,2,0
2020-10-01,US,Puerto Rico,Patillas,176,0,0,18.03174,-66.012242,72109.0,913.0051356538879,0.0,176,176,0,0,176,176,,0,0,0,0,0
2020-10-01,US,Puerto Rico,Penuelas,123,0,0,18.059645,-66.721572,72111.0,506.548060291574,0.0,123,123,0,0,123,123,,0,0,0,0,0
2020-10-01,US,Puerto Rico,Ponce,961,0,0,18.059498,-66.613748,72113.0,577.7775105665346,0.0,961,952,0,0,952,950,,9,0,0,9,2
2020-10-01,US,Puerto Rico,Quebradillas,183,0,0,18.439692,-66.926113,72115.0,706.0457579381921,0.0,183,183,0,0,183,183,,0,0,0,0,0
2020-10-01,US,Puerto Rico,Rincon,199,0,0,18.335442999999998,-67.23174,72117.0,1309.2105263157896,0.0,199,196,0,0,196,196,,3,0,0,3,0
2020-10-01,US,Puerto Rico,Rio Grande,624,0,0,18.346329,-65.813742,72119.0,1149.0866234531527,0.0,624,618,0,0,618,616,,6,0,0,6,2
2020-10-01,US,Puerto Rico,Sabana Grande,204,0,0,18.08282,-66.943758,72121.0,807.4411240847023,0.0,204,203,0,0,203,203,,1,0,0,1,0
2020-10-01,US,Puerto Rico,Salinas,456,0,0,18.010386999999994,-66.256592,72123.0,1467.2758864791815,0.0,456,449,0,0,449,447,,7,0,0,7,2
2020-10-01,US,Puerto Rico,San German,268,0,0,18.111484,-67.03858100000001,72125.0,754.3558420356351,0.0,268,265,0,0,265,265,,3,0,0,3,0
2020-10-01,US,Puerto Rico,San Juan,7933,0,0,18.386933,-66.061128,72127.0,2006.698269276496,0.0,7933,7885,0,0,7885,7850,,48,0,0,48,35
2020-10-01,US,Puerto Rico,San Lorenzo,536,0,0,18.147987,-65.976392,72129.0,1305.4703102927565,0.0,536,525,0,0,525,520,,11,0,0,11,5
2020-10-01,US,Puerto Rico,San Sebastian,397,0,0,18.328646,-66.971214,72131.0,935.6587320292247,0.0,397,397,0,0,397,397,,0,0,0,0,0
2020-10-01,US,Puerto Rico,Santa Isabel,185,0,0,17.994525,-66.388913,72133.0,794.8784050872217,0.0,185,181,0,0,181,181,,4,0,0,4,0
2020-10-01,US,Puerto Rico,Toa Alta,1326,0,0,18.362406,-66.246616,72135.0,1790.2951421704965,0.0,1326,1321,0,0,1321,1309,,5,0,0,5,12
2020-10-01,US,Puerto Rico,Toa Baja,1450,0,0,18.431445999999998,-66.213553,72137.0,1618.1410349406867,0.0,1450,1444,0,0,1444,1431,,6,0,0,6,13
2020-10-01,US,Puerto Rico,Trujillo Alto,1144,0,0,18.336159,-65.99888399999999,72139.0,1528.5534860105288,0.0,1144,1136,0,0,1136,1129,,8,0,0,8,7
2020-10-01,US,Puerto Rico,Unassigned,596,665,0,0.0,0.0,72999.0,0.0,111.57718120805369,-69,634,661,0,-27,602,,-38,4,0,-42,32
2020-10-01,US,Puerto Rico,Utuado,155,0,0,18.271214,-66.702984,72141.0,467.5857491930375,0.0,155,153,0,0,153,152,,2,0,0,2,1
2020-10-01,US,Puerto Rico,Vega Alta,779,0,0,18.409346,-66.33725,72143.0,1949.8886135516007,0.0,779,780,0,0,780,779,,-1,0,0,-1,1
2020-10-01,US,Puerto Rico,Vega Baja,1005,0,0,18.428262,-66.397924,72145.0,1684.4892896651136,0.0,1005,999,0,0,999,985,,6,0,0,6,14
2020-10-01,US,Puerto Rico,Vieques,93,0,0,18.123276,-65.44097099999999,72147.0,999.8924846790668,0.0,93,93,0,0,93,93,,0,0,0,0,0
2020-10-01,US,Puerto Rico,Villalba,139,0,0,18.127951,-66.473115,72149.0,533.1185517585242,0.0,139,136,0,0,136,136,,3,0,0,3,0
2020-10-01,US,Puerto Rico,Yabucoa,328,0,0,18.070399,-65.896289,72151.0,864.5001449619145,0.0,328,323,0,0,323,318,,5,0,0,5,5
2020-10-01,US,Puerto Rico,Yauco,415,0,0,18.080374,-66.858814,72153.0,987.0846514282996,0.0,415,414,0,0,414,415,,1,0,0,1,-1
2020-10-01,US,Rhode Island,Bristol,414,0,0,41.71018079,-71.28652315,44001.0,853.9780110975888,0.0,414,414,0,0,414,404,48649,0,0,0,0,10
2020-10-01,US,Rhode Island,Kent,1945,0,0,41.67106337,-71.57641596,44003.0,1183.867747668785,0.0,1945,1945,0,0,1945,1867,163861,0,0,0,0,78
2020-10-01,US,Rhode Island,Newport,530,0,0,41.5642026,-71.26569799,44005.0,645.6957676469872,0.0,530,530,0,0,530,518,82542,0,0,0,0,12
2020-10-01,US,Rhode Island,Providence,18927,0,0,41.87064746,-71.57753536,44007.0,2962.2917028599327,0.0,18927,18927,0,0,18927,18437,636084,0,0,0,0,490
2020-10-01,US,Rhode Island,Unassigned,2221,1117,0,0.0,0.0,90044.0,0.0,50.29266096352994,1104,2055,1114,0,941,2527,,166,3,0,163,-472
2020-10-01,US,Rhode Island,Washington,877,0,0,41.45961631,-71.61435303,44009.0,698.3762950221776,0.0,877,877,0,0,877,803,126179,0,0,0,0,74
2020-10-01,US,South Carolina,Abbeville,595,13,0,34.22333378,-82.46170658,45001.0,2425.897989970237,2.184873949579832,582,591,13,0,578,582,24541,4,0,0,4,9
2020-10-01,US,South Carolina,Aiken,4290,82,0,33.54338026,-81.63645384,45003.0,2510.6512477175893,1.9114219114219115,4208,4281,82,0,4199,4208,169401,9,0,0,9,73
2020-10-01,US,South Carolina,Allendale,396,6,0,32.98837386,-81.35321066,45005.0,4558.0110497237565,1.5151515151515151,390,396,6,0,390,398,8903,0,0,0,0,-2
2020-10-01,US,South Carolina,Anderson,4561,181,0,34.51828081,-82.63959517,45007.0,2251.7007474402394,3.9684279763209824,4380,4556,178,0,4378,4540,200482,5,3,0,2,16
2020-10-01,US,South Carolina,Bamberg,649,35,0,33.21927586,-81.05659969,45009.0,4613.9627470496225,5.392912172573189,614,650,34,0,616,649,14275,-1,1,0,-2,1
2020-10-01,US,South Carolina,Barnwell,744,17,0,33.26679302,-81.43584352,45011.0,3565.6091248921693,2.28494623655914,727,741,16,0,725,732,21112,3,1,0,2,9
2020-10-01,US,South Carolina,Beaufort,5704,83,0,32.39226291,-80.72619758,45013.0,2968.946815044607,1.4551192145862553,5621,5692,83,0,5609,5685,188715,12,0,0,12,7
2020-10-01,US,South Carolina,Berkeley,5515,89,0,33.20222596,-79.94654523,45015.0,2419.8466918523777,1.6137805983680868,5426,5514,89,0,5425,5518,221091,1,0,0,1,-4
2020-10-01,US,South Carolina,Calhoun,456,17,0,33.66926881,-80.77722168,45017.0,3133.3745619459905,3.728070175438596,439,453,17,0,436,458,14520,3,0,0,3,-5
2020-10-01,US,South Carolina,Charleston,15899,263,0,32.82487866,-79.96512315,45019.0,3864.552291410432,1.6541920875526763,15636,15886,263,0,15623,15888,405905,13,0,0,13,-2
2020-10-01,US,South Carolina,Cherokee,1175,40,0,35.05122251,-81.61828622,45021.0,2050.610820244328,3.404255319148936,1135,1172,39,0,1133,1172,57078,3,1,0,2,0
2020-10-01,US,South Carolina,Chester,1049,21,0,34.69249168,-81.1583216,45023.0,3253.3184468428235,2.001906577693041,1028,1047,21,0,1026,1047,32251,2,0,0,2,0
2020-10-01,US,South Carolina,Chesterfield,1249,37,0,34.64137396,-80.15640140000002,45025.0,2736.0350492880607,2.962369895916733,1212,1242,37,0,1205,1237,45754,7,0,0,7,5
2020-10-01,US,South Carolina,Clarendon,1107,67,0,33.66610974,-80.21647898,45027.0,3280.4859979256184,6.052393857271906,1040,1106,67,0,1039,1108,33700,1,0,0,1,-2
2020-10-01,US,South Carolina,Colleton,1054,42,0,32.87582989,-80.67641292,45029.0,2797.4626429917457,3.984819734345351,1012,1054,42,0,1012,1056,37660,0,0,0,0,-2
2020-10-01,US,South Carolina,Darlington,2075,57,0,34.33358335,-79.96027485,45031.0,3114.77378486295,2.746987951807229,2018,2077,57,0,2020,2072,66802,-2,0,0,-2,5
2020-10-01,US,South Carolina,Dillon,1063,39,0,34.39007791,-79.37741872,45033.0,3487.647232520752,3.6688617121354663,1024,1061,39,0,1022,1058,30599,2,0,0,2,3
2020-10-01,US,South Carolina,Dorchester,4201,91,0,33.0794369,-80.40502652,45035.0,2580.3241835525064,2.1661509164484647,4110,4197,91,0,4106,4193,160647,4,0,0,4,4
2020-10-01,US,South Carolina,Edgefield,823,19,0,33.77221995,-81.96231108,45037.0,3019.075568598679,2.3086269744835968,804,823,19,0,804,823,27052,0,0,0,0,0
2020-10-01,US,South Carolina,Fairfield,774,36,0,34.39287073,-81.1195624,45039.0,3463.55215465163,4.651162790697675,738,772,36,0,736,772,22402,2,0,0,2,0
2020-10-01,US,South Carolina,Florence,4968,191,0,34.02361754,-79.70189312,45041.0,3592.372715900299,3.8446054750402583,4777,4958,192,0,4766,4953,138159,10,-1,0,11,5
2020-10-01,US,South Carolina,Georgetown,1911,45,0,33.43443342,-79.33202141,45043.0,3048.8194001276324,2.3547880690737832,1866,1909,45,0,1864,1908,62249,2,0,0,2,1
2020-10-01,US,South Carolina,Greenville,14577,307,0,34.89502264,-82.37295012,45045.0,2784.303838087489,2.1060574878232834,14270,14550,306,0,14244,14537,514213,27,1,0,26,13
2020-10-01,US,South Carolina,Greenwood,2239,73,0,34.15272415,-82.12715789,45047.0,3161.9381169592293,3.260384100044663,2166,2221,73,0,2148,2216,70741,18,0,0,18,5
2020-10-01,US,South Carolina,Hampton,669,27,0,32.77419582,-81.13845571,45049.0,3480.387056497763,4.035874439461884,642,665,27,0,638,663,19351,4,0,0,4,2
2020-10-01,US,South Carolina,Horry,10416,200,0,33.9212828,-78.99555293,45051.0,2941.6997805586852,1.9201228878648235,10216,10391,197,0,10194,10387,344147,25,3,0,22,4
2020-10-01,US,South Carolina,Jasper,820,22,0,32.43171982,-81.02487495,45053.0,2726.698367306221,2.6829268292682933,798,821,22,0,799,822,28971,-1,0,0,-1,-1
2020-10-01,US,South Carolina,Kershaw,2041,38,0,34.33988254,-80.58763164,45055.0,3066.820934321047,1.8618324350808424,2003,2022,38,0,1984,2017,65592,19,0,0,19,5
2020-10-01,US,South Carolina,Lancaster,2185,53,0,34.68270843,-80.70513032,45057.0,2229.318858915235,2.425629290617849,2132,2182,52,0,2130,2178,95380,3,1,0,2,4
2020-10-01,US,South Carolina,Laurens,1691,56,0,34.48244419,-82.00490796,45059.0,2505.445009112056,3.3116499112950915,1635,1688,56,0,1632,1685,66994,3,0,0,3,3
2020-10-01,US,South Carolina,Lee,719,35,0,34.16393091,-80.25690731,45061.0,4272.640836700737,4.8678720445062575,684,718,35,0,683,719,17142,1,0,0,1,-1
2020-10-01,US,South Carolina,Lexington,7490,164,0,33.89665987,-81.27146426,45063.0,2507.112970711297,2.18958611481976,7326,7464,163,0,7301,7419,295032,26,1,0,25,45
2020-10-01,US,South Carolina,Marion,898,26,0,34.07859748,-79.36400756,45067.0,2929.184199367192,2.89532293986637,872,897,26,0,871,896,31039,1,0,0,1,1
2020-10-01,US,South Carolina,Marlboro,932,11,0,34.59905577,-79.67561152,45069.0,3568.420246573245,1.1802575107296138,921,931,11,0,920,934,26398,1,0,0,1,-3
2020-10-01,US,South Carolina,McCormick,237,7,0,33.90161443,-82.30794338,45065.0,2504.49117615978,2.9535864978902957,230,236,6,0,230,236,9410,1,1,0,0,0
2020-10-01,US,South Carolina,Newberry,1287,27,0,34.28629098,-81.59935761,45071.0,3348.074921956296,2.097902097902098,1260,1273,27,0,1246,1266,38520,14,0,0,14,7
2020-10-01,US,South Carolina,Oconee,1767,28,0,34.75225169,-83.06742317,45073.0,2221.3561964146534,1.584606677985286,1739,1697,28,0,1669,1694,78374,70,0,0,70,3
2020-10-01,US,South Carolina,Orangeburg,3137,126,0,33.4391073,-80.79886287,45075.0,3640.2668987525385,4.01657634682818,3011,3134,126,0,3008,3133,86934,3,0,0,3,1
2020-10-01,US,South Carolina,Pickens,3169,45,0,34.88807695,-82.72791551,45077.0,2497.556823555373,1.4200063111391603,3124,3155,45,0,3110,3152,124937,14,0,0,14,3
2020-10-01,US,South Carolina,Richland,15475,246,0,34.01791263,-80.90267209,45079.0,3722.108240591304,1.5896607431340872,15229,15449,244,0,15205,15396,414576,26,2,0,24,53
2020-10-01,US,South Carolina,Saluda,690,22,0,34.00795823,-81.72713237,45081.0,3370.2925804718407,3.188405797101449,668,691,21,0,670,691,20544,-1,1,0,-2,0
2020-10-01,US,South Carolina,Spartanburg,6974,204,0,34.92960077,-81.99225984,45083.0,2180.840252044343,2.92515055921996,6770,6979,199,0,6780,6948,313888,-5,5,0,-10,31
2020-10-01,US,South Carolina,Sumter,3247,78,0,33.91826534,-80.37942316,45085.0,3042.512720083208,2.4022174314752083,3169,3238,78,0,3160,3238,106512,9,0,0,9,0
2020-10-01,US,South Carolina,Union,581,13,0,34.68835752,-81.61730349,45087.0,2126.95855908625,2.2375215146299485,568,575,12,0,563,574,27410,6,1,0,5,1
2020-10-01,US,South Carolina,Williamsburg,1338,45,0,33.62190129,-79.72767442,45089.0,4405.95363540569,3.363228699551569,1293,1333,45,0,1288,1337,30606,5,0,0,5,-4
2020-10-01,US,South Carolina,York,5486,76,0,34.97281497,-81.18085944,45091.0,1952.4590805718576,1.3853445133065987,5410,5454,75,0,5379,5439,274118,32,1,0,31,15
2020-10-01,US,South Dakota,Aurora,63,0,0,43.71757685,-98.56050467,46003.0,2290.0763358778627,0.0,63,59,0,0,59,58,2801,4,0,0,4,1
2020-10-01,US,South Dakota,Beadle,822,10,0,44.41464384,-98.27858469,46005.0,4454.560234108275,1.2165450121654502,812,815,9,0,806,804,18883,7,1,0,6,11
2020-10-01,US,South Dakota,Bennett,69,3,0,43.19486375,-101.6665572,46007.0,2050.520059435364,4.3478260869565215,66,67,1,0,66,67,3468,2,2,0,0,0
2020-10-01,US,South Dakota,Bon Homme,94,1,0,42.98914167,-97.88592746,46009.0,1362.1214316765684,1.0638297872340423,93,91,1,0,90,85,6980,3,0,0,3,6
2020-10-01,US,South Dakota,Brookings,815,2,0,44.36974375,-96.79079945,46011.0,2323.4598169740852,0.24539877300613494,813,779,2,0,777,771,35232,36,0,0,36,8
2020-10-01,US,South Dakota,Brown,1275,4,0,45.58994323,-98.35165355,46013.0,3282.7827698962383,0.3137254901960784,1271,1240,4,0,1236,1223,39316,35,0,0,35,17
2020-10-01,US,South Dakota,Brule,138,1,0,43.71756379,-99.08118954,46015.0,2605.248253728525,0.7246376811594203,137,132,0,0,132,126,5229,6,1,0,5,6
2020-10-01,US,South Dakota,Buffalo,142,3,0,44.07657829,-99.20814467,46017.0,7237.512742099898,2.112676056338028,139,140,3,0,137,138,2036,2,0,0,2,2
2020-10-01,US,South Dakota,Butte,121,3,0,44.90608745,-103.5079318,46019.0,1160.226292070189,2.479338842975207,118,110,3,0,107,106,10222,11,0,0,11,4
2020-10-01,US,South Dakota,Campbell,37,0,0,45.77074915,-100.0510181,46021.0,2688.953488372093,0.0,37,36,0,0,36,31,1377,1,0,0,1,5
2020-10-01,US,South Dakota,Charles Mix,196,0,0,43.20660134,-98.58856175,46023.0,2109.341368919501,0.0,196,184,0,0,184,177,9338,12,0,0,12,7
2020-10-01,US,South Dakota,Clark,44,0,0,44.85834507,-97.72925109,46025.0,1177.730192719486,0.0,44,43,0,0,43,43,3739,1,0,0,1,0
2020-10-01,US,South Dakota,Clay,572,7,0,42.91296147,-96.97656917,46027.0,4065.3873489694383,1.2237762237762235,565,568,6,0,562,564,14041,4,1,0,3,4
2020-10-01,US,South Dakota,Codington,942,7,0,44.97788119,-97.18827677,46029.0,3363.204684208647,0.7430997876857749,935,894,6,0,888,882,28015,48,1,0,47,12
2020-10-01,US,South Dakota,Corson,93,1,0,45.70889983,-101.1970473,46031.0,2276.064610866373,1.075268817204301,92,92,1,0,91,92,4165,1,0,0,1,0
2020-10-01,US,South Dakota,Custer,195,3,0,43.67741105,-103.45345209999999,46033.0,2173.428444048149,1.5384615384615383,192,189,2,0,187,186,8726,6,1,0,5,3
2020-10-01,US,South Dakota,Davison,359,2,0,43.67490933,-98.14458906,46035.0,1815.4235145385587,0.5571030640668524,357,329,2,0,327,320,19790,30,0,0,30,9
2020-10-01,US,South Dakota,Day,89,0,0,45.367281,-97.60737498,46037.0,1640.8554572271387,0.0,89,84,0,0,84,79,5505,5,0,0,5,5
2020-10-01,US,South Dakota,Deuel,88,0,0,44.75994309,-96.66943645,46039.0,2022.523557802804,0.0,88,87,0,0,87,86,4337,1,0,0,1,1
2020-10-01,US,South Dakota,Dewey,165,0,0,45.15639647,-100.8709139,46041.0,2800.4073319755603,0.0,165,158,0,0,158,153,5904,7,0,0,7,5
2020-10-01,US,South Dakota,Douglas,93,1,0,43.38520741,-98.36978007,46043.0,3183.841150290996,1.075268817204301,92,87,1,0,86,83,2935,6,0,0,6,4
2020-10-01,US,South Dakota,Edmunds,100,0,0,45.41846445,-99.21545423,46045.0,2611.6479498563594,0.0,100,98,0,0,98,94,3875,2,0,0,2,4
2020-10-01,US,South Dakota,Fall River,99,4,0,43.23929297,-103.5275691,46047.0,1474.75048413526,4.040404040404041,95,96,4,0,92,95,6758,3,0,0,3,1
2020-10-01,US,South Dakota,Faulk,76,1,0,45.07082625,-99.14535601,46049.0,3305.785123966942,1.3157894736842106,75,74,1,0,73,73,2330,2,0,0,2,1
2020-10-01,US,South Dakota,Grant,158,1,0,45.1723937,-96.77002276,46051.0,2240.499149177538,0.6329113924050633,157,144,1,0,143,139,7147,14,0,0,14,5
2020-10-01,US,South Dakota,Gregory,140,3,0,43.19419064,-99.18883902,46053.0,3345.280764635603,2.142857142857143,137,136,3,0,133,130,4212,4,0,0,4,6
2020-10-01,US,South Dakota,Haakon,28,1,0,44.29299053,-101.539099,46055.0,1474.460242232754,3.571428571428572,27,27,0,0,27,26,1918,1,1,0,0,1
2020-10-01,US,South Dakota,Hamlin,104,0,0,44.67385954,-97.18829593,46057.0,1687.2160934458145,0.0,104,101,0,0,101,100,6111,3,0,0,3,1
2020-10-01,US,South Dakota,Hand,53,0,0,44.54708407,-99.00386459,46059.0,1660.9213412723284,0.0,53,47,0,0,47,43,3262,6,0,0,6,4
2020-10-01,US,South Dakota,Hanson,44,1,0,43.6746384,-97.78715148,46061.0,1274.2542716478426,2.272727272727273,43,42,0,0,42,42,3376,2,1,0,1,0
2020-10-01,US,South Dakota,Harding,4,0,0,45.58015551,-103.4958629,46063.0,308.1664098613251,0.0,4,4,0,0,4,4,1249,0,0,0,0,0
2020-10-01,US,South Dakota,Hughes,483,5,0,44.39091534,-99.99661148,46065.0,2755.905511811024,1.0351966873706004,478,459,5,0,454,453,17650,24,0,0,24,6
2020-10-01,US,South Dakota,Hutchinson,112,2,0,43.33449012,-97.75536441,46067.0,1536.1404471265946,1.7857142857142858,110,105,2,0,103,101,7380,7,0,0,7,4
2020-10-01,US,South Dakota,Hyde,20,0,0,44.54747703,-99.48572582,46069.0,1537.279016141429,0.0,20,20,0,0,20,19,1282,0,0,0,0,1
2020-10-01,US,South Dakota,Jackson,37,1,0,43.69318385,-101.6255063,46071.0,1106.459330143541,2.702702702702702,36,36,1,0,35,35,3307,1,0,0,1,1
2020-10-01,US,South Dakota,Jerauld,99,1,0,44.06637798,-98.62965972,46073.0,4918.032786885246,1.0101010101010102,98,96,1,0,95,92,2043,3,0,0,3,4
2020-10-01,US,South Dakota,Jones,17,0,0,43.96278565,-100.6940008,46075.0,1882.6135105204874,0.0,17,14,0,0,14,14,928,3,0,0,3,0
2020-10-01,US,South Dakota,Kingsbury,61,0,0,44.36956169,-97.4913945,46077.0,1235.0678274954446,0.0,61,59,0,0,59,57,4919,2,0,0,2,2
2020-10-01,US,South Dakota,Lake,206,7,0,44.02193107,-97.12926365,46079.0,1609.7522856919586,3.3980582524271843,199,201,7,0,194,198,13057,5,0,0,5,3
2020-10-01,US,South Dakota,Lawrence,442,5,0,44.35919441,-103.79294279999999,46081.0,1710.261569416499,1.1312217194570136,437,428,5,0,423,418,25741,14,0,0,14,10
2020-10-01,US,South Dakota,Lincoln,1474,2,0,43.27841182,-96.72039050000001,46083.0,2411.333595079178,0.13568521031207598,1472,1408,2,0,1406,1385,58807,66,0,0,66,23
2020-10-01,US,South Dakota,Lyman,172,3,0,43.89522709,-99.85201878,46085.0,4549.061094948426,1.7441860465116281,169,165,3,0,162,165,3821,7,0,0,7,0
2020-10-01,US,South Dakota,Marshall,46,0,0,45.75870838,-97.59855639,46091.0,932.1175278622087,0.0,46,43,0,0,43,40,5112,3,0,0,3,3
2020-10-01,US,South Dakota,McCook,113,1,0,43.6742571,-97.36863144,46087.0,2022.9144289294666,0.8849557522123894,112,106,1,0,105,98,5546,7,0,0,7,8
2020-10-01,US,South Dakota,McPherson,37,0,0,45.76626028,-99.22118798,46089.0,1555.2753257671286,0.0,37,36,0,0,36,33,2407,1,0,0,1,3
2020-10-01,US,South Dakota,Meade,584,5,0,44.56676791,-102.71627409999999,46093.0,2061.2734716927857,0.8561643835616438,579,560,5,0,555,548,28294,24,0,0,24,12
2020-10-01,US,South Dakota,Mellette,32,0,0,43.58078848,-100.7563186,46095.0,1552.6443474041728,0.0,32,32,0,0,32,31,2042,0,0,0,0,1
2020-10-01,US,South Dakota,Miner,27,0,0,44.02197882,-97.60992207,46097.0,1218.4115523465705,0.0,27,25,0,0,25,24,2213,2,0,0,2,1
2020-10-01,US,South Dakota,Minnehaha,6931,82,0,43.67441641,-96.7910885,46099.0,3588.700073524081,1.1830904631366326,6849,6816,81,0,6735,6732,192876,115,1,0,114,84
2020-10-01,US,South Dakota,Moody,101,0,0,44.02266214,-96.67081159,46101.0,1535.8880778588807,0.0,101,98,0,0,98,96,6579,3,0,0,3,2
2020-10-01,US,South Dakota,Oglala Lakota,312,3,0,43.33749164,-102.55554980000001,46102.0,2200.7476899202934,0.9615384615384616,309,295,3,0,292,290,14309,17,0,0,17,5
2020-10-01,US,South Dakota,Pennington,2479,37,0,44.0025835,-102.8240777,46103.0,2178.8617886178863,1.492537313432836,2442,2405,37,0,2368,2365,111729,74,0,0,74,40
2020-10-01,US,South Dakota,Perkins,43,0,0,45.49049506,-102.47555859999999,46105.0,1500.8726003490399,0.0,43,41,0,0,41,40,2922,2,0,0,2,1
2020-10-01,US,South Dakota,Potter,47,0,0,45.06583079,-99.95498503,46107.0,2183.000464468184,0.0,47,46,0,0,46,46,2207,1,0,0,1,0
2020-10-01,US,South Dakota,Roberts,220,1,0,45.62975048,-96.94672673,46109.0,2116.6057340773527,0.4545454545454545,219,217,1,0,216,212,10447,3,0,0,3,5
2020-10-01,US,South Dakota,Sanborn,33,0,0,44.02351092,-98.09098159999999,46111.0,1407.8498293515356,0.0,33,31,0,0,31,29,2429,2,0,0,2,2
2020-10-01,US,South Dakota,Spink,149,0,0,44.93837606,-98.34626602,46115.0,2336.888331242158,0.0,149,140,0,0,140,137,6495,9,0,0,9,3
2020-10-01,US,South Dakota,Stanley,44,0,0,44.41381872,-100.7349153,46117.0,1420.271142672692,0.0,44,42,0,0,42,42,3022,2,0,0,2,0
2020-10-01,US,South Dakota,Sully,14,0,0,44.71571812,-100.1278092,46119.0,1006.4701653486701,0.0,14,13,0,0,13,12,1392,1,0,0,1,1
2020-10-01,US,South Dakota,Todd,138,5,0,43.19338568,-100.71955030000001,46121.0,1355.9988208705904,3.6231884057971016,133,128,5,0,123,124,10283,10,0,0,10,4
2020-10-01,US,South Dakota,Tripp,176,1,0,43.34459388,-99.8854891,46123.0,3234.6995037676893,0.5681818181818182,175,164,0,0,164,162,5478,12,1,0,11,2
2020-10-01,US,South Dakota,Turner,177,3,0,43.3109081,-97.14865776,46125.0,2111.164122137405,1.6949152542372878,174,168,2,0,166,167,8424,9,1,0,8,1
2020-10-01,US,South Dakota,Union,442,8,0,42.83112163,-96.6557828,46127.0,2774.290735626412,1.8099547511312215,434,408,7,0,401,404,15619,34,1,0,33,4
2020-10-01,US,South Dakota,Walworth,136,1,0,45.43019636,-100.03075140000001,46129.0,2502.2999080036802,0.7352941176470589,135,133,1,0,132,126,5587,3,0,0,3,7
2020-10-01,US,South Dakota,Yankton,451,4,0,43.00924485,-97.39467635,46135.0,1976.8563162970106,0.8869179600886918,447,435,4,0,431,420,22869,16,0,0,16,15
2020-10-01,US,South Dakota,Ziebach,63,0,0,44.97881876,-101.6654622,46137.0,2285.921625544267,0.0,63,63,0,0,63,62,2742,0,0,0,0,1
2020-10-01,US,Tennessee,Anderson,1243,13,0,36.12684348,-84.19965764,47001.0,1614.7470705915975,1.0458567980691875,1230,1224,13,0,1211,1210,76482,19,0,0,19,14
2020-10-01,US,Tennessee,Bedford,1387,17,0,35.51123746,-86.45549096,47003.0,2790.014684287812,1.225666906993511,1370,1380,17,0,1363,1373,49038,7,0,0,7,7
2020-10-01,US,Tennessee,Benton,343,8,0,36.07110411,-88.06849355,47005.0,2122.524752475248,2.332361516034985,335,342,8,0,334,341,16184,1,0,0,1,1
2020-10-01,US,Tennessee,Bledsoe,866,4,0,35.59942968,-85.20611967,47007.0,5748.805098247478,0.4618937644341801,862,864,4,0,860,862,14755,2,0,0,2,2
2020-10-01,US,Tennessee,Blount,2616,27,0,35.68938198,-83.92847788,47009.0,1965.6167347920173,1.0321100917431192,2589,2589,24,0,2565,2563,131349,27,3,0,24,26
2020-10-01,US,Tennessee,Bradley,2998,17,0,35.15739424,-84.857186,47011.0,2773.1014707242625,0.5670446964643095,2981,2988,17,0,2971,2972,106727,10,0,0,10,16
2020-10-01,US,Tennessee,Campbell,474,4,0,36.40355516,-84.15108559999999,47013.0,1189.69931228352,0.8438818565400844,470,467,4,0,463,461,39583,7,0,0,7,6
2020-10-01,US,Tennessee,Cannon,309,1,0,35.80990797,-86.05738983,47015.0,2105.191442975882,0.32362459546925565,308,304,1,0,303,295,14462,5,0,0,5,9
2020-10-01,US,Tennessee,Carroll,934,20,0,35.97366108,-88.45189331,47017.0,3363.705117585623,2.1413276231263385,914,917,20,0,897,913,28020,17,0,0,17,4
2020-10-01,US,Tennessee,Carter,1199,28,0,36.28969086,-82.12588974,47019.0,2126.2258161763402,2.335279399499583,1171,1199,28,0,1171,1180,56351,0,0,0,0,19
2020-10-01,US,Tennessee,Cheatham,832,9,0,36.26136216,-87.08903581,47021.0,2045.8848697961487,1.0817307692307692,823,828,9,0,819,819,40439,4,0,0,4,9
2020-10-01,US,Tennessee,Chester,656,12,0,35.42527478,-88.6095842,47023.0,3792.565184714112,1.8292682926829267,644,653,11,0,642,650,17276,3,1,0,2,3
2020-10-01,US,Tennessee,Claiborne,450,5,0,36.48319149,-83.65947309,47025.0,1408.0540692762604,1.1111111111111112,445,449,5,0,444,445,31756,1,0,0,1,4
2020-10-01,US,Tennessee,Clay,246,5,0,36.55151008,-85.53930419,47027.0,3230.4661851608666,2.0325203252032518,241,243,5,0,238,235,7717,3,0,0,3,8
2020-10-01,US,Tennessee,Cocke,765,10,0,35.9278914,-83.11828725,47029.0,2124.763915120542,1.30718954248366,755,759,10,0,749,753,35774,6,0,0,6,6
2020-10-01,US,Tennessee,Coffee,1318,14,0,35.49090731,-86.07311784,47031.0,2331.9179051663127,1.0622154779969648,1304,1302,14,0,1288,1277,55700,16,0,0,16,25
2020-10-01,US,Tennessee,Crockett,565,19,0,35.81830662,-89.14916269,47033.0,3970.4848910751934,3.3628318584070795,546,558,19,0,539,544,14328,7,0,0,7,14
2020-10-01,US,Tennessee,Cumberland,1234,19,0,35.95271721,-84.99840585,47035.0,2038.995373430271,1.539708265802269,1215,1223,19,0,1204,1219,59673,11,0,0,11,4
2020-10-01,US,Tennessee,Davidson,26940,313,0,36.17007426,-86.78646056,47037.0,3881.039092753089,1.161841128433556,26627,26874,312,0,26562,26797,692587,66,1,0,65,77
2020-10-01,US,Tennessee,DeKalb,578,14,0,35.97616272,-85.83689361,47041.0,2820.888238164959,2.4221453287197234,564,576,14,0,562,574,20138,2,0,0,2,2
2020-10-01,US,Tennessee,Decatur,545,7,0,35.60048904,-88.11043779,47039.0,4672.897196261682,1.2844036697247707,538,538,7,0,531,534,11706,7,0,0,7,4
2020-10-01,US,Tennessee,Dickson,1309,17,0,36.14669837,-87.35891709,47043.0,2426.4106176317937,1.2987012987012987,1292,1297,16,0,1281,1280,53446,12,1,0,11,17
2020-10-01,US,Tennessee,Dyer,1465,18,0,36.05931946,-89.41542855,47045.0,3942.517290562179,1.2286689419795225,1447,1430,17,0,1413,1420,37320,35,1,0,34,10
2020-10-01,US,Tennessee,Fayette,1239,21,0,35.19615831,-89.41399032,47047.0,3012.180001458683,1.6949152542372878,1218,1236,21,0,1215,1227,40507,3,0,0,3,9
2020-10-01,US,Tennessee,Fentress,593,4,0,36.38128818,-84.92870012,47049.0,3201.425255088269,0.6745362563237775,589,588,4,0,584,546,18217,5,0,0,5,42
2020-10-01,US,Tennessee,Franklin,1017,10,0,35.15634626,-86.09201039,47051.0,2409.4958301743745,0.983284169124877,1007,1010,10,0,1000,994,41890,7,0,0,7,16
2020-10-01,US,Tennessee,Gibson,1773,24,0,35.99438059,-88.93358327,47053.0,3608.5726497466053,1.3536379018612519,1749,1746,25,0,1721,1726,49045,27,-1,0,28,20
2020-10-01,US,Tennessee,Giles,659,18,0,35.20222469,-87.03992678,47055.0,2236.6277491175674,2.731411229135053,641,654,17,0,637,644,29503,5,1,0,4,10
2020-10-01,US,Tennessee,Grainger,408,3,0,36.27469206,-83.51254721,47057.0,1749.5711835334478,0.7352941176470589,405,404,3,0,401,394,23145,4,0,0,4,10
2020-10-01,US,Tennessee,Greene,1189,46,0,36.17470125,-82.84691273,47059.0,1721.466938858243,3.868797308662742,1143,1185,46,0,1139,1169,69087,4,0,0,4,16
2020-10-01,US,Tennessee,Grundy,343,6,0,35.38433717,-85.72142731,47061.0,2554.554256349147,1.749271137026239,337,326,6,0,320,317,13346,17,0,0,17,9
2020-10-01,US,Tennessee,Hamblen,1971,30,0,36.21990035,-83.26586179,47063.0,3035.389780392399,1.5220700152206998,1941,1965,28,0,1937,1948,64569,6,2,0,4,17
2020-10-01,US,Tennessee,Hamilton,9741,95,0,35.17670231,-85.16652245,47065.0,2648.4214418549013,0.9752592136330972,9646,9687,95,0,9592,9634,364286,54,0,0,54,53
2020-10-01,US,Tennessee,Hancock,110,3,0,36.52692871,-83.22375847,47067.0,1661.631419939577,2.727272727272727,107,109,3,0,106,107,6549,1,0,0,1,2
2020-10-01,US,Tennessee,Hardeman,1598,26,0,35.20772017,-88.99161161,47069.0,6379.241516966068,1.6270337922403004,1572,1589,26,0,1563,1584,25220,9,0,0,9,5
2020-10-01,US,Tennessee,Hardin,1089,16,0,35.19732531,-88.18593755,47071.0,4245.2830188679245,1.4692378328741964,1073,1077,16,0,1061,1055,25776,12,0,0,12,22
2020-10-01,US,Tennessee,Hawkins,850,22,0,36.44355426,-82.94885298,47073.0,1496.847814602191,2.588235294117647,828,843,20,0,823,827,56530,7,2,0,5,16
2020-10-01,US,Tennessee,Haywood,1020,23,0,35.58332824,-89.28536625,47075.0,5894.5908460471555,2.2549019607843137,997,1006,23,0,983,998,17335,14,0,0,14,8
2020-10-01,US,Tennessee,Henderson,1206,24,0,35.65581134,-88.38600175,47077.0,4289.220044812747,1.9900497512437807,1182,1195,24,0,1171,1191,27847,11,0,0,11,4
2020-10-01,US,Tennessee,Henry,644,10,0,36.33160906,-88.30121797,47079.0,1991.034162930901,1.5527950310559009,634,640,10,0,630,630,32358,4,0,0,4,10
2020-10-01,US,Tennessee,Hickman,624,8,0,35.80609681,-87.47643507,47081.0,2478.354118675033,1.2820512820512822,616,612,8,0,604,600,25063,12,0,0,12,12
2020-10-01,US,Tennessee,Houston,272,4,0,36.28872054,-87.71878828,47083.0,3316.668698939153,1.4705882352941178,268,243,2,0,241,234,8263,29,2,0,27,9
2020-10-01,US,Tennessee,Humphreys,279,3,0,36.03958805,-87.77992872,47085.0,1501.453019050694,1.075268817204301,276,268,3,0,265,267,18486,11,0,0,11,1
2020-10-01,US,Tennessee,Jackson,343,5,0,36.36380466,-85.67239905,47087.0,2910.232479212625,1.4577259475218658,338,335,5,0,330,332,11758,8,0,0,8,3
2020-10-01,US,Tennessee,Jefferson,1171,14,0,36.04818632,-83.45148924,47089.0,2148.8209927516286,1.1955593509820666,1157,1161,14,0,1147,1144,54012,10,0,0,10,17
2020-10-01,US,Tennessee,Johnson,757,3,0,36.45523950000001,-81.84886538,47091.0,4255.677985158534,0.3963011889035667,754,752,3,0,749,732,17778,5,0,0,5,20
2020-10-01,US,Tennessee,Knox,9737,80,0,35.99508821,-83.94635435,47093.0,2070.323380387104,0.8216082982438122,9657,9681,80,0,9601,9605,465289,56,0,0,56,76
2020-10-01,US,Tennessee,Lake,929,2,0,36.34180170000001,-89.48921915,47095.0,13241.163055872292,0.21528525296017226,927,928,2,0,926,925,7411,1,0,0,1,3
2020-10-01,US,Tennessee,Lauderdale,1030,16,0,35.75893438,-89.63015909999999,47097.0,4018.25771466469,1.5533980582524272,1014,1017,16,0,1001,1003,25825,13,0,0,13,14
2020-10-01,US,Tennessee,Lawrence,1122,14,0,35.21675201,-87.39787695,47099.0,2541.7969280956913,1.2477718360071302,1108,1108,14,0,1094,1089,43734,14,0,0,14,19
2020-10-01,US,Tennessee,Lewis,214,1,0,35.52853208,-87.49022694,47101.0,1744.3756113465927,0.4672897196261682,213,211,1,0,210,208,12086,3,0,0,3,3
2020-10-01,US,Tennessee,Lincoln,651,1,0,35.13738622,-86.58910106,47103.0,1894.314147704126,0.15360983102918588,650,646,1,0,645,633,34117,5,0,0,5,13
2020-10-01,US,Tennessee,Loudon,1239,7,0,35.73939663,-84.31145275,47105.0,2291.558777835319,0.5649717514124294,1232,1226,7,0,1219,1199,53054,13,0,0,13,27
2020-10-01,US,Tennessee,Macon,1073,21,0,36.53157855,-86.00778595,47111.0,4361.434029753678,1.95712954333644,1052,1070,21,0,1049,1067,24265,3,0,0,3,3
2020-10-01,US,Tennessee,Madison,3096,67,0,35.61181957,-88.84076036,47113.0,3159.699542782495,2.1640826873385013,3029,3063,66,0,2997,2992,97605,33,1,0,32,71
2020-10-01,US,Tennessee,Marion,560,8,0,35.12997174,-85.62265895,47115.0,1937.24703359048,1.4285714285714286,552,555,8,0,547,551,28575,5,0,0,5,4
2020-10-01,US,Tennessee,Marshall,794,5,0,35.45798777,-86.76420988,47117.0,2309.818181818182,0.6297229219143576,789,791,5,0,786,781,33683,3,0,0,3,10
2020-10-01,US,Tennessee,Maury,2472,27,0,35.618741299999996,-87.07462444,47119.0,2564.6612094992065,1.0922330097087378,2445,2457,26,0,2431,2427,94340,15,1,0,14,30
2020-10-01,US,Tennessee,McMinn,1179,26,0,35.42812616,-84.61520715,47107.0,2191.6942409934195,2.2052586938083123,1153,1176,26,0,1150,1163,53285,3,0,0,3,13
2020-10-01,US,Tennessee,McNairy,938,19,0,35.17468549,-88.5647812,47109.0,3650.6577411068733,2.025586353944563,919,930,18,0,912,925,25832,8,1,0,7,5
2020-10-01,US,Tennessee,Meigs,232,3,0,35.51558739,-84.81482914,47121.0,1867.6541619706973,1.293103448275862,229,231,3,0,228,232,12306,1,0,0,1,-1
2020-10-01,US,Tennessee,Monroe,1094,20,0,35.44550387,-84.24902965,47123.0,2350.4135782576,1.828153564899452,1074,1083,19,0,1064,1066,46357,11,1,0,10,17
2020-10-01,US,Tennessee,Montgomery,3178,46,0,36.49609412,-87.38550661,47125.0,1520.6250927064546,1.44745122718691,3132,3174,46,0,3128,3133,205950,4,0,0,4,41
2020-10-01,US,Tennessee,Moore,188,1,0,35.27724699,-86.36230578,47127.0,2897.657213316893,0.5319148936170213,187,188,1,0,187,183,6411,0,0,0,0,5
2020-10-01,US,Tennessee,Morgan,327,4,0,36.13248031,-84.64880098,47129.0,1527.8232023548098,1.2232415902140672,323,325,3,0,322,321,21579,2,1,0,1,4
2020-10-01,US,Tennessee,Obion,1244,13,0,36.35732446,-89.14921589,47131.0,4137.151218863281,1.045016077170418,1231,1220,11,0,1209,1202,30267,24,2,0,22,18
2020-10-01,US,Tennessee,Out of TN,2965,28,0,0.0,0.0,80047.0,0.0,0.9443507588532885,2937,2939,27,0,2912,2977,,26,1,0,25,-38
2020-10-01,US,Tennessee,Overton,791,6,0,36.34117832,-85.28989535,47133.0,3556.4947619261725,0.7585335018963337,785,782,6,0,776,770,22068,9,0,0,9,12
2020-10-01,US,Tennessee,Perry,154,0,0,35.63708728,-87.86139634,47135.0,1906.8845963348197,0.0,154,153,0,0,153,153,8064,1,0,0,1,0
2020-10-01,US,Tennessee,Pickett,130,2,0,36.55606529,-85.07763299999998,47137.0,2575.277337559429,1.5384615384615383,128,131,2,0,129,126,5082,-1,0,0,-1,5
2020-10-01,US,Tennessee,Polk,413,11,0,35.12245443,-84.52075859,47139.0,2453.6596958174905,2.6634382566585955,402,410,10,0,400,407,16898,3,1,0,2,3
2020-10-01,US,Tennessee,Putnam,3419,47,0,36.14005459,-85.50646123,47141.0,4260.701601345878,1.374670956420006,3372,3383,44,0,3339,3365,78843,36,3,0,33,18
2020-10-01,US,Tennessee,Rhea,870,15,0,35.60536161,-84.93076643,47143.0,2623.089215183767,1.7241379310344829,855,863,15,0,848,854,33044,7,0,0,7,9
2020-10-01,US,Tennessee,Roane,926,6,0,35.84923189,-84.52458689,47145.0,1734.667116256416,0.6479481641468683,920,917,6,0,911,912,53140,9,0,0,9,5
2020-10-01,US,Tennessee,Robertson,2266,39,0,36.52454807,-86.87346725,47147.0,3155.417542784733,1.7210944395410417,2227,2255,39,0,2216,2239,71012,11,0,0,11,16
2020-10-01,US,Tennessee,Rutherford,9579,95,0,35.84591405,-86.4107263,47149.0,2882.7663000135426,0.9917527925670738,9484,9523,92,0,9431,9452,324890,56,3,0,53,71
2020-10-01,US,Tennessee,Scott,227,2,0,36.42325673,-84.50360494,47151.0,1028.6387529454414,0.8810572687224669,225,225,2,0,223,219,22039,2,0,0,2,6
2020-10-01,US,Tennessee,Sequatchie,249,3,0,35.36979721,-85.41022136,47153.0,1657.1276454146146,1.2048192771084338,246,249,3,0,246,244,14876,0,0,0,0,5
2020-10-01,US,Tennessee,Sevier,2698,16,0,35.78077323,-83.52244332,47155.0,2746.055979643766,0.5930318754633062,2682,2677,15,0,2662,2664,97892,21,1,0,20,13
2020-10-01,US,Tennessee,Shelby,31321,479,0,35.1864775,-89.89692423,47157.0,3342.097344547284,1.5293253727531049,30842,31202,472,0,30730,31097,935764,119,7,0,112,105
2020-10-01,US,Tennessee,Smith,762,11,0,36.25359775,-85.95411046,47159.0,3780.3244530436077,1.4435695538057742,751,745,11,0,734,740,19942,17,0,0,17,5
2020-10-01,US,Tennessee,Stewart,221,2,0,36.50235092,-87.83920548,47161.0,1611.3744075829386,0.9049773755656108,219,223,2,0,221,221,13561,-2,0,0,-2,2
2020-10-01,US,Tennessee,Sullivan,2290,33,0,36.51240691,-82.30412917,47163.0,1446.18182736757,1.4410480349344978,2257,2265,33,0,2232,2231,157668,25,0,0,25,34
2020-10-01,US,Tennessee,Sumner,4968,102,0,36.46824103,-86.45917204,47165.0,2597.1989146970723,2.0531400966183573,4866,4922,98,0,4824,4895,187149,46,4,0,42,27
2020-10-01,US,Tennessee,Tipton,1874,20,0,35.501942,-89.73694895,47167.0,3042.2571794996666,1.0672358591248663,1854,1860,19,0,1841,1845,61581,14,1,0,13,15
2020-10-01,US,Tennessee,Trousdale,1676,7,0,36.39026213,-86.16087954,47169.0,14852.88904643743,0.4176610978520287,1669,1675,7,0,1668,1669,11012,1,0,0,1,6
2020-10-01,US,Tennessee,Unassigned,3108,7,0,0.0,0.0,90047.0,0.0,0.22522522522522526,3101,3083,4,0,3079,3044,,25,3,0,22,39
2020-10-01,US,Tennessee,Unicoi,293,1,0,36.10890856,-82.43709629,47171.0,1638.4275568976122,0.3412969283276451,292,292,1,0,291,291,17761,1,0,0,1,1
2020-10-01,US,Tennessee,Union,390,2,0,36.28590426,-83.83651902,47173.0,1952.7338273583014,0.5128205128205128,388,382,2,0,380,376,19688,8,0,0,8,6
2020-10-01,US,Tennessee,Van Buren,168,0,0,35.69864497,-85.45221699,47175.0,2861.035422343324,0.0,168,167,0,0,167,166,5765,1,0,0,1,1
2020-10-01,US,Tennessee,Warren,1091,7,0,35.672829899999996,-85.77969117,47177.0,2643.118443685345,0.6416131989000916,1084,1085,7,0,1078,1077,40878,6,0,0,6,8
2020-10-01,US,Tennessee,Washington,2406,38,0,36.29472368,-82.49454720000001,47179.0,1859.710144927536,1.5793848711554448,2368,2393,38,0,2355,2355,128607,13,0,0,13,38
2020-10-01,US,Tennessee,Wayne,1509,5,0,35.23868267,-87.78644456,47181.0,9050.560786900978,0.3313452617627568,1504,1505,5,0,1500,1501,16558,4,0,0,4,4
2020-10-01,US,Tennessee,Weakley,1248,21,0,36.29896232,-88.71990865,47183.0,3744.5991358617375,1.6826923076923077,1227,1234,21,0,1213,1216,33415,14,0,0,14,18
2020-10-01,US,Tennessee,White,864,10,0,35.92929884,-85.45591799,47185.0,3159.6269884805265,1.1574074074074074,854,856,10,0,846,855,27107,8,0,0,8,1
2020-10-01,US,Tennessee,Williamson,5455,38,0,35.89099229,-86.89281867,47187.0,2288.055970337064,0.696608615948671,5417,5423,36,0,5387,5366,231729,32,2,0,30,57
2020-10-01,US,Tennessee,Wilson,3636,48,0,36.15496772,-86.29775884,47189.0,2513.532010203446,1.32013201320132,3588,3605,47,0,3558,3562,140625,31,1,0,30,43
2020-10-01,US,Texas,Anderson,2844,33,0,31.81534745,-95.65354823,48001.0,4925.954793452845,1.1603375527426159,2811,2832,32,0,2800,2824,58057,12,1,0,11,8
2020-10-01,US,Texas,Andrews,425,10,0,32.30468633,-102.63765479999999,48003.0,2272.1197540764497,2.3529411764705883,415,425,9,0,416,425,18128,0,1,0,-1,0
2020-10-01,US,Texas,Angelina,2163,83,0,31.25457347,-94.60901487,48005.0,2494.378135270714,3.837263060564032,2080,2163,83,0,2080,2153,87092,0,0,0,0,10
2020-10-01,US,Texas,Aransas,323,18,0,28.10556197,-96.9995047,48007.0,1373.8834538494255,5.572755417956658,305,323,18,0,305,323,23792,0,0,0,0,0
2020-10-01,US,Texas,Archer,87,1,0,33.61569967,-98.68754589,48009.0,1017.1869519466852,1.1494252873563218,86,87,1,0,86,87,8786,0,0,0,0,0
2020-10-01,US,Texas,Armstrong,13,1,0,34.96507426,-101.35748740000001,48011.0,688.924218335983,7.6923076923076925,12,13,1,0,12,13,1892,0,0,0,0,0
2020-10-01,US,Texas,Atascosa,1165,32,0,28.89333001,-98.52730485,48013.0,2277.4812816452604,2.7467811158798283,1133,1147,32,0,1115,1146,50310,18,0,0,18,1
2020-10-01,US,Texas,Austin,499,9,0,29.88548725,-96.27736949,48015.0,1661.5610015982952,1.8036072144288575,490,497,9,0,488,499,29989,2,0,0,2,-2
2020-10-01,US,Texas,Bailey,226,5,0,34.06854817,-102.8299707,48017.0,3228.5714285714284,2.2123893805309733,221,226,5,0,221,224,7027,0,0,0,0,2
2020-10-01,US,Texas,Bandera,160,8,0,29.74619598,-99.24598147,48019.0,692.2810661128418,5.0,152,160,8,0,152,159,22824,0,0,0,0,1
2020-10-01,US,Texas,Bastrop,1853,30,0,30.10370699,-97.31206354,48021.0,2088.522705499138,1.6189962223421481,1823,1850,30,0,1820,1832,86976,3,0,0,3,18
2020-10-01,US,Texas,Baylor,20,1,0,33.61640794,-99.21352901,48023.0,569.9629524080933,5.0,19,20,1,0,19,19,3582,0,0,0,0,1
2020-10-01,US,Texas,Bee,1816,34,0,28.41761668,-97.74215593,48025.0,5576.53922923384,1.8722466960352424,1782,1817,34,0,1783,1820,32587,-1,0,0,-1,-3
2020-10-01,US,Texas,Bell,5590,87,0,31.03736027,-97.4785025,48027.0,1540.2673838048734,1.5563506261180682,5503,5551,86,0,5465,5534,355642,39,1,0,38,17
2020-10-01,US,Texas,Bexar,57936,1318,0,29.44928723,-98.52019748,48029.0,2891.661517483432,2.274924054128694,56618,57832,1313,0,56519,57677,1986049,104,5,0,99,155
2020-10-01,US,Texas,Blanco,145,5,0,30.26640707,-98.3999852,48031.0,1215.3214315648308,3.4482758620689653,140,145,5,0,140,144,11702,0,0,0,0,1
2020-10-01,US,Texas,Borden,1,0,0,32.74363984,-101.43165090000001,48033.0,152.9051987767584,0.0,1,1,0,0,1,1,648,0,0,0,0,0
2020-10-01,US,Texas,Bosque,342,6,0,31.89978581,-97.63613524,48035.0,1830.3451966818304,1.7543859649122806,336,339,6,0,333,335,18691,3,0,0,3,4
2020-10-01,US,Texas,Bowie,1430,54,0,33.44626922,-94.41834132,48037.0,1533.594294600247,3.776223776223776,1376,1407,53,0,1354,1382,94324,23,1,0,22,25
2020-10-01,US,Texas,Brazoria,11485,169,0,29.18757369,-95.44563172,48039.0,3068.6894812218115,1.4714845450587724,11316,11440,167,0,11273,11412,370200,45,2,0,43,28
2020-10-01,US,Texas,Brazos,6536,64,0,30.663644800000004,-96.30205577,48041.0,2851.52108755688,0.9791921664626684,6472,6492,64,0,6428,6453,226758,44,0,0,44,39
2020-10-01,US,Texas,Brewster,221,4,0,29.81008251,-103.25203259999999,48043.0,2401.390850809519,1.8099547511312215,217,221,4,0,217,220,9267,0,0,0,0,1
2020-10-01,US,Texas,Briscoe,14,1,0,34.53026962,-101.2084947,48045.0,905.5627425614488,7.142857142857142,13,14,1,0,13,14,1516,0,0,0,0,0
2020-10-01,US,Texas,Brooks,322,22,0,27.03103197,-98.21808402,48047.0,4539.6870153672635,6.832298136645963,300,320,22,0,298,317,7114,2,0,0,2,3
2020-10-01,US,Texas,Brown,587,25,0,31.77430356,-98.99907113,48049.0,1550.2852313543208,4.258943781942079,562,586,25,0,561,580,37924,1,0,0,1,6
2020-10-01,US,Texas,Burleson,347,6,0,30.49273808,-96.62158484,48051.0,1881.472645448137,1.7291066282420748,341,345,6,0,339,342,18389,2,0,0,2,3
2020-10-01,US,Texas,Burnet,756,12,0,30.78801353,-98.181887,48053.0,1569.9304329768454,1.5873015873015872,744,748,12,0,736,739,47542,8,0,0,8,9
2020-10-01,US,Texas,Caldwell,1550,35,0,29.83668859,-97.61814775,48055.0,3549.835104433859,2.2580645161290325,1515,1541,35,0,1506,1527,43247,9,0,0,9,14
2020-10-01,US,Texas,Calhoun,828,8,0,28.47048236,-96.61633945,48057.0,3889.1498356035695,0.966183574879227,820,823,8,0,815,823,21561,5,0,0,5,0
2020-10-01,US,Texas,Callahan,97,3,0,32.29760619,-99.37326312,48059.0,695.6895933443304,3.0927835051546397,94,93,3,0,90,94,13994,4,0,0,4,-1
2020-10-01,US,Texas,Cameron,22876,944,0,26.14524221,-97.48140372,48061.0,5405.9546794025,4.126595558664103,21932,22825,935,0,21890,22781,423908,51,9,0,42,44
2020-10-01,US,Texas,Camp,360,11,0,32.97195142,-94.97790104,48063.0,2749.3508477165115,3.055555555555556,349,359,11,0,348,358,13033,1,0,0,1,1
2020-10-01,US,Texas,Carson,29,0,0,35.40365929,-101.35426690000001,48065.0,489.36888288896387,0.0,29,28,0,0,28,23,6005,1,0,0,1,5
2020-10-01,US,Texas,Cass,383,16,0,33.07499881,-94.34646905,48067.0,1275.5611803103975,4.1775456919060066,367,375,15,0,360,373,30119,8,1,0,7,2
2020-10-01,US,Texas,Castro,263,5,0,34.53016752,-102.2617243,48069.0,3492.6958831341303,1.9011406844106464,258,262,5,0,257,259,7665,1,0,0,1,3
2020-10-01,US,Texas,Chambers,1356,8,0,29.70972016,-94.67154501,48071.0,3093.277368433059,0.5899705014749262,1348,1342,8,0,1334,1309,42454,14,0,0,14,33
2020-10-01,US,Texas,Cherokee,1569,30,0,31.837258000000002,-95.16559897,48073.0,2980.283402347757,1.9120458891013383,1539,1564,30,0,1534,1561,52592,5,0,0,5,3
2020-10-01,US,Texas,Childress,75,0,0,34.529304100000004,-100.2077916,48075.0,1026.5535176567205,0.0,75,74,0,0,74,72,7291,1,0,0,1,2
2020-10-01,US,Texas,Clay,79,2,0,33.78686685,-98.20771198,48077.0,754.4647120618853,2.5316455696202533,77,79,2,0,77,79,10456,0,0,0,0,0
2020-10-01,US,Texas,Cochran,53,1,0,33.60425307,-102.82844990000001,48079.0,1857.6936558009115,1.8867924528301887,52,52,1,0,51,52,2836,1,0,0,1,0
2020-10-01,US,Texas,Coke,54,3,0,31.88911733,-100.5297533,48081.0,1594.3312666076174,5.5555555555555545,51,53,3,0,50,53,3370,1,0,0,1,0
2020-10-01,US,Texas,Coleman,79,4,0,31.76736834,-99.45240766,48083.0,966.3608562691134,5.063291139240507,75,79,4,0,75,77,8397,0,0,0,0,2
2020-10-01,US,Texas,Collin,14109,150,0,33.18820114,-96.57264368,48085.0,1363.544112957003,1.06315118009781,13959,13922,148,0,13774,13825,1005146,187,2,0,185,97
2020-10-01,US,Texas,Collingsworth,19,0,0,34.96489496,-100.27001109999999,48087.0,650.6849315068494,0.0,19,19,0,0,19,18,2962,0,0,0,0,1
2020-10-01,US,Texas,Colorado,486,4,0,29.622097999999998,-96.5273805,48089.0,2261.201321360443,0.8230452674897121,482,484,4,0,480,486,21217,2,0,0,2,-2
2020-10-01,US,Texas,Comal,2748,103,0,29.80811278,-98.27647225,48091.0,1759.1816092542686,3.7481804949053856,2645,2744,102,0,2642,2744,148373,4,1,0,3,0
2020-10-01,US,Texas,Comanche,312,4,0,31.94854689,-98.55876441,48093.0,2288.228822882288,1.2820512820512822,308,309,4,0,305,309,13534,3,0,0,3,0
2020-10-01,US,Texas,Concho,134,2,0,31.32635934,-99.86473038,48095.0,4915.627292736611,1.492537313432836,132,138,2,0,136,132,4276,-4,0,0,-4,6
2020-10-01,US,Texas,Cooke,462,6,0,33.63979567,-97.21240912,48097.0,1119.809971641176,1.2987012987012987,456,460,6,0,454,461,40574,2,0,0,2,-1
2020-10-01,US,Texas,Coryell,1834,12,0,31.39078397,-97.79936155,48099.0,2414.7147502995354,0.6543075245365322,1822,1831,12,0,1819,1824,74808,3,0,0,3,7
2020-10-01,US,Texas,Cottle,29,3,0,34.07783319,-100.27850620000001,48101.0,2074.3919885550786,10.344827586206897,26,29,3,0,26,29,1389,0,0,0,0,0
2020-10-01,US,Texas,Crane,72,2,0,31.43052248,-102.5143314,48103.0,1500.93808630394,2.7777777777777777,70,72,2,0,70,72,4794,0,0,0,0,0
2020-10-01,US,Texas,Crockett,164,7,0,30.72367027,-101.4134238,48105.0,4734.411085450346,4.2682926829268295,157,164,7,0,157,164,3499,0,0,0,0,0
2020-10-01,US,Texas,Crosby,88,3,0,33.61431553,-101.30003640000001,48107.0,1533.9027366219282,3.4090909090909087,85,88,3,0,85,88,5779,0,0,0,0,0
2020-10-01,US,Texas,Culberson,55,2,0,31.44506775,-104.5185739,48109.0,2533.394748963611,3.636363636363636,53,55,2,0,53,55,2204,0,0,0,0,0
2020-10-01,US,Texas,Dallam,258,9,0,36.27787176,-102.60207249999999,48111.0,3540.5516673528205,3.4883720930232562,249,257,9,0,248,257,7200,1,0,0,1,0
2020-10-01,US,Texas,Dallas,82410,1137,0,32.76670599,-96.77796049999999,48113.0,3126.9019045985688,1.3796869311976705,81273,82410,1133,0,81277,82161,2637772,0,4,0,-4,249
2020-10-01,US,Texas,Dawson,462,10,0,32.74255572,-101.94772420000001,48115.0,3629.792583280956,2.1645021645021645,452,433,10,0,423,433,12619,29,0,0,29,0
2020-10-01,US,Texas,DeWitt,997,40,0,29.08101855,-97.35681170000001,48123.0,4945.436507936508,4.012036108324976,957,997,39,0,958,997,20187,0,1,0,-1,0
2020-10-01,US,Texas,Deaf Smith,901,22,0,34.96522957,-102.6054267,48117.0,4858.1904453790585,2.4417314095449503,879,900,22,0,878,892,18760,1,0,0,1,8
2020-10-01,US,Texas,Delta,29,0,0,33.38570922,-95.66921122,48119.0,543.9879947477021,0.0,29,28,0,0,28,27,5349,1,0,0,1,1
2020-10-01,US,Texas,Denton,12319,153,0,33.20521901,-97.11691153,48121.0,1388.5147434589676,1.2419839272668236,12166,12242,152,0,12090,12148,859064,77,1,0,76,94
2020-10-01,US,Texas,Dickens,50,2,0,33.61616822,-100.7788855,48125.0,2261.420171867933,4.0,48,50,2,0,48,50,2249,0,0,0,0,0
2020-10-01,US,Texas,Dimmit,257,7,0,28.42270064,-99.75645095,48127.0,2538.5223231924138,2.723735408560312,250,257,7,0,250,256,10308,0,0,0,0,1
2020-10-01,US,Texas,Donley,66,1,0,34.96517499,-100.8140093,48129.0,2013.4228187919464,1.5151515151515151,65,66,1,0,65,65,3319,0,0,0,0,1
2020-10-01,US,Texas,Duval,448,17,0,27.68184592,-98.50864568,48131.0,4015.416330554809,3.7946428571428568,431,448,16,0,432,441,11212,0,1,0,-1,7
2020-10-01,US,Texas,Eastland,183,4,0,32.32743996,-98.83243566,48133.0,996.7320261437908,2.1857923497267757,179,183,4,0,179,182,18322,0,0,0,0,1
2020-10-01,US,Texas,Ector,4927,100,0,31.86898877,-102.54294279999999,48135.0,2964.0904086678747,2.0296326364927952,4827,4905,99,0,4806,4873,162124,22,1,0,21,32
2020-10-01,US,Texas,Edwards,67,2,0,29.98202582,-100.304252,48137.0,3467.9089026915112,2.985074626865672,65,67,2,0,65,67,1928,0,0,0,0,0
2020-10-01,US,Texas,El Paso,24666,528,0,31.76980765,-106.23632749999999,48141.0,2939.094750237716,2.140598394551204,24138,24446,526,0,23920,24170,840758,220,2,0,218,276
2020-10-01,US,Texas,Ellis,4459,68,0,32.34894117,-96.79371841,48139.0,2412.5393613452648,1.5250056066382598,4391,4451,68,0,4383,4450,179436,8,0,0,8,1
2020-10-01,US,Texas,Erath,889,12,0,32.23602653,-98.21773417,48143.0,2082.064733711181,1.3498312710911136,877,883,12,0,871,880,42446,6,0,0,6,3
2020-10-01,US,Texas,Falls,293,5,0,31.25350609,-96.93630086,48145.0,1693.9353645140775,1.706484641638225,288,288,5,0,283,282,17335,5,0,0,5,6
2020-10-01,US,Texas,Fannin,691,15,0,33.59564294,-96.10751083,48147.0,1945.7115503745001,2.170767004341534,676,695,15,0,680,691,35286,-4,0,0,-4,4
2020-10-01,US,Texas,Fayette,609,21,0,29.87788372,-96.92076062,48149.0,2402.745995423341,3.4482758620689653,588,609,21,0,588,604,25349,0,0,0,0,5
2020-10-01,US,Texas,Fisher,67,3,0,32.74281316,-100.40193020000001,48151.0,1749.3472584856397,4.477611940298506,64,66,3,0,63,66,3839,1,0,0,1,0
2020-10-01,US,Texas,Floyd,111,9,0,34.07227468,-101.3031546,48153.0,1943.2773109243692,8.108108108108109,102,111,9,0,102,111,5837,0,0,0,0,0
2020-10-01,US,Texas,Foard,13,0,0,33.97308618,-99.7767797,48155.0,1125.5411255411254,0.0,13,13,0,0,13,13,1200,0,0,0,0,0
2020-10-01,US,Texas,Fort Bend,16494,292,0,29.52704478,-95.77219463,48157.0,2032.0615803116468,1.7703407299624103,16202,16472,290,0,16182,16387,787858,22,2,0,20,85
2020-10-01,US,Texas,Franklin,136,6,0,33.17653242,-95.21917243,48159.0,1268.065268065268,4.411764705882354,130,135,6,0,129,134,10766,1,0,0,1,1
2020-10-01,US,Texas,Freestone,417,2,0,31.70422788,-96.15072516,48161.0,2114.926205812243,0.4796163069544365,415,415,2,0,413,414,19808,2,0,0,2,1
2020-10-01,US,Texas,Frio,984,9,0,28.86751206,-99.10804207,48163.0,4845.858366985128,0.9146341463414634,975,979,9,0,970,977,19816,5,0,0,5,2
2020-10-01,US,Texas,Gaines,356,9,0,32.74055318,-102.6353295,48165.0,1656.43029964638,2.5280898876404496,347,343,9,0,334,343,20901,13,0,0,13,0
2020-10-01,US,Texas,Galveston,11697,159,0,29.40167322,-94.90469073,48167.0,3418.7859320334724,1.3593229033085406,11538,11670,159,0,11511,11636,337890,27,0,0,27,34
2020-10-01,US,Texas,Garza,105,4,0,33.17969345,-101.2984114,48169.0,1685.6638304703806,3.809523809523809,101,105,4,0,101,105,6578,0,0,0,0,0
2020-10-01,US,Texas,Gillespie,321,10,0,30.31824095,-98.94676915,48171.0,1189.4175188972874,3.115264797507788,311,314,10,0,304,314,26804,7,0,0,7,0
2020-10-01,US,Texas,Glasscock,9,0,0,31.86942909,-101.5207776,48173.0,638.7508871540099,0.0,9,9,0,0,9,9,1388,0,0,0,0,0
2020-10-01,US,Texas,Goliad,155,6,0,28.65696592,-97.42760647,48175.0,2024.0271611386786,3.870967741935484,149,155,6,0,149,154,7584,0,0,0,0,1
2020-10-01,US,Texas,Gonzales,1063,18,0,29.45634206,-97.49424032,48177.0,5101.5021356241305,1.6933207902163687,1045,1058,18,0,1040,1058,20826,5,0,0,5,0
2020-10-01,US,Texas,Gray,319,6,0,35.40081878,-100.8129222,48179.0,1457.5527734624875,1.8808777429467085,313,317,6,0,311,314,21895,2,0,0,2,3
2020-10-01,US,Texas,Grayson,1916,47,0,33.62744998,-96.67753461,48181.0,1406.6308401609256,2.4530271398747394,1869,1908,47,0,1861,1891,133991,8,0,0,8,17
2020-10-01,US,Texas,Gregg,2277,72,0,32.47940482,-94.81591935,48183.0,1837.105167614668,3.1620553359683794,2205,2265,67,0,2198,2241,123707,12,5,0,7,24
2020-10-01,US,Texas,Grimes,1088,32,0,30.54579585,-95.98902499,48185.0,3767.3130193905818,2.9411764705882355,1056,1090,32,0,1058,1091,28360,-2,0,0,-2,-1
2020-10-01,US,Texas,Guadalupe,3642,76,0,29.58165339,-97.94786822,48187.0,2182.8381691010327,2.086765513454146,3566,3597,76,0,3521,3574,163694,45,0,0,45,23
2020-10-01,US,Texas,Hale,1926,55,0,34.07044901,-101.82681140000001,48189.0,5765.4313596359925,2.8556593977154723,1871,1909,56,0,1853,1880,33830,17,-1,0,18,29
2020-10-01,US,Texas,Hall,34,1,0,34.5307555,-100.68138520000001,48191.0,1147.098515519568,2.9411764705882355,33,34,1,0,33,31,3028,0,0,0,0,3
2020-10-01,US,Texas,Hamilton,148,4,0,31.70470573,-98.11083887,48193.0,1749.2022219595792,2.702702702702702,144,145,4,0,141,144,8484,3,0,0,3,1
2020-10-01,US,Texas,Hansford,125,5,0,36.27743284,-101.3545796,48195.0,2315.243563622893,4.0,120,125,5,0,120,119,5463,0,0,0,0,6
2020-10-01,US,Texas,Hardeman,30,0,0,34.28944521,-99.74632408,48197.0,762.7765064836003,0.0,30,30,0,0,30,30,3922,0,0,0,0,0
2020-10-01,US,Texas,Hardin,1352,32,0,30.33364686,-94.38931817,48199.0,2347.140724280407,2.366863905325444,1320,1350,32,0,1318,1342,57207,2,0,0,2,8
2020-10-01,US,Texas,Harris,143530,2607,0,29.85864939,-95.39339521,48201.0,3045.196331676683,1.816345014979447,140923,142681,2599,0,140082,142315,4698619,849,8,0,841,366
2020-10-01,US,Texas,Harrison,916,32,0,32.54935988,-94.36934071,48203.0,1376.3466710741816,3.4934497816593884,884,905,32,0,873,898,66726,11,0,0,11,7
2020-10-01,US,Texas,Hartley,137,0,0,35.84008013,-102.6029022,48205.0,2456.958393113343,0.0,137,135,0,0,135,133,5619,2,0,0,2,2
2020-10-01,US,Texas,Haskell,69,2,0,33.17823584,-99.73037358,48207.0,1219.5121951219512,2.898550724637681,67,69,2,0,67,69,5813,0,0,0,0,0
2020-10-01,US,Texas,Hays,5946,65,0,30.05669873,-98.02944344,48209.0,2583.072318205317,1.093171880255634,5881,5940,65,0,5875,5926,222631,6,0,0,6,14
2020-10-01,US,Texas,Hemphill,74,0,0,35.83764858,-100.2703577,48211.0,1937.6800209478922,0.0,74,74,0,0,74,73,3825,0,0,0,0,1
2020-10-01,US,Texas,Henderson,998,23,0,32.21128872,-95.85846587,48213.0,1206.231794723038,2.3046092184368736,975,984,23,0,961,973,82299,14,0,0,14,11
2020-10-01,US,Texas,Hidalgo,32198,1718,0,26.39418217,-98.18299696,48215.0,3706.428059173001,5.3357351388284995,30480,31984,1698,0,30286,31835,865939,214,20,0,194,149
2020-10-01,US,Texas,Hill,695,14,0,31.99045053,-97.13423143,48217.0,1896.3682501568933,2.014388489208633,681,692,14,0,678,670,36354,3,0,0,3,22
2020-10-01,US,Texas,Hockley,361,9,0,33.60771256,-102.3431676,48219.0,1568.1334433777856,2.4930747922437675,352,360,9,0,351,356,22980,1,0,0,1,4
2020-10-01,US,Texas,Hood,980,28,0,32.42990927,-97.83242024,48221.0,1589.799328390896,2.8571428571428568,952,969,28,0,941,966,60537,11,0,0,11,3
2020-10-01,US,Texas,Hopkins,383,11,0,33.14875072,-95.56351139,48223.0,1032.7904217452271,2.8720626631853787,372,364,8,0,356,360,36810,19,3,0,16,4
2020-10-01,US,Texas,Houston,377,11,0,31.31925973,-95.42226208,48225.0,1641.4141414141413,2.9177718832891246,366,374,11,0,363,373,23169,3,0,0,3,1
2020-10-01,US,Texas,Howard,827,16,0,32.30621324,-101.4356444,48227.0,2255.618590442941,1.9347037484885128,811,823,16,0,807,823,36459,4,0,0,4,0
2020-10-01,US,Texas,Hudspeth,52,3,0,31.45628381,-105.388178,48229.0,1064.2652476463363,5.769230769230768,49,52,3,0,49,49,4795,0,0,0,0,3
2020-10-01,US,Texas,Hunt,1669,38,0,33.12351514,-96.08551032,48231.0,1692.8007789520661,2.276812462552426,1631,1662,38,0,1624,1632,96493,7,0,0,7,30
2020-10-01,US,Texas,Hutchinson,224,6,0,35.84006574,-101.3546643,48233.0,1069.825198204222,2.6785714285714284,218,224,5,0,219,221,21198,0,1,0,-1,3
2020-10-01,US,Texas,Irion,10,0,0,31.30375559,-100.982439,48235.0,651.0416666666666,0.0,10,10,0,0,10,10,1522,0,0,0,0,0
2020-10-01,US,Texas,Jack,141,3,0,33.23377248,-98.17283469,48237.0,1578.063794068271,2.127659574468085,138,140,3,0,137,141,8843,1,0,0,1,-1
2020-10-01,US,Texas,Jackson,612,16,0,28.95472367,-96.57749563,48239.0,4146.341463414634,2.6143790849673203,596,607,16,0,591,608,14874,5,0,0,5,-1
2020-10-01,US,Texas,Jasper,483,29,0,30.74685667,-94.02667579,48241.0,1359.4528413408764,6.004140786749482,454,480,26,0,454,480,35872,3,3,0,0,0
2020-10-01,US,Texas,Jeff Davis,14,0,0,30.71490589,-104.1399973,48243.0,615.6552330694811,0.0,14,14,0,0,14,14,2252,0,0,0,0,0
2020-10-01,US,Texas,Jefferson,7540,134,0,29.8832777,-94.16434171,48245.0,2997.2372945362035,1.7771883289124668,7406,7511,134,0,7377,7459,255001,29,0,0,29,52
2020-10-01,US,Texas,Jim Hogg,111,3,0,27.04453923,-98.69681870000001,48247.0,2134.6153846153848,2.702702702702702,108,111,3,0,108,108,5248,0,0,0,0,3
2020-10-01,US,Texas,Jim Wells,1490,37,0,27.73103938,-98.0904705,48249.0,3680.6481893187097,2.4832214765100677,1453,1485,37,0,1448,1475,40822,5,0,0,5,10
2020-10-01,US,Texas,Johnson,3130,52,0,32.37877812,-97.36615819,48251.0,1780.260156867652,1.6613418530351438,3078,3113,50,0,3063,3102,171361,17,2,0,15,11
2020-10-01,US,Texas,Jones,565,0,0,32.73997145,-99.87861576,48253.0,2813.3247024846887,0.0,565,577,0,0,577,577,19817,-12,0,0,-12,0
2020-10-01,US,Texas,Karnes,938,17,0,28.90705334,-97.85960149,48255.0,6012.435100314085,1.8123667377398718,921,940,16,0,924,937,15650,-2,1,0,-3,3
2020-10-01,US,Texas,Kaufman,3192,47,0,32.599141700000004,-96.28734728,48257.0,2344.404130616801,1.4724310776942355,3145,3184,47,0,3137,3193,128622,8,0,0,8,-9
2020-10-01,US,Texas,Kendall,341,8,0,29.94414155,-98.7113588,48259.0,718.9390904682591,2.3460410557184748,333,339,8,0,331,334,45641,2,0,0,2,5
2020-10-01,US,Texas,Kenedy,7,2,0,26.92601662,-97.66413984,48261.0,1732.6732673267327,28.57142857142857,5,7,2,0,5,7,442,0,0,0,0,0
2020-10-01,US,Texas,Kent,9,0,0,33.18104136,-100.7780939,48263.0,1181.1023622047244,0.0,9,9,0,0,9,9,726,0,0,0,0,0
2020-10-01,US,Texas,Kerr,601,10,0,30.06040006,-99.34930144,48265.0,1142.5855513307986,1.6638935108153081,591,592,10,0,582,592,52405,9,0,0,9,0
2020-10-01,US,Texas,Kimble,16,1,0,30.48678918,-99.74856473,48267.0,368.9186073322573,6.25,15,16,1,0,15,16,4362,0,0,0,0,0
2020-10-01,US,Texas,Kinney,46,1,0,29.34967888,-100.41866379999999,48271.0,1254.4314153258795,2.1739130434782608,45,44,1,0,43,44,3767,2,0,0,2,0
2020-10-01,US,Texas,Kleberg,1007,44,0,27.42435506,-97.69894948,48273.0,3282.268578878749,4.369414101290963,963,1003,44,0,959,1003,31129,4,0,0,4,0
2020-10-01,US,Texas,Knox,100,8,0,33.60519951,-99.74229059999999,48275.0,2729.257641921397,8.0,92,95,8,0,87,92,3653,5,0,0,5,3
2020-10-01,US,Texas,La Salle,357,11,0,28.34453111,-99.09908775,48283.0,4747.340425531916,3.0812324929971986,346,357,11,0,346,357,7531,0,0,0,0,0
2020-10-01,US,Texas,Lamar,1236,37,0,33.66981763,-95.57404777,48277.0,2478.990753926072,2.9935275080906147,1199,1220,35,0,1185,1199,49728,16,2,0,14,21
2020-10-01,US,Texas,Lamb,341,23,0,34.06859623,-102.35162890000001,48279.0,2644.8460404870857,6.744868035190616,318,337,23,0,314,336,13158,4,0,0,4,1
2020-10-01,US,Texas,Lampasas,261,8,0,31.19531316,-98.24206613,48281.0,1218.0324808661564,3.0651340996168583,253,261,8,0,253,254,21229,0,0,0,0,7
2020-10-01,US,Texas,Lavaca,1005,35,0,29.38508402,-96.93186692,48285.0,4986.603155701102,3.4825870646766166,970,988,35,0,953,986,20110,17,0,0,17,2
2020-10-01,US,Texas,Lee,231,14,0,30.31120597,-96.97045773,48287.0,1339.9849179186729,6.0606060606060606,217,228,14,0,214,226,17144,3,0,0,3,2
2020-10-01,US,Texas,Leon,252,6,0,31.29872538,-95.9936328,48289.0,1447.9430016088254,2.380952380952381,246,249,6,0,243,244,17270,3,0,0,3,5
2020-10-01,US,Texas,Liberty,2248,51,0,30.15152688,-94.81205615,48291.0,2548.2039016538392,2.2686832740213525,2197,2254,51,0,2203,2260,86323,-6,0,0,-6,-6
2020-10-01,US,Texas,Limestone,579,14,0,31.5454767,-96.58095444,48293.0,2470.452702990997,2.4179620034542317,565,575,14,0,561,572,23519,4,0,0,4,3
2020-10-01,US,Texas,Lipscomb,32,1,0,36.27783108,-100.27331509999999,48295.0,989.7927621404268,3.125,31,32,1,0,31,32,3355,0,0,0,0,0
2020-10-01,US,Texas,Live Oak,374,9,0,28.35101362,-98.1246786,48297.0,3063.815843368559,2.406417112299465,365,374,9,0,365,374,12166,0,0,0,0,0
2020-10-01,US,Texas,Llano,134,2,0,30.70645047,-98.68475262,48299.0,614.8199128240423,1.492537313432836,132,132,2,0,130,128,21646,2,0,0,2,4
2020-10-01,US,Texas,Lubbock,12139,128,0,33.61008596,-101.82047890000001,48303.0,3908.632220215153,1.0544525908229674,12011,11952,126,0,11826,11764,307412,187,2,0,185,188
2020-10-01,US,Texas,Lynn,108,5,0,33.17657705,-101.8162849,48305.0,1814.821038480928,4.62962962962963,103,99,5,0,94,99,5877,9,0,0,9,0
2020-10-01,US,Texas,Madison,724,6,0,30.96694679,-95.93003775,48313.0,5068.608232987958,0.8287292817679558,718,721,6,0,715,719,14422,3,0,0,3,2
2020-10-01,US,Texas,Marion,151,14,0,32.79868409,-94.35661230000001,48315.0,1532.37264055206,9.271523178807945,137,150,14,0,136,150,9928,1,0,0,1,0
2020-10-01,US,Texas,Martin,77,6,0,32.30600051,-101.9513518,48317.0,1334.2574943683935,7.792207792207793,71,77,6,0,71,77,5753,0,0,0,0,0
2020-10-01,US,Texas,Mason,78,2,0,30.71780434,-99.22629416,48319.0,1824.9883013570425,2.5641025641025643,76,77,2,0,75,77,4280,1,0,0,1,0
2020-10-01,US,Texas,Matagorda,1048,48,0,28.81955746,-96.01230294,48321.0,2860.027836148787,4.580152671755725,1000,1041,48,0,993,1036,36552,7,0,0,7,5
2020-10-01,US,Texas,Maverick,3712,125,0,28.7429195,-100.3157686,48323.0,6321.310582064643,3.3674568965517233,3587,3712,124,0,3588,3712,58485,0,1,0,-1,0
2020-10-01,US,Texas,McCulloch,163,4,0,31.1925468,-99.34682807,48307.0,2041.583166332665,2.4539877300613497,159,159,4,0,155,156,7987,4,0,0,4,3
2020-10-01,US,Texas,McLennan,8179,107,0,31.55255453,-97.20217694,48309.0,3187.165608694467,1.3082283897787017,8072,8122,105,0,8017,8061,254607,57,2,0,55,61
2020-10-01,US,Texas,McMullen,24,1,0,28.35251708,-98.56769164,48311.0,3230.1480484522212,4.166666666666667,23,24,1,0,23,24,749,0,0,0,0,0
2020-10-01,US,Texas,Medina,1227,46,0,29.355730100000002,-99.11030298,48325.0,2378.644540942928,3.748981255093725,1181,1223,46,0,1177,1207,50921,4,0,0,4,16
2020-10-01,US,Texas,Menard,27,0,0,30.88990665,-99.82047940000001,48327.0,1262.8624883068287,0.0,27,26,0,0,26,26,2139,1,0,0,1,0
2020-10-01,US,Texas,Midland,3890,85,0,31.86904128,-102.03156820000001,48329.0,2199.8280854144045,2.185089974293059,3805,3890,85,0,3805,3857,172578,0,0,0,0,33
2020-10-01,US,Texas,Milam,509,6,0,30.78581830000001,-96.97718698,48331.0,2050.5176650686867,1.1787819253438114,503,501,6,0,495,498,25131,8,0,0,8,3
2020-10-01,US,Texas,Mills,59,0,0,31.49557106,-98.59272068,48333.0,1210.7531294890214,0.0,59,59,0,0,59,59,4921,0,0,0,0,0
2020-10-01,US,Texas,Mitchell,94,1,0,32.30623474,-100.9212058,48335.0,1100.0585137507314,1.0638297872340423,93,92,1,0,91,91,8145,2,0,0,2,1
2020-10-01,US,Texas,Montague,188,4,0,33.67521893,-97.72500958,48337.0,948.632556261984,2.127659574468085,184,188,4,0,184,187,19596,0,0,0,0,1
2020-10-01,US,Texas,Montgomery,11221,161,0,30.30079133,-95.50572772,48339.0,1847.409658687732,1.4348097317529631,11060,11092,159,0,10933,10996,590925,129,2,0,127,96
2020-10-01,US,Texas,Moore,1183,22,0,35.83769242,-101.8930281,48341.0,5649.474689589303,1.8596787827557055,1161,1183,22,0,1161,1182,21485,0,0,0,0,1
2020-10-01,US,Texas,Morris,191,3,0,33.11304005,-94.73255695,48343.0,1541.814659347756,1.5706806282722514,188,189,3,0,186,188,12339,2,0,0,2,1
2020-10-01,US,Texas,Motley,9,0,0,34.07408766,-100.77972199999999,48345.0,750.0,0.0,9,9,0,0,9,9,1234,0,0,0,0,0
2020-10-01,US,Texas,Nacogdoches,1635,63,0,31.62017125,-94.61803994,48347.0,2507.5148763879515,3.853211009174312,1572,1626,63,0,1563,1614,65711,9,0,0,9,12
2020-10-01,US,Texas,Navarro,1312,27,0,32.04620681,-96.47428766,48349.0,2618.083132121405,2.0579268292682933,1285,1303,27,0,1276,1294,49565,9,0,0,9,9
2020-10-01,US,Texas,Newton,182,13,0,30.78548982,-93.74408813,48351.0,1338.7274733357851,7.142857142857142,169,181,11,0,170,181,13746,1,2,0,-1,0
2020-10-01,US,Texas,Nolan,265,5,0,32.30365282,-100.4060208,48353.0,1801.0058447736847,1.8867924528301887,260,262,5,0,257,260,14751,3,0,0,3,2
2020-10-01,US,Texas,Nueces,20541,417,0,27.736286,-97.5433285,48355.0,5669.704714955257,2.0300861691251644,20124,20541,417,0,20124,20534,362265,0,0,0,0,7
2020-10-01,US,Texas,Ochiltree,140,5,0,36.27829105,-100.8158184,48357.0,1423.3428222854818,3.571428571428572,135,140,5,0,135,137,9947,0,0,0,0,3
2020-10-01,US,Texas,Oldham,18,1,0,35.40425596,-102.6027606,48359.0,852.2727272727273,5.5555555555555545,17,18,1,0,17,18,2131,0,0,0,0,0
2020-10-01,US,Texas,Orange,2003,44,0,30.11879481,-93.89412775,48361.0,2401.79385102403,2.1967049425861207,1959,2008,44,0,1964,1981,83572,-5,0,0,-5,27
2020-10-01,US,Texas,Palo Pinto,582,15,0,32.75310985,-98.31319001,48363.0,1993.9018123265607,2.5773195876288657,567,581,15,0,566,582,28875,1,0,0,1,-1
2020-10-01,US,Texas,Panola,393,26,0,32.163959600000005,-94.30552481,48365.0,1694.4037251013192,6.6157760814249365,367,388,26,0,362,386,23148,5,0,0,5,2
2020-10-01,US,Texas,Parker,2030,35,0,32.77757172,-97.80500621,48367.0,1420.7925642856146,1.7241379310344829,1995,2025,34,0,1991,2019,138371,5,1,0,4,6
2020-10-01,US,Texas,Parmer,443,8,0,34.52993409,-102.78446679999999,48369.0,4612.1811556481,1.8058690744920995,435,443,8,0,435,439,9864,0,0,0,0,4
2020-10-01,US,Texas,Pecos,383,5,0,30.78097267,-102.72412609999999,48371.0,2420.527080831701,1.3054830287206267,378,377,5,0,372,376,15673,6,0,0,6,1
2020-10-01,US,Texas,Polk,863,22,0,30.79472531,-94.82766240000001,48373.0,1680.5249936712555,2.5492468134414827,841,863,22,0,841,856,50031,0,0,0,0,7
2020-10-01,US,Texas,Potter,6072,71,0,35.40133773,-101.893964,48375.0,5171.400587659157,1.1693017127799736,6001,5989,70,0,5919,5938,119648,83,1,0,82,51
2020-10-01,US,Texas,Presidio,97,7,0,29.99954402,-104.24080790000001,48377.0,1446.8973747016707,7.216494845360825,90,97,7,0,90,97,6948,0,0,0,0,0
2020-10-01,US,Texas,Rains,72,4,0,32.87109387,-95.79232691,48379.0,575.3556017260668,5.5555555555555545,68,71,4,0,67,69,12159,1,0,0,1,2
2020-10-01,US,Texas,Randall,3045,43,0,34.96585996,-101.8971322,48381.0,2211.1202283008865,1.4121510673234812,3002,2982,42,0,2940,2918,136271,63,1,0,62,64
2020-10-01,US,Texas,Reagan,88,6,0,31.36607041,-101.52326590000001,48383.0,2286.308131982333,6.8181818181818175,82,87,6,0,81,87,3741,1,0,0,1,0
2020-10-01,US,Texas,Real,118,8,0,29.83321503,-99.82018052,48385.0,3418.308227114717,6.779661016949151,110,118,7,0,111,118,3478,0,1,0,-1,0
2020-10-01,US,Texas,Red River,168,14,0,33.61886692,-95.04841765,48387.0,1397.3217998835564,8.333333333333334,154,164,14,0,150,162,12175,4,0,0,4,2
2020-10-01,US,Texas,Reeves,200,6,0,31.32323325,-103.69038959999999,48389.0,1251.8778167250875,3.0,194,200,6,0,194,199,15695,0,0,0,0,1
2020-10-01,US,Texas,Refugio,308,14,0,28.323897600000002,-97.15766311,48391.0,4432.930339666091,4.545454545454546,294,308,14,0,294,307,7032,0,0,0,0,1
2020-10-01,US,Texas,Roberts,11,0,0,35.83809685,-100.813175,48393.0,1288.0562060889931,0.0,11,11,0,0,11,10,903,0,0,0,0,1
2020-10-01,US,Texas,Robertson,317,3,0,31.02539637,-96.51272246,48395.0,1856.624106829097,0.946372239747634,314,315,3,0,312,313,17284,2,0,0,2,2
2020-10-01,US,Texas,Rockwall,1659,28,0,32.89779518,-96.40771592,48397.0,1581.2800838774247,1.6877637130801688,1631,1656,27,0,1629,1662,100657,3,1,0,2,-6
2020-10-01,US,Texas,Runnels,279,7,0,31.8314342,-99.97616148,48399.0,2718.2385035074044,2.508960573476702,272,278,6,0,272,278,10234,1,1,0,0,0
2020-10-01,US,Texas,Rusk,967,11,0,32.10773545,-94.76176432,48401.0,1777.3774951292135,1.1375387797311272,956,972,11,0,961,964,54450,-5,0,0,-5,8
2020-10-01,US,Texas,Sabine,82,8,0,31.34318809,-93.85440451,48403.0,777.8410168848416,9.75609756097561,74,81,8,0,73,81,10589,1,0,0,1,0
2020-10-01,US,Texas,San Augustine,204,15,0,31.39457611,-94.17000399,48405.0,2476.6298409615147,7.352941176470589,189,204,15,0,189,202,8232,0,0,0,0,2
2020-10-01,US,Texas,San Jacinto,227,9,0,30.57933681,-95.16260304,48407.0,786.5830416854361,3.9647577092511015,218,227,9,0,218,227,28719,0,0,0,0,0
2020-10-01,US,Texas,San Patricio,1466,77,0,28.00880118,-97.51763891,48409.0,2196.9129327139217,5.252387448840382,1389,1466,77,0,1389,1466,66893,0,0,0,0,0
2020-10-01,US,Texas,San Saba,66,0,0,31.1577796,-98.81758731,48411.0,1090.0082576383154,0.0,66,66,0,0,66,65,6054,0,0,0,0,1
2020-10-01,US,Texas,Schleicher,53,2,0,30.89740592,-100.5384842,48413.0,1897.6011457214465,3.7735849056603774,51,53,2,0,51,53,2895,0,0,0,0,0
2020-10-01,US,Texas,Scurry,743,5,0,32.74613808,-100.91626640000001,48415.0,4448.302700113752,0.6729475100942126,738,646,4,0,642,646,16866,97,1,0,96,0
2020-10-01,US,Texas,Shackelford,28,0,0,32.73587756,-99.35401337,48417.0,857.5803981623277,0.0,28,30,0,0,30,34,3253,-2,0,0,-2,-4
2020-10-01,US,Texas,Shelby,485,27,0,31.79211404,-94.14550696,48419.0,1918.9681095196647,5.56701030927835,458,483,27,0,456,480,25418,2,0,0,2,3
2020-10-01,US,Texas,Sherman,66,1,0,36.27751473,-101.8933156,48421.0,2183.9841164791533,1.5151515151515151,65,66,0,0,66,66,3079,0,1,0,-1,0
2020-10-01,US,Texas,Smith,3838,107,0,32.37474036,-95.27175679999999,48423.0,1648.972507099862,2.787910369984367,3731,3819,106,0,3713,3812,230221,19,1,0,18,7
2020-10-01,US,Texas,Somervell,148,5,0,32.22236802,-97.77403489,48425.0,1621.384750219106,3.3783783783783785,143,146,5,0,141,145,9016,2,0,0,2,1
2020-10-01,US,Texas,Starr,3446,169,0,26.56150059,-98.73892358,48427.0,5331.641731004286,4.904236796285549,3277,3432,169,0,3263,3413,64525,14,0,0,14,19
2020-10-01,US,Texas,Stephens,136,4,0,32.73553157,-98.83631615,48429.0,1452.060644885757,2.9411764705882355,132,137,4,0,133,136,9433,-1,0,0,-1,1
2020-10-01,US,Texas,Sterling,5,0,0,31.82781912,-101.05007459999999,48431.0,387.29666924864443,0.0,5,5,0,0,5,5,1311,0,0,0,0,0
2020-10-01,US,Texas,Stonewall,16,1,0,33.17906744,-100.25384009999999,48433.0,1185.1851851851852,6.25,15,14,1,0,13,14,1362,2,0,0,2,0
2020-10-01,US,Texas,Sutton,84,3,0,30.49856623,-100.5382014,48435.0,2224.576271186441,3.571428571428572,81,84,3,0,81,84,3758,0,0,0,0,0
2020-10-01,US,Texas,Swisher,107,3,0,34.53028891,-101.73491740000001,48437.0,1446.5323779910775,2.803738317757009,104,107,3,0,104,106,7462,0,0,0,0,1
2020-10-01,US,Texas,Tarrant,50729,725,0,32.77143818,-97.29101614,48439.0,2412.7770788793428,1.4291628062843738,50004,50417,721,0,49696,47917,2084931,312,4,0,308,2500
2020-10-01,US,Texas,Taylor,1525,58,0,32.30163422,-99.89007449,48441.0,1104.8002666009825,3.80327868852459,1467,1508,56,0,1452,1508,137640,17,2,0,15,0
2020-10-01,US,Texas,Terrell,3,0,0,30.22429013,-102.0766732,48443.0,386.59793814432993,0.0,3,3,0,0,3,3,823,0,0,0,0,0
2020-10-01,US,Texas,Terry,253,4,0,33.17402785,-102.3354521,48445.0,2050.7416713949906,1.5810276679841897,249,242,4,0,238,242,12287,11,0,0,11,0
2020-10-01,US,Texas,Throckmorton,8,2,0,33.17751417,-99.21226795,48447.0,532.9780146568954,25.0,6,8,2,0,6,8,1515,0,0,0,0,0
2020-10-01,US,Texas,Titus,1600,28,0,33.21339719,-94.96797273,48449.0,4885.496183206107,1.75,1572,1600,28,0,1572,1600,33033,0,0,0,0,0
2020-10-01,US,Texas,Tom Green,3769,69,0,31.40464436,-100.46244300000001,48451.0,3161.912751677852,1.830724330061024,3700,3740,69,0,3671,3718,118189,29,0,0,29,22
2020-10-01,US,Texas,Travis,29576,429,0,30.33432034,-97.78535620000001,48453.0,2321.5908894669665,1.450500405734379,29147,29514,427,0,29087,29421,1248743,62,2,0,60,93
2020-10-01,US,Texas,Trinity,197,7,0,31.0879489,-95.1367187,48455.0,1344.6181148044502,3.5532994923857872,190,197,7,0,190,196,14740,0,0,0,0,1
2020-10-01,US,Texas,Tyler,230,4,0,30.77031716,-94.37690895,48457.0,1061.2772240679217,1.7391304347826086,226,228,4,0,224,227,21696,2,0,0,2,1
2020-10-01,US,Texas,Upshur,399,10,0,32.73706798,-94.93999853,48459.0,955.6199554523027,2.506265664160401,389,393,10,0,383,390,41260,6,0,0,6,3
2020-10-01,US,Texas,Upton,25,2,0,31.36868194,-102.0423217,48461.0,683.6204539239814,8.0,23,25,2,0,23,25,3671,0,0,0,0,0
2020-10-01,US,Texas,Uvalde,793,34,0,29.35739637,-99.76229172,48463.0,2965.4837141468156,4.287515762925598,759,790,34,0,756,790,26846,3,0,0,3,0
2020-10-01,US,Texas,Val Verde,2208,108,0,29.89149232,-101.1525205,48465.0,4503.824579296277,4.891304347826087,2100,2203,104,0,2099,2203,49208,5,4,0,1,0
2020-10-01,US,Texas,Van Zandt,593,20,0,32.56483801,-95.83766469,48467.0,1047.8883194910761,3.3726812816188865,573,593,19,0,574,589,56019,0,1,0,-1,4
2020-10-01,US,Texas,Victoria,4076,96,0,28.79780988,-96.96813006,48469.0,4426.393293080231,2.355250245338567,3980,4069,96,0,3973,4062,92035,7,0,0,7,7
2020-10-01,US,Texas,Walker,3750,57,0,30.73872995,-95.57440968,48471.0,5139.027832974743,1.52,3693,3735,57,0,3678,3732,72480,15,0,0,15,3
2020-10-01,US,Texas,Waller,869,14,0,30.01058447,-95.99011759,48473.0,1572.9645585200738,1.6110471806674338,855,858,14,0,844,856,53126,11,0,0,11,2
2020-10-01,US,Texas,Ward,135,1,0,31.50999644,-103.09279090000001,48475.0,1125.1875312552093,0.7407407407407407,134,134,1,0,133,134,11720,1,0,0,1,0
2020-10-01,US,Texas,Washington,641,48,0,30.21498498,-96.40946246,48477.0,1786.411013878825,7.488299531981279,593,641,48,0,593,641,35108,0,0,0,0,0
2020-10-01,US,Texas,Webb,13884,297,0,27.7610369,-99.33237355,48479.0,5018.579298179662,2.1391529818496107,13587,13884,297,0,13587,13697,275910,0,0,0,0,187
2020-10-01,US,Texas,Wharton,1375,53,0,29.27765923,-96.22319248,48481.0,3308.7881413033006,3.8545454545454554,1322,1372,52,0,1320,1366,41619,3,1,0,2,6
2020-10-01,US,Texas,Wheeler,48,0,0,35.40114335,-100.26995140000001,48483.0,949.3670886075952,0.0,48,48,0,0,48,48,5191,0,0,0,0,0
2020-10-01,US,Texas,Wichita,1872,25,0,33.98842886,-98.70410340000001,48485.0,1415.715041972321,1.3354700854700854,1847,1839,24,0,1815,1797,132064,33,1,0,32,42
2020-10-01,US,Texas,Wilbarger,210,2,0,34.07945812,-99.24178437,48487.0,1644.6080350849713,0.9523809523809524,208,209,2,0,207,207,12820,1,0,0,1,2
2020-10-01,US,Texas,Willacy,1203,51,0,26.47411727,-97.61535848,48489.0,5632.549864219496,4.239401496259352,1152,1204,50,0,1154,1214,21515,-1,1,0,-2,-10
2020-10-01,US,Texas,Williamson,8672,144,0,30.64655664,-97.60048540000001,48491.0,1468.4591169941293,1.6605166051660516,8528,8663,144,0,8519,8642,566719,9,0,0,9,21
2020-10-01,US,Texas,Wilson,912,26,0,29.1732598,-98.08693082,48493.0,1785.7842177403566,2.8508771929824563,886,902,26,0,876,897,50224,10,0,0,10,5
2020-10-01,US,Texas,Winkler,118,4,0,31.85008651,-103.04851629999999,48495.0,1473.1585518102372,3.3898305084745757,114,118,4,0,114,115,7720,0,0,0,0,3
2020-10-01,US,Texas,Wise,776,14,0,33.21570665,-97.65460265,48497.0,1108.8248742569729,1.8041237113402064,762,771,14,0,757,768,68305,5,0,0,5,3
2020-10-01,US,Texas,Wood,538,25,0,32.78722382,-95.38236368,48499.0,1181.4049496036364,4.6468401486988835,513,526,25,0,501,526,45129,12,0,0,12,0
2020-10-01,US,Texas,Yoakum,238,5,0,33.17320212,-102.82764329999999,48501.0,2731.550556639504,2.100840336134454,233,224,5,0,219,224,8591,14,0,0,14,0
2020-10-01,US,Texas,Young,337,6,0,33.17659707,-98.68790885,48503.0,1871.1826762909493,1.7804154302670625,331,332,6,0,326,327,18045,5,0,0,5,5
2020-10-01,US,Texas,Zapata,335,6,0,27.00156391,-99.16987152,48505.0,2362.648987939911,1.791044776119403,329,333,6,0,327,333,14190,2,0,0,2,0
2020-10-01,US,Texas,Zavala,373,16,0,28.86617238,-99.76050829,48507.0,3150.337837837838,4.289544235924933,357,369,16,0,353,365,11983,4,0,0,4,4
2020-10-01,US,Utah,Bear River,3449,11,0,41.52106798,-113.08328159999999,0.0,1846.181845432453,0.31893302406494634,3438,3425,11,0,3414,3398,,24,0,0,24,27
2020-10-01,US,Utah,Central Utah,697,3,0,39.37231946,-111.5758676,0.0,850.4770969080217,0.430416068866571,694,681,3,0,678,671,,16,0,0,16,10
2020-10-01,US,Utah,Davis,5405,30,0,40.99001837,-112.1139997,49011.0,1520.475074617209,0.5550416281221091,5375,5307,30,0,5277,5215,351713,98,0,0,98,92
2020-10-01,US,Utah,Salt Lake,32019,253,0,40.66616532,-111.92160109999999,49035.0,2759.2191562316607,0.7901558449670508,31766,31700,253,0,31447,31345,1152633,319,0,0,319,355
2020-10-01,US,Utah,San Juan,703,29,0,37.62762978,-109.80337140000002,49037.0,4592.370002613013,4.125177809388337,674,703,29,0,674,701,15449,0,0,0,0,2
2020-10-01,US,Utah,Southeast Utah,229,1,0,38.99617072,-110.70139579999999,0.0,569.2410947326556,0.4366812227074236,228,223,1,0,222,221,,6,0,0,6,2
2020-10-01,US,Utah,Southwest Utah,4354,34,0,37.85447192,-111.4418764,0.0,1727.4898628006442,0.7808911345888838,4320,4304,34,0,4270,4255,,50,0,0,50,49
2020-10-01,US,Utah,Summit,1029,1,0,40.86688146,-110.9535882,49043.0,2441.5707675880885,0.09718172983479106,1028,1022,1,0,1021,1014,41933,7,0,0,7,8
2020-10-01,US,Utah,Tooele,902,0,0,40.44862644,-113.12957150000001,49045.0,1248.2874105647736,0.0,902,893,0,0,893,891,69907,9,0,0,9,2
2020-10-01,US,Utah,TriCounty,243,2,0,40.12491499,-109.5174415,0.0,429.1618098972131,0.8230452674897121,241,240,2,0,238,238,,3,0,0,3,2
2020-10-01,US,Utah,Utah,19757,57,0,40.116672200000004,-111.66576620000001,49049.0,3105.2991426123995,0.2885053398795364,19700,19360,57,0,19303,19046,622213,397,0,0,397,314
2020-10-01,US,Utah,Wasatch,799,7,0,40.33110236,-111.1691419,49051.0,2343.7270833944444,0.8760951188986232,792,793,7,0,786,781,33240,6,0,0,6,12
2020-10-01,US,Utah,Weber-Morgan,4464,31,0,41.27116049,-111.9145117,0.0,1639.1456173784686,0.6944444444444444,4433,4391,31,0,4360,4360,,73,0,0,73,31
2020-10-01,US,Vermont,Addison,84,2,0,44.03217337,-73.14130877,50001.0,228.4036218288604,2.380952380952381,82,84,2,0,82,84,36973,0,0,0,0,0
2020-10-01,US,Vermont,Bennington,116,1,0,43.03519828,-73.09048868,50003.0,327.03693261911474,0.8620689655172413,115,115,1,0,114,115,35631,1,0,0,1,0
2020-10-01,US,Vermont,Caledonia,34,0,0,44.46548598,-72.10314651,50005.0,113.35978394958825,0.0,34,34,0,0,34,34,30302,0,0,0,0,0
2020-10-01,US,Vermont,Chittenden,837,39,0,44.46322849,-73.08359212,50007.0,511.0701332323813,4.659498207885305,798,837,39,0,798,837,164572,0,0,0,0,0
2020-10-01,US,Vermont,Essex,6,0,0,44.72736416,-71.73579864,50009.0,97.35518416355671,0.0,6,6,0,0,6,6,6250,0,0,0,0,0
2020-10-01,US,Vermont,Franklin,128,7,0,44.85627605,-72.91249563,50011.0,259.09882191004414,5.46875,121,128,7,0,121,128,49421,0,0,0,0,0
2020-10-01,US,Vermont,Grand Isle,16,0,0,44.797582399999996,-73.29679772,50013.0,221.147201105736,0.0,16,16,0,0,16,14,7090,0,0,0,0,2
2020-10-01,US,Vermont,Lamoille,59,1,0,44.60353043,-72.64356694,50015.0,232.63149593880607,1.6949152542372878,58,59,1,0,58,58,25300,0,0,0,0,1
2020-10-01,US,Vermont,Orange,25,0,0,44.00470222,-72.37640104,50017.0,86.52914301536758,0.0,25,25,0,0,25,25,28999,0,0,0,0,0
2020-10-01,US,Vermont,Orleans,21,0,0,44.82964024,-72.24562697,50019.0,77.67133927580724,0.0,21,21,0,0,21,21,26907,0,0,0,0,0
2020-10-01,US,Vermont,Rutland,131,1,0,43.57723578,-73.03741676,50021.0,225.12072313588013,0.7633587786259542,130,131,1,0,130,131,58672,0,0,0,0,0
2020-10-01,US,Vermont,Unassigned,8,0,0,0.0,0.0,90050.0,0.0,0.0,8,8,0,0,8,8,,0,0,0,0,0
2020-10-01,US,Vermont,Washington,78,2,0,44.27343241,-72.61604978,50023.0,133.54106387714222,2.5641025641025643,76,78,2,0,76,78,58140,0,0,0,0,0
2020-10-01,US,Vermont,Windham,123,3,0,42.986982,-72.71268875,50025.0,291.3173227227512,2.4390243902439024,120,123,3,0,120,123,42756,0,0,0,0,0
2020-10-01,US,Vermont,Windsor,89,2,0,43.58010937,-72.58595157,50027.0,161.6359739929534,2.247191011235955,87,87,2,0,85,87,55286,2,0,0,2,0
2020-10-01,US,Virginia,Accomack,1182,19,0,37.76707161,-75.63234615,51001.0,3657.630894912737,1.6074450084602367,1163,1182,19,0,1163,1175,32412,0,0,0,0,7
2020-10-01,US,Virginia,Albemarle,1321,21,0,38.02080697,-78.55481085,51003.0,1208.2685447727065,1.5897047691143074,1300,1306,21,0,1285,1283,108718,15,0,0,15,23
2020-10-01,US,Virginia,Alexandria,3859,69,0,38.814003,-77.08183073,51510.0,2420.528388990641,1.7880279865250064,3790,3852,69,0,3783,3841,160530,7,0,0,7,11
2020-10-01,US,Virginia,Alleghany,79,4,0,37.78636074,-80.00222498,51005.0,531.628532974428,5.063291139240507,75,79,4,0,75,79,14910,0,0,0,0,0
2020-10-01,US,Virginia,Amelia,124,5,0,37.34081025,-77.98584649,51007.0,943.3244579688094,4.032258064516129,119,124,5,0,119,124,13013,0,0,0,0,0
2020-10-01,US,Virginia,Amherst,405,4,0,37.60308293,-79.14548696,51009.0,1281.4428096820122,0.9876543209876544,401,403,4,0,399,402,31666,2,0,0,2,1
2020-10-01,US,Virginia,Appomattox,217,3,0,37.37569884,-78.81340003,51011.0,1363.8363396392433,1.3824884792626728,214,216,3,0,213,215,15841,1,0,0,1,1
2020-10-01,US,Virginia,Arlington,3997,150,0,38.8767675,-77.10139853,51013.0,1687.6229722768771,3.7528146109582186,3847,3995,150,0,3845,3985,237521,2,0,0,2,10
2020-10-01,US,Virginia,Augusta,507,7,0,38.16404586,-79.12461614,51015.0,671.0077026919718,1.3806706114398422,500,512,7,0,505,505,75457,-5,0,0,-5,7
2020-10-01,US,Virginia,Bath,16,0,0,38.05852573,-79.73912095,51017.0,385.82107547624787,0.0,16,15,0,0,15,10,4292,1,0,0,1,5
2020-10-01,US,Virginia,Bedford,793,13,0,37.3080028,-79.5281964,51019.0,1003.8355886932416,1.639344262295082,780,786,13,0,773,776,78747,7,0,0,7,10
2020-10-01,US,Virginia,Bland,64,5,0,37.13128068,-81.13599391,51021.0,1019.108280254777,7.8125,59,64,5,0,59,64,6293,0,0,0,0,0
2020-10-01,US,Virginia,Botetourt,307,10,0,37.55531756,-79.80982182,51023.0,918.6390975193754,3.2573289902280136,297,306,10,0,296,305,33277,1,0,0,1,1
2020-10-01,US,Virginia,Bristol,188,6,0,36.616302399999995,-82.16359122,51520.0,1121.5845364514971,3.191489361702128,182,187,5,0,182,186,16482,1,1,0,0,1
2020-10-01,US,Virginia,Brunswick,363,5,0,36.76366949,-77.8593436,51025.0,2236.461092970242,1.3774104683195592,358,361,5,0,356,361,16384,2,0,0,2,0
2020-10-01,US,Virginia,Buchanan,158,2,0,37.26818323,-82.03749726,51027.0,752.2376690154256,1.2658227848101269,156,157,2,0,155,149,21221,1,0,0,1,8
2020-10-01,US,Virginia,Buckingham,682,9,0,37.57242268,-78.52518834,51029.0,3977.140191275951,1.3196480938416422,673,681,9,0,672,681,16999,1,0,0,1,0
2020-10-01,US,Virginia,Buena Vista,89,1,0,37.73484642,-79.35296097,51530.0,1373.8808274158694,1.1235955056179776,88,88,1,0,87,85,6237,1,0,0,1,3
2020-10-01,US,Virginia,Campbell,461,4,0,37.20553386,-79.09678609,51031.0,839.9380522911541,0.8676789587852495,457,460,4,0,456,458,54973,1,0,0,1,2
2020-10-01,US,Virginia,Caroline,365,5,0,38.02679129,-77.34901405,51033.0,1187.9576891781935,1.3698630136986298,360,365,5,0,360,362,30772,0,0,0,0,3
2020-10-01,US,Virginia,Carroll,505,24,0,36.73066666,-80.73455942,51035.0,1695.1428283709845,4.752475247524752,481,505,24,0,481,505,29636,0,0,0,0,0
2020-10-01,US,Virginia,Charles City,83,5,0,37.35358063,-77.05634116,51036.0,1192.0149360907656,6.024096385542169,78,83,5,0,78,83,6941,0,0,0,0,0
2020-10-01,US,Virginia,Charlotte,107,0,0,37.01909701,-78.66314092,51037.0,900.6734006734007,0.0,107,107,0,0,107,108,11938,0,0,0,0,-1
2020-10-01,US,Virginia,Charlottesville,1274,29,0,38.03527919,-78.48569588,51540.0,2695.3835738162743,2.2762951334379906,1245,1246,29,0,1217,1233,48117,28,0,0,28,13
2020-10-01,US,Virginia,Chesapeake,4357,72,0,36.67670048,-76.30545744,51550.0,1779.5658300488085,1.6525131971540048,4285,4350,72,0,4278,4333,242634,7,0,0,7,17
2020-10-01,US,Virginia,Chesterfield,6057,95,0,37.37373208,-77.58680140000001,51041.0,1716.8270021145004,1.5684332177645701,5962,6053,95,0,5958,6036,348556,4,0,0,4,17
2020-10-01,US,Virginia,Clarke,97,1,0,39.11271747,-77.99199425,51043.0,663.5200766126272,1.0309278350515465,96,95,1,0,94,95,14523,2,0,0,2,0
2020-10-01,US,Virginia,Colonial Heights,263,26,0,37.26420587,-77.39609676,51570.0,1514.104778353483,9.88593155893536,237,263,26,0,237,260,17833,0,0,0,0,3
2020-10-01,US,Virginia,Covington,32,0,0,37.7824656,-79.98631446,51580.0,577.825929938606,0.0,32,32,0,0,32,32,5460,0,0,0,0,0
2020-10-01,US,Virginia,Craig,31,0,0,37.48133648,-80.21072274,51045.0,604.1707269538101,0.0,31,31,0,0,31,31,5064,0,0,0,0,0
2020-10-01,US,Virginia,Culpeper,1217,17,0,38.48199985,-77.95630870000002,51047.0,2313.468301492253,1.3968775677896468,1200,1210,17,0,1193,1205,51859,7,0,0,7,5
2020-10-01,US,Virginia,Cumberland,105,2,0,37.51328851,-78.24398086,51049.0,1057.188884414015,1.9047619047619049,103,105,2,0,103,105,9809,0,0,0,0,0
2020-10-01,US,Virginia,Danville,910,28,0,36.58022376,-79.40395668,51590.0,2272.500249725302,3.0769230769230766,882,903,28,0,875,885,40693,7,0,0,7,18
2020-10-01,US,Virginia,Dickenson,102,1,0,37.12560977,-82.35124171,51051.0,712.3899986031569,0.9803921568627452,101,102,1,0,101,102,14523,0,0,0,0,0
2020-10-01,US,Virginia,Dinwiddie,399,11,0,37.07544585,-77.63451754,51053.0,1397.8419282511206,2.7568922305764407,388,399,11,0,388,398,28529,0,0,0,0,1
2020-10-01,US,Virginia,Emporia,260,26,0,36.69455571,-77.53406129,51595.0,4863.449307893752,10.0,234,259,26,0,233,259,5121,1,0,0,1,0
2020-10-01,US,Virginia,Essex,180,2,0,37.93357639,-76.94230311,51057.0,1643.3853738701723,1.1111111111111112,178,180,2,0,178,180,10919,0,0,0,0,0
2020-10-01,US,Virginia,Fairfax,21018,588,0,38.83677558,-77.27565836,51059.0,1831.5829101062106,2.797602055381102,20430,20981,588,0,20393,20924,1150795,37,0,0,37,57
2020-10-01,US,Virginia,Fairfax,21018,588,0,38.83677558,-77.27565836,51059.0,1831.5829101062106,2.797602055381102,20430,20981,588,0,20393,20924,24574,37,0,0,37,57
2020-10-01,US,Virginia,Fairfax City,137,8,0,38.85157547,-77.29779640000002,51600.0,570.3817810899704,5.8394160583941614,129,137,8,0,129,138,24574,0,0,0,0,-1
2020-10-01,US,Virginia,Falls Church,71,7,0,38.88485255,-77.17560759,51610.0,485.7357870972157,9.859154929577462,64,70,7,0,63,70,14772,1,0,0,1,0
2020-10-01,US,Virginia,Fauquier,945,25,0,38.73564842,-77.80647472,51061.0,1326.837213220634,2.6455026455026456,920,940,25,0,915,939,70675,5,0,0,5,1
2020-10-01,US,Virginia,Floyd,206,10,0,36.9302126,-80.36738849,51063.0,1308.0195567972569,4.854368932038835,196,205,9,0,196,203,15795,1,1,0,0,2
2020-10-01,US,Virginia,Fluvanna,381,9,0,37.84157909,-78.27715475,51065.0,1397.1397139713974,2.3622047244094486,372,381,9,0,372,379,26783,0,0,0,0,2
2020-10-01,US,Virginia,Franklin,194,1,0,36.99536167,-79.88023649,51067.0,346.1689447200313,0.5154639175257731,193,194,1,0,193,194,56195,0,0,0,0,0
2020-10-01,US,Virginia,Franklin,194,1,0,36.99536167,-79.88023649,51067.0,346.1689447200313,0.5154639175257731,193,194,1,0,193,194,8013,0,0,0,0,0
2020-10-01,US,Virginia,Franklin City,422,9,0,36.6831435,-76.93859681,51620.0,5296.849504204845,2.1327014218009483,413,422,9,0,413,422,8013,0,0,0,0,0
2020-10-01,US,Virginia,Frederick,905,13,0,39.20172582,-78.25974949,51069.0,1013.2903384725627,1.4364640883977902,892,899,13,0,886,895,88355,6,0,0,6,4
2020-10-01,US,Virginia,Fredericksburg,549,5,0,38.2977863,-77.4922454,51630.0,1890.7563025210086,0.9107468123861566,544,547,5,0,542,546,29144,2,0,0,2,1
2020-10-01,US,Virginia,Galax,419,30,0,36.66601852,-80.91703124,51640.0,6601.544036552701,7.1599045346062065,389,419,30,0,389,418,6423,0,0,0,0,1
2020-10-01,US,Virginia,Giles,90,0,0,37.31234791,-80.70636931,51071.0,538.2775119617224,0.0,90,90,0,0,90,90,16844,0,0,0,0,0
2020-10-01,US,Virginia,Gloucester,250,2,0,37.40809042,-76.53524337,51073.0,669.3798864731713,0.8,248,249,2,0,247,249,37349,1,0,0,1,0
2020-10-01,US,Virginia,Goochland,276,7,0,37.71714806,-77.90381514,51075.0,1161.9584894539635,2.5362318840579707,269,275,7,0,268,274,23244,1,0,0,1,1
2020-10-01,US,Virginia,Grayson,322,15,0,36.65677234,-81.23215889,51077.0,2070.7395498392284,4.658385093167702,307,322,15,0,307,322,15631,0,0,0,0,0
2020-10-01,US,Virginia,Greene,223,3,0,38.29545894,-78.46525378,51079.0,1125.1829052929006,1.345291479820628,220,223,3,0,220,221,19779,0,0,0,0,2
2020-10-01,US,Virginia,Greensville,795,11,0,36.67878901,-77.56351439,51081.0,7013.055751587863,1.3836477987421385,784,795,11,0,784,794,11627,0,0,0,0,1
2020-10-01,US,Virginia,Halifax,363,7,0,36.76654925,-78.93512622,51083.0,1070.4491168057561,1.9283746556473829,356,361,7,0,354,357,34120,2,0,0,2,4
2020-10-01,US,Virginia,Hampton,1851,27,0,37.03513786,-76.35879121,51650.0,1376.1058657348894,1.4586709886547813,1824,1846,27,0,1819,1837,134313,5,0,0,5,9
2020-10-01,US,Virginia,Hanover,1326,38,0,37.7583355,-77.49464673,51085.0,1230.4437392127388,2.865761689291101,1288,1320,38,0,1282,1311,107239,6,0,0,6,9
2020-10-01,US,Virginia,Harrisonburg,2670,34,0,38.43542574,-78.87536254,51660.0,5036.215482118606,1.2734082397003743,2636,2667,34,0,2633,2652,54033,3,0,0,3,15
2020-10-01,US,Virginia,Henrico,5501,217,0,37.53460572,-77.39326555,51087.0,1662.847849875158,3.944737320487184,5284,5491,216,0,5275,5478,329261,10,1,0,9,13
2020-10-01,US,Virginia,Henry,1081,25,0,36.68542395,-79.87634026,51089.0,2138.1806673655483,2.3126734505087883,1056,1075,25,0,1050,1070,50953,6,0,0,6,5
2020-10-01,US,Virginia,Highland,7,0,0,38.35799465,-79.56124594,51091.0,319.634703196347,0.0,7,7,0,0,7,7,2210,0,0,0,0,0
2020-10-01,US,Virginia,Hopewell,402,7,0,37.29186313,-77.29754684,51670.0,1784.3668161036883,1.7412935323383083,395,402,7,0,395,401,22596,0,0,0,0,1
2020-10-01,US,Virginia,Isle of Wight,753,18,0,36.90579348,-76.70842863,51093.0,2029.157347274246,2.3904382470119523,735,753,18,0,735,750,36953,0,0,0,0,3
2020-10-01,US,Virginia,James City,855,21,0,37.31156958,-76.76950618,51095.0,1117.3111352142494,2.456140350877193,834,856,21,0,835,856,76397,-1,0,0,-1,0
2020-10-01,US,Virginia,King George,234,4,0,38.26818502,-77.15852768,51099.0,871.9630347294677,1.709401709401709,230,232,4,0,228,229,26575,2,0,0,2,3
2020-10-01,US,Virginia,King William,161,2,0,37.70965316,-77.09384941,51101.0,938.8850011663167,1.2422360248447204,159,161,2,0,159,161,16939,0,0,0,0,0
2020-10-01,US,Virginia,King and Queen,75,1,0,37.71044922,-76.88689628,51097.0,1067.6156583629893,1.3333333333333333,74,73,1,0,72,72,7042,2,0,0,2,1
2020-10-01,US,Virginia,Lancaster,153,0,0,37.71889653,-76.46400482,51103.0,1442.987833631991,0.0,153,151,0,0,151,151,10783,2,0,0,2,0
2020-10-01,US,Virginia,Lee,290,7,0,36.70586667,-83.12606515,51105.0,1238.099304102805,2.413793103448276,283,280,7,0,273,273,23541,10,0,0,10,7
2020-10-01,US,Virginia,Lexington,107,1,0,37.78258621,-79.44262866,51678.0,1437.013161428955,0.9345794392523364,106,106,1,0,105,101,7136,1,0,0,1,5
2020-10-01,US,Virginia,Loudoun,6887,126,0,39.08990083,-77.63481877,51107.0,1665.385043212474,1.829533904457674,6761,6889,125,0,6764,6851,406850,-2,1,0,-3,38
2020-10-01,US,Virginia,Louisa,296,6,0,37.97850256,-77.96274807,51109.0,787.422521348195,2.0270270270270268,290,294,6,0,288,293,36778,2,0,0,2,1
2020-10-01,US,Virginia,Lunenburg,118,3,0,36.94618528,-78.24133319,51111.0,967.5303378156772,2.5423728813559316,115,118,3,0,115,118,12086,0,0,0,0,0
2020-10-01,US,Virginia,Lynchburg,1454,15,0,37.40021399,-79.19888138,51680.0,1769.5453217797683,1.0316368638239342,1439,1441,13,0,1428,1426,82126,13,2,0,11,15
2020-10-01,US,Virginia,Madison,110,3,0,38.41531222,-78.28220331,51113.0,829.5000377045471,2.727272727272727,107,110,3,0,107,108,13295,0,0,0,0,2
2020-10-01,US,Virginia,Manassas,1931,26,0,38.7464321,-77.48509905,51683.0,4700.012169891688,1.3464526152252718,1905,1931,26,0,1905,1926,41641,0,0,0,0,5
2020-10-01,US,Virginia,Manassas Park,613,8,0,38.77058531,-77.44399307,51685.0,3507.266277606133,1.3050570962479608,605,614,8,0,606,616,17307,-1,0,0,-1,-2
2020-10-01,US,Virginia,Martinsville,389,19,0,36.68212094,-79.86352771,51690.0,3098.6139875736817,4.884318766066838,370,385,18,0,367,382,12902,4,1,0,3,3
2020-10-01,US,Virginia,Mathews,81,0,0,37.44164146,-76.34098896,51115.0,916.9119311750056,0.0,81,81,0,0,81,75,8802,0,0,0,0,6
2020-10-01,US,Virginia,Mecklenburg,735,33,0,36.67882005,-78.36131056,51117.0,2402.981658874685,4.489795918367347,702,733,33,0,700,719,30650,2,0,0,2,14
2020-10-01,US,Virginia,Middlesex,122,10,0,37.63191998,-76.55064617,51119.0,1152.901152901153,8.196721311475411,112,121,10,0,111,120,10769,1,0,0,1,1
2020-10-01,US,Virginia,Montgomery,2022,4,0,37.17746986,-80.37868691,51121.0,2052.0627188308717,0.19782393669634027,2018,1997,4,0,1993,1975,98985,25,0,0,25,22
2020-10-01,US,Virginia,Nelson,107,2,0,37.78790447,-78.88498513,51125.0,716.6778298727396,1.8691588785046729,105,106,2,0,104,104,14836,1,0,0,1,2
2020-10-01,US,Virginia,New Kent,194,3,0,37.50694406,-76.99828634,51127.0,840.1541726213676,1.5463917525773196,191,194,3,0,191,194,22391,0,0,0,0,0
2020-10-01,US,Virginia,Newport News,2762,43,0,37.08166899,-76.51754109,51700.0,1541.0796484865393,1.556842867487328,2719,2760,41,0,2719,2753,178626,2,2,0,0,7
2020-10-01,US,Virginia,Norfolk,4891,78,0,36.89934014,-76.26420872,51710.0,2014.89647444612,1.5947658965446738,4813,4881,78,0,4803,4870,244076,10,0,0,10,11
2020-10-01,US,Virginia,Northampton,306,31,0,37.34062933,-75.87751591,51131.0,2613.1511528608025,10.130718954248367,275,305,31,0,274,305,11735,1,0,0,1,0
2020-10-01,US,Virginia,Northumberland,173,6,0,37.89202088,-76.41949732,51133.0,1430.343116990492,3.4682080924855487,167,173,6,0,167,173,12147,0,0,0,0,0
2020-10-01,US,Virginia,Norton,35,0,0,36.93357076,-82.62750411,51720.0,879.1760864104497,0.0,35,34,0,0,34,34,3968,1,0,0,1,0
2020-10-01,US,Virginia,Nottoway,266,18,0,37.1435975,-78.05065922,51135.0,1746.3235294117646,6.7669172932330826,248,266,18,0,248,266,15420,0,0,0,0,0
2020-10-01,US,Virginia,Orange,331,5,0,38.24530219,-78.01560400000002,51137.0,893.3632020728186,1.5105740181268883,326,329,5,0,324,327,36644,2,0,0,2,2
2020-10-01,US,Virginia,Page,405,29,0,38.61807452,-78.48797204,51139.0,1694.4188770814158,7.1604938271604945,376,404,29,0,375,398,23933,1,0,0,1,6
2020-10-01,US,Virginia,Patrick,278,25,0,36.680163799999995,-80.2865648,51141.0,1578.8278055429348,8.992805755395683,253,277,25,0,252,276,17673,1,0,0,1,1
2020-10-01,US,Virginia,Petersburg,749,29,0,37.20530399,-77.39368102,51730.0,2389.4595801697187,3.8718291054739646,720,747,29,0,718,745,31567,2,0,0,2,2
2020-10-01,US,Virginia,Pittsylvania,1025,10,0,36.81980341,-79.39731264,51143.0,1698.3132849521155,0.975609756097561,1015,1022,10,0,1012,1008,60949,3,0,0,3,14
2020-10-01,US,Virginia,Poquoson,75,2,0,37.14259351,-76.35798148,51735.0,611.1971314481298,2.6666666666666665,73,75,2,0,73,75,12190,0,0,0,0,0
2020-10-01,US,Virginia,Portsmouth,2599,59,0,36.85914825,-76.35971629,51740.0,2753.236297379182,2.2701038861100424,2540,2594,59,0,2535,2567,94632,5,0,0,5,27
2020-10-01,US,Virginia,Powhatan,231,5,0,37.55016038,-77.91267882,51145.0,779.0368271954674,2.1645021645021645,226,230,5,0,225,229,29189,1,0,0,1,1
2020-10-01,US,Virginia,Prince Edward,584,12,0,37.22554789,-78.43597949,51147.0,2561.178843961056,2.054794520547945,572,583,12,0,571,582,22950,1,0,0,1,1
2020-10-01,US,Virginia,Prince George,824,5,0,37.18497668,-77.22922187,51149.0,2148.4629624801187,0.6067961165048543,819,825,5,0,820,820,38082,-1,0,0,-1,5
2020-10-01,US,Virginia,Prince William,12594,207,0,38.70916224,-77.48713689,51153.0,2677.665918972647,1.6436398284897569,12387,12567,205,0,12362,12541,468011,27,2,0,25,26
2020-10-01,US,Virginia,Pulaski,236,5,0,37.06474963,-80.71229738,51155.0,693.5668733652687,2.1186440677966103,231,236,5,0,231,236,34066,0,0,0,0,0
2020-10-01,US,Virginia,Radford,746,1,0,37.12222899,-80.56027320000003,51750.0,4087.895227135733,0.13404825737265416,745,746,1,0,745,745,18339,0,0,0,0,1
2020-10-01,US,Virginia,Rappahannock,64,2,0,38.68295619,-78.15826963,51157.0,868.3853459972862,3.125,62,64,2,0,62,63,7252,0,0,0,0,1
2020-10-01,US,Virginia,Richmond,356,4,0,37.937575,-76.72920628,51159.0,3945.472680926521,1.1235955056179776,352,354,4,0,350,354,9038,2,0,0,2,0
2020-10-01,US,Virginia,Richmond City,4683,62,0,37.53255773,-77.47966921,51760.0,2032.2345466854133,1.323937646807602,4621,4674,61,0,4613,4649,228783,9,1,0,8,25
2020-10-01,US,Virginia,Roanoke,924,9,0,37.26865804,-80.06396753,51161.0,981.0375215000107,0.9740259740259741,915,910,9,0,901,891,94073,14,0,0,14,19
2020-10-01,US,Virginia,Roanoke City,1801,28,0,37.27791025,-79.96189766,51770.0,1816.5679876541965,1.5546918378678511,1773,1787,28,0,1759,1744,99920,14,0,0,14,43
2020-10-01,US,Virginia,Rockbridge,120,2,0,37.81204314,-79.44605905,51163.0,531.6085588977983,1.6666666666666667,118,119,2,0,117,114,22752,1,0,0,1,5
2020-10-01,US,Virginia,Rockingham,1477,22,0,38.51006137,-78.87260325,51165.0,1802.3624737638504,1.4895057549085986,1455,1460,22,0,1438,1445,81244,17,0,0,17,15
2020-10-01,US,Virginia,Russell,275,5,0,36.93028320000001,-82.10095486,51167.0,1034.3789964643045,1.818181818181818,270,275,5,0,270,272,26748,0,0,0,0,3
2020-10-01,US,Virginia,Salem,277,6,0,37.2836193,-80.06219455,51775.0,1094.8183866250347,2.166064981949458,271,275,6,0,269,271,25643,2,0,0,2,4
2020-10-01,US,Virginia,Scott,194,4,0,36.71466456,-82.60171704,51169.0,899.5641287211351,2.061855670103093,190,191,4,0,187,189,21534,3,0,0,3,2
2020-10-01,US,Virginia,Shenandoah,811,59,0,38.85905135,-78.56813762,51171.0,1859.4093910491565,7.274969173859433,752,808,59,0,749,806,43497,3,0,0,3,2
2020-10-01,US,Virginia,Smyth,526,20,0,36.84455636,-81.53344948,51173.0,1747.2761094871114,3.8022813688212933,506,515,20,0,495,512,30472,11,0,0,11,3
2020-10-01,US,Virginia,Southampton,774,26,0,36.72231125,-77.10642712,51175.0,4389.994895354773,3.3591731266149867,748,774,25,0,749,760,17586,0,1,0,-1,14
2020-10-01,US,Virginia,Spotsylvania,2161,46,0,38.18574462,-77.655399,51177.0,1586.4625775428551,2.1286441462285977,2115,2153,44,0,2109,2151,134238,8,2,0,6,2
2020-10-01,US,Virginia,Stafford,2039,17,0,38.41758738,-77.45917053,51179.0,1333.7083502308972,0.8337420304070623,2022,2028,17,0,2011,2024,149960,11,0,0,11,4
2020-10-01,US,Virginia,Staunton,270,0,0,38.15965544,-79.05979937,51790.0,1082.9456120648165,0.0,270,268,0,0,268,263,24922,2,0,0,2,5
2020-10-01,US,Virginia,Suffolk,1984,73,0,36.70155394,-76.63603554,51800.0,2153.993138489599,3.679435483870968,1911,1983,73,0,1910,1984,91185,1,0,0,1,-1
2020-10-01,US,Virginia,Surry,124,3,0,37.11781893,-76.88450012,51181.0,1930.862659607599,2.419354838709677,121,121,3,0,118,121,6474,3,0,0,3,0
2020-10-01,US,Virginia,Sussex,523,12,0,36.92432914,-77.25791182,51183.0,4686.799892463482,2.294455066921606,511,516,12,0,504,509,11237,7,0,0,7,7
2020-10-01,US,Virginia,Tazewell,325,2,0,37.12191123,-81.56685568,51185.0,800.5912058135239,0.6153846153846154,323,321,2,0,319,316,40855,4,0,0,4,5
2020-10-01,US,Virginia,Virginia Beach,6957,93,0,36.73285734,-76.04566934,51810.0,1546.0893296057104,1.3367830961621388,6864,6937,91,0,6846,6901,450189,20,2,0,18,36
2020-10-01,US,Virginia,Warren,442,10,0,38.90847745,-78.20280433,51187.0,1100.4879992032666,2.262443438914027,432,440,7,0,433,435,40003,2,3,0,-1,5
2020-10-01,US,Virginia,Washington,598,21,0,36.72341572,-81.95666289,51191.0,1112.7651656122068,3.5117056856187285,577,593,21,0,572,585,54402,5,0,0,5,8
2020-10-01,US,Virginia,Waynesboro,277,3,0,38.06451466,-78.90293905,51820.0,1224.0388864339373,1.083032490974729,274,276,3,0,273,271,22628,1,0,0,1,5
2020-10-01,US,Virginia,Westmoreland,275,3,0,38.11021557,-76.80213247,51193.0,1526.5056897030252,1.0909090909090908,272,276,3,0,273,276,17830,-1,0,0,-1,0
2020-10-01,US,Virginia,Williamsburg,185,7,0,37.28131268,-76.70905141,51830.0,1237.127190049485,3.783783783783784,178,183,7,0,176,183,14896,2,0,0,2,0
2020-10-01,US,Virginia,Winchester,510,4,0,39.17054517,-78.17325058,51840.0,1816.368687228435,0.7843137254901961,506,508,4,0,504,505,28108,2,0,0,2,3
2020-10-01,US,Virginia,Wise,426,9,0,36.9746148,-82.62410519,51195.0,1139.5554128882113,2.112676056338028,417,425,9,0,416,421,38012,1,0,0,1,4
2020-10-01,US,Virginia,Wythe,247,4,0,36.91582035,-81.07834059,51197.0,861.1072374843117,1.6194331983805668,243,245,4,0,241,244,28754,2,0,0,2,1
2020-10-01,US,Virginia,York,554,8,0,37.24374789,-76.54412815,51199.0,811.3649677797305,1.444043321299639,546,553,8,0,545,549,67846,1,0,0,1,4
2020-10-01,US,Washington,Adams,870,10,0,46.98299757,-118.56017340000001,53001.0,4353.700645548716,1.1494252873563218,860,866,10,0,856,864,19759,4,0,0,4,2
2020-10-01,US,Washington,Asotin,125,3,0,46.18894415,-117.2022851,53003.0,553.5382162784518,2.4,122,122,3,0,119,116,22610,3,0,0,3,6
2020-10-01,US,Washington,Benton,4606,132,0,46.23946995,-119.51208340000001,53005.0,2253.5349087528743,2.8658271819366044,4474,4586,132,0,4454,4572,201877,20,0,0,20,14
2020-10-01,US,Washington,Chelan,1853,16,0,47.87046092,-120.6173956,53007.0,2400.2590673575132,0.8634646519158122,1837,1852,16,0,1836,1852,77036,1,0,0,1,0
2020-10-01,US,Washington,Clallam,235,1,0,48.04754642,-123.92263190000001,53009.0,303.8884793937748,0.425531914893617,234,235,1,0,234,231,76737,0,0,0,0,4
2020-10-01,US,Washington,Clark,3356,69,0,45.77568046,-122.48292040000001,53011.0,687.3654609096737,2.0560190703218115,3287,3313,66,0,3247,3291,481857,43,3,0,40,22
2020-10-01,US,Washington,Columbia,14,1,0,46.29442881,-117.9051983,53013.0,351.3174404015057,7.142857142857142,13,14,1,0,13,14,4059,0,0,0,0,0
2020-10-01,US,Washington,Cowlitz,688,7,0,46.19074721,-122.6782231,53015.0,622.1008562928938,1.0174418604651163,681,684,7,0,677,679,108987,4,0,0,4,5
2020-10-01,US,Washington,Douglas,1191,9,0,47.7361335,-119.69293700000001,53017.0,2742.4071472978885,0.7556675062972292,1182,1191,9,0,1182,1190,42907,0,0,0,0,1
2020-10-01,US,Washington,Ferry,30,0,0,48.471143100000006,-118.5154041,53019.0,393.3394519470304,0.0,30,30,0,0,30,30,7649,0,0,0,0,0
2020-10-01,US,Washington,Franklin,4344,66,0,46.53351425,-118.9018212,53021.0,4561.970973094453,1.5193370165745856,4278,4332,66,0,4266,4310,94347,12,0,0,12,22
2020-10-01,US,Washington,Garfield,13,0,0,46.43197502,-117.54540320000001,53023.0,584.2696629213483,0.0,13,12,0,0,12,13,2247,1,0,0,1,-1
2020-10-01,US,Washington,Grant,2988,22,0,47.20753737,-119.4500749,53025.0,3057.3091995538866,0.7362784471218207,2966,2976,22,0,2954,2973,97331,12,0,0,12,3
2020-10-01,US,Washington,Grays Harbor,527,10,0,47.14003705,-123.7820567,53027.0,702.095628888504,1.8975332068311197,517,518,11,0,507,501,73901,9,-1,0,10,17
2020-10-01,US,Washington,Island,315,12,0,48.14713305,-122.5216407,53029.0,369.9745128668914,3.809523809523809,303,314,12,0,302,313,84460,1,0,0,1,1
2020-10-01,US,Washington,Jefferson,71,0,0,47.75003077,-123.56097040000002,53031.0,220.35318581049626,0.0,71,71,0,0,71,71,31729,0,0,0,0,0
2020-10-01,US,Washington,King,22529,759,0,47.49137892,-121.8346131,53033.0,1000.0523796798802,3.36899107816592,21770,22367,761,0,21606,22237,2233163,162,-2,0,164,130
2020-10-01,US,Washington,Kitsap,1231,14,0,47.63479026,-122.6436061,53035.0,453.45209284164537,1.1372867587327375,1217,1222,12,0,1210,1216,269805,9,2,0,7,6
2020-10-01,US,Washington,Kittitas,545,22,0,47.12521214,-120.67943899999999,53037.0,1136.9562949827894,4.036697247706422,523,543,22,0,521,542,47364,2,0,0,2,1
2020-10-01,US,Washington,Klickitat,195,3,0,45.87325839,-120.7913598,53039.0,869.5652173913044,1.5384615384615383,192,193,3,0,190,193,22107,2,0,0,2,0
2020-10-01,US,Washington,Lewis,557,5,0,46.57756476,-122.39257690000001,53041.0,690.1507923724089,0.8976660682226212,552,547,5,0,542,537,79604,10,0,0,10,10
2020-10-01,US,Washington,Lincoln,51,1,0,47.57705241,-118.41943880000001,53043.0,466.2217752993875,1.96078431372549,50,50,1,0,49,51,10740,1,0,0,1,-1
2020-10-01,US,Washington,Mason,413,6,0,47.35007586,-123.1863685,53045.0,618.5597891205367,1.452784503631961,407,406,5,0,401,403,65507,7,1,0,6,3
2020-10-01,US,Washington,Okanogan,1057,10,0,48.54855019,-119.73872240000001,53047.0,2502.189711904931,0.9460737937559128,1047,1056,10,0,1046,1049,42132,1,0,0,1,7
2020-10-01,US,Washington,Pacific,86,3,0,46.55418369,-123.7285716,53049.0,382.7154999777491,3.4883720930232562,83,86,3,0,83,83,22036,0,0,0,0,3
2020-10-01,US,Washington,Pend Oreille,68,0,0,48.53234021,-117.2741804,53051.0,495.48236665695134,0.0,68,65,0,0,65,65,13602,3,0,0,3,0
2020-10-01,US,Washington,Pierce,8116,207,0,47.03892768,-122.14059579999999,53053.0,896.8153992353423,2.5505174963035984,7909,8064,207,0,7857,8002,891299,52,0,0,52,62
2020-10-01,US,Washington,San Juan,29,0,0,48.60182783,-122.96745,53055.0,164.94141735866228,0.0,29,29,0,0,29,29,17128,0,0,0,0,0
2020-10-01,US,Washington,Skagit,1117,22,0,48.48171488,-121.766131,53057.0,864.5176270268179,1.9695613249776187,1095,1111,22,0,1089,1107,128206,6,0,0,6,4
2020-10-01,US,Washington,Skamania,65,1,0,46.02408726,-121.91644029999999,53059.0,537.9458743689481,1.5384615384615383,64,65,1,0,64,65,11924,0,0,0,0,0
2020-10-01,US,Washington,Snohomish,7035,212,0,48.04615983,-121.7170703,53061.0,855.7530079079606,3.013503909026297,6823,6990,212,0,6778,6950,814901,45,0,0,45,40
2020-10-01,US,Washington,Spokane,7079,170,0,47.62113146,-117.4046494,53063.0,1354.0602680193879,2.401469134058483,6909,6995,170,0,6825,6922,514631,84,0,0,84,73
2020-10-01,US,Washington,Stevens,183,3,0,48.40035475,-117.8542701,53065.0,400.2362049734269,1.639344262295082,180,181,2,0,179,167,45260,2,1,0,1,14
2020-10-01,US,Washington,Thurston,1133,18,0,46.9291895,-122.82906559999999,53067.0,389.9688850951345,1.588702559576346,1115,1109,18,0,1091,1103,286419,24,0,0,24,6
2020-10-01,US,Washington,Unassigned,330,5,0,0.0,0.0,90053.0,0.0,1.5151515151515151,325,302,4,0,298,309,,28,1,0,27,-7
2020-10-01,US,Washington,Wahkiakum,6,0,0,46.29180039999999,-123.4250831,53069.0,133.6898395721925,0.0,6,6,0,0,6,6,4426,0,0,0,0,0
2020-10-01,US,Washington,Walla Walla,917,5,0,46.23040051,-118.4775539,53071.0,1509.2165898617511,0.5452562704471101,912,914,5,0,909,901,60922,3,0,0,3,13
2020-10-01,US,Washington,Whatcom,1370,46,0,48.82227976,-121.74900179999999,53073.0,597.6086928073214,3.3576642335766422,1324,1355,45,0,1310,1353,225685,15,1,0,14,2
2020-10-01,US,Washington,Whitman,1336,0,0,46.90022523,-117.52417630000001,53075.0,2666.453776145617,0.0,1336,1319,0,0,1319,1319,49791,17,0,0,17,0
2020-10-01,US,Washington,Yakima,11442,262,0,46.45738486,-120.73801259999999,53077.0,4560.873429982501,2.2898094738682047,11180,11431,262,0,11169,11413,251446,11,0,0,11,18
2020-10-01,US,West Virginia,Barbour,83,1,0,39.1307219,-80.00350858,54001.0,504.8354722948726,1.2048192771084338,82,81,1,0,80,78,16535,2,0,0,2,3
2020-10-01,US,West Virginia,Berkeley,1049,16,0,39.46704621,-78.02414609,54003.0,880.2477112720378,1.5252621544327931,1033,1025,15,0,1010,1009,117123,24,1,0,23,16
2020-10-01,US,West Virginia,Boone,240,2,0,38.01974191,-81.69888019,54005.0,1118.5161019713846,0.8333333333333334,238,232,2,0,230,227,21951,8,0,0,8,5
2020-10-01,US,West Virginia,Braxton,13,0,0,38.70036159,-80.72011184,54007.0,93.14322562155192,0.0,13,13,0,0,13,13,14089,0,0,0,0,0
2020-10-01,US,West Virginia,Brooke,114,1,0,40.27367263,-80.57915332,54009.0,519.6225899083823,0.8771929824561403,113,114,1,0,113,114,22203,0,0,0,0,0
2020-10-01,US,West Virginia,Cabell,858,10,0,38.42424062,-82.23855912,54011.0,933.166566969384,1.1655011655011656,848,852,10,0,842,843,93224,6,0,0,6,9
2020-10-01,US,West Virginia,Calhoun,25,0,0,38.84315422,-81.11934872,54013.0,351.6669011112674,0.0,25,25,0,0,25,25,7254,0,0,0,0,0
2020-10-01,US,West Virginia,Clay,37,2,0,38.46231092,-81.07652217,54015.0,434.88481429243063,5.405405405405406,35,37,2,0,35,36,8632,0,0,0,0,1
2020-10-01,US,West Virginia,Doddridge,28,1,0,39.27057157,-80.70671527,54017.0,331.43939393939394,3.571428571428572,27,27,1,0,26,26,8406,1,0,0,1,1
2020-10-01,US,West Virginia,Fayette,634,14,0,38.02974928,-81.08286634,54019.0,1495.0714521529972,2.2082018927444795,620,630,14,0,616,629,43018,4,0,0,4,1
2020-10-01,US,West Virginia,Gilmer,48,0,0,38.9251277,-80.85952723,54021.0,613.5753547232521,0.0,48,48,0,0,48,48,8026,0,0,0,0,0
2020-10-01,US,West Virginia,Grant,162,7,0,39.10314817,-79.19440518,54023.0,1400.414937759336,4.320987654320987,155,161,7,0,154,161,11626,1,0,0,1,0
2020-10-01,US,West Virginia,Greenbrier,129,3,0,37.9463652,-80.45335881,54025.0,372.16548381512894,2.3255813953488373,126,128,3,0,125,127,34786,1,0,0,1,1
2020-10-01,US,West Virginia,Hampshire,109,1,0,39.32103553,-78.60826476,54027.0,470.33441208198485,0.9174311926605504,108,108,1,0,107,108,23347,1,0,0,1,0
2020-10-01,US,West Virginia,Hancock,150,0,0,40.51943859,-80.57461608,54029.0,520.6525511975009,0.0,150,150,0,0,150,150,29094,0,0,0,0,0
2020-10-01,US,West Virginia,Hardy,92,1,0,39.00683177,-78.85855301,54031.0,667.8281068524971,1.0869565217391304,91,91,1,0,90,91,13775,1,0,0,1,0
2020-10-01,US,West Virginia,Harrison,402,9,0,39.2853852,-80.37919577,54033.0,597.7161888902107,2.238805970149253,393,392,9,0,383,382,67554,10,0,0,10,10
2020-10-01,US,West Virginia,Jackson,278,23,0,38.84263974,-81.68148753,54035.0,972.8443449048152,8.273381294964029,255,271,23,0,248,270,28706,7,0,0,7,1
2020-10-01,US,West Virginia,Jefferson,439,4,0,39.30776166,-77.86014147,54037.0,768.2077485738284,0.9111617312072892,435,439,4,0,435,436,56811,0,0,0,0,3
2020-10-01,US,West Virginia,Kanawha,2772,81,0,38.33860077,-81.52857054,54039.0,1556.219262985336,2.9220779220779223,2691,2747,81,0,2666,2704,180454,25,0,0,25,43
2020-10-01,US,West Virginia,Lewis,38,2,0,38.9947249,-80.49988181,54041.0,238.888539636638,5.2631578947368425,36,38,2,0,36,38,16024,0,0,0,0,0
2020-10-01,US,West Virginia,Lincoln,179,2,0,38.172154,-82.07017953,54043.0,877.0640403743448,1.11731843575419,177,172,2,0,170,171,20599,7,0,0,7,1
2020-10-01,US,West Virginia,Logan,627,42,0,37.8299889,-81.93528571,54045.0,1958.2123114400824,6.698564593301437,585,622,42,0,580,620,32607,5,0,0,5,2
2020-10-01,US,West Virginia,Marion,292,4,0,39.50984542,-80.24244659,54049.0,520.7590241118562,1.3698630136986298,288,285,3,0,282,284,56097,7,1,0,6,1
2020-10-01,US,West Virginia,Marshall,182,1,0,39.86064362,-80.66591062,54051.0,596.1154236677477,0.5494505494505495,181,179,1,0,178,179,30785,3,0,0,3,0
2020-10-01,US,West Virginia,Mason,144,6,0,38.77071799,-82.02524219,54053.0,543.0683360989591,4.166666666666667,138,143,6,0,137,143,26718,1,0,0,1,0
2020-10-01,US,West Virginia,McDowell,90,1,0,37.38002939,-81.65083669,54047.0,510.6672719019519,1.1111111111111112,89,87,1,0,86,87,18223,3,0,0,3,0
2020-10-01,US,West Virginia,Mercer,430,28,0,37.40481169,-81.11023142,54055.0,731.8152421797882,6.511627906976744,402,427,28,0,399,425,59131,3,0,0,3,2
2020-10-01,US,West Virginia,Mineral,175,4,0,39.41561583,-78.94104895,54057.0,651.3324400774154,2.2857142857142856,171,175,4,0,171,175,26940,0,0,0,0,0
2020-10-01,US,West Virginia,Mingo,392,10,0,37.73048351,-82.13338365,54059.0,1673.4972677595624,2.5510204081632653,382,385,9,0,376,377,23785,7,1,0,6,8
2020-10-01,US,West Virginia,Monongalia,2059,5,0,39.63218457,-80.04766838,54061.0,1949.5890618490325,0.2428363283147159,2054,2049,5,0,2044,2035,106420,10,0,0,10,14
2020-10-01,US,West Virginia,Monroe,151,8,0,37.56274716,-80.54577965,54063.0,1137.476459510358,5.298013245033113,143,151,8,0,143,151,13280,0,0,0,0,0
2020-10-01,US,West Virginia,Morgan,58,0,0,39.55439028,-78.26311676,54065.0,324.3122343994632,0.0,58,56,0,0,56,55,17787,2,0,0,2,1
2020-10-01,US,West Virginia,Nicholas,114,3,0,38.29617706,-80.79759588,54067.0,465.3821032005225,2.631578947368421,111,112,3,0,109,105,24842,2,0,0,2,7
2020-10-01,US,West Virginia,Ohio,375,7,0,40.0955451,-80.62203992,54069.0,905.5564946511796,1.8666666666666667,368,375,6,0,369,374,41755,0,1,0,-1,1
2020-10-01,US,West Virginia,Pendleton,53,1,0,38.68314479,-79.35084086,54071.0,760.5108336920648,1.8867924528301887,52,53,1,0,52,53,6997,0,0,0,0,0
2020-10-01,US,West Virginia,Pleasants,18,3,0,39.37091679,-81.16771771,54073.0,241.28686327077747,16.666666666666668,15,18,3,0,15,18,7507,0,0,0,0,0
2020-10-01,US,West Virginia,Pocahontas,59,0,0,38.32758728,-80.00993811,54075.0,715.4116648478232,0.0,59,59,0,0,59,59,8414,0,0,0,0,0
2020-10-01,US,West Virginia,Preston,158,5,0,39.46770987,-79.66712803,54077.0,472.60110074180426,3.1645569620253164,153,157,5,0,152,157,33839,1,0,0,1,0
2020-10-01,US,West Virginia,Putnam,590,9,0,38.50782345,-81.9082131,54079.0,1045.1727192205494,1.5254237288135593,581,583,9,0,574,576,56682,7,0,0,7,7
2020-10-01,US,West Virginia,Raleigh,538,8,0,37.76936795,-81.2456041,54081.0,733.3596870271671,1.4869888475836432,530,528,8,0,520,526,74254,10,0,0,10,2
2020-10-01,US,West Virginia,Randolph,259,2,0,38.769899,-79.87919615,54083.0,902.5962711273739,0.7722007722007722,257,259,2,0,257,256,28823,0,0,0,0,3
2020-10-01,US,West Virginia,Ritchie,13,0,0,39.18094587,-81.06356878,54085.0,136.068662340381,0.0,13,13,0,0,13,13,9721,0,0,0,0,0
2020-10-01,US,West Virginia,Roane,55,2,0,38.71622686,-81.35243568,54087.0,401.81180596142616,3.636363636363636,53,53,2,0,51,52,13932,2,0,0,2,1
2020-10-01,US,West Virginia,Summers,56,0,0,37.65390597,-80.86009693,54089.0,445.3988705957209,0.0,56,55,0,0,55,55,12760,1,0,0,1,0
2020-10-01,US,West Virginia,Taylor,131,7,0,39.33602617,-80.0421439,54091.0,784.6660676849356,5.343511450381679,124,129,7,0,122,127,16862,2,0,0,2,2
2020-10-01,US,West Virginia,Tucker,37,0,0,39.11240885,-79.57053576,54093.0,541.0147682409709,0.0,37,35,0,0,35,34,6955,2,0,0,2,1
2020-10-01,US,West Virginia,Tyler,16,1,0,39.46811972,-80.88772676,54095.0,186.2414154347573,6.25,15,16,1,0,15,16,8746,0,0,0,0,0
2020-10-01,US,West Virginia,Upshur,91,1,0,38.89285061,-80.23689136,54097.0,376.4063534083389,1.0989010989010992,90,87,1,0,86,84,24415,4,0,0,4,3
2020-10-01,US,West Virginia,Wayne,407,11,0,38.14901357,-82.42287994,54099.0,1032.9424902289225,2.702702702702702,396,406,11,0,395,403,39944,1,0,0,1,3
2020-10-01,US,West Virginia,Webster,8,0,0,38.49370949,-80.4202023,54101.0,98.59502095144195,0.0,8,8,0,0,8,8,8285,0,0,0,0,0
2020-10-01,US,West Virginia,Wetzel,61,0,0,39.6065771,-80.64016540000001,54103.0,404.9120477928975,0.0,61,58,0,0,58,56,15270,3,0,0,3,2
2020-10-01,US,West Virginia,Wirt,12,0,0,39.02775007,-81.37473928,54105.0,206.15014602302008,0.0,12,12,0,0,12,12,5830,0,0,0,0,0
2020-10-01,US,West Virginia,Wood,375,6,0,39.20967886,-81.5162836,54107.0,449.0050049091214,1.6,369,375,6,0,369,374,84203,0,0,0,0,1
2020-10-01,US,West Virginia,Wyoming,121,4,0,37.612327,-81.54511071,54109.0,593.3117583603023,3.3057851239669422,117,119,4,0,115,118,20786,2,0,0,2,1
2020-10-01,US,Wisconsin,Adams,265,4,0,43.96974651,-89.76782777,55001.0,1310.5835806132545,1.509433962264151,261,259,4,0,255,255,20348,6,0,0,6,4
2020-10-01,US,Wisconsin,Ashland,133,2,0,46.31956891,-90.67837132,55003.0,854.6459323994345,1.5037593984962403,131,127,2,0,125,122,15600,6,0,0,6,5
2020-10-01,US,Wisconsin,Barron,498,6,0,45.42372701,-91.84833627,55005.0,1100.6984351516223,1.2048192771084338,492,490,6,0,484,482,45164,8,0,0,8,8
2020-10-01,US,Wisconsin,Bayfield,120,1,0,46.52868768,-91.19716729,55007.0,798.0845969672786,0.8333333333333334,119,115,1,0,114,113,15042,5,0,0,5,2
2020-10-01,US,Wisconsin,Brown,9796,66,0,44.452655299999996,-88.00411844,55009.0,3703.003681835021,0.6737443854634545,9730,9536,65,0,9471,9223,263378,260,1,0,259,313
2020-10-01,US,Wisconsin,Buffalo,147,2,0,44.37835084,-91.75332578,55011.0,1128.0791957639474,1.3605442176870748,145,143,2,0,141,141,13125,4,0,0,4,2
2020-10-01,US,Wisconsin,Burnett,208,4,0,45.86303537,-92.36711412,55013.0,1349.4226028285973,1.9230769230769231,204,205,3,0,202,199,15392,3,1,0,2,6
2020-10-01,US,Wisconsin,Calumet,1342,5,0,44.0816316,-88.21780273,55015.0,2679.2309688754017,0.3725782414307005,1337,1282,5,0,1277,1236,50159,60,0,0,60,46
2020-10-01,US,Wisconsin,Chippewa,595,0,0,45.06939744,-91.28068855,55017.0,920.2264220978067,0.0,595,585,0,0,585,567,64135,10,0,0,10,18
2020-10-01,US,Wisconsin,Clark,436,8,0,44.73483377,-90.61207486,55019.0,1253.8103180537182,1.834862385321101,428,416,8,0,408,407,34709,20,0,0,20,9
2020-10-01,US,Wisconsin,Columbia,698,3,0,43.46492199,-89.33589004,55021.0,1213.2378502398665,0.4297994269340974,695,679,3,0,676,657,57358,19,0,0,19,22
2020-10-01,US,Wisconsin,Crawford,184,0,0,43.23870316,-90.93073686,55023.0,1140.660839377596,0.0,184,179,0,0,179,173,16291,5,0,0,5,6
2020-10-01,US,Wisconsin,Dane,10201,43,0,43.06601594,-89.41733797,55025.0,1865.9398750674509,0.421527301244976,10158,10129,43,0,10086,9857,542364,72,0,0,72,272
2020-10-01,US,Wisconsin,Dodge,2003,17,0,43.41576662,-88.70928178,55027.0,2280.3082913056837,0.8487269096355466,1986,1959,17,0,1942,1931,87847,44,0,0,44,28
2020-10-01,US,Wisconsin,Door,384,3,0,44.95856458,-87.30002707,55029.0,1387.8849212086166,0.78125,381,370,3,0,367,354,27610,14,0,0,14,16
2020-10-01,US,Wisconsin,Douglas,522,0,0,46.43222285,-91.91595768,55031.0,1209.7334878331405,0.0,522,503,0,0,503,493,43208,19,0,0,19,10
2020-10-01,US,Wisconsin,Dunn,633,1,0,44.94562799,-91.8962481,55033.0,1395.2565685064362,0.1579778830963665,632,612,1,0,611,593,45131,21,0,0,21,19
2020-10-01,US,Wisconsin,Eau Claire,2016,7,0,44.726614,-91.28609183,55035.0,1926.4950404219946,0.3472222222222222,2009,2000,6,0,1994,1969,104534,16,1,0,15,31
2020-10-01,US,Wisconsin,Florence,99,2,0,45.84963535,-88.39804137,55037.0,2305.005820721769,2.0202020202020203,97,98,2,0,96,96,4321,1,0,0,1,2
2020-10-01,US,Wisconsin,Fond du Lac,2296,14,0,43.75354908,-88.48885325,55039.0,2220.4384785741227,0.6097560975609756,2282,2222,14,0,2208,2171,103066,74,0,0,74,51
2020-10-01,US,Wisconsin,Forest,297,6,0,45.66678019,-88.77084892,55041.0,3298.533984895602,2.0202020202020203,291,294,6,0,288,289,8991,3,0,0,3,5
2020-10-01,US,Wisconsin,Grant,1111,19,0,42.8671731,-90.7063218,55043.0,2159.839810260697,1.7101710171017102,1092,1059,19,0,1040,1030,51554,52,0,0,52,29
2020-10-01,US,Wisconsin,Green,563,3,0,42.6794956,-89.60243287,55045.0,1523.2683982683982,0.5328596802841918,560,556,3,0,553,536,36929,7,0,0,7,20
2020-10-01,US,Wisconsin,Green Lake,323,0,0,43.80025981,-89.04679553,55047.0,1707.8200179770527,0.0,323,304,0,0,304,296,18918,19,0,0,19,8
2020-10-01,US,Wisconsin,Iowa,198,0,0,43.00050278,-90.13469017,55049.0,836.2192752766281,0.0,198,194,0,0,194,187,23771,4,0,0,4,7
2020-10-01,US,Wisconsin,Iron,143,1,0,46.26302338,-90.24295041,55051.0,2514.5067698259186,0.6993006993006993,142,142,1,0,141,143,5676,1,0,0,1,-1
2020-10-01,US,Wisconsin,Jackson,164,1,0,44.31864893,-90.80566792,55053.0,794.4581698396548,0.6097560975609756,163,156,1,0,155,152,20478,8,0,0,8,4
2020-10-01,US,Wisconsin,Jefferson,1543,8,0,43.02054068,-88.77529134,55055.0,1820.2408899479765,0.5184705119896306,1535,1515,8,0,1507,1486,85129,28,0,0,28,29
2020-10-01,US,Wisconsin,Juneau,428,2,0,43.92456975,-90.11120239,55057.0,1603.7771199460412,0.4672897196261682,426,411,2,0,409,388,26617,17,0,0,17,23
2020-10-01,US,Wisconsin,Kenosha,3611,68,0,42.57639354,-88.04051686,55059.0,2129.617069963022,1.883134865688175,3543,3589,68,0,3521,3549,169290,22,0,0,22,40
2020-10-01,US,Wisconsin,Kewaunee,627,2,0,44.51727459,-87.61468386,55061.0,3068.415386121171,0.3189792663476874,625,602,2,0,600,585,20383,25,0,0,25,17
2020-10-01,US,Wisconsin,La Crosse,3205,3,0,43.90632465,-91.11451093,55063.0,2715.733459869848,0.093603744149766,3202,3130,3,0,3127,3095,118230,75,0,0,75,35
2020-10-01,US,Wisconsin,Lafayette,331,0,0,42.66005229,-90.1317729,55065.0,1986.1986198619861,0.0,331,309,0,0,309,299,16665,22,0,0,22,10
2020-10-01,US,Wisconsin,Langlade,236,2,0,45.26271619,-89.07483625,55067.0,1229.8712804210745,0.8474576271186439,234,221,2,0,219,198,19268,15,0,0,15,23
2020-10-01,US,Wisconsin,Lincoln,261,1,0,45.33737523,-89.73411273,55069.0,945.8920740767586,0.3831417624521073,260,244,1,0,243,234,27689,17,0,0,17,10
2020-10-01,US,Wisconsin,Manitowoc,1236,5,0,44.11946801,-87.80928853,55071.0,1564.9333383978424,0.4045307443365696,1231,1187,4,0,1183,1170,79074,49,1,0,48,17
2020-10-01,US,Wisconsin,Marathon,1633,15,0,44.89792533,-89.75863384,55073.0,1203.4607788226276,0.9185548071034904,1618,1547,15,0,1532,1458,135428,86,0,0,86,89
2020-10-01,US,Wisconsin,Marinette,1024,8,0,45.38553432,-88.03324599999998,55075.0,2537.794299876084,0.78125,1016,1004,8,0,996,976,40434,20,0,0,20,28
2020-10-01,US,Wisconsin,Marquette,309,1,0,43.81911946,-89.40073763,55077.0,1984.0760241428025,0.32362459546925565,308,304,2,0,302,281,15434,5,-1,0,6,23
2020-10-01,US,Wisconsin,Menominee,99,0,0,45.00422544,-88.70950714,55078.0,2172.9587357330993,0.0,99,88,0,0,88,81,4658,11,0,0,11,7
2020-10-01,US,Wisconsin,Milwaukee,29478,538,0,43.00486062,-87.96733172,55079.0,3116.970454444522,1.825089897550716,28940,29149,532,0,28617,28934,948201,329,6,0,323,215
2020-10-01,US,Wisconsin,Monroe,595,3,0,43.94641218,-90.61881899999999,55081.0,1286.4030441268676,0.5042016806722689,592,567,3,0,564,549,46051,28,0,0,28,18
2020-10-01,US,Wisconsin,Oconto,1025,4,0,45.02715345,-88.26807503,55083.0,2702.346427629845,0.3902439024390244,1021,966,4,0,962,916,37830,59,0,0,59,50
2020-10-01,US,Wisconsin,Oneida,519,3,0,45.70677897,-89.51944105,55085.0,1458.0699536451748,0.5780346820809249,516,490,2,0,488,461,35470,29,1,0,28,29
2020-10-01,US,Wisconsin,Outagamie,5085,30,0,44.41578887,-88.46565023,55087.0,2706.442770843867,0.5899705014749262,5055,4881,30,0,4851,4760,187365,204,0,0,204,121
2020-10-01,US,Wisconsin,Ozaukee,1406,19,0,43.38352225,-87.94625009,55089.0,1575.8621849116241,1.351351351351351,1387,1393,19,0,1374,1385,89147,13,0,0,13,8
2020-10-01,US,Wisconsin,Pepin,68,0,0,44.58307413,-91.99949611,55091.0,933.168656511596,0.0,68,68,0,0,68,67,7289,0,0,0,0,1
2020-10-01,US,Wisconsin,Pierce,456,7,0,44.71850291,-92.4224416,55093.0,1066.5668709360527,1.5350877192982455,449,450,7,0,443,448,42555,6,0,0,6,2
2020-10-01,US,Wisconsin,Polk,263,2,0,45.46130348,-92.44182875,55095.0,600.6897654340727,0.7604562737642585,261,253,2,0,251,250,43598,10,0,0,10,3
2020-10-01,US,Wisconsin,Portage,1545,7,0,44.47558711,-89.50152965,55097.0,2183.0667495619737,0.4530744336569579,1538,1512,6,0,1506,1481,70942,33,1,0,32,31
2020-10-01,US,Wisconsin,Price,135,0,0,45.68051754,-90.36098879999999,55099.0,1011.1602127181484,0.0,135,119,0,0,119,118,13397,16,0,0,16,1
2020-10-01,US,Wisconsin,Racine,5061,98,0,42.74753117,-88.05941254,55101.0,2578.052172318413,1.9363762102351316,4963,4976,98,0,4878,4947,196584,85,0,0,85,29
2020-10-01,US,Wisconsin,Richland,166,4,0,43.3762778,-90.43012729,55103.0,962.2072803153258,2.409638554216868,162,147,4,0,143,141,17377,19,0,0,19,6
2020-10-01,US,Wisconsin,Rock,2670,33,0,42.67151616,-89.07147900000002,55105.0,1634.487064901992,1.2359550561797752,2637,2619,32,0,2587,2601,163129,51,1,0,50,18
2020-10-01,US,Wisconsin,Rusk,66,1,0,45.47498854,-91.1333012,55107.0,465.5099449851882,1.5151515151515151,65,64,1,0,63,64,14147,2,0,0,2,0
2020-10-01,US,Wisconsin,Sauk,965,4,0,43.42574087,-89.94966132,55111.0,1497.4705937121753,0.41450777202072536,961,944,4,0,940,928,64249,21,0,0,21,16
2020-10-01,US,Wisconsin,Sawyer,229,1,0,45.87931905,-91.14504927,55113.0,1383.0172726174658,0.4366812227074236,228,225,1,0,224,219,16489,4,0,0,4,6
2020-10-01,US,Wisconsin,Shawano,1080,1,0,44.78902246,-88.76443896,55115.0,2640.651360668965,0.0925925925925926,1079,1014,1,0,1013,968,40796,66,0,0,66,46
2020-10-01,US,Wisconsin,Sheboygan,1970,18,0,43.72099677,-87.94579284,55117.0,1707.9937575862664,0.9137055837563453,1952,1814,18,0,1796,1710,115456,156,0,0,156,104
2020-10-01,US,Wisconsin,St. Croix,970,9,0,45.03437474,-92.45000068,55109.0,1069.613064717104,0.9278350515463918,961,960,9,0,951,947,89694,10,0,0,10,13
2020-10-01,US,Wisconsin,Taylor,206,4,0,45.21179252,-90.5004405,55119.0,1012.6333382490292,1.9417475728155342,202,202,4,0,198,194,20412,4,0,0,4,8
2020-10-01,US,Wisconsin,Trempealeau,686,2,0,44.30360275,-91.35893614,55121.0,2313.737394178556,0.2915451895043732,684,670,2,0,668,656,29442,16,0,0,16,14
2020-10-01,US,Wisconsin,Vernon,257,1,0,43.59422667,-90.8324691,55123.0,833.8199987022258,0.3891050583657588,256,247,1,0,246,238,30785,10,0,0,10,9
2020-10-01,US,Wisconsin,Vilas,243,1,0,46.05467334,-89.51719204,55125.0,1094.8411804460463,0.41152263374485604,242,237,1,0,236,227,21938,6,0,0,6,10
2020-10-01,US,Wisconsin,Walworth,2645,35,0,42.66858202,-88.54163073,55127.0,2546.501328609389,1.3232514177693762,2610,2629,35,0,2594,2618,103718,16,0,0,16,11
2020-10-01,US,Wisconsin,Washburn,116,1,0,45.89838588,-91.79050449,55129.0,737.9134860050891,0.8620689655172413,115,114,1,0,113,113,15878,2,0,0,2,1
2020-10-01,US,Wisconsin,Washington,2750,36,0,43.36863664,-88.22974712,55131.0,2021.5534351706192,1.3090909090909093,2714,2697,34,0,2663,2662,135693,53,2,0,51,35
2020-10-01,US,Wisconsin,Waukesha,7777,92,0,43.01833055,-88.30431188,55133.0,1924.057021558741,1.182975440401183,7685,7604,90,0,7514,7529,403072,173,2,0,171,75
2020-10-01,US,Wisconsin,Waupaca,1203,21,0,44.47068056,-88.96534501,55135.0,2359.2861345361835,1.745635910224439,1182,1122,20,0,1102,1092,51128,81,1,0,80,30
2020-10-01,US,Wisconsin,Waushara,413,3,0,44.11324419,-89.24317107,55137.0,1689.6452972221084,0.7263922518159807,410,385,3,0,382,372,24263,28,0,0,28,13
2020-10-01,US,Wisconsin,Winnebago,4317,32,0,44.06886922,-88.64477096,55139.0,2511.2415433926485,0.7412555015056752,4285,4134,28,0,4106,4057,171020,183,4,0,179,77
2020-10-01,US,Wisconsin,Wood,878,5,0,44.45537896,-90.04158336,55141.0,1202.7562021397553,0.5694760820045558,873,857,5,0,852,831,73055,21,0,0,21,26
2020-10-01,US,Wyoming,Albany,589,0,0,41.65498705,-105.72354150000001,56001.0,1514.9176954732513,0.0,589,575,0,0,575,557,38601,14,0,0,14,18
2020-10-01,US,Wyoming,Big Horn,64,2,0,44.52405055,-107.9960365,56003.0,542.832909245123,3.125,62,62,2,0,60,59,11881,2,0,0,2,3
2020-10-01,US,Wyoming,Campbell,341,2,0,44.24886082,-105.54744040000001,56005.0,735.8494637577954,0.5865102639296188,339,325,1,0,324,323,46140,16,1,0,15,2
2020-10-01,US,Wyoming,Carbon,233,2,0,41.69357844,-106.9326084,56007.0,1574.3243243243246,0.8583690987124464,231,231,2,0,229,228,14971,2,0,0,2,3
2020-10-01,US,Wyoming,Converse,145,0,0,42.97272268,-105.5081848,56009.0,1049.0522355664882,0.0,145,132,0,0,132,129,13640,13,0,0,13,3
2020-10-01,US,Wyoming,Crook,47,0,0,44.58855102,-104.56977049999999,56011.0,619.7257383966245,0.0,47,47,0,0,47,45,7450,0,0,0,0,2
2020-10-01,US,Wyoming,Fremont,751,14,0,43.04183996,-108.6296893,56013.0,1912.8397137108072,1.8641810918774968,737,741,14,0,727,729,39531,10,0,0,10,12
2020-10-01,US,Wyoming,Goshen,107,2,0,42.08798185,-104.3534743,56015.0,809.9311180077208,1.8691588785046729,105,106,2,0,104,104,13376,1,0,0,1,2
2020-10-01,US,Wyoming,Hot Springs,38,0,0,43.71930657,-108.44231740000001,56017.0,861.0922275096308,0.0,38,38,0,0,38,38,4555,0,0,0,0,0
2020-10-01,US,Wyoming,Johnson,42,1,0,44.04057166,-106.58451740000001,56019.0,497.335701598579,2.380952380952381,41,40,1,0,39,40,8460,2,0,0,2,0
2020-10-01,US,Wyoming,Laramie,725,4,0,41.30702520000001,-104.6887497,56021.0,728.6432160804021,0.5517241379310345,721,718,4,0,714,707,98976,7,0,0,7,11
2020-10-01,US,Wyoming,Lincoln,216,1,0,42.26376367,-110.6563997,56023.0,1089.2586989409988,0.462962962962963,215,208,1,0,207,196,19434,8,0,0,8,12
2020-10-01,US,Wyoming,Natrona,626,6,0,42.96180148,-106.79788500000001,56025.0,783.891407247865,0.9584664536741214,620,603,4,0,599,584,79115,23,2,0,21,19
2020-10-01,US,Wyoming,Niobrara,4,0,0,43.05607708,-104.47588959999999,56027.0,169.77928692699493,0.0,4,4,0,0,4,4,2388,0,0,0,0,0
2020-10-01,US,Wyoming,Park,252,2,0,44.52157546,-109.58528249999999,56029.0,863.1910666575324,0.7936507936507936,250,245,2,0,243,240,29324,7,0,0,7,5
2020-10-01,US,Wyoming,Platte,38,1,0,42.13299116,-104.96633100000001,56031.0,452.7582509233885,2.631578947368421,37,33,1,0,32,32,8566,5,0,0,5,1
2020-10-01,US,Wyoming,Sheridan,304,4,0,44.79048913,-106.8862389,56033.0,997.2117434804004,1.3157894736842106,300,296,4,0,292,295,30233,8,0,0,8,1
2020-10-01,US,Wyoming,Sublette,117,1,0,42.76558279,-109.91309220000001,56035.0,1190.112908147696,0.8547008547008547,116,116,1,0,115,108,9813,1,0,0,1,8
2020-10-01,US,Wyoming,Sweetwater,342,2,0,41.65943896,-108.8827882,56037.0,807.6895826937158,0.5847953216374269,340,339,2,0,337,336,43051,3,0,0,3,3
2020-10-01,US,Wyoming,Teton,591,1,0,43.93522482,-110.5890801,56039.0,2518.752130923969,0.1692047377326565,590,577,1,0,576,560,23081,14,0,0,14,17
2020-10-01,US,Wyoming,Uinta,356,2,0,41.2878183,-110.54757820000002,56041.0,1760.1107485414816,0.5617977528089888,354,357,2,0,355,354,20299,-1,0,0,-1,3
2020-10-01,US,Wyoming,Washakie,116,6,0,43.90451606,-107.68018700000002,56043.0,1486.2267777065986,5.172413793103448,110,116,6,0,110,116,7885,0,0,0,0,0
2020-10-01,US,Wyoming,Weston,39,0,0,43.83961191,-104.56748809999999,56045.0,563.014291901256,0.0,39,39,0,0,39,37,6967,0,0,0,0,2
