Date,Country/Region,Province/State,Admin2,Confirmed,Deaths,Recovered,Latitude,Longitude,FIPS,Incidence_Rate,Case-Fatality_Ratio,Active Cases,Previous Confirmed,Previous Deaths,Previous Recovered,Previous Active,Prev2 Confirmed,Population,Daily Confirmed,Daily Deaths,Daily Recovered,Daily Active,Previous Daily Confirmed
2020-06-11,US,Alabama,Autauga,312,6,0,32.53952745,-86.64408227,1001.0,558.4492294474575,1.9230769230769231,306,295,6,0,289,282,55601,17,0,0,17,13
2020-06-11,US,Alabama,Baldwin,343,9,0,30.72774991,-87.72207058,1003.0,153.6504295940583,2.623906705539359,334,331,9,0,322,325,218022,12,0,0,12,6
2020-06-11,US,Alabama,Barbour,214,1,0,31.868263,-85.3871286,1005.0,866.8881147208945,0.4672897196261682,213,208,1,0,207,199,24881,6,0,0,6,9
2020-06-11,US,Alabama,Bibb,93,1,0,32.99642064,-87.12511459999996,1007.0,415.28980977047416,1.075268817204301,92,89,1,0,88,85,22400,4,0,0,4,4
2020-06-11,US,Alabama,Blount,87,1,0,33.98210918,-86.56790593,1009.0,150.45135406218657,1.1494252873563218,86,79,1,0,78,75,57840,8,0,0,8,4
2020-06-11,US,Alabama,Bullock,253,8,0,32.10030533,-85.71265535,1011.0,2504.7025047025045,3.1620553359683794,245,248,8,0,240,243,10138,5,0,0,5,5
2020-06-11,US,Alabama,Butler,484,25,0,31.75300095,-86.68057478,1013.0,2488.68778280543,5.1652892561983474,459,471,24,0,447,464,19680,13,1,0,12,7
2020-06-11,US,Alabama,Calhoun,184,3,0,33.77483727,-85.82630386,1015.0,161.96470225782315,1.6304347826086956,181,182,3,0,179,180,114277,2,0,0,2,2
2020-06-11,US,Alabama,Chambers,417,26,0,32.91360079,-85.39072749,1017.0,1253.984483069706,6.235011990407674,391,401,26,0,375,391,33615,16,0,0,16,10
2020-06-11,US,Alabama,Cherokee,42,4,0,34.17805983,-85.60638968,1019.0,160.3298213467705,9.523809523809524,38,42,4,0,38,42,26032,0,0,0,0,0
2020-06-11,US,Alabama,Chilton,121,2,0,32.85044126,-86.7173256,1021.0,272.3507697848204,1.6528925619834711,119,118,2,0,116,117,44153,3,0,0,3,1
2020-06-11,US,Alabama,Choctaw,162,11,0,32.02227341,-88.26564429999998,1023.0,1286.8377154658826,6.790123456790122,151,158,11,0,147,157,12841,4,0,0,4,1
2020-06-11,US,Alabama,Clarke,165,3,0,31.68099859,-87.83548597,1025.0,698.5013970027941,1.818181818181818,162,163,3,0,160,161,23920,2,0,0,2,2
2020-06-11,US,Alabama,Clay,30,2,0,33.26984193,-85.85836077,1027.0,226.67170381564037,6.666666666666668,28,30,2,0,28,30,13275,0,0,0,0,0
2020-06-11,US,Alabama,Cleburne,20,1,0,33.67679204,-85.52005899,1029.0,134.1381623071764,5.0,19,19,1,0,18,19,14987,1,0,0,1,0
2020-06-11,US,Alabama,Coffee,260,1,0,31.39932826,-85.98901039,1031.0,496.7330251041229,0.38461538461538464,259,250,1,0,249,249,51909,10,0,0,10,1
2020-06-11,US,Alabama,Colbert,230,5,0,34.69847452,-87.80168544,1033.0,416.3574156876233,2.1739130434782608,225,219,5,0,214,216,54762,11,0,0,11,3
2020-06-11,US,Alabama,Conecuh,70,1,0,31.43401703,-86.99320044,1035.0,580.0944725283832,1.4285714285714286,69,64,1,0,63,55,12277,6,0,0,6,9
2020-06-11,US,Alabama,Coosa,43,1,0,32.93690146,-86.24847739,1037.0,403.2636218700178,2.3255813953488373,42,41,1,0,40,40,10715,2,0,0,2,1
2020-06-11,US,Alabama,Covington,98,1,0,31.2477854,-86.45050893,1039.0,264.51456179653974,1.020408163265306,97,92,1,0,91,89,36986,6,0,0,6,3
2020-06-11,US,Alabama,Crenshaw,99,3,0,31.72941803,-86.31593104,1041.0,718.8498402555912,3.0303030303030303,96,96,3,0,93,89,13824,3,0,0,3,7
2020-06-11,US,Alabama,Cullman,220,1,0,34.13020303,-86.86888037,1043.0,262.6301212873651,0.4545454545454545,219,212,1,0,211,203,83442,8,0,0,8,9
2020-06-11,US,Alabama,Dale,149,0,0,31.43037123,-85.61095742,1045.0,303.01797771089235,0.0,149,141,0,0,141,138,48956,8,0,0,8,3
2020-06-11,US,Alabama,Dallas,406,6,0,32.32688101,-87.10866709999998,1047.0,1091.5152166899666,1.477832512315271,400,375,6,0,369,353,38310,31,0,0,31,22
2020-06-11,US,Alabama,DeKalb,291,5,0,34.45946862,-85.80782906,1049.0,406.9190217163313,1.718213058419244,286,278,5,0,273,276,71385,13,0,0,13,2
2020-06-11,US,Alabama,Elmore,471,9,0,32.59785413,-86.14415284,1051.0,579.9849770345653,1.9108280254777068,462,447,9,0,438,437,81887,24,0,0,24,10
2020-06-11,US,Alabama,Escambia,93,3,0,31.1256789,-87.15918694,1053.0,253.86946196052742,3.2258064516129035,90,91,3,0,88,88,36748,2,0,0,2,3
2020-06-11,US,Alabama,Etowah,287,12,0,34.04567266,-86.04051873,1055.0,280.63519380451356,4.181184668989547,275,280,12,0,268,277,102501,7,0,0,7,3
2020-06-11,US,Alabama,Fayette,23,0,0,33.72076938,-87.73886638,1057.0,141.08698319224638,0.0,23,23,0,0,23,21,16433,0,0,0,0,2
2020-06-11,US,Alabama,Franklin,652,10,0,34.44235334,-87.84289505,1059.0,2078.949046616925,1.5337423312883436,642,634,10,0,624,631,31363,18,0,0,18,3
2020-06-11,US,Alabama,Geneva,46,0,0,31.09389027,-85.83572839,1061.0,175.09801682463555,0.0,46,46,0,0,46,46,26314,0,0,0,0,0
2020-06-11,US,Alabama,Greene,112,5,0,32.85504247,-87.95684022,1063.0,1380.8408334360745,4.464285714285714,107,107,5,0,102,102,8233,5,0,0,5,5
2020-06-11,US,Alabama,Hale,219,11,0,32.76039258,-87.63284988,1065.0,1494.7785134120538,5.0228310502283104,208,210,11,0,199,209,14726,9,0,0,9,1
2020-06-11,US,Alabama,Henry,94,2,0,31.51148016,-85.24267944,1067.0,546.3528044173205,2.127659574468085,92,93,2,0,91,89,17209,1,0,0,1,4
2020-06-11,US,Alabama,Houston,270,5,0,31.15197924,-85.29939599,1069.0,255.00085000283332,1.851851851851852,265,259,5,0,254,253,104722,11,0,0,11,6
2020-06-11,US,Alabama,Jackson,107,3,0,34.78144169,-85.99750489,1071.0,207.25990779839614,2.803738317757009,104,101,3,0,98,97,51736,6,0,0,6,4
2020-06-11,US,Alabama,Jefferson,2250,116,0,33.55554728,-86.89506300000002,1073.0,341.64777481008184,5.155555555555557,2134,2187,112,0,2075,2131,659300,63,4,0,59,56
2020-06-11,US,Alabama,Lamar,30,0,0,33.77995024,-88.09668032,1075.0,217.31256791017745,0.0,30,30,0,0,30,29,13844,0,0,0,0,1
2020-06-11,US,Alabama,Lauderdale,207,3,0,34.90171875,-87.65624729,1077.0,223.231135890606,1.4492753623188406,204,196,3,0,193,192,92387,11,0,0,11,4
2020-06-11,US,Alabama,Lawrence,60,0,0,34.52041498,-87.31069453,1079.0,182.23788118090144,0.0,60,58,0,0,58,56,32957,2,0,0,2,2
2020-06-11,US,Alabama,Lee,625,35,0,32.60154883,-85.35132246,1081.0,379.84222873187394,5.6,590,605,35,0,570,599,163941,20,0,0,20,6
2020-06-11,US,Alabama,Limestone,162,0,0,34.81185586,-86.98310072,1083.0,163.77698023555578,0.0,162,151,0,0,151,144,96174,11,0,0,11,7
2020-06-11,US,Alabama,Lowndes,326,13,0,32.1597283,-86.65158371,1085.0,3351.840427719515,3.987730061349693,313,307,13,0,294,298,9974,19,0,0,19,9
2020-06-11,US,Alabama,Macon,110,5,0,32.38759944,-85.69267724,1087.0,608.8111578481293,4.545454545454546,105,105,5,0,100,104,18439,5,0,0,5,1
2020-06-11,US,Alabama,Madison,428,5,0,34.76327133,-86.55069633,1089.0,114.7733093060237,1.1682242990654206,423,413,5,0,408,397,366519,15,0,0,15,16
2020-06-11,US,Alabama,Marengo,200,7,0,32.24767634,-87.78796182,1091.0,1060.276732227111,3.5,193,192,7,0,185,187,19066,8,0,0,8,5
2020-06-11,US,Alabama,Marion,129,12,0,34.13697363,-87.88704173,1093.0,434.2118549934363,9.30232558139535,117,126,12,0,114,126,29763,3,0,0,3,0
2020-06-11,US,Alabama,Marshall,786,9,0,34.36975964,-86.30486727,1095.0,812.2016244032487,1.1450381679389312,777,764,9,0,755,752,96109,22,0,0,22,12
2020-06-11,US,Alabama,Mobile,2593,128,0,30.78472347,-88.20842409,1097.0,627.5259553253793,4.936367142306209,2465,2545,127,0,2418,2487,413757,48,1,0,47,58
2020-06-11,US,Alabama,Monroe,95,2,0,31.56729412,-87.36995001,1099.0,458.2067235807649,2.1052631578947367,93,79,2,0,77,68,21067,16,0,0,16,11
2020-06-11,US,Alabama,Montgomery,2436,65,0,32.2206831,-86.20969272,1101.0,1075.5631694674285,2.6683087027914616,2371,2290,61,0,2229,2221,225763,146,4,0,142,69
2020-06-11,US,Alabama,Morgan,477,1,0,34.45500589,-86.85475946,1103.0,398.5661644900108,0.20964360587002093,476,456,1,0,455,429,119089,21,0,0,21,27
2020-06-11,US,Alabama,Perry,56,0,0,32.64048341,-87.29770589,1105.0,627.5916171691134,0.0,56,54,0,0,54,52,9140,2,0,0,2,2
2020-06-11,US,Alabama,Pickens,131,6,0,33.28094866,-88.08818103,1107.0,657.3005519317612,4.580152671755725,125,128,6,0,122,126,19938,3,0,0,3,2
2020-06-11,US,Alabama,Pike,283,1,0,31.80396383,-85.9408295,1109.0,854.6234221175332,0.353356890459364,282,266,1,0,265,259,33338,17,0,0,17,7
2020-06-11,US,Alabama,Randolph,137,8,0,33.29526734,-85.45708831,1111.0,602.9398820526362,5.8394160583941614,129,136,8,0,128,132,22725,1,0,0,1,4
2020-06-11,US,Alabama,Russell,250,0,0,32.28725256,-85.18415324,1113.0,431.3245113093288,0.0,250,236,0,0,236,221,57781,14,0,0,14,15
2020-06-11,US,Alabama,Shelby,580,20,0,33.26879845,-86.66232561,1117.0,266.41923363129416,3.4482758620689653,560,567,20,0,547,560,215707,13,0,0,13,7
2020-06-11,US,Alabama,St. Clair,153,2,0,33.71902176,-86.31029372,1115.0,170.9268031101975,1.30718954248366,151,149,2,0,147,141,88690,4,0,0,4,8
2020-06-11,US,Alabama,Sumter,253,11,0,32.59117397,-88.19916205,1119.0,2035.8895952361795,4.3478260869565215,242,248,10,0,238,248,12691,5,1,0,4,0
2020-06-11,US,Alabama,Talladega,146,5,0,33.37823223,-86.16886178,1121.0,182.55020130535897,3.4246575342465757,141,140,5,0,135,136,79828,6,0,0,6,4
2020-06-11,US,Alabama,Tallapoosa,454,66,0,32.86698258,-85.79833053,1123.0,1124.6810513538287,14.537444933920705,388,451,66,0,385,448,40497,3,0,0,3,3
2020-06-11,US,Alabama,Tuscaloosa,1070,23,0,33.28726072,-87.52556818,1125.0,511.0935970003105,2.149532710280374,1047,1009,23,0,986,976,208911,61,0,0,61,33
2020-06-11,US,Alabama,Unassigned,371,5,0,0.0,0.0,90001.0,0.0,1.3477088948787062,366,363,5,0,358,351,,8,0,0,8,12
2020-06-11,US,Alabama,Walker,500,6,0,33.80270512,-87.30027177,1127.0,787.1412603705861,1.2,494,481,6,0,475,467,63711,19,0,0,19,14
2020-06-11,US,Alabama,Washington,84,6,0,31.4092794,-88.20689944,1129.0,514.5167217934584,7.142857142857142,78,83,6,0,77,82,16378,1,0,0,1,1
2020-06-11,US,Alabama,Wilcox,190,8,0,31.98773215,-87.30891118,1131.0,1831.6783958353415,4.2105263157894735,182,183,8,0,175,179,10627,7,0,0,7,4
2020-06-11,US,Alabama,Winston,106,0,0,34.15030532,-87.37325922,1133.0,448.6012950188328,0.0,106,98,0,0,98,96,23660,8,0,0,8,2
2020-06-11,US,Alaska,Anchorage,301,5,0,61.14998174,-149.14269860000005,2020.0,104.51388888888887,1.6611295681063123,296,297,5,0,292,288,291538,4,0,0,4,9
2020-06-11,US,Alaska,Bethel,3,0,0,60.90980451,-159.8561831,2050.0,16.316762754269554,0.0,3,3,0,0,3,3,18216,0,0,0,0,0
2020-06-11,US,Alaska,Fairbanks North Star,88,2,0,64.80726247,-146.5692662,2090.0,90.86309616000165,2.272727272727273,86,85,2,0,83,85,98971,3,0,0,3,0
2020-06-11,US,Alaska,Haines,1,0,0,59.09893571,-135.4679843,2100.0,39.52569169960474,0.0,1,1,0,0,1,1,2474,0,0,0,0,0
2020-06-11,US,Alaska,Juneau,37,0,0,58.45031811,-134.200436,2110.0,115.71902170513542,0.0,37,35,0,0,35,35,32113,2,0,0,2,0
2020-06-11,US,Alaska,Kenai Peninsula,97,2,0,60.24429722,-151.53888840000005,2122.0,165.2245009198065,2.061855670103093,95,94,2,0,92,85,58533,3,0,0,3,9
2020-06-11,US,Alaska,Ketchikan Gateway,16,0,0,55.57445008,-130.975561,2130.0,115.09963311991943,0.0,16,16,0,0,16,16,13918,0,0,0,0,0
2020-06-11,US,Alaska,Kodiak Island,2,0,0,57.65529415,-153.7493579,2150.0,15.386982612709648,0.0,2,1,0,0,1,1,13345,1,0,0,1,0
2020-06-11,US,Alaska,Matanuska-Susitna,39,1,0,62.31305045,-149.5741743,2170.0,36.005428510760076,2.5641025641025643,38,38,1,0,37,37,107610,1,0,0,1,1
2020-06-11,US,Alaska,Nome,4,0,0,64.90320724,-164.0353804,2180.0,39.98400639744102,0.0,4,4,0,0,4,4,10008,0,0,0,0,0
2020-06-11,US,Alaska,North Slope,1,0,0,69.31479216,-153.4836093,2185.0,10.17087062652563,0.0,1,1,0,0,1,1,9872,0,0,0,0,0
2020-06-11,US,Alaska,Northwest Arctic,4,0,0,67.04919196,-159.7503946,2188.0,52.48655032148013,0.0,4,3,0,0,3,3,7671,1,0,0,1,0
2020-06-11,US,Alaska,Petersburg,4,1,0,57.13978948,-132.9540995,2195.0,122.47397428046541,25.0,3,4,1,0,3,4,3221,0,0,0,0,0
2020-06-11,US,Alaska,Prince of Wales-Hyder,2,0,0,55.76261984,-133.0511621,2198.0,32.24246332419797,0.0,2,2,0,0,2,2,6422,0,0,0,0,0
2020-06-11,US,Alaska,Sitka,5,0,0,57.24124555,-135.3206587,2220.0,58.87201224537855,0.0,5,3,0,0,3,2,8647,2,0,0,2,1
2020-06-11,US,Alaska,Southeast Fairbanks,3,0,0,63.87692095,-143.2127643,2240.0,43.52241404323227,0.0,3,3,0,0,3,3,6918,0,0,0,0,0
2020-06-11,US,Alaska,Wrangell,1,0,0,56.3202004,-132.05837309999998,2275.0,39.968025579536366,0.0,1,1,0,0,1,1,2503,0,0,0,0,0
2020-06-11,US,Alaska,Yukon-Koyukuk,1,0,0,65.50815459,-151.3907387,2290.0,19.120458891013385,0.0,1,1,0,0,1,1,5327,0,0,0,0,0
2020-06-11,US,Arizona,Apache,1887,52,0,35.39465006,-109.4892383,4001.0,2624.9530513166496,2.7556968733439313,1835,1811,49,0,1762,1747,71818,76,3,0,73,64
2020-06-11,US,Arizona,Cochise,171,4,0,31.87934684,-109.7516088,4003.0,135.79835136036593,2.3391812865497075,167,167,4,0,163,156,126770,4,0,0,4,11
2020-06-11,US,Arizona,Coconino,1317,86,0,35.83883429,-111.7707178,4005.0,917.923555159051,6.529992406985572,1231,1310,85,0,1225,1289,142854,7,1,0,6,21
2020-06-11,US,Arizona,Gila,49,3,0,33.80190085,-110.8132779,4007.0,90.71050390610536,6.1224489795918355,46,48,3,0,45,47,53889,1,0,0,1,1
2020-06-11,US,Arizona,Graham,48,1,0,32.93166885,-109.8882178,4009.0,123.5934804439066,2.083333333333333,47,45,1,0,44,42,38072,3,0,0,3,3
2020-06-11,US,Arizona,Greenlee,12,1,0,33.21498827,-109.2405279,4011.0,126.34238787113077,8.333333333333334,11,10,1,0,9,10,9483,2,0,0,2,0
2020-06-11,US,Arizona,La Paz,211,1,0,33.72854224,-113.9810029,4012.0,999.6209967784728,0.4739336492890995,210,205,1,0,204,189,21098,6,0,0,6,16
2020-06-11,US,Arizona,Maricopa,16018,532,0,33.34835867,-112.4918154,4013.0,357.1130780793033,3.3212635784742166,15486,15282,519,0,14763,14374,4410824,736,13,0,723,908
2020-06-11,US,Arizona,Mohave,563,62,0,35.70471703,-113.7577902,4015.0,265.3394978815257,11.012433392539963,501,552,59,0,493,513,209550,11,3,0,8,39
2020-06-11,US,Arizona,Navajo,2479,79,0,35.3997715,-110.3218983,4017.0,2234.8635101510945,3.186768858410649,2400,2388,75,0,2313,2253,110445,91,4,0,87,135
2020-06-11,US,Arizona,Pima,3479,218,0,32.0971334,-111.7890033,4019.0,332.19419085076663,6.26616843920667,3261,3350,216,0,3134,3161,1039073,129,2,0,127,189
2020-06-11,US,Arizona,Pinal,1281,42,0,32.90525627,-111.3449483,4021.0,276.8000103718974,3.278688524590164,1239,1209,42,0,1167,1164,447138,72,0,0,72,45
2020-06-11,US,Arizona,Santa Cruz,805,6,0,31.52508998,-110.8479088,4023.0,1731.2572583767044,0.7453416149068323,799,688,4,0,684,633,46511,117,2,0,115,55
2020-06-11,US,Arizona,Unassigned,0,2,0,0.0,0.0,90004.0,0.0,0.0,-2,0,2,0,-2,0,,0,0,0,0,0
2020-06-11,US,Arizona,Yavapai,359,7,0,34.59933926,-112.5538588,4025.0,152.70162782487378,1.9498607242339836,352,348,6,0,342,340,231993,11,1,0,10,8
2020-06-11,US,Arizona,Yuma,2588,39,0,32.76895712,-113.90666740000002,4027.0,1210.550688301908,1.5069551777434311,2549,2439,34,0,2405,2378,212128,149,5,0,144,61
2020-06-11,US,Arkansas,Arkansas,7,0,0,34.29145151,-91.37277296,5001.0,40.0320256204964,0.0,7,7,0,0,7,7,17769,0,0,0,0,0
2020-06-11,US,Arkansas,Ashley,35,1,0,33.19153461,-91.7698471,5003.0,178.05361957572367,2.8571428571428568,34,34,0,0,34,34,20046,1,1,0,0,0
2020-06-11,US,Arkansas,Baxter,14,0,0,36.28784385,-92.33782872,5005.0,33.38738910617189,0.0,14,14,0,0,14,13,41619,0,0,0,0,1
2020-06-11,US,Arkansas,Benton,1219,5,0,36.33644656,-94.25680817,5007.0,436.69686645816984,0.4101722723543889,1214,1137,5,0,1132,1090,272608,82,0,0,82,47
2020-06-11,US,Arkansas,Boone,7,0,0,36.3084504,-93.09374925,5009.0,18.700577046377436,0.0,7,7,0,0,7,7,37480,0,0,0,0,0
2020-06-11,US,Arkansas,Bradley,34,1,0,33.46755808,-92.15980837,5011.0,315.8970547245192,2.9411764705882355,33,34,1,0,33,32,10897,0,0,0,0,2
2020-06-11,US,Arkansas,Carroll,56,1,0,36.34038560000001,-93.54270261,5015.0,197.32205778717412,1.7857142857142858,55,42,1,0,41,40,28223,14,0,0,14,2
2020-06-11,US,Arkansas,Chicot,32,1,0,33.26458973,-91.29539209,5017.0,316.26803716149436,3.125,31,30,0,0,30,26,10438,2,1,0,1,4
2020-06-11,US,Arkansas,Clark,43,0,0,34.04613432,-93.17484713,5019.0,192.652329749104,0.0,43,41,0,0,41,41,22061,2,0,0,2,0
2020-06-11,US,Arkansas,Clay,9,0,0,36.36826212,-90.4148172,5021.0,61.851419146450425,0.0,9,8,0,0,8,7,14847,1,0,0,1,1
2020-06-11,US,Arkansas,Cleburne,74,4,0,35.53864922,-92.02640019,5023.0,296.9621573899434,5.405405405405406,70,74,4,0,70,75,24965,0,0,0,0,-1
2020-06-11,US,Arkansas,Cleveland,19,0,0,33.89723187,-92.18537045,5025.0,238.81347410759173,0.0,19,19,0,0,19,19,8018,0,0,0,0,0
2020-06-11,US,Arkansas,Columbia,27,2,0,33.21230701,-93.22642793,5027.0,115.10423327791278,7.407407407407407,25,26,2,0,24,26,23537,1,0,0,1,0
2020-06-11,US,Arkansas,Conway,16,1,0,35.26205537,-92.70506566,5029.0,76.75333397294445,6.25,15,16,1,0,15,16,20891,0,0,0,0,0
2020-06-11,US,Arkansas,Craighead,337,1,0,35.83018283,-90.63235729,5031.0,305.44175760432154,0.2967359050445104,336,331,1,0,330,318,108558,6,0,0,6,13
2020-06-11,US,Arkansas,Crawford,47,0,0,35.58928601,-94.2446814,5033.0,74.30007746178289,0.0,47,43,0,0,43,43,63406,4,0,0,4,0
2020-06-11,US,Arkansas,Crittenden,500,9,0,35.21247318,-90.30839406,5035.0,1042.6441455531226,1.8,491,489,9,0,480,473,48342,11,0,0,11,16
2020-06-11,US,Arkansas,Cross,72,0,0,35.29631396,-90.77185818,5037.0,438.5163530056642,0.0,72,67,0,0,67,65,16676,5,0,0,5,2
2020-06-11,US,Arkansas,Dallas,3,0,0,33.97042763,-92.65167437,5039.0,42.802111570837496,0.0,3,3,0,0,3,3,7182,0,0,0,0,0
2020-06-11,US,Arkansas,Desha,20,0,0,33.83011025,-91.25500948,5041.0,176.0408414752223,0.0,20,20,0,0,20,20,11512,0,0,0,0,0
2020-06-11,US,Arkansas,Drew,25,1,0,33.59035001,-91.71777921,5043.0,137.21938635490423,4.0,24,23,1,0,22,21,18328,2,0,0,2,2
2020-06-11,US,Arkansas,Faulkner,136,3,0,35.14719007,-92.33717519,5045.0,107.93051179696366,2.2058823529411766,133,124,3,0,121,119,124806,12,0,0,12,5
2020-06-11,US,Arkansas,Franklin,6,0,0,35.51202821,-93.89299569,5047.0,33.869602032176125,0.0,6,5,0,0,5,5,17810,1,0,0,1,0
2020-06-11,US,Arkansas,Fulton,8,0,0,36.38177105,-91.81729127,5049.0,64.1179770778232,0.0,8,8,0,0,8,7,12269,0,0,0,0,1
2020-06-11,US,Arkansas,Garland,154,1,0,34.57692074,-93.14921604,5051.0,154.95140160586,0.6493506493506493,153,153,1,0,152,150,99154,1,0,0,1,3
2020-06-11,US,Arkansas,Grant,22,0,0,34.29017991,-92.42320562,5053.0,120.44894607172188,0.0,22,22,0,0,22,22,18188,0,0,0,0,0
2020-06-11,US,Arkansas,Greene,68,0,0,36.11735460000001,-90.55832668,5055.0,150.02757859900714,0.0,68,67,0,0,67,67,45325,1,0,0,1,0
2020-06-11,US,Arkansas,Hempstead,33,1,0,33.73325583,-93.66935133,5057.0,153.26026379342375,3.0303030303030303,32,34,1,0,33,33,21741,-1,0,0,-1,1
2020-06-11,US,Arkansas,Hot Spring,37,0,0,34.31709259,-92.95396325,5059.0,109.56145805572828,0.0,37,34,0,0,34,34,33701,3,0,0,3,0
2020-06-11,US,Arkansas,Howard,38,0,0,34.09007427,-93.9934871,5061.0,287.83517648841087,0.0,38,35,0,0,35,36,13341,3,0,0,3,-1
2020-06-11,US,Arkansas,Independence,37,0,0,35.74242707,-91.57001641,5063.0,97.8189028420357,0.0,37,36,0,0,36,36,37678,1,0,0,1,0
2020-06-11,US,Arkansas,Izard,17,1,0,36.09604046,-91.90847954,5065.0,124.73402303910778,5.882352941176472,16,17,1,0,16,17,13593,0,0,0,0,0
2020-06-11,US,Arkansas,Jackson,14,0,0,35.59802983,-91.21494602,5067.0,83.73706561397212,0.0,14,14,0,0,14,7,16811,0,0,0,0,7
2020-06-11,US,Arkansas,Jefferson,578,28,0,34.26767081,-91.92619839,5069.0,864.9586974739615,4.844290657439447,550,573,28,0,545,559,68114,5,0,0,5,14
2020-06-11,US,Arkansas,Johnson,75,0,0,35.56759135,-93.46036368,5071.0,282.18827601775905,0.0,75,71,0,0,71,69,26742,4,0,0,4,2
2020-06-11,US,Arkansas,Lafayette,10,1,0,33.24116713,-93.60677071,5073.0,150.96618357487924,10.0,9,10,1,0,9,10,6682,0,0,0,0,0
2020-06-11,US,Arkansas,Lawrence,89,9,0,36.04188196,-91.10867198,5075.0,542.48445690601,10.112359550561797,80,89,9,0,80,89,16434,0,0,0,0,0
2020-06-11,US,Arkansas,Lee,120,1,0,34.78498904,-90.78383866,5077.0,1354.8605622671334,0.8333333333333334,119,120,1,0,119,97,8985,0,0,0,0,23
2020-06-11,US,Arkansas,Lincoln,986,11,0,33.95317155,-91.74002806,5079.0,7570.638820638821,1.1156186612576064,975,985,11,0,974,985,13383,1,0,0,1,0
2020-06-11,US,Arkansas,Little River,33,0,0,33.70375665,-94.23468591,5081.0,269.1899828697284,0.0,33,31,0,0,31,28,12326,2,0,0,2,3
2020-06-11,US,Arkansas,Logan,15,0,0,35.21413234,-93.71951016,5083.0,69.87794652007828,0.0,15,14,0,0,14,14,21737,1,0,0,1,0
2020-06-11,US,Arkansas,Lonoke,67,0,0,34.75392199,-91.88742357,5085.0,91.39396254211624,0.0,67,64,0,0,64,63,73657,3,0,0,3,1
2020-06-11,US,Arkansas,Madison,67,0,0,36.01038185,-93.72524943,5087.0,404.1988416988417,0.0,67,58,0,0,58,57,16481,9,0,0,9,1
2020-06-11,US,Arkansas,Marion,2,0,0,36.26844485,-92.68451899,5089.0,11.980352222355338,0.0,2,2,0,0,2,2,16722,0,0,0,0,0
2020-06-11,US,Arkansas,Miller,64,1,0,33.31403423,-93.89285258,5091.0,147.95293247335692,1.5625,63,60,1,0,59,59,43592,4,0,0,4,1
2020-06-11,US,Arkansas,Mississippi,86,2,0,35.76271485,-90.05194370000002,5093.0,211.55691126909545,2.3255813953488373,84,86,2,0,84,85,41239,0,0,0,0,1
2020-06-11,US,Arkansas,Monroe,5,0,0,34.6815935,-91.20540287,5095.0,74.61572899567228,0.0,5,5,0,0,5,5,6900,0,0,0,0,0
2020-06-11,US,Arkansas,Montgomery,2,0,0,34.53704874,-93.65824478,5097.0,22.2568439795237,0.0,2,3,0,0,3,3,8924,-1,0,0,-1,0
2020-06-11,US,Arkansas,Nevada,71,0,0,33.66340119,-93.30632432,5099.0,860.3974793989336,0.0,71,70,0,0,70,68,8326,1,0,0,1,2
2020-06-11,US,Arkansas,Newton,3,0,0,35.91947491,-93.21612969,5101.0,38.6946988262608,0.0,3,3,0,0,3,3,7805,0,0,0,0,0
2020-06-11,US,Arkansas,Ouachita,12,0,0,33.58839816,-92.87795984,5103.0,51.32152938157557,0.0,12,12,0,0,12,13,23606,0,0,0,0,-1
2020-06-11,US,Arkansas,Perry,15,0,0,34.9459153,-92.94372564,5105.0,143.47202295552367,0.0,15,15,0,0,15,15,10352,0,0,0,0,0
2020-06-11,US,Arkansas,Phillips,31,1,0,34.43268455,-90.84800154,5107.0,174.33359577100438,3.2258064516129035,30,30,1,0,29,30,18029,1,0,0,1,0
2020-06-11,US,Arkansas,Pike,6,0,0,34.16250414,-93.65789349,5109.0,55.98059339428998,0.0,6,6,0,0,6,6,10673,0,0,0,0,0
2020-06-11,US,Arkansas,Poinsett,46,3,0,35.57433534,-90.66268713,5111.0,195.51173070384223,6.521739130434782,43,44,2,0,42,44,23974,2,1,0,1,0
2020-06-11,US,Arkansas,Polk,48,0,0,34.48254879,-94.22728802,5113.0,240.43277900220403,0.0,48,47,0,0,47,45,20049,1,0,0,1,2
2020-06-11,US,Arkansas,Pope,232,2,0,35.44871474,-93.03212219,5115.0,362.0926457735048,0.8620689655172413,230,222,2,0,220,218,64000,10,0,0,10,4
2020-06-11,US,Arkansas,Prairie,5,0,0,34.83624419,-91.55162157,5117.0,62.01935003721161,0.0,5,5,0,0,5,5,8074,0,0,0,0,0
2020-06-11,US,Arkansas,Pulaski,1225,41,0,34.77054088,-92.31355101,5119.0,312.570966367364,3.346938775510204,1184,1188,41,0,1147,1131,392680,37,0,0,37,57
2020-06-11,US,Arkansas,Randolph,28,0,0,36.3415714,-91.02455531,5121.0,155.91936741285218,0.0,28,27,0,0,27,26,17948,1,0,0,1,1
2020-06-11,US,Arkansas,Saline,163,2,0,34.64916145,-92.67583224,5125.0,133.12969118812126,1.2269938650306749,161,159,2,0,157,150,121421,4,0,0,4,9
2020-06-11,US,Arkansas,Scott,2,0,0,34.85588887,-94.0632176,5127.0,19.45336056803813,0.0,2,2,0,0,2,2,10319,0,0,0,0,0
2020-06-11,US,Arkansas,Searcy,7,0,0,35.9109364,-92.69936482,5129.0,88.82121558177894,0.0,7,7,0,0,7,7,7958,0,0,0,0,0
2020-06-11,US,Arkansas,Sebastian,109,2,0,35.19605503,-94.27162713,5131.0,85.27149976139627,1.834862385321101,107,102,2,0,100,98,127753,7,0,0,7,4
2020-06-11,US,Arkansas,Sevier,387,4,0,33.99780401,-94.2424869,5133.0,2275.533603810196,1.0335917312661498,383,382,2,0,380,366,17139,5,2,0,3,16
2020-06-11,US,Arkansas,Sharp,50,3,0,36.16258158,-91.47819342,5135.0,286.6643733516798,6.0,47,50,3,0,47,49,17366,0,0,0,0,1
2020-06-11,US,Arkansas,St. Francis,768,1,0,35.02201976,-90.74828138,5123.0,3072.737456989677,0.13020833333333334,767,764,1,0,763,761,25439,4,0,0,4,3
2020-06-11,US,Arkansas,Stone,11,0,0,35.86251946,-92.15684085,5137.0,87.95778026547258,0.0,11,11,0,0,11,11,12457,0,0,0,0,0
2020-06-11,US,Arkansas,Unassigned,302,0,0,0.0,0.0,90005.0,0.0,0.0,302,278,0,0,278,294,,24,0,0,24,-16
2020-06-11,US,Arkansas,Union,194,11,0,33.16887091,-92.59746952,5139.0,501.52525722558295,5.6701030927835046,183,190,11,0,179,190,39126,4,0,0,4,0
2020-06-11,US,Arkansas,Van Buren,30,2,0,35.58095779,-92.51295036,5141.0,181.3236627379873,6.666666666666668,28,30,2,0,28,30,16603,0,0,0,0,0
2020-06-11,US,Arkansas,Washington,1389,10,0,35.976844,-94.21800746,5143.0,580.7171794453712,0.7199424046076314,1379,1235,9,0,1226,1185,236961,154,1,0,153,50
2020-06-11,US,Arkansas,White,55,1,0,35.25688493,-91.74908296,5145.0,69.83860932281945,1.818181818181818,54,52,1,0,51,50,78727,3,0,0,3,2
2020-06-11,US,Arkansas,Woodruff,1,0,0,35.18902527,-91.2439489,5147.0,15.822784810126587,0.0,1,1,0,0,1,1,6490,0,0,0,0,0
2020-06-11,US,Arkansas,Yell,261,2,0,35.00292371,-93.41171338,5149.0,1222.997985099105,0.7662835249042146,259,251,2,0,249,248,21535,10,0,0,10,3
2020-06-11,US,California,Alameda,4232,109,0,37.64629437,-121.8929271,6001.0,253.21166568640885,2.5756143667296785,4123,4033,105,0,3928,3985,1666753,199,4,0,195,48
2020-06-11,US,California,Alpine,2,0,0,38.59678594,-119.8223594,6003.0,177.14791851195747,0.0,2,2,0,0,2,2,1101,0,0,0,0,0
2020-06-11,US,California,Amador,10,0,0,38.44583082,-120.65696,6005.0,25.155966995371298,0.0,10,10,0,0,10,10,39383,0,0,0,0,0
2020-06-11,US,California,Butte,73,1,0,39.66727762,-121.6005252,6007.0,33.305046855182354,1.3698630136986298,72,73,1,0,72,71,231256,0,0,0,0,2
2020-06-11,US,California,Calaveras,25,0,0,38.20537103,-120.552913,6009.0,54.460298442435466,0.0,25,21,0,0,21,19,45602,4,0,0,4,2
2020-06-11,US,California,Colusa,7,0,0,39.17881957,-122.2331726,6011.0,32.48712117696199,0.0,7,7,0,0,7,7,21627,0,0,0,0,0
2020-06-11,US,California,Contra Costa,1829,44,0,37.91923498,-121.9289527,6013.0,158.55732770652764,2.405686167304538,1785,1798,43,0,1755,1774,1150215,31,1,0,30,24
2020-06-11,US,California,Del Norte,47,0,0,41.74228275,-123.8974063,6015.0,168.99180209981301,0.0,47,47,0,0,47,47,27828,0,0,0,0,0
2020-06-11,US,California,El Dorado,111,0,0,38.77965956,-120.5233166,6017.0,57.55977660584,0.0,111,111,0,0,111,111,190678,0,0,0,0,0
2020-06-11,US,California,Fresno,2395,51,0,36.75733899,-119.6466953,6019.0,239.71550423831025,2.1294363256784967,2344,2318,49,0,2269,2216,994400,77,2,0,75,102
2020-06-11,US,California,Glenn,23,0,0,39.59875897,-122.3938452,6021.0,81.00588173141267,0.0,23,23,0,0,23,19,28047,0,0,0,0,4
2020-06-11,US,California,Humboldt,105,4,0,40.69923009,-123.876044,6023.0,77.45761961669544,3.809523809523809,101,105,4,0,101,105,136373,0,0,0,0,0
2020-06-11,US,California,Imperial,3405,43,0,33.0393082,-115.3669042,6025.0,1878.9835278536546,1.262848751835536,3362,3386,41,0,3345,3133,181827,19,2,0,17,253
2020-06-11,US,California,Inyo,22,1,0,36.51112084,-117.41119779999998,6027.0,121.95797993236877,4.545454545454546,21,22,1,0,21,22,17987,0,0,0,0,0
2020-06-11,US,California,Kern,3016,51,0,35.34329425,-118.7277796,6029.0,335.03591416148817,1.6909814323607426,2965,2942,51,0,2891,2870,896764,74,0,0,74,72
2020-06-11,US,California,Kings,1688,6,0,36.07409056,-119.8159973,6031.0,1103.7007976984441,0.35545023696682465,1682,1637,6,0,1631,1576,151366,51,0,0,51,61
2020-06-11,US,California,Lake,31,0,0,39.10124298,-122.7536244,6033.0,48.147112726369095,0.0,31,30,0,0,30,30,64382,1,0,0,1,0
2020-06-11,US,California,Lassen,9,0,0,40.67311306,-120.59350990000002,6035.0,29.43773918163085,0.0,9,9,0,0,9,8,30802,0,0,0,0,1
2020-06-11,US,California,Los Angeles,68959,2818,0,34.30828379,-118.2282411,6037.0,686.9037256002948,4.086486172943344,66141,67111,2768,0,64343,65945,10105518,1848,50,0,1798,1166
2020-06-11,US,California,Madera,188,3,0,37.21513971,-119.76655890000002,6039.0,119.49633565757944,1.5957446808510638,185,178,3,0,175,172,157672,10,0,0,10,6
2020-06-11,US,California,Marin,651,17,0,38.07122463,-122.7210631,6041.0,251.52032639688443,2.6113671274961603,634,635,17,0,618,635,259666,16,0,0,16,0
2020-06-11,US,California,Mariposa,16,1,0,37.57978556,-119.9073334,6043.0,93.0070336569203,6.25,15,16,1,0,15,16,17471,0,0,0,0,0
2020-06-11,US,California,Mendocino,36,0,0,39.4381191,-123.3911313,6045.0,41.499037452881296,0.0,36,36,0,0,36,36,87606,0,0,0,0,0
2020-06-11,US,California,Merced,391,7,0,37.18922369,-120.7209035,6047.0,140.80956496686838,1.7902813299232736,384,387,7,0,380,367,274765,4,0,0,4,20
2020-06-11,US,California,Mono,37,1,0,37.93899289,-118.8872409,6051.0,256.1617280531709,2.702702702702702,36,38,1,0,37,38,14250,-1,0,0,-1,0
2020-06-11,US,California,Monterey,814,11,0,36.21862405,-121.2413397,6053.0,187.53124560833615,1.351351351351351,803,791,11,0,780,763,435594,23,0,0,23,28
2020-06-11,US,California,Napa,163,3,0,38.50735751,-122.332839,6055.0,118.33546288767569,1.8404907975460123,160,161,3,0,158,157,139417,2,0,0,2,4
2020-06-11,US,California,Nevada,52,1,0,39.30394768,-120.7627281,6057.0,52.12771289659666,1.9230769230769231,51,50,1,0,49,50,99696,2,0,0,2,0
2020-06-11,US,California,Orange,7987,202,0,33.70147516,-117.76459979999998,6059.0,251.5042390760817,2.5291098034305746,7785,7737,198,0,7539,7614,3185968,250,4,0,246,123
2020-06-11,US,California,Placer,327,9,0,39.06167234,-120.7240569,6061.0,82.09294327051256,2.7522935779816518,318,314,9,0,305,304,393149,13,0,0,13,10
2020-06-11,US,California,Plumas,4,0,0,40.00355989,-120.8395236,6063.0,21.268676556601264,0.0,4,4,0,0,4,4,18804,0,0,0,0,0
2020-06-11,US,California,Riverside,10240,377,0,33.74314981,-115.9933578,6065.0,414.48327616648317,3.681640625,9863,9911,372,0,9539,9590,2450758,329,5,0,324,321
2020-06-11,US,California,Sacramento,1670,63,0,38.45106826,-121.3425374,6067.0,107.59907168417676,3.77245508982036,1607,1642,62,0,1580,1624,1540975,28,1,0,27,18
2020-06-11,US,California,San Benito,109,2,0,36.60308176,-121.069975,6069.0,173.54477136670485,1.834862385321101,107,109,2,0,107,109,61537,0,0,0,0,0
2020-06-11,US,California,San Bernardino,6742,227,0,34.84060306,-116.1774685,6071.0,309.25399697718206,3.366953426283002,6515,6593,225,0,6368,6417,2171603,149,2,0,147,176
2020-06-11,US,California,San Diego,8998,308,0,33.03484597,-116.7365326,6073.0,269.5359655875842,3.4229828850855744,8690,8837,305,0,8532,8619,3343364,161,3,0,158,218
2020-06-11,US,California,San Francisco,2840,44,0,37.75215114,-122.4385672,6075.0,322.16019756133807,1.5492957746478873,2796,2809,44,0,2765,2793,883305,31,0,0,31,16
2020-06-11,US,California,San Joaquin,1388,42,0,37.93433732,-121.2730061,6077.0,182.11685919270272,3.0259365994236314,1346,1309,40,0,1269,1259,752660,79,2,0,77,50
2020-06-11,US,California,San Luis Obispo,317,1,0,35.38822029,-120.4039028,6079.0,111.97021662881343,0.3154574132492113,316,306,1,0,305,302,284010,11,0,0,11,4
2020-06-11,US,California,San Mateo,2494,93,0,37.4228808,-122.32755459999998,6081.0,325.3440963874282,3.728949478748997,2401,2475,93,0,2382,2437,769545,19,0,0,19,38
2020-06-11,US,California,Santa Barbara,1910,16,0,34.65329488,-120.0188492,6083.0,427.7725146080954,0.837696335078534,1894,1864,16,0,1848,1817,446527,46,0,0,46,47
2020-06-11,US,California,Santa Clara,3063,148,0,37.23104908,-121.6970462,6085.0,158.88149090282863,4.8318641854391124,2915,3032,146,0,2886,3017,1937570,31,2,0,29,15
2020-06-11,US,California,Santa Cruz,249,2,0,37.05580291,-122.0066524,6087.0,91.13768378517858,0.8032128514056225,247,239,2,0,237,235,274255,10,0,0,10,4
2020-06-11,US,California,Shasta,48,4,0,40.76391419,-122.0396884,6089.0,26.654820079964463,8.333333333333334,44,47,4,0,43,46,180040,1,0,0,1,1
2020-06-11,US,California,Sierra,1,0,0,39.57713498,-120.52007009999998,6091.0,33.277870216306155,0.0,1,1,0,0,1,1,2987,0,0,0,0,0
2020-06-11,US,California,Siskiyou,14,0,0,41.59198861,-122.54074340000001,6093.0,32.155079354142266,0.0,14,14,0,0,14,13,43724,0,0,0,0,1
2020-06-11,US,California,Solano,643,23,0,38.26827353,-121.9357113,6095.0,143.64124983524817,3.576982892690513,620,617,23,0,594,590,446610,26,0,0,26,27
2020-06-11,US,California,Sonoma,680,4,0,38.52746429,-122.8862506,6097.0,137.55825996892798,0.5882352941176471,676,671,4,0,667,664,499942,9,0,0,9,7
2020-06-11,US,California,Stanislaus,1072,33,0,37.55862499,-120.9970722,6099.0,194.67548033269168,3.0783582089552235,1039,1023,33,0,990,937,549815,49,0,0,49,86
2020-06-11,US,California,Sutter,69,2,0,39.03417539,-121.6945899,6101.0,71.15529385073889,2.898550724637681,67,67,2,0,65,65,96807,2,0,0,2,2
2020-06-11,US,California,Tehama,12,1,0,40.12570935,-122.2370171,6103.0,18.437711265441585,8.333333333333334,11,12,1,0,11,11,63916,0,0,0,0,1
2020-06-11,US,California,Trinity,2,0,0,40.64917670000001,-123.114713,6105.0,16.28001628001628,0.0,2,2,0,0,2,2,12535,0,0,0,0,0
2020-06-11,US,California,Tulare,2475,98,0,36.22026558,-118.8020203,6107.0,530.8937247289224,3.95959595959596,2377,2432,96,0,2336,2381,465861,43,2,0,41,51
2020-06-11,US,California,Tuolumne,8,0,0,38.02644018,-119.9525093,6109.0,14.684826902602884,0.0,8,7,0,0,7,7,54539,1,0,0,1,0
2020-06-11,US,California,Ventura,1404,38,0,34.44465746,-119.0910613,6111.0,165.95626981368926,2.7065527065527064,1366,1404,38,0,1366,1341,850967,0,0,0,0,63
2020-06-11,US,California,Yolo,240,24,0,38.68278902,-121.9018288,6113.0,108.843537414966,10.0,216,227,24,0,203,226,220408,13,0,0,13,1
2020-06-11,US,California,Yuba,34,1,0,39.26255932,-121.3535644,6115.0,43.219606447348355,2.9411764705882355,33,33,1,0,32,32,78041,1,0,0,1,1
2020-06-11,US,Colorado,Adams,3663,143,0,39.87432092,-104.3362578,8001.0,707.9341580647093,3.903903903903904,3520,3643,143,0,3500,3627,511868,20,0,0,20,16
2020-06-11,US,Colorado,Alamosa,112,2,0,37.57250606,-105.7885451,8003.0,689.9525657611039,1.7857142857142858,110,107,2,0,105,101,16683,5,0,0,5,6
2020-06-11,US,Colorado,Arapahoe,4723,334,0,39.64977461,-104.3353617,8005.0,719.3225605019876,7.071776413296633,4389,4709,331,0,4378,4687,651215,14,3,0,11,22
2020-06-11,US,Colorado,Archuleta,8,0,0,37.19474156,-107.04768670000001,8007.0,57.02473447858009,0.0,8,8,0,0,8,8,13765,0,0,0,0,0
2020-06-11,US,Colorado,Baca,12,0,0,37.31940883,-102.5603223,8009.0,335.1019268360793,0.0,12,12,0,0,12,12,3585,0,0,0,0,0
2020-06-11,US,Colorado,Bent,3,0,0,37.95474293,-103.0720195,8011.0,53.79236148466918,0.0,3,3,0,0,3,3,5882,0,0,0,0,0
2020-06-11,US,Colorado,Boulder,1040,68,0,40.09313619,-105.3546767,8013.0,318.8267176789415,6.538461538461537,972,1031,67,0,964,1027,326078,9,1,0,8,4
2020-06-11,US,Colorado,Broomfield,259,28,0,39.95998787,-105.0566324,8014.0,367.5583623075285,10.810810810810812,231,258,28,0,230,258,69267,1,0,0,1,0
2020-06-11,US,Colorado,Chaffee,78,20,0,38.74745778,-106.19265729999998,8015.0,383.1794065631754,25.64102564102564,58,78,20,0,58,78,20027,0,0,0,0,0
2020-06-11,US,Colorado,Cheyenne,5,0,0,38.82777431,-102.6032558,8017.0,273.07482250136536,0.0,5,5,0,0,5,5,1876,0,0,0,0,0
2020-06-11,US,Colorado,Clear Creek,17,1,0,39.68864463,-105.6463118,8019.0,175.2577319587629,5.882352941176472,16,17,1,0,16,17,9605,0,0,0,0,0
2020-06-11,US,Colorado,Conejos,5,0,0,37.201606,-106.19174879999998,8021.0,60.93845216331505,0.0,5,5,0,0,5,5,8200,0,0,0,0,0
2020-06-11,US,Colorado,Costilla,12,0,0,37.27732493,-105.4276548,8023.0,308.7213789554927,0.0,12,10,0,0,10,8,3828,2,0,0,2,2
2020-06-11,US,Colorado,Crowley,66,1,0,38.32608609,-103.7844965,8025.0,1088.929219600726,1.5151515151515151,65,66,1,0,65,66,5858,0,0,0,0,0
2020-06-11,US,Colorado,Custer,2,0,0,38.10883162,-105.3683478,8027.0,39.463299131807425,0.0,2,2,0,0,2,2,4954,0,0,0,0,0
2020-06-11,US,Colorado,Delta,76,1,0,38.86246243,-107.86313419999999,8029.0,243.88678518708684,1.3157894736842106,75,76,1,0,75,76,30953,0,0,0,0,0
2020-06-11,US,Colorado,Denver,6232,358,0,39.76018276,-104.87256950000001,8031.0,856.9727355609308,5.7445442875481385,5874,6204,357,0,5847,6176,716492,28,1,0,27,28
2020-06-11,US,Colorado,Douglas,779,48,0,39.33133796,-104.930001,8035.0,221.83999043154859,6.161745827984595,731,771,47,0,724,764,342776,8,1,0,7,7
2020-06-11,US,Colorado,Eagle,617,8,0,39.62754308,-106.6933637,8037.0,1119.233769296352,1.2965964343598055,609,615,8,0,607,612,54993,2,0,0,2,3
2020-06-11,US,Colorado,El Paso,1907,100,0,38.83240149,-104.5251411,8041.0,264.7129453930648,5.2438384897745145,1807,1888,100,0,1788,1880,713856,19,0,0,19,8
2020-06-11,US,Colorado,Elbert,54,2,0,39.28656773,-104.13587209999999,8039.0,202.02776011074118,3.703703703703704,52,54,2,0,52,57,26282,0,0,0,0,-3
2020-06-11,US,Colorado,Fremont,26,0,0,38.47362326,-105.43996670000001,8043.0,54.34896214385753,0.0,26,26,0,0,26,26,48021,0,0,0,0,0
2020-06-11,US,Colorado,Garfield,176,2,0,39.59921777,-107.902708,8045.0,293.03541399577097,1.1363636363636365,174,171,2,0,169,166,59770,5,0,0,5,5
2020-06-11,US,Colorado,Gilpin,5,0,0,39.85646523,-105.5252597,8047.0,80.08970046452026,0.0,5,5,0,0,5,5,6121,0,0,0,0,0
2020-06-11,US,Colorado,Grand,15,0,0,40.10603347,-106.11780420000001,8049.0,95.33494343460023,0.0,15,15,0,0,15,15,15525,0,0,0,0,0
2020-06-11,US,Colorado,Gunnison,181,6,0,38.66611652,-107.0320729,8051.0,1036.536479212003,3.3149171270718236,175,181,6,0,175,181,17246,0,0,0,0,0
2020-06-11,US,Colorado,Hinsdale,3,0,0,37.82247444,-107.3004345,8053.0,365.8536585365854,0.0,3,3,0,0,3,3,811,0,0,0,0,0
2020-06-11,US,Colorado,Huerfano,3,0,0,37.68473101,-104.9612585,8055.0,43.497172683775545,0.0,3,3,0,0,3,3,6889,0,0,0,0,0
2020-06-11,US,Colorado,Jefferson,2436,192,0,39.58635604,-105.2517692,8059.0,417.9240702647711,7.881773399014778,2244,2424,189,0,2235,2398,580233,12,3,0,9,26
2020-06-11,US,Colorado,Kit Carson,30,3,0,39.30497777,-102.60221990000001,8063.0,422.7138227420037,10.0,27,30,3,0,27,30,7163,0,0,0,0,0
2020-06-11,US,Colorado,La Plata,84,1,0,37.28632032,-107.8429014,8067.0,149.41036267586844,1.1904761904761905,83,84,1,0,83,84,56310,0,0,0,0,0
2020-06-11,US,Colorado,Lake,38,0,0,39.20278823,-106.35556969999999,8065.0,467.5772117632583,0.0,38,38,0,0,38,38,7824,0,0,0,0,0
2020-06-11,US,Colorado,Larimer,635,27,0,40.66671597,-105.4625784,8069.0,177.92148478981446,4.251968503937008,608,636,28,0,608,632,350518,-1,-1,0,0,4
2020-06-11,US,Colorado,Las Animas,6,0,0,37.3153406,-104.03764579999999,8071.0,41.362194953812214,0.0,6,6,0,0,6,6,14503,0,0,0,0,0
2020-06-11,US,Colorado,Lincoln,3,0,0,38.98749519,-103.51366490000001,8073.0,52.62234695667427,0.0,3,3,0,0,3,3,5610,0,0,0,0,0
2020-06-11,US,Colorado,Logan,632,5,0,40.7249637,-103.110817,8075.0,2820.2954170199473,0.7911392405063291,627,631,5,0,626,631,21528,1,0,0,1,0
2020-06-11,US,Colorado,Mesa,65,0,0,39.01787888,-108.469799,8077.0,42.15031450619285,0.0,65,65,0,0,65,64,153207,0,0,0,0,1
2020-06-11,US,Colorado,Mineral,2,0,0,37.66954283,-106.92816979999999,8079.0,260.0780234070221,0.0,2,2,0,0,2,2,776,0,0,0,0,0
2020-06-11,US,Colorado,Moffat,8,0,0,40.61810999,-108.2070876,8081.0,60.22735827749755,0.0,8,8,0,0,8,8,13188,0,0,0,0,0
2020-06-11,US,Colorado,Montezuma,58,3,0,37.33859579,-108.59588570000001,8083.0,221.5177787113776,5.172413793103448,55,58,3,0,55,58,26158,0,0,0,0,0
2020-06-11,US,Colorado,Montrose,191,12,0,38.40214114,-108.26390220000002,8085.0,446.7000327424108,6.282722513089006,179,190,12,0,178,190,42214,1,0,0,1,0
2020-06-11,US,Colorado,Morgan,645,45,0,40.26279810000001,-103.8093302,8087.0,2218.9349112426034,6.9767441860465125,600,644,45,0,599,644,28558,1,0,0,1,0
2020-06-11,US,Colorado,Otero,22,1,0,37.9014485,-103.7173385,8089.0,120.3632782580151,4.545454545454546,21,22,1,0,21,22,18432,0,0,0,0,0
2020-06-11,US,Colorado,Ouray,8,1,0,38.14717457,-107.7675136,8091.0,161.55088852988692,12.5,7,8,1,0,7,8,4833,0,0,0,0,0
2020-06-11,US,Colorado,Park,23,0,0,39.120926000000004,-105.7182065,8093.0,122.04828867073496,0.0,23,24,0,0,24,23,18556,-1,0,0,-1,1
2020-06-11,US,Colorado,Phillips,15,0,0,40.59414277,-102.3577703,8095.0,351.6998827667058,0.0,15,15,0,0,15,15,4286,0,0,0,0,0
2020-06-11,US,Colorado,Pitkin,64,2,0,39.21720112,-106.9310027,8097.0,360.21838239432657,3.125,62,63,2,0,61,62,17950,1,0,0,1,1
2020-06-11,US,Colorado,Prowers,17,0,0,37.95544985,-102.3926052,8099.0,139.66480446927375,0.0,17,16,0,0,16,16,12164,1,0,0,1,0
2020-06-11,US,Colorado,Pueblo,326,20,0,38.17359144,-104.5127437,8101.0,193.55911271552745,6.1349693251533735,306,324,19,0,305,323,167529,2,1,0,1,1
2020-06-11,US,Colorado,Rio Blanco,1,0,0,39.97913541,-108.2179009,8103.0,15.812776723592664,0.0,1,1,0,0,1,1,6336,0,0,0,0,0
2020-06-11,US,Colorado,Rio Grande,51,0,0,37.5836865,-106.3847838,8105.0,452.6493299014822,0.0,51,48,0,0,48,47,11250,3,0,0,3,1
2020-06-11,US,Colorado,Routt,64,6,0,40.48596505,-106.9905548,8107.0,249.62945627584054,9.375,58,63,6,0,57,62,25733,1,0,0,1,1
2020-06-11,US,Colorado,Saguache,95,2,0,38.08054629,-106.28246599999999,8109.0,1392.145369284877,2.1052631578947367,93,95,2,0,93,94,6843,0,0,0,0,1
2020-06-11,US,Colorado,San Juan,1,0,0,37.76248981,-107.67632890000002,8111.0,137.36263736263737,0.0,1,1,0,0,1,1,762,0,0,0,0,0
2020-06-11,US,Colorado,San Miguel,23,0,0,38.00450883,-108.4020725,8113.0,281.2079716346741,0.0,23,23,0,0,23,23,8191,0,0,0,0,0
2020-06-11,US,Colorado,Summit,253,2,0,39.63803232,-106.1150762,8117.0,815.8395408081003,0.7905138339920948,251,252,2,0,250,248,31007,1,0,0,1,4
2020-06-11,US,Colorado,Teller,37,2,0,38.88133511,-105.16148929999999,8119.0,145.73814400504176,5.405405405405406,35,37,2,0,35,37,25083,0,0,0,0,0
2020-06-11,US,Colorado,Washington,44,0,0,39.97015535,-103.202587,8121.0,896.4955175224122,0.0,44,43,0,0,43,43,4909,1,0,0,1,0
2020-06-11,US,Colorado,Weld,2629,136,0,40.55499405,-104.39296209999999,8123.0,810.189465379732,5.173069608216052,2493,2616,135,0,2481,2604,314305,13,1,0,12,12
2020-06-11,US,Colorado,Yuma,47,0,0,40.00346839,-102.4258673,8125.0,469.10869348238333,0.0,47,48,0,0,48,48,10020,-1,0,0,-1,0
2020-06-11,US,Connecticut,Fairfield,16155,1333,0,41.26809896,-73.3881171,9001.0,1712.5465901718592,8.251315382234601,14822,16134,1321,0,14813,16108,943823,21,12,0,9,26
2020-06-11,US,Connecticut,Hartford,10967,1308,0,41.80283011,-72.73103891,9003.0,1229.8703628941819,11.926689158384244,9659,10924,1303,0,9621,10859,892697,43,5,0,38,65
2020-06-11,US,Connecticut,Litchfield,1435,135,0,41.7937534,-73.2451475,9005.0,795.7500845657754,9.40766550522648,1300,1430,134,0,1296,1432,181111,5,1,0,4,-2
2020-06-11,US,Connecticut,Middlesex,1210,165,0,41.45949668,-72.53714864,9007.0,744.9087640670787,13.636363636363635,1045,1199,164,0,1035,1194,162682,11,1,0,10,5
2020-06-11,US,Connecticut,New Haven,11930,1031,0,41.4080325,-72.93620426,9009.0,1395.7183152638706,8.642078792958927,10899,11911,1024,0,10887,11875,857620,19,7,0,12,36
2020-06-11,US,Connecticut,New London,1147,98,0,41.48896435,-72.10430976,9011.0,432.4939858072592,8.544027898866611,1049,1130,97,0,1033,1122,266784,17,1,0,16,8
2020-06-11,US,Connecticut,Tolland,883,62,0,41.85853803,-72.3308481,9013.0,585.8506777423187,7.021517553793885,821,878,61,0,817,873,150921,5,1,0,4,5
2020-06-11,US,Connecticut,Unassigned,293,0,0,0.0,0.0,90009.0,0.0,0.0,293,304,2,0,302,286,,-11,-2,0,-9,18
2020-06-11,US,Connecticut,Windham,441,14,0,41.82972709,-71.98182316,9015.0,377.62668904454455,3.1746031746031744,427,437,14,0,423,430,117027,4,0,0,4,7
2020-06-11,US,Delaware,Kent,1543,79,0,39.08646628,-75.56884914,10001.0,853.4952927770955,5.119896305897602,1464,1530,78,0,1452,1522,178550,13,1,0,12,8
2020-06-11,US,Delaware,New Castle,4171,186,0,39.57992638,-75.64054974,10003.0,746.4836877833318,4.459362263246224,3985,4139,186,0,3953,4125,559335,32,0,0,32,14
2020-06-11,US,Delaware,Sussex,4379,149,0,38.66143781,-75.39031349,10005.0,1869.5698580424805,3.4026033340945423,4230,4373,149,0,4224,4361,229286,6,0,0,6,12
2020-06-11,US,Delaware,Unassigned,13,0,0,0.0,0.0,90010.0,0.0,0.0,13,14,0,0,14,12,,-1,0,0,-1,2
2020-06-11,US,District of Columbia,District of Columbia,9589,502,0,38.90417773,-77.01655992,11001.0,1358.6983474294686,5.235165293565544,9087,9537,499,0,9038,9474,702455,52,3,0,49,63
2020-06-11,US,Florida,Alachua,443,9,0,29.67866525,-82.35928158,12001.0,164.65769412324426,2.031602708803612,434,412,8,0,404,404,269956,31,1,0,30,8
2020-06-11,US,Florida,Baker,29,4,0,30.33060121,-82.28467476,12003.0,99.28106812735365,13.79310344827586,25,29,4,0,25,29,28355,0,0,0,0,0
2020-06-11,US,Florida,Bay,135,4,0,30.26548745,-85.62122584,12005.0,77.27311754099769,2.962962962962963,131,135,4,0,131,133,185287,0,0,0,0,2
2020-06-11,US,Florida,Bradford,52,2,0,29.95079741,-82.16611613,12007.0,184.39062444594163,3.8461538461538463,50,52,2,0,50,52,27732,0,0,0,0,0
2020-06-11,US,Florida,Brevard,506,13,0,28.29409504,-80.73091022,12009.0,84.06125507108658,2.569169960474308,493,484,13,0,471,471,596849,22,0,0,22,13
2020-06-11,US,Florida,Broward,8337,351,0,26.15184651,-80.48725556,12011.0,426.93025013596014,4.2101475350845625,7986,8193,349,0,7844,8035,1951260,144,2,0,142,158
2020-06-11,US,Florida,Calhoun,64,4,0,30.40666734,-85.19394153,12013.0,453.7398085785183,6.25,60,64,4,0,60,64,14587,0,0,0,0,0
2020-06-11,US,Florida,Charlotte,515,72,0,26.90131002,-81.92949121,12015.0,272.6165899105394,13.980582524271846,443,505,72,0,433,501,184998,10,0,0,10,4
2020-06-11,US,Florida,Citrus,132,12,0,28.84804315,-82.47614748,12017.0,88.20168785957222,9.090909090909092,120,130,12,0,118,128,147929,2,0,0,2,2
2020-06-11,US,Florida,Clay,427,32,0,29.98319144,-81.85609986,12019.0,194.7530695273019,7.494145199063232,395,420,32,0,388,411,216072,7,0,0,7,9
2020-06-11,US,Florida,Collier,2291,59,0,26.11091986,-81.34687065,12021.0,595.2164447054055,2.57529463116543,2232,2230,57,0,2173,2128,378488,61,2,0,59,102
2020-06-11,US,Florida,Columbia,177,2,0,30.22509788,-82.62160164,12023.0,246.91013587032336,1.1299435028248588,175,175,2,0,173,174,70503,2,0,0,2,1
2020-06-11,US,Florida,DeSoto,304,10,0,27.18677893,-81.80941373,12027.0,799.9789479224231,3.2894736842105265,294,299,8,0,291,296,37489,5,2,0,3,3
2020-06-11,US,Florida,Dixie,60,3,0,29.60631086,-83.15724673,12029.0,356.59099013431586,5.0,57,60,2,0,58,60,16700,0,1,0,-1,0
2020-06-11,US,Florida,Duval,1893,57,0,30.33225875,-81.66976468,12031.0,197.6497120871204,3.0110935023771788,1836,1848,55,0,1793,1824,950181,45,2,0,43,24
2020-06-11,US,Florida,Escambia,944,37,0,30.67652764,-87.37284571,12033.0,296.56065042285024,3.9194915254237284,907,915,36,0,879,907,315534,29,1,0,28,8
2020-06-11,US,Florida,Flagler,201,4,0,29.45933576,-81.31508595,12035.0,174.65958759482447,1.9900497512437807,197,200,4,0,196,195,112067,1,0,0,1,5
2020-06-11,US,Florida,Franklin,2,0,0,29.83791238,-84.82731662,12037.0,16.49484536082474,0.0,2,2,0,0,2,2,11736,0,0,0,0,0
2020-06-11,US,Florida,Gadsden,300,4,0,30.57796289,-84.61915825,12039.0,657.030223390276,1.3333333333333333,296,298,4,0,294,296,45894,2,0,0,2,2
2020-06-11,US,Florida,Gilchrist,20,0,0,29.72856978,-82.79880657,12041.0,107.63104079216446,0.0,20,19,0,0,19,19,18256,1,0,0,1,0
2020-06-11,US,Florida,Glades,107,1,0,26.95635849,-81.18996211,12043.0,774.7447686626602,0.9345794392523364,106,104,1,0,103,86,13724,3,0,0,3,18
2020-06-11,US,Florida,Gulf,8,0,0,29.93543004,-85.24270990000002,12045.0,58.65532663685021,0.0,8,8,0,0,8,7,16164,0,0,0,0,1
2020-06-11,US,Florida,Hamilton,268,2,0,30.49673973,-82.94998918,12047.0,1857.499306903244,0.746268656716418,266,267,2,0,265,263,14310,1,0,0,1,4
2020-06-11,US,Florida,Hardee,164,0,0,27.49293939,-81.80956574,12049.0,608.8280060882801,0.0,164,160,0,0,160,153,27245,4,0,0,4,7
2020-06-11,US,Florida,Hendry,590,19,0,26.55386945,-81.16469006,12051.0,1404.026462329256,3.2203389830508478,571,580,19,0,561,572,41556,10,0,0,10,8
2020-06-11,US,Florida,Hernando,130,5,0,28.55364461,-82.42700204,12053.0,67.03795379537954,3.8461538461538463,125,129,5,0,124,127,190865,1,0,0,1,2
2020-06-11,US,Florida,Highlands,160,9,0,27.34254618,-81.34071957,12055.0,150.62934824563882,5.625,151,153,9,0,144,150,105424,7,0,0,7,3
2020-06-11,US,Florida,Hillsborough,3174,96,0,27.9276559,-82.32013172,12057.0,215.6296876019044,3.0245746691871456,3078,3027,94,0,2933,2923,1436888,147,2,0,145,104
2020-06-11,US,Florida,Holmes,31,0,0,30.86747479,-85.81319222,12059.0,158.02620176377633,0.0,31,31,0,0,31,30,19477,0,0,0,0,1
2020-06-11,US,Florida,Indian River,177,11,0,27.69308961,-80.60556721,12061.0,110.67826391450886,6.214689265536723,166,172,11,0,161,167,157413,5,0,0,5,5
2020-06-11,US,Florida,Jackson,315,1,0,30.7954597,-85.21500423,12063.0,678.6745378549575,0.31746031746031744,314,311,1,0,310,310,48305,4,0,0,4,1
2020-06-11,US,Florida,Jefferson,31,4,0,30.43669112,-83.89442308,12065.0,217.60494173803173,12.903225806451614,27,31,4,0,27,31,14288,0,0,0,0,0
2020-06-11,US,Florida,Lafayette,12,0,0,29.98484137,-83.18166636,12067.0,142.48397055331276,0.0,12,12,0,0,12,13,8732,0,0,0,0,-1
2020-06-11,US,Florida,Lake,355,15,0,28.76202069,-81.7125123,12069.0,96.69915395050093,4.225352112676056,340,342,15,0,327,339,356495,13,0,0,13,3
2020-06-11,US,Florida,Lee,2500,128,0,26.58410348,-81.88399313,12071.0,324.4322111872013,5.12,2372,2422,126,0,2296,2388,754610,78,2,0,76,34
2020-06-11,US,Florida,Leon,456,8,0,30.45955727,-84.27491114,12073.0,155.32287401816188,1.7543859649122806,448,451,8,0,443,448,292502,5,0,0,5,3
2020-06-11,US,Florida,Levy,95,1,0,29.31829741,-82.74007147,12075.0,228.899115726574,1.0526315789473684,94,90,1,0,89,90,40770,5,0,0,5,0
2020-06-11,US,Florida,Liberty,218,1,0,30.23766008,-84.8829258,12077.0,2609.528369643285,0.4587155963302753,217,218,1,0,217,218,8457,0,0,0,0,0
2020-06-11,US,Florida,Madison,75,3,0,30.44396917,-83.47398594,12079.0,405.5588601092305,4.0,72,71,3,0,68,71,18529,4,0,0,4,0
2020-06-11,US,Florida,Manatee,1253,114,0,27.47196942,-82.31831044,12081.0,310.72304483785615,9.098164405426976,1139,1245,112,0,1133,1229,394855,8,2,0,6,16
2020-06-11,US,Florida,Marion,292,8,0,29.21227113,-82.05803627,12083.0,79.87329687974419,2.7397260273972597,284,286,8,0,278,284,359977,6,0,0,6,2
2020-06-11,US,Florida,Martin,1020,16,0,27.0772071,-80.43109784,12085.0,633.5403726708073,1.568627450980392,1004,958,15,0,943,934,160912,62,1,0,61,24
2020-06-11,US,Florida,Miami-Dade,20548,798,0,25.6112362,-80.55170587,12086.0,756.2920049761865,3.88358964376095,19750,20277,784,0,19493,19980,2761581,271,14,0,257,297
2020-06-11,US,Florida,Monroe,120,4,0,25.20904673,-81.07812416,12087.0,161.66406207899985,3.333333333333333,116,116,5,0,111,114,75027,4,-1,0,5,2
2020-06-11,US,Florida,Nassau,86,1,0,30.61037141,-81.80297522,12089.0,97.03808180535968,1.162790697674419,85,84,1,0,83,83,85832,2,0,0,2,1
2020-06-11,US,Florida,Okaloosa,294,6,0,30.69143028,-86.59267105,12091.0,139.50972297355008,2.0408163265306123,288,287,6,0,281,274,207269,7,0,0,7,13
2020-06-11,US,Florida,Okeechobee,154,0,0,27.386336199999995,-80.88944347,12093.0,365.20584329349265,0.0,154,149,0,0,149,143,41537,5,0,0,5,6
2020-06-11,US,Florida,Orange,2678,46,0,28.51367621,-81.31799498,12095.0,192.1845890637065,1.7176997759522032,2632,2542,46,0,2496,2449,1380645,136,0,0,136,93
2020-06-11,US,Florida,Osceola,785,21,0,28.06312234,-81.14882926,12097.0,208.9149463341415,2.6751592356687897,764,770,21,0,749,762,367990,15,0,0,15,8
2020-06-11,US,Florida,Palm Beach,7887,407,0,26.64676272,-80.46536002,12099.0,526.9346659807452,5.160390516039052,7480,7678,397,0,7281,7518,1485941,209,10,0,199,160
2020-06-11,US,Florida,Pasco,473,15,0,28.30810945,-82.40227529,12101.0,85.38723018628136,3.171247357293869,458,457,15,0,442,442,539630,16,0,0,16,15
2020-06-11,US,Florida,Pinellas,1862,101,0,27.93130349,-82.72239666,12103.0,190.9751424621229,5.424274973147154,1761,1746,100,0,1646,1679,975280,116,1,0,115,67
2020-06-11,US,Florida,Polk,1325,73,0,27.95027105,-81.69732947,12105.0,182.81485201655133,5.5094339622641515,1252,1287,71,0,1216,1243,708009,38,2,0,36,44
2020-06-11,US,Florida,Putnam,181,6,0,29.60779729,-81.74230285,12107.0,242.88455603118584,3.3149171270718236,175,176,6,0,170,175,74163,5,0,0,5,1
2020-06-11,US,Florida,Santa Rosa,273,9,0,30.69341450000001,-87.02458128,12113.0,148.1176042926977,3.2967032967032965,264,262,9,0,253,261,179349,11,0,0,11,1
2020-06-11,US,Florida,Sarasota,716,89,0,27.18546175,-82.33174248,12115.0,165.07509072213438,12.430167597765365,627,705,88,0,617,694,426718,11,1,0,10,11
2020-06-11,US,Florida,Seminole,621,12,0,28.7158582,-81.24060348,12117.0,131.6163161843561,1.932367149758454,609,585,12,0,573,556,467832,36,0,0,36,29
2020-06-11,US,Florida,St. Johns,287,6,0,29.90096506,-81.43589967,12109.0,108.43610204328377,2.0905923344947737,281,288,6,0,282,287,254261,-1,0,0,-1,1
2020-06-11,US,Florida,St. Lucie,760,33,0,27.37763908,-80.47106649,12111.0,231.49769873011329,4.342105263157896,727,696,31,0,665,669,321128,64,2,0,62,27
2020-06-11,US,Florida,Sumter,265,17,0,28.70181754,-82.0794267,12119.0,200.1208276695363,6.415094339622643,248,265,17,0,248,264,128754,0,0,0,0,1
2020-06-11,US,Florida,Suwannee,182,18,0,30.19746066,-82.99099670000003,12121.0,409.7530224913885,9.89010989010989,164,178,18,0,160,176,44191,4,0,0,4,2
2020-06-11,US,Florida,Taylor,51,0,0,30.04848048,-83.60445406,12123.0,236.45046131021374,0.0,51,47,0,0,47,48,21623,4,0,0,4,-1
2020-06-11,US,Florida,Unassigned,96,0,0,0.0,0.0,90012.0,0.0,0.0,96,96,0,0,96,93,,0,0,0,0,3
2020-06-11,US,Florida,Union,38,1,0,30.04412971,-82.37497443,12125.0,249.39292511649282,2.631578947368421,37,38,1,0,37,38,14940,0,0,0,0,0
2020-06-11,US,Florida,Volusia,860,46,0,29.05858895,-81.18263252,12127.0,155.43554485580646,5.348837209302325,814,849,46,0,803,837,547538,11,0,0,11,12
2020-06-11,US,Florida,Wakulla,35,1,0,30.16548905,-84.39895211,12129.0,103.7375144491538,2.8571428571428568,34,35,1,0,34,35,32461,0,0,0,0,0
2020-06-11,US,Florida,Walton,142,9,0,30.64204028,-86.16935664,12131.0,191.70795588016904,6.338028169014086,133,135,9,0,126,133,71375,7,0,0,7,2
2020-06-11,US,Florida,Washington,87,8,0,30.61359259,-85.66002461,12133.0,341.5380991638205,9.195402298850574,79,85,8,0,77,85,24880,2,0,0,2,0
2020-06-11,US,Georgia,Appling,200,13,0,31.74847232,-82.28909114,13001.0,1087.7841836179705,6.5,187,199,13,0,186,197,18507,1,0,0,1,2
2020-06-11,US,Georgia,Atkinson,71,2,0,31.29633502,-82.87545866,13003.0,869.5652173913044,2.8169014084507036,69,62,2,0,60,62,8297,9,0,0,9,0
2020-06-11,US,Georgia,Bacon,164,3,0,31.55456473,-82.45936528,13005.0,1469.0075241848801,1.8292682926829267,161,152,3,0,149,152,11185,12,0,0,12,0
2020-06-11,US,Georgia,Baker,37,3,0,31.32669878,-84.44218806,13007.0,1217.906517445688,8.108108108108109,34,37,3,0,34,37,3092,0,0,0,0,0
2020-06-11,US,Georgia,Baldwin,414,30,0,33.06882326,-83.24701748,13009.0,922.2543996435733,7.246376811594202,384,407,30,0,377,393,44823,7,0,0,7,14
2020-06-11,US,Georgia,Banks,103,1,0,34.35607081,-83.49644388,13011.0,535.5100343142351,0.9708737864077671,102,100,1,0,99,99,18988,3,0,0,3,1
2020-06-11,US,Georgia,Barrow,377,21,0,33.99148694,-83.71436292,13013.0,452.9072561268621,5.57029177718833,356,366,20,0,346,356,80809,11,1,0,10,10
2020-06-11,US,Georgia,Bartow,532,39,0,34.23732119,-84.83887523,13015.0,493.790491748501,7.330827067669173,493,530,39,0,491,527,106408,2,0,0,2,3
2020-06-11,US,Georgia,Ben Hill,96,1,0,31.76095874,-83.22145359,13017.0,574.8502994011976,1.0416666666666667,95,96,1,0,95,93,16787,0,0,0,0,3
2020-06-11,US,Georgia,Berrien,59,0,0,31.27590016,-83.22529920000002,13019.0,304.1707480538228,0.0,59,59,0,0,59,59,19252,0,0,0,0,0
2020-06-11,US,Georgia,Bibb,525,34,0,32.80904227,-83.70489165,13021.0,342.78103147709237,6.476190476190476,491,516,34,0,482,511,153095,9,0,0,9,5
2020-06-11,US,Georgia,Bleckley,54,0,0,32.43829035,-83.33035166,13023.0,419.4826380797017,0.0,54,53,0,0,53,53,12838,1,0,0,1,0
2020-06-11,US,Georgia,Brantley,64,2,0,31.19576557,-81.97743999,13025.0,334.92071798628916,3.125,62,63,2,0,61,63,18897,1,0,0,1,0
2020-06-11,US,Georgia,Brooks,91,10,0,30.83922642,-83.58303423,13027.0,588.7300252312867,10.989010989010987,81,87,10,0,77,84,15513,4,0,0,4,3
2020-06-11,US,Georgia,Bryan,83,5,0,32.00979311,-81.44002948,13029.0,209.4531506296212,6.024096385542169,78,80,5,0,75,80,38109,3,0,0,3,0
2020-06-11,US,Georgia,Bulloch,87,3,0,32.39577406,-81.74811421,13031.0,109.2854989448297,3.4482758620689653,84,87,3,0,84,84,77296,0,0,0,0,3
2020-06-11,US,Georgia,Burke,125,6,0,33.05917989,-81.99928721,13033.0,558.4595451905464,4.8,119,125,6,0,119,125,22423,0,0,0,0,0
2020-06-11,US,Georgia,Butts,255,26,0,33.283094500000004,-83.95435040000002,13035.0,1022.6179018286813,10.196078431372547,229,254,26,0,228,253,24193,1,0,0,1,1
2020-06-11,US,Georgia,Calhoun,145,6,0,31.53169785,-84.62725131,13037.0,2342.8663758280827,4.137931034482759,139,139,6,0,133,140,6352,6,0,0,6,-1
2020-06-11,US,Georgia,Camden,70,1,0,30.92951916,-81.66601818,13039.0,128.0503420773424,1.4285714285714286,69,70,1,0,69,70,53677,0,0,0,0,0
2020-06-11,US,Georgia,Candler,17,0,0,32.40209349,-82.07702563,13043.0,157.36369526983245,0.0,17,17,0,0,17,15,10836,0,0,0,0,2
2020-06-11,US,Georgia,Carroll,593,37,0,33.58138199,-85.07976677,13045.0,494.19961330755376,6.239460370994941,556,591,36,0,555,587,118121,2,1,0,1,4
2020-06-11,US,Georgia,Catoosa,184,0,0,34.89872298,-85.13757014,13047.0,272.2699023379698,0.0,184,175,0,0,175,164,67420,9,0,0,9,11
2020-06-11,US,Georgia,Charlton,37,1,0,30.78371028,-82.13951596,13049.0,276.284348864994,2.702702702702702,36,36,1,0,35,36,12968,1,0,0,1,0
2020-06-11,US,Georgia,Chatham,584,29,0,32.00043026,-81.12489526,13051.0,201.77590436374942,4.965753424657534,555,562,29,0,533,556,289195,22,0,0,22,6
2020-06-11,US,Georgia,Chattahoochee,232,0,0,32.34341231,-84.78809239,13053.0,2127.074355918218,0.0,232,191,0,0,191,180,10684,41,0,0,41,11
2020-06-11,US,Georgia,Chattooga,30,2,0,34.47197698,-85.34535662,13055.0,121.0214207914801,6.666666666666668,28,27,2,0,25,27,24790,3,0,0,3,0
2020-06-11,US,Georgia,Cherokee,1000,37,0,34.24393976,-84.47431861,13057.0,386.4390798112631,3.7,963,990,35,0,955,978,254149,10,2,0,8,12
2020-06-11,US,Georgia,Clarke,332,15,0,33.95436462,-83.37124007,13059.0,258.7060024467977,4.518072289156627,317,331,15,0,316,328,127330,1,0,0,1,3
2020-06-11,US,Georgia,Clay,51,2,0,31.62221166,-84.97713865,13061.0,1799.576570218772,3.92156862745098,49,50,2,0,48,49,2887,1,0,0,1,1
2020-06-11,US,Georgia,Clayton,1399,59,0,33.54187245,-84.35594188,13063.0,478.68991569035364,4.217298070050036,1340,1378,58,0,1320,1362,289615,21,1,0,20,16
2020-06-11,US,Georgia,Clinch,73,2,0,30.91395822,-82.70432472,13065.0,1103.0522816560897,2.7397260273972597,71,72,2,0,70,72,6648,1,0,0,1,0
2020-06-11,US,Georgia,Cobb,3471,214,0,33.94243204,-84.5761255,13067.0,456.62581021152647,6.16537021031403,3257,3370,210,0,3160,3337,756865,101,4,0,97,33
2020-06-11,US,Georgia,Coffee,321,14,0,31.54892966,-82.85492059999999,13069.0,741.8020474660873,4.361370716510903,307,310,14,0,296,307,43093,11,0,0,11,3
2020-06-11,US,Georgia,Colquitt,615,16,0,31.18810588,-83.7677946,13071.0,1348.6842105263158,2.6016260162601625,599,603,16,0,587,589,45592,12,0,0,12,14
2020-06-11,US,Georgia,Columbia,290,8,0,33.54534185,-82.263524,13073.0,185.05047411207678,2.7586206896551726,282,289,8,0,281,288,154291,1,0,0,1,1
2020-06-11,US,Georgia,Cook,62,1,0,31.16068491,-83.42947229,13075.0,359.0040532715692,1.6129032258064515,61,59,1,0,58,57,17162,3,0,0,3,2
2020-06-11,US,Georgia,Coweta,488,11,0,33.35334302,-84.76129976,13077.0,328.59961349143816,2.2540983606557377,477,476,10,0,466,474,145864,12,1,0,11,2
2020-06-11,US,Georgia,Crawford,31,0,0,32.71391813,-83.98061238,13079.0,249.91938084488876,0.0,31,31,0,0,31,31,12318,0,0,0,0,0
2020-06-11,US,Georgia,Crisp,240,10,0,31.92289565,-83.76811843,13081.0,1072.769533345253,4.166666666666667,230,240,10,0,230,239,22601,0,0,0,0,1
2020-06-11,US,Georgia,Dade,45,1,0,34.854916700000004,-85.50490424,13083.0,279.22561429635147,2.2222222222222223,44,43,1,0,42,41,16226,2,0,0,2,2
2020-06-11,US,Georgia,Dawson,118,3,0,34.44244079,-84.16964071,13085.0,451.96874521219553,2.5423728813559316,115,116,2,0,114,114,25083,2,1,0,1,2
2020-06-11,US,Georgia,DeKalb,4229,139,0,33.76944049,-84.22396017,13089.0,556.9625587879315,3.2868290375975406,4090,4186,136,0,4050,4120,756558,43,3,0,40,66
2020-06-11,US,Georgia,Decatur,219,7,0,30.87967778,-84.57619536,13087.0,829.4197848810786,3.1963470319634704,212,219,7,0,212,218,26575,0,0,0,0,1
2020-06-11,US,Georgia,Dodge,53,2,0,32.17265114,-83.16948926,13091.0,257.2191215724339,3.7735849056603774,51,53,2,0,51,53,20705,0,0,0,0,0
2020-06-11,US,Georgia,Dooly,196,13,0,32.15630737,-83.79746561,13093.0,1463.778939507095,6.632653061224491,183,196,12,0,184,193,13706,0,1,0,-1,3
2020-06-11,US,Georgia,Dougherty,1827,150,0,31.53328528,-84.21722377,13095.0,2077.1749511119197,8.210180623973727,1677,1820,150,0,1670,1818,91243,7,0,0,7,2
2020-06-11,US,Georgia,Douglas,634,27,0,33.70291126,-84.77026156,13097.0,433.2287844310968,4.2586750788643535,607,624,26,0,598,612,145331,10,1,0,9,12
2020-06-11,US,Georgia,Early,254,31,0,31.32155345,-84.90255207,13099.0,2492.639842983317,12.204724409448819,223,253,31,0,222,252,10247,1,0,0,1,1
2020-06-11,US,Georgia,Echols,153,0,0,30.71101099,-82.89687287,13101.0,3819.27109335996,0.0,153,149,0,0,149,146,4000,4,0,0,4,3
2020-06-11,US,Georgia,Effingham,84,1,0,32.36616021,-81.34280942,13103.0,130.64576334453153,1.1904761904761905,83,81,1,0,80,81,62190,3,0,0,3,0
2020-06-11,US,Georgia,Elbert,83,0,0,34.11302332,-82.83936148,13105.0,432.4268000416797,0.0,83,82,0,0,82,82,19120,1,0,0,1,0
2020-06-11,US,Georgia,Emanuel,36,2,0,32.59221302,-82.30239915,13107.0,158.96847125320144,5.5555555555555545,34,34,2,0,32,33,22612,2,0,0,2,1
2020-06-11,US,Georgia,Evans,7,0,0,32.15328841,-81.8870105,13109.0,65.70302233902761,0.0,7,6,0,0,6,6,10721,1,0,0,1,0
2020-06-11,US,Georgia,Fannin,63,1,0,34.86430205,-84.316964,13111.0,240.56819917519474,1.5873015873015872,62,59,1,0,58,57,25964,4,0,0,4,2
2020-06-11,US,Georgia,Fayette,258,14,0,33.41357794,-84.49089434,13113.0,225.4830843988429,5.426356589147288,244,254,14,0,240,254,113459,4,0,0,4,0
2020-06-11,US,Georgia,Floyd,356,15,0,34.26268279,-85.21577392,13115.0,361.42865844991775,4.213483146067416,341,349,15,0,334,335,97927,7,0,0,7,14
2020-06-11,US,Georgia,Forsyth,579,13,0,34.22604035,-84.12315129999998,13117.0,237.05025956798718,2.245250431778929,566,579,12,0,567,575,236612,0,1,0,-1,4
2020-06-11,US,Georgia,Franklin,134,1,0,34.37525597,-83.23159927,13119.0,573.9003811726412,0.746268656716418,133,134,1,0,133,134,23023,0,0,0,0,0
2020-06-11,US,Georgia,Fulton,5031,273,0,33.79216944,-84.46319413,13121.0,472.86634452979825,5.426356589147288,4758,4989,273,0,4716,4925,1050114,42,0,0,42,64
2020-06-11,US,Georgia,Gilmer,167,1,0,34.69316688,-84.45802506,13123.0,532.3727246644777,0.5988023952095808,166,166,1,0,165,161,30816,1,0,0,1,5
2020-06-11,US,Georgia,Glascock,1,0,0,33.22879932,-82.61297636,13125.0,33.65870077415012,0.0,1,1,0,0,1,1,2995,0,0,0,0,0
2020-06-11,US,Georgia,Glynn,172,2,0,31.23279254,-81.53811412,13127.0,201.66017914927545,1.162790697674419,170,166,2,0,164,164,85219,6,0,0,6,2
2020-06-11,US,Georgia,Gordon,234,17,0,34.50487351,-84.87296253,13129.0,403.7058123285544,7.264957264957265,217,219,17,0,202,209,57685,15,0,0,15,10
2020-06-11,US,Georgia,Grady,133,4,0,30.87454847,-84.23418364,13131.0,539.9261153736857,3.0075187969924815,129,129,4,0,125,127,24748,4,0,0,4,2
2020-06-11,US,Georgia,Greene,86,7,0,33.5769205,-83.17139104,13133.0,469.32984064614715,8.13953488372093,79,83,7,0,76,83,17698,3,0,0,3,0
2020-06-11,US,Georgia,Gwinnett,4980,150,0,33.96044201,-84.02137802,13135.0,531.9092122830441,3.0120481927710845,4830,4808,142,0,4666,4692,927781,172,8,0,164,116
2020-06-11,US,Georgia,Habersham,576,28,0,34.63331566,-83.53094677,13137.0,1270.7377338510416,4.861111111111111,548,572,26,0,546,568,45388,4,2,0,2,4
2020-06-11,US,Georgia,Hall,2699,54,0,34.32207823,-83.81896936,13139.0,1320.1852857303575,2.0007410151908114,2645,2686,52,0,2634,2664,202148,13,2,0,11,22
2020-06-11,US,Georgia,Hancock,201,29,0,33.2721566,-82.99766919,13141.0,2376.7293366442,14.427860696517413,172,202,29,0,173,200,8348,-1,0,0,-1,2
2020-06-11,US,Georgia,Haralson,56,4,0,33.79602175,-85.21005667,13143.0,187.96992481203011,7.142857142857142,52,56,4,0,52,54,29533,0,0,0,0,2
2020-06-11,US,Georgia,Harris,185,6,0,32.73709786,-84.90538572,13145.0,525.0312180724259,3.2432432432432434,179,173,6,0,167,143,34475,12,0,0,12,30
2020-06-11,US,Georgia,Hart,39,0,0,34.34626973,-82.96567682,13147.0,148.82655981682885,0.0,39,39,0,0,39,39,26099,0,0,0,0,0
2020-06-11,US,Georgia,Heard,41,3,0,33.29686567,-85.12886832,13149.0,343.87318627862123,7.317073170731707,38,39,3,0,36,37,11879,2,0,0,2,2
2020-06-11,US,Georgia,Henry,810,25,0,33.4533428,-84.14814659999998,13151.0,345.32594932661436,3.08641975308642,785,787,24,0,763,779,230220,23,1,0,22,8
2020-06-11,US,Georgia,Houston,415,20,0,32.45802497,-83.66879087,13153.0,262.8861734541976,4.819277108433735,395,408,20,0,388,406,155469,7,0,0,7,2
2020-06-11,US,Georgia,Irwin,34,1,0,31.60213036,-83.27501387,13155.0,361.0875106202209,2.9411764705882355,33,34,1,0,33,34,9398,0,0,0,0,0
2020-06-11,US,Georgia,Jackson,247,7,0,34.13794553,-83.56814788,13157.0,338.46280334900035,2.8340080971659916,240,239,7,0,232,237,70422,8,0,0,8,2
2020-06-11,US,Georgia,Jasper,55,1,0,33.31535543,-83.68844964,13159.0,386.8063858217877,1.818181818181818,54,51,1,0,50,51,14040,4,0,0,4,0
2020-06-11,US,Georgia,Jeff Davis,51,1,0,31.80405727,-82.63724870000001,13161.0,337.41316572940787,1.96078431372549,50,49,1,0,48,48,15029,2,0,0,2,1
2020-06-11,US,Georgia,Jefferson,52,1,0,33.05867328,-82.41609057,13163.0,338.4975914594454,1.9230769230769231,51,52,1,0,51,52,15430,0,0,0,0,0
2020-06-11,US,Georgia,Jenkins,44,6,0,32.79248718,-81.96040187,13165.0,507.1461502996773,13.636363636363635,38,40,5,0,35,33,8683,4,1,0,3,7
2020-06-11,US,Georgia,Johnson,83,2,0,32.70211082,-82.66166794,13167.0,860.7279892149746,2.409638554216868,81,83,2,0,81,83,9708,0,0,0,0,0
2020-06-11,US,Georgia,Jones,50,0,0,33.02512137,-83.56019163,13169.0,174.00382808421784,0.0,50,50,0,0,50,49,28616,0,0,0,0,1
2020-06-11,US,Georgia,Lamar,79,5,0,33.07841647,-84.14263877,13171.0,414.11123342244593,6.329113924050633,74,78,5,0,73,76,19000,1,0,0,1,2
2020-06-11,US,Georgia,Lanier,36,2,0,31.03828570000001,-83.06472457,13173.0,345.39000287824996,5.5555555555555545,34,36,2,0,34,34,10340,0,0,0,0,2
2020-06-11,US,Georgia,Laurens,116,1,0,32.46325233,-82.92221316,13175.0,243.97425650948554,0.8620689655172413,115,116,1,0,115,116,47325,0,0,0,0,0
2020-06-11,US,Georgia,Lee,370,22,0,31.779330600000005,-84.14324253,13177.0,1233.6623099493195,5.945945945945946,348,369,22,0,347,368,29764,1,0,0,1,1
2020-06-11,US,Georgia,Liberty,86,1,0,31.82588896,-81.49251135,13179.0,139.98535037031007,1.162790697674419,85,86,1,0,85,86,61497,0,0,0,0,0
2020-06-11,US,Georgia,Lincoln,17,1,0,33.79201475,-82.45024131,13181.0,214.61936624163616,5.882352941176472,16,17,1,0,16,16,7915,0,0,0,0,1
2020-06-11,US,Georgia,Long,19,1,0,31.75218791,-81.74952375,13183.0,97.14198067385858,5.2631578947368425,18,18,1,0,17,17,18998,1,0,0,1,1
2020-06-11,US,Georgia,Lowndes,531,4,0,30.83568832,-83.27056716,13185.0,452.27671498901253,0.7532956685499058,527,505,4,0,501,474,116321,26,0,0,26,31
2020-06-11,US,Georgia,Lumpkin,106,1,0,34.57286511,-84.00425681,13187.0,315.38232668848565,0.9433962264150944,105,105,1,0,104,103,32955,1,0,0,1,2
2020-06-11,US,Georgia,Macon,106,7,0,32.35207048,-84.04234127,13193.0,818.7224839731211,6.60377358490566,99,106,7,0,99,106,13143,0,0,0,0,0
2020-06-11,US,Georgia,Madison,68,2,0,34.12920917,-83.21218732,13195.0,227.57697456492642,2.9411764705882355,66,67,2,0,65,66,29650,1,0,0,1,1
2020-06-11,US,Georgia,Marion,61,2,0,32.3483402,-84.52733571,13197.0,729.7523627228137,3.278688524590164,59,59,2,0,57,59,8351,2,0,0,2,0
2020-06-11,US,Georgia,McDuffie,73,5,0,33.47851918,-82.48252774,13189.0,342.53003003003005,6.849315068493151,68,73,5,0,68,73,21531,0,0,0,0,0
2020-06-11,US,Georgia,McIntosh,16,1,0,31.49683595,-81.40163426,13191.0,111.28112393935179,6.25,15,16,1,0,15,15,14340,0,0,0,0,1
2020-06-11,US,Georgia,Meriwether,119,2,0,33.04163534,-84.68859732,13199.0,562.1958709311664,1.680672268907563,117,114,2,0,112,110,21068,5,0,0,5,4
2020-06-11,US,Georgia,Miller,45,0,0,31.16568912,-84.73151117,13201.0,786.9884575026233,0.0,45,45,0,0,45,43,5686,0,0,0,0,2
2020-06-11,US,Georgia,Mitchell,427,37,0,31.22483255,-84.19381821,13205.0,1953.0713991675436,8.665105386416862,390,425,36,0,389,425,22192,2,1,0,1,0
2020-06-11,US,Georgia,Monroe,126,14,0,33.014289,-83.92097166,13207.0,456.88592356225985,11.111111111111109,112,126,13,0,113,124,27520,0,1,0,-1,2
2020-06-11,US,Georgia,Montgomery,19,0,0,32.17201038,-82.53527476,13209.0,207.15220235499345,0.0,19,17,0,0,17,14,9193,2,0,0,2,3
2020-06-11,US,Georgia,Morgan,40,0,0,33.59232073,-83.49129491,13211.0,207.5119319360863,0.0,40,40,0,0,40,40,18853,0,0,0,0,0
2020-06-11,US,Georgia,Murray,127,1,0,34.78897608,-84.74993177,13213.0,316.7398244213887,0.7874015748031497,126,120,1,0,119,114,39921,7,0,0,7,6
2020-06-11,US,Georgia,Muscogee,919,25,0,32.50931999,-84.87142262,13215.0,469.43080875930303,2.720348204570185,894,904,23,0,881,868,194160,15,2,0,13,36
2020-06-11,US,Georgia,Newton,407,11,0,33.55514538,-83.84547140000002,13217.0,364.225372279496,2.702702702702702,396,402,11,0,391,396,109541,5,0,0,5,6
2020-06-11,US,Georgia,Oconee,129,9,0,33.83749973,-83.43679568,13219.0,320.25819265143986,6.9767441860465125,120,127,9,0,118,127,39272,2,0,0,2,0
2020-06-11,US,Georgia,Oglethorpe,71,7,0,33.878629600000004,-83.08278123,13221.0,465.2991677043057,9.859154929577462,64,71,7,0,64,70,15054,0,0,0,0,1
2020-06-11,US,Georgia,Out of GA,2641,38,0,0.0,0.0,80013.0,0.0,1.4388489208633093,2603,2515,37,0,2478,2480,,126,1,0,125,35
2020-06-11,US,Georgia,Paulding,397,13,0,33.91969522,-84.86848792,13223.0,235.3750289031049,3.2745591939546603,384,382,13,0,369,371,164044,15,0,0,15,11
2020-06-11,US,Georgia,Peach,80,8,0,32.56934316,-83.82937,13225.0,290.42329194801425,10.0,72,80,7,0,73,80,27297,0,1,0,-1,0
2020-06-11,US,Georgia,Pickens,59,4,0,34.46589159,-84.46406611,13227.0,181.03157313368717,6.779661016949151,55,57,4,0,53,53,31980,2,0,0,2,4
2020-06-11,US,Georgia,Pierce,125,4,0,31.35928155,-82.21598442,13229.0,642.1782686873876,3.2,121,122,4,0,118,121,19389,3,0,0,3,1
2020-06-11,US,Georgia,Pike,65,3,0,33.09310242,-84.38790389,13231.0,342.79084484758994,4.615384615384615,62,65,3,0,62,64,18634,0,0,0,0,1
2020-06-11,US,Georgia,Polk,157,1,0,34.00267074,-85.18677781,13233.0,368.43216858705085,0.6369426751592356,156,154,1,0,153,152,42470,3,0,0,3,2
2020-06-11,US,Georgia,Pulaski,46,2,0,32.23334561,-83.47549959999998,13235.0,413.0376223399479,4.3478260869565215,44,46,2,0,44,46,11069,0,0,0,0,0
2020-06-11,US,Georgia,Putnam,104,10,0,33.32056115,-83.37552891,13237.0,470.1840047018401,9.615384615384617,94,103,10,0,93,103,21809,1,0,0,1,0
2020-06-11,US,Georgia,Quitman,15,1,0,31.86728114,-85.01773177,13239.0,652.4575902566334,6.666666666666668,14,15,1,0,14,14,2279,0,0,0,0,1
2020-06-11,US,Georgia,Rabun,30,2,0,34.88389445,-83.40304637,13241.0,175.05981210246838,6.666666666666668,28,28,1,0,27,27,16867,2,1,0,1,1
2020-06-11,US,Georgia,Randolph,188,20,0,31.76622818,-84.75732369,13243.0,2773.6795514901146,10.638297872340424,168,186,20,0,166,187,6833,2,0,0,2,-1
2020-06-11,US,Georgia,Richmond,658,35,0,33.35777107,-82.07026432,13245.0,324.9093907702031,5.319148936170213,623,659,36,0,623,652,201554,-1,-1,0,0,7
2020-06-11,US,Georgia,Rockdale,329,8,0,33.65145002,-84.02202167,13247.0,361.95212110543923,2.4316109422492405,321,325,8,0,317,320,90594,4,0,0,4,5
2020-06-11,US,Georgia,Schley,18,1,0,32.2654021,-84.31258912,13249.0,342.4006087121933,5.5555555555555545,17,18,1,0,17,18,5236,0,0,0,0,0
2020-06-11,US,Georgia,Screven,60,4,0,32.74976524,-81.60779441,13251.0,429.6147787483889,6.666666666666668,56,60,3,0,57,59,13938,0,1,0,-1,1
2020-06-11,US,Georgia,Seminole,47,2,0,30.93464824,-84.86823924,13253.0,580.964153275649,4.25531914893617,45,47,2,0,45,47,8315,0,0,0,0,0
2020-06-11,US,Georgia,Spalding,308,24,0,33.26310031,-84.28013991,13255.0,461.74834715080283,7.792207792207793,284,302,23,0,279,301,66100,6,1,0,5,1
2020-06-11,US,Georgia,Stephens,148,4,0,34.55151201,-83.29405315,13257.0,570.877531340405,2.702702702702702,144,147,3,0,144,147,26035,1,1,0,0,0
2020-06-11,US,Georgia,Stewart,60,1,0,32.07996777,-84.83208037,13259.0,906.2075215224287,1.6666666666666667,59,59,1,0,58,58,6199,1,0,0,1,1
2020-06-11,US,Georgia,Sumter,502,49,0,32.03650571,-84.19821492,13261.0,1700.311610892833,9.760956175298805,453,499,48,0,451,498,29733,3,1,0,2,1
2020-06-11,US,Georgia,Talbot,45,2,0,32.69642758,-84.53351366,13263.0,726.3922518159807,4.4444444444444455,43,44,2,0,42,43,6272,1,0,0,1,1
2020-06-11,US,Georgia,Taliaferro,1,0,0,33.56543317,-82.88136816,13265.0,65.06180871828235,0.0,1,1,0,0,1,1,1608,0,0,0,0,0
2020-06-11,US,Georgia,Tattnall,37,0,0,32.04785085,-82.05539188,13267.0,146.32603021434787,0.0,37,35,0,0,35,34,25391,2,0,0,2,1
2020-06-11,US,Georgia,Taylor,25,2,0,32.55792548,-84.25077141,13269.0,311.72069825436415,8.0,23,24,2,0,22,23,8039,1,0,0,1,1
2020-06-11,US,Georgia,Telfair,45,1,0,31.92829517,-82.93491155,13271.0,283.7326607818411,2.2222222222222223,44,39,1,0,38,39,15876,6,0,0,6,0
2020-06-11,US,Georgia,Terrell,218,26,0,31.77527543,-84.44069698,13273.0,2555.386238424569,11.926605504587155,192,217,26,0,191,217,8611,1,0,0,1,0
2020-06-11,US,Georgia,Thomas,358,33,0,30.86392347,-83.91847289,13275.0,805.3812062720749,9.217877094972067,325,356,33,0,323,357,44448,2,0,0,2,-1
2020-06-11,US,Georgia,Tift,357,22,0,31.45743864,-83.5236119,13277.0,878.3584292884558,6.162464985994397,335,345,22,0,323,327,40571,12,0,0,12,18
2020-06-11,US,Georgia,Toombs,91,4,0,32.12059861,-82.32957247,13279.0,339.1725680208722,4.395604395604397,87,83,4,0,79,77,26887,8,0,0,8,6
2020-06-11,US,Georgia,Towns,32,1,0,34.91369188,-83.74107459999998,13281.0,265.8469718368364,3.125,31,31,1,0,30,30,11852,1,0,0,1,1
2020-06-11,US,Georgia,Treutlen,17,0,0,32.40422134,-82.56904553,13283.0,246.3411099840603,0.0,17,17,0,0,17,14,6809,0,0,0,0,3
2020-06-11,US,Georgia,Troup,613,13,0,33.03349196,-85.02812115,13285.0,876.6911701610367,2.1207177814029365,600,545,12,0,533,476,70034,68,1,0,67,69
2020-06-11,US,Georgia,Turner,145,14,0,31.71612656,-83.62069378,13287.0,1815.904821540388,9.655172413793103,131,144,13,0,131,141,7912,1,1,0,0,3
2020-06-11,US,Georgia,Twiggs,20,1,0,32.67435595,-83.43078662,13289.0,246.30541871921181,5.0,19,19,1,0,18,19,8188,1,0,0,1,0
2020-06-11,US,Georgia,Unassigned,1019,2,0,0.0,0.0,90013.0,0.0,0.19627085377821396,1017,1160,1,0,1159,1291,,-141,1,0,-142,-131
2020-06-11,US,Georgia,Union,53,2,0,34.82995757,-83.98967069,13291.0,216.22944800293743,3.7735849056603774,51,51,2,0,49,50,24001,2,0,0,2,1
2020-06-11,US,Georgia,Upson,295,38,0,32.87920671,-84.30024826,13293.0,1120.820668693009,12.881355932203391,257,291,36,0,255,290,26215,4,2,0,2,1
2020-06-11,US,Georgia,Walker,211,1,0,34.73376362,-85.30165174,13295.0,302.46126058972783,0.4739336492890995,210,206,1,0,205,203,69410,5,0,0,5,3
2020-06-11,US,Georgia,Walton,317,21,0,33.78017694,-83.73552314,13297.0,335.11993487890226,6.624605678233437,296,309,21,0,288,307,93503,8,0,0,8,2
2020-06-11,US,Georgia,Ware,254,14,0,31.05449097,-82.42224148,13299.0,710.8076341859294,5.511811023622046,240,252,14,0,238,252,35680,2,0,0,2,0
2020-06-11,US,Georgia,Warren,19,0,0,33.41146451,-82.67795848,13301.0,361.6292348686714,0.0,19,19,0,0,19,18,5251,0,0,0,0,1
2020-06-11,US,Georgia,Washington,75,1,0,32.96711864,-82.79357039,13303.0,368.11622656326693,1.3333333333333333,74,75,1,0,74,75,20386,0,0,0,0,0
2020-06-11,US,Georgia,Wayne,33,0,0,31.5521809,-81.91894878,13305.0,110.26831957763893,0.0,33,32,0,0,32,30,29808,1,0,0,1,2
2020-06-11,US,Georgia,Webster,14,1,0,32.04066113,-84.54742852,13307.0,537.0157268891446,7.142857142857142,13,14,1,0,13,14,2611,0,0,0,0,0
2020-06-11,US,Georgia,Wheeler,15,0,0,32.12009104,-82.72574721,13309.0,190.9611712285169,0.0,15,15,0,0,15,14,7879,0,0,0,0,1
2020-06-11,US,Georgia,White,122,3,0,34.64624278,-83.74905525,13311.0,396.12961880641603,2.459016393442623,119,117,3,0,114,117,29970,5,0,0,5,0
2020-06-11,US,Georgia,Whitfield,539,9,0,34.80987459,-84.96093476,13313.0,515.1584661849599,1.6697588126159555,530,520,9,0,511,509,104062,19,0,0,19,11
2020-06-11,US,Georgia,Wilcox,118,14,0,31.97496928,-83.43438555,13315.0,1366.5315576143598,11.864406779661017,104,118,14,0,104,117,8812,0,0,0,0,1
2020-06-11,US,Georgia,Wilkes,35,1,0,33.78290391,-82.74286107,13317.0,357.98302137670044,2.8571428571428568,34,34,1,0,33,34,9876,1,0,0,1,0
2020-06-11,US,Georgia,Wilkinson,73,7,0,32.80291082,-83.17140684,13319.0,815.2780880053607,9.58904109589041,66,71,7,0,64,72,9036,2,0,0,2,-1
2020-06-11,US,Georgia,Worth,255,21,0,31.55162306,-83.85090513,13321.0,1259.4458438287156,8.235294117647058,234,247,21,0,226,243,20299,8,0,0,8,4
2020-06-11,US,Hawaii,Hawaii,81,0,0,19.60121157,-155.5210167,15001.0,40.195917881228496,0.0,81,81,0,0,81,81,200983,0,0,0,0,0
2020-06-11,US,Hawaii,Honolulu,458,11,0,21.45803166,-157.97121819999995,15003.0,46.99542256375422,2.4017467248908297,447,451,11,0,440,448,980080,7,0,0,7,3
2020-06-11,US,Hawaii,Kauai,21,0,0,22.03935037,-159.5966786,15007.0,29.04845559044444,0.0,21,21,0,0,21,21,72133,0,0,0,0,0
2020-06-11,US,Hawaii,Maui,120,6,0,20.86399628,-156.56890969999995,15009.0,71.67730875598058,5.0,114,120,6,0,114,120,167207,0,0,0,0,0
2020-06-11,US,Hawaii,Out of HI,12,0,0,0.0,0.0,80015.0,0.0,0.0,12,12,0,0,12,12,,0,0,0,0,0
2020-06-11,US,Idaho,Ada,854,22,0,43.4526575,-116.24155159999998,16001.0,177.33036813701366,2.5761124121779857,832,854,22,0,832,848,469966,0,0,0,0,6
2020-06-11,US,Idaho,Adams,3,0,0,44.89333571,-116.4545247,16003.0,69.86492780624127,0.0,3,3,0,0,3,3,4250,0,0,0,0,0
2020-06-11,US,Idaho,Bannock,52,1,0,42.67002716,-112.2233311,16005.0,59.2201166180758,1.9230769230769231,51,52,1,0,51,49,87138,0,0,0,0,3
2020-06-11,US,Idaho,Benewah,19,0,0,47.21754179,-116.6586851,16009.0,204.34502043450203,0.0,19,19,0,0,19,18,9226,0,0,0,0,1
2020-06-11,US,Idaho,Bingham,23,0,0,43.21672879999999,-112.3978437,16011.0,49.13375061417189,0.0,23,23,0,0,23,23,46236,0,0,0,0,0
2020-06-11,US,Idaho,Blaine,515,5,0,43.4085812,-113.9752658,16013.0,2237.087876286869,0.9708737864077671,510,515,5,0,510,514,22601,0,0,0,0,1
2020-06-11,US,Idaho,Bonner,7,0,0,48.29996017,-116.6017932,16017.0,15.304226152736176,0.0,7,7,0,0,7,7,44727,0,0,0,0,0
2020-06-11,US,Idaho,Bonneville,68,0,0,43.38713372,-111.6161537,16019.0,57.113100737430926,0.0,68,68,0,0,68,68,116854,0,0,0,0,0
2020-06-11,US,Idaho,Camas,1,0,0,43.46665742,-114.8065892,16025.0,90.41591320072331,0.0,1,1,0,0,1,1,1127,0,0,0,0,0
2020-06-11,US,Idaho,Canyon,351,6,0,43.61970148,-116.7095499,16027.0,152.7089523991838,1.709401709401709,345,351,6,0,345,345,223499,0,0,0,0,6
2020-06-11,US,Idaho,Caribou,3,0,0,42.77149116,-111.5597683,16029.0,41.9287211740042,0.0,3,3,0,0,3,3,7060,0,0,0,0,0
2020-06-11,US,Idaho,Cassia,123,1,0,42.28347888,-113.6012409,16031.0,511.86017478152314,0.8130081300813008,122,123,1,0,122,118,23864,0,0,0,0,5
2020-06-11,US,Idaho,Custer,2,0,0,44.24186819,-114.2855494,16037.0,46.349942062572424,0.0,2,2,0,0,2,2,4280,0,0,0,0,0
2020-06-11,US,Idaho,Elmore,33,2,0,43.3507101,-115.4701578,16039.0,119.95201919232305,6.0606060606060606,31,33,2,0,31,33,27259,0,0,0,0,0
2020-06-11,US,Idaho,Franklin,10,0,0,42.18332217,-111.8149666,16041.0,72.0668780628423,0.0,10,10,0,0,10,9,13726,0,0,0,0,1
2020-06-11,US,Idaho,Fremont,4,0,0,44.22800938,-111.4809943,16043.0,30.536682189480114,0.0,4,4,0,0,4,4,13168,0,0,0,0,0
2020-06-11,US,Idaho,Gem,17,0,0,44.06482372,-116.398376,16045.0,93.86042402826857,0.0,17,17,0,0,17,17,17634,0,0,0,0,0
2020-06-11,US,Idaho,Gooding,57,0,0,42.96927962,-114.8108306,16047.0,375.51880888069036,0.0,57,57,0,0,57,57,15196,0,0,0,0,0
2020-06-11,US,Idaho,Idaho,3,0,0,45.84721541,-115.4634436,16049.0,17.999640007199854,0.0,3,3,0,0,3,3,16513,0,0,0,0,0
2020-06-11,US,Idaho,Jefferson,9,0,0,43.82078483,-112.3131749,16051.0,30.12955709551069,0.0,9,9,0,0,9,9,29439,0,0,0,0,0
2020-06-11,US,Idaho,Jerome,202,2,0,42.68891267,-114.2655033,16053.0,827.4619039816482,0.99009900990099,200,202,2,0,200,201,24015,0,0,0,0,1
2020-06-11,US,Idaho,Kootenai,91,0,0,47.67282258,-116.7020872,16055.0,54.919521777702684,0.0,91,91,0,0,91,91,161505,0,0,0,0,0
2020-06-11,US,Idaho,Latah,7,0,0,46.81587887,-116.7113698,16057.0,17.452877231475018,0.0,7,7,0,0,7,7,40134,0,0,0,0,0
2020-06-11,US,Idaho,Lemhi,1,0,0,44.9438088,-113.9309747,16059.0,12.457954403886884,0.0,1,1,0,0,1,1,7961,0,0,0,0,0
2020-06-11,US,Idaho,Lincoln,34,0,0,43.0012336,-114.1358773,16063.0,633.619083115915,0.0,34,34,0,0,34,34,5360,0,0,0,0,0
2020-06-11,US,Idaho,Madison,27,0,0,43.78141028,-111.65384740000002,16065.0,67.65730323000977,0.0,27,27,0,0,27,27,39304,0,0,0,0,0
2020-06-11,US,Idaho,Minidoka,85,0,0,42.85518524,-113.6357257,16067.0,404.01159750938734,0.0,85,85,0,0,85,80,20825,0,0,0,0,5
2020-06-11,US,Idaho,Nez Perce,84,19,0,46.32638236,-116.7500975,16069.0,207.87962779647597,22.619047619047624,65,84,19,0,65,83,40408,0,0,0,0,1
2020-06-11,US,Idaho,Owyhee,8,0,0,42.58016894,-116.1693871,16073.0,67.66472130592912,0.0,8,8,0,0,8,8,11693,0,0,0,0,0
2020-06-11,US,Idaho,Payette,26,2,0,44.00545243,-116.7647695,16075.0,108.55496638971232,7.6923076923076925,24,26,2,0,24,26,23551,0,0,0,0,0
2020-06-11,US,Idaho,Power,9,0,0,42.69254894,-112.83957420000002,16077.0,117.17224319750031,0.0,9,9,0,0,9,9,7768,0,0,0,0,0
2020-06-11,US,Idaho,Teton,11,0,0,43.75303583,-111.2056773,16081.0,90.59463020919122,0.0,11,11,0,0,11,11,11640,0,0,0,0,0
2020-06-11,US,Idaho,Twin Falls,469,25,0,42.35440512,-114.6685381,16083.0,539.8374732383344,5.3304904051172715,444,469,25,0,444,463,86081,0,0,0,0,6
2020-06-11,US,Idaho,Valley,3,0,0,44.76728382,-115.5676773,16085.0,26.33426966292135,0.0,3,3,0,0,3,3,11041,0,0,0,0,0
2020-06-11,US,Idaho,Washington,49,0,0,44.45275475,-116.7847688,16087.0,480.67490680792616,0.0,49,49,0,0,49,46,10161,0,0,0,0,3
2020-06-11,US,Illinois,Adams,45,1,0,39.98815591,-91.18786813,17001.0,68.77053564606098,2.2222222222222223,44,45,1,0,44,45,65691,0,0,0,0,0
2020-06-11,US,Illinois,Alexander,16,0,0,37.18049267,-89.32910838,17003.0,277.7295608401319,0.0,16,16,0,0,16,15,6060,0,0,0,0,1
2020-06-11,US,Illinois,Bond,12,1,0,38.88829622,-89.43534887,17005.0,73.0549129428954,8.333333333333334,11,12,1,0,11,12,16630,0,0,0,0,0
2020-06-11,US,Illinois,Boone,515,18,0,42.32359279,-88.82345779,17007.0,961.8257881368594,3.4951456310679614,497,511,18,0,493,507,53577,4,0,0,4,4
2020-06-11,US,Illinois,Brown,10,0,0,39.96209138,-90.75068024,17009.0,152.02189115232594,0.0,10,10,0,0,10,10,6556,0,0,0,0,0
2020-06-11,US,Illinois,Bureau,22,1,0,41.40385234,-89.5283051,17011.0,67.42675003064852,4.545454545454546,21,22,1,0,21,21,32993,0,0,0,0,1
2020-06-11,US,Illinois,Calhoun,1,0,0,39.16840183,-90.66330078,17013.0,21.101498206372653,0.0,1,1,0,0,1,1,4802,0,0,0,0,0
2020-06-11,US,Illinois,Carroll,18,2,0,42.06823429,-89.93395545,17015.0,125.83012932541071,11.111111111111109,16,19,2,0,17,19,14312,-1,0,0,-1,0
2020-06-11,US,Illinois,Cass,75,0,0,39.96991073,-90.24734436,17017.0,617.4364040503829,0.0,75,74,0,0,74,74,12260,1,0,0,1,0
2020-06-11,US,Illinois,Champaign,704,9,0,40.13919438,-88.20046615,17019.0,335.7353032347906,1.2784090909090908,695,700,8,0,692,695,209983,4,1,0,3,5
2020-06-11,US,Illinois,Christian,35,4,0,39.54581621,-89.27780482,17021.0,108.34571570084199,11.428571428571427,31,35,4,0,31,35,32661,0,0,0,0,0
2020-06-11,US,Illinois,Clark,12,0,0,39.33425789,-87.78705622,17023.0,77.71517388770155,0.0,12,12,0,0,12,12,15596,0,0,0,0,0
2020-06-11,US,Illinois,Clay,2,0,0,38.75388572,-88.48914513,17025.0,15.169902912621357,0.0,2,2,0,0,2,2,13253,0,0,0,0,0
2020-06-11,US,Illinois,Clinton,198,17,0,38.60704876,-89.42385254,17027.0,527.1284809115596,8.585858585858588,181,197,17,0,180,196,37639,1,0,0,1,1
2020-06-11,US,Illinois,Coles,142,17,0,39.51949084,-88.22358557,17029.0,280.5159913869738,11.971830985915492,125,142,17,0,125,140,50885,0,0,0,0,2
2020-06-11,US,Illinois,Cook,83978,4111,0,41.84144849,-87.81658794,17031.0,1630.5670054150946,4.895329729214795,79867,83585,4053,0,79532,83271,5180493,393,58,0,335,314
2020-06-11,US,Illinois,Crawford,11,0,0,39.0032229,-87.75954624,17033.0,58.92751915144373,0.0,11,11,0,0,11,11,18807,0,0,0,0,0
2020-06-11,US,Illinois,Cumberland,10,0,0,39.27432424,-88.2401158,17035.0,92.88500835965077,0.0,10,10,0,0,10,10,10808,0,0,0,0,0
2020-06-11,US,Illinois,De Witt,4,0,0,40.17514519,-88.90959682,17039.0,25.57871850620284,0.0,4,4,0,0,4,4,15769,0,0,0,0,0
2020-06-11,US,Illinois,DeKalb,466,13,0,41.89373302,-88.76958483,17037.0,444.24530730144807,2.7896995708154506,453,460,13,0,447,457,104143,6,0,0,6,3
2020-06-11,US,Illinois,Douglas,30,0,0,39.76768052,-88.21854195,17041.0,154.12278448497304,0.0,30,30,0,0,30,29,19479,0,0,0,0,1
2020-06-11,US,Illinois,DuPage,8311,425,0,41.85116968,-88.08642662,17043.0,900.5104445559263,5.113704728672843,7886,8255,418,0,7837,8215,928589,56,7,0,49,40
2020-06-11,US,Illinois,Edgar,1,0,0,39.6809186,-87.74759563,17045.0,5.827166249053086,0.0,1,1,0,0,1,1,17360,0,0,0,0,0
2020-06-11,US,Illinois,Edwards,2,0,0,38.41353228,-88.05720863,17047.0,31.27443315089914,0.0,2,2,0,0,2,2,6392,0,0,0,0,0
2020-06-11,US,Illinois,Effingham,8,1,0,39.05935711,-88.58969584,17049.0,23.523876734885913,12.5,7,8,1,0,7,8,34208,0,0,0,0,0
2020-06-11,US,Illinois,Fayette,22,3,0,39.00072038,-89.02452658,17051.0,103.11211098612672,13.636363636363635,19,22,3,0,19,21,21416,0,0,0,0,1
2020-06-11,US,Illinois,Ford,22,1,0,40.59706922,-88.22350769,17053.0,169.73998919836433,4.545454545454546,21,22,1,0,21,21,13264,0,0,0,0,1
2020-06-11,US,Illinois,Franklin,12,0,0,37.99189086,-88.92567818,17055.0,31.19394837401544,0.0,12,12,0,0,12,12,38701,0,0,0,0,0
2020-06-11,US,Illinois,Fulton,12,0,0,40.47289135,-90.20862357,17057.0,34.944670937682005,0.0,12,12,0,0,12,12,34844,0,0,0,0,0
2020-06-11,US,Illinois,Gallatin,2,0,0,37.76430935,-88.22953869,17059.0,41.42502071251035,0.0,2,2,0,0,2,2,5058,0,0,0,0,0
2020-06-11,US,Illinois,Greene,7,0,0,39.35907414,-90.388865,17061.0,53.974863135168476,0.0,7,7,0,0,7,7,13044,0,0,0,0,0
2020-06-11,US,Illinois,Grundy,126,2,0,41.28569601,-88.41905692,17063.0,246.79750852039018,1.5873015873015872,124,125,2,0,123,124,50972,1,0,0,1,1
2020-06-11,US,Illinois,Hamilton,2,0,0,38.08163641,-88.53883373,17065.0,24.64268112370626,0.0,2,2,0,0,2,2,8163,0,0,0,0,0
2020-06-11,US,Illinois,Hancock,18,1,0,40.40423981,-91.16313899,17067.0,101.6489722159476,5.5555555555555545,17,18,1,0,17,18,17844,0,0,0,0,0
2020-06-11,US,Illinois,Hardin,1,0,0,37.51810645,-88.26873022,17069.0,26.17115938236064,0.0,1,1,0,0,1,1,3910,0,0,0,0,0
2020-06-11,US,Illinois,Henderson,8,0,0,40.81908672,-90.92491462,17071.0,120.37315678603672,0.0,8,8,0,0,8,8,6709,0,0,0,0,0
2020-06-11,US,Illinois,Henry,72,0,0,41.3533994,-90.13296166,17073.0,147.20013084456076,0.0,72,71,0,0,71,71,49090,1,0,0,1,0
2020-06-11,US,Illinois,Iroquois,136,5,0,40.74717633,-87.82466784,17075.0,501.58589658479,3.6764705882352944,131,136,5,0,131,137,27604,0,0,0,0,-1
2020-06-11,US,Illinois,Jackson,307,12,0,37.78595185,-89.38232563,17077.0,540.9691629955947,3.908794788273616,295,307,11,0,296,304,57419,0,1,0,-1,3
2020-06-11,US,Illinois,Jasper,46,7,0,39.01054275,-88.15437049,17079.0,478.6680541103018,15.217391304347824,39,46,7,0,39,46,9611,0,0,0,0,0
2020-06-11,US,Illinois,Jefferson,101,16,0,38.29980057,-88.9240025,17081.0,268.0182570852351,15.84158415841584,85,101,16,0,85,101,37820,0,0,0,0,0
2020-06-11,US,Illinois,Jersey,28,1,0,39.08869046,-90.35393073,17083.0,128.59964175814082,3.571428571428572,27,27,1,0,26,26,21847,1,0,0,1,1
2020-06-11,US,Illinois,Jo Daviess,34,1,0,42.36542373,-90.21094405,17085.0,160.11302095596892,2.9411764705882355,33,33,1,0,32,33,21366,1,0,0,1,0
2020-06-11,US,Illinois,Johnson,14,0,0,37.45939802,-88.88165419,17087.0,112.74865104292502,0.0,14,13,0,0,13,13,12456,1,0,0,1,0
2020-06-11,US,Illinois,Kane,6992,223,0,41.93842729,-88.42861412,17089.0,1313.290871764434,3.1893592677345537,6769,6948,218,0,6730,6897,534216,44,5,0,39,51
2020-06-11,US,Illinois,Kankakee,1051,57,0,41.13746989,-87.86205334,17091.0,956.6547122753999,5.423406279733587,994,1047,56,0,991,1019,110024,4,1,0,3,28
2020-06-11,US,Illinois,Kendall,867,19,0,41.59081014,-88.42869583,17093.0,672.1451275292658,2.1914648212226067,848,863,19,0,844,853,127915,4,0,0,4,10
2020-06-11,US,Illinois,Knox,107,0,0,40.93148779,-90.21330340000002,17095.0,215.29608241614517,0.0,107,106,0,0,106,105,50112,1,0,0,1,1
2020-06-11,US,Illinois,LaSalle,175,16,0,41.34426129999999,-88.88633881,17099.0,161.03948688218352,9.142857142857142,159,172,16,0,156,168,109430,3,0,0,3,4
2020-06-11,US,Illinois,Lake,8934,367,0,42.3224907,-88.00367925,17097.0,1282.6347563295456,4.107902395343632,8567,8886,362,0,8524,8861,700832,48,5,0,43,25
2020-06-11,US,Illinois,Lawrence,4,0,0,38.71987914,-87.72884035,17101.0,25.513458349279247,0.0,4,4,0,0,4,4,15765,0,0,0,0,0
2020-06-11,US,Illinois,Lee,88,1,0,41.74583951,-89.29977132,17103.0,258.0947911778508,1.1363636363636365,87,89,1,0,88,89,34223,-1,0,0,-1,0
2020-06-11,US,Illinois,Livingston,36,2,0,40.89188292,-88.55784752,17105.0,100.98743267504489,5.5555555555555545,34,36,2,0,34,36,35761,0,0,0,0,0
2020-06-11,US,Illinois,Logan,10,0,0,40.12581572,-89.36638784,17107.0,34.94304284017052,0.0,10,10,0,0,10,10,28925,0,0,0,0,0
2020-06-11,US,Illinois,Macon,206,21,0,39.86064913,-88.96342505,17115.0,198.0597832879847,10.194174757281553,185,204,21,0,183,203,104712,2,0,0,2,1
2020-06-11,US,Illinois,Macoupin,46,2,0,39.26119767,-89.92424028,17117.0,102.39059787205628,4.3478260869565215,44,46,2,0,44,46,45313,0,0,0,0,0
2020-06-11,US,Illinois,Madison,681,65,0,38.83042506,-89.90422563,17119.0,258.968840078185,9.544787077826726,616,660,65,0,595,647,264461,21,0,0,21,13
2020-06-11,US,Illinois,Marion,55,0,0,38.64963204,-88.91899208,17121.0,147.82959279666713,0.0,55,55,0,0,55,55,37620,0,0,0,0,0
2020-06-11,US,Illinois,Marshall,5,0,0,41.0327901,-89.34510444,17123.0,43.7139360027977,0.0,5,5,0,0,5,5,11534,0,0,0,0,0
2020-06-11,US,Illinois,Mason,18,0,0,40.23917274,-89.91824452,17125.0,134.74062429822592,0.0,18,18,0,0,18,18,13565,0,0,0,0,0
2020-06-11,US,Illinois,Massac,7,0,0,37.22078441,-88.71036614,17127.0,50.827766482718566,0.0,7,7,0,0,7,7,14080,0,0,0,0,0
2020-06-11,US,Illinois,McDonough,97,15,0,40.45674722,-90.67775541,17109.0,326.797385620915,15.463917525773196,82,93,15,0,78,92,29955,4,0,0,4,1
2020-06-11,US,Illinois,McHenry,1788,84,0,42.32451172,-88.45248227,17111.0,580.9457589010117,4.697986577181208,1704,1776,84,0,1692,1752,308570,12,0,0,12,24
2020-06-11,US,Illinois,McLean,235,13,0,40.48996987,-88.84621113,17113.0,137.01265763743535,5.531914893617022,222,231,13,0,218,230,172828,4,0,0,4,1
2020-06-11,US,Illinois,Menard,22,0,0,40.02742725,-89.80246001,17129.0,180.38701213512627,0.0,22,22,0,0,22,22,12288,0,0,0,0,0
2020-06-11,US,Illinois,Mercer,18,0,0,41.20596782,-90.74290052,17131.0,116.60296689771327,0.0,18,18,0,0,18,18,15601,0,0,0,0,0
2020-06-11,US,Illinois,Monroe,105,12,0,38.27594376,-90.17761038,17133.0,303.1440367237348,11.428571428571427,93,105,12,0,93,105,34335,0,0,0,0,0
2020-06-11,US,Illinois,Montgomery,41,1,0,39.23198845,-89.47809254,17135.0,144.29506581262757,2.4390243902439024,40,41,1,0,40,41,28601,0,0,0,0,0
2020-06-11,US,Illinois,Morgan,100,1,0,39.71654544,-90.20255104,17137.0,297.1061857507873,1.0,99,56,1,0,55,55,33976,44,0,0,44,1
2020-06-11,US,Illinois,Moultrie,13,0,0,39.64187451,-88.62099969,17139.0,89.64898972484656,0.0,13,14,0,0,14,13,14717,-1,0,0,-1,1
2020-06-11,US,Illinois,Ogle,224,4,0,42.04165196,-89.32184679,17141.0,442.31186936002996,1.7857142857142858,220,224,4,0,220,224,50923,0,0,0,0,0
2020-06-11,US,Illinois,Out of IL,118,1,0,0.0,0.0,80017.0,0.0,0.8474576271186439,117,115,1,0,114,118,,3,0,0,3,-3
2020-06-11,US,Illinois,Peoria,354,17,0,40.78702156,-89.76078901,17143.0,197.56779533315844,4.8022598870056505,337,342,16,0,326,328,180621,12,1,0,11,14
2020-06-11,US,Illinois,Perry,43,0,0,38.08510853,-89.36856219,17145.0,205.58424172882005,0.0,43,43,0,0,43,42,21174,0,0,0,0,1
2020-06-11,US,Illinois,Piatt,11,0,0,40.01360584,-88.59319339,17147.0,67.30298580518844,0.0,11,11,0,0,11,11,16396,0,0,0,0,0
2020-06-11,US,Illinois,Pike,1,0,0,39.62265059,-90.8877017,17149.0,6.426322215795901,0.0,1,1,0,0,1,1,15611,0,0,0,0,0
2020-06-11,US,Illinois,Pope,1,0,0,37.41391284,-88.56152109,17151.0,23.94062724443381,0.0,1,1,0,0,1,1,4212,0,0,0,0,0
2020-06-11,US,Illinois,Pulaski,59,0,0,37.22631423,-89.13085001,17153.0,1105.904404873477,0.0,59,59,0,0,59,60,5463,0,0,0,0,-1
2020-06-11,US,Illinois,Putnam,1,0,0,41.2013541,-89.2869272,17155.0,17.424638438752392,0.0,1,1,0,0,1,1,5740,0,0,0,0,0
2020-06-11,US,Illinois,Randolph,276,7,0,38.05095369,-89.82512254,17157.0,868.4160845761752,2.5362318840579707,269,276,6,0,270,276,32106,0,1,0,-1,0
2020-06-11,US,Illinois,Richland,4,0,0,38.71240969,-88.08475366,17159.0,25.78482563011668,0.0,4,4,0,0,4,4,15763,0,0,0,0,0
2020-06-11,US,Illinois,Rock Island,728,28,0,41.46613806,-90.57042164,17161.0,513.1132866738559,3.8461538461538463,700,719,26,0,693,717,143477,9,2,0,7,2
2020-06-11,US,Illinois,Saline,7,0,0,37.75332999,-88.54119706,17165.0,29.798646290068536,0.0,7,7,0,0,7,7,23906,0,0,0,0,0
2020-06-11,US,Illinois,Sangamon,375,31,0,39.75836914,-89.65872023,17167.0,192.63170872030904,8.266666666666667,344,367,31,0,336,366,195348,8,0,0,8,1
2020-06-11,US,Illinois,Schuyler,13,0,0,40.1571798,-90.61114163,17169.0,192.08037825059105,0.0,13,13,0,0,13,13,6907,0,0,0,0,0
2020-06-11,US,Illinois,Shelby,16,1,0,39.39133527,-88.80611122,17173.0,73.95765924008505,6.25,15,16,1,0,15,16,21741,0,0,0,0,0
2020-06-11,US,Illinois,St. Clair,1368,107,0,38.46996033,-89.93063427,17163.0,526.7900464407014,7.821637426900585,1261,1354,105,0,1249,1340,261059,14,2,0,12,14
2020-06-11,US,Illinois,Stark,3,0,0,41.09309773,-89.79745866,17175.0,56.15874204417821,0.0,3,3,0,0,3,3,5427,0,0,0,0,0
2020-06-11,US,Illinois,Stephenson,223,5,0,42.35129217,-89.662598,17177.0,501.14611892669336,2.242152466367713,218,222,5,0,217,220,44753,1,0,0,1,2
2020-06-11,US,Illinois,Tazewell,82,6,0,40.50716185,-89.51404662,17179.0,62.2140618954045,7.317073170731707,76,82,6,0,76,82,132328,0,0,0,0,0
2020-06-11,US,Illinois,Unassigned,48,0,0,0.0,0.0,90017.0,0.0,0.0,48,53,0,0,53,76,,-5,0,0,-5,-23
2020-06-11,US,Illinois,Union,172,15,0,37.47119609,-89.25548938,17181.0,1032.8469344862788,8.720930232558139,157,172,15,0,157,170,16841,0,0,0,0,2
2020-06-11,US,Illinois,Vermilion,44,1,0,40.18417171,-87.73384359,17183.0,58.07967475382138,2.272727272727273,43,44,1,0,43,43,76806,0,0,0,0,1
2020-06-11,US,Illinois,Wabash,12,0,0,38.44272901,-87.84922065,17185.0,104.16666666666669,0.0,12,12,0,0,12,12,11549,0,0,0,0,0
2020-06-11,US,Illinois,Warren,127,0,0,40.84925021,-90.6147432,17187.0,753.9776775112799,0.0,127,127,0,0,127,127,17032,0,0,0,0,0
2020-06-11,US,Illinois,Washington,19,0,0,38.35309213,-89.40982703,17189.0,136.81860733059696,0.0,19,19,0,0,19,19,13995,0,0,0,0,0
2020-06-11,US,Illinois,Wayne,9,1,0,38.42955355,-88.42586459,17191.0,55.50416281221092,11.111111111111109,8,9,1,0,8,9,16332,0,0,0,0,0
2020-06-11,US,Illinois,White,2,0,0,38.08706198,-88.17657461,17193.0,14.774322227967794,0.0,2,2,0,0,2,2,13665,0,0,0,0,0
2020-06-11,US,Illinois,Whiteside,158,14,0,41.75509713,-89.91556058,17195.0,286.36157680108744,8.860759493670884,144,157,13,0,144,156,55626,1,1,0,0,1
2020-06-11,US,Illinois,Will,6051,297,0,41.44619267,-87.97862712,17197.0,876.0132205465709,4.908279623202778,5754,6011,295,0,5716,5961,692310,40,2,0,38,50
2020-06-11,US,Illinois,Williamson,81,3,0,37.73033511,-88.92994027,17199.0,121.62710031983423,3.703703703703704,78,81,3,0,78,81,67056,0,0,0,0,0
2020-06-11,US,Illinois,Winnebago,2652,77,0,42.33641854,-89.16085327,17201.0,938.5218634542699,2.903469079939668,2575,2627,74,0,2553,2602,284081,25,3,0,22,25
2020-06-11,US,Illinois,Woodford,22,2,0,40.78579374,-89.20973757,17203.0,57.20377544917965,9.090909090909092,20,22,2,0,20,22,38463,0,0,0,0,0
2020-06-11,US,Indiana,Adams,24,1,0,40.7457653,-84.93671406,18001.0,67.08220365038991,4.166666666666667,23,24,1,0,23,23,35636,0,0,0,0,1
2020-06-11,US,Indiana,Allen,2089,78,0,41.09194313,-85.06800636,18003.0,550.7528361530086,3.7338439444710385,2011,2014,77,0,1937,1956,375351,75,1,0,74,58
2020-06-11,US,Indiana,Bartholomew,542,40,0,39.20744865,-85.89558181,18005.0,646.9401640029124,7.380073800738008,502,540,40,0,500,539,82753,2,0,0,2,1
2020-06-11,US,Indiana,Benton,37,0,0,40.60626947,-87.31093999,18007.0,422.95381801554635,0.0,37,33,0,0,33,33,8653,4,0,0,4,0
2020-06-11,US,Indiana,Blackford,29,2,0,40.47388153,-85.32499702,18009.0,246.6405851335261,6.896551724137932,27,29,2,0,27,29,11930,0,0,0,0,0
2020-06-11,US,Indiana,Boone,347,36,0,40.0509304,-86.46841646,18011.0,511.47502321536484,10.374639769452449,311,339,36,0,303,337,66999,8,0,0,8,2
2020-06-11,US,Indiana,Brown,35,1,0,39.19605589,-86.22868909,18013.0,231.9109461966605,2.8571428571428568,34,35,1,0,34,35,15234,0,0,0,0,0
2020-06-11,US,Indiana,Carroll,97,2,0,40.580783200000006,-86.56198812,18015.0,478.84681838376855,2.061855670103093,95,96,2,0,94,95,20127,1,0,0,1,1
2020-06-11,US,Indiana,Cass,1592,9,0,40.76135835,-86.34830753,18017.0,4224.044150813234,0.5653266331658291,1583,1592,9,0,1583,1593,37955,0,0,0,0,-1
2020-06-11,US,Indiana,Clark,552,42,0,38.48015445,-85.70510334,18019.0,466.60242430390025,7.608695652173912,510,549,42,0,507,547,117360,3,0,0,3,2
2020-06-11,US,Indiana,Clay,56,3,0,39.39561833,-87.11723506,18021.0,213.53670162059106,5.357142857142857,53,56,3,0,53,55,26170,0,0,0,0,1
2020-06-11,US,Indiana,Clinton,251,1,0,40.30319754,-86.47277257,18023.0,774.7152689897838,0.398406374501992,250,249,1,0,248,250,32250,2,0,0,2,-1
2020-06-11,US,Indiana,Crawford,27,0,0,38.28814402,-86.44518825,18025.0,255.27087075730358,0.0,27,27,0,0,27,27,10558,0,0,0,0,0
2020-06-11,US,Indiana,Daviess,116,16,0,38.70186039,-87.07185406,18027.0,347.81565770141833,13.79310344827586,100,113,16,0,97,111,33147,3,0,0,3,2
2020-06-11,US,Indiana,DeKalb,94,2,0,41.39804622,-84.99906934,18033.0,216.21621621621625,2.127659574468085,92,84,1,0,83,79,43226,10,1,0,9,5
2020-06-11,US,Indiana,Dearborn,177,22,0,39.14647946,-84.97333539,18029.0,357.8794128351328,12.429378531073446,155,175,22,0,153,175,49568,2,0,0,2,0
2020-06-11,US,Indiana,Decatur,235,32,0,39.30712658,-85.50087166,18031.0,884.8224707255545,13.617021276595745,203,235,32,0,203,235,26794,0,0,0,0,0
2020-06-11,US,Indiana,Delaware,399,43,0,40.22787247,-85.39732772,18035.0,349.5860165593376,10.776942355889725,356,399,43,0,356,401,114772,0,0,0,0,-2
2020-06-11,US,Indiana,Dubois,233,4,0,38.36597551,-86.87924170000002,18037.0,545.2077873455635,1.7167381974248928,229,231,4,0,227,231,42565,2,0,0,2,0
2020-06-11,US,Indiana,Elkhart,1876,30,0,41.59761169,-85.85875695,18039.0,909.1746187136827,1.5991471215351811,1846,1832,29,0,1803,1800,205560,44,1,0,43,32
2020-06-11,US,Indiana,Fayette,80,7,0,39.63684962,-85.17797541,18041.0,346.2903644706086,8.75,73,80,7,0,73,80,23047,0,0,0,0,0
2020-06-11,US,Indiana,Floyd,332,42,0,38.32117957,-85.90385377,18043.0,422.811441379486,12.650602409638553,290,329,42,0,287,327,77781,3,0,0,3,2
2020-06-11,US,Indiana,Fountain,23,2,0,40.12361933,-87.24217689,18045.0,140.70720665606265,8.695652173913043,21,24,2,0,22,23,16351,-1,0,0,-1,1
2020-06-11,US,Indiana,Franklin,119,8,0,39.4142482,-85.06062647,18047.0,522.8930485982951,6.722689075630252,111,119,8,0,111,118,22736,0,0,0,0,1
2020-06-11,US,Indiana,Fulton,52,1,0,41.0469907,-86.26252745,18049.0,260.33843997196357,1.9230769230769231,51,51,1,0,50,51,20092,1,0,0,1,0
2020-06-11,US,Indiana,Gibson,22,2,0,38.30393723,-87.58054938,18051.0,65.36141893698564,9.090909090909092,20,21,2,0,19,21,33452,1,0,0,1,0
2020-06-11,US,Indiana,Grant,250,24,0,40.51587228,-85.65468702,18053.0,380.1182928127233,9.6,226,245,23,0,222,244,65936,5,1,0,4,1
2020-06-11,US,Indiana,Greene,177,28,0,39.03630547,-86.96223202,18055.0,554.4765365578596,15.819209039548022,149,177,28,0,149,175,32006,0,0,0,0,2
2020-06-11,US,Indiana,Hamilton,1245,95,0,40.07306535,-86.05244729,18057.0,368.33120815594765,7.630522088353413,1150,1242,95,0,1147,1221,330086,3,0,0,3,21
2020-06-11,US,Indiana,Hancock,367,28,0,39.82304555,-85.77566351,18059.0,469.5015863268857,7.629427792915531,339,367,28,0,339,367,76351,0,0,0,0,0
2020-06-11,US,Indiana,Harrison,198,22,0,38.19467379,-86.10948271,18061.0,488.70788596815987,11.111111111111109,176,198,22,0,176,198,40350,0,0,0,0,0
2020-06-11,US,Indiana,Hendricks,1246,86,0,39.76719009,-86.51037283,18063.0,731.6027737492,6.902086677367576,1160,1234,83,0,1151,1223,167009,12,3,0,9,11
2020-06-11,US,Indiana,Henry,200,13,0,39.93029017,-85.39625719,18065.0,416.90986408738434,6.5,187,192,13,0,179,190,48271,8,0,0,8,2
2020-06-11,US,Indiana,Howard,454,44,0,40.48527731,-86.11351892,18067.0,550.0096918007366,9.691629955947137,410,451,42,0,409,449,82366,3,2,0,1,2
2020-06-11,US,Indiana,Huntington,49,2,0,40.82907273,-85.48822092,18069.0,134.17305585980284,4.081632653061225,47,49,2,0,47,46,36240,0,0,0,0,3
2020-06-11,US,Indiana,Jackson,413,2,0,38.90915820000001,-86.03851889,18071.0,933.7342587777803,0.4842615012106538,411,407,2,0,405,406,44111,6,0,0,6,1
2020-06-11,US,Indiana,Jasper,81,1,0,41.02078733,-87.11553319,18073.0,241.3443775698707,1.2345679012345678,80,82,1,0,81,80,33370,-1,0,0,-1,2
2020-06-11,US,Indiana,Jay,60,0,0,40.43781032,-85.00576229,18075.0,293.5995302407516,0.0,60,59,0,0,59,59,20764,1,0,0,1,0
2020-06-11,US,Indiana,Jefferson,51,1,0,38.78576239,-85.43633383,18077.0,157.8556394701003,1.96078431372549,50,51,1,0,50,52,32208,0,0,0,0,-1
2020-06-11,US,Indiana,Jennings,136,4,0,38.99588883,-85.62710784,18079.0,490.35514692626646,2.9411764705882355,132,135,4,0,131,133,27611,1,0,0,1,2
2020-06-11,US,Indiana,Johnson,1157,114,0,39.48994426,-86.10149107,18081.0,731.5053076811218,9.853068280034572,1043,1155,114,0,1041,1143,156225,2,0,0,2,12
2020-06-11,US,Indiana,Knox,34,0,0,38.68861576,-87.4194665,18083.0,92.91140624146036,0.0,34,33,0,0,33,33,36895,1,0,0,1,0
2020-06-11,US,Indiana,Kosciusko,271,2,0,41.24521668,-85.86312322,18085.0,341.069271043093,0.7380073800738007,269,252,2,0,250,242,79344,19,0,0,19,10
2020-06-11,US,Indiana,LaGrange,219,3,0,41.64232188,-85.42674232,18087.0,552.8348563639116,1.3698630136986298,216,188,2,0,186,181,39330,31,1,0,30,7
2020-06-11,US,Indiana,LaPorte,465,24,0,41.54366008,-86.74072188,18091.0,423.158124635993,5.161290322580644,441,463,24,0,439,462,110007,2,0,0,2,1
2020-06-11,US,Indiana,Lake,4057,223,0,41.41874274,-87.38277575,18089.0,835.6454161028067,5.4966724180428885,3834,4033,219,0,3814,4005,484411,24,4,0,20,28
2020-06-11,US,Indiana,Lawrence,172,24,0,38.84112637,-86.48361629,18093.0,379.1051355521269,13.953488372093025,148,172,24,0,148,172,45668,0,0,0,0,0
2020-06-11,US,Indiana,Madison,610,61,0,40.16143691,-85.71964711,18095.0,470.7916245398205,10.0,549,606,61,0,545,605,129641,4,0,0,4,1
2020-06-11,US,Indiana,Marion,10492,643,0,39.78163624,-86.13826325,18097.0,1087.7250456674496,6.128478841021731,9849,10464,634,0,9830,10444,954670,28,9,0,19,20
2020-06-11,US,Indiana,Marshall,261,3,0,41.32467367,-86.26185087,18099.0,564.2267283496908,1.1494252873563218,258,247,2,0,245,230,46248,14,1,0,13,17
2020-06-11,US,Indiana,Martin,15,0,0,38.7099921,-86.80373186,18101.0,146.27011214041931,0.0,15,15,0,0,15,15,10217,0,0,0,0,0
2020-06-11,US,Indiana,Miami,153,1,0,40.76940965,-86.04525048,18103.0,430.79175582835904,0.6535947712418301,152,152,1,0,151,152,35567,1,0,0,1,0
2020-06-11,US,Indiana,Monroe,184,18,0,39.16130004,-86.52414358,18105.0,123.96332302551352,9.782608695652174,166,181,17,0,164,179,146917,3,1,0,2,2
2020-06-11,US,Indiana,Montgomery,260,19,0,40.04034823,-86.89335024,18107.0,678.1783087276333,7.3076923076923075,241,259,19,0,240,259,38346,1,0,0,1,0
2020-06-11,US,Indiana,Morgan,294,28,0,39.47899078,-86.44573375,18109.0,417.08635389918993,9.523809523809524,266,294,28,0,266,294,70116,0,0,0,0,0
2020-06-11,US,Indiana,Newton,86,10,0,40.95610449,-87.39635768,18111.0,614.9885583524027,11.627906976744184,76,82,10,0,72,81,14011,4,0,0,4,1
2020-06-11,US,Indiana,Noble,311,24,0,41.39672484,-85.41966713,18113.0,651.3907506702412,7.717041800643088,287,310,25,0,285,305,47532,1,-1,0,2,5
2020-06-11,US,Indiana,Ohio,13,0,0,38.955305,-84.96515993,18115.0,221.27659574468086,0.0,13,13,0,0,13,13,5844,0,0,0,0,0
2020-06-11,US,Indiana,Orange,132,23,0,38.54118920000001,-86.49523093,18117.0,671.8924972004478,17.424242424242426,109,132,23,0,109,132,19489,0,0,0,0,0
2020-06-11,US,Indiana,Owen,37,1,0,39.31145587,-86.83900724,18119.0,177.89316794076638,2.702702702702702,36,37,1,0,36,36,20845,0,0,0,0,1
2020-06-11,US,Indiana,Parke,19,0,0,39.77202286,-87.20375833,18121.0,112.18043337072682,0.0,19,19,0,0,19,19,16927,0,0,0,0,0
2020-06-11,US,Indiana,Perry,55,1,0,38.07809328,-86.63741946,18123.0,286.92159215399863,1.818181818181818,54,48,1,0,47,47,19102,7,0,0,7,1
2020-06-11,US,Indiana,Pike,6,0,0,38.40112197,-87.23574907,18125.0,48.43005892323836,0.0,6,6,0,0,6,6,12410,0,0,0,0,0
2020-06-11,US,Indiana,Porter,582,33,0,41.45986947,-87.06848888,18127.0,341.57134556808245,5.6701030927835046,549,576,33,0,543,575,169594,6,0,0,6,1
2020-06-11,US,Indiana,Posey,18,0,0,38.02097333,-87.86480429,18129.0,70.79089157195108,0.0,18,17,0,0,17,17,25540,1,0,0,1,0
2020-06-11,US,Indiana,Pulaski,52,1,0,41.04166107,-86.69890683,18131.0,420.95037642677886,1.9230769230769231,51,52,1,0,51,52,12469,0,0,0,0,0
2020-06-11,US,Indiana,Putnam,149,8,0,39.66437981,-86.84517605,18133.0,396.5296998083883,5.369127516778524,141,148,8,0,140,147,37779,1,0,0,1,1
2020-06-11,US,Indiana,Randolph,62,3,0,40.15734772,-85.01139319,18135.0,251.368335698358,4.838709677419356,59,57,3,0,54,57,24851,5,0,0,5,0
2020-06-11,US,Indiana,Ripley,109,6,0,39.10235626,-85.26212744,18137.0,384.832650755543,5.504587155963303,103,109,6,0,103,110,28523,0,0,0,0,-1
2020-06-11,US,Indiana,Rush,50,3,0,39.62002287,-85.4655599,18139.0,301.54996682950366,6.0,47,50,3,0,47,50,16663,0,0,0,0,0
2020-06-11,US,Indiana,Scott,140,3,0,38.68672078,-85.74627859,18143.0,586.4365601306915,2.142857142857143,137,132,3,0,129,131,23878,8,0,0,8,1
2020-06-11,US,Indiana,Shelby,406,22,0,39.52305623,-85.79158570000001,18145.0,907.688524223658,5.41871921182266,384,403,22,0,381,402,44593,3,0,0,3,1
2020-06-11,US,Indiana,Spencer,22,1,0,38.01519732,-87.0079644,18147.0,108.4973122256744,4.545454545454546,21,22,1,0,21,22,20327,0,0,0,0,0
2020-06-11,US,Indiana,St. Joseph,1481,45,0,41.61756781,-86.29040834,18141.0,544.8338275220177,3.038487508440243,1436,1453,44,0,1409,1437,270771,28,1,0,27,16
2020-06-11,US,Indiana,Starke,48,3,0,41.27890281,-86.64686895,18149.0,208.7410306588389,6.25,45,47,3,0,44,46,22935,1,0,0,1,1
2020-06-11,US,Indiana,Steuben,100,2,0,41.64423868,-85.00101094,18151.0,289.0674683471122,2.0,98,98,2,0,96,95,34586,2,0,0,2,3
2020-06-11,US,Indiana,Sullivan,41,1,0,39.08952258,-87.41414469,18153.0,198.36470075959167,2.4390243902439024,40,39,1,0,38,39,20690,2,0,0,2,0
2020-06-11,US,Indiana,Switzerland,21,0,0,38.82767338,-85.03022429,18155.0,195.33066691470557,0.0,21,21,0,0,21,21,10717,0,0,0,0,0
2020-06-11,US,Indiana,Tippecanoe,466,5,0,40.38872739,-86.89413959,18157.0,238.08064087630024,1.072961373390558,461,466,5,0,461,460,193048,0,0,0,0,6
2020-06-11,US,Indiana,Tipton,27,1,0,40.31123252,-86.05234925,18159.0,178.24135199366253,3.703703703703704,26,27,1,0,26,27,15128,0,0,0,0,0
2020-06-11,US,Indiana,Unassigned,0,182,0,0.0,0.0,90018.0,0.0,0.0,-182,0,182,0,-182,0,,0,0,0,0,0
2020-06-11,US,Indiana,Union,12,0,0,39.62550777,-84.92497066,18161.0,170.1162461015027,0.0,12,12,0,0,12,12,7037,0,0,0,0,0
2020-06-11,US,Indiana,Vanderburgh,316,4,0,38.02658833,-87.58763124,18163.0,174.15169935685117,1.2658227848101269,312,313,4,0,309,308,180974,3,0,0,3,5
2020-06-11,US,Indiana,Vermillion,10,0,0,39.8523352,-87.46160542,18165.0,64.5244547683572,0.0,10,10,0,0,10,10,15479,0,0,0,0,0
2020-06-11,US,Indiana,Vigo,198,8,0,39.42944561,-87.39169027,18167.0,184.98103477269757,4.040404040404041,190,197,8,0,189,197,107386,1,0,0,1,0
2020-06-11,US,Indiana,Wabash,88,2,0,40.84704239,-85.79328272,18169.0,283.9076009807717,2.272727272727273,86,87,2,0,85,86,31280,1,0,0,1,1
2020-06-11,US,Indiana,Warren,14,1,0,40.34728141,-87.35602659,18171.0,169.38898971566852,7.142857142857142,13,13,1,0,12,13,8263,1,0,0,1,0
2020-06-11,US,Indiana,Warrick,170,29,0,38.08922676,-87.2716085,18173.0,269.84983650274614,17.058823529411768,141,170,29,0,141,168,62567,0,0,0,0,2
2020-06-11,US,Indiana,Washington,56,1,0,38.60219804,-86.1049363,18175.0,199.74318733057495,1.7857142857142858,55,56,1,0,55,52,27943,0,0,0,0,4
2020-06-11,US,Indiana,Wayne,94,6,0,39.8633444,-85.01044989,18177.0,142.6750045534576,6.382978723404255,88,91,6,0,85,90,65936,3,0,0,3,1
2020-06-11,US,Indiana,Wells,47,0,0,40.72934187,-85.22132966,18179.0,166.1012157195363,0.0,47,45,0,0,45,43,28206,2,0,0,2,2
2020-06-11,US,Indiana,White,241,9,0,40.74911165,-86.86492015,18181.0,999.9170193344952,3.734439834024896,232,242,9,0,233,242,24133,-1,0,0,-1,0
2020-06-11,US,Indiana,Whitley,62,3,0,41.13863784,-85.50791236,18183.0,182.54622541514544,4.838709677419356,59,58,3,0,55,55,34074,4,0,0,4,3
2020-06-11,US,Iowa,Adair,10,0,0,41.33075609,-94.47105874,19001.0,139.82102908277406,0.0,10,10,0,0,10,9,7063,0,0,0,0,1
2020-06-11,US,Iowa,Adams,7,0,0,41.02903567,-94.69932645,19003.0,194.3364797334814,0.0,7,7,0,0,7,7,3645,0,0,0,0,0
2020-06-11,US,Iowa,Allamakee,121,4,0,43.28383218,-91.37860922,19005.0,884.050558924527,3.3057851239669422,117,121,4,0,117,120,13832,0,0,0,0,1
2020-06-11,US,Iowa,Appanoose,16,3,0,40.74324454,-92.86865906,19007.0,128.76227265411234,18.75,13,16,3,0,13,16,12437,0,0,0,0,0
2020-06-11,US,Iowa,Audubon,13,1,0,41.6844628,-94.90581859,19009.0,236.53566229985444,7.6923076923076925,12,13,1,0,12,13,5506,0,0,0,0,0
2020-06-11,US,Iowa,Benton,46,1,0,42.08011739,-92.06463573,19011.0,179.37219730941703,2.1739130434782608,45,46,1,0,45,46,25642,0,0,0,0,0
2020-06-11,US,Iowa,Black Hawk,1817,53,0,42.4704581,-92.30524729,19013.0,1384.6130399000212,2.9168959823885525,1764,1813,53,0,1760,1802,132408,4,0,0,4,11
2020-06-11,US,Iowa,Boone,81,0,0,42.03657094,-93.9313999,19015.0,308.75962491423337,0.0,81,79,0,0,79,78,26346,2,0,0,2,1
2020-06-11,US,Iowa,Bremer,74,6,0,42.77461496,-92.31795937,19017.0,295.26773601468363,8.108108108108109,68,74,6,0,68,74,24947,0,0,0,0,0
2020-06-11,US,Iowa,Buchanan,34,1,0,42.4709188,-91.83510825,19019.0,160.56670602125146,2.9411764705882355,33,34,1,0,33,34,21199,0,0,0,0,0
2020-06-11,US,Iowa,Buena Vista,1415,4,0,42.73545875,-95.15100162,19021.0,7212.02854230377,0.2826855123674912,1411,1343,4,0,1339,1257,19874,72,0,0,72,86
2020-06-11,US,Iowa,Butler,19,2,0,42.73172833,-92.79015971,19023.0,131.58806011496642,10.526315789473683,17,18,2,0,16,16,14539,1,0,0,1,2
2020-06-11,US,Iowa,Calhoun,17,0,0,42.38521079,-94.64046046,19025.0,175.83781547372777,0.0,17,16,0,0,16,14,9699,1,0,0,1,2
2020-06-11,US,Iowa,Carroll,20,1,0,42.03617207,-94.86032705,19027.0,99.18175055789736,5.0,19,17,1,0,16,17,20154,3,0,0,3,0
2020-06-11,US,Iowa,Cass,14,0,0,41.33149454,-94.92792482,19029.0,109.06824555936429,0.0,14,13,0,0,13,13,12930,1,0,0,1,0
2020-06-11,US,Iowa,Cedar,52,1,0,41.77233777,-91.13246684,19031.0,279.1646534600312,1.9230769230769231,51,52,1,0,51,52,18627,0,0,0,0,0
2020-06-11,US,Iowa,Cerro Gordo,39,1,0,43.08177563,-93.2612239,19033.0,91.87279151943464,2.5641025641025643,38,36,1,0,35,32,42647,3,0,0,3,4
2020-06-11,US,Iowa,Cherokee,54,0,0,42.73538914,-95.62389402,19035.0,480.64085447263017,0.0,54,51,0,0,51,48,11321,3,0,0,3,3
2020-06-11,US,Iowa,Chickasaw,15,0,0,43.06001295,-92.31773347,19037.0,125.70183524679459,0.0,15,15,0,0,15,15,11964,0,0,0,0,0
2020-06-11,US,Iowa,Clarke,85,1,0,41.02868181,-93.78499767,19039.0,904.7365620010643,1.1764705882352942,84,83,1,0,82,78,9423,2,0,0,2,5
2020-06-11,US,Iowa,Clay,50,0,0,43.08247182,-95.15096481,19041.0,312.1878121878122,0.0,50,38,0,0,38,36,16134,12,0,0,12,2
2020-06-11,US,Iowa,Clayton,35,3,0,42.84443388,-91.34133693,19043.0,199.44156362185882,8.571428571428571,32,34,3,0,31,34,17556,1,0,0,1,0
2020-06-11,US,Iowa,Clinton,67,1,0,41.89981633,-90.53275096,19045.0,144.30636024898232,1.492537313432836,66,67,1,0,66,67,46518,0,0,0,0,0
2020-06-11,US,Iowa,Crawford,592,2,0,42.03718237,-95.3819718,19047.0,3519.619500594529,0.33783783783783783,590,587,2,0,585,582,17158,5,0,0,5,5
2020-06-11,US,Iowa,Dallas,980,26,0,41.68560356,-94.04127625,19049.0,1048.655473874568,2.653061224489796,954,973,26,0,947,969,90180,7,0,0,7,4
2020-06-11,US,Iowa,Davis,31,1,0,40.74773536,-92.41005468,19051.0,344.4444444444445,3.2258064516129035,30,30,1,0,29,29,9017,1,0,0,1,1
2020-06-11,US,Iowa,Decatur,3,0,0,40.73742757,-93.78645949,19053.0,38.11944091486657,0.0,3,3,0,0,3,3,7890,0,0,0,0,0
2020-06-11,US,Iowa,Delaware,26,1,0,42.47104597,-91.3664492,19055.0,152.84227852565988,3.8461538461538463,25,25,1,0,24,20,17069,1,0,0,1,5
2020-06-11,US,Iowa,Des Moines,67,2,0,40.92012606,-91.18326592,19057.0,171.9403597916186,2.985074626865672,65,68,2,0,66,68,39138,-1,0,0,-1,0
2020-06-11,US,Iowa,Dickinson,101,0,0,43.37787725,-95.1510206,19059.0,585.2358326573184,0.0,101,84,0,0,84,63,17153,17,0,0,17,21
2020-06-11,US,Iowa,Dubuque,377,21,0,42.46815349,-90.88181925,19061.0,387.41766090164526,5.57029177718833,356,371,21,0,350,373,96854,6,0,0,6,-2
2020-06-11,US,Iowa,Emmet,34,0,0,43.37782951,-94.67858943,19063.0,369.244135534318,0.0,34,34,0,0,34,34,9253,0,0,0,0,0
2020-06-11,US,Iowa,Fayette,28,0,0,42.86271799,-91.8441231,19065.0,142.4936386768448,0.0,28,28,0,0,28,28,19660,0,0,0,0,0
2020-06-11,US,Iowa,Floyd,20,1,0,43.06000529999999,-92.78940097,19067.0,127.86088735455824,5.0,19,19,1,0,18,19,15761,1,0,0,1,0
2020-06-11,US,Iowa,Franklin,42,0,0,42.73270384,-93.26256925,19069.0,417.0804369414101,0.0,42,38,0,0,38,35,10124,4,0,0,4,3
2020-06-11,US,Iowa,Fremont,4,0,0,40.74542720000001,-95.60129045,19071.0,57.4712643678161,0.0,4,4,0,0,4,4,6993,0,0,0,0,0
2020-06-11,US,Iowa,Greene,16,0,0,42.03614551,-94.39658081,19073.0,180.01800180018,0.0,16,15,0,0,15,14,8981,1,0,0,1,1
2020-06-11,US,Iowa,Grundy,23,0,0,42.40183723,-92.78829551,19075.0,188.03139306736432,0.0,23,23,0,0,23,20,12304,0,0,0,0,3
2020-06-11,US,Iowa,Guthrie,55,3,0,41.68378965,-94.50111014,19077.0,514.5476658246796,5.454545454545454,52,55,3,0,52,55,10720,0,0,0,0,0
2020-06-11,US,Iowa,Hamilton,108,0,0,42.38382428,-93.70197703,19079.0,731.0634265213565,0.0,108,104,0,0,104,96,14952,4,0,0,4,8
2020-06-11,US,Iowa,Hancock,25,0,0,43.08178477,-93.73454884,19081.0,235.1834430856068,0.0,25,24,0,0,24,22,10712,1,0,0,1,2
2020-06-11,US,Iowa,Hardin,40,0,0,42.38353877,-93.23654611,19083.0,237.44509082274726,0.0,40,36,0,0,36,32,16868,4,0,0,4,4
2020-06-11,US,Iowa,Harrison,32,0,0,41.68330137,-95.81558439,19085.0,227.7742188056089,0.0,32,28,0,0,28,27,14134,4,0,0,4,1
2020-06-11,US,Iowa,Henry,73,2,0,40.98767962,-91.54436349,19087.0,365.8414353011928,2.7397260273972597,71,74,2,0,72,73,20067,-1,0,0,-1,1
2020-06-11,US,Iowa,Howard,12,0,0,43.35671042,-92.31702714,19089.0,131.03297663245252,0.0,12,12,0,0,12,12,9187,0,0,0,0,0
2020-06-11,US,Iowa,Humboldt,27,1,0,42.7764426,-94.20722537,19091.0,282.4858757062147,3.703703703703704,26,26,1,0,25,24,9547,1,0,0,1,2
2020-06-11,US,Iowa,Ida,17,0,0,42.38696136,-95.51355387,19093.0,247.8134110787172,0.0,17,15,0,0,15,15,6841,2,0,0,2,0
2020-06-11,US,Iowa,Iowa,34,0,0,41.68630265,-92.0643373,19095.0,210.08403361344537,0.0,34,35,0,0,35,33,16141,-1,0,0,-1,2
2020-06-11,US,Iowa,Jackson,14,0,0,42.17178824,-90.57354837,19097.0,72.02016564638099,0.0,14,14,0,0,14,14,19432,0,0,0,0,0
2020-06-11,US,Iowa,Jasper,278,17,0,41.68576082,-93.05567785,19099.0,747.6132849267177,6.115107913669065,261,276,17,0,259,274,37147,2,0,0,2,2
2020-06-11,US,Iowa,Jefferson,42,0,0,41.03192394,-91.94849466,19101.0,229.57092101667126,0.0,42,43,0,0,43,40,18381,-1,0,0,-1,3
2020-06-11,US,Iowa,Johnson,629,8,0,41.67169354,-91.58754744,19103.0,416.1704380044992,1.2718600953895072,621,633,8,0,625,630,151260,-4,0,0,-4,3
2020-06-11,US,Iowa,Jones,38,0,0,42.12118609,-91.13139641,19105.0,183.74353271118414,0.0,38,38,0,0,38,38,20744,0,0,0,0,0
2020-06-11,US,Iowa,Keokuk,16,0,0,41.33649833,-92.1785067,19107.0,156.15850087839158,0.0,16,15,0,0,15,15,10225,1,0,0,1,0
2020-06-11,US,Iowa,Kossuth,16,0,0,43.20405458,-94.20691791,19109.0,108.01323162087357,0.0,16,16,0,0,16,16,14908,0,0,0,0,0
2020-06-11,US,Iowa,Lee,37,1,0,40.64181461,-91.48183025,19111.0,109.93255489199869,2.702702702702702,36,36,1,0,35,34,34055,1,0,0,1,2
2020-06-11,US,Iowa,Linn,1007,80,0,42.07923082,-91.59809485,19113.0,444.187626264854,7.944389275074478,927,1005,80,0,925,1001,225909,2,0,0,2,4
2020-06-11,US,Iowa,Louisa,355,11,0,41.21842119,-91.26102611,19115.0,3217.036701404621,3.0985915492957745,344,354,11,0,343,351,11169,1,0,0,1,3
2020-06-11,US,Iowa,Lucas,22,2,0,41.02958964,-93.32780803,19117.0,255.81395348837208,9.090909090909092,20,22,2,0,20,22,8645,0,0,0,0,0
2020-06-11,US,Iowa,Lyon,26,0,0,43.38107862,-96.20926845,19119.0,221.18247554232238,0.0,26,26,0,0,26,26,11811,0,0,0,0,0
2020-06-11,US,Iowa,Madison,30,2,0,41.33081904,-94.01554631,19121.0,183.6210062431142,6.666666666666668,28,30,2,0,28,29,16249,0,0,0,0,1
2020-06-11,US,Iowa,Mahaska,107,14,0,41.33521503,-92.64083907,19123.0,484.2724598325413,13.08411214953271,93,104,14,0,90,103,22000,3,0,0,3,1
2020-06-11,US,Iowa,Marion,39,0,0,41.33445101,-93.09934783,19125.0,117.28265118936638,0.0,39,38,0,0,38,37,33407,1,0,0,1,1
2020-06-11,US,Iowa,Marshall,937,18,0,42.03586837,-92.9990819,19127.0,2380.045213238843,1.92102454642476,919,931,18,0,913,931,39981,6,0,0,6,0
2020-06-11,US,Iowa,Mills,22,0,0,41.03299766,-95.61920963,19129.0,145.60857766893903,0.0,22,21,0,0,21,21,15063,1,0,0,1,0
2020-06-11,US,Iowa,Mitchell,6,0,0,43.35638371,-92.78887719,19131.0,56.678632155677306,0.0,6,6,0,0,6,5,10569,0,0,0,0,1
2020-06-11,US,Iowa,Monona,29,0,0,42.05220391,-95.95743843,19133.0,336.62217063261755,0.0,29,29,0,0,29,27,8679,0,0,0,0,2
2020-06-11,US,Iowa,Monroe,46,6,0,41.02988815,-92.8690667,19135.0,596.8599974049565,13.043478260869565,40,45,6,0,39,45,7790,1,0,0,1,0
2020-06-11,US,Iowa,Montgomery,9,2,0,41.03018714,-95.15642896,19137.0,90.7532519915297,22.222222222222218,7,9,2,0,7,9,10003,0,0,0,0,0
2020-06-11,US,Iowa,Muscatine,569,43,0,41.48370744,-91.1121697,19139.0,1333.6771048190512,7.557117750439367,526,568,42,0,526,568,42929,1,1,0,0,0
2020-06-11,US,Iowa,O'Brien,61,1,0,43.08310673,-95.62474482,19141.0,443.5395913618847,1.639344262295082,60,60,1,0,59,55,13840,1,0,0,1,5
2020-06-11,US,Iowa,Osceola,49,0,0,43.37824276,-95.62422844,19143.0,822.4236320913056,0.0,49,41,0,0,41,41,6040,8,0,0,8,0
2020-06-11,US,Iowa,Page,16,0,0,40.7393172,-95.1497813,19145.0,105.9111670086715,0.0,16,16,0,0,16,16,15249,0,0,0,0,0
2020-06-11,US,Iowa,Palo Alto,12,0,0,43.08193849,-94.67824621,19147.0,135.0438892640108,0.0,12,9,0,0,9,9,8929,3,0,0,3,0
2020-06-11,US,Iowa,Plymouth,186,4,0,42.737633,-96.21366621,19149.0,738.7695118560591,2.150537634408602,182,173,4,0,169,172,25095,13,0,0,13,1
2020-06-11,US,Iowa,Pocahontas,29,0,0,42.73420133,-94.67862564,19151.0,438.13264843631964,0.0,29,29,0,0,29,21,6740,0,0,0,0,8
2020-06-11,US,Iowa,Polk,4969,155,0,41.68679484,-93.57767461,19153.0,1013.7485438457976,3.119339907426041,4814,4906,150,0,4756,4863,487204,63,5,0,58,43
2020-06-11,US,Iowa,Pottawattamie,454,10,0,41.33640314,-95.53907776,19155.0,487.0931055940605,2.202643171806167,444,438,10,0,428,385,93533,16,0,0,16,53
2020-06-11,US,Iowa,Poweshiek,95,8,0,41.68625425,-92.53155731,19157.0,513.4025075659317,8.421052631578947,87,94,8,0,86,94,18699,1,0,0,1,0
2020-06-11,US,Iowa,Ringgold,8,0,0,40.73518949,-94.24368535,19159.0,163.4654679199019,0.0,8,7,0,0,7,6,4968,1,0,0,1,1
2020-06-11,US,Iowa,Sac,36,0,0,42.38624071,-95.10547892,19161.0,370.33227034255736,0.0,36,34,0,0,34,34,9719,2,0,0,2,0
2020-06-11,US,Iowa,Scott,399,10,0,41.63935978,-90.61959493,19163.0,230.7118530382843,2.506265664160401,389,397,10,0,387,393,173283,2,0,0,2,4
2020-06-11,US,Iowa,Shelby,45,0,0,41.6850066,-95.31015553,19165.0,392.875851231011,0.0,45,42,0,0,42,40,11578,3,0,0,3,2
2020-06-11,US,Iowa,Sioux,341,0,0,43.08221074,-96.1767568,19167.0,978.3388323052645,0.0,341,332,0,0,332,323,34909,9,0,0,9,9
2020-06-11,US,Iowa,Story,187,2,0,42.03621213,-93.46499005,19169.0,192.55125261282782,1.0695187165775402,185,169,2,0,167,157,98105,18,0,0,18,12
2020-06-11,US,Iowa,Tama,419,29,0,42.07991767,-92.53266945,19171.0,2486.056722439777,6.921241050119332,390,419,29,0,390,417,16904,0,0,0,0,2
2020-06-11,US,Iowa,Taylor,70,0,0,40.73710579,-94.69778563,19173.0,1143.6039862767525,0.0,70,69,0,0,69,68,6191,1,0,0,1,1
2020-06-11,US,Iowa,Unassigned,8,0,0,0.0,0.0,90019.0,0.0,0.0,8,4,0,0,4,4,,4,0,0,4,0
2020-06-11,US,Iowa,Union,10,0,0,41.0277278,-94.24234847,19175.0,81.6926721673066,0.0,10,10,0,0,10,11,12359,0,0,0,0,-1
2020-06-11,US,Iowa,Van Buren,11,0,0,40.75326764,-91.95017958,19177.0,156.16127200454287,0.0,11,11,0,0,11,10,7020,0,0,0,0,1
2020-06-11,US,Iowa,Wapello,667,24,0,41.03064984,-92.40954728,19179.0,1907.4037004203726,3.5982008995502253,643,661,22,0,639,657,35205,6,2,0,4,4
2020-06-11,US,Iowa,Warren,187,1,0,41.33559454,-93.56007641,19181.0,363.34667547507087,0.5347593582887701,186,182,1,0,181,176,51056,5,0,0,5,6
2020-06-11,US,Iowa,Washington,205,9,0,41.33577126,-91.71725711,19183.0,933.3029820168449,4.390243902439025,196,206,9,0,197,202,22141,-1,0,0,-1,4
2020-06-11,US,Iowa,Wayne,4,0,0,40.73969028,-93.32752197,19185.0,62.10215804999225,0.0,4,3,0,0,3,3,6401,1,0,0,1,0
2020-06-11,US,Iowa,Webster,90,1,0,42.42853483,-94.17987389,19187.0,250.6684491978609,1.1111111111111112,89,88,1,0,87,87,36277,2,0,0,2,1
2020-06-11,US,Iowa,Winnebago,12,0,0,43.37751174,-93.73407298,19189.0,115.89723778249952,0.0,12,12,0,0,12,12,10518,0,0,0,0,0
2020-06-11,US,Iowa,Winneshiek,25,0,0,43.29094334,-91.84422722,19191.0,125.05627532389576,0.0,25,25,0,0,25,24,20029,0,0,0,0,1
2020-06-11,US,Iowa,Woodbury,2965,39,0,42.38979414,-96.0459439,19193.0,2875.653447389605,1.315345699831366,2926,2957,38,0,2919,2945,102539,8,1,0,7,12
2020-06-11,US,Iowa,Worth,4,0,0,43.37750768,-93.26087602,19195.0,54.19319875355643,0.0,4,3,0,0,3,3,7453,1,0,0,1,0
2020-06-11,US,Iowa,Wright,267,0,0,42.73305373,-93.73515113,19197.0,2125.4577296608827,0.0,267,263,0,0,263,245,12690,4,0,0,4,18
2020-06-11,US,Kansas,Allen,1,0,0,37.88582951,-95.30030847,20001.0,8.084727948904519,0.0,1,1,0,0,1,1,12444,0,0,0,0,0
2020-06-11,US,Kansas,Anderson,1,0,0,38.21413251,-95.29272815,20003.0,12.725884448969204,0.0,1,1,0,0,1,1,7878,0,0,0,0,0
2020-06-11,US,Kansas,Atchison,26,0,0,39.53185661,-95.30870026,20005.0,161.76196105269707,0.0,26,25,0,0,25,25,16193,1,0,0,1,0
2020-06-11,US,Kansas,Barber,1,0,0,37.2288586,-98.68460053,20007.0,22.588660492432798,0.0,1,1,0,0,1,1,4472,0,0,0,0,0
2020-06-11,US,Kansas,Barton,47,2,0,38.47889676,-98.75636726,20009.0,182.31894177431244,4.25531914893617,45,47,2,0,45,46,26111,0,0,0,0,1
2020-06-11,US,Kansas,Bourbon,8,1,0,37.85508555,-94.84865997,20011.0,55.04334663547544,12.5,7,8,1,0,7,8,14653,0,0,0,0,0
2020-06-11,US,Kansas,Brown,9,0,0,39.82652589,-95.56421698,20013.0,94.10288582183188,0.0,9,9,0,0,9,9,9598,0,0,0,0,0
2020-06-11,US,Kansas,Butler,37,0,0,37.78134351,-96.83878537,20015.0,55.2973352662492,0.0,37,37,0,0,37,37,66765,0,0,0,0,0
2020-06-11,US,Kansas,Chase,3,0,0,38.30292938,-96.59563862,20017.0,113.2930513595166,0.0,3,3,0,0,3,3,2629,0,0,0,0,0
2020-06-11,US,Kansas,Chautauqua,4,0,0,37.14994405,-96.2454192,20019.0,123.07692307692308,0.0,4,4,0,0,4,4,3309,0,0,0,0,0
2020-06-11,US,Kansas,Cherokee,16,0,0,37.16928494,-94.8462897,20021.0,80.24474647675409,0.0,16,11,0,0,11,11,20015,5,0,0,5,0
2020-06-11,US,Kansas,Cheyenne,2,0,0,39.78580976,-101.7318201,20023.0,75.27286413248024,0.0,2,2,0,0,2,2,2660,0,0,0,0,0
2020-06-11,US,Kansas,Clark,33,1,0,37.23577007,-99.81883015,20025.0,1654.964894684052,3.0303030303030303,32,33,1,0,32,33,2005,0,0,0,0,0
2020-06-11,US,Kansas,Clay,6,2,0,39.34948772,-97.16518128,20027.0,74.9812546863284,33.333333333333336,4,6,2,0,4,5,7997,0,0,0,0,1
2020-06-11,US,Kansas,Cloud,5,0,0,39.48028352,-97.64925343,20029.0,56.908718415661276,0.0,5,5,0,0,5,5,8729,0,0,0,0,0
2020-06-11,US,Kansas,Coffey,52,8,0,38.2365018,-95.73379515,20031.0,635.7745445653503,15.384615384615385,44,52,8,0,44,52,8233,0,0,0,0,0
2020-06-11,US,Kansas,Comanche,2,0,0,37.19114520000001,-99.27113247,20033.0,117.64705882352942,0.0,2,2,0,0,2,2,1748,0,0,0,0,0
2020-06-11,US,Kansas,Cowley,32,1,0,37.23781842,-96.83776647,20035.0,91.66953133952104,3.125,31,28,1,0,27,28,35218,4,0,0,4,0
2020-06-11,US,Kansas,Crawford,14,1,0,37.50675523,-94.85245778,20037.0,36.0657426966871,7.142857142857142,13,13,1,0,12,10,39019,1,0,0,1,3
2020-06-11,US,Kansas,Dickinson,6,1,0,38.86600962,-97.15532383,20041.0,32.492147730965016,16.666666666666668,5,6,0,0,6,5,18717,0,1,0,-1,1
2020-06-11,US,Kansas,Doniphan,20,0,0,39.79067154,-95.14056866,20043.0,263.1578947368421,0.0,20,20,0,0,20,20,7682,0,0,0,0,0
2020-06-11,US,Kansas,Douglas,78,0,0,38.88503636,-95.2925121,20045.0,63.79898412386818,0.0,78,76,0,0,76,74,121436,2,0,0,2,2
2020-06-11,US,Kansas,Edwards,5,0,0,37.88735543,-99.31263309,20047.0,178.69907076483204,0.0,5,5,0,0,5,5,2849,0,0,0,0,0
2020-06-11,US,Kansas,Ellis,12,0,0,38.91458712,-99.31751551,20051.0,42.027107484327395,0.0,12,12,0,0,12,10,28710,0,0,0,0,2
2020-06-11,US,Kansas,Ellsworth,3,0,0,38.69677695,-98.20462799,20053.0,49.164208456243855,0.0,3,3,0,0,3,2,6196,0,0,0,0,1
2020-06-11,US,Kansas,Finney,1537,10,0,38.04340344,-100.7381938,20055.0,4214.769517646091,0.6506180871828237,1527,1537,10,0,1527,1536,36611,0,0,0,0,1
2020-06-11,US,Kansas,Ford,1837,8,0,37.69200114,-99.88825298,20057.0,5464.172045569469,0.43549265106151336,1829,1837,8,0,1829,1840,33888,0,0,0,0,-3
2020-06-11,US,Kansas,Franklin,49,0,0,38.56443815,-95.28644341,20059.0,191.82586908863135,0.0,49,46,0,0,46,38,25631,3,0,0,3,8
2020-06-11,US,Kansas,Geary,29,1,0,38.99871131,-96.7577178,20061.0,91.56930849384277,3.4482758620689653,28,26,1,0,25,26,32594,3,0,0,3,0
2020-06-11,US,Kansas,Gove,1,0,0,38.91588178,-100.4829321,20063.0,37.93626707132018,0.0,1,1,0,0,1,1,2612,0,0,0,0,0
2020-06-11,US,Kansas,Grant,18,1,0,37.56227336,-101.3079758,20067.0,251.74825174825176,5.5555555555555545,17,18,1,0,17,18,7336,0,0,0,0,0
2020-06-11,US,Kansas,Gray,23,0,0,37.73836671,-100.4369088,20069.0,384.1015364061456,0.0,23,23,0,0,23,23,6033,0,0,0,0,0
2020-06-11,US,Kansas,Greenwood,10,0,0,37.8774388,-96.23250453,20073.0,167.16817118020728,0.0,10,10,0,0,10,9,6055,0,0,0,0,1
2020-06-11,US,Kansas,Hamilton,25,0,0,37.99978709,-101.7921066,20075.0,984.6396218983854,0.0,25,25,0,0,25,23,2607,0,0,0,0,2
2020-06-11,US,Kansas,Harper,2,0,0,37.19175361,-98.07578384,20077.0,36.79175864606328,0.0,2,2,0,0,2,2,5506,0,0,0,0,0
2020-06-11,US,Kansas,Harvey,12,0,0,38.04293782,-97.42747573,20079.0,34.854337912806066,0.0,12,11,0,0,11,11,34210,1,0,0,1,0
2020-06-11,US,Kansas,Haskell,22,0,0,37.5620394,-100.8710738,20081.0,554.4354838709677,0.0,22,22,0,0,22,22,3997,0,0,0,0,0
2020-06-11,US,Kansas,Hodgeman,5,0,0,38.08780079,-99.89829881,20083.0,278.70680044593087,0.0,5,5,0,0,5,6,1818,0,0,0,0,-1
2020-06-11,US,Kansas,Jackson,102,1,0,39.41673394,-95.79356799,20085.0,774.4286690456305,0.9803921568627452,101,102,1,0,101,102,13280,0,0,0,0,0
2020-06-11,US,Kansas,Jefferson,23,0,0,39.2347941,-95.38289232,20087.0,120.77928897757708,0.0,23,23,0,0,23,23,18975,0,0,0,0,0
2020-06-11,US,Kansas,Jewell,4,0,0,39.78470589,-98.21820662,20089.0,138.9371309482459,0.0,4,4,0,0,4,4,2841,0,0,0,0,0
2020-06-11,US,Kansas,Johnson,992,71,0,38.88548175,-94.82250877,20091.0,164.6743614303429,7.15725806451613,921,972,71,0,901,959,597555,20,0,0,20,13
2020-06-11,US,Kansas,Kearny,46,1,0,38.00017981,-101.321681,20093.0,1198.540906722251,2.1739130434782608,45,46,1,0,45,46,3943,0,0,0,0,0
2020-06-11,US,Kansas,Kiowa,3,0,0,37.55848695,-99.2856537,20097.0,121.21212121212122,0.0,3,3,0,0,3,3,2516,0,0,0,0,0
2020-06-11,US,Kansas,Labette,27,0,0,37.19113093,-95.29849679,20099.0,137.62870832908553,0.0,27,27,0,0,27,26,19964,0,0,0,0,1
2020-06-11,US,Kansas,Lane,4,0,0,38.48119447,-100.4660754,20101.0,260.58631921824104,0.0,4,4,0,0,4,4,1560,0,0,0,0,0
2020-06-11,US,Kansas,Leavenworth,1105,7,0,39.20183497,-95.03620809,20103.0,1351.5496954426478,0.6334841628959276,1098,1103,7,0,1096,1103,81352,2,0,0,2,0
2020-06-11,US,Kansas,Linn,11,0,0,38.21267844,-94.84254089,20107.0,113.36699989693909,0.0,11,11,0,0,11,11,9750,0,0,0,0,0
2020-06-11,US,Kansas,Lyon,405,6,0,38.45576156,-96.15275715,20111.0,1220.063262539539,1.4814814814814814,399,401,6,0,395,400,33406,4,0,0,4,1
2020-06-11,US,Kansas,Marion,5,1,0,38.35855394,-97.0985251,20115.0,42.07337596768765,20.0,4,5,1,0,4,5,11950,0,0,0,0,0
2020-06-11,US,Kansas,McPherson,38,0,0,38.39184858,-97.64769869,20113.0,133.1371312451825,0.0,38,38,0,0,38,38,28537,0,0,0,0,0
2020-06-11,US,Kansas,Meade,30,0,0,37.23859987,-100.364831,20119.0,743.86312918423,0.0,30,30,0,0,30,30,4146,0,0,0,0,0
2020-06-11,US,Kansas,Miami,10,0,0,38.56383358,-94.83832189,20121.0,29.208166603382306,0.0,10,10,0,0,10,7,33680,0,0,0,0,3
2020-06-11,US,Kansas,Mitchell,4,0,0,39.39331582,-98.20906732,20123.0,66.9008195350393,0.0,4,4,0,0,4,4,6150,0,0,0,0,0
2020-06-11,US,Kansas,Montgomery,22,3,0,37.19236568,-95.74329258,20125.0,69.11935656162619,13.636363636363635,19,20,2,0,18,20,32120,2,1,0,1,0
2020-06-11,US,Kansas,Morris,5,0,0,38.68827511,-96.65128437,20127.0,88.96797153024912,0.0,5,5,0,0,5,5,5521,0,0,0,0,0
2020-06-11,US,Kansas,Morton,6,1,0,37.19141121,-101.79925190000002,20129.0,231.92887514495555,16.666666666666668,5,6,1,0,5,6,2667,0,0,0,0,0
2020-06-11,US,Kansas,Nemaha,20,0,0,39.78345387,-96.01392079,20131.0,195.4843123839312,0.0,20,19,0,0,19,19,10155,1,0,0,1,0
2020-06-11,US,Kansas,Neosho,4,0,0,37.55862897,-95.30670046,20133.0,24.989067283063655,0.0,4,4,0,0,4,3,15951,0,0,0,0,1
2020-06-11,US,Kansas,Ness,4,0,0,38.47974157,-99.91547333,20135.0,145.45454545454547,0.0,4,4,0,0,4,4,2840,0,0,0,0,0
2020-06-11,US,Kansas,Norton,3,0,0,39.78443827,-99.90286639,20137.0,55.95970900951315,0.0,3,3,0,0,3,2,5430,0,0,0,0,1
2020-06-11,US,Kansas,Osage,10,0,0,38.65235984,-95.72707998,20139.0,62.699855790331675,0.0,10,10,0,0,10,9,15941,0,0,0,0,1
2020-06-11,US,Kansas,Osborne,2,0,0,39.3503437,-98.76753828,20141.0,58.46243788365975,0.0,2,2,0,0,2,2,3475,0,0,0,0,0
2020-06-11,US,Kansas,Ottawa,4,0,0,39.13237408,-97.65020313,20143.0,70.12622720897616,0.0,4,4,0,0,4,4,5802,0,0,0,0,0
2020-06-11,US,Kansas,Pawnee,3,0,0,38.18108732,-99.23692334,20145.0,46.772684752104766,0.0,3,3,0,0,3,4,6562,0,0,0,0,-1
2020-06-11,US,Kansas,Phillips,2,0,0,39.78465501,-99.34668865,20147.0,38.211692777990066,0.0,2,2,0,0,2,2,5317,0,0,0,0,0
2020-06-11,US,Kansas,Pottawatomie,29,0,0,39.37925655,-96.34564657,20149.0,118.93532379116596,0.0,29,29,0,0,29,27,24277,0,0,0,0,2
2020-06-11,US,Kansas,Pratt,2,0,0,37.64780729,-98.73922153,20151.0,21.824530772588393,0.0,2,2,0,0,2,2,9378,0,0,0,0,0
2020-06-11,US,Kansas,Reno,47,0,0,37.95230263,-98.08607292,20155.0,75.80889706119552,0.0,47,47,0,0,47,46,62342,0,0,0,0,1
2020-06-11,US,Kansas,Republic,4,0,0,39.82799632,-97.65036709,20157.0,86.28127696289906,0.0,4,4,0,0,4,4,4664,0,0,0,0,0
2020-06-11,US,Kansas,Rice,4,0,0,38.34616184,-98.19992118,20159.0,41.94191045402118,0.0,4,4,0,0,4,4,9531,0,0,0,0,0
2020-06-11,US,Kansas,Riley,71,3,0,39.28935726,-96.73420026,20161.0,95.64608255199914,4.225352112676056,68,71,3,0,68,71,73703,0,0,0,0,0
2020-06-11,US,Kansas,Rooks,6,0,0,39.35022773,-99.32484567,20163.0,121.95121951219512,0.0,6,6,0,0,6,6,5013,0,0,0,0,0
2020-06-11,US,Kansas,Saline,27,2,0,38.78369175,-97.65185177,20169.0,49.793449395101796,7.407407407407407,25,27,2,0,25,26,54401,0,0,0,0,1
2020-06-11,US,Kansas,Scott,15,0,0,38.48222076,-100.9066539,20171.0,311.0097449720091,0.0,15,15,0,0,15,15,4897,0,0,0,0,0
2020-06-11,US,Kansas,Sedgwick,717,23,0,37.6842718,-97.4608198,20173.0,138.94217912495495,3.207810320781032,694,710,22,0,688,689,513607,7,1,0,6,21
2020-06-11,US,Kansas,Seward,917,2,0,37.19324632,-100.8507201,20175.0,4279.447451932051,0.21810250817884405,915,917,2,0,915,904,21780,0,0,0,0,13
2020-06-11,US,Kansas,Shawnee,420,8,0,39.04100763,-95.7557264,20177.0,237.4558303886926,1.9047619047619049,412,409,8,0,401,394,177499,11,0,0,11,15
2020-06-11,US,Kansas,Sheridan,2,0,0,39.35018161,-100.4418259,20179.0,79.33359777865927,0.0,2,2,0,0,2,2,2533,0,0,0,0,0
2020-06-11,US,Kansas,Sherman,7,0,0,39.35147699,-101.7197624,20181.0,118.30319418624303,0.0,7,7,0,0,7,7,5899,0,0,0,0,0
2020-06-11,US,Kansas,Smith,2,0,0,39.78516566,-98.78566062,20183.0,55.81914596706671,0.0,2,2,0,0,2,2,3603,0,0,0,0,0
2020-06-11,US,Kansas,Stafford,1,0,0,38.03100851,-98.71762001,20185.0,24.06159769008662,0.0,1,1,0,0,1,1,4178,0,0,0,0,0
2020-06-11,US,Kansas,Stanton,9,0,0,37.56304714,-101.7843534,20187.0,448.65403788634103,0.0,9,9,0,0,9,9,1987,0,0,0,0,0
2020-06-11,US,Kansas,Stevens,31,0,0,37.1923008,-101.3118967,20189.0,565.1777575205105,0.0,31,31,0,0,31,30,5559,0,0,0,0,1
2020-06-11,US,Kansas,Sumner,10,1,0,37.23682549,-97.47721621,20191.0,43.790506218251885,10.0,9,10,1,0,9,9,22996,0,0,0,0,1
2020-06-11,US,Kansas,Trego,1,0,0,38.91467218,-99.87284448,20195.0,35.676061362825536,0.0,1,1,0,0,1,1,2793,0,0,0,0,0
2020-06-11,US,Kansas,Wabaunsee,31,0,0,38.95471985,-96.20350509,20197.0,447.2659067955562,0.0,31,31,0,0,31,31,6899,0,0,0,0,0
2020-06-11,US,Kansas,Washington,1,0,0,39.78420784,-97.0875323,20201.0,18.49796522382538,0.0,1,1,0,0,1,1,5420,0,0,0,0,0
2020-06-11,US,Kansas,Wilson,1,0,0,37.55937174,-95.74323255,20205.0,11.730205278592374,0.0,1,1,0,0,1,1,8665,0,0,0,0,0
2020-06-11,US,Kansas,Woodson,6,0,0,37.8865336,-95.74006277,20207.0,191.20458891013385,0.0,6,6,0,0,6,6,3183,0,0,0,0,0
2020-06-11,US,Kansas,Wyandotte,1575,76,0,39.11727348,-94.76378225,20209.0,952.0700723573254,4.825396825396825,1499,1569,76,0,1493,1522,165324,6,0,0,6,47
2020-06-11,US,Kentucky,Adair,101,19,0,37.10459774,-85.28129668,21001.0,525.9868763670449,18.811881188118807,82,101,19,0,82,100,19215,0,0,0,0,1
2020-06-11,US,Kentucky,Allen,123,3,0,36.75197631,-86.19457544,21003.0,577.0584095707247,2.4390243902439024,120,120,3,0,117,116,21122,3,0,0,3,4
2020-06-11,US,Kentucky,Anderson,25,1,0,38.00671029,-84.99171713,21005.0,109.90460280476546,4.0,24,25,1,0,24,25,22663,0,0,0,0,0
2020-06-11,US,Kentucky,Ballard,13,0,0,37.05842757,-88.99427697,21007.0,164.80730223123732,0.0,13,13,0,0,13,13,7979,0,0,0,0,0
2020-06-11,US,Kentucky,Barren,59,2,0,36.96469836,-85.93338945,21009.0,133.33634658410358,3.3898305084745757,57,59,2,0,57,56,44176,0,0,0,0,3
2020-06-11,US,Kentucky,Bath,9,1,0,38.14735938,-83.74588932,21011.0,72.0,11.111111111111109,8,9,1,0,8,9,12383,0,0,0,0,0
2020-06-11,US,Kentucky,Bell,3,0,0,36.73355174,-83.67766671,21013.0,11.524277811923788,0.0,3,3,0,0,3,3,26569,0,0,0,0,0
2020-06-11,US,Kentucky,Boone,535,21,0,38.97065142,-84.72615357,21015.0,400.506059993562,3.925233644859813,514,532,18,0,514,527,131533,3,3,0,0,5
2020-06-11,US,Kentucky,Bourbon,21,1,0,38.2054607,-84.21827874,21017.0,106.12492419648271,4.761904761904762,20,21,1,0,20,19,20184,0,0,0,0,2
2020-06-11,US,Kentucky,Boyd,43,3,0,38.36176608,-82.68652187,21019.0,92.04161137034977,6.9767441860465125,40,43,3,0,40,43,47240,0,0,0,0,0
2020-06-11,US,Kentucky,Boyle,28,0,0,37.62680923,-84.8633779,21021.0,93.14703925482368,0.0,28,28,0,0,28,28,30100,0,0,0,0,0
2020-06-11,US,Kentucky,Bracken,14,0,0,38.69158994,-84.08532444,21023.0,168.61375406479587,0.0,14,14,0,0,14,14,8239,0,0,0,0,0
2020-06-11,US,Kentucky,Breathitt,3,0,0,37.52333168,-83.31959161,21025.0,23.752969121140147,0.0,3,3,0,0,3,3,12726,0,0,0,0,0
2020-06-11,US,Kentucky,Breckinridge,20,2,0,37.77377239,-86.42885017,21027.0,97.67055721052887,10.0,18,19,2,0,17,19,20388,1,0,0,1,0
2020-06-11,US,Kentucky,Bullitt,127,4,0,37.97162523,-85.68955617,21029.0,155.49243351780206,3.1496062992125986,123,127,4,0,123,124,81069,0,0,0,0,3
2020-06-11,US,Kentucky,Butler,240,13,0,37.20946153,-86.68748787,21031.0,1863.4987188446307,5.416666666666668,227,240,13,0,227,239,12772,0,0,0,0,1
2020-06-11,US,Kentucky,Caldwell,12,0,0,37.14749129,-87.86948214,21033.0,94.13979759943516,0.0,12,12,0,0,12,12,12715,0,0,0,0,0
2020-06-11,US,Kentucky,Calloway,57,1,0,36.62093411,-88.2731593,21035.0,146.15009871541756,1.7543859649122806,56,56,1,0,55,56,39135,1,0,0,1,0
2020-06-11,US,Kentucky,Campbell,201,12,0,38.94384345,-84.37875208,21037.0,214.7803043255257,5.970149253731344,189,198,12,0,186,197,93152,3,0,0,3,1
2020-06-11,US,Kentucky,Carlisle,5,1,0,36.85372876,-88.96692220000001,21039.0,105.04201680672269,20.0,4,5,1,0,4,5,4771,0,0,0,0,0
2020-06-11,US,Kentucky,Carroll,16,0,0,38.66599534,-85.12601074,21041.0,150.50324522622518,0.0,16,16,0,0,16,16,10737,0,0,0,0,0
2020-06-11,US,Kentucky,Carter,17,0,0,38.31690743,-83.05092385,21043.0,63.4399373064149,0.0,17,17,0,0,17,17,27004,0,0,0,0,0
2020-06-11,US,Kentucky,Casey,9,0,0,37.32533118,-84.92726209,21045.0,55.69651587350703,0.0,9,8,0,0,8,8,15888,1,0,0,1,0
2020-06-11,US,Kentucky,Christian,136,3,0,36.89267803,-87.49055367,21047.0,193.01457543889526,2.2058823529411766,133,136,3,0,133,131,71671,0,0,0,0,5
2020-06-11,US,Kentucky,Clark,63,0,0,37.9689263,-84.14615986,21049.0,173.73079998896947,0.0,63,62,0,0,62,60,36249,1,0,0,1,2
2020-06-11,US,Kentucky,Clay,12,2,0,37.16451126,-83.712575,21051.0,60.298477463444044,16.666666666666668,10,12,2,0,10,10,20105,0,0,0,0,2
2020-06-11,US,Kentucky,Clinton,5,0,0,36.72581156,-85.13377529,21053.0,48.933255040125275,0.0,5,5,0,0,5,5,10206,0,0,0,0,0
2020-06-11,US,Kentucky,Crittenden,7,1,0,37.35839237,-88.08826090000002,21055.0,79.4912559618442,14.285714285714285,6,7,1,0,6,7,8915,0,0,0,0,0
2020-06-11,US,Kentucky,Cumberland,5,0,0,36.78926125,-85.39050034,21057.0,75.59721802237678,0.0,5,5,0,0,5,5,6659,0,0,0,0,0
2020-06-11,US,Kentucky,Daviess,347,8,0,37.73028906,-87.09019479999998,21059.0,341.83487503817315,2.3054755043227666,339,343,8,0,335,341,101104,4,0,0,4,2
2020-06-11,US,Kentucky,Edmonson,63,11,0,37.21218923,-86.23955613,21061.0,518.5185185185185,17.460317460317462,52,63,11,0,52,62,12274,0,0,0,0,1
2020-06-11,US,Kentucky,Elliott,1,0,0,38.11624059,-83.09771563,21063.0,13.303179459890915,0.0,1,1,0,0,1,1,7508,0,0,0,0,0
2020-06-11,US,Kentucky,Estill,2,0,0,37.69241417,-83.95956369,21065.0,14.178363816815539,0.0,2,1,0,0,1,1,14198,1,0,0,1,0
2020-06-11,US,Kentucky,Fayette,970,15,0,38.0368225,-84.45576892,21067.0,300.16834183294554,1.5463917525773196,955,956,14,0,942,920,323780,14,1,0,13,36
2020-06-11,US,Kentucky,Fleming,2,0,0,38.36758311,-83.69657514,21069.0,13.716480351141893,0.0,2,2,0,0,2,2,14432,0,0,0,0,0
2020-06-11,US,Kentucky,Floyd,17,0,0,37.56213922,-82.74750924,21071.0,47.767568630756685,0.0,17,17,0,0,17,17,35845,0,0,0,0,0
2020-06-11,US,Kentucky,Franklin,88,2,0,38.2379395,-84.87962551,21073.0,172.5794748092801,2.272727272727273,86,88,2,0,86,84,50815,0,0,0,0,4
2020-06-11,US,Kentucky,Fulton,12,0,0,36.55238827,-89.20140068,21075.0,201.03869994974036,0.0,12,12,0,0,12,12,6120,0,0,0,0,0
2020-06-11,US,Kentucky,Gallatin,51,7,0,38.75398691,-84.8558382,21077.0,575.036644492051,13.725490196078429,44,51,6,0,45,49,8832,0,1,0,-1,2
2020-06-11,US,Kentucky,Garrard,9,0,0,37.6388668,-84.53289319,21079.0,50.945318691271375,0.0,9,6,0,0,6,6,17560,3,0,0,3,0
2020-06-11,US,Kentucky,Grant,51,4,0,38.64962758,-84.62415957,21081.0,203.4385097131916,7.84313725490196,47,51,4,0,47,51,25121,0,0,0,0,0
2020-06-11,US,Kentucky,Graves,167,20,0,36.72292505,-88.65143315,21083.0,448.12966242687696,11.976047904191615,147,167,20,0,147,167,37317,0,0,0,0,0
2020-06-11,US,Kentucky,Grayson,135,10,0,37.46231118,-86.34248968,21085.0,510.8411851515496,7.407407407407407,125,135,10,0,125,135,26321,0,0,0,0,0
2020-06-11,US,Kentucky,Green,2,0,0,37.26484328,-85.5540745,21087.0,18.279864729001005,0.0,2,2,0,0,2,2,11049,0,0,0,0,0
2020-06-11,US,Kentucky,Greenup,14,0,0,38.54332505,-82.9215658,21089.0,39.88831272437176,0.0,14,14,0,0,14,14,35268,0,0,0,0,0
2020-06-11,US,Kentucky,Hancock,7,0,0,37.83766422,-86.78280584,21091.0,80.25682182985555,0.0,7,7,0,0,7,7,8758,0,0,0,0,0
2020-06-11,US,Kentucky,Hardin,127,4,0,37.6976111,-85.96319251,21093.0,114.4577227419384,3.1496062992125986,123,125,4,0,121,122,110356,2,0,0,2,3
2020-06-11,US,Kentucky,Harlan,8,0,0,36.85699301,-83.21899516,21095.0,30.75740099961553,0.0,8,8,0,0,8,8,26409,0,0,0,0,0
2020-06-11,US,Kentucky,Harrison,32,0,0,38.44188174,-84.32869741,21097.0,169.43767870380174,0.0,32,31,0,0,31,28,18778,1,0,0,1,3
2020-06-11,US,Kentucky,Hart,26,0,0,37.29943898,-85.88461055,21099.0,136.59049120042027,0.0,26,26,0,0,26,27,18906,0,0,0,0,-1
2020-06-11,US,Kentucky,Henderson,121,3,0,37.79344553,-87.57392021,21101.0,267.639902676399,2.479338842975207,118,120,3,0,117,119,45591,1,0,0,1,1
2020-06-11,US,Kentucky,Henry,24,1,0,38.44942688,-85.11587507,21103.0,148.82797966017608,4.166666666666667,23,24,1,0,23,24,16106,0,0,0,0,0
2020-06-11,US,Kentucky,Hickman,5,0,0,36.67948079999999,-88.97875928,21105.0,114.15525114155253,0.0,5,5,0,0,5,5,4421,0,0,0,0,0
2020-06-11,US,Kentucky,Hopkins,225,31,0,37.30939025,-87.54670406,21107.0,503.51340464575037,13.777777777777779,194,225,31,0,194,224,45068,0,0,0,0,1
2020-06-11,US,Kentucky,Jackson,62,13,0,37.41866422,-83.99825483,21109.0,465.15117413159277,20.967741935483872,49,61,13,0,48,61,13442,1,0,0,1,0
2020-06-11,US,Kentucky,Jefferson,3229,172,0,38.18664655,-85.65931031,21111.0,421.1242936158392,5.3267265407246835,3057,3226,170,0,3056,3186,770517,3,2,0,1,40
2020-06-11,US,Kentucky,Jessamine,79,0,0,37.87119786,-84.58252003,21113.0,145.98540145985402,0.0,79,80,0,0,80,74,53920,-1,0,0,-1,6
2020-06-11,US,Kentucky,Johnson,5,0,0,37.85106355,-82.8264322,21115.0,22.534703443302693,0.0,5,5,0,0,5,5,22386,0,0,0,0,0
2020-06-11,US,Kentucky,Kenton,683,36,0,38.93950319,-84.53241199,21117.0,408.98693397525716,5.270863836017568,647,681,34,0,647,680,166051,2,2,0,0,1
2020-06-11,US,Kentucky,Knott,4,0,0,37.35388197,-82.94981134,21119.0,27.016074564365802,0.0,4,4,0,0,4,4,15126,0,0,0,0,0
2020-06-11,US,Kentucky,Knox,10,0,0,36.89225732,-83.85403396,21121.0,32.10788248515011,0.0,10,10,0,0,10,10,31304,0,0,0,0,0
2020-06-11,US,Kentucky,Larue,11,1,0,37.54567114,-85.70138352,21123.0,76.3994999305459,9.090909090909092,10,11,1,0,10,11,14307,0,0,0,0,0
2020-06-11,US,Kentucky,Laurel,22,2,0,37.10975748,-84.11321779,21125.0,36.17647542466249,9.090909090909092,20,22,2,0,20,22,60669,0,0,0,0,0
2020-06-11,US,Kentucky,Lawrence,5,0,0,38.07136018,-82.72882223,21127.0,32.64346804204479,0.0,5,5,0,0,5,5,15571,0,0,0,0,0
2020-06-11,US,Kentucky,Lee,1,0,0,37.59645942,-83.71513901,21129.0,13.508037282182901,0.0,1,1,0,0,1,1,7033,0,0,0,0,0
2020-06-11,US,Kentucky,Leslie,6,0,0,37.09246661,-83.37999606,21131.0,60.74719044244203,0.0,6,6,0,0,6,6,10143,0,0,0,0,0
2020-06-11,US,Kentucky,Letcher,3,0,0,37.12306748,-82.85346474,21133.0,13.919175984781699,0.0,3,3,0,0,3,3,21899,0,0,0,0,0
2020-06-11,US,Kentucky,Lewis,8,0,0,38.53184419,-83.37735618,21135.0,60.263653483992464,0.0,8,8,0,0,8,7,13257,0,0,0,0,1
2020-06-11,US,Kentucky,Lincoln,14,1,0,37.45475628,-84.6565327,21137.0,57.0287995437696,7.142857142857142,13,14,1,0,13,14,24644,0,0,0,0,0
2020-06-11,US,Kentucky,Livingston,9,0,0,37.21137452,-88.34797529,21139.0,97.88992821405265,0.0,9,9,0,0,9,9,9242,0,0,0,0,0
2020-06-11,US,Kentucky,Logan,178,8,0,36.85949479,-86.877635,21141.0,656.7780975573759,4.49438202247191,170,176,8,0,168,173,26989,2,0,0,2,3
2020-06-11,US,Kentucky,Lyon,17,3,0,37.02080035,-88.07886257,21143.0,207.06455542021928,17.647058823529417,14,17,3,0,14,17,8009,0,0,0,0,0
2020-06-11,US,Kentucky,Madison,71,1,0,37.71659336,-84.27220275,21151.0,76.35475926742448,1.4084507042253518,70,70,1,0,69,70,92368,1,0,0,1,0
2020-06-11,US,Kentucky,Magoffin,2,0,0,37.70820545,-83.0657714,21153.0,16.446015952635474,0.0,2,2,0,0,2,2,12362,0,0,0,0,0
2020-06-11,US,Kentucky,Marion,38,0,0,37.55218078,-85.26898542,21155.0,197.16702122139785,0.0,38,37,0,0,37,36,19404,1,0,0,1,1
2020-06-11,US,Kentucky,Marshall,40,2,0,36.88007070000001,-88.32803576,21157.0,128.61736334405143,5.0,38,37,2,0,35,37,31191,3,0,0,3,0
2020-06-11,US,Kentucky,Martin,3,0,0,37.79990579,-82.51247478,21159.0,26.797677534613662,0.0,3,3,0,0,3,3,11323,0,0,0,0,0
2020-06-11,US,Kentucky,Mason,15,0,0,38.59471935,-83.82151043,21161.0,87.87346221441126,0.0,15,15,0,0,15,13,17150,0,0,0,0,2
2020-06-11,US,Kentucky,McCracken,113,3,0,37.05350953,-88.70445755,21145.0,172.73533278302608,2.6548672566371683,110,113,3,0,110,113,65346,0,0,0,0,0
2020-06-11,US,Kentucky,McCreary,13,0,0,36.73874143,-84.48102924,21147.0,75.44541814172132,0.0,13,13,0,0,13,13,17408,0,0,0,0,0
2020-06-11,US,Kentucky,McLean,23,1,0,37.5301951,-87.26803443,21149.0,249.80992722928212,4.3478260869565215,22,23,1,0,22,22,9252,0,0,0,0,1
2020-06-11,US,Kentucky,Meade,23,2,0,37.96163597,-86.21028219,21163.0,80.49839003219934,8.695652173913043,21,23,2,0,21,23,28715,0,0,0,0,0
2020-06-11,US,Kentucky,Menifee,10,0,0,37.94090733,-83.59985712,21165.0,154.10695022345507,0.0,10,10,0,0,10,10,6451,0,0,0,0,0
2020-06-11,US,Kentucky,Mercer,16,0,0,37.81474237,-84.87488475,21167.0,72.94943692153376,0.0,16,15,0,0,15,15,21774,1,0,0,1,0
2020-06-11,US,Kentucky,Metcalfe,7,2,0,36.99459295,-85.63123699,21169.0,69.50650382285771,28.57142857142857,5,7,2,0,5,7,10030,0,0,0,0,0
2020-06-11,US,Kentucky,Monroe,27,0,0,36.71225341,-85.71596443,21171.0,253.5211267605634,0.0,27,27,0,0,27,27,10718,0,0,0,0,0
2020-06-11,US,Kentucky,Montgomery,31,0,0,38.03253032,-83.9145241,21173.0,110.09695635188407,0.0,31,31,0,0,31,30,28203,0,0,0,0,1
2020-06-11,US,Kentucky,Morgan,4,0,0,37.92465657,-83.25558245,21175.0,30.05485010143512,0.0,4,4,0,0,4,4,13345,0,0,0,0,0
2020-06-11,US,Kentucky,Muhlenberg,484,8,0,37.21425819,-87.14632053,21177.0,1580.5629939259354,1.6528925619834711,476,484,8,0,476,486,30774,0,0,0,0,-2
2020-06-11,US,Kentucky,Nelson,47,1,0,37.80335779,-85.4657193,21179.0,101.65898816862415,2.127659574468085,46,47,1,0,46,45,45851,0,0,0,0,2
2020-06-11,US,Kentucky,Nicholas,4,0,0,38.33342292,-84.01889177,21181.0,55.02820195350117,0.0,4,4,0,0,4,4,7166,0,0,0,0,0
2020-06-11,US,Kentucky,Ohio,158,0,0,37.47751843,-86.85368087,21183.0,658.497957822789,0.0,158,157,0,0,157,154,24087,1,0,0,1,3
2020-06-11,US,Kentucky,Oldham,113,5,0,38.39791089,-85.448222,21185.0,169.1642090450456,4.424778761061948,108,113,5,0,108,112,66470,0,0,0,0,1
2020-06-11,US,Kentucky,Owen,4,0,0,38.51679143,-84.82404619,21187.0,36.693881295294005,0.0,4,4,0,0,4,4,10880,0,0,0,0,0
2020-06-11,US,Kentucky,Owsley,2,0,0,37.42823949,-83.68811419,21189.0,45.30011325028314,0.0,2,2,0,0,2,2,4472,0,0,0,0,0
2020-06-11,US,Kentucky,Pendleton,14,0,0,38.69607718,-84.35599463,21191.0,95.95613433858809,0.0,14,14,0,0,14,14,14529,0,0,0,0,0
2020-06-11,US,Kentucky,Perry,22,0,0,37.25023553,-83.22922731,21193.0,85.41035794704557,0.0,22,22,0,0,22,22,26092,0,0,0,0,0
2020-06-11,US,Kentucky,Pike,38,2,0,37.47088263,-82.39487445,21195.0,65.65761282742415,5.2631578947368425,36,38,2,0,36,38,58402,0,0,0,0,0
2020-06-11,US,Kentucky,Powell,3,0,0,37.83218794,-83.82553961,21197.0,24.273808560563154,0.0,3,3,0,0,3,2,12442,0,0,0,0,1
2020-06-11,US,Kentucky,Pulaski,68,2,0,37.10466131,-84.57629079,21199.0,104.64919435509934,2.9411764705882355,66,66,2,0,64,65,64623,2,0,0,2,1
2020-06-11,US,Kentucky,Rockcastle,13,0,0,37.36642393,-84.31176452,21203.0,77.86762503743634,0.0,13,13,0,0,13,13,16750,0,0,0,0,0
2020-06-11,US,Kentucky,Rowan,11,0,0,38.19484205,-83.42088935,21205.0,44.97138184791496,0.0,11,11,0,0,11,11,24583,0,0,0,0,0
2020-06-11,US,Kentucky,Russell,36,4,0,36.99308373,-85.06070117,21207.0,200.85923115549846,11.111111111111109,32,36,4,0,32,32,17821,0,0,0,0,4
2020-06-11,US,Kentucky,Scott,39,0,0,38.29622293,-84.5816631,21209.0,68.41625149112343,0.0,39,39,0,0,39,38,56031,0,0,0,0,1
2020-06-11,US,Kentucky,Shelby,233,6,0,38.21476019,-85.194223,21211.0,475.2774151436032,2.5751072961373387,227,233,6,0,227,233,48518,0,0,0,0,0
2020-06-11,US,Kentucky,Simpson,57,3,0,36.74058474,-86.58047435,21213.0,306.9136334266638,5.2631578947368425,54,58,4,0,54,56,18529,-1,-1,0,0,2
2020-06-11,US,Kentucky,Spencer,25,0,0,38.03223971,-85.32749335,21215.0,129.19228980414448,0.0,25,25,0,0,25,25,18794,0,0,0,0,0
2020-06-11,US,Kentucky,Taylor,15,1,0,37.3677562,-85.3329931,21217.0,58.20947650277465,6.666666666666668,14,15,1,0,14,15,25549,0,0,0,0,0
2020-06-11,US,Kentucky,Todd,23,0,0,36.8381152,-87.17878374,21219.0,187.0831299821051,0.0,23,23,0,0,23,23,12311,0,0,0,0,0
2020-06-11,US,Kentucky,Trigg,14,0,0,36.80767017,-87.87333656,21221.0,95.55661729574771,0.0,14,13,0,0,13,12,14643,1,0,0,1,1
2020-06-11,US,Kentucky,Trimble,5,0,0,38.61056487,-85.33775972,21223.0,59.024908511391814,0.0,5,6,0,0,6,6,8515,-1,0,0,-1,0
2020-06-11,US,Kentucky,Unassigned,7,0,0,0.0,0.0,90021.0,0.0,0.0,7,6,0,0,6,7,,1,0,0,1,-1
2020-06-11,US,Kentucky,Union,15,0,0,37.66166713,-87.94300009,21225.0,104.30429038314443,0.0,15,15,0,0,15,15,14505,0,0,0,0,0
2020-06-11,US,Kentucky,Warren,1184,8,0,36.99903045,-86.42672751,21227.0,890.9222248976644,0.6756756756756757,1176,1179,7,0,1172,1157,131264,5,1,0,4,22
2020-06-11,US,Kentucky,Washington,8,0,0,37.75599461,-85.17407732,21229.0,66.14303431169904,0.0,8,8,0,0,8,8,12084,0,0,0,0,0
2020-06-11,US,Kentucky,Wayne,10,0,0,36.80310688,-84.8251971,21231.0,49.18113411695274,0.0,10,9,0,0,9,9,20468,1,0,0,1,0
2020-06-11,US,Kentucky,Webster,34,0,0,37.52168356,-87.67989953,21233.0,262.71055478287747,0.0,34,34,0,0,34,34,13111,0,0,0,0,0
2020-06-11,US,Kentucky,Whitley,15,0,0,36.75700531,-84.14541217,21235.0,41.36333553937789,0.0,15,15,0,0,15,14,36242,0,0,0,0,1
2020-06-11,US,Kentucky,Wolfe,1,0,0,37.73941626,-83.49303612,21237.0,13.972334777141258,0.0,1,1,0,0,1,1,7177,0,0,0,0,0
2020-06-11,US,Kentucky,Woodford,46,0,0,38.04178222,-84.7417556,21239.0,172.06553452532356,0.0,46,45,0,0,45,42,26533,1,0,0,1,3
2020-06-11,US,Louisiana,Acadia,529,31,0,30.2950649,-92.41419698,22001.0,852.6069788057056,5.860113421550095,498,520,29,0,491,517,62190,9,2,0,7,3
2020-06-11,US,Louisiana,Allen,189,10,0,30.65385745,-92.82442028,22003.0,737.5034143676593,5.291005291005291,179,189,10,0,179,189,25605,0,0,0,0,0
2020-06-11,US,Louisiana,Ascension,912,58,0,30.20406249,-90.91328409999998,22005.0,720.3563868440176,6.359649122807018,854,906,58,0,848,900,124672,6,0,0,6,6
2020-06-11,US,Louisiana,Assumption,258,14,0,29.89946234,-91.06461642,22007.0,1178.5665341921338,5.426356589147288,244,259,13,0,246,258,22300,-1,1,0,-2,1
2020-06-11,US,Louisiana,Avoyelles,178,9,0,31.07796211,-92.00079449,22009.0,443.4037465125548,5.056179775280898,169,178,9,0,169,175,40462,0,0,0,0,3
2020-06-11,US,Louisiana,Beauregard,117,6,0,30.64836518,-93.34173616,22011.0,312.02496199695975,5.128205128205129,111,116,5,0,111,114,37253,1,1,0,0,2
2020-06-11,US,Louisiana,Bienville,167,24,0,32.34569994,-93.05398492,22013.0,1261.234045766936,14.371257485029941,143,166,24,0,142,157,13308,1,0,0,1,9
2020-06-11,US,Louisiana,Bossier,484,26,0,32.67932307,-93.60460152,22015.0,380.98536669841553,5.371900826446281,458,478,26,0,452,473,127185,6,0,0,6,5
2020-06-11,US,Louisiana,Caddo,2794,210,0,32.57991587,-93.88375652,22017.0,1163.17796539608,7.516105941302793,2584,2784,210,0,2574,2755,242922,10,0,0,10,29
2020-06-11,US,Louisiana,Calcasieu,684,51,0,30.22931235,-93.35400434,22019.0,336.2236772252698,7.456140350877192,633,673,51,0,622,661,203112,11,0,0,11,12
2020-06-11,US,Louisiana,Caldwell,76,1,0,32.0902519,-92.11752148,22021.0,766.2835249042146,1.3157894736842106,75,76,1,0,75,74,9960,0,0,0,0,2
2020-06-11,US,Louisiana,Cameron,11,0,0,29.87592238,-93.19310676,22023.0,157.75132654524594,0.0,11,10,0,0,10,10,6968,1,0,0,1,0
2020-06-11,US,Louisiana,Catahoula,123,3,0,31.66778967,-91.84526385,22025.0,1295.555087423636,2.4390243902439024,120,123,3,0,120,121,9608,0,0,0,0,2
2020-06-11,US,Louisiana,Claiborne,72,10,0,32.82308512,-92.99526883,22027.0,459.47670708359925,13.888888888888891,62,71,10,0,61,70,15944,1,0,0,1,1
2020-06-11,US,Louisiana,Concordia,97,5,0,31.44817835,-91.63814433,22029.0,503.6606262007372,5.154639175257731,92,97,5,0,92,97,19572,0,0,0,0,0
2020-06-11,US,Louisiana,De Soto,266,17,0,32.05457447,-93.74130302,22031.0,968.5759021228563,6.390977443609022,249,263,17,0,246,263,27436,3,0,0,3,0
2020-06-11,US,Louisiana,East Baton Rouge,4088,254,0,30.53842039,-91.09777565,22033.0,928.9663431494412,6.2133072407045,3834,4054,254,0,3800,4023,440956,34,0,0,34,31
2020-06-11,US,Louisiana,East Carroll,212,0,0,32.73926954,-91.23425694,22035.0,3089.928581839382,0.0,212,208,0,0,208,205,7037,4,0,0,4,3
2020-06-11,US,Louisiana,East Feliciana,210,31,0,30.84425359,-91.04976723,22037.0,1097.4653775803502,14.761904761904766,179,210,31,0,179,207,19305,0,0,0,0,3
2020-06-11,US,Louisiana,Evangeline,85,1,0,30.72985248,-92.39915924,22039.0,254.52912112591702,1.1764705882352942,84,85,1,0,84,85,33443,0,0,0,0,0
2020-06-11,US,Louisiana,Franklin,395,13,0,32.13675181,-91.67589857,22041.0,1973.5198601049206,3.2911392405063293,382,391,12,0,379,390,20156,4,1,0,3,1
2020-06-11,US,Louisiana,Grant,51,1,0,31.59882456,-92.56124347,22043.0,227.79043280182236,1.96078431372549,50,51,1,0,50,48,22482,0,0,0,0,3
2020-06-11,US,Louisiana,Iberia,430,41,0,29.86803617,-91.75871777,22045.0,615.7811828726907,9.534883720930234,389,428,41,0,387,428,70941,2,0,0,2,0
2020-06-11,US,Louisiana,Iberville,607,43,0,30.25734305,-91.3499598,22047.0,1867.0603795638397,7.084019769357496,564,607,43,0,564,603,32721,0,0,0,0,4
2020-06-11,US,Louisiana,Jackson,149,15,0,32.30251776,-92.55692092,22049.0,946.3922764227643,10.06711409395973,134,148,15,0,133,139,15902,1,0,0,1,9
2020-06-11,US,Louisiana,Jefferson,8032,464,0,29.74075478,-90.11115756,22051.0,1857.139884344949,5.776892430278884,7568,7971,463,0,7508,7940,434051,61,1,0,60,31
2020-06-11,US,Louisiana,Jefferson Davis,106,7,0,30.26896765,-92.81210004,22053.0,337.92399897985206,6.60377358490566,99,102,7,0,95,96,31582,4,0,0,4,6
2020-06-11,US,Louisiana,LaSalle,68,0,0,31.67884782,-92.15907765,22059.0,456.6210045662101,0.0,68,67,0,0,67,66,14917,1,0,0,1,1
2020-06-11,US,Louisiana,Lafayette,957,33,0,30.2049055,-92.06959876,22055.0,391.5872171529113,3.4482758620689653,924,931,30,0,901,908,242782,26,3,0,23,23
2020-06-11,US,Louisiana,Lafourche,937,77,0,29.52470226,-90.40976986,22057.0,959.9032925604934,8.217716115261473,860,928,76,0,852,922,98115,9,1,0,8,6
2020-06-11,US,Louisiana,Lincoln,196,18,0,32.6003154,-92.6659741,22061.0,419.3230927217492,9.183673469387756,178,193,18,0,175,184,47196,3,0,0,3,9
2020-06-11,US,Louisiana,Livingston,495,31,0,30.44143993,-90.73061664,22063.0,351.58996796624734,6.262626262626263,464,484,31,0,453,481,139567,11,0,0,11,3
2020-06-11,US,Louisiana,Madison,249,2,0,32.36918118,-91.23973355,22065.0,2273.764952972331,0.8032128514056225,247,221,2,0,219,219,11161,28,0,0,28,2
2020-06-11,US,Louisiana,Morehouse,138,6,0,32.81686191,-91.80421614,22067.0,554.7961727104606,4.3478260869565215,132,136,6,0,130,135,25398,2,0,0,2,1
2020-06-11,US,Louisiana,Natchitoches,182,13,0,31.72321584,-93.09816516,22069.0,476.96420147806487,7.142857142857142,169,180,13,0,167,179,38659,2,0,0,2,1
2020-06-11,US,Louisiana,Orleans,7294,515,0,30.06971951,-89.92660315,22071.0,1869.5661089238845,7.060597751576638,6779,7279,513,0,6766,7247,391006,15,2,0,13,32
2020-06-11,US,Louisiana,Ouachita,1631,57,0,32.47645559,-92.15704172,22073.0,1064.072704023382,3.4947884733292462,1574,1592,57,0,1535,1543,154475,39,0,0,39,49
2020-06-11,US,Louisiana,Plaquemines,222,17,0,29.42245447,-89.60322085,22075.0,957.0203043497003,7.657657657657657,205,220,17,0,203,219,23410,2,0,0,2,1
2020-06-11,US,Louisiana,Pointe Coupee,217,25,0,30.71409502,-91.60209535,22077.0,998.6194201564656,11.52073732718894,192,217,25,0,192,215,21940,0,0,0,0,2
2020-06-11,US,Louisiana,Rapides,1074,41,0,31.19778499,-92.52997303,22079.0,828.3968900407257,3.8175046554934817,1033,1007,41,0,966,992,130562,67,0,0,67,15
2020-06-11,US,Louisiana,Red River,52,7,0,32.09530039,-93.34213308,22081.0,615.9677801468846,13.461538461538463,45,52,7,0,45,52,8477,0,0,0,0,0
2020-06-11,US,Louisiana,Richland,159,3,0,32.41391005,-91.76634876,22083.0,790.1799025941756,1.8867924528301887,156,157,3,0,154,157,20192,2,0,0,2,0
2020-06-11,US,Louisiana,Sabine,53,0,0,31.56388699,-93.55433981,22085.0,221.90587841232625,0.0,53,53,0,0,53,52,24032,0,0,0,0,1
2020-06-11,US,Louisiana,St. Bernard,559,23,0,29.87761636,-89.51887093,22087.0,1183.219033104733,4.114490161001789,536,558,23,0,535,555,46721,1,0,0,1,3
2020-06-11,US,Louisiana,St. Charles,654,46,0,29.90709658,-90.35555967,22089.0,1231.638418079096,7.033639143730888,608,653,45,0,608,652,52879,1,1,0,0,1
2020-06-11,US,Louisiana,St. Helena,56,1,0,30.82210324,-90.71013176,22091.0,552.7043031977892,1.7857142857142858,55,56,1,0,55,55,10262,0,0,0,0,1
2020-06-11,US,Louisiana,St. James,306,27,0,30.02531716,-90.80212061,22093.0,1450.5119453924915,8.823529411764708,279,306,27,0,279,305,21037,0,0,0,0,1
2020-06-11,US,Louisiana,St. John the Baptist,883,83,0,30.12597499,-90.4753503,22095.0,2061.302145341644,9.39977349943375,800,883,83,0,800,881,43184,0,0,0,0,2
2020-06-11,US,Louisiana,St. Landry,324,55,0,30.59724262,-92.00135806,22097.0,394.52535190687246,16.97530864197531,269,323,54,0,269,316,82764,1,1,0,0,7
2020-06-11,US,Louisiana,St. Martin,307,25,0,30.13112107,-91.61403569,22099.0,574.5728135352136,8.143322475570033,282,295,25,0,270,291,53621,12,0,0,12,4
2020-06-11,US,Louisiana,St. Mary,346,33,0,29.69262097,-91.44702164,22101.0,701.1429034611333,9.53757225433526,313,342,32,0,310,342,49774,4,1,0,3,0
2020-06-11,US,Louisiana,St. Tammany,1885,167,0,30.40942847,-89.95642711,22103.0,723.8335144517105,8.859416445623342,1718,1872,166,0,1706,1863,258111,13,1,0,12,9
2020-06-11,US,Louisiana,Tangipahoa,984,42,0,30.62888673,-90.40664996,22105.0,730.1978361210466,4.2682926829268295,942,973,41,0,932,965,133777,11,1,0,10,8
2020-06-11,US,Louisiana,Tensas,21,0,0,32.00760749,-91.32915234,22107.0,484.5408398707891,0.0,21,21,0,0,21,21,4462,0,0,0,0,0
2020-06-11,US,Louisiana,Terrebonne,771,56,0,29.37343766,-90.82626855,22109.0,697.9839038212582,7.263294422827497,715,761,56,0,705,756,111021,10,0,0,10,5
2020-06-11,US,Louisiana,Unassigned,214,113,0,0.0,0.0,90022.0,0.0,52.80373831775701,101,214,113,0,101,195,,0,0,0,0,19
2020-06-11,US,Louisiana,Union,383,20,0,32.83121059,-92.3749373,22111.0,1732.4045594354984,5.221932114882507,363,375,20,0,355,366,22330,8,0,0,8,9
2020-06-11,US,Louisiana,Vermilion,65,4,0,29.83517605,-92.30292538,22113.0,109.22350489825409,6.153846153846153,61,62,4,0,58,61,59830,3,0,0,3,1
2020-06-11,US,Louisiana,Vernon,39,3,0,31.10884837,-93.18153838,22115.0,82.22817263699424,7.6923076923076925,36,39,3,0,36,39,48860,0,0,0,0,0
2020-06-11,US,Louisiana,Washington,509,43,0,30.85288548,-90.03866652,22117.0,1101.8747023422954,8.447937131630649,466,500,42,0,458,489,46582,9,1,0,8,11
2020-06-11,US,Louisiana,Webster,204,8,0,32.70847669,-93.33121835,22119.0,532.0813771517996,3.92156862745098,196,203,8,0,195,195,38798,1,0,0,1,8
2020-06-11,US,Louisiana,West Baton Rouge,197,31,0,30.46058217,-91.30989571,22121.0,744.3793689778952,15.736040609137056,166,195,31,0,164,192,26427,2,0,0,2,3
2020-06-11,US,Louisiana,West Carroll,99,1,0,32.78550125,-91.461201,22123.0,914.1274238227147,1.0101010101010102,98,99,1,0,98,90,10982,0,0,0,0,9
2020-06-11,US,Louisiana,West Feliciana,225,13,0,30.87882871,-91.4148538,22125.0,1445.2723535457349,5.777777777777778,212,225,13,0,212,224,15460,0,0,0,0,1
2020-06-11,US,Louisiana,Winn,195,3,0,31.94449367,-92.63789413,22127.0,1402.4741081703107,1.5384615384615383,192,194,2,0,192,190,14134,1,1,0,0,4
2020-06-11,US,Maine,Androscoggin,397,3,0,44.1664747,-70.20380627,23001.0,366.6521976042928,0.7556675062972292,394,390,3,0,387,381,107679,7,0,0,7,9
2020-06-11,US,Maine,Aroostook,10,1,0,46.65926321,-68.59841248,23003.0,14.913131011855938,10.0,9,10,1,0,9,10,67111,0,0,0,0,0
2020-06-11,US,Maine,Cumberland,1361,57,0,43.8370751,-70.37226999,23005.0,461.3512404958594,4.1880969875091845,1304,1339,57,0,1282,1324,293557,22,0,0,22,15
2020-06-11,US,Maine,Franklin,36,1,0,44.97330019,-70.44381045,23007.0,119.20924533924965,2.7777777777777777,35,36,1,0,35,36,29897,0,0,0,0,0
2020-06-11,US,Maine,Hancock,12,1,0,44.59816444,-68.38401854,23009.0,21.82334006219652,8.333333333333334,11,12,1,0,11,12,54811,0,0,0,0,0
2020-06-11,US,Maine,Kennebec,133,9,0,44.40759555,-69.76738544,23011.0,108.74719955519943,6.7669172932330826,124,132,9,0,123,131,122083,1,0,0,1,1
2020-06-11,US,Maine,Knox,21,1,0,44.11486325,-69.10529169,23013.0,52.800965503369206,4.761904761904762,20,21,1,0,20,21,39771,0,0,0,0,0
2020-06-11,US,Maine,Lincoln,20,0,0,44.05996956,-69.54227124,23015.0,57.746722873476934,0.0,20,20,0,0,20,20,34342,0,0,0,0,0
2020-06-11,US,Maine,Oxford,31,0,0,44.49952995,-70.75682123,23017.0,53.47132384648555,0.0,31,31,0,0,31,31,57618,0,0,0,0,0
2020-06-11,US,Maine,Penobscot,101,2,0,45.40194593,-68.65020455,23019.0,66.38273260246602,1.98019801980198,99,101,2,0,99,101,151096,0,0,0,0,0
2020-06-11,US,Maine,Piscataquis,1,0,0,45.83839062,-69.2860223,23021.0,5.957700327673518,0.0,1,1,0,0,1,1,16800,0,0,0,0,0
2020-06-11,US,Maine,Sagadahoc,30,0,0,43.95415864,-69.85074999,23023.0,83.66800535475234,0.0,30,30,0,0,30,30,35634,0,0,0,0,0
2020-06-11,US,Maine,Somerset,25,0,0,45.51229767,-69.95995554,23025.0,49.52064020283654,0.0,25,25,0,0,25,24,50592,0,0,0,0,1
2020-06-11,US,Maine,Unassigned,2,0,0,0.0,0.0,90023.0,0.0,0.0,2,2,0,0,2,2,,0,0,0,0,0
2020-06-11,US,Maine,Waldo,55,14,0,44.4858305,-69.12061935,23027.0,138.48671786478658,25.45454545454545,41,54,14,0,40,53,39694,1,0,0,1,1
2020-06-11,US,Maine,Washington,1,0,0,45.01607142,-67.62813524,23029.0,3.1868447050575224,0.0,1,1,0,0,1,1,31490,0,0,0,0,0
2020-06-11,US,Maine,York,431,11,0,43.47808377,-70.71052375,23031.0,207.56979594588736,2.5522041763341066,420,432,11,0,421,428,206229,-1,0,0,-1,4
2020-06-11,US,Maryland,Allegany,185,17,0,39.62357628,-78.69280486,24001.0,262.72438082254035,9.18918918918919,168,185,17,0,168,186,70975,0,0,0,0,-1
2020-06-11,US,Maryland,Anne Arundel,4421,191,0,39.00670238,-76.60329337,24003.0,763.2493948904934,4.320289527256277,4230,4348,190,0,4158,4309,576031,73,1,0,72,39
2020-06-11,US,Maryland,Baltimore,6985,406,0,39.45784712,-76.62911955,24005.0,844.2413913968358,5.812455261274159,6579,6916,402,0,6514,6852,828431,69,4,0,65,64
2020-06-11,US,Maryland,Baltimore City,6509,292,0,39.30211911,-76.61151012,24510.0,1096.7328851370703,4.486096174527577,6217,6428,289,0,6139,6355,621342,81,3,0,78,73
2020-06-11,US,Maryland,Calvert,366,21,0,38.53961642,-76.56820632,24009.0,395.568765198595,5.737704918032787,345,363,21,0,342,363,92003,3,0,0,3,0
2020-06-11,US,Maryland,Caroline,278,2,0,38.87172293,-75.82904158,24011.0,832.1858348799617,0.7194244604316546,276,276,2,0,274,273,33304,2,0,0,2,3
2020-06-11,US,Maryland,Carroll,976,103,0,39.56453592,-77.02373735,24013.0,579.4107345337109,10.553278688524589,873,969,103,0,866,963,168429,7,0,0,7,6
2020-06-11,US,Maryland,Cecil,429,27,0,39.56647682,-75.94627411,24015.0,417.09202275047403,6.293706293706293,402,423,25,0,398,417,102826,6,2,0,4,6
2020-06-11,US,Maryland,Charles,1235,83,0,38.51092331,-76.98580666,24017.0,756.4759857157733,6.720647773279352,1152,1231,83,0,1148,1216,161503,4,0,0,4,15
2020-06-11,US,Maryland,Dorchester,159,4,0,38.45413522,-76.02752426,24019.0,497.97989288734385,2.5157232704402515,155,157,4,0,153,157,31998,2,0,0,2,0
2020-06-11,US,Maryland,Frederick,2202,112,0,39.47296601,-77.39999394,24021.0,848.401252952259,5.0862851952770205,2090,2178,112,0,2066,2152,255648,24,0,0,24,26
2020-06-11,US,Maryland,Garrett,10,0,0,39.52786077,-79.27355126,24023.0,34.46611980423244,0.0,10,10,0,0,10,10,29163,0,0,0,0,0
2020-06-11,US,Maryland,Harford,990,57,0,39.55010644,-76.30775940000002,24025.0,387.56503458724325,5.757575757575758,933,982,57,0,925,969,253956,8,0,0,8,13
2020-06-11,US,Maryland,Howard,2311,73,0,39.25305293,-76.93126208,24027.0,709.5704504283216,3.1588057118130686,2238,2220,73,0,2147,2191,323196,91,0,0,91,29
2020-06-11,US,Maryland,Kent,188,21,0,39.24976208,-76.04741541,24029.0,967.9744619503656,11.170212765957446,167,189,19,0,170,188,19383,-1,2,0,-3,1
2020-06-11,US,Maryland,Montgomery,13276,674,0,39.13676329,-77.20358245,24031.0,1263.553024304075,5.0768303705935525,12602,13124,672,0,12452,12968,1052567,152,2,0,150,156
2020-06-11,US,Maryland,Prince George's,16940,620,0,38.83070039,-76.8496441,24033.0,1862.916200662688,3.6599763872491136,16320,16753,613,0,16140,16636,909308,187,7,0,180,117
2020-06-11,US,Maryland,Queen Anne's,178,12,0,39.06198912,-76.03530977,24035.0,353.3077946051091,6.741573033707866,166,178,12,0,166,177,50251,0,0,0,0,1
2020-06-11,US,Maryland,Somerset,78,3,0,38.1163542,-75.75118623,24039.0,304.49718925671453,3.8461538461538463,75,77,3,0,74,77,25675,1,0,0,1,0
2020-06-11,US,Maryland,St. Mary's,573,36,0,38.30058422,-76.60629279999998,24037.0,504.801339089067,6.282722513089006,537,565,35,0,530,561,112664,8,1,0,7,4
2020-06-11,US,Maryland,Talbot,107,4,0,38.76618159,-76.10882561,24041.0,287.78139372260017,3.7383177570093458,103,108,4,0,104,108,36968,-1,0,0,-1,0
2020-06-11,US,Maryland,Unassigned,0,48,0,0.0,0.0,90024.0,0.0,0.0,-48,0,43,0,-43,0,,0,5,0,-5,0
2020-06-11,US,Maryland,Washington,560,20,0,39.60835778,-77.82002295,24043.0,370.7406205933173,3.571428571428572,540,551,17,0,534,545,150926,9,3,0,6,6
2020-06-11,US,Maryland,Wicomico,998,33,0,38.37301947,-75.62705831,24045.0,963.2367844492273,3.3066132264529062,965,992,33,0,959,990,103195,6,0,0,6,2
2020-06-11,US,Maryland,Worcester,243,16,0,38.21274277,-75.33200012,24047.0,464.8404621623689,6.584362139917697,227,242,15,0,227,241,51823,1,1,0,0,1
2020-06-11,US,Massachusetts,Barnstable,1474,127,0,41.72980578,-70.28854339,25001.0,692.0512700126767,8.616010854816825,1347,1467,127,0,1340,1462,213413,7,0,0,7,5
2020-06-11,US,Massachusetts,Berkshire,575,41,0,42.37428441,-73.20524838,25003.0,460.20617236521963,7.130434782608695,534,574,41,0,533,575,126348,1,0,0,1,-1
2020-06-11,US,Massachusetts,Bristol,7793,492,0,41.79228404,-71.10872211,25005.0,1378.7624929894184,6.3133581419222375,7301,7754,487,0,7267,7728,564022,39,5,0,34,26
2020-06-11,US,Massachusetts,Dukes and Nantucket,55,1,0,41.40674725,-70.68763497,0.0,191.4308586544151,1.818181818181818,54,55,1,0,54,56,26707,0,0,0,0,-1
2020-06-11,US,Massachusetts,Essex,15465,1031,0,42.6687626,-70.94687179,25009.0,1959.9915846465424,6.666666666666668,14434,15365,1024,0,14341,15271,790638,100,7,0,93,94
2020-06-11,US,Massachusetts,Franklin,348,49,0,42.58119713,-72.58602547,25011.0,495.8677685950413,14.080459770114944,299,344,49,0,295,341,70963,4,0,0,4,3
2020-06-11,US,Massachusetts,Hampden,6415,633,0,42.13440424,-72.63235561,25013.0,1375.5113943375675,9.867498051441931,5782,6395,629,0,5766,6380,470406,20,4,0,16,15
2020-06-11,US,Massachusetts,Hampshire,913,100,0,42.33997957,-72.65898478,25015.0,567.6801591742834,10.95290251916758,813,905,100,0,805,905,161355,8,0,0,8,0
2020-06-11,US,Massachusetts,Middlesex,22996,1733,0,42.48607732,-71.39049229,25017.0,1426.8172903253023,7.536093233605844,21263,22889,1725,0,21164,22845,1614714,107,8,0,99,44
2020-06-11,US,Massachusetts,Norfolk,8809,876,0,42.16073095,-71.20530408,25021.0,1246.365533585653,9.944375070950164,7933,8774,873,0,7901,8753,705388,35,3,0,32,21
2020-06-11,US,Massachusetts,Plymouth,8440,612,0,41.94070556,-70.80802823,25023.0,1619.3337707836884,7.251184834123223,7828,8418,608,0,7810,8404,518132,22,4,0,18,14
2020-06-11,US,Massachusetts,Suffolk,19195,938,0,42.3279514,-71.07850442,25025.0,2387.714001743983,4.886689241990101,18257,19099,936,0,18163,19067,807252,96,2,0,94,32
2020-06-11,US,Massachusetts,Unassigned,304,10,0,0.0,0.0,90025.0,0.0,3.2894736842105265,294,297,10,0,287,299,,7,0,0,7,-2
2020-06-11,US,Massachusetts,Worcester,11885,849,0,42.35026951,-71.90493363,25027.0,1430.8554312310534,7.143458140513253,11036,11820,844,0,10976,11803,830839,65,5,0,60,17
2020-06-11,US,Michigan,Alcona,20,1,0,44.6846864,-83.59507875,26001.0,192.21528111484864,5.0,19,20,1,0,19,21,10362,0,0,0,0,-1
2020-06-11,US,Michigan,Alger,1,0,0,46.41292944,-86.60260122,26003.0,10.97935880544576,0.0,1,1,0,0,1,,9097,0,0,0,0,
2020-06-11,US,Michigan,Allegan,277,6,0,42.59147037,-85.89102866,26005.0,234.58473420787425,2.166064981949458,271,274,6,0,268,273,117327,3,0,0,3,1
2020-06-11,US,Michigan,Alpena,114,11,0,45.03477666,-83.62212411,26007.0,401.3377926421405,9.649122807017543,103,112,9,0,103,107,28360,2,2,0,0,5
2020-06-11,US,Michigan,Antrim,14,0,0,44.99690221,-85.15503082,26009.0,60.02400960384154,0.0,14,14,0,0,14,13,23365,0,0,0,0,1
2020-06-11,US,Michigan,Arenac,38,1,0,44.0636262,-83.89277559,26011.0,255.32486729825973,2.631578947368421,37,38,1,0,37,38,15041,0,0,0,0,0
2020-06-11,US,Michigan,Baraga,1,0,0,46.6720582,-88.36363591,26013.0,12.181751735899622,0.0,1,1,0,0,1,1,8320,0,0,0,0,0
2020-06-11,US,Michigan,Barry,90,2,0,42.59513984,-85.30834519,26015.0,146.2225832656377,2.2222222222222223,88,89,2,0,87,87,61157,1,0,0,1,2
2020-06-11,US,Michigan,Bay,385,28,0,43.70639106,-83.98731479,26017.0,373.32971316641783,7.272727272727272,357,372,27,0,345,385,103923,13,1,0,12,-13
2020-06-11,US,Michigan,Benzie,5,0,0,44.63899297,-86.01608482,26019.0,28.14364516492176,0.0,5,5,0,0,5,5,17753,0,0,0,0,0
2020-06-11,US,Michigan,Berrien,816,57,0,41.95447397,-86.41313079999998,26021.0,531.9391659767539,6.985294117647059,759,808,57,0,751,806,154141,8,0,0,8,2
2020-06-11,US,Michigan,Branch,160,2,0,41.91600556,-85.05929476,26023.0,367.6724038881357,1.25,158,155,2,0,153,153,43622,5,0,0,5,2
2020-06-11,US,Michigan,Calhoun,477,26,0,42.24633834,-85.00493569,26025.0,355.5482673544078,5.450733752620544,451,475,26,0,449,470,134487,2,0,0,2,5
2020-06-11,US,Michigan,Cass,112,4,0,41.91522292,-85.99405727,26027.0,216.27049259466662,3.571428571428572,108,110,4,0,106,108,51653,2,0,0,2,2
2020-06-11,US,Michigan,Charlevoix,19,1,0,45.37790017,-85.19614053,26029.0,72.67719848525418,5.2631578947368425,18,19,1,0,18,19,26244,0,0,0,0,0
2020-06-11,US,Michigan,Cheboygan,26,1,0,45.44787015,-84.50122149,26031.0,102.86437727488527,3.8461538461538463,25,26,1,0,25,26,25413,0,0,0,0,0
2020-06-11,US,Michigan,Chippewa,3,0,0,46.29552653,-84.54353449,26033.0,8.032343570108972,0.0,3,3,0,0,3,3,37517,0,0,0,0,0
2020-06-11,US,Michigan,Clare,24,2,0,43.98794227,-84.84819859999998,26035.0,77.5444264943457,8.333333333333334,22,24,2,0,22,23,30757,0,0,0,0,1
2020-06-11,US,Michigan,Clinton,188,11,0,42.94400871,-84.60145248,26037.0,236.19574093850122,5.851063829787233,177,187,11,0,176,186,79332,1,0,0,1,1
2020-06-11,US,Michigan,Crawford,63,5,0,44.68255561,-84.61006219,26039.0,449.0697840188182,7.936507936507938,58,63,5,0,58,63,13901,0,0,0,0,0
2020-06-11,US,Michigan,Delta,20,2,0,45.90484910000001,-86.9080745,26041.0,55.8909009613235,10.0,18,20,2,0,18,20,35857,0,0,0,0,0
2020-06-11,US,Michigan,Dickinson,6,2,0,46.00999672,-87.86961634,26043.0,23.772732675621064,33.333333333333336,4,6,2,0,4,6,25383,0,0,0,0,0
2020-06-11,US,Michigan,Eaton,255,7,0,42.59599185,-84.83740035,26045.0,231.254761127435,2.7450980392156863,248,255,7,0,248,252,109826,0,0,0,0,3
2020-06-11,US,Michigan,Emmet,26,2,0,45.52625509,-84.89083249,26047.0,77.80936705072574,7.6923076923076925,24,26,2,0,24,26,33308,0,0,0,0,0
2020-06-11,US,Michigan,Federal Correctional Institution (FCI),161,5,0,0.0,0.0,0.0,0.0,3.1055900621118013,156,159,5,0,154,156,,2,0,0,2,3
2020-06-11,US,Michigan,Genesee,2564,283,0,43.02244215,-83.70589709,26049.0,631.8181034121628,11.037441497659907,2281,2558,282,0,2276,2552,406892,6,1,0,5,6
2020-06-11,US,Michigan,Gladwin,20,1,0,43.98901072,-84.38774817,26051.0,78.58854964831625,5.0,19,20,1,0,19,19,25337,0,0,0,0,1
2020-06-11,US,Michigan,Gogebic,5,1,0,46.40862701,-89.69377193,26053.0,35.77817531305904,20.0,4,5,1,0,4,6,15096,0,0,0,0,-1
2020-06-11,US,Michigan,Grand Traverse,35,5,0,44.69565625,-85.55585247,26055.0,37.59883121347542,14.285714285714285,30,35,5,0,30,35,92573,0,0,0,0,0
2020-06-11,US,Michigan,Gratiot,89,11,0,43.29265605,-84.60505416,26057.0,218.61413377219918,12.359550561797755,78,88,11,0,77,88,40599,1,0,0,1,0
2020-06-11,US,Michigan,Hillsdale,179,25,0,41.88753639,-84.59312019,26059.0,392.50082227825897,13.966480446927376,154,179,25,0,154,179,45749,0,0,0,0,0
2020-06-11,US,Michigan,Houghton,8,0,0,46.89988536,-88.68495385,26061.0,22.419011321600717,0.0,8,8,0,0,8,8,36219,0,0,0,0,0
2020-06-11,US,Michigan,Huron,60,1,0,43.83353985,-83.04078453,26063.0,193.66708627868687,1.6666666666666667,59,60,1,0,59,59,31166,0,0,0,0,1
2020-06-11,US,Michigan,Ingham,832,29,0,42.59716886,-84.37472069,26065.0,284.53588503655874,3.4855769230769234,803,810,28,0,782,808,292735,22,1,0,21,2
2020-06-11,US,Michigan,Ionia,177,4,0,42.94502238,-85.07413319,26067.0,273.58301003137706,2.2598870056497176,173,176,4,0,172,176,64210,1,0,0,1,0
2020-06-11,US,Michigan,Iosco,110,10,0,44.35486835,-83.63484895,26069.0,437.77609742508065,9.090909090909092,100,110,10,0,100,110,25081,0,0,0,0,0
2020-06-11,US,Michigan,Iron,2,0,0,46.20974132,-88.53136251,26071.0,18.073377914332188,0.0,2,2,0,0,2,2,11117,0,0,0,0,0
2020-06-11,US,Michigan,Isabella,95,7,0,43.64060976,-84.84664923,26073.0,135.9629035951454,7.36842105263158,88,95,7,0,88,93,70562,0,0,0,0,2
2020-06-11,US,Michigan,Jackson,488,30,0,42.24807035,-84.42258681,26075.0,307.86701154501293,6.147540983606558,458,484,30,0,454,483,158823,4,0,0,4,1
2020-06-11,US,Michigan,Kalamazoo,943,63,0,42.24542231,-85.53038622,26077.0,355.7604521138132,6.680805938494169,880,940,63,0,877,935,264870,3,0,0,3,5
2020-06-11,US,Michigan,Kalkaska,30,2,0,44.68512729,-85.09085699,26079.0,166.3155560483424,6.666666666666668,28,30,2,0,28,30,17824,0,0,0,0,0
2020-06-11,US,Michigan,Kent,4291,112,0,43.03197711,-85.54934642,26081.0,653.1649808586585,2.6101141924959217,4179,4261,108,0,4153,4225,653786,30,4,0,26,36
2020-06-11,US,Michigan,Keweenaw,1,0,0,47.63197653,-88.41434263,26083.0,47.25897920604915,0.0,1,1,0,0,1,,2113,0,0,0,0,
2020-06-11,US,Michigan,Lake,7,0,0,43.99050893,-85.802173,26085.0,59.05677887454653,0.0,7,7,0,0,7,7,11881,0,0,0,0,0
2020-06-11,US,Michigan,Lapeer,226,31,0,43.09052506,-83.22153148,26087.0,257.97025351855444,13.716814159292035,195,225,32,0,193,226,88028,1,-1,0,2,-1
2020-06-11,US,Michigan,Leelanau,12,0,0,44.94430054,-85.80150326,26089.0,55.144524608244105,0.0,12,12,0,0,12,12,21764,0,0,0,0,0
2020-06-11,US,Michigan,Lenawee,193,6,0,41.89475156,-84.06603727,26091.0,196.0366070430976,3.1088082901554404,187,191,6,0,185,191,98266,2,0,0,2,0
2020-06-11,US,Michigan,Livingston,520,28,0,42.60302282,-83.91297209,26093.0,270.84038646839764,5.384615384615384,492,519,28,0,491,519,191224,1,0,0,1,0
2020-06-11,US,Michigan,Luce,3,0,0,46.47227431,-85.54471223,26095.0,48.16182372772515,0.0,3,3,0,0,3,3,6283,0,0,0,0,0
2020-06-11,US,Michigan,Mackinac,8,0,0,46.07028979,-85.04980537,26097.0,74.0809334197611,0.0,8,8,0,0,8,8,10787,0,0,0,0,0
2020-06-11,US,Michigan,Macomb,7006,879,0,42.69158356,-82.92752801,26099.0,801.627512094209,12.546388809591779,6127,7000,876,0,6124,6997,874759,6,3,0,3,3
2020-06-11,US,Michigan,Manistee,12,1,0,44.33352407,-86.05626916,26101.0,48.863913999511354,8.333333333333334,11,12,1,0,11,12,24528,0,0,0,0,0
2020-06-11,US,Michigan,Marquette,59,11,0,46.4338914,-87.64043701,26103.0,88.45709830732096,18.644067796610173,48,59,11,0,48,59,66516,0,0,0,0,0
2020-06-11,US,Michigan,Mason,38,0,0,43.99509218,-86.24988902,26105.0,130.38704364534723,0.0,38,38,0,0,38,38,29100,0,0,0,0,0
2020-06-11,US,Michigan,Mecosta,24,2,0,43.64064262,-85.32463223,26107.0,55.23208984419948,8.333333333333334,22,24,2,0,22,24,43545,0,0,0,0,0
2020-06-11,US,Michigan,Menominee,9,0,0,45.58038692,-87.55370409,26109.0,39.50834064969271,0.0,9,9,0,0,9,9,22983,0,0,0,0,0
2020-06-11,US,Michigan,Michigan Department of Corrections (MDOC),4144,70,0,0.0,0.0,0.0,0.0,1.6891891891891893,4074,4129,69,0,4060,4114,,15,1,0,14,15
2020-06-11,US,Michigan,Midland,140,9,0,43.64330771,-84.38804374,26111.0,168.35826639087983,6.428571428571429,131,138,9,0,129,128,83209,2,0,0,2,10
2020-06-11,US,Michigan,Missaukee,23,1,0,44.33772443,-85.09256478,26113.0,152.13652599550204,4.3478260869565215,22,23,1,0,22,22,15113,0,0,0,0,1
2020-06-11,US,Michigan,Monroe,561,21,0,41.92734151,-83.53749864,26115.0,372.7574750830565,3.7433155080213902,540,560,21,0,539,560,150439,1,0,0,1,0
2020-06-11,US,Michigan,Montcalm,81,1,0,43.31082541,-85.15252824,26117.0,126.78437265214123,1.2345679012345678,80,81,1,0,80,79,63968,0,0,0,0,2
2020-06-11,US,Michigan,Montmorency,5,0,0,45.0275929,-84.12696227,26119.0,53.60205831903945,0.0,5,5,0,0,5,5,9265,0,0,0,0,0
2020-06-11,US,Michigan,Muskegon,730,40,0,43.29123859,-86.15176712,26121.0,420.5892859200534,5.479452054794519,690,726,40,0,686,714,173588,4,0,0,4,12
2020-06-11,US,Michigan,Newaygo,125,0,0,43.554374,-85.80070107,26123.0,255.20620661494488,0.0,125,125,0,0,125,122,48892,0,0,0,0,3
2020-06-11,US,Michigan,Oakland,11283,1061,0,42.66090111,-83.38595416,26125.0,897.196529217929,9.403527430647877,10222,11262,1058,0,10204,11255,1259201,21,3,0,18,7
2020-06-11,US,Michigan,Oceana,103,3,0,43.64124435,-86.26726673,26127.0,389.1638644349568,2.9126213592233015,100,103,3,0,100,102,26625,0,0,0,0,1
2020-06-11,US,Michigan,Ogemaw,31,2,0,44.33481032,-84.12725175,26129.0,147.64013906748582,6.451612903225807,29,31,2,0,29,31,20952,0,0,0,0,0
2020-06-11,US,Michigan,Osceola,18,0,0,43.98992088,-85.32566756,26133.0,76.72634271099744,0.0,18,18,0,0,18,18,23341,0,0,0,0,0
2020-06-11,US,Michigan,Oscoda,8,1,0,44.68192279,-84.12939244,26135.0,97.07559762164786,12.5,7,8,1,0,7,8,8276,0,0,0,0,0
2020-06-11,US,Michigan,Otsego,120,10,0,45.02085831,-84.59898295,26137.0,486.4601913410085,8.333333333333334,110,120,10,0,110,120,24665,0,0,0,0,0
2020-06-11,US,Michigan,Ottawa,908,49,0,42.95996803,-85.9969107,26139.0,311.14004728780446,5.396475770925111,859,900,48,0,852,892,290494,8,1,0,7,8
2020-06-11,US,Michigan,Out of MI,30,0,0,0.0,0.0,80026.0,0.0,0.0,30,23,0,0,23,42,,7,0,0,7,-19
2020-06-11,US,Michigan,Presque Isle,12,0,0,45.34018577,-83.91498656,26141.0,95.29860228716646,0.0,12,11,0,0,11,11,12738,1,0,0,1,0
2020-06-11,US,Michigan,Roscommon,24,0,0,44.33473082,-84.61067651,26143.0,99.92089595736708,0.0,24,24,0,0,24,24,23884,0,0,0,0,0
2020-06-11,US,Michigan,Saginaw,1148,117,0,43.33433923,-84.05131209999998,26145.0,602.5013251880192,10.191637630662019,1031,1138,115,0,1023,1137,190800,10,2,0,8,1
2020-06-11,US,Michigan,Sanilac,42,6,0,43.42406072,-82.82055898,26151.0,102.01603109059995,14.285714285714285,36,42,6,0,36,42,41182,0,0,0,0,0
2020-06-11,US,Michigan,Schoolcraft,4,0,0,46.19235734,-86.19972234,26153.0,49.419322955275504,0.0,4,4,0,0,4,4,8068,0,0,0,0,0
2020-06-11,US,Michigan,Shiawassee,263,27,0,42.95392800000001,-84.14585902,26155.0,386.07204720941843,10.26615969581749,236,262,27,0,235,261,68192,1,0,0,1,1
2020-06-11,US,Michigan,St. Clair,514,45,0,42.92655373,-82.67937954,26147.0,323.0104067166055,8.754863813229573,469,514,45,0,469,511,159337,0,0,0,0,3
2020-06-11,US,Michigan,St. Joseph,166,3,0,41.91441767,-85.52797979,26149.0,272.2918443671675,1.8072289156626504,163,160,3,0,157,158,61043,6,0,0,6,2
2020-06-11,US,Michigan,Tuscola,207,25,0,43.46606813,-83.41897025,26157.0,396.21016365202416,12.07729468599034,182,206,25,0,181,205,52516,1,0,0,1,1
2020-06-11,US,Michigan,Unassigned,5,0,0,0.0,0.0,90026.0,0.0,0.0,5,8,0,0,8,8,,-3,0,0,-3,0
2020-06-11,US,Michigan,Van Buren,195,8,0,42.25190229,-86.01939087,26159.0,257.6740621324841,4.102564102564102,187,195,7,0,188,179,75448,0,1,0,-1,16
2020-06-11,US,Michigan,Washtenaw,1569,101,0,42.253105,-83.83853204,26161.0,426.82147219403646,6.437221159974506,1468,1551,101,0,1450,1539,370963,18,0,0,18,12
2020-06-11,US,Michigan,Wayne,21629,2664,0,42.28098405,-83.281255,26163.0,1236.4070396714653,12.316796893060243,18965,21570,2653,0,18917,21533,1753893,59,11,0,48,37
2020-06-11,US,Michigan,Wexford,14,3,0,44.33853602,-85.57712739,26165.0,41.62825964140228,21.428571428571427,11,14,3,0,11,14,33466,0,0,0,0,0
2020-06-11,US,Minnesota,Aitkin,13,0,0,46.60962049,-93.4116826,27001.0,81.83306055646482,0.0,13,13,0,0,13,13,15902,0,0,0,0,0
2020-06-11,US,Minnesota,Anoka,1674,88,0,45.27476015,-93.24604565,27003.0,469.0113498505272,5.2568697729988045,1586,1654,87,0,1567,1627,353813,20,1,0,19,27
2020-06-11,US,Minnesota,Becker,45,0,0,46.93479392,-95.67158144,27005.0,130.72654910960694,0.0,45,45,0,0,45,45,34371,0,0,0,0,0
2020-06-11,US,Minnesota,Beltrami,21,0,0,47.97373527,-94.93732139,27007.0,44.50283970500975,0.0,21,21,0,0,21,21,46847,0,0,0,0,0
2020-06-11,US,Minnesota,Benton,190,3,0,45.69804958,-93.99514135,27009.0,464.6726503460589,1.5789473684210529,187,190,3,0,187,190,40545,0,0,0,0,0
2020-06-11,US,Minnesota,Big Stone,13,0,0,45.42712824,-96.41403739,27011.0,260.4688439190543,0.0,13,13,0,0,13,12,4989,0,0,0,0,1
2020-06-11,US,Minnesota,Blue Earth,157,1,0,44.03554215,-94.06699781,27013.0,232.06657502254146,0.6369426751592356,156,154,1,0,153,153,67427,3,0,0,3,1
2020-06-11,US,Minnesota,Brown,18,2,0,44.24205652,-94.72562874,27015.0,71.97696737044146,11.111111111111109,16,17,2,0,15,17,25111,1,0,0,1,0
2020-06-11,US,Minnesota,Carlton,79,0,0,46.59180601,-92.67601019,27017.0,220.23361489782832,0.0,79,78,0,0,78,78,35837,1,0,0,1,0
2020-06-11,US,Minnesota,Carver,266,2,0,44.82017001,-93.8009918,27019.0,253.11878502983186,0.7518796992481203,264,261,2,0,259,257,103551,5,0,0,5,4
2020-06-11,US,Minnesota,Cass,11,2,0,46.95043611,-94.32603968,27021.0,36.93878236341045,18.181818181818183,9,11,2,0,9,12,29519,0,0,0,0,-1
2020-06-11,US,Minnesota,Chippewa,54,1,0,45.02343421,-95.56403693,27023.0,457.6271186440678,1.851851851851852,53,54,1,0,53,53,11924,0,0,0,0,1
2020-06-11,US,Minnesota,Chisago,74,1,0,45.5021011,-92.90861945,27025.0,130.7905760087665,1.351351351351351,73,73,1,0,72,70,55922,1,0,0,1,3
2020-06-11,US,Minnesota,Clay,499,31,0,46.89289518,-96.48761922,27027.0,776.9923079318613,6.212424849699398,468,490,31,0,459,481,63955,9,0,0,9,9
2020-06-11,US,Minnesota,Clearwater,3,0,0,47.57992111,-95.37790562,27029.0,34.02132002721706,0.0,3,3,0,0,3,3,8810,0,0,0,0,0
2020-06-11,US,Minnesota,Cottonwood,96,0,0,44.00715262,-95.18138802,27033.0,857.449088960343,0.0,96,94,0,0,94,94,11277,2,0,0,2,0
2020-06-11,US,Minnesota,Crow Wing,88,9,0,46.48096553,-94.06755609,27035.0,135.2701560218277,10.227272727272727,79,87,9,0,78,86,64889,1,0,0,1,1
2020-06-11,US,Minnesota,Dakota,1623,72,0,44.67172617,-93.06299363,27037.0,378.3031599851756,4.436229205175602,1551,1572,71,0,1501,1554,425423,51,1,0,50,18
2020-06-11,US,Minnesota,Dodge,57,0,0,44.02238415,-92.86244324,27039.0,272.28432215534536,0.0,57,55,0,0,55,55,20822,2,0,0,2,0
2020-06-11,US,Minnesota,Douglas,48,0,0,45.93348491,-95.45335469,27041.0,125.8488241000498,0.0,48,48,0,0,48,48,37964,0,0,0,0,0
2020-06-11,US,Minnesota,Faribault,25,0,0,43.67381499,-93.94787458,27043.0,183.1099392075002,0.0,25,25,0,0,25,25,13758,0,0,0,0,0
2020-06-11,US,Minnesota,Fillmore,20,1,0,43.67394126,-92.08980382,27045.0,94.93520672141264,5.0,19,20,1,0,19,20,21058,0,0,0,0,0
2020-06-11,US,Minnesota,Freeborn,200,0,0,43.67385583,-93.34884422,27047.0,660.4801690829232,0.0,200,197,0,0,197,188,30444,3,0,0,3,9
2020-06-11,US,Minnesota,Goodhue,86,7,0,44.40849741,-92.7234195,27049.0,185.5848079413034,8.13953488372093,79,86,7,0,79,83,46403,0,0,0,0,3
2020-06-11,US,Minnesota,Grant,6,0,0,45.93424769,-96.01139609,27051.0,100.46885465505692,0.0,6,6,0,0,6,5,6021,0,0,0,0,1
2020-06-11,US,Minnesota,Hennepin,9815,700,0,45.00761521,-93.47694895,27053.0,775.3726172993017,7.131940906775343,9115,9674,693,0,8981,9567,1259428,141,7,0,134,107
2020-06-11,US,Minnesota,Houston,5,0,0,43.67129565,-91.49143057,27055.0,26.88172043010753,0.0,5,5,0,0,5,5,18578,0,0,0,0,0
2020-06-11,US,Minnesota,Hubbard,5,0,0,47.10778564,-94.91693868,27057.0,23.265553022195334,0.0,5,5,0,0,5,5,21332,0,0,0,0,0
2020-06-11,US,Minnesota,Isanti,48,0,0,45.56181234,-93.29487636,27059.0,118.23825007389893,0.0,48,44,0,0,44,43,39966,4,0,0,4,1
2020-06-11,US,Minnesota,Itasca,58,12,0,47.51009045,-93.63092229,27061.0,128.51761577664524,20.689655172413797,46,58,12,0,46,57,45108,0,0,0,0,1
2020-06-11,US,Minnesota,Jackson,43,0,0,43.67423373,-95.15398258,27063.0,436.7255738370912,0.0,43,43,0,0,43,42,9911,0,0,0,0,1
2020-06-11,US,Minnesota,Kanabec,13,1,0,45.9459309,-93.29275192,27065.0,79.57397318969211,7.6923076923076925,12,12,1,0,11,12,16207,1,0,0,1,0
2020-06-11,US,Minnesota,Kandiyohi,540,1,0,45.1526059,-95.00586446,27067.0,1250.0289358549967,0.1851851851851852,539,534,1,0,533,526,42855,6,0,0,6,8
2020-06-11,US,Minnesota,Kittson,1,0,0,48.77754106,-96.78317184,27069.0,23.266635644485806,0.0,1,1,0,0,1,1,4248,0,0,0,0,0
2020-06-11,US,Minnesota,Koochiching,9,0,0,48.24539665,-93.78352843,27071.0,73.59555155777251,0.0,9,9,0,0,9,9,12440,0,0,0,0,0
2020-06-11,US,Minnesota,Lac qui Parle,3,0,0,44.9973857,-96.17488219,27073.0,45.29669334138608,0.0,3,3,0,0,3,3,6658,0,0,0,0,0
2020-06-11,US,Minnesota,Lake,1,0,0,47.64270764,-91.44557998,27075.0,9.3976130062964,0.0,1,1,0,0,1,1,10658,0,0,0,0,0
2020-06-11,US,Minnesota,Le Sueur,50,1,0,44.37136597,-93.72844721,27079.0,173.08824038494822,2.0,49,50,1,0,49,50,28494,0,0,0,0,0
2020-06-11,US,Minnesota,Lincoln,6,0,0,44.41311883,-96.26688165,27081.0,106.40184429863451,0.0,6,6,0,0,6,6,5673,0,0,0,0,0
2020-06-11,US,Minnesota,Lyon,174,2,0,44.41327865,-95.83806103,27083.0,683.0493836853262,1.1494252873563218,172,158,2,0,156,145,25629,16,0,0,16,13
2020-06-11,US,Minnesota,Mahnomen,6,1,0,47.32557075,-95.80921485,27087.0,108.5579880586213,16.666666666666668,5,6,1,0,5,6,5519,0,0,0,0,0
2020-06-11,US,Minnesota,Marshall,12,0,0,48.35825983,-96.37017407,27089.0,128.53470437017995,0.0,12,12,0,0,12,12,9390,0,0,0,0,0
2020-06-11,US,Minnesota,Martin,143,5,0,43.67429718,-94.55099908,27091.0,726.5152669816594,3.4965034965034967,138,143,5,0,138,142,19785,0,0,0,0,1
2020-06-11,US,Minnesota,McLeod,52,0,0,44.82367677,-94.27287017,27085.0,144.87504527345166,0.0,52,46,0,0,46,45,35873,6,0,0,6,1
2020-06-11,US,Minnesota,Meeker,50,1,0,45.12328869,-94.52839455,27093.0,215.31306519679612,2.0,49,47,1,0,46,47,23141,3,0,0,3,0
2020-06-11,US,Minnesota,Mille Lacs,26,1,0,45.93705297,-93.63236823,27095.0,98.9458461772653,3.8461538461538463,25,24,1,0,23,24,26139,2,0,0,2,0
2020-06-11,US,Minnesota,Morrison,53,1,0,46.01265363,-94.27341528,27097.0,158.7491763014437,1.8867924528301887,52,52,0,0,52,51,33169,1,1,0,0,1
2020-06-11,US,Minnesota,Mower,604,2,0,43.67142874,-92.75234549,27099.0,1507.663122160651,0.3311258278145696,602,574,2,0,572,537,40011,30,0,0,30,37
2020-06-11,US,Minnesota,Murray,42,0,0,44.02216709,-95.76328482,27101.0,512.5701732975348,0.0,42,41,0,0,41,41,8276,1,0,0,1,0
2020-06-11,US,Minnesota,Nicollet,93,11,0,44.35291112,-94.24710352,27103.0,271.34270875882595,11.827956989247312,82,93,11,0,82,91,34220,0,0,0,0,2
2020-06-11,US,Minnesota,Nobles,1602,6,0,43.67434621,-95.75329576,27105.0,7406.7224559619035,0.3745318352059925,1596,1599,6,0,1593,1597,21924,3,0,0,3,2
2020-06-11,US,Minnesota,Norman,17,0,0,47.32628443,-96.45620947,27107.0,266.6666666666667,0.0,17,16,0,0,16,16,6475,1,0,0,1,0
2020-06-11,US,Minnesota,Olmsted,752,12,0,44.00374114,-92.40209944,27109.0,475.068385841446,1.5957446808510638,740,740,12,0,728,727,156277,12,0,0,12,13
2020-06-11,US,Minnesota,Otter Tail,80,1,0,46.40846929,-95.70835255,27111.0,136.17948456065093,1.25,79,78,1,0,77,78,58812,2,0,0,2,0
2020-06-11,US,Minnesota,Pennington,37,0,0,48.06642577,-96.0370814,27113.0,262.05821942063886,0.0,37,37,0,0,37,37,14178,0,0,0,0,0
2020-06-11,US,Minnesota,Pine,95,0,0,46.12105238,-92.74070188,27115.0,321.1738057405592,0.0,95,94,0,0,94,94,29483,1,0,0,1,0
2020-06-11,US,Minnesota,Pipestone,15,0,0,44.02301619,-96.25841142,27117.0,164.3655489809336,0.0,15,14,0,0,14,14,9047,1,0,0,1,0
2020-06-11,US,Minnesota,Polk,67,2,0,47.77372465,-96.40134647,27119.0,213.62071164392296,2.985074626865672,65,67,2,0,65,67,31529,0,0,0,0,0
2020-06-11,US,Minnesota,Pope,10,0,0,45.58606667,-95.44451209,27121.0,88.8967908258512,0.0,10,10,0,0,10,10,11097,0,0,0,0,0
2020-06-11,US,Minnesota,Ramsey,3740,169,0,45.01625271,-93.09872295,27123.0,679.6033587669742,4.518716577540106,3571,3680,167,0,3513,3626,550210,60,2,0,58,54
2020-06-11,US,Minnesota,Red Lake,4,0,0,47.87197525,-96.09561104,27125.0,98.64364981504316,0.0,4,4,0,0,4,4,3999,0,0,0,0,0
2020-06-11,US,Minnesota,Redwood,8,0,0,44.40555844,-95.25207021,27127.0,52.735662491760046,0.0,8,8,0,0,8,8,15249,0,0,0,0,0
2020-06-11,US,Minnesota,Renville,8,0,0,44.72836381,-94.94553734,27129.0,54.99037668408029,0.0,8,8,0,0,8,8,14612,0,0,0,0,0
2020-06-11,US,Minnesota,Rice,604,3,0,44.3543376,-93.29658715,27131.0,901.8694379740787,0.4966887417218543,601,594,3,0,591,593,66523,10,0,0,10,1
2020-06-11,US,Minnesota,Rock,23,0,0,43.67482683,-96.25296832,27133.0,246.9135802469136,0.0,23,23,0,0,23,23,9414,0,0,0,0,0
2020-06-11,US,Minnesota,Roseau,6,0,0,48.77501878,-95.81079919,27135.0,39.564787339268044,0.0,6,5,0,0,5,5,15150,1,0,0,1,0
2020-06-11,US,Minnesota,Scott,517,4,0,44.6490231,-93.53340251,27139.0,346.9495950017784,0.7736943907156673,513,504,3,0,501,496,147381,13,1,0,12,8
2020-06-11,US,Minnesota,Sherburne,261,2,0,45.44447208,-93.77617511,27141.0,268.4135831670746,0.7662835249042146,259,260,2,0,258,261,96036,1,0,0,1,-1
2020-06-11,US,Minnesota,Sibley,25,1,0,44.5796592,-94.23164924,27143.0,168.18028927009757,4.0,24,25,1,0,24,19,15028,0,0,0,0,6
2020-06-11,US,Minnesota,St. Louis,123,14,0,47.6048407,-92.46879855,27137.0,61.78731099613202,11.382113821138212,109,119,14,0,105,119,199754,4,0,0,4,0
2020-06-11,US,Minnesota,Stearns,2088,17,0,45.55192576,-94.61078221,27145.0,1296.2905478814216,0.8141762452107281,2071,2081,17,0,2064,2076,159256,7,0,0,7,5
2020-06-11,US,Minnesota,Steele,173,0,0,44.02240351,-93.22627088,27147.0,472.0456219815002,0.0,173,173,0,0,173,173,36803,0,0,0,0,0
2020-06-11,US,Minnesota,Stevens,1,0,0,45.58613007,-96.00163705,27149.0,10.198878123406423,0.0,1,1,0,0,1,1,9753,0,0,0,0,0
2020-06-11,US,Minnesota,Swift,19,1,0,45.2829032,-95.68264092,27151.0,205.05072307360246,5.2631578947368425,18,19,1,0,18,19,9345,0,0,0,0,0
2020-06-11,US,Minnesota,Todd,368,2,0,46.06996226,-94.89785296,27153.0,1492.0531949399935,0.5434782608695652,366,364,2,0,362,361,24582,4,0,0,4,3
2020-06-11,US,Minnesota,Traverse,5,0,0,45.77298854,-96.47062949,27155.0,153.42129487572873,0.0,5,5,0,0,5,5,3308,0,0,0,0,0
2020-06-11,US,Minnesota,Unassigned,83,31,0,0.0,0.0,90027.0,0.0,37.349397590361455,52,82,31,0,51,86,,1,0,0,1,-4
2020-06-11,US,Minnesota,Wabasha,20,0,0,44.28424356,-92.23121312,27157.0,92.47699634715865,0.0,20,20,0,0,20,20,21645,0,0,0,0,0
2020-06-11,US,Minnesota,Wadena,10,0,0,46.58589171,-94.96968506,27159.0,73.0887297178775,0.0,10,10,0,0,10,10,13773,0,0,0,0,0
2020-06-11,US,Minnesota,Waseca,32,0,0,44.02211116,-93.58720034,27161.0,171.93208682570386,0.0,32,32,0,0,32,32,18691,0,0,0,0,0
2020-06-11,US,Minnesota,Washington,748,36,0,45.03864533,-92.88429635,27163.0,285.01752781588175,4.81283422459893,712,735,36,0,699,732,259201,13,0,0,13,3
2020-06-11,US,Minnesota,Watonwan,86,0,0,43.97823903,-94.61413846,27165.0,789.2080389097915,0.0,86,86,0,0,86,84,10980,0,0,0,0,2
2020-06-11,US,Minnesota,Wilkin,12,3,0,46.35721532,-96.4684375,27167.0,193.33011116481396,25.0,9,12,3,0,9,11,6254,0,0,0,0,1
2020-06-11,US,Minnesota,Winona,84,15,0,43.98772283,-91.78081305,27169.0,166.38935108153078,17.857142857142858,69,86,15,0,71,85,50825,-2,0,0,-2,1
2020-06-11,US,Minnesota,Wright,367,2,0,45.17297924,-93.96234781,27171.0,265.21748556479764,0.5449591280653951,365,362,2,0,360,361,136349,5,0,0,5,1
2020-06-11,US,Minnesota,Yellow Medicine,8,0,0,44.71710183,-95.86842453,27173.0,82.39777526006797,0.0,8,8,0,0,8,7,9795,0,0,0,0,1
2020-06-11,US,Mississippi,Adams,222,17,0,31.47669768,-91.35326037,28001.0,723.2919558205454,7.657657657657657,205,222,17,0,205,222,31192,0,0,0,0,0
2020-06-11,US,Mississippi,Alcorn,26,1,0,34.88084463,-88.57996173,28003.0,70.35964603685764,3.8461538461538463,25,26,1,0,25,23,36925,0,0,0,0,3
2020-06-11,US,Mississippi,Amite,67,2,0,31.17467303,-90.80501621,28005.0,544.8483369927625,2.985074626865672,65,67,2,0,65,66,12326,0,0,0,0,1
2020-06-11,US,Mississippi,Attala,323,22,0,33.08658803,-89.57838564,28007.0,1777.264223616155,6.811145510835912,301,323,22,0,301,319,18365,0,0,0,0,4
2020-06-11,US,Mississippi,Benton,17,0,0,34.81681228,-89.18945516,28009.0,205.8360576340961,0.0,17,17,0,0,17,16,8271,0,0,0,0,1
2020-06-11,US,Mississippi,Bolivar,180,11,0,33.79696941,-90.87372121,28011.0,587.697531670367,6.111111111111112,169,180,11,0,169,179,31333,0,0,0,0,1
2020-06-11,US,Mississippi,Calhoun,75,4,0,33.93683395,-89.33686647,28013.0,522.2477543346564,5.333333333333333,71,75,4,0,71,74,14436,0,0,0,0,1
2020-06-11,US,Mississippi,Carroll,123,11,0,33.44834567,-89.91994479,28015.0,1236.5537347944105,8.943089430894311,112,123,11,0,112,121,9911,0,0,0,0,2
2020-06-11,US,Mississippi,Chickasaw,158,15,0,33.91983202,-88.9481545,28017.0,923.8145354616147,9.49367088607595,143,158,15,0,143,154,17171,0,0,0,0,4
2020-06-11,US,Mississippi,Choctaw,62,2,0,33.34598242,-89.24809382,28019.0,755.1766138855055,3.2258064516129035,60,62,2,0,60,62,8278,0,0,0,0,0
2020-06-11,US,Mississippi,Claiborne,131,7,0,31.97061673,-90.90702196,28021.0,1457.4988874054293,5.343511450381679,124,131,7,0,124,129,9002,0,0,0,0,2
2020-06-11,US,Mississippi,Clarke,164,21,0,32.04158545,-88.68896219999998,28023.0,1055.273148446046,12.80487804878049,143,164,21,0,143,163,15604,0,0,0,0,1
2020-06-11,US,Mississippi,Clay,145,5,0,33.65358105,-88.77784255,28025.0,750.6730171878237,3.4482758620689653,140,145,5,0,140,137,19386,0,0,0,0,8
2020-06-11,US,Mississippi,Coahoma,141,4,0,34.22772299,-90.60415045,28027.0,637.3169408786838,2.8368794326241136,137,141,4,0,137,141,22628,0,0,0,0,0
2020-06-11,US,Mississippi,Copiah,366,5,0,31.86977774,-90.44565118,28029.0,1304.1154462854088,1.3661202185792352,361,366,5,0,361,360,28543,0,0,0,0,6
2020-06-11,US,Mississippi,Covington,200,2,0,31.63225413,-89.55389939,28031.0,1073.1916720326249,1.0,198,200,2,0,198,190,18853,0,0,0,0,10
2020-06-11,US,Mississippi,DeSoto,664,11,0,34.87625235,-89.99091418,28033.0,359.0256562761902,1.6566265060240963,653,664,11,0,653,642,182001,0,0,0,0,22
2020-06-11,US,Mississippi,Forrest,667,41,0,31.18961454,-89.25832496,28035.0,890.5563640733274,6.146926536731634,626,667,41,0,626,649,75036,0,0,0,0,18
2020-06-11,US,Mississippi,Franklin,29,2,0,31.47786634,-90.89672989,28037.0,375.9885906910411,6.896551724137932,27,29,2,0,27,29,7788,0,0,0,0,0
2020-06-11,US,Mississippi,George,32,2,0,30.86259065,-88.64436789,28039.0,130.6122448979592,6.25,30,32,2,0,30,32,24250,0,0,0,0,0
2020-06-11,US,Mississippi,Greene,45,2,0,31.21444233,-88.63922281,28041.0,331.22331812159575,4.4444444444444455,43,45,2,0,43,47,13586,0,0,0,0,-2
2020-06-11,US,Mississippi,Grenada,138,4,0,33.77036166,-89.80245083,28043.0,664.8039310145488,2.898550724637681,134,138,4,0,134,133,21055,0,0,0,0,5
2020-06-11,US,Mississippi,Hancock,94,12,0,30.41830223,-89.48851033,28045.0,197.34632180047024,12.76595744680851,82,94,12,0,82,93,47334,0,0,0,0,1
2020-06-11,US,Mississippi,Harrison,311,7,0,30.51359752,-89.12467576,28047.0,149.4617454825067,2.2508038585209005,304,311,7,0,304,299,206650,0,0,0,0,12
2020-06-11,US,Mississippi,Hinds,1206,26,0,32.2656285,-90.44435448,28049.0,520.1863354037266,2.155887230514096,1180,1206,26,0,1180,1186,237085,0,0,0,0,20
2020-06-11,US,Mississippi,Holmes,460,32,0,33.12345854,-90.08923538,28051.0,2704.291593180482,6.956521739130435,428,460,32,0,428,461,17622,0,0,0,0,-1
2020-06-11,US,Mississippi,Humphreys,78,8,0,33.12825718,-90.52252707,28053.0,967.2619047619047,10.256410256410255,70,78,8,0,70,75,8257,0,0,0,0,3
2020-06-11,US,Mississippi,Itawamba,96,8,0,34.27993475,-88.3606733,28057.0,410.4318084651561,8.333333333333334,88,96,8,0,88,93,23517,0,0,0,0,3
2020-06-11,US,Mississippi,Jackson,339,16,0,30.54020656,-88.64184064,28059.0,236.0444794139969,4.71976401179941,323,339,16,0,323,338,143277,0,0,0,0,1
2020-06-11,US,Mississippi,Jasper,189,4,0,32.01922104,-89.11786866,28061.0,1153.6348654092658,2.1164021164021163,185,189,4,0,185,185,16428,0,0,0,0,4
2020-06-11,US,Mississippi,Jefferson,50,2,0,31.73397872,-91.03764977,28063.0,715.307582260372,4.0,48,50,2,0,48,50,7106,0,0,0,0,0
2020-06-11,US,Mississippi,Jefferson Davis,84,3,0,31.56884708,-89.82670990000004,28065.0,754.8526240115025,3.571428571428572,81,84,3,0,81,85,11234,0,0,0,0,-1
2020-06-11,US,Mississippi,Jones,812,36,0,31.62257767,-89.16896899999998,28067.0,1192.3991894035064,4.433497536945813,776,812,36,0,776,792,68461,0,0,0,0,20
2020-06-11,US,Mississippi,Kemper,166,11,0,32.75462946,-88.64105766,28069.0,1703.9622254157255,6.626506024096385,155,166,11,0,155,166,10027,0,0,0,0,0
2020-06-11,US,Mississippi,Lafayette,161,4,0,34.35687874,-89.48490961,28071.0,298.04328106777245,2.4844720496894412,157,161,4,0,157,157,54793,0,0,0,0,4
2020-06-11,US,Mississippi,Lamar,278,5,0,31.20572971,-89.5077704,28073.0,438.8803814154682,1.7985611510791366,273,278,5,0,273,272,62447,0,0,0,0,6
2020-06-11,US,Mississippi,Lauderdale,795,74,0,32.40419769,-88.66229662,28075.0,1072.512647554806,9.308176100628929,721,795,74,0,721,793,75317,0,0,0,0,2
2020-06-11,US,Mississippi,Lawrence,113,1,0,31.55147224,-90.10841127,28077.0,897.8229779119658,0.8849557522123894,112,113,1,0,112,109,12455,0,0,0,0,4
2020-06-11,US,Mississippi,Leake,472,14,0,32.7536828,-89.52402044,28079.0,2071.4473799701573,2.9661016949152543,458,472,14,0,458,469,22763,0,0,0,0,3
2020-06-11,US,Mississippi,Lee,261,11,0,34.291877500000005,-88.68149954,28081.0,305.49183014186065,4.21455938697318,250,261,11,0,250,248,85202,0,0,0,0,13
2020-06-11,US,Mississippi,Leflore,330,44,0,33.55545125,-90.29900733,28083.0,1170.9186388957885,13.333333333333336,286,330,44,0,286,322,28919,0,0,0,0,8
2020-06-11,US,Mississippi,Lincoln,314,32,0,31.53288662,-90.45391915,28085.0,919.3921471027437,10.19108280254777,282,314,32,0,282,308,34205,0,0,0,0,6
2020-06-11,US,Mississippi,Lowndes,290,9,0,33.47386518,-88.44191529999998,28087.0,494.9227749808004,3.103448275862069,281,290,9,0,281,277,58930,0,0,0,0,13
2020-06-11,US,Mississippi,Madison,843,30,0,32.63389156,-90.03513564,28089.0,793.2475158084915,3.5587188612099645,813,843,30,0,813,832,105630,0,0,0,0,11
2020-06-11,US,Mississippi,Marion,132,9,0,31.23132643,-89.8209217,28091.0,537.1749481137833,6.8181818181818175,123,132,9,0,123,129,24715,0,0,0,0,3
2020-06-11,US,Mississippi,Marshall,98,3,0,34.76216286,-89.50299462,28093.0,277.66759222530743,3.0612244897959178,95,98,3,0,95,96,35451,0,0,0,0,2
2020-06-11,US,Mississippi,Monroe,290,25,0,33.89236763,-88.4808438,28095.0,822.6483603767163,8.620689655172415,265,290,25,0,265,285,35564,0,0,0,0,5
2020-06-11,US,Mississippi,Montgomery,88,1,0,33.49419589,-89.61729103,28097.0,900.2557544757033,1.1363636363636365,87,88,1,0,87,88,10023,0,0,0,0,0
2020-06-11,US,Mississippi,Neshoba,821,49,0,32.75339664,-89.11726492,28099.0,2819.5617830894985,5.9683313032886725,772,821,49,0,772,805,29125,0,0,0,0,16
2020-06-11,US,Mississippi,Newton,313,6,0,32.40021118,-89.11843336,28101.0,1489.199733561709,1.9169329073482428,307,313,6,0,307,307,21443,0,0,0,0,6
2020-06-11,US,Mississippi,Noxubee,209,6,0,33.11009499,-88.56949061,28103.0,2006.335797254488,2.8708133971291865,203,209,6,0,203,206,10535,0,0,0,0,3
2020-06-11,US,Mississippi,Oktibbeha,327,17,0,33.42491685,-88.87905132,28105.0,659.4470324883538,5.198776758409786,310,327,17,0,310,307,49599,0,0,0,0,20
2020-06-11,US,Mississippi,Panola,110,3,0,34.36398677,-89.95064249,28107.0,321.7126813289658,2.727272727272727,107,110,3,0,107,105,34178,0,0,0,0,5
2020-06-11,US,Mississippi,Pearl River,221,31,0,30.77090935,-89.58677275,28109.0,397.9472404789772,14.027149321266966,190,221,31,0,190,221,55387,0,0,0,0,0
2020-06-11,US,Mississippi,Perry,52,3,0,31.17161885,-88.99281835,28111.0,434.31053203040176,5.769230769230768,49,52,3,0,49,52,11931,0,0,0,0,0
2020-06-11,US,Mississippi,Pike,213,11,0,31.17507789,-90.40392572,28113.0,542.1502748930972,5.164319248826291,202,213,11,0,202,211,39563,0,0,0,0,2
2020-06-11,US,Mississippi,Pontotoc,64,3,0,34.226046000000004,-89.03636807,28115.0,198.91838130167218,4.6875,61,64,3,0,61,62,31833,0,0,0,0,2
2020-06-11,US,Mississippi,Prentiss,63,3,0,34.61810501,-88.51986294,28117.0,250.7362891029213,4.761904761904762,60,63,3,0,60,62,25315,0,0,0,0,1
2020-06-11,US,Mississippi,Quitman,34,0,0,34.25157572,-90.28908,28119.0,500.5889281507656,0.0,34,34,0,0,34,32,7051,0,0,0,0,2
2020-06-11,US,Mississippi,Rankin,505,10,0,32.26469147,-89.94537876,28121.0,325.2378100224768,1.98019801980198,495,505,10,0,495,498,153902,0,0,0,0,7
2020-06-11,US,Mississippi,Scott,682,12,0,32.406704100000006,-89.53789439,28123.0,2424.975110226141,1.7595307917888563,670,682,12,0,670,677,28287,0,0,0,0,5
2020-06-11,US,Mississippi,Sharkey,7,0,0,32.88149103,-90.8159538,28125.0,161.99953714417958,0.0,7,7,0,0,7,7,4377,0,0,0,0,0
2020-06-11,US,Mississippi,Simpson,117,1,0,31.91282117,-89.91716179,28127.0,438.89264010803515,0.8547008547008547,116,117,1,0,116,112,26758,0,0,0,0,5
2020-06-11,US,Mississippi,Smith,173,11,0,32.01744532,-89.50644846,28129.0,1086.9565217391305,6.3583815028901745,162,173,11,0,162,172,16002,0,0,0,0,1
2020-06-11,US,Mississippi,Stone,33,0,0,30.79187949,-89.11547539,28131.0,179.9738219895288,0.0,33,33,0,0,33,34,18717,0,0,0,0,-1
2020-06-11,US,Mississippi,Sunflower,109,4,0,33.60192578,-90.58882684,28133.0,434.0900039824771,3.669724770642202,105,109,4,0,105,105,25735,0,0,0,0,4
2020-06-11,US,Mississippi,Tallahatchie,35,1,0,33.95339918,-90.1729398,28135.0,253.45788978202626,2.8571428571428568,34,35,1,0,34,35,13987,0,0,0,0,0
2020-06-11,US,Mississippi,Tate,118,1,0,34.65133709,-89.94485778,28137.0,416.6519543801419,0.8474576271186439,117,118,1,0,117,112,28759,0,0,0,0,6
2020-06-11,US,Mississippi,Tippah,90,11,0,34.76872156,-88.90988194,28139.0,408.8121735180559,12.222222222222221,79,90,11,0,79,87,21995,0,0,0,0,3
2020-06-11,US,Mississippi,Tishomingo,43,0,0,34.74023475,-88.23917219,28141.0,221.8438838157148,0.0,43,43,0,0,43,42,19454,0,0,0,0,1
2020-06-11,US,Mississippi,Tunica,61,3,0,34.64967704,-90.37481167,28143.0,633.3056478405316,4.918032786885246,58,61,3,0,58,60,9944,0,0,0,0,1
2020-06-11,US,Mississippi,Union,93,7,0,34.49162015,-89.00776006,28145.0,322.74856845393026,7.526881720430107,86,93,7,0,86,92,28606,0,0,0,0,1
2020-06-11,US,Mississippi,Walthall,85,0,0,31.14971548,-90.10446654,28147.0,594.9881002379952,0.0,85,85,0,0,85,82,14465,0,0,0,0,3
2020-06-11,US,Mississippi,Warren,232,12,0,32.35810271,-90.83352619,28149.0,511.22716555386603,5.172413793103448,220,232,12,0,220,223,46176,0,0,0,0,9
2020-06-11,US,Mississippi,Washington,222,8,0,33.28392041,-90.94196237,28151.0,505.59110888428336,3.603603603603604,214,222,8,0,214,221,45063,0,0,0,0,1
2020-06-11,US,Mississippi,Wayne,346,5,0,31.64135687,-88.69573913,28153.0,1714.3140266560968,1.4450867052023122,341,346,5,0,341,335,20298,0,0,0,0,11
2020-06-11,US,Mississippi,Webster,99,8,0,33.61300486,-89.28392912,28155.0,1021.7772731964084,8.080808080808081,91,99,8,0,91,98,9788,0,0,0,0,1
2020-06-11,US,Mississippi,Wilkinson,85,9,0,31.16078225,-91.31018819,28157.0,984.936268829664,10.588235294117649,76,85,9,0,76,85,8792,0,0,0,0,0
2020-06-11,US,Mississippi,Winston,139,2,0,33.08747908,-89.03391385,28159.0,774.1576162628793,1.4388489208633093,137,139,2,0,137,136,18165,0,0,0,0,3
2020-06-11,US,Mississippi,Yalobusha,128,7,0,34.02824175,-89.70762049999998,28161.0,1057.152296002643,5.46875,121,128,7,0,121,123,12392,0,0,0,0,5
2020-06-11,US,Mississippi,Yazoo,329,6,0,32.77890365,-90.39656148,28163.0,1108.1172111822161,1.82370820668693,323,329,6,0,323,321,28248,0,0,0,0,8
2020-06-11,US,Missouri,Adair,74,0,0,40.19058551,-92.60078167,29001.0,291.99384445408987,0.0,74,74,0,0,74,74,25339,0,0,0,0,0
2020-06-11,US,Missouri,Andrew,34,0,0,39.98492163,-94.80163024,29003.0,191.96025293586268,0.0,34,34,0,0,34,33,17607,0,0,0,0,1
2020-06-11,US,Missouri,Atchison,3,0,0,40.43238737,-95.42970639,29005.0,58.331713007972,0.0,3,3,0,0,3,3,5171,0,0,0,0,0
2020-06-11,US,Missouri,Audrain,120,0,0,39.215877,-91.84242683,29007.0,472.66425082716245,0.0,120,119,0,0,119,117,25473,1,0,0,1,2
2020-06-11,US,Missouri,Barry,9,0,0,36.70978521,-93.82919888,29009.0,25.147391656654282,0.0,9,9,0,0,9,9,35886,0,0,0,0,0
2020-06-11,US,Missouri,Bates,12,1,0,38.25271289,-94.34113157,29013.0,74.20232500618353,8.333333333333334,11,12,1,0,11,12,16320,0,0,0,0,0
2020-06-11,US,Missouri,Benton,13,0,0,38.29503305,-93.28756116,29015.0,66.86210975672479,0.0,13,13,0,0,13,13,19278,0,0,0,0,0
2020-06-11,US,Missouri,Bollinger,8,0,0,37.32449052,-90.02725304,29017.0,65.9358773592681,0.0,8,7,0,0,7,7,12169,1,0,0,1,0
2020-06-11,US,Missouri,Boone,204,2,0,38.99186229,-92.30723575,29019.0,113.04256274139296,0.9803921568627452,202,197,2,0,195,194,180005,7,0,0,7,3
2020-06-11,US,Missouri,Buchanan,768,2,0,39.65816401,-94.80138942,29021.0,879.0806281763655,0.2604166666666667,766,762,2,0,760,755,88571,6,0,0,6,7
2020-06-11,US,Missouri,Butler,51,0,0,36.71462476,-90.40421163,29023.0,120.06214981872971,0.0,51,51,0,0,51,51,42639,0,0,0,0,0
2020-06-11,US,Missouri,Caldwell,8,0,0,39.65620858,-93.98308093,29025.0,88.69179600886919,0.0,8,8,0,0,8,8,9108,0,0,0,0,0
2020-06-11,US,Missouri,Callaway,34,1,0,38.83674754,-91.92186505,29027.0,75.9895402632814,2.9411764705882355,33,34,1,0,33,34,44889,0,0,0,0,0
2020-06-11,US,Missouri,Camden,38,1,0,38.02199522,-92.76083747,29029.0,82.06457186049023,2.631578947368421,37,38,1,0,37,38,45815,0,0,0,0,0
2020-06-11,US,Missouri,Cape Girardeau,98,3,0,37.38489388,-89.6843587,29031.0,124.25352791266752,3.0612244897959178,95,88,3,0,85,87,78753,10,0,0,10,1
2020-06-11,US,Missouri,Carroll,9,0,0,39.42762566,-93.50626255,29033.0,103.69858278603527,0.0,9,9,0,0,9,9,8743,0,0,0,0,0
2020-06-11,US,Missouri,Carter,5,1,0,36.94160441,-90.96051322,29035.0,83.58408559010364,20.0,4,5,1,0,4,5,6054,0,0,0,0,0
2020-06-11,US,Missouri,Cass,110,8,0,38.64789422,-94.353399,29037.0,103.98941198714311,7.272727272727272,102,108,8,0,100,105,104954,2,0,0,2,3
2020-06-11,US,Missouri,Cedar,9,0,0,37.72391475,-93.85445441,29039.0,62.72214091574325,0.0,9,9,0,0,9,9,14165,0,0,0,0,0
2020-06-11,US,Missouri,Chariton,6,0,0,39.51499357,-92.9629191,29041.0,80.79719903043363,0.0,6,6,0,0,6,6,7451,0,0,0,0,0
2020-06-11,US,Missouri,Christian,29,0,0,36.9711783,-93.18537118,29043.0,32.733224222585925,0.0,29,29,0,0,29,29,86983,0,0,0,0,0
2020-06-11,US,Missouri,Clark,2,0,0,40.41040752,-91.73661677,29045.0,29.424746211563924,0.0,2,2,0,0,2,1,6842,0,0,0,0,1
2020-06-11,US,Missouri,Clay,262,4,0,39.31132056,-94.41850862,29047.0,104.8218029350105,1.5267175572519085,258,254,4,0,250,249,246365,8,0,0,8,5
2020-06-11,US,Missouri,Clinton,20,0,0,39.6013098,-94.40465394,29049.0,98.10173149556091,0.0,20,20,0,0,20,20,20470,0,0,0,0,0
2020-06-11,US,Missouri,Cole,61,1,0,38.50455671,-92.27860244,29051.0,79.48400547266922,1.639344262295082,60,61,1,0,60,61,76796,0,0,0,0,0
2020-06-11,US,Missouri,Cooper,9,0,0,38.844478,-92.80896081,29053.0,50.82161612739286,0.0,9,9,0,0,9,9,17603,0,0,0,0,0
2020-06-11,US,Missouri,Crawford,9,0,0,37.97663738,-91.30528104,29055.0,37.625418060200666,0.0,9,9,0,0,9,9,23957,0,0,0,0,0
2020-06-11,US,Missouri,Dallas,6,0,0,37.6811355,-93.02127031,29059.0,35.549235691432635,0.0,6,6,0,0,6,6,16762,0,0,0,0,0
2020-06-11,US,Missouri,Daviess,7,0,0,39.96145298,-93.98519678,29061.0,84.56148828219376,0.0,7,7,0,0,7,6,8313,0,0,0,0,1
2020-06-11,US,Missouri,DeKalb,7,0,0,39.89201062,-94.40476508,29063.0,55.79022873993783,0.0,7,7,0,0,7,7,12630,0,0,0,0,0
2020-06-11,US,Missouri,Dunklin,54,3,0,36.27167174,-90.09122243,29069.0,185.36953760598675,5.5555555555555545,51,52,3,0,49,49,29423,2,0,0,2,3
2020-06-11,US,Missouri,Franklin,164,18,0,38.41127108,-91.07522826,29071.0,157.74236055671508,10.975609756097562,146,156,18,0,138,156,103670,8,0,0,8,0
2020-06-11,US,Missouri,Gasconade,2,0,0,38.43947277,-91.50847147,29073.0,13.599891200870395,0.0,2,2,0,0,2,2,14705,0,0,0,0,0
2020-06-11,US,Missouri,Gentry,54,0,0,40.21097916,-94.40944419,29075.0,821.7927256125398,0.0,54,54,0,0,54,54,6628,0,0,0,0,0
2020-06-11,US,Missouri,Greene,184,8,0,37.2575872,-93.34230916,29077.0,62.780207857079496,4.3478260869565215,176,183,8,0,175,179,291923,1,0,0,1,4
2020-06-11,US,Missouri,Harrison,9,0,0,40.35570088,-93.99222144,29081.0,107.75862068965515,0.0,9,9,0,0,9,9,8414,0,0,0,0,0
2020-06-11,US,Missouri,Henry,15,3,0,38.38482826,-93.79293734,29083.0,68.7316715542522,20.0,12,15,3,0,12,12,21792,0,0,0,0,3
2020-06-11,US,Missouri,Holt,2,0,0,40.09799248,-95.2163888,29087.0,45.42357483533954,0.0,2,2,0,0,2,2,4404,0,0,0,0,0
2020-06-11,US,Missouri,Howard,3,0,0,39.1435761,-92.69756691,29089.0,29.99700029997,0.0,3,3,0,0,3,3,10137,0,0,0,0,0
2020-06-11,US,Missouri,Howell,18,0,0,36.77383887,-91.88683935,29091.0,44.8687588802752,0.0,18,17,0,0,17,15,40076,1,0,0,1,2
2020-06-11,US,Missouri,Iron,3,0,0,37.55487945,-90.7735296,29093.0,29.62962962962963,0.0,3,3,0,0,3,3,10177,0,0,0,0,0
2020-06-11,US,Missouri,Jackson,782,22,0,39.01002188,-94.34724536,29095.0,111.23581281089486,2.8132992327365733,760,752,22,0,730,727,700307,30,0,0,30,25
2020-06-11,US,Missouri,Jasper,87,0,0,37.20351921,-94.34050458,29097.0,71.70644863510483,0.0,87,79,0,0,79,70,120636,8,0,0,8,9
2020-06-11,US,Missouri,Jefferson,427,20,0,38.25926778,-90.53870896,29099.0,189.7094823641267,4.68384074941452,407,411,20,0,391,411,224347,16,0,0,16,0
2020-06-11,US,Missouri,Johnson,79,0,0,38.74719601,-93.80691168,29101.0,146.1285191076912,0.0,79,78,0,0,78,78,53652,1,0,0,1,0
2020-06-11,US,Missouri,Kansas City,1654,28,0,39.0997,-94.5786,0.0,338.28074029079056,1.692865779927449,1626,1626,28,0,1598,1594,491918,28,0,0,28,32
2020-06-11,US,Missouri,Laclede,8,0,0,37.65896829,-92.5888493,29105.0,22.394535733281078,0.0,8,7,0,0,7,7,35713,1,0,0,1,0
2020-06-11,US,Missouri,Lafayette,83,3,0,39.06986886,-93.78076396,29107.0,253.76054787819493,3.614457831325301,80,83,3,0,80,83,32598,0,0,0,0,0
2020-06-11,US,Missouri,Lawrence,8,0,0,37.10626634,-93.83293097,29109.0,20.857776039629773,0.0,8,8,0,0,8,8,38359,0,0,0,0,0
2020-06-11,US,Missouri,Lewis,7,1,0,40.09673161,-91.72070156,29111.0,71.6039279869067,14.285714285714285,6,7,1,0,6,7,9855,0,0,0,0,0
2020-06-11,US,Missouri,Lincoln,121,1,0,39.05345619,-90.95588181,29113.0,205.0395675529121,0.8264462809917356,120,121,1,0,120,121,57686,0,0,0,0,0
2020-06-11,US,Missouri,Linn,11,1,0,39.87001769,-93.10704106,29115.0,92.28187919463087,9.090909090909092,10,11,1,0,10,10,12037,0,0,0,0,1
2020-06-11,US,Missouri,Livingston,5,0,0,39.78110272,-93.54645978,29117.0,32.83640901031063,0.0,5,5,0,0,5,5,15146,0,0,0,0,0
2020-06-11,US,Missouri,Macon,6,0,0,39.83049768,-92.56453089,29121.0,39.69041476483429,0.0,6,6,0,0,6,6,15153,0,0,0,0,0
2020-06-11,US,Missouri,Madison,3,0,0,37.47865134,-90.3467143,29123.0,24.81800132362674,0.0,3,3,0,0,3,3,12188,0,0,0,0,0
2020-06-11,US,Missouri,Maries,2,0,0,38.16193985,-91.92249662,29125.0,22.996435552489363,0.0,2,2,0,0,2,2,8769,0,0,0,0,0
2020-06-11,US,Missouri,Marion,7,0,0,39.80601912,-91.62203062,29127.0,24.53557658604977,0.0,7,6,0,0,6,6,28592,1,0,0,1,0
2020-06-11,US,Missouri,McDonald,46,0,0,36.62869595,-94.34867205,29119.0,201.42750799141743,0.0,46,42,0,0,42,40,23078,4,0,0,4,2
2020-06-11,US,Missouri,Miller,5,0,0,38.21450288,-92.42610898,29131.0,19.516764901050006,0.0,5,5,0,0,5,4,25336,0,0,0,0,1
2020-06-11,US,Missouri,Mississippi,68,0,0,36.82516239,-89.29505753,29133.0,515.9332321699545,0.0,68,66,0,0,66,65,13336,2,0,0,2,1
2020-06-11,US,Missouri,Moniteau,49,0,0,38.63571781,-92.57976951,29135.0,303.74411108356065,0.0,49,49,0,0,49,49,16121,0,0,0,0,0
2020-06-11,US,Missouri,Montgomery,13,0,0,38.94022054,-91.47000721,29139.0,112.5443684529478,0.0,13,13,0,0,13,13,11534,0,0,0,0,0
2020-06-11,US,Missouri,Morgan,9,0,0,38.4181765,-92.88791859,29141.0,43.63213264168323,0.0,9,9,0,0,9,9,20358,0,0,0,0,0
2020-06-11,US,Missouri,New Madrid,28,0,0,36.59666326,-89.66070007,29143.0,163.97282736003746,0.0,28,24,0,0,24,23,17296,4,0,0,4,1
2020-06-11,US,Missouri,Newton,47,1,0,36.90519407,-94.3394104,29145.0,80.70609245140463,2.127659574468085,46,44,1,0,43,36,58266,3,0,0,3,8
2020-06-11,US,Missouri,Nodaway,15,0,0,40.36079813,-94.88133008,29147.0,67.8978815860945,0.0,15,14,0,0,14,14,22304,1,0,0,1,0
2020-06-11,US,Missouri,Oregon,3,0,0,36.68710164,-91.4033755,29149.0,28.49273435274005,0.0,3,2,0,0,2,2,10541,1,0,0,1,0
2020-06-11,US,Missouri,Osage,6,0,0,38.46036182,-91.8613635,29151.0,44.06904149834741,0.0,6,6,0,0,6,6,13714,0,0,0,0,0
2020-06-11,US,Missouri,Pemiscot,99,6,0,36.2130572,-89.78742322,29155.0,626.3840556785827,6.0606060606060606,93,99,6,0,93,97,16272,0,0,0,0,2
2020-06-11,US,Missouri,Perry,79,0,0,37.70660776,-89.82741088,29157.0,412.83444816053515,0.0,79,75,0,0,75,75,19150,4,0,0,4,0
2020-06-11,US,Missouri,Pettis,84,1,0,38.72798918,-93.28471706,29159.0,198.39863955218598,1.1904761904761905,83,84,1,0,83,83,42542,0,0,0,0,1
2020-06-11,US,Missouri,Phelps,6,0,0,37.87736118,-91.79351727,29161.0,13.461063872748074,0.0,6,6,0,0,6,5,44732,0,0,0,0,1
2020-06-11,US,Missouri,Pike,29,1,0,39.34310674,-91.16980779,29163.0,158.45262812807346,3.4482758620689653,28,29,1,0,28,28,18504,0,0,0,0,1
2020-06-11,US,Missouri,Platte,84,0,0,39.38154439,-94.77068479,29165.0,80.44590013216113,0.0,84,81,0,0,81,80,102985,3,0,0,3,1
2020-06-11,US,Missouri,Polk,7,0,0,37.6162296,-93.39828174,29167.0,21.77361659771688,0.0,7,4,0,0,4,4,32201,3,0,0,3,0
2020-06-11,US,Missouri,Pulaski,109,1,0,37.82462075,-92.20783203,29169.0,207.1967608873344,0.9174311926605504,108,109,1,0,108,109,52014,0,0,0,0,0
2020-06-11,US,Missouri,Ralls,5,0,0,39.52817427,-91.51838643,29173.0,48.50130953535746,0.0,5,5,0,0,5,5,10212,0,0,0,0,0
2020-06-11,US,Missouri,Randolph,10,0,0,39.44007257,-92.4971374,29175.0,40.40730564085987,0.0,10,10,0,0,10,10,24763,0,0,0,0,0
2020-06-11,US,Missouri,Ray,24,0,0,39.3537468,-93.98905745,29177.0,104.2662264314884,0.0,24,24,0,0,24,24,22883,0,0,0,0,0
2020-06-11,US,Missouri,Reynolds,2,0,0,37.36085952,-90.97009925,29179.0,31.897926634768737,0.0,2,2,0,0,2,2,6254,0,0,0,0,0
2020-06-11,US,Missouri,Ripley,11,0,0,36.65460667,-90.85990261,29181.0,82.78145695364239,0.0,11,11,0,0,11,11,13401,0,0,0,0,0
2020-06-11,US,Missouri,Saline,283,3,0,39.13734288,-93.20259964,29195.0,1243.3548613857035,1.060070671378092,280,283,3,0,280,283,22895,0,0,0,0,0
2020-06-11,US,Missouri,Scotland,9,0,0,40.45214695,-92.14709064,29199.0,183.5985312117503,0.0,9,9,0,0,9,9,4966,0,0,0,0,0
2020-06-11,US,Missouri,Scott,132,11,0,37.05588075,-89.56474493,29201.0,344.82758620689657,8.333333333333334,121,128,11,0,117,127,38458,4,0,0,4,1
2020-06-11,US,Missouri,Shelby,1,0,0,39.79742518,-92.07634971,29205.0,16.863406408094434,0.0,1,1,0,0,1,1,6050,0,0,0,0,0
2020-06-11,US,Missouri,St. Charles,879,65,0,38.77875681,-90.66662425,29183.0,218.6447507847829,7.3947667804323105,814,871,65,0,806,852,399182,8,0,0,8,19
2020-06-11,US,Missouri,St. Clair,3,0,0,38.03699437,-93.77631447,29185.0,31.925082473129727,0.0,3,3,0,0,3,3,9395,0,0,0,0,0
2020-06-11,US,Missouri,St. Francois,41,2,0,37.81214171,-90.47598685,29187.0,60.998289072379684,4.878048780487805,39,41,2,0,39,41,66692,0,0,0,0,0
2020-06-11,US,Missouri,St. Louis,5217,496,0,38.63770039999999,-90.4458375,29189.0,524.7408733611277,9.507379720145677,4721,5217,485,0,4732,5217,996945,0,11,0,-11,0
2020-06-11,US,Missouri,St. Louis City,2162,139,0,38.63555736,-90.24349225,29510.0,719.2856382412434,6.429232192414432,2023,2145,139,0,2006,2132,302838,17,0,0,17,13
2020-06-11,US,Missouri,Ste. Genevieve,13,1,0,37.89090059,-90.1949941,29186.0,72.65005029618867,7.6923076923076925,12,13,1,0,12,12,17888,0,0,0,0,1
2020-06-11,US,Missouri,Stoddard,109,0,0,36.85571651,-89.9444155,29207.0,375.53832902670115,0.0,109,109,0,0,109,109,29206,0,0,0,0,0
2020-06-11,US,Missouri,Stone,10,0,0,36.75000327,-93.45256475,29209.0,31.296945418127194,0.0,10,10,0,0,10,10,31749,0,0,0,0,0
2020-06-11,US,Missouri,Sullivan,71,0,0,40.2099105,-93.11150106,29211.0,1166.03711611102,0.0,71,71,0,0,71,68,6221,0,0,0,0,3
2020-06-11,US,Missouri,Taney,15,2,0,36.65465345,-93.04075153,29213.0,26.82019739665284,13.333333333333336,13,14,2,0,12,14,55852,1,0,0,1,0
2020-06-11,US,Missouri,Texas,1,0,0,37.31728859,-91.96564727,29215.0,3.937317899047169,0.0,1,1,0,0,1,1,25571,0,0,0,0,0
2020-06-11,US,Missouri,Vernon,12,0,0,37.8457799,-94.34127305,29217.0,58.357243592860954,0.0,12,12,0,0,12,12,20528,0,0,0,0,0
2020-06-11,US,Missouri,Warren,31,0,0,38.76529479,-91.16124662,29219.0,86.95896098067267,0.0,31,31,0,0,31,30,34711,0,0,0,0,1
2020-06-11,US,Missouri,Washington,13,1,0,37.96130078,-90.87948158,29221.0,52.56773150020218,7.6923076923076925,12,13,1,0,12,13,24943,0,0,0,0,0
2020-06-11,US,Missouri,Webster,18,0,0,37.2813734,-92.876329,29225.0,45.463730046474026,0.0,18,18,0,0,18,18,39109,0,0,0,0,0
2020-06-11,US,Missouri,Worth,4,0,0,40.47945588,-94.42328751,29227.0,198.7083954297069,0.0,4,4,0,0,4,4,2040,0,0,0,0,0
2020-06-11,US,Missouri,Wright,14,0,0,37.27029221,-92.46914488,29229.0,76.54874514735633,0.0,14,14,0,0,14,14,18378,0,0,0,0,0
2020-06-11,US,Montana,Beaverhead,1,0,0,45.13434354,-112.8984694,30001.0,10.578652279699568,0.0,1,1,0,0,1,1,9404,0,0,0,0,0
2020-06-11,US,Montana,Big Horn,42,1,0,45.42335905,-107.492347,30003.0,315.33898941361963,2.380952380952381,41,43,1,0,42,41,13338,-1,0,0,-1,2
2020-06-11,US,Montana,Broadwater,4,0,0,46.33277565,-111.4955813,30007.0,64.1333974667308,0.0,4,4,0,0,4,4,6085,0,0,0,0,0
2020-06-11,US,Montana,Carbon,6,0,0,45.22850116,-109.0274047,30009.0,55.94405594405596,0.0,6,6,0,0,6,6,10714,0,0,0,0,0
2020-06-11,US,Montana,Cascade,17,2,0,47.30797024,-111.3467922,30013.0,20.893247793918835,11.764705882352944,15,17,2,0,15,17,81643,0,0,0,0,0
2020-06-11,US,Montana,Deer Lodge,3,0,0,46.05953325,-113.073353,30023.0,32.822757111597376,0.0,3,3,0,0,3,3,9131,0,0,0,0,0
2020-06-11,US,Montana,Flathead,37,2,0,48.29575866,-114.0520569,30029.0,35.64341174883918,5.405405405405406,35,37,2,0,35,37,102106,0,0,0,0,0
2020-06-11,US,Montana,Gallatin,176,1,0,45.54486106,-111.1692571,30031.0,153.8004439240086,0.5681818181818182,175,174,1,0,173,168,111876,2,0,0,2,6
2020-06-11,US,Montana,Glacier,6,0,0,48.70513576,-112.9934235,30035.0,43.62684505198866,0.0,6,6,0,0,6,6,13747,0,0,0,0,0
2020-06-11,US,Montana,Golden Valley,3,0,0,46.3816474,-109.1768522,30037.0,365.40803897685754,0.0,3,3,0,0,3,3,826,0,0,0,0,0
2020-06-11,US,Montana,Hill,1,0,0,48.62879827,-110.1129252,30041.0,6.066488716330987,0.0,1,1,0,0,1,1,16347,0,0,0,0,0
2020-06-11,US,Montana,Jefferson,3,0,0,46.14907081,-112.094396,30043.0,24.547909336388184,0.0,3,3,0,0,3,3,12097,0,0,0,0,0
2020-06-11,US,Montana,Lake,5,0,0,47.64514965,-114.0898013,30047.0,16.41604832884628,0.0,5,5,0,0,5,5,30250,0,0,0,0,0
2020-06-11,US,Montana,Lewis and Clark,18,0,0,47.12610041,-112.394698,30049.0,25.924645696508808,0.0,18,18,0,0,18,18,68700,0,0,0,0,0
2020-06-11,US,Montana,Liberty,1,0,0,48.56084317,-111.024307,30051.0,42.78990158322636,0.0,1,1,0,0,1,1,2430,0,0,0,0,0
2020-06-11,US,Montana,Lincoln,7,1,0,48.54265777,-115.4046155,30053.0,35.03503503503504,14.285714285714285,6,7,1,0,6,7,19794,0,0,0,0,0
2020-06-11,US,Montana,Madison,8,1,0,45.30080065,-111.9173017,30057.0,93.02325581395347,12.5,7,8,1,0,7,8,8768,0,0,0,0,0
2020-06-11,US,Montana,Meagher,1,0,0,46.59907074,-110.8898557,30059.0,53.705692803437174,0.0,1,1,0,0,1,1,1866,0,0,0,0,0
2020-06-11,US,Montana,Missoula,39,1,0,47.03728583,-113.92135079999998,30063.0,32.608695652173914,2.5641025641025643,38,39,1,0,38,40,118791,0,0,0,0,-1
2020-06-11,US,Montana,Musselshell,1,0,0,46.49684637,-108.39498,30065.0,21.58428663932657,0.0,1,1,0,0,1,1,4651,0,0,0,0,0
2020-06-11,US,Montana,Park,8,0,0,45.48965095,-110.52643940000002,30067.0,48.17535830422739,0.0,8,8,0,0,8,8,16736,0,0,0,0,0
2020-06-11,US,Montana,Pondera,2,0,0,48.22773388,-112.2252703,30073.0,33.83522246658772,0.0,2,2,0,0,2,2,5972,0,0,0,0,0
2020-06-11,US,Montana,Ravalli,14,0,0,46.08520862,-114.11891640000002,30081.0,31.959092361776925,0.0,14,14,0,0,14,14,43172,0,0,0,0,0
2020-06-11,US,Montana,Richland,3,0,0,47.78668011,-104.5610786,30083.0,27.770063871146906,0.0,3,3,0,0,3,3,10913,0,0,0,0,0
2020-06-11,US,Montana,Roosevelt,7,0,0,48.29607488,-105.0079268,30085.0,63.613231552162844,0.0,7,7,0,0,7,7,11059,0,0,0,0,0
2020-06-11,US,Montana,Rosebud,1,0,0,46.23397237,-106.72928799999998,30087.0,11.189437171310285,0.0,1,1,0,0,1,1,9063,0,0,0,0,0
2020-06-11,US,Montana,Silver Bow,11,0,0,45.90018933,-112.6620092,30093.0,31.505083774881854,0.0,11,11,0,0,11,11,34993,0,0,0,0,0
2020-06-11,US,Montana,Stillwater,2,0,0,45.67071407,-109.3950061,30095.0,20.742584526031944,0.0,2,2,0,0,2,2,9534,0,0,0,0,0
2020-06-11,US,Montana,Toole,29,6,0,48.65577551,-111.6942414,30101.0,612.331081081081,20.689655172413797,23,29,6,0,23,29,4853,0,0,0,0,0
2020-06-11,US,Montana,Wheatland,1,0,0,46.46652491,-109.8464636,30107.0,47.036688617121364,0.0,1,1,0,0,1,1,2236,0,0,0,0,0
2020-06-11,US,Montana,Yellowstone,106,3,0,45.93955949,-108.2691486,30111.0,65.71605703657782,2.830188679245283,103,105,3,0,102,105,160137,1,0,0,1,0
2020-06-11,US,Nebraska,Adams,277,11,0,40.52449420000001,-98.50117804,31001.0,883.2063259254536,3.9711191335740073,266,277,11,0,266,277,31511,0,0,0,0,0
2020-06-11,US,Nebraska,Antelope,8,0,0,42.17695516,-98.0666283,31003.0,127.02445220704986,0.0,8,8,0,0,8,8,6336,0,0,0,0,0
2020-06-11,US,Nebraska,Banner,1,0,0,41.54634427,-103.7114332,31007.0,134.2281879194631,0.0,1,,,,,,730,,,,,
2020-06-11,US,Nebraska,Boone,7,0,0,41.70759415,-98.06737183,31011.0,134.82280431432974,0.0,7,7,0,0,7,7,5239,0,0,0,0,0
2020-06-11,US,Nebraska,Box Butte,3,0,0,42.22079243,-103.0878834,31013.0,27.821570991375317,0.0,3,3,0,0,3,3,10772,0,0,0,0,0
2020-06-11,US,Nebraska,Boyd,1,0,0,42.8997274,-98.76486568,31015.0,52.11047420531528,0.0,1,1,0,0,1,1,1955,0,0,0,0,0
2020-06-11,US,Nebraska,Buffalo,177,1,0,40.85486962,-99.07500296,31019.0,356.4308584546608,0.5649717514124294,176,175,1,0,174,175,49615,2,0,0,2,0
2020-06-11,US,Nebraska,Burt,9,0,0,41.85056773,-96.32605633,31021.0,139.34045517882026,0.0,9,10,0,0,10,10,6488,-1,0,0,-1,0
2020-06-11,US,Nebraska,Butler,50,0,0,41.22703692,-97.13106306,31023.0,623.7524950099801,0.0,50,51,0,0,51,51,8058,-1,0,0,-1,0
2020-06-11,US,Nebraska,Cass,59,0,0,40.90899107,-96.13971217,31025.0,224.77903078329777,0.0,59,58,0,0,58,57,26159,1,0,0,1,1
2020-06-11,US,Nebraska,Cedar,8,0,0,42.5988851,-97.25311951,31027.0,95.21542489883362,0.0,8,8,0,0,8,8,8446,0,0,0,0,0
2020-06-11,US,Nebraska,Chase,1,0,0,40.5237198,-101.6978026,31029.0,25.4841997961264,0.0,1,1,0,0,1,1,3977,0,0,0,0,0
2020-06-11,US,Nebraska,Cherry,1,0,0,42.54502621,-101.1244332,31031.0,17.577781683951486,0.0,1,1,0,0,1,1,5761,0,0,0,0,0
2020-06-11,US,Nebraska,Cheyenne,10,0,0,41.21999357,-102.9941693,31033.0,112.23344556677891,0.0,10,10,0,0,10,10,9310,0,0,0,0,0
2020-06-11,US,Nebraska,Clay,24,0,0,40.52439441,-98.05126296,31035.0,386.90955989037565,0.0,24,24,0,0,24,24,6214,0,0,0,0,0
2020-06-11,US,Nebraska,Colfax,643,4,0,41.57486951,-97.0868542,31037.0,6004.2954524231955,0.6220839813374806,639,639,4,0,635,639,10881,4,0,0,4,0
2020-06-11,US,Nebraska,Cuming,34,0,0,41.91637624,-96.78730772,31039.0,384.35451051322633,0.0,34,34,0,0,34,34,8940,0,0,0,0,0
2020-06-11,US,Nebraska,Custer,34,4,0,41.39374521,-99.72805369,31041.0,315.4866846061056,11.764705882352944,30,34,4,0,30,34,10840,0,0,0,0,0
2020-06-11,US,Nebraska,Dakota,1719,27,0,42.39040144,-96.56656425,31043.0,8583.841006691302,1.5706806282722514,1692,1717,27,0,1690,1716,20083,2,0,0,2,1
2020-06-11,US,Nebraska,Dawes,1,0,0,42.71985036,-103.1313774,31045.0,11.6427989288625,0.0,1,1,0,0,1,1,8716,0,0,0,0,0
2020-06-11,US,Nebraska,Dawson,844,8,0,40.87028216,-99.8201461,31047.0,3577.029031574486,0.9478672985781992,836,844,8,0,836,843,23709,0,0,0,0,1
2020-06-11,US,Nebraska,Dixon,35,1,0,42.49188363,-96.86782408,31051.0,621.0078069552875,2.8571428571428568,34,34,1,0,33,32,5709,1,0,0,1,2
2020-06-11,US,Nebraska,Dodge,611,1,0,41.58071748,-96.65598179,31053.0,1670.9968549159032,0.16366612111292966,610,591,1,0,590,582,36791,20,0,0,20,9
2020-06-11,US,Nebraska,Douglas,5403,58,0,41.29518299,-96.15085305,31055.0,945.6930969479827,1.073477697575421,5345,5245,43,0,5202,5164,566880,158,15,0,143,81
2020-06-11,US,Nebraska,Fillmore,9,1,0,40.52458567,-97.59646937,31059.0,164.7748077627243,11.111111111111109,8,9,1,0,8,7,5527,0,0,0,0,2
2020-06-11,US,Nebraska,Franklin,6,0,0,40.17636348,-98.95299073,31061.0,201.40986908358508,0.0,6,6,0,0,6,6,3023,0,0,0,0,0
2020-06-11,US,Nebraska,Frontier,1,0,0,40.52993007,-100.3924658,31063.0,38.06623524933384,0.0,1,1,0,0,1,1,2608,0,0,0,0,0
2020-06-11,US,Nebraska,Furnas,9,1,0,40.17642064,-99.91247454,31065.0,192.4721984602224,11.111111111111109,8,9,0,0,9,9,4715,0,1,0,-1,0
2020-06-11,US,Nebraska,Gage,45,4,0,40.26186809,-96.68946704,31067.0,209.17584716218101,8.888888888888891,41,45,4,0,41,45,21493,0,0,0,0,0
2020-06-11,US,Nebraska,Garden,4,0,0,41.61703149,-102.3313973,31069.0,217.74632553075668,0.0,4,4,0,0,4,4,1897,0,0,0,0,0
2020-06-11,US,Nebraska,Garfield,1,0,0,41.91428955,-98.99111827,31071.0,50.787201625190455,0.0,1,1,0,0,1,1,1987,0,0,0,0,0
2020-06-11,US,Nebraska,Gosper,13,0,0,40.51481965,-99.83020279,31073.0,653.2663316582915,0.0,13,13,0,0,13,13,1996,0,0,0,0,0
2020-06-11,US,Nebraska,Greeley,3,0,0,41.56742671,-98.52150266,31077.0,127.33446519524618,0.0,3,3,0,0,3,3,2356,0,0,0,0,0
2020-06-11,US,Nebraska,Hall,1559,45,0,40.87257079,-98.50218293,31079.0,2541.0330383192345,2.886465683130212,1514,1553,44,0,1509,1550,61607,6,1,0,5,3
2020-06-11,US,Nebraska,Hamilton,56,11,0,40.87349452,-98.02099117,31081.0,600.6006006006006,19.642857142857142,45,56,11,0,45,56,9280,0,0,0,0,0
2020-06-11,US,Nebraska,Hitchcock,1,0,0,40.17609175,-101.0416477,31087.0,36.205648081100655,0.0,1,1,0,0,1,1,2806,0,0,0,0,0
2020-06-11,US,Nebraska,Holt,1,0,0,42.45522056,-98.78402558,31089.0,9.933445912387008,0.0,1,1,0,0,1,1,10178,0,0,0,0,0
2020-06-11,US,Nebraska,Howard,44,4,0,41.2200529,-98.5166499,31093.0,682.6997672614431,9.090909090909092,40,44,4,0,40,43,6468,0,0,0,0,1
2020-06-11,US,Nebraska,Jefferson,9,0,0,40.17584531,-97.142601,31095.0,127.73204655123476,0.0,9,9,0,0,9,9,7097,0,0,0,0,0
2020-06-11,US,Nebraska,Johnson,6,0,0,40.39257596,-96.26522753,31097.0,118.3198580161704,0.0,6,6,0,0,6,6,5134,0,0,0,0,0
2020-06-11,US,Nebraska,Kearney,12,0,0,40.50663314,-98.94877182,31099.0,184.75750577367202,0.0,12,12,0,0,12,12,6544,0,0,0,0,0
2020-06-11,US,Nebraska,Keith,2,0,0,41.19930341,-101.6620164,31101.0,24.894199651481205,0.0,2,2,0,0,2,2,8021,0,0,0,0,0
2020-06-11,US,Nebraska,Kimball,8,0,0,41.19774275,-103.7148131,31105.0,220.26431718061676,0.0,8,8,0,0,8,8,3618,0,0,0,0,0
2020-06-11,US,Nebraska,Knox,11,0,0,42.63758421,-97.89178836,31107.0,132.02112337974077,0.0,11,11,0,0,11,11,8419,0,0,0,0,0
2020-06-11,US,Nebraska,Lancaster,1428,10,0,40.78416049,-96.68777155,31109.0,447.522642514651,0.7002801120448179,1418,1393,10,0,1383,1376,317272,35,0,0,35,17
2020-06-11,US,Nebraska,Lincoln,52,2,0,41.04658298,-100.7475374,31111.0,148.93738901300335,3.8461538461538463,50,51,2,0,49,50,35185,1,0,0,1,1
2020-06-11,US,Nebraska,Madison,331,4,0,41.91676024,-97.6005481,31119.0,943.04681045044,1.2084592145015105,327,328,4,0,324,328,35392,3,0,0,3,0
2020-06-11,US,Nebraska,Merrick,37,0,0,41.16624273,-98.0374887,31121.0,477.1115409413282,0.0,37,36,0,0,36,36,7733,1,0,0,1,0
2020-06-11,US,Nebraska,Morrill,11,0,0,41.71711774,-103.0061405,31123.0,236.96682464454975,0.0,11,11,0,0,11,11,4686,0,0,0,0,0
2020-06-11,US,Nebraska,Nance,4,0,0,41.39750195,-97.99327291,31125.0,113.66865586814436,0.0,4,4,0,0,4,4,3532,0,0,0,0,0
2020-06-11,US,Nebraska,Nemaha,4,0,0,40.38514847,-95.85433992,31127.0,57.37234652897303,0.0,4,4,0,0,4,4,6958,0,0,0,0,0
2020-06-11,US,Nebraska,Nuckolls,1,0,0,40.17637905,-98.04743961,31129.0,24.10800385728061,0.0,1,1,0,0,1,1,4195,0,0,0,0,0
2020-06-11,US,Nebraska,Otoe,11,0,0,40.64843556,-96.13374142,31131.0,68.69847614289283,0.0,11,11,0,0,11,11,15985,0,0,0,0,0
2020-06-11,US,Nebraska,Phelps,20,0,0,40.51156033,-99.41461667,31137.0,221.38587558113792,0.0,20,20,0,0,20,20,8996,0,0,0,0,0
2020-06-11,US,Nebraska,Pierce,6,0,0,42.26434853,-97.60122773,31139.0,83.93956351426971,0.0,6,6,0,0,6,6,7142,0,0,0,0,0
2020-06-11,US,Nebraska,Platte,639,1,0,41.57246836,-97.52144359,31141.0,1909.1723931879294,0.1564945226917058,638,631,1,0,630,630,33363,8,0,0,8,1
2020-06-11,US,Nebraska,Polk,12,0,0,41.18813488,-97.56630712,31143.0,230.19374640322275,0.0,12,12,0,0,12,12,5278,0,0,0,0,0
2020-06-11,US,Nebraska,Red Willow,5,0,0,40.17556879999999,-100.476998,31145.0,46.624393882879524,0.0,5,5,0,0,5,5,10726,0,0,0,0,0
2020-06-11,US,Nebraska,Richardson,1,1,0,40.1247415,-95.71755036,31147.0,12.714558169103626,100.0,0,1,0,0,1,1,7937,0,1,0,-1,0
2020-06-11,US,Nebraska,Saline,518,2,0,40.52418865,-97.14085859,31151.0,3641.7322834645674,0.3861003861003861,516,518,2,0,516,518,14350,0,0,0,0,0
2020-06-11,US,Nebraska,Sarpy,842,5,0,41.11314181,-96.11156432,31153.0,449.79593581059424,0.5938242280285035,837,809,5,0,804,796,184459,33,0,0,33,13
2020-06-11,US,Nebraska,Saunders,56,1,0,41.2278103,-96.63773905,31155.0,259.5235888404857,1.7857142857142858,55,55,1,0,54,54,21303,1,0,0,1,1
2020-06-11,US,Nebraska,Scotts Bluff,162,2,0,41.85070896,-103.7080986,31157.0,454.82621146611257,1.2345679012345678,160,149,0,0,149,149,35989,13,2,0,11,0
2020-06-11,US,Nebraska,Seward,30,1,0,40.87241834,-97.139673,31159.0,173.5709326544781,3.333333333333333,29,29,1,0,28,29,17318,1,0,0,1,0
2020-06-11,US,Nebraska,Sherman,4,0,0,41.22045983,-98.97588642,31163.0,133.2889036987671,0.0,4,5,0,0,5,5,3038,-1,0,0,-1,0
2020-06-11,US,Nebraska,Sioux,1,0,0,42.48932059,-103.7576544,31165.0,85.76329331046313,0.0,1,,,,,,1187,,,,,
2020-06-11,US,Nebraska,Stanton,21,0,0,41.9169835,-97.19394708,31167.0,354.72972972972974,0.0,21,21,0,0,21,21,5970,0,0,0,0,0
2020-06-11,US,Nebraska,Thayer,1,0,0,40.17626377,-97.59504381,31169.0,19.98800719568259,0.0,1,1,0,0,1,1,5039,0,0,0,0,0
2020-06-11,US,Nebraska,Thomas,1,0,0,41.91358968,-100.5556632,31171.0,138.50415512465375,0.0,1,1,0,0,1,1,720,0,0,0,0,0
2020-06-11,US,Nebraska,Thurston,63,0,0,42.15725356,-96.54157099,31173.0,872.0930232558139,0.0,63,61,0,0,61,56,7303,2,0,0,2,5
2020-06-11,US,Nebraska,Unassigned,180,1,0,0.0,0.0,90031.0,0.0,0.5555555555555556,179,217,0,0,217,217,,-37,1,0,-38,0
2020-06-11,US,Nebraska,Valley,7,0,0,41.56730777,-98.98197724,31175.0,168.3501683501684,0.0,7,7,0,0,7,6,4190,0,0,0,0,1
2020-06-11,US,Nebraska,Washington,38,1,0,41.52815707,-96.22019892,31177.0,183.3180568285976,2.631578947368421,37,36,1,0,35,36,20667,2,0,0,2,0
2020-06-11,US,Nebraska,Wayne,26,0,0,42.20934475,-97.11926964,31179.0,277.0378263185935,0.0,26,26,0,0,26,26,9403,0,0,0,0,0
2020-06-11,US,Nebraska,Webster,6,0,0,40.17642643,-98.50019851,31181.0,172.0676799541153,0.0,6,5,0,0,5,5,3533,1,0,0,1,0
2020-06-11,US,Nebraska,York,37,0,0,40.87272618,-97.59710186,31185.0,270.4876087433292,0.0,37,37,0,0,37,37,13772,0,0,0,0,0
2020-06-11,US,Nevada,Carson City,115,5,0,39.15509045,-119.7480219,32510.0,205.66564131912156,4.3478260869565215,110,115,5,0,110,114,55414,0,0,0,0,1
2020-06-11,US,Nevada,Churchill,10,1,0,39.58105744,-118.3394607,32001.0,40.14613192018949,10.0,9,10,1,0,9,10,24440,0,0,0,0,0
2020-06-11,US,Nevada,Clark,8100,375,0,36.21458855,-115.0130241,32003.0,357.3453213130014,4.62962962962963,7725,7915,367,0,7548,7799,2231647,185,8,0,177,116
2020-06-11,US,Nevada,Douglas,39,0,0,38.912862,-119.6171333,32005.0,79.74644719353849,0.0,39,39,0,0,39,38,48467,0,0,0,0,1
2020-06-11,US,Nevada,Elko,39,1,0,41.14531606,-115.3577619,32007.0,73.89442570768124,2.5641025641025643,38,33,1,0,32,27,52460,6,0,0,6,6
2020-06-11,US,Nevada,Humboldt,78,4,0,41.40692186,-118.1109427,32013.0,463.43057453508413,5.128205128205129,74,78,4,0,74,78,16786,0,0,0,0,0
2020-06-11,US,Nevada,Lander,24,0,0,39.9332233,-117.0397075,32015.0,433.8394793926248,0.0,24,24,0,0,24,23,5575,0,0,0,0,1
2020-06-11,US,Nevada,Lincoln,2,0,0,37.64268459,-114.8790388,32017.0,38.58769052672198,0.0,2,2,0,0,2,2,5201,0,0,0,0,0
2020-06-11,US,Nevada,Lyon,89,2,0,39.01777974,-119.1870479,32019.0,154.75569466179797,2.247191011235955,87,89,2,0,87,89,55808,0,0,0,0,0
2020-06-11,US,Nevada,Mineral,4,0,0,38.53841696,-118.4344506,32021.0,88.79023307436182,0.0,4,4,0,0,4,4,4514,0,0,0,0,0
2020-06-11,US,Nevada,Nye,72,2,0,38.04264256,-116.4722702,32023.0,154.76216065172062,2.7777777777777777,70,69,2,0,67,66,45346,3,0,0,3,3
2020-06-11,US,Nevada,Pershing,4,0,0,40.44003782,-118.40056409999998,32027.0,59.479553903345725,0.0,4,4,0,0,4,3,6666,0,0,0,0,1
2020-06-11,US,Nevada,Storey,1,0,0,39.44875482,-119.5250207,32029.0,24.254183846713556,0.0,1,1,0,0,1,1,4029,0,0,0,0,0
2020-06-11,US,Nevada,Washoe,1893,69,0,40.66562265,-119.6631594,32031.0,401.46844559816253,3.645007923930269,1824,1832,67,0,1765,1788,465735,61,2,0,59,44
2020-06-11,US,Nevada,White Pine,3,0,0,39.44157041,-114.899966,32033.0,31.315240083507305,0.0,3,3,0,0,3,3,9475,0,0,0,0,0
2020-06-11,US,New Hampshire,Belknap,72,0,0,43.51637314,-71.41684235,33001.0,117.44939073128558,0.0,72,70,0,0,70,70,61022,2,0,0,2,0
2020-06-11,US,New Hampshire,Carroll,49,0,0,43.87498583,-71.20430216,33003.0,100.1840114496013,0.0,49,49,0,0,49,48,48779,0,0,0,0,1
2020-06-11,US,New Hampshire,Cheshire,60,2,0,42.92015988,-72.25311043,33005.0,78.85917066438851,3.333333333333333,58,59,2,0,57,59,76493,1,0,0,1,0
2020-06-11,US,New Hampshire,Coos,6,0,0,44.69063265,-71.30633239,33007.0,19.0095998479232,0.0,6,6,0,0,6,6,31589,0,0,0,0,0
2020-06-11,US,New Hampshire,Grafton,76,1,0,43.93779815,-71.82057197,33009.0,84.55154306566095,1.3157894736842106,75,76,1,0,75,76,89786,0,0,0,0,0
2020-06-11,US,New Hampshire,Hillsborough,2853,194,0,42.91537785,-71.7200253,33011.0,684.131646783766,6.799859796705222,2659,2833,187,0,2646,2753,415247,20,7,0,13,80
2020-06-11,US,New Hampshire,Merrimack,386,18,0,43.29662971,-71.6811573,33013.0,254.9689215343052,4.66321243523316,368,383,18,0,365,375,151132,3,0,0,3,8
2020-06-11,US,New Hampshire,Rockingham,1400,79,0,42.98499744,-71.12883377,33015.0,451.94967863149634,5.642857142857142,1321,1392,79,0,1313,1386,309176,8,0,0,8,6
2020-06-11,US,New Hampshire,Strafford,278,13,0,43.291833,-71.02336013,33017.0,212.80993317155696,4.676258992805756,265,278,13,0,265,277,130090,0,0,0,0,1
2020-06-11,US,New Hampshire,Sullivan,25,1,0,43.36094111,-72.22203125,33019.0,57.942798868956565,4.0,24,24,1,0,23,20,43144,1,0,0,1,4
2020-06-11,US,New Hampshire,Unassigned,4,0,0,0.0,0.0,90033.0,0.0,0.0,4,8,0,0,8,9,,-4,0,0,-4,-1
2020-06-11,US,New Jersey,Atlantic,2431,171,0,39.47538693,-74.65848483,34001.0,921.9858156028367,7.0341423282599775,2260,2422,168,0,2254,2401,265429,9,3,0,6,21
2020-06-11,US,New Jersey,Bergen,18719,1646,0,40.96010917,-74.07164325,34003.0,2008.0411756250253,8.793204765211817,17073,18667,1635,0,17032,18573,936692,52,11,0,41,94
2020-06-11,US,New Jersey,Burlington,4832,349,0,39.87681124,-74.66927768,34005.0,1084.9917704990917,7.222682119205299,4483,4826,344,0,4482,4808,445384,6,5,0,1,18
2020-06-11,US,New Jersey,Camden,6938,400,0,39.80343818,-74.96388753,34007.0,1369.8711278631945,5.7653502450273875,6538,6903,394,0,6509,6849,507078,35,6,0,29,54
2020-06-11,US,New Jersey,Cape May,663,55,0,39.15008829,-74.80170244,34009.0,720.3468095046665,8.295625942684767,608,662,54,0,608,654,92560,1,1,0,0,8
2020-06-11,US,New Jersey,Cumberland,2627,102,0,39.37199394,-75.10712559,34011.0,1756.8733406006945,3.882755995432052,2525,2604,100,0,2504,2583,150972,23,2,0,21,21
2020-06-11,US,New Jersey,Essex,18234,1723,0,40.78681335,-74.24657979,34013.0,2282.1740354829626,9.449380278600417,16511,18206,1723,0,16483,18151,799767,28,0,0,28,55
2020-06-11,US,New Jersey,Gloucester,2367,155,0,39.71581067,-75.13995546,34015.0,811.6281940501171,6.54837346852556,2212,2357,153,0,2204,2340,291408,10,2,0,8,17
2020-06-11,US,New Jersey,Hudson,19066,1242,0,40.73766234,-74.07515667,34017.0,2835.552528216469,6.5142137836987315,17824,19066,1242,0,17824,19000,676061,0,0,0,0,66
2020-06-11,US,New Jersey,Hunterdon,1032,65,0,40.56335249,-74.91284156,34019.0,829.7754299635768,6.2984496124030995,967,1028,64,0,964,1027,124714,4,1,0,3,1
2020-06-11,US,New Jersey,Mercer,7275,510,0,40.28047017,-74.70479631,34021.0,1979.9689736820621,7.0103092783505145,6765,7245,510,0,6735,7204,369811,30,0,0,30,41
2020-06-11,US,New Jersey,Middlesex,16327,1069,0,40.43629879,-74.41426991,34023.0,1978.8815870807284,6.547436761193116,15258,16288,1064,0,15224,16251,829685,39,5,0,34,37
2020-06-11,US,New Jersey,Monmouth,8627,661,0,40.26549699,-74.22240686,34025.0,1394.1612327184287,7.661991422278893,7966,8563,652,0,7911,8512,621354,64,9,0,55,51
2020-06-11,US,New Jersey,Morris,6601,631,0,40.86095313,-74.54553709999998,34027.0,1342.0894794091635,9.559157703378276,5970,6596,627,0,5969,6605,494228,5,4,0,1,-9
2020-06-11,US,New Jersey,Ocean,9166,803,0,39.8895449,-74.28089251,34029.0,1509.5868481816117,8.760637137246345,8363,9100,792,0,8308,9059,601651,66,11,0,55,41
2020-06-11,US,New Jersey,Passaic,16555,984,0,41.03238628,-74.29954144,34031.0,3298.9522264689354,5.943823618242222,15571,16524,982,0,15542,16492,503310,31,2,0,29,32
2020-06-11,US,New Jersey,Salem,689,55,0,39.58719656,-75.34696629999998,34033.0,1104.4321551655046,7.982583454281567,634,687,55,0,632,686,62607,2,0,0,2,1
2020-06-11,US,New Jersey,Somerset,4721,432,0,40.56465737,-74.61683016,34035.0,1435.24232824822,9.150603685659815,4289,4698,431,0,4267,4679,331164,23,1,0,22,19
2020-06-11,US,New Jersey,Sussex,1179,149,0,41.13891592,-74.69118243,34037.0,839.2175844200218,12.63782866836302,1030,1179,149,0,1030,1172,140799,0,0,0,0,7
2020-06-11,US,New Jersey,Unassigned,232,0,0,0.0,0.0,90034.0,0.0,0.0,232,211,0,0,211,255,,21,0,0,21,-44
2020-06-11,US,New Jersey,Union,16337,1104,0,40.65835409,-74.30680092,34039.0,2936.5083644743067,6.757666646263082,15233,16317,1103,0,15214,16302,558067,20,1,0,19,15
2020-06-11,US,New Jersey,Warren,1198,137,0,40.85951833,-74.99556527,34041.0,1138.0584608661784,11.435726210350586,1061,1197,135,0,1062,1193,105779,1,2,0,-1,4
2020-06-11,US,New Mexico,Bernalillo,1652,77,0,35.05163625,-106.6703554,35001.0,243.2556201324948,4.6610169491525415,1575,1623,77,0,1546,1612,678701,29,0,0,29,11
2020-06-11,US,New Mexico,Catron,2,1,0,33.91514144,-108.4046587,35003.0,56.70541536716757,50.0,1,2,1,0,1,2,3578,0,0,0,0,0
2020-06-11,US,New Mexico,Chaves,52,2,0,33.36406072,-104.4665365,35005.0,80.47666950398516,3.8461538461538463,50,50,2,0,48,48,64689,2,0,0,2,2
2020-06-11,US,New Mexico,Cibola,172,7,0,34.91131525,-107.998876,35006.0,644.7985004686036,4.069767441860465,165,170,7,0,163,169,26746,2,0,0,2,1
2020-06-11,US,New Mexico,Colfax,6,0,0,36.60569702,-104.64726740000002,35007.0,50.24704798593083,0.0,6,6,0,0,6,5,12110,0,0,0,0,1
2020-06-11,US,New Mexico,Curry,68,0,0,34.57421077,-103.3468876,35009.0,138.90591167218204,0.0,68,68,0,0,68,64,49437,0,0,0,0,4
2020-06-11,US,New Mexico,Dona Ana,632,5,0,32.35275771,-106.83293870000001,35013.0,289.649167029492,0.7911392405063291,627,615,3,0,612,589,217522,17,2,0,15,26
2020-06-11,US,New Mexico,Eddy,45,1,0,32.47167456,-104.3053527,35015.0,76.9757098871023,2.2222222222222223,44,42,1,0,41,38,57900,3,0,0,3,4
2020-06-11,US,New Mexico,Grant,16,0,0,32.73911281,-108.3827845,35017.0,59.26364915919698,0.0,16,15,0,0,15,15,27346,1,0,0,1,0
2020-06-11,US,New Mexico,Guadalupe,20,0,0,34.86319296,-104.790669,35019.0,465.11627906976736,0.0,20,20,0,0,20,20,4341,0,0,0,0,0
2020-06-11,US,New Mexico,Harding,1,0,0,35.85751555,-103.8220938,35021.0,160.0,0.0,1,1,0,0,1,1,655,0,0,0,0,0
2020-06-11,US,New Mexico,Hidalgo,1,0,0,31.91383467,-108.7151824,35023.0,23.820867079561697,0.0,1,1,0,0,1,1,4240,0,0,0,0,0
2020-06-11,US,New Mexico,Lea,35,0,0,32.79215361,-103.4123733,35025.0,49.24722104966934,0.0,35,34,0,0,34,33,69611,1,0,0,1,1
2020-06-11,US,New Mexico,Lincoln,5,0,0,33.74526079,-105.4586166,35027.0,25.546699366441857,0.0,5,5,0,0,5,5,19556,0,0,0,0,0
2020-06-11,US,New Mexico,Los Alamos,6,0,0,35.86631386,-106.3134985,35028.0,30.977334916619338,0.0,6,6,0,0,6,6,19101,0,0,0,0,0
2020-06-11,US,New Mexico,Luna,20,1,0,32.18179341,-107.75088259999998,35029.0,84.35615167236071,5.0,19,12,1,0,11,12,23963,8,0,0,8,0
2020-06-11,US,New Mexico,McKinley,2822,139,0,35.58007720000001,-108.262245,35031.0,3954.208527750921,4.925584691708009,2683,2807,137,0,2670,2757,72290,15,2,0,13,50
2020-06-11,US,New Mexico,Otero,28,4,0,32.61348406,-105.7417604,35035.0,41.48762779671063,14.285714285714285,24,28,4,0,24,28,66781,0,0,0,0,0
2020-06-11,US,New Mexico,Quay,4,1,0,35.10403332,-103.5481727,35037.0,48.467224039743115,25.0,3,4,1,0,3,4,8253,0,0,0,0,0
2020-06-11,US,New Mexico,Rio Arriba,60,1,0,36.51072137,-106.6931674,35039.0,154.15842347318932,1.6666666666666667,59,59,1,0,58,57,39006,1,0,0,1,2
2020-06-11,US,New Mexico,Roosevelt,51,0,0,34.02097406,-103.4799493,35041.0,275.6756756756757,0.0,51,46,0,0,46,45,18743,5,0,0,5,1
2020-06-11,US,New Mexico,San Juan,2043,143,0,36.50838318,-108.320437,35045.0,1648.1388857516254,6.999510523739597,1900,2034,136,0,1898,1999,125043,9,7,0,2,35
2020-06-11,US,New Mexico,San Miguel,16,0,0,35.48014807,-104.8163562,35047.0,58.65747699527074,0.0,16,16,0,0,16,16,27591,0,0,0,0,0
2020-06-11,US,New Mexico,Sandoval,607,27,0,35.68862401,-106.8687803,35043.0,413.63425736636964,4.448105436573312,580,604,27,0,577,604,145179,3,0,0,3,0
2020-06-11,US,New Mexico,Santa Fe,161,3,0,35.50708973,-105.9774716,35049.0,107.07777437848335,1.8633540372670807,158,160,3,0,157,155,150056,1,0,0,1,5
2020-06-11,US,New Mexico,Sierra,3,0,0,33.13028233,-107.1925893,35051.0,27.80094523213789,0.0,3,3,0,0,3,1,10968,0,0,0,0,2
2020-06-11,US,New Mexico,Socorro,55,5,0,34.00715494,-106.9298354,35053.0,330.58844743643687,9.090909090909092,50,55,5,0,50,55,16735,0,0,0,0,0
2020-06-11,US,New Mexico,Taos,31,0,0,36.58006022,-105.6310198,35055.0,94.7345903492956,0.0,31,31,0,0,31,31,32835,0,0,0,0,0
2020-06-11,US,New Mexico,Torrance,35,1,0,34.64048375,-105.8508949,35057.0,226.3760429467693,2.8571428571428568,34,35,1,0,34,35,15591,0,0,0,0,0
2020-06-11,US,New Mexico,Unassigned,627,0,0,0.0,0.0,90035.0,0.0,0.0,627,609,1,0,608,612,,18,-1,0,19,-3
2020-06-11,US,New Mexico,Union,5,0,0,36.48126404,-103.4709624,35059.0,123.1830500123183,0.0,5,5,0,0,5,5,4118,0,0,0,0,0
2020-06-11,US,New Mexico,Valencia,86,2,0,34.71669834,-106.8103733,35061.0,112.14270811600252,2.3255813953488373,84,84,2,0,82,81,76456,2,0,0,2,3
2020-06-11,US,New York,Albany,1996,115,0,42.60060306,-73.97723916,36001.0,653.3423238823459,5.761523046092185,1881,1986,115,0,1871,1983,307117,10,0,0,10,3
2020-06-11,US,New York,Allegany,53,0,0,42.25748406,-78.02750466,36003.0,114.98991126250245,0.0,53,52,0,0,52,51,46430,1,0,0,1,1
2020-06-11,US,New York,Broome,641,52,0,42.15903158,-75.81326086,36007.0,336.5041367435219,8.112324492979717,589,630,52,0,578,627,191659,11,0,0,11,3
2020-06-11,US,New York,Cattaraugus,98,5,0,42.24778241,-78.67923096,36009.0,128.74916247356043,5.1020408163265305,93,96,5,0,91,95,76840,2,0,0,2,1
2020-06-11,US,New York,Cayuga,102,2,0,42.91261714,-76.55731592,36011.0,133.2010029251985,1.96078431372549,100,102,2,0,100,102,77145,0,0,0,0,0
2020-06-11,US,New York,Chautauqua,106,4,0,42.22769210000001,-79.36691763,36013.0,83.52836418366785,3.7735849056603774,102,105,4,0,101,103,127939,1,0,0,1,2
2020-06-11,US,New York,Chemung,138,2,0,42.13891056,-76.7638805,36015.0,165.35659509202455,1.4492753623188406,136,138,2,0,136,138,84254,0,0,0,0,0
2020-06-11,US,New York,Chenango,137,5,0,42.49430041,-75.60887553,36017.0,290.2111974918974,3.6496350364963503,132,137,5,0,132,135,47536,0,0,0,0,2
2020-06-11,US,New York,Clinton,98,4,0,44.74530905,-73.67875352,36019.0,121.76181897247936,4.081632653061225,94,97,4,0,93,97,80695,1,0,0,1,0
2020-06-11,US,New York,Columbia,424,34,0,42.24819348,-73.63089095,36021.0,713.072434032391,8.018867924528301,390,420,34,0,386,414,59916,4,0,0,4,6
2020-06-11,US,New York,Cortland,42,0,0,42.59509207,-76.07048931,36023.0,88.27052815199345,0.0,42,42,0,0,42,42,47823,0,0,0,0,0
2020-06-11,US,New York,Delaware,88,4,0,42.19837623,-74.96709306,36025.0,199.38824062535403,4.545454545454546,84,87,4,0,83,86,44527,1,0,0,1,1
2020-06-11,US,New York,Dutchess,4027,142,0,41.76486060000001,-73.74356679,36027.0,1368.7129951260629,3.5261981624037744,3885,4022,142,0,3880,4016,293718,5,0,0,5,6
2020-06-11,US,New York,Erie,6659,580,0,42.76249024,-78.73063652,36029.0,724.8269841580837,8.710016518996849,6079,6616,580,0,6036,6595,919719,43,0,0,43,21
2020-06-11,US,New York,Essex,40,0,0,44.11630765,-73.77297842,36031.0,108.4451674122272,0.0,40,40,0,0,40,40,37300,0,0,0,0,0
2020-06-11,US,New York,Franklin,23,0,0,44.59040891,-74.29926032,36033.0,45.97976890168325,0.0,23,23,0,0,23,23,50293,0,0,0,0,0
2020-06-11,US,New York,Fulton,230,24,0,43.11363907,-74.41798804,36035.0,430.8487720809996,10.434782608695652,206,228,24,0,204,228,53591,2,0,0,2,0
2020-06-11,US,New York,Genesee,212,5,0,43.0022601,-78.19135193,36037.0,370.11173184357534,2.358490566037736,207,211,5,0,206,210,57511,1,0,0,1,1
2020-06-11,US,New York,Greene,249,18,0,42.275797,-74.12384884,36039.0,527.6765279308298,7.2289156626506035,231,249,18,0,231,248,47491,0,0,0,0,1
2020-06-11,US,New York,Hamilton,5,0,0,43.66146647,-74.49721957,36041.0,113.22463768115942,0.0,5,5,0,0,5,5,4434,0,0,0,0,0
2020-06-11,US,New York,Herkimer,125,3,0,43.42034246,-74.96145307,36043.0,203.85198714917072,2.4,122,125,3,0,122,125,61833,0,0,0,0,0
2020-06-11,US,New York,Jefferson,79,0,0,44.04200959,-75.94653457,36045.0,71.92672578618642,0.0,79,79,0,0,79,79,111755,0,0,0,0,0
2020-06-11,US,New York,Lewis,20,0,0,43.7844157,-75.44903992,36049.0,76.057195010648,0.0,20,20,0,0,20,20,26447,0,0,0,0,0
2020-06-11,US,New York,Livingston,121,7,0,42.72596275,-77.77966158,36051.0,192.32603236163646,5.785123966942148,114,121,7,0,114,121,63227,0,0,0,0,0
2020-06-11,US,New York,Madison,333,15,0,42.91653905,-75.67266639,36053.0,469.40415274664866,4.504504504504505,318,331,15,0,316,331,70795,2,0,0,2,0
2020-06-11,US,New York,Monroe,3293,236,0,43.14638895,-77.69322942,36055.0,443.9381479434326,7.1667172790768285,3057,3255,236,0,3019,3243,742474,38,0,0,38,12
2020-06-11,US,New York,Montgomery,101,4,0,42.90123494,-74.44011632,36057.0,205.196968773491,3.96039603960396,97,100,4,0,96,100,49455,1,0,0,1,0
2020-06-11,US,New York,Nassau,41060,2151,0,40.74066522,-73.58941873,36059.0,3025.961660343541,5.238675109595714,38909,41015,2151,0,38864,40980,1358343,45,0,0,45,35
2020-06-11,US,New York,New York City,208517,21993,0,40.76727260000001,-73.97152637,36061.0,2501.1584157358857,10.547341463765543,186524,208118,21960,0,186158,207693,1628701,399,33,0,366,425
2020-06-11,US,New York,Niagara,1136,70,0,43.19898042,-78.74777412,36063.0,542.8108619511564,6.161971830985914,1066,1129,70,0,1059,1125,210433,7,0,0,7,4
2020-06-11,US,New York,Oneida,1216,61,0,43.24375382,-75.43710392,36065.0,531.7683484132225,5.016447368421051,1155,1203,61,0,1142,1185,229577,13,0,0,13,18
2020-06-11,US,New York,Onondaga,2454,151,0,43.00491923,-76.19971155,36067.0,532.8666226592086,6.153219233903831,2303,2433,151,0,2282,2427,461809,21,0,0,21,6
2020-06-11,US,New York,Ontario,229,9,0,42.85145728,-77.30874425,36069.0,208.6047168350383,3.930131004366812,220,222,9,0,213,222,109864,7,0,0,7,0
2020-06-11,US,New York,Orange,10550,467,0,41.40337468,-74.30240757,36071.0,2740.6868602899153,4.426540284360191,10083,10541,467,0,10074,10533,381951,9,0,0,9,8
2020-06-11,US,New York,Orleans,260,41,0,43.2516977,-78.2320066,36073.0,644.3298969072165,15.769230769230768,219,259,41,0,218,257,40612,1,0,0,1,2
2020-06-11,US,New York,Oswego,119,3,0,43.42778894,-76.14635194,36075.0,101.60172125268946,2.5210084033613445,116,115,3,0,112,115,117898,4,0,0,4,0
2020-06-11,US,New York,Otsego,78,5,0,42.63492579,-75.03151402,36077.0,131.10786142907568,6.410256410256411,73,77,5,0,72,75,59749,1,0,0,1,2
2020-06-11,US,New York,Putnam,1282,60,0,41.42630093,-73.74965532,36079.0,1303.9056143205858,4.6801872074883,1222,1282,60,0,1222,1280,98892,0,0,0,0,2
2020-06-11,US,New York,Rensselaer,508,28,0,42.71348136,-73.51089874,36083.0,320.072583388989,5.511811023622046,480,507,28,0,479,505,159442,1,0,0,1,2
2020-06-11,US,New York,Rockland,13385,661,0,41.15027894,-74.02560498,36087.0,4108.487395215922,4.9383638401195356,12724,13372,661,0,12711,13353,325695,13,0,0,13,19
2020-06-11,US,New York,Saratoga,513,14,0,43.10904162,-73.86653895,36091.0,223.17641377690188,2.729044834307992,499,511,14,0,497,511,230163,2,0,0,2,0
2020-06-11,US,New York,Schenectady,717,30,0,42.81668777,-74.05278291,36093.0,461.6900301998081,4.184100418410042,687,716,30,0,686,715,155350,1,0,0,1,1
2020-06-11,US,New York,Schoharie,54,0,0,42.58831742,-74.44339029999998,36095.0,174.19916771508758,0.0,54,54,0,0,54,54,31097,0,0,0,0,0
2020-06-11,US,New York,Schuyler,12,0,0,42.39184015,-76.8773299,36097.0,67.38922895490539,0.0,12,12,0,0,12,12,17912,0,0,0,0,0
2020-06-11,US,New York,Seneca,62,0,0,42.78081007,-76.82497064,36099.0,182.26716839134525,0.0,62,61,0,0,61,61,34300,1,0,0,1,0
2020-06-11,US,New York,St. Lawrence,212,2,0,44.4976179,-75.06550039,36089.0,196.7700018563208,0.9433962264150944,210,209,2,0,207,209,108047,3,0,0,3,0
2020-06-11,US,New York,Steuben,254,41,0,42.2689144,-77.3829924,36101.0,266.3060002725967,16.141732283464567,213,253,41,0,212,252,95796,1,0,0,1,1
2020-06-11,US,New York,Suffolk,40512,1945,0,40.88320119,-72.8012172,36103.0,2743.598304484421,4.8010466034755135,38567,40464,1941,0,38523,40426,1481093,48,4,0,44,38
2020-06-11,US,New York,Sullivan,1426,31,0,41.71579493,-74.76394559,36105.0,1890.4443737405875,2.1739130434782608,1395,1425,31,0,1394,1418,75498,1,0,0,1,7
2020-06-11,US,New York,Tioga,135,22,0,42.16852837,-76.30835812,36107.0,280.0655560857208,16.296296296296298,113,135,22,0,113,134,48560,0,0,0,0,1
2020-06-11,US,New York,Tompkins,171,0,0,42.44945765,-76.47229843,36109.0,167.35173223722842,0.0,171,171,0,0,171,171,102793,0,0,0,0,0
2020-06-11,US,New York,Ulster,1729,79,0,41.89027881,-74.26252104,36111.0,973.6840623292957,4.569115095430885,1650,1726,79,0,1647,1724,178599,3,0,0,3,2
2020-06-11,US,New York,Warren,257,28,0,43.56173026,-73.8433699,36113.0,401.9141749030401,10.894941634241247,229,257,28,0,229,257,64265,0,0,0,0,0
2020-06-11,US,New York,Washington,241,13,0,43.31153794,-73.43043448,36115.0,393.76511339128166,5.394190871369295,228,240,13,0,227,240,61197,1,0,0,1,0
2020-06-11,US,New York,Wayne,127,3,0,43.15494365,-77.02976528,36117.0,141.23979625881358,2.3622047244094486,124,126,3,0,123,126,90064,1,0,0,1,0
2020-06-11,US,New York,Westchester,34106,1400,0,41.16278376,-73.75741653,36119.0,3525.146097285185,4.104849586583007,32706,34076,1399,0,32677,34035,967612,30,1,0,29,41
2020-06-11,US,New York,Wyoming,91,5,0,42.70145109,-78.22199579,36121.0,228.30477432951156,5.494505494505495,86,91,5,0,86,91,40085,0,0,0,0,0
2020-06-11,US,New York,Yates,39,6,0,42.63505484,-77.10369919,36123.0,156.5447758198531,15.384615384615385,33,39,6,0,33,39,24841,0,0,0,0,0
2020-06-11,US,North Carolina,Alamance,581,30,0,36.0434701,-79.39976137,37001.0,342.7546619943484,5.163511187607574,551,574,30,0,544,553,166436,7,0,0,7,21
2020-06-11,US,North Carolina,Alexander,43,0,0,35.922379600000006,-81.17751948,37003.0,114.67584073392538,0.0,43,43,0,0,43,43,37353,0,0,0,0,0
2020-06-11,US,North Carolina,Alleghany,30,0,0,36.49360862,-81.12857041,37005.0,269.37236239561815,0.0,30,30,0,0,30,29,11161,0,0,0,0,1
2020-06-11,US,North Carolina,Anson,81,1,0,34.97403241,-80.09953279,37007.0,331.3425509285773,1.2345679012345678,80,78,1,0,77,78,24877,3,0,0,3,0
2020-06-11,US,North Carolina,Ashe,42,1,0,36.43296207,-81.49862729,37009.0,154.3947358747197,2.380952380952381,41,42,0,0,42,40,27109,0,1,0,-1,2
2020-06-11,US,North Carolina,Avery,6,0,0,36.07569796,-81.92308483,37011.0,34.17440337187447,0.0,6,6,0,0,6,4,17505,0,0,0,0,2
2020-06-11,US,North Carolina,Beaufort,45,0,0,35.48531943,-76.84325809,37013.0,95.75690513682598,0.0,45,44,0,0,44,44,47079,1,0,0,1,0
2020-06-11,US,North Carolina,Bertie,135,4,0,36.0688473,-76.96545943,37015.0,712.5138544360585,2.962962962962963,131,134,4,0,130,134,19026,1,0,0,1,0
2020-06-11,US,North Carolina,Bladen,173,2,0,34.61296243,-78.56180059,37017.0,528.6962899578266,1.1560693641618498,171,165,2,0,163,165,33190,8,0,0,8,0
2020-06-11,US,North Carolina,Brunswick,183,3,0,34.070565,-78.22814204,37019.0,128.13331466181208,1.639344262295082,180,163,3,0,160,160,136744,20,0,0,20,3
2020-06-11,US,North Carolina,Buncombe,417,34,0,35.61113393,-82.53305,37021.0,159.653280549483,8.153477218225419,383,408,34,0,374,401,259103,9,0,0,9,7
2020-06-11,US,North Carolina,Burke,710,18,0,35.74989637,-81.70755735,37023.0,784.6604409570648,2.5352112676056344,692,710,18,0,692,567,90382,0,0,0,0,143
2020-06-11,US,North Carolina,Cabarrus,662,25,0,35.3877799,-80.55267168,37025.0,305.8400668967397,3.776435045317221,637,617,25,0,592,617,211342,45,0,0,45,0
2020-06-11,US,North Carolina,Caldwell,228,3,0,35.95204977,-81.54799522,37027.0,277.4465185329407,1.3157894736842106,225,219,3,0,216,209,82029,9,0,0,9,10
2020-06-11,US,North Carolina,Camden,3,0,0,36.33804939,-76.15568396,37029.0,27.606515137572465,0.0,3,3,0,0,3,3,10710,0,0,0,0,0
2020-06-11,US,North Carolina,Carteret,43,3,0,34.8932941,-76.54120135,37031.0,61.894548961467045,6.9767441860465125,40,42,3,0,39,40,69524,1,0,0,1,2
2020-06-11,US,North Carolina,Caswell,101,1,0,36.39312665,-79.33353281,37033.0,446.8235710493717,0.99009900990099,100,98,1,0,97,97,22698,3,0,0,3,1
2020-06-11,US,North Carolina,Catawba,341,11,0,35.66211129,-81.2132617,37035.0,213.72476512212398,3.2258064516129035,330,338,11,0,327,327,158652,3,0,0,3,11
2020-06-11,US,North Carolina,Chatham,759,37,0,35.70394416,-79.25541492,37037.0,1019.2023633677992,4.874835309617918,722,749,37,0,712,733,73139,10,0,0,10,16
2020-06-11,US,North Carolina,Cherokee,30,1,0,35.1349263,-84.05970864,37039.0,104.85111142178108,3.333333333333333,29,30,1,0,29,30,28383,0,0,0,0,0
2020-06-11,US,North Carolina,Chowan,19,0,0,36.12908077,-76.60118385,37041.0,136.26909560352863,0.0,19,18,0,0,18,17,14029,1,0,0,1,1
2020-06-11,US,North Carolina,Clay,8,0,0,35.05704275,-83.74353633,37043.0,71.23141305315643,0.0,8,8,0,0,8,8,11139,0,0,0,0,0
2020-06-11,US,North Carolina,Cleveland,134,2,0,35.33553364,-81.55204486,37045.0,136.80868224652107,1.492537313432836,132,127,2,0,125,121,97645,7,0,0,7,6
2020-06-11,US,North Carolina,Columbus,388,28,0,34.26744084,-78.65801424,37047.0,698.9983425812495,7.216494845360825,360,379,28,0,351,373,55655,9,0,0,9,6
2020-06-11,US,North Carolina,Craven,243,5,0,35.11833364,-77.08398081,37049.0,237.91108195694102,2.05761316872428,238,241,5,0,236,240,102912,2,0,0,2,1
2020-06-11,US,North Carolina,Cumberland,828,30,0,35.04762133,-78.82623165,37051.0,246.78920684691025,3.6231884057971016,798,811,30,0,781,802,332330,17,0,0,17,9
2020-06-11,US,North Carolina,Currituck,15,0,0,36.36123664,-75.95876401,37053.0,54.028743291431034,0.0,15,15,0,0,15,15,27072,0,0,0,0,0
2020-06-11,US,North Carolina,Dare,25,1,0,35.66520691,-75.71767334,37055.0,67.55113621011104,4.0,24,25,1,0,24,25,36501,0,0,0,0,0
2020-06-11,US,North Carolina,Davidson,556,13,0,35.79115496,-80.21256572,37057.0,331.7244300723708,2.338129496402878,543,544,13,0,531,527,166614,12,0,0,12,17
2020-06-11,US,North Carolina,Davie,131,2,0,35.93099927,-80.54496571,37059.0,305.74616066844044,1.5267175572519085,129,126,2,0,124,119,42733,5,0,0,5,7
2020-06-11,US,North Carolina,Duplin,1096,20,0,34.93449805,-77.93140529,37061.0,1865.8177422924366,1.8248175182481752,1076,1072,20,0,1052,1047,58856,24,0,0,24,25
2020-06-11,US,North Carolina,Durham,2370,53,0,36.03638492,-78.87608331,37063.0,737.1970337928633,2.2362869198312234,2317,2284,53,0,2231,2247,316739,86,0,0,86,37
2020-06-11,US,North Carolina,Edgecombe,234,9,0,35.91230639,-77.59436892,37065.0,454.61610195834635,3.8461538461538463,225,231,9,0,222,229,52005,3,0,0,3,2
2020-06-11,US,North Carolina,Forsyth,1967,25,0,36.12859861,-80.25459052,37067.0,514.5241240403353,1.2709710218607015,1942,1925,18,0,1907,1898,379099,42,7,0,35,27
2020-06-11,US,North Carolina,Franklin,202,22,0,36.081519,-78.28708884,37069.0,289.8758699863672,10.891089108910892,180,197,22,0,175,190,67560,5,0,0,5,7
2020-06-11,US,North Carolina,Gaston,406,8,0,35.29373559,-81.17477045,37071.0,180.8229671890936,1.9704433497536944,398,392,8,0,384,383,222846,14,0,0,14,9
2020-06-11,US,North Carolina,Gates,24,1,0,36.44667547,-76.69749701,37073.0,207.57654385054488,4.166666666666667,23,24,1,0,23,24,11573,0,0,0,0,0
2020-06-11,US,North Carolina,Graham,6,0,0,35.3506925,-83.83369267,37075.0,71.08162539983414,0.0,6,6,0,0,6,4,8484,0,0,0,0,2
2020-06-11,US,North Carolina,Granville,631,14,0,36.30337451,-78.65184241,37077.0,1043.9587710735734,2.218700475435816,617,610,14,0,596,530,60115,21,0,0,21,80
2020-06-11,US,North Carolina,Greene,107,2,0,35.48544173,-77.67578087,37079.0,507.8551426266078,1.8691588785046729,105,106,2,0,104,104,21012,1,0,0,1,2
2020-06-11,US,North Carolina,Guilford,1853,85,0,36.07959451,-79.78824948,37081.0,344.953404297304,4.587155963302751,1768,1853,81,0,1772,1779,533670,0,4,0,-4,74
2020-06-11,US,North Carolina,Halifax,231,2,0,36.25669272,-77.6556109,37083.0,461.9076184763047,0.8658008658008658,229,219,1,0,218,219,50574,12,1,0,11,0
2020-06-11,US,North Carolina,Harnett,363,30,0,35.36731853,-78.87243571,37085.0,266.9588750956051,8.264462809917353,333,352,30,0,322,340,134214,11,0,0,11,12
2020-06-11,US,North Carolina,Haywood,63,0,0,35.55269063,-82.98196486,37087.0,101.0960091146878,0.0,63,63,0,0,63,60,61971,0,0,0,0,3
2020-06-11,US,North Carolina,Henderson,399,48,0,35.33788927,-82.4766782,37089.0,339.8145072689645,12.030075187969926,351,389,48,0,341,389,116748,10,0,0,10,0
2020-06-11,US,North Carolina,Hertford,140,7,0,36.3607755,-76.98104134,37091.0,591.2911264095957,5.0,133,140,7,0,133,135,23659,0,0,0,0,5
2020-06-11,US,North Carolina,Hoke,291,1,0,35.01888303,-79.23651674,37093.0,526.8494043523916,0.3436426116838488,290,288,1,0,287,278,54764,3,0,0,3,10
2020-06-11,US,North Carolina,Hyde,2,0,0,35.42017674,-76.15180542,37095.0,40.51043143609479,0.0,2,2,0,0,2,2,5230,0,0,0,0,0
2020-06-11,US,North Carolina,Iredell,378,6,0,35.80950511,-80.8743128,37097.0,207.9139302333256,1.5873015873015872,372,363,6,0,357,348,178435,15,0,0,15,15
2020-06-11,US,North Carolina,Jackson,55,1,0,35.28814273,-83.14093385,37099.0,125.17638490600392,1.818181818181818,54,55,1,0,54,50,43327,0,0,0,0,5
2020-06-11,US,North Carolina,Johnston,699,23,0,35.51745004,-78.36622717,37101.0,333.90815853710967,3.2904148783977116,676,677,23,0,654,669,202675,22,0,0,22,8
2020-06-11,US,North Carolina,Jones,28,3,0,35.02254606,-77.35870791,37103.0,297.271472555473,10.714285714285714,25,28,3,0,25,28,9637,0,0,0,0,0
2020-06-11,US,North Carolina,Lee,561,4,0,35.47623147,-79.17569362,37105.0,908.0755596561937,0.7130124777183601,557,554,4,0,550,534,61452,7,0,0,7,20
2020-06-11,US,North Carolina,Lenoir,266,8,0,35.24032589999999,-77.64245615,37107.0,475.43298361007345,3.0075187969924815,258,261,8,0,253,257,55976,5,0,0,5,4
2020-06-11,US,North Carolina,Lincoln,113,0,0,35.48508185,-81.21740317,37109.0,131.22597577545258,0.0,113,108,0,0,108,105,83770,5,0,0,5,3
2020-06-11,US,North Carolina,Macon,159,1,0,35.14867843,-83.41696617,37113.0,443.41569524234484,0.6289308176100629,158,158,1,0,157,146,35285,1,0,0,1,12
2020-06-11,US,North Carolina,Madison,4,0,0,35.85402722,-82.71346418,37115.0,18.38657779820731,0.0,4,4,0,0,4,4,21763,0,0,0,0,0
2020-06-11,US,North Carolina,Martin,82,4,0,35.84326734,-77.10860251,37117.0,365.4188948306596,4.878048780487805,78,78,4,0,74,77,22671,4,0,0,4,1
2020-06-11,US,North Carolina,McDowell,121,1,0,35.67736232,-82.0482425,37111.0,264.4461928490253,0.8264462809917356,120,106,1,0,105,101,45507,15,0,0,15,5
2020-06-11,US,North Carolina,Mecklenburg,6155,117,0,35.24469268,-80.8317671,37119.0,554.3267204392105,1.90089358245329,6038,5861,117,0,5744,5682,1093901,294,0,0,294,179
2020-06-11,US,North Carolina,Mitchell,17,0,0,36.01059309,-82.1582442,37121.0,113.60598770382249,0.0,17,17,0,0,17,17,15000,0,0,0,0,0
2020-06-11,US,North Carolina,Montgomery,205,5,0,35.33155144,-79.90416657,37123.0,754.4253486917162,2.4390243902439024,200,170,5,0,165,165,27271,35,0,0,35,5
2020-06-11,US,North Carolina,Moore,288,11,0,35.30885257,-79.48474178,37125.0,285.4877081681205,3.8194444444444446,277,266,11,0,255,266,98682,22,0,0,22,0
2020-06-11,US,North Carolina,Nash,255,4,0,35.96575634,-77.98422508,37127.0,270.4193089991304,1.568627450980392,251,248,4,0,244,242,94016,7,0,0,7,6
2020-06-11,US,North Carolina,New Hanover,304,5,0,34.25758282,-77.87075626,37129.0,129.6524546536275,1.6447368421052633,299,304,5,0,299,278,232274,0,0,0,0,26
2020-06-11,US,North Carolina,Northampton,170,14,0,36.41736238,-77.39769443,37131.0,872.5555612585332,8.235294117647058,156,170,14,0,156,170,19676,0,0,0,0,0
2020-06-11,US,North Carolina,Onslow,145,2,0,34.72607366,-77.42908179,37133.0,73.25526174862836,1.3793103448275863,143,136,2,0,134,134,197683,9,0,0,9,2
2020-06-11,US,North Carolina,Orange,427,40,0,36.06092947,-79.12167935,37135.0,287.58856650233037,9.36768149882904,387,415,40,0,375,405,146027,12,0,0,12,10
2020-06-11,US,North Carolina,Pamlico,14,0,0,35.15253315,-76.66559823,37137.0,110.01100110011,0.0,14,13,0,0,13,13,12670,1,0,0,1,0
2020-06-11,US,North Carolina,Pasquotank,125,14,0,36.26723798,-76.25134778,37139.0,313.8810767376456,11.2,111,120,14,0,106,119,39639,5,0,0,5,1
2020-06-11,US,North Carolina,Pender,122,1,0,34.52265624,-77.90352133,37141.0,193.46653980336188,0.819672131147541,121,117,1,0,116,113,62162,5,0,0,5,4
2020-06-11,US,North Carolina,Perquimans,28,2,0,36.17847453,-76.40603143,37143.0,207.97741959444406,7.142857142857142,26,26,2,0,24,26,13422,2,0,0,2,0
2020-06-11,US,North Carolina,Person,70,1,0,36.38989032,-78.97217358,37145.0,177.26006583945306,1.4285714285714286,69,65,1,0,64,61,39507,5,0,0,5,4
2020-06-11,US,North Carolina,Pitt,432,2,0,35.59535426,-77.37353178,37147.0,239.0147281760742,0.462962962962963,430,416,2,0,414,397,179914,16,0,0,16,19
2020-06-11,US,North Carolina,Polk,51,4,0,35.27820615,-82.16812354,37149.0,246.09148812970471,7.84313725490196,47,51,4,0,47,48,20611,0,0,0,0,3
2020-06-11,US,North Carolina,Randolph,866,17,0,35.71015088,-79.80570339,37151.0,602.7828241697815,1.9630484988452657,849,862,17,0,845,829,143351,4,0,0,4,33
2020-06-11,US,North Carolina,Richmond,190,4,0,35.00417719,-79.74491009,37153.0,423.83278681210817,2.1052631578947367,186,188,4,0,184,184,44887,2,0,0,2,4
2020-06-11,US,North Carolina,Robeson,1001,26,0,34.64244496,-79.10250529999998,37155.0,766.3157894736843,2.5974025974025974,975,1001,26,0,975,983,131831,0,0,0,0,18
2020-06-11,US,North Carolina,Rockingham,123,2,0,36.39593137,-79.77504841,37157.0,135.1499835182947,1.6260162601626016,121,118,2,0,116,116,90690,5,0,0,5,2
2020-06-11,US,North Carolina,Rowan,808,39,0,35.64003916,-80.52446628,37159.0,568.6616744552673,4.826732673267327,769,788,39,0,749,772,141262,20,0,0,20,16
2020-06-11,US,North Carolina,Rutherford,200,7,0,35.40114178,-81.92112099,37161.0,298.37831386414837,3.5,193,200,7,0,193,200,66826,0,0,0,0,0
2020-06-11,US,North Carolina,Sampson,642,4,0,34.98820368,-78.36914061,37163.0,1010.530292298248,0.6230529595015576,638,627,4,0,623,621,63626,15,0,0,15,6
2020-06-11,US,North Carolina,Scotland,102,1,0,34.8386299,-79.4757978,37165.0,292.90985842690174,0.9803921568627452,101,99,0,0,99,98,34810,3,1,0,2,1
2020-06-11,US,North Carolina,Stanly,130,4,0,35.31647813,-80.25093221,37167.0,206.98659363755056,3.0769230769230766,126,124,4,0,120,118,62075,6,0,0,6,6
2020-06-11,US,North Carolina,Stokes,90,0,0,36.4017975,-80.23893369,37169.0,197.40738303612557,0.0,90,89,0,0,89,86,45467,1,0,0,1,3
2020-06-11,US,North Carolina,Surry,300,2,0,36.41689489,-80.69102283,37171.0,417.9262499477592,0.6666666666666666,298,294,2,0,292,279,71948,6,0,0,6,15
2020-06-11,US,North Carolina,Swain,33,0,0,35.48665845,-83.48748932,37173.0,231.23817532058018,0.0,33,32,0,0,32,25,14245,1,0,0,1,7
2020-06-11,US,North Carolina,Transylvania,16,1,0,35.20383864,-82.79638423,37175.0,46.531917987494545,6.25,15,16,1,0,15,16,34215,0,0,0,0,0
2020-06-11,US,North Carolina,Tyrrell,4,0,0,35.87147226,-76.17055253,37177.0,99.60159362549801,0.0,4,4,0,0,4,4,4131,0,0,0,0,0
2020-06-11,US,North Carolina,Union,647,22,0,34.98960527,-80.52955873,37179.0,269.7418066447371,3.4003091190108186,625,616,22,0,594,604,235908,31,0,0,31,12
2020-06-11,US,North Carolina,Vance,390,30,0,36.36880673,-78.40670845,37181.0,875.7157292017514,7.6923076923076925,360,377,28,0,349,375,44582,13,2,0,11,2
2020-06-11,US,North Carolina,Wake,2601,42,0,35.78879266,-78.65249174,37183.0,233.95316079625027,1.6147635524798154,2559,2541,42,0,2499,2378,1092305,60,0,0,60,163
2020-06-11,US,North Carolina,Warren,118,2,0,36.39728256,-78.10652228,37185.0,598.0436875981957,1.6949152542372878,116,113,2,0,111,93,19807,5,0,0,5,20
2020-06-11,US,North Carolina,Washington,32,3,0,35.83810081,-76.57299037,37187.0,276.33851468048357,9.375,29,32,3,0,29,32,11859,0,0,0,0,0
2020-06-11,US,North Carolina,Watauga,41,0,0,36.23103603,-81.70033724,37189.0,72.98360539010628,0.0,41,41,0,0,41,41,55945,0,0,0,0,0
2020-06-11,US,North Carolina,Wayne,1403,22,0,35.36438125,-78.00027268,37191.0,1139.4368599296683,1.5680684248039916,1381,1367,22,0,1345,1339,123248,36,0,0,36,28
2020-06-11,US,North Carolina,Wilkes,516,6,0,36.2084135,-81.16232895,37193.0,754.2536397123313,1.162790697674419,510,513,6,0,507,511,68557,3,0,0,3,2
2020-06-11,US,North Carolina,Wilson,464,13,0,35.70625477,-77.917978,37195.0,567.2302294592977,2.8017241379310347,451,456,13,0,443,447,81455,8,0,0,8,9
2020-06-11,US,North Carolina,Yadkin,225,4,0,36.16222629,-80.66239436,37197.0,597.3398465500305,1.7777777777777777,221,225,4,0,221,221,37543,0,0,0,0,4
2020-06-11,US,North Carolina,Yancey,23,0,0,35.90079156,-82.31237181,37199.0,127.28983341634844,0.0,23,23,0,0,23,21,17903,0,0,0,0,2
2020-06-11,US,North Dakota,Barnes,9,0,0,46.93579637,-98.06605978,38003.0,86.41382621219395,0.0,9,9,0,0,9,9,10542,0,0,0,0,0
2020-06-11,US,North Dakota,Benson,3,0,0,48.0683985,-99.35916363,38005.0,43.911007025761116,0.0,3,3,0,0,3,3,6962,0,0,0,0,0
2020-06-11,US,North Dakota,Bottineau,4,0,0,48.79106111,-100.8378166,38009.0,63.673989175421845,0.0,4,4,0,0,4,4,6411,0,0,0,0,0
2020-06-11,US,North Dakota,Bowman,1,0,0,46.11285362,-103.5203343,38011.0,33.06878306878307,0.0,1,1,0,0,1,1,3076,0,0,0,0,0
2020-06-11,US,North Dakota,Burke,5,0,0,48.79094471,-102.5182117,38013.0,236.40661938534282,0.0,5,5,0,0,5,5,2100,0,0,0,0,0
2020-06-11,US,North Dakota,Burleigh,150,0,0,46.97847375,-100.4645214,38015.0,156.86110472047355,0.0,150,147,0,0,147,144,95273,3,0,0,3,3
2020-06-11,US,North Dakota,Cass,1984,62,0,46.93201724,-97.2444719,38017.0,1090.5712856538203,3.125,1922,1958,61,0,1897,1930,181516,26,1,0,25,28
2020-06-11,US,North Dakota,Dickey,2,0,0,46.11017712,-98.5049008,38021.0,41.05090311986864,0.0,2,1,0,0,1,1,4903,1,0,0,1,0
2020-06-11,US,North Dakota,Divide,1,0,0,48.814938700000006,-103.4873611,38023.0,44.16961130742049,0.0,1,1,0,0,1,1,2283,0,0,0,0,0
2020-06-11,US,North Dakota,Dunn,11,0,0,47.35423935,-102.6160468,38025.0,248.64376130198917,0.0,11,11,0,0,11,11,4332,0,0,0,0,0
2020-06-11,US,North Dakota,Eddy,5,0,0,47.71701474,-98.90432337,38027.0,218.62702229995628,0.0,5,5,0,0,5,5,2313,0,0,0,0,0
2020-06-11,US,North Dakota,Emmons,4,1,0,46.28398398,-100.2389766,38029.0,123.41869793273679,25.0,3,4,1,0,3,4,3295,0,0,0,0,0
2020-06-11,US,North Dakota,Foster,1,0,0,47.4571084,-98.88279923,38031.0,31.152647975077887,0.0,1,1,0,0,1,1,3216,0,0,0,0,0
2020-06-11,US,North Dakota,Grand Forks,339,4,0,47.92093639,-97.45450447,38035.0,488.1139220457589,1.1799410029498525,335,339,4,0,335,339,70770,0,0,0,0,0
2020-06-11,US,North Dakota,Grant,2,0,0,46.35821257,-101.6390013,38037.0,87.95074758135445,0.0,2,2,0,0,2,2,2374,0,0,0,0,0
2020-06-11,US,North Dakota,Griggs,1,0,0,47.45785838,-98.23850925,38039.0,44.822949350067226,0.0,1,1,0,0,1,1,2232,0,0,0,0,0
2020-06-11,US,North Dakota,Kidder,2,0,0,46.97830064,-99.77507857,38043.0,80.64516129032258,0.0,2,2,0,0,2,1,2450,0,0,0,0,1
2020-06-11,US,North Dakota,LaMoure,6,0,0,46.45681054,-98.53542355,38045.0,148.29461196243201,0.0,6,6,0,0,6,1,4062,0,0,0,0,5
2020-06-11,US,North Dakota,McHenry,2,1,0,48.23104458,-100.6324822,38049.0,34.81288076588338,50.0,1,2,1,0,1,2,5816,0,0,0,0,0
2020-06-11,US,North Dakota,McIntosh,1,0,0,46.11182017,-99.44145858,38051.0,40.04805766920305,0.0,1,1,0,0,1,1,2585,0,0,0,0,0
2020-06-11,US,North Dakota,McKenzie,21,0,0,47.74133370000001,-103.395905,38053.0,139.77635782747603,0.0,21,18,0,0,18,18,13632,3,0,0,3,0
2020-06-11,US,North Dakota,McLean,8,0,0,47.60766714,-101.3182418,38055.0,84.65608465608466,0.0,8,8,0,0,8,8,9541,0,0,0,0,0
2020-06-11,US,North Dakota,Mercer,6,0,0,47.31213126,-101.8318399,38057.0,73.28691828508613,0.0,6,6,0,0,6,6,8267,0,0,0,0,0
2020-06-11,US,North Dakota,Morton,61,2,0,46.71681782,-101.2822377,38059.0,194.4904986608851,3.278688524590164,59,60,2,0,58,60,31095,1,0,0,1,0
2020-06-11,US,North Dakota,Mountrail,43,0,0,48.20197971,-102.3555315,38061.0,407.77619724988153,0.0,43,43,0,0,43,43,10218,0,0,0,0,0
2020-06-11,US,North Dakota,Nelson,1,0,0,47.9226426,-98.19038437,38063.0,34.734282737061484,0.0,1,1,0,0,1,1,2869,0,0,0,0,0
2020-06-11,US,North Dakota,Oliver,1,0,0,47.11530482,-101.3406158,38065.0,51.046452271567134,0.0,1,1,0,0,1,1,1952,0,0,0,0,0
2020-06-11,US,North Dakota,Pembina,6,0,0,48.76623521,-97.5523809,38067.0,88.2223202470225,0.0,6,6,0,0,6,6,6947,0,0,0,0,0
2020-06-11,US,North Dakota,Pierce,3,0,0,48.24977025,-99.96407787,38069.0,75.47169811320755,0.0,3,3,0,0,3,3,4081,0,0,0,0,0
2020-06-11,US,North Dakota,Ramsey,8,1,0,48.26886249,-98.72223879,38071.0,69.4504731313482,12.5,7,8,1,0,7,8,11481,0,0,0,0,0
2020-06-11,US,North Dakota,Ransom,12,0,0,46.45621782,-97.65742504,38073.0,229.97316979685704,0.0,12,11,0,0,11,11,5237,1,0,0,1,0
2020-06-11,US,North Dakota,Renville,3,0,0,48.71982533,-101.6603912,38075.0,128.92135797163732,0.0,3,3,0,0,3,3,2374,0,0,0,0,0
2020-06-11,US,North Dakota,Richland,32,0,0,46.26440649,-96.94852979,38077.0,197.81170798046608,0.0,32,31,0,0,31,30,16239,1,0,0,1,1
2020-06-11,US,North Dakota,Rolette,7,0,0,48.77245354,-99.84097493,38079.0,49.37923250564334,0.0,7,7,0,0,7,7,14301,0,0,0,0,0
2020-06-11,US,North Dakota,Sargent,4,0,0,46.10830372,-97.63217159,38081.0,102.6167265264238,0.0,4,4,0,0,4,4,3870,0,0,0,0,0
2020-06-11,US,North Dakota,Sheridan,1,0,0,47.57700669,-100.3426391,38083.0,76.04562737642586,0.0,1,1,0,0,1,1,1349,0,0,0,0,0
2020-06-11,US,North Dakota,Sioux,2,0,0,46.11323337,-101.0440149,38085.0,47.28132387706856,0.0,2,2,0,0,2,2,4358,0,0,0,0,0
2020-06-11,US,North Dakota,Slope,3,0,0,46.44737738,-103.4601547,38087.0,400.0,0.0,3,3,0,0,3,3,763,0,0,0,0,0
2020-06-11,US,North Dakota,Stark,63,2,0,46.80851182,-102.6576326,38089.0,200.06986566737592,3.1746031746031744,61,63,2,0,61,63,30997,0,0,0,0,0
2020-06-11,US,North Dakota,Steele,1,0,0,47.45611548,-97.72728747,38091.0,52.91005291005291,0.0,1,1,0,0,1,1,1903,0,0,0,0,0
2020-06-11,US,North Dakota,Stutsman,51,0,0,46.97962541,-98.95637318,38093.0,246.32921174652242,0.0,51,51,0,0,51,49,20917,0,0,0,0,2
2020-06-11,US,North Dakota,Traill,15,0,0,47.45367788,-97.16323288,38097.0,186.66002986560483,0.0,15,14,0,0,14,14,8037,1,0,0,1,0
2020-06-11,US,North Dakota,Walsh,16,0,0,48.36876964,-97.72574783,38099.0,150.3618081007424,0.0,16,16,0,0,16,16,10667,0,0,0,0,0
2020-06-11,US,North Dakota,Ward,45,1,0,48.22390169,-101.5436763,38101.0,66.52769769814167,2.2222222222222223,44,44,1,0,43,44,67744,1,0,0,1,0
2020-06-11,US,North Dakota,Wells,8,0,0,47.58614526,-99.65904998,38103.0,208.65936358894103,0.0,8,8,0,0,8,8,3957,0,0,0,0,0
2020-06-11,US,North Dakota,Williams,26,0,0,48.34522353,-103.4793387,38105.0,69.16917183218493,0.0,26,25,0,0,25,25,35350,1,0,0,1,0
2020-06-11,US,Ohio,Adams,12,1,0,38.84541072,-83.4718964,39001.0,43.32442775651671,8.333333333333334,11,12,1,0,11,11,27724,0,0,0,0,1
2020-06-11,US,Ohio,Allen,233,34,0,40.77285242,-84.10802343,39003.0,227.64799562290546,14.59227467811159,199,229,34,0,195,227,102663,4,0,0,4,2
2020-06-11,US,Ohio,Ashland,26,0,0,40.84772277,-82.27280781,39005.0,48.612669209483215,0.0,26,26,0,0,26,25,53745,0,0,0,0,1
2020-06-11,US,Ohio,Ashtabula,382,38,0,41.70860332,-80.74830218,39007.0,392.8384117810389,9.947643979057592,344,377,38,0,339,375,97493,5,0,0,5,2
2020-06-11,US,Ohio,Athens,23,1,0,39.33425634,-82.04278644,39009.0,35.207494604068756,4.3478260869565215,22,22,1,0,21,18,65818,1,0,0,1,4
2020-06-11,US,Ohio,Auglaize,82,3,0,40.55998859,-84.22421429999999,39011.0,179.60399509374454,3.6585365853658534,79,81,3,0,78,80,45804,1,0,0,1,1
2020-06-11,US,Ohio,Belmont,462,16,0,40.01625942,-80.9924051,39013.0,689.4904933886518,3.463203463203463,446,460,16,0,444,455,67505,2,0,0,2,5
2020-06-11,US,Ohio,Brown,36,1,0,38.93416837,-83.86788395,39015.0,82.8881930373918,2.7777777777777777,35,32,1,0,31,32,43602,4,0,0,4,0
2020-06-11,US,Ohio,Butler,1048,33,0,39.44012838,-84.57388716,39017.0,273.53354178955664,3.1488549618320607,1015,1045,32,0,1013,1034,382378,3,1,0,2,11
2020-06-11,US,Ohio,Carroll,36,3,0,40.5789686,-81.09178213,39019.0,133.75938173441332,8.333333333333334,33,36,3,0,33,36,27081,0,0,0,0,0
2020-06-11,US,Ohio,Champaign,34,1,0,40.13923427,-83.76875242,39021.0,87.43731516008744,2.9411764705882355,33,34,1,0,33,35,38754,0,0,0,0,-1
2020-06-11,US,Ohio,Clark,394,8,0,39.91592258,-83.78498252,39023.0,293.8478405166949,2.0304568527918785,386,384,8,0,376,377,134585,10,0,0,10,7
2020-06-11,US,Ohio,Clermont,235,6,0,39.04847534,-84.15375786,39025.0,113.84114558102584,2.5531914893617023,229,237,6,0,231,234,205466,-2,0,0,-2,3
2020-06-11,US,Ohio,Clinton,50,1,0,39.41485808,-83.80852286,39027.0,119.13839115516585,2.0,49,49,1,0,48,48,42057,1,0,0,1,1
2020-06-11,US,Ohio,Columbiana,911,55,0,40.76932373,-80.78094576,39029.0,894.1629123602563,6.0373216245883645,856,903,55,0,848,901,102665,8,0,0,8,2
2020-06-11,US,Ohio,Coshocton,49,0,0,40.30096166,-81.91729018,39031.0,133.87978142076503,0.0,49,48,0,0,48,48,36629,1,0,0,1,0
2020-06-11,US,Ohio,Crawford,123,4,0,40.85065156,-82.91989099,39033.0,296.42839928664387,3.2520325203252027,119,121,4,0,117,121,41550,2,0,0,2,0
2020-06-11,US,Ohio,Cuyahoga,5057,303,0,41.424119,-81.65918339,39035.0,409.44981345217116,5.9916946806406965,4754,5011,298,0,4713,4939,1243857,46,5,0,41,72
2020-06-11,US,Ohio,Darke,210,25,0,40.13412966,-84.6194517,39037.0,410.85438146851095,11.904761904761903,185,195,25,0,170,194,51323,15,0,0,15,1
2020-06-11,US,Ohio,Defiance,40,2,0,41.32398837,-84.49076944,39039.0,105.02271116128864,5.0,38,39,2,0,37,38,38165,1,0,0,1,1
2020-06-11,US,Ohio,Delaware,387,14,0,40.27942393,-83.00457058,39041.0,185.0107803439193,3.617571059431525,373,384,14,0,370,378,204826,3,0,0,3,6
2020-06-11,US,Ohio,Erie,191,17,0,41.36796058,-82.62904521,39043.0,257.1836371960251,8.900523560209422,174,191,16,0,175,191,74615,0,1,0,-1,0
2020-06-11,US,Ohio,Fairfield,348,9,0,39.75107189,-82.63088163,39045.0,220.84861715765288,2.586206896551724,339,342,9,0,333,336,155782,6,0,0,6,6
2020-06-11,US,Ohio,Fayette,44,0,0,39.56021306,-83.4562016,39047.0,154.25065731814198,0.0,44,43,0,0,43,43,28666,1,0,0,1,0
2020-06-11,US,Ohio,Franklin,6844,320,0,39.96995815,-83.01115755,39049.0,519.7622034758148,4.67562828755114,6524,6741,313,0,6428,6667,1310300,103,7,0,96,74
2020-06-11,US,Ohio,Fulton,52,0,0,41.60213491,-84.12571393,39051.0,123.43920619095094,0.0,52,52,0,0,52,51,42276,0,0,0,0,1
2020-06-11,US,Ohio,Gallia,9,1,0,38.82708533,-82.31647569,39053.0,30.102347983142685,11.111111111111109,8,9,1,0,8,9,29979,0,0,0,0,0
2020-06-11,US,Ohio,Geauga,331,35,0,41.49952319,-81.17935342,39055.0,353.4474473833143,10.574018126888216,296,327,35,0,292,317,94031,4,0,0,4,10
2020-06-11,US,Ohio,Greene,129,6,0,39.69116283,-83.89032084,39057.0,76.35982644417741,4.651162790697675,123,122,6,0,116,120,167995,7,0,0,7,2
2020-06-11,US,Ohio,Guernsey,44,2,0,40.05026529,-81.49248905,39059.0,113.18327974276528,4.545454545454546,42,44,2,0,42,44,39022,0,0,0,0,0
2020-06-11,US,Ohio,Hamilton,3011,177,0,39.19673558,-84.54502924,39061.0,368.33020784784327,5.878445699103287,2834,2975,174,0,2801,2918,816684,36,3,0,33,57
2020-06-11,US,Ohio,Hancock,61,1,0,41.00250487,-83.66838948,39063.0,80.49298655371256,1.639344262295082,60,60,1,0,59,60,75930,1,0,0,1,0
2020-06-11,US,Ohio,Hardin,87,4,0,40.66015414,-83.65929931,39065.0,277.3792443806791,4.597701149425287,83,78,3,0,75,77,31480,9,1,0,8,1
2020-06-11,US,Ohio,Harrison,10,0,0,40.29380509,-81.09068544,39067.0,66.48936170212765,0.0,10,10,0,0,10,10,15174,0,0,0,0,0
2020-06-11,US,Ohio,Henry,19,0,0,41.3339642,-84.06830637,39069.0,70.35473598459602,0.0,19,19,0,0,19,19,27086,0,0,0,0,0
2020-06-11,US,Ohio,Highland,33,1,0,39.1839264,-83.60331456,39071.0,76.45791339403628,3.0303030303030303,32,31,1,0,30,30,43058,2,0,0,2,1
2020-06-11,US,Ohio,Hocking,73,7,0,39.49537927,-82.47991446,39073.0,258.2790829323521,9.58904109589041,66,73,7,0,66,73,28385,0,0,0,0,0
2020-06-11,US,Ohio,Holmes,74,3,0,40.56163713,-81.92635677,39075.0,168.33484986351232,4.0540540540540535,71,72,3,0,69,69,43892,2,0,0,2,3
2020-06-11,US,Ohio,Huron,71,1,0,41.14651175,-82.59867951,39077.0,121.85494113204956,1.4084507042253518,70,64,1,0,63,64,58504,7,0,0,7,0
2020-06-11,US,Ohio,Jackson,16,0,0,39.01914254,-82.61818559999998,39079.0,49.362909943541176,0.0,16,16,0,0,16,16,32384,0,0,0,0,0
2020-06-11,US,Ohio,Jefferson,69,2,0,40.38614126,-80.76259514,39081.0,105.62571756601608,2.898550724637681,67,69,2,0,67,69,65767,0,0,0,0,0
2020-06-11,US,Ohio,Knox,30,1,0,40.39830217,-82.42027563,39083.0,48.1370944449793,3.333333333333333,29,29,1,0,28,29,61893,1,0,0,1,0
2020-06-11,US,Ohio,Lake,338,12,0,41.69710807,-81.23676539,39085.0,146.86138110528395,3.5502958579881656,326,337,12,0,325,337,230514,1,0,0,1,0
2020-06-11,US,Ohio,Lawrence,32,1,0,38.59743452,-82.53466552,39087.0,53.81497738089232,3.125,31,30,1,0,29,30,59866,2,0,0,2,0
2020-06-11,US,Ohio,Licking,287,11,0,40.09136236,-82.48185785,39089.0,162.27341090793954,3.8327526132404177,276,285,10,0,275,284,175769,2,1,0,1,1
2020-06-11,US,Ohio,Logan,47,0,0,40.38996525,-83.76784341,39091.0,102.90768961289193,0.0,47,46,0,0,46,46,45358,1,0,0,1,0
2020-06-11,US,Ohio,Lorain,772,61,0,41.29553751,-82.15083537,39093.0,249.1664864620618,7.901554404145077,711,762,61,0,701,757,309461,10,0,0,10,5
2020-06-11,US,Ohio,Lucas,2394,272,0,41.62101218,-83.65468618,39095.0,558.8913687002157,11.36173767752715,2122,2390,270,0,2120,2372,429899,4,2,0,2,18
2020-06-11,US,Ohio,Madison,167,7,0,39.89381073,-83.40178317,39097.0,373.3428718338512,4.1916167664670665,160,167,7,0,160,167,44413,0,0,0,0,0
2020-06-11,US,Ohio,Mahoning,1563,202,0,41.01631101,-80.77287029,39099.0,683.4788768732262,12.92386436340371,1361,1529,195,0,1334,1522,229642,34,7,0,27,7
2020-06-11,US,Ohio,Marion,2699,33,0,40.58610662,-83.15736305,39101.0,4146.375186271949,1.2226750648388292,2666,2697,33,0,2664,2695,65256,2,0,0,2,2
2020-06-11,US,Ohio,Medina,394,26,0,41.11770589,-81.89986209999998,39103.0,219.19820190713563,6.598984771573603,368,394,26,0,368,390,179146,0,0,0,0,4
2020-06-11,US,Ohio,Meigs,6,0,0,39.09224872,-82.0305041,39105.0,26.192866809272275,0.0,6,6,0,0,6,6,23106,0,0,0,0,0
2020-06-11,US,Ohio,Mercer,242,8,0,40.54043046,-84.62912742,39107.0,587.7781016224618,3.3057851239669422,234,239,8,0,231,237,40959,3,0,0,3,2
2020-06-11,US,Ohio,Miami,380,30,0,40.0543329,-84.22871271,39109.0,355.18334003196645,7.894736842105262,350,379,30,0,349,376,106222,1,0,0,1,3
2020-06-11,US,Ohio,Monroe,83,15,0,39.72984936,-81.08464734,39111.0,607.8804745862019,18.072289156626507,68,83,15,0,68,81,13790,0,0,0,0,2
2020-06-11,US,Ohio,Montgomery,874,17,0,39.75394919,-84.29050975,39113.0,164.3824280074555,1.9450800915331807,857,847,17,0,830,835,532331,27,0,0,27,12
2020-06-11,US,Ohio,Morgan,6,0,0,39.62081738,-81.85308173,39115.0,41.356492969396186,0.0,6,6,0,0,6,6,14604,0,0,0,0,0
2020-06-11,US,Ohio,Morrow,110,1,0,40.52363560000001,-82.7892599,39117.0,311.3677536231884,0.9090909090909092,109,108,1,0,107,108,35112,2,0,0,2,0
2020-06-11,US,Ohio,Muskingum,55,1,0,39.96575964,-81.94363275,39119.0,63.794003363683814,1.818181818181818,54,55,1,0,54,57,86183,0,0,0,0,-2
2020-06-11,US,Ohio,Noble,6,0,0,39.76818851,-81.45937183,39121.0,41.59733777038269,0.0,6,6,0,0,6,6,14354,0,0,0,0,0
2020-06-11,US,Ohio,Ottawa,111,21,0,41.53781826,-83.0940185,39123.0,273.90499691548433,18.918918918918923,90,111,20,0,91,112,40769,0,1,0,-1,-1
2020-06-11,US,Ohio,Paulding,14,0,0,41.11676341,-84.5801017,39125.0,74.97857754927162,0.0,14,14,0,0,14,14,18760,0,0,0,0,0
2020-06-11,US,Ohio,Perry,22,1,0,39.73508655,-82.23804971,39127.0,60.884485526097315,4.545454545454546,21,21,1,0,20,21,36033,1,0,0,1,0
2020-06-11,US,Ohio,Pickaway,2121,39,0,39.64170392,-83.0243386,39129.0,3628.307987067417,1.8387553041018387,2082,2110,39,0,2071,2109,58086,11,0,0,11,1
2020-06-11,US,Ohio,Pike,10,0,0,39.07634001,-83.06769584,39131.0,36.00748955782803,0.0,10,9,0,0,9,9,28067,1,0,0,1,0
2020-06-11,US,Ohio,Portage,348,58,0,41.16793482,-81.19735782,39133.0,214.19866310489581,16.666666666666668,290,346,58,0,288,344,162927,2,0,0,2,2
2020-06-11,US,Ohio,Preble,40,1,0,39.7420247,-84.64787018,39135.0,97.84257130277383,2.5,39,40,1,0,39,39,40997,0,0,0,0,1
2020-06-11,US,Ohio,Putnam,100,15,0,41.02094889,-84.1336111,39137.0,295.32500516818766,15.0,85,99,14,0,85,98,33780,1,1,0,0,1
2020-06-11,US,Ohio,Richland,238,4,0,40.77180308,-82.53799609999999,39139.0,196.44419499149842,1.680672268907563,234,234,4,0,230,232,121099,4,0,0,4,2
2020-06-11,US,Ohio,Ross,78,2,0,39.33705391,-83.06000914,39141.0,101.74001513056636,2.5641025641025643,76,77,2,0,75,75,76931,1,0,0,1,2
2020-06-11,US,Ohio,Sandusky,102,13,0,41.35624126,-83.137872,39143.0,174.3053419460679,12.745098039215687,89,102,13,0,89,98,58799,0,0,0,0,4
2020-06-11,US,Ohio,Scioto,19,0,0,38.80270163,-82.98907345,39145.0,25.22771330695488,0.0,19,19,0,0,19,19,75502,0,0,0,0,0
2020-06-11,US,Ohio,Seneca,29,2,0,41.12351311,-83.12783209,39147.0,52.55717858566821,6.896551724137932,27,28,2,0,26,28,55207,1,0,0,1,0
2020-06-11,US,Ohio,Shelby,49,3,0,40.33163494,-84.20258189,39149.0,100.84379501955135,6.1224489795918355,46,49,3,0,46,49,48627,0,0,0,0,0
2020-06-11,US,Ohio,Stark,845,105,0,40.81482476,-81.36437305,39151.0,228.0049432551011,12.426035502958579,740,839,105,0,734,827,371574,6,0,0,6,12
2020-06-11,US,Ohio,Summit,1623,188,0,41.12464734,-81.53123079,39153.0,299.99279130076354,11.583487369069625,1435,1621,187,0,1434,1592,541918,2,1,0,1,29
2020-06-11,US,Ohio,Trumbull,625,53,0,41.31735028,-80.76109643,39155.0,315.69802095224634,8.48,572,620,53,0,567,618,198627,5,0,0,5,2
2020-06-11,US,Ohio,Tuscarawas,392,7,0,40.44214695,-81.47226262,39157.0,426.1471729700936,1.7857142857142858,385,389,6,0,383,382,92176,3,1,0,2,7
2020-06-11,US,Ohio,Union,62,1,0,40.30016061,-83.37239023,39159.0,105.10612327931105,1.6129032258064515,61,61,1,0,60,61,57835,1,0,0,1,0
2020-06-11,US,Ohio,Van Wert,9,0,0,40.8554138,-84.59111700000003,39161.0,31.830238726790448,0.0,9,8,0,0,8,8,28281,1,0,0,1,0
2020-06-11,US,Ohio,Vinton,21,2,0,39.25208988,-82.4831444,39163.0,160.4891096675583,9.523809523809524,19,21,2,0,19,21,13139,0,0,0,0,0
2020-06-11,US,Ohio,Warren,473,20,0,39.42581994,-84.16557457,39165.0,201.61805952208422,4.228329809725159,453,461,20,0,441,443,232173,12,0,0,12,18
2020-06-11,US,Ohio,Washington,117,19,0,39.45690571,-81.49121382,39167.0,195.28967969154246,16.23931623931624,98,118,19,0,99,118,60155,-1,0,0,-1,0
2020-06-11,US,Ohio,Wayne,304,52,0,40.82925852,-81.88844833,39169.0,262.72577996715927,17.105263157894736,252,302,52,0,250,301,115967,2,0,0,2,1
2020-06-11,US,Ohio,Williams,58,1,0,41.56052014,-84.58429552,39171.0,158.07260438242668,1.7241379310344829,57,58,1,0,57,58,36804,0,0,0,0,0
2020-06-11,US,Ohio,Wood,314,50,0,41.36224827,-83.62285108,39173.0,240.0299655243585,15.92356687898089,264,312,49,0,263,308,130696,2,1,0,1,4
2020-06-11,US,Ohio,Wyandot,49,2,0,40.84339621,-83.30734173,39175.0,225.05970971890503,4.081632653061225,47,48,2,0,46,48,21935,1,0,0,1,0
2020-06-11,US,Oklahoma,Adair,95,4,0,35.88494195,-94.65859267,40001.0,428.0436153915473,4.2105263157894735,91,95,4,0,91,95,22082,0,0,0,0,0
2020-06-11,US,Oklahoma,Alfalfa,1,0,0,36.73090616,-98.32408495,40003.0,17.5377060680463,0.0,1,1,0,0,1,1,5754,0,0,0,0,0
2020-06-11,US,Oklahoma,Atoka,5,0,0,34.37366573,-96.03802487,40005.0,36.34249164122692,0.0,5,5,0,0,5,5,13838,0,0,0,0,0
2020-06-11,US,Oklahoma,Beaver,29,0,0,36.7496847,-100.4758872,40007.0,546.036527960836,0.0,29,27,0,0,27,27,5319,2,0,0,2,0
2020-06-11,US,Oklahoma,Beckham,7,0,0,35.26862449,-99.68128023,40009.0,32.02342284642481,0.0,7,7,0,0,7,7,21709,0,0,0,0,0
2020-06-11,US,Oklahoma,Blaine,9,0,0,35.87518314,-98.43307003,40011.0,95.45020680878142,0.0,9,10,0,0,10,10,9485,-1,0,0,-1,0
2020-06-11,US,Oklahoma,Bryan,47,1,0,33.96472458,-96.25903472,40013.0,97.92686738201894,2.127659574468085,46,46,1,0,45,40,47192,1,0,0,1,6
2020-06-11,US,Oklahoma,Caddo,173,10,0,35.17364557,-98.37534464,40015.0,601.4880745427995,5.780346820809249,163,174,10,0,164,174,28977,-1,0,0,-1,0
2020-06-11,US,Oklahoma,Canadian,144,3,0,35.5426055,-97.98465569,40017.0,97.09654363275928,2.083333333333333,141,144,3,0,141,143,144447,0,0,0,0,1
2020-06-11,US,Oklahoma,Carter,57,1,0,34.25103751,-97.28552485,40019.0,118.47602419405126,1.7543859649122806,56,55,1,0,54,55,48177,2,0,0,2,0
2020-06-11,US,Oklahoma,Cherokee,39,1,0,35.90692775,-94.99980896,40021.0,80.15290708428388,2.5641025641025643,38,37,1,0,36,37,48675,2,0,0,2,0
2020-06-11,US,Oklahoma,Choctaw,101,1,0,34.02807439,-95.54771129,40023.0,688.3860414394766,0.99009900990099,100,101,1,0,100,100,14668,0,0,0,0,1
2020-06-11,US,Oklahoma,Cimarron,1,0,0,36.74817177,-102.5173885,40025.0,46.79457182966776,0.0,1,1,0,0,1,1,2153,0,0,0,0,0
2020-06-11,US,Oklahoma,Cleveland,533,40,0,35.20413532,-97.32519562,40027.0,187.66680515749226,7.5046904315197,493,529,40,0,489,529,281669,4,0,0,4,0
2020-06-11,US,Oklahoma,Coal,6,0,0,34.58840127,-96.29798747,40029.0,109.1901728844404,0.0,6,5,0,0,5,5,5520,1,0,0,1,0
2020-06-11,US,Oklahoma,Comanche,317,3,0,34.65973764,-98.47195055,40031.0,262.52805406255953,0.946372239747634,314,312,3,0,309,311,120422,5,0,0,5,1
2020-06-11,US,Oklahoma,Cotton,5,2,0,34.28845626,-98.37053567,40033.0,88.24567596187786,40.0,3,5,2,0,3,5,5776,0,0,0,0,0
2020-06-11,US,Oklahoma,Craig,16,0,0,36.76268118,-95.20916602,40035.0,113.13816999010041,0.0,16,16,0,0,16,16,14306,0,0,0,0,0
2020-06-11,US,Oklahoma,Creek,101,7,0,35.90230551,-96.37086028,40037.0,141.2152904001566,6.9306930693069315,94,102,7,0,95,101,71604,-1,0,0,-1,1
2020-06-11,US,Oklahoma,Custer,38,0,0,35.63853802,-99.00170785,40039.0,131.0209288694273,0.0,38,37,0,0,37,35,29036,1,0,0,1,2
2020-06-11,US,Oklahoma,Delaware,104,16,0,36.40823634,-94.80325046,40041.0,241.8098537515404,15.384615384615385,88,104,16,0,88,103,42733,0,0,0,0,1
2020-06-11,US,Oklahoma,Dewey,2,0,0,35.98772922,-99.00730714,40043.0,40.891433244735225,0.0,2,2,0,0,2,2,4894,0,0,0,0,0
2020-06-11,US,Oklahoma,Garfield,31,1,0,36.3791334,-97.78265517,40047.0,50.7730607966457,3.2258064516129035,30,31,1,0,30,31,60913,0,0,0,0,0
2020-06-11,US,Oklahoma,Garvin,20,1,0,34.70418038,-97.30811132,40049.0,72.17350510627548,5.0,19,20,1,0,19,20,27811,0,0,0,0,0
2020-06-11,US,Oklahoma,Grady,115,3,0,35.0167709,-97.88339847,40051.0,205.9676899380306,2.608695652173913,112,115,3,0,112,115,55551,0,0,0,0,0
2020-06-11,US,Oklahoma,Grant,2,0,0,36.796297,-97.78638765,40053.0,46.15739672282484,0.0,2,2,0,0,2,2,4326,0,0,0,0,0
2020-06-11,US,Oklahoma,Greer,66,7,0,34.93535801,-99.5605612,40055.0,1155.4621848739494,10.606060606060606,59,66,7,0,59,66,5821,0,0,0,0,0
2020-06-11,US,Oklahoma,Harper,1,0,0,36.78836519,-99.6679804,40059.0,27.11496746203905,0.0,1,1,0,0,1,1,3797,0,0,0,0,0
2020-06-11,US,Oklahoma,Haskell,6,0,0,35.22257600000001,-95.11513306,40061.0,47.517224994060356,0.0,6,6,0,0,6,6,12668,0,0,0,0,0
2020-06-11,US,Oklahoma,Hughes,3,0,0,35.04912569,-96.24921145,40063.0,22.59206265532043,0.0,3,3,0,0,3,3,13335,0,0,0,0,0
2020-06-11,US,Oklahoma,Jackson,30,3,0,34.58781741,-99.41138784,40065.0,122.29922543823886,10.0,27,30,3,0,27,29,24949,0,0,0,0,1
2020-06-11,US,Oklahoma,Jefferson,4,0,0,34.11130184,-97.83182974,40067.0,66.64445184938353,0.0,4,4,0,0,4,4,6123,0,0,0,0,0
2020-06-11,US,Oklahoma,Johnston,4,0,0,34.31440473,-96.66011537,40069.0,36.08479927830401,0.0,4,3,0,0,3,3,10949,1,0,0,1,0
2020-06-11,US,Oklahoma,Kay,64,7,0,36.81799745,-97.14421435,40071.0,146.9980247140429,10.9375,57,60,7,0,53,60,44161,4,0,0,4,0
2020-06-11,US,Oklahoma,Kingfisher,12,0,0,35.94530008,-97.94193268,40073.0,76.11798287345384,0.0,12,12,0,0,12,12,15816,0,0,0,0,0
2020-06-11,US,Oklahoma,Kiowa,6,0,0,34.91671958,-98.97720696,40075.0,68.90215893431328,0.0,6,6,0,0,6,6,8729,0,0,0,0,0
2020-06-11,US,Oklahoma,Latimer,5,1,0,34.87844729,-95.25215049,40077.0,49.63764519011218,20.0,4,5,1,0,4,5,10231,0,0,0,0,0
2020-06-11,US,Oklahoma,Le Flore,17,1,0,34.89851864,-94.70392124,40079.0,34.10025474896195,5.882352941176472,16,16,1,0,15,16,49980,1,0,0,1,0
2020-06-11,US,Oklahoma,Lincoln,22,2,0,35.70270942,-96.8812462,40081.0,63.07881985262494,9.090909090909092,20,22,2,0,20,22,34920,0,0,0,0,0
2020-06-11,US,Oklahoma,Logan,22,1,0,35.91899576,-97.44352845,40083.0,45.82283226760534,4.545454545454546,21,21,1,0,20,21,47291,1,0,0,1,0
2020-06-11,US,Oklahoma,Love,20,0,0,33.95273467,-97.23906784,40085.0,195.0648590656393,0.0,20,21,0,0,21,21,10134,-1,0,0,-1,0
2020-06-11,US,Oklahoma,Major,6,1,0,36.31149996,-98.53467076,40093.0,78.64726700747148,16.666666666666668,5,6,1,0,5,6,7644,0,0,0,0,0
2020-06-11,US,Oklahoma,Marshall,13,0,0,34.02311222,-96.76855464,40095.0,76.7822337723702,0.0,13,12,0,0,12,11,16806,1,0,0,1,1
2020-06-11,US,Oklahoma,Mayes,46,4,0,36.30179091,-95.23175116,40097.0,111.92214111922141,8.695652173913043,42,37,4,0,33,35,41107,9,0,0,9,2
2020-06-11,US,Oklahoma,McClain,112,4,0,35.01123903,-97.44572302,40087.0,276.7208578346593,3.571428571428572,108,110,4,0,106,110,39985,2,0,0,2,0
2020-06-11,US,Oklahoma,McCurtain,122,2,0,34.11664328,-94.77222373,40089.0,371.588693957115,1.639344262295082,120,117,1,0,116,109,32703,5,1,0,4,8
2020-06-11,US,Oklahoma,McIntosh,14,1,0,35.37235506,-95.66599306,40091.0,71.44315166360481,7.142857142857142,13,14,1,0,13,14,19815,0,0,0,0,0
2020-06-11,US,Oklahoma,Murray,6,0,0,34.48116015,-97.06826283,40099.0,42.634832658281816,0.0,6,6,0,0,6,6,13953,0,0,0,0,0
2020-06-11,US,Oklahoma,Muskogee,69,7,0,35.61318461,-95.37802952,40101.0,101.47506507640043,10.144927536231883,62,67,7,0,60,67,68362,2,0,0,2,0
2020-06-11,US,Oklahoma,Noble,7,0,0,36.38953329,-97.22928674,40103.0,62.887431497619254,0.0,7,7,0,0,7,7,11289,0,0,0,0,0
2020-06-11,US,Oklahoma,Nowata,24,2,0,36.79843529,-95.61902331,40105.0,238.18975784041282,8.333333333333334,22,24,2,0,22,24,10218,0,0,0,0,0
2020-06-11,US,Oklahoma,Okfuskee,6,0,0,35.46485198,-96.32639984,40107.0,50.02918369048611,0.0,6,6,0,0,6,6,12098,0,0,0,0,0
2020-06-11,US,Oklahoma,Oklahoma,1461,64,0,35.55140095,-97.40716948,40109.0,183.21265458959613,4.380561259411362,1397,1436,64,0,1372,1404,792582,25,0,0,25,32
2020-06-11,US,Oklahoma,Okmulgee,29,0,0,35.64661916,-95.96432828,40111.0,75.39321461068505,0.0,29,29,0,0,29,29,38335,0,0,0,0,0
2020-06-11,US,Oklahoma,Osage,104,8,0,36.62888819,-96.39635704,40113.0,221.45092945510297,7.6923076923076925,96,103,8,0,95,102,47014,1,0,0,1,1
2020-06-11,US,Oklahoma,Ottawa,36,2,0,36.83532655,-94.81011909,40115.0,115.65521894175474,5.5555555555555545,34,35,2,0,33,35,31175,1,0,0,1,0
2020-06-11,US,Oklahoma,Pawnee,35,2,0,36.31743373,-96.7033176,40117.0,213.72740595994136,5.7142857142857135,33,35,2,0,33,34,16390,0,0,0,0,1
2020-06-11,US,Oklahoma,Payne,60,1,0,36.07695283,-96.97584944,40119.0,73.3639831751932,1.6666666666666667,59,55,1,0,54,52,82040,5,0,0,5,3
2020-06-11,US,Oklahoma,Pittsburg,44,3,0,34.92065823,-95.7513432,40121.0,100.79259632565172,6.8181818181818175,41,44,3,0,41,43,43877,0,0,0,0,1
2020-06-11,US,Oklahoma,Pontotoc,20,2,0,34.72959848,-96.68337199,40123.0,52.241145125901156,10.0,18,20,2,0,18,20,38247,0,0,0,0,0
2020-06-11,US,Oklahoma,Pottawatomie,66,4,0,35.20614018,-96.94923008,40125.0,90.91910954375138,6.0606060606060606,62,66,4,0,62,65,72679,0,0,0,0,1
2020-06-11,US,Oklahoma,Pushmataha,6,0,0,34.41635232,-95.37603505,40127.0,54.07354001441961,0.0,6,6,0,0,6,5,11179,0,0,0,0,1
2020-06-11,US,Oklahoma,Rogers,92,5,0,36.37004357,-95.60406759,40131.0,99.50356374176664,5.434782608695652,87,92,5,0,87,89,91984,0,0,0,0,3
2020-06-11,US,Oklahoma,Seminole,30,3,0,35.16478725,-96.61686741,40133.0,123.67054167697256,10.0,27,30,3,0,27,30,24578,0,0,0,0,0
2020-06-11,US,Oklahoma,Sequoyah,19,3,0,35.49447108,-94.75463785,40135.0,45.70713753037119,15.789473684210524,16,19,3,0,16,18,41179,0,0,0,0,1
2020-06-11,US,Oklahoma,Stephens,44,1,0,34.48556989,-97.85141892,40137.0,101.986417263519,2.272727272727273,43,43,1,0,42,43,43265,1,0,0,1,0
2020-06-11,US,Oklahoma,Texas,956,6,0,36.74777635,-101.4889765,40139.0,4784.0664564880135,0.6276150627615062,950,955,6,0,949,954,20455,1,0,0,1,1
2020-06-11,US,Oklahoma,Tillman,23,1,0,34.37288446,-98.92426619,40141.0,317.2413793103448,4.3478260869565215,22,23,1,0,22,23,7348,0,0,0,0,0
2020-06-11,US,Oklahoma,Tulsa,1372,62,0,36.11939621,-95.94013939,40143.0,210.57413683021463,4.518950437317784,1310,1308,61,0,1247,1261,648360,64,1,0,63,47
2020-06-11,US,Oklahoma,Wagoner,164,17,0,35.96024096,-95.51911308,40145.0,201.7493141753497,10.365853658536585,147,161,17,0,144,158,80110,3,0,0,3,3
2020-06-11,US,Oklahoma,Washington,344,37,0,36.71380786,-95.90514104,40147.0,667.6111553166301,10.755813953488374,307,343,37,0,306,343,51843,1,0,0,1,0
2020-06-11,US,Oklahoma,Washita,2,0,0,35.29071824,-98.99180434,40149.0,18.321729571271533,0.0,2,2,0,0,2,2,11127,0,0,0,0,0
2020-06-11,US,Oklahoma,Woods,5,0,0,36.76705782,-98.86573064,40151.0,56.863414079381336,0.0,5,5,0,0,5,5,8897,0,0,0,0,0
2020-06-11,US,Oklahoma,Woodward,9,0,0,36.42316318,-99.26283045,40153.0,44.5302063232893,0.0,9,8,0,0,8,8,20222,1,0,0,1,0
2020-06-11,US,Oregon,Baker,1,0,0,44.70915557,-117.6749883,41001.0,6.201935003721161,0.0,1,1,0,0,1,1,16006,0,0,0,0,0
2020-06-11,US,Oregon,Benton,63,5,0,44.49167306,-123.4316987,41003.0,67.70335185324492,7.936507936507938,58,63,5,0,58,63,92101,0,0,0,0,0
2020-06-11,US,Oregon,Clackamas,446,14,0,45.18787398,-122.2179634,41005.0,106.6508523698728,3.1390134529147984,432,399,13,0,386,393,416075,47,1,0,46,6
2020-06-11,US,Oregon,Clatsop,46,0,0,45.99712889,-123.660711,41007.0,114.35958631662687,0.0,46,45,0,0,45,45,39764,1,0,0,1,0
2020-06-11,US,Oregon,Columbia,17,0,0,45.94464254,-123.0890898,41009.0,32.471253390380866,0.0,17,17,0,0,17,17,52377,0,0,0,0,0
2020-06-11,US,Oregon,Coos,32,0,0,43.17406868,-124.0594514,41011.0,49.622404515638806,0.0,32,32,0,0,32,32,64389,0,0,0,0,0
2020-06-11,US,Oregon,Crook,8,0,0,44.14230227,-120.356297,41013.0,32.781511227667586,0.0,8,6,0,0,6,6,23867,2,0,0,2,0
2020-06-11,US,Oregon,Curry,7,0,0,42.45911325,-124.157282,41015.0,30.53435114503817,0.0,7,7,0,0,7,7,22813,0,0,0,0,0
2020-06-11,US,Oregon,Deschutes,135,0,0,43.91570171,-121.2289121,41017.0,68.2880440280841,0.0,135,134,0,0,134,134,191996,1,0,0,1,0
2020-06-11,US,Oregon,Douglas,29,0,0,43.27941273,-123.167291,41019.0,26.130834384573802,0.0,29,29,0,0,29,29,110283,0,0,0,0,0
2020-06-11,US,Oregon,Grant,1,0,0,44.49024544,-119.0068631,41023.0,13.890818169190164,0.0,1,1,0,0,1,1,7176,0,0,0,0,0
2020-06-11,US,Oregon,Harney,1,0,0,43.06422669,-118.9666306,41025.0,13.526308670363855,0.0,1,1,0,0,1,1,7329,0,0,0,0,0
2020-06-11,US,Oregon,Hood River,68,0,0,45.51872811,-121.65520359999998,41027.0,290.82199982892826,0.0,68,67,0,0,67,65,23428,1,0,0,1,2
2020-06-11,US,Oregon,Jackson,76,0,0,42.43201126,-122.7289309,41029.0,34.397856470417835,0.0,76,77,0,0,77,71,219564,-1,0,0,-1,6
2020-06-11,US,Oregon,Jefferson,67,0,0,44.62806839,-121.17832,41031.0,271.717089788304,0.0,67,64,0,0,64,58,24192,3,0,0,3,6
2020-06-11,US,Oregon,Josephine,23,1,0,42.3665549,-123.5561938,41033.0,26.28962017213986,4.3478260869565215,22,23,1,0,22,23,87393,0,0,0,0,0
2020-06-11,US,Oregon,Klamath,46,0,0,42.68762984,-121.64964609999998,41035.0,67.41111990386588,0.0,46,46,0,0,46,46,67653,0,0,0,0,0
2020-06-11,US,Oregon,Lake,4,0,0,42.79246693,-120.3850163,41037.0,50.8323802262041,0.0,4,2,0,0,2,2,7879,2,0,0,2,0
2020-06-11,US,Oregon,Lane,85,3,0,43.93727035,-122.847753,41039.0,22.24740686842884,3.5294117647058822,82,82,3,0,79,81,379611,3,0,0,3,1
2020-06-11,US,Oregon,Lincoln,170,0,0,44.64252874,-123.869912,41041.0,340.25859653336533,0.0,170,161,0,0,161,157,49388,9,0,0,9,4
2020-06-11,US,Oregon,Linn,124,9,0,44.48899494,-122.5373154,41043.0,95.56913733439178,7.258064516129032,115,124,9,0,115,124,127335,0,0,0,0,0
2020-06-11,US,Oregon,Malheur,33,1,0,43.1937027,-117.6227395,41045.0,107.94543848745545,3.0303030303030303,32,33,1,0,32,33,30725,0,0,0,0,0
2020-06-11,US,Oregon,Marion,1105,30,0,44.90287942,-122.5815117,41047.0,317.69488640610894,2.7149321266968327,1075,1071,30,0,1041,1066,346868,34,0,0,34,5
2020-06-11,US,Oregon,Morrow,13,0,0,45.41846568,-119.584546,41049.0,112.0399896578471,0.0,13,13,0,0,13,13,11372,0,0,0,0,0
2020-06-11,US,Oregon,Multnomah,1404,66,0,45.54747959,-122.4169351,41051.0,172.72453266572757,4.700854700854701,1338,1361,66,0,1295,1329,811880,43,0,0,43,32
2020-06-11,US,Oregon,Polk,108,12,0,44.90322804,-123.4128888,41053.0,125.45739675901726,11.111111111111109,96,104,12,0,92,104,85234,4,0,0,4,0
2020-06-11,US,Oregon,Sherman,1,0,0,45.41501554,-120.6827834,41055.0,56.179775280898866,0.0,1,1,0,0,1,1,1708,0,0,0,0,0
2020-06-11,US,Oregon,Tillamook,6,0,0,45.46248721,-123.712066,41057.0,22.192632046160675,0.0,6,6,0,0,6,6,26787,0,0,0,0,0
2020-06-11,US,Oregon,Umatilla,152,3,0,45.59073056,-118.7353826,41059.0,194.99679281590764,1.973684210526316,149,148,3,0,145,144,77516,4,0,0,4,4
2020-06-11,US,Oregon,Union,8,0,0,45.30915495,-118.0068979,41061.0,29.811812930873863,0.0,8,7,0,0,7,7,26461,1,0,0,1,0
2020-06-11,US,Oregon,Wallowa,4,0,0,45.57894064,-117.18353799999998,41063.0,55.493895671476146,0.0,4,3,0,0,3,3,7081,1,0,0,1,0
2020-06-11,US,Oregon,Wasco,35,1,0,45.16292781,-121.1670954,41065.0,131.17457461959373,2.8571428571428568,34,34,1,0,33,34,26505,1,0,0,1,0
2020-06-11,US,Oregon,Washington,828,18,0,45.55972701,-123.0955257,41067.0,137.63480897352358,2.1739130434782608,810,813,18,0,795,807,597695,15,0,0,15,6
2020-06-11,US,Oregon,Yamhill,91,8,0,45.23330449,-123.3086963,41071.0,84.9673202614379,8.791208791208794,83,85,7,0,78,85,107002,6,1,0,5,0
2020-06-11,US,Pennsylvania,Adams,279,9,0,39.87140411,-77.21610347,42001.0,270.85011989243657,3.2258064516129035,270,278,9,0,269,275,102811,1,0,0,1,3
2020-06-11,US,Pennsylvania,Allegheny,2055,171,0,40.46809875,-79.98167747,42003.0,168.99045676763606,8.321167883211679,1884,2034,170,0,1864,2027,1218452,21,1,0,20,7
2020-06-11,US,Pennsylvania,Armstrong,65,5,0,40.81665618,-79.46290811,42005.0,100.40936124198656,7.6923076923076925,60,65,5,0,60,65,65263,0,0,0,0,0
2020-06-11,US,Pennsylvania,Beaver,610,75,0,40.6825484,-80.34921611,42007.0,372.11231691768995,12.295081967213116,535,610,74,0,536,608,164742,0,1,0,-1,2
2020-06-11,US,Pennsylvania,Bedford,46,2,0,40.00522157,-78.48998442,42009.0,96.05746742398931,4.3478260869565215,44,45,2,0,43,45,48176,1,0,0,1,0
2020-06-11,US,Pennsylvania,Berks,4262,336,0,40.41570541,-75.92457766,42011.0,1011.9573372842883,7.883622712341625,3926,4251,334,0,3917,4236,420152,11,2,0,9,15
2020-06-11,US,Pennsylvania,Blair,53,1,0,40.47961444,-78.34917412,42013.0,43.503599307225706,1.8867924528301887,52,53,1,0,52,53,122492,0,0,0,0,0
2020-06-11,US,Pennsylvania,Bradford,46,3,0,41.78869215,-76.51570822,42015.0,76.25615436898032,6.521739130434782,43,46,3,0,43,46,60833,0,0,0,0,0
2020-06-11,US,Pennsylvania,Bucks,5365,540,0,40.33682119,-75.10836643,42017.0,853.9322265904786,10.065237651444548,4825,5340,534,0,4806,5304,628195,25,6,0,19,36
2020-06-11,US,Pennsylvania,Butler,255,12,0,40.91152759,-79.91351055,42019.0,135.7444384705062,4.705882352941177,243,250,12,0,238,249,187888,5,0,0,5,1
2020-06-11,US,Pennsylvania,Cambria,61,2,0,40.49527404,-78.71377428,42021.0,46.85387735037483,3.278688524590164,59,60,2,0,58,60,131730,1,0,0,1,0
2020-06-11,US,Pennsylvania,Cameron,2,0,0,41.43625568,-78.20376845,42023.0,44.974139869575005,0.0,2,2,0,0,2,2,4492,0,0,0,0,0
2020-06-11,US,Pennsylvania,Carbon,255,24,0,40.91545395,-75.7068525,42025.0,397.30765635224833,9.411764705882351,231,255,24,0,231,253,64227,0,0,0,0,2
2020-06-11,US,Pennsylvania,Centre,158,7,0,40.92058903,-77.82200624,42027.0,97.2996274286418,4.4303797468354436,151,158,7,0,151,157,162805,0,0,0,0,1
2020-06-11,US,Pennsylvania,Chester,3189,304,0,39.97291773,-75.74768357,42029.0,607.4412987700695,9.532768893069928,2885,3161,304,0,2857,3134,522046,28,0,0,28,27
2020-06-11,US,Pennsylvania,Clarion,30,2,0,41.19265812,-79.42413524,42031.0,78.04776523232219,6.666666666666668,28,30,2,0,28,29,38779,0,0,0,0,1
2020-06-11,US,Pennsylvania,Clearfield,49,0,0,41.00110782,-78.47592663,42033.0,61.82575231846571,0.0,49,48,0,0,48,48,79388,1,0,0,1,0
2020-06-11,US,Pennsylvania,Clinton,61,3,0,41.23255967,-77.63785995,42035.0,157.90018637399046,4.918032786885246,58,62,3,0,59,61,38684,-1,0,0,-1,1
2020-06-11,US,Pennsylvania,Columbia,369,33,0,41.04821986,-76.40565017,42037.0,568.0068961270857,8.943089430894311,336,368,32,0,336,367,65456,1,1,0,0,1
2020-06-11,US,Pennsylvania,Crawford,32,0,0,41.68447709,-80.10760592,42039.0,37.812097507946454,0.0,32,31,0,0,31,31,85063,1,0,0,1,0
2020-06-11,US,Pennsylvania,Cumberland,692,58,0,40.1625372,-77.26130755,42041.0,273.118364447251,8.38150289017341,634,688,58,0,630,683,251423,4,0,0,4,5
2020-06-11,US,Pennsylvania,Dauphin,1561,104,0,40.41377078,-76.77993242,42043.0,560.9075131423397,6.662395900064063,1457,1541,101,0,1440,1525,277097,20,3,0,17,16
2020-06-11,US,Pennsylvania,Delaware,6805,605,0,39.91680171,-75.40243663,42045.0,1200.7121343386025,8.890521675238793,6200,6754,603,0,6151,6733,564751,51,2,0,49,21
2020-06-11,US,Pennsylvania,Elk,6,0,0,41.42822061,-78.64524744,42047.0,20.060180541624874,0.0,6,6,0,0,6,6,30169,0,0,0,0,0
2020-06-11,US,Pennsylvania,Erie,427,7,0,41.99253829,-80.03301954,42049.0,158.30762842567327,1.639344262295082,420,408,7,0,401,396,272061,19,0,0,19,12
2020-06-11,US,Pennsylvania,Fayette,96,4,0,39.92041012,-79.64291195,42051.0,74.2608722558287,4.166666666666667,92,95,4,0,91,95,130441,1,0,0,1,0
2020-06-11,US,Pennsylvania,Forest,7,0,0,41.51095103,-79.23229292,42053.0,96.59169311439214,0.0,7,7,0,0,7,7,7279,0,0,0,0,0
2020-06-11,US,Pennsylvania,Franklin,827,40,0,39.92956518,-77.72157791,42055.0,533.455462596838,4.836759371221283,787,807,39,0,768,800,154835,20,1,0,19,7
2020-06-11,US,Pennsylvania,Fulton,16,1,0,39.92913544,-78.11163677,42057.0,110.11699931176877,6.25,15,16,1,0,15,16,14523,0,0,0,0,0
2020-06-11,US,Pennsylvania,Greene,30,0,0,39.85746531,-80.22357106,42059.0,82.79744983854499,0.0,30,28,0,0,28,28,36506,2,0,0,2,0
2020-06-11,US,Pennsylvania,Huntingdon,237,4,0,40.42162652,-77.97673273,42061.0,524.9867091972355,1.6877637130801688,233,237,4,0,233,236,45168,0,0,0,0,1
2020-06-11,US,Pennsylvania,Indiana,92,5,0,40.65241041,-79.08963285,42063.0,109.42871076326527,5.434782608695652,87,92,5,0,87,92,84501,0,0,0,0,0
2020-06-11,US,Pennsylvania,Jefferson,16,0,0,41.12913106,-78.9986361,42065.0,36.845135290731136,0.0,16,16,0,0,16,16,43641,0,0,0,0,0
2020-06-11,US,Pennsylvania,Juniata,105,5,0,40.53358749,-77.39975129999998,42067.0,424.01970682065996,4.761904761904762,100,102,5,0,97,101,24704,3,0,0,3,1
2020-06-11,US,Pennsylvania,Lackawanna,1595,191,0,41.43564672,-75.60379201,42069.0,760.7047130307049,11.974921630094045,1404,1591,189,0,1402,1587,210793,4,2,0,2,4
2020-06-11,US,Pennsylvania,Lancaster,3632,322,0,40.03904563,-76.24770128,42071.0,665.5378909485381,8.865638766519824,3310,3600,322,0,3278,3554,543557,32,0,0,32,46
2020-06-11,US,Pennsylvania,Lawrence,86,8,0,40.99206278,-80.33393706,42073.0,100.5706801384601,9.30232558139535,78,87,8,0,79,85,86184,-1,0,0,-1,2
2020-06-11,US,Pennsylvania,Lebanon,1106,38,0,40.36680311,-76.45651841,42075.0,780.0102967001193,3.4358047016274864,1068,1091,38,0,1053,1086,141314,15,0,0,15,5
2020-06-11,US,Pennsylvania,Lehigh,3907,263,0,40.6154815,-75.59435245,42077.0,1057.8959054256766,6.731507550550294,3644,3895,259,0,3636,3890,368100,12,4,0,8,5
2020-06-11,US,Pennsylvania,Luzerne,2813,161,0,41.17823008,-75.98447579,42079.0,886.215924162852,5.723426946320653,2652,2810,161,0,2649,2798,317646,3,0,0,3,12
2020-06-11,US,Pennsylvania,Lycoming,168,17,0,41.34310539,-77.06629984,42081.0,148.28021430021445,10.119047619047619,151,168,17,0,151,168,113664,0,0,0,0,0
2020-06-11,US,Pennsylvania,McKean,13,1,0,41.80938602,-78.56478358,42083.0,32.0,7.6923076923076925,12,13,1,0,12,13,40968,0,0,0,0,0
2020-06-11,US,Pennsylvania,Mercer,114,6,0,41.30248872,-80.25816981,42085.0,104.18189793829508,5.2631578947368425,108,114,6,0,108,113,110683,0,0,0,0,1
2020-06-11,US,Pennsylvania,Mifflin,59,1,0,40.61116939,-77.61070738,42087.0,127.8772378516624,1.6949152542372878,58,59,1,0,58,59,46222,0,0,0,0,0
2020-06-11,US,Pennsylvania,Monroe,1346,103,0,41.05934058,-75.34031025,42089.0,790.5045486312995,7.652303120356612,1243,1344,102,0,1242,1342,169507,2,1,0,1,2
2020-06-11,US,Pennsylvania,Montgomery,7754,748,0,40.21053671,-75.36652296,42091.0,933.188111900736,9.646633995357234,7006,7709,740,0,6969,7672,828604,45,8,0,37,37
2020-06-11,US,Pennsylvania,Montour,55,0,0,41.03023987,-76.66345939,42093.0,301.70049369171693,0.0,55,53,0,0,53,53,18240,2,0,0,2,0
2020-06-11,US,Pennsylvania,Northampton,3202,238,0,40.75182733,-75.30471829,42095.0,1048.8559870285144,7.432854465958775,2964,3193,238,0,2955,3175,304807,9,0,0,9,18
2020-06-11,US,Pennsylvania,Northumberland,213,3,0,40.84785433,-76.70798222,42097.0,234.47046002443776,1.4084507042253518,210,211,3,0,208,211,91083,2,0,0,2,0
2020-06-11,US,Pennsylvania,Perry,69,4,0,40.40206612,-77.26297447,42099.0,149.11825726141078,5.797101449275362,65,68,4,0,64,68,46139,1,0,0,1,0
2020-06-11,US,Pennsylvania,Philadelphia,24107,1471,0,40.00338507,-75.1379271,42101.0,1521.8450769665872,6.101962085701247,22636,23951,1454,0,22497,23822,1584138,156,17,0,139,129
2020-06-11,US,Pennsylvania,Pike,482,20,0,41.33155042,-75.03208106,42103.0,863.6599831568385,4.149377593360996,462,483,20,0,463,482,55933,-1,0,0,-1,1
2020-06-11,US,Pennsylvania,Potter,12,0,0,41.74471626,-77.89559864,42105.0,72.61285247488807,0.0,12,12,0,0,12,11,16622,0,0,0,0,1
2020-06-11,US,Pennsylvania,Schuylkill,668,42,0,40.70497338,-76.2150785,42107.0,472.5556915371501,6.2874251497005975,626,664,42,0,622,659,142067,4,0,0,4,5
2020-06-11,US,Pennsylvania,Snyder,59,1,0,40.77129231,-77.06840691,42109.0,146.14088972555237,1.6949152542372878,58,59,1,0,58,57,40540,0,0,0,0,2
2020-06-11,US,Pennsylvania,Somerset,39,1,0,39.97172723,-79.02699593,42111.0,53.0995139352186,2.5641025641025643,38,39,1,0,38,39,73952,0,0,0,0,0
2020-06-11,US,Pennsylvania,Sullivan,3,0,0,41.44634738,-76.51246591,42113.0,49.455984174085074,0.0,3,3,0,0,3,3,6071,0,0,0,0,0
2020-06-11,US,Pennsylvania,Susquehanna,164,17,0,41.82147784,-75.80071959,42115.0,406.66534417774244,10.365853658536585,147,155,16,0,139,154,40589,9,1,0,8,1
2020-06-11,US,Pennsylvania,Tioga,20,2,0,41.77255149,-77.25433032,42117.0,49.27200610972876,10.0,18,19,2,0,17,19,40763,1,0,0,1,0
2020-06-11,US,Pennsylvania,Union,79,2,0,40.96188846,-77.05996014,42119.0,175.85646550764642,2.5316455696202533,77,75,2,0,73,74,44785,4,0,0,4,1
2020-06-11,US,Pennsylvania,Venango,16,0,0,41.40323442,-79.75845449,42121.0,31.57811636535881,0.0,16,16,0,0,16,16,51266,0,0,0,0,0
2020-06-11,US,Pennsylvania,Warren,5,0,0,41.81304978,-79.26969577,42123.0,12.758031180628205,0.0,5,5,0,0,5,5,39498,0,0,0,0,0
2020-06-11,US,Pennsylvania,Washington,151,6,0,40.19208869,-80.24582867,42125.0,72.99446498924421,3.9735099337748334,145,151,6,0,145,150,207346,0,0,0,0,1
2020-06-11,US,Pennsylvania,Wayne,125,9,0,41.64938475,-75.29956506,42127.0,243.37532368918048,7.2,116,123,9,0,114,124,51276,2,0,0,2,-1
2020-06-11,US,Pennsylvania,Westmoreland,474,38,0,40.31377979999999,-79.46615476,42129.0,135.85593538531208,8.016877637130802,436,473,38,0,435,467,350611,1,0,0,1,6
2020-06-11,US,Pennsylvania,Wyoming,36,7,0,41.51955538,-76.01074915,42131.0,134.35843845637086,19.444444444444443,29,36,7,0,29,36,27046,0,0,0,0,0
2020-06-11,US,Pennsylvania,York,1117,31,0,39.9210089,-76.73040131,42133.0,248.7429240766226,2.775290957923008,1086,1102,30,0,1072,1094,448273,15,1,0,14,8
2020-06-11,US,Rhode Island,Bristol,231,0,0,41.71018079,-71.28652315,44001.0,476.4949772066256,0.0,231,231,0,0,231,231,48649,0,0,0,0,0
2020-06-11,US,Rhode Island,Kent,1105,0,0,41.67106337,-71.57641596,44003.0,672.5829620431914,0.0,1105,1105,0,0,1105,1105,163861,0,0,0,0,0
2020-06-11,US,Rhode Island,Newport,269,0,0,41.5642026,-71.26569799,44005.0,327.7210594283765,0.0,269,269,0,0,269,269,82542,0,0,0,0,0
2020-06-11,US,Rhode Island,Providence,11959,0,0,41.87064746,-71.57753536,44007.0,1871.7201074920454,0.0,11959,11959,0,0,11959,11959,636084,0,0,0,0,0
2020-06-11,US,Rhode Island,Unassigned,1785,823,0,0.0,0.0,90044.0,0.0,46.10644257703081,962,1679,812,0,867,1614,,106,11,0,95,65
2020-06-11,US,Rhode Island,Washington,513,0,0,41.45961631,-71.61435303,44009.0,408.51429800043,0.0,513,513,0,0,513,513,126179,0,0,0,0,0
2020-06-11,US,South Carolina,Abbeville,63,0,0,34.22333378,-82.46170658,45001.0,256.8597871733192,0.0,63,60,0,0,60,60,24541,3,0,0,3,0
2020-06-11,US,South Carolina,Aiken,222,8,0,33.54338026,-81.63645384,45003.0,129.9218128189522,3.603603603603604,214,216,8,0,208,213,169401,6,0,0,6,3
2020-06-11,US,South Carolina,Allendale,40,3,0,32.98837386,-81.35321066,45005.0,460.4051565377532,7.5,37,39,3,0,36,39,8903,1,0,0,1,0
2020-06-11,US,South Carolina,Anderson,295,9,0,34.51828081,-82.63959517,45007.0,145.6372989464746,3.0508474576271185,286,287,9,0,278,289,200482,8,0,0,8,-2
2020-06-11,US,South Carolina,Bamberg,39,0,0,33.21927586,-81.05659969,45009.0,277.264325323475,0.0,39,36,0,0,36,36,14275,3,0,0,3,0
2020-06-11,US,South Carolina,Barnwell,54,1,0,33.26679302,-81.43584352,45011.0,258.7942106776574,1.851851851851852,53,54,1,0,53,54,21112,0,0,0,0,0
2020-06-11,US,South Carolina,Beaufort,507,14,0,32.39226291,-80.72619758,45013.0,263.894816835136,2.7613412228796843,493,483,14,0,469,464,188715,24,0,0,24,19
2020-06-11,US,South Carolina,Berkeley,335,19,0,33.20222596,-79.94654523,45015.0,146.98978091941012,5.6716417910447765,316,315,19,0,296,291,221091,20,0,0,20,24
2020-06-11,US,South Carolina,Calhoun,24,1,0,33.66926881,-80.77722168,45017.0,164.91445062873638,4.166666666666667,23,23,1,0,22,23,14520,1,0,0,1,0
2020-06-11,US,South Carolina,Charleston,910,14,0,32.82487866,-79.96512315,45019.0,221.1926904323224,1.5384615384615383,896,869,14,0,855,835,405905,41,0,0,41,34
2020-06-11,US,South Carolina,Cherokee,78,5,0,35.05122251,-81.61828622,45021.0,136.12565445026178,6.410256410256411,73,76,5,0,71,74,57078,2,0,0,2,2
2020-06-11,US,South Carolina,Chester,113,1,0,34.69249168,-81.1583216,45023.0,350.452797419675,0.8849557522123894,112,110,1,0,109,110,32251,3,0,0,3,0
2020-06-11,US,South Carolina,Chesterfield,272,7,0,34.64137396,-80.15640140000002,45025.0,595.8378970427162,2.573529411764706,265,265,7,0,258,256,45754,7,0,0,7,9
2020-06-11,US,South Carolina,Clarendon,320,41,0,33.66610974,-80.21647898,45027.0,948.2886353533856,12.8125,279,311,41,0,270,309,33700,9,0,0,9,2
2020-06-11,US,South Carolina,Colleton,165,16,0,32.87582989,-80.67641292,45029.0,437.93295644557685,9.696969696969695,149,159,14,0,145,148,37660,6,2,0,4,11
2020-06-11,US,South Carolina,Darlington,342,12,0,34.33358335,-79.96027485,45031.0,513.3747635774115,3.5087719298245608,330,334,12,0,322,333,66802,8,0,0,8,1
2020-06-11,US,South Carolina,Dillon,192,4,0,34.39007791,-79.37741872,45033.0,629.9419272285836,2.083333333333333,188,190,4,0,186,189,30599,2,0,0,2,1
2020-06-11,US,South Carolina,Dorchester,223,3,0,33.0794369,-80.40502652,45035.0,136.97031490888097,1.345291479820628,220,214,3,0,211,219,160647,9,0,0,9,-5
2020-06-11,US,South Carolina,Edgefield,57,2,0,33.77221995,-81.96231108,45037.0,209.0975788701394,3.5087719298245608,55,56,2,0,54,55,27052,1,0,0,1,1
2020-06-11,US,South Carolina,Fairfield,224,20,0,34.39287073,-81.1195624,45039.0,1002.3716829999553,8.928571428571429,204,219,19,0,200,216,22402,5,1,0,4,3
2020-06-11,US,South Carolina,Florence,751,43,0,34.02361754,-79.70189312,45041.0,543.0499012965226,5.725699067909454,708,730,42,0,688,727,138159,21,1,0,20,3
2020-06-11,US,South Carolina,Georgetown,117,3,0,33.43443342,-79.33202141,45043.0,186.6624122527122,2.5641025641025643,114,103,3,0,100,100,62249,14,0,0,14,3
2020-06-11,US,South Carolina,Greenville,2492,67,0,34.89502264,-82.37295012,45045.0,475.9885548819388,2.6886035313001604,2425,2371,65,0,2306,2222,514213,121,2,0,119,149
2020-06-11,US,South Carolina,Greenwood,235,5,0,34.15272415,-82.12715789,45047.0,331.86934233381817,2.127659574468085,230,199,4,0,195,198,70741,36,1,0,35,1
2020-06-11,US,South Carolina,Hampton,50,1,0,32.77419582,-81.13845571,45049.0,260.1186140880241,2.0,49,45,1,0,44,46,19351,5,0,0,5,-1
2020-06-11,US,South Carolina,Horry,849,33,0,33.9212828,-78.99555293,45051.0,239.77564455590667,3.886925795053004,816,803,33,0,770,720,344147,46,0,0,46,83
2020-06-11,US,South Carolina,Jasper,52,2,0,32.43171982,-81.02487495,45053.0,172.91257939015065,3.8461538461538463,50,50,2,0,48,50,28971,2,0,0,2,0
2020-06-11,US,South Carolina,Kershaw,404,15,0,34.33988254,-80.58763164,45055.0,607.0532373668315,3.712871287128713,389,397,15,0,382,391,65592,7,0,0,7,6
2020-06-11,US,South Carolina,Lancaster,232,6,0,34.68270843,-80.70513032,45057.0,236.70570950495858,2.586206896551724,226,220,6,0,214,214,95380,12,0,0,12,6
2020-06-11,US,South Carolina,Laurens,109,4,0,34.48244419,-82.00490796,45059.0,161.4982294460166,3.669724770642202,105,101,4,0,97,97,66994,8,0,0,8,4
2020-06-11,US,South Carolina,Lee,232,19,0,34.16393091,-80.25690731,45061.0,1378.6546232469693,8.189655172413794,213,233,19,0,214,231,17142,-1,0,0,-1,2
2020-06-11,US,South Carolina,Lexington,992,38,0,33.89665987,-81.27146426,45063.0,332.05020920502085,3.8306451612903225,954,941,37,0,904,913,295032,51,1,0,50,28
2020-06-11,US,South Carolina,Marion,86,5,0,34.07859748,-79.36400756,45067.0,280.5232084026486,5.813953488372092,81,83,5,0,78,83,31039,3,0,0,3,0
2020-06-11,US,South Carolina,Marlboro,221,3,0,34.59905577,-79.67561152,45069.0,846.1597365801363,1.3574660633484164,218,215,3,0,212,211,26398,6,0,0,6,4
2020-06-11,US,South Carolina,McCormick,11,1,0,33.90161443,-82.30794338,45065.0,116.24220648842864,9.090909090909092,10,11,1,0,10,11,9410,0,0,0,0,0
2020-06-11,US,South Carolina,Newberry,90,2,0,34.28629098,-81.59935761,45071.0,234.13111342351718,2.2222222222222223,88,88,2,0,86,87,38520,2,0,0,2,1
2020-06-11,US,South Carolina,Oconee,70,0,0,34.75225169,-83.06742317,45073.0,87.99939657556635,0.0,70,65,0,0,65,61,78374,5,0,0,5,4
2020-06-11,US,South Carolina,Orangeburg,301,5,0,33.4391073,-80.79886287,45075.0,349.2892370176965,1.6611295681063123,296,287,5,0,282,283,86934,14,0,0,14,4
2020-06-11,US,South Carolina,Pickens,242,4,0,34.88807695,-82.72791551,45077.0,190.72538696762402,1.6528925619834711,238,226,4,0,222,212,124937,16,0,0,16,14
2020-06-11,US,South Carolina,Richland,2006,70,0,34.01791263,-80.90267209,45079.0,482.49105852188416,3.489531405782652,1936,1938,70,0,1868,1873,414576,68,0,0,68,65
2020-06-11,US,South Carolina,Saluda,156,1,0,34.00795823,-81.72713237,45081.0,761.9791921066769,0.6410256410256411,155,154,1,0,153,154,20544,2,0,0,2,0
2020-06-11,US,South Carolina,Spartanburg,843,37,0,34.92960077,-81.99225984,45083.0,263.61461607017213,4.389086595492288,806,835,32,0,803,825,313888,8,5,0,3,10
2020-06-11,US,South Carolina,Sumter,556,19,0,33.91826534,-80.37942316,45085.0,520.9846234574263,3.41726618705036,537,509,19,0,490,494,106512,47,0,0,47,15
2020-06-11,US,South Carolina,Union,42,0,0,34.68835752,-81.61730349,45087.0,153.75604041587346,0.0,42,41,0,0,41,41,27410,1,0,0,1,0
2020-06-11,US,South Carolina,Williamsburg,270,15,0,33.62190129,-79.72767442,45089.0,889.0937829293994,5.5555555555555545,255,262,15,0,247,261,30606,8,0,0,8,1
2020-06-11,US,South Carolina,York,557,10,0,34.97281497,-81.18085944,45091.0,198.2354553187249,1.7953321364452424,547,536,10,0,526,510,274118,21,0,0,21,26
2020-06-11,US,South Dakota,Aurora,29,0,0,43.71757685,-98.56050467,46003.0,1054.162122864413,0.0,29,29,0,0,29,29,2801,0,0,0,0,0
2020-06-11,US,South Dakota,Beadle,411,6,0,44.41464384,-98.27858469,46005.0,2227.2801170541375,1.45985401459854,405,398,5,0,393,386,18883,13,1,0,12,12
2020-06-11,US,South Dakota,Bon Homme,8,0,0,42.98914167,-97.88592746,46009.0,115.92522822779308,0.0,8,8,0,0,8,8,6980,0,0,0,0,0
2020-06-11,US,South Dakota,Brookings,26,0,0,44.36974375,-96.79079945,46011.0,74.12264446788494,0.0,26,26,0,0,26,24,35232,0,0,0,0,2
2020-06-11,US,South Dakota,Brown,305,2,0,45.58994323,-98.35165355,46013.0,785.2931331908649,0.6557377049180327,303,305,1,0,304,303,39316,0,1,0,-1,2
2020-06-11,US,South Dakota,Brule,3,0,0,43.71756379,-99.08118954,46015.0,56.635831602794035,0.0,3,2,0,0,2,2,5229,1,0,0,1,0
2020-06-11,US,South Dakota,Buffalo,31,0,0,44.07657829,-99.20814467,46017.0,1580.0203873598368,0.0,31,30,0,0,30,29,2036,1,0,0,1,1
2020-06-11,US,South Dakota,Charles Mix,21,0,0,43.20660134,-98.58856175,46023.0,226.0008609556608,0.0,21,20,0,0,20,20,9338,1,0,0,1,0
2020-06-11,US,South Dakota,Clark,6,0,0,44.85834507,-97.72925109,46025.0,160.59957173447538,0.0,6,6,0,0,6,5,3739,0,0,0,0,1
2020-06-11,US,South Dakota,Clay,50,0,0,42.91296147,-96.97656917,46027.0,355.36602700781805,0.0,50,43,0,0,43,39,14041,7,0,0,7,4
2020-06-11,US,South Dakota,Codington,44,0,0,44.97788119,-97.18827677,46029.0,157.0923631689814,0.0,44,44,0,0,44,43,28015,0,0,0,0,1
2020-06-11,US,South Dakota,Corson,8,0,0,45.70889983,-101.1970473,46031.0,195.79050416054818,0.0,8,6,0,0,6,4,4165,2,0,0,2,2
2020-06-11,US,South Dakota,Custer,1,0,0,43.67741105,-103.4534521,46033.0,11.145786892554613,0.0,1,1,0,0,1,1,8726,0,0,0,0,0
2020-06-11,US,South Dakota,Davison,30,0,0,43.67490933,-98.14458906,46035.0,151.70670037926675,0.0,30,30,0,0,30,30,19790,0,0,0,0,0
2020-06-11,US,South Dakota,Day,13,0,0,45.367281,-97.60737498,46037.0,239.6755162241888,0.0,13,13,0,0,13,13,5505,0,0,0,0,0
2020-06-11,US,South Dakota,Deuel,1,0,0,44.75994309,-96.66943645,46039.0,22.983222247759137,0.0,1,1,0,0,1,1,4337,0,0,0,0,0
2020-06-11,US,South Dakota,Dewey,2,0,0,45.15639647,-100.8709139,46041.0,33.944331296673454,0.0,2,1,0,0,1,1,5904,1,0,0,1,0
2020-06-11,US,South Dakota,Douglas,4,0,0,43.38520741,-98.36978007,46043.0,136.93940431359124,0.0,4,4,0,0,4,4,2935,0,0,0,0,0
2020-06-11,US,South Dakota,Edmunds,4,0,0,45.41846445,-99.21545423,46045.0,104.46591799425435,0.0,4,4,0,0,4,4,3875,0,0,0,0,0
2020-06-11,US,South Dakota,Fall River,6,0,0,43.23929297,-103.5275691,46047.0,89.37881722031878,0.0,6,6,0,0,6,6,6758,0,0,0,0,0
2020-06-11,US,South Dakota,Faulk,15,0,0,45.07082625,-99.14535601,46049.0,652.4575902566334,0.0,15,15,0,0,15,6,2330,0,0,0,0,9
2020-06-11,US,South Dakota,Grant,13,0,0,45.1723937,-96.77002276,46051.0,184.344866704481,0.0,13,13,0,0,13,13,7147,0,0,0,0,0
2020-06-11,US,South Dakota,Gregory,1,0,0,43.19419064,-99.18883902,46053.0,23.894862604540023,0.0,1,1,0,0,1,1,4212,0,0,0,0,0
2020-06-11,US,South Dakota,Hamlin,9,0,0,44.67385954,-97.18829593,46057.0,146.00908500973395,0.0,9,9,0,0,9,8,6111,0,0,0,0,1
2020-06-11,US,South Dakota,Hand,5,0,0,44.54708407,-99.00386459,46059.0,156.69069257286117,0.0,5,5,0,0,5,5,3262,0,0,0,0,0
2020-06-11,US,South Dakota,Hanson,3,0,0,43.6746384,-97.78715148,46061.0,86.88097306689835,0.0,3,3,0,0,3,3,3376,0,0,0,0,0
2020-06-11,US,South Dakota,Hughes,21,0,0,44.39091534,-99.99661148,46065.0,119.82197877439232,0.0,21,21,0,0,21,21,17650,0,0,0,0,0
2020-06-11,US,South Dakota,Hutchinson,8,0,0,43.33449012,-97.75536441,46067.0,109.72431765189958,0.0,8,8,0,0,8,6,7380,0,0,0,0,2
2020-06-11,US,South Dakota,Hyde,3,0,0,44.54747703,-99.48572582,46069.0,230.59185242121444,0.0,3,3,0,0,3,3,1282,0,0,0,0,0
2020-06-11,US,South Dakota,Jackson,4,0,0,43.69318385,-101.6255063,46071.0,119.61722488038279,0.0,4,4,0,0,4,4,3307,0,0,0,0,0
2020-06-11,US,South Dakota,Jerauld,40,1,0,44.06637798,-98.62965972,46073.0,1987.083954297069,2.5,39,40,1,0,39,40,2043,0,0,0,0,0
2020-06-11,US,South Dakota,Kingsbury,5,0,0,44.36956169,-97.4913945,46077.0,101.23506782749544,0.0,5,5,0,0,5,5,4919,0,0,0,0,0
2020-06-11,US,South Dakota,Lake,13,1,0,44.02193107,-97.12926365,46079.0,101.58630929124014,7.6923076923076925,12,13,1,0,12,13,13057,0,0,0,0,0
2020-06-11,US,South Dakota,Lawrence,12,0,0,44.35919441,-103.7929428,46081.0,46.43244079863797,0.0,12,12,0,0,12,12,25741,0,0,0,0,0
2020-06-11,US,South Dakota,Lincoln,259,0,0,43.27841182,-96.7203905,46083.0,423.70108624525596,0.0,259,258,0,0,258,255,58807,1,0,0,1,3
2020-06-11,US,South Dakota,Lyman,32,0,0,43.89522709,-99.85201878,46085.0,846.3369478973816,0.0,32,30,0,0,30,27,3821,2,0,0,2,3
2020-06-11,US,South Dakota,Marshall,4,0,0,45.75870838,-97.59855639,46091.0,81.05369807497469,0.0,4,4,0,0,4,4,5112,0,0,0,0,0
2020-06-11,US,South Dakota,McCook,7,1,0,43.6742571,-97.36863144,46087.0,125.31328320802004,14.285714285714285,6,7,1,0,6,6,5546,0,0,0,0,1
2020-06-11,US,South Dakota,McPherson,3,0,0,45.76626028,-99.22118798,46089.0,126.10340479192938,0.0,3,3,0,0,3,3,2407,0,0,0,0,0
2020-06-11,US,South Dakota,Meade,28,1,0,44.56676791,-102.7162741,46093.0,98.8281801496541,3.571428571428572,27,28,1,0,27,26,28294,0,0,0,0,2
2020-06-11,US,South Dakota,Miner,3,0,0,44.02197882,-97.60992207,46097.0,135.37906137184117,0.0,3,3,0,0,3,3,2213,0,0,0,0,0
2020-06-11,US,South Dakota,Minnehaha,3444,52,0,43.67441641,-96.7910885,46099.0,1783.2178694585107,1.509872241579559,3392,3430,52,0,3378,3418,192876,14,0,0,14,12
2020-06-11,US,South Dakota,Moody,19,0,0,44.02266214,-96.67081159,46101.0,288.92944038929437,0.0,19,19,0,0,19,19,6579,0,0,0,0,0
2020-06-11,US,South Dakota,Oglala Lakota,45,0,0,43.33749164,-102.5555498,46102.0,317.4155322000423,0.0,45,45,0,0,45,40,14309,0,0,0,0,5
2020-06-11,US,South Dakota,Pennington,351,7,0,44.0025835,-102.8240777,46103.0,308.5036255767963,1.9943019943019944,344,335,6,0,329,321,111729,16,1,0,15,14
2020-06-11,US,South Dakota,Roberts,39,0,0,45.62975048,-96.94672673,46109.0,375.2164710409852,0.0,39,39,0,0,39,39,10447,0,0,0,0,0
2020-06-11,US,South Dakota,Sanborn,13,0,0,44.02351092,-98.0909816,46111.0,554.6075085324234,0.0,13,13,0,0,13,13,2429,0,0,0,0,0
2020-06-11,US,South Dakota,Spink,5,0,0,44.93837606,-98.34626602,46115.0,78.41907151819322,0.0,5,5,0,0,5,5,6495,0,0,0,0,0
2020-06-11,US,South Dakota,Stanley,11,0,0,44.41381872,-100.7349153,46117.0,355.0677856681731,0.0,11,10,0,0,10,10,3022,1,0,0,1,0
2020-06-11,US,South Dakota,Sully,1,0,0,44.71571812,-100.1278092,46119.0,71.89072609633357,0.0,1,1,0,0,1,1,1392,0,0,0,0,0
2020-06-11,US,South Dakota,Todd,45,1,0,43.19338568,-100.7195503,46121.0,442.17352854475786,2.2222222222222223,44,44,1,0,43,42,10283,1,0,0,1,2
2020-06-11,US,South Dakota,Tripp,6,0,0,43.34459388,-99.8854891,46123.0,110.27384671935306,0.0,6,6,0,0,6,6,5478,0,0,0,0,0
2020-06-11,US,South Dakota,Turner,25,0,0,43.3109081,-97.14865776,46125.0,298.18702290076334,0.0,25,25,0,0,25,25,8424,0,0,0,0,0
2020-06-11,US,South Dakota,Union,105,1,0,42.83112163,-96.6557828,46127.0,659.0509666080843,0.9523809523809524,104,105,0,0,105,103,15619,0,1,0,-1,2
2020-06-11,US,South Dakota,Walworth,5,0,0,45.43019636,-100.0307514,46129.0,91.99632014719411,0.0,5,5,0,0,5,5,5587,0,0,0,0,0
2020-06-11,US,South Dakota,Yankton,58,0,0,43.00924485,-97.39467635,46135.0,254.22985885859558,0.0,58,58,0,0,58,58,22869,0,0,0,0,0
2020-06-11,US,South Dakota,Ziebach,2,0,0,44.97881876,-101.6654622,46137.0,72.5689404934688,0.0,2,2,0,0,2,2,2742,0,0,0,0,0
2020-06-11,US,Tennessee,Anderson,55,2,0,36.12684348,-84.19965764,47001.0,71.44898542440697,3.636363636363636,53,54,2,0,52,50,76482,1,0,0,1,4
2020-06-11,US,Tennessee,Bedford,372,4,0,35.51123746,-86.45549096,47003.0,748.2952145314104,1.075268817204301,368,346,4,0,342,341,49038,26,0,0,26,5
2020-06-11,US,Tennessee,Benton,8,1,0,36.07110411,-88.06849355,47005.0,49.504950495049506,12.5,7,8,1,0,7,8,16184,0,0,0,0,0
2020-06-11,US,Tennessee,Bledsoe,614,1,0,35.59942968,-85.20611967,47007.0,4075.942644715879,0.16286644951140064,613,613,1,0,612,611,14755,1,0,0,1,2
2020-06-11,US,Tennessee,Blount,97,3,0,35.68938198,-83.92847788,47009.0,72.88410675643183,3.0927835051546397,94,96,3,0,93,96,131349,1,0,0,1,0
2020-06-11,US,Tennessee,Bradley,241,2,0,35.15739424,-84.857186,47011.0,222.9210988807696,0.8298755186721992,239,238,2,0,236,233,106727,3,0,0,3,5
2020-06-11,US,Tennessee,Campbell,18,1,0,36.40355516,-84.15108559999999,47013.0,45.178454896842524,5.5555555555555545,17,18,1,0,17,18,39583,0,0,0,0,0
2020-06-11,US,Tennessee,Cannon,34,0,0,35.80990797,-86.05738983,47015.0,231.6391879002589,0.0,34,34,0,0,34,34,14462,0,0,0,0,0
2020-06-11,US,Tennessee,Carroll,29,1,0,35.97366108,-88.45189331,47017.0,104.44052292289408,3.4482758620689653,28,29,1,0,28,28,28020,0,0,0,0,1
2020-06-11,US,Tennessee,Carter,19,1,0,36.28969086,-82.12588974,47019.0,33.693319856005395,5.2631578947368425,18,19,1,0,18,19,56351,0,0,0,0,0
2020-06-11,US,Tennessee,Cheatham,151,0,0,36.26136216,-87.08903581,47021.0,371.30843189809923,0.0,151,149,0,0,149,146,40439,2,0,0,2,3
2020-06-11,US,Tennessee,Chester,12,0,0,35.42527478,-88.6095842,47023.0,69.37619240330693,0.0,12,12,0,0,12,12,17276,0,0,0,0,0
2020-06-11,US,Tennessee,Claiborne,15,0,0,36.48319149,-83.65947309,47025.0,46.93513564254201,0.0,15,15,0,0,15,14,31756,0,0,0,0,1
2020-06-11,US,Tennessee,Clay,9,0,0,36.55151008,-85.53930419,47027.0,118.18778726198292,0.0,9,9,0,0,9,9,7717,0,0,0,0,0
2020-06-11,US,Tennessee,Cocke,23,0,0,35.9278914,-83.11828725,47029.0,63.881790912120884,0.0,23,22,0,0,22,22,35774,1,0,0,1,0
2020-06-11,US,Tennessee,Coffee,88,0,0,35.49090731,-86.07311784,47031.0,155.69709837225759,0.0,88,87,0,0,87,84,55700,1,0,0,1,3
2020-06-11,US,Tennessee,Crockett,16,3,0,35.81830662,-89.14916269,47033.0,112.43851018974001,18.75,13,16,3,0,13,16,14328,0,0,0,0,0
2020-06-11,US,Tennessee,Cumberland,129,2,0,35.95271721,-84.99840585,47035.0,213.1526768010575,1.5503875968992251,127,127,2,0,125,126,59673,2,0,0,2,1
2020-06-11,US,Tennessee,Davidson,6290,81,0,36.17007426,-86.78646056,47037.0,906.1520376175548,1.287758346581876,6209,6190,80,0,6110,6125,692587,100,1,0,99,65
2020-06-11,US,Tennessee,DeKalb,41,0,0,35.97616272,-85.83689361,47041.0,200.0976085895559,0.0,41,41,0,0,41,41,20138,0,0,0,0,0
2020-06-11,US,Tennessee,Decatur,14,0,0,35.60048904,-88.11043779,47039.0,120.03772614250192,0.0,14,14,0,0,14,6,11706,0,0,0,0,8
2020-06-11,US,Tennessee,Dickson,129,0,0,36.14669837,-87.35891709,47043.0,239.1191517757841,0.0,129,128,0,0,128,127,53446,1,0,0,1,1
2020-06-11,US,Tennessee,Dyer,73,0,0,36.05931946,-89.41542855,47045.0,196.45308000753516,0.0,73,71,0,0,71,70,37320,2,0,0,2,1
2020-06-11,US,Tennessee,Fayette,163,2,0,35.19615831,-89.41399032,47047.0,396.27549655993965,1.2269938650306749,161,162,2,0,160,159,40507,1,0,0,1,3
2020-06-11,US,Tennessee,Fentress,13,0,0,36.38128818,-84.92870012,47049.0,70.18301571019813,0.0,13,13,0,0,13,13,18217,0,0,0,0,0
2020-06-11,US,Tennessee,Franklin,55,2,0,35.15634626,-86.09201039,47051.0,130.30705079605758,3.636363636363636,53,55,2,0,53,55,41890,0,0,0,0,0
2020-06-11,US,Tennessee,Gibson,64,1,0,35.99438059,-88.93358327,47053.0,130.25868560845052,1.5625,63,64,1,0,63,64,49045,0,0,0,0,0
2020-06-11,US,Tennessee,Giles,19,0,0,35.20222469,-87.03992678,47055.0,64.48547379853379,0.0,19,19,0,0,19,19,29503,0,0,0,0,0
2020-06-11,US,Tennessee,Grainger,16,0,0,36.27469206,-83.51254721,47057.0,68.61063464837049,0.0,16,16,0,0,16,16,23145,0,0,0,0,0
2020-06-11,US,Tennessee,Greene,52,2,0,36.17470125,-82.84691273,47059.0,75.28703180877093,3.8461538461538463,50,52,2,0,50,52,69087,0,0,0,0,0
2020-06-11,US,Tennessee,Grundy,32,1,0,35.38433717,-85.72142731,47061.0,238.3257615252849,3.125,31,32,1,0,31,32,13346,0,0,0,0,0
2020-06-11,US,Tennessee,Hamblen,65,3,0,36.21990035,-83.26586179,47063.0,100.10164166692336,4.615384615384615,62,63,3,0,60,62,64569,2,0,0,2,1
2020-06-11,US,Tennessee,Hamilton,1210,19,0,35.17670231,-85.16652245,47065.0,328.97956520320605,1.5702479338842976,1191,1156,19,0,1137,1122,364286,54,0,0,54,34
2020-06-11,US,Tennessee,Hancock,1,0,0,36.52692871,-83.22375847,47067.0,15.105740181268883,0.0,1,1,0,0,1,1,6549,0,0,0,0,0
2020-06-11,US,Tennessee,Hardeman,214,0,0,35.20772017,-88.99161161,47069.0,854.2914171656688,0.0,214,213,0,0,213,212,25220,1,0,0,1,1
2020-06-11,US,Tennessee,Hardin,30,3,0,35.19732531,-88.18593755,47071.0,116.9499454233588,10.0,27,31,2,0,29,30,25776,-1,1,0,-2,1
2020-06-11,US,Tennessee,Hawkins,34,2,0,36.44355426,-82.94885298,47073.0,59.87391258408763,5.882352941176472,32,34,2,0,32,34,56530,0,0,0,0,0
2020-06-11,US,Tennessee,Haywood,35,2,0,35.58332824,-89.28536625,47075.0,202.26537216828478,5.7142857142857135,33,35,2,0,33,35,17335,0,0,0,0,0
2020-06-11,US,Tennessee,Henderson,17,0,0,35.65581134,-88.38600175,47077.0,60.461642422733576,0.0,17,16,0,0,16,16,27847,1,0,0,1,0
2020-06-11,US,Tennessee,Henry,34,0,0,36.33160906,-88.30121797,47079.0,105.11671046529602,0.0,34,33,0,0,33,33,32358,1,0,0,1,0
2020-06-11,US,Tennessee,Hickman,60,0,0,35.80609681,-87.47643507,47081.0,238.30328064183013,0.0,60,60,0,0,60,60,25063,0,0,0,0,0
2020-06-11,US,Tennessee,Houston,9,0,0,36.28872054,-87.71878828,47083.0,109.74271430313378,0.0,9,9,0,0,9,9,8263,0,0,0,0,0
2020-06-11,US,Tennessee,Humphreys,17,1,0,36.03958805,-87.77992872,47085.0,91.48638467333978,5.882352941176472,16,18,1,0,17,18,18486,-1,0,0,-1,0
2020-06-11,US,Tennessee,Jackson,19,0,0,36.36380466,-85.67239905,47087.0,161.20821313422704,0.0,19,19,0,0,19,19,11758,0,0,0,0,0
2020-06-11,US,Tennessee,Jefferson,36,0,0,36.04818632,-83.45148924,47089.0,66.06110652353426,0.0,36,31,0,0,31,31,54012,5,0,0,5,0
2020-06-11,US,Tennessee,Johnson,24,0,0,36.45523950000001,-81.84886538,47091.0,134.922419608725,0.0,24,23,0,0,23,22,17778,1,0,0,1,1
2020-06-11,US,Tennessee,Knox,511,5,0,35.99508821,-83.94635435,47093.0,108.65104728127865,0.9784735812133072,506,500,5,0,495,491,465289,11,0,0,11,9
2020-06-11,US,Tennessee,Lake,688,0,0,36.34180170000001,-89.48921915,47095.0,9806.157354618017,0.0,688,730,0,0,730,730,7411,-42,0,0,-42,0
2020-06-11,US,Tennessee,Lauderdale,60,1,0,35.75893438,-89.63015909999999,47097.0,234.0732649319237,1.6666666666666667,59,60,1,0,59,60,25825,0,0,0,0,0
2020-06-11,US,Tennessee,Lawrence,52,0,0,35.21675201,-87.39787695,47099.0,117.80164016129764,0.0,52,48,0,0,48,41,43734,4,0,0,4,7
2020-06-11,US,Tennessee,Lewis,5,0,0,35.52853208,-87.49022694,47101.0,40.75643951744376,0.0,5,4,0,0,4,4,12086,1,0,0,1,0
2020-06-11,US,Tennessee,Lincoln,36,0,0,35.13738622,-86.58910106,47103.0,104.75469941220976,0.0,36,34,0,0,34,33,34117,2,0,0,2,1
2020-06-11,US,Tennessee,Loudon,174,1,0,35.73939663,-84.31145275,47105.0,321.81697122142486,0.5747126436781609,173,174,0,0,174,171,53054,0,1,0,-1,3
2020-06-11,US,Tennessee,Macon,191,3,0,36.53157855,-86.00778595,47111.0,776.3596455572717,1.5706806282722514,188,186,3,0,183,185,24265,5,0,0,5,1
2020-06-11,US,Tennessee,Madison,182,2,0,35.61181957,-88.84076036,47113.0,185.74461136512085,1.0989010989010992,180,183,2,0,181,181,97605,-1,0,0,-1,2
2020-06-11,US,Tennessee,Marion,47,1,0,35.12997174,-85.62265895,47115.0,162.59037603348668,2.127659574468085,46,46,1,0,45,45,28575,1,0,0,1,1
2020-06-11,US,Tennessee,Marshall,39,1,0,35.45798777,-86.76420988,47117.0,113.45454545454544,2.5641025641025643,38,40,1,0,39,37,33683,-1,0,0,-1,3
2020-06-11,US,Tennessee,Maury,139,1,0,35.6187413,-87.07462444,47119.0,144.21031881892787,0.7194244604316546,138,128,1,0,127,124,94340,11,0,0,11,4
2020-06-11,US,Tennessee,McMinn,161,14,0,35.42812616,-84.61520715,47107.0,299.28988363014463,8.695652173913043,147,159,14,0,145,159,53285,2,0,0,2,0
2020-06-11,US,Tennessee,McNairy,25,0,0,35.17468549,-88.5647812,47109.0,97.2989803066864,0.0,25,24,0,0,24,23,25832,1,0,0,1,1
2020-06-11,US,Tennessee,Meigs,28,0,0,35.51558739,-84.81482914,47121.0,225.40653678956693,0.0,28,27,0,0,27,27,12306,1,0,0,1,0
2020-06-11,US,Tennessee,Monroe,75,4,0,35.44550387,-84.24902965,47123.0,161.13438607798903,5.333333333333333,71,75,4,0,71,75,46357,0,0,0,0,0
2020-06-11,US,Tennessee,Montgomery,312,4,0,36.49609412,-87.38550661,47125.0,149.28729670371737,1.2820512820512822,308,310,4,0,306,310,205950,2,0,0,2,0
2020-06-11,US,Tennessee,Moore,5,0,0,35.27724699,-86.36230578,47127.0,77.06535141800245,0.0,5,5,0,0,5,5,6411,0,0,0,0,0
2020-06-11,US,Tennessee,Morgan,18,0,0,36.13248031,-84.64880098,47129.0,84.10035976265009,0.0,18,19,0,0,19,19,21579,-1,0,0,-1,0
2020-06-11,US,Tennessee,Obion,53,1,0,36.35732446,-89.14921589,47131.0,176.26126575542918,1.8867924528301887,52,53,1,0,52,53,30267,0,0,0,0,0
2020-06-11,US,Tennessee,Out of TN,457,5,0,0.0,0.0,80047.0,0.0,1.0940919037199124,452,457,5,0,452,457,,0,0,0,0,0
2020-06-11,US,Tennessee,Overton,36,0,0,36.34117832,-85.28989535,47133.0,161.86322557438962,0.0,36,36,0,0,36,35,22068,0,0,0,0,1
2020-06-11,US,Tennessee,Perry,24,0,0,35.63708728,-87.86139634,47135.0,297.1768202080238,0.0,24,24,0,0,24,24,8064,0,0,0,0,0
2020-06-11,US,Tennessee,Pickett,4,0,0,36.55606529,-85.07763299999998,47137.0,79.23930269413628,0.0,4,4,0,0,4,4,5082,0,0,0,0,0
2020-06-11,US,Tennessee,Polk,24,0,0,35.12245443,-84.52075859,47139.0,142.58555133079847,0.0,24,24,0,0,24,24,16898,0,0,0,0,0
2020-06-11,US,Tennessee,Putnam,572,6,0,36.14005459,-85.50646123,47141.0,712.8169979437971,1.048951048951049,566,571,6,0,565,569,78843,1,0,0,1,2
2020-06-11,US,Tennessee,Rhea,220,0,0,35.60536161,-84.93076643,47143.0,663.3099164832513,0.0,220,220,0,0,220,219,33044,0,0,0,0,1
2020-06-11,US,Tennessee,Roane,23,0,0,35.84923189,-84.52458689,47145.0,43.08568431306433,0.0,23,23,0,0,23,23,53140,0,0,0,0,0
2020-06-11,US,Tennessee,Robertson,594,7,0,36.52454807,-86.87346725,47147.0,827.1482879144444,1.1784511784511784,587,584,7,0,577,580,71012,10,0,0,10,4
2020-06-11,US,Tennessee,Rutherford,1620,29,0,35.84591405,-86.4107263,47149.0,487.5332922039816,1.7901234567901234,1591,1600,29,0,1571,1568,324890,20,0,0,20,32
2020-06-11,US,Tennessee,Scott,14,0,0,36.42325673,-84.50360494,47151.0,63.44027551205365,0.0,14,14,0,0,14,13,22039,0,0,0,0,1
2020-06-11,US,Tennessee,Sequatchie,21,0,0,35.36979721,-85.41022136,47153.0,139.7577532277386,0.0,21,21,0,0,21,21,14876,0,0,0,0,0
2020-06-11,US,Tennessee,Sevier,184,2,0,35.78077323,-83.52244332,47155.0,187.27735368956746,1.0869565217391304,182,178,2,0,176,158,97892,6,0,0,6,20
2020-06-11,US,Tennessee,Shelby,6365,135,0,35.1864775,-89.89692423,47157.0,679.1753008538509,2.1209740769835035,6230,6204,135,0,6069,6125,935764,161,0,0,161,79
2020-06-11,US,Tennessee,Smith,37,1,0,36.25359775,-85.95411046,47159.0,183.5590613682592,2.702702702702702,36,37,1,0,36,37,19942,0,0,0,0,0
2020-06-11,US,Tennessee,Stewart,14,0,0,36.50235092,-87.83920548,47161.0,102.0780167699599,0.0,14,14,0,0,14,14,13561,0,0,0,0,0
2020-06-11,US,Tennessee,Sullivan,67,2,0,36.51240691,-82.30412917,47163.0,42.3118700583525,2.985074626865672,65,67,2,0,65,66,157668,0,0,0,0,1
2020-06-11,US,Tennessee,Sumner,1049,47,0,36.46824103,-86.45917204,47165.0,548.4021057804405,4.480457578646329,1002,1033,47,0,986,1011,187149,16,0,0,16,22
2020-06-11,US,Tennessee,Tipton,491,3,0,35.501942,-89.73694895,47167.0,797.0908618646408,0.6109979633401222,488,488,3,0,485,487,61581,3,0,0,3,1
2020-06-11,US,Tennessee,Trousdale,1399,4,0,36.39026213,-86.16087954,47169.0,12398.08578518256,0.28591851322373124,1395,1397,4,0,1393,1397,11012,2,0,0,2,0
2020-06-11,US,Tennessee,Unassigned,148,0,0,0.0,0.0,90047.0,0.0,0.0,148,170,0,0,170,170,,-22,0,0,-22,0
2020-06-11,US,Tennessee,Unicoi,52,0,0,36.10890856,-82.43709629,47171.0,290.77895207739186,0.0,52,52,0,0,52,52,17761,0,0,0,0,0
2020-06-11,US,Tennessee,Union,6,0,0,36.28590426,-83.83651902,47173.0,30.042058882435413,0.0,6,5,0,0,5,5,19688,1,0,0,1,0
2020-06-11,US,Tennessee,Van Buren,4,0,0,35.69864497,-85.45221699,47175.0,68.11989100817439,0.0,4,4,0,0,4,4,5765,0,0,0,0,0
2020-06-11,US,Tennessee,Warren,32,0,0,35.6728299,-85.77969117,47177.0,77.52501393027596,0.0,32,32,0,0,32,32,40878,0,0,0,0,0
2020-06-11,US,Tennessee,Washington,88,0,0,36.29472368,-82.49454720000001,47179.0,68.01932367149759,0.0,88,87,0,0,87,86,128607,1,0,0,1,1
2020-06-11,US,Tennessee,Wayne,64,0,0,35.23868267,-87.78644456,47181.0,383.85413542853723,0.0,64,64,0,0,64,64,16558,0,0,0,0,0
2020-06-11,US,Tennessee,Weakley,27,0,0,36.29896232,-88.71990865,47183.0,81.01296207393183,0.0,27,26,0,0,26,26,33415,1,0,0,1,0
2020-06-11,US,Tennessee,White,44,0,0,35.92929884,-85.45591799,47185.0,160.9069299689157,0.0,44,45,0,0,45,45,27107,-1,0,0,-1,0
2020-06-11,US,Tennessee,Williamson,662,11,0,35.89099229,-86.89281867,47187.0,277.67058705098736,1.661631419939577,651,654,11,0,643,648,231729,8,0,0,8,6
2020-06-11,US,Tennessee,Wilson,501,11,0,36.15496772,-86.29775884,47189.0,346.3365063564155,2.1956087824351296,490,499,10,0,489,488,140625,2,1,0,1,11
2020-06-11,US,Texas,Anderson,95,0,0,31.81534745,-95.65354823,48001.0,164.54490343812245,0.0,95,91,0,0,91,91,58057,4,0,0,4,0
2020-06-11,US,Texas,Andrews,27,0,0,32.30468633,-102.6376548,48003.0,144.34643143544506,0.0,27,27,0,0,27,27,18128,0,0,0,0,0
2020-06-11,US,Texas,Angelina,281,5,0,31.25457347,-94.60901487,48005.0,324.0500490111284,1.7793594306049825,276,281,5,0,276,237,87092,0,0,0,0,44
2020-06-11,US,Texas,Aransas,5,0,0,28.10556197,-96.9995047,48007.0,21.267545725223307,0.0,5,5,0,0,5,5,23792,0,0,0,0,0
2020-06-11,US,Texas,Archer,3,0,0,33.61569967,-98.68754589,48009.0,35.0754121360926,0.0,3,3,0,0,3,3,8786,0,0,0,0,0
2020-06-11,US,Texas,Armstrong,3,0,0,34.96507426,-101.3574874,48011.0,158.9825119236884,0.0,3,3,0,0,3,3,1892,0,0,0,0,0
2020-06-11,US,Texas,Atascosa,43,2,0,28.89333001,-98.52730485,48013.0,84.0615408675933,4.651162790697675,41,45,2,0,43,42,50310,-2,0,0,-2,3
2020-06-11,US,Texas,Austin,31,0,0,29.88548725,-96.27736949,48015.0,103.2232285562067,0.0,31,31,0,0,31,32,29989,0,0,0,0,-1
2020-06-11,US,Texas,Bailey,29,0,0,34.06854817,-102.8299707,48017.0,414.28571428571433,0.0,29,28,0,0,28,26,7027,1,0,0,1,2
2020-06-11,US,Texas,Bandera,6,0,0,29.74619598,-99.24598147,48019.0,25.960539979231573,0.0,6,6,0,0,6,6,22824,0,0,0,0,0
2020-06-11,US,Texas,Bastrop,285,4,0,30.10370699,-97.31206354,48021.0,321.22448519549613,1.4035087719298245,281,279,4,0,275,270,86976,6,0,0,6,9
2020-06-11,US,Texas,Baylor,1,0,0,33.61640794,-99.21352901,48023.0,28.498147620404676,0.0,1,1,0,0,1,1,3582,0,0,0,0,0
2020-06-11,US,Texas,Bee,27,0,0,28.41761668,-97.74215593,48025.0,82.91110087517274,0.0,27,26,0,0,26,24,32587,1,0,0,1,2
2020-06-11,US,Texas,Bell,530,6,0,31.03736027,-97.4785025,48027.0,146.03608468990754,1.1320754716981132,524,507,6,0,501,473,355642,23,0,0,23,34
2020-06-11,US,Texas,Bexar,3648,80,0,29.44928723,-98.52019748,48029.0,182.07645014808685,2.1929824561403506,3568,3513,80,0,3433,3333,1986049,135,0,0,135,180
2020-06-11,US,Texas,Blanco,11,1,0,30.26640707,-98.3999852,48031.0,92.19679825664237,9.090909090909092,10,12,1,0,11,12,11702,-1,0,0,-1,0
2020-06-11,US,Texas,Bosque,7,0,0,31.89978581,-97.63613524,48035.0,37.46320578003746,0.0,7,7,0,0,7,7,18691,0,0,0,0,0
2020-06-11,US,Texas,Bowie,363,7,0,33.44626922,-94.41834132,48037.0,389.29701324467794,1.9283746556473829,356,358,7,0,351,351,94324,5,0,0,5,7
2020-06-11,US,Texas,Brazoria,790,11,0,29.18757369,-95.44563172,48039.0,211.08094820768227,1.3924050632911391,779,770,11,0,759,770,370200,20,0,0,20,0
2020-06-11,US,Texas,Brazos,684,24,0,30.663644800000004,-96.30205577,48041.0,298.4149975350224,3.5087719298245608,660,665,24,0,641,634,226758,19,0,0,19,31
2020-06-11,US,Texas,Brewster,1,0,0,29.81008251,-103.2520326,48043.0,10.866021949364338,0.0,1,1,0,0,1,1,9267,0,0,0,0,0
2020-06-11,US,Texas,Briscoe,1,0,0,34.53026962,-101.2084947,48045.0,64.68305304010349,0.0,1,1,0,0,1,1,1516,0,0,0,0,0
2020-06-11,US,Texas,Brooks,1,0,0,27.03103197,-98.21808402,48047.0,14.098406880022555,0.0,1,1,0,0,1,1,7114,0,0,0,0,0
2020-06-11,US,Texas,Brown,60,10,0,31.77430356,-98.99907113,48049.0,158.4618635115149,16.666666666666668,50,60,10,0,50,60,37924,0,0,0,0,0
2020-06-11,US,Texas,Burleson,39,0,0,30.49273808,-96.62158484,48051.0,211.46234343653416,0.0,39,39,0,0,39,35,18389,0,0,0,0,4
2020-06-11,US,Texas,Burnet,56,1,0,30.78801353,-98.181887,48053.0,116.29114318347004,1.7857142857142858,55,55,1,0,54,55,47542,1,0,0,1,0
2020-06-11,US,Texas,Caldwell,85,0,0,29.83668859,-97.61814775,48055.0,194.66837669476,0.0,85,81,0,0,81,79,43247,4,0,0,4,2
2020-06-11,US,Texas,Calhoun,45,3,0,28.47048236,-96.61633945,48057.0,211.36683889149842,6.666666666666668,42,42,3,0,39,41,21561,3,0,0,3,1
2020-06-11,US,Texas,Callahan,12,1,0,32.29760619,-99.37326312,48059.0,86.06469196012335,8.333333333333334,11,10,1,0,9,10,13994,2,0,0,2,0
2020-06-11,US,Texas,Cameron,990,42,0,26.14524221,-97.48140372,48061.0,233.95240132053127,4.242424242424242,948,951,40,0,911,919,423908,39,2,0,37,32
2020-06-11,US,Texas,Camp,98,1,0,32.97195142,-94.97790104,48063.0,748.4343974339392,1.020408163265306,97,95,0,0,95,95,13033,3,1,0,2,0
2020-06-11,US,Texas,Carson,6,0,0,35.40365929,-101.3542669,48065.0,101.24873439082012,0.0,6,6,0,0,6,6,6005,0,0,0,0,0
2020-06-11,US,Texas,Cass,33,1,0,33.07499881,-94.34646905,48067.0,109.90474921734496,3.0303030303030303,32,32,1,0,31,32,30119,1,0,0,1,0
2020-06-11,US,Texas,Castro,37,1,0,34.53016752,-102.2617243,48069.0,491.36786188579015,2.702702702702702,36,37,1,0,36,36,7665,0,0,0,0,1
2020-06-11,US,Texas,Chambers,88,1,0,29.70972016,-94.67154501,48071.0,200.7436640281041,1.1363636363636365,87,86,1,0,85,83,42454,2,0,0,2,3
2020-06-11,US,Texas,Cherokee,54,2,0,31.837258,-95.16559897,48073.0,102.5718953006876,3.703703703703704,52,54,2,0,52,54,52592,0,0,0,0,0
2020-06-11,US,Texas,Childress,6,0,0,34.529304100000004,-100.2077916,48075.0,82.12428141253764,0.0,6,6,0,0,6,4,7291,0,0,0,0,2
2020-06-11,US,Texas,Clay,5,0,0,33.78686685,-98.20771198,48077.0,47.75093114315729,0.0,5,5,0,0,5,5,10456,0,0,0,0,0
2020-06-11,US,Texas,Cochran,1,0,0,33.60425307,-102.8284499,48079.0,35.05082369435681,0.0,1,1,0,0,1,1,2836,0,0,0,0,0
2020-06-11,US,Texas,Coke,2,0,0,31.88911733,-100.5297533,48081.0,59.04930617065249,0.0,2,1,0,0,1,1,3370,1,0,0,1,0
2020-06-11,US,Texas,Coleman,3,0,0,31.76736834,-99.45240766,48083.0,36.697247706422026,0.0,3,3,0,0,3,3,8397,0,0,0,0,0
2020-06-11,US,Texas,Collin,1553,37,0,33.18820114,-96.57264368,48085.0,150.0874624298126,2.3824855119124275,1516,1546,37,0,1509,1528,1005146,7,0,0,7,18
2020-06-11,US,Texas,Collingsworth,5,0,0,34.96489496,-100.2700111,48087.0,171.23287671232876,0.0,5,5,0,0,5,5,2962,0,0,0,0,0
2020-06-11,US,Texas,Colorado,28,0,0,29.622098,-96.5273805,48089.0,130.2749732471037,0.0,28,27,0,0,27,26,21217,1,0,0,1,1
2020-06-11,US,Texas,Comal,137,7,0,29.80811278,-98.27647225,48091.0,87.70301327068222,5.109489051094892,130,134,7,0,127,121,148373,3,0,0,3,13
2020-06-11,US,Texas,Comanche,12,1,0,31.94854689,-98.55876441,48093.0,88.008800880088,8.333333333333334,11,12,1,0,11,12,13534,0,0,0,0,0
2020-06-11,US,Texas,Concho,1,0,0,31.32635934,-99.86473038,48095.0,36.683785766691116,0.0,1,1,0,0,1,1,4276,0,0,0,0,0
2020-06-11,US,Texas,Cooke,23,0,0,33.63979567,-97.21240912,48097.0,55.748115471313966,0.0,23,20,0,0,20,20,40574,3,0,0,3,0
2020-06-11,US,Texas,Coryell,296,2,0,31.39078397,-97.79936155,48099.0,389.7249542468171,0.6756756756756757,294,299,2,0,297,296,74808,-3,0,0,-3,3
2020-06-11,US,Texas,Cottle,4,1,0,34.07783319,-100.2785062,48101.0,286.12303290414883,25.0,3,4,1,0,3,4,1389,0,0,0,0,0
2020-06-11,US,Texas,Crane,32,5,0,31.43052248,-102.5143314,48103.0,667.0835939128623,15.625,27,31,5,0,26,28,4794,1,0,0,1,3
2020-06-11,US,Texas,Crockett,5,0,0,30.72367027,-101.4134238,48105.0,144.3418013856813,0.0,5,5,0,0,5,4,3499,0,0,0,0,1
2020-06-11,US,Texas,Crosby,4,1,0,33.61431553,-101.3000364,48107.0,69.72285166463307,25.0,3,4,1,0,3,3,5779,0,0,0,0,1
2020-06-11,US,Texas,Dallam,35,1,0,36.27787176,-102.6020725,48111.0,480.3073967339097,2.8571428571428568,34,32,1,0,31,29,7200,3,0,0,3,3
2020-06-11,US,Texas,Dallas,13257,277,0,32.76670599,-96.7779605,48113.0,503.0134516352775,2.0894621709285657,12980,12945,274,0,12671,12645,2637772,312,3,0,309,300
2020-06-11,US,Texas,Dawson,45,1,0,32.74255572,-101.9477242,48115.0,353.55122564424886,2.2222222222222223,44,45,1,0,44,45,12619,0,0,0,0,0
2020-06-11,US,Texas,DeWitt,25,1,0,29.08101855,-97.3568117,48123.0,124.00793650793649,4.0,24,24,1,0,23,23,20187,1,0,0,1,1
2020-06-11,US,Texas,Deaf Smith,192,14,0,34.96522957,-102.6054267,48117.0,1035.2636687156262,7.291666666666668,178,190,13,0,177,183,18760,2,1,0,1,7
2020-06-11,US,Texas,Delta,2,0,0,33.38570922,-95.66921122,48119.0,37.51641343087601,0.0,2,2,0,0,2,2,5349,0,0,0,0,0
2020-06-11,US,Texas,Denton,1599,36,0,33.20521901,-97.11691153,48121.0,180.22851487871492,2.25140712945591,1563,1559,35,0,1524,1524,859064,40,1,0,39,35
2020-06-11,US,Texas,Dickens,1,0,0,33.61616822,-100.7788855,48125.0,45.22840343735866,0.0,1,1,0,0,1,1,2249,0,0,0,0,0
2020-06-11,US,Texas,Dimmit,1,0,0,28.42270064,-99.75645095,48127.0,9.877518767285656,0.0,1,1,0,0,1,1,10308,0,0,0,0,0
2020-06-11,US,Texas,Donley,27,0,0,34.96517499,-100.8140093,48129.0,823.672971323978,0.0,27,27,0,0,27,27,3319,0,0,0,0,0
2020-06-11,US,Texas,Duval,5,0,0,27.68184592,-98.50864568,48131.0,44.81491440351349,0.0,5,5,0,0,5,5,11212,0,0,0,0,0
2020-06-11,US,Texas,Eastland,7,0,0,32.32743996,-98.83243566,48133.0,38.12636165577342,0.0,7,7,0,0,7,7,18322,0,0,0,0,0
2020-06-11,US,Texas,Ector,221,6,0,31.86898877,-102.5429428,48135.0,132.95392334394157,2.7149321266968327,215,214,6,0,208,206,162124,7,0,0,7,8
2020-06-11,US,Texas,El Paso,3650,97,0,31.76980765,-106.2363275,48141.0,434.918342591732,2.6575342465753424,3553,3582,93,0,3489,3512,840758,68,4,0,64,70
2020-06-11,US,Texas,Ellis,429,18,0,32.34894117,-96.79371841,48139.0,232.1102009457544,4.195804195804196,411,418,18,0,400,399,179436,11,0,0,11,19
2020-06-11,US,Texas,Erath,30,1,0,32.23602653,-98.21773417,48143.0,70.26090214998361,3.333333333333333,29,29,1,0,28,29,42446,1,0,0,1,0
2020-06-11,US,Texas,Falls,14,0,0,31.25350609,-96.93630086,48145.0,80.93889113719142,0.0,14,13,0,0,13,13,17335,1,0,0,1,0
2020-06-11,US,Texas,Fannin,51,2,0,33.59564294,-96.10751083,48147.0,143.60533873965196,3.92156862745098,49,50,2,0,48,49,35286,1,0,0,1,1
2020-06-11,US,Texas,Fayette,43,2,0,29.87788372,-96.92076062,48149.0,169.65201609721456,4.651162790697675,41,39,2,0,37,38,25349,4,0,0,4,1
2020-06-11,US,Texas,Fisher,2,1,0,32.74281316,-100.4019302,48151.0,52.219321148825074,50.0,1,2,1,0,1,2,3839,0,0,0,0,0
2020-06-11,US,Texas,Floyd,16,0,0,34.07227468,-101.3031546,48153.0,280.11204481792714,0.0,16,16,0,0,16,16,5837,0,0,0,0,0
2020-06-11,US,Texas,Fort Bend,2299,47,0,29.52704478,-95.77219463,48157.0,283.236908762973,2.044367116137451,2252,2225,47,0,2178,2138,787858,74,0,0,74,87
2020-06-11,US,Texas,Franklin,24,0,0,33.17653242,-95.21917243,48159.0,223.77622377622384,0.0,24,22,0,0,22,22,10766,2,0,0,2,0
2020-06-11,US,Texas,Freestone,12,0,0,31.70422788,-96.15072516,48161.0,60.861185778769595,0.0,12,13,0,0,13,12,19808,-1,0,0,-1,1
2020-06-11,US,Texas,Frio,54,0,0,28.86751206,-99.10804207,48163.0,265.93125184674483,0.0,54,54,0,0,54,50,19816,0,0,0,0,4
2020-06-11,US,Texas,Gaines,9,0,0,32.74055318,-102.6353295,48165.0,41.876046901172536,0.0,9,9,0,0,9,9,20901,0,0,0,0,0
2020-06-11,US,Texas,Galveston,1084,38,0,29.40167322,-94.90469073,48167.0,316.830294120226,3.505535055350553,1046,1051,38,0,1013,1026,337890,33,0,0,33,25
2020-06-11,US,Texas,Garza,6,0,0,33.17969345,-101.2984114,48169.0,96.3236474554503,0.0,6,7,0,0,7,6,6578,-1,0,0,-1,1
2020-06-11,US,Texas,Gillespie,5,0,0,30.31824095,-98.94676915,48171.0,18.526752630798875,0.0,5,5,0,0,5,5,26804,0,0,0,0,0
2020-06-11,US,Texas,Glasscock,1,0,0,31.86942909,-101.5207776,48173.0,70.97232079489001,0.0,1,1,0,0,1,1,1388,0,0,0,0,0
2020-06-11,US,Texas,Goliad,7,0,0,28.65696592,-97.42760647,48175.0,91.40767824497256,0.0,7,7,0,0,7,7,7584,0,0,0,0,0
2020-06-11,US,Texas,Gonzales,157,4,0,29.45634206,-97.49424032,48177.0,753.4673897394058,2.5477707006369426,153,155,3,0,152,153,20826,2,1,0,1,2
2020-06-11,US,Texas,Gray,107,3,0,35.40081878,-100.8129222,48179.0,488.8970117883579,2.803738317757009,104,106,3,0,103,105,21895,1,0,0,1,1
2020-06-11,US,Texas,Grayson,403,4,0,33.62744998,-96.67753461,48181.0,295.86233224679177,0.9925558312655088,399,389,4,0,385,384,133991,14,0,0,14,5
2020-06-11,US,Texas,Gregg,274,11,0,32.47940482,-94.81591935,48183.0,221.065795312437,4.014598540145985,263,273,11,0,262,272,123707,1,0,0,1,1
2020-06-11,US,Texas,Grimes,252,1,0,30.54579585,-95.98902499,48185.0,872.5761772853184,0.3968253968253968,251,252,1,0,251,245,28360,0,0,0,0,7
2020-06-11,US,Texas,Guadalupe,154,0,0,29.58165339,-97.94786822,48187.0,92.30013125797886,0.0,154,151,0,0,151,147,163694,3,0,0,3,4
2020-06-11,US,Texas,Hale,67,5,0,34.07044901,-101.8268114,48189.0,200.56277315452317,7.462686567164179,62,67,5,0,62,61,33830,0,0,0,0,6
2020-06-11,US,Texas,Hall,2,1,0,34.5307555,-100.6813852,48191.0,67.47638326585695,50.0,1,2,1,0,1,2,3028,0,0,0,0,0
2020-06-11,US,Texas,Hamilton,10,1,0,31.70470573,-98.11083887,48193.0,118.18933932159321,10.0,9,10,1,0,9,10,8484,0,0,0,0,0
2020-06-11,US,Texas,Hansford,21,2,0,36.27743284,-101.3545796,48195.0,388.960918688646,9.523809523809524,19,21,2,0,19,20,5463,0,0,0,0,1
2020-06-11,US,Texas,Hardeman,4,0,0,34.28944521,-99.74632408,48197.0,101.70353419781335,0.0,4,4,0,0,4,4,3922,0,0,0,0,0
2020-06-11,US,Texas,Hardin,144,5,0,30.33364686,-94.38931817,48199.0,249.99131974584216,3.4722222222222223,139,144,5,0,139,142,57207,0,0,0,0,2
2020-06-11,US,Texas,Harris,15864,267,0,29.86,-95.39,48201.0,336.57768136082285,1.6830559757942511,15597,15552,267,0,15285,15238,4698619,312,0,0,312,314
2020-06-11,US,Texas,Harrison,261,28,0,32.54935988,-94.36934071,48203.0,392.16864754406265,10.727969348659004,233,259,28,0,231,258,66726,2,0,0,2,1
2020-06-11,US,Texas,Hartley,12,2,0,35.84008013,-102.6029022,48205.0,215.20803443328552,16.666666666666668,10,12,2,0,10,12,5619,0,0,0,0,0
2020-06-11,US,Texas,Haskell,3,0,0,33.17823584,-99.73037358,48207.0,53.022269353128316,0.0,3,3,0,0,3,3,5813,0,0,0,0,0
2020-06-11,US,Texas,Hays,492,5,0,30.05669873,-98.02944344,48209.0,213.73555004322498,1.0162601626016259,487,465,5,0,460,441,222631,27,0,0,27,24
2020-06-11,US,Texas,Hemphill,1,0,0,35.83764858,-100.2703577,48211.0,26.18486514794449,0.0,1,1,0,0,1,1,3825,0,0,0,0,0
2020-06-11,US,Texas,Henderson,74,3,0,32.21128872,-95.85846587,48213.0,89.44003287525534,4.0540540540540535,71,71,3,0,68,71,82299,3,0,0,3,0
2020-06-11,US,Texas,Hidalgo,842,12,0,26.39418217,-98.18299696,48215.0,96.92566078090772,1.4251781472684086,830,804,12,0,792,759,865939,38,0,0,38,45
2020-06-11,US,Texas,Hill,33,1,0,31.99045053,-97.13423143,48217.0,90.04338453982375,3.0303030303030303,32,30,1,0,29,30,36354,3,0,0,3,0
2020-06-11,US,Texas,Hockley,28,1,0,33.60771256,-102.3431676,48219.0,121.62807871074236,3.571428571428572,27,27,1,0,26,27,22980,1,0,0,1,0
2020-06-11,US,Texas,Hood,31,4,0,32.42990927,-97.83242024,48221.0,50.289570591956924,12.903225806451614,27,31,4,0,27,31,60537,0,0,0,0,0
2020-06-11,US,Texas,Hopkins,41,0,0,33.14875072,-95.56351139,48223.0,110.55981016071621,0.0,41,39,0,0,39,39,36810,2,0,0,2,0
2020-06-11,US,Texas,Houston,153,0,0,31.31925973,-95.42226208,48225.0,666.1442006269592,0.0,153,153,0,0,153,152,23169,0,0,0,0,1
2020-06-11,US,Texas,Howard,18,1,0,32.30621324,-101.4356444,48227.0,49.09447959851625,5.5555555555555545,17,17,1,0,16,15,36459,1,0,0,1,2
2020-06-11,US,Texas,Hudspeth,11,0,0,31.45628381,-105.388178,48229.0,225.13303315595581,0.0,11,11,0,0,11,4,4795,0,0,0,0,7
2020-06-11,US,Texas,Hunt,147,5,0,33.12351514,-96.08551032,48231.0,149.09629389212324,3.4013605442176873,142,132,5,0,127,121,96493,15,0,0,15,11
2020-06-11,US,Texas,Hutchinson,44,0,0,35.84006574,-101.3546643,48233.0,210.14423536154356,0.0,44,44,0,0,44,44,21198,0,0,0,0,0
2020-06-11,US,Texas,Irion,1,0,0,31.30375559,-100.982439,48235.0,65.10416666666667,0.0,1,1,0,0,1,1,1522,0,0,0,0,0
2020-06-11,US,Texas,Jack,4,0,0,33.23377248,-98.17283469,48237.0,44.76776720761052,0.0,4,4,0,0,4,4,8843,0,0,0,0,0
2020-06-11,US,Texas,Jackson,20,1,0,28.95472367,-96.57749563,48239.0,135.50135501355012,5.0,19,19,1,0,18,19,14874,1,0,0,1,0
2020-06-11,US,Texas,Jasper,32,1,0,30.74685667,-94.02667579,48241.0,90.06726899152805,3.125,31,32,1,0,31,31,35872,0,0,0,0,1
2020-06-11,US,Texas,Jefferson,1187,31,0,29.8832777,-94.16434171,48245.0,471.8462425218135,2.611625947767481,1156,1184,31,0,1153,647,255001,3,0,0,3,537
2020-06-11,US,Texas,Jim Hogg,4,0,0,27.04453923,-98.6968187,48247.0,76.92307692307692,0.0,4,4,0,0,4,4,5248,0,0,0,0,0
2020-06-11,US,Texas,Jim Wells,15,0,0,27.73103938,-98.0904705,48249.0,37.05350526159775,0.0,15,15,0,0,15,13,40822,0,0,0,0,2
2020-06-11,US,Texas,Johnson,220,4,0,32.37877812,-97.36615819,48251.0,125.13010687248672,1.818181818181818,216,214,4,0,210,209,171361,6,0,0,6,5
2020-06-11,US,Texas,Jones,633,0,0,32.73997145,-99.87861576,48253.0,3151.919533934173,0.0,633,636,0,0,636,637,19817,-3,0,0,-3,-1
2020-06-11,US,Texas,Karnes,4,0,0,28.90705334,-97.85960149,48255.0,25.63938209089161,0.0,4,4,0,0,4,4,15650,0,0,0,0,0
2020-06-11,US,Texas,Kaufman,316,3,0,32.599141700000004,-96.28734728,48257.0,232.0901332314879,0.9493670886075948,313,308,2,0,306,275,128622,8,1,0,7,33
2020-06-11,US,Texas,Kendall,35,0,0,29.94414155,-98.7113588,48259.0,73.79140224747528,0.0,35,35,0,0,35,33,45641,0,0,0,0,2
2020-06-11,US,Texas,Kerr,20,1,0,30.06040006,-99.34930144,48265.0,38.02281368821293,5.0,19,20,1,0,19,20,52405,0,0,0,0,0
2020-06-11,US,Texas,Kimble,1,0,0,30.48678918,-99.74856473,48267.0,23.057412958266077,0.0,1,1,0,0,1,1,4362,0,0,0,0,0
2020-06-11,US,Texas,Kinney,1,0,0,29.34967888,-100.4186638,48271.0,27.27024815925825,0.0,1,1,0,0,1,1,3767,0,0,0,0,0
2020-06-11,US,Texas,Kleberg,20,1,0,27.42435506,-97.69894948,48273.0,65.18904823989571,5.0,19,20,1,0,19,20,31129,0,0,0,0,0
2020-06-11,US,Texas,Knox,1,0,0,33.60519951,-99.7422906,48275.0,27.29257641921397,0.0,1,1,0,0,1,1,3653,0,0,0,0,0
2020-06-11,US,Texas,La Salle,4,0,0,28.34453111,-99.09908775,48283.0,53.19148936170214,0.0,4,4,0,0,4,4,7531,0,0,0,0,0
2020-06-11,US,Texas,Lamar,160,11,0,33.66981763,-95.57404777,48277.0,320.90495196454,6.875,149,158,11,0,147,156,49728,2,0,0,2,2
2020-06-11,US,Texas,Lamb,18,0,0,34.06859623,-102.3516289,48279.0,139.61064143333593,0.0,18,18,0,0,18,17,13158,0,0,0,0,1
2020-06-11,US,Texas,Lampasas,9,0,0,31.19531316,-98.24206613,48281.0,42.001120029867465,0.0,9,9,0,0,9,9,21229,0,0,0,0,0
2020-06-11,US,Texas,Lavaca,21,1,0,29.38508402,-96.93186692,48285.0,104.19767788032152,4.761904761904762,20,20,1,0,19,19,20110,1,0,0,1,1
2020-06-11,US,Texas,Lee,32,2,0,30.31120597,-96.97045773,48287.0,185.62561633505425,6.25,30,29,2,0,27,26,17144,3,0,0,3,3
2020-06-11,US,Texas,Leon,11,0,0,31.29872538,-95.9936328,48289.0,63.203861181337615,0.0,11,11,0,0,11,11,17270,0,0,0,0,0
2020-06-11,US,Texas,Liberty,115,3,0,30.15152688,-94.81205615,48291.0,130.35740600097483,2.608695652173913,112,110,3,0,107,108,86323,5,0,0,5,2
2020-06-11,US,Texas,Limestone,36,1,0,31.5454767,-96.58095444,48293.0,153.60327686990655,2.7777777777777777,35,34,1,0,33,34,23519,2,0,0,2,0
2020-06-11,US,Texas,Lipscomb,7,0,0,36.27783108,-100.2733151,48295.0,216.51716671821842,0.0,7,7,0,0,7,7,3355,0,0,0,0,0
2020-06-11,US,Texas,Live Oak,9,0,0,28.35101362,-98.1246786,48297.0,73.72818874416319,0.0,9,9,0,0,9,9,12166,0,0,0,0,0
2020-06-11,US,Texas,Llano,4,0,0,30.70645047,-98.68475262,48299.0,18.352833218628124,0.0,4,3,0,0,3,3,21646,1,0,0,1,0
2020-06-11,US,Texas,Lubbock,775,50,0,33.61008596,-101.8204789,48303.0,249.5419697394138,6.451612903225807,725,759,50,0,709,756,307412,16,0,0,16,3
2020-06-11,US,Texas,Lynn,14,1,0,33.17657705,-101.8162849,48305.0,235.25457906234246,7.142857142857142,13,10,1,0,9,8,5877,4,0,0,4,2
2020-06-11,US,Texas,Madison,19,0,0,30.96694679,-95.93003775,48313.0,133.01596191542984,0.0,19,17,0,0,17,16,14422,2,0,0,2,1
2020-06-11,US,Texas,Marion,18,1,0,32.79868409,-94.3566123,48315.0,182.66693728435155,5.5555555555555545,17,18,1,0,17,18,9928,0,0,0,0,0
2020-06-11,US,Texas,Martin,3,1,0,32.30600051,-101.9513518,48317.0,51.984058222145215,33.333333333333336,2,3,1,0,2,3,5753,0,0,0,0,0
2020-06-11,US,Texas,Mason,33,0,0,30.71780434,-99.22629416,48319.0,772.1104351895182,0.0,33,32,0,0,32,32,4280,1,0,0,1,0
2020-06-11,US,Texas,Matagorda,77,5,0,28.81955746,-96.01230294,48321.0,210.13563299948152,6.493506493506493,72,77,5,0,72,77,36552,0,0,0,0,0
2020-06-11,US,Texas,Maverick,153,2,0,28.7429195,-100.3157686,48323.0,260.5497087973843,1.30718954248366,151,149,2,0,147,146,58485,4,0,0,4,3
2020-06-11,US,Texas,McCulloch,3,0,0,31.1925468,-99.34682807,48307.0,37.5751503006012,0.0,3,3,0,0,3,3,7987,0,0,0,0,0
2020-06-11,US,Texas,McLennan,141,4,0,31.55255453,-97.20217694,48309.0,54.944412620848475,2.8368794326241136,137,138,4,0,134,132,254607,3,0,0,3,6
2020-06-11,US,Texas,Medina,218,2,0,29.3557301,-99.11030298,48325.0,422.6116625310174,0.9174311926605504,216,216,2,0,214,216,50921,2,0,0,2,0
2020-06-11,US,Texas,Midland,180,13,0,31.86904128,-102.0315682,48329.0,101.79153094462539,7.222222222222222,167,177,13,0,164,169,172578,3,0,0,3,8
2020-06-11,US,Texas,Milam,38,1,0,30.78581830000001,-96.97718698,48331.0,153.0838335414736,2.631578947368421,37,37,1,0,36,35,25131,1,0,0,1,2
2020-06-11,US,Texas,Mills,1,0,0,31.49557106,-98.59272068,48333.0,20.521239482864765,0.0,1,1,0,0,1,1,4921,0,0,0,0,0
2020-06-11,US,Texas,Mitchell,2,0,0,32.30623474,-100.9212058,48335.0,23.405500292568757,0.0,2,1,0,0,1,1,8145,1,0,0,1,0
2020-06-11,US,Texas,Montague,9,1,0,33.67521893,-97.72500958,48337.0,45.41326067211626,11.111111111111109,8,9,1,0,8,9,19596,0,0,0,0,0
2020-06-11,US,Texas,Montgomery,1197,32,0,30.30079133,-95.50572772,48339.0,197.07239652875992,2.6733500417710943,1165,1162,32,0,1130,1122,590925,35,0,0,35,40
2020-06-11,US,Texas,Moore,866,14,0,35.83769242,-101.8930281,48341.0,4135.62559694365,1.6166281755196306,852,864,14,0,850,864,21485,2,0,0,2,0
2020-06-11,US,Texas,Morris,28,0,0,33.11304005,-94.73255695,48343.0,226.0251856635454,0.0,28,27,0,0,27,27,12339,1,0,0,1,0
2020-06-11,US,Texas,Motley,1,0,0,34.07408766,-100.779722,48345.0,83.33333333333333,0.0,1,1,0,0,1,1,1234,0,0,0,0,0
2020-06-11,US,Texas,Nacogdoches,317,24,0,31.62017125,-94.61803994,48347.0,486.16649285319914,7.570977917981073,293,315,21,0,294,305,65711,2,3,0,-1,10
2020-06-11,US,Texas,Navarro,74,3,0,32.04620681,-96.47428766,48349.0,147.66627422026218,4.0540540540540535,71,70,3,0,67,70,49565,4,0,0,4,0
2020-06-11,US,Texas,Newton,6,0,0,30.78548982,-93.74408813,48351.0,44.13387274733358,0.0,6,6,0,0,6,6,13746,0,0,0,0,0
2020-06-11,US,Texas,Nolan,3,0,0,32.30365282,-100.4060208,48353.0,20.38874541253228,0.0,3,3,0,0,3,9,14751,0,0,0,0,-6
2020-06-11,US,Texas,Nueces,310,3,0,27.736286,-97.5433285,48355.0,85.5658663958001,0.967741935483871,307,303,3,0,300,300,362265,7,0,0,7,3
2020-06-11,US,Texas,Ochiltree,52,2,0,36.27829105,-100.8158184,48357.0,528.6701911346074,3.8461538461538463,50,52,2,0,50,52,9947,0,0,0,0,0
2020-06-11,US,Texas,Oldham,4,1,0,35.40425596,-102.6027606,48359.0,189.3939393939394,25.0,3,4,1,0,3,4,2131,0,0,0,0,0
2020-06-11,US,Texas,Orange,102,2,0,30.11879481,-93.89412775,48361.0,122.308024365677,1.96078431372549,100,102,2,0,100,100,83572,0,0,0,0,2
2020-06-11,US,Texas,Palo Pinto,14,2,0,32.75310985,-98.31319001,48363.0,47.96327383603412,14.285714285714285,12,13,2,0,11,13,28875,1,0,0,1,0
2020-06-11,US,Texas,Panola,214,23,0,32.163959600000005,-94.30552481,48365.0,922.652410106062,10.747663551401871,191,214,23,0,191,214,23148,0,0,0,0,0
2020-06-11,US,Texas,Parker,105,1,0,32.77757172,-97.80500621,48367.0,73.4892705664973,0.9523809523809524,104,105,1,0,104,104,138371,0,0,0,0,1
2020-06-11,US,Texas,Parmer,100,0,0,34.52993409,-102.7844668,48369.0,1041.124414367517,0.0,100,98,0,0,98,98,9864,2,0,0,2,0
2020-06-11,US,Texas,Pecos,107,0,0,30.78097267,-102.7241261,48371.0,676.2308032610756,0.0,107,107,0,0,107,105,15673,0,0,0,0,2
2020-06-11,US,Texas,Polk,62,0,0,30.79472531,-94.8276624,48373.0,120.73296594161975,0.0,62,62,0,0,62,61,50031,0,0,0,0,1
2020-06-11,US,Texas,Potter,2778,36,0,35.40133773,-101.893964,48375.0,2365.966869650385,1.2958963282937366,2742,2766,32,0,2734,2763,119648,12,4,0,8,3
2020-06-11,US,Texas,Presidio,2,0,0,29.99954402,-104.2408079,48377.0,29.832935560859188,0.0,2,2,0,0,2,2,6948,0,0,0,0,0
2020-06-11,US,Texas,Rains,4,0,0,32.87109387,-95.79232691,48379.0,31.9642000958926,0.0,4,4,0,0,4,4,12159,0,0,0,0,0
2020-06-11,US,Texas,Randall,747,6,0,34.96585996,-101.8971322,48381.0,542.4324500954883,0.8032128514056225,741,740,6,0,734,737,136271,7,0,0,7,3
2020-06-11,US,Texas,Reagan,2,0,0,31.36607041,-101.5232659,48383.0,51.96154845414394,0.0,2,2,0,0,2,2,3741,0,0,0,0,0
2020-06-11,US,Texas,Real,1,0,0,29.83321503,-99.82018052,48385.0,28.968713789107767,0.0,1,1,0,0,1,1,3478,0,0,0,0,0
2020-06-11,US,Texas,Red River,86,8,0,33.61886692,-95.04841765,48387.0,715.2956832737253,9.30232558139535,78,83,8,0,75,81,12175,3,0,0,3,2
2020-06-11,US,Texas,Reeves,11,0,0,31.32323325,-103.6903896,48389.0,68.85327991987982,0.0,11,11,0,0,11,11,15695,0,0,0,0,0
2020-06-11,US,Texas,Refugio,5,0,0,28.3238976,-97.15766311,48391.0,71.96315486470927,0.0,5,5,0,0,5,5,7032,0,0,0,0,0
2020-06-11,US,Texas,Roberts,2,0,0,35.83809685,-100.813175,48393.0,234.192037470726,0.0,2,2,0,0,2,2,903,0,0,0,0,0
2020-06-11,US,Texas,Robertson,18,0,0,31.02539637,-96.51272246,48395.0,105.4234508609582,0.0,18,17,0,0,17,17,17284,1,0,0,1,0
2020-06-11,US,Texas,Rockwall,230,15,0,32.89779518,-96.40771592,48397.0,219.2250869751704,6.521739130434782,215,224,15,0,209,202,100657,6,0,0,6,22
2020-06-11,US,Texas,Runnels,2,0,0,31.8314342,-99.97616148,48399.0,19.48558067030397,0.0,2,2,0,0,2,3,10234,0,0,0,0,-1
2020-06-11,US,Texas,Rusk,68,2,0,32.10773545,-94.76176432,48401.0,124.98621475572548,2.9411764705882355,66,65,2,0,63,67,54450,3,0,0,3,-2
2020-06-11,US,Texas,Sabine,15,1,0,31.34318809,-93.85440451,48403.0,142.2879908935686,6.666666666666668,14,15,1,0,14,15,10589,0,0,0,0,0
2020-06-11,US,Texas,San Augustine,49,4,0,31.39457611,-94.17000399,48405.0,594.8767755250698,8.16326530612245,45,49,4,0,45,45,8232,0,0,0,0,4
2020-06-11,US,Texas,San Jacinto,20,0,0,30.57933681,-95.16260304,48407.0,69.30247063307807,0.0,20,19,0,0,19,19,28719,1,0,0,1,0
2020-06-11,US,Texas,San Patricio,41,0,0,28.00880118,-97.51763891,48409.0,61.441630451071475,0.0,41,41,0,0,41,41,66893,0,0,0,0,0
2020-06-11,US,Texas,San Saba,1,0,0,31.1577796,-98.81758731,48411.0,16.515276630883566,0.0,1,1,0,0,1,1,6054,0,0,0,0,0
2020-06-11,US,Texas,Scurry,27,0,0,32.74613808,-100.9162664,48415.0,161.64760821409328,0.0,27,26,0,0,26,26,16866,1,0,0,1,0
2020-06-11,US,Texas,Shackelford,1,0,0,32.73587756,-99.35401337,48417.0,30.627871362940283,0.0,1,1,0,0,1,1,3253,0,0,0,0,0
2020-06-11,US,Texas,Shelby,224,8,0,31.79211404,-94.14550696,48419.0,886.2863021286697,3.571428571428572,216,215,8,0,207,214,25418,9,0,0,9,1
2020-06-11,US,Texas,Sherman,28,0,0,36.27751473,-101.8933156,48421.0,926.5387160820649,0.0,28,28,0,0,28,28,3079,0,0,0,0,0
2020-06-11,US,Texas,Smith,244,4,0,32.37474036,-95.2717568,48423.0,104.83306194173171,1.639344262295082,240,238,4,0,234,235,230221,6,0,0,6,3
2020-06-11,US,Texas,Somervell,2,0,0,32.22236802,-97.77403489,48425.0,21.910604732690626,0.0,2,1,0,0,1,1,9016,1,0,0,1,0
2020-06-11,US,Texas,Starr,72,1,0,26.56150059,-98.73892358,48427.0,111.39820215679299,1.3888888888888888,71,68,1,0,67,59,64525,4,0,0,4,9
2020-06-11,US,Texas,Stephens,4,0,0,32.73553157,-98.83631615,48429.0,42.707666026051676,0.0,4,4,0,0,4,4,9433,0,0,0,0,0
2020-06-11,US,Texas,Swisher,19,1,0,34.53028891,-101.7349174,48437.0,256.8608895498175,5.2631578947368425,18,18,1,0,17,18,7462,1,0,0,1,0
2020-06-11,US,Texas,Tarrant,6824,190,0,32.77143818,-97.29101614,48439.0,324.5636773102689,2.7842907385697537,6634,6599,189,0,6410,6369,2084931,225,1,0,224,230
2020-06-11,US,Texas,Taylor,249,5,0,32.30163422,-99.89007449,48441.0,180.390338612226,2.0080321285140563,244,248,5,0,243,247,137640,1,0,0,1,1
2020-06-11,US,Texas,Terry,13,0,0,33.17402785,-102.3354521,48445.0,105.3740779768177,0.0,13,13,0,0,13,13,12287,0,0,0,0,0
2020-06-11,US,Texas,Throckmorton,1,0,0,33.17751417,-99.21226795,48447.0,66.62225183211193,0.0,1,1,0,0,1,1,1515,0,0,0,0,0
2020-06-11,US,Texas,Titus,645,3,0,33.21339719,-94.96797273,48449.0,1969.4656488549615,0.4651162790697674,642,637,3,0,634,635,33033,8,0,0,8,2
2020-06-11,US,Texas,Tom Green,122,1,0,31.40464436,-100.462443,48451.0,102.3489932885906,0.819672131147541,121,122,1,0,121,119,118189,0,0,0,0,3
2020-06-11,US,Texas,Travis,4109,99,0,30.33432034,-97.7853562,48453.0,322.5391183669112,2.4093453394986613,4010,3976,99,0,3877,3815,1248743,133,0,0,133,161
2020-06-11,US,Texas,Trinity,22,0,0,31.0879489,-95.1367187,48455.0,150.16039860760358,0.0,22,22,0,0,22,22,14740,0,0,0,0,0
2020-06-11,US,Texas,Tyler,16,0,0,30.77031716,-94.37690895,48457.0,73.82798080472499,0.0,16,16,0,0,16,16,21696,0,0,0,0,0
2020-06-11,US,Texas,Upshur,35,0,0,32.73706798,-94.93999853,48459.0,83.82631188178095,0.0,35,35,0,0,35,35,41260,0,0,0,0,0
2020-06-11,US,Texas,Uvalde,22,0,0,29.35739637,-99.76229172,48463.0,82.27067050596462,0.0,22,21,0,0,21,20,26846,1,0,0,1,1
2020-06-11,US,Texas,Val Verde,32,0,0,29.89149232,-101.1525205,48465.0,65.27281998980112,0.0,32,27,0,0,27,25,49208,5,0,0,5,2
2020-06-11,US,Texas,Van Zandt,44,1,0,32.56483801,-95.83766469,48467.0,77.75225304824173,2.272727272727273,43,41,1,0,40,40,56019,3,0,0,3,1
2020-06-11,US,Texas,Victoria,184,8,0,28.79780988,-96.96813006,48469.0,199.81755788193385,4.3478260869565215,176,180,8,0,172,174,92035,4,0,0,4,6
2020-06-11,US,Texas,Walker,1866,27,0,30.73872995,-95.57440968,48471.0,2557.1802496882324,1.4469453376205788,1839,1854,27,0,1827,1868,72480,12,0,0,12,-14
2020-06-11,US,Texas,Waller,86,0,0,30.01058447,-95.99011759,48473.0,155.66737863374726,0.0,86,85,0,0,85,77,53126,1,0,0,1,8
2020-06-11,US,Texas,Ward,2,0,0,31.50999644,-103.0927909,48475.0,16.669444907484582,0.0,2,2,0,0,2,2,11720,0,0,0,0,0
2020-06-11,US,Texas,Washington,214,25,0,30.21498498,-96.40946246,48477.0,596.3993088456608,11.682242990654204,189,213,25,0,188,208,35108,1,0,0,1,5
2020-06-11,US,Texas,Webb,652,20,0,27.7610369,-99.33237355,48479.0,235.6751442245131,3.0674846625766867,632,634,20,0,614,608,275910,18,0,0,18,26
2020-06-11,US,Texas,Wharton,87,1,0,29.27765923,-96.22319248,48481.0,209.356049667918,1.1494252873563218,86,86,1,0,85,84,41619,1,0,0,1,2
2020-06-11,US,Texas,Wheeler,15,0,0,35.40114335,-100.2699514,48483.0,296.67721518987344,0.0,15,15,0,0,15,15,5191,0,0,0,0,0
2020-06-11,US,Texas,Wichita,92,2,0,33.98842886,-98.7041034,48485.0,69.57573924222945,2.1739130434782608,90,90,2,0,88,90,132064,2,0,0,2,0
2020-06-11,US,Texas,Wilbarger,7,0,0,34.07945812,-99.24178437,48487.0,54.82026783616571,0.0,7,7,0,0,7,7,12820,0,0,0,0,0
2020-06-11,US,Texas,Willacy,48,3,0,26.47411727,-97.61535848,48489.0,224.7401442082592,6.25,45,45,2,0,43,42,21515,3,1,0,2,3
2020-06-11,US,Texas,Williamson,787,30,0,30.64655664,-97.6004854,48491.0,133.26537420138143,3.811944091486658,757,763,29,0,734,745,566719,24,1,0,23,18
2020-06-11,US,Texas,Wilson,46,5,0,29.1732598,-98.08693082,48493.0,90.0724495790092,10.869565217391305,41,46,5,0,41,45,50224,0,0,0,0,1
2020-06-11,US,Texas,Winkler,3,0,0,31.85008651,-103.0485163,48495.0,37.453183520599254,0.0,3,3,0,0,3,3,7720,0,0,0,0,0
2020-06-11,US,Texas,Wise,55,5,0,33.21570665,-97.65460265,48497.0,78.5893918609968,9.090909090909092,50,55,5,0,50,53,68305,0,0,0,0,2
2020-06-11,US,Texas,Wood,51,5,0,32.78722382,-95.38236368,48499.0,111.99191901447114,9.803921568627453,46,51,4,0,47,51,45129,0,1,0,-1,0
2020-06-11,US,Texas,Yoakum,8,0,0,33.17320212,-102.8276433,48501.0,91.81682543326063,0.0,8,8,0,0,8,5,8591,0,0,0,0,3
2020-06-11,US,Texas,Young,13,1,0,33.17659707,-98.68790885,48503.0,72.18212104386453,7.6923076923076925,12,11,1,0,10,6,18045,2,0,0,2,5
2020-06-11,US,Texas,Zapata,12,0,0,27.00156391,-99.16987152,48505.0,84.63220255307144,0.0,12,12,0,0,12,12,14190,0,0,0,0,0
2020-06-11,US,Texas,Zavala,12,0,0,28.86617238,-99.76050829,48507.0,101.35135135135135,0.0,12,12,0,0,12,12,11983,0,0,0,0,0
2020-06-11,US,Utah,Bear River,878,2,0,41.52106798,-113.0832816,0.0,469.97612649744667,0.2277904328018223,876,837,2,0,835,795,,41,0,0,41,42
2020-06-11,US,Utah,Central Utah,54,0,0,39.37231946,-111.5758676,0.0,65.89062156819679,0.0,54,50,0,0,50,48,,4,0,0,4,2
2020-06-11,US,Utah,Davis,620,4,0,40.99001837,-112.1139997,49011.0,174.41157192648834,0.6451612903225806,616,593,4,0,589,580,351713,27,0,0,27,13
2020-06-11,US,Utah,Salt Lake,6776,87,0,40.66616532,-111.9216011,49035.0,583.9179550462455,1.2839433293978748,6689,6591,85,0,6506,6421,1152633,185,2,0,183,170
2020-06-11,US,Utah,San Juan,343,5,0,37.62762978,-109.80337140000002,49037.0,2240.658479226548,1.4577259475218658,338,339,5,0,334,337,15449,4,0,0,4,2
2020-06-11,US,Utah,Southeast Utah,28,0,0,38.99617072,-110.7013958,0.0,69.60153123368714,0.0,28,28,0,0,28,28,,0,0,0,0,0
2020-06-11,US,Utah,Southwest Utah,718,4,0,37.85447192,-111.4418764,0.0,284.8731560612913,0.5571030640668524,714,680,4,0,676,655,,38,0,0,38,25
2020-06-11,US,Utah,Summit,442,0,0,40.86688146,-110.9535882,49043.0,1048.7602325305493,0.0,442,443,0,0,443,440,41933,-1,0,0,-1,3
2020-06-11,US,Utah,Tooele,158,0,0,40.44862644,-113.1295715,49045.0,218.65788344704467,0.0,158,153,0,0,153,153,69907,5,0,0,5,0
2020-06-11,US,Utah,TriCounty,27,0,0,40.12491499,-109.5174415,0.0,47.68464554413479,0.0,27,23,0,0,23,22,,4,0,0,4,1
2020-06-11,US,Utah,Utah,2444,19,0,40.1166722,-111.6657662,49049.0,384.1347929617201,0.7774140752864157,2425,2376,18,0,2358,2337,622213,68,1,0,67,39
2020-06-11,US,Utah,Wasatch,341,2,0,40.33110236,-111.1691419,49051.0,1000.263999296002,0.5865102639296188,339,337,2,0,335,335,33240,4,0,0,4,2
2020-06-11,US,Utah,Weber-Morgan,423,8,0,41.27116049,-111.9145117,0.0,155.3222661628791,1.8912529550827424,415,414,8,0,406,408,,9,0,0,9,6
2020-06-11,US,Vermont,Addison,66,2,0,44.03217337,-73.14130877,50001.0,179.4599885798189,3.0303030303030303,64,66,2,0,64,66,36973,0,0,0,0,0
2020-06-11,US,Vermont,Bennington,67,1,0,43.03519828,-73.09048868,50003.0,188.89202142655762,1.492537313432836,66,67,1,0,66,66,35631,0,0,0,0,1
2020-06-11,US,Vermont,Caledonia,16,0,0,44.46548598,-72.10314651,50005.0,53.34578068215917,0.0,16,16,0,0,16,16,30302,0,0,0,0,0
2020-06-11,US,Vermont,Chittenden,559,39,0,44.46322849,-73.08359212,50007.0,341.3240196856644,6.9767441860465125,520,544,39,0,505,535,164572,15,0,0,15,9
2020-06-11,US,Vermont,Essex,3,0,0,44.72736416,-71.73579864,50009.0,48.67759208177836,0.0,3,3,0,0,3,3,6250,0,0,0,0,0
2020-06-11,US,Vermont,Franklin,101,5,0,44.85627605,-72.91249563,50011.0,204.4451641633942,4.950495049504951,96,101,5,0,96,100,49421,0,0,0,0,1
2020-06-11,US,Vermont,Grand Isle,8,0,0,44.7975824,-73.29679772,50013.0,110.573600552868,0.0,8,7,0,0,7,7,7090,1,0,0,1,0
2020-06-11,US,Vermont,Lamoille,29,1,0,44.60353043,-72.64356694,50015.0,114.34429461398943,3.4482758620689653,28,29,1,0,28,29,25300,0,0,0,0,0
2020-06-11,US,Vermont,Orange,9,0,0,44.00470222,-72.37640104,50017.0,31.150491485532328,0.0,9,9,0,0,9,9,28999,0,0,0,0,0
2020-06-11,US,Vermont,Orleans,13,0,0,44.82964024,-72.24562697,50019.0,48.08225764692829,0.0,13,13,0,0,13,13,26907,0,0,0,0,0
2020-06-11,US,Vermont,Rutland,57,1,0,43.57723578,-73.03741676,50021.0,97.95329174614629,1.7543859649122806,56,57,1,0,56,57,58672,0,0,0,0,0
2020-06-11,US,Vermont,Unassigned,5,0,0,0.0,0.0,90050.0,0.0,0.0,5,5,0,0,5,5,,0,0,0,0,0
2020-06-11,US,Vermont,Washington,39,1,0,44.27343241,-72.61604978,50023.0,66.77053193857111,2.5641025641025643,38,39,1,0,38,39,58140,0,0,0,0,0
2020-06-11,US,Vermont,Windham,83,3,0,42.986982,-72.71268875,50025.0,196.57998199990527,3.614457831325301,80,83,3,0,80,83,42756,0,0,0,0,0
2020-06-11,US,Vermont,Windsor,55,2,0,43.58010937,-72.58595157,50027.0,99.88739965856672,3.636363636363636,53,56,2,0,54,56,55286,-1,0,0,-1,0
2020-06-11,US,Virginia,Accomack,984,13,0,37.76707161,-75.63234615,51001.0,3044.931303379131,1.3211382113821135,971,984,13,0,971,983,32412,0,0,0,0,1
2020-06-11,US,Virginia,Albemarle,269,8,0,38.02080697,-78.55481085,51003.0,246.04408670996068,2.9739776951672865,261,260,8,0,252,258,108718,9,0,0,9,2
2020-06-11,US,Virginia,Alexandria,2127,48,0,38.814003,-77.08183073,51510.0,1334.1445668264046,2.2566995768688294,2079,2125,47,0,2078,2115,160530,2,1,0,1,10
2020-06-11,US,Virginia,Alleghany,26,2,0,37.78636074,-80.00222498,51005.0,174.96635262449533,7.6923076923076925,24,26,2,0,24,26,14910,0,0,0,0,0
2020-06-11,US,Virginia,Amelia,34,1,0,37.34081025,-77.98584649,51007.0,258.65348041080256,2.9411764705882355,33,34,1,0,33,33,13013,0,0,0,0,1
2020-06-11,US,Virginia,Amherst,27,0,0,37.60308293,-79.14548696,51009.0,85.42952064546748,0.0,27,27,0,0,27,27,31666,0,0,0,0,0
2020-06-11,US,Virginia,Appomattox,33,0,0,37.37569884,-78.81340003,51011.0,207.40368298661303,0.0,33,33,0,0,33,33,15841,0,0,0,0,0
2020-06-11,US,Virginia,Arlington,2299,124,0,38.8767675,-77.10139853,51013.0,970.6893203063646,5.39364941278817,2175,2280,121,0,2159,2265,237521,19,3,0,16,15
2020-06-11,US,Virginia,Augusta,139,2,0,38.16404586,-79.12461614,51015.0,183.96463643823287,1.4388489208633093,137,139,2,0,137,137,75457,0,0,0,0,2
2020-06-11,US,Virginia,Bedford,82,2,0,37.3080028,-79.5281964,51019.0,103.80141018013342,2.4390243902439024,80,83,2,0,81,81,78747,-1,0,0,-1,2
2020-06-11,US,Virginia,Botetourt,44,4,0,37.55531756,-79.80982182,51023.0,131.6616296118974,9.090909090909092,40,40,4,0,36,40,33277,4,0,0,4,0
2020-06-11,US,Virginia,Bristol,4,0,0,36.6163024,-82.16359122,51520.0,23.863500775563768,0.0,4,4,0,0,4,4,16482,0,0,0,0,0
2020-06-11,US,Virginia,Brunswick,44,1,0,36.76366949,-77.8593436,51025.0,271.0861930873021,2.272727272727273,43,43,1,0,42,41,16384,1,0,0,1,2
2020-06-11,US,Virginia,Buchanan,18,0,0,37.26818323,-82.03749726,51027.0,85.69796229289659,0.0,18,18,0,0,18,18,21221,0,0,0,0,0
2020-06-11,US,Virginia,Buckingham,517,3,0,37.57242268,-78.52518834,51029.0,3014.9288546769308,0.5802707930367504,514,497,3,0,494,484,16999,20,0,0,20,13
2020-06-11,US,Virginia,Buena Vista,12,0,0,37.73484642,-79.35296097,51530.0,185.24235875270145,0.0,12,13,0,0,13,13,6237,-1,0,0,-1,0
2020-06-11,US,Virginia,Campbell,22,1,0,37.20553386,-79.09678609,51031.0,40.083811606085455,4.545454545454546,21,22,1,0,21,20,54973,0,0,0,0,2
2020-06-11,US,Virginia,Caroline,100,3,0,38.02679129,-77.34901405,51033.0,325.46786004882017,3.0,97,99,3,0,96,97,30772,1,0,0,1,2
2020-06-11,US,Virginia,Carroll,158,5,0,36.73066666,-80.73455942,51035.0,530.3615185794367,3.1645569620253164,153,153,5,0,148,149,29636,5,0,0,5,4
2020-06-11,US,Virginia,Charles City,28,2,0,37.35358063,-77.05634116,51036.0,402.12552060893296,7.142857142857142,26,28,2,0,26,28,6941,0,0,0,0,0
2020-06-11,US,Virginia,Charlotte,29,0,0,37.01909701,-78.66314092,51037.0,244.1077441077441,0.0,29,29,0,0,29,29,11938,0,0,0,0,0
2020-06-11,US,Virginia,Charlottesville,144,3,0,38.03527919,-78.48569588,51540.0,304.6587398976008,2.083333333333333,141,142,3,0,139,141,48117,2,0,0,2,1
2020-06-11,US,Virginia,Chesapeake,622,15,0,36.67670048,-76.30545744,51550.0,254.04864500582025,2.4115755627009645,607,617,15,0,602,605,242634,5,0,0,5,12
2020-06-11,US,Virginia,Chesterfield,2041,38,0,37.37373208,-77.58680140000001,51041.0,578.5114596856027,1.8618324350808424,2003,1995,38,0,1957,1942,348556,46,0,0,46,53
2020-06-11,US,Virginia,Clarke,36,0,0,39.11271747,-77.99199425,51043.0,246.25487379437718,0.0,36,35,0,0,35,35,14523,1,0,0,1,0
2020-06-11,US,Virginia,Colonial Heights,106,17,0,37.26420587,-77.39609676,51570.0,610.2475532527346,16.037735849056602,89,106,17,0,89,104,17833,0,0,0,0,2
2020-06-11,US,Virginia,Covington,4,0,0,37.7824656,-79.98631446,51580.0,72.22824124232575,0.0,4,4,0,0,4,4,5460,0,0,0,0,0
2020-06-11,US,Virginia,Craig,6,0,0,37.48133648,-80.21072274,51045.0,116.93626973299551,0.0,6,6,0,0,6,6,5064,0,0,0,0,0
2020-06-11,US,Virginia,Culpeper,774,9,0,38.48199985,-77.95630870000002,51047.0,1471.3430282292559,1.162790697674419,765,773,9,0,764,772,51859,1,0,0,1,1
2020-06-11,US,Virginia,Cumberland,46,0,0,37.51328851,-78.24398086,51049.0,463.14941602899717,0.0,46,45,0,0,45,45,9809,1,0,0,1,0
2020-06-11,US,Virginia,Danville,61,2,0,36.58022376,-79.40395668,51590.0,152.33243432224555,3.278688524590164,59,61,2,0,59,60,40693,0,0,0,0,1
2020-06-11,US,Virginia,Dinwiddie,101,0,0,37.07544585,-77.63451754,51053.0,353.8396860986547,0.0,101,101,0,0,101,99,28529,0,0,0,0,2
2020-06-11,US,Virginia,Emporia,94,6,0,36.69455571,-77.53406129,51595.0,1758.3239805462026,6.382978723404255,88,93,6,0,87,91,5121,1,0,0,1,2
2020-06-11,US,Virginia,Essex,52,0,0,37.93357639,-76.94230311,51057.0,474.75577467360534,0.0,52,53,0,0,53,53,10919,-1,0,0,-1,0
2020-06-11,US,Virginia,Fairfax,12812,418,0,38.83677558,-77.27565836,51059.0,1116.483026181405,3.2625663440524506,12394,12746,422,0,12324,12695,1150795,66,-4,0,70,51
2020-06-11,US,Virginia,Fairfax,12812,418,0,38.83677558,-77.27565836,51059.0,1116.483026181405,3.2625663440524506,12394,12746,422,0,12324,12695,24574,66,-4,0,70,51
2020-06-11,US,Virginia,Fairfax City,68,6,0,38.85157547,-77.29779640000002,51600.0,283.10920521254013,8.823529411764708,62,69,6,0,63,69,24574,-1,0,0,-1,0
2020-06-11,US,Virginia,Falls Church,56,8,0,38.88485255,-77.17560759,51610.0,383.1155503865362,14.285714285714285,48,56,8,0,48,56,14772,0,0,0,0,0
2020-06-11,US,Virginia,Fauquier,374,6,0,38.73564842,-77.80647472,51061.0,525.1186431158911,1.60427807486631,368,370,6,0,364,365,70675,4,0,0,4,5
2020-06-11,US,Virginia,Floyd,8,1,0,36.9302126,-80.36738849,51063.0,50.796875992126495,12.5,7,8,1,0,7,8,15795,0,0,0,0,0
2020-06-11,US,Virginia,Fluvanna,98,6,0,37.84157909,-78.27715475,51065.0,359.3692702603594,6.1224489795918355,92,98,6,0,92,95,26783,0,0,0,0,3
2020-06-11,US,Virginia,Franklin,42,1,0,36.99536167,-79.88023649,51067.0,74.94379215588309,2.380952380952381,41,41,1,0,40,41,56195,1,0,0,1,0
2020-06-11,US,Virginia,Franklin,42,1,0,36.99536167,-79.88023649,51067.0,74.94379215588309,2.380952380952381,41,41,1,0,40,41,8013,1,0,0,1,0
2020-06-11,US,Virginia,Franklin City,43,2,0,36.6831435,-76.93859681,51620.0,539.7263712815363,4.651162790697675,41,42,2,0,40,42,8013,1,0,0,1,0
2020-06-11,US,Virginia,Frederick,416,4,0,39.20172582,-78.25974949,51069.0,465.77765834760896,0.9615384615384616,412,415,4,0,411,413,88355,1,0,0,1,2
2020-06-11,US,Virginia,Fredericksburg,197,0,0,38.2977863,-77.4922454,51630.0,678.4681085548974,0.0,197,194,0,0,194,193,29144,3,0,0,3,1
2020-06-11,US,Virginia,Galax,165,7,0,36.66601852,-80.91703124,51640.0,2599.653379549393,4.242424242424242,158,154,6,0,148,148,6423,11,1,0,10,6
2020-06-11,US,Virginia,Giles,5,0,0,37.31234791,-80.70636931,51071.0,29.90430622009569,0.0,5,5,0,0,5,5,16844,0,0,0,0,0
2020-06-11,US,Virginia,Gloucester,34,1,0,37.40809042,-76.53524337,51073.0,91.0356645603513,2.9411764705882355,33,33,1,0,32,33,37349,1,0,0,1,0
2020-06-11,US,Virginia,Goochland,109,6,0,37.71714806,-77.90381514,51075.0,458.8894034437755,5.504587155963303,103,106,6,0,100,108,23244,3,0,0,3,-2
2020-06-11,US,Virginia,Grayson,63,2,0,36.65677234,-81.23215889,51077.0,405.14469453376205,3.1746031746031744,61,60,2,0,58,55,15631,3,0,0,3,5
2020-06-11,US,Virginia,Greene,45,1,0,38.29545894,-78.46525378,51079.0,227.05484635955398,2.2222222222222223,44,44,1,0,43,44,19779,1,0,0,1,0
2020-06-11,US,Virginia,Greensville,303,7,0,36.67878901,-77.56351439,51081.0,2672.9004940014115,2.31023102310231,296,300,7,0,293,277,11627,3,0,0,3,23
2020-06-11,US,Virginia,Halifax,32,1,0,36.76654925,-78.93512622,51083.0,94.3646604346672,3.125,31,32,1,0,31,32,34120,0,0,0,0,0
2020-06-11,US,Virginia,Hampton,233,5,0,37.03513786,-76.35879121,51650.0,173.2213218348078,2.145922746781116,228,231,5,0,226,228,134313,2,0,0,2,3
2020-06-11,US,Virginia,Hanover,357,25,0,37.7583355,-77.49464673,51085.0,331.27331440342965,7.002801120448179,332,354,25,0,329,351,107239,3,0,0,3,3
2020-06-11,US,Virginia,Harrisonburg,846,23,0,38.43542574,-78.87536254,51660.0,1595.7446808510638,2.7186761229314422,823,842,23,0,819,837,54033,4,0,0,4,5
2020-06-11,US,Virginia,Henrico,2170,135,0,37.53460572,-77.39326555,51087.0,655.9497971694406,6.221198156682028,2035,2162,135,0,2027,2146,329261,8,0,0,8,16
2020-06-11,US,Virginia,Henry,188,3,0,36.68542395,-79.87634026,51089.0,371.85750736792136,1.5957446808510638,185,182,3,0,179,174,50953,6,0,0,6,8
2020-06-11,US,Virginia,Highland,2,0,0,38.35799465,-79.56124594,51091.0,91.324200913242,0.0,2,2,0,0,2,3,2210,0,0,0,0,-1
2020-06-11,US,Virginia,Hopewell,120,2,0,37.29186313,-77.29754684,51670.0,532.6468107772205,1.6666666666666667,118,120,2,0,118,118,22596,0,0,0,0,2
2020-06-11,US,Virginia,Isle of Wight,150,8,0,36.90579348,-76.70842863,51093.0,404.214611010806,5.333333333333333,142,150,8,0,142,149,36953,0,0,0,0,1
2020-06-11,US,Virginia,James City,225,15,0,37.31156958,-76.76950618,51095.0,294.029246109013,6.666666666666668,210,224,15,0,209,224,76397,1,0,0,1,0
2020-06-11,US,Virginia,King George,83,4,0,38.26818502,-77.15852768,51099.0,309.28603368609333,4.819277108433735,79,83,4,0,79,79,26575,0,0,0,0,4
2020-06-11,US,Virginia,King William,32,0,0,37.70965316,-77.09384941,51101.0,186.61068346162816,0.0,32,32,0,0,32,32,16939,0,0,0,0,0
2020-06-11,US,Virginia,King and Queen,24,1,0,37.71044922,-76.88689628,51097.0,341.6370106761566,4.166666666666667,23,24,1,0,23,23,7042,0,0,0,0,1
2020-06-11,US,Virginia,Lancaster,11,0,0,37.71889653,-76.46400482,51103.0,103.74422333301895,0.0,11,10,0,0,10,10,10783,1,0,0,1,0
2020-06-11,US,Virginia,Lee,9,0,0,36.70586667,-83.12606515,51105.0,38.42377150663877,0.0,9,9,0,0,9,9,23541,0,0,0,0,0
2020-06-11,US,Virginia,Lexington,8,0,0,37.78258621,-79.44262866,51678.0,107.44023636851999,0.0,8,8,0,0,8,8,7136,0,0,0,0,0
2020-06-11,US,Virginia,Loudoun,3229,69,0,39.08990083,-77.63481877,51107.0,780.8230440733379,2.1368844843604835,3160,3180,67,0,3113,3174,406850,49,2,0,47,6
2020-06-11,US,Virginia,Louisa,95,1,0,37.97850256,-77.96274807,51109.0,252.72006597323826,1.0526315789473684,94,94,1,0,93,94,36778,1,0,0,1,0
2020-06-11,US,Virginia,Lunenburg,18,0,0,36.94618528,-78.24133319,51111.0,147.58937356510333,0.0,18,18,0,0,18,18,12086,0,0,0,0,0
2020-06-11,US,Virginia,Lynchburg,89,1,0,37.40021399,-79.19888138,51680.0,108.3146723785415,1.1235955056179776,88,89,1,0,88,89,82126,0,0,0,0,0
2020-06-11,US,Virginia,Madison,41,1,0,38.41531222,-78.28220331,51113.0,309.17728678078583,2.4390243902439024,40,41,1,0,40,41,13295,0,0,0,0,0
2020-06-11,US,Virginia,Manassas,1271,12,0,38.7464321,-77.48509905,51683.0,3093.586467080443,0.9441384736428008,1259,1262,12,0,1250,1254,41641,9,0,0,9,8
2020-06-11,US,Virginia,Manassas Park,361,6,0,38.77058531,-77.44399307,51685.0,2065.453713239501,1.6620498614958448,355,360,6,0,354,359,17307,1,0,0,1,1
2020-06-11,US,Virginia,Martinsville,53,1,0,36.68212094,-79.86352771,51690.0,422.1761988210929,1.8867924528301887,52,52,1,0,51,50,12902,1,0,0,1,2
2020-06-11,US,Virginia,Mathews,5,0,0,37.44164146,-76.34098896,51115.0,56.599501924383055,0.0,5,5,0,0,5,5,8802,0,0,0,0,0
2020-06-11,US,Virginia,Mecklenburg,225,24,0,36.67882005,-78.36131056,51117.0,735.6066302677608,10.666666666666666,201,224,24,0,200,224,30650,1,0,0,1,0
2020-06-11,US,Virginia,Middlesex,14,0,0,37.63191998,-76.55064617,51119.0,132.3001323001323,0.0,14,14,0,0,14,14,10769,0,0,0,0,0
2020-06-11,US,Virginia,Montgomery,96,2,0,37.17746986,-80.37868691,51121.0,97.42731009286041,2.083333333333333,94,96,1,0,95,95,98985,0,1,0,-1,1
2020-06-11,US,Virginia,Nelson,18,0,0,37.78790447,-78.88498513,51125.0,120.56262558606831,0.0,18,17,0,0,17,17,14836,1,0,0,1,0
2020-06-11,US,Virginia,New Kent,45,1,0,37.50694406,-76.99828634,51127.0,194.8811225152657,2.2222222222222223,44,45,1,0,44,45,22391,0,0,0,0,0
2020-06-11,US,Virginia,Newport News,337,10,0,37.08166899,-76.51754109,51700.0,188.03180359882828,2.967359050445104,327,328,10,0,318,323,178626,9,0,0,9,5
2020-06-11,US,Virginia,Norfolk,619,7,0,36.89934014,-76.26420872,51710.0,255.00325448418485,1.1308562197092085,612,605,7,0,598,596,244076,14,0,0,14,9
2020-06-11,US,Virginia,Northampton,259,27,0,37.34062933,-75.87751591,51131.0,2211.7847993168234,10.424710424710424,232,257,27,0,230,256,11735,2,0,0,2,1
2020-06-11,US,Virginia,Northumberland,25,1,0,37.89202088,-76.41949732,51133.0,206.69698222405952,4.0,24,25,1,0,24,25,12147,0,0,0,0,0
2020-06-11,US,Virginia,Norton,2,0,0,36.93357076,-82.62750411,51720.0,50.23863350916855,0.0,2,2,0,0,2,2,3968,0,0,0,0,0
2020-06-11,US,Virginia,Nottoway,58,0,0,37.1435975,-78.05065922,51135.0,380.77731092436983,0.0,58,51,0,0,51,50,15420,7,0,0,7,1
2020-06-11,US,Virginia,Orange,119,2,0,38.24530219,-78.01560400000002,51137.0,321.17891554883806,1.680672268907563,117,119,2,0,117,118,36644,0,0,0,0,1
2020-06-11,US,Virginia,Page,249,24,0,38.61807452,-78.48797204,51139.0,1041.7538281315374,9.63855421686747,225,247,24,0,223,246,23933,2,0,0,2,1
2020-06-11,US,Virginia,Patrick,29,0,0,36.6801638,-80.2865648,51141.0,164.69786460699683,0.0,29,28,0,0,28,28,17673,1,0,0,1,0
2020-06-11,US,Virginia,Petersburg,176,3,0,37.20530399,-77.39368102,51730.0,561.4751483442864,1.7045454545454546,173,174,3,0,171,170,31567,2,0,0,2,4
2020-06-11,US,Virginia,Pittsylvania,56,1,0,36.81980341,-79.39731264,51143.0,92.78589654372536,1.7857142857142858,55,54,1,0,53,50,60949,2,0,0,2,4
2020-06-11,US,Virginia,Poquoson,10,0,0,37.14259351,-76.35798148,51735.0,81.49295085975065,0.0,10,9,0,0,9,9,12190,1,0,0,1,0
2020-06-11,US,Virginia,Portsmouth,364,11,0,36.85914825,-76.35971629,51740.0,385.6013898599547,3.021978021978022,353,354,11,0,343,351,94632,10,0,0,10,3
2020-06-11,US,Virginia,Powhatan,48,0,0,37.55016038,-77.91267882,51145.0,161.87778227438284,0.0,48,48,0,0,48,47,29189,0,0,0,0,1
2020-06-11,US,Virginia,Prince Edward,155,3,0,37.22554789,-78.43597949,51147.0,679.7649329006227,1.935483870967742,152,153,3,0,150,151,22950,2,0,0,2,2
2020-06-11,US,Virginia,Prince George,158,0,0,37.18497668,-77.22922187,51149.0,411.9625583396344,0.0,158,153,0,0,153,153,38082,5,0,0,5,0
2020-06-11,US,Virginia,Prince William,6396,118,0,38.70916224,-77.48713689,51153.0,1359.8817863862994,1.8449030644152595,6278,6376,118,0,6258,6336,468011,20,0,0,20,40
2020-06-11,US,Virginia,Pulaski,30,1,0,37.06474963,-80.71229738,51155.0,88.16528051253418,3.333333333333333,29,30,1,0,29,28,34066,0,0,0,0,2
2020-06-11,US,Virginia,Radford,7,0,0,37.12222899,-80.56027320000003,51750.0,38.35826620636748,0.0,7,7,0,0,7,7,18339,0,0,0,0,0
2020-06-11,US,Virginia,Rappahannock,16,0,0,38.68295619,-78.15826963,51157.0,217.09633649932158,0.0,16,16,0,0,16,16,7252,0,0,0,0,0
2020-06-11,US,Virginia,Richmond,290,5,0,37.937575,-76.72920628,51159.0,3214.0086445749757,1.7241379310344829,285,290,5,0,285,289,9038,0,0,0,0,1
2020-06-11,US,Virginia,Richmond City,1709,26,0,37.53255773,-77.47966921,51760.0,741.6375913485741,1.5213575190169688,1683,1686,26,0,1660,1667,228783,23,0,0,23,19
2020-06-11,US,Virginia,Roanoke,128,5,0,37.26865804,-80.06396753,51161.0,135.90130167965515,3.90625,123,125,5,0,120,126,94073,3,0,0,3,-1
2020-06-11,US,Virginia,Roanoke City,222,10,0,37.27791025,-79.96189766,51770.0,223.9189857075134,4.504504504504505,212,207,10,0,197,204,99920,15,0,0,15,3
2020-06-11,US,Virginia,Rockbridge,19,0,0,37.81204314,-79.44605905,51163.0,84.17135515881806,0.0,19,19,0,0,19,19,22752,0,0,0,0,0
2020-06-11,US,Virginia,Rockingham,606,7,0,38.51006137,-78.87260325,51165.0,739.4933372382486,1.155115511551155,599,602,6,0,596,596,81244,4,1,0,3,6
2020-06-11,US,Virginia,Russell,8,0,0,36.93028320000001,-82.10095486,51167.0,30.091025351688856,0.0,8,8,0,0,8,8,26748,0,0,0,0,0
2020-06-11,US,Virginia,Salem,42,3,0,37.2836193,-80.06219455,51775.0,166.00134382040238,7.142857142857142,39,42,3,0,39,41,25643,0,0,0,0,1
2020-06-11,US,Virginia,Scott,7,2,0,36.71466456,-82.60171704,51169.0,32.458499489937864,28.57142857142857,5,7,2,0,5,7,21534,0,0,0,0,0
2020-06-11,US,Virginia,Shenandoah,499,25,0,38.85905135,-78.56813762,51171.0,1144.0755685986794,5.0100200400801596,474,492,25,0,467,487,43497,7,0,0,7,5
2020-06-11,US,Virginia,Smyth,16,0,0,36.84455636,-81.53344948,51173.0,53.14908317831517,0.0,16,15,0,0,15,15,30472,1,0,0,1,0
2020-06-11,US,Virginia,Southampton,155,2,0,36.72231125,-77.10642712,51175.0,879.1333446769894,1.2903225806451613,153,154,2,0,152,153,17586,1,0,0,1,1
2020-06-11,US,Virginia,Spotsylvania,729,11,0,38.18574462,-77.655399,51177.0,535.183349851338,1.5089163237311385,718,723,10,0,713,712,134238,6,1,0,5,11
2020-06-11,US,Virginia,Stafford,841,5,0,38.41758738,-77.45917053,51179.0,550.0974607867506,0.5945303210463734,836,831,5,0,826,824,149960,10,0,0,10,7
2020-06-11,US,Virginia,Staunton,55,0,0,38.15965544,-79.05979937,51790.0,220.60003208727738,0.0,55,58,0,0,58,58,24922,-3,0,0,-3,0
2020-06-11,US,Virginia,Suffolk,333,33,0,36.70155394,-76.63603554,51800.0,361.53211447431283,9.90990990990991,300,330,33,0,297,325,91185,3,0,0,3,5
2020-06-11,US,Virginia,Surry,11,1,0,37.11781893,-76.88450012,51181.0,171.28620367486764,9.090909090909092,10,10,1,0,9,10,6474,1,0,0,1,0
2020-06-11,US,Virginia,Sussex,176,2,0,36.92432914,-77.25791182,51183.0,1577.20225826687,1.1363636363636365,174,175,2,0,173,175,11237,1,0,0,1,0
2020-06-11,US,Virginia,Tazewell,9,0,0,37.12191123,-81.56685568,51185.0,22.170218007143742,0.0,9,9,0,0,9,9,40855,0,0,0,0,0
2020-06-11,US,Virginia,Virginia Beach,832,27,0,36.73285734,-76.04566934,51810.0,184.8995719752697,3.2451923076923075,805,823,27,0,796,815,450189,9,0,0,9,8
2020-06-11,US,Virginia,Warren,225,4,0,38.90847745,-78.20280433,51187.0,560.2031670152377,1.7777777777777777,221,225,4,0,221,222,40003,0,0,0,0,3
2020-06-11,US,Virginia,Washington,58,4,0,36.72341572,-81.95666289,51191.0,107.9270561965017,6.896551724137932,54,58,4,0,54,57,54402,0,0,0,0,1
2020-06-11,US,Virginia,Waynesboro,53,0,0,38.06451466,-78.90293905,51820.0,234.2023862129916,0.0,53,51,0,0,51,50,22628,2,0,0,2,1
2020-06-11,US,Virginia,Westmoreland,83,1,0,38.11021557,-76.80213247,51193.0,460.7271718012767,1.2048192771084338,82,83,1,0,82,83,17830,0,0,0,0,0
2020-06-11,US,Virginia,Williamsburg,49,5,0,37.28131268,-76.70905141,51830.0,327.67152601310687,10.20408163265306,44,48,5,0,43,48,14896,1,0,0,1,0
2020-06-11,US,Virginia,Winchester,250,3,0,39.17054517,-78.17325058,51840.0,890.3768074649191,1.2,247,248,3,0,245,238,28108,2,0,0,2,10
2020-06-11,US,Virginia,Wise,27,2,0,36.9746148,-82.62410519,51195.0,72.22534307037958,7.407407407407407,25,27,2,0,25,27,38012,0,0,0,0,0
2020-06-11,US,Virginia,Wythe,42,1,0,36.91582035,-81.07834059,51197.0,146.42309301352668,2.380952380952381,41,38,1,0,37,38,28754,4,0,0,4,0
2020-06-11,US,Virginia,York,89,3,0,37.24374789,-76.54412815,51199.0,130.34563561804336,3.3707865168539324,86,86,3,0,83,86,67846,3,0,0,3,0
2020-06-11,US,Washington,Adams,89,0,0,46.98299757,-118.5601734,53001.0,445.3785717860181,0.0,89,80,0,0,80,80,19759,9,0,0,9,0
2020-06-11,US,Washington,Asotin,19,2,0,46.18894415,-117.2022851,53003.0,84.13780887432469,10.526315789473683,17,19,2,0,17,19,22610,0,0,0,0,0
2020-06-11,US,Washington,Benton,1041,70,0,46.23946995,-119.5120834,53005.0,509.32041685013945,6.724303554274736,971,979,67,0,912,979,201877,62,3,0,59,0
2020-06-11,US,Washington,Chelan,268,6,0,47.87046092,-120.6173956,53007.0,347.15025906735747,2.238805970149253,262,264,6,0,258,264,77036,4,0,0,4,0
2020-06-11,US,Washington,Clallam,28,0,0,48.04754642,-123.9226319,53009.0,36.20798903415189,0.0,28,27,0,0,27,27,76737,1,0,0,1,0
2020-06-11,US,Washington,Clark,595,27,0,45.77568046,-122.4829204,53011.0,121.86604566187599,4.53781512605042,568,571,27,0,544,571,481857,24,0,0,24,0
2020-06-11,US,Washington,Columbia,1,0,0,46.29442881,-117.9051983,53013.0,25.094102885821833,0.0,1,1,0,0,1,1,4059,0,0,0,0,0
2020-06-11,US,Washington,Cowlitz,101,0,0,46.19074721,-122.6782231,53015.0,91.32585244997424,0.0,101,89,0,0,89,89,108987,12,0,0,12,0
2020-06-11,US,Washington,Douglas,178,3,0,47.7361335,-119.692937,53017.0,409.86437633839137,1.6853932584269662,175,178,3,0,175,178,42907,0,0,0,0,0
2020-06-11,US,Washington,Ferry,1,0,0,48.471143100000006,-118.5154041,53019.0,13.111315064901008,0.0,1,1,0,0,1,1,7649,0,0,0,0,0
2020-06-11,US,Washington,Franklin,826,25,0,46.53351425,-118.9018212,53021.0,867.4465984751422,3.026634382566586,801,764,22,0,742,764,94347,62,3,0,59,0
2020-06-11,US,Washington,Grant,235,4,0,47.20753737,-119.4500749,53025.0,240.4510247306437,1.702127659574468,231,222,4,0,218,222,97331,13,0,0,13,0
2020-06-11,US,Washington,Grays Harbor,19,0,0,47.14003705,-123.7820567,53027.0,25.31274563355138,0.0,19,19,0,0,19,19,73901,0,0,0,0,0
2020-06-11,US,Washington,Island,182,11,0,48.14713305,-122.5216407,53029.0,213.76305187864838,6.043956043956044,171,181,11,0,170,181,84460,1,0,0,1,0
2020-06-11,US,Washington,Jefferson,31,0,0,47.75003077,-123.56097040000002,53031.0,96.21054591725893,0.0,31,31,0,0,31,31,31729,0,0,0,0,0
2020-06-11,US,Washington,King,8550,583,0,47.49137892,-121.8346131,53033.0,379.530731335744,6.818713450292398,7967,8529,580,0,7949,8529,2233163,21,3,0,18,0
2020-06-11,US,Washington,Kitsap,170,2,0,47.63479026,-122.6436061,53035.0,62.621328824597654,1.1764705882352942,168,170,2,0,168,170,269805,0,0,0,0,0
2020-06-11,US,Washington,Kittitas,90,0,0,47.12521214,-120.679439,53037.0,187.75425054761655,0.0,90,90,0,0,90,90,47364,0,0,0,0,0
2020-06-11,US,Washington,Klickitat,42,3,0,45.87325839,-120.7913598,53039.0,187.29096989966555,7.142857142857142,39,37,3,0,34,37,22107,5,0,0,5,0
2020-06-11,US,Washington,Lewis,37,3,0,46.57756476,-122.3925769,53041.0,45.844846171955346,8.108108108108109,34,37,3,0,34,37,79604,0,0,0,0,0
2020-06-11,US,Washington,Lincoln,2,0,0,47.57705241,-118.4194388,53043.0,18.283206874485785,0.0,2,2,0,0,2,2,10740,0,0,0,0,0
2020-06-11,US,Washington,Mason,39,1,0,47.35007586,-123.1863685,53045.0,58.41121495327103,2.5641025641025643,38,39,1,0,38,39,65507,0,0,0,0,0
2020-06-11,US,Washington,Okanogan,56,1,0,48.54855019,-119.7387224,53047.0,132.56634235257908,1.7857142857142858,55,56,1,0,55,56,42132,0,0,0,0,0
2020-06-11,US,Washington,Pacific,10,1,0,46.55418369,-123.7285716,53049.0,44.50180232299408,10.0,9,10,1,0,9,10,22036,0,0,0,0,0
2020-06-11,US,Washington,Pend Oreille,3,0,0,48.53234021,-117.2741804,53051.0,21.85951617604197,0.0,3,3,0,0,3,3,13602,0,0,0,0,0
2020-06-11,US,Washington,Pierce,2078,87,0,47.03892768,-122.1405958,53053.0,229.6183341068311,4.186717998075071,1991,2050,87,0,1963,2050,891299,28,0,0,28,0
2020-06-11,US,Washington,San Juan,14,0,0,48.60182783,-122.96745,53055.0,79.62689113866455,0.0,14,15,0,0,15,15,17128,-1,0,0,-1,0
2020-06-11,US,Washington,Skagit,452,15,0,48.48171488,-121.766131,53057.0,349.8316628613444,3.31858407079646,437,450,15,0,435,450,128206,2,0,0,2,0
2020-06-11,US,Washington,Skamania,3,0,0,46.02408726,-121.9164403,53059.0,24.828271124720683,0.0,3,3,0,0,3,3,11924,0,0,0,0,0
2020-06-11,US,Washington,Snohomish,3075,156,0,48.04615983,-121.7170703,53061.0,374.0498222198975,5.073170731707316,2919,3064,155,0,2909,3064,814901,11,1,0,10,0
2020-06-11,US,Washington,Spokane,778,37,0,47.62113146,-117.4046494,53063.0,148.81464733989037,4.755784061696658,741,769,37,0,732,769,514631,9,0,0,9,0
2020-06-11,US,Washington,Stevens,15,1,0,48.40035475,-117.8542701,53065.0,32.80624630929729,6.666666666666668,14,13,1,0,12,13,45260,2,0,0,2,0
2020-06-11,US,Washington,Thurston,172,4,0,46.9291895,-122.8290656,53067.0,59.20092518655175,2.3255813953488373,168,171,4,0,167,171,286419,1,0,0,1,0
2020-06-11,US,Washington,Unassigned,20,0,0,0.0,0.0,90053.0,0.0,0.0,20,25,0,0,25,25,,-5,0,0,-5,0
2020-06-11,US,Washington,Wahkiakum,4,0,0,46.29180039999999,-123.4250831,53069.0,89.12655971479502,0.0,4,4,0,0,4,4,4426,0,0,0,0,0
2020-06-11,US,Washington,Walla Walla,118,2,0,46.23040051,-118.4775539,53071.0,194.2067149440421,1.6949152542372878,116,117,2,0,115,117,60922,1,0,0,1,0
2020-06-11,US,Washington,Whatcom,428,38,0,48.82227976,-121.7490018,53073.0,186.6981901617033,8.878504672897197,390,420,38,0,382,420,225685,8,0,0,8,0
2020-06-11,US,Washington,Whitman,21,0,0,46.90022523,-117.5241763,53075.0,41.91282133163021,0.0,21,20,0,0,20,20,49791,1,0,0,1,0
2020-06-11,US,Washington,Yakima,4988,112,0,46.45738486,-120.7380126,53077.0,1988.257006533186,2.245388933440257,4876,4834,104,0,4730,4834,251446,154,8,0,146,0
2020-06-11,US,West Virginia,Barbour,10,1,0,39.1307219,-80.00350858,54001.0,60.823550878900306,10.0,9,9,1,0,8,8,16535,1,0,0,1,1
2020-06-11,US,West Virginia,Berkeley,369,8,0,39.46704621,-78.02414609,54003.0,309.63909004707523,2.168021680216802,361,361,8,0,353,350,117123,8,0,0,8,11
2020-06-11,US,West Virginia,Boone,17,0,0,38.01974191,-81.69888019,54005.0,79.22822388963975,0.0,17,15,0,0,15,16,21951,2,0,0,2,-1
2020-06-11,US,West Virginia,Braxton,3,0,0,38.70036159,-80.72011184,54007.0,21.49459052805044,0.0,3,2,0,0,2,2,14089,1,0,0,1,0
2020-06-11,US,West Virginia,Brooke,5,0,0,40.27367263,-80.57915332,54009.0,22.79046446966589,0.0,5,5,0,0,5,5,22203,0,0,0,0,0
2020-06-11,US,West Virginia,Cabell,71,0,0,38.42424062,-82.23855912,54011.0,77.2200772200772,0.0,71,71,0,0,71,70,93224,0,0,0,0,1
2020-06-11,US,West Virginia,Calhoun,2,0,0,38.84315422,-81.11934872,54013.0,28.133352088901397,0.0,2,2,0,0,2,2,7254,0,0,0,0,0
2020-06-11,US,West Virginia,Clay,7,0,0,38.46231092,-81.07652217,54015.0,82.27550540667606,0.0,7,7,0,0,7,7,8632,0,0,0,0,0
2020-06-11,US,West Virginia,Fayette,54,4,0,38.02974928,-81.08286634,54019.0,127.34047068811016,7.407407407407407,50,54,4,0,50,54,43018,0,0,0,0,0
2020-06-11,US,West Virginia,Gilmer,10,0,0,38.9251277,-80.85952723,54021.0,127.82819890067749,0.0,10,10,0,0,10,10,8026,0,0,0,0,0
2020-06-11,US,West Virginia,Grant,16,0,0,39.10314817,-79.19440518,54023.0,138.31258644536652,0.0,16,14,0,0,14,14,11626,2,0,0,2,0
2020-06-11,US,West Virginia,Greenbrier,9,0,0,37.9463652,-80.45335881,54025.0,25.965033754543878,0.0,9,9,0,0,9,9,34786,0,0,0,0,0
2020-06-11,US,West Virginia,Hampshire,35,1,0,39.32103553,-78.60826476,54027.0,151.02481121898597,2.8571428571428568,34,35,1,0,34,33,23347,0,0,0,0,2
2020-06-11,US,West Virginia,Hancock,20,0,0,40.51943859,-80.57461608,54029.0,69.42034015966678,0.0,20,20,0,0,20,20,29094,0,0,0,0,0
2020-06-11,US,West Virginia,Hardy,40,0,0,39.00683177,-78.85855301,54031.0,290.36004645760744,0.0,40,40,0,0,40,40,13775,0,0,0,0,0
2020-06-11,US,West Virginia,Harrison,43,1,0,39.2853852,-80.37919577,54033.0,63.93481622457475,2.3255813953488373,42,41,1,0,40,40,67554,2,0,0,2,1
2020-06-11,US,West Virginia,Jackson,141,18,0,38.84263974,-81.68148753,54035.0,493.4210526315789,12.76595744680851,123,141,18,0,123,141,28706,0,0,0,0,0
2020-06-11,US,West Virginia,Jefferson,205,4,0,39.30776166,-77.86014147,54037.0,358.73026983515905,1.951219512195122,201,204,4,0,200,204,56811,1,0,0,1,0
2020-06-11,US,West Virginia,Kanawha,244,20,0,38.33860077,-81.52857054,54039.0,136.9832251689834,8.196721311475411,224,241,20,0,221,241,180454,3,0,0,3,0
2020-06-11,US,West Virginia,Lewis,8,1,0,38.9947249,-80.49988181,54041.0,50.292324134029045,12.5,7,8,1,0,7,8,16024,0,0,0,0,0
2020-06-11,US,West Virginia,Lincoln,5,0,0,38.172154,-82.07017953,54043.0,24.498995541182808,0.0,5,5,0,0,5,5,20599,0,0,0,0,0
2020-06-11,US,West Virginia,Logan,21,1,0,37.8299889,-81.93528571,54045.0,65.58605827789751,4.761904761904762,20,20,1,0,19,20,32607,1,0,0,1,0
2020-06-11,US,West Virginia,Marion,53,2,0,39.50984542,-80.24244659,54049.0,94.5213297189328,3.7735849056603774,51,53,2,0,51,53,56097,0,0,0,0,0
2020-06-11,US,West Virginia,Marshall,34,0,0,39.86064362,-80.66591062,54051.0,111.36222200386491,0.0,34,34,0,0,34,32,30785,0,0,0,0,2
2020-06-11,US,West Virginia,Mason,15,0,0,38.77071799,-82.02524219,54053.0,56.569618343641565,0.0,15,15,0,0,15,15,26718,0,0,0,0,0
2020-06-11,US,West Virginia,McDowell,6,0,0,37.38002939,-81.65083669,54047.0,34.04448479346346,0.0,6,6,0,0,6,6,18223,0,0,0,0,0
2020-06-11,US,West Virginia,Mercer,13,0,0,37.40481169,-81.11023142,54055.0,22.124646856598247,0.0,13,13,0,0,13,13,59131,0,0,0,0,0
2020-06-11,US,West Virginia,Mineral,51,2,0,39.41561583,-78.94104895,54057.0,189.8168825368468,3.92156862745098,49,51,1,0,50,50,26940,0,1,0,-1,1
2020-06-11,US,West Virginia,Mingo,11,1,0,37.73048351,-82.13338365,54059.0,46.9603825136612,9.090909090909092,10,10,1,0,9,9,23785,1,0,0,1,1
2020-06-11,US,West Virginia,Monongalia,142,5,0,39.63218457,-80.04766838,54061.0,134.45441805855396,3.5211267605633805,137,142,5,0,137,141,106420,0,0,0,0,1
2020-06-11,US,West Virginia,Monroe,8,0,0,37.56274716,-80.54577965,54063.0,60.263653483992464,0.0,8,8,0,0,8,8,13280,0,0,0,0,0
2020-06-11,US,West Virginia,Morgan,19,0,0,39.55439028,-78.26311676,54065.0,106.24021471706553,0.0,19,19,0,0,19,19,17787,0,0,0,0,0
2020-06-11,US,West Virginia,Nicholas,7,1,0,38.29617706,-80.79759588,54067.0,28.576094056172444,14.285714285714285,6,7,1,0,6,7,24842,0,0,0,0,0
2020-06-11,US,West Virginia,Ohio,53,1,0,40.0955451,-80.62203992,54069.0,127.98531791070005,1.8867924528301887,52,52,1,0,51,51,41755,1,0,0,1,1
2020-06-11,US,West Virginia,Pendleton,13,1,0,38.68314479,-79.35084086,54071.0,186.5403931697517,7.6923076923076925,12,13,1,0,12,13,6997,0,0,0,0,0
2020-06-11,US,West Virginia,Pleasants,4,0,0,39.37091679,-81.16771771,54073.0,53.61930294906166,0.0,4,4,0,0,4,4,7507,0,0,0,0,0
2020-06-11,US,West Virginia,Pocahontas,21,0,0,38.32758728,-80.00993811,54075.0,254.63805020007274,0.0,21,21,0,0,21,21,8414,0,0,0,0,0
2020-06-11,US,West Virginia,Preston,24,2,0,39.46770987,-79.66712803,54077.0,71.78750897343862,8.333333333333334,22,24,2,0,22,24,33839,0,0,0,0,0
2020-06-11,US,West Virginia,Putnam,41,0,0,38.50782345,-81.9082131,54079.0,72.63064658990257,0.0,41,41,0,0,41,40,56682,0,0,0,0,1
2020-06-11,US,West Virginia,Raleigh,19,0,0,37.76936795,-81.2456041,54081.0,25.89931980207467,0.0,19,18,0,0,18,18,74254,1,0,0,1,0
2020-06-11,US,West Virginia,Randolph,138,0,0,38.769899,-79.87919615,54083.0,480.9200209095661,0.0,138,140,0,0,140,137,28823,-2,0,0,-2,3
2020-06-11,US,West Virginia,Ritchie,2,0,0,39.18094587,-81.06356878,54085.0,20.933640360058615,0.0,2,2,0,0,2,1,9721,0,0,0,0,1
2020-06-11,US,West Virginia,Roane,9,1,0,38.71622686,-81.35243568,54087.0,65.7510227936879,11.111111111111109,8,10,1,0,9,10,13932,-1,0,0,-1,0
2020-06-11,US,West Virginia,Summers,1,0,0,37.65390597,-80.86009693,54089.0,7.953551260637875,0.0,1,1,0,0,1,1,12760,0,0,0,0,0
2020-06-11,US,West Virginia,Taylor,10,0,0,39.33602617,-80.0421439,54091.0,59.89817310572028,0.0,10,9,0,0,9,9,16862,1,0,0,1,0
2020-06-11,US,West Virginia,Tucker,4,0,0,39.11240885,-79.57053576,54093.0,58.488083053077936,0.0,4,4,0,0,4,6,6955,0,0,0,0,-2
2020-06-11,US,West Virginia,Tyler,3,0,0,39.46811972,-80.88772676,54095.0,34.920265394016994,0.0,3,3,0,0,3,3,8746,0,0,0,0,0
2020-06-11,US,West Virginia,Upshur,7,0,0,38.89285061,-80.23689136,54097.0,28.95433487756453,0.0,7,7,0,0,7,7,24415,0,0,0,0,0
2020-06-11,US,West Virginia,Wayne,103,9,0,38.14901357,-82.42287994,54099.0,261.408050352774,8.737864077669903,94,103,9,0,94,103,39944,0,0,0,0,0
2020-06-11,US,West Virginia,Wetzel,9,0,0,39.6065771,-80.64016540000001,54103.0,59.741121805509465,0.0,9,9,0,0,9,9,15270,0,0,0,0,0
2020-06-11,US,West Virginia,Wirt,4,0,0,39.02775007,-81.37473928,54105.0,68.7167153410067,0.0,4,4,0,0,4,4,5830,0,0,0,0,0
2020-06-11,US,West Virginia,Wood,53,2,0,39.20967886,-81.5162836,54107.0,63.45937402715583,3.7735849056603774,51,54,2,0,52,53,84203,-1,0,0,-1,1
2020-06-11,US,West Virginia,Wyoming,5,0,0,37.612327,-81.54511071,54109.0,24.517014808276944,0.0,5,3,0,0,3,3,20786,2,0,0,2,0
2020-06-11,US,Wisconsin,Adams,6,1,0,43.96974651,-89.76782777,55001.0,29.67359050445104,16.666666666666668,5,6,1,0,5,6,20348,0,0,0,0,0
2020-06-11,US,Wisconsin,Ashland,3,0,0,46.31956891,-90.67837132,55003.0,19.27772779848349,0.0,3,3,0,0,3,3,15600,0,0,0,0,0
2020-06-11,US,Wisconsin,Barron,21,0,0,45.42372701,-91.84833627,55005.0,46.41499425338165,0.0,21,21,0,0,21,20,45164,0,0,0,0,1
2020-06-11,US,Wisconsin,Bayfield,3,1,0,46.52868768,-91.19716729,55007.0,19.952114924181963,33.333333333333336,2,3,1,0,2,3,15042,0,0,0,0,0
2020-06-11,US,Wisconsin,Brown,2421,38,0,44.4526553,-88.00411844,55009.0,915.1665898042656,1.5695993391160676,2383,2405,38,0,2367,2399,263378,16,0,0,16,6
2020-06-11,US,Wisconsin,Buffalo,7,2,0,44.37835084,-91.75332578,55011.0,53.718056941140354,28.57142857142857,5,6,2,0,4,6,13125,1,0,0,1,0
2020-06-11,US,Wisconsin,Burnett,1,1,0,45.86303537,-92.36711412,55013.0,6.487608667445179,100.0,0,1,1,0,0,1,15392,0,0,0,0,0
2020-06-11,US,Wisconsin,Calumet,83,2,0,44.0816316,-88.21780273,55015.0,165.70504501986463,2.409638554216868,81,81,2,0,79,81,50159,2,0,0,2,0
2020-06-11,US,Wisconsin,Chippewa,61,0,0,45.06939744,-91.28068855,55017.0,94.3425407528844,0.0,61,60,0,0,60,59,64135,1,0,0,1,1
2020-06-11,US,Wisconsin,Clark,45,4,0,44.73483377,-90.61207486,55019.0,129.40702823948928,8.888888888888891,41,45,4,0,41,45,34709,0,0,0,0,0
2020-06-11,US,Wisconsin,Columbia,50,1,0,43.46492199,-89.33589004,55021.0,86.9081554613085,2.0,49,49,1,0,48,47,57358,1,0,0,1,2
2020-06-11,US,Wisconsin,Crawford,26,0,0,43.23870316,-90.93073686,55023.0,161.18033599900812,0.0,26,26,0,0,26,26,16291,0,0,0,0,0
2020-06-11,US,Wisconsin,Dane,896,31,0,43.06601594,-89.41733797,55025.0,163.89394452116812,3.4598214285714284,865,884,31,0,853,871,542364,12,0,0,12,13
2020-06-11,US,Wisconsin,Dodge,414,4,0,43.41576662,-88.70928178,55027.0,471.31684103871856,0.966183574879227,410,410,4,0,406,406,87847,4,0,0,4,4
2020-06-11,US,Wisconsin,Door,39,3,0,44.95856458,-87.30002707,55029.0,140.95706231025008,7.6923076923076925,36,39,3,0,36,39,27610,0,0,0,0,0
2020-06-11,US,Wisconsin,Douglas,20,0,0,46.43222285,-91.91595768,55031.0,46.349942062572424,0.0,20,20,0,0,20,20,43208,0,0,0,0,0
2020-06-11,US,Wisconsin,Dunn,29,0,0,44.94562799,-91.8962481,55033.0,63.921706929994706,0.0,29,29,0,0,29,29,45131,0,0,0,0,0
2020-06-11,US,Wisconsin,Eau Claire,126,0,0,44.726614,-91.28609183,55035.0,120.40594002637465,0.0,126,126,0,0,126,124,104534,0,0,0,0,2
2020-06-11,US,Wisconsin,Florence,2,0,0,45.84963535,-88.39804137,55037.0,46.56577415599534,0.0,2,2,0,0,2,2,4321,0,0,0,0,0
2020-06-11,US,Wisconsin,Fond du Lac,251,6,0,43.75354908,-88.48885325,55039.0,242.7395723528331,2.3904382470119523,245,247,6,0,241,241,103066,4,0,0,4,6
2020-06-11,US,Wisconsin,Forest,34,2,0,45.66678019,-88.77084892,55041.0,377.6099511328298,5.882352941176472,32,34,2,0,32,34,8991,0,0,0,0,0
2020-06-11,US,Wisconsin,Grant,101,12,0,42.8671731,-90.7063218,55043.0,196.34907366006337,11.881188118811881,89,99,12,0,87,99,51554,2,0,0,2,0
2020-06-11,US,Wisconsin,Green,72,0,0,42.6794956,-89.60243287,55045.0,194.80519480519482,0.0,72,71,0,0,71,71,36929,1,0,0,1,0
2020-06-11,US,Wisconsin,Green Lake,23,0,0,43.80025981,-89.04679553,55047.0,121.60947496431028,0.0,23,23,0,0,23,23,18918,0,0,0,0,0
2020-06-11,US,Wisconsin,Iowa,16,0,0,43.00050278,-90.13469017,55049.0,67.57327476982853,0.0,16,16,0,0,16,16,23771,0,0,0,0,0
2020-06-11,US,Wisconsin,Iron,2,1,0,46.26302338,-90.24295041,55051.0,35.16792685071215,50.0,1,2,1,0,1,2,5676,0,0,0,0,0
2020-06-11,US,Wisconsin,Jackson,22,1,0,44.31864893,-90.80566792,55053.0,106.57365692970984,4.545454545454546,21,20,1,0,19,19,20478,2,0,0,2,1
2020-06-11,US,Wisconsin,Jefferson,142,4,0,43.02054068,-88.77529134,55055.0,167.51406764265238,2.8169014084507036,138,138,4,0,134,134,85129,4,0,0,4,4
2020-06-11,US,Wisconsin,Juneau,24,1,0,43.92456975,-90.11120239,55057.0,89.9314272866939,4.166666666666667,23,23,1,0,22,23,26617,1,0,0,1,0
2020-06-11,US,Wisconsin,Kenosha,1319,36,0,42.57639354,-88.04051686,55059.0,777.8911424207217,2.7293404094010616,1283,1308,36,0,1272,1295,169290,11,0,0,11,13
2020-06-11,US,Wisconsin,Kewaunee,37,1,0,44.51727459,-87.61468386,55061.0,181.0707644122541,2.702702702702702,36,37,1,0,36,37,20383,0,0,0,0,0
2020-06-11,US,Wisconsin,La Crosse,94,0,0,43.90632465,-91.11451093,55063.0,79.65021691973969,0.0,94,81,0,0,81,77,118230,13,0,0,13,4
2020-06-11,US,Wisconsin,Lafayette,36,0,0,42.66005229,-90.1317729,55065.0,216.021602160216,0.0,36,36,0,0,36,35,16665,0,0,0,0,1
2020-06-11,US,Wisconsin,Langlade,6,0,0,45.26271619,-89.07483625,55067.0,31.26791390901037,0.0,6,5,0,0,5,5,19268,1,0,0,1,0
2020-06-11,US,Wisconsin,Lincoln,7,0,0,45.33737523,-89.73411273,55069.0,25.3687529445874,0.0,7,7,0,0,7,7,27689,0,0,0,0,0
2020-06-11,US,Wisconsin,Manitowoc,40,1,0,44.11946801,-87.80928853,55071.0,50.64509185753536,2.5,39,40,1,0,39,40,79074,0,0,0,0,0
2020-06-11,US,Wisconsin,Marathon,70,1,0,44.89792533,-89.75863384,55073.0,51.58741856557498,1.4285714285714286,69,69,1,0,68,66,135428,1,0,0,1,3
2020-06-11,US,Wisconsin,Marinette,37,3,0,45.38553432,-88.03324599999998,55075.0,91.69764560099131,8.108108108108109,34,37,3,0,34,37,40434,0,0,0,0,0
2020-06-11,US,Wisconsin,Marquette,9,1,0,43.81911946,-89.40073763,55077.0,57.78862206241171,11.111111111111109,8,7,1,0,6,6,15434,2,0,0,2,1
2020-06-11,US,Wisconsin,Menominee,4,0,0,45.00422544,-88.70950714,55078.0,87.7963125548727,0.0,4,3,0,0,3,3,4658,1,0,0,1,0
2020-06-11,US,Wisconsin,Milwaukee,9220,346,0,43.00486062,-87.96733172,55079.0,974.912395344952,3.752711496746204,8874,9096,336,0,8760,8973,948201,124,10,0,114,123
2020-06-11,US,Wisconsin,Monroe,26,1,0,43.94641218,-90.618819,55081.0,56.212569995459745,3.8461538461538463,25,23,1,0,22,19,46051,3,0,0,3,4
2020-06-11,US,Wisconsin,Oconto,43,0,0,45.02715345,-88.26807503,55083.0,113.36672818349592,0.0,43,42,0,0,42,42,37830,1,0,0,1,0
2020-06-11,US,Wisconsin,Oneida,14,0,0,45.70677897,-89.51944105,55085.0,39.33136676499508,0.0,14,13,0,0,13,13,35470,1,0,0,1,0
2020-06-11,US,Wisconsin,Outagamie,306,8,0,44.41578887,-88.46565023,55087.0,162.86558267025043,2.6143790849673203,298,294,8,0,286,289,187365,12,0,0,12,5
2020-06-11,US,Wisconsin,Ozaukee,185,13,0,43.38352225,-87.94625009,55089.0,207.35028748837158,7.027027027027027,172,185,13,0,172,184,89147,0,0,0,0,1
2020-06-11,US,Wisconsin,Pepin,1,0,0,44.58307413,-91.99949611,55091.0,13.723068478111706,0.0,1,1,0,0,1,1,7289,0,0,0,0,0
2020-06-11,US,Wisconsin,Pierce,51,0,0,44.71850291,-92.4224416,55093.0,119.28708424942695,0.0,51,51,0,0,51,51,42555,0,0,0,0,0
2020-06-11,US,Wisconsin,Polk,37,1,0,45.46130348,-92.44182875,55095.0,84.50768563140943,2.702702702702702,36,36,1,0,35,34,43598,1,0,0,1,2
2020-06-11,US,Wisconsin,Portage,66,0,0,44.47558711,-89.50152965,55097.0,93.25722036963772,0.0,66,51,0,0,51,39,70942,15,0,0,15,12
2020-06-11,US,Wisconsin,Price,2,0,0,45.68051754,-90.3609888,55099.0,14.980151299528124,0.0,2,2,0,0,2,2,13397,0,0,0,0,0
2020-06-11,US,Wisconsin,Racine,1966,51,0,42.74753117,-88.05941254,55101.0,1001.4721538782851,2.5940996948118005,1915,1952,51,0,1901,1939,196584,14,0,0,14,13
2020-06-11,US,Wisconsin,Richland,14,4,0,43.3762778,-90.43012729,55103.0,81.1500115928588,28.57142857142857,10,14,4,0,10,14,17377,0,0,0,0,0
2020-06-11,US,Wisconsin,Rock,729,21,0,42.67151616,-89.07147900000002,55105.0,446.2700637878473,2.8806584362139915,708,724,21,0,703,714,163129,5,0,0,5,10
2020-06-11,US,Wisconsin,Rusk,7,0,0,45.47498854,-91.1333012,55107.0,49.37226689236846,0.0,7,5,0,0,5,5,14147,2,0,0,2,0
2020-06-11,US,Wisconsin,Sauk,84,3,0,43.42574087,-89.94966132,55111.0,130.3497718878992,3.571428571428572,81,84,3,0,81,84,64249,0,0,0,0,0
2020-06-11,US,Wisconsin,Sawyer,9,0,0,45.87931905,-91.14504927,55113.0,54.35439062688731,0.0,9,9,0,0,9,9,16489,0,0,0,0,0
2020-06-11,US,Wisconsin,Shawano,60,0,0,44.78902246,-88.76443896,55115.0,146.70285337049802,0.0,60,60,0,0,60,60,40796,0,0,0,0,0
2020-06-11,US,Wisconsin,Sheboygan,129,4,0,43.72099677,-87.94579284,55117.0,111.84324605514132,3.1007751937984502,125,120,4,0,116,118,115456,9,0,0,9,2
2020-06-11,US,Wisconsin,St. Croix,108,0,0,45.03437474,-92.45000068,55109.0,119.09093916437858,0.0,108,108,0,0,108,107,89694,0,0,0,0,1
2020-06-11,US,Wisconsin,Taylor,2,0,0,45.21179252,-90.5004405,55119.0,9.83139163348572,0.0,2,2,0,0,2,2,20412,0,0,0,0,0
2020-06-11,US,Wisconsin,Trempealeau,49,0,0,44.30360275,-91.35893614,55121.0,165.26695672703968,0.0,49,44,0,0,44,43,29442,5,0,0,5,1
2020-06-11,US,Wisconsin,Vernon,23,0,0,43.59422667,-90.8324691,55123.0,74.62202323016028,0.0,23,22,0,0,22,22,30785,1,0,0,1,0
2020-06-11,US,Wisconsin,Vilas,8,0,0,46.05467334,-89.51719204,55125.0,36.044154088758724,0.0,8,8,0,0,8,8,21938,0,0,0,0,0
2020-06-11,US,Wisconsin,Walworth,468,17,0,42.66858202,-88.54163073,55127.0,450.5718796934571,3.632478632478633,451,456,17,0,439,452,103718,12,0,0,12,4
2020-06-11,US,Wisconsin,Washburn,3,0,0,45.89838588,-91.79050449,55129.0,19.083969465648856,0.0,3,3,0,0,3,3,15878,0,0,0,0,0
2020-06-11,US,Wisconsin,Washington,287,10,0,43.36863664,-88.22974712,55131.0,210.97666759780643,3.484320557491289,277,283,10,0,273,281,135693,4,0,0,4,2
2020-06-11,US,Wisconsin,Waukesha,865,34,0,43.01833055,-88.30431188,55133.0,214.0040277289843,3.9306358381502884,831,842,34,0,808,829,403072,23,0,0,23,13
2020-06-11,US,Wisconsin,Waupaca,63,2,0,44.47068056,-88.96534501,55135.0,123.55363796822908,3.1746031746031744,61,61,1,0,60,58,51128,2,1,0,1,3
2020-06-11,US,Wisconsin,Waushara,14,0,0,44.11324419,-89.24317107,55137.0,57.276111770240966,0.0,14,13,0,0,13,13,24263,1,0,0,1,0
2020-06-11,US,Wisconsin,Winnebago,473,8,0,44.06886922,-88.64477096,55139.0,275.1487723013025,1.6913319238900637,465,457,8,0,449,431,171020,16,0,0,16,26
2020-06-11,US,Wisconsin,Wood,15,1,0,44.45537896,-90.04158336,55141.0,20.548226688036824,6.666666666666668,14,13,1,0,12,12,73055,2,0,0,2,1
2020-06-11,US,Wyoming,Albany,26,0,0,41.65498705,-105.7235415,56001.0,66.87242798353911,0.0,26,26,0,0,26,26,38601,0,0,0,0,0
2020-06-11,US,Wyoming,Big Horn,10,0,0,44.52405055,-107.9960365,56003.0,84.81764206955047,0.0,10,9,0,0,9,9,11881,1,0,0,1,0
2020-06-11,US,Wyoming,Campbell,39,0,0,44.24886082,-105.5474404,56005.0,84.15873632420534,0.0,39,37,0,0,37,35,46140,2,0,0,2,2
2020-06-11,US,Wyoming,Carbon,20,0,0,41.69357844,-106.9326084,56007.0,135.13513513513513,0.0,20,16,0,0,16,16,14971,4,0,0,4,0
2020-06-11,US,Wyoming,Converse,24,0,0,42.97272268,-105.5081848,56009.0,173.63623209376357,0.0,24,24,0,0,24,24,13640,0,0,0,0,0
2020-06-11,US,Wyoming,Crook,5,0,0,44.58855102,-104.5697705,56011.0,65.92827004219409,0.0,5,5,0,0,5,5,7450,0,0,0,0,0
2020-06-11,US,Wyoming,Fremont,302,0,0,43.04183996,-108.6296893,56013.0,769.211176485571,0.0,302,296,0,0,296,295,39531,6,0,0,6,1
2020-06-11,US,Wyoming,Goshen,5,0,0,42.08798185,-104.3534743,56015.0,37.847248505033676,0.0,5,5,0,0,5,5,13376,0,0,0,0,0
2020-06-11,US,Wyoming,Hot Springs,12,0,0,43.71930657,-108.4423174,56017.0,271.92386131883075,0.0,12,12,0,0,12,12,4555,0,0,0,0,0
2020-06-11,US,Wyoming,Johnson,18,1,0,44.04057166,-106.5845174,56019.0,213.14387211367676,5.5555555555555545,17,18,1,0,17,18,8460,0,0,0,0,0
2020-06-11,US,Wyoming,Laramie,188,0,0,41.30702520000001,-104.6887497,56021.0,188.94472361809045,0.0,188,188,0,0,188,188,98976,0,0,0,0,0
2020-06-11,US,Wyoming,Lincoln,15,0,0,42.26376367,-110.6563997,56023.0,75.642965204236,0.0,15,15,0,0,15,15,19434,0,0,0,0,0
2020-06-11,US,Wyoming,Natrona,87,0,0,42.96180148,-106.797885,56025.0,108.94337448971923,0.0,87,87,0,0,87,87,79115,0,0,0,0,0
2020-06-11,US,Wyoming,Niobrara,2,0,0,43.05607708,-104.4758896,56027.0,84.88964346349746,0.0,2,2,0,0,2,2,2388,0,0,0,0,0
2020-06-11,US,Wyoming,Park,2,0,0,44.52157546,-109.5852825,56029.0,6.850722751250258,0.0,2,2,0,0,2,2,29324,0,0,0,0,0
2020-06-11,US,Wyoming,Platte,1,0,0,42.13299116,-104.966331,56031.0,11.914690813773385,0.0,1,1,0,0,1,1,8566,0,0,0,0,0
2020-06-11,US,Wyoming,Sheridan,19,0,0,44.79048913,-106.8862389,56033.0,62.325733967525004,0.0,19,19,0,0,19,18,30233,0,0,0,0,1
2020-06-11,US,Wyoming,Sublette,3,0,0,42.76558279,-109.9130922,56035.0,30.515715593530675,0.0,3,3,0,0,3,3,9813,0,0,0,0,0
2020-06-11,US,Wyoming,Sweetwater,36,0,0,41.65943896,-108.8827882,56037.0,85.0199560730227,0.0,36,35,0,0,35,34,43051,1,0,0,1,1
2020-06-11,US,Wyoming,Teton,102,0,0,43.93522482,-110.5890801,56039.0,434.7084896010912,0.0,102,101,0,0,101,100,23081,1,0,0,1,1
2020-06-11,US,Wyoming,Uinta,53,0,0,41.2878183,-110.54757820000002,56041.0,262.0389597547711,0.0,53,39,0,0,39,35,20299,14,0,0,14,4
2020-06-11,US,Wyoming,Unassigned,0,17,0,0.0,0.0,90056.0,0.0,0.0,-17,0,17,0,-17,0,,0,0,0,0,0
2020-06-11,US,Wyoming,Washakie,39,0,0,43.90451606,-107.68018700000002,56043.0,499.6796925048046,0.0,39,39,0,0,39,39,7885,0,0,0,0,0
2020-06-11,US,Wyoming,Weston,1,0,0,43.83961191,-104.5674881,56045.0,14.436263894903998,0.0,1,1,0,0,1,1,6967,0,0,0,0,0
