Date,Country/Region,Province/State,Admin2,Confirmed,Deaths,Recovered,Latitude,Longitude,FIPS,Incidence_Rate,Case-Fatality_Ratio,Active Cases,Previous Confirmed,Previous Deaths,Previous Recovered,Previous Active,Prev2 Confirmed,Population,Daily Confirmed,Daily Deaths,Daily Recovered,Daily Active,Previous Daily Confirmed
2020-06-20,US,Alabama,Autauga,425,8,0,32.53952745,-86.64408227,1001.0,760.7080849845172,1.8823529411764703,417,405,7,0,398,394,55601,20,1,0,19,11
2020-06-20,US,Alabama,Baldwin,405,9,0,30.72774991,-87.72207058,1003.0,181.42397663438362,2.2222222222222223,396,398,9,0,389,386,218022,7,0,0,7,12
2020-06-20,US,Alabama,Barbour,271,1,0,31.868263,-85.3871286,1005.0,1097.7882200437498,0.3690036900369004,270,265,1,0,264,262,24881,6,0,0,6,3
2020-06-20,US,Alabama,Bibb,123,1,0,32.99642064,-87.12511459999996,1007.0,549.2542645351433,0.8130081300813008,122,123,1,0,122,118,22400,0,0,0,0,5
2020-06-20,US,Alabama,Blount,140,1,0,33.98210918,-86.56790593,1009.0,242.10562722650712,0.7142857142857143,139,136,1,0,135,127,57840,4,0,0,4,9
2020-06-20,US,Alabama,Bullock,324,9,0,32.10030533,-85.71265535,1011.0,3207.6032076032075,2.7777777777777777,315,318,9,0,309,318,10138,6,0,0,6,0
2020-06-20,US,Alabama,Butler,570,26,0,31.75300095,-86.68057478,1013.0,2930.8926367749896,4.56140350877193,544,567,26,0,541,563,19680,3,0,0,3,4
2020-06-20,US,Alabama,Calhoun,203,4,0,33.77483727,-85.82630386,1015.0,178.6893182518375,1.9704433497536944,199,202,4,0,198,202,114277,1,0,0,1,0
2020-06-20,US,Alabama,Chambers,502,27,0,32.91360079,-85.39072749,1017.0,1509.5928309376316,5.378486055776892,475,493,28,0,465,487,33615,9,-1,0,10,6
2020-06-20,US,Alabama,Cherokee,56,6,0,34.17805983,-85.60638968,1019.0,213.77309512902733,10.714285714285714,50,56,6,0,50,53,26032,0,0,0,0,3
2020-06-20,US,Alabama,Chilton,156,2,0,32.85044126,-86.7173256,1021.0,351.1299180696858,1.2820512820512822,154,151,2,0,149,145,44153,5,0,0,5,6
2020-06-20,US,Alabama,Choctaw,185,12,0,32.02227341,-88.26564429999998,1023.0,1469.536897291286,6.486486486486488,173,185,11,0,174,182,12841,0,1,0,-1,3
2020-06-20,US,Alabama,Clarke,213,4,0,31.68099859,-87.83548597,1025.0,901.7018034036067,1.8779342723004693,209,208,4,0,204,201,23920,5,0,0,5,7
2020-06-20,US,Alabama,Clay,31,2,0,33.26984193,-85.85836077,1027.0,234.22742727616168,6.451612903225807,29,30,2,0,28,30,13275,1,0,0,1,0
2020-06-20,US,Alabama,Cleburne,22,1,0,33.67679204,-85.52005899,1029.0,147.55197853789403,4.545454545454546,21,22,1,0,21,22,14987,0,0,0,0,0
2020-06-20,US,Alabama,Coffee,311,1,0,31.39932826,-85.98901039,1031.0,594.1691184899316,0.3215434083601286,310,310,1,0,309,300,51909,1,0,0,1,10
2020-06-20,US,Alabama,Colbert,295,5,0,34.69847452,-87.80168544,1033.0,534.0236418602125,1.6949152542372878,290,290,5,0,285,284,54762,5,0,0,5,6
2020-06-20,US,Alabama,Conecuh,135,1,0,31.43401703,-86.99320044,1035.0,1118.753625590453,0.7407407407407407,134,132,1,0,131,121,12277,3,0,0,3,11
2020-06-20,US,Alabama,Coosa,50,1,0,32.93690146,-86.24847739,1037.0,468.911188220951,2.0,49,48,1,0,47,46,10715,2,0,0,2,2
2020-06-20,US,Alabama,Covington,219,1,0,31.2477854,-86.45050893,1039.0,591.1090717698182,0.45662100456620996,218,212,1,0,211,198,36986,7,0,0,7,14
2020-06-20,US,Alabama,Crenshaw,113,3,0,31.72941803,-86.31593104,1041.0,820.5053732210283,2.6548672566371683,110,112,3,0,109,112,13824,1,0,0,1,0
2020-06-20,US,Alabama,Cullman,301,1,0,34.13020303,-86.86888037,1043.0,359.3257568522586,0.3322259136212625,300,298,1,0,297,291,83442,3,0,0,3,7
2020-06-20,US,Alabama,Dale,202,0,0,31.43037123,-85.61095742,1045.0,410.8028959570488,0.0,202,195,0,0,195,190,48956,7,0,0,7,5
2020-06-20,US,Alabama,Dallas,620,6,0,32.32688101,-87.10866709999998,1047.0,1666.8458974083233,0.967741935483871,614,590,6,0,584,564,38310,30,0,0,30,26
2020-06-20,US,Alabama,DeKalb,399,5,0,34.45946862,-85.80782906,1049.0,557.9405143120831,1.2531328320802004,394,394,5,0,389,362,71385,5,0,0,5,32
2020-06-20,US,Alabama,Elmore,650,11,0,32.59785413,-86.14415284,1051.0,800.4038961198881,1.6923076923076923,639,633,11,0,622,603,81887,17,0,0,17,30
2020-06-20,US,Alabama,Escambia,144,5,0,31.1256789,-87.15918694,1053.0,393.08819916468764,3.4722222222222223,139,137,5,0,132,123,36748,7,0,0,7,14
2020-06-20,US,Alabama,Etowah,387,12,0,34.04567266,-86.04051873,1055.0,378.4174912973755,3.1007751937984502,375,371,12,0,359,356,102501,16,0,0,16,15
2020-06-20,US,Alabama,Fayette,58,1,0,33.72076938,-87.73886638,1057.0,355.7845663108821,1.7241379310344829,57,57,1,0,56,49,16433,1,0,0,1,8
2020-06-20,US,Alabama,Franklin,772,10,0,34.44235334,-87.84289505,1059.0,2461.5777055034755,1.2953367875647668,762,769,10,0,759,760,31363,3,0,0,3,9
2020-06-20,US,Alabama,Geneva,51,0,0,31.09389027,-85.83572839,1061.0,194.1304099577481,0.0,51,49,0,0,49,49,26314,2,0,0,2,0
2020-06-20,US,Alabama,Greene,151,5,0,32.85504247,-87.95684022,1063.0,1861.669337936136,3.3112582781456954,146,151,5,0,146,144,8233,0,0,0,0,7
2020-06-20,US,Alabama,Hale,257,18,0,32.76039258,-87.63284988,1065.0,1754.1464746433692,7.003891050583657,239,256,16,0,240,248,14726,1,2,0,-1,8
2020-06-20,US,Alabama,Henry,115,3,0,31.51148016,-85.24267944,1067.0,668.4103458297006,2.608695652173913,112,111,2,0,109,110,17209,4,1,0,3,1
2020-06-20,US,Alabama,Houston,344,4,0,31.15197924,-85.29939599,1069.0,324.88997185546174,1.162790697674419,340,341,4,0,337,333,104722,3,0,0,3,8
2020-06-20,US,Alabama,Jackson,147,3,0,34.78144169,-85.99750489,1071.0,284.74024716228257,2.0408163265306123,144,147,3,0,144,139,51736,0,0,0,0,8
2020-06-20,US,Alabama,Jefferson,2859,125,0,33.55554728,-86.89506300000002,1073.0,434.1204391920107,4.372158097236797,2734,2791,123,0,2668,2708,659300,68,2,0,66,83
2020-06-20,US,Alabama,Lamar,54,0,0,33.77995024,-88.09668032,1075.0,391.1626222383194,0.0,54,54,0,0,54,52,13844,0,0,0,0,2
2020-06-20,US,Alabama,Lauderdale,293,4,0,34.90171875,-87.65624729,1077.0,315.9745063572345,1.3651877133105803,289,288,4,0,284,280,92387,5,0,0,5,8
2020-06-20,US,Alabama,Lawrence,72,0,0,34.52041498,-87.31069453,1079.0,218.68545741708172,0.0,72,72,0,0,72,71,32957,0,0,0,0,1
2020-06-20,US,Alabama,Lee,825,35,0,32.60154883,-85.35132246,1081.0,501.3917419260736,4.242424242424242,790,811,35,0,776,784,163941,14,0,0,14,27
2020-06-20,US,Alabama,Limestone,265,0,0,34.81185586,-86.98310072,1083.0,267.9067886569277,0.0,265,260,0,0,260,255,96174,5,0,0,5,5
2020-06-20,US,Alabama,Lowndes,412,14,0,32.1597283,-86.65158371,1085.0,4236.068270614846,3.3980582524271843,398,409,14,0,395,405,9974,3,0,0,3,4
2020-06-20,US,Alabama,Macon,144,6,0,32.38759944,-85.69267724,1087.0,796.9891520920966,4.166666666666667,138,138,6,0,132,136,18439,6,0,0,6,2
2020-06-20,US,Alabama,Madison,686,6,0,34.76327133,-86.55069633,1089.0,183.95908921479503,0.8746355685131195,680,649,6,0,643,625,366519,37,0,0,37,24
2020-06-20,US,Alabama,Marengo,237,11,0,32.24767634,-87.78796182,1091.0,1256.4279276891268,4.641350210970463,226,237,10,0,227,234,19066,0,1,0,-1,3
2020-06-20,US,Alabama,Marion,168,12,0,34.13697363,-87.88704173,1093.0,565.4852065030799,7.142857142857142,156,165,12,0,153,161,29763,3,0,0,3,4
2020-06-20,US,Alabama,Marshall,1054,9,0,34.36975964,-86.30486727,1095.0,1089.1355116043565,0.8538899430740038,1045,1031,9,0,1022,994,96109,23,0,0,23,37
2020-06-20,US,Alabama,Mobile,2932,132,0,30.78472347,-88.20842409,1097.0,709.5665642167421,4.502046384720328,2800,2899,131,0,2768,2834,413757,33,1,0,32,65
2020-06-20,US,Alabama,Monroe,158,2,0,31.56729412,-87.36995001,1099.0,762.0701297448512,1.2658227848101269,156,153,2,0,151,151,21067,5,0,0,5,2
2020-06-20,US,Alabama,Montgomery,3179,79,0,32.2206831,-86.20969272,1101.0,1403.6187667228878,2.485058194400755,3100,3106,75,0,3031,3059,225763,73,4,0,69,47
2020-06-20,US,Alabama,Morgan,726,2,0,34.45500589,-86.85475946,1103.0,606.6227157646705,0.27548209366391185,724,710,2,0,708,701,119089,16,0,0,16,9
2020-06-20,US,Alabama,Perry,86,0,0,32.64048341,-87.29770589,1105.0,963.8014120811388,0.0,86,86,0,0,86,84,9140,0,0,0,0,2
2020-06-20,US,Alabama,Pickens,156,6,0,33.28094866,-88.08818103,1107.0,782.7395885599599,3.8461538461538463,150,153,6,0,147,149,19938,3,0,0,3,4
2020-06-20,US,Alabama,Pike,356,3,0,31.80396383,-85.9408295,1109.0,1075.0739868333637,0.8426966292134831,353,352,3,0,349,344,33338,4,0,0,4,8
2020-06-20,US,Alabama,Randolph,142,8,0,33.29526734,-85.45708831,1111.0,624.9449872370391,5.633802816901407,134,142,8,0,134,142,22725,0,0,0,0,0
2020-06-20,US,Alabama,Russell,349,0,0,32.28725256,-85.18415324,1113.0,602.1290177878227,0.0,349,346,0,0,346,327,57781,3,0,0,3,19
2020-06-20,US,Alabama,Shelby,759,22,0,33.26879845,-86.66232561,1117.0,348.64172125198667,2.898550724637681,737,740,21,0,719,711,215707,19,1,0,18,29
2020-06-20,US,Alabama,St. Clair,196,2,0,33.71902176,-86.31029372,1115.0,218.96505496469746,1.020408163265306,194,193,2,0,191,182,88690,3,0,0,3,11
2020-06-20,US,Alabama,Sumter,268,12,0,32.59117397,-88.19916205,1119.0,2156.594511949787,4.477611940298506,256,267,12,0,255,266,12691,1,0,0,1,1
2020-06-20,US,Alabama,Talladega,178,6,0,33.37823223,-86.16886178,1121.0,222.5612043311911,3.3707865168539324,172,170,6,0,164,168,79828,8,0,0,8,2
2020-06-20,US,Alabama,Tallapoosa,506,69,0,32.86698258,-85.79833053,1123.0,1253.4991453414916,13.636363636363635,437,506,68,0,438,498,40497,0,1,0,-1,8
2020-06-20,US,Alabama,Tuscaloosa,1544,31,0,33.28726072,-87.52556818,1125.0,737.5032838957751,2.0077720207253886,1513,1526,29,0,1497,1467,208911,18,2,0,16,59
2020-06-20,US,Alabama,Unassigned,423,10,0,0.0,0.0,90001.0,0.0,2.364066193853428,413,419,10,0,409,410,,4,0,0,4,9
2020-06-20,US,Alabama,Walker,669,8,0,33.80270512,-87.30027177,1127.0,1053.1950063758445,1.195814648729447,661,664,8,0,656,642,63711,5,0,0,5,22
2020-06-20,US,Alabama,Washington,92,6,0,31.4092794,-88.20689944,1129.0,563.5183143452163,6.521739130434782,86,91,6,0,85,91,16378,1,0,0,1,0
2020-06-20,US,Alabama,Wilcox,242,8,0,31.98773215,-87.30891118,1131.0,2332.979851537646,3.3057851239669422,234,240,8,0,232,238,10627,2,0,0,2,2
2020-06-20,US,Alabama,Winston,172,1,0,34.15030532,-87.37325922,1133.0,727.9190824833889,0.5813953488372093,171,172,1,0,171,165,23660,0,0,0,0,7
2020-06-20,US,Alaska,Anchorage,346,6,0,61.14998174,-149.14269860000005,2020.0,120.13888888888887,1.7341040462427746,340,338,6,0,332,332,291538,8,0,0,8,6
2020-06-20,US,Alaska,Bethel,6,0,0,60.90980451,-159.8561831,2050.0,32.63352550853911,0.0,6,6,0,0,6,5,18216,0,0,0,0,1
2020-06-20,US,Alaska,Fairbanks North Star,114,2,0,64.80726247,-146.5692662,2090.0,117.70901093454759,1.7543859649122806,112,107,2,0,105,106,98971,7,0,0,7,1
2020-06-20,US,Alaska,Haines,2,0,0,59.09893571,-135.4679843,2100.0,79.05138339920948,0.0,2,2,0,0,2,1,2474,0,0,0,0,1
2020-06-20,US,Alaska,Juneau,39,0,0,58.45031811,-134.200436,2110.0,121.97410395946709,0.0,39,39,0,0,39,39,32113,0,0,0,0,0
2020-06-20,US,Alaska,Kenai Peninsula,119,2,0,60.24429722,-151.53888840000005,2122.0,202.69809906656673,1.680672268907563,117,117,2,0,115,116,58533,2,0,0,2,1
2020-06-20,US,Alaska,Ketchikan Gateway,21,0,0,55.57445008,-130.975561,2130.0,151.06826846989426,0.0,21,21,0,0,21,21,13918,0,0,0,0,0
2020-06-20,US,Alaska,Kodiak Island,3,0,0,57.65529415,-153.7493579,2150.0,23.08047391906447,0.0,3,3,0,0,3,3,13345,0,0,0,0,0
2020-06-20,US,Alaska,Matanuska-Susitna,54,1,0,62.31305045,-149.5741743,2170.0,49.85367024566781,1.851851851851852,53,53,1,0,52,51,107610,1,0,0,1,2
2020-06-20,US,Alaska,Nome,5,0,0,64.90320724,-164.0353804,2180.0,49.980007996801284,0.0,5,5,0,0,5,5,10008,0,0,0,0,0
2020-06-20,US,Alaska,North Slope,3,0,0,69.31479216,-153.4836093,2185.0,30.512611879576895,0.0,3,3,0,0,3,2,9872,0,0,0,0,1
2020-06-20,US,Alaska,Northwest Arctic,4,0,0,67.04919196,-159.7503946,2188.0,52.48655032148013,0.0,4,4,0,0,4,4,7671,0,0,0,0,0
2020-06-20,US,Alaska,Petersburg,4,1,0,57.13978948,-132.9540995,2195.0,122.47397428046541,25.0,3,4,1,0,3,4,3221,0,0,0,0,0
2020-06-20,US,Alaska,Prince of Wales-Hyder,2,0,0,55.76261984,-133.0511621,2198.0,32.24246332419797,0.0,2,2,0,0,2,2,6422,0,0,0,0,0
2020-06-20,US,Alaska,Sitka,11,0,0,57.24124555,-135.3206587,2220.0,129.5184269398328,0.0,11,9,0,0,9,9,8647,2,0,0,2,0
2020-06-20,US,Alaska,Southeast Fairbanks,3,0,0,63.87692095,-143.2127643,2240.0,43.52241404323227,0.0,3,3,0,0,3,3,6918,0,0,0,0,0
2020-06-20,US,Alaska,Wrangell,3,0,0,56.3202004,-132.05837309999998,2275.0,119.90407673860909,0.0,3,3,0,0,3,3,2503,0,0,0,0,0
2020-06-20,US,Alaska,Yukon-Koyukuk,2,0,0,65.50815459,-151.3907387,2290.0,38.24091778202677,0.0,2,1,0,0,1,1,5327,1,0,0,1,0
2020-06-20,US,Arizona,Apache,2116,66,0,35.39465006,-109.4892383,4001.0,2943.5085620487707,3.1190926275992434,2050,2103,63,0,2040,2059,71818,13,3,0,10,44
2020-06-20,US,Arizona,Cochise,362,6,0,31.87934684,-109.7516088,4003.0,287.4795508330554,1.6574585635359116,356,332,6,0,326,267,126770,30,0,0,30,65
2020-06-20,US,Arizona,Coconino,1490,90,0,35.83883429,-111.7707178,4005.0,1038.5012127463826,6.040268456375839,1400,1470,90,0,1380,1439,142854,20,0,0,20,31
2020-06-20,US,Arizona,Gila,143,3,0,33.80190085,-110.8132779,4007.0,264.72657262394017,2.097902097902098,140,125,3,0,122,115,53889,18,0,0,18,10
2020-06-20,US,Arizona,Graham,61,1,0,32.93166885,-109.8882178,4009.0,157.06671473079794,1.639344262295082,60,59,1,0,58,58,38072,2,0,0,2,1
2020-06-20,US,Arizona,Greenlee,13,1,0,33.21498827,-109.2405279,4011.0,136.870920193725,7.6923076923076925,12,14,1,0,13,13,9483,-1,0,0,-1,1
2020-06-20,US,Arizona,La Paz,268,3,0,33.72854224,-113.9810029,4012.0,1269.6607921167329,1.1194029850746268,265,257,3,0,254,245,21098,11,0,0,11,12
2020-06-20,US,Arizona,Maricopa,28303,633,0,33.34835867,-112.4918154,4013.0,631.0008396103458,2.236512030526799,27670,25999,615,0,25384,23880,4410824,2304,18,0,2286,2119
2020-06-20,US,Arizona,Mohave,717,72,0,35.70471703,-113.7577902,4015.0,337.91904081892346,10.0418410041841,645,686,72,0,614,676,209550,31,0,0,31,10
2020-06-20,US,Arizona,Navajo,2984,95,0,35.3997715,-110.3218983,4017.0,2690.1301792218096,3.1836461126005364,2889,2928,95,0,2833,2874,110445,56,0,0,56,54
2020-06-20,US,Arizona,Pima,5313,242,0,32.0971334,-111.7890033,4019.0,507.3146697298428,4.554865424430641,5071,5019,240,0,4779,4682,1039073,294,2,0,292,337
2020-06-20,US,Arizona,Pinal,2171,50,0,32.90525627,-111.3449483,4021.0,469.1122736279384,2.3030861354214647,2121,2130,49,0,2081,1888,447138,41,1,0,40,242
2020-06-20,US,Arizona,Santa Cruz,1347,13,0,31.52508998,-110.8479088,4023.0,2896.898791345864,0.9651076466221232,1334,1293,14,0,1279,1210,46511,54,-1,0,55,83
2020-06-20,US,Arizona,Unassigned,0,1,0,0.0,0.0,90004.0,0.0,0.0,-1,0,1,0,-1,0,,0,0,0,0,0
2020-06-20,US,Arizona,Yavapai,436,7,0,34.59933926,-112.5538588,4025.0,185.4537875533286,1.6055045871559632,429,417,7,0,410,402,231993,19,0,0,19,15
2020-06-20,US,Arizona,Yuma,4403,63,0,32.76895712,-113.90666740000002,4027.0,2059.5265380963297,1.4308426073131957,4340,4078,61,0,4017,3637,212128,325,2,0,323,441
2020-06-20,US,Arkansas,Arkansas,19,0,0,34.29145151,-91.37277296,5001.0,108.65835525563308,0.0,19,18,0,0,18,16,17769,1,0,0,1,2
2020-06-20,US,Arkansas,Ashley,52,1,0,33.19153461,-91.7698471,5003.0,264.53680622678945,1.9230769230769231,51,51,1,0,50,51,20046,1,0,0,1,0
2020-06-20,US,Arkansas,Baxter,14,0,0,36.28784385,-92.33782872,5005.0,33.38738910617189,0.0,14,14,0,0,14,14,41619,0,0,0,0,0
2020-06-20,US,Arkansas,Benton,1904,13,0,36.33644656,-94.25680817,5007.0,682.0925625400782,0.6827731092436975,1891,1841,11,0,1830,1657,272608,63,2,0,61,184
2020-06-20,US,Arkansas,Boone,11,0,0,36.3084504,-93.09374925,5009.0,29.386621072878818,0.0,11,10,0,0,10,10,37480,1,0,0,1,0
2020-06-20,US,Arkansas,Bradley,37,2,0,33.46755808,-92.15980837,5011.0,343.77032425903565,5.405405405405406,35,35,2,0,33,35,10897,2,0,0,2,0
2020-06-20,US,Arkansas,Carroll,126,4,0,36.34038560000001,-93.54270261,5015.0,443.97463002114165,3.1746031746031744,122,102,3,0,99,100,28223,24,1,0,23,2
2020-06-20,US,Arkansas,Chicot,70,2,0,33.26458973,-91.29539209,5017.0,691.8363312907691,2.8571428571428568,68,67,2,0,65,66,10438,3,0,0,3,1
2020-06-20,US,Arkansas,Clark,50,0,0,34.04613432,-93.17484713,5019.0,224.01433691756276,0.0,50,50,0,0,50,50,22061,0,0,0,0,0
2020-06-20,US,Arkansas,Clay,33,1,0,36.36826212,-90.4148172,5021.0,226.78853687031815,3.0303030303030303,32,31,0,0,31,24,14847,2,1,0,1,7
2020-06-20,US,Arkansas,Cleburne,77,4,0,35.53864922,-92.02640019,5023.0,309.0011637706168,5.194805194805196,73,76,4,0,72,76,24965,1,0,0,1,0
2020-06-20,US,Arkansas,Cleveland,22,0,0,33.89723187,-92.18537045,5025.0,276.52086475615886,0.0,22,22,0,0,22,20,8018,0,0,0,0,2
2020-06-20,US,Arkansas,Columbia,32,2,0,33.21230701,-93.22642793,5027.0,136.4198320330818,6.25,30,31,2,0,29,29,23537,1,0,0,1,2
2020-06-20,US,Arkansas,Conway,29,3,0,35.26205537,-92.70506566,5029.0,139.11541782596183,10.344827586206897,26,26,3,0,23,25,20891,3,0,0,3,1
2020-06-20,US,Arkansas,Craighead,388,5,0,35.83018283,-90.63235729,5031.0,351.66588115868467,1.2886597938144329,383,385,5,0,380,372,108558,3,0,0,3,13
2020-06-20,US,Arkansas,Crawford,91,0,0,35.58928601,-94.2446814,5033.0,143.85759678770728,0.0,91,83,0,0,83,75,63406,8,0,0,8,8
2020-06-20,US,Arkansas,Crittenden,577,10,0,35.21247318,-90.30839406,5035.0,1203.2113439683035,1.733102253032929,567,573,10,0,563,562,48342,4,0,0,4,11
2020-06-20,US,Arkansas,Cross,82,1,0,35.29631396,-90.77185818,5037.0,499.4214020342287,1.2195121951219512,81,82,1,0,81,81,16676,0,0,0,0,1
2020-06-20,US,Arkansas,Dallas,6,0,0,33.97042763,-92.65167437,5039.0,85.60422314167499,0.0,6,4,0,0,4,4,7182,2,0,0,2,0
2020-06-20,US,Arkansas,Desha,28,0,0,33.83011025,-91.25500948,5041.0,246.45717806531115,0.0,28,26,0,0,26,25,11512,2,0,0,2,1
2020-06-20,US,Arkansas,Drew,34,1,0,33.59035001,-91.71777921,5043.0,186.61836544266973,2.9411764705882355,33,32,1,0,31,29,18328,2,0,0,2,3
2020-06-20,US,Arkansas,Faulkner,246,3,0,35.14719007,-92.33717519,5045.0,195.2272492798019,1.2195121951219512,243,227,3,0,224,205,124806,19,0,0,19,22
2020-06-20,US,Arkansas,Franklin,10,0,0,35.51202821,-93.89299569,5047.0,56.44933672029354,0.0,10,10,0,0,10,9,17810,0,0,0,0,1
2020-06-20,US,Arkansas,Fulton,9,0,0,36.38177105,-91.81729127,5049.0,72.1327242125511,0.0,9,9,0,0,9,9,12269,0,0,0,0,0
2020-06-20,US,Arkansas,Garland,177,1,0,34.57692074,-93.14921604,5051.0,178.09349405348843,0.5649717514124294,176,172,1,0,171,170,99154,5,0,0,5,2
2020-06-20,US,Arkansas,Grant,25,0,0,34.29017991,-92.42320562,5053.0,136.8738023542294,0.0,25,24,0,0,24,24,18188,1,0,0,1,0
2020-06-20,US,Arkansas,Greene,89,0,0,36.11735460000001,-90.55832668,5055.0,196.3596249310535,0.0,89,87,0,0,87,78,45325,2,0,0,2,9
2020-06-20,US,Arkansas,Hempstead,44,1,0,33.73325583,-93.66935133,5057.0,204.34701839123161,2.272727272727273,43,43,1,0,42,41,21741,1,0,0,1,2
2020-06-20,US,Arkansas,Hot Spring,53,0,0,34.31709259,-92.95396325,5059.0,156.93938586361082,0.0,53,46,0,0,46,46,33701,7,0,0,7,0
2020-06-20,US,Arkansas,Howard,62,0,0,34.09007427,-93.9934871,5061.0,469.62581427056506,0.0,62,54,0,0,54,47,13341,8,0,0,8,7
2020-06-20,US,Arkansas,Independence,44,0,0,35.74242707,-91.57001641,5063.0,116.32518175809649,0.0,44,44,0,0,44,43,37678,0,0,0,0,1
2020-06-20,US,Arkansas,Izard,20,1,0,36.09604046,-91.90847954,5065.0,146.74590945777388,5.0,19,20,1,0,19,20,13593,0,0,0,0,0
2020-06-20,US,Arkansas,Jackson,21,0,0,35.59802983,-91.21494602,5067.0,125.60559842095819,0.0,21,20,0,0,20,20,16811,1,0,0,1,0
2020-06-20,US,Arkansas,Jefferson,644,28,0,34.26767081,-91.92619839,5069.0,963.7256075661439,4.3478260869565215,616,640,28,0,612,637,68114,4,0,0,4,3
2020-06-20,US,Arkansas,Johnson,135,0,0,35.56759135,-93.46036368,5071.0,507.9388968319663,0.0,135,121,0,0,121,107,26742,14,0,0,14,14
2020-06-20,US,Arkansas,Lafayette,13,1,0,33.24116713,-93.60677071,5073.0,196.256038647343,7.6923076923076925,12,13,1,0,12,12,6682,0,0,0,0,1
2020-06-20,US,Arkansas,Lawrence,93,9,0,36.04188196,-91.10867198,5075.0,566.8657808118979,9.677419354838712,84,93,9,0,84,92,16434,0,0,0,0,1
2020-06-20,US,Arkansas,Lee,572,1,0,34.78498904,-90.78383866,5077.0,6458.168680140003,0.17482517482517482,571,570,1,0,569,571,8985,2,0,0,2,-1
2020-06-20,US,Arkansas,Lincoln,1036,11,0,33.95317155,-91.74002806,5079.0,7954.545454545455,1.061776061776062,1025,1023,11,0,1012,995,13383,13,0,0,13,28
2020-06-20,US,Arkansas,Little River,35,0,0,33.70375665,-94.23468591,5081.0,285.50452728607553,0.0,35,35,0,0,35,34,12326,0,0,0,0,1
2020-06-20,US,Arkansas,Logan,24,0,0,35.21413234,-93.71951016,5083.0,111.80471443212522,0.0,24,21,0,0,21,21,21737,3,0,0,3,0
2020-06-20,US,Arkansas,Lonoke,86,0,0,34.75392199,-91.88742357,5085.0,117.3116534122686,0.0,86,84,0,0,84,80,73657,2,0,0,2,4
2020-06-20,US,Arkansas,Madison,142,0,0,36.01038185,-93.72524943,5087.0,856.6602316602318,0.0,142,137,0,0,137,128,16481,5,0,0,5,9
2020-06-20,US,Arkansas,Marion,2,0,0,36.26844485,-92.68451899,5089.0,11.980352222355338,0.0,2,2,0,0,2,2,16722,0,0,0,0,0
2020-06-20,US,Arkansas,Miller,87,2,0,33.31403423,-93.89285258,5091.0,201.12351758096955,2.2988505747126435,85,78,2,0,76,77,43592,9,0,0,9,1
2020-06-20,US,Arkansas,Mississippi,110,3,0,35.76271485,-90.05194370000002,5093.0,270.59604929768034,2.727272727272727,107,107,3,0,104,105,41239,3,0,0,3,2
2020-06-20,US,Arkansas,Monroe,7,0,0,34.6815935,-91.20540287,5095.0,104.46202059394122,0.0,7,7,0,0,7,7,6900,0,0,0,0,0
2020-06-20,US,Arkansas,Montgomery,2,0,0,34.53704874,-93.65824478,5097.0,22.2568439795237,0.0,2,2,0,0,2,2,8924,0,0,0,0,0
2020-06-20,US,Arkansas,Nevada,87,2,0,33.66340119,-93.30632432,5099.0,1054.2898691226371,2.2988505747126435,85,87,2,0,85,87,8326,0,0,0,0,0
2020-06-20,US,Arkansas,Newton,3,0,0,35.91947491,-93.21612969,5101.0,38.6946988262608,0.0,3,3,0,0,3,3,7805,0,0,0,0,0
2020-06-20,US,Arkansas,Ouachita,17,0,0,33.58839816,-92.87795984,5103.0,72.70549995723206,0.0,17,17,0,0,17,17,23606,0,0,0,0,0
2020-06-20,US,Arkansas,Perry,25,0,0,34.9459153,-92.94372564,5105.0,239.12003825920613,0.0,25,24,0,0,24,17,10352,1,0,0,1,7
2020-06-20,US,Arkansas,Phillips,79,2,0,34.43268455,-90.84800154,5107.0,444.26948599707566,2.5316455696202533,77,75,1,0,74,64,18029,4,1,0,3,11
2020-06-20,US,Arkansas,Pike,7,0,0,34.16250414,-93.65789349,5109.0,65.31069229333829,0.0,7,7,0,0,7,7,10673,0,0,0,0,0
2020-06-20,US,Arkansas,Poinsett,53,3,0,35.57433534,-90.66268713,5111.0,225.26351581094863,5.660377358490566,50,52,3,0,49,52,23974,1,0,0,1,0
2020-06-20,US,Arkansas,Polk,63,0,0,34.48254879,-94.22728802,5113.0,315.56802244039267,0.0,63,62,0,0,62,60,20049,1,0,0,1,2
2020-06-20,US,Arkansas,Pope,322,2,0,35.44871474,-93.03212219,5115.0,502.55962042701964,0.6211180124223602,320,304,2,0,302,301,64000,18,0,0,18,3
2020-06-20,US,Arkansas,Prairie,12,0,0,34.83624419,-91.55162157,5117.0,148.8464400893079,0.0,12,12,0,0,12,12,8074,0,0,0,0,0
2020-06-20,US,Arkansas,Pulaski,1499,52,0,34.77054088,-92.31355101,5119.0,382.48479884463563,3.468979319546364,1447,1445,48,0,1397,1394,392680,54,4,0,50,51
2020-06-20,US,Arkansas,Randolph,34,1,0,36.3415714,-91.02455531,5121.0,189.330660429892,2.9411764705882355,33,31,1,0,30,29,17948,3,0,0,3,2
2020-06-20,US,Arkansas,Saline,200,2,0,34.64916145,-92.67583224,5125.0,163.34931434125306,1.0,198,195,2,0,193,190,121421,5,0,0,5,5
2020-06-20,US,Arkansas,Scott,8,0,0,34.85588887,-94.0632176,5127.0,77.81344227215251,0.0,8,7,0,0,7,6,10319,1,0,0,1,1
2020-06-20,US,Arkansas,Searcy,7,0,0,35.9109364,-92.69936482,5129.0,88.82121558177894,0.0,7,7,0,0,7,7,7958,0,0,0,0,0
2020-06-20,US,Arkansas,Sebastian,226,2,0,35.19605503,-94.27162713,5131.0,176.8014582208766,0.8849557522123894,224,219,2,0,217,193,127753,7,0,0,7,26
2020-06-20,US,Arkansas,Sevier,563,5,0,33.99780401,-94.2424869,5133.0,3310.4015993414478,0.8880994671403197,558,550,5,0,545,506,17139,13,0,0,13,44
2020-06-20,US,Arkansas,Sharp,50,4,0,36.16258158,-91.47819342,5135.0,286.6643733516798,8.0,46,50,4,0,46,50,17366,0,0,0,0,0
2020-06-20,US,Arkansas,St. Francis,791,3,0,35.02201976,-90.74828138,5123.0,3164.759542290149,0.3792667509481669,788,783,3,0,780,781,25439,8,0,0,8,2
2020-06-20,US,Arkansas,Stone,11,0,0,35.86251946,-92.15684085,5137.0,87.95778026547258,0.0,11,11,0,0,11,11,12457,0,0,0,0,0
2020-06-20,US,Arkansas,Unassigned,560,0,0,0.0,0.0,90005.0,0.0,0.0,560,533,0,0,533,435,,27,0,0,27,98
2020-06-20,US,Arkansas,Union,223,13,0,33.16887091,-92.59746952,5139.0,576.4955276355927,5.829596412556054,210,220,13,0,207,218,39126,3,0,0,3,2
2020-06-20,US,Arkansas,Van Buren,30,2,0,35.58095779,-92.51295036,5141.0,181.3236627379873,6.666666666666668,28,30,2,0,28,30,16603,0,0,0,0,0
2020-06-20,US,Arkansas,Washington,2321,18,0,35.976844,-94.21800746,5143.0,970.3704632776863,0.7755277897457993,2303,2222,17,0,2205,2141,236961,99,1,0,98,81
2020-06-20,US,Arkansas,White,73,1,0,35.25688493,-91.74908296,5145.0,92.69488146483307,1.3698630136986298,72,70,1,0,69,69,78727,3,0,0,3,1
2020-06-20,US,Arkansas,Woodruff,5,0,0,35.18902527,-91.2439489,5147.0,79.11392405063293,0.0,5,6,0,0,6,5,6490,-1,0,0,-1,1
2020-06-20,US,Arkansas,Yell,403,2,0,35.00292371,-93.41171338,5149.0,1888.383862049576,0.4962779156327544,401,361,2,0,359,340,21535,42,0,0,42,21
2020-06-20,US,California,Alameda,4924,119,0,37.64629437,-121.8929271,6001.0,294.61584164458344,2.4167343623070674,4805,4702,119,0,4583,4638,1666753,222,0,0,222,64
2020-06-20,US,California,Alpine,2,0,0,38.59678594,-119.8223594,6003.0,177.14791851195747,0.0,2,2,0,0,2,2,1101,0,0,0,0,0
2020-06-20,US,California,Amador,13,0,0,38.44583082,-120.65696,6005.0,32.70275709398269,0.0,13,12,0,0,12,12,39383,1,0,0,1,0
2020-06-20,US,California,Butte,94,1,0,39.66727762,-121.6005252,6007.0,42.885950745029334,1.0638297872340423,93,94,1,0,93,90,231256,0,0,0,0,4
2020-06-20,US,California,Calaveras,28,0,0,38.20537103,-120.552913,6009.0,60.995534255527716,0.0,28,28,0,0,28,26,45602,0,0,0,0,2
2020-06-20,US,California,Colusa,7,0,0,39.17881957,-122.2331726,6011.0,32.48712117696199,0.0,7,7,0,0,7,7,21627,0,0,0,0,0
2020-06-20,US,California,Contra Costa,2240,56,0,37.91923498,-121.9289527,6013.0,194.1872138122591,2.5,2184,2148,56,0,2092,2111,1150215,92,0,0,92,37
2020-06-20,US,California,Del Norte,48,1,0,41.74228275,-123.8974063,6015.0,172.58737235725587,2.083333333333333,47,48,1,0,47,48,27828,0,0,0,0,0
2020-06-20,US,California,El Dorado,130,0,0,38.77965956,-120.5233166,6017.0,67.41235097981259,0.0,130,130,0,0,130,125,190678,0,0,0,0,5
2020-06-20,US,California,Fresno,3245,66,0,36.75733899,-119.6466953,6019.0,324.7919879972095,2.0338983050847457,3179,3187,66,0,3121,3058,994400,58,0,0,58,129
2020-06-20,US,California,Glenn,42,0,0,39.59875897,-122.3938452,6021.0,147.92378403127532,0.0,42,42,0,0,42,42,28047,0,0,0,0,0
2020-06-20,US,California,Humboldt,110,4,0,40.69923009,-123.876044,6023.0,81.14607769368094,3.636363636363636,106,108,4,0,104,108,136373,2,0,0,2,0
2020-06-20,US,California,Imperial,4800,64,0,33.0393082,-115.3669042,6025.0,2648.787352040394,1.3333333333333333,4736,4744,64,0,4680,4659,181827,56,0,0,56,85
2020-06-20,US,California,Inyo,24,1,0,36.51112084,-117.41119779999998,6027.0,133.04506901712955,4.166666666666667,23,24,1,0,23,24,17987,0,0,0,0,0
2020-06-20,US,California,Kern,3793,60,0,35.34329425,-118.7277796,6029.0,421.3498748058768,1.581861323490641,3733,3706,58,0,3648,3590,896764,87,2,0,85,116
2020-06-20,US,California,Kings,2057,12,0,36.07409056,-119.8159973,6031.0,1344.9718843991106,0.5833738454059311,2045,2057,12,0,2045,1976,151366,0,0,0,0,81
2020-06-20,US,California,Lake,35,0,0,39.10124298,-122.7536244,6033.0,54.359643400739294,0.0,35,34,0,0,34,34,64382,1,0,0,1,0
2020-06-20,US,California,Lassen,9,0,0,40.67311306,-120.59350990000002,6035.0,29.43773918163085,0.0,9,9,0,0,9,9,30802,0,0,0,0,0
2020-06-20,US,California,Los Angeles,81709,3112,0,34.30828379,-118.2282411,6037.0,813.9070536851533,3.808637971337306,78597,79655,3065,0,76590,78348,10105518,2054,47,0,2007,1307
2020-06-20,US,California,Madera,314,4,0,37.21513971,-119.76655890000002,6039.0,199.58430530042526,1.2738853503184713,310,314,4,0,310,295,157672,0,0,0,0,19
2020-06-20,US,California,Marin,1030,18,0,38.07122463,-122.7210631,6041.0,397.9507468337802,1.7475728155339805,1012,917,18,0,899,861,259666,113,0,0,113,56
2020-06-20,US,California,Mariposa,18,1,0,37.57978556,-119.9073334,6043.0,104.63291286403536,5.5555555555555545,17,18,1,0,17,18,17471,0,0,0,0,0
2020-06-20,US,California,Mendocino,54,0,0,39.4381191,-123.3911313,6045.0,62.24855617932196,0.0,54,54,0,0,54,54,87606,0,0,0,0,0
2020-06-20,US,California,Merced,564,8,0,37.18922369,-120.7209035,6047.0,203.11149524632668,1.4184397163120568,556,564,8,0,556,538,274765,0,0,0,0,26
2020-06-20,US,California,Mono,37,1,0,37.93899289,-118.8872409,6051.0,256.1617280531709,2.702702702702702,36,37,1,0,36,37,14250,0,0,0,0,0
2020-06-20,US,California,Monterey,1181,12,0,36.21862405,-121.2413397,6053.0,272.081573788016,1.0160880609652836,1169,1156,12,0,1144,1121,435594,25,0,0,25,35
2020-06-20,US,California,Napa,224,4,0,38.50735751,-122.332839,6055.0,162.62051341619238,1.7857142857142858,220,216,4,0,212,206,139417,8,0,0,8,10
2020-06-20,US,California,Nevada,75,1,0,39.30394768,-120.7627281,6057.0,75.18420129316827,1.3333333333333333,74,75,1,0,74,71,99696,0,0,0,0,4
2020-06-20,US,California,Orange,9988,267,0,33.70147516,-117.76459979999998,6059.0,314.5141279443976,2.6732078494193035,9721,9576,257,0,9319,9292,3185968,412,10,0,402,284
2020-06-20,US,California,Placer,490,9,0,39.06167234,-120.7240569,6061.0,123.01389052767937,1.836734693877551,481,476,9,0,467,460,393149,14,0,0,14,16
2020-06-20,US,California,Plumas,6,0,0,40.00355989,-120.8395236,6063.0,31.9030148349019,0.0,6,6,0,0,6,6,18804,0,0,0,0,0
2020-06-20,US,California,Riverside,12778,410,0,33.74314981,-115.9933578,6065.0,517.2136037944649,3.2086398497417434,12368,12778,410,0,12368,12467,2450758,0,0,0,0,311
2020-06-20,US,California,Sacramento,2069,67,0,38.45106826,-121.3425374,6067.0,133.3068738410549,3.2382793620106334,2002,1976,67,0,1909,1940,1540975,93,0,0,93,36
2020-06-20,US,California,San Benito,164,2,0,36.60308176,-121.069975,6069.0,261.1132339829321,1.2195121951219512,162,161,2,0,159,153,61537,3,0,0,3,8
2020-06-20,US,California,San Bernardino,8959,233,0,34.84060306,-116.1774685,6071.0,410.9472795785486,2.600736689362652,8726,8714,230,0,8484,8454,2171603,245,3,0,242,260
2020-06-20,US,California,San Diego,10484,338,0,33.03484597,-116.7365326,6073.0,314.04924018895673,3.223960320488364,10146,10350,332,0,10018,10092,3343364,134,6,0,128,258
2020-06-20,US,California,San Francisco,3058,47,0,37.75215114,-122.4385672,6075.0,346.88939582484915,1.5369522563767168,3011,3057,47,0,3010,3020,883305,1,0,0,1,37
2020-06-20,US,California,San Joaquin,2519,48,0,37.93433732,-121.2730061,6077.0,330.5132336501572,1.9055180627233028,2471,1926,48,0,1878,1927,752660,593,0,0,593,-1
2020-06-20,US,California,San Luis Obispo,404,1,0,35.38822029,-120.4039028,6079.0,142.70021299066445,0.2475247524752475,403,404,1,0,403,389,284010,0,0,0,0,15
2020-06-20,US,California,San Mateo,2721,103,0,37.4228808,-122.32755459999998,6081.0,354.95640989181715,3.7853730246232997,2618,2721,103,0,2618,2678,769545,0,0,0,0,43
2020-06-20,US,California,Santa Barbara,2319,22,0,34.65329488,-120.0188492,6083.0,519.3740635477346,0.9486847779215178,2297,2319,22,0,2297,2253,446527,0,0,0,0,66
2020-06-20,US,California,Santa Clara,3458,152,0,37.23104908,-121.6970462,6085.0,179.3706155866737,4.395604395604397,3306,3398,152,0,3246,3363,1937570,60,0,0,60,35
2020-06-20,US,California,Santa Cruz,286,2,0,37.05580291,-122.0066524,6087.0,104.6802311749441,0.6993006993006993,284,283,2,0,281,273,274255,3,0,0,3,10
2020-06-20,US,California,Shasta,80,4,0,40.76391419,-122.0396884,6089.0,44.4247001332741,5.0,76,76,4,0,72,62,180040,4,0,0,4,14
2020-06-20,US,California,Sierra,1,0,0,39.57713498,-120.52007009999998,6091.0,33.277870216306155,0.0,1,1,0,0,1,1,2987,0,0,0,0,0
2020-06-20,US,California,Siskiyou,22,0,0,41.59198861,-122.54074340000001,6093.0,50.52941041365214,0.0,22,21,0,0,21,21,43724,1,0,0,1,0
2020-06-20,US,California,Solano,860,23,0,38.26827353,-121.9357113,6095.0,192.11737925087627,2.6744186046511627,837,860,23,0,837,811,446610,0,0,0,0,49
2020-06-20,US,California,Sonoma,835,4,0,38.52746429,-122.8862506,6097.0,168.9134515794925,0.4790419161676647,831,822,4,0,818,803,499942,13,0,0,13,19
2020-06-20,US,California,Stanislaus,1514,35,0,37.55862499,-120.9970722,6099.0,274.9427959176261,2.3117569352708056,1479,1473,35,0,1438,1322,549815,41,0,0,41,151
2020-06-20,US,California,Sutter,101,3,0,39.03417539,-121.6945899,6101.0,104.15485041919749,2.9702970297029703,98,99,3,0,96,97,96807,2,0,0,2,2
2020-06-20,US,California,Tehama,34,1,0,40.12570935,-122.2370171,6103.0,52.240181918751155,2.9411764705882355,33,34,1,0,33,32,63916,0,0,0,0,2
2020-06-20,US,California,Trinity,2,0,0,40.64917670000001,-123.114713,6105.0,16.28001628001628,0.0,2,2,0,0,2,2,12535,0,0,0,0,0
2020-06-20,US,California,Tulare,3046,111,0,36.22026558,-118.8020203,6107.0,653.3746608178981,3.6441234405778067,2935,3046,111,0,2935,3004,465861,0,0,0,0,42
2020-06-20,US,California,Tuolumne,10,0,0,38.02644018,-119.9525093,6109.0,18.35603362825361,0.0,10,9,0,0,9,9,54539,1,0,0,1,0
2020-06-20,US,California,Ventura,1835,42,0,34.44465746,-119.0910613,6111.0,216.90153497729332,2.2888283378746594,1793,1835,42,0,1793,1706,850967,0,0,0,0,129
2020-06-20,US,California,Yolo,321,24,0,38.68278902,-121.9018288,6113.0,145.57823129251705,7.4766355140186915,297,310,24,0,286,302,220408,11,0,0,11,8
2020-06-20,US,California,Yuba,42,1,0,39.26255932,-121.3535644,6115.0,53.388925611430324,2.380952380952381,41,41,1,0,40,39,78041,1,0,0,1,2
2020-06-20,US,Colorado,Adams,3872,152,0,39.87432092,-104.3362578,8001.0,748.3267977140472,3.9256198347107434,3720,3852,150,0,3702,3819,511868,20,2,0,18,33
2020-06-20,US,Colorado,Alamosa,159,3,0,37.57250606,-105.7885451,8003.0,979.4862317501386,1.8867924528301887,156,150,3,0,147,140,16683,9,0,0,9,10
2020-06-20,US,Colorado,Arapahoe,4921,339,0,39.64977461,-104.3353617,8005.0,749.4783654944487,6.888843730948994,4582,4905,339,0,4566,4885,651215,16,0,0,16,20
2020-06-20,US,Colorado,Archuleta,8,0,0,37.19474156,-107.04768670000001,8007.0,57.02473447858009,0.0,8,8,0,0,8,8,13765,0,0,0,0,0
2020-06-20,US,Colorado,Baca,12,0,0,37.31940883,-102.5603223,8009.0,335.1019268360793,0.0,12,12,0,0,12,12,3585,0,0,0,0,0
2020-06-20,US,Colorado,Bent,3,0,0,37.95474293,-103.0720195,8011.0,53.79236148466918,0.0,3,3,0,0,3,3,5882,0,0,0,0,0
2020-06-20,US,Colorado,Boulder,1228,71,0,40.09313619,-105.3546767,8013.0,376.4607781824425,5.781758957654724,1157,1211,71,0,1140,1173,326078,17,0,0,17,38
2020-06-20,US,Colorado,Broomfield,277,28,0,39.95998787,-105.0566324,8014.0,393.10295891577385,10.108303249097473,249,274,28,0,246,271,69267,3,0,0,3,3
2020-06-20,US,Colorado,Chaffee,78,20,0,38.74745778,-106.19265729999998,8015.0,383.1794065631754,25.64102564102564,58,78,20,0,58,78,20027,0,0,0,0,0
2020-06-20,US,Colorado,Cheyenne,5,0,0,38.82777431,-102.6032558,8017.0,273.07482250136536,0.0,5,5,0,0,5,5,1876,0,0,0,0,0
2020-06-20,US,Colorado,Clear Creek,18,1,0,39.68864463,-105.6463118,8019.0,185.56701030927837,5.5555555555555545,17,18,1,0,17,18,9605,0,0,0,0,0
2020-06-20,US,Colorado,Conejos,12,0,0,37.201606,-106.19174879999998,8021.0,146.25228519195613,0.0,12,10,0,0,10,7,8200,2,0,0,2,3
2020-06-20,US,Colorado,Costilla,17,0,0,37.27732493,-105.4276548,8023.0,437.35528685361464,0.0,17,17,0,0,17,17,3828,0,0,0,0,0
2020-06-20,US,Colorado,Crowley,68,1,0,38.32608609,-103.7844965,8025.0,1121.927074740142,1.4705882352941178,67,68,1,0,67,68,5858,0,0,0,0,0
2020-06-20,US,Colorado,Custer,2,0,0,38.10883162,-105.3683478,8027.0,39.463299131807425,0.0,2,2,0,0,2,2,4954,0,0,0,0,0
2020-06-20,US,Colorado,Delta,80,1,0,38.86246243,-107.86313419999999,8029.0,256.7229317758809,1.25,79,80,1,0,79,80,30953,0,0,0,0,0
2020-06-20,US,Colorado,Denver,6603,367,0,39.76018276,-104.87256950000001,8031.0,907.9895656143816,5.55807966076026,6236,6565,366,0,6199,6493,716492,38,1,0,37,72
2020-06-20,US,Colorado,Douglas,839,51,0,39.33133796,-104.930001,8035.0,238.9265108755703,6.078665077473183,788,831,51,0,780,825,342776,8,0,0,8,6
2020-06-20,US,Colorado,Eagle,641,8,0,39.62754308,-106.6933637,8037.0,1162.7696047308941,1.24804992199688,633,639,8,0,631,633,54993,2,0,0,2,6
2020-06-20,US,Colorado,El Paso,2079,116,0,38.83240149,-104.5251411,8041.0,288.5884706199169,5.57960557960558,1963,2063,116,0,1947,2024,713856,16,0,0,16,39
2020-06-20,US,Colorado,Elbert,54,2,0,39.28656773,-104.13587209999999,8039.0,202.02776011074118,3.703703703703704,52,54,2,0,52,54,26282,0,0,0,0,0
2020-06-20,US,Colorado,Fremont,30,0,0,38.47362326,-105.43996670000001,8043.0,62.71034093522022,0.0,30,30,0,0,30,30,48021,0,0,0,0,0
2020-06-20,US,Colorado,Garfield,217,2,0,39.59921777,-107.902708,8045.0,361.2993456652404,0.9216589861751152,215,214,2,0,212,205,59770,3,0,0,3,9
2020-06-20,US,Colorado,Gilpin,6,0,0,39.85646523,-105.5252597,8047.0,96.10764055742432,0.0,6,6,0,0,6,6,6121,0,0,0,0,0
2020-06-20,US,Colorado,Grand,18,0,0,40.10603347,-106.11780420000001,8049.0,114.40193212152029,0.0,18,18,0,0,18,17,15525,0,0,0,0,1
2020-06-20,US,Colorado,Gunnison,182,6,0,38.66611652,-107.0320729,8051.0,1042.2632000916276,3.2967032967032965,176,182,6,0,176,181,17246,0,0,0,0,1
2020-06-20,US,Colorado,Hinsdale,3,0,0,37.82247444,-107.3004345,8053.0,365.8536585365854,0.0,3,3,0,0,3,3,811,0,0,0,0,0
2020-06-20,US,Colorado,Huerfano,4,0,0,37.68473101,-104.9612585,8055.0,57.99623024503408,0.0,4,3,0,0,3,3,6889,1,0,0,1,0
2020-06-20,US,Colorado,Jefferson,2526,203,0,39.58635604,-105.2517692,8059.0,433.3646147326813,8.036421219319081,2323,2522,203,0,2319,2508,580233,4,0,0,4,14
2020-06-20,US,Colorado,Kit Carson,31,3,0,39.30497777,-102.60221990000001,8063.0,436.80428350007037,9.677419354838712,28,31,3,0,28,31,7163,0,0,0,0,0
2020-06-20,US,Colorado,La Plata,86,1,0,37.28632032,-107.8429014,8067.0,152.96775226338912,1.162790697674419,85,85,1,0,84,86,56310,1,0,0,1,-1
2020-06-20,US,Colorado,Lake,46,0,0,39.20278823,-106.35556969999999,8065.0,566.0145195028916,0.0,46,46,0,0,46,42,7824,0,0,0,0,4
2020-06-20,US,Colorado,Larimer,673,29,0,40.66671597,-105.4625784,8069.0,188.5687547457404,4.3090638930163445,644,668,29,0,639,661,350518,5,0,0,5,7
2020-06-20,US,Colorado,Las Animas,7,0,0,37.3153406,-104.03764579999999,8071.0,48.25589411278092,0.0,7,7,0,0,7,7,14503,0,0,0,0,0
2020-06-20,US,Colorado,Lincoln,3,0,0,38.98749519,-103.51366490000001,8073.0,52.62234695667427,0.0,3,3,0,0,3,3,5610,0,0,0,0,0
2020-06-20,US,Colorado,Logan,635,5,0,40.7249637,-103.110817,8075.0,2833.682895265295,0.7874015748031497,630,635,5,0,630,634,21528,0,0,0,0,1
2020-06-20,US,Colorado,Mesa,79,0,0,39.01787888,-108.469799,8077.0,51.22884378444978,0.0,79,78,0,0,78,77,153207,1,0,0,1,1
2020-06-20,US,Colorado,Mineral,2,0,0,37.66954283,-106.92816979999999,8079.0,260.0780234070221,0.0,2,2,0,0,2,2,776,0,0,0,0,0
2020-06-20,US,Colorado,Moffat,9,0,0,40.61810999,-108.2070876,8081.0,67.75577806218476,0.0,9,9,0,0,9,9,13188,0,0,0,0,0
2020-06-20,US,Colorado,Montezuma,67,3,0,37.33859579,-108.59588570000001,8083.0,255.8912271321086,4.477611940298506,64,67,3,0,64,66,26158,0,0,0,0,1
2020-06-20,US,Colorado,Montrose,199,12,0,38.40214114,-108.26390220000002,8085.0,465.4099817577997,6.030150753768845,187,198,12,0,186,198,42214,1,0,0,1,0
2020-06-20,US,Colorado,Morgan,649,46,0,40.26279810000001,-103.8093302,8087.0,2232.6957479014723,7.0878274268104775,603,649,46,0,603,647,28558,0,0,0,0,2
2020-06-20,US,Colorado,Otero,22,1,0,37.9014485,-103.7173385,8089.0,120.3632782580151,4.545454545454546,21,22,1,0,21,22,18432,0,0,0,0,0
2020-06-20,US,Colorado,Ouray,10,1,0,38.14717457,-107.7675136,8091.0,201.93861066235863,10.0,9,9,1,0,8,9,4833,1,0,0,1,0
2020-06-20,US,Colorado,Park,23,0,0,39.120926000000004,-105.7182065,8093.0,122.04828867073496,0.0,23,23,0,0,23,23,18556,0,0,0,0,0
2020-06-20,US,Colorado,Phillips,15,0,0,40.59414277,-102.3577703,8095.0,351.6998827667058,0.0,15,15,0,0,15,15,4286,0,0,0,0,0
2020-06-20,US,Colorado,Pitkin,80,2,0,39.21720112,-106.9310027,8097.0,450.2729779929082,2.5,78,80,2,0,78,78,17950,0,0,0,0,2
2020-06-20,US,Colorado,Prowers,16,0,0,37.95544985,-102.3926052,8099.0,131.44922773578705,0.0,16,16,0,0,16,16,12164,0,0,0,0,0
2020-06-20,US,Colorado,Pueblo,355,23,0,38.17359144,-104.5127437,8101.0,210.77756139267564,6.478873239436621,332,351,23,0,328,351,167529,4,0,0,4,0
2020-06-20,US,Colorado,Rio Blanco,2,0,0,39.97913541,-108.2179009,8103.0,31.625553447185325,0.0,2,2,0,0,2,2,6336,0,0,0,0,0
2020-06-20,US,Colorado,Rio Grande,62,1,0,37.5836865,-106.3847838,8105.0,550.2795775272921,1.6129032258064515,61,62,0,0,62,57,11250,0,1,0,-1,5
2020-06-20,US,Colorado,Routt,63,6,0,40.48596505,-106.9905548,8107.0,245.72899602153052,9.523809523809524,57,63,6,0,57,63,25733,0,0,0,0,0
2020-06-20,US,Colorado,Saguache,100,2,0,38.08054629,-106.28246599999999,8109.0,1465.4161781946073,2.0,98,100,2,0,98,98,6843,0,0,0,0,2
2020-06-20,US,Colorado,San Juan,1,0,0,37.76248981,-107.67632890000002,8111.0,137.36263736263737,0.0,1,1,0,0,1,1,762,0,0,0,0,0
2020-06-20,US,Colorado,San Miguel,28,0,0,38.00450883,-108.4020725,8113.0,342.34013938134245,0.0,28,28,0,0,28,28,8191,0,0,0,0,0
2020-06-20,US,Colorado,Summit,262,3,0,39.63803232,-106.1150762,8117.0,844.8615007577955,1.1450381679389312,259,262,3,0,259,262,31007,0,0,0,0,0
2020-06-20,US,Colorado,Teller,39,2,0,38.88133511,-105.16148929999999,8119.0,153.61588151882782,5.128205128205129,37,39,2,0,37,39,25083,0,0,0,0,0
2020-06-20,US,Colorado,Washington,44,0,0,39.97015535,-103.202587,8121.0,896.4955175224122,0.0,44,44,0,0,44,44,4909,0,0,0,0,0
2020-06-20,US,Colorado,Weld,2714,136,0,40.55499405,-104.39296209999999,8123.0,836.3842560063114,5.0110537951363305,2578,2705,136,0,2569,2698,314305,9,0,0,9,7
2020-06-20,US,Colorado,Yuma,49,0,0,40.00346839,-102.4258673,8125.0,489.0707655454637,0.0,49,49,0,0,49,49,10020,0,0,0,0,0
2020-06-20,US,Connecticut,Fairfield,16469,1361,0,41.26809896,-73.3881171,9001.0,1745.832856300857,8.26401117250592,15108,16425,1355,0,15070,16398,943823,44,6,0,38,27
2020-06-20,US,Connecticut,Hartford,11392,1344,0,41.80283011,-72.73103891,9003.0,1277.5310635625533,11.797752808988767,10048,11358,1341,0,10017,11322,892697,34,3,0,31,36
2020-06-20,US,Connecticut,Litchfield,1467,135,0,41.7937534,-73.2451475,9005.0,813.4950341867544,9.202453987730062,1332,1448,135,0,1313,1447,181111,19,0,0,19,1
2020-06-20,US,Connecticut,Middlesex,1258,172,0,41.45949668,-72.53714864,9007.0,774.4588637986653,13.6724960254372,1086,1254,172,0,1082,1246,162682,4,0,0,4,8
2020-06-20,US,Connecticut,New Haven,12174,1060,0,41.4080325,-72.93620426,9009.0,1424.264440068932,8.707080663709545,11114,12136,1056,0,11080,12105,857620,38,4,0,34,31
2020-06-20,US,Connecticut,New London,1209,101,0,41.48896435,-72.10430976,9011.0,455.872039094138,8.354011579818032,1108,1203,101,0,1102,1288,266784,6,0,0,6,-85
2020-06-20,US,Connecticut,Tolland,895,64,0,41.85853803,-72.3308481,9013.0,593.8124083571632,7.150837988826815,831,893,64,0,829,892,150921,2,0,0,2,1
2020-06-20,US,Connecticut,Unassigned,276,0,0,0.0,0.0,90009.0,0.0,0.0,276,273,0,0,273,270,,3,0,0,3,3
2020-06-20,US,Connecticut,Windham,575,14,0,41.82972709,-71.98182316,9015.0,492.37039954787554,2.4347826086956523,561,567,14,0,553,472,117027,8,0,0,8,95
2020-06-20,US,Delaware,Kent,1606,84,0,39.08646628,-75.56884914,10001.0,888.3431239144625,5.23038605230386,1522,1602,84,0,1518,1584,178550,4,0,0,4,18
2020-06-20,US,Delaware,New Castle,4569,197,0,39.57992638,-75.64054974,10003.0,817.7137303960783,4.311665572335303,4372,4522,196,0,4326,4470,559335,47,1,0,46,52
2020-06-20,US,Delaware,Sussex,4487,153,0,38.66143781,-75.39031349,10005.0,1915.679368128936,3.409850679741475,4334,4470,153,0,4317,4431,229286,17,0,0,17,39
2020-06-20,US,Delaware,Unassigned,19,0,0,0.0,0.0,90010.0,0.0,0.0,19,17,0,0,17,14,,2,0,0,2,3
2020-06-20,US,District of Columbia,District of Columbia,9984,531,0,38.90417773,-77.01655992,11001.0,1414.6672542221104,5.318509615384615,9453,9952,530,0,9422,9903,702455,32,1,0,31,49
2020-06-20,US,Florida,Alachua,673,11,0,29.67866525,-82.35928158,12001.0,250.1458874603688,1.6344725111441307,662,633,11,0,622,600,269956,40,0,0,40,33
2020-06-20,US,Florida,Baker,39,4,0,30.33060121,-82.28467476,12003.0,133.51591920575146,10.256410256410255,35,39,4,0,35,35,28355,0,0,0,0,4
2020-06-20,US,Florida,Bay,188,4,0,30.26548745,-85.62122584,12005.0,107.6099710941301,2.127659574468085,184,175,4,0,171,167,185287,13,0,0,13,8
2020-06-20,US,Florida,Bradford,61,2,0,29.95079741,-82.16611613,12007.0,216.3043863692777,3.278688524590164,59,58,2,0,56,56,27732,3,0,0,3,2
2020-06-20,US,Florida,Brevard,817,16,0,28.29409504,-80.73091022,12009.0,135.72736243691253,1.9583843329253363,801,748,16,0,732,688,596849,69,0,0,69,60
2020-06-20,US,Florida,Broward,10837,370,0,26.15184651,-80.48725556,12011.0,554.9529951689337,3.4142290301744027,10467,10448,367,0,10081,10111,1951260,389,3,0,386,337
2020-06-20,US,Florida,Calhoun,68,6,0,30.40666734,-85.19394153,12013.0,482.09854661467557,8.823529411764708,62,65,5,0,60,65,14587,3,1,0,2,0
2020-06-20,US,Florida,Charlotte,581,75,0,26.90131002,-81.92949121,12015.0,307.5538616272299,12.908777969018931,506,570,75,0,495,553,184998,11,0,0,11,17
2020-06-20,US,Florida,Citrus,183,12,0,28.84804315,-82.47614748,12017.0,122.27961271440692,6.557377049180328,171,168,12,0,156,162,147929,15,0,0,15,6
2020-06-20,US,Florida,Clay,481,32,0,29.98319144,-81.85609986,12019.0,219.38226333169135,6.652806652806653,449,468,32,0,436,456,216072,13,0,0,13,12
2020-06-20,US,Florida,Collier,3097,64,0,26.11091986,-81.34687065,12021.0,804.6203968802447,2.0665159832095576,3033,2992,61,0,2931,2883,378488,105,3,0,102,109
2020-06-20,US,Florida,Columbia,219,3,0,30.22509788,-82.62160164,12023.0,305.4989816700611,1.3698630136986298,216,205,3,0,202,205,70503,14,0,0,14,0
2020-06-20,US,Florida,DeSoto,439,10,0,27.18677893,-81.80941373,12027.0,1155.2327570327095,2.277904328018223,429,431,10,0,421,412,37489,8,0,0,8,19
2020-06-20,US,Florida,Dixie,61,3,0,29.60631086,-83.15724673,12029.0,362.5341733032212,4.918032786885246,58,61,3,0,58,60,16700,0,0,0,0,1
2020-06-20,US,Florida,Duval,2695,60,0,30.33225875,-81.66976468,12031.0,281.3872023638613,2.2263450834879412,2635,2484,60,0,2424,2309,950181,211,0,0,211,175
2020-06-20,US,Florida,Escambia,1170,41,0,30.67652764,-87.37284571,12033.0,367.55928071476137,3.5042735042735043,1129,1127,41,0,1086,1089,315534,43,0,0,43,38
2020-06-20,US,Florida,Flagler,224,5,0,29.45933576,-81.31508595,12035.0,194.64551055343628,2.232142857142857,219,216,5,0,211,216,112067,8,0,0,8,0
2020-06-20,US,Florida,Franklin,2,0,0,29.83791238,-84.82731662,12037.0,16.49484536082474,0.0,2,2,0,0,2,2,11736,0,0,0,0,0
2020-06-20,US,Florida,Gadsden,322,6,0,30.57796289,-84.61915825,12039.0,705.2124397722296,1.8633540372670807,316,319,6,0,313,316,45894,3,0,0,3,3
2020-06-20,US,Florida,Gilchrist,75,0,0,29.72856978,-82.79880657,12041.0,403.61640297061666,0.0,75,75,0,0,75,74,18256,0,0,0,0,1
2020-06-20,US,Florida,Glades,121,1,0,26.95635849,-81.18996211,12043.0,876.1132430671204,0.8264462809917356,120,121,1,0,120,121,13724,0,0,0,0,0
2020-06-20,US,Florida,Gulf,11,0,0,29.93543004,-85.24270990000002,12045.0,80.65107412566906,0.0,11,11,0,0,11,11,16164,0,0,0,0,0
2020-06-20,US,Florida,Hamilton,287,2,0,30.49673973,-82.94998918,12047.0,1989.187690601608,0.6968641114982579,285,285,2,0,283,281,14310,2,0,0,2,4
2020-06-20,US,Florida,Hardee,272,1,0,27.49293939,-81.80956574,12049.0,1009.7635222927572,0.36764705882352944,271,244,1,0,243,228,27245,28,0,0,28,16
2020-06-20,US,Florida,Hendry,747,22,0,26.55386945,-81.16469006,12051.0,1777.6402836609395,2.9451137884872827,725,724,22,0,702,700,41556,23,0,0,23,24
2020-06-20,US,Florida,Hernando,171,5,0,28.55364461,-82.42700204,12053.0,88.18069306930694,2.9239766081871346,166,158,5,0,153,151,190865,13,0,0,13,7
2020-06-20,US,Florida,Highlands,215,9,0,27.34254618,-81.34071957,12055.0,202.40818670507718,4.186046511627906,206,206,9,0,197,200,105424,9,0,0,9,6
2020-06-20,US,Florida,Hillsborough,5319,114,0,27.9276559,-82.32013172,12057.0,361.35296419487383,2.143260011280316,5205,4982,109,0,4873,4610,1436888,337,5,0,332,372
2020-06-20,US,Florida,Holmes,47,0,0,30.86747479,-85.81319222,12059.0,239.58811235153183,0.0,47,45,0,0,45,33,19477,2,0,0,2,12
2020-06-20,US,Florida,Indian River,369,14,0,27.69308961,-80.60556721,12061.0,230.73604172007782,3.794037940379404,355,317,13,0,304,284,157413,52,1,0,51,33
2020-06-20,US,Florida,Jackson,330,2,0,30.7954597,-85.21500423,12063.0,710.9923729909079,0.6060606060606061,328,329,2,0,327,327,48305,1,0,0,1,2
2020-06-20,US,Florida,Jefferson,36,4,0,30.43669112,-83.89442308,12065.0,252.70251298610137,11.111111111111109,32,36,4,0,32,36,14288,0,0,0,0,0
2020-06-20,US,Florida,Lafayette,18,0,0,29.98484137,-83.18166636,12067.0,213.72595582996914,0.0,18,18,0,0,18,16,8732,0,0,0,0,2
2020-06-20,US,Florida,Lake,671,19,0,28.76202069,-81.7125123,12069.0,182.77502056559467,2.8315946348733236,652,646,19,0,627,583,356495,25,0,0,25,63
2020-06-20,US,Florida,Lee,3556,143,0,26.58410348,-81.88399313,12071.0,461.4723771926751,4.021372328458942,3413,3475,139,0,3336,3354,754610,81,4,0,77,121
2020-06-20,US,Florida,Leon,557,8,0,30.45955727,-84.27491114,12073.0,189.7255281318337,1.4362657091561941,549,508,8,0,500,495,292502,49,0,0,49,13
2020-06-20,US,Florida,Levy,137,1,0,29.31829741,-82.74007147,12075.0,330.09661952148036,0.7299270072992701,136,137,1,0,136,132,40770,0,0,0,0,5
2020-06-20,US,Florida,Liberty,220,1,0,30.23766008,-84.8829258,12077.0,2633.4689968877187,0.4545454545454545,219,220,1,0,219,220,8457,0,0,0,0,0
2020-06-20,US,Florida,Madison,109,3,0,30.44396917,-83.47398594,12079.0,589.412210025415,2.7522935779816518,106,98,3,0,95,93,18529,11,0,0,11,5
2020-06-20,US,Florida,Manatee,1786,126,0,27.47196942,-82.31831044,12081.0,442.89813095004865,7.054871220604702,1660,1649,124,0,1525,1548,394855,137,2,0,135,101
2020-06-20,US,Florida,Marion,389,10,0,29.21227113,-82.05803627,12083.0,106.40654961034414,2.570694087403599,379,365,10,0,355,345,359977,24,0,0,24,20
2020-06-20,US,Florida,Martin,1460,20,0,27.0772071,-80.43109784,12085.0,906.8322981366459,1.3698630136986298,1440,1421,19,0,1402,1324,160912,39,1,0,38,97
2020-06-20,US,Florida,Miami-Dade,25080,874,0,25.6112362,-80.55170587,12086.0,923.0973080009128,3.484848484848485,24206,24376,864,0,23512,23854,2761581,704,10,0,694,522
2020-06-20,US,Florida,Monroe,158,4,0,25.20904673,-81.07812416,12087.0,212.85768173734982,2.5316455696202533,154,150,4,0,146,146,75027,8,0,0,8,4
2020-06-20,US,Florida,Nassau,111,1,0,30.61037141,-81.80297522,12089.0,125.24682651622005,0.9009009009009008,110,101,1,0,100,97,85832,10,0,0,10,4
2020-06-20,US,Florida,Okaloosa,398,6,0,30.69143028,-86.59267105,12091.0,188.8601011682753,1.5075376884422111,392,391,6,0,385,366,207269,7,0,0,7,25
2020-06-20,US,Florida,Okeechobee,240,0,0,27.386336199999995,-80.88944347,12093.0,569.1519635742742,0.0,240,230,0,0,230,207,41537,10,0,0,10,23
2020-06-20,US,Florida,Orange,4569,48,0,28.51367621,-81.31799498,12095.0,327.8907346647032,1.0505581089954041,4521,4274,48,0,4226,3900,1380645,295,0,0,295,374
2020-06-20,US,Florida,Osceola,1007,23,0,28.06312234,-81.14882926,12097.0,267.9966254248159,2.284011916583913,984,960,23,0,937,926,367990,47,0,0,47,34
2020-06-20,US,Florida,Palm Beach,10506,468,0,26.64676272,-80.46536002,12099.0,701.9114493208708,4.454597372929753,10038,10116,464,0,9652,9854,1485941,390,4,0,386,262
2020-06-20,US,Florida,Pasco,750,17,0,28.30810945,-82.40227529,12101.0,135.39201403744403,2.2666666666666666,733,686,16,0,670,627,539630,64,1,0,63,59
2020-06-20,US,Florida,Pinellas,3438,114,0,27.93130349,-82.72239666,12103.0,352.6168312485385,3.3158813263525304,3324,3153,113,0,3040,2887,975280,285,1,0,284,266
2020-06-20,US,Florida,Polk,1970,78,0,27.95027105,-81.69732947,12105.0,271.80774224347624,3.9593908629441614,1892,1856,77,0,1779,1702,708009,114,1,0,113,154
2020-06-20,US,Florida,Putnam,221,6,0,29.60779729,-81.74230285,12107.0,296.56070101045344,2.7149321266968327,215,213,6,0,207,209,74163,8,0,0,8,4
2020-06-20,US,Florida,Santa Rosa,342,9,0,30.69341450000001,-87.02458128,12113.0,185.55392186118183,2.631578947368421,333,330,9,0,321,319,179349,12,0,0,12,11
2020-06-20,US,Florida,Sarasota,926,94,0,27.18546175,-82.33174248,12115.0,213.49096928588887,10.151187904967603,832,868,92,0,776,833,426718,58,2,0,56,35
2020-06-20,US,Florida,Seminole,1189,14,0,28.7158582,-81.24060348,12117.0,251.99967784734204,1.1774600504625736,1175,1101,14,0,1087,976,467832,88,0,0,88,125
2020-06-20,US,Florida,St. Johns,433,7,0,29.90096506,-81.43589967,12109.0,163.59871841373473,1.6166281755196306,426,398,7,0,391,365,254261,35,0,0,35,33
2020-06-20,US,Florida,St. Lucie,1169,41,0,27.37763908,-80.47106649,12111.0,356.08001291513483,3.5072711719418312,1128,1131,40,0,1091,1057,321128,38,1,0,37,74
2020-06-20,US,Florida,Sumter,282,17,0,28.70181754,-82.0794267,12119.0,212.95876755777076,6.028368794326241,265,277,17,0,260,270,128754,5,0,0,5,7
2020-06-20,US,Florida,Suwannee,252,18,0,30.19746066,-82.99099670000003,12121.0,567.3503388342301,7.142857142857142,234,229,18,0,211,224,44191,23,0,0,23,5
2020-06-20,US,Florida,Taylor,63,0,0,30.04848048,-83.60445406,12123.0,292.0858639714405,0.0,63,62,0,0,62,62,21623,1,0,0,1,0
2020-06-20,US,Florida,Unassigned,117,0,0,0.0,0.0,90012.0,0.0,0.0,117,113,0,0,113,110,,4,0,0,4,3
2020-06-20,US,Florida,Union,40,2,0,30.04412971,-82.37497443,12125.0,262.5188685436766,5.0,38,39,2,0,37,38,14940,1,0,0,1,1
2020-06-20,US,Florida,Volusia,1168,53,0,29.05858895,-81.18263252,12127.0,211.10315859486263,4.537671232876712,1115,1117,53,0,1064,1057,547538,51,0,0,51,60
2020-06-20,US,Florida,Wakulla,38,1,0,30.16548905,-84.39895211,12129.0,112.6293014019384,2.631578947368421,37,37,1,0,36,37,32461,1,0,0,1,0
2020-06-20,US,Florida,Walton,174,9,0,30.64204028,-86.16935664,12131.0,234.9097487545733,5.172413793103448,165,165,9,0,156,157,71375,9,0,0,9,8
2020-06-20,US,Florida,Washington,96,11,0,30.61359259,-85.66002461,12133.0,376.86962666352616,11.458333333333336,85,96,11,0,85,95,24880,0,0,0,0,1
2020-06-20,US,Georgia,Appling,216,13,0,31.74847232,-82.28909114,13001.0,1174.8069183074076,6.018518518518517,203,214,13,0,201,208,18507,2,0,0,2,6
2020-06-20,US,Georgia,Atkinson,90,2,0,31.29633502,-82.87545866,13003.0,1102.2657685241886,2.2222222222222223,88,89,2,0,87,83,8297,1,0,0,1,6
2020-06-20,US,Georgia,Bacon,194,4,0,31.55456473,-82.45936528,13005.0,1737.7284127552848,2.061855670103093,190,194,3,0,191,186,11185,0,1,0,-1,8
2020-06-20,US,Georgia,Baker,36,3,0,31.32669878,-84.44218806,13007.0,1184.990125082291,8.333333333333334,33,36,3,0,33,36,3092,0,0,0,0,0
2020-06-20,US,Georgia,Baldwin,441,33,0,33.06882326,-83.24701748,13009.0,982.4014257072844,7.482993197278912,408,435,33,0,402,433,44823,6,0,0,6,2
2020-06-20,US,Georgia,Banks,114,0,0,34.35607081,-83.49644388,13011.0,592.7004263283768,0.0,114,113,0,0,113,111,18988,1,0,0,1,2
2020-06-20,US,Georgia,Barrow,415,25,0,33.99148694,-83.71436292,13013.0,498.5583853916386,6.024096385542169,390,414,25,0,389,409,80809,1,0,0,1,5
2020-06-20,US,Georgia,Bartow,587,39,0,34.23732119,-84.83887523,13015.0,544.8402606322746,6.6439522998296425,548,583,39,0,544,573,106408,4,0,0,4,10
2020-06-20,US,Georgia,Ben Hill,119,1,0,31.76095874,-83.22145359,13017.0,712.5748502994012,0.8403361344537815,118,117,1,0,116,113,16787,2,0,0,2,4
2020-06-20,US,Georgia,Berrien,89,0,0,31.27590016,-83.22529920000002,13019.0,458.83384028458016,0.0,89,86,0,0,86,83,19252,3,0,0,3,3
2020-06-20,US,Georgia,Bibb,597,37,0,32.80904227,-83.70489165,13021.0,389.79100150823655,6.197654941373536,560,590,37,0,553,583,153095,7,0,0,7,7
2020-06-20,US,Georgia,Bleckley,54,1,0,32.43829035,-83.33035166,13023.0,419.4826380797017,1.851851851851852,53,54,1,0,53,53,12838,0,0,0,0,1
2020-06-20,US,Georgia,Brantley,73,2,0,31.19576557,-81.97743999,13025.0,382.0189439531111,2.7397260273972597,71,73,2,0,71,72,18897,0,0,0,0,1
2020-06-20,US,Georgia,Brooks,112,11,0,30.83922642,-83.58303423,13027.0,724.5908002846606,9.821428571428571,101,109,11,0,98,106,15513,3,0,0,3,3
2020-06-20,US,Georgia,Bryan,94,5,0,32.00979311,-81.44002948,13029.0,237.2120019178843,5.319148936170213,89,94,5,0,89,90,38109,0,0,0,0,4
2020-06-20,US,Georgia,Bulloch,147,3,0,32.39577406,-81.74811421,13031.0,184.6548085619536,2.0408163265306123,144,139,3,0,136,119,77296,8,0,0,8,20
2020-06-20,US,Georgia,Burke,132,6,0,33.05917989,-81.99928721,13033.0,589.733279721217,4.545454545454546,126,132,6,0,126,128,22423,0,0,0,0,4
2020-06-20,US,Georgia,Butts,246,32,0,33.283094500000004,-83.95435040000002,13035.0,986.5255052935516,13.008130081300811,214,250,32,0,218,248,24193,-4,0,0,-4,2
2020-06-20,US,Georgia,Calhoun,157,6,0,31.53169785,-84.62725131,13037.0,2536.758765551785,3.8216560509554136,151,155,6,0,149,154,6352,2,0,0,2,1
2020-06-20,US,Georgia,Camden,92,1,0,30.92951916,-81.66601818,13039.0,168.29473530165,1.0869565217391304,91,81,1,0,80,76,53677,11,0,0,11,5
2020-06-20,US,Georgia,Candler,21,0,0,32.40209349,-82.07702563,13043.0,194.3904470980283,0.0,21,20,0,0,20,19,10836,1,0,0,1,1
2020-06-20,US,Georgia,Carroll,622,39,0,33.58138199,-85.07976677,13045.0,518.3678911927461,6.270096463022507,583,627,40,0,587,621,118121,-5,-1,0,-4,6
2020-06-20,US,Georgia,Catoosa,275,6,0,34.89872298,-85.13757014,13047.0,406.92512577685693,2.1818181818181817,269,272,6,0,266,256,67420,3,0,0,3,16
2020-06-20,US,Georgia,Charlton,38,2,0,30.78371028,-82.13951596,13049.0,283.7514934289128,5.2631578947368425,36,38,2,0,36,36,12968,0,0,0,0,2
2020-06-20,US,Georgia,Chatham,760,32,0,32.00043026,-81.12489526,13051.0,262.58508102131776,4.2105263157894735,728,743,32,0,711,685,289195,17,0,0,17,58
2020-06-20,US,Georgia,Chattahoochee,312,1,0,32.34341231,-84.78809239,13053.0,2860.5482717520863,0.3205128205128205,311,305,1,0,304,305,10684,7,0,0,7,0
2020-06-20,US,Georgia,Chattooga,49,2,0,34.47197698,-85.34535662,13055.0,197.66832062608412,4.081632653061225,47,49,2,0,47,46,24790,0,0,0,0,3
2020-06-20,US,Georgia,Cherokee,1093,39,0,34.24393976,-84.47431861,13057.0,422.3779142337106,3.568161024702653,1054,1079,39,0,1040,1064,254149,14,0,0,14,15
2020-06-20,US,Georgia,Clarke,376,15,0,33.95436462,-83.37124007,13059.0,292.99234012046975,3.98936170212766,361,374,15,0,359,363,127330,2,0,0,2,11
2020-06-20,US,Georgia,Clay,56,2,0,31.62221166,-84.97713865,13061.0,1976.0056457304165,3.571428571428572,54,56,2,0,54,55,2887,0,0,0,0,1
2020-06-20,US,Georgia,Clayton,1567,76,0,33.54187245,-84.35594188,13063.0,536.1737654658929,4.8500319081046595,1491,1550,76,0,1474,1518,289615,17,0,0,17,32
2020-06-20,US,Georgia,Clinch,85,2,0,30.91395822,-82.70432472,13065.0,1284.3759443940767,2.3529411764705883,83,85,2,0,83,83,6648,0,0,0,0,2
2020-06-20,US,Georgia,Cobb,3841,229,0,33.94243204,-84.5761255,13067.0,505.3009902110266,5.9619890653475665,3612,3807,229,0,3578,3751,756865,34,0,0,34,56
2020-06-20,US,Georgia,Coffee,406,15,0,31.54892966,-82.85492059999999,13069.0,938.2293809072631,3.6945812807881775,391,399,15,0,384,380,43093,7,0,0,7,19
2020-06-20,US,Georgia,Colquitt,729,17,0,31.18810588,-83.7677946,13071.0,1598.6842105263156,2.3319615912208507,712,722,17,0,705,713,45592,7,0,0,7,9
2020-06-20,US,Georgia,Columbia,339,8,0,33.54534185,-82.263524,13073.0,216.3176231861863,2.359882005899705,331,335,8,0,327,329,154291,4,0,0,4,6
2020-06-20,US,Georgia,Cook,90,1,0,31.16068491,-83.42947229,13075.0,521.1349160393746,1.1111111111111112,89,89,1,0,88,86,17162,1,0,0,1,3
2020-06-20,US,Georgia,Coweta,545,14,0,33.35334302,-84.76129976,13077.0,366.98112572302017,2.568807339449541,531,548,14,0,534,538,145864,-3,0,0,-3,10
2020-06-20,US,Georgia,Crawford,36,0,0,32.71391813,-83.98061238,13079.0,290.22895840051603,0.0,36,34,0,0,34,32,12318,2,0,0,2,2
2020-06-20,US,Georgia,Crisp,257,11,0,31.92289565,-83.76811843,13081.0,1148.757375290542,4.280155642023346,246,257,11,0,246,255,22601,0,0,0,0,2
2020-06-20,US,Georgia,Dade,59,1,0,34.854916700000004,-85.50490424,13083.0,366.09580541077185,1.6949152542372878,58,57,1,0,56,54,16226,2,0,0,2,3
2020-06-20,US,Georgia,Dawson,124,3,0,34.44244079,-84.16964071,13085.0,474.9502068331546,2.419354838709677,121,124,3,0,121,123,25083,0,0,0,0,1
2020-06-20,US,Georgia,DeKalb,4666,165,0,33.76944049,-84.22396017,13089.0,614.5157955319198,3.536219459922846,4501,4637,164,0,4473,4541,756558,29,1,0,28,96
2020-06-20,US,Georgia,Decatur,243,8,0,30.87967778,-84.57619536,13087.0,920.3151037721556,3.2921810699588483,235,242,8,0,234,239,26575,1,0,0,1,3
2020-06-20,US,Georgia,Dodge,67,2,0,32.17265114,-83.16948926,13091.0,325.16379519534087,2.985074626865672,65,62,2,0,60,62,20705,5,0,0,5,0
2020-06-20,US,Georgia,Dooly,194,12,0,32.15630737,-83.79746561,13093.0,1448.8424197162065,6.185567010309278,182,194,12,0,182,194,13706,0,0,0,0,0
2020-06-20,US,Georgia,Dougherty,1844,151,0,31.53328528,-84.21722377,13095.0,2096.502796852972,8.188720173535792,1693,1844,151,0,1693,1836,91243,0,0,0,0,8
2020-06-20,US,Georgia,Douglas,712,35,0,33.70291126,-84.77026156,13097.0,486.52822478697306,4.915730337078652,677,708,34,0,674,698,145331,4,1,0,3,10
2020-06-20,US,Georgia,Early,256,31,0,31.32155345,-84.90255207,13099.0,2512.2669283611385,12.109375,225,256,31,0,225,252,10247,0,0,0,0,4
2020-06-20,US,Georgia,Echols,172,0,0,30.71101099,-82.89687287,13101.0,4293.559660509236,0.0,172,168,0,0,168,165,4000,4,0,0,4,3
2020-06-20,US,Georgia,Effingham,96,1,0,32.36616021,-81.34280942,13103.0,149.30944382232175,1.0416666666666667,95,95,1,0,94,91,62190,1,0,0,1,4
2020-06-20,US,Georgia,Elbert,91,0,0,34.11302332,-82.83936148,13105.0,474.10649161196216,0.0,91,89,0,0,89,88,19120,2,0,0,2,1
2020-06-20,US,Georgia,Emanuel,59,2,0,32.59221302,-82.30239915,13107.0,260.5316612205246,3.3898305084745757,57,55,2,0,53,52,22612,4,0,0,4,3
2020-06-20,US,Georgia,Evans,16,0,0,32.15328841,-81.8870105,13109.0,150.17833677492018,0.0,16,15,0,0,15,12,10721,1,0,0,1,3
2020-06-20,US,Georgia,Fannin,75,1,0,34.86430205,-84.316964,13111.0,286.39071330380335,1.3333333333333333,74,74,1,0,73,73,25964,1,0,0,1,1
2020-06-20,US,Georgia,Fayette,279,16,0,33.41357794,-84.49089434,13113.0,243.8363587103766,5.734767025089606,263,278,16,0,262,271,113459,1,0,0,1,7
2020-06-20,US,Georgia,Floyd,404,15,0,34.26268279,-85.21577392,13115.0,410.1606123982213,3.712871287128713,389,399,15,0,384,387,97927,5,0,0,5,12
2020-06-20,US,Georgia,Forsyth,642,14,0,34.22604035,-84.12315129999998,13117.0,262.84329299248316,2.1806853582554515,628,638,14,0,624,627,236612,4,0,0,4,11
2020-06-20,US,Georgia,Franklin,156,1,0,34.37525597,-83.23159927,13119.0,668.1228318129256,0.6410256410256411,155,154,1,0,153,146,23023,2,0,0,2,8
2020-06-20,US,Georgia,Fulton,5444,304,0,33.79216944,-84.46319413,13121.0,511.6844324428984,5.584129316678912,5140,5400,304,0,5096,5325,1050114,44,0,0,44,75
2020-06-20,US,Georgia,Gilmer,177,2,0,34.69316688,-84.45802506,13123.0,564.2513309318117,1.1299435028248588,175,177,2,0,175,175,30816,0,0,0,0,2
2020-06-20,US,Georgia,Glascock,3,0,0,33.22879932,-82.61297636,13125.0,100.97610232245034,0.0,3,2,0,0,2,2,2995,1,0,0,1,0
2020-06-20,US,Georgia,Glynn,265,3,0,31.23279254,-81.53811412,13127.0,310.6973690381278,1.1320754716981132,262,253,3,0,250,214,85219,12,0,0,12,39
2020-06-20,US,Georgia,Gordon,287,18,0,34.50487351,-84.87296253,13129.0,495.1434535824577,6.2717770034843205,269,283,18,0,265,273,57685,4,0,0,4,10
2020-06-20,US,Georgia,Grady,162,4,0,30.87454847,-84.23418364,13131.0,657.6543660942638,2.469135802469136,158,158,4,0,154,153,24748,4,0,0,4,5
2020-06-20,US,Georgia,Greene,88,9,0,33.5769205,-83.17139104,13133.0,480.2444881030343,10.227272727272727,79,88,9,0,79,87,17698,0,0,0,0,1
2020-06-20,US,Georgia,Gwinnett,6043,162,0,33.96044201,-84.02137802,13135.0,645.4472630173565,2.6807876882343207,5881,5958,161,0,5797,5753,927781,85,1,0,84,205
2020-06-20,US,Georgia,Habersham,635,34,0,34.63331566,-83.53094677,13137.0,1400.900105894811,5.354330708661418,601,630,34,0,596,624,45388,5,0,0,5,6
2020-06-20,US,Georgia,Hall,2922,58,0,34.32207823,-83.81896936,13139.0,1429.263210412784,1.9849418206707732,2864,2901,58,0,2843,2874,202148,21,0,0,21,27
2020-06-20,US,Georgia,Hancock,203,32,0,33.2721566,-82.99766919,13141.0,2400.3783847700133,15.763546798029553,171,203,31,0,172,203,8348,0,1,0,-1,0
2020-06-20,US,Georgia,Haralson,63,4,0,33.79602175,-85.21005667,13143.0,211.46616541353387,6.349206349206349,59,62,4,0,58,62,29533,1,0,0,1,0
2020-06-20,US,Georgia,Harris,240,8,0,32.73709786,-84.90538572,13145.0,681.1215802020661,3.333333333333333,232,240,8,0,232,232,34475,0,0,0,0,8
2020-06-20,US,Georgia,Hart,48,0,0,34.34626973,-82.96567682,13147.0,183.17115054378937,0.0,48,47,0,0,47,46,26099,1,0,0,1,1
2020-06-20,US,Georgia,Heard,45,3,0,33.29686567,-85.12886832,13149.0,377.4217898179989,6.666666666666668,42,45,3,0,42,45,11879,0,0,0,0,0
2020-06-20,US,Georgia,Henry,930,31,0,33.4533428,-84.14814659999998,13151.0,396.48534922685366,3.333333333333333,899,920,31,0,889,905,230220,10,0,0,10,15
2020-06-20,US,Georgia,Houston,486,20,0,32.45802497,-83.66879087,13153.0,307.86188023792783,4.11522633744856,466,481,20,0,461,479,155469,5,0,0,5,2
2020-06-20,US,Georgia,Irwin,45,1,0,31.60213036,-83.27501387,13155.0,477.9099405267629,2.2222222222222223,44,45,1,0,44,42,9398,0,0,0,0,3
2020-06-20,US,Georgia,Jackson,297,7,0,34.13794553,-83.56814788,13157.0,406.9775408690409,2.356902356902357,290,294,7,0,287,283,70422,3,0,0,3,11
2020-06-20,US,Georgia,Jasper,61,1,0,33.31535543,-83.68844964,13159.0,429.0034460932555,1.639344262295082,60,61,1,0,60,61,14040,0,0,0,0,0
2020-06-20,US,Georgia,Jeff Davis,72,2,0,31.80405727,-82.63724870000001,13161.0,476.34799867681113,2.7777777777777777,70,71,2,0,69,66,15029,1,0,0,1,5
2020-06-20,US,Georgia,Jefferson,67,1,0,33.05867328,-82.41609057,13163.0,436.1411274573623,1.492537313432836,66,66,1,0,65,63,15430,1,0,0,1,3
2020-06-20,US,Georgia,Jenkins,72,9,0,32.79248718,-81.96040187,13165.0,829.8755186721993,12.5,63,72,9,0,63,62,8683,0,0,0,0,10
2020-06-20,US,Georgia,Johnson,80,2,0,32.70211082,-82.66166794,13167.0,829.6173390023853,2.5,78,80,2,0,78,78,9708,0,0,0,0,2
2020-06-20,US,Georgia,Jones,51,0,0,33.02512137,-83.56019163,13169.0,177.4839046459022,0.0,51,51,0,0,51,51,28616,0,0,0,0,0
2020-06-20,US,Georgia,Lamar,87,6,0,33.07841647,-84.14263877,13171.0,456.04654819940237,6.896551724137932,81,86,5,0,81,85,19000,1,1,0,0,1
2020-06-20,US,Georgia,Lanier,112,2,0,31.03828570000001,-83.06472457,13173.0,1074.5466756212222,1.7857142857142858,110,111,2,0,109,108,10340,1,0,0,1,3
2020-06-20,US,Georgia,Laurens,131,1,0,32.46325233,-82.92221316,13175.0,275.5226517477811,0.7633587786259542,130,129,1,0,128,125,47325,2,0,0,2,4
2020-06-20,US,Georgia,Lee,377,22,0,31.779330600000005,-84.14324253,13177.0,1257.001867164577,5.835543766578248,355,377,22,0,355,374,29764,0,0,0,0,3
2020-06-20,US,Georgia,Liberty,100,1,0,31.82588896,-81.49251135,13179.0,162.7736632212908,1.0,99,100,1,0,99,98,61497,0,0,0,0,2
2020-06-20,US,Georgia,Lincoln,21,1,0,33.79201475,-82.45024131,13181.0,265.1180406514329,4.761904761904762,20,19,1,0,18,18,7915,2,0,0,2,1
2020-06-20,US,Georgia,Long,28,1,0,31.75218791,-81.74952375,13183.0,143.1566030983179,3.571428571428572,27,28,1,0,27,27,18998,0,0,0,0,1
2020-06-20,US,Georgia,Lowndes,871,4,0,30.83568832,-83.27056716,13185.0,741.8700918181354,0.4592422502870264,867,844,4,0,840,813,116321,27,0,0,27,31
2020-06-20,US,Georgia,Lumpkin,118,2,0,34.57286511,-84.00425681,13187.0,351.0859863135971,1.6949152542372878,116,117,2,0,115,116,32955,1,0,0,1,1
2020-06-20,US,Georgia,Macon,112,9,0,32.35207048,-84.04234127,13193.0,865.0652660848073,8.035714285714286,103,112,8,0,104,112,13143,0,1,0,-1,0
2020-06-20,US,Georgia,Madison,77,4,0,34.12920917,-83.21218732,13195.0,257.69745649263723,5.194805194805196,73,77,4,0,73,75,29650,0,0,0,0,2
2020-06-20,US,Georgia,Marion,73,3,0,32.3483402,-84.52733571,13197.0,873.3102045699246,4.109589041095891,70,69,3,0,66,68,8351,4,0,0,4,1
2020-06-20,US,Georgia,McDuffie,78,5,0,33.47851918,-82.48252774,13189.0,365.990990990991,6.410256410256411,73,78,5,0,73,76,21531,0,0,0,0,2
2020-06-20,US,Georgia,McIntosh,23,1,0,31.49683595,-81.40163426,13191.0,159.96661566281819,4.3478260869565215,22,22,1,0,21,20,14340,1,0,0,1,2
2020-06-20,US,Georgia,Meriwether,148,2,0,33.04163534,-84.68859732,13199.0,699.2015873765766,1.351351351351351,146,144,2,0,142,139,21068,4,0,0,4,5
2020-06-20,US,Georgia,Miller,45,0,0,31.16568912,-84.73151117,13201.0,786.9884575026233,0.0,45,45,0,0,45,45,5686,0,0,0,0,0
2020-06-20,US,Georgia,Mitchell,433,38,0,31.22483255,-84.19381821,13205.0,1980.5150253853546,8.775981524249422,395,432,38,0,394,432,22192,1,0,0,1,0
2020-06-20,US,Georgia,Monroe,135,15,0,33.014289,-83.92097166,13207.0,489.52063238813554,11.111111111111109,120,135,15,0,120,135,27520,0,0,0,0,0
2020-06-20,US,Georgia,Montgomery,26,0,0,32.17201038,-82.53527476,13209.0,283.47143480157,0.0,26,24,0,0,24,24,9193,2,0,0,2,0
2020-06-20,US,Georgia,Morgan,44,0,0,33.59232073,-83.49129491,13211.0,228.26312512969497,0.0,44,44,0,0,44,42,18853,0,0,0,0,2
2020-06-20,US,Georgia,Murray,162,1,0,34.78897608,-84.74993177,13213.0,404.0303272146848,0.6172839506172839,161,163,1,0,162,155,39921,-1,0,0,-1,8
2020-06-20,US,Georgia,Muscogee,1147,34,0,32.50931999,-84.87142262,13215.0,585.894600268684,2.9642545771578033,1113,1146,34,0,1112,1113,194160,1,0,0,1,33
2020-06-20,US,Georgia,Newton,466,11,0,33.55514538,-83.84547140000002,13217.0,417.024627720504,2.360515021459228,455,466,11,0,455,452,109541,0,0,0,0,14
2020-06-20,US,Georgia,Oconee,132,10,0,33.83749973,-83.43679568,13219.0,327.70605759682223,7.575757575757576,122,131,10,0,121,131,39272,1,0,0,1,0
2020-06-20,US,Georgia,Oglethorpe,81,7,0,33.878629600000004,-83.08278123,13221.0,530.8342617471656,8.641975308641975,74,80,7,0,73,77,15054,1,0,0,1,3
2020-06-20,US,Georgia,Out of GA,3140,40,0,0.0,0.0,80013.0,0.0,1.2738853503184713,3100,2892,40,0,2852,2872,,248,0,0,248,20
2020-06-20,US,Georgia,Paulding,460,14,0,33.91969522,-84.86848792,13223.0,272.7267337416329,3.0434782608695654,446,453,14,0,439,437,164044,7,0,0,7,16
2020-06-20,US,Georgia,Peach,93,9,0,32.56934316,-83.82937,13225.0,337.6170768895665,9.677419354838712,84,92,9,0,83,92,27297,1,0,0,1,0
2020-06-20,US,Georgia,Pickens,78,5,0,34.46589159,-84.46406611,13227.0,239.32987634623055,6.410256410256411,73,78,5,0,73,75,31980,0,0,0,0,3
2020-06-20,US,Georgia,Pierce,135,4,0,31.35928155,-82.21598442,13229.0,693.5525301823787,2.962962962962963,131,134,4,0,130,132,19389,1,0,0,1,2
2020-06-20,US,Georgia,Pike,81,3,0,33.09310242,-84.38790389,13231.0,427.1701297331505,3.703703703703704,78,81,3,0,78,76,18634,0,0,0,0,5
2020-06-20,US,Georgia,Polk,178,1,0,34.00267074,-85.18677781,13233.0,417.7129045127074,0.5617977528089888,177,178,1,0,177,175,42470,0,0,0,0,3
2020-06-20,US,Georgia,Pulaski,46,2,0,32.23334561,-83.47549959999998,13235.0,413.0376223399479,4.3478260869565215,44,46,2,0,44,46,11069,0,0,0,0,0
2020-06-20,US,Georgia,Putnam,115,11,0,33.32056115,-83.37552891,13237.0,519.9150051991502,9.565217391304348,104,113,11,0,102,112,21809,2,0,0,2,1
2020-06-20,US,Georgia,Quitman,15,1,0,31.86728114,-85.01773177,13239.0,652.4575902566334,6.666666666666668,14,15,1,0,14,15,2279,0,0,0,0,0
2020-06-20,US,Georgia,Rabun,35,4,0,34.88389445,-83.40304637,13241.0,204.2364474528797,11.428571428571427,31,33,4,0,29,33,16867,2,0,0,2,0
2020-06-20,US,Georgia,Randolph,194,23,0,31.76622818,-84.75732369,13243.0,2862.2012393036293,11.855670103092784,171,194,23,0,171,193,6833,0,0,0,0,1
2020-06-20,US,Georgia,Richmond,740,42,0,33.35777107,-82.07026432,13245.0,365.3996187993166,5.6756756756756745,698,736,42,0,694,711,201554,4,0,0,4,25
2020-06-20,US,Georgia,Rockdale,362,9,0,33.65145002,-84.02202167,13247.0,398.25734905826437,2.4861878453038675,353,359,9,0,350,353,90594,3,0,0,3,6
2020-06-20,US,Georgia,Schley,21,1,0,32.2654021,-84.31258912,13249.0,399.4673768308922,4.761904761904762,20,21,1,0,20,20,5236,0,0,0,0,1
2020-06-20,US,Georgia,Screven,75,4,0,32.74976524,-81.60779441,13251.0,537.0184734354863,5.333333333333333,71,74,4,0,70,71,13938,1,0,0,1,3
2020-06-20,US,Georgia,Seminole,48,2,0,30.93464824,-84.86823924,13253.0,593.3250927070458,4.166666666666667,46,48,2,0,46,48,8315,0,0,0,0,0
2020-06-20,US,Georgia,Spalding,337,31,0,33.26310031,-84.28013991,13255.0,505.22465256435237,9.19881305637982,306,338,31,0,307,336,66100,-1,0,0,-1,2
2020-06-20,US,Georgia,Stephens,165,5,0,34.55151201,-83.29405315,13257.0,636.4513018322083,3.0303030303030303,160,163,5,0,158,160,26035,2,0,0,2,3
2020-06-20,US,Georgia,Stewart,82,1,0,32.07996777,-84.83208037,13259.0,1238.483612747319,1.2195121951219512,81,82,1,0,81,71,6199,0,0,0,0,11
2020-06-20,US,Georgia,Sumter,532,49,0,32.03650571,-84.19821492,13261.0,1801.9238585557514,9.210526315789474,483,531,49,0,482,529,29733,1,0,0,1,2
2020-06-20,US,Georgia,Talbot,57,2,0,32.69642758,-84.53351366,13263.0,920.0968523002423,3.5087719298245608,55,53,2,0,51,53,6272,4,0,0,4,0
2020-06-20,US,Georgia,Taliaferro,2,0,0,33.56543317,-82.88136816,13265.0,130.1236174365647,0.0,2,2,0,0,2,2,1608,0,0,0,0,0
2020-06-20,US,Georgia,Tattnall,80,0,0,32.04785085,-82.05539188,13267.0,316.38060586886024,0.0,80,77,0,0,77,69,25391,3,0,0,3,8
2020-06-20,US,Georgia,Taylor,27,2,0,32.55792548,-84.25077141,13269.0,336.65835411471323,7.407407407407407,25,27,2,0,25,27,8039,0,0,0,0,0
2020-06-20,US,Georgia,Telfair,63,2,0,31.92829517,-82.93491155,13271.0,397.2257250945776,3.1746031746031744,61,63,2,0,61,61,15876,0,0,0,0,2
2020-06-20,US,Georgia,Terrell,217,27,0,31.77527543,-84.44069698,13273.0,2543.664283202438,12.442396313364055,190,217,27,0,190,217,8611,0,0,0,0,0
2020-06-20,US,Georgia,Thomas,371,33,0,30.86392347,-83.91847289,13275.0,834.6268925333513,8.894878706199462,338,368,33,0,335,366,44448,3,0,0,3,2
2020-06-20,US,Georgia,Tift,513,25,0,31.45743864,-83.5236119,13277.0,1262.178919397697,4.8732943469785575,488,494,25,0,469,462,40571,19,0,0,19,32
2020-06-20,US,Georgia,Toombs,143,5,0,32.12059861,-82.32957247,13279.0,532.9854640327992,3.4965034965034967,138,141,5,0,136,137,26887,2,0,0,2,4
2020-06-20,US,Georgia,Towns,36,1,0,34.91369188,-83.74107459999998,13281.0,299.077843316441,2.7777777777777777,35,35,1,0,34,35,11852,1,0,0,1,0
2020-06-20,US,Georgia,Treutlen,19,1,0,32.40422134,-82.56904553,13283.0,275.3224170410086,5.2631578947368425,18,18,1,0,17,17,6809,1,0,0,1,1
2020-06-20,US,Georgia,Troup,947,26,0,33.03349196,-85.02812115,13285.0,1354.3662938703126,2.7455121436114043,921,922,25,0,897,863,70034,25,1,0,24,59
2020-06-20,US,Georgia,Turner,166,16,0,31.71612656,-83.62069378,13287.0,2078.897933625548,9.63855421686747,150,165,16,0,149,161,7912,1,0,0,1,4
2020-06-20,US,Georgia,Twiggs,23,1,0,32.67435595,-83.43078662,13289.0,283.25123152709364,4.3478260869565215,22,23,1,0,22,22,8188,0,0,0,0,1
2020-06-20,US,Georgia,Unassigned,1850,1,0,0.0,0.0,90013.0,0.0,0.054054054054054064,1849,886,2,0,884,1147,,964,-1,0,965,-261
2020-06-20,US,Georgia,Union,56,3,0,34.82995757,-83.98967069,13291.0,228.46885072008487,5.357142857142857,53,56,3,0,53,56,24001,0,0,0,0,0
2020-06-20,US,Georgia,Upson,319,43,0,32.87920671,-84.30024826,13293.0,1212.0060790273556,13.47962382445141,276,312,43,0,269,309,26215,7,0,0,7,3
2020-06-20,US,Georgia,Walker,283,5,0,34.73376362,-85.30165174,13295.0,405.67079026963484,1.7667844522968197,278,276,5,0,271,269,69410,7,0,0,7,7
2020-06-20,US,Georgia,Walton,343,25,0,33.78017694,-83.73552314,13297.0,362.6061125030394,7.288629737609329,318,343,25,0,318,340,93503,0,0,0,0,3
2020-06-20,US,Georgia,Ware,309,15,0,31.05449097,-82.42224148,13299.0,864.7226730844574,4.854368932038835,294,307,15,0,292,301,35680,2,0,0,2,6
2020-06-20,US,Georgia,Warren,19,0,0,33.41146451,-82.67795848,13301.0,361.6292348686714,0.0,19,19,0,0,19,19,5251,0,0,0,0,0
2020-06-20,US,Georgia,Washington,79,1,0,32.96711864,-82.79357039,13303.0,387.74909197997454,1.2658227848101269,78,77,1,0,76,77,20386,2,0,0,2,0
2020-06-20,US,Georgia,Wayne,44,0,0,31.5521809,-81.91894878,13305.0,147.02442610351855,0.0,44,44,0,0,44,44,29808,0,0,0,0,0
2020-06-20,US,Georgia,Webster,17,1,0,32.04066113,-84.54742852,13307.0,652.0905255082472,5.882352941176472,16,17,1,0,16,17,2611,0,0,0,0,0
2020-06-20,US,Georgia,Wheeler,35,0,0,32.12009104,-82.72574721,13309.0,445.5760661998727,0.0,35,34,0,0,34,33,7879,1,0,0,1,1
2020-06-20,US,Georgia,White,129,4,0,34.64624278,-83.74905525,13311.0,418.8583674264562,3.1007751937984502,125,128,4,0,124,125,29970,1,0,0,1,3
2020-06-20,US,Georgia,Whitfield,741,10,0,34.80987459,-84.96093476,13313.0,708.223420116986,1.349527665317139,731,726,10,0,716,692,104062,15,0,0,15,34
2020-06-20,US,Georgia,Wilcox,121,15,0,31.97496928,-83.43438555,13315.0,1401.2738853503186,12.396694214876034,106,120,15,0,105,120,8812,1,0,0,1,0
2020-06-20,US,Georgia,Wilkes,43,1,0,33.78290391,-82.74286107,13317.0,439.80771197708907,2.3255813953488373,42,43,1,0,42,42,9876,0,0,0,0,1
2020-06-20,US,Georgia,Wilkinson,73,7,0,32.80291082,-83.17140684,13319.0,815.2780880053607,9.58904109589041,66,74,7,0,67,74,9036,-1,0,0,-1,0
2020-06-20,US,Georgia,Worth,282,21,0,31.55162306,-83.85090513,13321.0,1392.7989331752854,7.446808510638298,261,278,21,0,257,270,20299,4,0,0,4,8
2020-06-20,US,Hawaii,Hawaii,83,0,0,19.60121157,-155.5210167,15001.0,41.18840968076501,0.0,83,83,0,0,83,83,200983,0,0,0,0,0
2020-06-20,US,Hawaii,Honolulu,551,11,0,21.45803166,-157.97121819999995,15003.0,56.53816120661261,1.996370235934664,540,551,11,0,540,526,980080,0,0,0,0,25
2020-06-20,US,Hawaii,Kauai,22,0,0,22.03935037,-159.5966786,15007.0,30.431715380465608,0.0,22,22,0,0,22,21,72133,0,0,0,0,1
2020-06-20,US,Hawaii,Maui,121,6,0,20.86399628,-156.56890969999995,15009.0,72.2746196622804,4.958677685950414,115,121,6,0,115,120,167207,0,0,0,0,1
2020-06-20,US,Hawaii,Out of HI,12,0,0,0.0,0.0,80015.0,0.0,0.0,12,12,0,0,12,12,,0,0,0,0,0
2020-06-20,US,Idaho,Ada,1166,22,0,43.4526575,-116.24155159999998,16001.0,242.11617007934186,1.8867924528301887,1144,1100,22,0,1078,1043,469966,66,0,0,66,57
2020-06-20,US,Idaho,Adams,9,0,0,44.89333571,-116.4545247,16003.0,209.59478341872384,0.0,9,9,0,0,9,9,4250,0,0,0,0,0
2020-06-20,US,Idaho,Bannock,79,1,0,42.67002716,-112.2233311,16005.0,89.96902332361515,1.2658227848101269,78,77,1,0,76,74,87138,2,0,0,2,3
2020-06-20,US,Idaho,Benewah,21,0,0,47.21754179,-116.6586851,16009.0,225.85502258550227,0.0,21,21,0,0,21,20,9226,0,0,0,0,1
2020-06-20,US,Idaho,Bingham,30,0,0,43.21672879999999,-112.3978437,16011.0,64.08750080109375,0.0,30,27,0,0,27,27,46236,3,0,0,3,0
2020-06-20,US,Idaho,Blaine,519,5,0,43.4085812,-113.9752658,16013.0,2254.463316102689,0.9633911368015414,514,518,5,0,513,517,22601,1,0,0,1,1
2020-06-20,US,Idaho,Bonner,12,0,0,48.29996017,-116.6017932,16017.0,26.235816261833445,0.0,12,11,0,0,11,10,44727,1,0,0,1,1
2020-06-20,US,Idaho,Bonneville,93,1,0,43.38713372,-111.6161537,16019.0,78.11056424383933,1.075268817204301,92,91,1,0,90,91,116854,2,0,0,2,0
2020-06-20,US,Idaho,Camas,1,0,0,43.46665742,-114.8065892,16025.0,90.41591320072331,0.0,1,1,0,0,1,1,1127,0,0,0,0,0
2020-06-20,US,Idaho,Canyon,433,6,0,43.61970148,-116.7095499,16027.0,188.38454811637212,1.3856812933025404,427,403,6,0,397,376,223499,30,0,0,30,27
2020-06-20,US,Idaho,Caribou,8,0,0,42.77149116,-111.5597683,16029.0,111.80992313067786,0.0,8,8,0,0,8,8,7060,0,0,0,0,0
2020-06-20,US,Idaho,Cassia,167,1,0,42.28347888,-113.6012409,16031.0,694.9646275488973,0.5988023952095808,166,163,1,0,162,158,23864,4,0,0,4,5
2020-06-20,US,Idaho,Custer,2,0,0,44.24186819,-114.2855494,16037.0,46.349942062572424,0.0,2,2,0,0,2,2,4280,0,0,0,0,0
2020-06-20,US,Idaho,Elmore,39,2,0,43.3507101,-115.4701578,16039.0,141.7614772272909,5.128205128205129,37,38,2,0,36,37,27259,1,0,0,1,1
2020-06-20,US,Idaho,Franklin,19,0,0,42.18332217,-111.8149666,16041.0,136.9270683194004,0.0,19,18,0,0,18,17,13726,1,0,0,1,1
2020-06-20,US,Idaho,Fremont,4,0,0,44.22800938,-111.4809943,16043.0,30.536682189480114,0.0,4,4,0,0,4,4,13168,0,0,0,0,0
2020-06-20,US,Idaho,Gem,18,0,0,44.06482372,-116.398376,16045.0,99.38162544169613,0.0,18,17,0,0,17,17,17634,1,0,0,1,0
2020-06-20,US,Idaho,Gooding,61,1,0,42.96927962,-114.8108306,16047.0,401.8710059951249,1.639344262295082,60,60,1,0,59,60,15196,1,0,0,1,0
2020-06-20,US,Idaho,Idaho,3,0,0,45.84721541,-115.4634436,16049.0,17.999640007199854,0.0,3,3,0,0,3,3,16513,0,0,0,0,0
2020-06-20,US,Idaho,Jefferson,12,0,0,43.82078483,-112.3131749,16051.0,40.17274279401426,0.0,12,11,0,0,11,11,29439,1,0,0,1,0
2020-06-20,US,Idaho,Jerome,216,3,0,42.68891267,-114.2655033,16053.0,884.8107488120596,1.3888888888888888,213,216,3,0,213,216,24015,0,0,0,0,0
2020-06-20,US,Idaho,Kootenai,122,1,0,47.67282258,-116.7020872,16055.0,73.62836985582115,0.819672131147541,121,115,1,0,114,107,161505,7,0,0,7,8
2020-06-20,US,Idaho,Latah,8,0,0,46.81587887,-116.7113698,16057.0,19.94614540740002,0.0,8,8,0,0,8,8,40134,0,0,0,0,0
2020-06-20,US,Idaho,Lemhi,2,0,0,44.9438088,-113.9309747,16059.0,24.915908807773768,0.0,2,2,0,0,2,2,7961,0,0,0,0,0
2020-06-20,US,Idaho,Lincoln,35,0,0,43.0012336,-114.1358773,16063.0,652.2549385016772,0.0,35,35,0,0,35,35,5360,0,0,0,0,0
2020-06-20,US,Idaho,Madison,30,0,0,43.78141028,-111.65384740000002,16065.0,75.17478136667751,0.0,30,30,0,0,30,30,39304,0,0,0,0,0
2020-06-20,US,Idaho,Minidoka,115,0,0,42.85518524,-113.6357257,16067.0,546.6039260421122,0.0,115,115,0,0,115,113,20825,0,0,0,0,2
2020-06-20,US,Idaho,Nez Perce,84,19,0,46.32638236,-116.7500975,16069.0,207.87962779647597,22.619047619047624,65,84,19,0,65,84,40408,0,0,0,0,0
2020-06-20,US,Idaho,Owyhee,27,0,0,42.58016894,-116.1693871,16073.0,228.3684344075108,0.0,27,22,0,0,22,20,11693,5,0,0,5,2
2020-06-20,US,Idaho,Payette,43,2,0,44.00545243,-116.7647695,16075.0,179.53321364452424,4.651162790697675,41,40,2,0,38,32,23551,3,0,0,3,8
2020-06-20,US,Idaho,Power,14,0,0,42.69254894,-112.83957420000002,16077.0,182.26793386277828,0.0,14,14,0,0,14,14,7768,0,0,0,0,0
2020-06-20,US,Idaho,Teton,14,0,0,43.75303583,-111.2056773,16081.0,115.30225662987976,0.0,14,14,0,0,14,12,11640,0,0,0,0,2
2020-06-20,US,Idaho,Twin Falls,511,25,0,42.35440512,-114.6685381,16083.0,588.1811275581849,4.892367906066537,486,507,25,0,482,504,86081,4,0,0,4,3
2020-06-20,US,Idaho,Valley,3,0,0,44.76728382,-115.5676773,16085.0,26.33426966292135,0.0,3,3,0,0,3,3,11041,0,0,0,0,0
2020-06-20,US,Idaho,Washington,84,0,0,44.45275475,-116.7847688,16087.0,824.014125956445,0.0,84,84,0,0,84,78,10161,0,0,0,0,6
2020-06-20,US,Illinois,Adams,48,1,0,39.98815591,-91.18786813,17001.0,73.35523802246504,2.083333333333333,47,47,1,0,46,46,65691,1,0,0,1,1
2020-06-20,US,Illinois,Alexander,20,0,0,37.18049267,-89.32910838,17003.0,347.16195105016493,0.0,20,18,0,0,18,18,6060,2,0,0,2,0
2020-06-20,US,Illinois,Bond,12,1,0,38.88829622,-89.43534887,17005.0,73.0549129428954,8.333333333333334,11,12,1,0,11,12,16630,0,0,0,0,0
2020-06-20,US,Illinois,Boone,554,20,0,42.32359279,-88.82345779,17007.0,1034.6630808307186,3.610108303249097,534,551,19,0,532,546,53577,3,1,0,2,5
2020-06-20,US,Illinois,Brown,10,0,0,39.96209138,-90.75068024,17009.0,152.02189115232594,0.0,10,10,0,0,10,10,6556,0,0,0,0,0
2020-06-20,US,Illinois,Bureau,24,1,0,41.40385234,-89.5283051,17011.0,73.55645457888929,4.166666666666667,23,24,1,0,23,24,32993,0,0,0,0,0
2020-06-20,US,Illinois,Calhoun,1,0,0,39.16840183,-90.66330078,17013.0,21.101498206372653,0.0,1,1,0,0,1,1,4802,0,0,0,0,0
2020-06-20,US,Illinois,Carroll,18,2,0,42.06823429,-89.93395545,17015.0,125.83012932541071,11.111111111111109,16,18,2,0,16,18,14312,0,0,0,0,0
2020-06-20,US,Illinois,Cass,99,0,0,39.96991073,-90.24734436,17017.0,815.0160533465053,0.0,99,100,0,0,100,79,12260,-1,0,0,-1,21
2020-06-20,US,Illinois,Champaign,770,11,0,40.13919438,-88.20046615,17019.0,367.2104879130522,1.4285714285714286,759,765,11,0,754,761,209983,5,0,0,5,4
2020-06-20,US,Illinois,Christian,42,4,0,39.54581621,-89.27780482,17021.0,130.0148588410104,9.523809523809524,38,42,4,0,38,42,32661,0,0,0,0,0
2020-06-20,US,Illinois,Clark,13,0,0,39.33425789,-87.78705622,17023.0,84.19143837834338,0.0,13,13,0,0,13,13,15596,0,0,0,0,0
2020-06-20,US,Illinois,Clay,2,0,0,38.75388572,-88.48914513,17025.0,15.169902912621357,0.0,2,2,0,0,2,3,13253,0,0,0,0,-1
2020-06-20,US,Illinois,Clinton,223,17,0,38.60704876,-89.42385254,17027.0,593.6851072892817,7.623318385650223,206,220,17,0,203,220,37639,3,0,0,3,0
2020-06-20,US,Illinois,Coles,146,17,0,39.51949084,-88.22358557,17029.0,288.41785029928286,11.643835616438356,129,146,17,0,129,146,50885,0,0,0,0,0
2020-06-20,US,Illinois,Cook,86885,4390,0,41.84144849,-87.81658794,17031.0,1687.011053674659,5.052655809403234,82495,86551,4363,0,82188,86179,5180493,334,27,0,307,372
2020-06-20,US,Illinois,Crawford,17,0,0,39.0032229,-87.75954624,17033.0,91.06980232495847,0.0,17,17,0,0,17,17,18807,0,0,0,0,0
2020-06-20,US,Illinois,Cumberland,10,0,0,39.27432424,-88.2401158,17035.0,92.88500835965077,0.0,10,10,0,0,10,10,10808,0,0,0,0,0
2020-06-20,US,Illinois,De Witt,4,0,0,40.17514519,-88.90959682,17039.0,25.57871850620284,0.0,4,4,0,0,4,4,15769,0,0,0,0,0
2020-06-20,US,Illinois,DeKalb,517,18,0,41.89373302,-88.76958483,17037.0,492.86442891598426,3.481624758220503,499,513,18,0,495,505,104143,4,0,0,4,8
2020-06-20,US,Illinois,Douglas,42,0,0,39.76768052,-88.21854195,17041.0,215.77189827896225,0.0,42,42,0,0,42,40,19479,0,0,0,0,2
2020-06-20,US,Illinois,DuPage,8646,448,0,41.85116968,-88.08642662,17043.0,936.8082425256332,5.181586860976174,8198,8609,444,0,8165,8574,928589,37,4,0,33,35
2020-06-20,US,Illinois,Edgar,6,0,0,39.6809186,-87.74759563,17045.0,34.962997494318515,0.0,6,6,0,0,6,3,17360,0,0,0,0,3
2020-06-20,US,Illinois,Edwards,2,0,0,38.41353228,-88.05720863,17047.0,31.27443315089914,0.0,2,2,0,0,2,2,6392,0,0,0,0,0
2020-06-20,US,Illinois,Effingham,12,1,0,39.05935711,-88.58969584,17049.0,35.28581510232886,8.333333333333334,11,12,1,0,11,12,34208,0,0,0,0,0
2020-06-20,US,Illinois,Fayette,23,3,0,39.00072038,-89.02452658,17051.0,107.79902512185976,13.043478260869565,20,23,3,0,20,23,21416,0,0,0,0,0
2020-06-20,US,Illinois,Ford,22,1,0,40.59706922,-88.22350769,17053.0,169.73998919836433,4.545454545454546,21,22,1,0,21,22,13264,0,0,0,0,0
2020-06-20,US,Illinois,Franklin,12,0,0,37.99189086,-88.92567818,17055.0,31.19394837401544,0.0,12,12,0,0,12,12,38701,0,0,0,0,0
2020-06-20,US,Illinois,Fulton,12,0,0,40.47289135,-90.20862357,17057.0,34.944670937682005,0.0,12,12,0,0,12,12,34844,0,0,0,0,0
2020-06-20,US,Illinois,Gallatin,2,0,0,37.76430935,-88.22953869,17059.0,41.42502071251035,0.0,2,2,0,0,2,2,5058,0,0,0,0,0
2020-06-20,US,Illinois,Greene,8,0,0,39.35907414,-90.388865,17061.0,61.68555786876398,0.0,8,8,0,0,8,8,13044,0,0,0,0,0
2020-06-20,US,Illinois,Grundy,141,3,0,41.28569601,-88.41905692,17063.0,276.1781642966271,2.127659574468085,138,140,3,0,137,139,50972,1,0,0,1,1
2020-06-20,US,Illinois,Hamilton,2,0,0,38.08163641,-88.53883373,17065.0,24.64268112370626,0.0,2,2,0,0,2,2,8163,0,0,0,0,0
2020-06-20,US,Illinois,Hancock,18,1,0,40.40423981,-91.16313899,17067.0,101.6489722159476,5.5555555555555545,17,18,1,0,17,18,17844,0,0,0,0,0
2020-06-20,US,Illinois,Hardin,1,0,0,37.51810645,-88.26873022,17069.0,26.17115938236064,0.0,1,1,0,0,1,1,3910,0,0,0,0,0
2020-06-20,US,Illinois,Henderson,8,0,0,40.81908672,-90.92491462,17071.0,120.37315678603672,0.0,8,8,0,0,8,8,6709,0,0,0,0,0
2020-06-20,US,Illinois,Henry,74,1,0,41.3533994,-90.13296166,17073.0,151.28902336802074,1.351351351351351,73,73,1,0,72,72,49090,1,0,0,1,1
2020-06-20,US,Illinois,Iroquois,143,5,0,40.74717633,-87.82466784,17075.0,527.4028177325367,3.4965034965034967,138,143,5,0,138,142,27604,0,0,0,0,1
2020-06-20,US,Illinois,Jackson,322,18,0,37.78595185,-89.38232563,17077.0,567.4008810572687,5.590062111801243,304,321,18,0,303,321,57419,1,0,0,1,0
2020-06-20,US,Illinois,Jasper,46,7,0,39.01054275,-88.15437049,17079.0,478.6680541103018,15.217391304347824,39,46,7,0,39,46,9611,0,0,0,0,0
2020-06-20,US,Illinois,Jefferson,104,16,0,38.29980057,-88.9240025,17081.0,275.97919541449954,15.384615384615385,88,104,16,0,88,104,37820,0,0,0,0,0
2020-06-20,US,Illinois,Jersey,29,1,0,39.08869046,-90.35393073,17083.0,133.19248610664584,3.4482758620689653,28,29,1,0,28,29,21847,0,0,0,0,0
2020-06-20,US,Illinois,Jo Daviess,38,1,0,42.36542373,-90.21094405,17085.0,178.94984695078875,2.631578947368421,37,35,1,0,34,35,21366,3,0,0,3,0
2020-06-20,US,Illinois,Johnson,20,0,0,37.45939802,-88.88165419,17087.0,161.0695014898929,0.0,20,20,0,0,20,20,12456,0,0,0,0,0
2020-06-20,US,Illinois,Kane,7331,249,0,41.93842729,-88.42861412,17089.0,1376.9644423491227,3.396535261219478,7082,7274,245,0,7029,7233,534216,57,4,0,53,41
2020-06-20,US,Illinois,Kankakee,1143,61,0,41.13746989,-87.86205334,17091.0,1040.396133330906,5.336832895888014,1082,1130,61,0,1069,1121,110024,13,0,0,13,9
2020-06-20,US,Illinois,Kendall,905,20,0,41.59081014,-88.42869583,17093.0,701.6047755639972,2.209944751381216,885,903,20,0,883,899,127915,2,0,0,2,4
2020-06-20,US,Illinois,Knox,117,0,0,40.93148779,-90.21330340000002,17095.0,235.41721161391575,0.0,117,115,0,0,115,115,50112,2,0,0,2,0
2020-06-20,US,Illinois,LaSalle,188,16,0,41.34426129999999,-88.88633881,17099.0,173.0024201934314,8.51063829787234,172,188,16,0,172,189,109430,0,0,0,0,-1
2020-06-20,US,Illinois,Lake,9279,398,0,42.3224907,-88.00367925,17097.0,1332.1656485316605,4.289255307684018,8881,9242,395,0,8847,9207,700832,37,3,0,34,35
2020-06-20,US,Illinois,Lawrence,5,0,0,38.71987914,-87.72884035,17101.0,31.891822936599056,0.0,5,5,0,0,5,5,15765,0,0,0,0,0
2020-06-20,US,Illinois,Lee,94,1,0,41.74583951,-89.29977132,17103.0,275.6921633036133,1.0638297872340423,93,94,1,0,93,90,34223,0,0,0,0,4
2020-06-20,US,Illinois,Livingston,37,2,0,40.89188292,-88.55784752,17105.0,103.79263913824056,5.405405405405406,35,36,2,0,34,35,35761,1,0,0,1,1
2020-06-20,US,Illinois,Logan,13,0,0,40.12581572,-89.36638784,17107.0,45.42595569222168,0.0,13,12,0,0,12,11,28925,1,0,0,1,1
2020-06-20,US,Illinois,Macon,218,21,0,39.86064913,-88.96342505,17115.0,209.59724639213917,9.633027522935778,197,216,21,0,195,214,104712,2,0,0,2,2
2020-06-20,US,Illinois,Macoupin,47,3,0,39.26119767,-89.92424028,17117.0,104.61648043449229,6.382978723404255,44,47,3,0,44,46,45313,0,0,0,0,1
2020-06-20,US,Illinois,Madison,800,66,0,38.83042506,-89.90422563,17119.0,304.2218385646814,8.25,734,785,66,0,719,771,264461,15,0,0,15,14
2020-06-20,US,Illinois,Marion,57,0,0,38.64963204,-88.91899208,17121.0,153.20521435290956,0.0,57,57,0,0,57,55,37620,0,0,0,0,2
2020-06-20,US,Illinois,Marshall,6,0,0,41.0327901,-89.34510444,17123.0,52.45672320335723,0.0,6,6,0,0,6,5,11534,0,0,0,0,1
2020-06-20,US,Illinois,Mason,19,0,0,40.23917274,-89.91824452,17125.0,142.22621453701626,0.0,19,19,0,0,19,18,13565,0,0,0,0,1
2020-06-20,US,Illinois,Massac,7,0,0,37.22078441,-88.71036614,17127.0,50.827766482718566,0.0,7,7,0,0,7,7,14080,0,0,0,0,0
2020-06-20,US,Illinois,McDonough,101,15,0,40.45674722,-90.67775541,17109.0,340.27356647126203,14.851485148514852,86,101,15,0,86,100,29955,0,0,0,0,1
2020-06-20,US,Illinois,McHenry,1898,91,0,42.32451172,-88.45248227,17111.0,616.6862697953693,4.794520547945205,1807,1891,89,0,1802,1884,308570,7,2,0,5,7
2020-06-20,US,Illinois,McLean,247,13,0,40.48996987,-88.84621113,17113.0,144.0090486657299,5.2631578947368425,234,246,13,0,233,246,172828,1,0,0,1,0
2020-06-20,US,Illinois,Menard,23,0,0,40.02742725,-89.80246001,17129.0,188.58642177763198,0.0,23,23,0,0,23,23,12288,0,0,0,0,0
2020-06-20,US,Illinois,Mercer,19,0,0,41.20596782,-90.74290052,17131.0,123.0809095031418,0.0,19,19,0,0,19,19,15601,0,0,0,0,0
2020-06-20,US,Illinois,Monroe,112,12,0,38.27594376,-90.17761038,17133.0,323.35363917198373,10.714285714285714,100,111,12,0,99,110,34335,1,0,0,1,1
2020-06-20,US,Illinois,Montgomery,41,1,0,39.23198845,-89.47809254,17135.0,144.29506581262757,2.4390243902439024,40,42,1,0,41,41,28601,-1,0,0,-1,1
2020-06-20,US,Illinois,Morgan,119,3,0,39.71654544,-90.20255104,17137.0,353.556361043437,2.5210084033613445,116,119,3,0,116,118,33976,0,0,0,0,1
2020-06-20,US,Illinois,Moultrie,15,0,0,39.64187451,-88.62099969,17139.0,103.44114199020756,0.0,15,15,0,0,15,15,14717,0,0,0,0,0
2020-06-20,US,Illinois,Ogle,234,4,0,42.04165196,-89.32184679,17141.0,462.05793495645986,1.709401709401709,230,231,4,0,227,230,50923,3,0,0,3,1
2020-06-20,US,Illinois,Out of IL,9,0,0,0.0,0.0,80017.0,0.0,0.0,9,7,0,0,7,6,,2,0,0,2,1
2020-06-20,US,Illinois,Peoria,423,23,0,40.78702156,-89.76078901,17143.0,236.07677238962154,5.4373522458628845,400,419,22,0,397,411,180621,4,1,0,3,8
2020-06-20,US,Illinois,Perry,44,0,0,38.08510853,-89.36856219,17145.0,210.36527060623447,0.0,44,44,0,0,44,44,21174,0,0,0,0,0
2020-06-20,US,Illinois,Piatt,16,0,0,40.01360584,-88.59319339,17147.0,97.89525208027409,0.0,16,16,0,0,16,17,16396,0,0,0,0,-1
2020-06-20,US,Illinois,Pike,2,0,0,39.62265059,-90.8877017,17149.0,12.852644431591802,0.0,2,2,0,0,2,2,15611,0,0,0,0,0
2020-06-20,US,Illinois,Pope,1,0,0,37.41391284,-88.56152109,17151.0,23.94062724443381,0.0,1,1,0,0,1,1,4212,0,0,0,0,0
2020-06-20,US,Illinois,Pulaski,66,0,0,37.22631423,-89.13085001,17153.0,1237.1134020618554,0.0,66,65,0,0,65,65,5463,1,0,0,1,0
2020-06-20,US,Illinois,Putnam,1,0,0,41.2013541,-89.2869272,17155.0,17.424638438752392,0.0,1,1,0,0,1,1,5740,0,0,0,0,0
2020-06-20,US,Illinois,Randolph,278,7,0,38.05095369,-89.82512254,17157.0,874.7089547542635,2.5179856115107917,271,278,7,0,271,279,32106,0,0,0,0,-1
2020-06-20,US,Illinois,Richland,4,0,0,38.71240969,-88.08475366,17159.0,25.78482563011668,0.0,4,4,0,0,4,4,15763,0,0,0,0,0
2020-06-20,US,Illinois,Rock Island,772,28,0,41.46613806,-90.57042164,17161.0,544.125628176122,3.6269430051813467,744,769,28,0,741,766,143477,3,0,0,3,3
2020-06-20,US,Illinois,Saline,8,0,0,37.75332999,-88.54119706,17165.0,34.05559576007833,0.0,8,8,0,0,8,8,23906,0,0,0,0,0
2020-06-20,US,Illinois,Sangamon,387,31,0,39.75836914,-89.65872023,17167.0,198.7959233993589,8.010335917312661,356,387,31,0,356,383,195348,0,0,0,0,4
2020-06-20,US,Illinois,Schuyler,13,0,0,40.157179799999994,-90.61114163,17169.0,192.08037825059105,0.0,13,13,0,0,13,13,6907,0,0,0,0,0
2020-06-20,US,Illinois,Shelby,16,1,0,39.39133527,-88.80611122,17173.0,73.95765924008505,6.25,15,16,1,0,15,16,21741,0,0,0,0,0
2020-06-20,US,Illinois,St. Clair,1584,125,0,38.46996033,-89.93063427,17163.0,609.9674221944964,7.891414141414142,1459,1561,123,0,1438,1538,261059,23,2,0,21,23
2020-06-20,US,Illinois,Stark,3,0,0,41.09309773,-89.79745866,17175.0,56.15874204417821,0.0,3,3,0,0,3,3,5427,0,0,0,0,0
2020-06-20,US,Illinois,Stephenson,249,5,0,42.35129217,-89.662598,17177.0,559.5757112679222,2.0080321285140563,244,242,5,0,237,236,44753,7,0,0,7,6
2020-06-20,US,Illinois,Tazewell,110,7,0,40.50716185,-89.51404662,17179.0,83.45788790846946,6.363636363636362,103,108,7,0,101,103,132328,2,0,0,2,5
2020-06-20,US,Illinois,Unassigned,46,0,0,0.0,0.0,90017.0,0.0,0.0,46,46,0,0,46,44,,0,0,0,0,2
2020-06-20,US,Illinois,Union,182,18,0,37.47119609,-89.25548938,17181.0,1092.896174863388,9.89010989010989,164,183,18,0,165,174,16841,-1,0,0,-1,9
2020-06-20,US,Illinois,Vermilion,49,2,0,40.18417171,-87.73384359,17183.0,64.67963779402835,4.081632653061225,47,47,2,0,45,47,76806,2,0,0,2,0
2020-06-20,US,Illinois,Wabash,19,0,0,38.44272901,-87.84922065,17185.0,164.93055555555554,0.0,19,15,0,0,15,14,11549,4,0,0,4,1
2020-06-20,US,Illinois,Warren,128,0,0,40.84925021,-90.6147432,17187.0,759.914509617668,0.0,128,127,0,0,127,127,17032,1,0,0,1,0
2020-06-20,US,Illinois,Washington,19,0,0,38.35309213,-89.40982703,17189.0,136.81860733059696,0.0,19,19,0,0,19,19,13995,0,0,0,0,0
2020-06-20,US,Illinois,Wayne,11,1,0,38.42955355,-88.42586459,17191.0,67.83842121492445,9.090909090909092,10,11,1,0,10,10,16332,0,0,0,0,1
2020-06-20,US,Illinois,White,3,0,0,38.08706198,-88.17657461,17193.0,22.16148334195169,0.0,3,3,0,0,3,3,13665,0,0,0,0,0
2020-06-20,US,Illinois,Whiteside,171,15,0,41.75509713,-89.91556058,17195.0,309.9229723606706,8.771929824561402,156,171,15,0,156,163,55626,0,0,0,0,8
2020-06-20,US,Illinois,Will,6317,310,0,41.44619267,-87.97862712,17197.0,914.522477969375,4.90739274972297,6007,6284,309,0,5975,6256,692310,33,1,0,32,28
2020-06-20,US,Illinois,Williamson,92,4,0,37.73033511,-88.92994027,17199.0,138.14436085709568,4.3478260869565215,88,91,4,0,87,91,67056,1,0,0,1,0
2020-06-20,US,Illinois,Winnebago,2826,82,0,42.33641854,-89.16085327,17201.0,1000.099089789505,2.9016277423920736,2744,2810,82,0,2728,2796,284081,16,0,0,16,14
2020-06-20,US,Illinois,Woodford,32,2,0,40.78579374,-89.20973757,17203.0,83.20549156244311,6.25,30,31,2,0,29,30,38463,1,0,0,1,1
2020-06-20,US,Indiana,Adams,36,1,0,40.7457653,-84.93671406,18001.0,100.62330547558487,2.7777777777777777,35,28,1,0,27,28,35636,8,0,0,8,0
2020-06-20,US,Indiana,Allen,2368,91,0,41.09194313,-85.06800636,18003.0,624.3095816229413,3.842905405405405,2277,2331,91,0,2240,2324,375351,37,0,0,37,7
2020-06-20,US,Indiana,Bartholomew,565,43,0,39.20744865,-85.89558181,18005.0,674.39334439418,7.610619469026549,522,566,43,0,523,562,82753,-1,0,0,-1,4
2020-06-20,US,Indiana,Benton,39,0,0,40.60626947,-87.31093999,18007.0,445.81618655692733,0.0,39,38,0,0,38,38,8653,1,0,0,1,0
2020-06-20,US,Indiana,Blackford,32,2,0,40.47388153,-85.32499702,18009.0,272.15512842320123,6.25,30,32,2,0,30,32,11930,0,0,0,0,0
2020-06-20,US,Indiana,Boone,388,40,0,40.0509304,-86.46841646,18011.0,571.9086714915319,10.309278350515463,348,381,39,0,342,380,66999,7,1,0,6,1
2020-06-20,US,Indiana,Brown,37,1,0,39.19605589,-86.22868909,18013.0,245.1630002650411,2.702702702702702,36,37,1,0,36,37,15234,0,0,0,0,0
2020-06-20,US,Indiana,Carroll,103,2,0,40.580783200000006,-86.56198812,18015.0,508.46620921163054,1.9417475728155342,101,103,2,0,101,103,20127,0,0,0,0,0
2020-06-20,US,Indiana,Cass,1624,9,0,40.76135835,-86.34830753,18017.0,4308.9495608798325,0.5541871921182266,1615,1613,9,0,1604,1609,37955,11,0,0,11,4
2020-06-20,US,Indiana,Clark,589,43,0,38.48015445,-85.70510334,18019.0,497.8783114402123,7.300509337860781,546,586,43,0,543,585,117360,3,0,0,3,1
2020-06-20,US,Indiana,Clay,56,3,0,39.39561833,-87.11723506,18021.0,213.53670162059106,5.357142857142857,53,56,3,0,53,56,26170,0,0,0,0,0
2020-06-20,US,Indiana,Clinton,269,1,0,40.30319754,-86.47277257,18023.0,830.2725392759037,0.3717472118959108,268,268,1,0,267,264,32250,1,0,0,1,4
2020-06-20,US,Indiana,Crawford,27,0,0,38.28814402,-86.44518825,18025.0,255.27087075730358,0.0,27,27,0,0,27,27,10558,0,0,0,0,0
2020-06-20,US,Indiana,Daviess,130,16,0,38.70186039,-87.07185406,18027.0,389.7934094929688,12.307692307692307,114,129,16,0,113,127,33147,1,0,0,1,2
2020-06-20,US,Indiana,DeKalb,139,3,0,41.39804622,-84.99906934,18033.0,319.7239792984474,2.1582733812949644,136,133,3,0,130,129,43226,6,0,0,6,4
2020-06-20,US,Indiana,Dearborn,186,22,0,39.14647946,-84.97333539,18029.0,376.0766711148854,11.827956989247312,164,184,22,0,162,181,49568,2,0,0,2,3
2020-06-20,US,Indiana,Decatur,239,32,0,39.30712658,-85.50087166,18031.0,899.8832787379042,13.389121338912132,207,238,32,0,206,238,26794,1,0,0,1,0
2020-06-20,US,Indiana,Delaware,408,46,0,40.22787247,-85.39732772,18035.0,357.4714154290972,11.274509803921571,362,407,45,0,362,405,114772,1,1,0,0,2
2020-06-20,US,Indiana,Dubois,249,6,0,38.36597551,-86.87924170000002,18037.0,582.646948708349,2.409638554216868,243,249,6,0,243,246,42565,0,0,0,0,3
2020-06-20,US,Indiana,Elkhart,2538,38,0,41.59761169,-85.85875695,18039.0,1230.0027624175516,1.4972419227738376,2500,2477,38,0,2439,2400,205560,61,0,0,61,77
2020-06-20,US,Indiana,Fayette,85,7,0,39.63684962,-85.17797541,18041.0,367.9335122500216,8.235294117647058,78,85,7,0,78,85,23047,0,0,0,0,0
2020-06-20,US,Indiana,Floyd,344,43,0,38.32117957,-85.90385377,18043.0,438.09378263416636,12.5,301,342,43,0,299,339,77781,2,0,0,2,3
2020-06-20,US,Indiana,Fountain,24,2,0,40.12361933,-87.24217689,18045.0,146.82491129328275,8.333333333333334,22,24,2,0,22,24,16351,0,0,0,0,0
2020-06-20,US,Indiana,Franklin,120,8,0,39.4142482,-85.06062647,18047.0,527.2871078302136,6.666666666666668,112,120,8,0,112,120,22736,0,0,0,0,0
2020-06-20,US,Indiana,Fulton,61,1,0,41.0469907,-86.26252745,18049.0,305.39701612095723,1.639344262295082,60,60,1,0,59,58,20092,1,0,0,1,2
2020-06-20,US,Indiana,Gibson,26,2,0,38.30393723,-87.58054938,18051.0,77.24531328916486,7.6923076923076925,24,25,2,0,23,24,33452,1,0,0,1,1
2020-06-20,US,Indiana,Grant,275,25,0,40.51587228,-85.65468702,18053.0,418.13012209399557,9.090909090909092,250,272,25,0,247,269,65936,3,0,0,3,3
2020-06-20,US,Indiana,Greene,184,29,0,39.03630547,-86.96223202,18055.0,576.4049871561932,15.76086956521739,155,183,29,0,154,182,32006,1,0,0,1,1
2020-06-20,US,Indiana,Hamilton,1365,97,0,40.07306535,-86.05244729,18057.0,403.83301135170166,7.106227106227106,1268,1359,96,0,1263,1349,330086,6,1,0,5,10
2020-06-20,US,Indiana,Hancock,388,32,0,39.82304555,-85.77566351,18059.0,496.3667997134377,8.24742268041237,356,385,31,0,354,382,76351,3,1,0,2,3
2020-06-20,US,Indiana,Harrison,200,22,0,38.19467379,-86.10948271,18061.0,493.6443292607676,11.0,178,200,22,0,178,201,40350,0,0,0,0,-1
2020-06-20,US,Indiana,Hendricks,1307,94,0,39.76719009,-86.51037283,18063.0,767.4196029616407,7.192042846212701,1213,1296,94,0,1202,1286,167009,11,0,0,11,10
2020-06-20,US,Indiana,Henry,206,15,0,39.93029017,-85.39625719,18065.0,429.4171600100057,7.281553398058253,191,205,15,0,190,204,48271,1,0,0,1,1
2020-06-20,US,Indiana,Howard,497,48,0,40.48527731,-86.11351892,18067.0,602.1031207598372,9.6579476861167,449,494,48,0,446,492,82366,3,0,0,3,2
2020-06-20,US,Indiana,Huntington,57,2,0,40.82907273,-85.48822092,18069.0,156.078860898138,3.5087719298245608,55,58,2,0,56,57,36240,-1,0,0,-1,1
2020-06-20,US,Indiana,Jackson,428,3,0,38.90915820000001,-86.03851889,18071.0,967.6471253193463,0.7009345794392523,425,427,3,0,424,428,44111,1,0,0,1,-1
2020-06-20,US,Indiana,Jasper,90,1,0,41.02078733,-87.11553319,18073.0,268.16041952207854,1.1111111111111112,89,89,1,0,88,87,33370,1,0,0,1,2
2020-06-20,US,Indiana,Jay,63,0,0,40.43781032,-85.00576229,18075.0,308.2795067527892,0.0,63,63,0,0,63,64,20764,0,0,0,0,-1
2020-06-20,US,Indiana,Jefferson,56,1,0,38.78576239,-85.43633383,18077.0,173.33168255540426,1.7857142857142858,55,55,1,0,54,55,32208,1,0,0,1,0
2020-06-20,US,Indiana,Jennings,159,9,0,38.99588883,-85.62710784,18079.0,573.2828555976204,5.660377358490566,150,158,4,0,154,145,27611,1,5,0,-4,13
2020-06-20,US,Indiana,Johnson,1189,117,0,39.48994426,-86.10149107,18081.0,751.7370880145668,9.840201850294363,1072,1185,116,0,1069,1185,156225,4,1,0,3,0
2020-06-20,US,Indiana,Knox,41,0,0,38.68861576,-87.4194665,18083.0,112.04022517352571,0.0,41,40,0,0,40,40,36895,1,0,0,1,0
2020-06-20,US,Indiana,Kosciusko,374,2,0,41.24521668,-85.86312322,18085.0,470.700765203383,0.5347593582887701,372,362,2,0,360,354,79344,12,0,0,12,8
2020-06-20,US,Indiana,LaGrange,365,4,0,41.64232188,-85.42674232,18087.0,921.3914272731862,1.095890410958904,361,354,3,0,351,336,39330,11,1,0,10,18
2020-06-20,US,Indiana,LaPorte,483,25,0,41.54366008,-86.74072188,18091.0,439.5384391380314,5.175983436853001,458,482,25,0,457,479,110007,1,0,0,1,3
2020-06-20,US,Indiana,Lake,4356,234,0,41.41874274,-87.38277575,18089.0,897.2322978910097,5.371900826446281,4122,4326,233,0,4093,4297,484411,30,1,0,29,29
2020-06-20,US,Indiana,Lawrence,189,24,0,38.84112637,-86.48361629,18093.0,416.57482918227896,12.698412698412698,165,187,24,0,163,187,45668,2,0,0,2,0
2020-06-20,US,Indiana,Madison,618,63,0,40.16143691,-85.71964711,18095.0,476.965940927228,10.194174757281553,555,618,63,0,555,618,129641,0,0,0,0,0
2020-06-20,US,Indiana,Marion,10904,667,0,39.78163624,-86.13826325,18097.0,1130.4378476894656,6.117021276595745,10237,10885,665,0,10220,10852,954670,19,2,0,17,33
2020-06-20,US,Indiana,Marshall,347,3,0,41.32467367,-86.26185087,18099.0,750.1405162350296,0.8645533141210374,344,344,3,0,341,338,46248,3,0,0,3,6
2020-06-20,US,Indiana,Martin,20,0,0,38.7099921,-86.80373186,18101.0,195.02681618722573,0.0,20,20,0,0,20,20,10217,0,0,0,0,0
2020-06-20,US,Indiana,Miami,176,2,0,40.76940965,-86.04525048,18103.0,495.55130082216476,1.1363636363636365,174,177,1,0,176,177,35567,-1,1,0,-2,0
2020-06-20,US,Indiana,Monroe,208,26,0,39.16130004,-86.52414358,18105.0,140.13245211579792,12.5,182,207,26,0,181,203,146917,1,0,0,1,4
2020-06-20,US,Indiana,Montgomery,272,19,0,40.04034823,-86.89335024,18107.0,709.478846053524,6.985294117647059,253,270,19,0,251,268,38346,2,0,0,2,2
2020-06-20,US,Indiana,Morgan,304,30,0,39.47899078,-86.44573375,18109.0,431.2729645760331,9.868421052631579,274,301,30,0,271,301,70116,3,0,0,3,0
2020-06-20,US,Indiana,Newton,88,10,0,40.95610449,-87.39635768,18111.0,629.2906178489702,11.363636363636365,78,87,10,0,77,88,14011,1,0,0,1,-1
2020-06-20,US,Indiana,Noble,356,27,0,41.39672484,-85.41966713,18113.0,745.6434316353888,7.584269662921348,329,358,27,0,331,354,47532,-2,0,0,-2,4
2020-06-20,US,Indiana,Ohio,13,0,0,38.955304999999996,-84.96515993,18115.0,221.27659574468086,0.0,13,13,0,0,13,13,5844,0,0,0,0,0
2020-06-20,US,Indiana,Orange,132,23,0,38.54118920000001,-86.49523093,18117.0,671.8924972004478,17.424242424242426,109,132,23,0,109,132,19489,0,0,0,0,0
2020-06-20,US,Indiana,Owen,40,1,0,39.31145587,-86.83900724,18119.0,192.316938314342,2.5,39,39,1,0,38,40,20845,1,0,0,1,-1
2020-06-20,US,Indiana,Parke,20,0,0,39.77202286,-87.20375833,18121.0,118.08466670602822,0.0,20,20,0,0,20,20,16927,0,0,0,0,0
2020-06-20,US,Indiana,Perry,103,3,0,38.07809328,-86.63741946,18123.0,537.3258907611247,2.9126213592233015,100,101,2,0,99,101,19102,2,1,0,1,0
2020-06-20,US,Indiana,Pike,6,0,0,38.40112197,-87.23574907,18125.0,48.43005892323836,0.0,6,6,0,0,6,6,12410,0,0,0,0,0
2020-06-20,US,Indiana,Porter,613,36,0,41.45986947,-87.06848888,18127.0,359.76500830452665,5.8727569331158245,577,611,36,0,575,606,169594,2,0,0,2,5
2020-06-20,US,Indiana,Posey,24,0,0,38.02097333,-87.86480429,18129.0,94.38785542926809,0.0,24,23,0,0,23,23,25540,1,0,0,1,0
2020-06-20,US,Indiana,Pulaski,54,1,0,41.04166107,-86.69890683,18131.0,437.14077552011656,1.851851851851852,53,53,1,0,52,53,12469,1,0,0,1,0
2020-06-20,US,Indiana,Putnam,158,8,0,39.66437981,-86.84517605,18133.0,420.4811581860762,5.063291139240507,150,158,8,0,150,159,37779,0,0,0,0,-1
2020-06-20,US,Indiana,Randolph,71,3,0,40.15734772,-85.01139319,18135.0,287.8572876545713,4.225352112676056,68,71,3,0,68,69,24851,0,0,0,0,2
2020-06-20,US,Indiana,Ripley,111,7,0,39.10235626,-85.26212744,18137.0,391.8938003106906,6.306306306306308,104,111,7,0,104,111,28523,0,0,0,0,0
2020-06-20,US,Indiana,Rush,51,3,0,39.62002287,-85.4655599,18139.0,307.58096616609373,5.882352941176472,48,51,3,0,48,51,16663,0,0,0,0,0
2020-06-20,US,Indiana,Scott,149,6,0,38.68672078,-85.74627859,18143.0,624.1360532819504,4.026845637583893,143,147,6,0,141,148,23878,2,0,0,2,-1
2020-06-20,US,Indiana,Shelby,407,24,0,39.52305623,-85.79158570000001,18145.0,909.9242102439133,5.896805896805898,383,408,24,0,384,408,44593,-1,0,0,-1,0
2020-06-20,US,Indiana,Spencer,24,1,0,38.01519732,-87.0079644,18147.0,118.36070424619028,4.166666666666667,23,24,1,0,23,23,20327,0,0,0,0,1
2020-06-20,US,Indiana,St. Joseph,1646,56,0,41.61756781,-86.29040834,18141.0,605.5344227557333,3.4021871202916163,1590,1628,53,0,1575,1612,270771,18,3,0,15,16
2020-06-20,US,Indiana,Starke,58,3,0,41.27890281,-86.64686895,18149.0,252.2287453794303,5.172413793103448,55,58,3,0,55,58,22935,0,0,0,0,0
2020-06-20,US,Indiana,Steuben,108,2,0,41.64423868,-85.00101094,18151.0,312.19286581488115,1.851851851851852,106,108,2,0,106,107,34586,0,0,0,0,1
2020-06-20,US,Indiana,Sullivan,41,1,0,39.08952258,-87.41414469,18153.0,198.36470075959167,2.4390243902439024,40,41,1,0,40,42,20690,0,0,0,0,-1
2020-06-20,US,Indiana,Switzerland,22,0,0,38.82767338,-85.03022429,18155.0,204.63212724397732,0.0,22,22,0,0,22,22,10717,0,0,0,0,0
2020-06-20,US,Indiana,Tippecanoe,526,7,0,40.38872739,-86.89413959,18157.0,268.734800645781,1.3307984790874523,519,510,7,0,503,506,193048,16,0,0,16,4
2020-06-20,US,Indiana,Tipton,28,1,0,40.31123252,-86.05234925,18159.0,184.8428835489834,3.571428571428572,27,28,1,0,27,28,15128,0,0,0,0,0
2020-06-20,US,Indiana,Unassigned,0,190,0,0.0,0.0,90018.0,0.0,0.0,-190,0,189,0,-189,0,,0,1,0,-1,0
2020-06-20,US,Indiana,Union,12,0,0,39.62550777,-84.92497066,18161.0,170.1162461015027,0.0,12,12,0,0,12,12,7037,0,0,0,0,0
2020-06-20,US,Indiana,Vanderburgh,341,6,0,38.02658833,-87.58763124,18163.0,187.9295236730577,1.7595307917888563,335,337,6,0,331,336,180974,4,0,0,4,1
2020-06-20,US,Indiana,Vermillion,13,0,0,39.8523352,-87.46160542,18165.0,83.88179119886435,0.0,13,13,0,0,13,13,15479,0,0,0,0,0
2020-06-20,US,Indiana,Vigo,208,8,0,39.42944561,-87.39169027,18167.0,194.32351127636917,3.8461538461538463,200,207,8,0,199,203,107386,1,0,0,1,4
2020-06-20,US,Indiana,Wabash,92,2,0,40.84704239,-85.79328272,18169.0,296.8124919344432,2.1739130434782608,90,89,2,0,87,89,31280,3,0,0,3,0
2020-06-20,US,Indiana,Warren,14,1,0,40.34728141,-87.35602659,18171.0,169.38898971566852,7.142857142857142,13,14,1,0,13,14,8263,0,0,0,0,0
2020-06-20,US,Indiana,Warrick,179,29,0,38.08922676,-87.2716085,18173.0,284.1360043175974,16.201117318435752,150,178,29,0,149,178,62567,1,0,0,1,0
2020-06-20,US,Indiana,Washington,61,1,0,38.60219804,-86.1049363,18175.0,217.5774004850906,1.639344262295082,60,61,1,0,60,60,27943,0,0,0,0,1
2020-06-20,US,Indiana,Wayne,107,6,0,39.863344399999995,-85.01044989,18177.0,162.4066541193613,5.607476635514018,101,107,6,0,101,104,65936,0,0,0,0,3
2020-06-20,US,Indiana,Wells,65,0,0,40.72934187,-85.22132966,18179.0,229.71444727169919,0.0,65,65,0,0,65,65,28206,0,0,0,0,0
2020-06-20,US,Indiana,White,246,10,0,40.74911165,-86.86492015,18181.0,1020.6621857107293,4.0650406504065035,236,245,10,0,235,242,24133,1,0,0,1,3
2020-06-20,US,Indiana,Whitley,71,4,0,41.13863784,-85.50791236,18183.0,209.04487103992463,5.633802816901407,67,69,4,0,65,65,34074,2,0,0,2,4
2020-06-20,US,Iowa,Adair,12,0,0,41.33075609,-94.47105874,19001.0,167.78523489932888,0.0,12,12,0,0,12,12,7063,0,0,0,0,0
2020-06-20,US,Iowa,Adams,7,0,0,41.02903567,-94.69932645,19003.0,194.3364797334814,0.0,7,7,0,0,7,7,3645,0,0,0,0,0
2020-06-20,US,Iowa,Allamakee,121,4,0,43.28383218,-91.37860922,19005.0,884.050558924527,3.3057851239669422,117,121,4,0,117,121,13832,0,0,0,0,0
2020-06-20,US,Iowa,Appanoose,18,3,0,40.74324454,-92.86865906,19007.0,144.85755673587641,16.666666666666668,15,18,3,0,15,18,12437,0,0,0,0,0
2020-06-20,US,Iowa,Audubon,15,1,0,41.6844628,-94.90581859,19009.0,272.9257641921397,6.666666666666668,14,15,1,0,14,14,5506,0,0,0,0,1
2020-06-20,US,Iowa,Benton,51,1,0,42.08011739,-92.06463573,19011.0,198.86917527783194,1.96078431372549,50,50,1,0,49,50,25642,1,0,0,1,0
2020-06-20,US,Iowa,Black Hawk,1881,56,0,42.4704581,-92.30524729,19013.0,1433.3831194562133,2.977139819245082,1825,1870,56,0,1814,1860,132408,11,0,0,11,10
2020-06-20,US,Iowa,Boone,107,1,0,42.03657094,-93.9313999,19015.0,407.8676526644812,0.9345794392523364,106,107,1,0,106,104,26346,0,0,0,0,3
2020-06-20,US,Iowa,Bremer,81,6,0,42.77461496,-92.31795937,19017.0,323.19846779985636,7.407407407407407,75,81,6,0,75,81,24947,0,0,0,0,0
2020-06-20,US,Iowa,Buchanan,37,1,0,42.4709188,-91.83510825,19019.0,174.73435655253837,2.702702702702702,36,36,1,0,35,35,21199,1,0,0,1,1
2020-06-20,US,Iowa,Buena Vista,1647,10,0,42.73545875,-95.15100162,19021.0,8394.495412844037,0.607164541590771,1637,1640,10,0,1630,1624,19874,7,0,0,7,16
2020-06-20,US,Iowa,Butler,32,2,0,42.73172833,-92.79015971,19023.0,221.6219959831013,6.25,30,31,2,0,29,31,14539,1,0,0,1,0
2020-06-20,US,Iowa,Calhoun,25,0,0,42.38521079,-94.64046046,19025.0,258.585022755482,0.0,25,25,0,0,25,25,9699,0,0,0,0,0
2020-06-20,US,Iowa,Carroll,67,1,0,42.03617207,-94.86032705,19027.0,332.2588643689561,1.492537313432836,66,66,1,0,65,63,20154,1,0,0,1,3
2020-06-20,US,Iowa,Cass,16,0,0,41.33149454,-94.92792482,19029.0,124.64942349641632,0.0,16,16,0,0,16,16,12930,0,0,0,0,0
2020-06-20,US,Iowa,Cedar,56,1,0,41.77233777,-91.13246684,19031.0,300.63885757234124,1.7857142857142858,55,56,1,0,55,54,18627,0,0,0,0,2
2020-06-20,US,Iowa,Cerro Gordo,57,1,0,43.08177563,-93.2612239,19033.0,134.2756183745583,1.7543859649122806,56,57,1,0,56,54,42647,0,0,0,0,3
2020-06-20,US,Iowa,Cherokee,65,0,0,42.73538914,-95.62389402,19035.0,578.5491766800178,0.0,65,65,0,0,65,63,11321,0,0,0,0,2
2020-06-20,US,Iowa,Chickasaw,19,0,0,43.06001295,-92.31773347,19037.0,159.22232464593984,0.0,19,17,0,0,17,16,11964,2,0,0,2,1
2020-06-20,US,Iowa,Clarke,111,2,0,41.02868181,-93.78499767,19039.0,1181.4795103778606,1.8018018018018016,109,109,2,0,107,96,9423,2,0,0,2,13
2020-06-20,US,Iowa,Clay,103,0,0,43.08247182,-95.15096481,19041.0,643.1068931068933,0.0,103,102,0,0,102,93,16134,1,0,0,1,9
2020-06-20,US,Iowa,Clayton,35,3,0,42.84443388,-91.34133693,19043.0,199.44156362185882,8.571428571428571,32,35,3,0,32,35,17556,0,0,0,0,0
2020-06-20,US,Iowa,Clinton,73,1,0,41.89981633,-90.53275096,19045.0,157.22931788321958,1.3698630136986298,72,70,1,0,69,70,46518,3,0,0,3,0
2020-06-20,US,Iowa,Crawford,635,2,0,42.03718237,-95.3819718,19047.0,3775.2675386444707,0.31496062992125984,633,635,2,0,633,631,17158,0,0,0,0,4
2020-06-20,US,Iowa,Dallas,1065,28,0,41.68560356,-94.04127625,19049.0,1139.6102853840966,2.629107981220657,1037,1062,28,0,1034,1050,90180,3,0,0,3,12
2020-06-20,US,Iowa,Davis,36,1,0,40.74773536,-92.41005468,19051.0,400.0,2.7777777777777777,35,36,1,0,35,36,9017,0,0,0,0,0
2020-06-20,US,Iowa,Decatur,9,0,0,40.73742757,-93.78645949,19053.0,114.35832274459976,0.0,9,9,0,0,9,8,7890,0,0,0,0,1
2020-06-20,US,Iowa,Delaware,32,1,0,42.47104597,-91.3664492,19055.0,188.1135735700429,3.125,31,32,1,0,31,29,17069,0,0,0,0,3
2020-06-20,US,Iowa,Des Moines,74,2,0,40.92012606,-91.18326592,19057.0,189.90427797880255,2.702702702702702,72,67,2,0,65,67,39138,7,0,0,7,0
2020-06-20,US,Iowa,Dickinson,195,1,0,43.37787725,-95.1510206,19059.0,1129.9107660215552,0.5128205128205128,194,190,1,0,189,181,17153,5,0,0,5,9
2020-06-20,US,Iowa,Dubuque,411,22,0,42.46815349,-90.88181925,19061.0,422.35718469648856,5.35279805352798,389,411,22,0,389,397,96854,0,0,0,0,14
2020-06-20,US,Iowa,Emmet,48,0,0,43.37782951,-94.67858943,19063.0,521.2858384013902,0.0,48,46,0,0,46,45,9253,2,0,0,2,1
2020-06-20,US,Iowa,Fayette,28,0,0,42.86271799,-91.8441231,19065.0,142.4936386768448,0.0,28,28,0,0,28,28,19660,0,0,0,0,0
2020-06-20,US,Iowa,Floyd,31,1,0,43.06000529999999,-92.78940097,19067.0,198.18437539956528,3.2258064516129035,30,30,1,0,29,26,15761,1,0,0,1,4
2020-06-20,US,Iowa,Franklin,60,0,0,42.73270384,-93.26256925,19069.0,595.8291956305859,0.0,60,61,0,0,61,55,10124,-1,0,0,-1,6
2020-06-20,US,Iowa,Fremont,4,0,0,40.74542720000001,-95.60129045,19071.0,57.4712643678161,0.0,4,5,0,0,5,4,6993,-1,0,0,-1,1
2020-06-20,US,Iowa,Greene,27,0,0,42.03614551,-94.39658081,19073.0,303.78037803780376,0.0,27,27,0,0,27,26,8981,0,0,0,0,1
2020-06-20,US,Iowa,Grundy,26,0,0,42.40183723,-92.78829551,19075.0,212.55722694571617,0.0,26,26,0,0,26,25,12304,0,0,0,0,1
2020-06-20,US,Iowa,Guthrie,61,4,0,41.68378965,-94.50111014,19077.0,570.6801384600992,6.557377049180328,57,61,4,0,57,61,10720,0,0,0,0,0
2020-06-20,US,Iowa,Hamilton,150,0,0,42.38382428,-93.70197703,19079.0,1015.3658701685507,0.0,150,148,0,0,148,141,14952,2,0,0,2,7
2020-06-20,US,Iowa,Hancock,35,0,0,43.08178477,-93.73454884,19081.0,329.2568203198495,0.0,35,35,0,0,35,34,10712,0,0,0,0,1
2020-06-20,US,Iowa,Hardin,52,0,0,42.38353877,-93.23654611,19083.0,308.67861806957137,0.0,52,52,0,0,52,51,16868,0,0,0,0,1
2020-06-20,US,Iowa,Harrison,41,0,0,41.68330137,-95.81558439,19085.0,291.83571784468637,0.0,41,41,0,0,41,41,14134,0,0,0,0,0
2020-06-20,US,Iowa,Henry,76,3,0,40.98767962,-91.54436349,19087.0,380.8760148341185,3.947368421052632,73,75,3,0,72,75,20067,1,0,0,1,0
2020-06-20,US,Iowa,Howard,13,0,0,43.35671042,-92.31702714,19089.0,141.95239135182354,0.0,13,13,0,0,13,12,9187,0,0,0,0,1
2020-06-20,US,Iowa,Humboldt,39,1,0,42.7764426,-94.20722537,19091.0,408.0351537978657,2.5641025641025643,38,39,1,0,38,37,9547,0,0,0,0,2
2020-06-20,US,Iowa,Ida,19,0,0,42.38696136,-95.51355387,19093.0,276.9679300291545,0.0,19,19,0,0,19,19,6841,0,0,0,0,0
2020-06-20,US,Iowa,Iowa,35,0,0,41.68630265,-92.0643373,19095.0,216.26297577854672,0.0,35,35,0,0,35,35,16141,0,0,0,0,0
2020-06-20,US,Iowa,Jackson,15,0,0,42.17178824,-90.57354837,19097.0,77.16446319255105,0.0,15,15,0,0,15,14,19432,0,0,0,0,1
2020-06-20,US,Iowa,Jasper,291,17,0,41.68576082,-93.05567785,19099.0,782.5736183945138,5.841924398625428,274,290,17,0,273,289,37147,1,0,0,1,1
2020-06-20,US,Iowa,Jefferson,46,0,0,41.03192394,-91.94849466,19101.0,251.4348182563542,0.0,46,46,0,0,46,46,18381,0,0,0,0,0
2020-06-20,US,Iowa,Johnson,722,8,0,41.67169354,-91.58754744,19103.0,477.7027921132725,1.10803324099723,714,711,8,0,703,686,151260,11,0,0,11,25
2020-06-20,US,Iowa,Jones,43,0,0,42.12118609,-91.13139641,19105.0,207.92031333107684,0.0,43,43,0,0,43,42,20744,0,0,0,0,1
2020-06-20,US,Iowa,Keokuk,16,1,0,41.33649833,-92.1785067,19107.0,156.15850087839158,6.25,15,16,1,0,15,16,10225,0,0,0,0,0
2020-06-20,US,Iowa,Kossuth,22,0,0,43.20405458,-94.20691791,19109.0,148.51819347870114,0.0,22,21,0,0,21,23,14908,1,0,0,1,-2
2020-06-20,US,Iowa,Lee,42,1,0,40.64181461,-91.48183025,19111.0,124.78830555307958,2.380952380952381,41,41,1,0,40,41,34055,1,0,0,1,0
2020-06-20,US,Iowa,Linn,1072,80,0,42.07923082,-91.59809485,19113.0,472.8591215053858,7.462686567164179,992,1057,80,0,977,1048,225909,15,0,0,15,9
2020-06-20,US,Iowa,Louisa,354,13,0,41.21842119,-91.26102611,19115.0,3207.974626189397,3.6723163841807906,341,354,13,0,341,354,11169,0,0,0,0,0
2020-06-20,US,Iowa,Lucas,26,3,0,41.02958964,-93.32780803,19117.0,302.3255813953488,11.538461538461537,23,26,3,0,23,25,8645,0,0,0,0,1
2020-06-20,US,Iowa,Lyon,32,0,0,43.38107862,-96.20926845,19119.0,272.2245852828584,0.0,32,32,0,0,32,32,11811,0,0,0,0,0
2020-06-20,US,Iowa,Madison,34,2,0,41.33081904,-94.01554631,19121.0,208.10380707552943,5.882352941176472,32,34,2,0,32,34,16249,0,0,0,0,0
2020-06-20,US,Iowa,Mahaska,109,14,0,41.33521503,-92.64083907,19123.0,493.3242815116543,12.844036697247706,95,109,15,0,94,108,22000,0,-1,0,1,1
2020-06-20,US,Iowa,Marion,45,0,0,41.33445101,-93.09934783,19125.0,135.32613598773042,0.0,45,45,0,0,45,41,33407,0,0,0,0,4
2020-06-20,US,Iowa,Marshall,968,18,0,42.03586837,-92.9990819,19127.0,2458.787370773959,1.859504132231405,950,963,18,0,945,953,39981,5,0,0,5,10
2020-06-20,US,Iowa,Mills,29,0,0,41.03299766,-95.61920963,19129.0,191.93857965451056,0.0,29,29,0,0,29,26,15063,0,0,0,0,3
2020-06-20,US,Iowa,Mitchell,8,0,0,43.35638371,-92.78887719,19131.0,75.57150954090308,0.0,8,9,0,0,9,8,10569,-1,0,0,-1,1
2020-06-20,US,Iowa,Monona,57,0,0,42.05220391,-95.95743843,19133.0,661.636680208938,0.0,57,56,0,0,56,55,8679,1,0,0,1,1
2020-06-20,US,Iowa,Monroe,49,6,0,41.02988815,-92.8690667,19135.0,635.7856494096276,12.244897959183671,43,49,6,0,43,48,7790,0,0,0,0,1
2020-06-20,US,Iowa,Montgomery,10,2,0,41.03018714,-95.15642896,19137.0,100.83694665725521,20.0,8,10,2,0,8,9,10003,0,0,0,0,1
2020-06-20,US,Iowa,Muscatine,581,43,0,41.48370744,-91.1121697,19139.0,1361.8038627414214,7.401032702237521,538,581,43,0,538,577,42929,0,0,0,0,4
2020-06-20,US,Iowa,O'Brien,70,1,0,43.08310673,-95.62474482,19141.0,508.9798589398677,1.4285714285714286,69,70,1,0,69,69,13840,0,0,0,0,1
2020-06-20,US,Iowa,Osceola,49,0,0,43.37824276,-95.62422844,19143.0,822.4236320913056,0.0,49,49,0,0,49,49,6040,0,0,0,0,0
2020-06-20,US,Iowa,Page,18,0,0,40.7393172,-95.1497813,19145.0,119.1500628847554,0.0,18,18,0,0,18,18,15249,0,0,0,0,0
2020-06-20,US,Iowa,Palo Alto,21,0,0,43.08193849,-94.67824621,19147.0,236.32680621201888,0.0,21,19,0,0,19,18,8929,2,0,0,2,1
2020-06-20,US,Iowa,Plymouth,229,4,0,42.737633,-96.21366621,19149.0,909.5603129840728,1.7467248908296944,225,226,4,0,222,212,25095,3,0,0,3,14
2020-06-20,US,Iowa,Pocahontas,38,0,0,42.73420133,-94.67862564,19151.0,574.1048496751775,0.0,38,35,0,0,35,32,6740,3,0,0,3,3
2020-06-20,US,Iowa,Polk,5430,166,0,41.68679484,-93.57767461,19153.0,1107.7992741160558,3.0570902394106816,5264,5367,165,0,5202,5312,487204,63,1,0,62,55
2020-06-20,US,Iowa,Pottawattamie,586,11,0,41.33640314,-95.53907776,19155.0,628.714889599382,1.877133105802048,575,578,11,0,567,551,93533,8,0,0,8,27
2020-06-20,US,Iowa,Poweshiek,95,8,0,41.68625425,-92.53155731,19157.0,513.4025075659317,8.421052631578947,87,95,8,0,87,95,18699,0,0,0,0,0
2020-06-20,US,Iowa,Ringgold,11,0,0,40.73518949,-94.24368535,19159.0,224.76501838986516,0.0,11,10,0,0,10,10,4968,1,0,0,1,0
2020-06-20,US,Iowa,Sac,43,0,0,42.38624071,-95.10547892,19161.0,442.34132290916574,0.0,43,43,0,0,43,41,9719,0,0,0,0,2
2020-06-20,US,Iowa,Scott,432,10,0,41.63935978,-90.61959493,19163.0,249.7932844925785,2.314814814814815,422,425,10,0,415,418,173283,7,0,0,7,7
2020-06-20,US,Iowa,Shelby,73,0,0,41.6850066,-95.31015553,19165.0,637.3319364414177,0.0,73,69,0,0,69,62,11578,4,0,0,4,7
2020-06-20,US,Iowa,Sioux,409,0,0,43.08221074,-96.1767568,19167.0,1173.4327929995698,0.0,409,408,0,0,408,372,34909,1,0,0,1,36
2020-06-20,US,Iowa,Story,416,3,0,42.03621213,-93.46499005,19169.0,428.3493106253282,0.7211538461538461,413,378,3,0,375,342,98105,38,0,0,38,36
2020-06-20,US,Iowa,Tama,430,29,0,42.07991767,-92.53266945,19171.0,2551.323128040821,6.7441860465116275,401,429,29,0,400,429,16904,1,0,0,1,0
2020-06-20,US,Iowa,Taylor,75,0,0,40.73710579,-94.69778563,19173.0,1225.2899852965202,0.0,75,75,0,0,75,75,6191,0,0,0,0,0
2020-06-20,US,Iowa,Unassigned,5,0,0,0.0,0.0,90019.0,0.0,0.0,5,9,0,0,9,7,,-4,0,0,-4,2
2020-06-20,US,Iowa,Union,12,0,0,41.0277278,-94.24234847,19175.0,98.03120660076792,0.0,12,12,0,0,12,12,12359,0,0,0,0,0
2020-06-20,US,Iowa,Van Buren,11,0,0,40.75326764,-91.95017958,19177.0,156.16127200454287,0.0,11,11,0,0,11,11,7020,0,0,0,0,0
2020-06-20,US,Iowa,Wapello,681,27,0,41.03064984,-92.40954728,19179.0,1947.4391603992108,3.9647577092511015,654,681,27,0,654,681,35205,0,0,0,0,0
2020-06-20,US,Iowa,Warren,209,2,0,41.33559454,-93.56007641,19181.0,406.09334317802046,0.9569377990430622,207,205,2,0,203,201,51056,4,0,0,4,4
2020-06-20,US,Iowa,Washington,210,9,0,41.33577126,-91.71725711,19183.0,956.0664693831096,4.285714285714286,201,210,9,0,201,210,22141,0,0,0,0,0
2020-06-20,US,Iowa,Wayne,5,0,0,40.73969028,-93.32752197,19185.0,77.6276975624903,0.0,5,5,0,0,5,5,6401,0,0,0,0,0
2020-06-20,US,Iowa,Webster,113,1,0,42.42853483,-94.17987389,19187.0,314.7281639928699,0.8849557522123894,112,110,1,0,109,108,36277,3,0,0,3,2
2020-06-20,US,Iowa,Winnebago,13,0,0,43.37751174,-93.73407298,19189.0,125.55534093104114,0.0,13,13,0,0,13,12,10518,0,0,0,0,1
2020-06-20,US,Iowa,Winneshiek,24,0,0,43.29094334,-91.84422722,19191.0,120.05402431093992,0.0,24,24,0,0,24,24,20029,0,0,0,0,0
2020-06-20,US,Iowa,Woodbury,3054,42,0,42.38979414,-96.0459439,19193.0,2961.971544124065,1.3752455795677798,3012,3052,42,0,3010,3038,102539,2,0,0,2,14
2020-06-20,US,Iowa,Worth,6,0,0,43.37750768,-93.26087602,19195.0,81.28979813033466,0.0,6,6,0,0,6,6,7453,0,0,0,0,0
2020-06-20,US,Iowa,Wright,319,0,0,42.73305373,-93.73515113,19197.0,2539.404553415061,0.0,319,316,0,0,316,310,12690,3,0,0,3,6
2020-06-20,US,Kansas,Allen,2,0,0,37.88582951,-95.30030847,20001.0,16.169455897809037,0.0,2,2,0,0,2,2,12444,0,0,0,0,0
2020-06-20,US,Kansas,Anderson,3,0,0,38.21413251,-95.29272815,20003.0,38.17765334690761,0.0,3,3,0,0,3,3,7878,0,0,0,0,0
2020-06-20,US,Kansas,Atchison,27,0,0,39.53185661,-95.30870026,20005.0,167.98357493933926,0.0,27,27,0,0,27,27,16193,0,0,0,0,0
2020-06-20,US,Kansas,Barber,1,0,0,37.2288586,-98.68460053,20007.0,22.588660492432798,0.0,1,1,0,0,1,1,4472,0,0,0,0,0
2020-06-20,US,Kansas,Barton,52,2,0,38.47889676,-98.75636726,20009.0,201.7145738779627,3.8461538461538463,50,52,2,0,50,51,26111,0,0,0,0,1
2020-06-20,US,Kansas,Bourbon,9,1,0,37.85508555,-94.84865997,20011.0,61.92376496490986,11.111111111111109,8,9,1,0,8,9,14653,0,0,0,0,0
2020-06-20,US,Kansas,Brown,14,0,0,39.82652589,-95.56421698,20013.0,146.3822668339607,0.0,14,14,0,0,14,13,9598,0,0,0,0,1
2020-06-20,US,Kansas,Butler,47,0,0,37.78134351,-96.83878537,20015.0,70.2425610138841,0.0,47,47,0,0,47,41,66765,0,0,0,0,6
2020-06-20,US,Kansas,Chase,3,0,0,38.30292938,-96.59563862,20017.0,113.2930513595166,0.0,3,3,0,0,3,3,2629,0,0,0,0,0
2020-06-20,US,Kansas,Chautauqua,4,0,0,37.14994405,-96.2454192,20019.0,123.07692307692308,0.0,4,4,0,0,4,4,3309,0,0,0,0,0
2020-06-20,US,Kansas,Cherokee,17,0,0,37.16928494,-94.8462897,20021.0,85.26004313155124,0.0,17,17,0,0,17,17,20015,0,0,0,0,0
2020-06-20,US,Kansas,Cheyenne,2,0,0,39.78580976,-101.7318201,20023.0,75.27286413248024,0.0,2,2,0,0,2,2,2660,0,0,0,0,0
2020-06-20,US,Kansas,Clark,34,1,0,37.23577007,-99.81883015,20025.0,1705.1153460381142,2.9411764705882355,33,34,1,0,33,34,2005,0,0,0,0,0
2020-06-20,US,Kansas,Clay,6,2,0,39.34948772,-97.16518128,20027.0,74.9812546863284,33.333333333333336,4,6,2,0,4,6,7997,0,0,0,0,0
2020-06-20,US,Kansas,Cloud,7,0,0,39.48028352,-97.64925343,20029.0,79.6722057819258,0.0,7,7,0,0,7,6,8729,0,0,0,0,1
2020-06-20,US,Kansas,Coffey,52,8,0,38.2365018,-95.73379515,20031.0,635.7745445653503,15.384615384615385,44,52,8,0,44,52,8233,0,0,0,0,0
2020-06-20,US,Kansas,Comanche,2,0,0,37.19114520000001,-99.27113247,20033.0,117.64705882352942,0.0,2,2,0,0,2,2,1748,0,0,0,0,0
2020-06-20,US,Kansas,Cowley,55,1,0,37.23781842,-96.83776647,20035.0,157.55700698980178,1.818181818181818,54,55,1,0,54,49,35218,0,0,0,0,6
2020-06-20,US,Kansas,Crawford,167,1,0,37.50675523,-94.85245778,20037.0,430.21278788191046,0.5988023952095808,166,167,1,0,166,156,39019,0,0,0,0,11
2020-06-20,US,Kansas,Dickinson,6,1,0,38.86600962,-97.15532383,20041.0,32.492147730965016,16.666666666666668,5,6,1,0,5,6,18717,0,0,0,0,0
2020-06-20,US,Kansas,Doniphan,24,0,0,39.79067154,-95.14056866,20043.0,315.7894736842105,0.0,24,24,0,0,24,23,7682,0,0,0,0,1
2020-06-20,US,Kansas,Douglas,91,0,0,38.88503636,-95.2925121,20045.0,74.43214814451288,0.0,91,91,0,0,91,86,121436,0,0,0,0,5
2020-06-20,US,Kansas,Edwards,6,0,0,37.88735543,-99.31263309,20047.0,214.43888491779842,0.0,6,6,0,0,6,5,2849,0,0,0,0,1
2020-06-20,US,Kansas,Ellis,14,0,0,38.91458712,-99.31751551,20051.0,49.031625398381955,0.0,14,14,0,0,14,13,28710,0,0,0,0,1
2020-06-20,US,Kansas,Ellsworth,3,0,0,38.69677695,-98.20462799,20053.0,49.164208456243855,0.0,3,3,0,0,3,3,6196,0,0,0,0,0
2020-06-20,US,Kansas,Finney,1546,10,0,38.04340344,-100.7381938,20055.0,4239.449365179477,0.6468305304010349,1536,1546,10,0,1536,1545,36611,0,0,0,0,1
2020-06-20,US,Kansas,Ford,1892,8,0,37.69200114,-99.88825298,20057.0,5627.770011005681,0.4228329809725159,1884,1892,8,0,1884,1873,33888,0,0,0,0,19
2020-06-20,US,Kansas,Franklin,57,0,0,38.56443815,-95.28644341,20059.0,223.1443783275916,0.0,57,57,0,0,57,53,25631,0,0,0,0,4
2020-06-20,US,Kansas,Geary,33,1,0,38.99871131,-96.7577178,20061.0,104.19955794126932,3.0303030303030303,32,33,1,0,32,32,32594,0,0,0,0,1
2020-06-20,US,Kansas,Gove,1,0,0,38.91588178,-100.4829321,20063.0,37.93626707132018,0.0,1,1,0,0,1,1,2612,0,0,0,0,0
2020-06-20,US,Kansas,Grant,22,1,0,37.56227336,-101.3079758,20067.0,307.6923076923077,4.545454545454546,21,22,1,0,21,18,7336,0,0,0,0,4
2020-06-20,US,Kansas,Gray,24,0,0,37.73836671,-100.4369088,20069.0,400.80160320641284,0.0,24,24,0,0,24,24,6033,0,0,0,0,0
2020-06-20,US,Kansas,Greenwood,11,0,0,37.8774388,-96.23250453,20073.0,183.884988298228,0.0,11,11,0,0,11,11,6055,0,0,0,0,0
2020-06-20,US,Kansas,Hamilton,28,0,0,37.99978709,-101.7921066,20075.0,1102.7963765261914,0.0,28,28,0,0,28,28,2607,0,0,0,0,0
2020-06-20,US,Kansas,Harper,2,0,0,37.19175361,-98.07578384,20077.0,36.79175864606328,0.0,2,2,0,0,2,2,5506,0,0,0,0,0
2020-06-20,US,Kansas,Harvey,13,0,0,38.04293782,-97.42747573,20079.0,37.758866072206565,0.0,13,13,0,0,13,12,34210,0,0,0,0,1
2020-06-20,US,Kansas,Haskell,23,0,0,37.5620394,-100.8710738,20081.0,579.6370967741935,0.0,23,23,0,0,23,22,3997,0,0,0,0,1
2020-06-20,US,Kansas,Hodgeman,8,0,0,38.08780079,-99.89829881,20083.0,445.9308807134894,0.0,8,8,0,0,8,7,1818,0,0,0,0,1
2020-06-20,US,Kansas,Jackson,104,1,0,39.41673394,-95.79356799,20085.0,789.6135449092703,0.9615384615384616,103,104,1,0,103,104,13280,0,0,0,0,0
2020-06-20,US,Kansas,Jefferson,22,0,0,39.2347941,-95.38289232,20087.0,115.52801554376936,0.0,22,22,0,0,22,22,18975,0,0,0,0,0
2020-06-20,US,Kansas,Jewell,4,0,0,39.78470589,-98.21820662,20089.0,138.9371309482459,0.0,4,4,0,0,4,4,2841,0,0,0,0,0
2020-06-20,US,Kansas,Johnson,1236,79,0,38.88548175,-94.82250877,20091.0,205.1789422660321,6.391585760517799,1157,1197,77,0,1120,1150,597555,39,2,0,37,47
2020-06-20,US,Kansas,Kearny,46,1,0,38.00017981,-101.321681,20093.0,1198.540906722251,2.1739130434782608,45,46,1,0,45,46,3943,0,0,0,0,0
2020-06-20,US,Kansas,Kiowa,3,0,0,37.55848695,-99.2856537,20097.0,121.21212121212122,0.0,3,3,0,0,3,3,2516,0,0,0,0,0
2020-06-20,US,Kansas,Labette,28,0,0,37.19113093,-95.29849679,20099.0,142.72606789682942,0.0,28,28,0,0,28,27,19964,0,0,0,0,1
2020-06-20,US,Kansas,Lane,5,0,0,38.48119447,-100.4660754,20101.0,325.73289902280135,0.0,5,5,0,0,5,4,1560,0,0,0,0,1
2020-06-20,US,Kansas,Leavenworth,1122,7,0,39.20183497,-95.03620809,20103.0,1372.342767680227,0.6238859180035651,1115,1122,7,0,1115,1120,81352,0,0,0,0,2
2020-06-20,US,Kansas,Linn,12,0,0,38.21267844,-94.84254089,20107.0,123.67309079666084,0.0,12,12,0,0,12,12,9750,0,0,0,0,0
2020-06-20,US,Kansas,Lyon,476,6,0,38.45576156,-96.15275715,20111.0,1433.9508962193104,1.2605042016806722,470,476,6,0,470,476,33406,0,0,0,0,0
2020-06-20,US,Kansas,Marion,7,1,0,38.35855394,-97.0985251,20115.0,58.902726354762706,14.285714285714285,6,7,1,0,6,7,11950,0,0,0,0,0
2020-06-20,US,Kansas,McPherson,41,0,0,38.39184858,-97.64769869,20113.0,143.647957396118,0.0,41,41,0,0,41,41,28537,0,0,0,0,0
2020-06-20,US,Kansas,Meade,30,0,0,37.23859987,-100.364831,20119.0,743.86312918423,0.0,30,30,0,0,30,30,4146,0,0,0,0,0
2020-06-20,US,Kansas,Miami,20,0,0,38.56383358,-94.83832189,20121.0,58.41633320676461,0.0,20,20,0,0,20,16,33680,0,0,0,0,4
2020-06-20,US,Kansas,Mitchell,4,0,0,39.39331582,-98.20906732,20123.0,66.9008195350393,0.0,4,4,0,0,4,4,6150,0,0,0,0,0
2020-06-20,US,Kansas,Montgomery,25,3,0,37.19236568,-95.74329258,20125.0,78.5447233654843,12.0,22,25,3,0,22,25,32120,0,0,0,0,0
2020-06-20,US,Kansas,Morris,5,0,0,38.68827511,-96.65128437,20127.0,88.96797153024912,0.0,5,5,0,0,5,5,5521,0,0,0,0,0
2020-06-20,US,Kansas,Morton,6,1,0,37.19141121,-101.79925190000002,20129.0,231.92887514495555,16.666666666666668,5,6,1,0,5,6,2667,0,0,0,0,0
2020-06-20,US,Kansas,Nemaha,22,0,0,39.78345387,-96.01392079,20131.0,215.0327436223243,0.0,22,22,0,0,22,22,10155,0,0,0,0,0
2020-06-20,US,Kansas,Neosho,17,0,0,37.55862897,-95.30670046,20133.0,106.20353595302055,0.0,17,17,0,0,17,10,15951,0,0,0,0,7
2020-06-20,US,Kansas,Ness,4,0,0,38.47974157,-99.91547333,20135.0,145.45454545454547,0.0,4,4,0,0,4,4,2840,0,0,0,0,0
2020-06-20,US,Kansas,Norton,3,0,0,39.78443827,-99.90286639,20137.0,55.95970900951315,0.0,3,3,0,0,3,3,5430,0,0,0,0,0
2020-06-20,US,Kansas,Osage,10,0,0,38.65235984,-95.72707998,20139.0,62.699855790331675,0.0,10,10,0,0,10,10,15941,0,0,0,0,0
2020-06-20,US,Kansas,Osborne,2,0,0,39.3503437,-98.76753828,20141.0,58.46243788365975,0.0,2,2,0,0,2,2,3475,0,0,0,0,0
2020-06-20,US,Kansas,Ottawa,4,0,0,39.13237408,-97.65020313,20143.0,70.12622720897616,0.0,4,4,0,0,4,4,5802,0,0,0,0,0
2020-06-20,US,Kansas,Pawnee,3,0,0,38.18108732,-99.23692334,20145.0,46.772684752104766,0.0,3,3,0,0,3,3,6562,0,0,0,0,0
2020-06-20,US,Kansas,Phillips,2,0,0,39.78465501,-99.34668865,20147.0,38.211692777990066,0.0,2,2,0,0,2,2,5317,0,0,0,0,0
2020-06-20,US,Kansas,Pottawatomie,42,0,0,39.37925655,-96.34564657,20149.0,172.25115859410244,0.0,42,42,0,0,42,40,24277,0,0,0,0,2
2020-06-20,US,Kansas,Pratt,6,0,0,37.64780729,-98.73922153,20151.0,65.47359231776517,0.0,6,6,0,0,6,6,9378,0,0,0,0,0
2020-06-20,US,Kansas,Reno,55,0,0,37.95230263,-98.08607292,20155.0,88.71253911416497,0.0,55,53,0,0,53,50,62342,2,0,0,2,3
2020-06-20,US,Kansas,Republic,4,0,0,39.82799632,-97.65036709,20157.0,86.28127696289906,0.0,4,4,0,0,4,4,4664,0,0,0,0,0
2020-06-20,US,Kansas,Rice,4,0,0,38.34616184,-98.19992118,20159.0,41.94191045402118,0.0,4,4,0,0,4,4,9531,0,0,0,0,0
2020-06-20,US,Kansas,Riley,103,3,0,39.28935726,-96.73420026,20161.0,138.7541760965621,2.9126213592233015,100,103,3,0,100,91,73703,0,0,0,0,12
2020-06-20,US,Kansas,Rooks,6,0,0,39.35022773,-99.32484567,20163.0,121.95121951219512,0.0,6,6,0,0,6,6,5013,0,0,0,0,0
2020-06-20,US,Kansas,Saline,40,2,0,38.78369175,-97.65185177,20169.0,73.76807317792858,5.0,38,40,2,0,38,33,54401,0,0,0,0,7
2020-06-20,US,Kansas,Scott,16,0,0,38.48222076,-100.9066539,20171.0,331.74372797014314,0.0,16,16,0,0,16,16,4897,0,0,0,0,0
2020-06-20,US,Kansas,Sedgwick,867,25,0,37.6842718,-97.4608198,20173.0,168.00958061553132,2.883506343713956,842,846,25,0,821,821,513607,21,0,0,21,25
2020-06-20,US,Kansas,Seward,955,2,0,37.19324632,-100.8507201,20175.0,4456.785514280381,0.2094240837696335,953,955,2,0,953,940,21780,0,0,0,0,15
2020-06-20,US,Kansas,Shawnee,491,9,0,39.04100763,-95.7557264,20177.0,277.5971731448763,1.8329938900203664,482,477,9,0,468,469,177499,14,0,0,14,8
2020-06-20,US,Kansas,Sheridan,3,0,0,39.35018161,-100.4418259,20179.0,119.00039666798891,0.0,3,3,0,0,3,3,2533,0,0,0,0,0
2020-06-20,US,Kansas,Sherman,7,0,0,39.35147699,-101.7197624,20181.0,118.30319418624303,0.0,7,7,0,0,7,7,5899,0,0,0,0,0
2020-06-20,US,Kansas,Smith,3,0,0,39.78516566,-98.78566062,20183.0,83.72871895060004,0.0,3,3,0,0,3,3,3603,0,0,0,0,0
2020-06-20,US,Kansas,Stafford,1,0,0,38.03100851,-98.71762001,20185.0,24.06159769008662,0.0,1,1,0,0,1,1,4178,0,0,0,0,0
2020-06-20,US,Kansas,Stanton,9,0,0,37.56304714,-101.7843534,20187.0,448.65403788634103,0.0,9,9,0,0,9,9,1987,0,0,0,0,0
2020-06-20,US,Kansas,Stevens,30,0,0,37.1923008,-101.3118967,20189.0,546.9462169553327,0.0,30,30,0,0,30,30,5559,0,0,0,0,0
2020-06-20,US,Kansas,Sumner,9,1,0,37.23682549,-97.47721621,20191.0,39.411455596426684,11.111111111111109,8,9,1,0,8,9,22996,0,0,0,0,0
2020-06-20,US,Kansas,Trego,1,0,0,38.91467218,-99.87284448,20195.0,35.676061362825536,0.0,1,1,0,0,1,1,2793,0,0,0,0,0
2020-06-20,US,Kansas,Wabaunsee,32,0,0,38.95471985,-96.20350509,20197.0,461.6938392728322,0.0,32,32,0,0,32,32,6899,0,0,0,0,0
2020-06-20,US,Kansas,Washington,1,0,0,39.78420784,-97.0875323,20201.0,18.49796522382538,0.0,1,1,0,0,1,1,5420,0,0,0,0,0
2020-06-20,US,Kansas,Wilson,1,0,0,37.55937174,-95.74323255,20205.0,11.730205278592374,0.0,1,1,0,0,1,1,8665,0,0,0,0,0
2020-06-20,US,Kansas,Woodson,6,0,0,37.8865336,-95.74006277,20207.0,191.20458891013385,0.0,6,6,0,0,6,6,3183,0,0,0,0,0
2020-06-20,US,Kansas,Wyandotte,1834,78,0,39.11727348,-94.76378225,20209.0,1108.632706478308,4.252998909487459,1756,1834,77,0,1757,1766,165324,0,1,0,-1,68
2020-06-20,US,Kentucky,Adair,105,19,0,37.10459774,-85.28129668,21001.0,546.8180397875221,18.095238095238095,86,104,19,0,85,103,19215,1,0,0,1,1
2020-06-20,US,Kentucky,Allen,145,4,0,36.75197631,-86.19457544,21003.0,680.2721088435375,2.7586206896551726,141,145,4,0,141,136,21122,0,0,0,0,9
2020-06-20,US,Kentucky,Anderson,27,1,0,38.00671029,-84.99171713,21005.0,118.69697102914671,3.703703703703704,26,27,1,0,26,27,22663,0,0,0,0,0
2020-06-20,US,Kentucky,Ballard,14,0,0,37.05842757,-88.99427697,21007.0,177.4847870182556,0.0,14,14,0,0,14,14,7979,0,0,0,0,0
2020-06-20,US,Kentucky,Barren,70,2,0,36.96469836,-85.93338945,21009.0,158.19566543876698,2.8571428571428568,68,70,2,0,68,68,44176,0,0,0,0,2
2020-06-20,US,Kentucky,Bath,10,1,0,38.14735938,-83.74588932,21011.0,80.0,10.0,9,10,1,0,9,10,12383,0,0,0,0,0
2020-06-20,US,Kentucky,Bell,4,0,0,36.73355174,-83.67766671,21013.0,15.365703749231715,0.0,4,4,0,0,4,4,26569,0,0,0,0,0
2020-06-20,US,Kentucky,Boone,566,23,0,38.97065142,-84.72615357,21015.0,423.7129531894506,4.063604240282685,543,561,23,0,538,557,131533,5,0,0,5,4
2020-06-20,US,Kentucky,Bourbon,27,1,0,38.2054607,-84.21827874,21017.0,136.44633110976352,3.703703703703704,26,26,1,0,25,26,20184,1,0,0,1,0
2020-06-20,US,Kentucky,Boyd,48,3,0,38.36176608,-82.68652187,21019.0,102.74412432039044,6.25,45,47,3,0,44,45,47240,1,0,0,1,2
2020-06-20,US,Kentucky,Boyle,31,0,0,37.62680923,-84.8633779,21021.0,103.12707917498336,0.0,31,31,0,0,31,31,30100,0,0,0,0,0
2020-06-20,US,Kentucky,Bracken,16,0,0,38.69158994,-84.08532444,21023.0,192.70143321690955,0.0,16,15,0,0,15,15,8239,1,0,0,1,0
2020-06-20,US,Kentucky,Breathitt,4,0,0,37.52333168,-83.31959161,21025.0,31.670625494853525,0.0,4,4,0,0,4,4,12726,0,0,0,0,0
2020-06-20,US,Kentucky,Breckinridge,24,2,0,37.77377239,-86.42885017,21027.0,117.2046686526347,8.333333333333334,22,23,2,0,21,23,20388,1,0,0,1,0
2020-06-20,US,Kentucky,Bullitt,144,4,0,37.97162523,-85.68955617,21029.0,176.30638131152358,2.7777777777777777,140,141,4,0,137,138,81069,3,0,0,3,3
2020-06-20,US,Kentucky,Butler,246,13,0,37.20946153,-86.68748787,21031.0,1910.0861868157465,5.284552845528455,233,247,13,0,234,246,12772,-1,0,0,-1,1
2020-06-20,US,Kentucky,Caldwell,12,0,0,37.14749129,-87.86948214,21033.0,94.13979759943516,0.0,12,12,0,0,12,12,12715,0,0,0,0,0
2020-06-20,US,Kentucky,Calloway,65,1,0,36.62093411,-88.2731593,21035.0,166.66239327196737,1.5384615384615383,64,63,1,0,62,63,39135,2,0,0,2,0
2020-06-20,US,Kentucky,Campbell,225,12,0,38.94384345,-84.37875208,21037.0,240.4257137972303,5.333333333333333,213,219,12,0,207,213,93152,6,0,0,6,6
2020-06-20,US,Kentucky,Carlisle,5,1,0,36.85372876,-88.96692220000001,21039.0,105.04201680672269,20.0,4,5,1,0,4,5,4771,0,0,0,0,0
2020-06-20,US,Kentucky,Carroll,29,0,0,38.66599534,-85.12601074,21041.0,272.78713197253313,0.0,29,26,0,0,26,26,10737,3,0,0,3,0
2020-06-20,US,Kentucky,Carter,21,0,0,38.31690743,-83.05092385,21043.0,78.36698137851252,0.0,21,21,0,0,21,20,27004,0,0,0,0,1
2020-06-20,US,Kentucky,Casey,13,0,0,37.32533118,-84.92726209,21045.0,80.45052292839905,0.0,13,11,0,0,11,11,15888,2,0,0,2,0
2020-06-20,US,Kentucky,Christian,145,3,0,36.89267803,-87.49055367,21047.0,205.7875988135281,2.0689655172413794,142,144,3,0,141,138,71671,1,0,0,1,6
2020-06-20,US,Kentucky,Clark,84,0,0,37.9689263,-84.14615986,21049.0,231.6410666519593,0.0,84,80,0,0,80,79,36249,4,0,0,4,1
2020-06-20,US,Kentucky,Clay,31,3,0,37.16451126,-83.712575,21051.0,155.7710667805638,9.677419354838712,28,30,3,0,27,27,20105,1,0,0,1,3
2020-06-20,US,Kentucky,Clinton,5,0,0,36.72581156,-85.13377529,21053.0,48.933255040125275,0.0,5,5,0,0,5,5,10206,0,0,0,0,0
2020-06-20,US,Kentucky,Crittenden,7,1,0,37.35839237,-88.08826090000002,21055.0,79.4912559618442,14.285714285714285,6,7,1,0,6,7,8915,0,0,0,0,0
2020-06-20,US,Kentucky,Cumberland,5,0,0,36.78926125,-85.39050034,21057.0,75.59721802237678,0.0,5,5,0,0,5,5,6659,0,0,0,0,0
2020-06-20,US,Kentucky,Daviess,375,8,0,37.73028906,-87.09019479999998,21059.0,369.4180926205041,2.1333333333333333,367,373,8,0,365,370,101104,2,0,0,2,3
2020-06-20,US,Kentucky,Edmonson,71,11,0,37.21218923,-86.23955613,21061.0,584.3621399176955,15.492957746478874,60,71,11,0,60,71,12274,0,0,0,0,0
2020-06-20,US,Kentucky,Elliott,2,0,0,38.11624059,-83.09771563,21063.0,26.60635891978183,0.0,2,2,0,0,2,2,7508,0,0,0,0,0
2020-06-20,US,Kentucky,Estill,5,0,0,37.69241417,-83.95956369,21065.0,35.44590954203885,0.0,5,5,0,0,5,5,14198,0,0,0,0,0
2020-06-20,US,Kentucky,Fayette,1147,18,0,38.0368225,-84.45576892,21067.0,354.9413279199881,1.5693112467306016,1129,1135,18,0,1117,1120,323780,12,0,0,12,15
2020-06-20,US,Kentucky,Fleming,12,0,0,38.36758311,-83.69657514,21069.0,82.29888210685138,0.0,12,12,0,0,12,10,14432,0,0,0,0,2
2020-06-20,US,Kentucky,Floyd,26,0,0,37.56213922,-82.74750924,21071.0,73.05628143527494,0.0,26,25,0,0,25,22,35845,1,0,0,1,3
2020-06-20,US,Kentucky,Franklin,109,3,0,38.2379395,-84.87962551,21073.0,213.76321311604008,2.7522935779816518,106,108,3,0,105,108,50815,1,0,0,1,0
2020-06-20,US,Kentucky,Fulton,15,0,0,36.55238827,-89.20140068,21075.0,251.2983749371754,0.0,15,15,0,0,15,14,6120,0,0,0,0,1
2020-06-20,US,Kentucky,Gallatin,57,7,0,38.75398691,-84.8558382,21077.0,642.6880144322922,12.280701754385964,50,57,7,0,50,57,8832,0,0,0,0,0
2020-06-20,US,Kentucky,Garrard,16,0,0,37.6388668,-84.53289319,21079.0,90.5694554511491,0.0,16,16,0,0,16,14,17560,0,0,0,0,2
2020-06-20,US,Kentucky,Grant,53,4,0,38.64962758,-84.62415957,21081.0,211.41649048625797,7.547169811320754,49,53,4,0,49,53,25121,0,0,0,0,0
2020-06-20,US,Kentucky,Graves,183,20,0,36.72292505,-88.65143315,21083.0,491.064240862985,10.928961748633881,163,183,20,0,163,180,37317,0,0,0,0,3
2020-06-20,US,Kentucky,Grayson,137,10,0,37.46231118,-86.34248968,21085.0,518.4092027093503,7.299270072992702,127,137,10,0,127,137,26321,0,0,0,0,0
2020-06-20,US,Kentucky,Green,6,1,0,37.26484328,-85.5540745,21087.0,54.83959418700302,16.666666666666668,5,4,1,0,3,3,11049,2,0,0,2,1
2020-06-20,US,Kentucky,Greenup,16,0,0,38.54332505,-82.9215658,21089.0,45.586643113567725,0.0,16,16,0,0,16,16,35268,0,0,0,0,0
2020-06-20,US,Kentucky,Hancock,11,0,0,37.83766422,-86.78280584,21091.0,126.11786287548729,0.0,11,11,0,0,11,11,8758,0,0,0,0,0
2020-06-20,US,Kentucky,Hardin,134,5,0,37.6976111,-85.96319251,21093.0,120.76641612141529,3.7313432835820897,129,135,5,0,130,135,110356,-1,0,0,-1,0
2020-06-20,US,Kentucky,Harlan,16,1,0,36.85699301,-83.21899516,21095.0,61.51480199923107,6.25,15,16,1,0,15,15,26409,0,0,0,0,1
2020-06-20,US,Kentucky,Harrison,58,0,0,38.44188174,-84.32869741,21097.0,307.1057926506407,0.0,58,54,0,0,54,53,18778,4,0,0,4,1
2020-06-20,US,Kentucky,Hart,35,0,0,37.29943898,-85.88461055,21099.0,183.87181507748886,0.0,35,33,0,0,33,32,18906,2,0,0,2,1
2020-06-20,US,Kentucky,Henderson,144,3,0,37.79344553,-87.57392021,21101.0,318.51360318513605,2.083333333333333,141,143,3,0,140,141,45591,1,0,0,1,2
2020-06-20,US,Kentucky,Henry,28,2,0,38.44942688,-85.11587507,21103.0,173.63264293687214,7.142857142857142,26,28,2,0,26,28,16106,0,0,0,0,0
2020-06-20,US,Kentucky,Hickman,5,0,0,36.67948079999999,-88.97875928,21105.0,114.15525114155253,0.0,5,5,0,0,5,5,4421,0,0,0,0,0
2020-06-20,US,Kentucky,Hopkins,232,32,0,37.30939025,-87.54670406,21107.0,519.1782661236182,13.79310344827586,200,231,31,0,200,230,45068,1,1,0,0,1
2020-06-20,US,Kentucky,Jackson,90,13,0,37.41866422,-83.99825483,21109.0,675.219446320054,14.444444444444445,77,85,13,0,72,81,13442,5,0,0,5,4
2020-06-20,US,Kentucky,Jefferson,3561,184,0,38.18664655,-85.65931031,21111.0,464.4235396611965,5.167087896658242,3377,3528,183,0,3345,3481,770517,33,1,0,32,47
2020-06-20,US,Kentucky,Jessamine,96,0,0,37.87119786,-84.58252003,21113.0,177.39998152083527,0.0,96,95,0,0,95,90,53920,1,0,0,1,5
2020-06-20,US,Kentucky,Johnson,9,0,0,37.85106355,-82.8264322,21115.0,40.56246619794484,0.0,9,8,0,0,8,7,22386,1,0,0,1,1
2020-06-20,US,Kentucky,Kenton,717,36,0,38.93950319,-84.53241199,21117.0,429.3464592390328,5.02092050209205,681,709,36,0,673,706,166051,8,0,0,8,3
2020-06-20,US,Kentucky,Knott,4,0,0,37.35388197,-82.94981134,21119.0,27.016074564365802,0.0,4,4,0,0,4,4,15126,0,0,0,0,0
2020-06-20,US,Kentucky,Knox,13,0,0,36.89225732,-83.85403396,21121.0,41.74024723069513,0.0,13,13,0,0,13,12,31304,0,0,0,0,1
2020-06-20,US,Kentucky,Larue,11,1,0,37.54567114,-85.70138352,21123.0,76.3994999305459,9.090909090909092,10,11,1,0,10,11,14307,0,0,0,0,0
2020-06-20,US,Kentucky,Laurel,54,2,0,37.10975748,-84.11321779,21125.0,88.79680331508067,3.703703703703704,52,52,2,0,50,48,60669,2,0,0,2,4
2020-06-20,US,Kentucky,Lawrence,5,0,0,38.07136018,-82.72882223,21127.0,32.64346804204479,0.0,5,5,0,0,5,5,15571,0,0,0,0,0
2020-06-20,US,Kentucky,Lee,1,0,0,37.59645942,-83.71513901,21129.0,13.508037282182901,0.0,1,1,0,0,1,1,7033,0,0,0,0,0
2020-06-20,US,Kentucky,Leslie,7,0,0,37.09246661,-83.37999606,21131.0,70.87172218284904,0.0,7,7,0,0,7,7,10143,0,0,0,0,0
2020-06-20,US,Kentucky,Letcher,8,0,0,37.12306748,-82.85346474,21133.0,37.11780262608453,0.0,8,6,0,0,6,6,21899,2,0,0,2,0
2020-06-20,US,Kentucky,Lewis,16,0,0,38.53184419,-83.37735618,21135.0,120.52730696798493,0.0,16,16,0,0,16,16,13257,0,0,0,0,0
2020-06-20,US,Kentucky,Lincoln,17,1,0,37.45475628,-84.6565327,21137.0,69.24925658886309,5.882352941176472,16,17,1,0,16,15,24644,0,0,0,0,2
2020-06-20,US,Kentucky,Livingston,8,0,0,37.21137452,-88.34797529,21139.0,87.01326952360235,0.0,8,8,0,0,8,8,9242,0,0,0,0,0
2020-06-20,US,Kentucky,Logan,202,10,0,36.85949479,-86.877635,21141.0,745.3324477898309,4.950495049504951,192,201,10,0,191,201,26989,1,0,0,1,0
2020-06-20,US,Kentucky,Lyon,18,3,0,37.02080035,-88.07886257,21143.0,219.2448233861145,16.666666666666668,15,18,3,0,15,18,8009,0,0,0,0,0
2020-06-20,US,Kentucky,Madison,94,1,0,37.71659336,-84.27220275,21151.0,101.08939959349155,1.0638297872340423,93,91,1,0,90,86,92368,3,0,0,3,5
2020-06-20,US,Kentucky,Magoffin,5,0,0,37.70820545,-83.0657714,21153.0,41.115039881588686,0.0,5,5,0,0,5,4,12362,0,0,0,0,1
2020-06-20,US,Kentucky,Marion,46,0,0,37.55218078,-85.26898542,21155.0,238.6758677943237,0.0,46,45,0,0,45,45,19404,1,0,0,1,0
2020-06-20,US,Kentucky,Marshall,50,2,0,36.88007070000001,-88.32803576,21157.0,160.77170418006432,4.0,48,50,2,0,48,48,31191,0,0,0,0,2
2020-06-20,US,Kentucky,Martin,3,0,0,37.79990579,-82.51247478,21159.0,26.797677534613662,0.0,3,3,0,0,3,3,11323,0,0,0,0,0
2020-06-20,US,Kentucky,Mason,24,0,0,38.59471935,-83.82151043,21161.0,140.597539543058,0.0,24,18,0,0,18,18,17150,6,0,0,6,0
2020-06-20,US,Kentucky,McCracken,134,3,0,37.05350953,-88.70445755,21145.0,204.83658931792476,2.238805970149253,131,134,3,0,131,129,65346,0,0,0,0,5
2020-06-20,US,Kentucky,McCreary,13,0,0,36.73874143,-84.48102924,21147.0,75.44541814172132,0.0,13,13,0,0,13,13,17408,0,0,0,0,0
2020-06-20,US,Kentucky,McLean,24,1,0,37.5301951,-87.26803443,21149.0,260.67122841316393,4.166666666666667,23,24,1,0,23,24,9252,0,0,0,0,0
2020-06-20,US,Kentucky,Meade,24,2,0,37.96163597,-86.21028219,21163.0,83.99832003359933,8.333333333333334,22,24,2,0,22,24,28715,0,0,0,0,0
2020-06-20,US,Kentucky,Menifee,10,0,0,37.94090733,-83.59985712,21165.0,154.10695022345507,0.0,10,10,0,0,10,10,6451,0,0,0,0,0
2020-06-20,US,Kentucky,Mercer,17,0,0,37.81474237,-84.87488475,21167.0,77.50877672912964,0.0,17,17,0,0,17,17,21774,0,0,0,0,0
2020-06-20,US,Kentucky,Metcalfe,8,2,0,36.99459295,-85.63123699,21169.0,79.43600436898024,25.0,6,8,2,0,6,8,10030,0,0,0,0,0
2020-06-20,US,Kentucky,Monroe,32,0,0,36.71225341,-85.71596443,21171.0,300.4694835680752,0.0,32,32,0,0,32,32,10718,0,0,0,0,0
2020-06-20,US,Kentucky,Montgomery,44,0,0,38.03253032,-83.9145241,21173.0,156.2666477252548,0.0,44,41,0,0,41,41,28203,3,0,0,3,0
2020-06-20,US,Kentucky,Morgan,7,0,0,37.92465657,-83.25558245,21175.0,52.59598767751147,0.0,7,7,0,0,7,7,13345,0,0,0,0,0
2020-06-20,US,Kentucky,Muhlenberg,492,8,0,37.21425819,-87.14632053,21177.0,1606.6880020900005,1.6260162601626016,484,491,8,0,483,482,30774,1,0,0,1,9
2020-06-20,US,Kentucky,Nelson,53,1,0,37.80335779,-85.4657193,21179.0,114.6367313390868,1.8867924528301887,52,50,1,0,49,50,45851,3,0,0,3,0
2020-06-20,US,Kentucky,Nicholas,5,0,0,38.33342292,-84.01889177,21181.0,68.78525244187647,0.0,5,5,0,0,5,4,7166,0,0,0,0,1
2020-06-20,US,Kentucky,Ohio,171,0,0,37.47751843,-86.85368087,21183.0,712.6781695423856,0.0,171,171,0,0,171,168,24087,0,0,0,0,3
2020-06-20,US,Kentucky,Oldham,116,6,0,38.39791089,-85.448222,21185.0,173.65529424093174,5.172413793103448,110,116,6,0,110,114,66470,0,0,0,0,2
2020-06-20,US,Kentucky,Owen,5,0,0,38.51679143,-84.82404619,21187.0,45.86735161911753,0.0,5,5,0,0,5,5,10880,0,0,0,0,0
2020-06-20,US,Kentucky,Owsley,2,0,0,37.42823949,-83.68811419,21189.0,45.30011325028314,0.0,2,2,0,0,2,2,4472,0,0,0,0,0
2020-06-20,US,Kentucky,Pendleton,14,0,0,38.69607718,-84.35599463,21191.0,95.95613433858809,0.0,14,14,0,0,14,14,14529,0,0,0,0,0
2020-06-20,US,Kentucky,Perry,39,1,0,37.25023553,-83.22922731,21193.0,151.40927090612624,2.5641025641025643,38,38,1,0,37,25,26092,1,0,0,1,13
2020-06-20,US,Kentucky,Pike,62,2,0,37.47088263,-82.39487445,21195.0,107.12557882369205,3.2258064516129035,60,59,2,0,57,54,58402,3,0,0,3,5
2020-06-20,US,Kentucky,Powell,5,0,0,37.83218794,-83.82553961,21197.0,40.456347600938585,0.0,5,5,0,0,5,5,12442,0,0,0,0,0
2020-06-20,US,Kentucky,Pulaski,75,2,0,37.10466131,-84.57629079,21199.0,115.42190553871252,2.6666666666666665,73,74,2,0,72,74,64623,1,0,0,1,0
2020-06-20,US,Kentucky,Rockcastle,16,0,0,37.36642393,-84.31176452,21203.0,95.83707696915243,0.0,16,16,0,0,16,16,16750,0,0,0,0,0
2020-06-20,US,Kentucky,Rowan,17,0,0,38.19484205,-83.42088935,21205.0,69.50122649223222,0.0,17,17,0,0,17,15,24583,0,0,0,0,2
2020-06-20,US,Kentucky,Russell,38,4,0,36.99308373,-85.06070117,21207.0,212.01807733080398,10.526315789473683,34,38,4,0,34,38,17821,0,0,0,0,0
2020-06-20,US,Kentucky,Scott,66,0,0,38.29622293,-84.5816631,21209.0,115.7813486772858,0.0,66,60,0,0,60,57,56031,6,0,0,6,3
2020-06-20,US,Kentucky,Shelby,358,6,0,38.21476019,-85.194223,21211.0,730.2545691906005,1.675977653631285,352,347,6,0,341,314,48518,11,0,0,11,33
2020-06-20,US,Kentucky,Simpson,62,3,0,36.74058474,-86.58047435,21213.0,333.83588197286235,4.838709677419356,59,62,3,0,59,61,18529,0,0,0,0,1
2020-06-20,US,Kentucky,Spencer,29,0,0,38.03223971,-85.32749335,21215.0,149.8630561728076,0.0,29,28,0,0,28,28,18794,1,0,0,1,0
2020-06-20,US,Kentucky,Taylor,29,1,0,37.3677562,-85.3329931,21217.0,112.53832123869766,3.4482758620689653,28,25,1,0,24,25,25549,4,0,0,4,0
2020-06-20,US,Kentucky,Todd,23,0,0,36.8381152,-87.17878374,21219.0,187.0831299821051,0.0,23,23,0,0,23,23,12311,0,0,0,0,0
2020-06-20,US,Kentucky,Trigg,22,0,0,36.80767017,-87.87333656,21221.0,150.16039860760358,0.0,22,20,0,0,20,18,14643,2,0,0,2,2
2020-06-20,US,Kentucky,Trimble,5,0,0,38.61056487,-85.33775972,21223.0,59.024908511391814,0.0,5,4,0,0,4,4,8515,1,0,0,1,0
2020-06-20,US,Kentucky,Unassigned,21,0,0,0.0,0.0,90021.0,0.0,0.0,21,21,0,0,21,18,,0,0,0,0,3
2020-06-20,US,Kentucky,Union,25,0,0,37.66166713,-87.94300009,21225.0,173.84048397190742,0.0,25,24,0,0,24,22,14505,1,0,0,1,2
2020-06-20,US,Kentucky,Warren,1339,10,0,36.99903045,-86.42672751,21227.0,1007.5547796773416,0.7468259895444361,1329,1323,10,0,1313,1302,131264,16,0,0,16,21
2020-06-20,US,Kentucky,Washington,18,0,0,37.75599461,-85.17407732,21229.0,148.8218272013229,0.0,18,17,0,0,17,17,12084,1,0,0,1,0
2020-06-20,US,Kentucky,Wayne,12,0,0,36.80310688,-84.8251971,21231.0,59.01736094034329,0.0,12,10,0,0,10,10,20468,2,0,0,2,0
2020-06-20,US,Kentucky,Webster,38,0,0,37.52168356,-87.67989953,21233.0,293.6176788749807,0.0,38,37,0,0,37,37,13111,1,0,0,1,0
2020-06-20,US,Kentucky,Whitley,19,0,0,36.75700531,-84.14541217,21235.0,52.393558349878674,0.0,19,19,0,0,19,19,36242,0,0,0,0,0
2020-06-20,US,Kentucky,Wolfe,1,0,0,37.73941626,-83.49303612,21237.0,13.972334777141258,0.0,1,2,0,0,2,2,7177,-1,0,0,-1,0
2020-06-20,US,Kentucky,Woodford,60,0,0,38.04178222,-84.7417556,21239.0,224.43330590259598,0.0,60,60,0,0,60,58,26533,0,0,0,0,2
2020-06-20,US,Louisiana,Acadia,646,32,0,30.2950649,-92.41419698,22001.0,1041.1797888629221,4.953560371517028,614,639,32,0,607,625,62190,7,0,0,7,14
2020-06-20,US,Louisiana,Allen,224,10,0,30.65385745,-92.82442028,22003.0,874.0781207320406,4.464285714285714,214,223,10,0,213,243,25605,1,0,0,1,-20
2020-06-20,US,Louisiana,Ascension,989,58,0,30.20406249,-90.91328409999998,22005.0,781.1759502069444,5.864509605662285,931,961,58,0,903,962,124672,28,0,0,28,-1
2020-06-20,US,Louisiana,Assumption,327,14,0,29.89946234,-91.06461642,22007.0,1493.764560778402,4.281345565749237,313,324,14,0,310,282,22300,3,0,0,3,42
2020-06-20,US,Louisiana,Avoyelles,204,11,0,31.07796211,-92.00079449,22009.0,508.1705858907932,5.3921568627450975,193,200,10,0,190,193,40462,4,1,0,3,7
2020-06-20,US,Louisiana,Beauregard,155,7,0,30.64836518,-93.34173616,22011.0,413.36640264554495,4.516129032258065,148,147,7,0,140,139,37253,8,0,0,8,8
2020-06-20,US,Louisiana,Bienville,198,26,0,32.34569994,-93.05398492,22013.0,1495.3553356997204,13.131313131313133,172,196,25,0,171,183,13308,2,1,0,1,13
2020-06-20,US,Louisiana,Bossier,654,28,0,32.67932307,-93.60460152,22015.0,514.8025409519911,4.281345565749237,626,643,28,0,615,528,127185,11,0,0,11,115
2020-06-20,US,Louisiana,Caddo,2881,223,0,32.57991587,-93.88375652,22017.0,1199.397179064462,7.740367927802846,2658,2831,219,0,2612,2933,242922,50,4,0,46,-102
2020-06-20,US,Louisiana,Calcasieu,876,53,0,30.22931235,-93.35400434,22019.0,430.6022532885035,6.050228310502282,823,831,52,0,779,824,203112,45,1,0,44,7
2020-06-20,US,Louisiana,Caldwell,94,1,0,32.0902519,-92.11752148,22021.0,947.7717281710022,1.0638297872340423,93,93,1,0,92,86,9960,1,0,0,1,7
2020-06-20,US,Louisiana,Cameron,26,0,0,29.87592238,-93.19310676,22023.0,372.8667718342177,0.0,26,26,0,0,26,12,6968,0,0,0,0,14
2020-06-20,US,Louisiana,Catahoula,152,3,0,31.66778967,-91.84526385,22025.0,1601.011164946282,1.973684210526316,149,151,3,0,148,164,9608,1,0,0,1,-13
2020-06-20,US,Louisiana,Claiborne,105,10,0,32.82308512,-92.99526883,22027.0,670.0701978302487,9.523809523809524,95,105,10,0,95,85,15944,0,0,0,0,20
2020-06-20,US,Louisiana,Concordia,101,5,0,31.44817835,-91.63814433,22029.0,524.4301365595306,4.950495049504951,96,100,5,0,95,117,19572,1,0,0,1,-17
2020-06-20,US,Louisiana,De Soto,313,17,0,32.05457447,-93.74130302,22031.0,1139.7152532498274,5.4313099041533555,296,311,17,0,294,275,27436,2,0,0,2,36
2020-06-20,US,Louisiana,East Baton Rouge,4332,263,0,30.53842039,-91.09777565,22033.0,984.4134536505333,6.071098799630656,4069,4218,262,0,3956,4357,440956,114,1,0,113,-139
2020-06-20,US,Louisiana,East Carroll,308,0,0,32.73926954,-91.23425694,22035.0,4489.141524559102,0.0,308,260,0,0,260,244,7037,48,0,0,48,16
2020-06-20,US,Louisiana,East Feliciana,268,32,0,30.84425359,-91.04976723,22037.0,1400.5748628168276,11.940298507462687,236,263,32,0,231,231,19305,5,0,0,5,32
2020-06-20,US,Louisiana,Evangeline,123,1,0,30.72985248,-92.39915924,22039.0,368.3186105704447,0.8130081300813008,122,120,1,0,119,100,33443,3,0,0,3,20
2020-06-20,US,Louisiana,Franklin,414,14,0,32.13675181,-91.67589857,22041.0,2068.448663502373,3.3816425120772946,400,412,14,0,398,439,20156,2,0,0,2,-27
2020-06-20,US,Louisiana,Grant,76,1,0,31.59882456,-92.56124347,22043.0,339.4524096654607,1.3157894736842106,75,76,1,0,75,61,22482,0,0,0,0,15
2020-06-20,US,Louisiana,Iberia,465,42,0,29.86803617,-91.75871777,22045.0,665.9029070600029,9.03225806451613,423,459,42,0,417,501,70941,6,0,0,6,-42
2020-06-20,US,Louisiana,Iberville,664,43,0,30.25734305,-91.3499598,22047.0,2042.385654086309,6.475903614457831,621,662,43,0,619,618,32721,2,0,0,2,44
2020-06-20,US,Louisiana,Jackson,189,15,0,32.30251776,-92.55692092,22049.0,1200.4573170731708,7.936507936507938,174,186,15,0,171,173,15902,3,0,0,3,13
2020-06-20,US,Louisiana,Jefferson,8647,477,0,29.74075478,-90.11115756,22051.0,1999.3387176208632,5.516364056898347,8170,8542,474,0,8068,8507,434051,105,3,0,102,35
2020-06-20,US,Louisiana,Jefferson Davis,203,7,0,30.26896765,-92.81210004,22053.0,647.156337668962,3.4482758620689653,196,189,7,0,182,162,31582,14,0,0,14,27
2020-06-20,US,Louisiana,LaSalle,86,0,0,31.67884782,-92.15907765,22059.0,577.491270480795,0.0,86,86,0,0,86,90,14917,0,0,0,0,-4
2020-06-20,US,Louisiana,Lafayette,1364,33,0,30.2049055,-92.06959876,22055.0,558.1243095052988,2.419354838709677,1331,1310,32,0,1278,1302,242782,54,1,0,53,8
2020-06-20,US,Louisiana,Lafourche,1005,83,0,29.52470226,-90.40976986,22057.0,1029.5654311881492,8.25870646766169,922,998,83,0,915,1013,98115,7,0,0,7,-15
2020-06-20,US,Louisiana,Lincoln,273,19,0,32.6003154,-92.6659741,22061.0,584.0571648624364,6.95970695970696,254,269,19,0,250,259,47196,4,0,0,4,10
2020-06-20,US,Louisiana,Livingston,669,35,0,30.44143993,-90.73061664,22063.0,475.17916882711006,5.23168908819133,634,638,34,0,604,573,139567,31,1,0,30,65
2020-06-20,US,Louisiana,Madison,308,2,0,32.36918118,-91.23973355,22065.0,2812.5285362067393,0.6493506493506493,306,289,2,0,287,287,11161,19,0,0,19,2
2020-06-20,US,Louisiana,Morehouse,182,6,0,32.81686191,-91.80421614,22067.0,731.6877060384337,3.2967032967032965,176,182,6,0,176,186,25398,0,0,0,0,-4
2020-06-20,US,Louisiana,Natchitoches,192,13,0,31.72321584,-93.09816516,22069.0,503.1710257351014,6.770833333333332,179,190,13,0,177,195,38659,2,0,0,2,-5
2020-06-20,US,Louisiana,Orleans,7491,529,0,30.06971951,-89.92660315,22071.0,1920.060285433071,7.061807502336137,6962,7448,526,0,6922,7459,391006,43,3,0,40,-11
2020-06-20,US,Louisiana,Ouachita,1927,66,0,32.47645559,-92.15704172,22073.0,1257.1846110687047,3.4250129735339905,1861,1881,66,0,1815,1889,154475,46,0,0,46,-8
2020-06-20,US,Louisiana,Plaquemines,237,17,0,29.42245447,-89.60322085,22075.0,1021.6838384273829,7.172995780590718,220,234,17,0,217,228,23410,3,0,0,3,6
2020-06-20,US,Louisiana,Pointe Coupee,222,27,0,30.71409502,-91.60209535,22077.0,1021.6290842153703,12.162162162162161,195,218,27,0,191,224,21940,4,0,0,4,-6
2020-06-20,US,Louisiana,Rapides,1312,50,0,31.19778499,-92.52997303,22079.0,1011.9708749845737,3.8109756097560976,1262,1290,48,0,1242,1229,130562,22,2,0,20,61
2020-06-20,US,Louisiana,Red River,54,8,0,32.09530039,-93.34213308,22081.0,639.6588486140723,14.814814814814815,46,54,8,0,46,52,8477,0,0,0,0,2
2020-06-20,US,Louisiana,Richland,148,3,0,32.41391005,-91.76634876,22083.0,735.5133684524402,2.0270270270270268,145,144,3,0,141,167,20192,4,0,0,4,-23
2020-06-20,US,Louisiana,Sabine,60,1,0,31.56388699,-93.55433981,22085.0,251.21420197621842,1.6666666666666667,59,63,1,0,62,63,24032,-3,0,0,-3,0
2020-06-20,US,Louisiana,St. Bernard,598,23,0,29.87761636,-89.51887093,22087.0,1265.769198205063,3.8461538461538463,575,598,23,0,575,580,46721,0,0,0,0,18
2020-06-20,US,Louisiana,St. Charles,688,46,0,29.90709658,-90.35555967,22089.0,1295.668549905838,6.686046511627908,642,685,46,0,639,667,52879,3,0,0,3,18
2020-06-20,US,Louisiana,St. Helena,86,1,0,30.82210324,-90.71013176,22091.0,848.7958941966048,1.162790697674419,85,85,1,0,84,60,10262,1,0,0,1,25
2020-06-20,US,Louisiana,St. James,333,28,0,30.02531716,-90.80212061,22093.0,1578.4982935153587,8.408408408408409,305,331,28,0,303,313,21037,2,0,0,2,18
2020-06-20,US,Louisiana,St. John the Baptist,919,85,0,30.12597499,-90.4753503,22095.0,2145.341643905969,9.249183895538627,834,917,85,0,832,904,43184,2,0,0,2,13
2020-06-20,US,Louisiana,St. Landry,462,55,0,30.59724262,-92.00135806,22097.0,562.5639277190588,11.904761904761903,407,453,55,0,398,393,82764,9,0,0,9,60
2020-06-20,US,Louisiana,St. Martin,509,28,0,30.13112107,-91.61403569,22099.0,952.630495405289,5.500982318271119,481,483,28,0,455,441,53621,26,0,0,26,42
2020-06-20,US,Louisiana,St. Mary,378,35,0,29.69262097,-91.44702164,22101.0,765.9884899084058,9.25925925925926,343,373,35,0,338,363,49774,5,0,0,5,10
2020-06-20,US,Louisiana,St. Tammany,2003,170,0,30.40942847,-89.95642711,22103.0,769.1451084598282,8.487269096355469,1833,1966,170,0,1796,1999,258111,37,0,0,37,-33
2020-06-20,US,Louisiana,Tangipahoa,1112,42,0,30.62888673,-90.40664996,22105.0,825.1829204945161,3.776978417266187,1070,1078,42,0,1036,1082,133777,34,0,0,34,-4
2020-06-20,US,Louisiana,Tensas,24,0,0,32.00760749,-91.32915234,22107.0,553.7609598523304,0.0,24,24,0,0,24,22,4462,0,0,0,0,2
2020-06-20,US,Louisiana,Terrebonne,839,60,0,29.37343766,-90.82626855,22109.0,759.5440924851305,7.151370679380214,779,826,59,0,767,826,111021,13,1,0,12,0
2020-06-20,US,Louisiana,Unassigned,8,112,0,0.0,0.0,90022.0,0.0,1400.0,-104,3,112,0,-109,458,,5,0,0,5,-455
2020-06-20,US,Louisiana,Union,375,20,0,32.83121059,-92.3749373,22111.0,1696.218563415958,5.333333333333333,355,372,20,0,352,435,22330,3,0,0,3,-63
2020-06-20,US,Louisiana,Vermilion,130,5,0,29.83517605,-92.30292538,22113.0,218.44700979650818,3.8461538461538463,125,121,5,0,116,99,59830,9,0,0,9,22
2020-06-20,US,Louisiana,Vernon,74,4,0,31.10884837,-93.18153838,22115.0,156.0226865419891,5.405405405405406,70,73,4,0,69,67,48860,1,0,0,1,6
2020-06-20,US,Louisiana,Washington,579,44,0,30.85288548,-90.03866652,22117.0,1253.409533705676,7.599309153713299,535,570,43,0,527,560,46582,9,1,0,8,10
2020-06-20,US,Louisiana,Webster,316,9,0,32.70847669,-93.33121835,22119.0,824.2044861763171,2.848101265822785,307,311,9,0,302,331,38798,5,0,0,5,-20
2020-06-20,US,Louisiana,West Baton Rouge,232,30,0,30.46058217,-91.30989571,22121.0,876.6295106744757,12.93103448275862,202,231,30,0,201,205,26427,1,0,0,1,26
2020-06-20,US,Louisiana,West Carroll,105,3,0,32.78550125,-91.461201,22123.0,969.5290858725763,2.8571428571428568,102,103,3,0,100,115,10982,2,0,0,2,-12
2020-06-20,US,Louisiana,West Feliciana,226,14,0,30.87882871,-91.4148538,22125.0,1451.6957862281604,6.1946902654867255,212,226,14,0,212,239,15460,0,0,0,0,-13
2020-06-20,US,Louisiana,Winn,225,5,0,31.94449367,-92.63789413,22127.0,1618.2393555811277,2.2222222222222223,220,224,5,0,219,215,14134,1,0,0,1,9
2020-06-20,US,Maine,Androscoggin,448,4,0,44.1664747,-70.20380627,23001.0,413.75361341743866,0.8928571428571429,444,445,4,0,441,441,107679,3,0,0,3,4
2020-06-20,US,Maine,Aroostook,11,1,0,46.65926321,-68.59841248,23003.0,16.404444113041528,9.090909090909092,10,11,1,0,10,11,67111,0,0,0,0,0
2020-06-20,US,Maine,Cumberland,1534,58,0,43.8370751,-70.37226999,23005.0,519.9947119181838,3.7809647979139513,1476,1516,58,0,1458,1493,293557,18,0,0,18,23
2020-06-20,US,Maine,Franklin,38,1,0,44.97330019,-70.44381045,23007.0,125.83198119143015,2.631578947368421,37,38,1,0,37,37,29897,0,0,0,0,1
2020-06-20,US,Maine,Hancock,14,1,0,44.59816444,-68.38401854,23009.0,25.460563405895943,7.142857142857142,13,13,1,0,12,13,54811,1,0,0,1,0
2020-06-20,US,Maine,Kennebec,137,9,0,44.40759555,-69.76738544,23011.0,112.01779202302495,6.569343065693432,128,138,9,0,129,138,122083,-1,0,0,-1,0
2020-06-20,US,Maine,Knox,24,1,0,44.11486325,-69.10529169,23013.0,60.34396057527909,4.166666666666667,23,23,1,0,22,23,39771,1,0,0,1,0
2020-06-20,US,Maine,Lincoln,21,0,0,44.05996956,-69.54227124,23015.0,60.63405901715078,0.0,21,21,0,0,21,21,34342,0,0,0,0,0
2020-06-20,US,Maine,Oxford,34,0,0,44.49952995,-70.75682123,23017.0,58.64596808969383,0.0,34,34,0,0,34,33,57618,0,0,0,0,1
2020-06-20,US,Maine,Penobscot,102,2,0,45.40194593,-68.65020455,23019.0,67.03998738070824,1.96078431372549,100,102,2,0,100,101,151096,0,0,0,0,1
2020-06-20,US,Maine,Piscataquis,2,0,0,45.83839062,-69.2860223,23021.0,11.915400655347035,0.0,2,1,0,0,1,1,16800,1,0,0,1,0
2020-06-20,US,Maine,Sagadahoc,30,0,0,43.95415864,-69.85074999,23023.0,83.66800535475234,0.0,30,30,0,0,30,30,35634,0,0,0,0,0
2020-06-20,US,Maine,Somerset,26,0,0,45.51229767,-69.95995554,23025.0,51.50146581095,0.0,26,26,0,0,26,26,50592,0,0,0,0,0
2020-06-20,US,Maine,Unassigned,2,0,0,0.0,0.0,90023.0,0.0,0.0,2,1,0,0,1,2,,1,0,0,1,-1
2020-06-20,US,Maine,Waldo,55,14,0,44.4858305,-69.12061935,23027.0,138.48671786478658,25.45454545454545,41,55,14,0,41,55,39694,0,0,0,0,0
2020-06-20,US,Maine,Washington,2,0,0,45.01607142,-67.62813524,23029.0,6.373689410115046,0.0,2,2,0,0,2,2,31490,0,0,0,0,0
2020-06-20,US,Maine,York,458,11,0,43.47808377,-70.71052375,23031.0,220.57300822091977,2.4017467248908297,447,457,11,0,446,451,206229,1,0,0,1,6
2020-06-20,US,Maryland,Allegany,188,17,0,39.62357628,-78.69280486,24001.0,266.9847761872302,9.04255319148936,171,187,17,0,170,187,70975,1,0,0,1,0
2020-06-20,US,Maryland,Anne Arundel,4880,200,0,39.00670238,-76.60329337,24003.0,842.4919807884206,4.0983606557377055,4680,4862,198,0,4664,4835,576031,18,2,0,16,27
2020-06-20,US,Maryland,Baltimore,7480,448,0,39.45784712,-76.62911955,24005.0,904.069521495824,5.989304812834225,7032,7403,442,0,6961,7371,828431,77,6,0,71,32
2020-06-20,US,Maryland,Baltimore City,6993,313,0,39.30211911,-76.61151012,24510.0,1178.2843855835818,4.475904475904477,6680,6938,310,0,6628,6906,621342,55,3,0,52,32
2020-06-20,US,Maryland,Calvert,393,23,0,38.53961642,-76.56820632,24009.0,424.750067549311,5.852417302798983,370,389,23,0,366,385,92003,4,0,0,4,4
2020-06-20,US,Maryland,Caroline,290,2,0,38.87172293,-75.82904158,24011.0,868.1075255942045,0.6896551724137931,288,288,2,0,286,285,33304,2,0,0,2,3
2020-06-20,US,Maryland,Carroll,1028,109,0,39.56453592,-77.02373735,24013.0,610.2809785867365,10.603112840466926,919,1028,108,0,920,1010,168429,0,1,0,-1,18
2020-06-20,US,Maryland,Cecil,460,29,0,39.56647682,-75.94627411,24015.0,447.23153954596285,6.304347826086956,431,459,29,0,430,456,102826,1,0,0,1,3
2020-06-20,US,Maryland,Charles,1304,86,0,38.51092331,-76.98580666,24017.0,798.7406359298529,6.595092024539879,1218,1294,86,0,1208,1294,161503,10,0,0,10,0
2020-06-20,US,Maryland,Dorchester,180,4,0,38.45413522,-76.02752426,24019.0,563.7508221366156,2.2222222222222223,176,174,4,0,170,170,31998,6,0,0,6,4
2020-06-20,US,Maryland,Frederick,2380,116,0,39.47296601,-77.39999394,24021.0,916.9822806659296,4.8739495798319314,2264,2361,116,0,2245,2342,255648,19,0,0,19,19
2020-06-20,US,Maryland,Garrett,10,0,0,39.52786077,-79.27355126,24023.0,34.46611980423244,0.0,10,10,0,0,10,10,29163,0,0,0,0,0
2020-06-20,US,Maryland,Harford,1052,61,0,39.55010644,-76.30775940000002,24025.0,411.83678422806054,5.798479087452471,991,1041,61,0,980,1036,253956,11,0,0,11,5
2020-06-20,US,Maryland,Howard,2409,80,0,39.25305293,-76.93126208,24027.0,739.6604132764285,3.3208800332088004,2329,2382,79,0,2303,2348,323196,27,1,0,26,34
2020-06-20,US,Maryland,Kent,193,23,0,39.24976208,-76.04741541,24029.0,993.7184635979816,11.917098445595856,170,193,23,0,170,193,19383,0,0,0,0,0
2020-06-20,US,Maryland,Montgomery,14004,714,0,39.13676329,-77.20358245,24031.0,1332.8409575440096,5.098543273350471,13290,13928,710,0,13218,13862,1052567,76,4,0,72,66
2020-06-20,US,Maryland,Prince George's,17804,658,0,38.83070039,-76.8496441,24033.0,1957.9315251829103,3.69579869692204,17146,17709,653,0,17056,17666,909308,95,5,0,90,43
2020-06-20,US,Maryland,Queen Anne's,204,14,0,39.06198912,-76.03530977,24035.0,404.91455112046214,6.862745098039214,190,203,14,0,189,187,50251,1,0,0,1,16
2020-06-20,US,Maryland,Somerset,83,3,0,38.1163542,-75.75118623,24039.0,324.0162398500937,3.614457831325301,80,83,3,0,80,83,25675,0,0,0,0,0
2020-06-20,US,Maryland,St. Mary's,597,44,0,38.30058422,-76.60629279999998,24037.0,525.9448506739493,7.370184254606365,553,599,44,0,555,595,112664,-2,0,0,-2,4
2020-06-20,US,Maryland,Talbot,113,4,0,38.76618159,-76.10882561,24041.0,303.9186681369517,3.5398230088495577,109,113,4,0,109,110,36968,0,0,0,0,3
2020-06-20,US,Maryland,Unassigned,0,25,0,0.0,0.0,90024.0,0.0,0.0,-25,0,25,0,-25,0,,0,0,0,0,0
2020-06-20,US,Maryland,Washington,602,25,0,39.60835778,-77.82002295,24043.0,398.54616713781616,4.1528239202657815,577,601,25,0,576,595,150926,1,0,0,1,6
2020-06-20,US,Maryland,Wicomico,1039,37,0,38.37301947,-75.62705831,24045.0,1002.808636315378,3.5611164581328194,1002,1036,37,0,999,1036,103195,3,0,0,3,0
2020-06-20,US,Maryland,Worcester,270,17,0,38.21274277,-75.33200012,24047.0,516.4894024026322,6.296296296296298,253,267,17,0,250,267,51823,3,0,0,3,0
2020-06-20,US,Massachusetts,Barnstable,1513,136,0,41.72980578,-70.28854339,25001.0,710.3619888257665,8.98876404494382,1377,1508,136,0,1372,1502,213413,5,0,0,5,6
2020-06-20,US,Massachusetts,Berkshire,586,44,0,42.37428441,-73.20524838,25003.0,469.0101165322063,7.508532423208192,542,585,44,0,541,584,126348,1,0,0,1,1
2020-06-20,US,Massachusetts,Bristol,8028,539,0,41.79228404,-71.10872211,25005.0,1420.3394448503852,6.7140009965122065,7489,8002,537,0,7465,7979,564022,26,2,0,24,23
2020-06-20,US,Massachusetts,Dukes and Nantucket,57,0,0,41.40674725,-70.68763497,0.0,198.39198078730288,0.0,57,57,0,0,57,57,26707,0,0,0,0,0
2020-06-20,US,Massachusetts,Essex,15817,1071,0,42.6687626,-70.94687179,25009.0,2004.6030969514625,6.77119554909275,14746,15778,1065,0,14713,15739,790638,39,6,0,33,39
2020-06-20,US,Massachusetts,Franklin,358,53,0,42.58119713,-72.58602547,25011.0,510.11684240524363,14.804469273743017,305,357,52,0,305,356,70963,1,1,0,0,1
2020-06-20,US,Massachusetts,Hampden,6584,648,0,42.13440424,-72.63235561,25013.0,1411.7485612343796,9.842041312272174,5936,6556,647,0,5909,6537,470406,28,1,0,27,19
2020-06-20,US,Massachusetts,Hampshire,943,106,0,42.33997957,-72.65898478,25015.0,586.3333955107877,11.240721102863201,837,941,106,0,835,936,161355,2,0,0,2,5
2020-06-20,US,Massachusetts,Middlesex,23544,1801,0,42.48607732,-71.39049229,25017.0,1460.8186764402035,7.649507305470609,21743,23464,1791,0,21673,23407,1614714,80,10,0,70,57
2020-06-20,US,Massachusetts,Norfolk,8983,908,0,42.16073095,-71.20530408,25021.0,1270.9844009762655,10.107981743292887,8075,8962,907,0,8055,8935,705388,21,1,0,20,27
2020-06-20,US,Massachusetts,Plymouth,8576,641,0,41.94070556,-70.80802823,25023.0,1645.4273007394445,7.474347014925373,7935,8566,640,0,7926,8555,518132,10,1,0,9,11
2020-06-20,US,Massachusetts,Suffolk,19528,973,0,42.3279514,-71.07850442,25025.0,2429.136703623678,4.982589102826711,18555,19493,971,0,18522,19477,807252,35,2,0,33,16
2020-06-20,US,Massachusetts,Unassigned,297,10,0,0.0,0.0,90025.0,0.0,3.3670033670033668,287,296,10,0,286,308,,1,0,0,1,-12
2020-06-20,US,Massachusetts,Worcester,12122,897,0,42.35026951,-71.90493363,25027.0,1459.3882656611554,7.399769015014024,11225,12085,893,0,11192,12050,830839,37,4,0,33,35
2020-06-20,US,Michigan,Alcona,21,1,0,44.6846864,-83.59507875,26001.0,201.8260451705911,4.761904761904762,20,21,1,0,20,21,10362,0,0,0,0,0
2020-06-20,US,Michigan,Alger,2,0,0,46.41292944,-86.60260122,26003.0,21.95871761089152,0.0,2,2,0,0,2,2,9097,0,0,0,0,0
2020-06-20,US,Michigan,Allegan,297,6,0,42.59147037,-85.89102866,26005.0,251.52226014346084,2.0202020202020203,291,292,6,0,286,291,117327,5,0,0,5,1
2020-06-20,US,Michigan,Alpena,115,11,0,45.03477666,-83.62212411,26007.0,404.85829959514166,9.565217391304348,104,115,11,0,104,115,28360,0,0,0,0,0
2020-06-20,US,Michigan,Antrim,16,0,0,44.99690221,-85.15503082,26009.0,68.59886811867604,0.0,16,14,0,0,14,14,23365,2,0,0,2,0
2020-06-20,US,Michigan,Arenac,38,2,0,44.0636262,-83.89277559,26011.0,255.32486729825973,5.2631578947368425,36,38,1,0,37,38,15041,0,1,0,-1,0
2020-06-20,US,Michigan,Baraga,1,0,0,46.6720582,-88.36363591,26013.0,12.181751735899622,0.0,1,1,0,0,1,1,8320,0,0,0,0,0
2020-06-20,US,Michigan,Barry,93,2,0,42.59513984,-85.30834519,26015.0,151.09666937449228,2.150537634408602,91,94,2,0,92,93,61157,-1,0,0,-1,1
2020-06-20,US,Michigan,Bay,378,29,0,43.70639106,-83.98731479,26017.0,366.5419001997556,7.6719576719576725,349,379,29,0,350,379,103923,-1,0,0,-1,0
2020-06-20,US,Michigan,Benzie,5,0,0,44.63899297,-86.01608482,26019.0,28.14364516492176,0.0,5,5,0,0,5,5,17753,0,0,0,0,0
2020-06-20,US,Michigan,Berrien,852,60,0,41.95447397,-86.41313079999998,26021.0,555.4070703580811,7.042253521126762,792,848,60,0,788,843,154141,4,0,0,4,5
2020-06-20,US,Michigan,Branch,250,2,0,41.91600556,-85.05929476,26023.0,574.488131075212,0.8,248,247,2,0,245,239,43622,3,0,0,3,8
2020-06-20,US,Michigan,Calhoun,503,30,0,42.24633834,-85.00493569,26025.0,374.9282567699521,5.964214711729622,473,503,30,0,473,501,134487,0,0,0,0,2
2020-06-20,US,Michigan,Cass,121,4,0,41.91522292,-85.99405727,26027.0,233.64937146388093,3.3057851239669422,117,119,4,0,115,119,51653,2,0,0,2,0
2020-06-20,US,Michigan,Charlevoix,22,2,0,45.37790017,-85.19614053,26029.0,84.15254561450485,9.090909090909092,20,22,2,0,20,22,26244,0,0,0,0,0
2020-06-20,US,Michigan,Cheboygan,26,2,0,45.44787015,-84.50122149,26031.0,102.86437727488527,7.6923076923076925,24,26,2,0,24,26,25413,0,0,0,0,0
2020-06-20,US,Michigan,Chippewa,3,0,0,46.29552653,-84.54353449,26033.0,8.032343570108972,0.0,3,3,0,0,3,3,37517,0,0,0,0,0
2020-06-20,US,Michigan,Clare,26,2,0,43.98794227,-84.84819859999998,26035.0,84.00646203554119,7.6923076923076925,24,26,2,0,24,25,30757,0,0,0,0,1
2020-06-20,US,Michigan,Clinton,199,11,0,42.94400871,-84.60145248,26037.0,250.01570450405174,5.527638190954773,188,195,11,0,184,193,79332,4,0,0,4,2
2020-06-20,US,Michigan,Crawford,66,5,0,44.68255561,-84.61006219,26039.0,470.45405944828565,7.575757575757576,61,66,5,0,61,65,13901,0,0,0,0,1
2020-06-20,US,Michigan,Delta,21,2,0,45.90484910000001,-86.9080745,26041.0,58.685446009389665,9.523809523809524,19,21,2,0,19,21,35857,0,0,0,0,0
2020-06-20,US,Michigan,Dickinson,7,2,0,46.00999672,-87.86961634,26043.0,27.734854788224567,28.57142857142857,5,7,2,0,5,7,25383,0,0,0,0,0
2020-06-20,US,Michigan,Eaton,267,7,0,42.59599185,-84.83740035,26045.0,242.13733812166717,2.621722846441948,260,265,7,0,258,263,109826,2,0,0,2,2
2020-06-20,US,Michigan,Emmet,26,2,0,45.52625509,-84.89083249,26047.0,77.80936705072574,7.6923076923076925,24,26,2,0,24,28,33308,0,0,0,0,-2
2020-06-20,US,Michigan,Federal Correctional Institution (FCI),168,5,0,0.0,0.0,0.0,0.0,2.9761904761904763,163,168,5,0,163,168,,0,0,0,0,0
2020-06-20,US,Michigan,Genesee,2625,284,0,43.02244215,-83.70589709,26049.0,646.8496573544958,10.81904761904762,2341,2619,283,0,2336,2605,406892,6,1,0,5,14
2020-06-20,US,Michigan,Gladwin,23,1,0,43.98901072,-84.38774817,26051.0,90.37683209556369,4.3478260869565215,22,23,1,0,22,23,25337,0,0,0,0,0
2020-06-20,US,Michigan,Gogebic,6,1,0,46.40862701,-89.69377193,26053.0,42.933810375670845,16.666666666666668,5,6,1,0,5,5,15096,0,0,0,0,1
2020-06-20,US,Michigan,Grand Traverse,38,5,0,44.69565625,-85.55585247,26055.0,40.82158817463045,13.157894736842106,33,38,5,0,33,37,92573,0,0,0,0,1
2020-06-20,US,Michigan,Gratiot,93,13,0,43.29265605,-84.60505416,26057.0,228.4394880990396,13.978494623655912,80,92,13,0,79,92,40599,1,0,0,1,0
2020-06-20,US,Michigan,Hillsdale,183,25,0,41.88753639,-84.59312019,26059.0,401.27179037386253,13.661202185792352,158,183,25,0,158,182,45749,0,0,0,0,1
2020-06-20,US,Michigan,Houghton,9,0,0,46.89988536,-88.68495385,26061.0,25.22138773680081,0.0,9,8,0,0,8,8,36219,1,0,0,1,0
2020-06-20,US,Michigan,Huron,60,1,0,43.83353985,-83.04078453,26063.0,193.66708627868687,1.6666666666666667,59,60,1,0,59,60,31166,0,0,0,0,0
2020-06-20,US,Michigan,Ingham,837,29,0,42.59716886,-84.37472069,26065.0,286.2458362687496,3.464755077658304,808,831,29,0,802,819,292735,6,0,0,6,12
2020-06-20,US,Michigan,Ionia,190,4,0,42.94502238,-85.07413319,26067.0,293.6766774348115,2.1052631578947367,186,188,4,0,184,188,64210,2,0,0,2,0
2020-06-20,US,Michigan,Iosco,111,10,0,44.35486835,-83.63484895,26069.0,441.7558801289449,9.00900900900901,101,111,10,0,101,111,25081,0,0,0,0,0
2020-06-20,US,Michigan,Iron,4,0,0,46.20974132,-88.53136251,26071.0,36.146755828664375,0.0,4,4,0,0,4,4,11117,0,0,0,0,0
2020-06-20,US,Michigan,Isabella,109,8,0,43.64060976,-84.84664923,26073.0,155.99954201969317,7.339449541284404,101,106,8,0,98,102,70562,3,0,0,3,4
2020-06-20,US,Michigan,Jackson,489,30,0,42.24807035,-84.42258681,26075.0,308.4978865686708,6.1349693251533735,459,488,30,0,458,488,158823,1,0,0,1,0
2020-06-20,US,Michigan,Kalamazoo,995,65,0,42.24542231,-85.53038622,26077.0,375.37820769166916,6.532663316582915,930,984,64,0,920,977,264870,11,1,0,10,7
2020-06-20,US,Michigan,Kalkaska,30,2,0,44.68512729,-85.09085699,26079.0,166.3155560483424,6.666666666666668,28,30,2,0,28,30,17824,0,0,0,0,0
2020-06-20,US,Michigan,Kent,4575,123,0,43.03197711,-85.54934642,26081.0,696.3947302326642,2.6885245901639343,4452,4551,122,0,4429,4526,653786,24,1,0,23,25
2020-06-20,US,Michigan,Keweenaw,1,0,0,47.63197653,-88.41434263,26083.0,47.25897920604915,0.0,1,1,0,0,1,1,2113,0,0,0,0,0
2020-06-20,US,Michigan,Lake,7,0,0,43.99050893,-85.802173,26085.0,59.05677887454653,0.0,7,7,0,0,7,7,11881,0,0,0,0,0
2020-06-20,US,Michigan,Lapeer,244,31,0,43.09052506,-83.22153148,26087.0,278.5165568961384,12.704918032786884,213,243,31,0,212,242,88028,1,0,0,1,1
2020-06-20,US,Michigan,Leelanau,12,0,0,44.94430054,-85.80150326,26089.0,55.144524608244105,0.0,12,12,0,0,12,12,21764,0,0,0,0,0
2020-06-20,US,Michigan,Lenawee,198,6,0,41.89475156,-84.06603727,26091.0,201.11527561934363,3.0303030303030303,192,199,6,0,193,199,98266,-1,0,0,-1,0
2020-06-20,US,Michigan,Livingston,535,28,0,42.60302282,-83.91297209,26093.0,278.65308992421683,5.233644859813084,507,534,28,0,506,530,191224,1,0,0,1,4
2020-06-20,US,Michigan,Luce,3,0,0,46.47227431,-85.54471223,26095.0,48.16182372772515,0.0,3,3,0,0,3,3,6283,0,0,0,0,0
2020-06-20,US,Michigan,Mackinac,8,0,0,46.07028979,-85.04980537,26097.0,74.0809334197611,0.0,8,8,0,0,8,8,10787,0,0,0,0,0
2020-06-20,US,Michigan,Macomb,7146,899,0,42.69158356,-82.92752801,26099.0,817.6463319191004,12.580464595577945,6247,7123,897,0,6226,7112,874759,23,2,0,21,11
2020-06-20,US,Michigan,Manistee,15,0,0,44.33352407,-86.05626916,26101.0,61.0798924993892,0.0,15,14,0,0,14,13,24528,1,0,0,1,1
2020-06-20,US,Michigan,Marquette,61,11,0,46.4338914,-87.64043701,26103.0,91.45564401265386,18.032786885245898,50,61,11,0,50,59,66516,0,0,0,0,2
2020-06-20,US,Michigan,Mason,41,0,0,43.99509218,-86.24988902,26105.0,140.68075761734838,0.0,41,40,0,0,40,40,29100,1,0,0,1,0
2020-06-20,US,Michigan,Mecosta,28,2,0,43.64064262,-85.32463223,26107.0,64.43743815156607,7.142857142857142,26,27,2,0,25,27,43545,1,0,0,1,0
2020-06-20,US,Michigan,Menominee,9,0,0,45.58038692,-87.55370409,26109.0,39.50834064969271,0.0,9,9,0,0,9,9,22983,0,0,0,0,0
2020-06-20,US,Michigan,Michigan Department of Corrections (MDOC),4085,68,0,0.0,0.0,0.0,0.0,1.6646266829865362,4017,4078,68,0,4010,4072,,7,0,0,7,6
2020-06-20,US,Michigan,Midland,158,9,0,43.64330771,-84.38804374,26111.0,190.0043292125644,5.69620253164557,149,156,9,0,147,153,83209,2,0,0,2,3
2020-06-20,US,Michigan,Missaukee,24,1,0,44.33772443,-85.09256478,26113.0,158.75115756052386,4.166666666666667,23,24,1,0,23,24,15113,0,0,0,0,0
2020-06-20,US,Michigan,Monroe,576,21,0,41.92734151,-83.53749864,26115.0,382.7242524916944,3.6458333333333335,555,575,21,0,554,571,150439,1,0,0,1,4
2020-06-20,US,Michigan,Montcalm,83,1,0,43.31082541,-85.15252824,26117.0,129.91485098923116,1.2048192771084338,82,81,1,0,80,81,63968,2,0,0,2,0
2020-06-20,US,Michigan,Montmorency,5,0,0,45.0275929,-84.12696227,26119.0,53.60205831903945,0.0,5,5,0,0,5,5,9265,0,0,0,0,0
2020-06-20,US,Michigan,Muskegon,775,49,0,43.29123859,-86.15176712,26121.0,446.51602272334435,6.32258064516129,726,768,46,0,722,759,173588,7,3,0,4,9
2020-06-20,US,Michigan,Newaygo,134,0,0,43.554374,-85.80070107,26123.0,273.58105349122087,0.0,134,131,0,0,131,131,48892,3,0,0,3,0
2020-06-20,US,Michigan,Oakland,11667,1076,0,42.66090111,-83.38595416,26125.0,927.7312688456597,9.222593640181707,10591,11485,1071,0,10414,11425,1259201,182,5,0,177,60
2020-06-20,US,Michigan,Oceana,173,3,0,43.64124435,-86.26726673,26127.0,653.6441606528887,1.7341040462427746,170,163,3,0,160,145,26625,10,0,0,10,18
2020-06-20,US,Michigan,Ogemaw,32,2,0,44.33481032,-84.12725175,26129.0,152.40272419869504,6.25,30,32,2,0,30,32,20952,0,0,0,0,0
2020-06-20,US,Michigan,Osceola,27,0,0,43.98992088,-85.32566756,26133.0,115.08951406649616,0.0,27,25,0,0,25,25,23341,2,0,0,2,0
2020-06-20,US,Michigan,Oscoda,9,1,0,44.68192279,-84.12939244,26135.0,109.21004732435385,11.111111111111109,8,9,1,0,8,9,8276,0,0,0,0,0
2020-06-20,US,Michigan,Otsego,121,10,0,45.02085831,-84.59898295,26137.0,490.51402626885033,8.264462809917353,111,120,10,0,110,120,24665,1,0,0,1,0
2020-06-20,US,Michigan,Ottawa,961,51,0,42.95996803,-85.9969107,26139.0,329.3013055546037,5.306971904266389,910,951,51,0,900,941,290494,10,0,0,10,10
2020-06-20,US,Michigan,Out of MI,51,0,0,0.0,0.0,80026.0,0.0,0.0,51,41,0,0,41,41,,10,0,0,10,0
2020-06-20,US,Michigan,Presque Isle,12,0,0,45.34018577,-83.91498656,26141.0,95.29860228716646,0.0,12,12,0,0,12,12,12738,0,0,0,0,0
2020-06-20,US,Michigan,Roscommon,26,0,0,44.33473082,-84.61067651,26143.0,108.2476372871477,0.0,26,26,0,0,26,25,23884,0,0,0,0,1
2020-06-20,US,Michigan,Saginaw,1189,120,0,43.33433923,-84.05131209999998,26145.0,624.01922965902,10.092514718250632,1069,1182,120,0,1062,1174,190800,7,0,0,7,8
2020-06-20,US,Michigan,Sanilac,43,6,0,43.42406072,-82.82055898,26151.0,104.44498421180471,13.953488372093025,37,43,6,0,37,43,41182,0,0,0,0,0
2020-06-20,US,Michigan,Schoolcraft,4,0,0,46.19235734,-86.19972234,26153.0,49.419322955275504,0.0,4,4,0,0,4,4,8068,0,0,0,0,0
2020-06-20,US,Michigan,Shiawassee,265,27,0,42.95392800000001,-84.14585902,26155.0,389.0079563136725,10.18867924528302,238,265,27,0,238,266,68192,0,0,0,0,-1
2020-06-20,US,Michigan,St. Clair,525,48,0,42.92655373,-82.67937954,26147.0,329.9230807903072,9.142857142857142,477,524,48,0,476,518,159337,1,0,0,1,6
2020-06-20,US,Michigan,St. Joseph,215,3,0,41.91441767,-85.52797979,26149.0,352.66714782494586,1.3953488372093024,212,210,3,0,207,204,61043,5,0,0,5,6
2020-06-20,US,Michigan,Tuscola,246,26,0,43.46606813,-83.41897025,26157.0,470.8584553545794,10.56910569105691,220,246,26,0,220,246,52516,0,0,0,0,0
2020-06-20,US,Michigan,Unassigned,1,0,0,0.0,0.0,90026.0,0.0,0.0,1,5,0,0,5,2,,-4,0,0,-4,3
2020-06-20,US,Michigan,Van Buren,215,7,0,42.25190229,-86.01939087,26159.0,284.10217106914916,3.255813953488372,208,213,7,0,206,212,75448,2,0,0,2,1
2020-06-20,US,Michigan,Washtenaw,1612,103,0,42.253105,-83.83853204,26161.0,438.5189376525092,6.389578163771713,1509,1604,103,0,1501,1598,370963,8,0,0,8,6
2020-06-20,US,Michigan,Wayne,22085,2687,0,42.28098405,-83.281255,26163.0,1262.4739687985718,12.166628933665386,19398,21995,2681,0,19314,21941,1753893,90,6,0,84,54
2020-06-20,US,Michigan,Wexford,18,3,0,44.33853602,-85.57712739,26165.0,53.52204811037436,16.666666666666668,15,18,3,0,15,18,33466,0,0,0,0,0
2020-06-20,US,Minnesota,Aitkin,13,0,0,46.60962049,-93.4116826,27001.0,81.83306055646482,0.0,13,13,0,0,13,13,15902,0,0,0,0,0
2020-06-20,US,Minnesota,Anoka,1867,99,0,45.27476015,-93.24604565,27003.0,523.0849403649547,5.3026245313336915,1768,1836,96,0,1740,1810,353813,31,3,0,28,26
2020-06-20,US,Minnesota,Becker,50,0,0,46.93479392,-95.67158144,27005.0,145.25172123289659,0.0,50,48,0,0,48,49,34371,2,0,0,2,-1
2020-06-20,US,Minnesota,Beltrami,24,0,0,47.97373527,-94.93732139,27007.0,50.860388234296856,0.0,24,23,0,0,23,23,46847,1,0,0,1,0
2020-06-20,US,Minnesota,Benton,201,3,0,45.69804958,-93.99514135,27009.0,491.57475115556747,1.492537313432836,198,200,3,0,197,198,40545,1,0,0,1,2
2020-06-20,US,Minnesota,Big Stone,14,0,0,45.42712824,-96.41403739,27011.0,280.50490883590464,0.0,14,14,0,0,14,14,4989,0,0,0,0,0
2020-06-20,US,Minnesota,Blue Earth,191,2,0,44.03554215,-94.06699781,27013.0,282.32303075990717,1.0471204188481675,189,174,2,0,172,172,67427,17,0,0,17,2
2020-06-20,US,Minnesota,Brown,22,2,0,44.24205652,-94.72562874,27015.0,87.97184900831734,9.090909090909092,20,21,2,0,19,22,25111,1,0,0,1,-1
2020-06-20,US,Minnesota,Carlton,81,0,0,46.59180601,-92.67601019,27017.0,225.8091494522037,0.0,81,81,0,0,81,81,35837,0,0,0,0,0
2020-06-20,US,Minnesota,Carver,293,1,0,44.82017001,-93.8009918,27019.0,278.81129328473963,0.3412969283276451,292,287,1,0,286,285,103551,6,0,0,6,2
2020-06-20,US,Minnesota,Cass,12,2,0,46.95043611,-94.32603968,27021.0,40.296853487356856,16.666666666666668,10,12,2,0,10,12,29519,0,0,0,0,0
2020-06-20,US,Minnesota,Chippewa,66,1,0,45.02343421,-95.56403693,27023.0,559.3220338983051,1.5151515151515151,65,64,1,0,63,62,11924,2,0,0,2,2
2020-06-20,US,Minnesota,Chisago,83,1,0,45.5021011,-92.90861945,27025.0,146.6975379557786,1.2048192771084338,82,82,1,0,81,81,55922,1,0,0,1,1
2020-06-20,US,Minnesota,Clay,522,37,0,46.89289518,-96.48761922,27027.0,812.8055806421477,7.088122605363985,485,521,37,0,484,516,63955,1,0,0,1,5
2020-06-20,US,Minnesota,Clearwater,6,0,0,47.57992111,-95.37790562,27029.0,68.04264005443412,0.0,6,6,0,0,6,6,8810,0,0,0,0,0
2020-06-20,US,Minnesota,Cook,1,0,0,47.90504893,-90.52629546,27031.0,18.304960644334614,0.0,1,1,0,0,1,1,5393,0,0,0,0,0
2020-06-20,US,Minnesota,Cottonwood,121,0,0,44.00715262,-95.18138802,27033.0,1080.7431225437656,0.0,121,118,0,0,118,115,11277,3,0,0,3,3
2020-06-20,US,Minnesota,Crow Wing,93,11,0,46.48096553,-94.06755609,27035.0,142.95596034124972,11.827956989247312,82,92,11,0,81,92,64889,1,0,0,1,0
2020-06-20,US,Minnesota,Dakota,1878,81,0,44.67172617,-93.06299363,27037.0,437.74080989042494,4.313099041533547,1797,1847,81,0,1766,1805,425423,31,0,0,31,42
2020-06-20,US,Minnesota,Dodge,63,0,0,44.02238415,-92.86244324,27039.0,300.94582975064486,0.0,63,62,0,0,62,61,20822,1,0,0,1,1
2020-06-20,US,Minnesota,Douglas,54,0,0,45.93348491,-95.45335469,27041.0,141.57992711255605,0.0,54,53,0,0,53,53,37964,1,0,0,1,0
2020-06-20,US,Minnesota,Faribault,31,0,0,43.67381499,-93.94787458,27043.0,227.05632461730025,0.0,31,30,0,0,30,32,13758,1,0,0,1,-2
2020-06-20,US,Minnesota,Fillmore,21,1,0,43.67394126,-92.08980382,27045.0,99.68196705748328,4.761904761904762,20,21,1,0,20,22,21058,0,0,0,0,-1
2020-06-20,US,Minnesota,Freeborn,245,0,0,43.67385583,-93.34884422,27047.0,809.088207126581,0.0,245,243,0,0,243,240,30444,2,0,0,2,3
2020-06-20,US,Minnesota,Goodhue,102,7,0,44.40849741,-92.7234195,27049.0,220.112214069918,6.862745098039214,95,101,7,0,94,98,46403,1,0,0,1,3
2020-06-20,US,Minnesota,Grant,6,0,0,45.93424769,-96.01139609,27051.0,100.46885465505692,0.0,6,6,0,0,6,6,6021,0,0,0,0,0
2020-06-20,US,Minnesota,Hennepin,10705,744,0,45.00761521,-93.47694895,27053.0,845.6814944665333,6.950023353573098,9961,10607,740,0,9867,10512,1259428,98,4,0,94,95
2020-06-20,US,Minnesota,Houston,10,0,0,43.67129565,-91.49143057,27055.0,53.76344086021506,0.0,10,7,0,0,7,8,18578,3,0,0,3,-1
2020-06-20,US,Minnesota,Hubbard,5,0,0,47.10778564,-94.91693868,27057.0,23.265553022195334,0.0,5,5,0,0,5,5,21332,0,0,0,0,0
2020-06-20,US,Minnesota,Isanti,53,0,0,45.56181234,-93.29487636,27059.0,130.55473445659672,0.0,53,52,0,0,52,51,39966,1,0,0,1,1
2020-06-20,US,Minnesota,Itasca,59,12,0,47.51009045,-93.63092229,27061.0,130.73343673831155,20.338983050847453,47,59,12,0,47,59,45108,0,0,0,0,0
2020-06-20,US,Minnesota,Jackson,50,0,0,43.67423373,-95.15398258,27063.0,507.82043469429215,0.0,50,50,0,0,50,50,9911,0,0,0,0,0
2020-06-20,US,Minnesota,Kanabec,13,1,0,45.9459309,-93.29275192,27065.0,79.57397318969211,7.6923076923076925,12,13,1,0,12,13,16207,0,0,0,0,0
2020-06-20,US,Minnesota,Kandiyohi,560,1,0,45.1526059,-95.00586446,27067.0,1296.326303849626,0.17857142857142858,559,554,1,0,553,553,42855,6,0,0,6,1
2020-06-20,US,Minnesota,Kittson,1,0,0,48.77754106,-96.78317184,27069.0,23.266635644485806,0.0,1,1,0,0,1,1,4248,0,0,0,0,0
2020-06-20,US,Minnesota,Koochiching,9,0,0,48.24539665,-93.78352843,27071.0,73.59555155777251,0.0,9,9,0,0,9,9,12440,0,0,0,0,0
2020-06-20,US,Minnesota,Lac qui Parle,4,0,0,44.9973857,-96.17488219,27073.0,60.3955911218481,0.0,4,4,0,0,4,3,6658,0,0,0,0,1
2020-06-20,US,Minnesota,Lake,4,0,0,47.64270764,-91.44557998,27075.0,37.590452025185606,0.0,4,4,0,0,4,4,10658,0,0,0,0,0
2020-06-20,US,Minnesota,Le Sueur,57,1,0,44.37136597,-93.72844721,27079.0,197.32059403884102,1.7543859649122806,56,54,1,0,53,53,28494,3,0,0,3,1
2020-06-20,US,Minnesota,Lincoln,6,0,0,44.41311883,-96.26688165,27081.0,106.40184429863451,0.0,6,6,0,0,6,6,5673,0,0,0,0,0
2020-06-20,US,Minnesota,Lyon,270,2,0,44.41327865,-95.83806103,27083.0,1059.9042160634372,0.7407407407407407,268,258,2,0,256,250,25629,12,0,0,12,8
2020-06-20,US,Minnesota,Mahnomen,6,1,0,47.32557075,-95.80921485,27087.0,108.5579880586213,16.666666666666668,5,6,1,0,5,6,5519,0,0,0,0,0
2020-06-20,US,Minnesota,Marshall,12,0,0,48.35825983,-96.37017407,27089.0,128.53470437017995,0.0,12,12,0,0,12,12,9390,0,0,0,0,0
2020-06-20,US,Minnesota,Martin,147,5,0,43.67429718,-94.55099908,27091.0,746.8373723517758,3.4013605442176873,142,147,5,0,142,147,19785,0,0,0,0,0
2020-06-20,US,Minnesota,McLeod,66,0,0,44.82367677,-94.27287017,27085.0,183.87986515476555,0.0,66,64,0,0,64,58,35873,2,0,0,2,6
2020-06-20,US,Minnesota,Meeker,51,1,0,45.12328869,-94.52839455,27093.0,219.6193265007321,1.96078431372549,50,51,1,0,50,50,23141,0,0,0,0,1
2020-06-20,US,Minnesota,Mille Lacs,29,1,0,45.93705297,-93.63236823,27095.0,110.36267458233436,3.4482758620689653,28,29,1,0,28,28,26139,0,0,0,0,1
2020-06-20,US,Minnesota,Morrison,54,1,0,46.01265363,-94.27341528,27097.0,161.74444377882946,1.851851851851852,53,54,1,0,53,54,33169,0,0,0,0,0
2020-06-20,US,Minnesota,Mower,784,2,0,43.67142874,-92.75234549,27099.0,1956.9667016125006,0.2551020408163265,782,755,2,0,753,744,40011,29,0,0,29,11
2020-06-20,US,Minnesota,Murray,47,0,0,44.02216709,-95.76328482,27101.0,573.5904320234317,0.0,47,47,0,0,47,44,8276,0,0,0,0,3
2020-06-20,US,Minnesota,Nicollet,107,12,0,44.35291112,-94.24710352,27103.0,312.18999824940187,11.214953271028037,95,105,12,0,93,98,34220,2,0,0,2,7
2020-06-20,US,Minnesota,Nobles,1630,6,0,43.67434621,-95.75329576,27105.0,7536.178279162236,0.3680981595092024,1624,1628,6,0,1622,1621,21924,2,0,0,2,7
2020-06-20,US,Minnesota,Norman,18,0,0,47.32628443,-96.45620947,27107.0,282.35294117647067,0.0,18,18,0,0,18,18,6475,0,0,0,0,0
2020-06-20,US,Minnesota,Olmsted,869,14,0,44.00374114,-92.40209944,27109.0,548.9819511917774,1.6110471806674338,855,846,14,0,832,832,156277,23,0,0,23,14
2020-06-20,US,Minnesota,Otter Tail,85,1,0,46.40846929,-95.70835255,27111.0,144.69070234569162,1.1764705882352942,84,83,1,0,82,83,58812,2,0,0,2,0
2020-06-20,US,Minnesota,Pennington,50,0,0,48.06642577,-96.0370814,27113.0,354.1327289468092,0.0,50,50,0,0,50,52,14178,0,0,0,0,-2
2020-06-20,US,Minnesota,Pine,96,0,0,46.12105238,-92.74070188,27115.0,324.5545826430914,0.0,96,96,0,0,96,96,29483,0,0,0,0,0
2020-06-20,US,Minnesota,Pipestone,14,0,0,44.02301619,-96.25841142,27117.0,153.40784571553803,0.0,14,14,0,0,14,14,9047,0,0,0,0,0
2020-06-20,US,Minnesota,Polk,71,2,0,47.77372465,-96.40134647,27119.0,226.37418696594818,2.8169014084507036,69,67,2,0,65,67,31529,4,0,0,4,0
2020-06-20,US,Minnesota,Pope,10,0,0,45.58606667,-95.44451209,27121.0,88.8967908258512,0.0,10,10,0,0,10,10,11097,0,0,0,0,0
2020-06-20,US,Minnesota,Ramsey,4244,209,0,45.01625271,-93.09872295,27123.0,771.1862712853044,4.924599434495759,4035,4180,207,0,3973,4128,550210,64,2,0,62,52
2020-06-20,US,Minnesota,Red Lake,3,0,0,47.87197525,-96.09561104,27125.0,73.98273736128236,0.0,3,3,0,0,3,4,3999,0,0,0,0,-1
2020-06-20,US,Minnesota,Redwood,12,0,0,44.40555844,-95.25207021,27127.0,79.10349373764008,0.0,12,12,0,0,12,12,15249,0,0,0,0,0
2020-06-20,US,Minnesota,Renville,12,1,0,44.72836381,-94.94553734,27129.0,82.48556502612044,8.333333333333334,11,12,0,0,12,12,14612,0,1,0,-1,0
2020-06-20,US,Minnesota,Rice,743,4,0,44.3543376,-93.29658715,27131.0,1109.4188616138088,0.5383580080753702,739,740,4,0,736,733,66523,3,0,0,3,7
2020-06-20,US,Minnesota,Rock,26,0,0,43.67482683,-96.25296832,27133.0,279.11969940955447,0.0,26,26,0,0,26,26,9414,0,0,0,0,0
2020-06-20,US,Minnesota,Roseau,6,0,0,48.77501878,-95.81079919,27135.0,39.564787339268044,0.0,6,6,0,0,6,6,15150,0,0,0,0,0
2020-06-20,US,Minnesota,Scott,561,4,0,44.6490231,-93.53340251,27139.0,376.4772201083127,0.7130124777183601,557,555,4,0,551,551,147381,6,0,0,6,4
2020-06-20,US,Minnesota,Sherburne,273,4,0,45.44447208,-93.77617511,27141.0,280.7544375655608,1.465201465201465,269,272,4,0,268,271,96036,1,0,0,1,1
2020-06-20,US,Minnesota,Sibley,28,2,0,44.5796592,-94.23164924,27143.0,188.36192398250924,7.142857142857142,26,28,2,0,26,27,15028,0,0,0,0,1
2020-06-20,US,Minnesota,St. Louis,135,14,0,47.6048407,-92.46879855,27137.0,67.81534133721807,10.370370370370368,121,132,14,0,118,129,199754,3,0,0,3,3
2020-06-20,US,Minnesota,Stearns,2131,19,0,45.55192576,-94.61078221,27145.0,1322.9861865590565,0.8916001877053027,2112,2126,19,0,2107,2122,159256,5,0,0,5,4
2020-06-20,US,Minnesota,Steele,186,0,0,44.02240351,-93.22627088,27147.0,507.51725831537016,0.0,186,183,0,0,183,181,36803,3,0,0,3,2
2020-06-20,US,Minnesota,Stevens,2,0,0,45.58613007,-96.00163705,27149.0,20.39775624681285,0.0,2,2,0,0,2,1,9753,0,0,0,0,1
2020-06-20,US,Minnesota,Swift,20,1,0,45.2829032,-95.68264092,27151.0,215.8428663932657,5.0,19,20,1,0,19,20,9345,0,0,0,0,0
2020-06-20,US,Minnesota,Todd,388,2,0,46.06996226,-94.89785296,27153.0,1573.1430424910802,0.5154639175257731,386,386,2,0,384,381,24582,2,0,0,2,5
2020-06-20,US,Minnesota,Traverse,5,0,0,45.77298854,-96.47062949,27155.0,153.42129487572873,0.0,5,5,0,0,5,5,3308,0,0,0,0,0
2020-06-20,US,Minnesota,Unassigned,68,31,0,0.0,0.0,90027.0,0.0,45.58823529411765,37,57,31,0,26,58,,11,0,0,11,-1
2020-06-20,US,Minnesota,Wabasha,27,0,0,44.28424356,-92.23121312,27157.0,124.84394506866415,0.0,27,27,0,0,27,24,21645,0,0,0,0,3
2020-06-20,US,Minnesota,Wadena,10,0,0,46.58589171,-94.96968506,27159.0,73.0887297178775,0.0,10,10,0,0,10,10,13773,0,0,0,0,0
2020-06-20,US,Minnesota,Waseca,37,0,0,44.02211116,-93.58720034,27161.0,198.7964753922201,0.0,37,36,0,0,36,35,18691,1,0,0,1,1
2020-06-20,US,Minnesota,Washington,868,38,0,45.03864533,-92.88429635,27163.0,330.7422648986435,4.377880184331797,830,843,37,0,806,833,259201,25,1,0,24,10
2020-06-20,US,Minnesota,Watonwan,137,0,0,43.97823903,-94.61413846,27165.0,1257.2267596586216,0.0,137,128,0,0,128,115,10980,9,0,0,9,13
2020-06-20,US,Minnesota,Wilkin,20,3,0,46.35721532,-96.4684375,27167.0,322.2168519413565,15.0,17,20,3,0,17,18,6254,0,0,0,0,2
2020-06-20,US,Minnesota,Winona,94,15,0,43.98772283,-91.78081305,27169.0,186.1976071626654,15.957446808510639,79,93,15,0,78,91,50825,1,0,0,1,2
2020-06-20,US,Minnesota,Wright,397,2,0,45.17297924,-93.96234781,27171.0,286.89738901696086,0.5037783375314862,395,394,2,0,392,391,136349,3,0,0,3,3
2020-06-20,US,Minnesota,Yellow Medicine,22,0,0,44.71710183,-95.86842453,27173.0,226.5938819651869,0.0,22,14,0,0,14,11,9795,8,0,0,8,3
2020-06-20,US,Mississippi,Adams,227,18,0,31.47669768,-91.35326037,28001.0,739.582315185873,7.929515418502202,209,227,18,0,209,227,31192,0,0,0,0,0
2020-06-20,US,Mississippi,Alcorn,32,1,0,34.88084463,-88.57996173,28003.0,86.59648742997862,3.125,31,32,1,0,31,32,36925,0,0,0,0,0
2020-06-20,US,Mississippi,Amite,73,2,0,31.17467303,-90.80501621,28005.0,593.640725380174,2.7397260273972597,71,73,2,0,71,73,12326,0,0,0,0,0
2020-06-20,US,Mississippi,Attala,335,23,0,33.08658803,-89.57838564,28007.0,1843.2926158248047,6.865671641791044,312,335,23,0,312,335,18365,0,0,0,0,0
2020-06-20,US,Mississippi,Benton,18,0,0,34.81681228,-89.18945516,28009.0,217.9440610243371,0.0,18,18,0,0,18,18,8271,0,0,0,0,0
2020-06-20,US,Mississippi,Bolivar,197,13,0,33.79696941,-90.87372121,28011.0,643.2022985503462,6.598984771573603,184,197,13,0,184,197,31333,0,0,0,0,0
2020-06-20,US,Mississippi,Calhoun,83,4,0,33.93683395,-89.33686647,28013.0,577.9541814636864,4.819277108433735,79,83,4,0,79,83,14436,0,0,0,0,0
2020-06-20,US,Mississippi,Carroll,122,11,0,33.44834567,-89.91994479,28015.0,1226.500452397708,9.016393442622949,111,122,11,0,111,122,9911,0,0,0,0,0
2020-06-20,US,Mississippi,Chickasaw,177,16,0,33.91983202,-88.9481545,28017.0,1034.906156814594,9.039548022598868,161,177,16,0,161,177,17171,0,0,0,0,0
2020-06-20,US,Mississippi,Choctaw,71,2,0,33.34598242,-89.24809382,28019.0,864.7990255785628,2.8169014084507036,69,71,2,0,69,71,8278,0,0,0,0,0
2020-06-20,US,Mississippi,Claiborne,144,9,0,31.97061673,-90.90702196,28021.0,1602.136181575434,6.25,135,144,9,0,135,144,9002,0,0,0,0,0
2020-06-20,US,Mississippi,Clarke,168,21,0,32.04158545,-88.68896219999998,28023.0,1081.0115179203397,12.5,147,168,21,0,147,168,15604,0,0,0,0,0
2020-06-20,US,Mississippi,Clay,185,6,0,33.65358105,-88.77784255,28025.0,957.7552288258439,3.2432432432432434,179,185,6,0,179,185,19386,0,0,0,0,0
2020-06-20,US,Mississippi,Coahoma,156,6,0,34.22772299,-90.60415045,28027.0,705.1166154402458,3.8461538461538463,150,156,6,0,150,156,22628,0,0,0,0,0
2020-06-20,US,Mississippi,Copiah,425,7,0,31.86977774,-90.44565118,28029.0,1514.3417067521825,1.6470588235294117,418,425,7,0,418,425,28543,0,0,0,0,0
2020-06-20,US,Mississippi,Covington,213,3,0,31.63225413,-89.55389939,28031.0,1142.9491307147455,1.4084507042253518,210,213,3,0,210,213,18853,0,0,0,0,0
2020-06-20,US,Mississippi,DeSoto,790,14,0,34.87625235,-89.99091418,28033.0,427.15401876233483,1.7721518987341771,776,790,14,0,776,790,182001,0,0,0,0,0
2020-06-20,US,Mississippi,Forrest,697,41,0,31.18961454,-89.25832496,28035.0,930.6113729521877,5.882352941176472,656,697,41,0,656,697,75036,0,0,0,0,0
2020-06-20,US,Mississippi,Franklin,30,2,0,31.47786634,-90.89672989,28037.0,388.9537145079735,6.666666666666668,28,30,2,0,28,30,7788,0,0,0,0,0
2020-06-20,US,Mississippi,George,41,2,0,30.86259065,-88.64436789,28039.0,167.3469387755102,4.878048780487805,39,41,2,0,39,41,24250,0,0,0,0,0
2020-06-20,US,Mississippi,Greene,56,4,0,31.21444233,-88.63922281,28041.0,412.1890181068747,7.142857142857142,52,56,4,0,52,56,13586,0,0,0,0,0
2020-06-20,US,Mississippi,Grenada,170,4,0,33.77036166,-89.80245083,28043.0,818.9613642932844,2.3529411764705883,166,170,4,0,166,170,21055,0,0,0,0,0
2020-06-20,US,Mississippi,Hancock,100,13,0,30.41830223,-89.48851033,28045.0,209.9428955324152,13.0,87,100,13,0,87,100,47334,0,0,0,0,0
2020-06-20,US,Mississippi,Harrison,393,7,0,30.51359752,-89.12467576,28047.0,188.8696655132641,1.7811704834605595,386,393,7,0,386,393,206650,0,0,0,0,0
2020-06-20,US,Mississippi,Hinds,1390,29,0,32.2656285,-90.44435448,28049.0,599.5514147688061,2.0863309352517985,1361,1390,29,0,1361,1390,237085,0,0,0,0,0
2020-06-20,US,Mississippi,Holmes,477,35,0,33.12345854,-90.08923538,28051.0,2804.232804232804,7.337526205450734,442,477,35,0,442,477,17622,0,0,0,0,0
2020-06-20,US,Mississippi,Humphreys,83,8,0,33.12825718,-90.52252707,28053.0,1029.265873015873,9.63855421686747,75,83,8,0,75,83,8257,0,0,0,0,0
2020-06-20,US,Mississippi,Itawamba,106,8,0,34.27993475,-88.3606733,28057.0,453.1851218469432,7.547169811320754,98,106,8,0,98,106,23517,0,0,0,0,0
2020-06-20,US,Mississippi,Jackson,385,16,0,30.54020656,-88.64184064,28059.0,268.0741137887576,4.155844155844156,369,385,16,0,369,385,143277,0,0,0,0,0
2020-06-20,US,Mississippi,Jasper,203,4,0,32.01922104,-89.11786866,28061.0,1239.089299884026,1.9704433497536944,199,203,4,0,199,203,16428,0,0,0,0,0
2020-06-20,US,Mississippi,Jefferson,57,2,0,31.73397872,-91.03764977,28063.0,815.450643776824,3.5087719298245608,55,57,2,0,55,57,7106,0,0,0,0,0
2020-06-20,US,Mississippi,Jefferson Davis,86,3,0,31.56884708,-89.82670990000004,28065.0,772.8253055355859,3.4883720930232562,83,86,3,0,83,86,11234,0,0,0,0,0
2020-06-20,US,Mississippi,Jones,910,44,0,31.62257767,-89.16896899999998,28067.0,1336.3094364004817,4.835164835164835,866,910,44,0,866,910,68461,0,0,0,0,0
2020-06-20,US,Mississippi,Kemper,169,13,0,32.75462946,-88.64105766,28069.0,1734.7567234654075,7.6923076923076925,156,169,13,0,156,169,10027,0,0,0,0,0
2020-06-20,US,Mississippi,Lafayette,209,4,0,34.35687874,-89.48490961,28071.0,386.9009052370463,1.9138755980861244,205,209,4,0,205,209,54793,0,0,0,0,0
2020-06-20,US,Mississippi,Lamar,300,6,0,31.20572971,-89.5077704,28073.0,473.611922390793,2.0,294,300,6,0,294,300,62447,0,0,0,0,0
2020-06-20,US,Mississippi,Lauderdale,818,75,0,32.40419769,-88.66229662,28075.0,1103.5413153456998,9.168704156479217,743,818,75,0,743,818,75317,0,0,0,0,0
2020-06-20,US,Mississippi,Lawrence,121,1,0,31.55147224,-90.10841127,28077.0,961.3856666136977,0.8264462809917356,120,121,1,0,120,121,12455,0,0,0,0,0
2020-06-20,US,Mississippi,Leake,496,16,0,32.7536828,-89.52402044,28079.0,2176.775212849996,3.2258064516129035,480,496,16,0,480,496,22763,0,0,0,0,0
2020-06-20,US,Mississippi,Lee,330,14,0,34.291877500000005,-88.68149954,28081.0,386.2540381103984,4.242424242424242,316,330,14,0,316,330,85202,0,0,0,0,0
2020-06-20,US,Mississippi,Leflore,385,47,0,33.55545125,-90.29900733,28083.0,1366.0717453784196,12.207792207792208,338,385,47,0,338,385,28919,0,0,0,0,0
2020-06-20,US,Mississippi,Lincoln,330,32,0,31.53288662,-90.45391915,28085.0,966.2401545984247,9.696969696969695,298,330,32,0,298,330,34205,0,0,0,0,0
2020-06-20,US,Mississippi,Lowndes,352,10,0,33.47386518,-88.44191529999998,28087.0,600.7338510111783,2.8409090909090913,342,352,10,0,342,352,58930,0,0,0,0,0
2020-06-20,US,Mississippi,Madison,922,31,0,32.63389156,-90.03513564,28089.0,867.5850647395363,3.362255965292841,891,922,31,0,891,922,105630,0,0,0,0,0
2020-06-20,US,Mississippi,Marion,163,9,0,31.23132643,-89.8209217,28091.0,663.329670776869,5.521472392638037,154,163,9,0,154,163,24715,0,0,0,0,0
2020-06-20,US,Mississippi,Marshall,122,3,0,34.76216286,-89.50299462,28093.0,345.6678188927297,2.459016393442623,119,122,3,0,119,122,35451,0,0,0,0,0
2020-06-20,US,Mississippi,Monroe,301,26,0,33.89236763,-88.4808438,28095.0,853.8522637013502,8.637873754152825,275,301,26,0,275,301,35564,0,0,0,0,0
2020-06-20,US,Mississippi,Montgomery,98,1,0,33.49419589,-89.61729103,28097.0,1002.5575447570333,1.020408163265306,97,98,1,0,97,98,10023,0,0,0,0,0
2020-06-20,US,Mississippi,Neshoba,921,56,0,32.75339664,-89.11726492,28099.0,3162.991963733773,6.080347448425624,865,921,56,0,865,921,29125,0,0,0,0,0
2020-06-20,US,Mississippi,Newton,325,8,0,32.40021118,-89.11843336,28101.0,1546.2936530592826,2.4615384615384617,317,325,8,0,317,325,21443,0,0,0,0,0
2020-06-20,US,Mississippi,Noxubee,218,6,0,33.11009499,-88.56949061,28103.0,2092.7330325429584,2.7522935779816518,212,218,6,0,212,218,10535,0,0,0,0,0
2020-06-20,US,Mississippi,Oktibbeha,386,18,0,33.42491685,-88.87905132,28105.0,778.4298303990965,4.66321243523316,368,386,18,0,368,386,49599,0,0,0,0,0
2020-06-20,US,Mississippi,Panola,146,4,0,34.36398677,-89.95064249,28107.0,427.0004679457183,2.7397260273972597,142,146,4,0,142,146,34178,0,0,0,0,0
2020-06-20,US,Mississippi,Pearl River,224,32,0,30.77090935,-89.58677275,28109.0,403.34923921851083,14.285714285714285,192,224,32,0,192,224,55387,0,0,0,0,0
2020-06-20,US,Mississippi,Perry,55,3,0,31.17161885,-88.99281835,28111.0,459.36690887830946,5.454545454545454,52,55,3,0,52,55,11931,0,0,0,0,0
2020-06-20,US,Mississippi,Pike,248,11,0,31.17507789,-90.40392572,28113.0,631.2360008144981,4.435483870967742,237,248,11,0,237,248,39563,0,0,0,0,0
2020-06-20,US,Mississippi,Pontotoc,93,3,0,34.226046000000004,-89.03636807,28115.0,289.05327282899236,3.2258064516129035,90,93,3,0,90,93,31833,0,0,0,0,0
2020-06-20,US,Mississippi,Prentiss,70,3,0,34.61810501,-88.51986294,28117.0,278.59587678102366,4.285714285714286,67,70,3,0,67,70,25315,0,0,0,0,0
2020-06-20,US,Mississippi,Quitman,52,0,0,34.25157572,-90.28908,28119.0,765.6065959952887,0.0,52,52,0,0,52,52,7051,0,0,0,0,0
2020-06-20,US,Mississippi,Rankin,563,10,0,32.26469147,-89.94537876,28121.0,362.59185553000884,1.7761989342806397,553,563,10,0,553,563,153902,0,0,0,0,0
2020-06-20,US,Mississippi,Scott,696,12,0,32.406704100000006,-89.53789439,28123.0,2474.754657943393,1.7241379310344829,684,696,12,0,684,696,28287,0,0,0,0,0
2020-06-20,US,Mississippi,Sharkey,9,0,0,32.88149103,-90.8159538,28125.0,208.28511918537376,0.0,9,9,0,0,9,9,4377,0,0,0,0,0
2020-06-20,US,Mississippi,Simpson,126,1,0,31.91282117,-89.91716179,28127.0,472.65361242403776,0.7936507936507936,125,126,1,0,125,126,26758,0,0,0,0,0
2020-06-20,US,Mississippi,Smith,182,11,0,32.01744532,-89.50644846,28129.0,1143.5033928122646,6.043956043956044,171,182,11,0,171,182,16002,0,0,0,0,0
2020-06-20,US,Mississippi,Stone,35,1,0,30.79187949,-89.11547539,28131.0,190.88132635253052,2.8571428571428568,34,35,1,0,34,35,18717,0,0,0,0,0
2020-06-20,US,Mississippi,Sunflower,128,4,0,33.60192578,-90.58882684,28133.0,509.7570688968538,3.125,124,128,4,0,124,128,25735,0,0,0,0,0
2020-06-20,US,Mississippi,Tallahatchie,49,1,0,33.95339918,-90.1729398,28135.0,354.8410456948367,2.0408163265306123,48,49,1,0,48,49,13987,0,0,0,0,0
2020-06-20,US,Mississippi,Tate,155,1,0,34.65133709,-89.94485778,28137.0,547.2970587196779,0.6451612903225806,154,155,1,0,154,155,28759,0,0,0,0,0
2020-06-20,US,Mississippi,Tippah,100,11,0,34.76872156,-88.90988194,28139.0,454.23574835339537,11.0,89,100,11,0,89,100,21995,0,0,0,0,0
2020-06-20,US,Mississippi,Tishomingo,47,1,0,34.74023475,-88.23917219,28141.0,242.480524170665,2.127659574468085,46,47,1,0,46,47,19454,0,0,0,0,0
2020-06-20,US,Mississippi,Tunica,67,3,0,34.64967704,-90.37481167,28143.0,695.5980066445183,4.477611940298506,64,67,3,0,64,67,9944,0,0,0,0,0
2020-06-20,US,Mississippi,Union,109,8,0,34.49162015,-89.00776006,28145.0,378.27520388686446,7.339449541284404,101,109,8,0,101,109,28606,0,0,0,0,0
2020-06-20,US,Mississippi,Walthall,111,1,0,31.14971548,-90.10446654,28147.0,776.9844603107938,0.9009009009009008,110,111,1,0,110,111,14465,0,0,0,0,0
2020-06-20,US,Mississippi,Warren,280,14,0,32.35810271,-90.83352619,28149.0,616.9983032546661,5.0,266,280,14,0,266,280,46176,0,0,0,0,0
2020-06-20,US,Mississippi,Washington,276,9,0,33.28392041,-90.94196237,28151.0,628.5727299642442,3.260869565217391,267,276,9,0,267,276,45063,0,0,0,0,0
2020-06-20,US,Mississippi,Wayne,409,8,0,31.64135687,-88.69573913,28153.0,2026.4579101223803,1.9559902200489,401,409,8,0,401,409,20298,0,0,0,0,0
2020-06-20,US,Mississippi,Webster,109,8,0,33.61300486,-89.28392912,28155.0,1124.9870987718032,7.339449541284404,101,109,8,0,101,109,9788,0,0,0,0,0
2020-06-20,US,Mississippi,Wilkinson,85,9,0,31.16078225,-91.31018819,28157.0,984.936268829664,10.588235294117649,76,85,9,0,76,85,8792,0,0,0,0,0
2020-06-20,US,Mississippi,Winston,158,2,0,33.08747908,-89.03391385,28159.0,879.9777220829852,1.2658227848101269,156,158,2,0,156,158,18165,0,0,0,0,0
2020-06-20,US,Mississippi,Yalobusha,139,7,0,34.02824175,-89.70762049999998,28161.0,1148.0013214403698,5.035971223021583,132,139,7,0,132,139,12392,0,0,0,0,0
2020-06-20,US,Mississippi,Yazoo,354,6,0,32.77890365,-90.39656148,28163.0,1192.320646682385,1.6949152542372878,348,354,6,0,348,354,28248,0,0,0,0,0
2020-06-20,US,Missouri,Adair,84,0,0,40.19058551,-92.60078167,29001.0,331.45247208302095,0.0,84,85,0,0,85,85,25339,-1,0,0,-1,0
2020-06-20,US,Missouri,Andrew,41,0,0,39.98492163,-94.80163024,29003.0,231.48148148148152,0.0,41,39,0,0,39,36,17607,2,0,0,2,3
2020-06-20,US,Missouri,Atchison,3,0,0,40.43238737,-95.42970639,29005.0,58.331713007972,0.0,3,3,0,0,3,3,5171,0,0,0,0,0
2020-06-20,US,Missouri,Audrain,134,1,0,39.215877,-91.84242683,29007.0,527.8084134236648,0.746268656716418,133,133,1,0,132,123,25473,1,0,0,1,10
2020-06-20,US,Missouri,Barry,31,0,0,36.70978521,-93.82919888,29009.0,86.61879348403141,0.0,31,28,0,0,28,25,35886,3,0,0,3,3
2020-06-20,US,Missouri,Barton,15,0,0,37.50207671,-94.34757022,29011.0,127.61613067891778,0.0,15,15,0,0,15,10,11798,0,0,0,0,5
2020-06-20,US,Missouri,Bates,12,1,0,38.25271289,-94.34113157,29013.0,74.20232500618353,8.333333333333334,11,12,1,0,11,12,16320,0,0,0,0,0
2020-06-20,US,Missouri,Benton,15,0,0,38.29503305,-93.28756116,29015.0,77.14858818083627,0.0,15,14,0,0,14,14,19278,1,0,0,1,0
2020-06-20,US,Missouri,Bollinger,12,0,0,37.32449052,-90.02725304,29017.0,98.90381603890215,0.0,12,11,0,0,11,11,12169,1,0,0,1,0
2020-06-20,US,Missouri,Boone,257,2,0,38.99186229,-92.30723575,29019.0,142.41146384577445,0.7782101167315175,255,246,2,0,244,226,180005,11,0,0,11,20
2020-06-20,US,Missouri,Buchanan,805,3,0,39.65816401,-94.80138942,29021.0,921.4321688567372,0.3726708074534161,802,802,3,0,799,800,88571,3,0,0,3,2
2020-06-20,US,Missouri,Butler,62,0,0,36.71462476,-90.40421163,29023.0,145.95790762276943,0.0,62,59,0,0,59,58,42639,3,0,0,3,1
2020-06-20,US,Missouri,Caldwell,9,0,0,39.65620858,-93.98308093,29025.0,99.77827050997783,0.0,9,8,0,0,8,8,9108,1,0,0,1,0
2020-06-20,US,Missouri,Callaway,42,1,0,38.83674754,-91.92186505,29027.0,93.86943208993586,2.380952380952381,41,42,1,0,41,42,44889,0,0,0,0,0
2020-06-20,US,Missouri,Camden,47,1,0,38.02199522,-92.76083747,29029.0,101.50091782744845,2.127659574468085,46,45,1,0,44,45,45815,2,0,0,2,0
2020-06-20,US,Missouri,Cape Girardeau,119,3,0,37.38489388,-89.6843587,29031.0,150.8792838939534,2.5210084033613445,116,117,3,0,114,114,78753,2,0,0,2,3
2020-06-20,US,Missouri,Carroll,11,0,0,39.42762566,-93.50626255,29033.0,126.74271229404309,0.0,11,11,0,0,11,11,8743,0,0,0,0,0
2020-06-20,US,Missouri,Carter,6,1,0,36.94160441,-90.96051322,29035.0,100.30090270812435,16.666666666666668,5,6,1,0,5,5,6054,0,0,0,0,1
2020-06-20,US,Missouri,Cass,116,8,0,38.64789422,-94.353399,29037.0,109.66156173189638,6.896551724137932,108,112,8,0,104,110,104954,4,0,0,4,2
2020-06-20,US,Missouri,Cedar,9,0,0,37.72391475,-93.85445441,29039.0,62.72214091574325,0.0,9,9,0,0,9,9,14165,0,0,0,0,0
2020-06-20,US,Missouri,Chariton,6,0,0,39.51499357,-92.9629191,29041.0,80.79719903043363,0.0,6,6,0,0,6,6,7451,0,0,0,0,0
2020-06-20,US,Missouri,Christian,32,0,0,36.9711783,-93.18537118,29043.0,36.11941983181895,0.0,32,31,0,0,31,31,86983,1,0,0,1,0
2020-06-20,US,Missouri,Clark,1,0,0,40.41040752,-91.73661677,29045.0,14.712373105781962,0.0,1,1,0,0,1,1,6842,0,0,0,0,0
2020-06-20,US,Missouri,Clay,342,8,0,39.31132056,-94.41850862,29047.0,136.82846031974648,2.3391812865497075,334,334,3,0,331,319,246365,8,5,0,3,15
2020-06-20,US,Missouri,Clinton,23,0,0,39.6013098,-94.40465394,29049.0,112.81699121989504,0.0,23,22,0,0,22,23,20470,1,0,0,1,-1
2020-06-20,US,Missouri,Cole,60,1,0,38.50455671,-92.27860244,29051.0,78.18098898951072,1.6666666666666667,59,58,1,0,57,57,76796,2,0,0,2,1
2020-06-20,US,Missouri,Cooper,12,0,0,38.844478,-92.80896081,29053.0,67.7621548365238,0.0,12,12,0,0,12,12,17603,0,0,0,0,0
2020-06-20,US,Missouri,Crawford,10,0,0,37.97663738,-91.30528104,29055.0,41.80602006688964,0.0,10,10,0,0,10,10,23957,0,0,0,0,0
2020-06-20,US,Missouri,Dade,1,0,0,37.431814,-93.8503345,29057.0,13.225763787858751,0.0,1,1,0,0,1,1,7569,0,0,0,0,0
2020-06-20,US,Missouri,Dallas,9,0,0,37.681135499999996,-93.02127031,29059.0,53.32385353714895,0.0,9,9,0,0,9,7,16762,0,0,0,0,2
2020-06-20,US,Missouri,Daviess,7,0,0,39.96145298,-93.98519678,29061.0,84.56148828219376,0.0,7,7,0,0,7,7,8313,0,0,0,0,0
2020-06-20,US,Missouri,DeKalb,10,0,0,39.89201062,-94.40476508,29063.0,79.70032677133977,0.0,10,10,0,0,10,9,12630,0,0,0,0,1
2020-06-20,US,Missouri,Dent,1,0,0,37.60663134,-91.50790473,29065.0,6.421370320426379,0.0,1,1,0,0,1,1,15441,0,0,0,0,0
2020-06-20,US,Missouri,Douglas,3,0,0,36.9325593,-92.49905109,29067.0,22.75312855517633,0.0,3,3,0,0,3,3,13373,0,0,0,0,0
2020-06-20,US,Missouri,Dunklin,79,3,0,36.27167174,-90.09122243,29069.0,271.1887679791288,3.79746835443038,76,66,3,0,63,65,29423,13,0,0,13,1
2020-06-20,US,Missouri,Franklin,188,18,0,38.41127108,-91.07522826,29071.0,180.8266084430637,9.574468085106382,170,180,18,0,162,178,103670,8,0,0,8,2
2020-06-20,US,Missouri,Gasconade,4,0,0,38.43947277,-91.50847147,29073.0,27.19978240174079,0.0,4,3,0,0,3,2,14705,1,0,0,1,1
2020-06-20,US,Missouri,Gentry,54,9,0,40.21097916,-94.40944419,29075.0,821.7927256125398,16.666666666666668,45,54,9,0,45,54,6628,0,0,0,0,0
2020-06-20,US,Missouri,Greene,218,8,0,37.2575872,-93.34230916,29077.0,74.38089843936592,3.669724770642202,210,214,8,0,206,210,291923,4,0,0,4,4
2020-06-20,US,Missouri,Grundy,17,0,0,40.11406587,-93.56509276,29079.0,172.58883248730962,0.0,17,16,0,0,16,12,9914,1,0,0,1,4
2020-06-20,US,Missouri,Harrison,9,0,0,40.35570088,-93.99222144,29081.0,107.75862068965515,0.0,9,9,0,0,9,9,8414,0,0,0,0,0
2020-06-20,US,Missouri,Henry,17,3,0,38.38482826,-93.79293734,29083.0,77.89589442815249,17.647058823529417,14,17,3,0,14,17,21792,0,0,0,0,0
2020-06-20,US,Missouri,Holt,2,0,0,40.09799248,-95.21638879999999,29087.0,45.42357483533954,0.0,2,1,0,0,1,1,4404,1,0,0,1,0
2020-06-20,US,Missouri,Howard,3,0,0,39.1435761,-92.69756691,29089.0,29.99700029997,0.0,3,3,0,0,3,3,10137,0,0,0,0,0
2020-06-20,US,Missouri,Howell,30,0,0,36.77383887,-91.88683935,29091.0,74.78126480045866,0.0,30,31,0,0,31,29,40076,-1,0,0,-1,2
2020-06-20,US,Missouri,Iron,2,0,0,37.55487945,-90.7735296,29093.0,19.753086419753085,0.0,2,2,0,0,2,2,10177,0,0,0,0,0
2020-06-20,US,Missouri,Jackson,1016,22,0,39.01002188,-94.34724536,29095.0,144.52120948320862,2.1653543307086616,994,976,22,0,954,933,700307,40,0,0,40,43
2020-06-20,US,Missouri,Jasper,239,0,0,37.20351921,-94.34050458,29097.0,196.98668073321903,0.0,239,196,0,0,196,192,120636,43,0,0,43,4
2020-06-20,US,Missouri,Jefferson,401,19,0,38.25926778,-90.53870896,29099.0,178.1580853115101,4.7381546134663335,382,391,19,0,372,389,224347,10,0,0,10,2
2020-06-20,US,Missouri,Johnson,89,0,0,38.74719601,-93.80691168,29101.0,164.6258000073989,0.0,89,90,0,0,90,87,53652,-1,0,0,-1,3
2020-06-20,US,Missouri,Kansas City,1914,30,0,39.0997,-94.5786,0.0,391.456672863708,1.567398119122257,1884,1872,30,0,1842,1831,491918,42,0,0,42,41
2020-06-20,US,Missouri,Knox,2,0,0,40.12699751,-92.14780832,29103.0,50.51780752715332,0.0,2,2,0,0,2,2,3947,0,0,0,0,0
2020-06-20,US,Missouri,Laclede,16,0,0,37.65896829,-92.5888493,29105.0,44.789071466562156,0.0,16,12,0,0,12,12,35713,4,0,0,4,0
2020-06-20,US,Missouri,Lafayette,86,2,0,39.06986886,-93.78076396,29107.0,262.93261587379243,2.3255813953488373,84,86,2,0,84,86,32598,0,0,0,0,0
2020-06-20,US,Missouri,Lawrence,11,0,0,37.10626634,-93.83293097,29109.0,28.67944205449094,0.0,11,11,0,0,11,10,38359,0,0,0,0,1
2020-06-20,US,Missouri,Lewis,7,1,0,40.09673161,-91.72070156,29111.0,71.6039279869067,14.285714285714285,6,7,1,0,6,7,9855,0,0,0,0,0
2020-06-20,US,Missouri,Lincoln,91,1,0,39.05345619,-90.95588181,29113.0,154.20331113483468,1.0989010989010992,90,91,1,0,90,91,57686,0,0,0,0,0
2020-06-20,US,Missouri,Linn,13,1,0,39.87001769,-93.10704106,29115.0,109.06040268456377,7.6923076923076925,12,13,1,0,12,13,12037,0,0,0,0,0
2020-06-20,US,Missouri,Livingston,6,0,0,39.78110272,-93.54645978,29117.0,39.40369081237276,0.0,6,6,0,0,6,6,15146,0,0,0,0,0
2020-06-20,US,Missouri,Macon,7,0,0,39.83049768,-92.56453089,29121.0,46.30548389230668,0.0,7,7,0,0,7,7,15153,0,0,0,0,0
2020-06-20,US,Missouri,Madison,3,0,0,37.47865134,-90.34671429999999,29123.0,24.81800132362674,0.0,3,3,0,0,3,3,12188,0,0,0,0,0
2020-06-20,US,Missouri,Maries,2,0,0,38.16193985,-91.92249662,29125.0,22.996435552489363,0.0,2,2,0,0,2,2,8769,0,0,0,0,0
2020-06-20,US,Missouri,Marion,11,0,0,39.80601912,-91.62203062,29127.0,38.5559060637925,0.0,11,10,0,0,10,9,28592,1,0,0,1,1
2020-06-20,US,Missouri,McDonald,170,0,0,36.62869595,-94.34867205,29119.0,744.4060077943687,0.0,170,132,0,0,132,124,23078,38,0,0,38,8
2020-06-20,US,Missouri,Mercer,5,0,0,40.42212303,-93.56829590000001,29129.0,138.23610727121923,0.0,5,5,0,0,5,5,3641,0,0,0,0,0
2020-06-20,US,Missouri,Miller,10,0,0,38.21450288,-92.42610898,29131.0,39.03352980210001,0.0,10,8,0,0,8,8,25336,2,0,0,2,0
2020-06-20,US,Missouri,Mississippi,77,0,0,36.82516239,-89.29505753,29133.0,584.2185128983308,0.0,77,77,0,0,77,77,13336,0,0,0,0,0
2020-06-20,US,Missouri,Moniteau,49,1,0,38.63571781,-92.57976951,29135.0,303.74411108356065,2.0408163265306123,48,49,1,0,48,49,16121,0,0,0,0,0
2020-06-20,US,Missouri,Monroe,5,0,0,39.49593978,-92.00043978,29137.0,57.84359093012494,0.0,5,4,0,0,4,3,8664,1,0,0,1,1
2020-06-20,US,Missouri,Montgomery,13,0,0,38.94022054,-91.47000721,29139.0,112.5443684529478,0.0,13,13,0,0,13,12,11534,0,0,0,0,1
2020-06-20,US,Missouri,Morgan,12,0,0,38.4181765,-92.88791859,29141.0,58.17617685557765,0.0,12,12,0,0,12,12,20358,0,0,0,0,0
2020-06-20,US,Missouri,New Madrid,34,1,0,36.59666326,-89.66070007,29143.0,199.10986179433124,2.9411764705882355,33,34,2,0,32,34,17296,0,-1,0,1,0
2020-06-20,US,Missouri,Newton,177,2,0,36.90519407,-94.3394104,29145.0,303.93570987018336,1.1299435028248588,175,123,2,0,121,108,58266,54,0,0,54,15
2020-06-20,US,Missouri,Nodaway,17,0,0,40.36079813,-94.88133008,29147.0,76.95093246424045,0.0,17,17,0,0,17,18,22304,0,0,0,0,-1
2020-06-20,US,Missouri,Oregon,6,0,0,36.68710164,-91.4033755,29149.0,56.9854687054801,0.0,6,6,0,0,6,6,10541,0,0,0,0,0
2020-06-20,US,Missouri,Osage,5,0,0,38.46036182,-91.8613635,29151.0,36.72420124862284,0.0,5,5,0,0,5,5,13714,0,0,0,0,0
2020-06-20,US,Missouri,Ozark,1,0,0,36.64916339,-92.44459066,29153.0,10.90037061260083,0.0,1,,,,,,9017,,,,,
2020-06-20,US,Missouri,Pemiscot,105,6,0,36.2130572,-89.78742322,29155.0,664.3467257197091,5.7142857142857135,99,105,6,0,99,105,16272,0,0,0,0,0
2020-06-20,US,Missouri,Perry,91,0,0,37.70660776,-89.82741088,29157.0,475.5434782608696,0.0,91,88,0,0,88,87,19150,3,0,0,3,1
2020-06-20,US,Missouri,Pettis,98,1,0,38.72798918,-93.28471706,29159.0,231.46507947755023,1.020408163265306,97,95,1,0,94,94,42542,3,0,0,3,1
2020-06-20,US,Missouri,Phelps,7,0,0,37.87736118,-91.79351727,29161.0,15.704574518206089,0.0,7,6,0,0,6,7,44732,1,0,0,1,-1
2020-06-20,US,Missouri,Pike,33,1,0,39.34310674,-91.16980779,29163.0,180.30816304229046,3.0303030303030303,32,33,1,0,32,31,18504,0,0,0,0,2
2020-06-20,US,Missouri,Platte,102,4,0,39.38154439,-94.77068479,29165.0,97.68430730333851,3.92156862745098,98,102,4,0,98,101,102985,0,0,0,0,1
2020-06-20,US,Missouri,Polk,10,0,0,37.616229600000004,-93.39828174,29167.0,31.105166568166965,0.0,10,10,0,0,10,11,32201,0,0,0,0,-1
2020-06-20,US,Missouri,Pulaski,106,1,0,37.82462075,-92.20783203,29169.0,201.49409774364628,0.9433962264150944,105,106,1,0,105,106,52014,0,0,0,0,0
2020-06-20,US,Missouri,Putnam,2,0,0,40.47942497,-93.02042674,29171.0,42.58943781942078,0.0,2,2,0,0,2,2,4757,0,0,0,0,0
2020-06-20,US,Missouri,Ralls,6,0,0,39.52817427,-91.51838643,29173.0,58.20157144242894,0.0,6,5,0,0,5,5,10212,1,0,0,1,0
2020-06-20,US,Missouri,Randolph,12,0,0,39.44007257,-92.49713740000001,29175.0,48.48876676903184,0.0,12,12,0,0,12,12,24763,0,0,0,0,0
2020-06-20,US,Missouri,Ray,25,0,0,39.353746799999996,-93.98905745,29177.0,108.61065253280043,0.0,25,25,0,0,25,25,22883,0,0,0,0,0
2020-06-20,US,Missouri,Reynolds,2,0,0,37.36085952,-90.97009925,29179.0,31.897926634768737,0.0,2,2,0,0,2,3,6254,0,0,0,0,-1
2020-06-20,US,Missouri,Ripley,14,0,0,36.65460667,-90.85990261,29181.0,105.35821794099941,0.0,14,12,0,0,12,12,13401,2,0,0,2,0
2020-06-20,US,Missouri,Saline,278,4,0,39.13734288,-93.20259964,29195.0,1221.3874610078644,1.4388489208633093,274,278,4,0,274,277,22895,0,0,0,0,1
2020-06-20,US,Missouri,Schuyler,2,0,0,40.46921489,-92.52311943,29197.0,42.91845493562232,0.0,2,2,0,0,2,1,4599,0,0,0,0,1
2020-06-20,US,Missouri,Scotland,8,1,0,40.45214695,-92.14709064,29199.0,163.19869441044472,12.5,7,8,1,0,7,8,4966,0,0,0,0,0
2020-06-20,US,Missouri,Scott,157,10,0,37.05588075,-89.56474493,29201.0,410.135841170324,6.369426751592357,147,155,10,0,145,149,38458,2,0,0,2,6
2020-06-20,US,Missouri,Shannon,6,0,0,37.15772072,-91.40190382,29203.0,73.47538574577517,0.0,6,6,0,0,6,6,8189,0,0,0,0,0
2020-06-20,US,Missouri,Shelby,2,0,0,39.79742518,-92.07634971,29205.0,33.72681281618887,0.0,2,2,0,0,2,1,6050,0,0,0,0,1
2020-06-20,US,Missouri,St. Charles,951,69,0,38.77875681,-90.66662425,29183.0,236.55421842585733,7.255520504731861,882,943,69,0,874,933,399182,8,0,0,8,10
2020-06-20,US,Missouri,St. Clair,2,0,0,38.03699437,-93.77631447,29185.0,21.283388315419813,0.0,2,2,0,0,2,2,9395,0,0,0,0,0
2020-06-20,US,Missouri,St. Francois,50,2,0,37.81214171,-90.47598685,29187.0,74.38815740534108,4.0,48,50,2,0,48,49,66692,0,0,0,0,1
2020-06-20,US,Missouri,St. Louis,5825,550,0,38.63770039999999,-90.4458375,29189.0,585.8952630493711,9.44206008583691,5275,5769,547,0,5222,5731,996945,56,3,0,53,38
2020-06-20,US,Missouri,St. Louis City,2319,154,0,38.63555736,-90.24349225,29510.0,771.5186841264772,6.640793445450625,2165,2319,154,0,2165,2292,302838,0,0,0,0,27
2020-06-20,US,Missouri,Ste. Genevieve,16,1,0,37.89090059,-90.1949941,29186.0,89.41544651838603,6.25,15,14,1,0,13,14,17888,2,0,0,2,0
2020-06-20,US,Missouri,Stoddard,126,7,0,36.85571651,-89.9444155,29207.0,434.10852713178286,5.5555555555555545,119,127,7,0,120,126,29206,-1,0,0,-1,1
2020-06-20,US,Missouri,Stone,10,0,0,36.75000327,-93.45256475,29209.0,31.296945418127194,0.0,10,10,0,0,10,8,31749,0,0,0,0,2
2020-06-20,US,Missouri,Sullivan,96,0,0,40.2099105,-93.11150106,29211.0,1576.613565445886,0.0,96,93,0,0,93,91,6221,3,0,0,3,2
2020-06-20,US,Missouri,Taney,30,2,0,36.65465345,-93.04075153,29213.0,53.64039479330568,6.666666666666668,28,30,2,0,28,29,55852,0,0,0,0,1
2020-06-20,US,Missouri,Texas,2,0,0,37.31728859,-91.96564727,29215.0,7.874635798094338,0.0,2,1,0,0,1,1,25571,1,0,0,1,0
2020-06-20,US,Missouri,Vernon,12,0,0,37.8457799,-94.34127305,29217.0,58.357243592860954,0.0,12,12,0,0,12,12,20528,0,0,0,0,0
2020-06-20,US,Missouri,Warren,33,0,0,38.76529479,-91.16124662,29219.0,92.56921652781284,0.0,33,32,0,0,32,32,34711,1,0,0,1,0
2020-06-20,US,Missouri,Washington,14,1,0,37.96130078,-90.87948158,29221.0,56.61140315406389,7.142857142857142,13,14,1,0,13,14,24943,0,0,0,0,0
2020-06-20,US,Missouri,Wayne,1,0,0,37.11303869,-90.46001416,29223.0,7.768197001475956,0.0,1,,,,,,13122,,,,,
2020-06-20,US,Missouri,Webster,20,0,0,37.2813734,-92.876329,29225.0,50.51525560719338,0.0,20,20,0,0,20,19,39109,0,0,0,0,1
2020-06-20,US,Missouri,Worth,4,0,0,40.47945588,-94.42328751,29227.0,198.7083954297069,0.0,4,4,0,0,4,4,2040,0,0,0,0,0
2020-06-20,US,Missouri,Wright,14,0,0,37.27029221,-92.46914488,29229.0,76.54874514735633,0.0,14,14,0,0,14,14,18378,0,0,0,0,0
2020-06-20,US,Montana,Beaverhead,1,0,0,45.13434354,-112.8984694,30001.0,10.578652279699568,0.0,1,1,0,0,1,1,9404,0,0,0,0,0
2020-06-20,US,Montana,Big Horn,55,3,0,45.42335905,-107.492347,30003.0,412.9439147083114,5.454545454545454,52,53,3,0,50,53,13338,2,0,0,2,0
2020-06-20,US,Montana,Broadwater,4,0,0,46.33277565,-111.4955813,30007.0,64.1333974667308,0.0,4,4,0,0,4,4,6085,0,0,0,0,0
2020-06-20,US,Montana,Carbon,13,0,0,45.22850116,-109.0274047,30009.0,121.21212121212122,0.0,13,10,0,0,10,9,10714,3,0,0,3,1
2020-06-20,US,Montana,Cascade,21,2,0,47.30797024,-111.3467922,30013.0,25.809306098370328,9.523809523809524,19,20,2,0,18,20,81643,1,0,0,1,0
2020-06-20,US,Montana,Custer,21,0,0,46.25319932,-105.57375259999998,30017.0,184.17821434835997,0.0,21,20,0,0,20,19,11586,1,0,0,1,1
2020-06-20,US,Montana,Dawson,1,0,0,47.26584855,-104.89444170000002,30021.0,11.610356437942645,0.0,1,,,,,,8680,,,,,
2020-06-20,US,Montana,Deer Lodge,3,0,0,46.05953325,-113.073353,30023.0,32.822757111597376,0.0,3,3,0,0,3,3,9131,0,0,0,0,0
2020-06-20,US,Montana,Fergus,2,0,0,47.26331584,-109.2245206,30027.0,18.099547511312217,0.0,2,2,0,0,2,2,11113,0,0,0,0,0
2020-06-20,US,Montana,Flathead,45,2,0,48.29575866,-114.0520569,30029.0,43.35009537020981,4.4444444444444455,43,45,2,0,43,45,102106,0,0,0,0,0
2020-06-20,US,Montana,Gallatin,204,1,0,45.54486106,-111.1692571,30031.0,178.26869636646452,0.4901960784313725,203,197,1,0,196,195,111876,7,0,0,7,2
2020-06-20,US,Montana,Glacier,7,0,0,48.70513576,-112.9934235,30035.0,50.89798589398677,0.0,7,6,0,0,6,6,13747,1,0,0,1,0
2020-06-20,US,Montana,Golden Valley,3,0,0,46.3816474,-109.1768522,30037.0,365.40803897685754,0.0,3,3,0,0,3,3,826,0,0,0,0,0
2020-06-20,US,Montana,Hill,1,0,0,48.62879827,-110.1129252,30041.0,6.066488716330987,0.0,1,1,0,0,1,1,16347,0,0,0,0,0
2020-06-20,US,Montana,Jefferson,3,0,0,46.14907081,-112.094396,30043.0,24.547909336388184,0.0,3,3,0,0,3,3,12097,0,0,0,0,0
2020-06-20,US,Montana,Lake,10,0,0,47.64514965,-114.0898013,30047.0,32.83209665769256,0.0,10,10,0,0,10,10,30250,0,0,0,0,0
2020-06-20,US,Montana,Lewis and Clark,22,0,0,47.12610041,-112.394698,30049.0,31.685678073510772,0.0,22,22,0,0,22,20,68700,0,0,0,0,2
2020-06-20,US,Montana,Liberty,1,0,0,48.56084317,-111.024307,30051.0,42.78990158322636,0.0,1,1,0,0,1,1,2430,0,0,0,0,0
2020-06-20,US,Montana,Lincoln,7,1,0,48.54265777,-115.4046155,30053.0,35.03503503503504,14.285714285714285,6,7,1,0,6,7,19794,0,0,0,0,0
2020-06-20,US,Montana,Madison,8,1,0,45.30080065,-111.9173017,30057.0,93.02325581395347,12.5,7,8,1,0,7,8,8768,0,0,0,0,0
2020-06-20,US,Montana,Meagher,1,0,0,46.59907074,-110.8898557,30059.0,53.705692803437174,0.0,1,1,0,0,1,1,1866,0,0,0,0,0
2020-06-20,US,Montana,Missoula,48,1,0,47.03728583,-113.92135079999998,30063.0,40.13377926421405,2.083333333333333,47,46,1,0,45,46,118791,2,0,0,2,0
2020-06-20,US,Montana,Musselshell,1,0,0,46.49684637,-108.39498,30065.0,21.58428663932657,0.0,1,1,0,0,1,1,4651,0,0,0,0,0
2020-06-20,US,Montana,Park,9,0,0,45.48965095,-110.52643940000002,30067.0,54.197278092255814,0.0,9,8,0,0,8,8,16736,1,0,0,1,0
2020-06-20,US,Montana,Pondera,2,0,0,48.22773388,-112.2252703,30073.0,33.83522246658772,0.0,2,2,0,0,2,2,5972,0,0,0,0,0
2020-06-20,US,Montana,Ravalli,18,0,0,46.08520862,-114.11891640000002,30081.0,41.0902616079989,0.0,18,17,0,0,17,17,43172,1,0,0,1,0
2020-06-20,US,Montana,Richland,6,0,0,47.78668011,-104.5610786,30083.0,55.54012774229381,0.0,6,5,0,0,5,5,10913,1,0,0,1,0
2020-06-20,US,Montana,Roosevelt,7,0,0,48.29607488,-105.0079268,30085.0,63.613231552162844,0.0,7,7,0,0,7,7,11059,0,0,0,0,0
2020-06-20,US,Montana,Rosebud,7,0,0,46.23397237,-106.72928799999998,30087.0,78.32606019917198,0.0,7,3,0,0,3,1,9063,4,0,0,4,2
2020-06-20,US,Montana,Silver Bow,11,0,0,45.90018933,-112.6620092,30093.0,31.505083774881854,0.0,11,11,0,0,11,11,34993,0,0,0,0,0
2020-06-20,US,Montana,Stillwater,3,0,0,45.67071407,-109.3950061,30095.0,31.113876789047914,0.0,3,3,0,0,3,3,9534,0,0,0,0,0
2020-06-20,US,Montana,Toole,31,6,0,48.65577551,-111.6942414,30101.0,654.5608108108107,19.354838709677423,25,29,6,0,23,29,4853,2,0,0,2,0
2020-06-20,US,Montana,Valley,1,0,0,48.36435097,-106.6669635,30105.0,13.520822065981612,0.0,1,1,0,0,1,1,7437,0,0,0,0,0
2020-06-20,US,Montana,Wheatland,1,0,0,46.46652491,-109.8464636,30107.0,47.036688617121364,0.0,1,1,0,0,1,1,2236,0,0,0,0,0
2020-06-20,US,Montana,Yellowstone,120,3,0,45.93955949,-108.2691486,30111.0,74.39553626782393,2.5,117,115,3,0,112,112,160137,5,0,0,5,3
2020-06-20,US,Nebraska,Adams,281,11,0,40.52449420000001,-98.50117804,31001.0,895.960207888276,3.9145907473309607,270,280,11,0,269,278,31511,1,0,0,1,2
2020-06-20,US,Nebraska,Antelope,8,0,0,42.17695516,-98.0666283,31003.0,127.02445220704986,0.0,8,8,0,0,8,8,6336,0,0,0,0,0
2020-06-20,US,Nebraska,Banner,1,0,0,41.54634427,-103.7114332,31007.0,134.2281879194631,0.0,1,1,0,0,1,1,730,0,0,0,0,0
2020-06-20,US,Nebraska,Boone,7,0,0,41.70759415,-98.06737183,31011.0,134.82280431432974,0.0,7,7,0,0,7,7,5239,0,0,0,0,0
2020-06-20,US,Nebraska,Box Butte,3,0,0,42.22079243,-103.0878834,31013.0,27.821570991375317,0.0,3,3,0,0,3,3,10772,0,0,0,0,0
2020-06-20,US,Nebraska,Boyd,1,0,0,42.8997274,-98.76486568,31015.0,52.11047420531528,0.0,1,1,0,0,1,1,1955,0,0,0,0,0
2020-06-20,US,Nebraska,Buffalo,179,1,0,40.85486962,-99.07500296,31019.0,360.4583257818321,0.5586592178770949,178,178,1,0,177,177,49615,1,0,0,1,1
2020-06-20,US,Nebraska,Burt,11,0,0,41.85056773,-96.32605633,31021.0,170.3050007741136,0.0,11,11,0,0,11,11,6488,0,0,0,0,0
2020-06-20,US,Nebraska,Butler,51,0,0,41.22703692,-97.13106306,31023.0,636.2275449101796,0.0,51,51,0,0,51,51,8058,0,0,0,0,0
2020-06-20,US,Nebraska,Cass,61,0,0,40.90899107,-96.13971217,31025.0,232.39865894544343,0.0,61,60,0,0,60,60,26159,1,0,0,1,0
2020-06-20,US,Nebraska,Cedar,9,0,0,42.5988851,-97.25311951,31027.0,107.11735301118782,0.0,9,9,0,0,9,8,8446,0,0,0,0,1
2020-06-20,US,Nebraska,Chase,1,0,0,40.5237198,-101.6978026,31029.0,25.4841997961264,0.0,1,1,0,0,1,1,3977,0,0,0,0,0
2020-06-20,US,Nebraska,Cherry,1,0,0,42.54502621,-101.1244332,31031.0,17.577781683951486,0.0,1,1,0,0,1,1,5761,0,0,0,0,0
2020-06-20,US,Nebraska,Cheyenne,13,0,0,41.21999357,-102.9941693,31033.0,145.90347923681256,0.0,13,13,0,0,13,12,9310,0,0,0,0,1
2020-06-20,US,Nebraska,Clay,27,0,0,40.52439441,-98.05126296,31035.0,435.2732548766726,0.0,27,25,0,0,25,24,6214,2,0,0,2,1
2020-06-20,US,Nebraska,Colfax,657,4,0,41.57486951,-97.0868542,31037.0,6135.026613129145,0.60882800608828,653,655,4,0,651,653,10881,2,0,0,2,2
2020-06-20,US,Nebraska,Cuming,34,0,0,41.91637624,-96.78730772,31039.0,384.35451051322633,0.0,34,34,0,0,34,34,8940,0,0,0,0,0
2020-06-20,US,Nebraska,Custer,34,4,0,41.39374521,-99.72805369,31041.0,315.4866846061056,11.764705882352944,30,34,4,0,30,34,10840,0,0,0,0,0
2020-06-20,US,Nebraska,Dakota,1738,29,0,42.39040144,-96.56656425,31043.0,8678.717667032857,1.6685845799769852,1709,1737,29,0,1708,1735,20083,1,0,0,1,2
2020-06-20,US,Nebraska,Dawes,2,0,0,42.71985036,-103.1313774,31045.0,23.285597857725,0.0,2,2,0,0,2,1,8716,0,0,0,0,1
2020-06-20,US,Nebraska,Dawson,849,8,0,40.87028216,-99.8201461,31047.0,3598.219961856325,0.9422850412249706,841,848,8,0,840,847,23709,1,0,0,1,1
2020-06-20,US,Nebraska,Dixon,40,1,0,42.49188363,-96.86782408,31051.0,709.7232079488998,2.5,39,40,1,0,39,40,5709,0,0,0,0,0
2020-06-20,US,Nebraska,Dodge,654,6,0,41.58071748,-96.65598179,31053.0,1788.5956515793794,0.9174311926605504,648,652,6,0,646,645,36791,2,0,0,2,7
2020-06-20,US,Nebraska,Douglas,6234,77,0,41.29518299,-96.15085305,31055.0,1091.1439508372614,1.23516201475778,6157,6169,77,0,6092,6058,566880,65,0,0,65,111
2020-06-20,US,Nebraska,Fillmore,13,1,0,40.52458567,-97.59646937,31059.0,238.00805565726841,7.6923076923076925,12,13,1,0,12,13,5527,0,0,0,0,0
2020-06-20,US,Nebraska,Franklin,6,0,0,40.17636348,-98.95299073,31061.0,201.40986908358508,0.0,6,6,0,0,6,6,3023,0,0,0,0,0
2020-06-20,US,Nebraska,Frontier,1,0,0,40.52993007,-100.3924658,31063.0,38.06623524933384,0.0,1,1,0,0,1,1,2608,0,0,0,0,0
2020-06-20,US,Nebraska,Furnas,9,1,0,40.17642064,-99.91247454,31065.0,192.4721984602224,11.111111111111109,8,9,1,0,8,9,4715,0,0,0,0,0
2020-06-20,US,Nebraska,Gage,47,4,0,40.26186809,-96.68946704,31067.0,218.47255148050016,8.51063829787234,43,46,4,0,42,46,21493,1,0,0,1,0
2020-06-20,US,Nebraska,Garden,4,0,0,41.61703149,-102.3313973,31069.0,217.74632553075668,0.0,4,4,0,0,4,4,1897,0,0,0,0,0
2020-06-20,US,Nebraska,Garfield,1,0,0,41.91428955,-98.99111827,31071.0,50.787201625190455,0.0,1,1,0,0,1,1,1987,0,0,0,0,0
2020-06-20,US,Nebraska,Gosper,13,0,0,40.51481965,-99.83020279,31073.0,653.2663316582915,0.0,13,13,0,0,13,13,1996,0,0,0,0,0
2020-06-20,US,Nebraska,Greeley,3,0,0,41.56742671,-98.52150266,31077.0,127.33446519524618,0.0,3,3,0,0,3,3,2356,0,0,0,0,0
2020-06-20,US,Nebraska,Hall,1571,45,0,40.87257079,-98.50218293,31079.0,2560.591984092057,2.864417568427753,1526,1571,45,0,1526,1569,61607,0,0,0,0,2
2020-06-20,US,Nebraska,Hamilton,57,11,0,40.87349452,-98.02099117,31081.0,611.3256113256114,19.29824561403509,46,57,11,0,46,57,9280,0,0,0,0,0
2020-06-20,US,Nebraska,Hitchcock,1,0,0,40.17609175,-101.0416477,31087.0,36.205648081100655,0.0,1,1,0,0,1,1,2806,0,0,0,0,0
2020-06-20,US,Nebraska,Holt,1,0,0,42.45522056,-98.78402558,31089.0,9.933445912387008,0.0,1,1,0,0,1,1,10178,0,0,0,0,0
2020-06-20,US,Nebraska,Howard,44,4,0,41.2200529,-98.5166499,31093.0,682.6997672614431,9.090909090909092,40,44,4,0,40,44,6468,0,0,0,0,0
2020-06-20,US,Nebraska,Jefferson,9,0,0,40.17584531,-97.142601,31095.0,127.73204655123476,0.0,9,9,0,0,9,9,7097,0,0,0,0,0
2020-06-20,US,Nebraska,Johnson,6,0,0,40.39257596,-96.26522753,31097.0,118.3198580161704,0.0,6,6,0,0,6,6,5134,0,0,0,0,0
2020-06-20,US,Nebraska,Kearney,12,0,0,40.50663314,-98.94877182,31099.0,184.75750577367202,0.0,12,12,0,0,12,12,6544,0,0,0,0,0
2020-06-20,US,Nebraska,Keith,2,0,0,41.19930341,-101.6620164,31101.0,24.894199651481205,0.0,2,2,0,0,2,2,8021,0,0,0,0,0
2020-06-20,US,Nebraska,Kimball,8,0,0,41.19774275,-103.7148131,31105.0,220.26431718061676,0.0,8,8,0,0,8,8,3618,0,0,0,0,0
2020-06-20,US,Nebraska,Knox,16,0,0,42.63758421,-97.89178836,31107.0,192.03072491598653,0.0,16,16,0,0,16,16,8419,0,0,0,0,0
2020-06-20,US,Nebraska,Lancaster,1597,10,0,40.78416049,-96.68777155,31109.0,500.48575636967627,0.6261740763932373,1587,1586,10,0,1576,1569,317272,11,0,0,11,17
2020-06-20,US,Nebraska,Lincoln,54,2,0,41.04658298,-100.7475374,31111.0,154.66575012888813,3.703703703703704,52,54,2,0,52,54,35185,0,0,0,0,0
2020-06-20,US,Nebraska,Madison,344,4,0,41.91676024,-97.6005481,31119.0,980.0849027037808,1.162790697674419,340,344,4,0,340,344,35392,0,0,0,0,0
2020-06-20,US,Nebraska,Merrick,37,0,0,41.16624273,-98.0374887,31121.0,477.1115409413282,0.0,37,37,0,0,37,37,7733,0,0,0,0,0
2020-06-20,US,Nebraska,Morrill,14,0,0,41.71711774,-103.0061405,31123.0,301.5941404566997,0.0,14,14,0,0,14,14,4686,0,0,0,0,0
2020-06-20,US,Nebraska,Nance,4,0,0,41.39750195,-97.99327291,31125.0,113.66865586814436,0.0,4,4,0,0,4,4,3532,0,0,0,0,0
2020-06-20,US,Nebraska,Nemaha,5,0,0,40.38514847,-95.85433992,31127.0,71.7154331612163,0.0,5,5,0,0,5,4,6958,0,0,0,0,1
2020-06-20,US,Nebraska,Nuckolls,1,0,0,40.17637905,-98.04743961,31129.0,24.10800385728061,0.0,1,1,0,0,1,1,4195,0,0,0,0,0
2020-06-20,US,Nebraska,Otoe,13,0,0,40.64843556,-96.13374142,31131.0,81.18910816887335,0.0,13,14,0,0,14,14,15985,-1,0,0,-1,0
2020-06-20,US,Nebraska,Phelps,21,0,0,40.51156033,-99.41461667,31137.0,232.45516936019482,0.0,21,21,0,0,21,21,8996,0,0,0,0,0
2020-06-20,US,Nebraska,Pierce,6,0,0,42.26434853,-97.60122773,31139.0,83.93956351426971,0.0,6,6,0,0,6,6,7142,0,0,0,0,0
2020-06-20,US,Nebraska,Platte,652,2,0,41.57246836,-97.52144359,31141.0,1948.013146100986,0.3067484662576687,650,652,2,0,650,651,33363,0,0,0,0,1
2020-06-20,US,Nebraska,Polk,12,0,0,41.18813488,-97.56630712,31143.0,230.19374640322275,0.0,12,12,0,0,12,12,5278,0,0,0,0,0
2020-06-20,US,Nebraska,Red Willow,6,0,0,40.17556879999999,-100.476998,31145.0,55.949272659455424,0.0,6,6,0,0,6,6,10726,0,0,0,0,0
2020-06-20,US,Nebraska,Richardson,5,1,0,40.1247415,-95.71755036,31147.0,63.57279084551812,20.0,4,5,1,0,4,2,7937,0,0,0,0,3
2020-06-20,US,Nebraska,Saline,525,2,0,40.52418865,-97.14085859,31151.0,3690.944881889764,0.3809523809523809,523,525,2,0,523,525,14350,0,0,0,0,0
2020-06-20,US,Nebraska,Sarpy,998,8,0,41.11314181,-96.11156432,31153.0,533.1310498087566,0.8016032064128257,990,982,8,0,974,967,184459,16,0,0,16,15
2020-06-20,US,Nebraska,Saunders,61,2,0,41.2278103,-96.63773905,31155.0,282.6953378441005,3.278688524590164,59,60,2,0,58,60,21303,1,0,0,1,0
2020-06-20,US,Nebraska,Scotts Bluff,188,2,0,41.85070896,-103.7080986,31157.0,527.8230108372171,1.0638297872340423,186,187,2,0,185,187,35989,1,0,0,1,0
2020-06-20,US,Nebraska,Seward,32,1,0,40.87241834,-97.139673,31159.0,185.1423281647767,3.125,31,32,1,0,31,32,17318,0,0,0,0,0
2020-06-20,US,Nebraska,Sherman,5,0,0,41.22045983,-98.97588642,31163.0,166.61112962345885,0.0,5,5,0,0,5,5,3038,0,0,0,0,0
2020-06-20,US,Nebraska,Sioux,1,0,0,42.48932059,-103.7576544,31165.0,85.76329331046313,0.0,1,1,0,0,1,1,1187,0,0,0,0,0
2020-06-20,US,Nebraska,Stanton,21,0,0,41.9169835,-97.19394708,31167.0,354.72972972972974,0.0,21,21,0,0,21,21,5970,0,0,0,0,0
2020-06-20,US,Nebraska,Thayer,1,0,0,40.17626377,-97.59504381,31169.0,19.98800719568259,0.0,1,1,0,0,1,1,5039,0,0,0,0,0
2020-06-20,US,Nebraska,Thomas,1,0,0,41.91358968,-100.5556632,31171.0,138.50415512465375,0.0,1,1,0,0,1,1,720,0,0,0,0,0
2020-06-20,US,Nebraska,Thurston,72,1,0,42.15725356,-96.54157099,31173.0,996.6777408637872,1.3888888888888888,71,72,1,0,71,71,7303,0,0,0,0,1
2020-06-20,US,Nebraska,Unassigned,187,1,0,0.0,0.0,90031.0,0.0,0.5347593582887701,186,176,1,0,175,176,,11,0,0,11,0
2020-06-20,US,Nebraska,Valley,7,0,0,41.56730777,-98.98197724,31175.0,168.3501683501684,0.0,7,7,0,0,7,7,4190,0,0,0,0,0
2020-06-20,US,Nebraska,Washington,45,1,0,41.52815707,-96.22019892,31177.0,217.0871725601814,2.2222222222222223,44,43,1,0,42,41,20667,2,0,0,2,2
2020-06-20,US,Nebraska,Wayne,26,0,0,42.20934475,-97.11926964,31179.0,277.0378263185935,0.0,26,26,0,0,26,26,9403,0,0,0,0,0
2020-06-20,US,Nebraska,Webster,6,0,0,40.17642643,-98.50019851,31181.0,172.0676799541153,0.0,6,6,0,0,6,6,3533,0,0,0,0,0
2020-06-20,US,Nebraska,York,40,0,0,40.87272618,-97.59710186,31185.0,292.41903647927484,0.0,40,39,0,0,39,37,13772,1,0,0,1,2
2020-06-20,US,Nevada,Carson City,127,5,0,39.15509045,-119.7480219,32510.0,227.1264038915516,3.9370078740157477,122,126,5,0,121,126,55414,1,0,0,1,0
2020-06-20,US,Nevada,Churchill,10,1,0,39.58105744,-118.3394607,32001.0,40.14613192018949,10.0,9,10,1,0,9,10,24440,0,0,0,0,0
2020-06-20,US,Nevada,Clark,10259,397,0,36.21458855,-115.0130241,32003.0,452.5932902901335,3.869772882347208,9862,9852,390,0,9462,9535,2231647,407,7,0,400,317
2020-06-20,US,Nevada,Douglas,49,0,0,38.912862,-119.6171333,32005.0,100.1942541662407,0.0,49,49,0,0,49,48,48467,0,0,0,0,1
2020-06-20,US,Nevada,Elko,58,1,0,41.14531606,-115.3577619,32007.0,109.89427412937208,1.7241379310344829,57,56,1,0,55,56,52460,2,0,0,2,0
2020-06-20,US,Nevada,Humboldt,79,4,0,41.40692186,-118.1109427,32013.0,469.3719921573288,5.063291139240507,75,79,4,0,75,79,16786,0,0,0,0,0
2020-06-20,US,Nevada,Lander,26,0,0,39.9332233,-117.0397075,32015.0,469.9927693420102,0.0,26,26,0,0,26,23,5575,0,0,0,0,3
2020-06-20,US,Nevada,Lincoln,2,0,0,37.64268459,-114.8790388,32017.0,38.58769052672198,0.0,2,2,0,0,2,2,5201,0,0,0,0,0
2020-06-20,US,Nevada,Lyon,98,2,0,39.01777974,-119.1870479,32019.0,170.40514693096853,2.0408163265306123,96,98,2,0,96,96,55808,0,0,0,0,2
2020-06-20,US,Nevada,Mineral,4,0,0,38.53841696,-118.4344506,32021.0,88.79023307436182,0.0,4,4,0,0,4,4,4514,0,0,0,0,0
2020-06-20,US,Nevada,Nye,76,3,0,38.04264256,-116.4722702,32023.0,163.36005846570512,3.947368421052632,73,76,3,0,73,75,45346,0,0,0,0,1
2020-06-20,US,Nevada,Pershing,5,0,0,40.44003782,-118.40056409999998,32027.0,74.34944237918216,0.0,5,5,0,0,5,5,6666,0,0,0,0,0
2020-06-20,US,Nevada,Storey,1,0,0,39.44875482,-119.5250207,32029.0,24.254183846713556,0.0,1,1,0,0,1,1,4029,0,0,0,0,0
2020-06-20,US,Nevada,Washoe,2179,73,0,40.66562265,-119.6631594,32031.0,462.1234775268865,3.3501606241395137,2106,2137,73,0,2064,2106,465735,42,0,0,42,31
2020-06-20,US,Nevada,White Pine,3,0,0,39.44157041,-114.899966,32033.0,31.315240083507305,0.0,3,3,0,0,3,3,9475,0,0,0,0,0
2020-06-20,US,New Hampshire,Belknap,78,1,0,43.51637314,-71.41684235,33001.0,127.23683995889273,1.2820512820512822,77,77,1,0,76,76,61022,1,0,0,1,1
2020-06-20,US,New Hampshire,Carroll,51,0,0,43.87498583,-71.20430216,33003.0,104.27315477407484,0.0,51,51,0,0,51,49,48779,0,0,0,0,2
2020-06-20,US,New Hampshire,Cheshire,64,2,0,42.92015988,-72.25311043,33005.0,84.11644870868108,3.125,62,63,2,0,61,62,76493,1,0,0,1,1
2020-06-20,US,New Hampshire,Coos,6,0,0,44.69063265,-71.30633239,33007.0,19.0095998479232,0.0,6,6,0,0,6,6,31589,0,0,0,0,0
2020-06-20,US,New Hampshire,Grafton,76,1,0,43.93779815,-71.82057197,33009.0,84.55154306566095,1.3157894736842106,75,76,1,0,75,76,89786,0,0,0,0,0
2020-06-20,US,New Hampshire,Hillsborough,3110,220,0,42.91537785,-71.7200253,33011.0,745.7586475630957,7.07395498392283,2890,3087,218,0,2869,3060,415247,23,2,0,21,27
2020-06-20,US,New Hampshire,Merrimack,396,18,0,43.29662971,-71.6811573,33013.0,261.5743340092872,4.545454545454546,378,393,18,0,375,392,151132,3,0,0,3,1
2020-06-20,US,New Hampshire,Rockingham,1429,83,0,42.98499744,-71.12883377,33015.0,461.3114934031488,5.808257522743177,1346,1427,83,0,1344,1424,309176,2,0,0,2,3
2020-06-20,US,New Hampshire,Strafford,283,13,0,43.291833,-71.02336013,33017.0,216.63744995521805,4.593639575971731,270,281,13,0,268,280,130090,2,0,0,2,1
2020-06-20,US,New Hampshire,Sullivan,24,1,0,43.36094111,-72.22203125,33019.0,55.62508691419831,4.166666666666667,23,24,1,0,23,24,43144,0,0,0,0,0
2020-06-20,US,New Hampshire,Unassigned,1,0,0,0.0,0.0,90033.0,0.0,0.0,1,1,0,0,1,1,,0,0,0,0,0
2020-06-20,US,New Jersey,Atlantic,2638,189,0,39.47538693,-74.65848483,34001.0,1000.4930405431032,7.1645185746777855,2449,2619,188,0,2431,2583,265429,19,1,0,18,36
2020-06-20,US,New Jersey,Bergen,18996,1693,0,40.96010917,-74.07164325,34003.0,2037.755765381323,8.912402611076018,17303,18967,1691,0,17276,18949,936692,29,2,0,27,18
2020-06-20,US,New Jersey,Burlington,4994,370,0,39.87681124,-74.66927768,34005.0,1121.3677363146658,7.408890668802563,4624,4981,370,0,4611,4954,445384,13,0,0,13,27
2020-06-20,US,New Jersey,Camden,7117,416,0,39.80343818,-74.96388753,34007.0,1405.2137239841966,5.8451594773078535,6701,7088,415,0,6673,7061,507078,29,1,0,28,27
2020-06-20,US,New Jersey,Cape May,705,62,0,39.15008829,-74.80170244,34009.0,765.9796390660481,8.794326241134751,643,681,62,0,619,680,92560,24,0,0,24,1
2020-06-20,US,New Jersey,Cumberland,2792,123,0,39.37199394,-75.10712559,34011.0,1867.2213045135659,4.4054441260744985,2669,2767,119,0,2648,2755,150972,25,4,0,21,12
2020-06-20,US,New Jersey,Essex,18531,1759,0,40.78681335,-74.24657979,34013.0,2319.346662911856,9.492202255679672,16772,18533,1758,0,16775,18499,799767,-2,1,0,-3,34
2020-06-20,US,New Jersey,Gloucester,2457,171,0,39.71581067,-75.13995546,34015.0,842.4885816565857,6.95970695970696,2286,2451,169,0,2282,2438,291408,6,2,0,4,13
2020-06-20,US,New Jersey,Hudson,19280,1294,0,40.73766234,-74.07515667,34017.0,2867.3792480863067,6.711618257261411,17986,19257,1294,0,17963,19249,676061,23,0,0,23,8
2020-06-20,US,New Jersey,Hunterdon,1053,67,0,40.56335249,-74.91284156,34019.0,846.6603951081844,6.362773029439696,986,1050,67,0,983,1049,124714,3,0,0,3,1
2020-06-20,US,New Jersey,Mercer,7489,524,0,40.28047017,-74.70479631,34021.0,2038.2113599869367,6.996928828949126,6965,7463,525,0,6938,7416,369811,26,-1,0,27,47
2020-06-20,US,New Jersey,Middlesex,16592,1100,0,40.43629879,-74.41426991,34023.0,2011.0003854255801,6.6297010607521685,15492,16563,1097,0,15466,16547,829685,29,3,0,26,16
2020-06-20,US,New Jersey,Monmouth,8925,694,0,40.26549699,-74.22240686,34025.0,1442.3193464717715,7.775910364145656,8231,8876,694,0,8182,8830,621354,49,0,0,49,46
2020-06-20,US,New Jersey,Morris,6689,639,0,40.86095313,-74.54553709999998,34027.0,1359.9812949201475,9.552997458513977,6050,6679,639,0,6040,6652,494228,10,0,0,10,27
2020-06-20,US,New Jersey,Ocean,9413,845,0,39.8895449,-74.28089251,34029.0,1550.2663104880548,8.976946775735685,8568,9382,842,0,8540,9351,601651,31,3,0,28,31
2020-06-20,US,New Jersey,Passaic,16735,1013,0,41.03238628,-74.29954144,34031.0,3334.8212328576037,6.053181953988648,15722,16725,1013,0,15712,16706,503310,10,0,0,10,19
2020-06-20,US,New Jersey,Salem,748,64,0,39.58719656,-75.34696629999998,34033.0,1199.0061713552934,8.556149732620321,684,745,64,0,681,736,62607,3,0,0,3,9
2020-06-20,US,New Jersey,Somerset,4806,438,0,40.56465737,-74.61683016,34035.0,1461.0833784284994,9.113607990012484,4368,4796,438,0,4358,4786,331164,10,0,0,10,10
2020-06-20,US,New Jersey,Sussex,1216,186,0,41.13891592,-74.69118243,34037.0,865.5543533967315,15.296052631578947,1030,1213,185,0,1028,1208,140799,3,1,0,2,5
2020-06-20,US,New Jersey,Unassigned,149,0,0,0.0,0.0,90034.0,0.0,0.0,149,160,0,0,160,149,,-11,0,0,-11,11
2020-06-20,US,New Jersey,Union,16298,1135,0,40.65835409,-74.30680092,34039.0,2929.4982753383265,6.96404466805743,15163,16291,1131,0,15160,16304,558067,7,4,0,3,-13
2020-06-20,US,New Jersey,Warren,1211,142,0,40.85951833,-74.99556527,34041.0,1150.408010107631,11.725846407927332,1069,1209,141,0,1068,1205,105779,2,1,0,1,4
2020-06-20,US,New Mexico,Bernalillo,1792,82,0,35.05163625,-106.6703554,35001.0,263.87050319457063,4.575892857142857,1710,1777,82,0,1695,1740,678701,15,0,0,15,37
2020-06-20,US,New Mexico,Catron,2,1,0,33.91514144,-108.4046587,35003.0,56.70541536716757,50.0,1,2,1,0,1,2,3578,0,0,0,0,0
2020-06-20,US,New Mexico,Chaves,64,2,0,33.36406072,-104.4665365,35005.0,99.0482086202894,3.125,62,64,2,0,62,61,64689,0,0,0,0,3
2020-06-20,US,New Mexico,Cibola,194,11,0,34.91131525,-107.998876,35006.0,727.2727272727273,5.6701030927835046,183,194,11,0,183,188,26746,0,0,0,0,6
2020-06-20,US,New Mexico,Colfax,9,0,0,36.60569702,-104.64726740000002,35007.0,75.37057197889624,0.0,9,8,0,0,8,8,12110,1,0,0,1,0
2020-06-20,US,New Mexico,Curry,108,0,0,34.57421077,-103.3468876,35009.0,220.615271479348,0.0,108,101,0,0,101,97,49437,7,0,0,7,4
2020-06-20,US,New Mexico,Dona Ana,700,6,0,32.35275771,-106.83293870000001,35013.0,320.81395082380436,0.8571428571428571,694,692,6,0,686,685,217522,8,0,0,8,7
2020-06-20,US,New Mexico,Eddy,51,1,0,32.47167456,-104.3053527,35015.0,87.23913787204927,1.96078431372549,50,49,1,0,48,49,57900,2,0,0,2,0
2020-06-20,US,New Mexico,Grant,16,0,0,32.73911281,-108.3827845,35017.0,59.26364915919698,0.0,16,16,0,0,16,16,27346,0,0,0,0,0
2020-06-20,US,New Mexico,Guadalupe,20,0,0,34.86319296,-104.790669,35019.0,465.11627906976736,0.0,20,20,0,0,20,20,4341,0,0,0,0,0
2020-06-20,US,New Mexico,Harding,1,0,0,35.85751555,-103.8220938,35021.0,160.0,0.0,1,1,0,0,1,1,655,0,0,0,0,0
2020-06-20,US,New Mexico,Hidalgo,26,0,0,31.91383467,-108.7151824,35023.0,619.3425440686041,0.0,26,26,0,0,26,23,4240,0,0,0,0,3
2020-06-20,US,New Mexico,Lea,66,0,0,32.79215361,-103.4123733,35025.0,92.86618826509077,0.0,66,58,0,0,58,54,69611,8,0,0,8,4
2020-06-20,US,New Mexico,Lincoln,7,0,0,33.74526079,-105.4586166,35027.0,35.765379113018604,0.0,7,7,0,0,7,7,19556,0,0,0,0,0
2020-06-20,US,New Mexico,Los Alamos,7,0,0,35.86631386,-106.3134985,35028.0,36.14022406938923,0.0,7,7,0,0,7,7,19101,0,0,0,0,0
2020-06-20,US,New Mexico,Luna,49,2,0,32.18179341,-107.75088259999998,35029.0,206.6725715972837,4.081632653061225,47,47,2,0,45,44,23963,2,0,0,2,3
2020-06-20,US,New Mexico,McKinley,3041,159,0,35.58007720000001,-108.262245,35031.0,4261.07304496476,5.228543242354489,2882,3009,157,0,2852,2987,72290,32,2,0,30,22
2020-06-20,US,New Mexico,Otero,32,6,0,32.61348406,-105.7417604,35035.0,47.414431767669285,18.75,26,32,6,0,26,30,66781,0,0,0,0,2
2020-06-20,US,New Mexico,Quay,5,1,0,35.10403332,-103.5481727,35037.0,60.5840300496789,20.0,4,5,1,0,4,5,8253,0,0,0,0,0
2020-06-20,US,New Mexico,Rio Arriba,79,1,0,36.51072137,-106.6931674,35039.0,202.97525757303256,1.2658227848101269,78,73,1,0,72,66,39006,6,0,0,6,7
2020-06-20,US,New Mexico,Roosevelt,53,1,0,34.02097406,-103.4799493,35041.0,286.4864864864865,1.8867924528301887,52,54,1,0,53,54,18743,-1,0,0,-1,0
2020-06-20,US,New Mexico,San Juan,2173,154,0,36.50838318,-108.320437,35045.0,1753.0131173461982,7.08697653014266,2019,2165,154,0,2011,2148,125043,8,0,0,8,17
2020-06-20,US,New Mexico,San Miguel,18,0,0,35.48014807,-104.8163562,35047.0,65.98966161967958,0.0,18,18,0,0,18,18,27591,0,0,0,0,0
2020-06-20,US,New Mexico,Sandoval,672,28,0,35.68862401,-106.8687803,35043.0,457.9278763594733,4.166666666666667,644,662,28,0,634,656,145179,10,0,0,10,6
2020-06-20,US,New Mexico,Santa Fe,193,3,0,35.50708973,-105.9774716,35049.0,128.36031338538692,1.5544041450777202,190,188,3,0,185,184,150056,5,0,0,5,4
2020-06-20,US,New Mexico,Sierra,5,0,0,33.13028233,-107.1925893,35051.0,46.33490872022982,0.0,5,5,0,0,5,5,10968,0,0,0,0,0
2020-06-20,US,New Mexico,Socorro,55,5,0,34.00715494,-106.9298354,35053.0,330.58844743643687,9.090909090909092,50,55,5,0,50,55,16735,0,0,0,0,0
2020-06-20,US,New Mexico,Taos,33,0,0,36.58006022,-105.6310198,35055.0,100.84649940408887,0.0,33,33,0,0,33,33,32835,0,0,0,0,0
2020-06-20,US,New Mexico,Torrance,36,1,0,34.64048375,-105.8508949,35057.0,232.84392988810555,2.7777777777777777,35,34,1,0,33,34,15591,2,0,0,2,0
2020-06-20,US,New Mexico,Unassigned,822,0,0,0.0,0.0,90035.0,0.0,0.0,822,758,0,0,758,781,,64,0,0,64,-23
2020-06-20,US,New Mexico,Union,5,0,0,36.48126404,-103.4709624,35059.0,123.1830500123183,0.0,5,5,0,0,5,5,4118,0,0,0,0,0
2020-06-20,US,New Mexico,Valencia,96,2,0,34.71669834,-106.8103733,35061.0,125.18255789693303,2.083333333333333,94,95,2,0,93,90,76456,1,0,0,1,5
2020-06-20,US,New York,Albany,2053,120,0,42.60060306,-73.97723916,36001.0,671.9998952557396,5.845104724792986,1933,2049,118,0,1931,2034,307117,4,2,0,2,15
2020-06-20,US,New York,Allegany,58,0,0,42.25748406,-78.02750466,36003.0,125.83801609858757,0.0,58,58,0,0,58,57,46430,0,0,0,0,1
2020-06-20,US,New York,Broome,665,52,0,42.15903158,-75.81326086,36007.0,349.1033555919533,7.819548872180452,613,663,52,0,611,657,191659,2,0,0,2,6
2020-06-20,US,New York,Cattaraugus,113,5,0,42.24778241,-78.67923096,36009.0,148.45566693379928,4.424778761061948,108,109,5,0,104,109,76840,4,0,0,4,0
2020-06-20,US,New York,Cayuga,108,2,0,42.91261714,-76.55731592,36011.0,141.03635603844546,1.851851851851852,106,107,2,0,105,106,77145,1,0,0,1,1
2020-06-20,US,New York,Chautauqua,115,4,0,42.22769210000001,-79.36691763,36013.0,90.62039510492264,3.4782608695652173,111,112,4,0,108,110,127939,3,0,0,3,2
2020-06-20,US,New York,Chemung,139,2,0,42.13891056,-76.7638805,36015.0,166.55483128834356,1.4388489208633093,137,139,2,0,137,138,84254,0,0,0,0,1
2020-06-20,US,New York,Chenango,139,5,0,42.49430041,-75.60887553,36017.0,294.4478573092974,3.5971223021582728,134,139,5,0,134,139,47536,0,0,0,0,0
2020-06-20,US,New York,Clinton,100,4,0,44.74530905,-73.67875352,36019.0,124.24675405355036,4.0,96,99,4,0,95,99,80695,1,0,0,1,0
2020-06-20,US,New York,Columbia,451,37,0,42.24819348,-73.63089095,36021.0,758.4803484636989,8.203991130820397,414,446,37,0,409,443,59916,5,0,0,5,3
2020-06-20,US,New York,Cortland,44,0,0,42.59509207,-76.07048931,36023.0,92.47388663542169,0.0,44,44,0,0,44,44,47823,0,0,0,0,0
2020-06-20,US,New York,Delaware,90,4,0,42.19837623,-74.96709306,36025.0,203.91979154865749,4.4444444444444455,86,89,4,0,85,89,44527,1,0,0,1,0
2020-06-20,US,New York,Dutchess,4127,150,0,41.76486060000001,-73.74356679,36027.0,1402.701398282906,3.63460140537921,3977,4110,145,0,3965,4088,293718,17,5,0,12,22
2020-06-20,US,New York,Erie,6980,621,0,42.76249024,-78.73063652,36029.0,759.7675851364207,8.896848137535816,6359,6955,602,0,6353,6920,919719,25,19,0,6,35
2020-06-20,US,New York,Essex,41,0,0,44.11630765,-73.77297842,36031.0,111.15629659753289,0.0,41,40,0,0,40,40,37300,1,0,0,1,0
2020-06-20,US,New York,Franklin,27,0,0,44.59040891,-74.29926032,36033.0,53.976250449802095,0.0,27,27,0,0,27,26,50293,0,0,0,0,1
2020-06-20,US,New York,Fulton,243,24,0,43.11363907,-74.41798804,36035.0,455.20109398123003,9.876543209876543,219,237,24,0,213,236,53591,6,0,0,6,1
2020-06-20,US,New York,Genesee,222,5,0,43.0022601,-78.19135193,36037.0,387.5698324022346,2.2522522522522523,217,218,5,0,213,217,57511,4,0,0,4,1
2020-06-20,US,New York,Greene,255,18,0,42.275797,-74.12384884,36039.0,540.3916249894041,7.0588235294117645,237,254,18,0,236,252,47491,1,0,0,1,2
2020-06-20,US,New York,Hamilton,6,0,0,43.66146647,-74.49721957,36041.0,135.8695652173913,0.0,6,6,0,0,6,6,4434,0,0,0,0,0
2020-06-20,US,New York,Herkimer,134,3,0,43.42034246,-74.96145307,36043.0,218.52933022391102,2.238805970149253,131,131,3,0,128,128,61833,3,0,0,3,3
2020-06-20,US,New York,Jefferson,83,0,0,44.04200959,-75.94653457,36045.0,75.56858531966422,0.0,83,82,0,0,82,82,111755,1,0,0,1,0
2020-06-20,US,New York,Lewis,22,0,0,43.7844157,-75.44903992,36049.0,83.66291451171281,0.0,22,21,0,0,21,21,26447,1,0,0,1,0
2020-06-20,US,New York,Livingston,123,8,0,42.72596275,-77.77966158,36051.0,195.5049750453,6.5040650406504055,115,123,8,0,115,123,63227,0,0,0,0,0
2020-06-20,US,New York,Madison,343,17,0,42.91653905,-75.67266639,36053.0,483.5003735498513,4.956268221574344,326,342,17,0,325,341,70795,1,0,0,1,1
2020-06-20,US,New York,Monroe,3487,259,0,43.14638895,-77.69322942,36055.0,470.0918074335711,7.427588184685978,3228,3461,247,0,3214,3439,742474,26,12,0,14,22
2020-06-20,US,New York,Montgomery,106,4,0,42.90123494,-74.44011632,36057.0,215.35523455435688,3.7735849056603774,102,106,4,0,102,105,49455,0,0,0,0,1
2020-06-20,US,New York,Nassau,41443,2175,0,40.74066522,-73.58941873,36059.0,3054.187264725217,5.248172188306831,39268,41387,2175,0,39212,41349,1358343,56,0,0,56,38
2020-06-20,US,New York,New York City,212061,22244,0,40.76727260000001,-73.97152637,36061.0,2543.6686447597444,10.48943464380532,189817,211670,22236,0,189434,211260,1628701,391,8,0,383,410
2020-06-20,US,New York,Niagara,1188,87,0,43.19898042,-78.74777412,36063.0,567.6578380263855,7.3232323232323235,1101,1185,78,0,1107,1183,210433,3,9,0,-6,2
2020-06-20,US,New York,Oneida,1378,77,0,43.24375382,-75.43710392,36065.0,602.6124869353787,5.587808417997096,1301,1357,77,0,1280,1332,229577,21,0,0,21,25
2020-06-20,US,New York,Onondaga,2644,178,0,43.00491923,-76.19971155,36067.0,574.1236146336379,6.7322239031770055,2466,2634,174,0,2460,2615,461809,10,4,0,6,19
2020-06-20,US,New York,Ontario,239,9,0,42.85145728,-77.30874425,36069.0,217.71409311604438,3.7656903765690375,230,239,9,0,230,235,109864,0,0,0,0,4
2020-06-20,US,New York,Orange,10638,473,0,41.40337468,-74.30240757,36071.0,2763.5475658544187,4.446324497085919,10165,10620,473,0,10147,10604,381951,18,0,0,18,16
2020-06-20,US,New York,Orleans,275,50,0,43.2516977,-78.2320066,36073.0,681.5027755749405,18.181818181818183,225,274,49,0,225,271,40612,1,1,0,0,3
2020-06-20,US,New York,Oswego,169,3,0,43.42778894,-76.14635194,36075.0,144.29152009835732,1.7751479289940828,166,167,3,0,164,144,117898,2,0,0,2,23
2020-06-20,US,New York,Otsego,82,5,0,42.63492579,-75.03151402,36077.0,137.83134150236162,6.097560975609755,77,82,5,0,77,82,59749,0,0,0,0,0
2020-06-20,US,New York,Putnam,1301,62,0,41.42630093,-73.74965532,36079.0,1323.2302685109844,4.765564950038432,1239,1299,62,0,1237,1295,98892,2,0,0,2,4
2020-06-20,US,New York,Rensselaer,521,28,0,42.71348136,-73.51089874,36083.0,328.2634172158725,5.374280230326296,493,519,28,0,491,515,159442,2,0,0,2,4
2020-06-20,US,New York,Rockland,13495,667,0,41.15027894,-74.02560498,36087.0,4142.251580010375,4.942571322712117,12828,13486,665,0,12821,13474,325695,9,2,0,7,12
2020-06-20,US,New York,Saratoga,531,14,0,43.10904162,-73.86653895,36091.0,231.0071651374949,2.6365348399246704,517,528,14,0,514,526,230163,3,0,0,3,2
2020-06-20,US,New York,Schenectady,749,36,0,42.81668777,-74.05278291,36093.0,482.29544298417886,4.806408544726302,713,746,36,0,710,738,155350,3,0,0,3,8
2020-06-20,US,New York,Schoharie,56,0,0,42.58831742,-74.44339029999998,36095.0,180.6509887415723,0.0,56,55,0,0,55,55,31097,1,0,0,1,0
2020-06-20,US,New York,Schuyler,12,0,0,42.39184015,-76.8773299,36097.0,67.38922895490539,0.0,12,12,0,0,12,12,17912,0,0,0,0,0
2020-06-20,US,New York,Seneca,64,0,0,42.78081007,-76.82497064,36099.0,188.14675446848545,0.0,64,64,0,0,64,64,34300,0,0,0,0,0
2020-06-20,US,New York,St. Lawrence,216,2,0,44.4976179,-75.06550039,36089.0,200.4826434007797,0.925925925925926,214,215,2,0,213,215,108047,1,0,0,1,0
2020-06-20,US,New York,Steuben,261,41,0,42.2689144,-77.3829924,36101.0,273.6451420123927,15.7088122605364,220,257,41,0,216,257,95796,4,0,0,4,0
2020-06-20,US,New York,Suffolk,40908,1963,0,40.88320119,-72.8012172,36103.0,2770.416652839867,4.798572406375281,38945,40864,1962,0,38902,40810,1481093,44,1,0,43,54
2020-06-20,US,New York,Sullivan,1435,45,0,41.71579493,-74.76394559,36105.0,1902.3756495916853,3.1358885017421603,1390,1434,45,0,1389,1434,75498,1,0,0,1,0
2020-06-20,US,New York,Tioga,140,24,0,42.16852837,-76.30835812,36107.0,290.438354459266,17.142857142857142,116,140,24,0,116,140,48560,0,0,0,0,0
2020-06-20,US,New York,Tompkins,174,0,0,42.44945765,-76.47229843,36109.0,170.28772753963594,0.0,174,173,0,0,173,173,102793,1,0,0,1,0
2020-06-20,US,New York,Ulster,1750,85,0,41.89027881,-74.26252104,36111.0,985.5101845438214,4.857142857142857,1665,1749,83,0,1666,1746,178599,1,2,0,-1,3
2020-06-20,US,New York,Warren,261,30,0,43.56173026,-73.8433699,36113.0,408.16964844238714,11.494252873563216,231,261,30,0,231,258,64265,0,0,0,0,3
2020-06-20,US,New York,Washington,244,14,0,43.31153794,-73.43043448,36115.0,398.6667538069408,5.737704918032787,230,243,14,0,229,243,61197,1,0,0,1,0
2020-06-20,US,New York,Wayne,143,3,0,43.15494365,-77.02976528,36117.0,159.03378633866413,2.097902097902098,140,141,3,0,138,139,90064,2,0,0,2,2
2020-06-20,US,New York,Westchester,34486,1413,0,41.16278376,-73.75741653,36119.0,3564.4223394997034,4.097314852403874,33073,34455,1410,0,33045,34409,967612,31,3,0,28,46
2020-06-20,US,New York,Wyoming,93,5,0,42.70145109,-78.22199579,36121.0,233.32246167741292,5.376344086021504,88,93,5,0,88,93,40085,0,0,0,0,0
2020-06-20,US,New York,Yates,41,6,0,42.63505484,-77.10369919,36123.0,164.57271304138402,14.634146341463413,35,40,6,0,34,40,24841,1,0,0,1,0
2020-06-20,US,North Carolina,Alamance,919,35,0,36.0434701,-79.39976137,37001.0,542.1541039118866,3.808487486398259,884,883,35,0,848,838,166436,36,0,0,36,45
2020-06-20,US,North Carolina,Alexander,60,0,0,35.922379600000006,-81.17751948,37003.0,160.01280102408194,0.0,60,59,0,0,59,56,37353,1,0,0,1,3
2020-06-20,US,North Carolina,Alleghany,30,0,0,36.49360862,-81.12857041,37005.0,269.37236239561815,0.0,30,30,0,0,30,30,11161,0,0,0,0,0
2020-06-20,US,North Carolina,Anson,96,1,0,34.97403241,-80.09953279,37007.0,392.7022825820175,1.0416666666666667,95,95,1,0,94,91,24877,1,0,0,1,4
2020-06-20,US,North Carolina,Ashe,47,1,0,36.43296207,-81.49862729,37009.0,172.7750615740911,2.127659574468085,46,45,1,0,44,44,27109,2,0,0,2,1
2020-06-20,US,North Carolina,Avery,7,0,0,36.07569796,-81.92308483,37011.0,39.870137267186884,0.0,7,8,0,0,8,6,17505,-1,0,0,-1,2
2020-06-20,US,North Carolina,Beaufort,55,0,0,35.48531943,-76.84325809,37013.0,117.03621738945394,0.0,55,55,0,0,55,55,47079,0,0,0,0,0
2020-06-20,US,North Carolina,Bertie,136,4,0,36.0688473,-76.96545943,37015.0,717.7917348392887,2.9411764705882355,132,136,4,0,132,135,19026,0,0,0,0,1
2020-06-20,US,North Carolina,Bladen,262,2,0,34.61296243,-78.56180059,37017.0,800.6845547338182,0.7633587786259542,260,232,2,0,230,220,33190,30,0,0,30,12
2020-06-20,US,North Carolina,Brunswick,328,3,0,34.070565,-78.22814204,37019.0,229.65971152499648,0.9146341463414634,325,316,3,0,313,293,136744,12,0,0,12,23
2020-06-20,US,North Carolina,Buncombe,494,35,0,35.61113393,-82.53305,37021.0,189.1336225214498,7.085020242914981,459,484,35,0,449,478,259103,10,0,0,10,6
2020-06-20,US,North Carolina,Burke,895,18,0,35.74989637,-81.70755735,37023.0,989.114217826159,2.011173184357542,877,882,18,0,864,872,90382,13,0,0,13,10
2020-06-20,US,North Carolina,Cabarrus,835,25,0,35.3877799,-80.55267168,37025.0,385.7650390615977,2.9940119760479043,810,805,25,0,780,773,211342,30,0,0,30,32
2020-06-20,US,North Carolina,Caldwell,304,4,0,35.95204977,-81.54799522,37027.0,369.9286913772543,1.3157894736842106,300,296,4,0,292,273,82029,8,0,0,8,23
2020-06-20,US,North Carolina,Camden,16,0,0,36.33804939,-76.15568396,37029.0,147.23474740038645,0.0,16,12,0,0,12,9,10710,4,0,0,4,3
2020-06-20,US,North Carolina,Carteret,52,3,0,34.8932941,-76.54120135,37031.0,74.84922199991364,5.769230769230768,49,51,3,0,48,49,69524,1,0,0,1,2
2020-06-20,US,North Carolina,Caswell,113,1,0,36.39312665,-79.33353281,37033.0,499.9115200849407,0.8849557522123894,112,112,1,0,111,110,22698,1,0,0,1,2
2020-06-20,US,North Carolina,Catawba,538,10,0,35.66211129,-81.2132617,37035.0,337.19625699619564,1.858736059479554,528,519,10,0,509,485,158652,19,0,0,19,34
2020-06-20,US,North Carolina,Chatham,860,39,0,35.70394416,-79.25541492,37037.0,1154.8274472942126,4.5348837209302335,821,848,39,0,809,841,73139,12,0,0,12,7
2020-06-20,US,North Carolina,Cherokee,32,1,0,35.1349263,-84.05970864,37039.0,111.84118551656648,3.125,31,32,1,0,31,31,28383,0,0,0,0,1
2020-06-20,US,North Carolina,Chowan,19,0,0,36.12908077,-76.60118385,37041.0,136.26909560352863,0.0,19,19,0,0,19,19,14029,0,0,0,0,0
2020-06-20,US,North Carolina,Clay,9,0,0,35.05704275,-83.74353633,37043.0,80.135339684801,0.0,9,9,0,0,9,9,11139,0,0,0,0,0
2020-06-20,US,North Carolina,Cleveland,213,2,0,35.33553364,-81.55204486,37045.0,217.46454715305214,0.9389671361502347,211,202,2,0,200,189,97645,11,0,0,11,13
2020-06-20,US,North Carolina,Columbus,460,35,0,34.26744084,-78.65801424,37047.0,828.7093752251927,7.608695652173912,425,452,33,0,419,446,55655,8,2,0,6,6
2020-06-20,US,North Carolina,Craven,300,6,0,35.11833364,-77.08398081,37049.0,293.717385132026,2.0,294,292,5,0,287,283,102912,8,1,0,7,9
2020-06-20,US,North Carolina,Cumberland,988,31,0,35.04762133,-78.82623165,37051.0,294.4779424695016,3.1376518218623484,957,965,30,0,935,948,332330,23,1,0,22,17
2020-06-20,US,North Carolina,Currituck,16,0,0,36.36123664,-75.95876401,37053.0,57.630659510859786,0.0,16,17,0,0,17,17,27072,-1,0,0,-1,0
2020-06-20,US,North Carolina,Dare,27,1,0,35.66520691,-75.71767334,37055.0,72.95522710691993,3.703703703703704,26,27,1,0,26,27,36501,0,0,0,0,0
2020-06-20,US,North Carolina,Davidson,729,15,0,35.79115496,-80.21256572,37057.0,434.9408444653927,2.05761316872428,714,725,15,0,710,691,166614,4,0,0,4,34
2020-06-20,US,North Carolina,Davie,155,2,0,35.93099927,-80.54496571,37059.0,361.76072445502496,1.2903225806451613,153,154,2,0,152,152,42733,1,0,0,1,2
2020-06-20,US,North Carolina,Duplin,1317,20,0,34.93449805,-77.93140529,37061.0,2242.0455899627177,1.5186028853454825,1297,1279,20,0,1259,1257,58856,38,0,0,38,22
2020-06-20,US,North Carolina,Durham,3094,60,0,36.03638492,-78.87608331,37063.0,962.3998407405563,1.9392372333548804,3034,3063,60,0,3003,2912,316739,31,0,0,31,151
2020-06-20,US,North Carolina,Edgecombe,268,9,0,35.91230639,-77.59436892,37065.0,520.6714330121231,3.3582089552238807,259,262,9,0,253,257,52005,6,0,0,6,5
2020-06-20,US,North Carolina,Forsyth,2497,28,0,36.12859861,-80.25459052,37067.0,653.1605174014833,1.1213456147376852,2469,2463,27,0,2436,2372,379099,34,1,0,33,91
2020-06-20,US,North Carolina,Franklin,264,21,0,36.081519,-78.28708884,37069.0,378.8476716653512,7.954545454545454,243,259,22,0,237,244,67560,5,-1,0,6,15
2020-06-20,US,North Carolina,Gaston,705,9,0,35.29373559,-81.17477045,37071.0,313.990620365298,1.2765957446808511,696,671,9,0,662,621,222846,34,0,0,34,50
2020-06-20,US,North Carolina,Gates,25,2,0,36.44667547,-76.69749701,37073.0,216.22556651098427,8.0,23,25,2,0,23,25,11573,0,0,0,0,0
2020-06-20,US,North Carolina,Graham,6,0,0,35.3506925,-83.83369267,37075.0,71.08162539983414,0.0,6,6,0,0,6,6,8484,0,0,0,0,0
2020-06-20,US,North Carolina,Granville,723,17,0,36.30337451,-78.65184241,37077.0,1196.1682907863608,2.351313969571231,706,713,17,0,696,703,60115,10,0,0,10,10
2020-06-20,US,North Carolina,Greene,140,2,0,35.48544173,-77.67578087,37079.0,664.4833641843468,1.4285714285714286,138,134,2,0,132,132,21012,6,0,0,6,2
2020-06-20,US,North Carolina,Guilford,2352,106,0,36.07959451,-79.78824948,37081.0,437.8469546180567,4.5068027210884365,2246,2320,105,0,2215,2230,533670,32,1,0,31,90
2020-06-20,US,North Carolina,Halifax,259,3,0,36.25669272,-77.6556109,37083.0,517.8964207158568,1.1583011583011582,256,253,3,0,250,244,50574,6,0,0,6,9
2020-06-20,US,North Carolina,Harnett,486,30,0,35.36731853,-78.87243571,37085.0,357.41601459081016,6.172839506172839,456,457,30,0,427,435,134214,29,0,0,29,22
2020-06-20,US,North Carolina,Haywood,70,0,0,35.55269063,-82.98196486,37087.0,112.3288990163198,0.0,70,71,0,0,71,69,61971,-1,0,0,-1,2
2020-06-20,US,North Carolina,Henderson,492,48,0,35.33788927,-82.4766782,37089.0,419.01939242188104,9.75609756097561,444,480,48,0,432,472,116748,12,0,0,12,8
2020-06-20,US,North Carolina,Hertford,154,7,0,36.3607755,-76.98104134,37091.0,650.4202390505553,4.545454545454546,147,153,7,0,146,153,23659,1,0,0,1,0
2020-06-20,US,North Carolina,Hoke,323,3,0,35.01888303,-79.23651674,37093.0,584.7847340406272,0.9287925696594428,320,319,3,0,316,312,54764,4,0,0,4,7
2020-06-20,US,North Carolina,Hyde,6,0,0,35.42017674,-76.15180542,37095.0,121.5312943082844,0.0,6,3,0,0,3,3,5230,3,0,0,3,0
2020-06-20,US,North Carolina,Iredell,529,7,0,35.80950511,-80.8743128,37097.0,290.96949495616207,1.3232514177693762,522,523,6,0,517,479,178435,6,1,0,5,44
2020-06-20,US,North Carolina,Jackson,66,1,0,35.28814273,-83.14093385,37099.0,150.21166188720468,1.5151515151515151,65,65,1,0,64,64,43327,1,0,0,1,1
2020-06-20,US,North Carolina,Johnston,1058,26,0,35.51745004,-78.36622717,37101.0,505.40033151968817,2.457466918714556,1032,1037,26,0,1011,968,202675,21,0,0,21,69
2020-06-20,US,North Carolina,Jones,26,3,0,35.02254606,-77.35870791,37103.0,276.03779594436776,11.538461538461537,23,27,3,0,24,28,9637,-1,0,0,-1,-1
2020-06-20,US,North Carolina,Lee,698,7,0,35.47623147,-79.17569362,37105.0,1129.8337622816816,1.002865329512894,691,634,7,0,627,625,61452,64,0,0,64,9
2020-06-20,US,North Carolina,Lenoir,329,10,0,35.24032589999999,-77.64245615,37107.0,588.0355323598277,3.0395136778115504,319,324,10,0,314,316,55976,5,0,0,5,8
2020-06-20,US,North Carolina,Lincoln,178,0,0,35.48508185,-81.21740317,37109.0,206.70994414186345,0.0,178,172,0,0,172,164,83770,6,0,0,6,8
2020-06-20,US,North Carolina,Macon,247,1,0,35.14867843,-83.41696617,37113.0,688.8281555022589,0.4048582995951417,246,243,1,0,242,237,35285,4,0,0,4,6
2020-06-20,US,North Carolina,Madison,6,0,0,35.85402722,-82.71346418,37115.0,27.579866697310962,0.0,6,5,0,0,5,5,21763,1,0,0,1,0
2020-06-20,US,North Carolina,Martin,111,4,0,35.84326734,-77.10860251,37117.0,494.65240641711233,3.603603603603604,107,106,4,0,102,103,22671,5,0,0,5,3
2020-06-20,US,North Carolina,McDowell,185,1,0,35.67736232,-82.0482425,37111.0,404.3185593146254,0.5405405405405406,184,174,1,0,173,172,45507,11,0,0,11,2
2020-06-20,US,North Carolina,Mecklenburg,8511,133,0,35.24469268,-80.8317671,37119.0,766.5109208217905,1.5626835859475972,8378,8166,131,0,8035,7804,1093901,345,2,0,343,362
2020-06-20,US,North Carolina,Mitchell,25,0,0,36.01059309,-82.1582442,37121.0,167.06762897620956,0.0,25,24,0,0,24,23,15000,1,0,0,1,1
2020-06-20,US,North Carolina,Montgomery,245,6,0,35.33155144,-79.90416657,37123.0,901.6302947779044,2.4489795918367347,239,234,5,0,229,229,27271,11,1,0,10,5
2020-06-20,US,North Carolina,Moore,355,11,0,35.30885257,-79.48474178,37125.0,351.90325138778746,3.0985915492957745,344,337,11,0,326,335,98682,18,0,0,18,2
2020-06-20,US,North Carolina,Nash,341,4,0,35.96575634,-77.98422508,37127.0,361.61954654393514,1.1730205278592376,337,323,4,0,319,311,94016,18,0,0,18,12
2020-06-20,US,North Carolina,New Hanover,535,5,0,34.25758282,-77.87075626,37129.0,228.17126065687734,0.9345794392523364,530,489,5,0,484,449,232274,46,0,0,46,40
2020-06-20,US,North Carolina,Northampton,173,15,0,36.41736238,-77.39769443,37131.0,887.9536005748603,8.670520231213873,158,176,15,0,161,174,19676,-3,0,0,-3,2
2020-06-20,US,North Carolina,Onslow,206,3,0,34.72607366,-77.42908179,37133.0,104.07299255322374,1.4563106796116505,203,188,3,0,185,180,197683,18,0,0,18,8
2020-06-20,US,North Carolina,Orange,522,41,0,36.06092947,-79.12167935,37135.0,351.5719712276732,7.8544061302682,481,506,41,0,465,497,146027,16,0,0,16,9
2020-06-20,US,North Carolina,Pamlico,15,0,0,35.15253315,-76.66559823,37137.0,117.86892975011787,0.0,15,16,0,0,16,15,12670,-1,0,0,-1,1
2020-06-20,US,North Carolina,Pasquotank,155,15,0,36.26723798,-76.25134778,37139.0,389.2125351546806,9.677419354838712,140,153,15,0,138,152,39639,2,0,0,2,1
2020-06-20,US,North Carolina,Pender,162,1,0,34.52265624,-77.90352133,37141.0,256.8981921979068,0.6172839506172839,161,165,1,0,164,149,62162,-3,0,0,-3,16
2020-06-20,US,North Carolina,Perquimans,30,2,0,36.17847453,-76.40603143,37143.0,222.83294956547576,6.666666666666668,28,30,2,0,28,30,13422,0,0,0,0,0
2020-06-20,US,North Carolina,Person,91,1,0,36.38989032,-78.97217358,37145.0,230.4380855912889,1.0989010989010992,90,88,1,0,87,86,39507,3,0,0,3,2
2020-06-20,US,North Carolina,Pitt,553,4,0,35.59535426,-77.37353178,37147.0,305.96098305872465,0.7233273056057866,549,528,3,0,525,507,179914,25,1,0,24,21
2020-06-20,US,North Carolina,Polk,63,4,0,35.27820615,-82.16812354,37149.0,303.9953676896352,6.349206349206349,59,63,4,0,59,61,20611,0,0,0,0,2
2020-06-20,US,North Carolina,Randolph,1032,24,0,35.71015088,-79.80570339,37151.0,718.327799703481,2.3255813953488373,1008,1013,23,0,990,997,143351,19,1,0,18,16
2020-06-20,US,North Carolina,Richmond,228,5,0,35.00417719,-79.74491009,37153.0,508.5993441745299,2.1929824561403506,223,223,5,0,218,221,44887,5,0,0,5,2
2020-06-20,US,North Carolina,Robeson,1056,24,0,34.64244496,-79.10250529999998,37155.0,808.421052631579,2.272727272727273,1032,1127,24,0,1103,1127,131831,-71,0,0,-71,0
2020-06-20,US,North Carolina,Rockingham,163,2,0,36.39593137,-79.77504841,37157.0,179.10119767058566,1.2269938650306749,161,157,2,0,155,150,90690,6,0,0,6,7
2020-06-20,US,North Carolina,Rowan,995,39,0,35.64003916,-80.52446628,37159.0,700.2702550532065,3.9195979899497484,956,978,39,0,939,957,141262,17,0,0,17,21
2020-06-20,US,North Carolina,Rutherford,242,7,0,35.40114178,-81.92112099,37161.0,361.0377597756195,2.8925619834710745,235,241,7,0,234,233,66826,1,0,0,1,8
2020-06-20,US,North Carolina,Sampson,865,5,0,34.98820368,-78.36914061,37163.0,1361.540035573185,0.5780346820809249,860,835,4,0,831,802,63626,30,1,0,29,33
2020-06-20,US,North Carolina,Scotland,123,1,0,34.8386299,-79.4757978,37165.0,353.2148292794992,0.8130081300813008,122,120,1,0,119,114,34810,3,0,0,3,6
2020-06-20,US,North Carolina,Stanly,208,5,0,35.31647813,-80.25093221,37167.0,331.1785498200809,2.4038461538461537,203,195,5,0,190,180,62075,13,0,0,13,15
2020-06-20,US,North Carolina,Stokes,102,0,0,36.4017975,-80.23893369,37169.0,223.7283674409423,0.0,102,101,0,0,101,98,45467,1,0,0,1,3
2020-06-20,US,North Carolina,Surry,378,2,0,36.41689489,-80.69102283,37171.0,526.5870749341766,0.5291005291005291,376,370,2,0,368,353,71948,8,0,0,8,17
2020-06-20,US,North Carolina,Swain,40,0,0,35.48665845,-83.48748932,37173.0,280.288697358279,0.0,40,39,0,0,39,39,14245,1,0,0,1,0
2020-06-20,US,North Carolina,Transylvania,19,1,0,35.20383864,-82.79638423,37175.0,55.25665261014977,5.2631578947368425,18,18,1,0,17,17,34215,1,0,0,1,1
2020-06-20,US,North Carolina,Tyrrell,5,0,0,35.87147226,-76.17055253,37177.0,124.5019920318725,0.0,5,5,0,0,5,5,4131,0,0,0,0,0
2020-06-20,US,North Carolina,Union,876,23,0,34.98960527,-80.52955873,37179.0,365.21456355608916,2.625570776255708,853,867,24,0,843,802,235908,9,-1,0,10,65
2020-06-20,US,North Carolina,Vance,441,35,0,36.36880673,-78.40670845,37181.0,990.2324014819804,7.936507936507938,406,437,35,0,402,434,44582,4,0,0,4,3
2020-06-20,US,North Carolina,Wake,3721,43,0,35.78879266,-78.65249174,37183.0,334.6942373405795,1.1556033324375168,3678,3579,43,0,3536,3385,1092305,142,0,0,142,194
2020-06-20,US,North Carolina,Warren,146,4,0,36.39728256,-78.10652228,37185.0,739.9523592316658,2.7397260273972597,142,144,4,0,140,142,19807,2,0,0,2,2
2020-06-20,US,North Carolina,Washington,37,3,0,35.83810081,-76.57299037,37187.0,319.5164075993092,8.108108108108109,34,35,3,0,32,35,11859,2,0,0,2,0
2020-06-20,US,North Carolina,Watauga,45,0,0,36.23103603,-81.70033724,37189.0,80.10395713548249,0.0,45,44,0,0,44,44,55945,1,0,0,1,0
2020-06-20,US,North Carolina,Wayne,1622,22,0,35.36438125,-78.00027268,37191.0,1317.2962129764235,1.3563501849568431,1600,1587,22,0,1565,1565,123248,35,0,0,35,22
2020-06-20,US,North Carolina,Wilkes,554,6,0,36.2084135,-81.16232895,37193.0,809.7994503888208,1.083032490974729,548,554,6,0,548,551,68557,0,0,0,0,3
2020-06-20,US,North Carolina,Wilson,594,16,0,35.70625477,-77.917978,37195.0,726.1524920233251,2.6936026936026938,578,556,15,0,541,545,81455,38,1,0,37,11
2020-06-20,US,North Carolina,Yadkin,272,4,0,36.16222629,-80.66239436,37197.0,722.1175033849257,1.4705882352941178,268,269,4,0,265,259,37543,3,0,0,3,10
2020-06-20,US,North Carolina,Yancey,35,0,0,35.90079156,-82.31237181,37199.0,193.70192041618242,0.0,35,35,0,0,35,33,17903,0,0,0,0,2
2020-06-20,US,North Dakota,Barnes,16,0,0,46.93579637,-98.06605978,38003.0,153.62457993278926,0.0,16,16,0,0,16,16,10542,0,0,0,0,0
2020-06-20,US,North Dakota,Benson,3,0,0,48.0683985,-99.35916363,38005.0,43.911007025761116,0.0,3,3,0,0,3,3,6962,0,0,0,0,0
2020-06-20,US,North Dakota,Billings,1,0,0,47.02366884,-103.3762965,38007.0,107.75862068965515,0.0,1,,,,,,919,,,,,
2020-06-20,US,North Dakota,Bottineau,5,0,0,48.79106111,-100.8378166,38009.0,79.59248646927729,0.0,5,4,0,0,4,4,6411,1,0,0,1,0
2020-06-20,US,North Dakota,Bowman,1,0,0,46.11285362,-103.5203343,38011.0,33.06878306878307,0.0,1,1,0,0,1,1,3076,0,0,0,0,0
2020-06-20,US,North Dakota,Burke,5,0,0,48.79094471,-102.5182117,38013.0,236.40661938534282,0.0,5,5,0,0,5,5,2100,0,0,0,0,0
2020-06-20,US,North Dakota,Burleigh,192,0,0,46.97847375,-100.4645214,38015.0,200.78221404220608,0.0,192,188,0,0,188,180,95273,4,0,0,4,8
2020-06-20,US,North Dakota,Cass,2118,64,0,46.93201724,-97.2444719,38017.0,1164.2288220840685,3.0217186024551466,2054,2104,64,0,2040,2091,181516,14,0,0,14,13
2020-06-20,US,North Dakota,Cavalier,1,0,0,48.77286211,-98.46685243,38019.0,26.581605528973952,0.0,1,,,,,,3829,,,,,
2020-06-20,US,North Dakota,Dickey,4,0,0,46.11017712,-98.5049008,38021.0,82.10180623973726,0.0,4,4,0,0,4,3,4903,0,0,0,0,1
2020-06-20,US,North Dakota,Divide,1,0,0,48.814938700000006,-103.4873611,38023.0,44.16961130742049,0.0,1,1,0,0,1,1,2283,0,0,0,0,0
2020-06-20,US,North Dakota,Dunn,12,0,0,47.35423935,-102.6160468,38025.0,271.24773960217004,0.0,12,12,0,0,12,11,4332,0,0,0,0,1
2020-06-20,US,North Dakota,Eddy,5,0,0,47.71701474,-98.90432337,38027.0,218.62702229995628,0.0,5,5,0,0,5,5,2313,0,0,0,0,0
2020-06-20,US,North Dakota,Emmons,4,1,0,46.28398398,-100.2389766,38029.0,123.41869793273679,25.0,3,4,1,0,3,4,3295,0,0,0,0,0
2020-06-20,US,North Dakota,Foster,1,0,0,47.4571084,-98.88279923,38031.0,31.152647975077887,0.0,1,1,0,0,1,1,3216,0,0,0,0,0
2020-06-20,US,North Dakota,Grand Forks,361,4,0,47.92093639,-97.45450447,38035.0,519.7909317360442,1.10803324099723,357,358,4,0,354,356,70770,3,0,0,3,2
2020-06-20,US,North Dakota,Grant,2,0,0,46.35821257,-101.6390013,38037.0,87.95074758135445,0.0,2,2,0,0,2,2,2374,0,0,0,0,0
2020-06-20,US,North Dakota,Griggs,1,0,0,47.45785838,-98.23850925,38039.0,44.822949350067226,0.0,1,1,0,0,1,1,2232,0,0,0,0,0
2020-06-20,US,North Dakota,Kidder,2,0,0,46.97830064,-99.77507857,38043.0,80.64516129032258,0.0,2,2,0,0,2,2,2450,0,0,0,0,0
2020-06-20,US,North Dakota,LaMoure,10,0,0,46.45681054,-98.53542355,38045.0,247.15768660405342,0.0,10,10,0,0,10,10,4062,0,0,0,0,0
2020-06-20,US,North Dakota,McHenry,3,1,0,48.23104458,-100.6324822,38049.0,52.219321148825074,33.333333333333336,2,3,1,0,2,2,5816,0,0,0,0,1
2020-06-20,US,North Dakota,McIntosh,1,0,0,46.11182017,-99.44145858,38051.0,40.04805766920305,0.0,1,1,0,0,1,1,2585,0,0,0,0,0
2020-06-20,US,North Dakota,McKenzie,24,0,0,47.74133370000001,-103.395905,38053.0,159.7444089456869,0.0,24,23,0,0,23,22,13632,1,0,0,1,1
2020-06-20,US,North Dakota,McLean,11,0,0,47.60766714,-101.3182418,38055.0,116.40211640211642,0.0,11,11,0,0,11,11,9541,0,0,0,0,0
2020-06-20,US,North Dakota,Mercer,6,0,0,47.31213126,-101.8318399,38057.0,73.28691828508613,0.0,6,6,0,0,6,6,8267,0,0,0,0,0
2020-06-20,US,North Dakota,Morton,70,2,0,46.71681782,-101.2822377,38059.0,223.1858181354419,2.8571428571428568,68,70,2,0,68,70,31095,0,0,0,0,0
2020-06-20,US,North Dakota,Mountrail,43,0,0,48.20197971,-102.3555315,38061.0,407.77619724988153,0.0,43,43,0,0,43,43,10218,0,0,0,0,0
2020-06-20,US,North Dakota,Nelson,1,0,0,47.9226426,-98.19038437,38063.0,34.734282737061484,0.0,1,1,0,0,1,1,2869,0,0,0,0,0
2020-06-20,US,North Dakota,Oliver,1,0,0,47.11530482,-101.3406158,38065.0,51.046452271567134,0.0,1,1,0,0,1,1,1952,0,0,0,0,0
2020-06-20,US,North Dakota,Pembina,7,0,0,48.76623521,-97.5523809,38067.0,102.92604028819292,0.0,7,7,0,0,7,7,6947,0,0,0,0,0
2020-06-20,US,North Dakota,Pierce,4,0,0,48.24977025,-99.96407787,38069.0,100.62893081761007,0.0,4,4,0,0,4,3,4081,0,0,0,0,1
2020-06-20,US,North Dakota,Ramsey,8,1,0,48.26886249,-98.72223879,38071.0,69.4504731313482,12.5,7,8,1,0,7,8,11481,0,0,0,0,0
2020-06-20,US,North Dakota,Ransom,13,0,0,46.45621782,-97.65742504,38073.0,249.13760061326175,0.0,13,13,0,0,13,13,5237,0,0,0,0,0
2020-06-20,US,North Dakota,Renville,3,0,0,48.71982533,-101.6603912,38075.0,128.92135797163732,0.0,3,3,0,0,3,3,2374,0,0,0,0,0
2020-06-20,US,North Dakota,Richland,38,0,0,46.26440649,-96.94852979,38077.0,234.90140322680352,0.0,38,37,0,0,37,37,16239,1,0,0,1,0
2020-06-20,US,North Dakota,Rolette,8,0,0,48.77245354,-99.84097493,38079.0,56.433408577878104,0.0,8,8,0,0,8,8,14301,0,0,0,0,0
2020-06-20,US,North Dakota,Sargent,4,0,0,46.10830372,-97.63217159,38081.0,102.6167265264238,0.0,4,4,0,0,4,5,3870,0,0,0,0,-1
2020-06-20,US,North Dakota,Sheridan,1,0,0,47.57700669,-100.3426391,38083.0,76.04562737642586,0.0,1,1,0,0,1,1,1349,0,0,0,0,0
2020-06-20,US,North Dakota,Sioux,12,0,0,46.11323337,-101.0440149,38085.0,283.6879432624113,0.0,12,12,0,0,12,10,4358,0,0,0,0,2
2020-06-20,US,North Dakota,Slope,3,0,0,46.44737738,-103.4601547,38087.0,400.0,0.0,3,3,0,0,3,3,763,0,0,0,0,0
2020-06-20,US,North Dakota,Stark,67,2,0,46.80851182,-102.6576326,38089.0,212.77271428117757,2.985074626865672,65,68,2,0,66,65,30997,-1,0,0,-1,3
2020-06-20,US,North Dakota,Steele,1,0,0,47.45611548,-97.72728747,38091.0,52.91005291005291,0.0,1,1,0,0,1,1,1903,0,0,0,0,0
2020-06-20,US,North Dakota,Stutsman,60,0,0,46.97962541,-98.95637318,38093.0,289.7990726429676,0.0,60,60,0,0,60,60,20917,0,0,0,0,0
2020-06-20,US,North Dakota,Traill,15,0,0,47.45367788,-97.16323288,38097.0,186.66002986560483,0.0,15,15,0,0,15,15,8037,0,0,0,0,0
2020-06-20,US,North Dakota,Walsh,17,0,0,48.36876964,-97.72574783,38099.0,159.7594211070388,0.0,17,17,0,0,17,17,10667,0,0,0,0,0
2020-06-20,US,North Dakota,Ward,51,1,0,48.22390169,-101.5436763,38101.0,75.39805739122721,1.96078431372549,50,51,1,0,50,50,67744,0,0,0,0,1
2020-06-20,US,North Dakota,Wells,8,0,0,47.58614526,-99.65904998,38103.0,208.65936358894103,0.0,8,8,0,0,8,8,3957,0,0,0,0,0
2020-06-20,US,North Dakota,Williams,26,0,0,48.34522353,-103.4793387,38105.0,69.16917183218493,0.0,26,26,0,0,26,26,35350,0,0,0,0,0
2020-06-20,US,Ohio,Adams,18,1,0,38.84541072,-83.4718964,39001.0,64.98664163477507,5.5555555555555545,17,18,1,0,17,18,27724,0,0,0,0,0
2020-06-20,US,Ohio,Allen,248,37,0,40.77285242,-84.10802343,39003.0,242.30344598489512,14.919354838709678,211,247,37,0,210,246,102663,1,0,0,1,1
2020-06-20,US,Ohio,Ashland,39,0,0,40.84772277,-82.27280781,39005.0,72.91900381422481,0.0,39,37,0,0,37,37,53745,2,0,0,2,0
2020-06-20,US,Ohio,Ashtabula,402,42,0,41.70860332,-80.74830218,39007.0,413.40586789522933,10.447761194029852,360,406,42,0,364,402,97493,-4,0,0,-4,4
2020-06-20,US,Ohio,Athens,24,1,0,39.33425634,-82.04278644,39009.0,36.73825523902827,4.166666666666667,23,24,1,0,23,24,65818,0,0,0,0,0
2020-06-20,US,Ohio,Auglaize,89,3,0,40.55998859,-84.22421429999999,39011.0,194.9360434554056,3.3707865168539324,86,89,3,0,86,87,45804,0,0,0,0,2
2020-06-20,US,Ohio,Belmont,477,21,0,40.01625942,-80.9924051,39013.0,711.8765483688028,4.402515723270441,456,476,21,0,455,472,67505,1,0,0,1,4
2020-06-20,US,Ohio,Brown,43,1,0,38.93416837,-83.86788395,39015.0,99.0053416835513,2.3255813953488373,42,41,1,0,40,40,43602,2,0,0,2,1
2020-06-20,US,Ohio,Butler,1194,39,0,39.44012838,-84.57388716,39017.0,311.64031383275824,3.266331658291457,1155,1166,37,0,1129,1153,382378,28,2,0,26,13
2020-06-20,US,Ohio,Carroll,39,3,0,40.578968599999996,-81.09178213,39019.0,144.90599687894775,7.6923076923076925,36,38,3,0,35,37,27081,1,0,0,1,1
2020-06-20,US,Ohio,Champaign,37,1,0,40.13923427,-83.76875242,39021.0,95.15237238009516,2.702702702702702,36,37,1,0,36,37,38754,0,0,0,0,0
2020-06-20,US,Ohio,Clark,639,8,0,39.91592258,-83.78498252,39023.0,476.57048246235536,1.2519561815336464,631,606,8,0,598,568,134585,33,0,0,33,38
2020-06-20,US,Ohio,Clermont,275,6,0,39.04847534,-84.15375786,39025.0,133.21836185013657,2.1818181818181817,269,266,6,0,260,256,205466,9,0,0,9,10
2020-06-20,US,Ohio,Clinton,54,0,0,39.41485808,-83.80852286,39027.0,128.66946244757912,0.0,54,54,0,0,54,54,42057,0,0,0,0,0
2020-06-20,US,Ohio,Columbiana,956,58,0,40.76932373,-80.78094576,39029.0,938.3312230695993,6.066945606694561,898,954,58,0,896,940,102665,2,0,0,2,14
2020-06-20,US,Ohio,Coshocton,59,0,0,40.30096166,-81.91729018,39031.0,161.20218579234972,0.0,59,56,0,0,56,54,36629,3,0,0,3,2
2020-06-20,US,Ohio,Crawford,122,5,0,40.85065156,-82.91989099,39033.0,294.01841230057363,4.0983606557377055,117,122,5,0,117,122,41550,0,0,0,0,0
2020-06-20,US,Ohio,Cuyahoga,5555,336,0,41.424119,-81.65918339,39035.0,449.77134936262826,6.048604860486049,5219,5481,334,0,5147,5404,1243857,74,2,0,72,77
2020-06-20,US,Ohio,Darke,228,25,0,40.13412966,-84.6194517,39037.0,446.07047130866897,10.964912280701757,203,227,25,0,202,227,51323,1,0,0,1,0
2020-06-20,US,Ohio,Defiance,42,2,0,41.32398837,-84.49076944,39039.0,110.27384671935306,4.761904761904762,40,40,2,0,38,40,38165,2,0,0,2,0
2020-06-20,US,Ohio,Delaware,419,15,0,40.27942393,-83.00457058,39041.0,200.3088293646051,3.5799522673031032,404,412,15,0,397,410,204826,7,0,0,7,2
2020-06-20,US,Ohio,Erie,217,22,0,41.36796058,-82.62904521,39043.0,292.19292812323266,10.138248847926267,195,216,22,0,194,215,74615,1,0,0,1,1
2020-06-20,US,Ohio,Fairfield,404,12,0,39.75107189,-82.63088163,39045.0,256.3874750910683,2.9702970297029703,392,398,12,0,386,392,155782,6,0,0,6,6
2020-06-20,US,Ohio,Fayette,45,0,0,39.56021306,-83.4562016,39047.0,157.75635407537246,0.0,45,45,0,0,45,45,28666,0,0,0,0,0
2020-06-20,US,Ohio,Franklin,7694,357,0,39.96995815,-83.01115755,39049.0,584.3147857309933,4.639979204574994,7337,7590,348,0,7242,7487,1310300,104,9,0,95,103
2020-06-20,US,Ohio,Fulton,53,0,0,41.60213491,-84.12571393,39051.0,125.8130370792385,0.0,53,53,0,0,53,53,42276,0,0,0,0,0
2020-06-20,US,Ohio,Gallia,9,1,0,38.82708533,-82.31647569,39053.0,30.102347983142685,11.111111111111109,8,9,1,0,8,9,29979,0,0,0,0,0
2020-06-20,US,Ohio,Geauga,355,37,0,41.49952319,-81.17935342,39055.0,379.0750568612585,10.422535211267606,318,353,37,0,316,349,94031,2,0,0,2,4
2020-06-20,US,Ohio,Greene,165,8,0,39.69116283,-83.89032084,39057.0,97.66954545185484,4.848484848484849,157,158,8,0,150,156,167995,7,0,0,7,2
2020-06-20,US,Ohio,Guernsey,44,3,0,40.05026529,-81.49248905,39059.0,113.18327974276528,6.8181818181818175,41,44,3,0,41,44,39022,0,0,0,0,0
2020-06-20,US,Ohio,Hamilton,3744,186,0,39.19673558,-84.54502924,39061.0,457.99677787523257,4.967948717948718,3558,3634,184,0,3450,3508,816684,110,2,0,108,126
2020-06-20,US,Ohio,Hancock,62,1,0,41.00250487,-83.66838948,39063.0,81.81254371033081,1.6129032258064515,61,62,1,0,61,62,75930,0,0,0,0,0
2020-06-20,US,Ohio,Hardin,107,10,0,40.66015414,-83.65929931,39065.0,341.14458791646734,9.345794392523365,97,106,5,0,101,105,31480,1,5,0,-4,1
2020-06-20,US,Ohio,Harrison,11,1,0,40.29380509,-81.09068544,39067.0,73.13829787234044,9.090909090909092,10,11,0,0,11,11,15174,0,1,0,-1,0
2020-06-20,US,Ohio,Henry,22,0,0,41.333964200000004,-84.06830637,39069.0,81.4633785084796,0.0,22,21,0,0,21,21,27086,1,0,0,1,0
2020-06-20,US,Ohio,Highland,37,1,0,39.1839264,-83.60331456,39071.0,85.72553925998008,2.702702702702702,36,37,1,0,36,35,43058,0,0,0,0,2
2020-06-20,US,Ohio,Hocking,73,7,0,39.49537927,-82.47991446,39073.0,258.2790829323521,9.58904109589041,66,73,7,0,66,73,28385,0,0,0,0,0
2020-06-20,US,Ohio,Holmes,111,3,0,40.56163713,-81.92635677,39075.0,252.5022747952684,2.702702702702702,108,109,3,0,106,101,43892,2,0,0,2,8
2020-06-20,US,Ohio,Huron,97,1,0,41.14651175,-82.59867951,39077.0,166.47787732125082,1.0309278350515465,96,96,1,0,95,95,58504,1,0,0,1,1
2020-06-20,US,Ohio,Jackson,16,0,0,39.01914254,-82.61818559999998,39079.0,49.362909943541176,0.0,16,16,0,0,16,16,32384,0,0,0,0,0
2020-06-20,US,Ohio,Jefferson,74,2,0,40.38614126,-80.76259514,39081.0,113.27975507079985,2.702702702702702,72,74,2,0,72,71,65767,0,0,0,0,3
2020-06-20,US,Ohio,Knox,33,1,0,40.39830217,-82.42027563,39083.0,52.95080388947722,3.0303030303030303,32,33,1,0,32,33,61893,0,0,0,0,0
2020-06-20,US,Ohio,Lake,364,14,0,41.69710807,-81.23676539,39085.0,158.15841042107505,3.8461538461538463,350,358,13,0,345,356,230514,6,1,0,5,2
2020-06-20,US,Ohio,Lawrence,42,0,0,38.59743452,-82.53466552,39087.0,70.63215781242117,0.0,42,42,0,0,42,40,59866,0,0,0,0,2
2020-06-20,US,Ohio,Licking,330,11,0,40.09136236,-82.48185785,39089.0,186.58615191505245,3.333333333333333,319,329,11,0,318,324,175769,1,0,0,1,5
2020-06-20,US,Ohio,Logan,48,0,0,40.38996525,-83.76784341,39091.0,105.09721492380451,0.0,48,48,0,0,48,48,45358,0,0,0,0,0
2020-06-20,US,Ohio,Lorain,831,66,0,41.29553751,-82.15083537,39093.0,268.20900291447333,7.9422382671480145,765,825,65,0,760,822,309461,6,1,0,5,3
2020-06-20,US,Ohio,Lucas,2483,294,0,41.62101218,-83.65468618,39095.0,579.668867369522,11.840515505436974,2189,2478,293,0,2185,2468,429899,5,1,0,4,10
2020-06-20,US,Ohio,Madison,174,7,0,39.89381073,-83.40178317,39097.0,388.99197424604864,4.022988505747127,167,172,7,0,165,170,44413,2,0,0,2,2
2020-06-20,US,Ohio,Mahoning,1639,224,0,41.01631101,-80.77287029,39099.0,716.7126546354559,13.666870042708966,1415,1632,223,0,1409,1619,229642,7,1,0,6,13
2020-06-20,US,Ohio,Marion,2715,34,0,40.58610662,-83.15736305,39101.0,4170.955402270597,1.252302025782689,2681,2715,34,0,2681,2713,65256,0,0,0,0,2
2020-06-20,US,Ohio,Medina,407,31,0,41.11770589,-81.89986209999998,39103.0,226.43062988884319,7.6167076167076155,376,406,31,0,375,404,179146,1,0,0,1,2
2020-06-20,US,Ohio,Meigs,9,0,0,39.09224872,-82.0305041,39105.0,39.289300213908405,0.0,9,9,0,0,9,9,23106,0,0,0,0,0
2020-06-20,US,Ohio,Mercer,257,8,0,40.54043046,-84.62912742,39107.0,624.2106285825319,3.1128404669260696,249,255,8,0,247,253,40959,2,0,0,2,2
2020-06-20,US,Ohio,Miami,399,30,0,40.0543329,-84.22871271,39109.0,372.9425070335648,7.518796992481202,369,397,30,0,367,393,106222,2,0,0,2,4
2020-06-20,US,Ohio,Monroe,82,15,0,39.72984936,-81.08464734,39111.0,600.5566134466089,18.29268292682927,67,82,15,0,67,82,13790,0,0,0,0,0
2020-06-20,US,Ohio,Montgomery,1214,20,0,39.75394919,-84.29050975,39113.0,228.32982563049316,1.6474464579901154,1194,1174,19,0,1155,1118,532331,40,1,0,39,56
2020-06-20,US,Ohio,Morgan,6,0,0,39.62081738,-81.85308173,39115.0,41.356492969396186,0.0,6,6,0,0,6,6,14604,0,0,0,0,0
2020-06-20,US,Ohio,Morrow,110,1,0,40.52363560000001,-82.7892599,39117.0,311.3677536231884,0.9090909090909092,109,110,1,0,109,110,35112,0,0,0,0,0
2020-06-20,US,Ohio,Muskingum,63,1,0,39.96575964,-81.94363275,39119.0,73.0731311256742,1.5873015873015872,62,61,1,0,60,61,86183,2,0,0,2,0
2020-06-20,US,Ohio,Noble,6,0,0,39.76818851,-81.45937183,39121.0,41.59733777038269,0.0,6,6,0,0,6,6,14354,0,0,0,0,0
2020-06-20,US,Ohio,Ottawa,118,22,0,41.53781826,-83.0940185,39123.0,291.1782850092536,18.644067796610173,96,118,22,0,96,118,40769,0,0,0,0,0
2020-06-20,US,Ohio,Paulding,18,0,0,41.11676341,-84.5801017,39125.0,96.40102827763495,0.0,18,18,0,0,18,17,18760,0,0,0,0,1
2020-06-20,US,Ohio,Perry,26,1,0,39.73508655,-82.23804971,39127.0,71.95439198538773,3.8461538461538463,25,25,1,0,24,25,36033,1,0,0,1,0
2020-06-20,US,Ohio,Pickaway,2137,41,0,39.64170392,-83.0243386,39129.0,3655.678532938741,1.9185774450163784,2096,2135,40,0,2095,2131,58086,2,1,0,1,4
2020-06-20,US,Ohio,Pike,13,0,0,39.07634001,-83.06769584,39131.0,46.80973642517644,0.0,13,12,0,0,12,12,28067,1,0,0,1,0
2020-06-20,US,Ohio,Portage,367,58,0,41.16793482,-81.19735782,39133.0,225.8934176997033,15.803814713896458,309,366,58,0,308,364,162927,1,0,0,1,2
2020-06-20,US,Ohio,Preble,50,1,0,39.7420247,-84.64787018,39135.0,122.30321412846729,2.0,49,49,1,0,48,46,40997,1,0,0,1,3
2020-06-20,US,Ohio,Putnam,103,15,0,41.02094889,-84.1336111,39137.0,304.18475532323316,14.563106796116505,88,103,15,0,88,102,33780,0,0,0,0,1
2020-06-20,US,Ohio,Richland,269,4,0,40.77180308,-82.53799609999999,39139.0,222.0314640870297,1.4869888475836432,265,266,4,0,262,260,121099,3,0,0,3,6
2020-06-20,US,Ohio,Ross,84,2,0,39.33705391,-83.06000914,39141.0,109.56617014060991,2.380952380952381,82,82,2,0,80,82,76931,2,0,0,2,0
2020-06-20,US,Ohio,Sandusky,109,13,0,41.35624126,-83.137872,39143.0,186.2674732560921,11.926605504587155,96,109,13,0,96,106,58799,0,0,0,0,3
2020-06-20,US,Ohio,Scioto,21,0,0,38.80270163,-82.98907345,39145.0,27.883262076108032,0.0,21,21,0,0,21,21,75502,0,0,0,0,0
2020-06-20,US,Ohio,Seneca,31,2,0,41.12351311,-83.12783209,39147.0,56.181811591576356,6.451612903225807,29,30,2,0,28,30,55207,1,0,0,1,0
2020-06-20,US,Ohio,Shelby,51,3,0,40.33163494,-84.20258189,39149.0,104.95986828565547,5.882352941176472,48,51,3,0,48,50,48627,0,0,0,0,1
2020-06-20,US,Ohio,Stark,927,105,0,40.81482476,-81.36437305,39151.0,250.1308667425784,11.326860841423947,822,918,105,0,813,908,371574,9,0,0,9,10
2020-06-20,US,Ohio,Summit,1743,201,0,41.12464734,-81.53123079,39153.0,322.1734043359402,11.53184165232358,1542,1735,199,0,1536,1722,541918,8,2,0,6,13
2020-06-20,US,Ohio,Trumbull,698,55,0,41.31735028,-80.76109643,39155.0,352.5715497994686,7.879656160458452,643,693,55,0,638,682,198627,5,0,0,5,11
2020-06-20,US,Ohio,Tuscarawas,416,10,0,40.44214695,-81.47226262,39157.0,452.23781621316056,2.4038461538461537,406,409,9,0,400,408,92176,7,1,0,6,1
2020-06-20,US,Ohio,Union,71,1,0,40.30016061,-83.37239023,39159.0,120.36346375534006,1.4084507042253518,70,69,1,0,68,67,57835,2,0,0,2,2
2020-06-20,US,Ohio,Van Wert,16,0,0,40.8554138,-84.59111700000003,39161.0,56.58709106984969,0.0,16,15,0,0,15,14,28281,1,0,0,1,1
2020-06-20,US,Ohio,Vinton,22,2,0,39.25208988,-82.4831444,39163.0,168.13144822315633,9.090909090909092,20,22,2,0,20,22,13139,0,0,0,0,0
2020-06-20,US,Ohio,Warren,571,20,0,39.42581994,-84.16557457,39165.0,243.39093443363652,3.5026269702276713,551,559,20,0,539,549,232173,12,0,0,12,10
2020-06-20,US,Ohio,Washington,119,20,0,39.45690571,-81.49121382,39167.0,198.62796481447484,16.80672268907563,99,119,20,0,99,119,60155,0,0,0,0,0
2020-06-20,US,Ohio,Wayne,323,52,0,40.82925852,-81.88844833,39169.0,279.14614121510675,16.099071207430338,271,321,52,0,269,316,115967,2,0,0,2,5
2020-06-20,US,Ohio,Williams,59,1,0,41.56052014,-84.58429552,39171.0,160.79799411315818,1.6949152542372878,58,59,1,0,58,59,36804,0,0,0,0,0
2020-06-20,US,Ohio,Wood,333,51,0,41.36224827,-83.62285108,39173.0,254.55407171850757,15.315315315315313,282,332,51,0,281,331,130696,1,0,0,1,1
2020-06-20,US,Ohio,Wyandot,55,4,0,40.84339621,-83.30734173,39175.0,252.6180415212199,7.272727272727272,51,55,4,0,51,50,21935,0,0,0,0,5
2020-06-20,US,Oklahoma,Adair,104,4,0,35.88494195,-94.65859267,40001.0,468.5951157970623,3.8461538461538463,100,103,4,0,99,101,22082,1,0,0,1,2
2020-06-20,US,Oklahoma,Alfalfa,1,0,0,36.73090616,-98.32408495,40003.0,17.5377060680463,0.0,1,1,0,0,1,1,5754,0,0,0,0,0
2020-06-20,US,Oklahoma,Atoka,13,0,0,34.37366573,-96.03802487,40005.0,94.49047826719,0.0,13,11,0,0,11,11,13838,2,0,0,2,0
2020-06-20,US,Oklahoma,Beaver,30,0,0,36.7496847,-100.4758872,40007.0,564.865373752589,0.0,30,30,0,0,30,30,5319,0,0,0,0,0
2020-06-20,US,Oklahoma,Beckham,8,0,0,35.26862449,-99.68128023,40009.0,36.59819753877122,0.0,8,8,0,0,8,8,21709,0,0,0,0,0
2020-06-20,US,Oklahoma,Blaine,14,0,0,35.87518314,-98.43307003,40011.0,148.47809948032662,0.0,14,13,0,0,13,12,9485,1,0,0,1,1
2020-06-20,US,Oklahoma,Bryan,69,1,0,33.96472458,-96.25903472,40013.0,143.76497551828317,1.4492753623188406,68,68,1,0,67,64,47192,1,0,0,1,4
2020-06-20,US,Oklahoma,Caddo,180,10,0,35.17364557,-98.37534464,40015.0,625.8257422988665,5.5555555555555545,170,181,10,0,171,181,28977,-1,0,0,-1,0
2020-06-20,US,Oklahoma,Canadian,192,3,0,35.5426055,-97.98465569,40017.0,129.46205817701238,1.5625,189,186,3,0,183,175,144447,6,0,0,6,11
2020-06-20,US,Oklahoma,Carter,66,1,0,34.25103751,-97.28552485,40019.0,137.18276485626987,1.5151515151515151,65,63,1,0,62,62,48177,3,0,0,3,1
2020-06-20,US,Oklahoma,Cherokee,65,1,0,35.90692775,-94.99980896,40021.0,133.58817847380644,1.5384615384615383,64,60,1,0,59,58,48675,5,0,0,5,2
2020-06-20,US,Oklahoma,Choctaw,107,1,0,34.02807439,-95.54771129,40023.0,729.28026172301,0.9345794392523364,106,107,1,0,106,107,14668,0,0,0,0,0
2020-06-20,US,Oklahoma,Cimarron,1,0,0,36.74817177,-102.5173885,40025.0,46.79457182966776,0.0,1,1,0,0,1,1,2153,0,0,0,0,0
2020-06-20,US,Oklahoma,Cleveland,640,40,0,35.20413532,-97.32519562,40027.0,225.34100431668858,6.25,600,620,40,0,580,605,281669,20,0,0,20,15
2020-06-20,US,Oklahoma,Coal,6,0,0,34.58840127,-96.29798747,40029.0,109.1901728844404,0.0,6,6,0,0,6,6,5520,0,0,0,0,0
2020-06-20,US,Oklahoma,Comanche,364,5,0,34.65973764,-98.47195055,40031.0,301.4517718573239,1.3736263736263736,359,361,5,0,356,360,120422,3,0,0,3,1
2020-06-20,US,Oklahoma,Cotton,5,2,0,34.28845626,-98.37053567,40033.0,88.24567596187786,40.0,3,5,2,0,3,5,5776,0,0,0,0,0
2020-06-20,US,Oklahoma,Craig,18,0,0,36.76268118,-95.20916602,40035.0,127.28044123886295,0.0,18,17,0,0,17,17,14306,1,0,0,1,0
2020-06-20,US,Oklahoma,Creek,122,7,0,35.90230551,-96.37086028,40037.0,170.5768854338525,5.737704918032787,115,121,7,0,114,118,71604,1,0,0,1,3
2020-06-20,US,Oklahoma,Custer,49,0,0,35.63853802,-99.00170785,40039.0,168.9480398579457,0.0,49,45,0,0,45,46,29036,4,0,0,4,-1
2020-06-20,US,Oklahoma,Delaware,115,16,0,36.40823634,-94.80325046,40041.0,267.385895975261,13.91304347826087,99,114,16,0,98,112,42733,1,0,0,1,2
2020-06-20,US,Oklahoma,Dewey,4,0,0,35.98772922,-99.00730714,40043.0,81.78286648947045,0.0,4,4,0,0,4,4,4894,0,0,0,0,0
2020-06-20,US,Oklahoma,Garfield,55,1,0,36.3791334,-97.78265517,40047.0,90.08123689727465,1.818181818181818,54,54,1,0,53,53,60913,1,0,0,1,1
2020-06-20,US,Oklahoma,Garvin,43,1,0,34.70418038,-97.30811132,40049.0,155.17303597849232,2.3255813953488373,42,41,1,0,40,39,27811,2,0,0,2,2
2020-06-20,US,Oklahoma,Grady,123,4,0,35.0167709,-97.88339847,40051.0,220.29587706415447,3.2520325203252027,119,123,4,0,119,122,55551,0,0,0,0,1
2020-06-20,US,Oklahoma,Grant,2,0,0,36.796297,-97.78638765,40053.0,46.15739672282484,0.0,2,2,0,0,2,2,4326,0,0,0,0,0
2020-06-20,US,Oklahoma,Greer,66,7,0,34.93535801,-99.5605612,40055.0,1155.4621848739494,10.606060606060606,59,66,7,0,59,66,5821,0,0,0,0,0
2020-06-20,US,Oklahoma,Harmon,1,0,0,34.7440135,-99.84741652,40057.0,37.69317753486619,0.0,1,1,0,0,1,1,2664,0,0,0,0,0
2020-06-20,US,Oklahoma,Harper,1,0,0,36.78836519,-99.6679804,40059.0,27.11496746203905,0.0,1,1,0,0,1,1,3797,0,0,0,0,0
2020-06-20,US,Oklahoma,Haskell,7,0,0,35.22257600000001,-95.11513306,40061.0,55.436762493070404,0.0,7,7,0,0,7,7,12668,0,0,0,0,0
2020-06-20,US,Oklahoma,Hughes,3,0,0,35.04912569,-96.24921145,40063.0,22.59206265532043,0.0,3,3,0,0,3,3,13335,0,0,0,0,0
2020-06-20,US,Oklahoma,Jackson,32,3,0,34.58781741,-99.41138784,40065.0,130.45250713412148,9.375,29,32,3,0,29,32,24949,0,0,0,0,0
2020-06-20,US,Oklahoma,Jefferson,4,0,0,34.11130184,-97.83182974,40067.0,66.64445184938353,0.0,4,4,0,0,4,4,6123,0,0,0,0,0
2020-06-20,US,Oklahoma,Johnston,8,0,0,34.31440473,-96.66011537,40069.0,72.16959855660802,0.0,8,8,0,0,8,8,10949,0,0,0,0,0
2020-06-20,US,Oklahoma,Kay,79,7,0,36.81799745,-97.14421435,40071.0,181.45068675639672,8.860759493670884,72,77,7,0,70,72,44161,2,0,0,2,5
2020-06-20,US,Oklahoma,Kingfisher,18,0,0,35.94530008,-97.94193268,40073.0,114.17697431018078,0.0,18,17,0,0,17,13,15816,1,0,0,1,4
2020-06-20,US,Oklahoma,Kiowa,6,0,0,34.91671958,-98.97720696,40075.0,68.90215893431328,0.0,6,6,0,0,6,6,8729,0,0,0,0,0
2020-06-20,US,Oklahoma,Latimer,7,1,0,34.87844729,-95.25215049,40077.0,69.49270326615705,14.285714285714285,6,7,1,0,6,7,10231,0,0,0,0,0
2020-06-20,US,Oklahoma,Le Flore,26,1,0,34.89851864,-94.70392124,40079.0,52.15333079253004,3.8461538461538463,25,25,1,0,24,25,49980,1,0,0,1,0
2020-06-20,US,Oklahoma,Lincoln,25,2,0,35.70270942,-96.8812462,40081.0,71.68047710525562,8.0,23,25,2,0,23,26,34920,0,0,0,0,-1
2020-06-20,US,Oklahoma,Logan,26,1,0,35.91899576,-97.44352845,40083.0,54.15425631626086,3.8461538461538463,25,26,1,0,25,25,47291,0,0,0,0,1
2020-06-20,US,Oklahoma,Love,25,0,0,33.95273467,-97.23906784,40085.0,243.83107383204919,0.0,25,25,0,0,25,25,10134,0,0,0,0,0
2020-06-20,US,Oklahoma,Major,7,1,0,36.31149996,-98.53467076,40093.0,91.75514484205007,14.285714285714285,6,7,1,0,6,7,7644,0,0,0,0,0
2020-06-20,US,Oklahoma,Marshall,22,0,0,34.02311222,-96.76855464,40095.0,129.93916484554958,0.0,22,21,0,0,21,21,16806,1,0,0,1,0
2020-06-20,US,Oklahoma,Mayes,65,4,0,36.30179091,-95.23175116,40097.0,158.1508515815085,6.153846153846153,61,60,4,0,56,60,41107,5,0,0,5,0
2020-06-20,US,Oklahoma,McClain,124,4,0,35.01123903,-97.44572302,40087.0,306.36952117408714,3.2258064516129035,120,121,4,0,117,120,39985,3,0,0,3,1
2020-06-20,US,Oklahoma,McCurtain,245,2,0,34.11664328,-94.77222373,40089.0,746.2231968810918,0.8163265306122449,243,200,2,0,198,189,32703,45,0,0,45,11
2020-06-20,US,Oklahoma,McIntosh,29,1,0,35.37235506,-95.66599306,40091.0,147.9893855888957,3.4482758620689653,28,27,1,0,26,25,19815,2,0,0,2,2
2020-06-20,US,Oklahoma,Murray,13,0,0,34.48116015,-97.06826283,40099.0,92.3754707596106,0.0,13,13,0,0,13,12,13953,0,0,0,0,1
2020-06-20,US,Oklahoma,Muskogee,92,9,0,35.61318461,-95.37802952,40101.0,135.3000867685339,9.782608695652174,83,88,9,0,79,80,68362,4,0,0,4,8
2020-06-20,US,Oklahoma,Noble,26,0,0,36.38953329,-97.22928674,40103.0,233.5818884197287,0.0,26,26,0,0,26,24,11289,0,0,0,0,2
2020-06-20,US,Oklahoma,Nowata,27,1,0,36.79843529,-95.61902331,40105.0,267.96347757046453,3.703703703703704,26,27,1,0,26,27,10218,0,0,0,0,0
2020-06-20,US,Oklahoma,Okfuskee,7,0,0,35.46485198,-96.32639984,40107.0,58.3673809722338,0.0,7,6,0,0,6,7,12098,1,0,0,1,-1
2020-06-20,US,Oklahoma,Oklahoma,1990,65,0,35.55140095,-97.40716948,40109.0,249.55043301389202,3.266331658291457,1925,1946,65,0,1881,1861,792582,44,0,0,44,85
2020-06-20,US,Oklahoma,Okmulgee,40,0,0,35.64661916,-95.96432828,40111.0,103.9906408423242,0.0,40,36,0,0,36,32,38335,4,0,0,4,4
2020-06-20,US,Oklahoma,Osage,130,8,0,36.62888819,-96.39635704,40113.0,276.81366181887864,6.153846153846153,122,125,8,0,117,124,47014,5,0,0,5,1
2020-06-20,US,Oklahoma,Ottawa,43,2,0,36.83532655,-94.81011909,40115.0,138.14373373598482,4.651162790697675,41,42,2,0,40,42,31175,1,0,0,1,0
2020-06-20,US,Oklahoma,Pawnee,47,2,0,36.31743373,-96.7033176,40117.0,287.0053737176356,4.25531914893617,45,46,2,0,44,41,16390,1,0,0,1,5
2020-06-20,US,Oklahoma,Payne,215,1,0,36.07695283,-96.97584944,40119.0,262.8876063777756,0.4651162790697674,214,208,1,0,207,179,82040,7,0,0,7,29
2020-06-20,US,Oklahoma,Pittsburg,48,3,0,34.92065823,-95.7513432,40121.0,109.95555962798369,6.25,45,47,3,0,44,47,43877,1,0,0,1,0
2020-06-20,US,Oklahoma,Pontotoc,23,2,0,34.72959848,-96.68337199,40123.0,60.07731689478635,8.695652173913043,21,24,2,0,22,24,38247,-1,0,0,-1,0
2020-06-20,US,Oklahoma,Pottawatomie,83,4,0,35.20614018,-96.94923008,40125.0,114.33766806259644,4.819277108433735,79,80,4,0,76,79,72679,3,0,0,3,1
2020-06-20,US,Oklahoma,Pushmataha,9,0,0,34.41635232,-95.37603505,40127.0,81.11031002162942,0.0,9,8,0,0,8,7,11179,1,0,0,1,1
2020-06-20,US,Oklahoma,Rogers,123,5,0,36.37004357,-95.60406759,40131.0,133.03193848084015,4.0650406504065035,118,122,5,0,117,113,91984,1,0,0,1,9
2020-06-20,US,Oklahoma,Seminole,33,3,0,35.16478725,-96.61686741,40133.0,136.0375958446698,9.090909090909092,30,33,3,0,30,31,24578,0,0,0,0,2
2020-06-20,US,Oklahoma,Sequoyah,22,3,0,35.49447108,-94.75463785,40135.0,52.924053982535064,13.636363636363635,19,22,3,0,19,21,41179,0,0,0,0,1
2020-06-20,US,Oklahoma,Stephens,49,1,0,34.48556989,-97.85141892,40137.0,113.57578286164616,2.0408163265306123,48,48,1,0,47,48,43265,1,0,0,1,0
2020-06-20,US,Oklahoma,Texas,978,6,0,36.74777635,-101.4889765,40139.0,4894.1600360306265,0.6134969325153374,972,977,6,0,971,976,20455,1,0,0,1,1
2020-06-20,US,Oklahoma,Tillman,23,1,0,34.37288446,-98.92426619,40141.0,317.2413793103448,4.3478260869565215,22,23,1,0,22,23,7348,0,0,0,0,0
2020-06-20,US,Oklahoma,Tulsa,2206,66,0,36.11939621,-95.94013939,40143.0,338.57619959726935,2.9918404351767904,2140,2070,65,0,2005,1945,648360,136,1,0,135,125
2020-06-20,US,Oklahoma,Wagoner,202,17,0,35.96024096,-95.51911308,40145.0,248.49610648427216,8.415841584158416,185,194,17,0,177,189,80110,8,0,0,8,5
2020-06-20,US,Oklahoma,Washington,367,38,0,36.71380786,-95.90514104,40147.0,712.2479476779164,10.354223433242506,329,365,38,0,327,361,51843,2,0,0,2,4
2020-06-20,US,Oklahoma,Washita,3,0,0,35.29071824,-98.99180434,40149.0,27.482594356907292,0.0,3,3,0,0,3,3,11127,0,0,0,0,0
2020-06-20,US,Oklahoma,Woods,5,0,0,36.76705782,-98.86573064,40151.0,56.863414079381336,0.0,5,5,0,0,5,5,8897,0,0,0,0,0
2020-06-20,US,Oklahoma,Woodward,12,0,0,36.42316318,-99.26283045,40153.0,59.373608431052396,0.0,12,12,0,0,12,11,20222,0,0,0,0,1
2020-06-20,US,Oregon,Baker,1,0,0,44.70915557,-117.6749883,41001.0,6.201935003721161,0.0,1,1,0,0,1,1,16006,0,0,0,0,0
2020-06-20,US,Oregon,Benton,66,5,0,44.49167306,-123.4316987,41003.0,70.92732098911372,7.575757575757576,61,66,5,0,61,66,92101,0,0,0,0,0
2020-06-20,US,Oregon,Clackamas,561,22,0,45.18787398,-122.2179634,41005.0,134.15051161322566,3.92156862745098,539,561,22,0,539,538,416075,0,0,0,0,23
2020-06-20,US,Oregon,Clatsop,46,0,0,45.99712889,-123.660711,41007.0,114.35958631662687,0.0,46,46,0,0,46,46,39764,0,0,0,0,0
2020-06-20,US,Oregon,Columbia,26,0,0,45.94464254,-123.0890898,41009.0,49.66191694999428,0.0,26,26,0,0,26,26,52377,0,0,0,0,0
2020-06-20,US,Oregon,Coos,33,0,0,43.17406868,-124.0594514,41011.0,51.17310465675252,0.0,33,33,0,0,33,32,64389,0,0,0,0,1
2020-06-20,US,Oregon,Crook,9,0,0,44.14230227,-120.356297,41013.0,36.87920013112605,0.0,9,9,0,0,9,9,23867,0,0,0,0,0
2020-06-20,US,Oregon,Curry,7,0,0,42.45911325,-124.157282,41015.0,30.53435114503817,0.0,7,7,0,0,7,7,22813,0,0,0,0,0
2020-06-20,US,Oregon,Deschutes,142,0,0,43.91570171,-121.2289121,41017.0,71.82890557028105,0.0,142,142,0,0,142,139,191996,0,0,0,0,3
2020-06-20,US,Oregon,Douglas,32,0,0,43.27941273,-123.167291,41019.0,28.834024148495224,0.0,32,32,0,0,32,29,110283,0,0,0,0,3
2020-06-20,US,Oregon,Grant,1,0,0,44.49024544,-119.0068631,41023.0,13.890818169190164,0.0,1,1,0,0,1,1,7176,0,0,0,0,0
2020-06-20,US,Oregon,Harney,1,0,0,43.06422669,-118.9666306,41025.0,13.526308670363855,0.0,1,1,0,0,1,1,7329,0,0,0,0,0
2020-06-20,US,Oregon,Hood River,87,0,0,45.51872811,-121.65520359999998,41027.0,372.0810880164229,0.0,87,87,0,0,87,85,23428,0,0,0,0,2
2020-06-20,US,Oregon,Jackson,85,0,0,42.43201126,-122.7289309,41029.0,38.47128684191469,0.0,85,85,0,0,85,85,219564,0,0,0,0,0
2020-06-20,US,Oregon,Jefferson,77,0,0,44.62806839,-121.17832,41031.0,312.2718793089464,0.0,77,77,0,0,77,73,24192,0,0,0,0,4
2020-06-20,US,Oregon,Josephine,26,1,0,42.3665549,-123.5561938,41033.0,29.718701064158108,3.8461538461538463,25,26,1,0,25,26,87393,0,0,0,0,0
2020-06-20,US,Oregon,Klamath,80,0,0,42.68762984,-121.64964609999998,41035.0,117.23673026759285,0.0,80,80,0,0,80,68,67653,0,0,0,0,12
2020-06-20,US,Oregon,Lake,6,0,0,42.79246693,-120.3850163,41037.0,76.24857033930614,0.0,6,6,0,0,6,6,7879,0,0,0,0,0
2020-06-20,US,Oregon,Lane,93,3,0,43.93727035,-122.847753,41039.0,24.341280456045666,3.2258064516129035,90,93,3,0,90,90,379611,0,0,0,0,3
2020-06-20,US,Oregon,Lincoln,261,0,0,44.64252874,-123.869912,41041.0,522.3970217365197,0.0,261,261,0,0,261,230,49388,0,0,0,0,31
2020-06-20,US,Oregon,Linn,127,9,0,44.48899494,-122.5373154,41043.0,97.88129388280448,7.086614173228346,118,127,9,0,118,126,127335,0,0,0,0,1
2020-06-20,US,Oregon,Malheur,43,1,0,43.1937027,-117.6227395,41045.0,140.65617742304798,2.3255813953488373,42,43,1,0,42,42,30725,0,0,0,0,1
2020-06-20,US,Oregon,Marion,1264,34,0,44.90287942,-122.5815117,41047.0,363.408449246445,2.6898734177215187,1230,1264,34,0,1230,1244,346868,0,0,0,0,20
2020-06-20,US,Oregon,Morrow,27,0,0,45.41846568,-119.584546,41049.0,232.69844005860557,0.0,27,27,0,0,27,22,11372,0,0,0,0,5
2020-06-20,US,Oregon,Multnomah,1714,68,0,45.54747959,-122.4169351,41051.0,210.86171580417167,3.9673278879813294,1646,1714,68,0,1646,1665,811880,0,0,0,0,49
2020-06-20,US,Oregon,Polk,131,12,0,44.90322804,-123.4128888,41053.0,152.17517569843758,9.16030534351145,119,131,12,0,119,131,85234,0,0,0,0,0
2020-06-20,US,Oregon,Sherman,1,0,0,45.41501554,-120.6827834,41055.0,56.179775280898866,0.0,1,1,0,0,1,1,1708,0,0,0,0,0
2020-06-20,US,Oregon,Tillamook,6,0,0,45.46248721,-123.712066,41057.0,22.192632046160675,0.0,6,6,0,0,6,6,26787,0,0,0,0,0
2020-06-20,US,Oregon,Umatilla,230,4,0,45.59073056,-118.7353826,41059.0,295.060936497755,1.7391304347826086,226,230,4,0,226,206,77516,0,0,0,0,24
2020-06-20,US,Oregon,Union,253,0,0,45.30915495,-118.0068979,41061.0,942.7985839388858,0.0,253,253,0,0,253,247,26461,0,0,0,0,6
2020-06-20,US,Oregon,Wallowa,5,0,0,45.57894064,-117.18353799999998,41063.0,69.36736958934517,0.0,5,5,0,0,5,4,7081,0,0,0,0,1
2020-06-20,US,Oregon,Wasco,42,1,0,45.16292781,-121.1670954,41065.0,157.40948954351248,2.380952380952381,41,42,1,0,41,42,26505,0,0,0,0,0
2020-06-20,US,Oregon,Washington,992,20,0,45.55972701,-123.0955257,41067.0,164.8958097847046,2.0161290322580645,972,992,20,0,972,975,597695,0,0,0,0,17
2020-06-20,US,Oregon,Yamhill,97,8,0,45.23330449,-123.3086963,41071.0,90.56956115779646,8.24742268041237,89,97,8,0,89,97,107002,0,0,0,0,0
2020-06-20,US,Pennsylvania,Adams,311,11,0,39.87140411,-77.21610347,42001.0,301.91536661845083,3.536977491961415,300,309,11,0,298,304,102811,2,0,0,2,5
2020-06-20,US,Pennsylvania,Allegheny,2159,179,0,40.46809875,-79.98167747,42003.0,177.54277185465995,8.290875405280223,1980,2139,178,0,1961,2122,1218452,20,1,0,19,17
2020-06-20,US,Pennsylvania,Armstrong,69,6,0,40.81665618,-79.46290811,42005.0,106.58839885687806,8.695652173913043,63,69,6,0,63,68,65263,0,0,0,0,1
2020-06-20,US,Pennsylvania,Beaver,621,77,0,40.6825484,-80.34921611,42007.0,378.82253902604174,12.399355877616749,544,619,77,0,542,616,164742,2,0,0,2,3
2020-06-20,US,Pennsylvania,Bedford,65,2,0,40.00522157,-78.48998442,42009.0,135.73337788172398,3.0769230769230766,63,63,2,0,61,61,48176,2,0,0,2,2
2020-06-20,US,Pennsylvania,Berks,4388,344,0,40.41570541,-75.92457766,42011.0,1041.8744242147952,7.839562443026437,4044,4374,343,0,4031,4359,420152,14,1,0,13,15
2020-06-20,US,Pennsylvania,Blair,58,1,0,40.47961444,-78.34917412,42013.0,47.60771244941681,1.7241379310344829,57,56,1,0,55,55,122492,2,0,0,2,1
2020-06-20,US,Pennsylvania,Bradford,49,3,0,41.78869215,-76.51570822,42015.0,81.22938182782687,6.1224489795918355,46,49,3,0,46,49,60833,0,0,0,0,0
2020-06-20,US,Pennsylvania,Bucks,5535,552,0,40.33682119,-75.10836643,42017.0,880.9906568831873,9.97289972899729,4983,5510,551,0,4959,5498,628195,25,1,0,24,12
2020-06-20,US,Pennsylvania,Butler,263,13,0,40.91152759,-79.91351055,42019.0,140.00308752056128,4.942965779467682,250,263,13,0,250,263,187888,0,0,0,0,0
2020-06-20,US,Pennsylvania,Cambria,61,3,0,40.49527404,-78.71377428,42021.0,46.85387735037483,4.918032786885246,58,62,3,0,59,61,131730,-1,0,0,-1,1
2020-06-20,US,Pennsylvania,Cameron,2,0,0,41.43625568,-78.20376845,42023.0,44.974139869575005,0.0,2,2,0,0,2,2,4492,0,0,0,0,0
2020-06-20,US,Pennsylvania,Carbon,267,24,0,40.91545395,-75.7068525,42025.0,416.00448723941287,8.98876404494382,243,264,24,0,240,262,64227,3,0,0,3,2
2020-06-20,US,Pennsylvania,Centre,180,6,0,40.92058903,-77.82200624,42027.0,110.84767681744005,3.333333333333333,174,176,6,0,170,172,162805,4,0,0,4,4
2020-06-20,US,Pennsylvania,Chester,3457,315,0,39.97291773,-75.74768357,42029.0,658.4899874092599,9.11194677466011,3142,3437,313,0,3124,3397,522046,20,2,0,18,40
2020-06-20,US,Pennsylvania,Clarion,31,2,0,41.19265812,-79.42413524,42031.0,80.64935740673292,6.451612903225807,29,31,2,0,29,31,38779,0,0,0,0,0
2020-06-20,US,Pennsylvania,Clearfield,66,0,0,41.00110782,-78.47592663,42033.0,83.27550312283137,0.0,66,63,0,0,63,61,79388,3,0,0,3,2
2020-06-20,US,Pennsylvania,Clinton,70,3,0,41.23255967,-77.63785995,42035.0,181.1969351832677,4.285714285714286,67,67,3,0,64,65,38684,3,0,0,3,2
2020-06-20,US,Pennsylvania,Columbia,391,33,0,41.04821986,-76.40565017,42037.0,601.8718059232806,8.439897698209718,358,390,33,0,357,389,65456,1,0,0,1,1
2020-06-20,US,Pennsylvania,Crawford,40,0,0,41.68447709,-80.10760592,42039.0,47.26512188493306,0.0,40,38,0,0,38,35,85063,2,0,0,2,3
2020-06-20,US,Pennsylvania,Cumberland,774,61,0,40.1625372,-77.26130755,42041.0,305.4821012748155,7.881136950904392,713,768,61,0,707,758,251423,6,0,0,6,10
2020-06-20,US,Pennsylvania,Dauphin,1745,120,0,40.41377078,-76.77993242,42043.0,627.0234531924298,6.876790830945557,1625,1725,118,0,1607,1708,277097,20,2,0,18,17
2020-06-20,US,Pennsylvania,Delaware,7023,635,0,39.91680171,-75.40243663,42045.0,1239.1772695753132,9.041720062651287,6388,7003,634,0,6369,6981,564751,20,1,0,19,22
2020-06-20,US,Pennsylvania,Elk,8,0,0,41.42822061,-78.64524744,42047.0,26.746907388833165,0.0,8,8,0,0,8,6,30169,0,0,0,0,2
2020-06-20,US,Pennsylvania,Erie,524,9,0,41.99253829,-80.03301954,42049.0,194.2697828923953,1.717557251908397,515,515,9,0,506,497,272061,9,0,0,9,18
2020-06-20,US,Pennsylvania,Fayette,103,4,0,39.92041012,-79.64291195,42051.0,79.67572752448288,3.8834951456310685,99,103,4,0,99,100,130441,0,0,0,0,3
2020-06-20,US,Pennsylvania,Forest,7,0,0,41.51095103,-79.23229292,42053.0,96.59169311439214,0.0,7,7,0,0,7,7,7279,0,0,0,0,0
2020-06-20,US,Pennsylvania,Franklin,876,42,0,39.92956518,-77.72157791,42055.0,565.0628600179324,4.794520547945205,834,872,42,0,830,855,154835,4,0,0,4,17
2020-06-20,US,Pennsylvania,Fulton,18,1,0,39.92913544,-78.11163677,42057.0,123.88162422573986,5.5555555555555545,17,17,1,0,16,17,14523,1,0,0,1,0
2020-06-20,US,Pennsylvania,Greene,33,0,0,39.85746531,-80.22357106,42059.0,91.07719482239948,0.0,33,30,0,0,30,30,36506,3,0,0,3,0
2020-06-20,US,Pennsylvania,Huntingdon,240,4,0,40.42162652,-77.97673273,42061.0,531.632110579479,1.6666666666666667,236,240,4,0,236,239,45168,0,0,0,0,1
2020-06-20,US,Pennsylvania,Indiana,98,5,0,40.65241041,-79.08963285,42063.0,116.56536581304344,5.1020408163265305,93,98,5,0,93,97,84501,0,0,0,0,1
2020-06-20,US,Pennsylvania,Jefferson,20,1,0,41.12913106,-78.9986361,42065.0,46.056419113413924,5.0,19,20,1,0,19,20,43641,0,0,0,0,0
2020-06-20,US,Pennsylvania,Juniata,109,5,0,40.53358749,-77.39975129999998,42067.0,440.172838509066,4.587155963302751,104,109,5,0,104,109,24704,0,0,0,0,0
2020-06-20,US,Pennsylvania,Lackawanna,1622,200,0,41.43564672,-75.60379201,42069.0,773.5818461039519,12.330456226880395,1422,1617,200,0,1417,1611,210793,5,0,0,5,6
2020-06-20,US,Pennsylvania,Lancaster,3949,346,0,40.03904563,-76.24770128,42071.0,723.6258621574277,8.761711825778677,3603,3911,344,0,3567,3867,543557,38,2,0,36,44
2020-06-20,US,Pennsylvania,Lawrence,90,9,0,40.99206278,-80.33393706,42073.0,105.24838619141173,10.0,81,90,9,0,81,89,86184,0,0,0,0,1
2020-06-20,US,Pennsylvania,Lebanon,1240,40,0,40.36680311,-76.45651841,42075.0,874.5142566981443,3.2258064516129035,1200,1226,40,0,1186,1210,141314,14,0,0,14,16
2020-06-20,US,Pennsylvania,Lehigh,4072,278,0,40.6154815,-75.59435245,42077.0,1102.5728504974034,6.827111984282907,3794,4024,277,0,3747,3997,368100,48,1,0,47,27
2020-06-20,US,Pennsylvania,Luzerne,2861,170,0,41.17823008,-75.98447579,42079.0,901.3379875684036,5.941978329255504,2691,2850,170,0,2680,2845,317646,11,0,0,11,5
2020-06-20,US,Pennsylvania,Lycoming,172,19,0,41.34310539,-77.06629984,42081.0,151.81069559307673,11.046511627906975,153,172,19,0,153,172,113664,0,0,0,0,0
2020-06-20,US,Pennsylvania,McKean,13,1,0,41.80938602,-78.56478358,42083.0,32.0,7.6923076923076925,12,13,1,0,12,13,40968,0,0,0,0,0
2020-06-20,US,Pennsylvania,Mercer,118,6,0,41.30248872,-80.25816981,42085.0,107.83740312911243,5.084745762711863,112,118,6,0,112,118,110683,0,0,0,0,0
2020-06-20,US,Pennsylvania,Mifflin,61,1,0,40.61116939,-77.61070738,42087.0,132.21205947375265,1.639344262295082,60,61,1,0,60,61,46222,0,0,0,0,0
2020-06-20,US,Pennsylvania,Monroe,1370,107,0,41.05934058,-75.34031025,42089.0,804.5997263186333,7.8102189781021885,1263,1366,106,0,1260,1363,169507,4,1,0,3,3
2020-06-20,US,Pennsylvania,Montgomery,8076,783,0,40.21053671,-75.36652296,42091.0,971.940571538605,9.695393759286775,7293,8046,780,0,7266,8014,828604,30,3,0,27,32
2020-06-20,US,Pennsylvania,Montour,68,0,0,41.03023987,-76.66345939,42093.0,373.0115194733955,0.0,68,68,0,0,68,68,18240,0,0,0,0,0
2020-06-20,US,Pennsylvania,Northampton,3304,252,0,40.75182733,-75.30471829,42095.0,1082.2673894885108,7.627118644067798,3052,3284,250,0,3034,3270,304807,20,2,0,18,14
2020-06-20,US,Pennsylvania,Northumberland,256,4,0,40.84785433,-76.70798222,42097.0,281.80487214204726,1.5625,252,254,4,0,250,252,91083,2,0,0,2,2
2020-06-20,US,Pennsylvania,Perry,82,5,0,40.40206612,-77.26297447,42099.0,177.21300138312589,6.097560975609755,77,79,5,0,74,77,46139,3,0,0,3,2
2020-06-20,US,Pennsylvania,Philadelphia,24841,1552,0,40.00338507,-75.1379271,42101.0,1568.1815886226818,6.247735598405862,23289,24841,1550,0,23291,24723,1584138,0,2,0,-2,118
2020-06-20,US,Pennsylvania,Pike,487,20,0,41.33155042,-75.03208106,42103.0,872.6191116128223,4.106776180698152,467,487,20,0,467,487,55933,0,0,0,0,0
2020-06-20,US,Pennsylvania,Potter,13,0,0,41.74471626,-77.89559864,42105.0,78.66392351446206,0.0,13,13,0,0,13,13,16622,0,0,0,0,0
2020-06-20,US,Pennsylvania,Schuylkill,713,43,0,40.70497338,-76.2150785,42107.0,504.3895330329162,6.03085553997195,670,703,43,0,660,702,142067,10,0,0,10,1
2020-06-20,US,Pennsylvania,Snyder,61,1,0,40.77129231,-77.06840691,42109.0,151.09481819082532,1.639344262295082,60,61,1,0,60,61,40540,0,0,0,0,0
2020-06-20,US,Pennsylvania,Somerset,47,1,0,39.97172723,-79.02699593,42111.0,63.9917219219301,2.127659574468085,46,46,1,0,45,42,73952,1,0,0,1,4
2020-06-20,US,Pennsylvania,Sullivan,3,0,0,41.44634738,-76.51246591,42113.0,49.455984174085074,0.0,3,3,0,0,3,3,6071,0,0,0,0,0
2020-06-20,US,Pennsylvania,Susquehanna,178,20,0,41.82147784,-75.80071959,42115.0,441.3806784368182,11.235955056179776,158,178,20,0,158,173,40589,0,0,0,0,5
2020-06-20,US,Pennsylvania,Tioga,20,2,0,41.77255149,-77.25433032,42117.0,49.27200610972876,10.0,18,20,2,0,18,20,40763,0,0,0,0,0
2020-06-20,US,Pennsylvania,Union,85,2,0,40.96188846,-77.05996014,42119.0,189.21265276139167,2.3529411764705883,83,84,2,0,82,83,44785,1,0,0,1,1
2020-06-20,US,Pennsylvania,Venango,17,0,0,41.40323442,-79.75845449,42121.0,33.55174863819373,0.0,17,17,0,0,17,17,51266,0,0,0,0,0
2020-06-20,US,Pennsylvania,Warren,5,0,0,41.81304978,-79.26969577,42123.0,12.758031180628205,0.0,5,5,0,0,5,5,39498,0,0,0,0,0
2020-06-20,US,Pennsylvania,Washington,165,6,0,40.19208869,-80.24582867,42125.0,79.76216372996882,3.636363636363636,159,162,6,0,156,158,207346,3,0,0,3,4
2020-06-20,US,Pennsylvania,Wayne,130,9,0,41.64938475,-75.29956506,42127.0,253.1103366367477,6.9230769230769225,121,129,9,0,120,128,51276,1,0,0,1,1
2020-06-20,US,Pennsylvania,Westmoreland,519,38,0,40.31377979999999,-79.46615476,42129.0,148.75365076999358,7.321772639691715,481,510,38,0,472,502,350611,9,0,0,9,8
2020-06-20,US,Pennsylvania,Wyoming,36,7,0,41.51955538,-76.01074915,42131.0,134.35843845637086,19.444444444444443,29,36,7,0,29,36,27046,0,0,0,0,0
2020-06-20,US,Pennsylvania,York,1255,36,0,39.9210089,-76.73040131,42133.0,279.473920963439,2.8685258964143427,1219,1229,35,0,1194,1209,448273,26,1,0,25,20
2020-06-20,US,Rhode Island,Bristol,240,0,0,41.71018079,-71.28652315,44001.0,495.05971657831225,0.0,240,240,0,0,240,240,48649,0,0,0,0,0
2020-06-20,US,Rhode Island,Kent,1128,0,0,41.67106337,-71.57641596,44003.0,686.5824264115113,0.0,1128,1128,0,0,1128,1128,163861,0,0,0,0,0
2020-06-20,US,Rhode Island,Newport,277,0,0,41.5642026,-71.26569799,44005.0,337.4674106381423,0.0,277,277,0,0,277,277,82542,0,0,0,0,0
2020-06-20,US,Rhode Island,Providence,12363,0,0,41.87064746,-71.57753536,44007.0,1934.9507223784728,0.0,12363,12363,0,0,12363,12363,636084,0,0,0,0,0
2020-06-20,US,Rhode Island,Unassigned,1813,894,0,0.0,0.0,90044.0,0.0,49.31053502482074,919,1813,894,0,919,1745,,0,0,0,0,68
2020-06-20,US,Rhode Island,Washington,516,0,0,41.45961631,-71.61435303,44009.0,410.90327050335645,0.0,516,516,0,0,516,516,126179,0,0,0,0,0
2020-06-20,US,South Carolina,Abbeville,86,0,0,34.22333378,-82.46170658,45001.0,350.63399518897535,0.0,86,73,0,0,73,73,24541,13,0,0,13,0
2020-06-20,US,South Carolina,Aiken,267,9,0,33.54338026,-81.63645384,45003.0,156.25731541738844,3.3707865168539324,258,261,9,0,252,256,169401,6,0,0,6,5
2020-06-20,US,South Carolina,Allendale,45,3,0,32.98837386,-81.35321066,45005.0,517.9558011049724,6.666666666666668,42,45,3,0,42,41,8903,0,0,0,0,4
2020-06-20,US,South Carolina,Anderson,423,10,0,34.51828081,-82.63959517,45007.0,208.82907611647036,2.364066193853428,413,400,10,0,390,375,200482,23,0,0,23,25
2020-06-20,US,South Carolina,Bamberg,60,0,0,33.21927586,-81.05659969,45009.0,426.5605004976539,0.0,60,54,0,0,54,53,14275,6,0,0,6,1
2020-06-20,US,South Carolina,Barnwell,59,1,0,33.26679302,-81.43584352,45011.0,282.75663759225534,1.6949152542372878,58,57,1,0,56,56,21112,2,0,0,2,1
2020-06-20,US,South Carolina,Beaufort,816,15,0,32.39226291,-80.72619758,45013.0,424.7301194032958,1.8382352941176472,801,760,15,0,745,721,188715,56,0,0,56,39
2020-06-20,US,South Carolina,Berkeley,563,20,0,33.20222596,-79.94654523,45015.0,247.0305870376952,3.5523978685612785,543,515,20,0,495,458,221091,48,0,0,48,57
2020-06-20,US,South Carolina,Calhoun,62,1,0,33.66926881,-80.77722168,45017.0,426.0289974575689,1.6129032258064515,61,58,1,0,57,48,14520,4,0,0,4,10
2020-06-20,US,South Carolina,Charleston,1728,19,0,32.82487866,-79.96512315,45019.0,420.0230429308274,1.0995370370370372,1709,1554,19,0,1535,1403,405905,174,0,0,174,151
2020-06-20,US,South Carolina,Cherokee,103,6,0,35.05122251,-81.61828622,45021.0,179.75567190226874,5.825242718446603,97,99,6,0,93,97,57078,4,0,0,4,2
2020-06-20,US,South Carolina,Chester,134,1,0,34.69249168,-81.1583216,45023.0,415.58119340032255,0.746268656716418,133,131,1,0,130,127,32251,3,0,0,3,4
2020-06-20,US,South Carolina,Chesterfield,309,9,0,34.64137396,-80.15640140000002,45025.0,676.8893756845564,2.9126213592233015,300,306,9,0,297,300,45754,3,0,0,3,6
2020-06-20,US,South Carolina,Clarendon,357,41,0,33.66610974,-80.21647898,45027.0,1057.9345088161208,11.484593837535016,316,349,41,0,308,346,33700,8,0,0,8,3
2020-06-20,US,South Carolina,Colleton,234,19,0,32.87582989,-80.67641292,45029.0,621.0685564137273,8.11965811965812,215,217,19,0,198,214,37660,17,0,0,17,3
2020-06-20,US,South Carolina,Darlington,373,13,0,34.33358335,-79.96027485,45031.0,559.908733375364,3.4852546916890086,360,371,13,0,358,366,66802,2,0,0,2,5
2020-06-20,US,South Carolina,Dillon,223,5,0,34.39007791,-79.37741872,45033.0,731.6513008956987,2.242152466367713,218,219,5,0,214,217,30599,4,0,0,4,2
2020-06-20,US,South Carolina,Dorchester,353,3,0,33.0794369,-80.40502652,45035.0,216.81848055082952,0.8498583569405099,350,323,3,0,320,307,160647,30,0,0,30,16
2020-06-20,US,South Carolina,Edgefield,65,2,0,33.77221995,-81.96231108,45037.0,238.44460748349232,3.0769230769230766,63,63,2,0,61,61,27052,2,0,0,2,2
2020-06-20,US,South Carolina,Fairfield,253,20,0,34.39287073,-81.1195624,45039.0,1132.1430169597709,7.905138339920947,233,246,20,0,226,238,22402,7,0,0,7,8
2020-06-20,US,South Carolina,Florence,901,45,0,34.02361754,-79.70189312,45041.0,651.515261076121,4.994450610432851,856,878,44,0,834,871,138159,23,1,0,22,7
2020-06-20,US,South Carolina,Georgetown,240,3,0,33.43443342,-79.33202141,45043.0,382.89725590299935,1.25,237,227,3,0,224,233,62249,13,0,0,13,-6
2020-06-20,US,South Carolina,Greenville,3536,73,0,34.89502264,-82.37295012,45045.0,675.3994903942759,2.06447963800905,3463,3413,73,0,3340,3306,514213,123,0,0,123,107
2020-06-20,US,South Carolina,Greenwood,353,5,0,34.15272415,-82.12715789,45047.0,498.5101184844162,1.4164305949008498,348,345,5,0,340,322,70741,8,0,0,8,23
2020-06-20,US,South Carolina,Hampton,54,1,0,32.77419582,-81.13845571,45049.0,280.92810321506613,1.851851851851852,53,53,1,0,52,50,19351,1,0,0,1,3
2020-06-20,US,South Carolina,Horry,1818,39,0,33.9212828,-78.99555293,45051.0,513.4418395790793,2.145214521452145,1779,1697,39,0,1658,1560,344147,121,0,0,121,137
2020-06-20,US,South Carolina,Jasper,72,3,0,32.43171982,-81.02487495,45053.0,239.4174176171316,4.166666666666667,69,67,3,0,64,65,28971,5,0,0,5,2
2020-06-20,US,South Carolina,Kershaw,519,16,0,34.33988254,-80.58763164,45055.0,779.8530450331325,3.0828516377649327,503,502,16,0,486,485,65592,17,0,0,17,17
2020-06-20,US,South Carolina,Lancaster,313,10,0,34.68270843,-80.70513032,45057.0,319.3486511855691,3.194888178913738,303,298,10,0,288,277,95380,15,0,0,15,21
2020-06-20,US,South Carolina,Laurens,219,4,0,34.48244419,-82.00490796,45059.0,324.4780940245655,1.8264840182648399,215,202,4,0,198,189,66994,17,0,0,17,13
2020-06-20,US,South Carolina,Lee,251,20,0,34.16393091,-80.25690731,45061.0,1491.5616829094367,7.968127490039841,231,246,19,0,227,245,17142,5,1,0,4,1
2020-06-20,US,South Carolina,Lexington,1451,42,0,33.89665987,-81.27146426,45063.0,485.6903765690377,2.894555478980014,1409,1377,42,0,1335,1298,295032,74,0,0,74,79
2020-06-20,US,South Carolina,Marion,141,5,0,34.07859748,-79.36400756,45067.0,459.9275858694588,3.5460992907801416,136,122,5,0,117,118,31039,19,0,0,19,4
2020-06-20,US,South Carolina,Marlboro,261,3,0,34.59905577,-79.67561152,45069.0,999.3108201240524,1.1494252873563218,258,253,3,0,250,245,26398,8,0,0,8,8
2020-06-20,US,South Carolina,McCormick,11,1,0,33.90161443,-82.30794338,45065.0,116.24220648842864,9.090909090909092,10,11,1,0,10,11,9410,0,0,0,0,0
2020-06-20,US,South Carolina,Newberry,125,3,0,34.28629098,-81.59935761,45071.0,325.1821019771072,2.4,122,117,3,0,114,116,38520,8,0,0,8,1
2020-06-20,US,South Carolina,Oconee,110,1,0,34.75225169,-83.06742317,45073.0,138.28476604731853,0.9090909090909092,109,105,0,0,105,100,78374,5,1,0,4,5
2020-06-20,US,South Carolina,Orangeburg,471,8,0,33.4391073,-80.79886287,45075.0,546.562228024369,1.6985138004246283,463,457,8,0,449,430,86934,14,0,0,14,27
2020-06-20,US,South Carolina,Pickens,464,4,0,34.88807695,-82.72791551,45077.0,365.68834526023767,0.8620689655172413,460,429,4,0,425,367,124937,35,0,0,35,62
2020-06-20,US,South Carolina,Richland,2629,76,0,34.01791263,-80.90267209,45079.0,632.3374839750912,2.8908330163560287,2553,2531,74,0,2457,2446,414576,98,2,0,96,85
2020-06-20,US,South Carolina,Saluda,180,1,0,34.00795823,-81.72713237,45081.0,879.206760123089,0.5555555555555556,179,179,1,0,178,174,20544,1,0,0,1,5
2020-06-20,US,South Carolina,Spartanburg,1183,38,0,34.92960077,-81.99225984,45083.0,369.93605078412065,3.212172442941674,1145,1146,38,0,1108,1088,313888,37,0,0,37,58
2020-06-20,US,South Carolina,Sumter,776,20,0,33.91826534,-80.37942316,45085.0,727.1296183506528,2.5773195876288657,756,736,20,0,716,690,106512,40,0,0,40,46
2020-06-20,US,South Carolina,Union,54,0,0,34.68835752,-81.61730349,45087.0,197.68633767755156,0.0,54,54,0,0,54,53,27410,0,0,0,0,1
2020-06-20,US,South Carolina,Williamsburg,329,15,0,33.62190129,-79.72767442,45089.0,1083.377239199157,4.5592705167173255,314,322,15,0,307,309,30606,7,0,0,7,13
2020-06-20,US,South Carolina,York,782,11,0,34.97281497,-81.18085944,45091.0,278.3126141099513,1.4066496163682864,771,740,11,0,729,728,274118,42,0,0,42,12
2020-06-20,US,South Dakota,Aurora,34,0,0,43.71757685,-98.56050467,46003.0,1235.9142130134496,0.0,34,34,0,0,34,33,2801,0,0,0,0,1
2020-06-20,US,South Dakota,Beadle,481,6,0,44.41464384,-98.27858469,46005.0,2606.622229447786,1.2474012474012477,475,476,6,0,470,472,18883,5,0,0,5,4
2020-06-20,US,South Dakota,Bennett,2,0,0,43.19486375,-101.6665572,46007.0,59.43536404160476,0.0,2,2,0,0,2,2,3468,0,0,0,0,0
2020-06-20,US,South Dakota,Bon Homme,11,0,0,42.98914167,-97.88592746,46009.0,159.39718881321548,0.0,11,11,0,0,11,11,6980,0,0,0,0,0
2020-06-20,US,South Dakota,Brookings,48,0,0,44.36974375,-96.79079945,46011.0,136.84180517147988,0.0,48,47,0,0,47,46,35232,1,0,0,1,1
2020-06-20,US,South Dakota,Brown,323,2,0,45.58994323,-98.35165355,46013.0,831.6383017070469,0.6191950464396285,321,321,2,0,319,319,39316,2,0,0,2,2
2020-06-20,US,South Dakota,Brule,15,0,0,43.71756379,-99.08118954,46015.0,283.1791580139701,0.0,15,15,0,0,15,13,5229,0,0,0,0,2
2020-06-20,US,South Dakota,Buffalo,66,0,0,44.07657829,-99.20814467,46017.0,3363.9143730886854,0.0,66,58,0,0,58,58,2036,8,0,0,8,0
2020-06-20,US,South Dakota,Charles Mix,47,0,0,43.20660134,-98.58856175,46023.0,505.8114507102884,0.0,47,45,0,0,45,41,9338,2,0,0,2,4
2020-06-20,US,South Dakota,Clark,11,0,0,44.85834507,-97.72925109,46025.0,294.4325481798715,0.0,11,11,0,0,11,11,3739,0,0,0,0,0
2020-06-20,US,South Dakota,Clay,73,0,0,42.91296147,-96.97656917,46027.0,518.8343994314143,0.0,73,70,0,0,70,70,14041,3,0,0,3,0
2020-06-20,US,South Dakota,Codington,49,0,0,44.97788119,-97.18827677,46029.0,174.94376807454745,0.0,49,47,0,0,47,47,28015,2,0,0,2,0
2020-06-20,US,South Dakota,Corson,15,0,0,45.70889983,-101.1970473,46031.0,367.1071953010279,0.0,15,13,0,0,13,12,4165,2,0,0,2,1
2020-06-20,US,South Dakota,Custer,6,0,0,43.67741105,-103.4534521,46033.0,66.87472135532768,0.0,6,3,0,0,3,2,8726,3,0,0,3,1
2020-06-20,US,South Dakota,Davison,34,0,0,43.67490933,-98.14458906,46035.0,171.93426042983566,0.0,34,33,0,0,33,33,19790,1,0,0,1,0
2020-06-20,US,South Dakota,Day,13,0,0,45.367281,-97.60737498,46037.0,239.6755162241888,0.0,13,13,0,0,13,13,5505,0,0,0,0,0
2020-06-20,US,South Dakota,Deuel,1,0,0,44.75994309,-96.66943645,46039.0,22.983222247759137,0.0,1,1,0,0,1,1,4337,0,0,0,0,0
2020-06-20,US,South Dakota,Dewey,4,0,0,45.15639647,-100.8709139,46041.0,67.88866259334691,0.0,4,4,0,0,4,4,5904,0,0,0,0,0
2020-06-20,US,South Dakota,Douglas,4,0,0,43.38520741,-98.36978007,46043.0,136.93940431359124,0.0,4,4,0,0,4,4,2935,0,0,0,0,0
2020-06-20,US,South Dakota,Edmunds,4,0,0,45.41846445,-99.21545423,46045.0,104.46591799425435,0.0,4,4,0,0,4,4,3875,0,0,0,0,0
2020-06-20,US,South Dakota,Fall River,6,0,0,43.23929297,-103.5275691,46047.0,89.37881722031878,0.0,6,6,0,0,6,6,6758,0,0,0,0,0
2020-06-20,US,South Dakota,Faulk,21,0,0,45.07082625,-99.14535601,46049.0,913.4406263592866,0.0,21,21,0,0,21,21,2330,0,0,0,0,0
2020-06-20,US,South Dakota,Grant,13,0,0,45.1723937,-96.77002276,46051.0,184.344866704481,0.0,13,13,0,0,13,13,7147,0,0,0,0,0
2020-06-20,US,South Dakota,Gregory,1,0,0,43.19419064,-99.18883902,46053.0,23.894862604540023,0.0,1,1,0,0,1,1,4212,0,0,0,0,0
2020-06-20,US,South Dakota,Hamlin,10,0,0,44.67385954,-97.18829593,46057.0,162.23231667748215,0.0,10,10,0,0,10,10,6111,0,0,0,0,0
2020-06-20,US,South Dakota,Hand,7,0,0,44.54708407,-99.00386459,46059.0,219.3669696020056,0.0,7,6,0,0,6,6,3262,1,0,0,1,0
2020-06-20,US,South Dakota,Hanson,3,0,0,43.6746384,-97.78715148,46061.0,86.88097306689835,0.0,3,3,0,0,3,3,3376,0,0,0,0,0
2020-06-20,US,South Dakota,Hughes,31,0,0,44.39091534,-99.99661148,46065.0,176.88006390505538,0.0,31,29,0,0,29,27,17650,2,0,0,2,2
2020-06-20,US,South Dakota,Hutchinson,10,0,0,43.33449012,-97.75536441,46067.0,137.1553970648745,0.0,10,10,0,0,10,10,7380,0,0,0,0,0
2020-06-20,US,South Dakota,Hyde,3,0,0,44.54747703,-99.48572582,46069.0,230.59185242121444,0.0,3,3,0,0,3,3,1282,0,0,0,0,0
2020-06-20,US,South Dakota,Jackson,6,1,0,43.69318385,-101.6255063,46071.0,179.42583732057415,16.666666666666668,5,6,1,0,5,6,3307,0,0,0,0,0
2020-06-20,US,South Dakota,Jerauld,39,1,0,44.06637798,-98.62965972,46073.0,1937.4068554396426,2.5641025641025643,38,39,1,0,38,40,2043,0,0,0,0,-1
2020-06-20,US,South Dakota,Kingsbury,4,0,0,44.36956169,-97.4913945,46077.0,80.98805426199634,0.0,4,3,0,0,3,3,4919,1,0,0,1,0
2020-06-20,US,South Dakota,Lake,17,1,0,44.02193107,-97.12926365,46079.0,132.84363522700633,5.882352941176472,16,17,1,0,16,17,13057,0,0,0,0,0
2020-06-20,US,South Dakota,Lawrence,16,0,0,44.35919441,-103.7929428,46081.0,61.90992106485064,0.0,16,16,0,0,16,15,25741,0,0,0,0,1
2020-06-20,US,South Dakota,Lincoln,317,1,0,43.27841182,-96.7203905,46083.0,518.5839549797147,0.3154574132492113,316,278,1,0,277,275,58807,39,0,0,39,3
2020-06-20,US,South Dakota,Lyman,46,0,0,43.89522709,-99.85201878,46085.0,1216.609362602486,0.0,46,44,0,0,44,40,3821,2,0,0,2,4
2020-06-20,US,South Dakota,Marshall,5,0,0,45.75870838,-97.59855639,46091.0,101.31712259371834,0.0,5,5,0,0,5,5,5112,0,0,0,0,0
2020-06-20,US,South Dakota,McCook,8,1,0,43.6742571,-97.36863144,46087.0,143.21518080916576,12.5,7,8,1,0,7,8,5546,0,0,0,0,0
2020-06-20,US,South Dakota,McPherson,3,0,0,45.76626028,-99.22118798,46089.0,126.10340479192938,0.0,3,3,0,0,3,3,2407,0,0,0,0,0
2020-06-20,US,South Dakota,Meade,42,1,0,44.56676791,-102.7162741,46093.0,148.24227022448116,2.380952380952381,41,41,1,0,40,40,28294,1,0,0,1,1
2020-06-20,US,South Dakota,Mellette,2,0,0,43.58078848,-100.7563186,46095.0,97.0402717127608,0.0,2,2,0,0,2,2,2042,0,0,0,0,0
2020-06-20,US,South Dakota,Miner,5,0,0,44.02197882,-97.60992207,46097.0,225.6317689530686,0.0,5,4,0,0,4,3,2213,1,0,0,1,1
2020-06-20,US,South Dakota,Minnehaha,3503,54,0,43.67441641,-96.7910885,46099.0,1813.766607640291,1.5415358264344847,3449,3526,54,0,3472,3513,192876,-23,0,0,-23,13
2020-06-20,US,South Dakota,Moody,21,0,0,44.02266214,-96.67081159,46101.0,319.3430656934307,0.0,21,21,0,0,21,20,6579,0,0,0,0,1
2020-06-20,US,South Dakota,Oglala Lakota,54,0,0,43.33749164,-102.5555498,46102.0,380.8986386400508,0.0,54,53,0,0,53,54,14309,1,0,0,1,-1
2020-06-20,US,South Dakota,Pennington,446,11,0,44.0025835,-102.8240777,46103.0,392.00175785541643,2.4663677130044843,435,437,11,0,426,430,111729,9,0,0,9,7
2020-06-20,US,South Dakota,Roberts,40,0,0,45.62975048,-96.94672673,46109.0,384.83740619588224,0.0,40,40,0,0,40,40,10447,0,0,0,0,0
2020-06-20,US,South Dakota,Sanborn,12,0,0,44.02351092,-98.0909816,46111.0,511.9453924914676,0.0,12,12,0,0,12,13,2429,0,0,0,0,-1
2020-06-20,US,South Dakota,Spink,6,0,0,44.93837606,-98.34626602,46115.0,94.10288582183188,0.0,6,6,0,0,6,5,6495,0,0,0,0,1
2020-06-20,US,South Dakota,Stanley,12,0,0,44.41381872,-100.7349153,46117.0,387.34667527437057,0.0,12,11,0,0,11,11,3022,1,0,0,1,0
2020-06-20,US,South Dakota,Sully,1,0,0,44.71571812,-100.1278092,46119.0,71.89072609633357,0.0,1,1,0,0,1,1,1392,0,0,0,0,0
2020-06-20,US,South Dakota,Todd,50,1,0,43.19338568,-100.7195503,46121.0,491.3039206052864,2.0,49,50,1,0,49,50,10283,0,0,0,0,0
2020-06-20,US,South Dakota,Tripp,9,0,0,43.34459388,-99.8854891,46123.0,165.4107700790296,0.0,9,9,0,0,9,9,5478,0,0,0,0,0
2020-06-20,US,South Dakota,Turner,25,0,0,43.3109081,-97.14865776,46125.0,298.18702290076334,0.0,25,25,0,0,25,25,8424,0,0,0,0,0
2020-06-20,US,South Dakota,Union,116,1,0,42.83112163,-96.6557828,46127.0,728.0944012051218,0.8620689655172413,115,114,1,0,113,113,15619,2,0,0,2,1
2020-06-20,US,South Dakota,Walworth,7,0,0,45.43019636,-100.0307514,46129.0,128.79484820607175,0.0,7,7,0,0,7,7,5587,0,0,0,0,0
2020-06-20,US,South Dakota,Yankton,65,0,0,43.00924485,-97.39467635,46135.0,284.91277285877095,0.0,65,64,0,0,64,63,22869,1,0,0,1,1
2020-06-20,US,South Dakota,Ziebach,2,0,0,44.97881876,-101.6654622,46137.0,72.5689404934688,0.0,2,2,0,0,2,2,2742,0,0,0,0,0
2020-06-20,US,Tennessee,Anderson,74,2,0,36.12684348,-84.19965764,47001.0,96.13136220738392,2.702702702702702,72,74,2,0,72,69,76482,0,0,0,0,5
2020-06-20,US,Tennessee,Bedford,428,4,0,35.51123746,-86.45549096,47003.0,860.9418059662462,0.9345794392523364,424,416,4,0,412,404,49038,12,0,0,12,12
2020-06-20,US,Tennessee,Benton,8,1,0,36.07110411,-88.06849355,47005.0,49.504950495049506,12.5,7,8,1,0,7,8,16184,0,0,0,0,0
2020-06-20,US,Tennessee,Bledsoe,613,1,0,35.59942968,-85.20611967,47007.0,4069.3043016463093,0.1631321370309951,612,614,1,0,613,614,14755,-1,0,0,-1,0
2020-06-20,US,Tennessee,Blount,127,3,0,35.68938198,-83.92847788,47009.0,95.42558307285404,2.3622047244094486,124,119,3,0,116,118,131349,8,0,0,8,1
2020-06-20,US,Tennessee,Bradley,328,2,0,35.15739424,-84.857186,47011.0,303.3946905929146,0.6097560975609756,326,314,2,0,312,305,106727,14,0,0,14,9
2020-06-20,US,Tennessee,Campbell,26,1,0,36.40355516,-84.15108559999999,47013.0,65.2577681843281,3.8461538461538463,25,26,1,0,25,26,39583,0,0,0,0,0
2020-06-20,US,Tennessee,Cannon,23,0,0,35.80990797,-86.05738983,47015.0,156.69709769723394,0.0,23,34,0,0,34,34,14462,-11,0,0,-11,0
2020-06-20,US,Tennessee,Carroll,36,1,0,35.97366108,-88.45189331,47017.0,129.6503043180754,2.7777777777777777,35,36,1,0,35,36,28020,0,0,0,0,0
2020-06-20,US,Tennessee,Carter,28,1,0,36.28969086,-82.12588974,47019.0,49.653313472007945,3.571428571428572,27,27,1,0,26,23,56351,1,0,0,1,4
2020-06-20,US,Tennessee,Cheatham,164,0,0,36.26136216,-87.08903581,47021.0,403.27538298866403,0.0,164,164,0,0,164,161,40439,0,0,0,0,3
2020-06-20,US,Tennessee,Chester,14,0,0,35.42527478,-88.6095842,47023.0,80.93889113719142,0.0,14,14,0,0,14,14,17276,0,0,0,0,0
2020-06-20,US,Tennessee,Claiborne,16,0,0,36.48319149,-83.65947309,47025.0,50.06414468537814,0.0,16,16,0,0,16,16,31756,0,0,0,0,0
2020-06-20,US,Tennessee,Clay,13,0,0,36.55151008,-85.53930419,47027.0,170.71569271175312,0.0,13,13,0,0,13,11,7717,0,0,0,0,2
2020-06-20,US,Tennessee,Cocke,29,0,0,35.9278914,-83.11828725,47029.0,80.54660593267415,0.0,29,27,0,0,27,27,35774,2,0,0,2,0
2020-06-20,US,Tennessee,Coffee,99,0,0,35.49090731,-86.07311784,47031.0,175.15923566878982,0.0,99,99,0,0,99,97,55700,0,0,0,0,2
2020-06-20,US,Tennessee,Crockett,25,3,0,35.81830662,-89.14916269,47033.0,175.68517217146874,12.0,22,25,3,0,22,21,14328,0,0,0,0,4
2020-06-20,US,Tennessee,Cumberland,137,3,0,35.95271721,-84.99840585,47035.0,226.37144745538663,2.18978102189781,134,137,3,0,134,138,59673,0,0,0,0,-1
2020-06-20,US,Tennessee,Davidson,7571,95,0,36.17007426,-86.78646056,47037.0,1090.6958786649457,1.2547880068683133,7476,7502,93,0,7409,7253,692587,69,2,0,67,249
2020-06-20,US,Tennessee,DeKalb,42,0,0,35.97616272,-85.83689361,47041.0,204.97803806734996,0.0,42,41,0,0,41,41,20138,1,0,0,1,0
2020-06-20,US,Tennessee,Decatur,15,0,0,35.60048904,-88.11043779,47039.0,128.61184943839493,0.0,15,15,0,0,15,15,11706,0,0,0,0,0
2020-06-20,US,Tennessee,Dickson,145,0,0,36.14669837,-87.35891709,47043.0,268.77734114332316,0.0,145,145,0,0,145,140,53446,0,0,0,0,5
2020-06-20,US,Tennessee,Dyer,145,0,0,36.05931946,-89.41542855,47045.0,390.21502193277536,0.0,145,141,0,0,141,122,37320,4,0,0,4,19
2020-06-20,US,Tennessee,Fayette,193,2,0,35.19615831,-89.41399032,47047.0,469.2096370310943,1.0362694300518134,191,193,2,0,191,189,40507,0,0,0,0,4
2020-06-20,US,Tennessee,Fentress,15,0,0,36.38128818,-84.92870012,47049.0,80.98040274253631,0.0,15,15,0,0,15,15,18217,0,0,0,0,0
2020-06-20,US,Tennessee,Franklin,65,2,0,35.15634626,-86.09201039,47051.0,153.99924184988632,3.0769230769230766,63,65,2,0,63,64,41890,0,0,0,0,1
2020-06-20,US,Tennessee,Gibson,75,1,0,35.99438059,-88.93358327,47053.0,152.64689719740298,1.3333333333333333,74,74,1,0,73,70,49045,1,0,0,1,4
2020-06-20,US,Tennessee,Giles,24,0,0,35.20222469,-87.03992678,47055.0,81.45533532446375,0.0,24,24,0,0,24,24,29503,0,0,0,0,0
2020-06-20,US,Tennessee,Grainger,25,0,0,36.27469206,-83.51254721,47057.0,107.2041166380789,0.0,25,25,0,0,25,22,23145,0,0,0,0,3
2020-06-20,US,Tennessee,Greene,55,2,0,36.17470125,-82.84691273,47059.0,79.63051441312311,3.636363636363636,53,55,2,0,53,56,69087,0,0,0,0,-1
2020-06-20,US,Tennessee,Grundy,46,1,0,35.38433717,-85.72142731,47061.0,342.59328219259703,2.1739130434782608,45,39,1,0,38,37,13346,7,0,0,7,2
2020-06-20,US,Tennessee,Hamblen,109,4,0,36.21990035,-83.26586179,47063.0,167.86275294914836,3.669724770642202,105,96,4,0,92,91,64569,13,0,0,13,5
2020-06-20,US,Tennessee,Hamilton,2050,25,0,35.17670231,-85.16652245,47065.0,557.3620732781591,1.2195121951219512,2025,2000,24,0,1976,1956,364286,50,1,0,49,44
2020-06-20,US,Tennessee,Hancock,3,0,0,36.52692871,-83.22375847,47067.0,45.31722054380665,0.0,3,2,0,0,2,1,6549,1,0,0,1,1
2020-06-20,US,Tennessee,Hardeman,253,1,0,35.20772017,-88.99161161,47069.0,1009.9800399201596,0.3952569169960474,252,252,1,0,251,226,25220,1,0,0,1,26
2020-06-20,US,Tennessee,Hardin,53,5,0,35.19732531,-88.18593755,47071.0,206.61157024793388,9.433962264150944,48,51,5,0,46,46,25776,2,0,0,2,5
2020-06-20,US,Tennessee,Hawkins,38,2,0,36.44355426,-82.94885298,47073.0,66.91790229986265,5.2631578947368425,36,38,2,0,36,37,56530,0,0,0,0,1
2020-06-20,US,Tennessee,Haywood,41,2,0,35.58332824,-89.28536625,47075.0,236.93943596856215,4.878048780487805,39,40,2,0,38,39,17335,1,0,0,1,1
2020-06-20,US,Tennessee,Henderson,20,0,0,35.65581134,-88.38600175,47077.0,71.13134402674538,0.0,20,19,0,0,19,19,27847,1,0,0,1,0
2020-06-20,US,Tennessee,Henry,36,0,0,36.33160906,-88.30121797,47079.0,111.30004637501932,0.0,36,36,0,0,36,35,32358,0,0,0,0,1
2020-06-20,US,Tennessee,Hickman,64,0,0,35.80609681,-87.47643507,47081.0,254.19016601795215,0.0,64,63,0,0,63,62,25063,1,0,0,1,1
2020-06-20,US,Tennessee,Houston,10,0,0,36.28872054,-87.71878828,47083.0,121.93634922570419,0.0,10,10,0,0,10,10,8263,0,0,0,0,0
2020-06-20,US,Tennessee,Humphreys,18,1,0,36.03958805,-87.77992872,47085.0,96.867936712948,5.5555555555555545,17,18,1,0,17,18,18486,0,0,0,0,0
2020-06-20,US,Tennessee,Jackson,21,0,0,36.36380466,-85.67239905,47087.0,178.17749872730357,0.0,21,21,0,0,21,21,11758,0,0,0,0,0
2020-06-20,US,Tennessee,Jefferson,61,0,0,36.04818632,-83.45148924,47089.0,111.9368749426553,0.0,61,59,0,0,59,51,54012,2,0,0,2,8
2020-06-20,US,Tennessee,Johnson,26,0,0,36.45523950000001,-81.84886538,47091.0,146.16595457611876,0.0,26,26,0,0,26,26,17778,0,0,0,0,0
2020-06-20,US,Tennessee,Knox,638,5,0,35.99508821,-83.94635435,47093.0,135.6543408325945,0.7836990595611285,633,609,5,0,604,594,465289,29,0,0,29,15
2020-06-20,US,Tennessee,Lake,689,0,0,36.34180170000001,-89.48921915,47095.0,9820.410490307868,0.0,689,689,0,0,689,689,7411,0,0,0,0,0
2020-06-20,US,Tennessee,Lauderdale,71,1,0,35.75893438,-89.63015909999999,47097.0,276.98669683610973,1.4084507042253518,70,71,1,0,70,71,25825,0,0,0,0,0
2020-06-20,US,Tennessee,Lawrence,81,2,0,35.21675201,-87.39787695,47099.0,183.49870871279052,2.469135802469136,79,78,2,0,76,76,43734,3,0,0,3,2
2020-06-20,US,Tennessee,Lewis,5,0,0,35.52853208,-87.49022694,47101.0,40.75643951744376,0.0,5,5,0,0,5,5,12086,0,0,0,0,0
2020-06-20,US,Tennessee,Lincoln,49,0,0,35.13738622,-86.58910106,47103.0,142.58278531106325,0.0,49,48,0,0,48,48,34117,1,0,0,1,0
2020-06-20,US,Tennessee,Loudon,230,1,0,35.73939663,-84.31145275,47105.0,425.39024931567656,0.43478260869565216,229,226,1,0,225,221,53054,4,0,0,4,5
2020-06-20,US,Tennessee,Macon,219,3,0,36.53157855,-86.00778595,47111.0,890.1715307698561,1.3698630136986298,216,217,3,0,214,216,24265,2,0,0,2,1
2020-06-20,US,Tennessee,Madison,192,2,0,35.61181957,-88.84076036,47113.0,195.95035924232528,1.0416666666666667,190,190,2,0,188,188,97605,2,0,0,2,2
2020-06-20,US,Tennessee,Marion,49,3,0,35.12997174,-85.62265895,47115.0,169.50911543916698,6.1224489795918355,46,48,2,0,46,49,28575,1,1,0,0,-1
2020-06-20,US,Tennessee,Marshall,46,1,0,35.45798777,-86.76420988,47117.0,133.8181818181818,2.1739130434782608,45,44,1,0,43,45,33683,2,0,0,2,-1
2020-06-20,US,Tennessee,Maury,218,2,0,35.6187413,-87.07462444,47119.0,226.17157915486527,0.9174311926605504,216,205,2,0,203,198,94340,13,0,0,13,7
2020-06-20,US,Tennessee,McMinn,172,15,0,35.42812616,-84.61520715,47107.0,319.7382607725769,8.720930232558139,157,172,15,0,157,171,53285,0,0,0,0,1
2020-06-20,US,Tennessee,McNairy,38,0,0,35.17468549,-88.5647812,47109.0,147.8944500661633,0.0,38,38,0,0,38,35,25832,0,0,0,0,3
2020-06-20,US,Tennessee,Meigs,30,0,0,35.51558739,-84.81482914,47121.0,241.50700370310742,0.0,30,30,0,0,30,30,12306,0,0,0,0,0
2020-06-20,US,Tennessee,Monroe,107,4,0,35.44550387,-84.24902965,47123.0,229.88505747126442,3.7383177570093458,103,108,4,0,104,97,46357,-1,0,0,-1,11
2020-06-20,US,Tennessee,Montgomery,368,5,0,36.49609412,-87.38550661,47125.0,176.08245252233328,1.358695652173913,363,363,5,0,358,356,205950,5,0,0,5,7
2020-06-20,US,Tennessee,Moore,5,0,0,35.27724699,-86.36230578,47127.0,77.06535141800245,0.0,5,5,0,0,5,5,6411,0,0,0,0,0
2020-06-20,US,Tennessee,Morgan,22,1,0,36.13248031,-84.64880098,47129.0,102.78932859879455,4.545454545454546,21,22,1,0,21,22,21579,0,0,0,0,0
2020-06-20,US,Tennessee,Obion,71,1,0,36.35732446,-89.14921589,47131.0,236.1235824270844,1.4084507042253518,70,71,1,0,70,68,30267,0,0,0,0,3
2020-06-20,US,Tennessee,Out of TN,563,8,0,0.0,0.0,80047.0,0.0,1.4209591474245116,555,566,8,0,558,463,,-3,0,0,-3,103
2020-06-20,US,Tennessee,Overton,41,0,0,36.34117832,-85.28989535,47133.0,184.3442291263882,0.0,41,40,0,0,40,38,22068,1,0,0,1,2
2020-06-20,US,Tennessee,Perry,28,0,0,35.63708728,-87.86139634,47135.0,346.7062902426944,0.0,28,28,0,0,28,28,8064,0,0,0,0,0
2020-06-20,US,Tennessee,Pickett,4,0,0,36.55606529,-85.07763299999998,47137.0,79.23930269413628,0.0,4,4,0,0,4,4,5082,0,0,0,0,0
2020-06-20,US,Tennessee,Polk,32,0,0,35.12245443,-84.52075859,47139.0,190.11406844106463,0.0,32,32,0,0,32,32,16898,0,0,0,0,0
2020-06-20,US,Tennessee,Putnam,655,7,0,36.14005459,-85.50646123,47141.0,816.2502336594182,1.068702290076336,648,643,7,0,636,630,78843,12,0,0,12,13
2020-06-20,US,Tennessee,Rhea,253,0,0,35.60536161,-84.93076643,47143.0,762.8064039557391,0.0,253,247,0,0,247,243,33044,6,0,0,6,4
2020-06-20,US,Tennessee,Roane,34,0,0,35.84923189,-84.52458689,47145.0,63.691881158442925,0.0,34,34,0,0,34,32,53140,0,0,0,0,2
2020-06-20,US,Tennessee,Robertson,701,9,0,36.52454807,-86.87346725,47147.0,976.1463801818612,1.2838801711840229,692,703,9,0,694,670,71012,-2,0,0,-2,33
2020-06-20,US,Tennessee,Rutherford,2019,32,0,35.84591405,-86.4107263,47149.0,607.6109363949622,1.58494304110946,1987,1990,32,0,1958,1888,324890,29,0,0,29,102
2020-06-20,US,Tennessee,Scott,14,0,0,36.42325673,-84.50360494,47151.0,63.44027551205365,0.0,14,15,0,0,15,15,22039,-1,0,0,-1,0
2020-06-20,US,Tennessee,Sequatchie,22,0,0,35.36979721,-85.41022136,47153.0,146.41288433382138,0.0,22,22,0,0,22,23,14876,0,0,0,0,-1
2020-06-20,US,Tennessee,Sevier,411,3,0,35.78077323,-83.52244332,47155.0,418.32061068702285,0.7299270072992701,408,387,3,0,384,342,97892,24,0,0,24,45
2020-06-20,US,Tennessee,Shelby,7737,163,0,35.1864775,-89.89692423,47157.0,825.5741245414366,2.1067597259919864,7574,7623,160,0,7463,7290,935764,114,3,0,111,333
2020-06-20,US,Tennessee,Smith,49,1,0,36.25359775,-85.95411046,47159.0,243.091729920127,2.0408163265306123,48,48,1,0,47,46,19942,1,0,0,1,2
2020-06-20,US,Tennessee,Stewart,17,0,0,36.50235092,-87.83920548,47161.0,123.95187750637987,0.0,17,17,0,0,17,17,13561,0,0,0,0,0
2020-06-20,US,Tennessee,Sullivan,72,2,0,36.51240691,-82.30412917,47163.0,45.46947230151312,2.7777777777777777,70,72,2,0,70,71,157668,0,0,0,0,1
2020-06-20,US,Tennessee,Sumner,1165,49,0,36.46824103,-86.45917204,47165.0,609.0452366389068,4.206008583690987,1116,1155,49,0,1106,1130,187149,10,0,0,10,25
2020-06-20,US,Tennessee,Tipton,554,4,0,35.501942,-89.73694895,47167.0,899.3652494358673,0.7220216606498195,550,551,4,0,547,541,61581,3,0,0,3,10
2020-06-20,US,Tennessee,Trousdale,1466,5,0,36.39026213,-86.16087954,47169.0,12991.846862814607,0.34106412005457026,1461,1464,5,0,1459,1464,11012,2,0,0,2,0
2020-06-20,US,Tennessee,Unassigned,174,0,0,0.0,0.0,90047.0,0.0,0.0,174,204,0,0,204,152,,-30,0,0,-30,52
2020-06-20,US,Tennessee,Unicoi,52,0,0,36.10890856,-82.43709629,47171.0,290.77895207739186,0.0,52,52,0,0,52,52,17761,0,0,0,0,0
2020-06-20,US,Tennessee,Union,9,0,0,36.28590426,-83.83651902,47173.0,45.063088323653105,0.0,9,9,0,0,9,9,19688,0,0,0,0,0
2020-06-20,US,Tennessee,Van Buren,5,0,0,35.69864497,-85.45221699,47175.0,85.14986376021798,0.0,5,5,0,0,5,5,5765,0,0,0,0,0
2020-06-20,US,Tennessee,Warren,33,0,0,35.6728299,-85.77969117,47177.0,79.94767061559706,0.0,33,36,0,0,36,36,40878,-3,0,0,-3,0
2020-06-20,US,Tennessee,Washington,101,0,0,36.29472368,-82.49454720000001,47179.0,78.06763285024155,0.0,101,101,0,0,101,99,128607,0,0,0,0,2
2020-06-20,US,Tennessee,Wayne,64,0,0,35.23868267,-87.78644456,47181.0,383.85413542853723,0.0,64,64,0,0,64,64,16558,0,0,0,0,0
2020-06-20,US,Tennessee,Weakley,41,0,0,36.29896232,-88.71990865,47183.0,123.01968314930387,0.0,41,39,0,0,39,36,33415,2,0,0,2,3
2020-06-20,US,Tennessee,White,53,3,0,35.92929884,-85.45591799,47185.0,193.8197110989212,5.660377358490566,50,52,2,0,50,51,27107,1,1,0,0,1
2020-06-20,US,Tennessee,Williamson,775,12,0,35.89099229,-86.89281867,47187.0,325.067530157878,1.5483870967741935,763,767,12,0,755,742,231729,8,0,0,8,25
2020-06-20,US,Tennessee,Wilson,595,15,0,36.15496772,-86.29775884,47189.0,411.317806950234,2.5210084033613445,580,580,14,0,566,565,140625,15,1,0,14,15
2020-06-20,US,Texas,Anderson,1006,2,0,31.81534745,-95.65354823,48001.0,1742.44392482896,0.1988071570576541,1004,1007,2,0,1005,1003,58057,-1,0,0,-1,4
2020-06-20,US,Texas,Andrews,42,0,0,32.30468633,-102.6376548,48003.0,224.5388933440257,0.0,42,35,0,0,35,33,18128,7,0,0,7,2
2020-06-20,US,Texas,Angelina,380,6,0,31.25457347,-94.60901487,48005.0,438.21714812892816,1.5789473684210529,374,366,6,0,360,352,87092,14,0,0,14,14
2020-06-20,US,Texas,Aransas,7,0,0,28.10556197,-96.9995047,48007.0,29.774564015312638,0.0,7,7,0,0,7,7,23792,0,0,0,0,0
2020-06-20,US,Texas,Archer,3,0,0,33.61569967,-98.68754589,48009.0,35.0754121360926,0.0,3,3,0,0,3,3,8786,0,0,0,0,0
2020-06-20,US,Texas,Armstrong,3,0,0,34.96507426,-101.3574874,48011.0,158.9825119236884,0.0,3,3,0,0,3,3,1892,0,0,0,0,0
2020-06-20,US,Texas,Atascosa,69,2,0,28.89333001,-98.52730485,48013.0,134.88944929916133,2.898550724637681,67,62,2,0,60,45,50310,7,0,0,7,17
2020-06-20,US,Texas,Austin,43,0,0,29.88548725,-96.27736949,48015.0,143.1806073521577,0.0,43,42,0,0,42,42,29989,1,0,0,1,0
2020-06-20,US,Texas,Bailey,83,0,0,34.06854817,-102.8299707,48017.0,1185.7142857142858,0.0,83,83,0,0,83,83,7027,0,0,0,0,0
2020-06-20,US,Texas,Bandera,15,0,0,29.74619598,-99.24598147,48019.0,64.90134994807892,0.0,15,13,0,0,13,8,22824,2,0,0,2,5
2020-06-20,US,Texas,Bastrop,340,4,0,30.10370699,-97.31206354,48021.0,383.2151753209427,1.1764705882352942,336,338,4,0,334,346,86976,2,0,0,2,-8
2020-06-20,US,Texas,Baylor,1,0,0,33.61640794,-99.21352901,48023.0,28.498147620404676,0.0,1,1,0,0,1,1,3582,0,0,0,0,0
2020-06-20,US,Texas,Bee,34,0,0,28.41761668,-97.74215593,48025.0,104.40657147243972,0.0,34,33,0,0,33,32,32587,1,0,0,1,1
2020-06-20,US,Texas,Bell,818,10,0,31.03736027,-97.4785025,48027.0,225.3915420308384,1.2224938875305624,808,769,9,0,760,722,355642,49,1,0,48,47
2020-06-20,US,Texas,Bexar,5962,96,0,29.44928723,-98.52019748,48029.0,297.5712159492581,1.6101979201610197,5866,5550,92,0,5458,5142,1986049,412,4,0,408,408
2020-06-20,US,Texas,Blanco,14,1,0,30.26640707,-98.3999852,48031.0,117.34137959936301,7.142857142857142,13,14,1,0,13,13,11702,0,0,0,0,1
2020-06-20,US,Texas,Bosque,7,0,0,31.89978581,-97.63613524,48035.0,37.46320578003746,0.0,7,7,0,0,7,7,18691,0,0,0,0,0
2020-06-20,US,Texas,Bowie,398,12,0,33.44626922,-94.41834132,48037.0,426.83253793769103,3.0150753768844223,386,394,10,0,384,384,94324,4,2,0,2,10
2020-06-20,US,Texas,Brazoria,1669,19,0,29.18757369,-95.44563172,48039.0,445.94190197293887,1.138406231276213,1650,1609,18,0,1591,1558,370200,60,1,0,59,51
2020-06-20,US,Texas,Brazos,1163,25,0,30.663644800000004,-96.30205577,48041.0,507.39275165677043,2.149613069647464,1138,1095,25,0,1070,1025,226758,68,0,0,68,70
2020-06-20,US,Texas,Brewster,24,0,0,29.81008251,-103.2520326,48043.0,260.7845267847441,0.0,24,24,0,0,24,22,9267,0,0,0,0,2
2020-06-20,US,Texas,Briscoe,1,0,0,34.53026962,-101.2084947,48045.0,64.68305304010349,0.0,1,1,0,0,1,1,1516,0,0,0,0,0
2020-06-20,US,Texas,Brooks,3,0,0,27.03103197,-98.21808402,48047.0,42.295220640067676,0.0,3,3,0,0,3,3,7114,0,0,0,0,0
2020-06-20,US,Texas,Brown,62,10,0,31.77430356,-98.99907113,48049.0,163.74392562856542,16.129032258064516,52,62,10,0,52,61,37924,0,0,0,0,1
2020-06-20,US,Texas,Burleson,54,0,0,30.49273808,-96.62158484,48051.0,292.7940139890474,0.0,54,53,0,0,53,53,18389,1,0,0,1,0
2020-06-20,US,Texas,Burnet,80,3,0,30.78801353,-98.181887,48053.0,166.13020454781434,3.75,77,79,3,0,76,75,47542,1,0,0,1,4
2020-06-20,US,Texas,Caldwell,208,1,0,29.83668859,-97.61814775,48055.0,476.3649688530597,0.4807692307692308,207,197,1,0,196,190,43247,11,0,0,11,7
2020-06-20,US,Texas,Calhoun,55,3,0,28.47048236,-96.61633945,48057.0,258.33724753405363,5.454545454545454,52,52,3,0,49,46,21561,3,0,0,3,6
2020-06-20,US,Texas,Callahan,13,2,0,32.29760619,-99.37326312,48059.0,93.23674962346699,15.384615384615385,11,13,2,0,11,13,13994,0,0,0,0,0
2020-06-20,US,Texas,Cameron,1454,48,0,26.14524221,-97.48140372,48061.0,343.6028197172248,3.3012379642365888,1406,1371,48,0,1323,1301,423908,83,0,0,83,70
2020-06-20,US,Texas,Camp,110,1,0,32.97195142,-94.97790104,48063.0,840.0794256911563,0.9090909090909092,109,109,1,0,108,109,13033,1,0,0,1,0
2020-06-20,US,Texas,Carson,6,0,0,35.40365929,-101.3542669,48065.0,101.24873439082012,0.0,6,6,0,0,6,6,6005,0,0,0,0,0
2020-06-20,US,Texas,Cass,36,2,0,33.07499881,-94.34646905,48067.0,119.89609005528541,5.5555555555555545,34,36,2,0,34,36,30119,0,0,0,0,0
2020-06-20,US,Texas,Castro,51,1,0,34.53016752,-102.2617243,48069.0,677.2908366533866,1.96078431372549,50,51,1,0,50,50,7665,0,0,0,0,1
2020-06-20,US,Texas,Chambers,149,1,0,29.70972016,-94.67154501,48071.0,339.89552204758536,0.6711409395973155,148,138,1,0,137,130,42454,11,0,0,11,8
2020-06-20,US,Texas,Cherokee,67,2,0,31.837258,-95.16559897,48073.0,127.26512935455685,2.985074626865672,65,67,2,0,65,65,52592,0,0,0,0,2
2020-06-20,US,Texas,Childress,6,0,0,34.529304100000004,-100.2077916,48075.0,82.12428141253764,0.0,6,6,0,0,6,6,7291,0,0,0,0,0
2020-06-20,US,Texas,Clay,5,0,0,33.78686685,-98.20771198,48077.0,47.75093114315729,0.0,5,5,0,0,5,5,10456,0,0,0,0,0
2020-06-20,US,Texas,Cochran,1,0,0,33.60425307,-102.8284499,48079.0,35.05082369435681,0.0,1,1,0,0,1,1,2836,0,0,0,0,0
2020-06-20,US,Texas,Coke,4,0,0,31.88911733,-100.5297533,48081.0,118.09861234130501,0.0,4,4,0,0,4,4,3370,0,0,0,0,0
2020-06-20,US,Texas,Coleman,3,0,0,31.76736834,-99.45240766,48083.0,36.697247706422026,0.0,3,3,0,0,3,3,8397,0,0,0,0,0
2020-06-20,US,Texas,Collin,2064,38,0,33.18820114,-96.57264368,48085.0,199.47232611405877,1.8410852713178292,2026,2026,38,0,1988,1967,1005146,38,0,0,38,59
2020-06-20,US,Texas,Collingsworth,5,0,0,34.96489496,-100.2700111,48087.0,171.23287671232876,0.0,5,5,0,0,5,5,2962,0,0,0,0,0
2020-06-20,US,Texas,Colorado,55,0,0,29.622098,-96.5273805,48089.0,255.89726887823943,0.0,55,46,0,0,46,44,21217,9,0,0,9,2
2020-06-20,US,Texas,Comal,240,7,0,29.80811278,-98.27647225,48091.0,153.6403152187134,2.9166666666666665,233,219,7,0,212,207,148373,21,0,0,21,12
2020-06-20,US,Texas,Comanche,14,1,0,31.94854689,-98.55876441,48093.0,102.67693436010269,7.142857142857142,13,14,1,0,13,14,13534,0,0,0,0,0
2020-06-20,US,Texas,Concho,2,0,0,31.32635934,-99.86473038,48095.0,73.36757153338225,0.0,2,1,0,0,1,1,4276,1,0,0,1,0
2020-06-20,US,Texas,Cooke,27,0,0,33.63979567,-97.21240912,48097.0,65.44343990110771,0.0,27,27,0,0,27,27,40574,0,0,0,0,0
2020-06-20,US,Texas,Coryell,305,2,0,31.39078397,-97.79936155,48099.0,401.57469947729464,0.6557377049180327,303,305,2,0,303,304,74808,0,0,0,0,1
2020-06-20,US,Texas,Cottle,4,1,0,34.07783319,-100.2785062,48101.0,286.12303290414883,25.0,3,4,1,0,3,4,1389,0,0,0,0,0
2020-06-20,US,Texas,Crane,46,5,0,31.43052248,-102.5143314,48103.0,958.9326662497393,10.869565217391305,41,45,5,0,40,45,4794,1,0,0,1,0
2020-06-20,US,Texas,Crockett,5,0,0,30.72367027,-101.4134238,48105.0,144.3418013856813,0.0,5,5,0,0,5,5,3499,0,0,0,0,0
2020-06-20,US,Texas,Crosby,8,1,0,33.61431553,-101.3000364,48107.0,139.44570332926614,12.5,7,8,1,0,7,8,5779,0,0,0,0,0
2020-06-20,US,Texas,Culberson,1,0,0,31.44506775,-104.5185739,48109.0,46.061722708429286,0.0,1,,,,,,2204,,,,,
2020-06-20,US,Texas,Dallam,49,1,0,36.27787176,-102.6020725,48111.0,672.4303554274736,2.0408163265306123,48,49,1,0,48,45,7200,0,0,0,0,4
2020-06-20,US,Texas,Dallas,16437,313,0,32.76670599,-96.7779605,48113.0,623.6729353948145,1.9042404331690697,16124,16042,311,0,15731,15648,2637772,395,2,0,393,394
2020-06-20,US,Texas,Dawson,45,1,0,32.74255572,-101.9477242,48115.0,353.55122564424886,2.2222222222222223,44,45,1,0,44,45,12619,0,0,0,0,0
2020-06-20,US,Texas,DeWitt,37,1,0,29.08101855,-97.3568117,48123.0,183.531746031746,2.702702702702702,36,35,1,0,34,35,20187,2,0,0,2,0
2020-06-20,US,Texas,Deaf Smith,233,16,0,34.96522957,-102.6054267,48117.0,1256.3355979726084,6.866952789699571,217,233,16,0,217,226,18760,0,0,0,0,7
2020-06-20,US,Texas,Delta,4,0,0,33.38570922,-95.66921122,48119.0,75.03282686175201,0.0,4,4,0,0,4,3,5349,0,0,0,0,1
2020-06-20,US,Texas,Denton,2054,36,0,33.20521901,-97.11691153,48121.0,231.51305163282075,1.7526777020447906,2018,1980,36,0,1944,1893,859064,74,0,0,74,87
2020-06-20,US,Texas,Dickens,2,0,0,33.61616822,-100.7788855,48125.0,90.45680687471732,0.0,2,2,0,0,2,2,2249,0,0,0,0,0
2020-06-20,US,Texas,Dimmit,3,0,0,28.42270064,-99.75645095,48127.0,29.632556301856972,0.0,3,3,0,0,3,1,10308,0,0,0,0,2
2020-06-20,US,Texas,Donley,27,0,0,34.96517499,-100.8140093,48129.0,823.672971323978,0.0,27,27,0,0,27,27,3319,0,0,0,0,0
2020-06-20,US,Texas,Duval,5,0,0,27.68184592,-98.50864568,48131.0,44.81491440351349,0.0,5,5,0,0,5,5,11212,0,0,0,0,0
2020-06-20,US,Texas,Eastland,7,0,0,32.32743996,-98.83243566,48133.0,38.12636165577342,0.0,7,7,0,0,7,7,18322,0,0,0,0,0
2020-06-20,US,Texas,Ector,325,7,0,31.86898877,-102.5429428,48135.0,195.52047550579644,2.1538461538461537,318,300,7,0,293,289,162124,25,0,0,25,11
2020-06-20,US,Texas,El Paso,4340,120,0,31.76980765,-106.2363275,48141.0,517.1357826981142,2.7649769585253456,4220,4178,119,0,4059,4088,840758,162,1,0,161,90
2020-06-20,US,Texas,Ellis,510,19,0,32.34894117,-96.79371841,48139.0,275.9352039215262,3.725490196078432,491,510,19,0,491,490,179436,0,0,0,0,20
2020-06-20,US,Texas,Erath,44,1,0,32.23602653,-98.21773417,48143.0,103.04932315330929,2.272727272727273,43,44,1,0,43,43,42446,0,0,0,0,1
2020-06-20,US,Texas,Falls,22,0,0,31.25350609,-96.93630086,48145.0,127.18968607272936,0.0,22,22,0,0,22,21,17335,0,0,0,0,1
2020-06-20,US,Texas,Fannin,65,6,0,33.59564294,-96.10751083,48147.0,183.02641211916423,9.23076923076923,59,65,6,0,59,65,35286,0,0,0,0,0
2020-06-20,US,Texas,Fayette,58,2,0,29.87788372,-96.92076062,48149.0,228.8329519450801,3.4482758620689653,56,52,2,0,50,51,25349,6,0,0,6,1
2020-06-20,US,Texas,Fisher,2,1,0,32.74281316,-100.4019302,48151.0,52.219321148825074,50.0,1,2,1,0,1,2,3839,0,0,0,0,0
2020-06-20,US,Texas,Floyd,18,1,0,34.07227468,-101.3031546,48153.0,315.1260504201681,5.5555555555555545,17,18,1,0,17,17,5837,0,0,0,0,1
2020-06-20,US,Texas,Fort Bend,2882,50,0,29.52704478,-95.77219463,48157.0,355.0625363440139,1.7349063150589867,2832,2726,50,0,2676,2667,787858,156,0,0,156,59
2020-06-20,US,Texas,Franklin,31,0,0,33.17653242,-95.21917243,48159.0,289.04428904428903,0.0,31,30,0,0,30,30,10766,1,0,0,1,0
2020-06-20,US,Texas,Freestone,18,0,0,31.70422788,-96.15072516,48161.0,91.29177866815438,0.0,18,18,0,0,18,19,19808,0,0,0,0,-1
2020-06-20,US,Texas,Frio,130,0,0,28.86751206,-99.10804207,48163.0,640.2048655569782,0.0,130,119,0,0,119,86,19816,11,0,0,11,33
2020-06-20,US,Texas,Gaines,14,0,0,32.74055318,-102.6353295,48165.0,65.14051740182393,0.0,14,14,0,0,14,14,20901,0,0,0,0,0
2020-06-20,US,Texas,Galveston,1642,40,0,29.40167322,-94.90469073,48167.0,479.92190308617256,2.4360535931790497,1602,1535,40,0,1495,1486,337890,107,0,0,107,49
2020-06-20,US,Texas,Garza,7,0,0,33.17969345,-101.2984114,48169.0,112.37758869802536,0.0,7,7,0,0,7,7,6578,0,0,0,0,0
2020-06-20,US,Texas,Gillespie,17,0,0,30.31824095,-98.94676915,48171.0,62.99095894471617,0.0,17,16,0,0,16,10,26804,1,0,0,1,6
2020-06-20,US,Texas,Glasscock,5,0,0,31.86942909,-101.5207776,48173.0,354.86160397445,0.0,5,5,0,0,5,5,1388,0,0,0,0,0
2020-06-20,US,Texas,Goliad,7,0,0,28.65696592,-97.42760647,48175.0,91.40767824497256,0.0,7,7,0,0,7,7,7584,0,0,0,0,0
2020-06-20,US,Texas,Gonzales,213,4,0,29.45634206,-97.49424032,48177.0,1022.2200892642895,1.8779342723004693,209,203,4,0,199,175,20826,10,0,0,10,28
2020-06-20,US,Texas,Gray,113,4,0,35.40081878,-100.8129222,48179.0,516.3117974961161,3.5398230088495577,109,113,4,0,109,112,21895,0,0,0,0,1
2020-06-20,US,Texas,Grayson,491,5,0,33.62744998,-96.67753461,48181.0,360.46750653393235,1.0183299389002036,486,491,5,0,486,481,133991,0,0,0,0,10
2020-06-20,US,Texas,Gregg,305,12,0,32.47940482,-94.81591935,48183.0,246.0768889426762,3.9344262295081966,293,304,12,0,292,302,123707,1,0,0,1,2
2020-06-20,US,Texas,Grimes,289,2,0,30.54579585,-95.98902499,48185.0,1000.6925207756233,0.6920415224913494,287,288,2,0,286,291,28360,1,0,0,1,-3
2020-06-20,US,Texas,Guadalupe,311,1,0,29.58165339,-97.94786822,48187.0,186.39831702098328,0.3215434083601286,310,280,1,0,279,186,163694,31,0,0,31,94
2020-06-20,US,Texas,Hale,135,5,0,34.07044901,-101.8268114,48189.0,404.1190205352332,3.703703703703704,130,122,5,0,117,110,33830,13,0,0,13,12
2020-06-20,US,Texas,Hall,2,1,0,34.5307555,-100.6813852,48191.0,67.47638326585695,50.0,1,2,1,0,1,2,3028,0,0,0,0,0
2020-06-20,US,Texas,Hamilton,18,1,0,31.70470573,-98.11083887,48193.0,212.7408107788677,5.5555555555555545,17,18,1,0,17,18,8484,0,0,0,0,0
2020-06-20,US,Texas,Hansford,23,2,0,36.27743284,-101.3545796,48195.0,426.0048157066124,8.695652173913043,21,23,2,0,21,23,5463,0,0,0,0,0
2020-06-20,US,Texas,Hardeman,4,0,0,34.28944521,-99.74632408,48197.0,101.70353419781335,0.0,4,4,0,0,4,4,3922,0,0,0,0,0
2020-06-20,US,Texas,Hardin,172,5,0,30.33364686,-94.38931817,48199.0,298.60074302975585,2.9069767441860463,167,167,5,0,162,156,57207,5,0,0,5,11
2020-06-20,US,Texas,Harris,20874,322,0,29.86,-95.39,48201.0,442.8720701415667,1.5425888665325285,20552,19739,311,0,19428,18552,4698619,1135,11,0,1124,1187
2020-06-20,US,Texas,Harrison,271,32,0,32.54935988,-94.36934071,48203.0,407.19426622391177,11.808118081180814,239,268,31,0,237,268,66726,3,1,0,2,0
2020-06-20,US,Texas,Hartley,13,2,0,35.84008013,-102.6029022,48205.0,233.14203730272598,15.384615384615385,11,13,2,0,11,13,5619,0,0,0,0,0
2020-06-20,US,Texas,Haskell,4,0,0,33.17823584,-99.73037358,48207.0,70.69635913750443,0.0,4,4,0,0,4,4,5813,0,0,0,0,0
2020-06-20,US,Texas,Hays,1551,5,0,30.05669873,-98.02944344,48209.0,673.7882888557762,0.3223726627981947,1546,1448,5,0,1443,1238,222631,103,0,0,103,210
2020-06-20,US,Texas,Hemphill,2,0,0,35.83764858,-100.2703577,48211.0,52.36973029588898,0.0,2,2,0,0,2,2,3825,0,0,0,0,0
2020-06-20,US,Texas,Henderson,97,3,0,32.21128872,-95.85846587,48213.0,117.238962012159,3.0927835051546397,94,94,3,0,91,90,82299,3,0,0,3,4
2020-06-20,US,Texas,Hidalgo,1556,21,0,26.39418217,-98.18299696,48215.0,179.1167793053354,1.3496143958868894,1535,1447,20,0,1427,1347,865939,109,1,0,108,100
2020-06-20,US,Texas,Hill,48,1,0,31.99045053,-97.13423143,48217.0,130.97219569428907,2.083333333333333,47,47,1,0,46,46,36354,1,0,0,1,1
2020-06-20,US,Texas,Hockley,29,1,0,33.60771256,-102.3431676,48219.0,125.97193866469743,3.4482758620689653,28,29,1,0,28,29,22980,0,0,0,0,0
2020-06-20,US,Texas,Hood,35,4,0,32.42990927,-97.83242024,48221.0,56.778547442531995,11.428571428571427,31,35,4,0,31,35,60537,0,0,0,0,0
2020-06-20,US,Texas,Hopkins,48,1,0,33.14875072,-95.56351139,48223.0,129.43587531010678,2.083333333333333,47,48,1,0,47,44,36810,0,0,0,0,4
2020-06-20,US,Texas,Houston,148,0,0,31.31925973,-95.42226208,48225.0,644.3747823058168,0.0,148,147,0,0,147,147,23169,1,0,0,1,0
2020-06-20,US,Texas,Howard,26,1,0,32.30621324,-101.4356444,48227.0,70.91424830896793,3.8461538461538463,25,24,1,0,23,24,36459,2,0,0,2,0
2020-06-20,US,Texas,Hudspeth,14,0,0,31.45628381,-105.388178,48229.0,286.5329512893983,0.0,14,14,0,0,14,14,4795,0,0,0,0,0
2020-06-20,US,Texas,Hunt,246,5,0,33.12351514,-96.08551032,48231.0,249.50808365620625,2.0325203252032518,241,227,5,0,222,223,96493,19,0,0,19,4
2020-06-20,US,Texas,Hutchinson,49,0,0,35.84006574,-101.3546643,48233.0,234.02426210717357,0.0,49,49,0,0,49,47,21198,0,0,0,0,2
2020-06-20,US,Texas,Irion,1,0,0,31.30375559,-100.982439,48235.0,65.10416666666667,0.0,1,1,0,0,1,1,1522,0,0,0,0,0
2020-06-20,US,Texas,Jack,4,0,0,33.23377248,-98.17283469,48237.0,44.76776720761052,0.0,4,4,0,0,4,4,8843,0,0,0,0,0
2020-06-20,US,Texas,Jackson,25,1,0,28.95472367,-96.57749563,48239.0,169.3766937669377,4.0,24,24,1,0,23,21,14874,1,0,0,1,3
2020-06-20,US,Texas,Jasper,35,1,0,30.74685667,-94.02667579,48241.0,98.51107545948379,2.8571428571428568,34,33,1,0,32,33,35872,2,0,0,2,0
2020-06-20,US,Texas,Jefferson,1388,32,0,29.8832777,-94.16434171,48245.0,551.7460696042772,2.3054755043227666,1356,1356,32,0,1324,1340,255001,32,0,0,32,16
2020-06-20,US,Texas,Jim Hogg,8,0,0,27.04453923,-98.6968187,48247.0,153.84615384615384,0.0,8,6,0,0,6,6,5248,2,0,0,2,0
2020-06-20,US,Texas,Jim Wells,22,0,0,27.73103938,-98.0904705,48249.0,54.34514105034337,0.0,22,21,0,0,21,21,40822,1,0,0,1,0
2020-06-20,US,Texas,Johnson,254,4,0,32.37877812,-97.36615819,48251.0,144.4683961164165,1.5748031496062993,250,254,4,0,250,249,171361,0,0,0,0,5
2020-06-20,US,Texas,Jones,650,0,0,32.73997145,-99.87861576,48253.0,3236.568241796545,0.0,650,610,0,0,610,614,19817,40,0,0,40,-4
2020-06-20,US,Texas,Karnes,14,0,0,28.90705334,-97.85960149,48255.0,89.73783731812063,0.0,14,11,0,0,11,7,15650,3,0,0,3,4
2020-06-20,US,Texas,Kaufman,360,4,0,32.599141700000004,-96.28734728,48257.0,264.40648089663176,1.1111111111111112,356,360,4,0,356,349,128622,0,0,0,0,11
2020-06-20,US,Texas,Kendall,44,0,0,29.94414155,-98.7113588,48259.0,92.76633425396892,0.0,44,44,0,0,44,36,45641,0,0,0,0,8
2020-06-20,US,Texas,Kerr,33,1,0,30.06040006,-99.34930144,48265.0,62.73764258555133,3.0303030303030303,32,32,1,0,31,20,52405,1,0,0,1,12
2020-06-20,US,Texas,Kimble,1,0,0,30.48678918,-99.74856473,48267.0,23.057412958266077,0.0,1,1,0,0,1,1,4362,0,0,0,0,0
2020-06-20,US,Texas,Kinney,2,0,0,29.34967888,-100.4186638,48271.0,54.5404963185165,0.0,2,1,0,0,1,1,3767,1,0,0,1,0
2020-06-20,US,Texas,Kleberg,25,1,0,27.42435506,-97.69894948,48273.0,81.48631029986961,4.0,24,24,1,0,23,23,31129,1,0,0,1,1
2020-06-20,US,Texas,Knox,1,0,0,33.60519951,-99.7422906,48275.0,27.29257641921397,0.0,1,1,0,0,1,1,3653,0,0,0,0,0
2020-06-20,US,Texas,La Salle,7,0,0,28.34453111,-99.09908775,48283.0,93.08510638297872,0.0,7,7,0,0,7,5,7531,0,0,0,0,2
2020-06-20,US,Texas,Lamar,199,13,0,33.66981763,-95.57404777,48277.0,399.1255340058966,6.532663316582915,186,199,13,0,186,180,49728,0,0,0,0,19
2020-06-20,US,Texas,Lamb,29,0,0,34.06859623,-102.3516289,48279.0,224.92825564259675,0.0,29,29,0,0,29,28,13158,0,0,0,0,1
2020-06-20,US,Texas,Lampasas,16,0,0,31.19531316,-98.24206613,48281.0,74.66865783087549,0.0,16,15,0,0,15,13,21229,1,0,0,1,2
2020-06-20,US,Texas,Lavaca,68,1,0,29.38508402,-96.93186692,48285.0,337.40200456485064,1.4705882352941178,67,43,1,0,42,22,20110,25,0,0,25,21
2020-06-20,US,Texas,Lee,48,3,0,30.31120597,-96.97045773,48287.0,278.43842450258137,6.25,45,47,3,0,44,48,17144,1,0,0,1,-1
2020-06-20,US,Texas,Leon,14,0,0,31.29872538,-95.9936328,48289.0,80.44127786715697,0.0,14,13,0,0,13,13,17270,1,0,0,1,0
2020-06-20,US,Texas,Liberty,177,3,0,30.15152688,-94.81205615,48291.0,200.63705097541347,1.6949152542372878,174,169,3,0,166,163,86323,8,0,0,8,6
2020-06-20,US,Texas,Limestone,41,1,0,31.5454767,-96.58095444,48293.0,174.93706532406026,2.4390243902439024,40,40,1,0,39,40,23519,1,0,0,1,0
2020-06-20,US,Texas,Lipscomb,9,0,0,36.27783108,-100.2733151,48295.0,278.3792143519951,0.0,9,9,0,0,9,9,3355,0,0,0,0,0
2020-06-20,US,Texas,Live Oak,10,0,0,28.35101362,-98.1246786,48297.0,81.92020971573687,0.0,10,10,0,0,10,10,12166,0,0,0,0,0
2020-06-20,US,Texas,Llano,5,0,0,30.70645047,-98.68475262,48299.0,22.94104152328516,0.0,5,5,0,0,5,5,21646,0,0,0,0,0
2020-06-20,US,Texas,Lubbock,1208,51,0,33.61008596,-101.8204789,48303.0,388.963483155112,4.2218543046357615,1157,1136,51,0,1085,1031,307412,72,0,0,72,105
2020-06-20,US,Texas,Lynn,21,1,0,33.17657705,-101.8162849,48305.0,352.88186859351373,4.761904761904762,20,21,1,0,20,21,5877,0,0,0,0,0
2020-06-20,US,Texas,Madison,26,0,0,30.96694679,-95.93003775,48313.0,182.02184262111453,0.0,26,25,0,0,25,24,14422,1,0,0,1,1
2020-06-20,US,Texas,Marion,21,1,0,32.79868409,-94.3566123,48315.0,213.11142683174344,4.761904761904762,20,21,1,0,20,21,9928,0,0,0,0,0
2020-06-20,US,Texas,Martin,6,1,0,32.30600051,-101.9513518,48317.0,103.96811644429043,16.666666666666668,5,5,1,0,4,4,5753,1,0,0,1,1
2020-06-20,US,Texas,Mason,33,0,0,30.71780434,-99.22629416,48319.0,772.1104351895182,0.0,33,33,0,0,33,33,4280,0,0,0,0,0
2020-06-20,US,Texas,Matagorda,105,5,0,28.81955746,-96.01230294,48321.0,286.5485904538384,4.761904761904762,100,104,5,0,99,96,36552,1,0,0,1,8
2020-06-20,US,Texas,Maverick,223,2,0,28.7429195,-100.3157686,48323.0,379.7554579203705,0.8968609865470852,221,206,2,0,204,200,58485,17,0,0,17,6
2020-06-20,US,Texas,McCulloch,5,0,0,31.1925468,-99.34682807,48307.0,62.62525050100201,0.0,5,4,0,0,4,4,7987,1,0,0,1,0
2020-06-20,US,Texas,McLennan,262,5,0,31.55255453,-97.20217694,48309.0,102.09529153661207,1.9083969465648856,257,245,5,0,240,222,254607,17,0,0,17,23
2020-06-20,US,Texas,Medina,245,2,0,29.3557301,-99.11030298,48325.0,474.95347394540937,0.8163265306122449,243,244,2,0,242,228,50921,1,0,0,1,16
2020-06-20,US,Texas,Midland,322,13,0,31.86904128,-102.0315682,48329.0,182.0937386898299,4.037267080745342,309,287,13,0,274,264,172578,35,0,0,35,23
2020-06-20,US,Texas,Milam,57,1,0,30.78581830000001,-96.97718698,48331.0,229.6257503122104,1.7543859649122806,56,56,1,0,55,51,25131,1,0,0,1,5
2020-06-20,US,Texas,Mills,1,0,0,31.49557106,-98.59272068,48333.0,20.521239482864765,0.0,1,1,0,0,1,1,4921,0,0,0,0,0
2020-06-20,US,Texas,Mitchell,2,0,0,32.30623474,-100.9212058,48335.0,23.405500292568757,0.0,2,2,0,0,2,2,8145,0,0,0,0,0
2020-06-20,US,Texas,Montague,12,1,0,33.67521893,-97.72500958,48337.0,60.551014229488345,8.333333333333334,11,12,1,0,11,9,19596,0,0,0,0,3
2020-06-20,US,Texas,Montgomery,1555,34,0,30.30079133,-95.50572772,48339.0,256.01301303443745,2.1864951768488745,1521,1484,33,0,1451,1484,590925,71,1,0,70,0
2020-06-20,US,Texas,Moore,877,14,0,35.83769242,-101.8930281,48341.0,4188.156638013372,1.5963511972633981,863,877,14,0,863,876,21485,0,0,0,0,1
2020-06-20,US,Texas,Morris,33,0,0,33.11304005,-94.73255695,48343.0,266.38682596060704,0.0,33,31,0,0,31,31,12339,2,0,0,2,0
2020-06-20,US,Texas,Motley,1,0,0,34.07408766,-100.779722,48345.0,83.33333333333333,0.0,1,1,0,0,1,1,1234,0,0,0,0,0
2020-06-20,US,Texas,Nacogdoches,343,25,0,31.62017125,-94.61803994,48347.0,526.0413471566162,7.288629737609329,318,341,25,0,316,337,65711,2,0,0,2,4
2020-06-20,US,Texas,Navarro,120,4,0,32.04620681,-96.47428766,48349.0,239.45882305988465,3.333333333333333,116,116,4,0,112,101,49565,4,0,0,4,15
2020-06-20,US,Texas,Newton,6,0,0,30.78548982,-93.74408813,48351.0,44.13387274733358,0.0,6,6,0,0,6,6,13746,0,0,0,0,0
2020-06-20,US,Texas,Nolan,10,0,0,32.30365282,-100.4060208,48353.0,67.96248470844094,0.0,10,8,0,0,8,8,14751,2,0,0,2,0
2020-06-20,US,Texas,Nueces,548,6,0,27.736286,-97.5433285,48355.0,151.25837027386598,1.094890510948905,542,485,6,0,479,420,362265,63,0,0,63,65
2020-06-20,US,Texas,Ochiltree,53,2,0,36.27829105,-100.8158184,48357.0,538.8369255795038,3.7735849056603774,51,53,2,0,51,53,9947,0,0,0,0,0
2020-06-20,US,Texas,Oldham,4,1,0,35.40425596,-102.6027606,48359.0,189.3939393939394,25.0,3,4,1,0,3,4,2131,0,0,0,0,0
2020-06-20,US,Texas,Orange,143,3,0,30.11879481,-93.89412775,48361.0,171.47105376756681,2.097902097902098,140,135,3,0,132,126,83572,8,0,0,8,9
2020-06-20,US,Texas,Palo Pinto,14,2,0,32.75310985,-98.31319001,48363.0,47.96327383603412,14.285714285714285,12,14,2,0,12,14,28875,0,0,0,0,0
2020-06-20,US,Texas,Panola,209,23,0,32.163959600000005,-94.30552481,48365.0,901.0951108045184,11.004784688995215,186,209,23,0,186,209,23148,0,0,0,0,0
2020-06-20,US,Texas,Parker,124,1,0,32.77757172,-97.80500621,48367.0,86.7873290499587,0.8064516129032258,123,124,1,0,123,120,138371,0,0,0,0,4
2020-06-20,US,Texas,Parmer,155,0,0,34.52993409,-102.7844668,48369.0,1613.7428422696512,0.0,155,155,0,0,155,139,9864,0,0,0,0,16
2020-06-20,US,Texas,Pecos,112,0,0,30.78097267,-102.7241261,48371.0,707.8303735069203,0.0,112,112,0,0,112,111,15673,0,0,0,0,1
2020-06-20,US,Texas,Polk,75,0,0,30.79472531,-94.8276624,48373.0,146.04794267131425,0.0,75,73,0,0,73,73,50031,2,0,0,2,0
2020-06-20,US,Texas,Potter,2822,39,0,35.40133773,-101.893964,48375.0,2403.4407869522634,1.3819985825655563,2783,2819,39,0,2780,2811,119648,3,0,0,3,8
2020-06-20,US,Texas,Presidio,11,0,0,29.99954402,-104.2408079,48377.0,164.08114558472553,0.0,11,11,0,0,11,11,6948,0,0,0,0,0
2020-06-20,US,Texas,Rains,8,0,0,32.87109387,-95.79232691,48379.0,63.9284001917852,0.0,8,7,0,0,7,6,12159,1,0,0,1,1
2020-06-20,US,Texas,Randall,775,6,0,34.96585996,-101.8971322,48381.0,562.7645901258413,0.7741935483870968,769,771,6,0,765,769,136271,4,0,0,4,2
2020-06-20,US,Texas,Reagan,2,0,0,31.36607041,-101.5232659,48383.0,51.96154845414394,0.0,2,2,0,0,2,2,3741,0,0,0,0,0
2020-06-20,US,Texas,Real,1,0,0,29.83321503,-99.82018052,48385.0,28.968713789107767,0.0,1,1,0,0,1,1,3478,0,0,0,0,0
2020-06-20,US,Texas,Red River,99,8,0,33.61886692,-95.04841765,48387.0,823.4217749313815,8.080808080808081,91,96,8,0,88,95,12175,3,0,0,3,1
2020-06-20,US,Texas,Reeves,14,0,0,31.32323325,-103.6903896,48389.0,87.63144717075613,0.0,14,14,0,0,14,14,15695,0,0,0,0,0
2020-06-20,US,Texas,Refugio,6,0,0,28.3238976,-97.15766311,48391.0,86.35578583765113,0.0,6,6,0,0,6,6,7032,0,0,0,0,0
2020-06-20,US,Texas,Roberts,2,0,0,35.83809685,-100.813175,48393.0,234.192037470726,0.0,2,2,0,0,2,2,903,0,0,0,0,0
2020-06-20,US,Texas,Robertson,23,0,0,31.02539637,-96.51272246,48395.0,134.7077427667799,0.0,23,22,0,0,22,23,17284,1,0,0,1,-1
2020-06-20,US,Texas,Rockwall,264,16,0,32.89779518,-96.40771592,48397.0,251.632273745413,6.0606060606060606,248,264,16,0,248,258,100657,0,0,0,0,6
2020-06-20,US,Texas,Runnels,3,0,0,31.8314342,-99.97616148,48399.0,29.228371005455962,0.0,3,3,0,0,3,2,10234,0,0,0,0,1
2020-06-20,US,Texas,Rusk,250,2,0,32.10773545,-94.76176432,48401.0,459.5081424842848,0.8,248,245,2,0,243,241,54450,5,0,0,5,4
2020-06-20,US,Texas,Sabine,18,1,0,31.34318809,-93.85440451,48403.0,170.74558907228229,5.5555555555555545,17,15,1,0,14,15,10589,3,0,0,3,0
2020-06-20,US,Texas,San Augustine,87,6,0,31.39457611,-94.17000399,48405.0,1056.2097851159403,6.896551724137932,81,86,6,0,80,86,8232,1,0,0,1,0
2020-06-20,US,Texas,San Jacinto,23,0,0,30.57933681,-95.16260304,48407.0,79.69784122803978,0.0,23,23,0,0,23,22,28719,0,0,0,0,1
2020-06-20,US,Texas,San Patricio,66,0,0,28.00880118,-97.51763891,48409.0,98.90603926270045,0.0,66,66,0,0,66,62,66893,0,0,0,0,4
2020-06-20,US,Texas,San Saba,2,0,0,31.1577796,-98.81758731,48411.0,33.03055326176713,0.0,2,2,0,0,2,2,6054,0,0,0,0,0
2020-06-20,US,Texas,Schleicher,12,0,0,30.89740592,-100.5384842,48413.0,429.6455424274973,0.0,12,10,0,0,10,8,2895,2,0,0,2,2
2020-06-20,US,Texas,Scurry,29,0,0,32.74613808,-100.9162664,48415.0,173.6215051188409,0.0,29,29,0,0,29,29,16866,0,0,0,0,0
2020-06-20,US,Texas,Shackelford,1,0,0,32.73587756,-99.35401337,48417.0,30.627871362940283,0.0,1,1,0,0,1,1,3253,0,0,0,0,0
2020-06-20,US,Texas,Shelby,253,8,0,31.79211404,-94.14550696,48419.0,1001.0287251721137,3.1620553359683794,245,241,8,0,233,235,25418,12,0,0,12,6
2020-06-20,US,Texas,Sherman,30,0,0,36.27751473,-101.8933156,48421.0,992.7200529450696,0.0,30,30,0,0,30,30,3079,0,0,0,0,0
2020-06-20,US,Texas,Smith,340,4,0,32.37474036,-95.2717568,48423.0,146.0788568040524,1.1764705882352942,336,318,4,0,314,310,230221,22,0,0,22,8
2020-06-20,US,Texas,Somervell,3,0,0,32.22236802,-97.77403489,48425.0,32.86590709903594,0.0,3,3,0,0,3,3,9016,0,0,0,0,0
2020-06-20,US,Texas,Starr,267,1,0,26.56150059,-98.73892358,48427.0,413.10166633144064,0.3745318352059925,266,227,1,0,226,220,64525,40,0,0,40,7
2020-06-20,US,Texas,Stephens,5,0,0,32.73553157,-98.83631615,48429.0,53.38458253256459,0.0,5,5,0,0,5,5,9433,0,0,0,0,0
2020-06-20,US,Texas,Sutton,1,0,0,30.49856623,-100.5382014,48435.0,26.483050847457623,0.0,1,1,0,0,1,,3758,0,0,0,0,
2020-06-20,US,Texas,Swisher,23,1,0,34.53028891,-101.7349174,48437.0,310.9368662971475,4.3478260869565215,22,23,1,0,22,23,7462,0,0,0,0,0
2020-06-20,US,Texas,Tarrant,8331,207,0,32.77143818,-97.29101614,48439.0,396.23974145249855,2.4846957148001443,8124,8331,207,0,8124,8099,2084931,0,0,0,0,232
2020-06-20,US,Texas,Taylor,278,5,0,32.30163422,-99.89007449,48441.0,201.39965515742497,1.7985611510791366,273,268,5,0,263,261,137640,10,0,0,10,7
2020-06-20,US,Texas,Terry,14,0,0,33.17402785,-102.3354521,48445.0,113.47977628272676,0.0,14,14,0,0,14,14,12287,0,0,0,0,0
2020-06-20,US,Texas,Throckmorton,1,0,0,33.17751417,-99.21226795,48447.0,66.62225183211193,0.0,1,1,0,0,1,1,1515,0,0,0,0,0
2020-06-20,US,Texas,Titus,729,5,0,33.21339719,-94.96797273,48449.0,2225.9541984732823,0.6858710562414266,724,729,5,0,724,719,33033,0,0,0,0,10
2020-06-20,US,Texas,Tom Green,232,1,0,31.40464436,-100.462443,48451.0,194.63087248322148,0.4310344827586207,231,223,1,0,222,214,118189,9,0,0,9,9
2020-06-20,US,Texas,Travis,5286,108,0,30.33432034,-97.7853562,48453.0,414.9286394956176,2.0431328036322363,5178,4991,108,0,4883,4991,1248743,295,0,0,295,0
2020-06-20,US,Texas,Trinity,22,0,0,31.0879489,-95.1367187,48455.0,150.16039860760358,0.0,22,21,0,0,21,21,14740,1,0,0,1,0
2020-06-20,US,Texas,Tyler,18,0,0,30.77031716,-94.37690895,48457.0,83.05647840531563,0.0,18,14,0,0,14,14,21696,4,0,0,4,0
2020-06-20,US,Texas,Upshur,41,0,0,32.73706798,-94.93999853,48459.0,98.19653677580055,0.0,41,41,0,0,41,41,41260,0,0,0,0,0
2020-06-20,US,Texas,Upton,1,0,0,31.36868194,-102.0423217,48461.0,27.344818156959253,0.0,1,1,0,0,1,1,3671,0,0,0,0,0
2020-06-20,US,Texas,Uvalde,36,0,0,29.35739637,-99.76229172,48463.0,134.62473355521485,0.0,36,31,0,0,31,30,26846,5,0,0,5,1
2020-06-20,US,Texas,Val Verde,59,0,0,29.89149232,-101.1525205,48465.0,120.3467618561958,0.0,59,53,0,0,53,43,49208,6,0,0,6,10
2020-06-20,US,Texas,Van Zandt,54,3,0,32.56483801,-95.83766469,48467.0,95.42321965011486,5.5555555555555545,51,54,3,0,51,52,56019,0,0,0,0,2
2020-06-20,US,Texas,Victoria,241,8,0,28.79780988,-96.96813006,48469.0,261.7175622257938,3.319502074688797,233,241,8,0,233,223,92035,0,0,0,0,18
2020-06-20,US,Texas,Walker,1905,28,0,30.73872995,-95.57440968,48471.0,2610.6261391511703,1.4698162729658792,1877,1890,28,0,1862,1885,72480,15,0,0,15,5
2020-06-20,US,Texas,Waller,106,0,0,30.01058447,-95.99011759,48473.0,191.86909459508382,0.0,106,104,0,0,104,100,53126,2,0,0,2,4
2020-06-20,US,Texas,Ward,8,0,0,31.50999644,-103.0927909,48475.0,66.67777962993833,0.0,8,7,0,0,7,7,11720,1,0,0,1,0
2020-06-20,US,Texas,Washington,224,26,0,30.21498498,-96.40946246,48477.0,624.2684354272337,11.607142857142858,198,222,26,0,196,222,35108,2,0,0,2,0
2020-06-20,US,Texas,Webb,874,22,0,27.7610369,-99.33237355,48479.0,315.92036204328906,2.517162471395881,852,854,22,0,832,803,275910,20,0,0,20,51
2020-06-20,US,Texas,Wharton,115,1,0,29.27765923,-96.22319248,48481.0,276.7350081817307,0.8695652173913043,114,114,1,0,113,99,41619,1,0,0,1,15
2020-06-20,US,Texas,Wheeler,16,0,0,35.40114335,-100.2699514,48483.0,316.4556962025317,0.0,16,16,0,0,16,16,5191,0,0,0,0,0
2020-06-20,US,Texas,Wichita,169,2,0,33.98842886,-98.7041034,48485.0,127.80760795583453,1.183431952662722,167,150,2,0,148,137,132064,19,0,0,19,13
2020-06-20,US,Texas,Wilbarger,7,0,0,34.07945812,-99.24178437,48487.0,54.82026783616571,0.0,7,7,0,0,7,7,12820,0,0,0,0,0
2020-06-20,US,Texas,Willacy,82,3,0,26.47411727,-97.61535848,48489.0,383.9310796891095,3.6585365853658534,79,75,3,0,72,71,21515,7,0,0,7,4
2020-06-20,US,Texas,Williamson,1237,32,0,30.64655664,-97.6004854,48491.0,209.46539756938859,2.5869037995149555,1205,1159,32,0,1127,1114,566719,78,0,0,78,45
2020-06-20,US,Texas,Wilson,69,5,0,29.1732598,-98.08693082,48493.0,135.10867436851382,7.246376811594202,64,65,5,0,60,55,50224,4,0,0,4,10
2020-06-20,US,Texas,Winkler,6,0,0,31.85008651,-103.0485163,48495.0,74.90636704119851,0.0,6,6,0,0,6,5,7720,0,0,0,0,1
2020-06-20,US,Texas,Wise,62,5,0,33.21570665,-97.65460265,48497.0,88.59167809785093,8.064516129032258,57,62,5,0,57,62,68305,0,0,0,0,0
2020-06-20,US,Texas,Wood,71,5,0,32.78722382,-95.38236368,48499.0,155.9103186279892,7.042253521126762,66,70,5,0,65,66,45129,1,0,0,1,4
2020-06-20,US,Texas,Yoakum,13,0,0,33.17320212,-102.8276433,48501.0,149.20234132904855,0.0,13,11,0,0,11,11,8591,2,0,0,2,0
2020-06-20,US,Texas,Young,16,1,0,33.17659707,-98.68790885,48503.0,88.83953359244866,6.25,15,16,1,0,15,15,18045,0,0,0,0,1
2020-06-20,US,Texas,Zapata,32,0,0,27.00156391,-99.16987152,48505.0,225.68587347485717,0.0,32,31,0,0,31,31,14190,1,0,0,1,0
2020-06-20,US,Texas,Zavala,13,0,0,28.86617238,-99.76050829,48507.0,109.79729729729729,0.0,13,13,0,0,13,13,11983,0,0,0,0,0
2020-06-20,US,Utah,Bear River,1249,2,0,41.52106798,-113.0832816,0.0,668.5651275573017,0.16012810248198558,1247,1188,2,0,1186,1126,,61,0,0,61,62
2020-06-20,US,Utah,Central Utah,96,0,0,39.37231946,-111.5758676,0.0,117.13888278790543,0.0,96,89,0,0,89,81,,7,0,0,7,8
2020-06-20,US,Utah,Davis,822,4,0,40.99001837,-112.1139997,49011.0,231.2359872960861,0.4866180048661801,818,775,4,0,771,739,351713,47,0,0,47,36
2020-06-20,US,Utah,Salt Lake,8687,102,0,40.66616532,-111.9216011,49035.0,748.5972956739572,1.1741682974559686,8585,8363,102,0,8261,8083,1152633,324,0,0,324,280
2020-06-20,US,Utah,San Juan,382,7,0,37.62762978,-109.80337140000002,49037.0,2495.4272275934154,1.8324607329842928,375,380,7,0,373,374,15449,2,0,0,2,6
2020-06-20,US,Utah,Southeast Utah,31,0,0,38.99617072,-110.7013958,0.0,77.05883815158221,0.0,31,31,0,0,31,30,,0,0,0,0,1
2020-06-20,US,Utah,Southwest Utah,1031,9,0,37.85447192,-111.4418764,0.0,409.0588076590409,0.8729388942774006,1022,974,9,0,965,919,,57,0,0,57,55
2020-06-20,US,Utah,Summit,460,0,0,40.86688146,-110.9535882,49043.0,1091.4699252580376,0.0,460,455,0,0,455,453,41933,5,0,0,5,2
2020-06-20,US,Utah,Tooele,195,0,0,40.44862644,-113.1295715,49045.0,269.8625776719855,0.0,195,188,0,0,188,184,69907,7,0,0,7,4
2020-06-20,US,Utah,TriCounty,38,0,0,40.12491499,-109.5174415,0.0,67.11172335841192,0.0,38,38,0,0,38,33,,0,0,0,0,5
2020-06-20,US,Utah,Utah,3056,19,0,40.1166722,-111.6657662,49049.0,480.32566583102164,0.6217277486910995,3037,2957,19,0,2938,2861,622213,99,0,0,99,96
2020-06-20,US,Utah,Wasatch,380,3,0,40.33110236,-111.1691419,49051.0,1114.6636942301486,0.7894736842105263,377,371,3,0,368,368,33240,9,0,0,9,3
2020-06-20,US,Utah,Weber-Morgan,641,9,0,41.27116049,-111.9145117,0.0,235.370148015143,1.4040561622464898,632,616,9,0,607,588,,25,0,0,25,28
2020-06-20,US,Vermont,Addison,67,2,0,44.03217337,-73.14130877,50001.0,182.1790793158768,2.985074626865672,65,67,2,0,65,67,36973,0,0,0,0,0
2020-06-20,US,Vermont,Bennington,69,1,0,43.03519828,-73.09048868,50003.0,194.5305892303355,1.4492753623188406,68,69,1,0,68,68,35631,0,0,0,0,1
2020-06-20,US,Vermont,Caledonia,17,0,0,44.46548598,-72.10314651,50005.0,56.679891974794124,0.0,17,16,0,0,16,16,30302,1,0,0,1,0
2020-06-20,US,Vermont,Chittenden,579,39,0,44.46322849,-73.08359212,50007.0,353.5359703005361,6.735751295336788,540,579,39,0,540,574,164572,0,0,0,0,5
2020-06-20,US,Vermont,Essex,3,0,0,44.72736416,-71.73579864,50009.0,48.67759208177836,0.0,3,3,0,0,3,3,6250,0,0,0,0,0
2020-06-20,US,Vermont,Franklin,102,6,0,44.85627605,-72.91249563,50011.0,206.4693737095664,5.882352941176472,96,102,6,0,96,102,49421,0,0,0,0,0
2020-06-20,US,Vermont,Grand Isle,8,0,0,44.7975824,-73.29679772,50013.0,110.573600552868,0.0,8,8,0,0,8,8,7090,0,0,0,0,0
2020-06-20,US,Vermont,Lamoille,30,1,0,44.60353043,-72.64356694,50015.0,118.28720132481665,3.333333333333333,29,30,1,0,29,29,25300,0,0,0,0,1
2020-06-20,US,Vermont,Orange,9,0,0,44.00470222,-72.37640104,50017.0,31.150491485532328,0.0,9,9,0,0,9,9,28999,0,0,0,0,0
2020-06-20,US,Vermont,Orleans,14,0,0,44.82964024,-72.24562697,50019.0,51.78089285053815,0.0,14,14,0,0,14,13,26907,0,0,0,0,1
2020-06-20,US,Vermont,Rutland,61,1,0,43.57723578,-73.03741676,50021.0,104.82720695640221,1.639344262295082,60,61,1,0,60,60,58672,0,0,0,0,1
2020-06-20,US,Vermont,Unassigned,5,0,0,0.0,0.0,90050.0,0.0,0.0,5,5,0,0,5,5,,0,0,0,0,0
2020-06-20,US,Vermont,Washington,41,1,0,44.27343241,-72.61604978,50023.0,70.19466178157475,2.4390243902439024,40,41,1,0,40,41,58140,0,0,0,0,0
2020-06-20,US,Vermont,Windham,87,3,0,42.986982,-72.71268875,50025.0,206.05371607218981,3.4482758620689653,84,85,3,0,82,85,42756,2,0,0,2,0
2020-06-20,US,Vermont,Windsor,55,2,0,43.58010937,-72.58595157,50027.0,99.88739965856672,3.636363636363636,53,55,2,0,53,55,55286,0,0,0,0,0
2020-06-20,US,Virginia,Accomack,1024,14,0,37.76707161,-75.63234615,51001.0,3168.708998638445,1.3671875,1010,1022,14,0,1008,1018,32412,2,0,0,2,4
2020-06-20,US,Virginia,Albemarle,321,8,0,38.02080697,-78.55481085,51003.0,293.6065123936705,2.4922118380062304,313,304,8,0,296,302,108718,17,0,0,17,2
2020-06-20,US,Virginia,Alexandria,2217,49,0,38.814003,-77.08183073,51510.0,1390.5963820658856,2.2101939557961208,2168,2198,48,0,2150,2186,160530,19,1,0,18,12
2020-06-20,US,Virginia,Alleghany,30,2,0,37.78636074,-80.00222498,51005.0,201.88425302826383,6.666666666666668,28,30,2,0,28,30,14910,0,0,0,0,0
2020-06-20,US,Virginia,Amelia,41,1,0,37.34081025,-77.98584649,51007.0,311.9056675542031,2.4390243902439024,40,41,1,0,40,39,13013,0,0,0,0,2
2020-06-20,US,Virginia,Amherst,29,0,0,37.60308293,-79.14548696,51009.0,91.75763328587247,0.0,29,28,0,0,28,28,31666,1,0,0,1,0
2020-06-20,US,Virginia,Appomattox,36,0,0,37.37569884,-78.81340003,51011.0,226.25856325812333,0.0,36,35,0,0,35,34,15841,1,0,0,1,1
2020-06-20,US,Virginia,Arlington,2405,126,0,38.8767675,-77.10139853,51013.0,1015.444895753287,5.239085239085239,2279,2396,126,0,2270,2382,237521,9,0,0,9,14
2020-06-20,US,Virginia,Augusta,167,2,0,38.16404586,-79.12461614,51015.0,221.0222610444956,1.1976047904191616,165,166,2,0,164,164,75457,1,0,0,1,2
2020-06-20,US,Virginia,Bedford,98,2,0,37.3080028,-79.5281964,51019.0,124.055343873818,2.0408163265306123,96,95,2,0,93,94,78747,3,0,0,3,1
2020-06-20,US,Virginia,Bland,1,0,0,37.13128068,-81.13599391,51021.0,15.92356687898089,0.0,1,1,0,0,1,,6293,0,0,0,0,
2020-06-20,US,Virginia,Botetourt,58,4,0,37.55531756,-79.80982182,51023.0,173.55396630659206,6.896551724137932,54,55,4,0,51,51,33277,3,0,0,3,4
2020-06-20,US,Virginia,Bristol,4,0,0,36.6163024,-82.16359122,51520.0,23.863500775563768,0.0,4,4,0,0,4,4,16482,0,0,0,0,0
2020-06-20,US,Virginia,Brunswick,90,1,0,36.76366949,-77.8593436,51025.0,554.4944858603906,1.1111111111111112,89,90,1,0,89,72,16384,0,0,0,0,18
2020-06-20,US,Virginia,Buchanan,18,0,0,37.26818323,-82.03749726,51027.0,85.69796229289659,0.0,18,18,0,0,18,18,21221,0,0,0,0,0
2020-06-20,US,Virginia,Buckingham,552,3,0,37.57242268,-78.52518834,51029.0,3219.034289713086,0.5434782608695652,549,552,3,0,549,552,16999,0,0,0,0,0
2020-06-20,US,Virginia,Buena Vista,12,0,0,37.73484642,-79.35296097,51530.0,185.24235875270145,0.0,12,12,0,0,12,12,6237,0,0,0,0,0
2020-06-20,US,Virginia,Campbell,32,1,0,37.20553386,-79.09678609,51031.0,58.303725972487925,3.125,31,30,1,0,29,28,54973,2,0,0,2,2
2020-06-20,US,Virginia,Caroline,125,4,0,38.02679129,-77.34901405,51033.0,406.83482506102524,3.2,121,121,4,0,117,119,30772,4,0,0,4,2
2020-06-20,US,Virginia,Carroll,187,5,0,36.73066666,-80.73455942,51035.0,627.7063542680676,2.6737967914438503,182,187,5,0,182,178,29636,0,0,0,0,9
2020-06-20,US,Virginia,Charles City,37,2,0,37.35358063,-77.05634116,51036.0,531.3801522332328,5.405405405405406,35,35,2,0,33,34,6941,2,0,0,2,1
2020-06-20,US,Virginia,Charlotte,31,0,0,37.01909701,-78.66314092,51037.0,260.94276094276097,0.0,31,30,0,0,30,30,11938,1,0,0,1,0
2020-06-20,US,Virginia,Charlottesville,166,3,0,38.03527919,-78.48569588,51540.0,351.20382515973427,1.8072289156626504,163,164,3,0,161,164,48117,2,0,0,2,0
2020-06-20,US,Virginia,Chesapeake,721,16,0,36.67670048,-76.30545744,51550.0,294.48404027201985,2.219140083217753,705,709,16,0,693,697,242634,12,0,0,12,12
2020-06-20,US,Virginia,Chesterfield,2541,46,0,37.37373208,-77.58680140000001,51041.0,720.234012278842,1.810310901219992,2495,2456,46,0,2410,2375,348556,85,0,0,85,81
2020-06-20,US,Virginia,Clarke,44,0,0,39.11271747,-77.99199425,51043.0,300.9781790820165,0.0,44,44,0,0,44,43,14523,0,0,0,0,1
2020-06-20,US,Virginia,Colonial Heights,131,17,0,37.26420587,-77.39609676,51570.0,754.1738629821532,12.977099236641221,114,126,17,0,109,119,17833,5,0,0,5,7
2020-06-20,US,Virginia,Covington,4,0,0,37.7824656,-79.98631446,51580.0,72.22824124232575,0.0,4,4,0,0,4,4,5460,0,0,0,0,0
2020-06-20,US,Virginia,Craig,6,0,0,37.48133648,-80.21072274,51045.0,116.93626973299551,0.0,6,6,0,0,6,6,5064,0,0,0,0,0
2020-06-20,US,Virginia,Culpeper,794,9,0,38.48199985,-77.95630870000002,51047.0,1509.3622279251022,1.1335012594458438,785,792,9,0,783,790,51859,2,0,0,2,2
2020-06-20,US,Virginia,Cumberland,50,0,0,37.51328851,-78.24398086,51049.0,503.4232782923882,0.0,50,50,0,0,50,50,9809,0,0,0,0,0
2020-06-20,US,Virginia,Danville,72,2,0,36.58022376,-79.40395668,51590.0,179.80221756068326,2.7777777777777777,70,68,2,0,66,68,40693,4,0,0,4,0
2020-06-20,US,Virginia,Dickenson,1,0,0,37.12560977,-82.35124171,51051.0,6.984215672579969,0.0,1,1,0,0,1,1,14523,0,0,0,0,0
2020-06-20,US,Virginia,Dinwiddie,121,0,0,37.07544585,-77.63451754,51053.0,423.90695067264573,0.0,121,118,0,0,118,114,28529,3,0,0,3,4
2020-06-20,US,Virginia,Emporia,112,6,0,36.69455571,-77.53406129,51595.0,2095.02431724654,5.357142857142857,106,112,6,0,106,107,5121,0,0,0,0,5
2020-06-20,US,Virginia,Essex,54,0,0,37.93357639,-76.94230311,51057.0,493.0156121610517,0.0,54,54,0,0,54,54,10919,0,0,0,0,0
2020-06-20,US,Virginia,Fairfax,13341,435,0,38.83677558,-77.27565836,51059.0,1162.5819584987607,3.2606251405441866,12906,13244,432,0,12812,13209,1150795,97,3,0,94,35
2020-06-20,US,Virginia,Fairfax,13341,435,0,38.83677558,-77.27565836,51059.0,1162.5819584987607,3.2606251405441866,12906,13244,432,0,12812,13209,24574,97,3,0,94,35
2020-06-20,US,Virginia,Fairfax City,68,6,0,38.85157547,-77.29779640000002,51600.0,283.10920521254013,8.823529411764708,62,67,6,0,61,67,24574,1,0,0,1,0
2020-06-20,US,Virginia,Falls Church,59,7,0,38.88485255,-77.17560759,51610.0,403.63959772867213,11.864406779661017,52,58,7,0,51,58,14772,1,0,0,1,0
2020-06-20,US,Virginia,Fauquier,403,6,0,38.73564842,-77.80647472,51061.0,565.8363988655191,1.488833746898263,397,401,6,0,395,399,70675,2,0,0,2,2
2020-06-20,US,Virginia,Floyd,10,1,0,36.9302126,-80.36738849,51063.0,63.4960949901581,10.0,9,10,1,0,9,10,15795,0,0,0,0,0
2020-06-20,US,Virginia,Fluvanna,104,6,0,37.84157909,-78.27715475,51065.0,381.3714704803814,5.769230769230768,98,103,6,0,97,103,26783,1,0,0,1,0
2020-06-20,US,Virginia,Franklin,48,1,0,36.99536167,-79.88023649,51067.0,85.65004817815209,2.083333333333333,47,48,1,0,47,46,56195,0,0,0,0,2
2020-06-20,US,Virginia,Franklin,48,1,0,36.99536167,-79.88023649,51067.0,85.65004817815209,2.083333333333333,47,48,1,0,47,46,8013,0,0,0,0,2
2020-06-20,US,Virginia,Franklin City,44,2,0,36.6831435,-76.93859681,51620.0,552.2781473578511,4.545454545454546,42,44,2,0,42,44,8013,0,0,0,0,0
2020-06-20,US,Virginia,Frederick,449,4,0,39.20172582,-78.25974949,51069.0,502.7263668222991,0.8908685968819601,445,446,4,0,442,444,88355,3,0,0,3,2
2020-06-20,US,Virginia,Fredericksburg,223,0,0,38.2977863,-77.4922454,51630.0,768.0121228819397,0.0,223,219,0,0,219,218,29144,4,0,0,4,1
2020-06-20,US,Virginia,Galax,222,11,0,36.66601852,-80.91703124,51640.0,3497.7154561210023,4.954954954954955,211,217,11,0,206,211,6423,5,0,0,5,6
2020-06-20,US,Virginia,Giles,7,0,0,37.31234791,-80.70636931,51071.0,41.86602870813398,0.0,7,6,0,0,6,6,16844,1,0,0,1,0
2020-06-20,US,Virginia,Gloucester,42,1,0,37.40809042,-76.53524337,51073.0,112.45582092749277,2.380952380952381,41,41,1,0,40,40,37349,1,0,0,1,1
2020-06-20,US,Virginia,Goochland,115,6,0,37.71714806,-77.90381514,51075.0,484.14937060581815,5.217391304347826,109,115,6,0,109,116,23244,0,0,0,0,-1
2020-06-20,US,Virginia,Grayson,77,2,0,36.65677234,-81.23215889,51077.0,495.17684887459814,2.5974025974025974,75,74,2,0,72,69,15631,3,0,0,3,5
2020-06-20,US,Virginia,Greene,48,1,0,38.29545894,-78.46525378,51079.0,242.19183611685762,2.083333333333333,47,48,1,0,47,48,19779,0,0,0,0,0
2020-06-20,US,Virginia,Greensville,343,7,0,36.67878901,-77.56351439,51081.0,3025.7586450246995,2.0408163265306123,336,344,7,0,337,344,11627,-1,0,0,-1,0
2020-06-20,US,Virginia,Halifax,39,1,0,36.76654925,-78.93512622,51083.0,115.00692990475069,2.5641025641025643,38,39,1,0,38,39,34120,0,0,0,0,0
2020-06-20,US,Virginia,Hampton,258,5,0,37.03513786,-76.35879121,51650.0,191.80730057244816,1.937984496124031,253,252,5,0,247,251,134313,6,0,0,6,1
2020-06-20,US,Virginia,Hanover,397,25,0,37.7583355,-77.49464673,51085.0,368.39077259989233,6.297229219143577,372,387,25,0,362,380,107239,10,0,0,10,7
2020-06-20,US,Virginia,Harrisonburg,885,23,0,38.43542574,-78.87536254,51660.0,1669.3073789044818,2.5988700564971747,862,874,23,0,851,870,54033,11,0,0,11,4
2020-06-20,US,Virginia,Henrico,2383,138,0,37.53460572,-77.39326555,51087.0,720.3356528363028,5.791019723038187,2245,2368,138,0,2230,2342,329261,15,0,0,15,26
2020-06-20,US,Virginia,Henry,227,3,0,36.68542395,-79.87634026,51089.0,448.99816049211785,1.3215859030837005,224,224,3,0,221,214,50953,3,0,0,3,10
2020-06-20,US,Virginia,Highland,3,0,0,38.35799465,-79.56124594,51091.0,136.98630136986299,0.0,3,3,0,0,3,3,2210,0,0,0,0,0
2020-06-20,US,Virginia,Hopewell,151,2,0,37.29186313,-77.29754684,51670.0,670.2472368946691,1.3245033112582782,149,151,2,0,149,150,22596,0,0,0,0,1
2020-06-20,US,Virginia,Isle of Wight,161,8,0,36.90579348,-76.70842863,51093.0,433.85701581826515,4.9689440993788825,153,159,8,0,151,158,36953,2,0,0,2,1
2020-06-20,US,Virginia,James City,239,15,0,37.31156958,-76.76950618,51095.0,312.3243992002405,6.276150627615063,224,238,15,0,223,237,76397,1,0,0,1,1
2020-06-20,US,Virginia,King George,96,4,0,38.26818502,-77.15852768,51099.0,357.72842450439714,4.166666666666667,92,95,4,0,91,95,26575,1,0,0,1,0
2020-06-20,US,Virginia,King William,35,0,0,37.70965316,-77.09384941,51101.0,204.10543503615585,0.0,35,33,0,0,33,33,16939,2,0,0,2,0
2020-06-20,US,Virginia,King and Queen,24,1,0,37.71044922,-76.88689628,51097.0,341.6370106761566,4.166666666666667,23,24,1,0,23,24,7042,0,0,0,0,0
2020-06-20,US,Virginia,Lancaster,12,0,0,37.71889653,-76.46400482,51103.0,113.1755163632934,0.0,12,11,0,0,11,11,10783,1,0,0,1,0
2020-06-20,US,Virginia,Lee,9,0,0,36.70586667,-83.12606515,51105.0,38.42377150663877,0.0,9,9,0,0,9,9,23541,0,0,0,0,0
2020-06-20,US,Virginia,Lexington,9,0,0,37.78258621,-79.44262866,51678.0,120.87026591458502,0.0,9,8,0,0,8,8,7136,1,0,0,1,0
2020-06-20,US,Virginia,Loudoun,3543,82,0,39.08990083,-77.63481877,51107.0,856.753188340612,2.3144228055320353,3461,3504,82,0,3422,3499,406850,39,0,0,39,5
2020-06-20,US,Virginia,Louisa,108,1,0,37.97850256,-77.96274807,51109.0,287.3028118432604,0.925925925925926,107,102,1,0,101,102,36778,6,0,0,6,0
2020-06-20,US,Virginia,Lunenburg,21,0,0,36.94618528,-78.24133319,51111.0,172.18760249262056,0.0,21,21,0,0,21,21,12086,0,0,0,0,0
2020-06-20,US,Virginia,Lynchburg,108,1,0,37.40021399,-79.19888138,51680.0,131.43802940317397,0.925925925925926,107,105,1,0,104,99,82126,3,0,0,3,6
2020-06-20,US,Virginia,Madison,42,1,0,38.41531222,-78.28220331,51113.0,316.7181962144635,2.380952380952381,41,42,1,0,41,42,13295,0,0,0,0,0
2020-06-20,US,Virginia,Manassas,1353,16,0,38.7464321,-77.48509905,51683.0,3293.1726907630523,1.1825572801182558,1337,1352,16,0,1336,1337,41641,1,0,0,1,15
2020-06-20,US,Virginia,Manassas Park,407,5,0,38.77058531,-77.44399307,51685.0,2328.641721020712,1.2285012285012284,402,402,5,0,397,393,17307,5,0,0,5,9
2020-06-20,US,Virginia,Martinsville,59,1,0,36.68212094,-79.86352771,51690.0,469.9697307631034,1.6949152542372878,58,59,1,0,58,58,12902,0,0,0,0,1
2020-06-20,US,Virginia,Mathews,5,0,0,37.44164146,-76.34098896,51115.0,56.599501924383055,0.0,5,5,0,0,5,5,8802,0,0,0,0,0
2020-06-20,US,Virginia,Mecklenburg,234,24,0,36.67882005,-78.36131056,51117.0,765.0308954784712,10.256410256410255,210,234,24,0,210,233,30650,0,0,0,0,1
2020-06-20,US,Virginia,Middlesex,15,0,0,37.63191998,-76.55064617,51119.0,141.75014175014175,0.0,15,14,0,0,14,14,10769,1,0,0,1,0
2020-06-20,US,Virginia,Montgomery,107,2,0,37.17746986,-80.37868691,51121.0,108.59085604100065,1.8691588785046729,105,97,2,0,95,97,98985,10,0,0,10,0
2020-06-20,US,Virginia,Nelson,18,0,0,37.78790447,-78.88498513,51125.0,120.56262558606831,0.0,18,18,0,0,18,18,14836,0,0,0,0,0
2020-06-20,US,Virginia,New Kent,48,1,0,37.50694406,-76.99828634,51127.0,207.87319734961673,2.083333333333333,47,48,1,0,47,48,22391,0,0,0,0,0
2020-06-20,US,Virginia,Newport News,430,10,0,37.08166899,-76.51754109,51700.0,239.92188589761474,2.3255813953488373,420,410,10,0,400,402,178626,20,0,0,20,8
2020-06-20,US,Virginia,Norfolk,723,7,0,36.89934014,-76.26420872,51710.0,297.84709691771513,0.9681881051175656,716,707,7,0,700,704,244076,16,0,0,16,3
2020-06-20,US,Virginia,Northampton,268,27,0,37.34062933,-75.87751591,51131.0,2288.6421861656704,10.074626865671641,241,267,27,0,240,267,11735,1,0,0,1,0
2020-06-20,US,Virginia,Northumberland,28,1,0,37.89202088,-76.41949732,51133.0,231.50062009094668,3.571428571428572,27,28,1,0,27,27,12147,0,0,0,0,1
2020-06-20,US,Virginia,Norton,2,0,0,36.93357076,-82.62750411,51720.0,50.23863350916855,0.0,2,2,0,0,2,2,3968,0,0,0,0,0
2020-06-20,US,Virginia,Nottoway,80,0,0,37.1435975,-78.05065922,51135.0,525.2100840336135,0.0,80,80,0,0,80,74,15420,0,0,0,0,6
2020-06-20,US,Virginia,Orange,137,2,0,38.24530219,-78.01560400000002,51137.0,369.76060025370435,1.45985401459854,135,136,2,0,134,136,36644,1,0,0,1,0
2020-06-20,US,Virginia,Page,261,24,0,38.61807452,-78.48797204,51139.0,1091.9588318969124,9.195402298850574,237,261,24,0,237,259,23933,0,0,0,0,2
2020-06-20,US,Virginia,Patrick,36,0,0,36.6801638,-80.2865648,51141.0,204.45252158109952,0.0,36,36,0,0,36,36,17673,0,0,0,0,0
2020-06-20,US,Virginia,Petersburg,198,3,0,37.20530399,-77.39368102,51730.0,631.6595418873221,1.5151515151515151,195,197,3,0,194,196,31567,1,0,0,1,1
2020-06-20,US,Virginia,Pittsylvania,82,1,0,36.81980341,-79.39731264,51143.0,135.86506279616927,1.2195121951219512,81,76,1,0,75,76,60949,6,0,0,6,0
2020-06-20,US,Virginia,Poquoson,14,0,0,37.14259351,-76.35798148,51735.0,114.09013120365087,0.0,14,12,0,0,12,12,12190,2,0,0,2,0
2020-06-20,US,Virginia,Portsmouth,405,13,0,36.85914825,-76.35971629,51740.0,429.03451344308144,3.2098765432098766,392,405,13,0,392,402,94632,0,0,0,0,3
2020-06-20,US,Virginia,Powhatan,61,2,0,37.55016038,-77.91267882,51145.0,205.71968164036156,3.278688524590164,59,59,2,0,57,55,29189,2,0,0,2,4
2020-06-20,US,Virginia,Prince Edward,173,3,0,37.22554789,-78.43597949,51147.0,758.7053767213401,1.7341040462427746,170,173,3,0,170,173,22950,0,0,0,0,0
2020-06-20,US,Virginia,Prince George,191,0,0,37.18497668,-77.22922187,51149.0,498.00537115740616,0.0,191,179,0,0,179,170,38082,12,0,0,12,9
2020-06-20,US,Virginia,Prince William,6807,131,0,38.70916224,-77.48713689,51153.0,1447.2663101831672,1.9244894961069487,6676,6756,131,0,6625,6684,468011,51,0,0,51,72
2020-06-20,US,Virginia,Pulaski,36,1,0,37.06474963,-80.71229738,51155.0,105.79833661504101,2.7777777777777777,35,31,1,0,30,31,34066,5,0,0,5,0
2020-06-20,US,Virginia,Radford,9,0,0,37.12222899,-80.56027320000003,51750.0,49.317770836758186,0.0,9,9,0,0,9,9,18339,0,0,0,0,0
2020-06-20,US,Virginia,Rappahannock,17,0,0,38.68295619,-78.15826963,51157.0,230.66485753052916,0.0,17,16,0,0,16,16,7252,1,0,0,1,0
2020-06-20,US,Virginia,Richmond,317,7,0,37.937575,-76.72920628,51159.0,3513.243932173335,2.2082018927444795,310,301,7,0,294,295,9038,16,0,0,16,6
2020-06-20,US,Virginia,Richmond City,1960,29,0,37.53255773,-77.47966921,51760.0,850.5615442031627,1.479591836734694,1931,1929,29,0,1900,1895,228783,31,0,0,31,34
2020-06-20,US,Virginia,Roanoke,171,5,0,37.26865804,-80.06396753,51161.0,181.5556452126643,2.9239766081871346,166,161,5,0,156,149,94073,10,0,0,10,12
2020-06-20,US,Virginia,Roanoke City,308,10,0,37.27791025,-79.96189766,51770.0,310.66237656718073,3.2467532467532467,298,291,10,0,281,277,99920,17,0,0,17,14
2020-06-20,US,Virginia,Rockbridge,18,0,0,37.81204314,-79.44605905,51163.0,79.74128383466973,0.0,18,18,0,0,18,18,22752,0,0,0,0,0
2020-06-20,US,Virginia,Rockingham,651,7,0,38.51006137,-78.87260325,51165.0,794.4062088153462,1.075268817204301,644,646,7,0,639,641,81244,5,0,0,5,5
2020-06-20,US,Virginia,Russell,9,0,0,36.93028320000001,-82.10095486,51167.0,33.852403520649965,0.0,9,9,0,0,9,9,26748,0,0,0,0,0
2020-06-20,US,Virginia,Salem,50,3,0,37.2836193,-80.06219455,51775.0,197.6206474052409,6.0,47,49,3,0,46,48,25643,1,0,0,1,1
2020-06-20,US,Virginia,Scott,8,2,0,36.71466456,-82.60171704,51169.0,37.095427988500425,25.0,6,8,2,0,6,8,21534,0,0,0,0,0
2020-06-20,US,Virginia,Shenandoah,536,27,0,38.85905135,-78.56813762,51171.0,1228.9068231841527,5.037313432835822,509,534,27,0,507,530,43497,2,0,0,2,4
2020-06-20,US,Virginia,Smyth,33,0,0,36.84455636,-81.53344948,51173.0,109.61998405527504,0.0,33,30,0,0,30,28,30472,3,0,0,3,2
2020-06-20,US,Virginia,Southampton,154,2,0,36.72231125,-77.10642712,51175.0,873.4615166468152,1.2987012987012987,152,154,2,0,152,154,17586,0,0,0,0,0
2020-06-20,US,Virginia,Spotsylvania,891,20,0,38.18574462,-77.655399,51177.0,654.1129831516353,2.2446689113355784,871,874,19,0,855,862,134238,17,1,0,16,12
2020-06-20,US,Virginia,Stafford,920,5,0,38.41758738,-77.45917053,51179.0,601.7713007417485,0.5434782608695652,915,921,5,0,916,917,149960,-1,0,0,-1,4
2020-06-20,US,Virginia,Staunton,65,0,0,38.15965544,-79.05979937,51790.0,260.7091288304188,0.0,65,62,0,0,62,62,24922,3,0,0,3,0
2020-06-20,US,Virginia,Suffolk,356,34,0,36.70155394,-76.63603554,51800.0,386.5028010596257,9.550561797752811,322,353,34,0,319,349,91185,3,0,0,3,4
2020-06-20,US,Virginia,Surry,13,1,0,37.11781893,-76.88450012,51181.0,202.4291497975709,7.6923076923076925,12,13,1,0,12,13,6474,0,0,0,0,0
2020-06-20,US,Virginia,Sussex,185,2,0,36.92432914,-77.25791182,51183.0,1657.8546464736985,1.0810810810810811,183,185,2,0,183,185,11237,0,0,0,0,0
2020-06-20,US,Virginia,Tazewell,9,0,0,37.12191123,-81.56685568,51185.0,22.170218007143742,0.0,9,9,0,0,9,9,40855,0,0,0,0,0
2020-06-20,US,Virginia,Virginia Beach,956,27,0,36.73285734,-76.04566934,51810.0,212.4567197215839,2.8242677824267783,929,950,27,0,923,936,450189,6,0,0,6,14
2020-06-20,US,Virginia,Warren,236,4,0,38.90847745,-78.20280433,51187.0,587.5908774026492,1.6949152542372878,232,235,4,0,231,234,40003,1,0,0,1,1
2020-06-20,US,Virginia,Washington,59,4,0,36.72341572,-81.95666289,51191.0,109.78786751023445,6.779661016949151,55,58,4,0,54,58,54402,1,0,0,1,0
2020-06-20,US,Virginia,Waynesboro,60,0,0,38.06451466,-78.90293905,51820.0,265.1347768448962,0.0,60,61,0,0,61,61,22628,-1,0,0,-1,0
2020-06-20,US,Virginia,Westmoreland,88,1,0,38.11021557,-76.80213247,51193.0,488.48182070496813,1.1363636363636365,87,87,1,0,86,87,17830,1,0,0,1,0
2020-06-20,US,Virginia,Williamsburg,54,5,0,37.28131268,-76.70905141,51830.0,361.10739601444425,9.25925925925926,49,54,5,0,49,54,14896,0,0,0,0,0
2020-06-20,US,Virginia,Winchester,279,3,0,39.17054517,-78.17325058,51840.0,993.6605171308497,1.075268817204301,276,278,3,0,275,276,28108,1,0,0,1,2
2020-06-20,US,Virginia,Wise,27,2,0,36.9746148,-82.62410519,51195.0,72.22534307037958,7.407407407407407,25,27,2,0,25,27,38012,0,0,0,0,0
2020-06-20,US,Virginia,Wythe,43,1,0,36.91582035,-81.07834059,51197.0,149.90935713289642,2.3255813953488373,42,42,1,0,41,42,28754,1,0,0,1,0
2020-06-20,US,Virginia,York,98,3,0,37.24374789,-76.54412815,51199.0,143.52665495020503,3.0612244897959178,95,97,3,0,94,94,67846,1,0,0,1,3
2020-06-20,US,Washington,Adams,102,0,0,46.98299757,-118.5601734,53001.0,510.43386878847014,0.0,102,102,0,0,102,101,19759,0,0,0,0,1
2020-06-20,US,Washington,Asotin,20,2,0,46.18894415,-117.2022851,53003.0,88.56611460455228,10.0,18,20,2,0,18,20,22610,0,0,0,0,0
2020-06-20,US,Washington,Benton,1360,76,0,46.23946995,-119.5120834,53005.0,665.3945887763589,5.588235294117646,1284,1313,75,0,1238,1268,201877,47,1,0,46,45
2020-06-20,US,Washington,Chelan,280,6,0,47.87046092,-120.6173956,53007.0,362.6943005181347,2.142857142857143,274,278,6,0,272,279,77036,2,0,0,2,-1
2020-06-20,US,Washington,Clallam,33,0,0,48.04754642,-123.9226319,53009.0,42.673701361679015,0.0,33,33,0,0,33,32,76737,0,0,0,0,1
2020-06-20,US,Washington,Clark,642,29,0,45.77568046,-122.4829204,53011.0,131.49243918474687,4.517133956386293,613,635,29,0,606,638,481857,7,0,0,7,-3
2020-06-20,US,Washington,Columbia,2,0,0,46.29442881,-117.9051983,53013.0,50.188205771643666,0.0,2,2,0,0,2,1,4059,0,0,0,0,1
2020-06-20,US,Washington,Cowlitz,136,0,0,46.19074721,-122.6782231,53015.0,122.97342508115344,0.0,136,130,0,0,130,124,108987,6,0,0,6,6
2020-06-20,US,Washington,Douglas,188,3,0,47.7361335,-119.692937,53017.0,432.89046489672796,1.5957446808510638,185,186,3,0,183,189,42907,2,0,0,2,-3
2020-06-20,US,Washington,Ferry,1,0,0,48.471143100000006,-118.5154041,53019.0,13.111315064901008,0.0,1,1,0,0,1,1,7649,0,0,0,0,0
2020-06-20,US,Washington,Franklin,1193,29,0,46.53351425,-118.9018212,53021.0,1252.861733632984,2.4308466051969826,1164,1113,29,0,1084,1081,94347,80,0,0,80,32
2020-06-20,US,Washington,Grant,354,4,0,47.20753737,-119.4500749,53025.0,362.211330870842,1.1299435028248588,350,348,4,0,344,328,97331,6,0,0,6,20
2020-06-20,US,Washington,Grays Harbor,24,0,0,47.14003705,-123.7820567,53027.0,31.973994484485956,0.0,24,22,0,0,22,21,73901,2,0,0,2,1
2020-06-20,US,Washington,Island,188,12,0,48.14713305,-122.5216407,53029.0,220.8101854570653,6.382978723404255,176,186,12,0,174,184,84460,2,0,0,2,2
2020-06-20,US,Washington,Jefferson,33,0,0,47.75003077,-123.56097040000002,53031.0,102.41767791192079,0.0,33,33,0,0,33,32,31729,0,0,0,0,1
2020-06-20,US,Washington,King,9154,601,0,47.49137892,-121.8346131,53033.0,406.34202510495913,6.56543587502731,8553,9061,600,0,8461,8963,2233163,93,1,0,92,98
2020-06-20,US,Washington,Kitsap,189,2,0,47.63479026,-122.6436061,53035.0,69.62018322264093,1.058201058201058,187,185,2,0,183,182,269805,4,0,0,4,3
2020-06-20,US,Washington,Kittitas,95,0,0,47.12521214,-120.679439,53037.0,198.1850422447064,0.0,95,94,0,0,94,92,47364,1,0,0,1,2
2020-06-20,US,Washington,Klickitat,51,3,0,45.87325839,-120.7913598,53039.0,227.4247491638796,5.882352941176472,48,51,3,0,48,52,22107,0,0,0,0,-1
2020-06-20,US,Washington,Lewis,47,3,0,46.57756476,-122.3925769,53041.0,58.23534513734868,6.382978723404255,44,47,3,0,44,43,79604,0,0,0,0,4
2020-06-20,US,Washington,Lincoln,2,0,0,47.57705241,-118.4194388,53043.0,18.283206874485785,0.0,2,2,0,0,2,2,10740,0,0,0,0,0
2020-06-20,US,Washington,Mason,42,1,0,47.35007586,-123.1863685,53045.0,62.90438533429187,2.380952380952381,41,41,1,0,40,41,65507,1,0,0,1,0
2020-06-20,US,Washington,Okanogan,63,2,0,48.54855019,-119.7387224,53047.0,149.1371351466515,3.1746031746031744,61,63,2,0,61,62,42132,0,0,0,0,1
2020-06-20,US,Washington,Pacific,12,1,0,46.55418369,-123.7285716,53049.0,53.4021627875929,8.333333333333334,11,12,1,0,11,12,22036,0,0,0,0,0
2020-06-20,US,Washington,Pend Oreille,3,0,0,48.53234021,-117.2741804,53051.0,21.85951617604197,0.0,3,3,0,0,3,3,13602,0,0,0,0,0
2020-06-20,US,Washington,Pierce,2258,92,0,47.03892768,-122.1405958,53053.0,249.50827642599842,4.074402125775023,2166,2230,89,0,2141,2199,891299,28,3,0,25,31
2020-06-20,US,Washington,San Juan,17,0,0,48.60182783,-122.96745,53055.0,96.68979638266407,0.0,17,16,0,0,16,16,17128,1,0,0,1,0
2020-06-20,US,Washington,Skagit,482,15,0,48.48171488,-121.766131,53057.0,373.05057853798235,3.1120331950207474,467,479,15,0,464,474,128206,3,0,0,3,5
2020-06-20,US,Washington,Skamania,5,0,0,46.02408726,-121.9164403,53059.0,41.380451874534465,0.0,5,5,0,0,5,3,11924,0,0,0,0,2
2020-06-20,US,Washington,Snohomish,3226,163,0,48.04615983,-121.7170703,53061.0,392.4177972297202,5.052696838189709,3063,3208,162,0,3046,3200,814901,18,1,0,17,8
2020-06-20,US,Washington,Spokane,954,38,0,47.62113146,-117.4046494,53063.0,182.47965753503263,3.9832285115303994,916,902,37,0,865,880,514631,52,1,0,51,22
2020-06-20,US,Washington,Stevens,16,1,0,48.40035475,-117.8542701,53065.0,34.993329396583775,6.25,15,16,1,0,15,16,45260,0,0,0,0,0
2020-06-20,US,Washington,Thurston,212,4,0,46.9291895,-122.8290656,53067.0,72.96858220668005,1.8867924528301887,208,209,6,0,203,201,286419,3,-2,0,5,8
2020-06-20,US,Washington,Unassigned,62,0,0,0.0,0.0,90053.0,0.0,0.0,62,25,0,0,25,47,,37,0,0,37,-22
2020-06-20,US,Washington,Wahkiakum,4,0,0,46.29180039999999,-123.4250831,53069.0,89.12655971479502,0.0,4,4,0,0,4,4,4426,0,0,0,0,0
2020-06-20,US,Washington,Walla Walla,132,3,0,46.23040051,-118.4775539,53071.0,217.24818959842003,2.272727272727273,129,129,3,0,126,127,60922,3,0,0,3,2
2020-06-20,US,Washington,Whatcom,486,39,0,48.82227976,-121.7490018,53073.0,211.99841219296215,8.024691358024691,447,474,39,0,435,467,225685,12,0,0,12,7
2020-06-20,US,Washington,Whitman,28,0,0,46.90022523,-117.5241763,53075.0,55.883761775506954,0.0,28,28,0,0,28,30,49791,0,0,0,0,-2
2020-06-20,US,Washington,Yakima,6129,136,0,46.45738486,-120.7380126,53077.0,2443.068803737349,2.21895904715288,5993,5915,131,0,5784,5777,251446,214,5,0,209,138
2020-06-20,US,West Virginia,Barbour,11,1,0,39.1307219,-80.00350858,54001.0,66.90590596679034,9.090909090909092,10,11,1,0,10,11,16535,0,0,0,0,0
2020-06-20,US,West Virginia,Berkeley,429,9,0,39.46704621,-78.02414609,54003.0,359.9869095669248,2.097902097902098,420,427,9,0,418,415,117123,2,0,0,2,12
2020-06-20,US,West Virginia,Boone,20,0,0,38.01974191,-81.69888019,54005.0,93.20967516428206,0.0,20,20,0,0,20,20,21951,0,0,0,0,0
2020-06-20,US,West Virginia,Braxton,3,0,0,38.70036159,-80.72011184,54007.0,21.49459052805044,0.0,3,3,0,0,3,3,14089,0,0,0,0,0
2020-06-20,US,West Virginia,Brooke,6,0,0,40.27367263,-80.57915332,54009.0,27.34855736359907,0.0,6,6,0,0,6,6,22203,0,0,0,0,0
2020-06-20,US,West Virginia,Cabell,81,0,0,38.42424062,-82.23855912,54011.0,88.09614443417259,0.0,81,80,0,0,80,79,93224,1,0,0,1,1
2020-06-20,US,West Virginia,Calhoun,2,0,0,38.84315422,-81.11934872,54013.0,28.133352088901397,0.0,2,2,0,0,2,2,7254,0,0,0,0,0
2020-06-20,US,West Virginia,Clay,10,0,0,38.46231092,-81.07652217,54015.0,117.53643629525152,0.0,10,10,0,0,10,10,8632,0,0,0,0,0
2020-06-20,US,West Virginia,Fayette,57,4,0,38.02974928,-81.08286634,54019.0,134.41494128189407,7.0175438596491215,53,56,4,0,52,56,43018,1,0,0,1,0
2020-06-20,US,West Virginia,Gilmer,10,0,0,38.9251277,-80.85952723,54021.0,127.82819890067749,0.0,10,10,0,0,10,10,8026,0,0,0,0,0
2020-06-20,US,West Virginia,Grant,16,0,0,39.10314817,-79.19440518,54023.0,138.31258644536652,0.0,16,16,0,0,16,16,11626,0,0,0,0,0
2020-06-20,US,West Virginia,Greenbrier,48,0,0,37.9463652,-80.45335881,54025.0,138.48018002423404,0.0,48,42,0,0,42,42,34786,6,0,0,6,0
2020-06-20,US,West Virginia,Hampshire,40,1,0,39.32103553,-78.60826476,54027.0,172.5997842502697,2.5,39,40,1,0,39,40,23347,0,0,0,0,0
2020-06-20,US,West Virginia,Hancock,21,0,0,40.51943859,-80.57461608,54029.0,72.89135716765013,0.0,21,21,0,0,21,21,29094,0,0,0,0,0
2020-06-20,US,West Virginia,Hardy,41,0,0,39.00683177,-78.85855301,54031.0,297.61904761904765,0.0,41,41,0,0,41,41,13775,0,0,0,0,0
2020-06-20,US,West Virginia,Harrison,49,1,0,39.2853852,-80.37919577,54033.0,72.85595337218984,2.0408163265306123,48,49,1,0,48,49,67554,0,0,0,0,0
2020-06-20,US,West Virginia,Jackson,141,18,0,38.84263974,-81.68148753,54035.0,493.4210526315789,12.76595744680851,123,141,18,0,123,141,28706,0,0,0,0,0
2020-06-20,US,West Virginia,Jefferson,215,4,0,39.30776166,-77.86014147,54037.0,376.22930738809373,1.8604651162790695,211,215,4,0,211,213,56811,0,0,0,0,2
2020-06-20,US,West Virginia,Kanawha,264,20,0,38.33860077,-81.52857054,54039.0,148.2113583795558,7.575757575757576,244,261,20,0,241,256,180454,3,0,0,3,5
2020-06-20,US,West Virginia,Lewis,15,1,0,38.9947249,-80.49988181,54041.0,94.29810775130446,6.666666666666668,14,15,1,0,14,14,16024,0,0,0,0,1
2020-06-20,US,West Virginia,Lincoln,5,0,0,38.172154,-82.07017953,54043.0,24.498995541182808,0.0,5,5,0,0,5,5,20599,0,0,0,0,0
2020-06-20,US,West Virginia,Logan,21,1,0,37.8299889,-81.93528571,54045.0,65.58605827789751,4.761904761904762,20,21,1,0,20,21,32607,0,0,0,0,0
2020-06-20,US,West Virginia,Marion,53,2,0,39.50984542,-80.24244659,54049.0,94.5213297189328,3.7735849056603774,51,53,2,0,51,53,56097,0,0,0,0,0
2020-06-20,US,West Virginia,Marshall,37,0,0,39.86064362,-80.66591062,54051.0,121.18830041597064,0.0,37,37,0,0,37,37,30785,0,0,0,0,0
2020-06-20,US,West Virginia,Mason,15,0,0,38.77071799,-82.02524219,54053.0,56.569618343641565,0.0,15,15,0,0,15,15,26718,0,0,0,0,0
2020-06-20,US,West Virginia,McDowell,6,0,0,37.38002939,-81.65083669,54047.0,34.04448479346346,0.0,6,6,0,0,6,6,18223,0,0,0,0,0
2020-06-20,US,West Virginia,Mercer,19,0,0,37.40481169,-81.11023142,54055.0,32.336022328874364,0.0,19,16,0,0,16,16,59131,3,0,0,3,0
2020-06-20,US,West Virginia,Mineral,53,2,0,39.41561583,-78.94104895,54057.0,197.26068185201729,3.7735849056603774,51,53,2,0,51,52,26940,0,0,0,0,1
2020-06-20,US,West Virginia,Mingo,14,2,0,37.73048351,-82.13338365,54059.0,59.76775956284153,14.285714285714285,12,14,2,0,12,12,23785,0,0,0,0,2
2020-06-20,US,West Virginia,Monongalia,150,5,0,39.63218457,-80.04766838,54061.0,142.02931485058517,3.333333333333333,145,149,5,0,144,147,106420,1,0,0,1,2
2020-06-20,US,West Virginia,Monroe,9,0,0,37.56274716,-80.54577965,54063.0,67.79661016949153,0.0,9,9,0,0,9,9,13280,0,0,0,0,0
2020-06-20,US,West Virginia,Morgan,20,0,0,39.55439028,-78.26311676,54065.0,111.83180496533214,0.0,20,20,0,0,20,19,17787,0,0,0,0,1
2020-06-20,US,West Virginia,Nicholas,7,1,0,38.29617706,-80.79759588,54067.0,28.576094056172444,14.285714285714285,6,7,1,0,6,7,24842,0,0,0,0,0
2020-06-20,US,West Virginia,Ohio,70,1,0,40.0955451,-80.62203992,54069.0,169.03721233488687,1.4285714285714286,69,67,1,0,66,60,41755,3,0,0,3,7
2020-06-20,US,West Virginia,Pendleton,13,1,0,38.68314479,-79.35084086,54071.0,186.5403931697517,7.6923076923076925,12,13,1,0,12,13,6997,0,0,0,0,0
2020-06-20,US,West Virginia,Pleasants,4,0,0,39.37091679,-81.16771771,54073.0,53.61930294906166,0.0,4,4,0,0,4,4,7507,0,0,0,0,0
2020-06-20,US,West Virginia,Pocahontas,24,0,0,38.32758728,-80.00993811,54075.0,291.0149145143688,0.0,24,22,0,0,22,22,8414,2,0,0,2,0
2020-06-20,US,West Virginia,Preston,48,2,0,39.46770987,-79.66712803,54077.0,143.57501794687724,4.166666666666667,46,43,2,0,41,36,33839,5,0,0,5,7
2020-06-20,US,West Virginia,Putnam,44,0,0,38.50782345,-81.9082131,54079.0,77.94508414526129,0.0,44,41,0,0,41,40,56682,3,0,0,3,1
2020-06-20,US,West Virginia,Raleigh,30,0,0,37.76936795,-81.2456041,54081.0,40.893662845381066,0.0,30,29,0,0,29,27,74254,1,0,0,1,2
2020-06-20,US,West Virginia,Randolph,149,0,0,38.769899,-79.87919615,54083.0,519.2542254748214,0.0,149,148,0,0,148,146,28823,1,0,0,1,2
2020-06-20,US,West Virginia,Ritchie,3,0,0,39.18094587,-81.06356878,54085.0,31.400460540087924,0.0,3,2,0,0,2,2,9721,1,0,0,1,0
2020-06-20,US,West Virginia,Roane,12,1,0,38.71622686,-81.35243568,54087.0,87.66803039158388,8.333333333333334,11,11,1,0,10,11,13932,1,0,0,1,0
2020-06-20,US,West Virginia,Summers,1,0,0,37.65390597,-80.86009693,54089.0,7.953551260637875,0.0,1,1,0,0,1,1,12760,0,0,0,0,0
2020-06-20,US,West Virginia,Taylor,13,0,0,39.33602617,-80.0421439,54091.0,77.86762503743634,0.0,13,13,0,0,13,12,16862,0,0,0,0,1
2020-06-20,US,West Virginia,Tucker,5,0,0,39.11240885,-79.57053576,54093.0,73.11010381634742,0.0,5,5,0,0,5,5,6955,0,0,0,0,0
2020-06-20,US,West Virginia,Tyler,3,0,0,39.46811972,-80.88772676,54095.0,34.920265394016994,0.0,3,3,0,0,3,3,8746,0,0,0,0,0
2020-06-20,US,West Virginia,Upshur,11,0,0,38.89285061,-80.23689136,54097.0,45.49966909331569,0.0,11,13,0,0,13,11,24415,-2,0,0,-2,2
2020-06-20,US,West Virginia,Wayne,106,9,0,38.14901357,-82.42287994,54099.0,269.0218770620781,8.49056603773585,97,106,9,0,97,106,39944,0,0,0,0,0
2020-06-20,US,West Virginia,Wetzel,9,0,0,39.6065771,-80.64016540000001,54103.0,59.741121805509465,0.0,9,9,0,0,9,9,15270,0,0,0,0,0
2020-06-20,US,West Virginia,Wirt,4,0,0,39.02775007,-81.37473928,54105.0,68.7167153410067,0.0,4,4,0,0,4,4,5830,0,0,0,0,0
2020-06-20,US,West Virginia,Wood,56,2,0,39.20967886,-81.5162836,54107.0,67.05141406642879,3.571428571428572,54,56,2,0,54,56,84203,0,0,0,0,0
2020-06-20,US,West Virginia,Wyoming,7,0,0,37.612327,-81.54511071,54109.0,34.32382073158772,0.0,7,7,0,0,7,6,20786,0,0,0,0,1
2020-06-20,US,Wisconsin,Adams,10,2,0,43.96974651,-89.76782777,55001.0,49.455984174085074,20.0,8,10,2,0,8,10,20348,0,0,0,0,0
2020-06-20,US,Wisconsin,Ashland,3,0,0,46.31956891,-90.67837132,55003.0,19.27772779848349,0.0,3,3,0,0,3,3,15600,0,0,0,0,0
2020-06-20,US,Wisconsin,Barron,31,0,0,45.42372701,-91.84833627,55005.0,68.51737246927769,0.0,31,30,0,0,30,30,45164,1,0,0,1,0
2020-06-20,US,Wisconsin,Bayfield,3,1,0,46.52868768,-91.19716729,55007.0,19.952114924181963,33.333333333333336,2,3,1,0,2,3,15042,0,0,0,0,0
2020-06-20,US,Wisconsin,Brown,2572,39,0,44.4526553,-88.00411844,55009.0,972.2463729766918,1.5163297045101092,2533,2538,39,0,2499,2520,263378,34,0,0,34,18
2020-06-20,US,Wisconsin,Buffalo,6,2,0,44.37835084,-91.75332578,55011.0,46.04404880669172,33.333333333333336,4,7,2,0,5,6,13125,-1,0,0,-1,1
2020-06-20,US,Wisconsin,Burnett,2,1,0,45.86303537,-92.36711412,55013.0,12.975217334890358,50.0,1,2,1,0,1,2,15392,0,0,0,0,0
2020-06-20,US,Wisconsin,Calumet,90,2,0,44.0816316,-88.21780273,55015.0,179.68016929864842,2.2222222222222223,88,90,2,0,88,90,50159,0,0,0,0,0
2020-06-20,US,Wisconsin,Chippewa,67,0,0,45.06939744,-91.28068855,55017.0,103.62213492529926,0.0,67,65,0,0,65,65,64135,2,0,0,2,0
2020-06-20,US,Wisconsin,Clark,58,6,0,44.73483377,-90.61207486,55019.0,166.7912808420084,10.344827586206897,52,56,6,0,50,56,34709,2,0,0,2,0
2020-06-20,US,Wisconsin,Columbia,64,1,0,43.46492199,-89.33589004,55021.0,111.24243899047487,1.5625,63,63,1,0,62,60,57358,1,0,0,1,3
2020-06-20,US,Wisconsin,Crawford,29,0,0,43.23870316,-90.93073686,55023.0,179.77806707581678,0.0,29,27,0,0,27,27,16291,2,0,0,2,0
2020-06-20,US,Wisconsin,Dane,1063,32,0,43.06601594,-89.41733797,55025.0,194.44114177009118,3.0103480714957667,1031,1034,32,0,1002,1017,542364,29,0,0,29,17
2020-06-20,US,Wisconsin,Dodge,434,5,0,43.41576662,-88.70928178,55027.0,494.08577055749726,1.1520737327188941,429,429,5,0,424,426,87847,5,0,0,5,3
2020-06-20,US,Wisconsin,Door,40,3,0,44.95856458,-87.30002707,55029.0,144.57134595923088,7.5,37,40,3,0,37,39,27610,0,0,0,0,1
2020-06-20,US,Wisconsin,Douglas,20,0,0,46.43222285,-91.91595768,55031.0,46.349942062572424,0.0,20,20,0,0,20,20,43208,0,0,0,0,0
2020-06-20,US,Wisconsin,Dunn,29,0,0,44.94562799,-91.8962481,55033.0,63.921706929994706,0.0,29,29,0,0,29,29,45131,0,0,0,0,0
2020-06-20,US,Wisconsin,Eau Claire,156,0,0,44.726614,-91.28609183,55035.0,149.07402098503528,0.0,156,151,0,0,151,149,104534,5,0,0,5,2
2020-06-20,US,Wisconsin,Florence,2,0,0,45.84963535,-88.39804137,55037.0,46.56577415599534,0.0,2,2,0,0,2,2,4321,0,0,0,0,0
2020-06-20,US,Wisconsin,Fond du Lac,286,6,0,43.75354908,-88.48885325,55039.0,276.5877198920728,2.097902097902098,280,278,6,0,272,277,103066,8,0,0,8,1
2020-06-20,US,Wisconsin,Forest,35,3,0,45.66678019,-88.77084892,55041.0,388.7161261661484,8.571428571428571,32,34,2,0,32,34,8991,1,1,0,0,0
2020-06-20,US,Wisconsin,Grant,124,12,0,42.8671731,-90.7063218,55043.0,241.06222904799858,9.677419354838712,112,114,12,0,102,113,51554,10,0,0,10,1
2020-06-20,US,Wisconsin,Green,79,1,0,42.6794956,-89.60243287,55045.0,213.74458874458873,1.2658227848101269,78,78,1,0,77,78,36929,1,0,0,1,0
2020-06-20,US,Wisconsin,Green Lake,24,0,0,43.80025981,-89.04679553,55047.0,126.8968434410194,0.0,24,24,0,0,24,24,18918,0,0,0,0,0
2020-06-20,US,Wisconsin,Iowa,19,0,0,43.00050278,-90.13469017,55049.0,80.24326378917137,0.0,19,18,0,0,18,18,23771,1,0,0,1,0
2020-06-20,US,Wisconsin,Iron,2,1,0,46.26302338,-90.24295041,55051.0,35.16792685071215,50.0,1,2,1,0,1,2,5676,0,0,0,0,0
2020-06-20,US,Wisconsin,Jackson,24,1,0,44.31864893,-90.80566792,55053.0,116.26217119604708,4.166666666666667,23,24,1,0,23,24,20478,0,0,0,0,0
2020-06-20,US,Wisconsin,Jefferson,172,4,0,43.02054068,-88.77529134,55055.0,202.90436362349445,2.3255813953488373,168,168,4,0,164,164,85129,4,0,0,4,4
2020-06-20,US,Wisconsin,Juneau,27,1,0,43.92456975,-90.11120239,55057.0,101.17285569753064,3.703703703703704,26,27,1,0,26,27,26617,0,0,0,0,0
2020-06-20,US,Wisconsin,Kenosha,1406,39,0,42.57639354,-88.04051686,55059.0,829.2001108745525,2.7738264580369845,1367,1400,37,0,1363,1392,169290,6,2,0,4,8
2020-06-20,US,Wisconsin,Kewaunee,43,1,0,44.51727459,-87.61468386,55061.0,210.43359107370068,2.3255813953488373,42,42,1,0,41,40,20383,1,0,0,1,2
2020-06-20,US,Wisconsin,La Crosse,229,0,0,43.90632465,-91.11451093,55063.0,194.0414859002169,0.0,229,203,0,0,203,179,118230,26,0,0,26,24
2020-06-20,US,Wisconsin,Lafayette,53,0,0,42.66005229,-90.1317729,55065.0,318.0318031803181,0.0,53,49,0,0,49,48,16665,4,0,0,4,1
2020-06-20,US,Wisconsin,Langlade,7,0,0,45.26271619,-89.07483625,55067.0,36.47923289384544,0.0,7,7,0,0,7,7,19268,0,0,0,0,0
2020-06-20,US,Wisconsin,Lincoln,8,0,0,45.33737523,-89.73411273,55069.0,28.99286050809988,0.0,8,8,0,0,8,8,27689,0,0,0,0,0
2020-06-20,US,Wisconsin,Manitowoc,63,1,0,44.11946801,-87.80928853,55071.0,79.7660196756182,1.5873015873015872,62,58,1,0,57,56,79074,5,0,0,5,2
2020-06-20,US,Wisconsin,Marathon,107,1,0,44.89792533,-89.75863384,55073.0,78.85505409309319,0.9345794392523364,106,101,1,0,100,95,135428,6,0,0,6,6
2020-06-20,US,Wisconsin,Marinette,42,3,0,45.38553432,-88.03324599999998,55075.0,104.089219330855,7.142857142857142,39,42,3,0,39,40,40434,0,0,0,0,2
2020-06-20,US,Wisconsin,Marquette,9,1,0,43.81911946,-89.40073763,55077.0,57.78862206241171,11.111111111111109,8,9,1,0,8,9,15434,0,0,0,0,0
2020-06-20,US,Wisconsin,Menominee,4,0,0,45.00422544,-88.70950714,55078.0,87.7963125548727,0.0,4,4,0,0,4,4,4658,0,0,0,0,0
2020-06-20,US,Wisconsin,Milwaukee,10167,371,0,43.00486062,-87.96733172,55079.0,1075.0471066672587,3.649060686534868,9796,10049,362,0,9687,9945,948201,118,9,0,109,104
2020-06-20,US,Wisconsin,Monroe,45,1,0,43.94641218,-90.618819,55081.0,97.29098653060343,2.2222222222222223,44,40,1,0,39,39,46051,5,0,0,5,1
2020-06-20,US,Wisconsin,Oconto,46,0,0,45.02715345,-88.26807503,55083.0,121.27603480094912,0.0,46,46,0,0,46,46,37830,0,0,0,0,0
2020-06-20,US,Wisconsin,Oneida,17,0,0,45.70677897,-89.51944105,55085.0,47.75951678606546,0.0,17,17,0,0,17,17,35470,0,0,0,0,0
2020-06-20,US,Wisconsin,Outagamie,387,8,0,44.41578887,-88.46565023,55087.0,205.97706043590492,2.0671834625323,379,377,8,0,369,366,187365,10,0,0,10,11
2020-06-20,US,Wisconsin,Ozaukee,204,15,0,43.38352225,-87.94625009,55089.0,228.6457224196097,7.352941176470589,189,201,15,0,186,199,89147,3,0,0,3,2
2020-06-20,US,Wisconsin,Pepin,1,0,0,44.58307413,-91.99949611,55091.0,13.723068478111706,0.0,1,1,0,0,1,1,7289,0,0,0,0,0
2020-06-20,US,Wisconsin,Pierce,57,0,0,44.71850291,-92.4224416,55093.0,133.3208588670066,0.0,57,57,0,0,57,57,42555,0,0,0,0,0
2020-06-20,US,Wisconsin,Polk,40,1,0,45.46130348,-92.44182875,55095.0,91.35966014206429,2.5,39,39,1,0,38,37,43598,1,0,0,1,2
2020-06-20,US,Wisconsin,Portage,90,0,0,44.47558711,-89.50152965,55097.0,127.16893686768779,0.0,90,87,0,0,87,86,70942,3,0,0,3,1
2020-06-20,US,Wisconsin,Price,2,0,0,45.68051754,-90.3609888,55099.0,14.980151299528124,0.0,2,2,0,0,2,2,13397,0,0,0,0,0
2020-06-20,US,Wisconsin,Racine,2079,58,0,42.74753117,-88.05941254,55101.0,1059.033879915033,2.7898027898027897,2021,2066,57,0,2009,2053,196584,13,1,0,12,13
2020-06-20,US,Wisconsin,Richland,15,4,0,43.3762778,-90.43012729,55103.0,86.94644099234871,26.66666666666667,11,15,4,0,11,14,17377,0,0,0,0,1
2020-06-20,US,Wisconsin,Rock,783,23,0,42.67151616,-89.07147900000002,55105.0,479.32710554990996,2.9374201787994894,760,777,23,0,754,773,163129,6,0,0,6,4
2020-06-20,US,Wisconsin,Rusk,11,0,0,45.47498854,-91.1333012,55107.0,77.58499083086474,0.0,11,10,0,0,10,10,14147,1,0,0,1,0
2020-06-20,US,Wisconsin,Sauk,94,3,0,43.42574087,-89.94966132,55111.0,145.86760187455388,3.191489361702128,91,90,3,0,87,88,64249,4,0,0,4,2
2020-06-20,US,Wisconsin,Sawyer,9,0,0,45.87931905,-91.14504927,55113.0,54.35439062688731,0.0,9,9,0,0,9,9,16489,0,0,0,0,0
2020-06-20,US,Wisconsin,Shawano,68,0,0,44.78902246,-88.76443896,55115.0,166.2632338198978,0.0,68,66,0,0,66,66,40796,2,0,0,2,0
2020-06-20,US,Wisconsin,Sheboygan,179,4,0,43.72099677,-87.94579284,55117.0,155.19334142535112,2.23463687150838,175,176,4,0,172,177,115456,3,0,0,3,-1
2020-06-20,US,Wisconsin,St. Croix,126,1,0,45.03437474,-92.45000068,55109.0,138.93942902510835,0.7936507936507936,125,122,1,0,121,119,89694,4,0,0,4,3
2020-06-20,US,Wisconsin,Taylor,9,0,0,45.21179252,-90.5004405,55119.0,44.24126235068574,0.0,9,8,0,0,8,6,20412,1,0,0,1,2
2020-06-20,US,Wisconsin,Trempealeau,91,0,0,44.30360275,-91.35893614,55121.0,306.9243482073594,0.0,91,86,0,0,86,85,29442,5,0,0,5,1
2020-06-20,US,Wisconsin,Vernon,29,0,0,43.59422667,-90.8324691,55123.0,94.08863798585426,0.0,29,29,0,0,29,28,30785,0,0,0,0,1
2020-06-20,US,Wisconsin,Vilas,10,0,0,46.05467334,-89.51719204,55125.0,45.05519261094841,0.0,10,10,0,0,10,10,21938,0,0,0,0,0
2020-06-20,US,Wisconsin,Walworth,497,18,0,42.66858202,-88.54163073,55127.0,478.4919320676243,3.6217303822937623,479,488,18,0,470,487,103718,9,0,0,9,1
2020-06-20,US,Wisconsin,Washburn,4,0,0,45.89838588,-91.79050449,55129.0,25.44529262086514,0.0,4,4,0,0,4,3,15878,0,0,0,0,1
2020-06-20,US,Wisconsin,Washington,313,13,0,43.36863664,-88.22974712,55131.0,230.0895364394196,4.15335463258786,300,307,13,0,294,303,135693,6,0,0,6,4
2020-06-20,US,Wisconsin,Waukesha,991,38,0,43.01833055,-88.30431188,55133.0,245.17686876233924,3.834510595358224,953,972,38,0,934,958,403072,19,0,0,19,14
2020-06-20,US,Wisconsin,Waupaca,89,5,0,44.47068056,-88.96534501,55135.0,174.54402824083152,5.617977528089888,84,87,5,0,82,84,51128,2,0,0,2,3
2020-06-20,US,Wisconsin,Waushara,20,0,0,44.11324419,-89.24317107,55137.0,81.82301681462995,0.0,20,19,0,0,19,18,24263,1,0,0,1,1
2020-06-20,US,Wisconsin,Winnebago,593,11,0,44.06886922,-88.64477096,55139.0,344.95395766315505,1.8549747048903882,582,579,10,0,569,569,171020,14,1,0,13,10
2020-06-20,US,Wisconsin,Wood,31,1,0,44.45537896,-90.04158336,55141.0,42.466335155276106,3.2258064516129035,30,29,1,0,28,28,73055,2,0,0,2,1
2020-06-20,US,Wyoming,Albany,28,0,0,41.65498705,-105.7235415,56001.0,72.0164609053498,0.0,28,28,0,0,28,28,38601,0,0,0,0,0
2020-06-20,US,Wyoming,Big Horn,11,0,0,44.52405055,-107.9960365,56003.0,93.29940627650551,0.0,11,11,0,0,11,11,11881,0,0,0,0,0
2020-06-20,US,Wyoming,Campbell,46,0,0,44.24886082,-105.5474404,56005.0,99.2641505362422,0.0,46,46,0,0,46,46,46140,0,0,0,0,0
2020-06-20,US,Wyoming,Carbon,22,0,0,41.69357844,-106.9326084,56007.0,148.64864864864862,0.0,22,22,0,0,22,22,14971,0,0,0,0,0
2020-06-20,US,Wyoming,Converse,24,0,0,42.97272268,-105.5081848,56009.0,173.63623209376357,0.0,24,24,0,0,24,24,13640,0,0,0,0,0
2020-06-20,US,Wyoming,Crook,6,0,0,44.58855102,-104.5697705,56011.0,79.11392405063293,0.0,6,6,0,0,6,6,7450,0,0,0,0,0
2020-06-20,US,Wyoming,Fremont,327,0,0,43.04183996,-108.6296893,56013.0,832.8875983800717,0.0,327,326,0,0,326,319,39531,1,0,0,1,7
2020-06-20,US,Wyoming,Goshen,5,0,0,42.08798185,-104.3534743,56015.0,37.847248505033676,0.0,5,5,0,0,5,5,13376,0,0,0,0,0
2020-06-20,US,Wyoming,Hot Springs,12,0,0,43.71930657,-108.4423174,56017.0,271.92386131883075,0.0,12,12,0,0,12,12,4555,0,0,0,0,0
2020-06-20,US,Wyoming,Johnson,19,1,0,44.04057166,-106.5845174,56019.0,224.98519834221432,5.2631578947368425,18,19,1,0,18,19,8460,0,0,0,0,0
2020-06-20,US,Wyoming,Laramie,204,0,0,41.30702520000001,-104.6887497,56021.0,205.02512562814067,0.0,204,204,0,0,204,203,98976,0,0,0,0,1
2020-06-20,US,Wyoming,Lincoln,15,0,0,42.26376367,-110.6563997,56023.0,75.642965204236,0.0,15,15,0,0,15,15,19434,0,0,0,0,0
2020-06-20,US,Wyoming,Natrona,95,0,0,42.96180148,-106.797885,56025.0,118.96115605199228,0.0,95,95,0,0,95,90,79115,0,0,0,0,5
2020-06-20,US,Wyoming,Niobrara,2,0,0,43.05607708,-104.4758896,56027.0,84.88964346349746,0.0,2,2,0,0,2,2,2388,0,0,0,0,0
2020-06-20,US,Wyoming,Park,11,0,0,44.52157546,-109.5852825,56029.0,37.678975131876406,0.0,11,9,0,0,9,10,29324,2,0,0,2,-1
2020-06-20,US,Wyoming,Platte,1,0,0,42.13299116,-104.966331,56031.0,11.914690813773385,0.0,1,1,0,0,1,1,8566,0,0,0,0,0
2020-06-20,US,Wyoming,Sheridan,19,0,0,44.79048913,-106.8862389,56033.0,62.325733967525004,0.0,19,19,0,0,19,19,30233,0,0,0,0,0
2020-06-20,US,Wyoming,Sublette,4,0,0,42.76558279,-109.9130922,56035.0,40.68762079137422,0.0,4,4,0,0,4,4,9813,0,0,0,0,0
2020-06-20,US,Wyoming,Sweetwater,49,0,0,41.65943896,-108.8827882,56037.0,115.72160687716978,0.0,49,48,0,0,48,44,43051,1,0,0,1,4
2020-06-20,US,Wyoming,Teton,109,0,0,43.93522482,-110.5890801,56039.0,464.54142516195014,0.0,109,109,0,0,109,108,23081,0,0,0,0,1
2020-06-20,US,Wyoming,Uinta,130,0,0,41.2878183,-110.54757820000002,56041.0,642.7370710966084,0.0,130,128,0,0,128,116,20299,2,0,0,2,12
2020-06-20,US,Wyoming,Unassigned,0,19,0,0.0,0.0,90056.0,0.0,0.0,-19,0,19,0,-19,0,,0,0,0,0,0
2020-06-20,US,Wyoming,Washakie,39,0,0,43.90451606,-107.68018700000002,56043.0,499.6796925048046,0.0,39,39,0,0,39,39,7885,0,0,0,0,0
2020-06-20,US,Wyoming,Weston,1,0,0,43.83961191,-104.5674881,56045.0,14.436263894903998,0.0,1,1,0,0,1,1,6967,0,0,0,0,0
