Date,Country/Region,Province/State,Admin2,Confirmed,Deaths,Recovered,Latitude,Longitude,FIPS,Incidence_Rate,Case-Fatality_Ratio,Active Cases,Previous Confirmed,Previous Deaths,Previous Recovered,Previous Active,Prev2 Confirmed,Population,Daily Confirmed,Daily Deaths,Daily Recovered,Daily Active,Previous Daily Confirmed
2020-08-18,US,Alabama,Autauga,1235,22,0,32.53952745,-86.64408227,1001.0,2210.528199896186,1.7813765182186234,1213,1219,22,0,1197,1218,55601,16,0,0,16,1
2020-08-18,US,Alabama,Baldwin,3906,30,0,30.72774991,-87.72207058,1003.0,1749.7334635404998,0.7680491551459293,3876,3888,29,0,3859,3877,218022,18,1,0,17,11
2020-08-18,US,Alabama,Barbour,606,6,0,31.868263,-85.3871286,1005.0,2454.832698695617,0.99009900990099,600,605,6,0,599,604,24881,1,0,0,1,1
2020-08-18,US,Alabama,Bibb,476,5,0,32.99642064,-87.12511459999996,1007.0,2125.56934893275,1.050420168067227,471,474,5,0,469,469,22400,2,0,0,2,5
2020-08-18,US,Alabama,Blount,887,5,0,33.98210918,-86.56790593,1009.0,1533.9120810707986,0.5636978579481398,882,863,5,0,858,860,57840,24,0,0,24,3
2020-08-18,US,Alabama,Bullock,504,13,0,32.10030533,-85.71265535,1011.0,4989.60498960499,2.5793650793650795,491,496,13,0,483,496,10138,8,0,0,8,0
2020-08-18,US,Alabama,Butler,796,36,0,31.75300095,-86.68057478,1013.0,4092.96585767174,4.522613065326633,760,795,36,0,759,792,19680,1,0,0,1,3
2020-08-18,US,Alabama,Calhoun,1982,23,0,33.77483727,-85.82630386,1015.0,1744.6415210598127,1.1604439959636728,1959,1936,21,0,1915,1919,114277,46,2,0,44,17
2020-08-18,US,Alabama,Chambers,859,38,0,32.91360079,-85.39072749,1017.0,2583.147891982919,4.423748544819556,821,855,38,0,817,854,33615,4,0,0,4,1
2020-08-18,US,Alabama,Cherokee,313,8,0,34.17805983,-85.60638968,1019.0,1194.8389067033133,2.5559105431309903,305,306,8,0,298,302,26032,7,0,0,7,4
2020-08-18,US,Alabama,Chilton,880,9,0,32.85044126,-86.7173256,1021.0,1980.73287116233,1.0227272727272727,871,864,9,0,855,859,44153,16,0,0,16,5
2020-08-18,US,Alabama,Choctaw,297,12,0,32.02227341,-88.26564429999998,1023.0,2359.2024783541187,4.040404040404041,285,296,12,0,284,293,12841,1,0,0,1,3
2020-08-18,US,Alabama,Clarke,839,10,0,31.68099859,-87.83548597,1025.0,3551.773770214207,1.1918951132300355,829,835,10,0,825,833,23920,4,0,0,4,2
2020-08-18,US,Alabama,Clay,310,5,0,33.26984193,-85.85836077,1027.0,2342.2742727616173,1.6129032258064515,305,304,5,0,299,301,13275,6,0,0,6,3
2020-08-18,US,Alabama,Cleburne,148,1,0,33.67679204,-85.52005899,1029.0,992.6224010731053,0.6756756756756757,147,134,1,0,133,133,14987,14,0,0,14,1
2020-08-18,US,Alabama,Coffee,847,6,0,31.39932826,-85.98901039,1031.0,1618.203354858431,0.7083825265643447,841,816,6,0,810,812,51909,31,0,0,31,4
2020-08-18,US,Alabama,Colbert,1300,18,0,34.69847452,-87.80168544,1033.0,2353.324523451784,1.3846153846153846,1282,1276,18,0,1258,1272,54762,24,0,0,24,4
2020-08-18,US,Alabama,Conecuh,408,10,0,31.43401703,-86.99320044,1035.0,3381.122068451148,2.4509803921568634,398,403,10,0,393,403,12277,5,0,0,5,0
2020-08-18,US,Alabama,Coosa,106,3,0,32.93690146,-86.24847739,1037.0,994.091719028416,2.830188679245283,103,106,3,0,103,106,10715,0,0,0,0,0
2020-08-18,US,Alabama,Covington,786,22,0,31.247785399999998,-86.45050893,1039.0,2121.5147507355123,2.7989821882951653,764,775,22,0,753,773,36986,11,0,0,11,2
2020-08-18,US,Alabama,Crenshaw,353,9,0,31.72941803,-86.31593104,1041.0,2563.1716526285213,2.54957507082153,344,350,9,0,341,349,13824,3,0,0,3,1
2020-08-18,US,Alabama,Cullman,1303,12,0,34.13020303,-86.86888037,1043.0,1555.4865819883487,0.9209516500383729,1291,1284,12,0,1272,1274,83442,19,0,0,19,10
2020-08-18,US,Alabama,Dale,890,30,0,31.43037123,-85.61095742,1045.0,1809.9731554543241,3.3707865168539324,860,885,30,0,855,879,48956,5,0,0,5,6
2020-08-18,US,Alabama,Dallas,1368,25,0,32.32688101,-87.10866709999998,1047.0,3677.8148187977204,1.8274853801169588,1343,1365,25,0,1340,1363,38310,3,0,0,3,2
2020-08-18,US,Alabama,DeKalb,1932,14,0,34.45946862,-85.80782906,1049.0,2701.6067008795603,0.7246376811594203,1918,1899,14,0,1885,1896,71385,33,0,0,33,3
2020-08-18,US,Alabama,Elmore,1837,40,0,32.59785413,-86.14415284,1051.0,2262.0645494957457,2.1774632553075666,1797,1826,39,0,1787,1826,81887,11,1,0,10,0
2020-08-18,US,Alabama,Escambia,1126,17,0,31.1256789,-87.15918694,1053.0,3073.7313351349876,1.5097690941385435,1109,1114,17,0,1097,1113,36748,12,0,0,12,1
2020-08-18,US,Alabama,Etowah,2336,36,0,34.04567266,-86.04051873,1055.0,2284.194469433253,1.5410958904109588,2300,2292,35,0,2257,2263,102501,44,1,0,43,29
2020-08-18,US,Alabama,Fayette,247,6,0,33.72076938,-87.73886638,1057.0,1515.1515151515152,2.42914979757085,241,246,5,0,241,241,16433,1,1,0,0,5
2020-08-18,US,Alabama,Franklin,1373,22,0,34.44235334,-87.84289505,1059.0,4377.909572093617,1.602330662782229,1351,1360,22,0,1338,1351,31363,13,0,0,13,9
2020-08-18,US,Alabama,Geneva,297,2,0,31.09389027,-85.83572839,1061.0,1130.5241521068856,0.6734006734006734,295,287,2,0,285,283,26314,10,0,0,10,4
2020-08-18,US,Alabama,Greene,261,13,0,32.85504247,-87.95684022,1063.0,3217.8522993465667,4.980842911877394,248,258,13,0,245,258,8233,3,0,0,3,0
2020-08-18,US,Alabama,Hale,498,26,0,32.76039258,-87.63284988,1065.0,3399.085386663027,5.220883534136545,472,497,26,0,471,495,14726,1,0,0,1,2
2020-08-18,US,Alabama,Henry,278,3,0,31.51148016,-85.24267944,1067.0,1615.8093577448417,1.0791366906474822,275,277,3,0,274,275,17209,1,0,0,1,2
2020-08-18,US,Alabama,Houston,1540,13,0,31.15197924,-85.29939599,1069.0,1454.4492926087535,0.8441558441558441,1527,1532,13,0,1519,1519,104722,8,0,0,8,13
2020-08-18,US,Alabama,Jackson,1156,5,0,34.78144169,-85.99750489,1071.0,2239.181807616317,0.4325259515570935,1151,1130,5,0,1125,1124,51736,26,0,0,26,6
2020-08-18,US,Alabama,Jefferson,14198,264,0,33.55554728,-86.89506300000002,1073.0,2155.873380779352,1.85941681927032,13934,14059,262,0,13797,13988,659300,139,2,0,137,71
2020-08-18,US,Alabama,Lamar,247,2,0,33.77995024,-88.09668032,1075.0,1789.2068091271274,0.8097165991902834,245,245,2,0,243,240,13844,2,0,0,2,5
2020-08-18,US,Alabama,Lauderdale,1269,21,0,34.90171875,-87.65624729,1077.0,1368.5039200250192,1.6548463356973997,1248,1240,21,0,1219,1238,92387,29,0,0,29,2
2020-08-18,US,Alabama,Lawrence,377,3,0,34.52041498,-87.31069453,1079.0,1145.0613534199977,0.7957559681697612,374,370,3,0,367,370,32957,7,0,0,7,0
2020-08-18,US,Alabama,Lee,2861,47,0,32.60154883,-85.35132246,1081.0,1738.765786243026,1.6427822439706397,2814,2779,47,0,2732,2776,163941,82,0,0,82,3
2020-08-18,US,Alabama,Limestone,1473,13,0,34.81185586,-86.98310072,1083.0,1489.157357326998,0.8825526137135098,1460,1455,13,0,1442,1449,96174,18,0,0,18,6
2020-08-18,US,Alabama,Lowndes,585,24,0,32.1597283,-86.65158371,1085.0,6014.8056755089465,4.102564102564102,561,580,24,0,556,578,9974,5,0,0,5,2
2020-08-18,US,Alabama,Macon,355,15,0,32.38759944,-85.69267724,1087.0,1964.7996457825989,4.225352112676056,340,346,15,0,331,346,18439,9,0,0,9,0
2020-08-18,US,Alabama,Madison,5773,38,0,34.76327133,-86.55069633,1089.0,1548.0988659431655,0.6582366187424216,5735,5735,37,0,5698,5687,366519,38,1,0,37,48
2020-08-18,US,Alabama,Marengo,591,17,0,32.24767634,-87.78796182,1091.0,3133.117743731114,2.8764805414551606,574,591,17,0,574,585,19066,0,0,0,0,6
2020-08-18,US,Alabama,Marion,619,27,0,34.13697363,-87.88704173,1093.0,2083.543707294086,4.361873990306947,592,608,27,0,581,606,29763,11,0,0,11,2
2020-08-18,US,Alabama,Marshall,3317,38,0,34.36975964,-86.30486727,1095.0,3427.57352181371,1.1456135061802837,3279,3253,38,0,3215,3233,96109,64,0,0,64,20
2020-08-18,US,Alabama,Mobile,11138,229,0,30.78472347,-88.20842409,1097.0,2695.481716318579,2.0560244209014185,10909,11074,228,0,10846,11022,413757,64,1,0,63,52
2020-08-18,US,Alabama,Monroe,434,6,0,31.56729412,-87.36995001,1099.0,2093.281242463705,1.3824884792626728,428,432,6,0,426,432,21067,2,0,0,2,0
2020-08-18,US,Alabama,Montgomery,7226,153,0,32.2206831,-86.20969272,1101.0,3190.4841800376184,2.1173539994464434,7073,7165,153,0,7012,7152,225763,61,0,0,61,13
2020-08-18,US,Alabama,Morgan,2555,22,0,34.45500589,-86.85475946,1103.0,2134.8774638825525,0.8610567514677103,2533,2515,21,0,2494,2502,119089,40,1,0,39,13
2020-08-18,US,Alabama,Perry,459,4,0,32.64048341,-87.29770589,1105.0,5144.009862153984,0.8714596949891068,455,457,4,0,453,456,9140,2,0,0,2,1
2020-08-18,US,Alabama,Pickens,443,10,0,33.28094866,-88.08818103,1107.0,2222.779729051681,2.2573363431151243,433,440,10,0,430,436,19938,3,0,0,3,4
2020-08-18,US,Alabama,Pike,731,7,0,31.80396383,-85.9408295,1109.0,2207.525517907833,0.957592339261286,724,725,7,0,718,723,33338,6,0,0,6,2
2020-08-18,US,Alabama,Randolph,416,11,0,33.29526734,-85.45708831,1111.0,1830.8247513423114,2.644230769230769,405,409,11,0,398,409,22725,7,0,0,7,0
2020-08-18,US,Alabama,Russell,1453,2,0,32.28725256,-85.18415324,1113.0,2506.8580597298183,0.13764624913971096,1451,1410,2,0,1408,1407,57781,43,0,0,43,3
2020-08-18,US,Alabama,Shelby,3538,38,0,33.26879845,-86.66232561,1117.0,1625.1573251508944,1.0740531373657434,3500,3517,38,0,3479,3495,215707,21,0,0,21,22
2020-08-18,US,Alabama,St. Clair,1442,22,0,33.71902176,-86.31029372,1115.0,1610.9571900974172,1.5256588072122053,1420,1419,22,0,1397,1412,88690,23,0,0,23,7
2020-08-18,US,Alabama,Sumter,379,19,0,32.59117397,-88.19916205,1119.0,3049.8108956304827,5.013192612137203,360,378,19,0,359,374,12691,1,0,0,1,4
2020-08-18,US,Alabama,Talladega,1170,15,0,33.37823223,-86.16886178,1121.0,1462.9022981319863,1.2820512820512822,1155,1144,15,0,1129,1133,79828,26,0,0,26,11
2020-08-18,US,Alabama,Tallapoosa,902,79,0,32.86698258,-85.79833053,1123.0,2234.498476478312,8.758314855875831,823,889,79,0,810,887,40497,13,0,0,13,2
2020-08-18,US,Alabama,Tuscaloosa,4524,85,0,33.28726072,-87.52556818,1125.0,2160.922834420004,1.8788682581786031,4439,4484,85,0,4399,4449,208911,40,0,0,40,35
2020-08-18,US,Alabama,Unassigned,4546,69,0,0.0,0.0,90001.0,0.0,1.5178178618565772,4477,4409,70,0,4339,4354,,137,-1,0,138,55
2020-08-18,US,Alabama,Walker,1645,67,0,33.80270512,-87.30027177,1127.0,2589.6947466192278,4.072948328267477,1578,1628,66,0,1562,1618,63711,17,1,0,16,10
2020-08-18,US,Alabama,Washington,475,13,0,31.4092794,-88.20689944,1129.0,2909.4695577606267,2.736842105263158,462,467,13,0,454,465,16378,8,0,0,8,2
2020-08-18,US,Alabama,Wilcox,456,10,0,31.98773215,-87.30891118,1131.0,4396.02815000482,2.1929824561403506,446,455,10,0,445,449,10627,1,0,0,1,6
2020-08-18,US,Alabama,Winston,484,11,0,34.15030532,-87.37325922,1133.0,2048.330441406746,2.272727272727273,473,478,11,0,467,477,23660,6,0,0,6,1
2020-08-18,US,Alaska,Aleutians East,2,0,0,55.32222414,-161.9722021,2013.0,59.93407252022774,0.0,2,2,0,0,2,2,3515,0,0,0,0,0
2020-08-18,US,Alaska,Aleutians West,5,0,0,52.3233,-174.1596,2016.0,88.74689385871494,0.0,5,5,0,0,5,5,5723,0,0,0,0,0
2020-08-18,US,Alaska,Anchorage,2519,16,0,61.14998174,-149.14269860000005,2020.0,874.6527777777777,0.6351726875744343,2503,2497,15,0,2482,2461,291538,22,1,0,21,36
2020-08-18,US,Alaska,Bethel,33,0,0,60.90980451,-159.8561831,2050.0,179.4843902969651,0.0,33,33,0,0,33,31,18216,0,0,0,0,2
2020-08-18,US,Alaska,Bristol Bay,11,0,0,58.74513976,-156.701064,2060.0,1315.7894736842104,0.0,11,11,0,0,11,11,877,0,0,0,0,0
2020-08-18,US,Alaska,Denali,1,0,0,63.67264044,-150.0076108,2068.0,47.687172150691474,0.0,1,1,0,0,1,1,2059,0,0,0,0,0
2020-08-18,US,Alaska,Dillingham,4,0,0,59.79603738,-158.23819419999995,2070.0,81.36696501220504,0.0,4,4,0,0,4,4,5000,0,0,0,0,0
2020-08-18,US,Alaska,Fairbanks North Star,503,6,0,64.80726247,-146.5692662,2090.0,519.3651973691003,1.1928429423459244,497,495,6,0,489,491,98971,8,0,0,8,4
2020-08-18,US,Alaska,Haines,5,0,0,59.09893571,-135.4679843,2100.0,197.6284584980237,0.0,5,5,0,0,5,5,2474,0,0,0,0,0
2020-08-18,US,Alaska,Juneau,150,1,0,58.45031811,-134.200436,2110.0,469.13116907487336,0.6666666666666666,149,148,1,0,147,147,32113,2,0,0,2,1
2020-08-18,US,Alaska,Kenai Peninsula,379,2,0,60.24429722,-151.53888840000005,2122.0,645.5678953464603,0.5277044854881267,377,365,2,0,363,364,58533,14,0,0,14,1
2020-08-18,US,Alaska,Ketchikan Gateway,39,0,0,55.57445008,-130.975561,2130.0,280.55535572980364,0.0,39,39,0,0,39,39,13918,0,0,0,0,0
2020-08-18,US,Alaska,Kodiak Island,11,0,0,57.65529415,-153.7493579,2150.0,84.62840436990305,0.0,11,11,0,0,11,11,13345,0,0,0,0,0
2020-08-18,US,Alaska,Kusilvak,8,0,0,62.15429159999999,-163.39678830000003,2158.0,96.22323791195574,0.0,8,8,0,0,8,8,8303,0,0,0,0,0
2020-08-18,US,Alaska,Matanuska-Susitna,389,2,0,62.31305045,-149.5741743,2170.0,359.1310689919403,0.5141388174807198,387,381,2,0,379,379,107610,8,0,0,8,2
2020-08-18,US,Alaska,Nome,26,0,0,64.90320724,-164.0353804,2180.0,259.89604158336664,0.0,26,26,0,0,26,24,10008,0,0,0,0,2
2020-08-18,US,Alaska,North Slope,24,0,0,69.31479216,-153.4836093,2185.0,244.10089503661519,0.0,24,24,0,0,24,23,9872,0,0,0,0,1
2020-08-18,US,Alaska,Northwest Arctic,48,0,0,67.04919196,-159.7503946,2188.0,629.8386038577614,0.0,48,45,0,0,45,45,7671,3,0,0,3,0
2020-08-18,US,Alaska,Petersburg,7,1,0,57.13978948,-132.9540995,2195.0,214.32945499081444,14.285714285714285,6,7,1,0,6,7,3221,0,0,0,0,0
2020-08-18,US,Alaska,Prince of Wales-Hyder,16,0,0,55.76261984,-133.0511621,2198.0,257.93970659358376,0.0,16,15,0,0,15,15,6422,1,0,0,1,0
2020-08-18,US,Alaska,Sitka,33,0,0,57.24124555,-135.3206587,2220.0,388.55528081949836,0.0,33,31,0,0,31,31,8647,2,0,0,2,0
2020-08-18,US,Alaska,Southeast Fairbanks,18,0,0,63.87692095,-143.2127643,2240.0,261.13448425939356,0.0,18,18,0,0,18,18,6918,0,0,0,0,0
2020-08-18,US,Alaska,Unassigned,1,0,0,0.0,0.0,90002.0,0.0,0.0,1,1,0,0,1,1,,0,0,0,0,0
2020-08-18,US,Alaska,Valdez-Cordova,63,0,0,61.47502768,-144.7126799,2261.0,684.6337752662465,0.0,63,62,0,0,62,62,9164,1,0,0,1,0
2020-08-18,US,Alaska,Wrangell,8,0,0,56.3202004,-132.05837309999998,2275.0,319.744204636291,0.0,8,8,0,0,8,8,2503,0,0,0,0,0
2020-08-18,US,Alaska,Yakutat,9,0,0,59.890980799999994,-140.36014509999998,2282.0,1554.4041450777206,0.0,9,9,0,0,9,9,604,0,0,0,0,0
2020-08-18,US,Alaska,Yukon-Koyukuk,59,1,0,65.50815459,-151.39073869999999,2290.0,1128.1070745697893,1.6949152542372878,58,58,1,0,57,57,5327,1,0,0,1,1
2020-08-18,US,Arizona,Apache,3257,142,0,35.39465006,-109.4892383,4001.0,4530.72182731231,4.359840343874732,3115,3241,142,0,3099,3241,71818,16,0,0,16,0
2020-08-18,US,Arizona,Cochise,1772,57,0,31.87934684,-109.7516088,4003.0,1407.2203427518625,3.216704288939052,1715,1762,57,0,1705,1761,126770,10,0,0,10,1
2020-08-18,US,Arizona,Coconino,3196,121,0,35.83883429,-111.77071780000001,4005.0,2227.550252307006,3.7859824780976217,3075,3188,120,0,3068,3180,142854,8,1,0,7,8
2020-08-18,US,Arizona,Gila,1016,42,0,33.80190085,-110.8132779,4007.0,1880.854529971491,4.133858267716535,974,1002,42,0,960,1002,53889,14,0,0,14,0
2020-08-18,US,Arizona,Graham,614,21,0,32.93166885,-109.8882178,4009.0,1580.9666040116385,3.420195439739414,593,609,21,0,588,604,38072,5,0,0,5,5
2020-08-18,US,Arizona,Greenlee,57,1,0,33.21498827,-109.2405279,4011.0,600.1263423878711,1.7543859649122806,56,57,1,0,56,57,9483,0,0,0,0,0
2020-08-18,US,Arizona,La Paz,492,12,0,33.72854224,-113.98100290000001,4012.0,2330.869812393405,2.4390243902439024,480,490,12,0,478,490,21098,2,0,0,2,0
2020-08-18,US,Arizona,Maricopa,129958,2612,0,33.34835867,-112.49181540000001,4013.0,2897.346822389193,2.0098801151141137,127346,129562,2596,0,126966,129385,4410824,396,16,0,380,177
2020-08-18,US,Arizona,Mohave,3383,185,0,35.70471703,-113.7577902,4015.0,1594.3934659559527,5.4685190659178256,3198,3368,184,0,3184,3363,209550,15,1,0,14,5
2020-08-18,US,Arizona,Navajo,5468,208,0,35.3997715,-110.3218983,4017.0,4929.501280155782,3.8039502560351135,5260,5455,208,0,5247,5452,110445,13,0,0,13,3
2020-08-18,US,Arizona,Pima,19976,534,0,32.0971334,-111.7890033,4019.0,1907.4191309097198,2.6732078494193035,19442,19743,531,0,19212,19581,1039073,233,3,0,230,162
2020-08-18,US,Arizona,Pinal,8935,171,0,32.90525627,-111.3449483,4021.0,1930.6854743738504,1.9138220481253496,8764,8777,169,0,8608,8710,447138,158,2,0,156,67
2020-08-18,US,Arizona,Santa Cruz,2708,55,0,31.52508998,-110.8479088,4023.0,5823.906404576541,2.0310192023633684,2653,2705,55,0,2650,2704,46511,3,0,0,3,1
2020-08-18,US,Arizona,Unassigned,0,1,0,0.0,0.0,90004.0,0.0,0.0,-1,0,1,0,-1,0,,0,0,0,0,0
2020-08-18,US,Arizona,Yavapai,2180,73,0,34.59933926,-112.5538588,4025.0,927.268937766643,3.3486238532110093,2107,2160,73,0,2087,2146,231993,20,0,0,20,14
2020-08-18,US,Arizona,Yuma,11908,294,0,32.76895712,-113.90666740000002,4027.0,5570.029983114035,2.4689284514612027,11614,11886,294,0,11592,11861,212128,22,0,0,22,25
2020-08-18,US,Arkansas,Arkansas,251,2,0,34.29145151,-91.37277296,5001.0,1435.4340615349427,0.796812749003984,249,249,2,0,247,247,17769,2,0,0,2,2
2020-08-18,US,Arkansas,Ashley,362,6,0,33.19153461,-91.76984709999999,5003.0,1841.5831510403416,1.6574585635359116,356,363,6,0,357,362,20046,-1,0,0,-1,1
2020-08-18,US,Arkansas,Baxter,89,0,0,36.28784385,-92.33782872,5005.0,212.24840217494992,0.0,89,89,0,0,89,86,41619,0,0,0,0,3
2020-08-18,US,Arkansas,Benton,4950,43,0,36.33644656,-94.25680817,5007.0,1773.2973658473675,0.8686868686868687,4907,4933,43,0,4890,4917,272608,17,0,0,17,16
2020-08-18,US,Arkansas,Boone,232,2,0,36.3084504,-93.09374925,5009.0,619.7905535370805,0.8620689655172413,230,230,2,0,228,230,37480,2,0,0,2,0
2020-08-18,US,Arkansas,Bradley,230,4,0,33.46755808,-92.15980837,5011.0,2136.950664312924,1.7391304347826086,226,227,4,0,223,221,10897,3,0,0,3,6
2020-08-18,US,Arkansas,Calhoun,22,0,0,33.55598792,-92.49974403,5013.0,423.9737907111197,0.0,22,16,0,0,16,16,5277,6,0,0,6,0
2020-08-18,US,Arkansas,Carroll,401,7,0,36.34038560000001,-93.54270261,5015.0,1412.966878083157,1.745635910224439,394,395,7,0,388,392,28223,6,0,0,6,3
2020-08-18,US,Arkansas,Chicot,926,9,0,33.26458973,-91.29539209,5017.0,9152.006325360744,0.9719222462203024,917,925,9,0,916,921,10438,1,0,0,1,4
2020-08-18,US,Arkansas,Clark,195,2,0,34.04613432,-93.17484713,5019.0,873.6559139784946,1.0256410256410255,193,192,2,0,190,189,22061,3,0,0,3,3
2020-08-18,US,Arkansas,Clay,147,5,0,36.36826212,-90.4148172,5021.0,1010.23984605869,3.4013605442176873,142,147,5,0,142,146,14847,0,0,0,0,1
2020-08-18,US,Arkansas,Cleburne,229,5,0,35.53864922,-92.02640019,5023.0,918.9774870580684,2.183406113537118,224,228,5,0,223,225,24965,1,0,0,1,3
2020-08-18,US,Arkansas,Cleveland,121,2,0,33.89723187,-92.18537045,5025.0,1520.864756158874,1.6528925619834711,119,121,2,0,119,120,8018,0,0,0,0,1
2020-08-18,US,Arkansas,Columbia,250,12,0,33.21230701,-93.22642793,5027.0,1065.7799377584518,4.8,238,244,12,0,232,242,23537,6,0,0,6,2
2020-08-18,US,Arkansas,Conway,169,3,0,35.26205537,-92.70506566,5029.0,810.7070900892257,1.7751479289940828,166,168,3,0,165,162,20891,1,0,0,1,6
2020-08-18,US,Arkansas,Craighead,1512,14,0,35.83018283,-90.63235729,5031.0,1370.409310082297,0.925925925925926,1498,1498,14,0,1484,1482,108558,14,0,0,14,16
2020-08-18,US,Arkansas,Crawford,757,5,0,35.58928601,-94.2446814,5033.0,1196.7055029482906,0.6605019815059445,752,746,5,0,741,736,63406,11,0,0,11,10
2020-08-18,US,Arkansas,Crittenden,1503,26,0,35.21247318,-90.30839406,5035.0,3134.1883015326866,1.7298735861610113,1477,1493,24,0,1469,1482,48342,10,2,0,8,11
2020-08-18,US,Arkansas,Cross,229,4,0,35.29631396,-90.77185818,5037.0,1394.7256227541266,1.7467248908296944,225,228,4,0,224,225,16676,1,0,0,1,3
2020-08-18,US,Arkansas,Dallas,71,2,0,33.97042763,-92.65167437,5039.0,1012.9833071764874,2.8169014084507036,69,68,2,0,66,68,7182,3,0,0,3,0
2020-08-18,US,Arkansas,Desha,212,3,0,33.83011025,-91.25500948,5041.0,1866.032919637356,1.4150943396226414,209,211,2,0,209,210,11512,1,1,0,0,1
2020-08-18,US,Arkansas,Drew,277,3,0,33.59035001,-91.71777921,5043.0,1520.390800812339,1.083032490974729,274,270,3,0,267,260,18328,7,0,0,7,10
2020-08-18,US,Arkansas,Faulkner,1412,7,0,35.14719007,-92.33717519,5045.0,1120.5726665978875,0.4957507082152974,1405,1402,6,0,1396,1397,124806,10,1,0,9,5
2020-08-18,US,Arkansas,Franklin,146,2,0,35.51202821,-93.89299569,5047.0,824.1603161162857,1.3698630136986298,144,141,2,0,139,140,17810,5,0,0,5,1
2020-08-18,US,Arkansas,Fulton,51,0,0,36.38177105,-91.81729127,5049.0,408.75210387112287,0.0,51,49,0,0,49,48,12269,2,0,0,2,1
2020-08-18,US,Arkansas,Garland,1207,18,0,34.57692074,-93.14921604,5051.0,1214.4567645342402,1.4913007456503728,1189,1201,17,0,1184,1182,99154,6,1,0,5,19
2020-08-18,US,Arkansas,Grant,157,0,0,34.29017991,-92.42320562,5053.0,859.5674787845606,0.0,157,154,0,0,154,150,18188,3,0,0,3,4
2020-08-18,US,Arkansas,Greene,548,3,0,36.11735460000001,-90.55832668,5055.0,1209.045780474352,0.5474452554744526,545,544,3,0,541,534,45325,4,0,0,4,10
2020-08-18,US,Arkansas,Hempstead,272,2,0,33.73325583,-93.66935133,5057.0,1263.2361136912502,0.7352941176470589,270,271,2,0,269,267,21741,1,0,0,1,4
2020-08-18,US,Arkansas,Hot Spring,1647,14,0,34.31709259,-92.95396325,5059.0,4876.965443723905,0.8500303582270795,1633,1644,13,0,1631,1643,33701,3,1,0,2,1
2020-08-18,US,Arkansas,Howard,376,4,0,34.09007427,-93.9934871,5061.0,2848.053325253749,1.0638297872340423,372,376,4,0,372,374,13341,0,0,0,0,2
2020-08-18,US,Arkansas,Independence,626,2,0,35.74242707,-91.57001641,5063.0,1654.9900859220093,0.3194888178913738,624,621,2,0,619,614,37678,5,0,0,5,7
2020-08-18,US,Arkansas,Izard,65,0,0,36.09604046,-91.90847954,5065.0,476.92420573776513,0.0,65,61,0,0,61,61,13593,4,0,0,4,0
2020-08-18,US,Arkansas,Jackson,131,1,0,35.59802983,-91.21494602,5067.0,783.5396853878821,0.7633587786259542,130,124,1,0,123,124,16811,7,0,0,7,0
2020-08-18,US,Arkansas,Jefferson,1718,41,0,34.26767081,-91.92619839,5069.0,2570.9325990662037,2.3864959254947613,1677,1710,41,0,1669,1696,68114,8,0,0,8,14
2020-08-18,US,Arkansas,Johnson,695,2,0,35.56759135,-93.46036368,5071.0,2614.9446910979004,0.28776978417266186,693,695,2,0,693,691,26742,0,0,0,0,4
2020-08-18,US,Arkansas,Lafayette,62,2,0,33.24116713,-93.60677071,5073.0,935.9903381642513,3.2258064516129035,60,61,2,0,59,59,6682,1,0,0,1,2
2020-08-18,US,Arkansas,Lawrence,232,9,0,36.04188196,-91.10867198,5075.0,1414.116786541509,3.8793103448275854,223,231,9,0,222,230,16434,1,0,0,1,1
2020-08-18,US,Arkansas,Lee,983,8,0,34.78498904,-90.78383866,5077.0,11098.566105904934,0.8138351983723296,975,979,8,0,971,977,8985,4,0,0,4,2
2020-08-18,US,Arkansas,Lincoln,1355,12,0,33.95317155,-91.74002806,5079.0,10403.869778869781,0.8856088560885609,1343,1348,12,0,1336,1346,13383,7,0,0,7,2
2020-08-18,US,Arkansas,Little River,227,4,0,33.70375665,-94.23468591,5081.0,1851.7007912554043,1.7621145374449338,223,219,3,0,216,218,12326,8,1,0,7,1
2020-08-18,US,Arkansas,Logan,337,1,0,35.21413234,-93.71951016,5083.0,1569.9245318177584,0.2967359050445104,336,338,1,0,337,337,21737,-1,0,0,-1,1
2020-08-18,US,Arkansas,Lonoke,589,2,0,34.75392199,-91.88742357,5085.0,803.4484169747234,0.3395585738539898,587,580,2,0,578,573,73657,9,0,0,9,7
2020-08-18,US,Arkansas,Madison,280,2,0,36.01038185,-93.72524943,5087.0,1689.1891891891892,0.7142857142857143,278,279,2,0,277,278,16481,1,0,0,1,1
2020-08-18,US,Arkansas,Marion,34,0,0,36.26844485,-92.68451899,5089.0,203.6659877800407,0.0,34,34,0,0,34,33,16722,0,0,0,0,1
2020-08-18,US,Arkansas,Miller,541,5,0,33.31403423,-93.89285258,5091.0,1250.6646323138452,0.9242144177449167,536,538,5,0,533,535,43592,3,0,0,3,3
2020-08-18,US,Arkansas,Mississippi,1164,15,0,35.76271485,-90.05194370000002,5093.0,2863.3981943863623,1.2886597938144329,1149,1159,14,0,1145,1154,41239,5,1,0,4,5
2020-08-18,US,Arkansas,Monroe,79,0,0,34.6815935,-91.20540287,5095.0,1178.9285181316222,0.0,79,76,0,0,76,76,6900,3,0,0,3,0
2020-08-18,US,Arkansas,Montgomery,45,1,0,34.53704874,-93.65824478,5097.0,500.7789895392833,2.2222222222222223,44,44,1,0,43,43,8924,1,0,0,1,1
2020-08-18,US,Arkansas,Nevada,147,9,0,33.66340119,-93.30632432,5099.0,1781.3863305865243,6.1224489795918355,138,147,9,0,138,147,8326,0,0,0,0,0
2020-08-18,US,Arkansas,Newton,107,11,0,35.91947491,-93.21612969,5101.0,1380.110924803302,10.280373831775703,96,107,11,0,96,107,7805,0,0,0,0,0
2020-08-18,US,Arkansas,Ouachita,118,3,0,33.58839816,-92.87795984,5103.0,504.6617055854931,2.5423728813559316,115,118,3,0,115,118,23606,0,0,0,0,0
2020-08-18,US,Arkansas,Perry,55,0,0,34.945915299999996,-92.94372564,5105.0,526.0640841702535,0.0,55,55,0,0,55,55,10352,0,0,0,0,0
2020-08-18,US,Arkansas,Phillips,357,9,0,34.43268455,-90.84800154,5107.0,2007.6481835564048,2.5210084033613445,348,355,9,0,346,349,18029,2,0,0,2,6
2020-08-18,US,Arkansas,Pike,146,1,0,34.16250414,-93.65789349,5109.0,1362.1944392610562,0.6849315068493149,145,144,1,0,143,140,10673,2,0,0,2,4
2020-08-18,US,Arkansas,Poinsett,350,4,0,35.57433534,-90.66268713,5111.0,1487.5892553553213,1.1428571428571428,346,347,4,0,343,340,23974,3,0,0,3,7
2020-08-18,US,Arkansas,Polk,177,1,0,34.48254879,-94.22728802,5113.0,886.5958725706271,0.5649717514124294,176,171,1,0,170,161,20049,6,0,0,6,10
2020-08-18,US,Arkansas,Pope,1468,12,0,35.44871474,-93.03212219,5115.0,2291.172431015108,0.8174386920980926,1456,1465,12,0,1453,1449,64000,3,0,0,3,16
2020-08-18,US,Arkansas,Prairie,112,0,0,34.83624419,-91.55162157,5117.0,1389.23344083354,0.0,112,111,0,0,111,109,8074,1,0,0,1,2
2020-08-18,US,Arkansas,Pulaski,6201,91,0,34.77054088,-92.31355101,5119.0,1582.246989750224,1.4675052410901468,6110,6146,88,0,6058,6085,392680,55,3,0,52,61
2020-08-18,US,Arkansas,Randolph,271,11,0,36.3415714,-91.02455531,5121.0,1509.0767346029627,4.059040590405904,260,265,11,0,254,260,17948,6,0,0,6,5
2020-08-18,US,Arkansas,Saline,1293,9,0,34.64916145,-92.67583224,5125.0,1056.053317216201,0.6960556844547564,1284,1277,8,0,1269,1267,121421,16,1,0,15,10
2020-08-18,US,Arkansas,Scott,79,0,0,34.85588887,-94.0632176,5127.0,768.4077424375059,0.0,79,78,0,0,78,78,10319,1,0,0,1,0
2020-08-18,US,Arkansas,Searcy,35,0,0,35.9109364,-92.69936482,5129.0,444.1060779088948,0.0,35,34,0,0,34,34,7958,1,0,0,1,0
2020-08-18,US,Arkansas,Sebastian,2499,23,0,35.19605503,-94.27162713,5131.0,1954.9860358140304,0.9203681472589036,2476,2456,22,0,2434,2435,127753,43,1,0,42,21
2020-08-18,US,Arkansas,Sevier,1074,11,0,33.99780401,-94.2424869,5133.0,6315.046745457753,1.0242085661080074,1063,1067,11,0,1056,1058,17139,7,0,0,7,9
2020-08-18,US,Arkansas,Sharp,126,5,0,36.16258158,-91.47819342,5135.0,722.3942208462332,3.968253968253968,121,128,5,0,123,128,17366,-2,0,0,-2,0
2020-08-18,US,Arkansas,St. Francis,1243,3,0,35.02201976,-90.74828138,5123.0,4973.19356645595,0.2413515687851971,1240,1243,3,0,1240,1238,25439,0,0,0,0,5
2020-08-18,US,Arkansas,Stone,91,1,0,35.86251946,-92.15684085,5137.0,727.6507276507277,1.0989010989010992,90,87,1,0,86,86,12457,4,0,0,4,1
2020-08-18,US,Arkansas,Unassigned,785,0,0,0.0,0.0,90005.0,0.0,0.0,785,774,0,0,774,755,,11,0,0,11,19
2020-08-18,US,Arkansas,Union,578,21,0,33.16887091,-92.59746952,5139.0,1494.235044723644,3.633217993079585,557,561,20,0,541,556,39126,17,1,0,16,5
2020-08-18,US,Arkansas,Van Buren,62,2,0,35.58095779,-92.51295036,5141.0,374.73556965850713,3.2258064516129035,60,58,2,0,56,55,16603,4,0,0,4,3
2020-08-18,US,Arkansas,Washington,6472,53,0,35.976844,-94.21800746,5143.0,2705.83267485273,0.818912237330037,6419,6442,53,0,6389,6430,236961,30,0,0,30,12
2020-08-18,US,Arkansas,White,409,4,0,35.25688493,-91.74908296,5145.0,519.3452947824211,0.9779951100244498,405,408,3,0,405,394,78727,1,1,0,0,14
2020-08-18,US,Arkansas,Woodruff,25,0,0,35.18902527,-91.2439489,5147.0,395.56962025316454,0.0,25,25,0,0,25,24,6490,0,0,0,0,1
2020-08-18,US,Arkansas,Yell,1093,19,0,35.00292371,-93.41171338,5149.0,5121.596926104681,1.7383348581884719,1074,1088,18,0,1070,1088,21535,5,1,0,4,0
2020-08-18,US,California,Alameda,15437,224,0,37.64629437,-121.8929271,6001.0,923.6362200380656,1.4510591436159876,15213,15123,221,0,14902,14973,1666753,314,3,0,311,150
2020-08-18,US,California,Alpine,2,0,0,38.59678594,-119.82235940000001,6003.0,177.14791851195747,0.0,2,2,0,0,2,2,1101,0,0,0,0,0
2020-08-18,US,California,Amador,211,11,0,38.44583082,-120.65696000000001,6005.0,530.7909036023343,5.213270142180095,200,210,11,0,199,208,39383,1,0,0,1,2
2020-08-18,US,California,Butte,1421,12,0,39.66727762,-121.6005252,6007.0,648.3078298796456,0.8444757213230121,1409,1370,12,0,1358,1370,231256,51,0,0,51,0
2020-08-18,US,California,Calaveras,174,1,0,38.20537103,-120.55291299999999,6009.0,379.0436771593508,0.5747126436781609,173,174,1,0,173,174,45602,0,0,0,0,0
2020-08-18,US,California,Colusa,420,5,0,39.17881957,-122.2331726,6011.0,1949.2272706177193,1.1904761904761905,415,415,5,0,410,409,21627,5,0,0,5,6
2020-08-18,US,California,Contra Costa,11668,157,0,37.91923498,-121.9289527,6013.0,1011.5073262327852,1.3455605073705863,11511,11408,157,0,11251,11228,1150215,260,0,0,260,180
2020-08-18,US,California,Del Norte,108,0,0,41.74228275,-123.89740630000001,6015.0,388.3215878038257,0.0,108,106,0,0,106,106,27828,2,0,0,2,0
2020-08-18,US,California,El Dorado,849,2,0,38.77965956,-120.5233166,6017.0,440.2545075527761,0.23557126030624265,847,827,2,0,825,827,190678,22,0,0,22,0
2020-08-18,US,California,Fresno,21010,208,0,36.75733899,-119.6466953,6019.0,2102.890498558204,0.9900047596382676,20802,19900,203,0,19697,19900,994400,1110,5,0,1105,0
2020-08-18,US,California,Glenn,421,3,0,39.59875897,-122.3938452,6021.0,1482.7598351706406,0.7125890736342043,418,413,3,0,410,407,28047,8,0,0,8,6
2020-08-18,US,California,Humboldt,320,4,0,40.69923009,-123.876044,6023.0,236.0613169270718,1.25,316,309,4,0,305,309,136373,11,0,0,11,0
2020-08-18,US,California,Imperial,10268,265,0,33.0393082,-115.36690420000001,6025.0,5666.197610573076,2.5808336579664983,10003,10145,257,0,9888,10058,181827,123,8,0,115,87
2020-08-18,US,California,Inyo,148,8,0,36.51112084,-117.41119779999998,6027.0,820.4445922722989,5.405405405405406,140,127,5,0,122,127,17987,21,3,0,18,0
2020-08-18,US,California,Kern,26968,216,0,35.34329425,-118.72777959999999,6029.0,2995.772060048745,0.8009492732126965,26752,26788,204,0,26584,26570,896764,180,12,0,168,218
2020-08-18,US,California,Kings,5543,66,0,36.07409056,-119.8159973,6031.0,3624.297109977769,1.1906909615731551,5477,5514,66,0,5448,5409,151366,29,0,0,29,105
2020-08-18,US,California,Lake,275,2,0,39.10124298,-122.75362439999999,6033.0,427.1114838629517,0.7272727272727273,273,272,2,0,270,268,64382,3,0,0,3,4
2020-08-18,US,California,Lassen,703,0,0,40.67311306,-120.59350990000002,6035.0,2299.4145160762764,0.0,703,703,0,0,703,703,30802,0,0,0,0,0
2020-08-18,US,California,Los Angeles,224105,5340,0,34.30828379,-118.22824109999999,6037.0,2232.320065918213,2.3828116284777225,218765,223230,5273,0,217957,221971,10105518,875,67,0,808,1259
2020-08-18,US,California,Madera,3129,47,0,37.21513971,-119.76655890000002,6039.0,1988.8512461306705,1.5020773410035155,3082,2924,47,0,2877,2924,157672,205,0,0,205,0
2020-08-18,US,California,Marin,5788,83,0,38.07122463,-122.72106310000001,6041.0,2236.251381236816,1.4340013821700068,5705,5774,82,0,5692,5750,259666,14,1,0,13,24
2020-08-18,US,California,Mariposa,64,2,0,37.57978556,-119.9073334,6043.0,372.0281346276812,3.125,62,64,2,0,62,64,17471,0,0,0,0,0
2020-08-18,US,California,Mendocino,556,10,0,39.4381191,-123.39113130000001,6045.0,640.9295784389444,1.7985611510791366,546,541,10,0,531,537,87606,15,0,0,15,4
2020-08-18,US,California,Merced,7041,93,0,37.18922369,-120.72090349999999,6047.0,2535.6525496974937,1.3208351086493395,6948,6777,89,0,6688,6777,274765,264,4,0,260,0
2020-08-18,US,California,Modoc,5,0,0,41.58965602,-120.7244817,6049.0,56.55468838366701,0.0,5,5,0,0,5,5,8777,0,0,0,0,0
2020-08-18,US,California,Mono,161,1,0,37.93899289,-118.8872409,6051.0,1114.6496815286623,0.6211180124223602,160,161,1,0,160,160,14250,0,0,0,0,1
2020-08-18,US,California,Monterey,6662,46,0,36.21862405,-121.24133970000001,6053.0,1534.8073197085205,0.6904833383368358,6616,6548,46,0,6502,6461,435594,114,0,0,114,87
2020-08-18,US,California,Napa,1264,13,0,38.50735751,-122.33283899999999,6055.0,917.6443257056567,1.0284810126582278,1251,1245,13,0,1232,1206,139417,19,0,0,19,39
2020-08-18,US,California,Nevada,385,2,0,39.30394768,-120.76272809999999,6057.0,385.94556663826376,0.5194805194805194,383,373,2,0,371,373,99696,12,0,0,12,0
2020-08-18,US,California,Orange,44212,815,0,33.70147516,-117.76459979999998,6059.0,1392.2005030714565,1.8433909345878947,43397,43925,810,0,43115,43709,3185968,287,5,0,282,216
2020-08-18,US,California,Placer,2643,28,0,39.06167234,-120.72405690000001,6061.0,663.5218625809317,1.0594021944759742,2615,2625,28,0,2597,2582,393149,18,0,0,18,43
2020-08-18,US,California,Plumas,39,0,0,40.00355989,-120.8395236,6063.0,207.36959642686242,0.0,39,39,0,0,39,39,18804,0,0,0,0,0
2020-08-18,US,California,Riverside,47490,912,0,33.74314981,-115.9933578,6065.0,1922.2471469869413,1.9204042956411875,46578,45662,881,0,44781,45662,2450758,1828,31,0,1797,0
2020-08-18,US,California,Sacramento,14602,219,0,38.45106826,-121.34253740000001,6067.0,940.815356127155,1.49979454869196,14383,14326,218,0,14108,13615,1540975,276,1,0,275,711
2020-08-18,US,California,San Benito,848,4,0,36.60308176,-121.069975,6069.0,1350.146478155649,0.4716981132075472,844,836,4,0,832,828,61537,12,0,0,12,8
2020-08-18,US,California,San Bernardino,42150,616,0,34.84060306,-116.1774685,6071.0,1933.410853246548,1.4614472123368918,41534,41564,568,0,40996,41124,2171603,586,48,0,538,440
2020-08-18,US,California,San Diego,34960,626,0,33.03484597,-116.73653259999999,6073.0,1047.2302019273109,1.7906178489702518,34334,34678,626,0,34052,34344,3343364,282,0,0,282,334
2020-08-18,US,California,San Francisco,8427,70,0,37.75215114,-122.43856720000001,6075.0,955.9309805807733,0.8306633440132906,8357,8346,69,0,8277,8292,883305,81,1,0,80,54
2020-08-18,US,California,San Joaquin,15201,280,0,37.93433732,-121.2730061,6077.0,1994.49450762844,1.841984079994737,14921,15008,269,0,14739,14651,752660,193,11,0,182,357
2020-08-18,US,California,San Luis Obispo,2571,19,0,35.38822029,-120.4039028,6079.0,908.1243752450454,0.7390120575651498,2552,2562,19,0,2543,2439,284010,9,0,0,9,123
2020-08-18,US,California,San Mateo,7228,127,0,37.422880799999994,-122.32755459999998,6081.0,942.8978062102368,1.7570558937465413,7101,7150,126,0,7024,6952,769545,78,1,0,77,198
2020-08-18,US,California,Santa Barbara,7454,80,0,34.65329488,-120.0188492,6083.0,1669.4326303082426,1.0732492621411325,7374,7274,77,0,7197,7274,446527,180,3,0,177,0
2020-08-18,US,California,Santa Clara,14636,209,0,37.23104908,-121.6970462,6085.0,759.1869085386223,1.427985788466794,14427,14429,209,0,14220,14207,1937570,207,0,0,207,222
2020-08-18,US,California,Santa Cruz,1505,7,0,37.05580291,-122.0066524,6087.0,550.8522654485695,0.4651162790697674,1498,1454,7,0,1447,1454,274255,51,0,0,51,0
2020-08-18,US,California,Shasta,511,11,0,40.76391419,-122.0396884,6089.0,283.7627721012883,2.152641878669276,500,488,10,0,478,488,180040,23,1,0,22,0
2020-08-18,US,California,Sierra,6,0,0,39.57713498,-120.52007009999998,6091.0,199.6672212978369,0.0,6,6,0,0,6,6,2987,0,0,0,0,0
2020-08-18,US,California,Siskiyou,114,0,0,41.59198861,-122.54074340000001,6093.0,261.8342175980156,0.0,114,113,0,0,113,111,43724,1,0,0,1,2
2020-08-18,US,California,Solano,4767,41,0,38.26827353,-121.9357113,6095.0,1064.9111010336362,0.8600797147052653,4726,4596,41,0,4555,4596,446610,171,0,0,171,0
2020-08-18,US,California,Sonoma,4465,57,0,38.52746429,-122.88625060000001,6097.0,903.2318099430348,1.2765957446808511,4408,4377,57,0,4320,4293,499942,88,0,0,88,84
2020-08-18,US,California,Stanislaus,12668,200,0,37.55862499,-120.9970722,6099.0,2300.5121127374427,1.5787811809283234,12468,12541,198,0,12343,12379,549815,127,2,0,125,162
2020-08-18,US,California,Sutter,1157,7,0,39.03417539,-121.6945899,6101.0,1193.1402171783313,0.6050129645635264,1150,1137,7,0,1130,1094,96807,20,0,0,20,43
2020-08-18,US,California,Tehama,330,1,0,40.12570935,-122.23701709999999,6103.0,507.0370597996435,0.30303030303030304,329,318,1,0,317,318,63916,12,0,0,12,0
2020-08-18,US,California,Trinity,8,0,0,40.64917670000001,-123.114713,6105.0,65.12006512006512,0.0,8,8,0,0,8,8,12535,0,0,0,0,0
2020-08-18,US,California,Tulare,12718,206,0,36.22026558,-118.8020203,6107.0,2728.0429863040144,1.6197515332599466,12512,12451,206,0,12245,12105,465861,267,0,0,267,346
2020-08-18,US,California,Tuolumne,165,2,0,38.02644018,-119.95250929999999,6109.0,302.8745548661845,1.2121212121212122,163,160,2,0,158,160,54539,5,0,0,5,0
2020-08-18,US,California,Ventura,9297,96,0,34.44465746,-119.09106129999999,6111.0,1098.9283763944936,1.032591158438206,9201,9090,95,0,8995,9090,850967,207,1,0,206,0
2020-08-18,US,California,Yolo,2076,46,0,38.68278902,-121.90182879999999,6113.0,941.4965986394556,2.215799614643545,2030,2046,46,0,2000,2019,220408,30,0,0,30,27
2020-08-18,US,California,Yuba,786,4,0,39.26255932,-121.35356440000001,6115.0,999.135607871053,0.5089058524173028,782,758,4,0,754,758,78041,28,0,0,28,0
2020-08-18,US,Colorado,Adams,6899,185,0,39.87432092,-104.3362578,8001.0,1333.3436408649825,2.6815480504420934,6714,6848,184,0,6664,6816,511868,51,1,0,50,32
2020-08-18,US,Colorado,Alamosa,234,9,0,37.57250606,-105.7885451,8003.0,1441.5080391794493,3.8461538461538463,225,233,9,0,224,233,16683,1,0,0,1,0
2020-08-18,US,Colorado,Arapahoe,7646,364,0,39.64977461,-104.3353617,8005.0,1164.5014392543292,4.760659168192518,7282,7610,364,0,7246,7594,651215,36,0,0,36,16
2020-08-18,US,Colorado,Archuleta,42,0,0,37.19474156,-107.04768670000001,8007.0,299.37985601254536,0.0,42,41,0,0,41,40,13765,1,0,0,1,1
2020-08-18,US,Colorado,Baca,15,0,0,37.31940883,-102.5603223,8009.0,418.8774085450991,0.0,15,15,0,0,15,15,3585,0,0,0,0,0
2020-08-18,US,Colorado,Bent,11,0,0,37.95474293,-103.0720195,8011.0,197.23865877712032,0.0,11,11,0,0,11,11,5882,0,0,0,0,0
2020-08-18,US,Colorado,Boulder,2145,77,0,40.09313619,-105.3546767,8013.0,657.5801052128169,3.58974358974359,2068,2141,77,0,2064,2136,326078,4,0,0,4,5
2020-08-18,US,Colorado,Broomfield,498,32,0,39.95998787,-105.0566324,8014.0,706.7338394947847,6.42570281124498,466,492,32,0,460,489,69267,6,0,0,6,3
2020-08-18,US,Colorado,Chaffee,305,19,0,38.74745778,-106.19265729999998,8015.0,1498.329730791904,6.229508196721312,286,304,19,0,285,304,20027,1,0,0,1,0
2020-08-18,US,Colorado,Cheyenne,9,0,0,38.82777431,-102.6032558,8017.0,491.53468050245766,0.0,9,9,0,0,9,9,1876,0,0,0,0,0
2020-08-18,US,Colorado,Clear Creek,31,1,0,39.68864463,-105.6463118,8019.0,319.5876288659793,3.2258064516129035,30,31,1,0,30,31,9605,0,0,0,0,0
2020-08-18,US,Colorado,Conejos,27,0,0,37.201606,-106.19174879999998,8021.0,329.0676416819013,0.0,27,27,0,0,27,27,8200,0,0,0,0,0
2020-08-18,US,Colorado,Costilla,25,0,0,37.27732493,-105.4276548,8023.0,643.1695394906097,0.0,25,24,0,0,24,24,3828,1,0,0,1,0
2020-08-18,US,Colorado,Crowley,73,1,0,38.32608609,-103.7844965,8025.0,1204.4217125886814,1.3698630136986298,72,73,1,0,72,73,5858,0,0,0,0,0
2020-08-18,US,Colorado,Custer,13,0,0,38.10883162,-105.3683478,8027.0,256.5114443567482,0.0,13,13,0,0,13,13,4954,0,0,0,0,0
2020-08-18,US,Colorado,Delta,138,1,0,38.86246243,-107.86313419999999,8029.0,442.84705731339454,0.7246376811594203,137,133,1,0,132,133,30953,5,0,0,5,0
2020-08-18,US,Colorado,Denver,10651,421,0,39.76018276,-104.87256950000001,8031.0,1464.6368110493381,3.9526804994836167,10230,10607,420,0,10187,10572,716492,44,1,0,43,35
2020-08-18,US,Colorado,Dolores,2,0,0,37.75208676,-108.5211585,8033.0,97.32360097323601,0.0,2,2,0,0,2,1,2074,0,0,0,0,1
2020-08-18,US,Colorado,Douglas,1849,59,0,39.33133796,-104.930001,8035.0,526.5496050166024,3.1909140075716604,1790,1840,59,0,1781,1833,342776,9,0,0,9,7
2020-08-18,US,Colorado,Eagle,1155,9,0,39.62754308,-106.6933637,8037.0,2095.1620802873367,0.7792207792207793,1146,1154,9,0,1145,1152,54993,1,0,0,1,2
2020-08-18,US,Colorado,El Paso,5534,144,0,38.83240149,-104.5251411,8041.0,768.1811430546512,2.6020961329960244,5390,5509,144,0,5365,5478,713856,25,0,0,25,31
2020-08-18,US,Colorado,Elbert,114,2,0,39.28656773,-104.13587209999999,8039.0,426.5030491226758,1.7543859649122806,112,111,2,0,109,110,26282,3,0,0,3,1
2020-08-18,US,Colorado,Fremont,138,0,0,38.47362326,-105.43996670000001,8043.0,288.46756830201304,0.0,138,138,0,0,138,137,48021,0,0,0,0,1
2020-08-18,US,Colorado,Garfield,804,4,0,39.59921777,-107.902708,8045.0,1338.6390502988631,0.4975124378109453,800,802,4,0,798,797,59770,2,0,0,2,5
2020-08-18,US,Colorado,Gilpin,17,0,0,39.85646523,-105.5252597,8047.0,272.30498157936887,0.0,17,17,0,0,17,17,6121,0,0,0,0,0
2020-08-18,US,Colorado,Grand,55,1,0,40.10603347,-106.11780420000001,8049.0,349.5614592602008,1.818181818181818,54,54,1,0,53,54,15525,1,0,0,1,0
2020-08-18,US,Colorado,Gunnison,280,7,0,38.66611652,-107.0320729,8051.0,1603.4818462948115,2.5,273,279,7,0,272,279,17246,1,0,0,1,0
2020-08-18,US,Colorado,Hinsdale,3,0,0,37.82247444,-107.3004345,8053.0,365.8536585365854,0.0,3,3,0,0,3,3,811,0,0,0,0,0
2020-08-18,US,Colorado,Huerfano,8,1,0,37.68473101,-104.9612585,8055.0,115.99246049006815,12.5,7,8,1,0,7,8,6889,0,0,0,0,0
2020-08-18,US,Colorado,Jackson,9,0,0,40.66593870000001,-106.3408905,8057.0,646.5517241379309,0.0,9,9,0,0,9,9,1399,0,0,0,0,0
2020-08-18,US,Colorado,Jefferson,4453,235,0,39.58635604,-105.2517692,8059.0,763.9638279511598,5.277341118347182,4218,4429,235,0,4194,4414,580233,24,0,0,24,15
2020-08-18,US,Colorado,Kit Carson,70,3,0,39.30497777,-102.60221990000001,8063.0,986.3322530646753,4.285714285714286,67,70,3,0,67,70,7163,0,0,0,0,0
2020-08-18,US,Colorado,La Plata,233,2,0,37.28632032,-107.8429014,8067.0,414.4358869461589,0.8583690987124464,231,233,2,0,231,228,56310,0,0,0,0,5
2020-08-18,US,Colorado,Lake,79,0,0,39.20278823,-106.35556969999999,8065.0,972.0684139288793,0.0,79,79,0,0,79,79,7824,0,0,0,0,0
2020-08-18,US,Colorado,Larimer,1711,37,0,40.66671597,-105.4625784,8069.0,479.4073393312954,2.1624780829924015,1674,1700,36,0,1664,1687,350518,11,1,0,10,13
2020-08-18,US,Colorado,Las Animas,19,0,0,37.3153406,-104.03764579999999,8071.0,130.98028402040538,0.0,19,18,0,0,18,18,14503,1,0,0,1,0
2020-08-18,US,Colorado,Lincoln,8,0,0,38.98749519,-103.51366490000001,8073.0,140.3262585511314,0.0,8,8,0,0,8,8,5610,0,0,0,0,0
2020-08-18,US,Colorado,Logan,658,5,0,40.7249637,-103.110817,8075.0,2936.320228479629,0.7598784194528876,653,658,5,0,653,658,21528,0,0,0,0,0
2020-08-18,US,Colorado,Mesa,369,5,0,39.01787888,-108.469799,8077.0,239.28409311977174,1.3550135501355014,364,368,5,0,363,367,153207,1,0,0,1,1
2020-08-18,US,Colorado,Mineral,18,0,0,37.66954283,-106.92816979999999,8079.0,2340.702210663199,0.0,18,18,0,0,18,18,776,0,0,0,0,0
2020-08-18,US,Colorado,Moffat,33,1,0,40.61810999,-108.2070876,8081.0,248.43785289467738,3.0303030303030303,32,32,1,0,31,32,13188,1,0,0,1,0
2020-08-18,US,Colorado,Montezuma,117,5,0,37.33859579,-108.59588570000001,8083.0,446.8548294695031,4.2735042735042725,112,117,5,0,112,115,26158,0,0,0,0,2
2020-08-18,US,Colorado,Montrose,327,13,0,38.40214114,-108.26390220000002,8085.0,764.7691660040226,3.9755351681957194,314,323,13,0,310,321,42214,4,0,0,4,2
2020-08-18,US,Colorado,Morgan,700,47,0,40.26279810000001,-103.8093302,8087.0,2408.1464153020497,6.7142857142857135,653,699,47,0,652,698,28558,1,0,0,1,1
2020-08-18,US,Colorado,Otero,78,6,0,37.9014485,-103.7173385,8089.0,426.7425320056898,7.6923076923076925,72,78,6,0,72,78,18432,0,0,0,0,0
2020-08-18,US,Colorado,Ouray,13,1,0,38.14717457,-107.7675136,8091.0,262.52019386106616,7.6923076923076925,12,13,1,0,12,13,4833,0,0,0,0,0
2020-08-18,US,Colorado,Park,42,1,0,39.120926000000004,-105.7182065,8093.0,222.870788007429,2.380952380952381,41,42,1,0,41,42,18556,0,0,0,0,0
2020-08-18,US,Colorado,Phillips,19,0,0,40.59414277,-102.3577703,8095.0,445.48651817116064,0.0,19,19,0,0,19,19,4286,0,0,0,0,0
2020-08-18,US,Colorado,Pitkin,190,2,0,39.21720112,-106.9310027,8097.0,1069.3983227331566,1.0526315789473684,188,190,2,0,188,191,17950,0,0,0,0,-1
2020-08-18,US,Colorado,Prowers,70,0,0,37.95544985,-102.3926052,8099.0,575.0903713440682,0.0,70,69,0,0,69,69,12164,1,0,0,1,0
2020-08-18,US,Colorado,Pueblo,760,34,0,38.17359144,-104.5127437,8101.0,451.2421032631929,4.473684210526316,726,757,34,0,723,754,167529,3,0,0,3,3
2020-08-18,US,Colorado,Rio Blanco,20,0,0,39.97913541,-108.2179009,8103.0,316.25553447185325,0.0,20,20,0,0,20,20,6336,0,0,0,0,0
2020-08-18,US,Colorado,Rio Grande,92,2,0,37.5836865,-106.3847838,8105.0,816.5438892340463,2.1739130434782608,90,92,2,0,90,92,11250,0,0,0,0,0
2020-08-18,US,Colorado,Routt,129,8,0,40.48596505,-106.9905548,8107.0,503.1593728059912,6.2015503875969005,121,128,8,0,120,127,25733,1,0,0,1,1
2020-08-18,US,Colorado,Saguache,108,2,0,38.08054629,-106.28246599999999,8109.0,1582.6494724501758,1.851851851851852,106,107,2,0,105,106,6843,1,0,0,1,1
2020-08-18,US,Colorado,San Juan,2,0,0,37.76248981,-107.67632890000002,8111.0,274.72527472527474,0.0,2,2,0,0,2,2,762,0,0,0,0,0
2020-08-18,US,Colorado,San Miguel,93,0,0,38.00450883,-108.4020725,8113.0,1137.0583200880305,0.0,93,93,0,0,93,93,8191,0,0,0,0,0
2020-08-18,US,Colorado,Sedgwick,11,1,0,40.87595412,-102.3519227,8115.0,489.32384341637015,9.090909090909092,10,11,1,0,10,11,2303,0,0,0,0,0
2020-08-18,US,Colorado,Summit,346,4,0,39.63803232,-106.1150762,8117.0,1115.7331269549516,1.1560693641618498,342,345,4,0,341,344,31007,1,0,0,1,1
2020-08-18,US,Colorado,Teller,145,3,0,38.88133511,-105.16148929999999,8119.0,571.1359697494878,2.0689655172413794,142,145,3,0,142,146,25083,0,0,0,0,-1
2020-08-18,US,Colorado,Washington,51,0,0,39.97015535,-103.202587,8121.0,1039.119804400978,0.0,51,51,0,0,51,51,4909,0,0,0,0,0
2020-08-18,US,Colorado,Weld,3855,145,0,40.55499405,-104.39296209999999,8123.0,1188.0107984172182,3.761348897535668,3710,3836,145,0,3691,3825,314305,19,0,0,19,11
2020-08-18,US,Colorado,Yuma,63,0,0,40.00346839,-102.4258673,8125.0,628.8052699870246,0.0,63,63,0,0,63,63,10020,0,0,0,0,0
2020-08-18,US,Connecticut,Fairfield,18322,1411,0,41.26809896,-73.3881171,9001.0,1942.264229348734,7.701124331404867,16911,18317,1411,0,16906,18160,943823,5,0,0,5,157
2020-08-18,US,Connecticut,Hartford,12949,1420,0,41.80283011,-72.73103891,9003.0,1452.137442246445,10.966097768167426,11529,12956,1420,0,11536,12871,892697,-7,0,0,-7,85
2020-08-18,US,Connecticut,Litchfield,1636,139,0,41.7937534,-73.2451475,9005.0,907.2105493725496,8.496332518337407,1497,1637,139,0,1498,1632,181111,-1,0,0,-1,5
2020-08-18,US,Connecticut,Middlesex,1424,192,0,41.45949668,-72.53714864,9007.0,876.6529587037356,13.483146067415731,1232,1425,192,0,1233,1414,162682,-1,0,0,-1,11
2020-08-18,US,Connecticut,New Haven,13376,1109,0,41.408032500000004,-72.93620426,9009.0,1564.8892024282925,8.29096889952153,12267,13378,1109,0,12269,13316,857620,-2,0,0,-2,62
2020-08-18,US,Connecticut,New London,1497,105,0,41.48896435,-72.10430976,9011.0,564.4668672654465,7.014028056112225,1392,1499,105,0,1394,1477,266784,-2,0,0,-2,22
2020-08-18,US,Connecticut,Tolland,1075,65,0,41.85853803,-72.3308481,9013.0,713.2383675798329,6.046511627906978,1010,1059,65,0,994,1056,150921,16,0,0,16,3
2020-08-18,US,Connecticut,Unassigned,214,0,0,0.0,0.0,90009.0,0.0,0.0,214,234,0,0,234,216,,-20,0,0,-20,18
2020-08-18,US,Connecticut,Windham,762,15,0,41.82972709,-71.98182316,9015.0,652.497816444315,1.9685039370078738,747,762,15,0,747,755,117027,0,0,0,0,7
2020-08-18,US,Delaware,Kent,2503,108,0,39.08646628,-75.56884914,10001.0,1384.5098624893521,4.314822213343987,2395,2496,108,0,2388,2485,178550,7,0,0,7,11
2020-08-18,US,Delaware,New Castle,7617,293,0,39.57992638,-75.64054974,10003.0,1363.214157239424,3.846658789549692,7324,7580,293,0,7287,7524,559335,37,0,0,37,56
2020-08-18,US,Delaware,Sussex,6209,192,0,38.66143781,-75.39031349,10005.0,2650.869890062974,3.0922853921726525,6017,6197,192,0,6005,6181,229286,12,0,0,12,16
2020-08-18,US,Delaware,Unassigned,264,0,0,0.0,0.0,90010.0,0.0,0.0,264,263,0,0,263,261,,1,0,0,1,2
2020-08-18,US,District of Columbia,District of Columbia,13325,599,0,38.90417773,-77.01655992,11001.0,1888.0650202834152,4.4953095684803,12726,13273,597,0,12676,13220,702455,52,2,0,50,53
2020-08-18,US,Florida,Alachua,4713,29,0,29.67866525,-82.35928158,12001.0,1751.7645878168173,0.6153193295141101,4684,4670,29,0,4641,4629,269956,43,0,0,43,41
2020-08-18,US,Florida,Baker,1086,4,0,30.33060121,-82.28467476,12003.0,3717.9048271140014,0.3683241252302026,1082,1078,4,0,1074,1077,28355,8,0,0,8,1
2020-08-18,US,Florida,Bay,4886,67,0,30.26548745,-85.62122584,12005.0,2796.714461520849,1.3712648383135488,4819,4836,64,0,4772,4821,185287,50,3,0,47,15
2020-08-18,US,Florida,Bradford,581,4,0,29.95079741,-82.16611613,12007.0,2060.210630828694,0.6884681583476764,577,573,4,0,569,569,27732,8,0,0,8,4
2020-08-18,US,Florida,Brevard,6614,181,0,28.29409504,-80.73091022,12009.0,1098.7769585774042,2.7366192924100394,6433,6538,178,0,6360,6511,596849,76,3,0,73,27
2020-08-18,US,Florida,Broward,67193,1025,0,26.15184651,-80.48725556,12011.0,3440.892922800236,1.5254565207685324,66168,66826,1013,0,65813,66447,1951260,367,12,0,355,379
2020-08-18,US,Florida,Calhoun,506,8,0,30.40666734,-85.19394153,12013.0,3587.38036157391,1.5810276679841897,498,503,8,0,495,503,14587,3,0,0,3,0
2020-08-18,US,Florida,Charlotte,2394,103,0,26.90131002,-81.92949121,12015.0,1267.2701286326821,4.302422723475355,2291,2388,101,0,2287,2378,184998,6,2,0,4,10
2020-08-18,US,Florida,Citrus,1823,43,0,28.84804315,-82.47614748,12017.0,1218.1187649090919,2.35874931431706,1780,1799,40,0,1759,1778,147929,24,3,0,21,21
2020-08-18,US,Florida,Clay,3512,69,0,29.98319144,-81.85609986,12019.0,1601.8097896484408,1.9646924829157173,3443,3484,65,0,3419,3461,216072,28,4,0,24,23
2020-08-18,US,Florida,Collier,10977,159,0,26.11091986,-81.34687065,12021.0,2851.894768018872,1.448483192128997,10818,10918,154,0,10764,10891,378488,59,5,0,54,27
2020-08-18,US,Florida,Columbia,3071,26,0,30.22509788,-82.62160164,12023.0,4283.960605976064,0.8466297622924129,3045,3045,26,0,3019,3038,70503,26,0,0,26,7
2020-08-18,US,Florida,DeSoto,1424,21,0,27.18677893,-81.80941373,12027.0,3747.269808689245,1.4747191011235956,1403,1422,20,0,1402,1420,37489,2,1,0,1,2
2020-08-18,US,Florida,Dixie,609,4,0,29.60631086,-83.15724673,12029.0,3619.398549863307,0.6568144499178982,605,595,4,0,591,591,16700,14,0,0,14,4
2020-08-18,US,Florida,Duval,24836,230,0,30.33225875,-81.66976468,12031.0,2593.1475168492984,0.9260750523433724,24606,24731,222,0,24509,24629,950181,105,8,0,97,102
2020-08-18,US,Florida,Escambia,10405,159,0,30.67652764,-87.37284571,12033.0,3268.764372510336,1.5281114848630466,10246,10317,152,0,10165,10265,315534,88,7,0,81,52
2020-08-18,US,Florida,Flagler,1170,14,0,29.45933576,-81.31508595,12035.0,1016.6752113728592,1.1965811965811963,1156,1163,14,0,1149,1160,112067,7,0,0,7,3
2020-08-18,US,Florida,Franklin,479,3,0,29.83791238,-84.82731662,12037.0,3950.5154639175257,0.6263048016701461,476,472,3,0,469,473,11736,7,0,0,7,-1
2020-08-18,US,Florida,Gadsden,2060,29,0,30.57796289,-84.61915825,12039.0,4511.6075339465615,1.4077669902912622,2031,2046,28,0,2018,2037,45894,14,1,0,13,9
2020-08-18,US,Florida,Gilchrist,416,8,0,29.72856978,-82.79880657,12041.0,2238.725648477021,1.9230769230769231,408,405,7,0,398,402,18256,11,1,0,10,3
2020-08-18,US,Florida,Glades,423,3,0,26.95635849,-81.18996211,12043.0,3062.776048077619,0.7092198581560284,420,422,3,0,419,421,13724,1,0,0,1,1
2020-08-18,US,Florida,Gulf,760,5,0,29.93543004,-85.24270990000002,12045.0,5572.25603050077,0.6578947368421053,755,756,4,0,752,743,16164,4,1,0,3,13
2020-08-18,US,Florida,Hamilton,640,4,0,30.49673973,-82.94998918,12047.0,4435.819240365955,0.625,636,635,4,0,631,635,14310,5,0,0,5,0
2020-08-18,US,Florida,Hardee,1019,8,0,27.49293939,-81.80956574,12049.0,3782.900842707057,0.7850834151128557,1011,1012,8,0,1004,1011,27245,7,0,0,7,1
2020-08-18,US,Florida,Hendry,1886,39,0,26.55386945,-81.16469006,12051.0,4488.125267716911,2.0678685047720045,1847,1884,39,0,1845,1879,41556,2,0,0,2,5
2020-08-18,US,Florida,Hernando,2284,61,0,28.55364461,-82.42700204,12053.0,1177.805280528053,2.6707530647985993,2223,2255,60,0,2195,2225,190865,29,1,0,28,30
2020-08-18,US,Florida,Highlands,1639,42,0,27.34254618,-81.34071957,12055.0,1543.0093860912625,2.562538133007932,1597,1632,41,0,1591,1608,105424,7,1,0,6,24
2020-08-18,US,Florida,Hillsborough,34605,490,0,27.9276559,-82.32013172,12057.0,2350.9342594404225,1.4159803496604535,34115,34368,487,0,33881,34238,1436888,237,3,0,234,130
2020-08-18,US,Florida,Holmes,556,4,0,30.86747479,-85.81319222,12059.0,2834.2763929245043,0.7194244604316546,552,534,4,0,530,533,19477,22,0,0,22,1
2020-08-18,US,Florida,Indian River,2668,67,0,27.69308961,-80.60556721,12061.0,1668.3028707565516,2.5112443778110944,2601,2661,67,0,2594,2652,157413,7,0,0,7,9
2020-08-18,US,Florida,Jackson,2111,53,0,30.795459700000002,-85.21500423,12063.0,4548.196664799414,2.510658455708195,2058,2036,53,0,1983,2030,48305,75,0,0,75,6
2020-08-18,US,Florida,Jefferson,474,5,0,30.43669112,-83.89442308,12065.0,3327.2497543170007,1.0548523206751057,469,469,5,0,464,467,14288,5,0,0,5,2
2020-08-18,US,Florida,Lafayette,1030,4,0,29.98484137,-83.18166636,12067.0,12229.874139159343,0.3883495145631068,1026,1009,2,0,1007,989,8732,21,2,0,19,20
2020-08-18,US,Florida,Lake,5698,89,0,28.76202069,-81.7125123,12069.0,1552.0895189012797,1.5619515619515618,5609,5650,86,0,5564,5619,356495,48,3,0,45,31
2020-08-18,US,Florida,Lee,17495,384,0,26.58410348,-81.88399313,12071.0,2270.376613888034,2.1949128322377818,17111,17451,375,0,17076,17401,754610,44,9,0,35,50
2020-08-18,US,Florida,Leon,5516,27,0,30.45955727,-84.27491114,12073.0,1878.861783079344,0.4894851341551849,5489,5443,27,0,5416,5402,292502,73,0,0,73,41
2020-08-18,US,Florida,Levy,794,5,0,29.31829741,-82.74007147,12075.0,1913.1147145989446,0.6297229219143576,789,785,6,0,779,767,40770,9,-1,0,10,18
2020-08-18,US,Florida,Liberty,412,7,0,30.23766008,-84.8829258,12077.0,4931.769212353363,1.699029126213592,405,411,7,0,404,411,8457,1,0,0,1,0
2020-08-18,US,Florida,Madison,772,12,0,30.44396917,-83.47398594,12079.0,4174.552533391013,1.5544041450777202,760,766,11,0,755,763,18529,6,1,0,5,3
2020-08-18,US,Florida,Manatee,9891,247,0,27.47196942,-82.31831044,12081.0,2452.8025829938033,2.497219694671924,9644,9843,245,0,9598,9781,394855,48,2,0,46,62
2020-08-18,US,Florida,Marion,7448,118,0,29.21227113,-82.05803627,12083.0,2037.3161478093646,1.5843179377013965,7330,7319,115,0,7204,7247,359977,129,3,0,126,72
2020-08-18,US,Florida,Martin,3967,104,0,27.0772071,-80.43109784,12085.0,2463.9751552795033,2.621628434585329,3863,3937,104,0,3833,3923,160912,30,0,0,30,14
2020-08-18,US,Florida,Miami-Dade,146990,2126,0,25.6112362,-80.55170587,12086.0,5410.130514475844,1.4463568950268726,144864,146026,2081,0,143945,145307,2761581,964,45,0,919,719
2020-08-18,US,Florida,Monroe,1650,13,0,25.20904673,-81.07812416,12087.0,2222.8808535862477,0.7878787878787878,1637,1643,13,0,1630,1633,75027,7,0,0,7,10
2020-08-18,US,Florida,Nassau,1354,13,0,30.61037141,-81.80297522,12089.0,1527.7856135401971,0.9601181683899556,1341,1345,13,0,1332,1334,85832,9,0,0,9,11
2020-08-18,US,Florida,Okaloosa,3773,63,0,30.69143028,-86.59267105,12091.0,1790.3747781605593,1.6697588126159555,3710,3742,50,0,3692,3728,207269,31,13,0,18,14
2020-08-18,US,Florida,Okeechobee,1155,12,0,27.386336199999995,-80.88944347,12093.0,2739.0438247011953,1.0389610389610389,1143,1148,12,0,1136,1142,41537,7,0,0,7,6
2020-08-18,US,Florida,Orange,33709,352,0,28.51367621,-81.31799498,12095.0,2419.100191466947,1.0442315108724674,33357,33486,351,0,33135,33382,1380645,223,1,0,222,104
2020-08-18,US,Florida,Osceola,10424,121,0,28.06312234,-81.14882926,12097.0,2774.177580365721,1.1607828089025327,10303,10373,119,0,10254,10314,367990,51,2,0,49,59
2020-08-18,US,Florida,Palm Beach,39460,1006,0,26.64676272,-80.46536002,12099.0,2636.3435932040325,2.5494171312721745,38454,39274,992,0,38282,39129,1485941,186,14,0,172,145
2020-08-18,US,Florida,Pasco,7527,152,0,28.30810945,-82.40227529,12101.0,1358.7942528797882,2.0193968380496883,7375,7490,152,0,7338,7453,539630,37,0,0,37,37
2020-08-18,US,Florida,Pinellas,18876,570,0,27.93130349,-82.72239666,12103.0,1936.0079425966878,3.0197075651621117,18306,18774,558,0,18216,18730,975280,102,12,0,90,44
2020-08-18,US,Florida,Polk,15607,387,0,27.95027105,-81.69732947,12105.0,2153.351996545144,2.4796565643621453,15220,15506,360,0,15146,15429,708009,101,27,0,74,77
2020-08-18,US,Florida,Putnam,1624,33,0,29.60779729,-81.74230285,12107.0,2179.251486158264,2.0320197044334973,1591,1611,33,0,1578,1611,74163,13,0,0,13,0
2020-08-18,US,Florida,Santa Rosa,4264,50,0,30.69341450000001,-87.02458128,12113.0,2313.455914666898,1.1726078799249529,4214,4237,47,0,4190,4223,179349,27,3,0,24,14
2020-08-18,US,Florida,Sarasota,6764,178,0,27.18546175,-82.33174248,12115.0,1559.4523933582636,2.631578947368421,6586,6728,173,0,6555,6689,426718,36,5,0,31,39
2020-08-18,US,Florida,Seminole,7530,151,0,28.7158582,-81.24060348,12117.0,1595.9273121871204,2.00531208499336,7379,7492,145,0,7347,7471,467832,38,6,0,32,21
2020-08-18,US,Florida,St. Johns,4021,50,0,29.90096506,-81.43589967,12109.0,1519.2389070245436,1.2434717731907483,3971,3978,47,0,3931,3971,254261,43,3,0,40,7
2020-08-18,US,Florida,St. Lucie,6326,206,0,27.37763908,-80.47106649,12111.0,1926.9137396930216,3.2564021498577302,6120,6283,197,0,6086,6254,321128,43,9,0,34,29
2020-08-18,US,Florida,Sumter,1586,45,0,28.70181754,-82.0794267,12119.0,1197.7042742788099,2.837326607818411,1541,1558,44,0,1514,1540,128754,28,1,0,27,18
2020-08-18,US,Florida,Suwannee,2292,48,0,30.19746066,-82.99099670000003,12121.0,5160.186415111331,2.094240837696335,2244,2259,47,0,2212,2253,44191,33,1,0,32,6
2020-08-18,US,Florida,Taylor,1110,5,0,30.04848048,-83.60445406,12123.0,5146.274746163474,0.4504504504504505,1105,1102,5,0,1097,1100,21623,8,0,0,8,2
2020-08-18,US,Florida,Unassigned,780,0,0,0.0,0.0,90012.0,0.0,0.0,780,776,0,0,776,770,,4,0,0,4,6
2020-08-18,US,Florida,Union,493,5,0,30.04412971,-82.37497443,12125.0,3235.5450548008143,1.0141987829614605,488,489,5,0,484,488,14940,4,0,0,4,1
2020-08-18,US,Florida,Volusia,8543,171,0,29.05858895,-81.18263252,12127.0,1544.0533252362259,2.001638768582465,8372,8482,169,0,8313,8452,547538,61,2,0,59,30
2020-08-18,US,Florida,Wakulla,791,5,0,30.16548905,-84.39895211,12129.0,2344.467826550876,0.6321112515802781,786,781,5,0,776,773,32461,10,0,0,10,8
2020-08-18,US,Florida,Walton,1506,18,0,30.64204028,-86.16935664,12131.0,2033.184377151652,1.195219123505976,1488,1491,18,0,1473,1486,71375,15,0,0,15,5
2020-08-18,US,Florida,Washington,934,14,0,30.61359259,-85.66002461,12133.0,3666.62740941389,1.4989293361884368,920,933,14,0,919,929,24880,1,0,0,1,4
2020-08-18,US,Georgia,Appling,814,19,0,31.74847232,-82.28909114,13001.0,4427.281627325138,2.3341523341523343,795,804,19,0,785,789,18507,10,0,0,10,15
2020-08-18,US,Georgia,Atkinson,361,3,0,31.29633502,-82.87545866,13003.0,4421.310471524801,0.8310249307479224,358,357,3,0,354,352,8297,4,0,0,4,5
2020-08-18,US,Georgia,Bacon,473,8,0,31.55456473,-82.45936528,13005.0,4236.8326764600515,1.6913319238900637,465,472,8,0,464,472,11185,1,0,0,1,0
2020-08-18,US,Georgia,Baker,73,3,0,31.32669878,-84.44218806,13007.0,2402.896642527979,4.109589041095891,70,72,3,0,69,72,3092,1,0,0,1,0
2020-08-18,US,Georgia,Baldwin,1201,45,0,33.06882326,-83.24701748,13009.0,2675.428826019158,3.746877601998335,1156,1182,44,0,1138,1168,44823,19,1,0,18,14
2020-08-18,US,Georgia,Banks,307,6,0,34.35607081,-83.49644388,13011.0,1596.1318498492249,1.954397394136808,301,302,6,0,296,301,18988,5,0,0,5,1
2020-08-18,US,Georgia,Barrow,1466,34,0,33.99148694,-83.71436292,13013.0,1761.1725132148003,2.3192360163710783,1432,1438,34,0,1404,1433,80809,28,0,0,28,5
2020-08-18,US,Georgia,Bartow,2083,65,0,34.23732119,-84.83887523,13015.0,1933.3939742709165,3.1204992798847817,2018,2063,64,0,1999,2057,106408,20,1,0,19,6
2020-08-18,US,Georgia,Ben Hill,550,7,0,31.76095874,-83.22145359,13017.0,3293.4131736526947,1.2727272727272727,543,544,7,0,537,535,16787,6,0,0,6,9
2020-08-18,US,Georgia,Berrien,340,1,0,31.27590016,-83.22529920000002,13019.0,1752.8483786152499,0.29411764705882354,339,338,1,0,337,337,19252,2,0,0,2,1
2020-08-18,US,Georgia,Bibb,4262,85,0,32.80904227,-83.70489165,13021.0,2782.7290593435578,1.994368840919756,4177,4134,84,0,4050,4061,153095,128,1,0,127,73
2020-08-18,US,Georgia,Bleckley,286,11,0,32.43829035,-83.33035166,13023.0,2221.7043424221242,3.8461538461538463,275,281,10,0,271,279,12838,5,1,0,4,2
2020-08-18,US,Georgia,Brantley,277,8,0,31.19576557,-81.97743999,13025.0,1449.578732534408,2.888086642599278,269,275,8,0,267,272,18897,2,0,0,2,3
2020-08-18,US,Georgia,Brooks,440,18,0,30.83922642,-83.58303423,13027.0,2846.606715404025,4.090909090909091,422,432,18,0,414,432,15513,8,0,0,8,0
2020-08-18,US,Georgia,Bryan,749,9,0,32.00979311,-81.44002948,13029.0,1890.1254195371841,1.2016021361815754,740,740,9,0,731,732,38109,9,0,0,9,8
2020-08-18,US,Georgia,Bulloch,1416,18,0,32.39577406,-81.74811421,13031.0,1778.7157069641241,1.2711864406779658,1398,1405,17,0,1388,1395,77296,11,1,0,10,10
2020-08-18,US,Georgia,Burke,573,7,0,33.05917989,-81.99928721,13033.0,2559.978555153465,1.2216404886561956,566,563,7,0,556,546,22423,10,0,0,10,17
2020-08-18,US,Georgia,Butts,515,40,0,33.283094500000004,-83.95435040000002,13035.0,2065.2871350657683,7.766990291262137,475,512,40,0,472,511,24193,3,0,0,3,1
2020-08-18,US,Georgia,Calhoun,215,7,0,31.53169785,-84.62725131,13037.0,3473.905315883019,3.255813953488372,208,215,6,0,209,214,6352,0,1,0,-1,1
2020-08-18,US,Georgia,Camden,873,7,0,30.92951916,-81.66601818,13039.0,1596.9706947645702,0.8018327605956472,866,863,7,0,856,860,53677,10,0,0,10,3
2020-08-18,US,Georgia,Candler,284,10,0,32.40209349,-82.07702563,13043.0,2628.899379801907,3.5211267605633805,274,282,9,0,273,280,10836,2,1,0,1,2
2020-08-18,US,Georgia,Carroll,2082,54,0,33.58138199,-85.07976677,13045.0,1735.115674378292,2.5936599423631126,2028,2052,54,0,1998,2043,118121,30,0,0,30,9
2020-08-18,US,Georgia,Catoosa,727,17,0,34.89872298,-85.13757014,13047.0,1075.7620597810003,2.3383768913342498,710,713,17,0,696,709,67420,14,0,0,14,4
2020-08-18,US,Georgia,Charlton,499,4,0,30.78371028,-82.13951596,13049.0,3726.10513739546,0.8016032064128257,495,497,3,0,494,490,12968,2,1,0,1,7
2020-08-18,US,Georgia,Chatham,6371,101,0,32.00043026,-81.12489526,13051.0,2201.2230936668625,1.585308428818082,6270,6317,96,0,6221,6247,289195,54,5,0,49,70
2020-08-18,US,Georgia,Chattahoochee,821,2,0,32.34341231,-84.78809239,13053.0,7527.276061245072,0.243605359317905,819,810,2,0,808,810,10684,11,0,0,11,0
2020-08-18,US,Georgia,Chattooga,379,4,0,34.47197698,-85.34535662,13055.0,1528.903949332365,1.0554089709762533,375,366,4,0,362,360,24790,13,0,0,13,6
2020-08-18,US,Georgia,Cherokee,4065,68,0,34.24393976,-84.47431861,13057.0,1570.8748594327847,1.6728167281672817,3997,4005,67,0,3938,3981,254149,60,1,0,59,24
2020-08-18,US,Georgia,Clarke,2305,21,0,33.95436462,-83.37124007,13059.0,1796.1365531321344,0.9110629067245122,2284,2264,21,0,2243,2250,127330,41,0,0,41,14
2020-08-18,US,Georgia,Clay,106,2,0,31.62221166,-84.97713865,13061.0,3740.2964008468593,1.8867924528301887,104,103,2,0,101,103,2887,3,0,0,3,0
2020-08-18,US,Georgia,Clayton,5640,117,0,33.54187245,-84.35594188,13063.0,1929.814956750247,2.074468085106383,5523,5570,116,0,5454,5522,289615,70,1,0,69,48
2020-08-18,US,Georgia,Clinch,217,4,0,30.91395822,-82.70432472,13065.0,3278.936234511937,1.8433179723502304,213,217,4,0,213,216,6648,0,0,0,0,1
2020-08-18,US,Georgia,Cobb,15086,349,0,33.94243204,-84.5761255,13067.0,1984.631798574212,2.3134031552432717,14737,14962,340,0,14622,14893,756865,124,9,0,115,69
2020-08-18,US,Georgia,Coffee,1616,33,0,31.54892966,-82.85492059999999,13069.0,3734.4302451875305,2.042079207920792,1583,1608,33,0,1575,1591,43093,8,0,0,8,17
2020-08-18,US,Georgia,Colquitt,1640,24,0,31.18810588,-83.7677946,13071.0,3596.4912280701756,1.4634146341463414,1616,1627,24,0,1603,1623,45592,13,0,0,13,4
2020-08-18,US,Georgia,Columbia,2761,35,0,33.54534185,-82.263524,13073.0,1761.8081345635999,1.2676566461427021,2726,2695,34,0,2661,2635,154291,66,1,0,65,60
2020-08-18,US,Georgia,Cook,475,9,0,31.16068491,-83.42947229,13075.0,2750.4342790966994,1.8947368421052633,466,472,9,0,463,472,17162,3,0,0,3,0
2020-08-18,US,Georgia,Coweta,1832,26,0,33.35334302,-84.76129976,13077.0,1233.5952703203172,1.4192139737991267,1806,1793,26,0,1767,1768,145864,39,0,0,39,25
2020-08-18,US,Georgia,Crawford,124,0,0,32.71391813,-83.98061238,13079.0,999.6775233795547,0.0,124,120,0,0,120,117,12318,4,0,0,4,3
2020-08-18,US,Georgia,Crisp,417,15,0,31.92289565,-83.76811843,13081.0,1863.937064187377,3.5971223021582728,402,416,15,0,401,415,22601,1,0,0,1,1
2020-08-18,US,Georgia,Dade,161,2,0,34.854916700000004,-85.50490424,13083.0,999.0071978158353,1.2422360248447204,159,157,2,0,155,154,16226,4,0,0,4,3
2020-08-18,US,Georgia,Dawson,504,5,0,34.44244079,-84.16964071,13085.0,1930.4427761605639,0.992063492063492,499,486,5,0,481,484,25083,18,0,0,18,2
2020-08-18,US,Georgia,DeKalb,15312,266,0,33.76944049,-84.22396017,13089.0,2016.6021991394668,1.7371995820271682,15046,15101,264,0,14837,15030,756558,211,2,0,209,71
2020-08-18,US,Georgia,Decatur,860,18,0,30.87967778,-84.57619536,13087.0,3257.0822602635967,2.0930232558139537,842,850,17,0,833,846,26575,10,1,0,9,4
2020-08-18,US,Georgia,Dodge,260,4,0,32.17265114,-83.16948926,13091.0,1261.8296529968457,1.5384615384615383,256,254,3,0,251,253,20705,6,1,0,5,1
2020-08-18,US,Georgia,Dooly,266,14,0,32.15630737,-83.79746561,13093.0,1986.5571321882,5.2631578947368425,252,264,14,0,250,264,13706,2,0,0,2,0
2020-08-18,US,Georgia,Dougherty,2837,173,0,31.53328528,-84.21722377,13095.0,3225.4763745509117,6.0979908353894965,2664,2837,173,0,2664,2826,91243,0,0,0,0,11
2020-08-18,US,Georgia,Douglas,2911,59,0,33.70291126,-84.77026156,13097.0,1989.1624471276386,2.0267949158364824,2852,2892,58,0,2834,2874,145331,19,1,0,18,18
2020-08-18,US,Georgia,Early,390,32,0,31.32155345,-84.90255207,13099.0,3827.281648675172,8.205128205128204,358,383,32,0,351,383,10247,7,0,0,7,0
2020-08-18,US,Georgia,Echols,226,2,0,30.71101099,-82.89687287,13101.0,5641.537693459811,0.8849557522123894,224,226,2,0,224,226,4000,0,0,0,0,0
2020-08-18,US,Georgia,Effingham,857,6,0,32.36616021,-81.34280942,13103.0,1332.8978474555186,0.7001166861143524,851,833,6,0,827,823,62190,24,0,0,24,10
2020-08-18,US,Georgia,Elbert,403,1,0,34.11302332,-82.83936148,13105.0,2099.614462852975,0.2481389578163772,402,386,1,0,385,385,19120,17,0,0,17,1
2020-08-18,US,Georgia,Emanuel,619,15,0,32.59221302,-82.30239915,13107.0,2733.374547381436,2.423263327948304,604,599,14,0,585,591,22612,20,1,0,19,8
2020-08-18,US,Georgia,Evans,322,3,0,32.15328841,-81.8870105,13109.0,3022.3390275952693,0.9316770186335404,319,319,3,0,316,313,10721,3,0,0,3,6
2020-08-18,US,Georgia,Fannin,388,5,0,34.86430205,-84.316964,13111.0,1481.5946234916755,1.2886597938144329,383,374,5,0,369,368,25964,14,0,0,14,6
2020-08-18,US,Georgia,Fayette,1341,34,0,33.41357794,-84.49089434,13113.0,1171.9876596079393,2.5354213273676356,1307,1305,34,0,1271,1277,113459,36,0,0,36,28
2020-08-18,US,Georgia,Floyd,1845,20,0,34.26268279,-85.21577392,13115.0,1873.1344798879165,1.084010840108401,1825,1823,20,0,1803,1805,97927,22,0,0,22,18
2020-08-18,US,Georgia,Forsyth,2625,27,0,34.22604035,-84.12315129999998,13117.0,1074.7097260206672,1.0285714285714285,2598,2586,27,0,2559,2569,236612,39,0,0,39,17
2020-08-18,US,Georgia,Franklin,471,6,0,34.37525597,-83.23159927,13119.0,2017.2170114351795,1.2738853503184713,465,460,6,0,454,456,23023,11,0,0,11,4
2020-08-18,US,Georgia,Fulton,22484,477,0,33.79216944,-84.46319413,13121.0,2113.283023336908,2.1215086283579434,22007,22107,476,0,21631,21993,1050114,377,1,0,376,114
2020-08-18,US,Georgia,Gilmer,687,4,0,34.69316688,-84.45802506,13123.0,2190.0602505658453,0.5822416302765647,683,685,4,0,681,684,30816,2,0,0,2,1
2020-08-18,US,Georgia,Glascock,28,1,0,33.22879932,-82.61297636,13125.0,942.4436216762033,3.571428571428572,27,29,1,0,28,27,2995,-1,0,0,-1,2
2020-08-18,US,Georgia,Glynn,2766,58,0,31.23279254,-81.53811412,13127.0,3242.9770670168364,2.0968908170643528,2708,2754,56,0,2698,2750,85219,12,2,0,10,4
2020-08-18,US,Georgia,Gordon,1358,25,0,34.50487351,-84.87296253,13129.0,2342.873902316995,1.8409425625920468,1333,1338,24,0,1314,1335,57685,20,1,0,19,3
2020-08-18,US,Georgia,Grady,567,8,0,30.87454847,-84.23418364,13131.0,2301.7902813299233,1.4109347442680775,559,564,8,0,556,560,24748,3,0,0,3,4
2020-08-18,US,Georgia,Greene,384,13,0,33.5769205,-83.17139104,13133.0,2095.6123117223315,3.3854166666666665,371,371,13,0,358,361,17698,13,0,0,13,10
2020-08-18,US,Georgia,Gwinnett,21936,293,0,33.96044201,-84.02137802,13135.0,2342.963951935915,1.335703865791393,21643,21655,290,0,21365,21534,927781,281,3,0,278,121
2020-08-18,US,Georgia,Habersham,1219,52,0,34.63331566,-83.53094677,13137.0,2689.286974938228,4.2657916324856435,1167,1212,52,0,1160,1212,45388,7,0,0,7,0
2020-08-18,US,Georgia,Hall,6687,105,0,34.32207823,-83.81896936,13139.0,3270.870324445684,1.5702108568864959,6582,6581,105,0,6476,6552,202148,106,0,0,106,29
2020-08-18,US,Georgia,Hancock,340,37,0,33.2721566,-82.99766919,13141.0,4020.338181388199,10.882352941176471,303,340,35,0,305,338,8348,0,2,0,-2,2
2020-08-18,US,Georgia,Haralson,256,7,0,33.79602175,-85.21005667,13143.0,859.2910848549948,2.734375,249,256,7,0,249,251,29533,0,0,0,0,5
2020-08-18,US,Georgia,Harris,692,18,0,32.73709786,-84.90538572,13145.0,1963.9005562492905,2.601156069364162,674,688,17,0,671,685,34475,4,1,0,3,3
2020-08-18,US,Georgia,Hart,357,8,0,34.34626973,-82.96567682,13147.0,1362.3354321694333,2.2408963585434174,349,351,8,0,343,350,26099,6,0,0,6,1
2020-08-18,US,Georgia,Heard,153,5,0,33.29686567,-85.12886832,13149.0,1283.2340853811959,3.2679738562091503,148,152,5,0,147,152,11879,1,0,0,1,0
2020-08-18,US,Georgia,Henry,3819,59,0,33.4533428,-84.14814659999998,13151.0,1628.1479018251114,1.5449070437287251,3760,3786,59,0,3727,3735,230220,33,0,0,33,51
2020-08-18,US,Georgia,Houston,2273,62,0,32.45802497,-83.66879087,13153.0,1439.856077738292,2.7276726792784864,2211,2251,62,0,2189,2218,155469,22,0,0,22,33
2020-08-18,US,Georgia,Irwin,184,1,0,31.60213036,-83.27501387,13155.0,1954.1206457094308,0.5434782608695652,183,180,1,0,179,178,9398,4,0,0,4,2
2020-08-18,US,Georgia,Jackson,1221,18,0,34.13794553,-83.56814788,13157.0,1673.1298902393905,1.4742014742014742,1203,1190,17,0,1173,1188,70422,31,1,0,30,2
2020-08-18,US,Georgia,Jasper,185,2,0,33.31535543,-83.68844964,13159.0,1301.0760250369224,1.0810810810810811,183,183,2,0,181,176,14040,2,0,0,2,7
2020-08-18,US,Georgia,Jeff Davis,554,8,0,31.80405727,-82.63724870000001,13161.0,3665.2332120410188,1.444043321299639,546,541,8,0,533,532,15029,13,0,0,13,9
2020-08-18,US,Georgia,Jefferson,589,12,0,33.05867328,-82.41609057,13163.0,3834.136180184872,2.037351443123939,577,577,11,0,566,567,15430,12,1,0,11,10
2020-08-18,US,Georgia,Jenkins,265,24,0,32.79248718,-81.96040187,13165.0,3054.4029506685106,9.056603773584905,241,264,24,0,240,263,8683,1,0,0,1,1
2020-08-18,US,Georgia,Johnson,272,12,0,32.70211082,-82.66166794,13167.0,2820.6989526081097,4.411764705882354,260,266,12,0,254,264,9708,6,0,0,6,2
2020-08-18,US,Georgia,Jones,362,4,0,33.02512137,-83.56019163,13169.0,1259.7877153297372,1.1049723756906078,358,353,4,0,349,348,28616,9,0,0,9,5
2020-08-18,US,Georgia,Lamar,298,14,0,33.07841647,-84.14263877,13171.0,1562.0904754416313,4.697986577181208,284,296,14,0,282,294,19000,2,0,0,2,2
2020-08-18,US,Georgia,Lanier,233,5,0,31.03828570000001,-83.06472457,13173.0,2235.440851962007,2.145922746781116,228,232,5,0,227,231,10340,1,0,0,1,1
2020-08-18,US,Georgia,Laurens,1154,19,0,32.46325233,-82.92221316,13175.0,2427.123206999537,1.6464471403812826,1135,1142,19,0,1123,1128,47325,12,0,0,12,14
2020-08-18,US,Georgia,Lee,616,23,0,31.779330600000005,-84.14324253,13177.0,2053.8810349426512,3.7337662337662336,593,611,23,0,588,607,29764,5,0,0,5,4
2020-08-18,US,Georgia,Liberty,811,8,0,31.82588896,-81.49251135,13179.0,1320.0944087246685,0.9864364981504316,803,805,7,0,798,803,61497,6,1,0,5,2
2020-08-18,US,Georgia,Lincoln,173,5,0,33.79201475,-82.45024131,13181.0,2184.067668223709,2.8901734104046244,168,169,5,0,164,168,7915,4,0,0,4,1
2020-08-18,US,Georgia,Long,152,2,0,31.75218791,-81.74952375,13183.0,777.1358453908687,1.3157894736842106,150,149,2,0,147,145,18998,3,0,0,3,4
2020-08-18,US,Georgia,Lowndes,3276,52,0,30.83568832,-83.27056716,13185.0,2790.3173602711963,1.5873015873015872,3224,3259,50,0,3209,3256,116321,17,2,0,15,3
2020-08-18,US,Georgia,Lumpkin,444,10,0,34.57286511,-84.00425681,13187.0,1321.0354061291282,2.2522522522522523,434,417,9,0,408,417,32955,27,1,0,26,0
2020-08-18,US,Georgia,Macon,189,10,0,32.35207048,-84.04234127,13193.0,1459.7976365181125,5.291005291005291,179,189,10,0,179,189,13143,0,0,0,0,0
2020-08-18,US,Georgia,Madison,462,7,0,34.12920917,-83.21218732,13195.0,1546.1847389558234,1.5151515151515151,455,450,7,0,443,447,29650,12,0,0,12,3
2020-08-18,US,Georgia,Marion,162,5,0,32.3483402,-84.52733571,13197.0,1938.0308649359968,3.08641975308642,157,162,5,0,157,162,8351,0,0,0,0,0
2020-08-18,US,Georgia,McDuffie,443,11,0,33.47851918,-82.48252774,13189.0,2078.6411411411414,2.4830699774266365,432,436,10,0,426,415,21531,7,1,0,6,21
2020-08-18,US,Georgia,McIntosh,213,3,0,31.49683595,-81.40163426,13191.0,1481.4299624426208,1.4084507042253518,210,213,3,0,210,211,14340,0,0,0,0,2
2020-08-18,US,Georgia,Meriwether,442,7,0,33.04163534,-84.68859732,13199.0,2088.1560920300467,1.5837104072398192,435,440,7,0,433,436,21068,2,0,0,2,4
2020-08-18,US,Georgia,Miller,171,0,0,31.16568912,-84.73151117,13201.0,2990.556138509969,0.0,171,164,0,0,164,164,5686,7,0,0,7,0
2020-08-18,US,Georgia,Mitchell,676,41,0,31.22483255,-84.19381821,13205.0,3091.9818872066962,6.06508875739645,635,674,41,0,633,673,22192,2,0,0,2,1
2020-08-18,US,Georgia,Monroe,508,31,0,33.014289,-83.92097166,13207.0,1842.0480092827613,6.102362204724409,477,505,30,0,475,501,27520,3,1,0,2,4
2020-08-18,US,Georgia,Montgomery,183,2,0,32.17201038,-82.53527476,13209.0,1995.2027911033576,1.0928961748633879,181,180,2,0,178,178,9193,3,0,0,3,2
2020-08-18,US,Georgia,Morgan,335,1,0,33.59232073,-83.49129491,13211.0,1737.9124299647228,0.29850746268656714,334,329,1,0,328,320,18853,6,0,0,6,9
2020-08-18,US,Georgia,Murray,662,3,0,34.78897608,-84.74993177,13213.0,1651.0375099760574,0.4531722054380665,659,656,3,0,653,655,39921,6,0,0,6,1
2020-08-18,US,Georgia,Muscogee,5136,113,0,32.50931999,-84.87142262,13215.0,2623.500145579739,2.2001557632398754,5023,5092,110,0,4982,5066,194160,44,3,0,41,26
2020-08-18,US,Georgia,Newton,2060,50,0,33.55514538,-83.84547140000002,13217.0,1843.4994272623144,2.4271844660194173,2010,2038,50,0,1988,2012,109541,22,0,0,22,26
2020-08-18,US,Georgia,Oconee,475,16,0,33.83749973,-83.43679568,13219.0,1179.245283018868,3.3684210526315788,459,474,16,0,458,472,39272,1,0,0,1,2
2020-08-18,US,Georgia,Oglethorpe,253,8,0,33.878629600000004,-83.08278123,13221.0,1658.0378792843567,3.1620553359683794,245,252,8,0,244,252,15054,1,0,0,1,0
2020-08-18,US,Georgia,Out of GA,16996,103,0,0.0,0.0,80013.0,0.0,0.6060249470463639,16893,17020,103,0,16917,16865,,-24,0,0,-24,155
2020-08-18,US,Georgia,Paulding,1916,26,0,33.91969522,-84.86848792,13223.0,1135.9661344542794,1.356993736951983,1890,1894,26,0,1868,1886,164044,22,0,0,22,8
2020-08-18,US,Georgia,Peach,477,16,0,32.56934316,-83.82937,13225.0,1731.6488782400354,3.3542976939203357,461,464,16,0,448,451,27297,13,0,0,13,13
2020-08-18,US,Georgia,Pickens,450,6,0,34.46589159,-84.46406611,13227.0,1380.7492866128687,1.3333333333333333,444,446,6,0,440,444,31980,4,0,0,4,2
2020-08-18,US,Georgia,Pierce,469,9,0,31.35928155,-82.21598442,13229.0,2409.4528641150782,1.9189765458422172,460,466,9,0,457,442,19389,3,0,0,3,24
2020-08-18,US,Georgia,Pike,254,6,0,33.09310242,-84.38790389,13231.0,1339.5211475582746,2.3622047244094486,248,246,6,0,240,241,18634,8,0,0,8,5
2020-08-18,US,Georgia,Polk,974,11,0,34.00267074,-85.18677781,13233.0,2285.687466266163,1.1293634496919918,963,961,11,0,950,958,42470,13,0,0,13,3
2020-08-18,US,Georgia,Pulaski,148,3,0,32.23334561,-83.47549959999998,13235.0,1328.90365448505,2.0270270270270268,145,143,3,0,140,139,11069,5,0,0,5,4
2020-08-18,US,Georgia,Putnam,502,18,0,33.32056115,-83.37552891,13237.0,2269.5420226954197,3.585657370517928,484,489,18,0,471,476,21809,13,0,0,13,13
2020-08-18,US,Georgia,Quitman,32,1,0,31.86728114,-85.01773177,13239.0,1391.9095258808175,3.125,31,32,1,0,31,32,2279,0,0,0,0,0
2020-08-18,US,Georgia,Rabun,237,3,0,34.88389445,-83.40304637,13241.0,1382.9725156095,1.2658227848101269,234,234,3,0,231,234,16867,3,0,0,3,0
2020-08-18,US,Georgia,Randolph,290,26,0,31.76622818,-84.75732369,13243.0,4278.548244319858,8.965517241379311,264,287,26,0,261,287,6833,3,0,0,3,0
2020-08-18,US,Georgia,Richmond,5268,102,0,33.35777107,-82.07026432,13245.0,2601.250259236216,1.9362186788154896,5166,5192,98,0,5094,5064,201554,76,4,0,72,128
2020-08-18,US,Georgia,Rockdale,1503,27,0,33.65145002,-84.02202167,13247.0,1653.5381094877662,1.7964071856287425,1476,1487,27,0,1460,1471,90594,16,0,0,16,16
2020-08-18,US,Georgia,Schley,83,1,0,32.2654021,-84.31258912,13249.0,1578.8472512840024,1.2048192771084338,82,79,1,0,78,79,5236,4,0,0,4,0
2020-08-18,US,Georgia,Screven,243,9,0,32.74976524,-81.60779441,13251.0,1739.9398539309752,3.703703703703704,234,240,9,0,231,228,13938,3,0,0,3,12
2020-08-18,US,Georgia,Seminole,250,6,0,30.93464824,-84.86823924,13253.0,3090.234857849197,2.4,244,242,6,0,236,242,8315,8,0,0,8,0
2020-08-18,US,Georgia,Spalding,1049,43,0,33.26310031,-84.28013991,13255.0,1572.64290961426,4.099142040038132,1006,1039,43,0,996,1036,66100,10,0,0,10,3
2020-08-18,US,Georgia,Stephens,711,19,0,34.55151201,-83.29405315,13257.0,2742.5265188042426,2.6722925457102678,692,700,18,0,682,696,26035,11,1,0,10,4
2020-08-18,US,Georgia,Stewart,275,10,0,32.07996777,-84.83208037,13259.0,4153.451140311131,3.636363636363636,265,275,10,0,265,275,6199,0,0,0,0,0
2020-08-18,US,Georgia,Sumter,794,56,0,32.03650571,-84.19821492,13261.0,2689.3374881452387,7.052896725440807,738,789,56,0,733,783,29733,5,0,0,5,6
2020-08-18,US,Georgia,Talbot,148,5,0,32.69642758,-84.53351366,13263.0,2389.0234059725585,3.3783783783783785,143,147,5,0,142,147,6272,1,0,0,1,0
2020-08-18,US,Georgia,Taliaferro,17,0,0,33.56543317,-82.88136816,13265.0,1106.0507482108003,0.0,17,17,0,0,17,17,1608,0,0,0,0,0
2020-08-18,US,Georgia,Tattnall,608,3,0,32.04785085,-82.05539188,13267.0,2404.492604603338,0.4934210526315789,605,603,2,0,601,597,25391,5,1,0,4,6
2020-08-18,US,Georgia,Taylor,108,4,0,32.55792548,-84.25077141,13269.0,1346.633416458853,3.703703703703704,104,107,4,0,103,105,8039,1,0,0,1,2
2020-08-18,US,Georgia,Telfair,316,12,0,31.92829517,-82.93491155,13271.0,1992.4337957124842,3.79746835443038,304,313,12,0,301,309,15876,3,0,0,3,4
2020-08-18,US,Georgia,Terrell,310,30,0,31.77527543,-84.44069698,13273.0,3633.806118860626,9.677419354838712,280,308,30,0,278,307,8611,2,0,0,2,1
2020-08-18,US,Georgia,Thomas,1261,44,0,30.86392347,-83.91847289,13275.0,2836.831567343817,3.4892942109436955,1217,1250,44,0,1206,1248,44448,11,0,0,11,2
2020-08-18,US,Georgia,Tift,1412,46,0,31.45743864,-83.5236119,13277.0,3474.067513040055,3.2577903682719547,1366,1402,45,0,1357,1399,40571,10,1,0,9,3
2020-08-18,US,Georgia,Toombs,892,9,0,32.12059861,-82.32957247,13279.0,3324.6366008199766,1.0089686098654709,883,878,9,0,869,871,26887,14,0,0,14,7
2020-08-18,US,Georgia,Towns,165,3,0,34.91369188,-83.74107459999998,13281.0,1370.7734485336878,1.818181818181818,162,159,2,0,157,158,11852,6,1,0,5,1
2020-08-18,US,Georgia,Treutlen,146,3,0,32.40422134,-82.56904553,13283.0,2115.635415157224,2.054794520547945,143,145,3,0,142,143,6809,1,0,0,1,2
2020-08-18,US,Georgia,Troup,2431,77,0,33.03349196,-85.02812115,13285.0,3476.7312147821863,3.1674208144796383,2354,2419,77,0,2342,2413,70034,12,0,0,12,6
2020-08-18,US,Georgia,Turner,266,18,0,31.71612656,-83.62069378,13287.0,3331.2460864120226,6.7669172932330826,248,263,18,0,245,262,7912,3,0,0,3,1
2020-08-18,US,Georgia,Twiggs,142,4,0,32.67435595,-83.43078662,13289.0,1748.7684729064042,2.8169014084507036,138,139,4,0,135,135,8188,3,0,0,3,4
2020-08-18,US,Georgia,Unassigned,2725,8,0,0.0,0.0,90013.0,0.0,0.29357798165137616,2717,2761,5,0,2756,2731,,-36,3,0,-39,30
2020-08-18,US,Georgia,Union,363,7,0,34.82995757,-83.98967069,13291.0,1480.9677287748355,1.9283746556473829,356,335,7,0,328,331,24001,28,0,0,28,4
2020-08-18,US,Georgia,Upson,639,49,0,32.87920671,-84.30024826,13293.0,2427.811550151976,7.6682316118935825,590,632,49,0,583,626,26215,7,0,0,7,6
2020-08-18,US,Georgia,Walker,837,17,0,34.73376362,-85.30165174,13295.0,1199.81078252892,2.031063321385902,820,823,17,0,806,814,69410,14,0,0,14,9
2020-08-18,US,Georgia,Walton,1294,43,0,33.78017694,-83.73552314,13297.0,1367.965917139746,3.323029366306028,1251,1280,43,0,1237,1268,93503,14,0,0,14,12
2020-08-18,US,Georgia,Ware,1242,35,0,31.05449097,-82.42224148,13299.0,3475.6814238540333,2.8180354267310785,1207,1237,34,0,1203,1229,35680,5,1,0,4,8
2020-08-18,US,Georgia,Warren,97,2,0,33.41146451,-82.67795848,13301.0,1846.212409592692,2.061855670103093,95,92,2,0,90,92,5251,5,0,0,5,0
2020-08-18,US,Georgia,Washington,559,3,0,32.96711864,-82.79357039,13303.0,2743.6929419848825,0.5366726296958855,556,540,3,0,537,536,20386,19,0,0,19,4
2020-08-18,US,Georgia,Wayne,882,13,0,31.5521809,-81.91894878,13305.0,2947.1714505296227,1.473922902494331,869,877,14,0,863,871,29808,5,-1,0,6,6
2020-08-18,US,Georgia,Webster,40,2,0,32.04066113,-84.54742852,13307.0,1534.3306482546989,5.0,38,40,2,0,38,39,2611,0,0,0,0,1
2020-08-18,US,Georgia,Wheeler,113,2,0,32.12009104,-82.72574721,13309.0,1438.5741565881603,1.7699115044247788,111,107,2,0,105,106,7879,6,0,0,6,1
2020-08-18,US,Georgia,White,400,7,0,34.64624278,-83.74905525,13311.0,1298.7856354308722,1.75,393,395,6,0,389,394,29970,5,1,0,4,1
2020-08-18,US,Georgia,Whitfield,3740,42,0,34.80987459,-84.96093476,13313.0,3574.5689490384984,1.1229946524064172,3698,3730,40,0,3690,3720,104062,10,2,0,8,10
2020-08-18,US,Georgia,Wilcox,199,19,0,31.97496928,-83.43438555,13315.0,2304.574406485235,9.547738693467336,180,199,19,0,180,198,8812,0,0,0,0,1
2020-08-18,US,Georgia,Wilkes,202,3,0,33.78290391,-82.74286107,13317.0,2066.0734376598143,1.4851485148514851,199,202,3,0,199,201,9876,0,0,0,0,1
2020-08-18,US,Georgia,Wilkinson,245,12,0,32.80291082,-83.17140684,13319.0,2736.207281661827,4.8979591836734695,233,240,12,0,228,238,9036,5,0,0,5,2
2020-08-18,US,Georgia,Worth,473,24,0,31.55162306,-83.85090513,13321.0,2336.148565219539,5.073995771670191,449,472,23,0,449,471,20299,1,1,0,0,1
2020-08-18,US,Hawaii,Hawaii,152,0,0,19.60121157,-155.5210167,15001.0,75.42937676477446,0.0,152,149,0,0,149,148,200983,3,0,0,3,1
2020-08-18,US,Hawaii,Honolulu,4878,34,0,21.45803166,-157.97121819999995,15003.0,500.5320333318626,0.6970069700697007,4844,4754,33,0,4721,4591,980080,124,1,0,123,163
2020-08-18,US,Hawaii,Kauai,54,0,0,22.03935037,-159.5966786,15007.0,74.69602866114285,0.0,54,54,0,0,54,54,72133,0,0,0,0,0
2020-08-18,US,Hawaii,Maui,242,6,0,20.86399628,-156.56890969999995,15009.0,144.54923932456086,2.479338842975207,236,235,6,0,229,226,167207,7,0,0,7,9
2020-08-18,US,Hawaii,Out of HI,23,1,0,0.0,0.0,80015.0,0.0,4.3478260869565215,22,23,1,0,22,23,,0,0,0,0,0
2020-08-18,US,Idaho,Ada,10132,98,0,43.4526575,-116.24155159999998,16001.0,2103.877388716888,0.9672325305961312,10034,10030,95,0,9935,9968,469966,102,3,0,99,62
2020-08-18,US,Idaho,Adams,22,0,0,44.89333571,-116.4545247,16003.0,512.342803912436,0.0,22,22,0,0,22,22,4250,0,0,0,0,0
2020-08-18,US,Idaho,Bannock,529,2,0,42.67002716,-112.2233311,16005.0,602.4508017492711,0.3780718336483932,527,507,2,0,505,487,87138,22,0,0,22,20
2020-08-18,US,Idaho,Bear Lake,24,0,0,42.28269683,-111.32892379999998,16007.0,391.8367346938775,0.0,24,21,0,0,21,21,6050,3,0,0,3,0
2020-08-18,US,Idaho,Benewah,86,1,0,47.21754179,-116.6586851,16009.0,924.9300924930092,1.162790697674419,85,80,1,0,79,80,9226,6,0,0,6,0
2020-08-18,US,Idaho,Bingham,360,2,0,43.21672879999999,-112.3978437,16011.0,769.0500096131251,0.5555555555555556,358,351,2,0,349,339,46236,9,0,0,9,12
2020-08-18,US,Idaho,Blaine,590,6,0,43.4085812,-113.9752658,16013.0,2562.8773728335,1.0169491525423728,584,586,6,0,580,585,22601,4,0,0,4,1
2020-08-18,US,Idaho,Boise,54,1,0,43.98829931,-115.7309284,16015.0,689.5671050951347,1.851851851851852,53,54,1,0,53,53,7634,0,0,0,0,1
2020-08-18,US,Idaho,Bonner,192,0,0,48.29996017,-116.6017932,16017.0,419.7730601893351,0.0,192,192,0,0,192,191,44727,0,0,0,0,1
2020-08-18,US,Idaho,Bonneville,1374,6,0,43.38713372,-111.6161537,16019.0,1154.020594312207,0.4366812227074236,1368,1338,6,0,1332,1317,116854,36,0,0,36,21
2020-08-18,US,Idaho,Boundary,42,0,0,48.76684761,-116.4630179,16021.0,342.99714169048593,0.0,42,40,0,0,40,38,11948,2,0,0,2,2
2020-08-18,US,Idaho,Butte,3,0,0,43.72592209,-113.1735463,16023.0,115.51790527531769,0.0,3,1,0,0,1,1,2611,2,0,0,2,0
2020-08-18,US,Idaho,Camas,1,0,0,43.46665742,-114.8065892,16025.0,90.41591320072331,0.0,1,1,0,0,1,1,1127,0,0,0,0,0
2020-08-18,US,Idaho,Canyon,6501,61,0,43.61970148,-116.70954990000001,16027.0,2828.378631188302,0.9383171819720044,6440,6422,58,0,6364,6362,223499,79,3,0,76,60
2020-08-18,US,Idaho,Caribou,34,0,0,42.77149116,-111.5597683,16029.0,475.1921733053808,0.0,34,34,0,0,34,34,7060,0,0,0,0,0
2020-08-18,US,Idaho,Cassia,560,1,0,42.28347888,-113.6012409,16031.0,2330.4203079483977,0.17857142857142858,559,553,1,0,552,547,23864,7,0,0,7,6
2020-08-18,US,Idaho,Clark,15,0,0,44.28496071,-112.35057040000001,16033.0,1775.1479289940826,0.0,15,14,0,0,14,12,852,1,0,0,1,2
2020-08-18,US,Idaho,Clearwater,18,0,0,46.67459924,-115.6622393,16035.0,205.5733211512106,0.0,18,18,0,0,18,17,8758,0,0,0,0,1
2020-08-18,US,Idaho,Custer,15,0,0,44.24186819,-114.2855494,16037.0,347.6245654692932,0.0,15,11,0,0,11,11,4280,4,0,0,4,0
2020-08-18,US,Idaho,Elmore,241,3,0,43.3507101,-115.4701578,16039.0,876.0132310712079,1.2448132780082988,238,234,3,0,231,234,27259,7,0,0,7,0
2020-08-18,US,Idaho,Franklin,53,0,0,42.18332217,-111.81496659999999,16041.0,381.95445373306427,0.0,53,52,0,0,52,52,13726,1,0,0,1,0
2020-08-18,US,Idaho,Fremont,96,0,0,44.22800938,-111.48099429999999,16043.0,732.8803725475227,0.0,96,94,0,0,94,94,13168,2,0,0,2,0
2020-08-18,US,Idaho,Gem,195,1,0,44.06482372,-116.398376,16045.0,1076.6342756183749,0.5128205128205128,194,195,1,0,194,189,17634,0,0,0,0,6
2020-08-18,US,Idaho,Gooding,185,1,0,42.96927962,-114.81083059999999,16047.0,1218.7891165425915,0.5405405405405406,184,183,1,0,182,181,15196,2,0,0,2,2
2020-08-18,US,Idaho,Idaho,36,0,0,45.84721541,-115.4634436,16049.0,215.99568008639827,0.0,36,36,0,0,36,34,16513,0,0,0,0,2
2020-08-18,US,Idaho,Jefferson,270,1,0,43.82078483,-112.3131749,16051.0,903.8867128653208,0.3703703703703704,269,260,1,0,259,252,29439,10,0,0,10,8
2020-08-18,US,Idaho,Jerome,532,6,0,42.68891267,-114.2655033,16053.0,2179.256103555628,1.1278195488721805,526,528,6,0,522,525,24015,4,0,0,4,3
2020-08-18,US,Idaho,Kootenai,2015,22,0,47.67282258,-116.7020872,16055.0,1216.075125077702,1.0918114143920596,1993,1994,21,0,1973,1989,161505,21,1,0,20,5
2020-08-18,US,Idaho,Latah,154,0,0,46.81587887,-116.71136979999999,16057.0,383.9632990924504,0.0,154,146,0,0,146,133,40134,8,0,0,8,13
2020-08-18,US,Idaho,Lemhi,53,0,0,44.9438088,-113.9309747,16059.0,660.2715834060048,0.0,53,51,0,0,51,48,7961,2,0,0,2,3
2020-08-18,US,Idaho,Lincoln,62,0,0,43.0012336,-114.1358773,16063.0,1155.4230339172568,0.0,62,62,0,0,62,62,5360,0,0,0,0,0
2020-08-18,US,Idaho,Madison,200,0,0,43.78141028,-111.65384740000002,16065.0,501.16520911118346,0.0,200,195,0,0,195,190,39304,5,0,0,5,5
2020-08-18,US,Idaho,Minidoka,509,2,0,42.85518524,-113.6357257,16067.0,2419.3165074385665,0.3929273084479371,507,507,2,0,505,504,20825,2,0,0,2,3
2020-08-18,US,Idaho,Nez Perce,194,19,0,46.32638236,-116.75009750000001,16069.0,480.10294991090876,9.793814432989693,175,188,19,0,169,174,40408,6,0,0,6,14
2020-08-18,US,Idaho,Oneida,16,0,0,42.19494279999999,-112.5407838,16071.0,353.12293092032667,0.0,16,16,0,0,16,16,4488,0,0,0,0,0
2020-08-18,US,Idaho,Owyhee,282,4,0,42.58016894,-116.16938710000001,16073.0,2385.1814260340016,1.4184397163120568,278,281,4,0,277,279,11693,1,0,0,1,2
2020-08-18,US,Idaho,Payette,468,4,0,44.00545243,-116.7647695,16075.0,1953.9893950148212,0.8547008547008547,464,451,3,0,448,447,23551,17,1,0,16,4
2020-08-18,US,Idaho,Power,74,0,0,42.69254894,-112.83957420000002,16077.0,963.4162218461138,0.0,74,67,0,0,67,66,7768,7,0,0,7,1
2020-08-18,US,Idaho,Shoshone,172,4,0,47.35364087,-115.89167490000001,16079.0,1335.196398074833,2.3255813953488373,168,168,3,0,165,166,12796,4,1,0,3,2
2020-08-18,US,Idaho,Teton,102,0,0,43.75303583,-111.2056773,16081.0,840.0592983034096,0.0,102,101,0,0,101,97,11640,1,0,0,1,4
2020-08-18,US,Idaho,Twin Falls,1537,33,0,42.35440512,-114.6685381,16083.0,1769.1475402288265,2.147039687703318,1504,1533,33,0,1500,1521,86081,4,0,0,4,12
2020-08-18,US,Idaho,Unassigned,3,0,0,0.0,0.0,90016.0,0.0,0.0,3,3,0,0,3,3,,0,0,0,0,0
2020-08-18,US,Idaho,Valley,76,1,0,44.76728382,-115.5676773,16085.0,667.1348314606741,1.3157894736842106,75,76,1,0,75,76,11041,0,0,0,0,0
2020-08-18,US,Idaho,Washington,244,3,0,44.45275475,-116.78476880000001,16087.0,2393.564842063959,1.2295081967213115,241,241,3,0,238,238,10161,3,0,0,3,3
2020-08-18,US,Illinois,Adams,672,7,0,39.98815591,-91.18786813,17001.0,1026.9733323145106,1.0416666666666667,665,665,7,0,658,643,65691,7,0,0,7,22
2020-08-18,US,Illinois,Alexander,40,0,0,37.18049267,-89.32910838,17003.0,694.3239021003299,0.0,40,40,0,0,40,40,6060,0,0,0,0,0
2020-08-18,US,Illinois,Bond,88,3,0,38.88829622,-89.43534887,17005.0,535.7360282478996,3.4090909090909087,85,82,3,0,79,80,16630,6,0,0,6,2
2020-08-18,US,Illinois,Boone,778,23,0,42.32359279,-88.82345779,17007.0,1453.0106080980127,2.956298200514139,755,771,23,0,748,769,53577,7,0,0,7,2
2020-08-18,US,Illinois,Brown,15,0,0,39.96209138,-90.75068024,17009.0,228.0328367284889,0.0,15,16,0,0,16,15,6556,-1,0,0,-1,1
2020-08-18,US,Illinois,Bureau,282,4,0,41.40385234,-89.5283051,17011.0,864.2883413019493,1.4184397163120568,278,276,4,0,272,277,32993,6,0,0,6,-1
2020-08-18,US,Illinois,Calhoun,15,0,0,39.16840183,-90.66330078,17013.0,316.52247309558976,0.0,15,14,0,0,14,14,4802,1,0,0,1,0
2020-08-18,US,Illinois,Carroll,92,4,0,42.06823429,-89.93395545,17015.0,643.1317721076547,4.3478260869565215,88,89,4,0,85,84,14312,3,0,0,3,5
2020-08-18,US,Illinois,Cass,259,11,0,39.96991073,-90.24734436,17017.0,2132.2137153206554,4.247104247104248,248,258,11,0,247,257,12260,1,0,0,1,1
2020-08-18,US,Illinois,Champaign,1793,19,0,40.13919438,-88.20046615,17019.0,855.0758504261072,1.0596765197992193,1774,1776,19,0,1757,1766,209983,17,0,0,17,10
2020-08-18,US,Illinois,Christian,161,4,0,39.54581621,-89.27780482,17021.0,498.3902922238732,2.4844720496894412,157,157,4,0,153,153,32661,4,0,0,4,4
2020-08-18,US,Illinois,Clark,96,2,0,39.33425789,-87.78705622,17023.0,621.7213911016124,2.083333333333333,94,96,2,0,94,95,15596,0,0,0,0,1
2020-08-18,US,Illinois,Clay,40,0,0,38.75388572,-88.48914513,17025.0,303.3980582524272,0.0,40,38,0,0,38,36,13253,2,0,0,2,2
2020-08-18,US,Illinois,Clinton,512,17,0,38.60704876,-89.42385254,17027.0,1363.0797082157499,3.3203125,495,492,17,0,475,485,37639,20,0,0,20,7
2020-08-18,US,Illinois,Coles,648,21,0,39.51949084,-88.22358557,17029.0,1280.1011437940774,3.2407407407407414,627,630,21,0,609,612,50885,18,0,0,18,18
2020-08-18,US,Illinois,Cook,117171,4974,0,41.84144849,-87.81658794,17031.0,2275.062118548811,4.245077706941137,112197,116620,4964,0,111656,115960,5180493,551,10,0,541,660
2020-08-18,US,Illinois,Crawford,38,0,0,39.0032229,-87.75954624,17033.0,203.56779343226015,0.0,38,37,0,0,37,35,18807,1,0,0,1,2
2020-08-18,US,Illinois,Cumberland,75,3,0,39.27432424,-88.2401158,17035.0,696.6375626973806,4.0,72,69,3,0,66,66,10808,6,0,0,6,3
2020-08-18,US,Illinois,De Witt,38,0,0,40.17514519,-88.90959682,17039.0,242.99782580892696,0.0,38,38,0,0,38,36,15769,0,0,0,0,2
2020-08-18,US,Illinois,DeKalb,1004,32,0,41.89373302,-88.76958483,17037.0,957.1293745293002,3.187250996015936,972,993,32,0,961,985,104143,11,0,0,11,8
2020-08-18,US,Illinois,Douglas,152,3,0,39.76768052,-88.21854195,17041.0,780.8887747238632,1.973684210526316,149,151,3,0,148,146,19479,1,0,0,1,5
2020-08-18,US,Illinois,DuPage,13151,527,0,41.85116968,-88.08642662,17043.0,1424.9323614913953,4.0072998251083565,12624,13032,526,0,12506,12892,928589,119,1,0,118,140
2020-08-18,US,Illinois,Edgar,46,0,0,39.6809186,-87.74759563,17045.0,268.049647456442,0.0,46,35,0,0,35,35,17360,11,0,0,11,0
2020-08-18,US,Illinois,Edwards,28,0,0,38.41353228,-88.05720863,17047.0,437.842064112588,0.0,28,27,0,0,27,25,6392,1,0,0,1,2
2020-08-18,US,Illinois,Effingham,266,1,0,39.05935711,-88.58969584,17049.0,782.1689014349565,0.3759398496240601,265,252,1,0,251,241,34208,14,0,0,14,11
2020-08-18,US,Illinois,Fayette,81,3,0,39.00072038,-89.02452658,17051.0,379.64004499437567,3.703703703703704,78,80,3,0,77,78,21416,1,0,0,1,2
2020-08-18,US,Illinois,Ford,61,2,0,40.59706922,-88.22350769,17053.0,470.64269732273743,3.278688524590164,59,60,2,0,58,60,13264,1,0,0,1,0
2020-08-18,US,Illinois,Franklin,258,1,0,37.99189086,-88.92567818,17055.0,670.669890041332,0.3875968992248062,257,249,1,0,248,242,38701,9,0,0,9,7
2020-08-18,US,Illinois,Fulton,48,0,0,40.47289135,-90.20862357,17057.0,139.77868375072802,0.0,48,48,0,0,48,45,34844,0,0,0,0,3
2020-08-18,US,Illinois,Gallatin,56,2,0,37.76430935,-88.22953869,17059.0,1159.90057995029,3.571428571428572,54,54,2,0,52,53,5058,2,0,0,2,1
2020-08-18,US,Illinois,Greene,78,0,0,39.35907414,-90.388865,17061.0,601.4341892204487,0.0,78,73,0,0,73,72,13044,5,0,0,5,1
2020-08-18,US,Illinois,Grundy,392,5,0,41.28569601,-88.41905692,17063.0,767.814470952325,1.2755102040816326,387,391,5,0,386,384,50972,1,0,0,1,7
2020-08-18,US,Illinois,Hamilton,38,0,0,38.08163641,-88.53883373,17065.0,468.21094135041886,0.0,38,37,0,0,37,37,8163,1,0,0,1,0
2020-08-18,US,Illinois,Hancock,102,1,0,40.40423981,-91.16313899,17067.0,576.0108425570363,0.9803921568627452,101,95,1,0,94,92,17844,7,0,0,7,3
2020-08-18,US,Illinois,Hardin,18,0,0,37.51810645,-88.26873022,17069.0,471.08086888249153,0.0,18,18,0,0,18,18,3910,0,0,0,0,0
2020-08-18,US,Illinois,Henderson,24,0,0,40.81908672,-90.92491462,17071.0,361.1194703581102,0.0,24,24,0,0,24,23,6709,0,0,0,0,1
2020-08-18,US,Illinois,Henry,318,1,0,41.3533994,-90.13296166,17073.0,650.1339112301433,0.31446540880503143,317,313,1,0,312,297,49090,5,0,0,5,16
2020-08-18,US,Illinois,Iroquois,280,14,0,40.74717633,-87.82466784,17075.0,1032.676845909862,5.0,266,280,14,0,266,280,27604,0,0,0,0,0
2020-08-18,US,Illinois,Jackson,796,20,0,37.78595185,-89.38232563,17077.0,1402.6431718061676,2.512562814070352,776,778,20,0,758,772,57419,18,0,0,18,6
2020-08-18,US,Illinois,Jasper,73,7,0,39.01054275,-88.15437049,17079.0,759.6253902185222,9.58904109589041,66,72,7,0,65,66,9611,1,0,0,1,6
2020-08-18,US,Illinois,Jefferson,357,24,0,38.29980057,-88.9240025,17081.0,947.3516611824648,6.722689075630252,333,356,22,0,334,353,37820,1,2,0,-1,3
2020-08-18,US,Illinois,Jersey,173,2,0,39.08869046,-90.35393073,17083.0,794.5620722913701,1.1560693641618498,171,157,2,0,155,151,21847,16,0,0,16,6
2020-08-18,US,Illinois,Jo Daviess,148,2,0,42.36542373,-90.21094405,17085.0,696.9625618083353,1.351351351351351,146,145,2,0,143,141,21366,3,0,0,3,4
2020-08-18,US,Illinois,Johnson,81,0,0,37.45939802,-88.88165419,17087.0,652.3314810340662,0.0,81,79,0,0,79,78,12456,2,0,0,2,1
2020-08-18,US,Illinois,Kane,10384,305,0,41.93842729,-88.42861412,17089.0,1950.4022328950061,2.937211093990755,10079,10314,304,0,10010,10184,534216,70,1,0,69,130
2020-08-18,US,Illinois,Kankakee,1909,71,0,41.13746989,-87.86205334,17091.0,1737.6344869017496,3.7192247249869035,1838,1900,70,0,1830,1886,110024,9,1,0,8,14
2020-08-18,US,Illinois,Kendall,1495,23,0,41.59081014,-88.42869583,17093.0,1159.0045739979844,1.5384615384615383,1472,1479,23,0,1456,1461,127915,16,0,0,16,18
2020-08-18,US,Illinois,Knox,384,1,0,40.93148779,-90.21330340000002,17095.0,772.6513611943902,0.2604166666666667,383,370,1,0,369,361,50112,14,0,0,14,9
2020-08-18,US,Illinois,LaSalle,992,34,0,41.34426129999999,-88.88633881,17099.0,912.8638342121487,3.427419354838709,958,960,33,0,927,953,109430,32,1,0,31,7
2020-08-18,US,Illinois,Lake,13485,452,0,42.3224907,-88.00367925,17097.0,1936.011829987007,3.3518724508713387,13033,13375,450,0,12925,13282,700832,110,2,0,108,93
2020-08-18,US,Illinois,Lawrence,67,0,0,38.71987914,-87.72884035,17101.0,427.3504273504274,0.0,67,65,0,0,65,62,15765,2,0,0,2,3
2020-08-18,US,Illinois,Lee,199,1,0,41.74583951,-89.29977132,17103.0,583.646175504458,0.5025125628140703,198,198,1,0,197,194,34223,1,0,0,1,4
2020-08-18,US,Illinois,Livingston,151,3,0,40.89188292,-88.55784752,17105.0,423.58617594254935,1.9867549668874167,148,151,3,0,148,150,35761,0,0,0,0,1
2020-08-18,US,Illinois,Logan,204,1,0,40.12581572,-89.36638784,17107.0,712.8380739394787,0.4901960784313725,203,201,1,0,200,196,28925,3,0,0,3,5
2020-08-18,US,Illinois,Macon,772,23,0,39.86064913,-88.96342505,17115.0,742.2434597006027,2.979274611398964,749,762,23,0,739,755,104712,10,0,0,10,7
2020-08-18,US,Illinois,Macoupin,252,3,0,39.26119767,-89.92424028,17117.0,560.9224057338736,1.1904761904761905,249,245,3,0,242,241,45313,7,0,0,7,4
2020-08-18,US,Illinois,Madison,3241,86,0,38.83042506,-89.90422563,17119.0,1232.4787234851653,2.6535020055538414,3155,3152,85,0,3067,3111,264461,89,1,0,88,41
2020-08-18,US,Illinois,Marion,196,0,0,38.64963204,-88.91899208,17121.0,526.8109125117592,0.0,196,188,0,0,188,182,37620,8,0,0,8,6
2020-08-18,US,Illinois,Marshall,36,0,0,41.0327901,-89.34510444,17123.0,314.74033922014337,0.0,36,35,0,0,35,35,11534,1,0,0,1,0
2020-08-18,US,Illinois,Mason,64,0,0,40.23917274,-89.91824452,17125.0,479.0777752825811,0.0,64,63,0,0,63,61,13565,1,0,0,1,2
2020-08-18,US,Illinois,Massac,45,0,0,37.22078441,-88.71036614,17127.0,326.749927388905,0.0,45,45,0,0,45,43,14080,0,0,0,0,2
2020-08-18,US,Illinois,McDonough,157,15,0,40.45674722,-90.67775541,17109.0,528.9400983761202,9.554140127388537,142,157,15,0,142,158,29955,0,0,0,0,-1
2020-08-18,US,Illinois,McHenry,3446,115,0,42.32451172,-88.45248227,17111.0,1119.652732199601,3.3372025536854313,3331,3417,115,0,3302,3389,308570,29,0,0,29,28
2020-08-18,US,Illinois,McLean,834,16,0,40.48996987,-88.84621113,17113.0,486.2491764664727,1.9184652278177456,818,782,16,0,766,773,172828,52,0,0,52,9
2020-08-18,US,Illinois,Menard,62,0,0,40.02742725,-89.80246001,17129.0,508.36339783535584,0.0,62,62,0,0,62,61,12288,0,0,0,0,1
2020-08-18,US,Illinois,Mercer,82,4,0,41.20596782,-90.74290052,17131.0,531.1912936451383,4.878048780487805,78,81,4,0,77,79,15601,1,0,0,1,2
2020-08-18,US,Illinois,Monroe,369,13,0,38.27594376,-90.17761038,17133.0,1065.3347576291249,3.523035230352304,356,358,13,0,345,354,34335,11,0,0,11,4
2020-08-18,US,Illinois,Montgomery,193,7,0,39.23198845,-89.47809254,17135.0,679.2426268740761,3.6269430051813467,186,192,7,0,185,190,28601,1,0,0,1,2
2020-08-18,US,Illinois,Morgan,405,12,0,39.71654544,-90.20255104,17137.0,1203.2800522906887,2.962962962962963,393,402,11,0,391,392,33976,3,1,0,2,10
2020-08-18,US,Illinois,Moultrie,115,0,0,39.64187451,-88.62099969,17139.0,793.0487552582581,0.0,115,113,0,0,113,111,14717,2,0,0,2,2
2020-08-18,US,Illinois,Ogle,439,5,0,42.04165196,-89.32184679,17141.0,866.8522796832733,1.1389521640091116,434,437,5,0,432,433,50923,2,0,0,2,4
2020-08-18,US,Illinois,Out of IL,1,0,0,0.0,0.0,80017.0,0.0,0.0,1,2,0,0,2,,,-1,0,0,-1,
2020-08-18,US,Illinois,Peoria,1966,37,0,40.78702156,-89.76078901,17143.0,1097.226795550818,1.8819938962360119,1929,1917,37,0,1880,1890,180621,49,0,0,49,27
2020-08-18,US,Illinois,Perry,228,4,0,38.08510853,-89.36856219,17145.0,1090.0745840504876,1.7543859649122806,224,213,3,0,210,210,21174,15,1,0,14,3
2020-08-18,US,Illinois,Piatt,70,0,0,40.01360584,-88.59319339,17147.0,428.2917278511992,0.0,70,70,0,0,70,69,16396,0,0,0,0,1
2020-08-18,US,Illinois,Pike,38,0,0,39.62265059,-90.8877017,17149.0,244.20024420024413,0.0,38,35,0,0,35,34,15611,3,0,0,3,1
2020-08-18,US,Illinois,Pope,11,0,0,37.41391284,-88.56152109,17151.0,263.3468996887718,0.0,11,11,0,0,11,11,4212,0,0,0,0,0
2020-08-18,US,Illinois,Pulaski,101,1,0,37.22631423,-89.13085001,17153.0,1893.1583880037488,0.99009900990099,100,101,1,0,100,101,5463,0,0,0,0,0
2020-08-18,US,Illinois,Putnam,13,0,0,41.2013541,-89.2869272,17155.0,226.5202997037812,0.0,13,13,0,0,13,13,5740,0,0,0,0,0
2020-08-18,US,Illinois,Randolph,550,7,0,38.05095369,-89.82512254,17157.0,1730.5392989742625,1.2727272727272727,543,539,7,0,532,523,32106,11,0,0,11,16
2020-08-18,US,Illinois,Richland,42,0,0,38.71240969,-88.08475366,17159.0,270.7406691162251,0.0,42,42,0,0,42,41,15763,0,0,0,0,1
2020-08-18,US,Illinois,Rock Island,1897,44,0,41.46613806,-90.57042164,17161.0,1337.0548143136052,2.319451765946231,1853,1884,41,0,1843,1869,143477,13,3,0,10,15
2020-08-18,US,Illinois,Saline,145,2,0,37.75332999,-88.54119706,17165.0,617.2576731514198,1.3793103448275863,143,140,2,0,138,138,23906,5,0,0,5,2
2020-08-18,US,Illinois,Sangamon,1487,35,0,39.75836914,-89.65872023,17167.0,763.8489356455988,2.3537323470073974,1452,1462,35,0,1427,1447,195348,25,0,0,25,15
2020-08-18,US,Illinois,Schuyler,19,0,0,40.157179799999994,-90.61114163,17169.0,280.73286052009456,0.0,19,19,0,0,19,19,6907,0,0,0,0,0
2020-08-18,US,Illinois,Scott,35,0,0,39.642916899999996,-90.47814431,17171.0,706.9278933548778,0.0,35,35,0,0,35,35,4926,0,0,0,0,0
2020-08-18,US,Illinois,Shelby,112,2,0,39.39133527,-88.80611122,17173.0,517.7036146805954,1.7857142857142858,110,109,2,0,107,108,21741,3,0,0,3,1
2020-08-18,US,Illinois,St. Clair,4551,163,0,38.46996033,-89.93063427,17163.0,1752.5010974792633,3.581630410898704,4388,4484,162,0,4322,4425,261059,67,1,0,66,59
2020-08-18,US,Illinois,Stark,7,0,0,41.09309773,-89.79745866,17175.0,131.03706476974915,0.0,7,7,0,0,7,7,5427,0,0,0,0,0
2020-08-18,US,Illinois,Stephenson,351,6,0,42.35129217,-89.662598,17177.0,788.7994966065891,1.709401709401709,345,348,6,0,342,345,44753,3,0,0,3,3
2020-08-18,US,Illinois,Tazewell,765,9,0,40.50716185,-89.51404662,17179.0,580.4116749998102,1.1764705882352942,756,724,9,0,715,700,132328,41,0,0,41,24
2020-08-18,US,Illinois,Unassigned,1370,211,0,0.0,0.0,90017.0,0.0,15.401459854014599,1159,1378,211,0,1167,1372,,-8,0,0,-8,6
2020-08-18,US,Illinois,Union,368,23,0,37.47119609,-89.25548938,17181.0,2209.8120458776198,6.25,345,363,23,0,340,361,16841,5,0,0,5,2
2020-08-18,US,Illinois,Vermilion,273,2,0,40.18417171,-87.73384359,17183.0,360.3579819953008,0.7326007326007326,271,273,2,0,271,267,76806,0,0,0,0,6
2020-08-18,US,Illinois,Wabash,70,1,0,38.44272901,-87.84922065,17185.0,616.3194444444445,1.4285714285714286,69,70,1,0,69,63,11549,0,0,0,0,7
2020-08-18,US,Illinois,Warren,209,0,0,40.84925021,-90.6147432,17187.0,1240.7979102350985,0.0,209,205,0,0,205,203,17032,4,0,0,4,2
2020-08-18,US,Illinois,Washington,76,1,0,38.35309213,-89.40982703,17189.0,547.2744293223878,1.3157894736842106,75,75,1,0,74,73,13995,1,0,0,1,2
2020-08-18,US,Illinois,Wayne,77,2,0,38.42955355,-88.42586459,17191.0,474.86894850447123,2.5974025974025974,75,75,2,0,73,72,16332,2,0,0,2,3
2020-08-18,US,Illinois,White,95,0,0,38.08706198,-88.17657461,17193.0,701.7803058284703,0.0,95,87,0,0,87,84,13665,8,0,0,8,3
2020-08-18,US,Illinois,Whiteside,406,17,0,41.75509713,-89.91556058,17195.0,735.840507476212,4.1871921182266005,389,399,17,0,382,391,55626,7,0,0,7,8
2020-08-18,US,Illinois,Will,10102,353,0,41.44619267,-87.97862712,17197.0,1462.4831521998776,3.49435755295981,9749,10013,351,0,9662,9874,692310,89,2,0,87,139
2020-08-18,US,Illinois,Williamson,568,7,0,37.73033511,-88.92994027,17199.0,852.8912713785907,1.2323943661971828,561,552,7,0,545,534,67056,16,0,0,16,18
2020-08-18,US,Illinois,Winnebago,3901,135,0,42.33641854,-89.16085327,17201.0,1380.5331030675366,3.4606511150986927,3766,3885,135,0,3750,3861,284081,16,0,0,16,24
2020-08-18,US,Illinois,Woodford,200,3,0,40.78579374,-89.20973757,17203.0,520.0343222652695,1.5,197,188,3,0,185,186,38463,12,0,0,12,2
2020-08-18,US,Indiana,Adams,141,2,0,40.7457653,-84.93671406,18001.0,394.1079464460407,1.4184397163120568,139,139,2,0,137,135,35636,2,0,0,2,4
2020-08-18,US,Indiana,Allen,4350,169,0,41.09194313,-85.06800636,18003.0,1146.852483133359,3.885057471264368,4181,4314,166,0,4148,4277,375351,36,3,0,33,37
2020-08-18,US,Indiana,Bartholomew,936,48,0,39.20744865,-85.89558181,18005.0,1117.2250802707122,5.128205128205129,888,924,47,0,877,910,82753,12,1,0,11,14
2020-08-18,US,Indiana,Benton,72,0,0,40.60626947,-87.31093999,18007.0,823.0452674897119,0.0,72,69,0,0,69,69,8653,3,0,0,3,0
2020-08-18,US,Indiana,Blackford,67,2,0,40.47388153,-85.32499702,18009.0,569.8248001360778,2.985074626865672,65,67,2,0,65,67,11930,0,0,0,0,0
2020-08-18,US,Indiana,Boone,748,46,0,40.0509304,-86.46841646,18011.0,1102.545583184706,6.149732620320855,702,740,46,0,694,734,66999,8,0,0,8,6
2020-08-18,US,Indiana,Brown,80,2,0,39.19605589,-86.22868909,18013.0,530.082162735224,2.5,78,79,2,0,77,79,15234,1,0,0,1,0
2020-08-18,US,Indiana,Carroll,233,7,0,40.580783200000006,-86.56198812,18015.0,1150.21967714864,3.004291845493562,226,230,7,0,223,227,20127,3,0,0,3,3
2020-08-18,US,Indiana,Cass,1818,9,0,40.76135835,-86.34830753,18017.0,4823.688609408579,0.4950495049504951,1809,1820,9,0,1811,1821,37955,-2,0,0,-2,-1
2020-08-18,US,Indiana,Clark,1458,50,0,38.48015445,-85.70510334,18019.0,1232.4390120200842,3.4293552812071337,1408,1421,50,0,1371,1410,117360,37,0,0,37,11
2020-08-18,US,Indiana,Clay,187,5,0,39.39561833,-87.11723506,18021.0,713.0600571973308,2.6737967914438503,182,175,5,0,170,169,26170,12,0,0,12,6
2020-08-18,US,Indiana,Clinton,479,4,0,40.30319754,-86.47277257,18023.0,1478.4406926139695,0.8350730688935282,475,478,4,0,474,474,32250,1,0,0,1,4
2020-08-18,US,Indiana,Crawford,52,0,0,38.28814402,-86.44518825,18025.0,491.6327881251773,0.0,52,52,0,0,52,52,10558,0,0,0,0,0
2020-08-18,US,Indiana,Daviess,332,21,0,38.70186039,-87.07185406,18027.0,995.4723996281972,6.325301204819278,311,320,21,0,299,314,33147,12,0,0,12,6
2020-08-18,US,Indiana,DeKalb,256,4,0,41.39804622,-84.99906934,18033.0,588.8441633122484,1.5625,252,254,4,0,250,252,43226,2,0,0,2,2
2020-08-18,US,Indiana,Dearborn,539,28,0,39.14647946,-84.97333539,18029.0,1089.813579198512,5.194805194805196,511,536,28,0,508,535,49568,3,0,0,3,1
2020-08-18,US,Indiana,Decatur,359,32,0,39.30712658,-85.50087166,18031.0,1351.7075191084002,8.913649025069637,327,359,32,0,327,358,26794,0,0,0,0,1
2020-08-18,US,Indiana,Delaware,813,53,0,40.22787247,-85.39732772,18035.0,712.3143645682744,6.519065190651907,760,806,53,0,753,802,114772,7,0,0,7,4
2020-08-18,US,Indiana,Dubois,758,14,0,38.36597551,-86.87924170000002,18037.0,1773.6802695619613,1.8469656992084436,744,747,13,0,734,743,42565,11,1,0,10,4
2020-08-18,US,Indiana,Elkhart,5190,93,0,41.59761169,-85.85875695,18039.0,2515.253875865679,1.7919075144508672,5097,5153,92,0,5061,5120,205560,37,1,0,36,33
2020-08-18,US,Indiana,Fayette,235,8,0,39.63684962,-85.17797541,18041.0,1017.2279456324127,3.404255319148936,227,223,7,0,216,220,23047,12,1,0,11,3
2020-08-18,US,Indiana,Floyd,920,54,0,38.32117957,-85.90385377,18043.0,1171.6461628588165,5.869565217391305,866,902,50,0,852,890,77781,18,4,0,14,12
2020-08-18,US,Indiana,Fountain,76,2,0,40.12361933,-87.24217689,18045.0,464.9455524287287,2.631578947368421,74,76,2,0,74,76,16351,0,0,0,0,0
2020-08-18,US,Indiana,Franklin,253,22,0,39.4142482,-85.06062647,18047.0,1111.696985675367,8.695652173913043,231,253,19,0,234,253,22736,0,3,0,-3,0
2020-08-18,US,Indiana,Fulton,184,2,0,41.0469907,-86.26252745,18049.0,921.1975568238713,1.0869565217391304,182,180,2,0,178,178,20092,4,0,0,4,2
2020-08-18,US,Indiana,Gibson,254,4,0,38.30393723,-87.58054938,18051.0,754.6272913633799,1.5748031496062993,250,249,4,0,245,247,33452,5,0,0,5,2
2020-08-18,US,Indiana,Grant,545,30,0,40.51587228,-85.65468702,18053.0,828.6578783317368,5.504587155963303,515,544,30,0,514,540,65936,1,0,0,1,4
2020-08-18,US,Indiana,Greene,275,34,0,39.03630547,-86.96223202,18055.0,861.4748449345279,12.363636363636365,241,273,34,0,239,266,32006,2,0,0,2,7
2020-08-18,US,Indiana,Hamilton,3231,106,0,40.07306535,-86.05244729,18057.0,955.8860510456759,3.280718043949242,3125,3169,105,0,3064,3144,330086,62,1,0,61,25
2020-08-18,US,Indiana,Hancock,723,41,0,39.82304555,-85.77566351,18059.0,924.9309180227203,5.670816044260027,682,720,41,0,679,719,76351,3,0,0,3,1
2020-08-18,US,Indiana,Harrison,395,24,0,38.19467379,-86.10948271,18061.0,974.947550290016,6.075949367088607,371,389,24,0,365,381,40350,6,0,0,6,8
2020-08-18,US,Indiana,Hendricks,2038,109,0,39.76719009,-86.51037283,18063.0,1196.6343923762995,5.34838076545633,1929,2018,109,0,1909,2015,167009,20,0,0,20,3
2020-08-18,US,Indiana,Henry,515,21,0,39.93029017,-85.39625719,18065.0,1073.542900025015,4.077669902912621,494,504,21,0,483,504,48271,11,0,0,11,0
2020-08-18,US,Indiana,Howard,988,61,0,40.48527731,-86.11351892,18067.0,1196.9373909672418,6.174089068825912,927,982,61,0,921,979,82366,6,0,0,6,3
2020-08-18,US,Indiana,Huntington,137,3,0,40.82907273,-85.48822092,18069.0,375.13691128148963,2.18978102189781,134,137,3,0,134,136,36240,0,0,0,0,1
2020-08-18,US,Indiana,Jackson,632,6,0,38.90915820000001,-86.03851889,18071.0,1428.862110284642,0.9493670886075948,626,632,5,0,627,628,44111,0,1,0,-1,4
2020-08-18,US,Indiana,Jasper,276,2,0,41.02078733,-87.11553319,18073.0,822.3586198677075,0.7246376811594203,274,272,2,0,270,271,33370,4,0,0,4,1
2020-08-18,US,Indiana,Jay,104,0,0,40.43781032,-85.00576229,18075.0,508.90585241730275,0.0,104,102,0,0,102,100,20764,2,0,0,2,2
2020-08-18,US,Indiana,Jefferson,187,2,0,38.78576239,-85.43633383,18077.0,578.8040113903677,1.0695187165775402,185,184,2,0,182,184,32208,3,0,0,3,0
2020-08-18,US,Indiana,Jennings,238,12,0,38.99588883,-85.62710784,18079.0,858.1215071209662,5.042016806722689,226,237,12,0,225,235,27611,1,0,0,1,2
2020-08-18,US,Indiana,Johnson,1862,120,0,39.48994426,-86.10149107,18081.0,1177.2367181523327,6.44468313641246,1742,1848,119,0,1729,1845,156225,14,1,0,13,3
2020-08-18,US,Indiana,Knox,205,3,0,38.68861576,-87.4194665,18083.0,560.2011258676284,1.4634146341463414,202,196,3,0,193,184,36895,9,0,0,9,12
2020-08-18,US,Indiana,Kosciusko,888,12,0,41.24521668,-85.86312322,18085.0,1117.599677809102,1.351351351351351,876,886,12,0,874,882,79344,2,0,0,2,4
2020-08-18,US,Indiana,LaGrange,575,10,0,41.64232188,-85.42674232,18087.0,1451.5070429646084,1.7391304347826086,565,574,10,0,564,573,39330,1,0,0,1,1
2020-08-18,US,Indiana,LaPorte,1011,30,0,41.54366008,-86.74072188,18091.0,920.0276645311592,2.967359050445104,981,1010,30,0,980,1000,110007,1,0,0,1,10
2020-08-18,US,Indiana,Lake,8256,286,0,41.41874274,-87.38277575,18089.0,1700.5394516501785,3.4641472868217056,7970,8171,284,0,7887,8095,484411,85,2,0,83,76
2020-08-18,US,Indiana,Lawrence,370,27,0,38.84112637,-86.48361629,18093.0,815.5168613621338,7.297297297297297,343,368,27,0,341,364,45668,2,0,0,2,4
2020-08-18,US,Indiana,Madison,1124,66,0,40.16143691,-85.71964711,18095.0,867.4914524307512,5.871886120996442,1058,1106,66,0,1040,1100,129641,18,0,0,18,6
2020-08-18,US,Indiana,Marion,16869,738,0,39.78163624,-86.13826325,18097.0,1748.840430362582,4.3748888493686655,16131,16706,735,0,15971,16640,954670,163,3,0,160,66
2020-08-18,US,Indiana,Marshall,814,23,0,41.32467367,-86.26185087,18099.0,1759.6956202170434,2.8255528255528257,791,814,23,0,791,808,46248,0,0,0,0,6
2020-08-18,US,Indiana,Martin,55,0,0,38.7099921,-86.80373186,18101.0,536.3237445148708,0.0,55,56,0,0,56,54,10217,-1,0,0,-1,2
2020-08-18,US,Indiana,Miami,288,2,0,40.76940965,-86.04525048,18103.0,810.9021286180878,0.6944444444444444,286,286,2,0,284,286,35567,2,0,0,2,0
2020-08-18,US,Indiana,Monroe,808,33,0,39.16130004,-86.52414358,18105.0,544.3606793729074,4.084158415841584,775,804,33,0,771,802,146917,4,0,0,4,2
2020-08-18,US,Indiana,Montgomery,370,21,0,40.04034823,-86.89335024,18107.0,965.0999008816318,5.6756756756756745,349,370,21,0,349,369,38346,0,0,0,0,1
2020-08-18,US,Indiana,Morgan,520,35,0,39.47899078,-86.44573375,18109.0,737.7037551958463,6.730769230769232,485,512,35,0,477,507,70116,8,0,0,8,5
2020-08-18,US,Indiana,Newton,123,10,0,40.95610449,-87.39635768,18111.0,879.5766590389019,8.130081300813009,113,122,10,0,112,122,14011,1,0,0,1,0
2020-08-18,US,Indiana,Noble,745,29,0,41.39672484,-85.41966713,18113.0,1560.4054959785526,3.8926174496644297,716,741,29,0,712,737,47532,4,0,0,4,4
2020-08-18,US,Indiana,Ohio,68,7,0,38.955304999999996,-84.96515993,18115.0,1157.4468085106382,10.294117647058824,61,68,7,0,61,68,5844,0,0,0,0,0
2020-08-18,US,Indiana,Orange,195,24,0,38.54118920000001,-86.49523093,18117.0,992.568461773389,12.307692307692307,171,193,24,0,169,190,19489,2,0,0,2,3
2020-08-18,US,Indiana,Owen,117,1,0,39.31145587,-86.83900724,18119.0,562.5270445694505,0.8547008547008547,116,115,1,0,114,115,20845,2,0,0,2,0
2020-08-18,US,Indiana,Parke,65,1,0,39.77202286,-87.20375833,18121.0,383.77516679459166,1.5384615384615383,64,64,1,0,63,61,16927,1,0,0,1,3
2020-08-18,US,Indiana,Perry,195,13,0,38.07809328,-86.63741946,18123.0,1017.2674630914496,6.666666666666668,182,194,13,0,181,192,19102,1,0,0,1,2
2020-08-18,US,Indiana,Pike,76,0,0,38.40112197,-87.23574907,18125.0,613.4474130276858,0.0,76,73,0,0,73,73,12410,3,0,0,3,0
2020-08-18,US,Indiana,Porter,1481,39,0,41.45986947,-87.06848888,18127.0,869.1875649249658,2.6333558406482105,1442,1469,39,0,1430,1450,169594,12,0,0,12,19
2020-08-18,US,Indiana,Posey,191,0,0,38.02097333,-87.86480429,18129.0,751.1700161245917,0.0,191,190,0,0,190,188,25540,1,0,0,1,2
2020-08-18,US,Indiana,Pulaski,87,1,0,41.04166107,-86.69890683,18131.0,704.2823605601877,1.1494252873563218,86,86,1,0,85,87,12469,1,0,0,1,-1
2020-08-18,US,Indiana,Putnam,364,8,0,39.66437981,-86.84517605,18133.0,968.7034277198213,2.1978021978021984,356,343,8,0,335,341,37779,21,0,0,21,2
2020-08-18,US,Indiana,Randolph,139,6,0,40.15734772,-85.01139319,18135.0,563.5515913237381,4.316546762589929,133,138,5,0,133,135,24851,1,1,0,0,3
2020-08-18,US,Indiana,Ripley,227,8,0,39.10235626,-85.26212744,18137.0,801.4404745092502,3.524229074889868,219,226,8,0,218,225,28523,1,0,0,1,1
2020-08-18,US,Indiana,Rush,105,4,0,39.62002287,-85.4655599,18139.0,633.2549303419578,3.809523809523809,101,105,4,0,101,103,16663,0,0,0,0,2
2020-08-18,US,Indiana,Scott,291,10,0,38.68672078,-85.74627859,18143.0,1218.9502785573661,3.436426116838488,281,290,10,0,280,289,23878,1,0,0,1,1
2020-08-18,US,Indiana,Shelby,587,28,0,39.52305623,-85.79158570000001,18145.0,1312.34769388987,4.770017035775128,559,582,28,0,554,582,44593,5,0,0,5,0
2020-08-18,US,Indiana,Spencer,141,3,0,38.01519732,-87.0079644,18147.0,695.369137446368,2.127659574468085,138,141,3,0,138,141,20327,0,0,0,0,0
2020-08-18,US,Indiana,St. Joseph,3938,87,0,41.61756781,-86.29040834,18141.0,1448.7208729113474,2.2092432706957847,3851,3884,85,0,3799,3844,270771,54,2,0,52,40
2020-08-18,US,Indiana,Starke,184,7,0,41.27890281,-86.64686895,18149.0,800.1739508588823,3.804347826086957,177,186,7,0,179,185,22935,-2,0,0,-2,1
2020-08-18,US,Indiana,Steuben,226,3,0,41.64423868,-85.00101094,18151.0,653.2924784644737,1.327433628318584,223,225,3,0,222,222,34586,1,0,0,1,3
2020-08-18,US,Indiana,Sullivan,203,1,0,39.08952258,-87.41414469,18153.0,982.1471769316369,0.4926108374384237,202,193,1,0,192,180,20690,10,0,0,10,13
2020-08-18,US,Indiana,Switzerland,61,0,0,38.82767338,-85.03022429,18155.0,567.3890800855735,0.0,61,60,0,0,60,59,10717,1,0,0,1,1
2020-08-18,US,Indiana,Tippecanoe,1363,12,0,40.38872739,-86.89413959,18157.0,696.3603294300369,0.880410858400587,1351,1352,12,0,1340,1337,193048,11,0,0,11,15
2020-08-18,US,Indiana,Tipton,166,18,0,40.31123252,-86.05234925,18159.0,1095.8542381832583,10.843373493975903,148,164,17,0,147,162,15128,2,1,0,1,2
2020-08-18,US,Indiana,Unassigned,0,211,0,0.0,0.0,90018.0,0.0,0.0,-211,0,209,0,-209,0,,0,2,0,-2,0
2020-08-18,US,Indiana,Union,47,0,0,39.62550777,-84.92497066,18161.0,666.2886305642189,0.0,47,47,0,0,47,47,7037,0,0,0,0,0
2020-08-18,US,Indiana,Vanderburgh,2222,16,0,38.02658833,-87.58763124,18163.0,1224.5730252244407,0.7200720072007201,2206,2200,15,0,2185,2181,180974,22,1,0,21,19
2020-08-18,US,Indiana,Vermillion,67,0,0,39.8523352,-87.46160542,18165.0,432.3138469479932,0.0,67,68,0,0,68,65,15479,-1,0,0,-1,3
2020-08-18,US,Indiana,Vigo,883,14,0,39.42944561,-87.39169027,18167.0,824.9406752742018,1.585503963759909,869,860,13,0,847,840,107386,23,1,0,22,20
2020-08-18,US,Indiana,Wabash,185,5,0,40.84704239,-85.79328272,18169.0,596.8512066073042,2.702702702702702,180,184,5,0,179,183,31280,1,0,0,1,1
2020-08-18,US,Indiana,Warren,28,1,0,40.34728141,-87.35602659,18171.0,338.77797943133703,3.571428571428572,27,27,1,0,26,27,8263,1,0,0,1,0
2020-08-18,US,Indiana,Warrick,638,30,0,38.08922676,-87.2716085,18173.0,1012.7305628750121,4.702194357366771,608,633,30,0,603,630,62567,5,0,0,5,3
2020-08-18,US,Indiana,Washington,162,1,0,38.60219804,-86.1049363,18175.0,577.8285062063062,0.6172839506172839,161,162,1,0,161,159,27943,0,0,0,0,3
2020-08-18,US,Indiana,Wayne,436,10,0,39.863344399999995,-85.01044989,18177.0,661.7691700564628,2.2935779816513757,426,435,10,0,425,430,65936,1,0,0,1,5
2020-08-18,US,Indiana,Wells,183,2,0,40.72934187,-85.22132966,18179.0,646.7345207803222,1.0928961748633879,181,183,2,0,181,181,28206,0,0,0,0,2
2020-08-18,US,Indiana,White,398,11,0,40.74911165,-86.86492015,18181.0,1651.3152435482532,2.7638190954773867,387,397,11,0,386,394,24133,1,0,0,1,3
2020-08-18,US,Indiana,Whitley,171,6,0,41.13863784,-85.50791236,18183.0,503.4742668708043,3.5087719298245608,165,170,6,0,164,167,34074,1,0,0,1,3
2020-08-18,US,Iowa,Adair,42,1,0,41.33075609,-94.47105874,19001.0,587.248322147651,2.380952380952381,41,40,0,0,40,38,7063,2,1,0,1,2
2020-08-18,US,Iowa,Adams,17,0,0,41.02903567,-94.69932645,19003.0,471.9600222098833,0.0,17,17,0,0,17,17,3645,0,0,0,0,0
2020-08-18,US,Iowa,Allamakee,164,4,0,43.28383218,-91.37860922,19005.0,1198.2172864762185,2.4390243902439024,160,163,4,0,159,163,13832,1,0,0,1,0
2020-08-18,US,Iowa,Appanoose,59,3,0,40.74324454,-92.86865906,19007.0,474.81088041203935,5.084745762711863,56,58,3,0,55,56,12437,1,0,0,1,2
2020-08-18,US,Iowa,Audubon,30,1,0,41.6844628,-94.90581859,19009.0,545.8515283842795,3.333333333333333,29,30,1,0,29,30,5506,0,0,0,0,0
2020-08-18,US,Iowa,Benton,177,1,0,42.08011739,-92.06463573,19011.0,690.1930200818872,0.5649717514124294,176,172,1,0,171,171,25642,5,0,0,5,1
2020-08-18,US,Iowa,Black Hawk,3343,67,0,42.4704581,-92.30524729,19013.0,2547.474624317981,2.0041878552198624,3276,3322,67,0,3255,3297,132408,21,0,0,21,25
2020-08-18,US,Iowa,Boone,296,3,0,42.03657094,-93.9313999,19015.0,1128.3067774643594,1.0135135135135136,293,295,3,0,292,293,26346,1,0,0,1,2
2020-08-18,US,Iowa,Bremer,248,7,0,42.77461496,-92.31795937,19017.0,989.545926103264,2.8225806451612905,241,245,7,0,238,243,24947,3,0,0,3,2
2020-08-18,US,Iowa,Buchanan,151,1,0,42.4709188,-91.83510825,19019.0,713.1050767414405,0.6622516556291391,150,149,1,0,148,150,21199,2,0,0,2,-1
2020-08-18,US,Iowa,Buena Vista,1808,12,0,42.73545875,-95.15100162,19021.0,9215.086646279307,0.6637168141592921,1796,1806,12,0,1794,1804,19874,2,0,0,2,2
2020-08-18,US,Iowa,Butler,142,2,0,42.73172833,-92.79015971,19023.0,983.4476071750121,1.4084507042253518,140,141,2,0,139,140,14539,1,0,0,1,1
2020-08-18,US,Iowa,Calhoun,99,2,0,42.38521079,-94.64046046,19025.0,1023.9966901117086,2.0202020202020203,97,97,2,0,95,95,9699,2,0,0,2,2
2020-08-18,US,Iowa,Carroll,224,2,0,42.03617207,-94.86032705,19027.0,1110.8356062484504,0.8928571428571429,222,223,2,0,221,223,20154,1,0,0,1,0
2020-08-18,US,Iowa,Cass,96,2,0,41.33149454,-94.92792482,19029.0,747.8965409784979,2.083333333333333,94,95,2,0,93,94,12930,1,0,0,1,1
2020-08-18,US,Iowa,Cedar,139,1,0,41.77233777,-91.13246684,19031.0,746.2285929027755,0.7194244604316546,138,137,1,0,136,137,18627,2,0,0,2,0
2020-08-18,US,Iowa,Cerro Gordo,695,20,0,43.08177563,-93.2612239,19033.0,1637.2202591283865,2.8776978417266186,675,687,19,0,668,686,42647,8,1,0,7,1
2020-08-18,US,Iowa,Cherokee,115,1,0,42.73538914,-95.62389402,19035.0,1023.5870048954164,0.8695652173913043,114,114,1,0,113,113,11321,1,0,0,1,1
2020-08-18,US,Iowa,Chickasaw,70,0,0,43.06001295,-92.31773347,19037.0,586.6085644850415,0.0,70,68,0,0,68,68,11964,2,0,0,2,0
2020-08-18,US,Iowa,Clarke,213,3,0,41.02868181,-93.78499767,19039.0,2267.1633847791377,1.4084507042253518,210,212,3,0,209,212,9423,1,0,0,1,0
2020-08-18,US,Iowa,Clay,218,1,0,43.08247182,-95.15096481,19041.0,1361.1388611388609,0.4587155963302753,217,219,1,0,218,215,16134,-1,0,0,-1,4
2020-08-18,US,Iowa,Clayton,125,3,0,42.84443388,-91.34133693,19043.0,712.2912986494957,2.4,122,122,3,0,119,120,17556,3,0,0,3,2
2020-08-18,US,Iowa,Clinton,543,4,0,41.89981633,-90.53275096,19045.0,1169.5276658984687,0.7366482504604052,539,537,4,0,533,508,46518,6,0,0,6,29
2020-08-18,US,Iowa,Crawford,756,3,0,42.03718237,-95.3819718,19047.0,4494.649227110583,0.3968253968253968,753,757,3,0,754,754,17158,-1,0,0,-1,3
2020-08-18,US,Iowa,Dallas,2002,35,0,41.68560356,-94.04127625,19049.0,2142.253325200903,1.7482517482517483,1967,1996,35,0,1961,1990,90180,6,0,0,6,6
2020-08-18,US,Iowa,Davis,72,2,0,40.74773536,-92.41005468,19051.0,800.0,2.7777777777777777,70,69,2,0,67,65,9017,3,0,0,3,4
2020-08-18,US,Iowa,Decatur,31,0,0,40.73742757,-93.78645949,19053.0,393.90088945362135,0.0,31,30,0,0,30,29,7890,1,0,0,1,1
2020-08-18,US,Iowa,Delaware,145,1,0,42.47104597,-91.3664492,19055.0,852.3896302392569,0.6896551724137931,144,139,1,0,138,136,17069,6,0,0,6,3
2020-08-18,US,Iowa,Des Moines,289,2,0,40.92012606,-91.18326592,19057.0,741.6531937280263,0.6920415224913494,287,271,2,0,269,250,39138,18,0,0,18,21
2020-08-18,US,Iowa,Dickinson,393,5,0,43.37787725,-95.1510206,19059.0,2277.2047745972877,1.272264631043257,388,392,4,0,388,390,17153,1,1,0,0,2
2020-08-18,US,Iowa,Dubuque,1823,33,0,42.46815349,-90.88181925,19061.0,1873.3750552352765,1.8102029621503015,1790,1816,31,0,1785,1797,96854,7,2,0,5,19
2020-08-18,US,Iowa,Emmet,200,5,0,43.37782951,-94.67858943,19063.0,2172.0243266724588,2.5,195,200,5,0,195,199,9253,0,0,0,0,1
2020-08-18,US,Iowa,Fayette,106,0,0,42.86271799,-91.84412309999999,19065.0,539.4402035623408,0.0,106,105,0,0,105,102,19660,1,0,0,1,3
2020-08-18,US,Iowa,Floyd,185,3,0,43.06000529999999,-92.78940097,19067.0,1182.7132080296635,1.6216216216216215,182,179,3,0,176,178,15761,6,0,0,6,1
2020-08-18,US,Iowa,Franklin,271,16,0,42.73270384,-93.26256925,19069.0,2691.1618669314803,5.904059040590407,255,271,15,0,256,265,10124,0,1,0,-1,6
2020-08-18,US,Iowa,Fremont,46,0,0,40.74542720000001,-95.60129045,19071.0,660.919540229885,0.0,46,46,0,0,46,46,6993,0,0,0,0,0
2020-08-18,US,Iowa,Greene,42,0,0,42.03614551,-94.39658081,19073.0,472.54725472547256,0.0,42,42,0,0,42,42,8981,0,0,0,0,0
2020-08-18,US,Iowa,Grundy,95,1,0,42.40183723,-92.78829551,19075.0,776.651406147809,1.0526315789473684,94,91,1,0,90,91,12304,4,0,0,4,0
2020-08-18,US,Iowa,Guthrie,149,5,0,41.68378965,-94.50111014,19077.0,1393.9564037795865,3.355704697986577,144,147,5,0,142,147,10720,2,0,0,2,0
2020-08-18,US,Iowa,Hamilton,263,1,0,42.38382428,-93.70197703,19079.0,1780.2748256955256,0.3802281368821293,262,264,1,0,263,262,14952,-1,0,0,-1,2
2020-08-18,US,Iowa,Hancock,129,2,0,43.08178477,-93.73454884,19081.0,1213.546566321731,1.5503875968992251,127,128,2,0,126,127,10712,1,0,0,1,1
2020-08-18,US,Iowa,Hardin,194,1,0,42.38353877,-93.23654611,19083.0,1151.6086904903239,0.5154639175257731,193,193,0,0,193,194,16868,1,1,0,0,-1
2020-08-18,US,Iowa,Harrison,119,1,0,41.68330137,-95.81558439,19085.0,847.0353761833583,0.8403361344537815,118,118,1,0,117,117,14134,1,0,0,1,1
2020-08-18,US,Iowa,Henry,171,4,0,40.98767962,-91.54436349,19087.0,856.9710333767665,2.3391812865497075,167,166,4,0,162,166,20067,5,0,0,5,0
2020-08-18,US,Iowa,Howard,67,0,0,43.35671042,-92.31702714,19089.0,731.6007861978597,0.0,67,67,0,0,67,65,9187,0,0,0,0,2
2020-08-18,US,Iowa,Humboldt,134,2,0,42.7764426,-94.20722537,19091.0,1401.9669386901026,1.492537313432836,132,135,2,0,133,133,9547,-1,0,0,-1,2
2020-08-18,US,Iowa,Ida,34,0,0,42.38696136,-95.51355387,19093.0,495.6268221574344,0.0,34,34,0,0,34,34,6841,0,0,0,0,0
2020-08-18,US,Iowa,Iowa,100,1,0,41.68630265,-92.0643373,19095.0,617.8942165101333,1.0,99,100,1,0,99,99,16141,0,0,0,0,1
2020-08-18,US,Iowa,Jackson,171,1,0,42.17178824,-90.57354837,19097.0,879.6748803950819,0.5847953216374269,170,171,1,0,170,169,19432,0,0,0,0,2
2020-08-18,US,Iowa,Jasper,503,29,0,41.68576082,-93.05567785,19099.0,1352.6959795616513,5.7654075546719685,474,501,28,0,473,498,37147,2,1,0,1,3
2020-08-18,US,Iowa,Jefferson,95,0,0,41.03192394,-91.94849466,19101.0,519.2675594424707,0.0,95,94,0,0,94,91,18381,1,0,0,1,3
2020-08-18,US,Iowa,Johnson,2255,22,0,41.67169354,-91.58754744,19103.0,1491.9941775836971,0.975609756097561,2233,2208,21,0,2187,2191,151260,47,1,0,46,17
2020-08-18,US,Iowa,Jones,140,2,0,42.12118609,-91.13139641,19105.0,676.9498573569944,1.4285714285714286,138,138,2,0,136,139,20744,2,0,0,2,-1
2020-08-18,US,Iowa,Keokuk,44,1,0,41.33649833,-92.1785067,19107.0,429.4358774155768,2.272727272727273,43,43,1,0,42,43,10225,1,0,0,1,0
2020-08-18,US,Iowa,Kossuth,107,0,0,43.20405458,-94.20691791,19109.0,722.3384864645917,0.0,107,106,0,0,106,106,14908,1,0,0,1,0
2020-08-18,US,Iowa,Lee,169,5,0,40.64181461,-91.48183025,19111.0,502.12437234453455,2.9585798816568047,164,167,5,0,162,154,34055,2,0,0,2,13
2020-08-18,US,Iowa,Linn,2596,89,0,42.07923082,-91.59809485,19113.0,1145.095409914162,3.428351309707242,2507,2568,89,0,2479,2549,225909,28,0,0,28,19
2020-08-18,US,Iowa,Louisa,378,14,0,41.21842119,-91.26102611,19115.0,3425.46443135478,3.703703703703704,364,378,14,0,364,378,11169,0,0,0,0,0
2020-08-18,US,Iowa,Lucas,78,4,0,41.02958964,-93.32780803,19117.0,906.9767441860464,5.128205128205129,74,78,4,0,74,75,8645,0,0,0,0,3
2020-08-18,US,Iowa,Lyon,130,2,0,43.38107862,-96.20926845,19119.0,1105.9123777116122,1.5384615384615383,128,130,2,0,128,128,11811,0,0,0,0,2
2020-08-18,US,Iowa,Madison,140,2,0,41.33081904,-94.01554631,19121.0,856.898029134533,1.4285714285714286,138,136,2,0,134,134,16249,4,0,0,4,2
2020-08-18,US,Iowa,Mahaska,150,17,0,41.33521503,-92.64083907,19123.0,678.8866259334692,11.333333333333336,133,147,17,0,130,146,22000,3,0,0,3,1
2020-08-18,US,Iowa,Marion,217,0,0,41.33445101,-93.09934783,19125.0,652.5727002075,0.0,217,209,0,0,209,209,33407,8,0,0,8,0
2020-08-18,US,Iowa,Marshall,1522,28,0,42.03586837,-92.99908190000001,19127.0,3865.985928014427,1.8396846254927728,1494,1515,27,0,1488,1509,39981,7,1,0,6,6
2020-08-18,US,Iowa,Mills,101,1,0,41.03299766,-95.61920963,19129.0,668.4757429346747,0.99009900990099,100,99,1,0,98,98,15063,2,0,0,2,1
2020-08-18,US,Iowa,Mitchell,85,0,0,43.35638371,-92.78887719,19131.0,802.9472888720952,0.0,85,83,0,0,83,83,10569,2,0,0,2,0
2020-08-18,US,Iowa,Monona,93,1,0,42.05220391,-95.95743843,19133.0,1079.5124782356356,1.075268817204301,92,93,1,0,92,93,8679,0,0,0,0,0
2020-08-18,US,Iowa,Monroe,81,8,0,41.02988815,-92.8690667,19135.0,1050.9926041261192,9.876543209876543,73,79,8,0,71,78,7790,2,0,0,2,1
2020-08-18,US,Iowa,Montgomery,65,4,0,41.03018714,-95.15642896,19137.0,655.4401532721589,6.153846153846153,61,64,4,0,60,64,10003,1,0,0,1,0
2020-08-18,US,Iowa,Muscatine,901,48,0,41.48370744,-91.11216970000001,19139.0,2111.850740671292,5.327413984461709,853,892,48,0,844,891,42929,9,0,0,9,1
2020-08-18,US,Iowa,O'Brien,151,6,0,43.08310673,-95.62474482,19141.0,1097.9422671417146,3.9735099337748334,145,150,5,0,145,149,13840,1,1,0,0,1
2020-08-18,US,Iowa,Osceola,90,0,0,43.37824276,-95.62422844,19143.0,1510.5740181268882,0.0,90,89,0,0,89,89,6040,1,0,0,1,0
2020-08-18,US,Iowa,Page,104,0,0,40.7393172,-95.1497813,19145.0,688.4225855563648,0.0,104,102,0,0,102,101,15249,2,0,0,2,1
2020-08-18,US,Iowa,Palo Alto,104,0,0,43.08193849,-94.67824621,19147.0,1170.380373621427,0.0,104,103,0,0,103,102,8929,1,0,0,1,1
2020-08-18,US,Iowa,Plymouth,530,13,0,42.737633,-96.21366621,19149.0,2105.0959208801683,2.452830188679245,517,523,13,0,510,509,25095,7,0,0,7,14
2020-08-18,US,Iowa,Pocahontas,122,2,0,42.73420133,-94.67862564,19151.0,1843.1787279045166,1.639344262295082,120,122,2,0,120,122,6740,0,0,0,0,0
2020-08-18,US,Iowa,Polk,11101,212,0,41.68679484,-93.57767461,19153.0,2264.7660666597303,1.9097378614539229,10889,11036,211,0,10825,10983,487204,65,1,0,64,53
2020-08-18,US,Iowa,Pottawattamie,1431,30,0,41.33640314,-95.53907776,19155.0,1535.308885694054,2.0964360587002098,1401,1427,30,0,1397,1426,93533,4,0,0,4,1
2020-08-18,US,Iowa,Poweshiek,164,8,0,41.68625425,-92.53155731,19157.0,886.2948551664505,4.878048780487805,156,163,8,0,155,163,18699,1,0,0,1,0
2020-08-18,US,Iowa,Ringgold,25,1,0,40.73518949,-94.24368535,19159.0,510.82958724969353,4.0,24,25,1,0,24,24,4968,0,0,0,0,1
2020-08-18,US,Iowa,Sac,91,0,0,42.38624071,-95.10547892,19161.0,936.1176833659088,0.0,91,90,0,0,90,90,9719,1,0,0,1,0
2020-08-18,US,Iowa,Scott,1874,17,0,41.63935978,-90.61959493,19163.0,1083.594016525676,0.9071504802561366,1857,1863,16,0,1847,1853,173283,11,1,0,10,10
2020-08-18,US,Iowa,Shelby,195,1,0,41.6850066,-95.31015553,19165.0,1702.4620220010474,0.5128205128205128,194,193,1,0,192,194,11578,2,0,0,2,-1
2020-08-18,US,Iowa,Sioux,703,3,0,43.08221074,-96.17675679999999,19167.0,2016.9272701190646,0.4267425320056899,700,698,3,0,695,693,34909,5,0,0,5,5
2020-08-18,US,Iowa,Story,1420,16,0,42.03621213,-93.46499005,19169.0,1462.1538968460725,1.1267605633802815,1404,1413,15,0,1398,1398,98105,7,1,0,6,15
2020-08-18,US,Iowa,Tama,563,29,0,42.07991767,-92.53266945,19171.0,3340.453304853447,5.1509769094138536,534,562,29,0,533,562,16904,1,0,0,1,0
2020-08-18,US,Iowa,Taylor,104,0,0,40.73710579,-94.69778563,19173.0,1699.0687796111747,0.0,104,104,0,0,104,104,6191,0,0,0,0,0
2020-08-18,US,Iowa,Unassigned,3,0,0,0.0,0.0,90019.0,0.0,0.0,3,6,0,0,6,,,-3,0,0,-3,
2020-08-18,US,Iowa,Union,88,3,0,41.0277278,-94.24234847,19175.0,718.8955150722978,3.4090909090909087,85,88,3,0,85,88,12359,0,0,0,0,0
2020-08-18,US,Iowa,Van Buren,42,1,0,40.75326764,-91.95017958,19177.0,596.2521294718911,2.380952380952381,41,42,1,0,41,42,7020,0,0,0,0,0
2020-08-18,US,Iowa,Wapello,968,38,0,41.03064984,-92.40954728,19179.0,2768.166089965398,3.9256198347107434,930,959,38,0,921,955,35205,9,0,0,9,4
2020-08-18,US,Iowa,Warren,608,3,0,41.33559454,-93.56007641,19181.0,1181.362452881514,0.4934210526315789,605,606,3,0,603,603,51056,2,0,0,2,3
2020-08-18,US,Iowa,Washington,312,10,0,41.33577126,-91.71725711,19183.0,1420.4416116549055,3.2051282051282053,302,310,10,0,300,309,22141,2,0,0,2,1
2020-08-18,US,Iowa,Wayne,26,2,0,40.73969028,-93.32752197,19185.0,403.6640273249495,7.6923076923076925,24,26,2,0,24,25,6401,0,0,0,0,1
2020-08-18,US,Iowa,Webster,891,8,0,42.42853483,-94.17987389,19187.0,2481.6176470588234,0.8978675645342312,883,899,8,0,891,884,36277,-8,0,0,-8,15
2020-08-18,US,Iowa,Winnebago,119,1,0,43.37751174,-93.73407298,19189.0,1149.3142746764536,0.8403361344537815,118,117,0,0,117,119,10518,2,1,0,1,-2
2020-08-18,US,Iowa,Winneshiek,116,1,0,43.29094334,-91.84422722,19191.0,580.2611175028762,0.8620689655172413,115,113,1,0,112,109,20029,3,0,0,3,4
2020-08-18,US,Iowa,Woodbury,3838,54,0,42.38979414,-96.0459439,19193.0,3722.3466883916713,1.4069828035435124,3784,3828,54,0,3774,3807,102539,10,0,0,10,21
2020-08-18,US,Iowa,Worth,71,0,0,43.37750768,-93.26087602,19195.0,961.9292778756267,0.0,71,71,0,0,71,71,7453,0,0,0,0,0
2020-08-18,US,Iowa,Wright,496,1,0,42.73305373,-93.73515113,19197.0,3948.415857347556,0.20161290322580644,495,497,1,0,496,496,12690,-1,0,0,-1,1
2020-08-18,US,Kansas,Allen,20,0,0,37.88582951,-95.30030847,20001.0,161.69455897809038,0.0,20,20,0,0,20,22,12444,0,0,0,0,-2
2020-08-18,US,Kansas,Anderson,32,0,0,38.21413251,-95.29272815,20003.0,407.22830236701446,0.0,32,31,0,0,31,30,7878,1,0,0,1,1
2020-08-18,US,Kansas,Atchison,99,0,0,39.53185661,-95.30870026,20005.0,615.9397747775773,0.0,99,99,0,0,99,83,16193,0,0,0,0,16
2020-08-18,US,Kansas,Barber,6,0,0,37.2288586,-98.68460053,20007.0,135.5319629545968,0.0,6,6,0,0,6,4,4472,0,0,0,0,2
2020-08-18,US,Kansas,Barton,195,3,0,38.47889676,-98.75636726,20009.0,756.4296520423601,1.5384615384615383,192,186,3,0,183,149,26111,9,0,0,9,37
2020-08-18,US,Kansas,Bourbon,82,2,0,37.85508555,-94.84865997,20011.0,564.1943030136233,2.4390243902439024,80,82,2,0,80,78,14653,0,0,0,0,4
2020-08-18,US,Kansas,Brown,53,0,0,39.82652589,-95.56421698,20013.0,554.1614387285655,0.0,53,53,0,0,53,47,9598,0,0,0,0,6
2020-08-18,US,Kansas,Butler,338,2,0,37.78134351,-96.83878537,20015.0,505.1486302700602,0.591715976331361,336,330,2,0,328,333,66765,8,0,0,8,-3
2020-08-18,US,Kansas,Chase,58,0,0,38.30292938,-96.59563862,20017.0,2190.332326283988,0.0,58,58,0,0,58,46,2629,0,0,0,0,12
2020-08-18,US,Kansas,Chautauqua,6,0,0,37.14994405,-96.2454192,20019.0,184.61538461538456,0.0,6,6,0,0,6,6,3309,0,0,0,0,0
2020-08-18,US,Kansas,Cherokee,168,0,0,37.16928494,-94.8462897,20021.0,842.5698380059181,0.0,168,168,0,0,168,157,20015,0,0,0,0,11
2020-08-18,US,Kansas,Cheyenne,5,0,0,39.78580976,-101.7318201,20023.0,188.1821603312006,0.0,5,5,0,0,5,5,2660,0,0,0,0,0
2020-08-18,US,Kansas,Clark,45,1,0,37.23577007,-99.81883015,20025.0,2256.7703109327986,2.2222222222222223,44,45,1,0,44,45,2005,0,0,0,0,0
2020-08-18,US,Kansas,Clay,21,2,0,39.34948772,-97.16518128,20027.0,262.4343914021494,9.523809523809524,19,21,2,0,19,22,7997,0,0,0,0,-1
2020-08-18,US,Kansas,Cloud,42,0,0,39.48028352,-97.64925343,20029.0,478.0332346915548,0.0,42,42,0,0,42,41,8729,0,0,0,0,1
2020-08-18,US,Kansas,Coffey,71,8,0,38.2365018,-95.73379515,20031.0,868.0767820026898,11.267605633802814,63,71,8,0,63,70,8233,0,0,0,0,1
2020-08-18,US,Kansas,Comanche,9,0,0,37.19114520000001,-99.27113247,20033.0,529.4117647058823,0.0,9,9,0,0,9,9,1748,0,0,0,0,0
2020-08-18,US,Kansas,Cowley,198,2,0,37.23781842,-96.83776647,20035.0,567.2052251632864,1.0101010101010102,196,198,2,0,196,182,35218,0,0,0,0,16
2020-08-18,US,Kansas,Crawford,400,1,0,37.50675523,-94.85245778,20037.0,1030.4497913339173,0.25,399,400,1,0,399,415,39019,0,0,0,0,-15
2020-08-18,US,Kansas,Decatur,6,0,0,39.78468441,-100.45940809999999,20039.0,212.2391227449593,0.0,6,6,0,0,6,5,2871,0,0,0,0,1
2020-08-18,US,Kansas,Dickinson,53,1,0,38.86600962,-97.15532383,20041.0,287.0139716235243,1.8867924528301887,52,53,1,0,52,47,18717,0,0,0,0,6
2020-08-18,US,Kansas,Doniphan,50,0,0,39.79067154,-95.14056866,20043.0,657.8947368421052,0.0,50,50,0,0,50,46,7682,0,0,0,0,4
2020-08-18,US,Kansas,Douglas,847,5,0,38.88503636,-95.2925121,20045.0,692.7915327296968,0.5903187721369539,842,839,5,0,834,805,121436,8,0,0,8,34
2020-08-18,US,Kansas,Edwards,12,0,0,37.88735543,-99.31263309,20047.0,428.87776983559684,0.0,12,12,0,0,12,16,2849,0,0,0,0,-4
2020-08-18,US,Kansas,Elk,1,0,0,37.45338105,-96.24369667,20049.0,39.52569169960474,0.0,1,1,0,0,1,1,2508,0,0,0,0,0
2020-08-18,US,Kansas,Ellis,161,1,0,38.91458712,-99.31751551,20051.0,563.8636920813925,0.6211180124223602,160,161,1,0,160,153,28710,0,0,0,0,8
2020-08-18,US,Kansas,Ellsworth,22,0,0,38.69677695,-98.20462799,20053.0,360.53752867912164,0.0,22,22,0,0,22,21,6196,0,0,0,0,1
2020-08-18,US,Kansas,Finney,1830,12,0,38.04340344,-100.73819379999999,20055.0,5018.235665121891,0.6557377049180327,1818,1820,11,0,1809,1730,36611,10,1,0,9,90
2020-08-18,US,Kansas,Ford,2180,10,0,37.69200114,-99.88825298,20057.0,6484.428448198935,0.4587155963302753,2170,2180,10,0,2170,2206,33888,0,0,0,0,-26
2020-08-18,US,Kansas,Franklin,237,2,0,38.56443815,-95.28644341,20059.0,927.8108362041968,0.8438818565400844,235,237,2,0,235,222,25631,0,0,0,0,15
2020-08-18,US,Kansas,Geary,174,2,0,38.99871131,-96.7577178,20061.0,549.4158509630565,1.1494252873563218,172,174,2,0,172,223,32594,0,0,0,0,-49
2020-08-18,US,Kansas,Gove,6,0,0,38.91588178,-100.4829321,20063.0,227.6176024279211,0.0,6,6,0,0,6,5,2612,0,0,0,0,1
2020-08-18,US,Kansas,Graham,23,0,0,39.34987223,-99.88332493,20065.0,926.6720386784853,0.0,23,23,0,0,23,18,2492,0,0,0,0,5
2020-08-18,US,Kansas,Grant,132,2,0,37.56227336,-101.3079758,20067.0,1846.1538461538464,1.5151515151515151,130,130,2,0,128,102,7336,2,0,0,2,28
2020-08-18,US,Kansas,Gray,98,0,0,37.73836671,-100.4369088,20069.0,1636.6065464261856,0.0,98,90,0,0,90,77,6033,8,0,0,8,13
2020-08-18,US,Kansas,Greeley,4,0,0,38.4808095,-101.8061079,20071.0,324.67532467532465,0.0,4,4,0,0,4,4,1227,0,0,0,0,0
2020-08-18,US,Kansas,Greenwood,23,0,0,37.8774388,-96.23250453,20073.0,384.4867937144768,0.0,23,23,0,0,23,23,6055,0,0,0,0,0
2020-08-18,US,Kansas,Hamilton,42,0,0,37.99978709,-101.7921066,20075.0,1654.1945647892871,0.0,42,42,0,0,42,43,2607,0,0,0,0,-1
2020-08-18,US,Kansas,Harper,24,0,0,37.19175361,-98.07578384,20077.0,441.5011037527594,0.0,24,24,0,0,24,21,5506,0,0,0,0,3
2020-08-18,US,Kansas,Harvey,255,3,0,38.04293782,-97.42747573,20079.0,740.6546806471289,1.1764705882352942,252,246,2,0,244,224,34210,9,1,0,8,22
2020-08-18,US,Kansas,Haskell,44,0,0,37.562039399999996,-100.8710738,20081.0,1108.8709677419354,0.0,44,44,0,0,44,49,3997,0,0,0,0,-5
2020-08-18,US,Kansas,Hodgeman,11,0,0,38.08780079,-99.89829881,20083.0,613.1549609810479,0.0,11,11,0,0,11,11,1818,0,0,0,0,0
2020-08-18,US,Kansas,Jackson,174,1,0,39.41673394,-95.79356799,20085.0,1321.0842001366639,0.5747126436781609,173,166,1,0,165,164,13280,8,0,0,8,2
2020-08-18,US,Kansas,Jefferson,95,0,0,39.2347941,-95.38289232,20087.0,498.8709762117313,0.0,95,95,0,0,95,89,18975,0,0,0,0,6
2020-08-18,US,Kansas,Jewell,14,1,0,39.78470589,-98.21820662,20089.0,486.2799583188608,7.142857142857142,13,14,1,0,13,13,2841,0,0,0,0,1
2020-08-18,US,Kansas,Johnson,6655,108,0,38.88548175,-94.82250877,20091.0,1104.745842055375,1.622839969947408,6547,6582,108,0,6474,6357,597555,73,0,0,73,225
2020-08-18,US,Kansas,Kearny,67,1,0,38.00017981,-101.32168100000001,20093.0,1745.7008858780616,1.492537313432836,66,67,1,0,66,66,3943,0,0,0,0,1
2020-08-18,US,Kansas,Kingman,27,0,0,37.55909527,-98.13638678,20095.0,377.51677852349,0.0,27,27,0,0,27,25,7310,0,0,0,0,2
2020-08-18,US,Kansas,Kiowa,8,0,0,37.55848695,-99.2856537,20097.0,323.2323232323232,0.0,8,8,0,0,8,8,2516,0,0,0,0,0
2020-08-18,US,Kansas,Labette,159,1,0,37.19113093,-95.29849679,20099.0,810.4801712712814,0.6289308176100629,158,159,1,0,158,153,19964,0,0,0,0,6
2020-08-18,US,Kansas,Lane,6,0,0,38.48119447,-100.46607540000001,20101.0,390.8794788273616,0.0,6,6,0,0,6,6,1560,0,0,0,0,0
2020-08-18,US,Kansas,Leavenworth,1548,9,0,39.20183497,-95.03620809,20103.0,1893.3926955160348,0.5813953488372093,1539,1548,9,0,1539,1549,81352,0,0,0,0,-1
2020-08-18,US,Kansas,Lincoln,6,0,0,39.04549684,-98.20756994,20105.0,202.56583389601624,0.0,6,6,0,0,6,6,3023,0,0,0,0,0
2020-08-18,US,Kansas,Linn,50,0,0,38.21267844,-94.84254089,20107.0,515.3045449860866,0.0,50,50,0,0,50,50,9750,0,0,0,0,0
2020-08-18,US,Kansas,Logan,2,0,0,38.91735806,-101.148475,20109.0,71.58196134574086,0.0,2,2,0,0,2,2,2844,0,0,0,0,0
2020-08-18,US,Kansas,Lyon,765,14,0,38.45576156,-96.15275715,20111.0,2304.563940352463,1.830065359477124,751,762,14,0,748,703,33406,3,0,0,3,59
2020-08-18,US,Kansas,Marion,59,1,0,38.35855394,-97.09852509999999,20115.0,496.4658364187142,1.6949152542372878,58,59,1,0,58,59,11950,0,0,0,0,0
2020-08-18,US,Kansas,Marshall,15,0,0,39.78359669,-96.52278974,20117.0,154.52766045122078,0.0,15,15,0,0,15,14,9722,0,0,0,0,1
2020-08-18,US,Kansas,McPherson,176,1,0,38.39184858,-97.64769869,20113.0,616.6351341882139,0.5681818181818182,175,169,1,0,168,164,28537,7,0,0,7,5
2020-08-18,US,Kansas,Meade,52,0,0,37.23859987,-100.36483100000001,20119.0,1289.3627572526655,0.0,52,52,0,0,52,59,4146,0,0,0,0,-7
2020-08-18,US,Kansas,Miami,150,0,0,38.56383358,-94.83832189,20121.0,438.1224990507346,0.0,150,150,0,0,150,152,33680,0,0,0,0,-2
2020-08-18,US,Kansas,Mitchell,28,0,0,39.39331582,-98.20906732,20123.0,468.3057367452751,0.0,28,28,0,0,28,28,6150,0,0,0,0,0
2020-08-18,US,Kansas,Montgomery,193,5,0,37.19236568,-95.74329258,20125.0,606.3652643815389,2.5906735751295336,188,193,5,0,188,168,32120,0,0,0,0,25
2020-08-18,US,Kansas,Morris,12,0,0,38.68827511,-96.65128437,20127.0,213.52313167259786,0.0,12,12,0,0,12,13,5521,0,0,0,0,-1
2020-08-18,US,Kansas,Morton,10,2,0,37.19141121,-101.79925190000002,20129.0,386.54812524159263,20.0,8,10,2,0,8,10,2667,0,0,0,0,0
2020-08-18,US,Kansas,Nemaha,53,1,0,39.78345387,-96.01392079,20131.0,518.0334278174176,1.8867924528301887,52,50,1,0,49,50,10155,3,0,0,3,0
2020-08-18,US,Kansas,Neosho,66,0,0,37.55862897,-95.30670046,20133.0,412.3196101705504,0.0,66,66,0,0,66,67,15951,0,0,0,0,-1
2020-08-18,US,Kansas,Ness,8,0,0,38.47974157,-99.91547333,20135.0,290.90909090909093,0.0,8,8,0,0,8,7,2840,0,0,0,0,1
2020-08-18,US,Kansas,Norton,23,0,0,39.78443827,-99.90286639,20137.0,429.0244357396009,0.0,23,23,0,0,23,23,5430,0,0,0,0,0
2020-08-18,US,Kansas,Osage,50,0,0,38.65235984,-95.72707998,20139.0,313.49927895165837,0.0,50,50,0,0,50,47,15941,0,0,0,0,3
2020-08-18,US,Kansas,Osborne,4,0,0,39.3503437,-98.76753828,20141.0,116.92487576731949,0.0,4,4,0,0,4,4,3475,0,0,0,0,0
2020-08-18,US,Kansas,Ottawa,39,0,0,39.13237408,-97.65020313,20143.0,683.7307152875176,0.0,39,39,0,0,39,37,5802,0,0,0,0,2
2020-08-18,US,Kansas,Pawnee,65,0,0,38.18108732,-99.23692334,20145.0,1013.4081696289368,0.0,65,65,0,0,65,63,6562,0,0,0,0,2
2020-08-18,US,Kansas,Phillips,51,8,0,39.78465501,-99.34668865,20147.0,974.3981658387466,15.68627450980392,43,51,8,0,43,48,5317,0,0,0,0,3
2020-08-18,US,Kansas,Pottawatomie,119,0,0,39.37925655,-96.34564657,20149.0,488.044949349957,0.0,119,119,0,0,119,119,24277,0,0,0,0,0
2020-08-18,US,Kansas,Pratt,35,0,0,37.64780729,-98.73922153,20151.0,381.9292885202968,0.0,35,35,0,0,35,35,9378,0,0,0,0,0
2020-08-18,US,Kansas,Reno,500,1,0,37.95230263,-98.08607292,20155.0,806.4776283105908,0.2,499,491,1,0,490,418,62342,9,0,0,9,73
2020-08-18,US,Kansas,Republic,32,0,0,39.82799632,-97.65036709,20157.0,690.2502157031925,0.0,32,32,0,0,32,31,4664,0,0,0,0,1
2020-08-18,US,Kansas,Rice,41,0,0,38.34616184,-98.19992118,20159.0,429.9045821537171,0.0,41,41,0,0,41,39,9531,0,0,0,0,2
2020-08-18,US,Kansas,Riley,512,5,0,39.28935726,-96.73420026,20161.0,689.7294967130078,0.9765625,507,512,5,0,507,451,73703,0,0,0,0,61
2020-08-18,US,Kansas,Rooks,19,0,0,39.35022773,-99.32484567,20163.0,386.1788617886178,0.0,19,19,0,0,19,18,5013,0,0,0,0,1
2020-08-18,US,Kansas,Rush,10,0,0,38.52275276,-99.30863983,20165.0,329.3807641633729,0.0,10,10,0,0,10,10,3093,0,0,0,0,0
2020-08-18,US,Kansas,Russell,17,0,0,38.91462787,-98.76254297,20167.0,247.9579929988332,0.0,17,17,0,0,17,19,6907,0,0,0,0,-2
2020-08-18,US,Kansas,Saline,416,7,0,38.78369175,-97.65185177,20169.0,767.1879610504573,1.6826923076923077,409,416,7,0,409,385,54401,0,0,0,0,31
2020-08-18,US,Kansas,Scott,79,0,0,38.48222076,-100.90665390000001,20171.0,1637.9846568525809,0.0,79,79,0,0,79,54,4897,0,0,0,0,25
2020-08-18,US,Kansas,Sedgwick,5460,47,0,37.6842718,-97.4608198,20173.0,1058.053414256979,0.8608058608058609,5413,5429,47,0,5382,5718,513607,31,0,0,31,-289
2020-08-18,US,Kansas,Seward,1306,4,0,37.19324632,-100.85072009999999,20175.0,6094.8291954452125,0.30627871362940273,1302,1306,4,0,1302,1189,21780,0,0,0,0,117
2020-08-18,US,Kansas,Shawnee,1814,21,0,39.04100763,-95.75572640000001,20177.0,1025.583038869258,1.1576626240352812,1793,1788,19,0,1769,1720,177499,26,2,0,24,68
2020-08-18,US,Kansas,Sheridan,9,0,0,39.35018161,-100.44182590000001,20179.0,357.0011900039666,0.0,9,9,0,0,9,7,2533,0,0,0,0,2
2020-08-18,US,Kansas,Sherman,17,0,0,39.35147699,-101.71976240000001,20181.0,287.30775730944737,0.0,17,17,0,0,17,17,5899,0,0,0,0,0
2020-08-18,US,Kansas,Smith,3,0,0,39.78516566,-98.78566062,20183.0,83.72871895060004,0.0,3,3,0,0,3,3,3603,0,0,0,0,0
2020-08-18,US,Kansas,Stafford,12,1,0,38.03100851,-98.71762001,20185.0,288.7391722810395,8.333333333333334,11,12,1,0,11,7,4178,0,0,0,0,5
2020-08-18,US,Kansas,Stanton,20,1,0,37.56304714,-101.78435340000001,20187.0,997.0089730807578,5.0,19,20,1,0,19,40,1987,0,0,0,0,-20
2020-08-18,US,Kansas,Stevens,46,0,0,37.1923008,-101.3118967,20189.0,838.6508659981769,0.0,46,46,0,0,46,46,5559,0,0,0,0,0
2020-08-18,US,Kansas,Sumner,107,3,0,37.23682549,-97.47721621,20191.0,468.5584165352951,2.803738317757009,104,107,3,0,104,104,22996,0,0,0,0,3
2020-08-18,US,Kansas,Thomas,51,0,0,39.35107575,-101.0553705,20193.0,655.7798637006557,0.0,51,51,0,0,51,45,7711,0,0,0,0,6
2020-08-18,US,Kansas,Trego,7,1,0,38.91467218,-99.87284448,20195.0,249.73242953977882,14.285714285714285,6,7,1,0,6,7,2793,0,0,0,0,0
2020-08-18,US,Kansas,Wabaunsee,45,0,0,38.95471985,-96.20350509,20197.0,649.2569614774203,0.0,45,45,0,0,45,43,6899,0,0,0,0,2
2020-08-18,US,Kansas,Washington,2,0,0,39.78420784,-97.08753229999999,20201.0,36.99593044765076,0.0,2,2,0,0,2,1,5420,0,0,0,0,1
2020-08-18,US,Kansas,Wichita,4,0,0,38.48178252,-101.3471509,20203.0,188.76828692779614,0.0,4,4,0,0,4,4,2105,0,0,0,0,0
2020-08-18,US,Kansas,Wilson,16,0,0,37.55937174,-95.74323255,20205.0,187.68328445747798,0.0,16,16,0,0,16,14,8665,0,0,0,0,2
2020-08-18,US,Kansas,Woodson,12,0,0,37.8865336,-95.74006277,20207.0,382.4091778202677,0.0,12,12,0,0,12,12,3183,0,0,0,0,0
2020-08-18,US,Kansas,Wyandotte,5450,108,0,39.11727348,-94.76378225,20209.0,3294.464694823761,1.981651376146789,5342,5405,107,0,5298,5329,165324,45,1,0,44,76
2020-08-18,US,Kentucky,Adair,233,19,0,37.10459774,-85.28129668,21001.0,1213.4152692427874,8.15450643776824,214,233,19,0,214,224,19215,0,0,0,0,9
2020-08-18,US,Kentucky,Allen,236,8,0,36.75197631,-86.19457544,21003.0,1107.201501290171,3.3898305084745757,228,236,8,0,228,234,21122,0,0,0,0,2
2020-08-18,US,Kentucky,Anderson,94,1,0,38.00671029,-84.99171713,21005.0,413.2413065459181,1.0638297872340423,93,92,1,0,91,90,22663,2,0,0,2,2
2020-08-18,US,Kentucky,Ballard,38,0,0,37.05842757,-88.99427697,21007.0,481.74442190669373,0.0,38,37,0,0,37,37,7979,1,0,0,1,0
2020-08-18,US,Kentucky,Barren,437,3,0,36.96469836,-85.93338945,21009.0,987.5929399534452,0.6864988558352403,434,432,3,0,429,429,44176,5,0,0,5,3
2020-08-18,US,Kentucky,Bath,41,1,0,38.14735938,-83.74588932,21011.0,328.0,2.4390243902439024,40,41,1,0,40,41,12383,0,0,0,0,0
2020-08-18,US,Kentucky,Bell,351,5,0,36.73355174,-83.67766671,21013.0,1348.340503995083,1.4245014245014245,346,350,5,0,345,338,26569,1,0,0,1,12
2020-08-18,US,Kentucky,Boone,1174,24,0,38.97065142,-84.72615357,21015.0,878.8675036120408,2.044293015332197,1150,1157,24,0,1133,1149,131533,17,0,0,17,8
2020-08-18,US,Kentucky,Bourbon,98,1,0,38.2054607,-84.21827874,21017.0,495.2496462502527,1.020408163265306,97,99,1,0,98,97,20184,-1,0,0,-1,2
2020-08-18,US,Kentucky,Boyd,203,4,0,38.36176608,-82.68652187,21019.0,434.52202577165116,1.9704433497536944,199,203,4,0,199,201,47240,0,0,0,0,2
2020-08-18,US,Kentucky,Boyle,177,0,0,37.62680923,-84.8633779,21021.0,588.8223552894211,0.0,177,172,0,0,172,168,30100,5,0,0,5,4
2020-08-18,US,Kentucky,Bracken,37,0,0,38.69158994,-84.08532444,21023.0,445.6220643141034,0.0,37,37,0,0,37,37,8239,0,0,0,0,0
2020-08-18,US,Kentucky,Breathitt,33,0,0,37.52333168,-83.31959161,21025.0,261.2826603325416,0.0,33,33,0,0,33,33,12726,0,0,0,0,0
2020-08-18,US,Kentucky,Breckinridge,88,2,0,37.77377239,-86.42885017,21027.0,429.7504517263271,2.272727272727273,86,87,2,0,85,84,20388,1,0,0,1,3
2020-08-18,US,Kentucky,Bullitt,467,5,0,37.97162523,-85.68955617,21029.0,571.7713893922328,1.0706638115631693,462,448,5,0,443,440,81069,19,0,0,19,8
2020-08-18,US,Kentucky,Butler,306,15,0,37.20946153,-86.68748787,21031.0,2375.9608665269047,4.901960784313727,291,304,15,0,289,303,12772,2,0,0,2,1
2020-08-18,US,Kentucky,Caldwell,59,0,0,37.14749129,-87.86948214,21033.0,462.8540048638896,0.0,59,57,0,0,57,55,12715,2,0,0,2,2
2020-08-18,US,Kentucky,Calloway,303,5,0,36.62093411,-88.2731593,21035.0,776.9031563293249,1.6501650165016502,298,294,5,0,289,289,39135,9,0,0,9,5
2020-08-18,US,Kentucky,Campbell,629,13,0,38.94384345,-84.37875208,21037.0,672.1234399042571,2.066772655007949,616,622,13,0,609,612,93152,7,0,0,7,10
2020-08-18,US,Kentucky,Carlisle,51,1,0,36.85372876,-88.96692220000001,21039.0,1071.4285714285713,1.96078431372549,50,50,1,0,49,50,4771,1,0,0,1,0
2020-08-18,US,Kentucky,Carroll,170,2,0,38.66599534,-85.12601074,21041.0,1599.096980528643,1.1764705882352942,168,170,2,0,168,170,10737,0,0,0,0,0
2020-08-18,US,Kentucky,Carter,105,3,0,38.31690743,-83.05092385,21043.0,391.8349068925626,2.8571428571428568,102,105,2,0,103,105,27004,0,1,0,-1,0
2020-08-18,US,Kentucky,Casey,216,11,0,37.32533118,-84.92726209,21045.0,1336.7163809641686,5.092592592592593,205,213,11,0,202,213,15888,3,0,0,3,0
2020-08-18,US,Kentucky,Christian,543,10,0,36.89267803,-87.49055367,21047.0,770.6390769361775,1.8416206261510129,533,540,10,0,530,532,71671,3,0,0,3,8
2020-08-18,US,Kentucky,Clark,195,7,0,37.9689263,-84.14615986,21049.0,537.7381904420483,3.58974358974359,188,189,7,0,182,186,36249,6,0,0,6,3
2020-08-18,US,Kentucky,Clay,191,5,0,37.16451126,-83.712575,21051.0,959.7507662931513,2.6178010471204187,186,190,5,0,185,185,20105,1,0,0,1,5
2020-08-18,US,Kentucky,Clinton,50,1,0,36.72581156,-85.13377529,21053.0,489.3325504012528,2.0,49,48,1,0,47,42,10206,2,0,0,2,6
2020-08-18,US,Kentucky,Crittenden,34,1,0,37.35839237,-88.08826090000002,21055.0,386.1003861003861,2.9411764705882355,33,34,1,0,33,34,8915,0,0,0,0,0
2020-08-18,US,Kentucky,Cumberland,68,0,0,36.78926125,-85.39050034,21057.0,1028.1221651043243,0.0,68,67,0,0,67,66,6659,1,0,0,1,1
2020-08-18,US,Kentucky,Daviess,833,10,0,37.73028906,-87.09019479999998,21059.0,820.6007230743468,1.2004801920768309,823,827,9,0,818,824,101104,6,1,0,5,3
2020-08-18,US,Kentucky,Edmonson,115,12,0,37.21218923,-86.23955613,21061.0,946.5020576131687,10.434782608695652,103,115,12,0,103,115,12274,0,0,0,0,0
2020-08-18,US,Kentucky,Elliott,15,0,0,38.11624059,-83.09771563,21063.0,199.5476918983637,0.0,15,15,0,0,15,15,7508,0,0,0,0,0
2020-08-18,US,Kentucky,Estill,27,0,0,37.69241417,-83.95956369,21065.0,191.40791152700984,0.0,27,27,0,0,27,27,14198,0,0,0,0,0
2020-08-18,US,Kentucky,Fayette,3493,50,0,38.0368225,-84.45576892,21067.0,1080.9154824974007,1.43143429716576,3443,3460,50,0,3410,3385,323780,33,0,0,33,75
2020-08-18,US,Kentucky,Fleming,64,0,0,38.36758311,-83.69657514,21069.0,438.9273712365407,0.0,64,64,0,0,64,64,14432,0,0,0,0,0
2020-08-18,US,Kentucky,Floyd,121,2,0,37.56213922,-82.74750924,21071.0,339.9926943718565,1.6528925619834711,119,119,2,0,117,119,35845,2,0,0,2,0
2020-08-18,US,Kentucky,Franklin,375,11,0,38.2379395,-84.87962551,21073.0,735.4238983350003,2.933333333333333,364,357,11,0,346,349,50815,18,0,0,18,8
2020-08-18,US,Kentucky,Fulton,101,2,0,36.55238827,-89.20140068,21075.0,1692.075724576981,1.98019801980198,99,101,2,0,99,98,6120,0,0,0,0,3
2020-08-18,US,Kentucky,Gallatin,85,7,0,38.75398691,-84.8558382,21077.0,958.3944074867516,8.235294117647058,78,82,7,0,75,82,8832,3,0,0,3,0
2020-08-18,US,Kentucky,Garrard,96,0,0,37.638866799999995,-84.53289319,21079.0,543.4167327068945,0.0,96,93,0,0,93,91,17560,3,0,0,3,2
2020-08-18,US,Kentucky,Grant,129,6,0,38.64962758,-84.62415957,21081.0,514.5797598627787,4.651162790697675,123,128,6,0,122,127,25121,1,0,0,1,1
2020-08-18,US,Kentucky,Graves,586,27,0,36.72292505,-88.65143315,21083.0,1572.4789352224548,4.607508532423208,559,582,26,0,556,580,37317,4,1,0,3,2
2020-08-18,US,Kentucky,Grayson,226,11,0,37.46231118,-86.34248968,21085.0,855.1859840314827,4.867256637168142,215,220,11,0,209,219,26321,6,0,0,6,1
2020-08-18,US,Kentucky,Green,61,2,0,37.26484328,-85.5540745,21087.0,557.5358742345306,3.278688524590164,59,57,2,0,55,57,11049,4,0,0,4,0
2020-08-18,US,Kentucky,Greenup,152,1,0,38.54332505,-82.9215658,21089.0,433.07310957889337,0.6578947368421053,151,147,1,0,146,139,35268,5,0,0,5,8
2020-08-18,US,Kentucky,Hancock,55,0,0,37.83766422,-86.78280584,21091.0,630.5893143774364,0.0,55,54,0,0,54,52,8758,1,0,0,1,2
2020-08-18,US,Kentucky,Hardin,776,8,0,37.6976111,-85.96319251,21093.0,699.3637232105842,1.0309278350515465,768,750,8,0,742,744,110356,26,0,0,26,6
2020-08-18,US,Kentucky,Harlan,260,3,0,36.85699301,-83.21899516,21095.0,999.6155324875048,1.1538461538461535,257,257,3,0,254,253,26409,3,0,0,3,4
2020-08-18,US,Kentucky,Harrison,132,0,0,38.44188174,-84.32869741,21097.0,698.9304246531822,0.0,132,123,0,0,123,123,18778,9,0,0,9,0
2020-08-18,US,Kentucky,Hart,114,0,0,37.29943898,-85.88461055,21099.0,598.8967691095352,0.0,114,110,0,0,110,109,18906,4,0,0,4,1
2020-08-18,US,Kentucky,Henderson,383,3,0,37.79344553,-87.57392021,21101.0,847.157708471577,0.783289817232376,380,376,3,0,373,371,45591,7,0,0,7,5
2020-08-18,US,Kentucky,Henry,145,2,0,38.44942688,-85.11587507,21103.0,899.1690437802307,1.3793103448275863,143,146,3,0,143,142,16106,-1,-1,0,0,4
2020-08-18,US,Kentucky,Hickman,62,0,0,36.67948079999999,-88.97875928,21105.0,1415.5251141552512,0.0,62,62,0,0,62,58,4421,0,0,0,0,4
2020-08-18,US,Kentucky,Hopkins,452,35,0,37.30939025,-87.54670406,21107.0,1011.5024839994627,7.743362831858407,417,440,35,0,405,439,45068,12,0,0,12,1
2020-08-18,US,Kentucky,Jackson,161,14,0,37.41866422,-83.99825483,21109.0,1207.8925650836522,8.695652173913043,147,158,14,0,144,155,13442,3,0,0,3,3
2020-08-18,US,Kentucky,Jefferson,9749,255,0,38.18664655,-85.65931031,21111.0,1271.4588846270724,2.6156528874756386,9494,9629,251,0,9378,9350,770517,120,4,0,116,279
2020-08-18,US,Kentucky,Jessamine,386,0,0,37.87119786,-84.58252003,21113.0,713.2957590316918,0.0,386,377,0,0,377,372,53920,9,0,0,9,5
2020-08-18,US,Kentucky,Johnson,90,0,0,37.85106355,-82.8264322,21115.0,405.6246619794484,0.0,90,84,0,0,84,83,22386,6,0,0,6,1
2020-08-18,US,Kentucky,Kenton,1545,41,0,38.93950319,-84.53241199,21117.0,925.1607803686273,2.6537216828478964,1504,1526,41,0,1485,1507,166051,19,0,0,19,19
2020-08-18,US,Kentucky,Knott,82,1,0,37.35388197,-82.94981134,21119.0,553.8295285694988,1.2195121951219512,81,79,1,0,78,75,15126,3,0,0,3,4
2020-08-18,US,Kentucky,Knox,288,8,0,36.89225732,-83.85403396,21121.0,924.707015572323,2.7777777777777777,280,269,8,0,261,268,31304,19,0,0,19,1
2020-08-18,US,Kentucky,Larue,70,1,0,37.54567114,-85.70138352,21123.0,486.17863592165565,1.4285714285714286,69,67,1,0,66,66,14307,3,0,0,3,1
2020-08-18,US,Kentucky,Laurel,488,5,0,37.10975748,-84.11321779,21125.0,802.4600003288771,1.024590163934426,483,480,5,0,475,480,60669,8,0,0,8,0
2020-08-18,US,Kentucky,Lawrence,39,0,0,38.07136018,-82.72882223,21127.0,254.6190507279493,0.0,39,38,0,0,38,38,15571,1,0,0,1,0
2020-08-18,US,Kentucky,Lee,6,0,0,37.59645942,-83.71513901,21129.0,81.04822369309741,0.0,6,7,0,0,7,5,7033,-1,0,0,-1,2
2020-08-18,US,Kentucky,Leslie,39,0,0,37.09246661,-83.37999606,21131.0,394.85673787587325,0.0,39,38,0,0,38,34,10143,1,0,0,1,4
2020-08-18,US,Kentucky,Letcher,66,1,0,37.12306748,-82.85346474,21133.0,306.2218716651974,1.5151515151515151,65,67,0,0,67,65,21899,-1,1,0,-2,2
2020-08-18,US,Kentucky,Lewis,86,1,0,38.53184419,-83.37735618,21135.0,647.834274952919,1.162790697674419,85,86,1,0,85,84,13257,0,0,0,0,2
2020-08-18,US,Kentucky,Lincoln,121,2,0,37.45475628,-84.6565327,21137.0,492.8917674854373,1.6528925619834711,119,121,2,0,119,119,24644,0,0,0,0,2
2020-08-18,US,Kentucky,Livingston,37,1,0,37.21137452,-88.34797529,21139.0,402.43637154666084,2.702702702702702,36,37,1,0,36,36,9242,0,0,0,0,1
2020-08-18,US,Kentucky,Logan,360,23,0,36.85949479,-86.877635,21141.0,1328.3152534868275,6.388888888888888,337,359,23,0,336,354,26989,1,0,0,1,5
2020-08-18,US,Kentucky,Lyon,32,4,0,37.02080035,-88.07886257,21143.0,389.768574908648,12.5,28,32,4,0,28,32,8009,0,0,0,0,0
2020-08-18,US,Kentucky,Madison,686,1,0,37.71659336,-84.27220275,21151.0,737.7375332035658,0.1457725947521866,685,676,1,0,675,630,92368,10,0,0,10,46
2020-08-18,US,Kentucky,Magoffin,54,0,0,37.70820545,-83.0657714,21153.0,444.0424307211578,0.0,54,53,0,0,53,49,12362,1,0,0,1,4
2020-08-18,US,Kentucky,Marion,141,0,0,37.55218078,-85.26898542,21155.0,731.5934208478183,0.0,141,142,0,0,142,129,19404,-1,0,0,-1,13
2020-08-18,US,Kentucky,Marshall,157,2,0,36.88007070000001,-88.32803576,21157.0,504.82315112540186,1.2738853503184713,155,155,2,0,153,155,31191,2,0,0,2,0
2020-08-18,US,Kentucky,Martin,41,0,0,37.79990579,-82.51247478,21159.0,366.2349263063868,0.0,41,42,0,0,42,41,11323,-1,0,0,-1,1
2020-08-18,US,Kentucky,Mason,61,1,0,38.59471935,-83.82151043,21161.0,357.35207967193907,1.639344262295082,60,59,1,0,58,56,17150,2,0,0,2,3
2020-08-18,US,Kentucky,McCracken,414,5,0,37.05350953,-88.70445755,21145.0,632.8533431165735,1.207729468599034,409,409,5,0,404,401,65346,5,0,0,5,8
2020-08-18,US,Kentucky,McCreary,56,0,0,36.73874143,-84.48102924,21147.0,324.99564737972264,0.0,56,54,0,0,54,52,17408,2,0,0,2,2
2020-08-18,US,Kentucky,McLean,44,1,0,37.5301951,-87.26803443,21149.0,477.89725209080046,2.272727272727273,43,44,1,0,43,44,9252,0,0,0,0,0
2020-08-18,US,Kentucky,Meade,107,3,0,37.96163597,-86.21028219,21163.0,374.492510149797,2.803738317757009,104,103,3,0,100,103,28715,4,0,0,4,0
2020-08-18,US,Kentucky,Menifee,28,0,0,37.94090733,-83.59985712,21165.0,431.4994606256742,0.0,28,28,0,0,28,28,6451,0,0,0,0,0
2020-08-18,US,Kentucky,Mercer,95,0,0,37.81474237,-84.87488475,21167.0,433.1372817216066,0.0,95,92,0,0,92,91,21774,3,0,0,3,1
2020-08-18,US,Kentucky,Metcalfe,69,2,0,36.99459295,-85.63123699,21169.0,685.1355376824546,2.898550724637681,67,66,2,0,64,65,10030,3,0,0,3,1
2020-08-18,US,Kentucky,Monroe,107,2,0,36.71225341,-85.71596443,21171.0,1004.6948356807512,1.8691588785046729,105,107,2,0,105,104,10718,0,0,0,0,3
2020-08-18,US,Kentucky,Montgomery,154,0,0,38.03253032,-83.9145241,21173.0,546.9332670383918,0.0,154,141,0,0,141,139,28203,13,0,0,13,2
2020-08-18,US,Kentucky,Morgan,36,0,0,37.92465657,-83.25558245,21175.0,270.49365091291605,0.0,36,36,0,0,36,35,13345,0,0,0,0,1
2020-08-18,US,Kentucky,Muhlenberg,641,11,0,37.21425819,-87.14632053,21177.0,2093.2662791457124,1.71606864274571,630,639,11,0,628,633,30774,2,0,0,2,6
2020-08-18,US,Kentucky,Nelson,272,2,0,37.80335779,-85.4657193,21179.0,588.3243570609737,0.7352941176470589,270,255,2,0,253,253,45851,17,0,0,17,2
2020-08-18,US,Kentucky,Nicholas,21,1,0,38.33342292,-84.01889177,21181.0,288.8980602558812,4.761904761904762,20,21,1,0,20,21,7166,0,0,0,0,0
2020-08-18,US,Kentucky,Ohio,365,9,0,37.47751843,-86.85368087,21183.0,1521.213636742519,2.4657534246575343,356,365,9,0,356,365,24087,0,0,0,0,0
2020-08-18,US,Kentucky,Oldham,682,18,0,38.39791089,-85.448222,21185.0,1020.9733678647883,2.6392961876832843,664,675,17,0,658,663,66470,7,1,0,6,12
2020-08-18,US,Kentucky,Owen,68,0,0,38.51679143,-84.82404619,21187.0,623.7959820199983,0.0,68,65,0,0,65,65,10880,3,0,0,3,0
2020-08-18,US,Kentucky,Owsley,17,0,0,37.42823949,-83.68811419,21189.0,385.0509626274066,0.0,17,16,0,0,16,15,4472,1,0,0,1,1
2020-08-18,US,Kentucky,Pendleton,52,0,0,38.69607718,-84.35599463,21191.0,356.4084989718985,0.0,52,51,0,0,51,51,14529,1,0,0,1,0
2020-08-18,US,Kentucky,Perry,260,6,0,37.25023553,-83.22922731,21193.0,1009.395139374175,2.3076923076923075,254,256,4,0,252,254,26092,4,2,0,2,2
2020-08-18,US,Kentucky,Pike,276,3,0,37.47088263,-82.39487445,21195.0,476.88160895708063,1.0869565217391304,273,270,3,0,267,270,58402,6,0,0,6,0
2020-08-18,US,Kentucky,Powell,70,0,0,37.83218794,-83.82553961,21197.0,566.3888664131402,0.0,70,69,0,0,69,68,12442,1,0,0,1,1
2020-08-18,US,Kentucky,Pulaski,395,5,0,37.10466131,-84.57629079,21199.0,607.8887025038857,1.2658227848101269,390,385,5,0,380,376,64623,10,0,0,10,9
2020-08-18,US,Kentucky,Robertson,3,0,0,38.51923469,-84.05055616,21201.0,142.31499051233396,0.0,3,3,0,0,3,3,2135,0,0,0,0,0
2020-08-18,US,Kentucky,Rockcastle,97,0,0,37.36642393,-84.31176452,21203.0,581.0122791254868,0.0,97,92,0,0,92,86,16750,5,0,0,5,6
2020-08-18,US,Kentucky,Rowan,88,0,0,38.19484205,-83.42088935,21205.0,359.7710547833197,0.0,88,88,0,0,88,88,24583,0,0,0,0,0
2020-08-18,US,Kentucky,Russell,146,5,0,36.99308373,-85.06070117,21207.0,814.5957707972998,3.4246575342465757,141,140,5,0,135,139,17821,6,0,0,6,1
2020-08-18,US,Kentucky,Scott,463,0,0,38.29622293,-84.5816631,21209.0,812.2237035997473,0.0,463,437,0,0,437,426,56031,26,0,0,26,11
2020-08-18,US,Kentucky,Shelby,827,22,0,38.21476019,-85.194223,21211.0,1686.9288511749344,2.660217654171705,805,820,21,0,799,817,48518,7,1,0,6,3
2020-08-18,US,Kentucky,Simpson,179,7,0,36.74058474,-86.58047435,21213.0,963.8164979539093,3.910614525139665,172,173,7,0,166,167,18529,6,0,0,6,6
2020-08-18,US,Kentucky,Spencer,142,0,0,38.03223971,-85.32749335,21215.0,733.8122060875407,0.0,142,141,0,0,141,138,18794,1,0,0,1,3
2020-08-18,US,Kentucky,Taylor,159,3,0,37.3677562,-85.3329931,21217.0,617.0204509294113,1.8867924528301887,156,158,3,0,155,153,25549,1,0,0,1,5
2020-08-18,US,Kentucky,Todd,38,0,0,36.8381152,-87.17878374,21219.0,309.09386692695625,0.0,38,38,0,0,38,35,12311,0,0,0,0,3
2020-08-18,US,Kentucky,Trigg,61,0,0,36.80767017,-87.87333656,21221.0,416.35383250290084,0.0,61,60,0,0,60,59,14643,1,0,0,1,1
2020-08-18,US,Kentucky,Trimble,36,0,0,38.61056487,-85.33775972,21223.0,424.97934128202087,0.0,36,35,0,0,35,35,8515,1,0,0,1,0
2020-08-18,US,Kentucky,Union,76,0,0,37.66166713,-87.94300009,21225.0,528.4750712745985,0.0,76,76,0,0,76,73,14505,0,0,0,0,3
2020-08-18,US,Kentucky,Warren,2828,22,0,36.99903045,-86.42672751,21227.0,2127.979773657597,0.7779349363507779,2806,2802,22,0,2780,2773,131264,26,0,0,26,29
2020-08-18,US,Kentucky,Washington,104,1,0,37.75599461,-85.17407732,21229.0,859.8594460520876,0.9615384615384616,103,102,0,0,102,101,12084,2,1,0,1,1
2020-08-18,US,Kentucky,Wayne,80,0,0,36.80310688,-84.8251971,21231.0,393.4490729356218,0.0,80,80,0,0,80,77,20468,0,0,0,0,3
2020-08-18,US,Kentucky,Webster,96,1,0,37.52168356,-87.67989953,21233.0,741.7709782104776,1.0416666666666667,95,95,1,0,94,92,13111,1,0,0,1,3
2020-08-18,US,Kentucky,Whitley,173,1,0,36.75700531,-84.14541217,21235.0,477.0571365541584,0.5780346820809249,172,170,1,0,169,170,36242,3,0,0,3,0
2020-08-18,US,Kentucky,Wolfe,19,0,0,37.73941626,-83.49303612,21237.0,265.474360765684,0.0,19,18,0,0,18,16,7177,1,0,0,1,2
2020-08-18,US,Kentucky,Woodford,185,0,0,38.04178222,-84.7417556,21239.0,692.0026931996707,0.0,185,183,0,0,183,177,26533,2,0,0,2,6
2020-08-18,US,Louisiana,Acadia,2708,91,0,30.295064899999996,-92.41419698,22001.0,4364.574099443952,3.3604135893648452,2617,2701,90,0,2611,2696,62190,7,1,0,6,5
2020-08-18,US,Louisiana,Allen,1386,33,0,30.65385745,-92.82442028,22003.0,5408.3583720295,2.380952380952381,1353,1382,33,0,1349,1378,25605,4,0,0,4,4
2020-08-18,US,Louisiana,Ascension,3108,81,0,30.20406249,-90.91328409999998,22005.0,2454.8987393763227,2.606177606177606,3027,3084,81,0,3003,3064,124672,24,0,0,24,20
2020-08-18,US,Louisiana,Assumption,617,20,0,29.89946234,-91.06461642,22007.0,2818.509889909095,3.2414910858995136,597,616,20,0,596,613,22300,1,0,0,1,3
2020-08-18,US,Louisiana,Avoyelles,1157,38,0,31.07796211,-92.00079449,22009.0,2882.124352331605,3.284356093344857,1119,1149,37,0,1112,1143,40462,8,1,0,7,6
2020-08-18,US,Louisiana,Beauregard,896,28,0,30.64836518,-93.34173616,22011.0,2389.5244952929565,3.125,868,886,27,0,859,884,37253,10,1,0,9,2
2020-08-18,US,Louisiana,Bienville,400,30,0,32.34569994,-93.05398492,22013.0,3020.9198701004457,7.5,370,399,30,0,369,395,13308,1,0,0,1,4
2020-08-18,US,Louisiana,Bossier,2488,84,0,32.67932307,-93.60460152,22015.0,1958.4537031935074,3.3762057877813505,2404,2471,84,0,2387,2464,127185,17,0,0,17,7
2020-08-18,US,Louisiana,Caddo,6980,304,0,32.57991587,-93.88375652,22017.0,2905.86334948627,4.355300859598853,6676,6949,300,0,6649,6936,242922,31,4,0,27,13
2020-08-18,US,Louisiana,Calcasieu,7093,157,0,30.22931235,-93.35400434,22019.0,3486.600208419356,2.2134498801635414,6936,7045,157,0,6888,7044,203112,48,0,0,48,1
2020-08-18,US,Louisiana,Caldwell,245,3,0,32.0902519,-92.11752148,22021.0,2470.256100020165,1.2244897959183674,242,245,3,0,242,242,9960,0,0,0,0,3
2020-08-18,US,Louisiana,Cameron,174,1,0,29.87592238,-93.19310676,22023.0,2495.339165352072,0.5747126436781609,173,174,0,0,174,174,6968,0,1,0,-1,0
2020-08-18,US,Louisiana,Catahoula,323,5,0,31.66778967,-91.84526385,22025.0,3402.148725510849,1.547987616099071,318,321,5,0,316,319,9608,2,0,0,2,2
2020-08-18,US,Louisiana,Claiborne,307,12,0,32.82308512,-92.99526883,22027.0,1959.1576260370127,3.908794788273616,295,303,12,0,291,299,15944,4,0,0,4,4
2020-08-18,US,Louisiana,Concordia,378,9,0,31.44817835,-91.63814433,22029.0,1962.718728905966,2.380952380952381,369,376,9,0,367,367,19572,2,0,0,2,9
2020-08-18,US,Louisiana,De Soto,783,28,0,32.05457447,-93.74130302,22031.0,2851.108764519536,3.5759897828863347,755,780,28,0,752,775,27436,3,0,0,3,5
2020-08-18,US,Louisiana,East Baton Rouge,12942,388,0,30.53842039,-91.09777565,22033.0,2940.9692791193897,2.997991036934013,12554,12875,384,0,12491,12824,440956,67,4,0,63,51
2020-08-18,US,Louisiana,East Carroll,525,2,0,32.73926954,-91.23425694,22035.0,7651.9457804984695,0.3809523809523809,523,525,2,0,523,524,7037,0,0,0,0,1
2020-08-18,US,Louisiana,East Feliciana,647,40,0,30.84425359,-91.04976723,22037.0,3381.2385680689836,6.182380216383308,607,637,40,0,597,626,19305,10,0,0,10,11
2020-08-18,US,Louisiana,Evangeline,968,17,0,30.72985248,-92.39915924,22039.0,2898.6375205869153,1.756198347107438,951,966,17,0,949,967,33443,2,0,0,2,-1
2020-08-18,US,Louisiana,Franklin,998,23,0,32.13675181,-91.67589857,22041.0,4986.260304771421,2.3046092184368736,975,996,22,0,974,993,20156,2,1,0,1,3
2020-08-18,US,Louisiana,Grant,361,24,0,31.59882456,-92.56124347,22043.0,1612.3989459109384,6.648199445983379,337,359,24,0,335,357,22482,2,0,0,2,2
2020-08-18,US,Louisiana,Iberia,2632,79,0,29.86803617,-91.75871777,22045.0,3769.153658885865,3.0015197568389063,2553,2627,79,0,2548,2616,70941,5,0,0,5,11
2020-08-18,US,Louisiana,Iberville,1301,51,0,30.25734305,-91.3499598,22047.0,4001.722493925133,3.9200614911606455,1250,1288,51,0,1237,1290,32721,13,0,0,13,-2
2020-08-18,US,Louisiana,Jackson,403,19,0,32.30251776,-92.55692092,22049.0,2559.7052845528456,4.714640198511166,384,403,19,0,384,402,15902,0,0,0,0,1
2020-08-18,US,Louisiana,Jefferson,15865,532,0,29.74075478,-90.11115756,22051.0,3668.2674632884227,3.3532934131736525,15333,15815,531,0,15284,15789,434051,50,1,0,49,26
2020-08-18,US,Louisiana,Jefferson Davis,1084,30,0,30.26896765,-92.81210004,22053.0,3455.751083907167,2.7675276752767526,1054,1080,30,0,1050,1078,31582,4,0,0,4,2
2020-08-18,US,Louisiana,LaSalle,350,4,0,31.67884782,-92.15907765,22059.0,2350.255170561375,1.1428571428571428,346,350,4,0,346,349,14917,0,0,0,0,1
2020-08-18,US,Louisiana,Lafayette,8005,102,0,30.2049055,-92.06959876,22055.0,3275.5022709603504,1.27420362273579,7903,7976,101,0,7875,7947,242782,29,1,0,28,29
2020-08-18,US,Louisiana,Lafourche,3030,105,0,29.52470226,-90.40976986,22057.0,3104.0629417911364,3.4653465346534653,2925,3014,105,0,2909,2985,98115,16,0,0,16,29
2020-08-18,US,Louisiana,Lincoln,857,36,0,32.6003154,-92.66597409999999,22061.0,1833.4688288905054,4.2007001166861135,821,856,35,0,821,857,47196,1,1,0,0,-1
2020-08-18,US,Louisiana,Livingston,3146,59,0,30.44143993,-90.73061664,22063.0,2234.5495741854834,1.8753973299427844,3087,3119,57,0,3062,3100,139567,27,2,0,25,19
2020-08-18,US,Louisiana,Madison,648,6,0,32.36918118,-91.23973355,22065.0,5917.26782942197,0.925925925925926,642,646,6,0,640,640,11161,2,0,0,2,6
2020-08-18,US,Louisiana,Morehouse,553,14,0,32.81686191,-91.80421614,22067.0,2223.204952962933,2.5316455696202533,539,553,14,0,539,554,25398,0,0,0,0,-1
2020-08-18,US,Louisiana,Natchitoches,851,19,0,31.72321584,-93.09816516,22069.0,2230.200744273809,2.2326674500587544,832,843,18,0,825,825,38659,8,1,0,7,18
2020-08-18,US,Louisiana,Orleans,11039,568,0,30.06971951,-89.92660315,22071.0,2829.4680938320207,5.145393604493161,10471,11027,568,0,10459,10992,391006,12,0,0,12,35
2020-08-18,US,Louisiana,Ouachita,5187,117,0,32.47645559,-92.15704172,22073.0,3384.0252089327305,2.255639097744361,5070,5161,117,0,5044,5144,154475,26,0,0,26,17
2020-08-18,US,Louisiana,Plaquemines,479,19,0,29.42245447,-89.60322085,22075.0,2064.9221882139927,3.9665970772442583,460,478,19,0,459,472,23410,1,0,0,1,6
2020-08-18,US,Louisiana,Pointe Coupee,852,33,0,30.71409502,-91.60209535,22077.0,3920.846755637368,3.8732394366197194,819,850,33,0,817,844,21940,2,0,0,2,6
2020-08-18,US,Louisiana,Rapides,3499,128,0,31.19778499,-92.52997303,22079.0,2698.846106380353,3.6581880537296367,3371,3472,128,0,3344,3472,130562,27,0,0,27,0
2020-08-18,US,Louisiana,Red River,296,16,0,32.09530039,-93.34213308,22081.0,3506.278133143805,5.405405405405406,280,290,16,0,274,291,8477,6,0,0,6,-1
2020-08-18,US,Louisiana,Richland,643,8,0,32.41391005,-91.76634876,22083.0,3195.507404830533,1.2441679626749609,635,642,8,0,634,641,20192,1,0,0,1,1
2020-08-18,US,Louisiana,Sabine,703,12,0,31.56388699,-93.55433981,22085.0,2943.393066488025,1.7069701280227596,691,705,11,0,694,699,24032,-2,1,0,-3,6
2020-08-18,US,Louisiana,St. Bernard,1147,24,0,29.87761636,-89.51887093,22087.0,2427.821522309712,2.0924149956408016,1123,1141,24,0,1117,1136,46721,6,0,0,6,5
2020-08-18,US,Louisiana,St. Charles,1549,54,0,29.90709658,-90.35555967,22089.0,2917.137476459511,3.486120077469335,1495,1545,54,0,1491,1542,52879,4,0,0,4,3
2020-08-18,US,Louisiana,St. Helena,294,2,0,30.82210324,-90.71013176,22091.0,2901.697591788393,0.6802721088435374,292,294,2,0,292,288,10262,0,0,0,0,6
2020-08-18,US,Louisiana,St. James,741,32,0,30.02531716,-90.80212061,22093.0,3512.5142207053473,4.318488529014846,709,741,32,0,709,737,21037,0,0,0,0,4
2020-08-18,US,Louisiana,St. John the Baptist,1470,93,0,30.12597499,-90.4753503,22095.0,3431.6128580432805,6.3265306122448965,1377,1465,93,0,1372,1462,43184,5,0,0,5,3
2020-08-18,US,Louisiana,St. Landry,2925,98,0,30.59724262,-92.00135806,22097.0,3561.6872047148213,3.3504273504273505,2827,2908,96,0,2812,2895,82764,17,2,0,15,13
2020-08-18,US,Louisiana,St. Martin,1795,49,0,30.13112107,-91.61403569,22099.0,3359.4729651326006,2.7298050139275767,1746,1790,48,0,1742,1783,53621,5,1,0,4,7
2020-08-18,US,Louisiana,St. Mary,1689,62,0,29.69262097,-91.44702164,22101.0,3422.6311096700983,3.670811130846655,1627,1685,61,0,1624,1677,49774,4,1,0,3,8
2020-08-18,US,Louisiana,St. Tammany,5626,221,0,30.40942847,-89.95642711,22103.0,2160.364643132797,3.928190543903306,5405,5600,221,0,5379,5552,258111,26,0,0,26,48
2020-08-18,US,Louisiana,Tangipahoa,3798,85,0,30.62888673,-90.40664996,22105.0,2818.38555039404,2.2380200105318586,3713,3756,83,0,3673,3710,133777,42,2,0,40,46
2020-08-18,US,Louisiana,Tensas,117,0,0,32.00760749,-91.32915234,22107.0,2699.5846792801112,0.0,117,117,0,0,117,116,4462,0,0,0,0,1
2020-08-18,US,Louisiana,Terrebonne,3227,90,0,29.37343766,-90.82626855,22109.0,2921.393070857588,2.7889680818097298,3137,3212,90,0,3122,3196,111021,15,0,0,15,16
2020-08-18,US,Louisiana,Unassigned,240,123,0,0.0,0.0,90022.0,0.0,51.25,117,236,123,0,113,235,,4,0,0,4,1
2020-08-18,US,Louisiana,Union,756,35,0,32.83121059,-92.3749373,22111.0,3419.5766238465712,4.62962962962963,721,754,35,0,719,752,22330,2,0,0,2,2
2020-08-18,US,Louisiana,Vermilion,1737,31,0,29.83517605,-92.30292538,22113.0,2918.7881232041136,1.78468624064479,1706,1735,30,0,1705,1724,59830,2,1,0,1,11
2020-08-18,US,Louisiana,Vernon,824,31,0,31.10884837,-93.18153838,22115.0,1737.3336987918783,3.762135922330097,793,814,31,0,783,810,48860,10,0,0,10,4
2020-08-18,US,Louisiana,Washington,1346,59,0,30.85288548,-90.03866652,22117.0,2913.798328787288,4.383358098068351,1287,1346,59,0,1287,1335,46582,0,0,0,0,11
2020-08-18,US,Louisiana,Webster,955,17,0,32.70847669,-93.33121835,22119.0,2490.871152842984,1.780104712041885,938,949,17,0,932,949,38798,6,0,0,6,0
2020-08-18,US,Louisiana,West Baton Rouge,761,37,0,30.46058217,-91.30989571,22121.0,2875.495938031362,4.862023653088042,724,757,37,0,720,756,26427,4,0,0,4,1
2020-08-18,US,Louisiana,West Carroll,312,8,0,32.78550125,-91.461201,22123.0,2880.8864265927973,2.5641025641025643,304,306,8,0,298,307,10982,6,0,0,6,-1
2020-08-18,US,Louisiana,West Feliciana,414,18,0,30.87882871,-91.41485379999999,22125.0,2659.301130524152,4.3478260869565215,396,408,18,0,390,406,15460,6,0,0,6,2
2020-08-18,US,Louisiana,Winn,495,10,0,31.94449367,-92.63789413,22127.0,3560.126582278481,2.0202020202020203,485,492,9,0,483,479,14134,3,1,0,2,13
2020-08-18,US,Maine,Androscoggin,581,9,0,44.1664747,-70.20380627,23001.0,536.5867174007407,1.5490533562822721,572,580,9,0,571,577,107679,1,0,0,1,3
2020-08-18,US,Maine,Aroostook,33,1,0,46.65926321,-68.59841248,23003.0,49.21333233912461,3.0303030303030303,32,33,1,0,32,33,67111,0,0,0,0,0
2020-08-18,US,Maine,Cumberland,2143,69,0,43.8370751,-70.37226999,23005.0,726.4332905089101,3.2197853476434903,2074,2130,69,0,2061,2126,293557,13,0,0,13,4
2020-08-18,US,Maine,Franklin,47,1,0,44.97330019,-70.44381045,23007.0,155.6342925262426,2.127659574468085,46,47,1,0,46,47,29897,0,0,0,0,0
2020-08-18,US,Maine,Hancock,40,1,0,44.59816444,-68.38401854,23009.0,72.74446687398842,2.5,39,40,1,0,39,40,54811,0,0,0,0,0
2020-08-18,US,Maine,Kennebec,172,11,0,44.40759555,-69.76738544,23011.0,140.6354761164985,6.395348837209302,161,172,11,0,161,172,122083,0,0,0,0,0
2020-08-18,US,Maine,Knox,28,1,0,44.11486325,-69.10529169,23013.0,70.40128733782561,3.571428571428572,27,28,1,0,27,28,39771,0,0,0,0,0
2020-08-18,US,Maine,Lincoln,35,1,0,44.05996956,-69.54227124,23015.0,101.05676502858464,2.8571428571428568,34,35,1,0,34,35,34342,0,0,0,0,0
2020-08-18,US,Maine,Oxford,59,0,0,44.49952995,-70.75682123,23017.0,101.76800344976284,0.0,59,59,0,0,59,58,57618,0,0,0,0,1
2020-08-18,US,Maine,Penobscot,192,5,0,45.40194593,-68.65020455,23019.0,126.19291742250971,2.6041666666666665,187,191,5,0,186,178,151096,1,0,0,1,13
2020-08-18,US,Maine,Piscataquis,12,0,0,45.83839062,-69.2860223,23021.0,71.49240393208221,0.0,12,12,0,0,12,11,16800,0,0,0,0,1
2020-08-18,US,Maine,Sagadahoc,58,0,0,43.95415864,-69.85074999,23023.0,161.75814368585452,0.0,58,58,0,0,58,58,35634,0,0,0,0,0
2020-08-18,US,Maine,Somerset,40,1,0,45.51229767,-69.95995554,23025.0,79.23302432453845,2.5,39,40,1,0,39,37,50592,0,0,0,0,3
2020-08-18,US,Maine,Unassigned,1,0,0,0.0,0.0,90023.0,0.0,0.0,1,1,0,0,1,2,,0,0,0,0,-1
2020-08-18,US,Maine,Waldo,63,14,0,44.4858305,-69.12061935,23027.0,158.63024046330102,22.222222222222218,49,63,14,0,49,63,39694,0,0,0,0,0
2020-08-18,US,Maine,Washington,15,0,0,45.01607142,-67.62813524,23029.0,47.802670575862855,0.0,15,15,0,0,15,14,31490,0,0,0,0,1
2020-08-18,US,Maine,York,694,13,0,43.47808377,-70.71052375,23031.0,334.23071551379536,1.873198847262248,681,693,13,0,680,689,206229,1,0,0,1,4
2020-08-18,US,Maryland,Allegany,348,19,0,39.62357628,-78.69280486,24001.0,494.2058623040218,5.459770114942528,329,343,19,0,324,341,70975,5,0,0,5,2
2020-08-18,US,Maryland,Anne Arundel,7734,229,0,39.00670238,-76.60329337,24003.0,1335.2116761101731,2.9609516420998188,7505,7700,229,0,7471,7648,576031,34,0,0,34,52
2020-08-18,US,Maryland,Baltimore,14116,576,0,39.45784712,-76.62911955,24005.0,1706.1290595501407,4.080476055539813,13540,14043,574,0,13469,13941,828431,73,2,0,71,102
2020-08-18,US,Maryland,Baltimore City,13566,444,0,39.30211911,-76.61151012,24510.0,2285.800940201183,3.272888102609465,13122,13507,444,0,13063,13425,621342,59,0,0,59,82
2020-08-18,US,Maryland,Calvert,745,28,0,38.53961642,-76.56820632,24009.0,805.1877870845717,3.7583892617449663,717,742,28,0,714,737,92003,3,0,0,3,5
2020-08-18,US,Maryland,Caroline,468,3,0,38.87172293,-75.82904158,24011.0,1400.9459378554748,0.6410256410256411,465,465,3,0,462,461,33304,3,0,0,3,4
2020-08-18,US,Maryland,Carroll,1622,119,0,39.56453592,-77.02373735,24013.0,962.9141510386056,7.336621454993835,1503,1613,119,0,1494,1608,168429,9,0,0,9,5
2020-08-18,US,Maryland,Cecil,738,30,0,39.56647682,-75.94627411,24015.0,717.5149482280881,4.0650406504065035,708,736,30,0,706,726,102826,2,0,0,2,10
2020-08-18,US,Maryland,Charles,2198,93,0,38.51092331,-76.98580666,24017.0,1346.3434952253194,4.231119199272065,2105,2175,93,0,2082,2165,161503,23,0,0,23,10
2020-08-18,US,Maryland,Dorchester,407,5,0,38.45413522,-76.02752426,24019.0,1274.7032478311253,1.2285012285012284,402,413,5,0,408,408,31998,-6,0,0,-6,5
2020-08-18,US,Maryland,Frederick,3247,121,0,39.47296601,-77.39999394,24021.0,1251.025825765661,3.7265167847243608,3126,3231,121,0,3110,3216,255648,16,0,0,16,15
2020-08-18,US,Maryland,Garrett,58,0,0,39.52786077,-79.27355126,24023.0,199.90349486454812,0.0,58,58,0,0,58,58,29163,0,0,0,0,0
2020-08-18,US,Maryland,Harford,2183,69,0,39.55010644,-76.30775940000002,24025.0,854.6004752565171,3.1607879065506186,2114,2167,69,0,2098,2150,253956,16,0,0,16,17
2020-08-18,US,Maryland,Howard,4111,117,0,39.25305293,-76.93126208,24027.0,1262.24323743437,2.8460228654828508,3994,4089,116,0,3973,4071,323196,22,1,0,21,18
2020-08-18,US,Maryland,Kent,249,23,0,39.24976208,-76.04741541,24029.0,1282.051282051282,9.236947791164658,226,246,23,0,223,244,19383,3,0,0,3,2
2020-08-18,US,Maryland,Montgomery,19127,812,0,39.13676329,-77.20358245,24031.0,1820.4262350003048,4.245307680242589,18315,19071,810,0,18261,19003,1052567,56,2,0,54,68
2020-08-18,US,Maryland,Prince George's,24888,769,0,38.83070039,-76.8496441,24033.0,2736.969209096397,3.0898424943747997,24119,24719,768,0,23951,24654,909308,169,1,0,168,65
2020-08-18,US,Maryland,Queen Anne's,493,26,0,39.06198912,-76.03530977,24035.0,978.5434985411168,5.273833671399594,467,487,26,0,461,482,50251,6,0,0,6,5
2020-08-18,US,Maryland,Somerset,155,3,0,38.1163542,-75.75118623,24039.0,605.0905683947533,1.935483870967742,152,154,3,0,151,151,25675,1,0,0,1,3
2020-08-18,US,Maryland,St. Mary's,1064,52,0,38.30058422,-76.60629279999998,24037.0,937.3623469297861,4.887218045112782,1012,1061,52,0,1009,1048,112664,3,0,0,3,13
2020-08-18,US,Maryland,Talbot,424,4,0,38.76618159,-76.10882561,24041.0,1140.3673919475,0.9433962264150944,420,421,4,0,417,420,36968,3,0,0,3,1
2020-08-18,US,Maryland,Unassigned,0,12,0,0.0,0.0,90024.0,0.0,0.0,-12,0,9,0,-9,0,,0,3,0,-3,0
2020-08-18,US,Maryland,Washington,1148,31,0,39.60835778,-77.82002295,24043.0,760.0182722163008,2.7003484320557494,1117,1138,31,0,1107,1125,150926,10,0,0,10,13
2020-08-18,US,Maryland,Wicomico,1410,45,0,38.37301947,-75.62705831,24045.0,1360.885637348107,3.191489361702128,1365,1405,45,0,1360,1401,103195,5,0,0,5,4
2020-08-18,US,Maryland,Worcester,736,20,0,38.21274277,-75.33200012,24047.0,1407.9118524753233,2.717391304347826,716,731,20,0,711,729,51823,5,0,0,5,2
2020-08-18,US,Massachusetts,Barnstable,1803,158,0,41.72980578,-70.28854339,25001.0,846.51861589746,8.763172490293954,1645,1803,158,0,1645,1803,213413,0,0,0,0,0
2020-08-18,US,Massachusetts,Berkshire,667,46,0,42.37428441,-73.20524838,25003.0,533.8391599436547,6.896551724137932,621,667,46,0,621,667,126348,0,0,0,0,0
2020-08-18,US,Massachusetts,Bristol,9408,637,0,41.79228404,-71.10872211,25005.0,1664.4934600339334,6.770833333333332,8771,9408,637,0,8771,9408,564022,0,0,0,0,0
2020-08-18,US,Massachusetts,Dukes and Nantucket,103,1,0,41.40674725,-70.68763497,0.0,358.49778984372284,0.9708737864077671,102,103,1,0,102,103,26707,0,0,0,0,0
2020-08-18,US,Massachusetts,Essex,17930,1194,0,42.6687626,-70.94687179,25009.0,2272.3989080318465,6.659230340211935,16736,17930,1194,0,16736,17930,790638,0,0,0,0,0
2020-08-18,US,Massachusetts,Franklin,411,61,0,42.58119713,-72.58602547,25011.0,585.6369335993161,14.841849148418493,350,411,61,0,350,411,70963,0,0,0,0,0
2020-08-18,US,Massachusetts,Hampden,7637,709,0,42.13440424,-72.63235561,25013.0,1637.5339857452848,9.283750163676837,6928,7637,709,0,6928,7637,470406,0,0,0,0,0
2020-08-18,US,Massachusetts,Hampshire,1184,130,0,42.33997957,-72.65898478,25015.0,736.1810607473732,10.979729729729732,1054,1184,130,0,1054,1184,161355,0,0,0,0,0
2020-08-18,US,Massachusetts,Middlesex,26565,2006,0,42.48607732,-71.39049229,25017.0,1648.26062434735,7.551289290419725,24559,26565,2006,0,24559,26565,1614714,0,0,0,0,0
2020-08-18,US,Massachusetts,Norfolk,10682,997,0,42.16073095,-71.20530408,25021.0,1511.3720773937955,9.333458153903763,9685,10682,997,0,9685,10682,705388,0,0,0,0,0
2020-08-18,US,Massachusetts,Plymouth,9288,723,0,41.94070556,-70.80802823,25023.0,1782.034604625462,7.784237726098191,8565,9288,723,0,8565,9288,518132,0,0,0,0,0
2020-08-18,US,Massachusetts,Suffolk,22017,1076,0,42.327951399999996,-71.07850442,25025.0,2738.749631487224,4.8871326702093825,20941,22017,1076,0,20941,22017,807252,0,0,0,0,0
2020-08-18,US,Massachusetts,Unassigned,2682,103,0,0.0,0.0,90025.0,0.0,3.840417598806861,2579,2460,97,0,2363,2212,,222,6,0,216,248
2020-08-18,US,Massachusetts,Worcester,13686,1007,0,42.35026951,-71.90493363,25027.0,1647.6808945585356,7.3578839690194355,12679,13686,1007,0,12679,13686,830839,0,0,0,0,0
2020-08-18,US,Michigan,Alcona,29,1,0,44.6846864,-83.59507875,26001.0,278.71215761653053,3.4482758620689653,28,29,1,0,28,29,10362,0,0,0,0,0
2020-08-18,US,Michigan,Alger,17,0,0,46.41292944,-86.60260122,26003.0,186.649099692578,0.0,17,17,0,0,17,17,9097,0,0,0,0,0
2020-08-18,US,Michigan,Allegan,573,6,0,42.59147037,-85.89102866,26005.0,485.2601180545558,1.0471204188481675,567,572,6,0,566,571,117327,1,0,0,1,1
2020-08-18,US,Michigan,Alpena,130,14,0,45.03477666,-83.62212411,26007.0,457.6659038901602,10.769230769230768,116,130,13,0,117,129,28360,0,1,0,-1,1
2020-08-18,US,Michigan,Antrim,43,0,0,44.99690221,-85.15503082,26009.0,184.35945806894188,0.0,43,43,0,0,43,43,23365,0,0,0,0,0
2020-08-18,US,Michigan,Arenac,49,3,0,44.0636262,-83.89277559,26011.0,329.23469730565074,6.1224489795918355,46,49,3,0,46,49,15041,0,0,0,0,0
2020-08-18,US,Michigan,Baraga,6,0,0,46.6720582,-88.36363591,26013.0,73.09051041539773,0.0,6,5,0,0,5,5,8320,1,0,0,1,0
2020-08-18,US,Michigan,Barry,198,2,0,42.59513984,-85.30834519,26015.0,321.6896831844029,1.0101010101010102,196,200,2,0,198,198,61157,-2,0,0,-2,2
2020-08-18,US,Michigan,Bay,723,35,0,43.70639106,-83.98731479,26017.0,701.0841106995326,4.840940525587828,688,712,35,0,677,707,103923,11,0,0,11,5
2020-08-18,US,Michigan,Benzie,37,1,0,44.63899297,-86.01608482,26019.0,208.26297422042103,2.702702702702702,36,35,1,0,34,36,17753,2,0,0,2,-1
2020-08-18,US,Michigan,Berrien,1472,69,0,41.95447397,-86.41313079999998,26021.0,959.5765347031636,4.6875,1403,1467,68,0,1399,1462,154141,5,1,0,4,5
2020-08-18,US,Michigan,Branch,387,2,0,41.91600556,-85.05929476,26023.0,889.3076269044283,0.5167958656330749,385,383,2,0,381,382,43622,4,0,0,4,1
2020-08-18,US,Michigan,Calhoun,853,43,0,42.24633834,-85.00493569,26025.0,635.8127296715091,5.041031652989449,810,849,43,0,806,839,134487,4,0,0,4,10
2020-08-18,US,Michigan,Cass,369,15,0,41.91522292,-85.99405727,26027.0,712.5340336377858,4.0650406504065035,354,363,15,0,348,361,51653,6,0,0,6,2
2020-08-18,US,Michigan,Charlevoix,58,2,0,45.37790017,-85.19614053,26029.0,221.85671116551282,3.4482758620689653,56,58,2,0,56,54,26244,0,0,0,0,4
2020-08-18,US,Michigan,Cheboygan,57,2,0,45.44787015,-84.50122149,26031.0,225.5103655641716,3.5087719298245608,55,57,2,0,55,56,25413,0,0,0,0,1
2020-08-18,US,Michigan,Chippewa,47,0,0,46.29552653,-84.54353449,26033.0,125.84004926504056,0.0,47,44,0,0,44,44,37517,3,0,0,3,0
2020-08-18,US,Michigan,Clare,88,3,0,43.98794227,-84.84819859999998,26035.0,284.32956381260095,3.4090909090909087,85,84,3,0,81,81,30757,4,0,0,4,3
2020-08-18,US,Michigan,Clinton,443,13,0,42.94400871,-84.60145248,26037.0,556.5676235944469,2.9345372460496613,430,440,13,0,427,439,79332,3,0,0,3,1
2020-08-18,US,Michigan,Crawford,111,5,0,44.68255561,-84.61006219,26039.0,791.2181908902986,4.504504504504505,106,110,5,0,105,110,13901,1,0,0,1,0
2020-08-18,US,Michigan,Delta,116,3,0,45.90484910000001,-86.9080745,26041.0,324.1672255756763,2.586206896551724,113,116,3,0,113,114,35857,0,0,0,0,2
2020-08-18,US,Michigan,Dickinson,60,2,0,46.00999672,-87.86961634,26043.0,237.72732675621063,3.333333333333333,58,59,2,0,57,60,25383,1,0,0,1,-1
2020-08-18,US,Michigan,Eaton,476,8,0,42.59599185,-84.83740035,26045.0,431.6755541045453,1.680672268907563,468,474,8,0,466,473,109826,2,0,0,2,1
2020-08-18,US,Michigan,Emmet,85,2,0,45.52625509,-84.89083249,26047.0,254.3767768966033,2.3529411764705883,83,79,2,0,77,74,33308,6,0,0,6,5
2020-08-18,US,Michigan,Federal Correctional Institution (FCI),195,5,0,0.0,0.0,0.0,0.0,2.5641025641025643,190,195,5,0,190,195,,0,0,0,0,0
2020-08-18,US,Michigan,Genesee,3771,298,0,43.02244215,-83.70589709,26049.0,929.2457363366873,7.902413153009813,3473,3758,298,0,3460,3741,406892,13,0,0,13,17
2020-08-18,US,Michigan,Gladwin,70,2,0,43.98901072,-84.38774817,26051.0,275.05992376910683,2.8571428571428568,68,68,2,0,66,68,25337,2,0,0,2,0
2020-08-18,US,Michigan,Gogebic,137,1,0,46.40862701,-89.69377193,26053.0,980.3220035778177,0.7299270072992701,136,135,1,0,134,135,15096,2,0,0,2,0
2020-08-18,US,Michigan,Grand Traverse,245,5,0,44.69565625,-85.55585247,26055.0,263.19181849432795,2.0408163265306123,240,245,5,0,240,240,92573,0,0,0,0,5
2020-08-18,US,Michigan,Gratiot,168,15,0,43.29265605,-84.60505416,26057.0,412.6648817272973,8.928571428571429,153,166,15,0,151,166,40599,2,0,0,2,0
2020-08-18,US,Michigan,Hillsdale,283,25,0,41.88753639,-84.59312019,26059.0,620.5459927639513,8.8339222614841,258,283,25,0,258,283,45749,0,0,0,0,0
2020-08-18,US,Michigan,Houghton,55,0,0,46.89988536,-88.68495385,26061.0,154.1307028360049,0.0,55,55,0,0,55,54,36219,0,0,0,0,1
2020-08-18,US,Michigan,Huron,178,4,0,43.83353985,-83.04078453,26063.0,574.5456892934379,2.247191011235955,174,176,4,0,172,173,31166,2,0,0,2,3
2020-08-18,US,Michigan,Ingham,1640,33,0,42.59716886,-84.37472069,26065.0,560.8640041586013,2.0121951219512195,1607,1641,33,0,1608,1624,292735,-1,0,0,-1,17
2020-08-18,US,Michigan,Ionia,277,7,0,42.94502238,-85.07413319,26067.0,428.1496823654883,2.527075812274368,270,277,7,0,270,277,64210,0,0,0,0,0
2020-08-18,US,Michigan,Iosco,138,12,0,44.35486835,-83.63484895,26069.0,549.2100131332828,8.695652173913043,126,136,12,0,124,136,25081,2,0,0,2,0
2020-08-18,US,Michigan,Iron,23,1,0,46.20974132,-88.53136251,26071.0,207.84384601482017,4.3478260869565215,22,24,1,0,23,23,11117,-1,0,0,-1,1
2020-08-18,US,Michigan,Isabella,228,9,0,43.64060976,-84.84664923,26073.0,326.310968628349,3.947368421052632,219,227,9,0,218,225,70562,1,0,0,1,2
2020-08-18,US,Michigan,Jackson,748,36,0,42.24807035,-84.42258681,26075.0,471.8945176960444,4.81283422459893,712,745,35,0,710,742,158823,3,1,0,2,3
2020-08-18,US,Michigan,Kalamazoo,1765,86,0,42.24542231,-85.53038622,26077.0,665.8718960560767,4.8725212464589225,1679,1754,86,0,1668,1746,264870,11,0,0,11,8
2020-08-18,US,Michigan,Kalkaska,56,4,0,44.68512729,-85.09085699,26079.0,310.45570462357244,7.142857142857142,52,56,4,0,52,56,17824,0,0,0,0,0
2020-08-18,US,Michigan,Kent,7843,158,0,43.03197711,-85.54934642,26081.0,1193.841282888478,2.0145352543669515,7685,7802,158,0,7644,7777,653786,41,0,0,41,25
2020-08-18,US,Michigan,Keweenaw,2,0,0,47.63197653,-88.41434263,26083.0,94.5179584120983,0.0,2,3,0,0,3,4,2113,-1,0,0,-1,-1
2020-08-18,US,Michigan,Lake,29,0,0,43.99050893,-85.802173,26085.0,244.6637981945499,0.0,29,28,0,0,28,27,11881,1,0,0,1,1
2020-08-18,US,Michigan,Lapeer,508,33,0,43.09052506,-83.22153148,26087.0,579.8623397673701,6.496062992125983,475,506,33,0,473,498,88028,2,0,0,2,8
2020-08-18,US,Michigan,Leelanau,76,0,0,44.94430054,-85.80150326,26089.0,349.2486558522126,0.0,76,76,0,0,76,75,21764,0,0,0,0,1
2020-08-18,US,Michigan,Lenawee,478,13,0,41.89475156,-84.06603727,26091.0,485.52071588912247,2.719665271966527,465,476,13,0,463,476,98266,2,0,0,2,0
2020-08-18,US,Michigan,Livingston,935,29,0,42.60302282,-83.91297209,26093.0,486.9918487460611,3.1016042780748663,906,923,28,0,895,917,191224,12,1,0,11,6
2020-08-18,US,Michigan,Luce,4,0,0,46.47227431,-85.54471223,26095.0,64.21576497030021,0.0,4,4,0,0,4,4,6283,0,0,0,0,0
2020-08-18,US,Michigan,Mackinac,28,0,0,46.07028979,-85.04980537,26097.0,259.28326696916383,0.0,28,27,0,0,27,27,10787,1,0,0,1,0
2020-08-18,US,Michigan,Macomb,11484,956,0,42.69158356,-82.92752801,26099.0,1314.0009062075214,8.324625566004876,10528,11405,955,0,10450,11316,874759,79,1,0,78,89
2020-08-18,US,Michigan,Manistee,43,1,0,44.33352407,-86.05626916,26101.0,175.09569183158237,2.3255813953488373,42,43,1,0,42,42,24528,0,0,0,0,1
2020-08-18,US,Michigan,Marquette,210,11,0,46.4338914,-87.64043701,26103.0,314.84729905995584,5.238095238095238,199,196,11,0,185,196,66516,14,0,0,14,0
2020-08-18,US,Michigan,Mason,107,0,0,43.99509218,-86.24988902,26105.0,367.1424650013725,0.0,107,107,0,0,107,107,29100,0,0,0,0,0
2020-08-18,US,Michigan,Mecosta,76,2,0,43.64064262,-85.32463223,26107.0,174.90161783996498,2.631578947368421,74,74,2,0,72,74,43545,2,0,0,2,0
2020-08-18,US,Michigan,Menominee,196,0,0,45.58038692,-87.55370409,26109.0,860.4038630377522,0.0,196,182,0,0,182,181,22983,14,0,0,14,1
2020-08-18,US,Michigan,Michigan Department of Corrections (MDOC),4901,69,0,0.0,0.0,0.0,0.0,1.4078759436849622,4832,4899,69,0,4830,4894,,2,0,0,2,5
2020-08-18,US,Michigan,Midland,362,10,0,43.64330771,-84.38804374,26111.0,435.32637452498915,2.7624309392265194,352,360,10,0,350,358,83209,2,0,0,2,2
2020-08-18,US,Michigan,Missaukee,42,1,0,44.33772443,-85.09256478,26113.0,277.81452573091684,2.380952380952381,41,42,1,0,41,42,15113,0,0,0,0,0
2020-08-18,US,Michigan,Monroe,1094,24,0,41.92734151,-83.53749864,26115.0,726.9102990033223,2.1937842778793417,1070,1074,23,0,1051,1064,150439,20,1,0,19,10
2020-08-18,US,Michigan,Montcalm,207,3,0,43.31082541,-85.15252824,26117.0,324.0045078888054,1.4492753623188406,204,204,3,0,201,204,63968,3,0,0,3,0
2020-08-18,US,Michigan,Montmorency,8,0,0,45.0275929,-84.12696227,26119.0,85.76329331046313,0.0,8,8,0,0,8,8,9265,0,0,0,0,0
2020-08-18,US,Michigan,Muskegon,1238,63,0,43.29123859,-86.15176712,26121.0,713.2733369438713,5.088852988691438,1175,1227,63,0,1164,1222,173588,11,0,0,11,5
2020-08-18,US,Michigan,Newaygo,275,0,0,43.554373999999996,-85.80070107,26123.0,561.4536545528787,0.0,275,268,0,0,268,266,48892,7,0,0,7,2
2020-08-18,US,Michigan,Oakland,16639,1144,0,42.66090111,-83.38595416,26125.0,1323.09253298388,6.875413185888576,15495,16547,1142,0,15405,16469,1259201,92,2,0,90,78
2020-08-18,US,Michigan,Oceana,490,6,0,43.64124435,-86.26726673,26127.0,1851.3620735255224,1.2244897959183674,484,488,6,0,482,485,26625,2,0,0,2,3
2020-08-18,US,Michigan,Ogemaw,54,3,0,44.33481032,-84.12725175,26129.0,257.17959708529787,5.5555555555555545,51,55,3,0,52,54,20952,-1,0,0,-1,1
2020-08-18,US,Michigan,Ontonagon,30,0,0,46.665226200000006,-89.31390481,26131.0,524.4755244755245,0.0,30,29,0,0,29,26,5795,1,0,0,1,3
2020-08-18,US,Michigan,Osceola,71,0,0,43.98992088,-85.32566756,26133.0,302.64279624893436,0.0,71,71,0,0,71,71,23341,0,0,0,0,0
2020-08-18,US,Michigan,Oscoda,29,1,0,44.68192279,-84.12939244,26135.0,351.8990413784735,3.4482758620689653,28,27,1,0,26,26,8276,2,0,0,2,1
2020-08-18,US,Michigan,Otsego,136,11,0,45.02085831,-84.59898295,26137.0,551.3215501864763,8.088235294117647,125,136,11,0,125,136,24665,0,0,0,0,0
2020-08-18,US,Michigan,Ottawa,1943,59,0,42.95996803,-85.9969107,26139.0,665.7985813658637,3.0365414307771488,1884,1930,59,0,1871,1926,290494,13,0,0,13,4
2020-08-18,US,Michigan,Out of MI,128,1,0,0.0,0.0,80026.0,0.0,0.78125,127,128,1,0,127,127,,0,0,0,0,1
2020-08-18,US,Michigan,Presque Isle,21,1,0,45.34018577,-83.91498656,26141.0,166.77255400254128,4.761904761904762,20,21,1,0,20,21,12738,0,0,0,0,0
2020-08-18,US,Michigan,Roscommon,59,2,0,44.33473082,-84.61067651,26143.0,245.63886922852745,3.3898305084745757,57,58,2,0,56,57,23884,1,0,0,1,1
2020-08-18,US,Michigan,Saginaw,2211,128,0,43.33433923,-84.05131209999998,26145.0,1160.3923606190856,5.789235639981909,2083,2188,128,0,2060,2178,190800,23,0,0,23,10
2020-08-18,US,Michigan,Sanilac,117,6,0,43.42406072,-82.82055898,26151.0,284.187515180957,5.128205128205129,111,117,6,0,111,115,41182,0,0,0,0,2
2020-08-18,US,Michigan,Schoolcraft,14,0,0,46.19235734,-86.19972234,26153.0,172.96763034346432,0.0,14,13,0,0,13,13,8068,1,0,0,1,0
2020-08-18,US,Michigan,Shiawassee,361,29,0,42.95392800000001,-84.14585902,26155.0,529.9315933178709,8.033240997229917,332,354,28,0,326,354,68192,7,1,0,6,0
2020-08-18,US,Michigan,St. Clair,847,53,0,42.92655373,-82.67937954,26147.0,532.2759036750289,6.257378984651713,794,842,53,0,789,841,159337,5,0,0,5,1
2020-08-18,US,Michigan,St. Joseph,636,10,0,41.91441767,-85.52797979,26149.0,1043.238632635654,1.572327044025157,626,637,10,0,627,622,61043,-1,0,0,-1,15
2020-08-18,US,Michigan,Tuscola,391,29,0,43.46606813,-83.41897025,26157.0,748.3969757871566,7.41687979539642,362,386,29,0,357,385,52516,5,0,0,5,1
2020-08-18,US,Michigan,Unassigned,23,1,0,0.0,0.0,90026.0,0.0,4.3478260869565215,22,15,1,0,14,15,,8,0,0,8,0
2020-08-18,US,Michigan,Van Buren,514,13,0,42.25190229,-86.01939087,26159.0,679.2023996722914,2.5291828793774314,501,509,13,0,496,508,75448,5,0,0,5,1
2020-08-18,US,Michigan,Washtenaw,2669,115,0,42.253105,-83.83853204,26161.0,726.0589606665923,4.308729861371299,2554,2657,114,0,2543,2651,370963,12,1,0,11,6
2020-08-18,US,Michigan,Wayne,29394,2845,0,42.28098405,-83.281255,26163.0,1680.2879709696726,9.67884602299789,26549,29217,2839,0,26378,29111,1753893,177,6,0,171,106
2020-08-18,US,Michigan,Wexford,75,4,0,44.33853602,-85.57712739,26165.0,223.00853379322646,5.333333333333333,71,74,4,0,70,72,33466,1,0,0,1,2
2020-08-18,US,Minnesota,Aitkin,44,1,0,46.60962049,-93.41168259999999,27001.0,276.97343572957317,2.272727272727273,43,44,1,0,43,42,15902,0,0,0,0,2
2020-08-18,US,Minnesota,Anoka,4096,116,0,45.27476015,-93.24604565,27003.0,1147.5928846999755,2.83203125,3980,4064,115,0,3949,4013,353813,32,1,0,31,51
2020-08-18,US,Minnesota,Becker,167,1,0,46.93479392,-95.67158144,27005.0,485.1407489178747,0.5988023952095808,166,166,1,0,165,165,34371,1,0,0,1,1
2020-08-18,US,Minnesota,Beltrami,279,1,0,47.97373527,-94.93732139,27007.0,591.2520132237007,0.35842293906810035,278,275,1,0,274,271,46847,4,0,0,4,4
2020-08-18,US,Minnesota,Benton,338,3,0,45.69804958,-93.99514135,27009.0,826.6281885103572,0.8875739644970414,335,332,3,0,329,332,40545,6,0,0,6,0
2020-08-18,US,Minnesota,Big Stone,26,0,0,45.42712824,-96.41403739,27011.0,520.9376878381086,0.0,26,25,0,0,25,25,4989,1,0,0,1,0
2020-08-18,US,Minnesota,Blue Earth,998,5,0,44.03554215,-94.06699781,27013.0,1475.1747889967926,0.501002004008016,993,994,5,0,989,982,67427,4,0,0,4,12
2020-08-18,US,Minnesota,Brown,99,2,0,44.24205652,-94.72562874,27015.0,395.87332053742796,2.0202020202020203,97,99,2,0,97,99,25111,0,0,0,0,0
2020-08-18,US,Minnesota,Carlton,158,1,0,46.59180601,-92.67601019,27017.0,440.46722979565664,0.6329113924050633,157,158,1,0,157,156,35837,0,0,0,0,2
2020-08-18,US,Minnesota,Carver,973,4,0,44.82017001,-93.80099179999999,27019.0,925.8818715564903,0.4110996916752313,969,964,3,0,961,954,103551,9,1,0,8,10
2020-08-18,US,Minnesota,Cass,83,3,0,46.95043611,-94.32603968,27021.0,278.71990328755163,3.614457831325301,80,81,3,0,78,80,29519,2,0,0,2,1
2020-08-18,US,Minnesota,Chippewa,126,1,0,45.02343421,-95.56403693,27023.0,1067.7966101694915,0.7936507936507936,125,124,1,0,123,124,11924,2,0,0,2,0
2020-08-18,US,Minnesota,Chisago,227,1,0,45.5021011,-92.90861945,27025.0,401.20892910797295,0.4405286343612335,226,221,1,0,220,214,55922,6,0,0,6,7
2020-08-18,US,Minnesota,Clay,799,40,0,46.89289518,-96.48761922,27027.0,1244.1219519790725,5.006257822277847,759,799,40,0,759,797,63955,0,0,0,0,2
2020-08-18,US,Minnesota,Clearwater,14,0,0,47.57992111,-95.37790562,27029.0,158.76616012701294,0.0,14,14,0,0,14,14,8810,0,0,0,0,0
2020-08-18,US,Minnesota,Cook,6,0,0,47.90504893,-90.52629546,27031.0,109.82976386600771,0.0,6,6,0,0,6,6,5393,0,0,0,0,0
2020-08-18,US,Minnesota,Cottonwood,188,0,0,44.00715262,-95.18138802,27033.0,1679.1711325473386,0.0,188,187,0,0,187,182,11277,1,0,0,1,5
2020-08-18,US,Minnesota,Crow Wing,272,14,0,46.48096553,-94.06755609,27035.0,418.1077549765583,5.147058823529412,258,271,14,0,257,268,64889,1,0,0,1,3
2020-08-18,US,Minnesota,Dakota,4921,106,0,44.67172617,-93.06299363,27037.0,1147.0300987597345,2.154033732981101,4815,4881,106,0,4775,4810,425423,40,0,0,40,71
2020-08-18,US,Minnesota,Dodge,141,0,0,44.02238415,-92.86244324,27039.0,673.5454284895385,0.0,141,137,0,0,137,137,20822,4,0,0,4,0
2020-08-18,US,Minnesota,Douglas,147,1,0,45.93348491,-95.45335469,27041.0,385.4120238064026,0.6802721088435374,146,147,1,0,146,147,37964,0,0,0,0,0
2020-08-18,US,Minnesota,Faribault,96,0,0,43.67381499,-93.94787458,27043.0,703.1421665568007,0.0,96,96,0,0,96,95,13758,0,0,0,0,1
2020-08-18,US,Minnesota,Fillmore,77,0,0,43.67394126,-92.08980382,27045.0,365.50054587743864,0.0,77,76,0,0,76,74,21058,1,0,0,1,2
2020-08-18,US,Minnesota,Freeborn,374,1,0,43.67385583,-93.34884422,27047.0,1235.0979161850667,0.26737967914438504,373,370,1,0,369,367,30444,4,0,0,4,3
2020-08-18,US,Minnesota,Goodhue,217,9,0,44.40849741,-92.72341949999999,27049.0,468.2779456193354,4.147465437788019,208,215,9,0,206,213,46403,2,0,0,2,2
2020-08-18,US,Minnesota,Grant,57,4,0,45.93424769,-96.01139609,27051.0,954.4541192230407,7.0175438596491215,53,57,4,0,53,57,6021,0,0,0,0,0
2020-08-18,US,Minnesota,Hennepin,20722,851,0,45.00761521,-93.47694895,27053.0,1637.0118569206452,4.106746453045073,19871,20625,851,0,19774,20469,1259428,97,0,0,97,156
2020-08-18,US,Minnesota,Houston,60,0,0,43.67129565,-91.49143057,27055.0,322.5806451612903,0.0,60,59,0,0,59,57,18578,1,0,0,1,2
2020-08-18,US,Minnesota,Hubbard,37,0,0,47.10778564,-94.91693868,27057.0,172.16509236424545,0.0,37,37,0,0,37,37,21332,0,0,0,0,0
2020-08-18,US,Minnesota,Isanti,148,0,0,45.56181234,-93.29487636,27059.0,364.5679377278548,0.0,148,148,0,0,148,147,39966,0,0,0,0,1
2020-08-18,US,Minnesota,Itasca,150,12,0,47.51009045,-93.63092229,27061.0,332.37314424994463,8.0,138,148,12,0,136,147,45108,2,0,0,2,1
2020-08-18,US,Minnesota,Jackson,85,0,0,43.67423373,-95.15398258,27063.0,863.2947389802965,0.0,85,84,0,0,84,83,9911,1,0,0,1,1
2020-08-18,US,Minnesota,Kanabec,45,3,0,45.9459309,-93.29275192,27065.0,275.44836873354956,6.666666666666668,42,43,3,0,40,41,16207,2,0,0,2,2
2020-08-18,US,Minnesota,Kandiyohi,742,1,0,45.1526059,-95.00586446,27067.0,1717.6323526007548,0.1347708894878706,741,739,1,0,738,739,42855,3,0,0,3,0
2020-08-18,US,Minnesota,Kittson,3,0,0,48.77754106,-96.78317184,27069.0,69.79990693345742,0.0,3,3,0,0,3,3,4248,0,0,0,0,0
2020-08-18,US,Minnesota,Koochiching,84,3,0,48.24539665,-93.78352843,27071.0,686.89181453921,3.571428571428572,81,84,3,0,81,84,12440,0,0,0,0,0
2020-08-18,US,Minnesota,Lac qui Parle,10,0,0,44.9973857,-96.17488219,27073.0,150.98897780462028,0.0,10,10,0,0,10,10,6658,0,0,0,0,0
2020-08-18,US,Minnesota,Lake,25,0,0,47.64270764,-91.44557998,27075.0,234.9403251574101,0.0,25,25,0,0,25,25,10658,0,0,0,0,0
2020-08-18,US,Minnesota,Lake of the Woods,7,0,0,48.77217001,-94.90274472,27077.0,187.16577540106945,0.0,7,7,0,0,7,7,3758,0,0,0,0,0
2020-08-18,US,Minnesota,Le Sueur,259,2,0,44.37136597,-93.72844721,27079.0,896.5970851940317,0.7722007722007722,257,255,2,0,253,248,28494,4,0,0,4,7
2020-08-18,US,Minnesota,Lincoln,61,0,0,44.41311883,-96.26688165,27081.0,1081.752083702784,0.0,61,61,0,0,61,61,5673,0,0,0,0,0
2020-08-18,US,Minnesota,Lyon,432,3,0,44.41327865,-95.83806103,27083.0,1695.8467457014997,0.6944444444444444,429,432,3,0,429,430,25629,0,0,0,0,2
2020-08-18,US,Minnesota,Mahnomen,29,1,0,47.32557075,-95.80921485,27087.0,524.6969422833364,3.4482758620689653,28,28,1,0,27,28,5519,1,0,0,1,0
2020-08-18,US,Minnesota,Marshall,30,0,0,48.35825983,-96.37017407,27089.0,321.3367609254499,0.0,30,30,0,0,30,30,9390,0,0,0,0,0
2020-08-18,US,Minnesota,Martin,212,6,0,43.67429718,-94.55099908,27091.0,1077.0715846161663,2.830188679245283,206,212,6,0,206,211,19785,0,0,0,0,1
2020-08-18,US,Minnesota,McLeod,278,0,0,44.82367677,-94.27287017,27085.0,774.5242805003761,0.0,278,271,0,0,271,260,35873,7,0,0,7,11
2020-08-18,US,Minnesota,Meeker,91,2,0,45.12328869,-94.52839455,27093.0,391.86977865816897,2.1978021978021984,89,90,2,0,88,90,23141,1,0,0,1,0
2020-08-18,US,Minnesota,Mille Lacs,79,3,0,45.93705297,-93.63236823,27095.0,300.6431480001522,3.79746835443038,76,79,3,0,76,78,26139,0,0,0,0,1
2020-08-18,US,Minnesota,Morrison,102,1,0,46.01265363,-94.27341528,27097.0,305.5172826933445,0.9803921568627452,101,104,1,0,103,103,33169,-2,0,0,-2,1
2020-08-18,US,Minnesota,Mower,1128,3,0,43.67142874,-92.75234549,27099.0,2815.635764564925,0.26595744680851063,1125,1126,2,0,1124,1126,40011,2,1,0,1,0
2020-08-18,US,Minnesota,Murray,130,1,0,44.02216709,-95.76328482,27101.0,1586.526726873322,0.7692307692307693,129,129,1,0,128,129,8276,1,0,0,1,0
2020-08-18,US,Minnesota,Nicollet,384,13,0,44.35291112,-94.24710352,27103.0,1120.3827974557973,3.3854166666666665,371,378,13,0,365,375,34220,6,0,0,6,3
2020-08-18,US,Minnesota,Nobles,1801,11,0,43.67434621,-95.75329576,27105.0,8326.783485135697,0.6107717934480844,1790,1799,9,0,1790,1792,21924,2,2,0,0,7
2020-08-18,US,Minnesota,Norman,43,0,0,47.32628443,-96.45620947,27107.0,674.5098039215686,0.0,43,43,0,0,43,40,6475,0,0,0,0,3
2020-08-18,US,Minnesota,Olmsted,1851,23,0,44.00374114,-92.40209944,27109.0,1169.3505082347292,1.242571582928147,1828,1843,23,0,1820,1835,156277,8,0,0,8,8
2020-08-18,US,Minnesota,Otter Tail,227,4,0,46.40846929,-95.70835255,27111.0,386.4092874408471,1.7621145374449338,223,223,4,0,219,217,58812,4,0,0,4,6
2020-08-18,US,Minnesota,Pennington,75,1,0,48.06642577,-96.0370814,27113.0,531.1990934202139,1.3333333333333333,74,75,1,0,74,75,14178,0,0,0,0,0
2020-08-18,US,Minnesota,Pine,132,0,0,46.12105238,-92.74070188,27115.0,446.26255113425066,0.0,132,133,0,0,133,132,29483,-1,0,0,-1,1
2020-08-18,US,Minnesota,Pipestone,165,9,0,44.02301619,-96.25841142,27117.0,1808.0210387902691,5.454545454545454,156,164,9,0,155,163,9047,1,0,0,1,1
2020-08-18,US,Minnesota,Polk,161,4,0,47.77372465,-96.40134647,27119.0,513.3273817115163,2.4844720496894412,157,161,4,0,157,161,31529,0,0,0,0,0
2020-08-18,US,Minnesota,Pope,49,0,0,45.58606667,-95.44451209,27121.0,435.5942750466708,0.0,49,48,0,0,48,48,11097,1,0,0,1,0
2020-08-18,US,Minnesota,Ramsey,8170,275,0,45.01625271,-93.09872295,27123.0,1484.5880858626147,3.3659730722154224,7895,8132,274,0,7858,8054,550210,38,1,0,37,78
2020-08-18,US,Minnesota,Red Lake,26,0,0,47.87197525,-96.09561104,27125.0,641.1837237977805,0.0,26,26,0,0,26,26,3999,0,0,0,0,0
2020-08-18,US,Minnesota,Redwood,38,0,0,44.40555844,-95.25207021,27127.0,250.49439683586024,0.0,38,38,0,0,38,38,15249,0,0,0,0,0
2020-08-18,US,Minnesota,Renville,69,5,0,44.72836381,-94.94553734,27129.0,474.2919989001925,7.246376811594202,64,69,5,0,64,69,14612,0,0,0,0,0
2020-08-18,US,Minnesota,Rice,1073,8,0,44.3543376,-93.29658715,27131.0,1602.162097593024,0.7455731593662628,1065,1067,8,0,1059,1065,66523,6,0,0,6,2
2020-08-18,US,Minnesota,Rock,90,0,0,43.67482683,-96.25296832,27133.0,966.1835748792273,0.0,90,90,0,0,90,90,9414,0,0,0,0,0
2020-08-18,US,Minnesota,Roseau,57,0,0,48.77501878,-95.81079919,27135.0,375.8654797230465,0.0,57,56,0,0,56,56,15150,1,0,0,1,0
2020-08-18,US,Minnesota,Scott,1750,25,0,44.6490231,-93.53340251,27139.0,1174.3941803735245,1.4285714285714286,1725,1734,24,0,1710,1717,147381,16,1,0,15,17
2020-08-18,US,Minnesota,Sherburne,787,11,0,45.44447208,-93.77617511,27141.0,809.3543676340526,1.397712833545108,776,782,10,0,772,780,96036,5,1,0,4,2
2020-08-18,US,Minnesota,Sibley,93,2,0,44.5796592,-94.23164924,27143.0,625.6306760847629,2.150537634408602,91,91,2,0,89,89,15028,2,0,0,2,2
2020-08-18,US,Minnesota,St. Louis,681,21,0,47.604840700000004,-92.46879855,27137.0,342.09072185663337,3.0837004405286343,660,677,21,0,656,670,199754,4,0,0,4,7
2020-08-18,US,Minnesota,Stearns,2973,21,0,45.55192576,-94.61078221,27145.0,1845.72404159553,0.7063572149344097,2952,2962,21,0,2941,2957,159256,11,0,0,11,5
2020-08-18,US,Minnesota,Steele,371,2,0,44.02240351,-93.22627088,27147.0,1012.3059292204424,0.5390835579514824,369,369,2,0,367,367,36803,2,0,0,2,2
2020-08-18,US,Minnesota,Stevens,22,0,0,45.58613007,-96.00163705,27149.0,224.37531871494136,0.0,22,22,0,0,22,22,9753,0,0,0,0,0
2020-08-18,US,Minnesota,Swift,58,1,0,45.2829032,-95.68264092,27151.0,625.9443125404705,1.7241379310344829,57,58,1,0,57,58,9345,0,0,0,0,0
2020-08-18,US,Minnesota,Todd,436,2,0,46.06996226,-94.89785296,27153.0,1767.758676613688,0.4587155963302753,434,435,2,0,433,435,24582,1,0,0,1,0
2020-08-18,US,Minnesota,Traverse,17,0,0,45.77298854,-96.47062949,27155.0,521.6324025774777,0.0,17,16,0,0,16,16,3308,1,0,0,1,0
2020-08-18,US,Minnesota,Unassigned,148,46,0,0.0,0.0,90027.0,0.0,31.08108108108108,102,148,46,0,102,146,,0,0,0,0,2
2020-08-18,US,Minnesota,Wabasha,101,0,0,44.28424356,-92.23121312,27157.0,467.0088315531512,0.0,101,101,0,0,101,101,21645,0,0,0,0,0
2020-08-18,US,Minnesota,Wadena,30,0,0,46.58589171,-94.96968506,27159.0,219.2661891536325,0.0,30,30,0,0,30,29,13773,0,0,0,0,1
2020-08-18,US,Minnesota,Waseca,180,1,0,44.02211116,-93.58720034,27161.0,967.117988394584,0.5555555555555556,179,172,1,0,171,169,18691,8,0,0,8,3
2020-08-18,US,Minnesota,Washington,2404,48,0,45.03864533,-92.88429635,27163.0,916.0188995579942,1.9966722129783692,2356,2392,48,0,2344,2354,259201,12,0,0,12,38
2020-08-18,US,Minnesota,Watonwan,394,3,0,43.97823903,-94.61413846,27165.0,3615.674038726255,0.7614213197969543,391,393,2,0,391,391,10980,1,1,0,0,2
2020-08-18,US,Minnesota,Wilkin,39,3,0,46.35721532,-96.4684375,27167.0,628.3228612856452,7.6923076923076925,36,39,3,0,36,39,6254,0,0,0,0,0
2020-08-18,US,Minnesota,Winona,279,17,0,43.98772283,-91.78081305,27169.0,552.6503446636558,6.093189964157706,262,279,17,0,262,279,50825,0,0,0,0,0
2020-08-18,US,Minnesota,Wright,990,5,0,45.17297924,-93.96234781,27171.0,715.4368139213885,0.5050505050505051,985,985,5,0,980,976,136349,5,0,0,5,9
2020-08-18,US,Minnesota,Yellow Medicine,56,0,0,44.71710183,-95.86842453,27173.0,576.7844268204758,0.0,56,54,0,0,54,54,9795,2,0,0,2,0
2020-08-18,US,Mississippi,Adams,679,28,0,31.47669768,-91.35326037,28001.0,2212.230801811488,4.123711340206185,651,669,28,0,641,668,31192,10,0,0,10,1
2020-08-18,US,Mississippi,Alcorn,465,6,0,34.88084463,-88.57996173,28003.0,1258.3552079668766,1.2903225806451613,459,457,5,0,452,457,36925,8,1,0,7,0
2020-08-18,US,Mississippi,Amite,252,6,0,31.17467303,-90.80501621,28005.0,2049.2803122712853,2.380952380952381,246,249,6,0,243,248,12326,3,0,0,3,1
2020-08-18,US,Mississippi,Attala,553,25,0,33.08658803,-89.57838564,28007.0,3042.8084076152745,4.520795660036167,528,551,25,0,526,551,18365,2,0,0,2,0
2020-08-18,US,Mississippi,Benton,169,1,0,34.81681228,-89.18945516,28009.0,2046.2525729507208,0.591715976331361,168,167,1,0,166,166,8271,2,0,0,2,1
2020-08-18,US,Mississippi,Bolivar,1251,41,0,33.79696941,-90.87372121,28011.0,4084.49784510905,3.2773780975219826,1210,1224,40,0,1184,1221,31333,27,1,0,26,3
2020-08-18,US,Mississippi,Calhoun,437,9,0,33.93683395,-89.33686647,28013.0,3042.963581923265,2.059496567505721,428,435,9,0,426,433,14436,2,0,0,2,2
2020-08-18,US,Mississippi,Carroll,268,11,0,33.44834567,-89.91994479,28015.0,2694.2796823162757,4.104477611940299,257,268,11,0,257,267,9911,0,0,0,0,1
2020-08-18,US,Mississippi,Chickasaw,518,19,0,33.91983202,-88.9481545,28017.0,3028.708413728585,3.667953667953668,499,513,19,0,494,513,17171,5,0,0,5,0
2020-08-18,US,Mississippi,Choctaw,143,4,0,33.34598242,-89.24809382,28019.0,1741.7783191230205,2.797202797202797,139,141,4,0,137,141,8278,2,0,0,2,0
2020-08-18,US,Mississippi,Claiborne,416,15,0,31.97061673,-90.90702196,28021.0,4628.3934134401425,3.6057692307692313,401,414,14,0,400,414,9002,2,1,0,1,0
2020-08-18,US,Mississippi,Clarke,375,28,0,32.04158545,-88.68896219999998,28023.0,2412.9721382150437,7.466666666666668,347,372,28,0,344,369,15604,3,0,0,3,3
2020-08-18,US,Mississippi,Clay,430,14,0,33.65358105,-88.77784255,28025.0,2226.133775108718,3.255813953488372,416,420,14,0,406,417,19386,10,0,0,10,3
2020-08-18,US,Mississippi,Coahoma,834,14,0,34.22772299,-90.60415045,28027.0,3769.661905622853,1.6786570743405276,820,830,13,0,817,817,22628,4,1,0,3,13
2020-08-18,US,Mississippi,Copiah,991,30,0,31.86977774,-90.44565118,28029.0,3531.0885444503833,3.0272452068617564,961,987,30,0,957,985,28543,4,0,0,4,2
2020-08-18,US,Mississippi,Covington,672,17,0,31.63225413,-89.55389939,28031.0,3605.924018029621,2.5297619047619047,655,666,16,0,650,664,18853,6,1,0,5,2
2020-08-18,US,Mississippi,DeSoto,3983,34,0,34.87625235,-89.99091418,28033.0,2153.613236367569,0.8536279186542807,3949,3913,34,0,3879,3911,182001,70,0,0,70,2
2020-08-18,US,Mississippi,Forrest,1937,59,0,31.18961454,-89.25832496,28035.0,2586.218406611747,3.0459473412493545,1878,1924,57,0,1867,1914,75036,13,2,0,11,10
2020-08-18,US,Mississippi,Franklin,157,2,0,31.47786634,-90.89672989,28037.0,2035.524439258395,1.2738853503184713,155,153,2,0,151,152,7788,4,0,0,4,1
2020-08-18,US,Mississippi,George,641,10,0,30.86259065,-88.64436789,28039.0,2616.326530612245,1.5600624024960998,631,639,10,0,629,638,24250,2,0,0,2,1
2020-08-18,US,Mississippi,Greene,276,13,0,31.21444233,-88.63922281,28041.0,2031.503017812454,4.710144927536232,263,276,13,0,263,276,13586,0,0,0,0,0
2020-08-18,US,Mississippi,Grenada,878,27,0,33.77036166,-89.80245083,28043.0,4229.694575585317,3.0751708428246007,851,870,27,0,843,869,21055,8,0,0,8,1
2020-08-18,US,Mississippi,Hancock,432,17,0,30.41830223,-89.48851033,28045.0,906.9533087000335,3.935185185185185,415,432,16,0,416,425,47334,0,1,0,-1,7
2020-08-18,US,Mississippi,Harrison,2836,40,0,30.51359752,-89.12467576,28047.0,1362.9373317954633,1.4104372355430184,2796,2804,38,0,2766,2788,206650,32,2,0,30,16
2020-08-18,US,Mississippi,Hinds,5995,128,0,32.2656285,-90.44435448,28049.0,2585.835058661145,2.13511259382819,5867,5917,129,0,5788,5902,237085,78,-1,0,79,15
2020-08-18,US,Mississippi,Holmes,964,50,0,33.12345854,-90.08923538,28051.0,5667.2545561434445,5.186721991701245,914,957,50,0,907,951,17622,7,0,0,7,6
2020-08-18,US,Mississippi,Humphreys,313,12,0,33.12825718,-90.52252707,28053.0,3881.448412698413,3.8338658146964857,301,313,12,0,301,312,8257,0,0,0,0,1
2020-08-18,US,Mississippi,Issaquena,28,2,0,32.72531359,-90.97392828,28055.0,2110.022607385079,7.142857142857142,26,28,2,0,26,28,1308,0,0,0,0,0
2020-08-18,US,Mississippi,Itawamba,440,12,0,34.27993475,-88.3606733,28057.0,1881.1457887986319,2.727272727272727,428,427,10,0,417,424,23517,13,2,0,11,3
2020-08-18,US,Mississippi,Jackson,2518,48,0,30.54020656,-88.64184064,28059.0,1753.2743338184198,1.9062748212867355,2470,2482,47,0,2435,2462,143277,36,1,0,35,20
2020-08-18,US,Mississippi,Jasper,435,11,0,32.01922104,-89.11786866,28061.0,2655.191356894342,2.528735632183908,424,432,11,0,421,429,16428,3,0,0,3,3
2020-08-18,US,Mississippi,Jefferson,202,8,0,31.73397872,-91.03764977,28063.0,2889.842632331903,3.96039603960396,194,198,8,0,190,198,7106,4,0,0,4,0
2020-08-18,US,Mississippi,Jefferson Davis,255,7,0,31.56884708,-89.82670990000004,28065.0,2291.516894320633,2.7450980392156863,248,255,7,0,248,254,11234,0,0,0,0,1
2020-08-18,US,Mississippi,Jones,2007,66,0,31.62257767,-89.16896899999998,28067.0,2947.2231196217217,3.2884902840059786,1941,2002,65,0,1937,1987,68461,5,1,0,4,15
2020-08-18,US,Mississippi,Kemper,253,14,0,32.75462946,-88.64105766,28069.0,2597.0026688564976,5.533596837944664,239,251,14,0,237,250,10027,2,0,0,2,1
2020-08-18,US,Mississippi,Lafayette,1084,23,0,34.35687874,-89.48490961,28071.0,2006.7013458227661,2.1217712177121766,1061,1072,21,0,1051,1065,54793,12,2,0,10,7
2020-08-18,US,Mississippi,Lamar,1298,22,0,31.20572971,-89.5077704,28073.0,2049.1609175441645,1.6949152542372878,1276,1297,22,0,1275,1291,62447,1,0,0,1,6
2020-08-18,US,Mississippi,Lauderdale,1509,99,0,32.40419769,-88.66229662,28075.0,2035.7504215851602,6.560636182902584,1410,1497,98,0,1399,1493,75317,12,1,0,11,4
2020-08-18,US,Mississippi,Lawrence,347,8,0,31.55147224,-90.10841127,28077.0,2757.031622437629,2.3054755043227666,339,342,8,0,334,342,12455,5,0,0,5,0
2020-08-18,US,Mississippi,Leake,818,27,0,32.7536828,-89.52402044,28079.0,3589.923637321162,3.3007334963325183,791,813,27,0,786,811,22763,5,0,0,5,2
2020-08-18,US,Mississippi,Lee,1780,43,0,34.291877500000005,-88.68149954,28081.0,2083.430872231846,2.415730337078652,1737,1737,43,0,1694,1724,85202,43,0,0,43,13
2020-08-18,US,Mississippi,Leflore,1002,70,0,33.55545125,-90.29900733,28083.0,3555.3347762835747,6.986027944111776,932,998,70,0,928,990,28919,4,0,0,4,8
2020-08-18,US,Mississippi,Lincoln,885,45,0,31.53288662,-90.45391915,28085.0,2591.280414604866,5.084745762711863,840,879,45,0,834,876,34205,6,0,0,6,3
2020-08-18,US,Mississippi,Lowndes,1153,46,0,33.47386518,-88.44191529999998,28087.0,1967.7446881133205,3.9895923677363396,1107,1140,42,0,1098,1140,58930,13,4,0,9,0
2020-08-18,US,Mississippi,Madison,2583,75,0,32.63389156,-90.03513564,28089.0,2430.555555555556,2.9036004645760745,2508,2556,74,0,2482,2556,105630,27,1,0,26,0
2020-08-18,US,Mississippi,Marion,716,23,0,31.23132643,-89.8209217,28091.0,2913.767142799007,3.2122905027932966,693,713,22,0,691,708,24715,3,1,0,2,5
2020-08-18,US,Mississippi,Marshall,795,10,0,34.76216286,-89.50299462,28093.0,2252.507508358361,1.2578616352201255,785,770,10,0,760,768,35451,25,0,0,25,2
2020-08-18,US,Mississippi,Monroe,893,55,0,33.89236763,-88.4808438,28095.0,2533.1896062634746,6.159014557670772,838,883,55,0,828,873,35564,10,0,0,10,10
2020-08-18,US,Mississippi,Montgomery,373,10,0,33.49419589,-89.61729103,28097.0,3815.856777493606,2.680965147453083,363,369,10,0,359,366,10023,4,0,0,4,3
2020-08-18,US,Mississippi,Neshoba,1337,96,0,32.75339664,-89.11726492,28099.0,4591.661515213957,7.180254300673148,1241,1328,96,0,1232,1328,29125,9,0,0,9,0
2020-08-18,US,Mississippi,Newton,591,12,0,32.40021118,-89.11843336,28101.0,2811.8755352554954,2.0304568527918785,579,588,12,0,576,587,21443,3,0,0,3,1
2020-08-18,US,Mississippi,Noxubee,489,12,0,33.11009499,-88.56949061,28103.0,4694.249784006912,2.4539877300613497,477,486,12,0,474,484,10535,3,0,0,3,2
2020-08-18,US,Mississippi,Oktibbeha,1205,43,0,33.42491685,-88.87905132,28105.0,2430.0723980075422,3.5684647302904566,1162,1183,42,0,1141,1178,49599,22,1,0,21,5
2020-08-18,US,Mississippi,Panola,1152,18,0,34.36398677,-89.95064249,28107.0,3369.2091717360786,1.5625,1134,1143,18,0,1125,1140,34178,9,0,0,9,3
2020-08-18,US,Mississippi,Pearl River,618,42,0,30.77090935,-89.58677275,28109.0,1112.8117403439273,6.7961165048543695,576,613,42,0,571,601,55387,5,0,0,5,12
2020-08-18,US,Mississippi,Perry,266,8,0,31.17161885,-88.99281835,28111.0,2221.6654138478243,3.0075187969924815,258,262,8,0,254,260,11931,4,0,0,4,2
2020-08-18,US,Mississippi,Pike,1011,39,0,31.17507789,-90.40392572,28113.0,2573.3048259010384,3.8575667655786345,972,984,38,0,946,982,39563,27,1,0,26,2
2020-08-18,US,Mississippi,Pontotoc,900,9,0,34.226046000000004,-89.03636807,28115.0,2797.289737054765,1.0,891,892,9,0,883,888,31833,8,0,0,8,4
2020-08-18,US,Mississippi,Prentiss,506,11,0,34.61810501,-88.51986294,28117.0,2013.8501950171137,2.1739130434782608,495,498,11,0,487,497,25315,8,0,0,8,1
2020-08-18,US,Mississippi,Quitman,279,1,0,34.25157572,-90.28908,28119.0,4107.7738515901065,0.35842293906810035,278,279,1,0,278,278,7051,0,0,0,0,1
2020-08-18,US,Mississippi,Rankin,2456,43,0,32.26469147,-89.94537876,28121.0,1581.7506166637686,1.7508143322475567,2413,2437,42,0,2395,2429,153902,19,1,0,18,8
2020-08-18,US,Mississippi,Scott,1040,21,0,32.406704100000006,-89.53789439,28123.0,3697.909258995876,2.019230769230769,1019,1033,21,0,1012,1032,28287,7,0,0,7,1
2020-08-18,US,Mississippi,Sharkey,220,7,0,32.88149103,-90.81595379999999,28125.0,5091.414024531358,3.1818181818181817,213,219,7,0,212,218,4377,1,0,0,1,1
2020-08-18,US,Mississippi,Simpson,867,36,0,31.91282117,-89.91716179,28127.0,3252.3069997749267,4.1522491349480966,831,861,36,0,825,858,26758,6,0,0,6,3
2020-08-18,US,Mississippi,Smith,429,13,0,32.01744532,-89.50644846,28129.0,2695.400854486052,3.0303030303030303,416,422,13,0,409,421,16002,7,0,0,7,1
2020-08-18,US,Mississippi,Stone,259,6,0,30.79187949,-89.11547539,28131.0,1412.521815008726,2.3166023166023164,253,256,6,0,250,255,18717,3,0,0,3,1
2020-08-18,US,Mississippi,Sunflower,1127,30,0,33.60192578,-90.58882684,28133.0,4488.251692552768,2.6619343389529724,1097,1116,29,0,1087,1115,25735,11,1,0,10,1
2020-08-18,US,Mississippi,Tallahatchie,580,11,0,33.95339918,-90.1729398,28135.0,4200.159316387863,1.8965517241379308,569,568,11,0,557,568,13987,12,0,0,12,0
2020-08-18,US,Mississippi,Tate,781,31,0,34.65133709,-89.94485778,28137.0,2757.6709861939903,3.969270166453265,750,774,30,0,744,773,28759,7,1,0,6,1
2020-08-18,US,Mississippi,Tippah,451,14,0,34.76872156,-88.90988194,28139.0,2048.603225073813,3.1042128603104215,437,443,14,0,429,438,21995,8,0,0,8,5
2020-08-18,US,Mississippi,Tishomingo,478,13,0,34.74023475,-88.23917219,28141.0,2466.0785224165506,2.719665271966527,465,476,12,0,464,469,19454,2,1,0,1,7
2020-08-18,US,Mississippi,Tunica,387,9,0,34.64967704,-90.37481167,28143.0,4017.857142857143,2.3255813953488373,378,381,9,0,372,381,9944,6,0,0,6,0
2020-08-18,US,Mississippi,Union,780,19,0,34.49162015,-89.00776006,28145.0,2706.923477355544,2.435897435897436,761,772,19,0,753,763,28606,8,0,0,8,9
2020-08-18,US,Mississippi,Walthall,530,23,0,31.14971548,-90.10446654,28147.0,3709.92580148397,4.339622641509433,507,525,22,0,503,525,14465,5,1,0,4,0
2020-08-18,US,Mississippi,Warren,1204,37,0,32.35810271,-90.83352619,28149.0,2653.0927039950643,3.0730897009966776,1167,1182,37,0,1145,1179,46176,22,0,0,22,3
2020-08-18,US,Mississippi,Washington,1834,48,0,33.28392041,-90.94196237,28151.0,4176.820241863855,2.6172300981461287,1786,1818,46,0,1772,1817,45063,16,2,0,14,1
2020-08-18,US,Mississippi,Wayne,813,21,0,31.64135687,-88.69573913,28153.0,4028.1424961601347,2.5830258302583027,792,810,21,0,789,809,20298,3,0,0,3,1
2020-08-18,US,Mississippi,Webster,257,13,0,33.61300486,-89.28392912,28155.0,2652.4925172876456,5.058365758754863,244,257,13,0,244,257,9788,0,0,0,0,0
2020-08-18,US,Mississippi,Wilkinson,239,14,0,31.16078225,-91.31018819,28157.0,2769.4090382387017,5.857740585774058,225,234,14,0,220,234,8792,5,0,0,5,0
2020-08-18,US,Mississippi,Winston,653,18,0,33.08747908,-89.03391385,28159.0,3636.8699526594255,2.7565084226646253,635,653,18,0,635,652,18165,0,0,0,0,1
2020-08-18,US,Mississippi,Yalobusha,329,10,0,34.02824175,-89.70762049999998,28161.0,2717.211760819293,3.0395136778115504,319,326,10,0,316,326,12392,3,0,0,3,0
2020-08-18,US,Mississippi,Yazoo,900,15,0,32.77890365,-90.39656148,28163.0,3031.3236780060624,1.6666666666666667,885,891,14,0,877,890,28248,9,1,0,8,1
2020-08-18,US,Missouri,Adair,189,0,0,40.19058551,-92.60078167,29001.0,745.7680621867971,0.0,189,184,0,0,184,183,25339,5,0,0,5,1
2020-08-18,US,Missouri,Andrew,102,1,0,39.98492163,-94.80163024,29003.0,575.8807588075881,0.9803921568627452,101,101,1,0,100,98,17607,1,0,0,1,3
2020-08-18,US,Missouri,Atchison,21,0,0,40.43238737,-95.42970639,29005.0,408.321991055804,0.0,21,20,0,0,20,20,5171,1,0,0,1,0
2020-08-18,US,Missouri,Audrain,227,1,0,39.215877,-91.84242683,29007.0,894.1232078147158,0.4405286343612335,226,226,1,0,225,227,25473,1,0,0,1,-1
2020-08-18,US,Missouri,Barry,293,4,0,36.70978521,-93.82919888,29009.0,818.6873061555226,1.3651877133105803,289,296,4,0,292,293,35886,-3,0,0,-3,3
2020-08-18,US,Missouri,Barton,74,0,0,37.50207671,-94.34757022,29011.0,629.5729113493278,0.0,74,73,0,0,73,72,11798,1,0,0,1,1
2020-08-18,US,Missouri,Bates,55,1,0,38.25271289,-94.34113157,29013.0,340.0939896116745,1.818181818181818,54,54,1,0,53,54,16320,1,0,0,1,0
2020-08-18,US,Missouri,Benton,119,1,0,38.29503305,-93.28756116,29015.0,612.0454662346344,0.8403361344537815,118,118,1,0,117,117,19278,1,0,0,1,1
2020-08-18,US,Missouri,Bollinger,84,1,0,37.32449052,-90.02725304,29017.0,692.326712272315,1.1904761904761905,83,82,1,0,81,81,12169,2,0,0,2,1
2020-08-18,US,Missouri,Boone,1635,5,0,38.99186229,-92.30723575,29019.0,906.0028925596936,0.3058103975535168,1630,1610,3,0,1607,1594,180005,25,2,0,23,16
2020-08-18,US,Missouri,Buchanan,1140,10,0,39.65816401,-94.80138942,29021.0,1304.8853074492927,0.8771929824561403,1130,1141,10,0,1131,1129,88571,-1,0,0,-1,12
2020-08-18,US,Missouri,Butler,322,2,0,36.71462476,-90.40421163,29023.0,758.0394557182542,0.6211180124223602,320,321,2,0,319,317,42639,1,0,0,1,4
2020-08-18,US,Missouri,Caldwell,36,1,0,39.65620858,-93.98308093,29025.0,399.1130820399113,2.7777777777777777,35,36,1,0,35,36,9108,0,0,0,0,0
2020-08-18,US,Missouri,Callaway,205,1,0,38.83674754,-91.92186505,29027.0,458.17222805802027,0.4878048780487805,204,202,1,0,201,198,44889,3,0,0,3,4
2020-08-18,US,Missouri,Camden,415,7,0,38.02199522,-92.76083747,29029.0,896.2315084764066,1.686746987951807,408,412,7,0,405,408,45815,3,0,0,3,4
2020-08-18,US,Missouri,Cape Girardeau,776,6,0,37.38489388,-89.6843587,29031.0,983.8850781656122,0.7731958762886598,770,770,6,0,764,742,78753,6,0,0,6,28
2020-08-18,US,Missouri,Carroll,104,0,0,39.42762566,-93.50626255,29033.0,1198.2947344164074,0.0,104,104,0,0,104,104,8743,0,0,0,0,0
2020-08-18,US,Missouri,Carter,23,1,0,36.94160441,-90.96051322,29035.0,384.4867937144768,4.3478260869565215,22,23,1,0,22,23,6054,0,0,0,0,0
2020-08-18,US,Missouri,Cass,887,9,0,38.64789422,-94.353399,29037.0,838.5328039326904,1.0146561443066515,878,883,9,0,874,863,104954,4,0,0,4,20
2020-08-18,US,Missouri,Cedar,45,0,0,37.72391475,-93.85445441,29039.0,313.6107045787163,0.0,45,45,0,0,45,45,14165,0,0,0,0,0
2020-08-18,US,Missouri,Chariton,21,0,0,39.51499357,-92.9629191,29041.0,282.79019660651767,0.0,21,21,0,0,21,21,7451,0,0,0,0,0
2020-08-18,US,Missouri,Christian,472,1,0,36.9711783,-93.18537118,29043.0,532.7614425193295,0.21186440677966098,471,453,1,0,452,441,86983,19,0,0,19,12
2020-08-18,US,Missouri,Clark,29,0,0,40.41040752,-91.73661677,29045.0,426.65882006767686,0.0,29,29,0,0,29,29,6842,0,0,0,0,0
2020-08-18,US,Missouri,Clay,1167,30,0,39.31132056,-94.41850862,29047.0,466.8971145998368,2.570694087403599,1137,1158,30,0,1128,1143,246365,9,0,0,9,15
2020-08-18,US,Missouri,Clinton,103,0,0,39.6013098,-94.40465394,29049.0,505.2239172021386,0.0,103,101,0,0,101,97,20470,2,0,0,2,4
2020-08-18,US,Missouri,Cole,613,3,0,38.50455671,-92.27860244,29051.0,798.7491041761679,0.4893964110929853,610,597,3,0,594,589,76796,16,0,0,16,8
2020-08-18,US,Missouri,Cooper,166,0,0,38.844478,-92.80896081,29053.0,937.3764752385792,0.0,166,162,0,0,162,159,17603,4,0,0,4,3
2020-08-18,US,Missouri,Crawford,115,0,0,37.97663738,-91.30528104,29055.0,480.76923076923083,0.0,115,115,0,0,115,111,23957,0,0,0,0,4
2020-08-18,US,Missouri,Dade,18,0,0,37.431814,-93.8503345,29057.0,238.06374818145747,0.0,18,17,0,0,17,17,7569,1,0,0,1,0
2020-08-18,US,Missouri,Dallas,81,1,0,37.681135499999996,-93.02127031,29059.0,479.91468183434057,1.2345679012345678,80,78,1,0,77,76,16762,3,0,0,3,2
2020-08-18,US,Missouri,Daviess,19,0,0,39.96145298,-93.98519678,29061.0,229.52403962309742,0.0,19,19,0,0,19,19,8313,0,0,0,0,0
2020-08-18,US,Missouri,DeKalb,44,1,0,39.89201062,-94.40476508,29063.0,350.68143779389504,2.272727272727273,43,44,1,0,43,41,12630,0,0,0,0,3
2020-08-18,US,Missouri,Dent,22,0,0,37.60663134,-91.50790473,29065.0,141.27014704938034,0.0,22,23,0,0,23,23,15441,-1,0,0,-1,0
2020-08-18,US,Missouri,Douglas,94,2,0,36.9325593,-92.49905109,29067.0,712.9313613955252,2.127659574468085,92,94,2,0,92,94,13373,0,0,0,0,0
2020-08-18,US,Missouri,Dunklin,402,4,0,36.27167174,-90.09122243,29069.0,1379.9732244001236,0.9950248756218906,398,398,4,0,394,388,29423,4,0,0,4,10
2020-08-18,US,Missouri,Franklin,778,19,0,38.41127108,-91.07522826,29071.0,748.3143689824658,2.442159383033419,759,762,19,0,743,742,103670,16,0,0,16,20
2020-08-18,US,Missouri,Gasconade,41,0,0,38.43947277,-91.50847147,29073.0,278.7977696178431,0.0,41,38,0,0,38,37,14705,3,0,0,3,1
2020-08-18,US,Missouri,Gentry,87,9,0,40.21097916,-94.40944419,29075.0,1323.9993912646478,10.344827586206897,78,87,9,0,78,87,6628,0,0,0,0,0
2020-08-18,US,Missouri,Greene,2004,10,0,37.2575872,-93.34230916,29077.0,683.7583507912353,0.499001996007984,1994,1940,10,0,1930,1902,291923,64,0,0,64,38
2020-08-18,US,Missouri,Grundy,30,1,0,40.11406587,-93.56509276,29079.0,304.56852791878174,3.333333333333333,29,31,1,0,30,30,9914,-1,0,0,-1,1
2020-08-18,US,Missouri,Harrison,62,1,0,40.35570088,-93.99222144,29081.0,742.337164750958,1.6129032258064515,61,62,1,0,61,62,8414,0,0,0,0,0
2020-08-18,US,Missouri,Henry,95,3,0,38.38482826,-93.79293734,29083.0,435.300586510264,3.1578947368421053,92,95,3,0,92,95,21792,0,0,0,0,0
2020-08-18,US,Missouri,Hickory,45,0,0,37.94163617,-93.3203037,29085.0,471.50041911148367,0.0,45,43,0,0,43,40,9509,2,0,0,2,3
2020-08-18,US,Missouri,Holt,46,0,0,40.09799248,-95.21638879999999,29087.0,1044.7422212128097,0.0,46,46,0,0,46,46,4404,0,0,0,0,0
2020-08-18,US,Missouri,Howard,71,0,0,39.1435761,-92.69756691,29089.0,709.9290070992903,0.0,71,71,0,0,71,69,10137,0,0,0,0,2
2020-08-18,US,Missouri,Howell,178,2,0,36.77383887,-91.88683935,29091.0,443.70217114938805,1.1235955056179776,176,177,2,0,175,176,40076,1,0,0,1,1
2020-08-18,US,Missouri,Iron,31,0,0,37.55487945,-90.7735296,29093.0,306.17283950617286,0.0,31,27,0,0,27,25,10177,4,0,0,4,2
2020-08-18,US,Missouri,Jackson,4712,67,0,39.01002188,-94.34724536,29095.0,670.2597825638575,1.4219015280135825,4645,4640,66,0,4574,4560,700307,72,1,0,71,80
2020-08-18,US,Missouri,Jasper,1981,34,0,37.20351921,-94.34050458,29097.0,1632.7640775418695,1.7163048965169108,1947,1968,32,0,1936,1947,120636,13,2,0,11,21
2020-08-18,US,Missouri,Jefferson,2028,30,0,38.25926778,-90.53870896,29099.0,901.0089701040961,1.4792899408284024,1998,1998,30,0,1968,1944,224347,30,0,0,30,54
2020-08-18,US,Missouri,Johnson,520,3,0,38.74719601,-93.80691168,29101.0,961.8586067848024,0.5769230769230769,517,517,3,0,514,513,53652,3,0,0,3,4
2020-08-18,US,Missouri,Kansas City,7857,66,0,39.0997,-94.5786,0.0,1606.935777790049,0.8400152730049637,7791,7773,66,0,7707,7649,491918,84,0,0,84,124
2020-08-18,US,Missouri,Knox,36,0,0,40.12699751,-92.14780832,29103.0,909.3205354887598,0.0,36,36,0,0,36,36,3947,0,0,0,0,0
2020-08-18,US,Missouri,Laclede,243,1,0,37.65896829,-92.5888493,29105.0,680.2340228984128,0.41152263374485604,242,238,1,0,237,235,35713,5,0,0,5,3
2020-08-18,US,Missouri,Lafayette,200,2,0,39.06986886,-93.78076396,29107.0,611.4711997064937,1.0,198,199,2,0,197,198,32598,1,0,0,1,1
2020-08-18,US,Missouri,Lawrence,275,2,0,37.10626634,-93.83293097,29109.0,716.9860513622735,0.7272727272727273,273,271,2,0,269,264,38359,4,0,0,4,7
2020-08-18,US,Missouri,Lewis,53,1,0,40.09673161,-91.72070156,29111.0,542.1440261865794,1.8867924528301887,52,54,1,0,53,54,9855,-1,0,0,-1,0
2020-08-18,US,Missouri,Lincoln,454,1,0,39.05345619,-90.95588181,29113.0,769.3220137935707,0.22026431718061676,453,449,1,0,448,439,57686,5,0,0,5,10
2020-08-18,US,Missouri,Linn,41,1,0,39.87001769,-93.10704106,29115.0,343.9597315436242,2.4390243902439024,40,41,1,0,40,41,12037,0,0,0,0,0
2020-08-18,US,Missouri,Livingston,65,1,0,39.78110272,-93.54645978,29117.0,426.8733171340383,1.5384615384615383,64,65,0,0,65,64,15146,0,1,0,-1,1
2020-08-18,US,Missouri,Macon,69,0,0,39.83049768,-92.56453089,29121.0,456.43976979559443,0.0,69,69,0,0,69,69,15153,0,0,0,0,0
2020-08-18,US,Missouri,Madison,41,0,0,37.47865134,-90.34671429999999,29123.0,339.17935142289866,0.0,41,38,0,0,38,35,12188,3,0,0,3,3
2020-08-18,US,Missouri,Maries,31,0,0,38.16193985,-91.92249662,29125.0,356.4447510635852,0.0,31,31,0,0,31,28,8769,0,0,0,0,3
2020-08-18,US,Missouri,Marion,278,1,0,39.80601912,-91.62203062,29127.0,974.4128987031197,0.3597122302158273,277,272,1,0,271,269,28592,6,0,0,6,3
2020-08-18,US,Missouri,McDonald,964,8,0,36.62869595,-94.34867205,29119.0,4221.219950081009,0.8298755186721992,956,962,8,0,954,959,23078,2,0,0,2,3
2020-08-18,US,Missouri,Mercer,15,0,0,40.42212303,-93.56829590000001,29129.0,414.7083218136577,0.0,15,15,0,0,15,15,3641,0,0,0,0,0
2020-08-18,US,Missouri,Miller,161,1,0,38.21450288,-92.42610898,29131.0,628.4398298138101,0.6211180124223602,160,159,1,0,158,157,25336,2,0,0,2,2
2020-08-18,US,Missouri,Mississippi,180,0,0,36.82516239,-89.29505753,29133.0,1365.7056145675265,0.0,180,174,0,0,174,172,13336,6,0,0,6,2
2020-08-18,US,Missouri,Moniteau,166,2,0,38.63571781,-92.57976951,29135.0,1029.010662038185,1.2048192771084338,164,164,2,0,162,163,16121,2,0,0,2,1
2020-08-18,US,Missouri,Monroe,37,0,0,39.49593978,-92.00043978,29137.0,428.04257288292456,0.0,37,37,0,0,37,37,8664,0,0,0,0,0
2020-08-18,US,Missouri,Montgomery,47,0,0,38.94022054,-91.47000721,29139.0,406.89117825296506,0.0,47,45,0,0,45,44,11534,2,0,0,2,1
2020-08-18,US,Missouri,Morgan,98,0,0,38.4181765,-92.88791859,29141.0,475.1054443205508,0.0,98,98,0,0,98,95,20358,0,0,0,0,3
2020-08-18,US,Missouri,New Madrid,306,3,0,36.59666326,-89.66070007,29143.0,1791.988756148981,0.9803921568627452,303,304,3,0,301,299,17296,2,0,0,2,5
2020-08-18,US,Missouri,Newton,963,6,0,36.90519407,-94.3394104,29145.0,1653.6163198021845,0.6230529595015576,957,962,6,0,956,946,58266,1,0,0,1,16
2020-08-18,US,Missouri,Nodaway,238,0,0,40.36079813,-94.88133008,29147.0,1077.3130544993662,0.0,238,232,0,0,232,226,22304,6,0,0,6,6
2020-08-18,US,Missouri,Oregon,25,0,0,36.68710164,-91.4033755,29149.0,237.43945293950043,0.0,25,25,0,0,25,21,10541,0,0,0,0,4
2020-08-18,US,Missouri,Osage,64,1,0,38.46036182,-91.8613635,29151.0,470.0697759823723,1.5625,63,62,1,0,61,62,13714,2,0,0,2,0
2020-08-18,US,Missouri,Ozark,16,0,0,36.64916339,-92.44459066,29153.0,174.40592980161327,0.0,16,16,0,0,16,16,9017,0,0,0,0,0
2020-08-18,US,Missouri,Pemiscot,274,9,0,36.2130572,-89.78742322,29155.0,1733.6285985447644,3.2846715328467155,265,268,9,0,259,263,16272,6,0,0,6,5
2020-08-18,US,Missouri,Perry,264,4,0,37.70660776,-89.82741088,29157.0,1379.5986622073578,1.5151515151515151,260,263,4,0,259,256,19150,1,0,0,1,7
2020-08-18,US,Missouri,Pettis,666,5,0,38.72798918,-93.28471706,29159.0,1573.0177850209027,0.7507507507507507,661,656,5,0,651,651,42542,10,0,0,10,5
2020-08-18,US,Missouri,Phelps,129,0,0,37.87736118,-91.79351727,29161.0,289.41287326408366,0.0,129,128,0,0,128,123,44732,1,0,0,1,5
2020-08-18,US,Missouri,Pike,145,1,0,39.34310674,-91.16980779,29163.0,792.2631406403673,0.6896551724137931,144,145,1,0,144,144,18504,0,0,0,0,1
2020-08-18,US,Missouri,Platte,418,10,0,39.38154439,-94.77068479,29165.0,400.3141220862303,2.392344497607656,408,412,10,0,402,407,102985,6,0,0,6,5
2020-08-18,US,Missouri,Polk,244,0,0,37.616229600000004,-93.39828174,29167.0,758.9660642632741,0.0,244,243,0,0,243,238,32201,1,0,0,1,5
2020-08-18,US,Missouri,Pulaski,275,1,0,37.82462075,-92.20783203,29169.0,522.7441215047427,0.3636363636363637,274,275,1,0,274,273,52014,0,0,0,0,2
2020-08-18,US,Missouri,Putnam,15,1,0,40.47942497,-93.02042674,29171.0,319.4207836456559,6.666666666666668,14,14,1,0,13,14,4757,1,0,0,1,0
2020-08-18,US,Missouri,Ralls,61,0,0,39.52817427,-91.51838643,29173.0,591.7159763313608,0.0,61,58,0,0,58,57,10212,3,0,0,3,1
2020-08-18,US,Missouri,Randolph,87,1,0,39.44007257,-92.49713740000001,29175.0,351.54355907548086,1.1494252873563218,86,84,1,0,83,82,24763,3,0,0,3,2
2020-08-18,US,Missouri,Ray,119,0,0,39.353746799999996,-93.98905745,29177.0,516.98670605613,0.0,119,119,0,0,119,119,22883,0,0,0,0,0
2020-08-18,US,Missouri,Reynolds,16,0,0,37.36085952,-90.97009925,29179.0,255.18341307814998,0.0,16,16,0,0,16,16,6254,0,0,0,0,0
2020-08-18,US,Missouri,Ripley,76,0,0,36.65460667,-90.85990261,29181.0,571.944611679711,0.0,76,74,0,0,74,75,13401,2,0,0,2,-1
2020-08-18,US,Missouri,Saline,483,7,0,39.13734288,-93.20259964,29195.0,2122.050876499275,1.4492753623188406,476,483,7,0,476,483,22895,0,0,0,0,0
2020-08-18,US,Missouri,Schuyler,13,0,0,40.46921489,-92.52311943,29197.0,278.9699570815451,0.0,13,13,0,0,13,13,4599,0,0,0,0,0
2020-08-18,US,Missouri,Scotland,19,1,0,40.45214695,-92.14709064,29199.0,387.59689922480624,5.2631578947368425,18,19,1,0,18,19,4966,0,0,0,0,0
2020-08-18,US,Missouri,Scott,492,13,0,37.05588075,-89.56474493,29201.0,1285.2664576802506,2.6422764227642275,479,492,13,0,479,476,38458,0,0,0,0,16
2020-08-18,US,Missouri,Shannon,44,1,0,37.15772072,-91.40190382,29203.0,538.8194954690179,2.272727272727273,43,44,1,0,43,44,8189,0,0,0,0,0
2020-08-18,US,Missouri,Shelby,43,0,0,39.79742518,-92.07634971,29205.0,725.1264755480607,0.0,43,43,0,0,43,42,6050,0,0,0,0,1
2020-08-18,US,Missouri,St. Charles,4810,95,0,38.77875681,-90.66662425,29183.0,1196.4519354662182,1.975051975051975,4715,4760,95,0,4665,4649,399182,50,0,0,50,111
2020-08-18,US,Missouri,St. Clair,24,0,0,38.03699437,-93.77631447,29185.0,255.40065978503785,0.0,24,23,0,0,23,23,9395,1,0,0,1,0
2020-08-18,US,Missouri,St. Francois,612,4,0,37.81214171,-90.47598685,29187.0,910.5110466413748,0.6535947712418301,608,599,4,0,595,571,66692,13,0,0,13,28
2020-08-18,US,Missouri,St. Louis,16968,705,0,38.63770039999999,-90.4458375,29189.0,1706.6902701153185,4.154879773691655,16263,16764,701,0,16063,16614,996945,204,4,0,200,150
2020-08-18,US,Missouri,St. Louis City,5693,181,0,38.63555736,-90.24349225,29510.0,1894.0301288193332,3.1793430528719484,5512,5652,181,0,5471,5614,302838,41,0,0,41,38
2020-08-18,US,Missouri,Ste. Genevieve,75,1,0,37.89090059,-90.1949941,29186.0,419.1349055549346,1.3333333333333333,74,72,1,0,71,69,17888,3,0,0,3,3
2020-08-18,US,Missouri,Stoddard,244,9,0,36.85571651,-89.9444155,29207.0,840.6546080964688,3.6885245901639343,235,244,9,0,235,242,29206,0,0,0,0,2
2020-08-18,US,Missouri,Stone,204,1,0,36.75000327,-93.45256475,29209.0,638.4576865297947,0.4901960784313725,203,196,1,0,195,191,31749,8,0,0,8,5
2020-08-18,US,Missouri,Sullivan,155,0,0,40.2099105,-93.11150106,29211.0,2545.5739858761704,0.0,155,155,0,0,155,155,6221,0,0,0,0,0
2020-08-18,US,Missouri,Taney,778,3,0,36.65465345,-93.04075153,29213.0,1391.0742383063941,0.3856041131105398,775,763,3,0,760,739,55852,15,0,0,15,24
2020-08-18,US,Missouri,Texas,67,1,0,37.31728859,-91.96564727,29215.0,263.8002992361603,1.492537313432836,66,68,1,0,67,67,25571,-1,0,0,-1,1
2020-08-18,US,Missouri,Vernon,64,0,0,37.8457799,-94.34127305,29217.0,311.23863249525846,0.0,64,63,0,0,63,63,20528,1,0,0,1,0
2020-08-18,US,Missouri,Warren,267,0,0,38.76529479,-91.16124662,29219.0,748.9691155432132,0.0,267,264,0,0,264,248,34711,3,0,0,3,16
2020-08-18,US,Missouri,Washington,149,1,0,37.96130078,-90.87948158,29221.0,602.5070764253943,0.6711409395973155,148,143,1,0,142,133,24943,6,0,0,6,10
2020-08-18,US,Missouri,Wayne,69,0,0,37.11303869,-90.46001416,29223.0,536.0055931018411,0.0,69,68,0,0,68,66,13122,1,0,0,1,2
2020-08-18,US,Missouri,Webster,161,1,0,37.2813734,-92.876329,29225.0,406.6478076379066,0.6211180124223602,160,157,1,0,156,154,39109,4,0,0,4,3
2020-08-18,US,Missouri,Worth,9,0,0,40.47945588,-94.42328751,29227.0,447.0938897168405,0.0,9,9,0,0,9,9,2040,0,0,0,0,0
2020-08-18,US,Missouri,Wright,73,0,0,37.27029221,-92.46914488,29229.0,399.14702826835816,0.0,73,73,0,0,73,74,18378,0,0,0,0,-1
2020-08-18,US,Montana,Beaverhead,68,0,0,45.13434354,-112.89846940000001,30001.0,719.3483550195705,0.0,68,68,0,0,68,68,9404,0,0,0,0,0
2020-08-18,US,Montana,Big Horn,543,14,0,45.42335905,-107.492347,30003.0,4076.882648847511,2.5782688766114177,529,529,14,0,515,519,13338,14,0,0,14,10
2020-08-18,US,Montana,Blaine,14,0,0,48.43175214,-108.9582723,30005.0,209.54946864241882,0.0,14,14,0,0,14,15,6807,0,0,0,0,-1
2020-08-18,US,Montana,Broadwater,14,0,0,46.33277565,-111.49558130000001,30007.0,224.46689113355785,0.0,14,14,0,0,14,14,6085,0,0,0,0,0
2020-08-18,US,Montana,Carbon,77,0,0,45.22850116,-109.0274047,30009.0,717.9487179487178,0.0,77,77,0,0,77,75,10714,0,0,0,0,2
2020-08-18,US,Montana,Cascade,184,5,0,47.30797024,-111.3467922,30013.0,226.13868200476853,2.717391304347826,179,183,4,0,179,182,81643,1,1,0,0,1
2020-08-18,US,Montana,Chouteau,10,0,0,47.88084126,-110.4353362,30015.0,177.4622892635315,0.0,10,10,0,0,10,10,5745,0,0,0,0,0
2020-08-18,US,Montana,Custer,61,2,0,46.25319932,-105.57375259999998,30017.0,534.9938607261884,3.278688524590164,59,61,2,0,59,61,11586,0,0,0,0,0
2020-08-18,US,Montana,Daniels,3,0,0,48.78420029,-105.54763429999998,30019.0,177.5147928994083,0.0,3,3,0,0,3,3,1747,0,0,0,0,0
2020-08-18,US,Montana,Dawson,31,0,0,47.26584855,-104.89444170000002,30021.0,359.921049576222,0.0,31,30,0,0,30,30,8680,1,0,0,1,0
2020-08-18,US,Montana,Deer Lodge,30,0,0,46.05953325,-113.073353,30023.0,328.2275711159737,0.0,30,30,0,0,30,30,9131,0,0,0,0,0
2020-08-18,US,Montana,Fallon,2,0,0,46.33478338,-104.41835649999999,30025.0,70.27406886858749,0.0,2,2,0,0,2,2,2920,0,0,0,0,0
2020-08-18,US,Montana,Fergus,23,0,0,47.26331584,-109.2245206,30027.0,208.1447963800905,0.0,23,23,0,0,23,23,11113,0,0,0,0,0
2020-08-18,US,Montana,Flathead,412,3,0,48.29575866,-114.05205690000001,30029.0,396.8942065005877,0.7281553398058253,409,407,3,0,404,392,102106,5,0,0,5,15
2020-08-18,US,Montana,Gallatin,993,3,0,45.54486106,-111.1692571,30031.0,867.7490955485257,0.3021148036253776,990,992,3,0,989,991,111876,1,0,0,1,1
2020-08-18,US,Montana,Garfield,12,0,0,47.27545948,-107.0002351,30033.0,953.8950715421304,0.0,12,12,0,0,12,12,1268,0,0,0,0,0
2020-08-18,US,Montana,Glacier,92,1,0,48.70513576,-112.9934235,30035.0,668.9449574638261,1.0869565217391304,91,88,1,0,87,88,13747,4,0,0,4,0
2020-08-18,US,Montana,Golden Valley,3,0,0,46.3816474,-109.17685220000001,30037.0,365.4080389768576,0.0,3,3,0,0,3,3,826,0,0,0,0,0
2020-08-18,US,Montana,Granite,18,0,0,46.40605220000001,-113.4414186,30039.0,532.7019828351583,0.0,18,18,0,0,18,18,3378,0,0,0,0,0
2020-08-18,US,Montana,Hill,48,2,0,48.62879827,-110.1129252,30041.0,291.1914583838874,4.166666666666667,46,48,2,0,46,48,16347,0,0,0,0,0
2020-08-18,US,Montana,Jefferson,32,0,0,46.14907081,-112.094396,30043.0,261.8443662548073,0.0,32,31,0,0,31,31,12097,1,0,0,1,0
2020-08-18,US,Montana,Judith Basin,3,0,0,47.04581276,-110.26606880000001,30045.0,149.47683109118088,0.0,3,3,0,0,3,3,1952,0,0,0,0,0
2020-08-18,US,Montana,Lake,189,1,0,47.64514965,-114.0898013,30047.0,620.5266268303894,0.5291005291005291,188,187,1,0,186,187,30250,2,0,0,2,0
2020-08-18,US,Montana,Lewis and Clark,180,2,0,47.12610041,-112.39469799999999,30049.0,259.24645696508816,1.1111111111111112,178,178,2,0,176,178,68700,2,0,0,2,0
2020-08-18,US,Montana,Liberty,1,0,0,48.56084317,-111.02430700000001,30051.0,42.78990158322636,0.0,1,1,0,0,1,1,2430,0,0,0,0,0
2020-08-18,US,Montana,Lincoln,79,2,0,48.54265777,-115.4046155,30053.0,395.3953953953954,2.5316455696202533,77,78,2,0,76,78,19794,1,0,0,1,0
2020-08-18,US,Montana,Madison,87,1,0,45.30080065,-111.9173017,30057.0,1011.6279069767444,1.1494252873563218,86,86,1,0,85,85,8768,1,0,0,1,1
2020-08-18,US,Montana,McCone,5,0,0,47.64469406,-105.79449939999999,30055.0,300.48076923076917,0.0,5,5,0,0,5,5,1675,0,0,0,0,0
2020-08-18,US,Montana,Meagher,4,0,0,46.59907074,-110.8898557,30059.0,214.8227712137487,0.0,4,4,0,0,4,4,1866,0,0,0,0,0
2020-08-18,US,Montana,Mineral,2,0,0,47.15283992,-115.00152390000001,30061.0,45.48555833522857,0.0,2,2,0,0,2,2,4316,0,0,0,0,0
2020-08-18,US,Montana,Missoula,388,2,0,47.03728583,-113.92135079999998,30063.0,324.4147157190636,0.5154639175257731,386,385,2,0,383,384,118791,3,0,0,3,1
2020-08-18,US,Montana,Musselshell,4,0,0,46.49684637,-108.39498,30065.0,86.33714655730628,0.0,4,4,0,0,4,4,4651,0,0,0,0,0
2020-08-18,US,Montana,Park,63,0,0,45.48965095,-110.52643940000002,30067.0,379.3809466457907,0.0,63,63,0,0,63,63,16736,0,0,0,0,0
2020-08-18,US,Montana,Phillips,93,0,0,48.25936577,-107.9128511,30071.0,2352.0485584218513,0.0,93,93,0,0,93,92,4074,0,0,0,0,1
2020-08-18,US,Montana,Pondera,13,0,0,48.22773388,-112.22527029999999,30073.0,219.92894603282016,0.0,13,11,0,0,11,11,5972,2,0,0,2,0
2020-08-18,US,Montana,Powder River,1,0,0,45.39617714,-105.636738,30075.0,59.453032104637344,0.0,1,1,0,0,1,1,1716,0,0,0,0,0
2020-08-18,US,Montana,Powell,2,0,0,46.85538891,-112.93591640000001,30077.0,29.027576197387518,0.0,2,2,0,0,2,2,6968,0,0,0,0,0
2020-08-18,US,Montana,Prairie,1,0,0,46.86048047,-105.379384,30079.0,92.85051067780873,0.0,1,1,0,0,1,1,1087,0,0,0,0,0
2020-08-18,US,Montana,Ravalli,88,2,0,46.08520862,-114.11891640000002,30081.0,200.88572341688354,2.272727272727273,86,85,2,0,83,85,43172,3,0,0,3,0
2020-08-18,US,Montana,Richland,50,2,0,47.78668011,-104.5610786,30083.0,462.8343978524484,4.0,48,50,2,0,48,50,10913,0,0,0,0,0
2020-08-18,US,Montana,Roosevelt,30,1,0,48.29607488,-105.00792679999999,30085.0,272.6281352235551,3.333333333333333,29,35,0,0,35,35,11059,-5,1,0,-6,0
2020-08-18,US,Montana,Rosebud,79,1,0,46.23397237,-106.72928799999998,30087.0,883.9655365335126,1.2658227848101269,78,78,1,0,77,78,9063,1,0,0,1,0
2020-08-18,US,Montana,Sanders,18,0,0,47.67657534,-115.1329916,30089.0,148.60067695863947,0.0,18,18,0,0,18,18,11844,0,0,0,0,0
2020-08-18,US,Montana,Sheridan,5,0,0,48.72085833,-104.50382900000001,30091.0,151.1030522816561,0.0,5,5,0,0,5,5,3424,0,0,0,0,0
2020-08-18,US,Montana,Silver Bow,106,0,0,45.90018933,-112.6620092,30093.0,303.5944436488615,0.0,106,105,0,0,105,105,34993,1,0,0,1,0
2020-08-18,US,Montana,Stillwater,32,1,0,45.67071407,-109.3950061,30095.0,331.8813524165111,3.125,31,31,1,0,30,31,9534,1,0,0,1,0
2020-08-18,US,Montana,Sweet Grass,7,1,0,45.81367654,-109.9425686,30097.0,187.31602890018726,14.285714285714285,6,6,1,0,5,6,3710,1,0,0,1,0
2020-08-18,US,Montana,Teton,16,0,0,47.83741052,-112.24106880000001,30099.0,260.2895721490158,0.0,16,15,0,0,15,15,6162,1,0,0,1,0
2020-08-18,US,Montana,Toole,47,6,0,48.65577551,-111.69424140000001,30101.0,992.3986486486486,12.76595744680851,41,46,6,0,40,46,4853,1,0,0,1,0
2020-08-18,US,Montana,Treasure,2,0,0,46.20973220000001,-107.26665159999999,30103.0,287.3563218390805,0.0,2,2,0,0,2,2,679,0,0,0,0,0
2020-08-18,US,Montana,Valley,36,0,0,48.36435097,-106.6669635,30105.0,486.749594375338,0.0,36,30,0,0,30,30,7437,6,0,0,6,0
2020-08-18,US,Montana,Wheatland,3,0,0,46.46652491,-109.84646359999999,30107.0,141.11006585136406,0.0,3,3,0,0,3,3,2236,0,0,0,0,0
2020-08-18,US,Montana,Wibaux,3,0,0,46.95925154,-104.2510927,30109.0,309.59752321981426,0.0,3,3,0,0,3,3,1034,0,0,0,0,0
2020-08-18,US,Montana,Yellowstone,1539,32,0,45.93955949,-108.26914860000001,30111.0,954.1227526348421,2.0792722547108506,1507,1533,32,0,1501,1522,160137,6,0,0,6,11
2020-08-18,US,Nebraska,Adams,360,11,0,40.52449420000001,-98.50117804,31001.0,1147.8493766540196,3.055555555555556,349,370,11,0,359,365,31511,-10,0,0,-10,5
2020-08-18,US,Nebraska,Antelope,16,1,0,42.17695516,-98.06662829999999,31003.0,254.0489044140997,6.25,15,21,1,0,20,21,6336,-5,0,0,-5,0
2020-08-18,US,Nebraska,Arthur,1,0,0,41.56896142,-101.6959559,31005.0,215.98272138228938,0.0,1,1,0,0,1,1,465,0,0,0,0,0
2020-08-18,US,Nebraska,Banner,1,0,0,41.54634427,-103.7114332,31007.0,134.2281879194631,0.0,1,2,0,0,2,2,730,-1,0,0,-1,0
2020-08-18,US,Nebraska,Boone,16,0,0,41.70759415,-98.06737183,31011.0,308.1664098613251,0.0,16,14,0,0,14,11,5239,2,0,0,2,3
2020-08-18,US,Nebraska,Box Butte,17,0,0,42.22079243,-103.08788340000001,31013.0,157.65556895112678,0.0,17,17,0,0,17,16,10772,0,0,0,0,1
2020-08-18,US,Nebraska,Boyd,7,0,0,42.899727399999996,-98.76486568,31015.0,364.77331943720685,0.0,7,8,0,0,8,8,1955,-1,0,0,-1,0
2020-08-18,US,Nebraska,Brown,1,0,0,42.43018907,-99.92904055,31017.0,33.840947546531304,0.0,1,2,0,0,2,2,2973,-1,0,0,-1,0
2020-08-18,US,Nebraska,Buffalo,480,1,0,40.85486962,-99.07500296,31019.0,966.592158521114,0.20833333333333331,479,512,1,0,511,500,49615,-32,0,0,-32,12
2020-08-18,US,Nebraska,Burt,57,0,0,41.85056773,-96.32605633,31021.0,882.4895494658616,0.0,57,54,0,0,54,53,6488,3,0,0,3,1
2020-08-18,US,Nebraska,Butler,69,0,0,41.22703692,-97.13106306,31023.0,860.7784431137725,0.0,69,66,0,0,66,66,8058,3,0,0,3,0
2020-08-18,US,Nebraska,Cass,213,2,0,40.90899107,-96.13971217,31025.0,811.4903992685158,0.9389671361502347,211,215,2,0,213,214,26159,-2,0,0,-2,1
2020-08-18,US,Nebraska,Cedar,30,0,0,42.598885100000004,-97.25311951,31027.0,357.057843370626,0.0,30,29,0,0,29,28,8446,1,0,0,1,1
2020-08-18,US,Nebraska,Chase,9,0,0,40.523719799999995,-101.69780259999999,31029.0,229.3577981651376,0.0,9,9,0,0,9,9,3977,0,0,0,0,0
2020-08-18,US,Nebraska,Cherry,5,0,0,42.54502621,-101.1244332,31031.0,87.88890841975744,0.0,5,4,0,0,4,4,5761,1,0,0,1,0
2020-08-18,US,Nebraska,Cheyenne,26,0,0,41.21999357,-102.9941693,31033.0,291.8069584736251,0.0,26,26,0,0,26,26,9310,0,0,0,0,0
2020-08-18,US,Nebraska,Clay,49,0,0,40.52439441,-98.05126296,31035.0,789.9403514428502,0.0,49,50,0,0,50,50,6214,-1,0,0,-1,0
2020-08-18,US,Nebraska,Colfax,683,4,0,41.57486951,-97.0868542,31037.0,6377.81305444019,0.5856515373352855,679,709,4,0,705,708,10881,-26,0,0,-26,1
2020-08-18,US,Nebraska,Cuming,74,0,0,41.91637624,-96.78730772,31039.0,836.5362875876103,0.0,74,73,0,0,73,72,8940,1,0,0,1,1
2020-08-18,US,Nebraska,Custer,55,4,0,41.39374521,-99.72805369,31041.0,510.3461074510532,7.272727272727272,51,59,4,0,55,57,10840,-4,0,0,-4,2
2020-08-18,US,Nebraska,Dakota,1924,42,0,42.39040144,-96.56656425,31043.0,9607.5102366923,2.1829521829521834,1882,1944,42,0,1902,1943,20083,-20,0,0,-20,1
2020-08-18,US,Nebraska,Dawes,23,0,0,42.71985036,-103.1313774,31045.0,267.78437536383746,0.0,23,17,0,0,17,16,8716,6,0,0,6,1
2020-08-18,US,Nebraska,Dawson,954,9,0,40.87028216,-99.82014609999999,31047.0,4043.229497774953,0.9433962264150944,945,980,9,0,971,977,23709,-26,0,0,-26,3
2020-08-18,US,Nebraska,Deuel,4,0,0,41.11168186,-102.33333309999999,31049.0,222.9654403567447,0.0,4,2,0,0,2,2,1825,2,0,0,2,0
2020-08-18,US,Nebraska,Dixon,57,2,0,42.49188363,-96.86782408,31051.0,1011.3555713271824,3.5087719298245608,55,57,2,0,55,57,5709,0,0,0,0,0
2020-08-18,US,Nebraska,Dodge,845,11,0,41.58071748,-96.65598179,31053.0,2310.953097224121,1.301775147928994,834,849,10,0,839,843,36791,-4,1,0,-5,6
2020-08-18,US,Nebraska,Douglas,11978,147,0,41.29518299,-96.15085305,31055.0,2096.5226569022643,1.2272499582568042,11831,12137,143,0,11994,12065,566880,-159,4,0,-163,72
2020-08-18,US,Nebraska,Dundy,3,0,0,40.17638677,-101.6876522,31057.0,177.2002362669817,0.0,3,3,0,0,3,2,1770,0,0,0,0,1
2020-08-18,US,Nebraska,Fillmore,28,1,0,40.52458567,-97.59646937,31059.0,512.6327352618089,3.571428571428572,27,29,1,0,28,29,5527,-1,0,0,-1,0
2020-08-18,US,Nebraska,Franklin,17,0,0,40.17636348,-98.95299073,31061.0,570.6612957368243,0.0,17,15,0,0,15,15,3023,2,0,0,2,0
2020-08-18,US,Nebraska,Frontier,4,0,0,40.52993007,-100.3924658,31063.0,152.26494099733537,0.0,4,4,0,0,4,4,2608,0,0,0,0,0
2020-08-18,US,Nebraska,Furnas,16,1,0,40.17642064,-99.91247454,31065.0,342.1727972626176,6.25,15,17,1,0,16,17,4715,-1,0,0,-1,0
2020-08-18,US,Nebraska,Gage,104,4,0,40.26186809,-96.68946704,31067.0,483.4286245525962,3.8461538461538463,100,100,4,0,96,97,21493,4,0,0,4,3
2020-08-18,US,Nebraska,Garden,6,0,0,41.61703149,-102.3313973,31069.0,326.619488296135,0.0,6,4,0,0,4,4,1897,2,0,0,2,0
2020-08-18,US,Nebraska,Garfield,7,0,0,41.91428955,-98.99111827,31071.0,355.51041137633314,0.0,7,6,0,0,6,6,1987,1,0,0,1,0
2020-08-18,US,Nebraska,Gosper,19,0,0,40.51481965,-99.83020279,31073.0,954.7738693467336,0.0,19,22,0,0,22,22,1996,-3,0,0,-3,0
2020-08-18,US,Nebraska,Greeley,9,0,0,41.56742671,-98.52150266,31077.0,382.00339558573853,0.0,9,10,0,0,10,10,2356,-1,0,0,-1,0
2020-08-18,US,Nebraska,Hall,1631,45,0,40.87257079,-98.50218293,31079.0,2658.386712956172,2.7590435315757205,1586,1773,45,0,1728,1770,61607,-142,0,0,-142,3
2020-08-18,US,Nebraska,Hamilton,106,12,0,40.87349452,-98.02099117,31081.0,1136.8511368511367,11.320754716981131,94,104,12,0,92,103,9280,2,0,0,2,1
2020-08-18,US,Nebraska,Harlan,1,0,0,40.17658508,-99.40438879,31083.0,29.58579881656805,0.0,1,2,0,0,2,2,3401,-1,0,0,-1,0
2020-08-18,US,Nebraska,Hitchcock,1,0,0,40.17609175,-101.04164770000001,31087.0,36.205648081100655,0.0,1,1,0,0,1,1,2806,0,0,0,0,0
2020-08-18,US,Nebraska,Holt,14,0,0,42.45522056,-98.78402558,31089.0,139.0682427734181,0.0,14,14,0,0,14,14,10178,0,0,0,0,0
2020-08-18,US,Nebraska,Hooker,4,0,0,41.91586243,-101.1354293,31091.0,586.5102639296188,0.0,4,4,0,0,4,4,682,0,0,0,0,0
2020-08-18,US,Nebraska,Howard,54,5,0,41.2200529,-98.5166499,31093.0,837.8588052754072,9.25925925925926,49,57,5,0,52,57,6468,-3,0,0,-3,0
2020-08-18,US,Nebraska,Jefferson,17,0,0,40.17584531,-97.142601,31095.0,241.27164348566563,0.0,17,19,0,0,19,19,7097,-2,0,0,-2,0
2020-08-18,US,Nebraska,Johnson,22,0,0,40.39257596,-96.26522753,31097.0,433.8394793926248,0.0,22,19,0,0,19,17,5134,3,0,0,3,2
2020-08-18,US,Nebraska,Kearney,79,0,0,40.50663314,-98.94877182,31099.0,1216.320246343341,0.0,79,84,0,0,84,83,6544,-5,0,0,-5,1
2020-08-18,US,Nebraska,Keith,45,0,0,41.19930341,-101.66201640000001,31101.0,560.1194921583271,0.0,45,41,0,0,41,38,8021,4,0,0,4,3
2020-08-18,US,Nebraska,Keya Paha,4,0,0,42.87990694,-99.71343729,31103.0,496.27791563275434,0.0,4,,,,,,810,,,,,
2020-08-18,US,Nebraska,Kimball,14,0,0,41.19774275,-103.7148131,31105.0,385.4625550660794,0.0,14,15,0,0,15,15,3618,-1,0,0,-1,0
2020-08-18,US,Nebraska,Knox,42,0,0,42.63758421,-97.89178836,31107.0,504.0806529044647,0.0,42,43,0,0,43,42,8419,-1,0,0,-1,1
2020-08-18,US,Nebraska,Lancaster,3404,20,0,40.78416049,-96.68777155,31109.0,1066.7836660503306,0.5875440658049353,3384,3451,19,0,3432,3446,317272,-47,1,0,-48,5
2020-08-18,US,Nebraska,Lincoln,208,2,0,41.04658298,-100.74753740000001,31111.0,595.7495560520134,0.9615384615384616,206,200,2,0,198,194,35185,8,0,0,8,6
2020-08-18,US,Nebraska,Madison,484,5,0,41.91676024,-97.6005481,31119.0,1378.9566654320636,1.033057851239669,479,492,5,0,487,490,35392,-8,0,0,-8,2
2020-08-18,US,Nebraska,McPherson,6,0,0,41.56797682,-101.05993620000001,31117.0,1214.5748987854256,0.0,6,6,0,0,6,6,492,0,0,0,0,0
2020-08-18,US,Nebraska,Merrick,60,0,0,41.16624273,-98.0374887,31121.0,773.6943907156673,0.0,60,63,0,0,63,63,7733,-3,0,0,-3,0
2020-08-18,US,Nebraska,Morrill,60,0,0,41.71711774,-103.0061405,31123.0,1292.5463162429987,0.0,60,63,0,0,63,63,4686,-3,0,0,-3,0
2020-08-18,US,Nebraska,Nance,10,0,0,41.39750195,-97.99327291,31125.0,284.1716396703609,0.0,10,11,0,0,11,10,3532,-1,0,0,-1,1
2020-08-18,US,Nebraska,Nemaha,35,0,0,40.38514847,-95.85433992,31127.0,502.0080321285141,0.0,35,52,0,0,52,50,6958,-17,0,0,-17,2
2020-08-18,US,Nebraska,Nuckolls,7,0,0,40.17637905,-98.04743961,31129.0,168.7560270009643,0.0,7,6,0,0,6,6,4195,1,0,0,1,0
2020-08-18,US,Nebraska,Otoe,72,0,0,40.64843556,-96.13374142,31131.0,449.6627529352984,0.0,72,70,0,0,70,64,15985,2,0,0,2,6
2020-08-18,US,Nebraska,Pawnee,8,0,0,40.13141096,-96.23705437,31133.0,306.1615001913508,0.0,8,9,0,0,9,9,2632,-1,0,0,-1,0
2020-08-18,US,Nebraska,Perkins,16,7,0,40.85082525,-101.6502942,31135.0,553.4417156693186,43.75,9,24,7,0,17,24,2929,-8,0,0,-8,0
2020-08-18,US,Nebraska,Phelps,42,0,0,40.51156033,-99.41461667,31137.0,464.91033872038963,0.0,42,49,0,0,49,45,8996,-7,0,0,-7,4
2020-08-18,US,Nebraska,Pierce,46,1,0,42.26434853,-97.60122773,31139.0,643.5366536094012,2.1739130434782608,45,48,0,0,48,45,7142,-2,1,0,-3,3
2020-08-18,US,Nebraska,Platte,776,3,0,41.57246836,-97.52144359,31141.0,2318.494173887063,0.3865979381443299,773,821,3,0,818,817,33363,-45,0,0,-45,4
2020-08-18,US,Nebraska,Polk,27,0,0,41.18813488,-97.56630712,31143.0,517.9359294072511,0.0,27,28,0,0,28,28,5278,-1,0,0,-1,0
2020-08-18,US,Nebraska,Red Willow,16,0,0,40.17556879999999,-100.476998,31145.0,149.19806042521446,0.0,16,18,0,0,18,18,10726,-2,0,0,-2,0
2020-08-18,US,Nebraska,Richardson,26,1,0,40.1247415,-95.71755036,31147.0,330.57851239669424,3.8461538461538463,25,28,1,0,27,27,7937,-2,0,0,-2,1
2020-08-18,US,Nebraska,Rock,2,0,0,42.42252217,-99.44832069,31149.0,147.38393515106853,0.0,2,3,0,0,3,3,1360,-1,0,0,-1,0
2020-08-18,US,Nebraska,Saline,593,2,0,40.52418865,-97.14085859,31151.0,4169.010123734533,0.3372681281618887,591,604,2,0,602,603,14350,-11,0,0,-11,1
2020-08-18,US,Nebraska,Sarpy,2456,11,0,41.11314181,-96.11156432,31153.0,1311.9938460223511,0.44788273615635177,2445,2506,11,0,2495,2488,184459,-50,0,0,-50,18
2020-08-18,US,Nebraska,Saunders,176,2,0,41.227810299999994,-96.63773905,31155.0,815.6455649272408,1.1363636363636365,174,181,2,0,179,177,21303,-5,0,0,-5,4
2020-08-18,US,Nebraska,Scotts Bluff,319,6,0,41.85070896,-103.70809859999999,31157.0,895.6145768993207,1.8808777429467085,313,315,6,0,309,313,35989,4,0,0,4,2
2020-08-18,US,Nebraska,Seward,126,1,0,40.87241834,-97.139673,31159.0,728.9979171488081,0.7936507936507936,125,134,1,0,133,133,17318,-8,0,0,-8,1
2020-08-18,US,Nebraska,Sheridan,12,0,0,42.50284406,-102.4126613,31161.0,228.7457110179184,0.0,12,12,0,0,12,12,5190,0,0,0,0,0
2020-08-18,US,Nebraska,Sherman,13,0,0,41.22045983,-98.97588642,31163.0,433.18893702099297,0.0,13,15,0,0,15,14,3038,-2,0,0,-2,1
2020-08-18,US,Nebraska,Sioux,5,0,0,42.48932059,-103.7576544,31165.0,0.0,0.0,5,5,0,0,5,5,1187,0,0,0,0,0
2020-08-18,US,Nebraska,Stanton,33,0,0,41.9169835,-97.19394708,31167.0,219.59459459459458,0.0,33,33,0,0,33,33,5970,0,0,0,0,0
2020-08-18,US,Nebraska,Thayer,28,0,0,40.17626377,-97.59504381,31169.0,559.6642014791124,0.0,28,27,0,0,27,27,5039,1,0,0,1,0
2020-08-18,US,Nebraska,Thomas,2,0,0,41.91358968,-100.5556632,31171.0,277.0083102493075,0.0,2,2,0,0,2,2,720,0,0,0,0,0
2020-08-18,US,Nebraska,Thurston,123,4,0,42.15725356,-96.54157099,31173.0,1702.6578073089706,3.2520325203252027,119,211,4,0,207,211,7303,-88,0,0,-88,0
2020-08-18,US,Nebraska,Unassigned,159,1,0,0.0,0.0,90031.0,0.0,0.6289308176100629,158,159,1,0,158,154,,0,0,0,0,5
2020-08-18,US,Nebraska,Valley,11,0,0,41.56730777,-98.98197724,31175.0,264.55026455026456,0.0,11,13,0,0,13,13,4190,-2,0,0,-2,0
2020-08-18,US,Nebraska,Washington,150,1,0,41.52815707,-96.22019892,31177.0,723.623908533938,0.6666666666666666,149,148,1,0,147,147,20667,2,0,0,2,1
2020-08-18,US,Nebraska,Wayne,39,0,0,42.20934475,-97.11926964,31179.0,415.55673947789023,0.0,39,39,0,0,39,40,9403,0,0,0,0,-1
2020-08-18,US,Nebraska,Webster,11,0,0,40.17642643,-98.50019851,31181.0,315.4574132492114,0.0,11,10,0,0,10,10,3533,1,0,0,1,0
2020-08-18,US,Nebraska,Wheeler,2,0,0,41.91482725,-98.52798941,31183.0,255.4278416347382,0.0,2,1,0,0,1,1,805,1,0,0,1,0
2020-08-18,US,Nebraska,York,89,0,0,40.87272618,-97.59710186,31185.0,650.6323561663862,0.0,89,93,0,0,93,94,13772,-4,0,0,-4,-1
2020-08-18,US,Nevada,Carson City,391,8,0,39.15509045,-119.7480219,32510.0,699.2631804850133,2.0460358056265986,383,388,8,0,380,388,55414,3,0,0,3,0
2020-08-18,US,Nevada,Churchill,87,1,0,39.58105744,-118.3394607,32001.0,349.27134770564857,1.1494252873563218,86,82,1,0,81,82,24440,5,0,0,5,0
2020-08-18,US,Nevada,Clark,54076,937,0,36.21458855,-115.0130241,32003.0,2385.6550117681313,1.7327465049190032,53139,53458,913,0,52545,52867,2231647,618,24,0,594,591
2020-08-18,US,Nevada,Douglas,216,1,0,38.912862,-119.61713329999999,32005.0,441.67263061036704,0.462962962962963,215,216,1,0,215,216,48467,0,0,0,0,0
2020-08-18,US,Nevada,Elko,643,3,0,41.14531606,-115.3577619,32007.0,1218.3106597445906,0.4665629860031104,640,640,3,0,637,640,52460,3,0,0,3,0
2020-08-18,US,Nevada,Eureka,5,0,0,39.98100864,-116.26832040000001,32011.0,246.4268112370626,0.0,5,5,0,0,5,5,2003,0,0,0,0,0
2020-08-18,US,Nevada,Humboldt,104,4,0,41.40692186,-118.11094270000001,32013.0,617.9074327134455,3.8461538461538463,100,104,4,0,100,104,16786,0,0,0,0,0
2020-08-18,US,Nevada,Lander,52,1,0,39.933223299999995,-117.03970749999999,32015.0,939.9855386840204,1.9230769230769231,51,52,1,0,51,52,5575,0,0,0,0,0
2020-08-18,US,Nevada,Lincoln,5,0,0,37.64268459,-114.8790388,32017.0,96.46922631680496,0.0,5,5,0,0,5,5,5201,0,0,0,0,0
2020-08-18,US,Nevada,Lyon,273,6,0,39.01777974,-119.18704790000001,32019.0,474.70005216484077,2.1978021978021984,267,271,6,0,265,269,55808,2,0,0,2,2
2020-08-18,US,Nevada,Mineral,11,0,0,38.53841696,-118.4344506,32021.0,244.173140954495,0.0,11,11,0,0,11,11,4514,0,0,0,0,0
2020-08-18,US,Nevada,Nye,441,13,0,38.04264256,-116.47227020000001,32023.0,947.918233991789,2.947845804988662,428,441,12,0,429,439,45346,0,1,0,-1,2
2020-08-18,US,Nevada,Pershing,15,0,0,40.44003782,-118.40056409999998,32027.0,223.04832713754647,0.0,15,14,0,0,14,14,6666,1,0,0,1,0
2020-08-18,US,Nevada,Storey,6,0,0,39.44875482,-119.5250207,32029.0,145.52510308028138,0.0,6,6,0,0,6,6,4029,0,0,0,0,0
2020-08-18,US,Nevada,Washoe,6297,127,0,40.66562265,-119.6631594,32031.0,1335.471105088024,2.0168334127362235,6170,6258,127,0,6131,6191,465735,39,0,0,39,67
2020-08-18,US,Nevada,White Pine,17,1,0,39.44157041,-114.89996599999999,32033.0,177.45302713987473,5.882352941176472,16,16,1,0,15,16,9475,1,0,0,1,0
2020-08-18,US,New Hampshire,Belknap,121,4,0,43.51637314,-71.41684235,33001.0,197.38022609007717,3.3057851239669422,117,121,4,0,117,121,61022,0,0,0,0,0
2020-08-18,US,New Hampshire,Carroll,98,1,0,43.87498583,-71.20430216,33003.0,200.36802289920257,1.020408163265306,97,96,1,0,95,96,48779,2,0,0,2,0
2020-08-18,US,New Hampshire,Cheshire,107,3,0,42.92015988,-72.25311043,33005.0,140.6321876848262,2.803738317757009,104,107,3,0,104,106,76493,0,0,0,0,1
2020-08-18,US,New Hampshire,Coos,17,0,0,44.69063265,-71.30633239,33007.0,53.86053290244907,0.0,17,17,0,0,17,17,31589,0,0,0,0,0
2020-08-18,US,New Hampshire,Grafton,107,1,0,43.93779815,-71.82057197,33009.0,119.03967247402264,0.9345794392523364,106,107,1,0,106,107,89786,0,0,0,0,0
2020-08-18,US,New Hampshire,Hillsborough,3948,281,0,42.91537785,-71.7200253,33011.0,946.7058329836341,7.117527862208713,3667,3942,281,0,3661,3935,415247,6,0,0,6,7
2020-08-18,US,New Hampshire,Merrimack,475,23,0,43.29662971,-71.6811573,33013.0,313.75709256164504,4.842105263157895,452,474,23,0,451,472,151132,1,0,0,1,2
2020-08-18,US,New Hampshire,Rockingham,1733,97,0,42.98499744,-71.12883377,33015.0,559.449137905988,5.5972302365839575,1636,1729,96,0,1633,1723,309176,4,1,0,3,6
2020-08-18,US,New Hampshire,Strafford,367,13,0,43.291833000000004,-71.02336013,33017.0,280.93973192072445,3.5422343324250685,354,367,13,0,354,367,130090,0,0,0,0,0
2020-08-18,US,New Hampshire,Sullivan,44,1,0,43.36094111,-72.22203125,33019.0,101.97932600936356,2.272727272727273,43,44,1,0,43,44,43144,0,0,0,0,0
2020-08-18,US,New Jersey,Atlantic,3618,254,0,39.47538693,-74.65848483,34001.0,1372.1697576516099,7.020453289110005,3364,3602,253,0,3349,3585,265429,16,1,0,15,17
2020-08-18,US,New Jersey,Bergen,21303,2036,0,40.96010917,-74.07164325,34003.0,2285.234316167526,9.55733934187673,19267,21277,2036,0,19241,21195,936692,26,0,0,26,82
2020-08-18,US,New Jersey,Burlington,6175,478,0,39.87681124,-74.66927768,34005.0,1386.5530179701761,7.740890688259109,5697,6159,477,0,5682,6145,445384,16,1,0,15,14
2020-08-18,US,New Jersey,Camden,8845,583,0,39.80343818,-74.96388753,34007.0,1746.3981155880595,6.591294516676087,8262,8820,583,0,8237,8793,507078,25,0,0,25,27
2020-08-18,US,New Jersey,Cape May,853,90,0,39.15008829,-74.80170244,34009.0,926.7810384728213,10.550996483001171,763,848,89,0,759,847,92560,5,1,0,4,1
2020-08-18,US,New Jersey,Cumberland,3441,158,0,39.37199394,-75.10712559,34011.0,2301.256629237529,4.5916884626562045,3283,3438,158,0,3280,3427,150972,3,0,0,3,11
2020-08-18,US,New Jersey,Essex,20001,2111,0,40.78681335,-74.24657979,34013.0,2503.3323946306205,10.55447227638618,17890,19938,2111,0,17827,19927,799767,63,0,0,63,11
2020-08-18,US,New Jersey,Gloucester,3458,217,0,39.71581067,-75.13995546,34015.0,1185.724670479639,6.275303643724698,3241,3445,215,0,3230,3413,291408,13,2,0,11,32
2020-08-18,US,New Jersey,Hudson,19936,1509,0,40.73766234,-74.07515667,34017.0,2964.941529556464,7.56922150882825,18427,19911,1508,0,18403,19892,676061,25,1,0,24,19
2020-08-18,US,New Jersey,Hunterdon,1165,124,0,40.56335249,-74.91284156,34019.0,936.7135425460921,10.643776824034335,1041,1163,124,0,1039,1161,124714,2,0,0,2,2
2020-08-18,US,New Jersey,Mercer,8211,623,0,40.28047017,-74.70479631,34021.0,2234.7113735949706,7.587382779198637,7588,8199,622,0,7577,8190,369811,12,1,0,11,9
2020-08-18,US,New Jersey,Middlesex,18133,1416,0,40.43629879,-74.41426991,34023.0,2197.774227876208,7.808967076600672,16717,18119,1415,0,16704,18099,829685,14,1,0,13,20
2020-08-18,US,New Jersey,Monmouth,10509,858,0,40.26549699,-74.22240686,34025.0,1698.3007296439048,8.164430488153013,9651,10496,858,0,9638,10474,621354,13,0,0,13,22
2020-08-18,US,New Jersey,Morris,7358,830,0,40.86095313,-74.54553709999998,34027.0,1495.9997560206975,11.280239195433538,6528,7350,830,0,6520,7341,494228,8,0,0,8,9
2020-08-18,US,New Jersey,Ocean,10805,1020,0,39.8895449,-74.28089251,34029.0,1779.5206081826655,9.440074039796393,9785,10763,1020,0,9743,10752,601651,42,0,0,42,11
2020-08-18,US,New Jersey,Passaic,18002,1245,0,41.03238628,-74.29954144,34031.0,3587.299183382288,6.915898233529608,16757,17963,1244,0,16719,17950,503310,39,1,0,38,13
2020-08-18,US,New Jersey,Salem,937,87,0,39.58719656,-75.34696629999998,34033.0,1501.9636130480085,9.28495197438634,850,933,87,0,846,930,62607,4,0,0,4,3
2020-08-18,US,New Jersey,Somerset,5323,566,0,40.56465737,-74.61683016,34035.0,1618.25776599561,10.633101634416684,4757,5317,566,0,4751,5307,331164,6,0,0,6,10
2020-08-18,US,New Jersey,Sussex,1355,198,0,41.13891592,-74.69118243,34037.0,964.4951882011276,14.612546125461256,1157,1353,198,0,1155,1351,140799,2,0,0,2,2
2020-08-18,US,New Jersey,Unassigned,402,0,0,0.0,0.0,90034.0,0.0,0.0,402,426,0,0,426,442,,-24,0,0,-24,-16
2020-08-18,US,New Jersey,Union,16898,1350,0,40.65835409,-74.30680092,34039.0,3037.345800507243,7.989111137412713,15548,16879,1350,0,15529,16869,558067,19,0,0,19,10
2020-08-18,US,New Jersey,Warren,1370,172,0,40.85951833,-74.99556527,34041.0,1301.45249698386,12.554744525547445,1198,1368,172,0,1196,1365,105779,2,0,0,2,3
2020-08-18,US,New Mexico,Bernalillo,5383,140,0,35.05163625,-106.6703554,35001.0,792.6422537368156,2.6007802340702204,5243,5365,139,0,5226,5337,678701,18,1,0,17,28
2020-08-18,US,New Mexico,Catron,5,1,0,33.91514144,-108.4046587,35003.0,141.7635384179189,20.0,4,6,1,0,5,6,3578,-1,0,0,-1,0
2020-08-18,US,New Mexico,Chaves,548,6,0,33.36406072,-104.4665365,35005.0,848.100286311228,1.094890510948905,542,544,6,0,538,538,64689,4,0,0,4,6
2020-08-18,US,New Mexico,Cibola,385,19,0,34.91131525,-107.998876,35006.0,1443.298969072165,4.9350649350649345,366,383,19,0,364,381,26746,2,0,0,2,2
2020-08-18,US,New Mexico,Colfax,19,1,0,36.60569702,-104.64726740000002,35007.0,159.11565195544762,5.2631578947368425,18,18,1,0,17,18,12110,1,0,0,1,0
2020-08-18,US,New Mexico,Curry,603,3,0,34.57421077,-103.34688759999999,35009.0,1231.768599093026,0.4975124378109453,600,597,3,0,594,594,49437,6,0,0,6,3
2020-08-18,US,New Mexico,Dona Ana,2648,36,0,32.35275771,-106.83293870000001,35013.0,1213.5933454020487,1.3595166163141994,2612,2640,35,0,2605,2630,217522,8,1,0,7,10
2020-08-18,US,New Mexico,Eddy,379,5,0,32.47167456,-104.3053527,35015.0,648.3065343824837,1.3192612137203166,374,376,5,0,371,373,57900,3,0,0,3,3
2020-08-18,US,New Mexico,Grant,72,2,0,32.73911281,-108.3827845,35017.0,266.6864212163864,2.7777777777777777,70,72,2,0,70,72,27346,0,0,0,0,0
2020-08-18,US,New Mexico,Guadalupe,32,0,0,34.86319296,-104.790669,35019.0,744.1860465116278,0.0,32,32,0,0,32,32,4341,0,0,0,0,0
2020-08-18,US,New Mexico,Harding,2,0,0,35.85751555,-103.82209379999999,35021.0,320.0,0.0,2,2,0,0,2,2,655,0,0,0,0,0
2020-08-18,US,New Mexico,Hidalgo,93,0,0,31.91383467,-108.7151824,35023.0,2215.340638399238,0.0,93,93,0,0,93,90,4240,0,0,0,0,3
2020-08-18,US,New Mexico,Lea,942,7,0,32.79215361,-103.4123733,35025.0,1325.4537779653865,0.7430997876857749,935,930,6,0,924,922,69611,12,1,0,11,8
2020-08-18,US,New Mexico,Lincoln,157,2,0,33.74526079,-105.4586166,35027.0,802.1663601062743,1.2738853503184713,155,157,2,0,155,155,19556,0,0,0,0,2
2020-08-18,US,New Mexico,Los Alamos,23,0,0,35.86631386,-106.31349850000001,35028.0,118.74645051370749,0.0,23,24,0,0,24,24,19101,-1,0,0,-1,0
2020-08-18,US,New Mexico,Luna,257,5,0,32.18179341,-107.75088259999998,35029.0,1083.976548989835,1.9455252918287935,252,257,5,0,252,257,23963,0,0,0,0,0
2020-08-18,US,New Mexico,McKinley,4131,234,0,35.58007720000001,-108.262245,35031.0,5788.389591828156,5.664488017429194,3897,4125,233,0,3892,4121,72290,6,1,0,5,4
2020-08-18,US,New Mexico,Mora,6,0,0,36.01095101,-104.9497716,35033.0,132.71400132713998,0.0,6,6,0,0,6,6,4506,0,0,0,0,0
2020-08-18,US,New Mexico,Otero,211,11,0,32.61348406,-105.7417604,35035.0,312.63890946806936,5.213270142180095,200,209,11,0,198,209,66781,2,0,0,2,0
2020-08-18,US,New Mexico,Quay,51,1,0,35.10403332,-103.54817270000001,35037.0,617.9571065067248,1.96078431372549,50,50,1,0,49,50,8253,1,0,0,1,0
2020-08-18,US,New Mexico,Rio Arriba,327,10,0,36.51072137,-106.69316740000001,35039.0,840.1634079288817,3.058103975535168,317,326,10,0,316,326,39006,1,0,0,1,0
2020-08-18,US,New Mexico,Roosevelt,176,1,0,34.02097406,-103.4799493,35041.0,951.3513513513514,0.5681818181818182,175,175,1,0,174,175,18743,1,0,0,1,0
2020-08-18,US,New Mexico,San Juan,3106,188,0,36.50838318,-108.32043700000001,35045.0,2505.6874102518595,6.052801030264004,2918,3104,187,0,2917,3102,125043,2,1,0,1,2
2020-08-18,US,New Mexico,San Miguel,55,0,0,35.48014807,-104.8163562,35047.0,201.63507717124318,0.0,55,55,0,0,55,53,27591,0,0,0,0,2
2020-08-18,US,New Mexico,Sandoval,1162,33,0,35.68862401,-106.86878030000001,35043.0,791.833619538256,2.8399311531841653,1129,1161,33,0,1128,1158,145179,1,0,0,1,3
2020-08-18,US,New Mexico,Santa Fe,711,3,0,35.50708973,-105.9774716,35049.0,472.8714135596377,0.4219409282700422,708,701,3,0,698,695,150056,10,0,0,10,6
2020-08-18,US,New Mexico,Sierra,34,1,0,33.13028233,-107.1925893,35051.0,315.0773792975628,2.9411764705882355,33,34,1,0,33,34,10968,0,0,0,0,0
2020-08-18,US,New Mexico,Socorro,75,6,0,34.00715494,-106.9298354,35053.0,450.8024283224138,8.0,69,75,6,0,69,75,16735,0,0,0,0,0
2020-08-18,US,New Mexico,Taos,116,1,0,36.58006022,-105.63101979999999,35055.0,354.4907251780093,0.8620689655172413,115,115,1,0,114,115,32835,1,0,0,1,0
2020-08-18,US,New Mexico,Torrance,63,1,0,34.64048375,-105.8508949,35057.0,407.4768773041847,1.5873015873015872,62,63,1,0,62,63,15591,0,0,0,0,0
2020-08-18,US,New Mexico,Unassigned,1311,0,0,0.0,0.0,90035.0,0.0,0.0,1311,1311,0,0,1311,1305,,0,0,0,0,6
2020-08-18,US,New Mexico,Union,30,2,0,36.48126404,-103.4709624,35059.0,739.09830007391,6.666666666666668,28,30,2,0,28,30,4118,0,0,0,0,0
2020-08-18,US,New Mexico,Valencia,466,4,0,34.71669834,-106.8103733,35061.0,607.6569997913624,0.8583690987124464,462,464,4,0,460,460,76456,2,0,0,2,4
2020-08-18,US,New York,Albany,2661,129,0,42.60060306,-73.97723916,36001.0,871.0139899052721,4.8478015783540025,2532,2657,129,0,2528,2654,307117,4,0,0,4,3
2020-08-18,US,New York,Allegany,80,1,0,42.25748406,-78.02750466,36003.0,173.56967737736218,1.25,79,80,1,0,79,80,46430,0,0,0,0,0
2020-08-18,US,New York,Broome,1177,69,0,42.15903158,-75.81326086,36007.0,617.8866910251564,5.862361937128293,1108,1172,69,0,1103,1166,191659,5,0,0,5,6
2020-08-18,US,New York,Cattaraugus,172,6,0,42.24778241,-78.67923096,36009.0,225.96791781073875,3.4883720930232562,166,171,6,0,165,171,76840,1,0,0,1,0
2020-08-18,US,New York,Cayuga,164,2,0,42.91261714,-76.55731592,36011.0,214.16631842875046,1.2195121951219512,162,164,2,0,162,164,77145,0,0,0,0,0
2020-08-18,US,New York,Chautauqua,271,9,0,42.22769210000001,-79.36691763,36013.0,213.54893107333947,3.3210332103321027,262,265,9,0,256,263,127939,6,0,0,6,2
2020-08-18,US,New York,Chemung,190,3,0,42.13891056,-76.7638805,36015.0,227.66487730061348,1.5789473684210529,187,190,3,0,187,189,84254,0,0,0,0,1
2020-08-18,US,New York,Chenango,218,6,0,42.49430041,-75.60887553,36017.0,461.79592009659586,2.7522935779816518,212,218,6,0,212,218,47536,0,0,0,0,0
2020-08-18,US,New York,Clinton,134,4,0,44.74530905,-73.67875352,36019.0,166.49065043175747,2.985074626865672,130,133,4,0,129,132,80695,1,0,0,1,1
2020-08-18,US,New York,Columbia,558,37,0,42.24819348,-73.63089095,36021.0,938.4302315803636,6.630824372759856,521,552,37,0,515,552,59916,6,0,0,6,0
2020-08-18,US,New York,Cortland,97,0,0,42.59509207,-76.07048931,36023.0,203.86288644627052,0.0,97,97,0,0,97,97,47823,0,0,0,0,0
2020-08-18,US,New York,Delaware,107,4,0,42.19837623,-74.96709306,36025.0,242.43797439673733,3.7383177570093458,103,107,4,0,103,107,44527,0,0,0,0,0
2020-08-18,US,New York,Dutchess,4704,153,0,41.76486060000001,-73.74356679,36027.0,1598.814484497889,3.252551020408163,4551,4700,153,0,4547,4686,293718,4,0,0,4,14
2020-08-18,US,New York,Erie,9187,674,0,42.76249024,-78.73063652,36029.0,999.9978230155153,7.336453684554262,8513,9157,674,0,8483,9147,919719,30,0,0,30,10
2020-08-18,US,New York,Essex,63,0,0,44.11630765,-73.77297842,36031.0,170.80113867425786,0.0,63,59,0,0,59,59,37300,4,0,0,4,0
2020-08-18,US,New York,Franklin,55,0,0,44.59040891,-74.29926032,36033.0,109.95162128663387,0.0,55,54,0,0,54,54,50293,1,0,0,1,0
2020-08-18,US,New York,Fulton,305,24,0,43.11363907,-74.41798804,36035.0,571.3429368900213,7.868852459016392,281,303,24,0,279,303,53591,2,0,0,2,0
2020-08-18,US,New York,Genesee,288,5,0,43.0022601,-78.19135193,36037.0,502.7932960893856,1.7361111111111112,283,285,5,0,280,285,57511,3,0,0,3,0
2020-08-18,US,New York,Greene,300,18,0,42.275797,-74.12384884,36039.0,635.7548529287106,6.0,282,298,18,0,280,298,47491,2,0,0,2,0
2020-08-18,US,New York,Hamilton,11,0,0,43.66146647,-74.49721957,36041.0,249.09420289855072,0.0,11,11,0,0,11,11,4434,0,0,0,0,0
2020-08-18,US,New York,Herkimer,284,4,0,43.42034246,-74.96145307,36043.0,463.1517148029159,1.4084507042253518,280,284,4,0,280,283,61833,0,0,0,0,1
2020-08-18,US,New York,Jefferson,143,0,0,44.04200959,-75.94653457,36045.0,130.19647832183114,0.0,143,143,0,0,143,143,111755,0,0,0,0,0
2020-08-18,US,New York,Lewis,47,0,0,43.784415700000004,-75.44903992,36049.0,178.73440827502282,0.0,47,47,0,0,47,47,26447,0,0,0,0,0
2020-08-18,US,New York,Livingston,178,8,0,42.72596275,-77.77966158,36051.0,282.9258988460438,4.49438202247191,170,178,8,0,170,178,63227,0,0,0,0,0
2020-08-18,US,New York,Madison,423,17,0,42.91653905,-75.67266639,36053.0,596.2701399754726,4.018912529550828,406,421,17,0,404,421,70795,2,0,0,2,0
2020-08-18,US,New York,Monroe,5213,285,0,43.14638895,-77.69322942,36055.0,702.7784892891327,5.46710147707654,4928,5183,285,0,4898,5165,742474,30,0,0,30,18
2020-08-18,US,New York,Montgomery,188,4,0,42.90123494,-74.44011632,36057.0,381.9507933605575,2.127659574468085,184,188,4,0,184,187,49455,0,0,0,0,1
2020-08-18,US,New York,Nassau,44001,2195,0,40.74066522,-73.58941873,36059.0,3242.7018757130104,4.988522988113907,41806,43955,2195,0,41760,43929,1358343,46,0,0,46,26
2020-08-18,US,New York,New York City,230742,23642,0,40.76727260000001,-73.97152637,36061.0,2767.7469710562195,10.246075703599693,207100,230458,23634,0,206824,230223,1628701,284,8,0,276,235
2020-08-18,US,New York,Niagara,1535,98,0,43.19898042,-78.74777412,36063.0,733.4636206822406,6.384364820846906,1437,1532,98,0,1434,1532,210433,3,0,0,3,0
2020-08-18,US,New York,Oneida,2213,117,0,43.24375382,-75.43710392,36065.0,967.7659169724188,5.286940804338003,2096,2201,117,0,2084,2198,229577,12,0,0,12,3
2020-08-18,US,New York,Onondaga,3696,203,0,43.00491923,-76.19971155,36067.0,802.5570649341626,5.492424242424242,3493,3680,203,0,3477,3674,461809,16,0,0,16,6
2020-08-18,US,New York,Ontario,371,34,0,42.85145728,-77.30874425,36069.0,337.95786002532407,9.164420485175203,337,369,34,0,335,368,109864,2,0,0,2,1
2020-08-18,US,New York,Orange,11269,491,0,41.40337468,-74.30240757,36071.0,2927.4692159817114,4.357085810630935,10778,11256,491,0,10765,11254,381951,13,0,0,13,2
2020-08-18,US,New York,Orleans,302,54,0,43.2516977,-78.2320066,36073.0,748.4139571768437,17.880794701986755,248,302,54,0,248,301,40612,0,0,0,0,1
2020-08-18,US,New York,Oswego,272,3,0,43.42778894,-76.14635194,36075.0,232.23250572043304,1.1029411764705883,269,272,3,0,269,271,117898,0,0,0,0,1
2020-08-18,US,New York,Otsego,120,5,0,42.63492579,-75.03151402,36077.0,201.704402198578,4.166666666666667,115,118,5,0,113,118,59749,2,0,0,2,0
2020-08-18,US,New York,Putnam,1463,63,0,41.42630093,-73.74965532,36079.0,1487.9983726606995,4.30622009569378,1400,1463,63,0,1400,1461,98892,0,0,0,0,2
2020-08-18,US,New York,Rensselaer,801,38,0,42.71348136,-73.51089874,36083.0,504.6813765641342,4.744069912609239,763,795,38,0,757,795,159442,6,0,0,6,0
2020-08-18,US,New York,Rockland,14053,674,0,41.15027894,-74.02560498,36087.0,4313.528081058599,4.796128940439764,13379,14011,674,0,13337,14007,325695,42,0,0,42,4
2020-08-18,US,New York,Saratoga,800,17,0,43.10904162,-73.86653895,36091.0,348.0333938041355,2.125,783,795,17,0,778,792,230163,5,0,0,5,3
2020-08-18,US,New York,Schenectady,1130,37,0,42.81668777,-74.05278291,36093.0,727.6286389480937,3.2743362831858414,1093,1121,37,0,1084,1119,155350,9,0,0,9,2
2020-08-18,US,New York,Schoharie,69,0,0,42.58831742,-74.44339029999998,36095.0,222.58782541372295,0.0,69,69,0,0,69,69,31097,0,0,0,0,0
2020-08-18,US,New York,Schuyler,23,0,0,42.39184015,-76.8773299,36097.0,129.16268883023528,0.0,23,23,0,0,23,23,17912,0,0,0,0,0
2020-08-18,US,New York,Seneca,95,3,0,42.78081007,-76.82497064,36099.0,279.28033866415797,3.1578947368421053,92,94,3,0,91,93,34300,1,0,0,1,1
2020-08-18,US,New York,St. Lawrence,263,4,0,44.4976179,-75.06550039,36089.0,244.10618154817158,1.520912547528517,259,263,4,0,259,263,108047,0,0,0,0,0
2020-08-18,US,New York,Steuben,307,42,0,42.2689144,-77.3829924,36101.0,321.8737877310519,13.680781758957655,265,307,42,0,265,306,95796,0,0,0,0,1
2020-08-18,US,New York,Suffolk,44235,2000,0,40.88320119,-72.8012172,36103.0,2995.7314128867583,4.521306657624053,42235,44185,1998,0,42187,44159,1481093,50,2,0,48,26
2020-08-18,US,New York,Sullivan,1493,48,0,41.71579493,-74.76394559,36105.0,1979.2660939654252,3.215003348961822,1445,1493,48,0,1445,1493,75498,0,0,0,0,0
2020-08-18,US,New York,Tioga,198,25,0,42.16852837,-76.30835812,36107.0,410.7628155923905,12.626262626262625,173,196,25,0,171,195,48560,2,0,0,2,1
2020-08-18,US,New York,Tompkins,238,0,0,42.44945765,-76.47229843,36109.0,232.92229399099628,0.0,238,238,0,0,238,238,102793,0,0,0,0,0
2020-08-18,US,New York,Ulster,2100,92,0,41.89027881,-74.26252104,36111.0,1182.6122214525858,4.380952380952381,2008,2098,92,0,2006,2095,178599,2,0,0,2,3
2020-08-18,US,New York,Warren,313,33,0,43.56173026,-73.8433699,36113.0,489.49080445389717,10.543130990415335,280,312,33,0,279,312,64265,1,0,0,1,0
2020-08-18,US,New York,Washington,262,14,0,43.31153794,-73.43043448,36115.0,428.0765963008954,5.343511450381679,248,261,14,0,247,261,61197,1,0,0,1,0
2020-08-18,US,New York,Wayne,270,3,0,43.15494365,-77.02976528,36117.0,300.2735825974777,1.1111111111111112,267,269,3,0,266,269,90064,1,0,0,1,0
2020-08-18,US,New York,Westchester,36540,1448,0,41.16278376,-73.75741653,36119.0,3776.7207645223907,3.9627805145046526,35092,36486,1447,0,35039,36453,967612,54,1,0,53,33
2020-08-18,US,New York,Wyoming,120,5,0,42.70145109,-78.22199579,36121.0,301.0612408740812,4.166666666666667,115,118,5,0,113,118,40085,2,0,0,2,0
2020-08-18,US,New York,Yates,59,7,0,42.63505484,-77.10369919,36123.0,236.82414803516238,11.864406779661017,52,59,7,0,52,59,24841,0,0,0,0,0
2020-08-18,US,North Carolina,Alamance,2681,42,0,36.0434701,-79.39976137,37001.0,1581.6269342630774,1.566579634464752,2639,2653,42,0,2611,2639,166436,28,0,0,28,14
2020-08-18,US,North Carolina,Alexander,346,2,0,35.922379600000006,-81.17751948,37003.0,922.7404859055392,0.5780346820809249,344,342,2,0,340,338,37353,4,0,0,4,4
2020-08-18,US,North Carolina,Alleghany,181,0,0,36.49360862,-81.12857041,37005.0,1625.21325312023,0.0,181,180,0,0,180,179,11161,1,0,0,1,1
2020-08-18,US,North Carolina,Anson,381,3,0,34.97403241,-80.09953279,37007.0,1558.5371839973818,0.7874015748031497,378,377,3,0,374,374,24877,4,0,0,4,3
2020-08-18,US,North Carolina,Ashe,175,1,0,36.43296207,-81.49862729,37009.0,643.3113994779987,0.5714285714285714,174,174,1,0,173,174,27109,1,0,0,1,0
2020-08-18,US,North Carolina,Avery,110,0,0,36.07569796,-81.92308483,37011.0,626.5307284843652,0.0,110,108,0,0,108,107,17505,2,0,0,2,1
2020-08-18,US,North Carolina,Beaufort,462,2,0,35.48531943,-76.84325809,37013.0,983.1042260714132,0.4329004329004329,460,460,2,0,458,448,47079,2,0,0,2,12
2020-08-18,US,North Carolina,Bertie,326,5,0,36.0688473,-76.96545943,37015.0,1720.5890114530005,1.5337423312883436,321,323,5,0,318,317,19026,3,0,0,3,6
2020-08-18,US,North Carolina,Bladen,658,8,0,34.61296243,-78.56180059,37017.0,2010.8795305910398,1.2158054711246202,650,653,7,0,646,652,33190,5,1,0,4,1
2020-08-18,US,North Carolina,Brunswick,1326,22,0,34.070565,-78.22814204,37019.0,928.4413947626384,1.6591251885369531,1304,1312,22,0,1290,1310,136744,14,0,0,14,2
2020-08-18,US,North Carolina,Buncombe,2113,54,0,35.61113393,-82.53305,37021.0,808.9865271008572,2.555608140085187,2059,2092,54,0,2038,2079,259103,21,0,0,21,13
2020-08-18,US,North Carolina,Burke,1720,27,0,35.74989637,-81.70755735,37023.0,1900.8675471072559,1.569767441860465,1693,1716,27,0,1689,1710,90382,4,0,0,4,6
2020-08-18,US,North Carolina,Cabarrus,2828,50,0,35.3877799,-80.55267168,37025.0,1306.5191981631115,1.7680339462517682,2778,2809,50,0,2759,2803,211342,19,0,0,19,6
2020-08-18,US,North Carolina,Caldwell,1295,14,0,35.95204977,-81.54799522,37027.0,1575.8475504392902,1.0810810810810811,1281,1283,13,0,1270,1277,82029,12,1,0,11,6
2020-08-18,US,North Carolina,Camden,79,2,0,36.33804939,-76.15568396,37029.0,726.9715652894083,2.5316455696202533,77,78,2,0,76,76,10710,1,0,0,1,2
2020-08-18,US,North Carolina,Carteret,385,5,0,34.8932941,-76.54120135,37031.0,554.1721244224375,1.2987012987012987,380,381,5,0,376,377,69524,4,0,0,4,4
2020-08-18,US,North Carolina,Caswell,203,2,0,36.39312665,-79.33353281,37033.0,898.0711378517078,0.9852216748768472,201,203,2,0,201,201,22698,0,0,0,0,2
2020-08-18,US,North Carolina,Catawba,2288,35,0,35.66211129,-81.2132617,37035.0,1434.0242304968313,1.5297202797202798,2253,2266,33,0,2233,2265,158652,22,2,0,20,1
2020-08-18,US,North Carolina,Chatham,1372,55,0,35.70394416,-79.25541492,37037.0,1842.3526252182087,4.008746355685132,1317,1363,55,0,1308,1353,73139,9,0,0,9,10
2020-08-18,US,North Carolina,Cherokee,299,4,0,35.1349263,-84.05970864,37039.0,1045.016077170418,1.3377926421404682,295,294,4,0,290,294,28383,5,0,0,5,0
2020-08-18,US,North Carolina,Chowan,168,2,0,36.12908077,-76.60118385,37041.0,1204.905687441727,1.1904761904761905,166,167,2,0,165,166,14029,1,0,0,1,1
2020-08-18,US,North Carolina,Clay,76,1,0,35.05704275,-83.74353633,37043.0,676.6984240049862,1.3157894736842106,75,76,1,0,75,76,11139,0,0,0,0,0
2020-08-18,US,North Carolina,Cleveland,1341,24,0,35.33553364,-81.55204486,37045.0,1369.1077827804836,1.7897091722595078,1317,1332,24,0,1308,1322,97645,9,0,0,9,10
2020-08-18,US,North Carolina,Columbus,990,50,0,34.26744084,-78.65801424,37047.0,1783.5266988542194,5.05050505050505,940,973,48,0,925,973,55655,17,2,0,15,0
2020-08-18,US,North Carolina,Craven,792,19,0,35.11833364,-77.08398081,37049.0,775.4138967485484,2.398989898989899,773,785,18,0,767,784,102912,7,1,0,6,1
2020-08-18,US,North Carolina,Cumberland,3493,61,0,35.04762133,-78.82623165,37051.0,1041.104709560697,1.7463498425422272,3432,3434,56,0,3378,3425,332330,59,5,0,54,9
2020-08-18,US,North Carolina,Currituck,85,0,0,36.36123664,-75.95876401,37053.0,306.1628786514425,0.0,85,83,0,0,83,83,27072,2,0,0,2,0
2020-08-18,US,North Carolina,Dare,216,2,0,35.66520691,-75.71767334,37055.0,583.6418168553595,0.925925925925926,214,215,2,0,213,212,36501,1,0,0,1,3
2020-08-18,US,North Carolina,Davidson,1913,26,0,35.79115496,-80.21256572,37057.0,1141.3468250511607,1.3591217982226869,1887,1886,23,0,1863,1879,166614,27,3,0,24,7
2020-08-18,US,North Carolina,Davie,443,5,0,35.93099927,-80.54496571,37059.0,1033.9354898940394,1.1286681715575622,438,439,5,0,434,437,42733,4,0,0,4,2
2020-08-18,US,North Carolina,Duplin,2030,49,0,34.93449805,-77.93140529,37061.0,3455.848555523399,2.413793103448276,1981,2025,49,0,1976,2027,58856,5,0,0,5,-2
2020-08-18,US,North Carolina,Durham,6447,81,0,36.03638492,-78.87608331,37063.0,2005.3625640770417,1.2563983248022337,6366,6428,79,0,6349,6409,316739,19,2,0,17,19
2020-08-18,US,North Carolina,Edgecombe,753,14,0,35.91230639,-77.59436892,37065.0,1462.931302455704,1.8592297476759627,739,745,13,0,732,736,52005,8,1,0,7,9
2020-08-18,US,North Carolina,Forsyth,5601,60,0,36.12859861,-80.25459052,37067.0,1465.0989419165826,1.0712372790573113,5541,5561,56,0,5505,5552,379099,40,4,0,36,9
2020-08-18,US,North Carolina,Franklin,934,28,0,36.081519,-78.28708884,37069.0,1340.3171414221138,2.9978586723768736,906,932,26,0,906,929,67560,2,2,0,0,3
2020-08-18,US,North Carolina,Gaston,3636,58,0,35.29373559,-81.17477045,37071.0,1619.3899229052818,1.5951595159515952,3578,3579,57,0,3522,3570,222846,57,1,0,56,9
2020-08-18,US,North Carolina,Gates,58,2,0,36.44667547,-76.69749701,37073.0,501.6433143054835,3.4482758620689653,56,57,2,0,55,55,11573,1,0,0,1,2
2020-08-18,US,North Carolina,Graham,49,0,0,35.3506925,-83.83369267,37075.0,580.4999407653123,0.0,49,49,0,0,49,46,8484,0,0,0,0,3
2020-08-18,US,North Carolina,Granville,1364,29,0,36.30337451,-78.65184241,37077.0,2256.6715748721936,2.1260997067448684,1335,1360,29,0,1331,1353,60115,4,0,0,4,7
2020-08-18,US,North Carolina,Greene,346,3,0,35.48544173,-77.67578087,37079.0,1642.2231714841712,0.8670520231213873,343,343,3,0,340,342,21012,3,0,0,3,1
2020-08-18,US,North Carolina,Guilford,6025,160,0,36.07959451,-79.78824948,37081.0,1121.6105023698094,2.655601659751037,5865,5974,158,0,5816,5959,533670,51,2,0,49,15
2020-08-18,US,North Carolina,Halifax,761,8,0,36.25669272,-77.6556109,37083.0,1521.6956608678265,1.0512483574244416,753,755,8,0,747,754,50574,6,0,0,6,1
2020-08-18,US,North Carolina,Harnett,1432,41,0,35.36731853,-78.87243571,37085.0,1053.1270224157204,2.863128491620112,1391,1414,40,0,1374,1412,134214,18,1,0,17,2
2020-08-18,US,North Carolina,Haywood,467,24,0,35.55269063,-82.98196486,37087.0,749.3942262945906,5.139186295503212,443,463,24,0,439,460,61971,4,0,0,4,3
2020-08-18,US,North Carolina,Henderson,1575,58,0,35.33788927,-82.4766782,37089.0,1341.3730550090702,3.6825396825396814,1517,1568,56,0,1512,1558,116748,7,2,0,5,10
2020-08-18,US,North Carolina,Hertford,410,12,0,36.3607755,-76.98104134,37091.0,1731.6382987709592,2.9268292682926833,398,404,11,0,393,401,23659,6,1,0,5,3
2020-08-18,US,North Carolina,Hoke,788,12,0,35.01888303,-79.23651674,37093.0,1426.6574935727995,1.5228426395939083,776,782,11,0,771,780,54764,6,1,0,5,2
2020-08-18,US,North Carolina,Hyde,62,0,0,35.42017674,-76.15180542,37095.0,1255.8233745189384,0.0,62,58,0,0,58,57,5230,4,0,0,4,1
2020-08-18,US,North Carolina,Iredell,2026,17,0,35.80950511,-80.8743128,37097.0,1114.3746631024278,0.8390918065153011,2009,2013,17,0,1996,2010,178435,13,0,0,13,3
2020-08-18,US,North Carolina,Jackson,460,7,0,35.28814273,-83.14093385,37099.0,1046.9297646683963,1.5217391304347827,453,460,7,0,453,460,43327,0,0,0,0,0
2020-08-18,US,North Carolina,Johnston,3461,47,0,35.51745004,-78.36622717,37101.0,1653.2991941300952,1.357989020514302,3414,3444,45,0,3399,3435,202675,17,2,0,15,9
2020-08-18,US,North Carolina,Jones,113,4,0,35.02254606,-77.35870791,37103.0,1199.7027285274444,3.5398230088495577,109,114,4,0,110,113,9637,-1,0,0,-1,1
2020-08-18,US,North Carolina,Lee,1342,11,0,35.47623147,-79.17569362,37105.0,2172.25918192266,0.819672131147541,1331,1339,11,0,1328,1335,61452,3,0,0,3,4
2020-08-18,US,North Carolina,Lenoir,649,11,0,35.24032589999999,-77.64245615,37107.0,1159.9849863268335,1.6949152542372878,638,646,11,0,635,642,55976,3,0,0,3,4
2020-08-18,US,North Carolina,Lincoln,939,10,0,35.48508185,-81.21740317,37109.0,1090.4530199393803,1.064962726304579,929,933,10,0,923,930,83770,6,0,0,6,3
2020-08-18,US,North Carolina,Macon,480,2,0,35.14867843,-83.41696617,37113.0,1338.6134195995317,0.4166666666666667,478,480,2,0,478,478,35285,0,0,0,0,2
2020-08-18,US,North Carolina,Madison,49,1,0,35.85402722,-82.71346418,37115.0,225.23557802803955,2.0408163265306123,48,49,1,0,48,49,21763,0,0,0,0,0
2020-08-18,US,North Carolina,Martin,286,7,0,35.84326734,-77.10860251,37117.0,1274.5098039215684,2.4475524475524475,279,285,6,0,279,282,22671,1,1,0,0,3
2020-08-18,US,North Carolina,McDowell,720,21,0,35.67736232,-82.0482425,37111.0,1573.5641227380015,2.9166666666666665,699,714,20,0,694,713,45507,6,1,0,5,1
2020-08-18,US,North Carolina,Mecklenburg,23318,259,0,35.24469268,-80.8317671,37119.0,2100.047192071732,1.1107299082254052,23059,23164,258,0,22906,23110,1093901,154,1,0,153,54
2020-08-18,US,North Carolina,Mitchell,80,3,0,36.01059309,-82.1582442,37121.0,534.6164127238707,3.75,77,80,3,0,77,80,15000,0,0,0,0,0
2020-08-18,US,North Carolina,Montgomery,722,16,0,35.33155144,-79.90416657,37123.0,2657.0492768557024,2.21606648199446,706,714,16,0,698,701,27271,8,0,0,8,13
2020-08-18,US,North Carolina,Moore,1108,20,0,35.30885257,-79.48474178,37125.0,1098.334655035686,1.8050541516245489,1088,1105,20,0,1085,1093,98682,3,0,0,3,12
2020-08-18,US,North Carolina,Nash,1359,16,0,35.96575634,-77.98422508,37127.0,1441.1758467836014,1.177336276674025,1343,1335,14,0,1321,1333,94016,24,2,0,22,2
2020-08-18,US,North Carolina,New Hanover,2729,21,0,34.25758282,-77.87075626,37129.0,1163.8866735189124,0.7695126419934042,2708,2710,21,0,2689,2704,232274,19,0,0,19,6
2020-08-18,US,North Carolina,Northampton,321,16,0,36.41736238,-77.39769443,37131.0,1647.5902068469945,4.984423676012462,305,319,16,0,303,319,19676,2,0,0,2,0
2020-08-18,US,North Carolina,Onslow,1242,12,0,34.72607366,-77.42908179,37133.0,627.4692075296305,0.966183574879227,1230,1208,12,0,1196,1200,197683,34,0,0,34,8
2020-08-18,US,North Carolina,Orange,1514,48,0,36.06092947,-79.12167935,37135.0,1019.6934184649367,3.170409511228533,1466,1475,48,0,1427,1447,146027,39,0,0,39,28
2020-08-18,US,North Carolina,Pamlico,74,1,0,35.15253315,-76.66559823,37137.0,581.4867201005815,1.351351351351351,73,74,1,0,73,74,12670,0,0,0,0,0
2020-08-18,US,North Carolina,Pasquotank,458,21,0,36.26723798,-76.25134778,37139.0,1150.0602651667336,4.585152838427947,437,456,20,0,436,447,39639,2,1,0,1,9
2020-08-18,US,North Carolina,Pender,705,4,0,34.52265624,-77.90352133,37141.0,1117.9828734538537,0.5673758865248227,701,696,3,0,693,696,62162,9,1,0,8,0
2020-08-18,US,North Carolina,Perquimans,93,2,0,36.17847453,-76.40603143,37143.0,690.7821436529747,2.150537634408602,91,93,2,0,91,93,13422,0,0,0,0,0
2020-08-18,US,North Carolina,Person,250,2,0,36.38989032,-78.97217358,37145.0,633.0716637123322,0.8,248,247,2,0,245,247,39507,3,0,0,3,0
2020-08-18,US,North Carolina,Pitt,2341,14,0,35.59535426,-77.37353178,37147.0,1295.2163857874762,0.598035027765912,2327,2308,14,0,2294,2278,179914,33,0,0,33,30
2020-08-18,US,North Carolina,Polk,184,6,0,35.27820615,-82.16812354,37149.0,887.8594865856012,3.260869565217391,178,182,6,0,176,177,20611,2,0,0,2,5
2020-08-18,US,North Carolina,Randolph,2269,39,0,35.71015088,-79.80570339,37151.0,1579.346683650386,1.7188188629352137,2230,2256,39,0,2217,2250,143351,13,0,0,13,6
2020-08-18,US,North Carolina,Richmond,573,9,0,35.00417719,-79.74491009,37153.0,1278.1904570702002,1.5706806282722514,564,569,9,0,560,562,44887,4,0,0,4,7
2020-08-18,US,North Carolina,Robeson,3067,56,0,34.64244496,-79.10250529999998,37155.0,2347.942583732057,1.8258884903814805,3011,3039,56,0,2983,3023,131831,28,0,0,28,16
2020-08-18,US,North Carolina,Rockingham,626,6,0,36.39593137,-79.77504841,37157.0,687.8365014833535,0.9584664536741214,620,594,6,0,588,592,90690,32,0,0,32,2
2020-08-18,US,North Carolina,Rowan,2390,51,0,35.64003916,-80.52446628,37159.0,1682.0561905298125,2.133891213389121,2339,2367,51,0,2316,2359,141262,23,0,0,23,8
2020-08-18,US,North Carolina,Rutherford,843,14,0,35.40114178,-81.92112099,37161.0,1257.6645929373856,1.6607354685646498,829,837,14,0,823,820,66826,6,0,0,6,17
2020-08-18,US,North Carolina,Sampson,1517,19,0,34.98820368,-78.36914061,37163.0,2387.810675103493,1.2524719841793013,1498,1518,19,0,1499,1513,63626,-1,0,0,-1,5
2020-08-18,US,North Carolina,Scotland,448,6,0,34.8386299,-79.4757978,37165.0,1286.5060448554116,1.3392857142857142,442,436,5,0,431,432,34810,12,1,0,11,4
2020-08-18,US,North Carolina,Stanly,1261,31,0,35.31647813,-80.25093221,37167.0,2007.7699582842404,2.458366375892149,1230,1237,31,0,1206,1235,62075,24,0,0,24,2
2020-08-18,US,North Carolina,Stokes,306,3,0,36.4017975,-80.23893369,37169.0,671.1851023228269,0.9803921568627452,303,303,3,0,300,304,45467,3,0,0,3,-1
2020-08-18,US,North Carolina,Surry,1009,11,0,36.41689489,-80.69102283,37171.0,1405.6252873242968,1.0901883052527257,998,1007,10,0,997,1005,71948,2,1,0,1,2
2020-08-18,US,North Carolina,Swain,122,2,0,35.48665845,-83.48748932,37173.0,854.8805269427513,1.639344262295082,120,121,2,0,119,120,14245,1,0,0,1,1
2020-08-18,US,North Carolina,Transylvania,164,1,0,35.20383864,-82.79638423,37175.0,476.95215937181916,0.6097560975609756,163,161,1,0,160,161,34215,3,0,0,3,0
2020-08-18,US,North Carolina,Tyrrell,103,2,0,35.87147226,-76.17055253,37177.0,2564.741035856573,1.9417475728155342,101,103,2,0,101,101,4131,0,0,0,0,2
2020-08-18,US,North Carolina,Union,3419,46,0,34.98960527,-80.52955873,37179.0,1425.4207680345535,1.3454226381983037,3373,3384,44,0,3340,3375,235908,35,2,0,33,9
2020-08-18,US,North Carolina,Vance,822,41,0,36.36880673,-78.40670845,37181.0,1845.7393061636915,4.987834549878347,781,820,41,0,779,816,44582,2,0,0,2,4
2020-08-18,US,North Carolina,Wake,12847,185,0,35.78879266,-78.65249174,37183.0,1155.5541163973191,1.4400249085389585,12662,12754,183,0,12571,12714,1092305,93,2,0,91,40
2020-08-18,US,North Carolina,Warren,273,6,0,36.39728256,-78.10652228,37185.0,1383.6095484263342,2.1978021978021984,267,271,6,0,265,271,19807,2,0,0,2,0
2020-08-18,US,North Carolina,Washington,146,4,0,35.83810081,-76.57299037,37187.0,1260.7944732297067,2.7397260273972597,142,144,4,0,140,142,11859,2,0,0,2,2
2020-08-18,US,North Carolina,Watauga,348,0,0,36.23103603,-81.70033724,37189.0,619.4706018477312,0.0,348,344,0,0,344,339,55945,4,0,0,4,5
2020-08-18,US,North Carolina,Wayne,2555,43,0,35.36438125,-78.00027268,37191.0,2075.025785545476,1.6829745596868884,2512,2532,42,0,2490,2527,123248,23,1,0,22,5
2020-08-18,US,North Carolina,Wilkes,920,18,0,36.2084135,-81.16232895,37193.0,1344.7933111150094,1.9565217391304348,902,914,18,0,896,910,68557,6,0,0,6,4
2020-08-18,US,North Carolina,Wilson,1582,36,0,35.70625477,-77.917978,37195.0,1933.961687509933,2.275600505689001,1546,1563,36,0,1527,1562,81455,19,0,0,19,1
2020-08-18,US,North Carolina,Yadkin,579,6,0,36.16222629,-80.66239436,37197.0,1537.154538455412,1.0362694300518134,573,565,6,0,559,563,37543,14,0,0,14,2
2020-08-18,US,North Carolina,Yancey,84,0,0,35.90079156,-82.31237181,37199.0,464.8846089988378,0.0,84,80,0,0,80,80,17903,4,0,0,4,0
2020-08-18,US,North Dakota,Adams,4,0,0,46.09686891,-102.5285397,38001.0,180.50541516245488,0.0,4,3,0,0,3,3,2294,1,0,0,1,0
2020-08-18,US,North Dakota,Barnes,47,0,0,46.93579637,-98.06605978,38003.0,451.2722035525684,0.0,47,46,0,0,46,45,10542,1,0,0,1,1
2020-08-18,US,North Dakota,Benson,176,2,0,48.0683985,-99.35916363,38005.0,2576.1124121779862,1.1363636363636365,174,173,2,0,171,168,6962,3,0,0,3,5
2020-08-18,US,North Dakota,Billings,3,0,0,47.02366884,-103.3762965,38007.0,323.27586206896547,0.0,3,3,0,0,3,3,919,0,0,0,0,0
2020-08-18,US,North Dakota,Bottineau,22,0,0,48.79106111,-100.8378166,38009.0,350.2069404648201,0.0,22,22,0,0,22,22,6411,0,0,0,0,0
2020-08-18,US,North Dakota,Bowman,11,0,0,46.11285362,-103.5203343,38011.0,363.7566137566138,0.0,11,11,0,0,11,11,3076,0,0,0,0,0
2020-08-18,US,North Dakota,Burke,23,0,0,48.79094471,-102.51821170000001,38013.0,1087.4704491725768,0.0,23,23,0,0,23,23,2100,0,0,0,0,0
2020-08-18,US,North Dakota,Burleigh,1460,12,0,46.97847375,-100.46452140000001,38015.0,1526.7814192792755,0.821917808219178,1448,1409,11,0,1398,1388,95273,51,1,0,50,21
2020-08-18,US,North Dakota,Cass,3148,76,0,46.93201724,-97.24447190000001,38017.0,1730.4024230031387,2.4142312579415504,3072,3135,76,0,3059,3128,181516,13,0,0,13,7
2020-08-18,US,North Dakota,Cavalier,31,0,0,48.77286211,-98.46685243,38019.0,824.0297713981925,0.0,31,31,0,0,31,31,3829,0,0,0,0,0
2020-08-18,US,North Dakota,Dickey,14,0,0,46.11017712,-98.50490079999999,38021.0,287.3563218390805,0.0,14,14,0,0,14,14,4903,0,0,0,0,0
2020-08-18,US,North Dakota,Divide,5,0,0,48.814938700000006,-103.48736109999999,38023.0,220.84805653710248,0.0,5,4,0,0,4,4,2283,1,0,0,1,0
2020-08-18,US,North Dakota,Dunn,32,0,0,47.35423935,-102.61604679999999,38025.0,723.3273056057866,0.0,32,32,0,0,32,32,4332,0,0,0,0,0
2020-08-18,US,North Dakota,Eddy,21,0,0,47.71701474,-98.90432337,38027.0,918.2334936598164,0.0,21,20,0,0,20,20,2313,1,0,0,1,0
2020-08-18,US,North Dakota,Emmons,23,1,0,46.28398398,-100.2389766,38029.0,709.6575131132367,4.3478260869565215,22,23,1,0,22,23,3295,0,0,0,0,0
2020-08-18,US,North Dakota,Foster,26,0,0,47.457108399999996,-98.88279923,38031.0,809.9688473520247,0.0,26,27,0,0,27,26,3216,-1,0,0,-1,1
2020-08-18,US,North Dakota,Golden Valley,14,0,0,46.94022281,-103.8465421,38033.0,795.0028392958546,0.0,14,12,0,0,12,12,1769,2,0,0,2,0
2020-08-18,US,North Dakota,Grand Forks,805,9,0,47.92093639,-97.45450447,38035.0,1159.0905818490735,1.1180124223602483,796,799,8,0,791,789,70770,6,1,0,5,10
2020-08-18,US,North Dakota,Grant,4,0,0,46.35821257,-101.63900129999999,38037.0,175.9014951627089,0.0,4,4,0,0,4,4,2374,0,0,0,0,0
2020-08-18,US,North Dakota,Griggs,37,1,0,47.45785838,-98.23850925,38039.0,1658.4491259524875,2.702702702702702,36,37,1,0,36,37,2232,0,0,0,0,0
2020-08-18,US,North Dakota,Hettinger,8,0,0,46.43375068,-102.4632417,38041.0,320.1280512204882,0.0,8,8,0,0,8,7,2514,0,0,0,0,1
2020-08-18,US,North Dakota,Kidder,23,0,0,46.97830064,-99.77507857,38043.0,927.4193548387095,0.0,23,23,0,0,23,22,2450,0,0,0,0,1
2020-08-18,US,North Dakota,LaMoure,16,0,0,46.45681054,-98.53542355,38045.0,395.45229856648535,0.0,16,16,0,0,16,16,4062,0,0,0,0,0
2020-08-18,US,North Dakota,Logan,7,0,0,46.45729487,-99.47719806,38047.0,378.3783783783784,0.0,7,7,0,0,7,7,1903,0,0,0,0,0
2020-08-18,US,North Dakota,McHenry,24,1,0,48.23104458,-100.6324822,38049.0,417.75456919060053,4.166666666666667,23,24,1,0,23,24,5816,0,0,0,0,0
2020-08-18,US,North Dakota,McIntosh,41,2,0,46.11182017,-99.44145858,38051.0,1641.9703644373249,4.878048780487805,39,41,2,0,39,41,2585,0,0,0,0,0
2020-08-18,US,North Dakota,McKenzie,94,2,0,47.74133370000001,-103.395905,38053.0,625.6656017039403,2.127659574468085,92,94,2,0,92,93,13632,0,0,0,0,1
2020-08-18,US,North Dakota,McLean,105,0,0,47.60766714,-101.3182418,38055.0,1111.111111111111,0.0,105,102,0,0,102,102,9541,3,0,0,3,0
2020-08-18,US,North Dakota,Mercer,34,0,0,47.31213126,-101.8318399,38057.0,415.2925369488214,0.0,34,34,0,0,34,34,8267,0,0,0,0,0
2020-08-18,US,North Dakota,Morton,473,4,0,46.71681782,-101.2822377,38059.0,1508.0984568294864,0.8456659619450317,469,455,4,0,451,452,31095,18,0,0,18,3
2020-08-18,US,North Dakota,Mountrail,156,1,0,48.20197971,-102.3555315,38061.0,1479.3741109530586,0.6410256410256411,155,155,1,0,154,155,10218,1,0,0,1,0
2020-08-18,US,North Dakota,Nelson,27,0,0,47.9226426,-98.19038437,38063.0,937.8256339006599,0.0,27,27,0,0,27,27,2869,0,0,0,0,0
2020-08-18,US,North Dakota,Oliver,7,0,0,47.11530482,-101.3406158,38065.0,357.32516590096986,0.0,7,7,0,0,7,7,1952,0,0,0,0,0
2020-08-18,US,North Dakota,Pembina,27,0,0,48.76623521,-97.5523809,38067.0,397.00044111160116,0.0,27,27,0,0,27,27,6947,0,0,0,0,0
2020-08-18,US,North Dakota,Pierce,16,0,0,48.24977025,-99.96407787,38069.0,402.5157232704403,0.0,16,16,0,0,16,16,4081,0,0,0,0,0
2020-08-18,US,North Dakota,Ramsey,89,2,0,48.26886249,-98.72223879,38071.0,772.6365135862487,2.247191011235955,87,89,2,0,87,87,11481,0,0,0,0,2
2020-08-18,US,North Dakota,Ransom,28,0,0,46.45621782,-97.65742504,38073.0,536.6040628593331,0.0,28,28,0,0,28,28,5237,0,0,0,0,0
2020-08-18,US,North Dakota,Renville,10,0,0,48.71982533,-101.6603912,38075.0,429.7378599054577,0.0,10,10,0,0,10,10,2374,0,0,0,0,0
2020-08-18,US,North Dakota,Richland,117,1,0,46.26440649,-96.94852979,38077.0,723.2490573035792,0.8547008547008547,116,117,1,0,116,117,16239,0,0,0,0,0
2020-08-18,US,North Dakota,Rolette,89,0,0,48.77245354,-99.84097493,38079.0,627.8216704288939,0.0,89,88,0,0,88,88,14301,1,0,0,1,0
2020-08-18,US,North Dakota,Sargent,10,0,0,46.10830372,-97.63217159,38081.0,256.5418163160595,0.0,10,10,0,0,10,10,3870,0,0,0,0,0
2020-08-18,US,North Dakota,Sheridan,9,0,0,47.57700669,-100.3426391,38083.0,684.4106463878327,0.0,9,9,0,0,9,9,1349,0,0,0,0,0
2020-08-18,US,North Dakota,Sioux,102,2,0,46.11323337,-101.04401490000001,38085.0,2411.347517730497,1.96078431372549,100,97,2,0,95,97,4358,5,0,0,5,0
2020-08-18,US,North Dakota,Slope,4,0,0,46.44737738,-103.4601547,38087.0,533.3333333333334,0.0,4,4,0,0,4,4,763,0,0,0,0,0
2020-08-18,US,North Dakota,Stark,402,6,0,46.80851182,-102.65763259999999,38089.0,1276.6362856870653,1.492537313432836,396,395,6,0,389,391,30997,7,0,0,7,4
2020-08-18,US,North Dakota,Steele,16,0,0,47.45611548,-97.72728747,38091.0,846.5608465608466,0.0,16,16,0,0,16,16,1903,0,0,0,0,0
2020-08-18,US,North Dakota,Stutsman,130,3,0,46.97962541,-98.95637318,38093.0,627.8979907264297,2.3076923076923075,127,130,3,0,127,130,20917,0,0,0,0,0
2020-08-18,US,North Dakota,Towner,6,0,0,48.68565745,-99.24564265,38095.0,274.09776153494744,0.0,6,6,0,0,6,5,2192,0,0,0,0,1
2020-08-18,US,North Dakota,Traill,64,0,0,47.45367788,-97.16323288,38097.0,796.4161274265804,0.0,64,64,0,0,64,64,8037,0,0,0,0,0
2020-08-18,US,North Dakota,Walsh,122,0,0,48.36876964,-97.72574783,38099.0,1146.508786768161,0.0,122,116,0,0,116,116,10667,6,0,0,6,0
2020-08-18,US,North Dakota,Ward,289,1,0,48.22390169,-101.54367629999999,38101.0,427.2556585502875,0.3460207612456747,288,277,1,0,276,276,67744,12,0,0,12,1
2020-08-18,US,North Dakota,Wells,24,0,0,47.58614526,-99.65904998,38103.0,625.9780907668231,0.0,24,24,0,0,24,24,3957,0,0,0,0,0
2020-08-18,US,North Dakota,Williams,307,2,0,48.34522353,-103.4793387,38105.0,816.7282981723376,0.6514657980456026,305,303,2,0,301,302,35350,4,0,0,4,1
2020-08-18,US,Ohio,Adams,74,3,0,38.84541072,-83.4718964,39001.0,267.1673044985197,4.0540540540540535,71,72,2,0,70,70,27724,2,1,0,1,2
2020-08-18,US,Ohio,Allen,899,46,0,40.77285242,-84.10802343,39003.0,878.3499916952447,5.1167964404894315,853,888,46,0,842,875,102663,11,0,0,11,13
2020-08-18,US,Ohio,Ashland,162,3,0,40.84772277,-82.27280781,39005.0,302.89432353601075,1.851851851851852,159,162,3,0,159,161,53745,0,0,0,0,1
2020-08-18,US,Ohio,Ashtabula,588,46,0,41.70860332,-80.74830218,39007.0,604.6832097572012,7.82312925170068,542,588,46,0,542,588,97493,0,0,0,0,0
2020-08-18,US,Ohio,Athens,368,2,0,39.33425634,-82.04278644,39009.0,563.3199136651002,0.5434782608695652,366,368,2,0,366,367,65818,0,0,0,0,1
2020-08-18,US,Ohio,Auglaize,310,8,0,40.55998859,-84.22421429999999,39011.0,678.9907131592781,2.5806451612903225,302,301,8,0,293,291,45804,9,0,0,9,10
2020-08-18,US,Ohio,Belmont,644,26,0,40.01625942,-80.9924051,39013.0,961.1079604811508,4.037267080745342,618,640,26,0,614,638,67505,4,0,0,4,2
2020-08-18,US,Ohio,Brown,169,2,0,38.93416837,-83.86788395,39015.0,389.11401731442254,1.183431952662722,167,165,2,0,163,158,43602,4,0,0,4,7
2020-08-18,US,Ohio,Butler,3265,69,0,39.44012838,-84.57388716,39017.0,852.1822652126932,2.113323124042879,3196,3218,69,0,3149,3197,382378,47,0,0,47,21
2020-08-18,US,Ohio,Carroll,117,5,0,40.578968599999996,-81.09178213,39019.0,434.71799063684335,4.2735042735042725,112,117,5,0,112,116,27081,0,0,0,0,1
2020-08-18,US,Ohio,Champaign,213,2,0,40.13923427,-83.76875242,39021.0,547.7690626205477,0.9389671361502347,211,205,2,0,203,202,38754,8,0,0,8,3
2020-08-18,US,Ohio,Clark,1275,16,0,39.91592258,-83.78498252,39023.0,950.9035448192537,1.2549019607843137,1259,1261,16,0,1245,1244,134585,14,0,0,14,17
2020-08-18,US,Ohio,Clermont,1062,11,0,39.04847534,-84.15375786,39025.0,514.4650919448912,1.0357815442561205,1051,1043,11,0,1032,1034,205466,19,0,0,19,9
2020-08-18,US,Ohio,Clinton,189,6,0,39.41485808,-83.80852286,39027.0,450.34311856652687,3.1746031746031744,183,186,6,0,180,185,42057,3,0,0,3,1
2020-08-18,US,Ohio,Columbiana,1733,62,0,40.76932373,-80.78094576,39029.0,1700.9707213175898,3.5776110790536637,1671,1729,62,0,1667,1721,102665,4,0,0,4,8
2020-08-18,US,Ohio,Coshocton,204,9,0,40.30096166,-81.91729018,39031.0,557.3770491803278,4.411764705882354,195,203,9,0,194,202,36629,1,0,0,1,1
2020-08-18,US,Ohio,Crawford,184,5,0,40.85065156,-82.91989099,39033.0,443.4376054369306,2.717391304347826,179,183,5,0,178,183,41550,1,0,0,1,0
2020-08-18,US,Ohio,Cuyahoga,14487,541,0,41.424119,-81.65918339,39035.0,1172.9680536843196,3.7343825498722993,13946,14418,528,0,13890,14335,1243857,69,13,0,56,83
2020-08-18,US,Ohio,Darke,479,31,0,40.13412966,-84.6194517,39037.0,937.1392796353177,6.471816283924843,448,476,30,0,446,459,51323,3,1,0,2,17
2020-08-18,US,Ohio,Defiance,178,4,0,41.32398837,-84.49076944,39039.0,467.35106466773436,2.247191011235955,174,172,4,0,168,169,38165,6,0,0,6,3
2020-08-18,US,Ohio,Delaware,1441,19,0,40.27942393,-83.00457058,39041.0,688.8902699627588,1.31852879944483,1422,1434,19,0,1415,1412,204826,7,0,0,7,22
2020-08-18,US,Ohio,Erie,662,31,0,41.36796058,-82.62904521,39043.0,891.390407454286,4.682779456193353,631,637,31,0,606,632,74615,25,0,0,25,5
2020-08-18,US,Ohio,Fairfield,1521,35,0,39.75107189,-82.63088163,39045.0,965.2607663700863,2.3011176857330704,1486,1514,35,0,1479,1498,155782,7,0,0,7,16
2020-08-18,US,Ohio,Fayette,135,0,0,39.56021306,-83.4562016,39047.0,473.26906222611746,0.0,135,134,0,0,134,130,28666,1,0,0,1,4
2020-08-18,US,Ohio,Franklin,19818,542,0,39.96995815,-83.01115755,39049.0,1505.0624413330945,2.7348874760318904,19276,19683,537,0,19146,19553,1310300,135,5,0,130,130
2020-08-18,US,Ohio,Fulton,165,1,0,41.60213491,-84.12571393,39051.0,391.6820965674405,0.6060606060606061,164,165,1,0,164,163,42276,0,0,0,0,2
2020-08-18,US,Ohio,Gallia,90,2,0,38.82708533,-82.31647569,39053.0,301.02347983142687,2.2222222222222223,88,89,2,0,87,89,29979,1,0,0,1,0
2020-08-18,US,Ohio,Geauga,579,46,0,41.49952319,-81.17935342,39055.0,618.2660786554047,7.9447322970639025,533,574,46,0,528,570,94031,5,0,0,5,4
2020-08-18,US,Ohio,Greene,812,14,0,39.69116283,-83.89032084,39057.0,480.6525509509462,1.7241379310344829,798,806,13,0,793,799,167995,6,1,0,5,7
2020-08-18,US,Ohio,Guernsey,121,7,0,40.05026529,-81.49248905,39059.0,311.2540192926045,5.785123966942148,114,121,7,0,114,121,39022,0,0,0,0,0
2020-08-18,US,Ohio,Hamilton,10259,269,0,39.19673558,-84.54502924,39061.0,1254.9649957857935,2.6220879227994933,9990,10184,270,0,9914,10142,816684,75,-1,0,76,42
2020-08-18,US,Ohio,Hancock,444,3,0,41.00250487,-83.66838948,39063.0,585.883377538498,0.6756756756756757,441,433,3,0,430,428,75930,11,0,0,11,5
2020-08-18,US,Ohio,Hardin,190,12,0,40.66015414,-83.65929931,39065.0,605.7707635899889,6.315789473684211,178,189,12,0,177,187,31480,1,0,0,1,2
2020-08-18,US,Ohio,Harrison,27,1,0,40.29380509,-81.09068544,39067.0,179.5212765957447,3.703703703703704,26,26,1,0,25,26,15174,1,0,0,1,0
2020-08-18,US,Ohio,Henry,135,2,0,41.333964200000004,-84.06830637,39069.0,499.8889135747612,1.4814814814814814,133,128,2,0,126,128,27086,7,0,0,7,0
2020-08-18,US,Ohio,Highland,175,2,0,39.1839264,-83.60331456,39071.0,405.4586316350409,1.1428571428571428,173,174,2,0,172,171,43058,1,0,0,1,3
2020-08-18,US,Ohio,Hocking,129,9,0,39.49537927,-82.47991446,39073.0,456.41098216812907,6.9767441860465125,120,126,9,0,117,125,28385,3,0,0,3,1
2020-08-18,US,Ohio,Holmes,338,7,0,40.56163713,-81.92635677,39075.0,768.8808007279346,2.0710059171597632,331,338,7,0,331,335,43892,0,0,0,0,3
2020-08-18,US,Ohio,Huron,423,5,0,41.14651175,-82.59867951,39077.0,725.9808464627743,1.182033096926714,418,420,5,0,415,418,58504,3,0,0,3,2
2020-08-18,US,Ohio,Jackson,87,0,0,39.01914254,-82.61818559999998,39079.0,268.4108228180051,0.0,87,83,0,0,83,83,32384,4,0,0,4,0
2020-08-18,US,Ohio,Jefferson,256,3,0,40.38614126,-80.76259514,39081.0,391.8867202449292,1.171875,253,250,3,0,247,250,65767,6,0,0,6,0
2020-08-18,US,Ohio,Knox,230,9,0,40.39830217,-82.42027563,39083.0,369.05105741150805,3.9130434782608696,221,225,9,0,216,226,61893,5,0,0,5,-1
2020-08-18,US,Ohio,Lake,1199,43,0,41.69710807,-81.23676539,39085.0,520.9668519089807,3.586321934945788,1156,1187,43,0,1144,1176,230514,12,0,0,12,11
2020-08-18,US,Ohio,Lawrence,364,5,0,38.59743452,-82.53466552,39087.0,612.1453677076502,1.3736263736263736,359,355,5,0,350,344,59866,9,0,0,9,11
2020-08-18,US,Ohio,Licking,1443,55,0,40.09136236,-82.48185785,39089.0,815.8903551921837,3.8115038115038113,1388,1431,55,0,1376,1419,175769,12,0,0,12,12
2020-08-18,US,Ohio,Logan,191,2,0,40.38996525,-83.76784341,39091.0,418.1993343843055,1.0471204188481675,189,186,2,0,184,184,45358,5,0,0,5,2
2020-08-18,US,Ohio,Lorain,1945,77,0,41.29553751,-82.15083537,39093.0,627.757533897293,3.9588688946015433,1868,1937,77,0,1860,1915,309461,8,0,0,8,22
2020-08-18,US,Ohio,Lucas,5783,331,0,41.62101218,-83.65468618,39095.0,1350.0705034224507,5.7236728341691165,5452,5744,329,0,5415,5704,429899,39,2,0,37,40
2020-08-18,US,Ohio,Madison,601,11,0,39.89381073,-83.40178317,39097.0,1343.5872213900875,1.8302828618968383,590,595,10,0,585,592,44413,6,1,0,5,3
2020-08-18,US,Ohio,Mahoning,2702,261,0,41.01631101,-80.77287029,39099.0,1181.5482567571705,9.659511472982976,2441,2691,260,0,2431,2681,229642,11,1,0,10,10
2020-08-18,US,Ohio,Marion,2968,45,0,40.58610662,-83.15736305,39101.0,4559.630067749221,1.5161725067385443,2923,2966,45,0,2921,2964,65256,2,0,0,2,2
2020-08-18,US,Ohio,Medina,1015,36,0,41.11770589,-81.89986209999998,39103.0,564.6857231871643,3.5467980295566504,979,1002,36,0,966,996,179146,13,0,0,13,6
2020-08-18,US,Ohio,Meigs,70,0,0,39.09224872,-82.0305041,39105.0,305.5834461081765,0.0,70,69,0,0,69,67,23106,1,0,0,1,2
2020-08-18,US,Ohio,Mercer,705,14,0,40.54043046,-84.62912742,39107.0,1712.3287671232874,1.9858156028368796,691,694,14,0,680,694,40959,11,0,0,11,0
2020-08-18,US,Ohio,Miami,927,40,0,40.0543329,-84.22871271,39109.0,866.4604110779816,4.314994606256742,887,921,39,0,882,911,106222,6,1,0,5,10
2020-08-18,US,Ohio,Monroe,100,18,0,39.72984936,-81.08464734,39111.0,732.3861139592792,18.0,82,98,18,0,80,96,13790,2,0,0,2,2
2020-08-18,US,Ohio,Montgomery,4741,108,0,39.75394919,-84.29050975,39113.0,891.6900356788863,2.2780004218519303,4633,4716,105,0,4611,4693,532331,25,3,0,22,23
2020-08-18,US,Ohio,Morgan,35,0,0,39.62081738,-81.85308173,39115.0,241.24620898814445,0.0,35,33,0,0,33,33,14604,2,0,0,2,0
2020-08-18,US,Ohio,Morrow,195,2,0,40.52363560000001,-82.7892599,39117.0,551.9701086956521,1.0256410256410255,193,191,2,0,189,190,35112,4,0,0,4,1
2020-08-18,US,Ohio,Muskingum,275,1,0,39.96575964,-81.94363275,39119.0,318.9700168184192,0.3636363636363637,274,267,1,0,266,267,86183,8,0,0,8,0
2020-08-18,US,Ohio,Noble,20,0,0,39.76818851,-81.45937183,39121.0,138.65779256794232,0.0,20,20,0,0,20,19,14354,0,0,0,0,1
2020-08-18,US,Ohio,Ottawa,418,27,0,41.53781826,-83.0940185,39123.0,1031.4620604565084,6.45933014354067,391,413,27,0,386,411,40769,5,0,0,5,2
2020-08-18,US,Ohio,Paulding,75,0,0,41.11676341,-84.5801017,39125.0,401.67095115681235,0.0,75,75,0,0,75,75,18760,0,0,0,0,0
2020-08-18,US,Ohio,Perry,183,4,0,39.73508655,-82.23804971,39127.0,506.4482205125367,2.1857923497267757,179,180,3,0,177,179,36033,3,1,0,2,1
2020-08-18,US,Ohio,Pickaway,2428,42,0,39.64170392,-83.0243386,39129.0,4153.480335973451,1.7298187808896208,2386,2421,42,0,2379,2418,58086,7,0,0,7,3
2020-08-18,US,Ohio,Pike,85,0,0,39.07634001,-83.06769584,39131.0,306.0636612415382,0.0,85,85,0,0,85,84,28067,0,0,0,0,1
2020-08-18,US,Ohio,Portage,793,65,0,41.16793482,-81.19735782,39133.0,488.10212598328246,8.196721311475411,728,791,65,0,726,789,162927,2,0,0,2,2
2020-08-18,US,Ohio,Preble,268,2,0,39.7420247,-84.64787018,39135.0,655.5452277285848,0.746268656716418,266,259,2,0,257,256,40997,9,0,0,9,3
2020-08-18,US,Ohio,Putnam,235,17,0,41.02094889,-84.1336111,39137.0,694.0137621452409,7.2340425531914905,218,227,17,0,210,225,33780,8,0,0,8,2
2020-08-18,US,Ohio,Richland,657,14,0,40.77180308,-82.53799609999999,39139.0,542.2850256698086,2.13089802130898,643,652,12,0,640,644,121099,5,2,0,3,8
2020-08-18,US,Ohio,Ross,561,6,0,39.33705391,-83.06000914,39141.0,731.7454934390734,1.0695187165775402,555,560,6,0,554,547,76931,1,0,0,1,13
2020-08-18,US,Ohio,Sandusky,472,17,0,41.35624126,-83.137872,39143.0,806.589425475922,3.601694915254237,455,450,17,0,433,442,58799,22,0,0,22,8
2020-08-18,US,Ohio,Scioto,279,1,0,38.80270163,-82.98907345,39145.0,370.4490532968638,0.35842293906810035,278,274,1,0,273,269,75502,5,0,0,5,5
2020-08-18,US,Ohio,Seneca,251,4,0,41.12351311,-83.12783209,39147.0,478.4515567798761,1.593625498007968,247,251,4,0,247,250,55207,0,0,0,0,1
2020-08-18,US,Ohio,Shelby,256,4,0,40.33163494,-84.20258189,39149.0,526.8573780613295,1.5625,252,257,4,0,253,242,48627,-1,0,0,-1,15
2020-08-18,US,Ohio,Stark,2046,145,0,40.81482476,-81.36437305,39151.0,552.0687738460791,7.0869990224828925,1901,2023,143,0,1880,2008,371574,23,2,0,21,15
2020-08-18,US,Ohio,Summit,3846,228,0,41.12464734,-81.53123079,39153.0,710.8886477774101,5.928237129485179,3618,3818,228,0,3590,3788,541918,28,0,0,28,30
2020-08-18,US,Ohio,Trumbull,1642,113,0,41.31735028,-80.76109643,39155.0,829.4018406457412,6.881851400730816,1529,1637,112,0,1525,1629,198627,5,1,0,4,8
2020-08-18,US,Ohio,Tuscarawas,818,14,0,40.44214695,-81.47226262,39157.0,889.2560905345323,1.7114914425427872,804,816,14,0,802,812,92176,2,0,0,2,4
2020-08-18,US,Ohio,Union,297,1,0,40.30016061,-83.37239023,39159.0,503.49223570895776,0.3367003367003367,296,293,1,0,292,289,57835,4,0,0,4,4
2020-08-18,US,Ohio,Van Wert,74,2,0,40.8554138,-84.59111700000003,39161.0,261.71529619805483,2.702702702702702,72,74,2,0,72,74,28281,0,0,0,0,0
2020-08-18,US,Ohio,Vinton,34,2,0,39.25208988,-82.4831444,39163.0,259.83951089033246,5.882352941176472,32,33,2,0,31,32,13139,1,0,0,1,1
2020-08-18,US,Ohio,Warren,1981,40,0,39.42581994,-84.16557457,39165.0,844.4088285692364,2.0191822311963654,1941,1962,40,0,1922,1946,232173,19,0,0,19,16
2020-08-18,US,Ohio,Washington,217,22,0,39.45690571,-81.49121382,39167.0,362.20393583816,10.138248847926267,195,213,22,0,191,213,60155,4,0,0,4,0
2020-08-18,US,Ohio,Wayne,608,60,0,40.82925852,-81.88844833,39169.0,525.4515599343184,9.868421052631579,548,604,60,0,544,593,115967,4,0,0,4,11
2020-08-18,US,Ohio,Williams,143,3,0,41.56052014,-84.58429552,39171.0,389.7307314946037,2.097902097902098,140,142,3,0,139,141,36804,1,0,0,1,1
2020-08-18,US,Ohio,Wood,1163,58,0,41.36224827,-83.62285108,39173.0,889.0281844102831,4.987102321582115,1105,1162,58,0,1104,1146,130696,1,0,0,1,16
2020-08-18,US,Ohio,Wyandot,164,10,0,40.84339621,-83.30734173,39175.0,753.261069263274,6.097560975609755,154,159,10,0,149,159,21935,5,0,0,5,0
2020-08-18,US,Oklahoma,Adair,384,6,0,35.88494195,-94.65859267,40001.0,1730.1973506353067,1.5625,378,383,6,0,377,378,22082,1,0,0,1,5
2020-08-18,US,Oklahoma,Alfalfa,6,0,0,36.73090616,-98.32408495,40003.0,105.2262364082778,0.0,6,6,0,0,6,6,5754,0,0,0,0,0
2020-08-18,US,Oklahoma,Atoka,89,1,0,34.37366573,-96.03802487,40005.0,646.8963512138392,1.1235955056179776,88,88,1,0,87,84,13838,1,0,0,1,4
2020-08-18,US,Oklahoma,Beaver,41,0,0,36.7496847,-100.4758872,40007.0,771.9826774618716,0.0,41,40,0,0,40,39,5319,1,0,0,1,1
2020-08-18,US,Oklahoma,Beckham,101,1,0,35.26862449,-99.68128023,40009.0,462.0522439269866,0.99009900990099,100,101,1,0,100,102,21709,0,0,0,0,-1
2020-08-18,US,Oklahoma,Blaine,46,0,0,35.87518314,-98.43307003,40011.0,487.8566125782161,0.0,46,46,0,0,46,46,9485,0,0,0,0,0
2020-08-18,US,Oklahoma,Bryan,517,2,0,33.96472458,-96.25903472,40013.0,1077.1955412022085,0.3868471953578336,515,512,2,0,510,512,47192,5,0,0,5,0
2020-08-18,US,Oklahoma,Caddo,474,20,0,35.17364557,-98.37534464,40015.0,1648.007788053682,4.219409282700422,454,470,19,0,451,464,28977,4,1,0,3,6
2020-08-18,US,Oklahoma,Canadian,1343,9,0,35.5426055,-97.98465569,40017.0,905.5601256860817,0.6701414743112435,1334,1339,9,0,1330,1331,144447,4,0,0,4,8
2020-08-18,US,Oklahoma,Carter,375,5,0,34.25103751,-97.28552485,40019.0,779.4475275924425,1.3333333333333333,370,370,5,0,365,367,48177,5,0,0,5,3
2020-08-18,US,Oklahoma,Cherokee,531,2,0,35.90692775,-94.99980896,40021.0,1091.3126579937114,0.3766478342749529,529,535,2,0,533,521,48675,-4,0,0,-4,14
2020-08-18,US,Oklahoma,Choctaw,209,1,0,34.02807439,-95.54771129,40023.0,1424.4820065430752,0.4784688995215311,208,209,1,0,208,209,14668,0,0,0,0,0
2020-08-18,US,Oklahoma,Cimarron,14,0,0,36.74817177,-102.5173885,40025.0,655.1240056153488,0.0,14,11,0,0,11,11,2153,3,0,0,3,0
2020-08-18,US,Oklahoma,Cleveland,3246,61,0,35.20413532,-97.32519562,40027.0,1142.9014062687054,1.8792359827479976,3185,3215,58,0,3157,3192,281669,31,3,0,28,23
2020-08-18,US,Oklahoma,Coal,46,0,0,34.58840127,-96.29798747,40029.0,837.1246587807096,0.0,46,46,0,0,46,46,5520,0,0,0,0,0
2020-08-18,US,Oklahoma,Comanche,892,11,0,34.65973764,-98.47195055,40031.0,738.7224738921233,1.2331838565022422,881,884,11,0,873,884,120422,8,0,0,8,0
2020-08-18,US,Oklahoma,Cotton,21,2,0,34.28845626,-98.37053567,40033.0,370.63183903988715,9.523809523809524,19,21,2,0,19,21,5776,0,0,0,0,0
2020-08-18,US,Oklahoma,Craig,95,1,0,36.76268118,-95.20916602,40035.0,671.7578843162213,1.0526315789473684,94,94,1,0,93,94,14306,1,0,0,1,0
2020-08-18,US,Oklahoma,Creek,705,18,0,35.90230551,-96.37086028,40037.0,985.7106904169348,2.5531914893617023,687,681,15,0,666,681,71604,24,3,0,21,0
2020-08-18,US,Oklahoma,Custer,243,0,0,35.63853802,-99.00170785,40039.0,837.84436092818,0.0,243,241,0,0,241,232,29036,2,0,0,2,9
2020-08-18,US,Oklahoma,Delaware,476,20,0,36.40823634,-94.80325046,40041.0,1106.7450998628194,4.201680672268908,456,473,20,0,453,469,42733,3,0,0,3,4
2020-08-18,US,Oklahoma,Dewey,14,0,0,35.98772922,-99.00730714,40043.0,286.2400327131466,0.0,14,13,0,0,13,13,4894,1,0,0,1,0
2020-08-18,US,Oklahoma,Ellis,5,0,0,36.218019399999996,-99.75324573,40045.0,129.5672454003628,0.0,5,5,0,0,5,5,3952,0,0,0,0,0
2020-08-18,US,Oklahoma,Garfield,642,9,0,36.3791334,-97.78265517,40047.0,1051.493710691824,1.4018691588785046,633,617,8,0,609,609,60913,25,1,0,24,8
2020-08-18,US,Oklahoma,Garvin,244,4,0,34.70418038,-97.30811132,40049.0,880.516762296561,1.639344262295082,240,242,4,0,238,242,27811,2,0,0,2,0
2020-08-18,US,Oklahoma,Grady,473,7,0,35.0167709,-97.88339847,40051.0,847.1540638320738,1.4799154334038056,466,472,7,0,465,469,55551,1,0,0,1,3
2020-08-18,US,Oklahoma,Grant,17,0,0,36.796296999999996,-97.78638765,40053.0,392.33787214401116,0.0,17,17,0,0,17,17,4326,0,0,0,0,0
2020-08-18,US,Oklahoma,Greer,84,8,0,34.93535801,-99.56056120000001,40055.0,1470.588235294117,9.523809523809524,76,85,8,0,77,85,5821,-1,0,0,-1,0
2020-08-18,US,Oklahoma,Harmon,32,0,0,34.7440135,-99.84741652,40057.0,1206.181681115718,0.0,32,32,0,0,32,32,2664,0,0,0,0,0
2020-08-18,US,Oklahoma,Harper,13,0,0,36.78836519,-99.6679804,40059.0,352.49457700650765,0.0,13,13,0,0,13,11,3797,0,0,0,0,2
2020-08-18,US,Oklahoma,Haskell,92,1,0,35.22257600000001,-95.11513306,40061.0,728.5974499089253,1.0869565217391304,91,88,1,0,87,88,12668,4,0,0,4,0
2020-08-18,US,Oklahoma,Hughes,181,3,0,35.04912569,-96.24921145,40063.0,1363.0544468709993,1.6574585635359116,178,179,2,0,177,178,13335,2,1,0,1,1
2020-08-18,US,Oklahoma,Jackson,544,7,0,34.58781741,-99.41138784,40065.0,2217.6926212800654,1.286764705882353,537,538,7,0,531,537,24949,6,0,0,6,1
2020-08-18,US,Oklahoma,Jefferson,34,0,0,34.11130184,-97.83182974,40067.0,566.47784071976,0.0,34,34,0,0,34,33,6123,0,0,0,0,1
2020-08-18,US,Oklahoma,Johnston,59,0,0,34.31440473,-96.66011537,40069.0,532.2507893549842,0.0,59,55,0,0,55,54,10949,4,0,0,4,1
2020-08-18,US,Oklahoma,Kay,270,11,0,36.81799745,-97.14421435,40071.0,620.1479167623685,4.0740740740740735,259,267,11,0,256,266,44161,3,0,0,3,1
2020-08-18,US,Oklahoma,Kingfisher,169,0,0,35.94530008,-97.94193268,40073.0,1071.9949254678083,0.0,169,160,0,0,160,157,15816,9,0,0,9,3
2020-08-18,US,Oklahoma,Kiowa,33,1,0,34.91671958,-98.97720696,40075.0,378.96187413872315,3.0303030303030303,32,33,1,0,32,32,8729,0,0,0,0,1
2020-08-18,US,Oklahoma,Latimer,101,2,0,34.87844729,-95.25215049,40077.0,1002.680432840266,1.98019801980198,99,100,2,0,98,101,10231,1,0,0,1,-1
2020-08-18,US,Oklahoma,Le Flore,436,1,0,34.89851864,-94.70392124,40079.0,898.642007502056,0.22935779816513766,435,436,1,0,435,430,49980,0,0,0,0,6
2020-08-18,US,Oklahoma,Lincoln,250,3,0,35.70270942,-96.8812462,40081.0,716.8047710525561,1.2,247,248,3,0,245,243,34920,2,0,0,2,5
2020-08-18,US,Oklahoma,Logan,246,1,0,35.91899576,-97.44352845,40083.0,512.3825789923143,0.4065040650406504,245,244,1,0,243,244,47291,2,0,0,2,0
2020-08-18,US,Oklahoma,Love,84,0,0,33.95273467,-97.23906784,40085.0,819.2724080756851,0.0,84,83,0,0,83,82,10134,1,0,0,1,1
2020-08-18,US,Oklahoma,Major,38,1,0,36.31149996,-98.53467076,40093.0,498.0993577139861,2.631578947368421,37,40,1,0,39,40,7644,-2,0,0,-2,0
2020-08-18,US,Oklahoma,Marshall,126,1,0,34.02311222,-96.76855464,40095.0,744.1970350245113,0.7936507936507936,125,121,1,0,120,121,16806,5,0,0,5,0
2020-08-18,US,Oklahoma,Mayes,374,8,0,36.30179091,-95.23175116,40097.0,909.9756690997568,2.1390374331550803,366,368,8,0,360,366,41107,6,0,0,6,2
2020-08-18,US,Oklahoma,McClain,494,4,0,35.01123903,-97.44572302,40087.0,1220.5366408064438,0.8097165991902834,490,483,4,0,479,480,39985,11,0,0,11,3
2020-08-18,US,Oklahoma,McCurtain,903,28,0,34.11664328,-94.77222373,40089.0,2750.3654970760235,3.1007751937984502,875,896,28,0,868,895,32703,7,0,0,7,1
2020-08-18,US,Oklahoma,McIntosh,208,3,0,35.37235506,-95.66599306,40091.0,1061.4411104307,1.4423076923076923,205,207,2,0,205,207,19815,1,1,0,0,0
2020-08-18,US,Oklahoma,Murray,81,0,0,34.48116015,-97.06826283,40099.0,575.5702408868045,0.0,81,82,0,0,82,81,13953,-1,0,0,-1,1
2020-08-18,US,Oklahoma,Muskogee,607,16,0,35.61318461,-95.37802952,40101.0,892.6864420489139,2.6359143327841843,591,588,16,0,572,578,68362,19,0,0,19,10
2020-08-18,US,Oklahoma,Noble,92,2,0,36.38953329,-97.22928674,40103.0,826.5205282544246,2.1739130434782608,90,92,2,0,90,91,11289,0,0,0,0,1
2020-08-18,US,Oklahoma,Nowata,63,1,0,36.79843529,-95.61902331,40105.0,625.2481143310838,1.5873015873015872,62,63,1,0,62,62,10218,0,0,0,0,1
2020-08-18,US,Oklahoma,Okfuskee,83,1,0,35.46485198,-96.32639984,40107.0,708.7467689485533,1.2048192771084338,82,83,1,0,82,83,12098,0,0,0,0,0
2020-08-18,US,Oklahoma,Oklahoma,11801,132,0,35.55140095,-97.40716948,40109.0,1479.8716884406736,1.1185492754851285,11669,11715,132,0,11583,11600,792582,86,0,0,86,115
2020-08-18,US,Oklahoma,Okmulgee,520,3,0,35.64661916,-95.96432828,40111.0,1351.8783309502146,0.5769230769230769,517,508,3,0,505,505,38335,12,0,0,12,3
2020-08-18,US,Oklahoma,Osage,573,12,0,36.62888819,-96.39635704,40113.0,1220.1094478632115,2.094240837696335,561,564,12,0,552,558,47014,9,0,0,9,6
2020-08-18,US,Oklahoma,Ottawa,430,3,0,36.83532655,-94.81011909,40115.0,1381.4373373598487,0.6976744186046512,427,418,3,0,415,417,31175,12,0,0,12,1
2020-08-18,US,Oklahoma,Pawnee,170,3,0,36.31743373,-96.70331759999999,40117.0,1038.104543234001,1.7647058823529411,167,168,3,0,165,166,16390,2,0,0,2,2
2020-08-18,US,Oklahoma,Payne,814,4,0,36.07695283,-96.97584944,40119.0,995.3047050767875,0.4914004914004914,810,800,4,0,796,794,82040,14,0,0,14,6
2020-08-18,US,Oklahoma,Pittsburg,462,4,0,34.92065823,-95.75134320000001,40121.0,1058.322261419343,0.8658008658008658,458,437,4,0,433,433,43877,25,0,0,25,4
2020-08-18,US,Oklahoma,Pontotoc,215,2,0,34.72959848,-96.68337199,40123.0,561.5923101034375,0.9302325581395348,213,215,2,0,213,211,38247,0,0,0,0,4
2020-08-18,US,Oklahoma,Pottawatomie,608,9,0,35.20614018,-96.94923008,40125.0,837.5578576151642,1.4802631578947367,599,595,9,0,586,590,72679,13,0,0,13,5
2020-08-18,US,Oklahoma,Pushmataha,117,0,0,34.41635232,-95.37603505,40127.0,1054.4340302811825,0.0,117,116,0,0,116,117,11179,1,0,0,1,-1
2020-08-18,US,Oklahoma,Roger Mills,9,1,0,35.68711719,-99.69666167,40129.0,251.18615685180012,11.111111111111109,8,9,1,0,8,9,3656,0,0,0,0,0
2020-08-18,US,Oklahoma,Rogers,1149,21,0,36.37004357,-95.60406759,40131.0,1242.7129862966287,1.827676240208877,1128,1139,21,0,1118,1131,91984,10,0,0,10,8
2020-08-18,US,Oklahoma,Seminole,265,5,0,35.16478725,-96.61686741,40133.0,1092.423118146591,1.8867924528301887,260,257,5,0,252,257,24578,8,0,0,8,0
2020-08-18,US,Oklahoma,Sequoyah,449,4,0,35.49447108,-94.75463785,40135.0,1080.131829007193,0.8908685968819601,445,439,4,0,435,433,41179,10,0,0,10,6
2020-08-18,US,Oklahoma,Stephens,225,3,0,34.48556989,-97.85141892,40137.0,521.5214519157221,1.3333333333333333,222,218,3,0,215,217,43265,7,0,0,7,1
2020-08-18,US,Oklahoma,Texas,1081,7,0,36.74777635,-101.4889765,40139.0,5409.598158434669,0.6475485661424607,1074,1079,7,0,1072,1078,20455,2,0,0,2,1
2020-08-18,US,Oklahoma,Tillman,59,1,0,34.37288446,-98.92426619,40141.0,813.7931034482757,1.6949152542372878,58,59,1,0,58,59,7348,0,0,0,0,0
2020-08-18,US,Oklahoma,Tulsa,11614,120,0,36.11939621,-95.94013939,40143.0,1782.513137861598,1.0332357499569484,11494,11443,116,0,11327,11375,648360,171,4,0,167,68
2020-08-18,US,Oklahoma,Unassigned,1,0,0,0.0,0.0,90040.0,0.0,0.0,1,2,0,0,2,7,,-1,0,0,-1,-5
2020-08-18,US,Oklahoma,Wagoner,981,23,0,35.96024096,-95.51911308,40145.0,1206.8053488171831,2.344546381243629,958,968,23,0,945,960,80110,13,0,0,13,8
2020-08-18,US,Oklahoma,Washington,711,39,0,36.71380786,-95.90514104,40147.0,1379.8591029945464,5.485232067510547,672,705,39,0,666,696,51843,6,0,0,6,9
2020-08-18,US,Oklahoma,Washita,36,0,0,35.29071824,-98.99180434,40149.0,329.7911322828876,0.0,36,35,0,0,35,35,11127,1,0,0,1,0
2020-08-18,US,Oklahoma,Woods,22,0,0,36.76705782,-98.86573064,40151.0,250.19902194927784,0.0,22,21,0,0,21,21,8897,1,0,0,1,0
2020-08-18,US,Oklahoma,Woodward,54,0,0,36.42316318,-99.26283045,40153.0,267.1812379397358,0.0,54,52,0,0,52,52,20222,2,0,0,2,0
2020-08-18,US,Oregon,Baker,54,0,0,44.70915557,-117.6749883,41001.0,334.9044902009427,0.0,54,53,0,0,53,53,16006,1,0,0,1,0
2020-08-18,US,Oregon,Benton,189,6,0,44.49167306,-123.4316987,41003.0,203.1100555597348,3.1746031746031744,183,186,6,0,180,186,92101,3,0,0,3,0
2020-08-18,US,Oregon,Clackamas,1709,52,0,45.18787398,-122.2179634,41005.0,408.6688491033917,3.0427150380339376,1657,1699,50,0,1649,1689,416075,10,2,0,8,10
2020-08-18,US,Oregon,Clatsop,91,0,0,45.99712889,-123.660711,41007.0,226.23309466984887,0.0,91,92,0,0,92,91,39764,-1,0,0,-1,1
2020-08-18,US,Oregon,Columbia,115,1,0,45.94464254,-123.08908980000001,41009.0,219.6584788172824,0.8695652173913043,114,113,1,0,112,110,52377,2,0,0,2,3
2020-08-18,US,Oregon,Coos,93,0,0,43.17406868,-124.0594514,41011.0,144.2151131235753,0.0,93,93,0,0,93,93,64389,0,0,0,0,0
2020-08-18,US,Oregon,Crook,53,1,0,44.14230227,-120.356297,41013.0,217.17751188329785,1.8867924528301887,52,53,1,0,52,52,23867,0,0,0,0,1
2020-08-18,US,Oregon,Curry,19,0,0,42.45911325,-124.15728200000001,41015.0,82.87895310796074,0.0,19,19,0,0,19,19,22813,0,0,0,0,0
2020-08-18,US,Oregon,Deschutes,650,11,0,43.91570171,-121.2289121,41017.0,328.7942860611456,1.6923076923076923,639,645,11,0,634,639,191996,5,0,0,5,6
2020-08-18,US,Oregon,Douglas,165,1,0,43.27941273,-123.16729099999999,41019.0,148.6754370156785,0.6060606060606061,164,162,1,0,161,160,110283,3,0,0,3,2
2020-08-18,US,Oregon,Gilliam,4,0,0,45.37160076,-120.20488689999999,41021.0,209.20502092050208,0.0,4,4,0,0,4,4,1894,0,0,0,0,0
2020-08-18,US,Oregon,Grant,4,0,0,44.49024544,-119.0068631,41023.0,55.563272676760654,0.0,4,4,0,0,4,4,7176,0,0,0,0,0
2020-08-18,US,Oregon,Harney,11,0,0,43.06422669,-118.96663059999999,41025.0,148.7893953740024,0.0,11,11,0,0,11,11,7329,0,0,0,0,0
2020-08-18,US,Oregon,Hood River,220,0,0,45.51872811,-121.65520359999998,41027.0,940.8947053288856,0.0,220,218,0,0,218,218,23428,2,0,0,2,0
2020-08-18,US,Oregon,Jackson,594,2,0,42.43201126,-122.72893090000001,41029.0,268.8464045187921,0.3367003367003367,592,576,2,0,574,559,219564,18,0,0,18,17
2020-08-18,US,Oregon,Jefferson,417,6,0,44.62806839,-121.17832,41031.0,1691.1347230107874,1.4388489208633093,411,413,5,0,408,411,24192,4,1,0,3,2
2020-08-18,US,Oregon,Josephine,148,2,0,42.3665549,-123.5561938,41033.0,169.16799067289998,1.351351351351351,146,140,2,0,138,139,87393,8,0,0,8,1
2020-08-18,US,Oregon,Klamath,216,2,0,42.68762984,-121.64964609999998,41035.0,316.53917172250067,0.925925925925926,214,210,2,0,208,210,67653,6,0,0,6,0
2020-08-18,US,Oregon,Lake,32,0,0,42.79246693,-120.38501629999999,41037.0,406.6590418096328,0.0,32,32,0,0,32,32,7879,0,0,0,0,0
2020-08-18,US,Oregon,Lane,632,4,0,43.93727035,-122.847753,41039.0,165.41601342172967,0.6329113924050633,628,629,4,0,625,625,379611,3,0,0,3,4
2020-08-18,US,Oregon,Lincoln,440,11,0,44.64252874,-123.86991200000001,41041.0,880.6693086745928,2.5,429,440,9,0,431,438,49388,0,2,0,-2,2
2020-08-18,US,Oregon,Linn,342,11,0,44.48899494,-122.53731540000001,41043.0,263.5858465190483,3.2163742690058483,331,338,11,0,327,333,127335,4,0,0,4,5
2020-08-18,US,Oregon,Malheur,947,16,0,43.1937027,-117.62273950000001,41045.0,3097.7069772006153,1.689545934530095,931,916,15,0,901,905,30725,31,1,0,30,11
2020-08-18,US,Oregon,Marion,3284,73,0,44.90287942,-122.58151170000001,41047.0,944.1719519978841,2.2228989037758837,3211,3234,73,0,3161,3204,346868,50,0,0,50,30
2020-08-18,US,Oregon,Morrow,410,3,0,45.41846568,-119.584546,41049.0,3533.56890459364,0.7317073170731707,407,407,3,0,404,407,11372,3,0,0,3,0
2020-08-18,US,Oregon,Multnomah,5410,102,0,45.54747959,-122.4169351,41051.0,665.5553573515573,1.8853974121996304,5308,5387,102,0,5285,5330,811880,23,0,0,23,57
2020-08-18,US,Oregon,Polk,370,12,0,44.90322804,-123.4128888,41053.0,429.8077481558925,3.2432432432432434,358,367,12,0,355,364,85234,3,0,0,3,3
2020-08-18,US,Oregon,Sherman,16,0,0,45.41501554,-120.6827834,41055.0,898.876404494382,0.0,16,16,0,0,16,16,1708,0,0,0,0,0
2020-08-18,US,Oregon,Tillamook,35,0,0,45.46248721,-123.712066,41057.0,129.4570202692706,0.0,35,35,0,0,35,35,26787,0,0,0,0,0
2020-08-18,US,Oregon,Umatilla,2468,32,0,45.59073056,-118.7353826,41059.0,3166.1321359846056,1.2965964343598055,2436,2456,32,0,2424,2450,77516,12,0,0,12,6
2020-08-18,US,Oregon,Union,400,2,0,45.30915495,-118.0068979,41061.0,1490.5906465436926,0.5,398,398,2,0,396,398,26461,2,0,0,2,0
2020-08-18,US,Oregon,Wallowa,21,1,0,45.57894064,-117.18353799999998,41063.0,291.34295227524973,4.761904761904762,20,21,1,0,20,21,7081,0,0,0,0,0
2020-08-18,US,Oregon,Wasco,204,3,0,45.16292781,-121.16709540000001,41065.0,764.5603777827748,1.4705882352941178,201,203,3,0,200,202,26505,1,0,0,1,1
2020-08-18,US,Oregon,Washington,3380,30,0,45.55972701,-123.0955257,41067.0,561.8425776938523,0.8875739644970414,3350,3358,27,0,3331,3337,597695,22,3,0,19,21
2020-08-18,US,Oregon,Yamhill,533,13,0,45.23330449,-123.3086963,41071.0,497.66573295985046,2.4390243902439024,520,523,13,0,510,517,107002,10,0,0,10,6
2020-08-18,US,Pennsylvania,Adams,548,22,0,39.87140411,-77.21610347,42001.0,531.9923501829937,4.014598540145985,526,548,22,0,526,548,102811,0,0,0,0,0
2020-08-18,US,Pennsylvania,Allegheny,9549,274,0,40.46809875,-79.98167747,42003.0,785.2505458268403,2.86941040946696,9275,9504,270,0,9234,9433,1218452,45,4,0,41,71
2020-08-18,US,Pennsylvania,Armstrong,245,9,0,40.81665618,-79.46290811,42005.0,378.4660539121032,3.673469387755102,236,244,9,0,235,242,65263,1,0,0,1,2
2020-08-18,US,Pennsylvania,Beaver,1423,95,0,40.6825484,-80.34921611,42007.0,868.0587327440538,6.676036542515812,1328,1410,94,0,1316,1407,164742,13,1,0,12,3
2020-08-18,US,Pennsylvania,Bedford,155,4,0,40.00522157,-78.48998442,42009.0,323.6719011025727,2.5806451612903225,151,154,4,0,150,153,48176,1,0,0,1,1
2020-08-18,US,Pennsylvania,Berks,5645,375,0,40.41570541,-75.92457766,42011.0,1340.3329819262806,6.643046944198406,5270,5601,375,0,5226,5589,420152,44,0,0,44,12
2020-08-18,US,Pennsylvania,Blair,355,8,0,40.47961444,-78.34917412,42013.0,291.39203309556837,2.2535211267605635,347,354,8,0,346,351,122492,1,0,0,1,3
2020-08-18,US,Pennsylvania,Bradford,93,3,0,41.78869215,-76.51570822,42015.0,154.17005122424283,3.2258064516129035,90,93,3,0,90,92,60833,0,0,0,0,1
2020-08-18,US,Pennsylvania,Bucks,7458,584,0,40.33682119,-75.10836643,42017.0,1187.0692536648255,7.830517565030839,6874,7441,583,0,6858,7419,628195,17,1,0,16,22
2020-08-18,US,Pennsylvania,Butler,729,17,0,40.91152759,-79.91351055,42019.0,388.0693946862706,2.3319615912208507,712,723,17,0,706,718,187888,6,0,0,6,5
2020-08-18,US,Pennsylvania,Cambria,402,3,0,40.49527404,-78.71377428,42021.0,308.77473270247015,0.746268656716418,399,393,3,0,390,383,131730,9,0,0,9,10
2020-08-18,US,Pennsylvania,Cameron,8,0,0,41.43625568,-78.20376845,42023.0,179.89655947830002,0.0,8,8,0,0,8,8,4492,0,0,0,0,0
2020-08-18,US,Pennsylvania,Carbon,406,28,0,40.91545395,-75.7068525,42025.0,632.5761116824033,6.896551724137932,378,397,28,0,369,390,64227,9,0,0,9,7
2020-08-18,US,Pennsylvania,Centre,399,11,0,40.92058903,-77.82200624,42027.0,245.71235027865882,2.7568922305764407,388,393,11,0,382,392,162805,6,0,0,6,1
2020-08-18,US,Pennsylvania,Chester,5362,350,0,39.97291773,-75.74768357,42029.0,1021.3547331467895,6.527415143603133,5012,5347,350,0,4997,5293,522046,15,0,0,15,54
2020-08-18,US,Pennsylvania,Clarion,94,3,0,41.19265812,-79.42413524,42031.0,244.5496643946095,3.191489361702128,91,90,2,0,88,89,38779,4,1,0,3,1
2020-08-18,US,Pennsylvania,Clearfield,195,1,0,41.00110782,-78.47592663,42033.0,246.04125922654725,0.5128205128205128,194,194,1,0,193,194,79388,1,0,0,1,0
2020-08-18,US,Pennsylvania,Clinton,128,5,0,41.23255967,-77.63785995,42035.0,331.3315386208325,3.90625,123,128,5,0,123,128,38684,0,0,0,0,0
2020-08-18,US,Pennsylvania,Columbia,496,35,0,41.04821986,-76.40565017,42037.0,763.4997844960286,7.056451612903227,461,492,35,0,457,491,65456,4,0,0,4,1
2020-08-18,US,Pennsylvania,Crawford,172,1,0,41.68447709,-80.10760592,42039.0,203.24002410521217,0.5813953488372093,171,169,1,0,168,168,85063,3,0,0,3,1
2020-08-18,US,Pennsylvania,Cumberland,1380,71,0,40.1625372,-77.26130755,42041.0,544.6580100248648,5.144927536231884,1309,1373,71,0,1302,1369,251423,7,0,0,7,4
2020-08-18,US,Pennsylvania,Dauphin,3014,161,0,40.41377078,-76.77993242,42043.0,1083.0078440813656,5.341738553417384,2853,2995,160,0,2835,2982,277097,19,1,0,18,13
2020-08-18,US,Pennsylvania,Delaware,9793,715,0,39.91680171,-75.40243663,42045.0,1727.9315108858095,7.301133462677423,9078,9731,713,0,9018,9691,564751,62,2,0,60,40
2020-08-18,US,Pennsylvania,Elk,58,2,0,41.42822061,-78.64524744,42047.0,193.91507856904045,3.4482758620689653,56,58,2,0,56,56,30169,0,0,0,0,2
2020-08-18,US,Pennsylvania,Erie,1229,28,0,41.99253829,-80.03301954,42049.0,455.64420453197295,2.278275020341741,1201,1217,27,0,1190,1211,272061,12,1,0,11,6
2020-08-18,US,Pennsylvania,Fayette,631,6,0,39.92041012,-79.64291195,42051.0,488.1105249315409,0.9508716323296356,625,628,6,0,622,624,130441,3,0,0,3,4
2020-08-18,US,Pennsylvania,Forest,13,0,0,41.51095103,-79.23229292,42053.0,179.38457292672834,0.0,13,12,0,0,12,12,7279,1,0,0,1,0
2020-08-18,US,Pennsylvania,Franklin,1427,46,0,39.92956518,-77.72157791,42055.0,920.484818773504,3.22354590049054,1381,1417,46,0,1371,1416,154835,10,0,0,10,1
2020-08-18,US,Pennsylvania,Fulton,28,2,0,39.92913544,-78.11163677,42057.0,192.70474879559532,7.142857142857142,26,28,2,0,26,28,14523,0,0,0,0,0
2020-08-18,US,Pennsylvania,Greene,129,1,0,39.85746531,-80.22357106,42059.0,356.0290343057434,0.7751937984496124,128,126,1,0,125,126,36506,3,0,0,3,0
2020-08-18,US,Pennsylvania,Huntingdon,340,5,0,40.42162652,-77.97673273,42061.0,753.1454899875952,1.4705882352941178,335,336,5,0,331,333,45168,4,0,0,4,3
2020-08-18,US,Pennsylvania,Indiana,359,8,0,40.65241041,-79.08963285,42063.0,427.00986047839376,2.2284122562674096,351,359,8,0,351,358,84501,0,0,0,0,1
2020-08-18,US,Pennsylvania,Jefferson,78,1,0,41.12913106,-78.9986361,42065.0,179.6200345423143,1.2820512820512822,77,78,1,0,77,75,43641,0,0,0,0,3
2020-08-18,US,Pennsylvania,Juniata,140,6,0,40.53358749,-77.39975129999998,42067.0,565.3596090942133,4.285714285714286,134,139,6,0,133,139,24704,1,0,0,1,0
2020-08-18,US,Pennsylvania,Lackawanna,1967,212,0,41.43564672,-75.60379201,42069.0,938.1229909287752,10.777834265378747,1755,1966,212,0,1754,1963,210793,1,0,0,1,3
2020-08-18,US,Pennsylvania,Lancaster,6260,422,0,40.03904563,-76.24770128,42071.0,1147.0999992670288,6.741214057507987,5838,6228,421,0,5807,6212,543557,32,1,0,31,16
2020-08-18,US,Pennsylvania,Lawrence,429,16,0,40.99206278,-80.33393706,42073.0,501.68397417906266,3.7296037296037294,413,429,16,0,413,423,86184,0,0,0,0,6
2020-08-18,US,Pennsylvania,Lebanon,1653,55,0,40.36680311,-76.45651841,42075.0,1165.7839244532522,3.327283726557774,1598,1651,55,0,1596,1650,141314,2,0,0,2,1
2020-08-18,US,Pennsylvania,Lehigh,5085,341,0,40.6154815,-75.59435245,42077.0,1376.8622163013986,6.705998033431662,4744,5073,341,0,4732,5070,368100,12,0,0,12,3
2020-08-18,US,Pennsylvania,Luzerne,3633,185,0,41.17823008,-75.98447579,42079.0,1144.5511740076936,5.092210294522434,3448,3621,185,0,3436,3607,317646,12,0,0,12,14
2020-08-18,US,Pennsylvania,Lycoming,452,20,0,41.34310539,-77.06629984,42081.0,398.9443860934342,4.424778761061948,432,444,20,0,424,442,113664,8,0,0,8,2
2020-08-18,US,Pennsylvania,McKean,34,1,0,41.80938602,-78.56478358,42083.0,83.69230769230771,2.9411764705882355,33,34,1,0,33,34,40968,0,0,0,0,0
2020-08-18,US,Pennsylvania,Mercer,504,12,0,41.30248872,-80.25816981,42085.0,460.5936540429888,2.380952380952381,492,495,12,0,483,493,110683,9,0,0,9,2
2020-08-18,US,Pennsylvania,Mifflin,130,1,0,40.61116939,-77.61070738,42087.0,281.7634054358664,0.7692307692307693,129,126,1,0,125,125,46222,4,0,0,4,1
2020-08-18,US,Pennsylvania,Monroe,1670,125,0,41.05934058,-75.34031025,42089.0,980.7894474103048,7.4850299401197615,1545,1669,125,0,1544,1667,169507,1,0,0,1,2
2020-08-18,US,Pennsylvania,Montgomery,10479,859,0,40.21053671,-75.36652296,42091.0,1261.1398277802182,8.197347075102586,9620,10433,859,0,9574,10405,828604,46,0,0,46,28
2020-08-18,US,Pennsylvania,Montour,116,3,0,41.03023987,-76.66345939,42093.0,636.3137685134394,2.586206896551724,113,113,3,0,110,112,18240,3,0,0,3,1
2020-08-18,US,Pennsylvania,Northampton,4014,296,0,40.75182733,-75.30471829,42095.0,1314.836955631623,7.374190333831589,3718,4013,295,0,3718,4008,304807,1,1,0,0,5
2020-08-18,US,Pennsylvania,Northumberland,586,20,0,40.84785433,-76.70798222,42097.0,645.068965137655,3.4129692832764507,566,575,18,0,557,563,91083,11,2,0,9,12
2020-08-18,US,Pennsylvania,Perry,150,5,0,40.40206612,-77.26297447,42099.0,324.17012448132783,3.333333333333333,145,145,5,0,140,140,46139,5,0,0,5,5
2020-08-18,US,Pennsylvania,Philadelphia,32432,1717,0,40.00338507,-75.1379271,42101.0,2047.392024564664,5.294153922052294,30715,32348,1717,0,30631,32186,1584138,84,0,0,84,162
2020-08-18,US,Pennsylvania,Pike,528,21,0,41.33155042,-75.03208106,42103.0,946.0839649518897,3.977272727272727,507,528,21,0,507,528,55933,0,0,0,0,0
2020-08-18,US,Pennsylvania,Potter,21,0,0,41.74471626,-77.89559864,42105.0,127.0724918310541,0.0,21,21,0,0,21,21,16622,0,0,0,0,0
2020-08-18,US,Pennsylvania,Schuylkill,952,51,0,40.70497338,-76.2150785,42107.0,673.4626023104296,5.357142857142857,901,950,51,0,899,947,142067,2,0,0,2,3
2020-08-18,US,Pennsylvania,Snyder,128,2,0,40.77129231,-77.06840691,42109.0,317.0514217774696,1.5625,126,124,2,0,122,122,40540,4,0,0,4,2
2020-08-18,US,Pennsylvania,Somerset,143,3,0,39.97172723,-79.02699593,42111.0,194.69821776246812,2.097902097902098,140,143,3,0,140,142,73952,0,0,0,0,1
2020-08-18,US,Pennsylvania,Sullivan,10,0,0,41.44634738,-76.51246591,42113.0,164.85328058028355,0.0,10,10,0,0,10,10,6071,0,0,0,0,0
2020-08-18,US,Pennsylvania,Susquehanna,226,27,0,41.82147784,-75.80071959,42115.0,560.4046816107915,11.946902654867255,199,221,27,0,194,221,40589,5,0,0,5,0
2020-08-18,US,Pennsylvania,Tioga,42,3,0,41.77255149,-77.25433032,42117.0,103.47121283043043,7.142857142857142,39,41,3,0,38,41,40763,1,0,0,1,0
2020-08-18,US,Pennsylvania,Union,310,2,0,40.96188846,-77.05996014,42119.0,690.0696747768402,0.6451612903225806,308,305,2,0,303,306,44785,5,0,0,5,-1
2020-08-18,US,Pennsylvania,Venango,68,0,0,41.40323442,-79.75845449,42121.0,134.20699455277492,0.0,68,67,0,0,67,67,51266,1,0,0,1,0
2020-08-18,US,Pennsylvania,Warren,23,1,0,41.81304978,-79.26969577,42123.0,58.68694343088975,4.3478260869565215,22,23,1,0,22,23,39498,0,0,0,0,0
2020-08-18,US,Pennsylvania,Washington,924,20,0,40.19208869,-80.24582867,42125.0,446.6681168878254,2.1645021645021645,904,910,17,0,893,903,207346,14,3,0,11,7
2020-08-18,US,Pennsylvania,Wayne,165,10,0,41.64938475,-75.29956506,42127.0,321.25542726971827,6.0606060606060606,155,164,10,0,154,164,51276,1,0,0,1,0
2020-08-18,US,Pennsylvania,Westmoreland,1640,48,0,40.31377979999999,-79.46615476,42129.0,470.0500717972823,2.9268292682926833,1592,1627,48,0,1579,1620,350611,13,0,0,13,7
2020-08-18,US,Pennsylvania,Wyoming,63,8,0,41.51955538,-76.01074915,42131.0,235.12726729864886,12.698412698412698,55,63,8,0,55,63,27046,0,0,0,0,0
2020-08-18,US,Pennsylvania,York,2929,108,0,39.9210089,-76.73040131,42133.0,652.2542745035163,3.6872652782519633,2821,2907,105,0,2802,2884,448273,22,3,0,19,23
2020-08-18,US,Puerto Rico,Adjuntas,103,0,0,18.180117000000006,-66.754367,72001.0,528.6660165272289,0.0,103,102,0,0,102,101,,1,0,0,1,1
2020-08-18,US,Puerto Rico,Aguada,173,0,0,18.360255,-67.17513100000001,72003.0,412.30725231773874,0.0,173,165,0,0,165,161,,8,0,0,8,4
2020-08-18,US,Puerto Rico,Aguadilla,259,0,0,18.459681,-67.12081500000001,72005.0,424.9454461927185,0.0,259,256,0,0,256,250,,3,0,0,3,6
2020-08-18,US,Puerto Rico,Aguas Buenas,160,0,0,18.251619,-66.126806,72007.0,558.2888446910221,0.0,160,155,0,0,155,153,,5,0,0,5,2
2020-08-18,US,Puerto Rico,Aibonito,103,0,0,18.131361,-66.264131,72009.0,397.6833976833977,0.0,103,100,0,0,100,100,,3,0,0,3,0
2020-08-18,US,Puerto Rico,Anasco,166,0,0,18.287985,-67.120611,72011.0,567.3080209152114,0.0,166,161,0,0,161,156,,5,0,0,5,5
2020-08-18,US,Puerto Rico,Arecibo,404,0,0,18.406631,-66.675077,72013.0,418.9133139776026,0.0,404,389,0,0,389,384,,15,0,0,15,5
2020-08-18,US,Puerto Rico,Arroyo,107,0,0,17.998457000000005,-66.056546,72015.0,546.6155810983397,0.0,107,107,0,0,107,105,,0,0,0,0,2
2020-08-18,US,Puerto Rico,Barceloneta,112,0,0,18.445532999999998,-66.56053100000001,72017.0,451.32172791747263,0.0,112,110,0,0,110,104,,2,0,0,2,6
2020-08-18,US,Puerto Rico,Barranquitas,288,0,0,18.201592,-66.30963,72019.0,949.9307342172966,0.0,288,280,0,0,280,275,,8,0,0,8,5
2020-08-18,US,Puerto Rico,Bayamon,1996,0,0,18.34946,-66.168435,72021.0,959.0805127909437,0.0,1996,1944,0,0,1944,1864,,52,0,0,52,80
2020-08-18,US,Puerto Rico,Cabo Rojo,243,0,0,18.040993,-67.154391,72023.0,477.2472847968262,0.0,243,241,0,0,241,241,,2,0,0,2,0
2020-08-18,US,Puerto Rico,Caguas,924,0,0,18.211615,-66.050779,72025.0,646.6376939388214,0.0,924,875,0,0,875,852,,49,0,0,49,23
2020-08-18,US,Puerto Rico,Camuy,169,0,0,18.418578,-66.860206,72027.0,480.6735117608578,0.0,169,164,0,0,164,158,,5,0,0,5,6
2020-08-18,US,Puerto Rico,Canovanas,438,0,0,18.328802,-65.887612,72029.0,919.2411014103424,0.0,438,432,0,0,432,425,,6,0,0,6,7
2020-08-18,US,Puerto Rico,Carolina,1580,0,0,18.374986,-65.95683100000001,72031.0,893.8572770165532,0.0,1580,1533,0,0,1533,1493,,47,0,0,47,40
2020-08-18,US,Puerto Rico,Catano,243,0,0,18.437269,-66.14330600000001,72033.0,863.5394456289978,0.0,243,233,0,0,233,230,,10,0,0,10,3
2020-08-18,US,Puerto Rico,Cayey,229,0,0,18.102851,-66.14914,72035.0,475.90348926619424,0.0,229,227,0,0,227,223,,2,0,0,2,4
2020-08-18,US,Puerto Rico,Ceiba,77,0,0,18.251818,-65.666416,72037.0,564.8888562834716,0.0,77,76,0,0,76,75,,1,0,0,1,1
2020-08-18,US,Puerto Rico,Ciales,172,0,0,18.28885,-66.516475,72039.0,915.7704184857843,0.0,172,171,0,0,171,170,,1,0,0,1,1
2020-08-18,US,Puerto Rico,Cidra,208,0,0,18.173559,-66.161179,72041.0,478.3808647654094,0.0,208,198,0,0,198,195,,10,0,0,10,3
2020-08-18,US,Puerto Rico,Coamo,186,0,0,18.097597,-66.36014,72043.0,459.1232227488152,0.0,186,179,0,0,179,178,,7,0,0,7,1
2020-08-18,US,Puerto Rico,Comerio,144,0,0,18.224687,-66.221622,72045.0,693.0407161420734,0.0,144,141,0,0,141,138,,3,0,0,3,3
2020-08-18,US,Puerto Rico,Corozal,307,0,0,18.304264,-66.327738,72047.0,826.5575359431372,0.0,307,296,0,0,296,281,,11,0,0,11,15
2020-08-18,US,Puerto Rico,Culebra,19,0,0,18.31586,-65.28813000000001,72049.0,1045.1045104510451,0.0,19,19,0,0,19,19,,0,0,0,0,0
2020-08-18,US,Puerto Rico,Dorado,395,0,0,18.436115,-66.278669,72051.0,1034.9796934363949,0.0,395,382,0,0,382,365,,13,0,0,13,17
2020-08-18,US,Puerto Rico,Fajardo,301,0,0,18.318373,-65.666866,72053.0,813.6674505987619,0.0,301,293,0,0,293,290,,8,0,0,8,3
2020-08-18,US,Puerto Rico,Florida,195,0,0,18.373715,-66.560488,72054.0,1537.8548895899055,0.0,195,194,0,0,194,192,,1,0,0,1,2
2020-08-18,US,Puerto Rico,Guanica,70,0,0,17.982429,-66.91964300000001,72055.0,360.32326144026354,0.0,70,70,0,0,70,68,,0,0,0,0,2
2020-08-18,US,Puerto Rico,Guayama,194,0,0,18.007516,-66.13390799999999,72057.0,427.670737621798,0.0,194,191,0,0,191,189,,3,0,0,3,2
2020-08-18,US,Puerto Rico,Guayanilla,137,0,0,18.039942,-66.79186,72059.0,634.8176636856492,0.0,137,136,0,0,136,135,,1,0,0,1,1
2020-08-18,US,Puerto Rico,Guaynabo,1065,0,0,18.345114000000002,-66.11452299999999,72061.0,1087.5781218087498,0.0,1065,1013,0,0,1013,988,,52,0,0,52,25
2020-08-18,US,Puerto Rico,Gurabo,305,0,0,18.266461,-65.97970500000001,72063.0,672.2652031122573,0.0,305,299,0,0,299,295,,6,0,0,6,4
2020-08-18,US,Puerto Rico,Hatillo,137,0,0,18.410928,-66.79632600000001,72065.0,326.55590780158747,0.0,137,123,0,0,123,121,,14,0,0,14,2
2020-08-18,US,Puerto Rico,Hormigueros,111,0,0,18.134532,-67.113972,72067.0,643.4782608695652,0.0,111,111,0,0,111,109,,0,0,0,0,2
2020-08-18,US,Puerto Rico,Humacao,236,0,0,18.145211,-65.810174,72069.0,403.6534053980091,0.0,236,227,0,0,227,223,,9,0,0,9,4
2020-08-18,US,Puerto Rico,Isabela,160,0,0,18.44981,-67.005093,72071.0,350.6388201003704,0.0,160,157,0,0,157,155,,3,0,0,3,2
2020-08-18,US,Puerto Rico,Jayuya,186,0,0,18.211446,-66.58878,72073.0,1117.6541281096022,0.0,186,184,0,0,184,183,,2,0,0,2,1
2020-08-18,US,Puerto Rico,Juana Diaz,228,0,0,18.050764,-66.49458100000001,72075.0,285.36741054107165,0.0,228,224,0,0,224,220,,4,0,0,4,4
2020-08-18,US,Puerto Rico,Juncos,181,0,0,18.223793,-65.909109,72077.0,449.24298833457436,0.0,181,178,0,0,178,169,,3,0,0,3,9
2020-08-18,US,Puerto Rico,Lajas,92,0,0,18.011661,-67.040585,72079.0,357.23993321166466,0.0,92,92,0,0,92,92,,0,0,0,0,0
2020-08-18,US,Puerto Rico,Lares,206,0,0,18.269035000000002,-66.867236,72081.0,669.8533476408805,0.0,206,203,0,0,203,202,,3,0,0,3,1
2020-08-18,US,Puerto Rico,Las Marias,80,0,0,18.23679,-66.98362,72083.0,809.6346523631212,0.0,80,80,0,0,80,79,,0,0,0,0,1
2020-08-18,US,Puerto Rico,Las Piedras,205,0,0,18.187527,-65.86946800000001,72085.0,530.0581771170007,0.0,205,198,0,0,198,185,,7,0,0,7,13
2020-08-18,US,Puerto Rico,Loiza,164,0,0,18.425688,-65.89943000000001,72087.0,545.5755156353958,0.0,164,156,0,0,156,153,,8,0,0,8,3
2020-08-18,US,Puerto Rico,Luquillo,140,0,0,18.342114000000002,-65.72509699999999,72089.0,697.6280645804268,0.0,140,137,0,0,137,132,,3,0,0,3,5
2020-08-18,US,Puerto Rico,Manati,303,0,0,18.420473,-66.490461,72091.0,686.8723505542582,0.0,303,296,0,0,296,288,,7,0,0,7,8
2020-08-18,US,Puerto Rico,Maricao,44,0,0,18.171795,-66.942126,72093.0,701.0834926704907,0.0,44,44,0,0,44,44,,0,0,0,0,0
2020-08-18,US,Puerto Rico,Maunabo,72,0,0,18.017889,-65.922235,72095.0,588.9570552147239,0.0,72,72,0,0,72,72,,0,0,0,0,0
2020-08-18,US,Puerto Rico,Mayaguez,569,0,0,18.2013,-67.1452,72097.0,638.7516838796587,0.0,569,563,0,0,563,557,,6,0,0,6,6
2020-08-18,US,Puerto Rico,Moca,217,0,0,18.377805,-67.080952,72099.0,541.0257049540004,0.0,217,206,0,0,206,195,,11,0,0,11,11
2020-08-18,US,Puerto Rico,Morovis,317,0,0,18.316963,-66.420383,72101.0,972.0944495553513,0.0,317,310,0,0,310,305,,7,0,0,7,5
2020-08-18,US,Puerto Rico,Naguabo,109,0,0,18.230636999999998,-65.753897,72103.0,407.93413173652687,0.0,109,106,0,0,106,103,,3,0,0,3,3
2020-08-18,US,Puerto Rico,Naranjito,383,0,0,18.288019,-66.252703,72105.0,1259.785540424972,0.0,383,356,0,0,356,343,,27,0,0,27,13
2020-08-18,US,Puerto Rico,Orocovis,248,0,0,18.215046,-66.433604,72107.0,1058.7883704051574,0.0,248,242,0,0,242,239,,6,0,0,6,3
2020-08-18,US,Puerto Rico,Out of PR,682,0,0,0.0,0.0,72888.0,0.0,0.0,682,682,0,0,682,682,,0,0,0,0,0
2020-08-18,US,Puerto Rico,Patillas,119,0,0,18.03174,-66.012242,72109.0,617.3159724023448,0.0,119,116,0,0,116,113,,3,0,0,3,3
2020-08-18,US,Puerto Rico,Penuelas,85,0,0,18.059645,-66.721572,72111.0,350.0535375998681,0.0,85,84,0,0,84,84,,1,0,0,1,0
2020-08-18,US,Puerto Rico,Ponce,580,0,0,18.059498,-66.613748,72113.0,348.7106723502498,0.0,580,569,0,0,569,564,,11,0,0,11,5
2020-08-18,US,Puerto Rico,Quebradillas,88,0,0,18.439692,-66.926113,72115.0,339.51927157683554,0.0,88,86,0,0,86,84,,2,0,0,2,2
2020-08-18,US,Puerto Rico,Rincon,114,0,0,18.335442999999998,-67.23174,72117.0,750.0,0.0,114,112,0,0,112,111,,2,0,0,2,1
2020-08-18,US,Puerto Rico,Rio Grande,374,0,0,18.346329,-65.813742,72119.0,688.7153800824983,0.0,374,361,0,0,361,354,,13,0,0,13,7
2020-08-18,US,Puerto Rico,Sabana Grande,136,0,0,18.08282,-66.943758,72121.0,538.2940827231348,0.0,136,135,0,0,135,133,,1,0,0,1,2
2020-08-18,US,Puerto Rico,Salinas,254,0,0,18.010386999999994,-66.256592,72123.0,817.298410451123,0.0,254,240,0,0,240,232,,14,0,0,14,8
2020-08-18,US,Puerto Rico,San German,164,0,0,18.111484,-67.03858100000001,72125.0,461.6207391561348,0.0,164,164,0,0,164,161,,0,0,0,0,3
2020-08-18,US,Puerto Rico,San Juan,4294,0,0,18.386933,-66.061128,72127.0,1086.1921553350903,0.0,4294,4142,0,0,4142,3991,,152,0,0,152,151
2020-08-18,US,Puerto Rico,San Lorenzo,219,0,0,18.147987,-65.976392,72129.0,533.391787227824,0.0,219,208,0,0,208,204,,11,0,0,11,4
2020-08-18,US,Puerto Rico,San Sebastian,257,0,0,18.328646,-66.971214,72131.0,605.7035116662737,0.0,257,253,0,0,253,253,,4,0,0,4,0
2020-08-18,US,Puerto Rico,Santa Isabel,113,0,0,17.994525,-66.388913,72133.0,485.5203231073301,0.0,113,110,0,0,110,108,,3,0,0,3,2
2020-08-18,US,Puerto Rico,Toa Alta,741,0,0,18.362406,-66.246616,72135.0,1000.459050036454,0.0,741,709,0,0,709,679,,32,0,0,32,30
2020-08-18,US,Puerto Rico,Toa Baja,716,0,0,18.431445999999998,-66.213553,72137.0,799.0268834603668,0.0,716,687,0,0,687,663,,29,0,0,29,24
2020-08-18,US,Puerto Rico,Trujillo Alto,631,0,0,18.336159,-65.99888399999999,72139.0,843.1094839795836,0.0,631,605,0,0,605,591,,26,0,0,26,14
2020-08-18,US,Puerto Rico,Unassigned,719,346,0,0.0,0.0,72999.0,0.0,48.12239221140472,373,592,335,0,257,516,,127,11,0,116,76
2020-08-18,US,Puerto Rico,Utuado,89,0,0,18.271214,-66.702984,72141.0,268.48472050438926,0.0,89,81,0,0,81,81,,8,0,0,8,0
2020-08-18,US,Puerto Rico,Vega Alta,342,0,0,18.409346,-66.33725,72143.0,856.0486596080199,0.0,342,329,0,0,329,314,,13,0,0,13,15
2020-08-18,US,Puerto Rico,Vega Baja,528,0,0,18.428262,-66.397924,72145.0,884.9854178539102,0.0,528,503,0,0,503,484,,25,0,0,25,19
2020-08-18,US,Puerto Rico,Vieques,76,0,0,18.123276,-65.44097099999999,72147.0,817.1164390925708,0.0,76,73,0,0,73,70,,3,0,0,3,3
2020-08-18,US,Puerto Rico,Villalba,90,0,0,18.127951,-66.473115,72149.0,345.18467380048327,0.0,90,89,0,0,89,88,,1,0,0,1,1
2020-08-18,US,Puerto Rico,Yabucoa,164,0,0,18.070399,-65.896289,72151.0,432.2500724809573,0.0,164,157,0,0,157,152,,7,0,0,7,5
2020-08-18,US,Puerto Rico,Yauco,278,0,0,18.080374,-66.858814,72153.0,661.2277905953429,0.0,278,276,0,0,276,272,,2,0,0,2,4
2020-08-18,US,Rhode Island,Bristol,322,0,0,41.71018079,-71.28652315,44001.0,664.205119742569,0.0,322,322,0,0,322,322,48649,0,0,0,0,0
2020-08-18,US,Rhode Island,Kent,1544,0,0,41.67106337,-71.57641596,44003.0,939.7901297689481,0.0,1544,1544,0,0,1544,1544,163861,0,0,0,0,0
2020-08-18,US,Rhode Island,Newport,405,0,0,41.5642026,-71.26569799,44005.0,493.40902999439584,0.0,405,405,0,0,405,405,82542,0,0,0,0,0
2020-08-18,US,Rhode Island,Providence,15644,0,0,41.87064746,-71.57753536,44007.0,2448.464701196217,0.0,15644,15644,0,0,15644,15644,636084,0,0,0,0,0
2020-08-18,US,Rhode Island,Unassigned,2156,1024,0,0.0,0.0,90044.0,0.0,47.495361781076056,1132,2036,1023,0,1013,1799,,120,1,0,119,237
2020-08-18,US,Rhode Island,Washington,621,0,0,41.45961631,-71.61435303,44009.0,494.5173081057837,0.0,621,621,0,0,621,621,126179,0,0,0,0,0
2020-08-18,US,South Carolina,Abbeville,366,8,0,34.22333378,-82.46170658,45001.0,1492.2330492926162,2.1857923497267757,358,363,8,0,355,362,24541,3,0,0,3,1
2020-08-18,US,South Carolina,Aiken,2155,49,0,33.54338026,-81.63645384,45003.0,1261.1779577695586,2.273781902552204,2106,2137,46,0,2091,2121,169401,18,3,0,15,16
2020-08-18,US,South Carolina,Allendale,255,6,0,32.98837386,-81.35321066,45005.0,2935.082872928177,2.3529411764705883,249,253,6,0,247,250,8903,2,0,0,2,3
2020-08-18,US,South Carolina,Anderson,2667,81,0,34.51828081,-82.63959517,45007.0,1316.6599196279585,3.0371203599550056,2586,2605,76,0,2529,2599,200482,62,5,0,57,6
2020-08-18,US,South Carolina,Bamberg,493,27,0,33.21927586,-81.05659969,45009.0,3504.905445755723,5.476673427991886,466,490,27,0,463,490,14275,3,0,0,3,0
2020-08-18,US,South Carolina,Barnwell,469,9,0,33.26679302,-81.43584352,45011.0,2247.6756445892843,1.9189765458422172,460,460,9,0,451,459,21112,9,0,0,9,1
2020-08-18,US,South Carolina,Beaufort,4397,60,0,32.39226291,-80.72619758,45013.0,2288.6499203631024,1.3645667500568568,4337,4372,60,0,4312,4359,188715,25,0,0,25,13
2020-08-18,US,South Carolina,Berkeley,4489,76,0,33.20222596,-79.94654523,45015.0,1969.663064320096,1.6930274003118737,4413,4462,74,0,4388,4449,221091,27,2,0,25,13
2020-08-18,US,South Carolina,Calhoun,396,15,0,33.66926881,-80.77722168,45017.0,2721.08843537415,3.787878787878788,381,392,14,0,378,396,14520,4,1,0,3,-4
2020-08-18,US,South Carolina,Charleston,12956,217,0,32.82487866,-79.96512315,45019.0,3149.200546418866,1.6748996603890092,12739,12911,214,0,12697,12879,405905,45,3,0,42,32
2020-08-18,US,South Carolina,Cherokee,728,31,0,35.05122251,-81.61828622,45021.0,1270.5061082024433,4.258241758241758,697,718,31,0,687,717,57078,10,0,0,10,1
2020-08-18,US,South Carolina,Chester,758,15,0,34.69249168,-81.1583216,45023.0,2350.8249596824216,1.9788918205804749,743,753,14,0,739,744,32251,5,1,0,4,9
2020-08-18,US,South Carolina,Chesterfield,841,23,0,34.64137396,-80.15640140000002,45025.0,1842.2782037239872,2.7348394768133173,818,837,22,0,815,826,45754,4,1,0,3,11
2020-08-18,US,South Carolina,Clarendon,911,59,0,33.66610974,-80.21647898,45027.0,2699.65920877167,6.476399560922062,852,909,59,0,850,902,33700,2,0,0,2,7
2020-08-18,US,South Carolina,Colleton,852,36,0,32.87582989,-80.67641292,45029.0,2261.326538737161,4.225352112676056,816,850,36,0,814,850,37660,2,0,0,2,0
2020-08-18,US,South Carolina,Darlington,1463,41,0,34.33358335,-79.96027485,45031.0,2196.1031553033718,2.802460697197539,1422,1459,38,0,1421,1445,66802,4,3,0,1,14
2020-08-18,US,South Carolina,Dillon,684,26,0,34.39007791,-79.37741872,45033.0,2244.1681157518287,3.801169590643275,658,679,26,0,653,679,30599,5,0,0,5,0
2020-08-18,US,South Carolina,Dorchester,3300,59,0,33.0794369,-80.40502652,45035.0,2026.9149739879244,1.7878787878787878,3241,3282,58,0,3224,3271,160647,18,1,0,17,11
2020-08-18,US,South Carolina,Edgefield,371,7,0,33.77221995,-81.96231108,45037.0,1360.9684519442405,1.8867924528301887,364,368,7,0,361,366,27052,3,0,0,3,2
2020-08-18,US,South Carolina,Fairfield,589,25,0,34.39287073,-81.1195624,45039.0,2635.700541459704,4.244482173174871,564,587,24,0,563,585,22402,2,1,0,1,2
2020-08-18,US,South Carolina,Florence,3816,136,0,34.02361754,-79.70189312,45041.0,2759.3587527929826,3.5639412997903563,3680,3791,131,0,3660,3753,138159,25,5,0,20,38
2020-08-18,US,South Carolina,Georgetown,1556,27,0,33.43443342,-79.33202141,45043.0,2482.4505424377794,1.7352185089974292,1529,1543,26,0,1517,1535,62249,13,1,0,12,8
2020-08-18,US,South Carolina,Greenville,11327,235,0,34.89502264,-82.37295012,45045.0,2163.532247651573,2.074688796680498,11092,11277,229,0,11048,11252,514213,50,6,0,44,25
2020-08-18,US,South Carolina,Greenwood,1571,20,0,34.15272415,-82.12715789,45047.0,2218.5818587507592,1.273074474856779,1551,1569,20,0,1549,1544,70741,2,0,0,2,25
2020-08-18,US,South Carolina,Hampton,482,15,0,32.77419582,-81.13845571,45049.0,2507.5434398085526,3.1120331950207474,467,480,15,0,465,473,19351,2,0,0,2,7
2020-08-18,US,South Carolina,Horry,8926,172,0,33.9212828,-78.99555293,45051.0,2520.8921122568,1.9269549630293523,8754,8889,169,0,8720,8865,344147,37,3,0,34,24
2020-08-18,US,South Carolina,Jasper,641,19,0,32.43171982,-81.02487495,45053.0,2131.4800651747414,2.9641185647425896,622,635,19,0,616,632,28971,6,0,0,6,3
2020-08-18,US,South Carolina,Kershaw,1457,29,0,34.33988254,-80.58763164,45055.0,2189.298432780875,1.9903912148249832,1428,1461,29,0,1432,1455,65592,-4,0,0,-4,6
2020-08-18,US,South Carolina,Lancaster,1405,27,0,34.68270843,-80.70513032,45057.0,1433.497939027874,1.9217081850533808,1378,1392,27,0,1365,1375,95380,13,0,0,13,17
2020-08-18,US,South Carolina,Laurens,1386,51,0,34.48244419,-82.00490796,45059.0,2053.546293689716,3.67965367965368,1335,1379,49,0,1330,1377,66994,7,2,0,5,2
2020-08-18,US,South Carolina,Lee,588,30,0,34.16393091,-80.25690731,45061.0,3494.1763727121465,5.1020408163265305,558,588,30,0,558,586,17142,0,0,0,0,2
2020-08-18,US,South Carolina,Lexington,5277,121,0,33.89665987,-81.27146426,45063.0,1766.3598326359836,2.292969490240667,5156,5235,121,0,5114,5216,295032,42,0,0,42,19
2020-08-18,US,South Carolina,Marion,592,14,0,34.07859748,-79.36400756,45067.0,1931.0434810973024,2.3648648648648654,578,590,14,0,576,586,31039,2,0,0,2,4
2020-08-18,US,South Carolina,Marlboro,590,5,0,34.59905577,-79.67561152,45069.0,2258.978482272762,0.8474576271186439,585,554,5,0,549,552,26398,36,0,0,36,2
2020-08-18,US,South Carolina,McCormick,147,3,0,33.90161443,-82.30794338,45065.0,1553.4185776180914,2.0408163265306123,144,141,2,0,139,140,9410,6,1,0,5,1
2020-08-18,US,South Carolina,Newberry,901,13,0,34.28629098,-81.59935761,45071.0,2343.9125910509883,1.4428412874583796,888,895,13,0,882,892,38520,6,0,0,6,3
2020-08-18,US,South Carolina,Oconee,890,15,0,34.75225169,-83.06742317,45073.0,1118.8494707464863,1.6853932584269662,875,882,13,0,869,877,78374,8,2,0,6,5
2020-08-18,US,South Carolina,Orangeburg,2611,80,0,33.4391073,-80.79886287,45075.0,3029.8810559907165,3.0639601685178093,2531,2596,78,0,2518,2578,86934,15,2,0,13,18
2020-08-18,US,South Carolina,Pickens,1942,30,0,34.88807695,-82.72791551,45077.0,1530.531824343495,1.5447991761071058,1912,1934,30,0,1904,1929,124937,8,0,0,8,5
2020-08-18,US,South Carolina,Richland,9468,178,0,34.01791263,-80.90267209,45079.0,2277.280828556929,1.880016899028306,9290,9404,170,0,9234,9365,414576,64,8,0,56,39
2020-08-18,US,South Carolina,Saluda,494,10,0,34.00795823,-81.72713237,45081.0,2412.934108337811,2.0242914979757085,484,491,10,0,481,485,20544,3,0,0,3,6
2020-08-18,US,South Carolina,Spartanburg,4469,118,0,34.92960077,-81.99225984,45083.0,1397.5014462842223,2.64041172521817,4351,4400,115,0,4285,4389,313888,69,3,0,66,11
2020-08-18,US,South Carolina,Sumter,2648,56,0,33.91826534,-80.37942316,45085.0,2481.236120351196,2.114803625377644,2592,2643,56,0,2587,2632,106512,5,0,0,5,11
2020-08-18,US,South Carolina,Union,407,4,0,34.68835752,-81.61730349,45087.0,1489.9692487919172,0.9828009828009828,403,403,4,0,399,400,27410,4,0,0,4,3
2020-08-18,US,South Carolina,Williamsburg,1093,33,0,33.62190129,-79.72767442,45089.0,3599.1833508956797,3.0192131747483986,1060,1087,32,0,1055,1086,30606,6,1,0,5,1
2020-08-18,US,South Carolina,York,3848,32,0,34.97281497,-81.18085944,45091.0,1369.4973645717293,0.8316008316008316,3816,3807,32,0,3775,3774,274118,41,0,0,41,33
2020-08-18,US,South Dakota,Aurora,40,0,0,43.71757685,-98.56050467,46003.0,1454.0167211922933,0.0,40,40,0,0,40,40,2801,0,0,0,0,0
2020-08-18,US,South Dakota,Beadle,598,9,0,44.41464384,-98.27858469,46005.0,3240.665474448599,1.5050167224080269,589,598,9,0,589,598,18883,0,0,0,0,0
2020-08-18,US,South Dakota,Bennett,6,0,0,43.19486375,-101.6665572,46007.0,178.30609212481426,0.0,6,6,0,0,6,6,3468,0,0,0,0,0
2020-08-18,US,South Dakota,Bon Homme,26,0,0,42.98914167,-97.88592746,46009.0,376.75699174032746,0.0,26,26,0,0,26,24,6980,0,0,0,0,2
2020-08-18,US,South Dakota,Brookings,157,1,0,44.36974375,-96.79079945,46011.0,447.5867377483821,0.6369426751592356,156,156,1,0,155,154,35232,1,0,0,1,2
2020-08-18,US,South Dakota,Brown,491,3,0,45.58994323,-98.35165355,46013.0,1264.1932078580808,0.6109979633401222,488,485,3,0,482,473,39316,6,0,0,6,12
2020-08-18,US,South Dakota,Brule,47,0,0,43.71756379,-99.08118954,46015.0,887.2946951104399,0.0,47,47,0,0,47,47,5229,0,0,0,0,0
2020-08-18,US,South Dakota,Buffalo,109,3,0,44.07657829,-99.20814467,46017.0,5555.555555555556,2.7522935779816518,106,109,3,0,106,109,2036,0,0,0,0,0
2020-08-18,US,South Dakota,Butte,20,1,0,44.90608745,-103.5079318,46019.0,191.77294083804776,5.0,19,20,1,0,19,20,10222,0,0,0,0,0
2020-08-18,US,South Dakota,Campbell,3,0,0,45.77074915,-100.0510181,46021.0,218.02325581395348,0.0,3,3,0,0,3,3,1377,0,0,0,0,0
2020-08-18,US,South Dakota,Charles Mix,113,0,0,43.20660134,-98.58856175,46023.0,1216.0998708566508,0.0,113,113,0,0,113,113,9338,0,0,0,0,0
2020-08-18,US,South Dakota,Clark,17,0,0,44.85834507,-97.72925109,46025.0,455.0321199143468,0.0,17,17,0,0,17,17,3739,0,0,0,0,0
2020-08-18,US,South Dakota,Clay,141,0,0,42.91296147,-96.97656917,46027.0,1002.1321961620469,0.0,141,141,0,0,141,142,14041,0,0,0,0,-1
2020-08-18,US,South Dakota,Codington,173,1,0,44.97788119,-97.18827677,46029.0,617.658609732586,0.5780346820809249,172,169,1,0,168,163,28015,4,0,0,4,6
2020-08-18,US,South Dakota,Corson,48,0,0,45.70889983,-101.1970473,46031.0,1174.7430249632896,0.0,48,47,0,0,47,47,4165,1,0,0,1,0
2020-08-18,US,South Dakota,Custer,49,0,0,43.67741105,-103.45345209999999,46033.0,546.1435577351762,0.0,49,47,0,0,47,45,8726,2,0,0,2,2
2020-08-18,US,South Dakota,Davison,101,1,0,43.67490933,-98.14458906,46035.0,510.7458912768647,0.99009900990099,100,101,1,0,100,100,19790,0,0,0,0,1
2020-08-18,US,South Dakota,Day,29,0,0,45.367281,-97.60737498,46037.0,534.6607669616518,0.0,29,28,0,0,28,26,5505,1,0,0,1,2
2020-08-18,US,South Dakota,Deuel,24,0,0,44.75994309,-96.66943645,46039.0,551.5973339462191,0.0,24,24,0,0,24,19,4337,0,0,0,0,5
2020-08-18,US,South Dakota,Dewey,59,0,0,45.15639647,-100.8709139,46041.0,1001.3577732518668,0.0,59,59,0,0,59,58,5904,0,0,0,0,1
2020-08-18,US,South Dakota,Douglas,20,0,0,43.38520741,-98.36978007,46043.0,684.6970215679562,0.0,20,20,0,0,20,19,2935,0,0,0,0,1
2020-08-18,US,South Dakota,Edmunds,21,0,0,45.41846445,-99.21545423,46045.0,548.4460694698355,0.0,21,19,0,0,19,19,3875,2,0,0,2,0
2020-08-18,US,South Dakota,Fall River,23,0,0,43.23929297,-103.5275691,46047.0,342.6187993445553,0.0,23,23,0,0,23,23,6758,0,0,0,0,0
2020-08-18,US,South Dakota,Faulk,29,1,0,45.07082625,-99.14535601,46049.0,1261.418007829491,3.4482758620689653,28,29,1,0,28,29,2330,0,0,0,0,0
2020-08-18,US,South Dakota,Grant,34,0,0,45.1723937,-96.77002276,46051.0,482.1327283040272,0.0,34,33,0,0,33,33,7147,1,0,0,1,0
2020-08-18,US,South Dakota,Gregory,8,0,0,43.19419064,-99.18883902,46053.0,191.15890083632016,0.0,8,8,0,0,8,7,4212,0,0,0,0,1
2020-08-18,US,South Dakota,Haakon,2,0,0,44.29299053,-101.539099,46055.0,105.318588730911,0.0,2,2,0,0,2,2,1918,0,0,0,0,0
2020-08-18,US,South Dakota,Hamlin,32,0,0,44.67385954,-97.18829593,46057.0,519.1434133679429,0.0,32,31,0,0,31,30,6111,1,0,0,1,1
2020-08-18,US,South Dakota,Hand,12,0,0,44.54708407,-99.00386459,46059.0,376.0576621748668,0.0,12,12,0,0,12,12,3262,0,0,0,0,0
2020-08-18,US,South Dakota,Hanson,22,0,0,43.6746384,-97.78715148,46061.0,637.1271358239213,0.0,22,22,0,0,22,22,3376,0,0,0,0,0
2020-08-18,US,South Dakota,Harding,2,0,0,45.58015551,-103.4958629,46063.0,154.08320493066256,0.0,2,2,0,0,2,2,1249,0,0,0,0,0
2020-08-18,US,South Dakota,Hughes,100,3,0,44.39091534,-99.99661148,46065.0,570.5808513066303,3.0,97,100,3,0,97,98,17650,0,0,0,0,2
2020-08-18,US,South Dakota,Hutchinson,35,0,0,43.33449012,-97.75536441,46067.0,480.0438897270608,0.0,35,31,0,0,31,31,7380,4,0,0,4,0
2020-08-18,US,South Dakota,Hyde,4,0,0,44.54747703,-99.48572582,46069.0,307.455803228286,0.0,4,4,0,0,4,4,1282,0,0,0,0,0
2020-08-18,US,South Dakota,Jackson,12,1,0,43.69318385,-101.6255063,46071.0,358.85167464114835,8.333333333333334,11,12,1,0,11,12,3307,0,0,0,0,0
2020-08-18,US,South Dakota,Jerauld,39,1,0,44.06637798,-98.62965972,46073.0,1937.4068554396426,2.5641025641025643,38,39,1,0,38,39,2043,0,0,0,0,0
2020-08-18,US,South Dakota,Jones,2,0,0,43.96278565,-100.6940008,46075.0,221.48394241417492,0.0,2,2,0,0,2,2,928,0,0,0,0,0
2020-08-18,US,South Dakota,Kingsbury,15,0,0,44.36956169,-97.4913945,46077.0,303.70520348248635,0.0,15,15,0,0,15,15,4919,0,0,0,0,0
2020-08-18,US,South Dakota,Lake,104,5,0,44.02193107,-97.12926365,46079.0,812.6904743299211,4.807692307692308,99,103,4,0,99,101,13057,1,1,0,0,2
2020-08-18,US,South Dakota,Lawrence,77,1,0,44.35919441,-103.79294279999999,46081.0,297.9414951245937,1.2987012987012987,76,74,1,0,73,73,25741,3,0,0,3,1
2020-08-18,US,South Dakota,Lincoln,723,2,0,43.27841182,-96.72039050000001,46083.0,1182.764036120927,0.2766251728907331,721,711,2,0,709,708,58807,12,0,0,12,3
2020-08-18,US,South Dakota,Lyman,91,3,0,43.89522709,-99.85201878,46085.0,2406.770695583179,3.2967032967032965,88,91,3,0,88,91,3821,0,0,0,0,0
2020-08-18,US,South Dakota,Marshall,12,0,0,45.75870838,-97.59855639,46091.0,243.161094224924,0.0,12,12,0,0,12,12,5112,0,0,0,0,0
2020-08-18,US,South Dakota,McCook,37,1,0,43.6742571,-97.36863144,46087.0,662.3702112423917,2.702702702702702,36,36,1,0,35,36,5546,1,0,0,1,0
2020-08-18,US,South Dakota,McPherson,8,0,0,45.76626028,-99.22118798,46089.0,336.27574611181166,0.0,8,8,0,0,8,8,2407,0,0,0,0,0
2020-08-18,US,South Dakota,Meade,112,1,0,44.56676791,-102.71627409999999,46093.0,395.3127205986164,0.8928571428571429,111,106,1,0,105,104,28294,6,0,0,6,2
2020-08-18,US,South Dakota,Mellette,24,0,0,43.58078848,-100.7563186,46095.0,1164.4832605531294,0.0,24,24,0,0,24,24,2042,0,0,0,0,0
2020-08-18,US,South Dakota,Miner,15,0,0,44.02197882,-97.60992207,46097.0,676.8953068592058,0.0,15,15,0,0,15,15,2213,0,0,0,0,0
2020-08-18,US,South Dakota,Minnehaha,4682,68,0,43.67441641,-96.7910885,46099.0,2424.2235960524813,1.4523707817172151,4614,4655,68,0,4587,4629,192876,27,0,0,27,26
2020-08-18,US,South Dakota,Moody,33,0,0,44.02266214,-96.67081159,46101.0,501.8248175182482,0.0,33,33,0,0,33,33,6579,0,0,0,0,0
2020-08-18,US,South Dakota,Oglala Lakota,158,2,0,43.33749164,-102.55554980000001,46102.0,1114.4812019468152,1.2658227848101269,156,158,2,0,156,158,14309,0,0,0,0,0
2020-08-18,US,South Dakota,Pennington,958,33,0,44.0025835,-102.8240777,46103.0,842.0127444517688,3.444676409185804,925,951,33,0,918,942,111729,7,0,0,7,9
2020-08-18,US,South Dakota,Perkins,6,0,0,45.49049506,-102.47555859999999,46105.0,209.42408376963348,0.0,6,6,0,0,6,6,2922,0,0,0,0,0
2020-08-18,US,South Dakota,Potter,2,0,0,45.06583079,-99.95498503,46107.0,92.89363678588016,0.0,2,2,0,0,2,2,2207,0,0,0,0,0
2020-08-18,US,South Dakota,Roberts,87,1,0,45.62975048,-96.94672673,46109.0,837.0213584760437,1.1494252873563218,86,87,1,0,86,87,10447,0,0,0,0,0
2020-08-18,US,South Dakota,Sanborn,13,0,0,44.02351092,-98.09098159999999,46111.0,554.6075085324234,0.0,13,13,0,0,13,13,2429,0,0,0,0,0
2020-08-18,US,South Dakota,Spink,27,0,0,44.93837606,-98.34626602,46115.0,423.4629861982434,0.0,27,27,0,0,27,27,6495,0,0,0,0,0
2020-08-18,US,South Dakota,Stanley,16,0,0,44.41381872,-100.7349153,46117.0,516.4622336991607,0.0,16,16,0,0,16,15,3022,0,0,0,0,1
2020-08-18,US,South Dakota,Sully,4,0,0,44.71571812,-100.1278092,46119.0,287.56290438533426,0.0,4,4,0,0,4,4,1392,0,0,0,0,0
2020-08-18,US,South Dakota,Todd,75,5,0,43.19338568,-100.71955030000001,46121.0,736.9558809079297,6.666666666666668,70,75,5,0,70,75,10283,0,0,0,0,0
2020-08-18,US,South Dakota,Tripp,20,0,0,43.34459388,-99.8854891,46123.0,367.5794890645102,0.0,20,20,0,0,20,20,5478,0,0,0,0,0
2020-08-18,US,South Dakota,Turner,60,0,0,43.3109081,-97.14865776,46125.0,715.6488549618323,0.0,60,60,0,0,60,59,8424,0,0,0,0,1
2020-08-18,US,South Dakota,Union,223,4,0,42.83112163,-96.6557828,46127.0,1399.6987195581219,1.7937219730941705,219,223,4,0,219,223,15619,0,0,0,0,0
2020-08-18,US,South Dakota,Walworth,18,0,0,45.43019636,-100.03075140000001,46129.0,331.1867525298988,0.0,18,18,0,0,18,18,5587,0,0,0,0,0
2020-08-18,US,South Dakota,Yankton,158,3,0,43.00924485,-97.39467635,46135.0,692.5572017182433,1.8987341772151896,155,157,3,0,154,153,22869,1,0,0,1,4
2020-08-18,US,South Dakota,Ziebach,35,0,0,44.97881876,-101.6654622,46137.0,1269.956458635704,0.0,35,35,0,0,35,35,2742,0,0,0,0,0
2020-08-18,US,Tennessee,Anderson,778,6,0,36.12684348,-84.19965764,47001.0,1010.6783756397932,0.7712082262210797,772,772,6,0,766,759,76482,6,0,0,6,13
2020-08-18,US,Tennessee,Bedford,989,12,0,35.51123746,-86.45549096,47003.0,1989.419266590228,1.2133468149646107,977,987,12,0,975,984,49038,2,0,0,2,3
2020-08-18,US,Tennessee,Benton,190,2,0,36.07110411,-88.06849355,47005.0,1175.7425742574258,1.0526315789473684,188,187,2,0,185,183,16184,3,0,0,3,4
2020-08-18,US,Tennessee,Bledsoe,752,2,0,35.59942968,-85.20611967,47007.0,4992.033988316516,0.26595744680851063,750,751,2,0,749,749,14755,1,0,0,1,2
2020-08-18,US,Tennessee,Blount,1542,15,0,35.68938198,-83.92847788,47009.0,1158.631882664102,0.9727626459143968,1527,1507,15,0,1492,1477,131349,35,0,0,35,30
2020-08-18,US,Tennessee,Bradley,2192,16,0,35.15739424,-84.857186,47011.0,2027.5645176209412,0.7299270072992701,2176,2175,16,0,2159,2166,106727,17,0,0,17,9
2020-08-18,US,Tennessee,Campbell,279,2,0,36.40355516,-84.15108559999999,47013.0,700.2660509010593,0.7168458781362007,277,275,2,0,273,271,39583,4,0,0,4,4
2020-08-18,US,Tennessee,Cannon,165,0,0,35.80990797,-86.05738983,47015.0,1124.131353045374,0.0,165,166,0,0,166,163,14462,-1,0,0,-1,3
2020-08-18,US,Tennessee,Carroll,411,6,0,35.97366108,-88.45189331,47017.0,1480.174307631361,1.45985401459854,405,401,6,0,395,394,28020,10,0,0,10,7
2020-08-18,US,Tennessee,Carter,648,9,0,36.28969086,-82.12588974,47019.0,1149.1195403521838,1.3888888888888888,639,643,6,0,637,634,56351,5,3,0,2,9
2020-08-18,US,Tennessee,Cheatham,656,9,0,36.26136216,-87.08903581,47021.0,1613.1015319546561,1.3719512195121952,647,648,9,0,639,637,40439,8,0,0,8,11
2020-08-18,US,Tennessee,Chester,290,2,0,35.42527478,-88.6095842,47023.0,1676.5913164132508,0.6896551724137931,288,278,2,0,276,274,17276,12,0,0,12,4
2020-08-18,US,Tennessee,Claiborne,315,1,0,36.48319149,-83.65947309,47025.0,985.6378484933824,0.31746031746031744,314,313,1,0,312,306,31756,2,0,0,2,7
2020-08-18,US,Tennessee,Clay,92,0,0,36.55151008,-85.53930419,47027.0,1208.1418253447146,0.0,92,91,0,0,91,89,7717,1,0,0,1,2
2020-08-18,US,Tennessee,Cocke,560,5,0,35.9278914,-83.11828725,47029.0,1555.3827352516391,0.8928571428571429,555,557,5,0,552,547,35774,3,0,0,3,10
2020-08-18,US,Tennessee,Coffee,630,4,0,35.49090731,-86.07311784,47031.0,1114.6496815286623,0.6349206349206349,626,617,4,0,613,608,55700,13,0,0,13,9
2020-08-18,US,Tennessee,Crockett,313,8,0,35.81830662,-89.14916269,47033.0,2199.578355586789,2.5559105431309903,305,308,7,0,301,303,14328,5,1,0,4,5
2020-08-18,US,Tennessee,Cumberland,598,7,0,35.95271721,-84.99840585,47035.0,988.1031064111038,1.1705685618729098,591,592,7,0,585,567,59673,6,0,0,6,25
2020-08-18,US,Tennessee,Davidson,22190,231,0,36.17007426,-86.78646056,47037.0,3196.7430389083534,1.0410094637223974,21959,22005,230,0,21775,21893,692587,185,1,0,184,112
2020-08-18,US,Tennessee,DeKalb,394,2,0,35.97616272,-85.83689361,47041.0,1922.889214250854,0.5076142131979695,392,390,2,0,388,387,20138,4,0,0,4,3
2020-08-18,US,Tennessee,Decatur,247,3,0,35.60048904,-88.11043779,47039.0,2117.8084540855702,1.214574898785425,244,244,3,0,241,239,11706,3,0,0,3,5
2020-08-18,US,Tennessee,Dickson,794,4,0,36.14669837,-87.35891709,47043.0,1471.7876473641284,0.5037783375314862,790,784,4,0,780,777,53446,10,0,0,10,7
2020-08-18,US,Tennessee,Dyer,751,9,0,36.05931946,-89.41542855,47045.0,2021.044699803547,1.1984021304926764,742,747,9,0,738,737,37320,4,0,0,4,10
2020-08-18,US,Tennessee,Fayette,766,10,0,35.19615831,-89.41399032,47047.0,1862.2517200301456,1.3054830287206267,756,759,8,0,751,755,40507,7,2,0,5,4
2020-08-18,US,Tennessee,Fentress,127,0,0,36.38128818,-84.92870012,47049.0,685.6340765534741,0.0,127,124,0,0,124,122,18217,3,0,0,3,2
2020-08-18,US,Tennessee,Franklin,384,4,0,35.15634626,-86.09201039,47051.0,909.7801364670204,1.0416666666666667,380,383,4,0,379,380,41890,1,0,0,1,3
2020-08-18,US,Tennessee,Gibson,846,10,0,35.99438059,-88.93358327,47053.0,1721.8570003867055,1.182033096926714,836,832,9,0,823,819,49045,14,1,0,13,13
2020-08-18,US,Tennessee,Giles,416,14,0,35.20222469,-87.03992678,47055.0,1411.8924789573716,3.3653846153846154,402,416,14,0,402,415,29503,0,0,0,0,1
2020-08-18,US,Tennessee,Grainger,228,1,0,36.27469206,-83.51254721,47057.0,977.7015437392796,0.43859649122807015,227,223,1,0,222,219,23145,5,0,0,5,4
2020-08-18,US,Tennessee,Greene,627,9,0,36.17470125,-82.84691273,47059.0,907.7878643096036,1.4354066985645932,618,609,9,0,600,605,69087,18,0,0,18,4
2020-08-18,US,Tennessee,Grundy,133,2,0,35.38433717,-85.72142731,47061.0,990.5414463394652,1.5037593984962403,131,130,2,0,128,130,13346,3,0,0,3,0
2020-08-18,US,Tennessee,Hamblen,1512,16,0,36.21990035,-83.26586179,47063.0,2328.5181876982783,1.058201058201058,1496,1507,15,0,1492,1494,64569,5,1,0,4,13
2020-08-18,US,Tennessee,Hamilton,6995,61,0,35.17670231,-85.16652245,47065.0,1901.8281476003524,0.8720514653323803,6934,6862,60,0,6802,6801,364286,133,1,0,132,61
2020-08-18,US,Tennessee,Hancock,84,2,0,36.52692871,-83.22375847,47067.0,1268.882175226586,2.380952380952381,82,84,2,0,82,84,6549,0,0,0,0,0
2020-08-18,US,Tennessee,Hardeman,1091,19,0,35.20772017,-88.99161161,47069.0,4355.289421157685,1.7415215398716777,1072,1082,18,0,1064,1056,25220,9,1,0,8,26
2020-08-18,US,Tennessee,Hardin,525,8,0,35.19732531,-88.18593755,47071.0,2046.624044908779,1.5238095238095235,517,517,8,0,509,510,25776,8,0,0,8,7
2020-08-18,US,Tennessee,Hawkins,585,10,0,36.44355426,-82.94885298,47073.0,1030.1834959320959,1.709401709401709,575,579,10,0,569,572,56530,6,0,0,6,7
2020-08-18,US,Tennessee,Haywood,625,8,0,35.58332824,-89.28536625,47075.0,3611.8816458622277,1.28,617,619,7,0,612,608,17335,6,1,0,5,11
2020-08-18,US,Tennessee,Henderson,716,4,0,35.65581134,-88.38600175,47077.0,2546.502116157485,0.5586592178770949,712,695,3,0,692,684,27847,21,1,0,20,11
2020-08-18,US,Tennessee,Henry,336,1,0,36.33160906,-88.30121797,47079.0,1063.5337764724068,0.2976190476190476,335,336,1,0,335,328,32358,0,0,0,0,8
2020-08-18,US,Tennessee,Hickman,309,1,0,35.80609681,-87.47643507,47081.0,1227.2618953054255,0.32362459546925565,308,305,1,0,304,305,25063,4,0,0,4,0
2020-08-18,US,Tennessee,Houston,67,0,0,36.28872054,-87.71878828,47083.0,816.9735398122183,0.0,67,67,0,0,67,66,8263,0,0,0,0,1
2020-08-18,US,Tennessee,Humphreys,145,3,0,36.03958805,-87.77992872,47085.0,780.3250457431924,2.0689655172413794,142,140,3,0,137,140,18486,5,0,0,5,0
2020-08-18,US,Tennessee,Jackson,156,1,0,36.36380466,-85.67239905,47087.0,1323.6042762599695,0.6410256410256411,155,153,1,0,152,149,11758,3,0,0,3,4
2020-08-18,US,Tennessee,Jefferson,652,4,0,36.04818632,-83.45148924,47089.0,1196.440040370676,0.6134969325153374,648,651,4,0,647,650,54012,1,0,0,1,1
2020-08-18,US,Tennessee,Johnson,353,1,0,36.45523950000001,-81.84886538,47091.0,1984.4839217449967,0.28328611898017,352,349,1,0,348,349,17778,4,0,0,4,0
2020-08-18,US,Tennessee,Knox,5349,43,0,35.99508821,-83.94635435,47093.0,1137.3276945353414,0.8038885773041691,5306,5297,43,0,5254,5231,465289,52,0,0,52,66
2020-08-18,US,Tennessee,Lake,805,1,0,36.34180170000001,-89.48921915,47095.0,11473.774230330671,0.12422360248447205,804,804,1,0,803,801,7411,1,0,0,1,3
2020-08-18,US,Tennessee,Lauderdale,572,9,0,35.75893438,-89.63015909999999,47097.0,2231.4984590176728,1.573426573426573,563,569,9,0,560,565,25825,3,0,0,3,4
2020-08-18,US,Tennessee,Lawrence,655,8,0,35.21675201,-87.39787695,47099.0,1483.8475828009605,1.2213740458015268,647,646,7,0,639,639,43734,9,1,0,8,7
2020-08-18,US,Tennessee,Lewis,92,1,0,35.52853208,-87.49022694,47101.0,749.9184871209651,1.0869565217391304,91,89,1,0,88,88,12086,3,0,0,3,1
2020-08-18,US,Tennessee,Lincoln,351,1,0,35.13738622,-86.58910106,47103.0,1021.358319269045,0.2849002849002849,350,349,1,0,348,344,34117,2,0,0,2,5
2020-08-18,US,Tennessee,Loudon,819,3,0,35.73939663,-84.31145275,47105.0,1514.7591921284309,0.3663003663003663,816,815,3,0,812,809,53054,4,0,0,4,6
2020-08-18,US,Tennessee,Macon,869,13,0,36.53157855,-86.00778595,47111.0,3532.233151776278,1.4959723820483315,856,871,13,0,858,864,24265,-2,0,0,-2,7
2020-08-18,US,Tennessee,Madison,1414,27,0,35.61181957,-88.84076036,47113.0,1443.092749836708,1.9094766619519092,1387,1373,26,0,1347,1330,97605,41,1,0,40,43
2020-08-18,US,Tennessee,Marion,262,5,0,35.12997174,-85.62265895,47115.0,906.3548621441173,1.9083969465648856,257,258,5,0,253,256,28575,4,0,0,4,2
2020-08-18,US,Tennessee,Marshall,373,4,0,35.45798777,-86.76420988,47117.0,1085.090909090909,1.0723860589812333,369,372,4,0,368,369,33683,1,0,0,1,3
2020-08-18,US,Tennessee,Maury,1449,11,0,35.618741299999996,-87.07462444,47119.0,1503.3147623642194,0.7591442374051071,1438,1445,10,0,1435,1433,94340,4,1,0,3,12
2020-08-18,US,Tennessee,McMinn,627,20,0,35.42812616,-84.61520715,47107.0,1165.5574971186375,3.1897926634768736,607,617,20,0,597,609,53285,10,0,0,10,8
2020-08-18,US,Tennessee,McNairy,437,7,0,35.17468549,-88.5647812,47109.0,1700.786175760878,1.6018306636155606,430,430,6,0,424,419,25832,7,1,0,6,11
2020-08-18,US,Tennessee,Meigs,121,1,0,35.51558739,-84.81482914,47121.0,974.0782482691997,0.8264462809917356,120,121,1,0,120,121,12306,0,0,0,0,0
2020-08-18,US,Tennessee,Monroe,526,10,0,35.44550387,-84.24902965,47123.0,1130.0891610269632,1.9011406844106464,516,524,10,0,514,511,46357,2,0,0,2,13
2020-08-18,US,Tennessee,Montgomery,2182,18,0,36.49609412,-87.38550661,47125.0,1044.0541070753566,0.8249312557286893,2164,2169,16,0,2153,2150,205950,13,2,0,11,19
2020-08-18,US,Tennessee,Moore,77,0,0,35.27724699,-86.36230578,47127.0,1186.806411837238,0.0,77,77,0,0,77,75,6411,0,0,0,0,2
2020-08-18,US,Tennessee,Morgan,148,1,0,36.13248031,-84.64880098,47129.0,691.4918469373453,0.6756756756756757,147,145,1,0,144,141,21579,3,0,0,3,4
2020-08-18,US,Tennessee,Obion,687,4,0,36.35732446,-89.14921589,47131.0,2284.7450863015065,0.5822416302765647,683,681,4,0,677,665,30267,6,0,0,6,16
2020-08-18,US,Tennessee,Out of TN,2982,22,0,0.0,0.0,80047.0,0.0,0.7377598926894702,2960,3016,21,0,2995,3088,,-34,1,0,-35,-72
2020-08-18,US,Tennessee,Overton,288,1,0,36.34117832,-85.28989535,47133.0,1294.9058045951172,0.3472222222222222,287,280,1,0,279,272,22068,8,0,0,8,8
2020-08-18,US,Tennessee,Perry,92,0,0,35.63708728,-87.86139634,47135.0,1139.1778107974244,0.0,92,91,0,0,91,90,8064,1,0,0,1,1
2020-08-18,US,Tennessee,Pickett,39,1,0,36.55606529,-85.07763299999998,47137.0,772.5832012678287,2.5641025641025643,38,38,1,0,37,38,5082,1,0,0,1,0
2020-08-18,US,Tennessee,Polk,281,9,0,35.12245443,-84.52075859,47139.0,1669.4391634980987,3.2028469750889683,272,270,8,0,262,268,16898,11,1,0,10,2
2020-08-18,US,Tennessee,Putnam,1959,21,0,36.14005459,-85.50646123,47141.0,2441.273599601221,1.0719754977029097,1938,1959,20,0,1939,1931,78843,0,1,0,-1,28
2020-08-18,US,Tennessee,Rhea,589,2,0,35.60536161,-84.93076643,47143.0,1775.8615491301596,0.3395585738539898,587,583,2,0,581,581,33044,6,0,0,6,2
2020-08-18,US,Tennessee,Roane,545,2,0,35.84923189,-84.52458689,47145.0,1020.943389157394,0.3669724770642202,543,542,2,0,540,533,53140,3,0,0,3,9
2020-08-18,US,Tennessee,Robertson,1650,22,0,36.52454807,-86.87346725,47147.0,2297.634133095679,1.3333333333333333,1628,1647,21,0,1626,1638,71012,3,1,0,2,9
2020-08-18,US,Tennessee,Rutherford,7179,61,0,35.84591405,-86.4107263,47149.0,2160.494756007644,0.8497005153921159,7118,7137,59,0,7078,7080,324890,42,2,0,40,57
2020-08-18,US,Tennessee,Scott,143,2,0,36.42325673,-84.50360494,47151.0,647.9970998731194,1.3986013986013983,141,144,2,0,142,142,22039,-1,0,0,-1,2
2020-08-18,US,Tennessee,Sequatchie,128,1,0,35.36979721,-85.41022136,47153.0,851.8567815785971,0.78125,127,124,1,0,123,122,14876,4,0,0,4,2
2020-08-18,US,Tennessee,Sevier,2060,10,0,35.78077323,-83.52244332,47155.0,2096.692111959288,0.4854368932038835,2050,2055,10,0,2045,2038,97892,5,0,0,5,17
2020-08-18,US,Tennessee,Shelby,24905,340,0,35.1864775,-89.89692423,47157.0,2657.4801049120433,1.3651877133105803,24565,24798,334,0,24464,24692,935764,107,6,0,101,106
2020-08-18,US,Tennessee,Smith,480,4,0,36.25359775,-85.95411046,47159.0,2381.306742074713,0.8333333333333334,476,483,4,0,479,479,19942,-3,0,0,-3,4
2020-08-18,US,Tennessee,Stewart,85,0,0,36.50235092,-87.83920548,47161.0,619.7593875318994,0.0,85,84,0,0,84,82,13561,1,0,0,1,2
2020-08-18,US,Tennessee,Sullivan,1212,19,0,36.51240691,-82.30412917,47163.0,765.4027837421376,1.5676567656765676,1193,1202,18,0,1184,1197,157668,10,1,0,9,5
2020-08-18,US,Tennessee,Sumner,3665,77,0,36.46824103,-86.45917204,47165.0,1916.009263761024,2.1009549795361533,3588,3649,76,0,3573,3636,187149,16,1,0,15,13
2020-08-18,US,Tennessee,Tipton,1274,12,0,35.501942,-89.73694895,47167.0,2068.215393107031,0.9419152276295132,1262,1268,12,0,1256,1256,61581,6,0,0,6,12
2020-08-18,US,Tennessee,Trousdale,1587,6,0,36.39026213,-86.16087954,47169.0,14064.161644806803,0.3780718336483932,1581,1587,6,0,1581,1585,11012,0,0,0,0,2
2020-08-18,US,Tennessee,Unassigned,3157,4,0,0.0,0.0,90047.0,0.0,0.12670256572695598,3153,3172,5,0,3167,3182,,-15,-1,0,-14,-10
2020-08-18,US,Tennessee,Unicoi,184,0,0,36.10890856,-82.43709629,47171.0,1028.9101381200023,0.0,184,184,0,0,184,184,17761,0,0,0,0,0
2020-08-18,US,Tennessee,Union,184,0,0,36.28590426,-83.83651902,47173.0,921.2898057280192,0.0,184,179,0,0,179,177,19688,5,0,0,5,2
2020-08-18,US,Tennessee,Van Buren,46,0,0,35.69864497,-85.45221699,47175.0,783.3787465940054,0.0,46,45,0,0,45,45,5765,1,0,0,1,0
2020-08-18,US,Tennessee,Warren,629,6,0,35.672829899999996,-85.77969117,47177.0,1523.8510550669864,0.9538950715421304,623,626,6,0,620,592,40878,3,0,0,3,34
2020-08-18,US,Tennessee,Washington,1476,3,0,36.29472368,-82.49454720000001,47179.0,1140.8695652173913,0.2032520325203252,1473,1466,2,0,1464,1455,128607,10,1,0,9,11
2020-08-18,US,Tennessee,Wayne,238,2,0,35.23868267,-87.78644456,47181.0,1427.4575661248725,0.8403361344537815,236,239,2,0,237,236,16558,-1,0,0,-1,3
2020-08-18,US,Tennessee,Weakley,637,7,0,36.29896232,-88.71990865,47183.0,1911.3058089294286,1.0989010989010992,630,625,5,0,620,603,33415,12,2,0,10,22
2020-08-18,US,Tennessee,White,349,6,0,35.92929884,-85.45591799,47185.0,1276.2845127079906,1.7191977077363896,343,345,6,0,339,336,27107,4,0,0,4,9
2020-08-18,US,Tennessee,Williamson,3932,27,0,35.89099229,-86.89281867,47187.0,1649.2458433300335,0.6866734486266531,3905,3893,26,0,3867,3861,231729,39,1,0,38,32
2020-08-18,US,Tennessee,Wilson,2526,26,0,36.15496772,-86.29775884,47189.0,1746.1996308509094,1.0292953285827395,2500,2501,25,0,2476,2484,140625,25,1,0,24,17
2020-08-18,US,Texas,Anderson,2438,17,0,31.81534745,-95.65354823,48001.0,4222.741837706762,0.6972928630024611,2421,2434,17,0,2417,2434,58057,4,0,0,4,0
2020-08-18,US,Texas,Andrews,346,7,0,32.30468633,-102.63765479999999,48003.0,1849.7727880245925,2.0231213872832368,339,338,7,0,331,338,18128,8,0,0,8,0
2020-08-18,US,Texas,Angelina,1930,54,0,31.25457347,-94.60901487,48005.0,2225.681831286398,2.7979274611398965,1876,1906,54,0,1852,1906,87092,24,0,0,24,0
2020-08-18,US,Texas,Aransas,190,16,0,28.10556197,-96.9995047,48007.0,808.1667375584857,8.421052631578947,174,187,16,0,171,187,23792,3,0,0,3,0
2020-08-18,US,Texas,Archer,33,0,0,33.61569967,-98.68754589,48009.0,385.8295334970186,0.0,33,33,0,0,33,33,8786,0,0,0,0,0
2020-08-18,US,Texas,Armstrong,8,0,0,34.96507426,-101.35748740000001,48011.0,423.9533651298357,0.0,8,8,0,0,8,8,1892,0,0,0,0,0
2020-08-18,US,Texas,Atascosa,519,19,0,28.89333001,-98.52730485,48013.0,1014.6032490763004,3.6608863198458574,500,517,19,0,498,517,50310,2,0,0,2,0
2020-08-18,US,Texas,Austin,335,4,0,29.88548725,-96.27736949,48015.0,1115.4768247202983,1.1940298507462686,331,332,4,0,328,331,29989,3,0,0,3,1
2020-08-18,US,Texas,Bailey,195,4,0,34.06854817,-102.8299707,48017.0,2785.714285714286,2.051282051282051,191,187,4,0,183,187,7027,8,0,0,8,0
2020-08-18,US,Texas,Bandera,100,3,0,29.74619598,-99.24598147,48019.0,432.6756663205262,3.0,97,100,3,0,97,100,22824,0,0,0,0,0
2020-08-18,US,Texas,Bastrop,1469,23,0,30.10370699,-97.31206354,48021.0,1655.7149780778375,1.5656909462219195,1446,1452,23,0,1429,1448,86976,17,0,0,17,4
2020-08-18,US,Texas,Baylor,13,0,0,33.61640794,-99.21352901,48023.0,370.4759190652608,0.0,13,13,0,0,13,13,3582,0,0,0,0,0
2020-08-18,US,Texas,Bee,1412,17,0,28.41761668,-97.74215593,48025.0,4335.9434976201455,1.2039660056657224,1395,1387,17,0,1370,1382,32587,25,0,0,25,5
2020-08-18,US,Texas,Bell,4369,50,0,31.03736027,-97.4785025,48027.0,1203.8333094532186,1.1444266422522316,4319,4281,49,0,4232,4281,355642,88,1,0,87,0
2020-08-18,US,Texas,Bexar,44265,913,0,29.44928723,-98.52019748,48029.0,2209.324031196564,2.062577657291313,43352,44122,892,0,43230,44052,1986049,143,21,0,122,70
2020-08-18,US,Texas,Blanco,127,5,0,30.26640707,-98.3999852,48031.0,1064.4539435085073,3.9370078740157477,122,126,5,0,121,116,11702,1,0,0,1,10
2020-08-18,US,Texas,Bosque,181,2,0,31.89978581,-97.63613524,48035.0,968.6914637409687,1.1049723756906078,179,180,2,0,178,180,18691,1,0,0,1,0
2020-08-18,US,Texas,Bowie,811,39,0,33.44626922,-94.41834132,48037.0,869.7517293152448,4.808877928483353,772,791,39,0,752,790,94324,20,0,0,20,1
2020-08-18,US,Texas,Brazoria,8303,114,0,29.18757369,-95.44563172,48039.0,2218.487484770109,1.3729977116704806,8189,8233,111,0,8122,8148,370200,70,3,0,67,85
2020-08-18,US,Texas,Brazos,4206,51,0,30.663644800000004,-96.30205577,48041.0,1834.99046729869,1.2125534950071326,4155,4192,51,0,4141,4185,226758,14,0,0,14,7
2020-08-18,US,Texas,Brewster,187,2,0,29.81008251,-103.25203259999999,48043.0,2031.9461045311316,1.0695187165775402,185,187,2,0,185,187,9267,0,0,0,0,0
2020-08-18,US,Texas,Briscoe,12,1,0,34.53026962,-101.2084947,48045.0,776.1966364812421,8.333333333333334,11,12,1,0,11,12,1516,0,0,0,0,0
2020-08-18,US,Texas,Brooks,151,7,0,27.03103197,-98.21808402,48047.0,2128.8594388834063,4.635761589403972,144,148,6,0,142,147,7114,3,1,0,2,1
2020-08-18,US,Texas,Brown,419,18,0,31.77430356,-98.99907113,48049.0,1106.592013522079,4.295942720763724,401,408,18,0,390,408,37924,11,0,0,11,0
2020-08-18,US,Texas,Burleson,257,6,0,30.49273808,-96.62158484,48051.0,1393.4826221330584,2.3346303501945527,251,251,6,0,245,250,18389,6,0,0,6,1
2020-08-18,US,Texas,Burnet,578,11,0,30.78801353,-98.181887,48053.0,1200.2907278579587,1.9031141868512111,567,577,11,0,566,576,47542,1,0,0,1,1
2020-08-18,US,Texas,Caldwell,1189,30,0,29.83668859,-97.61814775,48055.0,2723.067057530231,2.523128679562657,1159,1183,29,0,1154,1179,43247,6,1,0,5,4
2020-08-18,US,Texas,Calhoun,558,7,0,28.47048236,-96.61633945,48057.0,2620.94880225458,1.254480286738351,551,555,7,0,548,555,21561,3,0,0,3,0
2020-08-18,US,Texas,Callahan,56,3,0,32.29760619,-99.37326312,48059.0,401.63522914724234,5.357142857142857,53,52,3,0,49,52,13994,4,0,0,4,0
2020-08-18,US,Texas,Cameron,18170,589,0,26.14524221,-97.48140372,48061.0,4293.853668680863,3.241607044578976,17581,18005,565,0,17440,17816,423908,165,24,0,141,189
2020-08-18,US,Texas,Camp,255,7,0,32.97195142,-94.97790104,48063.0,1947.4568504658623,2.7450980392156863,248,253,6,0,247,256,13033,2,1,0,1,-3
2020-08-18,US,Texas,Carson,17,0,0,35.40365929,-101.35426690000001,48065.0,286.87141410732363,0.0,17,17,0,0,17,17,6005,0,0,0,0,0
2020-08-18,US,Texas,Cass,206,9,0,33.07499881,-94.34646905,48067.0,686.072070871911,4.368932038834951,197,203,9,0,194,199,30119,3,0,0,3,4
2020-08-18,US,Texas,Castro,210,4,0,34.53016752,-102.2617243,48069.0,2788.8446215139447,1.9047619047619049,206,209,4,0,205,209,7665,1,0,0,1,0
2020-08-18,US,Texas,Chambers,1028,5,0,29.70972016,-94.67154501,48071.0,2345.050984328307,0.4863813229571984,1023,1028,5,0,1023,1028,42454,0,0,0,0,0
2020-08-18,US,Texas,Cherokee,1262,12,0,31.837258000000002,-95.16559897,48073.0,2397.1431827679216,0.9508716323296356,1250,1234,11,0,1223,1232,52592,28,1,0,27,2
2020-08-18,US,Texas,Childress,53,0,0,34.529304100000004,-100.2077916,48075.0,725.4311524774158,0.0,53,53,0,0,53,53,7291,0,0,0,0,0
2020-08-18,US,Texas,Clay,47,1,0,33.78686685,-98.20771198,48077.0,448.85875274567854,2.127659574468085,46,47,1,0,46,47,10456,0,0,0,0,0
2020-08-18,US,Texas,Cochran,34,0,0,33.60425307,-102.82844990000001,48079.0,1191.7280056081318,0.0,34,33,0,0,33,33,2836,1,0,0,1,0
2020-08-18,US,Texas,Coke,43,2,0,31.88911733,-100.5297533,48081.0,1269.5600826690284,4.651162790697675,41,43,2,0,41,42,3370,0,0,0,0,1
2020-08-18,US,Texas,Coleman,37,0,0,31.76736834,-99.45240766,48083.0,452.59938837920487,0.0,37,33,0,0,33,33,8397,4,0,0,4,0
2020-08-18,US,Texas,Collin,10379,102,0,33.18820114,-96.57264368,48085.0,1003.0636011326628,0.9827536371519414,10277,10169,100,0,10069,10007,1005146,210,2,0,208,162
2020-08-18,US,Texas,Collingsworth,14,0,0,34.96489496,-100.27001109999999,48087.0,479.45205479452056,0.0,14,13,0,0,13,13,2962,1,0,0,1,0
2020-08-18,US,Texas,Colorado,364,2,0,29.622097999999998,-96.5273805,48089.0,1693.5746522123486,0.5494505494505495,362,362,2,0,360,360,21217,2,0,0,2,2
2020-08-18,US,Texas,Comal,2132,81,0,29.80811278,-98.27647225,48091.0,1364.8381335262372,3.7992495309568484,2051,2132,80,0,2052,2132,148373,0,1,0,-1,0
2020-08-18,US,Texas,Comanche,182,3,0,31.94854689,-98.55876441,48093.0,1334.8001466813346,1.6483516483516485,179,172,3,0,169,172,13534,10,0,0,10,0
2020-08-18,US,Texas,Concho,36,0,0,31.32635934,-99.86473038,48095.0,1320.6162876008805,0.0,36,34,0,0,34,34,4276,2,0,0,2,0
2020-08-18,US,Texas,Cooke,282,3,0,33.63979567,-97.21240912,48097.0,683.5203723004581,1.0638297872340423,279,265,3,0,262,265,40574,17,0,0,17,0
2020-08-18,US,Texas,Coryell,737,6,0,31.39078397,-97.79936155,48099.0,970.3624705402167,0.8141112618724559,731,727,6,0,721,717,74808,10,0,0,10,10
2020-08-18,US,Texas,Cottle,18,2,0,34.07783319,-100.27850620000001,48101.0,1287.5536480686694,11.111111111111109,16,18,2,0,16,18,1389,0,0,0,0,0
2020-08-18,US,Texas,Crane,70,2,0,31.43052248,-102.5143314,48103.0,1459.245361684386,2.8571428571428568,68,70,2,0,68,70,4794,0,0,0,0,0
2020-08-18,US,Texas,Crockett,157,4,0,30.72367027,-101.4134238,48105.0,4532.332563510393,2.5477707006369426,153,157,4,0,153,157,3499,0,0,0,0,0
2020-08-18,US,Texas,Crosby,69,1,0,33.61431553,-101.30003640000001,48107.0,1202.7191912149208,1.4492753623188406,68,65,1,0,64,65,5779,4,0,0,4,0
2020-08-18,US,Texas,Culberson,22,2,0,31.44506775,-104.5185739,48109.0,1013.3578995854443,9.090909090909092,20,21,2,0,19,21,2204,1,0,0,1,0
2020-08-18,US,Texas,Dallam,199,6,0,36.27787176,-102.60207249999999,48111.0,2730.8906271442293,3.0150753768844223,193,196,6,0,190,196,7200,3,0,0,3,0
2020-08-18,US,Texas,Dallas,66065,839,0,32.76670599,-96.77796049999999,48113.0,2506.719746721325,1.2699614016498904,65226,65278,829,0,64449,63428,2637772,787,10,0,777,1850
2020-08-18,US,Texas,Dawson,172,5,0,32.74255572,-101.94772420000001,48115.0,1351.3513513513512,2.9069767441860463,167,172,5,0,167,172,12619,0,0,0,0,0
2020-08-18,US,Texas,DeWitt,760,21,0,29.08101855,-97.35681170000001,48123.0,3769.841269841271,2.763157894736842,739,745,21,0,724,745,20187,15,0,0,15,0
2020-08-18,US,Texas,Deaf Smith,738,19,0,34.96522957,-102.6054267,48117.0,3979.294726625688,2.5745257452574526,719,726,18,0,708,726,18760,12,1,0,11,0
2020-08-18,US,Texas,Delta,17,0,0,33.38570922,-95.66921122,48119.0,318.88951416244606,0.0,17,17,0,0,17,17,5349,0,0,0,0,0
2020-08-18,US,Texas,Denton,8584,107,0,33.20521901,-97.11691153,48121.0,967.5306890049336,1.246505125815471,8477,8427,105,0,8322,8300,859064,157,2,0,155,127
2020-08-18,US,Texas,Dickens,5,1,0,33.61616822,-100.7788855,48125.0,226.14201718679334,20.0,4,5,1,0,4,5,2249,0,0,0,0,0
2020-08-18,US,Texas,Dimmit,167,4,0,28.42270064,-99.75645095,48127.0,1649.5456341367044,2.395209580838323,163,164,4,0,160,164,10308,3,0,0,3,0
2020-08-18,US,Texas,Donley,49,0,0,34.96517499,-100.8140093,48129.0,1494.8139109212937,0.0,49,49,0,0,49,49,3319,0,0,0,0,0
2020-08-18,US,Texas,Duval,205,7,0,27.68184592,-98.50864568,48131.0,1837.411490544053,3.414634146341464,198,198,7,0,191,195,11212,7,0,0,7,3
2020-08-18,US,Texas,Eastland,98,1,0,32.32743996,-98.83243566,48133.0,533.7690631808279,1.020408163265306,97,92,1,0,91,92,18322,6,0,0,6,0
2020-08-18,US,Texas,Ector,3889,62,0,31.86898877,-102.54294279999999,48135.0,2339.628089975515,1.5942401645667266,3827,3814,60,0,3754,3771,162124,75,2,0,73,43
2020-08-18,US,Texas,Edwards,30,0,0,29.98202582,-100.304252,48137.0,1552.7950310559006,0.0,30,30,0,0,30,30,1928,0,0,0,0,0
2020-08-18,US,Texas,El Paso,18682,366,0,31.76980765,-106.23632749999999,48141.0,2226.0669798078734,1.9591050208757093,18316,18486,361,0,18125,18350,840758,196,5,0,191,136
2020-08-18,US,Texas,Ellis,3433,51,0,32.34894117,-96.79371841,48139.0,1857.4226569854889,1.4855811243810078,3382,3255,51,0,3204,3255,179436,178,0,0,178,0
2020-08-18,US,Texas,Erath,603,7,0,32.23602653,-98.21773417,48143.0,1412.2441332146705,1.1608623548922057,596,580,7,0,573,580,42446,23,0,0,23,0
2020-08-18,US,Texas,Falls,146,3,0,31.25350609,-96.93630086,48145.0,844.0770075735678,2.054794520547945,143,145,3,0,142,145,17335,1,0,0,1,0
2020-08-18,US,Texas,Fannin,352,9,0,33.59564294,-96.10751083,48147.0,991.1584163991664,2.5568181818181817,343,321,9,0,312,321,35286,31,0,0,31,0
2020-08-18,US,Texas,Fayette,411,14,0,29.87788372,-96.92076062,48149.0,1621.5576422315155,3.40632603406326,397,408,14,0,394,405,25349,3,0,0,3,3
2020-08-18,US,Texas,Fisher,36,1,0,32.74281316,-100.40193020000001,48151.0,939.9477806788514,2.7777777777777777,35,31,1,0,30,31,3839,5,0,0,5,0
2020-08-18,US,Texas,Floyd,94,6,0,34.07227468,-101.3031546,48153.0,1645.6582633053222,6.382978723404255,88,94,6,0,88,94,5837,0,0,0,0,0
2020-08-18,US,Texas,Foard,3,0,0,33.97308618,-99.7767797,48155.0,259.7402597402597,0.0,3,3,0,0,3,3,1200,0,0,0,0,0
2020-08-18,US,Texas,Fort Bend,13034,194,0,29.52704478,-95.77219463,48157.0,1605.789416623136,1.4884149148381156,12840,12623,194,0,12429,12228,787858,411,0,0,411,395
2020-08-18,US,Texas,Franklin,98,4,0,33.17653242,-95.21917243,48159.0,913.7529137529136,4.081632653061225,94,98,3,0,95,95,10766,0,1,0,-1,3
2020-08-18,US,Texas,Freestone,187,0,0,31.70422788,-96.15072516,48161.0,948.4201450524927,0.0,187,185,0,0,185,182,19808,2,0,0,2,3
2020-08-18,US,Texas,Frio,588,7,0,28.86751206,-99.10804207,48163.0,2895.695853442333,1.1904761904761905,581,571,6,0,565,571,19816,17,1,0,16,0
2020-08-18,US,Texas,Gaines,199,4,0,32.74055318,-102.6353295,48165.0,925.9259259259261,2.010050251256281,195,199,4,0,195,199,20901,0,0,0,0,0
2020-08-18,US,Texas,Galveston,10135,126,0,29.40167322,-94.90469073,48167.0,2962.2463384764674,1.2432165762210163,10009,10033,125,0,9908,9937,337890,102,1,0,101,96
2020-08-18,US,Texas,Garza,101,3,0,33.17969345,-101.2984114,48169.0,1621.4480655000802,2.9702970297029703,98,101,3,0,98,101,6578,0,0,0,0,0
2020-08-18,US,Texas,Gillespie,190,6,0,30.31824095,-98.94676915,48171.0,704.0165999703572,3.1578947368421053,184,188,6,0,182,188,26804,2,0,0,2,0
2020-08-18,US,Texas,Glasscock,6,0,0,31.86942909,-101.5207776,48173.0,425.83392476934,0.0,6,6,0,0,6,6,1388,0,0,0,0,0
2020-08-18,US,Texas,Goliad,121,6,0,28.65696592,-97.42760647,48175.0,1580.0470096630975,4.958677685950414,115,119,6,0,113,119,7584,2,0,0,2,0
2020-08-18,US,Texas,Gonzales,738,11,0,29.45634206,-97.49424032,48177.0,3541.7766473100733,1.4905149051490514,727,721,11,0,710,721,20826,17,0,0,17,0
2020-08-18,US,Texas,Gray,230,2,0,35.40081878,-100.8129222,48179.0,1050.9001187974047,0.8695652173913043,228,226,2,0,224,226,21895,4,0,0,4,0
2020-08-18,US,Texas,Grayson,1298,16,0,33.62744998,-96.67753461,48181.0,952.9263207353245,1.2326656394453004,1282,1272,16,0,1256,1260,133991,26,0,0,26,12
2020-08-18,US,Texas,Gregg,1680,33,0,32.47940482,-94.81591935,48183.0,1355.439912864577,1.9642857142857144,1647,1646,32,0,1614,1646,123707,34,1,0,33,0
2020-08-18,US,Texas,Grimes,935,29,0,30.54579585,-95.98902499,48185.0,3237.534626038781,3.1016042780748663,906,933,27,0,906,932,28360,2,2,0,0,1
2020-08-18,US,Texas,Guadalupe,1810,59,0,29.58165339,-97.94786822,48187.0,1084.8262180320892,3.2596685082872927,1751,1799,59,0,1740,1799,163694,11,0,0,11,0
2020-08-18,US,Texas,Hale,1491,32,0,34.07044901,-101.82681140000001,48189.0,4463.270071244687,2.1462105969148224,1459,1478,31,0,1447,1478,33830,13,1,0,12,0
2020-08-18,US,Texas,Hall,15,1,0,34.5307555,-100.68138520000001,48191.0,506.07287449392715,6.666666666666668,14,15,1,0,14,15,3028,0,0,0,0,0
2020-08-18,US,Texas,Hamilton,96,3,0,31.70470573,-98.11083887,48193.0,1134.6176574872945,3.125,93,92,3,0,89,92,8484,4,0,0,4,0
2020-08-18,US,Texas,Hansford,97,2,0,36.27743284,-101.3545796,48195.0,1796.629005371365,2.061855670103093,95,93,2,0,91,93,5463,4,0,0,4,0
2020-08-18,US,Texas,Hardeman,22,0,0,34.28944521,-99.74632408,48197.0,559.3694380879734,0.0,22,22,0,0,22,22,3922,0,0,0,0,0
2020-08-18,US,Texas,Hardin,1144,18,0,30.33364686,-94.38931817,48199.0,1986.0421513141903,1.573426573426573,1126,1124,18,0,1106,1124,57207,20,0,0,20,0
2020-08-18,US,Texas,Harris,93872,1875,0,29.85864939,-95.39339521,48201.0,1991.630112500199,1.9974007158684168,91997,92944,1838,0,91106,92253,4698619,928,37,0,891,691
2020-08-18,US,Texas,Harrison,749,24,0,32.54935988,-94.36934071,48203.0,1125.4188391207008,3.204272363150868,725,735,24,0,711,735,66726,14,0,0,14,0
2020-08-18,US,Texas,Hartley,95,0,0,35.84008013,-102.6029022,48205.0,1703.7302725968436,0.0,95,94,0,0,94,94,5619,1,0,0,1,0
2020-08-18,US,Texas,Haskell,53,0,0,33.17823584,-99.73037358,48207.0,936.7267585719336,0.0,53,52,0,0,52,52,5813,1,0,0,1,0
2020-08-18,US,Texas,Hays,5192,46,0,30.05669873,-98.02944344,48209.0,2255.518243545577,0.8859784283513097,5146,5150,46,0,5104,5111,222631,42,0,0,42,39
2020-08-18,US,Texas,Hemphill,45,0,0,35.83764858,-100.2703577,48211.0,1178.318931657502,0.0,45,45,0,0,45,45,3825,0,0,0,0,0
2020-08-18,US,Texas,Henderson,712,13,0,32.21128872,-95.85846587,48213.0,860.5581541511052,1.8258426966292132,699,697,12,0,685,697,82299,15,1,0,14,0
2020-08-18,US,Texas,Hidalgo,22826,999,0,26.39418217,-98.18299696,48215.0,2627.583293331353,4.3765881012880055,21827,22013,955,0,21058,22013,865939,813,44,0,769,0
2020-08-18,US,Texas,Hill,341,7,0,31.99045053,-97.13423143,48217.0,930.448306911512,2.0527859237536656,334,341,7,0,334,340,36354,0,0,0,0,1
2020-08-18,US,Texas,Hockley,228,5,0,33.60771256,-102.3431676,48219.0,990.4000695017592,2.1929824561403506,223,223,5,0,218,223,22980,5,0,0,5,0
2020-08-18,US,Texas,Hood,665,13,0,32.42990927,-97.83242024,48221.0,1078.7924014081082,1.954887218045113,652,657,13,0,644,657,60537,8,0,0,8,0
2020-08-18,US,Texas,Hopkins,222,3,0,33.14875072,-95.56351139,48223.0,598.6409233092438,1.351351351351351,219,217,3,0,214,217,36810,5,0,0,5,0
2020-08-18,US,Texas,Houston,323,8,0,31.31925973,-95.42226208,48225.0,1406.3044235458026,2.476780185758514,315,323,8,0,315,323,23169,0,0,0,0,0
2020-08-18,US,Texas,Howard,217,8,0,32.30621324,-101.4356444,48227.0,591.8612262710016,3.6866359447004617,209,201,7,0,194,201,36459,16,1,0,15,0
2020-08-18,US,Texas,Hudspeth,35,2,0,31.45628381,-105.388178,48229.0,716.3323782234958,5.7142857142857135,33,35,2,0,33,35,4795,0,0,0,0,0
2020-08-18,US,Texas,Hunt,1284,21,0,33.12351514,-96.08551032,48231.0,1302.3104854250764,1.6355140186915889,1263,1284,21,0,1263,1284,96493,0,0,0,0,0
2020-08-18,US,Texas,Hutchinson,133,3,0,35.84006574,-101.3546643,48233.0,635.2087114337567,2.255639097744361,130,133,3,0,130,133,21198,0,0,0,0,0
2020-08-18,US,Texas,Irion,9,0,0,31.30375559,-100.982439,48235.0,585.9375,0.0,9,9,0,0,9,9,1522,0,0,0,0,0
2020-08-18,US,Texas,Jack,102,0,0,33.23377248,-98.17283469,48237.0,1141.5780637940684,0.0,102,99,0,0,99,99,8843,3,0,0,3,0
2020-08-18,US,Texas,Jackson,438,11,0,28.95472367,-96.57749563,48239.0,2967.479674796748,2.5114155251141552,427,418,11,0,407,418,14874,20,0,0,20,0
2020-08-18,US,Texas,Jasper,362,15,0,30.74685667,-94.02667579,48241.0,1018.8859804666612,4.143646408839779,347,362,15,0,347,359,35872,0,0,0,0,3
2020-08-18,US,Texas,Jeff Davis,8,0,0,30.71490589,-104.1399973,48243.0,351.8029903254178,0.0,8,8,0,0,8,8,2252,0,0,0,0,0
2020-08-18,US,Texas,Jefferson,6316,96,0,29.8832777,-94.16434171,48245.0,2510.683123645976,1.519949335022166,6220,6247,95,0,6152,6247,255001,69,1,0,68,0
2020-08-18,US,Texas,Jim Hogg,65,2,0,27.04453923,-98.69681870000001,48247.0,1250.0,3.0769230769230766,63,65,2,0,63,65,5248,0,0,0,0,0
2020-08-18,US,Texas,Jim Wells,872,19,0,27.73103938,-98.0904705,48249.0,2154.0437725408824,2.1788990825688077,853,841,19,0,822,824,40822,31,0,0,31,17
2020-08-18,US,Texas,Johnson,2320,34,0,32.37877812,-97.36615819,48251.0,1319.5538542916784,1.4655172413793105,2286,2159,34,0,2125,2159,171361,161,0,0,161,0
2020-08-18,US,Texas,Jones,603,0,0,32.73997145,-99.87861576,48253.0,3002.539461235871,0.0,603,600,0,0,600,600,19817,3,0,0,3,0
2020-08-18,US,Texas,Karnes,691,10,0,28.90705334,-97.85960149,48255.0,4429.203256201526,1.447178002894356,681,672,10,0,662,672,15650,19,0,0,19,0
2020-08-18,US,Texas,Kaufman,2606,32,0,32.599141700000004,-96.28734728,48257.0,1914.00913671284,1.2279355333844972,2574,2446,32,0,2414,2446,128622,160,0,0,160,0
2020-08-18,US,Texas,Kendall,185,4,0,29.94414155,-98.7113588,48259.0,390.04026902236916,2.1621621621621623,181,180,4,0,176,180,45641,5,0,0,5,0
2020-08-18,US,Texas,Kenedy,7,1,0,26.92601662,-97.66413984,48261.0,1732.6732673267327,14.285714285714285,6,6,1,0,5,6,442,1,0,0,1,0
2020-08-18,US,Texas,Kent,4,0,0,33.18104136,-100.7780939,48263.0,524.9343832020999,0.0,4,3,0,0,3,3,726,1,0,0,1,0
2020-08-18,US,Texas,Kerr,418,6,0,30.06040006,-99.34930144,48265.0,794.67680608365,1.4354066985645932,412,416,6,0,410,416,52405,2,0,0,2,0
2020-08-18,US,Texas,Kimble,16,1,0,30.48678918,-99.74856473,48267.0,368.9186073322573,6.25,15,16,1,0,15,16,4362,0,0,0,0,0
2020-08-18,US,Texas,Kinney,21,0,0,29.34967888,-100.41866379999999,48271.0,572.6752113444232,0.0,21,21,0,0,21,21,3767,0,0,0,0,0
2020-08-18,US,Texas,Kleberg,517,19,0,27.42435506,-97.69894948,48273.0,1685.136897001304,3.67504835589942,498,498,18,0,480,489,31129,19,1,0,18,9
2020-08-18,US,Texas,Knox,62,5,0,33.60519951,-99.74229059999999,48275.0,1692.1397379912664,8.064516129032258,57,62,5,0,57,62,3653,0,0,0,0,0
2020-08-18,US,Texas,La Salle,364,2,0,28.34453111,-99.09908775,48283.0,4840.425531914893,0.5494505494505495,362,364,2,0,362,364,7531,0,0,0,0,0
2020-08-18,US,Texas,Lamar,730,19,0,33.66981763,-95.57404777,48277.0,1464.1288433382138,2.602739726027397,711,730,19,0,711,705,49728,0,0,0,0,25
2020-08-18,US,Texas,Lamb,249,18,0,34.06859623,-102.35162890000001,48279.0,1931.280539827813,7.2289156626506035,231,246,17,0,229,246,13158,3,1,0,2,0
2020-08-18,US,Texas,Lampasas,132,5,0,31.19531316,-98.24206613,48281.0,616.0164271047228,3.787878787878788,127,131,5,0,126,128,21229,1,0,0,1,3
2020-08-18,US,Texas,Lavaca,650,25,0,29.38508402,-96.93186692,48285.0,3225.16622010519,3.8461538461538463,625,641,25,0,616,641,20110,9,0,0,9,0
2020-08-18,US,Texas,Lee,183,12,0,30.31120597,-96.97045773,48287.0,1061.5464934160914,6.557377049180328,171,181,12,0,169,180,17144,2,0,0,2,1
2020-08-18,US,Texas,Leon,159,3,0,31.29872538,-95.9936328,48289.0,913.5830843484256,1.8867924528301887,156,158,3,0,155,158,17270,1,0,0,1,0
2020-08-18,US,Texas,Liberty,1132,37,0,30.15152688,-94.81205615,48291.0,1283.1702921139438,3.2685512367491167,1095,1115,36,0,1079,1115,86323,17,1,0,16,0
2020-08-18,US,Texas,Limestone,318,3,0,31.5454767,-96.58095444,48293.0,1356.8289456841744,0.9433962264150944,315,308,3,0,305,298,23519,10,0,0,10,10
2020-08-18,US,Texas,Lipscomb,22,0,0,36.27783108,-100.27331509999999,48295.0,680.4825239715435,0.0,22,22,0,0,22,22,3355,0,0,0,0,0
2020-08-18,US,Texas,Live Oak,240,5,0,28.35101362,-98.1246786,48297.0,1966.0850331776846,2.083333333333333,235,240,5,0,235,240,12166,0,0,0,0,0
2020-08-18,US,Texas,Llano,92,1,0,30.70645047,-98.68475262,48299.0,422.1151640284469,1.0869565217391304,91,92,1,0,91,92,21646,0,0,0,0,0
2020-08-18,US,Texas,Lubbock,6542,80,0,33.61008596,-101.82047890000001,48303.0,2106.456214239026,1.2228676245796393,6462,6542,80,0,6462,6528,307412,0,0,0,0,14
2020-08-18,US,Texas,Lynn,74,4,0,33.17657705,-101.8162849,48305.0,1243.4884893295246,5.405405405405406,70,74,4,0,70,74,5877,0,0,0,0,0
2020-08-18,US,Texas,Madison,684,3,0,30.96694679,-95.93003775,48313.0,4788.5746289554745,0.43859649122807015,681,684,3,0,681,684,14422,0,0,0,0,0
2020-08-18,US,Texas,Marion,136,10,0,32.79868409,-94.35661230000001,48315.0,1380.1501928151004,7.352941176470589,126,136,9,0,127,136,9928,0,1,0,-1,0
2020-08-18,US,Texas,Martin,69,5,0,32.30600051,-101.9513518,48317.0,1195.63333910934,7.246376811594202,64,67,5,0,62,67,5753,2,0,0,2,0
2020-08-18,US,Texas,Mason,63,0,0,30.71780434,-99.22629416,48319.0,1474.0290126345346,0.0,63,60,0,0,60,60,4280,3,0,0,3,0
2020-08-18,US,Texas,Matagorda,840,36,0,28.81955746,-96.01230294,48321.0,2292.3887236307073,4.285714285714286,804,832,35,0,797,831,36552,8,1,0,7,1
2020-08-18,US,Texas,Maverick,2596,54,0,28.7429195,-100.3157686,48323.0,4420.830353189605,2.0801232665639446,2542,2596,54,0,2542,2596,58485,0,0,0,0,0
2020-08-18,US,Texas,McCulloch,63,1,0,31.1925468,-99.34682807,48307.0,789.0781563126253,1.5873015873015872,62,58,1,0,57,57,7987,5,0,0,5,1
2020-08-18,US,Texas,McLennan,5372,65,0,31.55255453,-97.20217694,48309.0,2093.343153185802,1.2099776619508562,5307,5356,62,0,5294,5322,254607,16,3,0,13,34
2020-08-18,US,Texas,McMullen,10,0,0,28.35251708,-98.56769164,48311.0,1345.8950201884254,0.0,10,10,0,0,10,10,749,0,0,0,0,0
2020-08-18,US,Texas,Medina,1002,33,0,29.355730100000002,-99.11030298,48325.0,1942.4627791563275,3.2934131736526946,969,987,32,0,955,987,50921,15,1,0,14,0
2020-08-18,US,Texas,Menard,19,0,0,30.88990665,-99.82047940000001,48327.0,888.6810102899907,0.0,19,18,0,0,18,18,2139,1,0,0,1,0
2020-08-18,US,Texas,Midland,2953,60,0,31.86904128,-102.03156820000001,48329.0,1669.9466159971046,2.0318320352184216,2893,2948,60,0,2888,2888,172578,5,0,0,5,60
2020-08-18,US,Texas,Milam,374,3,0,30.78581830000001,-96.97718698,48331.0,1506.6672038029244,0.8021390374331551,371,366,3,0,363,366,25131,8,0,0,8,0
2020-08-18,US,Texas,Mills,27,0,0,31.49557106,-98.59272068,48333.0,554.0734660373487,0.0,27,26,0,0,26,26,4921,1,0,0,1,0
2020-08-18,US,Texas,Mitchell,70,1,0,32.30623474,-100.9212058,48335.0,819.1925102399063,1.4285714285714286,69,70,1,0,69,70,8145,0,0,0,0,0
2020-08-18,US,Texas,Montague,89,2,0,33.67521893,-97.72500958,48337.0,449.0866888687052,2.247191011235955,87,86,2,0,84,86,19596,3,0,0,3,0
2020-08-18,US,Texas,Montgomery,7327,107,0,30.30079133,-95.50572772,48339.0,1206.3069752432946,1.4603521222874298,7220,7160,103,0,7057,6957,590925,167,4,0,163,203
2020-08-18,US,Texas,Moore,1092,14,0,35.83769242,-101.8930281,48341.0,5214.899713467049,1.2820512820512822,1078,1082,14,0,1068,1082,21485,10,0,0,10,0
2020-08-18,US,Texas,Morris,135,3,0,33.11304005,-94.73255695,48343.0,1089.7642880206654,2.2222222222222223,132,134,3,0,131,134,12339,1,0,0,1,0
2020-08-18,US,Texas,Motley,6,0,0,34.07408766,-100.77972199999999,48345.0,500.0,0.0,6,6,0,0,6,6,1234,0,0,0,0,0
2020-08-18,US,Texas,Nacogdoches,1221,44,0,31.62017125,-94.61803994,48347.0,1872.584504018159,3.603603603603604,1177,1204,43,0,1161,1202,65711,17,1,0,16,2
2020-08-18,US,Texas,Navarro,981,12,0,32.04620681,-96.47428766,48349.0,1957.575878514557,1.2232415902140672,969,942,11,0,931,942,49565,39,1,0,38,0
2020-08-18,US,Texas,Newton,124,4,0,30.78548982,-93.74408813,48351.0,912.1000367782273,3.2258064516129035,120,124,4,0,120,124,13746,0,0,0,0,0
2020-08-18,US,Texas,Nolan,141,3,0,32.30365282,-100.4060208,48353.0,958.2710343890171,2.127659574468085,138,140,3,0,137,140,14751,1,0,0,1,0
2020-08-18,US,Texas,Nueces,17322,295,0,27.736286,-97.5433285,48355.0,4781.199799058223,1.7030366008544051,17027,17124,290,0,16834,17044,362265,198,5,0,193,80
2020-08-18,US,Texas,Ochiltree,100,2,0,36.27829105,-100.8158184,48357.0,1016.6734444896301,2.0,98,100,2,0,98,100,9947,0,0,0,0,0
2020-08-18,US,Texas,Oldham,14,1,0,35.40425596,-102.6027606,48359.0,662.8787878787879,7.142857142857142,13,14,1,0,13,14,2131,0,0,0,0,0
2020-08-18,US,Texas,Orange,1624,29,0,30.11879481,-93.89412775,48361.0,1947.3356036260727,1.7857142857142858,1595,1579,29,0,1550,1579,83572,45,0,0,45,0
2020-08-18,US,Texas,Palo Pinto,378,10,0,32.75310985,-98.31319001,48363.0,1295.0083935729212,2.6455026455026456,368,347,10,0,337,347,28875,31,0,0,31,0
2020-08-18,US,Texas,Panola,301,18,0,32.163959600000005,-94.30552481,48365.0,1297.7494179529187,5.980066445182724,283,301,18,0,283,301,23148,0,0,0,0,0
2020-08-18,US,Texas,Parker,1492,20,0,32.77757172,-97.80500621,48367.0,1044.2475398591805,1.3404825737265416,1472,1401,20,0,1381,1401,138371,91,0,0,91,0
2020-08-18,US,Texas,Parmer,363,7,0,34.52993409,-102.78446679999999,48369.0,3779.2816241540863,1.9283746556473829,356,360,7,0,353,360,9864,3,0,0,3,0
2020-08-18,US,Texas,Pecos,263,2,0,30.78097267,-102.72412609999999,48371.0,1662.1373949314288,0.7604562737642585,261,258,2,0,256,258,15673,5,0,0,5,0
2020-08-18,US,Texas,Polk,772,14,0,30.79472531,-94.82766240000001,48373.0,1503.3201565633944,1.8134715025906736,758,769,14,0,755,769,50031,3,0,0,3,0
2020-08-18,US,Texas,Potter,3866,47,0,35.40133773,-101.893964,48375.0,3292.594642933185,1.215726849456803,3819,3823,47,0,3776,3802,119648,43,0,0,43,21
2020-08-18,US,Texas,Presidio,49,4,0,29.99954402,-104.24080790000001,48377.0,730.9069212410501,8.16326530612245,45,49,4,0,45,49,6948,0,0,0,0,0
2020-08-18,US,Texas,Rains,54,1,0,32.87109387,-95.79232691,48379.0,431.5167012945501,1.851851851851852,53,54,1,0,53,54,12159,0,0,0,0,0
2020-08-18,US,Texas,Randall,1927,25,0,34.96585996,-101.8971322,48381.0,1399.2869228032212,1.2973533990659056,1902,1899,25,0,1874,1899,136271,28,0,0,28,0
2020-08-18,US,Texas,Reagan,66,5,0,31.36607041,-101.52326590000001,48383.0,1714.7310989867499,7.575757575757576,61,66,4,0,62,66,3741,0,1,0,-1,0
2020-08-18,US,Texas,Real,91,3,0,29.83321503,-99.82018052,48385.0,2636.1529548088065,3.2967032967032965,88,91,3,0,88,91,3478,0,0,0,0,0
2020-08-18,US,Texas,Red River,140,12,0,33.61886692,-95.04841765,48387.0,1164.4348332362972,8.571428571428571,128,141,12,0,129,141,12175,-1,0,0,-1,0
2020-08-18,US,Texas,Reeves,154,5,0,31.32323325,-103.69038959999999,48389.0,963.9459188783176,3.2467532467532467,149,152,5,0,147,152,15695,2,0,0,2,0
2020-08-18,US,Texas,Refugio,246,9,0,28.323897600000002,-97.15766311,48391.0,3540.5872193436962,3.6585365853658534,237,246,9,0,237,243,7032,0,0,0,0,3
2020-08-18,US,Texas,Roberts,6,0,0,35.83809685,-100.813175,48393.0,702.5761124121782,0.0,6,6,0,0,6,6,903,0,0,0,0,0
2020-08-18,US,Texas,Robertson,240,3,0,31.02539637,-96.51272246,48395.0,1405.6460114794424,1.25,237,239,3,0,236,239,17284,1,0,0,1,0
2020-08-18,US,Texas,Rockwall,1241,17,0,32.89779518,-96.40771592,48397.0,1182.862317113854,1.3698630136986298,1224,1105,16,0,1089,1105,100657,136,1,0,135,0
2020-08-18,US,Texas,Runnels,169,2,0,31.8314342,-99.97616148,48399.0,1646.531566640686,1.183431952662722,167,152,2,0,150,152,10234,17,0,0,17,0
2020-08-18,US,Texas,Rusk,409,2,0,32.10773545,-94.76176432,48401.0,751.7553211042897,0.4889975550122249,407,398,2,0,396,398,54450,11,0,0,11,0
2020-08-18,US,Texas,Sabine,66,6,0,31.34318809,-93.85440451,48403.0,626.0671599317018,9.090909090909092,60,66,6,0,60,65,10589,0,0,0,0,1
2020-08-18,US,Texas,San Augustine,181,11,0,31.39457611,-94.17000399,48405.0,2197.401966735462,6.077348066298343,170,178,11,0,167,178,8232,3,0,0,3,0
2020-08-18,US,Texas,San Jacinto,189,8,0,30.57933681,-95.16260304,48407.0,654.9083474825877,4.232804232804233,181,187,8,0,179,187,28719,2,0,0,2,0
2020-08-18,US,Texas,San Patricio,1141,41,0,28.00880118,-97.51763891,48409.0,1709.8756181627455,3.593339176161262,1100,1114,35,0,1079,1114,66893,27,6,0,21,0
2020-08-18,US,Texas,San Saba,29,0,0,31.1577796,-98.81758731,48411.0,478.94302229562345,0.0,29,27,0,0,27,27,6054,2,0,0,2,0
2020-08-18,US,Texas,Schleicher,36,1,0,30.89740592,-100.5384842,48413.0,1288.936627282492,2.7777777777777777,35,36,1,0,35,36,2895,0,0,0,0,0
2020-08-18,US,Texas,Scurry,507,2,0,32.74613808,-100.91626640000001,48415.0,3035.3828653535293,0.3944773175542407,505,505,2,0,503,505,16866,2,0,0,2,0
2020-08-18,US,Texas,Shackelford,20,0,0,32.73587756,-99.35401337,48417.0,612.5574272588054,0.0,20,19,0,0,19,19,3253,1,0,0,1,0
2020-08-18,US,Texas,Shelby,416,18,0,31.79211404,-94.14550696,48419.0,1645.9602753818149,4.326923076923077,398,411,18,0,393,411,25418,5,0,0,5,0
2020-08-18,US,Texas,Sherman,46,0,0,36.27751473,-101.8933156,48421.0,1522.1707478491064,0.0,46,44,0,0,44,44,3079,2,0,0,2,0
2020-08-18,US,Texas,Smith,2839,37,0,32.37474036,-95.27175679999999,48423.0,1219.7584543138373,1.3032758013384995,2802,2750,34,0,2716,2750,230221,89,3,0,86,0
2020-08-18,US,Texas,Somervell,95,0,0,32.22236802,-97.77403489,48425.0,1040.7537248028043,0.0,95,85,0,0,85,85,9016,10,0,0,10,0
2020-08-18,US,Texas,Starr,2449,96,0,26.56150059,-98.73892358,48427.0,3789.0860705831374,3.9199673336055536,2353,2443,94,0,2349,2422,64525,6,2,0,4,21
2020-08-18,US,Texas,Stephens,130,3,0,32.73553157,-98.83631615,48429.0,1387.9991458466793,2.3076923076923075,127,131,3,0,128,131,9433,-1,0,0,-1,0
2020-08-18,US,Texas,Sterling,1,0,0,31.82781912,-101.05007459999999,48431.0,77.45933384972889,0.0,1,1,0,0,1,1,1311,0,0,0,0,0
2020-08-18,US,Texas,Stonewall,7,0,0,33.17906744,-100.25384009999999,48433.0,518.5185185185185,0.0,7,7,0,0,7,7,1362,0,0,0,0,0
2020-08-18,US,Texas,Sutton,70,1,0,30.49856623,-100.5382014,48435.0,1853.8135593220334,1.4285714285714286,69,68,1,0,67,68,3758,2,0,0,2,0
2020-08-18,US,Texas,Swisher,84,3,0,34.53028891,-101.73491740000001,48437.0,1135.5955116939301,3.571428571428572,81,83,3,0,80,83,7462,1,0,0,1,0
2020-08-18,US,Texas,Tarrant,36239,513,0,32.77143818,-97.29101614,48439.0,1723.602447544964,1.4156019757719585,35726,35997,504,0,35493,35310,2084931,242,9,0,233,687
2020-08-18,US,Texas,Taylor,1160,30,0,32.30163422,-99.89007449,48441.0,840.3726618079604,2.586206896551724,1130,1158,29,0,1129,1156,137640,2,1,0,1,2
2020-08-18,US,Texas,Terrell,3,0,0,30.22429013,-102.0766732,48443.0,386.59793814432993,0.0,3,2,0,0,2,2,823,1,0,0,1,0
2020-08-18,US,Texas,Terry,173,2,0,33.17402785,-102.3354521,48445.0,1402.2858069222666,1.1560693641618498,171,173,2,0,171,173,12287,0,0,0,0,0
2020-08-18,US,Texas,Throckmorton,4,2,0,33.17751417,-99.21226795,48447.0,266.4890073284477,50.0,2,4,2,0,2,4,1515,0,0,0,0,0
2020-08-18,US,Texas,Titus,1397,18,0,33.21339719,-94.96797273,48449.0,4265.6488549618325,1.2884753042233357,1379,1397,17,0,1380,1397,33033,0,1,0,-1,0
2020-08-18,US,Texas,Tom Green,2942,36,0,31.40464436,-100.46244300000001,48451.0,2468.1208053691275,1.2236573759347382,2906,2923,34,0,2889,2903,118189,19,2,0,17,20
2020-08-18,US,Texas,Travis,24759,337,0,30.33432034,-97.78535620000001,48453.0,1943.4767660370785,1.3611212084494528,24422,24409,335,0,24074,24144,1248743,350,2,0,348,265
2020-08-18,US,Texas,Trinity,163,4,0,31.0879489,-95.1367187,48455.0,1112.5520442290629,2.4539877300613497,159,163,4,0,159,163,14740,0,0,0,0,0
2020-08-18,US,Texas,Tyler,152,3,0,30.77031716,-94.37690895,48457.0,701.3658176448874,1.973684210526316,149,152,3,0,149,146,21696,0,0,0,0,6
2020-08-18,US,Texas,Upshur,279,2,0,32.73706798,-94.93999853,48459.0,668.215457571911,0.7168458781362007,277,269,2,0,267,267,41260,10,0,0,10,2
2020-08-18,US,Texas,Upton,16,1,0,31.36868194,-102.0423217,48461.0,437.5170905113481,6.25,15,16,1,0,15,16,3671,0,0,0,0,0
2020-08-18,US,Texas,Uvalde,609,14,0,29.35739637,-99.76229172,48463.0,2277.4017426423848,2.2988505747126435,595,604,12,0,592,595,26846,5,2,0,3,9
2020-08-18,US,Texas,Val Verde,1693,49,0,29.89149232,-101.1525205,48465.0,3453.340132585416,2.8942705256940333,1644,1693,49,0,1644,1693,49208,0,0,0,0,0
2020-08-18,US,Texas,Van Zandt,463,8,0,32.56483801,-95.83766469,48467.0,818.1657536667253,1.7278617710583153,455,446,8,0,438,446,56019,17,0,0,17,0
2020-08-18,US,Texas,Victoria,3631,58,0,28.79780988,-96.96813006,48469.0,3943.138873202728,1.5973561002478656,3573,3584,57,0,3527,3584,92035,47,1,0,46,0
2020-08-18,US,Texas,Walker,3197,44,0,30.73872995,-95.57440968,48471.0,4381.192528538734,1.3762902721301222,3153,3190,44,0,3146,3189,72480,7,0,0,7,1
2020-08-18,US,Texas,Waller,531,5,0,30.01058447,-95.99011759,48473.0,961.1555587734856,0.9416195856873822,526,526,5,0,521,526,53126,5,0,0,5,0
2020-08-18,US,Texas,Ward,100,1,0,31.50999644,-103.09279090000001,48475.0,833.4722453742288,1.0,99,99,1,0,98,99,11720,1,0,0,1,0
2020-08-18,US,Texas,Washington,534,41,0,30.21498498,-96.40946246,48477.0,1488.2113594559946,7.677902621722847,493,526,41,0,485,526,35108,8,0,0,8,0
2020-08-18,US,Texas,Webb,9857,207,0,27.7610369,-99.33237355,48479.0,3562.9599641426776,2.1000304352236987,9650,9646,202,0,9444,9552,275910,211,5,0,206,94
2020-08-18,US,Texas,Wharton,1031,30,0,29.27765923,-96.22319248,48481.0,2480.989508133603,2.909796314258002,1001,1020,30,0,990,1019,41619,11,0,0,11,1
2020-08-18,US,Texas,Wheeler,39,0,0,35.40114335,-100.26995140000001,48483.0,771.3607594936708,0.0,39,36,0,0,36,36,5191,3,0,0,3,0
2020-08-18,US,Texas,Wichita,1149,13,0,33.98842886,-98.70410340000001,48485.0,868.9404824926265,1.1314186248912097,1136,1117,12,0,1105,1117,132064,32,1,0,31,0
2020-08-18,US,Texas,Wilbarger,86,1,0,34.07945812,-99.24178437,48487.0,673.5061477014644,1.162790697674419,85,78,1,0,77,78,12820,8,0,0,8,0
2020-08-18,US,Texas,Willacy,781,33,0,26.47411727,-97.61535848,48489.0,3656.709429721884,4.225352112676056,748,774,30,0,744,767,21515,7,3,0,4,7
2020-08-18,US,Texas,Williamson,7581,105,0,30.64655664,-97.60048540000001,48491.0,1283.7163936730276,1.3850415512465375,7476,7482,103,0,7379,7330,566719,99,2,0,97,152
2020-08-18,US,Texas,Wilson,503,20,0,29.1732598,-98.08693082,48493.0,984.922655179166,3.9761431411530817,483,499,20,0,479,499,50224,4,0,0,4,0
2020-08-18,US,Texas,Winkler,88,1,0,31.85008651,-103.04851629999999,48495.0,1098.6267166042446,1.1363636363636365,87,88,1,0,87,88,7720,0,0,0,0,0
2020-08-18,US,Texas,Wise,568,10,0,33.21570665,-97.65460265,48497.0,811.6140832190215,1.7605633802816902,558,536,10,0,526,536,68305,32,0,0,32,0
2020-08-18,US,Texas,Wood,365,11,0,32.78722382,-95.38236368,48499.0,801.510792946705,3.0136986301369864,354,360,9,0,351,360,45129,5,2,0,3,0
2020-08-18,US,Texas,Yoakum,124,3,0,33.17320212,-102.82764329999999,48501.0,1423.16079421554,2.419354838709677,121,124,3,0,121,124,8591,0,0,0,0,0
2020-08-18,US,Texas,Young,205,6,0,33.17659707,-98.68790885,48503.0,1138.2565241532484,2.9268292682926833,199,200,6,0,194,200,18045,5,0,0,5,0
2020-08-18,US,Texas,Zapata,224,3,0,27.00156391,-99.16987152,48505.0,1579.8011143240005,1.3392857142857142,221,204,3,0,201,203,14190,20,0,0,20,1
2020-08-18,US,Texas,Zavala,244,6,0,28.86617238,-99.76050829,48507.0,2060.810810810811,2.459016393442623,238,243,6,0,237,243,11983,1,0,0,1,0
2020-08-18,US,Utah,Bear River,2405,8,0,41.52106798,-113.08328159999999,0.0,1287.349184768063,0.33264033264033266,2397,2398,7,0,2391,2393,,7,1,0,6,5
2020-08-18,US,Utah,Central Utah,459,2,0,39.37231946,-111.5758676,0.0,560.0702833296727,0.4357298474945534,457,455,2,0,453,454,,4,0,0,4,1
2020-08-18,US,Utah,Davis,3442,21,0,40.99001837,-112.1139997,49011.0,968.2655331789883,0.610110400929692,3421,3422,21,0,3401,3414,351713,20,0,0,20,8
2020-08-18,US,Utah,Salt Lake,21951,215,0,40.66616532,-111.92160109999999,49035.0,1891.6149691883315,0.9794542389868344,21736,21870,212,0,21658,21771,1152633,81,3,0,78,99
2020-08-18,US,Utah,San Juan,656,26,0,37.62762978,-109.80337140000002,49037.0,4285.340998170891,3.963414634146341,630,653,26,0,627,653,15449,3,0,0,3,0
2020-08-18,US,Utah,Southeast Utah,118,1,0,38.99617072,-110.70139579999999,0.0,293.32073877053864,0.8474576271186439,117,119,1,0,118,117,,-1,0,0,-1,2
2020-08-18,US,Utah,Southwest Utah,3358,26,0,37.85447192,-111.4418764,0.0,1332.3176296014155,0.7742703990470519,3332,3341,26,0,3315,3321,,17,0,0,17,20
2020-08-18,US,Utah,Summit,758,1,0,40.86688146,-110.9535882,49043.0,1798.5526159686794,0.13192612137203166,757,746,1,0,745,733,41933,12,0,0,12,13
2020-08-18,US,Utah,Tooele,623,0,0,40.44862644,-113.12957150000001,49045.0,862.1763378956255,0.0,623,619,0,0,619,618,69907,4,0,0,4,1
2020-08-18,US,Utah,TriCounty,192,0,0,40.12491499,-109.5174415,0.0,339.0908127582918,0.0,192,191,0,0,191,190,,1,0,0,1,1
2020-08-18,US,Utah,Utah,9576,39,0,40.116672200000004,-111.66576620000001,49049.0,1505.104246072599,0.4072681704260652,9537,9478,39,0,9439,9398,622213,98,0,0,98,80
2020-08-18,US,Utah,Wasatch,600,4,0,40.33110236,-111.1691419,49051.0,1759.995306679182,0.6666666666666666,596,600,4,0,596,598,33240,0,0,0,0,2
2020-08-18,US,Utah,Weber-Morgan,3019,26,0,41.27116049,-111.9145117,0.0,1108.553006018279,0.8612123219609142,2993,3002,25,0,2977,2992,,17,1,0,16,10
2020-08-18,US,Vermont,Addison,76,2,0,44.03217337,-73.14130877,50001.0,206.65089594039762,2.631578947368421,74,76,2,0,74,76,36973,0,0,0,0,0
2020-08-18,US,Vermont,Bennington,92,1,0,43.03519828,-73.09048868,50003.0,259.37411897378064,1.0869565217391304,91,92,1,0,91,92,35631,0,0,0,0,0
2020-08-18,US,Vermont,Caledonia,29,0,0,44.46548598,-72.10314651,50005.0,96.6892274864135,0.0,29,29,0,0,29,29,30302,0,0,0,0,0
2020-08-18,US,Vermont,Chittenden,763,39,0,44.46322849,-73.08359212,50007.0,465.885915957356,5.111402359108781,724,763,39,0,724,756,164572,0,0,0,0,7
2020-08-18,US,Vermont,Essex,6,0,0,44.72736416,-71.73579864,50009.0,97.35518416355671,0.0,6,6,0,0,6,6,6250,0,0,0,0,0
2020-08-18,US,Vermont,Franklin,121,7,0,44.85627605,-72.91249563,50011.0,244.9293550868386,5.785123966942148,114,121,7,0,114,121,49421,0,0,0,0,0
2020-08-18,US,Vermont,Grand Isle,13,0,0,44.797582399999996,-73.29679772,50013.0,179.68210089841045,0.0,13,13,0,0,13,13,7090,0,0,0,0,0
2020-08-18,US,Vermont,Lamoille,45,1,0,44.60353043,-72.64356694,50015.0,177.43080198722495,2.2222222222222223,44,45,1,0,44,43,25300,0,0,0,0,2
2020-08-18,US,Vermont,Orange,18,0,0,44.00470222,-72.37640104,50017.0,62.300982971064656,0.0,18,18,0,0,18,17,28999,0,0,0,0,1
2020-08-18,US,Vermont,Orleans,15,0,0,44.82964024,-72.24562697,50019.0,55.479528054148034,0.0,15,15,0,0,15,15,26907,0,0,0,0,0
2020-08-18,US,Vermont,Rutland,102,1,0,43.57723578,-73.03741676,50021.0,175.28483786152498,0.9803921568627452,101,101,1,0,100,101,58672,1,0,0,1,0
2020-08-18,US,Vermont,Unassigned,8,0,0,0.0,0.0,90050.0,0.0,0.0,8,8,0,0,8,8,,0,0,0,0,0
2020-08-18,US,Vermont,Washington,58,2,0,44.27343241,-72.61604978,50023.0,99.29976544710577,3.4482758620689653,56,58,2,0,56,58,58140,0,0,0,0,0
2020-08-18,US,Vermont,Windham,109,3,0,42.986982,-72.71268875,50025.0,258.1592534697552,2.7522935779816518,106,107,3,0,104,105,42756,2,0,0,2,2
2020-08-18,US,Vermont,Windsor,75,2,0,43.58010937,-72.58595157,50027.0,136.21009044350006,2.6666666666666665,73,75,2,0,73,75,55286,0,0,0,0,0
2020-08-18,US,Virginia,Accomack,1127,17,0,37.76707161,-75.63234615,51001.0,3487.436563931179,1.5084294587400178,1110,1127,17,0,1110,1123,32412,0,0,0,0,4
2020-08-18,US,Virginia,Albemarle,916,16,0,38.02080697,-78.55481085,51003.0,837.830421659197,1.7467248908296944,900,913,16,0,897,906,108718,3,0,0,3,7
2020-08-18,US,Virginia,Alexandria,3146,61,0,38.814003,-77.08183073,51510.0,1973.304563815641,1.9389701207883023,3085,3130,61,0,3069,3104,160530,16,0,0,16,26
2020-08-18,US,Virginia,Alleghany,59,4,0,37.78636074,-80.00222498,51005.0,397.0390309555855,6.779661016949151,55,60,4,0,56,60,14910,-1,0,0,-1,0
2020-08-18,US,Virginia,Amelia,85,2,0,37.34081025,-77.98584649,51007.0,646.6337010270065,2.3529411764705883,83,85,2,0,83,85,13013,0,0,0,0,0
2020-08-18,US,Virginia,Amherst,223,1,0,37.60308293,-79.14548696,51009.0,705.5845594051573,0.4484304932735426,222,217,1,0,216,219,31666,6,0,0,6,-2
2020-08-18,US,Virginia,Appomattox,109,0,0,37.37569884,-78.81340003,51011.0,685.0606498648733,0.0,109,103,0,0,103,103,15841,6,0,0,6,0
2020-08-18,US,Virginia,Arlington,3264,135,0,38.8767675,-77.10139853,51013.0,1378.1339458373093,4.136029411764706,3129,3246,135,0,3111,3229,237521,18,0,0,18,17
2020-08-18,US,Virginia,Augusta,315,4,0,38.16404586,-79.12461614,51015.0,416.8982768204558,1.2698412698412698,311,313,4,0,309,310,75457,2,0,0,2,3
2020-08-18,US,Virginia,Bath,4,0,0,38.05852573,-79.73912095,51017.0,96.45526886906195,0.0,4,4,0,0,4,4,4292,0,0,0,0,0
2020-08-18,US,Virginia,Bedford,429,8,0,37.3080028,-79.5281964,51019.0,543.0585971619175,1.8648018648018647,421,418,8,0,410,414,78747,11,0,0,11,4
2020-08-18,US,Virginia,Bland,38,0,0,37.13128068,-81.13599391,51021.0,605.0955414012739,0.0,38,37,0,0,37,31,6293,1,0,0,1,6
2020-08-18,US,Virginia,Botetourt,222,7,0,37.55531756,-79.80982182,51023.0,664.2927675873008,3.1531531531531534,215,223,7,0,216,220,33277,-1,0,0,-1,3
2020-08-18,US,Virginia,Bristol,100,1,0,36.616302399999995,-82.16359122,51520.0,596.5875193890944,1.0,99,100,1,0,99,92,16482,0,0,0,0,8
2020-08-18,US,Virginia,Brunswick,250,2,0,36.76366949,-77.8593436,51025.0,1540.2624607233072,0.8,248,248,2,0,246,247,16384,2,0,0,2,1
2020-08-18,US,Virginia,Buchanan,84,1,0,37.26818323,-82.03749726,51027.0,399.9238240335174,1.1904761904761905,83,84,1,0,83,84,21221,0,0,0,0,0
2020-08-18,US,Virginia,Buckingham,622,8,0,37.57242268,-78.52518834,51029.0,3627.245159785398,1.2861736334405145,614,620,8,0,612,617,16999,2,0,0,2,3
2020-08-18,US,Virginia,Buena Vista,67,1,0,37.73484642,-79.35296097,51530.0,1034.2698363692498,1.492537313432836,66,65,1,0,64,65,6237,2,0,0,2,0
2020-08-18,US,Virginia,Campbell,260,3,0,37.20553386,-79.09678609,51031.0,473.71777352646444,1.1538461538461535,257,253,3,0,250,251,54973,7,0,0,7,2
2020-08-18,US,Virginia,Caroline,230,5,0,38.02679129,-77.34901405,51033.0,748.5760781122864,2.1739130434782608,225,229,5,0,224,228,30772,1,0,0,1,1
2020-08-18,US,Virginia,Carroll,349,15,0,36.73066666,-80.73455942,51035.0,1171.4947467355912,4.297994269340975,334,344,14,0,330,341,29636,5,1,0,4,3
2020-08-18,US,Virginia,Charles City,56,5,0,37.35358063,-77.05634116,51036.0,804.2510412178659,8.928571428571429,51,56,5,0,51,55,6941,0,0,0,0,1
2020-08-18,US,Virginia,Charlotte,59,0,0,37.01909701,-78.66314092,51037.0,496.6329966329968,0.0,59,58,0,0,58,58,11938,1,0,0,1,0
2020-08-18,US,Virginia,Charlottesville,561,15,0,38.03527919,-78.48569588,51540.0,1186.8996741844032,2.6737967914438503,546,560,15,0,545,560,48117,1,0,0,1,0
2020-08-18,US,Virginia,Chesapeake,3319,41,0,36.67670048,-76.30545744,51550.0,1355.6068372577452,1.2353118409159385,3278,3303,41,0,3262,3258,242634,16,0,0,16,45
2020-08-18,US,Virginia,Chesterfield,4684,81,0,37.37373208,-77.58680140000001,51041.0,1327.6568726934656,1.729291204099061,4603,4623,80,0,4543,4621,348556,61,1,0,60,2
2020-08-18,US,Virginia,Clarke,74,0,0,39.11271747,-77.99199425,51043.0,506.1905739106642,0.0,74,74,0,0,74,74,14523,0,0,0,0,0
2020-08-18,US,Virginia,Colonial Heights,209,22,0,37.26420587,-77.39609676,51570.0,1203.223949337939,10.526315789473683,187,207,22,0,185,206,17833,2,0,0,2,1
2020-08-18,US,Virginia,Covington,15,0,0,37.7824656,-79.98631446,51580.0,270.85590465872156,0.0,15,13,0,0,13,13,5460,2,0,0,2,0
2020-08-18,US,Virginia,Craig,20,0,0,37.48133648,-80.21072274,51045.0,389.78756577665166,0.0,20,19,0,0,19,19,5064,1,0,0,1,0
2020-08-18,US,Virginia,Culpeper,1045,12,0,38.48199985,-77.95630870000002,51047.0,1986.5031841079744,1.1483253588516746,1033,1041,12,0,1029,1039,51859,4,0,0,4,2
2020-08-18,US,Virginia,Cumberland,85,0,0,37.51328851,-78.24398086,51049.0,855.8195730970599,0.0,85,84,0,0,84,81,9809,1,0,0,1,3
2020-08-18,US,Virginia,Danville,487,9,0,36.58022376,-79.40395668,51590.0,1216.1622215562884,1.8480492813141685,478,477,9,0,468,465,40693,10,0,0,10,12
2020-08-18,US,Virginia,Dickenson,54,1,0,37.12560977,-82.35124171,51051.0,377.1476463193183,1.851851851851852,53,52,1,0,51,52,14523,2,0,0,2,0
2020-08-18,US,Virginia,Dinwiddie,243,7,0,37.07544585,-77.63451754,51053.0,851.3172645739909,2.8806584362139915,236,240,7,0,233,238,28529,3,0,0,3,2
2020-08-18,US,Virginia,Emporia,192,15,0,36.69455571,-77.53406129,51595.0,3591.470258136925,7.8125,177,192,15,0,177,188,5121,0,0,0,0,4
2020-08-18,US,Virginia,Essex,108,1,0,37.93357639,-76.94230311,51057.0,986.0312243221035,0.925925925925926,107,109,1,0,108,108,10919,-1,0,0,-1,1
2020-08-18,US,Virginia,Fairfax,17154,537,0,38.83677558,-77.27565836,51059.0,1494.8602740490023,3.1304651976215463,16617,17070,535,0,16535,16995,1150795,84,2,0,82,75
2020-08-18,US,Virginia,Fairfax,17154,537,0,38.83677558,-77.27565836,51059.0,1494.8602740490023,3.1304651976215463,16617,17070,535,0,16535,16995,24574,84,2,0,82,75
2020-08-18,US,Virginia,Fairfax City,102,7,0,38.85157547,-77.29779640000002,51600.0,424.66380781881,6.862745098039214,95,103,7,0,96,103,24574,-1,0,0,-1,0
2020-08-18,US,Virginia,Falls Church,63,6,0,38.88485255,-77.17560759,51610.0,431.0049941848533,9.523809523809524,57,63,6,0,57,62,14772,0,0,0,0,1
2020-08-18,US,Virginia,Fauquier,647,9,0,38.73564842,-77.80647472,51061.0,908.4271713796298,1.3910355486862442,638,642,9,0,633,638,70675,5,0,0,5,4
2020-08-18,US,Virginia,Floyd,115,2,0,36.9302126,-80.36738849,51063.0,730.2050923868183,1.7391304347826086,113,114,2,0,112,112,15795,1,0,0,1,2
2020-08-18,US,Virginia,Fluvanna,204,9,0,37.84157909,-78.27715475,51065.0,748.0748074807483,4.411764705882354,195,203,9,0,194,202,26783,1,0,0,1,1
2020-08-18,US,Virginia,Franklin,192,1,0,36.99536167,-79.88023649,51067.0,342.60019271260836,0.5208333333333334,191,182,1,0,181,182,56195,10,0,0,10,0
2020-08-18,US,Virginia,Franklin,192,1,0,36.99536167,-79.88023649,51067.0,342.60019271260836,0.5208333333333334,191,182,1,0,181,182,8013,10,0,0,10,0
2020-08-18,US,Virginia,Franklin City,219,6,0,36.6831435,-76.93859681,51620.0,2748.838960712941,2.7397260273972597,213,212,6,0,206,210,8013,7,0,0,7,2
2020-08-18,US,Virginia,Frederick,709,10,0,39.20172582,-78.25974949,51069.0,793.8374032895548,1.4104372355430184,699,701,10,0,691,698,88355,8,0,0,8,3
2020-08-18,US,Virginia,Fredericksburg,428,3,0,38.2977863,-77.4922454,51630.0,1474.0322358451574,0.7009345794392523,425,428,4,0,424,428,29144,0,-1,0,1,0
2020-08-18,US,Virginia,Galax,356,27,0,36.66601852,-80.91703124,51640.0,5608.94910981566,7.584269662921348,329,354,27,0,327,353,6423,2,0,0,2,1
2020-08-18,US,Virginia,Giles,33,0,0,37.31234791,-80.70636931,51071.0,197.36842105263162,0.0,33,33,0,0,33,32,16844,0,0,0,0,1
2020-08-18,US,Virginia,Gloucester,178,2,0,37.40809042,-76.53524337,51073.0,476.59847916889794,1.1235955056179776,176,179,2,0,177,175,37349,-1,0,0,-1,4
2020-08-18,US,Virginia,Goochland,174,7,0,37.71714806,-77.90381514,51075.0,732.5390476992378,4.022988505747127,167,173,7,0,166,172,23244,1,0,0,1,1
2020-08-18,US,Virginia,Grayson,166,5,0,36.65677234,-81.23215889,51077.0,1067.524115755627,3.0120481927710845,161,165,5,0,160,165,15631,1,0,0,1,0
2020-08-18,US,Virginia,Greene,182,2,0,38.29545894,-78.46525378,51079.0,918.3107119430847,1.0989010989010992,180,179,2,0,177,177,19779,3,0,0,3,2
2020-08-18,US,Virginia,Greensville,573,11,0,36.67878901,-77.56351439,51081.0,5054.693013408611,1.9197207678883077,562,572,11,0,561,570,11627,1,0,0,1,2
2020-08-18,US,Virginia,Halifax,170,2,0,36.76654925,-78.93512622,51083.0,501.3122585591696,1.1764705882352942,168,170,2,0,168,169,34120,0,0,0,0,1
2020-08-18,US,Virginia,Hampton,1362,9,0,37.03513786,-76.35879121,51650.0,1012.5641216266447,0.6607929515418502,1353,1349,9,0,1340,1337,134313,13,0,0,13,12
2020-08-18,US,Virginia,Hanover,716,33,0,37.7583355,-77.49464673,51085.0,664.4025017166823,4.608938547486034,683,703,33,0,670,700,107239,13,0,0,13,3
2020-08-18,US,Virginia,Harrisonburg,1109,31,0,38.43542574,-78.87536254,51660.0,2091.8213369548816,2.7953110910730388,1078,1106,31,0,1075,1099,54033,3,0,0,3,7
2020-08-18,US,Virginia,Henrico,4189,187,0,37.53460572,-77.39326555,51087.0,1266.2551614482886,4.4640725710193365,4002,4149,187,0,3962,4109,329261,40,0,0,40,40
2020-08-18,US,Virginia,Henry,692,9,0,36.68542395,-79.87634026,51089.0,1368.7521015883062,1.300578034682081,683,672,9,0,663,672,50953,20,0,0,20,0
2020-08-18,US,Virginia,Highland,6,0,0,38.35799465,-79.56124594,51091.0,273.97260273972597,0.0,6,6,0,0,6,6,2210,0,0,0,0,0
2020-08-18,US,Virginia,Hopewell,298,5,0,37.29186313,-77.29754684,51670.0,1322.7395800967645,1.6778523489932886,293,297,5,0,292,291,22596,1,0,0,1,6
2020-08-18,US,Virginia,Isle of Wight,443,10,0,36.90579348,-76.70842863,51093.0,1193.7804845185806,2.2573363431151243,433,437,9,0,428,431,36953,6,1,0,5,6
2020-08-18,US,Virginia,James City,653,17,0,37.31156958,-76.76950618,51095.0,853.3382120408245,2.603369065849924,636,651,17,0,634,641,76397,2,0,0,2,10
2020-08-18,US,Virginia,King George,170,4,0,38.26818502,-77.15852768,51099.0,633.4774183932033,2.3529411764705883,166,169,4,0,165,167,26575,1,0,0,1,2
2020-08-18,US,Virginia,King William,105,2,0,37.70965316,-77.09384941,51101.0,612.3163051084674,1.9047619047619049,103,105,2,0,103,102,16939,0,0,0,0,3
2020-08-18,US,Virginia,King and Queen,43,1,0,37.71044922,-76.88689628,51097.0,612.0996441281138,2.3255813953488373,42,42,1,0,41,42,7042,1,0,0,1,0
2020-08-18,US,Virginia,Lancaster,49,0,0,37.71889653,-76.46400482,51103.0,462.1333584834481,0.0,49,49,0,0,49,49,10783,0,0,0,0,0
2020-08-18,US,Virginia,Lee,152,2,0,36.70586667,-83.12606515,51105.0,648.9348076676772,1.3157894736842106,150,150,2,0,148,148,23541,2,0,0,2,2
2020-08-18,US,Virginia,Lexington,37,0,0,37.78258621,-79.44262866,51678.0,496.91109320440506,0.0,37,37,0,0,37,36,7136,0,0,0,0,1
2020-08-18,US,Virginia,Loudoun,5552,115,0,39.08990083,-77.63481877,51107.0,1342.5610222035218,2.0713256484149856,5437,5528,115,0,5413,5511,406850,24,0,0,24,17
2020-08-18,US,Virginia,Louisa,215,2,0,37.97850256,-77.96274807,51109.0,571.9454124657498,0.9302325581395348,213,209,2,0,207,204,36778,6,0,0,6,5
2020-08-18,US,Virginia,Lunenburg,71,1,0,36.94618528,-78.24133319,51111.0,582.1580846179074,1.4084507042253518,70,70,1,0,69,68,12086,1,0,0,1,2
2020-08-18,US,Virginia,Lynchburg,753,5,0,37.40021399,-79.19888138,51680.0,916.4151494499076,0.6640106241699867,748,735,5,0,730,736,82126,18,0,0,18,-1
2020-08-18,US,Virginia,Madison,76,1,0,38.41531222,-78.28220331,51113.0,573.1091169595053,1.3157894736842106,75,76,1,0,75,72,13295,0,0,0,0,4
2020-08-18,US,Virginia,Manassas,1723,22,0,38.7464321,-77.48509905,51683.0,4193.7446756723875,1.2768427161926872,1701,1716,22,0,1694,1710,41641,7,0,0,7,6
2020-08-18,US,Virginia,Manassas Park,540,7,0,38.77058531,-77.44399307,51685.0,3089.5983522142133,1.2962962962962965,533,538,7,0,531,535,17307,2,0,0,2,3
2020-08-18,US,Virginia,Martinsville,256,3,0,36.68212094,-79.86352771,51690.0,2039.1906961924485,1.171875,253,241,3,0,238,240,12902,15,0,0,15,1
2020-08-18,US,Virginia,Mathews,23,0,0,37.44164146,-76.34098896,51115.0,260.3577088521621,0.0,23,23,0,0,23,23,8802,0,0,0,0,0
2020-08-18,US,Virginia,Mecklenburg,465,33,0,36.67882005,-78.36131056,51117.0,1520.2537025533722,7.096774193548387,432,459,32,0,427,459,30650,6,1,0,5,0
2020-08-18,US,Virginia,Middlesex,54,1,0,37.63191998,-76.55064617,51119.0,510.3005103005103,1.851851851851852,53,52,1,0,51,51,10769,2,0,0,2,1
2020-08-18,US,Virginia,Montgomery,337,3,0,37.17746986,-80.37868691,51121.0,342.01045313847874,0.8902077151335311,334,332,3,0,329,327,98985,5,0,0,5,5
2020-08-18,US,Virginia,Nelson,75,0,0,37.78790447,-78.88498513,51125.0,502.34427327528465,0.0,75,70,0,0,70,67,14836,5,0,0,5,3
2020-08-18,US,Virginia,New Kent,134,1,0,37.50694406,-76.99828634,51127.0,580.3126759343468,0.746268656716418,133,136,1,0,135,135,22391,-2,0,0,-2,1
2020-08-18,US,Virginia,Newport News,2016,20,0,37.08166899,-76.51754109,51700.0,1124.8430743478868,0.992063492063492,1996,1993,20,0,1973,1980,178626,23,0,0,23,13
2020-08-18,US,Virginia,Norfolk,4032,34,0,36.89934014,-76.26420872,51710.0,1661.0228143460959,0.8432539682539683,3998,4002,34,0,3968,3982,244076,30,0,0,30,20
2020-08-18,US,Virginia,Northampton,300,29,0,37.34062933,-75.87751591,51131.0,2561.9128949615715,9.666666666666666,271,299,29,0,270,299,11735,1,0,0,1,0
2020-08-18,US,Virginia,Northumberland,81,3,0,37.89202088,-76.41949732,51133.0,669.6982224059527,3.703703703703704,78,81,3,0,78,79,12147,0,0,0,0,2
2020-08-18,US,Virginia,Norton,22,0,0,36.93357076,-82.62750411,51720.0,552.624968600854,0.0,22,23,0,0,23,23,3968,-1,0,0,-1,0
2020-08-18,US,Virginia,Nottoway,183,14,0,37.1435975,-78.05065922,51135.0,1201.4180672268908,7.6502732240437155,169,183,14,0,169,183,15420,0,0,0,0,0
2020-08-18,US,Virginia,Orange,239,3,0,38.24530219,-78.01560400000002,51137.0,645.0568135812797,1.2552301255230125,236,236,3,0,233,235,36644,3,0,0,3,1
2020-08-18,US,Virginia,Page,354,25,0,38.61807452,-78.48797204,51139.0,1481.0476110785708,7.062146892655367,329,353,25,0,328,353,23933,1,0,0,1,0
2020-08-18,US,Virginia,Patrick,183,5,0,36.680163799999995,-80.2865648,51141.0,1039.3003180372555,2.7322404371584703,178,176,5,0,171,176,17673,7,0,0,7,0
2020-08-18,US,Virginia,Petersburg,546,19,0,37.20530399,-77.39368102,51730.0,1741.8490397498886,3.47985347985348,527,544,19,0,525,541,31567,2,0,0,2,3
2020-08-18,US,Virginia,Pittsylvania,581,2,0,36.81980341,-79.39731264,51143.0,962.6536766411508,0.3442340791738382,579,571,2,0,569,567,60949,10,0,0,10,4
2020-08-18,US,Virginia,Poquoson,49,0,0,37.14259351,-76.35798148,51735.0,399.3154592127781,0.0,49,48,0,0,48,46,12190,1,0,0,1,2
2020-08-18,US,Virginia,Portsmouth,2022,25,0,36.85914825,-76.35971629,51740.0,2141.994533782495,1.2363996043521266,1997,1995,25,0,1970,1965,94632,27,0,0,27,30
2020-08-18,US,Virginia,Powhatan,167,4,0,37.55016038,-77.91267882,51145.0,563.1997841629568,2.395209580838323,163,167,4,0,163,167,29189,0,0,0,0,0
2020-08-18,US,Virginia,Prince Edward,451,10,0,37.22554789,-78.43597949,51147.0,1977.8966757301996,2.217294900221729,441,449,10,0,439,447,22950,2,0,0,2,2
2020-08-18,US,Virginia,Prince George,462,2,0,37.18497668,-77.22922187,51149.0,1204.5993794488045,0.4329004329004329,460,459,2,0,457,456,38082,3,0,0,3,3
2020-08-18,US,Virginia,Prince William,9989,179,0,38.70916224,-77.48713689,51153.0,2123.80537276622,1.7919711682851136,9810,9924,178,0,9746,9890,468011,65,1,0,64,34
2020-08-18,US,Virginia,Pulaski,95,3,0,37.06474963,-80.71229738,51155.0,279.1900549563582,3.1578947368421053,92,91,3,0,88,91,34066,4,0,0,4,0
2020-08-18,US,Virginia,Radford,69,0,0,37.12222899,-80.56027320000003,51750.0,378.10290974847936,0.0,69,68,0,0,68,67,18339,1,0,0,1,1
2020-08-18,US,Virginia,Rappahannock,46,2,0,38.68295619,-78.15826963,51157.0,624.1519674355495,4.3478260869565215,44,46,2,0,44,46,7252,0,0,0,0,0
2020-08-18,US,Virginia,Richmond,324,4,0,37.937575,-76.72920628,51159.0,3590.8234511803166,1.2345679012345678,320,327,4,0,323,324,9038,-3,0,0,-3,3
2020-08-18,US,Virginia,Richmond City,3425,42,0,37.53255773,-77.47966921,51760.0,1486.3129024978734,1.2262773722627738,3383,3404,42,0,3362,3354,228783,21,0,0,21,50
2020-08-18,US,Virginia,Roanoke,527,4,0,37.26865804,-80.06396753,51161.0,559.5311405092052,0.7590132827324478,523,522,4,0,518,514,94073,5,0,0,5,8
2020-08-18,US,Virginia,Roanoke City,1084,15,0,37.27791025,-79.96189766,51770.0,1093.370182463714,1.3837638376383763,1069,1082,15,0,1067,1064,99920,2,0,0,2,18
2020-08-18,US,Virginia,Rockbridge,78,1,0,37.81204314,-79.44605905,51163.0,345.54556328356887,1.2820512820512822,77,80,1,0,79,80,22752,-2,0,0,-2,0
2020-08-18,US,Virginia,Rockingham,980,20,0,38.51006137,-78.87260325,51165.0,1195.8803143456826,2.0408163265306123,960,979,20,0,959,975,81244,1,0,0,1,4
2020-08-18,US,Virginia,Russell,160,3,0,36.93028320000001,-82.10095486,51167.0,601.8205070337773,1.875,157,157,3,0,154,150,26748,3,0,0,3,7
2020-08-18,US,Virginia,Salem,172,3,0,37.2836193,-80.06219455,51775.0,679.8150270740286,1.7441860465116281,169,170,3,0,167,165,25643,2,0,0,2,5
2020-08-18,US,Virginia,Scott,127,3,0,36.71466456,-82.60171704,51169.0,588.8899193174442,2.3622047244094486,124,120,3,0,117,118,21534,7,0,0,7,2
2020-08-18,US,Virginia,Shenandoah,747,47,0,38.85905135,-78.56813762,51171.0,1712.6742479823918,6.291834002677376,700,743,47,0,696,742,43497,4,0,0,4,1
2020-08-18,US,Virginia,Smyth,182,3,0,36.84455636,-81.53344948,51173.0,604.5708211533351,1.6483516483516485,179,171,3,0,168,169,30472,11,0,0,11,2
2020-08-18,US,Virginia,Southampton,310,13,0,36.72231125,-77.10642712,51175.0,1758.2666893539788,4.193548387096774,297,309,13,0,296,303,17586,1,0,0,1,6
2020-08-18,US,Virginia,Spotsylvania,1642,36,0,38.18574462,-77.655399,51177.0,1205.4472708585693,2.1924482338611453,1606,1621,35,0,1586,1607,134238,21,1,0,20,14
2020-08-18,US,Virginia,Stafford,1534,10,0,38.41758738,-77.45917053,51179.0,1003.388234062872,0.651890482398957,1524,1506,10,0,1496,1496,149960,28,0,0,28,10
2020-08-18,US,Virginia,Staunton,161,0,0,38.15965544,-79.05979937,51790.0,645.7564575645756,0.0,161,159,0,0,159,158,24922,2,0,0,2,1
2020-08-18,US,Virginia,Suffolk,1458,55,0,36.70155394,-76.63603554,51800.0,1582.9243931037477,3.7722908093278464,1403,1438,53,0,1385,1425,91185,20,2,0,18,13
2020-08-18,US,Virginia,Surry,52,2,0,37.11781893,-76.88450012,51181.0,809.7165991902832,3.8461538461538463,50,52,2,0,50,51,6474,0,0,0,0,1
2020-08-18,US,Virginia,Sussex,318,9,0,36.92432914,-77.25791182,51183.0,2849.717716641276,2.830188679245283,309,317,9,0,308,316,11237,1,0,0,1,1
2020-08-18,US,Virginia,Tazewell,138,0,0,37.12191123,-81.56685568,51185.0,339.943342776204,0.0,138,131,0,0,131,131,40855,7,0,0,7,0
2020-08-18,US,Virginia,Virginia Beach,5470,56,0,36.73285734,-76.04566934,51810.0,1215.6257917124099,1.023765996343693,5414,5444,55,0,5389,5394,450189,26,1,0,25,50
2020-08-18,US,Virginia,Warren,374,6,0,38.90847745,-78.20280433,51187.0,931.1821531719947,1.60427807486631,368,367,6,0,361,367,40003,7,0,0,7,0
2020-08-18,US,Virginia,Washington,290,7,0,36.72341572,-81.95666289,51191.0,539.6352809825083,2.413793103448276,283,288,6,0,282,283,54402,2,1,0,1,5
2020-08-18,US,Virginia,Waynesboro,195,3,0,38.06451466,-78.90293905,51820.0,861.6880247459125,1.5384615384615383,192,195,3,0,192,188,22628,0,0,0,0,7
2020-08-18,US,Virginia,Westmoreland,219,3,0,38.11021557,-76.80213247,51193.0,1215.653621981682,1.3698630136986298,216,217,3,0,214,216,17830,2,0,0,2,1
2020-08-18,US,Virginia,Williamsburg,137,6,0,37.28131268,-76.70905141,51830.0,916.1428380366457,4.37956204379562,131,136,6,0,130,135,14896,1,0,0,1,1
2020-08-18,US,Virginia,Winchester,422,4,0,39.17054517,-78.17325058,51840.0,1502.9560510007834,0.9478672985781992,418,421,4,0,417,421,28108,1,0,0,1,0
2020-08-18,US,Virginia,Wise,256,5,0,36.9746148,-82.62410519,51195.0,684.8032528154507,1.953125,251,244,5,0,239,238,38012,12,0,0,12,6
2020-08-18,US,Virginia,Wythe,130,3,0,36.91582035,-81.07834059,51197.0,453.2143355180589,2.3076923076923075,127,127,3,0,124,125,28754,3,0,0,3,2
2020-08-18,US,Virginia,York,410,4,0,37.24374789,-76.54412815,51199.0,600.4686584651438,0.975609756097561,406,409,4,0,405,406,67846,1,0,0,1,3
2020-08-18,US,Washington,Adams,509,6,0,46.98299757,-118.56017340000001,53001.0,2547.1650903267778,1.1787819253438114,503,504,6,0,498,504,19759,5,0,0,5,0
2020-08-18,US,Washington,Asotin,42,2,0,46.18894415,-117.2022851,53003.0,185.98884066955986,4.761904761904762,40,41,2,0,39,41,22610,1,0,0,1,0
2020-08-18,US,Washington,Benton,3892,122,0,46.23946995,-119.51208340000001,53005.0,1904.2027496452856,3.134635149023638,3770,3860,121,0,3739,3851,201877,32,1,0,31,9
2020-08-18,US,Washington,Chelan,1553,10,0,47.87046092,-120.6173956,53007.0,2011.658031088083,0.6439150032195751,1543,1548,10,0,1538,1544,77036,5,0,0,5,4
2020-08-18,US,Washington,Clallam,171,1,0,48.04754642,-123.92263190000001,53009.0,221.12736160142762,0.5847953216374269,170,169,1,0,168,163,76737,2,0,0,2,6
2020-08-18,US,Washington,Clark,1979,50,0,45.77568046,-122.48292040000001,53011.0,405.3326123779036,2.5265285497726118,1929,1938,49,0,1889,1933,481857,41,1,0,40,5
2020-08-18,US,Washington,Columbia,13,1,0,46.29442881,-117.9051983,53013.0,326.2233375156838,7.6923076923076925,12,13,1,0,12,13,4059,0,0,0,0,0
2020-08-18,US,Washington,Cowlitz,510,7,0,46.19074721,-122.6782231,53015.0,461.15034405432533,1.3725490196078431,503,506,5,0,501,505,108987,4,2,0,2,1
2020-08-18,US,Washington,Douglas,1041,7,0,47.7361335,-119.69293700000001,53017.0,2397.01581892284,0.6724303554274735,1034,1034,7,0,1027,1031,42907,7,0,0,7,3
2020-08-18,US,Washington,Ferry,25,0,0,48.471143100000006,-118.5154041,53019.0,327.78287662252524,0.0,25,22,0,0,22,22,7649,3,0,0,3,0
2020-08-18,US,Washington,Franklin,3758,55,0,46.53351425,-118.9018212,53021.0,3946.566969817899,1.4635444385311336,3703,3735,54,0,3681,3713,94347,23,1,0,22,22
2020-08-18,US,Washington,Garfield,4,0,0,46.43197502,-117.54540320000001,53023.0,179.77528089887642,0.0,4,4,0,0,4,4,2247,0,0,0,0,0
2020-08-18,US,Washington,Grant,1872,14,0,47.20753737,-119.4500749,53025.0,1915.4226310458084,0.7478632478632479,1858,1833,14,0,1819,1821,97331,39,0,0,39,12
2020-08-18,US,Washington,Grays Harbor,144,3,0,47.14003705,-123.7820567,53027.0,191.8439669069157,2.083333333333333,141,144,3,0,141,142,73901,0,0,0,0,2
2020-08-18,US,Washington,Island,254,11,0,48.14713305,-122.5216407,53029.0,298.3286548196521,4.330708661417323,243,254,12,0,242,253,84460,0,-1,0,1,1
2020-08-18,US,Washington,Jefferson,61,0,0,47.75003077,-123.56097040000002,53031.0,189.31752583718688,0.0,61,59,0,0,59,59,31729,2,0,0,2,0
2020-08-18,US,Washington,King,17908,698,0,47.49137892,-121.8346131,53033.0,794.9282265216963,3.897699352244807,17210,17745,694,0,17051,17623,2233163,163,4,0,159,122
2020-08-18,US,Washington,Kitsap,826,7,0,47.63479026,-122.6436061,53035.0,304.26598593598635,0.8474576271186439,819,812,7,0,805,806,269805,14,0,0,14,6
2020-08-18,US,Washington,Kittitas,448,20,0,47.12521214,-120.67943899999999,53037.0,934.5989360592469,4.464285714285714,428,448,20,0,428,446,47364,0,0,0,0,2
2020-08-18,US,Washington,Klickitat,152,3,0,45.87325839,-120.7913598,53039.0,677.8149386845039,1.973684210526316,149,134,3,0,131,134,22107,18,0,0,18,0
2020-08-18,US,Washington,Lewis,267,4,0,46.57756476,-122.39257690000001,53041.0,330.82632237600205,1.49812734082397,263,262,4,0,258,261,79604,5,0,0,5,1
2020-08-18,US,Washington,Lincoln,31,0,0,47.57705241,-118.41943880000001,53043.0,283.3897065545296,0.0,31,31,0,0,31,31,10740,0,0,0,0,0
2020-08-18,US,Washington,Mason,264,1,0,47.35007586,-123.1863685,53045.0,396.89671699017487,0.3787878787878788,263,264,1,0,263,262,65507,0,0,0,0,2
2020-08-18,US,Washington,Okanogan,930,6,0,48.54855019,-119.73872240000001,53047.0,2201.548185498189,0.6451612903225806,924,925,6,0,919,924,42132,5,0,0,5,1
2020-08-18,US,Washington,Pacific,58,2,0,46.55418369,-123.7285716,53049.0,258.1104534733657,3.4482758620689653,56,58,2,0,56,58,22036,0,0,0,0,0
2020-08-18,US,Washington,Pend Oreille,51,0,0,48.53234021,-117.2741804,53051.0,371.6117749927135,0.0,51,50,0,0,50,50,13602,1,0,0,1,0
2020-08-18,US,Washington,Pierce,6212,149,0,47.03892768,-122.14059579999999,53053.0,686.4240093703728,2.3985833869929167,6063,6177,147,0,6030,6150,891299,35,2,0,33,27
2020-08-18,US,Washington,San Juan,29,0,0,48.60182783,-122.96745,53055.0,164.94141735866228,0.0,29,29,0,0,29,30,17128,0,0,0,0,-1
2020-08-18,US,Washington,Skagit,936,22,0,48.48171488,-121.766131,53057.0,724.4301691111025,2.3504273504273505,914,934,23,0,911,932,128206,2,-1,0,3,2
2020-08-18,US,Washington,Skamania,60,1,0,46.02408726,-121.91644029999999,53059.0,496.56542249441367,1.6666666666666667,59,58,1,0,57,58,11924,2,0,0,2,0
2020-08-18,US,Washington,Snohomish,5800,206,0,48.04615983,-121.7170703,53061.0,705.5248679269612,3.5517241379310347,5594,5741,203,0,5538,5730,814901,59,3,0,56,11
2020-08-18,US,Washington,Spokane,4836,114,0,47.62113146,-117.4046494,53063.0,925.0226664983417,2.357320099255583,4722,4806,109,0,4697,4791,514631,30,5,0,25,15
2020-08-18,US,Washington,Stevens,118,1,0,48.40035475,-117.8542701,53065.0,258.07580429980527,0.8474576271186439,117,116,1,0,115,117,45260,2,0,0,2,-1
2020-08-18,US,Washington,Thurston,806,11,0,46.9291895,-122.82906559999999,53067.0,277.4182889555855,1.3647642679900744,795,798,11,0,787,790,286419,8,0,0,8,8
2020-08-18,US,Washington,Unassigned,223,3,0,0.0,0.0,90053.0,0.0,1.345291479820628,220,224,4,0,220,253,,-1,-1,0,0,-29
2020-08-18,US,Washington,Wahkiakum,5,0,0,46.29180039999999,-123.4250831,53069.0,111.40819964349377,0.0,5,5,0,0,5,5,4426,0,0,0,0,0
2020-08-18,US,Washington,Walla Walla,650,5,0,46.23040051,-118.4775539,53071.0,1069.7827518104016,0.7692307692307693,645,642,4,0,638,638,60922,8,1,0,7,4
2020-08-18,US,Washington,Whatcom,1034,39,0,48.82227976,-121.74900179999999,53073.0,451.04188931589067,3.771760154738878,995,1029,39,0,990,1024,225685,5,0,0,5,5
2020-08-18,US,Washington,Whitman,126,0,0,46.90022523,-117.52417630000001,53075.0,251.47692798978127,0.0,126,124,0,0,124,124,49791,2,0,0,2,0
2020-08-18,US,Washington,Yakima,10665,227,0,46.45738486,-120.73801259999999,53077.0,4251.15496685574,2.1284575714955456,10438,10645,221,0,10424,10625,251446,20,6,0,14,20
2020-08-18,US,West Virginia,Barbour,33,1,0,39.1307219,-80.00350858,54001.0,200.717717900371,3.0303030303030303,32,33,1,0,32,33,16535,0,0,0,0,0
2020-08-18,US,West Virginia,Berkeley,745,11,0,39.46704621,-78.02414609,54003.0,625.1520923714662,1.4765100671140938,734,738,11,0,727,734,117123,7,0,0,7,4
2020-08-18,US,West Virginia,Boone,123,0,0,38.01974191,-81.69888019,54005.0,573.2395022603346,0.0,123,120,0,0,120,118,21951,3,0,0,3,2
2020-08-18,US,West Virginia,Braxton,8,0,0,38.70036159,-80.72011184,54007.0,57.31890807480117,0.0,8,8,0,0,8,8,14089,0,0,0,0,0
2020-08-18,US,West Virginia,Brooke,79,1,0,40.27367263,-80.57915332,54009.0,360.0893386207212,1.2658227848101269,78,77,1,0,76,76,22203,2,0,0,2,1
2020-08-18,US,West Virginia,Cabell,466,3,0,38.42424062,-82.23855912,54011.0,506.82473217684486,0.6437768240343348,463,459,3,0,456,450,93224,7,0,0,7,9
2020-08-18,US,West Virginia,Calhoun,7,0,0,38.84315422,-81.11934872,54013.0,98.46673231115489,0.0,7,7,0,0,7,7,7254,0,0,0,0,0
2020-08-18,US,West Virginia,Clay,18,1,0,38.46231092,-81.07652217,54015.0,211.56558533145275,5.5555555555555545,17,18,1,0,17,18,8632,0,0,0,0,0
2020-08-18,US,West Virginia,Doddridge,6,0,0,39.27057157,-80.70671527,54017.0,71.02272727272727,0.0,6,6,0,0,6,6,8406,0,0,0,0,0
2020-08-18,US,West Virginia,Fayette,175,7,0,38.02974928,-81.08286634,54019.0,412.6774513040608,4.0,168,170,7,0,163,170,43018,5,0,0,5,0
2020-08-18,US,West Virginia,Gilmer,18,0,0,38.9251277,-80.85952723,54021.0,230.09075802121947,0.0,18,18,0,0,18,18,8026,0,0,0,0,0
2020-08-18,US,West Virginia,Grant,131,4,0,39.10314817,-79.19440518,54023.0,1132.4343015214386,3.053435114503817,127,131,4,0,127,131,11626,0,0,0,0,0
2020-08-18,US,West Virginia,Greenbrier,96,3,0,37.9463652,-80.45335881,54025.0,276.9603600484681,3.125,93,96,3,0,93,96,34786,0,0,0,0,0
2020-08-18,US,West Virginia,Hampshire,90,1,0,39.32103553,-78.60826476,54027.0,388.3495145631068,1.1111111111111112,89,89,1,0,88,88,23347,1,0,0,1,1
2020-08-18,US,West Virginia,Hancock,114,0,0,40.51943859,-80.57461608,54029.0,395.6959389101008,0.0,114,114,0,0,114,113,29094,0,0,0,0,1
2020-08-18,US,West Virginia,Hardy,64,0,0,39.00683177,-78.85855301,54031.0,464.5760743321719,0.0,64,63,0,0,63,63,13775,1,0,0,1,0
2020-08-18,US,West Virginia,Harrison,248,1,0,39.2853852,-80.37919577,54033.0,368.7403354347568,0.4032258064516129,247,248,1,0,247,248,67554,0,0,0,0,0
2020-08-18,US,West Virginia,Jackson,169,19,0,38.84263974,-81.68148753,54035.0,591.4053751399778,11.242603550295858,150,168,19,0,149,168,28706,1,0,0,1,0
2020-08-18,US,West Virginia,Jefferson,310,4,0,39.30776166,-77.86014147,54037.0,542.4701641409722,1.2903225806451613,306,305,4,0,301,305,56811,5,0,0,5,0
2020-08-18,US,West Virginia,Kanawha,1113,25,0,38.33860077,-81.52857054,54039.0,624.8456131683546,2.2461814914645104,1088,1095,24,0,1071,1080,180454,18,1,0,17,15
2020-08-18,US,West Virginia,Lewis,28,2,0,38.9947249,-80.49988181,54041.0,176.02313446910165,7.142857142857142,26,28,2,0,26,28,16024,0,0,0,0,0
2020-08-18,US,West Virginia,Lincoln,110,0,0,38.172154,-82.07017953,54043.0,538.9779019060219,0.0,110,108,0,0,108,108,20599,2,0,0,2,0
2020-08-18,US,West Virginia,Logan,374,12,0,37.8299889,-81.93528571,54045.0,1168.0564664730314,3.2085561497326203,362,362,11,0,351,356,32607,12,1,0,11,6
2020-08-18,US,West Virginia,Marion,202,2,0,39.50984542,-80.24244659,54049.0,360.2511057212156,0.99009900990099,200,199,2,0,197,199,56097,3,0,0,3,0
2020-08-18,US,West Virginia,Marshall,130,1,0,39.86064362,-80.66591062,54051.0,425.79673119124817,0.7692307692307693,129,130,1,0,129,130,30785,0,0,0,0,0
2020-08-18,US,West Virginia,Mason,75,1,0,38.77071799,-82.02524219,54053.0,282.8480917182078,1.3333333333333333,74,74,1,0,73,73,26718,1,0,0,1,1
2020-08-18,US,West Virginia,McDowell,67,0,0,37.38002939,-81.65083669,54047.0,380.1634135270086,0.0,67,67,0,0,67,67,18223,0,0,0,0,0
2020-08-18,US,West Virginia,Mercer,244,18,0,37.40481169,-81.11023142,54055.0,415.2626025392287,7.3770491803278695,226,243,18,0,225,240,59131,1,0,0,1,3
2020-08-18,US,West Virginia,Mineral,129,4,0,39.41561583,-78.94104895,54057.0,480.12505582849485,3.1007751937984502,125,127,4,0,123,127,26940,2,0,0,2,0
2020-08-18,US,West Virginia,Mingo,204,5,0,37.73048351,-82.13338365,54059.0,870.9016393442622,2.4509803921568634,199,202,5,0,197,201,23785,2,0,0,2,1
2020-08-18,US,West Virginia,Monongalia,1001,5,0,39.63218457,-80.04766838,54061.0,947.808961102905,0.4995004995004995,996,992,5,0,987,989,106420,9,0,0,9,3
2020-08-18,US,West Virginia,Monroe,21,0,0,37.56274716,-80.54577965,54063.0,158.19209039548022,0.0,21,21,0,0,21,21,13280,0,0,0,0,0
2020-08-18,US,West Virginia,Morgan,33,0,0,39.55439028,-78.26311676,54065.0,184.522478192798,0.0,33,33,0,0,33,33,17787,0,0,0,0,0
2020-08-18,US,West Virginia,Nicholas,40,1,0,38.29617706,-80.79759588,54067.0,163.29196603527106,2.5,39,40,1,0,39,40,24842,0,0,0,0,0
2020-08-18,US,West Virginia,Ohio,285,4,0,40.0955451,-80.62203992,54069.0,688.2229359348967,1.4035087719298245,281,283,4,0,279,279,41755,2,0,0,2,4
2020-08-18,US,West Virginia,Pendleton,43,1,0,38.68314479,-79.35084086,54071.0,617.0182235614866,2.3255813953488373,42,43,1,0,42,43,6997,0,0,0,0,0
2020-08-18,US,West Virginia,Pleasants,14,2,0,39.37091679,-81.16771771,54073.0,187.66756032171585,14.285714285714285,12,14,2,0,12,14,7507,0,0,0,0,0
2020-08-18,US,West Virginia,Pocahontas,42,0,0,38.32758728,-80.00993811,54075.0,509.2761004001455,0.0,42,42,0,0,42,42,8414,0,0,0,0,0
2020-08-18,US,West Virginia,Preston,131,4,0,39.46770987,-79.66712803,54077.0,391.8401531466858,3.053435114503817,127,130,4,0,126,130,33839,1,0,0,1,0
2020-08-18,US,West Virginia,Putnam,227,0,0,38.50782345,-81.9082131,54079.0,402.1257750221435,0.0,227,225,0,0,225,218,56682,2,0,0,2,7
2020-08-18,US,West Virginia,Raleigh,304,1,0,37.76936795,-81.2456041,54081.0,417.1153610228868,0.32894736842105265,303,304,1,0,303,297,74254,0,0,0,0,7
2020-08-18,US,West Virginia,Randolph,217,0,0,38.769899,-79.87919615,54083.0,756.2293082418539,0.0,217,214,0,0,214,214,28823,3,0,0,3,0
2020-08-18,US,West Virginia,Ritchie,3,0,0,39.18094587,-81.06356878,54085.0,31.400460540087924,0.0,3,3,0,0,3,3,9721,0,0,0,0,0
2020-08-18,US,West Virginia,Roane,20,1,0,38.71622686,-81.35243568,54087.0,146.11338398597312,5.0,19,20,1,0,19,19,13932,0,0,0,0,1
2020-08-18,US,West Virginia,Summers,19,0,0,37.65390597,-80.86009693,54089.0,151.1174739521196,0.0,19,19,0,0,19,19,12760,0,0,0,0,0
2020-08-18,US,West Virginia,Taylor,84,1,0,39.33602617,-80.0421439,54091.0,503.1446540880503,1.1904761904761905,83,81,1,0,80,74,16862,3,0,0,3,7
2020-08-18,US,West Virginia,Tucker,11,0,0,39.11240885,-79.57053576,54093.0,160.84222839596433,0.0,11,11,0,0,11,11,6955,0,0,0,0,0
2020-08-18,US,West Virginia,Tyler,15,0,0,39.46811972,-80.88772676,54095.0,174.60132697008495,0.0,15,15,0,0,15,15,8746,0,0,0,0,0
2020-08-18,US,West Virginia,Upshur,40,0,0,38.89285061,-80.23689136,54097.0,165.45334215751157,0.0,40,40,0,0,40,40,24415,0,0,0,0,0
2020-08-18,US,West Virginia,Wayne,221,9,0,38.14901357,-82.42287994,54099.0,560.8852342520685,4.072398190045249,212,221,9,0,212,221,39944,0,0,0,0,0
2020-08-18,US,West Virginia,Webster,6,0,0,38.49370949,-80.4202023,54101.0,73.94626571358147,0.0,6,4,0,0,4,4,8285,2,0,0,2,0
2020-08-18,US,West Virginia,Wetzel,45,0,0,39.6065771,-80.64016540000001,54103.0,298.70560902754727,0.0,45,45,0,0,45,45,15270,0,0,0,0,0
2020-08-18,US,West Virginia,Wirt,7,0,0,39.02775007,-81.37473928,54105.0,120.25425184676172,0.0,7,7,0,0,7,7,5830,0,0,0,0,0
2020-08-18,US,West Virginia,Wood,285,5,0,39.20967886,-81.5162836,54107.0,341.24380373093226,1.7543859649122806,280,283,5,0,278,283,84203,2,0,0,2,0
2020-08-18,US,West Virginia,Wyoming,48,2,0,37.612327,-81.54511071,54109.0,235.36334215945863,4.166666666666667,46,48,2,0,46,47,20786,0,0,0,0,1
2020-08-18,US,Wisconsin,Adams,94,2,0,43.96974651,-89.76782777,55001.0,464.88625123639963,2.127659574468085,92,94,2,0,92,94,20348,0,0,0,0,0
2020-08-18,US,Wisconsin,Ashland,30,1,0,46.31956891,-90.67837132,55003.0,192.77727798483485,3.333333333333333,29,30,1,0,29,30,15600,0,0,0,0,0
2020-08-18,US,Wisconsin,Barron,328,3,0,45.42372701,-91.84833627,55005.0,724.9580054813898,0.9146341463414634,325,328,3,0,325,326,45164,0,0,0,0,2
2020-08-18,US,Wisconsin,Bayfield,37,1,0,46.52868768,-91.19716729,55007.0,246.0760840649109,2.702702702702702,36,37,1,0,36,34,15042,0,0,0,0,3
2020-08-18,US,Wisconsin,Brown,4505,55,0,44.452655299999996,-88.00411844,55009.0,1702.943199945566,1.2208657047724751,4450,4505,55,0,4450,4505,263378,0,0,0,0,0
2020-08-18,US,Wisconsin,Buffalo,47,2,0,44.37835084,-91.75332578,55011.0,360.67838231908524,4.25531914893617,45,47,2,0,45,47,13125,0,0,0,0,0
2020-08-18,US,Wisconsin,Burnett,28,1,0,45.86303537,-92.36711412,55013.0,181.65304268846504,3.571428571428572,27,28,1,0,27,27,15392,0,0,0,0,1
2020-08-18,US,Wisconsin,Calumet,402,2,0,44.0816316,-88.21780273,55015.0,802.5714228672963,0.4975124378109453,400,402,2,0,400,403,50159,0,0,0,0,-1
2020-08-18,US,Wisconsin,Chippewa,279,0,0,45.06939744,-91.28068855,55017.0,431.50112901729096,0.0,279,279,0,0,279,274,64135,0,0,0,0,5
2020-08-18,US,Wisconsin,Clark,200,8,0,44.73483377,-90.61207486,55019.0,575.1423477310634,4.0,192,200,8,0,192,197,34709,0,0,0,0,3
2020-08-18,US,Wisconsin,Columbia,291,2,0,43.46492199,-89.33589004,55021.0,505.80546478481534,0.6872852233676976,289,291,2,0,289,288,57358,0,0,0,0,3
2020-08-18,US,Wisconsin,Crawford,90,0,0,43.23870316,-90.93073686,55023.0,557.9319323042589,0.0,90,90,0,0,90,86,16291,0,0,0,0,4
2020-08-18,US,Wisconsin,Dane,4874,39,0,43.06601594,-89.41733797,55025.0,891.5391580314433,0.8001641362330735,4835,4874,39,0,4835,4849,542364,0,0,0,0,25
2020-08-18,US,Wisconsin,Dodge,942,5,0,43.41576662,-88.70928178,55027.0,1072.4165803344756,0.5307855626326964,937,942,5,0,937,930,87847,0,0,0,0,12
2020-08-18,US,Wisconsin,Door,118,3,0,44.95856458,-87.30002707,55029.0,426.4854705797312,2.5423728813559316,115,118,3,0,115,114,27610,0,0,0,0,4
2020-08-18,US,Wisconsin,Douglas,225,0,0,46.43222285,-91.91595768,55031.0,521.4368482039397,0.0,225,225,0,0,225,223,43208,0,0,0,0,2
2020-08-18,US,Wisconsin,Dunn,142,0,0,44.94562799,-91.8962481,55033.0,312.9959442779052,0.0,142,142,0,0,142,139,45131,0,0,0,0,3
2020-08-18,US,Wisconsin,Eau Claire,668,4,0,44.726614,-91.28609183,55035.0,638.3426026795099,0.5988023952095808,664,668,4,0,664,658,104534,0,0,0,0,10
2020-08-18,US,Wisconsin,Florence,16,0,0,45.84963535,-88.39804137,55037.0,372.52619324796274,0.0,16,16,0,0,16,16,4321,0,0,0,0,0
2020-08-18,US,Wisconsin,Fond du Lac,791,8,0,43.75354908,-88.48885325,55039.0,764.9681343868166,1.011378002528445,783,791,8,0,783,763,103066,0,0,0,0,28
2020-08-18,US,Wisconsin,Forest,61,4,0,45.66678019,-88.77084892,55041.0,677.4766770324301,6.557377049180328,57,61,4,0,57,61,8991,0,0,0,0,0
2020-08-18,US,Wisconsin,Grant,398,16,0,42.8671731,-90.7063218,55043.0,773.7319932347052,4.0201005025125625,382,398,16,0,382,396,51554,0,0,0,0,2
2020-08-18,US,Wisconsin,Green,220,1,0,42.6794956,-89.60243287,55045.0,595.2380952380953,0.4545454545454545,219,220,1,0,219,214,36929,0,0,0,0,6
2020-08-18,US,Wisconsin,Green Lake,63,0,0,43.80025981,-89.04679553,55047.0,333.10421403267594,0.0,63,63,0,0,63,62,18918,0,0,0,0,1
2020-08-18,US,Wisconsin,Iowa,100,0,0,43.00050278,-90.13469017,55049.0,422.3329673114283,0.0,100,100,0,0,100,100,23771,0,0,0,0,0
2020-08-18,US,Wisconsin,Iron,85,1,0,46.26302338,-90.24295041,55051.0,1494.6368911552663,1.1764705882352942,84,85,1,0,84,80,5676,0,0,0,0,5
2020-08-18,US,Wisconsin,Jackson,62,1,0,44.31864893,-90.80566792,55053.0,300.3439422564549,1.6129032258064515,61,62,1,0,61,62,20478,0,0,0,0,0
2020-08-18,US,Wisconsin,Jefferson,732,5,0,43.02054068,-88.77529134,55055.0,863.5232219325461,0.6830601092896175,727,732,5,0,727,718,85129,0,0,0,0,14
2020-08-18,US,Wisconsin,Juneau,152,1,0,43.92456975,-90.11120239,55057.0,569.5657061490614,0.6578947368421053,151,152,1,0,151,152,26617,0,0,0,0,0
2020-08-18,US,Wisconsin,Kenosha,2792,60,0,42.57639354,-88.04051686,55059.0,1646.605056587305,2.1489971346704877,2732,2792,60,0,2732,2780,169290,0,0,0,0,12
2020-08-18,US,Wisconsin,Kewaunee,143,2,0,44.51727459,-87.61468386,55061.0,699.8140354311441,1.3986013986013983,141,143,2,0,141,143,20383,0,0,0,0,0
2020-08-18,US,Wisconsin,La Crosse,973,1,0,43.90632465,-91.11451093,55063.0,824.4644793926249,0.1027749229188078,972,973,1,0,972,967,118230,0,0,0,0,6
2020-08-18,US,Wisconsin,Lafayette,172,0,0,42.66005229,-90.1317729,55065.0,1032.1032103210318,0.0,172,172,0,0,172,171,16665,0,0,0,0,1
2020-08-18,US,Wisconsin,Langlade,74,1,0,45.26271619,-89.07483625,55067.0,385.63760487779456,1.351351351351351,73,74,1,0,73,74,19268,0,0,0,0,0
2020-08-18,US,Wisconsin,Lincoln,73,0,0,45.33737523,-89.73411273,55069.0,264.5598521364114,0.0,73,73,0,0,73,73,27689,0,0,0,0,0
2020-08-18,US,Wisconsin,Manitowoc,406,1,0,44.11946801,-87.80928853,55071.0,514.0476823539839,0.24630541871921185,405,406,1,0,405,399,79074,0,0,0,0,7
2020-08-18,US,Wisconsin,Marathon,703,12,0,44.89792533,-89.75863384,55073.0,518.0850750228458,1.7069701280227596,691,703,12,0,691,697,135428,0,0,0,0,6
2020-08-18,US,Wisconsin,Marinette,501,5,0,45.38553432,-88.03324599999998,55075.0,1241.6356877323421,0.998003992015968,496,501,5,0,496,495,40434,0,0,0,0,6
2020-08-18,US,Wisconsin,Marquette,81,1,0,43.81911946,-89.40073763,55077.0,520.0975985617054,1.2345679012345678,80,81,1,0,80,81,15434,0,0,0,0,0
2020-08-18,US,Wisconsin,Menominee,26,0,0,45.00422544,-88.70950714,55078.0,570.6760316066725,0.0,26,26,0,0,26,26,4658,0,0,0,0,0
2020-08-18,US,Wisconsin,Milwaukee,22334,466,0,43.00486062,-87.96733172,55079.0,2361.571956359453,2.0865048804513298,21868,22334,466,0,21868,22212,948201,0,0,0,0,122
2020-08-18,US,Wisconsin,Monroe,254,2,0,43.94641218,-90.61881899999999,55081.0,549.1535684171838,0.7874015748031497,252,254,2,0,252,254,46051,0,0,0,0,0
2020-08-18,US,Wisconsin,Oconto,290,1,0,45.02715345,-88.26807503,55083.0,764.5663063538096,0.3448275862068966,289,290,1,0,289,276,37830,0,0,0,0,14
2020-08-18,US,Wisconsin,Oneida,179,0,0,45.70677897,-89.51944105,55085.0,502.87961792386574,0.0,179,179,0,0,179,176,35470,0,0,0,0,3
2020-08-18,US,Wisconsin,Outagamie,1401,14,0,44.41578887,-88.46565023,55087.0,745.6688932059503,0.9992862241256244,1387,1401,14,0,1387,1388,187365,0,0,0,0,13
2020-08-18,US,Wisconsin,Ozaukee,784,18,0,43.38352225,-87.94625009,55089.0,878.7168940047746,2.295918367346939,766,784,18,0,766,783,89147,0,0,0,0,1
2020-08-18,US,Wisconsin,Pepin,46,0,0,44.58307413,-91.99949611,55091.0,631.2611499931385,0.0,46,46,0,0,46,46,7289,0,0,0,0,0
2020-08-18,US,Wisconsin,Pierce,247,4,0,44.71850291,-92.4224416,55093.0,577.7237217570288,1.6194331983805668,243,247,4,0,243,244,42555,0,0,0,0,3
2020-08-18,US,Wisconsin,Polk,143,2,0,45.46130348,-92.44182875,55095.0,326.61078500787977,1.3986013986013983,141,143,2,0,141,143,43598,0,0,0,0,0
2020-08-18,US,Wisconsin,Portage,470,0,0,44.47558711,-89.50152965,55097.0,664.1044480868139,0.0,470,470,0,0,470,467,70942,0,0,0,0,3
2020-08-18,US,Wisconsin,Price,33,0,0,45.68051754,-90.36098879999999,55099.0,247.17249644221405,0.0,33,33,0,0,33,33,13397,0,0,0,0,0
2020-08-18,US,Wisconsin,Racine,3689,81,0,42.74753117,-88.05941254,55101.0,1879.1611269872808,2.1957169964760097,3608,3689,81,0,3608,3676,196584,0,0,0,0,13
2020-08-18,US,Wisconsin,Richland,38,4,0,43.3762778,-90.43012729,55103.0,220.26431718061679,10.526315789473683,34,38,4,0,34,38,17377,0,0,0,0,0
2020-08-18,US,Wisconsin,Rock,1494,26,0,42.67151616,-89.07147900000002,55105.0,914.5781554170695,1.7402945113788488,1468,1494,26,0,1468,1484,163129,0,0,0,0,10
2020-08-18,US,Wisconsin,Rusk,23,1,0,45.47498854,-91.1333012,55107.0,162.2231626463535,4.3478260869565215,22,23,1,0,22,22,14147,0,0,0,0,1
2020-08-18,US,Wisconsin,Sauk,513,3,0,43.42574087,-89.94966132,55111.0,796.0646783153844,0.5847953216374269,510,513,3,0,510,512,64249,0,0,0,0,1
2020-08-18,US,Wisconsin,Sawyer,113,0,0,45.87931905,-91.14504927,55113.0,682.4495712042518,0.0,113,113,0,0,113,110,16489,0,0,0,0,3
2020-08-18,US,Wisconsin,Shawano,221,0,0,44.78902246,-88.76443896,55115.0,540.3555099146679,0.0,221,221,0,0,221,217,40796,0,0,0,0,4
2020-08-18,US,Wisconsin,Sheboygan,850,8,0,43.72099677,-87.94579284,55117.0,736.9516212935669,0.9411764705882352,842,850,8,0,842,842,115456,0,0,0,0,8
2020-08-18,US,Wisconsin,St. Croix,544,6,0,45.03437474,-92.45000068,55109.0,599.8654713464995,1.1029411764705883,538,544,6,0,538,536,89694,0,0,0,0,8
2020-08-18,US,Wisconsin,Taylor,78,2,0,45.21179252,-90.5004405,55119.0,383.4242737059432,2.5641025641025643,76,78,2,0,76,78,20412,0,0,0,0,0
2020-08-18,US,Wisconsin,Trempealeau,370,2,0,44.30360275,-91.35893614,55121.0,1247.934163040912,0.5405405405405406,368,370,2,0,368,371,29442,0,0,0,0,-1
2020-08-18,US,Wisconsin,Vernon,77,0,0,43.59422667,-90.8324691,55123.0,249.82155603140615,0.0,77,77,0,0,77,74,30785,0,0,0,0,3
2020-08-18,US,Wisconsin,Vilas,74,0,0,46.05467334,-89.51719204,55125.0,333.40842532101817,0.0,74,74,0,0,74,74,21938,0,0,0,0,0
2020-08-18,US,Wisconsin,Walworth,1516,25,0,42.66858202,-88.54163073,55127.0,1459.5448068702585,1.6490765171503958,1491,1516,25,0,1491,1499,103718,0,0,0,0,17
2020-08-18,US,Wisconsin,Washburn,50,0,0,45.89838588,-91.79050449,55129.0,318.06615776081424,0.0,50,50,0,0,50,50,15878,0,0,0,0,0
2020-08-18,US,Wisconsin,Washington,1259,23,0,43.36863664,-88.22974712,55131.0,925.5039181381128,1.8268467037331213,1236,1259,23,0,1236,1259,135693,0,0,0,0,0
2020-08-18,US,Wisconsin,Waukesha,4854,65,0,43.01833055,-88.30431188,55133.0,1200.8965902849593,1.3391017717346518,4789,4854,65,0,4789,4810,403072,0,0,0,0,44
2020-08-18,US,Wisconsin,Waupaca,531,16,0,44.47068056,-88.96534501,55135.0,1041.3806628750738,3.0131826741996237,515,531,16,0,515,526,51128,0,0,0,0,5
2020-08-18,US,Wisconsin,Waushara,128,1,0,44.11324419,-89.24317107,55137.0,523.6673076136317,0.78125,127,128,1,0,127,128,24263,0,0,0,0,0
2020-08-18,US,Wisconsin,Winnebago,1288,19,0,44.06886922,-88.64477096,55139.0,749.2423228838849,1.4751552795031055,1269,1288,19,0,1269,1280,171020,0,0,0,0,8
2020-08-18,US,Wisconsin,Wood,381,2,0,44.45537896,-90.04158336,55141.0,521.9249578761353,0.5249343832020997,379,381,2,0,379,379,73055,0,0,0,0,2
2020-08-18,US,Wyoming,Albany,104,0,0,41.65498705,-105.72354150000001,56001.0,267.48971193415645,0.0,104,103,0,0,103,95,38601,1,0,0,1,8
2020-08-18,US,Wyoming,Big Horn,39,0,0,44.52405055,-107.9960365,56003.0,330.7888040712468,0.0,39,39,0,0,39,37,11881,0,0,0,0,2
2020-08-18,US,Wyoming,Campbell,150,0,0,44.24886082,-105.54744040000001,56005.0,323.6874474007898,0.0,150,148,0,0,148,148,46140,2,0,0,2,0
2020-08-18,US,Wyoming,Carbon,171,0,0,41.69357844,-106.9326084,56007.0,1155.4054054054054,0.0,171,169,0,0,169,167,14971,2,0,0,2,2
2020-08-18,US,Wyoming,Converse,33,0,0,42.97272268,-105.5081848,56009.0,238.7498191289249,0.0,33,33,0,0,33,31,13640,0,0,0,0,2
2020-08-18,US,Wyoming,Crook,11,0,0,44.58855102,-104.56977049999999,56011.0,145.042194092827,0.0,11,11,0,0,11,11,7450,0,0,0,0,0
2020-08-18,US,Wyoming,Fremont,535,0,0,43.04183996,-108.6296893,56013.0,1362.6754285423194,0.0,535,533,0,0,533,523,39531,2,0,0,2,10
2020-08-18,US,Wyoming,Goshen,39,0,0,42.08798185,-104.3534743,56015.0,295.2085383392628,0.0,39,39,0,0,39,39,13376,0,0,0,0,0
2020-08-18,US,Wyoming,Hot Springs,23,0,0,43.71930657,-108.44231740000001,56017.0,521.1874008610922,0.0,23,23,0,0,23,23,4555,0,0,0,0,0
2020-08-18,US,Wyoming,Johnson,26,1,0,44.04057166,-106.58451740000001,56019.0,307.8744819419775,3.8461538461538463,25,25,1,0,24,25,8460,1,0,0,1,0
2020-08-18,US,Wyoming,Laramie,528,0,0,41.30702520000001,-104.6887497,56021.0,530.6532663316583,0.0,528,523,0,0,523,517,98976,5,0,0,5,6
2020-08-18,US,Wyoming,Lincoln,104,0,0,42.26376367,-110.6563997,56023.0,524.457892082703,0.0,104,104,0,0,104,102,19434,0,0,0,0,2
2020-08-18,US,Wyoming,Natrona,249,0,0,42.96180148,-106.79788500000001,56025.0,311.80345112574815,0.0,249,248,0,0,248,248,79115,1,0,0,1,0
2020-08-18,US,Wyoming,Niobrara,2,0,0,43.05607708,-104.47588959999999,56027.0,84.88964346349746,0.0,2,2,0,0,2,2,2388,0,0,0,0,0
2020-08-18,US,Wyoming,Park,148,0,0,44.52157546,-109.58528249999999,56029.0,506.95348359251915,0.0,148,146,0,0,146,144,29324,2,0,0,2,2
2020-08-18,US,Wyoming,Platte,7,0,0,42.13299116,-104.96633100000001,56031.0,83.40283569641367,0.0,7,6,0,0,6,6,8566,1,0,0,1,0
2020-08-18,US,Wyoming,Sheridan,91,0,0,44.79048913,-106.8862389,56033.0,298.5074626865672,0.0,91,86,0,0,86,83,30233,5,0,0,5,3
2020-08-18,US,Wyoming,Sublette,40,0,0,42.76558279,-109.91309220000001,56035.0,406.87620791374223,0.0,40,40,0,0,40,40,9813,0,0,0,0,0
2020-08-18,US,Wyoming,Sweetwater,279,0,0,41.65943896,-108.8827882,56037.0,658.9046595659257,0.0,279,278,0,0,278,276,43051,1,0,0,1,2
2020-08-18,US,Wyoming,Teton,393,0,0,43.93522482,-110.5890801,56039.0,1674.9062393453796,0.0,393,390,0,0,390,389,23081,3,0,0,3,1
2020-08-18,US,Wyoming,Uinta,278,0,0,41.2878183,-110.54757820000002,56041.0,1374.4685058835162,0.0,278,277,0,0,277,276,20299,1,0,0,1,1
2020-08-18,US,Wyoming,Unassigned,0,29,0,0.0,0.0,90056.0,0.0,0.0,-29,0,29,0,-29,0,,0,0,0,0,0
2020-08-18,US,Wyoming,Washakie,102,0,0,43.90451606,-107.68018700000002,56043.0,1306.8545803971813,0.0,102,100,0,0,100,97,7885,2,0,0,2,3
2020-08-18,US,Wyoming,Weston,8,0,0,43.83961191,-104.56748809999999,56045.0,115.490111159232,0.0,8,8,0,0,8,7,6967,0,0,0,0,1
