Date,Country/Region,Province/State,Admin2,Confirmed,Deaths,Recovered,Latitude,Longitude,FIPS,Incidence_Rate,Case-Fatality_Ratio,Active Cases,Previous Confirmed,Previous Deaths,Previous Recovered,Previous Active,Prev2 Confirmed,Population,Daily Confirmed,Daily Deaths,Daily Recovered,Daily Active,Previous Daily Confirmed
2020-07-16,US,Alabama,Autauga,765,19,0,32.53952745,-86.64408227,1001.0,1369.2745529721312,2.4836601307189543,746,743,18,0,725,733,55601,22,1,0,21,10
2020-07-16,US,Alabama,Baldwin,1579,13,0,30.72774991,-87.72207058,1003.0,707.3295286560291,0.8233058898036733,1566,1499,12,0,1487,1396,218022,80,1,0,79,103
2020-07-16,US,Alabama,Barbour,444,3,0,31.868263,-85.3871286,1005.0,1798.5902940938183,0.6756756756756757,441,426,3,0,423,413,24881,18,0,0,18,13
2020-07-16,US,Alabama,Bibb,243,2,0,32.99642064,-87.12511459999996,1007.0,1085.1120835938198,0.8230452674897121,241,238,2,0,236,232,22400,5,0,0,5,6
2020-07-16,US,Alabama,Blount,395,1,0,33.98210918,-86.56790593,1009.0,683.0837339605023,0.2531645569620253,394,367,1,0,366,344,57840,28,0,0,28,23
2020-07-16,US,Alabama,Bullock,384,10,0,32.10030533,-85.71265535,1011.0,3801.6038016038015,2.6041666666666665,374,381,10,0,371,380,10138,3,0,0,3,1
2020-07-16,US,Alabama,Butler,662,31,0,31.75300095,-86.68057478,1013.0,3403.9489921842865,4.682779456193353,631,659,31,0,628,656,19680,3,0,0,3,3
2020-07-16,US,Alabama,Calhoun,659,6,0,33.77483727,-85.82630386,1015.0,580.0801021081818,0.9104704097116844,653,642,6,0,636,577,114277,17,0,0,17,65
2020-07-16,US,Alabama,Chambers,710,32,0,32.91360079,-85.39072749,1017.0,2135.0814939556144,4.507042253521127,678,699,32,0,667,693,33615,11,0,0,11,6
2020-07-16,US,Alabama,Cherokee,146,7,0,34.17805983,-85.60638968,1019.0,557.3369980149641,4.794520547945205,139,140,7,0,133,135,26032,6,0,0,6,5
2020-07-16,US,Alabama,Chilton,387,3,0,32.85044126,-86.7173256,1021.0,871.0722967497974,0.7751937984496124,384,369,3,0,366,356,44153,18,0,0,18,13
2020-07-16,US,Alabama,Choctaw,222,12,0,32.02227341,-88.26564429999998,1023.0,1763.4442767495432,5.405405405405406,210,221,12,0,209,221,12841,1,0,0,1,0
2020-07-16,US,Alabama,Clarke,352,6,0,31.68099859,-87.83548597,1025.0,1490.1363136059604,1.7045454545454546,346,339,6,0,333,329,23920,13,0,0,13,10
2020-07-16,US,Alabama,Clay,96,2,0,33.26984193,-85.85836077,1027.0,725.3494522100491,2.083333333333333,94,94,2,0,92,92,13275,2,0,0,2,2
2020-07-16,US,Alabama,Cleburne,63,1,0,33.67679204,-85.52005899,1029.0,422.5352112676056,1.5873015873015872,62,62,1,0,61,53,14987,1,0,0,1,9
2020-07-16,US,Alabama,Coffee,483,4,0,31.39932826,-85.98901039,1031.0,922.7771197126593,0.8281573498964804,479,473,4,0,469,453,51909,10,0,0,10,20
2020-07-16,US,Alabama,Colbert,645,8,0,34.69847452,-87.80168544,1033.0,1167.61101355877,1.2403100775193798,637,613,8,0,605,582,54762,32,0,0,32,31
2020-07-16,US,Alabama,Conecuh,268,8,0,31.43401703,-86.99320044,1035.0,2220.9331233943813,2.985074626865672,260,255,8,0,247,247,12277,13,0,0,13,8
2020-07-16,US,Alabama,Coosa,68,1,0,32.93690146,-86.24847739,1037.0,637.7192159804932,1.4705882352941178,67,68,1,0,67,69,10715,0,0,0,0,-1
2020-07-16,US,Alabama,Covington,478,14,0,31.247785399999998,-86.45050893,1039.0,1290.1832708035304,2.928870292887029,464,452,14,0,438,439,36986,26,0,0,26,13
2020-07-16,US,Alabama,Crenshaw,145,3,0,31.72941803,-86.31593104,1041.0,1052.8608771420272,2.0689655172413794,142,143,3,0,140,140,13824,2,0,0,2,3
2020-07-16,US,Alabama,Cullman,729,6,0,34.13020303,-86.86888037,1043.0,870.2607200840416,0.8230452674897121,723,713,6,0,707,689,83442,16,0,0,16,24
2020-07-16,US,Alabama,Dale,454,3,0,31.43037123,-85.61095742,1045.0,923.2896770519808,0.6607929515418502,451,428,3,0,425,414,48956,26,0,0,26,14
2020-07-16,US,Alabama,Dallas,1065,12,0,32.32688101,-87.10866709999998,1047.0,2863.211097967524,1.1267605633802815,1053,1033,12,0,1021,1028,38310,32,0,0,32,5
2020-07-16,US,Alabama,DeKalb,1185,7,0,34.45946862,-85.80782906,1049.0,1657.041377092277,0.5907172995780591,1178,1145,7,0,1138,1118,71385,40,0,0,40,27
2020-07-16,US,Alabama,Elmore,1148,26,0,32.59785413,-86.14415284,1051.0,1413.636419608664,2.264808362369338,1122,1118,25,0,1093,1101,81887,30,1,0,29,17
2020-07-16,US,Alabama,Escambia,571,12,0,31.1256789,-87.15918694,1053.0,1558.7039008544214,2.1015761821366024,559,562,12,0,550,522,36748,9,0,0,9,40
2020-07-16,US,Alabama,Etowah,1175,14,0,34.04567266,-86.04051873,1055.0,1148.9419955411274,1.1914893617021276,1161,1136,14,0,1122,1104,102501,39,0,0,39,32
2020-07-16,US,Alabama,Fayette,104,3,0,33.72076938,-87.73886638,1057.0,637.9585326953749,2.8846153846153846,101,92,3,0,89,90,16433,12,0,0,12,2
2020-07-16,US,Alabama,Franklin,979,16,0,34.44235334,-87.84289505,1059.0,3121.6121420827753,1.6343207354443312,963,970,16,0,954,960,31363,9,0,0,9,10
2020-07-16,US,Alabama,Geneva,113,0,0,31.09389027,-85.83572839,1061.0,430.1320848083438,0.0,113,110,0,0,110,106,26314,3,0,0,3,4
2020-07-16,US,Alabama,Greene,209,9,0,32.85504247,-87.95684022,1063.0,2576.7476266798176,4.30622009569378,200,202,9,0,193,201,8233,7,0,0,7,1
2020-07-16,US,Alabama,Hale,383,23,0,32.76039258,-87.63284988,1065.0,2614.1560303050987,6.005221932114883,360,375,23,0,352,367,14726,8,0,0,8,8
2020-07-16,US,Alabama,Henry,167,3,0,31.51148016,-85.24267944,1067.0,970.6480674222612,1.7964071856287425,164,165,3,0,162,161,17209,2,0,0,2,4
2020-07-16,US,Alabama,Houston,708,8,0,31.15197924,-85.29939599,1069.0,668.6688955629852,1.1299435028248588,700,684,8,0,676,658,104722,24,0,0,24,26
2020-07-16,US,Alabama,Jackson,515,3,0,34.78144169,-85.99750489,1071.0,997.5593693100377,0.5825242718446602,512,511,3,0,508,472,51736,4,0,0,4,39
2020-07-16,US,Alabama,Jefferson,7809,181,0,33.55554728,-86.89506300000002,1073.0,1185.7455437741905,2.3178383915994365,7628,7449,176,0,7273,7186,659300,360,5,0,355,263
2020-07-16,US,Alabama,Lamar,101,1,0,33.77995024,-88.09668032,1075.0,731.6189786309308,0.99009900990099,100,96,1,0,95,95,13844,5,0,0,5,1
2020-07-16,US,Alabama,Lauderdale,690,7,0,34.90171875,-87.65624729,1077.0,744.1037863020198,1.0144927536231885,683,664,7,0,657,633,92387,26,0,0,26,31
2020-07-16,US,Alabama,Lawrence,162,0,0,34.52041498,-87.31069453,1079.0,492.042279188434,0.0,162,159,0,0,159,151,32957,3,0,0,3,8
2020-07-16,US,Alabama,Lee,1861,37,0,32.60154883,-85.35132246,1081.0,1131.0182202720275,1.9881783987103707,1824,1793,37,0,1756,1716,163941,68,0,0,68,77
2020-07-16,US,Alabama,Limestone,748,4,0,34.81185586,-86.98310072,1083.0,756.2048223221957,0.5347593582887701,744,725,4,0,721,691,96174,23,0,0,23,34
2020-07-16,US,Alabama,Lowndes,500,23,0,32.1597283,-86.65158371,1085.0,5140.859551717047,4.6,477,497,23,0,474,497,9974,3,0,0,3,0
2020-07-16,US,Alabama,Macon,240,9,0,32.38759944,-85.69267724,1087.0,1328.3152534868275,3.75,231,235,9,0,226,227,18439,5,0,0,5,8
2020-07-16,US,Alabama,Madison,2973,13,0,34.76327133,-86.55069633,1089.0,797.2454405766555,0.4372687521022536,2960,2901,12,0,2889,2729,366519,72,1,0,71,172
2020-07-16,US,Alabama,Marengo,388,11,0,32.24767634,-87.78796182,1091.0,2056.936860520596,2.8350515463917527,377,381,11,0,370,364,19066,7,0,0,7,17
2020-07-16,US,Alabama,Marion,365,14,0,34.13697363,-87.88704173,1093.0,1228.5839307953818,3.8356164383561633,351,355,14,0,341,332,29763,10,0,0,10,23
2020-07-16,US,Alabama,Marshall,2206,13,0,34.36975964,-86.30486727,1095.0,2279.5378924091187,0.5893019038984587,2193,2133,13,0,2120,2090,96109,73,0,0,73,43
2020-07-16,US,Alabama,Mobile,5514,158,0,30.78472347,-88.20842409,1097.0,1334.4304348878295,2.8654334421472614,5356,5349,157,0,5192,5206,413757,165,1,0,164,143
2020-07-16,US,Alabama,Monroe,295,3,0,31.56729412,-87.36995001,1099.0,1422.852457435007,1.0169491525423728,292,283,3,0,280,277,21067,12,0,0,12,6
2020-07-16,US,Alabama,Montgomery,4806,118,0,32.2206831,-86.20969272,1101.0,2121.985464885247,2.455264253017062,4688,4732,118,0,4614,4690,225763,74,0,0,74,42
2020-07-16,US,Alabama,Morgan,1516,7,0,34.45500589,-86.85475946,1103.0,1266.7218141862813,0.4617414248021108,1509,1489,7,0,1482,1429,119089,27,0,0,27,60
2020-07-16,US,Alabama,Perry,278,3,0,32.64048341,-87.29770589,1105.0,3115.5440995180993,1.0791366906474822,275,270,2,0,268,263,9140,8,1,0,7,7
2020-07-16,US,Alabama,Pickens,286,7,0,33.28094866,-88.08818103,1107.0,1435.0225790265933,2.4475524475524475,279,282,7,0,275,280,19938,4,0,0,4,2
2020-07-16,US,Alabama,Pike,519,6,0,31.80396383,-85.9408295,1109.0,1567.3129190070667,1.1560693641618498,513,501,6,0,495,491,33338,18,0,0,18,10
2020-07-16,US,Alabama,Randolph,290,10,0,33.29526734,-85.45708831,1111.0,1276.2961006953612,3.4482758620689653,280,286,10,0,276,279,22725,4,0,0,4,7
2020-07-16,US,Alabama,Russell,811,0,0,32.28725256,-85.18415324,1113.0,1399.2167146874622,0.0,811,761,0,0,761,734,57781,50,0,0,50,27
2020-07-16,US,Alabama,Shelby,1972,27,0,33.26879845,-86.66232561,1117.0,905.8253943464,1.3691683569979716,1945,1880,27,0,1853,1820,215707,92,0,0,92,60
2020-07-16,US,Alabama,St. Clair,706,4,0,33.71902176,-86.31029372,1115.0,788.7210653320226,0.56657223796034,702,671,4,0,667,646,88690,35,0,0,35,25
2020-07-16,US,Alabama,Sumter,309,13,0,32.59117397,-88.19916205,1119.0,2486.5212843003133,4.207119741100324,296,306,13,0,293,304,12691,3,0,0,3,2
2020-07-16,US,Alabama,Talladega,507,7,0,33.37823223,-86.16886178,1121.0,633.9243291905274,1.3806706114398422,500,451,7,0,444,433,79828,56,0,0,56,18
2020-07-16,US,Alabama,Tallapoosa,672,72,0,32.86698258,-85.79833053,1123.0,1664.7261376867245,10.714285714285714,600,662,72,0,590,646,40497,10,0,0,10,16
2020-07-16,US,Alabama,Tuscaloosa,2931,54,0,33.28726072,-87.52556818,1125.0,1400.0143297270188,1.8423746161719552,2877,2837,54,0,2783,2777,208911,94,0,0,94,60
2020-07-16,US,Alabama,Unassigned,930,30,0,0.0,0.0,90001.0,0.0,3.2258064516129035,900,842,28,0,814,814,,88,2,0,86,28
2020-07-16,US,Alabama,Walker,1160,43,0,33.80270512,-87.30027177,1127.0,1826.16772405976,3.7068965517241383,1117,1135,37,0,1098,1126,63711,25,6,0,19,9
2020-07-16,US,Alabama,Washington,180,9,0,31.4092794,-88.20689944,1129.0,1102.5358324145534,5.0,171,167,9,0,158,158,16378,13,0,0,13,9
2020-07-16,US,Alabama,Wilcox,334,8,0,31.98773215,-87.30891118,1131.0,3219.8978116263374,2.395209580838323,326,332,8,0,324,325,10627,2,0,0,2,7
2020-07-16,US,Alabama,Winston,330,7,0,34.15030532,-87.37325922,1133.0,1396.5889373227815,2.121212121212121,323,316,7,0,309,315,23660,14,0,0,14,1
2020-07-16,US,Alaska,Aleutians West,1,0,0,52.3233,-174.1596,2016.0,17.749378771742986,0.0,1,1,0,0,1,1,5723,0,0,0,0,0
2020-07-16,US,Alaska,Anchorage,815,8,0,61.14998174,-149.14269860000005,2020.0,282.9861111111111,0.98159509202454,807,790,8,0,782,758,291538,25,0,0,25,32
2020-07-16,US,Alaska,Bethel,16,0,0,60.90980451,-159.8561831,2050.0,87.02273468943761,0.0,16,16,0,0,16,16,18216,0,0,0,0,0
2020-07-16,US,Alaska,Bristol Bay,5,0,0,58.74513976,-156.701064,2060.0,598.0861244019137,0.0,5,5,0,0,5,5,877,0,0,0,0,0
2020-07-16,US,Alaska,Dillingham,1,0,0,59.79603738,-158.23819419999995,2070.0,20.34174125305126,0.0,1,,,,,,5000,,,,,
2020-07-16,US,Alaska,Fairbanks North Star,289,2,0,64.80726247,-146.5692662,2090.0,298.4026680709145,0.6920415224913494,287,267,2,0,265,260,98971,22,0,0,22,7
2020-07-16,US,Alaska,Haines,3,0,0,59.09893571,-135.4679843,2100.0,118.57707509881423,0.0,3,2,0,0,2,2,2474,1,0,0,1,0
2020-07-16,US,Alaska,Juneau,53,2,0,58.45031811,-134.200436,2110.0,165.75967973978857,3.7735849056603774,51,53,2,0,51,52,32113,0,0,0,0,1
2020-07-16,US,Alaska,Kenai Peninsula,220,2,0,60.24429722,-151.53888840000005,2122.0,374.7359814676024,0.9090909090909092,218,209,2,0,207,209,58533,11,0,0,11,0
2020-07-16,US,Alaska,Ketchikan Gateway,23,0,0,55.57445008,-130.975561,2130.0,165.4557226098842,0.0,23,25,0,0,25,23,13918,-2,0,0,-2,2
2020-07-16,US,Alaska,Kodiak Island,5,0,0,57.65529415,-153.7493579,2150.0,38.46745653177412,0.0,5,7,0,0,7,6,13345,-2,0,0,-2,1
2020-07-16,US,Alaska,Kusilvak,3,0,0,62.15429159999999,-163.39678830000003,2158.0,36.0837142169834,0.0,3,3,0,0,3,2,8303,0,0,0,0,1
2020-07-16,US,Alaska,Matanuska-Susitna,162,2,0,62.31305045,-149.5741743,2170.0,149.56101073700341,1.2345679012345678,160,161,2,0,159,158,107610,1,0,0,1,3
2020-07-16,US,Alaska,Nome,15,0,0,64.90320724,-164.0353804,2180.0,149.94002399040383,0.0,15,15,0,0,15,15,10008,0,0,0,0,0
2020-07-16,US,Alaska,North Slope,5,0,0,69.31479216,-153.4836093,2185.0,50.854353132628155,0.0,5,5,0,0,5,5,9872,0,0,0,0,0
2020-07-16,US,Alaska,Northwest Arctic,8,0,0,67.04919196,-159.7503946,2188.0,104.97310064296025,0.0,8,7,0,0,7,7,7671,1,0,0,1,0
2020-07-16,US,Alaska,Petersburg,6,1,0,57.13978948,-132.9540995,2195.0,183.71096142069808,16.666666666666668,5,6,1,0,5,6,3221,0,0,0,0,0
2020-07-16,US,Alaska,Prince of Wales-Hyder,2,0,0,55.76261984,-133.0511621,2198.0,32.24246332419797,0.0,2,2,0,0,2,2,6422,0,0,0,0,0
2020-07-16,US,Alaska,Sitka,13,0,0,57.24124555,-135.3206587,2220.0,153.06723183798422,0.0,13,13,0,0,13,13,8647,0,0,0,0,0
2020-07-16,US,Alaska,Southeast Fairbanks,10,0,0,63.87692095,-143.2127643,2240.0,145.07471347744092,0.0,10,10,0,0,10,10,6918,0,0,0,0,0
2020-07-16,US,Alaska,Valdez-Cordova,17,0,0,61.47502768,-144.7126799,2261.0,184.7424472940665,0.0,17,15,0,0,15,12,9164,2,0,0,2,3
2020-07-16,US,Alaska,Wrangell,3,0,0,56.3202004,-132.05837309999998,2275.0,119.90407673860909,0.0,3,3,0,0,3,3,2503,0,0,0,0,0
2020-07-16,US,Alaska,Yukon-Koyukuk,18,0,0,65.50815459,-151.39073869999999,2290.0,344.168260038241,0.0,18,16,0,0,16,14,5327,2,0,0,2,2
2020-07-16,US,Arizona,Apache,2658,105,0,35.39465006,-109.4892383,4001.0,3697.469639851434,3.950338600451467,2553,2644,105,0,2539,2611,71818,14,0,0,14,33
2020-07-16,US,Arizona,Cochise,1140,27,0,31.87934684,-109.7516088,4003.0,905.3223424024396,2.3684210526315788,1113,1131,27,0,1104,1095,126770,9,0,0,9,36
2020-07-16,US,Arizona,Coconino,2581,105,0,35.83883429,-111.77071780000001,4005.0,1798.9071342942373,4.068190623789229,2476,2532,102,0,2430,2523,142854,49,3,0,46,9
2020-07-16,US,Arizona,Gila,482,15,0,33.80190085,-110.8132779,4007.0,892.2951608723018,3.1120331950207474,467,479,16,0,463,468,53889,3,-1,0,4,11
2020-07-16,US,Arizona,Graham,236,3,0,32.93166885,-109.8882178,4009.0,607.6679455158741,1.2711864406779658,233,221,3,0,218,218,38072,15,0,0,15,3
2020-07-16,US,Arizona,Greenlee,40,1,0,33.21498827,-109.2405279,4011.0,421.14129290376917,2.5,39,38,1,0,37,33,9483,2,0,0,2,5
2020-07-16,US,Arizona,La Paz,422,7,0,33.72854224,-113.98100290000001,4012.0,1999.2419935569449,1.6587677725118484,415,422,7,0,415,412,21098,0,0,0,0,10
2020-07-16,US,Arizona,Maricopa,88954,1311,0,33.34835867,-112.49181540000001,4013.0,1983.1837150372296,1.4737954448366573,87643,86483,1277,0,85206,84233,4410824,2471,34,0,2437,2250
2020-07-16,US,Arizona,Mohave,2108,102,0,35.70471703,-113.7577902,4015.0,993.4914059223022,4.838709677419356,2006,2045,99,0,1946,1937,209550,63,3,0,60,108
2020-07-16,US,Arizona,Navajo,4598,147,0,35.3997715,-110.3218983,4017.0,4145.180483934946,3.1970421922575034,4451,4529,146,0,4383,4482,110445,69,1,0,68,47
2020-07-16,US,Arizona,Pima,12697,360,0,32.0971334,-111.7890033,4019.0,1212.3798911273884,2.8353154288414593,12337,12406,347,0,12059,12114,1039073,291,13,0,278,292
2020-07-16,US,Arizona,Pinal,6243,93,0,32.90525627,-111.3449483,4021.0,1348.9948983229938,1.4896684286400768,6150,6118,90,0,6028,5945,447138,125,3,0,122,173
2020-07-16,US,Arizona,Santa Cruz,2251,32,0,31.52508998,-110.8479088,4023.0,4841.068433050884,1.4215904042647711,2219,2226,32,0,2194,2208,46511,25,0,0,25,18
2020-07-16,US,Arizona,Unassigned,0,1,0,0.0,0.0,90004.0,0.0,0.0,-1,,,,,,,,,,,
2020-07-16,US,Arizona,Yavapai,1254,23,0,34.59933926,-112.5538588,4025.0,533.3923155776928,1.8341307814992025,1231,1229,23,0,1206,1189,231993,25,0,0,25,40
2020-07-16,US,Arizona,Yuma,8949,160,0,32.76895712,-113.90666740000002,4027.0,4185.942082540098,1.787909263604872,8789,8851,159,0,8692,8629,212128,98,1,0,97,222
2020-07-16,US,Arkansas,Arkansas,98,0,0,34.29145151,-91.37277296,5001.0,560.4483586869495,0.0,98,73,0,0,73,66,17769,25,0,0,25,7
2020-07-16,US,Arkansas,Ashley,117,3,0,33.19153461,-91.76984709999999,5003.0,595.2078140102763,2.5641025641025643,114,114,3,0,111,111,20046,3,0,0,3,3
2020-07-16,US,Arkansas,Baxter,34,0,0,36.28784385,-92.33782872,5005.0,81.08365925784605,0.0,34,34,0,0,34,31,41619,0,0,0,0,3
2020-07-16,US,Arkansas,Benton,3661,23,0,36.33644656,-94.25680817,5007.0,1311.5235669428712,0.6282436492761541,3638,3598,23,0,3575,3551,272608,63,0,0,63,47
2020-07-16,US,Arkansas,Boone,70,1,0,36.3084504,-93.09374925,5009.0,187.0057704637743,1.4285714285714286,69,66,1,0,65,63,37480,4,0,0,4,3
2020-07-16,US,Arkansas,Bradley,87,2,0,33.46755808,-92.15980837,5011.0,808.3248165009755,2.2988505747126435,85,85,2,0,83,82,10897,2,0,0,2,3
2020-07-16,US,Arkansas,Calhoun,5,0,0,33.55598792,-92.49974403,5013.0,96.35767970707263,0.0,5,4,0,0,4,4,5277,1,0,0,1,0
2020-07-16,US,Arkansas,Carroll,251,6,0,36.34038560000001,-93.54270261,5015.0,884.4256518675122,2.3904382470119523,245,239,6,0,233,236,28223,12,0,0,12,3
2020-07-16,US,Arkansas,Chicot,245,3,0,33.26458973,-91.29539209,5017.0,2421.427159517691,1.2244897959183674,242,229,3,0,226,224,10438,16,0,0,16,5
2020-07-16,US,Arkansas,Clark,83,0,0,34.04613432,-93.17484713,5019.0,371.8637992831542,0.0,83,80,0,0,80,76,22061,3,0,0,3,4
2020-07-16,US,Arkansas,Clay,86,3,0,36.36826212,-90.4148172,5021.0,591.0246718438598,3.4883720930232562,83,84,3,0,81,84,14847,2,0,0,2,0
2020-07-16,US,Arkansas,Cleburne,148,4,0,35.53864922,-92.02640019,5023.0,593.9243147798868,2.702702702702702,144,138,4,0,134,137,24965,10,0,0,10,1
2020-07-16,US,Arkansas,Cleveland,40,0,0,33.89723187,-92.18537045,5025.0,502.7652086475616,0.0,40,39,0,0,39,38,8018,1,0,0,1,1
2020-07-16,US,Arkansas,Columbia,119,5,0,33.21230701,-93.22642793,5027.0,507.311250373023,4.201680672268908,114,114,5,0,109,112,23537,5,0,0,5,2
2020-07-16,US,Arkansas,Conway,104,3,0,35.26205537,-92.70506566,5029.0,498.8966708241389,2.8846153846153846,101,103,3,0,100,98,20891,1,0,0,1,5
2020-07-16,US,Arkansas,Craighead,650,7,0,35.83018283,-90.63235729,5031.0,589.130986477178,1.0769230769230769,643,626,7,0,619,610,108558,24,0,0,24,16
2020-07-16,US,Arkansas,Crawford,310,3,0,35.58928601,-94.2446814,5033.0,490.06434070537654,0.967741935483871,307,296,3,0,293,291,63406,14,0,0,14,5
2020-07-16,US,Arkansas,Crittenden,906,14,0,35.21247318,-90.30839406,5035.0,1889.2711917422587,1.5452538631346575,892,893,14,0,879,879,48342,13,0,0,13,14
2020-07-16,US,Arkansas,Cross,107,1,0,35.29631396,-90.77185818,5037.0,651.6840246056397,0.9345794392523364,106,103,1,0,102,102,16676,4,0,0,4,1
2020-07-16,US,Arkansas,Dallas,20,0,0,33.97042763,-92.65167437,5039.0,285.34741047225,0.0,20,14,0,0,14,13,7182,6,0,0,6,1
2020-07-16,US,Arkansas,Desha,89,1,0,33.83011025,-91.25500948,5041.0,783.381744564739,1.1235955056179776,88,86,1,0,85,85,11512,3,0,0,3,1
2020-07-16,US,Arkansas,Drew,102,2,0,33.59035001,-91.71777921,5043.0,559.8550963280094,1.96078431372549,100,98,2,0,96,96,18328,4,0,0,4,2
2020-07-16,US,Arkansas,Faulkner,857,4,0,35.14719007,-92.33717519,5045.0,680.1209456617489,0.4667444574095682,853,830,4,0,826,810,124806,27,0,0,27,20
2020-07-16,US,Arkansas,Franklin,35,1,0,35.51202821,-93.89299569,5047.0,197.57267852102737,2.8571428571428568,34,34,1,0,33,34,17810,1,0,0,1,0
2020-07-16,US,Arkansas,Fulton,18,0,0,36.38177105,-91.81729127,5049.0,144.2654484251022,0.0,18,18,0,0,18,18,12269,0,0,0,0,0
2020-07-16,US,Arkansas,Garland,394,5,0,34.57692074,-93.14921604,5051.0,396.43410540720015,1.269035532994924,389,366,5,0,361,347,99154,28,0,0,28,19
2020-07-16,US,Arkansas,Grant,69,0,0,34.29017991,-92.42320562,5053.0,377.77169449767314,0.0,69,64,0,0,64,62,18188,5,0,0,5,2
2020-07-16,US,Arkansas,Greene,158,0,0,36.11735460000001,-90.55832668,5055.0,348.5934914506343,0.0,158,156,0,0,156,154,45325,2,0,0,2,2
2020-07-16,US,Arkansas,Hempstead,101,1,0,33.73325583,-93.66935133,5057.0,469.06929221623636,0.99009900990099,100,96,1,0,95,96,21741,5,0,0,5,0
2020-07-16,US,Arkansas,Hot Spring,1310,2,0,34.31709259,-92.95396325,5059.0,3879.06783927038,0.15267175572519084,1308,1300,1,0,1299,1294,33701,10,1,0,9,6
2020-07-16,US,Arkansas,Howard,158,1,0,34.09007427,-93.9934871,5061.0,1196.7883653991819,0.6329113924050633,157,157,1,0,156,154,13341,1,0,0,1,3
2020-07-16,US,Arkansas,Independence,93,0,0,35.74242707,-91.57001641,5063.0,245.86913417052213,0.0,93,83,0,0,83,79,37678,10,0,0,10,4
2020-07-16,US,Arkansas,Izard,26,1,0,36.09604046,-91.90847954,5065.0,190.76968229510604,3.8461538461538463,25,26,1,0,25,26,13593,0,0,0,0,0
2020-07-16,US,Arkansas,Jackson,43,0,0,35.59802983,-91.21494602,5067.0,257.1924158143429,0.0,43,43,0,0,43,42,16811,0,0,0,0,1
2020-07-16,US,Arkansas,Jefferson,937,29,0,34.26767081,-91.92619839,5069.0,1402.1908296420447,3.0949839914621133,908,917,29,0,888,900,68114,20,0,0,20,17
2020-07-16,US,Arkansas,Johnson,455,0,0,35.56759135,-93.46036368,5071.0,1711.9422078410714,0.0,455,444,0,0,444,427,26742,11,0,0,11,17
2020-07-16,US,Arkansas,Lafayette,32,2,0,33.24116713,-93.60677071,5073.0,483.0917874396137,6.25,30,32,2,0,30,32,6682,0,0,0,0,0
2020-07-16,US,Arkansas,Lawrence,123,9,0,36.04188196,-91.10867198,5075.0,749.7257101060588,7.317073170731707,114,121,9,0,112,123,16434,2,0,0,2,-2
2020-07-16,US,Arkansas,Lee,854,5,0,34.78498904,-90.78383866,5077.0,9642.091001467763,0.585480093676815,849,851,5,0,846,850,8985,3,0,0,3,1
2020-07-16,US,Arkansas,Lincoln,1105,11,0,33.95317155,-91.74002806,5079.0,8484.33660933661,0.9954751131221721,1094,1052,11,0,1041,1052,13383,53,0,0,53,0
2020-07-16,US,Arkansas,Little River,55,1,0,33.70375665,-94.23468591,5081.0,448.64997144954725,1.818181818181818,54,54,0,0,54,50,12326,1,1,0,0,4
2020-07-16,US,Arkansas,Logan,97,0,0,35.21413234,-93.71951016,5083.0,451.8773874965061,0.0,97,91,0,0,91,89,21737,6,0,0,6,2
2020-07-16,US,Arkansas,Lonoke,234,2,0,34.75392199,-91.88742357,5085.0,319.1968244008238,0.8547008547008547,232,218,2,0,216,213,73657,16,0,0,16,5
2020-07-16,US,Arkansas,Madison,226,1,0,36.01038185,-93.72524943,5087.0,1363.4169884169885,0.4424778761061947,225,223,1,0,222,224,16481,3,0,0,3,-1
2020-07-16,US,Arkansas,Marion,14,0,0,36.26844485,-92.68451899,5089.0,83.86246555648736,0.0,14,14,0,0,14,14,16722,0,0,0,0,0
2020-07-16,US,Arkansas,Miller,304,2,0,33.31403423,-93.89285258,5091.0,702.7764292484453,0.6578947368421053,302,293,2,0,291,291,43592,11,0,0,11,2
2020-07-16,US,Arkansas,Mississippi,375,4,0,35.76271485,-90.05194370000002,5093.0,922.4865316966373,1.0666666666666669,371,357,3,0,354,349,41239,18,1,0,17,8
2020-07-16,US,Arkansas,Monroe,29,0,0,34.6815935,-91.20540287,5095.0,432.7712281748992,0.0,29,26,0,0,26,27,6900,3,0,0,3,-1
2020-07-16,US,Arkansas,Montgomery,12,0,0,34.53704874,-93.65824478,5097.0,133.54106387714222,0.0,12,8,0,0,8,7,8924,4,0,0,4,1
2020-07-16,US,Arkansas,Nevada,114,3,0,33.66340119,-93.30632432,5099.0,1381.4832767813864,2.631578947368421,111,112,3,0,109,112,8326,2,0,0,2,0
2020-07-16,US,Arkansas,Newton,13,0,0,35.91947491,-93.21612969,5101.0,167.67702824713015,0.0,13,13,0,0,13,12,7805,0,0,0,0,1
2020-07-16,US,Arkansas,Ouachita,38,0,0,33.58839816,-92.87795984,5103.0,162.5181763749893,0.0,38,37,0,0,37,37,23606,1,0,0,1,0
2020-07-16,US,Arkansas,Perry,37,0,0,34.945915299999996,-92.94372564,5105.0,353.89765662362504,0.0,37,36,0,0,36,34,10352,1,0,0,1,2
2020-07-16,US,Arkansas,Phillips,193,6,0,34.43268455,-90.84800154,5107.0,1085.3672252839951,3.1088082901554404,187,192,5,0,187,191,18029,1,1,0,0,1
2020-07-16,US,Arkansas,Pike,27,0,0,34.16250414,-93.65789349,5109.0,251.91267027430493,0.0,27,23,0,0,23,20,10673,4,0,0,4,3
2020-07-16,US,Arkansas,Poinsett,82,3,0,35.57433534,-90.66268713,5111.0,348.5209112546753,3.6585365853658534,79,79,3,0,76,78,23974,3,0,0,3,1
2020-07-16,US,Arkansas,Polk,98,0,0,34.48254879,-94.22728802,5113.0,490.8835904628331,0.0,98,94,0,0,94,90,20049,4,0,0,4,4
2020-07-16,US,Arkansas,Pope,769,4,0,35.44871474,-93.03212219,5115.0,1200.212261206143,0.5201560468140443,765,729,4,0,725,719,64000,40,0,0,40,10
2020-07-16,US,Arkansas,Prairie,39,0,0,34.83624419,-91.55162157,5117.0,483.75093029025055,0.0,39,39,0,0,39,38,8074,0,0,0,0,1
2020-07-16,US,Arkansas,Pulaski,3425,67,0,34.77054088,-92.31355101,5119.0,873.9229059658952,1.956204379562044,3358,3298,67,0,3231,3148,392680,127,0,0,127,150
2020-07-16,US,Arkansas,Randolph,87,2,0,36.3415714,-91.02455531,5121.0,484.46374874707647,2.2988505747126435,85,83,2,0,81,80,17948,4,0,0,4,3
2020-07-16,US,Arkansas,Saline,540,3,0,34.64916145,-92.67583224,5125.0,441.04314872138326,0.5555555555555556,537,521,3,0,518,512,121421,19,0,0,19,9
2020-07-16,US,Arkansas,Scott,18,0,0,34.85588887,-94.0632176,5127.0,175.08024511234314,0.0,18,18,0,0,18,17,10319,0,0,0,0,1
2020-07-16,US,Arkansas,Searcy,18,0,0,35.9109364,-92.69936482,5129.0,228.39741149600303,0.0,18,17,0,0,17,18,7958,1,0,0,1,-1
2020-07-16,US,Arkansas,Sebastian,1025,8,0,35.19605503,-94.27162713,5131.0,801.8650206920288,0.7804878048780488,1017,981,8,0,973,929,127753,44,0,0,44,52
2020-07-16,US,Arkansas,Sevier,829,9,0,33.99780401,-94.2424869,5133.0,4874.463456223908,1.0856453558504222,820,822,9,0,813,819,17139,7,0,0,7,3
2020-07-16,US,Arkansas,Sharp,75,5,0,36.16258158,-91.47819342,5135.0,429.99656002751976,6.666666666666668,70,72,5,0,67,69,17366,3,0,0,3,3
2020-07-16,US,Arkansas,St. Francis,931,3,0,35.02201976,-90.74828138,5123.0,3724.893974553893,0.322234156820623,928,926,3,0,923,920,25439,5,0,0,5,6
2020-07-16,US,Arkansas,Stone,24,1,0,35.86251946,-92.15684085,5137.0,191.9078842155765,4.166666666666667,23,23,1,0,22,22,12457,1,0,0,1,1
2020-07-16,US,Arkansas,Unassigned,1020,0,0,0.0,0.0,90005.0,0.0,0.0,1020,1049,0,0,1049,1121,,-29,0,0,-29,-72
2020-07-16,US,Arkansas,Union,287,14,0,33.16887091,-92.59746952,5139.0,741.9471588852698,4.878048780487805,273,284,14,0,270,282,39126,3,0,0,3,2
2020-07-16,US,Arkansas,Van Buren,37,2,0,35.58095779,-92.51295036,5141.0,223.632517376851,5.405405405405406,35,37,2,0,35,37,16603,0,0,0,0,0
2020-07-16,US,Arkansas,Washington,4860,37,0,35.976844,-94.21800746,5143.0,2031.8830036749487,0.7613168724279835,4823,4778,37,0,4741,4721,236961,82,0,0,82,57
2020-07-16,US,Arkansas,White,165,2,0,35.25688493,-91.74908296,5145.0,209.51582796845835,1.2121212121212122,163,157,2,0,155,156,78727,8,0,0,8,1
2020-07-16,US,Arkansas,Woodruff,16,0,0,35.18902527,-91.2439489,5147.0,253.1645569620253,0.0,16,14,0,0,14,14,6490,2,0,0,2,0
2020-07-16,US,Arkansas,Yell,901,10,0,35.00292371,-93.41171338,5149.0,4221.920247411087,1.109877913429523,891,873,8,0,865,863,21535,28,2,0,26,10
2020-07-16,US,California,Alameda,8627,154,0,37.64629437,-121.8929271,6001.0,516.1760491201911,1.7850933116958387,8473,8478,154,0,8324,8321,1666753,149,0,0,149,157
2020-07-16,US,California,Alpine,2,0,0,38.59678594,-119.82235940000001,6003.0,177.14791851195747,0.0,2,2,0,0,2,2,1101,0,0,0,0,0
2020-07-16,US,California,Amador,49,0,0,38.44583082,-120.65696000000001,6005.0,123.26423827731938,0.0,49,48,0,0,48,45,39383,1,0,0,1,3
2020-07-16,US,California,Butte,487,4,0,39.66727762,-121.6005252,6007.0,222.1857235407371,0.8213552361396304,483,437,4,0,433,416,231256,50,0,0,50,21
2020-07-16,US,California,Calaveras,75,0,0,38.20537103,-120.55291299999999,6009.0,163.3808953273064,0.0,75,75,0,0,75,75,45602,0,0,0,0,0
2020-07-16,US,California,Colusa,147,0,0,39.17881957,-122.2331726,6011.0,682.2295447162018,0.0,147,140,0,0,140,135,21627,7,0,0,7,5
2020-07-16,US,California,Contra Costa,5233,93,0,37.91923498,-121.9289527,6013.0,453.65254012480005,1.77718326008026,5140,5140,92,0,5048,5023,1150215,93,1,0,92,117
2020-07-16,US,California,Del Norte,62,0,0,41.74228275,-123.89740630000001,6015.0,222.9253559614555,0.0,62,61,0,0,61,61,27828,1,0,0,1,0
2020-07-16,US,California,El Dorado,381,0,0,38.77965956,-120.5233166,6017.0,197.5700440254508,0.0,381,363,0,0,363,350,190678,18,0,0,18,13
2020-07-16,US,California,Fresno,9124,91,0,36.75733899,-119.6466953,6019.0,913.2209856661136,0.9973695747479177,9033,8941,91,0,8850,8756,994400,183,0,0,183,185
2020-07-16,US,California,Glenn,200,1,0,39.59875897,-122.3938452,6021.0,704.3989715775015,0.5,199,190,1,0,189,183,28047,10,0,0,10,7
2020-07-16,US,California,Humboldt,178,4,0,40.69923009,-123.876044,6023.0,131.3091075406837,2.247191011235955,174,175,4,0,171,167,136373,3,0,0,3,8
2020-07-16,US,California,Imperial,8310,148,0,33.0393082,-115.36690420000001,6025.0,4585.713103219932,1.7809867629362215,8162,8145,148,0,7997,8119,181827,165,0,0,165,26
2020-07-16,US,California,Inyo,38,1,0,36.51112084,-117.41119779999998,6027.0,210.65469261045516,2.631578947368421,37,37,1,0,36,37,17987,1,0,0,1,0
2020-07-16,US,California,Kern,7074,105,0,35.34329425,-118.72777959999999,6029.0,785.8236262527744,1.4843087362171332,6969,6921,98,0,6823,6759,896764,153,7,0,146,162
2020-07-16,US,California,Kings,3172,41,0,36.07409056,-119.8159973,6031.0,2074.0159539688766,1.2925598991172762,3131,3108,41,0,3067,3078,151366,64,0,0,64,30
2020-07-16,US,California,Lake,137,1,0,39.10124298,-122.75362439999999,6033.0,212.77917559717952,0.7299270072992701,136,133,1,0,132,122,64382,4,0,0,4,11
2020-07-16,US,California,Lassen,473,0,0,40.67311306,-120.59350990000002,6035.0,1547.1167369901548,0.0,473,444,0,0,444,441,30802,29,0,0,29,3
2020-07-16,US,California,Los Angeles,147678,3989,0,34.30828379,-118.22824109999999,6037.0,1471.0272537188816,2.7011470902910393,143689,143207,3943,0,139264,140576,10105518,4471,46,0,4425,2631
2020-07-16,US,California,Madera,1054,10,0,37.21513971,-119.76655890000002,6039.0,669.9422222504719,0.9487666034155596,1044,1054,10,0,1044,1003,157672,0,0,0,0,51
2020-07-16,US,California,Marin,4078,41,0,38.07122463,-122.72106310000001,6041.0,1575.5758695030634,1.005394801373222,4037,3947,40,0,3907,3888,259666,131,1,0,130,59
2020-07-16,US,California,Mariposa,35,1,0,37.57978556,-119.9073334,6043.0,203.4528861245132,2.8571428571428568,34,34,1,0,33,34,17471,1,0,0,1,0
2020-07-16,US,California,Mendocino,165,1,0,39.4381191,-123.39113130000001,6045.0,190.2039216590393,0.6060606060606061,164,155,0,0,155,146,87606,10,1,0,9,9
2020-07-16,US,California,Merced,2313,15,0,37.18922369,-120.72090349999999,6047.0,832.9732065687123,0.6485084306095981,2298,2260,15,0,2245,2183,274765,53,0,0,53,77
2020-07-16,US,California,Mono,63,1,0,37.93899289,-118.8872409,6051.0,436.16726668512877,1.5873015873015872,62,54,1,0,53,52,14250,9,0,0,9,2
2020-07-16,US,California,Monterey,2983,18,0,36.21862405,-121.24133970000001,6053.0,687.2305966212123,0.6034193764666443,2965,2913,18,0,2895,2835,435594,70,0,0,70,78
2020-07-16,US,California,Napa,578,4,0,38.50735751,-122.33283899999999,6055.0,419.6190033685678,0.6920415224913494,574,561,4,0,557,530,139417,17,0,0,17,31
2020-07-16,US,California,Nevada,197,1,0,39.30394768,-120.76272809999999,6057.0,197.483835396722,0.5076142131979695,196,185,1,0,184,183,99696,12,0,0,12,2
2020-07-16,US,California,Orange,27904,466,0,33.70147516,-117.76459979999998,6059.0,878.6746321746567,1.6700114678899085,27438,27031,455,0,26576,26120,3185968,873,11,0,862,911
2020-07-16,US,California,Placer,1203,11,0,39.06167234,-120.72405690000001,6061.0,302.0116536832618,0.914380714879468,1192,1167,11,0,1156,1151,393149,36,0,0,36,16
2020-07-16,US,California,Plumas,22,0,0,40.00355989,-120.8395236,6063.0,116.97772106130695,0.0,22,21,0,0,21,20,18804,1,0,0,1,1
2020-07-16,US,California,Riverside,28177,585,0,33.74314981,-115.9933578,6065.0,1140.5171164592764,2.0761614082407642,27592,27371,577,0,26794,26481,2450758,806,8,0,798,890
2020-07-16,US,California,Sacramento,6395,94,0,38.45106826,-121.34253740000001,6067.0,412.0335709103656,1.4698983580922595,6301,6174,92,0,6082,5938,1540975,221,2,0,219,236
2020-07-16,US,California,San Benito,418,2,0,36.60308176,-121.069975,6069.0,665.5203158833269,0.4784688995215311,416,408,2,0,406,398,61537,10,0,0,10,10
2020-07-16,US,California,San Bernardino,21468,310,0,34.84060306,-116.1774685,6071.0,984.7322466784552,1.4440096888392024,21158,21468,310,0,21158,20456,2171603,0,0,0,0,1012
2020-07-16,US,California,San Diego,21855,465,0,33.03484597,-116.73653259999999,6073.0,654.6686516911151,2.127659574468085,21390,21446,448,0,20998,20887,3343364,409,17,0,392,559
2020-07-16,US,California,San Francisco,4860,51,0,37.75215114,-122.43856720000001,6075.0,551.3023099113038,1.0493827160493827,4809,4696,50,0,4646,4640,883305,164,1,0,163,56
2020-07-16,US,California,San Joaquin,7680,81,0,37.93433732,-121.2730061,6077.0,1007.678298703139,1.0546875,7599,7428,73,0,7355,7216,752660,252,8,0,244,212
2020-07-16,US,California,San Luis Obispo,1158,6,0,35.38822029,-120.4039028,6079.0,409.02684812670645,0.5181347150259067,1152,1112,6,0,1106,1078,284010,46,0,0,46,34
2020-07-16,US,California,San Mateo,4333,114,0,37.422880799999994,-122.32755459999998,6081.0,565.2429709890644,2.6309716132010155,4219,4254,114,0,4140,4168,769545,79,0,0,79,86
2020-07-16,US,California,Santa Barbara,4635,32,0,34.65329488,-120.0188492,6083.0,1038.0762330934672,0.6903991370010788,4603,4412,32,0,4380,4323,446527,223,0,0,223,89
2020-07-16,US,California,Santa Clara,7046,176,0,37.23104908,-121.6970462,6085.0,365.48448739841024,2.49787113255748,6870,6951,173,0,6778,6725,1937570,95,3,0,92,226
2020-07-16,US,California,Santa Cruz,706,3,0,37.05580291,-122.0066524,6087.0,258.40644478849845,0.42492917847025496,703,602,3,0,599,600,274255,104,0,0,104,2
2020-07-16,US,California,Shasta,220,6,0,40.76391419,-122.0396884,6089.0,122.16792536650377,2.727272727272727,214,215,6,0,209,203,180040,5,0,0,5,12
2020-07-16,US,California,Sierra,1,0,0,39.57713498,-120.52007009999998,6091.0,33.277870216306155,0.0,1,1,0,0,1,1,2987,0,0,0,0,0
2020-07-16,US,California,Siskiyou,44,0,0,41.59198861,-122.54074340000001,6093.0,101.05882082730429,0.0,44,43,0,0,43,43,43724,1,0,0,1,0
2020-07-16,US,California,Solano,2483,31,0,38.26827353,-121.9357113,6095.0,554.6830845115416,1.2484897301651228,2452,2407,31,0,2376,2313,446610,76,0,0,76,94
2020-07-16,US,California,Sonoma,1979,16,0,38.52746429,-122.88625060000001,6097.0,400.33499482133607,0.8084891359272359,1963,1941,16,0,1925,1886,499942,38,0,0,38,55
2020-07-16,US,California,Stanislaus,5777,61,0,37.55862499,-120.9970722,6099.0,1049.1047107107834,1.0559113726847844,5716,5517,61,0,5456,5356,549815,260,0,0,260,161
2020-07-16,US,California,Sutter,471,4,0,39.03417539,-121.6945899,6101.0,485.7122232420002,0.8492569002123143,467,441,4,0,437,441,96807,30,0,0,30,0
2020-07-16,US,California,Tehama,126,1,0,40.12570935,-122.23701709999999,6103.0,193.5959682871366,0.7936507936507936,125,126,1,0,125,121,63916,0,0,0,0,5
2020-07-16,US,California,Trinity,2,0,0,40.64917670000001,-123.114713,6105.0,16.28001628001628,0.0,2,2,0,0,2,2,12535,0,0,0,0,0
2020-07-16,US,California,Tulare,6480,161,0,36.22026558,-118.8020203,6107.0,1389.976297472088,2.4845679012345685,6319,6332,153,0,6179,6209,465861,148,8,0,140,123
2020-07-16,US,California,Tuolumne,84,0,0,38.02644018,-119.95250929999999,6109.0,154.19068247733028,0.0,84,80,0,0,80,76,54539,4,0,0,4,4
2020-07-16,US,California,Ventura,4968,56,0,34.44465746,-119.09106129999999,6111.0,587.229877802285,1.1272141706924317,4912,4787,56,0,4731,4619,850967,181,0,0,181,168
2020-07-16,US,California,Yolo,1062,30,0,38.68278902,-121.90182879999999,6113.0,481.6326530612245,2.824858757062147,1032,1023,30,0,993,999,220408,39,0,0,39,24
2020-07-16,US,California,Yuba,236,3,0,39.26255932,-121.35356440000001,6115.0,299.99491534041795,1.2711864406779658,233,221,3,0,218,221,78041,15,0,0,15,0
2020-07-16,US,Colorado,Adams,4972,159,0,39.87432092,-104.3362578,8001.0,960.9196379737197,3.197908286403861,4813,4916,159,0,4757,4847,511868,56,0,0,56,69
2020-07-16,US,Colorado,Alamosa,206,7,0,37.57250606,-105.7885451,8003.0,1269.0198977391733,3.3980582524271843,199,204,7,0,197,204,16683,2,0,0,2,0
2020-07-16,US,Colorado,Arapahoe,5854,351,0,39.64977461,-104.3353617,8005.0,891.5761738680153,5.995900239152716,5503,5789,352,0,5437,5734,651215,65,-1,0,66,55
2020-07-16,US,Colorado,Archuleta,15,0,0,37.19474156,-107.0476867,8007.0,106.92137714733765,0.0,15,13,0,0,13,12,13765,2,0,0,2,1
2020-07-16,US,Colorado,Baca,14,0,0,37.31940883,-102.5603223,8009.0,390.9522479754258,0.0,14,14,0,0,14,14,3585,0,0,0,0,0
2020-07-16,US,Colorado,Bent,5,0,0,37.95474293,-103.0720195,8011.0,89.65393580778195,0.0,5,5,0,0,5,4,5882,0,0,0,0,1
2020-07-16,US,Colorado,Boulder,1601,74,0,40.09313619,-105.3546767,8013.0,490.8092067346013,4.62211118051218,1527,1578,74,0,1504,1558,326078,23,0,0,23,20
2020-07-16,US,Colorado,Broomfield,354,30,0,39.95998787,-105.0566324,8014.0,502.3770666288228,8.474576271186441,324,352,30,0,322,348,69267,2,0,0,2,4
2020-07-16,US,Colorado,Chaffee,124,19,0,38.74745778,-106.19265729999998,8015.0,609.157005305561,15.32258064516129,105,123,19,0,104,123,20027,1,0,0,1,0
2020-07-16,US,Colorado,Cheyenne,5,0,0,38.82777431,-102.6032558,8017.0,273.07482250136536,0.0,5,5,0,0,5,5,1876,0,0,0,0,0
2020-07-16,US,Colorado,Clear Creek,23,1,0,39.68864463,-105.6463118,8019.0,237.1134020618557,4.3478260869565215,22,21,1,0,20,21,9605,2,0,0,2,0
2020-07-16,US,Colorado,Conejos,19,0,0,37.201606,-106.19174879999998,8021.0,231.5661182205972,0.0,19,18,0,0,18,18,8200,1,0,0,1,0
2020-07-16,US,Colorado,Costilla,22,0,0,37.27732493,-105.4276548,8023.0,565.9891947517366,0.0,22,22,0,0,22,22,3828,0,0,0,0,0
2020-07-16,US,Colorado,Crowley,71,1,0,38.32608609,-103.7844965,8025.0,1171.4238574492658,1.4084507042253518,70,71,1,0,70,71,5858,0,0,0,0,0
2020-07-16,US,Colorado,Custer,7,0,0,38.10883162,-105.3683478,8027.0,138.12154696132598,0.0,7,7,0,0,7,7,4954,0,0,0,0,0
2020-07-16,US,Colorado,Delta,86,1,0,38.86246243,-107.8631342,8029.0,275.9771516590719,1.162790697674419,85,86,1,0,85,84,30953,0,0,0,0,2
2020-07-16,US,Colorado,Denver,8164,398,0,39.76018276,-104.8725695,8031.0,1122.6452845185236,4.875061244487996,7766,8098,397,0,7701,8011,716492,66,1,0,65,87
2020-07-16,US,Colorado,Douglas,1263,54,0,39.33133796,-104.930001,8035.0,359.671255346657,4.275534441805227,1209,1224,54,0,1170,1201,342776,39,0,0,39,23
2020-07-16,US,Colorado,Eagle,812,9,0,39.62754308,-106.6933637,8037.0,1472.9624322020065,1.1083743842364533,803,795,9,0,786,783,54993,17,0,0,17,12
2020-07-16,US,Colorado,El Paso,3306,118,0,38.83240149,-104.5251411,8041.0,458.9098046510079,3.569267997580157,3188,3216,118,0,3098,3168,713856,90,0,0,90,48
2020-07-16,US,Colorado,Elbert,67,2,0,39.28656773,-104.1358721,8039.0,250.6640727299936,2.985074626865672,65,67,2,0,65,65,26282,0,0,0,0,2
2020-07-16,US,Colorado,Fremont,68,0,0,38.47362326,-105.4399667,8043.0,142.14343945316583,0.0,68,47,0,0,47,46,48021,21,0,0,21,1
2020-07-16,US,Colorado,Garfield,469,4,0,39.59921777,-107.902708,8045.0,780.8727793410034,0.8528784648187633,465,448,4,0,444,441,59770,21,0,0,21,7
2020-07-16,US,Colorado,Gilpin,12,0,0,39.85646523,-105.5252597,8047.0,192.21528111484864,0.0,12,11,0,0,11,8,6121,1,0,0,1,3
2020-07-16,US,Colorado,Grand,32,1,0,40.10603347,-106.1178042,8049.0,203.3812126604805,3.125,31,29,1,0,28,29,15525,3,0,0,3,0
2020-07-16,US,Colorado,Gunnison,193,6,0,38.66611652,-107.0320729,8051.0,1105.2571297674954,3.1088082901554404,187,193,6,0,187,193,17246,0,0,0,0,0
2020-07-16,US,Colorado,Hinsdale,3,0,0,37.82247444,-107.3004345,8053.0,365.8536585365854,0.0,3,3,0,0,3,3,811,0,0,0,0,0
2020-07-16,US,Colorado,Huerfano,5,1,0,37.68473101,-104.9612585,8055.0,72.4952878062926,20.0,4,5,1,0,4,5,6889,0,0,0,0,0
2020-07-16,US,Colorado,Jackson,8,0,0,40.66593870000001,-106.3408905,8057.0,574.7126436781608,0.0,8,8,0,0,8,8,1399,0,0,0,0,0
2020-07-16,US,Colorado,Jefferson,3174,217,0,39.58635604,-105.2517692,8059.0,544.5365349016353,6.8367989918084415,2957,3118,217,0,2901,3089,580233,56,0,0,56,29
2020-07-16,US,Colorado,Kit Carson,36,3,0,39.30497777,-102.6022199,8063.0,507.25658729040435,8.333333333333334,33,36,3,0,33,37,7163,0,0,0,0,-1
2020-07-16,US,Colorado,La Plata,151,1,0,37.28632032,-107.8429014,8067.0,268.58291385781115,0.6622516556291391,150,146,1,0,145,146,56310,5,0,0,5,0
2020-07-16,US,Colorado,Lake,57,0,0,39.20278823,-106.3555697,8065.0,701.3658176448874,0.0,57,56,0,0,56,54,7824,1,0,0,1,2
2020-07-16,US,Colorado,Larimer,1009,30,0,40.66671597,-105.4625784,8069.0,282.71303646129576,2.9732408325074333,979,982,30,0,952,959,350518,27,0,0,27,23
2020-07-16,US,Colorado,Las Animas,11,0,0,37.3153406,-104.0376458,8071.0,75.83069074865574,0.0,11,11,0,0,11,10,14503,0,0,0,0,1
2020-07-16,US,Colorado,Lincoln,4,0,0,38.98749519,-103.5136649,8073.0,70.1631292755657,0.0,4,4,0,0,4,4,5610,0,0,0,0,0
2020-07-16,US,Colorado,Logan,641,5,0,40.7249637,-103.110817,8075.0,2860.457851755991,0.7800312012480499,636,641,5,0,636,641,21528,0,0,0,0,0
2020-07-16,US,Colorado,Mesa,163,0,0,39.01787888,-108.469799,8077.0,105.70001945399132,0.0,163,162,0,0,162,153,153207,1,0,0,1,9
2020-07-16,US,Colorado,Mineral,17,0,0,37.66954283,-106.9281698,8079.0,2210.663198959688,0.0,17,17,0,0,17,17,776,0,0,0,0,0
2020-07-16,US,Colorado,Moffat,16,1,0,40.61810999,-108.2070876,8081.0,120.4547165549951,6.25,15,16,1,0,15,16,13188,0,0,0,0,0
2020-07-16,US,Colorado,Montezuma,85,3,0,37.33859579,-108.5958857,8083.0,324.63812397357066,3.5294117647058822,82,84,3,0,81,81,26158,1,0,0,1,3
2020-07-16,US,Colorado,Montrose,225,12,0,38.40214114,-108.26390220000002,8085.0,526.2173160578137,5.333333333333333,213,222,12,0,210,223,42214,3,0,0,3,-1
2020-07-16,US,Colorado,Morgan,663,46,0,40.26279810000001,-103.8093302,8087.0,2280.8586762075133,6.93815987933635,617,663,46,0,617,661,28558,0,0,0,0,2
2020-07-16,US,Colorado,Otero,24,1,0,37.9014485,-103.7173385,8089.0,131.3053944632892,4.166666666666667,23,23,1,0,22,23,18432,1,0,0,1,0
2020-07-16,US,Colorado,Ouray,12,1,0,38.14717457,-107.7675136,8091.0,242.3263327948304,8.333333333333334,11,12,1,0,11,12,4833,0,0,0,0,0
2020-07-16,US,Colorado,Park,33,0,0,39.120926,-105.7182065,8093.0,175.11276200583708,0.0,33,33,0,0,33,33,18556,0,0,0,0,0
2020-07-16,US,Colorado,Phillips,16,0,0,40.59414277,-102.3577703,8095.0,375.14654161781954,0.0,16,16,0,0,16,16,4286,0,0,0,0,0
2020-07-16,US,Colorado,Pitkin,144,2,0,39.21720112,-106.9310027,8097.0,810.4913603872347,1.3888888888888888,142,140,2,0,138,138,17950,4,0,0,4,2
2020-07-16,US,Colorado,Prowers,42,0,0,37.95544985,-102.3926052,8099.0,345.05422280644103,0.0,42,39,0,0,39,38,12164,3,0,0,3,1
2020-07-16,US,Colorado,Pueblo,469,32,0,38.17359144,-104.5127437,8101.0,278.4638768821546,6.823027718550106,437,458,32,0,426,450,167529,11,0,0,11,8
2020-07-16,US,Colorado,Rio Blanco,6,0,0,39.97913541,-108.2179009,8103.0,94.87666034155598,0.0,6,6,0,0,6,6,6336,0,0,0,0,0
2020-07-16,US,Colorado,Rio Grande,82,2,0,37.5836865,-106.3847838,8105.0,727.7891186651282,2.4390243902439024,80,83,2,0,81,82,11250,-1,0,0,-1,1
2020-07-16,US,Colorado,Routt,86,6,0,40.48596505,-106.9905548,8107.0,335.43958187066073,6.9767441860465125,80,86,6,0,80,84,25733,0,0,0,0,2
2020-07-16,US,Colorado,Saguache,104,2,0,38.08054629,-106.282466,8109.0,1524.0328253223913,1.9230769230769231,102,103,2,0,101,103,6843,1,0,0,1,0
2020-07-16,US,Colorado,San Juan,2,0,0,37.76248981,-107.67632890000002,8111.0,274.72527472527474,0.0,2,2,0,0,2,2,762,0,0,0,0,0
2020-07-16,US,Colorado,San Miguel,60,0,0,38.00450883,-108.4020725,8113.0,733.5860129600197,0.0,60,57,0,0,57,50,8191,3,0,0,3,7
2020-07-16,US,Colorado,Sedgwick,4,0,0,40.87595412,-102.3519227,8115.0,177.93594306049823,0.0,4,3,0,0,3,2,2303,1,0,0,1,1
2020-07-16,US,Colorado,Summit,298,4,0,39.63803232,-106.1150762,8117.0,960.9493405565767,1.342281879194631,294,294,4,0,290,293,31007,4,0,0,4,1
2020-07-16,US,Colorado,Teller,66,2,0,38.88133511,-105.1614893,8119.0,259.9653379549393,3.0303030303030303,64,65,2,0,63,65,25083,1,0,0,1,0
2020-07-16,US,Colorado,Washington,46,0,0,39.97015535,-103.202587,8121.0,937.2453137734312,0.0,46,46,0,0,46,46,4909,0,0,0,0,0
2020-07-16,US,Colorado,Weld,3127,139,0,40.55499405,-104.3929621,8123.0,963.6601210507499,4.445155100735528,2988,3090,138,0,2952,3047,314305,37,1,0,36,43
2020-07-16,US,Colorado,Yuma,55,0,0,40.00346839,-102.4258673,8125.0,548.9569817347042,0.0,55,55,0,0,55,54,10020,0,0,0,0,1
2020-07-16,US,Connecticut,Fairfield,17027,1391,0,41.26809896,-73.3881171,9001.0,1804.9848833708602,8.16937804663182,15636,16993,1387,0,15606,16960,943823,34,4,0,30,33
2020-07-16,US,Connecticut,Hartford,12016,1402,0,41.80283011,-72.73103891,9003.0,1347.5081864262324,11.667776298268974,10614,11980,1398,0,10582,11950,892697,36,4,0,32,30
2020-07-16,US,Connecticut,Litchfield,1520,138,0,41.7937534,-73.2451475,9005.0,842.8851069965009,9.078947368421053,1382,1517,138,0,1379,1512,181111,3,0,0,3,5
2020-07-16,US,Connecticut,Middlesex,1351,189,0,41.45949668,-72.53714864,9007.0,831.7121820286144,13.989637305699482,1162,1346,188,0,1158,1341,162682,5,1,0,4,5
2020-07-16,US,Connecticut,New Haven,12686,1088,0,41.408032500000004,-72.93620426,9009.0,1484.1645052336512,8.576383414787955,11598,12643,1088,0,11555,12617,857620,43,0,0,43,26
2020-07-16,US,Connecticut,New London,1345,102,0,41.48896435,-72.10430976,9011.0,507.1529301750337,7.58364312267658,1243,1339,102,0,1237,1334,266784,6,0,0,6,5
2020-07-16,US,Connecticut,Tolland,937,65,0,41.85853803,-72.3308481,9013.0,621.6784655091195,6.937033084311633,872,937,65,0,872,935,150921,0,0,0,0,2
2020-07-16,US,Connecticut,Unassigned,226,0,0,0.0,0.0,90009.0,0.0,0.0,226,242,0,0,242,243,,-16,0,0,-16,-1
2020-07-16,US,Connecticut,Windham,642,14,0,41.82972709,-71.98182316,9015.0,549.742254799541,2.1806853582554515,628,639,14,0,625,638,117027,3,0,0,3,1
2020-07-16,US,Delaware,Kent,1887,85,0,39.08646628,-75.56884914,10001.0,1043.775513590654,4.504504504504505,1802,1876,85,0,1791,1865,178550,11,0,0,11,11
2020-07-16,US,Delaware,New Castle,5935,249,0,39.57992638,-75.64054974,10003.0,1062.1866907202286,4.195450716090986,5686,5904,249,0,5655,5860,559335,31,0,0,31,44
2020-07-16,US,Delaware,Sussex,5171,178,0,38.66143781,-75.39031349,10005.0,2207.706265343153,3.4422742216205764,4993,5153,178,0,4975,5130,229286,18,0,0,18,23
2020-07-16,US,Delaware,Unassigned,121,9,0,0.0,0.0,90010.0,0.0,7.43801652892562,112,117,9,0,108,114,,4,0,0,4,3
2020-07-16,US,District of Columbia,District of Columbia,11076,574,0,38.90417773,-77.01655992,11001.0,1569.3964851526534,5.182376309136872,10502,11026,571,0,10455,10946,702455,50,3,0,47,80
2020-07-16,US,Florida,Alachua,2397,12,0,29.67866525,-82.35928158,12001.0,890.9356496916852,0.5006257822277848,2385,2322,12,0,2310,2258,269956,75,0,0,75,64
2020-07-16,US,Florida,Baker,202,4,0,30.33060121,-82.28467476,12003.0,691.5439917836358,1.98019801980198,198,187,4,0,183,180,28355,15,0,0,15,7
2020-07-16,US,Florida,Bay,1602,8,0,30.26548745,-85.62122584,12005.0,916.9743281531723,0.4993757802746567,1594,1523,8,0,1515,1430,185287,79,0,0,79,93
2020-07-16,US,Florida,Bradford,173,2,0,29.95079741,-82.16611613,12007.0,613.4534236374598,1.1560693641618498,171,161,2,0,159,145,27732,12,0,0,12,16
2020-07-16,US,Florida,Brevard,3804,44,0,28.29409504,-80.73091022,12009.0,631.9545736964691,1.1566771819137749,3760,3722,40,0,3682,3632,596849,82,4,0,78,90
2020-07-16,US,Florida,Broward,35566,464,0,26.15184651,-80.48725556,12011.0,1821.3027799370948,1.3046167688241581,35102,34153,464,0,33689,32814,1951260,1413,0,0,1413,1339
2020-07-16,US,Florida,Calhoun,198,7,0,30.40666734,-85.19394153,12013.0,1403.757532789791,3.5353535353535355,191,184,7,0,177,172,14587,14,0,0,14,12
2020-07-16,US,Florida,Charlotte,1313,80,0,26.90131002,-81.92949121,12015.0,695.0399661214335,6.092916984006092,1233,1281,80,0,1201,1212,184998,32,0,0,32,69
2020-07-16,US,Florida,Citrus,702,17,0,28.84804315,-82.47614748,12017.0,469.072612707725,2.421652421652422,685,665,17,0,648,618,147929,37,0,0,37,47
2020-07-16,US,Florida,Clay,1791,42,0,29.98319144,-81.85609986,12019.0,816.8682611789177,2.345058626465661,1749,1641,42,0,1599,1602,216072,150,0,0,150,39
2020-07-16,US,Florida,Collier,7076,100,0,26.11091986,-81.34687065,12021.0,1838.3900317483408,1.4132278123233466,6976,6872,99,0,6773,6731,378488,204,1,0,203,141
2020-07-16,US,Florida,Columbia,1087,4,0,30.22509788,-82.62160164,12023.0,1516.3351281979749,0.3679852805887765,1083,929,4,0,925,624,70503,158,0,0,158,305
2020-07-16,US,Florida,DeSoto,1015,13,0,27.18677893,-81.80941373,12027.0,2670.9823425699324,1.2807881773399017,1002,997,12,0,985,951,37489,18,1,0,17,46
2020-07-16,US,Florida,Dixie,146,4,0,29.60631086,-83.15724673,12029.0,867.7047426601688,2.7397260273972597,142,135,4,0,131,125,16700,11,0,0,11,10
2020-07-16,US,Florida,Duval,14992,89,0,30.33225875,-81.66976468,12031.0,1565.32724966197,0.593649946638207,14903,14152,89,0,14063,13724,950181,840,0,0,840,428
2020-07-16,US,Florida,Escambia,5054,56,0,30.67652764,-87.37284571,12033.0,1587.7304313952172,1.10803324099723,4998,4745,55,0,4690,4483,315534,309,1,0,308,262
2020-07-16,US,Florida,Flagler,575,7,0,29.45933576,-81.31508595,12035.0,499.64807396529403,1.2173913043478262,568,557,6,0,551,529,112067,18,1,0,17,28
2020-07-16,US,Florida,Franklin,48,0,0,29.83791238,-84.82731662,12037.0,395.8762886597938,0.0,48,47,0,0,47,45,11736,1,0,0,1,2
2020-07-16,US,Florida,Gadsden,721,9,0,30.57796289,-84.61915825,12039.0,1579.0626368812964,1.2482662968099858,712,687,9,0,678,624,45894,34,0,0,34,63
2020-07-16,US,Florida,Gilchrist,176,0,0,29.72856978,-82.79880657,12041.0,947.1531589710472,0.0,176,169,0,0,169,156,18256,7,0,0,7,13
2020-07-16,US,Florida,Glades,215,1,0,26.95635849,-81.18996211,12043.0,1556.7301426399247,0.4651162790697674,214,213,1,0,212,209,13724,2,0,0,2,4
2020-07-16,US,Florida,Gulf,118,0,0,29.93543004,-85.24270990000002,12045.0,865.1660678935408,0.0,118,109,0,0,109,101,16164,9,0,0,9,8
2020-07-16,US,Florida,Hamilton,469,2,0,30.49673973,-82.94998918,12047.0,3250.6237870806763,0.4264392324093816,467,444,2,0,442,439,14310,25,0,0,25,5
2020-07-16,US,Florida,Hardee,649,4,0,27.49293939,-81.80956574,12049.0,2409.325463117645,0.6163328197226502,645,633,4,0,629,613,27245,16,0,0,16,20
2020-07-16,US,Florida,Hendry,1310,30,0,26.55386945,-81.16469006,12051.0,3117.41468754462,2.2900763358778624,1280,1288,30,0,1258,1267,41556,22,0,0,22,21
2020-07-16,US,Florida,Hernando,1016,13,0,28.55364461,-82.42700204,12053.0,523.927392739274,1.279527559055118,1003,987,10,0,977,946,190865,29,3,0,26,41
2020-07-16,US,Florida,Highlands,656,13,0,27.34254618,-81.34071957,12055.0,617.5803278071191,1.9817073170731707,643,627,13,0,614,590,105424,29,0,0,29,37
2020-07-16,US,Florida,Hillsborough,21557,232,0,27.9276559,-82.32013172,12057.0,1464.5019456944715,1.0762165421904717,21325,21018,192,0,20826,20508,1436888,539,40,0,499,510
2020-07-16,US,Florida,Holmes,265,1,0,30.86747479,-85.81319222,12059.0,1350.8691441097008,0.37735849056603776,264,258,1,0,257,234,19477,7,0,0,7,24
2020-07-16,US,Florida,Indian River,1431,22,0,27.69308961,-80.60556721,12061.0,894.8056252071309,1.5373864430468205,1409,1386,22,0,1364,1337,157413,45,0,0,45,49
2020-07-16,US,Florida,Jackson,682,6,0,30.795459700000002,-85.21500423,12063.0,1469.3842375145432,0.8797653958944281,676,675,5,0,670,652,48305,7,1,0,6,23
2020-07-16,US,Florida,Jefferson,102,4,0,30.43669112,-83.89442308,12065.0,715.9904534606205,3.92156862745098,98,100,4,0,96,93,14288,2,0,0,2,7
2020-07-16,US,Florida,Lafayette,67,0,0,29.98484137,-83.18166636,12067.0,795.5355022559962,0.0,67,64,0,0,64,61,8732,3,0,0,3,3
2020-07-16,US,Florida,Lake,3009,34,0,28.76202069,-81.7125123,12069.0,819.6274767241051,1.1299435028248588,2975,2882,28,0,2854,2783,356495,127,6,0,121,99
2020-07-16,US,Florida,Lee,11721,206,0,26.58410348,-81.88399313,12071.0,1521.0679789300746,1.7575292210562241,11515,10849,206,0,10643,10631,754610,872,0,0,872,218
2020-07-16,US,Florida,Leon,2709,10,0,30.45955727,-84.27491114,12073.0,922.7404949894748,0.36913990402362495,2699,2606,10,0,2596,2520,292502,103,0,0,103,86
2020-07-16,US,Florida,Levy,311,2,0,29.31829741,-82.74007147,12075.0,749.3434209575212,0.6430868167202572,309,296,2,0,294,282,40770,15,0,0,15,14
2020-07-16,US,Florida,Liberty,284,1,0,30.23766008,-84.8829258,12077.0,3399.5690687096003,0.35211267605633795,283,281,1,0,280,276,8457,3,0,0,3,5
2020-07-16,US,Florida,Madison,415,4,0,30.44396917,-83.47398594,12079.0,2244.092359271076,0.9638554216867471,411,402,4,0,398,382,18529,13,0,0,13,20
2020-07-16,US,Florida,Manatee,5914,143,0,27.47196942,-82.31831044,12081.0,1466.5730943105198,2.4179912073047007,5771,5564,139,0,5425,5419,394855,350,4,0,346,145
2020-07-16,US,Florida,Marion,2057,18,0,29.21227113,-82.05803627,12083.0,562.6690811014856,0.8750607681088964,2039,1938,17,0,1921,1774,359977,119,1,0,118,164
2020-07-16,US,Florida,Martin,2985,46,0,27.0772071,-80.43109784,12085.0,1854.0372670807453,1.5410385259631492,2939,2935,43,0,2892,2900,160912,50,3,0,47,35
2020-07-16,US,Florida,Miami-Dade,75425,1246,0,25.6112362,-80.55170587,12086.0,2776.101054863192,1.651972157772622,74179,72317,1202,0,71115,69803,2761581,3108,44,0,3064,2514
2020-07-16,US,Florida,Monroe,715,6,0,25.20904673,-81.07812416,12087.0,963.248369887374,0.8391608391608392,709,670,6,0,664,641,75027,45,0,0,45,29
2020-07-16,US,Florida,Nassau,626,3,0,30.61037141,-81.80297522,12089.0,706.3469675599437,0.4792332268370607,623,600,3,0,597,570,85832,26,0,0,26,30
2020-07-16,US,Florida,Okaloosa,1623,12,0,30.69143028,-86.59267105,12091.0,770.1506135580673,0.7393715341959335,1611,1532,10,0,1522,1445,207269,91,2,0,89,87
2020-07-16,US,Florida,Okeechobee,597,2,0,27.386336199999995,-80.88944347,12093.0,1415.7655093910073,0.33500837520938026,595,586,2,0,584,581,41537,11,0,0,11,5
2020-07-16,US,Florida,Orange,21299,102,0,28.51367621,-81.31799498,12095.0,1528.5061846407339,0.4788957228038875,21197,19909,94,0,19815,19377,1380645,1390,8,0,1382,532
2020-07-16,US,Florida,Osceola,5270,37,0,28.06312234,-81.14882926,12097.0,1402.5245441795232,0.7020872865275142,5233,4751,37,0,4714,4575,367990,519,0,0,519,176
2020-07-16,US,Florida,Palm Beach,23711,638,0,26.64676272,-80.46536002,12099.0,1584.144524542849,2.6907342583610983,23073,22788,634,0,22154,22279,1485941,923,4,0,919,509
2020-07-16,US,Florida,Pasco,4489,40,0,28.30810945,-82.40227529,12101.0,810.3663346854484,0.8910670527957228,4449,4363,36,0,4327,4189,539630,126,4,0,122,174
2020-07-16,US,Florida,Pinellas,12368,295,0,27.93130349,-82.72239666,12103.0,1268.5180246893324,2.3851875808538163,12073,12080,278,0,11802,11754,975280,288,17,0,271,326
2020-07-16,US,Florida,Polk,8498,159,0,27.95027105,-81.69732947,12105.0,1172.498575423889,1.8710284772887735,8339,8206,155,0,8051,7881,708009,292,4,0,288,325
2020-07-16,US,Florida,Putnam,871,7,0,29.60779729,-81.74230285,12107.0,1168.7980569235515,0.8036739380022963,864,855,7,0,848,835,74163,16,0,0,16,20
2020-07-16,US,Florida,Santa Rosa,1663,12,0,30.69341450000001,-87.02458128,12113.0,902.2695089331737,0.7215874924834637,1651,1523,11,0,1512,1412,179349,140,1,0,139,111
2020-07-16,US,Florida,Sarasota,3724,100,0,27.18546175,-82.33174248,12115.0,858.5749131972462,2.6852846401718584,3624,3447,100,0,3347,3334,426718,277,0,0,277,113
2020-07-16,US,Florida,Seminole,4842,31,0,28.7158582,-81.24060348,12117.0,1026.2257696693273,0.6402313093762908,4811,4665,28,0,4637,4536,467832,177,3,0,174,129
2020-07-16,US,Florida,St. Johns,2178,14,0,29.90096506,-81.43589967,12109.0,822.9053318824809,0.6427915518824611,2164,2079,13,0,2066,2019,254261,99,1,0,98,60
2020-07-16,US,Florida,St. Lucie,3301,72,0,27.37763908,-80.47106649,12111.0,1005.4919783001367,2.181157225083308,3229,3209,70,0,3139,3134,321128,92,2,0,90,75
2020-07-16,US,Florida,Sumter,757,19,0,28.70181754,-82.0794267,12119.0,571.6659114937321,2.509907529722589,738,721,18,0,703,681,128754,36,1,0,35,40
2020-07-16,US,Florida,Suwannee,835,22,0,30.19746066,-82.99099670000003,12121.0,1879.9108449467547,2.634730538922156,813,788,23,0,765,761,44191,47,-1,0,48,27
2020-07-16,US,Florida,Taylor,185,1,0,30.04848048,-83.60445406,12123.0,857.7124576939128,0.5405405405405406,184,158,1,0,157,149,21623,27,0,0,27,9
2020-07-16,US,Florida,Unassigned,372,0,0,0.0,0.0,90012.0,0.0,0.0,372,332,0,0,332,328,,40,0,0,40,4
2020-07-16,US,Florida,Union,133,2,0,30.04412971,-82.37497443,12125.0,872.8752379077246,1.5037593984962403,131,123,2,0,121,120,14940,10,0,0,10,3
2020-07-16,US,Florida,Volusia,4572,79,0,29.05858895,-81.18263252,12127.0,826.3387338148219,1.7279090113735782,4493,4355,79,0,4276,4163,547538,217,0,0,217,192
2020-07-16,US,Florida,Wakulla,223,1,0,30.16548905,-84.39895211,12129.0,660.9561634903228,0.4484304932735426,222,206,1,0,205,164,32461,17,0,0,17,42
2020-07-16,US,Florida,Walton,693,10,0,30.64204028,-86.16935664,12131.0,935.588826936318,1.443001443001443,683,649,10,0,639,622,71375,44,0,0,44,27
2020-07-16,US,Florida,Washington,225,13,0,30.61359259,-85.66002461,12133.0,883.2881874926393,5.777777777777778,212,214,13,0,201,204,24880,11,0,0,11,10
2020-07-16,US,Georgia,Appling,389,15,0,31.74847232,-82.28909114,13001.0,2115.7402371369517,3.8560411311053984,374,376,15,0,361,370,18507,13,0,0,13,6
2020-07-16,US,Georgia,Atkinson,218,2,0,31.29633502,-82.87545866,13003.0,2669.932639314146,0.9174311926605504,216,210,2,0,208,205,8297,8,0,0,8,5
2020-07-16,US,Georgia,Bacon,324,5,0,31.55456473,-82.45936528,13005.0,2902.185596560373,1.5432098765432098,319,317,5,0,312,314,11185,7,0,0,7,3
2020-07-16,US,Georgia,Baker,45,3,0,31.32669878,-84.44218806,13007.0,1481.2376563528635,6.666666666666668,42,45,3,0,42,44,3092,0,0,0,0,1
2020-07-16,US,Georgia,Baldwin,715,35,0,33.06882326,-83.24701748,13009.0,1592.7823568723547,4.895104895104895,680,701,35,0,666,681,44823,14,0,0,14,20
2020-07-16,US,Georgia,Banks,170,3,0,34.35607081,-83.49644388,13011.0,883.8515129458252,1.7647058823529411,167,166,3,0,163,160,18988,4,0,0,4,6
2020-07-16,US,Georgia,Barrow,705,29,0,33.99148694,-83.71436292,13013.0,846.9485824123018,4.113475177304965,676,681,28,0,653,660,80809,24,1,0,23,21
2020-07-16,US,Georgia,Bartow,1089,46,0,34.23732119,-84.83887523,13015.0,1010.7854238987172,4.224058769513315,1043,1058,45,0,1013,1013,106408,31,1,0,30,45
2020-07-16,US,Georgia,Ben Hill,254,1,0,31.76095874,-83.22145359,13017.0,1520.9580838323354,0.3937007874015748,253,244,1,0,243,232,16787,10,0,0,10,12
2020-07-16,US,Georgia,Berrien,191,0,0,31.27590016,-83.22529920000002,13019.0,984.688353869155,0.0,191,186,0,0,186,183,19252,5,0,0,5,3
2020-07-16,US,Georgia,Bibb,2015,43,0,32.80904227,-83.70489165,13021.0,1315.6262446216024,2.133995037220844,1972,1972,43,0,1929,1895,153095,43,0,0,43,77
2020-07-16,US,Georgia,Bleckley,102,1,0,32.43829035,-83.33035166,13023.0,792.3560941505476,0.9803921568627452,101,100,1,0,99,91,12838,2,0,0,2,9
2020-07-16,US,Georgia,Brantley,161,3,0,31.19576557,-81.97743999,13025.0,842.5349311842588,1.8633540372670807,158,152,3,0,149,147,18897,9,0,0,9,5
2020-07-16,US,Georgia,Brooks,244,12,0,30.83922642,-83.58303423,13027.0,1578.572814905868,4.918032786885246,232,238,12,0,226,234,15513,6,0,0,6,4
2020-07-16,US,Georgia,Bryan,315,5,0,32.00979311,-81.44002948,13029.0,794.912559618442,1.5873015873015872,310,300,5,0,295,280,38109,15,0,0,15,20
2020-07-16,US,Georgia,Bulloch,723,6,0,32.39577406,-81.74811421,13031.0,908.2001808863432,0.8298755186721992,717,699,6,0,693,684,77296,24,0,0,24,15
2020-07-16,US,Georgia,Burke,240,7,0,33.05917989,-81.99928721,13033.0,1072.2423267658494,2.9166666666666665,233,232,7,0,225,215,22423,8,0,0,8,17
2020-07-16,US,Georgia,Butts,355,35,0,33.283094500000004,-83.95435040000002,13035.0,1423.6445299967918,9.859154929577462,320,352,35,0,317,349,24193,3,0,0,3,3
2020-07-16,US,Georgia,Calhoun,171,6,0,31.53169785,-84.62725131,13037.0,2762.966553562773,3.5087719298245608,165,170,6,0,164,167,6352,1,0,0,1,3
2020-07-16,US,Georgia,Camden,326,2,0,30.92951916,-81.66601818,13039.0,596.3487359601946,0.6134969325153374,324,320,2,0,318,305,53677,6,0,0,6,15
2020-07-16,US,Georgia,Candler,111,0,0,32.40209349,-82.07702563,13043.0,1027.4923632324355,0.0,111,103,0,0,103,99,10836,8,0,0,8,4
2020-07-16,US,Georgia,Carroll,1200,40,0,33.58138199,-85.07976677,13045.0,1000.0666711114076,3.333333333333333,1160,1145,40,0,1105,1108,118121,55,0,0,55,37
2020-07-16,US,Georgia,Catoosa,375,8,0,34.89872298,-85.13757014,13047.0,554.8978987866233,2.1333333333333333,367,371,8,0,363,364,67420,4,0,0,4,7
2020-07-16,US,Georgia,Charlton,149,2,0,30.78371028,-82.13951596,13049.0,1112.604540023895,1.342281879194631,147,147,2,0,145,132,12968,2,0,0,2,15
2020-07-16,US,Georgia,Chatham,2991,39,0,32.00043026,-81.12489526,13051.0,1033.410496493107,1.3039117352056169,2952,2907,39,0,2868,2816,289195,84,0,0,84,91
2020-07-16,US,Georgia,Chattahoochee,492,1,0,32.34341231,-84.78809239,13053.0,4510.864582378289,0.2032520325203252,491,490,1,0,489,484,10684,2,0,0,2,6
2020-07-16,US,Georgia,Chattooga,88,2,0,34.47197698,-85.34535662,13055.0,354.99616765500826,2.272727272727273,86,84,2,0,82,81,24790,4,0,0,4,3
2020-07-16,US,Georgia,Cherokee,1927,48,0,34.24393976,-84.47431861,13057.0,744.6681067963043,2.4909185262065385,1879,1868,48,0,1820,1828,254149,59,0,0,59,40
2020-07-16,US,Georgia,Clarke,1087,15,0,33.95436462,-83.37124007,13059.0,847.028387529124,1.3799448022079115,1072,1045,15,0,1030,1007,127330,42,0,0,42,38
2020-07-16,US,Georgia,Clay,65,2,0,31.62221166,-84.97713865,13061.0,2293.577981651376,3.0769230769230766,63,64,2,0,62,63,2887,1,0,0,1,1
2020-07-16,US,Georgia,Clayton,3132,84,0,33.54187245,-84.35594188,13063.0,1071.6631993868386,2.681992337164751,3048,3060,84,0,2976,2984,289615,72,0,0,72,76
2020-07-16,US,Georgia,Clinch,125,4,0,30.91395822,-82.70432472,13065.0,1888.7881535207007,3.2,121,124,4,0,120,123,6648,1,0,0,1,1
2020-07-16,US,Georgia,Cobb,7713,258,0,33.94243204,-84.5761255,13067.0,1014.6801711787683,3.3450019447685726,7455,7571,256,0,7315,7388,756865,142,2,0,140,183
2020-07-16,US,Georgia,Coffee,993,17,0,31.54892966,-82.85492059999999,13069.0,2294.7334365539714,1.7119838872104731,976,967,17,0,950,954,43093,26,0,0,26,13
2020-07-16,US,Georgia,Colquitt,1338,20,0,31.18810588,-83.7677946,13071.0,2934.2105263157896,1.4947683109118086,1318,1306,20,0,1286,1278,45592,32,0,0,32,28
2020-07-16,US,Georgia,Columbia,1057,13,0,33.54534185,-82.263524,13073.0,674.4770728843625,1.2298959318826868,1044,1044,12,0,1032,980,154291,13,1,0,12,64
2020-07-16,US,Georgia,Cook,271,4,0,31.16068491,-83.42947229,13075.0,1569.195136074117,1.4760147601476017,267,262,4,0,258,249,17162,9,0,0,9,13
2020-07-16,US,Georgia,Coweta,938,16,0,33.35334302,-84.76129976,13077.0,631.6115521618217,1.7057569296375266,922,927,16,0,911,914,145864,11,0,0,11,13
2020-07-16,US,Georgia,Crawford,59,0,0,32.71391813,-83.98061238,13079.0,475.65301515640124,0.0,59,56,0,0,56,56,12318,3,0,0,3,0
2020-07-16,US,Georgia,Crisp,324,13,0,31.92289565,-83.76811843,13081.0,1448.2388700160916,4.012345679012347,311,322,13,0,309,312,22601,2,0,0,2,10
2020-07-16,US,Georgia,Dade,82,1,0,34.854916700000004,-85.50490424,13083.0,508.8111193844626,1.2195121951219512,81,79,1,0,78,79,16226,3,0,0,3,0
2020-07-16,US,Georgia,Dawson,191,3,0,34.44244079,-84.16964071,13085.0,731.5765282671978,1.5706806282722514,188,187,3,0,184,184,25083,4,0,0,4,3
2020-07-16,US,Georgia,DeKalb,9165,186,0,33.76944049,-84.22396017,13089.0,1207.0375623767775,2.0294599018003274,8979,8980,186,0,8794,8784,756558,185,0,0,185,196
2020-07-16,US,Georgia,Decatur,343,8,0,30.87967778,-84.57619536,13087.0,1299.0455991516435,2.332361516034985,335,337,8,0,329,324,26575,6,0,0,6,13
2020-07-16,US,Georgia,Dodge,161,2,0,32.17265114,-83.16948926,13091.0,781.3637466634312,1.2422360248447204,159,155,2,0,153,146,20705,6,0,0,6,9
2020-07-16,US,Georgia,Dooly,225,13,0,32.15630737,-83.79746561,13093.0,1680.3584764749814,5.777777777777778,212,225,13,0,212,224,13706,0,0,0,0,1
2020-07-16,US,Georgia,Dougherty,2219,156,0,31.53328528,-84.21722377,13095.0,2522.8523352585385,7.030193780982424,2063,2195,156,0,2039,2182,91243,24,0,0,24,13
2020-07-16,US,Georgia,Douglas,1576,40,0,33.70291126,-84.77026156,13097.0,1076.9220256520641,2.538071065989848,1536,1545,40,0,1505,1499,145331,31,0,0,31,46
2020-07-16,US,Georgia,Early,326,31,0,31.32155345,-84.90255207,13099.0,3199.2149165848878,9.509202453987731,295,325,31,0,294,313,10247,1,0,0,1,12
2020-07-16,US,Georgia,Echols,205,0,0,30.71101099,-82.89687287,13101.0,5117.3240139790305,0.0,205,199,0,0,199,199,4000,6,0,0,6,0
2020-07-16,US,Georgia,Effingham,373,1,0,32.36616021,-81.34280942,13103.0,580.1294015179793,0.2680965147453083,372,360,1,0,359,354,62190,13,0,0,13,6
2020-07-16,US,Georgia,Elbert,209,0,0,34.11302332,-82.83936148,13105.0,1088.8819422736274,0.0,209,197,0,0,197,191,19120,12,0,0,12,6
2020-07-16,US,Georgia,Emanuel,230,3,0,32.59221302,-82.30239915,13107.0,1015.6318996732317,1.3043478260869563,227,226,3,0,223,218,22612,4,0,0,4,8
2020-07-16,US,Georgia,Evans,78,0,0,32.15328841,-81.8870105,13109.0,732.119391777736,0.0,78,68,0,0,68,65,10721,10,0,0,10,3
2020-07-16,US,Georgia,Fannin,157,2,0,34.86430205,-84.316964,13111.0,599.5112265159615,1.2738853503184713,155,137,1,0,136,133,25964,20,1,0,19,4
2020-07-16,US,Georgia,Fayette,584,20,0,33.41357794,-84.49089434,13113.0,510.3958189493188,3.4246575342465757,564,565,20,0,545,549,113459,19,0,0,19,16
2020-07-16,US,Georgia,Floyd,810,15,0,34.26268279,-85.21577392,13115.0,822.3517228776219,1.851851851851852,795,784,15,0,769,755,97927,26,0,0,26,29
2020-07-16,US,Georgia,Forsyth,1280,16,0,34.22604035,-84.12315129999998,13117.0,524.0489330691254,1.25,1264,1257,15,0,1242,1223,236612,23,1,0,22,34
2020-07-16,US,Georgia,Franklin,278,2,0,34.37525597,-83.23159927,13119.0,1190.6291489999574,0.7194244604316546,276,272,1,0,271,270,23023,6,1,0,5,2
2020-07-16,US,Georgia,Fulton,12184,333,0,33.79216944,-84.46319413,13121.0,1145.1805887002706,2.7330925804333552,11851,11746,331,0,11415,11354,1050114,438,2,0,436,392
2020-07-16,US,Georgia,Gilmer,322,2,0,34.69316688,-84.45802506,13123.0,1026.4911218081545,0.6211180124223602,320,311,2,0,309,262,30816,11,0,0,11,49
2020-07-16,US,Georgia,Glascock,15,0,0,33.22879932,-82.61297636,13125.0,504.88051161225184,0.0,15,15,0,0,15,15,2995,0,0,0,0,0
2020-07-16,US,Georgia,Glynn,1695,10,0,31.23279254,-81.53811412,13127.0,1987.2907189419875,0.5899705014749262,1685,1653,10,0,1643,1622,85219,42,0,0,42,31
2020-07-16,US,Georgia,Gordon,627,18,0,34.50487351,-84.87296253,13129.0,1081.7245484188188,2.8708133971291865,609,598,18,0,580,563,57685,29,0,0,29,35
2020-07-16,US,Georgia,Grady,268,4,0,30.87454847,-84.23418364,13131.0,1087.9714204522388,1.492537313432836,264,258,4,0,254,257,24748,10,0,0,10,1
2020-07-16,US,Georgia,Greene,154,10,0,33.5769205,-83.17139104,13133.0,840.4278541803099,6.493506493506493,144,136,10,0,126,123,17698,18,0,0,18,13
2020-07-16,US,Georgia,Gwinnett,12489,191,0,33.96044201,-84.02137802,13135.0,1333.9385847797062,1.5293458243254063,12298,12217,189,0,12028,11882,927781,272,2,0,270,335
2020-07-16,US,Georgia,Habersham,821,41,0,34.63331566,-83.53094677,13137.0,1811.242499117544,4.993909866017052,780,813,41,0,772,785,45388,8,0,0,8,28
2020-07-16,US,Georgia,Hall,4130,65,0,34.32207823,-83.81896936,13139.0,2020.142730665571,1.5738498789346247,4065,4012,65,0,3947,3928,202148,118,0,0,118,84
2020-07-16,US,Georgia,Hancock,238,33,0,33.2721566,-82.99766919,13141.0,2814.236726971739,13.865546218487394,205,237,33,0,204,236,8348,1,0,0,1,1
2020-07-16,US,Georgia,Haralson,124,5,0,33.79602175,-85.21005667,13143.0,416.21911922663804,4.032258064516129,119,120,5,0,115,114,29533,4,0,0,4,6
2020-07-16,US,Georgia,Harris,481,13,0,32.73709786,-84.90538572,13145.0,1365.0811669883076,2.702702702702702,468,477,13,0,464,465,34475,4,0,0,4,12
2020-07-16,US,Georgia,Hart,131,0,0,34.34626973,-82.96567682,13147.0,499.9045983590918,0.0,131,125,0,0,125,121,26099,6,0,0,6,4
2020-07-16,US,Georgia,Heard,90,3,0,33.29686567,-85.12886832,13149.0,754.8435796359978,3.333333333333333,87,90,3,0,87,85,11879,0,0,0,0,5
2020-07-16,US,Georgia,Henry,1976,34,0,33.4533428,-84.14814659999998,13151.0,842.4247850239383,1.720647773279352,1942,1932,34,0,1898,1851,230220,44,0,0,44,81
2020-07-16,US,Georgia,Houston,1108,33,0,32.45802497,-83.66879087,13153.0,701.8744100897612,2.9783393501805056,1075,1060,32,0,1028,1017,155469,48,1,0,47,43
2020-07-16,US,Georgia,Irwin,109,1,0,31.60213036,-83.27501387,13155.0,1157.6040781648258,0.9174311926605504,108,107,1,0,106,107,9398,2,0,0,2,0
2020-07-16,US,Georgia,Jackson,569,12,0,34.13794553,-83.56814788,13157.0,779.6977129780615,2.10896309314587,557,559,12,0,547,548,70422,10,0,0,10,11
2020-07-16,US,Georgia,Jasper,96,1,0,33.31535543,-83.68844964,13159.0,675.1529643434841,1.0416666666666667,95,92,1,0,91,89,14040,4,0,0,4,3
2020-07-16,US,Georgia,Jeff Davis,180,3,0,31.80405727,-82.63724870000001,13161.0,1190.8699966920278,1.6666666666666667,177,175,3,0,172,171,15029,5,0,0,5,4
2020-07-16,US,Georgia,Jefferson,251,2,0,33.05867328,-82.41609057,13163.0,1633.9018356984768,0.796812749003984,249,246,2,0,244,229,15430,5,0,0,5,17
2020-07-16,US,Georgia,Jenkins,171,14,0,32.79248718,-81.96040187,13165.0,1970.954356846473,8.187134502923977,157,169,14,0,155,144,8683,2,0,0,2,25
2020-07-16,US,Georgia,Johnson,144,2,0,32.70211082,-82.66166794,13167.0,1493.3112102042933,1.3888888888888888,142,141,2,0,139,132,9708,3,0,0,3,9
2020-07-16,US,Georgia,Jones,156,1,0,33.02512137,-83.56019163,13169.0,542.8919436227598,0.6410256410256411,155,152,1,0,151,147,28616,4,0,0,4,5
2020-07-16,US,Georgia,Lamar,157,6,0,33.07841647,-84.14263877,13171.0,822.9805524977722,3.8216560509554136,151,154,6,0,148,152,19000,3,0,0,3,2
2020-07-16,US,Georgia,Lanier,172,3,0,31.03828570000001,-83.06472457,13173.0,1650.1966804183053,1.7441860465116281,169,172,3,0,169,168,10340,0,0,0,0,4
2020-07-16,US,Georgia,Laurens,422,1,0,32.46325233,-82.92221316,13175.0,887.5615193707147,0.23696682464454974,421,412,1,0,411,384,47325,10,0,0,10,28
2020-07-16,US,Georgia,Lee,439,22,0,31.779330600000005,-84.14324253,13177.0,1463.7236596425714,5.0113895216400905,417,436,22,0,414,432,29764,3,0,0,3,4
2020-07-16,US,Georgia,Liberty,315,2,0,31.82588896,-81.49251135,13179.0,512.737039147066,0.6349206349206349,313,302,2,0,300,281,61497,13,0,0,13,21
2020-07-16,US,Georgia,Lincoln,78,2,0,33.79201475,-82.45024131,13181.0,984.7241509910364,2.5641025641025643,76,76,2,0,74,69,7915,2,0,0,2,7
2020-07-16,US,Georgia,Long,78,1,0,31.75218791,-81.74952375,13183.0,398.7933943453142,1.2820512820512822,77,75,1,0,74,73,18998,3,0,0,3,2
2020-07-16,US,Georgia,Lowndes,2064,18,0,30.83568832,-83.27056716,13185.0,1758.0021463979695,0.8720930232558141,2046,1997,18,0,1979,1955,116321,67,0,0,67,42
2020-07-16,US,Georgia,Lumpkin,189,4,0,34.57286511,-84.00425681,13187.0,562.3326390955073,2.1164021164021163,185,188,4,0,184,182,32955,1,0,0,1,6
2020-07-16,US,Georgia,Macon,147,10,0,32.35207048,-84.04234127,13193.0,1135.3981617363095,6.802721088435375,137,146,10,0,136,140,13143,1,0,0,1,6
2020-07-16,US,Georgia,Madison,206,4,0,34.12920917,-83.21218732,13195.0,689.4243641231592,1.9417475728155342,202,192,4,0,188,184,29650,14,0,0,14,8
2020-07-16,US,Georgia,Marion,105,3,0,32.3483402,-84.52733571,13197.0,1256.1311161622205,2.8571428571428568,102,105,3,0,102,101,8351,0,0,0,0,4
2020-07-16,US,Georgia,McDuffie,175,8,0,33.47851918,-82.48252774,13189.0,821.1336336336336,4.571428571428571,167,175,8,0,167,165,21531,0,0,0,0,10
2020-07-16,US,Georgia,McIntosh,93,1,0,31.49683595,-81.40163426,13191.0,646.8215328974823,1.075268817204301,92,92,1,0,91,85,14340,1,0,0,1,7
2020-07-16,US,Georgia,Meriwether,266,3,0,33.04163534,-84.68859732,13199.0,1256.6731232579014,1.1278195488721805,263,262,3,0,259,259,21068,4,0,0,4,3
2020-07-16,US,Georgia,Miller,63,0,0,31.16568912,-84.73151117,13201.0,1101.7838405036723,0.0,63,61,0,0,61,61,5686,2,0,0,2,0
2020-07-16,US,Georgia,Mitchell,513,41,0,31.22483255,-84.19381821,13205.0,2346.430041622833,7.992202729044834,472,506,41,0,465,501,22192,7,0,0,7,5
2020-07-16,US,Georgia,Monroe,273,20,0,33.014289,-83.92097166,13207.0,989.9195010515629,7.326007326007326,253,261,20,0,241,240,27520,12,0,0,12,21
2020-07-16,US,Georgia,Montgomery,68,0,0,32.17201038,-82.53527476,13209.0,741.3868294810292,0.0,68,65,0,0,65,63,9193,3,0,0,3,2
2020-07-16,US,Georgia,Morgan,94,0,0,33.59232073,-83.49129491,13211.0,487.6530400498029,0.0,94,91,0,0,91,88,18853,3,0,0,3,3
2020-07-16,US,Georgia,Murray,336,2,0,34.78897608,-84.74993177,13213.0,837.9888268156427,0.5952380952380952,334,326,2,0,324,313,39921,10,0,0,10,13
2020-07-16,US,Georgia,Muscogee,3142,64,0,32.50931999,-84.87142262,13215.0,1604.9527759757673,2.0369191597708465,3078,3061,64,0,2997,2976,194160,81,0,0,81,85
2020-07-16,US,Georgia,Newton,1043,18,0,33.55514538,-83.84547140000002,13217.0,933.3834478808708,1.725790987535954,1025,1010,16,0,994,975,109541,33,2,0,31,35
2020-07-16,US,Georgia,Oconee,264,14,0,33.83749973,-83.43679568,13219.0,655.4121151936445,5.303030303030303,250,257,14,0,243,252,39272,7,0,0,7,5
2020-07-16,US,Georgia,Oglethorpe,125,7,0,33.878629600000004,-83.08278123,13221.0,819.1886755357492,5.6,118,122,7,0,115,111,15054,3,0,0,3,11
2020-07-16,US,Georgia,Out of GA,10427,61,0,0.0,0.0,80013.0,0.0,0.5850196604967872,10366,9687,61,0,9626,9384,,740,0,0,740,303
2020-07-16,US,Georgia,Paulding,932,16,0,33.91969522,-84.86848792,13223.0,552.5680779286997,1.7167381974248928,916,912,16,0,896,892,164044,20,0,0,20,20
2020-07-16,US,Georgia,Peach,175,10,0,32.56934316,-83.82937,13225.0,635.3009511362811,5.7142857142857135,165,170,10,0,160,159,27297,5,0,0,5,11
2020-07-16,US,Georgia,Pickens,134,5,0,34.46589159,-84.46406611,13227.0,411.156454235832,3.7313432835820897,129,130,5,0,125,122,31980,4,0,0,4,8
2020-07-16,US,Georgia,Pierce,291,5,0,31.35928155,-82.21598442,13229.0,1494.9910095042385,1.718213058419244,286,278,5,0,273,269,19389,13,0,0,13,9
2020-07-16,US,Georgia,Pike,128,3,0,33.09310242,-84.38790389,13231.0,675.0342790844848,2.34375,125,124,3,0,121,119,18634,4,0,0,4,5
2020-07-16,US,Georgia,Polk,386,1,0,34.00267074,-85.18677781,13233.0,905.8268603477812,0.2590673575129533,385,372,1,0,371,334,42470,14,0,0,14,38
2020-07-16,US,Georgia,Pulaski,63,2,0,32.23334561,-83.47549959999998,13235.0,565.6819610307982,3.1746031746031744,61,61,2,0,59,61,11069,2,0,0,2,0
2020-07-16,US,Georgia,Putnam,253,12,0,33.32056115,-83.37552891,13237.0,1143.8130114381302,4.743083003952568,241,229,12,0,217,225,21809,24,0,0,24,4
2020-07-16,US,Georgia,Quitman,23,1,0,31.86728114,-85.01773177,13239.0,1000.4349717268376,4.3478260869565215,22,23,1,0,22,22,2279,0,0,0,0,1
2020-07-16,US,Georgia,Rabun,101,3,0,34.88389445,-83.40304637,13241.0,589.3680340783101,2.9702970297029703,98,97,3,0,94,86,16867,4,0,0,4,11
2020-07-16,US,Georgia,Randolph,220,25,0,31.76622818,-84.75732369,13243.0,3245.795219828858,11.363636363636365,195,214,25,0,189,212,6833,6,0,0,6,2
2020-07-16,US,Georgia,Richmond,1979,62,0,33.35777107,-82.07026432,13245.0,977.1970886538479,3.1328954017180397,1917,1922,62,0,1860,1830,201554,57,0,0,57,92
2020-07-16,US,Georgia,Rockdale,783,11,0,33.65145002,-84.02202167,13247.0,861.424045062489,1.40485312899106,772,756,11,0,745,743,90594,27,0,0,27,13
2020-07-16,US,Georgia,Schley,37,1,0,32.2654021,-84.31258912,13249.0,703.8234734639528,2.702702702702702,36,37,1,0,36,34,5236,0,0,0,0,3
2020-07-16,US,Georgia,Screven,130,8,0,32.74976524,-81.60779441,13251.0,930.8320206215094,6.153846153846153,122,123,8,0,115,121,13938,7,0,0,7,2
2020-07-16,US,Georgia,Seminole,63,2,0,30.93464824,-84.86823924,13253.0,778.7391841779976,3.1746031746031744,61,61,2,0,59,57,8315,2,0,0,2,4
2020-07-16,US,Georgia,Spalding,615,33,0,33.26310031,-84.28013991,13255.0,921.9975113563107,5.365853658536587,582,601,33,0,568,590,66100,14,0,0,14,11
2020-07-16,US,Georgia,Stephens,379,6,0,34.55151201,-83.29405315,13257.0,1461.9093539054966,1.5831134564643798,373,375,6,0,369,333,26035,4,0,0,4,42
2020-07-16,US,Georgia,Stewart,233,4,0,32.07996777,-84.83208037,13259.0,3519.105875245431,1.7167381974248928,229,233,4,0,229,225,6199,0,0,0,0,8
2020-07-16,US,Georgia,Sumter,649,52,0,32.03650571,-84.19821492,13261.0,2198.2116244411327,8.012326656394452,597,642,52,0,590,637,29733,7,0,0,7,5
2020-07-16,US,Georgia,Talbot,101,3,0,32.69642758,-84.53351366,13263.0,1630.3470540758676,2.9702970297029703,98,97,3,0,94,96,6272,4,0,0,4,1
2020-07-16,US,Georgia,Taliaferro,2,0,0,33.56543317,-82.88136816,13265.0,130.1236174365647,0.0,2,6,0,0,6,6,1608,-4,0,0,-4,0
2020-07-16,US,Georgia,Tattnall,220,0,0,32.04785085,-82.05539188,13267.0,870.0466661393657,0.0,220,210,0,0,210,206,25391,10,0,0,10,4
2020-07-16,US,Georgia,Taylor,47,2,0,32.55792548,-84.25077141,13269.0,586.0349127182045,4.25531914893617,45,47,2,0,45,39,8039,0,0,0,0,8
2020-07-16,US,Georgia,Telfair,197,3,0,31.92829517,-82.93491155,13271.0,1242.1185372005045,1.5228426395939083,194,193,3,0,190,188,15876,4,0,0,4,5
2020-07-16,US,Georgia,Terrell,259,29,0,31.77527543,-84.44069698,13273.0,3035.9864025319425,11.196911196911195,230,252,29,0,223,249,8611,7,0,0,7,3
2020-07-16,US,Georgia,Thomas,657,33,0,30.86392347,-83.91847289,13275.0,1478.031990281433,5.0228310502283104,624,620,33,0,587,609,44448,37,0,0,37,11
2020-07-16,US,Georgia,Tift,1062,29,0,31.45743864,-83.5236119,13277.0,2612.931798051373,2.7306967984934087,1033,1013,29,0,984,999,40571,49,0,0,49,14
2020-07-16,US,Georgia,Toombs,363,5,0,32.12059861,-82.32957247,13279.0,1352.9631010063365,1.3774104683195592,358,354,5,0,349,342,26887,9,0,0,9,12
2020-07-16,US,Georgia,Towns,75,1,0,34.91369188,-83.74107459999998,13281.0,623.0788402425852,1.3333333333333333,74,71,1,0,70,70,11852,4,0,0,4,1
2020-07-16,US,Georgia,Treutlen,52,2,0,32.40422134,-82.56904553,13283.0,753.5139834806549,3.8461538461538463,50,51,2,0,49,52,6809,1,0,0,1,-1
2020-07-16,US,Georgia,Troup,1815,39,0,33.03349196,-85.02812115,13285.0,2595.749549498012,2.1487603305785123,1776,1802,39,0,1763,1767,70034,13,0,0,13,35
2020-07-16,US,Georgia,Turner,207,18,0,31.71612656,-83.62069378,13287.0,2592.3606762680024,8.695652173913043,189,206,18,0,188,190,7912,1,0,0,1,16
2020-07-16,US,Georgia,Twiggs,50,1,0,32.67435595,-83.43078662,13289.0,615.7635467980298,2.0,49,48,1,0,47,45,8188,2,0,0,2,3
2020-07-16,US,Georgia,Unassigned,1322,1,0,0.0,0.0,90013.0,0.0,0.07564296520423601,1321,1664,3,0,1661,1571,,-342,-2,0,-340,93
2020-07-16,US,Georgia,Union,127,4,0,34.82995757,-83.98967069,13291.0,518.1347150259069,3.1496062992125986,123,123,4,0,119,120,24001,4,0,0,4,3
2020-07-16,US,Georgia,Upson,397,45,0,32.87920671,-84.30024826,13293.0,1508.3586626139816,11.335012594458439,352,393,45,0,348,393,26215,4,0,0,4,0
2020-07-16,US,Georgia,Walker,392,14,0,34.73376362,-85.30165174,13295.0,561.9185504794941,3.571428571428572,378,389,14,0,375,384,69410,3,0,0,3,5
2020-07-16,US,Georgia,Walton,602,32,0,33.78017694,-83.73552314,13297.0,636.4107280665588,5.3156146179402,570,591,32,0,559,574,93503,11,0,0,11,17
2020-07-16,US,Georgia,Ware,761,17,0,31.05449097,-82.42224148,13299.0,2129.6244473050874,2.2339027595269383,744,734,17,0,717,703,35680,27,0,0,27,31
2020-07-16,US,Georgia,Warren,37,0,0,33.41146451,-82.67795848,13301.0,704.2253521126761,0.0,37,36,0,0,36,34,5251,1,0,0,1,2
2020-07-16,US,Georgia,Washington,208,1,0,32.96711864,-82.79357039,13303.0,1020.9090016687936,0.4807692307692308,207,205,1,0,204,198,20386,3,0,0,3,7
2020-07-16,US,Georgia,Wayne,216,0,0,31.5521809,-81.91894878,13305.0,721.7562735990912,0.0,216,204,0,0,204,192,29808,12,0,0,12,12
2020-07-16,US,Georgia,Webster,34,2,0,32.04066113,-84.54742852,13307.0,1304.1810510164944,5.882352941176472,32,34,2,0,32,33,2611,0,0,0,0,1
2020-07-16,US,Georgia,Wheeler,69,0,0,32.12009104,-82.72574721,13309.0,878.4213876511778,0.0,69,66,0,0,66,62,7879,3,0,0,3,4
2020-07-16,US,Georgia,White,195,5,0,34.64624278,-83.74905525,13311.0,633.1579972725501,2.5641025641025643,190,190,5,0,185,180,29970,5,0,0,5,10
2020-07-16,US,Georgia,Whitfield,2017,18,0,34.80987459,-84.96093476,13313.0,1927.7822380242385,0.8924144769459593,1999,1978,17,0,1961,1869,104062,39,1,0,38,109
2020-07-16,US,Georgia,Wilcox,144,15,0,31.97496928,-83.43438555,13315.0,1667.6317313259988,10.416666666666666,129,144,15,0,129,138,8812,0,0,0,0,6
2020-07-16,US,Georgia,Wilkes,130,3,0,33.78290391,-82.74286107,13317.0,1329.6512222563158,2.3076923076923075,127,124,3,0,121,122,9876,6,0,0,6,2
2020-07-16,US,Georgia,Wilkinson,127,9,0,32.80291082,-83.17140684,13319.0,1418.3605092696002,7.086614173228346,118,126,9,0,117,122,9036,1,0,0,1,4
2020-07-16,US,Georgia,Worth,366,22,0,31.55162306,-83.85090513,13321.0,1807.6752111423914,6.0109289617486334,344,360,22,0,338,357,20299,6,0,0,6,3
2020-07-16,US,Hawaii,Hawaii,107,0,0,19.60121157,-155.5210167,15001.0,53.0983112752031,0.0,107,107,0,0,107,105,200983,0,0,0,0,2
2020-07-16,US,Hawaii,Honolulu,1002,15,0,21.45803166,-157.97121819999995,15003.0,102.8153131198291,1.497005988023952,987,986,15,0,971,960,980080,16,0,0,16,26
2020-07-16,US,Hawaii,Kauai,43,0,0,22.03935037,-159.5966786,15007.0,59.480170970910045,0.0,43,43,0,0,43,43,72133,0,0,0,0,0
2020-07-16,US,Hawaii,Maui,135,6,0,20.86399628,-156.56890969999995,15009.0,80.63697235047815,4.4444444444444455,129,135,6,0,129,135,167207,0,0,0,0,0
2020-07-16,US,Hawaii,Out of HI,21,1,0,0.0,0.0,80015.0,0.0,4.761904761904762,20,21,1,0,20,21,,0,0,0,0,0
2020-07-16,US,Hawaii,Unassigned,3,0,0,0.0,0.0,90015.0,0.0,0.0,3,,,,,,,,,,,
2020-07-16,US,Idaho,Ada,5132,30,0,43.4526575,-116.24155159999998,16001.0,1065.6433832308596,0.5845674201091192,5102,4836,28,0,4808,4541,469966,296,2,0,294,295
2020-07-16,US,Idaho,Adams,13,0,0,44.89333571,-116.4545247,16003.0,302.74802049371215,0.0,13,12,0,0,12,12,4250,1,0,0,1,0
2020-07-16,US,Idaho,Bannock,176,1,0,42.67002716,-112.2233311,16005.0,200.43731778425646,0.5681818181818182,175,163,1,0,162,158,87138,13,0,0,13,5
2020-07-16,US,Idaho,Bear Lake,2,0,0,42.28269683,-111.32892379999998,16007.0,32.6530612244898,0.0,2,2,0,0,2,2,6050,0,0,0,0,0
2020-07-16,US,Idaho,Benewah,34,0,0,47.21754179,-116.6586851,16009.0,365.6700365670037,0.0,34,29,0,0,29,29,9226,5,0,0,5,0
2020-07-16,US,Idaho,Bingham,102,1,0,43.21672879999999,-112.3978437,16011.0,217.8975027237188,0.9803921568627452,101,95,1,0,94,91,46236,7,0,0,7,4
2020-07-16,US,Idaho,Blaine,555,5,0,43.4085812,-113.9752658,16013.0,2410.8422744450722,0.9009009009009008,550,554,5,0,549,551,22601,1,0,0,1,3
2020-07-16,US,Idaho,Boise,13,0,0,43.98829931,-115.7309284,16015.0,166.00689567105096,0.0,13,12,0,0,12,11,7634,1,0,0,1,1
2020-07-16,US,Idaho,Bonner,88,0,0,48.29996017,-116.6017932,16017.0,192.395985920112,0.0,88,78,0,0,78,76,44727,10,0,0,10,2
2020-07-16,US,Idaho,Bonneville,252,1,0,43.38713372,-111.6161537,16019.0,211.6544321445969,0.3968253968253968,251,234,1,0,233,225,116854,18,0,0,18,9
2020-07-16,US,Idaho,Boundary,8,0,0,48.76684761,-116.4630179,16021.0,65.3327888934259,0.0,8,10,0,0,10,10,11948,-2,0,0,-2,0
2020-07-16,US,Idaho,Camas,1,0,0,43.46665742,-114.8065892,16025.0,90.41591320072331,0.0,1,1,0,0,1,1,1127,0,0,0,0,0
2020-07-16,US,Idaho,Canyon,2730,16,0,43.61970148,-116.70954990000001,16027.0,1187.7362964380964,0.5860805860805861,2714,2555,15,0,2540,2281,223499,175,1,0,174,274
2020-07-16,US,Idaho,Caribou,20,0,0,42.77149116,-111.5597683,16029.0,279.5248078266946,0.0,20,19,0,0,19,19,7060,1,0,0,1,0
2020-07-16,US,Idaho,Cassia,342,1,0,42.28347888,-113.6012409,16031.0,1423.2209737827716,0.29239766081871343,341,341,1,0,340,339,23864,1,0,0,1,2
2020-07-16,US,Idaho,Clearwater,7,0,0,46.67459924,-115.6622393,16035.0,79.945180447693,0.0,7,7,0,0,7,7,8758,0,0,0,0,0
2020-07-16,US,Idaho,Custer,6,0,0,44.24186819,-114.2855494,16037.0,139.04982618771726,0.0,6,6,0,0,6,6,4280,0,0,0,0,0
2020-07-16,US,Idaho,Elmore,112,2,0,43.3507101,-115.4701578,16039.0,407.1098833193995,1.7857142857142858,110,108,2,0,106,105,27259,4,0,0,4,3
2020-07-16,US,Idaho,Franklin,34,0,0,42.18332217,-111.81496659999999,16041.0,245.0273854136639,0.0,34,33,0,0,33,33,13726,1,0,0,1,0
2020-07-16,US,Idaho,Fremont,16,0,0,44.22800938,-111.48099429999999,16043.0,122.14672875792046,0.0,16,15,0,0,15,12,13168,1,0,0,1,3
2020-07-16,US,Idaho,Gem,85,0,0,44.06482372,-116.398376,16045.0,469.30212014134287,0.0,85,75,0,0,75,69,17634,10,0,0,10,6
2020-07-16,US,Idaho,Gooding,93,1,0,42.96927962,-114.81083059999999,16047.0,612.6885829106003,1.075268817204301,92,92,1,0,91,87,15196,1,0,0,1,5
2020-07-16,US,Idaho,Idaho,14,0,0,45.84721541,-115.4634436,16049.0,83.99832003359933,0.0,14,13,0,0,13,13,16513,1,0,0,1,0
2020-07-16,US,Idaho,Jefferson,37,0,0,43.82078483,-112.3131749,16051.0,123.86595694821064,0.0,37,36,0,0,36,34,29439,1,0,0,1,2
2020-07-16,US,Idaho,Jerome,337,6,0,42.68891267,-114.2655033,16053.0,1380.4686219891855,1.7804154302670625,331,326,6,0,320,315,24015,11,0,0,11,11
2020-07-16,US,Idaho,Kootenai,864,1,0,47.67282258,-116.7020872,16055.0,521.4337012740123,0.11574074074074076,863,793,1,0,792,747,161505,71,0,0,71,46
2020-07-16,US,Idaho,Latah,38,0,0,46.81587887,-116.71136979999999,16057.0,94.74419068515007,0.0,38,38,0,0,38,36,40134,0,0,0,0,2
2020-07-16,US,Idaho,Lemhi,4,0,0,44.9438088,-113.9309747,16059.0,49.83181761554754,0.0,4,4,0,0,4,4,7961,0,0,0,0,0
2020-07-16,US,Idaho,Lewis,1,0,0,46.23315327,-116.434146,16061.0,26.055237102657642,0.0,1,1,0,0,1,1,3861,0,0,0,0,0
2020-07-16,US,Idaho,Lincoln,43,0,0,43.0012336,-114.1358773,16063.0,801.3417815877748,0.0,43,43,0,0,43,43,5360,0,0,0,0,0
2020-07-16,US,Idaho,Madison,84,0,0,43.78141028,-111.65384740000002,16065.0,210.48938782669708,0.0,84,81,0,0,81,75,39304,3,0,0,3,6
2020-07-16,US,Idaho,Minidoka,288,0,0,42.85518524,-113.6357257,16067.0,1368.8863539141596,0.0,288,286,0,0,286,281,20825,2,0,0,2,5
2020-07-16,US,Idaho,Nez Perce,116,19,0,46.32638236,-116.75009750000001,16069.0,287.0718669570382,16.379310344827587,97,116,19,0,97,116,40408,0,0,0,0,0
2020-07-16,US,Idaho,Oneida,7,0,0,42.19494279999999,-112.5407838,16071.0,154.4912822776429,0.0,7,7,0,0,7,7,4488,0,0,0,0,0
2020-07-16,US,Idaho,Owyhee,118,0,0,42.58016894,-116.16938710000001,16073.0,998.0546392624544,0.0,118,107,0,0,107,101,11693,11,0,0,11,6
2020-07-16,US,Idaho,Payette,221,2,0,44.00545243,-116.7647695,16075.0,922.7172143125548,0.9049773755656108,219,212,2,0,210,198,23551,9,0,0,9,14
2020-07-16,US,Idaho,Power,21,0,0,42.69254894,-112.83957420000002,16077.0,273.40190079416743,0.0,21,20,0,0,20,20,7768,1,0,0,1,0
2020-07-16,US,Idaho,Shoshone,17,0,0,47.35364087,-115.89167490000001,16079.0,131.9670858562335,0.0,17,13,0,0,13,9,12796,4,0,0,4,4
2020-07-16,US,Idaho,Teton,39,0,0,43.75303583,-111.2056773,16081.0,321.19914346895075,0.0,39,38,0,0,38,35,11640,1,0,0,1,3
2020-07-16,US,Idaho,Twin Falls,894,25,0,42.35440512,-114.6685381,16083.0,1029.0292133796818,2.796420581655481,869,874,25,0,849,861,86081,20,0,0,20,13
2020-07-16,US,Idaho,Valley,32,1,0,44.76728382,-115.5676773,16085.0,280.8988764044944,3.125,31,28,0,0,28,26,11041,4,1,0,3,2
2020-07-16,US,Idaho,Washington,138,2,0,44.45275475,-116.78476880000001,16087.0,1353.737492642731,1.4492753623188406,136,135,2,0,133,132,10161,3,0,0,3,3
2020-07-16,US,Illinois,Adams,223,1,0,39.98815591,-91.18786813,17001.0,340.7962099793688,0.4484304932735426,222,208,1,0,207,204,65691,15,0,0,15,4
2020-07-16,US,Illinois,Alexander,27,0,0,37.18049267,-89.32910838,17003.0,468.6686339177226,0.0,27,26,0,0,26,25,6060,1,0,0,1,1
2020-07-16,US,Illinois,Bond,23,2,0,38.88829622,-89.43534887,17005.0,140.02191647388287,8.695652173913043,21,21,1,0,20,22,16630,2,1,0,1,-1
2020-07-16,US,Illinois,Boone,645,21,0,42.32359279,-88.82345779,17007.0,1204.616763783057,3.255813953488372,624,641,21,0,620,640,53577,4,0,0,4,1
2020-07-16,US,Illinois,Brown,10,0,0,39.96209138,-90.75068024,17009.0,152.02189115232594,0.0,10,10,0,0,10,10,6556,0,0,0,0,0
2020-07-16,US,Illinois,Bureau,47,2,0,41.40385234,-89.5283051,17011.0,144.04805688365818,4.25531914893617,45,44,2,0,42,43,32993,3,0,0,3,1
2020-07-16,US,Illinois,Calhoun,2,0,0,39.16840183,-90.66330078,17013.0,42.202996412745314,0.0,2,2,0,0,2,2,4802,0,0,0,0,0
2020-07-16,US,Illinois,Carroll,21,2,0,42.06823429,-89.93395545,17015.0,146.8018175463125,9.523809523809524,19,21,2,0,19,21,14312,0,0,0,0,0
2020-07-16,US,Illinois,Cass,141,10,0,39.96991073,-90.24734436,17017.0,1160.7804396147196,7.092198581560282,131,140,10,0,130,140,12260,1,0,0,1,0
2020-07-16,US,Illinois,Champaign,1121,17,0,40.13919438,-88.20046615,17019.0,534.601242792898,1.5165031222123104,1104,1089,17,0,1072,1057,209983,32,0,0,32,32
2020-07-16,US,Illinois,Christian,53,4,0,39.54581621,-89.27780482,17021.0,164.06636948984647,7.547169811320754,49,53,4,0,49,52,32661,0,0,0,0,1
2020-07-16,US,Illinois,Clark,45,0,0,39.33425789,-87.78705622,17023.0,291.4319020788809,0.0,45,45,0,0,45,41,15596,0,0,0,0,4
2020-07-16,US,Illinois,Clay,8,0,0,38.75388572,-88.48914513,17025.0,60.67961165048544,0.0,8,8,0,0,8,8,13253,0,0,0,0,0
2020-07-16,US,Illinois,Clinton,260,16,0,38.60704876,-89.42385254,17027.0,692.1889143283107,6.153846153846153,244,256,17,0,239,252,37639,4,-1,0,5,4
2020-07-16,US,Illinois,Coles,212,17,0,39.51949084,-88.22358557,17029.0,418.7985223523834,8.018867924528301,195,209,17,0,192,202,50885,3,0,0,3,7
2020-07-16,US,Illinois,Cook,97214,4750,0,41.84144849,-87.81658794,17031.0,1887.5650868611187,4.8861275124982,92464,96662,4745,0,91917,96186,5180493,552,5,0,547,476
2020-07-16,US,Illinois,Crawford,21,0,0,39.0032229,-87.75954624,17033.0,112.49799110730166,0.0,21,20,0,0,20,20,18807,1,0,0,1,0
2020-07-16,US,Illinois,Cumberland,31,1,0,39.27432424,-88.2401158,17035.0,287.94352591491736,3.2258064516129035,30,31,0,0,31,30,10808,0,1,0,-1,1
2020-07-16,US,Illinois,De Witt,18,0,0,40.17514519,-88.90959682,17039.0,115.10423327791278,0.0,18,18,0,0,18,18,15769,0,0,0,0,0
2020-07-16,US,Illinois,DeKalb,684,22,0,41.89373302,-88.76958483,17037.0,652.068219300838,3.2163742690058483,662,665,22,0,643,657,104143,19,0,0,19,8
2020-07-16,US,Illinois,Douglas,66,0,0,39.76768052,-88.21854195,17041.0,339.0701258669406,0.0,66,62,0,0,62,61,19479,4,0,0,4,1
2020-07-16,US,Illinois,DuPage,9917,494,0,41.85116968,-88.08642662,17043.0,1074.5231715390594,4.981345164868409,9423,9867,492,0,9375,9810,928589,50,2,0,48,57
2020-07-16,US,Illinois,Edgar,20,0,0,39.6809186,-87.74759563,17045.0,116.54332498106173,0.0,20,20,0,0,20,23,17360,0,0,0,0,-3
2020-07-16,US,Illinois,Edwards,5,0,0,38.41353228,-88.05720863,17047.0,78.18608287724786,0.0,5,5,0,0,5,5,6392,0,0,0,0,0
2020-07-16,US,Illinois,Effingham,35,2,0,39.05935711,-88.58969584,17049.0,102.91696071512585,5.7142857142857135,33,35,1,0,34,34,34208,0,1,0,-1,1
2020-07-16,US,Illinois,Fayette,30,3,0,39.00072038,-89.02452658,17051.0,140.607424071991,10.0,27,28,3,0,25,26,21416,2,0,0,2,2
2020-07-16,US,Illinois,Ford,32,1,0,40.59706922,-88.22350769,17053.0,246.89452974307537,3.125,31,42,1,0,41,42,13264,-10,0,0,-10,0
2020-07-16,US,Illinois,Franklin,62,0,0,37.99189086,-88.92567818,17055.0,161.16873326574645,0.0,62,54,0,0,54,50,38701,8,0,0,8,4
2020-07-16,US,Illinois,Fulton,18,0,0,40.47289135,-90.20862357,17057.0,52.41700640652301,0.0,18,18,0,0,18,17,34844,0,0,0,0,1
2020-07-16,US,Illinois,Gallatin,9,0,0,37.76430935,-88.22953869,17059.0,186.41259320629658,0.0,9,8,0,0,8,7,5058,1,0,0,1,1
2020-07-16,US,Illinois,Greene,12,0,0,39.35907414,-90.388865,17061.0,92.52833680314596,0.0,12,12,0,0,12,11,13044,0,0,0,0,1
2020-07-16,US,Illinois,Grundy,207,5,0,41.28569601,-88.41905692,17063.0,405.4530497120696,2.415458937198068,202,202,5,0,197,196,50972,5,0,0,5,6
2020-07-16,US,Illinois,Hamilton,8,0,0,38.08163641,-88.53883373,17065.0,98.57072449482504,0.0,8,7,0,0,7,7,8163,1,0,0,1,0
2020-07-16,US,Illinois,Hancock,21,1,0,40.40423981,-91.16313899,17067.0,118.5904675852722,4.761904761904762,20,21,1,0,20,21,17844,0,0,0,0,0
2020-07-16,US,Illinois,Hardin,3,0,0,37.51810645,-88.26873022,17069.0,78.51347814708191,0.0,3,2,0,0,2,1,3910,1,0,0,1,1
2020-07-16,US,Illinois,Henderson,8,0,0,40.81908672,-90.92491462,17071.0,120.37315678603672,0.0,8,8,0,0,8,8,6709,0,0,0,0,0
2020-07-16,US,Illinois,Henry,128,1,0,41.3533994,-90.13296166,17073.0,261.6891215014413,0.78125,127,125,1,0,124,122,49090,3,0,0,3,3
2020-07-16,US,Illinois,Iroquois,181,5,0,40.74717633,-87.82466784,17075.0,667.5518182488751,2.7624309392265194,176,179,5,0,174,176,27604,2,0,0,2,3
2020-07-16,US,Illinois,Jackson,373,19,0,37.78595185,-89.38232563,17077.0,657.2687224669602,5.093833780160859,354,366,19,0,347,359,57419,7,0,0,7,7
2020-07-16,US,Illinois,Jasper,48,7,0,39.01054275,-88.15437049,17079.0,499.4797086368366,14.583333333333336,41,47,7,0,40,47,9611,1,0,0,1,0
2020-07-16,US,Illinois,Jefferson,124,17,0,38.29980057,-88.9240025,17081.0,329.05211760959565,13.709677419354836,107,123,17,0,106,117,37820,1,0,0,1,6
2020-07-16,US,Illinois,Jersey,50,1,0,39.08869046,-90.35393073,17083.0,229.64221742525143,2.0,49,48,1,0,47,45,21847,2,0,0,2,3
2020-07-16,US,Illinois,Jo Daviess,58,1,0,42.36542373,-90.21094405,17085.0,273.1339769248881,1.7241379310344829,57,57,1,0,56,55,21366,1,0,0,1,2
2020-07-16,US,Illinois,Johnson,36,0,0,37.45939802,-88.88165419,17087.0,289.9251026818072,0.0,36,29,0,0,29,28,12456,7,0,0,7,1
2020-07-16,US,Illinois,Kane,8262,288,0,41.93842729,-88.42861412,17089.0,1551.8319769047132,3.4858387799564268,7974,8218,286,0,7932,8151,534216,44,2,0,42,67
2020-07-16,US,Illinois,Kankakee,1472,66,0,41.13746989,-87.86205334,17091.0,1339.862736888096,4.483695652173913,1406,1454,66,0,1388,1443,110024,18,0,0,18,11
2020-07-16,US,Illinois,Kendall,1095,21,0,41.59081014,-88.42869583,17093.0,848.9030157376541,1.9178082191780816,1074,1086,21,0,1065,1068,127915,9,0,0,9,18
2020-07-16,US,Illinois,Knox,179,0,0,40.93148779,-90.21330340000002,17095.0,360.1682126400934,0.0,179,176,0,0,176,175,50112,3,0,0,3,1
2020-07-16,US,Illinois,LaSalle,298,17,0,41.34426129999999,-88.88633881,17099.0,274.22724051937536,5.704697986577182,281,286,17,0,269,280,109430,12,0,0,12,6
2020-07-16,US,Illinois,Lake,10653,432,0,42.3224907,-88.00367925,17097.0,1529.427810519213,4.05519571951563,10221,10561,429,0,10132,10464,700832,92,3,0,89,97
2020-07-16,US,Illinois,Lawrence,16,0,0,38.71987914,-87.72884035,17101.0,102.05383339711695,0.0,16,13,0,0,13,13,15765,3,0,0,3,0
2020-07-16,US,Illinois,Lee,111,2,0,41.74583951,-89.29977132,17103.0,325.55138432660715,1.8018018018018016,109,110,2,0,108,109,34223,1,0,0,1,1
2020-07-16,US,Illinois,Livingston,57,2,0,40.89188292,-88.55784752,17105.0,159.8967684021544,3.5087719298245608,55,58,2,0,56,55,35761,-1,0,0,-1,3
2020-07-16,US,Illinois,Logan,30,0,0,40.12581572,-89.36638784,17107.0,104.82912852051157,0.0,30,27,0,0,27,24,28925,3,0,0,3,3
2020-07-16,US,Illinois,Macon,262,22,0,39.86064913,-88.96342505,17115.0,251.90127777403882,8.396946564885496,240,259,22,0,237,254,104712,3,0,0,3,5
2020-07-16,US,Illinois,Macoupin,76,3,0,39.26119767,-89.92424028,17117.0,169.16707474513646,3.947368421052632,73,75,3,0,72,72,45313,1,0,0,1,3
2020-07-16,US,Illinois,Madison,1368,71,0,38.83042506,-89.90422563,17119.0,520.219343945605,5.190058479532165,1297,1310,71,0,1239,1285,264461,58,0,0,58,25
2020-07-16,US,Illinois,Marion,81,0,0,38.64963204,-88.91899208,17121.0,217.7126730278188,0.0,81,81,0,0,81,79,37620,0,0,0,0,2
2020-07-16,US,Illinois,Marshall,13,0,0,41.0327901,-89.34510444,17123.0,113.656233607274,0.0,13,13,0,0,13,13,11534,0,0,0,0,0
2020-07-16,US,Illinois,Mason,31,0,0,40.23917274,-89.91824452,17125.0,232.0532974025002,0.0,31,29,0,0,29,28,13565,2,0,0,2,1
2020-07-16,US,Illinois,Massac,20,0,0,37.22078441,-88.71036614,17127.0,145.22218995062445,0.0,20,17,0,0,17,16,14080,3,0,0,3,1
2020-07-16,US,Illinois,McDonough,111,15,0,40.45674722,-90.67775541,17109.0,373.9640185971296,13.513513513513516,96,110,15,0,95,108,29955,1,0,0,1,2
2020-07-16,US,Illinois,McHenry,2384,104,0,42.32451172,-88.45248227,17111.0,774.594345201349,4.362416107382551,2280,2347,103,0,2244,2309,308570,37,1,0,36,38
2020-07-16,US,Illinois,McLean,349,15,0,40.48996987,-88.84621113,17113.0,203.47837240623366,4.297994269340975,334,340,15,0,325,334,172828,9,0,0,9,6
2020-07-16,US,Illinois,Menard,32,0,0,40.02742725,-89.80246001,17129.0,262.3811085601837,0.0,32,33,0,0,33,32,12288,-1,0,0,-1,1
2020-07-16,US,Illinois,Mercer,30,0,0,41.20596782,-90.74290052,17131.0,194.3382781628555,0.0,30,29,0,0,29,29,15601,1,0,0,1,0
2020-07-16,US,Illinois,Monroe,182,13,0,38.27594376,-90.17761038,17133.0,525.4496636544735,7.142857142857142,169,171,13,0,158,170,34335,11,0,0,11,1
2020-07-16,US,Illinois,Montgomery,97,2,0,39.23198845,-89.47809254,17135.0,341.3810093615823,2.061855670103093,95,90,2,0,88,89,28601,7,0,0,7,1
2020-07-16,US,Illinois,Morgan,137,4,0,39.71654544,-90.20255104,17137.0,407.0354744785786,2.9197080291970803,133,135,4,0,131,134,33976,2,0,0,2,1
2020-07-16,US,Illinois,Moultrie,28,0,0,39.64187451,-88.62099969,17139.0,193.09013171505413,0.0,28,28,0,0,28,25,14717,0,0,0,0,3
2020-07-16,US,Illinois,Ogle,329,5,0,42.04165196,-89.32184679,17141.0,649.6455581225441,1.5197568389057752,324,325,4,0,321,319,50923,4,1,0,3,6
2020-07-16,US,Illinois,Out of IL,1,0,0,0.0,0.0,80017.0,0.0,0.0,1,1,0,0,1,3,,0,0,0,0,-2
2020-07-16,US,Illinois,Peoria,756,30,0,40.78702156,-89.76078901,17143.0,421.924444270813,3.968253968253968,726,736,30,0,706,710,180621,20,0,0,20,26
2020-07-16,US,Illinois,Perry,63,1,0,38.08510853,-89.36856219,17145.0,301.20481927710836,1.5873015873015872,62,63,1,0,62,61,21174,0,0,0,0,2
2020-07-16,US,Illinois,Piatt,21,0,0,40.01360584,-88.59319339,17147.0,128.48751835535975,0.0,21,21,0,0,21,21,16396,0,0,0,0,0
2020-07-16,US,Illinois,Pike,9,0,0,39.62265059,-90.8877017,17149.0,57.83689994216311,0.0,9,8,0,0,8,8,15611,1,0,0,1,0
2020-07-16,US,Illinois,Pope,3,0,0,37.41391284,-88.56152109,17151.0,71.82188173330141,0.0,3,2,0,0,2,1,4212,1,0,0,1,1
2020-07-16,US,Illinois,Pulaski,87,0,0,37.22631423,-89.13085001,17153.0,1630.7403936269916,0.0,87,86,0,0,86,85,5463,1,0,0,1,1
2020-07-16,US,Illinois,Putnam,1,0,0,41.2013541,-89.2869272,17155.0,17.424638438752392,0.0,1,1,0,0,1,1,5740,0,0,0,0,0
2020-07-16,US,Illinois,Randolph,343,7,0,38.05095369,-89.82512254,17157.0,1079.2272355421308,2.0408163265306123,336,337,7,0,330,327,32106,6,0,0,6,10
2020-07-16,US,Illinois,Richland,10,0,0,38.71240969,-88.08475366,17159.0,64.46206407529169,0.0,10,10,0,0,10,9,15763,0,0,0,0,1
2020-07-16,US,Illinois,Rock Island,1269,30,0,41.46613806,-90.57042164,17161.0,894.4241219630812,2.364066193853428,1239,1252,30,0,1222,1232,143477,17,0,0,17,20
2020-07-16,US,Illinois,Saline,28,0,0,37.75332999,-88.54119706,17165.0,119.19458516027414,0.0,28,20,0,0,20,17,23906,8,0,0,8,3
2020-07-16,US,Illinois,Sangamon,603,33,0,39.75836914,-89.65872023,17167.0,309.75178762225687,5.472636815920398,570,587,33,0,554,553,195348,16,0,0,16,34
2020-07-16,US,Illinois,Schuyler,14,0,0,40.1571798,-90.61114163,17169.0,206.85579196217486,0.0,14,14,0,0,14,14,6907,0,0,0,0,0
2020-07-16,US,Illinois,Scott,1,0,0,39.6429169,-90.47814431,17171.0,20.197939810139367,0.0,1,1,0,0,1,1,4926,0,0,0,0,0
2020-07-16,US,Illinois,Shelby,24,1,0,39.39133527,-88.80611122,17173.0,110.93648886012758,4.166666666666667,23,23,1,0,22,21,21741,1,0,0,1,2
2020-07-16,US,Illinois,St. Clair,2488,147,0,38.46996033,-89.93063427,17163.0,958.0801429418608,5.908360128617362,2341,2436,145,0,2291,2386,261059,52,2,0,50,50
2020-07-16,US,Illinois,Stark,6,0,0,41.09309773,-89.79745866,17175.0,112.31748408835642,0.0,6,6,0,0,6,6,5427,0,0,0,0,0
2020-07-16,US,Illinois,Stephenson,287,6,0,42.35129217,-89.662598,17177.0,644.9728077666413,2.0905923344947737,281,287,6,0,281,287,44753,0,0,0,0,0
2020-07-16,US,Illinois,Tazewell,204,8,0,40.50716185,-89.51404662,17179.0,154.7764466666161,3.92156862745098,196,196,8,0,188,191,132328,8,0,0,8,5
2020-07-16,US,Illinois,Unassigned,1154,201,0,0.0,0.0,90017.0,0.0,17.417677642980937,953,1172,201,0,971,1174,,-18,0,0,-18,-2
2020-07-16,US,Illinois,Union,217,21,0,37.47119609,-89.25548938,17181.0,1303.0685161832705,9.677419354838712,196,215,19,0,196,214,16841,2,2,0,0,1
2020-07-16,US,Illinois,Vermilion,100,2,0,40.18417171,-87.73384359,17183.0,131.9992608041395,2.0,98,96,2,0,94,90,76806,4,0,0,4,6
2020-07-16,US,Illinois,Wabash,23,0,0,38.44272901,-87.84922065,17185.0,199.65277777777766,0.0,23,23,0,0,23,23,11549,0,0,0,0,0
2020-07-16,US,Illinois,Warren,150,0,0,40.84925021,-90.6147432,17187.0,890.5248159582048,0.0,150,150,0,0,150,150,17032,0,0,0,0,0
2020-07-16,US,Illinois,Washington,29,0,0,38.35309213,-89.40982703,17189.0,208.82840066249008,0.0,29,28,0,0,28,25,13995,1,0,0,1,3
2020-07-16,US,Illinois,Wayne,20,1,0,38.42955355,-88.42586459,17191.0,123.34258402713536,5.0,19,19,1,0,18,21,16332,1,0,0,1,-2
2020-07-16,US,Illinois,White,22,0,0,38.08706198,-88.17657461,17193.0,162.51754450764568,0.0,22,17,0,0,17,10,13665,5,0,0,5,7
2020-07-16,US,Illinois,Whiteside,225,16,0,41.75509713,-89.91556058,17195.0,407.79338468509286,7.111111111111112,209,224,15,0,209,220,55626,1,1,0,0,4
2020-07-16,US,Illinois,Will,7476,330,0,41.44619267,-87.97862712,17197.0,1082.3128138830216,4.4141252006420535,7146,7436,328,0,7108,7382,692310,40,2,0,38,54
2020-07-16,US,Illinois,Williamson,181,4,0,37.73033511,-88.92994027,17199.0,271.78401429493823,2.209944751381216,177,173,4,0,169,164,67056,8,0,0,8,9
2020-07-16,US,Illinois,Winnebago,3251,108,0,42.33641854,-89.16085327,17201.0,1150.5032345738432,3.322054752383882,3143,3215,106,0,3109,3202,284081,36,2,0,34,13
2020-07-16,US,Illinois,Woodford,56,2,0,40.78579374,-89.20973757,17203.0,145.60961023427546,3.571428571428572,54,55,2,0,53,53,38463,1,0,0,1,2
2020-07-16,US,Indiana,Adams,53,1,0,40.7457653,-84.93671406,18001.0,148.13986639461106,1.8867924528301887,52,52,1,0,51,49,35636,1,0,0,1,3
2020-07-16,US,Indiana,Allen,3035,138,0,41.09194313,-85.06800636,18003.0,800.1602957033897,4.546952224052719,2897,3013,136,0,2877,2988,375351,22,2,0,20,25
2020-07-16,US,Indiana,Bartholomew,612,45,0,39.20744865,-85.89558181,18005.0,730.4933217154658,7.352941176470589,567,612,45,0,567,609,82753,0,0,0,0,3
2020-07-16,US,Indiana,Benton,51,0,0,40.60626947,-87.31093999,18007.0,582.9903978052126,0.0,51,51,0,0,51,51,8653,0,0,0,0,0
2020-07-16,US,Indiana,Blackford,42,2,0,40.47388153,-85.32499702,18009.0,357.20360605545164,4.761904761904762,40,41,2,0,39,41,11930,1,0,0,1,0
2020-07-16,US,Indiana,Boone,506,44,0,40.0509304,-86.46841646,18011.0,745.8396592131835,8.695652173913043,462,501,44,0,457,497,66999,5,0,0,5,4
2020-07-16,US,Indiana,Brown,47,1,0,39.19605589,-86.22868909,18013.0,311.42327060694413,2.127659574468085,46,46,1,0,45,46,15234,1,0,0,1,0
2020-07-16,US,Indiana,Carroll,116,2,0,40.580783200000006,-86.56198812,18015.0,572.6415560053315,1.7241379310344829,114,115,2,0,113,114,20127,1,0,0,1,1
2020-07-16,US,Indiana,Cass,1656,9,0,40.76135835,-86.34830753,18017.0,4393.85497094643,0.5434782608695652,1647,1655,9,0,1646,1651,37955,1,0,0,1,4
2020-07-16,US,Indiana,Clark,744,44,0,38.48015445,-85.70510334,18019.0,628.8989197139524,5.913978494623656,700,736,44,0,692,728,117360,8,0,0,8,8
2020-07-16,US,Indiana,Clay,69,5,0,39.39561833,-87.11723506,18021.0,263.1077216396568,7.246376811594202,64,67,5,0,62,65,26170,2,0,0,2,2
2020-07-16,US,Indiana,Clinton,298,3,0,40.30319754,-86.47277257,18023.0,919.7814747368744,1.0067114093959733,295,295,3,0,292,291,32250,3,0,0,3,4
2020-07-16,US,Indiana,Crawford,36,0,0,38.28814402,-86.44518825,18025.0,340.3611610097381,0.0,36,35,0,0,35,35,10558,1,0,0,1,0
2020-07-16,US,Indiana,Daviess,156,17,0,38.70186039,-87.07185406,18027.0,467.7520913915625,10.8974358974359,139,155,17,0,138,151,33147,1,0,0,1,4
2020-07-16,US,Indiana,DeKalb,172,4,0,41.39804622,-84.99906934,18033.0,395.62967222541687,2.3255813953488373,168,171,4,0,167,171,43226,1,0,0,1,0
2020-07-16,US,Indiana,Dearborn,296,25,0,39.14647946,-84.97333539,18029.0,598.4876056451939,8.445945945945946,271,289,24,0,265,277,49568,7,1,0,6,12
2020-07-16,US,Indiana,Decatur,259,32,0,39.30712658,-85.50087166,18031.0,975.1873187996537,12.355212355212355,227,257,32,0,225,257,26794,2,0,0,2,0
2020-07-16,US,Indiana,Delaware,492,52,0,40.22787247,-85.39732772,18035.0,431.0684715468525,10.56910569105691,440,487,52,0,435,484,114772,5,0,0,5,3
2020-07-16,US,Indiana,Dubois,370,7,0,38.36597551,-86.87924170000002,18037.0,865.7806065144141,1.891891891891892,363,365,7,0,358,344,42565,5,0,0,5,21
2020-07-16,US,Indiana,Elkhart,3834,62,0,41.59761169,-85.85875695,18039.0,1858.0892793967264,1.6171100678142931,3772,3794,62,0,3732,3720,205560,40,0,0,40,74
2020-07-16,US,Indiana,Fayette,114,7,0,39.63684962,-85.17797541,18041.0,493.4637693706173,6.140350877192982,107,109,7,0,102,108,23047,5,0,0,5,1
2020-07-16,US,Indiana,Floyd,442,44,0,38.32117957,-85.90385377,18043.0,562.899569547388,9.954751131221721,398,435,44,0,391,425,77781,7,0,0,7,10
2020-07-16,US,Indiana,Fountain,41,2,0,40.12361933,-87.24217689,18045.0,250.82589012602472,4.878048780487805,39,38,2,0,36,38,16351,3,0,0,3,0
2020-07-16,US,Indiana,Franklin,132,8,0,39.4142482,-85.06062647,18047.0,580.0158186132351,6.0606060606060606,124,132,8,0,124,128,22736,0,0,0,0,4
2020-07-16,US,Indiana,Fulton,83,1,0,41.0469907,-86.26252745,18049.0,415.5402022629418,1.2048192771084338,82,81,1,0,80,79,20092,2,0,0,2,2
2020-07-16,US,Indiana,Gibson,141,2,0,38.30393723,-87.58054938,18051.0,418.9072759143171,1.4184397163120568,139,138,2,0,136,133,33452,3,0,0,3,5
2020-07-16,US,Indiana,Grant,367,27,0,40.51587228,-85.65468702,18053.0,558.0136538490779,7.356948228882834,340,347,26,0,321,334,65936,20,1,0,19,13
2020-07-16,US,Indiana,Greene,202,33,0,39.03630547,-86.96223202,18055.0,632.7924315519077,16.336633663366335,169,200,33,0,167,200,32006,2,0,0,2,0
2020-07-16,US,Indiana,Hamilton,1829,101,0,40.07306535,-86.05244729,18057.0,541.1066503752836,5.5221432476763255,1728,1800,101,0,1699,1779,330086,29,0,0,29,21
2020-07-16,US,Indiana,Hancock,480,36,0,39.82304555,-85.77566351,18059.0,614.0620202640466,7.5,444,476,36,0,440,472,76351,4,0,0,4,4
2020-07-16,US,Indiana,Harrison,222,22,0,38.19467379,-86.10948271,18061.0,547.9452054794519,9.90990990990991,200,221,22,0,199,220,40350,1,0,0,1,1
2020-07-16,US,Indiana,Hendricks,1501,102,0,39.76719009,-86.51037283,18063.0,881.328863079895,6.7954696868754185,1399,1496,102,0,1394,1482,167009,5,0,0,5,14
2020-07-16,US,Indiana,Henry,309,18,0,39.93029017,-85.39625719,18065.0,644.1257400150088,5.825242718446603,291,307,18,0,289,306,48271,2,0,0,2,1
2020-07-16,US,Indiana,Howard,636,58,0,40.48527731,-86.11351892,18067.0,770.4981585578598,9.119496855345911,578,621,58,0,563,617,82366,15,0,0,15,4
2020-07-16,US,Indiana,Huntington,98,2,0,40.82907273,-85.48822092,18069.0,268.3461117196057,2.0408163265306123,96,94,2,0,92,93,36240,4,0,0,4,1
2020-07-16,US,Indiana,Jackson,486,3,0,38.90915820000001,-86.03851889,18071.0,1098.7768759467342,0.6172839506172839,483,485,3,0,482,481,44111,1,0,0,1,4
2020-07-16,US,Indiana,Jasper,144,2,0,41.02078733,-87.11553319,18073.0,429.0566712353257,1.3888888888888888,142,142,2,0,140,142,33370,2,0,0,2,0
2020-07-16,US,Indiana,Jay,72,0,0,40.43781032,-85.00576229,18075.0,352.3194362889019,0.0,72,72,0,0,72,72,20764,0,0,0,0,0
2020-07-16,US,Indiana,Jefferson,111,2,0,38.78576239,-85.43633383,18077.0,343.56815649374767,1.8018018018018016,109,98,2,0,96,93,32208,13,0,0,13,5
2020-07-16,US,Indiana,Jennings,182,12,0,38.99588883,-85.62710784,18079.0,656.2105642689743,6.593406593406592,170,181,12,0,169,180,27611,1,0,0,1,1
2020-07-16,US,Indiana,Johnson,1394,118,0,39.48994426,-86.10149107,18081.0,881.3469307756993,8.464849354375898,1276,1379,118,0,1261,1366,156225,15,0,0,15,13
2020-07-16,US,Indiana,Knox,78,0,0,38.68861576,-87.4194665,18083.0,213.1496966715855,0.0,78,77,0,0,77,73,36895,1,0,0,1,4
2020-07-16,US,Indiana,Kosciusko,605,5,0,41.24521668,-85.86312322,18085.0,761.4277084172372,0.8264462809917356,600,598,4,0,594,587,79344,7,1,0,6,11
2020-07-16,US,Indiana,LaGrange,494,10,0,41.64232188,-85.42674232,18087.0,1247.0338769122027,2.0242914979757085,484,491,10,0,481,491,39330,3,0,0,3,0
2020-07-16,US,Indiana,LaPorte,658,28,0,41.54366008,-86.74072188,18091.0,598.7914967967383,4.25531914893617,630,648,28,0,620,639,110007,10,0,0,10,9
2020-07-16,US,Indiana,Lake,5919,252,0,41.41874274,-87.38277575,18089.0,1219.173087974492,4.257475924987329,5667,5831,252,0,5579,5764,484411,88,0,0,88,67
2020-07-16,US,Indiana,Lawrence,259,25,0,38.84112637,-86.48361629,18093.0,570.8618029534935,9.652509652509652,234,254,25,0,229,253,45668,5,0,0,5,1
2020-07-16,US,Indiana,Madison,700,64,0,40.16143691,-85.71964711,18095.0,540.2526838981546,9.142857142857142,636,693,64,0,629,685,129641,7,0,0,7,8
2020-07-16,US,Indiana,Marion,12361,701,0,39.78163624,-86.13826325,18097.0,1281.4877325100404,5.671062211795162,11660,12276,699,0,11577,12192,954670,85,2,0,83,84
2020-07-16,US,Indiana,Marshall,623,12,0,41.32467367,-86.26185087,18099.0,1346.7940680530935,1.9261637239165332,611,601,12,0,589,574,46248,22,0,0,22,27
2020-07-16,US,Indiana,Martin,30,0,0,38.7099921,-86.80373186,18101.0,292.54022428083863,0.0,30,28,0,0,28,26,10217,2,0,0,2,2
2020-07-16,US,Indiana,Miami,203,2,0,40.76940965,-86.04525048,18103.0,571.5733753801104,0.9852216748768472,201,200,2,0,198,197,35567,3,0,0,3,3
2020-07-16,US,Indiana,Monroe,400,28,0,39.16130004,-86.52414358,18105.0,269.48548483807286,7.0,372,385,28,0,357,375,146917,15,0,0,15,10
2020-07-16,US,Indiana,Montgomery,303,20,0,40.04034823,-86.89335024,18107.0,790.3385674787418,6.600660066006602,283,299,20,0,279,297,38346,4,0,0,4,2
2020-07-16,US,Indiana,Morgan,353,31,0,39.47899078,-86.44573375,18109.0,500.78735689256484,8.78186968838527,322,347,31,0,316,344,70116,6,0,0,6,3
2020-07-16,US,Indiana,Newton,101,10,0,40.95610449,-87.39635768,18111.0,722.254004576659,9.900990099009901,91,101,10,0,91,101,14011,0,0,0,0,0
2020-07-16,US,Indiana,Noble,536,28,0,41.39672484,-85.41966713,18113.0,1122.6541554959788,5.223880597014926,508,530,28,0,502,526,47532,6,0,0,6,4
2020-07-16,US,Indiana,Ohio,26,0,0,38.955304999999996,-84.96515993,18115.0,442.5531914893617,0.0,26,23,0,0,23,23,5844,3,0,0,3,0
2020-07-16,US,Indiana,Orange,142,24,0,38.54118920000001,-86.49523093,18117.0,722.7934439580578,16.901408450704224,118,140,23,0,117,140,19489,2,1,0,1,0
2020-07-16,US,Indiana,Owen,54,1,0,39.31145587,-86.83900724,18119.0,259.62786672436175,1.851851851851852,53,54,1,0,53,54,20845,0,0,0,0,0
2020-07-16,US,Indiana,Parke,28,0,0,39.77202286,-87.20375833,18121.0,165.3185333884395,0.0,28,28,0,0,28,28,16927,0,0,0,0,0
2020-07-16,US,Indiana,Perry,153,11,0,38.07809328,-86.63741946,18123.0,798.1637018102144,7.189542483660131,142,164,11,0,153,160,19102,-11,0,0,-11,4
2020-07-16,US,Indiana,Pike,16,0,0,38.40112197,-87.23574907,18125.0,129.14682379530228,0.0,16,16,0,0,16,15,12410,0,0,0,0,1
2020-07-16,US,Indiana,Porter,886,38,0,41.45986947,-87.06848888,18127.0,519.9866188545035,4.288939051918736,848,873,38,0,835,867,169594,13,0,0,13,6
2020-07-16,US,Indiana,Posey,82,0,0,38.02097333,-87.86480429,18129.0,322.49183938333266,0.0,82,75,0,0,75,68,25540,7,0,0,7,7
2020-07-16,US,Indiana,Pulaski,67,1,0,41.04166107,-86.69890683,18131.0,542.3783696268113,1.492537313432836,66,66,1,0,65,66,12469,1,0,0,1,0
2020-07-16,US,Indiana,Putnam,180,8,0,39.66437981,-86.84517605,18133.0,479.0291675537577,4.4444444444444455,172,179,8,0,171,175,37779,1,0,0,1,4
2020-07-16,US,Indiana,Randolph,81,4,0,40.15734772,-85.01139319,18135.0,328.4005676059193,4.938271604938271,77,81,4,0,77,81,24851,0,0,0,0,0
2020-07-16,US,Indiana,Ripley,145,7,0,39.10235626,-85.26212744,18137.0,511.9333427481994,4.827586206896552,138,137,7,0,130,135,28523,8,0,0,8,2
2020-07-16,US,Indiana,Rush,65,3,0,39.62002287,-85.4655599,18139.0,392.0149568783547,4.615384615384615,62,65,3,0,62,63,16663,0,0,0,0,2
2020-07-16,US,Indiana,Scott,174,9,0,38.68672078,-85.74627859,18143.0,728.8568675910024,5.172413793103448,165,167,9,0,158,166,23878,7,0,0,7,1
2020-07-16,US,Indiana,Shelby,466,25,0,39.52305623,-85.79158570000001,18145.0,1041.8296854389766,5.364806866952788,441,464,25,0,439,462,44593,2,0,0,2,2
2020-07-16,US,Indiana,Spencer,79,1,0,38.01519732,-87.0079644,18147.0,389.6039848103763,1.2658227848101269,78,64,1,0,63,62,20327,15,0,0,15,2
2020-07-16,US,Indiana,St. Joseph,2321,71,0,41.61756781,-86.29040834,18141.0,853.855039620934,3.059026281775097,2250,2294,70,0,2224,2235,270771,27,1,0,26,59
2020-07-16,US,Indiana,Starke,127,4,0,41.27890281,-86.64686895,18149.0,552.2939769515111,3.1496062992125986,123,118,3,0,115,110,22935,9,1,0,8,8
2020-07-16,US,Indiana,Steuben,144,3,0,41.64423868,-85.00101094,18151.0,416.25715441984164,2.083333333333333,141,141,3,0,138,140,34586,3,0,0,3,1
2020-07-16,US,Indiana,Sullivan,62,1,0,39.08952258,-87.41414469,18153.0,299.9661328559679,1.6129032258064515,61,58,1,0,57,54,20690,4,0,0,4,4
2020-07-16,US,Indiana,Switzerland,33,0,0,38.82767338,-85.03022429,18155.0,306.948190865966,0.0,33,31,0,0,31,32,10717,2,0,0,2,-1
2020-07-16,US,Indiana,Tippecanoe,814,10,0,40.38872739,-86.89413959,18157.0,415.8747675392884,1.2285012285012284,804,802,10,0,792,795,193048,12,0,0,12,7
2020-07-16,US,Indiana,Tipton,35,1,0,40.31123252,-86.05234925,18159.0,231.05360443622916,2.8571428571428568,34,35,1,0,34,36,15128,0,0,0,0,-1
2020-07-16,US,Indiana,Unassigned,0,193,0,0.0,0.0,90018.0,0.0,0.0,-193,0,193,0,-193,0,,0,0,0,0,0
2020-07-16,US,Indiana,Union,17,0,0,39.62550777,-84.92497066,18161.0,240.9980153104621,0.0,17,17,0,0,17,15,7037,0,0,0,0,2
2020-07-16,US,Indiana,Vanderburgh,963,6,0,38.02658833,-87.58763124,18163.0,530.7217926602774,0.6230529595015576,957,905,6,0,899,858,180974,58,0,0,58,47
2020-07-16,US,Indiana,Vermillion,20,0,0,39.8523352,-87.46160542,18165.0,129.0489095367144,0.0,20,20,0,0,20,20,15479,0,0,0,0,0
2020-07-16,US,Indiana,Vigo,273,8,0,39.42944561,-87.39169027,18167.0,255.0496085502345,2.93040293040293,265,265,8,0,257,263,107386,8,0,0,8,2
2020-07-16,US,Indiana,Wabash,123,3,0,40.84704239,-85.79328272,18169.0,396.8253968253968,2.4390243902439024,120,123,3,0,120,120,31280,0,0,0,0,3
2020-07-16,US,Indiana,Warren,16,1,0,40.34728141,-87.35602659,18171.0,193.58741681790684,6.25,15,16,1,0,15,16,8263,0,0,0,0,0
2020-07-16,US,Indiana,Warrick,300,29,0,38.08922676,-87.2716085,18173.0,476.20559382837547,9.666666666666666,271,285,29,0,256,279,62567,15,0,0,15,6
2020-07-16,US,Indiana,Washington,70,1,0,38.60219804,-86.1049363,18175.0,249.67898416321881,1.4285714285714286,69,70,1,0,69,68,27943,0,0,0,0,2
2020-07-16,US,Indiana,Wayne,181,6,0,39.863344399999995,-85.01044989,18177.0,274.72527472527474,3.3149171270718236,175,167,6,0,161,165,65936,14,0,0,14,2
2020-07-16,US,Indiana,Wells,88,1,0,40.72934187,-85.22132966,18179.0,310.99802092168505,1.1363636363636365,87,85,1,0,84,84,28206,3,0,0,3,1
2020-07-16,US,Indiana,White,284,10,0,40.74911165,-86.86492015,18181.0,1178.3254501701106,3.5211267605633805,274,283,10,0,273,281,24133,1,0,0,1,2
2020-07-16,US,Indiana,Whitley,112,6,0,41.13863784,-85.50791236,18183.0,329.76092333058534,5.357142857142857,106,111,6,0,105,108,34074,1,0,0,1,3
2020-07-16,US,Iowa,Adair,19,0,0,41.33075609,-94.47105874,19001.0,265.6599552572707,0.0,19,17,0,0,17,17,7063,2,0,0,2,0
2020-07-16,US,Iowa,Adams,10,0,0,41.02903567,-94.69932645,19003.0,277.623542476402,0.0,10,8,0,0,8,8,3645,2,0,0,2,0
2020-07-16,US,Iowa,Allamakee,139,4,0,43.28383218,-91.37860922,19005.0,1015.5622123182582,2.8776978417266186,135,138,4,0,134,138,13832,1,0,0,1,0
2020-07-16,US,Iowa,Appanoose,30,3,0,40.74324454,-92.86865906,19007.0,241.4292612264606,10.0,27,30,3,0,27,29,12437,0,0,0,0,1
2020-07-16,US,Iowa,Audubon,19,1,0,41.6844628,-94.90581859,19009.0,345.70596797671027,5.2631578947368425,18,17,1,0,16,17,5506,2,0,0,2,0
2020-07-16,US,Iowa,Benton,82,1,0,42.08011739,-92.06463573,19011.0,319.7504386820043,1.2195121951219512,81,81,1,0,80,78,25642,1,0,0,1,3
2020-07-16,US,Iowa,Black Hawk,2629,60,0,42.4704581,-92.30524729,19013.0,2003.3834242692108,2.282236591860023,2569,2576,60,0,2516,2544,132408,53,0,0,53,32
2020-07-16,US,Iowa,Boone,177,1,0,42.03657094,-93.9313999,19015.0,674.6969581459175,0.5649717514124294,176,174,1,0,173,174,26346,3,0,0,3,0
2020-07-16,US,Iowa,Bremer,126,7,0,42.77461496,-92.31795937,19017.0,502.7531721331099,5.5555555555555545,119,122,7,0,115,116,24947,4,0,0,4,6
2020-07-16,US,Iowa,Buchanan,67,1,0,42.4709188,-91.83510825,19019.0,316.4108618654073,1.492537313432836,66,66,1,0,65,66,21199,1,0,0,1,0
2020-07-16,US,Iowa,Buena Vista,1744,12,0,42.73545875,-95.15100162,19021.0,8888.888888888889,0.6880733944954128,1732,1741,12,0,1729,1737,19874,3,0,0,3,4
2020-07-16,US,Iowa,Butler,77,2,0,42.73172833,-92.79015971,19023.0,533.2779278343376,2.5974025974025974,75,74,2,0,72,70,14539,3,0,0,3,4
2020-07-16,US,Iowa,Calhoun,67,2,0,42.38521079,-94.64046046,19025.0,693.0078609846918,2.985074626865672,65,66,2,0,64,66,9699,1,0,0,1,0
2020-07-16,US,Iowa,Carroll,124,1,0,42.03617207,-94.86032705,19027.0,614.9268534589636,0.8064516129032258,123,121,1,0,120,117,20154,3,0,0,3,4
2020-07-16,US,Iowa,Cass,29,0,0,41.33149454,-94.92792482,19029.0,225.9270800872546,0.0,29,29,0,0,29,29,12930,0,0,0,0,0
2020-07-16,US,Iowa,Cedar,101,1,0,41.77233777,-91.13246684,19031.0,542.2236538358297,0.99009900990099,100,97,1,0,96,96,18627,4,0,0,4,1
2020-07-16,US,Iowa,Cerro Gordo,384,11,0,43.08177563,-93.2612239,19033.0,904.5936395759717,2.864583333333333,373,356,9,0,347,345,42647,28,2,0,26,11
2020-07-16,US,Iowa,Cherokee,87,1,0,42.73538914,-95.62389402,19035.0,774.3658210947931,1.1494252873563218,86,87,1,0,86,85,11321,0,0,0,0,2
2020-07-16,US,Iowa,Chickasaw,35,0,0,43.06001295,-92.31773347,19037.0,293.30428224252074,0.0,35,34,0,0,34,32,11964,1,0,0,1,2
2020-07-16,US,Iowa,Clarke,151,3,0,41.02868181,-93.78499767,19039.0,1607.2378924960085,1.9867549668874167,148,146,3,0,143,145,9423,5,0,0,5,1
2020-07-16,US,Iowa,Clay,155,1,0,43.08247182,-95.15096481,19041.0,967.7822177822176,0.6451612903225806,154,152,1,0,151,151,16134,3,0,0,3,1
2020-07-16,US,Iowa,Clayton,53,3,0,42.84443388,-91.34133693,19043.0,302.01151062738614,5.660377358490566,50,51,3,0,48,51,17556,2,0,0,2,0
2020-07-16,US,Iowa,Clinton,152,1,0,41.89981633,-90.53275096,19045.0,327.3815934006763,0.6578947368421053,151,147,1,0,146,144,46518,5,0,0,5,3
2020-07-16,US,Iowa,Crawford,684,3,0,42.03718237,-95.3819718,19047.0,4066.5873959571936,0.43859649122807015,681,682,3,0,679,680,17158,2,0,0,2,2
2020-07-16,US,Iowa,Dallas,1478,33,0,41.68560356,-94.04127625,19049.0,1581.5436636598074,2.232746955345061,1445,1451,33,0,1418,1428,90180,27,0,0,27,23
2020-07-16,US,Iowa,Davis,43,1,0,40.74773536,-92.41005468,19051.0,477.77777777777777,2.3255813953488373,42,43,1,0,42,43,9017,0,0,0,0,0
2020-07-16,US,Iowa,Decatur,15,0,0,40.73742757,-93.78645949,19053.0,190.5972045743329,0.0,15,14,0,0,14,13,7890,1,0,0,1,1
2020-07-16,US,Iowa,Delaware,61,1,0,42.47104597,-91.3664492,19055.0,358.59149961789427,1.639344262295082,60,57,1,0,56,57,17069,4,0,0,4,0
2020-07-16,US,Iowa,Des Moines,108,2,0,40.92012606,-91.18326592,19057.0,277.15759488798216,1.851851851851852,106,105,2,0,103,103,39138,3,0,0,3,2
2020-07-16,US,Iowa,Dickinson,318,3,0,43.37787725,-95.1510206,19059.0,1842.623710742844,0.9433962264150944,315,312,3,0,309,309,17153,6,0,0,6,3
2020-07-16,US,Iowa,Dubuque,1121,23,0,42.46815349,-90.88181925,19061.0,1151.9766521770407,2.0517395182872438,1098,1054,23,0,1031,1016,96854,67,0,0,67,38
2020-07-16,US,Iowa,Emmet,105,0,0,43.37782951,-94.67858943,19063.0,1140.3127715030407,0.0,105,99,0,0,99,99,9253,6,0,0,6,0
2020-07-16,US,Iowa,Fayette,63,0,0,42.86271799,-91.8441231,19065.0,320.61068702290083,0.0,63,62,0,0,62,61,19660,1,0,0,1,1
2020-07-16,US,Iowa,Floyd,90,2,0,43.06000529999999,-92.78940097,19067.0,575.3739930955121,2.2222222222222223,88,83,2,0,81,84,15761,7,0,0,7,-1
2020-07-16,US,Iowa,Franklin,127,0,0,42.73270384,-93.26256925,19069.0,1261.1717974180735,0.0,127,117,0,0,117,117,10124,10,0,0,10,0
2020-07-16,US,Iowa,Fremont,13,0,0,40.74542720000001,-95.60129045,19071.0,186.7816091954023,0.0,13,11,0,0,11,11,6993,2,0,0,2,0
2020-07-16,US,Iowa,Greene,32,0,0,42.03614551,-94.39658081,19073.0,360.03600360036,0.0,32,31,0,0,31,31,8981,1,0,0,1,0
2020-07-16,US,Iowa,Grundy,51,0,0,42.40183723,-92.78829551,19075.0,416.93917593198165,0.0,51,50,0,0,50,48,12304,1,0,0,1,2
2020-07-16,US,Iowa,Guthrie,93,4,0,41.68378965,-94.50111014,19077.0,870.0533258490036,4.301075268817204,89,84,4,0,80,82,10720,9,0,0,9,2
2020-07-16,US,Iowa,Hamilton,208,1,0,42.38382428,-93.70197703,19079.0,1407.9740066337238,0.4807692307692308,207,207,1,0,206,207,14952,1,0,0,1,0
2020-07-16,US,Iowa,Hancock,73,2,0,43.08178477,-93.73454884,19081.0,686.7356538099717,2.7397260273972597,71,67,2,0,65,63,10712,6,0,0,6,4
2020-07-16,US,Iowa,Hardin,98,0,0,42.38353877,-93.23654611,19083.0,581.7404725157307,0.0,98,95,0,0,95,92,16868,3,0,0,3,3
2020-07-16,US,Iowa,Harrison,67,0,0,41.68330137,-95.81558439,19085.0,476.90227062424367,0.0,67,64,0,0,64,63,14134,3,0,0,3,1
2020-07-16,US,Iowa,Henry,98,3,0,40.98767962,-91.54436349,19087.0,491.1295980755738,3.0612244897959178,95,94,3,0,91,93,20067,4,0,0,4,1
2020-07-16,US,Iowa,Howard,40,0,0,43.35671042,-92.31702714,19089.0,436.7765887748417,0.0,40,37,0,0,37,37,9187,3,0,0,3,0
2020-07-16,US,Iowa,Humboldt,68,1,0,42.7764426,-94.20722537,19091.0,711.4459091860222,1.4705882352941178,67,62,1,0,61,61,9547,6,0,0,6,1
2020-07-16,US,Iowa,Ida,24,0,0,42.38696136,-95.51355387,19093.0,349.8542274052478,0.0,24,24,0,0,24,24,6841,0,0,0,0,0
2020-07-16,US,Iowa,Iowa,64,1,0,41.68630265,-92.0643373,19095.0,395.45229856648535,1.5625,63,63,1,0,62,63,16141,1,0,0,1,0
2020-07-16,US,Iowa,Jackson,83,0,0,42.17178824,-90.57354837,19097.0,426.9766963321159,0.0,83,74,0,0,74,72,19432,9,0,0,9,2
2020-07-16,US,Iowa,Jasper,380,17,0,41.68576082,-93.05567785,19099.0,1021.9174398278876,4.473684210526316,363,375,17,0,358,359,37147,5,0,0,5,16
2020-07-16,US,Iowa,Jefferson,64,0,0,41.03192394,-91.94849466,19101.0,349.8223558349276,0.0,64,64,0,0,64,63,18381,0,0,0,0,1
2020-07-16,US,Iowa,Johnson,1572,9,0,41.67169354,-91.58754744,19103.0,1040.095275903136,0.5725190839694656,1563,1543,8,0,1535,1493,151260,29,1,0,28,50
2020-07-16,US,Iowa,Jones,85,1,0,42.12118609,-91.13139641,19105.0,411.0052705381751,1.1764705882352942,84,80,1,0,79,74,20744,5,0,0,5,6
2020-07-16,US,Iowa,Keokuk,23,1,0,41.33649833,-92.1785067,19107.0,224.47784501268788,4.3478260869565215,22,23,1,0,22,23,10225,0,0,0,0,0
2020-07-16,US,Iowa,Kossuth,60,0,0,43.20405458,-94.20691791,19109.0,405.04961857827584,0.0,60,58,0,0,58,43,14908,2,0,0,2,15
2020-07-16,US,Iowa,Lee,54,2,0,40.64181461,-91.48183025,19111.0,160.44210713967374,3.703703703703704,52,54,2,0,52,54,34055,0,0,0,0,0
2020-07-16,US,Iowa,Linn,1494,85,0,42.07923082,-91.59809485,19113.0,659.0032906054537,5.68942436412316,1409,1456,84,0,1372,1416,225909,38,1,0,37,40
2020-07-16,US,Iowa,Louisa,368,13,0,41.21842119,-91.26102611,19115.0,3334.8436792025373,3.532608695652174,355,368,13,0,355,367,11169,0,0,0,0,1
2020-07-16,US,Iowa,Lucas,35,4,0,41.02958964,-93.32780803,19117.0,406.9767441860465,11.428571428571427,31,35,4,0,31,35,8645,0,0,0,0,0
2020-07-16,US,Iowa,Lyon,66,0,0,43.38107862,-96.20926845,19119.0,561.4632071458954,0.0,66,65,0,0,65,63,11811,1,0,0,1,2
2020-07-16,US,Iowa,Madison,65,2,0,41.33081904,-94.01554631,19121.0,397.84551352674754,3.0769230769230766,63,61,2,0,59,57,16249,4,0,0,4,4
2020-07-16,US,Iowa,Mahaska,125,17,0,41.33521503,-92.64083907,19123.0,565.7388549445576,13.6,108,124,17,0,107,120,22000,1,0,0,1,4
2020-07-16,US,Iowa,Marion,94,0,0,41.33445101,-93.09934783,19125.0,282.68126184103687,0.0,94,87,0,0,87,85,33407,7,0,0,7,2
2020-07-16,US,Iowa,Marshall,1146,20,0,42.03586837,-92.9990819,19127.0,2910.919759201402,1.7452006980802792,1126,1125,19,0,1106,1105,39981,21,1,0,20,20
2020-07-16,US,Iowa,Mills,55,0,0,41.03299766,-95.61920963,19129.0,364.0214441723476,0.0,55,54,0,0,54,52,15063,1,0,0,1,2
2020-07-16,US,Iowa,Mitchell,58,0,0,43.35638371,-92.78887719,19131.0,547.8934441715473,0.0,58,51,0,0,51,48,10569,7,0,0,7,3
2020-07-16,US,Iowa,Monona,78,0,0,42.05220391,-95.95743843,19133.0,905.3975623911784,0.0,78,78,0,0,78,78,8679,0,0,0,0,0
2020-07-16,US,Iowa,Monroe,56,7,0,41.02988815,-92.8690667,19135.0,726.6121707538601,12.5,49,54,7,0,47,54,7790,2,0,0,2,0
2020-07-16,US,Iowa,Montgomery,18,2,0,41.03018714,-95.15642896,19137.0,181.5065039830594,11.111111111111109,16,17,2,0,15,15,10003,1,0,0,1,2
2020-07-16,US,Iowa,Muscatine,720,45,0,41.48370744,-91.1121697,19139.0,1687.6054753422088,6.25,675,709,45,0,664,697,42929,11,0,0,11,12
2020-07-16,US,Iowa,O'Brien,101,1,0,43.08310673,-95.62474482,19141.0,734.3852250418089,0.99009900990099,100,99,1,0,98,97,13840,2,0,0,2,2
2020-07-16,US,Iowa,Osceola,70,0,0,43.37824276,-95.62422844,19143.0,1174.8909029875795,0.0,70,70,0,0,70,70,6040,0,0,0,0,0
2020-07-16,US,Iowa,Page,23,0,0,40.7393172,-95.1497813,19145.0,152.24730257496526,0.0,23,22,0,0,22,22,15249,1,0,0,1,0
2020-07-16,US,Iowa,Palo Alto,56,0,0,43.08193849,-94.67824621,19147.0,630.2048165653838,0.0,56,55,0,0,55,53,8929,1,0,0,1,2
2020-07-16,US,Iowa,Plymouth,368,5,0,42.737633,-96.21366621,19149.0,1461.6515073281168,1.358695652173913,363,364,5,0,359,354,25095,4,0,0,4,10
2020-07-16,US,Iowa,Pocahontas,108,1,0,42.73420133,-94.67862564,19151.0,1631.666414866294,0.925925925925926,107,109,1,0,108,109,6740,-1,0,0,-1,0
2020-07-16,US,Iowa,Polk,7988,188,0,41.68679484,-93.57767461,19153.0,1629.6686190863818,2.3535302954431647,7800,7803,188,0,7615,7663,487204,185,0,0,185,140
2020-07-16,US,Iowa,Pottawattamie,886,13,0,41.33640314,-95.53907776,19155.0,950.5825805205674,1.4672686230248306,873,859,13,0,846,842,93533,27,0,0,27,17
2020-07-16,US,Iowa,Poweshiek,114,8,0,41.68625425,-92.53155731,19157.0,616.0830090791179,7.0175438596491215,106,114,8,0,106,111,18699,0,0,0,0,3
2020-07-16,US,Iowa,Ringgold,17,1,0,40.73518949,-94.24368535,19159.0,347.3641193297917,5.882352941176472,16,16,1,0,15,16,4968,1,0,0,1,0
2020-07-16,US,Iowa,Sac,70,0,0,42.38624071,-95.10547892,19161.0,720.0905256660836,0.0,70,69,0,0,69,69,9719,1,0,0,1,0
2020-07-16,US,Iowa,Scott,1218,10,0,41.63935978,-90.61959493,19163.0,704.2782882221312,0.8210180623973727,1208,1174,10,0,1164,1122,173283,44,0,0,44,52
2020-07-16,US,Iowa,Shelby,125,0,0,41.6850066,-95.31015553,19165.0,1091.3218089750303,0.0,125,124,0,0,124,121,11578,1,0,0,1,3
2020-07-16,US,Iowa,Sioux,522,0,0,43.08221074,-96.1767568,19167.0,1497.6330512121647,0.0,522,519,0,0,519,515,34909,3,0,0,3,4
2020-07-16,US,Iowa,Story,911,8,0,42.03621213,-93.46499005,19169.0,938.0438028357547,0.8781558726673985,903,897,8,0,889,880,98105,14,0,0,14,17
2020-07-16,US,Iowa,Tama,500,29,0,42.07991767,-92.53266945,19171.0,2966.6548000474663,5.8,471,493,29,0,464,490,16904,7,0,0,7,3
2020-07-16,US,Iowa,Taylor,81,0,0,40.73710579,-94.69778563,19173.0,1323.313184120242,0.0,81,81,0,0,81,81,6191,0,0,0,0,0
2020-07-16,US,Iowa,Unassigned,43,0,0,0.0,0.0,90019.0,0.0,0.0,43,39,0,0,39,31,,4,0,0,4,8
2020-07-16,US,Iowa,Union,53,1,0,41.0277278,-94.24234847,19175.0,432.97116248672495,1.8867924528301887,52,50,1,0,49,42,12359,3,0,0,3,8
2020-07-16,US,Iowa,Van Buren,21,1,0,40.75326764,-91.95017958,19177.0,298.12606473594553,4.761904761904762,20,21,1,0,20,21,7020,0,0,0,0,0
2020-07-16,US,Iowa,Wapello,726,31,0,41.03064984,-92.40954728,19179.0,2076.1245674740485,4.2699724517906334,695,717,31,0,686,715,35205,9,0,0,9,2
2020-07-16,US,Iowa,Warren,369,1,0,41.33559454,-93.56007641,19181.0,716.9781991994714,0.27100271002710025,368,348,1,0,347,337,51056,21,0,0,21,11
2020-07-16,US,Iowa,Washington,255,9,0,41.33577126,-91.71725711,19183.0,1160.93785567949,3.5294117647058822,246,255,9,0,246,254,22141,0,0,0,0,1
2020-07-16,US,Iowa,Wayne,11,1,0,40.73969028,-93.32752197,19185.0,170.78093463747862,9.090909090909092,10,11,1,0,10,11,6401,0,0,0,0,0
2020-07-16,US,Iowa,Webster,458,5,0,42.42853483,-94.17987389,19187.0,1275.6238859180035,1.091703056768559,453,448,5,0,443,439,36277,10,0,0,10,9
2020-07-16,US,Iowa,Winnebago,52,0,0,43.37751174,-93.73407298,19189.0,502.22136372416463,0.0,52,49,0,0,49,46,10518,3,0,0,3,3
2020-07-16,US,Iowa,Winneshiek,53,0,0,43.29094334,-91.84422722,19191.0,265.119303686659,0.0,53,53,2,0,51,52,20029,0,-2,0,2,1
2020-07-16,US,Iowa,Woodbury,3409,46,0,42.38979414,-96.0459439,19193.0,3306.2740648064632,1.3493693165151068,3363,3386,45,0,3341,3360,102539,23,1,0,22,26
2020-07-16,US,Iowa,Worth,32,0,0,43.37750768,-93.26087602,19195.0,433.5455900284514,0.0,32,30,0,0,30,28,7453,2,0,0,2,2
2020-07-16,US,Iowa,Wright,412,1,0,42.73305373,-93.73515113,19197.0,3279.732526667728,0.2427184466019417,411,408,1,0,407,402,12690,4,0,0,4,6
2020-07-16,US,Kansas,Allen,10,0,0,37.88582951,-95.30030847,20001.0,80.84727948904519,0.0,10,10,0,0,10,10,12444,0,0,0,0,0
2020-07-16,US,Kansas,Anderson,21,0,0,38.21413251,-95.29272815,20003.0,267.24357342835333,0.0,21,18,0,0,18,15,7878,3,0,0,3,3
2020-07-16,US,Kansas,Atchison,45,0,0,39.53185661,-95.30870026,20005.0,279.9726248988988,0.0,45,45,0,0,45,44,16193,0,0,0,0,1
2020-07-16,US,Kansas,Barber,3,0,0,37.2288586,-98.68460053,20007.0,67.7659814772984,0.0,3,3,0,0,3,3,4472,0,0,0,0,0
2020-07-16,US,Kansas,Barton,68,2,0,38.47889676,-98.75636726,20009.0,263.7805966096435,2.9411764705882355,66,66,2,0,64,63,26111,2,0,0,2,3
2020-07-16,US,Kansas,Bourbon,56,1,0,37.85508555,-94.84865997,20011.0,385.3034264483281,1.7857142857142858,55,56,1,0,55,56,14653,0,0,0,0,0
2020-07-16,US,Kansas,Brown,23,0,0,39.82652589,-95.56421698,20013.0,240.48515265579255,0.0,23,23,0,0,23,23,9598,0,0,0,0,0
2020-07-16,US,Kansas,Butler,110,0,0,37.78134351,-96.83878537,20015.0,164.3974832239841,0.0,110,108,0,0,108,102,66765,2,0,0,2,6
2020-07-16,US,Kansas,Chase,6,0,0,38.30292938,-96.59563862,20017.0,226.5861027190332,0.0,6,6,0,0,6,6,2629,0,0,0,0,0
2020-07-16,US,Kansas,Chautauqua,5,0,0,37.14994405,-96.2454192,20019.0,153.84615384615384,0.0,5,5,0,0,5,5,3309,0,0,0,0,0
2020-07-16,US,Kansas,Cherokee,59,1,0,37.16928494,-94.8462897,20021.0,295.90250263303074,1.6949152542372878,58,59,1,0,58,56,20015,0,0,0,0,3
2020-07-16,US,Kansas,Cheyenne,2,0,0,39.78580976,-101.7318201,20023.0,75.27286413248024,0.0,2,2,0,0,2,2,2660,0,0,0,0,0
2020-07-16,US,Kansas,Clark,34,1,0,37.23577007,-99.81883015,20025.0,1705.1153460381142,2.9411764705882355,33,34,1,0,33,34,2005,0,0,0,0,0
2020-07-16,US,Kansas,Clay,14,2,0,39.34948772,-97.16518128,20027.0,174.9562609347663,14.285714285714285,12,14,2,0,12,13,7997,0,0,0,0,1
2020-07-16,US,Kansas,Cloud,26,0,0,39.48028352,-97.64925343,20029.0,295.92533576143865,0.0,26,26,0,0,26,26,8729,0,0,0,0,0
2020-07-16,US,Kansas,Coffey,59,8,0,38.2365018,-95.73379515,20031.0,721.3595794106859,13.559322033898303,51,59,8,0,51,56,8233,0,0,0,0,3
2020-07-16,US,Kansas,Comanche,3,0,0,37.19114520000001,-99.27113247,20033.0,176.47058823529412,0.0,3,3,0,0,3,3,1748,0,0,0,0,0
2020-07-16,US,Kansas,Cowley,96,1,0,37.23781842,-96.83776647,20035.0,275.0085940185631,1.0416666666666667,95,90,1,0,89,88,35218,6,0,0,6,2
2020-07-16,US,Kansas,Crawford,322,1,0,37.50675523,-94.85245778,20037.0,829.5120820238034,0.3105590062111801,321,322,1,0,321,313,39019,0,0,0,0,9
2020-07-16,US,Kansas,Decatur,3,0,0,39.78468441,-100.45940809999999,20039.0,106.11956137247968,0.0,3,3,0,0,3,2,2871,0,0,0,0,1
2020-07-16,US,Kansas,Dickinson,27,1,0,38.86600962,-97.15532383,20041.0,146.2146647893426,3.703703703703704,26,23,1,0,22,23,18717,4,0,0,4,0
2020-07-16,US,Kansas,Doniphan,26,0,0,39.79067154,-95.14056866,20043.0,342.10526315789474,0.0,26,26,0,0,26,26,7682,0,0,0,0,0
2020-07-16,US,Kansas,Douglas,489,0,0,38.88503636,-95.2925121,20045.0,399.9705543150197,0.0,489,487,0,0,487,461,121436,2,0,0,2,26
2020-07-16,US,Kansas,Edwards,8,0,0,37.88735543,-99.31263309,20047.0,285.91851322373117,0.0,8,8,0,0,8,8,2849,0,0,0,0,0
2020-07-16,US,Kansas,Elk,1,0,0,37.45338105,-96.24369667,20049.0,39.52569169960474,0.0,1,1,0,0,1,1,2508,0,0,0,0,0
2020-07-16,US,Kansas,Ellis,65,0,0,38.91458712,-99.31751551,20051.0,227.64683220677338,0.0,65,65,0,0,65,55,28710,0,0,0,0,10
2020-07-16,US,Kansas,Ellsworth,14,0,0,38.69677695,-98.20462799,20053.0,229.43297279580463,0.0,14,14,0,0,14,14,6196,0,0,0,0,0
2020-07-16,US,Kansas,Finney,1620,10,0,38.04340344,-100.73819379999999,20055.0,4442.372556009543,0.6172839506172839,1610,1613,10,0,1603,1605,36611,7,0,0,7,8
2020-07-16,US,Kansas,Ford,1977,8,0,37.69200114,-99.88825298,20057.0,5880.60323031619,0.4046535154274153,1969,1977,8,0,1969,1976,33888,0,0,0,0,1
2020-07-16,US,Kansas,Franklin,102,1,0,38.56443815,-95.28644341,20059.0,399.3109927967429,0.9803921568627452,101,102,1,0,101,94,25631,0,0,0,0,8
2020-07-16,US,Kansas,Geary,88,1,0,38.99871131,-96.7577178,20061.0,277.86548784338487,1.1363636363636365,87,86,1,0,85,86,32594,2,0,0,2,0
2020-07-16,US,Kansas,Gove,2,0,0,38.91588178,-100.4829321,20063.0,75.87253414264036,0.0,2,2,0,0,2,2,2612,0,0,0,0,0
2020-07-16,US,Kansas,Graham,8,0,0,39.34987223,-99.88332493,20065.0,322.32070910556,0.0,8,8,0,0,8,7,2492,0,0,0,0,1
2020-07-16,US,Kansas,Grant,71,2,0,37.56227336,-101.3079758,20067.0,993.006993006993,2.8169014084507036,69,66,2,0,64,66,7336,5,0,0,5,0
2020-07-16,US,Kansas,Gray,41,0,0,37.73836671,-100.4369088,20069.0,684.7027388109552,0.0,41,41,0,0,41,41,6033,0,0,0,0,0
2020-07-16,US,Kansas,Greeley,3,0,0,38.4808095,-101.8061079,20071.0,243.50649350649346,0.0,3,3,0,0,3,1,1227,0,0,0,0,2
2020-07-16,US,Kansas,Greenwood,11,0,0,37.8774388,-96.23250453,20073.0,183.884988298228,0.0,11,11,0,0,11,11,6055,0,0,0,0,0
2020-07-16,US,Kansas,Hamilton,35,0,0,37.99978709,-101.7921066,20075.0,1378.4954706577396,0.0,35,35,0,0,35,33,2607,0,0,0,0,2
2020-07-16,US,Kansas,Harper,2,0,0,37.19175361,-98.07578384,20077.0,36.79175864606328,0.0,2,2,0,0,2,2,5506,0,0,0,0,0
2020-07-16,US,Kansas,Harvey,98,1,0,38.04293782,-97.42747573,20079.0,284.6437596212495,1.020408163265306,97,97,1,0,96,91,34210,1,0,0,1,6
2020-07-16,US,Kansas,Haskell,33,0,0,37.562039399999996,-100.8710738,20081.0,831.6532258064516,0.0,33,33,0,0,33,33,3997,0,0,0,0,0
2020-07-16,US,Kansas,Hodgeman,10,0,0,38.08780079,-99.89829881,20083.0,557.4136008918617,0.0,10,10,0,0,10,10,1818,0,0,0,0,0
2020-07-16,US,Kansas,Jackson,124,1,0,39.41673394,-95.79356799,20085.0,941.4623035456683,0.8064516129032258,123,124,1,0,123,124,13280,0,0,0,0,0
2020-07-16,US,Kansas,Jefferson,39,0,0,39.2347941,-95.38289232,20087.0,204.79966391850024,0.0,39,38,0,0,38,37,18975,1,0,0,1,1
2020-07-16,US,Kansas,Jewell,5,0,0,39.78470589,-98.21820662,20089.0,173.67141368530739,0.0,5,4,0,0,4,4,2841,1,0,0,1,0
2020-07-16,US,Kansas,Johnson,3422,95,0,38.88548175,-94.82250877,20091.0,568.0601459824934,2.7761542957334893,3327,3286,94,0,3192,3158,597555,136,1,0,135,128
2020-07-16,US,Kansas,Kearny,50,1,0,38.00017981,-101.32168100000001,20093.0,1302.7618551328815,2.0,49,50,1,0,49,48,3943,0,0,0,0,2
2020-07-16,US,Kansas,Kingman,5,0,0,37.55909527,-98.13638678,20095.0,69.91051454138703,0.0,5,5,0,0,5,5,7310,0,0,0,0,0
2020-07-16,US,Kansas,Kiowa,3,0,0,37.55848695,-99.2856537,20097.0,121.21212121212122,0.0,3,3,0,0,3,3,2516,0,0,0,0,0
2020-07-16,US,Kansas,Labette,83,0,0,37.19113093,-95.29849679,20099.0,423.0808441227444,0.0,83,81,0,0,81,81,19964,2,0,0,2,0
2020-07-16,US,Kansas,Lane,5,0,0,38.48119447,-100.46607540000001,20101.0,325.73289902280135,0.0,5,5,0,0,5,5,1560,0,0,0,0,0
2020-07-16,US,Kansas,Leavenworth,1240,7,0,39.20183497,-95.03620809,20103.0,1516.6711514469532,0.5645161290322581,1233,1240,7,0,1233,1227,81352,0,0,0,0,13
2020-07-16,US,Kansas,Lincoln,4,0,0,39.04549684,-98.20756994,20105.0,135.0438892640108,0.0,4,4,0,0,4,4,3023,0,0,0,0,0
2020-07-16,US,Kansas,Linn,18,0,0,38.21267844,-94.84254089,20107.0,185.50963619499126,0.0,18,18,0,0,18,17,9750,0,0,0,0,1
2020-07-16,US,Kansas,Logan,2,0,0,38.91735806,-101.148475,20109.0,71.58196134574086,0.0,2,2,0,0,2,2,2844,0,0,0,0,0
2020-07-16,US,Kansas,Lyon,536,7,0,38.45576156,-96.15275715,20111.0,1614.7010091881311,1.3059701492537314,529,536,7,0,529,532,33406,0,0,0,0,4
2020-07-16,US,Kansas,Marion,22,1,0,38.35855394,-97.09852509999999,20115.0,185.1228542578256,4.545454545454546,21,22,1,0,21,20,11950,0,0,0,0,2
2020-07-16,US,Kansas,Marshall,7,0,0,39.78359669,-96.52278974,20117.0,72.11290821056969,0.0,7,7,0,0,7,6,9722,0,0,0,0,1
2020-07-16,US,Kansas,McPherson,94,0,0,38.39184858,-97.64769869,20113.0,329.3392193959778,0.0,94,91,0,0,91,90,28537,3,0,0,3,1
2020-07-16,US,Kansas,Meade,30,0,0,37.23859987,-100.36483100000001,20119.0,743.86312918423,0.0,30,30,0,0,30,30,4146,0,0,0,0,0
2020-07-16,US,Kansas,Miami,67,0,0,38.56383358,-94.83832189,20121.0,195.69471624266143,0.0,67,67,0,0,67,57,33680,0,0,0,0,10
2020-07-16,US,Kansas,Mitchell,16,0,0,39.39331582,-98.20906732,20123.0,267.6032781401572,0.0,16,16,0,0,16,16,6150,0,0,0,0,0
2020-07-16,US,Kansas,Montgomery,75,3,0,37.19236568,-95.74329258,20125.0,235.63417009645286,4.0,72,73,3,0,70,70,32120,2,0,0,2,3
2020-07-16,US,Kansas,Morris,5,0,0,38.68827511,-96.65128437,20127.0,88.96797153024912,0.0,5,5,0,0,5,5,5521,0,0,0,0,0
2020-07-16,US,Kansas,Morton,7,2,0,37.19141121,-101.79925190000002,20129.0,270.5836876691148,28.57142857142857,5,7,2,0,5,7,2667,0,0,0,0,0
2020-07-16,US,Kansas,Nemaha,34,0,0,39.78345387,-96.01392079,20131.0,332.32333105268305,0.0,34,34,0,0,34,33,10155,0,0,0,0,1
2020-07-16,US,Kansas,Neosho,45,0,0,37.55862897,-95.30670046,20133.0,281.1270069344662,0.0,45,45,0,0,45,41,15951,0,0,0,0,4
2020-07-16,US,Kansas,Ness,5,0,0,38.47974157,-99.91547333,20135.0,181.8181818181818,0.0,5,5,0,0,5,4,2840,0,0,0,0,1
2020-07-16,US,Kansas,Norton,22,0,0,39.78443827,-99.90286639,20137.0,410.37119940309645,0.0,22,22,0,0,22,21,5430,0,0,0,0,1
2020-07-16,US,Kansas,Osage,30,0,0,38.65235984,-95.72707998,20139.0,188.09956737099503,0.0,30,30,0,0,30,29,15941,0,0,0,0,1
2020-07-16,US,Kansas,Osborne,3,0,0,39.3503437,-98.76753828,20141.0,87.69365682548961,0.0,3,3,0,0,3,3,3475,0,0,0,0,0
2020-07-16,US,Kansas,Ottawa,20,0,0,39.13237408,-97.65020313,20143.0,350.6311360448808,0.0,20,20,0,0,20,20,5802,0,0,0,0,0
2020-07-16,US,Kansas,Pawnee,7,0,0,38.18108732,-99.23692334,20145.0,109.13626442157779,0.0,7,7,0,0,7,4,6562,0,0,0,0,3
2020-07-16,US,Kansas,Phillips,38,4,0,39.78465501,-99.34668865,20147.0,726.0221627818112,10.526315789473683,34,38,4,0,34,36,5317,0,0,0,0,2
2020-07-16,US,Kansas,Pottawatomie,90,0,0,39.37925655,-96.34564657,20149.0,369.109625558791,0.0,90,90,0,0,90,86,24277,0,0,0,0,4
2020-07-16,US,Kansas,Pratt,22,0,0,37.64780729,-98.73922153,20151.0,240.06983849847228,0.0,22,22,0,0,22,16,9378,0,0,0,0,6
2020-07-16,US,Kansas,Reno,142,0,0,37.95230263,-98.08607292,20155.0,229.03964644020766,0.0,142,143,0,0,143,128,62342,-1,0,0,-1,15
2020-07-16,US,Kansas,Republic,21,0,0,39.82799632,-97.65036709,20157.0,452.97670405522,0.0,21,21,0,0,21,21,4664,0,0,0,0,0
2020-07-16,US,Kansas,Rice,10,0,0,38.34616184,-98.19992118,20159.0,104.85477613505293,0.0,10,10,0,0,10,10,9531,0,0,0,0,0
2020-07-16,US,Kansas,Riley,374,3,0,39.28935726,-96.73420026,20161.0,503.82584330208,0.8021390374331551,371,371,3,0,368,364,73703,3,0,0,3,7
2020-07-16,US,Kansas,Rooks,9,0,0,39.35022773,-99.32484567,20163.0,182.9268292682927,0.0,9,9,0,0,9,9,5013,0,0,0,0,0
2020-07-16,US,Kansas,Rush,4,0,0,38.52275276,-99.30863983,20165.0,131.75230566534916,0.0,4,4,0,0,4,4,3093,0,0,0,0,0
2020-07-16,US,Kansas,Russell,2,0,0,38.91462787,-98.76254297,20167.0,29.171528588098017,0.0,2,2,0,0,2,2,6907,0,0,0,0,0
2020-07-16,US,Kansas,Saline,250,3,0,38.78369175,-97.65185177,20169.0,461.0504573620537,1.2,247,250,3,0,247,236,54401,0,0,0,0,14
2020-07-16,US,Kansas,Scott,19,0,0,38.48222076,-100.90665390000001,20171.0,393.94567696454493,0.0,19,19,0,0,19,19,4897,0,0,0,0,0
2020-07-16,US,Kansas,Sedgwick,2386,32,0,37.6842718,-97.4608198,20173.0,462.36546637676776,1.341156747694887,2354,2293,32,0,2261,2219,513607,93,0,0,93,74
2020-07-16,US,Kansas,Seward,1105,2,0,37.19324632,-100.85072009999999,20175.0,5156.804181444839,0.18099547511312214,1103,1105,2,0,1103,1097,21780,0,0,0,0,8
2020-07-16,US,Kansas,Shawnee,1109,13,0,39.04100763,-95.75572640000001,20177.0,626.9964664310953,1.1722272317403066,1096,1082,13,0,1069,1066,177499,27,0,0,27,16
2020-07-16,US,Kansas,Sheridan,7,0,0,39.35018161,-100.44182590000001,20179.0,277.66759222530743,0.0,7,7,0,0,7,6,2533,0,0,0,0,1
2020-07-16,US,Kansas,Sherman,9,0,0,39.35147699,-101.71976240000001,20181.0,152.1041068108839,0.0,9,9,0,0,9,9,5899,0,0,0,0,0
2020-07-16,US,Kansas,Smith,3,0,0,39.78516566,-98.78566062,20183.0,83.72871895060004,0.0,3,3,0,0,3,3,3603,0,0,0,0,0
2020-07-16,US,Kansas,Stafford,2,0,0,38.03100851,-98.71762001,20185.0,48.12319538017324,0.0,2,2,0,0,2,2,4178,0,0,0,0,0
2020-07-16,US,Kansas,Stanton,12,0,0,37.56304714,-101.78435340000001,20187.0,598.2053838484546,0.0,12,12,0,0,12,12,1987,0,0,0,0,0
2020-07-16,US,Kansas,Stevens,38,0,0,37.1923008,-101.3118967,20189.0,692.7985414767547,0.0,38,38,0,0,38,36,5559,0,0,0,0,2
2020-07-16,US,Kansas,Sumner,49,1,0,37.23682549,-97.47721621,20191.0,214.57348046943423,2.0408163265306123,48,49,1,0,48,48,22996,0,0,0,0,1
2020-07-16,US,Kansas,Thomas,19,0,0,39.35107575,-101.0553705,20193.0,244.31014530024441,0.0,19,19,0,0,19,18,7711,0,0,0,0,1
2020-07-16,US,Kansas,Trego,5,0,0,38.91467218,-99.87284448,20195.0,178.38030681412772,0.0,5,5,0,0,5,5,2793,0,0,0,0,0
2020-07-16,US,Kansas,Unassigned,0,1,0,0.0,0.0,90020.0,0.0,0.0,-1,0,1,0,-1,0,,0,0,0,0,0
2020-07-16,US,Kansas,Wabaunsee,38,0,0,38.95471985,-96.20350509,20197.0,548.2614341364882,0.0,38,38,0,0,38,37,6899,0,0,0,0,1
2020-07-16,US,Kansas,Washington,1,0,0,39.78420784,-97.08753229999999,20201.0,18.49796522382538,0.0,1,1,0,0,1,1,5420,0,0,0,0,0
2020-07-16,US,Kansas,Wilson,4,0,0,37.55937174,-95.74323255,20205.0,46.920821114369495,0.0,4,4,0,0,4,4,8665,0,0,0,0,0
2020-07-16,US,Kansas,Woodson,10,0,0,37.8865336,-95.74006277,20207.0,318.6743148502232,0.0,10,10,0,0,10,10,3183,0,0,0,0,0
2020-07-16,US,Kansas,Wyandotte,3318,88,0,39.11727348,-94.76378225,20209.0,2005.694285766099,2.652200120554551,3230,3151,88,0,3063,3114,165324,167,0,0,167,37
2020-07-16,US,Kentucky,Adair,157,19,0,37.10459774,-85.28129668,21001.0,817.6231642537234,12.101910828025478,138,151,19,0,132,149,19215,6,0,0,6,2
2020-07-16,US,Kentucky,Allen,196,7,0,36.75197631,-86.19457544,21003.0,919.5402298850572,3.571428571428572,189,195,7,0,188,193,21122,1,0,0,1,2
2020-07-16,US,Kentucky,Anderson,34,1,0,38.00671029,-84.99171713,21005.0,149.47025981448104,2.9411764705882355,33,34,1,0,33,34,22663,0,0,0,0,0
2020-07-16,US,Kentucky,Ballard,22,0,0,37.05842757,-88.99427697,21007.0,278.9046653144016,0.0,22,22,0,0,22,22,7979,0,0,0,0,0
2020-07-16,US,Kentucky,Barren,144,2,0,36.96469836,-85.93338945,21009.0,325.4310831883206,1.3888888888888888,142,137,2,0,135,135,44176,7,0,0,7,2
2020-07-16,US,Kentucky,Bath,23,1,0,38.14735938,-83.74588932,21011.0,184.0,4.3478260869565215,22,22,1,0,21,22,12383,1,0,0,1,0
2020-07-16,US,Kentucky,Bell,132,0,0,36.73355174,-83.67766671,21013.0,507.0682237246466,0.0,132,121,0,0,121,114,26569,11,0,0,11,7
2020-07-16,US,Kentucky,Boone,785,23,0,38.97065142,-84.72615357,21015.0,587.6584244765347,2.929936305732484,762,763,23,0,740,755,131533,22,0,0,22,8
2020-07-16,US,Kentucky,Bourbon,49,1,0,38.2054607,-84.21827874,21017.0,247.62482312512643,2.0408163265306123,48,48,1,0,47,47,20184,1,0,0,1,1
2020-07-16,US,Kentucky,Boyd,106,3,0,38.36176608,-82.68652187,21019.0,226.8932745408622,2.830188679245283,103,105,3,0,102,101,47240,1,0,0,1,4
2020-07-16,US,Kentucky,Boyle,52,0,0,37.62680923,-84.8633779,21021.0,172.98735861610112,0.0,52,50,0,0,50,48,30100,2,0,0,2,2
2020-07-16,US,Kentucky,Bracken,21,0,0,38.69158994,-84.08532444,21023.0,252.9206310971938,0.0,21,20,0,0,20,20,8239,1,0,0,1,0
2020-07-16,US,Kentucky,Breathitt,16,0,0,37.52333168,-83.31959161,21025.0,126.6825019794141,0.0,16,15,0,0,15,15,12726,1,0,0,1,0
2020-07-16,US,Kentucky,Breckinridge,33,2,0,37.77377239,-86.42885017,21027.0,161.15641939737267,6.0606060606060606,31,31,2,0,29,30,20388,2,0,0,2,1
2020-07-16,US,Kentucky,Bullitt,186,4,0,37.97162523,-85.68955617,21029.0,227.729075860718,2.150537634408602,182,184,4,0,180,180,81069,2,0,0,2,4
2020-07-16,US,Kentucky,Butler,269,14,0,37.20946153,-86.68748787,21031.0,2088.671480705024,5.204460966542751,255,268,14,0,254,267,12772,1,0,0,1,1
2020-07-16,US,Kentucky,Caldwell,38,0,0,37.14749129,-87.86948214,21033.0,298.109359064878,0.0,38,36,0,0,36,34,12715,2,0,0,2,2
2020-07-16,US,Kentucky,Calloway,121,1,0,36.62093411,-88.2731593,21035.0,310.2484551678162,0.8264462809917356,120,119,1,0,118,117,39135,2,0,0,2,2
2020-07-16,US,Kentucky,Campbell,351,13,0,38.94384345,-84.37875208,21037.0,375.0641135236793,3.703703703703704,338,343,13,0,330,342,93152,8,0,0,8,1
2020-07-16,US,Kentucky,Carlisle,13,1,0,36.85372876,-88.96692220000001,21039.0,273.109243697479,7.6923076923076925,12,13,1,0,12,13,4771,0,0,0,0,0
2020-07-16,US,Kentucky,Carroll,97,1,0,38.66599534,-85.12601074,21041.0,912.4259241839903,1.0309278350515465,96,96,1,0,95,88,10737,1,0,0,1,8
2020-07-16,US,Kentucky,Carter,56,1,0,38.31690743,-83.05092385,21043.0,208.9786170093668,1.7857142857142858,55,54,1,0,53,48,27004,2,0,0,2,6
2020-07-16,US,Kentucky,Casey,79,4,0,37.32533118,-84.92726209,21045.0,488.8916393341172,5.063291139240507,75,68,4,0,64,49,15888,11,0,0,11,19
2020-07-16,US,Kentucky,Christian,320,4,0,36.89267803,-87.49055367,21047.0,454.1519422091653,1.25,316,321,4,0,317,309,71671,-1,0,0,-1,12
2020-07-16,US,Kentucky,Clark,119,6,0,37.9689263,-84.14615986,21049.0,328.1581777569424,5.042016806722689,113,117,6,0,111,117,36249,2,0,0,2,0
2020-07-16,US,Kentucky,Clay,98,4,0,37.16451126,-83.712575,21051.0,492.43756595145965,4.081632653061225,94,97,4,0,93,88,20105,1,0,0,1,9
2020-07-16,US,Kentucky,Clinton,7,0,0,36.72581156,-85.13377529,21053.0,68.50655705617538,0.0,7,9,0,0,9,9,10206,-2,0,0,-2,0
2020-07-16,US,Kentucky,Crittenden,14,1,0,37.35839237,-88.08826090000002,21055.0,158.9825119236884,7.142857142857142,13,13,1,0,12,12,8915,1,0,0,1,1
2020-07-16,US,Kentucky,Cumberland,8,0,0,36.78926125,-85.39050034,21057.0,120.95554883580284,0.0,8,8,0,0,8,8,6659,0,0,0,0,0
2020-07-16,US,Kentucky,Daviess,539,8,0,37.73028906,-87.09019479999998,21059.0,530.9769384598713,1.4842300556586268,531,534,8,0,526,518,101104,5,0,0,5,16
2020-07-16,US,Kentucky,Edmonson,82,12,0,37.21218923,-86.23955613,21061.0,674.8971193415637,14.634146341463413,70,82,12,0,70,81,12274,0,0,0,0,1
2020-07-16,US,Kentucky,Elliott,5,0,0,38.11624059,-83.09771563,21063.0,66.51589729945456,0.0,5,5,0,0,5,5,7508,0,0,0,0,0
2020-07-16,US,Kentucky,Estill,7,0,0,37.69241417,-83.95956369,21065.0,49.62427335885439,0.0,7,7,0,0,7,7,14198,0,0,0,0,0
2020-07-16,US,Kentucky,Fayette,2008,40,0,38.0368225,-84.45576892,21067.0,621.3794127840769,1.99203187250996,1968,2001,39,0,1962,1940,323780,7,1,0,6,61
2020-07-16,US,Kentucky,Fleming,33,0,0,38.36758311,-83.69657514,21069.0,226.32192579384133,0.0,33,31,0,0,31,31,14432,2,0,0,2,0
2020-07-16,US,Kentucky,Floyd,49,1,0,37.56213922,-82.74750924,21071.0,137.68299193571048,2.0408163265306123,48,43,1,0,42,44,35845,6,0,0,6,-1
2020-07-16,US,Kentucky,Franklin,169,4,0,38.2379395,-84.87962551,21073.0,331.4310368496401,2.366863905325444,165,169,4,0,165,168,50815,0,0,0,0,1
2020-07-16,US,Kentucky,Fulton,30,1,0,36.55238827,-89.20140068,21075.0,502.5967498743508,3.333333333333333,29,29,1,0,28,29,6120,1,0,0,1,0
2020-07-16,US,Kentucky,Gallatin,71,8,0,38.75398691,-84.8558382,21077.0,800.5412109595219,11.267605633802814,63,69,8,0,61,68,8832,2,0,0,2,1
2020-07-16,US,Kentucky,Garrard,42,0,0,37.638866799999995,-84.53289319,21079.0,237.7448205592664,0.0,42,42,0,0,42,40,17560,0,0,0,0,2
2020-07-16,US,Kentucky,Grant,71,5,0,38.64962758,-84.62415957,21081.0,283.21831744385486,7.042253521126762,66,70,5,0,65,70,25121,1,0,0,1,0
2020-07-16,US,Kentucky,Graves,349,21,0,36.72292505,-88.65143315,21083.0,936.5104921376053,6.017191977077363,328,334,21,0,313,328,37317,15,0,0,15,6
2020-07-16,US,Kentucky,Grayson,156,11,0,37.46231118,-86.34248968,21085.0,590.3053695084573,7.05128205128205,145,152,11,0,141,150,26321,4,0,0,4,2
2020-07-16,US,Kentucky,Green,13,1,0,37.26484328,-85.5540745,21087.0,118.81912073850654,7.6923076923076925,12,13,1,0,12,13,11049,0,0,0,0,0
2020-07-16,US,Kentucky,Greenup,47,0,0,38.54332505,-82.9215658,21089.0,133.9107641461052,0.0,47,45,0,0,45,45,35268,2,0,0,2,0
2020-07-16,US,Kentucky,Hancock,33,0,0,37.83766422,-86.78280584,21091.0,378.3535886264617,0.0,33,33,0,0,33,32,8758,0,0,0,0,1
2020-07-16,US,Kentucky,Hardin,307,7,0,37.6976111,-85.96319251,21093.0,276.6812667856306,2.280130293159609,300,299,7,0,292,286,110356,8,0,0,8,13
2020-07-16,US,Kentucky,Harlan,61,2,0,36.85699301,-83.21899516,21095.0,234.52518262206848,3.278688524590164,59,58,2,0,56,45,26409,3,0,0,3,13
2020-07-16,US,Kentucky,Harrison,86,0,0,38.44188174,-84.32869741,21097.0,455.3637615164672,0.0,86,86,0,0,86,82,18778,0,0,0,0,4
2020-07-16,US,Kentucky,Hart,52,0,0,37.29943898,-85.88461055,21099.0,273.18098240084055,0.0,52,50,0,0,50,50,18906,2,0,0,2,0
2020-07-16,US,Kentucky,Henderson,221,3,0,37.79344553,-87.57392021,21101.0,488.82990488829904,1.3574660633484164,218,221,3,0,218,214,45591,0,0,0,0,7
2020-07-16,US,Kentucky,Henry,50,2,0,38.44942688,-85.11587507,21103.0,310.05829095870024,4.0,48,49,2,0,47,45,16106,1,0,0,1,4
2020-07-16,US,Kentucky,Hickman,10,0,0,36.67948079999999,-88.97875928,21105.0,228.31050228310505,0.0,10,8,0,0,8,7,4421,2,0,0,2,1
2020-07-16,US,Kentucky,Hopkins,322,33,0,37.30939025,-87.54670406,21107.0,720.5836279819182,10.248447204968944,289,321,33,0,288,317,45068,1,0,0,1,4
2020-07-16,US,Kentucky,Jackson,118,14,0,37.41866422,-83.99825483,21109.0,885.2877185085154,11.864406779661017,104,118,14,0,104,117,13442,0,0,0,0,1
2020-07-16,US,Kentucky,Jefferson,4778,211,0,38.18664655,-85.65931031,21111.0,623.1439686889066,4.416073670992047,4567,4709,209,0,4500,4661,770517,69,2,0,67,48
2020-07-16,US,Kentucky,Jessamine,155,0,0,37.87119786,-84.58252003,21113.0,286.42705349718193,0.0,155,154,0,0,154,147,53920,1,0,0,1,7
2020-07-16,US,Kentucky,Johnson,12,0,0,37.85106355,-82.8264322,21115.0,54.08328826392645,0.0,12,12,0,0,12,12,22386,0,0,0,0,0
2020-07-16,US,Kentucky,Kenton,944,37,0,38.93950319,-84.53241199,21117.0,565.2762308530641,3.9194915254237284,907,927,37,0,890,909,166051,17,0,0,17,18
2020-07-16,US,Kentucky,Knott,23,0,0,37.35388197,-82.94981134,21119.0,155.34242874510338,0.0,23,23,0,0,23,23,15126,0,0,0,0,0
2020-07-16,US,Kentucky,Knox,117,7,0,36.89225732,-83.85403396,21121.0,375.66222507625616,5.982905982905983,110,113,5,0,108,106,31304,4,2,0,2,7
2020-07-16,US,Kentucky,Larue,25,1,0,37.54567114,-85.70138352,21123.0,173.6352271148771,4.0,24,21,1,0,20,21,14307,4,0,0,4,0
2020-07-16,US,Kentucky,Laurel,217,4,0,37.10975748,-84.11321779,21125.0,356.8315985068982,1.8433179723502304,213,210,4,0,206,191,60669,7,0,0,7,19
2020-07-16,US,Kentucky,Lawrence,14,0,0,38.07136018,-82.72882223,21127.0,91.4017105177254,0.0,14,14,0,0,14,13,15571,0,0,0,0,1
2020-07-16,US,Kentucky,Lee,1,0,0,37.59645942,-83.71513901,21129.0,13.508037282182901,0.0,1,1,0,0,1,1,7033,0,0,0,0,0
2020-07-16,US,Kentucky,Leslie,13,0,0,37.09246661,-83.37999606,21131.0,131.61891262529107,0.0,13,12,0,0,12,11,10143,1,0,0,1,1
2020-07-16,US,Kentucky,Letcher,22,0,0,37.12306748,-82.85346474,21133.0,102.07395722173248,0.0,22,21,0,0,21,21,21899,1,0,0,1,0
2020-07-16,US,Kentucky,Lewis,24,0,0,38.53184419,-83.37735618,21135.0,180.7909604519774,0.0,24,24,0,0,24,24,13257,0,0,0,0,0
2020-07-16,US,Kentucky,Lincoln,65,1,0,37.45475628,-84.6565327,21137.0,264.77656931035887,1.5384615384615383,64,61,1,0,60,61,24644,4,0,0,4,0
2020-07-16,US,Kentucky,Livingston,23,0,0,37.21137452,-88.34797529,21139.0,250.16314988035674,0.0,23,23,0,0,23,23,9242,0,0,0,0,0
2020-07-16,US,Kentucky,Logan,261,14,0,36.85949479,-86.877635,21141.0,963.02855877795,5.363984674329502,247,254,14,0,240,253,26989,7,0,0,7,1
2020-07-16,US,Kentucky,Lyon,25,3,0,37.02080035,-88.07886257,21143.0,304.50669914738125,12.0,22,24,3,0,21,23,8009,1,0,0,1,1
2020-07-16,US,Kentucky,Madison,232,1,0,37.71659336,-84.27220275,21151.0,249.4972415498941,0.4310344827586207,231,221,1,0,220,210,92368,11,0,0,11,11
2020-07-16,US,Kentucky,Magoffin,7,0,0,37.70820545,-83.0657714,21153.0,57.561055834224156,0.0,7,7,0,0,7,7,12362,0,0,0,0,0
2020-07-16,US,Kentucky,Marion,76,0,0,37.55218078,-85.26898542,21155.0,394.33404244279563,0.0,76,70,0,0,70,68,19404,6,0,0,6,2
2020-07-16,US,Kentucky,Marshall,82,2,0,36.88007070000001,-88.32803576,21157.0,263.66559485530547,2.4390243902439024,80,81,2,0,79,74,31191,1,0,0,1,7
2020-07-16,US,Kentucky,Martin,12,0,0,37.79990579,-82.51247478,21159.0,107.19071013845465,0.0,12,12,0,0,12,12,11323,0,0,0,0,0
2020-07-16,US,Kentucky,Mason,40,1,0,38.59471935,-83.82151043,21161.0,234.3292325717633,2.5,39,40,1,0,39,40,17150,0,0,0,0,0
2020-07-16,US,Kentucky,McCracken,222,3,0,37.05350953,-88.70445755,21145.0,339.3561405117857,1.351351351351351,219,215,3,0,212,210,65346,7,0,0,7,5
2020-07-16,US,Kentucky,McCreary,19,0,0,36.73874143,-84.48102924,21147.0,110.26638036097731,0.0,19,19,0,0,19,18,17408,0,0,0,0,1
2020-07-16,US,Kentucky,McLean,31,1,0,37.5301951,-87.26803443,21149.0,336.7003367003366,3.2258064516129035,30,29,1,0,28,29,9252,2,0,0,2,0
2020-07-16,US,Kentucky,Meade,40,2,0,37.96163597,-86.21028219,21163.0,139.9972000559989,5.0,38,38,2,0,36,35,28715,2,0,0,2,3
2020-07-16,US,Kentucky,Menifee,18,0,0,37.94090733,-83.59985712,21165.0,277.3925104022192,0.0,18,14,0,0,14,14,6451,4,0,0,4,0
2020-07-16,US,Kentucky,Mercer,31,0,0,37.81474237,-84.87488475,21167.0,141.3395340354717,0.0,31,31,0,0,31,31,21774,0,0,0,0,0
2020-07-16,US,Kentucky,Metcalfe,17,2,0,36.99459295,-85.63123699,21169.0,168.801509284083,11.764705882352944,15,17,2,0,15,17,10030,0,0,0,0,0
2020-07-16,US,Kentucky,Monroe,53,2,0,36.71225341,-85.71596443,21171.0,497.6525821596244,3.7735849056603774,51,53,2,0,51,53,10718,0,0,0,0,0
2020-07-16,US,Kentucky,Montgomery,76,0,0,38.03253032,-83.9145241,21173.0,269.91511879816744,0.0,76,76,0,0,76,76,28203,0,0,0,0,0
2020-07-16,US,Kentucky,Morgan,20,0,0,37.92465657,-83.25558245,21175.0,150.2742505071756,0.0,20,20,0,0,20,20,13345,0,0,0,0,0
2020-07-16,US,Kentucky,Muhlenberg,564,8,0,37.21425819,-87.14632053,21177.0,1841.813075566586,1.4184397163120568,556,552,8,0,544,543,30774,12,0,0,12,9
2020-07-16,US,Kentucky,Nelson,130,2,0,37.80335779,-85.4657193,21179.0,281.18443536002417,1.5384615384615383,128,126,2,0,124,119,45851,4,0,0,4,7
2020-07-16,US,Kentucky,Nicholas,13,0,0,38.33342292,-84.01889177,21181.0,178.84165634887881,0.0,13,13,0,0,13,12,7166,0,0,0,0,1
2020-07-16,US,Kentucky,Ohio,259,1,0,37.47751843,-86.85368087,21183.0,1079.4365257981162,0.3861003861003861,258,234,1,0,233,224,24087,25,0,0,25,10
2020-07-16,US,Kentucky,Oldham,186,7,0,38.39791089,-85.448222,21185.0,278.44728214494233,3.7634408602150535,179,181,7,0,174,178,66470,5,0,0,5,3
2020-07-16,US,Kentucky,Owen,13,0,0,38.51679143,-84.82404619,21187.0,119.25511420970552,0.0,13,13,0,0,13,11,10880,0,0,0,0,2
2020-07-16,US,Kentucky,Owsley,3,0,0,37.42823949,-83.68811419,21189.0,67.95016987542469,0.0,3,3,0,0,3,3,4472,0,0,0,0,0
2020-07-16,US,Kentucky,Pendleton,24,0,0,38.69607718,-84.35599463,21191.0,164.4962302947224,0.0,24,23,0,0,23,23,14529,1,0,0,1,0
2020-07-16,US,Kentucky,Perry,111,2,0,37.25023553,-83.22922731,21193.0,430.93407873282086,1.8018018018018016,109,106,2,0,104,98,26092,5,0,0,5,8
2020-07-16,US,Kentucky,Pike,131,3,0,37.47088263,-82.39487445,21195.0,226.34598106296212,2.2900763358778624,128,129,3,0,126,128,58402,2,0,0,2,1
2020-07-16,US,Kentucky,Powell,17,0,0,37.83218794,-83.82553961,21197.0,137.5515818431912,0.0,17,15,0,0,15,13,12442,2,0,0,2,2
2020-07-16,US,Kentucky,Pulaski,134,2,0,37.10466131,-84.57629079,21199.0,206.2204712291664,1.492537313432836,132,134,2,0,132,130,64623,0,0,0,0,4
2020-07-16,US,Kentucky,Robertson,1,0,0,38.51923469,-84.05055616,21201.0,47.43833017077799,0.0,1,1,0,0,1,1,2135,0,0,0,0,0
2020-07-16,US,Kentucky,Rockcastle,37,0,0,37.36642393,-84.31176452,21203.0,221.623240491165,0.0,37,34,0,0,34,34,16750,3,0,0,3,0
2020-07-16,US,Kentucky,Rowan,36,0,0,38.19484205,-83.42088935,21205.0,147.1790678659035,0.0,36,34,0,0,34,34,24583,2,0,0,2,0
2020-07-16,US,Kentucky,Russell,70,5,0,36.99308373,-85.06070117,21207.0,390.5596161356916,7.142857142857142,65,68,5,0,63,68,17821,2,0,0,2,0
2020-07-16,US,Kentucky,Scott,137,0,0,38.29622293,-84.5816631,21209.0,240.3340116483054,0.0,137,133,0,0,133,131,56031,4,0,0,4,2
2020-07-16,US,Kentucky,Shelby,586,20,0,38.21476019,-85.194223,21211.0,1195.3328981723234,3.4129692832764507,566,580,20,0,560,577,48518,6,0,0,6,3
2020-07-16,US,Kentucky,Simpson,94,3,0,36.74058474,-86.58047435,21213.0,506.13827266853326,3.191489361702128,91,93,3,0,90,90,18529,1,0,0,1,3
2020-07-16,US,Kentucky,Spencer,57,0,0,38.03223971,-85.32749335,21215.0,294.5584207534493,0.0,57,53,0,0,53,52,18794,4,0,0,4,1
2020-07-16,US,Kentucky,Taylor,61,1,0,37.3677562,-85.3329931,21217.0,236.71853777795025,1.639344262295082,60,59,1,0,58,55,25549,2,0,0,2,4
2020-07-16,US,Kentucky,Todd,27,0,0,36.8381152,-87.17878374,21219.0,219.6193265007321,0.0,27,27,0,0,27,27,12311,0,0,0,0,0
2020-07-16,US,Kentucky,Trigg,32,0,0,36.80767017,-87.87333656,21221.0,218.4151252474234,0.0,32,31,0,0,31,31,14643,1,0,0,1,0
2020-07-16,US,Kentucky,Trimble,18,0,0,38.61056487,-85.33775972,21223.0,212.48967064101046,0.0,18,16,0,0,16,16,8515,2,0,0,2,0
2020-07-16,US,Kentucky,Unassigned,1,0,0,0.0,0.0,90021.0,0.0,0.0,1,3,0,0,3,11,,-2,0,0,-2,-8
2020-07-16,US,Kentucky,Union,33,0,0,37.66166713,-87.94300009,21225.0,229.46943884291767,0.0,33,33,0,0,33,32,14505,0,0,0,0,1
2020-07-16,US,Kentucky,Warren,1850,18,0,36.99903045,-86.42672751,21227.0,1392.0659764026004,0.972972972972973,1832,1830,18,0,1812,1808,131264,20,0,0,20,22
2020-07-16,US,Kentucky,Washington,38,0,0,37.75599461,-85.17407732,21229.0,314.1794129805705,0.0,38,36,0,0,36,35,12084,2,0,0,2,1
2020-07-16,US,Kentucky,Wayne,28,0,0,36.80310688,-84.8251971,21231.0,137.70717552746763,0.0,28,26,0,0,26,23,20468,2,0,0,2,3
2020-07-16,US,Kentucky,Webster,57,0,0,37.52168356,-87.67989953,21233.0,440.42651831247116,0.0,57,57,0,0,57,55,13111,0,0,0,0,2
2020-07-16,US,Kentucky,Whitley,64,0,0,36.75700531,-84.14541217,21235.0,176.4835649680124,0.0,64,62,0,0,62,57,36242,2,0,0,2,5
2020-07-16,US,Kentucky,Wolfe,6,0,0,37.73941626,-83.49303612,21237.0,83.83400866284757,0.0,6,6,0,0,6,6,7177,0,0,0,0,0
2020-07-16,US,Kentucky,Woodford,93,0,0,38.04178222,-84.7417556,21239.0,347.87162414902366,0.0,93,91,0,0,91,86,26533,2,0,0,2,5
2020-07-16,US,Louisiana,Acadia,1574,48,0,30.295064899999996,-92.41419698,22001.0,2536.868401966315,3.0495552731893265,1526,1510,46,0,1464,1453,62190,64,2,0,62,57
2020-07-16,US,Louisiana,Allen,554,14,0,30.65385745,-92.82442028,22003.0,2161.7824950247787,2.527075812274368,540,514,14,0,500,497,25605,40,0,0,40,17
2020-07-16,US,Louisiana,Ascension,1755,64,0,30.20406249,-90.91328409999998,22005.0,1386.2121259991784,3.6467236467236472,1691,1710,64,0,1646,1655,124672,45,0,0,45,55
2020-07-16,US,Louisiana,Assumption,439,17,0,29.89946234,-91.06461642,22007.0,2005.3903430633593,3.87243735763098,422,435,17,0,418,432,22300,4,0,0,4,3
2020-07-16,US,Louisiana,Avoyelles,565,17,0,31.07796211,-92.00079449,22009.0,1407.4332403347946,3.008849557522124,548,549,17,0,532,512,40462,16,0,0,16,37
2020-07-16,US,Louisiana,Beauregard,414,9,0,30.64836518,-93.34173616,22011.0,1104.0883270661652,2.1739130434782608,405,385,9,0,376,375,37253,29,0,0,29,10
2020-07-16,US,Louisiana,Bienville,278,28,0,32.34569994,-93.05398492,22013.0,2099.5393097198103,10.071942446043163,250,275,28,0,247,272,13308,3,0,0,3,3
2020-07-16,US,Louisiana,Bossier,1432,41,0,32.67932307,-93.60460152,22015.0,1127.2129031242375,2.863128491620112,1391,1403,39,0,1364,1370,127185,29,2,0,27,33
2020-07-16,US,Louisiana,Caddo,4681,252,0,32.57991587,-93.88375652,22017.0,1948.7602204792602,5.3834650715659045,4429,4606,249,0,4357,4522,242922,75,3,0,72,84
2020-07-16,US,Louisiana,Calcasieu,3864,75,0,30.22931235,-93.35400434,22019.0,1899.3688432725767,1.940993788819876,3789,3705,74,0,3631,3435,203112,159,1,0,158,270
2020-07-16,US,Louisiana,Caldwell,129,1,0,32.0902519,-92.11752148,22021.0,1300.6654567453115,0.7751937984496124,128,127,1,0,126,124,9960,2,0,0,2,3
2020-07-16,US,Louisiana,Cameron,119,0,0,29.87592238,-93.19310676,22023.0,1706.5825326258425,0.0,119,117,0,0,117,115,6968,2,0,0,2,2
2020-07-16,US,Louisiana,Catahoula,220,3,0,31.66778967,-91.84526385,22025.0,2317.253001895934,1.3636363636363635,217,218,3,0,215,217,9608,2,0,0,2,1
2020-07-16,US,Louisiana,Claiborne,159,10,0,32.82308512,-92.99526883,22027.0,1014.6777281429484,6.289308176100628,149,156,10,0,146,154,15944,3,0,0,3,2
2020-07-16,US,Louisiana,Concordia,167,7,0,31.44817835,-91.63814433,22029.0,867.1270574796199,4.1916167664670665,160,159,7,0,152,153,19572,8,0,0,8,6
2020-07-16,US,Louisiana,De Soto,468,21,0,32.05457447,-93.74130302,22031.0,1704.1109856898377,4.487179487179487,447,461,21,0,440,449,27436,7,0,0,7,12
2020-07-16,US,Louisiana,East Baton Rouge,7830,280,0,30.53842039,-91.09777565,22033.0,1779.306865670285,3.5759897828863347,7550,7606,279,0,7327,7421,440956,224,1,0,223,185
2020-07-16,US,Louisiana,East Carroll,476,1,0,32.73926954,-91.23425694,22035.0,6937.764174318612,0.21008403361344535,475,463,1,0,462,463,7037,13,0,0,13,0
2020-07-16,US,Louisiana,East Feliciana,383,34,0,30.84425359,-91.04976723,22037.0,2001.5678076822574,8.877284595300262,349,374,34,0,340,361,19305,9,0,0,9,13
2020-07-16,US,Louisiana,Evangeline,403,2,0,30.72985248,-92.39915924,22039.0,1206.7674801617004,0.4962779156327544,401,372,2,0,370,359,33443,31,0,0,31,13
2020-07-16,US,Louisiana,Franklin,595,14,0,32.13675181,-91.67589857,22041.0,2972.7704221833624,2.3529411764705883,581,580,14,0,566,575,20156,15,0,0,15,5
2020-07-16,US,Louisiana,Grant,145,2,0,31.59882456,-92.56124347,22043.0,647.6394658091028,1.3793103448275863,143,142,2,0,140,136,22482,3,0,0,3,6
2020-07-16,US,Louisiana,Iberia,1524,53,0,29.86803617,-91.75871777,22045.0,2182.4430760418163,3.4776902887139114,1471,1472,53,0,1419,1408,70941,52,0,0,52,64
2020-07-16,US,Louisiana,Iberville,887,43,0,30.25734305,-91.3499598,22047.0,2728.307342130356,4.8478015783540025,844,871,43,0,828,857,32721,16,0,0,16,14
2020-07-16,US,Louisiana,Jackson,252,17,0,32.30251776,-92.55692092,22049.0,1600.6097560975604,6.746031746031746,235,247,17,0,230,243,15902,5,0,0,5,4
2020-07-16,US,Louisiana,Jefferson,11836,497,0,29.74075478,-90.11115756,22051.0,2736.691692119873,4.19905373436972,11339,11614,495,0,11119,11450,434051,222,2,0,220,164
2020-07-16,US,Louisiana,Jefferson Davis,705,14,0,30.26896765,-92.81210004,22053.0,2247.513389441469,1.9858156028368796,691,680,14,0,666,640,31582,25,0,0,25,40
2020-07-16,US,Louisiana,LaSalle,135,1,0,31.67884782,-92.15907765,22059.0,906.5269943593877,0.7407407407407407,134,130,1,0,129,125,14917,5,0,0,5,5
2020-07-16,US,Louisiana,Lafayette,4520,57,0,30.2049055,-92.06959876,22055.0,1849.5028438152133,1.2610619469026552,4463,4352,55,0,4297,4216,242782,168,2,0,166,136
2020-07-16,US,Louisiana,Lafourche,1795,91,0,29.52470226,-90.40976986,22057.0,1838.8755711270928,5.069637883008356,1704,1721,91,0,1630,1677,98115,74,0,0,74,44
2020-07-16,US,Louisiana,Lincoln,473,19,0,32.6003154,-92.66597409999999,22061.0,1011.937871721364,4.016913319238901,454,468,19,0,449,460,47196,5,0,0,5,8
2020-07-16,US,Louisiana,Livingston,1721,41,0,30.44143993,-90.73061664,22063.0,1222.3966361008318,2.3823358512492736,1680,1685,41,0,1644,1645,139567,36,0,0,36,40
2020-07-16,US,Louisiana,Madison,454,6,0,32.36918118,-91.23973355,22065.0,4145.740115057985,1.3215859030837005,448,448,5,0,443,441,11161,6,1,0,5,7
2020-07-16,US,Louisiana,Morehouse,308,10,0,32.81686191,-91.80421614,22067.0,1238.240733295811,3.2467532467532467,298,300,10,0,290,294,25398,8,0,0,8,6
2020-07-16,US,Louisiana,Natchitoches,454,14,0,31.72321584,-93.09816516,22069.0,1189.7898212694586,3.0837004405286343,440,443,14,0,429,433,38659,11,0,0,11,10
2020-07-16,US,Louisiana,Orleans,9052,543,0,30.06971951,-89.92660315,22071.0,2320.168963254593,5.9986743261157764,8509,8946,543,0,8403,8846,391006,106,0,0,106,100
2020-07-16,US,Louisiana,Ouachita,3388,95,0,32.47645559,-92.15704172,22073.0,2210.3484495592998,2.8040141676505312,3293,3296,92,0,3204,3214,154475,92,3,0,89,82
2020-07-16,US,Louisiana,Plaquemines,332,18,0,29.42245447,-89.60322085,22075.0,1431.2195542527054,5.421686746987952,314,327,18,0,309,322,23410,5,0,0,5,5
2020-07-16,US,Louisiana,Pointe Coupee,450,28,0,30.71409502,-91.60209535,22077.0,2070.8697653014265,6.222222222222222,422,430,28,0,402,413,21940,20,0,0,20,17
2020-07-16,US,Louisiana,Rapides,2159,81,0,31.19778499,-92.52997303,22079.0,1665.2782919906208,3.751736915238536,2078,2104,81,0,2023,2059,130562,55,0,0,55,45
2020-07-16,US,Louisiana,Red River,112,9,0,32.09530039,-93.34213308,22081.0,1326.6998341625208,8.035714285714286,103,98,9,0,89,96,8477,14,0,0,14,2
2020-07-16,US,Louisiana,Richland,332,5,0,32.41391005,-91.76634876,22083.0,1649.9353940960143,1.5060240963855422,327,302,5,0,297,294,20192,30,0,0,30,8
2020-07-16,US,Louisiana,Sabine,261,1,0,31.56388699,-93.55433981,22085.0,1092.7817785965499,0.3831417624521073,260,242,1,0,241,236,24032,19,0,0,19,6
2020-07-16,US,Louisiana,St. Bernard,774,24,0,29.87761636,-89.51887093,22087.0,1638.3032766065533,3.1007751937984502,750,754,24,0,730,738,46721,20,0,0,20,16
2020-07-16,US,Louisiana,St. Charles,929,50,0,29.90709658,-90.35555967,22089.0,1749.5291902071563,5.3821313240043045,879,913,49,0,864,903,52879,16,1,0,15,10
2020-07-16,US,Louisiana,St. Helena,147,1,0,30.82210324,-90.71013176,22091.0,1450.8487958941969,0.6802721088435374,146,145,1,0,144,145,10262,2,0,0,2,0
2020-07-16,US,Louisiana,St. James,483,30,0,30.02531716,-90.80212061,22093.0,2289.533560864619,6.211180124223603,453,474,30,0,444,465,21037,9,0,0,9,9
2020-07-16,US,Louisiana,St. John the Baptist,1115,88,0,30.12597499,-90.4753503,22095.0,2602.8900249784065,7.892376681614349,1027,1106,88,0,1018,1098,43184,9,0,0,9,8
2020-07-16,US,Louisiana,St. Landry,1308,60,0,30.59724262,-92.00135806,22097.0,1592.713457698115,4.587155963302751,1248,1243,60,0,1183,1198,82764,65,0,0,65,45
2020-07-16,US,Louisiana,St. Martin,1149,30,0,30.13112107,-91.61403569,22099.0,2150.4370122213695,2.610966057441253,1119,1129,29,0,1100,1110,53621,20,1,0,19,19
2020-07-16,US,Louisiana,St. Mary,959,39,0,29.69262097,-91.44702164,22101.0,1943.341168841696,4.066736183524505,920,901,39,0,862,843,49774,58,0,0,58,58
2020-07-16,US,Louisiana,St. Tammany,3474,188,0,30.40942847,-89.95642711,22103.0,1334.004047323736,5.411629245826137,3286,3395,187,0,3208,3342,258111,79,1,0,78,53
2020-07-16,US,Louisiana,Tangipahoa,2142,46,0,30.62888673,-90.40664996,22105.0,1589.5160213122786,2.1475256769374416,2096,2081,45,0,2036,2020,133777,61,1,0,60,61
2020-07-16,US,Louisiana,Tensas,38,0,0,32.00760749,-91.32915234,22107.0,876.7881864328565,0.0,38,37,0,0,37,35,4462,1,0,0,1,2
2020-07-16,US,Louisiana,Terrebonne,1901,67,0,29.37343766,-90.82626855,22109.0,1720.9693919120775,3.5244608100999475,1834,1824,67,0,1757,1750,111021,77,0,0,77,74
2020-07-16,US,Louisiana,Unassigned,3,110,0,0.0,0.0,90022.0,0.0,3666.666666666666,-107,2,110,0,-108,0,,1,0,0,1,2
2020-07-16,US,Louisiana,Union,491,30,0,32.83121059,-92.3749373,22111.0,2220.9155056992945,6.109979633401222,461,488,29,0,459,483,22330,3,1,0,2,5
2020-07-16,US,Louisiana,Vermilion,689,9,0,29.83517605,-92.30292538,22113.0,1157.7691519214936,1.3062409288824384,680,655,8,0,647,609,59830,34,1,0,33,46
2020-07-16,US,Louisiana,Vernon,322,11,0,31.10884837,-93.18153838,22115.0,678.9095279259525,3.4161490683229814,311,319,10,0,309,301,48860,3,1,0,2,18
2020-07-16,US,Louisiana,Washington,904,51,0,30.85288548,-90.03866652,22117.0,1956.9641078928,5.641592920353983,853,883,51,0,832,871,46582,21,0,0,21,12
2020-07-16,US,Louisiana,Webster,576,12,0,32.70847669,-93.33121835,22119.0,1502.3474178403753,2.083333333333333,564,564,12,0,552,554,38798,12,0,0,12,10
2020-07-16,US,Louisiana,West Baton Rouge,439,32,0,30.46058217,-91.30989571,22121.0,1658.7946344228226,7.289293849658314,407,427,32,0,395,415,26427,12,0,0,12,12
2020-07-16,US,Louisiana,West Carroll,182,5,0,32.78550125,-91.461201,22123.0,1680.517082179132,2.7472527472527477,177,173,5,0,168,173,10982,9,0,0,9,0
2020-07-16,US,Louisiana,West Feliciana,278,14,0,30.87882871,-91.41485379999999,22125.0,1785.7142857142858,5.035971223021583,264,276,14,0,262,275,15460,2,0,0,2,1
2020-07-16,US,Louisiana,Winn,308,5,0,31.94449367,-92.63789413,22127.0,2215.1898734177216,1.6233766233766234,303,299,5,0,294,295,14134,9,0,0,9,4
2020-07-16,US,Maine,Androscoggin,507,4,0,44.1664747,-70.20380627,23001.0,468.2434866130388,0.7889546351084813,503,506,4,0,502,502,107679,1,0,0,1,4
2020-07-16,US,Maine,Aroostook,25,1,0,46.65926321,-68.59841248,23003.0,37.28282752963985,4.0,24,24,1,0,23,25,67111,1,0,0,1,-1
2020-07-16,US,Maine,Cumberland,1911,67,0,43.8370751,-70.37226999,23005.0,647.7900224743478,3.5060177917320776,1844,1901,67,0,1834,1897,293557,10,0,0,10,4
2020-07-16,US,Maine,Franklin,41,1,0,44.97330019,-70.44381045,23007.0,135.76608496970098,2.4390243902439024,40,41,1,0,40,41,29897,0,0,0,0,0
2020-07-16,US,Maine,Hancock,19,1,0,44.59816444,-68.38401854,23009.0,34.553621765144484,5.2631578947368425,18,18,1,0,17,18,54811,1,0,0,1,0
2020-07-16,US,Maine,Kennebec,147,10,0,44.40759555,-69.76738544,23011.0,120.19427319258884,6.802721088435375,137,147,10,0,137,147,122083,0,0,0,0,0
2020-07-16,US,Maine,Knox,25,1,0,44.11486325,-69.10529169,23013.0,62.858292265915715,4.0,24,25,1,0,24,25,39771,0,0,0,0,0
2020-07-16,US,Maine,Lincoln,27,0,0,44.05996956,-69.54227124,23015.0,77.95807587919386,0.0,27,26,0,0,26,26,34342,1,0,0,1,0
2020-07-16,US,Maine,Oxford,48,0,0,44.49952995,-70.75682123,23017.0,82.79430789133247,0.0,48,48,0,0,48,46,57618,0,0,0,0,2
2020-07-16,US,Maine,Penobscot,126,4,0,45.40194593,-68.65020455,23019.0,82.81410205852197,3.1746031746031744,122,125,4,0,121,124,151096,1,0,0,1,1
2020-07-16,US,Maine,Piscataquis,4,0,0,45.83839062,-69.2860223,23021.0,23.83080131069407,0.0,4,4,0,0,4,5,16800,0,0,0,0,-1
2020-07-16,US,Maine,Sagadahoc,34,0,0,43.95415864,-69.85074999,23023.0,94.82373940205264,0.0,34,34,0,0,34,34,35634,0,0,0,0,0
2020-07-16,US,Maine,Somerset,31,0,0,45.51229767,-69.95995554,23025.0,61.405593851517324,0.0,31,31,0,0,31,31,50592,0,0,0,0,0
2020-07-16,US,Maine,Unassigned,4,0,0,0.0,0.0,90023.0,0.0,0.0,4,3,0,0,3,2,,1,0,0,1,1
2020-07-16,US,Maine,Waldo,60,14,0,44.4858305,-69.12061935,23027.0,151.07641948885808,23.33333333333333,46,60,14,0,46,59,39694,0,0,0,0,1
2020-07-16,US,Maine,Washington,5,0,0,45.01607142,-67.62813524,23029.0,15.934223525287615,0.0,5,5,0,0,5,4,31490,0,0,0,0,1
2020-07-16,US,Maine,York,584,11,0,43.47808377,-70.71052375,23031.0,281.25466550440416,1.8835616438356164,573,580,11,0,569,580,206229,4,0,0,4,0
2020-07-16,US,Maryland,Allegany,224,18,0,39.62357628,-78.69280486,24001.0,318.1095205635083,8.035714285714286,206,222,18,0,204,220,70975,2,0,0,2,2
2020-07-16,US,Maryland,Anne Arundel,5735,211,0,39.00670238,-76.60329337,24003.0,990.1007192257359,3.679163034001744,5524,5683,211,0,5472,5619,576031,52,0,0,52,64
2020-07-16,US,Maryland,Baltimore,9261,504,0,39.45784712,-76.62911955,24005.0,1119.3299249428912,5.442176870748299,8757,9153,502,0,8651,8990,828431,108,2,0,106,163
2020-07-16,US,Maryland,Baltimore City,8998,373,0,39.30211911,-76.61151012,24510.0,1516.116531028324,4.14536563680818,8625,8835,370,0,8465,8689,621342,163,3,0,160,146
2020-07-16,US,Maryland,Calvert,467,27,0,38.53961642,-76.56820632,24009.0,504.728451769792,5.781584582441113,440,459,27,0,432,458,92003,8,0,0,8,1
2020-07-16,US,Maryland,Caroline,350,3,0,38.87172293,-75.82904158,24011.0,1047.7159791654194,0.8571428571428571,347,347,3,0,344,345,33304,3,0,0,3,2
2020-07-16,US,Maryland,Carroll,1235,116,0,39.56453592,-77.02373735,24013.0,733.1682962593576,9.392712550607287,1119,1228,116,0,1112,1224,168429,7,0,0,7,4
2020-07-16,US,Maryland,Cecil,538,29,0,39.56647682,-75.94627411,24015.0,523.0664527733217,5.390334572490707,509,536,29,0,507,531,102826,2,0,0,2,5
2020-07-16,US,Maryland,Charles,1567,90,0,38.51092331,-76.98580666,24017.0,959.836331673374,5.743458838544989,1477,1552,90,0,1462,1534,161503,15,0,0,15,18
2020-07-16,US,Maryland,Dorchester,231,5,0,38.45413522,-76.02752426,24019.0,723.48022174199,2.1645021645021645,226,219,5,0,214,217,31998,12,0,0,12,2
2020-07-16,US,Maryland,Frederick,2655,120,0,39.47296601,-77.39999394,24021.0,1022.9361156168248,4.519774011299434,2535,2635,120,0,2515,2619,255648,20,0,0,20,16
2020-07-16,US,Maryland,Garrett,29,0,0,39.52786077,-79.27355126,24023.0,99.95174743227408,0.0,29,28,0,0,28,27,29163,1,0,0,1,1
2020-07-16,US,Maryland,Harford,1336,66,0,39.55010644,-76.30775940000002,24025.0,523.0170567763201,4.940119760479042,1270,1325,67,0,1258,1311,253956,11,-1,0,12,14
2020-07-16,US,Maryland,Howard,2957,97,0,39.25305293,-76.93126208,24027.0,907.9185728760476,3.280351707811972,2860,2922,97,0,2825,2891,323196,35,0,0,35,31
2020-07-16,US,Maryland,Kent,211,23,0,39.24976208,-76.04741541,24029.0,1086.3968695293995,10.90047393364929,188,208,23,0,185,205,19383,3,0,0,3,3
2020-07-16,US,Maryland,Montgomery,16056,763,0,39.13676329,-77.20358245,24031.0,1528.1415605774505,4.752117588440458,15293,15986,763,0,15223,15883,1052567,70,0,0,70,103
2020-07-16,US,Maryland,Prince George's,20191,719,0,38.83070039,-76.8496441,24033.0,2220.433353458107,3.5609925214204354,19472,20099,717,0,19382,19956,909308,92,2,0,90,143
2020-07-16,US,Maryland,Queen Anne's,301,23,0,39.06198912,-76.03530977,24035.0,597.4474504277406,7.6411960132890355,278,299,23,0,276,296,50251,2,0,0,2,3
2020-07-16,US,Maryland,Somerset,105,3,0,38.1163542,-75.75118623,24039.0,409.90006246096186,2.8571428571428568,102,105,3,0,102,103,25675,0,0,0,0,2
2020-07-16,US,Maryland,St. Mary's,739,51,0,38.30058422,-76.60629279999998,24037.0,651.0439608845036,6.901217861975643,688,730,51,0,679,721,112664,9,0,0,9,9
2020-07-16,US,Maryland,Talbot,216,4,0,38.76618159,-76.10882561,24041.0,580.9418789166508,1.851851851851852,212,207,4,0,203,197,36968,9,0,0,9,10
2020-07-16,US,Maryland,Unassigned,0,13,0,0.0,0.0,90024.0,0.0,0.0,-13,0,13,0,-13,0,,0,0,0,0,0
2020-07-16,US,Maryland,Washington,743,29,0,39.60835778,-77.82002295,24043.0,491.89335910863366,3.9030955585464335,714,739,29,0,710,737,150926,4,0,0,4,2
2020-07-16,US,Maryland,Wicomico,1164,42,0,38.37301947,-75.62705831,24045.0,1123.454526151203,3.608247422680413,1122,1160,42,0,1118,1156,103195,4,0,0,4,4
2020-07-16,US,Maryland,Worcester,355,18,0,38.21274277,-75.33200012,24047.0,679.0879179738313,5.070422535211269,337,339,18,0,321,331,51823,16,0,0,16,8
2020-07-16,US,Massachusetts,Barnstable,1596,152,0,41.72980578,-70.28854339,25001.0,749.3309545049063,9.523809523809524,1444,1593,152,0,1441,1586,213413,3,0,0,3,7
2020-07-16,US,Massachusetts,Berkshire,616,45,0,42.37428441,-73.20524838,25003.0,493.02087335126123,7.305194805194804,571,615,45,0,570,615,126348,1,0,0,1,0
2020-07-16,US,Massachusetts,Bristol,8593,603,0,41.79228404,-71.10872211,25005.0,1520.3010525161133,7.017339695100661,7990,8558,603,0,7955,8527,564022,35,0,0,35,31
2020-07-16,US,Massachusetts,Dukes and Nantucket,82,1,0,41.40674725,-70.68763497,0.0,285.4060074484006,1.2195121951219512,81,82,1,0,81,80,26707,0,0,0,0,2
2020-07-16,US,Massachusetts,Essex,16596,1136,0,42.6687626,-70.94687179,25009.0,2103.3314153762703,6.845022897083634,15460,16564,1136,0,15428,16530,790638,32,0,0,32,34
2020-07-16,US,Massachusetts,Franklin,386,58,0,42.58119713,-72.58602547,25011.0,550.0142490738102,15.025906735751295,328,385,58,0,327,384,70963,1,0,0,1,1
2020-07-16,US,Massachusetts,Hampden,7077,680,0,42.13440424,-72.63235561,25013.0,1517.4581664422394,9.608591210965098,6397,7056,681,0,6375,7039,470406,21,-1,0,22,17
2020-07-16,US,Massachusetts,Hampshire,1015,119,0,42.33997957,-72.65898478,25015.0,631.1011627183983,11.724137931034482,896,1012,118,0,894,1012,161355,3,1,0,2,0
2020-07-16,US,Massachusetts,Middlesex,24685,1934,0,42.48607732,-71.39049229,25017.0,1531.6135332962297,7.834717439740733,22751,24652,1928,0,22724,24600,1614714,33,6,0,27,52
2020-07-16,US,Massachusetts,Norfolk,9588,962,0,42.16073095,-71.20530408,25021.0,1356.5844858689115,10.03337505214852,8626,9560,962,0,8598,9530,705388,28,0,0,28,30
2020-07-16,US,Massachusetts,Plymouth,8847,688,0,41.94070556,-70.80802823,25023.0,1697.422496460106,7.776647451113372,8159,8832,686,0,8146,8830,518132,15,2,0,13,2
2020-07-16,US,Massachusetts,Suffolk,20445,1027,0,42.327951399999996,-71.07850442,25025.0,2543.204624415511,5.023233064318903,19418,20411,1024,0,19387,20386,807252,34,3,0,31,25
2020-07-16,US,Massachusetts,Unassigned,317,7,0,0.0,0.0,90025.0,0.0,2.2082018927444795,310,303,7,0,296,301,,14,0,0,14,2
2020-07-16,US,Massachusetts,Worcester,12738,968,0,42.35026951,-71.90493363,25027.0,1533.5495568381284,7.599309153713299,11770,12724,967,0,11757,12710,830839,14,1,0,13,14
2020-07-16,US,Michigan,Alcona,24,1,0,44.6846864,-83.59507875,26001.0,230.6583373378184,4.166666666666667,23,25,1,0,24,24,10362,-1,0,0,-1,1
2020-07-16,US,Michigan,Alger,4,0,0,46.41292944,-86.60260122,26003.0,43.917435221783045,0.0,4,5,0,0,5,4,9097,-1,0,0,-1,1
2020-07-16,US,Michigan,Allegan,404,7,0,42.59147037,-85.89102866,26005.0,342.13802389884916,1.7326732673267329,397,400,7,0,393,388,117327,4,0,0,4,12
2020-07-16,US,Michigan,Alpena,124,13,0,45.03477666,-83.62212411,26007.0,436.5428621721528,10.483870967741936,111,123,12,0,111,123,28360,1,1,0,0,0
2020-07-16,US,Michigan,Antrim,27,0,0,44.99690221,-85.15503082,26009.0,115.76058995026578,0.0,27,27,0,0,27,27,23365,0,0,0,0,0
2020-07-16,US,Michigan,Arenac,38,2,0,44.0636262,-83.89277559,26011.0,255.32486729825973,5.2631578947368425,36,38,2,0,36,38,15041,0,0,0,0,0
2020-07-16,US,Michigan,Baraga,5,0,0,46.6720582,-88.36363591,26013.0,60.9087586794981,0.0,5,5,0,0,5,6,8320,0,0,0,0,-1
2020-07-16,US,Michigan,Barry,145,2,0,42.59513984,-85.30834519,26015.0,235.5808285946385,1.3793103448275863,143,140,2,0,138,140,61157,5,0,0,5,0
2020-07-16,US,Michigan,Bay,455,31,0,43.70639106,-83.98731479,26017.0,441.2078428330392,6.813186813186812,424,442,31,0,411,438,103923,13,0,0,13,4
2020-07-16,US,Michigan,Benzie,17,1,0,44.63899297,-86.01608482,26019.0,95.688393560734,5.882352941176472,16,16,1,0,15,16,17753,1,0,0,1,0
2020-07-16,US,Michigan,Berrien,1053,61,0,41.95447397,-86.41313079999998,26021.0,686.4362031538255,5.792972459639127,992,1043,61,0,982,1026,154141,10,0,0,10,17
2020-07-16,US,Michigan,Branch,289,2,0,41.91600556,-85.05929476,26023.0,664.108279522945,0.6920415224913494,287,286,2,0,284,278,43622,3,0,0,3,8
2020-07-16,US,Michigan,Calhoun,636,39,0,42.24633834,-85.00493569,26025.0,474.0643564725437,6.132075471698112,597,630,39,0,591,622,134487,6,0,0,6,8
2020-07-16,US,Michigan,Cass,210,7,0,41.91522292,-85.99405727,26027.0,405.50717361499983,3.333333333333333,203,208,6,0,202,197,51653,2,1,0,1,11
2020-07-16,US,Michigan,Charlevoix,39,2,0,45.37790017,-85.19614053,26029.0,149.17951268025857,5.128205128205129,37,42,2,0,40,32,26244,-3,0,0,-3,10
2020-07-16,US,Michigan,Cheboygan,29,2,0,45.44787015,-84.50122149,26031.0,114.73334388352586,6.896551724137932,27,29,2,0,27,29,25413,0,0,0,0,0
2020-07-16,US,Michigan,Chippewa,23,0,0,46.29552653,-84.54353449,26033.0,61.58130070416879,0.0,23,23,0,0,23,21,37517,0,0,0,0,2
2020-07-16,US,Michigan,Clare,35,3,0,43.98794227,-84.84819859999998,26035.0,113.08562197092085,8.571428571428571,32,35,3,0,32,34,30757,0,0,0,0,1
2020-07-16,US,Michigan,Clinton,314,12,0,42.94400871,-84.60145248,26037.0,394.49714178026255,3.8216560509554136,302,305,12,0,293,296,79332,9,0,0,9,9
2020-07-16,US,Michigan,Crawford,84,5,0,44.68255561,-84.61006219,26039.0,598.7597120250907,5.9523809523809526,79,84,5,0,79,84,13901,0,0,0,0,0
2020-07-16,US,Michigan,Delta,42,3,0,45.90484910000001,-86.9080745,26041.0,117.37089201877932,7.142857142857142,39,37,3,0,34,34,35857,5,0,0,5,3
2020-07-16,US,Michigan,Dickinson,27,2,0,46.00999672,-87.86961634,26043.0,106.9772970402948,7.407407407407407,25,21,2,0,19,21,25383,6,0,0,6,0
2020-07-16,US,Michigan,Eaton,363,7,0,42.59599185,-84.83740035,26045.0,329.1979540755251,1.9283746556473829,356,360,7,0,353,358,109826,3,0,0,3,2
2020-07-16,US,Michigan,Emmet,46,2,0,45.52625509,-84.89083249,26047.0,137.66272632051474,4.3478260869565215,44,42,2,0,40,40,33308,4,0,0,4,2
2020-07-16,US,Michigan,Federal Correctional Institution (FCI),187,5,0,0.0,0.0,0.0,0.0,2.6737967914438503,182,187,5,0,182,187,,0,0,0,0,0
2020-07-16,US,Michigan,Genesee,3005,292,0,43.02244215,-83.70589709,26049.0,740.488845847718,9.717138103161398,2713,2986,291,0,2695,2931,406892,19,1,0,18,55
2020-07-16,US,Michigan,Gladwin,29,1,0,43.98901072,-84.38774817,26051.0,113.95339699005855,3.4482758620689653,28,29,1,0,28,28,25337,0,0,0,0,1
2020-07-16,US,Michigan,Gogebic,21,1,0,46.40862701,-89.69377193,26053.0,150.26833631484794,4.761904761904762,20,18,1,0,17,16,15096,3,0,0,3,2
2020-07-16,US,Michigan,Grand Traverse,114,5,0,44.69565625,-85.55585247,26055.0,122.46476452389138,4.385964912280701,109,104,5,0,99,99,92573,10,0,0,10,5
2020-07-16,US,Michigan,Gratiot,110,14,0,43.29265605,-84.60505416,26057.0,270.1972439881113,12.727272727272727,96,107,14,0,93,107,40599,3,0,0,3,0
2020-07-16,US,Michigan,Hillsdale,215,25,0,41.88753639,-84.59312019,26059.0,471.43953513869087,11.627906976744184,190,212,25,0,187,211,45749,3,0,0,3,1
2020-07-16,US,Michigan,Houghton,32,0,0,46.89988536,-88.68495385,26061.0,89.67604528640287,0.0,32,31,0,0,31,30,36219,1,0,0,1,1
2020-07-16,US,Michigan,Huron,93,3,0,43.83353985,-83.04078453,26063.0,300.1839837319648,3.2258064516129035,90,86,3,0,83,80,31166,7,0,0,7,6
2020-07-16,US,Michigan,Ingham,1242,29,0,42.59716886,-84.37472069,26065.0,424.75188607620913,2.334943639291465,1213,1210,29,0,1181,1207,292735,32,0,0,32,3
2020-07-16,US,Michigan,Ionia,227,5,0,42.94502238,-85.07413319,26067.0,350.86634619843267,2.202643171806167,222,221,5,0,216,218,64210,6,0,0,6,3
2020-07-16,US,Michigan,Iosco,122,11,0,44.35486835,-83.63484895,26069.0,485.533489871453,9.016393442622949,111,122,11,0,111,122,25081,0,0,0,0,0
2020-07-16,US,Michigan,Iron,8,1,0,46.20974132,-88.53136251,26071.0,72.29351165732875,12.5,7,8,1,0,7,8,11117,0,0,0,0,0
2020-07-16,US,Michigan,Isabella,180,8,0,43.64060976,-84.84664923,26073.0,257.61392260132817,4.4444444444444455,172,174,8,0,166,163,70562,6,0,0,6,11
2020-07-16,US,Michigan,Jackson,565,32,0,42.24807035,-84.42258681,26075.0,356.4443883666645,5.663716814159293,533,560,32,0,528,558,158823,5,0,0,5,2
2020-07-16,US,Michigan,Kalamazoo,1277,72,0,42.24542231,-85.53038622,26077.0,481.76680524850417,5.638214565387628,1205,1268,71,0,1197,1252,264870,9,1,0,8,16
2020-07-16,US,Michigan,Kalkaska,42,3,0,44.68512729,-85.09085699,26079.0,232.84177846767932,7.142857142857142,39,43,3,0,40,42,17824,-1,0,0,-1,1
2020-07-16,US,Michigan,Kent,6124,145,0,43.03197711,-85.54934642,26081.0,932.179525233844,2.3677335075114305,5979,6061,145,0,5916,5982,653786,63,0,0,63,79
2020-07-16,US,Michigan,Keweenaw,2,0,0,47.63197653,-88.41434263,26083.0,94.5179584120983,0.0,2,2,0,0,2,2,2113,0,0,0,0,0
2020-07-16,US,Michigan,Lake,13,0,0,43.99050893,-85.802173,26085.0,109.67687505272929,0.0,13,13,0,0,13,14,11881,0,0,0,0,-1
2020-07-16,US,Michigan,Lapeer,334,32,0,43.09052506,-83.22153148,26087.0,381.24807378405836,9.580838323353293,302,333,32,0,301,331,88028,1,0,0,1,2
2020-07-16,US,Michigan,Leelanau,49,0,0,44.94430054,-85.80150326,26089.0,225.17347548366345,0.0,49,47,0,0,47,46,21764,2,0,0,2,1
2020-07-16,US,Michigan,Lenawee,291,11,0,41.89475156,-84.06603727,26091.0,295.5785111375202,3.7800687285223367,280,291,11,0,280,285,98266,0,0,0,0,6
2020-07-16,US,Michigan,Livingston,641,28,0,42.60302282,-83.91297209,26093.0,333.8628610120055,4.3681747269890785,613,629,28,0,601,619,191224,12,0,0,12,10
2020-07-16,US,Michigan,Luce,3,0,0,46.47227431,-85.54471223,26095.0,48.16182372772515,0.0,3,3,0,0,3,3,6283,0,0,0,0,0
2020-07-16,US,Michigan,Mackinac,9,0,0,46.07028979,-85.04980537,26097.0,83.34105009723123,0.0,9,9,0,0,9,9,10787,0,0,0,0,0
2020-07-16,US,Michigan,Macomb,8138,932,0,42.69158356,-82.92752801,26099.0,931.1511123926167,11.452445318260017,7206,8037,929,0,7108,7922,874759,101,3,0,98,115
2020-07-16,US,Michigan,Manistee,28,0,0,44.33352407,-86.05626916,26101.0,114.01579933219317,0.0,28,30,0,0,30,29,24528,-2,0,0,-2,1
2020-07-16,US,Michigan,Marquette,100,11,0,46.4338914,-87.64043701,26103.0,149.92728526664567,11.0,89,98,11,0,87,96,66516,2,0,0,2,2
2020-07-16,US,Michigan,Mason,79,0,0,43.99509218,-86.24988902,26105.0,271.0678012626956,0.0,79,80,0,0,80,79,29100,-1,0,0,-1,1
2020-07-16,US,Michigan,Mecosta,42,2,0,43.64064262,-85.32463223,26107.0,96.65615722734907,4.761904761904762,40,42,2,0,40,40,43545,0,0,0,0,2
2020-07-16,US,Michigan,Menominee,53,0,0,45.58038692,-87.55370409,26109.0,232.66022827041263,0.0,53,51,0,0,51,49,22983,2,0,0,2,2
2020-07-16,US,Michigan,Michigan Department of Corrections (MDOC),4119,68,0,0.0,0.0,0.0,0.0,1.6508861374119932,4051,4115,68,0,4047,4115,,4,0,0,4,0
2020-07-16,US,Michigan,Midland,217,9,0,43.64330771,-84.38804374,26111.0,260.9553129058636,4.147465437788019,208,202,9,0,193,192,83209,15,0,0,15,10
2020-07-16,US,Michigan,Missaukee,37,1,0,44.33772443,-85.09256478,26113.0,244.7413679058076,2.702702702702702,36,37,1,0,36,37,15113,0,0,0,0,0
2020-07-16,US,Michigan,Monroe,706,23,0,41.92734151,-83.53749864,26115.0,469.10299003322257,3.2577903682719547,683,693,23,0,670,673,150439,13,0,0,13,20
2020-07-16,US,Michigan,Montcalm,135,1,0,43.31082541,-85.15252824,26117.0,211.3072877535688,0.7407407407407407,134,129,1,0,128,128,63968,6,0,0,6,1
2020-07-16,US,Michigan,Montmorency,8,0,0,45.0275929,-84.12696227,26119.0,85.76329331046313,0.0,8,7,0,0,7,7,9265,1,0,0,1,0
2020-07-16,US,Michigan,Muskegon,979,54,0,43.29123859,-86.15176712,26121.0,564.0505628982635,5.515832482124617,925,958,54,0,904,944,173588,21,0,0,21,14
2020-07-16,US,Michigan,Newaygo,205,0,0,43.554373999999996,-85.80070107,26123.0,418.5381788485096,0.0,205,204,0,0,204,200,48892,1,0,0,1,4
2020-07-16,US,Michigan,Oakland,13171,1113,0,42.66090111,-83.38595416,26125.0,1047.3256657209379,8.450383418115557,12058,13022,1110,0,11912,12814,1259201,149,3,0,146,208
2020-07-16,US,Michigan,Oceana,417,5,0,43.64124435,-86.26726673,26127.0,1575.5469074696796,1.1990407673860912,412,414,5,0,409,407,26625,3,0,0,3,7
2020-07-16,US,Michigan,Ogemaw,46,2,0,44.33481032,-84.12725175,26129.0,219.07891603562413,4.3478260869565215,44,46,2,0,44,46,20952,0,0,0,0,0
2020-07-16,US,Michigan,Ontonagon,1,0,0,46.665226200000006,-89.31390481,26131.0,17.482517482517483,0.0,1,1,0,0,1,1,5795,0,0,0,0,0
2020-07-16,US,Michigan,Osceola,57,0,0,43.98992088,-85.32566756,26133.0,242.96675191815856,0.0,57,52,0,0,52,52,23341,5,0,0,5,0
2020-07-16,US,Michigan,Oscoda,23,1,0,44.68192279,-84.12939244,26135.0,279.09234316223757,4.3478260869565215,22,23,1,0,22,23,8276,0,0,0,0,0
2020-07-16,US,Michigan,Otsego,127,10,0,45.02085831,-84.59898295,26137.0,514.8370358359008,7.874015748031495,117,126,10,0,116,125,24665,1,0,0,1,1
2020-07-16,US,Michigan,Ottawa,1384,53,0,42.95996803,-85.9969107,26139.0,474.24870643867996,3.8294797687861273,1331,1366,53,0,1313,1333,290494,18,0,0,18,33
2020-07-16,US,Michigan,Out of MI,84,0,0,0.0,0.0,80026.0,0.0,0.0,84,56,0,0,56,52,,28,0,0,28,4
2020-07-16,US,Michigan,Presque Isle,14,0,0,45.34018577,-83.91498656,26141.0,111.18170266836088,0.0,14,14,0,0,14,15,12738,0,0,0,0,-1
2020-07-16,US,Michigan,Roscommon,41,0,0,44.33473082,-84.61067651,26143.0,170.6981972605021,0.0,41,38,0,0,38,34,23884,3,0,0,3,4
2020-07-16,US,Michigan,Saginaw,1485,125,0,43.33433923,-84.05131209999998,26145.0,779.3680034008786,8.417508417508419,1360,1457,125,0,1332,1432,190800,28,0,0,28,25
2020-07-16,US,Michigan,Sanilac,60,6,0,43.42406072,-82.82055898,26151.0,145.73718727228564,10.0,54,59,6,0,53,57,41182,1,0,0,1,2
2020-07-16,US,Michigan,Schoolcraft,7,0,0,46.19235734,-86.19972234,26153.0,86.48381517173216,0.0,7,7,0,0,7,7,8068,0,0,0,0,0
2020-07-16,US,Michigan,Shiawassee,288,28,0,42.95392800000001,-84.14585902,26155.0,422.77091101259504,9.722222222222221,260,285,28,0,257,285,68192,3,0,0,3,0
2020-07-16,US,Michigan,St. Clair,623,53,0,42.92655373,-82.67937954,26147.0,391.5087225378312,8.507223113964686,570,622,53,0,569,615,159337,1,0,0,1,7
2020-07-16,US,Michigan,St. Joseph,417,5,0,41.91441767,-85.52797979,26149.0,684.0102355488485,1.1990407673860912,412,414,5,0,409,406,61043,3,0,0,3,8
2020-07-16,US,Michigan,Tuscola,247,27,0,43.46606813,-83.41897025,26157.0,472.7725141161834,10.931174089068826,220,244,27,0,217,243,52516,3,0,0,3,1
2020-07-16,US,Michigan,Unassigned,3,0,0,0.0,0.0,90026.0,0.0,0.0,3,5,0,0,5,23,,-2,0,0,-2,-18
2020-07-16,US,Michigan,Van Buren,287,9,0,42.25190229,-86.01939087,26159.0,379.24336324114336,3.1358885017421603,278,286,9,0,277,279,75448,1,0,0,1,7
2020-07-16,US,Michigan,Washtenaw,2030,109,0,42.253105,-83.83853204,26161.0,552.2291832720804,5.3694581280788185,1921,1993,109,0,1884,1955,370963,37,0,0,37,38
2020-07-16,US,Michigan,Wayne,24760,2770,0,42.28098405,-83.281255,26163.0,1415.388520147278,11.187399030694671,21990,24525,2762,0,21763,24270,1753893,235,8,0,227,255
2020-07-16,US,Michigan,Wexford,53,4,0,44.33853602,-85.57712739,26165.0,157.59269721388006,7.547169811320754,49,55,4,0,51,53,33466,-2,0,0,-2,2
2020-07-16,US,Minnesota,Aitkin,18,0,0,46.60962049,-93.41168259999999,27001.0,113.30731461664358,0.0,18,17,0,0,17,17,15902,1,0,0,1,0
2020-07-16,US,Minnesota,Anoka,2534,108,0,45.27476015,-93.24604565,27003.0,709.9610277904634,4.262036306235202,2426,2510,115,0,2395,2477,353813,24,-7,0,31,33
2020-07-16,US,Minnesota,Becker,71,0,0,46.93479392,-95.67158144,27005.0,206.25744415071318,0.0,71,69,0,0,69,69,34371,2,0,0,2,0
2020-07-16,US,Minnesota,Beltrami,71,0,0,47.97373527,-94.93732139,27007.0,150.4619818597949,0.0,71,62,0,0,62,58,46847,9,0,0,9,4
2020-07-16,US,Minnesota,Benton,255,3,0,45.69804958,-93.99514135,27009.0,623.6396096749737,1.1764705882352942,252,250,3,0,247,243,40545,5,0,0,5,7
2020-07-16,US,Minnesota,Big Stone,18,0,0,45.42712824,-96.41403739,27011.0,360.649168503306,0.0,18,18,0,0,18,18,4989,0,0,0,0,0
2020-07-16,US,Minnesota,Blue Earth,639,2,0,44.03554215,-94.06699781,27013.0,944.5257416522547,0.3129890453834116,637,629,2,0,627,600,67427,10,0,0,10,29
2020-07-16,US,Minnesota,Brown,53,2,0,44.24205652,-94.72562874,27015.0,211.9321817018554,3.7735849056603774,51,53,2,0,51,51,25111,0,0,0,0,2
2020-07-16,US,Minnesota,Carlton,96,0,0,46.59180601,-92.67601019,27017.0,267.6256586100193,0.0,96,96,0,0,96,96,35837,0,0,0,0,0
2020-07-16,US,Minnesota,Carver,533,2,0,44.82017001,-93.80099179999999,27019.0,507.1891444394751,0.37523452157598497,531,518,2,0,516,509,103551,15,0,0,15,9
2020-07-16,US,Minnesota,Cass,26,2,0,46.95043611,-94.32603968,27021.0,87.30984922260653,7.6923076923076925,24,22,2,0,20,21,29519,4,0,0,4,1
2020-07-16,US,Minnesota,Chippewa,83,1,0,45.02343421,-95.56403693,27023.0,703.3898305084746,1.2048192771084338,82,84,1,0,83,82,11924,-1,0,0,-1,2
2020-07-16,US,Minnesota,Chisago,114,1,0,45.5021011,-92.90861945,27025.0,201.48818466215386,0.8771929824561403,113,113,1,0,112,112,55922,1,0,0,1,1
2020-07-16,US,Minnesota,Clay,638,38,0,46.89289518,-96.48761922,27027.0,993.4290430070693,5.956112852664576,600,632,38,0,594,627,63955,6,0,0,6,5
2020-07-16,US,Minnesota,Clearwater,14,0,0,47.57992111,-95.37790562,27029.0,158.76616012701294,0.0,14,14,0,0,14,14,8810,0,0,0,0,0
2020-07-16,US,Minnesota,Cook,1,0,0,47.90504893,-90.52629546,27031.0,18.304960644334614,0.0,1,1,0,0,1,1,5393,0,0,0,0,0
2020-07-16,US,Minnesota,Cottonwood,146,0,0,44.00715262,-95.18138802,27033.0,1304.0371561271886,0.0,146,144,0,0,144,142,11277,2,0,0,2,2
2020-07-16,US,Minnesota,Crow Wing,122,12,0,46.48096553,-94.06755609,27035.0,187.53362539389747,9.836065573770492,110,119,12,0,107,116,64889,3,0,0,3,3
2020-07-16,US,Minnesota,Dakota,2912,99,0,44.67172617,-93.06299363,27037.0,678.7546530356323,3.399725274725274,2813,2852,97,0,2755,2781,425423,60,2,0,58,71
2020-07-16,US,Minnesota,Dodge,107,0,0,44.02238415,-92.86244324,27039.0,511.1302187828413,0.0,107,105,0,0,105,100,20822,2,0,0,2,5
2020-07-16,US,Minnesota,Douglas,91,0,0,45.93348491,-95.45335469,27041.0,238.5883956896777,0.0,91,83,0,0,83,75,37964,8,0,0,8,8
2020-07-16,US,Minnesota,Faribault,67,0,0,43.67381499,-93.94787458,27043.0,490.73463707610046,0.0,67,64,0,0,64,64,13758,3,0,0,3,0
2020-07-16,US,Minnesota,Fillmore,40,0,0,43.67394126,-92.08980382,27045.0,189.87041344282528,0.0,40,38,0,0,38,38,21058,2,0,0,2,0
2020-07-16,US,Minnesota,Freeborn,317,1,0,43.67385583,-93.34884422,27047.0,1046.8610679964333,0.3154574132492113,316,316,0,0,316,316,30444,1,1,0,0,0
2020-07-16,US,Minnesota,Goodhue,146,8,0,44.40849741,-92.72341949999999,27049.0,315.06258092360815,5.479452054794519,138,146,8,0,138,142,46403,0,0,0,0,4
2020-07-16,US,Minnesota,Grant,32,1,0,45.93424769,-96.01139609,27051.0,535.833891493637,3.125,31,31,1,0,30,31,6021,1,0,0,1,0
2020-07-16,US,Minnesota,Hennepin,14125,794,0,45.00761521,-93.47694895,27053.0,1115.8571797608392,5.6212389380530965,13331,13948,793,0,13155,13790,1259428,177,1,0,176,158
2020-07-16,US,Minnesota,Houston,33,0,0,43.67129565,-91.49143057,27055.0,177.41935483870967,0.0,33,32,0,0,32,32,18578,1,0,0,1,0
2020-07-16,US,Minnesota,Hubbard,12,0,0,47.10778564,-94.91693868,27057.0,55.837327253268825,0.0,12,12,0,0,12,11,21332,0,0,0,0,1
2020-07-16,US,Minnesota,Isanti,87,0,0,45.56181234,-93.29487636,27059.0,214.30682825894178,0.0,87,86,0,0,86,84,39966,1,0,0,1,2
2020-07-16,US,Minnesota,Itasca,86,12,0,47.51009045,-93.63092229,27061.0,190.56060270330158,13.953488372093025,74,79,12,0,67,76,45108,7,0,0,7,3
2020-07-16,US,Minnesota,Jackson,60,0,0,43.67423373,-95.15398258,27063.0,609.3845216331505,0.0,60,59,0,0,59,58,9911,1,0,0,1,1
2020-07-16,US,Minnesota,Kanabec,18,1,0,45.9459309,-93.29275192,27065.0,110.17934749341984,5.5555555555555545,17,18,1,0,17,18,16207,0,0,0,0,0
2020-07-16,US,Minnesota,Kandiyohi,601,1,0,45.1526059,-95.00586446,27067.0,1391.2359082386167,0.16638935108153075,600,600,1,0,599,595,42855,1,0,0,1,5
2020-07-16,US,Minnesota,Kittson,2,0,0,48.77754106,-96.78317184,27069.0,46.533271288971605,0.0,2,2,0,0,2,2,4248,0,0,0,0,0
2020-07-16,US,Minnesota,Koochiching,29,2,0,48.24539665,-93.78352843,27071.0,237.14122168615586,6.896551724137932,27,26,1,0,25,24,12440,3,1,0,2,2
2020-07-16,US,Minnesota,Lac qui Parle,6,0,0,44.9973857,-96.17488219,27073.0,90.59338668277216,0.0,6,6,0,0,6,6,6658,0,0,0,0,0
2020-07-16,US,Minnesota,Lake,12,0,0,47.64270764,-91.44557998,27075.0,112.7713560755568,0.0,12,10,0,0,10,9,10658,2,0,0,2,1
2020-07-16,US,Minnesota,Le Sueur,144,1,0,44.37136597,-93.72844721,27079.0,498.4941323086509,0.6944444444444444,143,142,1,0,141,142,28494,2,0,0,2,0
2020-07-16,US,Minnesota,Lincoln,37,0,0,44.41311883,-96.26688165,27081.0,656.1447065082461,0.0,37,33,0,0,33,32,5673,4,0,0,4,1
2020-07-16,US,Minnesota,Lyon,369,2,0,44.41327865,-95.83806103,27083.0,1448.5357619533645,0.5420054200542005,367,364,2,0,362,359,25629,5,0,0,5,5
2020-07-16,US,Minnesota,Mahnomen,15,1,0,47.32557075,-95.80921485,27087.0,271.3949701465533,6.666666666666668,14,13,1,0,12,13,5519,2,0,0,2,0
2020-07-16,US,Minnesota,Marshall,17,0,0,48.35825983,-96.37017407,27089.0,182.09083119108826,0.0,17,17,0,0,17,16,9390,0,0,0,0,1
2020-07-16,US,Minnesota,Martin,179,5,0,43.67429718,-94.55099908,27091.0,909.4142153127063,2.793296089385475,174,180,5,0,175,176,19785,-1,0,0,-1,4
2020-07-16,US,Minnesota,McLeod,104,0,0,44.82367677,-94.27287017,27085.0,289.7500905469033,0.0,104,102,0,0,102,102,35873,2,0,0,2,0
2020-07-16,US,Minnesota,Meeker,68,1,0,45.12328869,-94.52839455,27093.0,292.8257686676428,1.4705882352941178,67,67,1,0,66,66,23141,1,0,0,1,1
2020-07-16,US,Minnesota,Mille Lacs,41,2,0,45.93705297,-93.63236823,27095.0,156.02998820261064,4.878048780487805,39,41,2,0,39,40,26139,0,0,0,0,1
2020-07-16,US,Minnesota,Morrison,70,1,0,46.01265363,-94.27341528,27097.0,209.6687234170012,1.4285714285714286,69,70,1,0,69,70,33169,0,0,0,0,0
2020-07-16,US,Minnesota,Mower,996,2,0,43.67142874,-92.75234549,27099.0,2486.146472966901,0.2008032128514056,994,994,2,0,992,990,40011,2,0,0,2,4
2020-07-16,US,Minnesota,Murray,89,0,0,44.02216709,-95.76328482,27101.0,1086.1606053209666,0.0,89,86,0,0,86,85,8276,3,0,0,3,1
2020-07-16,US,Minnesota,Nicollet,219,13,0,44.35291112,-94.24710352,27103.0,638.9683141740095,5.936073059360732,206,215,13,0,202,212,34220,4,0,0,4,3
2020-07-16,US,Minnesota,Nobles,1698,6,0,43.67434621,-95.75329576,27105.0,7850.570992648759,0.353356890459364,1692,1698,6,0,1692,1697,21924,0,0,0,0,1
2020-07-16,US,Minnesota,Norman,22,0,0,47.32628443,-96.45620947,27107.0,345.09803921568636,0.0,22,21,0,0,21,21,6475,1,0,0,1,0
2020-07-16,US,Minnesota,Olmsted,1353,20,0,44.00374114,-92.40209944,27109.0,854.7440505897293,1.4781966001478195,1333,1336,20,0,1316,1319,156277,17,0,0,17,17
2020-07-16,US,Minnesota,Otter Tail,123,1,0,46.40846929,-95.70835255,27111.0,209.3759575120008,0.8130081300813008,122,123,1,0,122,121,58812,0,0,0,0,2
2020-07-16,US,Minnesota,Pennington,55,0,0,48.06642577,-96.0370814,27113.0,389.5460018414902,0.0,55,55,0,0,55,54,14178,0,0,0,0,1
2020-07-16,US,Minnesota,Pine,115,0,0,46.12105238,-92.74070188,27115.0,388.7893437912032,0.0,115,115,0,0,115,114,29483,0,0,0,0,1
2020-07-16,US,Minnesota,Pipestone,103,5,0,44.02301619,-96.25841142,27117.0,1128.6434363357441,4.854368932038835,98,97,5,0,92,90,9047,6,0,0,6,7
2020-07-16,US,Minnesota,Polk,91,3,0,47.77372465,-96.40134647,27119.0,290.1415635760745,3.2967032967032965,88,90,3,0,87,89,31529,1,0,0,1,1
2020-07-16,US,Minnesota,Pope,19,0,0,45.58606667,-95.44451209,27121.0,168.90390256911724,0.0,19,19,0,0,19,14,11097,0,0,0,0,5
2020-07-16,US,Minnesota,Ramsey,5470,246,0,45.01625271,-93.09872295,27123.0,993.9653402287026,4.497257769652651,5224,5397,238,0,5159,5357,550210,73,8,0,65,40
2020-07-16,US,Minnesota,Red Lake,5,0,0,47.87197525,-96.09561104,27125.0,123.30456226880396,0.0,5,5,0,0,5,5,3999,0,0,0,0,0
2020-07-16,US,Minnesota,Redwood,26,0,0,44.40555844,-95.25207021,27127.0,171.3909030982202,0.0,26,25,0,0,25,25,15249,1,0,0,1,0
2020-07-16,US,Minnesota,Renville,37,3,0,44.72836381,-94.94553734,27129.0,254.3304921638713,8.108108108108109,34,37,3,0,34,37,14612,0,0,0,0,0
2020-07-16,US,Minnesota,Rice,905,8,0,44.3543376,-93.29658715,27131.0,1351.310995639969,0.8839779005524862,897,898,8,0,890,895,66523,7,0,0,7,3
2020-07-16,US,Minnesota,Rock,36,0,0,43.67482683,-96.25296832,27133.0,386.47342995169083,0.0,36,35,0,0,35,35,9414,1,0,0,1,0
2020-07-16,US,Minnesota,Roseau,30,0,0,48.77501878,-95.81079919,27135.0,197.8239366963403,0.0,30,29,0,0,29,30,15150,1,0,0,1,-1
2020-07-16,US,Minnesota,Scott,965,7,0,44.6490231,-93.53340251,27139.0,647.5945051774006,0.7253886010362695,958,953,4,0,949,923,147381,12,3,0,9,30
2020-07-16,US,Minnesota,Sherburne,400,5,0,45.44447208,-93.77617511,27141.0,411.36181328287284,1.25,395,375,5,0,370,371,96036,25,0,0,25,4
2020-07-16,US,Minnesota,Sibley,62,2,0,44.5796592,-94.23164924,27143.0,417.08711738984186,3.2258064516129035,60,59,2,0,57,58,15028,3,0,0,3,1
2020-07-16,US,Minnesota,St. Louis,254,16,0,47.604840700000004,-92.46879855,27137.0,127.59330888632141,6.299212598425197,238,249,16,0,233,241,199754,5,0,0,5,8
2020-07-16,US,Minnesota,Stearns,2596,19,0,45.55192576,-94.61078221,27145.0,1611.6715815613845,0.7318952234206472,2577,2575,19,0,2556,2549,159256,21,0,0,21,26
2020-07-16,US,Minnesota,Steele,274,1,0,44.02240351,-93.22627088,27147.0,747.6329504215668,0.36496350364963503,273,266,1,0,265,266,36803,8,0,0,8,0
2020-07-16,US,Minnesota,Stevens,13,0,0,45.58613007,-96.00163705,27149.0,132.58541560428353,0.0,13,11,0,0,11,11,9753,2,0,0,2,0
2020-07-16,US,Minnesota,Swift,40,1,0,45.2829032,-95.68264092,27151.0,431.6857327865314,2.5,39,39,1,0,38,35,9345,1,0,0,1,4
2020-07-16,US,Minnesota,Todd,405,2,0,46.06996226,-94.89785296,27153.0,1642.0694129095034,0.4938271604938271,403,405,2,0,403,404,24582,0,0,0,0,1
2020-07-16,US,Minnesota,Traverse,8,0,0,45.77298854,-96.47062949,27155.0,245.474071801166,0.0,8,8,0,0,8,8,3308,0,0,0,0,0
2020-07-16,US,Minnesota,Unassigned,91,40,0,0.0,0.0,90027.0,0.0,43.956043956043956,51,94,40,0,54,92,,-3,0,0,-3,2
2020-07-16,US,Minnesota,Wabasha,49,0,0,44.28424356,-92.23121312,27157.0,226.56864105053867,0.0,49,46,0,0,46,44,21645,3,0,0,3,2
2020-07-16,US,Minnesota,Wadena,18,0,0,46.58589171,-94.96968506,27159.0,131.5597134921795,0.0,18,18,0,0,18,18,13773,0,0,0,0,0
2020-07-16,US,Minnesota,Waseca,83,0,0,44.02211116,-93.58720034,27161.0,445.94885020416916,0.0,83,82,0,0,82,80,18691,1,0,0,1,2
2020-07-16,US,Minnesota,Washington,1369,40,0,45.03864533,-92.88429635,27163.0,521.6430422191739,2.9218407596785974,1329,1344,41,0,1303,1324,259201,25,-1,0,26,20
2020-07-16,US,Minnesota,Watonwan,272,0,0,43.97823903,-94.61413846,27165.0,2496.0998439937603,0.0,272,273,0,0,273,272,10980,-1,0,0,-1,1
2020-07-16,US,Minnesota,Wilkin,23,3,0,46.35721532,-96.4684375,27167.0,370.54937973256006,13.043478260869565,20,23,3,0,20,23,6254,0,0,0,0,0
2020-07-16,US,Minnesota,Winona,163,16,0,43.98772283,-91.78081305,27169.0,322.87457412249427,9.8159509202454,147,156,15,0,141,153,50825,7,1,0,6,3
2020-07-16,US,Minnesota,Wright,576,4,0,45.17297924,-93.96234781,27171.0,416.2541462815352,0.6944444444444444,572,564,5,0,559,555,136349,12,-1,0,13,9
2020-07-16,US,Minnesota,Yellow Medicine,35,0,0,44.71710183,-95.86842453,27173.0,360.4902667627975,0.0,35,34,0,0,34,32,9795,1,0,0,1,2
2020-07-16,US,Mississippi,Adams,393,21,0,31.47669768,-91.35326037,28001.0,1280.4222461147492,5.343511450381679,372,392,21,0,371,388,31192,1,0,0,1,4
2020-07-16,US,Mississippi,Alcorn,128,2,0,34.88084463,-88.57996173,28003.0,346.3859497199145,1.5625,126,123,2,0,121,113,36925,5,0,0,5,10
2020-07-16,US,Mississippi,Amite,127,3,0,31.17467303,-90.80501621,28005.0,1032.7722208668781,2.3622047244094486,124,124,3,0,121,118,12326,3,0,0,3,6
2020-07-16,US,Mississippi,Attala,403,24,0,33.08658803,-89.57838564,28007.0,2217.453505007153,5.955334987593052,379,394,24,0,370,390,18365,9,0,0,9,4
2020-07-16,US,Mississippi,Benton,63,0,0,34.81681228,-89.18945516,28009.0,762.8042135851797,0.0,63,58,0,0,58,49,8271,5,0,0,5,9
2020-07-16,US,Mississippi,Bolivar,500,18,0,33.79696941,-90.87372121,28011.0,1632.4931435287972,3.6,482,463,18,0,445,428,31333,37,0,0,37,35
2020-07-16,US,Mississippi,Calhoun,194,5,0,33.93683395,-89.33686647,28013.0,1350.8808578789778,2.5773195876288657,189,187,5,0,182,176,14436,7,0,0,7,11
2020-07-16,US,Mississippi,Carroll,199,11,0,33.44834567,-89.91994479,28015.0,2000.6031969438025,5.527638190954773,188,196,11,0,185,189,9911,3,0,0,3,7
2020-07-16,US,Mississippi,Chickasaw,331,19,0,33.91983202,-88.9481545,28017.0,1935.332982517687,5.740181268882174,312,313,19,0,294,304,17171,18,0,0,18,9
2020-07-16,US,Mississippi,Choctaw,80,4,0,33.34598242,-89.24809382,28019.0,974.4214372716199,5.0,76,79,4,0,75,76,8278,1,0,0,1,3
2020-07-16,US,Mississippi,Claiborne,327,12,0,31.97061673,-90.90702196,28021.0,3638.1842456608806,3.669724770642202,315,322,12,0,310,318,9002,5,0,0,5,4
2020-07-16,US,Mississippi,Clarke,247,25,0,32.04158545,-88.68896219999998,28023.0,1589.3443150376424,10.121457489878543,222,241,25,0,216,234,15604,6,0,0,6,7
2020-07-16,US,Mississippi,Clay,281,12,0,33.65358105,-88.77784255,28025.0,1454.752536757093,4.270462633451957,269,274,11,0,263,268,19386,7,1,0,6,6
2020-07-16,US,Mississippi,Coahoma,257,6,0,34.22772299,-90.60415045,28027.0,1161.634424154764,2.3346303501945527,251,251,6,0,245,237,22628,6,0,0,6,14
2020-07-16,US,Mississippi,Copiah,704,17,0,31.86977774,-90.44565118,28029.0,2508.462497773027,2.414772727272727,687,696,16,0,680,690,28543,8,1,0,7,6
2020-07-16,US,Mississippi,Covington,483,5,0,31.63225413,-89.55389939,28031.0,2591.757887958789,1.0351966873706004,478,473,5,0,468,466,18853,10,0,0,10,7
2020-07-16,US,Mississippi,DeSoto,2171,20,0,34.87625235,-89.99091418,28033.0,1173.8624996620615,0.921234454168586,2151,2112,20,0,2092,2050,182001,59,0,0,59,62
2020-07-16,US,Mississippi,Forrest,1140,45,0,31.18961454,-89.25832496,28035.0,1522.0903373966917,3.947368421052632,1095,1105,44,0,1061,1071,75036,35,1,0,34,34
2020-07-16,US,Mississippi,Franklin,65,2,0,31.47786634,-90.89672989,28037.0,842.7330481006094,3.0769230769230766,63,60,2,0,58,58,7788,5,0,0,5,2
2020-07-16,US,Mississippi,George,139,3,0,30.86259065,-88.64436789,28039.0,567.3469387755102,2.1582733812949644,136,131,3,0,128,131,24250,8,0,0,8,0
2020-07-16,US,Mississippi,Greene,134,10,0,31.21444233,-88.63922281,28041.0,986.3094361843074,7.462686567164179,124,125,10,0,115,118,13586,9,0,0,9,7
2020-07-16,US,Mississippi,Grenada,664,13,0,33.77036166,-89.80245083,28043.0,3198.76674053377,1.9578313253012047,651,647,13,0,634,634,21055,17,0,0,17,13
2020-07-16,US,Mississippi,Hancock,172,14,0,30.41830223,-89.48851033,28045.0,361.10178031575407,8.13953488372093,158,162,14,0,148,158,47334,10,0,0,10,4
2020-07-16,US,Mississippi,Harrison,1305,17,0,30.51359752,-89.12467576,28047.0,627.1626297577855,1.3026819923371646,1288,1260,17,0,1243,1231,206650,45,0,0,45,29
2020-07-16,US,Mississippi,Hinds,3317,63,0,32.2656285,-90.44435448,28049.0,1430.7280883367841,1.8993066023515224,3254,3188,59,0,3129,3102,237085,129,4,0,125,86
2020-07-16,US,Mississippi,Holmes,633,42,0,33.12345854,-90.08923538,28051.0,3721.340388007055,6.6350710900473935,591,614,42,0,572,608,17622,19,0,0,19,6
2020-07-16,US,Mississippi,Humphreys,188,10,0,33.12825718,-90.52252707,28053.0,2331.3492063492067,5.319148936170213,178,184,10,0,174,178,8257,4,0,0,4,6
2020-07-16,US,Mississippi,Issaquena,11,1,0,32.72531359,-90.97392828,28055.0,828.9374529012813,9.090909090909092,10,11,1,0,10,11,1308,0,0,0,0,0
2020-07-16,US,Mississippi,Itawamba,170,8,0,34.27993475,-88.3606733,28057.0,726.8063274903806,4.705882352941177,162,163,8,0,155,152,23517,7,0,0,7,11
2020-07-16,US,Mississippi,Jackson,874,20,0,30.54020656,-88.64184064,28059.0,608.5630531204523,2.2883295194508007,854,828,20,0,808,809,143277,46,0,0,46,19
2020-07-16,US,Mississippi,Jasper,305,6,0,32.01922104,-89.11786866,28061.0,1861.6858939144242,1.9672131147540983,299,301,6,0,295,295,16428,4,0,0,4,6
2020-07-16,US,Mississippi,Jefferson,139,3,0,31.73397872,-91.03764977,28063.0,1988.5550786838346,2.1582733812949644,136,135,3,0,132,135,7106,4,0,0,4,0
2020-07-16,US,Mississippi,Jefferson Davis,132,4,0,31.56884708,-89.82670990000004,28065.0,1186.196980589504,3.0303030303030303,128,130,4,0,126,129,11234,2,0,0,2,1
2020-07-16,US,Mississippi,Jones,1284,52,0,31.62257767,-89.16896899999998,28067.0,1885.5179300419986,4.0498442367601255,1232,1266,51,0,1215,1254,68461,18,1,0,17,12
2020-07-16,US,Mississippi,Kemper,190,14,0,32.75462946,-88.64105766,28069.0,1950.31820981318,7.36842105263158,176,189,14,0,175,184,10027,1,0,0,1,5
2020-07-16,US,Mississippi,Lafayette,548,4,0,34.35687874,-89.48490961,28071.0,1014.4578759325424,0.7299270072992701,544,536,4,0,532,527,54793,12,0,0,12,9
2020-07-16,US,Mississippi,Lamar,668,7,0,31.20572971,-89.5077704,28073.0,1054.5758805234987,1.0479041916167664,661,625,7,0,618,612,62447,43,0,0,43,13
2020-07-16,US,Mississippi,Lauderdale,1016,83,0,32.40419769,-88.66229662,28075.0,1370.6576728499156,8.169291338582678,933,983,83,0,900,975,75317,33,0,0,33,8
2020-07-16,US,Mississippi,Lawrence,226,2,0,31.55147224,-90.10841127,28077.0,1795.6459558239317,0.8849557522123894,224,222,2,0,220,218,12455,4,0,0,4,4
2020-07-16,US,Mississippi,Leake,670,20,0,32.7536828,-89.52402044,28079.0,2940.402001228825,2.985074626865672,650,664,20,0,644,651,22763,6,0,0,6,13
2020-07-16,US,Mississippi,Lee,695,23,0,34.291877500000005,-88.68149954,28081.0,813.4744135961421,3.309352517985612,672,662,23,0,639,640,85202,33,0,0,33,22
2020-07-16,US,Mississippi,Leflore,601,56,0,33.55545125,-90.29900733,28083.0,2132.491218110208,9.317803660565724,545,588,56,0,532,569,28919,13,0,0,13,19
2020-07-16,US,Mississippi,Lincoln,561,36,0,31.53288662,-90.45391915,28085.0,1642.6082628173224,6.4171122994652405,525,544,36,0,508,541,34205,17,0,0,17,3
2020-07-16,US,Mississippi,Lowndes,597,17,0,33.47386518,-88.44191529999998,28087.0,1018.858264357027,2.847571189279732,580,569,17,0,552,553,58930,28,0,0,28,16
2020-07-16,US,Mississippi,Madison,1630,42,0,32.63389156,-90.03513564,28089.0,1533.8000602228244,2.576687116564417,1588,1589,40,0,1549,1560,105630,41,2,0,39,29
2020-07-16,US,Mississippi,Marion,372,12,0,31.23132643,-89.8209217,28091.0,1513.856671957026,3.2258064516129035,360,363,12,0,351,356,24715,9,0,0,9,7
2020-07-16,US,Mississippi,Marshall,324,4,0,34.76216286,-89.50299462,28093.0,918.0030600102,1.2345679012345678,320,310,4,0,306,307,35451,14,0,0,14,3
2020-07-16,US,Mississippi,Monroe,494,40,0,33.89236763,-88.4808438,28095.0,1401.338931124475,8.097165991902834,454,491,39,0,452,472,35564,3,1,0,2,19
2020-07-16,US,Mississippi,Montgomery,204,3,0,33.49419589,-89.61729103,28097.0,2086.9565217391305,1.4705882352941178,201,197,3,0,194,190,10023,7,0,0,7,7
2020-07-16,US,Mississippi,Neshoba,1067,79,0,32.75339664,-89.11726492,28099.0,3664.4000274744153,7.4039362699156515,988,1059,78,0,981,1050,29125,8,1,0,7,9
2020-07-16,US,Mississippi,Newton,390,11,0,32.40021118,-89.11843336,28101.0,1855.5523836711386,2.8205128205128207,379,384,10,0,374,379,21443,6,1,0,5,5
2020-07-16,US,Mississippi,Noxubee,295,9,0,33.11009499,-88.56949061,28103.0,2831.9093788998753,3.0508474576271185,286,286,9,0,277,281,10535,9,0,0,9,5
2020-07-16,US,Mississippi,Oktibbeha,650,28,0,33.42491685,-88.87905132,28105.0,1310.8274346098774,4.307692307692308,622,644,28,0,616,632,49599,6,0,0,6,12
2020-07-16,US,Mississippi,Panola,531,6,0,34.36398677,-89.95064249,28107.0,1552.9948525970988,1.1299435028248588,525,517,6,0,511,469,34178,14,0,0,14,48
2020-07-16,US,Mississippi,Pearl River,331,32,0,30.77090935,-89.58677275,28109.0,596.0205275952103,9.667673716012084,299,323,32,0,291,317,55387,8,0,0,8,6
2020-07-16,US,Mississippi,Perry,105,4,0,31.17161885,-88.99281835,28111.0,876.9731896767728,3.809523809523809,101,99,4,0,95,95,11931,6,0,0,6,4
2020-07-16,US,Mississippi,Pike,553,24,0,31.17507789,-90.40392572,28113.0,1407.5544695581348,4.33996383363472,529,537,24,0,513,528,39563,16,0,0,16,9
2020-07-16,US,Mississippi,Pontotoc,435,6,0,34.226046000000004,-89.03636807,28115.0,1352.023372909803,1.3793103448275863,429,406,6,0,400,390,31833,29,0,0,29,16
2020-07-16,US,Mississippi,Prentiss,145,6,0,34.61810501,-88.51986294,28117.0,577.0914590464063,4.137931034482759,139,134,4,0,130,129,25315,11,2,0,9,5
2020-07-16,US,Mississippi,Quitman,114,1,0,34.25157572,-90.28908,28119.0,1678.4452296819788,0.8771929824561403,113,111,1,0,110,104,7051,3,0,0,3,7
2020-07-16,US,Mississippi,Rankin,1276,20,0,32.26469147,-89.94537876,28121.0,821.7890011657038,1.567398119122257,1256,1234,20,0,1214,1173,153902,42,0,0,42,61
2020-07-16,US,Mississippi,Scott,847,15,0,32.406704100000006,-89.53789439,28123.0,3011.662636893757,1.770956316410862,832,843,15,0,828,837,28287,4,0,0,4,6
2020-07-16,US,Mississippi,Sharkey,56,0,0,32.88149103,-90.8159538,28125.0,1295.9962971534367,0.0,56,54,0,0,54,52,4377,2,0,0,2,2
2020-07-16,US,Mississippi,Simpson,489,3,0,31.91282117,-89.91716179,28127.0,1834.346162502813,0.6134969325153374,486,480,3,0,477,461,26758,9,0,0,9,19
2020-07-16,US,Mississippi,Smith,268,12,0,32.01744532,-89.50644846,28129.0,1683.8401608444333,4.477611940298506,256,263,12,0,251,261,16002,5,0,0,5,2
2020-07-16,US,Mississippi,Stone,88,2,0,30.79187949,-89.11547539,28131.0,479.9301919720768,2.272727272727273,86,85,2,0,83,80,18717,3,0,0,3,5
2020-07-16,US,Mississippi,Sunflower,600,9,0,33.60192578,-90.58882684,28133.0,2389.4862604540026,1.5,591,565,9,0,556,526,25735,35,0,0,35,39
2020-07-16,US,Mississippi,Tallahatchie,247,4,0,33.95339918,-90.1729398,28135.0,1788.6885364617276,1.6194331983805668,243,239,4,0,235,206,13987,8,0,0,8,33
2020-07-16,US,Mississippi,Tate,440,14,0,34.65133709,-89.94485778,28137.0,1553.617457010699,3.1818181818181817,426,431,13,0,418,418,28759,9,1,0,8,13
2020-07-16,US,Mississippi,Tippah,159,11,0,34.76872156,-88.90988194,28139.0,722.2348398818988,6.918238993710692,148,154,11,0,143,151,21995,5,0,0,5,3
2020-07-16,US,Mississippi,Tishomingo,137,1,0,34.74023475,-88.23917219,28141.0,706.8049321570447,0.7299270072992701,136,125,1,0,124,111,19454,12,0,0,12,14
2020-07-16,US,Mississippi,Tunica,132,3,0,34.64967704,-90.37481167,28143.0,1370.4318936877075,2.272727272727273,129,129,3,0,126,127,9944,3,0,0,3,2
2020-07-16,US,Mississippi,Union,282,11,0,34.49162015,-89.00776006,28145.0,978.6569495054661,3.9007092198581566,271,266,11,0,255,258,28606,16,0,0,16,8
2020-07-16,US,Mississippi,Walthall,304,10,0,31.14971548,-90.10446654,28147.0,2127.957440851183,3.2894736842105265,294,292,10,0,282,289,14465,12,0,0,12,3
2020-07-16,US,Mississippi,Warren,649,22,0,32.35810271,-90.83352619,28149.0,1430.1139243295652,3.3898305084745757,627,616,22,0,594,612,46176,33,0,0,33,4
2020-07-16,US,Mississippi,Washington,876,16,0,33.28392041,-90.94196237,28151.0,1995.035186408253,1.8264840182648399,860,806,15,0,791,782,45063,70,1,0,69,24
2020-07-16,US,Mississippi,Wayne,595,20,0,31.64135687,-88.69573913,28153.0,2948.0255660704547,3.361344537815126,575,588,19,0,569,575,20298,7,1,0,6,13
2020-07-16,US,Mississippi,Webster,139,11,0,33.61300486,-89.28392912,28155.0,1434.6165754979875,7.913669064748201,128,136,11,0,125,135,9788,3,0,0,3,1
2020-07-16,US,Mississippi,Wilkinson,111,9,0,31.16078225,-91.31018819,28157.0,1286.2108922363848,8.108108108108109,102,107,9,0,98,104,8792,4,0,0,4,3
2020-07-16,US,Mississippi,Winston,323,13,0,33.08747908,-89.03391385,28159.0,1798.9417989417987,4.0247678018575845,310,314,13,0,301,305,18165,9,0,0,9,9
2020-07-16,US,Mississippi,Yalobusha,220,9,0,34.02824175,-89.70762049999998,28161.0,1816.9805087545426,4.090909090909091,211,216,9,0,207,208,12392,4,0,0,4,8
2020-07-16,US,Mississippi,Yazoo,587,7,0,32.77890365,-90.39656148,28163.0,1977.0966655439545,1.192504258943782,580,584,7,0,577,574,28248,3,0,0,3,10
2020-07-16,US,Missouri,Adair,105,0,0,40.19058551,-92.60078167,29001.0,414.3155901037762,0.0,105,103,0,0,103,102,25339,2,0,0,2,1
2020-07-16,US,Missouri,Andrew,55,1,0,39.98492163,-94.80163024,29003.0,310.5239385727191,1.818181818181818,54,55,1,0,54,55,17607,0,0,0,0,0
2020-07-16,US,Missouri,Atchison,6,0,0,40.43238737,-95.42970639,29005.0,116.663426015944,0.0,6,6,0,0,6,6,5171,0,0,0,0,0
2020-07-16,US,Missouri,Audrain,144,1,0,39.215877,-91.84242683,29007.0,567.197100992595,0.6944444444444444,143,143,1,0,142,143,25473,1,0,0,1,0
2020-07-16,US,Missouri,Barry,146,0,0,36.70978521,-93.82919888,29009.0,407.9465757635029,0.0,146,125,0,0,125,105,35886,21,0,0,21,20
2020-07-16,US,Missouri,Barton,41,0,0,37.50207671,-94.34757022,29011.0,348.8174238557087,0.0,41,41,0,0,41,37,11798,0,0,0,0,4
2020-07-16,US,Missouri,Bates,17,1,0,38.25271289,-94.34113157,29013.0,105.11996042542671,5.882352941176472,16,16,1,0,15,16,16320,1,0,0,1,0
2020-07-16,US,Missouri,Benton,29,0,0,38.29503305,-93.28756116,29015.0,149.15393714961687,0.0,29,26,0,0,26,26,19278,3,0,0,3,0
2020-07-16,US,Missouri,Bollinger,32,1,0,37.32449052,-90.02725304,29017.0,263.7435094370724,3.125,31,30,0,0,30,27,12169,2,1,0,1,3
2020-07-16,US,Missouri,Boone,665,2,0,38.99186229,-92.30723575,29019.0,368.4965893285605,0.3007518796992481,663,639,2,0,637,627,180005,26,0,0,26,12
2020-07-16,US,Missouri,Buchanan,958,6,0,39.65816401,-94.80138942,29021.0,1096.5615127512476,0.6263048016701461,952,955,6,0,949,956,88571,3,0,0,3,-1
2020-07-16,US,Missouri,Butler,125,0,0,36.71462476,-90.40421163,29023.0,294.26997504590616,0.0,125,122,0,0,122,122,42639,3,0,0,3,0
2020-07-16,US,Missouri,Caldwell,17,1,0,39.65620858,-93.98308093,29025.0,188.470066518847,5.882352941176472,16,15,1,0,14,15,9108,2,0,0,2,0
2020-07-16,US,Missouri,Callaway,72,1,0,38.83674754,-91.92186505,29027.0,160.91902643989002,1.3888888888888888,71,64,1,0,63,64,44889,8,0,0,8,0
2020-07-16,US,Missouri,Camden,88,2,0,38.02199522,-92.76083747,29029.0,190.04427167692475,2.272727272727273,86,92,2,0,90,90,45815,-4,0,0,-4,2
2020-07-16,US,Missouri,Cape Girardeau,400,3,0,37.38489388,-89.6843587,29031.0,507.157256786398,0.75,397,375,3,0,372,361,78753,25,0,0,25,14
2020-07-16,US,Missouri,Carroll,42,0,0,39.42762566,-93.50626255,29033.0,483.92671966816454,0.0,42,41,0,0,41,39,8743,1,0,0,1,2
2020-07-16,US,Missouri,Carter,8,1,0,36.94160441,-90.96051322,29035.0,133.73453694416582,12.5,7,8,1,0,7,8,6054,0,0,0,0,0
2020-07-16,US,Missouri,Cass,233,8,0,38.64789422,-94.353399,29037.0,220.268481754585,3.433476394849785,225,225,8,0,217,217,104954,8,0,0,8,8
2020-07-16,US,Missouri,Cedar,16,0,0,37.72391475,-93.85445441,29039.0,111.5060282946547,0.0,16,15,0,0,15,12,14165,1,0,0,1,3
2020-07-16,US,Missouri,Chariton,8,0,0,39.51499357,-92.9629191,29041.0,107.72959870724482,0.0,8,7,0,0,7,7,7451,1,0,0,1,0
2020-07-16,US,Missouri,Christian,93,1,0,36.9711783,-93.18537118,29043.0,104.9720638862238,1.075268817204301,92,90,1,0,89,80,86983,3,0,0,3,10
2020-07-16,US,Missouri,Clark,2,0,0,40.41040752,-91.73661677,29045.0,29.424746211563924,0.0,2,2,0,0,2,2,6842,0,0,0,0,0
2020-07-16,US,Missouri,Clay,597,13,0,39.31132056,-94.41850862,29047.0,238.84968073359258,2.1775544388609718,584,589,13,0,576,579,246365,8,0,0,8,10
2020-07-16,US,Missouri,Clinton,36,0,0,39.6013098,-94.40465394,29049.0,176.58311669200958,0.0,36,36,0,0,36,35,20470,0,0,0,0,1
2020-07-16,US,Missouri,Cole,133,2,0,38.50455671,-92.27860244,29051.0,173.3011922600821,1.5037593984962403,131,126,2,0,124,116,76796,7,0,0,7,10
2020-07-16,US,Missouri,Cooper,32,0,0,38.844478,-92.80896081,29053.0,180.69907956406345,0.0,32,32,0,0,32,30,17603,0,0,0,0,2
2020-07-16,US,Missouri,Crawford,26,0,0,37.97663738,-91.30528104,29055.0,108.69565217391305,0.0,26,24,0,0,24,23,23957,2,0,0,2,1
2020-07-16,US,Missouri,Dade,2,0,0,37.431814,-93.8503345,29057.0,26.451527575717503,0.0,2,2,0,0,2,2,7569,0,0,0,0,0
2020-07-16,US,Missouri,Dallas,23,1,0,37.6811355,-93.02127031,29059.0,136.27207015049177,4.3478260869565215,22,22,1,0,21,20,16762,1,0,0,1,2
2020-07-16,US,Missouri,Daviess,12,0,0,39.96145298,-93.98519678,29061.0,144.9625513409036,0.0,12,11,0,0,11,11,8313,1,0,0,1,0
2020-07-16,US,Missouri,DeKalb,19,0,0,39.89201062,-94.40476508,29063.0,151.43062086554554,0.0,19,19,0,0,19,17,12630,0,0,0,0,2
2020-07-16,US,Missouri,Dent,9,0,0,37.60663134,-91.50790473,29065.0,57.792332883837396,0.0,9,9,0,0,9,9,15441,0,0,0,0,0
2020-07-16,US,Missouri,Douglas,21,0,0,36.9325593,-92.49905109,29067.0,159.27189988623437,0.0,21,17,0,0,17,16,13373,4,0,0,4,1
2020-07-16,US,Missouri,Dunklin,138,3,0,36.27167174,-90.09122243,29069.0,473.72215165974404,2.1739130434782608,135,138,3,0,135,136,29423,0,0,0,0,2
2020-07-16,US,Missouri,Franklin,324,18,0,38.41127108,-91.07522826,29071.0,311.6373464657055,5.5555555555555545,306,317,18,0,299,305,103670,7,0,0,7,12
2020-07-16,US,Missouri,Gasconade,18,0,0,38.43947277,-91.50847147,29073.0,122.39902080783354,0.0,18,18,0,0,18,17,14705,0,0,0,0,1
2020-07-16,US,Missouri,Gentry,68,9,0,40.21097916,-94.40944419,29075.0,1034.8500989194947,13.235294117647056,59,68,9,0,59,67,6628,0,0,0,0,1
2020-07-16,US,Missouri,Greene,546,9,0,37.2575872,-93.34230916,29077.0,186.29344288024674,1.6483516483516485,537,517,9,0,508,492,291923,29,0,0,29,25
2020-07-16,US,Missouri,Grundy,22,1,0,40.11406587,-93.56509276,29079.0,223.35025380710653,4.545454545454546,21,22,1,0,21,22,9914,0,0,0,0,0
2020-07-16,US,Missouri,Harrison,34,0,0,40.35570088,-93.99222144,29081.0,407.088122605364,0.0,34,33,0,0,33,31,8414,1,0,0,1,2
2020-07-16,US,Missouri,Henry,31,3,0,38.38482826,-93.79293734,29083.0,142.04545454545453,9.677419354838712,28,27,3,0,24,27,21792,4,0,0,4,0
2020-07-16,US,Missouri,Hickory,2,0,0,37.94163617,-93.3203037,29085.0,20.955574182732608,0.0,2,1,0,0,1,1,9509,1,0,0,1,0
2020-07-16,US,Missouri,Holt,1,0,0,40.09799248,-95.2163888,29087.0,22.71178741766977,0.0,1,1,0,0,1,1,4404,0,0,0,0,0
2020-07-16,US,Missouri,Howard,8,0,0,39.1435761,-92.69756691,29089.0,79.99200079991999,0.0,8,8,0,0,8,5,10137,0,0,0,0,3
2020-07-16,US,Missouri,Howell,56,0,0,36.77383887,-91.88683935,29091.0,139.5916942941895,0.0,56,54,0,0,54,52,40076,2,0,0,2,2
2020-07-16,US,Missouri,Iron,3,0,0,37.55487945,-90.7735296,29093.0,29.62962962962963,0.0,3,3,0,0,3,3,10177,0,0,0,0,0
2020-07-16,US,Missouri,Jackson,1704,46,0,39.01002188,-94.34724536,29095.0,242.38596551120816,2.6995305164319245,1658,1681,46,0,1635,1646,700307,23,0,0,23,35
2020-07-16,US,Missouri,Jasper,1119,13,0,37.20351921,-94.34050458,29097.0,922.293287617038,1.161751563896336,1106,1090,13,0,1077,1056,120636,29,0,0,29,34
2020-07-16,US,Missouri,Jefferson,643,22,0,38.25926778,-90.53870896,29099.0,285.6749348012493,3.421461897356143,621,635,22,0,613,613,224347,8,0,0,8,22
2020-07-16,US,Missouri,Johnson,296,1,0,38.74719601,-93.80691168,29101.0,547.5195146313492,0.33783783783783783,295,279,1,0,278,264,53652,17,0,0,17,15
2020-07-16,US,Missouri,Kansas City,3366,37,0,39.0997,-94.5786,0.0,688.4238040016936,1.0992275698158052,3329,3294,36,0,3258,3215,491918,72,1,0,71,79
2020-07-16,US,Missouri,Knox,2,0,0,40.12699751,-92.14780832,29103.0,50.51780752715332,0.0,2,2,0,0,2,2,3947,0,0,0,0,0
2020-07-16,US,Missouri,Laclede,122,1,0,37.65896829,-92.5888493,29105.0,341.51666993253644,0.819672131147541,121,115,1,0,114,102,35713,7,0,0,7,13
2020-07-16,US,Missouri,Lafayette,105,2,0,39.06986886,-93.78076396,29107.0,321.02237984590926,1.9047619047619049,103,104,2,0,102,104,32598,1,0,0,1,0
2020-07-16,US,Missouri,Lawrence,81,2,0,37.10626634,-93.83293097,29109.0,211.18498240125146,2.469135802469136,79,65,2,0,63,60,38359,16,0,0,16,5
2020-07-16,US,Missouri,Lewis,10,1,0,40.09673161,-91.72070156,29111.0,102.291325695581,10.0,9,8,1,0,7,9,9855,2,0,0,2,-1
2020-07-16,US,Missouri,Lincoln,128,1,0,39.05345619,-90.95588181,29113.0,216.90136071713013,0.78125,127,127,1,0,126,122,57686,1,0,0,1,5
2020-07-16,US,Missouri,Linn,22,1,0,39.87001769,-93.10704106,29115.0,184.5637583892617,4.545454545454546,21,22,1,0,21,22,12037,0,0,0,0,0
2020-07-16,US,Missouri,Livingston,28,0,0,39.78110272,-93.54645978,29117.0,183.8838904577396,0.0,28,27,0,0,27,27,15146,1,0,0,1,0
2020-07-16,US,Missouri,Macon,32,0,0,39.83049768,-92.56453089,29121.0,211.68221207911625,0.0,32,32,0,0,32,28,15153,0,0,0,0,4
2020-07-16,US,Missouri,Madison,8,0,0,37.47865134,-90.3467143,29123.0,66.18133686300463,0.0,8,7,0,0,7,7,12188,1,0,0,1,0
2020-07-16,US,Missouri,Maries,6,0,0,38.16193985,-91.92249662,29125.0,68.98930665746809,0.0,6,6,0,0,6,6,8769,0,0,0,0,0
2020-07-16,US,Missouri,Marion,39,0,0,39.80601912,-91.62203062,29127.0,136.69821240799158,0.0,39,38,0,0,38,36,28592,1,0,0,1,2
2020-07-16,US,Missouri,McDonald,767,1,0,36.62869595,-94.34867205,29119.0,3358.584752813417,0.1303780964797914,766,757,1,0,756,743,23078,10,0,0,10,14
2020-07-16,US,Missouri,Mercer,7,0,0,40.42212303,-93.5682959,29129.0,193.53055017970692,0.0,7,8,0,0,8,7,3641,-1,0,0,-1,1
2020-07-16,US,Missouri,Miller,31,0,0,38.21450288,-92.42610898,29131.0,121.00394238651,0.0,31,29,0,0,29,28,25336,2,0,0,2,1
2020-07-16,US,Missouri,Mississippi,98,0,0,36.82516239,-89.29505753,29133.0,743.5508345978758,0.0,98,98,0,0,98,99,13336,0,0,0,0,-1
2020-07-16,US,Missouri,Moniteau,70,2,0,38.63571781,-92.57976951,29135.0,433.92015869080086,2.8571428571428568,68,69,2,0,67,68,16121,1,0,0,1,1
2020-07-16,US,Missouri,Monroe,6,0,0,39.49593978,-92.00043978,29137.0,69.41230911614993,0.0,6,7,0,0,7,6,8664,-1,0,0,-1,1
2020-07-16,US,Missouri,Montgomery,23,0,0,38.94022054,-91.47000721,29139.0,199.11695957060002,0.0,23,23,0,0,23,22,11534,0,0,0,0,1
2020-07-16,US,Missouri,Morgan,28,0,0,38.4181765,-92.88791859,29141.0,135.74441266301451,0.0,28,28,0,0,28,28,20358,0,0,0,0,0
2020-07-16,US,Missouri,New Madrid,88,1,0,36.59666326,-89.66070007,29143.0,515.3431717029748,1.1363636363636365,87,79,1,0,78,57,17296,9,0,0,9,22
2020-07-16,US,Missouri,Newton,625,2,0,36.90519407,-94.3394104,29145.0,1073.2193145133594,0.32,623,607,2,0,605,587,58266,18,0,0,18,20
2020-07-16,US,Missouri,Nodaway,27,0,0,40.36079813,-94.88133008,29147.0,122.21618685497013,0.0,27,26,0,0,26,26,22304,1,0,0,1,0
2020-07-16,US,Missouri,Oregon,9,0,0,36.68710164,-91.4033755,29149.0,85.47820305822016,0.0,9,9,0,0,9,9,10541,0,0,0,0,0
2020-07-16,US,Missouri,Osage,15,0,0,38.46036182,-91.8613635,29151.0,110.17260374586851,0.0,15,15,0,0,15,15,13714,0,0,0,0,0
2020-07-16,US,Missouri,Ozark,2,0,0,36.64916339,-92.44459066,29153.0,21.80074122520166,0.0,2,2,0,0,2,2,9017,0,0,0,0,0
2020-07-16,US,Missouri,Pemiscot,150,6,0,36.2130572,-89.78742322,29155.0,949.0667510281556,4.0,144,141,6,0,135,136,16272,9,0,0,9,5
2020-07-16,US,Missouri,Perry,176,3,0,37.70660776,-89.82741088,29157.0,919.732441471572,1.7045454545454546,173,176,3,0,173,172,19150,0,0,0,0,4
2020-07-16,US,Missouri,Pettis,184,2,0,38.72798918,-93.28471706,29159.0,434.58749616193114,1.0869565217391304,182,166,2,0,164,163,42542,18,0,0,18,3
2020-07-16,US,Missouri,Phelps,53,0,0,37.87736118,-91.79351727,29161.0,118.90606420927469,0.0,53,52,0,0,52,52,44732,1,0,0,1,0
2020-07-16,US,Missouri,Pike,45,1,0,39.34310674,-91.16980779,29163.0,245.87476778494155,2.2222222222222223,44,44,1,0,43,44,18504,1,0,0,1,0
2020-07-16,US,Missouri,Platte,176,6,0,39.38154439,-94.77068479,29165.0,168.5533145626233,3.4090909090909087,170,173,6,0,167,164,102985,3,0,0,3,9
2020-07-16,US,Missouri,Polk,25,0,0,37.6162296,-93.39828174,29167.0,77.76291642041743,0.0,25,23,0,0,23,22,32201,2,0,0,2,1
2020-07-16,US,Missouri,Pulaski,146,1,0,37.82462075,-92.20783203,29169.0,277.52960632615435,0.6849315068493149,145,146,1,0,145,145,52014,0,0,0,0,1
2020-07-16,US,Missouri,Putnam,3,0,0,40.47942497,-93.02042674,29171.0,63.884156729131185,0.0,3,3,0,0,3,3,4757,0,0,0,0,0
2020-07-16,US,Missouri,Ralls,10,0,0,39.52817427,-91.51838643,29173.0,97.00261907071491,0.0,10,10,0,0,10,10,10212,0,0,0,0,0
2020-07-16,US,Missouri,Randolph,21,0,0,39.44007257,-92.4971374,29175.0,84.85534184580573,0.0,21,21,0,0,21,21,24763,0,0,0,0,0
2020-07-16,US,Missouri,Ray,32,0,0,39.3537468,-93.98905745,29177.0,139.02163524198454,0.0,32,31,0,0,31,31,22883,1,0,0,1,0
2020-07-16,US,Missouri,Reynolds,11,0,0,37.36085952,-90.97009925,29179.0,175.4385964912281,0.0,11,10,0,0,10,10,6254,1,0,0,1,0
2020-07-16,US,Missouri,Ripley,23,0,0,36.65460667,-90.85990261,29181.0,173.08850090307044,0.0,23,22,0,0,22,20,13401,1,0,0,1,2
2020-07-16,US,Missouri,Saline,324,5,0,39.13734288,-93.20259964,29195.0,1423.4875444839859,1.5432098765432098,319,324,5,0,319,319,22895,0,0,0,0,5
2020-07-16,US,Missouri,Schuyler,5,0,0,40.46921489,-92.52311943,29197.0,107.2961373390558,0.0,5,5,0,0,5,5,4599,0,0,0,0,0
2020-07-16,US,Missouri,Scotland,11,1,0,40.45214695,-92.14709064,29199.0,224.3982048143615,9.090909090909092,10,11,1,0,10,11,4966,0,0,0,0,0
2020-07-16,US,Missouri,Scott,237,13,0,37.05588075,-89.56474493,29201.0,619.1222570532915,5.485232067510547,224,235,13,0,222,219,38458,2,0,0,2,16
2020-07-16,US,Missouri,Shannon,29,0,0,37.15772072,-91.40190382,29203.0,355.13103110458,0.0,29,29,0,0,29,29,8189,0,0,0,0,0
2020-07-16,US,Missouri,Shelby,5,0,0,39.79742518,-92.07634971,29205.0,84.31703204047217,0.0,5,5,0,0,5,5,6050,0,0,0,0,0
2020-07-16,US,Missouri,St. Charles,1533,79,0,38.77875681,-90.66662425,29183.0,381.3224151912085,5.153294194390085,1454,1496,79,0,1417,1437,399182,37,0,0,37,59
2020-07-16,US,Missouri,St. Clair,6,0,0,38.03699437,-93.77631447,29185.0,63.85016494625946,0.0,6,6,0,0,6,6,9395,0,0,0,0,0
2020-07-16,US,Missouri,St. Francois,179,2,0,37.81214171,-90.47598685,29187.0,266.309603511121,1.11731843575419,177,174,2,0,172,173,66692,5,0,0,5,1
2020-07-16,US,Missouri,St. Louis,8561,605,0,38.63770039999999,-90.4458375,29189.0,861.0900166464662,7.06693143324378,7956,8300,605,0,7695,8140,996945,261,0,0,261,160
2020-07-16,US,Missouri,St. Louis City,3194,161,0,38.63555736,-90.24349225,29510.0,1062.626423932716,5.0407013149655615,3033,3134,161,0,2973,3044,302838,60,0,0,60,90
2020-07-16,US,Missouri,Ste. Genevieve,26,1,0,37.89090059,-90.1949941,29186.0,145.30010059237733,3.8461538461538463,25,26,1,0,25,25,17888,0,0,0,0,1
2020-07-16,US,Missouri,Stoddard,163,9,0,36.85571651,-89.9444155,29207.0,561.5848406546081,5.521472392638037,154,162,9,0,153,155,29206,1,0,0,1,7
2020-07-16,US,Missouri,Stone,32,0,0,36.75000327,-93.45256475,29209.0,100.15022533800699,0.0,32,32,0,0,32,30,31749,0,0,0,0,2
2020-07-16,US,Missouri,Sullivan,122,0,0,40.2099105,-93.11150106,29211.0,2003.6130727541467,0.0,122,121,0,0,121,118,6221,1,0,0,1,3
2020-07-16,US,Missouri,Taney,147,3,0,36.65465345,-93.04075153,29213.0,262.8379344871978,2.0408163265306123,144,142,3,0,139,135,55852,5,0,0,5,7
2020-07-16,US,Missouri,Texas,13,0,0,37.31728859,-91.96564727,29215.0,51.1851326876132,0.0,13,14,0,0,14,13,25571,-1,0,0,-1,1
2020-07-16,US,Missouri,Vernon,36,0,0,37.8457799,-94.34127305,29217.0,175.07173077858292,0.0,36,38,0,0,38,36,20528,-2,0,0,-2,2
2020-07-16,US,Missouri,Warren,68,0,0,38.76529479,-91.16124662,29219.0,190.74868860276592,0.0,68,65,0,0,65,60,34711,3,0,0,3,5
2020-07-16,US,Missouri,Washington,38,1,0,37.96130078,-90.87948158,29221.0,153.65952284674484,2.631578947368421,37,28,1,0,27,27,24943,10,0,0,10,1
2020-07-16,US,Missouri,Wayne,5,0,0,37.11303869,-90.46001416,29223.0,38.84098500737978,0.0,5,5,0,0,5,6,13122,0,0,0,0,-1
2020-07-16,US,Missouri,Webster,62,1,0,37.2813734,-92.876329,29225.0,156.59729238229946,1.6129032258064515,61,60,1,0,59,55,39109,2,0,0,2,5
2020-07-16,US,Missouri,Worth,4,0,0,40.47945588,-94.42328751,29227.0,198.7083954297069,0.0,4,4,0,0,4,4,2040,0,0,0,0,0
2020-07-16,US,Missouri,Wright,48,0,0,37.27029221,-92.46914488,29229.0,262.45284050522173,0.0,48,45,0,0,45,45,18378,3,0,0,3,0
2020-07-16,US,Montana,Beaverhead,6,0,0,45.13434354,-112.89846940000001,30001.0,63.4719136781974,0.0,6,6,0,0,6,5,9404,0,0,0,0,1
2020-07-16,US,Montana,Big Horn,129,5,0,45.42335905,-107.492347,30003.0,968.5411817704033,3.875968992248062,124,128,5,0,123,121,13338,1,0,0,1,7
2020-07-16,US,Montana,Blaine,1,0,0,48.43175214,-108.9582723,30005.0,14.9678191887442,0.0,1,,,,,,6807,,,,,
2020-07-16,US,Montana,Broadwater,9,0,0,46.33277565,-111.49558130000001,30007.0,144.3001443001443,0.0,9,9,0,0,9,9,6085,0,0,0,0,0
2020-07-16,US,Montana,Carbon,41,0,0,45.22850116,-109.0274047,30009.0,382.28438228438233,0.0,41,35,0,0,35,34,10714,6,0,0,6,1
2020-07-16,US,Montana,Cascade,59,2,0,47.30797024,-111.3467922,30013.0,72.51185999065949,3.3898305084745757,57,56,2,0,54,50,81643,3,0,0,3,6
2020-07-16,US,Montana,Custer,40,0,0,46.25319932,-105.57375259999998,30017.0,350.81564637782844,0.0,40,38,0,0,38,38,11586,2,0,0,2,0
2020-07-16,US,Montana,Dawson,8,0,0,47.26584855,-104.89444170000002,30021.0,92.88285150354116,0.0,8,8,0,0,8,8,8680,0,0,0,0,0
2020-07-16,US,Montana,Deer Lodge,6,0,0,46.05953325,-113.073353,30023.0,65.64551422319475,0.0,6,6,0,0,6,6,9131,0,0,0,0,0
2020-07-16,US,Montana,Fallon,1,0,0,46.33478338,-104.41835649999999,30025.0,35.137034434293746,0.0,1,1,0,0,1,1,2920,0,0,0,0,0
2020-07-16,US,Montana,Fergus,4,0,0,47.26331584,-109.2245206,30027.0,36.199095022624434,0.0,4,2,0,0,2,2,11113,2,0,0,2,0
2020-07-16,US,Montana,Flathead,97,2,0,48.29575866,-114.05205690000001,30029.0,93.44353890911891,2.061855670103093,95,92,2,0,90,84,102106,5,0,0,5,8
2020-07-16,US,Montana,Gallatin,536,1,0,45.54486106,-111.1692571,30031.0,468.3922610412989,0.1865671641791045,535,489,1,0,488,417,111876,47,0,0,47,72
2020-07-16,US,Montana,Garfield,9,0,0,47.27545948,-107.0002351,30033.0,715.4213036565977,0.0,9,9,0,0,9,1,1268,0,0,0,0,8
2020-07-16,US,Montana,Glacier,28,0,0,48.70513576,-112.9934235,30035.0,203.59194357594703,0.0,28,28,0,0,28,28,13747,0,0,0,0,0
2020-07-16,US,Montana,Golden Valley,3,0,0,46.3816474,-109.17685220000001,30037.0,365.4080389768576,0.0,3,3,0,0,3,3,826,0,0,0,0,0
2020-07-16,US,Montana,Granite,6,0,0,46.40605220000001,-113.4414186,30039.0,177.56732761171943,0.0,6,6,0,0,6,6,3378,0,0,0,0,0
2020-07-16,US,Montana,Hill,14,0,0,48.62879827,-110.1129252,30041.0,84.93084202863382,0.0,14,14,0,0,14,14,16347,0,0,0,0,0
2020-07-16,US,Montana,Jefferson,12,0,0,46.14907081,-112.094396,30043.0,98.1916373455527,0.0,12,12,0,0,12,12,12097,0,0,0,0,0
2020-07-16,US,Montana,Lake,81,0,0,47.64514965,-114.0898013,30047.0,265.93998292730976,0.0,81,81,0,0,81,80,30250,0,0,0,0,1
2020-07-16,US,Montana,Lewis and Clark,66,0,0,47.12610041,-112.39469799999999,30049.0,95.05703422053232,0.0,66,59,0,0,59,57,68700,7,0,0,7,2
2020-07-16,US,Montana,Liberty,1,0,0,48.56084317,-111.02430700000001,30051.0,42.78990158322636,0.0,1,1,0,0,1,1,2430,0,0,0,0,0
2020-07-16,US,Montana,Lincoln,40,1,0,48.54265777,-115.4046155,30053.0,200.2002002002002,2.5,39,40,1,0,39,40,19794,0,0,0,0,0
2020-07-16,US,Montana,Madison,37,1,0,45.30080065,-111.9173017,30057.0,430.2325581395349,2.702702702702702,36,34,1,0,33,34,8768,3,0,0,3,0
2020-07-16,US,Montana,Meagher,4,0,0,46.59907074,-110.8898557,30059.0,214.8227712137487,0.0,4,4,0,0,4,4,1866,0,0,0,0,0
2020-07-16,US,Montana,Missoula,130,1,0,47.03728583,-113.92135079999998,30063.0,108.69565217391305,0.7692307692307693,129,130,1,0,129,125,118791,0,0,0,0,5
2020-07-16,US,Montana,Musselshell,1,0,0,46.49684637,-108.39498,30065.0,21.58428663932657,0.0,1,1,0,0,1,1,4651,0,0,0,0,0
2020-07-16,US,Montana,Park,26,0,0,45.48965095,-110.52643940000002,30067.0,156.56991448873904,0.0,26,20,0,0,20,20,16736,6,0,0,6,0
2020-07-16,US,Montana,Pondera,2,0,0,48.22773388,-112.22527029999999,30073.0,33.83522246658772,0.0,2,2,0,0,2,2,5972,0,0,0,0,0
2020-07-16,US,Montana,Ravalli,47,1,0,46.08520862,-114.11891640000002,30081.0,107.29123864310823,2.127659574468085,46,47,1,0,46,45,43172,0,0,0,0,2
2020-07-16,US,Montana,Richland,33,0,0,47.78668011,-104.5610786,30083.0,305.470702582616,0.0,33,32,0,0,32,30,10913,1,0,0,1,2
2020-07-16,US,Montana,Roosevelt,9,0,0,48.29607488,-105.00792679999999,30085.0,81.78844056706652,0.0,9,9,0,0,9,9,11059,0,0,0,0,0
2020-07-16,US,Montana,Rosebud,15,1,0,46.23397237,-106.72928799999998,30087.0,167.84155756965424,6.666666666666668,14,15,1,0,14,14,9063,0,0,0,0,1
2020-07-16,US,Montana,Sanders,3,0,0,47.67657534,-115.1329916,30089.0,24.76677949310658,0.0,3,3,0,0,3,3,11844,0,0,0,0,0
2020-07-16,US,Montana,Sheridan,2,0,0,48.72085833,-104.50382900000001,30091.0,60.44122091266244,0.0,2,2,0,0,2,2,3424,0,0,0,0,0
2020-07-16,US,Montana,Silver Bow,28,0,0,45.90018933,-112.6620092,30093.0,80.19475869969926,0.0,28,25,0,0,25,25,34993,3,0,0,3,0
2020-07-16,US,Montana,Stillwater,12,0,0,45.67071407,-109.3950061,30095.0,124.45550715619166,0.0,12,9,0,0,9,9,9534,3,0,0,3,0
2020-07-16,US,Montana,Sweet Grass,1,0,0,45.81367654,-109.9425686,30097.0,26.75943270002676,0.0,1,1,0,0,1,,3710,0,0,0,0,
2020-07-16,US,Montana,Teton,15,0,0,47.83741052,-112.24106880000001,30099.0,244.0214738897023,0.0,15,15,0,0,15,15,6162,0,0,0,0,0
2020-07-16,US,Montana,Toole,31,6,0,48.65577551,-111.69424140000001,30101.0,654.5608108108107,19.354838709677423,25,31,6,0,25,31,4853,0,0,0,0,0
2020-07-16,US,Montana,Treasure,2,0,0,46.20973220000001,-107.26665159999999,30103.0,287.3563218390805,0.0,2,2,0,0,2,2,679,0,0,0,0,0
2020-07-16,US,Montana,Valley,4,0,0,48.36435097,-106.6669635,30105.0,54.08328826392645,0.0,4,4,0,0,4,4,7437,0,0,0,0,0
2020-07-16,US,Montana,Wheatland,2,0,0,46.46652491,-109.84646359999999,30107.0,94.07337723424273,0.0,2,2,0,0,2,2,2236,0,0,0,0,0
2020-07-16,US,Montana,Wibaux,1,0,0,46.95925154,-104.2510927,30109.0,103.19917440660471,0.0,1,1,0,0,1,1,1034,0,0,0,0,0
2020-07-16,US,Montana,Yellowstone,629,14,0,45.93955949,-108.26914860000001,30111.0,389.95660260384375,2.2257551669316373,615,584,13,0,571,557,160137,45,1,0,44,27
2020-07-16,US,Nebraska,Adams,315,11,0,40.52449420000001,-98.50117804,31001.0,1004.3682045722667,3.492063492063492,304,315,11,0,304,315,31511,0,0,0,0,0
2020-07-16,US,Nebraska,Antelope,16,1,0,42.17695516,-98.06662829999999,31003.0,254.0489044140997,6.25,15,16,1,0,15,16,6336,0,0,0,0,0
2020-07-16,US,Nebraska,Banner,2,0,0,41.54634427,-103.7114332,31007.0,268.4563758389262,0.0,2,2,0,0,2,2,730,0,0,0,0,0
2020-07-16,US,Nebraska,Boone,7,0,0,41.70759415,-98.06737183,31011.0,134.82280431432974,0.0,7,7,0,0,7,7,5239,0,0,0,0,0
2020-07-16,US,Nebraska,Box Butte,4,0,0,42.22079243,-103.08788340000001,31013.0,37.095427988500425,0.0,4,4,0,0,4,4,10772,0,0,0,0,0
2020-07-16,US,Nebraska,Boyd,1,0,0,42.899727399999996,-98.76486568,31015.0,52.110474205315285,0.0,1,1,0,0,1,1,1955,0,0,0,0,0
2020-07-16,US,Nebraska,Buffalo,225,1,0,40.85486962,-99.07500296,31019.0,453.0900743067722,0.4444444444444444,224,221,1,0,220,218,49615,4,0,0,4,3
2020-07-16,US,Nebraska,Burt,17,0,0,41.85056773,-96.32605633,31021.0,263.1986375599938,0.0,17,16,0,0,16,15,6488,1,0,0,1,1
2020-07-16,US,Nebraska,Butler,52,0,0,41.22703692,-97.13106306,31023.0,648.7025948103793,0.0,52,53,0,0,53,53,8058,-1,0,0,-1,0
2020-07-16,US,Nebraska,Cass,106,1,0,40.90899107,-96.13971217,31025.0,403.8402925937214,0.9433962264150944,105,99,1,0,98,95,26159,7,0,0,7,4
2020-07-16,US,Nebraska,Cedar,19,0,0,42.598885100000004,-97.25311951,31027.0,226.13663413472983,0.0,19,19,0,0,19,19,8446,0,0,0,0,0
2020-07-16,US,Nebraska,Chase,1,0,0,40.523719799999995,-101.69780259999999,31029.0,25.4841997961264,0.0,1,1,0,0,1,1,3977,0,0,0,0,0
2020-07-16,US,Nebraska,Cherry,3,0,0,42.54502621,-101.1244332,31031.0,52.73334505185446,0.0,3,3,0,0,3,3,5761,0,0,0,0,0
2020-07-16,US,Nebraska,Cheyenne,22,0,0,41.21999357,-102.9941693,31033.0,246.9135802469136,0.0,22,22,0,0,22,21,9310,0,0,0,0,1
2020-07-16,US,Nebraska,Clay,34,0,0,40.52439441,-98.05126296,31035.0,548.1218765113655,0.0,34,34,0,0,34,33,6214,0,0,0,0,1
2020-07-16,US,Nebraska,Colfax,683,4,0,41.57486951,-97.0868542,31037.0,6377.81305444019,0.5856515373352855,679,682,4,0,678,680,10881,1,0,0,1,2
2020-07-16,US,Nebraska,Cuming,39,0,0,41.91637624,-96.78730772,31039.0,440.87723264752435,0.0,39,39,0,0,39,39,8940,0,0,0,0,0
2020-07-16,US,Nebraska,Custer,40,3,0,41.39374521,-99.72805369,31041.0,371.16080541894775,7.5,37,40,4,0,36,40,10840,0,-1,0,1,0
2020-07-16,US,Nebraska,Dakota,1864,37,0,42.39040144,-96.56656425,31043.0,9307.899730350544,1.984978540772532,1827,1861,36,0,1825,1859,20083,3,1,0,2,2
2020-07-16,US,Nebraska,Dawes,4,0,0,42.71985036,-103.1313774,31045.0,46.57119571545,0.0,4,4,0,0,4,4,8716,0,0,0,0,0
2020-07-16,US,Nebraska,Dawson,878,8,0,40.87028216,-99.82014609999999,31047.0,3721.1273574909937,0.9111617312072892,870,878,8,0,870,878,23709,0,0,0,0,0
2020-07-16,US,Nebraska,Deuel,2,0,0,41.11168186,-102.33333309999999,31049.0,111.48272017837236,0.0,2,2,0,0,2,1,1825,0,0,0,0,1
2020-07-16,US,Nebraska,Dixon,58,2,0,42.49188363,-96.86782408,31051.0,1029.0986515259046,3.4482758620689653,56,58,1,0,57,57,5709,0,1,0,-1,1
2020-07-16,US,Nebraska,Dodge,717,8,0,41.58071748,-96.65598179,31053.0,1960.8915629700527,1.1157601115760112,709,716,8,0,708,714,36791,1,0,0,1,2
2020-07-16,US,Nebraska,Douglas,8409,109,0,41.29518299,-96.15085305,31055.0,1471.8366189590195,1.2962302295159949,8300,8357,102,0,8255,8233,566880,52,7,0,45,124
2020-07-16,US,Nebraska,Fillmore,20,1,0,40.52458567,-97.59646937,31059.0,366.16623947272063,5.0,19,20,1,0,19,20,5527,0,0,0,0,0
2020-07-16,US,Nebraska,Franklin,8,0,0,40.17636348,-98.95299073,31061.0,268.5464921114468,0.0,8,8,0,0,8,8,3023,0,0,0,0,0
2020-07-16,US,Nebraska,Frontier,2,0,0,40.52993007,-100.3924658,31063.0,76.13247049866769,0.0,2,2,0,0,2,2,2608,0,0,0,0,0
2020-07-16,US,Nebraska,Furnas,10,1,0,40.17642064,-99.91247454,31065.0,213.85799828913602,10.0,9,10,1,0,9,10,4715,0,0,0,0,0
2020-07-16,US,Nebraska,Gage,69,4,0,40.26186809,-96.68946704,31067.0,320.7362989820108,5.797101449275362,65,69,4,0,65,67,21493,0,0,0,0,2
2020-07-16,US,Nebraska,Garden,4,0,0,41.61703149,-102.3313973,31069.0,217.74632553075668,0.0,4,4,0,0,4,4,1897,0,0,0,0,0
2020-07-16,US,Nebraska,Garfield,3,0,0,41.91428955,-98.99111827,31071.0,152.36160487557137,0.0,3,3,0,0,3,3,1987,0,0,0,0,0
2020-07-16,US,Nebraska,Gosper,13,0,0,40.51481965,-99.83020279,31073.0,653.2663316582915,0.0,13,13,0,0,13,13,1996,0,0,0,0,0
2020-07-16,US,Nebraska,Greeley,5,0,0,41.56742671,-98.52150266,31077.0,212.22410865874363,0.0,5,5,0,0,5,5,2356,0,0,0,0,0
2020-07-16,US,Nebraska,Hall,1635,47,0,40.87257079,-98.50218293,31079.0,2664.906361547113,2.8746177370030583,1588,1634,47,0,1587,1627,61607,1,0,0,1,7
2020-07-16,US,Nebraska,Hamilton,73,12,0,40.87349452,-98.02099117,31081.0,782.925782925783,16.438356164383563,61,73,12,0,61,73,9280,0,0,0,0,0
2020-07-16,US,Nebraska,Harlan,1,0,0,40.17658508,-99.40438879,31083.0,29.58579881656805,0.0,1,1,0,0,1,1,3401,0,0,0,0,0
2020-07-16,US,Nebraska,Hitchcock,1,0,0,40.17609175,-101.04164770000001,31087.0,36.205648081100655,0.0,1,1,0,0,1,1,2806,0,0,0,0,0
2020-07-16,US,Nebraska,Holt,4,0,0,42.45522056,-98.78402558,31089.0,39.73378364954803,0.0,4,4,0,0,4,4,10178,0,0,0,0,0
2020-07-16,US,Nebraska,Hooker,2,0,0,41.91586243,-101.1354293,31091.0,293.2551319648094,0.0,2,2,0,0,2,2,682,0,0,0,0,0
2020-07-16,US,Nebraska,Howard,50,4,0,41.2200529,-98.5166499,31093.0,775.7951900698216,8.0,46,50,4,0,46,48,6468,0,0,0,0,2
2020-07-16,US,Nebraska,Jefferson,11,0,0,40.17584531,-97.142601,31095.0,156.11694578484247,0.0,11,11,0,0,11,11,7097,0,0,0,0,0
2020-07-16,US,Nebraska,Johnson,8,0,0,40.39257596,-96.26522753,31097.0,157.75981068822716,0.0,8,8,0,0,8,8,5134,0,0,0,0,0
2020-07-16,US,Nebraska,Kearney,18,0,0,40.50663314,-98.94877182,31099.0,277.1362586605081,0.0,18,18,0,0,18,18,6544,0,0,0,0,0
2020-07-16,US,Nebraska,Keith,7,0,0,41.19930341,-101.66201640000001,31101.0,87.12969878018421,0.0,7,7,0,0,7,6,8021,0,0,0,0,1
2020-07-16,US,Nebraska,Kimball,14,0,0,41.19774275,-103.7148131,31105.0,385.4625550660794,0.0,14,13,0,0,13,13,3618,1,0,0,1,0
2020-07-16,US,Nebraska,Knox,26,0,0,42.63758421,-97.89178836,31107.0,312.04992798847815,0.0,26,26,0,0,26,26,8419,0,0,0,0,0
2020-07-16,US,Nebraska,Lancaster,2316,13,0,40.78416049,-96.68777155,31109.0,725.8140336582155,0.5613126079447323,2303,2266,13,0,2253,2216,317272,50,0,0,50,50
2020-07-16,US,Nebraska,Lincoln,63,2,0,41.04658298,-100.74753740000001,31111.0,180.4433751503695,3.1746031746031744,61,63,2,0,61,62,35185,0,0,0,0,1
2020-07-16,US,Nebraska,Madison,387,4,0,41.91676024,-97.6005481,31119.0,1102.5955155417532,1.0335917312661498,383,387,4,0,383,387,35392,0,0,0,0,0
2020-07-16,US,Nebraska,McPherson,3,0,0,41.56797682,-101.05993620000001,31117.0,607.2874493927128,0.0,3,3,0,0,3,3,492,0,0,0,0,0
2020-07-16,US,Nebraska,Merrick,39,0,0,41.16624273,-98.0374887,31121.0,502.9013539651838,0.0,39,39,0,0,39,39,7733,0,0,0,0,0
2020-07-16,US,Nebraska,Morrill,53,0,0,41.71711774,-103.0061405,31123.0,1141.7492460146484,0.0,53,53,0,0,53,53,4686,0,0,0,0,0
2020-07-16,US,Nebraska,Nance,6,0,0,41.39750195,-97.99327291,31125.0,170.50298380221653,0.0,6,6,0,0,6,6,3532,0,0,0,0,0
2020-07-16,US,Nebraska,Nemaha,6,0,0,40.38514847,-95.85433992,31127.0,86.05851979345955,0.0,6,6,0,0,6,6,6958,0,0,0,0,0
2020-07-16,US,Nebraska,Nuckolls,4,0,0,40.17637905,-98.04743961,31129.0,96.43201542912249,0.0,4,4,0,0,4,4,4195,0,0,0,0,0
2020-07-16,US,Nebraska,Otoe,31,0,0,40.64843556,-96.13374142,31131.0,193.60479640269799,0.0,31,29,0,0,29,29,15985,2,0,0,2,0
2020-07-16,US,Nebraska,Pawnee,1,0,0,40.13141096,-96.23705437,31133.0,38.270187523918864,0.0,1,1,0,0,1,1,2632,0,0,0,0,0
2020-07-16,US,Nebraska,Phelps,27,0,0,40.51156033,-99.41461667,31137.0,298.87093203453617,0.0,27,27,0,0,27,27,8996,0,0,0,0,0
2020-07-16,US,Nebraska,Pierce,12,0,0,42.26434853,-97.60122773,31139.0,167.87912702853941,0.0,12,13,0,0,13,11,7142,-1,0,0,-1,2
2020-07-16,US,Nebraska,Platte,703,3,0,41.57246836,-97.52144359,31141.0,2100.3884075291307,0.4267425320056899,700,702,3,0,699,699,33363,1,0,0,1,3
2020-07-16,US,Nebraska,Polk,13,0,0,41.18813488,-97.56630712,31143.0,249.37655860349128,0.0,13,13,0,0,13,13,5278,0,0,0,0,0
2020-07-16,US,Nebraska,Red Willow,9,0,0,40.17556879999999,-100.476998,31145.0,83.92390898918316,0.0,9,8,0,0,8,9,10726,1,0,0,1,-1
2020-07-16,US,Nebraska,Richardson,10,1,0,40.1247415,-95.71755036,31147.0,127.14558169103624,10.0,9,10,1,0,9,10,7937,0,0,0,0,0
2020-07-16,US,Nebraska,Rock,2,0,0,42.42252217,-99.44832069,31149.0,147.38393515106853,0.0,2,2,0,0,2,2,1360,0,0,0,0,0
2020-07-16,US,Nebraska,Saline,553,2,0,40.52418865,-97.14085859,31151.0,3887.7952755905512,0.3616636528028933,551,549,2,0,547,548,14350,4,0,0,4,1
2020-07-16,US,Nebraska,Sarpy,1468,8,0,41.11314181,-96.11156432,31153.0,784.204790700656,0.5449591280653951,1460,1443,8,0,1435,1405,184459,25,0,0,25,38
2020-07-16,US,Nebraska,Saunders,98,2,0,41.227810299999994,-96.63773905,31155.0,454.1662804708498,2.0408163265306123,96,98,2,0,96,97,21303,0,0,0,0,1
2020-07-16,US,Nebraska,Scotts Bluff,248,5,0,41.85070896,-103.70809859999999,31157.0,696.2771632320738,2.0161290322580645,243,245,5,0,240,244,35989,3,0,0,3,1
2020-07-16,US,Nebraska,Seward,54,1,0,40.87241834,-97.139673,31159.0,312.4276787780606,1.851851851851852,53,54,1,0,53,52,17318,0,0,0,0,2
2020-07-16,US,Nebraska,Sheridan,8,0,0,42.50284406,-102.4126613,31161.0,152.49714067861228,0.0,8,8,0,0,8,8,5190,0,0,0,0,0
2020-07-16,US,Nebraska,Sherman,5,0,0,41.22045983,-98.97588642,31163.0,166.61112962345885,0.0,5,5,0,0,5,5,3038,0,0,0,0,0
2020-07-16,US,Nebraska,Sioux,6,0,0,42.48932059,-103.7576544,31165.0,514.5797598627787,0.0,6,6,0,0,6,6,1187,0,0,0,0,0
2020-07-16,US,Nebraska,Stanton,21,0,0,41.9169835,-97.19394708,31167.0,354.72972972972974,0.0,21,21,0,0,21,21,5970,0,0,0,0,0
2020-07-16,US,Nebraska,Thayer,16,0,0,40.17626377,-97.59504381,31169.0,319.80811513092146,0.0,16,16,0,0,16,16,5039,0,0,0,0,0
2020-07-16,US,Nebraska,Thomas,1,0,0,41.91358968,-100.5556632,31171.0,138.50415512465375,0.0,1,1,0,0,1,1,720,0,0,0,0,0
2020-07-16,US,Nebraska,Thurston,178,1,0,42.15725356,-96.54157099,31173.0,2464.008859357697,0.5617977528089888,177,179,1,0,178,179,7303,-1,0,0,-1,0
2020-07-16,US,Nebraska,Unassigned,117,2,0,0.0,0.0,90031.0,0.0,1.709401709401709,115,118,2,0,116,116,,-1,0,0,-1,2
2020-07-16,US,Nebraska,Valley,9,0,0,41.56730777,-98.98197724,31175.0,216.4502164502165,0.0,9,9,0,0,9,8,4190,0,0,0,0,1
2020-07-16,US,Nebraska,Washington,67,1,0,41.52815707,-96.22019892,31177.0,323.21867914515894,1.492537313432836,66,66,1,0,65,61,20667,1,0,0,1,5
2020-07-16,US,Nebraska,Wayne,35,0,0,42.20934475,-97.11926964,31179.0,372.9355354288759,0.0,35,34,0,0,34,34,9403,1,0,0,1,0
2020-07-16,US,Nebraska,Webster,9,0,0,40.17642643,-98.50019851,31181.0,258.1015199311729,0.0,9,9,0,0,9,9,3533,0,0,0,0,0
2020-07-16,US,Nebraska,York,54,0,0,40.87272618,-97.59710186,31185.0,394.76569924702096,0.0,54,54,0,0,54,52,13772,0,0,0,0,2
2020-07-16,US,Nevada,Carson City,230,6,0,39.15509045,-119.7480219,32510.0,411.3312826382431,2.608695652173913,224,229,6,0,223,223,55414,1,0,0,1,6
2020-07-16,US,Nevada,Churchill,31,1,0,39.58105744,-118.3394607,32001.0,124.45300895258741,3.2258064516129035,30,31,1,0,30,29,24440,0,0,0,0,2
2020-07-16,US,Nevada,Clark,26926,507,0,36.21458855,-115.0130241,32003.0,1187.8864347745525,1.88293842382827,26419,25611,502,0,25109,24824,2231647,1315,5,0,1310,787
2020-07-16,US,Nevada,Douglas,97,0,0,38.912862,-119.61713329999999,32005.0,198.3437276352111,0.0,97,94,0,0,94,88,48467,3,0,0,3,6
2020-07-16,US,Nevada,Elko,285,1,0,41.14531606,-115.3577619,32007.0,539.9977263253628,0.3508771929824561,284,274,1,0,273,264,52460,11,0,0,11,10
2020-07-16,US,Nevada,Eureka,1,0,0,39.98100864,-116.26832040000001,32011.0,49.28536224741252,0.0,1,1,0,0,1,1,2003,0,0,0,0,0
2020-07-16,US,Nevada,Humboldt,91,4,0,41.40692186,-118.11094270000001,32013.0,540.6690036242646,4.395604395604397,87,91,4,0,87,91,16786,0,0,0,0,0
2020-07-16,US,Nevada,Lander,47,0,0,39.933223299999995,-117.03970749999999,32015.0,849.6023138105568,0.0,47,45,0,0,45,45,5575,2,0,0,2,0
2020-07-16,US,Nevada,Lincoln,3,0,0,37.64268459,-114.8790388,32017.0,57.88153579008296,0.0,3,2,0,0,2,2,5201,1,0,0,1,0
2020-07-16,US,Nevada,Lyon,150,2,0,39.01777974,-119.18704790000001,32019.0,260.8242044861763,1.3333333333333333,148,149,2,0,147,147,55808,1,0,0,1,2
2020-07-16,US,Nevada,Mineral,8,0,0,38.53841696,-118.4344506,32021.0,177.58046614872364,0.0,8,8,0,0,8,6,4514,0,0,0,0,2
2020-07-16,US,Nevada,Nye,212,3,0,38.04264256,-116.47227020000001,32023.0,455.6885841411775,1.4150943396226414,209,193,3,0,190,188,45346,19,0,0,19,5
2020-07-16,US,Nevada,Pershing,13,0,0,40.44003782,-118.40056409999998,32027.0,193.3085501858736,0.0,13,13,0,0,13,12,6666,0,0,0,0,1
2020-07-16,US,Nevada,Storey,2,0,0,39.44875482,-119.5250207,32029.0,48.508367693427104,0.0,2,2,0,0,2,2,4029,0,0,0,0,0
2020-07-16,US,Nevada,Washoe,3810,101,0,40.66562265,-119.6631594,32031.0,808.0268239455887,2.650918635170604,3709,3716,98,0,3618,3689,465735,94,3,0,91,27
2020-07-16,US,Nevada,White Pine,9,1,0,39.44157041,-114.89996599999999,32033.0,93.94572025052193,11.111111111111109,8,9,1,0,8,8,9475,0,0,0,0,1
2020-07-16,US,New Hampshire,Belknap,95,3,0,43.51637314,-71.41684235,33001.0,154.9679461037796,3.1578947368421053,92,93,3,0,90,92,61022,2,0,0,2,1
2020-07-16,US,New Hampshire,Carroll,69,0,0,43.87498583,-71.20430216,33003.0,141.07544469433654,0.0,69,69,0,0,69,68,48779,0,0,0,0,1
2020-07-16,US,New Hampshire,Cheshire,79,2,0,42.92015988,-72.25311043,33005.0,103.83124137477819,2.5316455696202533,77,78,2,0,76,77,76493,1,0,0,1,1
2020-07-16,US,New Hampshire,Coos,11,0,0,44.69063265,-71.30633239,33007.0,34.85093305452587,0.0,11,11,0,0,11,11,31589,0,0,0,0,0
2020-07-16,US,New Hampshire,Grafton,97,1,0,43.93779815,-71.82057197,33009.0,107.91446943906729,1.0309278350515465,96,96,1,0,95,94,89786,1,0,0,1,2
2020-07-16,US,New Hampshire,Hillsborough,3468,263,0,42.91537785,-71.7200253,33011.0,831.6048198549248,7.583621683967705,3205,3455,263,0,3192,3443,415247,13,0,0,13,12
2020-07-16,US,New Hampshire,Merrimack,435,20,0,43.29662971,-71.6811573,33013.0,287.33544266171685,4.597701149425287,415,434,19,0,415,432,151132,1,1,0,0,2
2020-07-16,US,New Hampshire,Rockingham,1541,92,0,42.98499744,-71.12883377,33015.0,497.46746769366854,5.970149253731344,1449,1534,92,0,1442,1531,309176,7,0,0,7,3
2020-07-16,US,New Hampshire,Strafford,307,13,0,43.291833000000004,-71.02336013,33017.0,235.0095305167913,4.234527687296417,294,306,13,0,293,306,130090,1,0,0,1,0
2020-07-16,US,New Hampshire,Sullivan,37,1,0,43.36094111,-72.22203125,33019.0,85.7553423260557,2.702702702702702,36,37,1,0,36,37,43144,0,0,0,0,0
2020-07-16,US,New Jersey,Atlantic,3079,236,0,39.47538693,-74.65848483,34001.0,1167.7475632419314,7.6648262422864555,2843,3060,234,0,2826,3047,265429,19,2,0,17,13
2020-07-16,US,New Jersey,Bergen,19950,2030,0,40.96010917,-74.07164325,34003.0,2140.094099776658,10.175438596491228,17920,19927,2029,0,17898,19907,936692,23,1,0,22,20
2020-07-16,US,New Jersey,Burlington,5430,456,0,39.87681124,-74.66927768,34005.0,1219.2684838183088,8.397790055248619,4974,5419,454,0,4965,5412,445384,11,2,0,9,7
2020-07-16,US,New Jersey,Camden,7786,558,0,39.80343818,-74.96388753,34007.0,1537.3042089280532,7.166709478551246,7228,7775,556,0,7219,7746,507078,11,2,0,9,29
2020-07-16,US,New Jersey,Cape May,747,80,0,39.15008829,-74.80170244,34009.0,811.6124686274296,10.709504685408302,667,744,80,0,664,740,92560,3,0,0,3,4
2020-07-16,US,New Jersey,Cumberland,3072,153,0,39.37199394,-75.10712559,34011.0,2054.4784553960158,4.98046875,2919,3068,153,0,2915,3063,150972,4,0,0,4,5
2020-07-16,US,New Jersey,Essex,19119,2089,0,40.78681335,-74.24657979,34013.0,2392.9409555993616,10.926303676970553,17030,19100,2085,0,17015,19058,799767,19,4,0,15,42
2020-07-16,US,New Jersey,Gloucester,2808,196,0,39.71581067,-75.13995546,34015.0,962.844093321812,6.980056980056981,2612,2797,195,0,2602,2788,291408,11,1,0,10,9
2020-07-16,US,New Jersey,Hudson,19240,1497,0,40.73766234,-74.07515667,34017.0,2861.4303284844677,7.780665280665281,17743,19219,1494,0,17725,19193,676061,21,3,0,18,26
2020-07-16,US,New Jersey,Hunterdon,1098,126,0,40.56335249,-74.91284156,34019.0,882.8424632752008,11.475409836065571,972,1098,126,0,972,1095,124714,0,0,0,0,3
2020-07-16,US,New Jersey,Mercer,7827,604,0,40.28047017,-74.70479631,34021.0,2130.2016710665976,7.716877475405647,7223,7815,604,0,7211,7807,369811,12,0,0,12,8
2020-07-16,US,New Jersey,Middlesex,17142,1397,0,40.43629879,-74.41426991,34023.0,2077.662042367725,8.149574145373935,15745,17119,1395,0,15724,17089,829685,23,2,0,21,30
2020-07-16,US,New Jersey,Monmouth,9626,846,0,40.26549699,-74.22240686,34025.0,1555.604036878126,8.788697278204863,8780,9605,845,0,8760,9542,621354,21,1,0,20,63
2020-07-16,US,New Jersey,Morris,6932,826,0,40.86095313,-74.54553709999998,34027.0,1409.3871036607059,11.915753029428735,6106,6926,824,0,6102,6921,494228,6,2,0,4,5
2020-07-16,US,New Jersey,Ocean,9902,1001,0,39.8895449,-74.28089251,34029.0,1630.8017642040493,10.109068874974751,8901,9890,1000,0,8890,9867,601651,12,1,0,11,23
2020-07-16,US,New Jersey,Passaic,17150,1232,0,41.03238628,-74.29954144,34031.0,3417.5192198092573,7.183673469387755,15918,17127,1227,0,15900,17105,503310,23,5,0,18,22
2020-07-16,US,New Jersey,Salem,822,79,0,39.58719656,-75.34696629999998,34033.0,1317.6244289492668,9.610705596107056,743,821,78,0,743,818,62607,1,1,0,0,3
2020-07-16,US,New Jersey,Somerset,5059,552,0,40.56465737,-74.61683016,34035.0,1537.9985042592132,10.911247282071557,4507,5057,550,0,4507,5036,331164,2,2,0,0,21
2020-07-16,US,New Jersey,Sussex,1241,195,0,41.13891592,-74.69118243,34037.0,883.3494675701843,15.713134568896052,1046,1236,195,0,1041,1233,140799,5,0,0,5,3
2020-07-16,US,New Jersey,Unassigned,636,0,0,0.0,0.0,90034.0,0.0,0.0,636,645,0,0,645,644,,-9,0,0,-9,1
2020-07-16,US,New Jersey,Union,16567,1341,0,40.65835409,-74.30680092,34039.0,2977.849915789057,8.094404539144081,15226,16563,1340,0,15223,16537,558067,4,1,0,3,26
2020-07-16,US,New Jersey,Warren,1268,171,0,40.85951833,-74.99556527,34041.0,1204.5560337047698,13.485804416403784,1097,1267,170,0,1097,1267,105779,1,1,0,0,0
2020-07-16,US,New Mexico,Bernalillo,3464,99,0,35.05163625,-106.6703554,35001.0,510.07110662164774,2.8579676674364896,3365,3362,98,0,3264,3200,678701,102,1,0,101,162
2020-07-16,US,New Mexico,Catron,4,1,0,33.91514144,-108.4046587,35003.0,113.41083073433514,25.0,3,3,1,0,2,3,3578,1,0,0,1,0
2020-07-16,US,New Mexico,Chaves,188,3,0,33.36406072,-104.4665365,35005.0,290.95411282210017,1.5957446808510638,185,186,3,0,183,184,64689,2,0,0,2,2
2020-07-16,US,New Mexico,Cibola,259,15,0,34.91131525,-107.998876,35006.0,970.9465791940021,5.791505791505792,244,256,14,0,242,253,26746,3,1,0,2,3
2020-07-16,US,New Mexico,Colfax,10,1,0,36.60569702,-104.64726740000002,35007.0,83.74507997655137,10.0,9,10,1,0,9,9,12110,0,0,0,0,1
2020-07-16,US,New Mexico,Curry,282,1,0,34.57421077,-103.34688759999999,35009.0,576.0509866405197,0.3546099290780142,281,271,1,0,270,267,49437,11,0,0,11,4
2020-07-16,US,New Mexico,Dona Ana,1610,12,0,32.35275771,-106.83293870000001,35013.0,737.87208689475,0.7453416149068323,1598,1571,12,0,1559,1536,217522,39,0,0,39,35
2020-07-16,US,New Mexico,Eddy,167,1,0,32.47167456,-104.3053527,35015.0,285.6654122476907,0.5988023952095808,166,154,1,0,153,150,57900,13,0,0,13,4
2020-07-16,US,New Mexico,Grant,46,0,0,32.73911281,-108.3827845,35017.0,170.38299133269132,0.0,46,44,0,0,44,41,27346,2,0,0,2,3
2020-07-16,US,New Mexico,Guadalupe,24,0,0,34.86319296,-104.790669,35019.0,558.1395348837209,0.0,24,20,0,0,20,20,4341,4,0,0,4,0
2020-07-16,US,New Mexico,Harding,1,0,0,35.85751555,-103.82209379999999,35021.0,160.0,0.0,1,1,0,0,1,1,655,0,0,0,0,0
2020-07-16,US,New Mexico,Hidalgo,76,0,0,31.91383467,-108.7151824,35023.0,1810.3858980466891,0.0,76,75,0,0,75,75,4240,1,0,0,1,0
2020-07-16,US,New Mexico,Lea,322,0,0,32.79215361,-103.4123733,35025.0,453.07443365695775,0.0,322,299,0,0,299,291,69611,23,0,0,23,8
2020-07-16,US,New Mexico,Lincoln,32,0,0,33.74526079,-105.4586166,35027.0,163.49887594522787,0.0,32,29,0,0,29,25,19556,3,0,0,3,4
2020-07-16,US,New Mexico,Los Alamos,14,0,0,35.86631386,-106.31349850000001,35028.0,72.28044813877845,0.0,14,13,0,0,13,13,19101,1,0,0,1,0
2020-07-16,US,New Mexico,Luna,135,3,0,32.18179341,-107.75088259999998,35029.0,569.4040237884348,2.2222222222222223,132,133,3,0,130,132,23963,2,0,0,2,1
2020-07-16,US,New Mexico,McKinley,3709,196,0,35.58007720000001,-108.262245,35031.0,5197.079882859024,5.284443246157994,3513,3689,194,0,3495,3679,72290,20,2,0,18,10
2020-07-16,US,New Mexico,Mora,2,0,0,36.01095101,-104.9497716,35033.0,44.238000442380006,0.0,2,2,0,0,2,2,4506,0,0,0,0,0
2020-07-16,US,New Mexico,Otero,89,9,0,32.61348406,-105.7417604,35035.0,131.87138835383018,10.112359550561797,80,84,9,0,75,83,66781,5,0,0,5,1
2020-07-16,US,New Mexico,Quay,19,1,0,35.10403332,-103.54817270000001,35037.0,230.21931418877983,5.2631578947368425,18,19,1,0,18,17,8253,0,0,0,0,2
2020-07-16,US,New Mexico,Rio Arriba,156,1,0,36.51072137,-106.69316740000001,35039.0,400.8119010302921,0.6410256410256411,155,147,1,0,146,140,39006,9,0,0,9,7
2020-07-16,US,New Mexico,Roosevelt,83,1,0,34.02097406,-103.4799493,35041.0,448.6486486486488,1.2048192771084338,82,83,1,0,82,81,18743,0,0,0,0,2
2020-07-16,US,New Mexico,San Juan,2782,175,0,36.50838318,-108.32043700000001,35045.0,2244.308556123849,6.290438533429188,2607,2766,174,0,2592,2742,125043,16,1,0,15,24
2020-07-16,US,New Mexico,San Miguel,29,0,0,35.48014807,-104.8163562,35047.0,106.31667705392822,0.0,29,28,0,0,28,28,27591,1,0,0,1,0
2020-07-16,US,New Mexico,Sandoval,883,31,0,35.68862401,-106.86878030000001,35043.0,601.7117780140104,3.5107587768969424,852,867,31,0,836,853,145179,16,0,0,16,14
2020-07-16,US,New Mexico,Santa Fe,389,3,0,35.50708973,-105.9774716,35049.0,258.71586480267104,0.7712082262210797,386,380,3,0,377,352,150056,9,0,0,9,28
2020-07-16,US,New Mexico,Sierra,17,0,0,33.13028233,-107.1925893,35051.0,157.5386896487814,0.0,17,17,0,0,17,16,10968,0,0,0,0,1
2020-07-16,US,New Mexico,Socorro,64,5,0,34.00715494,-106.9298354,35053.0,384.68473883512655,7.8125,59,65,5,0,60,65,16735,-1,0,0,-1,0
2020-07-16,US,New Mexico,Taos,65,1,0,36.58006022,-105.63101979999999,35055.0,198.63704428078108,1.5384615384615383,64,61,1,0,60,59,32835,4,0,0,4,2
2020-07-16,US,New Mexico,Torrance,49,1,0,34.64048375,-105.8508949,35057.0,316.926460125477,2.0408163265306123,48,49,1,0,48,49,15591,0,0,0,0,0
2020-07-16,US,New Mexico,Unassigned,937,0,0,0.0,0.0,90035.0,0.0,0.0,937,937,0,0,937,936,,0,0,0,0,1
2020-07-16,US,New Mexico,Union,14,0,0,36.48126404,-103.4709624,35059.0,344.91254003449126,0.0,14,14,0,0,14,14,4118,0,0,0,0,0
2020-07-16,US,New Mexico,Valencia,217,2,0,34.71669834,-106.8103733,35061.0,282.9647402461924,0.9216589861751152,215,206,2,0,204,198,76456,11,0,0,11,8
2020-07-16,US,New York,Albany,2290,121,0,42.60060306,-73.97723916,36001.0,749.5761130714293,5.283842794759826,2169,2280,121,0,2159,2247,307117,10,0,0,10,33
2020-07-16,US,New York,Allegany,70,1,0,42.25748406,-78.02750466,36003.0,151.8734677051919,1.4285714285714286,69,69,1,0,68,68,46430,1,0,0,1,1
2020-07-16,US,New York,Broome,861,60,0,42.15903158,-75.81326086,36007.0,451.9969761874763,6.968641114982578,801,852,60,0,792,841,191659,9,0,0,9,11
2020-07-16,US,New York,Cattaraugus,142,6,0,42.24778241,-78.67923096,36009.0,186.55490889026103,4.225352112676056,136,141,6,0,135,139,76840,1,0,0,1,2
2020-07-16,US,New York,Cayuga,128,2,0,42.91261714,-76.55731592,36011.0,167.15419974926868,1.5625,126,128,2,0,126,127,77145,0,0,0,0,1
2020-07-16,US,New York,Chautauqua,191,7,0,42.22769210000001,-79.36691763,36013.0,150.50865621774108,3.6649214659685865,184,186,7,0,179,180,127939,5,0,0,5,6
2020-07-16,US,New York,Chemung,151,2,0,42.13891056,-76.7638805,36015.0,180.93366564417173,1.3245033112582782,149,151,2,0,149,149,84254,0,0,0,0,2
2020-07-16,US,New York,Chenango,178,6,0,42.49430041,-75.60887553,36017.0,377.0627237485966,3.3707865168539324,172,175,6,0,169,171,47536,3,0,0,3,4
2020-07-16,US,New York,Clinton,111,4,0,44.74530905,-73.67875352,36019.0,137.91389699944088,3.603603603603604,107,111,4,0,107,110,80695,0,0,0,0,1
2020-07-16,US,New York,Columbia,489,37,0,42.24819348,-73.63089095,36021.0,822.3877835892433,7.566462167689163,452,489,37,0,452,489,59916,0,0,0,0,0
2020-07-16,US,New York,Cortland,63,0,0,42.59509207,-76.07048931,36023.0,132.40579222799016,0.0,63,61,0,0,61,59,47823,2,0,0,2,2
2020-07-16,US,New York,Delaware,92,4,0,42.19837623,-74.96709306,36025.0,208.45134247196103,4.3478260869565215,88,92,4,0,88,92,44527,0,0,0,0,0
2020-07-16,US,New York,Dutchess,4357,152,0,41.76486060000001,-73.74356679,36027.0,1480.8747255436444,3.4886389717695665,4205,4337,152,0,4185,4318,293718,20,0,0,20,19
2020-07-16,US,New York,Erie,7927,646,0,42.76249024,-78.73063652,36029.0,862.8478004837259,8.149362936798285,7281,7891,646,0,7245,7833,919719,36,0,0,36,58
2020-07-16,US,New York,Essex,51,0,0,44.11630765,-73.77297842,36031.0,138.2675884505897,0.0,51,51,0,0,51,51,37300,0,0,0,0,0
2020-07-16,US,New York,Franklin,38,0,0,44.59040891,-74.29926032,36033.0,75.96657470712886,0.0,38,37,0,0,37,36,50293,1,0,0,1,1
2020-07-16,US,New York,Fulton,266,24,0,43.11363907,-74.41798804,36035.0,498.2859711893299,9.022556390977444,242,266,24,0,242,266,53591,0,0,0,0,0
2020-07-16,US,New York,Genesee,254,5,0,43.0022601,-78.19135193,36037.0,443.4357541899441,1.9685039370078738,249,254,5,0,249,252,57511,0,0,0,0,2
2020-07-16,US,New York,Greene,271,18,0,42.275797,-74.12384884,36039.0,574.2985504789352,6.6420664206642055,253,271,18,0,253,267,47491,0,0,0,0,4
2020-07-16,US,New York,Hamilton,6,0,0,43.66146647,-74.49721957,36041.0,135.8695652173913,0.0,6,6,0,0,6,6,4434,0,0,0,0,0
2020-07-16,US,New York,Herkimer,202,4,0,43.42034246,-74.96145307,36043.0,329.42481123305987,1.98019801980198,198,197,4,0,193,195,61833,5,0,0,5,2
2020-07-16,US,New York,Jefferson,102,0,0,44.04200959,-75.94653457,36045.0,92.86741810368376,0.0,102,100,0,0,100,100,111755,2,0,0,2,0
2020-07-16,US,New York,Lewis,32,0,0,43.784415700000004,-75.44903992,36049.0,121.6915120170368,0.0,32,32,0,0,32,32,26447,0,0,0,0,0
2020-07-16,US,New York,Livingston,153,8,0,42.72596275,-77.77966158,36051.0,243.1891153002512,5.2287581699346415,145,151,8,0,143,151,63227,2,0,0,2,0
2020-07-16,US,New York,Madison,377,17,0,42.91653905,-75.67266639,36053.0,531.4275242807404,4.509283819628648,360,376,17,0,359,376,70795,1,0,0,1,0
2020-07-16,US,New York,Monroe,4317,277,0,43.14638895,-77.69322942,36055.0,581.9863299944727,6.416492934908503,4040,4281,277,0,4004,4247,742474,36,0,0,36,34
2020-07-16,US,New York,Montgomery,141,4,0,42.90123494,-74.44011632,36057.0,286.4630950204181,2.8368794326241136,137,141,4,0,137,141,49455,0,0,0,0,0
2020-07-16,US,New York,Nassau,42506,2192,0,40.74066522,-73.58941873,36059.0,3132.5262137009886,5.156919023196725,40314,42462,2191,0,40271,42423,1358343,44,1,0,43,39
2020-07-16,US,New York,New York City,220367,23371,0,40.76727260000001,-73.97152637,36061.0,2643.2989952880107,10.605489932703172,196996,219982,23353,0,196629,219616,1628701,385,18,0,367,366
2020-07-16,US,New York,Niagara,1364,94,0,43.19898042,-78.74777412,36063.0,651.755295511776,6.8914956011730215,1270,1356,94,0,1262,1351,210433,8,0,0,8,5
2020-07-16,US,New York,Oneida,1868,104,0,43.24375382,-75.43710392,36065.0,816.8941404900487,5.56745182012848,1764,1860,104,0,1756,1847,229577,8,0,0,8,13
2020-07-16,US,New York,Onondaga,3225,191,0,43.00491923,-76.19971155,36067.0,700.2831532501822,5.922480620155039,3034,3203,191,0,3012,3179,461809,22,0,0,22,24
2020-07-16,US,New York,Ontario,317,33,0,42.85145728,-77.30874425,36069.0,288.7672281078915,10.410094637223974,284,312,33,0,279,307,109864,5,0,0,5,5
2020-07-16,US,New York,Orange,10895,484,0,41.40337468,-74.30240757,36071.0,2830.311217332571,4.442404772831575,10411,10878,484,0,10394,10850,381951,17,0,0,17,28
2020-07-16,US,New York,Orleans,288,54,0,43.2516977,-78.2320066,36073.0,713.7192704203012,18.75,234,288,54,0,234,288,40612,0,0,0,0,0
2020-07-16,US,New York,Oswego,227,3,0,43.42778894,-76.14635194,36075.0,193.81168675933202,1.3215859030837005,224,226,3,0,223,225,117898,1,0,0,1,1
2020-07-16,US,New York,Otsego,92,5,0,42.63492579,-75.03151402,36077.0,154.64004168557645,5.434782608695652,87,91,5,0,86,90,59749,1,0,0,1,1
2020-07-16,US,New York,Putnam,1385,63,0,41.42630093,-73.74965532,36079.0,1408.6655817738,4.5487364620938635,1322,1382,63,0,1319,1376,98892,3,0,0,3,6
2020-07-16,US,New York,Rensselaer,639,30,0,42.71348136,-73.51089874,36083.0,402.61098579835436,4.694835680751174,609,632,30,0,602,625,159442,7,0,0,7,7
2020-07-16,US,New York,Rockland,13763,670,0,41.15027894,-74.02560498,36087.0,4224.513412055042,4.868124682118723,13093,13743,670,0,13073,13733,325695,20,0,0,20,10
2020-07-16,US,New York,Saratoga,624,17,0,43.10904162,-73.86653895,36091.0,271.46604716722567,2.7243589743589745,607,623,17,0,606,616,230163,1,0,0,1,7
2020-07-16,US,New York,Schenectady,896,37,0,42.81668777,-74.05278291,36093.0,576.9515579623823,4.129464285714286,859,891,37,0,854,883,155350,5,0,0,5,8
2020-07-16,US,New York,Schoharie,62,0,0,42.58831742,-74.44339029999998,36095.0,200.00645182102642,0.0,62,62,0,0,62,62,31097,0,0,0,0,0
2020-07-16,US,New York,Schuyler,15,0,0,42.39184015,-76.8773299,36097.0,84.23653619363172,0.0,15,15,0,0,15,15,17912,0,0,0,0,0
2020-07-16,US,New York,Seneca,76,0,0,42.78081007,-76.82497064,36099.0,223.42427093132645,0.0,76,76,0,0,76,74,34300,0,0,0,0,2
2020-07-16,US,New York,St. Lawrence,237,2,0,44.4976179,-75.06550039,36089.0,219.9740115091888,0.8438818565400844,235,234,2,0,232,233,108047,3,0,0,3,1
2020-07-16,US,New York,Steuben,279,41,0,42.2689144,-77.3829924,36101.0,292.51722077186804,14.695340501792117,238,279,41,0,238,278,95796,0,0,0,0,1
2020-07-16,US,New York,Suffolk,42333,1993,0,40.88320119,-72.8012172,36103.0,2866.9220730583284,4.707911085914064,40340,42267,1993,0,40274,42214,1481093,66,0,0,66,53
2020-07-16,US,New York,Sullivan,1469,48,0,41.71579493,-74.76394559,36105.0,1947.4493583624987,3.2675289312457454,1421,1467,48,0,1419,1466,75498,2,0,0,2,1
2020-07-16,US,New York,Tioga,163,24,0,42.16852837,-76.30835812,36107.0,338.1532269775741,14.723926380368097,139,163,24,0,139,161,48560,0,0,0,0,2
2020-07-16,US,New York,Tompkins,198,0,0,42.44945765,-76.47229843,36109.0,193.7756899588961,0.0,198,198,0,0,198,186,102793,0,0,0,0,12
2020-07-16,US,New York,Ulster,1894,88,0,41.89027881,-74.26252104,36111.0,1066.6035940148558,4.646251319957762,1806,1888,88,0,1800,1872,178599,6,0,0,6,16
2020-07-16,US,New York,Warren,285,33,0,43.56173026,-73.8433699,36113.0,445.7024896784687,11.578947368421053,252,284,33,0,251,280,64265,1,0,0,1,4
2020-07-16,US,New York,Washington,250,14,0,43.31153794,-73.43043448,36115.0,408.4700346382589,5.6,236,250,14,0,236,250,61197,0,0,0,0,0
2020-07-16,US,New York,Wayne,223,3,0,43.15494365,-77.02976528,36117.0,248.0037367379168,1.345291479820628,220,221,3,0,218,214,90064,2,0,0,2,7
2020-07-16,US,New York,Westchester,35422,1436,0,41.16278376,-73.75741653,36119.0,3661.1659255859913,4.053977753938232,33986,35394,1436,0,33958,35366,967612,28,0,0,28,28
2020-07-16,US,New York,Wyoming,103,5,0,42.70145109,-78.22199579,36121.0,258.4108984169196,4.854368932038835,98,103,5,0,98,103,40085,0,0,0,0,0
2020-07-16,US,New York,Yates,50,6,0,42.63505484,-77.10369919,36123.0,200.69843053827321,12.0,44,50,6,0,44,49,24841,0,0,0,0,1
2020-07-16,US,North Carolina,Alamance,1569,38,0,36.0434701,-79.39976137,37001.0,925.6145691379221,2.4219247928616947,1531,1562,38,0,1524,1519,166436,7,0,0,7,43
2020-07-16,US,North Carolina,Alexander,193,1,0,35.922379600000006,-81.17751948,37003.0,514.7078432941302,0.5181347150259067,192,186,1,0,185,183,37353,7,0,0,7,3
2020-07-16,US,North Carolina,Alleghany,46,0,0,36.49360862,-81.12857041,37005.0,413.0376223399479,0.0,46,44,0,0,44,43,11161,2,0,0,2,1
2020-07-16,US,North Carolina,Anson,234,2,0,34.97403241,-80.09953279,37007.0,957.2118137936676,0.8547008547008547,232,218,2,0,216,214,24877,16,0,0,16,4
2020-07-16,US,North Carolina,Ashe,67,1,0,36.43296207,-81.49862729,37009.0,246.29636437157657,1.492537313432836,66,67,1,0,66,65,27109,0,0,0,0,2
2020-07-16,US,North Carolina,Avery,51,0,0,36.07569796,-81.92308483,37011.0,290.4824286609329,0.0,51,51,0,0,51,31,17505,0,0,0,0,20
2020-07-16,US,North Carolina,Beaufort,171,0,0,35.48531943,-76.84325809,37013.0,363.87623951993874,0.0,171,163,0,0,163,157,47079,8,0,0,8,6
2020-07-16,US,North Carolina,Bertie,163,4,0,36.0688473,-76.96545943,37015.0,860.2945057265002,2.4539877300613497,159,161,4,0,157,157,19026,2,0,0,2,4
2020-07-16,US,North Carolina,Bladen,464,5,0,34.61296243,-78.56180059,37017.0,1418.0062343377544,1.0775862068965518,459,457,5,0,452,455,33190,7,0,0,7,2
2020-07-16,US,North Carolina,Brunswick,875,11,0,34.070565,-78.22814204,37019.0,612.6592914157679,1.2571428571428571,864,865,10,0,855,832,136744,10,1,0,9,33
2020-07-16,US,North Carolina,Buncombe,992,42,0,35.61113393,-82.53305,37021.0,379.79869137910566,4.233870967741935,950,957,42,0,915,928,259103,35,0,0,35,29
2020-07-16,US,North Carolina,Burke,1279,21,0,35.74989637,-81.70755735,37023.0,1413.4939492733606,1.6419077404222049,1258,1265,21,0,1244,1238,90382,14,0,0,14,27
2020-07-16,US,North Carolina,Cabarrus,1795,33,0,35.3877799,-80.55267168,37025.0,829.2793354677458,1.8384401114206128,1762,1754,33,0,1721,1721,211342,41,0,0,41,33
2020-07-16,US,North Carolina,Caldwell,707,8,0,35.95204977,-81.54799522,37027.0,860.3275815911801,1.1315417256011315,699,685,8,0,677,683,82029,22,0,0,22,2
2020-07-16,US,North Carolina,Camden,43,1,0,36.33804939,-76.15568396,37029.0,395.6933836385386,2.3255813953488373,42,42,1,0,41,39,10710,1,0,0,1,3
2020-07-16,US,North Carolina,Carteret,171,4,0,34.8932941,-76.54120135,37031.0,246.13878773048526,2.3391812865497075,167,171,4,0,167,162,69524,0,0,0,0,9
2020-07-16,US,North Carolina,Caswell,158,2,0,36.39312665,-79.33353281,37033.0,698.9913289683243,1.2658227848101269,156,156,2,0,154,156,22698,2,0,0,2,0
2020-07-16,US,North Carolina,Catawba,1358,14,0,35.66211129,-81.2132617,37035.0,851.1385074364937,1.0309278350515465,1344,1352,14,0,1338,1290,158652,6,0,0,6,62
2020-07-16,US,North Carolina,Chatham,1076,46,0,35.70394416,-79.25541492,37037.0,1444.8771317308983,4.275092936802974,1030,1072,46,0,1026,1067,73139,4,0,0,4,5
2020-07-16,US,North Carolina,Cherokee,119,2,0,35.1349263,-84.05970864,37039.0,415.9094086397316,1.680672268907563,117,119,2,0,117,106,28383,0,0,0,0,13
2020-07-16,US,North Carolina,Chowan,41,0,0,36.12908077,-76.60118385,37041.0,294.05436419708815,0.0,41,39,0,0,39,39,14029,2,0,0,2,0
2020-07-16,US,North Carolina,Clay,27,0,0,35.05704275,-83.74353633,37043.0,240.406019054403,0.0,27,27,0,0,27,18,11139,0,0,0,0,9
2020-07-16,US,North Carolina,Cleveland,593,9,0,35.33553364,-81.55204486,37045.0,605.4294669566193,1.5177065767284992,584,558,9,0,549,544,97645,35,0,0,35,14
2020-07-16,US,North Carolina,Columbus,658,39,0,34.26744084,-78.65801424,37047.0,1185.4147149960365,5.927051671732523,619,650,39,0,611,646,55655,8,0,0,8,4
2020-07-16,US,North Carolina,Craven,487,8,0,35.11833364,-77.08398081,37049.0,476.801221864322,1.6427104722792607,479,486,8,0,478,470,102912,1,0,0,1,16
2020-07-16,US,North Carolina,Cumberland,1802,43,0,35.04762133,-78.82623165,37051.0,537.0943849494349,2.386237513873474,1759,1802,43,0,1759,1686,332330,0,0,0,0,116
2020-07-16,US,North Carolina,Currituck,35,0,0,36.36123664,-75.95876401,37053.0,126.06706768000576,0.0,35,33,0,0,33,32,27072,2,0,0,2,1
2020-07-16,US,North Carolina,Dare,124,1,0,35.66520691,-75.71767334,37055.0,335.0536356021508,0.8064516129032258,123,124,1,0,123,124,36501,0,0,0,0,0
2020-07-16,US,North Carolina,Davidson,1320,16,0,35.79115496,-80.21256572,37057.0,787.5472080854847,1.2121212121212122,1304,1296,16,0,1280,1277,166614,24,0,0,24,19
2020-07-16,US,North Carolina,Davie,273,4,0,35.93099927,-80.54496571,37059.0,637.1656630723987,1.465201465201465,269,273,4,0,269,273,42733,0,0,0,0,0
2020-07-16,US,North Carolina,Duplin,1728,33,0,34.93449805,-77.93140529,37061.0,2941.727243322381,1.9097222222222223,1695,1720,33,0,1687,1696,58856,8,0,0,8,24
2020-07-16,US,North Carolina,Durham,4827,71,0,36.03638492,-78.87608331,37063.0,1501.4557308515402,1.4708928941371453,4756,4733,71,0,4662,4655,316739,94,0,0,94,78
2020-07-16,US,North Carolina,Edgecombe,415,9,0,35.91230639,-77.59436892,37065.0,806.2635996269818,2.1686746987951806,406,409,9,0,400,402,52005,6,0,0,6,7
2020-07-16,US,North Carolina,Forsyth,3946,40,0,36.12859861,-80.25459052,37067.0,1032.1871852888476,1.0136847440446022,3906,3850,40,0,3810,3785,379099,96,0,0,96,65
2020-07-16,US,North Carolina,Franklin,542,22,0,36.081519,-78.28708884,37069.0,777.7857501614408,4.059040590405904,520,533,22,0,511,518,67560,9,0,0,9,15
2020-07-16,US,North Carolina,Gaston,2076,18,0,35.29373559,-81.17477045,37071.0,924.6021672033456,0.8670520231213873,2058,2003,18,0,1985,1946,222846,73,0,0,73,57
2020-07-16,US,North Carolina,Gates,30,2,0,36.44667547,-76.69749701,37073.0,259.47067981318105,6.666666666666668,28,31,2,0,29,30,11573,-1,0,0,-1,1
2020-07-16,US,North Carolina,Graham,10,0,0,35.3506925,-83.83369267,37075.0,118.46937566639023,0.0,10,10,0,0,10,10,8484,0,0,0,0,0
2020-07-16,US,North Carolina,Granville,982,25,0,36.30337451,-78.65184241,37077.0,1624.6711778038816,2.5458248472505094,957,975,25,0,950,975,60115,7,0,0,7,0
2020-07-16,US,North Carolina,Greene,242,3,0,35.48544173,-77.67578087,37079.0,1148.606958090085,1.2396694214876034,239,238,3,0,235,237,21012,4,0,0,4,1
2020-07-16,US,North Carolina,Guilford,3877,131,0,36.07959451,-79.78824948,37081.0,721.7400693257679,3.3789012122775333,3746,3840,128,0,3712,3760,533670,37,3,0,34,80
2020-07-16,US,North Carolina,Halifax,443,4,0,36.25669272,-77.6556109,37083.0,885.8228354329134,0.9029345372460496,439,442,4,0,438,430,50574,1,0,0,1,12
2020-07-16,US,North Carolina,Harnett,827,32,0,35.36731853,-78.87243571,37085.0,608.1955639230453,3.8694074969770256,795,815,32,0,783,804,134214,12,0,0,12,11
2020-07-16,US,North Carolina,Haywood,149,0,0,35.55269063,-82.98196486,37087.0,239.1000850490236,0.0,149,142,0,0,142,138,61971,7,0,0,7,4
2020-07-16,US,North Carolina,Henderson,1016,51,0,35.33788927,-82.4766782,37089.0,865.2920786598191,5.019685039370079,965,982,51,0,931,973,116748,34,0,0,34,9
2020-07-16,US,North Carolina,Hertford,184,11,0,36.3607755,-76.98104134,37091.0,777.1254804240402,5.978260869565218,173,181,11,0,170,181,23659,3,0,0,3,0
2020-07-16,US,North Carolina,Hoke,491,5,0,35.01888303,-79.23651674,37093.0,888.9452149038635,1.0183299389002036,486,482,5,0,477,480,54764,9,0,0,9,2
2020-07-16,US,North Carolina,Hyde,33,0,0,35.42017674,-76.15180542,37095.0,668.4221186955641,0.0,33,31,0,0,31,31,5230,2,0,0,2,0
2020-07-16,US,North Carolina,Iredell,1234,10,0,35.80950511,-80.8743128,37097.0,678.7454759468884,0.8103727714748784,1224,1202,10,0,1192,1179,178435,32,0,0,32,23
2020-07-16,US,North Carolina,Jackson,237,3,0,35.28814273,-83.14093385,37099.0,539.3964222313259,1.2658227848101269,234,226,3,0,223,220,43327,11,0,0,11,6
2020-07-16,US,North Carolina,Johnston,2255,38,0,35.51745004,-78.36622717,37101.0,1077.20013948667,1.6851441241685143,2217,2218,38,0,2180,2160,202675,37,0,0,37,58
2020-07-16,US,North Carolina,Jones,43,3,0,35.02254606,-77.35870791,37103.0,456.52404713876206,6.9767441860465125,40,43,3,0,40,43,9637,0,0,0,0,0
2020-07-16,US,North Carolina,Lee,958,8,0,35.47623147,-79.17569362,37105.0,1550.6887453665486,0.8350730688935282,950,952,8,0,944,950,61452,6,0,0,6,2
2020-07-16,US,North Carolina,Lenoir,439,11,0,35.24032589999999,-77.64245615,37107.0,784.6431571609859,2.5056947608200457,428,439,11,0,428,432,55976,0,0,0,0,7
2020-07-16,US,North Carolina,Lincoln,508,2,0,35.48508185,-81.21740317,37109.0,589.9362450790259,0.3937007874015748,506,473,2,0,471,450,83770,35,0,0,35,23
2020-07-16,US,North Carolina,Macon,360,3,0,35.14867843,-83.41696617,37113.0,1003.9600646996486,0.8333333333333334,357,340,3,0,337,336,35285,20,0,0,20,4
2020-07-16,US,North Carolina,Madison,19,0,0,35.85402722,-82.71346418,37115.0,87.33624454148472,0.0,19,18,0,0,18,18,21763,1,0,0,1,0
2020-07-16,US,North Carolina,Martin,176,6,0,35.84326734,-77.10860251,37117.0,784.313725490196,3.4090909090909087,170,176,6,0,170,175,22671,0,0,0,0,1
2020-07-16,US,North Carolina,McDowell,347,2,0,35.67736232,-82.0482425,37111.0,758.3704869306758,0.5763688760806917,345,339,2,0,337,332,45507,8,0,0,8,7
2020-07-16,US,North Carolina,Mecklenburg,16360,164,0,35.24469268,-80.8317671,37119.0,1473.4013235394775,1.0024449877750612,16196,15950,164,0,15786,15680,1093901,410,0,0,410,270
2020-07-16,US,North Carolina,Mitchell,59,1,0,36.01059309,-82.1582442,37121.0,394.2796043838546,1.6949152542372878,58,59,1,0,58,59,15000,0,0,0,0,0
2020-07-16,US,North Carolina,Montgomery,459,10,0,35.33155144,-79.90416657,37123.0,1689.176756339013,2.178649237472767,449,459,9,0,450,459,27271,0,1,0,-1,0
2020-07-16,US,North Carolina,Moore,688,15,0,35.30885257,-79.48474178,37125.0,681.9984139571767,2.1802325581395348,673,653,15,0,638,646,98682,35,0,0,35,7
2020-07-16,US,North Carolina,Nash,702,6,0,35.96575634,-77.98422508,37127.0,744.4484506564296,0.8547008547008547,696,686,6,0,680,666,94016,16,0,0,16,20
2020-07-16,US,North Carolina,New Hanover,1652,8,0,34.25758282,-77.87075626,37129.0,704.5587338414232,0.4842615012106538,1644,1594,8,0,1586,1560,232274,58,0,0,58,34
2020-07-16,US,North Carolina,Northampton,230,16,0,36.41736238,-77.39769443,37131.0,1180.516347585074,6.956521739130435,214,230,16,0,214,211,19676,0,0,0,0,19
2020-07-16,US,North Carolina,Onslow,489,5,0,34.72607366,-77.42908179,37133.0,247.04705513847767,1.0224948875255624,484,489,4,0,485,489,197683,0,1,0,-1,0
2020-07-16,US,North Carolina,Orange,1035,45,0,36.06092947,-79.12167935,37135.0,697.0823567445244,4.3478260869565215,990,1015,43,0,972,1003,146027,20,2,0,18,12
2020-07-16,US,North Carolina,Pamlico,42,1,0,35.15253315,-76.66559823,37137.0,330.03300330033005,2.380952380952381,41,42,1,0,41,40,12670,0,0,0,0,2
2020-07-16,US,North Carolina,Pasquotank,262,17,0,36.26723798,-76.25134778,37139.0,657.8947368421052,6.4885496183206115,245,258,17,0,241,255,39639,4,0,0,4,3
2020-07-16,US,North Carolina,Pender,430,2,0,34.52265624,-77.90352133,37141.0,681.8902632413574,0.4651162790697674,428,425,2,0,423,415,62162,5,0,0,5,10
2020-07-16,US,North Carolina,Perquimans,43,2,0,36.17847453,-76.40603143,37143.0,319.3938943771819,4.651162790697675,41,40,2,0,38,38,13422,3,0,0,3,2
2020-07-16,US,North Carolina,Person,136,1,0,36.38989032,-78.97217358,37145.0,344.39098505950875,0.7352941176470589,135,135,1,0,134,134,39507,1,0,0,1,1
2020-07-16,US,North Carolina,Pitt,1040,10,0,35.59535426,-77.37353178,37147.0,575.405827090549,0.9615384615384616,1030,1000,10,0,990,986,179914,40,0,0,40,14
2020-07-16,US,North Carolina,Polk,103,5,0,35.27820615,-82.16812354,37149.0,497.0082995560703,4.854368932038835,98,101,4,0,97,101,20611,2,1,0,1,0
2020-07-16,US,North Carolina,Randolph,1602,33,0,35.71015088,-79.80570339,37151.0,1115.0786193071476,2.059925093632959,1569,1597,33,0,1564,1543,143351,5,0,0,5,54
2020-07-16,US,North Carolina,Richmond,385,7,0,35.00417719,-79.74491009,37153.0,858.8190680140087,1.818181818181818,378,375,7,0,368,375,44887,10,0,0,10,0
2020-07-16,US,North Carolina,Robeson,1798,46,0,34.64244496,-79.10250529999998,37155.0,1376.4593301435407,2.5583982202447157,1752,1731,44,0,1687,1708,131831,67,2,0,65,23
2020-07-16,US,North Carolina,Rockingham,341,2,0,36.39593137,-79.77504841,37157.0,374.68410064828043,0.5865102639296188,339,341,2,0,339,310,90690,0,0,0,0,31
2020-07-16,US,North Carolina,Rowan,1609,45,0,35.64003916,-80.52446628,37159.0,1132.396824503125,2.7967681789931635,1564,1578,44,0,1534,1547,141262,31,1,0,30,31
2020-07-16,US,North Carolina,Rutherford,436,10,0,35.40114178,-81.92112099,37161.0,650.4647242238434,2.2935779816513757,426,422,10,0,412,415,66826,14,0,0,14,7
2020-07-16,US,North Carolina,Sampson,1260,8,0,34.98820368,-78.36914061,37163.0,1983.2837512395527,0.6349206349206349,1252,1229,8,0,1221,1217,63626,31,0,0,31,12
2020-07-16,US,North Carolina,Scotland,183,2,0,34.8386299,-79.4757978,37165.0,525.5147460012059,1.0928961748633879,181,177,2,0,175,174,34810,6,0,0,6,3
2020-07-16,US,North Carolina,Stanly,613,6,0,35.31647813,-80.25093221,37167.0,976.0213992293733,0.9787928221859706,607,597,6,0,591,589,62075,16,0,0,16,8
2020-07-16,US,North Carolina,Stokes,183,1,0,36.4017975,-80.23893369,37169.0,401.39501217345526,0.5464480874316939,182,182,1,0,181,170,45467,1,0,0,1,12
2020-07-16,US,North Carolina,Surry,628,3,0,36.41689489,-80.69102283,37171.0,874.8589498906427,0.4777070063694268,625,604,3,0,601,592,71948,24,0,0,24,12
2020-07-16,US,North Carolina,Swain,77,1,0,35.48665845,-83.48748932,37173.0,539.5557424146871,1.2987012987012987,76,77,1,0,76,75,14245,0,0,0,0,2
2020-07-16,US,North Carolina,Transylvania,66,1,0,35.20383864,-82.79638423,37175.0,191.944161698415,1.5151515151515151,65,66,1,0,65,58,34215,0,0,0,0,8
2020-07-16,US,North Carolina,Tyrrell,63,1,0,35.87147226,-76.17055253,37177.0,1568.7250996015937,1.5873015873015872,62,63,1,0,62,61,4131,0,0,0,0,2
2020-07-16,US,North Carolina,Union,2036,30,0,34.98960527,-80.52955873,37179.0,848.8320221463443,1.4734774066797642,2006,1942,30,0,1912,1909,235908,94,0,0,94,33
2020-07-16,US,North Carolina,Vance,599,40,0,36.36880673,-78.40670845,37181.0,1345.0095430560236,6.677796327212019,559,593,40,0,553,589,44582,6,0,0,6,4
2020-07-16,US,North Carolina,Wake,8198,83,0,35.78879266,-78.65249174,37183.0,737.3887013485812,1.01244205903879,8115,8030,77,0,7953,7901,1092305,168,6,0,162,129
2020-07-16,US,North Carolina,Warren,200,6,0,36.39728256,-78.10652228,37185.0,1013.6333688105012,3.0,194,193,6,0,187,192,19807,7,0,0,7,1
2020-07-16,US,North Carolina,Washington,57,3,0,35.83810081,-76.57299037,37187.0,492.22797927461136,5.2631578947368425,54,57,3,0,54,54,11859,0,0,0,0,3
2020-07-16,US,North Carolina,Watauga,153,0,0,36.23103603,-81.70033724,37189.0,272.3534542606405,0.0,153,147,0,0,147,137,55945,6,0,0,6,10
2020-07-16,US,North Carolina,Wayne,2055,34,0,35.36438125,-78.00027268,37191.0,1668.9542032469485,1.654501216545012,2021,2074,34,0,2040,2051,123248,-19,0,0,-19,23
2020-07-16,US,North Carolina,Wilkes,641,7,0,36.2084135,-81.16232895,37193.0,936.9701222007836,1.0920436817472698,634,640,7,0,633,634,68557,1,0,0,1,6
2020-07-16,US,North Carolina,Wilson,1046,27,0,35.70625477,-77.917978,37195.0,1278.7129741690198,2.5812619502868066,1019,1046,27,0,1019,1003,81455,0,0,0,0,43
2020-07-16,US,North Carolina,Yadkin,399,5,0,36.16222629,-80.66239436,37197.0,1059.2826612153874,1.2531328320802004,394,399,5,0,394,392,37543,0,0,0,0,7
2020-07-16,US,North Carolina,Yancey,65,0,0,35.90079156,-82.31237181,37199.0,359.7321379157673,0.0,65,63,0,0,63,61,17903,2,0,0,2,2
2020-07-16,US,North Dakota,Barnes,25,0,0,46.93579637,-98.06605978,38003.0,240.03840614498318,0.0,25,25,0,0,25,25,10542,0,0,0,0,0
2020-07-16,US,North Dakota,Benson,18,0,0,48.0683985,-99.35916363,38005.0,263.4660421545668,0.0,18,16,0,0,16,16,6962,2,0,0,2,0
2020-07-16,US,North Dakota,Billings,1,0,0,47.02366884,-103.3762965,38007.0,107.75862068965515,0.0,1,1,0,0,1,1,919,0,0,0,0,0
2020-07-16,US,North Dakota,Bottineau,7,0,0,48.79106111,-100.8378166,38009.0,111.42948105698822,0.0,7,7,0,0,7,7,6411,0,0,0,0,0
2020-07-16,US,North Dakota,Bowman,1,0,0,46.11285362,-103.5203343,38011.0,33.06878306878307,0.0,1,1,0,0,1,1,3076,0,0,0,0,0
2020-07-16,US,North Dakota,Burke,7,0,0,48.79094471,-102.51821170000001,38013.0,330.9692671394799,0.0,7,7,0,0,7,7,2100,0,0,0,0,0
2020-07-16,US,North Dakota,Burleigh,500,0,0,46.97847375,-100.46452140000001,38015.0,522.870349068245,0.0,500,478,0,0,478,469,95273,22,0,0,22,9
2020-07-16,US,North Dakota,Cass,2547,73,0,46.93201724,-97.24447190000001,38017.0,1400.0428752823998,2.866117000392619,2474,2522,73,0,2449,2503,181516,25,0,0,25,19
2020-07-16,US,North Dakota,Cavalier,21,0,0,48.77286211,-98.46685243,38019.0,558.2137161084529,0.0,21,18,0,0,18,18,3829,3,0,0,3,0
2020-07-16,US,North Dakota,Dickey,6,0,0,46.11017712,-98.50490079999999,38021.0,123.15270935960592,0.0,6,6,0,0,6,6,4903,0,0,0,0,0
2020-07-16,US,North Dakota,Divide,1,0,0,48.814938700000006,-103.48736109999999,38023.0,44.16961130742049,0.0,1,1,0,0,1,1,2283,0,0,0,0,0
2020-07-16,US,North Dakota,Dunn,26,0,0,47.35423935,-102.61604679999999,38025.0,587.7034358047016,0.0,26,26,0,0,26,26,4332,0,0,0,0,0
2020-07-16,US,North Dakota,Eddy,5,0,0,47.71701474,-98.90432337,38027.0,218.62702229995628,0.0,5,5,0,0,5,5,2313,0,0,0,0,0
2020-07-16,US,North Dakota,Emmons,7,1,0,46.28398398,-100.2389766,38029.0,215.98272138228938,14.285714285714285,6,5,1,0,4,5,3295,2,0,0,2,0
2020-07-16,US,North Dakota,Foster,3,0,0,47.457108399999996,-98.88279923,38031.0,93.45794392523364,0.0,3,3,0,0,3,3,3216,0,0,0,0,0
2020-07-16,US,North Dakota,Golden Valley,1,0,0,46.94022281,-103.8465421,38033.0,56.785917092561036,0.0,1,1,0,0,1,1,1769,0,0,0,0,0
2020-07-16,US,North Dakota,Grand Forks,470,4,0,47.92093639,-97.45450447,38035.0,676.7361161106393,0.851063829787234,466,462,4,0,458,461,70770,8,0,0,8,1
2020-07-16,US,North Dakota,Grant,4,0,0,46.35821257,-101.63900129999999,38037.0,175.9014951627089,0.0,4,4,0,0,4,4,2374,0,0,0,0,0
2020-07-16,US,North Dakota,Griggs,2,0,0,47.45785838,-98.23850925,38039.0,89.64589870013447,0.0,2,2,0,0,2,2,2232,0,0,0,0,0
2020-07-16,US,North Dakota,Hettinger,2,0,0,46.43375068,-102.4632417,38041.0,80.03201280512205,0.0,2,2,0,0,2,1,2514,0,0,0,0,1
2020-07-16,US,North Dakota,Kidder,4,0,0,46.97830064,-99.77507857,38043.0,161.29032258064515,0.0,4,4,0,0,4,3,2450,0,0,0,0,1
2020-07-16,US,North Dakota,LaMoure,14,0,0,46.45681054,-98.53542355,38045.0,346.02076124567475,0.0,14,14,0,0,14,14,4062,0,0,0,0,0
2020-07-16,US,North Dakota,Logan,1,0,0,46.45729487,-99.47719806,38047.0,54.05405405405406,0.0,1,1,0,0,1,1,1903,0,0,0,0,0
2020-07-16,US,North Dakota,McHenry,10,1,0,48.23104458,-100.6324822,38049.0,174.06440382941688,10.0,9,9,1,0,8,9,5816,1,0,0,1,0
2020-07-16,US,North Dakota,McIntosh,8,0,0,46.11182017,-99.44145858,38051.0,320.3844613536244,0.0,8,8,0,0,8,8,2585,0,0,0,0,0
2020-07-16,US,North Dakota,McKenzie,45,0,0,47.74133370000001,-103.395905,38053.0,299.52076677316296,0.0,45,43,0,0,43,39,13632,2,0,0,2,4
2020-07-16,US,North Dakota,McLean,12,0,0,47.60766714,-101.3182418,38055.0,126.984126984127,0.0,12,12,0,0,12,12,9541,0,0,0,0,0
2020-07-16,US,North Dakota,Mercer,9,0,0,47.31213126,-101.8318399,38057.0,109.93037742762917,0.0,9,9,0,0,9,9,8267,0,0,0,0,0
2020-07-16,US,North Dakota,Morton,144,2,0,46.71681782,-101.2822377,38059.0,459.1251115929091,1.3888888888888888,142,140,2,0,138,139,31095,4,0,0,4,1
2020-07-16,US,North Dakota,Mountrail,89,1,0,48.20197971,-102.3555315,38061.0,844.0018966334758,1.1235955056179776,88,84,0,0,84,69,10218,5,1,0,4,15
2020-07-16,US,North Dakota,Nelson,2,0,0,47.9226426,-98.19038437,38063.0,69.46856547412295,0.0,2,2,0,0,2,2,2869,0,0,0,0,0
2020-07-16,US,North Dakota,Oliver,2,0,0,47.11530482,-101.3406158,38065.0,102.09290454313421,0.0,2,2,0,0,2,2,1952,0,0,0,0,0
2020-07-16,US,North Dakota,Pembina,15,0,0,48.76623521,-97.5523809,38067.0,220.55580061755626,0.0,15,15,0,0,15,15,6947,0,0,0,0,0
2020-07-16,US,North Dakota,Pierce,8,0,0,48.24977025,-99.96407787,38069.0,201.2578616352201,0.0,8,8,0,0,8,8,4081,0,0,0,0,0
2020-07-16,US,North Dakota,Ramsey,24,1,0,48.26886249,-98.72223879,38071.0,208.3514193940446,4.166666666666667,23,23,1,0,22,22,11481,1,0,0,1,1
2020-07-16,US,North Dakota,Ransom,21,0,0,46.45621782,-97.65742504,38073.0,402.4530471444998,0.0,21,21,0,0,21,21,5237,0,0,0,0,0
2020-07-16,US,North Dakota,Renville,7,0,0,48.71982533,-101.6603912,38075.0,300.8165019338204,0.0,7,7,0,0,7,7,2374,0,0,0,0,0
2020-07-16,US,North Dakota,Richland,48,0,0,46.26440649,-96.94852979,38077.0,296.7175619706992,0.0,48,47,0,0,47,47,16239,1,0,0,1,0
2020-07-16,US,North Dakota,Rolette,12,0,0,48.77245354,-99.84097493,38079.0,84.65011286681715,0.0,12,12,0,0,12,12,14301,0,0,0,0,0
2020-07-16,US,North Dakota,Sargent,8,0,0,46.10830372,-97.63217159,38081.0,205.2334530528476,0.0,8,8,0,0,8,8,3870,0,0,0,0,0
2020-07-16,US,North Dakota,Sheridan,3,0,0,47.57700669,-100.3426391,38083.0,228.1368821292776,0.0,3,2,0,0,2,2,1349,1,0,0,1,0
2020-07-16,US,North Dakota,Sioux,41,0,0,46.11323337,-101.04401490000001,38085.0,969.2671394799054,0.0,41,39,0,0,39,38,4358,2,0,0,2,1
2020-07-16,US,North Dakota,Slope,3,0,0,46.44737738,-103.4601547,38087.0,400.0,0.0,3,3,0,0,3,3,763,0,0,0,0,0
2020-07-16,US,North Dakota,Stark,108,3,0,46.80851182,-102.65763259999999,38089.0,342.97691257264444,2.7777777777777777,105,103,3,0,100,99,30997,5,0,0,5,4
2020-07-16,US,North Dakota,Steele,4,0,0,47.45611548,-97.72728747,38091.0,211.64021164021165,0.0,4,4,0,0,4,4,1903,0,0,0,0,0
2020-07-16,US,North Dakota,Stutsman,71,2,0,46.97962541,-98.95637318,38093.0,342.92890262751166,2.8169014084507036,69,69,2,0,67,69,20917,2,0,0,2,0
2020-07-16,US,North Dakota,Towner,3,0,0,48.68565745,-99.24564265,38095.0,137.04888076747372,0.0,3,3,0,0,3,3,2192,0,0,0,0,0
2020-07-16,US,North Dakota,Traill,28,0,0,47.45367788,-97.16323288,38097.0,348.4320557491289,0.0,28,28,0,0,28,28,8037,0,0,0,0,0
2020-07-16,US,North Dakota,Walsh,66,0,0,48.36876964,-97.72574783,38099.0,620.2424584155624,0.0,66,65,0,0,65,60,10667,1,0,0,1,5
2020-07-16,US,North Dakota,Ward,83,1,0,48.22390169,-101.54367629999999,38101.0,122.70664242101685,1.2048192771084338,82,78,1,0,77,76,67744,5,0,0,5,2
2020-07-16,US,North Dakota,Wells,11,0,0,47.58614526,-99.65904998,38103.0,286.906624934794,0.0,11,11,0,0,11,10,3957,0,0,0,0,1
2020-07-16,US,North Dakota,Williams,110,0,0,48.34522353,-103.4793387,38105.0,292.6388039053979,0.0,110,99,0,0,99,92,35350,11,0,0,11,7
2020-07-16,US,Ohio,Adams,30,2,0,38.84541072,-83.4718964,39001.0,108.3110693912918,6.666666666666668,28,30,2,0,28,28,27724,0,0,0,0,2
2020-07-16,US,Ohio,Allen,410,41,0,40.77285242,-84.10802343,39003.0,400.5823098943831,10.0,369,399,41,0,358,391,102663,11,0,0,11,8
2020-07-16,US,Ohio,Ashland,90,3,0,40.84772277,-82.27280781,39005.0,168.27462418667264,3.333333333333333,87,87,3,0,84,78,53745,3,0,0,3,9
2020-07-16,US,Ohio,Ashtabula,460,44,0,41.70860332,-80.74830218,39007.0,473.05149062638185,9.565217391304348,416,453,44,0,409,452,97493,7,0,0,7,1
2020-07-16,US,Ohio,Athens,234,1,0,39.33425634,-82.04278644,39009.0,358.1979885805256,0.4273504273504273,233,220,1,0,219,201,65818,14,0,0,14,19
2020-07-16,US,Ohio,Auglaize,115,4,0,40.55998859,-84.22421429999999,39011.0,251.88365165586129,3.4782608695652173,111,113,4,0,109,112,45804,2,0,0,2,1
2020-07-16,US,Ohio,Belmont,575,24,0,40.01625942,-80.9924051,39013.0,858.1321075724562,4.173913043478262,551,572,24,0,548,572,67505,3,0,0,3,0
2020-07-16,US,Ohio,Brown,65,1,0,38.93416837,-83.86788395,39015.0,149.6592374286241,1.5384615384615383,64,64,1,0,63,62,43602,1,0,0,1,2
2020-07-16,US,Ohio,Butler,2012,48,0,39.44012838,-84.57388716,39017.0,525.1426393898739,2.3856858846918487,1964,1975,47,0,1928,1942,382378,37,1,0,36,33
2020-07-16,US,Ohio,Carroll,76,3,0,40.5789686,-81.09178213,39019.0,282.38091699487256,3.947368421052632,73,72,3,0,69,71,27081,4,0,0,4,1
2020-07-16,US,Ohio,Champaign,61,1,0,40.13923427,-83.76875242,39021.0,156.87283014015688,1.639344262295082,60,61,1,0,60,60,38754,0,0,0,0,1
2020-07-16,US,Ohio,Clark,851,11,0,39.91592258,-83.78498252,39023.0,634.6815032479883,1.2925969447708578,840,840,10,0,830,832,134585,11,1,0,10,8
2020-07-16,US,Ohio,Clermont,570,7,0,39.04847534,-84.15375786,39025.0,276.1253318348286,1.2280701754385963,563,552,7,0,545,532,205466,18,0,0,18,20
2020-07-16,US,Ohio,Clinton,97,2,0,39.41485808,-83.80852286,39027.0,231.1284788410217,2.061855670103093,95,97,2,0,95,92,42057,0,0,0,0,5
2020-07-16,US,Ohio,Columbiana,1418,60,0,40.76932373,-80.78094576,39029.0,1391.7925463521883,4.2313117066290555,1358,1411,60,0,1351,1405,102665,7,0,0,7,6
2020-07-16,US,Ohio,Coshocton,160,4,0,40.30096166,-81.91729018,39031.0,437.15846994535525,2.5,156,155,4,0,151,155,36629,5,0,0,5,0
2020-07-16,US,Ohio,Crawford,146,5,0,40.85065156,-82.91989099,39033.0,351.8580999662602,3.4246575342465757,141,140,5,0,135,140,41550,6,0,0,6,0
2020-07-16,US,Ohio,Cuyahoga,9985,406,0,41.424119,-81.65918339,39035.0,808.4548916986216,4.066099148723085,9579,9784,402,0,9382,9509,1243857,201,4,0,197,275
2020-07-16,US,Ohio,Darke,262,26,0,40.13412966,-84.6194517,39037.0,512.5897521178565,9.923664122137405,236,262,26,0,236,261,51323,0,0,0,0,1
2020-07-16,US,Ohio,Defiance,62,3,0,41.32398837,-84.49076944,39039.0,162.78520229999737,4.838709677419356,59,58,3,0,55,56,38165,4,0,0,4,2
2020-07-16,US,Ohio,Delaware,829,15,0,40.27942393,-83.00457058,39041.0,396.3150824421424,1.8094089264173705,814,806,15,0,791,784,204826,23,0,0,23,22
2020-07-16,US,Ohio,Erie,327,22,0,41.36796058,-82.62904521,39043.0,440.309158969111,6.72782874617737,305,317,22,0,295,308,74615,10,0,0,10,9
2020-07-16,US,Ohio,Fairfield,787,17,0,39.75107189,-82.63088163,39045.0,499.44787845710573,2.16010165184244,770,773,17,0,756,751,155782,14,0,0,14,22
2020-07-16,US,Ohio,Fayette,58,0,0,39.56021306,-83.4562016,39047.0,203.33041191936897,0.0,58,58,0,0,58,58,28666,0,0,0,0,0
2020-07-16,US,Ohio,Franklin,13099,456,0,39.96995815,-83.01115755,39049.0,994.7932646595116,3.481181769600733,12643,12823,449,0,12374,12574,1310300,276,7,0,269,249
2020-07-16,US,Ohio,Fulton,74,0,0,41.60213491,-84.12571393,39051.0,175.66348573327636,0.0,74,72,0,0,72,71,42276,2,0,0,2,1
2020-07-16,US,Ohio,Gallia,24,1,0,38.82708533,-82.31647569,39053.0,80.27292795504717,4.166666666666667,23,24,1,0,23,21,29979,0,0,0,0,3
2020-07-16,US,Ohio,Geauga,448,42,0,41.49952319,-81.17935342,39055.0,478.38204358829245,9.375,406,447,42,0,405,436,94031,1,0,0,1,11
2020-07-16,US,Ohio,Greene,411,9,0,39.69116283,-83.89032084,39057.0,243.28595867098386,2.18978102189781,402,385,9,0,376,380,167995,26,0,0,26,5
2020-07-16,US,Ohio,Guernsey,85,4,0,40.05026529,-81.49248905,39059.0,218.64951768488743,4.705882352941177,81,83,4,0,79,83,39022,2,0,0,2,0
2020-07-16,US,Ohio,Hamilton,7415,211,0,39.19673558,-84.54502924,39061.0,907.0635972074921,2.84558327714093,7204,7279,209,0,7070,7179,816684,136,2,0,134,100
2020-07-16,US,Ohio,Hancock,103,1,0,41.00250487,-83.66838948,39063.0,135.9143871316786,0.9708737864077671,102,98,1,0,97,92,75930,5,0,0,5,6
2020-07-16,US,Ohio,Hardin,129,12,0,40.66015414,-83.65929931,39065.0,411.28646580583455,9.30232558139535,117,126,12,0,114,125,31480,3,0,0,3,1
2020-07-16,US,Ohio,Harrison,16,1,0,40.29380509,-81.09068544,39067.0,106.38297872340424,6.25,15,13,1,0,12,13,15174,3,0,0,3,0
2020-07-16,US,Ohio,Henry,40,0,0,41.3339642,-84.06830637,39069.0,148.1152336517811,0.0,40,38,0,0,38,38,27086,2,0,0,2,0
2020-07-16,US,Ohio,Highland,61,1,0,39.1839264,-83.60331456,39071.0,141.33129445564282,1.639344262295082,60,58,1,0,57,58,43058,3,0,0,3,0
2020-07-16,US,Ohio,Hocking,90,8,0,39.49537927,-82.47991446,39073.0,318.4262666289273,8.888888888888891,82,90,8,0,82,84,28385,0,0,0,0,6
2020-07-16,US,Ohio,Holmes,278,5,0,40.56163713,-81.92635677,39075.0,632.393084622384,1.7985611510791366,273,267,5,0,262,264,43892,11,0,0,11,3
2020-07-16,US,Ohio,Huron,275,3,0,41.14651175,-82.59867951,39077.0,471.9733635396286,1.0909090909090908,272,271,3,0,268,264,58504,4,0,0,4,7
2020-07-16,US,Ohio,Jackson,34,0,0,39.01914254,-82.61818559999998,39079.0,104.896183630025,0.0,34,33,0,0,33,32,32384,1,0,0,1,1
2020-07-16,US,Ohio,Jefferson,140,2,0,40.38614126,-80.76259514,39081.0,214.3130501339457,1.4285714285714286,138,135,2,0,133,132,65767,5,0,0,5,3
2020-07-16,US,Ohio,Knox,65,1,0,40.39830217,-82.42027563,39083.0,104.2970379641218,1.5384615384615383,64,61,1,0,60,59,61893,4,0,0,4,2
2020-07-16,US,Ohio,Lake,679,23,0,41.69710807,-81.23676539,39085.0,295.02626559315917,3.3873343151693667,656,661,22,0,639,643,230514,18,1,0,17,18
2020-07-16,US,Ohio,Lawrence,103,0,0,38.59743452,-82.53466552,39087.0,173.21695844474715,0.0,103,97,0,0,97,93,59866,6,0,0,6,4
2020-07-16,US,Ohio,Licking,664,14,0,40.09136236,-82.48185785,39089.0,375.4339541563479,2.108433734939759,650,640,13,0,627,619,175769,24,1,0,23,21
2020-07-16,US,Ohio,Logan,77,1,0,40.38996525,-83.76784341,39091.0,168.59344894026975,1.2987012987012987,76,75,1,0,74,73,45358,2,0,0,2,2
2020-07-16,US,Ohio,Lorain,1243,71,0,41.29553751,-82.15083537,39093.0,401.18386356521086,5.711987127916332,1172,1226,70,0,1156,1208,309461,17,1,0,16,18
2020-07-16,US,Ohio,Lucas,3214,306,0,41.62101218,-83.65468618,39095.0,750.3245025073071,9.520846297448662,2908,3162,306,0,2856,3110,429899,52,0,0,52,52
2020-07-16,US,Ohio,Madison,237,9,0,39.89381073,-83.40178317,39097.0,529.8338959558248,3.79746835443038,228,233,9,0,224,230,44413,4,0,0,4,3
2020-07-16,US,Ohio,Mahoning,2027,240,0,41.01631101,-80.77287029,39099.0,886.3798358426293,11.840157868771586,1787,2007,239,0,1768,1996,229642,20,1,0,19,11
2020-07-16,US,Ohio,Marion,2764,39,0,40.58610662,-83.15736305,39101.0,4246.232313766457,1.4109985528219968,2725,2759,39,0,2720,2757,65256,5,0,0,5,2
2020-07-16,US,Ohio,Medina,646,32,0,41.11770589,-81.89986209999998,39103.0,359.3960366294661,4.953560371517028,614,633,32,0,601,614,179146,13,0,0,13,19
2020-07-16,US,Ohio,Meigs,17,0,0,39.09224872,-82.0305041,39105.0,74.21312262627144,0.0,17,15,0,0,15,13,23106,2,0,0,2,2
2020-07-16,US,Ohio,Mercer,313,11,0,40.54043046,-84.62912742,39107.0,760.2253959001262,3.514376996805112,302,307,10,0,297,304,40959,6,1,0,5,3
2020-07-16,US,Ohio,Miami,539,31,0,40.0543329,-84.22871271,39109.0,503.799527045342,5.751391465677179,508,536,31,0,505,520,106222,3,0,0,3,16
2020-07-16,US,Ohio,Monroe,89,17,0,39.72984936,-81.08464734,39111.0,651.8236414237588,19.101123595505623,72,89,17,0,72,89,13790,0,0,0,0,0
2020-07-16,US,Ohio,Montgomery,2777,42,0,39.75394919,-84.29050975,39113.0,522.2997741152219,1.5124234785740007,2735,2724,38,0,2686,2647,532331,53,4,0,49,77
2020-07-16,US,Ohio,Morgan,13,0,0,39.62081738,-81.85308173,39115.0,89.60573476702507,0.0,13,13,0,0,13,13,14604,0,0,0,0,0
2020-07-16,US,Ohio,Morrow,132,1,0,40.52363560000001,-82.7892599,39117.0,373.64130434782606,0.7575757575757576,131,130,1,0,129,129,35112,2,0,0,2,1
2020-07-16,US,Ohio,Muskingum,112,1,0,39.96575964,-81.94363275,39119.0,129.90778866786522,0.8928571428571429,111,110,1,0,109,106,86183,2,0,0,2,4
2020-07-16,US,Ohio,Noble,14,0,0,39.76818851,-81.45937183,39121.0,97.06045479755964,0.0,14,14,0,0,14,14,14354,0,0,0,0,0
2020-07-16,US,Ohio,Ottawa,237,24,0,41.53781826,-83.0940185,39123.0,584.8241826033312,10.126582278481012,213,235,24,0,211,219,40769,2,0,0,2,16
2020-07-16,US,Ohio,Paulding,39,0,0,41.11676341,-84.5801017,39125.0,208.8688946015424,0.0,39,38,0,0,38,35,18760,1,0,0,1,3
2020-07-16,US,Ohio,Perry,53,1,0,39.73508655,-82.23804971,39127.0,146.67626058559804,1.8867924528301887,52,52,1,0,51,50,36033,1,0,0,1,2
2020-07-16,US,Ohio,Pickaway,2249,42,0,39.64170392,-83.0243386,39129.0,3847.2723540380102,1.8674966651845264,2207,2246,42,0,2204,2235,58086,3,0,0,3,11
2020-07-16,US,Ohio,Pike,33,0,0,39.07634001,-83.06769584,39131.0,118.8247155408325,0.0,33,31,0,0,31,29,28067,2,0,0,2,2
2020-07-16,US,Ohio,Portage,525,59,0,41.16793482,-81.19735782,39133.0,323.1445348565238,11.238095238095235,466,518,60,0,458,507,162927,7,-1,0,8,11
2020-07-16,US,Ohio,Preble,102,1,0,39.7420247,-84.64787018,39135.0,249.49855682207328,0.9803921568627452,101,97,1,0,96,96,40997,5,0,0,5,1
2020-07-16,US,Ohio,Putnam,153,15,0,41.02094889,-84.1336111,39137.0,451.847257907327,9.803921568627453,138,148,15,0,133,146,33780,5,0,0,5,2
2020-07-16,US,Ohio,Richland,412,7,0,40.77180308,-82.53799609999999,39139.0,340.0630602373838,1.699029126213592,405,403,7,0,396,392,121099,9,0,0,9,11
2020-07-16,US,Ohio,Ross,161,3,0,39.33705391,-83.06000914,39141.0,210.0018261028357,1.8633540372670807,158,158,3,0,155,154,76931,3,0,0,3,4
2020-07-16,US,Ohio,Sandusky,191,15,0,41.35624126,-83.137872,39143.0,326.39529717351934,7.853403141361255,176,186,15,0,171,180,58799,5,0,0,5,6
2020-07-16,US,Ohio,Scioto,90,0,0,38.80270163,-82.98907345,39145.0,119.49969461189156,0.0,90,87,0,0,87,80,75502,3,0,0,3,7
2020-07-16,US,Ohio,Seneca,48,2,0,41.12351311,-83.12783209,39147.0,86.99119214179564,4.166666666666667,46,44,2,0,42,43,55207,4,0,0,4,1
2020-07-16,US,Ohio,Shelby,79,4,0,40.33163494,-84.20258189,39149.0,162.58489401111342,5.063291139240507,75,77,4,0,73,78,48627,2,0,0,2,-1
2020-07-16,US,Ohio,Stark,1294,117,0,40.81482476,-81.36437305,39151.0,349.1578657657998,9.041731066460589,1177,1271,116,0,1155,1252,371574,23,1,0,22,19
2020-07-16,US,Ohio,Summit,2499,211,0,41.12464734,-81.53123079,39153.0,461.9112664575528,8.443377350940375,2288,2459,209,0,2250,2420,541918,40,2,0,38,39
2020-07-16,US,Ohio,Trumbull,1094,80,0,41.31735028,-80.76109643,39155.0,552.5978158748119,7.312614259597807,1014,1084,79,0,1005,1071,198627,10,1,0,9,13
2020-07-16,US,Ohio,Tuscarawas,655,11,0,40.44214695,-81.47226262,39157.0,712.0571385087022,1.6793893129770991,644,641,11,0,630,628,92176,14,0,0,14,13
2020-07-16,US,Ohio,Union,130,1,0,40.30016061,-83.37239023,39159.0,220.3838068759748,0.7692307692307693,129,128,1,0,127,119,57835,2,0,0,2,9
2020-07-16,US,Ohio,Van Wert,52,1,0,40.8554138,-84.59111700000003,39161.0,183.90804597701145,1.9230769230769231,51,51,1,0,50,50,28281,1,0,0,1,1
2020-07-16,US,Ohio,Vinton,24,2,0,39.25208988,-82.4831444,39163.0,183.4161253343523,8.333333333333334,22,24,2,0,22,23,13139,0,0,0,0,1
2020-07-16,US,Ohio,Warren,1124,27,0,39.42581994,-84.16557457,39165.0,479.1093000059676,2.402135231316726,1097,1098,27,0,1071,1068,232173,26,0,0,26,30
2020-07-16,US,Ohio,Washington,158,20,0,39.45690571,-81.49121382,39167.0,263.7245247116556,12.658227848101266,138,153,20,0,133,149,60155,5,0,0,5,4
2020-07-16,US,Ohio,Wayne,387,56,0,40.82925852,-81.88844833,39169.0,334.4568317345087,14.470284237726098,331,384,56,0,328,378,115967,3,0,0,3,6
2020-07-16,US,Ohio,Williams,86,2,0,41.56052014,-84.58429552,39171.0,234.3835168429085,2.3255813953488373,84,78,2,0,76,77,36804,8,0,0,8,1
2020-07-16,US,Ohio,Wood,529,52,0,41.36224827,-83.62285108,39173.0,404.38169351078216,9.829867674858225,477,519,51,0,468,515,130696,10,1,0,9,4
2020-07-16,US,Ohio,Wyandot,70,5,0,40.84339621,-83.30734173,39175.0,321.51387102700716,7.142857142857142,65,68,5,0,63,66,21935,2,0,0,2,2
2020-07-16,US,Oklahoma,Adair,163,4,0,35.88494195,-94.65859267,40001.0,734.4327295665495,2.4539877300613497,159,160,4,0,156,144,22082,3,0,0,3,16
2020-07-16,US,Oklahoma,Alfalfa,1,0,0,36.73090616,-98.32408495,40003.0,17.5377060680463,0.0,1,1,0,0,1,1,5754,0,0,0,0,0
2020-07-16,US,Oklahoma,Atoka,40,0,0,34.37366573,-96.03802487,40005.0,290.73993312981537,0.0,40,42,0,0,42,42,13838,-2,0,0,-2,0
2020-07-16,US,Oklahoma,Beaver,32,0,0,36.7496847,-100.4758872,40007.0,602.5230653360949,0.0,32,32,0,0,32,32,5319,0,0,0,0,0
2020-07-16,US,Oklahoma,Beckham,25,0,0,35.26862449,-99.68128023,40009.0,114.36936730866005,0.0,25,25,0,0,25,22,21709,0,0,0,0,3
2020-07-16,US,Oklahoma,Blaine,22,0,0,35.87518314,-98.43307003,40011.0,233.32272775479905,0.0,22,22,0,0,22,22,9485,0,0,0,0,0
2020-07-16,US,Oklahoma,Bryan,205,1,0,33.96472458,-96.25903472,40013.0,427.12782581518906,0.4878048780487805,204,199,1,0,198,190,47192,6,0,0,6,9
2020-07-16,US,Oklahoma,Caddo,216,11,0,35.17364557,-98.37534464,40015.0,750.9908907586397,5.092592592592593,205,214,11,0,203,210,28977,2,0,0,2,4
2020-07-16,US,Oklahoma,Canadian,608,3,0,35.5426055,-97.98465569,40017.0,409.9631842272059,0.4934210526315789,605,594,3,0,591,543,144447,14,0,0,14,51
2020-07-16,US,Oklahoma,Carter,203,2,0,34.25103751,-97.28552485,40019.0,421.9409282700422,0.9852216748768472,201,203,2,0,201,186,48177,0,0,0,0,17
2020-07-16,US,Oklahoma,Cherokee,139,1,0,35.90692775,-94.99980896,40021.0,285.6731816593707,0.7194244604316546,138,138,1,0,137,131,48675,1,0,0,1,7
2020-07-16,US,Oklahoma,Choctaw,135,1,0,34.02807439,-95.54771129,40023.0,920.1199563794985,0.7407407407407407,134,131,1,0,130,128,14668,4,0,0,4,3
2020-07-16,US,Oklahoma,Cimarron,1,0,0,36.74817177,-102.5173885,40025.0,46.79457182966776,0.0,1,1,0,0,1,1,2153,0,0,0,0,0
2020-07-16,US,Oklahoma,Cleveland,1576,40,0,35.20413532,-97.32519562,40027.0,554.9022231298458,2.538071065989848,1536,1526,40,0,1486,1448,281669,50,0,0,50,78
2020-07-16,US,Oklahoma,Coal,13,0,0,34.58840127,-96.29798747,40029.0,236.57870791628758,0.0,13,12,0,0,12,12,5520,1,0,0,1,0
2020-07-16,US,Oklahoma,Comanche,584,9,0,34.65973764,-98.47195055,40031.0,483.647897705157,1.5410958904109588,575,570,9,0,561,517,120422,14,0,0,14,53
2020-07-16,US,Oklahoma,Cotton,12,2,0,34.28845626,-98.37053567,40033.0,211.7896223085069,16.666666666666668,10,13,2,0,11,12,5776,-1,0,0,-1,1
2020-07-16,US,Oklahoma,Craig,31,0,0,36.76268118,-95.20916602,40035.0,219.20520435581955,0.0,31,29,0,0,29,27,14306,2,0,0,2,2
2020-07-16,US,Oklahoma,Creek,233,9,0,35.90230551,-96.37086028,40037.0,325.7738877548167,3.862660944206009,224,231,9,0,222,223,71604,2,0,0,2,8
2020-07-16,US,Oklahoma,Custer,95,0,0,35.63853802,-99.00170785,40039.0,327.55232217356826,0.0,95,93,0,0,93,85,29036,2,0,0,2,8
2020-07-16,US,Oklahoma,Delaware,272,17,0,36.40823634,-94.80325046,40041.0,632.4257713501827,6.25,255,270,17,0,253,261,42733,2,0,0,2,9
2020-07-16,US,Oklahoma,Dewey,4,0,0,35.98772922,-99.00730714,40043.0,81.78286648947045,0.0,4,4,0,0,4,4,4894,0,0,0,0,0
2020-07-16,US,Oklahoma,Ellis,1,0,0,36.218019399999996,-99.75324573,40045.0,25.91344908007256,0.0,1,2,0,0,2,2,3952,-1,0,0,-1,0
2020-07-16,US,Oklahoma,Garfield,140,2,0,36.3791334,-97.78265517,40047.0,229.29769392033543,1.4285714285714286,138,138,2,0,136,132,60913,2,0,0,2,6
2020-07-16,US,Oklahoma,Garvin,143,3,0,34.70418038,-97.30811132,40049.0,516.0405615098697,2.097902097902098,140,140,3,0,137,133,27811,3,0,0,3,7
2020-07-16,US,Oklahoma,Grady,285,5,0,35.0167709,-97.88339847,40051.0,510.4416663681628,1.7543859649122806,280,264,5,0,259,254,55551,21,0,0,21,10
2020-07-16,US,Oklahoma,Grant,3,0,0,36.796296999999996,-97.78638765,40053.0,69.23609508423725,0.0,3,3,0,0,3,3,4326,0,0,0,0,0
2020-07-16,US,Oklahoma,Greer,71,7,0,34.93535801,-99.56056120000001,40055.0,1242.9971988795521,9.859154929577462,64,71,7,0,64,69,5821,0,0,0,0,2
2020-07-16,US,Oklahoma,Harmon,4,0,0,34.7440135,-99.84741652,40057.0,150.77271013946475,0.0,4,4,0,0,4,3,2664,0,0,0,0,1
2020-07-16,US,Oklahoma,Harper,2,0,0,36.78836519,-99.6679804,40059.0,54.2299349240781,0.0,2,2,0,0,2,2,3797,0,0,0,0,0
2020-07-16,US,Oklahoma,Haskell,19,0,0,35.22257600000001,-95.11513306,40061.0,150.4712124811911,0.0,19,19,0,0,19,17,12668,0,0,0,0,2
2020-07-16,US,Oklahoma,Hughes,17,0,0,35.04912569,-96.24921145,40063.0,128.0216883801491,0.0,17,16,0,0,16,15,13335,1,0,0,1,1
2020-07-16,US,Oklahoma,Jackson,166,3,0,34.58781741,-99.41138784,40065.0,676.7223807582552,1.8072289156626504,163,128,3,0,125,72,24949,38,0,0,38,56
2020-07-16,US,Oklahoma,Jefferson,19,0,0,34.11130184,-97.83182974,40067.0,316.5611462845718,0.0,19,19,0,0,19,18,6123,0,0,0,0,1
2020-07-16,US,Oklahoma,Johnston,23,0,0,34.31440473,-96.66011537,40069.0,207.4875958502481,0.0,23,21,0,0,21,18,10949,2,0,0,2,3
2020-07-16,US,Oklahoma,Kay,139,9,0,36.81799745,-97.14421435,40071.0,319.26133492581187,6.474820143884893,130,133,9,0,124,129,44161,6,0,0,6,4
2020-07-16,US,Oklahoma,Kingfisher,58,0,0,35.94530008,-97.94193268,40073.0,367.9035838883603,0.0,58,54,0,0,54,50,15816,4,0,0,4,4
2020-07-16,US,Oklahoma,Kiowa,18,1,0,34.91671958,-98.97720696,40075.0,206.70647680293985,5.5555555555555545,17,18,1,0,17,17,8729,0,0,0,0,1
2020-07-16,US,Oklahoma,Latimer,25,1,0,34.87844729,-95.25215049,40077.0,248.1882259505609,4.0,24,25,1,0,24,22,10231,0,0,0,0,3
2020-07-16,US,Oklahoma,Le Flore,77,1,0,34.89851864,-94.70392124,40079.0,154.45409503941588,1.2987012987012987,76,75,1,0,74,63,49980,2,0,0,2,12
2020-07-16,US,Oklahoma,Lincoln,53,2,0,35.70270942,-96.8812462,40081.0,151.9626114631419,3.7735849056603774,51,49,2,0,47,47,34920,4,0,0,4,2
2020-07-16,US,Oklahoma,Logan,117,1,0,35.91899576,-97.44352845,40083.0,243.69415342317382,0.8547008547008547,116,111,1,0,110,101,47291,6,0,0,6,10
2020-07-16,US,Oklahoma,Love,49,0,0,33.95273467,-97.23906784,40085.0,477.90890471081633,0.0,49,49,0,0,49,48,10134,0,0,0,0,1
2020-07-16,US,Oklahoma,Major,16,1,0,36.31149996,-98.53467076,40093.0,209.7260453532573,6.25,15,16,1,0,15,15,7644,0,0,0,0,1
2020-07-16,US,Oklahoma,Marshall,49,0,0,34.02311222,-96.76855464,40095.0,289.4099580650877,0.0,49,49,0,0,49,47,16806,0,0,0,0,2
2020-07-16,US,Oklahoma,Mayes,151,5,0,36.30179091,-95.23175116,40097.0,367.3965936739659,3.3112582781456954,146,148,5,0,143,139,41107,3,0,0,3,9
2020-07-16,US,Oklahoma,McClain,277,4,0,35.01123903,-97.44572302,40087.0,684.3899787517912,1.444043321299639,273,271,4,0,267,261,39985,6,0,0,6,10
2020-07-16,US,Oklahoma,McCurtain,659,13,0,34.11664328,-94.77222373,40089.0,2007.1881091617927,1.9726858877086493,646,651,12,0,639,631,32703,8,1,0,7,20
2020-07-16,US,Oklahoma,McIntosh,92,1,0,35.37235506,-95.66599306,40091.0,469.4835680751173,1.0869565217391304,91,88,1,0,87,88,19815,4,0,0,4,0
2020-07-16,US,Oklahoma,Murray,28,0,0,34.48116015,-97.06826283,40099.0,198.96255240531517,0.0,28,28,0,0,28,25,13953,0,0,0,0,3
2020-07-16,US,Oklahoma,Muskogee,230,14,0,35.61318461,-95.37802952,40101.0,338.25021692133475,6.086956521739131,216,228,14,0,214,216,68362,2,0,0,2,12
2020-07-16,US,Oklahoma,Noble,56,1,0,36.38953329,-97.22928674,40103.0,503.099451980954,1.7857142857142858,55,55,1,0,54,53,11289,1,0,0,1,2
2020-07-16,US,Oklahoma,Nowata,40,1,0,36.79843529,-95.61902331,40105.0,396.98292973402135,2.5,39,41,1,0,40,39,10218,-1,0,0,-1,2
2020-07-16,US,Oklahoma,Okfuskee,22,0,0,35.46485198,-96.32639984,40107.0,183.4403401984491,0.0,22,20,0,0,20,20,12098,2,0,0,2,0
2020-07-16,US,Oklahoma,Oklahoma,5756,77,0,35.55140095,-97.40716948,40109.0,721.8152223256094,1.3377345378735233,5679,5591,76,0,5515,5259,792582,165,1,0,164,332
2020-07-16,US,Oklahoma,Okmulgee,201,0,0,35.64661916,-95.96432828,40111.0,522.5529702326792,0.0,201,196,0,0,196,186,38335,5,0,0,5,10
2020-07-16,US,Oklahoma,Osage,230,9,0,36.62888819,-96.39635704,40113.0,489.7472478334008,3.9130434782608696,221,228,8,0,220,221,47014,2,1,0,1,7
2020-07-16,US,Oklahoma,Ottawa,195,2,0,36.83532655,-94.81011909,40115.0,626.4657692678383,1.0256410256410255,193,190,2,0,188,183,31175,5,0,0,5,7
2020-07-16,US,Oklahoma,Pawnee,75,3,0,36.31743373,-96.70331759999999,40117.0,457.98729848558884,4.0,72,75,3,0,72,73,16390,0,0,0,0,2
2020-07-16,US,Oklahoma,Payne,499,2,0,36.07695283,-96.97584944,40119.0,610.1437934070234,0.4008016032064128,497,493,2,0,491,484,82040,6,0,0,6,9
2020-07-16,US,Oklahoma,Pittsburg,82,3,0,34.92065823,-95.75134320000001,40121.0,187.84074769780548,3.6585365853658534,79,83,3,0,80,81,43877,-1,0,0,-1,2
2020-07-16,US,Oklahoma,Pontotoc,95,2,0,34.72959848,-96.68337199,40123.0,248.14543934803046,2.1052631578947367,93,93,2,0,91,82,38247,2,0,0,2,11
2020-07-16,US,Oklahoma,Pottawatomie,184,4,0,35.20614018,-96.94923008,40125.0,253.4714569098523,2.1739130434782608,180,178,4,0,174,172,72679,6,0,0,6,6
2020-07-16,US,Oklahoma,Pushmataha,35,0,0,34.41635232,-95.37603505,40127.0,315.42898341744774,0.0,35,35,0,0,35,31,11179,0,0,0,0,4
2020-07-16,US,Oklahoma,Roger Mills,1,0,0,35.68711719,-99.69666167,40129.0,27.909572983533355,0.0,1,1,0,0,1,1,3656,0,0,0,0,0
2020-07-16,US,Oklahoma,Rogers,388,8,0,36.37004357,-95.60406759,40131.0,419.6454644761462,2.061855670103093,380,368,7,0,361,359,91984,20,1,0,19,9
2020-07-16,US,Oklahoma,Seminole,81,3,0,35.16478725,-96.61686741,40133.0,333.91046252782587,3.703703703703704,78,80,3,0,77,78,24578,1,0,0,1,2
2020-07-16,US,Oklahoma,Sequoyah,74,3,0,35.49447108,-94.75463785,40135.0,178.01727248670883,4.0540540540540535,71,73,3,0,70,70,41179,1,0,0,1,3
2020-07-16,US,Oklahoma,Stephens,106,1,0,34.48556989,-97.85141892,40137.0,245.6945506802957,0.9433962264150944,105,102,1,0,101,89,43265,4,0,0,4,13
2020-07-16,US,Oklahoma,Texas,1007,6,0,36.74777635,-101.4889765,40139.0,5039.2833908822495,0.5958291956305859,1001,1007,6,0,1001,1006,20455,0,0,0,0,1
2020-07-16,US,Oklahoma,Tillman,30,1,0,34.37288446,-98.92426619,40141.0,413.79310344827593,3.333333333333333,29,27,1,0,26,26,7348,3,0,0,3,1
2020-07-16,US,Oklahoma,Tulsa,5790,81,0,36.11939621,-95.94013939,40143.0,888.6474141741562,1.3989637305699485,5709,5626,79,0,5547,5448,648360,164,2,0,162,178
2020-07-16,US,Oklahoma,Wagoner,434,19,0,35.96024096,-95.51911308,40145.0,533.8975753176936,4.377880184331797,415,410,19,0,391,400,80110,24,0,0,24,10
2020-07-16,US,Oklahoma,Washington,479,39,0,36.71380786,-95.90514104,40147.0,929.609719176354,8.1419624217119,440,474,39,0,435,465,51843,5,0,0,5,9
2020-07-16,US,Oklahoma,Washita,12,0,0,35.29071824,-98.99180434,40149.0,109.93037742762917,0.0,12,12,0,0,12,10,11127,0,0,0,0,2
2020-07-16,US,Oklahoma,Woods,11,0,0,36.76705782,-98.86573064,40151.0,125.09951097463892,0.0,11,11,0,0,11,11,8897,0,0,0,0,0
2020-07-16,US,Oklahoma,Woodward,16,0,0,36.42316318,-99.26283045,40153.0,79.16481124140321,0.0,16,15,0,0,15,15,20222,1,0,0,1,0
2020-07-16,US,Oregon,Baker,13,0,0,44.70915557,-117.6749883,41001.0,80.62515504837509,0.0,13,13,0,0,13,12,16006,0,0,0,0,1
2020-07-16,US,Oregon,Benton,122,6,0,44.49167306,-123.4316987,41003.0,131.10807819199812,4.918032786885246,116,117,6,0,111,116,92101,5,0,0,5,1
2020-07-16,US,Oregon,Clackamas,1079,29,0,45.18787398,-122.2179634,41005.0,258.01854194415415,2.687673772011121,1050,1051,29,0,1022,1027,416075,28,0,0,28,24
2020-07-16,US,Oregon,Clatsop,58,0,0,45.99712889,-123.660711,41007.0,144.1925218774861,0.0,58,56,0,0,56,56,39764,2,0,0,2,0
2020-07-16,US,Oregon,Columbia,59,0,0,45.94464254,-123.08908980000001,41009.0,112.69435000191008,0.0,59,59,0,0,59,57,52377,0,0,0,0,2
2020-07-16,US,Oregon,Coos,60,0,0,43.17406868,-124.0594514,41011.0,93.04200846682276,0.0,60,58,0,0,58,55,64389,2,0,0,2,3
2020-07-16,US,Oregon,Crook,20,1,0,44.14230227,-120.356297,41013.0,81.95377806916899,5.0,19,20,1,0,19,19,23867,0,0,0,0,1
2020-07-16,US,Oregon,Curry,9,0,0,42.45911325,-124.15728200000001,41015.0,39.25845147219193,0.0,9,9,0,0,9,9,22813,0,0,0,0,0
2020-07-16,US,Oregon,Deschutes,316,1,0,43.91570171,-121.2289121,41017.0,159.8446067620339,0.3164556962025317,315,288,1,0,287,276,191996,28,0,0,28,12
2020-07-16,US,Oregon,Douglas,74,1,0,43.27941273,-123.16729099999999,41019.0,66.67868084339521,1.351351351351351,73,70,1,0,69,66,110283,4,0,0,4,4
2020-07-16,US,Oregon,Gilliam,2,0,0,45.37160076,-120.20488689999999,41021.0,104.60251046025104,0.0,2,2,0,0,2,2,1894,0,0,0,0,0
2020-07-16,US,Oregon,Grant,1,0,0,44.49024544,-119.0068631,41023.0,13.890818169190164,0.0,1,1,0,0,1,1,7176,0,0,0,0,0
2020-07-16,US,Oregon,Harney,2,0,0,43.06422669,-118.96663059999999,41025.0,27.052617340727714,0.0,2,2,0,0,2,2,7329,0,0,0,0,0
2020-07-16,US,Oregon,Hood River,114,0,0,45.51872811,-121.65520359999998,41027.0,487.55452912496804,0.0,114,109,0,0,109,109,23428,5,0,0,5,0
2020-07-16,US,Oregon,Jackson,203,0,0,42.43201126,-122.72893090000001,41029.0,91.87848504598448,0.0,203,196,0,0,196,187,219564,7,0,0,7,9
2020-07-16,US,Oregon,Jefferson,177,0,0,44.62806839,-121.17832,41031.0,717.8197745153702,0.0,177,171,0,0,171,169,24192,6,0,0,6,2
2020-07-16,US,Oregon,Josephine,65,1,0,42.3665549,-123.5561938,41033.0,74.29675266039527,1.5384615384615383,64,65,1,0,64,64,87393,0,0,0,0,1
2020-07-16,US,Oregon,Klamath,144,1,0,42.68762984,-121.64964609999998,41035.0,211.0261144816671,0.6944444444444444,143,141,1,0,140,140,67653,3,0,0,3,1
2020-07-16,US,Oregon,Lake,24,0,0,42.79246693,-120.38501629999999,41037.0,304.99428135722457,0.0,24,24,0,0,24,24,7879,0,0,0,0,0
2020-07-16,US,Oregon,Lane,336,3,0,43.93727035,-122.847753,41039.0,87.94269067990696,0.8928571428571429,333,324,3,0,321,317,379611,12,0,0,12,7
2020-07-16,US,Oregon,Lincoln,364,7,0,44.64252874,-123.86991200000001,41041.0,728.5537008126175,1.9230769230769231,357,362,7,0,355,360,49388,2,0,0,2,2
2020-07-16,US,Oregon,Linn,190,10,0,44.48899494,-122.53731540000001,41043.0,146.43658139947132,5.2631578947368425,180,186,10,0,176,184,127335,4,0,0,4,2
2020-07-16,US,Oregon,Malheur,465,5,0,43.1937027,-117.62273950000001,41045.0,1521.0493605050538,1.075268817204301,460,449,3,0,446,434,30725,16,2,0,14,15
2020-07-16,US,Oregon,Marion,2028,56,0,44.90287942,-122.58151170000001,41047.0,583.0635562276823,2.7613412228796843,1972,1975,56,0,1919,1939,346868,53,0,0,53,36
2020-07-16,US,Oregon,Morrow,173,1,0,45.41846568,-119.584546,41049.0,1490.9937085236575,0.5780346820809249,172,165,1,0,164,161,11372,8,0,0,8,4
2020-07-16,US,Oregon,Multnomah,3199,73,0,45.54747959,-122.4169351,41051.0,393.5511253544605,2.28196311347296,3126,3095,73,0,3022,3038,811880,104,0,0,104,57
2020-07-16,US,Oregon,Polk,191,12,0,44.90322804,-123.4128888,41053.0,221.8737294534472,6.282722513089006,179,184,12,0,172,180,85234,7,0,0,7,4
2020-07-16,US,Oregon,Sherman,5,0,0,45.41501554,-120.6827834,41055.0,280.8988764044944,0.0,5,5,0,0,5,5,1708,0,0,0,0,0
2020-07-16,US,Oregon,Tillamook,22,0,0,45.46248721,-123.712066,41057.0,81.3729841692558,0.0,22,20,0,0,20,19,26787,2,0,0,2,1
2020-07-16,US,Oregon,Umatilla,1189,8,0,45.59073056,-118.7353826,41059.0,1525.3367543296986,0.6728343145500421,1181,1141,8,0,1133,1115,77516,48,0,0,48,26
2020-07-16,US,Oregon,Union,377,2,0,45.30915495,-118.0068979,41061.0,1404.8816843674304,0.5305039787798409,375,376,2,0,374,372,26461,1,0,0,1,4
2020-07-16,US,Oregon,Wallowa,15,0,0,45.57894064,-117.18353799999998,41063.0,208.10210876803555,0.0,15,15,0,0,15,15,7081,0,0,0,0,0
2020-07-16,US,Oregon,Wasco,123,2,0,45.16292781,-121.16709540000001,41065.0,460.9849336631437,1.6260162601626016,121,121,2,0,119,119,26505,2,0,0,2,2
2020-07-16,US,Oregon,Washington,2070,21,0,45.55972701,-123.0955257,41067.0,344.08702243380895,1.0144927536231885,2049,1994,21,0,1973,1945,597695,76,0,0,76,49
2020-07-16,US,Oregon,Yamhill,220,9,0,45.23330449,-123.3086963,41071.0,205.4154995331466,4.090909090909091,211,217,9,0,208,211,107002,3,0,0,3,6
2020-07-16,US,Pennsylvania,Adams,409,14,0,39.87140411,-77.21610347,42001.0,397.05268471686935,3.4229828850855744,395,399,14,0,385,399,102811,10,0,0,10,0
2020-07-16,US,Pennsylvania,Allegheny,5750,201,0,40.46809875,-79.98167747,42003.0,472.8443437537262,3.4956521739130437,5549,5610,201,0,5409,5364,1218452,140,0,0,140,246
2020-07-16,US,Pennsylvania,Armstrong,96,6,0,40.81665618,-79.46290811,42005.0,148.29690275739554,6.25,90,94,6,0,88,88,65263,2,0,0,2,6
2020-07-16,US,Pennsylvania,Beaver,893,80,0,40.6825484,-80.34921611,42007.0,544.7480311598314,8.958566629339305,813,884,79,0,805,870,164742,9,1,0,8,14
2020-07-16,US,Pennsylvania,Bedford,95,4,0,40.00522157,-78.48998442,42009.0,198.37955228867358,4.2105263157894735,91,94,4,0,90,93,48176,1,0,0,1,1
2020-07-16,US,Pennsylvania,Berks,4763,360,0,40.41570541,-75.92457766,42011.0,1130.9133734127327,7.558261599832039,4403,4744,359,0,4385,4710,420152,19,1,0,18,34
2020-07-16,US,Pennsylvania,Blair,118,1,0,40.47961444,-78.34917412,42013.0,96.85707015571005,0.8474576271186439,117,113,1,0,112,107,122492,5,0,0,5,6
2020-07-16,US,Pennsylvania,Bradford,61,3,0,41.78869215,-76.51570822,42015.0,101.12229166321305,4.918032786885246,58,61,3,0,58,59,60833,0,0,0,0,2
2020-07-16,US,Pennsylvania,Bucks,6228,572,0,40.33682119,-75.10836643,42017.0,991.2935521352284,9.184328837508028,5656,6189,572,0,5617,6137,628195,39,0,0,39,52
2020-07-16,US,Pennsylvania,Butler,456,13,0,40.91152759,-79.91351055,42019.0,242.74299585314048,2.8508771929824563,443,444,13,0,431,444,187888,12,0,0,12,0
2020-07-16,US,Pennsylvania,Cambria,153,3,0,40.49527404,-78.71377428,42021.0,117.51874155094015,1.96078431372549,150,143,3,0,140,137,131730,10,0,0,10,6
2020-07-16,US,Pennsylvania,Cameron,5,0,0,41.43625568,-78.20376845,42023.0,112.4353496739375,0.0,5,5,0,0,5,4,4492,0,0,0,0,1
2020-07-16,US,Pennsylvania,Carbon,309,28,0,40.91545395,-75.7068525,42025.0,481.4433953444892,9.06148867313916,281,306,27,0,279,301,64227,3,1,0,2,5
2020-07-16,US,Pennsylvania,Centre,262,9,0,40.92058903,-77.82200624,42027.0,161.34495181205162,3.435114503816794,253,262,8,0,254,253,162805,0,1,0,-1,9
2020-07-16,US,Pennsylvania,Chester,4129,335,0,39.97291773,-75.74768357,42029.0,786.4926693702153,8.113344635504966,3794,4108,334,0,3774,4053,522046,21,1,0,20,55
2020-07-16,US,Pennsylvania,Clarion,67,2,0,41.19265812,-79.42413524,42031.0,174.30667568551954,2.985074626865672,65,66,2,0,64,66,38779,1,0,0,1,0
2020-07-16,US,Pennsylvania,Clearfield,96,0,0,41.00110782,-78.47592663,42033.0,121.1280045423002,0.0,96,96,0,0,96,95,79388,0,0,0,0,1
2020-07-16,US,Pennsylvania,Clinton,100,5,0,41.23255967,-77.63785995,42035.0,258.85276454752534,5.0,95,100,5,0,95,96,38684,0,0,0,0,4
2020-07-16,US,Pennsylvania,Columbia,427,35,0,41.04821986,-76.40565017,42037.0,657.2871128625085,8.196721311475411,392,424,35,0,389,421,65456,3,0,0,3,3
2020-07-16,US,Pennsylvania,Crawford,104,1,0,41.68447709,-80.10760592,42039.0,122.88931690082596,0.9615384615384616,103,101,1,0,100,80,85063,3,0,0,3,21
2020-07-16,US,Pennsylvania,Cumberland,985,68,0,40.1625372,-77.26130755,42041.0,388.7595216481825,6.903553299492387,917,982,66,0,916,961,251423,3,2,0,1,21
2020-07-16,US,Pennsylvania,Dauphin,2342,150,0,40.41377078,-76.77993242,42043.0,841.5409325940805,6.4047822374039285,2192,2325,149,0,2176,2309,277097,17,1,0,16,16
2020-07-16,US,Pennsylvania,Delaware,7696,669,0,39.91680171,-75.40243663,42045.0,1357.925141200571,8.692827442827443,7027,7651,669,0,6982,7606,564751,45,0,0,45,45
2020-07-16,US,Pennsylvania,Elk,32,0,0,41.42822061,-78.64524744,42047.0,106.98762955533266,0.0,32,31,0,0,31,31,30169,1,0,0,1,0
2020-07-16,US,Pennsylvania,Erie,756,13,0,41.99253829,-80.03301954,42049.0,280.28235852414286,1.7195767195767195,743,747,13,0,734,740,272061,9,0,0,9,7
2020-07-16,US,Pennsylvania,Fayette,223,4,0,39.92041012,-79.64291195,42051.0,172.50181784426877,1.7937219730941705,219,220,4,0,216,213,130441,3,0,0,3,7
2020-07-16,US,Pennsylvania,Forest,7,0,0,41.51095103,-79.23229292,42053.0,96.59169311439214,0.0,7,7,0,0,7,7,7279,0,0,0,0,0
2020-07-16,US,Pennsylvania,Franklin,1033,46,0,39.92956518,-77.72157791,42055.0,666.3355415508266,4.453049370764763,987,1019,46,0,973,1016,154835,14,0,0,14,3
2020-07-16,US,Pennsylvania,Fulton,19,1,0,39.92913544,-78.11163677,42057.0,130.76393668272544,5.2631578947368425,18,19,1,0,18,19,14523,0,0,0,0,0
2020-07-16,US,Pennsylvania,Greene,77,0,0,39.85746531,-80.22357106,42059.0,212.51345458559882,0.0,77,75,0,0,75,72,36506,2,0,0,2,3
2020-07-16,US,Pennsylvania,Huntingdon,263,4,0,40.42162652,-77.97673273,42061.0,582.5801878433457,1.520912547528517,259,263,4,0,259,260,45168,0,0,0,0,3
2020-07-16,US,Pennsylvania,Indiana,174,6,0,40.65241041,-79.08963285,42063.0,206.9629964435669,3.4482758620689653,168,168,6,0,162,169,84501,6,0,0,6,-1
2020-07-16,US,Pennsylvania,Jefferson,41,1,0,41.12913106,-78.9986361,42065.0,94.41565918249857,2.4390243902439024,40,41,1,0,40,41,43641,0,0,0,0,0
2020-07-16,US,Pennsylvania,Juniata,116,6,0,40.53358749,-77.39975129999998,42067.0,468.4408189637766,5.172413793103448,110,116,6,0,110,116,24704,0,0,0,0,0
2020-07-16,US,Pennsylvania,Lackawanna,1777,212,0,41.43564672,-75.60379201,42069.0,847.5061285614813,11.930219471018573,1565,1771,211,0,1560,1770,210793,6,1,0,5,1
2020-07-16,US,Pennsylvania,Lancaster,4951,388,0,40.03904563,-76.24770128,42071.0,907.2351591647059,7.8368006463340745,4563,4906,388,0,4518,4876,543557,45,0,0,45,30
2020-07-16,US,Pennsylvania,Lawrence,209,9,0,40.99206278,-80.33393706,42073.0,244.4101412667228,4.30622009569378,200,207,9,0,198,200,86184,2,0,0,2,7
2020-07-16,US,Pennsylvania,Lebanon,1481,51,0,40.36680311,-76.45651841,42075.0,1044.4803340080257,3.4436191762322754,1430,1476,51,0,1425,1474,141314,5,0,0,5,2
2020-07-16,US,Pennsylvania,Lehigh,4495,330,0,40.6154815,-75.59435245,42077.0,1217.1082914994665,7.341490545050057,4165,4465,330,0,4135,4450,368100,30,0,0,30,15
2020-07-16,US,Pennsylvania,Luzerne,3042,181,0,41.17823008,-75.98447579,42079.0,958.3607683268382,5.950032873109796,2861,3036,181,0,2855,3025,317646,6,0,0,6,11
2020-07-16,US,Pennsylvania,Lycoming,259,20,0,41.34310539,-77.06629984,42081.0,228.5986637128306,7.722007722007723,239,252,20,0,232,249,113664,7,0,0,7,3
2020-07-16,US,Pennsylvania,McKean,20,1,0,41.80938602,-78.56478358,42083.0,49.23076923076921,5.0,19,20,1,0,19,20,40968,0,0,0,0,0
2020-07-16,US,Pennsylvania,Mercer,208,6,0,41.30248872,-80.25816981,42085.0,190.08626992250328,2.8846153846153846,202,203,6,0,197,186,110683,5,0,0,5,17
2020-07-16,US,Pennsylvania,Mifflin,76,1,0,40.61116939,-77.61070738,42087.0,164.72322163942954,1.3157894736842106,75,74,1,0,73,74,46222,2,0,0,2,0
2020-07-16,US,Pennsylvania,Monroe,1487,114,0,41.05934058,-75.34031025,42089.0,873.3137175443851,7.666442501681237,1373,1482,113,0,1369,1474,169507,5,1,0,4,8
2020-07-16,US,Pennsylvania,Montgomery,8999,835,0,40.21053671,-75.36652296,42091.0,1083.0229325502607,9.278808756528504,8164,8972,832,0,8140,8907,828604,27,3,0,24,65
2020-07-16,US,Pennsylvania,Montour,82,2,0,41.03023987,-76.66345939,42093.0,449.80800877674164,2.4390243902439024,80,81,2,0,79,80,18240,1,0,0,1,1
2020-07-16,US,Pennsylvania,Northampton,3601,283,0,40.75182733,-75.30471829,42095.0,1179.5535319455591,7.858928075534574,3318,3582,283,0,3299,3558,304807,19,0,0,19,24
2020-07-16,US,Pennsylvania,Northumberland,355,10,0,40.84785433,-76.70798222,42097.0,390.7841000407296,2.8169014084507036,345,352,10,0,342,351,91083,3,0,0,3,1
2020-07-16,US,Pennsylvania,Perry,96,5,0,40.40206612,-77.26297447,42099.0,207.46887966804985,5.208333333333333,91,96,5,0,91,95,46139,0,0,0,0,1
2020-07-16,US,Pennsylvania,Philadelphia,28024,1664,0,40.00338507,-75.1379271,42101.0,1769.1204395781988,5.937767627747644,26360,27867,1653,0,26214,27723,1584138,157,11,0,146,144
2020-07-16,US,Pennsylvania,Pike,509,21,0,41.33155042,-75.03208106,42103.0,912.039276819151,4.12573673870334,488,508,21,0,487,507,55933,1,0,0,1,1
2020-07-16,US,Pennsylvania,Potter,19,0,0,41.74471626,-77.89559864,42105.0,114.97034975190607,0.0,19,19,0,0,19,18,16622,0,0,0,0,1
2020-07-16,US,Pennsylvania,Schuylkill,792,48,0,40.70497338,-76.2150785,42107.0,560.2756103254834,6.0606060606060606,744,782,48,0,734,779,142067,10,0,0,10,3
2020-07-16,US,Pennsylvania,Snyder,74,2,0,40.77129231,-77.06840691,42109.0,183.2953532150996,2.702702702702702,72,74,2,0,72,74,40540,0,0,0,0,0
2020-07-16,US,Pennsylvania,Somerset,88,1,0,39.97172723,-79.02699593,42111.0,119.81428785382656,1.1363636363636365,87,86,1,0,85,84,73952,2,0,0,2,2
2020-07-16,US,Pennsylvania,Sullivan,10,0,0,41.44634738,-76.51246591,42113.0,164.85328058028355,0.0,10,10,0,0,10,10,6071,0,0,0,0,0
2020-07-16,US,Pennsylvania,Susquehanna,195,26,0,41.82147784,-75.80071959,42115.0,483.53501289426697,13.333333333333336,169,195,26,0,169,195,40589,0,0,0,0,0
2020-07-16,US,Pennsylvania,Tioga,32,2,0,41.77255149,-77.25433032,42117.0,78.83520977556601,6.25,30,31,2,0,29,30,40763,1,0,0,1,1
2020-07-16,US,Pennsylvania,Union,108,2,0,40.96188846,-77.05996014,42119.0,240.4113705674154,1.851851851851852,106,108,2,0,106,105,44785,0,0,0,0,3
2020-07-16,US,Pennsylvania,Venango,49,0,0,41.40323442,-79.75845449,42121.0,96.70798136891136,0.0,49,49,0,0,49,46,51266,0,0,0,0,3
2020-07-16,US,Pennsylvania,Warren,11,1,0,41.81304978,-79.26969577,42123.0,28.06766859738205,9.090909090909092,10,11,1,0,10,10,39498,0,0,0,0,1
2020-07-16,US,Pennsylvania,Washington,518,7,0,40.19208869,-80.24582867,42125.0,250.40485340681118,1.351351351351351,511,494,6,0,488,465,207346,24,1,0,23,29
2020-07-16,US,Pennsylvania,Wayne,144,8,0,41.64938475,-75.29956506,42127.0,280.3683728899359,5.5555555555555545,136,143,8,0,135,141,51276,1,0,0,1,2
2020-07-16,US,Pennsylvania,Westmoreland,1089,40,0,40.31377979999999,-79.46615476,42129.0,312.12471230929293,3.6730945821854912,1049,1054,39,0,1015,1033,350611,35,1,0,34,21
2020-07-16,US,Pennsylvania,Wyoming,48,7,0,41.51955538,-76.01074915,42131.0,179.14458460849445,14.583333333333336,41,48,7,0,41,48,27046,0,0,0,0,0
2020-07-16,US,Pennsylvania,York,1942,67,0,39.9210089,-76.73040131,42133.0,432.4608402478077,3.45005149330587,1875,1908,66,0,1842,1872,448273,34,1,0,33,36
2020-07-16,US,Rhode Island,Bristol,283,0,0,41.71018079,-71.28652315,44001.0,583.7579157985932,0.0,283,283,0,0,283,256,48649,0,0,0,0,27
2020-07-16,US,Rhode Island,Kent,1316,0,0,41.67106337,-71.57641596,44003.0,801.0128308134297,0.0,1316,1316,0,0,1316,1234,163861,0,0,0,0,82
2020-07-16,US,Rhode Island,Newport,365,0,0,41.5642026,-71.26569799,44005.0,444.6772739455666,0.0,365,365,0,0,365,331,82542,0,0,0,0,34
2020-07-16,US,Rhode Island,Providence,13674,0,0,41.87064746,-71.57753536,44007.0,2140.1371979133896,0.0,13674,13674,0,0,13674,13144,636084,0,0,0,0,530
2020-07-16,US,Rhode Island,Unassigned,1509,988,0,0.0,0.0,90044.0,0.0,65.47382372432075,521,1438,987,0,451,2085,,71,1,0,70,-647
2020-07-16,US,Rhode Island,Washington,564,0,0,41.45961631,-71.61435303,44009.0,449.1268305501804,0.0,564,564,0,0,564,538,126179,0,0,0,0,26
2020-07-16,US,South Carolina,Abbeville,170,2,0,34.22333378,-82.46170658,45001.0,693.1137114200677,1.1764705882352942,168,165,1,0,164,162,24541,5,1,0,4,3
2020-07-16,US,South Carolina,Aiken,903,13,0,33.54338026,-81.63645384,45003.0,528.4657521419542,1.4396456256921373,890,873,13,0,860,800,169401,30,0,0,30,73
2020-07-16,US,South Carolina,Allendale,101,3,0,32.98837386,-81.35321066,45005.0,1162.5230202578266,2.9702970297029703,98,92,3,0,89,92,8903,9,0,0,9,0
2020-07-16,US,South Carolina,Anderson,1247,21,0,34.51828081,-82.63959517,45007.0,615.626141648318,1.6840417000801924,1226,1177,20,0,1157,1134,200482,70,1,0,69,43
2020-07-16,US,South Carolina,Bamberg,240,3,0,33.21927586,-81.05659969,45009.0,1706.2420019906156,1.25,237,223,3,0,220,206,14275,17,0,0,17,17
2020-07-16,US,South Carolina,Barnwell,169,1,0,33.26679302,-81.43584352,45011.0,809.9300297134092,0.591715976331361,168,156,1,0,155,153,21112,13,0,0,13,3
2020-07-16,US,South Carolina,Beaufort,2285,26,0,32.39226291,-80.72619758,45013.0,1189.34843484869,1.1378555798687089,2259,2176,23,0,2153,2098,188715,109,3,0,106,78
2020-07-16,US,South Carolina,Berkeley,2618,31,0,33.20222596,-79.94654523,45015.0,1148.7141684985545,1.184110007639419,2587,2512,28,0,2484,2450,221091,106,3,0,103,62
2020-07-16,US,South Carolina,Calhoun,188,2,0,33.66926881,-80.77722168,45017.0,1291.8298632584347,1.0638297872340423,186,176,2,0,174,170,14520,12,0,0,12,6
2020-07-16,US,South Carolina,Charleston,8677,81,0,32.82487866,-79.96512315,45019.0,2109.108763605781,0.9335023625677076,8596,8466,69,0,8397,8250,405905,211,12,0,199,216
2020-07-16,US,South Carolina,Cherokee,295,9,0,35.05122251,-81.61828622,45021.0,514.8342059336824,3.0508474576271185,286,283,9,0,274,269,57078,12,0,0,12,14
2020-07-16,US,South Carolina,Chester,322,5,0,34.69249168,-81.1583216,45023.0,998.6354050365961,1.5527950310559009,317,307,4,0,303,301,32251,15,1,0,14,6
2020-07-16,US,South Carolina,Chesterfield,486,16,0,34.64137396,-80.15640140000002,45025.0,1064.6221248630886,3.2921810699588483,470,476,15,0,461,468,45754,10,1,0,9,8
2020-07-16,US,South Carolina,Clarendon,530,47,0,33.66610974,-80.21647898,45027.0,1570.6030523040451,8.867924528301886,483,521,47,0,474,500,33700,9,0,0,9,21
2020-07-16,US,South Carolina,Colleton,533,26,0,32.87582989,-80.67641292,45029.0,1414.656156275712,4.878048780487805,507,520,23,0,497,508,37660,13,3,0,10,12
2020-07-16,US,South Carolina,Darlington,628,18,0,34.33358335,-79.96027485,45031.0,942.6881623585216,2.8662420382165603,610,610,17,0,593,590,66802,18,1,0,17,20
2020-07-16,US,South Carolina,Dillon,416,16,0,34.39007791,-79.37741872,45033.0,1364.874175661931,3.8461538461538463,400,407,14,0,393,402,30599,9,2,0,7,5
2020-07-16,US,South Carolina,Dorchester,1770,8,0,33.0794369,-80.40502652,45035.0,1087.1634860480683,0.4519774011299435,1762,1714,8,0,1706,1669,160647,56,0,0,56,45
2020-07-16,US,South Carolina,Edgefield,146,4,0,33.77221995,-81.96231108,45037.0,535.5832721936904,2.7397260273972597,142,142,4,0,138,136,27052,4,0,0,4,6
2020-07-16,US,South Carolina,Fairfield,413,22,0,34.39287073,-81.1195624,45039.0,1848.1227905311675,5.326876513317192,391,385,22,0,363,382,22402,28,0,0,28,3
2020-07-16,US,South Carolina,Florence,1818,60,0,34.02361754,-79.70189312,45041.0,1314.6001605287324,3.3003300330033003,1758,1756,59,0,1697,1728,138159,62,1,0,61,28
2020-07-16,US,South Carolina,Georgetown,911,10,0,33.43443342,-79.33202141,45043.0,1453.4141671984687,1.0976948408342482,901,914,9,0,905,830,62249,-3,1,0,-4,84
2020-07-16,US,South Carolina,Greenville,7856,123,0,34.89502264,-82.37295012,45045.0,1500.5481890660155,1.5656822810590632,7733,7633,107,0,7526,7464,514213,223,16,0,207,169
2020-07-16,US,South Carolina,Greenwood,885,9,0,34.15272415,-82.12715789,45047.0,1249.8058211294854,1.0169491525423728,876,867,7,0,860,845,70741,18,2,0,16,22
2020-07-16,US,South Carolina,Hampton,133,3,0,32.77419582,-81.13845571,45049.0,691.9155134741443,2.255639097744361,130,122,3,0,119,120,19351,11,0,0,11,2
2020-07-16,US,South Carolina,Horry,6388,79,0,33.9212828,-78.99555293,45051.0,1804.1069698741248,1.2366938008766435,6309,6243,75,0,6168,6055,344147,145,4,0,141,188
2020-07-16,US,South Carolina,Jasper,308,3,0,32.43171982,-81.02487495,45053.0,1024.1745086955077,0.9740259740259741,305,291,3,0,288,277,28971,17,0,0,17,14
2020-07-16,US,South Carolina,Kershaw,915,18,0,34.33988254,-80.58763164,45055.0,1374.885426214482,1.9672131147540983,897,906,17,0,889,892,65592,9,1,0,8,14
2020-07-16,US,South Carolina,Lancaster,707,18,0,34.68270843,-80.70513032,45057.0,721.3402440517488,2.545968882602546,689,684,17,0,667,672,95380,23,1,0,22,12
2020-07-16,US,South Carolina,Laurens,836,14,0,34.48244419,-82.00490796,45059.0,1238.6469707969713,1.6746411483253592,822,820,14,0,806,789,66994,16,0,0,16,31
2020-07-16,US,South Carolina,Lee,362,23,0,34.16393091,-80.25690731,45061.0,2151.1766104112194,6.3535911602209945,339,356,23,0,333,350,17142,6,0,0,6,6
2020-07-16,US,South Carolina,Lexington,3252,69,0,33.89665987,-81.27146426,45063.0,1088.5355648535565,2.1217712177121766,3183,3222,64,0,3158,3151,295032,30,5,0,25,71
2020-07-16,US,South Carolina,Marion,349,10,0,34.07859748,-79.36400756,45067.0,1138.4023224712134,2.8653295128939833,339,344,10,0,334,339,31039,5,0,0,5,5
2020-07-16,US,South Carolina,Marlboro,345,4,0,34.59905577,-79.67561152,45069.0,1320.9280955662762,1.1594202898550725,341,345,4,0,341,341,26398,0,0,0,0,4
2020-07-16,US,South Carolina,McCormick,65,2,0,33.90161443,-82.30794338,45065.0,686.8857656134418,3.0769230769230766,63,56,2,0,54,51,9410,9,0,0,9,5
2020-07-16,US,South Carolina,Newberry,482,4,0,34.28629098,-81.59935761,45071.0,1253.9021852237254,0.8298755186721992,478,462,4,0,458,446,38520,20,0,0,20,16
2020-07-16,US,South Carolina,Oconee,492,2,0,34.75225169,-83.06742317,45073.0,618.510044502552,0.4065040650406504,490,475,2,0,473,460,78374,17,0,0,17,15
2020-07-16,US,South Carolina,Orangeburg,1383,30,0,33.4391073,-80.79886287,45075.0,1604.8738033072234,2.169197396963124,1353,1301,26,0,1275,1271,86934,82,4,0,78,30
2020-07-16,US,South Carolina,Pickens,1282,10,0,34.88807695,-82.72791551,45077.0,1010.3716780681567,0.7800312012480499,1272,1254,8,0,1246,1227,124937,28,2,0,26,27
2020-07-16,US,South Carolina,Richland,5550,102,0,34.01791263,-80.90267209,45079.0,1334.9079635077053,1.8378378378378382,5448,5413,99,0,5314,5229,414576,137,3,0,134,184
2020-07-16,US,South Carolina,Saluda,307,3,0,34.00795823,-81.72713237,45081.0,1499.5359742099356,0.977198697068404,304,303,2,0,301,300,20544,4,1,0,3,3
2020-07-16,US,South Carolina,Spartanburg,2826,59,0,34.92960077,-81.99225984,45083.0,883.7187485341715,2.0877565463552723,2767,2745,57,0,2688,2648,313888,81,2,0,79,97
2020-07-16,US,South Carolina,Sumter,1610,31,0,33.91826534,-80.37942316,45085.0,1508.6065535367925,1.9254658385093169,1579,1582,31,0,1551,1489,106512,28,0,0,28,93
2020-07-16,US,South Carolina,Union,183,0,0,34.68835752,-81.61730349,45087.0,669.9370332405916,0.0,183,170,0,0,170,163,27410,13,0,0,13,7
2020-07-16,US,South Carolina,Williamsburg,563,17,0,33.62190129,-79.72767442,45089.0,1853.9251844046369,3.019538188277087,546,538,16,0,522,523,30606,25,1,0,24,15
2020-07-16,US,South Carolina,York,2138,13,0,34.97281497,-81.18085944,45091.0,760.9109577584088,0.608044901777362,2125,2062,13,0,2049,1989,274118,76,0,0,76,73
2020-07-16,US,South Dakota,Aurora,35,0,0,43.71757685,-98.56050467,46003.0,1272.264631043257,0.0,35,34,0,0,34,34,2801,1,0,0,1,0
2020-07-16,US,South Dakota,Beadle,558,8,0,44.41464384,-98.27858469,46005.0,3023.8985530808,1.4336917562724014,550,557,8,0,549,553,18883,1,0,0,1,4
2020-07-16,US,South Dakota,Bennett,4,0,0,43.19486375,-101.6665572,46007.0,118.87072808320951,0.0,4,4,0,0,4,4,3468,0,0,0,0,0
2020-07-16,US,South Dakota,Bon Homme,13,0,0,42.98914167,-97.88592746,46009.0,188.37849587016373,0.0,13,13,0,0,13,13,6980,0,0,0,0,0
2020-07-16,US,South Dakota,Brookings,97,0,0,44.36974375,-96.79079945,46011.0,276.53448128403227,0.0,97,96,0,0,96,95,35232,1,0,0,1,1
2020-07-16,US,South Dakota,Brown,363,2,0,45.58994323,-98.35165355,46013.0,934.6275650763408,0.5509641873278237,361,362,2,0,360,361,39316,1,0,0,1,1
2020-07-16,US,South Dakota,Brule,34,0,0,43.71756379,-99.08118954,46015.0,641.872758164999,0.0,34,34,0,0,34,34,5229,0,0,0,0,0
2020-07-16,US,South Dakota,Buffalo,89,3,0,44.07657829,-99.20814467,46017.0,4536.1875637104995,3.3707865168539324,86,86,3,0,83,86,2036,3,0,0,3,0
2020-07-16,US,South Dakota,Butte,3,1,0,44.90608745,-103.5079318,46019.0,28.765941125707158,33.333333333333336,2,3,1,0,2,3,10222,0,0,0,0,0
2020-07-16,US,South Dakota,Campbell,1,0,0,45.77074915,-100.0510181,46021.0,72.67441860465118,0.0,1,1,0,0,1,1,1377,0,0,0,0,0
2020-07-16,US,South Dakota,Charles Mix,98,0,0,43.20660134,-98.58856175,46023.0,1054.6706844597504,0.0,98,98,0,0,98,97,9338,0,0,0,0,1
2020-07-16,US,South Dakota,Clark,16,0,0,44.85834507,-97.72925109,46025.0,428.2655246252677,0.0,16,16,0,0,16,15,3739,0,0,0,0,1
2020-07-16,US,South Dakota,Clay,94,0,0,42.91296147,-96.97656917,46027.0,668.0881307746979,0.0,94,94,0,0,94,94,14041,0,0,0,0,0
2020-07-16,US,South Dakota,Codington,96,0,0,44.97788119,-97.18827677,46029.0,342.7469741868685,0.0,96,96,0,0,96,93,28015,0,0,0,0,3
2020-07-16,US,South Dakota,Corson,22,0,0,45.70889983,-101.1970473,46031.0,538.4238864415075,0.0,22,22,0,0,22,20,4165,0,0,0,0,2
2020-07-16,US,South Dakota,Custer,11,0,0,43.67741105,-103.45345209999999,46033.0,122.60365581810076,0.0,11,11,0,0,11,11,8726,0,0,0,0,0
2020-07-16,US,South Dakota,Davison,57,0,0,43.67490933,-98.14458906,46035.0,288.2427307206068,0.0,57,57,0,0,57,57,19790,0,0,0,0,0
2020-07-16,US,South Dakota,Day,19,0,0,45.367281,-97.60737498,46037.0,350.29498525073745,0.0,19,19,0,0,19,19,5505,0,0,0,0,0
2020-07-16,US,South Dakota,Deuel,5,0,0,44.75994309,-96.66943645,46039.0,114.91611123879568,0.0,5,5,0,0,5,5,4337,0,0,0,0,0
2020-07-16,US,South Dakota,Dewey,40,0,0,45.15639647,-100.8709139,46041.0,678.8866259334692,0.0,40,38,0,0,38,37,5904,2,0,0,2,1
2020-07-16,US,South Dakota,Douglas,10,0,0,43.38520741,-98.36978007,46043.0,342.3485107839781,0.0,10,10,0,0,10,10,2935,0,0,0,0,0
2020-07-16,US,South Dakota,Edmunds,9,0,0,45.41846445,-99.21545423,46045.0,235.04831548707241,0.0,9,9,0,0,9,9,3875,0,0,0,0,0
2020-07-16,US,South Dakota,Fall River,14,0,0,43.23929297,-103.5275691,46047.0,208.5505735140772,0.0,14,13,0,0,13,13,6758,1,0,0,1,0
2020-07-16,US,South Dakota,Faulk,24,1,0,45.07082625,-99.14535601,46049.0,1043.9321444106133,4.166666666666667,23,24,1,0,23,24,2330,0,0,0,0,0
2020-07-16,US,South Dakota,Grant,18,0,0,45.1723937,-96.77002276,46051.0,255.24673851389682,0.0,18,18,0,0,18,18,7147,0,0,0,0,0
2020-07-16,US,South Dakota,Gregory,6,0,0,43.19419064,-99.18883902,46053.0,143.36917562724008,0.0,6,6,0,0,6,6,4212,0,0,0,0,0
2020-07-16,US,South Dakota,Haakon,1,0,0,44.29299053,-101.539099,46055.0,52.6592943654555,0.0,1,1,0,0,1,1,1918,0,0,0,0,0
2020-07-16,US,South Dakota,Hamlin,13,0,0,44.67385954,-97.18829593,46057.0,210.90201168072682,0.0,13,13,0,0,13,13,6111,0,0,0,0,0
2020-07-16,US,South Dakota,Hand,7,0,0,44.54708407,-99.00386459,46059.0,219.36696960200558,0.0,7,7,0,0,7,7,3262,0,0,0,0,0
2020-07-16,US,South Dakota,Hanson,14,0,0,43.6746384,-97.78715148,46061.0,405.4445409788591,0.0,14,14,0,0,14,14,3376,0,0,0,0,0
2020-07-16,US,South Dakota,Hughes,75,2,0,44.39091534,-99.99661148,46065.0,427.9356384799726,2.6666666666666665,73,73,2,0,71,72,17650,2,0,0,2,1
2020-07-16,US,South Dakota,Hutchinson,18,0,0,43.33449012,-97.75536441,46067.0,246.8797147167741,0.0,18,18,0,0,18,18,7380,0,0,0,0,0
2020-07-16,US,South Dakota,Hyde,3,0,0,44.54747703,-99.48572582,46069.0,230.59185242121444,0.0,3,3,0,0,3,3,1282,0,0,0,0,0
2020-07-16,US,South Dakota,Jackson,7,1,0,43.69318385,-101.6255063,46071.0,209.33014354066987,14.285714285714285,6,7,1,0,6,7,3307,0,0,0,0,0
2020-07-16,US,South Dakota,Jerauld,39,1,0,44.06637798,-98.62965972,46073.0,1937.4068554396426,2.5641025641025643,38,39,1,0,38,39,2043,0,0,0,0,0
2020-07-16,US,South Dakota,Jones,1,0,0,43.96278565,-100.6940008,46075.0,110.74197120708747,0.0,1,1,0,0,1,1,928,0,0,0,0,0
2020-07-16,US,South Dakota,Kingsbury,8,0,0,44.36956169,-97.4913945,46077.0,161.97610852399268,0.0,8,8,0,0,8,8,4919,0,0,0,0,0
2020-07-16,US,South Dakota,Lake,43,1,0,44.02193107,-97.12926365,46079.0,336.0162538094866,2.3255813953488373,42,41,1,0,40,37,13057,2,0,0,2,4
2020-07-16,US,South Dakota,Lawrence,21,0,0,44.35919441,-103.79294279999999,46081.0,81.25677139761645,0.0,21,21,0,0,21,21,25741,0,0,0,0,0
2020-07-16,US,South Dakota,Lincoln,405,1,0,43.27841182,-96.72039050000001,46083.0,662.5441696113072,0.2469135802469136,404,404,1,0,403,400,58807,1,0,0,1,4
2020-07-16,US,South Dakota,Lyman,82,1,0,43.89522709,-99.85201878,46085.0,2168.7384289870406,1.2195121951219512,81,82,1,0,81,82,3821,0,0,0,0,0
2020-07-16,US,South Dakota,Marshall,5,0,0,45.75870838,-97.59855639,46091.0,101.31712259371834,0.0,5,5,0,0,5,5,5112,0,0,0,0,0
2020-07-16,US,South Dakota,McCook,19,1,0,43.6742571,-97.36863144,46087.0,340.13605442176873,5.2631578947368425,18,19,1,0,18,17,5546,0,0,0,0,2
2020-07-16,US,South Dakota,McPherson,6,0,0,45.76626028,-99.22118798,46089.0,252.20680958385879,0.0,6,6,0,0,6,6,2407,0,0,0,0,0
2020-07-16,US,South Dakota,Meade,58,1,0,44.56676791,-102.71627409999999,46093.0,204.7155160242835,1.7241379310344829,57,54,1,0,53,54,28294,4,0,0,4,0
2020-07-16,US,South Dakota,Mellette,12,0,0,43.58078848,-100.7563186,46095.0,582.2416302765647,0.0,12,10,0,0,10,9,2042,2,0,0,2,1
2020-07-16,US,South Dakota,Miner,10,0,0,44.02197882,-97.60992207,46097.0,451.2635379061372,0.0,10,10,0,0,10,10,2213,0,0,0,0,0
2020-07-16,US,South Dakota,Minnehaha,3802,61,0,43.67441641,-96.7910885,46099.0,1968.5813994428736,1.604418726985797,3741,3796,60,0,3736,3778,192876,6,1,0,5,18
2020-07-16,US,South Dakota,Moody,24,0,0,44.02266214,-96.67081159,46101.0,364.963503649635,0.0,24,24,0,0,24,23,6579,0,0,0,0,1
2020-07-16,US,South Dakota,Oglala Lakota,122,1,0,43.33749164,-102.55554980000001,46102.0,860.5487761867813,0.819672131147541,121,118,0,0,118,111,14309,4,1,0,3,7
2020-07-16,US,South Dakota,Pennington,679,22,0,44.0025835,-102.8240777,46103.0,596.7919138650848,3.240058910162003,657,674,22,0,652,649,111729,5,0,0,5,25
2020-07-16,US,South Dakota,Perkins,3,0,0,45.49049506,-102.47555859999999,46105.0,104.71204188481676,0.0,3,1,0,0,1,1,2922,2,0,0,2,0
2020-07-16,US,South Dakota,Roberts,59,0,0,45.62975048,-96.94672673,46109.0,567.6351741389262,0.0,59,59,0,0,59,58,10447,0,0,0,0,1
2020-07-16,US,South Dakota,Sanborn,12,0,0,44.02351092,-98.09098159999999,46111.0,511.9453924914676,0.0,12,12,0,0,12,12,2429,0,0,0,0,0
2020-07-16,US,South Dakota,Spink,16,0,0,44.93837606,-98.34626602,46115.0,250.94102885821832,0.0,16,14,0,0,14,14,6495,2,0,0,2,0
2020-07-16,US,South Dakota,Stanley,14,0,0,44.41381872,-100.7349153,46117.0,451.9044544867656,0.0,14,14,0,0,14,14,3022,0,0,0,0,0
2020-07-16,US,South Dakota,Sully,1,0,0,44.71571812,-100.1278092,46119.0,71.89072609633357,0.0,1,1,0,0,1,1,1392,0,0,0,0,0
2020-07-16,US,South Dakota,Todd,65,3,0,43.19338568,-100.71955030000001,46121.0,638.6950967868722,4.615384615384615,62,65,2,0,63,64,10283,0,1,0,-1,1
2020-07-16,US,South Dakota,Tripp,19,0,0,43.34459388,-99.8854891,46123.0,349.2005146112847,0.0,19,19,0,0,19,19,5478,0,0,0,0,0
2020-07-16,US,South Dakota,Turner,30,0,0,43.3109081,-97.14865776,46125.0,357.82442748091614,0.0,30,30,0,0,30,29,8424,0,0,0,0,1
2020-07-16,US,South Dakota,Union,157,2,0,42.83112163,-96.6557828,46127.0,985.4381119758976,1.2738853503184713,155,156,1,0,155,156,15619,1,1,0,0,0
2020-07-16,US,South Dakota,Walworth,17,0,0,45.43019636,-100.03075140000001,46129.0,312.78748850046003,0.0,17,16,0,0,16,16,5587,1,0,0,1,0
2020-07-16,US,South Dakota,Yankton,88,2,0,43.00924485,-97.39467635,46135.0,385.7280617164899,2.272727272727273,86,88,2,0,86,88,22869,0,0,0,0,0
2020-07-16,US,South Dakota,Ziebach,3,0,0,44.97881876,-101.6654622,46137.0,108.8534107402032,0.0,3,3,0,0,3,3,2742,0,0,0,0,0
2020-07-16,US,Tennessee,Anderson,252,2,0,36.12684348,-84.19965764,47001.0,327.3662604900101,0.7936507936507936,250,236,2,0,234,219,76482,16,0,0,16,17
2020-07-16,US,Tennessee,Bedford,654,10,0,35.51123746,-86.45549096,47003.0,1315.5512642568342,1.529051987767584,644,646,10,0,636,635,49038,8,0,0,8,11
2020-07-16,US,Tennessee,Benton,26,1,0,36.07110411,-88.06849355,47005.0,160.8910891089109,3.8461538461538463,25,24,1,0,23,17,16184,2,0,0,2,7
2020-07-16,US,Tennessee,Bledsoe,636,1,0,35.59942968,-85.20611967,47007.0,4221.986192246415,0.15723270440251572,635,634,1,0,633,634,14755,2,0,0,2,0
2020-07-16,US,Tennessee,Blount,416,4,0,35.68938198,-83.92847788,47009.0,312.57513825438815,0.9615384615384616,412,381,3,0,378,358,131349,35,1,0,34,23
2020-07-16,US,Tennessee,Bradley,1114,6,0,35.15739424,-84.857186,47011.0,1030.4319674405697,0.5385996409335727,1108,1096,6,0,1090,1061,106727,18,0,0,18,35
2020-07-16,US,Tennessee,Campbell,79,1,0,36.40355516,-84.15108559999999,47013.0,198.28321871391998,1.2658227848101269,78,77,1,0,76,75,39583,2,0,0,2,2
2020-07-16,US,Tennessee,Cannon,66,0,0,35.80990797,-86.05738983,47015.0,449.6525412181496,0.0,66,65,0,0,65,60,14462,1,0,0,1,5
2020-07-16,US,Tennessee,Carroll,69,1,0,35.97366108,-88.45189331,47017.0,248.49641660964454,1.4492753623188406,68,63,1,0,62,58,28020,6,0,0,6,5
2020-07-16,US,Tennessee,Carter,141,2,0,36.28969086,-82.12588974,47019.0,250.03989998404,1.4184397163120568,139,128,2,0,126,120,56351,13,0,0,13,8
2020-07-16,US,Tennessee,Cheatham,332,4,0,36.26136216,-87.08903581,47021.0,816.3867509282712,1.2048192771084338,328,311,3,0,308,301,40439,21,1,0,20,10
2020-07-16,US,Tennessee,Chester,99,0,0,35.42527478,-88.6095842,47023.0,572.3535873272823,0.0,99,91,0,0,91,83,17276,8,0,0,8,8
2020-07-16,US,Tennessee,Claiborne,91,0,0,36.48319149,-83.65947309,47025.0,284.73982289808816,0.0,91,86,0,0,86,80,31756,5,0,0,5,6
2020-07-16,US,Tennessee,Clay,31,0,0,36.55151008,-85.53930419,47027.0,407.091267235719,0.0,31,28,0,0,28,27,7717,3,0,0,3,1
2020-07-16,US,Tennessee,Cocke,180,1,0,35.9278914,-83.11828725,47029.0,499.9444506165982,0.5555555555555556,179,175,0,0,175,152,35774,5,1,0,4,23
2020-07-16,US,Tennessee,Coffee,168,0,0,35.49090731,-86.07311784,47031.0,297.23991507431,0.0,168,162,0,0,162,155,55700,6,0,0,6,7
2020-07-16,US,Tennessee,Crockett,84,3,0,35.81830662,-89.14916269,47033.0,590.3021784961351,3.571428571428572,81,75,3,0,72,71,14328,9,0,0,9,4
2020-07-16,US,Tennessee,Cumberland,244,5,0,35.95271721,-84.99840585,47035.0,403.1725049570391,2.0491803278688523,239,241,5,0,236,228,59673,3,0,0,3,13
2020-07-16,US,Tennessee,Davidson,14982,160,0,36.17007426,-86.78646056,47037.0,2158.3417849898583,1.0679482045120812,14822,14550,157,0,14393,14205,692587,432,3,0,429,345
2020-07-16,US,Tennessee,DeKalb,128,0,0,35.97616272,-85.83689361,47041.0,624.6949731576378,0.0,128,119,0,0,119,100,20138,9,0,0,9,19
2020-07-16,US,Tennessee,Decatur,49,0,0,35.60048904,-88.11043779,47039.0,420.13204149875673,0.0,49,44,0,0,44,39,11706,5,0,0,5,5
2020-07-16,US,Tennessee,Dickson,323,0,0,36.14669837,-87.35891709,47043.0,598.7246978571958,0.0,323,308,0,0,308,295,53446,15,0,0,15,13
2020-07-16,US,Tennessee,Dyer,337,3,0,36.05931946,-89.41542855,47045.0,906.913533733416,0.8902077151335311,334,326,3,0,323,310,37320,11,0,0,11,16
2020-07-16,US,Tennessee,Fayette,424,6,0,35.19615831,-89.41399032,47047.0,1030.8025186589844,1.4150943396226414,418,404,6,0,398,393,40507,20,0,0,20,11
2020-07-16,US,Tennessee,Fentress,36,0,0,36.38128818,-84.92870012,47049.0,194.35296658208716,0.0,36,35,0,0,35,29,18217,1,0,0,1,6
2020-07-16,US,Tennessee,Franklin,136,3,0,35.15634626,-86.09201039,47051.0,322.21379833206976,2.2058823529411766,133,127,3,0,124,124,41890,9,0,0,9,3
2020-07-16,US,Tennessee,Gibson,259,1,0,35.99438059,-88.93358327,47053.0,527.1406183216983,0.3861003861003861,258,237,1,0,236,217,49045,22,0,0,22,20
2020-07-16,US,Tennessee,Giles,163,1,0,35.20222469,-87.03992678,47055.0,553.2174857453164,0.6134969325153374,162,143,1,0,142,131,29503,20,0,0,20,12
2020-07-16,US,Tennessee,Grainger,67,0,0,36.27469206,-83.51254721,47057.0,287.30703259005145,0.0,67,65,0,0,65,59,23145,2,0,0,2,6
2020-07-16,US,Tennessee,Greene,187,2,0,36.17470125,-82.84691273,47059.0,270.74374900461856,1.0695187165775402,185,173,2,0,171,163,69087,14,0,0,14,10
2020-07-16,US,Tennessee,Grundy,71,2,0,35.38433717,-85.72142731,47061.0,528.7852833842259,2.8169014084507036,69,68,2,0,66,67,13346,3,0,0,3,1
2020-07-16,US,Tennessee,Hamblen,571,5,0,36.21990035,-83.26586179,47063.0,879.3544214125113,0.8756567425569177,566,551,5,0,546,514,64569,20,0,0,20,37
2020-07-16,US,Tennessee,Hamilton,3840,39,0,35.17670231,-85.16652245,47065.0,1044.0343226283562,1.015625,3801,3721,39,0,3682,3648,364286,119,0,0,119,73
2020-07-16,US,Tennessee,Hancock,24,0,0,36.52692871,-83.22375847,47067.0,362.5377643504532,0.0,24,15,0,0,15,12,6549,9,0,0,9,3
2020-07-16,US,Tennessee,Hardeman,503,4,0,35.20772017,-88.99161161,47069.0,2007.9840319361278,0.7952286282306164,499,480,4,0,476,456,25220,23,0,0,23,24
2020-07-16,US,Tennessee,Hardin,171,7,0,35.19732531,-88.18593755,47071.0,666.6146889131452,4.093567251461988,164,154,7,0,147,142,25776,17,0,0,17,12
2020-07-16,US,Tennessee,Hawkins,117,2,0,36.44355426,-82.94885298,47073.0,206.03669918641918,1.709401709401709,115,103,2,0,101,100,56530,14,0,0,14,3
2020-07-16,US,Tennessee,Haywood,172,3,0,35.58332824,-89.28536625,47075.0,993.9898289412853,1.7441860465116281,169,155,3,0,152,150,17335,17,0,0,17,5
2020-07-16,US,Tennessee,Henderson,132,0,0,35.65581134,-88.38600175,47077.0,469.4668705765196,0.0,132,114,0,0,114,90,27847,18,0,0,18,24
2020-07-16,US,Tennessee,Henry,60,0,0,36.33160906,-88.30121797,47079.0,185.5000772916989,0.0,60,57,0,0,57,56,32358,3,0,0,3,1
2020-07-16,US,Tennessee,Hickman,129,0,0,35.80609681,-87.47643507,47081.0,512.3520533799349,0.0,129,118,0,0,118,114,25063,11,0,0,11,4
2020-07-16,US,Tennessee,Houston,25,0,0,36.28872054,-87.71878828,47083.0,304.84087306426045,0.0,25,25,0,0,25,24,8263,0,0,0,0,1
2020-07-16,US,Tennessee,Humphreys,55,2,0,36.03958805,-87.77992872,47085.0,295.98536217845225,3.636363636363636,53,53,2,0,51,52,18486,2,0,0,2,1
2020-07-16,US,Tennessee,Jackson,65,0,0,36.36380466,-85.67239905,47087.0,551.5017817749873,0.0,65,62,0,0,62,52,11758,3,0,0,3,10
2020-07-16,US,Tennessee,Jefferson,227,1,0,36.04818632,-83.45148924,47089.0,416.5519772456189,0.4405286343612335,226,219,1,0,218,196,54012,8,0,0,8,23
2020-07-16,US,Tennessee,Johnson,51,0,0,36.45523950000001,-81.84886538,47091.0,286.7101416685406,0.0,51,48,0,0,48,49,17778,3,0,0,3,-1
2020-07-16,US,Tennessee,Knox,1991,17,0,35.99508821,-83.94635435,47093.0,423.33509811551033,0.8538422903063787,1974,1915,15,0,1900,1815,465289,76,2,0,74,100
2020-07-16,US,Tennessee,Lake,698,0,0,36.34180170000001,-89.48921915,47095.0,9948.688711516534,0.0,698,698,0,0,698,696,7411,0,0,0,0,2
2020-07-16,US,Tennessee,Lauderdale,229,4,0,35.75893438,-89.63015909999999,47097.0,893.3796278235087,1.7467248908296944,225,218,4,0,214,204,25825,11,0,0,11,14
2020-07-16,US,Tennessee,Lawrence,272,6,0,35.21675201,-87.39787695,47099.0,616.1931946898645,2.2058823529411766,266,262,6,0,256,259,43734,10,0,0,10,3
2020-07-16,US,Tennessee,Lewis,13,0,0,35.52853208,-87.49022694,47101.0,105.96674274535377,0.0,13,13,0,0,13,12,12086,0,0,0,0,1
2020-07-16,US,Tennessee,Lincoln,126,0,0,35.13738622,-86.58910106,47103.0,366.6414479427342,0.0,126,111,0,0,111,106,34117,15,0,0,15,5
2020-07-16,US,Tennessee,Loudon,368,3,0,35.73939663,-84.31145275,47105.0,680.6243989050824,0.8152173913043478,365,353,2,0,351,334,53054,15,1,0,14,19
2020-07-16,US,Tennessee,Macon,680,7,0,36.53157855,-86.00778595,47111.0,2764.002926591334,1.0294117647058822,673,670,7,0,663,652,24265,10,0,0,10,18
2020-07-16,US,Tennessee,Madison,428,2,0,35.61181957,-88.84076036,47113.0,436.80600914435007,0.4672897196261682,426,409,2,0,407,395,97605,19,0,0,19,14
2020-07-16,US,Tennessee,Marion,113,4,0,35.12997174,-85.62265895,47115.0,390.9087764209362,3.5398230088495577,109,104,4,0,100,100,28575,9,0,0,9,4
2020-07-16,US,Tennessee,Marshall,150,2,0,35.45798777,-86.76420988,47117.0,436.3636363636364,1.3333333333333333,148,141,2,0,139,132,33683,9,0,0,9,9
2020-07-16,US,Tennessee,Maury,557,4,0,35.618741299999996,-87.07462444,47119.0,577.8787595837612,0.7181328545780971,553,529,3,0,526,513,94340,28,1,0,27,16
2020-07-16,US,Tennessee,McMinn,326,19,0,35.42812616,-84.61520715,47107.0,606.0155407666283,5.828220858895706,307,313,19,0,294,307,53285,13,0,0,13,6
2020-07-16,US,Tennessee,McNairy,146,1,0,35.17468549,-88.5647812,47109.0,568.2260449910485,0.6849315068493149,145,138,1,0,137,126,25832,8,0,0,8,12
2020-07-16,US,Tennessee,Meigs,43,0,0,35.51558739,-84.81482914,47121.0,346.1600386411206,0.0,43,40,0,0,40,40,12306,3,0,0,3,0
2020-07-16,US,Tennessee,Monroe,165,7,0,35.44550387,-84.24902965,47123.0,354.4956493715758,4.242424242424242,158,162,6,0,156,156,46357,3,1,0,2,6
2020-07-16,US,Tennessee,Montgomery,974,7,0,36.49609412,-87.38550661,47125.0,466.0443172737843,0.7186858316221766,967,906,7,0,899,850,205950,68,0,0,68,56
2020-07-16,US,Tennessee,Moore,28,0,0,35.27724699,-86.36230578,47127.0,431.5659679408138,0.0,28,26,0,0,26,23,6411,2,0,0,2,3
2020-07-16,US,Tennessee,Morgan,38,1,0,36.13248031,-84.64880098,47129.0,177.54520394337243,2.631578947368421,37,37,1,0,36,34,21579,1,0,0,1,3
2020-07-16,US,Tennessee,Obion,155,3,0,36.35732446,-89.14921589,47131.0,515.4810602281418,1.935483870967742,152,144,3,0,141,131,30267,11,0,0,11,13
2020-07-16,US,Tennessee,Out of TN,1852,10,0,0.0,0.0,80047.0,0.0,0.5399568034557235,1842,1775,10,0,1765,1737,,77,0,0,77,38
2020-07-16,US,Tennessee,Overton,88,1,0,36.34117832,-85.28989535,47133.0,395.6656625151747,1.1363636363636365,87,86,1,0,85,80,22068,2,0,0,2,6
2020-07-16,US,Tennessee,Perry,47,0,0,35.63708728,-87.86139634,47135.0,581.9712729073798,0.0,47,45,0,0,45,44,8064,2,0,0,2,1
2020-07-16,US,Tennessee,Pickett,9,0,0,36.55606529,-85.07763299999998,47137.0,178.28843106180665,0.0,9,8,0,0,8,8,5082,1,0,0,1,0
2020-07-16,US,Tennessee,Polk,63,0,0,35.12245443,-84.52075859,47139.0,374.287072243346,0.0,63,61,0,0,61,57,16898,2,0,0,2,4
2020-07-16,US,Tennessee,Putnam,1136,7,0,36.14005459,-85.50646123,47141.0,1415.6645273848835,0.6161971830985915,1129,1108,7,0,1101,1091,78843,28,0,0,28,17
2020-07-16,US,Tennessee,Rhea,370,0,0,35.60536161,-84.93076643,47143.0,1115.5666777218319,0.0,370,362,0,0,362,362,33044,8,0,0,8,0
2020-07-16,US,Tennessee,Roane,105,0,0,35.84923189,-84.52458689,47145.0,196.6955153422502,0.0,105,100,0,0,100,94,53140,5,0,0,5,6
2020-07-16,US,Tennessee,Robertson,1084,14,0,36.52454807,-86.87346725,47147.0,1509.4760001671011,1.2915129151291511,1070,1010,13,0,997,984,71012,74,1,0,73,26
2020-07-16,US,Tennessee,Rutherford,4114,40,0,35.84591405,-86.4107263,47149.0,1238.0938050167779,0.9722897423432184,4074,3944,39,0,3905,3839,324890,170,1,0,169,105
2020-07-16,US,Tennessee,Scott,32,0,0,36.42325673,-84.50360494,47151.0,145.0063440275512,0.0,32,31,0,0,31,30,22039,1,0,0,1,1
2020-07-16,US,Tennessee,Sequatchie,54,0,0,35.36979721,-85.41022136,47153.0,359.3770797284707,0.0,54,54,0,0,54,53,14876,0,0,0,0,1
2020-07-16,US,Tennessee,Sevier,1010,4,0,35.78077323,-83.52244332,47155.0,1027.9898218829517,0.3960396039603961,1006,978,4,0,974,942,97892,32,0,0,32,36
2020-07-16,US,Tennessee,Shelby,15324,233,0,35.1864775,-89.89692423,47157.0,1635.1425467846673,1.5204907334899505,15091,14891,233,0,14658,14447,935764,433,0,0,433,444
2020-07-16,US,Tennessee,Smith,205,2,0,36.25359775,-85.95411046,47159.0,1017.0164210944088,0.975609756097561,203,202,2,0,200,187,19942,3,0,0,3,15
2020-07-16,US,Tennessee,Stewart,35,0,0,36.50235092,-87.83920548,47161.0,255.19504192489967,0.0,35,34,0,0,34,32,13561,1,0,0,1,2
2020-07-16,US,Tennessee,Sullivan,305,5,0,36.51240691,-82.30412917,47163.0,192.61373683279862,1.639344262295082,300,290,5,0,285,277,157668,15,0,0,15,13
2020-07-16,US,Tennessee,Sumner,2264,57,0,36.46824103,-86.45917204,47165.0,1183.5866229617895,2.5176678445229683,2207,2189,57,0,2132,2103,187149,75,0,0,75,86
2020-07-16,US,Tennessee,Tipton,763,7,0,35.501942,-89.73694895,47167.0,1238.656471695969,0.9174311926605504,756,740,7,0,733,727,61581,23,0,0,23,13
2020-07-16,US,Tennessee,Trousdale,1528,6,0,36.39026213,-86.16087954,47169.0,13541.297412265154,0.3926701570680629,1522,1516,5,0,1511,1513,11012,12,1,0,11,3
2020-07-16,US,Tennessee,Unassigned,1057,0,0,0.0,0.0,90047.0,0.0,0.0,1057,1055,1,0,1054,1051,,2,-1,0,3,4
2020-07-16,US,Tennessee,Unicoi,63,0,0,36.10890856,-82.43709629,47171.0,352.2898842476094,0.0,63,61,0,0,61,61,17761,2,0,0,2,0
2020-07-16,US,Tennessee,Union,32,0,0,36.28590426,-83.83651902,47173.0,160.22431403965552,0.0,32,31,0,0,31,29,19688,1,0,0,1,2
2020-07-16,US,Tennessee,Van Buren,14,0,0,35.69864497,-85.45221699,47175.0,238.4196185286104,0.0,14,14,0,0,14,11,5765,0,0,0,0,3
2020-07-16,US,Tennessee,Warren,189,1,0,35.672829899999996,-85.77969117,47177.0,457.8821135256922,0.5291005291005291,188,183,1,0,182,164,40878,6,0,0,6,19
2020-07-16,US,Tennessee,Washington,336,0,0,36.29472368,-82.49454720000001,47179.0,259.71014492753625,0.0,336,321,0,0,321,293,128607,15,0,0,15,28
2020-07-16,US,Tennessee,Wayne,135,0,0,35.23868267,-87.78644456,47181.0,809.6923169195703,0.0,135,130,0,0,130,126,16558,5,0,0,5,4
2020-07-16,US,Tennessee,Weakley,94,1,0,36.29896232,-88.71990865,47183.0,282.04512722035525,1.0638297872340423,93,87,1,0,86,81,33415,7,0,0,7,6
2020-07-16,US,Tennessee,White,117,3,0,35.92929884,-85.45591799,47185.0,427.8661546900713,2.5641025641025643,114,116,3,0,113,94,27107,1,0,0,1,22
2020-07-16,US,Tennessee,Williamson,2217,18,0,35.89099229,-86.89281867,47187.0,929.9028572387296,0.8119079837618404,2199,2119,18,0,2101,1990,231729,98,0,0,98,129
2020-07-16,US,Tennessee,Wilson,1412,18,0,36.15496772,-86.29775884,47189.0,976.1020897709757,1.274787535410765,1394,1338,18,0,1320,1275,140625,74,0,0,74,63
2020-07-16,US,Texas,Anderson,1956,4,0,31.81534745,-95.65354823,48001.0,3387.8929592101845,0.20449897750511248,1952,1944,3,0,1941,1917,58057,12,1,0,11,27
2020-07-16,US,Texas,Andrews,176,2,0,32.30468633,-102.63765479999999,48003.0,940.9248863940124,1.1363636363636365,174,174,2,0,172,170,18128,2,0,0,2,4
2020-07-16,US,Texas,Angelina,940,12,0,31.25457347,-94.60901487,48005.0,1084.010840108401,1.2765957446808511,928,834,12,0,822,834,87092,106,0,0,106,0
2020-07-16,US,Texas,Aransas,75,0,0,28.10556197,-96.9995047,48007.0,319.0131858783496,0.0,75,65,0,0,65,57,23792,10,0,0,10,8
2020-07-16,US,Texas,Archer,12,0,0,33.61569967,-98.68754589,48009.0,140.3016485443704,0.0,12,12,0,0,12,12,8786,0,0,0,0,0
2020-07-16,US,Texas,Armstrong,3,0,0,34.96507426,-101.35748740000001,48011.0,158.9825119236884,0.0,3,3,0,0,3,3,1892,0,0,0,0,0
2020-07-16,US,Texas,Atascosa,292,2,0,28.89333001,-98.52730485,48013.0,570.8365100776102,0.6849315068493149,290,289,2,0,287,275,50310,3,0,0,3,14
2020-07-16,US,Texas,Austin,144,0,0,29.88548725,-96.27736949,48015.0,479.48854555141196,0.0,144,141,0,0,141,140,29989,3,0,0,3,1
2020-07-16,US,Texas,Bailey,117,1,0,34.06854817,-102.8299707,48017.0,1671.4285714285709,0.8547008547008547,116,112,1,0,111,112,7027,5,0,0,5,0
2020-07-16,US,Texas,Bandera,47,0,0,29.74619598,-99.24598147,48019.0,203.35756317064727,0.0,47,46,0,0,46,44,22824,1,0,0,1,2
2020-07-16,US,Texas,Bastrop,878,12,0,30.10370699,-97.31206354,48021.0,989.5968350934932,1.366742596810934,866,862,12,0,850,800,86976,16,0,0,16,62
2020-07-16,US,Texas,Baylor,1,0,0,33.61640794,-99.21352901,48023.0,28.498147620404676,0.0,1,1,0,0,1,1,3582,0,0,0,0,0
2020-07-16,US,Texas,Bee,176,0,0,28.41761668,-97.74215593,48025.0,540.4575464455704,0.0,176,173,0,0,173,152,32587,3,0,0,3,21
2020-07-16,US,Texas,Bell,2481,15,0,31.03736027,-97.4785025,48027.0,683.6142002182278,0.6045949214026602,2466,2396,14,0,2382,2243,355642,85,1,0,84,153
2020-07-16,US,Texas,Bexar,27047,229,0,29.44928723,-98.52019748,48029.0,1349.951136829853,0.8466743076866196,26818,21067,201,0,20866,21067,1986049,5980,28,0,5952,0
2020-07-16,US,Texas,Blanco,67,1,0,30.26640707,-98.3999852,48031.0,561.5623166540944,1.492537313432836,66,57,1,0,56,49,11702,10,0,0,10,8
2020-07-16,US,Texas,Bosque,46,0,0,31.89978581,-97.63613524,48035.0,246.1867808402462,0.0,46,43,0,0,43,41,18691,3,0,0,3,2
2020-07-16,US,Texas,Bowie,558,16,0,33.44626922,-94.41834132,48037.0,598.4235079628935,2.867383512544803,542,536,16,0,520,533,94324,22,0,0,22,3
2020-07-16,US,Texas,Brazoria,4190,28,0,29.18757369,-95.44563172,48039.0,1119.530598721758,0.6682577565632458,4162,3988,28,0,3960,3834,370200,202,0,0,202,154
2020-07-16,US,Texas,Brazos,3200,36,0,30.663644800000004,-96.30205577,48041.0,1396.0935557194027,1.125,3164,3120,36,0,3084,3066,226758,80,0,0,80,54
2020-07-16,US,Texas,Brewster,160,1,0,29.81008251,-103.25203259999999,48043.0,1738.563511898294,0.625,159,159,1,0,158,153,9267,1,0,0,1,6
2020-07-16,US,Texas,Briscoe,9,1,0,34.53026962,-101.2084947,48045.0,582.1474773609315,11.111111111111109,8,9,1,0,8,9,1516,0,0,0,0,0
2020-07-16,US,Texas,Brooks,53,0,0,27.03103197,-98.21808402,48047.0,747.2155646411957,0.0,53,45,0,0,45,41,7114,8,0,0,8,4
2020-07-16,US,Texas,Brown,248,13,0,31.77430356,-98.99907113,48049.0,654.9757025142618,5.241935483870968,235,240,13,0,227,237,37924,8,0,0,8,3
2020-07-16,US,Texas,Burleson,160,0,0,30.49273808,-96.62158484,48051.0,867.537819226807,0.0,160,156,0,0,156,154,18389,4,0,0,4,2
2020-07-16,US,Texas,Burnet,287,5,0,30.78801353,-98.181887,48053.0,595.9921088152839,1.7421602787456445,282,278,4,0,274,256,47542,9,1,0,8,22
2020-07-16,US,Texas,Caldwell,772,5,0,29.83668859,-97.61814775,48055.0,1768.0469036277027,0.6476683937823834,767,749,5,0,744,710,43247,23,0,0,23,39
2020-07-16,US,Texas,Calhoun,183,3,0,28.47048236,-96.61633945,48057.0,859.55847815876,1.639344262295082,180,177,3,0,174,164,21561,6,0,0,6,13
2020-07-16,US,Texas,Callahan,30,2,0,32.29760619,-99.37326312,48059.0,215.16172990030842,6.666666666666668,28,28,2,0,26,28,13994,2,0,0,2,0
2020-07-16,US,Texas,Cameron,4905,79,0,26.14524221,-97.48140372,48061.0,1159.1278065426325,1.6106014271151885,4826,4590,79,0,4511,4175,423908,315,0,0,315,415
2020-07-16,US,Texas,Camp,152,2,0,32.97195142,-94.97790104,48063.0,1160.837024591416,1.3157894736842106,150,144,2,0,142,144,13033,8,0,0,8,0
2020-07-16,US,Texas,Carson,10,0,0,35.40365929,-101.35426690000001,48065.0,168.74789065136684,0.0,10,10,0,0,10,10,6005,0,0,0,0,0
2020-07-16,US,Texas,Cass,75,3,0,33.07499881,-94.34646905,48067.0,249.78352094851127,4.0,72,72,3,0,69,70,30119,3,0,0,3,2
2020-07-16,US,Texas,Castro,135,1,0,34.53016752,-102.2617243,48069.0,1792.8286852589642,0.7407407407407407,134,130,1,0,129,121,7665,5,0,0,5,9
2020-07-16,US,Texas,Chambers,635,5,0,29.70972016,-94.67154501,48071.0,1448.5480302027966,0.7874015748031497,630,618,5,0,613,590,42454,17,0,0,17,28
2020-07-16,US,Texas,Cherokee,439,2,0,31.837258000000002,-95.16559897,48073.0,833.8715192037382,0.4555808656036446,437,417,2,0,415,364,52592,22,0,0,22,53
2020-07-16,US,Texas,Childress,8,0,0,34.529304100000004,-100.2077916,48075.0,109.49904188338353,0.0,8,7,0,0,7,7,7291,1,0,0,1,0
2020-07-16,US,Texas,Clay,19,0,0,33.78686685,-98.20771198,48077.0,181.45353834399768,0.0,19,19,0,0,19,19,10456,0,0,0,0,0
2020-07-16,US,Texas,Cochran,8,0,0,33.60425307,-102.82844990000001,48079.0,280.4065895548545,0.0,8,8,0,0,8,6,2836,0,0,0,0,2
2020-07-16,US,Texas,Coke,6,1,0,31.88911733,-100.5297533,48081.0,177.14791851195747,16.666666666666668,5,5,1,0,4,5,3370,1,0,0,1,0
2020-07-16,US,Texas,Coleman,5,0,0,31.76736834,-99.45240766,48083.0,61.162079510703364,0.0,5,5,0,0,5,5,8397,0,0,0,0,0
2020-07-16,US,Texas,Collin,4934,62,0,33.18820114,-96.57264368,48085.0,476.8393687242082,1.2565869477097689,4872,4800,61,0,4739,4685,1005146,134,1,0,133,115
2020-07-16,US,Texas,Collingsworth,6,0,0,34.96489496,-100.27001109999999,48087.0,205.4794520547945,0.0,6,6,0,0,6,6,2962,0,0,0,0,0
2020-07-16,US,Texas,Colorado,181,0,0,29.622097999999998,-96.5273805,48089.0,842.1346484902061,0.0,181,182,0,0,182,179,21217,-1,0,0,-1,3
2020-07-16,US,Texas,Comal,1117,30,0,29.80811278,-98.27647225,48091.0,715.0676337470952,2.6857654431512983,1087,1077,30,0,1047,1017,148373,40,0,0,40,60
2020-07-16,US,Texas,Comanche,142,2,0,31.94854689,-98.55876441,48093.0,1041.4374770810414,1.4084507042253518,140,134,2,0,132,128,13534,8,0,0,8,6
2020-07-16,US,Texas,Concho,17,0,0,31.32635934,-99.86473038,48095.0,623.6243580337491,0.0,17,15,0,0,15,15,4276,2,0,0,2,0
2020-07-16,US,Texas,Cooke,107,0,0,33.63979567,-97.21240912,48097.0,259.34992849698244,0.0,107,100,0,0,100,98,40574,7,0,0,7,2
2020-07-16,US,Texas,Coryell,422,3,0,31.39078397,-97.79936155,48099.0,555.6213874735026,0.7109004739336493,419,418,3,0,415,416,74808,4,0,0,4,2
2020-07-16,US,Texas,Cottle,5,1,0,34.07783319,-100.27850620000001,48101.0,357.653791130186,20.0,4,4,1,0,3,4,1389,1,0,0,1,0
2020-07-16,US,Texas,Crane,64,10,0,31.43052248,-102.5143314,48103.0,1334.1671878257246,15.625,54,64,10,0,54,64,4794,0,0,0,0,0
2020-07-16,US,Texas,Crockett,71,1,0,30.72367027,-101.4134238,48105.0,2049.6535796766743,1.4084507042253518,70,41,1,0,40,41,3499,30,0,0,30,0
2020-07-16,US,Texas,Crosby,35,2,0,33.61431553,-101.30003640000001,48107.0,610.0749520655395,5.7142857142857135,33,35,2,0,33,35,5779,0,0,0,0,0
2020-07-16,US,Texas,Culberson,8,1,0,31.44506775,-104.5185739,48109.0,368.4937816674344,12.5,7,7,1,0,6,7,2204,1,0,0,1,0
2020-07-16,US,Texas,Dallam,134,1,0,36.27787176,-102.60207249999999,48111.0,1838.8911760669687,0.746268656716418,133,129,1,0,128,126,7200,5,0,0,5,3
2020-07-16,US,Texas,Dallas,36969,485,0,32.76670599,-96.77796049999999,48113.0,1402.723413555448,1.3119099786307449,36484,35914,477,0,35437,35914,2637772,1055,8,0,1047,0
2020-07-16,US,Texas,Dawson,98,1,0,32.74255572,-101.94772420000001,48115.0,769.956002514142,1.020408163265306,97,94,1,0,93,92,12619,4,0,0,4,2
2020-07-16,US,Texas,DeWitt,188,3,0,29.08101855,-97.35681170000001,48123.0,932.5396825396823,1.5957446808510638,185,188,3,0,185,188,20187,0,0,0,0,0
2020-07-16,US,Texas,Deaf Smith,431,17,0,34.96522957,-102.6054267,48117.0,2323.951256335598,3.94431554524362,414,424,17,0,407,410,18760,7,0,0,7,14
2020-07-16,US,Texas,Delta,9,0,0,33.38570922,-95.66921122,48119.0,168.82386043894203,0.0,9,9,0,0,9,9,5349,0,0,0,0,0
2020-07-16,US,Texas,Denton,4467,41,0,33.20521901,-97.11691153,48121.0,503.49016633096886,0.9178419520931274,4426,4316,41,0,4275,4162,859064,151,0,0,151,154
2020-07-16,US,Texas,Dickens,4,0,0,33.61616822,-100.7788855,48125.0,180.91361374943463,0.0,4,2,0,0,2,2,2249,2,0,0,2,0
2020-07-16,US,Texas,Dimmit,40,0,0,28.42270064,-99.75645095,48127.0,395.1007506914263,0.0,40,39,0,0,39,38,10308,1,0,0,1,1
2020-07-16,US,Texas,Donley,34,0,0,34.96517499,-100.8140093,48129.0,1037.2178157413057,0.0,34,33,0,0,33,33,3319,1,0,0,1,0
2020-07-16,US,Texas,Duval,94,0,0,27.68184592,-98.50864568,48131.0,842.5203907860538,0.0,94,89,0,0,89,89,11212,5,0,0,5,0
2020-07-16,US,Texas,Eastland,21,0,0,32.32743996,-98.83243566,48133.0,114.3790849673203,0.0,21,20,0,0,20,20,18322,1,0,0,1,0
2020-07-16,US,Texas,Ector,1511,22,0,31.86898877,-102.54294279999999,48135.0,909.0198107361797,1.455989410986102,1489,1370,19,0,1351,1370,162124,141,3,0,138,0
2020-07-16,US,Texas,Edwards,11,0,0,29.98202582,-100.304252,48137.0,569.3581780538302,0.0,11,10,0,0,10,10,1928,1,0,0,1,0
2020-07-16,US,Texas,El Paso,10638,173,0,31.76980765,-106.23632749999999,48141.0,1267.5784461618755,1.6262455348749765,10465,10298,159,0,10139,9953,840758,340,14,0,326,345
2020-07-16,US,Texas,Ellis,1837,21,0,32.34894117,-96.79371841,48139.0,993.9077835369484,1.1431682090364723,1816,1811,21,0,1790,1729,179436,26,0,0,26,82
2020-07-16,US,Texas,Erath,309,1,0,32.23602653,-98.21773417,48143.0,723.6872921448312,0.32362459546925565,308,303,1,0,302,288,42446,6,0,0,6,15
2020-07-16,US,Texas,Falls,60,0,0,31.25350609,-96.93630086,48145.0,346.8809620165346,0.0,60,57,0,0,57,57,17335,3,0,0,3,0
2020-07-16,US,Texas,Fannin,153,8,0,33.59564294,-96.10751083,48147.0,430.81601621895584,5.2287581699346415,145,150,8,0,142,145,35286,3,0,0,3,5
2020-07-16,US,Texas,Fayette,197,4,0,29.87788372,-96.92076062,48149.0,777.2429574686341,2.0304568527918785,193,179,4,0,175,174,25349,18,0,0,18,5
2020-07-16,US,Texas,Fisher,16,1,0,32.74281316,-100.40193020000001,48151.0,417.75456919060053,6.25,15,16,1,0,15,14,3839,0,0,0,0,2
2020-07-16,US,Texas,Floyd,61,3,0,34.07227468,-101.3031546,48153.0,1067.9271708683473,4.918032786885246,58,61,2,0,59,53,5837,0,1,0,-1,8
2020-07-16,US,Texas,Foard,1,0,0,33.97308618,-99.7767797,48155.0,86.5800865800866,0.0,1,1,0,0,1,1,1200,0,0,0,0,0
2020-07-16,US,Texas,Fort Bend,5284,67,0,29.52704478,-95.77219463,48157.0,650.9890499797951,1.2679788039364115,5217,5211,65,0,5146,5015,787858,73,2,0,71,196
2020-07-16,US,Texas,Franklin,65,1,0,33.17653242,-95.21917243,48159.0,606.060606060606,1.5384615384615383,64,61,1,0,60,61,10766,4,0,0,4,0
2020-07-16,US,Texas,Freestone,91,0,0,31.70422788,-96.15072516,48161.0,461.5306588223362,0.0,91,83,0,0,83,77,19808,8,0,0,8,6
2020-07-16,US,Texas,Frio,342,0,0,28.86751206,-99.10804207,48163.0,1684.2312616960505,0.0,342,341,0,0,341,336,19816,1,0,0,1,5
2020-07-16,US,Texas,Gaines,49,0,0,32.74055318,-102.6353295,48165.0,227.9918109063837,0.0,49,46,0,0,46,45,20901,3,0,0,3,1
2020-07-16,US,Texas,Galveston,6452,58,0,29.40167322,-94.90469073,48167.0,1885.783263527397,0.8989460632362059,6394,6307,58,0,6249,6201,337890,145,0,0,145,106
2020-07-16,US,Texas,Garza,58,1,0,33.17969345,-101.2984114,48169.0,931.128592069353,1.7241379310344829,57,39,1,0,38,22,6578,19,0,0,19,17
2020-07-16,US,Texas,Gillespie,73,0,0,30.31824095,-98.94676915,48171.0,270.49058840966353,0.0,73,70,0,0,70,65,26804,3,0,0,3,5
2020-07-16,US,Texas,Glasscock,6,0,0,31.86942909,-101.5207776,48173.0,425.83392476934,0.0,6,6,0,0,6,6,1388,0,0,0,0,0
2020-07-16,US,Texas,Goliad,31,0,0,28.65696592,-97.42760647,48175.0,404.80543222773565,0.0,31,33,0,0,33,33,7584,-2,0,0,-2,0
2020-07-16,US,Texas,Gonzales,388,4,0,29.45634206,-97.49424032,48177.0,1862.0722752795507,1.0309278350515465,384,355,4,0,351,348,20826,33,0,0,33,7
2020-07-16,US,Texas,Gray,137,4,0,35.40081878,-100.8129222,48179.0,625.9709403271497,2.9197080291970803,133,135,4,0,131,133,21895,2,0,0,2,2
2020-07-16,US,Texas,Grayson,793,7,0,33.62744998,-96.67753461,48181.0,582.1807182920743,0.8827238335435057,786,771,7,0,764,754,133991,22,0,0,22,17
2020-07-16,US,Texas,Gregg,927,15,0,32.47940482,-94.81591935,48183.0,747.912380491347,1.6181229773462784,912,889,15,0,874,837,123707,38,0,0,38,52
2020-07-16,US,Texas,Grimes,695,2,0,30.54579585,-95.98902499,48185.0,2406.509695290859,0.28776978417266186,693,691,2,0,689,658,28360,4,0,0,4,33
2020-07-16,US,Texas,Guadalupe,1169,4,0,29.58165339,-97.94786822,48187.0,700.6419054582941,0.3421727972626176,1165,1115,3,0,1112,1044,163694,54,1,0,53,71
2020-07-16,US,Texas,Hale,847,17,0,34.07044901,-101.82681140000001,48189.0,2535.472669580315,2.007083825265644,830,808,17,0,791,776,33830,39,0,0,39,32
2020-07-16,US,Texas,Hall,2,1,0,34.5307555,-100.68138520000001,48191.0,67.47638326585695,50.0,1,2,1,0,1,2,3028,0,0,0,0,0
2020-07-16,US,Texas,Hamilton,39,1,0,31.70470573,-98.11083887,48193.0,460.9384233542135,2.5641025641025643,38,39,1,0,38,34,8484,0,0,0,0,5
2020-07-16,US,Texas,Hansford,42,2,0,36.27743284,-101.3545796,48195.0,777.921837377292,4.761904761904762,40,40,2,0,38,38,5463,2,0,0,2,2
2020-07-16,US,Texas,Hardeman,6,0,0,34.28944521,-99.74632408,48197.0,152.55530129672007,0.0,6,6,0,0,6,6,3922,0,0,0,0,0
2020-07-16,US,Texas,Hardin,488,5,0,30.33364686,-94.38931817,48199.0,847.1928058053537,1.024590163934426,483,488,5,0,483,404,57207,0,0,0,0,84
2020-07-16,US,Texas,Harris,51959,509,0,29.86,-95.39,48201.0,1102.3852588141071,0.9796185453915588,51450,50362,491,0,49871,49027,4698619,1597,18,0,1579,1335
2020-07-16,US,Texas,Harrison,487,31,0,32.54935988,-94.36934071,48203.0,731.7476297086532,6.365503080082137,456,458,31,0,427,451,66726,29,0,0,29,7
2020-07-16,US,Texas,Hartley,59,2,0,35.84008013,-102.6029022,48205.0,1058.106169296987,3.3898305084745757,57,61,2,0,59,59,5619,-2,0,0,-2,2
2020-07-16,US,Texas,Haskell,19,0,0,33.17823584,-99.73037358,48207.0,335.80770590314603,0.0,19,17,0,0,17,8,5813,2,0,0,2,9
2020-07-16,US,Texas,Hays,3816,14,0,30.05669873,-98.02944344,48209.0,1657.7537783840376,0.3668763102725367,3802,3769,14,0,3755,3643,222631,47,0,0,47,126
2020-07-16,US,Texas,Hemphill,22,0,0,35.83764858,-100.2703577,48211.0,576.0670332547787,0.0,22,22,0,0,22,22,3825,0,0,0,0,0
2020-07-16,US,Texas,Henderson,341,5,0,32.21128872,-95.85846587,48213.0,412.1493406819198,1.4662756598240467,336,335,5,0,330,319,82299,6,0,0,6,16
2020-07-16,US,Texas,Hidalgo,9244,218,0,26.39418217,-98.18299696,48215.0,1064.1102235851674,2.358286456079619,9026,8593,183,0,8410,8040,865939,651,35,0,616,553
2020-07-16,US,Texas,Hill,182,2,0,31.99045053,-97.13423143,48217.0,496.6029086741794,1.0989010989010992,180,177,2,0,175,154,36354,5,0,0,5,23
2020-07-16,US,Texas,Hockley,116,3,0,33.60771256,-102.3431676,48219.0,503.88775465878985,2.586206896551724,113,111,2,0,109,109,22980,5,1,0,4,2
2020-07-16,US,Texas,Hood,223,5,0,32.42990927,-97.83242024,48221.0,361.760459419561,2.242152466367713,218,218,5,0,213,216,60537,5,0,0,5,2
2020-07-16,US,Texas,Hopkins,115,1,0,33.14875072,-95.56351139,48223.0,310.1067845971308,0.8695652173913043,114,99,1,0,98,88,36810,16,0,0,16,11
2020-07-16,US,Texas,Houston,195,0,0,31.31925973,-95.42226208,48225.0,849.0073145245558,0.0,195,192,0,0,192,188,23169,3,0,0,3,4
2020-07-16,US,Texas,Howard,80,1,0,32.30621324,-101.4356444,48227.0,218.1976871045167,1.25,79,76,1,0,75,71,36459,4,0,0,4,5
2020-07-16,US,Texas,Hudspeth,18,0,0,31.45628381,-105.388178,48229.0,368.3995088006549,0.0,18,18,0,0,18,18,4795,0,0,0,0,0
2020-07-16,US,Texas,Hunt,782,8,0,33.12351514,-96.08551032,48231.0,793.1517130859891,1.0230179028132993,774,768,8,0,760,720,96493,14,0,0,14,48
2020-07-16,US,Texas,Hutchinson,86,0,0,35.84006574,-101.3546643,48233.0,410.73646002483525,0.0,86,84,0,0,84,81,21198,2,0,0,2,3
2020-07-16,US,Texas,Irion,4,0,0,31.30375559,-100.982439,48235.0,260.4166666666667,0.0,4,3,0,0,3,3,1522,1,0,0,1,0
2020-07-16,US,Texas,Jack,13,0,0,33.23377248,-98.17283469,48237.0,145.49524342473418,0.0,13,13,0,0,13,13,8843,0,0,0,0,0
2020-07-16,US,Texas,Jackson,121,1,0,28.95472367,-96.57749563,48239.0,819.7831978319783,0.8264462809917356,120,97,1,0,96,90,14874,24,0,0,24,7
2020-07-16,US,Texas,Jasper,91,1,0,30.74685667,-94.02667579,48241.0,256.12879619465787,1.0989010989010992,90,88,1,0,87,80,35872,3,0,0,3,8
2020-07-16,US,Texas,Jeff Davis,6,0,0,30.71490589,-104.1399973,48243.0,263.8522427440633,0.0,6,6,0,0,6,5,2252,0,0,0,0,1
2020-07-16,US,Texas,Jefferson,4031,44,0,29.8832777,-94.16434171,48245.0,1602.369169002047,1.0915405606549244,3987,3868,43,0,3825,3665,255001,163,1,0,162,203
2020-07-16,US,Texas,Jim Hogg,42,0,0,27.04453923,-98.69681870000001,48247.0,807.6923076923077,0.0,42,41,0,0,41,34,5248,1,0,0,1,7
2020-07-16,US,Texas,Jim Wells,372,0,0,27.73103938,-98.0904705,48249.0,918.9269304876241,0.0,372,350,0,0,350,318,40822,22,0,0,22,32
2020-07-16,US,Texas,Johnson,918,5,0,32.37877812,-97.36615819,48251.0,522.1338095861038,0.5446623093681917,913,932,4,0,928,885,171361,-14,1,0,-15,47
2020-07-16,US,Texas,Jones,608,0,0,32.73997145,-99.87861576,48253.0,3027.436140018921,0.0,608,609,0,0,609,607,19817,-1,0,0,-1,2
2020-07-16,US,Texas,Karnes,92,0,0,28.90705334,-97.85960149,48255.0,589.705788090507,0.0,92,90,0,0,90,86,15650,2,0,0,2,4
2020-07-16,US,Texas,Kaufman,1138,5,0,32.599141700000004,-96.28734728,48257.0,835.8182646121304,0.4393673110720562,1133,1109,5,0,1104,1061,128622,29,0,0,29,48
2020-07-16,US,Texas,Kendall,108,0,0,29.94414155,-98.7113588,48259.0,227.6991840779237,0.0,108,106,0,0,106,106,45641,2,0,0,2,0
2020-07-16,US,Texas,Kenedy,3,0,0,26.92601662,-97.66413984,48261.0,742.5742574257425,0.0,3,3,0,0,3,3,442,0,0,0,0,0
2020-07-16,US,Texas,Kent,1,0,0,33.18104136,-100.7780939,48263.0,131.23359580052494,0.0,1,1,0,0,1,1,726,0,0,0,0,0
2020-07-16,US,Texas,Kerr,224,1,0,30.06040006,-99.34930144,48265.0,425.85551330798484,0.44642857142857145,223,193,1,0,192,190,52405,31,0,0,31,3
2020-07-16,US,Texas,Kimble,9,0,0,30.48678918,-99.74856473,48267.0,207.51671662439475,0.0,9,9,0,0,9,9,4362,0,0,0,0,0
2020-07-16,US,Texas,Kinney,4,0,0,29.34967888,-100.41866379999999,48271.0,109.080992637033,0.0,4,3,0,0,3,3,3767,1,0,0,1,0
2020-07-16,US,Texas,Kleberg,232,1,0,27.42435506,-97.69894948,48273.0,756.1929595827901,0.4310344827586207,231,197,1,0,196,186,31129,35,0,0,35,11
2020-07-16,US,Texas,Knox,12,0,0,33.60519951,-99.74229059999999,48275.0,327.5109170305677,0.0,12,11,0,0,11,10,3653,1,0,0,1,1
2020-07-16,US,Texas,La Salle,91,0,0,28.34453111,-99.09908775,48283.0,1210.1063829787233,0.0,91,87,0,0,87,87,7531,4,0,0,4,0
2020-07-16,US,Texas,Lamar,418,14,0,33.66981763,-95.57404777,48277.0,838.3641870073607,3.3492822966507183,404,418,14,0,404,418,49728,0,0,0,0,0
2020-07-16,US,Texas,Lamb,102,1,0,34.06859623,-102.35162890000001,48279.0,791.1269681222369,0.9803921568627452,101,92,0,0,92,89,13158,10,1,0,9,3
2020-07-16,US,Texas,Lampasas,44,0,0,31.19531316,-98.24206613,48281.0,205.3388090349076,0.0,44,44,0,0,44,40,21229,0,0,0,0,4
2020-07-16,US,Texas,Lavaca,363,1,0,29.38508402,-96.93186692,48285.0,1801.1312890741297,0.27548209366391185,362,351,1,0,350,340,20110,12,0,0,12,11
2020-07-16,US,Texas,Lee,108,3,0,30.31120597,-96.97045773,48287.0,626.486455130808,2.7777777777777777,105,103,3,0,100,98,17144,5,0,0,5,5
2020-07-16,US,Texas,Leon,107,0,0,31.29872538,-95.9936328,48289.0,614.8011951275569,0.0,107,104,0,0,104,98,17270,3,0,0,3,6
2020-07-16,US,Texas,Liberty,596,3,0,30.15152688,-94.81205615,48291.0,675.5914258833131,0.5033557046979866,593,577,3,0,574,550,86323,19,0,0,19,27
2020-07-16,US,Texas,Limestone,110,1,0,31.5454767,-96.58095444,48293.0,469.3433459913812,0.9090909090909092,109,110,1,0,109,107,23519,0,0,0,0,3
2020-07-16,US,Texas,Lipscomb,12,0,0,36.27783108,-100.27331509999999,48295.0,371.17228580266,0.0,12,12,0,0,12,12,3355,0,0,0,0,0
2020-07-16,US,Texas,Live Oak,85,0,0,28.35101362,-98.1246786,48297.0,696.3217825837635,0.0,85,85,0,0,85,69,12166,0,0,0,0,16
2020-07-16,US,Texas,Llano,53,0,0,30.70645047,-98.68475262,48299.0,243.17504014682262,0.0,53,53,0,0,53,48,21646,0,0,0,0,5
2020-07-16,US,Texas,Lubbock,4063,64,0,33.61008596,-101.82047890000001,48303.0,1308.243900711275,1.5751907457543688,3999,3823,63,0,3760,3823,307412,240,1,0,239,0
2020-07-16,US,Texas,Lynn,55,2,0,33.17657705,-101.8162849,48305.0,924.2144177449167,3.636363636363636,53,55,2,0,53,53,5877,0,0,0,0,2
2020-07-16,US,Texas,Madison,163,0,0,30.96694679,-95.93003775,48313.0,1141.1369364323718,0.0,163,158,0,0,158,137,14422,5,0,0,5,21
2020-07-16,US,Texas,Marion,67,2,0,32.79868409,-94.35661230000001,48315.0,679.9269332250863,2.985074626865672,65,64,2,0,62,64,9928,3,0,0,3,0
2020-07-16,US,Texas,Martin,28,1,0,32.30600051,-101.9513518,48317.0,485.1845434066886,3.571428571428572,27,28,1,0,27,26,5753,0,0,0,0,2
2020-07-16,US,Texas,Mason,38,0,0,30.71780434,-99.22629416,48319.0,889.0968647636874,0.0,38,36,0,0,36,36,4280,2,0,0,2,0
2020-07-16,US,Texas,Matagorda,399,5,0,28.81955746,-96.01230294,48321.0,1088.884643724586,1.2531328320802004,394,392,5,0,387,382,36552,7,0,0,7,10
2020-07-16,US,Texas,Maverick,892,13,0,28.7429195,-100.3157686,48323.0,1519.021831681482,1.4573991031390134,879,874,12,0,862,776,58485,18,1,0,17,98
2020-07-16,US,Texas,McCulloch,29,0,0,31.1925468,-99.34682807,48307.0,363.2264529058117,0.0,29,25,0,0,25,25,7987,4,0,0,4,0
2020-07-16,US,Texas,McLennan,3005,19,0,31.55255453,-97.20217694,48309.0,1170.9784391890048,0.632279534109817,2986,2920,18,0,2902,2744,254607,85,1,0,84,176
2020-07-16,US,Texas,McMullen,1,0,0,28.35251708,-98.56769164,48311.0,134.5895020188425,0.0,1,1,0,0,1,1,749,0,0,0,0,0
2020-07-16,US,Texas,Medina,419,3,0,29.355730100000002,-99.11030298,48325.0,812.2673697270471,0.7159904534606205,416,419,3,0,416,360,50921,0,0,0,0,59
2020-07-16,US,Texas,Menard,15,0,0,30.88990665,-99.82047940000001,48327.0,701.5902712815715,0.0,15,14,0,0,14,14,2139,1,0,0,1,0
2020-07-16,US,Texas,Midland,1298,24,0,31.86904128,-102.03156820000001,48329.0,734.0300398117987,1.8489984591679507,1274,1266,22,0,1244,1194,172578,32,2,0,30,72
2020-07-16,US,Texas,Milam,191,2,0,30.78581830000001,-96.97718698,48331.0,769.4476896426703,1.0471204188481675,189,187,1,0,186,149,25131,4,1,0,3,38
2020-07-16,US,Texas,Mills,7,0,0,31.49557106,-98.59272068,48333.0,143.64867638005336,0.0,7,7,0,0,7,7,4921,0,0,0,0,0
2020-07-16,US,Texas,Mitchell,27,0,0,32.30623474,-100.9212058,48335.0,315.9742539496782,0.0,27,27,0,0,27,26,8145,0,0,0,0,1
2020-07-16,US,Texas,Montague,32,1,0,33.67521893,-97.72500958,48337.0,161.4693712786356,3.125,31,32,1,0,31,27,19596,0,0,0,0,5
2020-07-16,US,Texas,Montgomery,4501,46,0,30.30079133,-95.50572772,48339.0,741.0383097543428,1.0219951121972894,4455,4324,45,0,4279,3471,590925,177,1,0,176,853
2020-07-16,US,Texas,Moore,924,15,0,35.83769242,-101.8930281,48341.0,4412.607449856733,1.6233766233766234,909,921,15,0,906,921,21485,3,0,0,3,0
2020-07-16,US,Texas,Morris,55,0,0,33.11304005,-94.73255695,48343.0,443.9780432676784,0.0,55,54,0,0,54,54,12339,1,0,0,1,0
2020-07-16,US,Texas,Motley,2,0,0,34.07408766,-100.77972199999999,48345.0,166.66666666666666,0.0,2,2,0,0,2,2,1234,0,0,0,0,0
2020-07-16,US,Texas,Nacogdoches,639,33,0,31.62017125,-94.61803994,48347.0,980.001226918594,5.164319248826291,606,633,33,0,600,611,65711,6,0,0,6,22
2020-07-16,US,Texas,Navarro,512,8,0,32.04620681,-96.47428766,48349.0,1021.6909783888412,1.5625,504,486,7,0,479,470,49565,26,1,0,25,16
2020-07-16,US,Texas,Newton,27,0,0,30.78548982,-93.74408813,48351.0,198.6024273630011,0.0,27,26,0,0,26,21,13746,1,0,0,1,5
2020-07-16,US,Texas,Nolan,76,0,0,32.30365282,-100.4060208,48353.0,516.5148837841512,0.0,76,71,0,0,71,70,14751,5,0,0,5,1
2020-07-16,US,Texas,Nueces,7861,75,0,27.736286,-97.5433285,48355.0,2169.784760443176,0.954077089428826,7786,7532,70,0,7462,6427,362265,329,5,0,324,1105
2020-07-16,US,Texas,Ochiltree,62,2,0,36.27829105,-100.8158184,48357.0,630.3375355835708,3.2258064516129035,60,62,2,0,60,62,9947,0,0,0,0,0
2020-07-16,US,Texas,Oldham,6,1,0,35.40425596,-102.6027606,48359.0,284.09090909090907,16.666666666666668,5,4,1,0,3,4,2131,2,0,0,2,0
2020-07-16,US,Texas,Orange,498,5,0,30.11879481,-93.89412775,48361.0,597.1509424912466,1.0040160642570282,493,498,5,0,493,498,83572,0,0,0,0,0
2020-07-16,US,Texas,Palo Pinto,81,2,0,32.75310985,-98.31319001,48363.0,277.5017986227689,2.469135802469136,79,79,2,0,77,76,28875,2,0,0,2,3
2020-07-16,US,Texas,Panola,236,24,0,32.163959600000005,-94.30552481,48365.0,1017.5045270328533,10.169491525423727,212,234,24,0,210,234,23148,2,0,0,2,0
2020-07-16,US,Texas,Parker,667,1,0,32.77757172,-97.80500621,48367.0,466.83184255098763,0.14992503748125938,666,665,1,0,664,615,138371,2,0,0,2,50
2020-07-16,US,Texas,Parmer,242,8,0,34.52993409,-102.78446679999999,48369.0,2519.521082769391,3.3057851239669422,234,236,8,0,228,236,9864,6,0,0,6,0
2020-07-16,US,Texas,Pecos,153,1,0,30.78097267,-102.72412609999999,48371.0,966.9468495228464,0.6535947712418301,152,151,1,0,150,148,15673,2,0,0,2,3
2020-07-16,US,Texas,Polk,401,1,0,30.79472531,-94.82766240000001,48373.0,780.8696668159603,0.2493765586034913,400,380,0,0,380,380,50031,21,1,0,20,0
2020-07-16,US,Texas,Potter,3100,39,0,35.40133773,-101.893964,48375.0,2640.2078099050377,1.2580645161290325,3061,3081,39,0,3042,3056,119648,19,0,0,19,25
2020-07-16,US,Texas,Presidio,28,0,0,29.99954402,-104.24080790000001,48377.0,417.6610978520287,0.0,28,28,0,0,28,27,6948,0,0,0,0,1
2020-07-16,US,Texas,Rains,21,1,0,32.87109387,-95.79232691,48379.0,167.81205050343615,4.761904761904762,20,21,1,0,20,19,12159,0,0,0,0,2
2020-07-16,US,Texas,Randall,1166,7,0,34.96585996,-101.8971322,48381.0,846.6884026925563,0.6003430531732419,1159,1133,7,0,1126,1105,136271,33,0,0,33,28
2020-07-16,US,Texas,Reagan,42,0,0,31.36607041,-101.52326590000001,48383.0,1091.1925175370227,0.0,42,39,0,0,39,39,3741,3,0,0,3,0
2020-07-16,US,Texas,Real,6,0,0,29.83321503,-99.82018052,48385.0,173.81228273464657,0.0,6,6,0,0,6,6,3478,0,0,0,0,0
2020-07-16,US,Texas,Red River,129,12,0,33.61886692,-95.04841765,48387.0,1072.9435249105882,9.30232558139535,117,123,12,0,111,123,12175,6,0,0,6,0
2020-07-16,US,Texas,Reeves,84,2,0,31.32323325,-103.69038959999999,48389.0,525.7886830245368,2.380952380952381,82,82,2,0,80,83,15695,2,0,0,2,-1
2020-07-16,US,Texas,Refugio,67,0,0,28.323897600000002,-97.15766311,48391.0,964.3062751871042,0.0,67,56,0,0,56,51,7032,11,0,0,11,5
2020-07-16,US,Texas,Roberts,6,0,0,35.83809685,-100.813175,48393.0,702.5761124121782,0.0,6,6,0,0,6,6,903,0,0,0,0,0
2020-07-16,US,Texas,Robertson,125,0,0,31.02539637,-96.51272246,48395.0,732.1072976455431,0.0,125,124,0,0,124,115,17284,1,0,0,1,9
2020-07-16,US,Texas,Rockwall,505,17,0,32.89779518,-96.40771592,48397.0,481.34203879330886,3.366336633663366,488,505,17,0,488,491,100657,0,0,0,0,14
2020-07-16,US,Texas,Runnels,31,0,0,31.8314342,-99.97616148,48399.0,302.0265003897116,0.0,31,28,0,0,28,25,10234,3,0,0,3,3
2020-07-16,US,Texas,Rusk,250,3,0,32.10773545,-94.76176432,48401.0,459.5081424842848,1.2,247,263,3,0,260,264,54450,-13,0,0,-13,-1
2020-07-16,US,Texas,Sabine,34,1,0,31.34318809,-93.85440451,48403.0,322.51944602542216,2.9411764705882355,33,34,1,0,33,34,10589,0,0,0,0,0
2020-07-16,US,Texas,San Augustine,135,12,0,31.39457611,-94.17000399,48405.0,1638.9462182833554,8.888888888888891,123,130,12,0,118,130,8232,5,0,0,5,0
2020-07-16,US,Texas,San Jacinto,121,2,0,30.57933681,-95.16260304,48407.0,419.2799473301223,1.6528925619834711,119,109,2,0,107,104,28719,12,0,0,12,5
2020-07-16,US,Texas,San Patricio,364,0,0,28.00880118,-97.51763891,48409.0,545.4817922973175,0.0,364,352,0,0,352,339,66893,12,0,0,12,13
2020-07-16,US,Texas,San Saba,10,0,0,31.1577796,-98.81758731,48411.0,165.15276630883568,0.0,10,9,0,0,9,10,6054,1,0,0,1,-1
2020-07-16,US,Texas,Schleicher,26,1,0,30.89740592,-100.5384842,48413.0,930.8986752595777,3.8461538461538463,25,25,1,0,24,25,2895,1,0,0,1,0
2020-07-16,US,Texas,Scurry,356,1,0,32.74613808,-100.91626640000001,48415.0,2131.353649045081,0.2808988764044944,355,350,1,0,349,350,16866,6,0,0,6,0
2020-07-16,US,Texas,Shackelford,10,0,0,32.73587756,-99.35401337,48417.0,306.27871362940283,0.0,10,9,0,0,9,9,3253,1,0,0,1,0
2020-07-16,US,Texas,Shelby,317,14,0,31.79211404,-94.14550696,48419.0,1254.2533829231622,4.416403785488959,303,312,14,0,298,303,25418,5,0,0,5,9
2020-07-16,US,Texas,Sherman,33,0,0,36.27751473,-101.8933156,48421.0,1091.9920582395764,0.0,33,33,0,0,33,33,3079,0,0,0,0,0
2020-07-16,US,Texas,Smith,1568,8,0,32.37474036,-95.27175679999999,48423.0,673.6813160845711,0.5102040816326531,1560,1499,7,0,1492,1441,230221,69,1,0,68,58
2020-07-16,US,Texas,Somervell,33,0,0,32.22236802,-97.77403489,48425.0,361.5249780893953,0.0,33,30,0,0,30,30,9016,3,0,0,3,0
2020-07-16,US,Texas,Starr,1215,9,0,26.56150059,-98.73892358,48427.0,1879.8446613958813,0.7407407407407407,1206,1215,9,0,1206,1017,64525,0,0,0,0,198
2020-07-16,US,Texas,Stephens,18,0,0,32.73553157,-98.83631615,48429.0,192.18449711723247,0.0,18,17,0,0,17,16,9433,1,0,0,1,1
2020-07-16,US,Texas,Sterling,1,0,0,31.82781912,-101.05007459999999,48431.0,77.45933384972889,0.0,1,1,0,0,1,1,1311,0,0,0,0,0
2020-07-16,US,Texas,Sutton,26,0,0,30.49856623,-100.5382014,48435.0,688.5593220338983,0.0,26,26,0,0,26,25,3758,0,0,0,0,1
2020-07-16,US,Texas,Swisher,62,1,0,34.53028891,-101.73491740000001,48437.0,838.1776395836148,1.6129032258064515,61,60,1,0,59,58,7462,2,0,0,2,2
2020-07-16,US,Texas,Tarrant,20433,283,0,32.77143818,-97.29101614,48439.0,971.836110562826,1.385014437429648,20150,19014,272,0,18742,18483,2084931,1419,11,0,1408,531
2020-07-16,US,Texas,Taylor,835,11,0,32.30163422,-99.89007449,48441.0,604.9234246634887,1.3173652694610778,824,815,10,0,805,794,137640,20,1,0,19,21
2020-07-16,US,Texas,Terrell,2,0,0,30.22429013,-102.0766732,48443.0,257.73195876288656,0.0,2,2,0,0,2,2,823,0,0,0,0,0
2020-07-16,US,Texas,Terry,60,0,0,33.17402785,-102.3354521,48445.0,486.34189835454316,0.0,60,59,0,0,59,56,12287,1,0,0,1,3
2020-07-16,US,Texas,Throckmorton,2,0,0,33.17751417,-99.21226795,48447.0,133.24450366422386,0.0,2,2,0,0,2,2,1515,0,0,0,0,0
2020-07-16,US,Texas,Titus,1030,6,0,33.21339719,-94.96797273,48449.0,3145.038167938931,0.5825242718446602,1024,985,6,0,979,985,33033,45,0,0,45,0
2020-07-16,US,Texas,Tom Green,1343,11,0,31.40464436,-100.46244300000001,48451.0,1126.6778523489936,0.8190618019359642,1332,1265,9,0,1256,1160,118189,78,2,0,76,105
2020-07-16,US,Texas,Travis,16570,183,0,30.33432034,-97.78535620000001,48453.0,1300.6749066292818,1.104405552202776,16387,15998,179,0,15819,15445,1248743,572,4,0,568,553
2020-07-16,US,Texas,Trinity,89,0,0,31.0879489,-95.1367187,48455.0,607.4670670943963,0.0,89,84,0,0,84,83,14740,5,0,0,5,1
2020-07-16,US,Texas,Tyler,45,0,0,30.77031716,-94.37690895,48457.0,207.64119601328903,0.0,45,45,0,0,45,45,21696,0,0,0,0,0
2020-07-16,US,Texas,Upshur,113,0,0,32.73706798,-94.93999853,48459.0,270.6392355040356,0.0,113,109,0,0,109,107,41260,4,0,0,4,2
2020-07-16,US,Texas,Upton,10,0,0,31.36868194,-102.0423217,48461.0,273.4481815695926,0.0,10,10,0,0,10,10,3671,0,0,0,0,0
2020-07-16,US,Texas,Uvalde,278,3,0,29.35739637,-99.76229172,48463.0,1039.6021091208256,1.0791366906474822,275,261,3,0,258,259,26846,17,0,0,17,2
2020-07-16,US,Texas,Val Verde,837,8,0,29.89149232,-101.1525205,48465.0,1707.2921978582356,0.955794504181601,829,699,8,0,691,699,49208,138,0,0,138,0
2020-07-16,US,Texas,Van Zandt,221,3,0,32.56483801,-95.83766469,48467.0,390.528361901396,1.3574660633484164,218,216,3,0,213,209,56019,5,0,0,5,7
2020-07-16,US,Texas,Victoria,1991,13,0,28.79780988,-96.96813006,48469.0,2162.1562920811434,0.6529382219989954,1978,1991,13,0,1978,1599,92035,0,0,0,0,392
2020-07-16,US,Texas,Walker,2513,28,0,30.73872995,-95.57440968,48471.0,3443.8338518041414,1.1142061281337048,2485,2495,28,0,2467,2490,72480,18,0,0,18,5
2020-07-16,US,Texas,Waller,275,0,0,30.01058447,-95.99011759,48473.0,497.77359446837784,0.0,275,269,0,0,269,257,53126,6,0,0,6,12
2020-07-16,US,Texas,Ward,58,0,0,31.50999644,-103.09279090000001,48475.0,483.4139023170528,0.0,58,55,0,0,55,53,11720,3,0,0,3,2
2020-07-16,US,Texas,Washington,367,33,0,30.21498498,-96.40946246,48477.0,1022.7969455437268,8.991825613079019,334,367,33,0,334,357,35108,0,0,0,0,10
2020-07-16,US,Texas,Webb,3373,51,0,27.7610369,-99.33237355,48479.0,1219.2212599222128,1.5120071153276016,3322,3211,49,0,3162,3001,275910,162,2,0,160,210
2020-07-16,US,Texas,Wharton,380,1,0,29.27765923,-96.22319248,48481.0,914.428722687458,0.2631578947368421,379,368,1,0,367,359,41619,12,0,0,12,9
2020-07-16,US,Texas,Wheeler,22,0,0,35.40114335,-100.26995140000001,48483.0,435.126582278481,0.0,22,22,0,0,22,23,5191,0,0,0,0,-1
2020-07-16,US,Texas,Wichita,666,7,0,33.98842886,-98.70410340000001,48485.0,503.6678514709218,1.0510510510510511,659,648,6,0,642,636,132064,18,1,0,17,12
2020-07-16,US,Texas,Wilbarger,20,0,0,34.07945812,-99.24178437,48487.0,156.62933667475912,0.0,20,20,0,0,20,19,12820,0,0,0,0,1
2020-07-16,US,Texas,Willacy,440,3,0,26.47411727,-97.61535848,48489.0,2060.1179885757088,0.6818181818181818,437,410,3,0,407,356,21515,30,0,0,30,54
2020-07-16,US,Texas,Williamson,4420,65,0,30.64655664,-97.60048540000001,48491.0,748.4535628590926,1.4705882352941178,4355,4327,61,0,4266,4153,566719,93,4,0,89,174
2020-07-16,US,Texas,Wilson,230,5,0,29.1732598,-98.08693082,48493.0,450.36224789504615,2.1739130434782608,225,220,5,0,215,203,50224,10,0,0,10,17
2020-07-16,US,Texas,Winkler,49,0,0,31.85008651,-103.04851629999999,48495.0,611.7353308364544,0.0,49,47,0,0,47,45,7720,2,0,0,2,2
2020-07-16,US,Texas,Wise,211,5,0,33.21570665,-97.65460265,48497.0,301.49748513946037,2.3696682464454977,206,210,5,0,205,202,68305,1,0,0,1,8
2020-07-16,US,Texas,Wood,163,5,0,32.78722382,-95.38236368,48499.0,357.93495685017234,3.0674846625766867,158,154,5,0,149,144,45129,9,0,0,9,10
2020-07-16,US,Texas,Yoakum,45,0,0,33.17320212,-102.82764329999999,48501.0,516.4696430620911,0.0,45,44,0,0,44,44,8591,1,0,0,1,0
2020-07-16,US,Texas,Young,68,1,0,33.17659707,-98.68790885,48503.0,377.5680177679067,1.4705882352941178,67,64,1,0,63,62,18045,4,0,0,4,2
2020-07-16,US,Texas,Zapata,112,1,0,27.00156391,-99.16987152,48505.0,789.9005571620003,0.8928571428571429,111,103,0,0,103,86,14190,9,1,0,8,17
2020-07-16,US,Texas,Zavala,79,0,0,28.86617238,-99.76050829,48507.0,667.2297297297298,0.0,79,70,0,0,70,60,11983,9,0,0,9,10
2020-07-16,US,Utah,Bear River,1837,4,0,41.52106798,-113.0832816,0.0,983.3099594257512,0.21774632553075668,1833,1811,4,0,1807,1806,,26,0,0,26,5
2020-07-16,US,Utah,Central Utah,284,0,0,39.37231946,-111.5758676,0.0,346.53586158088683,0.0,284,278,0,0,278,273,,6,0,0,6,5
2020-07-16,US,Utah,Davis,2113,7,0,40.99001837,-112.1139997,49011.0,594.4058894849512,0.3312825366777094,2106,2016,7,0,2009,1976,351713,97,0,0,97,40
2020-07-16,US,Utah,Salt Lake,15655,133,0,40.66616532,-111.9216011,49035.0,1349.0607417722804,0.849568827850527,15522,15306,132,0,15174,15083,1152633,349,1,0,348,223
2020-07-16,US,Utah,San Juan,494,18,0,37.62762978,-109.80337140000002,49037.0,3227.0708126469813,3.643724696356276,476,489,18,0,471,481,15449,5,0,0,5,8
2020-07-16,US,Utah,Southeast Utah,54,0,0,38.99617072,-110.7013958,0.0,134.2315245221109,0.0,54,54,0,0,54,54,,0,0,0,0,0
2020-07-16,US,Utah,Southwest Utah,2239,19,0,37.85447192,-111.4418764,0.0,888.3440061577037,0.8485931219294328,2220,2158,19,0,2139,2140,,81,0,0,81,18
2020-07-16,US,Utah,Summit,605,1,0,40.86688146,-110.9535882,49043.0,1435.5202277850278,0.1652892561983471,604,597,1,0,596,596,41933,8,0,0,8,1
2020-07-16,US,Utah,Tooele,387,0,0,40.44862644,-113.1295715,49045.0,535.5734233797866,0.0,387,370,0,0,370,364,69907,17,0,0,17,6
2020-07-16,US,Utah,TriCounty,82,0,0,40.12491499,-109.5174415,0.0,144.82003461552048,0.0,82,79,0,0,79,73,,3,0,0,3,6
2020-07-16,US,Utah,Utah,5794,30,0,40.1166722,-111.6657662,49049.0,910.6697996809356,0.5177770107007249,5764,5637,30,0,5607,5560,622213,157,0,0,157,77
2020-07-16,US,Utah,Wasatch,472,4,0,40.33110236,-111.1691419,49051.0,1384.5296412542905,0.8474576271186439,468,465,4,0,461,464,33240,7,0,0,7,1
2020-07-16,US,Utah,Weber-Morgan,1829,18,0,41.27116049,-111.9145117,0.0,671.5943848981226,0.9841443411700382,1811,1631,18,0,1613,1608,,198,0,0,198,23
2020-07-16,US,Vermont,Addison,70,2,0,44.03217337,-73.14130877,50001.0,190.3363515240504,2.8571428571428568,68,70,2,0,68,68,36973,0,0,0,0,2
2020-07-16,US,Vermont,Bennington,76,1,0,43.03519828,-73.09048868,50003.0,214.265576543558,1.3157894736842106,75,76,1,0,75,74,35631,0,0,0,0,2
2020-07-16,US,Vermont,Caledonia,24,0,0,44.46548598,-72.10314651,50005.0,80.01867102323875,0.0,24,23,0,0,23,22,30302,1,0,0,1,1
2020-07-16,US,Vermont,Chittenden,672,39,0,44.46322849,-73.08359212,50007.0,410.3215406596896,5.803571428571429,633,667,39,0,628,662,164572,5,0,0,5,5
2020-07-16,US,Vermont,Essex,5,0,0,44.72736416,-71.73579864,50009.0,81.12932013629725,0.0,5,5,0,0,5,5,6250,0,0,0,0,0
2020-07-16,US,Vermont,Franklin,110,6,0,44.85627605,-72.91249563,50011.0,222.66305007894417,5.454545454545454,104,110,6,0,104,110,49421,0,0,0,0,0
2020-07-16,US,Vermont,Grand Isle,13,0,0,44.797582399999996,-73.29679772,50013.0,179.68210089841045,0.0,13,13,0,0,13,13,7090,0,0,0,0,0
2020-07-16,US,Vermont,Lamoille,41,1,0,44.60353043,-72.64356694,50015.0,161.6591751439161,2.4390243902439024,40,40,1,0,39,40,25300,1,0,0,1,0
2020-07-16,US,Vermont,Orange,10,0,0,44.00470222,-72.37640104,50017.0,34.61165720614703,0.0,10,10,0,0,10,10,28999,0,0,0,0,0
2020-07-16,US,Vermont,Orleans,14,0,0,44.82964024,-72.24562697,50019.0,51.78089285053815,0.0,14,14,0,0,14,14,26907,0,0,0,0,0
2020-07-16,US,Vermont,Rutland,78,1,0,43.57723578,-73.03741676,50021.0,134.04134659998968,1.2820512820512822,77,78,1,0,77,78,58672,0,0,0,0,0
2020-07-16,US,Vermont,Unassigned,5,0,0,0.0,0.0,90050.0,0.0,0.0,5,5,0,0,5,5,,0,0,0,0,0
2020-07-16,US,Vermont,Washington,44,1,0,44.27343241,-72.61604978,50023.0,75.33085654608024,2.272727272727273,43,44,1,0,43,43,58140,0,0,0,0,1
2020-07-16,US,Vermont,Windham,99,3,0,42.986982,-72.71268875,50025.0,234.4749182890436,3.0303030303030303,96,99,3,0,96,99,42756,0,0,0,0,0
2020-07-16,US,Vermont,Windsor,64,2,0,43.58010937,-72.58595157,50027.0,116.23261051178673,3.125,62,64,2,0,62,62,55286,0,0,0,0,2
2020-07-16,US,Virginia,Accomack,1045,14,0,37.76707161,-75.63234615,51001.0,3233.692288649585,1.3397129186602872,1031,1045,14,0,1031,1045,32412,0,0,0,0,0
2020-07-16,US,Virginia,Albemarle,583,10,0,38.02080697,-78.55481085,51003.0,533.2479648769778,1.7152658662092624,573,583,10,0,573,578,108718,0,0,0,0,5
2020-07-16,US,Virginia,Alexandria,2507,56,0,38.814003,-77.08183073,51510.0,1572.4966756153244,2.2337455125648185,2451,2486,57,0,2429,2465,160530,21,-1,0,22,21
2020-07-16,US,Virginia,Alleghany,54,2,0,37.78636074,-80.00222498,51005.0,363.39165545087485,3.703703703703704,52,53,2,0,51,52,14910,1,0,0,1,1
2020-07-16,US,Virginia,Amelia,56,1,0,37.34081025,-77.98584649,51007.0,426.01749714720427,1.7857142857142858,55,55,1,0,54,53,13013,1,0,0,1,2
2020-07-16,US,Virginia,Amherst,43,0,0,37.60308293,-79.14548696,51009.0,136.0544217687075,0.0,43,42,0,0,42,40,31666,1,0,0,1,2
2020-07-16,US,Virginia,Appomattox,48,0,0,37.37569884,-78.81340003,51011.0,301.6780843441644,0.0,48,48,0,0,48,48,15841,0,0,0,0,0
2020-07-16,US,Virginia,Arlington,2691,134,0,38.8767675,-77.10139853,51013.0,1136.2005049780025,4.979561501300632,2557,2677,134,0,2543,2660,237521,14,0,0,14,17
2020-07-16,US,Virginia,Augusta,219,2,0,38.16404586,-79.12461614,51015.0,289.8435638846978,0.9132420091324199,217,218,2,0,216,213,75457,1,0,0,1,5
2020-07-16,US,Virginia,Bath,2,0,0,38.05852573,-79.73912095,51017.0,48.22763443453098,0.0,2,1,0,0,1,1,4292,1,0,0,1,0
2020-07-16,US,Virginia,Bedford,176,4,0,37.3080028,-79.5281964,51019.0,222.79327063053032,2.272727272727273,172,174,4,0,170,170,78747,2,0,0,2,4
2020-07-16,US,Virginia,Bland,5,0,0,37.13128068,-81.13599391,51021.0,79.61783439490445,0.0,5,3,0,0,3,3,6293,2,0,0,2,0
2020-07-16,US,Virginia,Botetourt,164,4,0,37.55531756,-79.80982182,51023.0,490.73880128070846,2.4390243902439024,160,161,4,0,157,160,33277,3,0,0,3,1
2020-07-16,US,Virginia,Bristol,15,0,0,36.616302399999995,-82.16359122,51520.0,89.48812790836416,0.0,15,14,0,0,14,14,16482,1,0,0,1,0
2020-07-16,US,Virginia,Brunswick,143,1,0,36.76366949,-77.8593436,51025.0,881.0301275337317,0.6993006993006993,142,143,1,0,142,143,16384,0,0,0,0,0
2020-07-16,US,Virginia,Buchanan,51,0,0,37.26818323,-82.03749726,51027.0,242.81089316320703,0.0,51,48,0,0,48,46,21221,3,0,0,3,2
2020-07-16,US,Virginia,Buckingham,578,6,0,37.57242268,-78.52518834,51029.0,3370.6554700256597,1.038062283737024,572,577,6,0,571,577,16999,1,0,0,1,0
2020-07-16,US,Virginia,Buena Vista,25,0,0,37.73484642,-79.35296097,51530.0,385.9215807347947,0.0,25,25,0,0,25,22,6237,0,0,0,0,3
2020-07-16,US,Virginia,Campbell,70,1,0,37.20553386,-79.09678609,51031.0,127.53940056481736,1.4285714285714286,69,71,1,0,70,70,54973,-1,0,0,-1,1
2020-07-16,US,Virginia,Caroline,151,4,0,38.02679129,-77.34901405,51033.0,491.4564686737185,2.6490066225165565,147,147,4,0,143,145,30772,4,0,0,4,2
2020-07-16,US,Virginia,Carroll,267,10,0,36.73066666,-80.73455942,51035.0,896.2438320298078,3.7453183520599245,257,263,10,0,253,255,29636,4,0,0,4,8
2020-07-16,US,Virginia,Charles City,42,3,0,37.35358063,-77.05634116,51036.0,603.1882809133994,7.142857142857142,39,42,3,0,39,41,6941,0,0,0,0,1
2020-07-16,US,Virginia,Charlotte,39,0,0,37.01909701,-78.66314092,51037.0,328.28282828282835,0.0,39,38,0,0,38,38,11938,1,0,0,1,0
2020-07-16,US,Virginia,Charlottesville,318,7,0,38.03527919,-78.48569588,51540.0,672.7880506072017,2.2012578616352205,311,318,7,0,311,310,48117,0,0,0,0,8
2020-07-16,US,Virginia,Chesapeake,1509,24,0,36.67670048,-76.30545744,51550.0,616.3334490575286,1.5904572564612327,1485,1441,23,0,1418,1379,242634,68,1,0,67,62
2020-07-16,US,Virginia,Chesterfield,3359,64,0,37.37373208,-77.58680140000001,51041.0,952.0921083213814,1.9053289669544504,3295,3324,63,0,3261,3278,348556,35,1,0,34,46
2020-07-16,US,Virginia,Clarke,61,0,0,39.11271747,-77.99199425,51043.0,417.2652028182502,0.0,61,61,0,0,61,61,14523,0,0,0,0,0
2020-07-16,US,Virginia,Colonial Heights,163,20,0,37.26420587,-77.39609676,51570.0,938.3995394358087,12.269938650306747,143,163,20,0,143,161,17833,0,0,0,0,2
2020-07-16,US,Virginia,Covington,5,0,0,37.7824656,-79.98631446,51580.0,90.2853015529072,0.0,5,5,0,0,5,5,5460,0,0,0,0,0
2020-07-16,US,Virginia,Craig,10,0,0,37.48133648,-80.21072274,51045.0,194.89378288832583,0.0,10,9,0,0,9,9,5064,1,0,0,1,0
2020-07-16,US,Virginia,Culpeper,873,12,0,38.48199985,-77.95630870000002,51047.0,1659.5380667236955,1.3745704467353952,861,872,12,0,860,863,51859,1,0,0,1,9
2020-07-16,US,Virginia,Cumberland,60,0,0,37.51328851,-78.24398086,51049.0,604.1079339508659,0.0,60,61,0,0,61,61,9809,-1,0,0,-1,0
2020-07-16,US,Virginia,Danville,151,2,0,36.58022376,-79.40395668,51590.0,377.0852062730996,1.3245033112582782,149,148,2,0,146,138,40693,3,0,0,3,10
2020-07-16,US,Virginia,Dickenson,8,0,0,37.12560977,-82.35124171,51051.0,55.873725380639755,0.0,8,7,0,0,7,6,14523,1,0,0,1,1
2020-07-16,US,Virginia,Dinwiddie,163,2,0,37.07544585,-77.63451754,51053.0,571.0482062780269,1.2269938650306749,161,162,2,0,160,160,28529,1,0,0,1,2
2020-07-16,US,Virginia,Emporia,148,15,0,36.69455571,-77.53406129,51595.0,2768.4249906472132,10.135135135135137,133,146,15,0,131,146,5121,2,0,0,2,0
2020-07-16,US,Virginia,Essex,68,0,0,37.93357639,-76.94230311,51057.0,620.8344745731763,0.0,68,66,0,0,66,66,10919,2,0,0,2,0
2020-07-16,US,Virginia,Fairfax,14687,509,0,38.83677558,-77.27565836,51059.0,1279.8771624669293,3.465649894464492,14178,14653,502,0,14151,14574,1150795,34,7,0,27,79
2020-07-16,US,Virginia,Fairfax,14687,509,0,38.83677558,-77.27565836,51059.0,1279.8771624669293,3.465649894464492,14178,14653,502,0,14151,14574,24574,34,7,0,27,79
2020-07-16,US,Virginia,Fairfax City,74,7,0,38.85157547,-77.29779640000002,51600.0,308.08942920188184,9.459459459459461,67,74,7,0,67,74,24574,0,0,0,0,0
2020-07-16,US,Virginia,Falls Church,54,7,0,38.88485255,-77.17560759,51610.0,369.43285215844566,12.962962962962965,47,54,7,0,47,53,14772,0,0,0,0,1
2020-07-16,US,Virginia,Fauquier,503,8,0,38.73564842,-77.80647472,51061.0,706.2424531745809,1.5904572564612327,495,498,8,0,490,497,70675,5,0,0,5,1
2020-07-16,US,Virginia,Floyd,25,1,0,36.9302126,-80.36738849,51063.0,158.74023747539528,4.0,24,25,1,0,24,25,15795,0,0,0,0,0
2020-07-16,US,Virginia,Fluvanna,139,8,0,37.84157909,-78.27715475,51065.0,509.71763843050974,5.755395683453237,131,139,8,0,131,139,26783,0,0,0,0,0
2020-07-16,US,Virginia,Franklin,117,1,0,36.99536167,-79.88023649,51067.0,208.77199243424573,0.8547008547008547,116,115,1,0,114,114,56195,2,0,0,2,1
2020-07-16,US,Virginia,Franklin,117,1,0,36.99536167,-79.88023649,51067.0,208.77199243424573,0.8547008547008547,116,115,1,0,114,114,8013,2,0,0,2,1
2020-07-16,US,Virginia,Franklin City,83,4,0,36.6831435,-76.93859681,51620.0,1041.7974143341282,4.819277108433735,79,80,3,0,77,78,8013,3,1,0,2,2
2020-07-16,US,Virginia,Frederick,570,7,0,39.20172582,-78.25974949,51069.0,638.2049645628296,1.2280701754385963,563,565,7,0,558,558,88355,5,0,0,5,7
2020-07-16,US,Virginia,Fredericksburg,288,1,0,38.2977863,-77.4922454,51630.0,991.8721586995456,0.3472222222222222,287,288,0,0,288,287,29144,0,1,0,-1,1
2020-07-16,US,Virginia,Galax,296,16,0,36.66601852,-80.91703124,51640.0,4663.620608161336,5.405405405405406,280,292,16,0,276,290,6423,4,0,0,4,2
2020-07-16,US,Virginia,Giles,18,0,0,37.31234791,-80.70636931,51071.0,107.65550239234449,0.0,18,18,0,0,18,18,16844,0,0,0,0,0
2020-07-16,US,Virginia,Gloucester,80,1,0,37.40809042,-76.53524337,51073.0,214.2015636714148,1.25,79,79,1,0,78,76,37349,1,0,0,1,3
2020-07-16,US,Virginia,Goochland,135,6,0,37.71714806,-77.90381514,51075.0,568.3492611459608,4.4444444444444455,129,135,6,0,129,131,23244,0,0,0,0,4
2020-07-16,US,Virginia,Grayson,97,4,0,36.65677234,-81.23215889,51077.0,623.7942122186495,4.123711340206185,93,95,4,0,91,93,15631,2,0,0,2,2
2020-07-16,US,Virginia,Greene,88,2,0,38.29545894,-78.46525378,51079.0,444.0183662142389,2.272727272727273,86,88,2,0,86,87,19779,0,0,0,0,1
2020-07-16,US,Virginia,Greensville,386,9,0,36.67878901,-77.56351439,51081.0,3405.0811573747355,2.33160621761658,377,384,9,0,375,382,11627,2,0,0,2,2
2020-07-16,US,Virginia,Halifax,97,1,0,36.76654925,-78.93512622,51083.0,286.042876942585,1.0309278350515465,96,89,1,0,88,89,34120,8,0,0,8,0
2020-07-16,US,Virginia,Hampton,607,4,0,37.03513786,-76.35879121,51650.0,451.26756374990714,0.6589785831960461,603,592,4,0,588,568,134313,15,0,0,15,24
2020-07-16,US,Virginia,Hanover,504,30,0,37.7583355,-77.49464673,51085.0,467.67997327543014,5.9523809523809526,474,491,30,0,461,486,107239,13,0,0,13,5
2020-07-16,US,Virginia,Harrisonburg,999,29,0,38.43542574,-78.87536254,51660.0,1884.336803983703,2.9029029029029028,970,996,29,0,967,992,54033,3,0,0,3,4
2020-07-16,US,Virginia,Henrico,2964,175,0,37.53460572,-77.39326555,51087.0,895.9609211107014,5.904183535762483,2789,2947,175,0,2772,2925,329261,17,0,0,17,22
2020-07-16,US,Virginia,Henry,387,5,0,36.68542395,-79.87634026,51089.0,765.4726348477956,1.2919896640826871,382,381,5,0,376,363,50953,6,0,0,6,18
2020-07-16,US,Virginia,Highland,3,0,0,38.35799465,-79.56124594,51091.0,136.98630136986299,0.0,3,3,0,0,3,3,2210,0,0,0,0,0
2020-07-16,US,Virginia,Hopewell,216,5,0,37.29186313,-77.29754684,51670.0,958.7642593989967,2.314814814814815,211,212,5,0,207,210,22596,4,0,0,4,2
2020-07-16,US,Virginia,Isle of Wight,245,9,0,36.90579348,-76.70842863,51093.0,660.2171979843165,3.673469387755102,236,240,9,0,231,237,36953,5,0,0,5,3
2020-07-16,US,Virginia,James City,390,16,0,37.31156958,-76.76950618,51095.0,509.65069325562246,4.102564102564102,374,388,16,0,372,378,76397,2,0,0,2,10
2020-07-16,US,Virginia,King George,106,4,0,38.26818502,-77.15852768,51099.0,394.99180205693847,3.7735849056603774,102,105,4,0,101,104,26575,1,0,0,1,1
2020-07-16,US,Virginia,King William,61,2,0,37.70965316,-77.09384941,51101.0,355.7266153487287,3.278688524590164,59,59,2,0,57,58,16939,2,0,0,2,1
2020-07-16,US,Virginia,King and Queen,31,1,0,37.71044922,-76.88689628,51097.0,441.2811387900357,3.2258064516129035,30,31,1,0,30,30,7042,0,0,0,0,1
2020-07-16,US,Virginia,Lancaster,22,0,0,37.71889653,-76.46400482,51103.0,207.4884466660379,0.0,22,22,0,0,22,20,10783,0,0,0,0,2
2020-07-16,US,Virginia,Lee,26,0,0,36.70586667,-83.12606515,51105.0,111.00200657473421,0.0,26,26,0,0,26,22,23541,0,0,0,0,4
2020-07-16,US,Virginia,Lexington,20,0,0,37.78258621,-79.44262866,51678.0,268.6005909213,0.0,20,21,0,0,21,19,7136,-1,0,0,-1,2
2020-07-16,US,Virginia,Loudoun,4557,101,0,39.08990083,-77.63481877,51107.0,1101.954354859771,2.2163704191353957,4456,4519,101,0,4418,4458,406850,38,0,0,38,61
2020-07-16,US,Virginia,Louisa,143,2,0,37.97850256,-77.96274807,51109.0,380.41020457024285,1.3986013986013983,141,143,2,0,141,138,36778,0,0,0,0,5
2020-07-16,US,Virginia,Lunenburg,43,0,0,36.94618528,-78.24133319,51111.0,352.5746146277468,0.0,43,42,0,0,42,42,12086,1,0,0,1,0
2020-07-16,US,Virginia,Lynchburg,205,1,0,37.40021399,-79.19888138,51680.0,249.48885210787654,0.4878048780487805,204,200,1,0,199,193,82126,5,0,0,5,7
2020-07-16,US,Virginia,Madison,49,1,0,38.41531222,-78.28220331,51113.0,369.50456225020736,2.0408163265306123,48,48,1,0,47,49,13295,1,0,0,1,-1
2020-07-16,US,Virginia,Manassas,1499,19,0,38.7464321,-77.48509905,51683.0,3648.5335280515997,1.267511674449633,1480,1497,19,0,1478,1494,41641,2,0,0,2,3
2020-07-16,US,Virginia,Manassas Park,464,6,0,38.77058531,-77.44399307,51685.0,2654.765991532212,1.293103448275862,458,463,6,0,457,461,17307,1,0,0,1,2
2020-07-16,US,Virginia,Martinsville,128,1,0,36.68212094,-79.86352771,51690.0,1019.5953480962244,0.78125,127,123,1,0,122,117,12902,5,0,0,5,6
2020-07-16,US,Virginia,Mathews,7,0,0,37.44164146,-76.34098896,51115.0,79.23930269413628,0.0,7,7,0,0,7,7,8802,0,0,0,0,0
2020-07-16,US,Virginia,Mecklenburg,269,29,0,36.67882005,-78.36131056,51117.0,879.4585935201227,10.780669144981413,240,267,29,0,238,263,30650,2,0,0,2,4
2020-07-16,US,Virginia,Middlesex,18,0,0,37.63191998,-76.55064617,51119.0,170.1001701001701,0.0,18,18,0,0,18,17,10769,0,0,0,0,1
2020-07-16,US,Virginia,Montgomery,204,3,0,37.17746986,-80.37868691,51121.0,207.03303394732842,1.4705882352941178,201,201,3,0,198,199,98985,3,0,0,3,2
2020-07-16,US,Virginia,Nelson,27,0,0,37.78790447,-78.88498513,51125.0,180.84393837910247,0.0,27,27,0,0,27,25,14836,0,0,0,0,2
2020-07-16,US,Virginia,New Kent,76,1,0,37.50694406,-76.99828634,51127.0,329.1325624702265,1.3157894736842106,75,76,1,0,75,76,22391,0,0,0,0,0
2020-07-16,US,Virginia,Newport News,940,10,0,37.08166899,-76.51754109,51700.0,524.4804017296693,1.0638297872340423,930,900,10,0,890,856,178626,40,0,0,40,44
2020-07-16,US,Virginia,Norfolk,1888,19,0,36.89934014,-76.26420872,51710.0,777.7805241779338,1.00635593220339,1869,1742,18,0,1724,1606,244076,146,1,0,145,136
2020-07-16,US,Virginia,Northampton,276,28,0,37.34062933,-75.87751591,51131.0,2356.9598633646456,10.144927536231883,248,275,28,0,247,274,11735,1,0,0,1,1
2020-07-16,US,Virginia,Northumberland,47,1,0,37.89202088,-76.41949732,51133.0,388.59032658123186,2.127659574468085,46,47,1,0,46,47,12147,0,0,0,0,0
2020-07-16,US,Virginia,Norton,4,0,0,36.93357076,-82.62750411,51720.0,100.4772670183371,0.0,4,4,0,0,4,4,3968,0,0,0,0,0
2020-07-16,US,Virginia,Nottoway,136,5,0,37.1435975,-78.05065922,51135.0,892.8571428571429,3.6764705882352944,131,135,5,0,130,124,15420,1,0,0,1,11
2020-07-16,US,Virginia,Orange,168,3,0,38.24530219,-78.01560400000002,51137.0,453.42905724541845,1.7857142857142858,165,167,3,0,164,165,36644,1,0,0,1,2
2020-07-16,US,Virginia,Page,309,23,0,38.61807452,-78.48797204,51139.0,1292.7788469584136,7.44336569579288,286,310,23,0,287,303,23933,-1,0,0,-1,7
2020-07-16,US,Virginia,Patrick,53,1,0,36.680163799999995,-80.2865648,51141.0,300.99954566106317,1.8867924528301887,52,52,1,0,51,52,17673,1,0,0,1,0
2020-07-16,US,Virginia,Petersburg,352,9,0,37.20530399,-77.39368102,51730.0,1122.9502966885727,2.5568181818181817,343,348,9,0,339,338,31567,4,0,0,4,10
2020-07-16,US,Virginia,Pittsylvania,190,2,0,36.81980341,-79.39731264,51143.0,314.8092918447825,1.0526315789473684,188,187,2,0,185,175,60949,3,0,0,3,12
2020-07-16,US,Virginia,Poquoson,23,0,0,37.14259351,-76.35798148,51735.0,187.43378697742645,0.0,23,23,0,0,23,23,12190,0,0,0,0,0
2020-07-16,US,Virginia,Portsmouth,827,19,0,36.85914825,-76.35971629,51740.0,876.0778830059959,2.2974607013301087,808,794,19,0,775,761,94632,33,0,0,33,33
2020-07-16,US,Virginia,Powhatan,100,3,0,37.55016038,-77.91267882,51145.0,337.24537973829763,3.0,97,100,3,0,97,97,29189,0,0,0,0,3
2020-07-16,US,Virginia,Prince Edward,238,6,0,37.22554789,-78.43597949,51147.0,1043.7680905183756,2.5210084033613445,232,238,6,0,232,238,22950,0,0,0,0,0
2020-07-16,US,Virginia,Prince George,277,2,0,37.18497668,-77.22922187,51149.0,722.2381560764478,0.7220216606498195,275,276,2,0,274,265,38082,1,0,0,1,11
2020-07-16,US,Virginia,Prince William,7978,160,0,38.70916224,-77.48713689,51153.0,1696.237787959646,2.0055151667084483,7818,7947,160,0,7787,7890,468011,31,0,0,31,57
2020-07-16,US,Virginia,Pulaski,56,2,0,37.06474963,-80.71229738,51155.0,164.57519029006374,3.571428571428572,54,55,2,0,53,55,34066,1,0,0,1,0
2020-07-16,US,Virginia,Radford,19,0,0,37.12222899,-80.56027320000003,51750.0,104.11529398871171,0.0,19,18,0,0,18,18,18339,1,0,0,1,0
2020-07-16,US,Virginia,Rappahannock,33,1,0,38.68295619,-78.15826963,51157.0,447.76119402985074,3.0303030303030303,32,33,1,0,32,32,7252,0,0,0,0,1
2020-07-16,US,Virginia,Richmond,309,4,0,37.937575,-76.72920628,51159.0,3424.581624736784,1.2944983818770226,305,309,4,0,305,310,9038,0,0,0,0,-1
2020-07-16,US,Virginia,Richmond City,2498,36,0,37.53255773,-77.47966921,51760.0,1084.0320088875003,1.4411529223378703,2462,2473,36,0,2437,2457,228783,25,0,0,25,16
2020-07-16,US,Virginia,Roanoke,349,6,0,37.26865804,-80.06396753,51161.0,370.54339286093483,1.7191977077363896,343,342,6,0,336,341,94073,7,0,0,7,1
2020-07-16,US,Virginia,Roanoke City,617,10,0,37.27791025,-79.96189766,51770.0,622.3333972141252,1.6207455429497568,607,612,10,0,602,611,99920,5,0,0,5,1
2020-07-16,US,Virginia,Rockbridge,41,0,0,37.81204314,-79.44605905,51163.0,181.63292429008104,0.0,41,41,0,0,41,36,22752,0,0,0,0,5
2020-07-16,US,Virginia,Rockingham,808,15,0,38.51006137,-78.87260325,51165.0,985.9911163176648,1.8564356435643563,793,803,15,0,788,799,81244,5,0,0,5,4
2020-07-16,US,Virginia,Russell,27,0,0,36.93028320000001,-82.10095486,51167.0,101.5572105619499,0.0,27,26,0,0,26,26,26748,1,0,0,1,0
2020-07-16,US,Virginia,Salem,107,3,0,37.2836193,-80.06219455,51775.0,422.9081854472155,2.803738317757009,104,100,3,0,97,101,25643,7,0,0,7,-1
2020-07-16,US,Virginia,Scott,20,2,0,36.71466456,-82.60171704,51169.0,92.73856997125105,10.0,18,17,2,0,15,16,21534,3,0,0,3,1
2020-07-16,US,Virginia,Shenandoah,633,37,0,38.85905135,-78.56813762,51171.0,1451.3022743947174,5.845181674565562,596,619,35,0,584,616,43497,14,2,0,12,3
2020-07-16,US,Virginia,Smyth,49,1,0,36.84455636,-81.53344948,51173.0,162.76906723359022,2.0408163265306123,48,46,1,0,45,45,30472,3,0,0,3,1
2020-07-16,US,Virginia,Southampton,193,11,0,36.72231125,-77.10642712,51175.0,1094.662809823606,5.699481865284973,182,186,11,0,175,186,17586,7,0,0,7,0
2020-07-16,US,Virginia,Spotsylvania,1108,31,0,38.18574462,-77.655399,51177.0,813.4199610909227,2.7978339350180503,1077,1094,32,0,1062,1088,134238,14,-1,0,15,6
2020-07-16,US,Virginia,Stafford,1096,6,0,38.41758738,-77.45917053,51179.0,716.8927669706047,0.5474452554744526,1090,1085,6,0,1079,1075,149960,11,0,0,11,10
2020-07-16,US,Virginia,Staunton,108,0,0,38.15965544,-79.05979937,51790.0,433.1782448259265,0.0,108,106,0,0,106,99,24922,2,0,0,2,7
2020-07-16,US,Virginia,Suffolk,647,44,0,36.70155394,-76.63603554,51800.0,702.4362704651062,6.800618238021637,603,633,42,0,591,612,91185,14,2,0,12,21
2020-07-16,US,Virginia,Surry,21,1,0,37.11781893,-76.88450012,51181.0,327.0009342883837,4.761904761904762,20,21,1,0,20,21,6474,0,0,0,0,0
2020-07-16,US,Virginia,Sussex,227,7,0,36.92432914,-77.25791182,51183.0,2034.2324581055648,3.0837004405286343,220,219,7,0,212,216,11237,8,0,0,8,3
2020-07-16,US,Virginia,Tazewell,35,0,0,37.12191123,-81.56685568,51185.0,86.21751447222564,0.0,35,34,0,0,34,33,40855,1,0,0,1,1
2020-07-16,US,Virginia,Virginia Beach,2272,34,0,36.73285734,-76.04566934,51810.0,504.9180619324672,1.4964788732394363,2238,2137,34,0,2103,1993,450189,135,0,0,135,144
2020-07-16,US,Virginia,Warren,318,8,0,38.90847745,-78.20280433,51187.0,791.7538093815358,2.5157232704402515,310,317,8,0,309,314,40003,1,0,0,1,3
2020-07-16,US,Virginia,Washington,95,4,0,36.72341572,-81.95666289,51191.0,176.77707480461484,4.2105263157894735,91,90,4,0,86,89,54402,5,0,0,5,1
2020-07-16,US,Virginia,Waynesboro,133,0,0,38.06451466,-78.90293905,51820.0,587.7154220061865,0.0,133,129,0,0,129,126,22628,4,0,0,4,3
2020-07-16,US,Virginia,Westmoreland,186,2,0,38.11021557,-76.80213247,51193.0,1032.472939217319,1.075268817204301,184,186,2,0,184,185,17830,0,0,0,0,1
2020-07-16,US,Virginia,Williamsburg,88,6,0,37.28131268,-76.70905141,51830.0,588.4713120235389,6.8181818181818175,82,87,6,0,81,85,14896,1,0,0,1,2
2020-07-16,US,Virginia,Winchester,361,4,0,39.17054517,-78.17325058,51840.0,1285.7041099793432,1.10803324099723,357,361,4,0,357,357,28108,0,0,0,0,4
2020-07-16,US,Virginia,Wise,49,3,0,36.9746148,-82.62410519,51195.0,131.07562260920741,6.1224489795918355,46,48,2,0,46,47,38012,1,1,0,0,1
2020-07-16,US,Virginia,Wythe,64,1,0,36.91582035,-81.07834059,51197.0,223.12090363965973,1.5625,63,62,1,0,61,59,28754,2,0,0,2,3
2020-07-16,US,Virginia,York,181,3,0,37.24374789,-76.54412815,51199.0,265.08494434680733,1.6574585635359116,178,180,3,0,177,176,67846,1,0,0,1,4
2020-07-16,US,Washington,Adams,252,0,0,46.98299757,-118.56017340000001,53001.0,1261.0719111244555,0.0,252,252,0,0,252,251,19759,0,0,0,0,1
2020-07-16,US,Washington,Asotin,21,2,0,46.18894415,-117.2022851,53003.0,92.99442033477993,9.523809523809524,19,21,2,0,19,21,22610,0,0,0,0,0
2020-07-16,US,Washington,Benton,2676,97,0,46.23946995,-119.51208340000001,53005.0,1309.2617055628943,3.6248131539611363,2579,2622,96,0,2526,2487,201877,54,1,0,53,135
2020-07-16,US,Washington,Chelan,649,7,0,47.87046092,-120.6173956,53007.0,840.6735751295337,1.078582434514638,642,611,7,0,604,593,77036,38,0,0,38,18
2020-07-16,US,Washington,Clallam,65,0,0,48.04754642,-123.92263190000001,53009.0,84.05426025785259,0.0,65,62,0,0,62,62,76737,3,0,0,3,0
2020-07-16,US,Washington,Clark,1145,30,0,45.77568046,-122.48292040000001,53011.0,234.51533156781173,2.6200873362445414,1115,1125,29,0,1096,1086,481857,20,1,0,19,39
2020-07-16,US,Washington,Columbia,9,0,0,46.29442881,-117.9051983,53013.0,225.84692597239646,0.0,9,9,0,0,9,9,4059,0,0,0,0,0
2020-07-16,US,Washington,Cowlitz,317,1,0,46.19074721,-122.6782231,53015.0,286.63658640239436,0.3154574132492113,316,311,1,0,310,289,108987,6,0,0,6,22
2020-07-16,US,Washington,Douglas,422,3,0,47.7361335,-119.69293700000001,53017.0,971.7009371618044,0.7109004739336493,419,407,3,0,404,400,42907,15,0,0,15,7
2020-07-16,US,Washington,Ferry,4,0,0,48.471143100000006,-118.5154041,53019.0,52.445260259604034,0.0,4,4,0,0,4,4,7649,0,0,0,0,0
2020-07-16,US,Washington,Franklin,2574,42,0,46.53351425,-118.9018212,53021.0,2703.1568335048623,1.6317016317016315,2532,2550,42,0,2508,2505,94347,24,0,0,24,45
2020-07-16,US,Washington,Garfield,2,0,0,46.43197502,-117.54540320000001,53023.0,89.88764044943821,0.0,2,2,0,0,2,2,2247,0,0,0,0,0
2020-07-16,US,Washington,Grant,872,8,0,47.20753737,-119.4500749,53025.0,892.2267811281758,0.9174311926605504,864,873,8,0,865,866,97331,-1,0,0,-1,7
2020-07-16,US,Washington,Grays Harbor,58,1,0,47.14003705,-123.7820567,53027.0,77.27048667084105,1.7241379310344829,57,56,1,0,55,52,73901,2,0,0,2,4
2020-07-16,US,Washington,Island,209,11,0,48.14713305,-122.5216407,53029.0,245.47515298152481,5.2631578947368425,198,209,11,0,198,206,84460,0,0,0,0,3
2020-07-16,US,Washington,Jefferson,50,0,0,47.75003077,-123.56097040000002,53031.0,155.1782998665467,0.0,50,50,0,0,50,44,31729,0,0,0,0,6
2020-07-16,US,Washington,King,12558,631,0,47.49137892,-121.8346131,53033.0,557.4440846917279,5.024685459468069,11927,12325,630,0,11695,12213,2233163,233,1,0,232,112
2020-07-16,US,Washington,Kitsap,338,2,0,47.63479026,-122.6436061,53035.0,124.5059361336118,0.591715976331361,336,316,2,0,314,312,269805,22,0,0,22,4
2020-07-16,US,Washington,Kittitas,247,0,0,47.12521214,-120.67943899999999,53037.0,515.2811098362366,0.0,247,200,0,0,200,185,47364,47,0,0,47,15
2020-07-16,US,Washington,Klickitat,80,3,0,45.87325839,-120.7913598,53039.0,356.74470457079155,3.75,77,79,3,0,76,79,22107,1,0,0,1,0
2020-07-16,US,Washington,Lewis,110,3,0,46.57756476,-122.39257690000001,53041.0,136.2954886193267,2.727272727272727,107,108,3,0,105,104,79604,2,0,0,2,4
2020-07-16,US,Washington,Lincoln,5,0,0,47.57705241,-118.41943880000001,53043.0,45.708017186214455,0.0,5,4,0,0,4,4,10740,1,0,0,1,0
2020-07-16,US,Washington,Mason,70,1,0,47.35007586,-123.1863685,53045.0,104.84064222381978,1.4285714285714286,69,66,1,0,65,65,65507,4,0,0,4,1
2020-07-16,US,Washington,Okanogan,267,2,0,48.54855019,-119.73872240000001,53047.0,632.0573822881897,0.7490636704119851,265,242,2,0,240,232,42132,25,0,0,25,10
2020-07-16,US,Washington,Pacific,18,1,0,46.55418369,-123.7285716,53049.0,80.10324418138934,5.5555555555555545,17,18,1,0,17,18,22036,0,0,0,0,0
2020-07-16,US,Washington,Pend Oreille,18,0,0,48.53234021,-117.2741804,53051.0,131.15709705625179,0.0,18,13,0,0,13,13,13602,5,0,0,5,0
2020-07-16,US,Washington,Pierce,3486,108,0,47.03892768,-122.14059579999999,53053.0,385.2018829145396,3.0981067125645443,3378,3395,108,0,3287,3312,891299,91,0,0,91,83
2020-07-16,US,Washington,San Juan,22,0,0,48.60182783,-122.96745,53055.0,125.12797178933,0.0,22,22,0,0,22,22,17128,0,0,0,0,0
2020-07-16,US,Washington,Skagit,655,17,0,48.48171488,-121.766131,53057.0,506.9463256065941,2.595419847328244,638,644,17,0,627,627,128206,11,0,0,11,17
2020-07-16,US,Washington,Skamania,38,0,0,46.02408726,-121.91644029999999,53059.0,314.49143424646195,0.0,38,36,0,0,36,34,11924,2,0,0,2,2
2020-07-16,US,Washington,Snohomish,4181,179,0,48.04615983,-121.7170703,53061.0,508.5861160004525,4.281272422865343,4002,4122,179,0,3943,4072,814901,59,0,0,59,50
2020-07-16,US,Washington,Spokane,2393,43,0,47.62113146,-117.4046494,53063.0,457.7293715737245,1.7969076473046386,2350,2276,42,0,2234,2210,514631,117,1,0,116,66
2020-07-16,US,Washington,Stevens,35,1,0,48.40035475,-117.8542701,53065.0,76.54790805502702,2.8571428571428568,34,30,1,0,29,28,45260,5,0,0,5,2
2020-07-16,US,Washington,Thurston,408,5,0,46.9291895,-122.82906559999999,53067.0,140.4301016053088,1.2254901960784317,403,394,5,0,389,384,286419,14,0,0,14,10
2020-07-16,US,Washington,Unassigned,200,0,0,0.0,0.0,90053.0,0.0,0.0,200,127,1,0,126,143,,73,-1,0,74,-16
2020-07-16,US,Washington,Wahkiakum,5,0,0,46.29180039999999,-123.4250831,53069.0,111.40819964349377,0.0,5,5,0,0,5,5,4426,0,0,0,0,0
2020-07-16,US,Washington,Walla Walla,249,3,0,46.23040051,-118.4775539,53071.0,409.8090849242923,1.2048192771084338,246,244,3,0,241,235,60922,5,0,0,5,9
2020-07-16,US,Washington,Whatcom,749,36,0,48.82227976,-121.74900179999999,53073.0,326.7218327829808,4.806408544726302,713,732,36,0,696,725,225685,17,0,0,17,7
2020-07-16,US,Washington,Whitman,51,0,0,46.90022523,-117.52417630000001,53075.0,101.78828037681622,0.0,51,48,0,0,48,48,49791,3,0,0,3,0
2020-07-16,US,Washington,Yakima,8805,190,0,46.45738486,-120.73801259999999,53077.0,3509.743974042643,2.15786484951732,8615,8436,187,0,8249,8357,251446,369,3,0,366,79
2020-07-16,US,West Virginia,Barbour,24,1,0,39.1307219,-80.00350858,54001.0,145.97652210936076,4.166666666666667,23,23,1,0,22,20,16535,1,0,0,1,3
2020-07-16,US,West Virginia,Berkeley,555,10,0,39.46704621,-78.02414609,54003.0,465.71733055860886,1.8018018018018016,545,550,10,0,540,543,117123,5,0,0,5,7
2020-07-16,US,West Virginia,Boone,50,0,0,38.01974191,-81.69888019,54005.0,233.02418791070514,0.0,50,46,0,0,46,38,21951,4,0,0,4,8
2020-07-16,US,West Virginia,Braxton,5,0,0,38.70036159,-80.72011184,54007.0,35.82431754675073,0.0,5,5,0,0,5,5,14089,0,0,0,0,0
2020-07-16,US,West Virginia,Brooke,32,0,0,40.27367263,-80.57915332,54009.0,145.85897260586168,0.0,32,33,0,0,33,30,22203,-1,0,0,-1,3
2020-07-16,US,West Virginia,Cabell,209,0,0,38.42424062,-82.23855912,54011.0,227.30980477459354,0.0,209,204,0,0,204,202,93224,5,0,0,5,2
2020-07-16,US,West Virginia,Calhoun,4,0,0,38.84315422,-81.11934872,54013.0,56.2667041778028,0.0,4,4,0,0,4,4,7254,0,0,0,0,0
2020-07-16,US,West Virginia,Clay,14,1,0,38.46231092,-81.07652217,54015.0,164.55101081335218,7.142857142857142,13,13,1,0,12,13,8632,1,0,0,1,0
2020-07-16,US,West Virginia,Fayette,95,4,0,38.02974928,-81.08286634,54019.0,224.02490213649008,4.2105263157894735,91,89,4,0,85,84,43018,6,0,0,6,5
2020-07-16,US,West Virginia,Gilmer,13,0,0,38.9251277,-80.85952723,54021.0,166.17665857088068,0.0,13,13,0,0,13,13,8026,0,0,0,0,0
2020-07-16,US,West Virginia,Grant,22,0,0,39.10314817,-79.19440518,54023.0,190.17980636237897,0.0,22,21,0,0,21,21,11626,1,0,0,1,0
2020-07-16,US,West Virginia,Greenbrier,74,3,0,37.9463652,-80.45335881,54025.0,213.4902775373608,4.0540540540540535,71,74,3,0,71,71,34786,0,0,0,0,3
2020-07-16,US,West Virginia,Hampshire,44,1,0,39.32103553,-78.60826476,54027.0,189.85976267529662,2.272727272727273,43,45,1,0,44,44,23347,-1,0,0,-1,1
2020-07-16,US,West Virginia,Hancock,50,0,0,40.51943859,-80.57461608,54029.0,173.550850399167,0.0,50,50,0,0,50,46,29094,0,0,0,0,4
2020-07-16,US,West Virginia,Hardy,49,0,0,39.00683177,-78.85855301,54031.0,355.69105691056916,0.0,49,48,0,0,48,47,13775,1,0,0,1,1
2020-07-16,US,West Virginia,Harrison,134,1,0,39.2853852,-80.37919577,54033.0,199.23872963007008,0.746268656716418,133,131,1,0,130,126,67554,3,0,0,3,5
2020-07-16,US,West Virginia,Jackson,148,19,0,38.84263974,-81.68148753,54035.0,517.9171332586786,12.837837837837839,129,148,18,0,130,148,28706,0,1,0,-1,0
2020-07-16,US,West Virginia,Jefferson,262,4,0,39.30776166,-77.86014147,54037.0,458.4747838868862,1.5267175572519085,258,261,4,0,257,258,56811,1,0,0,1,3
2020-07-16,US,West Virginia,Kanawha,475,20,0,38.33860077,-81.52857054,54039.0,266.6681637510948,4.2105263157894735,455,454,20,0,434,434,180454,21,0,0,21,20
2020-07-16,US,West Virginia,Lewis,24,2,0,38.9947249,-80.49988181,54041.0,150.87697240208712,8.333333333333334,22,24,2,0,22,23,16024,0,0,0,0,1
2020-07-16,US,West Virginia,Lincoln,15,0,0,38.172154,-82.07017953,54043.0,73.49698662354844,0.0,15,12,0,0,12,9,20599,3,0,0,3,3
2020-07-16,US,West Virginia,Logan,40,1,0,37.8299889,-81.93528571,54045.0,124.92582529123331,2.5,39,41,1,0,40,39,32607,-1,0,0,-1,2
2020-07-16,US,West Virginia,Marion,123,2,0,39.50984542,-80.24244659,54049.0,219.3608218005421,1.6260162601626016,121,119,2,0,117,113,56097,4,0,0,4,6
2020-07-16,US,West Virginia,Marshall,75,0,0,39.86064362,-80.66591062,54051.0,245.6519603026432,0.0,75,72,0,0,72,68,30785,3,0,0,3,4
2020-07-16,US,West Virginia,Mason,26,0,0,38.77071799,-82.02524219,54053.0,98.05400512897872,0.0,26,26,0,0,26,26,26718,0,0,0,0,0
2020-07-16,US,West Virginia,McDowell,12,0,0,37.38002939,-81.65083669,54047.0,68.08896958692692,0.0,12,12,0,0,12,11,18223,0,0,0,0,1
2020-07-16,US,West Virginia,Mercer,67,0,0,37.40481169,-81.11023142,54055.0,114.02702610708329,0.0,67,67,0,0,67,63,59131,0,0,0,0,4
2020-07-16,US,West Virginia,Mineral,70,3,0,39.41561583,-78.94104895,54057.0,260.5329760309662,4.285714285714286,67,70,3,0,67,70,26940,0,0,0,0,0
2020-07-16,US,West Virginia,Mingo,41,2,0,37.73048351,-82.13338365,54059.0,175.03415300546447,4.878048780487805,39,36,2,0,34,31,23785,5,0,0,5,5
2020-07-16,US,West Virginia,Monongalia,648,5,0,39.63218457,-80.04766838,54061.0,613.5666401545279,0.7716049382716049,643,638,5,0,633,610,106420,10,0,0,10,28
2020-07-16,US,West Virginia,Monroe,15,0,0,37.56274716,-80.54577965,54063.0,112.99435028248587,0.0,15,15,0,0,15,15,13280,0,0,0,0,0
2020-07-16,US,West Virginia,Morgan,20,0,0,39.55439028,-78.26311676,54065.0,111.83180496533214,0.0,20,20,0,0,20,20,17787,0,0,0,0,0
2020-07-16,US,West Virginia,Nicholas,20,1,0,38.29617706,-80.79759588,54067.0,81.64598301763553,5.0,19,20,1,0,19,20,24842,0,0,0,0,0
2020-07-16,US,West Virginia,Ohio,162,3,0,40.0955451,-80.62203992,54069.0,391.2004056893096,1.851851851851852,159,158,3,0,155,148,41755,4,0,0,4,10
2020-07-16,US,West Virginia,Pendleton,18,1,0,38.68314479,-79.35084086,54071.0,258.2866982350409,5.5555555555555545,17,18,1,0,17,17,6997,0,0,0,0,1
2020-07-16,US,West Virginia,Pleasants,5,0,0,39.37091679,-81.16771771,54073.0,67.02412868632706,0.0,5,5,0,0,5,5,7507,0,0,0,0,0
2020-07-16,US,West Virginia,Pocahontas,38,0,0,38.32758728,-80.00993811,54075.0,460.7736146477507,0.0,38,38,0,0,38,38,8414,0,0,0,0,0
2020-07-16,US,West Virginia,Preston,109,2,0,39.46770987,-79.66712803,54077.0,326.03493658770043,1.834862385321101,107,107,2,0,105,105,33839,2,0,0,2,2
2020-07-16,US,West Virginia,Putnam,97,0,0,38.50782345,-81.9082131,54079.0,171.83348095659875,0.0,97,94,0,0,94,91,56682,3,0,0,3,3
2020-07-16,US,West Virginia,Raleigh,88,0,0,37.76936795,-81.2456041,54081.0,119.95474434645115,0.0,88,86,0,0,86,84,74254,2,0,0,2,2
2020-07-16,US,West Virginia,Randolph,195,0,0,38.769899,-79.87919615,54083.0,679.5608991113436,0.0,195,194,0,0,194,191,28823,1,0,0,1,3
2020-07-16,US,West Virginia,Ritchie,3,0,0,39.18094587,-81.06356878,54085.0,31.400460540087924,0.0,3,2,0,0,2,2,9721,1,0,0,1,0
2020-07-16,US,West Virginia,Roane,12,1,0,38.71622686,-81.35243568,54087.0,87.66803039158388,8.333333333333334,11,12,1,0,11,12,13932,0,0,0,0,0
2020-07-16,US,West Virginia,Summers,2,0,0,37.65390597,-80.86009693,54089.0,15.90710252127575,0.0,2,2,0,0,2,2,12760,0,0,0,0,0
2020-07-16,US,West Virginia,Taylor,27,0,0,39.33602617,-80.0421439,54091.0,161.72506738544473,0.0,27,23,0,0,23,23,16862,4,0,0,4,0
2020-07-16,US,West Virginia,Tucker,7,0,0,39.11240885,-79.57053576,54093.0,102.35414534288635,0.0,7,7,0,0,7,7,6955,0,0,0,0,0
2020-07-16,US,West Virginia,Tyler,10,0,0,39.46811972,-80.88772676,54095.0,116.40088464672331,0.0,10,10,0,0,10,10,8746,0,0,0,0,0
2020-07-16,US,West Virginia,Upshur,33,0,0,38.89285061,-80.23689136,54097.0,136.49900727994705,0.0,33,33,0,0,33,33,24415,0,0,0,0,0
2020-07-16,US,West Virginia,Wayne,143,9,0,38.14901357,-82.42287994,54099.0,362.925739810162,6.293706293706293,134,137,9,0,128,129,39944,6,0,0,6,8
2020-07-16,US,West Virginia,Webster,1,0,0,38.49370949,-80.4202023,54101.0,12.324377618930244,0.0,1,1,0,0,1,1,8285,0,0,0,0,0
2020-07-16,US,West Virginia,Wetzel,38,0,0,39.6065771,-80.64016540000001,54103.0,252.2402920677066,0.0,38,38,0,0,38,37,15270,0,0,0,0,1
2020-07-16,US,West Virginia,Wirt,6,0,0,39.02775007,-81.37473928,54105.0,103.07507301151009,0.0,6,6,0,0,6,6,5830,0,0,0,0,0
2020-07-16,US,West Virginia,Wood,201,3,0,39.20967886,-81.5162836,54107.0,240.66668263128904,1.492537313432836,198,195,3,0,192,194,84203,6,0,0,6,1
2020-07-16,US,West Virginia,Wyoming,7,0,0,37.612327,-81.54511071,54109.0,34.32382073158772,0.0,7,7,0,0,7,7,20786,0,0,0,0,0
2020-07-16,US,Wisconsin,Adams,46,2,0,43.96974651,-89.76782777,55001.0,227.49752720079132,4.3478260869565215,44,45,2,0,43,43,20348,1,0,0,1,2
2020-07-16,US,Wisconsin,Ashland,8,0,0,46.31956891,-90.67837132,55003.0,51.40727412928929,0.0,8,8,0,0,8,8,15600,0,0,0,0,0
2020-07-16,US,Wisconsin,Barron,59,1,0,45.42372701,-91.84833627,55005.0,130.40403147378657,1.6949152542372878,58,54,1,0,53,51,45164,5,0,0,5,3
2020-07-16,US,Wisconsin,Bayfield,11,1,0,46.52868768,-91.19716729,55007.0,73.15775472200053,9.090909090909092,10,11,1,0,10,9,15042,0,0,0,0,2
2020-07-16,US,Wisconsin,Brown,3393,44,0,44.452655299999996,-88.00411844,55009.0,1282.5940682386918,1.2967875036840557,3349,3348,44,0,3304,3305,263378,45,0,0,45,43
2020-07-16,US,Wisconsin,Buffalo,21,2,0,44.37835084,-91.75332578,55011.0,161.15417082342108,9.523809523809524,19,21,2,0,19,16,13125,0,0,0,0,5
2020-07-16,US,Wisconsin,Burnett,5,1,0,45.86303537,-92.36711412,55013.0,32.4380433372259,20.0,4,5,1,0,4,5,15392,0,0,0,0,0
2020-07-16,US,Wisconsin,Calumet,169,2,0,44.0816316,-88.21780273,55015.0,337.39942901635084,1.183431952662722,167,165,2,0,163,161,50159,4,0,0,4,4
2020-07-16,US,Wisconsin,Chippewa,151,0,0,45.06939744,-91.28068855,55017.0,233.5364533391073,0.0,151,145,0,0,145,141,64135,6,0,0,6,4
2020-07-16,US,Wisconsin,Clark,128,7,0,44.73483377,-90.61207486,55019.0,368.0911025478806,5.46875,121,121,7,0,114,118,34709,7,0,0,7,3
2020-07-16,US,Wisconsin,Columbia,131,1,0,43.46492199,-89.33589004,55021.0,227.69936730862824,0.7633587786259542,130,129,1,0,128,125,57358,2,0,0,2,4
2020-07-16,US,Wisconsin,Crawford,46,0,0,43.23870316,-90.93073686,55023.0,285.165209844399,0.0,46,46,0,0,46,45,16291,0,0,0,0,1
2020-07-16,US,Wisconsin,Dane,3301,33,0,43.06601594,-89.41733797,55025.0,603.8101683754196,0.9996970614965162,3268,3242,33,0,3209,3148,542364,59,0,0,59,94
2020-07-16,US,Wisconsin,Dodge,541,5,0,43.41576662,-88.70928178,55027.0,615.8995434829633,0.9242144177449167,536,537,5,0,532,528,87847,4,0,0,4,9
2020-07-16,US,Wisconsin,Door,66,3,0,44.95856458,-87.30002707,55029.0,238.54272083273102,4.545454545454546,63,65,3,0,62,58,27610,1,0,0,1,7
2020-07-16,US,Wisconsin,Douglas,66,0,0,46.43222285,-91.91595768,55031.0,152.95480880648898,0.0,66,64,0,0,64,63,43208,2,0,0,2,1
2020-07-16,US,Wisconsin,Dunn,59,0,0,44.94562799,-91.8962481,55033.0,130.0476106506789,0.0,59,59,0,0,59,57,45131,0,0,0,0,2
2020-07-16,US,Wisconsin,Eau Claire,365,1,0,44.726614,-91.28609183,55035.0,348.79498499703766,0.273972602739726,364,351,1,0,350,346,104534,14,0,0,14,5
2020-07-16,US,Wisconsin,Florence,5,0,0,45.84963535,-88.39804137,55037.0,116.41443538998837,0.0,5,5,0,0,5,5,4321,0,0,0,0,0
2020-07-16,US,Wisconsin,Fond du Lac,410,6,0,43.75354908,-88.48885325,55039.0,396.5068711739505,1.4634146341463414,404,405,6,0,399,403,103066,5,0,0,5,2
2020-07-16,US,Wisconsin,Forest,49,3,0,45.66678019,-88.77084892,55041.0,544.2025766326077,6.1224489795918355,46,49,3,0,46,48,8991,0,0,0,0,1
2020-07-16,US,Wisconsin,Grant,231,14,0,42.8671731,-90.7063218,55043.0,449.0756041136103,6.0606060606060606,217,223,13,0,210,218,51554,8,1,0,7,5
2020-07-16,US,Wisconsin,Green,113,1,0,42.6794956,-89.60243287,55045.0,305.73593073593065,0.8849557522123894,112,110,1,0,109,110,36929,3,0,0,3,0
2020-07-16,US,Wisconsin,Green Lake,44,0,0,43.80025981,-89.04679553,55047.0,232.64421297520232,0.0,44,43,0,0,43,43,18918,1,0,0,1,0
2020-07-16,US,Wisconsin,Iowa,47,0,0,43.00050278,-90.13469017,55049.0,198.49649463637127,0.0,47,47,0,0,47,47,23771,0,0,0,0,0
2020-07-16,US,Wisconsin,Iron,24,1,0,46.26302338,-90.24295041,55051.0,422.01512220854585,4.166666666666667,23,21,1,0,20,17,5676,3,0,0,3,4
2020-07-16,US,Wisconsin,Jackson,36,1,0,44.31864893,-90.80566792,55053.0,174.39325679407062,2.7777777777777777,35,37,1,0,36,36,20478,-1,0,0,-1,1
2020-07-16,US,Wisconsin,Jefferson,393,4,0,43.02054068,-88.77529134,55055.0,463.61287734903084,1.0178117048346056,389,384,4,0,380,369,85129,9,0,0,9,15
2020-07-16,US,Wisconsin,Juneau,66,1,0,43.92456975,-90.11120239,55057.0,247.3114250384082,1.5151515151515151,65,59,1,0,58,54,26617,7,0,0,7,5
2020-07-16,US,Wisconsin,Kenosha,1862,47,0,42.57639354,-88.04051686,55059.0,1098.1298765635966,2.524167561761547,1815,1831,47,0,1784,1796,169290,31,0,0,31,35
2020-07-16,US,Wisconsin,Kewaunee,86,1,0,44.51727459,-87.61468386,55061.0,420.86718214740137,1.162790697674419,85,86,1,0,85,83,20383,0,0,0,0,3
2020-07-16,US,Wisconsin,La Crosse,628,0,0,43.90632465,-91.11451093,55063.0,532.1312364425163,0.0,628,618,0,0,618,611,118230,10,0,0,10,7
2020-07-16,US,Wisconsin,Lafayette,84,0,0,42.66005229,-90.1317729,55065.0,504.05040504050413,0.0,84,84,0,0,84,83,16665,0,0,0,0,1
2020-07-16,US,Wisconsin,Langlade,11,1,0,45.26271619,-89.07483625,55067.0,57.32450883318568,9.090909090909092,10,11,1,0,10,11,19268,0,0,0,0,0
2020-07-16,US,Wisconsin,Lincoln,25,0,0,45.33737523,-89.73411273,55069.0,90.60268908781212,0.0,25,24,0,0,24,22,27689,1,0,0,1,2
2020-07-16,US,Wisconsin,Manitowoc,177,1,0,44.11946801,-87.80928853,55071.0,224.10453146959395,0.5649717514124294,176,167,1,0,166,162,79074,10,0,0,10,5
2020-07-16,US,Wisconsin,Marathon,326,2,0,44.89792533,-89.75863384,55073.0,240.24997789110645,0.6134969325153374,324,312,1,0,311,304,135428,14,1,0,13,8
2020-07-16,US,Wisconsin,Marinette,133,3,0,45.38553432,-88.03324599999998,55075.0,329.6158612143742,2.255639097744361,130,126,3,0,123,121,40434,7,0,0,7,5
2020-07-16,US,Wisconsin,Marquette,55,1,0,43.81911946,-89.40073763,55077.0,353.1526903814048,1.818181818181818,54,55,1,0,54,53,15434,0,0,0,0,2
2020-07-16,US,Wisconsin,Menominee,9,0,0,45.00422544,-88.70950714,55078.0,197.5417032484636,0.0,9,10,0,0,10,10,4658,-1,0,0,-1,0
2020-07-16,US,Wisconsin,Milwaukee,15057,403,0,43.00486062,-87.96733172,55079.0,1592.1101883632255,2.6764959819353127,14654,14679,403,0,14276,14399,948201,378,0,0,378,280
2020-07-16,US,Wisconsin,Monroe,148,1,0,43.94641218,-90.61881899999999,55081.0,319.97924458954014,0.6756756756756757,147,145,1,0,144,139,46051,3,0,0,3,6
2020-07-16,US,Wisconsin,Oconto,104,0,0,45.02715345,-88.26807503,55083.0,274.18929607171106,0.0,104,101,0,0,101,98,37830,3,0,0,3,3
2020-07-16,US,Wisconsin,Oneida,39,0,0,45.70677897,-89.51944105,55085.0,109.56595027391485,0.0,39,38,0,0,38,32,35470,1,0,0,1,6
2020-07-16,US,Wisconsin,Outagamie,728,10,0,44.41578887,-88.46565023,55087.0,387.47105942464805,1.3736263736263736,718,719,9,0,710,695,187365,9,1,0,8,24
2020-07-16,US,Wisconsin,Ozaukee,345,16,0,43.38352225,-87.94625009,55089.0,386.68026585669287,4.63768115942029,329,340,16,0,324,330,89147,5,0,0,5,10
2020-07-16,US,Wisconsin,Pepin,19,0,0,44.58307413,-91.99949611,55091.0,260.7383010841224,0.0,19,18,0,0,18,16,7289,1,0,0,1,2
2020-07-16,US,Wisconsin,Pierce,119,0,0,44.71850291,-92.4224416,55093.0,278.33652991532955,0.0,119,113,0,0,113,110,42555,6,0,0,6,3
2020-07-16,US,Wisconsin,Polk,75,2,0,45.46130348,-92.44182875,55095.0,171.2993627663705,2.6666666666666665,73,74,2,0,72,75,43598,1,0,0,1,-1
2020-07-16,US,Wisconsin,Portage,263,0,0,44.47558711,-89.50152965,55097.0,371.61589329113207,0.0,263,260,0,0,260,258,70942,3,0,0,3,2
2020-07-16,US,Wisconsin,Price,9,0,0,45.68051754,-90.36098879999999,55099.0,67.41068084787656,0.0,9,9,0,0,9,8,13397,0,0,0,0,1
2020-07-16,US,Wisconsin,Racine,2463,66,0,42.74753117,-88.05941254,55101.0,1254.6418692788486,2.679658952496955,2397,2418,65,0,2353,2391,196584,45,1,0,44,27
2020-07-16,US,Wisconsin,Richland,17,4,0,43.3762778,-90.43012729,55103.0,98.53929979132856,23.529411764705888,13,17,4,0,13,17,17377,0,0,0,0,0
2020-07-16,US,Wisconsin,Rock,1103,24,0,42.67151616,-89.07147900000002,55105.0,675.2206863621337,2.1758839528558482,1079,1081,24,0,1057,1071,163129,22,0,0,22,10
2020-07-16,US,Wisconsin,Rusk,13,1,0,45.47498854,-91.1333012,55107.0,91.69135280011284,7.6923076923076925,12,12,1,0,11,11,14147,1,0,0,1,1
2020-07-16,US,Wisconsin,Sauk,194,3,0,43.42574087,-89.94966132,55111.0,301.0459017411005,1.5463917525773196,191,191,3,0,188,190,64249,3,0,0,3,1
2020-07-16,US,Wisconsin,Sawyer,15,0,0,45.87931905,-91.14504927,55113.0,90.59065104481218,0.0,15,15,0,0,15,15,16489,0,0,0,0,0
2020-07-16,US,Wisconsin,Shawano,106,0,0,44.78902246,-88.76443896,55115.0,259.17504095454655,0.0,106,104,0,0,104,101,40796,2,0,0,2,3
2020-07-16,US,Wisconsin,Sheboygan,340,4,0,43.72099677,-87.94579284,55117.0,294.7806485174268,1.1764705882352942,336,326,4,0,322,312,115456,14,0,0,14,14
2020-07-16,US,Wisconsin,St. Croix,310,2,0,45.03437474,-92.45000068,55109.0,341.8351031570125,0.6451612903225806,308,297,2,0,295,294,89694,13,0,0,13,3
2020-07-16,US,Wisconsin,Taylor,26,0,0,45.21179252,-90.5004405,55119.0,127.80809123531435,0.0,26,25,0,0,25,23,20412,1,0,0,1,2
2020-07-16,US,Wisconsin,Trempealeau,213,0,0,44.30360275,-91.35893614,55121.0,718.4053425073358,0.0,213,194,0,0,194,187,29442,19,0,0,19,7
2020-07-16,US,Wisconsin,Vernon,42,0,0,43.59422667,-90.8324691,55123.0,136.26630328985792,0.0,42,42,0,0,42,42,30785,0,0,0,0,0
2020-07-16,US,Wisconsin,Vilas,17,0,0,46.05467334,-89.51719204,55125.0,76.5938274386123,0.0,17,17,0,0,17,17,21938,0,0,0,0,0
2020-07-16,US,Wisconsin,Walworth,826,18,0,42.66858202,-88.54163073,55127.0,795.2401124504179,2.179176755447942,808,815,18,0,797,800,103718,11,0,0,11,15
2020-07-16,US,Wisconsin,Washburn,6,0,0,45.89838588,-91.79050449,55129.0,38.16793893129771,0.0,6,6,0,0,6,6,15878,0,0,0,0,0
2020-07-16,US,Wisconsin,Washington,519,19,0,43.36863664,-88.22974712,55131.0,381.52226649220046,3.6608863198458574,500,510,19,0,491,500,135693,9,0,0,9,10
2020-07-16,US,Wisconsin,Waukesha,1950,40,0,43.01833055,-88.30431188,55133.0,482.43682551620736,2.051282051282051,1910,1878,40,0,1838,1804,403072,72,0,0,72,74
2020-07-16,US,Wisconsin,Waupaca,202,13,0,44.47068056,-88.96534501,55135.0,396.15610904098844,6.435643564356437,189,196,13,0,183,188,51128,6,0,0,6,8
2020-07-16,US,Wisconsin,Waushara,49,0,0,44.11324419,-89.24317107,55137.0,200.46639119584339,0.0,49,48,0,0,48,47,24263,1,0,0,1,1
2020-07-16,US,Wisconsin,Winnebago,810,14,0,44.06886922,-88.64477096,55139.0,471.18500119250524,1.728395061728395,796,804,14,0,790,788,171020,6,0,0,6,16
2020-07-16,US,Wisconsin,Wood,120,1,0,44.45537896,-90.04158336,55141.0,164.3858135042946,0.8333333333333334,119,112,1,0,111,109,73055,8,0,0,8,3
2020-07-16,US,Wyoming,Albany,54,0,0,41.65498705,-105.72354150000001,56001.0,138.88888888888889,0.0,54,53,0,0,53,52,38601,1,0,0,1,1
2020-07-16,US,Wyoming,Big Horn,31,0,0,44.52405055,-107.9960365,56003.0,262.93469041560644,0.0,31,30,0,0,30,30,11881,1,0,0,1,0
2020-07-16,US,Wyoming,Campbell,93,0,0,44.24886082,-105.54744040000001,56005.0,200.6862173884897,0.0,93,93,0,0,93,89,46140,0,0,0,0,4
2020-07-16,US,Wyoming,Carbon,31,0,0,41.69357844,-106.9326084,56007.0,209.45945945945942,0.0,31,29,0,0,29,29,14971,2,0,0,2,0
2020-07-16,US,Wyoming,Converse,28,0,0,42.97272268,-105.5081848,56009.0,202.57560410939084,0.0,28,28,0,0,28,28,13640,0,0,0,0,0
2020-07-16,US,Wyoming,Crook,9,0,0,44.58855102,-104.56977049999999,56011.0,118.67088607594937,0.0,9,8,0,0,8,8,7450,1,0,0,1,0
2020-07-16,US,Wyoming,Fremont,413,0,0,43.04183996,-108.6296893,56013.0,1051.934489697155,0.0,413,407,0,0,407,397,39531,6,0,0,6,10
2020-07-16,US,Wyoming,Goshen,10,0,0,42.08798185,-104.3534743,56015.0,75.69449701006738,0.0,10,10,0,0,10,10,13376,0,0,0,0,0
2020-07-16,US,Wyoming,Hot Springs,12,0,0,43.71930657,-108.44231740000001,56017.0,271.92386131883075,0.0,12,12,0,0,12,12,4555,0,0,0,0,0
2020-07-16,US,Wyoming,Johnson,22,1,0,44.04057166,-106.58451740000001,56019.0,260.5091770278271,4.545454545454546,21,22,1,0,21,22,8460,0,0,0,0,0
2020-07-16,US,Wyoming,Laramie,359,0,0,41.30702520000001,-104.6887497,56021.0,360.8040201005025,0.0,359,357,0,0,357,352,98976,2,0,0,2,5
2020-07-16,US,Wyoming,Lincoln,45,0,0,42.26376367,-110.6563997,56023.0,226.928895612708,0.0,45,43,0,0,43,43,19434,2,0,0,2,0
2020-07-16,US,Wyoming,Natrona,173,0,0,42.96180148,-106.79788500000001,56025.0,216.6345262841544,0.0,173,172,0,0,172,171,79115,1,0,0,1,1
2020-07-16,US,Wyoming,Niobrara,2,0,0,43.05607708,-104.47588959999999,56027.0,84.88964346349746,0.0,2,2,0,0,2,2,2388,0,0,0,0,0
2020-07-16,US,Wyoming,Park,89,0,0,44.52157546,-109.58528249999999,56029.0,304.85716243063644,0.0,89,88,0,0,88,84,29324,1,0,0,1,4
2020-07-16,US,Wyoming,Platte,4,0,0,42.13299116,-104.96633100000001,56031.0,47.658763255093525,0.0,4,4,0,0,4,4,8566,0,0,0,0,0
2020-07-16,US,Wyoming,Sheridan,38,0,0,44.79048913,-106.8862389,56033.0,124.65146793505,0.0,38,36,0,0,36,33,30233,2,0,0,2,3
2020-07-16,US,Wyoming,Sublette,11,0,0,42.76558279,-109.91309220000001,56035.0,111.89095717627913,0.0,11,10,0,0,10,10,9813,1,0,0,1,0
2020-07-16,US,Wyoming,Sweetwater,158,0,0,41.65943896,-108.8827882,56037.0,373.14314054271074,0.0,158,157,0,0,157,156,43051,1,0,0,1,1
2020-07-16,US,Wyoming,Teton,181,0,0,43.93522482,-110.5890801,56039.0,771.3944766450733,0.0,181,170,0,0,170,164,23081,11,0,0,11,6
2020-07-16,US,Wyoming,Uinta,217,0,0,41.2878183,-110.54757820000002,56041.0,1072.876495599723,0.0,217,208,0,0,208,208,20299,9,0,0,9,0
2020-07-16,US,Wyoming,Unassigned,0,23,0,0.0,0.0,90056.0,0.0,0.0,-23,0,21,0,-21,0,,0,2,0,-2,0
2020-07-16,US,Wyoming,Washakie,43,0,0,43.90451606,-107.68018700000002,56043.0,550.9288917360666,0.0,43,43,0,0,43,43,7885,0,0,0,0,0
2020-07-16,US,Wyoming,Weston,3,0,0,43.83961191,-104.56748809999999,56045.0,43.308791684712,0.0,3,3,0,0,3,3,6967,0,0,0,0,0
