Date,Country/Region,Province/State,Admin2,Confirmed,Deaths,Recovered,Latitude,Longitude,FIPS,Incidence_Rate,Case-Fatality_Ratio,Active Cases,Previous Confirmed,Previous Deaths,Previous Recovered,Previous Active,Prev2 Confirmed,Population,Daily Confirmed,Daily Deaths,Daily Recovered,Daily Active,Previous Daily Confirmed
2020-07-08,US,Alabama,Autauga,643,12,0,32.53952745,-86.64408227,1001.0,1150.9065850471636,1.8662519440124417,631,636,12,0,624,610,55601,7,0,0,7,26
2020-07-08,US,Alabama,Baldwin,1039,9,0,30.72774991,-87.72207058,1003.0,465.4308931435176,0.8662175168431184,1030,980,9,0,971,894,218022,59,0,0,59,86
2020-07-08,US,Alabama,Barbour,362,2,0,31.868263,-85.3871286,1005.0,1466.4182127521674,0.5524861878453039,360,357,2,0,355,353,24881,5,0,0,5,4
2020-07-08,US,Alabama,Bibb,198,1,0,32.99642064,-87.12511459999996,1007.0,884.1654014468161,0.5050505050505051,197,196,1,0,195,194,22400,2,0,0,2,2
2020-07-08,US,Alabama,Blount,258,1,0,33.98210918,-86.56790593,1009.0,446.16608446027743,0.3875968992248062,257,251,1,0,250,243,57840,7,0,0,7,8
2020-07-08,US,Alabama,Bullock,369,10,0,32.10030533,-85.71265535,1011.0,3653.103653103653,2.710027100271003,359,368,10,0,358,369,10138,1,0,0,1,-1
2020-07-08,US,Alabama,Butler,637,28,0,31.75300095,-86.68057478,1013.0,3275.401069518717,4.395604395604397,609,632,28,0,604,634,19680,5,0,0,5,-2
2020-07-08,US,Alabama,Calhoun,403,5,0,33.77483727,-85.82630386,1015.0,354.73790766251483,1.2406947890818858,398,387,5,0,382,376,114277,16,0,0,16,11
2020-07-08,US,Alabama,Chambers,647,27,0,32.91360079,-85.39072749,1017.0,1945.6306008299755,4.1731066460587325,620,643,27,0,616,642,33615,4,0,0,4,1
2020-07-08,US,Alabama,Cherokee,111,7,0,34.17805983,-85.60638968,1019.0,423.72881355932196,6.306306306306308,104,103,7,0,96,102,26032,8,0,0,8,1
2020-07-08,US,Alabama,Chilton,276,2,0,32.85044126,-86.7173256,1021.0,621.2298550463671,0.7246376811594203,274,262,2,0,260,252,44153,14,0,0,14,10
2020-07-08,US,Alabama,Choctaw,199,12,0,32.02227341,-88.26564429999998,1023.0,1580.7450949241406,6.030150753768845,187,197,12,0,185,195,12841,2,0,0,2,2
2020-07-08,US,Alabama,Clarke,287,6,0,31.68099859,-87.83548597,1025.0,1214.96909660486,2.0905923344947737,281,283,6,0,277,277,23920,4,0,0,4,6
2020-07-08,US,Alabama,Clay,69,2,0,33.26984193,-85.85836077,1027.0,521.3449187759728,2.898550724637681,67,69,2,0,67,69,13275,0,0,0,0,0
2020-07-08,US,Alabama,Cleburne,39,1,0,33.67679204,-85.52005899,1029.0,261.569416498994,2.5641025641025643,38,39,1,0,38,38,14987,0,0,0,0,1
2020-07-08,US,Alabama,Coffee,392,3,0,31.39932826,-85.98901039,1031.0,748.920560926216,0.7653061224489796,389,386,3,0,383,381,51909,6,0,0,6,5
2020-07-08,US,Alabama,Colbert,442,6,0,34.69847452,-87.80168544,1033.0,800.1303379736065,1.3574660633484164,436,426,6,0,420,408,54762,16,0,0,16,18
2020-07-08,US,Alabama,Conecuh,218,7,0,31.43401703,-86.99320044,1035.0,1806.5799287312507,3.2110091743119265,211,217,7,0,210,210,12277,1,0,0,1,7
2020-07-08,US,Alabama,Coosa,60,1,0,32.93690146,-86.24847739,1037.0,562.6934258651412,1.6666666666666667,59,59,1,0,58,59,10715,1,0,0,1,0
2020-07-08,US,Alabama,Covington,381,10,0,31.247785399999998,-86.45050893,1039.0,1028.367837188588,2.6246719160104988,371,372,7,0,365,370,36986,9,3,0,6,2
2020-07-08,US,Alabama,Crenshaw,125,3,0,31.72941803,-86.31593104,1041.0,907.6386871914027,2.4,122,125,3,0,122,125,13824,0,0,0,0,0
2020-07-08,US,Alabama,Cullman,490,5,0,34.13020303,-86.86888037,1043.0,584.9489065036768,1.020408163265306,485,470,5,0,465,459,83442,20,0,0,20,11
2020-07-08,US,Alabama,Dale,326,1,0,31.43037123,-85.61095742,1045.0,662.9789310989994,0.3067484662576687,325,302,0,0,302,299,48956,24,1,0,23,3
2020-07-08,US,Alabama,Dallas,918,9,0,32.32688101,-87.10866709999998,1047.0,2468.00731261426,0.9803921568627452,909,910,9,0,901,891,38310,8,0,0,8,19
2020-07-08,US,Alabama,DeKalb,790,5,0,34.45946862,-85.80782906,1049.0,1104.6942513948513,0.6329113924050633,785,761,5,0,756,737,71385,29,0,0,29,24
2020-07-08,US,Alabama,Elmore,975,19,0,32.59785413,-86.14415284,1051.0,1200.6058441798325,1.948717948717949,956,962,15,0,947,943,81887,13,4,0,9,19
2020-07-08,US,Alabama,Escambia,435,8,0,31.1256789,-87.15918694,1053.0,1187.4539349766605,1.839080459770115,427,411,8,0,403,396,36748,24,0,0,24,15
2020-07-08,US,Alabama,Etowah,834,13,0,34.04567266,-86.04051873,1055.0,815.5043610904681,1.5587529976019183,821,790,13,0,777,750,102501,44,0,0,44,40
2020-07-08,US,Alabama,Fayette,72,1,0,33.72076938,-87.73886638,1057.0,441.6635995583364,1.3888888888888888,71,72,1,0,71,71,16433,0,0,0,0,1
2020-07-08,US,Alabama,Franklin,906,16,0,34.44235334,-87.84289505,1059.0,2888.846374593457,1.7660044150110374,890,902,16,0,886,898,31363,4,0,0,4,4
2020-07-08,US,Alabama,Geneva,86,0,0,31.09389027,-85.83572839,1061.0,327.35716188953603,0.0,86,84,0,0,84,83,26314,2,0,0,2,1
2020-07-08,US,Alabama,Greene,188,8,0,32.85504247,-87.95684022,1063.0,2317.8399704105536,4.25531914893617,180,186,8,0,178,186,8233,2,0,0,2,0
2020-07-08,US,Alabama,Hale,317,22,0,32.76039258,-87.63284988,1065.0,2163.6748344822877,6.94006309148265,295,315,21,0,294,314,14726,2,1,0,1,1
2020-07-08,US,Alabama,Henry,140,3,0,31.51148016,-85.24267944,1067.0,813.7169427492007,2.142857142857143,137,136,3,0,133,136,17209,4,0,0,4,0
2020-07-08,US,Alabama,Houston,536,6,0,31.15197924,-85.29939599,1069.0,506.22390963525436,1.1194029850746268,530,510,6,0,504,507,104722,26,0,0,26,3
2020-07-08,US,Alabama,Jackson,343,2,0,34.78144169,-85.99750489,1071.0,664.393910045326,0.5830903790087464,341,302,2,0,300,284,51736,41,0,0,41,18
2020-07-08,US,Alabama,Jefferson,5687,161,0,33.55554728,-86.89506300000002,1073.0,863.5337312644158,2.831018111482328,5526,5486,155,0,5331,5410,659300,201,6,0,195,76
2020-07-08,US,Alabama,Lamar,80,1,0,33.77995024,-88.09668032,1075.0,579.5001810938066,1.25,79,80,1,0,79,78,13844,0,0,0,0,2
2020-07-08,US,Alabama,Lauderdale,514,6,0,34.90171875,-87.65624729,1077.0,554.30340023078,1.1673151750972763,508,501,6,0,495,496,92387,13,0,0,13,5
2020-07-08,US,Alabama,Lawrence,113,0,0,34.52041498,-87.31069453,1079.0,343.21467622403117,0.0,113,109,0,0,109,110,32957,4,0,0,4,-1
2020-07-08,US,Alabama,Lee,1463,37,0,32.60154883,-85.35132246,1081.0,889.1346890155705,2.52904989747095,1426,1433,37,0,1396,1411,163941,30,0,0,30,22
2020-07-08,US,Alabama,Limestone,525,1,0,34.81185586,-86.98310072,1083.0,530.7587322448567,0.19047619047619047,524,518,1,0,517,501,96174,7,0,0,7,17
2020-07-08,US,Alabama,Lowndes,479,22,0,32.1597283,-86.65158371,1085.0,4924.943450544931,4.592901878914405,457,478,21,0,457,472,9974,1,1,0,0,6
2020-07-08,US,Alabama,Macon,202,9,0,32.38759944,-85.69267724,1087.0,1117.9986716847466,4.455445544554456,193,199,9,0,190,199,18439,3,0,0,3,0
2020-07-08,US,Alabama,Madison,1620,8,0,34.76327133,-86.55069633,1089.0,434.4223389620524,0.4938271604938271,1612,1554,8,0,1546,1491,366519,66,0,0,66,63
2020-07-08,US,Alabama,Marengo,320,11,0,32.24767634,-87.78796182,1091.0,1696.442771563378,3.4375,309,317,11,0,306,312,19066,3,0,0,3,5
2020-07-08,US,Alabama,Marion,241,14,0,34.13697363,-87.88704173,1093.0,811.2019926621563,5.809128630705394,227,236,13,0,223,233,29763,5,1,0,4,3
2020-07-08,US,Alabama,Marshall,1815,11,0,34.36975964,-86.30486727,1095.0,1875.5037510075024,0.6060606060606061,1804,1770,11,0,1759,1724,96109,45,0,0,45,46
2020-07-08,US,Alabama,Mobile,4315,136,0,30.78472347,-88.20842409,1097.0,1044.2632075700008,3.1517960602549246,4179,4219,136,0,4083,4129,413757,96,0,0,96,90
2020-07-08,US,Alabama,Monroe,244,2,0,31.56729412,-87.36995001,1099.0,1176.8677953021752,0.819672131147541,242,241,2,0,239,239,21067,3,0,0,3,2
2020-07-08,US,Alabama,Montgomery,4275,109,0,32.2206831,-86.20969272,1101.0,1887.5338873042926,2.5497076023391814,4166,4246,105,0,4141,4158,225763,29,4,0,25,88
2020-07-08,US,Alabama,Morgan,1157,5,0,34.45500589,-86.85475946,1103.0,966.7527302200052,0.432152117545376,1152,1128,5,0,1123,1121,119089,29,0,0,29,7
2020-07-08,US,Alabama,Perry,179,1,0,32.64048341,-87.29770589,1105.0,2006.0517763084165,0.5586592178770949,178,179,1,0,178,179,9140,0,0,0,0,0
2020-07-08,US,Alabama,Pickens,244,6,0,33.28094866,-88.08818103,1107.0,1224.2849974912192,2.459016393442623,238,238,6,0,232,236,19938,6,0,0,6,2
2020-07-08,US,Alabama,Pike,452,5,0,31.80396383,-85.9408295,1109.0,1364.9815787884281,1.106194690265487,447,452,5,0,447,437,33338,0,0,0,0,15
2020-07-08,US,Alabama,Randolph,228,9,0,33.29526734,-85.45708831,1111.0,1003.4327964087668,3.947368421052632,219,216,9,0,207,209,22725,12,0,0,12,7
2020-07-08,US,Alabama,Russell,589,0,0,32.28725256,-85.18415324,1113.0,1016.2005486447785,0.0,589,568,0,0,568,565,57781,21,0,0,21,3
2020-07-08,US,Alabama,Shelby,1414,24,0,33.26879845,-86.66232561,1117.0,649.5117178528448,1.6973125884016973,1390,1357,24,0,1333,1334,215707,57,0,0,57,23
2020-07-08,US,Alabama,St. Clair,440,2,0,33.71902176,-86.31029372,1115.0,491.5542050227903,0.4545454545454545,438,416,2,0,414,402,88690,24,0,0,24,14
2020-07-08,US,Alabama,Sumter,285,12,0,32.59117397,-88.19916205,1119.0,2293.393417558542,4.2105263157894735,273,285,12,0,273,285,12691,0,0,0,0,0
2020-07-08,US,Alabama,Talladega,333,7,0,33.37823223,-86.16886178,1121.0,416.3645002375653,2.1021021021021022,326,323,7,0,316,317,79828,10,0,0,10,6
2020-07-08,US,Alabama,Tallapoosa,606,69,0,32.86698258,-85.79833053,1123.0,1501.226249163921,11.386138613861384,537,604,69,0,535,605,40497,2,0,0,2,-1
2020-07-08,US,Alabama,Tuscaloosa,2382,48,0,33.28726072,-87.52556818,1125.0,1137.7803252848032,2.0151133501259446,2334,2346,44,0,2302,2321,208911,36,4,0,32,25
2020-07-08,US,Alabama,Unassigned,538,26,0,0.0,0.0,90001.0,0.0,4.83271375464684,512,522,26,0,496,503,,16,0,0,16,19
2020-07-08,US,Alabama,Walker,1018,25,0,33.80270512,-87.30027177,1127.0,1602.6196061145133,2.4557956777996077,993,985,25,0,960,978,63711,33,0,0,33,7
2020-07-08,US,Alabama,Washington,121,7,0,31.4092794,-88.20689944,1129.0,741.1490873453388,5.785123966942148,114,118,7,0,111,111,16378,3,0,0,3,7
2020-07-08,US,Alabama,Wilcox,295,8,0,31.98773215,-87.30891118,1131.0,2843.921719849609,2.7118644067796613,287,294,8,0,286,294,10627,1,0,0,1,0
2020-07-08,US,Alabama,Winston,277,3,0,34.15030532,-87.37325922,1133.0,1172.2882898133648,1.083032490974729,274,266,3,0,263,263,23660,11,0,0,11,3
2020-07-08,US,Alaska,Aleutians West,1,0,0,52.72541116,-110.4086433,2016.0,17.749378771742986,0.0,1,,,,,,5723,,,,,
2020-07-08,US,Alaska,Anchorage,597,7,0,61.14998174,-149.14269860000005,2020.0,207.29166666666663,1.1725293132328307,590,577,7,0,570,565,291538,20,0,0,20,12
2020-07-08,US,Alaska,Bethel,11,0,0,60.90980451,-159.8561831,2050.0,59.82813009898836,0.0,11,11,0,0,11,11,18216,0,0,0,0,0
2020-07-08,US,Alaska,Fairbanks North Star,177,2,0,64.80726247,-146.5692662,2090.0,182.75872750363968,1.1299435028248588,175,172,2,0,170,172,98971,5,0,0,5,0
2020-07-08,US,Alaska,Haines,2,0,0,59.09893571,-135.4679843,2100.0,79.05138339920948,0.0,2,2,0,0,2,2,2474,0,0,0,0,0
2020-07-08,US,Alaska,Juneau,46,2,0,58.45031811,-134.200436,2110.0,143.86689184962782,4.3478260869565215,44,45,2,0,43,45,32113,1,0,0,1,0
2020-07-08,US,Alaska,Kenai Peninsula,175,2,0,60.24429722,-151.53888840000005,2122.0,298.08543980377465,1.1428571428571428,173,166,2,0,164,165,58533,9,0,0,9,1
2020-07-08,US,Alaska,Ketchikan Gateway,23,0,0,55.57445008,-130.975561,2130.0,165.4557226098842,0.0,23,23,0,0,23,22,13918,0,0,0,0,1
2020-07-08,US,Alaska,Kodiak Island,4,0,0,57.65529415,-153.7493579,2150.0,30.773965225419296,0.0,4,4,0,0,4,4,13345,0,0,0,0,0
2020-07-08,US,Alaska,Kusilvak,2,0,0,62.15429159999999,-163.39678830000003,2158.0,24.05580947798893,0.0,2,1,0,0,1,1,8303,1,0,0,1,0
2020-07-08,US,Alaska,Matanuska-Susitna,121,1,0,62.31305045,-149.5741743,2170.0,111.70914999492231,0.8264462809917356,120,118,1,0,117,116,107610,3,0,0,3,2
2020-07-08,US,Alaska,Nome,9,0,0,64.90320724,-164.0353804,2180.0,89.96401439424231,0.0,9,9,0,0,9,9,10008,0,0,0,0,0
2020-07-08,US,Alaska,North Slope,4,0,0,69.31479216,-153.4836093,2185.0,40.68348250610252,0.0,4,4,0,0,4,4,9872,0,0,0,0,0
2020-07-08,US,Alaska,Northwest Arctic,6,0,0,67.04919196,-159.7503946,2188.0,78.72982548222019,0.0,6,5,0,0,5,5,7671,1,0,0,1,0
2020-07-08,US,Alaska,Petersburg,5,1,0,57.13978948,-132.9540995,2195.0,153.09246785058176,20.0,4,5,1,0,4,5,3221,0,0,0,0,0
2020-07-08,US,Alaska,Prince of Wales-Hyder,2,0,0,55.76261984,-133.0511621,2198.0,32.24246332419797,0.0,2,2,0,0,2,2,6422,0,0,0,0,0
2020-07-08,US,Alaska,Sitka,13,0,0,57.24124555,-135.3206587,2220.0,153.06723183798422,0.0,13,13,0,0,13,13,8647,0,0,0,0,0
2020-07-08,US,Alaska,Southeast Fairbanks,10,0,0,63.87692095,-143.2127643,2240.0,145.07471347744092,0.0,10,10,0,0,10,10,6918,0,0,0,0,0
2020-07-08,US,Alaska,Unassigned,0,2,0,0.0,0.0,90002.0,0.0,0.0,-2,0,2,0,-2,0,,0,0,0,0,0
2020-07-08,US,Alaska,Valdez-Cordova,6,0,0,61.47502768,-144.7126799,2261.0,65.20321669202347,0.0,6,5,0,0,5,4,9164,1,0,0,1,1
2020-07-08,US,Alaska,Wrangell,3,0,0,56.3202004,-132.05837309999998,2275.0,119.90407673860909,0.0,3,3,0,0,3,3,2503,0,0,0,0,0
2020-07-08,US,Alaska,Yukon-Koyukuk,5,0,0,65.50815459,-151.39073869999999,2290.0,95.60229445506693,0.0,5,5,0,0,5,4,5327,0,0,0,0,1
2020-07-08,US,Arizona,Apache,2499,100,0,35.39465006,-109.4892383,4001.0,3476.2891760679954,4.001600640256102,2399,2471,99,0,2372,2441,71818,28,1,0,27,30
2020-07-08,US,Arizona,Cochise,884,20,0,31.87934684,-109.7516088,4003.0,702.0218865646988,2.262443438914027,864,855,17,0,838,826,126770,29,3,0,26,29
2020-07-08,US,Arizona,Coconino,2250,97,0,35.83883429,-111.77071780000001,4005.0,1568.2065293150076,4.311111111111111,2153,2237,97,0,2140,2190,142854,13,0,0,13,47
2020-07-08,US,Arizona,Gila,373,9,0,33.80190085,-110.8132779,4007.0,690.5105705505573,2.412868632707774,364,361,6,0,355,349,53889,12,3,0,9,12
2020-07-08,US,Arizona,Graham,179,1,0,32.93166885,-109.8882178,4009.0,460.90068748873495,0.5586592178770949,178,172,1,0,171,152,38072,7,0,0,7,20
2020-07-08,US,Arizona,Greenlee,26,1,0,33.21498827,-109.2405279,4011.0,273.74184038745,3.8461538461538463,25,26,1,0,25,26,9483,0,0,0,0,0
2020-07-08,US,Arizona,La Paz,381,7,0,33.72854224,-113.98100290000001,4012.0,1805.0028425241615,1.837270341207349,374,374,7,0,367,371,21098,7,0,0,7,3
2020-07-08,US,Arizona,Maricopa,70128,959,0,33.34835867,-112.49181540000001,4013.0,1563.4677200365452,1.3674994296144194,69169,67543,933,0,66610,64915,4410824,2585,26,0,2559,2628
2020-07-08,US,Arizona,Mohave,1509,94,0,35.70471703,-113.7577902,4015.0,711.1852616398262,6.229290921139826,1415,1448,93,0,1355,1413,209550,61,1,0,60,35
2020-07-08,US,Arizona,Navajo,4089,135,0,35.3997715,-110.3218983,4017.0,3686.3077422379292,3.301540719002201,3954,4015,134,0,3881,3904,110445,74,1,0,73,111
2020-07-08,US,Arizona,Pima,10485,302,0,32.0971334,-111.7890033,4019.0,1001.1658784335408,2.8803051979017646,10183,10184,302,0,9882,9873,1039073,301,0,0,301,311
2020-07-08,US,Arizona,Pinal,4959,81,0,32.90525627,-111.3449483,4021.0,1071.5466443670873,1.6333938294010892,4878,4792,81,0,4711,4600,447138,167,0,0,167,192
2020-07-08,US,Arizona,Santa Cruz,2061,27,0,31.52508998,-110.8479088,4023.0,4432.448707471289,1.310043668122271,2034,2048,27,0,2021,2002,46511,13,0,0,13,46
2020-07-08,US,Arizona,Unassigned,0,1,0,0.0,0.0,90004.0,0.0,0.0,-1,0,1,0,-1,,,0,0,0,0,
2020-07-08,US,Arizona,Yavapai,1016,11,0,34.59933926,-112.5538588,4025.0,432.1583673261052,1.0826771653543308,1005,969,11,0,958,948,231993,47,0,0,47,21
2020-07-08,US,Arizona,Yuma,7775,118,0,32.76895712,-113.90666740000002,4027.0,3636.797373086296,1.5176848874598068,7657,7599,117,0,7482,7445,212128,176,1,0,175,154
2020-07-08,US,Arkansas,Arkansas,46,0,0,34.29145151,-91.37277296,5001.0,263.0675969346906,0.0,46,41,0,0,41,37,17769,5,0,0,5,4
2020-07-08,US,Arkansas,Ashley,83,2,0,33.19153461,-91.76984709999999,5003.0,422.2414407081447,2.409638554216868,81,84,1,0,83,84,20046,-1,1,0,-2,0
2020-07-08,US,Arkansas,Baxter,25,0,0,36.28784385,-92.33782872,5005.0,59.620337689592674,0.0,25,25,0,0,25,25,41619,0,0,0,0,0
2020-07-08,US,Arkansas,Benton,3164,21,0,36.33644656,-94.25680817,5007.0,1133.4773465739536,0.6637168141592921,3143,3095,21,0,3074,3043,272608,69,0,0,69,52
2020-07-08,US,Arkansas,Boone,30,1,0,36.3084504,-93.09374925,5009.0,80.14533019876042,3.333333333333333,29,30,1,0,29,30,37480,0,0,0,0,0
2020-07-08,US,Arkansas,Bradley,56,2,0,33.46755808,-92.15980837,5011.0,520.3010313109728,3.571428571428572,54,55,2,0,53,56,10897,1,0,0,1,-1
2020-07-08,US,Arkansas,Calhoun,2,0,0,33.55598792,-92.49974403,5013.0,38.54307188282906,0.0,2,2,0,0,2,2,5277,0,0,0,0,0
2020-07-08,US,Arkansas,Carroll,200,5,0,36.34038560000001,-93.54270261,5015.0,704.7216349541931,2.5,195,197,5,0,192,195,28223,3,0,0,3,2
2020-07-08,US,Arkansas,Chicot,189,3,0,33.26458973,-91.29539209,5017.0,1867.958094485076,1.5873015873015872,186,183,3,0,180,183,10438,6,0,0,6,0
2020-07-08,US,Arkansas,Clark,61,0,0,34.04613432,-93.17484713,5019.0,273.2974910394265,0.0,61,59,0,0,59,59,22061,2,0,0,2,0
2020-07-08,US,Arkansas,Clay,73,3,0,36.36826212,-90.4148172,5021.0,501.68373307676455,4.109589041095891,70,71,3,0,68,70,14847,2,0,0,2,1
2020-07-08,US,Arkansas,Cleburne,119,4,0,35.53864922,-92.02640019,5023.0,477.5472531000442,3.361344537815126,115,117,4,0,113,115,24965,2,0,0,2,2
2020-07-08,US,Arkansas,Cleveland,31,0,0,33.89723187,-92.18537045,5025.0,389.6430367018602,0.0,31,30,0,0,30,29,8018,1,0,0,1,1
2020-07-08,US,Arkansas,Columbia,100,4,0,33.21230701,-93.22642793,5027.0,426.3119751033807,4.0,96,90,4,0,86,90,23537,10,0,0,10,0
2020-07-08,US,Arkansas,Conway,82,3,0,35.26205537,-92.70506566,5029.0,393.3608366113404,3.6585365853658534,79,77,3,0,74,74,20891,5,0,0,5,3
2020-07-08,US,Arkansas,Craighead,498,7,0,35.83018283,-90.63235729,5031.0,451.3649711778994,1.4056224899598393,491,485,7,0,478,482,108558,13,0,0,13,3
2020-07-08,US,Arkansas,Crawford,227,1,0,35.58928601,-94.2446814,5033.0,358.8535656132918,0.4405286343612335,226,218,1,0,217,216,63406,9,0,0,9,2
2020-07-08,US,Arkansas,Crittenden,799,13,0,35.21247318,-90.30839406,5035.0,1666.14534459389,1.6270337922403004,786,786,13,0,773,783,48342,13,0,0,13,3
2020-07-08,US,Arkansas,Cross,90,1,0,35.29631396,-90.77185818,5037.0,548.1454412570802,1.1111111111111112,89,90,1,0,89,90,16676,0,0,0,0,0
2020-07-08,US,Arkansas,Dallas,11,0,0,33.97042763,-92.65167437,5039.0,156.9410757597375,0.0,11,10,0,0,10,10,7182,1,0,0,1,0
2020-07-08,US,Arkansas,Desha,66,1,0,33.83011025,-91.25500948,5041.0,580.9347768682335,1.5151515151515151,65,66,1,0,65,65,11512,0,0,0,0,1
2020-07-08,US,Arkansas,Drew,80,2,0,33.59035001,-91.71777921,5043.0,439.1020363356935,2.5,78,79,2,0,77,77,18328,1,0,0,1,2
2020-07-08,US,Arkansas,Faulkner,648,3,0,35.14719007,-92.33717519,5045.0,514.2571444443563,0.462962962962963,645,622,3,0,619,612,124806,26,0,0,26,10
2020-07-08,US,Arkansas,Franklin,27,1,0,35.51202821,-93.89299569,5047.0,152.41320914479255,3.703703703703704,26,27,1,0,26,27,17810,0,0,0,0,0
2020-07-08,US,Arkansas,Fulton,16,0,0,36.38177105,-91.81729127,5049.0,128.2359541556464,0.0,16,16,0,0,16,15,12269,0,0,0,0,1
2020-07-08,US,Arkansas,Garland,300,2,0,34.57692074,-93.14921604,5051.0,301.8533797516753,0.6666666666666666,298,293,1,0,292,288,99154,7,1,0,6,5
2020-07-08,US,Arkansas,Grant,51,0,0,34.29017991,-92.42320562,5053.0,279.222556802628,0.0,51,51,0,0,51,50,18188,0,0,0,0,1
2020-07-08,US,Arkansas,Greene,134,0,0,36.11735460000001,-90.55832668,5055.0,295.6425813568672,0.0,134,128,0,0,128,124,45325,6,0,0,6,4
2020-07-08,US,Arkansas,Hempstead,69,1,0,33.73325583,-93.66935133,5057.0,320.4532788407951,1.4492753623188406,68,65,1,0,64,64,21741,4,0,0,4,1
2020-07-08,US,Arkansas,Hot Spring,649,1,0,34.31709259,-92.95396325,5059.0,1921.7671967072336,0.15408320493066255,648,587,1,0,586,584,33701,62,0,0,62,3
2020-07-08,US,Arkansas,Howard,115,1,0,34.09007427,-93.9934871,5061.0,871.0801393728223,0.8695652173913043,114,106,1,0,105,102,13341,9,0,0,9,4
2020-07-08,US,Arkansas,Independence,61,0,0,35.74242707,-91.57001641,5063.0,161.26900198281558,0.0,61,60,0,0,60,61,37678,1,0,0,1,-1
2020-07-08,US,Arkansas,Izard,24,1,0,36.09604046,-91.90847954,5065.0,176.09509134932858,4.166666666666667,23,25,1,0,24,23,13593,-1,0,0,-1,2
2020-07-08,US,Arkansas,Jackson,37,0,0,35.59802983,-91.21494602,5067.0,221.30510197978347,0.0,37,35,0,0,35,33,16811,2,0,0,2,2
2020-07-08,US,Arkansas,Jefferson,784,28,0,34.26767081,-91.92619839,5069.0,1173.231174428349,3.571428571428572,756,774,28,0,746,761,68114,10,0,0,10,13
2020-07-08,US,Arkansas,Johnson,307,0,0,35.56759135,-93.46036368,5071.0,1155.0906764993606,0.0,307,281,0,0,281,271,26742,26,0,0,26,10
2020-07-08,US,Arkansas,Lafayette,23,2,0,33.24116713,-93.60677071,5073.0,347.22222222222223,8.695652173913043,21,22,2,0,20,22,6682,1,0,0,1,0
2020-07-08,US,Arkansas,Lawrence,107,9,0,36.04188196,-91.10867198,5075.0,652.2004144825064,8.411214953271028,98,103,9,0,94,103,16434,4,0,0,4,0
2020-07-08,US,Arkansas,Lee,815,3,0,34.78498904,-90.78383866,5077.0,9201.761318730949,0.3680981595092024,812,805,3,0,802,803,8985,10,0,0,10,2
2020-07-08,US,Arkansas,Lincoln,1044,11,0,33.95317155,-91.74002806,5079.0,8015.970515970516,1.053639846743295,1033,1044,11,0,1033,1043,13383,0,0,0,0,1
2020-07-08,US,Arkansas,Little River,40,0,0,33.70375665,-94.23468591,5081.0,326.29088832694345,0.0,40,40,0,0,40,40,12326,0,0,0,0,0
2020-07-08,US,Arkansas,Logan,64,0,0,35.21413234,-93.71951016,5083.0,298.1459051523338,0.0,64,62,0,0,62,61,21737,2,0,0,2,1
2020-07-08,US,Arkansas,Lonoke,180,1,0,34.75392199,-91.88742357,5085.0,245.53601876986454,0.5555555555555556,179,178,1,0,177,171,73657,2,0,0,2,7
2020-07-08,US,Arkansas,Madison,214,0,0,36.01038185,-93.72524943,5087.0,1291.0231660231661,0.0,214,211,0,0,211,203,16481,3,0,0,3,8
2020-07-08,US,Arkansas,Marion,12,0,0,36.26844485,-92.68451899,5089.0,71.88211333413203,0.0,12,12,0,0,12,12,16722,0,0,0,0,0
2020-07-08,US,Arkansas,Miller,233,2,0,33.31403423,-93.89285258,5091.0,538.641144785815,0.8583690987124464,231,232,2,0,230,228,43592,1,0,0,1,4
2020-07-08,US,Arkansas,Mississippi,265,3,0,35.76271485,-90.05194370000002,5093.0,651.8904823989569,1.1320754716981132,262,225,3,0,222,224,41239,40,0,0,40,1
2020-07-08,US,Arkansas,Monroe,17,0,0,34.6815935,-91.20540287,5095.0,253.6934785852858,0.0,17,17,0,0,17,17,6900,0,0,0,0,0
2020-07-08,US,Arkansas,Montgomery,7,0,0,34.53704874,-93.65824478,5097.0,77.89895392833294,0.0,7,7,0,0,7,6,8924,0,0,0,0,1
2020-07-08,US,Arkansas,Nevada,106,3,0,33.66340119,-93.30632432,5099.0,1284.5370819195346,2.830188679245283,103,104,3,0,101,104,8326,2,0,0,2,0
2020-07-08,US,Arkansas,Newton,7,0,0,35.91947491,-93.21612969,5101.0,90.28763059460856,0.0,7,7,0,0,7,7,7805,0,0,0,0,0
2020-07-08,US,Arkansas,Ouachita,28,0,0,33.58839816,-92.87795984,5103.0,119.75023522367631,0.0,28,25,0,0,25,22,23606,3,0,0,3,3
2020-07-08,US,Arkansas,Perry,32,0,0,34.945915299999996,-92.94372564,5105.0,306.0736489717838,0.0,32,34,0,0,34,34,10352,-2,0,0,-2,0
2020-07-08,US,Arkansas,Phillips,160,5,0,34.43268455,-90.84800154,5107.0,899.786300753571,3.125,155,159,5,0,154,156,18029,1,0,0,1,3
2020-07-08,US,Arkansas,Pike,12,0,0,34.16250414,-93.65789349,5109.0,111.96118678857997,0.0,12,11,0,0,11,10,10673,1,0,0,1,1
2020-07-08,US,Arkansas,Poinsett,64,3,0,35.57433534,-90.66268713,5111.0,272.01632097925875,4.6875,61,63,3,0,60,63,23974,1,0,0,1,0
2020-07-08,US,Arkansas,Polk,81,0,0,34.48254879,-94.22728802,5113.0,405.7303145662192,0.0,81,80,0,0,80,80,20049,1,0,0,1,0
2020-07-08,US,Arkansas,Pope,562,4,0,35.44871474,-93.03212219,5115.0,877.1382195030591,0.7117437722419929,558,516,4,0,512,500,64000,46,0,0,46,16
2020-07-08,US,Arkansas,Prairie,25,0,0,34.83624419,-91.55162157,5117.0,310.09675018605805,0.0,25,22,0,0,22,22,8074,3,0,0,3,0
2020-07-08,US,Arkansas,Pulaski,2611,62,0,34.77054088,-92.31355101,5119.0,666.2226883144388,2.3745691306013024,2549,2522,62,0,2460,2472,392680,89,0,0,89,50
2020-07-08,US,Arkansas,Randolph,59,1,0,36.3415714,-91.02455531,5121.0,328.54438133422434,1.6949152542372878,58,56,1,0,55,56,17948,3,0,0,3,0
2020-07-08,US,Arkansas,Saline,399,3,0,34.64916145,-92.67583224,5125.0,325.88188211079984,0.7518796992481203,396,375,2,0,373,359,121421,24,1,0,23,16
2020-07-08,US,Arkansas,Scott,14,0,0,34.85588887,-94.0632176,5127.0,136.1735239762669,0.0,14,14,0,0,14,14,10319,0,0,0,0,0
2020-07-08,US,Arkansas,Searcy,13,0,0,35.9109364,-92.69936482,5129.0,164.95368608044663,0.0,13,12,0,0,12,12,7958,1,0,0,1,0
2020-07-08,US,Arkansas,Sebastian,649,7,0,35.19605503,-94.27162713,5131.0,507.717461882075,1.078582434514638,642,634,7,0,627,622,127753,15,0,0,15,12
2020-07-08,US,Arkansas,Sevier,769,9,0,33.99780401,-94.2424869,5133.0,4521.667548656434,1.1703511053315996,760,758,9,0,749,748,17139,11,0,0,11,10
2020-07-08,US,Arkansas,Sharp,58,5,0,36.16258158,-91.47819342,5135.0,332.5306730879486,8.620689655172415,53,56,5,0,51,58,17366,2,0,0,2,-2
2020-07-08,US,Arkansas,St. Francis,894,3,0,35.02201976,-90.74828138,5123.0,3576.8584460270463,0.3355704697986577,891,893,3,0,890,892,25439,1,0,0,1,1
2020-07-08,US,Arkansas,Stone,19,1,0,35.86251946,-92.15684085,5137.0,151.92707500399808,5.2631578947368425,18,19,1,0,18,19,12457,0,0,0,0,0
2020-07-08,US,Arkansas,Unassigned,945,0,0,0.0,0.0,90005.0,0.0,0.0,945,914,0,0,914,965,,31,0,0,31,-51
2020-07-08,US,Arkansas,Union,264,13,0,33.16887091,-92.59746952,5139.0,682.487978904917,4.924242424242424,251,256,13,0,243,253,39126,8,0,0,8,3
2020-07-08,US,Arkansas,Van Buren,36,2,0,35.58095779,-92.51295036,5141.0,217.58839528558482,5.5555555555555545,34,34,2,0,32,34,16603,2,0,0,2,0
2020-07-08,US,Arkansas,Washington,4266,35,0,35.976844,-94.21800746,5143.0,1783.5417476702328,0.8204406938584153,4231,4171,34,0,4137,4137,236961,95,1,0,94,34
2020-07-08,US,Arkansas,White,107,2,0,35.25688493,-91.74908296,5145.0,135.86783995530328,1.8691588785046729,105,101,2,0,99,98,78727,6,0,0,6,3
2020-07-08,US,Arkansas,Woodruff,8,0,0,35.18902527,-91.2439489,5147.0,126.58227848101265,0.0,8,8,0,0,8,8,6490,0,0,0,0,0
2020-07-08,US,Arkansas,Yell,783,5,0,35.00292371,-93.41171338,5149.0,3668.993955297315,0.6385696040868455,778,750,5,0,745,745,21535,33,0,0,33,5
2020-07-08,US,California,Alameda,7245,142,0,37.64629437,-121.8929271,6001.0,433.487362452276,1.9599723947550036,7103,6925,140,0,6785,6855,1666753,320,2,0,318,70
2020-07-08,US,California,Alpine,2,0,0,38.59678594,-119.82235940000001,6003.0,177.14791851195747,0.0,2,2,0,0,2,2,1101,0,0,0,0,0
2020-07-08,US,California,Amador,35,0,0,38.44583082,-120.65696000000001,6005.0,88.04588448379955,0.0,35,34,0,0,34,33,39383,1,0,0,1,1
2020-07-08,US,California,Butte,295,4,0,39.66727762,-121.6005252,6007.0,134.58888797642186,1.3559322033898304,291,275,3,0,272,206,231256,20,1,0,19,69
2020-07-08,US,California,Calaveras,61,0,0,38.20537103,-120.55291299999999,6009.0,132.88312819954254,0.0,61,61,0,0,61,53,45602,0,0,0,0,8
2020-07-08,US,California,Colusa,98,0,0,39.17881957,-122.2331726,6011.0,454.819696477468,0.0,98,86,0,0,86,70,21627,12,0,0,12,16
2020-07-08,US,California,Contra Costa,4241,86,0,37.91923498,-121.9289527,6013.0,367.6553454365138,2.0278236265031837,4155,4092,86,0,4006,3878,1150215,149,0,0,149,214
2020-07-08,US,California,Del Norte,58,0,0,41.74228275,-123.89740630000001,6015.0,208.54307493168412,0.0,58,58,1,0,57,58,27828,0,-1,0,1,0
2020-07-08,US,California,El Dorado,280,0,0,38.77965956,-120.5233166,6017.0,145.19583287959637,0.0,280,264,0,0,264,226,190678,16,0,0,16,38
2020-07-08,US,California,Fresno,7281,84,0,36.75733899,-119.6466953,6019.0,728.7551508806417,1.1536876802637,7197,6924,81,0,6843,6110,994400,357,3,0,354,814
2020-07-08,US,California,Glenn,153,0,0,39.59875897,-122.3938452,6021.0,538.8652132567886,0.0,153,146,0,0,146,122,28047,7,0,0,7,24
2020-07-08,US,California,Humboldt,157,4,0,40.69923009,-123.876044,6023.0,115.8175836173446,2.5477707006369426,153,154,4,0,150,144,136373,3,0,0,3,10
2020-07-08,US,California,Imperial,7464,125,0,33.0393082,-115.36690420000001,6025.0,4118.8643324228115,1.67470525187567,7339,7343,121,0,7222,7190,181827,121,4,0,117,153
2020-07-08,US,California,Inyo,34,1,0,36.51112084,-117.41119779999998,6027.0,188.4805144409336,2.9411764705882355,33,34,1,0,33,33,17987,0,0,0,0,1
2020-07-08,US,California,Kern,5759,87,0,35.34329425,-118.72777959999999,6029.0,639.7453016100833,1.5106789373155058,5672,5543,84,0,5459,5369,896764,216,3,0,213,174
2020-07-08,US,California,Kings,2823,38,0,36.07409056,-119.8159973,6031.0,1845.8218909376224,1.3460857244066595,2785,2755,37,0,2718,2673,151366,68,1,0,67,82
2020-07-08,US,California,Lake,100,1,0,39.10124298,-122.75362439999999,6033.0,155.31326685925512,1.0,99,98,1,0,97,96,64382,2,0,0,2,2
2020-07-08,US,California,Lassen,267,0,0,40.67311306,-120.59350990000002,6035.0,873.3195957217152,0.0,267,267,0,0,267,242,30802,0,0,0,0,25
2020-07-08,US,California,Los Angeles,123256,3643,0,34.30828379,-118.22824109999999,6037.0,1227.7586044256725,2.9556370480950216,119613,120764,3582,0,117182,116570,10105518,2492,61,0,2431,4194
2020-07-08,US,California,Madera,857,8,0,37.21513971,-119.76655890000002,6039.0,544.7253173326892,0.9334889148191364,849,713,7,0,706,578,157672,144,1,0,143,135
2020-07-08,US,California,Marin,3232,26,0,38.07122463,-122.72106310000001,6041.0,1248.7153531716287,0.8044554455445545,3206,2989,26,0,2963,2809,259666,243,0,0,243,180
2020-07-08,US,California,Mariposa,31,1,0,37.57978556,-119.9073334,6043.0,180.2011277102831,3.2258064516129035,30,31,1,0,30,31,17471,0,0,0,0,0
2020-07-08,US,California,Mendocino,98,0,0,39.4381191,-123.39113130000001,6045.0,112.96960195506577,0.0,98,92,0,0,92,85,87606,6,0,0,6,7
2020-07-08,US,California,Merced,1623,11,0,37.18922369,-120.72090349999999,6047.0,584.485738980121,0.6777572396796057,1612,1623,11,0,1612,1272,274765,0,0,0,0,351
2020-07-08,US,California,Mono,49,1,0,37.93899289,-118.8872409,6051.0,339.24120742176683,2.0408163265306123,48,48,1,0,47,47,14250,1,0,0,1,1
2020-07-08,US,California,Monterey,2270,17,0,36.21862405,-121.24133970000001,6053.0,522.9679699397091,0.748898678414097,2253,2239,17,0,2222,2151,435594,31,0,0,31,88
2020-07-08,US,California,Napa,453,4,0,38.50735751,-122.33283899999999,6055.0,328.87094900685327,0.8830022075055187,449,448,4,0,444,436,139417,5,0,0,5,12
2020-07-08,US,California,Nevada,155,1,0,39.30394768,-120.76272809999999,6057.0,155.38068267254775,0.6451612903225806,154,151,1,0,150,129,99696,4,0,0,4,22
2020-07-08,US,California,Orange,20225,376,0,33.70147516,-117.76459979999998,6059.0,636.8690666475213,1.8590852904820767,19849,18892,369,0,18523,17882,3185968,1333,7,0,1326,1010
2020-07-08,US,California,Placer,970,11,0,39.06167234,-120.72405690000001,6061.0,243.51729349356938,1.134020618556701,959,938,11,0,927,911,393149,32,0,0,32,27
2020-07-08,US,California,Plumas,15,0,0,40.00355989,-120.8395236,6063.0,79.75753708725475,0.0,15,13,0,0,13,11,18804,2,0,0,2,2
2020-07-08,US,California,Riverside,21957,515,0,33.74314981,-115.9933578,6065.0,888.7509076940887,2.345493464498793,21442,21101,506,0,20595,20555,2450758,856,9,0,847,546
2020-07-08,US,California,Sacramento,4776,78,0,38.45106826,-121.34253740000001,6067.0,307.72045890037623,1.6331658291457287,4698,4566,76,0,4490,4236,1540975,210,2,0,208,330
2020-07-08,US,California,San Benito,304,2,0,36.60308176,-121.069975,6069.0,484.0147751878741,0.6578947368421053,302,292,2,0,290,273,61537,12,0,0,12,19
2020-07-08,US,California,San Bernardino,16586,293,0,34.84060306,-116.1774685,6071.0,760.7960240082382,1.766550102496081,16293,15932,272,0,15660,15345,2171603,654,21,0,633,587
2020-07-08,US,California,San Diego,17842,406,0,33.03484597,-116.73653259999999,6073.0,534.4588461895619,2.2755296491424732,17436,17578,399,0,17179,16726,3343364,264,7,0,257,852
2020-07-08,US,California,San Francisco,4071,50,0,37.75215114,-122.43856720000001,6075.0,461.8007620676786,1.228199459592238,4021,4020,50,0,3970,3992,883305,51,0,0,51,28
2020-07-08,US,California,San Joaquin,5817,61,0,37.93433732,-121.2730061,6077.0,763.2375864005417,1.0486505071342616,5756,5600,58,0,5542,4474,752660,217,3,0,214,1126
2020-07-08,US,California,San Luis Obispo,845,3,0,35.38822029,-120.4039028,6079.0,298.46950489384017,0.3550295857988165,842,808,2,0,806,765,284010,37,1,0,36,43
2020-07-08,US,California,San Mateo,3743,111,0,37.422880799999994,-122.32755459999998,6081.0,488.2770460217096,2.965535666577612,3632,3692,111,0,3581,3599,769545,51,0,0,51,93
2020-07-08,US,California,Santa Barbara,3808,30,0,34.65329488,-120.0188492,6083.0,852.8574532081817,0.7878151260504201,3778,3742,30,0,3712,3261,446527,66,0,0,66,481
2020-07-08,US,California,Santa Clara,5552,165,0,37.23104908,-121.6970462,6085.0,287.98891201191793,2.9719020172910664,5387,5478,165,0,5313,5408,1937570,74,0,0,74,70
2020-07-08,US,California,Santa Cruz,503,3,0,37.05580291,-122.0066524,6087.0,184.1054415419472,0.5964214711729622,500,501,3,0,498,459,274255,2,0,0,2,42
2020-07-08,US,California,Shasta,171,5,0,40.76391419,-122.0396884,6089.0,94.95779653487341,2.9239766081871346,166,163,5,0,158,154,180040,8,0,0,8,9
2020-07-08,US,California,Sierra,1,0,0,39.57713498,-120.52007009999998,6091.0,33.277870216306155,0.0,1,1,0,0,1,1,2987,0,0,0,0,0
2020-07-08,US,California,Siskiyou,33,0,0,41.59198861,-122.54074340000001,6093.0,75.7941156204782,0.0,33,32,0,0,32,32,43724,1,0,0,1,0
2020-07-08,US,California,Solano,1922,27,0,38.26827353,-121.9357113,6095.0,429.36000339556296,1.4047866805411031,1895,1826,27,0,1799,1476,446610,96,0,0,96,350
2020-07-08,US,California,Sonoma,1487,14,0,38.52746429,-122.88625060000001,6097.0,300.8075479026412,0.9414929388029588,1473,1466,12,0,1454,1359,499942,21,2,0,19,107
2020-07-08,US,California,Stanislaus,3004,50,0,37.55862499,-120.9970722,6099.0,545.5271855591474,1.664447403462051,2954,2889,45,0,2844,2660,549815,115,5,0,110,229
2020-07-08,US,California,Sutter,323,4,0,39.03417539,-121.6945899,6101.0,333.0892741128792,1.238390092879257,319,275,3,0,272,252,96807,48,1,0,47,23
2020-07-08,US,California,Tehama,98,1,0,40.12570935,-122.23701709999999,6103.0,150.57464200110627,1.020408163265306,97,94,1,0,93,88,63916,4,0,0,4,6
2020-07-08,US,California,Trinity,2,0,0,40.64917670000001,-123.114713,6105.0,16.28001628001628,0.0,2,2,0,0,2,2,12535,0,0,0,0,0
2020-07-08,US,California,Tulare,5298,148,0,36.22026558,-118.8020203,6107.0,1136.434324692457,2.7935069837674598,5150,5175,139,0,5036,5009,465861,123,9,0,114,166
2020-07-08,US,California,Tuolumne,58,0,0,38.02644018,-119.95250929999999,6109.0,106.46499504387093,0.0,58,57,0,0,57,43,54539,1,0,0,1,14
2020-07-08,US,California,Ventura,3858,50,0,34.44465746,-119.09106129999999,6111.0,456.02513457351364,1.2960082944530844,3808,3858,50,0,3808,3789,850967,0,0,0,0,69
2020-07-08,US,California,Yolo,760,28,0,38.68278902,-121.90182879999999,6113.0,344.671201814059,3.684210526315789,732,723,26,0,697,677,220408,37,2,0,35,46
2020-07-08,US,California,Yuba,154,3,0,39.26255932,-121.35356440000001,6115.0,195.75939390857783,1.9480519480519483,151,139,2,0,137,128,78041,15,1,0,14,11
2020-07-08,US,Colorado,Adams,4546,156,0,39.87432092,-104.3362578,8001.0,878.5882289277008,3.4315882094148704,4390,4478,156,0,4322,4400,511868,68,0,0,68,78
2020-07-08,US,Colorado,Alamosa,203,6,0,37.57250606,-105.7885451,8003.0,1250.5390254420008,2.955665024630542,197,202,5,0,197,200,16683,1,1,0,0,2
2020-07-08,US,Colorado,Arapahoe,5459,347,0,39.64977461,-104.3353617,8005.0,831.4168659285094,6.356475544971607,5112,5421,346,0,5075,5369,651215,38,1,0,37,52
2020-07-08,US,Colorado,Archuleta,12,0,0,37.19474156,-107.0476867,8007.0,85.53710171787012,0.0,12,11,0,0,11,11,13765,1,0,0,1,0
2020-07-08,US,Colorado,Baca,14,0,0,37.31940883,-102.5603223,8009.0,390.9522479754258,0.0,14,14,0,0,14,14,3585,0,0,0,0,0
2020-07-08,US,Colorado,Bent,4,0,0,37.95474293,-103.0720195,8011.0,71.72314864622557,0.0,4,4,0,0,4,5,5882,0,0,0,0,-1
2020-07-08,US,Colorado,Boulder,1466,72,0,40.09313619,-105.3546767,8013.0,449.42304626666174,4.911323328785811,1394,1454,73,0,1381,1443,326078,12,-1,0,13,11
2020-07-08,US,Colorado,Broomfield,324,30,0,39.95998787,-105.0566324,8014.0,459.8027389484142,9.25925925925926,294,320,30,0,290,316,69267,4,0,0,4,4
2020-07-08,US,Colorado,Chaffee,81,19,0,38.74745778,-106.19265729999998,8015.0,397.9170760463745,23.456790123456788,62,78,19,0,59,78,20027,3,0,0,3,0
2020-07-08,US,Colorado,Cheyenne,5,0,0,38.82777431,-102.6032558,8017.0,273.07482250136536,0.0,5,5,0,0,5,5,1876,0,0,0,0,0
2020-07-08,US,Colorado,Clear Creek,21,1,0,39.68864463,-105.6463118,8019.0,216.49484536082474,4.761904761904762,20,21,1,0,20,21,9605,0,0,0,0,0
2020-07-08,US,Colorado,Conejos,15,0,0,37.201606,-106.19174879999998,8021.0,182.81535648994515,0.0,15,15,0,0,15,15,8200,0,0,0,0,0
2020-07-08,US,Colorado,Costilla,22,0,0,37.27732493,-105.4276548,8023.0,565.9891947517366,0.0,22,22,0,0,22,22,3828,0,0,0,0,0
2020-07-08,US,Colorado,Crowley,71,1,0,38.32608609,-103.7844965,8025.0,1171.4238574492658,1.4084507042253518,70,71,1,0,70,71,5858,0,0,0,0,0
2020-07-08,US,Colorado,Custer,3,0,0,38.10883162,-105.3683478,8027.0,59.19494869771113,0.0,3,2,0,0,2,2,4954,1,0,0,1,0
2020-07-08,US,Colorado,Delta,84,1,0,38.86246243,-107.8631342,8029.0,269.5590783646749,1.1904761904761905,83,84,1,0,83,83,30953,0,0,0,0,1
2020-07-08,US,Colorado,Denver,7563,387,0,39.76018276,-104.8725695,8031.0,1040.0007700653591,5.1170170567235225,7176,7477,383,0,7094,7392,716492,86,4,0,82,85
2020-07-08,US,Colorado,Douglas,1056,52,0,39.33133796,-104.930001,8035.0,300.72275981478214,4.924242424242424,1004,1042,52,0,990,1019,342776,14,0,0,14,23
2020-07-08,US,Colorado,Eagle,732,8,0,39.62754308,-106.6933637,8037.0,1327.8429807535326,1.0928961748633879,724,715,8,0,707,709,54993,17,0,0,17,6
2020-07-08,US,Colorado,El Paso,2751,109,0,38.83240149,-104.5251411,8041.0,381.86959243645566,3.962195565249,2642,2685,109,0,2576,2645,713856,66,0,0,66,40
2020-07-08,US,Colorado,Elbert,60,2,0,39.28656773,-104.1358721,8039.0,224.4752890119346,3.333333333333333,58,60,2,0,58,58,26282,0,0,0,0,2
2020-07-08,US,Colorado,Fremont,41,0,0,38.47362326,-105.4399667,8043.0,85.70413261146763,0.0,41,41,0,0,41,41,48021,0,0,0,0,0
2020-07-08,US,Colorado,Garfield,339,3,0,39.59921777,-107.902708,8045.0,564.4261667304906,0.8849557522123894,336,326,3,0,323,317,59770,13,0,0,13,9
2020-07-08,US,Colorado,Gilpin,8,0,0,39.85646523,-105.5252597,8047.0,128.14352074323241,0.0,8,8,0,0,8,8,6121,0,0,0,0,0
2020-07-08,US,Colorado,Grand,23,1,0,40.10603347,-106.1178042,8049.0,146.1802465997204,4.3478260869565215,22,23,1,0,22,21,15525,0,0,0,0,2
2020-07-08,US,Colorado,Gunnison,190,6,0,38.66611652,-107.0320729,8051.0,1088.076967128622,3.1578947368421053,184,189,6,0,183,189,17246,1,0,0,1,0
2020-07-08,US,Colorado,Hinsdale,3,0,0,37.82247444,-107.3004345,8053.0,365.8536585365854,0.0,3,3,0,0,3,3,811,0,0,0,0,0
2020-07-08,US,Colorado,Huerfano,4,1,0,37.68473101,-104.9612585,8055.0,57.99623024503408,25.0,3,4,1,0,3,4,6889,0,0,0,0,0
2020-07-08,US,Colorado,Jackson,2,0,0,40.66593870000001,-106.3408905,8057.0,143.67816091954026,0.0,2,2,0,0,2,2,1399,0,0,0,0,0
2020-07-08,US,Colorado,Jefferson,2887,214,0,39.58635604,-105.2517692,8059.0,495.2983542095213,7.41253896778663,2673,2842,212,0,2630,2801,580233,45,2,0,43,41
2020-07-08,US,Colorado,Kit Carson,35,3,0,39.30497777,-102.6022199,8063.0,493.1661265323377,8.571428571428571,32,33,3,0,30,33,7163,2,0,0,2,0
2020-07-08,US,Colorado,La Plata,130,1,0,37.28632032,-107.8429014,8067.0,231.23032318884404,0.7692307692307693,129,127,1,0,126,122,56310,3,0,0,3,5
2020-07-08,US,Colorado,Lake,52,0,0,39.20278823,-106.3555697,8065.0,639.8425003076165,0.0,52,51,0,0,51,52,7824,1,0,0,1,-1
2020-07-08,US,Colorado,Larimer,843,30,0,40.66671597,-105.4625784,8069.0,236.20127823277733,3.5587188612099645,813,818,29,0,789,808,350518,25,1,0,24,10
2020-07-08,US,Colorado,Las Animas,9,0,0,37.3153406,-104.0376458,8071.0,62.04329243071832,0.0,9,9,0,0,9,9,14503,0,0,0,0,0
2020-07-08,US,Colorado,Lincoln,4,0,0,38.98749519,-103.5136649,8073.0,70.1631292755657,0.0,4,4,0,0,4,4,5610,0,0,0,0,0
2020-07-08,US,Colorado,Logan,640,5,0,40.7249637,-103.110817,8075.0,2855.995359007541,0.78125,635,640,5,0,635,640,21528,0,0,0,0,0
2020-07-08,US,Colorado,Mesa,125,0,0,39.01787888,-108.469799,8077.0,81.05829712729395,0.0,125,121,0,0,121,119,153207,4,0,0,4,2
2020-07-08,US,Colorado,Mineral,14,0,0,37.66954283,-106.9281698,8079.0,1820.5461638491547,0.0,14,13,0,0,13,11,776,1,0,0,1,2
2020-07-08,US,Colorado,Moffat,13,0,0,40.61810999,-108.2070876,8081.0,97.86945720093351,0.0,13,13,0,0,13,13,13188,0,0,0,0,0
2020-07-08,US,Colorado,Montezuma,75,3,0,37.33859579,-108.5958857,8083.0,286.4454035060918,4.0,72,74,3,0,71,74,26158,1,0,0,1,0
2020-07-08,US,Colorado,Montrose,213,12,0,38.40214114,-108.26390220000002,8085.0,498.1523925347303,5.633802816901407,201,211,12,0,199,210,42214,2,0,0,2,1
2020-07-08,US,Colorado,Morgan,655,46,0,40.26279810000001,-103.8093302,8087.0,2253.337002889776,7.022900763358778,609,655,46,0,609,655,28558,0,0,0,0,0
2020-07-08,US,Colorado,Otero,22,1,0,37.9014485,-103.7173385,8089.0,120.3632782580151,4.545454545454546,21,22,1,0,21,22,18432,0,0,0,0,0
2020-07-08,US,Colorado,Ouray,12,1,0,38.14717457,-107.7675136,8091.0,242.3263327948304,8.333333333333334,11,12,1,0,11,12,4833,0,0,0,0,0
2020-07-08,US,Colorado,Park,32,0,0,39.120926,-105.7182065,8093.0,169.80631467232686,0.0,32,28,0,0,28,28,18556,4,0,0,4,0
2020-07-08,US,Colorado,Phillips,16,0,0,40.59414277,-102.3577703,8095.0,375.14654161781954,0.0,16,16,0,0,16,16,4286,0,0,0,0,0
2020-07-08,US,Colorado,Pitkin,111,2,0,39.21720112,-106.9310027,8097.0,624.7537569651602,1.8018018018018016,109,108,2,0,106,105,17950,3,0,0,3,3
2020-07-08,US,Colorado,Prowers,32,0,0,37.95544985,-102.3926052,8099.0,262.8984554715741,0.0,32,30,0,0,30,29,12164,2,0,0,2,1
2020-07-08,US,Colorado,Pueblo,416,30,0,38.17359144,-104.5127437,8101.0,246.9956775756424,7.211538461538463,386,411,30,0,381,408,167529,5,0,0,5,3
2020-07-08,US,Colorado,Rio Blanco,4,0,0,39.97913541,-108.2179009,8103.0,63.25110689437065,0.0,4,4,0,0,4,4,6336,0,0,0,0,0
2020-07-08,US,Colorado,Rio Grande,80,2,0,37.5836865,-106.3847838,8105.0,710.0381645513446,2.5,78,80,2,0,78,80,11250,0,0,0,0,0
2020-07-08,US,Colorado,Routt,79,6,0,40.48596505,-106.9905548,8107.0,308.1363600904906,7.594936708860758,73,78,6,0,72,78,25733,1,0,0,1,0
2020-07-08,US,Colorado,Saguache,103,2,0,38.08054629,-106.282466,8109.0,1509.3786635404456,1.9417475728155342,101,102,2,0,100,102,6843,1,0,0,1,0
2020-07-08,US,Colorado,San Juan,2,0,0,37.76248981,-107.67632890000002,8111.0,274.72527472527474,0.0,2,2,0,0,2,2,762,0,0,0,0,0
2020-07-08,US,Colorado,San Miguel,41,0,0,38.00450883,-108.4020725,8113.0,501.28377552268006,0.0,41,39,0,0,39,39,8191,2,0,0,2,0
2020-07-08,US,Colorado,Summit,288,4,0,39.63803232,-106.1150762,8117.0,928.7027183902486,1.3888888888888888,284,286,4,0,282,281,31007,2,0,0,2,5
2020-07-08,US,Colorado,Teller,52,2,0,38.88133511,-105.1614893,8119.0,204.82117535843705,3.8461538461538463,50,52,2,0,50,43,25083,0,0,0,0,9
2020-07-08,US,Colorado,Washington,46,0,0,39.97015535,-103.202587,8121.0,937.2453137734312,0.0,46,46,0,0,46,46,4909,0,0,0,0,0
2020-07-08,US,Colorado,Weld,2912,138,0,40.55499405,-104.3929621,8123.0,897.4027094658728,4.739010989010988,2774,2890,138,0,2752,2878,314305,22,0,0,22,12
2020-07-08,US,Colorado,Yuma,54,0,0,40.00346839,-102.4258673,8125.0,538.975945703164,0.0,54,53,0,0,53,53,10020,1,0,0,1,0
2020-07-08,US,Connecticut,Fairfield,16859,1378,0,41.26809896,-73.3881171,9001.0,1787.175670919676,8.173675781481702,15481,16837,1377,0,15460,16823,943823,22,1,0,21,14
2020-07-08,US,Connecticut,Hartford,11835,1382,0,41.80283011,-72.73103891,9003.0,1327.2103350827615,11.677228559357838,10453,11812,1380,0,10432,11794,892697,23,2,0,21,18
2020-07-08,US,Connecticut,Litchfield,1509,137,0,41.7937534,-73.2451475,9005.0,836.7852805642896,9.078860172299537,1372,1508,137,0,1371,1504,181111,1,0,0,1,4
2020-07-08,US,Connecticut,Middlesex,1331,187,0,41.45949668,-72.53714864,9007.0,819.3996404737866,14.049586776859504,1144,1320,186,0,1134,1321,162682,11,1,0,10,-1
2020-07-08,US,Connecticut,New Haven,12486,1079,0,41.408032500000004,-72.93620426,9009.0,1460.7660422786828,8.641678680121737,11407,12473,1078,0,11395,12462,857620,13,1,0,12,11
2020-07-08,US,Connecticut,New London,1308,102,0,41.48896435,-72.10430976,9011.0,493.20151127802535,7.798165137614678,1206,1304,102,0,1202,1296,266784,4,0,0,4,8
2020-07-08,US,Connecticut,Tolland,926,64,0,41.85853803,-72.3308481,9013.0,614.3802124455118,6.911447084233261,862,925,64,0,861,925,150921,1,0,0,1,0
2020-07-08,US,Connecticut,Unassigned,228,0,0,0.0,0.0,90009.0,0.0,0.0,228,227,0,0,227,227,,1,0,0,1,0
2020-07-08,US,Connecticut,Windham,626,14,0,41.82972709,-71.98182316,9015.0,536.0415132469045,2.236421725239617,612,627,14,0,613,624,117027,-1,0,0,-1,3
2020-07-08,US,Delaware,Kent,1790,92,0,39.08646628,-75.56884914,10001.0,990.1209164426448,5.139664804469274,1698,1784,92,0,1692,1761,178550,6,0,0,6,23
2020-07-08,US,Delaware,New Castle,5583,248,0,39.57992638,-75.64054974,10003.0,999.1892660978999,4.442056242163711,5335,5555,247,0,5308,5489,559335,28,1,0,27,66
2020-07-08,US,Delaware,Sussex,4988,175,0,38.66143781,-75.39031349,10005.0,2129.576262141104,3.5084202085004015,4813,4977,175,0,4802,4952,229286,11,0,0,11,25
2020-07-08,US,Delaware,Unassigned,101,0,0,0.0,0.0,90010.0,0.0,0.0,101,98,0,0,98,91,,3,0,0,3,7
2020-07-08,US,District of Columbia,District of Columbia,10642,564,0,38.90417773,-77.01655992,11001.0,1507.9015343982064,5.299755685021612,10078,10569,561,0,10008,10515,702455,73,3,0,70,54
2020-07-08,US,Florida,Alachua,1792,12,0,29.67866525,-82.35928158,12001.0,666.0645324353358,0.6696428571428571,1780,1701,12,0,1689,1636,269956,91,0,0,91,65
2020-07-08,US,Florida,Baker,120,4,0,30.33060121,-82.28467476,12003.0,410.8182129407737,3.333333333333333,116,110,4,0,106,106,28355,10,0,0,10,4
2020-07-08,US,Florida,Bay,880,5,0,30.26548745,-85.62122584,12005.0,503.7062476746515,0.5681818181818182,875,818,5,0,813,744,185287,62,0,0,62,74
2020-07-08,US,Florida,Bradford,105,2,0,29.95079741,-82.16611613,12007.0,372.3272224389206,1.9047619047619049,103,102,2,0,100,95,27732,3,0,0,3,7
2020-07-08,US,Florida,Brevard,2812,20,0,28.29409504,-80.73091022,12009.0,467.15464280611747,0.7112375533428165,2792,2705,20,0,2685,2591,596849,107,0,0,107,114
2020-07-08,US,Florida,Broward,23781,419,0,26.15184651,-80.48725556,12011.0,1217.8035598516576,1.7619107691013836,23362,22595,418,0,22177,21856,1951260,1186,1,0,1185,739
2020-07-08,US,Florida,Calhoun,106,6,0,30.40666734,-85.19394153,12013.0,751.5065579581709,5.660377358490566,100,101,6,0,95,97,14587,5,0,0,5,4
2020-07-08,US,Florida,Charlotte,974,77,0,26.90131002,-81.92949121,12015.0,515.5894341220687,7.905544147843942,897,944,77,0,867,935,184998,30,0,0,30,9
2020-07-08,US,Florida,Citrus,457,13,0,28.84804315,-82.47614748,12017.0,305.364934483519,2.844638949671773,444,419,13,0,406,399,147929,38,0,0,38,20
2020-07-08,US,Florida,Clay,1158,34,0,29.98319144,-81.85609986,12019.0,528.1593782496852,2.936096718480138,1124,1074,34,0,1040,1017,216072,84,0,0,84,57
2020-07-08,US,Florida,Collier,5433,85,0,26.11091986,-81.34687065,12021.0,1411.528129238092,1.5645131603165838,5348,5201,85,0,5116,5076,378488,232,0,0,232,125
2020-07-08,US,Florida,Columbia,392,4,0,30.22509788,-82.62160164,12023.0,546.829227464219,1.020408163265306,388,377,4,0,373,364,70503,15,0,0,15,13
2020-07-08,US,Florida,DeSoto,775,10,0,27.18677893,-81.80941373,12027.0,2039.4200152627564,1.2903225806451613,765,760,10,0,750,752,37489,15,0,0,15,8
2020-07-08,US,Florida,Dixie,90,4,0,29.60631086,-83.15724673,12029.0,534.8864852014739,4.4444444444444455,86,84,4,0,80,80,16700,6,0,0,6,4
2020-07-08,US,Florida,Duval,10439,70,0,30.33225875,-81.66976468,12031.0,1089.9447144624671,0.6705623143979308,10369,9835,70,0,9765,9487,950181,604,0,0,604,348
2020-07-08,US,Florida,Escambia,3188,51,0,30.67652764,-87.37284571,12033.0,1001.5205016398801,1.5997490589711418,3137,3059,48,0,3011,2942,315534,129,3,0,126,117
2020-07-08,US,Florida,Flagler,424,5,0,29.45933576,-81.31508595,12035.0,368.43614497614715,1.179245283018868,419,410,5,0,405,392,112067,14,0,0,14,18
2020-07-08,US,Florida,Franklin,19,0,0,29.83791238,-84.82731662,12037.0,156.70103092783506,0.0,19,15,0,0,15,15,11736,4,0,0,4,0
2020-07-08,US,Florida,Gadsden,481,7,0,30.57796289,-84.61915825,12039.0,1053.4384581690758,1.4553014553014554,474,474,7,0,467,468,45894,7,0,0,7,6
2020-07-08,US,Florida,Gilchrist,124,0,0,29.72856978,-82.79880657,12041.0,667.3124529114198,0.0,124,122,0,0,122,116,18256,2,0,0,2,6
2020-07-08,US,Florida,Glades,189,1,0,26.95635849,-81.18996211,12043.0,1368.4744044602128,0.5291005291005291,188,188,1,0,187,188,13724,1,0,0,1,0
2020-07-08,US,Florida,Gulf,59,0,0,29.93543004,-85.24270990000002,12045.0,432.5830339467704,0.0,59,57,0,0,57,54,16164,2,0,0,2,3
2020-07-08,US,Florida,Hamilton,405,2,0,30.49673973,-82.94998918,12047.0,2807.041863044081,0.4938271604938271,403,392,2,0,390,389,14310,13,0,0,13,3
2020-07-08,US,Florida,Hardee,536,3,0,27.49293939,-81.80956574,12049.0,1989.8281174592569,0.5597014925373134,533,517,3,0,514,509,27245,19,0,0,19,8
2020-07-08,US,Florida,Hendry,1129,27,0,26.55386945,-81.16469006,12051.0,2686.687925372424,2.391496899911426,1102,1111,27,0,1084,1101,41556,18,0,0,18,10
2020-07-08,US,Florida,Hernando,659,6,0,28.55364461,-82.42700204,12053.0,339.83085808580864,0.9104704097116844,653,592,6,0,586,557,190865,67,0,0,67,35
2020-07-08,US,Florida,Highlands,457,12,0,27.34254618,-81.34071957,12055.0,430.23507592660593,2.62582056892779,445,435,12,0,423,416,105424,22,0,0,22,19
2020-07-08,US,Florida,Hillsborough,16099,163,0,27.9276559,-82.32013172,12057.0,1093.7058414313356,1.0124852475309023,15936,15362,163,0,15199,14677,1436888,737,0,0,737,685
2020-07-08,US,Florida,Holmes,207,0,0,30.86747479,-85.81319222,12059.0,1055.2072182290872,0.0,207,201,0,0,201,199,19477,6,0,0,6,2
2020-07-08,US,Florida,Indian River,992,17,0,27.69308961,-80.60556721,12061.0,620.2985186621063,1.7137096774193548,975,969,17,0,952,953,157413,23,0,0,23,16
2020-07-08,US,Florida,Jackson,504,2,0,30.795459700000002,-85.21500423,12063.0,1085.879260567932,0.3968253968253968,502,415,2,0,413,411,48305,89,0,0,89,4
2020-07-08,US,Florida,Jefferson,69,4,0,30.43669112,-83.89442308,12065.0,484.3464832233609,5.797101449275362,65,67,4,0,63,65,14288,2,0,0,2,2
2020-07-08,US,Florida,Lafayette,48,0,0,29.98484137,-83.18166636,12067.0,569.935882213251,0.0,48,42,0,0,42,40,8732,6,0,0,6,2
2020-07-08,US,Florida,Lake,2087,25,0,28.76202069,-81.7125123,12069.0,568.4820684357617,1.1978917105893627,2062,1998,25,0,1973,1890,356495,89,0,0,89,108
2020-07-08,US,Florida,Lee,8125,171,0,26.58410348,-81.88399313,12071.0,1054.4046863584042,2.1046153846153848,7954,7859,172,0,7687,7661,754610,266,-1,0,267,198
2020-07-08,US,Florida,Leon,1955,8,0,30.45955727,-84.27491114,12073.0,665.9127603190931,0.4092071611253197,1947,1911,8,0,1903,1870,292502,44,0,0,44,41
2020-07-08,US,Florida,Levy,225,1,0,29.31829741,-82.74007147,12075.0,542.1294846155698,0.4444444444444444,224,218,1,0,217,211,40770,7,0,0,7,7
2020-07-08,US,Florida,Liberty,249,1,0,30.23766008,-84.8829258,12077.0,2980.6080919320093,0.4016064257028112,248,245,1,0,244,244,8457,4,0,0,4,1
2020-07-08,US,Florida,Madison,273,4,0,30.44396917,-83.47398594,12079.0,1476.2342507975989,1.465201465201465,269,265,4,0,261,255,18529,8,0,0,8,10
2020-07-08,US,Florida,Manatee,4080,135,0,27.47196942,-82.31831044,12081.0,1011.7717661120934,3.3088235294117645,3945,3890,135,0,3755,3785,394855,190,0,0,190,105
2020-07-08,US,Florida,Marion,1111,12,0,29.21227113,-82.05803627,12083.0,303.90148230614994,1.08010801080108,1099,1043,12,0,1031,986,359977,68,0,0,68,57
2020-07-08,US,Florida,Martin,2503,34,0,27.0772071,-80.43109784,12085.0,1554.6583850931675,1.3583699560527367,2469,2461,31,0,2430,2422,160912,42,3,0,39,39
2020-07-08,US,Florida,Miami-Dade,53974,1068,0,25.6112362,-80.55170587,12086.0,1986.5731300654413,1.9787304998703081,52906,51058,1057,0,50001,48992,2761581,2916,11,0,2905,2066
2020-07-08,US,Florida,Monroe,427,6,0,25.20904673,-81.07812416,12087.0,575.2546208977743,1.4051522248243558,421,398,5,0,393,380,75027,29,1,0,28,18
2020-07-08,US,Florida,Nassau,375,2,0,30.61037141,-81.80297522,12089.0,423.1311706629055,0.5333333333333333,373,346,2,0,344,325,85832,29,0,0,29,21
2020-07-08,US,Florida,Okaloosa,969,9,0,30.69143028,-86.59267105,12091.0,459.8126583720069,0.9287925696594428,960,938,9,0,929,917,207269,31,0,0,31,21
2020-07-08,US,Florida,Okeechobee,452,0,0,27.386336199999995,-80.88944347,12093.0,1071.90286473155,0.0,452,451,0,0,451,439,41537,1,0,0,1,12
2020-07-08,US,Florida,Orange,15194,63,0,28.51367621,-81.31799498,12095.0,1090.3856035227625,0.4146373568513887,15131,14768,61,0,14707,14407,1380645,426,2,0,424,361
2020-07-08,US,Florida,Osceola,3302,30,0,28.06312234,-81.14882926,12097.0,878.7734430513824,0.9085402786190188,3272,3190,29,0,3161,3068,367990,112,1,0,111,122
2020-07-08,US,Florida,Palm Beach,18231,569,0,26.64676272,-80.46536002,12099.0,1218.022809115629,3.121057539356042,17662,17638,563,0,17075,17242,1485941,593,6,0,587,396
2020-07-08,US,Florida,Pasco,3193,26,0,28.30810945,-82.40227529,12101.0,576.4089344287449,0.8142812402129659,3167,3004,26,0,2978,2850,539630,189,0,0,189,154
2020-07-08,US,Florida,Pinellas,9395,209,0,27.93130349,-82.72239666,12103.0,963.5936967946536,2.224587546567323,9186,9032,206,0,8826,8759,975280,363,3,0,360,273
2020-07-08,US,Florida,Polk,5895,122,0,27.95027105,-81.69732947,12105.0,813.3536246321283,2.0695504664970312,5773,5665,115,0,5550,5472,708009,230,7,0,223,193
2020-07-08,US,Florida,Putnam,593,6,0,29.60779729,-81.74230285,12107.0,795.7488493176421,1.011804384485666,587,566,6,0,560,550,74163,27,0,0,27,16
2020-07-08,US,Florida,Santa Rosa,993,10,0,30.69341450000001,-87.02458128,12113.0,538.7574397899226,1.0070493454179257,983,941,9,0,932,902,179349,52,1,0,51,39
2020-07-08,US,Florida,Sarasota,2334,98,0,27.18546175,-82.33174248,12115.0,538.1079074657284,4.198800342759212,2236,2249,98,0,2151,2191,426718,85,0,0,85,58
2020-07-08,US,Florida,Seminole,3652,20,0,28.7158582,-81.24060348,12117.0,774.0141492838461,0.547645125958379,3632,3522,20,0,3502,3430,467832,130,0,0,130,92
2020-07-08,US,Florida,St. Johns,1517,9,0,29.90096506,-81.43589967,12109.0,573.162253657357,0.5932762030323006,1508,1433,8,0,1425,1383,254261,84,1,0,83,50
2020-07-08,US,Florida,St. Lucie,2433,59,0,27.37763908,-80.47106649,12111.0,741.0972381715338,2.4249897246198113,2374,2355,54,0,2301,2264,321128,78,5,0,73,91
2020-07-08,US,Florida,Sumter,516,18,0,28.70181754,-82.0794267,12119.0,389.6692342546443,3.4883720930232562,498,478,17,0,461,436,128754,38,1,0,37,42
2020-07-08,US,Florida,Suwannee,673,21,0,30.19746066,-82.99099670000003,12121.0,1515.1856271247495,3.1203566121842496,652,646,21,0,625,630,44191,27,0,0,27,16
2020-07-08,US,Florida,Taylor,109,1,0,30.04848048,-83.60445406,12123.0,505.3549075061431,0.9174311926605504,108,102,1,0,101,101,21623,7,0,0,7,1
2020-07-08,US,Florida,Unassigned,251,0,0,0.0,0.0,90012.0,0.0,0.0,251,231,0,0,231,230,,20,0,0,20,1
2020-07-08,US,Florida,Union,99,2,0,30.04412971,-82.37497443,12125.0,649.7341996455996,2.0202020202020203,97,92,2,0,90,89,14940,7,0,0,7,3
2020-07-08,US,Florida,Volusia,3070,62,0,29.05858895,-81.18263252,12127.0,554.8687473340997,2.019543973941368,3008,2951,59,0,2892,2804,547538,119,3,0,116,147
2020-07-08,US,Florida,Wakulla,94,1,0,30.16548905,-84.39895211,12129.0,278.6093245205845,1.0638297872340423,93,93,1,0,92,90,32461,1,0,0,1,3
2020-07-08,US,Florida,Walton,395,9,0,30.64204028,-86.16935664,12131.0,533.2721307934279,2.278481012658228,386,372,9,0,363,324,71375,23,0,0,23,48
2020-07-08,US,Florida,Washington,136,13,0,30.61359259,-85.66002461,12133.0,533.8986377733286,9.558823529411764,123,131,13,0,118,121,24880,5,0,0,5,10
2020-07-08,US,Georgia,Appling,310,14,0,31.74847232,-82.28909114,13001.0,1686.0654846078535,4.516129032258065,296,302,14,0,288,299,18507,8,0,0,8,3
2020-07-08,US,Georgia,Atkinson,179,2,0,31.29633502,-82.87545866,13003.0,2192.2841396203307,1.11731843575419,177,179,2,0,177,175,8297,0,0,0,0,4
2020-07-08,US,Georgia,Bacon,286,5,0,31.55456473,-82.45936528,13005.0,2561.805804371193,1.7482517482517483,281,283,4,0,279,282,11185,3,1,0,2,1
2020-07-08,US,Georgia,Baker,43,3,0,31.32669878,-84.44218806,13007.0,1415.4048716260697,6.9767441860465125,40,44,3,0,41,44,3092,-1,0,0,-1,0
2020-07-08,US,Georgia,Baldwin,612,34,0,33.06882326,-83.24701748,13009.0,1363.332590777456,5.5555555555555545,578,582,34,0,548,570,44823,30,0,0,30,12
2020-07-08,US,Georgia,Banks,146,1,0,34.35607081,-83.49644388,13011.0,759.0724758240616,0.6849315068493149,145,143,1,0,142,146,18988,3,0,0,3,-3
2020-07-08,US,Georgia,Barrow,574,25,0,33.99148694,-83.71436292,13013.0,689.5723209995192,4.355400696864112,549,562,25,0,537,543,80809,12,0,0,12,19
2020-07-08,US,Georgia,Bartow,844,42,0,34.23732119,-84.83887523,13015.0,783.3819079619078,4.976303317535544,802,807,42,0,765,788,106408,37,0,0,37,19
2020-07-08,US,Georgia,Ben Hill,195,1,0,31.76095874,-83.22145359,13017.0,1167.6646706586826,0.5128205128205128,194,192,1,0,191,186,16787,3,0,0,3,6
2020-07-08,US,Georgia,Berrien,154,0,0,31.27590016,-83.22529920000002,13019.0,793.9372067845543,0.0,154,152,0,0,152,141,19252,2,0,0,2,11
2020-07-08,US,Georgia,Bibb,1482,41,0,32.80904227,-83.70489165,13021.0,967.6218831410497,2.7665317139001346,1441,1346,41,0,1305,1237,153095,136,0,0,136,109
2020-07-08,US,Georgia,Bleckley,81,1,0,32.43829035,-83.33035166,13023.0,629.2239571195528,1.2345679012345678,80,77,1,0,76,72,12838,4,0,0,4,5
2020-07-08,US,Georgia,Brantley,120,3,0,31.19576557,-81.97743999,13025.0,627.9763462242922,2.5,117,115,3,0,112,112,18897,5,0,0,5,3
2020-07-08,US,Georgia,Brooks,202,11,0,30.83922642,-83.58303423,13027.0,1306.85126479912,5.445544554455446,191,199,11,0,188,189,15513,3,0,0,3,10
2020-07-08,US,Georgia,Bryan,200,5,0,32.00979311,-81.44002948,13029.0,504.70638705932816,2.5,195,180,5,0,175,173,38109,20,0,0,20,7
2020-07-08,US,Georgia,Bulloch,546,4,0,32.39577406,-81.74811421,13031.0,685.8607175158277,0.7326007326007326,542,532,4,0,528,515,77296,14,0,0,14,17
2020-07-08,US,Georgia,Burke,161,7,0,33.05917989,-81.99928721,13033.0,719.2958942054238,4.3478260869565215,154,158,7,0,151,157,22423,3,0,0,3,1
2020-07-08,US,Georgia,Butts,325,34,0,33.283094500000004,-83.95435040000002,13035.0,1303.3365415463586,10.461538461538463,291,320,34,0,286,297,24193,5,0,0,5,23
2020-07-08,US,Georgia,Calhoun,168,6,0,31.53169785,-84.62725131,13037.0,2714.493456131847,3.571428571428572,162,169,6,0,163,168,6352,-1,0,0,-1,1
2020-07-08,US,Georgia,Camden,233,2,0,30.92951916,-81.66601818,13039.0,426.22471005743967,0.8583690987124464,231,212,2,0,210,204,53677,21,0,0,21,8
2020-07-08,US,Georgia,Candler,73,0,0,32.40209349,-82.07702563,13043.0,675.7382208645747,0.0,73,70,0,0,70,66,10836,3,0,0,3,4
2020-07-08,US,Georgia,Carroll,916,40,0,33.58138199,-85.07976677,13045.0,763.384225615041,4.366812227074236,876,881,40,0,841,864,118121,35,0,0,35,17
2020-07-08,US,Georgia,Catoosa,334,8,0,34.89872298,-85.13757014,13047.0,494.2290618526191,2.395209580838323,326,333,8,0,325,324,67420,1,0,0,1,9
2020-07-08,US,Georgia,Charlton,76,2,0,30.78371028,-82.13951596,13049.0,567.5029868578256,2.631578947368421,74,73,2,0,71,70,12968,3,0,0,3,3
2020-07-08,US,Georgia,Chatham,2068,38,0,32.00043026,-81.12489526,13051.0,714.5078257264278,1.8375241779497096,2030,1985,38,0,1947,1917,289195,83,0,0,83,68
2020-07-08,US,Georgia,Chattahoochee,433,0,0,32.34341231,-84.78809239,13053.0,3969.927569450812,0.0,433,430,0,0,430,429,10684,3,0,0,3,1
2020-07-08,US,Georgia,Chattooga,76,2,0,34.47197698,-85.34535662,13055.0,306.58759933841617,2.631578947368421,74,73,2,0,71,67,24790,3,0,0,3,6
2020-07-08,US,Georgia,Cherokee,1593,46,0,34.24393976,-84.47431861,13057.0,615.5974541393423,2.8876333961079723,1547,1551,45,0,1506,1491,254149,42,1,0,41,60
2020-07-08,US,Georgia,Clarke,804,15,0,33.95436462,-83.37124007,13059.0,626.5048974916427,1.8656716417910448,789,775,15,0,760,738,127330,29,0,0,29,37
2020-07-08,US,Georgia,Clay,56,2,0,31.62221166,-84.97713865,13061.0,1976.0056457304165,3.571428571428572,54,56,2,0,54,56,2887,0,0,0,0,0
2020-07-08,US,Georgia,Clayton,2517,81,0,33.54187245,-84.35594188,13063.0,861.2312493156685,3.2181168057210967,2436,2439,81,0,2358,2376,289615,78,0,0,78,63
2020-07-08,US,Georgia,Clinch,115,3,0,30.91395822,-82.70432472,13065.0,1737.685101239045,2.608695652173913,112,115,3,0,112,114,6648,0,0,0,0,1
2020-07-08,US,Georgia,Cobb,6255,248,0,33.94243204,-84.5761255,13067.0,822.87365107263,3.9648281374900085,6007,6082,247,0,5835,5857,756865,173,1,0,172,225
2020-07-08,US,Georgia,Coffee,666,17,0,31.54892966,-82.85492059999999,13069.0,1539.065930256742,2.5525525525525525,649,659,17,0,642,630,43093,7,0,0,7,29
2020-07-08,US,Georgia,Colquitt,1180,19,0,31.18810588,-83.7677946,13071.0,2587.719298245614,1.6101694915254237,1161,1149,19,0,1130,1108,45592,31,0,0,31,41
2020-07-08,US,Georgia,Columbia,690,12,0,33.54534185,-82.263524,13073.0,440.2925073701137,1.7391304347826086,678,655,10,0,645,637,154291,35,2,0,33,18
2020-07-08,US,Georgia,Cook,196,3,0,31.16068491,-83.42947229,13075.0,1134.916039374638,1.5306122448979589,193,195,3,0,192,182,17162,1,0,0,1,13
2020-07-08,US,Georgia,Coweta,806,16,0,33.35334302,-84.76129976,13077.0,542.7280501518427,1.9851116625310172,790,794,16,0,778,787,145864,12,0,0,12,7
2020-07-08,US,Georgia,Crawford,54,0,0,32.71391813,-83.98061238,13079.0,435.34343760077394,0.0,54,54,0,0,54,54,12318,0,0,0,0,0
2020-07-08,US,Georgia,Crisp,300,12,0,31.92289565,-83.76811843,13081.0,1340.9619166815662,4.0,288,297,12,0,285,295,22601,3,0,0,3,2
2020-07-08,US,Georgia,Dade,77,1,0,34.854916700000004,-85.50490424,13083.0,477.7860511293125,1.2987012987012987,76,76,1,0,75,75,16226,1,0,0,1,1
2020-07-08,US,Georgia,Dawson,162,3,0,34.44244079,-84.16964071,13085.0,620.4994637658955,1.851851851851852,159,159,3,0,156,153,25083,3,0,0,3,6
2020-07-08,US,Georgia,DeKalb,7362,175,0,33.76944049,-84.22396017,13089.0,969.5810730188582,2.377071447976093,7187,7158,173,0,6985,7050,756558,204,2,0,202,108
2020-07-08,US,Georgia,Decatur,271,8,0,30.87967778,-84.57619536,13087.0,1026.3596424784123,2.9520295202952034,263,268,8,0,260,265,26575,3,0,0,3,3
2020-07-08,US,Georgia,Dodge,127,2,0,32.17265114,-83.16948926,13091.0,616.3552535792284,1.5748031496062993,125,122,2,0,120,113,20705,5,0,0,5,9
2020-07-08,US,Georgia,Dooly,217,12,0,32.15630737,-83.79746561,13093.0,1620.6123973114263,5.529953917050692,205,217,12,0,205,214,13706,0,0,0,0,3
2020-07-08,US,Georgia,Dougherty,2036,155,0,31.53328528,-84.21722377,13095.0,2314.793760516622,7.612966601178781,1881,2030,155,0,1875,2001,91243,6,0,0,6,29
2020-07-08,US,Georgia,Douglas,1230,37,0,33.70291126,-84.77026156,13097.0,840.4911748426642,3.008130081300813,1193,1179,37,0,1142,1137,145331,51,0,0,51,42
2020-07-08,US,Georgia,Early,290,31,0,31.32155345,-84.90255207,13099.0,2845.927379784102,10.689655172413792,259,287,31,0,256,281,10247,3,0,0,3,6
2020-07-08,US,Georgia,Echols,188,0,0,30.71101099,-82.89687287,13101.0,4692.960559161258,0.0,188,187,0,0,187,185,4000,1,0,0,1,2
2020-07-08,US,Georgia,Effingham,222,1,0,32.36616021,-81.34280942,13103.0,345.27808883911905,0.4504504504504505,221,216,1,0,215,210,62190,6,0,0,6,6
2020-07-08,US,Georgia,Elbert,142,0,0,34.11302332,-82.83936148,13105.0,739.8145253725122,0.0,142,135,0,0,135,119,19120,7,0,0,7,16
2020-07-08,US,Georgia,Emanuel,178,3,0,32.59221302,-82.30239915,13107.0,786.0107745297183,1.6853932584269662,175,176,3,0,173,150,22612,2,0,0,2,26
2020-07-08,US,Georgia,Evans,34,0,0,32.15328841,-81.8870105,13109.0,319.1289656467055,0.0,34,33,0,0,33,30,10721,1,0,0,1,3
2020-07-08,US,Georgia,Fannin,112,1,0,34.86430205,-84.316964,13111.0,427.67679853367963,0.8928571428571429,111,109,1,0,108,107,25964,3,0,0,3,2
2020-07-08,US,Georgia,Fayette,472,19,0,33.41357794,-84.49089434,13113.0,412.5116892878056,4.02542372881356,453,458,19,0,439,422,113459,14,0,0,14,36
2020-07-08,US,Georgia,Floyd,654,15,0,34.26268279,-85.21577392,13115.0,663.9728725456355,2.2935779816513757,639,629,15,0,614,594,97927,25,0,0,25,35
2020-07-08,US,Georgia,Forsyth,1042,15,0,34.22604035,-84.12315129999998,13117.0,426.60858457658486,1.4395393474088292,1027,1006,15,0,991,959,236612,36,0,0,36,47
2020-07-08,US,Georgia,Franklin,234,1,0,34.37525597,-83.23159927,13119.0,1002.1842477193884,0.4273504273504273,233,224,1,0,223,217,23023,10,0,0,10,7
2020-07-08,US,Georgia,Fulton,9358,319,0,33.79216944,-84.46319413,13121.0,879.5633576048206,3.4088480444539435,9039,9066,316,0,8750,8883,1050114,292,3,0,289,183
2020-07-08,US,Georgia,Gilmer,202,2,0,34.69316688,-84.45802506,13123.0,643.9478466001466,0.99009900990099,200,197,2,0,195,196,30816,5,0,0,5,1
2020-07-08,US,Georgia,Glascock,13,0,0,33.22879932,-82.61297636,13125.0,437.5631100639515,0.0,13,13,0,0,13,10,2995,0,0,0,0,3
2020-07-08,US,Georgia,Glynn,1322,8,0,31.23279254,-81.53811412,13127.0,1549.969516484547,0.6051437216338881,1314,1231,6,0,1225,1221,85219,91,2,0,89,10
2020-07-08,US,Georgia,Gordon,470,18,0,34.50487351,-84.87296253,13129.0,810.8621016855583,3.8297872340425534,452,457,18,0,439,446,57685,13,0,0,13,11
2020-07-08,US,Georgia,Grady,242,4,0,30.87454847,-84.23418364,13131.0,982.421954288962,1.6528925619834711,238,237,4,0,233,232,24748,5,0,0,5,5
2020-07-08,US,Georgia,Greene,108,9,0,33.5769205,-83.17139104,13133.0,589.3909626719058,8.333333333333334,99,107,9,0,98,104,17698,1,0,0,1,3
2020-07-08,US,Georgia,Gwinnett,10237,175,0,33.96044201,-84.02137802,13135.0,1093.4045393858478,1.709485200742405,10062,9972,174,0,9798,9787,927781,265,1,0,264,185
2020-07-08,US,Georgia,Habersham,738,38,0,34.63331566,-83.53094677,13137.0,1628.1327214966464,5.149051490514905,700,729,38,0,691,717,45388,9,0,0,9,12
2020-07-08,US,Georgia,Hall,3573,63,0,34.32207823,-83.81896936,13139.0,1747.6924882973572,1.7632241813602014,3510,3475,62,0,3413,3419,202148,98,1,0,97,56
2020-07-08,US,Georgia,Hancock,224,33,0,33.2721566,-82.99766919,13141.0,2648.693390091049,14.732142857142858,191,222,32,0,190,220,8348,2,1,0,1,2
2020-07-08,US,Georgia,Haralson,95,5,0,33.79602175,-85.21005667,13143.0,318.8775510204082,5.2631578947368425,90,87,5,0,82,87,29533,8,0,0,8,0
2020-07-08,US,Georgia,Harris,401,11,0,32.73709786,-84.90538572,13145.0,1138.0406402542853,2.743142144638404,390,386,11,0,375,383,34475,15,0,0,15,3
2020-07-08,US,Georgia,Hart,91,0,0,34.34626973,-82.96567682,13147.0,347.261972905934,0.0,91,88,0,0,88,87,26099,3,0,0,3,1
2020-07-08,US,Georgia,Heard,75,3,0,33.29686567,-85.12886832,13149.0,629.0363163633314,4.0,72,72,3,0,69,66,11879,3,0,0,3,6
2020-07-08,US,Georgia,Henry,1568,33,0,33.4533428,-84.14814659999998,13151.0,668.4828253631251,2.104591836734694,1535,1514,33,0,1481,1460,230220,54,0,0,54,54
2020-07-08,US,Georgia,Houston,854,28,0,32.45802497,-83.66879087,13153.0,540.9754027226139,3.278688524590164,826,840,28,0,812,751,155469,14,0,0,14,89
2020-07-08,US,Georgia,Irwin,84,1,0,31.60213036,-83.27501387,13155.0,892.0985556499576,1.1904761904761905,83,82,1,0,81,76,9398,2,0,0,2,6
2020-07-08,US,Georgia,Jackson,469,10,0,34.13794553,-83.56814788,13157.0,642.6682379379805,2.1321961620469083,459,461,10,0,451,449,70422,8,0,0,8,12
2020-07-08,US,Georgia,Jasper,78,1,0,33.31535543,-83.68844964,13159.0,548.5617835290808,1.2820512820512822,77,79,1,0,78,78,14040,-1,0,0,-1,1
2020-07-08,US,Georgia,Jeff Davis,136,3,0,31.80405727,-82.63724870000001,13161.0,899.7684419450877,2.2058823529411766,133,135,3,0,132,129,15029,1,0,0,1,6
2020-07-08,US,Georgia,Jefferson,159,2,0,33.05867328,-82.41609057,13163.0,1035.0214815779195,1.2578616352201255,157,155,2,0,153,141,15430,4,0,0,4,14
2020-07-08,US,Georgia,Jenkins,132,12,0,32.79248718,-81.96040187,13165.0,1521.4384508990313,9.090909090909092,120,127,12,0,115,122,8683,5,0,0,5,5
2020-07-08,US,Georgia,Johnson,112,2,0,32.70211082,-82.66166794,13167.0,1161.4642746033392,1.7857142857142858,110,111,2,0,109,105,9708,1,0,0,1,6
2020-07-08,US,Georgia,Jones,123,0,0,33.02512137,-83.56019163,13169.0,428.0494170871759,0.0,123,114,0,0,114,104,28616,9,0,0,9,10
2020-07-08,US,Georgia,Lamar,139,6,0,33.07841647,-84.14263877,13171.0,728.6260942496201,4.316546762589929,133,136,6,0,130,133,19000,3,0,0,3,3
2020-07-08,US,Georgia,Lanier,153,3,0,31.03828570000001,-83.06472457,13173.0,1467.9075122325626,1.96078431372549,150,153,3,0,150,152,10340,0,0,0,0,1
2020-07-08,US,Georgia,Laurens,279,1,0,32.46325233,-82.92221316,13175.0,586.8001514322973,0.35842293906810035,278,261,1,0,260,231,47325,18,0,0,18,30
2020-07-08,US,Georgia,Lee,413,22,0,31.779330600000005,-84.14324253,13177.0,1377.0338757001864,5.326876513317192,391,410,22,0,388,405,29764,3,0,0,3,5
2020-07-08,US,Georgia,Liberty,171,1,0,31.82588896,-81.49251135,13179.0,278.34296410840733,0.5847953216374269,170,168,1,0,167,161,61497,3,0,0,3,7
2020-07-08,US,Georgia,Lincoln,53,1,0,33.79201475,-82.45024131,13181.0,669.1074359298068,1.8867924528301887,52,53,1,0,52,51,7915,0,0,0,0,2
2020-07-08,US,Georgia,Long,58,1,0,31.75218791,-81.74952375,13183.0,296.53867784651567,1.7241379310344829,57,57,1,0,56,57,18998,1,0,0,1,0
2020-07-08,US,Georgia,Lowndes,1698,14,0,30.83568832,-83.27056716,13185.0,1446.2633936936786,0.8244994110718492,1684,1659,14,0,1645,1485,116321,39,0,0,39,174
2020-07-08,US,Georgia,Lumpkin,154,4,0,34.57286511,-84.00425681,13187.0,458.19696518893204,2.5974025974025974,150,148,4,0,144,146,32955,6,0,0,6,2
2020-07-08,US,Georgia,Macon,131,9,0,32.35207048,-84.04234127,13193.0,1011.8174094384801,6.870229007633588,122,121,9,0,112,120,13143,10,0,0,10,1
2020-07-08,US,Georgia,Madison,136,4,0,34.12920917,-83.21218732,13195.0,455.15394912985283,2.9411764705882355,132,128,4,0,124,126,29650,8,0,0,8,2
2020-07-08,US,Georgia,Marion,88,2,0,32.3483402,-84.52733571,13197.0,1052.7575068788133,2.272727272727273,86,86,2,0,84,87,8351,2,0,0,2,-1
2020-07-08,US,Georgia,McDuffie,132,7,0,33.47851918,-82.48252774,13189.0,619.3693693693692,5.303030303030303,125,129,7,0,122,126,21531,3,0,0,3,3
2020-07-08,US,Georgia,McIntosh,71,1,0,31.49683595,-81.40163426,13191.0,493.8099874808735,1.4084507042253518,70,68,1,0,67,67,14340,3,0,0,3,1
2020-07-08,US,Georgia,Meriwether,230,3,0,33.04163534,-84.68859732,13199.0,1086.597061463599,1.3043478260869563,227,225,3,0,222,218,21068,5,0,0,5,7
2020-07-08,US,Georgia,Miller,53,0,0,31.16568912,-84.73151117,13201.0,926.8975166142008,0.0,53,53,0,0,53,52,5686,0,0,0,0,1
2020-07-08,US,Georgia,Mitchell,475,39,0,31.22483255,-84.19381821,13205.0,2172.6204089100306,8.210526315789473,436,468,39,0,429,459,22192,7,0,0,7,9
2020-07-08,US,Georgia,Monroe,226,18,0,33.014289,-83.92097166,13207.0,819.4937994053232,7.9646017699115035,208,213,18,0,195,207,27520,13,0,0,13,6
2020-07-08,US,Georgia,Montgomery,45,0,0,32.17201038,-82.53527476,13209.0,490.62363715656335,0.0,45,41,0,0,41,33,9193,4,0,0,4,8
2020-07-08,US,Georgia,Morgan,67,0,0,33.59232073,-83.49129491,13211.0,347.5824859929447,0.0,67,68,0,0,68,66,18853,-1,0,0,-1,2
2020-07-08,US,Georgia,Murray,270,2,0,34.78897608,-84.74993177,13213.0,673.3838786911413,0.7407407407407407,268,271,3,0,268,263,39921,-1,-1,0,0,8
2020-07-08,US,Georgia,Muscogee,2344,55,0,32.50931999,-84.87142262,13215.0,1197.329505692934,2.34641638225256,2289,2206,54,0,2152,2166,194160,138,1,0,137,40
2020-07-08,US,Georgia,Newton,779,12,0,33.55514538,-83.84547140000002,13217.0,697.1291523482245,1.5404364569961488,767,750,12,0,738,734,109541,29,0,0,29,16
2020-07-08,US,Georgia,Oconee,200,11,0,33.83749973,-83.43679568,13219.0,496.5243296921548,5.5,189,194,10,0,184,190,39272,6,1,0,5,4
2020-07-08,US,Georgia,Oglethorpe,100,7,0,33.878629600000004,-83.08278123,13221.0,655.3509404285995,7.0,93,101,7,0,94,98,15054,-1,0,0,-1,3
2020-07-08,US,Georgia,Out of GA,7352,51,0,0.0,0.0,80013.0,0.0,0.6936887921653971,7301,6763,49,0,6714,6049,,589,2,0,587,714
2020-07-08,US,Georgia,Paulding,765,16,0,33.91969522,-84.86848792,13223.0,453.5564158964113,2.0915032679738563,749,724,16,0,708,697,164044,41,0,0,41,27
2020-07-08,US,Georgia,Peach,130,10,0,32.56934316,-83.82937,13225.0,471.9378494155232,7.6923076923076925,120,126,10,0,116,122,27297,4,0,0,4,4
2020-07-08,US,Georgia,Pickens,107,5,0,34.46589159,-84.46406611,13227.0,328.3114970390599,4.672897196261682,102,101,5,0,96,101,31980,6,0,0,6,0
2020-07-08,US,Georgia,Pierce,223,5,0,31.35928155,-82.21598442,13229.0,1145.6460313382995,2.242152466367713,218,217,5,0,212,211,19389,6,0,0,6,6
2020-07-08,US,Georgia,Pike,108,3,0,33.09310242,-84.38790389,13231.0,569.5601729775341,2.7777777777777777,105,105,3,0,102,104,18634,3,0,0,3,1
2020-07-08,US,Georgia,Polk,274,1,0,34.00267074,-85.18677781,13233.0,642.9962687442799,0.36496350364963503,273,254,1,0,253,233,42470,20,0,0,20,21
2020-07-08,US,Georgia,Pulaski,57,2,0,32.23334561,-83.47549959999998,13235.0,511.8074885516747,3.5087719298245608,55,57,2,0,55,55,11069,0,0,0,0,2
2020-07-08,US,Georgia,Putnam,201,12,0,33.32056115,-83.37552891,13237.0,908.72100908721,5.970149253731344,189,199,12,0,187,194,21809,2,0,0,2,5
2020-07-08,US,Georgia,Quitman,19,1,0,31.86728114,-85.01773177,13239.0,826.4462809917355,5.2631578947368425,18,19,1,0,18,18,2279,0,0,0,0,1
2020-07-08,US,Georgia,Rabun,59,3,0,34.88389445,-83.40304637,13241.0,344.28429713485434,5.084745762711863,56,57,3,0,54,57,16867,2,0,0,2,0
2020-07-08,US,Georgia,Randolph,204,25,0,31.76622818,-84.75732369,13243.0,3009.7373856594872,12.254901960784313,179,205,25,0,180,204,6833,-1,0,0,-1,1
2020-07-08,US,Georgia,Richmond,1387,58,0,33.35777107,-82.07026432,13245.0,684.8773936143948,4.18168709444845,1329,1340,57,0,1283,1300,201554,47,1,0,46,40
2020-07-08,US,Georgia,Rockdale,606,11,0,33.65145002,-84.02202167,13247.0,666.6960042246084,1.8151815181518152,595,583,11,0,572,568,90594,23,0,0,23,15
2020-07-08,US,Georgia,Schley,26,1,0,32.2654021,-84.31258912,13249.0,494.5786570287236,3.8461538461538463,25,25,1,0,24,26,5236,1,0,0,1,-1
2020-07-08,US,Georgia,Screven,102,7,0,32.74976524,-81.60779441,13251.0,730.3451238722612,6.862745098039214,95,101,7,0,94,99,13938,1,0,0,1,2
2020-07-08,US,Georgia,Seminole,54,2,0,30.93464824,-84.86823924,13253.0,667.4907292954265,3.703703703703704,52,54,2,0,52,54,8315,0,0,0,0,0
2020-07-08,US,Georgia,Spalding,515,33,0,33.26310031,-84.28013991,13255.0,772.0792168268292,6.407766990291263,482,490,33,0,457,476,66100,25,0,0,25,14
2020-07-08,US,Georgia,Stephens,280,6,0,34.55151201,-83.29405315,13257.0,1080.0385728061715,2.142857142857143,274,269,6,0,263,262,26035,11,0,0,11,7
2020-07-08,US,Georgia,Stewart,206,3,0,32.07996777,-84.83208037,13259.0,3111.312490560338,1.4563106796116505,203,204,3,0,201,184,6199,2,0,0,2,20
2020-07-08,US,Georgia,Sumter,590,50,0,32.03650571,-84.19821492,13261.0,1998.374204037393,8.474576271186441,540,580,50,0,530,576,29733,10,0,0,10,4
2020-07-08,US,Georgia,Talbot,88,3,0,32.69642758,-84.53351366,13263.0,1420.5004035512507,3.4090909090909087,85,88,3,0,85,82,6272,0,0,0,0,6
2020-07-08,US,Georgia,Taliaferro,2,0,0,33.56543317,-82.88136816,13265.0,130.1236174365647,0.0,2,2,0,0,2,2,1608,0,0,0,0,0
2020-07-08,US,Georgia,Tattnall,167,0,0,32.04785085,-82.05539188,13267.0,660.4445147512457,0.0,167,164,0,0,164,161,25391,3,0,0,3,3
2020-07-08,US,Georgia,Taylor,39,2,0,32.55792548,-84.25077141,13269.0,486.284289276808,5.128205128205129,37,38,2,0,36,38,8039,1,0,0,1,0
2020-07-08,US,Georgia,Telfair,136,3,0,31.92829517,-82.93491155,13271.0,857.5031525851198,2.2058823529411766,133,131,3,0,128,127,15876,5,0,0,5,4
2020-07-08,US,Georgia,Terrell,238,28,0,31.77527543,-84.44069698,13273.0,2789.82534286719,11.764705882352944,210,236,28,0,208,234,8611,2,0,0,2,2
2020-07-08,US,Georgia,Thomas,533,32,0,30.86392347,-83.91847289,13275.0,1199.0731367123344,6.00375234521576,501,519,32,0,487,500,44448,14,0,0,14,19
2020-07-08,US,Georgia,Tift,903,26,0,31.45743864,-83.5236119,13277.0,2221.7301446707997,2.8792912513842746,877,892,26,0,866,849,40571,11,0,0,11,43
2020-07-08,US,Georgia,Toombs,296,5,0,32.12059861,-82.32957247,13279.0,1103.2426388371223,1.6891891891891893,291,289,5,0,284,276,26887,7,0,0,7,13
2020-07-08,US,Georgia,Towns,58,1,0,34.91369188,-83.74107459999998,13281.0,481.84763645426597,1.7241379310344829,57,58,1,0,57,50,11852,0,0,0,0,8
2020-07-08,US,Georgia,Treutlen,36,1,0,32.40422134,-82.56904553,13283.0,521.6635270250688,2.7777777777777777,35,33,1,0,32,30,6809,3,0,0,3,3
2020-07-08,US,Georgia,Troup,1678,36,0,33.03349196,-85.02812115,13285.0,2399.816938874746,2.1454112038140645,1642,1650,36,0,1614,1627,70034,28,0,0,28,23
2020-07-08,US,Georgia,Turner,183,17,0,31.71612656,-83.62069378,13287.0,2291.797119599249,9.289617486338797,166,183,16,0,167,182,7912,0,1,0,-1,1
2020-07-08,US,Georgia,Twiggs,40,1,0,32.67435595,-83.43078662,13289.0,492.61083743842363,2.5,39,37,1,0,36,33,8188,3,0,0,3,4
2020-07-08,US,Georgia,Unassigned,1159,2,0,0.0,0.0,90013.0,0.0,0.1725625539257981,1157,1180,2,0,1178,1237,,-21,0,0,-21,-57
2020-07-08,US,Georgia,Union,89,3,0,34.82995757,-83.98967069,13291.0,363.1022806087063,3.3707865168539324,86,85,3,0,82,78,24001,4,0,0,4,7
2020-07-08,US,Georgia,Upson,382,45,0,32.87920671,-84.30024826,13293.0,1451.3677811550147,11.780104712041886,337,381,43,0,338,380,26215,1,2,0,-1,1
2020-07-08,US,Georgia,Walker,363,12,0,34.73376362,-85.30165174,13295.0,520.3480454695317,3.3057851239669422,351,348,12,0,336,345,69410,15,0,0,15,3
2020-07-08,US,Georgia,Walton,497,28,0,33.78017694,-83.73552314,13297.0,525.4088568921591,5.633802816901407,469,490,28,0,462,475,93503,7,0,0,7,15
2020-07-08,US,Georgia,Ware,555,16,0,31.05449097,-82.42224148,13299.0,1553.1426652487824,2.8828828828828827,539,538,16,0,522,523,35680,17,0,0,17,15
2020-07-08,US,Georgia,Warren,30,0,0,33.41146451,-82.67795848,13301.0,570.9935287400076,0.0,30,29,0,0,29,27,5251,1,0,0,1,2
2020-07-08,US,Georgia,Washington,159,1,0,32.96711864,-82.79357039,13303.0,780.4064003141258,0.6289308176100629,158,148,1,0,147,136,20386,11,0,0,11,12
2020-07-08,US,Georgia,Wayne,122,0,0,31.5521809,-81.91894878,13305.0,407.6586360143015,0.0,122,119,0,0,119,113,29808,3,0,0,3,6
2020-07-08,US,Georgia,Webster,27,2,0,32.04066113,-84.54742852,13307.0,1035.6731875719217,7.407407407407407,25,24,2,0,22,24,2611,3,0,0,3,0
2020-07-08,US,Georgia,Wheeler,56,0,0,32.12009104,-82.72574721,13309.0,712.9217059197963,0.0,56,56,0,0,56,55,7879,0,0,0,0,1
2020-07-08,US,Georgia,White,159,4,0,34.64624278,-83.74905525,13311.0,516.2672900837716,2.5157232704402515,155,152,4,0,148,151,29970,7,0,0,7,1
2020-07-08,US,Georgia,Whitfield,1520,15,0,34.80987459,-84.96093476,13313.0,1452.7659899835608,0.986842105263158,1505,1464,15,0,1449,1366,104062,56,0,0,56,98
2020-07-08,US,Georgia,Wilcox,132,15,0,31.97496928,-83.43438555,13315.0,1528.6624203821655,11.363636363636365,117,132,15,0,117,132,8812,0,0,0,0,0
2020-07-08,US,Georgia,Wilkes,87,1,0,33.78290391,-82.74286107,13317.0,889.8435102792267,1.1494252873563218,86,85,1,0,84,79,9876,2,0,0,2,6
2020-07-08,US,Georgia,Wilkinson,100,9,0,32.80291082,-83.17140684,13319.0,1116.8192986374804,9.0,91,94,8,0,86,83,9036,6,1,0,5,11
2020-07-08,US,Georgia,Worth,343,22,0,31.55162306,-83.85090513,13321.0,1694.0781350323505,6.41399416909621,321,339,22,0,317,331,20299,4,0,0,4,8
2020-07-08,US,Hawaii,Hawaii,96,0,0,19.60121157,-155.5210167,15001.0,47.63960637775229,0.0,96,95,0,0,95,94,200983,1,0,0,1,1
2020-07-08,US,Hawaii,Honolulu,808,13,0,21.45803166,-157.97121819999995,15003.0,82.90895509064062,1.6089108910891092,795,788,13,0,775,750,980080,20,0,0,20,38
2020-07-08,US,Hawaii,Kauai,42,0,0,22.03935037,-159.5966786,15007.0,58.09691118088888,0.0,42,42,0,0,42,40,72133,0,0,0,0,2
2020-07-08,US,Hawaii,Maui,130,6,0,20.86399628,-156.56890969999995,15009.0,77.65041781897895,4.615384615384615,124,128,6,0,122,128,167207,2,0,0,2,0
2020-07-08,US,Hawaii,Out of HI,18,0,0,0.0,0.0,80015.0,0.0,0.0,18,18,0,0,18,18,,0,0,0,0,0
2020-07-08,US,Idaho,Ada,3431,23,0,43.4526575,-116.24155159999998,16001.0,712.4361745645128,0.6703584960652871,3408,3252,23,0,3229,3000,469966,179,0,0,179,252
2020-07-08,US,Idaho,Adams,12,0,0,44.89333571,-116.4545247,16003.0,279.4597112249651,0.0,12,12,0,0,12,12,4250,0,0,0,0,0
2020-07-08,US,Idaho,Bannock,129,1,0,42.67002716,-112.2233311,16005.0,146.91144314868802,0.7751937984496124,128,122,1,0,121,112,87138,7,0,0,7,10
2020-07-08,US,Idaho,Bear Lake,2,0,0,42.28269683,-111.32892379999998,16007.0,32.6530612244898,0.0,2,2,0,0,2,2,6050,0,0,0,0,0
2020-07-08,US,Idaho,Benewah,23,0,0,47.21754179,-116.6586851,16009.0,247.36502473650242,0.0,23,23,0,0,23,23,9226,0,0,0,0,0
2020-07-08,US,Idaho,Bingham,62,1,0,43.21672879999999,-112.3978437,16011.0,132.44750165559378,1.6129032258064515,61,58,1,0,57,50,46236,4,0,0,4,8
2020-07-08,US,Idaho,Blaine,544,5,0,43.4085812,-113.9752658,16013.0,2363.059814951566,0.9191176470588236,539,543,5,0,538,542,22601,1,0,0,1,1
2020-07-08,US,Idaho,Boise,7,0,0,43.98829931,-115.7309284,16015.0,89.38832843825821,0.0,7,5,0,0,5,5,7634,2,0,0,2,0
2020-07-08,US,Idaho,Bonner,45,0,0,48.29996017,-116.6017932,16017.0,98.38431098187544,0.0,45,40,0,0,40,40,44727,5,0,0,5,0
2020-07-08,US,Idaho,Bonneville,159,1,0,43.38713372,-111.6161537,16019.0,133.5438679007576,0.6289308176100629,158,156,1,0,155,141,116854,3,0,0,3,15
2020-07-08,US,Idaho,Boundary,2,0,0,48.76684761,-116.4630179,16021.0,16.33319722335647,0.0,2,1,0,0,1,1,11948,1,0,0,1,0
2020-07-08,US,Idaho,Camas,1,0,0,43.46665742,-114.8065892,16025.0,90.41591320072331,0.0,1,1,0,0,1,1,1127,0,0,0,0,0
2020-07-08,US,Idaho,Canyon,1561,9,0,43.61970148,-116.70954990000001,16027.0,679.1415233479371,0.5765534913516976,1552,1485,6,0,1479,1399,223499,76,3,0,73,86
2020-07-08,US,Idaho,Caribou,15,0,0,42.77149116,-111.5597683,16029.0,209.64360587002102,0.0,15,12,0,0,12,11,7060,3,0,0,3,1
2020-07-08,US,Idaho,Cassia,297,1,0,42.28347888,-113.6012409,16031.0,1235.9550561797753,0.3367003367003367,296,285,1,0,284,285,23864,12,0,0,12,0
2020-07-08,US,Idaho,Clearwater,5,0,0,46.67459924,-115.6622393,16035.0,57.10370031978072,0.0,5,3,0,0,3,3,8758,2,0,0,2,0
2020-07-08,US,Idaho,Custer,4,0,0,44.24186819,-114.2855494,16037.0,92.69988412514485,0.0,4,4,0,0,4,4,4280,0,0,0,0,0
2020-07-08,US,Idaho,Elmore,80,2,0,43.3507101,-115.4701578,16039.0,290.7927737995712,2.5,78,75,2,0,73,70,27259,5,0,0,5,5
2020-07-08,US,Idaho,Franklin,30,0,0,42.18332217,-111.81496659999999,16041.0,216.20063418852692,0.0,30,30,0,0,30,27,13726,0,0,0,0,3
2020-07-08,US,Idaho,Fremont,8,0,0,44.22800938,-111.48099429999999,16043.0,61.07336437896023,0.0,8,8,0,0,8,8,13168,0,0,0,0,0
2020-07-08,US,Idaho,Gem,42,0,0,44.06482372,-116.398376,16045.0,231.8904593639576,0.0,42,39,0,0,39,39,17634,3,0,0,3,0
2020-07-08,US,Idaho,Gooding,71,1,0,42.96927962,-114.81083059999999,16047.0,467.75149878121084,1.4084507042253518,70,68,1,0,67,66,15196,3,0,0,3,2
2020-07-08,US,Idaho,Idaho,10,0,0,45.84721541,-115.4634436,16049.0,59.99880002399952,0.0,10,8,0,0,8,8,16513,2,0,0,2,0
2020-07-08,US,Idaho,Jefferson,20,0,0,43.82078483,-112.3131749,16051.0,66.9545713233571,0.0,20,20,0,0,20,19,29439,0,0,0,0,1
2020-07-08,US,Idaho,Jerome,270,5,0,42.68891267,-114.2655033,16053.0,1106.0134360150746,1.851851851851852,265,260,5,0,255,251,24015,10,0,0,10,9
2020-07-08,US,Idaho,Kootenai,507,1,0,47.67282258,-116.7020872,16055.0,305.9801927614863,0.19723865877712032,506,464,1,0,463,440,161505,43,0,0,43,24
2020-07-08,US,Idaho,Latah,31,0,0,46.81587887,-116.71136979999999,16057.0,77.29131345367506,0.0,31,30,0,0,30,27,40134,1,0,0,1,3
2020-07-08,US,Idaho,Lemhi,2,0,0,44.9438088,-113.9309747,16059.0,24.91590880777377,0.0,2,2,0,0,2,2,7961,0,0,0,0,0
2020-07-08,US,Idaho,Lewis,1,0,0,46.23315327,-116.434146,16061.0,26.055237102657642,0.0,1,1,0,0,1,1,3861,0,0,0,0,0
2020-07-08,US,Idaho,Lincoln,38,0,0,43.0012336,-114.1358773,16063.0,708.1625046589638,0.0,38,37,0,0,37,36,5360,1,0,0,1,1
2020-07-08,US,Idaho,Madison,44,0,0,43.78141028,-111.65384740000002,16065.0,110.25634600446035,0.0,44,43,0,0,43,40,39304,1,0,0,1,3
2020-07-08,US,Idaho,Minidoka,238,0,0,42.85518524,-113.6357257,16067.0,1131.2324730262844,0.0,238,227,0,0,227,222,20825,11,0,0,11,5
2020-07-08,US,Idaho,Nez Perce,107,19,0,46.32638236,-116.75009750000001,16069.0,264.7990496931301,17.757009345794394,88,106,19,0,87,104,40408,1,0,0,1,2
2020-07-08,US,Idaho,Oneida,4,0,0,42.19494279999999,-112.5407838,16071.0,88.28073273008167,0.0,4,4,0,0,4,4,4488,0,0,0,0,0
2020-07-08,US,Idaho,Owyhee,66,0,0,42.58016894,-116.16938710000001,16073.0,558.2339507739151,0.0,66,57,0,0,57,53,11693,9,0,0,9,4
2020-07-08,US,Idaho,Payette,149,2,0,44.00545243,-116.7647695,16075.0,622.1034612333515,1.342281879194631,147,141,2,0,139,138,23551,8,0,0,8,3
2020-07-08,US,Idaho,Power,19,0,0,42.69254894,-112.83957420000002,16077.0,247.36362452805625,0.0,19,19,0,0,19,17,7768,0,0,0,0,2
2020-07-08,US,Idaho,Shoshone,6,0,0,47.35364087,-115.89167490000001,16079.0,46.576618537494184,0.0,6,3,0,0,3,3,12796,3,0,0,3,0
2020-07-08,US,Idaho,Teton,23,0,0,43.75303583,-111.2056773,16081.0,189.4251358919453,0.0,23,23,0,0,23,22,11640,0,0,0,0,1
2020-07-08,US,Idaho,Twin Falls,756,25,0,42.35440512,-114.6685381,16083.0,870.1857777573149,3.306878306878307,731,727,25,0,702,685,86081,29,0,0,29,42
2020-07-08,US,Idaho,Unassigned,1,0,0,0.0,0.0,90016.0,0.0,0.0,1,1,0,0,1,1,,0,0,0,0,0
2020-07-08,US,Idaho,Valley,23,0,0,44.76728382,-115.5676773,16085.0,201.8960674157304,0.0,23,22,0,0,22,20,11041,1,0,0,1,2
2020-07-08,US,Idaho,Washington,124,2,0,44.45275475,-116.78476880000001,16087.0,1216.4018049833235,1.6129032258064515,122,120,1,0,119,118,10161,4,1,0,3,2
2020-07-08,US,Illinois,Adams,139,1,0,39.98815591,-91.18786813,17001.0,212.424543440055,0.7194244604316546,138,134,1,0,133,131,65691,5,0,0,5,3
2020-07-08,US,Illinois,Alexander,22,0,0,37.18049267,-89.32910838,17003.0,381.87814615518135,0.0,22,22,0,0,22,22,6060,0,0,0,0,0
2020-07-08,US,Illinois,Bond,17,1,0,38.88829622,-89.43534887,17005.0,103.49446000243515,5.882352941176472,16,17,1,0,16,16,16630,0,0,0,0,1
2020-07-08,US,Illinois,Boone,623,21,0,42.32359279,-88.82345779,17007.0,1163.529060212162,3.3707865168539324,602,617,21,0,596,610,53577,6,0,0,6,7
2020-07-08,US,Illinois,Brown,10,0,0,39.96209138,-90.75068024,17009.0,152.02189115232594,0.0,10,10,0,0,10,10,6556,0,0,0,0,0
2020-07-08,US,Illinois,Bureau,31,2,0,41.40385234,-89.5283051,17011.0,95.01042049773199,6.451612903225807,29,31,2,0,29,30,32993,0,0,0,0,1
2020-07-08,US,Illinois,Calhoun,1,0,0,39.16840183,-90.66330078,17013.0,21.101498206372653,0.0,1,1,0,0,1,1,4802,0,0,0,0,0
2020-07-08,US,Illinois,Carroll,21,2,0,42.06823429,-89.93395545,17015.0,146.8018175463125,9.523809523809524,19,21,2,0,19,21,14312,0,0,0,0,0
2020-07-08,US,Illinois,Cass,136,7,0,39.96991073,-90.24734436,17017.0,1119.6180126780278,5.147058823529412,129,136,7,0,129,136,12260,0,0,0,0,0
2020-07-08,US,Illinois,Champaign,992,17,0,40.13919438,-88.20046615,17019.0,473.0815636490231,1.7137096774193548,975,973,15,0,958,960,209983,19,2,0,17,13
2020-07-08,US,Illinois,Christian,47,4,0,39.54581621,-89.27780482,17021.0,145.49281822684495,8.51063829787234,43,47,4,0,43,47,32661,0,0,0,0,0
2020-07-08,US,Illinois,Clark,18,0,0,39.33425789,-87.78705622,17023.0,116.57276083155236,0.0,18,15,0,0,15,15,15596,3,0,0,3,0
2020-07-08,US,Illinois,Clay,2,0,0,38.75388572,-88.48914513,17025.0,15.169902912621355,0.0,2,2,0,0,2,2,13253,0,0,0,0,0
2020-07-08,US,Illinois,Clinton,244,17,0,38.60704876,-89.42385254,17027.0,649.5926734465684,6.967213114754099,227,243,17,0,226,242,37639,1,0,0,1,1
2020-07-08,US,Illinois,Coles,184,17,0,39.51949084,-88.22358557,17029.0,363.4855099662197,9.23913043478261,167,179,17,0,162,178,50885,5,0,0,5,1
2020-07-08,US,Illinois,Cook,93496,4664,0,41.84144849,-87.81658794,17031.0,1815.3741782167913,4.988448703687858,88832,93053,4651,0,88402,92781,5180493,443,13,0,430,272
2020-07-08,US,Illinois,Crawford,18,0,0,39.0032229,-87.75954624,17033.0,96.42684952054428,0.0,18,18,0,0,18,18,18807,0,0,0,0,0
2020-07-08,US,Illinois,Cumberland,24,0,0,39.27432424,-88.2401158,17035.0,222.9240200631618,0.0,24,17,0,0,17,17,10808,7,0,0,7,0
2020-07-08,US,Illinois,De Witt,16,0,0,40.17514519,-88.90959682,17039.0,102.31487402481136,0.0,16,12,0,0,12,12,15769,4,0,0,4,0
2020-07-08,US,Illinois,DeKalb,595,20,0,41.89373302,-88.76958483,17037.0,567.2230855029219,3.361344537815126,575,587,20,0,567,582,104143,8,0,0,8,5
2020-07-08,US,Illinois,Douglas,54,0,0,39.76768052,-88.21854195,17041.0,277.42101207295144,0.0,54,54,0,0,54,54,19479,0,0,0,0,0
2020-07-08,US,Illinois,DuPage,9454,480,0,41.85116968,-88.08642662,17043.0,1024.3563641958522,5.077215993230379,8974,9392,477,0,8915,9364,928589,62,3,0,59,28
2020-07-08,US,Illinois,Edgar,16,0,0,39.6809186,-87.74759563,17045.0,93.23465998484936,0.0,16,11,0,0,11,10,17360,5,0,0,5,1
2020-07-08,US,Illinois,Edwards,2,0,0,38.41353228,-88.05720863,17047.0,31.27443315089914,0.0,2,2,0,0,2,2,6392,0,0,0,0,0
2020-07-08,US,Illinois,Effingham,19,1,0,39.05935711,-88.58969584,17049.0,55.86920724535403,5.2631578947368425,18,19,1,0,18,19,34208,0,0,0,0,0
2020-07-08,US,Illinois,Fayette,24,3,0,39.00072038,-89.02452658,17051.0,112.48593925759279,12.5,21,23,3,0,20,23,21416,1,0,0,1,0
2020-07-08,US,Illinois,Ford,41,1,0,40.59706922,-88.22350769,17053.0,316.3336162333153,2.4390243902439024,40,40,1,0,39,40,13264,1,0,0,1,0
2020-07-08,US,Illinois,Franklin,36,0,0,37.99189086,-88.92567818,17055.0,93.58184512204632,0.0,36,34,0,0,34,31,38701,2,0,0,2,3
2020-07-08,US,Illinois,Fulton,16,0,0,40.47289135,-90.20862357,17057.0,46.59289458357601,0.0,16,15,0,0,15,15,34844,1,0,0,1,0
2020-07-08,US,Illinois,Gallatin,4,0,0,37.76430935,-88.22953869,17059.0,82.8500414250207,0.0,4,4,0,0,4,3,5058,0,0,0,0,1
2020-07-08,US,Illinois,Greene,8,0,0,39.35907414,-90.388865,17061.0,61.68555786876398,0.0,8,8,0,0,8,9,13044,0,0,0,0,-1
2020-07-08,US,Illinois,Grundy,185,5,0,41.28569601,-88.41905692,17063.0,362.36142124025537,2.702702702702702,180,176,5,0,171,177,50972,9,0,0,9,-1
2020-07-08,US,Illinois,Hamilton,6,0,0,38.08163641,-88.53883373,17065.0,73.92804337111879,0.0,6,6,0,0,6,6,8163,0,0,0,0,0
2020-07-08,US,Illinois,Hancock,19,1,0,40.40423981,-91.16313899,17067.0,107.2961373390558,5.2631578947368425,18,19,1,0,18,19,17844,0,0,0,0,0
2020-07-08,US,Illinois,Hardin,1,0,0,37.51810645,-88.26873022,17069.0,26.17115938236064,0.0,1,1,0,0,1,1,3910,0,0,0,0,0
2020-07-08,US,Illinois,Henderson,8,0,0,40.81908672,-90.92491462,17071.0,120.37315678603672,0.0,8,8,0,0,8,8,6709,0,0,0,0,0
2020-07-08,US,Illinois,Henry,103,1,0,41.3533994,-90.13296166,17073.0,210.5779649581911,0.9708737864077671,102,98,1,0,97,98,49090,5,0,0,5,0
2020-07-08,US,Illinois,Iroquois,168,5,0,40.74717633,-87.82466784,17075.0,619.6061075459173,2.9761904761904763,163,167,5,0,162,164,27604,1,0,0,1,3
2020-07-08,US,Illinois,Jackson,343,19,0,37.78595185,-89.38232563,17077.0,604.4052863436124,5.539358600583091,324,340,19,0,321,340,57419,3,0,0,3,0
2020-07-08,US,Illinois,Jasper,47,7,0,39.01054275,-88.15437049,17079.0,489.0738813735692,14.893617021276595,40,47,7,0,40,47,9611,0,0,0,0,0
2020-07-08,US,Illinois,Jefferson,111,17,0,38.29980057,-88.9240025,17081.0,294.5547181827831,15.315315315315313,94,107,17,0,90,107,37820,4,0,0,4,0
2020-07-08,US,Illinois,Jersey,37,1,0,39.08869046,-90.35393073,17083.0,169.93524089468607,2.702702702702702,36,36,1,0,35,35,21847,1,0,0,1,1
2020-07-08,US,Illinois,Jo Daviess,49,1,0,42.36542373,-90.21094405,17085.0,230.75111843654344,2.0408163265306123,48,47,1,0,46,47,21366,2,0,0,2,0
2020-07-08,US,Illinois,Johnson,21,0,0,37.45939802,-88.88165419,17087.0,169.12297656438753,0.0,21,20,0,0,20,20,12456,1,0,0,1,0
2020-07-08,US,Illinois,Kane,7949,280,0,41.93842729,-88.42861412,17089.0,1493.0419250079358,3.5224556547993457,7669,7909,276,0,7633,7877,534216,40,4,0,36,32
2020-07-08,US,Illinois,Kankakee,1335,65,0,41.13746989,-87.86205334,17091.0,1215.1608381423966,4.868913857677903,1270,1312,65,0,1247,1311,110024,23,0,0,23,1
2020-07-08,US,Illinois,Kendall,1011,22,0,41.59081014,-88.42869583,17093.0,783.7816885029848,2.1760633036597428,989,1006,22,0,984,1000,127915,5,0,0,5,6
2020-07-08,US,Illinois,Knox,149,0,0,40.93148779,-90.21330340000002,17095.0,299.8048250467816,0.0,149,149,0,0,149,147,50112,0,0,0,0,2
2020-07-08,US,Illinois,LaSalle,237,17,0,41.34426129999999,-88.88633881,17099.0,218.0934765204428,7.172995780590718,220,233,17,0,216,228,109430,4,0,0,4,5
2020-07-08,US,Illinois,Lake,10104,427,0,42.3224907,-88.00367925,17097.0,1450.6090864062824,4.226049089469517,9677,10039,425,0,9614,10007,700832,65,2,0,63,32
2020-07-08,US,Illinois,Lawrence,8,0,0,38.71987914,-87.72884035,17101.0,51.0269166985585,0.0,8,8,0,0,8,7,15765,0,0,0,0,1
2020-07-08,US,Illinois,Lee,104,2,0,41.74583951,-89.29977132,17103.0,305.02111684655085,1.9230769230769231,102,104,2,0,102,103,34223,0,0,0,0,1
2020-07-08,US,Illinois,Livingston,53,2,0,40.89188292,-88.55784752,17105.0,148.67594254937163,3.7735849056603774,51,53,2,0,51,52,35761,0,0,0,0,1
2020-07-08,US,Illinois,Logan,18,0,0,40.12581572,-89.36638784,17107.0,62.89747711230694,0.0,18,18,0,0,18,18,28925,0,0,0,0,0
2020-07-08,US,Illinois,Macon,241,22,0,39.86064913,-88.96342505,17115.0,231.71071734176846,9.128630705394189,219,238,22,0,216,236,104712,3,0,0,3,2
2020-07-08,US,Illinois,Macoupin,61,3,0,39.26119767,-89.92424028,17117.0,135.77883630859637,4.918032786885246,58,60,3,0,57,58,45313,1,0,0,1,2
2020-07-08,US,Illinois,Madison,1077,70,0,38.83042506,-89.90422563,17119.0,409.5586501677024,6.499535747446611,1007,1054,70,0,984,1042,264461,23,0,0,23,12
2020-07-08,US,Illinois,Marion,73,0,0,38.64963204,-88.91899208,17121.0,196.21018680284908,0.0,73,70,0,0,70,70,37620,3,0,0,3,0
2020-07-08,US,Illinois,Marshall,12,0,0,41.0327901,-89.34510444,17123.0,104.91344640671446,0.0,12,12,0,0,12,11,11534,0,0,0,0,1
2020-07-08,US,Illinois,Mason,23,0,0,40.23917274,-89.91824452,17125.0,172.16857549217755,0.0,23,23,0,0,23,23,13565,0,0,0,0,0
2020-07-08,US,Illinois,Massac,15,0,0,37.22078441,-88.71036614,17127.0,108.91664246296837,0.0,15,15,0,0,15,15,14080,0,0,0,0,0
2020-07-08,US,Illinois,McDonough,104,15,0,40.45674722,-90.67775541,17109.0,350.3807021090223,14.423076923076925,89,102,15,0,87,102,29955,2,0,0,2,0
2020-07-08,US,Illinois,McHenry,2179,100,0,42.32451172,-88.45248227,17111.0,707.9870294436827,4.5892611289582375,2079,2141,98,0,2043,2120,308570,38,2,0,36,21
2020-07-08,US,Illinois,McLean,292,14,0,40.48996987,-88.84621113,17113.0,170.24551502183456,4.794520547945205,278,289,13,0,276,285,172828,3,1,0,2,4
2020-07-08,US,Illinois,Menard,26,0,0,40.02742725,-89.80246001,17129.0,213.18465070514924,0.0,26,26,0,0,26,25,12288,0,0,0,0,1
2020-07-08,US,Illinois,Mercer,25,0,0,41.20596782,-90.74290052,17131.0,161.9485651357129,0.0,25,25,0,0,25,25,15601,0,0,0,0,0
2020-07-08,US,Illinois,Monroe,141,13,0,38.27594376,-90.17761038,17133.0,407.0791350290152,9.21985815602837,128,137,13,0,124,137,34335,4,0,0,4,0
2020-07-08,US,Illinois,Montgomery,59,1,0,39.23198845,-89.47809254,17135.0,207.64411909622018,1.6949152542372878,58,56,1,0,55,49,28601,3,0,0,3,7
2020-07-08,US,Illinois,Morgan,132,3,0,39.71654544,-90.20255104,17137.0,392.1801651910393,2.272727272727273,129,132,3,0,129,130,33976,0,0,0,0,2
2020-07-08,US,Illinois,Moultrie,19,0,0,39.64187451,-88.62099969,17139.0,131.0254465209296,0.0,19,19,0,0,19,19,14717,0,0,0,0,0
2020-07-08,US,Illinois,Ogle,279,4,0,42.04165196,-89.32184679,17141.0,550.9152301403946,1.4336917562724014,275,278,4,0,274,275,50923,1,0,0,1,3
2020-07-08,US,Illinois,Out of IL,1,0,0,0.0,0.0,80017.0,0.0,0.0,1,,,,,3,,,,,,
2020-07-08,US,Illinois,Peoria,583,29,0,40.78702156,-89.76078901,17143.0,325.3729510712751,4.974271012006861,554,574,29,0,545,567,180621,9,0,0,9,7
2020-07-08,US,Illinois,Perry,59,1,0,38.08510853,-89.36856219,17145.0,282.0807037674508,1.6949152542372878,58,58,1,0,57,58,21174,1,0,0,1,0
2020-07-08,US,Illinois,Piatt,20,0,0,40.01360584,-88.59319339,17147.0,122.36906510034264,0.0,20,20,0,0,20,20,16396,0,0,0,0,0
2020-07-08,US,Illinois,Pike,5,0,0,39.62265059,-90.8877017,17149.0,32.1316110789795,0.0,5,4,0,0,4,3,15611,1,0,0,1,1
2020-07-08,US,Illinois,Pope,1,0,0,37.41391284,-88.56152109,17151.0,23.94062724443381,0.0,1,1,0,0,1,1,4212,0,0,0,0,0
2020-07-08,US,Illinois,Pulaski,79,0,0,37.22631423,-89.13085001,17153.0,1480.7872539831305,0.0,79,80,0,0,80,79,5463,-1,0,0,-1,1
2020-07-08,US,Illinois,Putnam,1,0,0,41.2013541,-89.2869272,17155.0,17.424638438752392,0.0,1,1,0,0,1,1,5740,0,0,0,0,0
2020-07-08,US,Illinois,Randolph,291,7,0,38.05095369,-89.82512254,17157.0,915.6126109118367,2.405498281786941,284,288,7,0,281,288,32106,3,0,0,3,0
2020-07-08,US,Illinois,Richland,7,0,0,38.71240969,-88.08475366,17159.0,45.12344485270418,0.0,7,7,0,0,7,4,15763,0,0,0,0,3
2020-07-08,US,Illinois,Rock Island,1094,30,0,41.46613806,-90.57042164,17161.0,771.0795818972505,2.742230347349177,1064,1073,30,0,1043,1061,143477,21,0,0,21,12
2020-07-08,US,Illinois,Saline,10,0,0,37.75332999,-88.54119706,17165.0,42.569494700097906,0.0,10,10,0,0,10,9,23906,0,0,0,0,1
2020-07-08,US,Illinois,Sangamon,473,33,0,39.75836914,-89.65872023,17167.0,242.97279526588315,6.9767441860465125,440,462,33,0,429,455,195348,11,0,0,11,7
2020-07-08,US,Illinois,Schuyler,13,0,0,40.1571798,-90.61114163,17169.0,192.08037825059105,0.0,13,13,0,0,13,13,6907,0,0,0,0,0
2020-07-08,US,Illinois,Scott,1,0,0,39.6429169,-90.47814431,17171.0,20.197939810139367,0.0,1,1,0,0,1,1,4926,0,0,0,0,0
2020-07-08,US,Illinois,Shelby,19,1,0,39.39133527,-88.80611122,17173.0,87.82472034760097,5.2631578947368425,18,19,1,0,18,19,21741,0,0,0,0,0
2020-07-08,US,Illinois,St. Clair,2089,143,0,38.46996033,-89.93063427,17163.0,804.4330460633226,6.845380564863572,1946,2054,138,0,1916,2037,261059,35,5,0,30,17
2020-07-08,US,Illinois,Stark,6,0,0,41.09309773,-89.79745866,17175.0,112.31748408835642,0.0,6,6,0,0,6,4,5427,0,0,0,0,2
2020-07-08,US,Illinois,Stephenson,280,6,0,42.35129217,-89.662598,17177.0,629.2417636747717,2.142857142857143,274,280,6,0,274,278,44753,0,0,0,0,2
2020-07-08,US,Illinois,Tazewell,158,8,0,40.50716185,-89.51404662,17179.0,119.87587535943796,5.063291139240507,150,154,8,0,146,152,132328,4,0,0,4,2
2020-07-08,US,Illinois,Unassigned,1170,210,0,0.0,0.0,90017.0,0.0,17.94871794871795,960,1177,210,0,967,53,,-7,0,0,-7,1124
2020-07-08,US,Illinois,Union,195,19,0,37.47119609,-89.25548938,17181.0,1170.96018735363,9.743589743589745,176,195,19,0,176,196,16841,0,0,0,0,-1
2020-07-08,US,Illinois,Vermilion,82,2,0,40.18417171,-87.73384359,17183.0,108.23939385939438,2.4390243902439024,80,79,2,0,77,79,76806,3,0,0,3,0
2020-07-08,US,Illinois,Wabash,23,0,0,38.44272901,-87.84922065,17185.0,199.65277777777766,0.0,23,23,0,0,23,23,11549,0,0,0,0,0
2020-07-08,US,Illinois,Warren,147,0,0,40.84925021,-90.6147432,17187.0,872.7143196390407,0.0,147,147,0,0,147,145,17032,0,0,0,0,2
2020-07-08,US,Illinois,Washington,25,0,0,38.35309213,-89.40982703,17189.0,180.02448332973285,0.0,25,24,0,0,24,21,13995,1,0,0,1,3
2020-07-08,US,Illinois,Wayne,15,1,0,38.42955355,-88.42586459,17191.0,92.50693802035153,6.666666666666668,14,15,1,0,14,14,16332,0,0,0,0,1
2020-07-08,US,Illinois,White,9,0,0,38.08706198,-88.17657461,17193.0,66.48445002585507,0.0,9,8,0,0,8,8,13665,1,0,0,1,0
2020-07-08,US,Illinois,Whiteside,199,15,0,41.75509713,-89.91556058,17195.0,360.6705935659266,7.537688442211055,184,200,15,0,185,196,55626,-1,0,0,-1,4
2020-07-08,US,Illinois,Will,7061,322,0,41.44619267,-87.97862712,17197.0,1022.2325814376692,4.5602605863192185,6739,6996,322,0,6674,6957,692310,65,0,0,65,39
2020-07-08,US,Illinois,Williamson,134,4,0,37.73033511,-88.92994027,17199.0,201.21026472663934,2.985074626865672,130,133,4,0,129,133,67056,1,0,0,1,0
2020-07-08,US,Illinois,Winnebago,3131,101,0,42.33641854,-89.16085327,17201.0,1108.0361819288537,3.2258064516129035,3030,3118,97,0,3021,3109,284081,13,4,0,9,9
2020-07-08,US,Illinois,Woodford,39,2,0,40.78579374,-89.20973757,17203.0,101.40669284172756,5.128205128205129,37,37,2,0,35,36,38463,2,0,0,2,1
2020-07-08,US,Indiana,Adams,49,1,0,40.7457653,-84.93671406,18001.0,136.95949911954608,2.0408163265306123,48,50,1,0,49,50,35636,-1,0,0,-1,0
2020-07-08,US,Indiana,Allen,2835,133,0,41.09194313,-85.06800636,18003.0,747.4314459041548,4.691358024691358,2702,2815,132,0,2683,2798,375351,20,1,0,19,17
2020-07-08,US,Indiana,Bartholomew,591,45,0,39.20744865,-85.89558181,18005.0,705.4273744016997,7.614213197969542,546,589,44,0,545,586,82753,2,1,0,1,3
2020-07-08,US,Indiana,Benton,48,0,0,40.60626947,-87.31093999,18007.0,548.6968449931413,0.0,48,48,0,0,48,48,8653,0,0,0,0,0
2020-07-08,US,Indiana,Blackford,39,2,0,40.47388153,-85.32499702,18009.0,331.6890627657765,5.128205128205129,37,39,2,0,37,37,11930,0,0,0,0,2
2020-07-08,US,Indiana,Boone,454,43,0,40.0509304,-86.46841646,18011.0,669.1921053019471,9.47136563876652,411,449,43,0,406,445,66999,5,0,0,5,4
2020-07-08,US,Indiana,Brown,42,1,0,39.19605589,-86.22868909,18013.0,278.29313543599255,2.380952380952381,41,39,1,0,38,39,15234,3,0,0,3,0
2020-07-08,US,Indiana,Carroll,110,2,0,40.580783200000006,-86.56198812,18015.0,543.0221651774697,1.818181818181818,108,110,2,0,108,110,20127,0,0,0,0,0
2020-07-08,US,Indiana,Cass,1642,9,0,40.76135835,-86.34830753,18017.0,4356.708854042294,0.5481120584652862,1633,1639,9,0,1630,1638,37955,3,0,0,3,1
2020-07-08,US,Indiana,Clark,668,44,0,38.48015445,-85.70510334,18019.0,564.6565569474734,6.586826347305388,624,660,44,0,616,655,117360,8,0,0,8,5
2020-07-08,US,Indiana,Clay,60,4,0,39.39561833,-87.11723506,18021.0,228.78932316491898,6.666666666666668,56,60,4,0,56,60,26170,0,0,0,0,0
2020-07-08,US,Indiana,Clinton,290,2,0,40.30319754,-86.47277257,18023.0,895.0893546097102,0.6896551724137931,288,289,2,0,287,289,32250,1,0,0,1,0
2020-07-08,US,Indiana,Crawford,32,0,0,38.28814402,-86.44518825,18025.0,302.54325423087835,0.0,32,32,0,0,32,32,10558,0,0,0,0,0
2020-07-08,US,Indiana,Daviess,148,17,0,38.70186039,-87.07185406,18027.0,443.76480465353364,11.486486486486484,131,147,17,0,130,143,33147,1,0,0,1,4
2020-07-08,US,Indiana,DeKalb,163,4,0,41.39804622,-84.99906934,18033.0,374.9281196089708,2.4539877300613497,159,163,4,0,159,162,43226,0,0,0,0,1
2020-07-08,US,Indiana,Dearborn,238,23,0,39.14647946,-84.97333539,18029.0,481.2163856201221,9.663865546218489,215,233,23,0,210,238,49568,5,0,0,5,-5
2020-07-08,US,Indiana,Decatur,254,32,0,39.30712658,-85.50087166,18031.0,956.3613087842164,12.598425196850394,222,255,32,0,223,250,26794,-1,0,0,-1,5
2020-07-08,US,Indiana,Delaware,452,52,0,40.22787247,-85.39732772,18035.0,396.0222543479213,11.50442477876106,400,450,50,0,400,445,114772,2,2,0,0,5
2020-07-08,US,Indiana,Dubois,288,6,0,38.36597551,-86.87924170000002,18037.0,673.9049045301384,2.083333333333333,282,283,6,0,277,273,42565,5,0,0,5,10
2020-07-08,US,Indiana,Elkhart,3402,55,0,41.59761169,-85.85875695,18039.0,1648.727107070335,1.6166960611405057,3347,3320,51,0,3269,3301,205560,82,4,0,78,19
2020-07-08,US,Indiana,Fayette,103,7,0,39.63684962,-85.17797541,18041.0,445.84884425590866,6.7961165048543695,96,101,7,0,94,99,23047,2,0,0,2,2
2020-07-08,US,Indiana,Floyd,384,44,0,38.32117957,-85.90385377,18043.0,489.03492014976695,11.458333333333336,340,382,44,0,338,381,77781,2,0,0,2,1
2020-07-08,US,Indiana,Fountain,32,2,0,40.12361933,-87.24217689,18045.0,195.7665483910437,6.25,30,32,2,0,30,32,16351,0,0,0,0,0
2020-07-08,US,Indiana,Franklin,126,8,0,39.4142482,-85.06062647,18047.0,553.6514632217243,6.349206349206349,118,126,8,0,118,124,22736,0,0,0,0,2
2020-07-08,US,Indiana,Fulton,72,1,0,41.0469907,-86.26252745,18049.0,360.4686091919496,1.3888888888888888,71,71,1,0,70,72,20092,1,0,0,1,-1
2020-07-08,US,Indiana,Gibson,98,2,0,38.30393723,-87.58054938,18051.0,291.1554116283906,2.0408163265306123,96,87,2,0,85,81,33452,11,0,0,11,6
2020-07-08,US,Indiana,Grant,296,26,0,40.51587228,-85.65468702,18053.0,450.0600586902644,8.783783783783784,270,295,26,0,269,295,65936,1,0,0,1,0
2020-07-08,US,Indiana,Greene,190,32,0,39.03630547,-86.96223202,18055.0,595.2008019547648,16.842105263157894,158,190,32,0,158,189,32006,0,0,0,0,1
2020-07-08,US,Indiana,Hamilton,1608,101,0,40.07306535,-86.05244729,18057.0,475.7241628231034,6.281094527363184,1507,1596,101,0,1495,1563,330086,12,0,0,12,33
2020-07-08,US,Indiana,Hancock,452,36,0,39.82304555,-85.77566351,18059.0,578.2417357486439,7.9646017699115035,416,449,35,0,414,450,76351,3,1,0,2,-1
2020-07-08,US,Indiana,Harrison,216,22,0,38.19467379,-86.10948271,18061.0,533.135875601629,10.185185185185183,194,216,22,0,194,218,40350,0,0,0,0,-2
2020-07-08,US,Indiana,Hendricks,1425,100,0,39.76719009,-86.51037283,18063.0,836.7046168480016,7.0175438596491215,1325,1414,100,0,1314,1410,167009,11,0,0,11,4
2020-07-08,US,Indiana,Henry,282,16,0,39.93029017,-85.39625719,18065.0,587.8429083632119,5.673758865248227,266,280,16,0,264,274,48271,2,0,0,2,6
2020-07-08,US,Indiana,Howard,580,58,0,40.48527731,-86.11351892,18067.0,702.6555534018221,10.0,522,580,57,0,523,577,82366,0,1,0,-1,3
2020-07-08,US,Indiana,Huntington,78,2,0,40.82907273,-85.48822092,18069.0,213.5815991237678,2.5641025641025643,76,78,2,0,76,81,36240,0,0,0,0,-3
2020-07-08,US,Indiana,Jackson,473,3,0,38.90915820000001,-86.03851889,18071.0,1069.3857249440437,0.6342494714587738,470,472,3,0,469,472,44111,1,0,0,1,0
2020-07-08,US,Indiana,Jasper,123,2,0,41.02078733,-87.11553319,18073.0,366.485906680174,1.6260162601626016,121,121,2,0,119,121,33370,2,0,0,2,0
2020-07-08,US,Indiana,Jay,68,0,0,40.43781032,-85.00576229,18075.0,332.7461342728518,0.0,68,68,0,0,68,68,20764,0,0,0,0,0
2020-07-08,US,Indiana,Jefferson,76,2,0,38.78576239,-85.43633383,18077.0,235.23585489662003,2.631578947368421,74,72,2,0,70,72,32208,4,0,0,4,0
2020-07-08,US,Indiana,Jennings,177,12,0,38.99588883,-85.62710784,18079.0,638.1828015143319,6.779661016949151,165,176,12,0,164,176,27611,1,0,0,1,0
2020-07-08,US,Indiana,Johnson,1296,118,0,39.48994426,-86.10149107,18081.0,819.3871035045238,9.104938271604937,1178,1288,117,0,1171,1288,156225,8,1,0,7,0
2020-07-08,US,Indiana,Knox,64,0,0,38.68861576,-87.4194665,18083.0,174.8920588074548,0.0,64,64,0,0,64,64,36895,0,0,0,0,0
2020-07-08,US,Indiana,Kosciusko,562,4,0,41.24521668,-85.86312322,18085.0,707.3097060008055,0.7117437722419929,558,556,4,0,552,549,79344,6,0,0,6,7
2020-07-08,US,Indiana,LaGrange,477,9,0,41.64232188,-85.42674232,18087.0,1204.1197556419447,1.8867924528301887,468,471,9,0,462,470,39330,6,0,0,6,1
2020-07-08,US,Indiana,LaPorte,583,26,0,41.54366008,-86.74072188,18091.0,530.5401863715783,4.459691252144082,557,579,26,0,553,580,110007,4,0,0,4,-1
2020-07-08,US,Indiana,Lake,5276,246,0,41.41874274,-87.38277575,18089.0,1086.7303957008646,4.66262319939348,5030,5212,244,0,4968,5180,484411,64,2,0,62,32
2020-07-08,US,Indiana,Lawrence,248,25,0,38.84112637,-86.48361629,18093.0,546.6167070751599,10.080645161290322,223,246,25,0,221,246,45668,2,0,0,2,0
2020-07-08,US,Indiana,Madison,667,64,0,40.16143691,-85.71964711,18095.0,514.7836288000988,9.5952023988006,603,663,64,0,599,659,129641,4,0,0,4,4
2020-07-08,US,Indiana,Marion,11760,689,0,39.78163624,-86.13826325,18097.0,1219.180950919673,5.858843537414965,11071,11723,689,0,11034,11682,954670,37,0,0,37,41
2020-07-08,US,Indiana,Marshall,501,6,0,41.32467367,-86.26185087,18099.0,1083.0559038436597,1.1976047904191616,495,492,6,0,486,490,46248,9,0,0,9,2
2020-07-08,US,Indiana,Martin,22,0,0,38.7099921,-86.80373186,18101.0,214.5294978059483,0.0,22,23,0,0,23,22,10217,-1,0,0,-1,1
2020-07-08,US,Indiana,Miami,186,2,0,40.76940965,-86.04525048,18103.0,523.7076247325149,1.075268817204301,184,184,2,0,182,183,35567,2,0,0,2,1
2020-07-08,US,Indiana,Monroe,309,28,0,39.16130004,-86.52414358,18105.0,208.1775370374113,9.06148867313916,281,301,28,0,273,300,146917,8,0,0,8,1
2020-07-08,US,Indiana,Montgomery,297,20,0,40.04034823,-86.89335024,18107.0,774.6882988157962,6.7340067340067336,277,297,20,0,277,294,38346,0,0,0,0,3
2020-07-08,US,Indiana,Morgan,327,31,0,39.47899078,-86.44573375,18109.0,463.90216913277254,9.48012232415902,296,329,31,0,298,329,70116,-2,0,0,-2,0
2020-07-08,US,Indiana,Newton,99,10,0,40.95610449,-87.39635768,18111.0,707.9519450800916,10.1010101010101,89,99,10,0,89,98,14011,0,0,0,0,1
2020-07-08,US,Indiana,Noble,485,28,0,41.39672484,-85.41966713,18113.0,1015.8344504021447,5.77319587628866,457,484,28,0,456,482,47532,1,0,0,1,2
2020-07-08,US,Indiana,Ohio,18,0,0,38.955304999999996,-84.96515993,18115.0,306.3829787234044,0.0,18,17,0,0,17,17,5844,1,0,0,1,0
2020-07-08,US,Indiana,Orange,136,23,0,38.54118920000001,-86.49523093,18117.0,692.2528759034918,16.911764705882348,113,135,23,0,112,136,19489,1,0,0,1,-1
2020-07-08,US,Indiana,Owen,50,1,0,39.31145587,-86.83900724,18119.0,240.39617289292755,2.0,49,49,1,0,48,49,20845,1,0,0,1,0
2020-07-08,US,Indiana,Parke,24,0,0,39.77202286,-87.20375833,18121.0,141.70160004723385,0.0,24,23,0,0,23,23,16927,1,0,0,1,0
2020-07-08,US,Indiana,Perry,135,9,0,38.07809328,-86.63741946,18123.0,704.2620898325421,6.666666666666668,126,135,9,0,126,129,19102,0,0,0,0,6
2020-07-08,US,Indiana,Pike,11,0,0,38.40112197,-87.23574907,18125.0,88.78844135927031,0.0,11,11,0,0,11,11,12410,0,0,0,0,0
2020-07-08,US,Indiana,Porter,767,38,0,41.45986947,-87.06848888,18127.0,450.1464296404112,4.9543676662320735,729,736,37,0,699,732,169594,31,1,0,30,4
2020-07-08,US,Indiana,Posey,45,0,0,38.02097333,-87.86480429,18129.0,176.9772289298777,0.0,45,44,0,0,44,42,25540,1,0,0,1,2
2020-07-08,US,Indiana,Pulaski,66,1,0,41.04166107,-86.69890683,18131.0,534.2831700801423,1.5151515151515151,65,66,1,0,65,66,12469,0,0,0,0,0
2020-07-08,US,Indiana,Putnam,170,8,0,39.66437981,-86.84517605,18133.0,452.41643602299337,4.705882352941177,162,170,8,0,162,169,37779,0,0,0,0,1
2020-07-08,US,Indiana,Randolph,80,4,0,40.15734772,-85.01139319,18135.0,324.3462396107845,5.0,76,80,4,0,76,79,24851,0,0,0,0,1
2020-07-08,US,Indiana,Ripley,124,7,0,39.10235626,-85.26212744,18137.0,437.7912724191498,5.645161290322582,117,122,7,0,115,117,28523,2,0,0,2,5
2020-07-08,US,Indiana,Rush,58,3,0,39.62002287,-85.4655599,18139.0,349.79796152222417,5.172413793103448,55,58,3,0,55,58,16663,0,0,0,0,0
2020-07-08,US,Indiana,Scott,162,8,0,38.68672078,-85.74627859,18143.0,678.5908767226574,4.938271604938271,154,162,8,0,154,162,23878,0,0,0,0,0
2020-07-08,US,Indiana,Shelby,431,25,0,39.52305623,-85.79158570000001,18145.0,963.5806747300408,5.8004640371229685,406,430,25,0,405,426,44593,1,0,0,1,4
2020-07-08,US,Indiana,Spencer,44,1,0,38.01519732,-87.0079644,18147.0,216.9946244513488,2.272727272727273,43,41,1,0,40,38,20327,3,0,0,3,3
2020-07-08,US,Indiana,St. Joseph,2001,69,0,41.61756781,-86.29040834,18141.0,736.1326731070611,3.4482758620689653,1932,1981,68,0,1913,1964,270771,20,1,0,19,17
2020-07-08,US,Indiana,Starke,94,3,0,41.27890281,-86.64686895,18149.0,408.7845183735595,3.191489361702128,91,93,3,0,90,93,22935,1,0,0,1,0
2020-07-08,US,Indiana,Steuben,130,2,0,41.64423868,-85.00101094,18151.0,375.7877088512459,1.5384615384615383,128,130,2,0,128,129,34586,0,0,0,0,1
2020-07-08,US,Indiana,Sullivan,45,1,0,39.08952258,-87.41414469,18153.0,217.7173544922348,2.2222222222222223,44,45,1,0,44,45,20690,0,0,0,0,0
2020-07-08,US,Indiana,Switzerland,28,0,0,38.82767338,-85.03022429,18155.0,260.44088921960747,0.0,28,27,0,0,27,27,10717,1,0,0,1,0
2020-07-08,US,Indiana,Tippecanoe,735,9,0,40.38872739,-86.89413959,18157.0,375.51345717613884,1.2244897959183674,726,727,9,0,718,726,193048,8,0,0,8,1
2020-07-08,US,Indiana,Tipton,31,1,0,40.31123252,-86.05234925,18159.0,204.64747821494583,3.2258064516129035,30,31,1,0,30,32,15128,0,0,0,0,-1
2020-07-08,US,Indiana,Unassigned,0,193,0,0.0,0.0,90018.0,0.0,0.0,-193,0,193,0,-193,193,,0,0,0,0,-193
2020-07-08,US,Indiana,Union,13,0,0,39.62550777,-84.92497066,18161.0,184.2925999432946,0.0,13,13,0,0,13,13,7037,0,0,0,0,0
2020-07-08,US,Indiana,Vanderburgh,587,6,0,38.02658833,-87.58763124,18163.0,323.5033149445305,1.0221465076660987,581,570,6,0,564,548,180974,17,0,0,17,22
2020-07-08,US,Indiana,Vermillion,14,0,0,39.8523352,-87.46160542,18165.0,90.3342366757001,0.0,14,14,0,0,14,14,15479,0,0,0,0,0
2020-07-08,US,Indiana,Vigo,238,8,0,39.42944561,-87.39169027,18167.0,222.350940787384,3.361344537815126,230,236,8,0,228,235,107386,2,0,0,2,1
2020-07-08,US,Indiana,Wabash,114,2,0,40.84704239,-85.79328272,18169.0,367.78939217963614,1.7543859649122806,112,113,2,0,111,112,31280,1,0,0,1,1
2020-07-08,US,Indiana,Warren,14,1,0,40.34728141,-87.35602659,18171.0,169.38898971566852,7.142857142857142,13,14,1,0,13,14,8263,0,0,0,0,0
2020-07-08,US,Indiana,Warrick,227,29,0,38.08922676,-87.2716085,18173.0,360.32889933013746,12.775330396475773,198,221,29,0,192,218,62567,6,0,0,6,3
2020-07-08,US,Indiana,Washington,67,1,0,38.60219804,-86.1049363,18175.0,238.9784562705093,1.492537313432836,66,67,1,0,66,67,27943,0,0,0,0,0
2020-07-08,US,Indiana,Wayne,143,6,0,39.863344399999995,-85.01044989,18177.0,217.04814522494078,4.195804195804196,137,142,6,0,136,140,65936,1,0,0,1,2
2020-07-08,US,Indiana,Wells,75,1,0,40.72934187,-85.22132966,18179.0,265.05513146734523,1.3333333333333333,74,75,1,0,74,73,28206,0,0,0,0,2
2020-07-08,US,Indiana,White,266,10,0,40.74911165,-86.86492015,18181.0,1103.6428512156667,3.7593984962406015,256,265,10,0,255,265,24133,1,0,0,1,0
2020-07-08,US,Indiana,Whitley,97,5,0,41.13863784,-85.50791236,18183.0,285.59651395595336,5.154639175257731,92,96,5,0,91,92,34074,1,0,0,1,4
2020-07-08,US,Iowa,Adair,17,0,0,41.33075609,-94.47105874,19001.0,237.69574944071587,0.0,17,16,0,0,16,16,7063,1,0,0,1,0
2020-07-08,US,Iowa,Adams,8,0,0,41.02903567,-94.69932645,19003.0,222.0988339811216,0.0,8,8,0,0,8,8,3645,0,0,0,0,0
2020-07-08,US,Iowa,Allamakee,135,4,0,43.28383218,-91.37860922,19005.0,986.3374004529846,2.962962962962963,131,133,4,0,129,131,13832,2,0,0,2,2
2020-07-08,US,Iowa,Appanoose,21,3,0,40.74324454,-92.86865906,19007.0,169.00048285852245,14.285714285714285,18,21,3,0,18,21,12437,0,0,0,0,0
2020-07-08,US,Iowa,Audubon,16,1,0,41.6844628,-94.90581859,19009.0,291.12081513828235,6.25,15,16,1,0,15,16,5506,0,0,0,0,0
2020-07-08,US,Iowa,Benton,69,1,0,42.08011739,-92.06463573,19011.0,269.05829596412553,1.4492753623188406,68,68,1,0,67,69,25642,1,0,0,1,-1
2020-07-08,US,Iowa,Black Hawk,2355,58,0,42.4704581,-92.30524729,19013.0,1794.5865211692624,2.4628450106157107,2297,2323,58,0,2265,2301,132408,32,0,0,32,22
2020-07-08,US,Iowa,Boone,157,1,0,42.03657094,-93.9313999,19015.0,598.46001372265,0.6369426751592356,156,150,1,0,149,148,26346,7,0,0,7,2
2020-07-08,US,Iowa,Bremer,98,7,0,42.77461496,-92.31795937,19017.0,391.03024499241883,7.142857142857142,91,95,7,0,88,94,24947,3,0,0,3,1
2020-07-08,US,Iowa,Buchanan,60,1,0,42.4709188,-91.83510825,19019.0,283.3530106257378,1.6666666666666667,59,60,1,0,59,55,21199,0,0,0,0,5
2020-07-08,US,Iowa,Buena Vista,1724,11,0,42.73545875,-95.15100162,19021.0,8786.952089704384,0.6380510440835266,1713,1719,11,0,1708,1714,19874,5,0,0,5,5
2020-07-08,US,Iowa,Butler,60,2,0,42.73172833,-92.79015971,19023.0,415.541242468315,3.333333333333333,58,59,2,0,57,57,14539,1,0,0,1,2
2020-07-08,US,Iowa,Calhoun,55,2,0,42.38521079,-94.64046046,19025.0,568.8870500620604,3.636363636363636,53,54,2,0,52,53,9699,1,0,0,1,1
2020-07-08,US,Iowa,Carroll,104,1,0,42.03617207,-94.86032705,19027.0,515.7451029010662,0.9615384615384616,103,99,1,0,98,99,20154,5,0,0,5,0
2020-07-08,US,Iowa,Cass,24,0,0,41.33149454,-94.92792482,19029.0,186.97413524462448,0.0,24,24,0,0,24,23,12930,0,0,0,0,1
2020-07-08,US,Iowa,Cedar,85,1,0,41.77233777,-91.13246684,19031.0,456.3268373865894,1.1764705882352942,84,85,1,0,84,84,18627,0,0,0,0,1
2020-07-08,US,Iowa,Cerro Gordo,201,1,0,43.08177563,-93.2612239,19033.0,473.4982332155477,0.4975124378109453,200,190,1,0,189,182,42647,11,0,0,11,8
2020-07-08,US,Iowa,Cherokee,79,1,0,42.73538914,-95.62389402,19035.0,703.1597685803292,1.2658227848101269,78,76,1,0,75,75,11321,3,0,0,3,1
2020-07-08,US,Iowa,Chickasaw,29,0,0,43.06001295,-92.31773347,19037.0,243.0235481438029,0.0,29,29,0,0,29,29,11964,0,0,0,0,0
2020-07-08,US,Iowa,Clarke,134,3,0,41.02868181,-93.78499767,19039.0,1426.2905800957956,2.238805970149253,131,133,3,0,130,132,9423,1,0,0,1,1
2020-07-08,US,Iowa,Clay,142,1,0,43.08247182,-95.15096481,19041.0,886.6133866133866,0.7042253521126759,141,137,0,0,137,134,16134,5,1,0,4,3
2020-07-08,US,Iowa,Clayton,46,3,0,42.84443388,-91.34133693,19043.0,262.12319790301444,6.521739130434782,43,44,3,0,41,44,17556,2,0,0,2,0
2020-07-08,US,Iowa,Clinton,115,1,0,41.89981633,-90.53275096,19045.0,247.69002132288009,0.8695652173913043,114,113,1,0,112,112,46518,2,0,0,2,1
2020-07-08,US,Iowa,Crawford,679,3,0,42.03718237,-95.3819718,19047.0,4036.860879904874,0.4418262150220913,676,678,3,0,675,677,17158,1,0,0,1,1
2020-07-08,US,Iowa,Dallas,1298,29,0,41.68560356,-94.04127625,19049.0,1388.9334745808053,2.2342064714946077,1269,1291,29,0,1262,1280,90180,7,0,0,7,11
2020-07-08,US,Iowa,Davis,42,1,0,40.74773536,-92.41005468,19051.0,466.66666666666674,2.380952380952381,41,41,1,0,40,41,9017,1,0,0,1,0
2020-07-08,US,Iowa,Decatur,12,0,0,40.73742757,-93.78645949,19053.0,152.4777636594663,0.0,12,12,0,0,12,12,7890,0,0,0,0,0
2020-07-08,US,Iowa,Delaware,53,1,0,42.47104597,-91.3664492,19055.0,311.5631062253836,1.8867924528301887,52,51,1,0,50,51,17069,2,0,0,2,0
2020-07-08,US,Iowa,Des Moines,94,2,0,40.92012606,-91.18326592,19057.0,241.2297585136141,2.127659574468085,92,91,2,0,89,92,39138,3,0,0,3,-1
2020-07-08,US,Iowa,Dickinson,282,3,0,43.37787725,-95.1510206,19059.0,1634.0248000927106,1.0638297872340423,279,266,3,0,263,266,17153,16,0,0,16,0
2020-07-08,US,Iowa,Dubuque,771,22,0,42.46815349,-90.88181925,19061.0,792.3050837007123,2.8534370946822314,749,742,22,0,720,702,96854,29,0,0,29,40
2020-07-08,US,Iowa,Emmet,91,0,0,43.37782951,-94.67858943,19063.0,988.2710686359687,0.0,91,87,0,0,87,88,9253,4,0,0,4,-1
2020-07-08,US,Iowa,Fayette,52,0,0,42.86271799,-91.8441231,19065.0,264.63104325699743,0.0,52,50,0,0,50,51,19660,2,0,0,2,-1
2020-07-08,US,Iowa,Floyd,74,2,0,43.06000529999999,-92.78940097,19067.0,473.0852832118655,2.702702702702702,72,73,2,0,71,73,15761,1,0,0,1,0
2020-07-08,US,Iowa,Franklin,98,0,0,42.73270384,-93.26256925,19069.0,973.1876861966236,0.0,98,95,0,0,95,90,10124,3,0,0,3,5
2020-07-08,US,Iowa,Fremont,8,0,0,40.74542720000001,-95.60129045,19071.0,114.94252873563221,0.0,8,8,0,0,8,7,6993,0,0,0,0,1
2020-07-08,US,Iowa,Greene,29,0,0,42.03614551,-94.39658081,19073.0,326.2826282628264,0.0,29,29,0,0,29,30,8981,0,0,0,0,-1
2020-07-08,US,Iowa,Grundy,40,0,0,42.40183723,-92.78829551,19075.0,327.01111837802483,0.0,40,40,0,0,40,38,12304,0,0,0,0,2
2020-07-08,US,Iowa,Guthrie,69,4,0,41.68378965,-94.50111014,19077.0,645.5234353073253,5.797101449275362,65,68,4,0,64,66,10720,1,0,0,1,2
2020-07-08,US,Iowa,Hamilton,192,1,0,42.38382428,-93.70197703,19079.0,1299.668313815745,0.5208333333333334,191,189,1,0,188,189,14952,3,0,0,3,0
2020-07-08,US,Iowa,Hancock,54,1,0,43.08178477,-93.73454884,19081.0,507.9962370649106,1.851851851851852,53,55,1,0,54,54,10712,-1,0,0,-1,1
2020-07-08,US,Iowa,Hardin,83,0,0,42.38353877,-93.23654611,19083.0,492.69856345720046,0.0,83,81,0,0,81,77,16868,2,0,0,2,4
2020-07-08,US,Iowa,Harrison,54,0,0,41.68330137,-95.81558439,19085.0,384.3689942344651,0.0,54,54,0,0,54,54,14134,0,0,0,0,0
2020-07-08,US,Iowa,Henry,88,3,0,40.98767962,-91.54436349,19087.0,441.0143329658214,3.4090909090909087,85,86,3,0,83,86,20067,2,0,0,2,0
2020-07-08,US,Iowa,Howard,37,0,0,43.35671042,-92.31702714,19089.0,404.01834461672854,0.0,37,34,0,0,34,34,9187,3,0,0,3,0
2020-07-08,US,Iowa,Humboldt,57,1,0,42.7764426,-94.20722537,19091.0,596.3590709353423,1.7543859649122806,56,55,1,0,54,55,9547,2,0,0,2,0
2020-07-08,US,Iowa,Ida,23,0,0,42.38696136,-95.51355387,19093.0,335.2769679300292,0.0,23,23,0,0,23,24,6841,0,0,0,0,-1
2020-07-08,US,Iowa,Iowa,61,1,0,41.68630265,-92.0643373,19095.0,376.9154720711814,1.639344262295082,60,53,0,0,53,53,16141,8,1,0,7,0
2020-07-08,US,Iowa,Jackson,37,0,0,42.17178824,-90.57354837,19097.0,190.33900920829257,0.0,37,34,0,0,34,32,19432,3,0,0,3,2
2020-07-08,US,Iowa,Jasper,329,17,0,41.68576082,-93.05567785,19099.0,884.7653623773027,5.1671732522796345,312,325,17,0,308,325,37147,4,0,0,4,0
2020-07-08,US,Iowa,Jefferson,62,0,0,41.03192394,-91.94849466,19101.0,338.89040721508616,0.0,62,62,0,0,62,64,18381,0,0,0,0,-2
2020-07-08,US,Iowa,Johnson,1363,8,0,41.67169354,-91.58754744,19103.0,901.8128887124519,0.586940572267058,1355,1340,8,0,1332,1314,151260,23,0,0,23,26
2020-07-08,US,Iowa,Jones,65,0,0,42.12118609,-91.13139641,19105.0,314.2981480586045,0.0,65,64,0,0,64,61,20744,1,0,0,1,3
2020-07-08,US,Iowa,Keokuk,20,1,0,41.33649833,-92.1785067,19107.0,195.19812609798947,5.0,19,21,1,0,20,21,10225,-1,0,0,-1,0
2020-07-08,US,Iowa,Kossuth,37,0,0,43.20405458,-94.20691791,19109.0,249.78059812327012,0.0,37,36,0,0,36,35,14908,1,0,0,1,1
2020-07-08,US,Iowa,Lee,54,2,0,40.64181461,-91.48183025,19111.0,160.44210713967374,3.703703703703704,52,54,2,0,52,54,34055,0,0,0,0,0
2020-07-08,US,Iowa,Linn,1323,82,0,42.07923082,-91.59809485,19113.0,583.5752031265163,6.198034769463341,1241,1304,82,0,1222,1294,225909,19,0,0,19,10
2020-07-08,US,Iowa,Louisa,363,13,0,41.21842119,-91.26102611,19115.0,3289.533303126416,3.5812672176308538,350,363,13,0,350,362,11169,0,0,0,0,1
2020-07-08,US,Iowa,Lucas,31,4,0,41.02958964,-93.32780803,19117.0,360.46511627906983,12.903225806451614,27,31,4,0,27,31,8645,0,0,0,0,0
2020-07-08,US,Iowa,Lyon,47,0,0,43.38107862,-96.20926845,19119.0,399.82985963419816,0.0,47,45,0,0,45,44,11811,2,0,0,2,1
2020-07-08,US,Iowa,Madison,49,2,0,41.33081904,-94.01554631,19121.0,299.9143101970865,4.081632653061225,47,48,2,0,46,48,16249,1,0,0,1,0
2020-07-08,US,Iowa,Mahaska,118,17,0,41.33521503,-92.64083907,19123.0,534.0574790676624,14.406779661016948,101,117,17,0,100,116,22000,1,0,0,1,1
2020-07-08,US,Iowa,Marion,74,0,0,41.33445101,-93.09934783,19125.0,222.5363125131567,0.0,74,71,0,0,71,70,33407,3,0,0,3,1
2020-07-08,US,Iowa,Marshall,1063,19,0,42.03586837,-92.9990819,19127.0,2700.0939825751225,1.7873941674506115,1044,1060,19,0,1041,1049,39981,3,0,0,3,11
2020-07-08,US,Iowa,Mills,43,0,0,41.03299766,-95.61920963,19129.0,284.5985836256536,0.0,43,39,0,0,39,37,15063,4,0,0,4,2
2020-07-08,US,Iowa,Mitchell,41,0,0,43.35638371,-92.78887719,19131.0,387.3039863971282,0.0,41,41,0,0,41,39,10569,0,0,0,0,2
2020-07-08,US,Iowa,Monona,77,0,0,42.05220391,-95.95743843,19133.0,893.7899013348807,0.0,77,77,0,0,77,77,8679,0,0,0,0,0
2020-07-08,US,Iowa,Monroe,51,7,0,41.02988815,-92.8690667,19135.0,661.7360840794082,13.725490196078429,44,51,7,0,44,51,7790,0,0,0,0,0
2020-07-08,US,Iowa,Montgomery,10,2,0,41.03018714,-95.15642896,19137.0,100.83694665725521,20.0,8,10,2,0,8,10,10003,0,0,0,0,0
2020-07-08,US,Iowa,Muscatine,675,44,0,41.48370744,-91.1121697,19139.0,1582.130133133321,6.518518518518517,631,649,44,0,605,643,42929,26,0,0,26,6
2020-07-08,US,Iowa,O'Brien,91,1,0,43.08310673,-95.62474482,19141.0,661.673816621828,1.0989010989010992,90,89,1,0,88,88,13840,2,0,0,2,1
2020-07-08,US,Iowa,Osceola,64,0,0,43.37824276,-95.62422844,19143.0,1074.1859684457872,0.0,64,62,0,0,62,62,6040,2,0,0,2,0
2020-07-08,US,Iowa,Page,20,0,0,40.7393172,-95.1497813,19145.0,132.38895876083936,0.0,20,20,0,0,20,21,15249,0,0,0,0,-1
2020-07-08,US,Iowa,Palo Alto,42,0,0,43.08193849,-94.67824621,19147.0,472.65361242403776,0.0,42,41,0,0,41,41,8929,1,0,0,1,0
2020-07-08,US,Iowa,Plymouth,327,5,0,42.737633,-96.21366621,19149.0,1298.8044643921041,1.529051987767584,322,324,5,0,319,322,25095,3,0,0,3,2
2020-07-08,US,Iowa,Pocahontas,101,1,0,42.73420133,-94.67862564,19151.0,1525.9102583471827,0.99009900990099,100,98,1,0,97,97,6740,3,0,0,3,1
2020-07-08,US,Iowa,Polk,6827,181,0,41.68679484,-93.57767461,19153.0,1392.8076693168164,2.651237732532591,6646,6739,181,0,6558,6638,487204,88,0,0,88,101
2020-07-08,US,Iowa,Pottawattamie,758,12,0,41.33640314,-95.53907776,19155.0,813.2523657275282,1.5831134564643798,746,745,12,0,733,736,93533,13,0,0,13,9
2020-07-08,US,Iowa,Poweshiek,107,8,0,41.68625425,-92.53155731,19157.0,578.2533506268915,7.4766355140186915,99,107,8,0,99,106,18699,0,0,0,0,1
2020-07-08,US,Iowa,Ringgold,15,0,0,40.73518949,-94.24368535,19159.0,306.49775234981615,0.0,15,15,0,0,15,16,4968,0,0,0,0,-1
2020-07-08,US,Iowa,Sac,64,0,0,42.38624071,-95.10547892,19161.0,658.3684806089908,0.0,64,64,0,0,64,64,9719,0,0,0,0,0
2020-07-08,US,Iowa,Scott,883,10,0,41.63935978,-90.61959493,19163.0,510.57284770126574,1.1325028312570782,873,845,10,0,835,815,173283,38,0,0,38,30
2020-07-08,US,Iowa,Shelby,117,0,0,41.6850066,-95.31015553,19165.0,1021.4772132006286,0.0,117,117,0,0,117,114,11578,0,0,0,0,3
2020-07-08,US,Iowa,Sioux,488,0,0,43.08221074,-96.1767568,19167.0,1400.0860708650125,0.0,488,481,0,0,481,477,34909,7,0,0,7,4
2020-07-08,US,Iowa,Story,819,4,0,42.03621213,-93.46499005,19169.0,843.312705293615,0.4884004884004884,815,806,3,0,803,779,98105,13,1,0,12,27
2020-07-08,US,Iowa,Tama,473,29,0,42.07991767,-92.53266945,19171.0,2806.4554408449035,6.13107822410148,444,468,29,0,439,465,16904,5,0,0,5,3
2020-07-08,US,Iowa,Taylor,81,0,0,40.73710579,-94.69778563,19173.0,1323.313184120242,0.0,81,80,0,0,80,79,6191,1,0,0,1,1
2020-07-08,US,Iowa,Unassigned,20,0,0,0.0,0.0,90019.0,0.0,0.0,20,16,0,0,16,17,,4,0,0,4,-1
2020-07-08,US,Iowa,Union,36,0,0,41.0277278,-94.24234847,19175.0,294.09361980230375,0.0,36,34,0,0,34,29,12359,2,0,0,2,5
2020-07-08,US,Iowa,Van Buren,21,0,0,40.75326764,-91.95017958,19177.0,298.12606473594553,0.0,21,21,0,0,21,22,7020,0,0,0,0,-1
2020-07-08,US,Iowa,Wapello,712,31,0,41.03064984,-92.40954728,19179.0,2036.0891074952106,4.353932584269663,681,708,30,0,678,708,35205,4,1,0,3,0
2020-07-08,US,Iowa,Warren,297,1,0,41.33559454,-93.56007641,19181.0,577.0800139898188,0.3367003367003367,296,291,1,0,290,290,51056,6,0,0,6,1
2020-07-08,US,Iowa,Washington,247,9,0,41.33577126,-91.71725711,19183.0,1124.5162758934669,3.643724696356276,238,245,9,0,236,243,22141,2,0,0,2,2
2020-07-08,US,Iowa,Wayne,10,0,0,40.73969028,-93.32752197,19185.0,155.2553951249806,0.0,10,10,0,0,10,10,6401,0,0,0,0,0
2020-07-08,US,Iowa,Webster,252,4,0,42.42853483,-94.17987389,19187.0,701.8716577540108,1.5873015873015872,248,248,4,0,244,229,36277,4,0,0,4,19
2020-07-08,US,Iowa,Winnebago,30,0,0,43.37751174,-93.73407298,19189.0,289.7430944562488,0.0,30,29,0,0,29,29,10518,1,0,0,1,0
2020-07-08,US,Iowa,Winneshiek,43,0,0,43.29094334,-91.84422722,19191.0,215.09679355710068,0.0,43,39,0,0,39,39,20029,4,0,0,4,0
2020-07-08,US,Iowa,Woodbury,3264,44,0,42.38979414,-96.0459439,19193.0,3165.643457767174,1.3480392156862746,3220,3260,44,0,3216,3252,102539,4,0,0,4,8
2020-07-08,US,Iowa,Worth,20,0,0,43.37750768,-93.26087602,19195.0,270.96599376778215,0.0,20,20,0,0,20,20,7453,0,0,0,0,0
2020-07-08,US,Iowa,Wright,388,1,0,42.73305373,-93.73515113,19197.0,3088.6801464734913,0.25773195876288657,387,385,1,0,384,386,12690,3,0,0,3,-1
2020-07-08,US,Kansas,Allen,5,0,0,37.88582951,-95.30030847,20001.0,40.4236397445226,0.0,5,5,0,0,5,5,12444,0,0,0,0,0
2020-07-08,US,Kansas,Anderson,6,0,0,38.21413251,-95.29272815,20003.0,76.35530669381522,0.0,6,5,0,0,5,5,7878,1,0,0,1,0
2020-07-08,US,Kansas,Atchison,42,0,0,39.53185661,-95.30870026,20005.0,261.3077832389722,0.0,42,41,0,0,41,41,16193,1,0,0,1,0
2020-07-08,US,Kansas,Barber,2,0,0,37.2288586,-98.68460053,20007.0,45.177320984865595,0.0,2,2,0,0,2,2,4472,0,0,0,0,0
2020-07-08,US,Kansas,Barton,58,2,0,38.47889676,-98.75636726,20009.0,224.989332402343,3.4482758620689653,56,57,2,0,55,57,26111,1,0,0,1,0
2020-07-08,US,Kansas,Bourbon,47,1,0,37.85508555,-94.84865997,20011.0,323.3796614834182,2.127659574468085,46,36,1,0,35,36,14653,11,0,0,11,0
2020-07-08,US,Kansas,Brown,18,0,0,39.82652589,-95.56421698,20013.0,188.20577164366367,0.0,18,14,0,0,14,14,9598,4,0,0,4,0
2020-07-08,US,Kansas,Butler,77,0,0,37.78134351,-96.83878537,20015.0,115.07823825678886,0.0,77,67,0,0,67,67,66765,10,0,0,10,0
2020-07-08,US,Kansas,Chase,5,0,0,38.30292938,-96.59563862,20017.0,188.82175226586102,0.0,5,5,0,0,5,5,2629,0,0,0,0,0
2020-07-08,US,Kansas,Chautauqua,5,0,0,37.14994405,-96.2454192,20019.0,153.84615384615384,0.0,5,4,0,0,4,4,3309,1,0,0,1,0
2020-07-08,US,Kansas,Cherokee,43,1,0,37.16928494,-94.8462897,20021.0,215.65775615627663,2.3255813953488373,42,43,1,0,42,42,20015,0,0,0,0,1
2020-07-08,US,Kansas,Cheyenne,2,0,0,39.78580976,-101.7318201,20023.0,75.27286413248024,0.0,2,2,0,0,2,2,2660,0,0,0,0,0
2020-07-08,US,Kansas,Clark,34,1,0,37.23577007,-99.81883015,20025.0,1705.1153460381142,2.9411764705882355,33,34,1,0,33,34,2005,0,0,0,0,0
2020-07-08,US,Kansas,Clay,9,2,0,39.34948772,-97.16518128,20027.0,112.47188202949265,22.222222222222218,7,9,2,0,7,9,7997,0,0,0,0,0
2020-07-08,US,Kansas,Cloud,25,0,0,39.48028352,-97.64925343,20029.0,284.5435920783064,0.0,25,24,0,0,24,24,8729,1,0,0,1,0
2020-07-08,US,Kansas,Coffey,53,8,0,38.2365018,-95.73379515,20031.0,648.0009781146838,15.094339622641508,45,53,8,0,45,53,8233,0,0,0,0,0
2020-07-08,US,Kansas,Comanche,3,0,0,37.19114520000001,-99.27113247,20033.0,176.47058823529412,0.0,3,3,0,0,3,3,1748,0,0,0,0,0
2020-07-08,US,Kansas,Cowley,79,1,0,37.23781842,-96.83776647,20035.0,226.30915549444248,1.2658227848101269,78,76,1,0,75,76,35218,3,0,0,3,0
2020-07-08,US,Kansas,Crawford,291,1,0,37.50675523,-94.85245778,20037.0,749.6522231954248,0.3436426116838488,290,275,1,0,274,275,39019,16,0,0,16,0
2020-07-08,US,Kansas,Dickinson,18,1,0,38.86600962,-97.15532383,20041.0,97.47644319289505,5.5555555555555545,17,14,1,0,13,10,18717,4,0,0,4,4
2020-07-08,US,Kansas,Doniphan,26,0,0,39.79067154,-95.14056866,20043.0,342.10526315789474,0.0,26,26,0,0,26,26,7682,0,0,0,0,0
2020-07-08,US,Kansas,Douglas,377,0,0,38.88503636,-95.2925121,20045.0,308.36175659869616,0.0,377,354,0,0,354,354,121436,23,0,0,23,0
2020-07-08,US,Kansas,Edwards,7,0,0,37.88735543,-99.31263309,20047.0,250.17869907076482,0.0,7,7,0,0,7,7,2849,0,0,0,0,0
2020-07-08,US,Kansas,Elk,1,0,0,37.45338105,-96.24369667,20049.0,39.52569169960474,0.0,1,1,0,0,1,1,2508,0,0,0,0,0
2020-07-08,US,Kansas,Ellis,33,0,0,38.91458712,-99.31751551,20051.0,115.57454558190031,0.0,33,28,0,0,28,28,28710,5,0,0,5,0
2020-07-08,US,Kansas,Ellsworth,11,0,0,38.69677695,-98.20462799,20053.0,180.26876433956082,0.0,11,11,0,0,11,10,6196,0,0,0,0,1
2020-07-08,US,Kansas,Finney,1586,10,0,38.04340344,-100.73819379999999,20055.0,4349.137576438972,0.6305170239596469,1576,1584,10,0,1574,1584,36611,2,0,0,2,0
2020-07-08,US,Kansas,Ford,1960,8,0,37.69200114,-99.88825298,20057.0,5830.036586454088,0.4081632653061225,1952,1955,8,0,1947,1955,33888,5,0,0,5,0
2020-07-08,US,Kansas,Franklin,80,1,0,38.56443815,-95.28644341,20059.0,313.18509238960223,1.25,79,79,1,0,78,79,25631,1,0,0,1,0
2020-07-08,US,Kansas,Geary,73,1,0,38.99871131,-96.7577178,20061.0,230.5020524155352,1.3698630136986298,72,72,1,0,71,72,32594,1,0,0,1,0
2020-07-08,US,Kansas,Gove,2,0,0,38.91588178,-100.4829321,20063.0,75.87253414264036,0.0,2,2,0,0,2,2,2612,0,0,0,0,0
2020-07-08,US,Kansas,Graham,3,0,0,39.34987223,-99.88332493,20065.0,120.87026591458502,0.0,3,2,0,0,2,2,2492,1,0,0,1,0
2020-07-08,US,Kansas,Grant,55,1,0,37.56227336,-101.3079758,20067.0,769.2307692307692,1.818181818181818,54,55,1,0,54,53,7336,0,0,0,0,2
2020-07-08,US,Kansas,Gray,34,0,0,37.73836671,-100.4369088,20069.0,567.8022712090849,0.0,34,32,0,0,32,32,6033,2,0,0,2,0
2020-07-08,US,Kansas,Greenwood,11,0,0,37.8774388,-96.23250453,20073.0,183.884988298228,0.0,11,11,0,0,11,11,6055,0,0,0,0,0
2020-07-08,US,Kansas,Hamilton,32,0,0,37.99978709,-101.7921066,20075.0,1260.338716029933,0.0,32,32,0,0,32,32,2607,0,0,0,0,0
2020-07-08,US,Kansas,Harper,2,0,0,37.19175361,-98.07578384,20077.0,36.79175864606328,0.0,2,2,0,0,2,2,5506,0,0,0,0,0
2020-07-08,US,Kansas,Harvey,53,0,0,38.04293782,-97.42747573,20079.0,153.93999244822675,0.0,53,50,0,0,50,50,34210,3,0,0,3,0
2020-07-08,US,Kansas,Haskell,30,0,0,37.562039399999996,-100.8710738,20081.0,756.0483870967741,0.0,30,30,0,0,30,30,3997,0,0,0,0,0
2020-07-08,US,Kansas,Hodgeman,9,0,0,38.08780079,-99.89829881,20083.0,501.6722408026756,0.0,9,9,0,0,9,9,1818,0,0,0,0,0
2020-07-08,US,Kansas,Jackson,117,1,0,39.41673394,-95.79356799,20085.0,888.3152380229292,0.8547008547008547,116,113,1,0,112,113,13280,4,0,0,4,0
2020-07-08,US,Kansas,Jefferson,34,0,0,39.2347941,-95.38289232,20087.0,178.54329674946175,0.0,34,34,0,0,34,27,18975,0,0,0,0,7
2020-07-08,US,Kansas,Jewell,4,0,0,39.78470589,-98.21820662,20089.0,138.9371309482459,0.0,4,4,0,0,4,4,2841,0,0,0,0,0
2020-07-08,US,Kansas,Johnson,2491,91,0,38.88548175,-94.82250877,20091.0,413.51192976107285,3.653151344841429,2400,2356,91,0,2265,2277,597555,135,0,0,135,79
2020-07-08,US,Kansas,Kearny,48,1,0,38.00017981,-101.32168100000001,20093.0,1250.6513809275666,2.083333333333333,47,48,1,0,47,48,3943,0,0,0,0,0
2020-07-08,US,Kansas,Kingman,1,0,0,37.55909527,-98.13638678,20095.0,13.982102908277405,0.0,1,1,0,0,1,1,7310,0,0,0,0,0
2020-07-08,US,Kansas,Kiowa,3,0,0,37.55848695,-99.2856537,20097.0,121.21212121212122,0.0,3,3,0,0,3,3,2516,0,0,0,0,0
2020-07-08,US,Kansas,Labette,65,0,0,37.19113093,-95.29849679,20099.0,331.32837190335414,0.0,65,63,0,0,63,66,19964,2,0,0,2,-3
2020-07-08,US,Kansas,Lane,5,0,0,38.48119447,-100.46607540000001,20101.0,325.73289902280135,0.0,5,5,0,0,5,5,1560,0,0,0,0,0
2020-07-08,US,Kansas,Leavenworth,1196,7,0,39.20183497,-95.03620809,20103.0,1462.8537880085128,0.5852842809364549,1189,1192,7,0,1185,1192,81352,4,0,0,4,0
2020-07-08,US,Kansas,Lincoln,1,0,0,39.04549684,-98.20756994,20105.0,33.7609723160027,0.0,1,1,0,0,1,1,3023,0,0,0,0,0
2020-07-08,US,Kansas,Linn,15,0,0,38.21267844,-94.84254089,20107.0,154.59136349582604,0.0,15,16,0,0,16,16,9750,-1,0,0,-1,0
2020-07-08,US,Kansas,Logan,1,0,0,38.91735806,-101.148475,20109.0,35.79098067287043,0.0,1,1,0,0,1,1,2844,0,0,0,0,0
2020-07-08,US,Kansas,Lyon,511,7,0,38.45576156,-96.15275715,20111.0,1539.3884621177888,1.3698630136986298,504,501,7,0,494,510,33406,10,0,0,10,-9
2020-07-08,US,Kansas,Marion,13,1,0,38.35855394,-97.09852509999999,20115.0,109.39077751598788,7.6923076923076925,12,11,1,0,10,11,11950,2,0,0,2,0
2020-07-08,US,Kansas,Marshall,2,0,0,39.78359669,-96.52278974,20117.0,20.603688060162767,0.0,2,2,0,0,2,2,9722,0,0,0,0,0
2020-07-08,US,Kansas,McPherson,81,0,0,38.39184858,-97.64769869,20113.0,283.7923060752575,0.0,81,79,0,0,79,79,28537,2,0,0,2,0
2020-07-08,US,Kansas,Meade,30,0,0,37.23859987,-100.36483100000001,20119.0,743.86312918423,0.0,30,30,0,0,30,30,4146,0,0,0,0,0
2020-07-08,US,Kansas,Miami,48,0,0,38.56383358,-94.83832189,20121.0,140.1991996962351,0.0,48,42,0,0,42,42,33680,6,0,0,6,0
2020-07-08,US,Kansas,Mitchell,5,0,0,39.39331582,-98.20906732,20123.0,83.62602441879912,0.0,5,4,0,0,4,4,6150,1,0,0,1,0
2020-07-08,US,Kansas,Montgomery,59,3,0,37.19236568,-95.74329258,20125.0,185.36554714254297,5.084745762711863,56,56,3,0,53,54,32120,3,0,0,3,2
2020-07-08,US,Kansas,Morris,5,0,0,38.68827511,-96.65128437,20127.0,88.96797153024912,0.0,5,5,0,0,5,5,5521,0,0,0,0,0
2020-07-08,US,Kansas,Morton,7,2,0,37.19141121,-101.79925190000002,20129.0,270.5836876691148,28.57142857142857,5,7,2,0,5,7,2667,0,0,0,0,0
2020-07-08,US,Kansas,Nemaha,29,0,0,39.78345387,-96.01392079,20131.0,283.45225295670025,0.0,29,29,0,0,29,29,10155,0,0,0,0,0
2020-07-08,US,Kansas,Neosho,35,0,0,37.55862897,-95.30670046,20133.0,218.65433872680703,0.0,35,35,0,0,35,35,15951,0,0,0,0,0
2020-07-08,US,Kansas,Ness,4,0,0,38.47974157,-99.91547333,20135.0,145.45454545454547,0.0,4,4,0,0,4,4,2840,0,0,0,0,0
2020-07-08,US,Kansas,Norton,12,0,0,39.78443827,-99.90286639,20137.0,223.8388360380526,0.0,12,12,0,0,12,10,5430,0,0,0,0,2
2020-07-08,US,Kansas,Osage,22,0,0,38.65235984,-95.72707998,20139.0,137.93968273872972,0.0,22,19,0,0,19,18,15941,3,0,0,3,1
2020-07-08,US,Kansas,Osborne,3,0,0,39.3503437,-98.76753828,20141.0,87.69365682548961,0.0,3,3,0,0,3,3,3475,0,0,0,0,0
2020-07-08,US,Kansas,Ottawa,12,0,0,39.13237408,-97.65020313,20143.0,210.37868162692848,0.0,12,10,0,0,10,10,5802,2,0,0,2,0
2020-07-08,US,Kansas,Pawnee,4,0,0,38.18108732,-99.23692334,20145.0,62.363579669473026,0.0,4,3,0,0,3,3,6562,1,0,0,1,0
2020-07-08,US,Kansas,Phillips,27,2,0,39.78465501,-99.34668865,20147.0,515.8578525028659,7.407407407407407,25,27,2,0,25,27,5317,0,0,0,0,0
2020-07-08,US,Kansas,Pottawatomie,78,0,0,39.37925655,-96.34564657,20149.0,319.8950088176188,0.0,78,78,0,0,78,78,24277,0,0,0,0,0
2020-07-08,US,Kansas,Pratt,12,0,0,37.64780729,-98.73922153,20151.0,130.9471846355303,0.0,12,11,0,0,11,11,9378,1,0,0,1,0
2020-07-08,US,Kansas,Reno,95,0,0,37.95230263,-98.08607292,20155.0,153.23074937901222,0.0,95,89,0,0,89,89,62342,6,0,0,6,0
2020-07-08,US,Kansas,Republic,15,0,0,39.82799632,-97.65036709,20157.0,323.5547886108715,0.0,15,15,0,0,15,15,4664,0,0,0,0,0
2020-07-08,US,Kansas,Rice,4,0,0,38.34616184,-98.19992118,20159.0,41.94191045402118,0.0,4,4,0,0,4,4,9531,0,0,0,0,0
2020-07-08,US,Kansas,Riley,325,3,0,39.28935726,-96.73420026,20161.0,437.81657506196785,0.9230769230769232,322,317,3,0,314,309,73703,8,0,0,8,8
2020-07-08,US,Kansas,Rooks,9,0,0,39.35022773,-99.32484567,20163.0,182.9268292682927,0.0,9,9,0,0,9,7,5013,0,0,0,0,2
2020-07-08,US,Kansas,Rush,2,0,0,38.52275276,-99.30863983,20165.0,65.87615283267458,0.0,2,1,0,0,1,1,3093,1,0,0,1,0
2020-07-08,US,Kansas,Russell,2,0,0,38.91462787,-98.76254297,20167.0,29.171528588098017,0.0,2,2,0,0,2,2,6907,0,0,0,0,0
2020-07-08,US,Kansas,Saline,185,2,0,38.78369175,-97.65185177,20169.0,341.17733844791974,1.0810810810810811,183,168,2,0,166,168,54401,17,0,0,17,0
2020-07-08,US,Kansas,Scott,16,0,0,38.48222076,-100.90665390000001,20171.0,331.7437279701432,0.0,16,16,0,0,16,16,4897,0,0,0,0,0
2020-07-08,US,Kansas,Sedgwick,1703,28,0,37.6842718,-97.4608198,20173.0,330.0118982563435,1.644157369348209,1675,1652,28,0,1624,1597,513607,51,0,0,51,55
2020-07-08,US,Kansas,Seward,1048,2,0,37.19324632,-100.85072009999999,20175.0,4890.797087922345,0.19083969465648856,1046,1045,2,0,1043,1033,21780,3,0,0,3,12
2020-07-08,US,Kansas,Shawnee,890,13,0,39.04100763,-95.75572640000001,20177.0,503.18021201413427,1.4606741573033708,877,844,13,0,831,819,177499,46,0,0,46,25
2020-07-08,US,Kansas,Sheridan,5,0,0,39.35018161,-100.44182590000001,20179.0,198.33399444664815,0.0,5,5,0,0,5,5,2533,0,0,0,0,0
2020-07-08,US,Kansas,Sherman,7,0,0,39.35147699,-101.71976240000001,20181.0,118.30319418624303,0.0,7,7,0,0,7,7,5899,0,0,0,0,0
2020-07-08,US,Kansas,Smith,3,0,0,39.78516566,-98.78566062,20183.0,83.72871895060004,0.0,3,3,0,0,3,3,3603,0,0,0,0,0
2020-07-08,US,Kansas,Stafford,1,0,0,38.03100851,-98.71762001,20185.0,24.06159769008662,0.0,1,1,0,0,1,1,4178,0,0,0,0,0
2020-07-08,US,Kansas,Stanton,12,0,0,37.56304714,-101.78435340000001,20187.0,598.2053838484546,0.0,12,12,0,0,12,12,1987,0,0,0,0,0
2020-07-08,US,Kansas,Stevens,33,0,0,37.1923008,-101.3118967,20189.0,601.640838650866,0.0,33,32,0,0,32,32,5559,1,0,0,1,0
2020-07-08,US,Kansas,Sumner,17,1,0,37.23682549,-97.47721621,20191.0,74.44386057102821,5.882352941176472,16,16,1,0,15,16,22996,1,0,0,1,0
2020-07-08,US,Kansas,Thomas,17,0,0,39.35107575,-101.0553705,20193.0,218.59328790021854,0.0,17,17,0,0,17,17,7711,0,0,0,0,0
2020-07-08,US,Kansas,Trego,2,0,0,38.91467218,-99.87284448,20195.0,71.35212272565109,0.0,2,1,0,0,1,1,2793,1,0,0,1,0
2020-07-08,US,Kansas,Unassigned,0,1,0,0.0,0.0,90020.0,0.0,0.0,-1,0,1,0,-1,0,,0,0,0,0,0
2020-07-08,US,Kansas,Wabaunsee,37,0,0,38.95471985,-96.20350509,20197.0,533.8335016592123,0.0,37,36,0,0,36,36,6899,1,0,0,1,0
2020-07-08,US,Kansas,Washington,1,0,0,39.78420784,-97.08753229999999,20201.0,18.49796522382538,0.0,1,1,0,0,1,1,5420,0,0,0,0,0
2020-07-08,US,Kansas,Wilson,4,0,0,37.55937174,-95.74323255,20205.0,46.920821114369495,0.0,4,4,0,0,4,4,8665,0,0,0,0,0
2020-07-08,US,Kansas,Woodson,12,0,0,37.8865336,-95.74006277,20207.0,382.4091778202677,0.0,12,12,0,0,12,12,3183,0,0,0,0,0
2020-07-08,US,Kansas,Wyandotte,2700,85,0,39.11727348,-94.76378225,20209.0,1632.1201240411294,3.1481481481481484,2615,2635,85,0,2550,2602,165324,65,0,0,65,33
2020-07-08,US,Kentucky,Adair,131,19,0,37.10459774,-85.28129668,21001.0,682.2206020206229,14.50381679389313,112,130,19,0,111,129,19215,1,0,0,1,1
2020-07-08,US,Kentucky,Allen,181,7,0,36.75197631,-86.19457544,21003.0,849.1672531081398,3.867403314917127,174,180,7,0,173,176,21122,1,0,0,1,4
2020-07-08,US,Kentucky,Anderson,30,1,0,38.00671029,-84.99171713,21005.0,131.88552336571857,3.333333333333333,29,29,1,0,28,29,22663,1,0,0,1,0
2020-07-08,US,Kentucky,Ballard,15,0,0,37.05842757,-88.99427697,21007.0,190.16227180527386,0.0,15,15,0,0,15,16,7979,0,0,0,0,-1
2020-07-08,US,Kentucky,Barren,104,2,0,36.96469836,-85.93338945,21009.0,235.03356008045373,1.9230769230769231,102,98,2,0,96,97,44176,6,0,0,6,1
2020-07-08,US,Kentucky,Bath,18,1,0,38.14735938,-83.74588932,21011.0,144.0,5.5555555555555545,17,18,1,0,17,18,12383,0,0,0,0,0
2020-07-08,US,Kentucky,Bell,57,0,0,36.73355174,-83.67766671,21013.0,218.961278426552,0.0,57,43,0,0,43,21,26569,14,0,0,14,22
2020-07-08,US,Kentucky,Boone,672,23,0,38.97065142,-84.72615357,21015.0,503.0655557302311,3.4226190476190474,649,660,23,0,637,646,131533,12,0,0,12,14
2020-07-08,US,Kentucky,Bourbon,36,1,0,38.2054607,-84.21827874,21017.0,181.92844147968464,2.7777777777777777,35,35,1,0,34,35,20184,1,0,0,1,0
2020-07-08,US,Kentucky,Boyd,71,3,0,38.36176608,-82.68652187,21019.0,151.9756838905775,4.225352112676056,68,71,3,0,68,69,47240,0,0,0,0,2
2020-07-08,US,Kentucky,Boyle,43,0,0,37.62680923,-84.8633779,21021.0,143.0472388556221,0.0,43,43,0,0,43,43,30100,0,0,0,0,0
2020-07-08,US,Kentucky,Bracken,17,0,0,38.69158994,-84.08532444,21023.0,204.74527279296643,0.0,17,17,0,0,17,17,8239,0,0,0,0,0
2020-07-08,US,Kentucky,Breathitt,12,0,0,37.52333168,-83.31959161,21025.0,95.01187648456056,0.0,12,12,0,0,12,10,12726,0,0,0,0,2
2020-07-08,US,Kentucky,Breckinridge,28,2,0,37.77377239,-86.42885017,21027.0,136.73878009474043,7.142857142857142,26,28,2,0,26,28,20388,0,0,0,0,0
2020-07-08,US,Kentucky,Bullitt,166,4,0,37.97162523,-85.68955617,21029.0,203.24207845633967,2.409638554216868,162,165,4,0,161,159,81069,1,0,0,1,6
2020-07-08,US,Kentucky,Butler,262,14,0,37.20946153,-86.68748787,21031.0,2034.3194347387216,5.343511450381679,248,260,14,0,246,258,12772,2,0,0,2,2
2020-07-08,US,Kentucky,Caldwell,21,0,0,37.14749129,-87.86948214,21033.0,164.74464579901152,0.0,21,17,0,0,17,17,12715,4,0,0,4,0
2020-07-08,US,Kentucky,Calloway,98,1,0,36.62093411,-88.2731593,21035.0,251.27560831773545,1.020408163265306,97,94,1,0,93,93,39135,4,0,0,4,1
2020-07-08,US,Kentucky,Campbell,303,13,0,38.94384345,-84.37875208,21037.0,323.77329458027015,4.29042904290429,290,299,13,0,286,293,93152,4,0,0,4,6
2020-07-08,US,Kentucky,Carlisle,7,1,0,36.85372876,-88.96692220000001,21039.0,147.05882352941177,14.285714285714285,6,7,1,0,6,7,4771,0,0,0,0,0
2020-07-08,US,Kentucky,Carroll,63,1,0,38.66599534,-85.12601074,21041.0,592.6065280782617,1.5873015873015872,62,63,1,0,62,61,10737,0,0,0,0,2
2020-07-08,US,Kentucky,Carter,32,0,0,38.31690743,-83.05092385,21043.0,119.41635257678098,0.0,32,32,0,0,32,31,27004,0,0,0,0,1
2020-07-08,US,Kentucky,Casey,33,1,0,37.32533118,-84.92726209,21045.0,204.22055820285908,3.0303030303030303,32,29,0,0,29,26,15888,4,1,0,3,3
2020-07-08,US,Kentucky,Christian,243,4,0,36.89267803,-87.49055367,21047.0,344.87163111508494,1.6460905349794241,239,240,4,0,236,223,71671,3,0,0,3,17
2020-07-08,US,Kentucky,Clark,104,5,0,37.9689263,-84.14615986,21049.0,286.7937015690925,4.807692307692308,99,103,5,0,98,102,36249,1,0,0,1,1
2020-07-08,US,Kentucky,Clay,79,3,0,37.16451126,-83.712575,21051.0,396.96497663433996,3.79746835443038,76,76,3,0,73,72,20105,3,0,0,3,4
2020-07-08,US,Kentucky,Clinton,6,0,0,36.72581156,-85.13377529,21053.0,58.71990604815032,0.0,6,6,0,0,6,6,10206,0,0,0,0,0
2020-07-08,US,Kentucky,Crittenden,10,1,0,37.35839237,-88.08826090000002,21055.0,113.55893708834887,10.0,9,9,1,0,8,9,8915,1,0,0,1,0
2020-07-08,US,Kentucky,Cumberland,6,0,0,36.78926125,-85.39050034,21057.0,90.71666162685213,0.0,6,6,0,0,6,6,6659,0,0,0,0,0
2020-07-08,US,Kentucky,Daviess,469,8,0,37.73028906,-87.09019479999998,21059.0,462.0188945040439,1.7057569296375266,461,467,8,0,459,458,101104,2,0,0,2,9
2020-07-08,US,Kentucky,Edmonson,75,11,0,37.21218923,-86.23955613,21061.0,617.2839506172841,14.666666666666664,64,74,11,0,63,74,12274,1,0,0,1,0
2020-07-08,US,Kentucky,Elliott,3,0,0,38.11624059,-83.09771563,21063.0,39.90953837967274,0.0,3,3,0,0,3,3,7508,0,0,0,0,0
2020-07-08,US,Kentucky,Estill,5,0,0,37.69241417,-83.95956369,21065.0,35.44590954203885,0.0,5,4,0,0,4,4,14198,1,0,0,1,0
2020-07-08,US,Kentucky,Fayette,1696,30,0,38.0368225,-84.45576892,21067.0,524.8304203594594,1.768867924528302,1666,1647,30,0,1617,1588,323780,49,0,0,49,59
2020-07-08,US,Kentucky,Fleming,25,0,0,38.36758311,-83.69657514,21069.0,171.45600438927372,0.0,25,25,0,0,25,25,14432,0,0,0,0,0
2020-07-08,US,Kentucky,Floyd,38,0,0,37.56213922,-82.74750924,21071.0,106.77456517463258,0.0,38,37,0,0,37,35,35845,1,0,0,1,2
2020-07-08,US,Kentucky,Franklin,153,4,0,38.2379395,-84.87962551,21073.0,300.0529505206801,2.6143790849673203,149,149,4,0,145,146,50815,4,0,0,4,3
2020-07-08,US,Kentucky,Fulton,24,1,0,36.55238827,-89.20140068,21075.0,402.0773998994807,4.166666666666667,23,24,0,0,24,24,6120,0,1,0,-1,0
2020-07-08,US,Kentucky,Gallatin,66,8,0,38.75398691,-84.8558382,21077.0,744.1650693426543,12.12121212121212,58,65,8,0,57,65,8832,1,0,0,1,0
2020-07-08,US,Kentucky,Garrard,32,0,0,37.638866799999995,-84.53289319,21079.0,181.1389109022982,0.0,32,29,0,0,29,28,17560,3,0,0,3,1
2020-07-08,US,Kentucky,Grant,61,4,0,38.64962758,-84.62415957,21081.0,243.32841357852328,6.557377049180328,57,60,4,0,56,60,25121,1,0,0,1,0
2020-07-08,US,Kentucky,Graves,246,21,0,36.72292505,-88.65143315,21083.0,660.1191434551603,8.536585365853659,225,233,21,0,212,231,37317,13,0,0,13,2
2020-07-08,US,Kentucky,Grayson,140,11,0,37.46231118,-86.34248968,21085.0,529.7612290460514,7.857142857142858,129,140,11,0,129,140,26321,0,0,0,0,0
2020-07-08,US,Kentucky,Green,8,1,0,37.26484328,-85.5540745,21087.0,73.11945891600402,12.5,7,8,1,0,7,5,11049,0,0,0,0,3
2020-07-08,US,Kentucky,Greenup,40,0,0,38.54332505,-82.9215658,21089.0,113.96660778391932,0.0,40,40,0,0,40,36,35268,0,0,0,0,4
2020-07-08,US,Kentucky,Hancock,22,0,0,37.83766422,-86.78280584,21091.0,252.23572575097455,0.0,22,19,0,0,19,19,8758,3,0,0,3,0
2020-07-08,US,Kentucky,Hardin,223,6,0,37.6976111,-85.96319251,21093.0,200.9769462319076,2.690582959641256,217,214,6,0,208,202,110356,9,0,0,9,12
2020-07-08,US,Kentucky,Harlan,33,2,0,36.85699301,-83.21899516,21095.0,126.87427912341408,6.0606060606060606,31,32,2,0,30,31,26409,1,0,0,1,1
2020-07-08,US,Kentucky,Harrison,81,0,0,38.44188174,-84.32869741,21097.0,428.8891242189982,0.0,81,79,0,0,79,79,18778,2,0,0,2,0
2020-07-08,US,Kentucky,Hart,46,0,0,37.29943898,-85.88461055,21099.0,241.6600998161282,0.0,46,46,0,0,46,46,18906,0,0,0,0,0
2020-07-08,US,Kentucky,Henderson,173,3,0,37.79344553,-87.57392021,21101.0,382.65870382658704,1.7341040462427746,170,169,3,0,166,166,45591,4,0,0,4,3
2020-07-08,US,Kentucky,Henry,40,2,0,38.44942688,-85.11587507,21103.0,248.0466327669602,5.0,38,39,2,0,37,38,16106,1,0,0,1,1
2020-07-08,US,Kentucky,Hickman,7,0,0,36.67948079999999,-88.97875928,21105.0,159.8173515981735,0.0,7,7,0,0,7,7,4421,0,0,0,0,0
2020-07-08,US,Kentucky,Hopkins,284,33,0,37.30939025,-87.54670406,21107.0,635.545808530636,11.619718309859154,251,278,33,0,245,271,45068,6,0,0,6,7
2020-07-08,US,Kentucky,Jackson,115,14,0,37.41866422,-83.99825483,21109.0,862.7804036311801,12.173913043478262,101,115,14,0,101,115,13442,0,0,0,0,0
2020-07-08,US,Kentucky,Jefferson,4312,204,0,38.18664655,-85.65931031,21111.0,562.3685209264473,4.7309833024118735,4108,4233,201,0,4032,4173,770517,79,3,0,76,60
2020-07-08,US,Kentucky,Jessamine,121,0,0,37.87119786,-84.58252003,21113.0,223.59789337521943,0.0,121,118,0,0,118,116,53920,3,0,0,3,2
2020-07-08,US,Kentucky,Johnson,10,0,0,37.85106355,-82.8264322,21115.0,45.06940688660537,0.0,10,10,0,0,10,10,22386,0,0,0,0,0
2020-07-08,US,Kentucky,Kenton,852,37,0,38.93950319,-84.53241199,21117.0,510.1857507275536,4.342723004694836,815,844,37,0,807,833,166051,8,0,0,8,11
2020-07-08,US,Kentucky,Knott,14,0,0,37.35388197,-82.94981134,21119.0,94.55626097528031,0.0,14,12,0,0,12,11,15126,2,0,0,2,1
2020-07-08,US,Kentucky,Knox,88,4,0,36.89225732,-83.85403396,21121.0,282.54936586932087,4.545454545454546,84,81,4,0,77,80,31304,7,0,0,7,1
2020-07-08,US,Kentucky,Larue,17,1,0,37.54567114,-85.70138352,21123.0,118.07195443811639,5.882352941176472,16,17,1,0,16,16,14307,0,0,0,0,1
2020-07-08,US,Kentucky,Laurel,158,3,0,37.10975748,-84.11321779,21125.0,259.8128689589397,1.8987341772151896,155,143,3,0,140,133,60669,15,0,0,15,10
2020-07-08,US,Kentucky,Lawrence,11,0,0,38.07136018,-82.72882223,21127.0,71.81562969249853,0.0,11,11,0,0,11,10,15571,0,0,0,0,1
2020-07-08,US,Kentucky,Lee,1,0,0,37.59645942,-83.71513901,21129.0,13.508037282182901,0.0,1,1,0,0,1,1,7033,0,0,0,0,0
2020-07-08,US,Kentucky,Leslie,11,0,0,37.09246661,-83.37999606,21131.0,111.36984914447709,0.0,11,10,0,0,10,10,10143,1,0,0,1,0
2020-07-08,US,Kentucky,Letcher,18,0,0,37.12306748,-82.85346474,21133.0,83.5150559086902,0.0,18,17,0,0,17,15,21899,1,0,0,1,2
2020-07-08,US,Kentucky,Lewis,22,0,0,38.53184419,-83.37735618,21135.0,165.72504708097932,0.0,22,22,0,0,22,22,13257,0,0,0,0,0
2020-07-08,US,Kentucky,Lincoln,42,1,0,37.45475628,-84.6565327,21137.0,171.0863986313088,2.380952380952381,41,39,1,0,38,36,24644,3,0,0,3,3
2020-07-08,US,Kentucky,Livingston,13,0,0,37.21137452,-88.34797529,21139.0,141.3965629758538,0.0,13,11,0,0,11,10,9242,2,0,0,2,1
2020-07-08,US,Kentucky,Logan,241,13,0,36.85949479,-86.877635,21141.0,889.2332669175706,5.394190871369295,228,238,13,0,225,233,26989,3,0,0,3,5
2020-07-08,US,Kentucky,Lyon,21,3,0,37.02080035,-88.07886257,21143.0,255.78562728380024,14.285714285714285,18,21,3,0,18,21,8009,0,0,0,0,0
2020-07-08,US,Kentucky,Madison,160,1,0,37.71659336,-84.27220275,21151.0,172.067063137858,0.625,159,152,1,0,151,143,92368,8,0,0,8,9
2020-07-08,US,Kentucky,Magoffin,7,0,0,37.70820545,-83.0657714,21153.0,57.561055834224156,0.0,7,7,0,0,7,6,12362,0,0,0,0,1
2020-07-08,US,Kentucky,Marion,58,0,0,37.55218078,-85.26898542,21155.0,300.9391376537125,0.0,58,57,0,0,57,55,19404,1,0,0,1,2
2020-07-08,US,Kentucky,Marshall,66,2,0,36.88007070000001,-88.32803576,21157.0,212.2186495176849,3.0303030303030303,64,65,2,0,63,65,31191,1,0,0,1,0
2020-07-08,US,Kentucky,Martin,10,0,0,37.79990579,-82.51247478,21159.0,89.32559178204555,0.0,10,9,0,0,9,9,11323,1,0,0,1,0
2020-07-08,US,Kentucky,Mason,39,1,0,38.59471935,-83.82151043,21161.0,228.47100175746925,2.5641025641025643,38,39,1,0,38,36,17150,0,0,0,0,3
2020-07-08,US,Kentucky,McCracken,181,3,0,37.05350953,-88.70445755,21145.0,276.68225870555506,1.6574585635359116,178,181,3,0,178,178,65346,0,0,0,0,3
2020-07-08,US,Kentucky,McCreary,18,0,0,36.73874143,-84.48102924,21147.0,104.46288665776798,0.0,18,18,0,0,18,18,17408,0,0,0,0,0
2020-07-08,US,Kentucky,McLean,27,1,0,37.5301951,-87.26803443,21149.0,293.2551319648094,3.703703703703704,26,26,1,0,25,26,9252,1,0,0,1,0
2020-07-08,US,Kentucky,Meade,30,2,0,37.96163597,-86.21028219,21163.0,104.99790004199915,6.666666666666668,28,30,2,0,28,29,28715,0,0,0,0,1
2020-07-08,US,Kentucky,Menifee,13,0,0,37.94090733,-83.59985712,21165.0,200.3390352904916,0.0,13,13,0,0,13,13,6451,0,0,0,0,0
2020-07-08,US,Kentucky,Mercer,26,0,0,37.81474237,-84.87488475,21167.0,118.54283499749235,0.0,26,25,0,0,25,25,21774,1,0,0,1,0
2020-07-08,US,Kentucky,Metcalfe,14,2,0,36.99459295,-85.63123699,21169.0,139.01300764571542,14.285714285714285,12,13,2,0,11,13,10030,1,0,0,1,0
2020-07-08,US,Kentucky,Monroe,42,2,0,36.71225341,-85.71596443,21171.0,394.3661971830985,4.761904761904762,40,42,2,0,40,42,10718,0,0,0,0,0
2020-07-08,US,Kentucky,Montgomery,61,0,0,38.03253032,-83.9145241,21173.0,216.64239798273965,0.0,61,61,0,0,61,58,28203,0,0,0,0,3
2020-07-08,US,Kentucky,Morgan,11,0,0,37.92465657,-83.25558245,21175.0,82.65083777894658,0.0,11,11,0,0,11,10,13345,0,0,0,0,1
2020-07-08,US,Kentucky,Muhlenberg,528,8,0,37.21425819,-87.14632053,21177.0,1724.2505388282934,1.5151515151515151,520,520,8,0,512,520,30774,8,0,0,8,0
2020-07-08,US,Kentucky,Nelson,97,2,0,37.80335779,-85.4657193,21179.0,209.8068479224796,2.061855670103093,95,93,2,0,91,90,45851,4,0,0,4,3
2020-07-08,US,Kentucky,Nicholas,11,0,0,38.33342292,-84.01889177,21181.0,151.32755537212822,0.0,11,9,0,0,9,9,7166,2,0,0,2,0
2020-07-08,US,Kentucky,Ohio,204,0,0,37.47751843,-86.85368087,21183.0,850.2125531382843,0.0,204,201,0,0,201,200,24087,3,0,0,3,1
2020-07-08,US,Kentucky,Oldham,153,7,0,38.39791089,-85.448222,21185.0,229.0453449901944,4.575163398692809,146,149,7,0,142,144,66470,4,0,0,4,5
2020-07-08,US,Kentucky,Owen,10,0,0,38.51679143,-84.82404619,21187.0,91.73470323823506,0.0,10,9,0,0,9,8,10880,1,0,0,1,1
2020-07-08,US,Kentucky,Owsley,3,0,0,37.42823949,-83.68811419,21189.0,67.95016987542469,0.0,3,3,0,0,3,3,4472,0,0,0,0,0
2020-07-08,US,Kentucky,Pendleton,21,0,0,38.69607718,-84.35599463,21191.0,143.9342015078821,0.0,21,21,0,0,21,20,14529,0,0,0,0,1
2020-07-08,US,Kentucky,Perry,73,2,0,37.25023553,-83.22922731,21193.0,283.40709682428763,2.7397260273972597,71,69,1,0,68,68,26092,4,1,0,3,1
2020-07-08,US,Kentucky,Pike,113,2,0,37.47088263,-82.39487445,21195.0,195.2450065657613,1.7699115044247788,111,107,2,0,105,104,58402,6,0,0,6,3
2020-07-08,US,Kentucky,Powell,8,0,0,37.83218794,-83.82553961,21197.0,64.73015616150174,0.0,8,8,0,0,8,8,12442,0,0,0,0,0
2020-07-08,US,Kentucky,Pulaski,117,2,0,37.10466131,-84.57629079,21199.0,180.05817264039158,1.709401709401709,115,106,2,0,104,106,64623,11,0,0,11,0
2020-07-08,US,Kentucky,Robertson,1,0,0,38.51923469,-84.05055616,21201.0,47.43833017077799,0.0,1,1,0,0,1,1,2135,0,0,0,0,0
2020-07-08,US,Kentucky,Rockcastle,30,0,0,37.36642393,-84.31176452,21203.0,179.69451931716083,0.0,30,27,0,0,27,27,16750,3,0,0,3,0
2020-07-08,US,Kentucky,Rowan,24,0,0,38.19484205,-83.42088935,21205.0,98.11937857726902,0.0,24,23,0,0,23,23,24583,1,0,0,1,0
2020-07-08,US,Kentucky,Russell,58,4,0,36.99308373,-85.06070117,21207.0,323.6065390838587,6.896551724137932,54,56,4,0,52,53,17821,2,0,0,2,3
2020-07-08,US,Kentucky,Scott,112,0,0,38.29622293,-84.5816631,21209.0,196.47744017963646,0.0,112,107,0,0,107,101,56031,5,0,0,5,6
2020-07-08,US,Kentucky,Shelby,537,17,0,38.21476019,-85.194223,21211.0,1095.3818537859008,3.165735567970205,520,528,17,0,511,524,48518,9,0,0,9,4
2020-07-08,US,Kentucky,Simpson,80,3,0,36.74058474,-86.58047435,21213.0,430.75597673917724,3.75,77,80,3,0,77,79,18529,0,0,0,0,1
2020-07-08,US,Kentucky,Spencer,41,0,0,38.03223971,-85.32749335,21215.0,211.8753552787969,0.0,41,40,0,0,40,40,18794,1,0,0,1,0
2020-07-08,US,Kentucky,Taylor,46,1,0,37.3677562,-85.3329931,21217.0,178.50906127517558,2.1739130434782608,45,45,1,0,44,45,25549,1,0,0,1,0
2020-07-08,US,Kentucky,Todd,26,0,0,36.8381152,-87.17878374,21219.0,211.4852773710753,0.0,26,26,0,0,26,26,12311,0,0,0,0,0
2020-07-08,US,Kentucky,Trigg,26,0,0,36.80767017,-87.87333656,21221.0,177.4622892635315,0.0,26,26,0,0,26,26,14643,0,0,0,0,0
2020-07-08,US,Kentucky,Trimble,7,0,0,38.61056487,-85.33775972,21223.0,82.63487191594854,0.0,7,7,0,0,7,6,8515,0,0,0,0,1
2020-07-08,US,Kentucky,Unassigned,1,0,0,0.0,0.0,90021.0,0.0,0.0,1,,,,,1,,,,,,
2020-07-08,US,Kentucky,Union,30,0,0,37.66166713,-87.94300009,21225.0,208.60858076628887,0.0,30,30,0,0,30,29,14505,0,0,0,0,1
2020-07-08,US,Kentucky,Warren,1672,14,0,36.99903045,-86.42672751,21227.0,1258.1266554298095,0.8373205741626795,1658,1651,14,0,1637,1632,131264,21,0,0,21,19
2020-07-08,US,Kentucky,Washington,28,0,0,37.75599461,-85.17407732,21229.0,231.50062009094668,0.0,28,27,0,0,27,27,12084,1,0,0,1,0
2020-07-08,US,Kentucky,Wayne,19,0,0,36.80310688,-84.8251971,21231.0,93.4441548222102,0.0,19,20,0,0,20,20,20468,-1,0,0,-1,0
2020-07-08,US,Kentucky,Webster,48,0,0,37.52168356,-87.67989953,21233.0,370.8854891052388,0.0,48,45,0,0,45,45,13111,3,0,0,3,0
2020-07-08,US,Kentucky,Whitley,47,0,0,36.75700531,-84.14541217,21235.0,129.60511802338408,0.0,47,41,0,0,41,40,36242,6,0,0,6,1
2020-07-08,US,Kentucky,Wolfe,4,0,0,37.73941626,-83.49303612,21237.0,55.88933910856503,0.0,4,4,0,0,4,4,7177,0,0,0,0,0
2020-07-08,US,Kentucky,Woodford,76,0,0,38.04178222,-84.7417556,21239.0,284.2821874766215,0.0,76,75,0,0,75,74,26533,1,0,0,1,1
2020-07-08,US,Louisiana,Acadia,1094,44,0,30.295064899999996,-92.41419698,22001.0,1763.2363607059397,4.021937842778794,1050,1068,43,0,1025,1042,62190,26,1,0,25,26
2020-07-08,US,Louisiana,Allen,387,11,0,30.65385745,-92.82442028,22003.0,1510.126038943302,2.842377260981912,376,368,11,0,357,354,25605,19,0,0,19,14
2020-07-08,US,Louisiana,Ascension,1441,60,0,30.20406249,-90.91328409999998,22005.0,1138.1946857919181,4.163775156141568,1381,1412,59,0,1353,1358,124672,29,1,0,28,54
2020-07-08,US,Louisiana,Assumption,399,15,0,29.89946234,-91.06461642,22007.0,1822.6668493901605,3.7593984962406015,384,390,15,0,375,383,22300,9,0,0,9,7
2020-07-08,US,Louisiana,Avoyelles,418,15,0,31.07796211,-92.00079449,22009.0,1041.2514946193705,3.5885167464114827,403,402,15,0,387,390,40462,16,0,0,16,12
2020-07-08,US,Louisiana,Beauregard,274,9,0,30.64836518,-93.34173616,22011.0,730.7251246766408,3.2846715328467155,265,269,9,0,260,259,37253,5,0,0,5,10
2020-07-08,US,Louisiana,Bienville,248,28,0,32.34569994,-93.05398492,22013.0,1872.970319462276,11.290322580645164,220,244,28,0,216,234,13308,4,0,0,4,10
2020-07-08,US,Louisiana,Bossier,1142,36,0,32.67932307,-93.60460152,22015.0,898.9365470446083,3.1523642732049035,1106,1099,36,0,1063,1030,127185,43,0,0,43,69
2020-07-08,US,Louisiana,Caddo,3946,243,0,32.57991587,-93.88375652,22017.0,1642.7703119015505,6.158134820070957,3703,3835,243,0,3592,3740,242922,111,0,0,111,95
2020-07-08,US,Louisiana,Calcasieu,2701,62,0,30.22931235,-93.35400434,22019.0,1327.6902809728858,2.2954461310625693,2639,2408,59,0,2349,2289,203112,293,3,0,290,119
2020-07-08,US,Louisiana,Caldwell,117,1,0,32.0902519,-92.11752148,22021.0,1179.6733212341196,0.8547008547008547,116,113,1,0,112,112,9960,4,0,0,4,1
2020-07-08,US,Louisiana,Cameron,89,0,0,29.87592238,-93.19310676,22023.0,1276.351642047899,0.0,89,85,0,0,85,57,6968,4,0,0,4,28
2020-07-08,US,Louisiana,Catahoula,206,3,0,31.66778967,-91.84526385,22025.0,2169.791447229829,1.4563106796116505,203,204,3,0,201,198,9608,2,0,0,2,6
2020-07-08,US,Louisiana,Claiborne,135,10,0,32.82308512,-92.99526883,22027.0,861.5188257817485,7.407407407407407,125,133,10,0,123,128,15944,2,0,0,2,5
2020-07-08,US,Louisiana,Concordia,128,6,0,31.44817835,-91.63814433,22029.0,664.6243314813853,4.6875,122,126,6,0,120,118,19572,2,0,0,2,8
2020-07-08,US,Louisiana,De Soto,394,19,0,32.05457447,-93.74130302,22031.0,1434.6575392346067,4.822335025380711,375,390,19,0,371,371,27436,4,0,0,4,19
2020-07-08,US,Louisiana,East Baton Rouge,6336,276,0,30.53842039,-91.09777565,22033.0,1439.8069349791733,4.356060606060606,6060,6231,275,0,5956,5978,440956,105,1,0,104,253
2020-07-08,US,Louisiana,East Carroll,449,1,0,32.73926954,-91.23425694,22035.0,6544.2355341786915,0.22271714922049002,448,446,1,0,445,447,7037,3,0,0,3,-1
2020-07-08,US,Louisiana,East Feliciana,338,33,0,30.84425359,-91.04976723,22037.0,1766.3966553436112,9.763313609467458,305,329,33,0,296,310,19305,9,0,0,9,19
2020-07-08,US,Louisiana,Evangeline,261,1,0,30.72985248,-92.39915924,22039.0,781.5541248689923,0.3831417624521073,260,247,1,0,246,234,33443,14,0,0,14,13
2020-07-08,US,Louisiana,Franklin,508,14,0,32.13675181,-91.67589857,22041.0,2538.096427679241,2.755905511811024,494,502,14,0,488,501,20156,6,0,0,6,1
2020-07-08,US,Louisiana,Grant,104,2,0,31.59882456,-92.56124347,22043.0,464.5138237527357,1.9230769230769231,102,103,2,0,101,94,22482,1,0,0,1,9
2020-07-08,US,Louisiana,Iberia,1050,47,0,29.86803617,-91.75871777,22045.0,1503.6517256193613,4.476190476190476,1003,995,47,0,948,978,70941,55,0,0,55,17
2020-07-08,US,Louisiana,Iberville,779,43,0,30.25734305,-91.3499598,22047.0,2396.112085140414,5.5198973042362,736,759,43,0,716,754,32721,20,0,0,20,5
2020-07-08,US,Louisiana,Jackson,221,16,0,32.30251776,-92.55692092,22049.0,1403.7093495934964,7.239819004524888,205,220,16,0,204,221,15902,1,0,0,1,-1
2020-07-08,US,Louisiana,Jefferson,10452,488,0,29.74075478,-90.11115756,22051.0,2416.6865128452946,4.668962877918101,9964,10272,488,0,9784,10097,434051,180,0,0,180,175
2020-07-08,US,Louisiana,Jefferson Davis,521,10,0,30.26896765,-92.81210004,22053.0,1660.9283346085183,1.919385796545105,511,507,9,0,498,482,31582,14,1,0,13,25
2020-07-08,US,Louisiana,LaSalle,111,0,0,31.67884782,-92.15907765,22059.0,745.3666398066076,0.0,111,109,0,0,109,104,14917,2,0,0,2,5
2020-07-08,US,Louisiana,Lafayette,3127,50,0,30.2049055,-92.06959876,22055.0,1279.5122550022504,1.5989766549408382,3077,3000,48,0,2952,2917,242782,127,2,0,125,83
2020-07-08,US,Louisiana,Lafourche,1386,90,0,29.52470226,-90.40976986,22057.0,1419.8782961460447,6.493506493506493,1296,1339,90,0,1249,1304,98115,47,0,0,47,35
2020-07-08,US,Louisiana,Lincoln,366,19,0,32.6003154,-92.66597409999999,22061.0,783.0216935518378,5.191256830601093,347,354,19,0,335,353,47196,12,0,0,12,1
2020-07-08,US,Louisiana,Livingston,1305,40,0,30.44143993,-90.73061664,22063.0,926.9190064564704,3.0651340996168583,1265,1267,39,0,1228,1181,139567,38,1,0,37,86
2020-07-08,US,Louisiana,Madison,401,3,0,32.36918118,-91.23973355,22065.0,3661.7660487626704,0.7481296758104738,398,393,3,0,390,393,11161,8,0,0,8,0
2020-07-08,US,Louisiana,Morehouse,256,10,0,32.81686191,-91.80421614,22067.0,1029.1871029991155,3.90625,246,254,10,0,244,251,25398,2,0,0,2,3
2020-07-08,US,Louisiana,Natchitoches,340,14,0,31.72321584,-93.09816516,22069.0,891.0320247392419,4.117647058823529,326,334,14,0,320,330,38659,6,0,0,6,4
2020-07-08,US,Louisiana,Orleans,8287,536,0,30.06971951,-89.92660315,22071.0,2124.0875164041995,6.467961867986003,7751,8206,536,0,7670,8143,391006,81,0,0,81,63
2020-07-08,US,Louisiana,Ouachita,2794,82,0,32.47645559,-92.15704172,22073.0,1822.8198252859165,2.9348604151753763,2712,2730,80,0,2650,2694,154475,64,2,0,62,36
2020-07-08,US,Louisiana,Plaquemines,291,17,0,29.42245447,-89.60322085,22075.0,1254.4725611070394,5.841924398625428,274,288,17,0,271,280,23410,3,0,0,3,8
2020-07-08,US,Louisiana,Pointe Coupee,314,28,0,30.71409502,-91.60209535,22077.0,1445.0069028992175,8.917197452229301,286,308,28,0,280,296,21940,6,0,0,6,12
2020-07-08,US,Louisiana,Rapides,1823,75,0,31.19778499,-92.52997303,22079.0,1406.1150191287177,4.1140976412506856,1748,1759,72,0,1687,1689,130562,64,3,0,61,70
2020-07-08,US,Louisiana,Red River,66,9,0,32.09530039,-93.34213308,22081.0,781.8052594171997,13.636363636363635,57,65,9,0,56,64,8477,1,0,0,1,1
2020-07-08,US,Louisiana,Richland,242,5,0,32.41391005,-91.76634876,22083.0,1202.663751118179,2.066115702479338,237,217,5,0,212,215,20192,25,0,0,25,2
2020-07-08,US,Louisiana,Sabine,130,1,0,31.56388699,-93.55433981,22085.0,544.2974376151399,0.7692307692307693,129,120,1,0,119,99,24032,10,0,0,10,21
2020-07-08,US,Louisiana,St. Bernard,668,23,0,29.87761636,-89.51887093,22087.0,1413.9361612056555,3.4431137724550895,645,659,23,0,636,650,46721,9,0,0,9,9
2020-07-08,US,Louisiana,St. Charles,828,49,0,29.90709658,-90.35555967,22089.0,1559.322033898305,5.9178743961352644,779,816,49,0,767,802,52879,12,0,0,12,14
2020-07-08,US,Louisiana,St. Helena,114,1,0,30.82210324,-90.71013176,22091.0,1125.1480457954997,0.8771929824561403,113,113,1,0,112,104,10262,1,0,0,1,9
2020-07-08,US,Louisiana,St. James,418,30,0,30.02531716,-90.80212061,22093.0,1981.418278346606,7.177033492822965,388,413,29,0,384,410,21037,5,1,0,4,3
2020-07-08,US,Louisiana,St. John the Baptist,1037,87,0,30.12597499,-90.4753503,22095.0,2420.8044447557018,8.389585342333655,950,1024,87,0,937,1015,43184,13,0,0,13,9
2020-07-08,US,Louisiana,St. Landry,887,59,0,30.59724262,-92.00135806,22097.0,1080.0740343870243,6.6516347237880495,828,850,57,0,793,797,82764,37,2,0,35,53
2020-07-08,US,Louisiana,St. Martin,915,27,0,30.13112107,-91.61403569,22099.0,1712.48900451049,2.950819672131148,888,897,27,0,870,846,53621,18,0,0,18,51
2020-07-08,US,Louisiana,St. Mary,632,39,0,29.69262097,-91.44702164,22101.0,1280.7003323336305,6.170886075949367,593,616,39,0,577,600,49774,16,0,0,16,16
2020-07-08,US,Louisiana,St. Tammany,2844,181,0,30.40942847,-89.95642711,22103.0,1092.0862149075144,6.3642756680731365,2663,2738,181,0,2557,2657,258111,106,0,0,106,81
2020-07-08,US,Louisiana,Tangipahoa,1689,43,0,30.62888673,-90.40664996,22105.0,1253.3578711467965,2.5458851391355832,1646,1624,43,0,1581,1541,133777,65,0,0,65,83
2020-07-08,US,Louisiana,Tensas,30,0,0,32.00760749,-91.32915234,22107.0,692.201199815413,0.0,30,28,0,0,28,27,4462,2,0,0,2,1
2020-07-08,US,Louisiana,Terrebonne,1372,63,0,29.37343766,-90.82626855,22109.0,1242.0673359828356,4.591836734693878,1309,1309,63,0,1246,1277,111021,63,0,0,63,32
2020-07-08,US,Louisiana,Unassigned,0,108,0,0.0,0.0,90022.0,0.0,0.0,-108,33,108,0,-75,8,,-33,0,0,-33,25
2020-07-08,US,Louisiana,Union,452,27,0,32.83121059,-92.3749373,22111.0,2044.5087751040348,5.9734513274336285,425,447,27,0,420,445,22330,5,0,0,5,2
2020-07-08,US,Louisiana,Vermilion,425,6,0,29.83517605,-92.30292538,22113.0,714.1536858732001,1.4117647058823528,419,381,6,0,375,359,59830,44,0,0,44,22
2020-07-08,US,Louisiana,Vernon,223,9,0,31.10884837,-93.18153838,22115.0,470.1764743089672,4.035874439461884,214,217,9,0,208,187,48860,6,0,0,6,30
2020-07-08,US,Louisiana,Washington,765,48,0,30.85288548,-90.03866652,22117.0,1656.0592284712302,6.2745098039215685,717,754,47,0,707,726,46582,11,1,0,10,28
2020-07-08,US,Louisiana,Webster,459,12,0,32.70847669,-93.33121835,22119.0,1197.1830985915492,2.6143790849673203,447,448,12,0,436,437,38798,11,0,0,11,11
2020-07-08,US,Louisiana,West Baton Rouge,336,31,0,30.46058217,-91.30989571,22121.0,1269.6013602871715,9.226190476190476,305,326,30,0,296,310,26427,10,1,0,9,16
2020-07-08,US,Louisiana,West Carroll,158,5,0,32.78550125,-91.461201,22123.0,1458.9104339796859,3.1645569620253164,153,155,5,0,150,152,10982,3,0,0,3,3
2020-07-08,US,Louisiana,West Feliciana,252,14,0,30.87882871,-91.41485379999999,22125.0,1618.7050359712232,5.5555555555555545,238,252,14,0,238,247,15460,0,0,0,0,5
2020-07-08,US,Louisiana,Winn,270,5,0,31.94449367,-92.63789413,22127.0,1941.8872266973533,1.851851851851852,265,263,5,0,258,258,14134,7,0,0,7,5
2020-07-08,US,Maine,Androscoggin,499,4,0,44.1664747,-70.20380627,23001.0,460.8550292305845,0.8016032064128257,495,496,4,0,492,496,107679,3,0,0,3,0
2020-07-08,US,Maine,Aroostook,24,1,0,46.65926321,-68.59841248,23003.0,35.791514428454256,4.166666666666667,23,24,1,0,23,24,67111,0,0,0,0,0
2020-07-08,US,Maine,Cumberland,1829,65,0,43.8370751,-70.37226999,23005.0,619.9936949793731,3.5538545653362483,1764,1818,65,0,1753,1810,293557,11,0,0,11,8
2020-07-08,US,Maine,Franklin,40,1,0,44.97330019,-70.44381045,23007.0,132.4547170436107,2.5,39,40,1,0,39,40,29897,0,0,0,0,0
2020-07-08,US,Maine,Hancock,18,1,0,44.59816444,-68.38401854,23009.0,32.73501009329477,5.5555555555555545,17,18,1,0,17,18,54811,0,0,0,0,0
2020-07-08,US,Maine,Kennebec,147,10,0,44.40759555,-69.76738544,23011.0,120.19427319258884,6.802721088435375,137,145,10,0,135,145,122083,2,0,0,2,0
2020-07-08,US,Maine,Knox,25,1,0,44.11486325,-69.10529169,23013.0,62.858292265915715,4.0,24,25,1,0,24,25,39771,0,0,0,0,0
2020-07-08,US,Maine,Lincoln,25,0,0,44.05996956,-69.54227124,23015.0,72.18340359184616,0.0,25,25,0,0,25,25,34342,0,0,0,0,0
2020-07-08,US,Maine,Oxford,43,0,0,44.49952995,-70.75682123,23017.0,74.16990081931867,0.0,43,42,0,0,42,42,57618,1,0,0,1,0
2020-07-08,US,Maine,Penobscot,119,2,0,45.40194593,-68.65020455,23019.0,78.2133186108263,1.680672268907563,117,117,2,0,115,118,151096,2,0,0,2,-1
2020-07-08,US,Maine,Piscataquis,4,0,0,45.83839062,-69.2860223,23021.0,23.83080131069407,0.0,4,4,0,0,4,4,16800,0,0,0,0,0
2020-07-08,US,Maine,Sagadahoc,34,0,0,43.95415864,-69.85074999,23023.0,94.82373940205264,0.0,34,34,0,0,34,34,35634,0,0,0,0,0
2020-07-08,US,Maine,Somerset,30,0,0,45.51229767,-69.95995554,23025.0,59.42476824340386,0.0,30,30,0,0,30,30,50592,0,0,0,0,0
2020-07-08,US,Maine,Unassigned,2,0,0,0.0,0.0,90023.0,0.0,0.0,2,5,0,0,5,2,,-3,0,0,-3,3
2020-07-08,US,Maine,Waldo,58,14,0,44.4858305,-69.12061935,23027.0,146.0405388392295,24.13793103448276,44,58,14,0,44,58,39694,0,0,0,0,0
2020-07-08,US,Maine,Washington,5,0,0,45.01607142,-67.62813524,23029.0,15.934223525287615,0.0,5,4,0,0,4,3,31490,1,0,0,1,1
2020-07-08,US,Maine,York,558,11,0,43.47808377,-70.71052375,23031.0,268.7330536840027,1.971326164874552,547,555,11,0,544,549,206229,3,0,0,3,6
2020-07-08,US,Maryland,Allegany,212,18,0,39.62357628,-78.69280486,24001.0,301.06793910474886,8.49056603773585,194,210,18,0,192,210,70975,2,0,0,2,0
2020-07-08,US,Maryland,Anne Arundel,5341,210,0,39.00670238,-76.60329337,24003.0,922.0798502850316,3.931847968545216,5131,5305,210,0,5095,5290,576031,36,0,0,36,15
2020-07-08,US,Maryland,Baltimore,8443,490,0,39.45784712,-76.62911955,24005.0,1020.4624291429468,5.803624304157291,7953,8381,486,0,7895,8335,828431,62,4,0,58,46
2020-07-08,US,Maryland,Baltimore City,8071,355,0,39.30211911,-76.61151012,24510.0,1359.9218183962662,4.3984636352372695,7716,8000,352,0,7648,7960,621342,71,3,0,68,40
2020-07-08,US,Maryland,Calvert,425,27,0,38.53961642,-76.56820632,24009.0,459.33531477978926,6.352941176470589,398,422,27,0,395,422,92003,3,0,0,3,0
2020-07-08,US,Maryland,Caroline,325,3,0,38.87172293,-75.82904158,24011.0,972.8791235107466,0.9230769230769232,322,323,3,0,320,322,33304,2,0,0,2,1
2020-07-08,US,Maryland,Carroll,1188,114,0,39.56453592,-77.02373735,24013.0,705.2663449037383,9.595959595959595,1074,1182,114,0,1068,1164,168429,6,0,0,6,18
2020-07-08,US,Maryland,Cecil,512,29,0,39.56647682,-75.94627411,24015.0,497.78814836420196,5.6640625,483,505,29,0,476,498,102826,7,0,0,7,7
2020-07-08,US,Maryland,Charles,1473,88,0,38.51092331,-76.98580666,24017.0,902.2584023962219,5.974202308214529,1385,1451,87,0,1364,1441,161503,22,1,0,21,10
2020-07-08,US,Maryland,Dorchester,199,5,0,38.45413522,-76.02752426,24019.0,623.2578533621472,2.512562814070352,194,199,5,0,194,201,31998,0,0,0,0,-2
2020-07-08,US,Maryland,Frederick,2553,120,0,39.47296601,-77.39999394,24021.0,983.6368750168564,4.700352526439483,2433,2551,120,0,2431,2554,255648,2,0,0,2,-3
2020-07-08,US,Maryland,Garrett,16,0,0,39.52786077,-79.27355126,24023.0,55.1457916867719,0.0,16,15,0,0,15,15,29163,1,0,0,1,0
2020-07-08,US,Maryland,Harford,1209,64,0,39.55010644,-76.30775940000002,24025.0,473.2991179959365,5.293631100082713,1145,1198,63,0,1135,1189,253956,11,1,0,10,9
2020-07-08,US,Maryland,Howard,2723,93,0,39.25305293,-76.93126208,24027.0,836.0711105652614,3.4153507161219245,2630,2685,93,0,2592,2666,323196,38,0,0,38,19
2020-07-08,US,Maryland,Kent,204,23,0,39.24976208,-76.04741541,24029.0,1050.3552672227372,11.274509803921571,181,204,23,0,181,203,19383,0,0,0,0,1
2020-07-08,US,Maryland,Montgomery,15400,752,0,39.13676329,-77.20358245,24031.0,1465.7062800755316,4.883116883116883,14648,15332,752,0,14580,15163,1052567,68,0,0,68,169
2020-07-08,US,Maryland,Prince George's,19285,699,0,38.83070039,-76.8496441,24033.0,2120.799228440374,3.6245786880995583,18586,19182,692,0,18490,19040,909308,103,7,0,96,142
2020-07-08,US,Maryland,Queen Anne's,260,21,0,39.06198912,-76.03530977,24035.0,516.0675651535302,8.076923076923077,239,256,20,0,236,248,50251,4,1,0,3,8
2020-07-08,US,Maryland,Somerset,93,3,0,38.1163542,-75.75118623,24039.0,363.054341036852,3.2258064516129035,90,91,3,0,88,88,25675,2,0,0,2,3
2020-07-08,US,Maryland,St. Mary's,666,51,0,38.30058422,-76.60629279999998,24037.0,586.7324464804863,7.657657657657657,615,662,51,0,611,659,112664,4,0,0,4,3
2020-07-08,US,Maryland,Talbot,161,4,0,38.76618159,-76.10882561,24041.0,433.016863451763,2.4844720496894412,157,155,4,0,151,152,36968,6,0,0,6,3
2020-07-08,US,Maryland,Unassigned,0,19,0,0.0,0.0,90024.0,0.0,0.0,-19,0,27,0,-27,0,,0,-8,0,8,0
2020-07-08,US,Maryland,Washington,694,29,0,39.60835778,-77.82002295,24043.0,459.4535548067183,4.1786743515850135,665,691,29,0,662,696,150926,3,0,0,3,-5
2020-07-08,US,Maryland,Wicomico,1102,41,0,38.37301947,-75.62705831,24045.0,1063.6141647926338,3.7205081669691467,1061,1095,41,0,1054,1091,103195,7,0,0,7,4
2020-07-08,US,Maryland,Worcester,306,17,0,38.21274277,-75.33200012,24047.0,585.3546560563166,5.5555555555555545,289,301,17,0,284,297,51823,5,0,0,5,4
2020-07-08,US,Massachusetts,Barnstable,1563,150,0,41.72980578,-70.28854339,25001.0,733.8372693553688,9.596928982725528,1413,1561,150,0,1411,1561,213413,2,0,0,2,0
2020-07-08,US,Massachusetts,Berkshire,604,45,0,42.37428441,-73.20524838,25003.0,483.41657062363936,7.450331125827813,559,604,45,0,559,604,126348,0,0,0,0,0
2020-07-08,US,Massachusetts,Bristol,8365,592,0,41.79228404,-71.10872211,25005.0,1479.9625630510052,7.0771069934249855,7773,8348,592,0,7756,8331,564022,17,0,0,17,17
2020-07-08,US,Massachusetts,Dukes and Nantucket,74,1,0,41.40674725,-70.68763497,0.0,257.5615189168494,1.351351351351351,73,71,1,0,70,71,26707,3,0,0,3,0
2020-07-08,US,Massachusetts,Essex,16342,1131,0,42.6687626,-70.94687179,25009.0,2071.140153656243,6.920817525394687,15211,16318,1126,0,15192,16283,790638,24,5,0,19,35
2020-07-08,US,Massachusetts,Franklin,376,55,0,42.58119713,-72.58602547,25011.0,535.7651752636078,14.627659574468085,321,373,55,0,318,373,70963,3,0,0,3,0
2020-07-08,US,Massachusetts,Hampden,6903,672,0,42.13440424,-72.63235561,25013.0,1480.1488940159359,9.734897870491093,6231,6895,672,0,6223,6883,470406,8,0,0,8,12
2020-07-08,US,Massachusetts,Hampshire,991,116,0,42.33997957,-72.65898478,25015.0,616.1785736491947,11.705348133198788,875,986,116,0,870,985,161355,5,0,0,5,1
2020-07-08,US,Massachusetts,Middlesex,24300,1897,0,42.48607732,-71.39049229,25017.0,1507.7256981607609,7.806584362139918,22403,24243,1888,0,22355,24193,1614714,57,9,0,48,50
2020-07-08,US,Massachusetts,Norfolk,9339,943,0,42.16073095,-71.20530408,25021.0,1321.3540377064835,10.097440839490307,8396,9306,941,0,8365,9284,705388,33,2,0,31,22
2020-07-08,US,Massachusetts,Plymouth,8765,673,0,41.94070556,-70.80802823,25023.0,1681.6896328103117,7.678265830005706,8092,8757,669,0,8088,8748,518132,8,4,0,4,9
2020-07-08,US,Massachusetts,Suffolk,20120,1012,0,42.327951399999996,-71.07850442,25025.0,2502.777062520913,5.029821073558648,19108,20048,1008,0,19040,20014,807252,72,4,0,68,34
2020-07-08,US,Massachusetts,Unassigned,298,7,0,0.0,0.0,90025.0,0.0,2.348993288590604,291,294,7,0,287,292,,4,0,0,4,2
2020-07-08,US,Massachusetts,Worcester,12562,949,0,42.35026951,-71.90493363,25027.0,1512.3606165018505,7.554529533513771,11613,12534,943,0,11591,12515,830839,28,6,0,22,19
2020-07-08,US,Michigan,Alcona,22,1,0,44.6846864,-83.59507875,26001.0,211.43680922633342,4.545454545454546,21,22,1,0,21,22,10362,0,0,0,0,0
2020-07-08,US,Michigan,Alger,4,0,0,46.41292944,-86.60260122,26003.0,43.917435221783045,0.0,4,4,0,0,4,4,9097,0,0,0,0,0
2020-07-08,US,Michigan,Allegan,353,7,0,42.59147037,-85.89102866,26005.0,298.9473327631033,1.9830028328611895,346,346,7,0,339,338,117327,7,0,0,7,8
2020-07-08,US,Michigan,Alpena,123,11,0,45.03477666,-83.62212411,26007.0,433.0223552191516,8.943089430894311,112,123,11,0,112,123,28360,0,0,0,0,0
2020-07-08,US,Michigan,Antrim,24,0,0,44.99690221,-85.15503082,26009.0,102.89830217801406,0.0,24,23,0,0,23,23,23365,1,0,0,1,0
2020-07-08,US,Michigan,Arenac,38,2,0,44.0636262,-83.89277559,26011.0,255.32486729825973,5.2631578947368425,36,38,2,0,36,38,15041,0,0,0,0,0
2020-07-08,US,Michigan,Baraga,5,0,0,46.6720582,-88.36363591,26013.0,60.9087586794981,0.0,5,5,0,0,5,5,8320,0,0,0,0,0
2020-07-08,US,Michigan,Barry,121,2,0,42.59513984,-85.30834519,26015.0,196.58813972380185,1.6528925619834711,119,120,2,0,118,119,61157,1,0,0,1,1
2020-07-08,US,Michigan,Bay,410,31,0,43.70639106,-83.98731479,26017.0,397.5719023330683,7.560975609756098,379,407,30,0,377,405,103923,3,1,0,2,2
2020-07-08,US,Michigan,Benzie,11,0,0,44.63899297,-86.01608482,26019.0,61.91601936282788,0.0,11,11,0,0,11,11,17753,0,0,0,0,0
2020-07-08,US,Michigan,Berrien,954,60,0,41.95447397,-86.41313079999998,26021.0,621.8994661051753,6.289308176100628,894,939,60,0,879,927,154141,15,0,0,15,12
2020-07-08,US,Michigan,Branch,265,2,0,41.91600556,-85.05929476,26023.0,608.9574189397247,0.7547169811320755,263,260,2,0,258,260,43622,5,0,0,5,0
2020-07-08,US,Michigan,Calhoun,583,39,0,42.24633834,-85.00493569,26025.0,434.55899343316514,6.689536878216122,544,576,38,0,538,562,134487,7,1,0,6,14
2020-07-08,US,Michigan,Cass,177,6,0,41.91522292,-85.99405727,26027.0,341.7846177612142,3.3898305084745757,171,172,6,0,166,164,51653,5,0,0,5,8
2020-07-08,US,Michigan,Charlevoix,30,2,0,45.37790017,-85.19614053,26029.0,114.7534712925066,6.666666666666668,28,30,2,0,28,30,26244,0,0,0,0,0
2020-07-08,US,Michigan,Cheboygan,27,2,0,45.44787015,-84.50122149,26031.0,106.82069947776549,7.407407407407407,25,28,2,0,26,28,25413,-1,0,0,-1,0
2020-07-08,US,Michigan,Chippewa,14,0,0,46.29552653,-84.54353449,26033.0,37.48426999384187,0.0,14,14,0,0,14,13,37517,0,0,0,0,1
2020-07-08,US,Michigan,Clare,32,3,0,43.98794227,-84.84819859999998,26035.0,103.39256865912762,9.375,29,30,3,0,27,31,30757,2,0,0,2,-1
2020-07-08,US,Michigan,Clinton,271,12,0,42.94400871,-84.60145248,26037.0,340.4736478422012,4.428044280442805,259,263,12,0,251,253,79332,8,0,0,8,10
2020-07-08,US,Michigan,Crawford,81,5,0,44.68255561,-84.61006219,26039.0,577.3754365956232,6.172839506172839,76,81,5,0,76,70,13901,0,0,0,0,11
2020-07-08,US,Michigan,Delta,27,3,0,45.90484910000001,-86.9080745,26041.0,75.45271629778672,11.111111111111109,24,27,3,0,24,27,35857,0,0,0,0,0
2020-07-08,US,Michigan,Dickinson,16,2,0,46.00999672,-87.86961634,26043.0,63.39395380165617,12.5,14,15,2,0,13,14,25383,1,0,0,1,1
2020-07-08,US,Michigan,Eaton,348,7,0,42.59599185,-84.83740035,26045.0,315.5947328327348,2.0114942528735638,341,347,7,0,340,338,109826,1,0,0,1,9
2020-07-08,US,Michigan,Emmet,33,2,0,45.52625509,-84.89083249,26047.0,98.75804279515188,6.0606060606060606,31,32,2,0,30,31,33308,1,0,0,1,1
2020-07-08,US,Michigan,Federal Correctional Institution (FCI),186,5,0,0.0,0.0,0.0,0.0,2.6881720430107525,181,186,5,0,181,186,,0,0,0,0,0
2020-07-08,US,Michigan,Genesee,2860,290,0,43.02244215,-83.70589709,26049.0,704.7581028700412,10.13986013986014,2570,2837,288,0,2549,2829,406892,23,2,0,21,8
2020-07-08,US,Michigan,Gladwin,28,1,0,43.98901072,-84.38774817,26051.0,110.02396950764273,3.571428571428572,27,27,1,0,26,27,25337,1,0,0,1,0
2020-07-08,US,Michigan,Gogebic,11,1,0,46.40862701,-89.69377193,26053.0,78.71198568872988,9.090909090909092,10,11,1,0,10,10,15096,0,0,0,0,1
2020-07-08,US,Michigan,Grand Traverse,70,5,0,44.69565625,-85.55585247,26055.0,75.19766242695084,7.142857142857142,65,70,5,0,65,65,92573,0,0,0,0,5
2020-07-08,US,Michigan,Gratiot,100,14,0,43.29265605,-84.60505416,26057.0,245.6338581710104,14.0,86,96,13,0,83,95,40599,4,1,0,3,1
2020-07-08,US,Michigan,Hillsdale,203,25,0,41.88753639,-84.59312019,26059.0,445.12663085188035,12.31527093596059,178,202,25,0,177,201,45749,1,0,0,1,1
2020-07-08,US,Michigan,Houghton,21,0,0,46.89988536,-88.68495385,26061.0,58.84990471920188,0.0,21,20,0,0,20,20,36219,1,0,0,1,0
2020-07-08,US,Michigan,Huron,69,3,0,43.83353985,-83.04078453,26063.0,222.71714922049,4.3478260869565215,66,68,3,0,65,66,31166,1,0,0,1,2
2020-07-08,US,Michigan,Ingham,1129,29,0,42.59716886,-84.37472069,26065.0,386.1069882286957,2.568644818423384,1100,1114,29,0,1085,1095,292735,15,0,0,15,19
2020-07-08,US,Michigan,Ionia,205,4,0,42.94502238,-85.07413319,26067.0,316.8616782849282,1.951219512195122,201,205,4,0,201,206,64210,0,0,0,0,-1
2020-07-08,US,Michigan,Iosco,118,11,0,44.35486835,-83.63484895,26069.0,469.6143590559954,9.322033898305083,107,118,11,0,107,118,25081,0,0,0,0,0
2020-07-08,US,Michigan,Iron,6,1,0,46.20974132,-88.53136251,26071.0,54.220133742996566,16.666666666666668,5,6,1,0,5,6,11117,0,0,0,0,0
2020-07-08,US,Michigan,Isabella,139,8,0,43.64060976,-84.84664923,26073.0,198.9351957865812,5.755395683453237,131,135,8,0,127,136,70562,4,0,0,4,-1
2020-07-08,US,Michigan,Jackson,532,32,0,42.24807035,-84.42258681,26075.0,335.6255125859567,6.015037593984963,500,528,32,0,496,528,158823,4,0,0,4,0
2020-07-08,US,Michigan,Kalamazoo,1156,69,0,42.24542231,-85.53038622,26077.0,436.1177970769545,5.968858131487888,1087,1131,68,0,1063,1112,264870,25,1,0,24,19
2020-07-08,US,Michigan,Kalkaska,41,2,0,44.68512729,-85.09085699,26079.0,227.29792659940125,4.878048780487805,39,41,2,0,39,41,17824,0,0,0,0,0
2020-07-08,US,Michigan,Kent,5456,139,0,43.03197711,-85.54934642,26081.0,830.4982837485063,2.5476539589442817,5317,5380,139,0,5241,5302,653786,76,0,0,76,78
2020-07-08,US,Michigan,Keweenaw,1,0,0,47.63197653,-88.41434263,26083.0,47.25897920604915,0.0,1,1,0,0,1,1,2113,0,0,0,0,0
2020-07-08,US,Michigan,Lake,11,0,0,43.99050893,-85.802173,26085.0,92.8035096600017,0.0,11,12,0,0,12,12,11881,-1,0,0,-1,0
2020-07-08,US,Michigan,Lapeer,309,31,0,43.09052506,-83.22153148,26087.0,352.71154131519165,10.032362459546926,278,308,31,0,277,308,88028,1,0,0,1,0
2020-07-08,US,Michigan,Leelanau,30,0,0,44.94430054,-85.80150326,26089.0,137.86131152061026,0.0,30,27,0,0,27,27,21764,3,0,0,3,0
2020-07-08,US,Michigan,Lenawee,252,8,0,41.89475156,-84.06603727,26091.0,255.96489624280102,3.1746031746031744,244,239,8,0,231,238,98266,13,0,0,13,1
2020-07-08,US,Michigan,Livingston,601,28,0,42.60302282,-83.91297209,26093.0,313.0289851298212,4.658901830282862,573,600,28,0,572,595,191224,1,0,0,1,5
2020-07-08,US,Michigan,Luce,3,0,0,46.47227431,-85.54471223,26095.0,48.16182372772515,0.0,3,3,0,0,3,3,6283,0,0,0,0,0
2020-07-08,US,Michigan,Mackinac,9,0,0,46.07028979,-85.04980537,26097.0,83.34105009723123,0.0,9,9,0,0,9,9,10787,0,0,0,0,0
2020-07-08,US,Michigan,Macomb,7651,923,0,42.69158356,-82.92752801,26099.0,875.4285034303157,12.063782512089922,6728,7625,923,0,6702,7580,874759,26,0,0,26,45
2020-07-08,US,Michigan,Manistee,25,0,0,44.33352407,-86.05626916,26101.0,101.79982083231528,0.0,25,25,0,0,25,25,24528,0,0,0,0,0
2020-07-08,US,Michigan,Marquette,84,11,0,46.4338914,-87.64043701,26103.0,125.93891962398236,13.095238095238097,73,83,11,0,72,76,66516,1,0,0,1,7
2020-07-08,US,Michigan,Mason,70,0,0,43.99509218,-86.24988902,26105.0,240.18665934669232,0.0,70,66,0,0,66,65,29100,4,0,0,4,1
2020-07-08,US,Michigan,Mecosta,32,2,0,43.64064262,-85.32463223,26107.0,73.64278645893263,6.25,30,32,2,0,30,32,43545,0,0,0,0,0
2020-07-08,US,Michigan,Menominee,29,0,0,45.58038692,-87.55370409,26109.0,127.30465320456541,0.0,29,25,0,0,25,24,22983,4,0,0,4,1
2020-07-08,US,Michigan,Michigan Department of Corrections (MDOC),4118,68,0,0.0,0.0,0.0,0.0,1.651287032540068,4050,4118,68,0,4050,4118,,0,0,0,0,0
2020-07-08,US,Michigan,Midland,173,9,0,43.64330771,-84.38804374,26111.0,208.0427148973015,5.202312138728324,164,172,9,0,163,172,83209,1,0,0,1,0
2020-07-08,US,Michigan,Missaukee,34,1,0,44.33772443,-85.09256478,26113.0,224.89747321074216,2.9411764705882355,33,33,1,0,32,34,15113,1,0,0,1,-1
2020-07-08,US,Michigan,Monroe,653,21,0,41.92734151,-83.53749864,26115.0,433.8870431893688,3.2159264931087286,632,647,21,0,626,641,150439,6,0,0,6,6
2020-07-08,US,Michigan,Montcalm,118,1,0,43.31082541,-85.15252824,26117.0,184.6982218883045,0.8474576271186439,117,111,1,0,110,109,63968,7,0,0,7,2
2020-07-08,US,Michigan,Montmorency,5,0,0,45.0275929,-84.12696227,26119.0,53.60205831903945,0.0,5,5,0,0,5,5,9265,0,0,0,0,0
2020-07-08,US,Michigan,Muskegon,877,53,0,43.29123859,-86.15176712,26121.0,505.28329281080397,6.0433295324971485,824,867,53,0,814,861,173588,10,0,0,10,6
2020-07-08,US,Michigan,Newaygo,184,0,0,43.554373999999996,-85.80070107,26123.0,375.6635361371988,0.0,184,182,0,0,182,182,48892,2,0,0,2,0
2020-07-08,US,Michigan,Oakland,12408,1096,0,42.66090111,-83.38595416,26125.0,986.653774221046,8.833010960670535,11312,12320,1095,0,11225,12254,1259201,88,1,0,87,66
2020-07-08,US,Michigan,Oceana,365,4,0,43.64124435,-86.26726673,26127.0,1379.0758302792153,1.095890410958904,361,354,4,0,350,347,26625,11,0,0,11,7
2020-07-08,US,Michigan,Ogemaw,44,2,0,44.33481032,-84.12725175,26129.0,209.5537457732057,4.545454545454546,42,42,2,0,40,39,20952,2,0,0,2,3
2020-07-08,US,Michigan,Ontonagon,1,0,0,46.665226200000006,-89.31390481,26131.0,17.482517482517483,0.0,1,1,0,0,1,1,5795,0,0,0,0,0
2020-07-08,US,Michigan,Osceola,42,0,0,43.98992088,-85.32566756,26133.0,179.02813299232741,0.0,42,41,0,0,41,39,23341,1,0,0,1,2
2020-07-08,US,Michigan,Oscoda,22,1,0,44.68192279,-84.12939244,26135.0,266.9578934595316,4.545454545454546,21,21,1,0,20,21,8276,1,0,0,1,0
2020-07-08,US,Michigan,Otsego,124,10,0,45.02085831,-84.59898295,26137.0,502.6755310523756,8.064516129032258,114,124,10,0,114,124,24665,0,0,0,0,0
2020-07-08,US,Michigan,Ottawa,1181,52,0,42.95996803,-85.9969107,26139.0,404.6876606243361,4.403048264182897,1129,1156,51,0,1105,1135,290494,25,1,0,24,21
2020-07-08,US,Michigan,Out of MI,134,0,0,0.0,0.0,80026.0,0.0,0.0,134,127,0,0,127,100,,7,0,0,7,27
2020-07-08,US,Michigan,Presque Isle,13,0,0,45.34018577,-83.91498656,26141.0,103.24015247776366,0.0,13,14,0,0,14,13,12738,-1,0,0,-1,1
2020-07-08,US,Michigan,Roscommon,29,0,0,44.33473082,-84.61067651,26143.0,120.73774928181857,0.0,29,29,0,0,29,28,23884,0,0,0,0,1
2020-07-08,US,Michigan,Saginaw,1355,124,0,43.33433923,-84.05131209999998,26145.0,711.1405014196569,9.151291512915131,1231,1342,124,0,1218,1337,190800,13,0,0,13,5
2020-07-08,US,Michigan,Sanilac,55,6,0,43.42406072,-82.82055898,26151.0,133.59242166626186,10.909090909090908,49,54,6,0,48,51,41182,1,0,0,1,3
2020-07-08,US,Michigan,Schoolcraft,7,0,0,46.19235734,-86.19972234,26153.0,86.48381517173216,0.0,7,6,0,0,6,6,8068,1,0,0,1,0
2020-07-08,US,Michigan,Shiawassee,280,28,0,42.95392800000001,-84.14585902,26155.0,411.02727459557855,10.0,252,278,28,0,250,278,68192,2,0,0,2,0
2020-07-08,US,Michigan,St. Clair,596,52,0,42.92655373,-82.67937954,26147.0,374.5412498114725,8.724832214765101,544,593,51,0,542,586,159337,3,1,0,2,7
2020-07-08,US,Michigan,St. Joseph,361,5,0,41.91441767,-85.52797979,26149.0,592.1527458828161,1.3850415512465375,356,358,5,0,353,352,61043,3,0,0,3,6
2020-07-08,US,Michigan,Tuscola,241,26,0,43.46606813,-83.41897025,26157.0,461.28816154655954,10.78838174273859,215,238,26,0,212,235,52516,3,0,0,3,3
2020-07-08,US,Michigan,Unassigned,4,0,0,0.0,0.0,90026.0,0.0,0.0,4,6,0,0,6,17,,-2,0,0,-2,-11
2020-07-08,US,Michigan,Van Buren,256,8,0,42.25190229,-86.01939087,26159.0,338.27979438931254,3.125,248,246,8,0,238,235,75448,10,0,0,10,11
2020-07-08,US,Michigan,Washtenaw,1817,107,0,42.253105,-83.83853204,26161.0,494.2859241405764,5.888827738029718,1710,1790,107,0,1683,1768,370963,27,0,0,27,22
2020-07-08,US,Michigan,Wayne,23597,2743,0,42.28098405,-83.281255,26163.0,1348.9064180095045,11.624359028690089,20854,23435,2741,0,20694,23259,1753893,162,2,0,160,176
2020-07-08,US,Michigan,Wexford,51,4,0,44.33853602,-85.57712739,26165.0,151.645802979394,7.84313725490196,47,47,4,0,43,46,33466,4,0,0,4,1
2020-07-08,US,Minnesota,Aitkin,15,0,0,46.60962049,-93.41168259999999,27001.0,94.42276218053631,0.0,15,15,0,0,15,15,15902,0,0,0,0,0
2020-07-08,US,Minnesota,Anoka,2293,110,0,45.27476015,-93.24604565,27003.0,642.4390831584581,4.797208896641954,2183,2266,109,0,2157,2241,353813,27,1,0,26,25
2020-07-08,US,Minnesota,Becker,57,0,0,46.93479392,-95.67158144,27005.0,165.58696220550215,0.0,57,57,0,0,57,56,34371,0,0,0,0,1
2020-07-08,US,Minnesota,Beltrami,35,0,0,47.97373527,-94.93732139,27007.0,74.17139950834958,0.0,35,34,0,0,34,30,46847,1,0,0,1,4
2020-07-08,US,Minnesota,Benton,221,3,0,45.69804958,-93.99514135,27009.0,540.4876617183105,1.3574660633484164,218,220,3,0,217,217,40545,1,0,0,1,3
2020-07-08,US,Minnesota,Big Stone,17,0,0,45.42712824,-96.41403739,27011.0,340.6131035864556,0.0,17,15,0,0,15,15,4989,2,0,0,2,0
2020-07-08,US,Minnesota,Blue Earth,510,2,0,44.03554215,-94.06699781,27013.0,753.8468360604851,0.392156862745098,508,494,2,0,492,479,67427,16,0,0,16,15
2020-07-08,US,Minnesota,Brown,37,2,0,44.24205652,-94.72562874,27015.0,147.95265515035192,5.405405405405406,35,34,2,0,32,31,25111,3,0,0,3,3
2020-07-08,US,Minnesota,Carlton,88,0,0,46.59180601,-92.67601019,27017.0,245.3235203925176,0.0,88,87,0,0,87,87,35837,1,0,0,1,0
2020-07-08,US,Minnesota,Carver,417,1,0,44.82017001,-93.80099179999999,27019.0,396.80651638135294,0.23980815347721826,416,395,1,0,394,381,103551,22,0,0,22,14
2020-07-08,US,Minnesota,Cass,19,2,0,46.95043611,-94.32603968,27021.0,63.8033513549817,10.526315789473683,17,16,2,0,14,16,29519,3,0,0,3,0
2020-07-08,US,Minnesota,Chippewa,79,1,0,45.02343421,-95.56403693,27023.0,669.4915254237287,1.2658227848101269,78,79,1,0,78,79,11924,0,0,0,0,0
2020-07-08,US,Minnesota,Chisago,102,1,0,45.5021011,-92.90861945,27025.0,180.2789020661376,0.9803921568627452,101,102,1,0,101,100,55922,0,0,0,0,2
2020-07-08,US,Minnesota,Clay,595,38,0,46.89289518,-96.48761922,27027.0,926.4737940269687,6.386554621848741,557,591,38,0,553,587,63955,4,0,0,4,4
2020-07-08,US,Minnesota,Clearwater,9,0,0,47.57992111,-95.37790562,27029.0,102.06396008165116,0.0,9,9,0,0,9,8,8810,0,0,0,0,1
2020-07-08,US,Minnesota,Cook,1,0,0,47.90504893,-90.52629546,27031.0,18.304960644334614,0.0,1,1,0,0,1,1,5393,0,0,0,0,0
2020-07-08,US,Minnesota,Cottonwood,137,0,0,44.00715262,-95.18138802,27033.0,1223.651304037156,0.0,137,136,0,0,136,136,11277,1,0,0,1,0
2020-07-08,US,Minnesota,Crow Wing,109,12,0,46.48096553,-94.06755609,27035.0,167.5505341634002,11.009174311926603,97,108,12,0,96,106,64889,1,0,0,1,2
2020-07-08,US,Minnesota,Dakota,2479,93,0,44.67172617,-93.06299363,27037.0,577.8271926082873,3.751512706736587,2386,2421,92,0,2329,2382,425423,58,1,0,57,39
2020-07-08,US,Minnesota,Dodge,92,0,0,44.02238415,-92.86244324,27039.0,439.4764497945926,0.0,92,88,0,0,88,87,20822,4,0,0,4,1
2020-07-08,US,Minnesota,Douglas,66,0,0,45.93348491,-95.45335469,27041.0,173.0421331375685,0.0,66,65,0,0,65,65,37964,1,0,0,1,0
2020-07-08,US,Minnesota,Faribault,60,0,0,43.67381499,-93.94787458,27043.0,439.46385409800047,0.0,60,60,0,0,60,56,13758,0,0,0,0,4
2020-07-08,US,Minnesota,Fillmore,30,0,0,43.67394126,-92.08980382,27045.0,142.40281008211898,0.0,30,30,0,0,30,30,21058,0,0,0,0,0
2020-07-08,US,Minnesota,Freeborn,298,0,0,43.67385583,-93.34884422,27047.0,984.1154519335556,0.0,298,297,0,0,297,292,30444,1,0,0,1,5
2020-07-08,US,Minnesota,Goodhue,132,8,0,44.40849741,-92.72341949999999,27049.0,284.8511005610703,6.0606060606060606,124,131,8,0,123,131,46403,1,0,0,1,0
2020-07-08,US,Minnesota,Grant,17,0,0,45.93424769,-96.01139609,27051.0,284.6617548559946,0.0,17,17,0,0,17,12,6021,0,0,0,0,5
2020-07-08,US,Minnesota,Hennepin,12703,789,0,45.00761521,-93.47694895,27053.0,1003.5209737700487,6.2111312288435805,11914,12597,787,0,11810,12456,1259428,106,2,0,104,141
2020-07-08,US,Minnesota,Houston,28,0,0,43.67129565,-91.49143057,27055.0,150.53763440860212,0.0,28,27,0,0,27,26,18578,1,0,0,1,1
2020-07-08,US,Minnesota,Hubbard,8,0,0,47.10778564,-94.91693868,27057.0,37.22488483551254,0.0,8,8,0,0,8,7,21332,0,0,0,0,1
2020-07-08,US,Minnesota,Isanti,76,0,0,45.56181234,-93.29487636,27059.0,187.21056261700662,0.0,76,75,0,0,75,73,39966,1,0,0,1,2
2020-07-08,US,Minnesota,Itasca,65,12,0,47.51009045,-93.63092229,27061.0,144.0283625083093,18.46153846153846,53,64,12,0,52,64,45108,1,0,0,1,0
2020-07-08,US,Minnesota,Jackson,55,0,0,43.67423373,-95.15398258,27063.0,558.6024781637213,0.0,55,55,0,0,55,55,9911,0,0,0,0,0
2020-07-08,US,Minnesota,Kanabec,15,1,0,45.9459309,-93.29275192,27065.0,91.8161229111832,6.666666666666668,14,15,1,0,14,14,16207,0,0,0,0,1
2020-07-08,US,Minnesota,Kandiyohi,582,1,0,45.1526059,-95.00586446,27067.0,1347.2534086437186,0.1718213058419244,581,578,1,0,577,573,42855,4,0,0,4,5
2020-07-08,US,Minnesota,Kittson,2,0,0,48.77754106,-96.78317184,27069.0,46.533271288971605,0.0,2,2,0,0,2,2,4248,0,0,0,0,0
2020-07-08,US,Minnesota,Koochiching,17,1,0,48.24539665,-93.78352843,27071.0,139.01381960912585,5.882352941176472,16,18,1,0,17,15,12440,-1,0,0,-1,3
2020-07-08,US,Minnesota,Lac qui Parle,4,0,0,44.9973857,-96.17488219,27073.0,60.3955911218481,0.0,4,4,0,0,4,4,6658,0,0,0,0,0
2020-07-08,US,Minnesota,Lake,6,0,0,47.64270764,-91.44557998,27075.0,56.385678037778405,0.0,6,6,0,0,6,6,10658,0,0,0,0,0
2020-07-08,US,Minnesota,Le Sueur,110,1,0,44.37136597,-93.72844721,27079.0,380.7941288468862,0.9090909090909092,109,108,1,0,107,103,28494,2,0,0,2,5
2020-07-08,US,Minnesota,Lincoln,11,0,0,44.41311883,-96.26688165,27081.0,195.07004788083,0.0,11,10,0,0,10,10,5673,1,0,0,1,0
2020-07-08,US,Minnesota,Lyon,327,2,0,44.41327865,-95.83806103,27083.0,1283.6617727879407,0.6116207951070336,325,327,2,0,325,316,25629,0,0,0,0,11
2020-07-08,US,Minnesota,Mahnomen,10,1,0,47.32557075,-95.80921485,27087.0,180.92998009770213,10.0,9,10,1,0,9,9,5519,0,0,0,0,1
2020-07-08,US,Minnesota,Marshall,12,0,0,48.35825983,-96.37017407,27089.0,128.53470437017995,0.0,12,12,0,0,12,12,9390,0,0,0,0,0
2020-07-08,US,Minnesota,Martin,171,5,0,43.67429718,-94.55099908,27091.0,868.7700045724738,2.9239766081871346,166,171,5,0,166,169,19785,0,0,0,0,2
2020-07-08,US,Minnesota,McLeod,94,0,0,44.82367677,-94.27287017,27085.0,261.88950491739337,0.0,94,92,0,0,92,92,35873,2,0,0,2,0
2020-07-08,US,Minnesota,Meeker,61,1,0,45.12328869,-94.52839455,27093.0,262.6819395400913,1.639344262295082,60,61,1,0,60,61,23141,0,0,0,0,0
2020-07-08,US,Minnesota,Mille Lacs,34,2,0,45.93705297,-93.63236823,27095.0,129.39072192411615,5.882352941176472,32,34,2,0,32,34,26139,0,0,0,0,0
2020-07-08,US,Minnesota,Morrison,61,1,0,46.01265363,-94.27341528,27097.0,182.7113161205296,1.639344262295082,60,61,1,0,60,59,33169,0,0,0,0,2
2020-07-08,US,Minnesota,Mower,965,2,0,43.67142874,-92.75234549,27099.0,2408.766412061305,0.20725388601036268,963,960,2,0,958,952,40011,5,0,0,5,8
2020-07-08,US,Minnesota,Murray,66,0,0,44.02216709,-95.76328482,27101.0,805.4674151818404,0.0,66,65,0,0,65,64,8276,1,0,0,1,1
2020-07-08,US,Minnesota,Nicollet,176,12,0,44.35291112,-94.24710352,27103.0,513.5087821672405,6.8181818181818175,164,173,12,0,161,169,34220,3,0,0,3,4
2020-07-08,US,Minnesota,Nobles,1672,6,0,43.67434621,-95.75329576,27105.0,7730.362013962736,0.3588516746411483,1666,1672,6,0,1666,1669,21924,0,0,0,0,3
2020-07-08,US,Minnesota,Norman,21,0,0,47.32628443,-96.45620947,27107.0,329.4117647058824,0.0,21,20,0,0,20,20,6475,1,0,0,1,0
2020-07-08,US,Minnesota,Olmsted,1168,17,0,44.00374114,-92.40209944,27109.0,737.8721737537352,1.4554794520547945,1151,1147,15,0,1132,1129,156277,21,2,0,19,18
2020-07-08,US,Minnesota,Otter Tail,100,1,0,46.40846929,-95.70835255,27111.0,170.2243557008137,1.0,99,100,1,0,99,95,58812,0,0,0,0,5
2020-07-08,US,Minnesota,Pennington,52,0,0,48.06642577,-96.0370814,27113.0,368.2980381046816,0.0,52,52,0,0,52,51,14178,0,0,0,0,1
2020-07-08,US,Minnesota,Pine,110,0,0,46.12105238,-92.74070188,27115.0,371.88545927854216,0.0,110,107,0,0,107,105,29483,3,0,0,3,2
2020-07-08,US,Minnesota,Pipestone,63,2,0,44.02301619,-96.25841142,27117.0,690.3353057199208,3.1746031746031744,61,59,2,0,57,52,9047,4,0,0,4,7
2020-07-08,US,Minnesota,Polk,84,2,0,47.77372465,-96.40134647,27119.0,267.8229817625304,2.380952380952381,82,82,2,0,80,82,31529,2,0,0,2,0
2020-07-08,US,Minnesota,Pope,12,0,0,45.58606667,-95.44451209,27121.0,106.67614899102142,0.0,12,12,0,0,12,10,11097,0,0,0,0,2
2020-07-08,US,Minnesota,Ramsey,5013,230,0,45.01625271,-93.09872295,27123.0,910.922897726963,4.588071015360064,4783,4963,229,0,4734,4911,550210,50,1,0,49,52
2020-07-08,US,Minnesota,Red Lake,4,0,0,47.87197525,-96.09561104,27125.0,98.64364981504316,0.0,4,4,0,0,4,3,3999,0,0,0,0,1
2020-07-08,US,Minnesota,Redwood,20,0,0,44.40555844,-95.25207021,27127.0,131.83915622940015,0.0,20,19,0,0,19,18,15249,1,0,0,1,1
2020-07-08,US,Minnesota,Renville,36,2,0,44.72836381,-94.94553734,27129.0,247.45669507836132,5.5555555555555545,34,36,2,0,34,35,14612,0,0,0,0,1
2020-07-08,US,Minnesota,Rice,859,8,0,44.3543376,-93.29658715,27131.0,1282.6255748671088,0.9313154831199068,851,848,8,0,840,844,66523,11,0,0,11,4
2020-07-08,US,Minnesota,Rock,31,0,0,43.67482683,-96.25296832,27133.0,332.7965646806227,0.0,31,31,0,0,31,31,9414,0,0,0,0,0
2020-07-08,US,Minnesota,Roseau,17,0,0,48.77501878,-95.81079919,27135.0,112.10023079459282,0.0,17,17,0,0,17,16,15150,0,0,0,0,1
2020-07-08,US,Minnesota,Scott,783,4,0,44.6490231,-93.53340251,27139.0,525.4575104185542,0.5108556832694764,779,762,4,0,758,734,147381,21,0,0,21,28
2020-07-08,US,Minnesota,Sherburne,327,5,0,45.44447208,-93.77617511,27141.0,336.28828235874863,1.529051987767584,322,325,5,0,320,317,96036,2,0,0,2,8
2020-07-08,US,Minnesota,Sibley,55,2,0,44.5796592,-94.23164924,27143.0,369.99663639421465,3.636363636363636,53,54,2,0,52,54,15028,1,0,0,1,0
2020-07-08,US,Minnesota,St. Louis,198,16,0,47.604840700000004,-92.46879855,27137.0,99.4625006279198,8.080808080808081,182,196,15,0,181,180,199754,2,1,0,1,16
2020-07-08,US,Minnesota,Stearns,2429,19,0,45.55192576,-94.61078221,27145.0,1507.9931708831284,0.7822149032523672,2410,2414,19,0,2395,2371,159256,15,0,0,15,43
2020-07-08,US,Minnesota,Steele,239,1,0,44.02240351,-93.22627088,27147.0,652.1323910611478,0.41841004184100417,238,237,1,0,236,231,36803,2,0,0,2,6
2020-07-08,US,Minnesota,Stevens,6,0,0,45.58613007,-96.00163705,27149.0,61.19326874043857,0.0,6,5,0,0,5,4,9753,1,0,0,1,1
2020-07-08,US,Minnesota,Swift,23,1,0,45.2829032,-95.68264092,27151.0,248.21929635225555,4.3478260869565215,22,22,1,0,21,22,9345,1,0,0,1,0
2020-07-08,US,Minnesota,Todd,402,2,0,46.06996226,-94.89785296,27153.0,1629.9059357768408,0.4975124378109453,400,401,2,0,399,401,24582,1,0,0,1,0
2020-07-08,US,Minnesota,Traverse,6,0,0,45.77298854,-96.47062949,27155.0,184.1055538508745,0.0,6,5,0,0,5,6,3308,1,0,0,1,-1
2020-07-08,US,Minnesota,Unassigned,87,38,0,0.0,0.0,90027.0,0.0,43.678160919540225,49,85,37,0,48,78,,2,1,0,1,7
2020-07-08,US,Minnesota,Wabasha,35,0,0,44.28424356,-92.23121312,27157.0,161.83474360752763,0.0,35,33,0,0,33,33,21645,2,0,0,2,0
2020-07-08,US,Minnesota,Wadena,15,0,0,46.58589171,-94.96968506,27159.0,109.63309457681623,0.0,15,15,0,0,15,15,13773,0,0,0,0,0
2020-07-08,US,Minnesota,Waseca,71,0,0,44.02211116,-93.58720034,27161.0,381.4743176445304,0.0,71,71,0,0,71,68,18691,0,0,0,0,3
2020-07-08,US,Minnesota,Washington,1163,40,0,45.03864533,-92.88429635,27163.0,443.1489102270995,3.4393809114359417,1123,1137,40,0,1097,1114,259201,26,0,0,26,23
2020-07-08,US,Minnesota,Watonwan,240,0,0,43.97823903,-94.61413846,27165.0,2202.441038818023,0.0,240,238,0,0,238,234,10980,2,0,0,2,4
2020-07-08,US,Minnesota,Wilkin,21,3,0,46.35721532,-96.4684375,27167.0,338.3276945384244,14.285714285714285,18,21,3,0,18,21,6254,0,0,0,0,0
2020-07-08,US,Minnesota,Winona,131,15,0,43.98772283,-91.78081305,27169.0,259.4881546628635,11.450381679389313,116,129,15,0,114,125,50825,2,0,0,2,4
2020-07-08,US,Minnesota,Wright,492,5,0,45.17297924,-93.96234781,27171.0,355.55041661547796,1.0162601626016259,487,483,5,0,478,475,136349,9,0,0,9,8
2020-07-08,US,Minnesota,Yellow Medicine,30,0,0,44.71710183,-95.86842453,27173.0,308.99165722525487,0.0,30,30,0,0,30,30,9795,0,0,0,0,0
2020-07-08,US,Mississippi,Adams,332,18,0,31.47669768,-91.35326037,28001.0,1081.6798618577525,5.421686746987952,314,315,18,0,297,313,31192,17,0,0,17,2
2020-07-08,US,Mississippi,Alcorn,76,2,0,34.88084463,-88.57996173,28003.0,205.66665764619918,2.631578947368421,74,74,2,0,72,71,36925,2,0,0,2,3
2020-07-08,US,Mississippi,Amite,104,3,0,31.17467303,-90.80501621,28005.0,845.7347320484671,2.8846153846153846,101,104,3,0,101,91,12326,0,0,0,0,13
2020-07-08,US,Mississippi,Attala,365,23,0,33.08658803,-89.57838564,28007.0,2008.3635963464287,6.301369863013699,342,365,23,0,342,361,18365,0,0,0,0,4
2020-07-08,US,Mississippi,Benton,42,0,0,34.81681228,-89.18945516,28009.0,508.5361423901198,0.0,42,42,0,0,42,38,8271,0,0,0,0,4
2020-07-08,US,Mississippi,Bolivar,370,18,0,33.79696941,-90.87372121,28011.0,1208.04492621131,4.864864864864865,352,356,18,0,338,340,31333,14,0,0,14,16
2020-07-08,US,Mississippi,Calhoun,142,5,0,33.93683395,-89.33686647,28013.0,988.7890815402827,3.5211267605633805,137,141,4,0,137,132,14436,1,1,0,0,9
2020-07-08,US,Mississippi,Carroll,171,11,0,33.44834567,-89.91994479,28015.0,1719.1112898361316,6.432748538011697,160,168,11,0,157,166,9911,3,0,0,3,2
2020-07-08,US,Mississippi,Chickasaw,291,19,0,33.91983202,-88.9481545,28017.0,1701.455884932468,6.529209621993128,272,287,19,0,268,279,17171,4,0,0,4,8
2020-07-08,US,Mississippi,Choctaw,75,4,0,33.34598242,-89.24809382,28019.0,913.5200974421435,5.333333333333333,71,75,4,0,71,74,8278,0,0,0,0,1
2020-07-08,US,Mississippi,Claiborne,289,10,0,31.97061673,-90.90702196,28021.0,3215.398308856253,3.460207612456748,279,284,10,0,274,279,9002,5,0,0,5,5
2020-07-08,US,Mississippi,Clarke,211,25,0,32.04158545,-88.68896219999998,28023.0,1357.6989897689982,11.848341232227488,186,210,25,0,185,207,15604,1,0,0,1,3
2020-07-08,US,Mississippi,Clay,251,11,0,33.65358105,-88.77784255,28025.0,1299.4408780285773,4.382470119521912,240,249,11,0,238,251,19386,2,0,0,2,-2
2020-07-08,US,Mississippi,Coahoma,213,6,0,34.22772299,-90.60415045,28027.0,962.7553787741818,2.8169014084507036,207,205,6,0,199,201,22628,8,0,0,8,4
2020-07-08,US,Mississippi,Copiah,627,15,0,31.86977774,-90.44565118,28029.0,2234.099412079102,2.392344497607656,612,620,15,0,605,607,28543,7,0,0,7,13
2020-07-08,US,Mississippi,Covington,396,5,0,31.63225413,-89.55389939,28031.0,2124.919510624597,1.2626262626262623,391,375,5,0,370,359,18853,21,0,0,21,16
2020-07-08,US,Mississippi,DeSoto,1767,18,0,34.87625235,-89.99091418,28033.0,955.4191786747413,1.0186757215619695,1749,1724,18,0,1706,1620,182001,43,0,0,43,104
2020-07-08,US,Mississippi,Forrest,927,43,0,31.18961454,-89.25832496,28035.0,1237.6997743567833,4.638619201725998,884,916,43,0,873,878,75036,11,0,0,11,38
2020-07-08,US,Mississippi,Franklin,47,2,0,31.47786634,-90.89672989,28037.0,609.3608193958253,4.25531914893617,45,45,2,0,43,45,7788,2,0,0,2,0
2020-07-08,US,Mississippi,George,94,3,0,30.86259065,-88.64436789,28039.0,383.6734693877551,3.191489361702128,91,91,3,0,88,89,24250,3,0,0,3,2
2020-07-08,US,Mississippi,Greene,108,9,0,31.21444233,-88.63922281,28041.0,794.9359634918299,8.333333333333334,99,105,9,0,96,105,13586,3,0,0,3,0
2020-07-08,US,Mississippi,Grenada,522,7,0,33.77036166,-89.80245083,28043.0,2514.6931303593797,1.3409961685823757,515,506,7,0,499,490,21055,16,0,0,16,16
2020-07-08,US,Mississippi,Hancock,134,13,0,30.41830223,-89.48851033,28045.0,281.3234800134363,9.701492537313431,121,134,13,0,121,130,47334,0,0,0,0,4
2020-07-08,US,Mississippi,Harrison,1003,12,0,30.51359752,-89.12467576,28047.0,482.0261437908497,1.1964107676969091,991,969,11,0,958,933,206650,34,1,0,33,36
2020-07-08,US,Mississippi,Hinds,2642,46,0,32.2656285,-90.44435448,28049.0,1139.5790200138024,1.74110522331567,2596,2591,41,0,2550,2536,237085,51,5,0,46,55
2020-07-08,US,Mississippi,Holmes,570,41,0,33.12345854,-90.08923538,28051.0,3350.970017636684,7.192982456140351,529,560,41,0,519,557,17622,10,0,0,10,3
2020-07-08,US,Mississippi,Humphreys,156,9,0,33.12825718,-90.52252707,28053.0,1934.523809523809,5.769230769230768,147,156,9,0,147,150,8257,0,0,0,0,6
2020-07-08,US,Mississippi,Issaquena,10,1,0,32.72531359,-90.97392828,28055.0,753.5795026375282,10.0,9,10,1,0,9,9,1308,0,0,0,0,1
2020-07-08,US,Mississippi,Itawamba,140,8,0,34.27993475,-88.3606733,28057.0,598.5463873450192,5.7142857142857135,132,137,8,0,129,136,23517,3,0,0,3,1
2020-07-08,US,Mississippi,Jackson,704,17,0,30.54020656,-88.64184064,28059.0,490.19266521372816,2.414772727272727,687,689,17,0,672,638,143277,15,0,0,15,51
2020-07-08,US,Mississippi,Jasper,266,6,0,32.01922104,-89.11786866,28061.0,1623.634255020448,2.255639097744361,260,267,6,0,261,263,16428,-1,0,0,-1,4
2020-07-08,US,Mississippi,Jefferson,114,3,0,31.73397872,-91.03764977,28063.0,1630.901287553648,2.631578947368421,111,110,3,0,107,108,7106,4,0,0,4,2
2020-07-08,US,Mississippi,Jefferson Davis,114,4,0,31.56884708,-89.82670990000004,28065.0,1024.4428468727533,3.5087719298245608,110,113,4,0,109,112,11234,1,0,0,1,1
2020-07-08,US,Mississippi,Jones,1159,49,0,31.62257767,-89.16896899999998,28067.0,1701.9589415254486,4.227782571182053,1110,1140,49,0,1091,1128,68461,19,0,0,19,12
2020-07-08,US,Mississippi,Kemper,179,14,0,32.75462946,-88.64105766,28069.0,1837.40505029768,7.82122905027933,165,179,14,0,165,179,10027,0,0,0,0,0
2020-07-08,US,Mississippi,Lafayette,419,4,0,34.35687874,-89.48490961,28071.0,775.653010977619,0.9546539379474941,415,409,4,0,405,393,54793,10,0,0,10,16
2020-07-08,US,Mississippi,Lamar,500,7,0,31.20572971,-89.5077704,28073.0,789.353203984655,1.4,493,491,7,0,484,465,62447,9,0,0,9,26
2020-07-08,US,Mississippi,Lauderdale,937,81,0,32.40419769,-88.66229662,28075.0,1264.080944350759,8.644610458911421,856,922,80,0,842,910,75317,15,1,0,14,12
2020-07-08,US,Mississippi,Lawrence,189,2,0,31.55147224,-90.10841127,28077.0,1501.6685205784204,1.058201058201058,187,187,2,0,185,178,12455,2,0,0,2,9
2020-07-08,US,Mississippi,Leake,598,20,0,32.7536828,-89.52402044,28079.0,2624.418502589309,3.3444816053511706,578,589,19,0,570,578,22763,9,1,0,8,11
2020-07-08,US,Mississippi,Lee,575,21,0,34.291877500000005,-88.68149954,28081.0,673.0183997378155,3.652173913043478,554,562,20,0,542,552,85202,13,1,0,12,10
2020-07-08,US,Mississippi,Leflore,507,56,0,33.55545125,-90.29900733,28083.0,1798.956817939893,11.045364891518735,451,500,53,0,447,491,28919,7,3,0,4,9
2020-07-08,US,Mississippi,Lincoln,492,34,0,31.53288662,-90.45391915,28085.0,1440.5762304921964,6.9105691056910565,458,484,34,0,450,466,34205,8,0,0,8,18
2020-07-08,US,Mississippi,Lowndes,515,13,0,33.47386518,-88.44191529999998,28087.0,878.9145831555594,2.5242718446601944,502,509,13,0,496,494,58930,6,0,0,6,15
2020-07-08,US,Mississippi,Madison,1355,36,0,32.63389156,-90.03513564,28089.0,1275.030111412225,2.656826568265682,1319,1326,35,0,1291,1314,105630,29,1,0,28,12
2020-07-08,US,Mississippi,Marion,308,12,0,31.23132643,-89.8209217,28091.0,1253.4082122654947,3.8961038961038965,296,300,12,0,288,284,24715,8,0,0,8,16
2020-07-08,US,Mississippi,Marshall,264,3,0,34.76216286,-89.50299462,28093.0,748.0024933416445,1.1363636363636365,261,258,3,0,255,234,35451,6,0,0,6,24
2020-07-08,US,Mississippi,Monroe,431,35,0,33.89236763,-88.4808438,28095.0,1222.6256666288436,8.120649651972156,396,425,34,0,391,403,35564,6,1,0,5,22
2020-07-08,US,Mississippi,Montgomery,143,2,0,33.49419589,-89.61729103,28097.0,1462.9156010230179,1.3986013986013983,141,139,2,0,137,135,10023,4,0,0,4,4
2020-07-08,US,Mississippi,Neshoba,1016,73,0,32.75339664,-89.11726492,28099.0,3489.2506353458343,7.18503937007874,943,1004,73,0,931,992,29125,12,0,0,12,12
2020-07-08,US,Mississippi,Newton,352,10,0,32.40021118,-89.11843336,28101.0,1674.754971928823,2.8409090909090913,342,347,9,0,338,339,21443,5,1,0,4,8
2020-07-08,US,Mississippi,Noxubee,273,8,0,33.11009499,-88.56949061,28103.0,2620.716137083613,2.93040293040293,265,272,8,0,264,267,10535,1,0,0,1,5
2020-07-08,US,Mississippi,Oktibbeha,557,28,0,33.42491685,-88.87905132,28105.0,1123.2782785810798,5.026929982046679,529,552,27,0,525,541,49599,5,1,0,4,11
2020-07-08,US,Mississippi,Panola,392,6,0,34.36398677,-89.95064249,28107.0,1146.4670098268598,1.5306122448979589,386,364,6,0,358,352,34178,28,0,0,28,12
2020-07-08,US,Mississippi,Pearl River,269,32,0,30.77090935,-89.58677275,28109.0,484.37922031151527,11.895910780669146,237,265,32,0,233,257,55387,4,0,0,4,8
2020-07-08,US,Mississippi,Perry,76,4,0,31.17161885,-88.99281835,28111.0,634.761546813664,5.2631578947368425,72,72,4,0,68,67,11931,4,0,0,4,5
2020-07-08,US,Mississippi,Pike,466,17,0,31.17507789,-90.40392572,28113.0,1186.112807982081,3.6480686695278974,449,454,16,0,438,441,39563,12,1,0,11,13
2020-07-08,US,Mississippi,Pontotoc,316,6,0,34.226046000000004,-89.03636807,28115.0,982.1595076770063,1.8987341772151896,310,304,6,0,298,292,31833,12,0,0,12,12
2020-07-08,US,Mississippi,Prentiss,111,3,0,34.61810501,-88.51986294,28117.0,441.773461752766,2.702702702702702,108,110,3,0,107,108,25315,1,0,0,1,2
2020-07-08,US,Mississippi,Quitman,89,1,0,34.25157572,-90.28908,28119.0,1310.3651354534747,1.1235955056179776,88,81,1,0,80,78,7051,8,0,0,8,3
2020-07-08,US,Mississippi,Rankin,999,15,0,32.26469147,-89.94537876,28121.0,643.39123210387,1.5015015015015014,984,982,13,0,969,951,153902,17,2,0,15,31
2020-07-08,US,Mississippi,Scott,785,15,0,32.406704100000006,-89.53789439,28123.0,2791.210354145925,1.9108280254777068,770,779,15,0,764,773,28287,6,0,0,6,6
2020-07-08,US,Mississippi,Sharkey,40,0,0,32.88149103,-90.8159538,28125.0,925.7116408238834,0.0,40,37,0,0,37,38,4377,3,0,0,3,-1
2020-07-08,US,Mississippi,Simpson,360,3,0,31.91282117,-89.91716179,28127.0,1350.438892640108,0.8333333333333334,357,345,3,0,342,323,26758,15,0,0,15,22
2020-07-08,US,Mississippi,Smith,234,12,0,32.01744532,-89.50644846,28129.0,1470.2186479014829,5.128205128205129,222,229,11,0,218,218,16002,5,1,0,4,11
2020-07-08,US,Mississippi,Stone,72,2,0,30.79187949,-89.11547539,28131.0,392.6701570680629,2.7777777777777777,70,69,2,0,67,65,18717,3,0,0,3,4
2020-07-08,US,Mississippi,Sunflower,436,8,0,33.60192578,-90.58882684,28133.0,1736.3600159299085,1.834862385321101,428,420,8,0,412,400,25735,16,0,0,16,20
2020-07-08,US,Mississippi,Tallahatchie,156,4,0,33.95339918,-90.1729398,28135.0,1129.6980230284594,2.5641025641025643,152,145,4,0,141,137,13987,11,0,0,11,8
2020-07-08,US,Mississippi,Tate,319,12,0,34.65133709,-89.94485778,28137.0,1126.3726563327566,3.761755485893417,307,310,11,0,299,288,28759,9,1,0,8,22
2020-07-08,US,Mississippi,Tippah,142,11,0,34.76872156,-88.90988194,28139.0,645.0147626618215,7.746478873239437,131,138,11,0,127,131,21995,4,0,0,4,7
2020-07-08,US,Mississippi,Tishomingo,91,1,0,34.74023475,-88.23917219,28141.0,469.4835680751173,1.0989010989010992,90,89,1,0,88,83,19454,2,0,0,2,6
2020-07-08,US,Mississippi,Tunica,115,3,0,34.64967704,-90.37481167,28143.0,1193.936877076412,2.608695652173913,112,113,3,0,110,105,9944,2,0,0,2,8
2020-07-08,US,Mississippi,Union,233,11,0,34.49162015,-89.00776006,28145.0,808.6066284921048,4.721030042918455,222,218,10,0,208,210,28606,15,1,0,14,8
2020-07-08,US,Mississippi,Walthall,208,7,0,31.14971548,-90.10446654,28147.0,1455.9708805823886,3.3653846153846154,201,205,6,0,199,204,14465,3,1,0,2,1
2020-07-08,US,Mississippi,Warren,540,20,0,32.35810271,-90.83352619,28149.0,1189.9252991339988,3.703703703703704,520,532,18,0,514,516,46176,8,2,0,6,16
2020-07-08,US,Mississippi,Washington,626,10,0,33.28392041,-90.94196237,28151.0,1425.675829556583,1.597444089456869,616,617,10,0,607,591,45063,9,0,0,9,26
2020-07-08,US,Mississippi,Wayne,551,16,0,31.64135687,-88.69573913,28153.0,2730.020314125749,2.9038112522686026,535,545,15,0,530,545,20298,6,1,0,5,0
2020-07-08,US,Mississippi,Webster,128,11,0,33.61300486,-89.28392912,28155.0,1321.0857673650532,8.59375,117,127,11,0,116,127,9788,1,0,0,1,0
2020-07-08,US,Mississippi,Wilkinson,94,9,0,31.16078225,-91.31018819,28157.0,1089.223638470452,9.574468085106382,85,93,9,0,84,94,8792,1,0,0,1,-1
2020-07-08,US,Mississippi,Winston,282,10,0,33.08747908,-89.03391385,28159.0,1570.593149540518,3.5460992907801416,272,280,8,0,272,266,18165,2,2,0,0,14
2020-07-08,US,Mississippi,Yalobusha,183,8,0,34.02824175,-89.70762049999998,28161.0,1511.3974231912784,4.371584699453551,175,180,7,0,173,173,12392,3,1,0,2,7
2020-07-08,US,Mississippi,Yazoo,533,6,0,32.77890365,-90.39656148,28163.0,1795.2172448635904,1.125703564727955,527,523,6,0,517,513,28248,10,0,0,10,10
2020-07-08,US,Missouri,Adair,98,0,0,40.19058551,-92.60078167,29001.0,386.6945507635244,0.0,98,95,0,0,95,93,25339,3,0,0,3,2
2020-07-08,US,Missouri,Andrew,59,0,0,39.98492163,-94.80163024,29003.0,333.10749774164407,0.0,59,59,0,0,59,56,17607,0,0,0,0,3
2020-07-08,US,Missouri,Atchison,6,0,0,40.43238737,-95.42970639,29005.0,116.663426015944,0.0,6,6,0,0,6,5,5171,0,0,0,0,1
2020-07-08,US,Missouri,Audrain,142,1,0,39.215877,-91.84242683,29007.0,559.3193634788089,0.7042253521126759,141,139,1,0,138,139,25473,3,0,0,3,0
2020-07-08,US,Missouri,Barry,86,0,0,36.70978521,-93.82919888,29009.0,240.29729805247425,0.0,86,81,0,0,81,72,35886,5,0,0,5,9
2020-07-08,US,Missouri,Barton,31,0,0,37.50207671,-94.34757022,29011.0,263.7400034030968,0.0,31,30,0,0,30,29,11798,1,0,0,1,1
2020-07-08,US,Missouri,Bates,12,1,0,38.25271289,-94.34113157,29013.0,74.20232500618353,8.333333333333334,11,12,1,0,11,12,16320,0,0,0,0,0
2020-07-08,US,Missouri,Benton,20,0,0,38.29503305,-93.28756116,29015.0,102.86478424111506,0.0,20,20,0,0,20,19,19278,0,0,0,0,1
2020-07-08,US,Missouri,Bollinger,18,0,0,37.32449052,-90.02725304,29017.0,148.35572405835325,0.0,18,16,0,0,16,14,12169,2,0,0,2,2
2020-07-08,US,Missouri,Boone,477,2,0,38.99186229,-92.30723575,29019.0,264.3201099394336,0.4192872117400419,475,464,2,0,462,424,180005,13,0,0,13,40
2020-07-08,US,Missouri,Buchanan,923,4,0,39.65816401,-94.80138942,29021.0,1056.499244540085,0.4333694474539545,919,911,4,0,907,892,88571,12,0,0,12,19
2020-07-08,US,Missouri,Butler,111,0,0,36.71462476,-90.40421163,29023.0,261.31173784076464,0.0,111,111,0,0,111,108,42639,0,0,0,0,3
2020-07-08,US,Missouri,Caldwell,12,0,0,39.65620858,-93.98308093,29025.0,133.03769401330376,0.0,12,12,0,0,12,13,9108,0,0,0,0,-1
2020-07-08,US,Missouri,Callaway,61,1,0,38.83674754,-91.92186505,29027.0,136.33417517824017,1.639344262295082,60,61,1,0,60,57,44889,0,0,0,0,4
2020-07-08,US,Missouri,Camden,76,2,0,38.02199522,-92.76083747,29029.0,164.12914372098047,2.631578947368421,74,74,1,0,73,71,45815,2,1,0,1,3
2020-07-08,US,Missouri,Cape Girardeau,271,3,0,37.38489388,-89.6843587,29031.0,343.5990414727847,1.1070110701107012,268,252,3,0,249,221,78753,19,0,0,19,31
2020-07-08,US,Missouri,Carroll,20,0,0,39.42762566,-93.50626255,29033.0,230.4412950800784,0.0,20,20,0,0,20,19,8743,0,0,0,0,1
2020-07-08,US,Missouri,Carter,6,1,0,36.94160441,-90.96051322,29035.0,100.30090270812435,16.666666666666668,5,6,1,0,5,6,6054,0,0,0,0,0
2020-07-08,US,Missouri,Cass,178,8,0,38.64789422,-94.353399,29037.0,168.2737757610134,4.49438202247191,170,169,8,0,161,164,104954,9,0,0,9,5
2020-07-08,US,Missouri,Cedar,12,0,0,37.72391475,-93.85445441,29039.0,83.62952122099102,0.0,12,12,0,0,12,11,14165,0,0,0,0,1
2020-07-08,US,Missouri,Chariton,6,0,0,39.51499357,-92.9629191,29041.0,80.79719903043363,0.0,6,6,0,0,6,6,7451,0,0,0,0,0
2020-07-08,US,Missouri,Christian,64,1,0,36.9711783,-93.18537118,29043.0,72.2388396636379,1.5625,63,54,1,0,53,49,86983,10,0,0,10,5
2020-07-08,US,Missouri,Clark,2,0,0,40.41040752,-91.73661677,29045.0,29.424746211563924,0.0,2,2,0,0,2,2,6842,0,0,0,0,0
2020-07-08,US,Missouri,Clay,526,13,0,39.31132056,-94.41850862,29047.0,210.44377230463937,2.4714828897338403,513,510,12,0,498,504,246365,16,1,0,15,6
2020-07-08,US,Missouri,Clinton,31,0,0,39.6013098,-94.40465394,29049.0,152.05768381811941,0.0,31,29,0,0,29,28,20470,2,0,0,2,1
2020-07-08,US,Missouri,Cole,95,2,0,38.50455671,-92.27860244,29051.0,123.78656590005863,2.1052631578947367,93,94,2,0,92,87,76796,1,0,0,1,7
2020-07-08,US,Missouri,Cooper,23,0,0,38.844478,-92.80896081,29053.0,129.87746343667058,0.0,23,23,0,0,23,20,17603,0,0,0,0,3
2020-07-08,US,Missouri,Crawford,19,0,0,37.97663738,-91.30528104,29055.0,79.4314381270903,0.0,19,18,0,0,18,17,23957,1,0,0,1,1
2020-07-08,US,Missouri,Dade,1,0,0,37.431814,-93.8503345,29057.0,13.225763787858751,0.0,1,1,0,0,1,1,7569,0,0,0,0,0
2020-07-08,US,Missouri,Dallas,16,1,0,37.6811355,-93.02127031,29059.0,94.79796184382036,6.25,15,15,1,0,14,15,16762,1,0,0,1,0
2020-07-08,US,Missouri,Daviess,10,0,0,39.96145298,-93.98519678,29061.0,120.80212611741966,0.0,10,10,0,0,10,9,8313,0,0,0,0,1
2020-07-08,US,Missouri,DeKalb,15,0,0,39.89201062,-94.40476508,29063.0,119.55049015700963,0.0,15,15,0,0,15,14,12630,0,0,0,0,1
2020-07-08,US,Missouri,Dent,5,0,0,37.60663134,-91.50790473,29065.0,32.106851602131904,0.0,5,5,0,0,5,4,15441,0,0,0,0,1
2020-07-08,US,Missouri,Douglas,6,0,0,36.9325593,-92.49905109,29067.0,45.50625711035267,0.0,6,6,0,0,6,6,13373,0,0,0,0,0
2020-07-08,US,Missouri,Dunklin,115,3,0,36.27167174,-90.09122243,29069.0,394.76845971645326,2.608695652173913,112,116,3,0,113,110,29423,-1,0,0,-1,6
2020-07-08,US,Missouri,Franklin,235,18,0,38.41127108,-91.07522826,29071.0,226.03326055382962,7.659574468085108,217,231,18,0,213,227,103670,4,0,0,4,4
2020-07-08,US,Missouri,Gasconade,13,0,0,38.43947277,-91.50847147,29073.0,88.39929280565754,0.0,13,12,0,0,12,12,14705,1,0,0,1,0
2020-07-08,US,Missouri,Gentry,63,9,0,40.21097916,-94.40944419,29075.0,958.7581798812967,14.285714285714285,54,63,9,0,54,60,6628,0,0,0,0,3
2020-07-08,US,Missouri,Greene,385,8,0,37.2575872,-93.34230916,29077.0,131.3607610053022,2.0779220779220777,377,373,8,0,365,351,291923,12,0,0,12,22
2020-07-08,US,Missouri,Grundy,20,1,0,40.11406587,-93.56509276,29079.0,203.0456852791878,5.0,19,20,1,0,19,20,9914,0,0,0,0,0
2020-07-08,US,Missouri,Harrison,21,0,0,40.35570088,-93.99222144,29081.0,251.4367816091954,0.0,21,19,0,0,19,17,8414,2,0,0,2,2
2020-07-08,US,Missouri,Henry,20,3,0,38.38482826,-93.79293734,29083.0,91.64222873900292,15.0,17,20,3,0,17,20,21792,0,0,0,0,0
2020-07-08,US,Missouri,Hickory,1,0,0,37.94163617,-93.3203037,29085.0,10.477787091366304,0.0,1,,,,,,9509,,,,,
2020-07-08,US,Missouri,Holt,1,0,0,40.09799248,-95.2163888,29087.0,22.71178741766977,0.0,1,1,0,0,1,1,4404,0,0,0,0,0
2020-07-08,US,Missouri,Howard,5,0,0,39.1435761,-92.69756691,29089.0,49.99500049995,0.0,5,5,0,0,5,5,10137,0,0,0,0,0
2020-07-08,US,Missouri,Howell,44,0,0,36.77383887,-91.88683935,29091.0,109.67918837400605,0.0,44,44,0,0,44,45,40076,0,0,0,0,-1
2020-07-08,US,Missouri,Iron,3,0,0,37.55487945,-90.7735296,29093.0,29.62962962962963,0.0,3,3,0,0,3,3,10177,0,0,0,0,0
2020-07-08,US,Missouri,Jackson,1438,42,0,39.01002188,-94.34724536,29095.0,204.548719721313,2.9207232267037546,1396,1397,42,0,1355,1359,700307,41,0,0,41,38
2020-07-08,US,Missouri,Jasper,881,7,0,37.20351921,-94.34050458,29097.0,726.1308189370961,0.7945516458569807,874,833,7,0,826,787,120636,48,0,0,48,46
2020-07-08,US,Missouri,Jefferson,527,22,0,38.25926778,-90.53870896,29099.0,234.1379325664983,4.174573055028463,505,514,22,0,492,504,224347,13,0,0,13,10
2020-07-08,US,Missouri,Johnson,199,0,0,38.74719601,-93.80691168,29101.0,368.0958899041841,0.0,199,197,0,0,197,169,53652,2,0,0,2,28
2020-07-08,US,Missouri,Kansas City,2870,31,0,39.0997,-94.5786,0.0,586.9804864779741,1.0801393728222997,2839,2814,31,0,2783,2748,491918,56,0,0,56,66
2020-07-08,US,Missouri,Knox,2,0,0,40.12699751,-92.14780832,29103.0,50.51780752715332,0.0,2,2,0,0,2,2,3947,0,0,0,0,0
2020-07-08,US,Missouri,Laclede,70,0,0,37.65896829,-92.5888493,29105.0,195.95218766620945,0.0,70,57,0,0,57,48,35713,13,0,0,13,9
2020-07-08,US,Missouri,Lafayette,97,2,0,39.06986886,-93.78076396,29107.0,296.5635318576495,2.061855670103093,95,94,2,0,92,93,32598,3,0,0,3,1
2020-07-08,US,Missouri,Lawrence,52,1,0,37.10626634,-93.83293097,29109.0,135.57554425759352,1.9230769230769231,51,48,1,0,47,46,38359,4,0,0,4,2
2020-07-08,US,Missouri,Lewis,8,1,0,40.09673161,-91.72070156,29111.0,81.83306055646482,12.5,7,8,1,0,7,8,9855,0,0,0,0,0
2020-07-08,US,Missouri,Lincoln,106,1,0,39.05345619,-90.95588181,29113.0,179.62143934387342,0.9433962264150944,105,105,1,0,104,102,57686,1,0,0,1,3
2020-07-08,US,Missouri,Linn,19,1,0,39.87001769,-93.10704106,29115.0,159.39597315436242,5.2631578947368425,18,19,1,0,18,18,12037,0,0,0,0,1
2020-07-08,US,Missouri,Livingston,21,0,0,39.78110272,-93.54645978,29117.0,137.91291784330463,0.0,21,21,0,0,21,20,15146,0,0,0,0,1
2020-07-08,US,Missouri,Macon,15,0,0,39.83049768,-92.56453089,29121.0,99.22603691208572,0.0,15,10,0,0,10,8,15153,5,0,0,5,2
2020-07-08,US,Missouri,Madison,7,0,0,37.47865134,-90.3467143,29123.0,57.90866975512906,0.0,7,7,0,0,7,7,12188,0,0,0,0,0
2020-07-08,US,Missouri,Maries,6,0,0,38.16193985,-91.92249662,29125.0,68.98930665746809,0.0,6,6,0,0,6,6,8769,0,0,0,0,0
2020-07-08,US,Missouri,Marion,27,0,0,39.80601912,-91.62203062,29127.0,94.63722397476342,0.0,27,26,0,0,26,25,28592,1,0,0,1,1
2020-07-08,US,Missouri,McDonald,670,1,0,36.62869595,-94.34867205,29119.0,2933.835442483689,0.14925373134328354,669,652,1,0,651,632,23078,18,0,0,18,20
2020-07-08,US,Missouri,Mercer,6,0,0,40.42212303,-93.5682959,29129.0,165.8833287254631,0.0,6,6,0,0,6,6,3641,0,0,0,0,0
2020-07-08,US,Missouri,Miller,22,0,0,38.21450288,-92.42610898,29131.0,85.87376556462002,0.0,22,20,0,0,20,19,25336,2,0,0,2,1
2020-07-08,US,Missouri,Mississippi,95,0,0,36.82516239,-89.29505753,29133.0,720.7890743550835,0.0,95,95,0,0,95,91,13336,0,0,0,0,4
2020-07-08,US,Missouri,Moniteau,66,1,0,38.63571781,-92.57976951,29135.0,409.1247210513266,1.5151515151515151,65,65,1,0,64,61,16121,1,0,0,1,4
2020-07-08,US,Missouri,Monroe,5,0,0,39.49593978,-92.00043978,29137.0,57.84359093012494,0.0,5,5,0,0,5,5,8664,0,0,0,0,0
2020-07-08,US,Missouri,Montgomery,21,0,0,38.94022054,-91.47000721,29139.0,181.8024413470695,0.0,21,21,0,0,21,21,11534,0,0,0,0,0
2020-07-08,US,Missouri,Morgan,26,0,0,38.4181765,-92.88791859,29141.0,126.04838318708492,0.0,26,22,0,0,22,19,20358,4,0,0,4,3
2020-07-08,US,Missouri,New Madrid,46,1,0,36.59666326,-89.66070007,29143.0,269.3839306629187,2.1739130434782608,45,45,1,0,44,45,17296,1,0,0,1,0
2020-07-08,US,Missouri,Newton,518,2,0,36.90519407,-94.3394104,29145.0,889.4841678686722,0.3861003861003861,516,502,2,0,500,478,58266,16,0,0,16,24
2020-07-08,US,Missouri,Nodaway,24,0,0,40.36079813,-94.88133008,29147.0,108.6366105377512,0.0,24,24,0,0,24,23,22304,0,0,0,0,1
2020-07-08,US,Missouri,Oregon,9,0,0,36.68710164,-91.4033755,29149.0,85.47820305822016,0.0,9,8,0,0,8,8,10541,1,0,0,1,0
2020-07-08,US,Missouri,Osage,11,0,0,38.46036182,-91.8613635,29151.0,80.79324274697025,0.0,11,10,0,0,10,9,13714,1,0,0,1,1
2020-07-08,US,Missouri,Ozark,2,0,0,36.64916339,-92.44459066,29153.0,21.80074122520166,0.0,2,2,0,0,2,2,9017,0,0,0,0,0
2020-07-08,US,Missouri,Pemiscot,115,6,0,36.2130572,-89.78742322,29155.0,727.6178424549195,5.217391304347826,109,114,6,0,108,111,16272,1,0,0,1,3
2020-07-08,US,Missouri,Perry,164,1,0,37.70660776,-89.82741088,29157.0,857.0234113712372,0.6097560975609756,163,163,1,0,162,156,19150,1,0,0,1,7
2020-07-08,US,Missouri,Pettis,139,1,0,38.72798918,-93.28471706,29159.0,328.30251068754575,0.7194244604316546,138,136,1,0,135,135,42542,3,0,0,3,1
2020-07-08,US,Missouri,Phelps,51,0,0,37.87736118,-91.79351727,29161.0,114.41904291835863,0.0,51,48,0,0,48,49,44732,3,0,0,3,-1
2020-07-08,US,Missouri,Pike,37,1,0,39.34310674,-91.16980779,29163.0,202.1636979565075,2.702702702702702,36,37,1,0,36,36,18504,0,0,0,0,1
2020-07-08,US,Missouri,Platte,139,6,0,39.38154439,-94.77068479,29165.0,133.1188109329809,4.316546762589929,133,135,6,0,129,131,102985,4,0,0,4,4
2020-07-08,US,Missouri,Polk,17,0,0,37.6162296,-93.39828174,29167.0,52.87878316588385,0.0,17,16,0,0,16,15,32201,1,0,0,1,1
2020-07-08,US,Missouri,Pulaski,134,1,0,37.82462075,-92.20783203,29169.0,254.7189537514019,0.746268656716418,133,130,1,0,129,129,52014,4,0,0,4,1
2020-07-08,US,Missouri,Putnam,4,0,0,40.47942497,-93.02042674,29171.0,85.17887563884156,0.0,4,4,0,0,4,3,4757,0,0,0,0,1
2020-07-08,US,Missouri,Ralls,10,0,0,39.52817427,-91.51838643,29173.0,97.00261907071491,0.0,10,10,0,0,10,10,10212,0,0,0,0,0
2020-07-08,US,Missouri,Randolph,14,0,0,39.44007257,-92.4971374,29175.0,56.57022789720381,0.0,14,13,0,0,13,13,24763,1,0,0,1,0
2020-07-08,US,Missouri,Ray,30,0,0,39.3537468,-93.98905745,29177.0,130.3327830393605,0.0,30,29,0,0,29,28,22883,1,0,0,1,1
2020-07-08,US,Missouri,Reynolds,2,0,0,37.36085952,-90.97009925,29179.0,31.89792663476873,0.0,2,2,0,0,2,2,6254,0,0,0,0,0
2020-07-08,US,Missouri,Ripley,20,0,0,36.65460667,-90.85990261,29181.0,150.51173991571343,0.0,20,19,0,0,19,19,13401,1,0,0,1,0
2020-07-08,US,Missouri,Saline,295,4,0,39.13734288,-93.20259964,29195.0,1296.076622292518,1.3559322033898304,291,290,4,0,286,287,22895,5,0,0,5,3
2020-07-08,US,Missouri,Schuyler,5,0,0,40.46921489,-92.52311943,29197.0,107.2961373390558,0.0,5,5,0,0,5,5,4599,0,0,0,0,0
2020-07-08,US,Missouri,Scotland,11,1,0,40.45214695,-92.14709064,29199.0,224.3982048143615,9.090909090909092,10,11,1,0,10,11,4966,0,0,0,0,0
2020-07-08,US,Missouri,Scott,191,11,0,37.05588075,-89.56474493,29201.0,498.9550679205852,5.7591623036649215,180,188,11,0,177,185,38458,3,0,0,3,3
2020-07-08,US,Missouri,Shannon,23,0,0,37.15772072,-91.40190382,29203.0,281.6556453588048,0.0,23,22,0,0,22,19,8189,1,0,0,1,3
2020-07-08,US,Missouri,Shelby,4,0,0,39.79742518,-92.07634971,29205.0,67.45362563237774,0.0,4,4,0,0,4,4,6050,0,0,0,0,0
2020-07-08,US,Missouri,St. Charles,1197,75,0,38.77875681,-90.66662425,29183.0,297.7448995328614,6.265664160401004,1122,1167,75,0,1092,1140,399182,30,0,0,30,27
2020-07-08,US,Missouri,St. Clair,3,0,0,38.03699437,-93.77631447,29185.0,31.92508247312973,0.0,3,2,0,0,2,2,9395,1,0,0,1,0
2020-07-08,US,Missouri,St. Francois,158,2,0,37.81214171,-90.47598685,29187.0,235.06657740087778,1.2658227848101269,156,158,2,0,156,152,66692,0,0,0,0,6
2020-07-08,US,Missouri,St. Louis,7284,593,0,38.63770039999999,-90.4458375,29189.0,732.6456817255998,8.14113124656782,6691,7066,593,0,6473,6931,996945,218,0,0,218,135
2020-07-08,US,Missouri,St. Louis City,2692,158,0,38.63555736,-90.24349225,29510.0,895.6137549238797,5.869242199108468,2534,2657,158,0,2499,2621,302838,35,0,0,35,36
2020-07-08,US,Missouri,Ste. Genevieve,22,1,0,37.89090059,-90.1949941,29186.0,122.94623896278082,4.545454545454546,21,22,1,0,21,21,17888,0,0,0,0,1
2020-07-08,US,Missouri,Stoddard,148,9,0,36.85571651,-89.9444155,29207.0,509.90525409130066,6.081081081081082,139,146,9,0,137,145,29206,2,0,0,2,1
2020-07-08,US,Missouri,Stone,21,0,0,36.75000327,-93.45256475,29209.0,65.7235853780671,0.0,21,19,0,0,19,20,31749,2,0,0,2,-1
2020-07-08,US,Missouri,Sullivan,118,0,0,40.2099105,-93.11150106,29211.0,1937.920840860568,0.0,118,119,0,0,119,115,6221,-1,0,0,-1,4
2020-07-08,US,Missouri,Taney,112,2,0,36.65465345,-93.04075153,29213.0,200.25747389500785,1.7857142857142858,110,105,2,0,103,96,55852,7,0,0,7,9
2020-07-08,US,Missouri,Texas,9,0,0,37.31728859,-91.96564727,29215.0,35.43586109142452,0.0,9,9,0,0,9,9,25571,0,0,0,0,0
2020-07-08,US,Missouri,Unassigned,1,0,0,0.0,0.0,90029.0,0.0,0.0,1,1,0,0,1,1,,0,0,0,0,0
2020-07-08,US,Missouri,Vernon,26,0,0,37.8457799,-94.34127305,29217.0,126.44069445119877,0.0,26,26,0,0,26,27,20528,0,0,0,0,-1
2020-07-08,US,Missouri,Warren,53,0,0,38.76529479,-91.16124662,29219.0,148.67177199921454,0.0,53,54,0,0,54,50,34711,-1,0,0,-1,4
2020-07-08,US,Missouri,Washington,26,1,0,37.96130078,-90.87948158,29221.0,105.13546300040436,3.8461538461538463,25,25,1,0,24,25,24943,1,0,0,1,0
2020-07-08,US,Missouri,Wayne,5,0,0,37.11303869,-90.46001416,29223.0,38.84098500737978,0.0,5,5,0,0,5,5,13122,0,0,0,0,0
2020-07-08,US,Missouri,Webster,46,1,0,37.2813734,-92.876329,29225.0,116.18508789654476,2.1739130434782608,45,48,1,0,47,44,39109,-2,0,0,-2,4
2020-07-08,US,Missouri,Worth,4,0,0,40.47945588,-94.42328751,29227.0,198.7083954297069,0.0,4,4,0,0,4,4,2040,0,0,0,0,0
2020-07-08,US,Missouri,Wright,30,0,0,37.27029221,-92.46914488,29229.0,164.03302531576358,0.0,30,29,0,0,29,28,18378,1,0,0,1,1
2020-07-08,US,Montana,Beaverhead,2,0,0,45.13434354,-112.89846940000001,30001.0,21.157304559399133,0.0,2,2,0,0,2,2,9404,0,0,0,0,0
2020-07-08,US,Montana,Big Horn,95,4,0,45.42335905,-107.492347,30003.0,713.2667617689018,4.2105263157894735,91,92,4,0,88,90,13338,3,0,0,3,2
2020-07-08,US,Montana,Broadwater,5,0,0,46.33277565,-111.49558130000001,30007.0,80.1667468334135,0.0,5,5,0,0,5,5,6085,0,0,0,0,0
2020-07-08,US,Montana,Carbon,30,0,0,45.22850116,-109.0274047,30009.0,279.72027972027973,0.0,30,29,0,0,29,28,10714,1,0,0,1,1
2020-07-08,US,Montana,Cascade,37,2,0,47.30797024,-111.3467922,30013.0,45.47353931617629,5.405405405405406,35,36,2,0,34,34,81643,1,0,0,1,2
2020-07-08,US,Montana,Custer,30,0,0,46.25319932,-105.57375259999998,30017.0,263.11173478337133,0.0,30,30,0,0,30,30,11586,0,0,0,0,0
2020-07-08,US,Montana,Dawson,8,0,0,47.26584855,-104.89444170000002,30021.0,92.88285150354116,0.0,8,8,0,0,8,8,8680,0,0,0,0,0
2020-07-08,US,Montana,Deer Lodge,4,0,0,46.05953325,-113.073353,30023.0,43.7636761487965,0.0,4,4,0,0,4,4,9131,0,0,0,0,0
2020-07-08,US,Montana,Fergus,2,0,0,47.26331584,-109.2245206,30027.0,18.099547511312217,0.0,2,2,0,0,2,2,11113,0,0,0,0,0
2020-07-08,US,Montana,Flathead,64,2,0,48.29575866,-114.05205690000001,30029.0,61.65346897096507,3.125,62,64,2,0,62,65,102106,0,0,0,0,-1
2020-07-08,US,Montana,Gallatin,327,1,0,45.54486106,-111.1692571,30031.0,285.7542338815387,0.3058103975535168,326,308,1,0,307,305,111876,19,0,0,19,3
2020-07-08,US,Montana,Glacier,25,0,0,48.70513576,-112.9934235,30035.0,181.77852104995273,0.0,25,25,0,0,25,25,13747,0,0,0,0,0
2020-07-08,US,Montana,Golden Valley,3,0,0,46.3816474,-109.17685220000001,30037.0,365.4080389768576,0.0,3,3,0,0,3,3,826,0,0,0,0,0
2020-07-08,US,Montana,Granite,5,0,0,46.40605220000001,-113.4414186,30039.0,147.97277300976617,0.0,5,4,0,0,4,4,3378,1,0,0,1,0
2020-07-08,US,Montana,Hill,7,0,0,48.62879827,-110.1129252,30041.0,42.46542101431693,0.0,7,7,0,0,7,2,16347,0,0,0,0,5
2020-07-08,US,Montana,Jefferson,5,0,0,46.14907081,-112.094396,30043.0,40.91318222731364,0.0,5,3,0,0,3,3,12097,2,0,0,2,0
2020-07-08,US,Montana,Lake,24,0,0,47.64514965,-114.0898013,30047.0,78.79703197846214,0.0,24,22,0,0,22,21,30250,2,0,0,2,1
2020-07-08,US,Montana,Lewis and Clark,39,0,0,47.12610041,-112.39469799999999,30049.0,56.1700656757691,0.0,39,36,0,0,36,35,68700,3,0,0,3,1
2020-07-08,US,Montana,Liberty,1,0,0,48.56084317,-111.02430700000001,30051.0,42.78990158322636,0.0,1,1,0,0,1,1,2430,0,0,0,0,0
2020-07-08,US,Montana,Lincoln,9,1,0,48.54265777,-115.4046155,30053.0,45.04504504504504,11.111111111111109,8,9,1,0,8,9,19794,0,0,0,0,0
2020-07-08,US,Montana,Madison,21,1,0,45.30080065,-111.9173017,30057.0,244.18604651162792,4.761904761904762,20,19,1,0,18,18,8768,2,0,0,2,1
2020-07-08,US,Montana,Meagher,4,0,0,46.59907074,-110.8898557,30059.0,214.8227712137487,0.0,4,2,0,0,2,2,1866,2,0,0,2,0
2020-07-08,US,Montana,Missoula,121,1,0,47.03728583,-113.92135079999998,30063.0,101.17056856187293,0.8264462809917356,120,121,1,0,120,121,118791,0,0,0,0,0
2020-07-08,US,Montana,Musselshell,1,0,0,46.49684637,-108.39498,30065.0,21.58428663932657,0.0,1,1,0,0,1,1,4651,0,0,0,0,0
2020-07-08,US,Montana,Park,16,0,0,45.48965095,-110.52643940000002,30067.0,96.35071660845476,0.0,16,16,0,0,16,13,16736,0,0,0,0,3
2020-07-08,US,Montana,Pondera,2,0,0,48.22773388,-112.22527029999999,30073.0,33.83522246658772,0.0,2,2,0,0,2,2,5972,0,0,0,0,0
2020-07-08,US,Montana,Ravalli,36,0,0,46.08520862,-114.11891640000002,30081.0,82.18052321599781,0.0,36,36,0,0,36,33,43172,0,0,0,0,3
2020-07-08,US,Montana,Richland,22,0,0,47.78668011,-104.5610786,30083.0,203.64713505507729,0.0,22,22,0,0,22,22,10913,0,0,0,0,0
2020-07-08,US,Montana,Roosevelt,7,0,0,48.29607488,-105.00792679999999,30085.0,63.613231552162844,0.0,7,7,0,0,7,7,11059,0,0,0,0,0
2020-07-08,US,Montana,Rosebud,10,1,0,46.23397237,-106.72928799999998,30087.0,111.89437171310284,10.0,9,10,1,0,9,10,9063,0,0,0,0,0
2020-07-08,US,Montana,Sheridan,1,0,0,48.72085833,-104.50382900000001,30091.0,30.22061045633122,0.0,1,1,0,0,1,1,3424,0,0,0,0,0
2020-07-08,US,Montana,Silver Bow,22,0,0,45.90018933,-112.6620092,30093.0,63.010167549763715,0.0,22,19,0,0,19,19,34993,3,0,0,3,0
2020-07-08,US,Montana,Stillwater,7,0,0,45.67071407,-109.3950061,30095.0,72.59904584111179,0.0,7,7,0,0,7,6,9534,0,0,0,0,1
2020-07-08,US,Montana,Teton,10,0,0,47.83741052,-112.24106880000001,30099.0,162.68098259313487,0.0,10,10,0,0,10,10,6162,0,0,0,0,0
2020-07-08,US,Montana,Toole,31,6,0,48.65577551,-111.69424140000001,30101.0,654.5608108108107,19.354838709677423,25,31,6,0,25,31,4853,0,0,0,0,0
2020-07-08,US,Montana,Treasure,2,0,0,46.20973220000001,-107.26665159999999,30103.0,287.3563218390805,0.0,2,2,0,0,2,2,679,0,0,0,0,0
2020-07-08,US,Montana,Valley,4,0,0,48.36435097,-106.6669635,30105.0,54.08328826392645,0.0,4,4,0,0,4,4,7437,0,0,0,0,0
2020-07-08,US,Montana,Wheatland,2,0,0,46.46652491,-109.84646359999999,30107.0,94.07337723424273,0.0,2,2,0,0,2,1,2236,0,0,0,0,1
2020-07-08,US,Montana,Yellowstone,330,4,0,45.93955949,-108.26914860000001,30111.0,204.5877247365158,1.2121212121212122,326,325,4,0,321,270,160137,5,0,0,5,55
2020-07-08,US,Nebraska,Adams,304,11,0,40.52449420000001,-98.50117804,31001.0,969.295029174505,3.6184210526315783,293,302,11,0,291,301,31511,2,0,0,2,1
2020-07-08,US,Nebraska,Antelope,9,1,0,42.17695516,-98.06662829999999,31003.0,142.9025087329311,11.111111111111109,8,9,1,0,8,9,6336,0,0,0,0,0
2020-07-08,US,Nebraska,Banner,2,0,0,41.54634427,-103.7114332,31007.0,268.4563758389262,0.0,2,2,0,0,2,2,730,0,0,0,0,0
2020-07-08,US,Nebraska,Boone,7,0,0,41.70759415,-98.06737183,31011.0,134.82280431432974,0.0,7,7,0,0,7,7,5239,0,0,0,0,0
2020-07-08,US,Nebraska,Box Butte,3,0,0,42.22079243,-103.08788340000001,31013.0,27.82157099137532,0.0,3,3,0,0,3,3,10772,0,0,0,0,0
2020-07-08,US,Nebraska,Boyd,1,0,0,42.899727399999996,-98.76486568,31015.0,52.110474205315285,0.0,1,1,0,0,1,1,1955,0,0,0,0,0
2020-07-08,US,Nebraska,Buffalo,198,1,0,40.85486962,-99.07500296,31019.0,398.7192653899595,0.5050505050505051,197,196,1,0,195,194,49615,2,0,0,2,2
2020-07-08,US,Nebraska,Burt,14,0,0,41.85056773,-96.32605633,31021.0,216.75181916705367,0.0,14,14,0,0,14,14,6488,0,0,0,0,0
2020-07-08,US,Nebraska,Butler,52,0,0,41.22703692,-97.13106306,31023.0,648.7025948103793,0.0,52,51,0,0,51,52,8058,1,0,0,1,-1
2020-07-08,US,Nebraska,Cass,76,1,0,40.90899107,-96.13971217,31025.0,289.54587016153613,1.3157894736842106,75,74,1,0,73,71,26159,2,0,0,2,3
2020-07-08,US,Nebraska,Cedar,18,0,0,42.598885100000004,-97.25311951,31027.0,214.23470602237563,0.0,18,17,0,0,17,17,8446,1,0,0,1,0
2020-07-08,US,Nebraska,Chase,1,0,0,40.523719799999995,-101.69780259999999,31029.0,25.4841997961264,0.0,1,1,0,0,1,1,3977,0,0,0,0,0
2020-07-08,US,Nebraska,Cherry,2,0,0,42.54502621,-101.1244332,31031.0,35.15556336790297,0.0,2,2,0,0,2,2,5761,0,0,0,0,0
2020-07-08,US,Nebraska,Cheyenne,20,0,0,41.21999357,-102.9941693,31033.0,224.46689113355785,0.0,20,19,0,0,19,19,9310,1,0,0,1,0
2020-07-08,US,Nebraska,Clay,28,0,0,40.52439441,-98.05126296,31035.0,451.3944865387716,0.0,28,28,0,0,28,27,6214,0,0,0,0,1
2020-07-08,US,Nebraska,Colfax,671,4,0,41.57486951,-97.0868542,31037.0,6265.757773835092,0.5961251862891207,667,671,4,0,667,670,10881,0,0,0,0,1
2020-07-08,US,Nebraska,Cuming,38,0,0,41.91637624,-96.78730772,31039.0,429.5726882206648,0.0,38,37,0,0,37,37,8940,1,0,0,1,0
2020-07-08,US,Nebraska,Custer,40,3,0,41.39374521,-99.72805369,31041.0,371.16080541894775,7.5,37,40,4,0,36,41,10840,0,-1,0,1,-1
2020-07-08,US,Nebraska,Dakota,1781,34,0,42.39040144,-96.56656425,31043.0,8893.438529911116,1.9090398652442448,1747,1776,35,0,1741,1776,20083,5,-1,0,6,0
2020-07-08,US,Nebraska,Dawes,4,0,0,42.71985036,-103.1313774,31045.0,46.57119571545,0.0,4,5,0,0,5,5,8716,-1,0,0,-1,0
2020-07-08,US,Nebraska,Dawson,867,8,0,40.87028216,-99.82014609999999,31047.0,3674.507310870947,0.9227220299884659,859,863,8,0,855,861,23709,4,0,0,4,2
2020-07-08,US,Nebraska,Dixon,52,2,0,42.49188363,-96.86782408,31051.0,922.6401703335699,3.8461538461538463,50,52,2,0,50,51,5709,0,0,0,0,1
2020-07-08,US,Nebraska,Dodge,699,8,0,41.58071748,-96.65598179,31053.0,1911.664159715575,1.1444921316165952,691,698,8,0,690,699,36791,1,0,0,1,-1
2020-07-08,US,Nebraska,Douglas,7684,97,0,41.29518299,-96.15085305,31055.0,1344.9390629184336,1.2623633524206144,7587,7596,98,0,7498,7500,566880,88,-1,0,89,96
2020-07-08,US,Nebraska,Fillmore,17,1,0,40.52458567,-97.59646937,31059.0,311.2413035518125,5.882352941176472,16,15,1,0,14,15,5527,2,0,0,2,0
2020-07-08,US,Nebraska,Franklin,8,0,0,40.17636348,-98.95299073,31061.0,268.5464921114468,0.0,8,8,0,0,8,8,3023,0,0,0,0,0
2020-07-08,US,Nebraska,Frontier,1,0,0,40.52993007,-100.3924658,31063.0,38.06623524933384,0.0,1,1,0,0,1,1,2608,0,0,0,0,0
2020-07-08,US,Nebraska,Furnas,10,1,0,40.17642064,-99.91247454,31065.0,213.85799828913602,10.0,9,10,1,0,9,10,4715,0,0,0,0,0
2020-07-08,US,Nebraska,Gage,59,3,0,40.26186809,-96.68946704,31067.0,274.2527773904151,5.084745762711863,56,58,3,0,55,58,21493,1,0,0,1,0
2020-07-08,US,Nebraska,Garden,4,0,0,41.61703149,-102.3313973,31069.0,217.74632553075668,0.0,4,4,0,0,4,4,1897,0,0,0,0,0
2020-07-08,US,Nebraska,Garfield,1,0,0,41.91428955,-98.99111827,31071.0,50.787201625190455,0.0,1,1,0,0,1,1,1987,0,0,0,0,0
2020-07-08,US,Nebraska,Gosper,13,0,0,40.51481965,-99.83020279,31073.0,653.2663316582915,0.0,13,13,0,0,13,13,1996,0,0,0,0,0
2020-07-08,US,Nebraska,Greeley,5,0,0,41.56742671,-98.52150266,31077.0,212.22410865874363,0.0,5,5,0,0,5,5,2356,0,0,0,0,0
2020-07-08,US,Nebraska,Hall,1611,47,0,40.87257079,-98.50218293,31079.0,2625.788470001467,2.9174425822470518,1564,1606,47,0,1559,1605,61607,5,0,0,5,1
2020-07-08,US,Nebraska,Hamilton,67,12,0,40.87349452,-98.02099117,31081.0,718.5757185757187,17.910447761194032,55,67,12,0,55,66,9280,0,0,0,0,1
2020-07-08,US,Nebraska,Harlan,1,0,0,40.17658508,-99.40438879,31083.0,29.58579881656805,0.0,1,1,0,0,1,1,3401,0,0,0,0,0
2020-07-08,US,Nebraska,Hitchcock,1,0,0,40.17609175,-101.04164770000001,31087.0,36.205648081100655,0.0,1,1,0,0,1,1,2806,0,0,0,0,0
2020-07-08,US,Nebraska,Holt,4,0,0,42.45522056,-98.78402558,31089.0,39.73378364954803,0.0,4,3,0,0,3,3,10178,1,0,0,1,0
2020-07-08,US,Nebraska,Hooker,2,0,0,41.91586243,-101.1354293,31091.0,293.2551319648094,0.0,2,2,0,0,2,2,682,0,0,0,0,0
2020-07-08,US,Nebraska,Howard,44,4,0,41.2200529,-98.5166499,31093.0,682.6997672614431,9.090909090909092,40,44,4,0,40,44,6468,0,0,0,0,0
2020-07-08,US,Nebraska,Jefferson,10,0,0,40.17584531,-97.142601,31095.0,141.92449616803862,0.0,10,10,0,0,10,10,7097,0,0,0,0,0
2020-07-08,US,Nebraska,Johnson,7,0,0,40.39257596,-96.26522753,31097.0,138.03983435219877,0.0,7,7,0,0,7,7,5134,0,0,0,0,0
2020-07-08,US,Nebraska,Kearney,17,0,0,40.50663314,-98.94877182,31099.0,261.7397998460354,0.0,17,17,0,0,17,17,6544,0,0,0,0,0
2020-07-08,US,Nebraska,Keith,4,0,0,41.19930341,-101.66201640000001,31101.0,49.78839930296241,0.0,4,4,0,0,4,4,8021,0,0,0,0,0
2020-07-08,US,Nebraska,Kimball,11,0,0,41.19774275,-103.7148131,31105.0,302.86343612334804,0.0,11,11,0,0,11,11,3618,0,0,0,0,0
2020-07-08,US,Nebraska,Knox,25,0,0,42.63758421,-97.89178836,31107.0,300.04800768122897,0.0,25,25,0,0,25,25,8419,0,0,0,0,0
2020-07-08,US,Nebraska,Lancaster,1963,13,0,40.78416049,-96.68777155,31109.0,615.1869378545238,0.6622516556291391,1950,1897,12,0,1885,1875,317272,66,1,0,65,22
2020-07-08,US,Nebraska,Lincoln,63,2,0,41.04658298,-100.74753740000001,31111.0,180.4433751503695,3.1746031746031744,61,63,2,0,61,61,35185,0,0,0,0,2
2020-07-08,US,Nebraska,Madison,379,4,0,41.91676024,-97.6005481,31119.0,1079.8028433858517,1.0554089709762533,375,376,4,0,372,377,35392,3,0,0,3,-1
2020-07-08,US,Nebraska,Merrick,39,0,0,41.16624273,-98.0374887,31121.0,502.9013539651838,0.0,39,39,0,0,39,39,7733,0,0,0,0,0
2020-07-08,US,Nebraska,Morrill,51,0,0,41.71711774,-103.0061405,31123.0,1098.664368806549,0.0,51,51,0,0,51,50,4686,0,0,0,0,1
2020-07-08,US,Nebraska,Nance,4,0,0,41.39750195,-97.99327291,31125.0,113.66865586814436,0.0,4,4,0,0,4,4,3532,0,0,0,0,0
2020-07-08,US,Nebraska,Nemaha,5,0,0,40.38514847,-95.85433992,31127.0,71.7154331612163,0.0,5,5,0,0,5,5,6958,0,0,0,0,0
2020-07-08,US,Nebraska,Nuckolls,1,0,0,40.17637905,-98.04743961,31129.0,24.108003857280607,0.0,1,1,0,0,1,1,4195,0,0,0,0,0
2020-07-08,US,Nebraska,Otoe,25,0,0,40.64843556,-96.13374142,31131.0,156.13290032475643,0.0,25,25,0,0,25,25,15985,0,0,0,0,0
2020-07-08,US,Nebraska,Phelps,27,0,0,40.51156033,-99.41461667,31137.0,298.87093203453617,0.0,27,27,0,0,27,27,8996,0,0,0,0,0
2020-07-08,US,Nebraska,Pierce,10,0,0,42.26434853,-97.60122773,31139.0,139.89927252378288,0.0,10,9,0,0,9,9,7142,1,0,0,1,0
2020-07-08,US,Nebraska,Platte,681,3,0,41.57246836,-97.52144359,31141.0,2034.6579025993426,0.4405286343612335,678,672,3,0,669,671,33363,9,0,0,9,1
2020-07-08,US,Nebraska,Polk,13,0,0,41.18813488,-97.56630712,31143.0,249.37655860349128,0.0,13,13,0,0,13,13,5278,0,0,0,0,0
2020-07-08,US,Nebraska,Red Willow,8,0,0,40.17556879999999,-100.476998,31145.0,74.59903021260723,0.0,8,8,0,0,8,8,10726,0,0,0,0,0
2020-07-08,US,Nebraska,Richardson,5,1,0,40.1247415,-95.71755036,31147.0,63.57279084551812,20.0,4,5,1,0,4,5,7937,0,0,0,0,0
2020-07-08,US,Nebraska,Rock,2,0,0,42.42252217,-99.44832069,31149.0,147.38393515106853,0.0,2,2,0,0,2,2,1360,0,0,0,0,0
2020-07-08,US,Nebraska,Saline,544,2,0,40.52418865,-97.14085859,31151.0,3824.521934758155,0.36764705882352944,542,540,2,0,538,539,14350,4,0,0,4,1
2020-07-08,US,Nebraska,Sarpy,1272,8,0,41.11314181,-96.11156432,31153.0,679.5016987542467,0.6289308176100629,1264,1259,8,0,1251,1242,184459,13,0,0,13,17
2020-07-08,US,Nebraska,Saunders,83,2,0,41.227810299999994,-96.63773905,31155.0,384.65103346000564,2.409638554216868,81,81,2,0,79,79,21303,2,0,0,2,2
2020-07-08,US,Nebraska,Scotts Bluff,231,5,0,41.85070896,-103.70809859999999,31157.0,648.5484867201976,2.1645021645021645,226,229,3,0,226,227,35989,2,2,0,0,2
2020-07-08,US,Nebraska,Seward,46,1,0,40.87241834,-97.139673,31159.0,266.14209673686645,2.1739130434782608,45,44,1,0,43,41,17318,2,0,0,2,3
2020-07-08,US,Nebraska,Sheridan,8,0,0,42.50284406,-102.4126613,31161.0,152.49714067861228,0.0,8,8,0,0,8,8,5190,0,0,0,0,0
2020-07-08,US,Nebraska,Sherman,5,0,0,41.22045983,-98.97588642,31163.0,166.61112962345885,0.0,5,5,0,0,5,5,3038,0,0,0,0,0
2020-07-08,US,Nebraska,Sioux,6,0,0,42.48932059,-103.7576544,31165.0,514.5797598627787,0.0,6,6,0,0,6,6,1187,0,0,0,0,0
2020-07-08,US,Nebraska,Stanton,21,0,0,41.9169835,-97.19394708,31167.0,354.72972972972974,0.0,21,21,0,0,21,21,5970,0,0,0,0,0
2020-07-08,US,Nebraska,Thayer,4,0,0,40.17626377,-97.59504381,31169.0,79.95202878273038,0.0,4,1,0,0,1,1,5039,3,0,0,3,0
2020-07-08,US,Nebraska,Thomas,1,0,0,41.91358968,-100.5556632,31171.0,138.50415512465375,0.0,1,1,0,0,1,1,720,0,0,0,0,0
2020-07-08,US,Nebraska,Thurston,167,1,0,42.15725356,-96.54157099,31173.0,2311.7386489479513,0.5988023952095808,166,166,1,0,165,128,7303,1,0,0,1,38
2020-07-08,US,Nebraska,Unassigned,123,1,0,0.0,0.0,90031.0,0.0,0.8130081300813008,122,126,1,0,125,166,,-3,0,0,-3,-40
2020-07-08,US,Nebraska,Valley,8,0,0,41.56730777,-98.98197724,31175.0,192.40019240019242,0.0,8,8,0,0,8,8,4190,0,0,0,0,0
2020-07-08,US,Nebraska,Washington,53,1,0,41.52815707,-96.22019892,31177.0,255.68044768199144,1.8867924528301887,52,50,1,0,49,50,20667,3,0,0,3,0
2020-07-08,US,Nebraska,Wayne,28,0,0,42.20934475,-97.11926964,31179.0,298.3484283431007,0.0,28,28,0,0,28,28,9403,0,0,0,0,0
2020-07-08,US,Nebraska,Webster,7,0,0,40.17642643,-98.50019851,31181.0,200.7456266131345,0.0,7,7,0,0,7,7,3533,0,0,0,0,0
2020-07-08,US,Nebraska,York,49,0,0,40.87272618,-97.59710186,31185.0,358.2133196871116,0.0,49,47,0,0,47,45,13772,2,0,0,2,2
2020-07-08,US,Nevada,Carson City,185,6,0,39.15509045,-119.7480219,32510.0,330.85342299163034,3.2432432432432434,179,182,5,0,177,180,55414,3,1,0,2,2
2020-07-08,US,Nevada,Churchill,20,1,0,39.58105744,-118.3394607,32001.0,80.29226384037898,5.0,19,20,1,0,19,18,24440,0,0,0,0,2
2020-07-08,US,Nevada,Clark,20126,454,0,36.21458855,-115.0130241,32003.0,887.8928316969711,2.2557885322468447,19672,19654,450,0,19204,18818,2231647,472,4,0,468,836
2020-07-08,US,Nevada,Douglas,79,0,0,38.912862,-119.61713329999999,32005.0,161.5376750843472,0.0,79,76,0,0,76,74,48467,3,0,0,3,2
2020-07-08,US,Nevada,Elko,162,1,0,41.14531606,-115.3577619,32007.0,306.94607601652206,0.6172839506172839,161,162,1,0,161,155,52460,0,0,0,0,7
2020-07-08,US,Nevada,Eureka,1,0,0,39.98100864,-116.26832040000001,32011.0,49.28536224741252,0.0,1,1,0,0,1,1,2003,0,0,0,0,0
2020-07-08,US,Nevada,Humboldt,86,4,0,41.40692186,-118.11094270000001,32013.0,510.9619155130414,4.651162790697675,82,86,4,0,82,84,16786,0,0,0,0,2
2020-07-08,US,Nevada,Lander,38,0,0,39.933223299999995,-117.03970749999999,32015.0,686.9125090383225,0.0,38,38,0,0,38,38,5575,0,0,0,0,0
2020-07-08,US,Nevada,Lincoln,2,0,0,37.64268459,-114.8790388,32017.0,38.58769052672198,0.0,2,2,0,0,2,2,5201,0,0,0,0,0
2020-07-08,US,Nevada,Lyon,135,2,0,39.01777974,-119.18704790000001,32019.0,234.74178403755863,1.4814814814814814,133,132,2,0,130,129,55808,3,0,0,3,3
2020-07-08,US,Nevada,Mineral,5,0,0,38.53841696,-118.4344506,32021.0,110.98779134295229,0.0,5,5,0,0,5,5,4514,0,0,0,0,0
2020-07-08,US,Nevada,Nye,150,3,0,38.04264256,-116.47227020000001,32023.0,322.42116802441797,2.0,147,150,3,0,147,130,45346,0,0,0,0,20
2020-07-08,US,Nevada,Pershing,9,0,0,40.44003782,-118.40056409999998,32027.0,133.82899628252787,0.0,9,9,0,0,9,9,6666,0,0,0,0,0
2020-07-08,US,Nevada,Storey,2,0,0,39.44875482,-119.5250207,32029.0,48.508367693427104,0.0,2,2,0,0,2,2,4029,0,0,0,0,0
2020-07-08,US,Nevada,Washoe,3295,82,0,40.66562265,-119.6631594,32031.0,698.8053503676416,2.4886191198786043,3213,3260,82,0,3178,3258,465735,35,0,0,35,2
2020-07-08,US,Nevada,White Pine,6,0,0,39.44157041,-114.89996599999999,32033.0,62.63048016701461,0.0,6,6,0,0,6,6,9475,0,0,0,0,0
2020-07-08,US,New Hampshire,Belknap,87,2,0,43.51637314,-71.41684235,33001.0,141.9180138003034,2.2988505747126435,85,86,2,0,84,85,61022,1,0,0,1,1
2020-07-08,US,New Hampshire,Carroll,64,0,0,43.87498583,-71.20430216,33003.0,130.85258638315273,0.0,64,64,0,0,64,63,48779,0,0,0,0,1
2020-07-08,US,New Hampshire,Cheshire,74,2,0,42.92015988,-72.25311043,33005.0,97.2596438194125,2.702702702702702,72,74,2,0,72,73,76493,0,0,0,0,1
2020-07-08,US,New Hampshire,Coos,9,0,0,44.69063265,-71.30633239,33007.0,28.5143997718848,0.0,9,9,0,0,9,9,31589,0,0,0,0,0
2020-07-08,US,New Hampshire,Grafton,90,1,0,43.93779815,-71.82057197,33009.0,100.12682731459849,1.1111111111111112,89,88,1,0,87,88,89786,2,0,0,2,0
2020-07-08,US,New Hampshire,Hillsborough,3370,256,0,42.91537785,-71.7200253,33011.0,808.10502967448,7.596439169139466,3114,3361,254,0,3107,3348,415247,9,2,0,7,13
2020-07-08,US,New Hampshire,Merrimack,421,19,0,43.29662971,-71.6811573,33013.0,278.0878651967422,4.513064133016627,402,420,19,0,401,419,151132,1,0,0,1,1
2020-07-08,US,New Hampshire,Rockingham,1505,92,0,42.98499744,-71.12883377,33015.0,485.8459045288586,6.112956810631228,1413,1499,92,0,1407,1495,309176,6,0,0,6,4
2020-07-08,US,New Hampshire,Strafford,296,13,0,43.291833000000004,-71.02336013,33017.0,226.5889935927369,4.391891891891892,283,295,13,0,282,296,130090,1,0,0,1,-1
2020-07-08,US,New Hampshire,Sullivan,35,1,0,43.36094111,-72.22203125,33019.0,81.11991841653919,2.8571428571428568,34,35,1,0,34,35,43144,0,0,0,0,0
2020-07-08,US,New Hampshire,Unassigned,1,0,0,0.0,0.0,90033.0,0.0,0.0,1,1,0,0,1,3,,0,0,0,0,-2
2020-07-08,US,New Jersey,Atlantic,2962,224,0,39.47538693,-74.65848483,34001.0,1123.3739143626503,7.562457798784605,2738,2961,222,0,2739,2949,265429,1,2,0,-1,12
2020-07-08,US,New Jersey,Bergen,19732,2010,0,40.96010917,-74.07164325,34003.0,2116.7086103655647,10.186499087776204,17722,19676,2009,0,17667,19655,936692,56,1,0,55,21
2020-07-08,US,New Jersey,Burlington,5306,441,0,39.87681124,-74.66927768,34005.0,1191.4251519594745,8.311345646437994,4865,5295,438,0,4857,5277,445384,11,3,0,8,18
2020-07-08,US,New Jersey,Camden,7573,538,0,39.80343818,-74.96388753,34007.0,1495.2484939907715,7.1041859236762175,7035,7536,534,0,7002,7496,507078,37,4,0,33,40
2020-07-08,US,New Jersey,Cape May,718,76,0,39.15008829,-74.80170244,34009.0,780.1040863112378,10.584958217270195,642,720,75,0,645,720,92560,-2,1,0,-3,0
2020-07-08,US,New Jersey,Cumberland,3030,149,0,39.37199394,-75.10712559,34011.0,2026.389882763648,4.917491749174918,2881,3029,149,0,2880,3021,150972,1,0,0,1,8
2020-07-08,US,New Jersey,Essex,18920,2046,0,40.78681335,-74.24657979,34013.0,2368.034043618386,10.813953488372093,16874,18918,2042,0,16876,18895,799767,2,4,0,-2,23
2020-07-08,US,New Jersey,Gloucester,2691,192,0,39.71581067,-75.13995546,34015.0,922.7255894334033,7.134894091415831,2499,2671,190,0,2481,2656,291408,20,2,0,18,15
2020-07-08,US,New Jersey,Hudson,19024,1462,0,40.73766234,-74.07515667,34017.0,2829.3061626345384,7.685029436501262,17562,19016,1460,0,17556,18990,676061,8,2,0,6,26
2020-07-08,US,New Jersey,Hunterdon,1091,124,0,40.56335249,-74.91284156,34019.0,877.2141415603315,11.365719523373054,967,1090,124,0,966,1090,124714,1,0,0,1,0
2020-07-08,US,New Jersey,Mercer,7751,595,0,40.28047017,-74.70479631,34021.0,2109.517459107857,7.6764288478905955,7156,7756,592,0,7164,7745,369811,-5,3,0,-8,11
2020-07-08,US,New Jersey,Middlesex,16956,1348,0,40.43629879,-74.41426991,34023.0,2055.118282020018,7.949988204765276,15608,16966,1338,0,15628,16957,829685,-10,10,0,-20,9
2020-07-08,US,New Jersey,Monmouth,9362,825,0,40.26549699,-74.22240686,34025.0,1512.940473016104,8.81221961119419,8537,9346,822,0,8524,9320,621354,16,3,0,13,26
2020-07-08,US,New Jersey,Morris,6854,810,0,40.86095313,-74.54553709999998,34027.0,1393.5284490032432,11.817916545083165,6044,6830,806,0,6024,6820,494228,24,4,0,20,10
2020-07-08,US,New Jersey,Ocean,9753,986,0,39.8895449,-74.28089251,34029.0,1606.2623314766806,10.109709832871935,8767,9738,982,0,8756,9716,601651,15,4,0,11,22
2020-07-08,US,New Jersey,Passaic,16978,1204,0,41.03238628,-74.29954144,34031.0,3383.2443914823066,7.091530215573094,15774,16974,1200,0,15774,16963,503310,4,4,0,0,11
2020-07-08,US,New Jersey,Salem,808,77,0,39.58719656,-75.34696629999998,34033.0,1295.1831369720285,9.529702970297027,731,807,77,0,730,805,62607,1,0,0,1,2
2020-07-08,US,New Jersey,Somerset,4950,537,0,40.56465737,-74.61683016,34035.0,1504.8611575574432,10.848484848484848,4413,4945,535,0,4410,4943,331164,5,2,0,3,2
2020-07-08,US,New Jersey,Sussex,1219,194,0,41.13891592,-74.69118243,34037.0,867.6897670975458,15.914684167350288,1025,1214,193,0,1021,1211,140799,5,1,0,4,3
2020-07-08,US,New Jersey,Unassigned,656,0,0,0.0,0.0,90034.0,0.0,0.0,656,682,0,0,682,695,,-26,0,0,-26,-13
2020-07-08,US,New Jersey,Union,16443,1330,0,40.65835409,-74.30680092,34039.0,2955.561427254148,8.088548318433375,15113,16450,1331,0,15119,16432,558067,-7,-1,0,-6,18
2020-07-08,US,New Jersey,Warren,1262,164,0,40.85951833,-74.99556527,34041.0,1198.8562417471762,12.995245641838352,1098,1258,162,0,1096,1255,105779,4,2,0,2,3
2020-07-08,US,New Mexico,Bernalillo,2717,92,0,35.05163625,-106.6703554,35001.0,400.0759805690002,3.3860875966139123,2625,2618,89,0,2529,2531,678701,99,3,0,96,87
2020-07-08,US,New Mexico,Catron,2,1,0,33.91514144,-108.4046587,35003.0,56.70541536716757,50.0,1,2,1,0,1,2,3578,0,0,0,0,0
2020-07-08,US,New Mexico,Chaves,147,2,0,33.36406072,-104.4665365,35005.0,227.50135417472725,1.3605442176870748,145,133,2,0,131,127,64689,14,0,0,14,6
2020-07-08,US,New Mexico,Cibola,243,14,0,34.91131525,-107.998876,35006.0,910.9653233364572,5.761316872427983,229,242,14,0,228,241,26746,1,0,0,1,1
2020-07-08,US,New Mexico,Colfax,9,1,0,36.60569702,-104.64726740000002,35007.0,75.37057197889624,11.111111111111109,8,9,1,0,8,9,12110,0,0,0,0,0
2020-07-08,US,New Mexico,Curry,207,0,0,34.57421077,-103.34688759999999,35009.0,422.8459370020836,0.0,207,201,0,0,201,199,49437,6,0,0,6,2
2020-07-08,US,New Mexico,Dona Ana,1285,11,0,32.35275771,-106.83293870000001,35013.0,588.9227525836981,0.8560311284046692,1274,1233,10,0,1223,1211,217522,52,1,0,51,22
2020-07-08,US,New Mexico,Eddy,116,1,0,32.47167456,-104.3053527,35015.0,198.42627437564147,0.8620689655172413,115,107,1,0,106,104,57900,9,0,0,9,3
2020-07-08,US,New Mexico,Grant,27,0,0,32.73911281,-108.3827845,35017.0,100.0074079561449,0.0,27,24,0,0,24,24,27346,3,0,0,3,0
2020-07-08,US,New Mexico,Guadalupe,20,0,0,34.86319296,-104.790669,35019.0,465.11627906976736,0.0,20,20,0,0,20,20,4341,0,0,0,0,0
2020-07-08,US,New Mexico,Harding,1,0,0,35.85751555,-103.82209379999999,35021.0,160.0,0.0,1,1,0,0,1,1,655,0,0,0,0,0
2020-07-08,US,New Mexico,Hidalgo,62,0,0,31.91383467,-108.7151824,35023.0,1476.8937589328252,0.0,62,61,0,0,61,60,4240,1,0,0,1,1
2020-07-08,US,New Mexico,Lea,223,0,0,32.79215361,-103.4123733,35025.0,313.77515125932183,0.0,223,211,0,0,211,204,69611,12,0,0,12,7
2020-07-08,US,New Mexico,Lincoln,16,0,0,33.74526079,-105.4586166,35027.0,81.74943797261393,0.0,16,14,0,0,14,14,19556,2,0,0,2,0
2020-07-08,US,New Mexico,Los Alamos,11,0,0,35.86631386,-106.31349850000001,35028.0,56.79178068046879,0.0,11,11,0,0,11,9,19101,0,0,0,0,2
2020-07-08,US,New Mexico,Luna,113,3,0,32.18179341,-107.75088259999998,35029.0,476.61225694883797,2.6548672566371683,110,112,3,0,109,104,23963,1,0,0,1,8
2020-07-08,US,New Mexico,McKinley,3548,184,0,35.58007720000001,-108.262245,35031.0,4971.485420432413,5.186020293122887,3364,3525,181,0,3344,3514,72290,23,3,0,20,11
2020-07-08,US,New Mexico,Otero,65,7,0,32.61348406,-105.7417604,35035.0,96.31056452807823,10.769230769230768,58,63,7,0,56,60,66781,2,0,0,2,3
2020-07-08,US,New Mexico,Quay,9,1,0,35.10403332,-103.54817270000001,35037.0,109.05125408942206,11.111111111111109,8,8,1,0,7,7,8253,1,0,0,1,1
2020-07-08,US,New Mexico,Rio Arriba,124,1,0,36.51072137,-106.69316740000001,35039.0,318.5940751779245,0.8064516129032258,123,119,1,0,118,110,39006,5,0,0,5,9
2020-07-08,US,New Mexico,Roosevelt,74,1,0,34.02097406,-103.4799493,35041.0,400.0,1.351351351351351,73,74,1,0,73,72,18743,0,0,0,0,2
2020-07-08,US,New Mexico,San Juan,2612,166,0,36.50838318,-108.32043700000001,35045.0,2107.1653301924844,6.355283307810107,2446,2594,165,0,2429,2560,125043,18,1,0,17,34
2020-07-08,US,New Mexico,San Miguel,23,0,0,35.48014807,-104.8163562,35047.0,84.32012318070169,0.0,23,23,0,0,23,22,27591,0,0,0,0,1
2020-07-08,US,New Mexico,Sandoval,793,30,0,35.68862401,-106.86878030000001,35043.0,540.3821517158667,3.7831021437578816,763,776,30,0,746,769,145179,17,0,0,17,7
2020-07-08,US,New Mexico,Santa Fe,293,3,0,35.50708973,-105.9774716,35049.0,194.8682477819604,1.023890784982935,290,283,3,0,280,275,150056,10,0,0,10,8
2020-07-08,US,New Mexico,Sierra,14,0,0,33.13028233,-107.1925893,35051.0,129.7377444166435,0.0,14,14,0,0,14,14,10968,0,0,0,0,0
2020-07-08,US,New Mexico,Socorro,61,5,0,34.00715494,-106.9298354,35053.0,366.65264170222997,8.196721311475411,56,61,5,0,56,61,16735,0,0,0,0,0
2020-07-08,US,New Mexico,Taos,51,1,0,36.58006022,-105.63101979999999,35055.0,155.85368089722823,1.96078431372549,50,49,1,0,48,49,32835,2,0,0,2,0
2020-07-08,US,New Mexico,Torrance,47,1,0,34.64048375,-105.8508949,35057.0,303.9906862428045,2.127659574468085,46,48,1,0,47,48,15591,-1,0,0,-1,0
2020-07-08,US,New Mexico,Unassigned,933,0,0,0.0,0.0,90035.0,0.0,0.0,933,928,0,0,928,927,,5,0,0,5,1
2020-07-08,US,New Mexico,Union,8,0,0,36.48126404,-103.4709624,35059.0,197.09288001970933,0.0,8,8,0,0,8,8,4118,0,0,0,0,0
2020-07-08,US,New Mexico,Valencia,163,2,0,34.71669834,-106.8103733,35061.0,212.5495514291676,1.2269938650306749,161,155,2,0,153,151,76456,8,0,0,8,4
2020-07-08,US,New York,Albany,2175,121,0,42.60060306,-73.97723916,36001.0,711.9336445110735,5.563218390804598,2054,2164,121,0,2043,2160,307117,11,0,0,11,4
2020-07-08,US,New York,Allegany,64,1,0,42.25748406,-78.02750466,36003.0,138.85574190188973,1.5625,63,63,1,0,62,63,46430,1,0,0,1,0
2020-07-08,US,New York,Broome,766,58,0,42.15903158,-75.81326086,36007.0,402.12506824576883,7.571801566579634,708,762,58,0,704,757,191659,4,0,0,4,5
2020-07-08,US,New York,Cattaraugus,130,6,0,42.24778241,-78.67923096,36009.0,170.78970532206998,4.615384615384615,124,128,6,0,122,128,76840,2,0,0,2,0
2020-07-08,US,New York,Cayuga,122,2,0,42.91261714,-76.55731592,36011.0,159.3188466360217,1.639344262295082,120,122,2,0,120,122,77145,0,0,0,0,0
2020-07-08,US,New York,Chautauqua,149,7,0,42.22769210000001,-79.36691763,36013.0,117.41251191855196,4.697986577181208,142,135,7,0,128,134,127939,14,0,0,14,1
2020-07-08,US,New York,Chemung,147,2,0,42.13891056,-76.7638805,36015.0,176.14072085889572,1.3605442176870748,145,147,2,0,145,146,84254,0,0,0,0,1
2020-07-08,US,New York,Chenango,159,5,0,42.49430041,-75.60887553,36017.0,336.8144554832969,3.1446540880503147,154,157,5,0,152,156,47536,2,0,0,2,1
2020-07-08,US,New York,Clinton,106,4,0,44.74530905,-73.67875352,36019.0,131.70155929676338,3.7735849056603774,102,105,4,0,101,103,80695,1,0,0,1,2
2020-07-08,US,New York,Columbia,482,37,0,42.24819348,-73.63089095,36021.0,810.6153613292746,7.6763485477178435,445,479,37,0,442,477,59916,3,0,0,3,2
2020-07-08,US,New York,Cortland,54,0,0,42.59509207,-76.07048931,36023.0,113.490679052563,0.0,54,53,0,0,53,52,47823,1,0,0,1,1
2020-07-08,US,New York,Delaware,91,4,0,42.19837623,-74.96709306,36025.0,206.18556701030928,4.395604395604397,87,91,4,0,87,91,44527,0,0,0,0,0
2020-07-08,US,New York,Dutchess,4250,152,0,41.76486060000001,-73.74356679,36027.0,1444.5071341658227,3.5764705882352943,4098,4248,152,0,4096,4246,293718,2,0,0,2,2
2020-07-08,US,New York,Erie,7596,639,0,42.76249024,-78.73063652,36029.0,826.8187072630733,8.412322274881516,6957,7544,639,0,6905,7500,919719,52,0,0,52,44
2020-07-08,US,New York,Essex,49,0,0,44.11630765,-73.77297842,36031.0,132.84533007997828,0.0,49,49,0,0,49,49,37300,0,0,0,0,0
2020-07-08,US,New York,Franklin,33,0,0,44.59040891,-74.29926032,36033.0,65.97097277198033,0.0,33,33,0,0,33,33,50293,0,0,0,0,0
2020-07-08,US,New York,Fulton,262,24,0,43.11363907,-74.41798804,36035.0,490.7929490661821,9.16030534351145,238,262,24,0,238,262,53591,0,0,0,0,0
2020-07-08,US,New York,Genesee,244,5,0,43.0022601,-78.19135193,36037.0,425.97765363128485,2.0491803278688523,239,242,5,0,237,242,57511,2,0,0,2,0
2020-07-08,US,New York,Greene,263,18,0,42.275797,-74.12384884,36039.0,557.3450877341697,6.844106463878328,245,263,18,0,245,263,47491,0,0,0,0,0
2020-07-08,US,New York,Hamilton,6,0,0,43.66146647,-74.49721957,36041.0,135.8695652173913,0.0,6,6,0,0,6,6,4434,0,0,0,0,0
2020-07-08,US,New York,Herkimer,181,4,0,43.42034246,-74.96145307,36043.0,295.1776773919992,2.209944751381216,177,181,4,0,177,179,61833,0,0,0,0,2
2020-07-08,US,New York,Jefferson,94,0,0,44.04200959,-75.94653457,36045.0,85.58369903672815,0.0,94,94,0,0,94,94,111755,0,0,0,0,0
2020-07-08,US,New York,Lewis,31,0,0,43.784415700000004,-75.44903992,36049.0,117.88865226650441,0.0,31,31,0,0,31,31,26447,0,0,0,0,0
2020-07-08,US,New York,Livingston,137,8,0,42.72596275,-77.77966158,36051.0,217.75757383094384,5.8394160583941614,129,134,8,0,126,133,63227,3,0,0,3,1
2020-07-08,US,New York,Madison,368,17,0,42.91653905,-75.67266639,36053.0,518.740925557858,4.619565217391305,351,367,17,0,350,364,70795,1,0,0,1,3
2020-07-08,US,New York,Monroe,4046,273,0,43.14638895,-77.69322942,36055.0,545.4520943149494,6.747404844290657,3773,4004,273,0,3731,3974,742474,42,0,0,42,30
2020-07-08,US,New York,Montgomery,121,4,0,42.90123494,-74.44011632,36057.0,245.83003189695447,3.3057851239669422,117,121,4,0,117,120,49455,0,0,0,0,1
2020-07-08,US,New York,Nassau,42122,2188,0,40.74066522,-73.58941873,36059.0,3104.2269132243223,5.194435212003229,39934,42088,2187,0,39901,42053,1358343,34,1,0,33,35
2020-07-08,US,New York,New York City,217777,23224,0,40.76727260000001,-73.97152637,36061.0,2612.231982542018,10.664119718794916,194553,217488,23218,0,194270,217216,1628701,289,6,0,283,272
2020-07-08,US,New York,Niagara,1307,90,0,43.19898042,-78.74777412,36063.0,624.5191871216211,6.885998469778117,1217,1297,90,0,1207,1290,210433,10,0,0,10,7
2020-07-08,US,New York,Oneida,1776,98,0,43.24375382,-75.43710392,36065.0,776.6616667614171,5.518018018018018,1678,1760,98,0,1662,1749,229577,16,0,0,16,11
2020-07-08,US,New York,Onondaga,3029,188,0,43.00491923,-76.19971155,36067.0,657.7233088976133,6.2066688676130735,2841,2997,188,0,2809,2963,461809,32,0,0,32,34
2020-07-08,US,New York,Ontario,286,33,0,42.85145728,-77.30874425,36069.0,260.52816163677267,11.538461538461537,253,283,33,0,250,282,109864,3,0,0,3,1
2020-07-08,US,New York,Orange,10806,484,0,41.40337468,-74.30240757,36071.0,2807.190731023017,4.4789931519526185,10322,10798,484,0,10314,10781,381951,8,0,0,8,17
2020-07-08,US,New York,Orleans,286,54,0,43.2516977,-78.2320066,36073.0,708.7628865979382,18.88111888111888,232,285,54,0,231,284,40612,1,0,0,1,1
2020-07-08,US,New York,Oswego,210,3,0,43.42778894,-76.14635194,36075.0,179.29715515180493,1.4285714285714286,207,207,3,0,204,206,117898,3,0,0,3,1
2020-07-08,US,New York,Otsego,86,5,0,42.63492579,-75.03151402,36077.0,144.55482157564757,5.813953488372092,81,86,5,0,81,86,59749,0,0,0,0,0
2020-07-08,US,New York,Putnam,1344,63,0,41.42630093,-73.74965532,36079.0,1366.9650122050448,4.6875,1281,1340,63,0,1277,1337,98892,4,0,0,4,3
2020-07-08,US,New York,Rensselaer,580,30,0,42.71348136,-73.51089874,36083.0,365.43720150711334,5.172413793103448,550,571,30,0,541,568,159442,9,0,0,9,3
2020-07-08,US,New York,Rockland,13679,668,0,41.15027894,-74.02560498,36087.0,4198.729852757459,4.8833979092038895,13011,13668,668,0,13000,13656,325695,11,0,0,11,12
2020-07-08,US,New York,Saratoga,582,17,0,43.10904162,-73.86653895,36091.0,253.1942939925086,2.9209621993127146,565,578,17,0,561,572,230163,4,0,0,4,6
2020-07-08,US,New York,Schenectady,844,37,0,42.81668777,-74.05278291,36093.0,543.4677621877797,4.38388625592417,807,843,37,0,806,838,155350,1,0,0,1,5
2020-07-08,US,New York,Schoharie,60,0,0,42.58831742,-74.44339029999998,36095.0,193.5546307945417,0.0,60,59,0,0,59,59,31097,1,0,0,1,0
2020-07-08,US,New York,Schuyler,13,0,0,42.39184015,-76.8773299,36097.0,73.0049980344808,0.0,13,13,0,0,13,13,17912,0,0,0,0,0
2020-07-08,US,New York,Seneca,71,0,0,42.78081007,-76.82497064,36099.0,208.72530573847598,0.0,71,71,0,0,71,71,34300,0,0,0,0,0
2020-07-08,US,New York,St. Lawrence,227,2,0,44.4976179,-75.06550039,36089.0,210.6924076480416,0.8810572687224669,225,226,2,0,224,226,108047,1,0,0,1,0
2020-07-08,US,New York,Steuben,271,41,0,42.2689144,-77.3829924,36101.0,284.1296302121012,15.129151291512914,230,271,41,0,230,271,95796,0,0,0,0,0
2020-07-08,US,New York,Suffolk,41799,1985,0,40.88320119,-72.8012172,36103.0,2830.7579366396203,4.7489174382162265,39814,41730,1985,0,39745,41685,1481093,69,0,0,69,45
2020-07-08,US,New York,Sullivan,1460,48,0,41.71579493,-74.76394559,36105.0,1935.518082511401,3.287671232876712,1412,1459,48,0,1411,1457,75498,1,0,0,1,2
2020-07-08,US,New York,Tioga,150,24,0,42.16852837,-76.30835812,36107.0,311.18395120635637,16.0,126,150,24,0,126,148,48560,0,0,0,0,2
2020-07-08,US,New York,Tompkins,180,0,0,42.44945765,-76.47229843,36109.0,176.15971814445095,0.0,180,179,0,0,179,179,102793,1,0,0,1,0
2020-07-08,US,New York,Ulster,1845,86,0,41.89027881,-74.26252104,36111.0,1039.009308847629,4.661246612466124,1759,1843,86,0,1757,1840,178599,2,0,0,2,3
2020-07-08,US,New York,Warren,273,33,0,43.56173026,-73.8433699,36113.0,426.9360690604279,12.087912087912088,240,273,33,0,240,272,64265,0,0,0,0,1
2020-07-08,US,New York,Washington,247,14,0,43.31153794,-73.43043448,36115.0,403.5683942225998,5.668016194331983,233,247,14,0,233,247,61197,0,0,0,0,0
2020-07-08,US,New York,Wayne,193,3,0,43.15494365,-77.02976528,36117.0,214.64000533819703,1.5544041450777202,190,191,3,0,188,186,90064,2,0,0,2,5
2020-07-08,US,New York,Westchester,35154,1431,0,41.16278376,-73.75741653,36119.0,3633.465838971541,4.0706605222734265,33723,35106,1430,0,33676,35084,967612,48,1,0,47,22
2020-07-08,US,New York,Wyoming,98,5,0,42.70145109,-78.22199579,36121.0,245.86668004716626,5.1020408163265305,93,97,5,0,92,97,40085,1,0,0,1,0
2020-07-08,US,New York,Yates,48,6,0,42.63505484,-77.10369919,36123.0,192.67049331674232,12.5,42,48,6,0,42,48,24841,0,0,0,0,0
2020-07-08,US,North Carolina,Alamance,1335,37,0,36.0434701,-79.39976137,37001.0,787.5688016565492,2.7715355805243447,1298,1320,37,0,1283,1292,166436,15,0,0,15,28
2020-07-08,US,North Carolina,Alexander,138,1,0,35.922379600000006,-81.17751948,37003.0,368.0294423553884,0.7246376811594203,137,134,1,0,133,124,37353,4,0,0,4,10
2020-07-08,US,North Carolina,Alleghany,37,0,0,36.49360862,-81.12857041,37005.0,332.2259136212625,0.0,37,37,0,0,37,37,11161,0,0,0,0,0
2020-07-08,US,North Carolina,Anson,171,2,0,34.97403241,-80.09953279,37007.0,699.5009408492186,1.1695906432748535,169,162,2,0,160,155,24877,9,0,0,9,7
2020-07-08,US,North Carolina,Ashe,61,1,0,36.43296207,-81.49862729,37009.0,224.23997353233105,1.639344262295082,60,60,1,0,59,60,27109,1,0,0,1,0
2020-07-08,US,North Carolina,Avery,27,0,0,36.07569796,-81.92308483,37011.0,153.7848151734351,0.0,27,27,0,0,27,25,17505,0,0,0,0,2
2020-07-08,US,North Carolina,Beaufort,118,0,0,35.48531943,-76.84325809,37013.0,251.09588458101035,0.0,118,110,0,0,110,108,47079,8,0,0,8,2
2020-07-08,US,North Carolina,Bertie,152,4,0,36.0688473,-76.96545943,37015.0,802.2378212909697,2.631578947368421,148,151,4,0,147,151,19026,1,0,0,1,0
2020-07-08,US,North Carolina,Bladen,411,4,0,34.61296243,-78.56180059,37017.0,1256.0356946396919,0.97323600973236,407,406,4,0,402,399,33190,5,0,0,5,7
2020-07-08,US,North Carolina,Brunswick,713,7,0,34.070565,-78.22814204,37019.0,499.2297997479345,0.9817671809256662,706,677,7,0,670,662,136744,36,0,0,36,15
2020-07-08,US,North Carolina,Buncombe,737,30,0,35.61113393,-82.53305,37021.0,282.16898744596864,4.07055630936228,707,711,30,0,681,693,259103,26,0,0,26,18
2020-07-08,US,North Carolina,Burke,1134,20,0,35.74989637,-81.70755735,37023.0,1253.246394430016,1.7636684303350971,1114,1129,20,0,1109,1110,90382,5,0,0,5,19
2020-07-08,US,North Carolina,Cabarrus,1424,33,0,35.3877799,-80.55267168,37025.0,657.8795396691197,2.3174157303370793,1391,1399,33,0,1366,1368,211342,25,0,0,25,31
2020-07-08,US,North Carolina,Caldwell,546,6,0,35.95204977,-81.54799522,37027.0,664.4113996446738,1.0989010989010992,540,534,4,0,530,522,82029,12,2,0,10,12
2020-07-08,US,North Carolina,Camden,34,1,0,36.33804939,-76.15568396,37029.0,312.8738382258213,2.9411764705882355,33,33,0,0,33,31,10710,1,1,0,0,2
2020-07-08,US,North Carolina,Carteret,121,3,0,34.8932941,-76.54120135,37031.0,174.1683819613375,2.479338842975207,118,111,3,0,108,109,69524,10,0,0,10,2
2020-07-08,US,North Carolina,Caswell,148,2,0,36.39312665,-79.33353281,37033.0,654.7513714386835,1.351351351351351,146,147,2,0,145,147,22698,1,0,0,1,0
2020-07-08,US,North Carolina,Catawba,1066,14,0,35.66211129,-81.2132617,37035.0,668.1249255723875,1.3133208255159474,1052,1018,14,0,1004,980,158652,48,0,0,48,38
2020-07-08,US,North Carolina,Chatham,1001,43,0,35.70394416,-79.25541492,37037.0,1344.1654357459379,4.295704295704296,958,999,43,0,956,994,73139,2,0,0,2,5
2020-07-08,US,North Carolina,Cherokee,51,2,0,35.1349263,-84.05970864,37039.0,178.2468894170279,3.92156862745098,49,48,2,0,46,45,28383,3,0,0,3,3
2020-07-08,US,North Carolina,Chowan,31,0,0,36.12908077,-76.60118385,37041.0,222.333787563652,0.0,31,30,0,0,30,29,14029,1,0,0,1,1
2020-07-08,US,North Carolina,Clay,15,0,0,35.05704275,-83.74353633,37043.0,133.55889947466832,0.0,15,14,0,0,14,12,11139,1,0,0,1,2
2020-07-08,US,North Carolina,Cleveland,423,6,0,35.33553364,-81.55204486,37045.0,431.86621336028674,1.4184397163120568,417,407,6,0,401,398,97645,16,0,0,16,9
2020-07-08,US,North Carolina,Columbus,577,39,0,34.26744084,-78.65801424,37047.0,1039.4898032716003,6.759098786828423,538,570,39,0,531,565,55655,7,0,0,7,5
2020-07-08,US,North Carolina,Craven,411,8,0,35.11833364,-77.08398081,37049.0,402.3928176308757,1.9464720194647205,403,405,7,0,398,402,102912,6,1,0,5,3
2020-07-08,US,North Carolina,Cumberland,1484,41,0,35.04762133,-78.82623165,37051.0,442.3130228995348,2.762803234501348,1443,1484,41,0,1443,1374,332330,0,0,0,0,110
2020-07-08,US,North Carolina,Currituck,22,0,0,36.36123664,-75.95876401,37053.0,79.2421568274322,0.0,22,21,0,0,21,20,27072,1,0,0,1,1
2020-07-08,US,North Carolina,Dare,82,1,0,35.66520691,-75.71767334,37055.0,221.56772676916427,1.2195121951219512,81,80,1,0,79,73,36501,2,0,0,2,7
2020-07-08,US,North Carolina,Davidson,1134,15,0,35.79115496,-80.21256572,37057.0,676.5746469461664,1.3227513227513228,1119,1114,15,0,1099,1102,166614,20,0,0,20,12
2020-07-08,US,North Carolina,Davie,251,4,0,35.93099927,-80.54496571,37059.0,585.818979601363,1.593625498007968,247,251,4,0,247,233,42733,0,0,0,0,18
2020-07-08,US,North Carolina,Duplin,1620,28,0,34.93449805,-77.93140529,37061.0,2757.8692906147335,1.728395061728395,1592,1595,28,0,1567,1579,58856,25,0,0,25,16
2020-07-08,US,North Carolina,Durham,4208,67,0,36.03638492,-78.87608331,37063.0,1308.9135519832778,1.5922053231939164,4141,4176,67,0,4109,4107,316739,32,0,0,32,69
2020-07-08,US,North Carolina,Edgecombe,352,9,0,35.91230639,-77.59436892,37065.0,683.8669567920423,2.5568181818181817,343,352,9,0,343,347,52005,0,0,0,0,5
2020-07-08,US,North Carolina,Forsyth,3450,37,0,36.12859861,-80.25459052,37067.0,902.4444473508678,1.072463768115942,3413,3423,37,0,3386,3353,379099,27,0,0,27,70
2020-07-08,US,North Carolina,Franklin,413,21,0,36.081519,-78.28708884,37069.0,592.6670015067805,5.084745762711863,392,403,21,0,382,388,67560,10,0,0,10,15
2020-07-08,US,North Carolina,Gaston,1479,15,0,35.29373559,-81.17477045,37071.0,658.7122376174125,1.0141987829614605,1464,1443,15,0,1428,1385,222846,36,0,0,36,58
2020-07-08,US,North Carolina,Gates,28,2,0,36.44667547,-76.69749701,37073.0,242.1726344923024,7.142857142857142,26,27,2,0,25,27,11573,1,0,0,1,0
2020-07-08,US,North Carolina,Graham,10,0,0,35.3506925,-83.83369267,37075.0,118.46937566639023,0.0,10,10,0,0,10,10,8484,0,0,0,0,0
2020-07-08,US,North Carolina,Granville,863,23,0,36.30337451,-78.65184241,37077.0,1427.7914729579934,2.6651216685979144,840,854,21,0,833,854,60115,9,2,0,7,0
2020-07-08,US,North Carolina,Greene,192,3,0,35.48544173,-77.67578087,37079.0,911.2914708813896,1.5625,189,192,3,0,189,190,21012,0,0,0,0,2
2020-07-08,US,North Carolina,Guilford,3275,118,0,36.07959451,-79.78824948,37081.0,609.6720987985271,3.603053435114504,3157,3208,118,0,3090,3149,533670,67,0,0,67,59
2020-07-08,US,North Carolina,Halifax,349,4,0,36.25669272,-77.6556109,37083.0,697.8604279144171,1.146131805157593,345,329,4,0,325,325,50574,20,0,0,20,4
2020-07-08,US,North Carolina,Harnett,721,30,0,35.36731853,-78.87243571,37085.0,530.2406306995352,4.160887656033287,691,712,30,0,682,705,134214,9,0,0,9,7
2020-07-08,US,North Carolina,Haywood,109,0,0,35.55269063,-82.98196486,37087.0,174.91214275398366,0.0,109,107,0,0,107,106,61971,2,0,0,2,1
2020-07-08,US,North Carolina,Henderson,789,51,0,35.33788927,-82.4766782,37089.0,671.9640256521628,6.4638783269961975,738,738,51,0,687,720,116748,51,0,0,51,18
2020-07-08,US,North Carolina,Hertford,174,10,0,36.3607755,-76.98104134,37091.0,734.8903999662117,5.747126436781608,164,174,10,0,164,171,23659,0,0,0,0,3
2020-07-08,US,North Carolina,Hoke,423,3,0,35.01888303,-79.23651674,37093.0,765.8326393163633,0.7092198581560284,420,415,3,0,412,407,54764,8,0,0,8,8
2020-07-08,US,North Carolina,Hyde,23,0,0,35.42017674,-76.15180542,37095.0,465.86996151509015,0.0,23,20,0,0,20,20,5230,3,0,0,3,0
2020-07-08,US,North Carolina,Iredell,956,9,0,35.80950511,-80.8743128,37097.0,525.8352309604744,0.9414225941422594,947,945,9,0,936,918,178435,11,0,0,11,27
2020-07-08,US,North Carolina,Jackson,157,1,0,35.28814273,-83.14093385,37099.0,357.32168054986573,0.6369426751592356,156,147,1,0,146,141,43327,10,0,0,10,6
2020-07-08,US,North Carolina,Johnston,1825,33,0,35.51745004,-78.36622717,37101.0,871.791687167704,1.808219178082192,1792,1789,33,0,1756,1737,202675,36,0,0,36,52
2020-07-08,US,North Carolina,Jones,39,3,0,35.02254606,-77.35870791,37103.0,414.0566939165517,7.6923076923076925,36,39,3,0,36,38,9637,0,0,0,0,1
2020-07-08,US,North Carolina,Lee,888,8,0,35.47623147,-79.17569362,37105.0,1437.3816345360074,0.9009009009009008,880,875,8,0,867,871,61452,13,0,0,13,4
2020-07-08,US,North Carolina,Lenoir,401,11,0,35.24032589999999,-77.64245615,37107.0,716.7241595024042,2.743142144638404,390,391,11,0,380,382,55976,10,0,0,10,9
2020-07-08,US,North Carolina,Lincoln,341,2,0,35.48508185,-81.21740317,37109.0,396.00051096840133,0.5865102639296188,339,334,2,0,332,323,83770,7,0,0,7,11
2020-07-08,US,North Carolina,Macon,298,3,0,35.14867843,-83.41696617,37113.0,831.0558313347093,1.0067114093959733,295,293,3,0,290,291,35285,5,0,0,5,2
2020-07-08,US,North Carolina,Madison,17,0,0,35.85402722,-82.71346418,37115.0,78.14295564238105,0.0,17,17,0,0,17,17,21763,0,0,0,0,0
2020-07-08,US,North Carolina,Martin,153,5,0,35.84326734,-77.10860251,37117.0,681.8181818181819,3.2679738562091503,148,150,4,0,146,145,22671,3,1,0,2,5
2020-07-08,US,North Carolina,McDowell,292,2,0,35.67736232,-82.0482425,37111.0,638.1676719993006,0.6849315068493149,290,280,2,0,278,271,45507,12,0,0,12,9
2020-07-08,US,North Carolina,Mecklenburg,13489,158,0,35.24469268,-80.8317671,37119.0,1214.8356022753062,1.1713247831566462,13331,13317,155,0,13162,13111,1093901,172,3,0,169,206
2020-07-08,US,North Carolina,Mitchell,59,0,0,36.01059309,-82.1582442,37121.0,394.2796043838546,0.0,59,59,0,0,59,52,15000,0,0,0,0,7
2020-07-08,US,North Carolina,Montgomery,393,9,0,35.33155144,-79.90416657,37123.0,1446.288595296802,2.2900763358778624,384,393,9,0,384,393,27271,0,0,0,0,0
2020-07-08,US,North Carolina,Moore,554,14,0,35.30885257,-79.48474178,37125.0,549.167327517843,2.527075812274368,540,543,14,0,529,533,98682,11,0,0,11,10
2020-07-08,US,North Carolina,Nash,571,6,0,35.96575634,-77.98422508,37127.0,605.5271585823665,1.0507880910683012,565,552,6,0,546,541,94016,19,0,0,19,11
2020-07-08,US,North Carolina,New Hanover,1325,7,0,34.25758282,-77.87075626,37129.0,565.0970474212382,0.5283018867924528,1318,1260,7,0,1253,1225,232274,65,0,0,65,35
2020-07-08,US,North Carolina,Northampton,209,15,0,36.41736238,-77.39769443,37131.0,1072.7300723707847,7.177033492822965,194,203,15,0,188,203,19676,6,0,0,6,0
2020-07-08,US,North Carolina,Onslow,367,3,0,34.72607366,-77.42908179,37133.0,185.41159352928696,0.8174386920980926,364,364,3,0,361,353,197683,3,0,0,3,11
2020-07-08,US,North Carolina,Orange,850,42,0,36.06092947,-79.12167935,37135.0,572.483094910962,4.941176470588236,808,848,42,0,806,839,146027,2,0,0,2,9
2020-07-08,US,North Carolina,Pamlico,28,1,0,35.15253315,-76.66559823,37137.0,220.02200220022004,3.571428571428572,27,26,1,0,25,26,12670,2,0,0,2,0
2020-07-08,US,North Carolina,Pasquotank,233,17,0,36.26723798,-76.25134778,37139.0,585.0743270389714,7.296137339055795,216,225,17,0,208,221,39639,8,0,0,8,4
2020-07-08,US,North Carolina,Pender,314,2,0,34.52265624,-77.90352133,37141.0,497.9384712971773,0.6369426751592356,312,303,2,0,301,303,62162,11,0,0,11,0
2020-07-08,US,North Carolina,Perquimans,37,2,0,36.17847453,-76.40603143,37143.0,274.82730446408675,5.405405405405406,35,37,2,0,35,37,13422,0,0,0,0,0
2020-07-08,US,North Carolina,Person,124,1,0,36.38989032,-78.97217358,37145.0,314.0035452013168,0.8064516129032258,123,123,1,0,122,120,39507,1,0,0,1,3
2020-07-08,US,North Carolina,Pitt,858,9,0,35.59535426,-77.37353178,37147.0,474.7098073497029,1.048951048951049,849,844,9,0,835,822,179914,14,0,0,14,22
2020-07-08,US,North Carolina,Polk,90,4,0,35.27820615,-82.16812354,37149.0,434.2790966994789,4.4444444444444455,86,89,4,0,85,85,20611,1,0,0,1,4
2020-07-08,US,North Carolina,Randolph,1353,31,0,35.71015088,-79.80570339,37151.0,941.7611560065986,2.2912047302291203,1322,1330,31,0,1299,1316,143351,23,0,0,23,14
2020-07-08,US,North Carolina,Richmond,332,7,0,35.00417719,-79.74491009,37153.0,740.5920274822099,2.108433734939759,325,326,7,0,319,325,44887,6,0,0,6,1
2020-07-08,US,North Carolina,Robeson,1467,44,0,34.64244496,-79.10250529999998,37155.0,1123.062200956938,2.9993183367416503,1423,1429,44,0,1385,1338,131831,38,0,0,38,91
2020-07-08,US,North Carolina,Rockingham,274,2,0,36.39593137,-79.77504841,37157.0,301.06581694319306,0.7299270072992701,272,271,2,0,269,267,90690,3,0,0,3,4
2020-07-08,US,North Carolina,Rowan,1387,44,0,35.64003916,-80.52446628,37159.0,976.1556218681379,3.1723143475126165,1343,1368,43,0,1325,1341,141262,19,1,0,18,27
2020-07-08,US,North Carolina,Rutherford,360,10,0,35.40114178,-81.92112099,37161.0,537.080964955467,2.7777777777777777,350,360,10,0,350,337,66826,0,0,0,0,23
2020-07-08,US,North Carolina,Sampson,1134,7,0,34.98820368,-78.36914061,37163.0,1784.9553761155971,0.6172839506172839,1127,1122,7,0,1115,1112,63626,12,0,0,12,10
2020-07-08,US,North Carolina,Scotland,157,2,0,34.8386299,-79.4757978,37165.0,450.8514487551331,1.2738853503184713,155,152,2,0,150,151,34810,5,0,0,5,1
2020-07-08,US,North Carolina,Stanly,484,5,0,35.31647813,-80.25093221,37167.0,770.6270101582651,1.033057851239669,479,481,5,0,476,479,62075,3,0,0,3,2
2020-07-08,US,North Carolina,Stokes,148,1,0,36.4017975,-80.23893369,37169.0,324.6254743260731,0.6756756756756757,147,147,1,0,146,143,45467,1,0,0,1,4
2020-07-08,US,North Carolina,Surry,535,2,0,36.41689489,-80.69102283,37171.0,745.3018124068373,0.37383177570093457,533,525,2,0,523,516,71948,10,0,0,10,9
2020-07-08,US,North Carolina,Swain,68,1,0,35.48665845,-83.48748932,37173.0,476.4907855090743,1.4705882352941178,67,67,1,0,66,59,14245,1,0,0,1,8
2020-07-08,US,North Carolina,Transylvania,38,1,0,35.20383864,-82.79638423,37175.0,110.51330522029954,2.631578947368421,37,37,1,0,36,36,34215,1,0,0,1,1
2020-07-08,US,North Carolina,Tyrrell,30,1,0,35.87147226,-76.17055253,37177.0,747.0119521912352,3.333333333333333,29,19,0,0,19,16,4131,11,1,0,10,3
2020-07-08,US,North Carolina,Union,1579,25,0,34.98960527,-80.52955873,37179.0,658.3034199258731,1.583280557314756,1554,1551,25,0,1526,1512,235908,28,0,0,28,39
2020-07-08,US,North Carolina,Vance,537,40,0,36.36880673,-78.40670845,37181.0,1205.7931963624114,7.4487895716946,497,532,39,0,493,527,44582,5,1,0,4,5
2020-07-08,US,North Carolina,Wake,6471,54,0,35.78879266,-78.65249174,37183.0,582.0495592128165,0.8344923504867872,6417,6299,52,0,6247,6231,1092305,172,2,0,170,68
2020-07-08,US,North Carolina,Warren,176,5,0,36.39728256,-78.10652228,37185.0,891.9973645532411,2.8409090909090913,171,174,5,0,169,174,19807,2,0,0,2,0
2020-07-08,US,North Carolina,Washington,43,3,0,35.83810081,-76.57299037,37187.0,371.3298791019,6.9767441860465125,40,41,3,0,38,40,11859,2,0,0,2,1
2020-07-08,US,North Carolina,Watauga,104,0,0,36.23103603,-81.70033724,37189.0,185.12914537978176,0.0,104,104,0,0,104,99,55945,0,0,0,0,5
2020-07-08,US,North Carolina,Wayne,1935,30,0,35.36438125,-78.00027268,37191.0,1571.4970234953018,1.5503875968992251,1905,1926,29,0,1897,1913,123248,9,1,0,8,13
2020-07-08,US,North Carolina,Wilkes,600,6,0,36.2084135,-81.16232895,37193.0,877.0391159445711,1.0,594,593,6,0,587,593,68557,7,0,0,7,0
2020-07-08,US,North Carolina,Wilson,855,24,0,35.70625477,-77.917978,37195.0,1045.2194960941797,2.8070175438596485,831,804,24,0,780,786,81455,51,0,0,51,18
2020-07-08,US,North Carolina,Yadkin,360,5,0,36.16222629,-80.66239436,37197.0,955.7437544800487,1.3888888888888888,355,360,5,0,355,351,37543,0,0,0,0,9
2020-07-08,US,North Carolina,Yancey,59,0,0,35.90079156,-82.31237181,37199.0,326.52609441585037,0.0,59,59,0,0,59,52,17903,0,0,0,0,7
2020-07-08,US,North Dakota,Barnes,23,0,0,46.93579637,-98.06605978,38003.0,220.8353336533845,0.0,23,23,0,0,23,22,10542,0,0,0,0,1
2020-07-08,US,North Dakota,Benson,9,0,0,48.0683985,-99.35916363,38005.0,131.73302107728338,0.0,9,5,0,0,5,4,6962,4,0,0,4,1
2020-07-08,US,North Dakota,Billings,1,0,0,47.02366884,-103.3762965,38007.0,107.75862068965515,0.0,1,1,0,0,1,1,919,0,0,0,0,0
2020-07-08,US,North Dakota,Bottineau,5,0,0,48.79106111,-100.8378166,38009.0,79.59248646927729,0.0,5,5,0,0,5,5,6411,0,0,0,0,0
2020-07-08,US,North Dakota,Bowman,1,0,0,46.11285362,-103.5203343,38011.0,33.06878306878307,0.0,1,1,0,0,1,1,3076,0,0,0,0,0
2020-07-08,US,North Dakota,Burke,6,0,0,48.79094471,-102.51821170000001,38013.0,283.6879432624113,0.0,6,6,0,0,6,6,2100,0,0,0,0,0
2020-07-08,US,North Dakota,Burleigh,363,0,0,46.97847375,-100.46452140000001,38015.0,379.60387342354585,0.0,363,343,0,0,343,328,95273,20,0,0,20,15
2020-07-08,US,North Dakota,Cass,2373,70,0,46.93201724,-97.24447190000001,38017.0,1304.398014544615,2.949852507374631,2303,2358,69,0,2289,2351,181516,15,1,0,14,7
2020-07-08,US,North Dakota,Cavalier,6,0,0,48.77286211,-98.46685243,38019.0,159.48963317384369,0.0,6,6,0,0,6,5,3829,0,0,0,0,1
2020-07-08,US,North Dakota,Dickey,4,0,0,46.11017712,-98.50490079999999,38021.0,82.10180623973726,0.0,4,4,0,0,4,4,4903,0,0,0,0,0
2020-07-08,US,North Dakota,Divide,1,0,0,48.814938700000006,-103.48736109999999,38023.0,44.16961130742049,0.0,1,1,0,0,1,1,2283,0,0,0,0,0
2020-07-08,US,North Dakota,Dunn,15,0,0,47.35423935,-102.61604679999999,38025.0,339.05967450271254,0.0,15,15,0,0,15,15,4332,0,0,0,0,0
2020-07-08,US,North Dakota,Eddy,5,0,0,47.71701474,-98.90432337,38027.0,218.62702229995628,0.0,5,5,0,0,5,5,2313,0,0,0,0,0
2020-07-08,US,North Dakota,Emmons,4,1,0,46.28398398,-100.2389766,38029.0,123.41869793273679,25.0,3,4,1,0,3,4,3295,0,0,0,0,0
2020-07-08,US,North Dakota,Foster,4,0,0,47.457108399999996,-98.88279923,38031.0,124.6105919003115,0.0,4,2,0,0,2,2,3216,2,0,0,2,0
2020-07-08,US,North Dakota,Grand Forks,411,4,0,47.92093639,-97.45450447,38035.0,591.7841355776014,0.97323600973236,407,408,4,0,404,406,70770,3,0,0,3,2
2020-07-08,US,North Dakota,Grant,3,0,0,46.35821257,-101.63900129999999,38037.0,131.9261213720317,0.0,3,3,0,0,3,3,2374,0,0,0,0,0
2020-07-08,US,North Dakota,Griggs,2,0,0,47.45785838,-98.23850925,38039.0,89.64589870013447,0.0,2,2,0,0,2,2,2232,0,0,0,0,0
2020-07-08,US,North Dakota,Hettinger,1,0,0,46.43375068,-102.4632417,38041.0,40.01600640256103,0.0,1,1,0,0,1,1,2514,0,0,0,0,0
2020-07-08,US,North Dakota,Kidder,2,0,0,46.97830064,-99.77507857,38043.0,80.64516129032258,0.0,2,2,0,0,2,2,2450,0,0,0,0,0
2020-07-08,US,North Dakota,LaMoure,13,0,0,46.45681054,-98.53542355,38045.0,321.3049925852694,0.0,13,13,0,0,13,13,4062,0,0,0,0,0
2020-07-08,US,North Dakota,Logan,1,0,0,46.45729487,-99.47719806,38047.0,54.05405405405406,0.0,1,,,,,,1903,,,,,
2020-07-08,US,North Dakota,McHenry,6,1,0,48.23104458,-100.6324822,38049.0,104.43864229765013,16.666666666666668,5,5,1,0,4,5,5816,1,0,0,1,0
2020-07-08,US,North Dakota,McIntosh,3,0,0,46.11182017,-99.44145858,38051.0,120.14417300760913,0.0,3,2,0,0,2,2,2585,1,0,0,1,0
2020-07-08,US,North Dakota,McKenzie,29,0,0,47.74133370000001,-103.395905,38053.0,193.024494142705,0.0,29,28,0,0,28,27,13632,1,0,0,1,1
2020-07-08,US,North Dakota,McLean,11,0,0,47.60766714,-101.3182418,38055.0,116.40211640211642,0.0,11,11,0,0,11,11,9541,0,0,0,0,0
2020-07-08,US,North Dakota,Mercer,7,0,0,47.31213126,-101.8318399,38057.0,85.5014046659338,0.0,7,7,0,0,7,7,8267,0,0,0,0,0
2020-07-08,US,North Dakota,Morton,116,2,0,46.71681782,-101.2822377,38059.0,369.8507843387323,1.7241379310344829,114,109,2,0,107,103,31095,7,0,0,7,6
2020-07-08,US,North Dakota,Mountrail,54,0,0,48.20197971,-102.3555315,38061.0,512.0910384068278,0.0,54,54,0,0,54,54,10218,0,0,0,0,0
2020-07-08,US,North Dakota,Nelson,2,0,0,47.9226426,-98.19038437,38063.0,69.46856547412295,0.0,2,1,0,0,1,1,2869,1,0,0,1,0
2020-07-08,US,North Dakota,Oliver,2,0,0,47.11530482,-101.3406158,38065.0,102.09290454313421,0.0,2,2,0,0,2,2,1952,0,0,0,0,0
2020-07-08,US,North Dakota,Pembina,13,0,0,48.76623521,-97.5523809,38067.0,191.1483605352154,0.0,13,11,0,0,11,10,6947,2,0,0,2,1
2020-07-08,US,North Dakota,Pierce,6,0,0,48.24977025,-99.96407787,38069.0,150.9433962264151,0.0,6,5,0,0,5,5,4081,1,0,0,1,0
2020-07-08,US,North Dakota,Ramsey,18,1,0,48.26886249,-98.72223879,38071.0,156.26356454553346,5.5555555555555545,17,12,1,0,11,12,11481,6,0,0,6,0
2020-07-08,US,North Dakota,Ransom,19,0,0,46.45621782,-97.65742504,38073.0,364.1241855116903,0.0,19,19,0,0,19,19,5237,0,0,0,0,0
2020-07-08,US,North Dakota,Renville,5,0,0,48.71982533,-101.6603912,38075.0,214.86892995272885,0.0,5,5,0,0,5,5,2374,0,0,0,0,0
2020-07-08,US,North Dakota,Richland,43,0,0,46.26440649,-96.94852979,38077.0,265.8094825987513,0.0,43,43,0,0,43,43,16239,0,0,0,0,0
2020-07-08,US,North Dakota,Rolette,11,0,0,48.77245354,-99.84097493,38079.0,77.59593679458239,0.0,11,11,0,0,11,11,14301,0,0,0,0,0
2020-07-08,US,North Dakota,Sargent,7,0,0,46.10830372,-97.63217159,38081.0,179.57927142124166,0.0,7,7,0,0,7,6,3870,0,0,0,0,1
2020-07-08,US,North Dakota,Sheridan,2,0,0,47.57700669,-100.3426391,38083.0,152.09125475285168,0.0,2,1,0,0,1,1,1349,1,0,0,1,0
2020-07-08,US,North Dakota,Sioux,29,0,0,46.11323337,-101.04401490000001,38085.0,685.5791962174941,0.0,29,26,0,0,26,25,4358,3,0,0,3,1
2020-07-08,US,North Dakota,Slope,3,0,0,46.44737738,-103.4601547,38087.0,400.0,0.0,3,3,0,0,3,3,763,0,0,0,0,0
2020-07-08,US,North Dakota,Stark,83,3,0,46.80851182,-102.65763259999999,38089.0,263.5841087363841,3.614457831325301,80,82,3,0,79,80,30997,1,0,0,1,2
2020-07-08,US,North Dakota,Steele,3,0,0,47.45611548,-97.72728747,38091.0,158.73015873015868,0.0,3,3,0,0,3,3,1903,0,0,0,0,0
2020-07-08,US,North Dakota,Stutsman,65,2,0,46.97962541,-98.95637318,38093.0,313.94899536321486,3.0769230769230766,63,65,2,0,63,65,20917,0,0,0,0,0
2020-07-08,US,North Dakota,Towner,1,0,0,48.68565745,-99.24564265,38095.0,45.682960255824575,0.0,1,1,0,0,1,,2192,0,0,0,0,
2020-07-08,US,North Dakota,Traill,22,0,0,47.45367788,-97.16323288,38097.0,273.768043802887,0.0,22,22,0,0,22,22,8037,0,0,0,0,0
2020-07-08,US,North Dakota,Walsh,31,0,0,48.36876964,-97.72574783,38099.0,291.32600319518843,0.0,31,30,0,0,30,29,10667,1,0,0,1,1
2020-07-08,US,North Dakota,Ward,65,1,0,48.22390169,-101.54367629999999,38101.0,96.09556334176015,1.5384615384615383,64,66,1,0,65,65,67744,-1,0,0,-1,1
2020-07-08,US,North Dakota,Wells,9,0,0,47.58614526,-99.65904998,38103.0,234.74178403755863,0.0,9,9,0,0,9,9,3957,0,0,0,0,0
2020-07-08,US,North Dakota,Williams,53,0,0,48.34522353,-103.4793387,38105.0,140.99869642714626,0.0,53,50,0,0,50,43,35350,3,0,0,3,7
2020-07-08,US,Ohio,Adams,24,1,0,38.84541072,-83.4718964,39001.0,86.64885551303342,4.166666666666667,23,24,1,0,23,24,27724,0,0,0,0,0
2020-07-08,US,Ohio,Allen,328,41,0,40.77285242,-84.10802343,39003.0,320.4658479155065,12.5,287,323,41,0,282,321,102663,5,0,0,5,2
2020-07-08,US,Ohio,Ashland,62,1,0,40.84772277,-82.27280781,39005.0,115.92251888415228,1.6129032258064515,61,60,1,0,59,59,53745,2,0,0,2,1
2020-07-08,US,Ohio,Ashtabula,437,44,0,41.70860332,-80.74830218,39007.0,449.3989160950628,10.068649885583524,393,436,44,0,392,435,97493,1,0,0,1,1
2020-07-08,US,Ohio,Athens,79,1,0,39.33425634,-82.04278644,39009.0,120.93009016180142,1.2658227848101269,78,63,1,0,62,59,65818,16,0,0,16,4
2020-07-08,US,Ohio,Auglaize,107,4,0,40.55998859,-84.22421429999999,39011.0,234.36131067110568,3.7383177570093458,103,107,4,0,103,107,45804,0,0,0,0,0
2020-07-08,US,Ohio,Belmont,555,22,0,40.01625942,-80.9924051,39013.0,828.2840342655883,3.963963963963964,533,554,22,0,532,549,67505,1,0,0,1,5
2020-07-08,US,Ohio,Brown,59,1,0,38.93416837,-83.86788395,39015.0,135.84453858905877,1.6949152542372878,58,58,1,0,57,57,43602,1,0,0,1,1
2020-07-08,US,Ohio,Butler,1674,47,0,39.44012838,-84.57388716,39017.0,436.92285205698266,2.8076463560334535,1627,1637,47,0,1590,1599,382378,37,0,0,37,38
2020-07-08,US,Ohio,Carroll,60,3,0,40.5789686,-81.09178213,39019.0,222.93230289068885,5.0,57,59,3,0,56,59,27081,1,0,0,1,0
2020-07-08,US,Ohio,Champaign,44,1,0,40.13923427,-83.76875242,39021.0,113.15417256011317,2.272727272727273,43,41,1,0,40,40,38754,3,0,0,3,1
2020-07-08,US,Ohio,Clark,780,9,0,39.91592258,-83.78498252,39023.0,581.7292274188377,1.1538461538461535,771,772,9,0,763,766,134585,8,0,0,8,6
2020-07-08,US,Ohio,Clermont,431,7,0,39.04847534,-84.15375786,39025.0,208.78950529966858,1.6241299303944317,424,422,6,0,416,414,205466,9,1,0,8,8
2020-07-08,US,Ohio,Clinton,68,0,0,39.41485808,-83.80852286,39027.0,162.0282119710255,0.0,68,68,0,0,68,68,42057,0,0,0,0,0
2020-07-08,US,Ohio,Columbiana,1309,60,0,40.76932373,-80.78094576,39029.0,1284.8070826340015,4.583651642475171,1249,1306,60,0,1246,1307,102665,3,0,0,3,-1
2020-07-08,US,Ohio,Coshocton,130,2,0,40.30096166,-81.91729018,39031.0,355.1912568306011,1.5384615384615383,128,127,2,0,125,111,36629,3,0,0,3,16
2020-07-08,US,Ohio,Crawford,136,5,0,40.85065156,-82.91989099,39033.0,327.75823010555735,3.6764705882352944,131,136,5,0,131,135,41550,0,0,0,0,1
2020-07-08,US,Ohio,Cuyahoga,8277,383,0,41.424119,-81.65918339,39035.0,670.1633588972951,4.627280415609519,7894,8048,379,0,7669,7883,1243857,229,4,0,225,165
2020-07-08,US,Ohio,Darke,253,26,0,40.13412966,-84.6194517,39037.0,494.9817071977775,10.276679841897232,227,253,26,0,227,251,51323,0,0,0,0,2
2020-07-08,US,Ohio,Defiance,53,3,0,41.32398837,-84.49076944,39039.0,139.15509228870744,5.660377358490566,50,51,3,0,48,51,38165,2,0,0,2,0
2020-07-08,US,Ohio,Delaware,617,15,0,40.27942393,-83.00457058,39041.0,294.9655076800986,2.4311183144246358,602,588,15,0,573,582,204826,29,0,0,29,6
2020-07-08,US,Ohio,Erie,250,22,0,41.36796058,-82.62904521,39043.0,336.62779737699617,8.8,228,246,22,0,224,244,74615,4,0,0,4,2
2020-07-08,US,Ohio,Fairfield,605,17,0,39.75107189,-82.63088163,39045.0,383.9465901735058,2.809917355371901,588,585,16,0,569,572,155782,20,1,0,19,13
2020-07-08,US,Ohio,Fayette,48,0,0,39.56021306,-83.4562016,39047.0,168.273444347064,0.0,48,46,0,0,46,46,28666,2,0,0,2,0
2020-07-08,US,Ohio,Franklin,10879,439,0,39.96995815,-83.01115755,39049.0,826.1971086518687,4.03529736188988,10440,10587,431,0,10156,10410,1310300,292,8,0,284,177
2020-07-08,US,Ohio,Fulton,63,0,0,41.60213491,-84.12571393,39051.0,149.55134596211366,0.0,63,62,0,0,62,61,42276,1,0,0,1,1
2020-07-08,US,Ohio,Gallia,20,1,0,38.82708533,-82.31647569,39053.0,66.89410662920596,5.0,19,18,1,0,17,18,29979,2,0,0,2,0
2020-07-08,US,Ohio,Geauga,414,43,0,41.49952319,-81.17935342,39055.0,442.0762634945381,10.386473429951689,371,408,43,0,365,407,94031,6,0,0,6,1
2020-07-08,US,Ohio,Greene,287,9,0,39.69116283,-83.89032084,39057.0,169.8858154223172,3.1358885017421603,278,276,9,0,267,258,167995,11,0,0,11,18
2020-07-08,US,Ohio,Guernsey,76,3,0,40.05026529,-81.49248905,39059.0,195.4983922829581,3.947368421052632,73,74,3,0,71,74,39022,2,0,0,2,0
2020-07-08,US,Ohio,Hamilton,6287,206,0,39.19673558,-84.54502924,39061.0,769.0773884886718,3.276602513122316,6081,6158,204,0,5954,6019,816684,129,2,0,127,139
2020-07-08,US,Ohio,Hancock,83,1,0,41.00250487,-83.66838948,39063.0,109.52324399931385,1.2048192771084338,82,79,1,0,78,79,75930,4,0,0,4,0
2020-07-08,US,Ohio,Hardin,123,12,0,40.66015414,-83.65929931,39065.0,392.156862745098,9.75609756097561,111,123,12,0,111,123,31480,0,0,0,0,0
2020-07-08,US,Ohio,Harrison,12,1,0,40.29380509,-81.09068544,39067.0,79.78723404255321,8.333333333333334,11,12,1,0,11,12,15174,0,0,0,0,0
2020-07-08,US,Ohio,Henry,32,0,0,41.3339642,-84.06830637,39069.0,118.49218692142486,0.0,32,30,0,0,30,30,27086,2,0,0,2,0
2020-07-08,US,Ohio,Highland,46,1,0,39.1839264,-83.60331456,39071.0,106.5776974583536,2.1739130434782608,45,45,1,0,44,45,43058,1,0,0,1,0
2020-07-08,US,Ohio,Hocking,79,8,0,39.49537927,-82.47991446,39073.0,279.507500707614,10.126582278481012,71,78,8,0,70,78,28385,1,0,0,1,0
2020-07-08,US,Ohio,Holmes,245,3,0,40.56163713,-81.92635677,39075.0,557.3248407643312,1.2244897959183674,242,239,3,0,236,236,43892,6,0,0,6,3
2020-07-08,US,Ohio,Huron,228,2,0,41.14651175,-82.59867951,39077.0,391.3088250437648,0.8771929824561403,226,223,2,0,221,220,58504,5,0,0,5,3
2020-07-08,US,Ohio,Jackson,26,0,0,39.01914254,-82.61818559999998,39079.0,80.2147286582544,0.0,26,24,0,0,24,23,32384,2,0,0,2,1
2020-07-08,US,Ohio,Jefferson,92,2,0,40.38614126,-80.76259514,39081.0,140.83429008802142,2.1739130434782608,90,91,2,0,89,88,65767,1,0,0,1,3
2020-07-08,US,Ohio,Knox,53,1,0,40.39830217,-82.42027563,39083.0,85.04220018613009,1.8867924528301887,52,52,1,0,51,51,61893,1,0,0,1,1
2020-07-08,US,Ohio,Lake,529,20,0,41.69710807,-81.23676539,39085.0,229.85109646359533,3.7807183364839316,509,508,19,0,489,500,230514,21,1,0,20,8
2020-07-08,US,Ohio,Lawrence,74,0,0,38.59743452,-82.53466552,39087.0,124.44713519331349,0.0,74,72,0,0,72,71,59866,2,0,0,2,1
2020-07-08,US,Ohio,Licking,520,12,0,40.09136236,-82.48185785,39089.0,294.01454241159774,2.3076923076923075,508,496,12,0,484,493,175769,24,0,0,24,3
2020-07-08,US,Ohio,Logan,65,1,0,40.38996525,-83.76784341,39091.0,142.3191452093186,1.5384615384615383,64,64,1,0,63,62,45358,1,0,0,1,2
2020-07-08,US,Ohio,Lorain,1064,68,0,41.29553751,-82.15083537,39093.0,343.4108051756914,6.390977443609022,996,1051,67,0,984,1035,309461,13,1,0,12,16
2020-07-08,US,Ohio,Lucas,2836,303,0,41.62101218,-83.65468618,39095.0,662.0784969230625,10.684062059238364,2533,2788,303,0,2485,2752,429899,48,0,0,48,36
2020-07-08,US,Ohio,Madison,202,9,0,39.89381073,-83.40178317,39097.0,451.58838389483805,4.455445544554456,193,199,9,0,190,197,44413,3,0,0,3,2
2020-07-08,US,Ohio,Mahoning,1861,239,0,41.01631101,-80.77287029,39099.0,813.7902686251274,12.842557764642663,1622,1849,238,0,1611,1832,229642,12,1,0,11,17
2020-07-08,US,Ohio,Marion,2736,39,0,40.58610662,-83.15736305,39101.0,4203.2169357688235,1.4254385964912282,2697,2734,39,0,2695,2734,65256,2,0,0,2,0
2020-07-08,US,Ohio,Medina,543,32,0,41.11770589,-81.89986209999998,39103.0,302.09295338978336,5.893186003683241,511,536,32,0,504,523,179146,7,0,0,7,13
2020-07-08,US,Ohio,Meigs,12,0,0,39.09224872,-82.0305041,39105.0,52.38573361854455,0.0,12,12,0,0,12,12,23106,0,0,0,0,0
2020-07-08,US,Ohio,Mercer,290,9,0,40.54043046,-84.62912742,39107.0,704.3621878946858,3.103448275862069,281,287,9,0,278,282,40959,3,0,0,3,5
2020-07-08,US,Ohio,Miami,475,31,0,40.0543329,-84.22871271,39109.0,443.97917503995797,6.526315789473684,444,472,31,0,441,466,106222,3,0,0,3,6
2020-07-08,US,Ohio,Monroe,89,17,0,39.72984936,-81.08464734,39111.0,651.8236414237588,19.101123595505623,72,89,17,0,72,89,13790,0,0,0,0,0
2020-07-08,US,Ohio,Montgomery,2201,31,0,39.75394919,-84.29050975,39113.0,413.9653593185465,1.4084507042253518,2170,2134,31,0,2103,2034,532331,67,0,0,67,100
2020-07-08,US,Ohio,Morgan,11,0,0,39.62081738,-81.85308173,39115.0,75.82023711055969,0.0,11,11,0,0,11,11,14604,0,0,0,0,0
2020-07-08,US,Ohio,Morrow,118,1,0,40.52363560000001,-82.7892599,39117.0,334.0126811594203,0.8474576271186439,117,117,1,0,116,116,35112,1,0,0,1,1
2020-07-08,US,Ohio,Muskingum,89,1,0,39.96575964,-81.94363275,39119.0,103.2302963521429,1.1235955056179776,88,86,1,0,85,83,86183,3,0,0,3,3
2020-07-08,US,Ohio,Noble,11,0,0,39.76818851,-81.45937183,39121.0,76.26178591236828,0.0,11,11,0,0,11,11,14354,0,0,0,0,0
2020-07-08,US,Ohio,Ottawa,160,24,0,41.53781826,-83.0940185,39123.0,394.8180135718693,15.0,136,150,24,0,126,149,40769,10,0,0,10,1
2020-07-08,US,Ohio,Paulding,26,0,0,41.11676341,-84.5801017,39125.0,139.24592973436162,0.0,26,26,0,0,26,25,18760,0,0,0,0,1
2020-07-08,US,Ohio,Perry,37,1,0,39.73508655,-82.23804971,39127.0,102.39663474843636,2.702702702702702,36,35,1,0,34,35,36033,2,0,0,2,0
2020-07-08,US,Ohio,Pickaway,2205,41,0,39.64170392,-83.0243386,39129.0,3772.003352891869,1.8594104308390025,2164,2201,41,0,2160,2197,58086,4,0,0,4,4
2020-07-08,US,Ohio,Pike,24,0,0,39.07634001,-83.06769584,39131.0,86.41797493878727,0.0,24,24,0,0,24,23,28067,0,0,0,0,1
2020-07-08,US,Ohio,Portage,461,59,0,41.16793482,-81.19735782,39133.0,283.75167727401424,12.79826464208243,402,449,59,0,390,442,162927,12,0,0,12,7
2020-07-08,US,Ohio,Preble,80,1,0,39.7420247,-84.64787018,39135.0,195.68514260554767,1.25,79,78,1,0,77,73,40997,2,0,0,2,5
2020-07-08,US,Ohio,Putnam,132,15,0,41.02094889,-84.1336111,39137.0,389.8290068220076,11.363636363636365,117,129,15,0,114,128,33780,3,0,0,3,1
2020-07-08,US,Ohio,Richland,351,5,0,40.77180308,-82.53799609999999,39139.0,289.71391782359643,1.4245014245014245,346,347,5,0,342,345,121099,4,0,0,4,2
2020-07-08,US,Ohio,Ross,132,3,0,39.33705391,-83.06000914,39141.0,172.17541022095844,2.272727272727273,129,130,3,0,127,127,76931,2,0,0,2,3
2020-07-08,US,Ohio,Sandusky,138,14,0,41.35624126,-83.137872,39143.0,235.82487439762124,10.144927536231883,124,137,14,0,123,136,58799,1,0,0,1,1
2020-07-08,US,Ohio,Scioto,54,0,0,38.80270163,-82.98907345,39145.0,71.69981676713493,0.0,54,45,0,0,45,41,75502,9,0,0,9,4
2020-07-08,US,Ohio,Seneca,35,2,0,41.12351311,-83.12783209,39147.0,63.43107760339266,5.7142857142857135,33,34,2,0,32,34,55207,1,0,0,1,0
2020-07-08,US,Ohio,Shelby,70,4,0,40.33163494,-84.20258189,39149.0,144.06256431364474,5.7142857142857135,66,69,4,0,65,68,48627,1,0,0,1,1
2020-07-08,US,Ohio,Stark,1156,113,0,40.81482476,-81.36437305,39151.0,311.92155550638677,9.77508650519031,1043,1133,113,0,1020,1123,371574,23,0,0,23,10
2020-07-08,US,Ohio,Summit,2241,207,0,41.12464734,-81.53123079,39153.0,414.2229484319232,9.236947791164658,2034,2175,207,0,1968,2143,541918,66,0,0,66,32
2020-07-08,US,Ohio,Trumbull,997,74,0,41.31735028,-80.76109643,39155.0,503.6014830230232,7.422266800401204,923,974,73,0,901,967,198627,23,1,0,22,7
2020-07-08,US,Ohio,Tuscarawas,585,10,0,40.44214695,-81.47226262,39157.0,635.959429049757,1.709401709401709,575,568,10,0,558,567,92176,17,0,0,17,1
2020-07-08,US,Ohio,Union,92,1,0,40.30016061,-83.37239023,39159.0,155.96392486607442,1.0869565217391304,91,89,1,0,88,86,57835,3,0,0,3,3
2020-07-08,US,Ohio,Van Wert,42,0,0,40.8554138,-84.59111700000003,39161.0,148.54111405835545,0.0,42,38,0,0,38,35,28281,4,0,0,4,3
2020-07-08,US,Ohio,Vinton,22,2,0,39.25208988,-82.4831444,39163.0,168.13144822315633,9.090909090909092,20,22,2,0,20,22,13139,0,0,0,0,0
2020-07-08,US,Ohio,Warren,895,25,0,39.42581994,-84.16557457,39165.0,381.49717393713615,2.793296089385475,870,881,24,0,857,860,232173,14,1,0,13,21
2020-07-08,US,Ohio,Washington,140,20,0,39.45690571,-81.49121382,39167.0,233.67995860526446,14.285714285714285,120,135,20,0,115,135,60155,5,0,0,5,0
2020-07-08,US,Ohio,Wayne,365,52,0,40.82925852,-81.88844833,39169.0,315.4437818684642,14.246575342465755,313,363,52,0,311,363,115967,2,0,0,2,0
2020-07-08,US,Ohio,Williams,72,2,0,41.56052014,-84.58429552,39171.0,196.22806061266758,2.7777777777777777,70,72,2,0,70,71,36804,0,0,0,0,1
2020-07-08,US,Ohio,Wood,452,51,0,41.36224827,-83.62285108,39173.0,345.5208420923886,11.283185840707965,401,436,51,0,385,428,130696,16,0,0,16,8
2020-07-08,US,Ohio,Wyandot,60,5,0,40.84339621,-83.30734173,39175.0,275.583318023149,8.333333333333334,55,59,5,0,54,59,21935,1,0,0,1,0
2020-07-08,US,Oklahoma,Adair,130,4,0,35.88494195,-94.65859267,40001.0,585.7438947463278,3.0769230769230766,126,129,4,0,125,123,22082,1,0,0,1,6
2020-07-08,US,Oklahoma,Alfalfa,1,0,0,36.73090616,-98.32408495,40003.0,17.5377060680463,0.0,1,1,0,0,1,1,5754,0,0,0,0,0
2020-07-08,US,Oklahoma,Atoka,30,0,0,34.37366573,-96.03802487,40005.0,218.0549498473616,0.0,30,29,0,0,29,27,13838,1,0,0,1,2
2020-07-08,US,Oklahoma,Beaver,32,0,0,36.7496847,-100.4758872,40007.0,602.5230653360949,0.0,32,32,0,0,32,32,5319,0,0,0,0,0
2020-07-08,US,Oklahoma,Beckham,13,0,0,35.26862449,-99.68128023,40009.0,59.47207100050323,0.0,13,13,0,0,13,11,21709,0,0,0,0,2
2020-07-08,US,Oklahoma,Blaine,18,0,0,35.87518314,-98.43307003,40011.0,190.90041361756283,0.0,18,18,0,0,18,17,9485,0,0,0,0,1
2020-07-08,US,Oklahoma,Bryan,146,1,0,33.96472458,-96.25903472,40013.0,304.1983539952078,0.6849315068493149,145,136,1,0,135,134,47192,10,0,0,10,2
2020-07-08,US,Oklahoma,Caddo,200,11,0,35.17364557,-98.37534464,40015.0,695.3619358876297,5.5,189,200,11,0,189,197,28977,0,0,0,0,3
2020-07-08,US,Oklahoma,Canadian,409,3,0,35.5426055,-97.98465569,40017.0,275.7811551791566,0.7334963325183375,406,387,3,0,384,360,144447,22,0,0,22,27
2020-07-08,US,Oklahoma,Carter,151,2,0,34.25103751,-97.28552485,40019.0,313.8575377772235,1.3245033112582782,149,140,2,0,138,132,48177,11,0,0,11,8
2020-07-08,US,Oklahoma,Cherokee,97,1,0,35.90692775,-94.99980896,40021.0,199.35466633783423,1.0309278350515465,96,95,1,0,94,90,48675,2,0,0,2,5
2020-07-08,US,Oklahoma,Choctaw,121,1,0,34.02807439,-95.54771129,40023.0,824.7001090512541,0.8264462809917356,120,120,1,0,119,120,14668,1,0,0,1,0
2020-07-08,US,Oklahoma,Cimarron,1,0,0,36.74817177,-102.5173885,40025.0,46.79457182966776,0.0,1,1,0,0,1,1,2153,0,0,0,0,0
2020-07-08,US,Oklahoma,Cleveland,1186,40,0,35.20413532,-97.32519562,40027.0,417.5850486243637,3.3726812816188865,1146,1157,40,0,1117,1107,281669,29,0,0,29,50
2020-07-08,US,Oklahoma,Coal,10,0,0,34.58840127,-96.29798747,40029.0,181.98362147406726,0.0,10,10,0,0,10,9,5520,0,0,0,0,1
2020-07-08,US,Oklahoma,Comanche,463,7,0,34.65973764,-98.47195055,40031.0,383.4400284888488,1.5118790496760257,456,457,7,0,450,447,120422,6,0,0,6,10
2020-07-08,US,Oklahoma,Cotton,9,2,0,34.28845626,-98.37053567,40033.0,158.8422167313802,22.222222222222218,7,8,2,0,6,7,5776,1,0,0,1,1
2020-07-08,US,Oklahoma,Craig,23,0,0,36.76268118,-95.20916602,40035.0,162.6361193607693,0.0,23,22,0,0,22,21,14306,1,0,0,1,1
2020-07-08,US,Oklahoma,Creek,194,7,0,35.90230551,-96.37086028,40037.0,271.2452112636671,3.608247422680413,187,185,7,0,178,175,71604,9,0,0,9,10
2020-07-08,US,Oklahoma,Custer,69,0,0,35.63853802,-99.00170785,40039.0,237.9064234734338,0.0,69,67,0,0,67,64,29036,2,0,0,2,3
2020-07-08,US,Oklahoma,Delaware,200,17,0,36.40823634,-94.80325046,40041.0,465.01894952219305,8.5,183,199,17,0,182,181,42733,1,0,0,1,18
2020-07-08,US,Oklahoma,Dewey,4,0,0,35.98772922,-99.00730714,40043.0,81.78286648947045,0.0,4,4,0,0,4,4,4894,0,0,0,0,0
2020-07-08,US,Oklahoma,Ellis,2,0,0,36.218019399999996,-99.75324573,40045.0,51.82689816014511,0.0,2,1,0,0,1,1,3952,1,0,0,1,0
2020-07-08,US,Oklahoma,Garfield,86,2,0,36.3791334,-97.78265517,40047.0,140.8542976939203,2.3255813953488373,84,84,2,0,82,82,60913,2,0,0,2,2
2020-07-08,US,Oklahoma,Garvin,98,2,0,34.70418038,-97.30811132,40049.0,353.6501750207499,2.0408163265306123,96,94,2,0,92,91,27811,4,0,0,4,3
2020-07-08,US,Oklahoma,Grady,212,5,0,35.0167709,-97.88339847,40051.0,379.69695884228247,2.358490566037736,207,206,5,0,201,198,55551,6,0,0,6,8
2020-07-08,US,Oklahoma,Grant,2,0,0,36.796296999999996,-97.78638765,40053.0,46.15739672282484,0.0,2,2,0,0,2,2,4326,0,0,0,0,0
2020-07-08,US,Oklahoma,Greer,67,7,0,34.93535801,-99.56056120000001,40055.0,1172.9691876750699,10.447761194029852,60,66,7,0,59,66,5821,1,0,0,1,0
2020-07-08,US,Oklahoma,Harmon,3,0,0,34.7440135,-99.84741652,40057.0,113.07953260459855,0.0,3,3,0,0,3,2,2664,0,0,0,0,1
2020-07-08,US,Oklahoma,Harper,1,0,0,36.78836519,-99.6679804,40059.0,27.11496746203905,0.0,1,1,0,0,1,1,3797,0,0,0,0,0
2020-07-08,US,Oklahoma,Haskell,15,0,0,35.22257600000001,-95.11513306,40061.0,118.79306248515087,0.0,15,13,0,0,13,13,12668,2,0,0,2,0
2020-07-08,US,Oklahoma,Hughes,13,0,0,35.04912569,-96.24921145,40063.0,97.89893817305521,0.0,13,13,0,0,13,13,13335,0,0,0,0,0
2020-07-08,US,Oklahoma,Jackson,54,3,0,34.58781741,-99.41138784,40065.0,220.13860578883,5.5555555555555545,51,53,3,0,50,48,24949,1,0,0,1,5
2020-07-08,US,Oklahoma,Jefferson,13,0,0,34.11130184,-97.83182974,40067.0,216.59446851049648,0.0,13,13,0,0,13,10,6123,0,0,0,0,3
2020-07-08,US,Oklahoma,Johnston,15,0,0,34.31440473,-96.66011537,40069.0,135.31799729364005,0.0,15,13,0,0,13,13,10949,2,0,0,2,0
2020-07-08,US,Oklahoma,Kay,115,8,0,36.81799745,-97.14421435,40071.0,264.13707565804583,6.956521739130435,107,113,7,0,106,112,44161,2,1,0,1,1
2020-07-08,US,Oklahoma,Kingfisher,38,0,0,35.94530008,-97.94193268,40073.0,241.04027909927046,0.0,38,36,0,0,36,33,15816,2,0,0,2,3
2020-07-08,US,Oklahoma,Kiowa,15,1,0,34.91671958,-98.97720696,40075.0,172.2553973357832,6.666666666666668,14,14,1,0,13,12,8729,1,0,0,1,2
2020-07-08,US,Oklahoma,Latimer,15,1,0,34.87844729,-95.25215049,40077.0,148.91293557033654,6.666666666666668,14,15,1,0,14,14,10231,0,0,0,0,1
2020-07-08,US,Oklahoma,Le Flore,48,1,0,34.89851864,-94.70392124,40079.0,96.28307223236315,2.083333333333333,47,39,1,0,38,36,49980,9,0,0,9,3
2020-07-08,US,Oklahoma,Lincoln,38,2,0,35.70270942,-96.8812462,40081.0,108.95432519998852,5.2631578947368425,36,37,2,0,35,36,34920,1,0,0,1,1
2020-07-08,US,Oklahoma,Logan,70,1,0,35.91899576,-97.44352845,40083.0,145.79992085147154,1.4285714285714286,69,67,1,0,66,62,47291,3,0,0,3,5
2020-07-08,US,Oklahoma,Love,40,0,0,33.95273467,-97.23906784,40085.0,390.1297181312786,0.0,40,39,0,0,39,34,10134,1,0,0,1,5
2020-07-08,US,Oklahoma,Major,9,1,0,36.31149996,-98.53467076,40093.0,117.97090051120723,11.111111111111109,8,8,1,0,7,8,7644,1,0,0,1,0
2020-07-08,US,Oklahoma,Marshall,43,0,0,34.02311222,-96.76855464,40095.0,253.97200401630147,0.0,43,41,0,0,41,37,16806,2,0,0,2,4
2020-07-08,US,Oklahoma,Mayes,105,5,0,36.30179091,-95.23175116,40097.0,255.47445255474446,4.761904761904762,100,102,5,0,97,94,41107,3,0,0,3,8
2020-07-08,US,Oklahoma,McClain,221,4,0,35.01123903,-97.44572302,40087.0,546.0295498344616,1.8099547511312215,217,216,4,0,212,204,39985,5,0,0,5,12
2020-07-08,US,Oklahoma,McCurtain,581,9,0,34.11664328,-94.77222373,40089.0,1769.6150097465884,1.5490533562822721,572,569,9,0,560,561,32703,12,0,0,12,8
2020-07-08,US,Oklahoma,McIntosh,71,1,0,35.37235506,-95.66599306,40091.0,362.3188405797102,1.4084507042253518,70,69,1,0,68,70,19815,2,0,0,2,-1
2020-07-08,US,Oklahoma,Murray,23,0,0,34.48116015,-97.06826283,40099.0,163.43352519008033,0.0,23,23,0,0,23,22,13953,0,0,0,0,1
2020-07-08,US,Oklahoma,Muskogee,159,12,0,35.61318461,-95.37802952,40101.0,233.83384561083577,7.547169811320754,147,153,12,0,141,143,68362,6,0,0,6,10
2020-07-08,US,Oklahoma,Noble,48,1,0,36.38953329,-97.22928674,40103.0,431.2281016979608,2.083333333333333,47,48,1,0,47,47,11289,0,0,0,0,1
2020-07-08,US,Oklahoma,Nowata,37,1,0,36.79843529,-95.61902331,40105.0,367.2092100039698,2.702702702702702,36,37,1,0,36,37,10218,0,0,0,0,0
2020-07-08,US,Oklahoma,Okfuskee,16,0,0,35.46485198,-96.32639984,40107.0,133.41115650796294,0.0,16,16,0,0,16,16,12098,0,0,0,0,0
2020-07-08,US,Oklahoma,Oklahoma,4039,71,0,35.55140095,-97.40716948,40109.0,506.49959745884934,1.7578608566476852,3968,3819,70,0,3749,3607,792582,220,1,0,219,212
2020-07-08,US,Oklahoma,Okmulgee,113,0,0,35.64661916,-95.96432828,40111.0,293.7735603795658,0.0,113,104,0,0,104,100,38335,9,0,0,9,4
2020-07-08,US,Oklahoma,Osage,188,8,0,36.62888819,-96.39635704,40113.0,400.3151417073015,4.25531914893617,180,187,8,0,179,186,47014,1,0,0,1,1
2020-07-08,US,Oklahoma,Ottawa,121,2,0,36.83532655,-94.81011909,40115.0,388.7300414431201,1.6528925619834711,119,120,2,0,118,85,31175,1,0,0,1,35
2020-07-08,US,Oklahoma,Pawnee,61,2,0,36.31743373,-96.70331759999999,40117.0,372.4963361016121,3.278688524590164,59,60,2,0,58,58,16390,1,0,0,1,2
2020-07-08,US,Oklahoma,Payne,455,1,0,36.07695283,-96.97584944,40119.0,556.3435390785484,0.21978021978021975,454,452,1,0,451,438,82040,3,0,0,3,14
2020-07-08,US,Oklahoma,Pittsburg,69,3,0,34.92065823,-95.75134320000001,40121.0,158.06111696522655,4.3478260869565215,66,67,3,0,64,65,43877,2,0,0,2,2
2020-07-08,US,Oklahoma,Pontotoc,63,2,0,34.72959848,-96.68337199,40123.0,164.55960714658866,3.1746031746031744,61,51,2,0,49,50,38247,12,0,0,12,1
2020-07-08,US,Oklahoma,Pottawatomie,134,4,0,35.20614018,-96.94923008,40125.0,184.5933436191316,2.985074626865672,130,121,4,0,117,119,72679,13,0,0,13,2
2020-07-08,US,Oklahoma,Pushmataha,17,0,0,34.41635232,-95.37603505,40127.0,153.2083633741889,0.0,17,17,0,0,17,17,11179,0,0,0,0,0
2020-07-08,US,Oklahoma,Rogers,278,7,0,36.37004357,-95.60406759,40131.0,300.67381217620783,2.5179856115107917,271,262,7,0,255,222,91984,16,0,0,16,40
2020-07-08,US,Oklahoma,Seminole,48,3,0,35.16478725,-96.61686741,40133.0,197.87286668315608,6.25,45,46,3,0,43,43,24578,2,0,0,2,3
2020-07-08,US,Oklahoma,Sequoyah,57,3,0,35.49447108,-94.75463785,40135.0,137.12141259111357,5.2631578947368425,54,52,3,0,49,50,41179,5,0,0,5,2
2020-07-08,US,Oklahoma,Stephens,74,1,0,34.48556989,-97.85141892,40137.0,171.52261085228196,1.351351351351351,73,70,1,0,69,72,43265,4,0,0,4,-2
2020-07-08,US,Oklahoma,Texas,998,6,0,36.74777635,-101.4889765,40139.0,4994.245108342091,0.6012024048096193,992,997,6,0,991,993,20455,1,0,0,1,4
2020-07-08,US,Oklahoma,Tillman,25,1,0,34.37288446,-98.92426619,40141.0,344.82758620689657,4.0,24,25,1,0,24,25,7348,0,0,0,0,0
2020-07-08,US,Oklahoma,Tulsa,4571,72,0,36.11939621,-95.94013939,40143.0,701.5556701537253,1.5751476700940714,4499,4365,71,0,4294,4104,648360,206,1,0,205,261
2020-07-08,US,Oklahoma,Wagoner,336,19,0,35.96024096,-95.51911308,40145.0,413.3400583104725,5.654761904761906,317,331,19,0,312,314,80110,5,0,0,5,17
2020-07-08,US,Oklahoma,Washington,437,39,0,36.71380786,-95.90514104,40147.0,848.09905486444,8.924485125858123,398,431,39,0,392,410,51843,6,0,0,6,21
2020-07-08,US,Oklahoma,Washita,6,0,0,35.29071824,-98.99180434,40149.0,54.965188713814584,0.0,6,6,0,0,6,5,11127,0,0,0,0,1
2020-07-08,US,Oklahoma,Woods,9,0,0,36.76705782,-98.86573064,40151.0,102.35414534288635,0.0,9,8,0,0,8,6,8897,1,0,0,1,2
2020-07-08,US,Oklahoma,Woodward,15,0,0,36.42316318,-99.26283045,40153.0,74.2170105388155,0.0,15,15,0,0,15,15,20222,0,0,0,0,0
2020-07-08,US,Oregon,Baker,8,0,0,44.70915557,-117.6749883,41001.0,49.61548002976929,0.0,8,5,0,0,5,5,16006,3,0,0,3,0
2020-07-08,US,Oregon,Benton,98,6,0,44.49167306,-123.4316987,41003.0,105.31632510504768,6.1224489795918355,92,97,5,0,92,95,92101,1,1,0,0,2
2020-07-08,US,Oregon,Clackamas,894,25,0,45.18787398,-122.2179634,41005.0,213.77995968310836,2.796420581655481,869,877,25,0,852,861,416075,17,0,0,17,16
2020-07-08,US,Oregon,Clatsop,55,0,0,45.99712889,-123.660711,41007.0,136.7342879872713,0.0,55,54,0,0,54,54,39764,1,0,0,1,0
2020-07-08,US,Oregon,Columbia,45,0,0,45.94464254,-123.08908980000001,41009.0,85.95331779806698,0.0,45,44,0,0,44,42,52377,1,0,0,1,2
2020-07-08,US,Oregon,Coos,48,0,0,43.17406868,-124.0594514,41011.0,74.43360677345822,0.0,48,46,0,0,46,42,64389,2,0,0,2,4
2020-07-08,US,Oregon,Crook,15,0,0,44.14230227,-120.356297,41013.0,61.465333551876746,0.0,15,14,0,0,14,13,23867,1,0,0,1,1
2020-07-08,US,Oregon,Curry,9,0,0,42.45911325,-124.15728200000001,41015.0,39.25845147219193,0.0,9,8,0,0,8,8,22813,1,0,0,1,0
2020-07-08,US,Oregon,Deschutes,224,0,0,43.91570171,-121.2289121,41017.0,113.30756935030249,0.0,224,221,0,0,221,221,191996,3,0,0,3,0
2020-07-08,US,Oregon,Douglas,56,0,0,43.27941273,-123.16729099999999,41019.0,50.459542259866645,0.0,56,54,0,0,54,51,110283,2,0,0,2,3
2020-07-08,US,Oregon,Gilliam,1,0,0,45.37160076,-120.20488689999999,41021.0,52.30125523012552,0.0,1,1,0,0,1,1,1894,0,0,0,0,0
2020-07-08,US,Oregon,Grant,1,0,0,44.49024544,-119.0068631,41023.0,13.890818169190164,0.0,1,1,0,0,1,1,7176,0,0,0,0,0
2020-07-08,US,Oregon,Harney,2,0,0,43.06422669,-118.96663059999999,41025.0,27.052617340727714,0.0,2,1,0,0,1,1,7329,1,0,0,1,0
2020-07-08,US,Oregon,Hood River,98,0,0,45.51872811,-121.65520359999998,41027.0,419.1258232828672,0.0,98,97,0,0,97,94,23428,1,0,0,1,3
2020-07-08,US,Oregon,Jackson,157,0,0,42.43201126,-122.72893090000001,41029.0,71.0587298138895,0.0,157,152,0,0,152,152,219564,5,0,0,5,0
2020-07-08,US,Oregon,Jefferson,137,0,0,44.62806839,-121.17832,41031.0,555.6006164328006,0.0,137,136,0,0,136,134,24192,1,0,0,1,2
2020-07-08,US,Oregon,Josephine,61,1,0,42.3665549,-123.5561938,41033.0,69.72464480437094,1.639344262295082,60,59,1,0,58,56,87393,2,0,0,2,3
2020-07-08,US,Oregon,Klamath,131,1,0,42.68762984,-121.64964609999998,41035.0,191.97514581318327,0.7633587786259542,130,131,1,0,130,130,67653,0,0,0,0,1
2020-07-08,US,Oregon,Lake,22,0,0,42.79246693,-120.38501629999999,41037.0,279.5780912441225,0.0,22,22,0,0,22,21,7879,0,0,0,0,1
2020-07-08,US,Oregon,Lane,253,3,0,43.93727035,-122.847753,41039.0,66.2187522083823,1.1857707509881423,250,243,3,0,240,228,379611,10,0,0,10,15
2020-07-08,US,Oregon,Lincoln,349,4,0,44.64252874,-123.86991200000001,41041.0,698.5308834714383,1.146131805157593,345,346,4,0,342,346,49388,3,0,0,3,0
2020-07-08,US,Oregon,Linn,165,10,0,44.48899494,-122.53731540000001,41043.0,127.16861016269877,6.0606060606060606,155,157,10,0,147,157,127335,8,0,0,8,0
2020-07-08,US,Oregon,Malheur,235,1,0,43.1937027,-117.62273950000001,41045.0,768.7023649864253,0.425531914893617,234,223,1,0,222,216,30725,12,0,0,12,7
2020-07-08,US,Oregon,Marion,1697,51,0,44.90287942,-122.58151170000001,41047.0,487.8988436481148,3.00530347672363,1646,1683,50,0,1633,1661,346868,14,1,0,13,22
2020-07-08,US,Oregon,Morrow,119,1,0,45.41846568,-119.584546,41049.0,1025.5968284064463,0.8403361344537815,118,109,1,0,108,107,11372,10,0,0,10,2
2020-07-08,US,Oregon,Multnomah,2608,72,0,45.54747959,-122.4169351,41051.0,320.844431048588,2.7607361963190185,2536,2580,70,0,2510,2529,811880,28,2,0,26,51
2020-07-08,US,Oregon,Polk,166,12,0,44.90322804,-123.4128888,41053.0,192.83266538885982,7.2289156626506035,154,166,12,0,154,160,85234,0,0,0,0,6
2020-07-08,US,Oregon,Sherman,3,0,0,45.41501554,-120.6827834,41055.0,168.53932584269663,0.0,3,3,0,0,3,3,1708,0,0,0,0,0
2020-07-08,US,Oregon,Tillamook,15,0,0,45.46248721,-123.712066,41057.0,55.48158011540168,0.0,15,15,0,0,15,15,26787,0,0,0,0,0
2020-07-08,US,Oregon,Umatilla,834,6,0,45.59073056,-118.7353826,41059.0,1069.9166132135986,0.7194244604316546,828,792,6,0,786,772,77516,42,0,0,42,20
2020-07-08,US,Oregon,Union,363,1,0,45.30915495,-118.0068979,41061.0,1352.711011738401,0.27548209366391185,362,361,1,0,360,356,26461,2,0,0,2,5
2020-07-08,US,Oregon,Wallowa,11,0,0,45.57894064,-117.18353799999998,41063.0,152.60821309655938,0.0,11,11,0,0,11,10,7081,0,0,0,0,1
2020-07-08,US,Oregon,Wasco,97,1,0,45.16292781,-121.16709540000001,41065.0,363.5409639457312,1.0309278350515465,96,96,1,0,95,94,26505,1,0,0,1,2
2020-07-08,US,Oregon,Washington,1676,20,0,45.55972701,-123.0955257,41067.0,278.59413024109364,1.1933174224343674,1656,1645,20,0,1625,1620,597695,31,0,0,31,25
2020-07-08,US,Oregon,Yamhill,164,9,0,45.23330449,-123.3086963,41071.0,153.12791783380018,5.487804878048781,155,155,9,0,146,139,107002,9,0,0,9,16
2020-07-08,US,Pennsylvania,Adams,361,13,0,39.87140411,-77.21610347,42001.0,350.45481462784807,3.601108033240997,348,358,13,0,345,352,102811,3,0,0,3,6
2020-07-08,US,Pennsylvania,Allegheny,4209,190,0,40.46809875,-79.98167747,42003.0,346.12205962772765,4.514136374435734,4019,3979,190,0,3789,3775,1218452,230,0,0,230,204
2020-07-08,US,Pennsylvania,Armstrong,79,6,0,40.81665618,-79.46290811,42005.0,122.03599289410671,7.594936708860758,73,79,6,0,73,78,65263,0,0,0,0,1
2020-07-08,US,Pennsylvania,Beaver,785,79,0,40.6825484,-80.34921611,42007.0,478.86585045965035,10.063694267515924,706,770,79,0,691,742,164742,15,0,0,15,28
2020-07-08,US,Pennsylvania,Bedford,90,4,0,40.00522157,-78.48998442,42009.0,187.93852322084862,4.4444444444444455,86,90,4,0,86,89,48176,0,0,0,0,1
2020-07-08,US,Pennsylvania,Berks,4623,355,0,40.41570541,-75.92457766,42011.0,1097.672165712169,7.6789963227341556,4268,4606,353,0,4253,4581,420152,17,2,0,15,25
2020-07-08,US,Pennsylvania,Blair,90,1,0,40.47961444,-78.34917412,42013.0,73.87403655943987,1.1111111111111112,89,89,1,0,88,87,122492,1,0,0,1,2
2020-07-08,US,Pennsylvania,Bradford,59,3,0,41.78869215,-76.51570822,42015.0,97.80680669064868,5.084745762711863,56,59,3,0,56,56,60833,0,0,0,0,3
2020-07-08,US,Pennsylvania,Bucks,5967,570,0,40.33682119,-75.10836643,42017.0,949.75090327407,9.55253896430367,5397,5948,570,0,5378,5912,628195,19,0,0,19,36
2020-07-08,US,Pennsylvania,Butler,390,13,0,40.91152759,-79.91351055,42019.0,207.609141190186,3.333333333333333,377,370,13,0,357,356,187888,20,0,0,20,14
2020-07-08,US,Pennsylvania,Cambria,110,3,0,40.49527404,-78.71377428,42021.0,84.49059850067593,2.727272727272727,107,104,3,0,101,98,131730,6,0,0,6,6
2020-07-08,US,Pennsylvania,Cameron,4,0,0,41.43625568,-78.20376845,42023.0,89.94827973915001,0.0,4,4,0,0,4,4,4492,0,0,0,0,0
2020-07-08,US,Pennsylvania,Carbon,291,27,0,40.91545395,-75.7068525,42025.0,453.3981490137422,9.278350515463918,264,288,27,0,261,287,64227,3,0,0,3,1
2020-07-08,US,Pennsylvania,Centre,232,8,0,40.92058903,-77.82200624,42027.0,142.87033900914494,3.4482758620689653,224,230,8,0,222,228,162805,2,0,0,2,2
2020-07-08,US,Pennsylvania,Chester,3892,332,0,39.97291773,-75.74768357,42029.0,741.3488663571999,8.530318602261048,3560,3863,330,0,3533,3839,522046,29,2,0,27,24
2020-07-08,US,Pennsylvania,Clarion,49,2,0,41.19265812,-79.42413524,42031.0,127.47801654612623,4.081632653061225,47,48,2,0,46,48,38779,1,0,0,1,0
2020-07-08,US,Pennsylvania,Clearfield,82,0,0,41.00110782,-78.47592663,42033.0,103.4635038798814,0.0,82,79,0,0,79,75,79388,3,0,0,3,4
2020-07-08,US,Pennsylvania,Clinton,86,4,0,41.23255967,-77.63785995,42035.0,222.61337751087186,4.651162790697675,82,81,4,0,77,81,38684,5,0,0,5,0
2020-07-08,US,Pennsylvania,Columbia,413,35,0,41.04821986,-76.40565017,42037.0,635.7367157194755,8.474576271186441,378,412,34,0,378,411,65456,1,1,0,0,1
2020-07-08,US,Pennsylvania,Crawford,74,1,0,41.68447709,-80.10760592,42039.0,87.44047548712616,1.351351351351351,73,72,0,0,72,70,85063,2,1,0,1,2
2020-07-08,US,Pennsylvania,Cumberland,912,64,0,40.1625372,-77.26130755,42041.0,359.9479022773021,7.0175438596491215,848,902,64,0,838,894,251423,10,0,0,10,8
2020-07-08,US,Pennsylvania,Dauphin,2236,143,0,40.41377078,-76.77993242,42043.0,803.4524019130504,6.395348837209302,2093,2220,142,0,2078,2198,277097,16,1,0,15,22
2020-07-08,US,Pennsylvania,Delaware,7427,662,0,39.91680171,-75.40243663,42045.0,1310.4612816653641,8.913423993537094,6765,7384,661,0,6723,7349,564751,43,1,0,42,35
2020-07-08,US,Pennsylvania,Elk,28,0,0,41.42822061,-78.64524744,42047.0,93.61417586091608,0.0,28,24,0,0,24,20,30169,4,0,0,4,4
2020-07-08,US,Pennsylvania,Erie,691,12,0,41.99253829,-80.03301954,42049.0,256.18400759283423,1.7366136034732271,679,679,12,0,667,661,272061,12,0,0,12,18
2020-07-08,US,Pennsylvania,Fayette,160,4,0,39.92041012,-79.64291195,42051.0,123.76812042638115,2.5,156,149,4,0,145,147,130441,11,0,0,11,2
2020-07-08,US,Pennsylvania,Forest,7,0,0,41.51095103,-79.23229292,42053.0,96.59169311439214,0.0,7,7,0,0,7,7,7279,0,0,0,0,0
2020-07-08,US,Pennsylvania,Franklin,984,44,0,39.92956518,-77.72157791,42055.0,634.7281441297323,4.4715447154471555,940,970,44,0,926,958,154835,14,0,0,14,12
2020-07-08,US,Pennsylvania,Fulton,18,1,0,39.92913544,-78.11163677,42057.0,123.88162422573986,5.5555555555555545,17,18,1,0,17,18,14523,0,0,0,0,0
2020-07-08,US,Pennsylvania,Greene,52,0,0,39.85746531,-80.22357106,42059.0,143.5155797201446,0.0,52,50,0,0,50,47,36506,2,0,0,2,3
2020-07-08,US,Pennsylvania,Huntingdon,254,4,0,40.42162652,-77.97673273,42061.0,562.6439836966152,1.5748031496062993,250,254,4,0,250,254,45168,0,0,0,0,0
2020-07-08,US,Pennsylvania,Indiana,119,6,0,40.65241041,-79.08963285,42063.0,141.543658487267,5.042016806722689,113,116,6,0,110,114,84501,3,0,0,3,2
2020-07-08,US,Pennsylvania,Jefferson,33,1,0,41.12913106,-78.9986361,42065.0,75.99309153713298,3.0303030303030303,32,30,1,0,29,30,43641,3,0,0,3,0
2020-07-08,US,Pennsylvania,Juniata,114,6,0,40.53358749,-77.39975129999998,42067.0,460.3642531195736,5.2631578947368425,108,114,6,0,108,113,24704,0,0,0,0,1
2020-07-08,US,Pennsylvania,Lackawanna,1743,208,0,41.43564672,-75.60379201,42069.0,831.2904795062811,11.933448078026393,1535,1740,207,0,1533,1734,210793,3,1,0,2,6
2020-07-08,US,Pennsylvania,Lancaster,4673,372,0,40.03904563,-76.24770128,42071.0,856.2936575998123,7.960624866252942,4301,4623,372,0,4251,4602,543557,50,0,0,50,21
2020-07-08,US,Pennsylvania,Lawrence,141,9,0,40.99206278,-80.33393706,42073.0,164.88913836654504,6.382978723404255,132,129,9,0,120,124,86184,12,0,0,12,5
2020-07-08,US,Pennsylvania,Lebanon,1399,45,0,40.36680311,-76.45651841,42075.0,986.6495525166968,3.2165832737669766,1354,1389,45,0,1344,1383,141314,10,0,0,10,6
2020-07-08,US,Pennsylvania,Lehigh,4354,312,0,40.6154815,-75.59435245,42077.0,1178.9298111654455,7.165824529168581,4042,4334,309,0,4025,4317,368100,20,3,0,17,17
2020-07-08,US,Pennsylvania,Luzerne,2967,179,0,41.17823008,-75.98447579,42079.0,934.7325442556636,6.033029996629592,2788,2964,179,0,2785,2958,317646,3,0,0,3,6
2020-07-08,US,Pennsylvania,Lycoming,232,20,0,41.34310539,-77.06629984,42081.0,204.76791498601048,8.620689655172415,212,217,20,0,197,214,113664,15,0,0,15,3
2020-07-08,US,Pennsylvania,McKean,20,1,0,41.80938602,-78.56478358,42083.0,49.23076923076921,5.0,19,20,1,0,19,20,40968,0,0,0,0,0
2020-07-08,US,Pennsylvania,Mercer,159,6,0,41.30248872,-80.25816981,42085.0,145.3063313349905,3.7735849056603774,153,159,6,0,153,158,110683,0,0,0,0,1
2020-07-08,US,Pennsylvania,Mifflin,68,1,0,40.61116939,-77.61070738,42087.0,147.38393515106853,1.4705882352941178,67,66,1,0,65,65,46222,2,0,0,2,1
2020-07-08,US,Pennsylvania,Monroe,1451,111,0,41.05934058,-75.34031025,42089.0,852.1709510133845,7.6498966230186065,1340,1444,111,0,1333,1439,169507,7,0,0,7,5
2020-07-08,US,Pennsylvania,Montgomery,8718,818,0,40.21053671,-75.36652296,42091.0,1049.2047923072757,9.382885983023627,7900,8682,815,0,7867,8634,828604,36,3,0,33,48
2020-07-08,US,Pennsylvania,Montour,76,2,0,41.03023987,-76.66345939,42093.0,416.8952276467362,2.631578947368421,74,76,2,0,74,76,18240,0,0,0,0,0
2020-07-08,US,Pennsylvania,Northampton,3500,276,0,40.75182733,-75.30471829,42095.0,1146.4696922547782,7.885714285714287,3224,3485,275,0,3210,3475,304807,15,1,0,14,10
2020-07-08,US,Pennsylvania,Northumberland,334,8,0,40.84785433,-76.70798222,42097.0,367.6672941228273,2.395209580838323,326,328,8,0,320,327,91083,6,0,0,6,1
2020-07-08,US,Pennsylvania,Perry,89,5,0,40.40206612,-77.26297447,42099.0,192.34094052558785,5.617977528089888,84,88,5,0,83,86,46139,1,0,0,1,2
2020-07-08,US,Pennsylvania,Philadelphia,26969,1628,0,40.00338507,-75.1379271,42101.0,1702.519595167872,6.036560495383589,25341,26901,1621,0,25280,26810,1584138,68,7,0,61,91
2020-07-08,US,Pennsylvania,Pike,504,21,0,41.33155042,-75.03208106,42103.0,903.0801483631673,4.166666666666667,483,504,21,0,483,503,55933,0,0,0,0,1
2020-07-08,US,Pennsylvania,Potter,17,0,0,41.74471626,-77.89559864,42105.0,102.86820767275809,0.0,17,17,0,0,17,17,16622,0,0,0,0,0
2020-07-08,US,Pennsylvania,Schuylkill,761,47,0,40.70497338,-76.2150785,42107.0,538.3456306283999,6.176084099868593,714,759,46,0,713,755,142067,2,1,0,1,4
2020-07-08,US,Pennsylvania,Snyder,71,2,0,40.77129231,-77.06840691,42109.0,175.86446051719014,2.8169014084507036,69,68,2,0,66,68,40540,3,0,0,3,0
2020-07-08,US,Pennsylvania,Somerset,67,1,0,39.97172723,-79.02699593,42111.0,91.22224188870888,1.492537313432836,66,64,1,0,63,64,73952,3,0,0,3,0
2020-07-08,US,Pennsylvania,Sullivan,10,0,0,41.44634738,-76.51246591,42113.0,164.85328058028355,0.0,10,10,0,0,10,10,6071,0,0,0,0,0
2020-07-08,US,Pennsylvania,Susquehanna,190,25,0,41.82147784,-75.80071959,42115.0,471.13667923031153,13.157894736842106,165,190,25,0,165,186,40589,0,0,0,0,4
2020-07-08,US,Pennsylvania,Tioga,27,2,0,41.77255149,-77.25433032,42117.0,66.51720824813383,7.407407407407407,25,27,2,0,25,27,40763,0,0,0,0,0
2020-07-08,US,Pennsylvania,Union,98,2,0,40.96188846,-77.05996014,42119.0,218.15105847783985,2.0408163265306123,96,96,2,0,94,95,44785,2,0,0,2,1
2020-07-08,US,Pennsylvania,Venango,34,0,0,41.40323442,-79.75845449,42121.0,67.10349727638746,0.0,34,28,0,0,28,27,51266,6,0,0,6,1
2020-07-08,US,Pennsylvania,Warren,7,1,0,41.81304978,-79.26969577,42123.0,17.861243652879487,14.285714285714285,6,7,1,0,6,7,39498,0,0,0,0,0
2020-07-08,US,Pennsylvania,Washington,356,6,0,40.19208869,-80.24582867,42125.0,172.09291083556909,1.6853932584269662,350,339,6,0,333,318,207346,17,0,0,17,21
2020-07-08,US,Pennsylvania,Wayne,141,8,0,41.64938475,-75.29956506,42127.0,274.52736512139563,5.673758865248227,133,141,9,0,132,141,51276,0,-1,0,1,0
2020-07-08,US,Pennsylvania,Westmoreland,896,39,0,40.31377979999999,-79.46615476,42129.0,256.80784410388105,4.352678571428571,857,863,39,0,824,828,350611,33,0,0,33,35
2020-07-08,US,Pennsylvania,Wyoming,40,7,0,41.51955538,-76.01074915,42131.0,149.28715384041203,17.5,33,40,7,0,33,40,27046,0,0,0,0,0
2020-07-08,US,Pennsylvania,York,1692,57,0,39.9210089,-76.73040131,42133.0,376.78874443835764,3.368794326241135,1635,1654,55,0,1599,1613,448273,38,2,0,36,41
2020-07-08,US,Rhode Island,Bristol,256,0,0,41.71018079,-71.28652315,44001.0,528.0636976835331,0.0,256,256,0,0,256,256,48649,0,0,0,0,0
2020-07-08,US,Rhode Island,Kent,1234,0,0,41.67106337,-71.57641596,44003.0,751.1016969785504,0.0,1234,1234,0,0,1234,1234,163861,0,0,0,0,0
2020-07-08,US,Rhode Island,Newport,331,0,0,41.5642026,-71.26569799,44005.0,403.25528130406167,0.0,331,331,0,0,331,331,82542,0,0,0,0,0
2020-07-08,US,Rhode Island,Providence,13144,0,0,41.87064746,-71.57753536,44007.0,2057.1861437307,0.0,13144,13144,0,0,13144,13144,636084,0,0,0,0,0
2020-07-08,US,Rhode Island,Unassigned,1701,971,0,0.0,0.0,90044.0,0.0,57.0840681951793,730,1651,969,0,682,1488,,50,2,0,48,163
2020-07-08,US,Rhode Island,Washington,538,0,0,41.45961631,-71.61435303,44009.0,428.4224021914842,0.0,538,538,0,0,538,538,126179,0,0,0,0,0
2020-07-08,US,South Carolina,Abbeville,137,1,0,34.22333378,-82.46170658,45001.0,558.5681086149956,0.7299270072992701,136,134,1,0,133,135,24541,3,0,0,3,-1
2020-07-08,US,South Carolina,Aiken,545,11,0,33.54338026,-81.63645384,45003.0,318.95219813661686,2.018348623853211,534,530,11,0,519,516,169401,15,0,0,15,14
2020-07-08,US,South Carolina,Allendale,64,3,0,32.98837386,-81.35321066,45005.0,736.6482504604053,4.6875,61,64,3,0,61,64,8903,0,0,0,0,0
2020-07-08,US,South Carolina,Anderson,886,15,0,34.51828081,-82.63959517,45007.0,437.40558259856437,1.693002257336343,871,824,15,0,809,798,200482,62,0,0,62,26
2020-07-08,US,South Carolina,Bamberg,154,1,0,33.21927586,-81.05659969,45009.0,1094.8386179439785,0.6493506493506493,153,151,1,0,150,148,14275,3,0,0,3,3
2020-07-08,US,South Carolina,Barnwell,101,1,0,33.26679302,-81.43584352,45011.0,484.04102367487775,0.99009900990099,100,101,1,0,100,99,21112,0,0,0,0,2
2020-07-08,US,South Carolina,Beaufort,1685,23,0,32.39226291,-80.72619758,45013.0,877.0468764639136,1.3649851632047478,1662,1620,23,0,1597,1515,188715,65,0,0,65,105
2020-07-08,US,South Carolina,Berkeley,1783,24,0,33.20222596,-79.94654523,45015.0,782.3366548636067,1.3460459899046548,1759,1703,24,0,1679,1654,221091,80,0,0,80,49
2020-07-08,US,South Carolina,Calhoun,114,2,0,33.66926881,-80.77722168,45017.0,783.3436404864976,1.7543859649122806,112,109,2,0,107,107,14520,5,0,0,5,2
2020-07-08,US,South Carolina,Charleston,6337,47,0,32.82487866,-79.96512315,45019.0,1540.3275596369524,0.7416758718636579,6290,6073,41,0,6032,5979,405905,264,6,0,258,94
2020-07-08,US,South Carolina,Cherokee,216,8,0,35.05122251,-81.61828622,45021.0,376.96335078534037,3.703703703703704,208,204,8,0,196,189,57078,12,0,0,12,15
2020-07-08,US,South Carolina,Chester,241,2,0,34.69249168,-81.1583216,45023.0,747.4258776826697,0.8298755186721992,239,236,2,0,234,232,32251,5,0,0,5,4
2020-07-08,US,South Carolina,Chesterfield,421,15,0,34.64137396,-80.15640140000002,45025.0,922.2343921139102,3.5629453681710213,406,407,15,0,392,400,45754,14,0,0,14,7
2020-07-08,US,South Carolina,Clarendon,454,43,0,33.66610974,-80.21647898,45027.0,1345.384501407616,9.47136563876652,411,454,43,0,411,450,33700,0,0,0,0,4
2020-07-08,US,South Carolina,Colleton,411,22,0,32.87582989,-80.67641292,45029.0,1090.8511824189825,5.35279805352798,389,401,22,0,379,384,37660,10,0,0,10,17
2020-07-08,US,South Carolina,Darlington,515,16,0,34.33358335,-79.96027485,45031.0,773.0643369659851,3.1067961165048543,499,504,16,0,488,498,66802,11,0,0,11,6
2020-07-08,US,South Carolina,Dillon,356,13,0,34.39007791,-79.37741872,45033.0,1168.0173234029987,3.651685393258427,343,350,12,0,338,344,30599,6,1,0,5,6
2020-07-08,US,South Carolina,Dorchester,1230,6,0,33.0794369,-80.40502652,45035.0,755.48649030459,0.4878048780487805,1224,1155,5,0,1150,1133,160647,75,1,0,74,22
2020-07-08,US,South Carolina,Edgefield,106,3,0,33.77221995,-81.96231108,45037.0,388.8481291269258,2.830188679245283,103,101,3,0,98,100,27052,5,0,0,5,1
2020-07-08,US,South Carolina,Fairfield,325,22,0,34.39287073,-81.1195624,45039.0,1454.3339150668994,6.769230769230768,303,319,22,0,297,316,22402,6,0,0,6,3
2020-07-08,US,South Carolina,Florence,1458,56,0,34.02361754,-79.70189312,45041.0,1054.2832970576962,3.840877914951989,1402,1427,56,0,1371,1415,138159,31,0,0,31,12
2020-07-08,US,South Carolina,Georgetown,691,8,0,33.43443342,-79.33202141,45043.0,1102.4250159540522,1.1577424023154848,683,644,6,0,638,631,62249,47,2,0,45,13
2020-07-08,US,South Carolina,Greenville,6235,96,0,34.89502264,-82.37295012,45045.0,1190.9264204209026,1.5396952686447474,6139,6068,90,0,5978,6019,514213,167,6,0,161,49
2020-07-08,US,South Carolina,Greenwood,649,7,0,34.15272415,-82.12715789,45047.0,916.5242688282892,1.078582434514638,642,599,7,0,592,595,70741,50,0,0,50,4
2020-07-08,US,South Carolina,Hampton,88,2,0,32.77419582,-81.13845571,45049.0,457.8087607949225,2.272727272727273,86,87,2,0,85,87,19351,1,0,0,1,0
2020-07-08,US,South Carolina,Horry,5016,62,0,33.9212828,-78.99555293,45051.0,1416.6250095317173,1.2360446570972887,4954,4847,55,0,4792,4717,344147,169,7,0,162,130
2020-07-08,US,South Carolina,Jasper,215,3,0,32.43171982,-81.02487495,45053.0,714.9270109400459,1.3953488372093024,212,208,3,0,205,188,28971,7,0,0,7,20
2020-07-08,US,South Carolina,Kershaw,807,17,0,34.33988254,-80.58763164,45055.0,1212.6038677104775,2.106567534076828,790,797,16,0,781,790,65592,10,1,0,9,7
2020-07-08,US,South Carolina,Lancaster,579,14,0,34.68270843,-80.70513032,45057.0,590.7439905317716,2.4179620034542317,565,574,14,0,560,571,95380,5,0,0,5,3
2020-07-08,US,South Carolina,Laurens,644,12,0,34.48244419,-82.00490796,45059.0,954.1730253507773,1.8633540372670807,632,626,9,0,617,608,66994,18,3,0,15,18
2020-07-08,US,South Carolina,Lee,331,22,0,34.16393091,-80.25690731,45061.0,1966.9598288566674,6.646525679758308,309,330,22,0,308,310,17142,1,0,0,1,20
2020-07-08,US,South Carolina,Lexington,2612,57,0,33.89665987,-81.27146426,45063.0,874.3096234309622,2.1822358346094948,2555,2522,57,0,2465,2462,295032,90,0,0,90,60
2020-07-08,US,South Carolina,Marion,285,9,0,34.07859748,-79.36400756,45067.0,929.6408650552893,3.1578947368421053,276,281,9,0,272,280,31039,4,0,0,4,1
2020-07-08,US,South Carolina,Marlboro,327,4,0,34.59905577,-79.67561152,45069.0,1252.010107971514,1.2232415902140672,323,321,4,0,317,319,26398,6,0,0,6,2
2020-07-08,US,South Carolina,McCormick,28,2,0,33.90161443,-82.30794338,45065.0,295.8892528796365,7.142857142857142,26,26,2,0,24,26,9410,2,0,0,2,0
2020-07-08,US,South Carolina,Newberry,344,5,0,34.28629098,-81.59935761,45071.0,894.901144640999,1.4534883720930232,339,336,5,0,331,312,38520,8,0,0,8,24
2020-07-08,US,South Carolina,Oconee,358,1,0,34.75225169,-83.06742317,45073.0,450.05405677218215,0.2793296089385475,357,350,1,0,349,334,78374,8,0,0,8,16
2020-07-08,US,South Carolina,Orangeburg,983,18,0,33.4391073,-80.79886287,45075.0,1140.702059762112,1.8311291963377416,965,954,16,0,938,936,86934,29,2,0,27,18
2020-07-08,US,South Carolina,Pickens,1042,6,0,34.88807695,-82.72791551,45077.0,821.2225339680338,0.5758157389635317,1036,1007,5,0,1002,1000,124937,35,1,0,34,7
2020-07-08,US,South Carolina,Richland,4344,92,0,34.01791263,-80.90267209,45079.0,1044.8360708968416,2.117863720073665,4252,4273,90,0,4183,4216,414576,71,2,0,69,57
2020-07-08,US,South Carolina,Saluda,249,2,0,34.00795823,-81.72713237,45081.0,1216.2360181702734,0.8032128514056225,247,240,1,0,239,239,20544,9,1,0,8,1
2020-07-08,US,South Carolina,Spartanburg,2083,57,0,34.92960077,-81.99225984,45083.0,651.3751426739841,2.7364378300528083,2026,2009,52,0,1957,1955,313888,74,5,0,69,54
2020-07-08,US,South Carolina,Sumter,1256,27,0,33.91826534,-80.37942316,45085.0,1176.90051629951,2.14968152866242,1229,1248,27,0,1221,1208,106512,8,0,0,8,40
2020-07-08,US,South Carolina,Union,127,0,0,34.68835752,-81.61730349,45087.0,464.92897935276034,0.0,127,120,0,0,120,116,27410,7,0,0,7,4
2020-07-08,US,South Carolina,Williamsburg,459,15,0,33.62190129,-79.72767442,45089.0,1511.4594309799786,3.2679738562091503,444,445,15,0,430,441,30606,14,0,0,14,4
2020-07-08,US,South Carolina,York,1618,12,0,34.97281497,-81.18085944,45091.0,575.8437463297969,0.7416563658838071,1606,1573,12,0,1561,1544,274118,45,0,0,45,29
2020-07-08,US,South Dakota,Aurora,34,0,0,43.71757685,-98.56050467,46003.0,1235.9142130134496,0.0,34,34,0,0,34,34,2801,0,0,0,0,0
2020-07-08,US,South Dakota,Beadle,549,7,0,44.41464384,-98.27858469,46005.0,2975.125995773045,1.275045537340619,542,545,7,0,538,541,18883,4,0,0,4,4
2020-07-08,US,South Dakota,Bennett,4,0,0,43.19486375,-101.6665572,46007.0,118.87072808320951,0.0,4,4,0,0,4,4,3468,0,0,0,0,0
2020-07-08,US,South Dakota,Bon Homme,12,0,0,42.98914167,-97.88592746,46009.0,173.8878423416896,0.0,12,12,0,0,12,12,6980,0,0,0,0,0
2020-07-08,US,South Dakota,Brookings,86,0,0,44.36974375,-96.79079945,46011.0,245.1749009322348,0.0,86,83,0,0,83,81,35232,3,0,0,3,2
2020-07-08,US,South Dakota,Brown,350,2,0,45.58994323,-98.35165355,46013.0,901.1560544813203,0.5714285714285714,348,350,2,0,348,349,39316,0,0,0,0,1
2020-07-08,US,South Dakota,Brule,30,0,0,43.71756379,-99.08118954,46015.0,566.3583160279402,0.0,30,29,0,0,29,29,5229,1,0,0,1,0
2020-07-08,US,South Dakota,Buffalo,79,3,0,44.07657829,-99.20814467,46017.0,4026.5035677879714,3.79746835443038,76,77,3,0,74,76,2036,2,0,0,2,1
2020-07-08,US,South Dakota,Butte,1,0,0,44.90608745,-103.5079318,46019.0,9.588647041902387,0.0,1,,,,,,10222,,,,,
2020-07-08,US,South Dakota,Campbell,1,0,0,45.77074915,-100.0510181,46021.0,72.67441860465118,0.0,1,1,0,0,1,1,1377,0,0,0,0,0
2020-07-08,US,South Dakota,Charles Mix,95,0,0,43.20660134,-98.58856175,46023.0,1022.3848471803702,0.0,95,90,0,0,90,91,9338,5,0,0,5,-1
2020-07-08,US,South Dakota,Clark,15,0,0,44.85834507,-97.72925109,46025.0,401.4989293361885,0.0,15,15,0,0,15,15,3739,0,0,0,0,0
2020-07-08,US,South Dakota,Clay,90,0,0,42.91296147,-96.97656917,46027.0,639.6588486140722,0.0,90,90,0,0,90,89,14041,0,0,0,0,1
2020-07-08,US,South Dakota,Codington,86,0,0,44.97788119,-97.18827677,46029.0,307.0441643757364,0.0,86,85,0,0,85,83,28015,1,0,0,1,2
2020-07-08,US,South Dakota,Corson,19,0,0,45.70889983,-101.1970473,46031.0,465.00244738130203,0.0,19,19,0,0,19,19,4165,0,0,0,0,0
2020-07-08,US,South Dakota,Custer,10,0,0,43.67741105,-103.45345209999999,46033.0,111.45786892554614,0.0,10,10,0,0,10,10,8726,0,0,0,0,0
2020-07-08,US,South Dakota,Davison,50,0,0,43.67490933,-98.14458906,46035.0,252.84450063211125,0.0,50,47,0,0,47,47,19790,3,0,0,3,0
2020-07-08,US,South Dakota,Day,19,0,0,45.367281,-97.60737498,46037.0,350.29498525073745,0.0,19,19,0,0,19,18,5505,0,0,0,0,1
2020-07-08,US,South Dakota,Deuel,4,0,0,44.75994309,-96.66943645,46039.0,91.93288899103656,0.0,4,4,0,0,4,4,4337,0,0,0,0,0
2020-07-08,US,South Dakota,Dewey,12,0,0,45.15639647,-100.8709139,46041.0,203.6659877800407,0.0,12,9,0,0,9,8,5904,3,0,0,3,1
2020-07-08,US,South Dakota,Douglas,10,0,0,43.38520741,-98.36978007,46043.0,342.3485107839781,0.0,10,10,0,0,10,9,2935,0,0,0,0,1
2020-07-08,US,South Dakota,Edmunds,8,0,0,45.41846445,-99.21545423,46045.0,208.9318359885088,0.0,8,8,0,0,8,8,3875,0,0,0,0,0
2020-07-08,US,South Dakota,Fall River,13,0,0,43.23929297,-103.5275691,46047.0,193.65410397735738,0.0,13,12,0,0,12,12,6758,1,0,0,1,0
2020-07-08,US,South Dakota,Faulk,23,1,0,45.07082625,-99.14535601,46049.0,1000.4349717268376,4.3478260869565215,22,23,1,0,22,23,2330,0,0,0,0,0
2020-07-08,US,South Dakota,Grant,14,0,0,45.1723937,-96.77002276,46051.0,198.52524106636415,0.0,14,14,0,0,14,13,7147,0,0,0,0,1
2020-07-08,US,South Dakota,Gregory,4,0,0,43.19419064,-99.18883902,46053.0,95.57945041816008,0.0,4,4,0,0,4,4,4212,0,0,0,0,0
2020-07-08,US,South Dakota,Haakon,1,0,0,44.29299053,-101.539099,46055.0,52.6592943654555,0.0,1,1,0,0,1,1,1918,0,0,0,0,0
2020-07-08,US,South Dakota,Hamlin,13,0,0,44.67385954,-97.18829593,46057.0,210.90201168072682,0.0,13,13,0,0,13,13,6111,0,0,0,0,0
2020-07-08,US,South Dakota,Hand,7,0,0,44.54708407,-99.00386459,46059.0,219.36696960200558,0.0,7,7,0,0,7,7,3262,0,0,0,0,0
2020-07-08,US,South Dakota,Hanson,12,0,0,43.6746384,-97.78715148,46061.0,347.5238922675934,0.0,12,12,0,0,12,10,3376,0,0,0,0,2
2020-07-08,US,South Dakota,Hughes,66,0,0,44.39091534,-99.99661148,46065.0,376.583361862376,0.0,66,65,0,0,65,65,17650,1,0,0,1,0
2020-07-08,US,South Dakota,Hutchinson,15,0,0,43.33449012,-97.75536441,46067.0,205.73309559731172,0.0,15,15,0,0,15,15,7380,0,0,0,0,0
2020-07-08,US,South Dakota,Hyde,3,0,0,44.54747703,-99.48572582,46069.0,230.59185242121444,0.0,3,3,0,0,3,3,1282,0,0,0,0,0
2020-07-08,US,South Dakota,Jackson,6,1,0,43.69318385,-101.6255063,46071.0,179.42583732057415,16.666666666666668,5,6,1,0,5,6,3307,0,0,0,0,0
2020-07-08,US,South Dakota,Jerauld,39,1,0,44.06637798,-98.62965972,46073.0,1937.4068554396426,2.5641025641025643,38,39,1,0,38,39,2043,0,0,0,0,0
2020-07-08,US,South Dakota,Jones,1,0,0,43.96278565,-100.6940008,46075.0,110.74197120708747,0.0,1,,,,,,928,,,,,
2020-07-08,US,South Dakota,Kingsbury,6,0,0,44.36956169,-97.4913945,46077.0,121.48208139299452,0.0,6,6,0,0,6,6,4919,0,0,0,0,0
2020-07-08,US,South Dakota,Lake,22,1,0,44.02193107,-97.12926365,46079.0,171.9152926467141,4.545454545454546,21,22,1,0,21,22,13057,0,0,0,0,0
2020-07-08,US,South Dakota,Lawrence,19,0,0,44.35919441,-103.79294279999999,46081.0,73.51803126451014,0.0,19,19,0,0,19,19,25741,0,0,0,0,0
2020-07-08,US,South Dakota,Lincoln,376,1,0,43.27841182,-96.72039050000001,46083.0,615.102735244078,0.26595744680851063,375,371,1,0,370,366,58807,5,0,0,5,5
2020-07-08,US,South Dakota,Lyman,75,1,0,43.89522709,-99.85201878,46085.0,1983.602221634488,1.3333333333333333,74,72,1,0,71,70,3821,3,0,0,3,2
2020-07-08,US,South Dakota,Marshall,5,0,0,45.75870838,-97.59855639,46091.0,101.31712259371834,0.0,5,5,0,0,5,5,5112,0,0,0,0,0
2020-07-08,US,South Dakota,McCook,14,1,0,43.6742571,-97.36863144,46087.0,250.62656641604008,7.142857142857142,13,14,1,0,13,13,5546,0,0,0,0,1
2020-07-08,US,South Dakota,McPherson,5,0,0,45.76626028,-99.22118798,46089.0,210.17234131988232,0.0,5,5,0,0,5,5,2407,0,0,0,0,0
2020-07-08,US,South Dakota,Meade,53,1,0,44.56676791,-102.71627409999999,46093.0,187.0676267118453,1.8867924528301887,52,52,1,0,51,51,28294,1,0,0,1,1
2020-07-08,US,South Dakota,Mellette,6,0,0,43.58078848,-100.7563186,46095.0,291.12081513828235,0.0,6,6,0,0,6,7,2042,0,0,0,0,-1
2020-07-08,US,South Dakota,Miner,10,0,0,44.02197882,-97.60992207,46097.0,451.2635379061372,0.0,10,10,0,0,10,10,2213,0,0,0,0,0
2020-07-08,US,South Dakota,Minnehaha,3706,59,0,43.67441641,-96.7910885,46099.0,1918.8749779945526,1.5920129519697788,3647,3685,59,0,3626,3667,192876,21,0,0,21,18
2020-07-08,US,South Dakota,Moody,23,0,0,44.02266214,-96.67081159,46101.0,349.7566909975669,0.0,23,23,0,0,23,23,6579,0,0,0,0,0
2020-07-08,US,South Dakota,Oglala Lakota,103,0,0,43.33749164,-102.55554980000001,46102.0,726.5288848134302,0.0,103,100,0,0,100,99,14309,3,0,0,3,1
2020-07-08,US,South Dakota,Pennington,606,17,0,44.0025835,-102.8240777,46103.0,532.6301911667765,2.8052805280528053,589,590,17,0,573,575,111729,16,0,0,16,15
2020-07-08,US,South Dakota,Roberts,52,0,0,45.62975048,-96.94672673,46109.0,500.2886280546469,0.0,52,52,0,0,52,52,10447,0,0,0,0,0
2020-07-08,US,South Dakota,Sanborn,12,0,0,44.02351092,-98.09098159999999,46111.0,511.9453924914676,0.0,12,12,0,0,12,12,2429,0,0,0,0,0
2020-07-08,US,South Dakota,Spink,12,0,0,44.93837606,-98.34626602,46115.0,188.20577164366367,0.0,12,12,0,0,12,12,6495,0,0,0,0,0
2020-07-08,US,South Dakota,Stanley,14,0,0,44.41381872,-100.7349153,46117.0,451.9044544867656,0.0,14,14,0,0,14,14,3022,0,0,0,0,0
2020-07-08,US,South Dakota,Sully,1,0,0,44.71571812,-100.1278092,46119.0,71.89072609633357,0.0,1,1,0,0,1,1,1392,0,0,0,0,0
2020-07-08,US,South Dakota,Todd,59,1,0,43.19338568,-100.71955030000001,46121.0,579.738626314238,1.6949152542372878,58,57,1,0,56,57,10283,2,0,0,2,0
2020-07-08,US,South Dakota,Tripp,18,0,0,43.34459388,-99.8854891,46123.0,330.8215401580592,0.0,18,18,0,0,18,18,5478,0,0,0,0,0
2020-07-08,US,South Dakota,Turner,27,0,0,43.3109081,-97.14865776,46125.0,322.04198473282435,0.0,27,27,0,0,27,27,8424,0,0,0,0,0
2020-07-08,US,South Dakota,Union,138,1,0,42.83112163,-96.6557828,46127.0,866.1812703991966,0.7246376811594203,137,137,1,0,136,137,15619,1,0,0,1,0
2020-07-08,US,South Dakota,Walworth,16,0,0,45.43019636,-100.03075140000001,46129.0,294.3882244710212,0.0,16,15,0,0,15,15,5587,1,0,0,1,0
2020-07-08,US,South Dakota,Yankton,82,0,0,43.00924485,-97.39467635,46135.0,359.42842114491094,0.0,82,82,0,0,82,82,22869,0,0,0,0,0
2020-07-08,US,South Dakota,Ziebach,1,0,0,44.97881876,-101.6654622,46137.0,36.2844702467344,0.0,1,1,0,0,1,1,2742,0,0,0,0,0
2020-07-08,US,Tennessee,Anderson,166,2,0,36.12684348,-84.19965764,47001.0,215.64602873548287,1.2048192771084338,164,143,2,0,141,144,76482,23,0,0,23,-1
2020-07-08,US,Tennessee,Bedford,589,8,0,35.51123746,-86.45549096,47003.0,1184.8007563413996,1.3582342954159592,581,584,7,0,577,570,49038,5,1,0,4,14
2020-07-08,US,Tennessee,Benton,13,1,0,36.07110411,-88.06849355,47005.0,80.44554455445545,7.6923076923076925,12,13,1,0,12,13,16184,0,0,0,0,0
2020-07-08,US,Tennessee,Bledsoe,624,1,0,35.59942968,-85.20611967,47007.0,4142.326075411577,0.16025641025641027,623,623,1,0,622,621,14755,1,0,0,1,2
2020-07-08,US,Tennessee,Blount,272,3,0,35.68938198,-83.92847788,47009.0,204.37605193556143,1.1029411764705883,269,262,3,0,259,229,131349,10,0,0,10,33
2020-07-08,US,Tennessee,Bradley,874,4,0,35.15739424,-84.857186,47011.0,808.4358523725833,0.4576659038901602,870,773,4,0,769,745,106727,101,0,0,101,28
2020-07-08,US,Tennessee,Campbell,62,1,0,36.40355516,-84.15108559999999,47013.0,155.61467797801316,1.6129032258064515,61,54,1,0,53,51,39583,8,0,0,8,3
2020-07-08,US,Tennessee,Cannon,41,0,0,35.80990797,-86.05738983,47015.0,279.3296089385475,0.0,41,37,0,0,37,37,14462,4,0,0,4,0
2020-07-08,US,Tennessee,Carroll,49,1,0,35.97366108,-88.45189331,47017.0,176.4684697662693,2.0408163265306123,48,49,1,0,48,48,28020,0,0,0,0,1
2020-07-08,US,Tennessee,Carter,75,1,0,36.28969086,-82.12588974,47019.0,132.9999468000213,1.3333333333333333,74,70,1,0,69,65,56351,5,0,0,5,5
2020-07-08,US,Tennessee,Cheatham,243,2,0,36.26136216,-87.08903581,47021.0,597.5360857697888,0.8230452674897121,241,236,1,0,235,232,40439,7,1,0,6,4
2020-07-08,US,Tennessee,Chester,48,0,0,35.42527478,-88.6095842,47023.0,277.50476961322767,0.0,48,37,0,0,37,35,17276,11,0,0,11,2
2020-07-08,US,Tennessee,Claiborne,59,0,0,36.48319149,-83.65947309,47025.0,184.61153352733191,0.0,59,53,0,0,53,48,31756,6,0,0,6,5
2020-07-08,US,Tennessee,Clay,18,0,0,36.55151008,-85.53930419,47027.0,236.37557452396587,0.0,18,19,0,0,19,18,7717,-1,0,0,-1,1
2020-07-08,US,Tennessee,Cocke,116,0,0,35.9278914,-83.11828725,47029.0,322.1864237306966,0.0,116,105,0,0,105,94,35774,11,0,0,11,11
2020-07-08,US,Tennessee,Coffee,132,0,0,35.49090731,-86.07311784,47031.0,233.54564755838643,0.0,132,125,0,0,125,120,55700,7,0,0,7,5
2020-07-08,US,Tennessee,Crockett,44,3,0,35.81830662,-89.14916269,47033.0,309.20590302178493,6.8181818181818175,41,40,3,0,37,40,14328,4,0,0,4,0
2020-07-08,US,Tennessee,Cumberland,193,4,0,35.95271721,-84.99840585,47035.0,318.9028420356907,2.0725388601036268,189,188,4,0,184,183,59673,5,0,0,5,5
2020-07-08,US,Tennessee,Davidson,12234,132,0,36.17007426,-86.78646056,47037.0,1762.458510049788,1.0789602746444336,12102,11599,127,0,11472,11205,692587,635,5,0,630,394
2020-07-08,US,Tennessee,DeKalb,70,0,0,35.97616272,-85.83689361,47041.0,341.6300634455833,0.0,70,70,0,0,70,68,20138,0,0,0,0,2
2020-07-08,US,Tennessee,Decatur,24,0,0,35.60048904,-88.11043779,47039.0,205.77895910143192,0.0,24,22,0,0,22,22,11706,2,0,0,2,0
2020-07-08,US,Tennessee,Dickson,231,0,0,36.14669837,-87.35891709,47043.0,428.1901089938459,0.0,231,219,0,0,219,212,53446,12,0,0,12,7
2020-07-08,US,Tennessee,Dyer,270,3,0,36.05931946,-89.41542855,47045.0,726.6072822196505,1.1111111111111112,267,261,3,0,258,254,37320,9,0,0,9,7
2020-07-08,US,Tennessee,Fayette,344,3,0,35.19615831,-89.41399032,47047.0,836.3114774025722,0.8720930232558141,341,328,2,0,326,323,40507,16,1,0,15,5
2020-07-08,US,Tennessee,Fentress,25,0,0,36.38128818,-84.92870012,47049.0,134.96733790422718,0.0,25,24,0,0,24,23,18217,1,0,0,1,1
2020-07-08,US,Tennessee,Franklin,101,3,0,35.15634626,-86.09201039,47051.0,239.29112964366942,2.9702970297029703,98,90,3,0,87,88,41890,11,0,0,11,2
2020-07-08,US,Tennessee,Gibson,147,1,0,35.99438059,-88.93358327,47053.0,299.18791850690985,0.6802721088435374,146,133,1,0,132,129,49045,14,0,0,14,4
2020-07-08,US,Tennessee,Giles,77,1,0,35.20222469,-87.03992678,47055.0,261.3358674993212,1.2987012987012987,76,70,1,0,69,62,29503,7,0,0,7,8
2020-07-08,US,Tennessee,Grainger,48,0,0,36.27469206,-83.51254721,47057.0,205.8319039451115,0.0,48,47,0,0,47,41,23145,1,0,0,1,6
2020-07-08,US,Tennessee,Greene,122,2,0,36.17470125,-82.84691273,47059.0,176.6349592436549,1.639344262295082,120,117,2,0,115,114,69087,5,0,0,5,3
2020-07-08,US,Tennessee,Grundy,65,2,0,35.38433717,-85.72142731,47061.0,484.09920309823485,3.0769230769230766,63,63,1,0,62,61,13346,2,1,0,1,2
2020-07-08,US,Tennessee,Hamblen,397,4,0,36.21990035,-83.26586179,47063.0,611.3900267964393,1.0075566750629723,393,374,4,0,370,343,64569,23,0,0,23,31
2020-07-08,US,Tennessee,Hamilton,3007,36,0,35.17670231,-85.16652245,47065.0,817.5550021206948,1.1972065181243765,2971,2867,36,0,2831,2804,364286,140,0,0,140,63
2020-07-08,US,Tennessee,Hancock,9,0,0,36.52692871,-83.22375847,47067.0,135.95166163141994,0.0,9,8,0,0,8,6,6549,1,0,0,1,2
2020-07-08,US,Tennessee,Hardeman,374,4,0,35.20772017,-88.99161161,47069.0,1493.0139720558884,1.0695187165775402,370,357,4,0,353,352,25220,17,0,0,17,5
2020-07-08,US,Tennessee,Hardin,119,7,0,35.19732531,-88.18593755,47071.0,463.90145017932326,5.882352941176472,112,115,7,0,108,109,25776,4,0,0,4,6
2020-07-08,US,Tennessee,Hawkins,66,2,0,36.44355426,-82.94885298,47073.0,116.22583031028776,3.0303030303030303,64,64,2,0,62,62,56530,2,0,0,2,2
2020-07-08,US,Tennessee,Haywood,108,2,0,35.58332824,-89.28536625,47075.0,624.1331484049931,1.851851851851852,106,96,2,0,94,93,17335,12,0,0,12,3
2020-07-08,US,Tennessee,Henderson,56,0,0,35.65581134,-88.38600175,47077.0,199.16776327488708,0.0,56,48,0,0,48,48,27847,8,0,0,8,0
2020-07-08,US,Tennessee,Henry,47,0,0,36.33160906,-88.30121797,47079.0,145.30839387849744,0.0,47,45,0,0,45,45,32358,2,0,0,2,0
2020-07-08,US,Tennessee,Hickman,95,0,0,35.80609681,-87.47643507,47081.0,377.3135276828977,0.0,95,88,0,0,88,80,25063,7,0,0,7,8
2020-07-08,US,Tennessee,Houston,16,0,0,36.28872054,-87.71878828,47083.0,195.09815876112668,0.0,16,15,0,0,15,15,8263,1,0,0,1,0
2020-07-08,US,Tennessee,Humphreys,35,2,0,36.03958805,-87.77992872,47085.0,188.3543213862878,5.7142857142857135,33,35,2,0,33,29,18486,0,0,0,0,6
2020-07-08,US,Tennessee,Jackson,33,0,0,36.36380466,-85.67239905,47087.0,279.99321228576275,0.0,33,30,0,0,30,29,11758,3,0,0,3,1
2020-07-08,US,Tennessee,Jefferson,148,1,0,36.04818632,-83.45148924,47089.0,271.58454904119645,0.6756756756756757,147,147,1,0,146,137,54012,1,0,0,1,10
2020-07-08,US,Tennessee,Johnson,44,0,0,36.45523950000001,-81.84886538,47091.0,247.35776928266247,0.0,44,45,0,0,45,44,17778,-1,0,0,-1,1
2020-07-08,US,Tennessee,Knox,1392,9,0,35.99508821,-83.94635435,47093.0,295.97310727111517,0.646551724137931,1383,1309,8,0,1301,1209,465289,83,1,0,82,100
2020-07-08,US,Tennessee,Lake,696,0,0,36.34180170000001,-89.48921915,47095.0,9920.18244013683,0.0,696,694,0,0,694,694,7411,2,0,0,2,0
2020-07-08,US,Tennessee,Lauderdale,164,3,0,35.75893438,-89.63015909999999,47097.0,639.8002574805913,1.8292682926829267,161,154,3,0,151,151,25825,10,0,0,10,3
2020-07-08,US,Tennessee,Lawrence,192,6,0,35.21675201,-87.39787695,47099.0,434.959902134022,3.125,186,172,6,0,166,164,43734,20,0,0,20,8
2020-07-08,US,Tennessee,Lewis,7,0,0,35.52853208,-87.49022694,47101.0,57.05901532442125,0.0,7,6,0,0,6,6,12086,1,0,0,1,0
2020-07-08,US,Tennessee,Lincoln,78,0,0,35.13738622,-86.58910106,47103.0,226.9685153931211,0.0,78,68,0,0,68,65,34117,10,0,0,10,3
2020-07-08,US,Tennessee,Loudon,302,1,0,35.73939663,-84.31145275,47105.0,558.5558925797144,0.3311258278145696,301,293,1,0,292,288,53054,9,0,0,9,5
2020-07-08,US,Tennessee,Macon,511,4,0,36.53157855,-86.00778595,47111.0,2077.066905129664,0.7827788649706457,507,500,4,0,496,487,24265,11,0,0,11,13
2020-07-08,US,Tennessee,Madison,339,2,0,35.61181957,-88.84076036,47113.0,345.9748530372305,0.5899705014749262,337,318,2,0,316,305,97605,21,0,0,21,13
2020-07-08,US,Tennessee,Marion,87,4,0,35.12997174,-85.62265895,47115.0,300.96516414709237,4.597701149425287,83,79,4,0,75,74,28575,8,0,0,8,5
2020-07-08,US,Tennessee,Marshall,101,1,0,35.45798777,-86.76420988,47117.0,293.8181818181818,0.99009900990099,100,98,1,0,97,92,33683,3,0,0,3,6
2020-07-08,US,Tennessee,Maury,406,3,0,35.618741299999996,-87.07462444,47119.0,421.2186290682353,0.7389162561576355,403,379,3,0,376,357,94340,27,0,0,27,22
2020-07-08,US,Tennessee,McMinn,255,18,0,35.42812616,-84.61520715,47107.0,474.030561029111,7.0588235294117645,237,243,18,0,225,239,53285,12,0,0,12,4
2020-07-08,US,Tennessee,McNairy,84,1,0,35.17468549,-88.5647812,47109.0,326.9245738304664,1.1904761904761905,83,76,0,0,76,76,25832,8,1,0,7,0
2020-07-08,US,Tennessee,Meigs,34,0,0,35.51558739,-84.81482914,47121.0,273.7079375301884,0.0,34,32,0,0,32,32,12306,2,0,0,2,0
2020-07-08,US,Tennessee,Monroe,141,6,0,35.44550387,-84.24902965,47123.0,302.93264582661936,4.25531914893617,135,140,6,0,134,141,46357,1,0,0,1,-1
2020-07-08,US,Tennessee,Montgomery,620,7,0,36.49609412,-87.38550661,47125.0,296.660653706105,1.1290322580645162,613,587,7,0,580,567,205950,33,0,0,33,20
2020-07-08,US,Tennessee,Moore,17,0,0,35.27724699,-86.36230578,47127.0,262.0221948212084,0.0,17,15,0,0,15,13,6411,2,0,0,2,2
2020-07-08,US,Tennessee,Morgan,29,1,0,36.13248031,-84.64880098,47129.0,135.49502406204738,3.4482758620689653,28,28,1,0,27,27,21579,1,0,0,1,1
2020-07-08,US,Tennessee,Obion,117,2,0,36.35732446,-89.14921589,47131.0,389.10505836575874,1.709401709401709,115,117,2,0,115,113,30267,0,0,0,0,4
2020-07-08,US,Tennessee,Out of TN,1230,7,0,0.0,0.0,80047.0,0.0,0.5691056910569106,1223,1095,8,0,1087,1198,,135,-1,0,136,-103
2020-07-08,US,Tennessee,Overton,67,1,0,36.34117832,-85.28989535,47133.0,301.2454475967807,1.492537313432836,66,65,1,0,64,63,22068,2,0,0,2,2
2020-07-08,US,Tennessee,Perry,35,0,0,35.63708728,-87.86139634,47135.0,433.38286280336797,0.0,35,35,0,0,35,34,8064,0,0,0,0,1
2020-07-08,US,Tennessee,Pickett,6,0,0,36.55606529,-85.07763299999998,47137.0,118.85895404120443,0.0,6,6,0,0,6,6,5082,0,0,0,0,0
2020-07-08,US,Tennessee,Polk,48,0,0,35.12245443,-84.52075859,47139.0,285.17110266159693,0.0,48,46,0,0,46,46,16898,2,0,0,2,0
2020-07-08,US,Tennessee,Putnam,926,7,0,36.14005459,-85.50646123,47141.0,1153.9659791887345,0.7559395248380129,919,919,7,0,912,906,78843,7,0,0,7,13
2020-07-08,US,Tennessee,Rhea,293,0,0,35.60536161,-84.93076643,47143.0,883.408206952694,0.0,293,289,0,0,289,285,33044,4,0,0,4,4
2020-07-08,US,Tennessee,Roane,71,0,0,35.84923189,-84.52458689,47145.0,133.00363418380726,0.0,71,64,0,0,64,62,53140,7,0,0,7,2
2020-07-08,US,Tennessee,Robertson,875,11,0,36.52454807,-86.87346725,47147.0,1218.4423433083145,1.2571428571428571,864,855,11,0,844,839,71012,20,0,0,20,16
2020-07-08,US,Tennessee,Rutherford,3234,37,0,35.84591405,-86.4107263,47149.0,973.2609055479483,1.1440940012368583,3197,3111,36,0,3075,3040,324890,123,1,0,122,71
2020-07-08,US,Tennessee,Scott,21,0,0,36.42325673,-84.50360494,47151.0,95.16041326808049,0.0,21,18,0,0,18,17,22039,3,0,0,3,1
2020-07-08,US,Tennessee,Sequatchie,42,0,0,35.36979721,-85.41022136,47153.0,279.5155064554772,0.0,42,42,0,0,42,41,14876,0,0,0,0,1
2020-07-08,US,Tennessee,Sevier,857,3,0,35.78077323,-83.52244332,47155.0,872.2646310432567,0.3500583430571762,854,857,3,0,854,830,97892,0,0,0,0,27
2020-07-08,US,Tennessee,Shelby,12549,208,0,35.1864775,-89.89692423,47157.0,1339.0370542678672,1.6575025898477966,12341,12176,202,0,11974,11936,935764,373,6,0,367,240
2020-07-08,US,Tennessee,Smith,136,2,0,36.25359775,-85.95411046,47159.0,674.7035769211689,1.4705882352941178,134,124,1,0,123,122,19942,12,1,0,11,2
2020-07-08,US,Tennessee,Stewart,25,0,0,36.50235092,-87.83920548,47161.0,182.2821728034998,0.0,25,24,0,0,24,23,13561,1,0,0,1,1
2020-07-08,US,Tennessee,Sullivan,159,2,0,36.51240691,-82.30412917,47163.0,100.41175133250816,1.2578616352201255,157,141,2,0,139,121,157668,18,0,0,18,20
2020-07-08,US,Tennessee,Sumner,1727,55,0,36.46824103,-86.45917204,47165.0,902.8507499359587,3.1847133757961785,1672,1670,53,0,1617,1636,187149,57,2,0,55,34
2020-07-08,US,Tennessee,Tipton,662,5,0,35.501942,-89.73694895,47167.0,1074.692770986542,0.7552870090634441,657,653,5,0,648,649,61581,9,0,0,9,4
2020-07-08,US,Tennessee,Trousdale,1503,5,0,36.39026213,-86.16087954,47169.0,13319.744771357677,0.33266799733865604,1498,1503,5,0,1498,1498,11012,0,0,0,0,5
2020-07-08,US,Tennessee,Unassigned,830,2,0,0.0,0.0,90047.0,0.0,0.24096385542168675,828,731,2,0,729,635,,99,0,0,99,96
2020-07-08,US,Tennessee,Unicoi,56,0,0,36.10890856,-82.43709629,47171.0,313.1465637756528,0.0,56,55,0,0,55,55,17761,1,0,0,1,0
2020-07-08,US,Tennessee,Union,19,0,0,36.28590426,-83.83651902,47173.0,95.13318646104547,0.0,19,19,0,0,19,19,19688,0,0,0,0,0
2020-07-08,US,Tennessee,Van Buren,7,0,0,35.69864497,-85.45221699,47175.0,119.2098092643052,0.0,7,7,0,0,7,7,5765,0,0,0,0,0
2020-07-08,US,Tennessee,Warren,100,0,0,35.672829899999996,-85.77969117,47177.0,242.2656685321123,0.0,100,81,0,0,81,78,40878,19,0,0,19,3
2020-07-08,US,Tennessee,Washington,197,0,0,36.29472368,-82.49454720000001,47179.0,152.27053140096618,0.0,197,182,0,0,182,174,128607,15,0,0,15,8
2020-07-08,US,Tennessee,Wayne,90,0,0,35.23868267,-87.78644456,47181.0,539.7948779463803,0.0,90,89,0,0,89,88,16558,1,0,0,1,1
2020-07-08,US,Tennessee,Weakley,67,1,0,36.29896232,-88.71990865,47183.0,201.03216514642347,1.492537313432836,66,66,1,0,65,64,33415,1,0,0,1,2
2020-07-08,US,Tennessee,White,77,3,0,35.92929884,-85.45591799,47185.0,281.5871274456025,3.8961038961038965,74,76,3,0,73,73,27107,1,0,0,1,3
2020-07-08,US,Tennessee,Williamson,1515,15,0,35.89099229,-86.89281867,47187.0,635.4545912118517,0.99009900990099,1500,1420,15,0,1405,1340,231729,95,0,0,95,80
2020-07-08,US,Tennessee,Wilson,1060,17,0,36.15496772,-86.29775884,47189.0,732.7678577600807,1.6037735849056605,1043,999,17,0,982,963,140625,61,0,0,61,36
2020-07-08,US,Texas,Anderson,1152,3,0,31.81534745,-95.65354823,48001.0,1995.3234606391268,0.2604166666666667,1149,1108,2,0,1106,1082,58057,44,1,0,43,26
2020-07-08,US,Texas,Andrews,120,2,0,32.30468633,-102.63765479999999,48003.0,641.5396952686447,1.6666666666666667,118,103,1,0,102,103,18128,17,1,0,16,0
2020-07-08,US,Texas,Angelina,610,9,0,31.25457347,-94.60901487,48005.0,703.4538430490687,1.475409836065574,601,610,9,0,601,541,87092,0,0,0,0,69
2020-07-08,US,Texas,Aransas,46,0,0,28.10556197,-96.9995047,48007.0,195.66142067205445,0.0,46,44,0,0,44,43,23792,2,0,0,2,1
2020-07-08,US,Texas,Archer,11,0,0,33.61569967,-98.68754589,48009.0,128.6098444990062,0.0,11,10,0,0,10,8,8786,1,0,0,1,2
2020-07-08,US,Texas,Armstrong,3,0,0,34.96507426,-101.35748740000001,48011.0,158.9825119236884,0.0,3,3,0,0,3,3,1892,0,0,0,0,0
2020-07-08,US,Texas,Atascosa,152,2,0,28.89333001,-98.52730485,48013.0,297.147772369167,1.3157894736842106,150,148,2,0,146,135,50310,4,0,0,4,13
2020-07-08,US,Texas,Austin,105,0,0,29.88548725,-96.27736949,48015.0,349.62706446457116,0.0,105,100,0,0,100,92,29989,5,0,0,5,8
2020-07-08,US,Texas,Bailey,109,1,0,34.06854817,-102.8299707,48017.0,1557.142857142857,0.9174311926605504,108,108,1,0,107,102,7027,1,0,0,1,6
2020-07-08,US,Texas,Bandera,27,0,0,29.74619598,-99.24598147,48019.0,116.82242990654206,0.0,27,27,0,0,27,27,22824,0,0,0,0,0
2020-07-08,US,Texas,Bastrop,619,7,0,30.10370699,-97.31206354,48021.0,697.6770397754808,1.1308562197092085,612,522,6,0,516,522,86976,97,1,0,96,0
2020-07-08,US,Texas,Baylor,1,0,0,33.61640794,-99.21352901,48023.0,28.498147620404676,0.0,1,1,0,0,1,1,3582,0,0,0,0,0
2020-07-08,US,Texas,Bee,98,0,0,28.41761668,-97.74215593,48025.0,300.93658836173813,0.0,98,91,0,0,91,85,32587,7,0,0,7,6
2020-07-08,US,Texas,Bell,1734,13,0,31.03736027,-97.4785025,48027.0,477.78598274018805,0.7497116493656286,1721,1626,13,0,1613,1523,355642,108,0,0,108,103
2020-07-08,US,Texas,Bexar,16725,146,0,29.44928723,-98.52019748,48029.0,834.7666197167633,0.8729446935724963,16579,15880,137,0,15743,15102,1986049,845,9,0,836,778
2020-07-08,US,Texas,Blanco,49,1,0,30.26640707,-98.3999852,48031.0,410.69482859777054,2.0408163265306123,48,31,1,0,30,31,11702,18,0,0,18,0
2020-07-08,US,Texas,Bosque,33,0,0,31.89978581,-97.63613524,48035.0,176.61225582017659,0.0,33,18,0,0,18,18,18691,15,0,0,15,0
2020-07-08,US,Texas,Bowie,467,15,0,33.44626922,-94.41834132,48037.0,500.8311437610597,3.2119914346895078,452,462,15,0,447,461,94324,5,0,0,5,1
2020-07-08,US,Texas,Brazoria,3036,23,0,29.18757369,-95.44563172,48039.0,811.1920996943334,0.7575757575757576,3013,2925,22,0,2903,2829,370200,111,1,0,110,96
2020-07-08,US,Texas,Brazos,2626,34,0,30.663644800000004,-96.30205577,48041.0,1145.6692741622348,1.2947448591012949,2592,2532,34,0,2498,2484,226758,94,0,0,94,48
2020-07-08,US,Texas,Brewster,147,1,0,29.81008251,-103.25203259999999,48043.0,1597.3052265565577,0.6802721088435374,146,146,1,0,145,143,9267,1,0,0,1,3
2020-07-08,US,Texas,Briscoe,8,0,0,34.53026962,-101.2084947,48045.0,517.4644243208279,0.0,8,8,0,0,8,7,1516,0,0,0,0,1
2020-07-08,US,Texas,Brooks,18,0,0,27.03103197,-98.21808402,48047.0,253.77132384040604,0.0,18,11,0,0,11,10,7114,7,0,0,7,1
2020-07-08,US,Texas,Brown,117,13,0,31.77430356,-98.99907113,48049.0,309.00063384745397,11.111111111111109,104,99,13,0,86,99,37924,18,0,0,18,0
2020-07-08,US,Texas,Burleson,120,0,0,30.49273808,-96.62158484,48051.0,650.6533644201053,0.0,120,93,0,0,93,93,18389,27,0,0,27,0
2020-07-08,US,Texas,Burnet,203,3,0,30.78801353,-98.181887,48053.0,421.5553940400789,1.477832512315271,200,181,3,0,178,181,47542,22,0,0,22,0
2020-07-08,US,Texas,Caldwell,539,3,0,29.83668859,-97.61814775,48055.0,1234.4265298644193,0.5565862708719852,536,449,2,0,447,449,43247,90,1,0,89,0
2020-07-08,US,Texas,Calhoun,113,3,0,28.47048236,-96.61633945,48057.0,530.7656176608738,2.6548672566371683,110,110,3,0,107,97,21561,3,0,0,3,13
2020-07-08,US,Texas,Callahan,25,2,0,32.29760619,-99.37326312,48059.0,179.3014415835903,8.0,23,24,2,0,22,19,13994,1,0,0,1,5
2020-07-08,US,Texas,Cameron,2997,70,0,26.14524221,-97.48140372,48061.0,708.2377239976082,2.3356690023356688,2927,2880,68,0,2812,2779,423908,117,2,0,115,101
2020-07-08,US,Texas,Camp,128,2,0,32.97195142,-94.97790104,48063.0,977.5469680769818,1.5625,126,126,2,0,124,123,13033,2,0,0,2,3
2020-07-08,US,Texas,Carson,7,0,0,35.40365929,-101.35426690000001,48065.0,118.1235234559568,0.0,7,7,0,0,7,7,6005,0,0,0,0,0
2020-07-08,US,Texas,Cass,52,2,0,33.07499881,-94.34646905,48067.0,173.18324119096783,3.8461538461538463,50,50,2,0,48,49,30119,2,0,0,2,1
2020-07-08,US,Texas,Castro,107,1,0,34.53016752,-102.2617243,48069.0,1420.9827357237714,0.9345794392523364,106,108,1,0,107,99,7665,-1,0,0,-1,9
2020-07-08,US,Texas,Chambers,454,2,0,29.70972016,-94.67154501,48071.0,1035.6548121449916,0.4405286343612335,452,454,2,0,452,352,42454,0,0,0,0,102
2020-07-08,US,Texas,Cherokee,270,2,0,31.837258000000002,-95.16559897,48073.0,512.859476503438,0.7407407407407407,268,250,2,0,248,212,52592,20,0,0,20,38
2020-07-08,US,Texas,Childress,7,0,0,34.529304100000004,-100.2077916,48075.0,95.81166164796059,0.0,7,7,0,0,7,7,7291,0,0,0,0,0
2020-07-08,US,Texas,Clay,13,0,0,33.78686685,-98.20771198,48077.0,124.15242097220896,0.0,13,9,0,0,9,9,10456,4,0,0,4,0
2020-07-08,US,Texas,Cochran,4,0,0,33.60425307,-102.82844990000001,48079.0,140.20329477742726,0.0,4,3,0,0,3,1,2836,1,0,0,1,2
2020-07-08,US,Texas,Coke,5,1,0,31.88911733,-100.5297533,48081.0,147.62326542663124,20.0,4,5,1,0,4,5,3370,0,0,0,0,0
2020-07-08,US,Texas,Coleman,4,0,0,31.76736834,-99.45240766,48083.0,48.92966360856269,0.0,4,3,0,0,3,3,8397,1,0,0,1,0
2020-07-08,US,Texas,Collin,3825,50,0,33.18820114,-96.57264368,48085.0,369.66165086544316,1.30718954248366,3775,3707,47,0,3660,3521,1005146,118,3,0,115,186
2020-07-08,US,Texas,Collingsworth,6,0,0,34.96489496,-100.27001109999999,48087.0,205.4794520547945,0.0,6,6,0,0,6,6,2962,0,0,0,0,0
2020-07-08,US,Texas,Colorado,111,0,0,29.622097999999998,-96.5273805,48089.0,516.4472153724469,0.0,111,109,0,0,109,108,21217,2,0,0,2,1
2020-07-08,US,Texas,Comal,750,9,0,29.80811278,-98.27647225,48091.0,480.12598505847916,1.2,741,750,9,0,741,690,148373,0,0,0,0,60
2020-07-08,US,Texas,Comanche,75,2,0,31.94854689,-98.55876441,48093.0,550.05500550055,2.6666666666666665,73,41,1,0,40,41,13534,34,1,0,33,0
2020-07-08,US,Texas,Concho,11,0,0,31.32635934,-99.86473038,48095.0,403.5216434336023,0.0,11,11,0,0,11,11,4276,0,0,0,0,0
2020-07-08,US,Texas,Cooke,75,0,0,33.63979567,-97.21240912,48097.0,181.78733305863247,0.0,75,68,0,0,68,61,40574,7,0,0,7,7
2020-07-08,US,Texas,Coryell,353,2,0,31.39078397,-97.79936155,48099.0,464.7733407065081,0.56657223796034,351,336,2,0,334,336,74808,17,0,0,17,0
2020-07-08,US,Texas,Cottle,4,1,0,34.07783319,-100.27850620000001,48101.0,286.12303290414883,25.0,3,4,1,0,3,4,1389,0,0,0,0,0
2020-07-08,US,Texas,Crane,62,9,0,31.43052248,-102.5143314,48103.0,1292.4744632061704,14.516129032258064,53,61,9,0,52,60,4794,1,0,0,1,1
2020-07-08,US,Texas,Crockett,16,0,0,30.72367027,-101.4134238,48105.0,461.8937644341801,0.0,16,15,0,0,15,13,3499,1,0,0,1,2
2020-07-08,US,Texas,Crosby,30,1,0,33.61431553,-101.30003640000001,48107.0,522.9213874847482,3.333333333333333,29,28,1,0,27,26,5779,2,0,0,2,2
2020-07-08,US,Texas,Culberson,4,0,0,31.44506775,-104.5185739,48109.0,184.2468908337172,0.0,4,4,0,0,4,3,2204,0,0,0,0,1
2020-07-08,US,Texas,Dallam,104,1,0,36.27787176,-102.60207249999999,48111.0,1427.1991217236175,0.9615384615384616,103,102,1,0,101,91,7200,2,0,0,2,11
2020-07-08,US,Texas,Dallas,29160,426,0,32.76670599,-96.77796049999999,48113.0,1106.4247001346223,1.4609053497942386,28734,28131,410,0,27721,27054,2637772,1029,16,0,1013,1077
2020-07-08,US,Texas,Dawson,70,1,0,32.74255572,-101.94772420000001,48115.0,549.9685732243872,1.4285714285714286,69,70,1,0,69,70,12619,0,0,0,0,0
2020-07-08,US,Texas,DeWitt,110,3,0,29.08101855,-97.35681170000001,48123.0,545.6349206349206,2.727272727272727,107,110,3,0,107,96,20187,0,0,0,0,14
2020-07-08,US,Texas,Deaf Smith,383,17,0,34.96522957,-102.6054267,48117.0,2065.1353391566918,4.438642297650131,366,371,17,0,354,355,18760,12,0,0,12,16
2020-07-08,US,Texas,Delta,7,0,0,33.38570922,-95.66921122,48119.0,131.30744700806602,0.0,7,7,0,0,7,7,5349,0,0,0,0,0
2020-07-08,US,Texas,Denton,3459,37,0,33.20521901,-97.11691153,48121.0,389.875192598796,1.0696733159872795,3422,3403,37,0,3366,3338,859064,56,0,0,56,65
2020-07-08,US,Texas,Dickens,2,0,0,33.61616822,-100.7788855,48125.0,90.45680687471732,0.0,2,2,0,0,2,2,2249,0,0,0,0,0
2020-07-08,US,Texas,Dimmit,18,0,0,28.42270064,-99.75645095,48127.0,177.79533781114185,0.0,18,18,0,0,18,13,10308,0,0,0,0,5
2020-07-08,US,Texas,Donley,28,0,0,34.96517499,-100.8140093,48129.0,854.1793776693106,0.0,28,28,0,0,28,27,3319,0,0,0,0,1
2020-07-08,US,Texas,Duval,67,0,0,27.68184592,-98.50864568,48131.0,600.5198530070808,0.0,67,65,0,0,65,62,11212,2,0,0,2,3
2020-07-08,US,Texas,Eastland,13,0,0,32.32743996,-98.83243566,48133.0,70.80610021786492,0.0,13,11,0,0,11,11,18322,2,0,0,2,0
2020-07-08,US,Texas,Ector,946,11,0,31.86898877,-102.54294279999999,48135.0,569.1149840876412,1.162790697674419,935,946,11,0,935,718,162124,0,0,0,0,228
2020-07-08,US,Texas,Edwards,2,0,0,29.98202582,-100.304252,48137.0,103.51966873706004,0.0,2,2,0,0,2,2,1928,0,0,0,0,0
2020-07-08,US,Texas,El Paso,8035,144,0,31.76980765,-106.23632749999999,48141.0,957.4161322533059,1.7921593030491598,7891,7642,139,0,7503,7461,840758,393,5,0,388,181
2020-07-08,US,Texas,Ellis,1351,19,0,32.34894117,-96.79371841,48139.0,730.9577656823175,1.4063656550703183,1332,1182,19,0,1163,1046,179436,169,0,0,169,136
2020-07-08,US,Texas,Erath,246,1,0,32.23602653,-98.21773417,48143.0,576.1393976298657,0.4065040650406504,245,243,1,0,242,207,42446,3,0,0,3,36
2020-07-08,US,Texas,Falls,44,0,0,31.25350609,-96.93630086,48145.0,254.37937214545875,0.0,44,35,0,0,35,35,17335,9,0,0,9,0
2020-07-08,US,Texas,Fannin,122,8,0,33.59564294,-96.10751083,48147.0,343.52649659289295,6.557377049180328,114,122,7,0,115,112,35286,0,1,0,-1,10
2020-07-08,US,Texas,Fayette,134,3,0,29.87788372,-96.92076062,48149.0,528.6830269075988,2.238805970149253,131,104,3,0,101,104,25349,30,0,0,30,0
2020-07-08,US,Texas,Fisher,11,1,0,32.74281316,-100.40193020000001,48151.0,287.20626631853787,9.090909090909092,10,11,1,0,10,11,3839,0,0,0,0,0
2020-07-08,US,Texas,Floyd,49,1,0,34.07227468,-101.3031546,48153.0,857.843137254902,2.0408163265306123,48,46,1,0,45,36,5837,3,0,0,3,10
2020-07-08,US,Texas,Fort Bend,4346,59,0,29.52704478,-95.77219463,48157.0,535.4274056041238,1.3575701794753796,4287,4286,57,0,4229,4120,787858,60,2,0,58,166
2020-07-08,US,Texas,Franklin,53,0,0,33.17653242,-95.21917243,48159.0,494.1724941724942,0.0,53,53,0,0,53,50,10766,0,0,0,0,3
2020-07-08,US,Texas,Freestone,59,0,0,31.70422788,-96.15072516,48161.0,299.2341634122838,0.0,59,39,0,0,39,39,19808,20,0,0,20,0
2020-07-08,US,Texas,Frio,239,0,0,28.86751206,-99.10804207,48163.0,1176.9920220624447,0.0,239,238,0,0,238,233,19816,1,0,0,1,5
2020-07-08,US,Texas,Gaines,36,0,0,32.74055318,-102.6353295,48165.0,167.50418760469015,0.0,36,30,0,0,30,28,20901,6,0,0,6,2
2020-07-08,US,Texas,Galveston,4809,50,0,29.40167322,-94.90469073,48167.0,1405.5690815721093,1.039717196922437,4759,4586,50,0,4536,3990,337890,223,0,0,223,596
2020-07-08,US,Texas,Garza,18,0,0,33.17969345,-101.2984114,48169.0,288.97094236635087,0.0,18,14,0,0,14,12,6578,4,0,0,4,2
2020-07-08,US,Texas,Gillespie,53,0,0,30.31824095,-98.94676915,48171.0,196.3835778864681,0.0,53,49,0,0,49,45,26804,4,0,0,4,4
2020-07-08,US,Texas,Glasscock,6,0,0,31.86942909,-101.5207776,48173.0,425.83392476934,0.0,6,5,0,0,5,5,1388,1,0,0,1,0
2020-07-08,US,Texas,Goliad,15,0,0,28.65696592,-97.42760647,48175.0,195.8735962392269,0.0,15,15,0,0,15,14,7584,0,0,0,0,1
2020-07-08,US,Texas,Gonzales,314,4,0,29.45634206,-97.49424032,48177.0,1506.9347794788116,1.2738853503184713,310,314,4,0,310,307,20826,0,0,0,0,7
2020-07-08,US,Texas,Gray,126,4,0,35.40081878,-100.8129222,48179.0,575.7104998629261,3.1746031746031744,122,122,4,0,118,121,21895,4,0,0,4,1
2020-07-08,US,Texas,Grayson,688,5,0,33.62744998,-96.67753461,48181.0,505.0949989721904,0.7267441860465116,683,648,5,0,643,633,133991,40,0,0,40,15
2020-07-08,US,Texas,Gregg,652,13,0,32.47940482,-94.81591935,48183.0,526.0397757069668,1.9938650306748469,639,471,13,0,458,417,123707,181,0,0,181,54
2020-07-08,US,Texas,Grimes,617,2,0,30.54579585,-95.98902499,48185.0,2136.426592797784,0.3241491085899514,615,575,2,0,573,558,28360,42,0,0,42,17
2020-07-08,US,Texas,Guadalupe,901,3,0,29.58165339,-97.94786822,48187.0,540.0157030093438,0.33296337402885684,898,896,3,0,893,858,163694,5,0,0,5,38
2020-07-08,US,Texas,Hale,592,7,0,34.07044901,-101.82681140000001,48189.0,1772.136741902652,1.1824324324324325,585,592,7,0,585,500,33830,0,0,0,0,92
2020-07-08,US,Texas,Hall,2,1,0,34.5307555,-100.68138520000001,48191.0,67.47638326585695,50.0,1,2,1,0,1,2,3028,0,0,0,0,0
2020-07-08,US,Texas,Hamilton,26,1,0,31.70470573,-98.11083887,48193.0,307.2922822361423,3.8461538461538463,25,22,1,0,21,22,8484,4,0,0,4,0
2020-07-08,US,Texas,Hansford,31,2,0,36.27743284,-101.3545796,48195.0,574.1804037784775,6.451612903225807,29,31,2,0,29,31,5463,0,0,0,0,0
2020-07-08,US,Texas,Hardeman,5,0,0,34.28944521,-99.74632408,48197.0,127.12941774726671,0.0,5,5,0,0,5,5,3922,0,0,0,0,0
2020-07-08,US,Texas,Hardin,303,5,0,30.33364686,-94.38931817,48199.0,526.0234019652097,1.6501650165016502,298,275,5,0,270,260,57207,28,0,0,28,15
2020-07-08,US,Texas,Harris,40012,411,0,29.86,-95.39,48201.0,848.9123919950354,1.027191842447266,39601,39311,407,0,38904,37776,4698619,701,4,0,697,1535
2020-07-08,US,Texas,Harrison,389,31,0,32.54935988,-94.36934071,48203.0,584.4965666461318,7.969151670951158,358,383,30,0,353,363,66726,6,1,0,5,20
2020-07-08,US,Texas,Hartley,40,2,0,35.84008013,-102.6029022,48205.0,717.3601147776184,5.0,38,36,2,0,34,36,5619,4,0,0,4,0
2020-07-08,US,Texas,Haskell,6,0,0,33.17823584,-99.73037358,48207.0,106.04453870625663,0.0,6,6,0,0,6,5,5813,0,0,0,0,1
2020-07-08,US,Texas,Hays,3328,11,0,30.05669873,-98.02944344,48209.0,1445.755915739538,0.3305288461538461,3317,3243,10,0,3233,3088,222631,85,1,0,84,155
2020-07-08,US,Texas,Hemphill,17,0,0,35.83764858,-100.2703577,48211.0,445.1427075150563,0.0,17,15,0,0,15,15,3825,2,0,0,2,0
2020-07-08,US,Texas,Henderson,215,4,0,32.21128872,-95.85846587,48213.0,259.859554975404,1.8604651162790695,211,196,4,0,192,168,82299,19,0,0,19,28
2020-07-08,US,Texas,Hidalgo,5782,90,0,26.39418217,-98.18299696,48215.0,665.5869009919339,1.5565548253199586,5692,5447,75,0,5372,5345,865939,335,15,0,320,102
2020-07-08,US,Texas,Hill,117,2,0,31.99045053,-97.13423143,48217.0,319.24472700482966,1.709401709401709,115,82,2,0,80,82,36354,35,0,0,35,0
2020-07-08,US,Texas,Hockley,96,1,0,33.60771256,-102.3431676,48219.0,417.0105555796881,1.0416666666666667,95,86,1,0,85,68,22980,10,0,0,10,18
2020-07-08,US,Texas,Hood,154,5,0,32.42990927,-97.83242024,48221.0,249.82560874714082,3.2467532467532467,149,138,4,0,134,120,60537,16,1,0,15,18
2020-07-08,US,Texas,Hopkins,78,1,0,33.14875072,-95.56351139,48223.0,210.33329737892362,1.2820512820512822,77,75,1,0,74,70,36810,3,0,0,3,5
2020-07-08,US,Texas,Houston,174,0,0,31.31925973,-95.42226208,48225.0,757.5757575757576,0.0,174,172,0,0,172,171,23169,2,0,0,2,1
2020-07-08,US,Texas,Howard,60,1,0,32.30621324,-101.4356444,48227.0,163.6482653283875,1.6666666666666667,59,55,1,0,54,43,36459,5,0,0,5,12
2020-07-08,US,Texas,Hudspeth,16,0,0,31.45628381,-105.388178,48229.0,327.46623004502663,0.0,16,16,0,0,16,16,4795,0,0,0,0,0
2020-07-08,US,Texas,Hunt,616,8,0,33.12351514,-96.08551032,48231.0,624.7844696431831,1.2987012987012987,608,616,8,0,608,533,96493,0,0,0,0,83
2020-07-08,US,Texas,Hutchinson,70,0,0,35.84006574,-101.3546643,48233.0,334.3203744388194,0.0,70,70,0,0,70,70,21198,0,0,0,0,0
2020-07-08,US,Texas,Irion,2,0,0,31.30375559,-100.982439,48235.0,130.20833333333334,0.0,2,2,0,0,2,2,1522,0,0,0,0,0
2020-07-08,US,Texas,Jack,12,0,0,33.23377248,-98.17283469,48237.0,134.30330162283155,0.0,12,12,0,0,12,12,8843,0,0,0,0,0
2020-07-08,US,Texas,Jackson,68,1,0,28.95472367,-96.57749563,48239.0,460.70460704607046,1.4705882352941178,67,68,1,0,67,53,14874,0,0,0,0,15
2020-07-08,US,Texas,Jasper,69,1,0,30.74685667,-94.02667579,48241.0,194.2075487629824,1.4492753623188406,68,69,1,0,68,61,35872,0,0,0,0,8
2020-07-08,US,Texas,Jeff Davis,4,0,0,30.71490589,-104.1399973,48243.0,175.9014951627089,0.0,4,4,0,0,4,4,2252,0,0,0,0,0
2020-07-08,US,Texas,Jefferson,3094,36,0,29.8832777,-94.16434171,48245.0,1229.9008208614075,1.1635423400129283,3058,2959,36,0,2923,2727,255001,135,0,0,135,232
2020-07-08,US,Texas,Jim Hogg,25,0,0,27.04453923,-98.69681870000001,48247.0,480.76923076923083,0.0,25,24,0,0,24,22,5248,1,0,0,1,2
2020-07-08,US,Texas,Jim Wells,230,0,0,27.73103938,-98.0904705,48249.0,568.1537473444987,0.0,230,218,0,0,218,208,40822,12,0,0,12,10
2020-07-08,US,Texas,Johnson,737,4,0,32.37877812,-97.36615819,48251.0,419.18585802283053,0.5427408412483039,733,553,4,0,549,553,171361,184,0,0,184,0
2020-07-08,US,Texas,Jones,611,0,0,32.73997145,-99.87861576,48253.0,3042.374147288752,0.0,611,609,0,0,609,610,19817,2,0,0,2,-1
2020-07-08,US,Texas,Karnes,60,0,0,28.90705334,-97.85960149,48255.0,384.5907313633741,0.0,60,58,0,0,58,53,15650,2,0,0,2,5
2020-07-08,US,Texas,Kaufman,874,5,0,32.599141700000004,-96.28734728,48257.0,641.920178621267,0.5720823798627003,869,828,5,0,823,758,128622,46,0,0,46,70
2020-07-08,US,Texas,Kendall,95,0,0,29.94414155,-98.7113588,48259.0,200.2909489574329,0.0,95,95,0,0,95,89,45641,0,0,0,0,6
2020-07-08,US,Texas,Kenedy,1,0,0,26.92601662,-97.66413984,48261.0,247.52475247524762,0.0,1,1,0,0,1,1,442,0,0,0,0,0
2020-07-08,US,Texas,Kerr,115,1,0,30.06040006,-99.34930144,48265.0,218.6311787072244,0.8695652173913043,114,115,1,0,114,110,52405,0,0,0,0,5
2020-07-08,US,Texas,Kimble,9,0,0,30.48678918,-99.74856473,48267.0,207.51671662439475,0.0,9,10,0,0,10,6,4362,-1,0,0,-1,4
2020-07-08,US,Texas,Kinney,2,0,0,29.34967888,-100.41866379999999,48271.0,54.5404963185165,0.0,2,2,0,0,2,2,3767,0,0,0,0,0
2020-07-08,US,Texas,Kleberg,106,1,0,27.42435506,-97.69894948,48273.0,345.5019556714472,0.9433962264150944,105,105,1,0,104,97,31129,1,0,0,1,8
2020-07-08,US,Texas,Knox,5,0,0,33.60519951,-99.74229059999999,48275.0,136.46288209606988,0.0,5,4,0,0,4,3,3653,1,0,0,1,1
2020-07-08,US,Texas,La Salle,41,0,0,28.34453111,-99.09908775,48283.0,545.2127659574468,0.0,41,24,0,0,24,21,7531,17,0,0,17,3
2020-07-08,US,Texas,Lamar,347,13,0,33.66981763,-95.57404777,48277.0,695.9626145730963,3.746397694524496,334,332,13,0,319,332,49728,15,0,0,15,0
2020-07-08,US,Texas,Lamb,71,0,0,34.06859623,-102.35162890000001,48279.0,550.6864189870472,0.0,71,53,0,0,53,50,13158,18,0,0,18,3
2020-07-08,US,Texas,Lampasas,30,0,0,31.19531316,-98.24206613,48281.0,140.00373343289155,0.0,30,20,0,0,20,20,21229,10,0,0,10,0
2020-07-08,US,Texas,Lavaca,198,1,0,29.38508402,-96.93186692,48285.0,982.4352485858886,0.5050505050505051,197,197,1,0,196,184,20110,1,0,0,1,13
2020-07-08,US,Texas,Lee,88,3,0,30.31120597,-96.97045773,48287.0,510.4704449213992,3.4090909090909087,85,85,3,0,82,85,17144,3,0,0,3,0
2020-07-08,US,Texas,Leon,78,0,0,31.29872538,-95.9936328,48289.0,448.1728338313032,0.0,78,43,0,0,43,43,17270,35,0,0,35,0
2020-07-08,US,Texas,Liberty,445,3,0,30.15152688,-94.81205615,48291.0,504.4264840907288,0.6741573033707865,442,428,3,0,425,410,86323,17,0,0,17,18
2020-07-08,US,Texas,Limestone,74,1,0,31.5454767,-96.58095444,48293.0,315.7400691214746,1.351351351351351,73,62,1,0,61,62,23519,12,0,0,12,0
2020-07-08,US,Texas,Lipscomb,11,0,0,36.27783108,-100.27331509999999,48295.0,340.24126198577176,0.0,11,11,0,0,11,11,3355,0,0,0,0,0
2020-07-08,US,Texas,Live Oak,62,0,0,28.35101362,-98.1246786,48297.0,507.9053002375686,0.0,62,50,0,0,50,42,12166,12,0,0,12,8
2020-07-08,US,Texas,Llano,24,0,0,30.70645047,-98.68475262,48299.0,110.11699931176877,0.0,24,11,0,0,11,11,21646,13,0,0,13,0
2020-07-08,US,Texas,Lubbock,3051,56,0,33.61008596,-101.82047890000001,48303.0,982.3903866773567,1.8354637823664373,2995,2918,56,0,2862,2620,307412,133,0,0,133,298
2020-07-08,US,Texas,Lynn,45,1,0,33.17657705,-101.8162849,48305.0,756.1754327003865,2.2222222222222223,44,40,1,0,39,39,5877,5,0,0,5,1
2020-07-08,US,Texas,Madison,75,0,0,30.96694679,-95.93003775,48313.0,525.0630075609073,0.0,75,45,0,0,45,45,14422,30,0,0,30,0
2020-07-08,US,Texas,Marion,37,1,0,32.79868409,-94.35661230000001,48315.0,375.482037751167,2.702702702702702,36,34,1,0,33,29,9928,3,0,0,3,5
2020-07-08,US,Texas,Martin,21,1,0,32.30600051,-101.9513518,48317.0,363.8884075550165,4.761904761904762,20,19,1,0,18,18,5753,2,0,0,2,1
2020-07-08,US,Texas,Mason,35,0,0,30.71780434,-99.22629416,48319.0,818.9050070191857,0.0,35,35,0,0,35,34,4280,0,0,0,0,1
2020-07-08,US,Texas,Matagorda,286,5,0,28.81955746,-96.01230294,48321.0,780.5037797123598,1.7482517482517483,281,274,5,0,269,266,36552,12,0,0,12,8
2020-07-08,US,Texas,Maverick,550,5,0,28.7429195,-100.3157686,48323.0,936.616600252035,0.9090909090909092,545,550,5,0,545,519,58485,0,0,0,0,31
2020-07-08,US,Texas,McCulloch,22,0,0,31.1925468,-99.34682807,48307.0,275.55110220440883,0.0,22,21,0,0,21,20,7987,1,0,0,1,1
2020-07-08,US,Texas,McLennan,2044,13,0,31.55255453,-97.20217694,48309.0,796.4991446596757,0.6360078277886497,2031,1798,13,0,1785,1684,254607,246,0,0,246,114
2020-07-08,US,Texas,Medina,335,3,0,29.355730100000002,-99.11030298,48325.0,649.4261786600496,0.8955223880597015,332,327,3,0,324,295,50921,8,0,0,8,32
2020-07-08,US,Texas,Menard,12,0,0,30.88990665,-99.82047940000001,48327.0,561.2722170252573,0.0,12,12,0,0,12,8,2139,0,0,0,0,4
2020-07-08,US,Texas,Midland,976,19,0,31.86904128,-102.03156820000001,48329.0,551.9363011219689,1.9467213114754096,957,927,17,0,910,772,172578,49,2,0,47,155
2020-07-08,US,Texas,Milam,120,1,0,30.78581830000001,-96.97718698,48331.0,483.4226322362325,0.8333333333333334,119,112,1,0,111,92,25131,8,0,0,8,20
2020-07-08,US,Texas,Mills,3,0,0,31.49557106,-98.59272068,48333.0,61.563718448594294,0.0,3,1,0,0,1,1,4921,2,0,0,2,0
2020-07-08,US,Texas,Mitchell,18,0,0,32.30623474,-100.9212058,48335.0,210.64950263311886,0.0,18,12,0,0,12,12,8145,6,0,0,6,0
2020-07-08,US,Texas,Montague,24,1,0,33.67521893,-97.72500958,48337.0,121.10202845897669,4.166666666666667,23,21,1,0,20,21,19596,3,0,0,3,0
2020-07-08,US,Texas,Montgomery,2784,38,0,30.30079133,-95.50572772,48339.0,458.3538445581182,1.3649425287356325,2746,2654,38,0,2616,2550,590925,130,0,0,130,104
2020-07-08,US,Texas,Moore,909,15,0,35.83769242,-101.8930281,48341.0,4340.974212034384,1.6501650165016502,894,902,15,0,887,897,21485,7,0,0,7,5
2020-07-08,US,Texas,Morris,49,0,0,33.11304005,-94.73255695,48343.0,395.5440749112044,0.0,49,49,0,0,49,43,12339,0,0,0,0,6
2020-07-08,US,Texas,Motley,2,0,0,34.07408766,-100.77972199999999,48345.0,166.66666666666666,0.0,2,1,0,0,1,1,1234,1,0,0,1,0
2020-07-08,US,Texas,Nacogdoches,479,29,0,31.62017125,-94.61803994,48347.0,734.6175081283358,6.054279749478079,450,461,26,0,435,444,65711,18,3,0,15,17
2020-07-08,US,Texas,Navarro,396,6,0,32.04620681,-96.47428766,48349.0,790.2141160976194,1.5151515151515151,390,370,6,0,364,283,49565,26,0,0,26,87
2020-07-08,US,Texas,Newton,12,0,0,30.78548982,-93.74408813,48351.0,88.26774549466715,0.0,12,12,0,0,12,12,13746,0,0,0,0,0
2020-07-08,US,Texas,Nolan,49,0,0,32.30365282,-100.4060208,48353.0,333.01617507136064,0.0,49,46,0,0,46,46,14751,3,0,0,3,0
2020-07-08,US,Texas,Nueces,4917,35,0,27.736286,-97.5433285,48355.0,1357.1850486069325,0.7118161480577588,4882,4472,27,0,4445,4084,362265,445,8,0,437,388
2020-07-08,US,Texas,Ochiltree,60,2,0,36.27829105,-100.8158184,48357.0,610.004066693778,3.333333333333333,58,60,2,0,58,53,9947,0,0,0,0,7
2020-07-08,US,Texas,Oldham,4,1,0,35.40425596,-102.6027606,48359.0,189.3939393939394,25.0,3,5,1,0,4,4,2131,-1,0,0,-1,1
2020-07-08,US,Texas,Orange,415,5,0,30.11879481,-93.89412775,48361.0,497.62578540937216,1.2048192771084338,410,327,5,0,322,303,83572,88,0,0,88,24
2020-07-08,US,Texas,Palo Pinto,52,2,0,32.75310985,-98.31319001,48363.0,178.14930281955532,3.8461538461538463,50,47,2,0,45,38,28875,5,0,0,5,9
2020-07-08,US,Texas,Panola,218,24,0,32.163959600000005,-94.30552481,48365.0,939.8982495472967,11.009174311926603,194,218,24,0,194,217,23148,0,0,0,0,1
2020-07-08,US,Texas,Parker,473,1,0,32.77757172,-97.80500621,48367.0,331.0516664566973,0.21141649048625796,472,388,1,0,387,344,138371,85,0,0,85,44
2020-07-08,US,Texas,Parmer,229,8,0,34.52993409,-102.78446679999999,48369.0,2384.174908901614,3.4934497816593884,221,227,8,0,219,215,9864,2,0,0,2,12
2020-07-08,US,Texas,Pecos,135,1,0,30.78097267,-102.72412609999999,48371.0,853.1883966378058,0.7407407407407407,134,135,1,0,134,131,15673,0,0,0,0,4
2020-07-08,US,Texas,Polk,205,0,0,30.79472531,-94.82766240000001,48373.0,399.1977099682589,0.0,205,205,0,0,205,170,50031,0,0,0,0,35
2020-07-08,US,Texas,Potter,3008,39,0,35.40133773,-101.893964,48375.0,2561.853255546565,1.2965425531914894,2969,2978,39,0,2939,2937,119648,30,0,0,30,41
2020-07-08,US,Texas,Presidio,19,0,0,29.99954402,-104.24080790000001,48377.0,283.4128878281623,0.0,19,19,0,0,19,19,6948,0,0,0,0,0
2020-07-08,US,Texas,Rains,16,0,0,32.87109387,-95.79232691,48379.0,127.8568003835704,0.0,16,16,0,0,16,14,12159,0,0,0,0,2
2020-07-08,US,Texas,Randall,971,7,0,34.96585996,-101.8971322,48381.0,705.0895703383122,0.7209062821833162,964,942,7,0,935,918,136271,29,0,0,29,24
2020-07-08,US,Texas,Reagan,15,0,0,31.36607041,-101.52326590000001,48383.0,389.7116134060795,0.0,15,14,0,0,14,14,3741,1,0,0,1,0
2020-07-08,US,Texas,Real,4,0,0,29.83321503,-99.82018052,48385.0,115.87485515643104,0.0,4,4,0,0,4,4,3478,0,0,0,0,0
2020-07-08,US,Texas,Red River,117,12,0,33.61886692,-95.04841765,48387.0,973.1348249189057,10.256410256410255,105,117,12,0,105,117,12175,0,0,0,0,0
2020-07-08,US,Texas,Reeves,59,1,0,31.32323325,-103.69038959999999,48389.0,369.3039559339009,1.6949152542372878,58,59,1,0,58,48,15695,0,0,0,0,11
2020-07-08,US,Texas,Refugio,37,0,0,28.323897600000002,-97.15766311,48391.0,532.5273459988485,0.0,37,33,0,0,33,31,7032,4,0,0,4,2
2020-07-08,US,Texas,Roberts,6,0,0,35.83809685,-100.813175,48393.0,702.5761124121782,0.0,6,5,0,0,5,4,903,1,0,0,1,1
2020-07-08,US,Texas,Robertson,77,0,0,31.02539637,-96.51272246,48395.0,450.9780953496544,0.0,77,61,0,0,61,61,17284,16,0,0,16,0
2020-07-08,US,Texas,Rockwall,423,17,0,32.89779518,-96.40771592,48397.0,403.1835295239003,4.018912529550828,406,403,16,0,387,395,100657,20,1,0,19,8
2020-07-08,US,Texas,Runnels,17,0,0,31.8314342,-99.97616148,48399.0,165.62743569758382,0.0,17,17,0,0,17,17,10234,0,0,0,0,0
2020-07-08,US,Texas,Rusk,292,3,0,32.10773545,-94.76176432,48401.0,536.7055104216447,1.0273972602739727,289,289,3,0,286,283,54450,3,0,0,3,6
2020-07-08,US,Texas,Sabine,28,1,0,31.34318809,-93.85440451,48403.0,265.6042496679947,3.571428571428572,27,28,1,0,27,27,10589,0,0,0,0,1
2020-07-08,US,Texas,San Augustine,114,7,0,31.39457611,-94.17000399,48405.0,1383.9990287726114,6.140350877192982,107,114,7,0,107,114,8232,0,0,0,0,0
2020-07-08,US,Texas,San Jacinto,64,0,0,30.57933681,-95.16260304,48407.0,221.7679060258498,0.0,64,63,0,0,63,63,28719,1,0,0,1,0
2020-07-08,US,Texas,San Patricio,204,0,0,28.00880118,-97.51763891,48409.0,305.70957590289225,0.0,204,204,0,0,204,187,66893,0,0,0,0,17
2020-07-08,US,Texas,San Saba,7,0,0,31.1577796,-98.81758731,48411.0,115.60693641618496,0.0,7,5,0,0,5,5,6054,2,0,0,2,0
2020-07-08,US,Texas,Schleicher,21,1,0,30.89740592,-100.5384842,48413.0,751.8796992481202,4.761904761904762,20,21,0,0,21,21,2895,0,1,0,-1,0
2020-07-08,US,Texas,Scurry,71,1,0,32.74613808,-100.91626640000001,48415.0,425.07334011854164,1.4084507042253518,70,71,1,0,70,59,16866,0,0,0,0,12
2020-07-08,US,Texas,Shackelford,5,0,0,32.73587756,-99.35401337,48417.0,153.13935681470142,0.0,5,5,0,0,5,4,3253,0,0,0,0,1
2020-07-08,US,Texas,Shelby,288,11,0,31.79211404,-94.14550696,48419.0,1139.5109598797185,3.8194444444444446,277,288,10,0,278,287,25418,0,1,0,-1,1
2020-07-08,US,Texas,Sherman,30,0,0,36.27751473,-101.8933156,48421.0,992.7200529450696,0.0,30,30,0,0,30,30,3079,0,0,0,0,0
2020-07-08,US,Texas,Smith,1098,5,0,32.37474036,-95.27175679999999,48423.0,471.7487787377928,0.4553734061930783,1093,848,5,0,843,771,230221,250,0,0,250,77
2020-07-08,US,Texas,Somervell,20,0,0,32.22236802,-97.77403489,48425.0,219.10604732690624,0.0,20,16,0,0,16,11,9016,4,0,0,4,5
2020-07-08,US,Texas,Starr,843,4,0,26.56150059,-98.73892358,48427.0,1304.2872835857845,0.4744958481613286,839,829,4,0,825,823,64525,14,0,0,14,6
2020-07-08,US,Texas,Stephens,11,0,0,32.73553157,-98.83631615,48429.0,117.44608157164213,0.0,11,9,0,0,9,8,9433,2,0,0,2,1
2020-07-08,US,Texas,Sterling,1,0,0,31.82781912,-101.05007459999999,48431.0,77.45933384972889,0.0,1,1,0,0,1,1,1311,0,0,0,0,0
2020-07-08,US,Texas,Sutton,13,0,0,30.49856623,-100.5382014,48435.0,344.27966101694915,0.0,13,13,0,0,13,11,3758,0,0,0,0,2
2020-07-08,US,Texas,Swisher,45,1,0,34.53028891,-101.73491740000001,48437.0,608.3547384074625,2.2222222222222223,44,44,1,0,43,38,7462,1,0,0,1,6
2020-07-08,US,Texas,Tarrant,15585,248,0,32.77143818,-97.29101614,48439.0,741.2551158969139,1.5912736605710616,15337,15585,248,0,15337,14828,2084931,0,0,0,0,757
2020-07-08,US,Texas,Taylor,597,6,0,32.30163422,-99.89007449,48441.0,432.5021371546141,1.0050251256281406,591,573,6,0,567,543,137640,24,0,0,24,30
2020-07-08,US,Texas,Terrell,2,0,0,30.22429013,-102.0766732,48443.0,257.73195876288656,0.0,2,2,0,0,2,2,823,0,0,0,0,0
2020-07-08,US,Texas,Terry,44,0,0,33.17402785,-102.3354521,48445.0,356.6507254599984,0.0,44,39,0,0,39,36,12287,5,0,0,5,3
2020-07-08,US,Texas,Throckmorton,1,0,0,33.17751417,-99.21226795,48447.0,66.62225183211193,0.0,1,1,0,0,1,1,1515,0,0,0,0,0
2020-07-08,US,Texas,Titus,956,6,0,33.21339719,-94.96797273,48449.0,2919.083969465649,0.6276150627615062,950,845,5,0,840,845,33033,111,1,0,110,0
2020-07-08,US,Texas,Tom Green,726,3,0,31.40464436,-100.46244300000001,48451.0,609.0604026845638,0.4132231404958678,723,711,3,0,708,644,118189,15,0,0,15,67
2020-07-08,US,Texas,Travis,12408,151,0,30.33432034,-97.78535620000001,48453.0,973.9755124596336,1.2169568020631851,12257,11926,144,0,11782,11679,1248743,482,7,0,475,247
2020-07-08,US,Texas,Trinity,48,0,0,31.0879489,-95.1367187,48455.0,327.62268787113516,0.0,48,48,0,0,48,48,14740,0,0,0,0,0
2020-07-08,US,Texas,Tyler,30,0,0,30.77031716,-94.37690895,48457.0,138.42746400885937,0.0,30,30,0,0,30,27,21696,0,0,0,0,3
2020-07-08,US,Texas,Upshur,78,0,0,32.73706798,-94.93999853,48459.0,186.8129236222547,0.0,78,76,0,0,76,71,41260,2,0,0,2,5
2020-07-08,US,Texas,Upton,7,0,0,31.36868194,-102.0423217,48461.0,191.41372709871482,0.0,7,7,0,0,7,6,3671,0,0,0,0,1
2020-07-08,US,Texas,Uvalde,179,1,0,29.35739637,-99.76229172,48463.0,669.384091843985,0.5586592178770949,178,172,1,0,171,161,26846,7,0,0,7,11
2020-07-08,US,Texas,Val Verde,509,1,0,29.89149232,-101.1525205,48465.0,1038.2457929627742,0.19646365422396853,508,450,0,0,450,285,49208,59,1,0,58,165
2020-07-08,US,Texas,Van Zandt,150,3,0,32.56483801,-95.83766469,48467.0,265.06449902809686,2.0,147,127,3,0,124,112,56019,23,0,0,23,15
2020-07-08,US,Texas,Victoria,1334,9,0,28.79780988,-96.96813006,48469.0,1448.6772946440208,0.6746626686656672,1325,1240,9,0,1231,1063,92035,94,0,0,94,177
2020-07-08,US,Texas,Walker,2149,28,0,30.73872995,-95.57440968,48471.0,2945.0055501500597,1.3029315960912051,2121,2099,28,0,2071,2095,72480,50,0,0,50,4
2020-07-08,US,Texas,Waller,205,0,0,30.01058447,-95.99011759,48473.0,371.0675886036998,0.0,205,195,0,0,195,186,53126,10,0,0,10,9
2020-07-08,US,Texas,Ward,29,0,0,31.50999644,-103.09279090000001,48475.0,241.7069511585264,0.0,29,29,0,0,29,24,11720,0,0,0,0,5
2020-07-08,US,Texas,Washington,333,32,0,30.21498498,-96.40946246,48477.0,928.0419151663788,9.60960960960961,301,309,31,0,278,309,35108,24,1,0,23,0
2020-07-08,US,Texas,Webb,2091,32,0,27.7610369,-99.33237355,48479.0,755.8232002660382,1.530368244858919,2059,1960,29,0,1931,1868,275910,131,3,0,128,92
2020-07-08,US,Texas,Wharton,251,1,0,29.27765923,-96.22319248,48481.0,604.0042352488209,0.398406374501992,250,244,1,0,243,236,41619,7,0,0,7,8
2020-07-08,US,Texas,Wheeler,19,0,0,35.40114335,-100.26995140000001,48483.0,375.7911392405063,0.0,19,19,0,0,19,19,5191,0,0,0,0,0
2020-07-08,US,Texas,Wichita,512,3,0,33.98842886,-98.70410340000001,48485.0,387.2041140437117,0.5859375,509,464,3,0,461,442,132064,48,0,0,48,22
2020-07-08,US,Texas,Wilbarger,16,0,0,34.07945812,-99.24178437,48487.0,125.30346933980736,0.0,16,13,0,0,13,12,12820,3,0,0,3,1
2020-07-08,US,Texas,Willacy,243,3,0,26.47411727,-97.61535848,48489.0,1137.7469800543122,1.2345679012345678,240,242,3,0,239,233,21515,1,0,0,1,9
2020-07-08,US,Texas,Williamson,3442,48,0,30.64655664,-97.60048540000001,48491.0,582.8455120726237,1.3945380592678676,3394,3318,46,0,3272,3151,566719,124,2,0,122,167
2020-07-08,US,Texas,Wilson,146,5,0,29.1732598,-98.08693082,48493.0,285.8821225768553,3.4246575342465757,141,144,5,0,139,132,50224,2,0,0,2,12
2020-07-08,US,Texas,Winkler,38,0,0,31.85008651,-103.04851629999999,48495.0,474.4069912609239,0.0,38,37,0,0,37,29,7720,1,0,0,1,8
2020-07-08,US,Texas,Wise,157,5,0,33.21570665,-97.65460265,48497.0,224.33699131229994,3.1847133757961785,152,149,5,0,144,135,68305,8,0,0,8,14
2020-07-08,US,Texas,Wood,115,5,0,32.78722382,-95.38236368,48499.0,252.530797777729,4.3478260869565215,110,107,5,0,102,98,45129,8,0,0,8,9
2020-07-08,US,Texas,Yoakum,40,0,0,33.17320212,-102.82764329999999,48501.0,459.0841271663032,0.0,40,39,0,0,39,38,8591,1,0,0,1,1
2020-07-08,US,Texas,Young,38,1,0,33.17659707,-98.68790885,48503.0,210.99389228206553,2.631578947368421,37,34,1,0,33,34,18045,4,0,0,4,0
2020-07-08,US,Texas,Zapata,63,0,0,27.00156391,-99.16987152,48505.0,444.3190634036251,0.0,63,62,0,0,62,58,14190,1,0,0,1,4
2020-07-08,US,Texas,Zavala,29,0,0,28.86617238,-99.76050829,48507.0,244.9324324324324,0.0,29,29,0,0,29,25,11983,0,0,0,0,4
2020-07-08,US,Utah,Bear River,1689,3,0,41.52106798,-113.08328159999999,0.0,904.088471132332,0.17761989342806395,1686,1658,3,0,1655,1642,,31,0,0,31,16
2020-07-08,US,Utah,Central Utah,234,0,0,39.37231946,-111.5758676,0.0,285.52602679551944,0.0,234,227,0,0,227,217,,7,0,0,7,10
2020-07-08,US,Utah,Davis,1575,6,0,40.99001837,-112.1139997,49011.0,443.06165449067595,0.3809523809523809,1569,1522,6,0,1516,1470,351713,53,0,0,53,52
2020-07-08,US,Utah,Salt Lake,13343,122,0,40.66616532,-111.92160109999999,49035.0,1149.8254536868435,0.9143371055984412,13221,12994,120,0,12874,12758,1152633,349,2,0,347,236
2020-07-08,US,Utah,San Juan,425,10,0,37.62762978,-109.80337140000002,49037.0,2776.3261039979097,2.3529411764705883,415,417,9,0,408,416,15449,8,1,0,7,1
2020-07-08,US,Utah,Southeast Utah,45,0,0,38.99617072,-110.70139579999999,0.0,111.85960376842577,0.0,45,41,0,0,41,41,,4,0,0,4,0
2020-07-08,US,Utah,Southwest Utah,1840,14,0,37.85447192,-111.4418764,0.0,730.0370573158443,0.7608695652173914,1826,1805,13,0,1792,1731,,35,1,0,34,74
2020-07-08,US,Utah,Summit,543,1,0,40.86688146,-110.9535882,49043.0,1288.4090639459012,0.1841620626151013,542,538,1,0,537,534,41933,5,0,0,5,4
2020-07-08,US,Utah,Tooele,304,0,0,40.44862644,-113.12957150000001,49045.0,420.70883903735177,0.0,304,294,0,0,294,275,69907,10,0,0,10,19
2020-07-08,US,Utah,TriCounty,59,0,0,40.12491499,-109.5174415,0.0,104.19978100385008,0.0,59,56,0,0,56,56,,3,0,0,3,0
2020-07-08,US,Utah,Utah,4894,27,0,40.116672200000004,-111.66576620000001,49049.0,769.2126336966687,0.551695954229669,4867,4761,24,0,4737,4648,622213,133,3,0,130,113
2020-07-08,US,Utah,Wasatch,436,4,0,40.33110236,-111.1691419,49051.0,1278.929922853539,0.9174311926605504,432,427,4,0,423,426,33240,9,0,0,9,1
2020-07-08,US,Utah,Weber-Morgan,1368,14,0,41.27116049,-111.9145117,0.0,502.3188182288857,1.023391812865497,1354,1293,14,0,1279,1255,,75,0,0,75,38
2020-07-08,US,Vermont,Addison,68,2,0,44.03217337,-73.14130877,50001.0,184.89817005193456,2.9411764705882355,66,68,2,0,66,68,36973,0,0,0,0,0
2020-07-08,US,Vermont,Bennington,73,1,0,43.03519828,-73.09048868,50003.0,205.8077248378912,1.3698630136986298,72,73,1,0,72,73,35631,0,0,0,0,0
2020-07-08,US,Vermont,Caledonia,21,0,0,44.46548598,-72.10314651,50005.0,70.0163371453339,0.0,21,21,0,0,21,21,30302,0,0,0,0,0
2020-07-08,US,Vermont,Chittenden,632,39,0,44.46322849,-73.08359212,50007.0,385.8976394299461,6.170886075949367,593,631,39,0,592,630,164572,1,0,0,1,1
2020-07-08,US,Vermont,Essex,4,0,0,44.72736416,-71.73579864,50009.0,64.9034561090378,0.0,4,4,0,0,4,4,6250,0,0,0,0,0
2020-07-08,US,Vermont,Franklin,110,6,0,44.85627605,-72.91249563,50011.0,222.66305007894417,5.454545454545454,104,110,6,0,104,110,49421,0,0,0,0,0
2020-07-08,US,Vermont,Grand Isle,10,0,0,44.797582399999996,-73.29679772,50013.0,138.217000691085,0.0,10,10,0,0,10,10,7090,0,0,0,0,0
2020-07-08,US,Vermont,Lamoille,34,1,0,44.60353043,-72.64356694,50015.0,134.0588281681255,2.9411764705882355,33,34,1,0,33,34,25300,0,0,0,0,0
2020-07-08,US,Vermont,Orange,10,0,0,44.00470222,-72.37640104,50017.0,34.61165720614703,0.0,10,10,0,0,10,10,28999,0,0,0,0,0
2020-07-08,US,Vermont,Orleans,14,0,0,44.82964024,-72.24562697,50019.0,51.78089285053815,0.0,14,14,0,0,14,14,26907,0,0,0,0,0
2020-07-08,US,Vermont,Rutland,75,1,0,43.57723578,-73.03741676,50021.0,128.8859101922978,1.3333333333333333,74,75,1,0,74,74,58672,0,0,0,0,1
2020-07-08,US,Vermont,Unassigned,5,0,0,0.0,0.0,90050.0,0.0,0.0,5,5,0,0,5,5,,0,0,0,0,0
2020-07-08,US,Vermont,Washington,42,1,0,44.27343241,-72.61604978,50023.0,71.90672670307659,2.380952380952381,41,42,1,0,41,42,58140,0,0,0,0,0
2020-07-08,US,Vermont,Windham,97,3,0,42.986982,-72.71268875,50025.0,229.7380512529013,3.0927835051546397,94,98,3,0,95,97,42756,-1,0,0,-1,1
2020-07-08,US,Vermont,Windsor,61,2,0,43.58010937,-72.58595157,50027.0,110.7842068940467,3.278688524590164,59,59,2,0,57,59,55286,2,0,0,2,0
2020-07-08,US,Virginia,Accomack,1042,14,0,37.76707161,-75.63234615,51001.0,3224.4089615051366,1.343570057581574,1028,1042,14,0,1028,1044,32412,0,0,0,0,-2
2020-07-08,US,Virginia,Albemarle,498,10,0,38.02080697,-78.55481085,51003.0,455.5016921247599,2.0080321285140563,488,472,10,0,462,467,108718,26,0,0,26,5
2020-07-08,US,Virginia,Alexandria,2408,57,0,38.814003,-77.08183073,51510.0,1510.3996788518955,2.367109634551495,2351,2399,57,0,2342,2380,160530,9,0,0,9,19
2020-07-08,US,Virginia,Alleghany,39,2,0,37.78636074,-80.00222498,51005.0,262.4495289367429,5.128205128205129,37,38,2,0,36,36,14910,1,0,0,1,2
2020-07-08,US,Virginia,Amelia,48,1,0,37.34081025,-77.98584649,51007.0,365.1578546976036,2.083333333333333,47,46,1,0,45,45,13013,2,0,0,2,1
2020-07-08,US,Virginia,Amherst,38,0,0,37.60308293,-79.14548696,51009.0,120.234140167695,0.0,38,38,0,0,38,38,31666,0,0,0,0,0
2020-07-08,US,Virginia,Appomattox,44,0,0,37.37569884,-78.81340003,51011.0,276.5382439821508,0.0,44,44,0,0,44,43,15841,0,0,0,0,1
2020-07-08,US,Virginia,Arlington,2558,132,0,38.8767675,-77.10139853,51013.0,1080.0449244644108,5.160281469898359,2426,2550,131,0,2419,2533,237521,8,1,0,7,17
2020-07-08,US,Virginia,Augusta,201,2,0,38.16404586,-79.12461614,51015.0,266.02080520924324,0.9950248756218906,199,200,2,0,198,194,75457,1,0,0,1,6
2020-07-08,US,Virginia,Bath,1,0,0,38.05852573,-79.73912095,51017.0,24.11381721726549,0.0,1,,,,,,4292,,,,,
2020-07-08,US,Virginia,Bedford,140,4,0,37.3080028,-79.5281964,51019.0,177.22191981973995,2.8571428571428568,136,140,4,0,136,140,78747,0,0,0,0,0
2020-07-08,US,Virginia,Bland,2,0,0,37.13128068,-81.13599391,51021.0,31.84713375796178,0.0,2,2,0,0,2,2,6293,0,0,0,0,0
2020-07-08,US,Virginia,Botetourt,148,4,0,37.55531756,-79.80982182,51023.0,442.8618450582004,2.702702702702702,144,145,4,0,141,139,33277,3,0,0,3,6
2020-07-08,US,Virginia,Bristol,7,0,0,36.616302399999995,-82.16359122,51520.0,41.76112635723661,0.0,7,5,0,0,5,5,16482,2,0,0,2,0
2020-07-08,US,Virginia,Brunswick,117,1,0,36.76366949,-77.8593436,51025.0,720.8428316185077,0.8547008547008547,116,116,1,0,115,113,16384,1,0,0,1,3
2020-07-08,US,Virginia,Buchanan,36,0,0,37.26818323,-82.03749726,51027.0,171.39592458579318,0.0,36,34,0,0,34,33,21221,2,0,0,2,1
2020-07-08,US,Virginia,Buckingham,571,5,0,37.57242268,-78.52518834,51029.0,3329.8343830184276,0.8756567425569177,566,570,5,0,565,571,16999,1,0,0,1,-1
2020-07-08,US,Virginia,Buena Vista,16,0,0,37.73484642,-79.35296097,51530.0,246.98981167026852,0.0,16,16,0,0,16,15,6237,0,0,0,0,1
2020-07-08,US,Virginia,Campbell,54,1,0,37.20553386,-79.09678609,51031.0,98.3875375785734,1.851851851851852,53,53,1,0,52,51,54973,1,0,0,1,2
2020-07-08,US,Virginia,Caroline,131,4,0,38.02679129,-77.34901405,51033.0,426.3628966639544,3.053435114503817,127,129,4,0,125,129,30772,2,0,0,2,0
2020-07-08,US,Virginia,Carroll,239,9,0,36.73066666,-80.73455942,51035.0,802.2557148131987,3.7656903765690375,230,235,9,0,226,233,29636,4,0,0,4,2
2020-07-08,US,Virginia,Charles City,41,3,0,37.35358063,-77.05634116,51036.0,588.8266551773661,7.317073170731707,38,41,3,0,38,41,6941,0,0,0,0,0
2020-07-08,US,Virginia,Charlotte,33,0,0,37.01909701,-78.66314092,51037.0,277.77777777777777,0.0,33,33,0,0,33,33,11938,0,0,0,0,0
2020-07-08,US,Virginia,Charlottesville,241,7,0,38.03527919,-78.48569588,51540.0,509.8802521897347,2.904564315352697,234,239,7,0,232,237,48117,2,0,0,2,2
2020-07-08,US,Virginia,Chesapeake,1088,22,0,36.67670048,-76.30545744,51550.0,444.3809095921743,2.022058823529412,1066,1046,22,0,1024,1026,242634,42,0,0,42,20
2020-07-08,US,Virginia,Chesterfield,3078,59,0,37.37373208,-77.58680140000001,51041.0,872.4440337639809,1.916829109811566,3019,3059,56,0,3003,3026,348556,19,3,0,16,33
2020-07-08,US,Virginia,Clarke,59,0,0,39.11271747,-77.99199425,51043.0,403.5843764963404,0.0,59,58,0,0,58,57,14523,1,0,0,1,1
2020-07-08,US,Virginia,Colonial Heights,151,18,0,37.26420587,-77.39609676,51570.0,869.3149107656883,11.920529801324506,133,151,18,0,133,150,17833,0,0,0,0,1
2020-07-08,US,Virginia,Covington,5,0,0,37.7824656,-79.98631446,51580.0,90.2853015529072,0.0,5,5,0,0,5,5,5460,0,0,0,0,0
2020-07-08,US,Virginia,Craig,9,0,0,37.48133648,-80.21072274,51045.0,175.4044045994933,0.0,9,9,0,0,9,8,5064,0,0,0,0,1
2020-07-08,US,Virginia,Culpeper,831,11,0,38.48199985,-77.95630870000002,51047.0,1579.6977473624179,1.3237063778580025,820,829,11,0,818,823,51859,2,0,0,2,6
2020-07-08,US,Virginia,Cumberland,59,0,0,37.51328851,-78.24398086,51049.0,594.0394683850183,0.0,59,58,0,0,58,57,9809,1,0,0,1,1
2020-07-08,US,Virginia,Danville,101,2,0,36.58022376,-79.40395668,51590.0,252.22255518929177,1.98019801980198,99,99,2,0,97,99,40693,2,0,0,2,0
2020-07-08,US,Virginia,Dickenson,5,0,0,37.12560977,-82.35124171,51051.0,34.92107836289985,0.0,5,5,0,0,5,5,14523,0,0,0,0,0
2020-07-08,US,Virginia,Dinwiddie,154,2,0,37.07544585,-77.63451754,51053.0,539.5179372197309,1.2987012987012987,152,152,2,0,150,151,28529,2,0,0,2,1
2020-07-08,US,Virginia,Emporia,145,15,0,36.69455571,-77.53406129,51595.0,2712.3082678638234,10.344827586206897,130,145,15,0,130,143,5121,0,0,0,0,2
2020-07-08,US,Virginia,Essex,59,0,0,37.93357639,-76.94230311,51057.0,538.6652058796676,0.0,59,59,0,0,59,59,10919,0,0,0,0,0
2020-07-08,US,Virginia,Fairfax,14253,495,0,38.83677558,-77.27565836,51059.0,1242.0568663880395,3.4729530625131546,13758,14191,495,0,13696,14205,1150795,62,0,0,62,-14
2020-07-08,US,Virginia,Fairfax,14253,495,0,38.83677558,-77.27565836,51059.0,1242.0568663880395,3.4729530625131546,13758,14191,495,0,13696,14205,24574,62,0,0,62,-14
2020-07-08,US,Virginia,Fairfax City,72,7,0,38.85157547,-77.29779640000002,51600.0,299.76268787210125,9.722222222222221,65,72,7,0,65,71,24574,0,0,0,0,1
2020-07-08,US,Virginia,Falls Church,54,8,0,38.88485255,-77.17560759,51610.0,369.43285215844566,14.814814814814815,46,54,8,0,46,55,14772,0,0,0,0,-1
2020-07-08,US,Virginia,Fauquier,455,8,0,38.73564842,-77.80647472,51061.0,638.8475471062312,1.7582417582417582,447,450,8,0,442,446,70675,5,0,0,5,4
2020-07-08,US,Virginia,Floyd,20,1,0,36.9302126,-80.36738849,51063.0,126.9921899803162,5.0,19,21,1,0,20,21,15795,-1,0,0,-1,0
2020-07-08,US,Virginia,Fluvanna,125,8,0,37.84157909,-78.27715475,51065.0,458.3791712504584,6.4,117,123,8,0,115,121,26783,2,0,0,2,2
2020-07-08,US,Virginia,Franklin,104,1,0,36.99536167,-79.88023649,51067.0,185.57510438599618,0.9615384615384616,103,104,1,0,103,104,56195,0,0,0,0,0
2020-07-08,US,Virginia,Franklin,104,1,0,36.99536167,-79.88023649,51067.0,185.57510438599618,0.9615384615384616,103,104,1,0,103,104,8013,0,0,0,0,0
2020-07-08,US,Virginia,Franklin City,61,2,0,36.6831435,-76.93859681,51620.0,765.6583406552028,3.278688524590164,59,58,2,0,56,55,8013,3,0,0,3,3
2020-07-08,US,Virginia,Frederick,529,6,0,39.20172582,-78.25974949,51069.0,592.2989934276085,1.1342155009451795,523,524,6,0,518,520,88355,5,0,0,5,4
2020-07-08,US,Virginia,Fredericksburg,263,0,0,38.2977863,-77.4922454,51630.0,905.7721449235432,0.0,263,260,0,0,260,255,29144,3,0,0,3,5
2020-07-08,US,Virginia,Galax,282,16,0,36.66601852,-80.91703124,51640.0,4443.043957775327,5.673758865248227,266,281,16,0,265,276,6423,1,0,0,1,5
2020-07-08,US,Virginia,Giles,18,0,0,37.31234791,-80.70636931,51071.0,107.65550239234449,0.0,18,18,0,0,18,18,16844,0,0,0,0,0
2020-07-08,US,Virginia,Gloucester,52,1,0,37.40809042,-76.53524337,51073.0,139.2310163864196,1.9230769230769231,51,53,1,0,52,50,37349,-1,0,0,-1,3
2020-07-08,US,Virginia,Goochland,128,6,0,37.71714806,-77.90381514,51075.0,538.8792994569108,4.6875,122,128,6,0,122,127,23244,0,0,0,0,1
2020-07-08,US,Virginia,Grayson,91,2,0,36.65677234,-81.23215889,51077.0,585.2090032154341,2.1978021978021984,89,91,2,0,89,90,15631,0,0,0,0,1
2020-07-08,US,Virginia,Greene,76,2,0,38.29545894,-78.46525378,51079.0,383.4704071850245,2.631578947368421,74,76,2,0,74,75,19779,0,0,0,0,1
2020-07-08,US,Virginia,Greensville,370,8,0,36.67878901,-77.56351439,51081.0,3263.93789696542,2.1621621621621623,362,367,8,0,359,368,11627,3,0,0,3,-1
2020-07-08,US,Virginia,Halifax,70,1,0,36.76654925,-78.93512622,51083.0,206.42269470083454,1.4285714285714286,69,68,1,0,67,65,34120,2,0,0,2,3
2020-07-08,US,Virginia,Hampton,409,5,0,37.03513786,-76.35879121,51650.0,304.0666121477957,1.2224938875305624,404,390,5,0,385,376,134313,19,0,0,19,14
2020-07-08,US,Virginia,Hanover,456,31,0,37.7583355,-77.49464673,51085.0,423.13902343967493,6.798245614035088,425,452,31,0,421,449,107239,4,0,0,4,3
2020-07-08,US,Virginia,Harrisonburg,972,28,0,38.43542574,-78.87536254,51660.0,1833.408782254413,2.8806584362139915,944,967,28,0,939,966,54033,5,0,0,5,1
2020-07-08,US,Virginia,Henrico,2721,165,0,37.53460572,-77.39326555,51087.0,822.5066350682248,6.0639470782800435,2556,2708,163,0,2545,2685,329261,13,2,0,11,23
2020-07-08,US,Virginia,Henry,315,5,0,36.68542395,-79.87634026,51089.0,623.0591213877408,1.5873015873015872,310,301,5,0,296,293,50953,14,0,0,14,8
2020-07-08,US,Virginia,Highland,3,0,0,38.35799465,-79.56124594,51091.0,136.98630136986299,0.0,3,3,0,0,3,3,2210,0,0,0,0,0
2020-07-08,US,Virginia,Hopewell,191,4,0,37.29186313,-77.29754684,51670.0,847.7961738204092,2.094240837696335,187,191,3,0,188,188,22596,0,1,0,-1,3
2020-07-08,US,Virginia,Isle of Wight,204,9,0,36.90579348,-76.70842863,51093.0,549.7318709746962,4.411764705882354,195,199,9,0,190,194,36953,5,0,0,5,5
2020-07-08,US,Virginia,James City,313,16,0,37.31156958,-76.76950618,51095.0,409.02735125387136,5.1118210862619815,297,306,15,0,291,297,76397,7,1,0,6,9
2020-07-08,US,Virginia,King George,99,4,0,38.26818502,-77.15852768,51099.0,368.9074377701595,4.040404040404041,95,100,4,0,96,100,26575,-1,0,0,-1,0
2020-07-08,US,Virginia,King William,47,1,0,37.70965316,-77.09384941,51101.0,274.0844413342664,2.127659574468085,46,47,1,0,46,44,16939,0,0,0,0,3
2020-07-08,US,Virginia,King and Queen,25,1,0,37.71044922,-76.88689628,51097.0,355.87188612099646,4.0,24,24,1,0,23,24,7042,1,0,0,1,0
2020-07-08,US,Virginia,Lancaster,11,0,0,37.71889653,-76.46400482,51103.0,103.74422333301895,0.0,11,11,0,0,11,11,10783,0,0,0,0,0
2020-07-08,US,Virginia,Lee,15,0,0,36.70586667,-83.12606515,51105.0,64.0396191777313,0.0,15,16,0,0,16,16,23541,-1,0,0,-1,0
2020-07-08,US,Virginia,Lexington,13,0,0,37.78258621,-79.44262866,51678.0,174.59038409884502,0.0,13,13,0,0,13,13,7136,0,0,0,0,0
2020-07-08,US,Virginia,Loudoun,4282,98,0,39.08990083,-77.63481877,51107.0,1035.4550246893878,2.2886501634750114,4184,4252,93,0,4159,4216,406850,30,5,0,25,36
2020-07-08,US,Virginia,Louisa,133,2,0,37.97850256,-77.96274807,51109.0,353.8080923625337,1.5037593984962403,131,132,2,0,130,131,36778,1,0,0,1,1
2020-07-08,US,Virginia,Lunenburg,39,0,0,36.94618528,-78.24133319,51111.0,319.7769760577238,0.0,39,39,0,0,39,39,12086,0,0,0,0,0
2020-07-08,US,Virginia,Lynchburg,169,1,0,37.40021399,-79.19888138,51680.0,205.67617564015183,0.591715976331361,168,169,1,0,168,164,82126,0,0,0,0,5
2020-07-08,US,Virginia,Madison,46,1,0,38.41531222,-78.28220331,51113.0,346.88183394917434,2.1739130434782608,45,46,1,0,45,45,13295,0,0,0,0,1
2020-07-08,US,Virginia,Manassas,1464,18,0,38.7464321,-77.48509905,51683.0,3563.3442862358525,1.2295081967213115,1446,1458,18,0,1440,1452,41641,6,0,0,6,6
2020-07-08,US,Virginia,Manassas Park,449,6,0,38.77058531,-77.44399307,51685.0,2568.943815081817,1.33630289532294,443,447,6,0,441,445,17307,2,0,0,2,2
2020-07-08,US,Virginia,Martinsville,101,1,0,36.68212094,-79.86352771,51690.0,804.524454357177,0.99009900990099,100,98,1,0,97,87,12902,3,0,0,3,11
2020-07-08,US,Virginia,Mathews,6,0,0,37.44164146,-76.34098896,51115.0,67.91940230925968,0.0,6,6,0,0,6,6,8802,0,0,0,0,0
2020-07-08,US,Virginia,Mecklenburg,250,29,0,36.67882005,-78.36131056,51117.0,817.3407002975121,11.6,221,249,28,0,221,249,30650,1,1,0,0,0
2020-07-08,US,Virginia,Middlesex,15,0,0,37.63191998,-76.55064617,51119.0,141.75014175014175,0.0,15,15,0,0,15,15,10769,0,0,0,0,0
2020-07-08,US,Virginia,Montgomery,170,3,0,37.17746986,-80.37868691,51121.0,172.5275282894403,1.7647058823529411,167,167,2,0,165,163,98985,3,1,0,2,4
2020-07-08,US,Virginia,Nelson,22,0,0,37.78790447,-78.88498513,51125.0,147.35432016075018,0.0,22,21,0,0,21,21,14836,1,0,0,1,0
2020-07-08,US,Virginia,New Kent,62,1,0,37.50694406,-76.99828634,51127.0,268.5028799099216,1.6129032258064515,61,62,1,0,61,60,22391,0,0,0,0,2
2020-07-08,US,Virginia,Newport News,634,10,0,37.08166899,-76.51754109,51700.0,353.74529223043663,1.5772870662460567,624,613,10,0,603,592,178626,21,0,0,21,21
2020-07-08,US,Virginia,Norfolk,1194,14,0,36.89934014,-76.26420872,51710.0,491.8802679387992,1.1725293132328307,1180,1162,12,0,1150,1105,244076,32,2,0,30,57
2020-07-08,US,Virginia,Northampton,272,28,0,37.34062933,-75.87751591,51131.0,2322.801024765157,10.294117647058824,244,272,28,0,244,272,11735,0,0,0,0,0
2020-07-08,US,Virginia,Northumberland,37,1,0,37.89202088,-76.41949732,51133.0,305.9115336916081,2.702702702702702,36,37,1,0,36,37,12147,0,0,0,0,0
2020-07-08,US,Virginia,Norton,4,0,0,36.93357076,-82.62750411,51720.0,100.4772670183371,0.0,4,4,0,0,4,4,3968,0,0,0,0,0
2020-07-08,US,Virginia,Nottoway,115,3,0,37.1435975,-78.05065922,51135.0,754.9894957983194,2.608695652173913,112,114,2,0,112,114,15420,1,1,0,0,0
2020-07-08,US,Virginia,Orange,154,3,0,38.24530219,-78.01560400000002,51137.0,415.64330247496696,1.9480519480519483,151,154,3,0,151,153,36644,0,0,0,0,1
2020-07-08,US,Virginia,Page,293,23,0,38.61807452,-78.48797204,51139.0,1225.8388419379132,7.8498293515358375,270,290,23,0,267,285,23933,3,0,0,3,5
2020-07-08,US,Virginia,Patrick,48,1,0,36.680163799999995,-80.2865648,51141.0,272.6033621081327,2.083333333333333,47,48,1,0,47,48,17673,0,0,0,0,0
2020-07-08,US,Virginia,Petersburg,313,7,0,37.20530399,-77.39368102,51730.0,998.5325081350093,2.236421725239617,306,311,5,0,306,290,31567,2,2,0,0,21
2020-07-08,US,Virginia,Pittsylvania,146,1,0,36.81980341,-79.39731264,51143.0,241.9060874175697,0.6849315068493149,145,139,1,0,138,137,60949,7,0,0,7,2
2020-07-08,US,Virginia,Poquoson,19,0,0,37.14259351,-76.35798148,51735.0,154.8366066335262,0.0,19,19,0,0,19,19,12190,0,0,0,0,0
2020-07-08,US,Virginia,Portsmouth,593,18,0,36.85914825,-76.35971629,51740.0,628.1912752388822,3.0354131534569984,575,572,18,0,554,549,94632,21,0,0,21,23
2020-07-08,US,Virginia,Powhatan,86,2,0,37.55016038,-77.91267882,51145.0,290.03102657493594,2.3255813953488373,84,86,2,0,84,84,29189,0,0,0,0,2
2020-07-08,US,Virginia,Prince Edward,219,6,0,37.22554789,-78.43597949,51147.0,960.4420664853959,2.7397260273972597,213,216,6,0,210,214,22950,3,0,0,3,2
2020-07-08,US,Virginia,Prince George,254,2,0,37.18497668,-77.22922187,51149.0,662.2689229004251,0.7874015748031497,252,246,1,0,245,245,38082,8,1,0,7,1
2020-07-08,US,Virginia,Prince William,7664,151,0,38.70916224,-77.48713689,51153.0,1629.4768622364913,1.970250521920668,7513,7638,148,0,7490,7582,468011,26,3,0,23,56
2020-07-08,US,Virginia,Pulaski,48,2,0,37.06474963,-80.71229738,51155.0,141.06444882005462,4.166666666666667,46,48,2,0,46,48,34066,0,0,0,0,0
2020-07-08,US,Virginia,Radford,15,0,0,37.12222899,-80.56027320000003,51750.0,82.1962847279303,0.0,15,14,0,0,14,14,18339,1,0,0,1,0
2020-07-08,US,Virginia,Rappahannock,31,0,0,38.68295619,-78.15826963,51157.0,420.6241519674355,0.0,31,30,0,0,30,26,7252,1,0,0,1,4
2020-07-08,US,Virginia,Richmond,299,4,0,37.937575,-76.72920628,51159.0,3313.753740441095,1.3377926421404682,295,300,4,0,296,299,9038,-1,0,0,-1,1
2020-07-08,US,Virginia,Richmond City,2321,29,0,37.53255773,-77.47966921,51760.0,1007.2210939262962,1.2494614390348988,2292,2301,29,0,2272,2288,228783,20,0,0,20,13
2020-07-08,US,Virginia,Roanoke,296,6,0,37.26865804,-80.06396753,51161.0,314.2717601342025,2.0270270270270268,290,292,6,0,286,287,94073,4,0,0,4,5
2020-07-08,US,Virginia,Roanoke City,525,10,0,37.27791025,-79.96189766,51770.0,529.5381418758761,1.9047619047619049,515,502,10,0,492,492,99920,23,0,0,23,10
2020-07-08,US,Virginia,Rockbridge,33,0,0,37.81204314,-79.44605905,51163.0,146.19235369689454,0.0,33,33,0,0,33,33,22752,0,0,0,0,0
2020-07-08,US,Virginia,Rockingham,758,11,0,38.51006137,-78.87260325,51165.0,924.9768145653343,1.4511873350923483,747,751,11,0,740,744,81244,7,0,0,7,7
2020-07-08,US,Virginia,Russell,15,0,0,36.93028320000001,-82.10095486,51167.0,56.42067253441661,0.0,15,14,0,0,14,14,26748,1,0,0,1,0
2020-07-08,US,Virginia,Salem,83,3,0,37.2836193,-80.06219455,51775.0,328.0502746926999,3.614457831325301,80,83,3,0,80,80,25643,0,0,0,0,3
2020-07-08,US,Virginia,Scott,11,2,0,36.71466456,-82.60171704,51169.0,51.00621348418807,18.181818181818183,9,11,2,0,9,11,21534,0,0,0,0,0
2020-07-08,US,Virginia,Shenandoah,601,34,0,38.85905135,-78.56813762,51171.0,1377.9347028613354,5.657237936772047,567,600,34,0,566,598,43497,1,0,0,1,2
2020-07-08,US,Virginia,Smyth,42,1,0,36.84455636,-81.53344948,51173.0,139.51634334307732,2.380952380952381,41,42,1,0,41,42,30472,0,0,0,0,0
2020-07-08,US,Virginia,Southampton,166,8,0,36.72231125,-77.10642712,51175.0,941.5234530089048,4.819277108433735,158,165,8,0,157,163,17586,1,0,0,1,2
2020-07-08,US,Virginia,Spotsylvania,1053,31,0,38.18574462,-77.655399,51177.0,773.0426164519326,2.9439696106362767,1022,1048,31,0,1017,1038,134238,5,0,0,5,10
2020-07-08,US,Virginia,Stafford,1029,5,0,38.41758738,-77.45917053,51179.0,673.068117894847,0.4859086491739553,1024,1022,5,0,1017,1012,149960,7,0,0,7,10
2020-07-08,US,Virginia,Staunton,84,0,0,38.15965544,-79.05979937,51790.0,336.9164126423873,0.0,84,81,0,0,81,80,24922,3,0,0,3,1
2020-07-08,US,Virginia,Suffolk,487,38,0,36.70155394,-76.63603554,51800.0,528.7271463933644,7.802874743326488,449,470,38,0,432,457,91185,17,0,0,17,13
2020-07-08,US,Virginia,Surry,17,1,0,37.11781893,-76.88450012,51181.0,264.71504204297725,5.882352941176472,16,17,1,0,16,17,6474,0,0,0,0,0
2020-07-08,US,Virginia,Sussex,212,5,0,36.92432914,-77.25791182,51183.0,1899.811811094184,2.358490566037736,207,211,5,0,206,210,11237,1,0,0,1,1
2020-07-08,US,Virginia,Tazewell,23,0,0,37.12191123,-81.56685568,51185.0,56.657223796034,0.0,23,22,0,0,22,17,40855,1,0,0,1,5
2020-07-08,US,Virginia,Virginia Beach,1520,30,0,36.73285734,-76.04566934,51810.0,337.7972949548196,1.973684210526316,1490,1455,30,0,1425,1392,450189,65,0,0,65,63
2020-07-08,US,Virginia,Warren,302,8,0,38.90847745,-78.20280433,51187.0,751.9171397271189,2.6490066225165565,294,300,8,0,292,299,40003,2,0,0,2,1
2020-07-08,US,Virginia,Washington,70,4,0,36.72341572,-81.95666289,51191.0,130.25679196129514,5.7142857142857135,66,68,4,0,64,67,54402,2,0,0,2,1
2020-07-08,US,Virginia,Waynesboro,113,0,0,38.06451466,-78.90293905,51820.0,499.3371630578878,0.0,113,102,0,0,102,94,22628,11,0,0,11,8
2020-07-08,US,Virginia,Westmoreland,118,2,0,38.11021557,-76.80213247,51193.0,655.0097141271162,1.6949152542372878,116,118,2,0,116,116,17830,0,0,0,0,2
2020-07-08,US,Virginia,Williamsburg,77,6,0,37.28131268,-76.70905141,51830.0,514.9123980205965,7.792207792207793,71,75,6,0,69,74,14896,2,0,0,2,1
2020-07-08,US,Virginia,Winchester,334,3,0,39.17054517,-78.17325058,51840.0,1189.543414773132,0.8982035928143712,331,334,3,0,331,334,28108,0,0,0,0,0
2020-07-08,US,Virginia,Wise,33,2,0,36.9746148,-82.62410519,51195.0,88.27541930824171,6.0606060606060606,31,32,2,0,30,32,38012,1,0,0,1,0
2020-07-08,US,Virginia,Wythe,57,1,0,36.91582035,-81.07834059,51197.0,198.71705480407195,1.7543859649122806,56,57,1,0,56,58,28754,0,0,0,0,-1
2020-07-08,US,Virginia,York,135,3,0,37.24374789,-76.54412815,51199.0,197.7152899824253,2.2222222222222223,132,131,3,0,128,131,67846,4,0,0,4,0
2020-07-08,US,Washington,Adams,199,0,0,46.98299757,-118.56017340000001,53001.0,995.8464694990744,0.0,199,203,0,0,203,196,19759,-4,0,0,-4,7
2020-07-08,US,Washington,Asotin,21,2,0,46.18894415,-117.2022851,53003.0,92.99442033477993,9.523809523809524,19,21,2,0,19,21,22610,0,0,0,0,0
2020-07-08,US,Washington,Benton,2123,88,0,46.23946995,-119.51208340000001,53005.0,1038.700523508978,4.1450777202072535,2035,2094,88,0,2006,2036,201877,29,0,0,29,58
2020-07-08,US,Washington,Chelan,482,6,0,47.87046092,-120.6173956,53007.0,624.3523316062176,1.2448132780082988,476,442,6,0,436,436,77036,40,0,0,40,6
2020-07-08,US,Washington,Clallam,46,0,0,48.04754642,-123.92263190000001,53009.0,59.48455341324954,0.0,46,46,0,0,46,45,76737,0,0,0,0,1
2020-07-08,US,Washington,Clark,990,30,0,45.77568046,-122.48292040000001,53011.0,202.76871463068443,3.0303030303030303,960,962,30,0,932,933,481857,28,0,0,28,29
2020-07-08,US,Washington,Columbia,8,0,0,46.29442881,-117.9051983,53013.0,200.75282308657467,0.0,8,8,0,0,8,8,4059,0,0,0,0,0
2020-07-08,US,Washington,Cowlitz,229,0,0,46.19074721,-122.6782231,53015.0,207.06554664400105,0.0,229,218,0,0,218,210,108987,11,0,0,11,8
2020-07-08,US,Washington,Douglas,325,3,0,47.7361335,-119.69293700000001,53017.0,748.3478781459394,0.9230769230769232,322,308,3,0,305,303,42907,17,0,0,17,5
2020-07-08,US,Washington,Ferry,1,0,0,48.471143100000006,-118.5154041,53019.0,13.111315064901008,0.0,1,1,0,0,1,1,7649,0,0,0,0,0
2020-07-08,US,Washington,Franklin,2140,34,0,46.53351425,-118.9018212,53021.0,2247.379807187415,1.588785046728972,2106,2113,34,0,2079,2038,94347,27,0,0,27,75
2020-07-08,US,Washington,Grant,720,6,0,47.20753737,-119.4500749,53025.0,736.7010119406956,0.8333333333333334,714,709,6,0,703,703,97331,11,0,0,11,6
2020-07-08,US,Washington,Grays Harbor,32,0,0,47.14003705,-123.7820567,53027.0,42.63199264598127,0.0,32,32,0,0,32,31,73901,0,0,0,0,1
2020-07-08,US,Washington,Island,199,12,0,48.14713305,-122.5216407,53029.0,233.72993035082985,6.030150753768845,187,198,12,0,186,196,84460,1,0,0,1,2
2020-07-08,US,Washington,Jefferson,41,0,0,47.75003077,-123.56097040000002,53031.0,127.24620589056826,0.0,41,41,0,0,41,41,31729,0,0,0,0,0
2020-07-08,US,Washington,King,11284,628,0,47.49137892,-121.8346131,53033.0,500.8917862447409,5.565402339595888,10656,11182,626,0,10556,11105,2233163,102,2,0,100,77
2020-07-08,US,Washington,Kitsap,261,2,0,47.63479026,-122.6436061,53035.0,96.14215778364701,0.7662835249042146,259,251,2,0,249,248,269805,10,0,0,10,3
2020-07-08,US,Washington,Kittitas,162,0,0,47.12521214,-120.67943899999999,53037.0,337.9576509857098,0.0,162,160,0,0,160,158,47364,2,0,0,2,2
2020-07-08,US,Washington,Klickitat,73,3,0,45.87325839,-120.7913598,53039.0,325.52954292084735,4.109589041095891,70,70,3,0,67,67,22107,3,0,0,3,3
2020-07-08,US,Washington,Lewis,79,3,0,46.57756476,-122.39257690000001,53041.0,97.88494182660736,3.79746835443038,76,78,3,0,75,77,79604,1,0,0,1,1
2020-07-08,US,Washington,Lincoln,4,0,0,47.57705241,-118.41943880000001,53043.0,36.56641374897157,0.0,4,4,0,0,4,4,10740,0,0,0,0,0
2020-07-08,US,Washington,Mason,55,1,0,47.35007586,-123.1863685,53045.0,82.37479031871554,1.818181818181818,54,55,1,0,54,54,65507,0,0,0,0,1
2020-07-08,US,Washington,Okanogan,160,2,0,48.54855019,-119.73872240000001,53047.0,378.7609781502262,1.25,158,153,2,0,151,152,42132,7,0,0,7,1
2020-07-08,US,Washington,Pacific,18,1,0,46.55418369,-123.7285716,53049.0,80.10324418138934,5.5555555555555545,17,18,1,0,17,18,22036,0,0,0,0,0
2020-07-08,US,Washington,Pend Oreille,7,0,0,48.53234021,-117.2741804,53051.0,51.00553774409793,0.0,7,7,0,0,7,5,13602,0,0,0,0,2
2020-07-08,US,Washington,Pierce,2932,111,0,47.03892768,-122.14059579999999,53053.0,323.9850604433247,3.7858117326057297,2821,2878,110,0,2768,2848,891299,54,1,0,53,30
2020-07-08,US,Washington,San Juan,20,0,0,48.60182783,-122.96745,53055.0,113.75270162666365,0.0,20,20,0,0,20,20,17128,0,0,0,0,0
2020-07-08,US,Washington,Skagit,567,16,0,48.48171488,-121.766131,53057.0,438.8375062884563,2.8218694885361546,551,558,16,0,542,557,128206,9,0,0,9,1
2020-07-08,US,Washington,Skamania,18,0,0,46.02408726,-121.91644029999999,53059.0,148.9696267483241,0.0,18,14,0,0,14,10,11924,4,0,0,4,4
2020-07-08,US,Washington,Snohomish,3788,178,0,48.04615983,-121.7170703,53061.0,460.78072408747045,4.699049630411827,3610,3764,176,0,3588,3722,814901,24,2,0,22,42
2020-07-08,US,Washington,Spokane,1819,42,0,47.62113146,-117.4046494,53063.0,347.9355315054763,2.3089609675645955,1777,1763,42,0,1721,1708,514631,56,0,0,56,55
2020-07-08,US,Washington,Stevens,20,1,0,48.40035475,-117.8542701,53065.0,43.74166174572972,5.0,19,20,1,0,19,20,45260,0,0,0,0,0
2020-07-08,US,Washington,Thurston,304,8,0,46.9291895,-122.82906559999999,53067.0,104.6341933529752,2.631578947368421,296,299,8,0,291,290,286419,5,0,0,5,9
2020-07-08,US,Washington,Unassigned,137,0,0,0.0,0.0,90053.0,0.0,0.0,137,116,0,0,116,186,,21,0,0,21,-70
2020-07-08,US,Washington,Wahkiakum,5,0,0,46.29180039999999,-123.4250831,53069.0,111.40819964349377,0.0,5,5,0,0,5,5,4426,0,0,0,0,0
2020-07-08,US,Washington,Walla Walla,195,3,0,46.23040051,-118.4775539,53071.0,320.9348255431205,1.5384615384615383,192,193,3,0,190,187,60922,2,0,0,2,6
2020-07-08,US,Washington,Whatcom,685,40,0,48.82227976,-121.74900179999999,53073.0,298.8043464036607,5.8394160583941614,645,681,41,0,640,673,225685,4,-1,0,5,8
2020-07-08,US,Washington,Whitman,39,0,0,46.90022523,-117.52417630000001,53075.0,77.83809675874181,0.0,39,39,0,0,39,39,49791,0,0,0,0,0
2020-07-08,US,Washington,Yakima,7753,174,0,46.45738486,-120.73801259999999,53077.0,3090.4082942365253,2.2442925319231266,7579,7696,168,0,7528,7634,251446,57,6,0,51,62
2020-07-08,US,West Virginia,Barbour,17,1,0,39.1307219,-80.00350858,54001.0,103.40003649413052,5.882352941176472,16,17,1,0,16,17,16535,0,0,0,0,0
2020-07-08,US,West Virginia,Berkeley,508,10,0,39.46704621,-78.02414609,54003.0,426.27820526806016,1.9685039370078738,498,500,10,0,490,492,117123,8,0,0,8,8
2020-07-08,US,West Virginia,Boone,27,0,0,38.01974191,-81.69888019,54005.0,125.83306147178075,0.0,27,28,0,0,28,24,21951,-1,0,0,-1,4
2020-07-08,US,West Virginia,Braxton,3,0,0,38.70036159,-80.72011184,54007.0,21.49459052805044,0.0,3,3,0,0,3,3,14089,0,0,0,0,0
2020-07-08,US,West Virginia,Brooke,15,0,0,40.27367263,-80.57915332,54009.0,68.37139340899768,0.0,15,15,0,0,15,15,22203,0,0,0,0,0
2020-07-08,US,West Virginia,Cabell,184,0,0,38.42424062,-82.23855912,54011.0,200.11963673935506,0.0,184,172,0,0,172,167,93224,12,0,0,12,5
2020-07-08,US,West Virginia,Calhoun,4,0,0,38.84315422,-81.11934872,54013.0,56.2667041778028,0.0,4,2,0,0,2,2,7254,2,0,0,2,0
2020-07-08,US,West Virginia,Clay,11,1,0,38.46231092,-81.07652217,54015.0,129.29007992477668,9.090909090909092,10,11,1,0,10,11,8632,0,0,0,0,0
2020-07-08,US,West Virginia,Fayette,78,4,0,38.02974928,-81.08286634,54019.0,183.93623543838137,5.128205128205129,74,75,4,0,71,72,43018,3,0,0,3,3
2020-07-08,US,West Virginia,Gilmer,13,0,0,38.9251277,-80.85952723,54021.0,166.17665857088068,0.0,13,13,0,0,13,13,8026,0,0,0,0,0
2020-07-08,US,West Virginia,Grant,16,0,0,39.10314817,-79.19440518,54023.0,138.31258644536652,0.0,16,16,0,0,16,16,11626,0,0,0,0,0
2020-07-08,US,West Virginia,Greenbrier,67,3,0,37.9463652,-80.45335881,54025.0,193.29525128382667,4.477611940298506,64,67,3,0,64,66,34786,0,0,0,0,1
2020-07-08,US,West Virginia,Hampshire,42,1,0,39.32103553,-78.60826476,54027.0,181.2297734627832,2.380952380952381,41,42,1,0,41,42,23347,0,0,0,0,0
2020-07-08,US,West Virginia,Hancock,34,0,0,40.51943859,-80.57461608,54029.0,118.01457827143356,0.0,34,32,0,0,32,32,29094,2,0,0,2,0
2020-07-08,US,West Virginia,Hardy,46,0,0,39.00683177,-78.85855301,54031.0,333.91405342624853,0.0,46,45,0,0,45,45,13775,1,0,0,1,0
2020-07-08,US,West Virginia,Harrison,91,1,0,39.2853852,-80.37919577,54033.0,135.30391340549542,1.0989010989010992,90,84,1,0,83,79,67554,7,0,0,7,5
2020-07-08,US,West Virginia,Jackson,148,18,0,38.84263974,-81.68148753,54035.0,517.9171332586786,12.162162162162161,130,145,18,0,127,145,28706,3,0,0,3,0
2020-07-08,US,West Virginia,Jefferson,249,4,0,39.30776166,-77.86014147,54037.0,435.7260350680712,1.606425702811245,245,249,4,0,245,245,56811,0,0,0,0,4
2020-07-08,US,West Virginia,Kanawha,376,20,0,38.33860077,-81.52857054,54039.0,211.08890435876134,5.319148936170213,356,360,20,0,340,355,180454,16,0,0,16,5
2020-07-08,US,West Virginia,Lewis,20,2,0,38.9947249,-80.49988181,54041.0,125.73081033507259,10.0,18,20,2,0,18,20,16024,0,0,0,0,0
2020-07-08,US,West Virginia,Lincoln,10,0,0,38.172154,-82.07017953,54043.0,48.997991082365616,0.0,10,9,0,0,9,9,20599,1,0,0,1,0
2020-07-08,US,West Virginia,Logan,30,1,0,37.8299889,-81.93528571,54045.0,93.69436896842501,3.333333333333333,29,28,1,0,27,26,32607,2,0,0,2,2
2020-07-08,US,West Virginia,Marion,95,2,0,39.50984542,-80.24244659,54049.0,169.4250249678984,2.1052631578947367,93,90,2,0,88,88,56097,5,0,0,5,2
2020-07-08,US,West Virginia,Marshall,49,0,0,39.86064362,-80.66591062,54051.0,160.49261406439356,0.0,49,45,0,0,45,44,30785,4,0,0,4,1
2020-07-08,US,West Virginia,Mason,21,0,0,38.77071799,-82.02524219,54053.0,79.19746568109821,0.0,21,21,0,0,21,21,26718,0,0,0,0,0
2020-07-08,US,West Virginia,McDowell,6,0,0,37.38002939,-81.65083669,54047.0,34.04448479346346,0.0,6,6,0,0,6,6,18223,0,0,0,0,0
2020-07-08,US,West Virginia,Mercer,59,0,0,37.40481169,-81.11023142,54055.0,100.41185881071512,0.0,59,57,0,0,57,57,59131,2,0,0,2,0
2020-07-08,US,West Virginia,Mineral,61,3,0,39.41561583,-78.94104895,54057.0,227.03587911269912,4.918032786885246,58,58,3,0,55,58,26940,3,0,0,3,0
2020-07-08,US,West Virginia,Mingo,26,2,0,37.73048351,-82.13338365,54059.0,110.99726775956283,7.6923076923076925,24,22,2,0,20,23,23785,4,0,0,4,-1
2020-07-08,US,West Virginia,Monongalia,395,5,0,39.63218457,-80.04766838,54061.0,374.0105291065409,1.2658227848101269,390,309,5,0,304,299,106420,86,0,0,86,10
2020-07-08,US,West Virginia,Monroe,15,0,0,37.56274716,-80.54577965,54063.0,112.99435028248587,0.0,15,15,0,0,15,16,13280,0,0,0,0,-1
2020-07-08,US,West Virginia,Morgan,20,0,0,39.55439028,-78.26311676,54065.0,111.83180496533214,0.0,20,20,0,0,20,20,17787,0,0,0,0,0
2020-07-08,US,West Virginia,Nicholas,15,1,0,38.29617706,-80.79759588,54067.0,61.234487263226654,6.666666666666668,14,15,1,0,14,15,24842,0,0,0,0,0
2020-07-08,US,West Virginia,Ohio,113,1,0,40.0955451,-80.62203992,54069.0,272.8743570548888,0.8849557522123894,112,110,1,0,109,110,41755,3,0,0,3,0
2020-07-08,US,West Virginia,Pendleton,14,1,0,38.68314479,-79.35084086,54071.0,200.8896541828096,7.142857142857142,13,14,1,0,13,14,6997,0,0,0,0,0
2020-07-08,US,West Virginia,Pleasants,5,0,0,39.37091679,-81.16771771,54073.0,67.02412868632706,0.0,5,5,0,0,5,5,7507,0,0,0,0,0
2020-07-08,US,West Virginia,Pocahontas,37,0,0,38.32758728,-80.00993811,54075.0,448.64799320965204,0.0,37,37,0,0,37,31,8414,0,0,0,0,6
2020-07-08,US,West Virginia,Preston,91,2,0,39.46770987,-79.66712803,54077.0,272.19430485762143,2.1978021978021984,89,89,2,0,87,89,33839,2,0,0,2,0
2020-07-08,US,West Virginia,Putnam,75,0,0,38.50782345,-81.9082131,54079.0,132.86093888396812,0.0,75,70,0,0,70,69,56682,5,0,0,5,1
2020-07-08,US,West Virginia,Raleigh,65,0,0,37.76936795,-81.2456041,54081.0,88.6029361649923,0.0,65,65,0,0,65,63,74254,0,0,0,0,2
2020-07-08,US,West Virginia,Randolph,172,0,0,38.769899,-79.87919615,54083.0,599.4075622930824,0.0,172,171,0,0,171,171,28823,1,0,0,1,0
2020-07-08,US,West Virginia,Ritchie,2,0,0,39.18094587,-81.06356878,54085.0,20.933640360058615,0.0,2,2,0,0,2,2,9721,0,0,0,0,0
2020-07-08,US,West Virginia,Roane,11,1,0,38.71622686,-81.35243568,54087.0,80.3623611922852,9.090909090909092,10,11,1,0,10,11,13932,0,0,0,0,0
2020-07-08,US,West Virginia,Summers,2,0,0,37.65390597,-80.86009693,54089.0,15.90710252127575,0.0,2,2,0,0,2,2,12760,0,0,0,0,0
2020-07-08,US,West Virginia,Taylor,19,0,0,39.33602617,-80.0421439,54091.0,113.80652890086851,0.0,19,18,0,0,18,17,16862,1,0,0,1,1
2020-07-08,US,West Virginia,Tucker,6,0,0,39.11240885,-79.57053576,54093.0,87.73212457961691,0.0,6,6,0,0,6,6,6955,0,0,0,0,0
2020-07-08,US,West Virginia,Tyler,7,0,0,39.46811972,-80.88772676,54095.0,81.4806192527063,0.0,7,5,0,0,5,5,8746,2,0,0,2,0
2020-07-08,US,West Virginia,Upshur,22,0,0,38.89285061,-80.23689136,54097.0,90.99933818663138,0.0,22,22,0,0,22,21,24415,0,0,0,0,1
2020-07-08,US,West Virginia,Wayne,120,9,0,38.14901357,-82.42287994,54099.0,304.5530683721638,7.5,111,120,9,0,111,120,39944,0,0,0,0,0
2020-07-08,US,West Virginia,Webster,1,0,0,38.49370949,-80.4202023,54101.0,12.324377618930244,0.0,1,1,0,0,1,1,8285,0,0,0,0,0
2020-07-08,US,West Virginia,Wetzel,25,0,0,39.6065771,-80.64016540000001,54103.0,165.94756057085962,0.0,25,18,0,0,18,18,15270,7,0,0,7,0
2020-07-08,US,West Virginia,Wirt,5,0,0,39.02775007,-81.37473928,54105.0,85.89589417625837,0.0,5,5,0,0,5,5,5830,0,0,0,0,0
2020-07-08,US,West Virginia,Wood,157,2,0,39.20967886,-81.5162836,54107.0,187.9834287219521,1.2738853503184713,155,136,2,0,134,132,84203,21,0,0,21,4
2020-07-08,US,West Virginia,Wyoming,7,0,0,37.612327,-81.54511071,54109.0,34.32382073158772,0.0,7,7,0,0,7,7,20786,0,0,0,0,0
2020-07-08,US,Wisconsin,Adams,35,2,0,43.96974651,-89.76782777,55001.0,173.09594460929767,5.7142857142857135,33,33,2,0,31,33,20348,2,0,0,2,0
2020-07-08,US,Wisconsin,Ashland,3,0,0,46.31956891,-90.67837132,55003.0,19.27772779848349,0.0,3,3,0,0,3,3,15600,0,0,0,0,0
2020-07-08,US,Wisconsin,Barron,37,1,0,45.42372701,-91.84833627,55005.0,81.77879939881532,2.702702702702702,36,36,1,0,35,36,45164,1,0,0,1,0
2020-07-08,US,Wisconsin,Bayfield,4,1,0,46.52868768,-91.19716729,55007.0,26.60281989890929,25.0,3,4,1,0,3,3,15042,0,0,0,0,1
2020-07-08,US,Wisconsin,Brown,3087,42,0,44.452655299999996,-88.00411844,55009.0,1166.9224546574835,1.3605442176870748,3045,3072,42,0,3030,3049,263378,15,0,0,15,23
2020-07-08,US,Wisconsin,Buffalo,10,2,0,44.37835084,-91.75332578,55011.0,76.74008134448624,20.0,8,9,2,0,7,8,13125,1,0,0,1,1
2020-07-08,US,Wisconsin,Burnett,5,1,0,45.86303537,-92.36711412,55013.0,32.4380433372259,20.0,4,5,1,0,4,4,15392,0,0,0,0,1
2020-07-08,US,Wisconsin,Calumet,127,2,0,44.0816316,-88.21780273,55015.0,253.5486833436483,1.5748031496062993,125,125,2,0,123,119,50159,2,0,0,2,6
2020-07-08,US,Wisconsin,Chippewa,124,0,0,45.06939744,-91.28068855,55017.0,191.77827956324043,0.0,124,118,0,0,118,105,64135,6,0,0,6,13
2020-07-08,US,Wisconsin,Clark,88,7,0,44.73483377,-90.61207486,55019.0,253.0626330016679,7.954545454545454,81,87,7,0,80,87,34709,1,0,0,1,0
2020-07-08,US,Wisconsin,Columbia,105,1,0,43.46492199,-89.33589004,55021.0,182.50712646874783,0.9523809523809524,104,104,1,0,103,101,57358,1,0,0,1,3
2020-07-08,US,Wisconsin,Crawford,44,0,0,43.23870316,-90.93073686,55023.0,272.7667224598599,0.0,44,41,0,0,41,41,16291,3,0,0,3,0
2020-07-08,US,Wisconsin,Dane,2587,32,0,43.06601594,-89.41733797,55025.0,473.20718133511366,1.236954000773096,2555,2510,32,0,2478,2457,542364,77,0,0,77,53
2020-07-08,US,Wisconsin,Dodge,488,5,0,43.41576662,-88.70928178,55027.0,555.5618802581996,1.024590163934426,483,487,5,0,482,484,87847,1,0,0,1,3
2020-07-08,US,Wisconsin,Door,50,3,0,44.95856458,-87.30002707,55029.0,180.7141824490386,6.0,47,49,3,0,46,45,27610,1,0,0,1,4
2020-07-08,US,Wisconsin,Douglas,47,0,0,46.43222285,-91.91595768,55031.0,108.92236384704522,0.0,47,46,0,0,46,41,43208,1,0,0,1,5
2020-07-08,US,Wisconsin,Dunn,48,0,0,44.94562799,-91.8962481,55033.0,105.80144595309471,0.0,48,47,0,0,47,46,45131,1,0,0,1,1
2020-07-08,US,Wisconsin,Eau Claire,307,1,0,44.726614,-91.28609183,55035.0,293.37002847696044,0.3257328990228013,306,300,1,0,299,290,104534,7,0,0,7,10
2020-07-08,US,Wisconsin,Florence,4,0,0,45.84963535,-88.39804137,55037.0,93.13154831199068,0.0,4,4,0,0,4,4,4321,0,0,0,0,0
2020-07-08,US,Wisconsin,Fond du Lac,347,6,0,43.75354908,-88.48885325,55039.0,335.58020560331903,1.7291066282420748,341,339,6,0,333,329,103066,8,0,0,8,10
2020-07-08,US,Wisconsin,Forest,41,3,0,45.66678019,-88.77084892,55041.0,455.3531763660595,7.317073170731707,38,40,3,0,37,39,8991,1,0,0,1,1
2020-07-08,US,Wisconsin,Grant,180,13,0,42.8671731,-90.7063218,55043.0,349.9290421664497,7.222222222222222,167,178,13,0,165,177,51554,2,0,0,2,1
2020-07-08,US,Wisconsin,Green,101,1,0,42.6794956,-89.60243287,55045.0,273.26839826839824,0.99009900990099,100,100,1,0,99,100,36929,1,0,0,1,0
2020-07-08,US,Wisconsin,Green Lake,41,0,0,43.80025981,-89.04679553,55047.0,216.7821075450748,0.0,41,40,0,0,40,40,18918,1,0,0,1,0
2020-07-08,US,Wisconsin,Iowa,38,0,0,43.00050278,-90.13469017,55049.0,160.48652757834273,0.0,38,38,0,0,38,37,23771,0,0,0,0,1
2020-07-08,US,Wisconsin,Iron,8,1,0,46.26302338,-90.24295041,55051.0,140.6717074028486,12.5,7,8,1,0,7,8,5676,0,0,0,0,0
2020-07-08,US,Wisconsin,Jackson,31,1,0,44.31864893,-90.80566792,55053.0,150.17197112822745,3.2258064516129035,30,31,1,0,30,27,20478,0,0,0,0,4
2020-07-08,US,Wisconsin,Jefferson,303,4,0,43.02054068,-88.77529134,55055.0,357.4419894065046,1.32013201320132,299,292,4,0,288,291,85129,11,0,0,11,1
2020-07-08,US,Wisconsin,Juneau,44,1,0,43.92456975,-90.11120239,55057.0,164.8742833589388,2.272727272727273,43,43,1,0,42,43,26617,1,0,0,1,0
2020-07-08,US,Wisconsin,Kenosha,1628,44,0,42.57639354,-88.04051686,55059.0,960.1264441705343,2.702702702702702,1584,1610,44,0,1566,1592,169290,18,0,0,18,18
2020-07-08,US,Wisconsin,Kewaunee,67,1,0,44.51727459,-87.61468386,55061.0,327.8848977194871,1.492537313432836,66,64,1,0,63,64,20383,3,0,0,3,0
2020-07-08,US,Wisconsin,La Crosse,540,0,0,43.90632465,-91.11451093,55063.0,457.5650759219089,0.0,540,524,0,0,524,519,118230,16,0,0,16,5
2020-07-08,US,Wisconsin,Lafayette,76,0,0,42.66005229,-90.1317729,55065.0,456.04560456045607,0.0,76,76,0,0,76,76,16665,0,0,0,0,0
2020-07-08,US,Wisconsin,Langlade,11,1,0,45.26271619,-89.07483625,55067.0,57.32450883318568,9.090909090909092,10,11,0,0,11,11,19268,0,1,0,-1,0
2020-07-08,US,Wisconsin,Lincoln,18,0,0,45.33737523,-89.73411273,55069.0,65.23393614322471,0.0,18,17,0,0,17,15,27689,1,0,0,1,2
2020-07-08,US,Wisconsin,Manitowoc,128,1,0,44.11946801,-87.80928853,55071.0,162.06429394411313,0.78125,127,122,1,0,121,116,79074,6,0,0,6,6
2020-07-08,US,Wisconsin,Marathon,233,1,0,44.89792533,-89.75863384,55073.0,171.71240751112813,0.4291845493562232,232,226,1,0,225,225,135428,7,0,0,7,1
2020-07-08,US,Wisconsin,Marinette,73,3,0,45.38553432,-88.03324599999998,55075.0,180.9169764560099,4.109589041095891,70,71,3,0,68,68,40434,2,0,0,2,3
2020-07-08,US,Wisconsin,Marquette,35,1,0,43.81911946,-89.40073763,55077.0,224.73353024271225,2.8571428571428568,34,31,1,0,30,24,15434,4,0,0,4,7
2020-07-08,US,Wisconsin,Menominee,9,0,0,45.00422544,-88.70950714,55078.0,197.5417032484636,0.0,9,7,0,0,7,7,4658,2,0,0,2,0
2020-07-08,US,Wisconsin,Milwaukee,12728,397,0,43.00486062,-87.96733172,55079.0,1345.8443566106885,3.119107479572596,12331,12539,398,0,12141,12396,948201,189,-1,0,190,143
2020-07-08,US,Wisconsin,Monroe,103,1,0,43.94641218,-90.61881899999999,55081.0,222.68825805893675,0.9708737864077671,102,90,1,0,89,88,46051,13,0,0,13,2
2020-07-08,US,Wisconsin,Oconto,69,0,0,45.02715345,-88.26807503,55083.0,181.9140522014237,0.0,69,69,0,0,69,67,37830,0,0,0,0,2
2020-07-08,US,Wisconsin,Oneida,22,0,0,45.70677897,-89.51944105,55085.0,61.806433487849425,0.0,22,21,0,0,21,20,35470,1,0,0,1,1
2020-07-08,US,Wisconsin,Outagamie,581,9,0,44.41578887,-88.46565023,55087.0,309.2317108869788,1.5490533562822721,572,577,9,0,568,552,187365,4,0,0,4,25
2020-07-08,US,Wisconsin,Ozaukee,275,15,0,43.38352225,-87.94625009,55089.0,308.22340032055234,5.454545454545454,260,273,15,0,258,263,89147,2,0,0,2,10
2020-07-08,US,Wisconsin,Pepin,2,0,0,44.58307413,-91.99949611,55091.0,27.446136956223413,0.0,2,1,0,0,1,1,7289,1,0,0,1,0
2020-07-08,US,Wisconsin,Pierce,80,0,0,44.71850291,-92.4224416,55093.0,187.1169949010619,0.0,80,77,0,0,77,76,42555,3,0,0,3,1
2020-07-08,US,Wisconsin,Polk,63,2,0,45.46130348,-92.44182875,55095.0,143.89146472375126,3.1746031746031744,61,61,2,0,59,60,43598,2,0,0,2,1
2020-07-08,US,Wisconsin,Portage,204,0,0,44.47558711,-89.50152965,55097.0,288.24959023342564,0.0,204,200,0,0,200,196,70942,4,0,0,4,4
2020-07-08,US,Wisconsin,Price,2,0,0,45.68051754,-90.36098879999999,55099.0,14.980151299528124,0.0,2,2,0,0,2,2,13397,0,0,0,0,0
2020-07-08,US,Wisconsin,Racine,2272,65,0,42.74753117,-88.05941254,55101.0,1157.3472704025755,2.8609154929577465,2207,2253,65,0,2188,2218,196584,19,0,0,19,35
2020-07-08,US,Wisconsin,Richland,15,4,0,43.3762778,-90.43012729,55103.0,86.94644099234871,26.66666666666667,11,15,4,0,11,15,17377,0,0,0,0,0
2020-07-08,US,Wisconsin,Rock,964,24,0,42.67151616,-89.07147900000002,55105.0,590.1294121968241,2.489626556016597,940,947,24,0,923,940,163129,17,0,0,17,7
2020-07-08,US,Wisconsin,Rusk,11,1,0,45.47498854,-91.1333012,55107.0,77.58499083086474,9.090909090909092,10,11,1,0,10,11,14147,0,0,0,0,0
2020-07-08,US,Wisconsin,Sauk,130,3,0,43.42574087,-89.94966132,55111.0,201.73178982651055,2.3076923076923075,127,123,3,0,120,123,64249,7,0,0,7,0
2020-07-08,US,Wisconsin,Sawyer,14,0,0,45.87931905,-91.14504927,55113.0,84.55127430849136,0.0,14,13,0,0,13,12,16489,1,0,0,1,1
2020-07-08,US,Wisconsin,Shawano,87,0,0,44.78902246,-88.76443896,55115.0,212.71913738722213,0.0,87,86,0,0,86,86,40796,1,0,0,1,0
2020-07-08,US,Wisconsin,Sheboygan,255,4,0,43.72099677,-87.94579284,55117.0,221.08548638807002,1.568627450980392,251,245,4,0,241,236,115456,10,0,0,10,9
2020-07-08,US,Wisconsin,St. Croix,238,1,0,45.03437474,-92.45000068,55109.0,262.4411437140935,0.4201680672268908,237,231,1,0,230,218,89694,7,0,0,7,13
2020-07-08,US,Wisconsin,Taylor,17,0,0,45.21179252,-90.5004405,55119.0,83.56682888462863,0.0,17,16,0,0,16,15,20412,1,0,0,1,1
2020-07-08,US,Wisconsin,Trempealeau,158,0,0,44.30360275,-91.35893614,55121.0,532.9016155688219,0.0,158,140,0,0,140,137,29442,18,0,0,18,3
2020-07-08,US,Wisconsin,Vernon,39,0,0,43.59422667,-90.8324691,55123.0,126.5329959120109,0.0,39,38,0,0,38,38,30785,1,0,0,1,0
2020-07-08,US,Wisconsin,Vilas,14,0,0,46.05467334,-89.51719204,55125.0,63.077269655327775,0.0,14,14,0,0,14,11,21938,0,0,0,0,3
2020-07-08,US,Wisconsin,Walworth,713,18,0,42.66858202,-88.54163073,55127.0,686.4481842338353,2.524544179523142,695,701,18,0,683,691,103718,12,0,0,12,10
2020-07-08,US,Wisconsin,Washburn,5,0,0,45.89838588,-91.79050449,55129.0,31.806615776081422,0.0,5,5,0,0,5,4,15878,0,0,0,0,1
2020-07-08,US,Wisconsin,Washington,451,17,0,43.36863664,-88.22974712,55131.0,331.53476336798155,3.76940133037694,434,443,16,0,427,436,135693,8,1,0,7,7
2020-07-08,US,Wisconsin,Waukesha,1483,39,0,43.01833055,-88.30431188,55133.0,366.8993908925824,2.6298044504383005,1444,1429,39,0,1390,1412,403072,54,0,0,54,17
2020-07-08,US,Wisconsin,Waupaca,152,11,0,44.47068056,-88.96534501,55135.0,298.0976662090606,7.236842105263157,141,145,10,0,135,139,51128,7,1,0,6,6
2020-07-08,US,Wisconsin,Waushara,36,0,0,44.11324419,-89.24317107,55137.0,147.2814302663339,0.0,36,34,0,0,34,33,24263,2,0,0,2,1
2020-07-08,US,Wisconsin,Winnebago,726,13,0,44.06886922,-88.64477096,55139.0,422.32137143920835,1.7906336088154269,713,723,13,0,710,715,171020,3,0,0,3,8
2020-07-08,US,Wisconsin,Wood,93,1,0,44.45537896,-90.04158336,55141.0,127.39900546582831,1.075268817204301,92,86,1,0,85,86,73055,7,0,0,7,0
2020-07-08,US,Wyoming,Albany,45,0,0,41.65498705,-105.72354150000001,56001.0,115.74074074074076,0.0,45,43,0,0,43,38,38601,2,0,0,2,5
2020-07-08,US,Wyoming,Big Horn,25,0,0,44.52405055,-107.9960365,56003.0,212.04410517387606,0.0,25,24,0,0,24,23,11881,1,0,0,1,1
2020-07-08,US,Wyoming,Campbell,75,0,0,44.24886082,-105.54744040000001,56005.0,161.8437237003949,0.0,75,75,0,0,75,74,46140,0,0,0,0,1
2020-07-08,US,Wyoming,Carbon,29,0,0,41.69357844,-106.9326084,56007.0,195.945945945946,0.0,29,27,0,0,27,26,14971,2,0,0,2,1
2020-07-08,US,Wyoming,Converse,27,0,0,42.97272268,-105.5081848,56009.0,195.340761105484,0.0,27,27,0,0,27,27,13640,0,0,0,0,0
2020-07-08,US,Wyoming,Crook,7,0,0,44.58855102,-104.56977049999999,56011.0,92.2995780590717,0.0,7,7,0,0,7,7,7450,0,0,0,0,0
2020-07-08,US,Wyoming,Fremont,373,0,0,43.04183996,-108.6296893,56013.0,950.0522146659532,0.0,373,370,0,0,370,370,39531,3,0,0,3,0
2020-07-08,US,Wyoming,Goshen,9,0,0,42.08798185,-104.3534743,56015.0,68.12504730906063,0.0,9,8,0,0,8,8,13376,1,0,0,1,0
2020-07-08,US,Wyoming,Hot Springs,12,0,0,43.71930657,-108.44231740000001,56017.0,271.92386131883075,0.0,12,12,0,0,12,12,4555,0,0,0,0,0
2020-07-08,US,Wyoming,Johnson,20,1,0,44.04057166,-106.58451740000001,56019.0,236.82652457075199,5.0,19,20,1,0,19,20,8460,0,0,0,0,0
2020-07-08,US,Wyoming,Laramie,302,0,0,41.30702520000001,-104.6887497,56021.0,303.5175879396985,0.0,302,298,0,0,298,292,98976,4,0,0,4,6
2020-07-08,US,Wyoming,Lincoln,37,0,0,42.26376367,-110.6563997,56023.0,186.58598083711547,0.0,37,37,0,0,37,36,19434,0,0,0,0,1
2020-07-08,US,Wyoming,Natrona,155,0,0,42.96180148,-106.79788500000001,56025.0,194.09451776904004,0.0,155,153,0,0,153,149,79115,2,0,0,2,4
2020-07-08,US,Wyoming,Niobrara,2,0,0,43.05607708,-104.47588959999999,56027.0,84.88964346349746,0.0,2,2,0,0,2,2,2388,0,0,0,0,0
2020-07-08,US,Wyoming,Park,76,0,0,44.52157546,-109.58528249999999,56029.0,260.32746454750975,0.0,76,70,0,0,70,66,29324,6,0,0,6,4
2020-07-08,US,Wyoming,Platte,4,0,0,42.13299116,-104.96633100000001,56031.0,47.658763255093525,0.0,4,4,0,0,4,4,8566,0,0,0,0,0
2020-07-08,US,Wyoming,Sheridan,27,0,0,44.79048913,-106.8862389,56033.0,88.56814826964079,0.0,27,27,0,0,27,27,30233,0,0,0,0,0
2020-07-08,US,Wyoming,Sublette,6,0,0,42.76558279,-109.91309220000001,56035.0,61.03143118706135,0.0,6,6,0,0,6,6,9813,0,0,0,0,0
2020-07-08,US,Wyoming,Sweetwater,124,0,0,41.65943896,-108.8827882,56037.0,292.84651536263374,0.0,124,122,0,0,122,113,43051,2,0,0,2,9
2020-07-08,US,Wyoming,Teton,149,0,0,43.93522482,-110.5890801,56039.0,635.0153426525742,0.0,149,146,0,0,146,145,23081,3,0,0,3,1
2020-07-08,US,Wyoming,Uinta,192,0,0,41.2878183,-110.54757820000002,56041.0,949.2732126965292,0.0,192,190,0,0,190,190,20299,2,0,0,2,0
2020-07-08,US,Wyoming,Unassigned,0,20,0,0.0,0.0,90056.0,0.0,0.0,-20,0,20,0,-20,0,,0,0,0,0,0
2020-07-08,US,Wyoming,Washakie,43,0,0,43.90451606,-107.68018700000002,56043.0,550.9288917360666,0.0,43,40,0,0,40,39,7885,3,0,0,3,1
2020-07-08,US,Wyoming,Weston,1,0,0,43.83961191,-104.56748809999999,56045.0,14.436263894903998,0.0,1,1,0,0,1,1,6967,0,0,0,0,0
