Date,Country/Region,Province/State,Admin2,Confirmed,Deaths,Recovered,Latitude,Longitude,FIPS,Incidence_Rate,Case-Fatality_Ratio,Active Cases,Previous Confirmed,Previous Deaths,Previous Recovered,Previous Active,Prev2 Confirmed,Population,Daily Confirmed,Daily Deaths,Daily Recovered,Daily Active,Previous Daily Confirmed
2020-09-09,US,Alabama,Autauga,1398,23,0,32.53952745,-86.64408227,1001.0,2502.282124254953,1.6452074391988556,1375,1385,23,0,1362,1383,55601,13,0,0,13,2
2020-09-09,US,Alabama,Baldwin,4639,42,0,30.72774991,-87.72207058,1003.0,2078.088463226928,0.9053675361069196,4597,4609,42,0,4567,4586,218022,30,0,0,30,23
2020-09-09,US,Alabama,Barbour,618,7,0,31.868263,-85.3871286,1005.0,2503.443247184639,1.132686084142395,611,617,7,0,610,617,24881,1,0,0,1,0
2020-09-09,US,Alabama,Bibb,564,6,0,32.99642064,-87.12511459999996,1007.0,2518.531749575779,1.0638297872340423,558,562,6,0,556,557,22400,2,0,0,2,5
2020-09-09,US,Alabama,Blount,1082,12,0,33.98210918,-86.56790593,1009.0,1871.130633279148,1.1090573012939002,1070,1071,12,0,1059,1070,57840,11,0,0,11,1
2020-09-09,US,Alabama,Bullock,548,13,0,32.10030533,-85.71265535,1011.0,5425.205425205425,2.372262773722628,535,545,13,0,532,545,10138,3,0,0,3,0
2020-09-09,US,Alabama,Butler,862,37,0,31.75300095,-86.68057478,1013.0,4432.332373508844,4.292343387470997,825,859,37,0,822,859,19680,3,0,0,3,0
2020-09-09,US,Alabama,Calhoun,2615,31,0,33.77483727,-85.82630386,1015.0,2301.8353065446067,1.1854684512428295,2584,2602,31,0,2571,2593,114277,13,0,0,13,9
2020-09-09,US,Alabama,Chambers,858,40,0,32.91360079,-85.39072749,1017.0,2580.140734949179,4.662004662004662,818,857,40,0,817,857,33615,1,0,0,1,0
2020-09-09,US,Alabama,Cherokee,371,11,0,34.17805983,-85.60638968,1019.0,1416.246755229806,2.964959568733154,360,367,11,0,356,367,26032,4,0,0,4,0
2020-09-09,US,Alabama,Chilton,1176,12,0,32.85044126,-86.7173256,1021.0,2646.979382371477,1.020408163265306,1164,1172,12,0,1160,1168,44153,4,0,0,4,4
2020-09-09,US,Alabama,Choctaw,326,12,0,32.02227341,-88.26564429999998,1023.0,2589.562316307888,3.6809815950920246,314,325,12,0,313,325,12841,1,0,0,1,0
2020-09-09,US,Alabama,Clarke,933,13,0,31.68099859,-87.83548597,1025.0,3949.707899415799,1.3933547695605573,920,932,13,0,919,930,23920,1,0,0,1,2
2020-09-09,US,Alabama,Clay,413,6,0,33.26984193,-85.85836077,1027.0,3120.5137891953154,1.452784503631961,407,402,6,0,396,401,13275,11,0,0,11,1
2020-09-09,US,Alabama,Cleburne,244,5,0,33.67679204,-85.52005899,1029.0,1636.485580147552,2.0491803278688523,239,239,5,0,234,239,14987,5,0,0,5,0
2020-09-09,US,Alabama,Coffee,1012,5,0,31.39932826,-85.98901039,1031.0,1933.437774636048,0.4940711462450593,1007,985,5,0,980,982,51909,27,0,0,27,3
2020-09-09,US,Alabama,Colbert,1492,22,0,34.69847452,-87.80168544,1033.0,2700.8924530692784,1.4745308310991958,1470,1486,22,0,1464,1480,54762,6,0,0,6,6
2020-09-09,US,Alabama,Conecuh,439,11,0,31.43401703,-86.99320044,1035.0,3638.021049142289,2.5056947608200457,428,438,11,0,427,437,12277,1,0,0,1,1
2020-09-09,US,Alabama,Coosa,112,3,0,32.93690146,-86.24847739,1037.0,1050.3610616149301,2.6785714285714284,109,111,3,0,108,110,10715,1,0,0,1,1
2020-09-09,US,Alabama,Covington,821,25,0,31.247785399999998,-86.45050893,1039.0,2215.9842370914193,3.0450669914738118,796,818,25,0,793,817,36986,3,0,0,3,1
2020-09-09,US,Alabama,Crenshaw,410,32,0,31.72941803,-86.31593104,1041.0,2977.054893987801,7.804878048780488,378,405,31,0,374,401,13824,5,1,0,4,4
2020-09-09,US,Alabama,Cullman,1494,15,0,34.13020303,-86.86888037,1043.0,1783.4972781969248,1.0040160642570282,1479,1483,15,0,1468,1480,83442,11,0,0,11,3
2020-09-09,US,Alabama,Dale,1058,42,0,31.43037123,-85.61095742,1045.0,2151.631009517612,3.9697542533081287,1016,1032,42,0,990,1030,48956,26,0,0,26,2
2020-09-09,US,Alabama,Dallas,1455,25,0,32.32688101,-87.10866709999998,1047.0,3911.710936659856,1.718213058419244,1430,1450,25,0,1425,1449,38310,5,0,0,5,1
2020-09-09,US,Alabama,DeKalb,2118,16,0,34.45946862,-85.80782906,1049.0,2961.699271461133,0.7554296506137866,2102,2114,16,0,2098,2111,71385,4,0,0,4,3
2020-09-09,US,Alabama,Elmore,2162,44,0,32.59785413,-86.14415284,1051.0,2662.266497555689,2.0351526364477337,2118,2145,44,0,2101,2124,81887,17,0,0,17,21
2020-09-09,US,Alabama,Escambia,1270,22,0,31.1256789,-87.15918694,1053.0,3466.819534299675,1.7322834645669292,1248,1262,22,0,1240,1257,36748,8,0,0,8,5
2020-09-09,US,Alabama,Etowah,2810,42,0,34.04567266,-86.04051873,1055.0,2747.682559549419,1.4946619217081851,2768,2784,42,0,2742,2774,102501,26,0,0,26,10
2020-09-09,US,Alabama,Fayette,321,6,0,33.72076938,-87.73886638,1057.0,1969.0835480309165,1.8691588785046729,315,320,6,0,314,316,16433,1,0,0,1,4
2020-09-09,US,Alabama,Franklin,1622,27,0,34.44235334,-87.84289505,1059.0,5171.864039283209,1.6646115906288532,1595,1601,27,0,1574,1600,31363,21,0,0,21,1
2020-09-09,US,Alabama,Geneva,402,3,0,31.09389027,-85.83572839,1061.0,1530.2044079022494,0.746268656716418,399,398,3,0,395,398,26314,4,0,0,4,0
2020-09-09,US,Alabama,Greene,282,14,0,32.85504247,-87.95684022,1063.0,3476.75995561583,4.964539007092198,268,282,14,0,268,282,8233,0,0,0,0,0
2020-09-09,US,Alabama,Hale,547,27,0,32.76039258,-87.63284988,1065.0,3733.533547198144,4.936014625228519,520,542,27,0,515,542,14726,5,0,0,5,0
2020-09-09,US,Alabama,Henry,347,3,0,31.51148016,-85.24267944,1067.0,2016.8555652426621,0.8645533141210374,344,346,3,0,343,345,17209,1,0,0,1,1
2020-09-09,US,Alabama,Houston,1938,15,0,31.15197924,-85.29939599,1069.0,1830.3394344647816,0.7739938080495357,1923,1925,15,0,1910,1923,104722,13,0,0,13,2
2020-09-09,US,Alabama,Jackson,1330,7,0,34.78144169,-85.99750489,1071.0,2576.221283849224,0.5263157894736842,1323,1325,7,0,1318,1321,51736,5,0,0,5,4
2020-09-09,US,Alabama,Jefferson,16883,305,0,33.55554728,-86.89506300000002,1073.0,2563.5730587193825,1.8065509684297811,16578,16789,305,0,16484,16703,659300,94,0,0,94,86
2020-09-09,US,Alabama,Lamar,282,2,0,33.77995024,-88.09668032,1075.0,2042.7381383556688,0.7092198581560284,280,282,2,0,280,282,13844,0,0,0,0,0
2020-09-09,US,Alabama,Lauderdale,1490,25,0,34.90171875,-87.65624729,1077.0,1606.8328138985644,1.6778523489932886,1465,1485,25,0,1460,1479,92387,5,0,0,5,6
2020-09-09,US,Alabama,Lawrence,510,7,0,34.52041498,-87.31069453,1079.0,1549.0219900376624,1.3725490196078431,503,506,5,0,501,505,32957,4,2,0,2,1
2020-09-09,US,Alabama,Lee,3553,49,0,32.60154883,-85.35132246,1081.0,2159.3271018949567,1.3791162397973544,3504,3529,49,0,3480,3511,163941,24,0,0,24,18
2020-09-09,US,Alabama,Limestone,1725,18,0,34.81185586,-86.98310072,1083.0,1743.921548804529,1.0434782608695652,1707,1715,18,0,1697,1706,96174,10,0,0,10,9
2020-09-09,US,Alabama,Lowndes,604,25,0,32.1597283,-86.65158371,1085.0,6210.158338474193,4.139072847682119,579,604,25,0,579,604,9974,0,0,0,0,0
2020-09-09,US,Alabama,Macon,414,17,0,32.38759944,-85.69267724,1087.0,2291.3438122647776,4.106280193236715,397,413,17,0,396,412,18439,1,0,0,1,1
2020-09-09,US,Alabama,Madison,6649,57,0,34.76327133,-86.55069633,1089.0,1783.0087233078311,0.8572717701910062,6592,6631,57,0,6574,6592,366519,18,0,0,18,39
2020-09-09,US,Alabama,Marengo,647,18,0,32.24767634,-87.78796182,1091.0,3429.9952287547053,2.7820710973724885,629,647,18,0,629,645,19066,0,0,0,0,2
2020-09-09,US,Alabama,Marion,761,27,0,34.13697363,-87.88704173,1093.0,2561.5133461240703,3.5479632063074904,734,754,27,0,727,749,29763,7,0,0,7,5
2020-09-09,US,Alabama,Marshall,3519,41,0,34.36975964,-86.30486727,1095.0,3636.307272614545,1.1651037226484795,3478,3515,41,0,3474,3510,96109,4,0,0,4,5
2020-09-09,US,Alabama,Mobile,12364,270,0,30.78472347,-88.20842409,1097.0,2992.183151424216,2.183759301197024,12094,12312,266,0,12046,12289,413757,52,4,0,48,23
2020-09-09,US,Alabama,Monroe,438,6,0,31.56729412,-87.36995001,1099.0,2112.5741571407902,1.3698630136986298,432,438,6,0,432,437,21067,0,0,0,0,1
2020-09-09,US,Alabama,Montgomery,7985,163,0,32.2206831,-86.20969272,1101.0,3525.604231608135,2.041327489041953,7822,7963,163,0,7800,7956,225763,22,0,0,22,7
2020-09-09,US,Alabama,Morgan,2914,22,0,34.45500589,-86.85475946,1103.0,2434.8465478488292,0.7549759780370625,2892,2896,22,0,2874,2891,119089,18,0,0,18,5
2020-09-09,US,Alabama,Perry,484,5,0,32.64048341,-87.29770589,1105.0,5424.184691247338,1.033057851239669,479,483,5,0,478,483,9140,1,0,0,1,0
2020-09-09,US,Alabama,Pickens,551,11,0,33.28094866,-88.08818103,1107.0,2764.676367285499,1.996370235934664,540,545,11,0,534,544,19938,6,0,0,6,1
2020-09-09,US,Alabama,Pike,857,7,0,31.80396383,-85.9408295,1109.0,2588.029232348856,0.8168028004667445,850,853,7,0,846,851,33338,4,0,0,4,2
2020-09-09,US,Alabama,Randolph,494,11,0,33.29526734,-85.45708831,1111.0,2174.1043922189947,2.2267206477732797,483,494,11,0,483,494,22725,0,0,0,0,0
2020-09-09,US,Alabama,Russell,1568,2,0,32.28725256,-85.18415324,1113.0,2705.267334932109,0.12755102040816327,1566,1567,2,0,1565,1565,57781,1,0,0,1,2
2020-09-09,US,Alabama,Shelby,4441,40,0,33.26879845,-86.66232561,1117.0,2039.944511304444,0.9006980409817609,4401,4388,40,0,4348,4345,215707,53,0,0,53,43
2020-09-09,US,Alabama,St. Clair,1744,31,0,33.71902176,-86.31029372,1115.0,1948.342121726696,1.7775229357798166,1713,1728,31,0,1697,1720,88690,16,0,0,16,8
2020-09-09,US,Alabama,Sumter,404,19,0,32.59117397,-88.19916205,1119.0,3250.9857568198277,4.702970297029704,385,403,19,0,384,403,12691,1,0,0,1,0
2020-09-09,US,Alabama,Talladega,1319,21,0,33.37823223,-86.16886178,1121.0,1649.2035309710172,1.592115238817286,1298,1317,21,0,1296,1312,79828,2,0,0,2,5
2020-09-09,US,Alabama,Tallapoosa,943,82,0,32.86698258,-85.79833053,1123.0,2336.0665890455075,8.695652173913043,861,942,82,0,860,942,40497,1,0,0,1,0
2020-09-09,US,Alabama,Tuscaloosa,5395,94,0,33.28726072,-87.52556818,1125.0,2576.962575529603,1.7423540315106583,5301,5365,94,0,5271,5352,208911,30,0,0,30,13
2020-09-09,US,Alabama,Unassigned,11837,124,0,0.0,0.0,90001.0,0.0,1.047562727042325,11713,11727,124,0,11603,11499,,110,0,0,110,228
2020-09-09,US,Alabama,Walker,1975,74,0,33.80270512,-87.30027177,1127.0,3109.2079784638145,3.746835443037975,1901,1958,74,0,1884,1958,63711,17,0,0,17,0
2020-09-09,US,Alabama,Washington,503,13,0,31.4092794,-88.20689944,1129.0,3080.97513169178,2.584493041749503,490,502,13,0,489,500,16378,1,0,0,1,2
2020-09-09,US,Alabama,Wilcox,477,11,0,31.98773215,-87.30891118,1131.0,4598.476814807674,2.3060796645702304,466,474,11,0,463,474,10627,3,0,0,3,0
2020-09-09,US,Alabama,Winston,598,12,0,34.15030532,-87.37325922,1133.0,2530.788437936434,2.0066889632107023,586,585,11,0,574,584,23660,13,1,0,12,1
2020-09-09,US,Alaska,Aleutians East,2,0,0,55.32222414,-161.9722021,2013.0,59.93407252022774,0.0,2,2,0,0,2,2,3515,0,0,0,0,0
2020-09-09,US,Alaska,Aleutians West,7,0,0,52.3233,-174.1596,2016.0,124.24565140220093,0.0,7,7,0,0,7,6,5723,0,0,0,0,1
2020-09-09,US,Alaska,Anchorage,3346,25,0,61.14998174,-149.14269860000005,2020.0,1161.8055555555557,0.7471607890017932,3321,3313,25,0,3288,3297,291538,33,0,0,33,16
2020-09-09,US,Alaska,Bethel,72,1,0,60.90980451,-159.8561831,2050.0,391.60230610246924,1.3888888888888888,71,71,1,0,70,71,18216,1,0,0,1,0
2020-09-09,US,Alaska,Bristol Bay,10,0,0,58.74513976,-156.701064,2060.0,1196.1722488038274,0.0,10,10,0,0,10,10,877,0,0,0,0,0
2020-09-09,US,Alaska,Denali,2,0,0,63.67264044,-150.0076108,2068.0,95.37434430138292,0.0,2,2,0,0,2,2,2059,0,0,0,0,0
2020-09-09,US,Alaska,Dillingham,5,0,0,59.79603738,-158.23819419999995,2070.0,101.70870626525631,0.0,5,5,0,0,5,5,5000,0,0,0,0,0
2020-09-09,US,Alaska,Fairbanks North Star,772,9,0,64.80726247,-146.5692662,2090.0,797.1171617672873,1.16580310880829,763,761,9,0,752,755,98971,11,0,0,11,6
2020-09-09,US,Alaska,Haines,4,0,0,59.09893571,-135.4679843,2100.0,158.10276679841897,0.0,4,4,0,0,4,4,2474,0,0,0,0,0
2020-09-09,US,Alaska,Juneau,210,1,0,58.45031811,-134.200436,2110.0,656.7836367048228,0.4761904761904762,209,197,1,0,196,194,32113,13,0,0,13,3
2020-09-09,US,Alaska,Kenai Peninsula,425,2,0,60.24429722,-151.53888840000005,2122.0,723.9217823805956,0.4705882352941176,423,423,2,0,421,422,58533,2,0,0,2,1
2020-09-09,US,Alaska,Ketchikan Gateway,47,0,0,55.57445008,-130.975561,2130.0,338.1051722897633,0.0,47,47,0,0,47,47,13918,0,0,0,0,0
2020-09-09,US,Alaska,Kodiak Island,18,0,0,57.65529415,-153.7493579,2150.0,138.4828435143868,0.0,18,18,0,0,18,18,13345,0,0,0,0,0
2020-09-09,US,Alaska,Kusilvak,8,0,0,62.15429159999999,-163.39678830000003,2158.0,96.22323791195574,0.0,8,8,0,0,8,8,8303,0,0,0,0,0
2020-09-09,US,Alaska,Matanuska-Susitna,514,2,0,62.31305045,-149.5741743,2170.0,474.5330834495047,0.3891050583657588,512,514,2,0,512,511,107610,0,0,0,0,3
2020-09-09,US,Alaska,Nome,47,0,0,64.90320724,-164.0353804,2180.0,469.81207516993203,0.0,47,46,0,0,46,46,10008,1,0,0,1,0
2020-09-09,US,Alaska,North Slope,55,0,0,69.31479216,-153.4836093,2185.0,559.3978844589096,0.0,55,54,0,0,54,52,9872,1,0,0,1,2
2020-09-09,US,Alaska,Northwest Arctic,72,0,0,67.04919196,-159.7503946,2188.0,944.757905786642,0.0,72,72,0,0,72,70,7671,0,0,0,0,2
2020-09-09,US,Alaska,Petersburg,7,1,0,57.13978948,-132.9540995,2195.0,214.32945499081444,14.285714285714285,6,7,1,0,6,7,3221,0,0,0,0,0
2020-09-09,US,Alaska,Prince of Wales-Hyder,29,0,0,55.76261984,-133.0511621,2198.0,467.5157182008706,0.0,29,28,0,0,28,28,6422,1,0,0,1,0
2020-09-09,US,Alaska,Sitka,39,0,0,57.24124555,-135.3206587,2220.0,459.20169551395264,0.0,39,39,0,0,39,38,8647,0,0,0,0,1
2020-09-09,US,Alaska,Southeast Fairbanks,19,0,0,63.87692095,-143.2127643,2240.0,275.6419556071377,0.0,19,19,0,0,19,19,6918,0,0,0,0,0
2020-09-09,US,Alaska,Unassigned,1,0,0,0.0,0.0,90002.0,0.0,0.0,1,1,0,0,1,1,,0,0,0,0,0
2020-09-09,US,Alaska,Valdez-Cordova,75,0,0,61.47502768,-144.7126799,2261.0,815.0402086502934,0.0,75,75,0,0,75,75,9164,0,0,0,0,0
2020-09-09,US,Alaska,Wrangell,12,0,0,56.3202004,-132.05837309999998,2275.0,479.61630695443637,0.0,12,12,0,0,12,12,2503,0,0,0,0,0
2020-09-09,US,Alaska,Yakutat,21,0,0,59.890980799999994,-140.36014509999998,2282.0,3626.943005181347,0.0,21,21,0,0,21,21,604,0,0,0,0,0
2020-09-09,US,Alaska,Yukon-Koyukuk,72,1,0,65.50815459,-151.39073869999999,2290.0,1376.6730401529635,1.3888888888888888,71,72,1,0,71,72,5327,0,0,0,0,0
2020-09-09,US,Arizona,Apache,3375,154,0,35.39465006,-109.4892383,4001.0,4694.868335025803,4.562962962962963,3221,3371,154,0,3217,3372,71818,4,0,0,4,-1
2020-09-09,US,Arizona,Cochise,1847,64,0,31.87934684,-109.7516088,4003.0,1466.7810231730755,3.4650785056848945,1783,1845,64,0,1781,1841,126770,2,0,0,2,4
2020-09-09,US,Arizona,Coconino,3409,130,0,35.83883429,-111.77071780000001,4005.0,2376.00713708216,3.813435024933998,3279,3397,128,0,3269,3394,142854,12,2,0,10,3
2020-09-09,US,Arizona,Gila,1148,51,0,33.80190085,-110.8132779,4007.0,2125.2175200858974,4.442508710801393,1097,1134,50,0,1084,1132,53889,14,1,0,13,2
2020-09-09,US,Arizona,Graham,766,24,0,32.93166885,-109.8882178,4009.0,1972.345958750676,3.133159268929504,742,765,23,0,742,766,38072,1,1,0,0,-1
2020-09-09,US,Arizona,Greenlee,58,1,0,33.21498827,-109.2405279,4011.0,610.6548747104654,1.7241379310344829,57,59,1,0,58,59,9483,-1,0,0,-1,0
2020-09-09,US,Arizona,La Paz,518,15,0,33.72854224,-113.98100290000001,4012.0,2454.045859389805,2.895752895752896,503,517,15,0,502,517,21098,1,0,0,1,0
2020-09-09,US,Arizona,Maricopa,136324,3116,0,33.34835867,-112.49181540000001,4013.0,3039.2735207942897,2.285731052492592,133208,136040,3093,0,132947,136004,4410824,284,23,0,261,36
2020-09-09,US,Arizona,Mohave,3769,215,0,35.70471703,-113.7577902,4015.0,1776.3136190328064,5.7044308835234805,3554,3757,214,0,3543,3762,209550,12,1,0,11,-5
2020-09-09,US,Arizona,Navajo,5661,225,0,35.3997715,-110.3218983,4017.0,5103.494284374888,3.97456279809221,5436,5657,223,0,5434,5659,110445,4,2,0,2,-2
2020-09-09,US,Arizona,Pima,22071,596,0,32.0971334,-111.7890033,4019.0,2107.4613355180427,2.7003760590820534,21475,22035,596,0,21439,22000,1039073,36,0,0,36,35
2020-09-09,US,Arizona,Pinal,10086,191,0,32.90525627,-111.3449483,4021.0,2179.3949294386857,1.8937140590918105,9895,9983,190,0,9793,9981,447138,103,1,0,102,2
2020-09-09,US,Arizona,Santa Cruz,2779,59,0,31.52508998,-110.8479088,4023.0,5976.601144135232,2.1230658510255487,2720,2776,59,0,2717,2775,46511,3,0,0,3,1
2020-09-09,US,Arizona,Unassigned,0,1,0,0.0,0.0,90004.0,0.0,0.0,-1,0,1,0,-1,0,,0,0,0,0,0
2020-09-09,US,Arizona,Yavapai,2386,79,0,34.59933926,-112.5538588,4025.0,1014.8915988583533,3.310980720871752,2307,2369,79,0,2290,2369,231993,17,0,0,17,0
2020-09-09,US,Arizona,Yuma,12344,330,0,32.76895712,-113.90666740000002,4027.0,5773.971289180352,2.6733635774465325,12014,12340,331,0,12009,12333,212128,4,-1,0,5,7
2020-09-09,US,Arkansas,Arkansas,301,4,0,34.29145151,-91.37277296,5001.0,1721.3771016813446,1.32890365448505,297,300,4,0,296,299,17769,1,0,0,1,1
2020-09-09,US,Arkansas,Ashley,393,7,0,33.19153461,-91.76984709999999,5003.0,1999.287785521697,1.7811704834605595,386,393,7,0,386,390,20046,0,0,0,0,3
2020-09-09,US,Arkansas,Baxter,163,1,0,36.28784385,-92.33782872,5005.0,388.72460173614417,0.6134969325153374,162,161,1,0,160,155,41619,2,0,0,2,6
2020-09-09,US,Arkansas,Benton,5687,60,0,36.33644656,-94.25680817,5007.0,2037.321640317976,1.0550378055213645,5627,5662,60,0,5602,5645,272608,25,0,0,25,17
2020-09-09,US,Arkansas,Boone,429,4,0,36.3084504,-93.09374925,5009.0,1146.078221842274,0.9324009324009324,425,422,4,0,418,414,37480,7,0,0,7,8
2020-09-09,US,Arkansas,Bradley,315,6,0,33.46755808,-92.15980837,5011.0,2926.6933011242218,1.9047619047619049,309,315,6,0,309,314,10897,0,0,0,0,1
2020-09-09,US,Arkansas,Calhoun,25,0,0,33.55598792,-92.49974403,5013.0,481.7883985353633,0.0,25,25,0,0,25,25,5277,0,0,0,0,0
2020-09-09,US,Arkansas,Carroll,515,8,0,36.34038560000001,-93.54270261,5015.0,1814.6582100070475,1.5533980582524272,507,506,8,0,498,503,28223,9,0,0,9,3
2020-09-09,US,Arkansas,Chicot,970,11,0,33.26458973,-91.29539209,5017.0,9586.874876457798,1.134020618556701,959,970,11,0,959,969,10438,0,0,0,0,1
2020-09-09,US,Arkansas,Clark,272,4,0,34.04613432,-93.17484713,5019.0,1218.6379928315414,1.4705882352941178,268,268,4,0,264,266,22061,4,0,0,4,2
2020-09-09,US,Arkansas,Clay,214,5,0,36.36826212,-90.4148172,5021.0,1470.6892997044877,2.336448598130841,209,214,5,0,209,211,14847,0,0,0,0,3
2020-09-09,US,Arkansas,Cleburne,271,7,0,35.53864922,-92.02640019,5023.0,1087.5235763874955,2.5830258302583027,264,270,7,0,263,270,24965,1,0,0,1,0
2020-09-09,US,Arkansas,Cleveland,143,7,0,33.89723187,-92.18537045,5025.0,1797.3856209150324,4.895104895104895,136,143,7,0,136,142,8018,0,0,0,0,1
2020-09-09,US,Arkansas,Columbia,321,16,0,33.21230701,-93.22642793,5027.0,1368.4614400818518,4.984423676012462,305,320,16,0,304,319,23537,1,0,0,1,1
2020-09-09,US,Arkansas,Conway,222,3,0,35.26205537,-92.70506566,5029.0,1064.9525088746043,1.351351351351351,219,222,3,0,219,220,20891,0,0,0,0,2
2020-09-09,US,Arkansas,Craighead,2178,16,0,35.83018283,-90.63235729,5031.0,1974.041982380452,0.7346189164370982,2162,2139,15,0,2124,2124,108558,39,1,0,38,15
2020-09-09,US,Arkansas,Crawford,1002,10,0,35.58928601,-94.2446814,5033.0,1584.014417376733,0.998003992015968,992,1000,10,0,990,993,63406,2,0,0,2,7
2020-09-09,US,Arkansas,Crittenden,1757,36,0,35.21247318,-90.30839406,5035.0,3663.8515274736733,2.0489470688673874,1721,1748,36,0,1712,1738,48342,9,0,0,9,10
2020-09-09,US,Arkansas,Cross,341,5,0,35.29631396,-90.77185818,5037.0,2076.8621718740483,1.4662756598240467,336,337,5,0,332,307,16676,4,0,0,4,30
2020-09-09,US,Arkansas,Dallas,139,2,0,33.97042763,-92.65167437,5039.0,1983.164502782137,1.4388489208633093,137,137,2,0,135,136,7182,2,0,0,2,1
2020-09-09,US,Arkansas,Desha,255,5,0,33.83011025,-91.25500948,5041.0,2244.5207288090837,1.96078431372549,250,254,5,0,249,253,11512,1,0,0,1,1
2020-09-09,US,Arkansas,Drew,322,5,0,33.59035001,-91.71777921,5043.0,1767.3856962511663,1.5527950310559009,317,322,5,0,317,321,18328,0,0,0,0,1
2020-09-09,US,Arkansas,Faulkner,1827,9,0,35.14719007,-92.33717519,5045.0,1449.9194489195045,0.4926108374384237,1818,1809,9,0,1800,1798,124806,18,0,0,18,11
2020-09-09,US,Arkansas,Franklin,193,2,0,35.51202821,-93.89299569,5047.0,1089.472198701665,1.0362694300518134,191,191,2,0,189,189,17810,2,0,0,2,2
2020-09-09,US,Arkansas,Fulton,87,1,0,36.38177105,-91.81729127,5049.0,697.2830007213272,1.1494252873563218,86,85,1,0,84,85,12269,2,0,0,2,0
2020-09-09,US,Arkansas,Garland,1552,34,0,34.57692074,-93.14921604,5051.0,1561.588151248667,2.1907216494845363,1518,1537,34,0,1503,1533,99154,15,0,0,15,4
2020-09-09,US,Arkansas,Grant,211,1,0,34.29017991,-92.42320562,5053.0,1155.2148918696962,0.4739336492890995,210,208,1,0,207,204,18188,3,0,0,3,4
2020-09-09,US,Arkansas,Greene,677,7,0,36.11735460000001,-90.55832668,5055.0,1493.6569222283508,1.03397341211226,670,674,6,0,668,672,45325,3,1,0,2,2
2020-09-09,US,Arkansas,Hempstead,337,3,0,33.73325583,-93.66935133,5057.0,1565.1123908601153,0.8902077151335311,334,337,3,0,334,335,21741,0,0,0,0,2
2020-09-09,US,Arkansas,Hot Spring,1759,23,0,34.31709259,-92.95396325,5059.0,5208.610938379084,1.3075611142694712,1736,1750,23,0,1727,1747,33701,9,0,0,9,3
2020-09-09,US,Arkansas,Howard,437,8,0,34.09007427,-93.9934871,5061.0,3310.104529616725,1.8306636155606408,429,437,8,0,429,437,13341,0,0,0,0,0
2020-09-09,US,Arkansas,Independence,837,12,0,35.74242707,-91.57001641,5063.0,2212.8222075346994,1.4336917562724014,825,823,12,0,811,816,37678,14,0,0,14,7
2020-09-09,US,Arkansas,Izard,114,0,0,36.09604046,-91.90847954,5065.0,836.4516839093111,0.0,114,112,0,0,112,111,13593,2,0,0,2,1
2020-09-09,US,Arkansas,Jackson,214,1,0,35.59802983,-91.21494602,5067.0,1279.9808600992885,0.4672897196261682,213,195,1,0,194,195,16811,19,0,0,19,0
2020-09-09,US,Arkansas,Jefferson,2338,53,0,34.26767081,-91.92619839,5069.0,3498.742966598826,2.266894781864842,2285,2314,53,0,2261,2304,68114,24,0,0,24,10
2020-09-09,US,Arkansas,Johnson,789,4,0,35.56759135,-93.46036368,5071.0,2968.620663706825,0.5069708491761724,785,789,4,0,785,787,26742,0,0,0,0,2
2020-09-09,US,Arkansas,Lafayette,77,2,0,33.24116713,-93.60677071,5073.0,1162.4396135265704,2.5974025974025974,75,76,2,0,74,76,6682,1,0,0,1,0
2020-09-09,US,Arkansas,Lawrence,275,11,0,36.04188196,-91.10867198,5075.0,1676.2160185298062,4.0,264,271,11,0,260,271,16434,4,0,0,4,0
2020-09-09,US,Arkansas,Lee,1015,11,0,34.78498904,-90.78383866,5077.0,11459.862255842836,1.083743842364532,1004,1014,11,0,1003,1013,8985,1,0,0,1,1
2020-09-09,US,Arkansas,Lincoln,1767,13,0,33.95317155,-91.74002806,5079.0,13567.260442260442,0.7357102433503112,1754,1767,13,0,1754,1762,13383,0,0,0,0,5
2020-09-09,US,Arkansas,Little River,311,18,0,33.70375665,-94.23468591,5081.0,2536.9116567419856,5.787781350482316,293,307,17,0,290,306,12326,4,1,0,3,1
2020-09-09,US,Arkansas,Logan,372,1,0,35.21413234,-93.71951016,5083.0,1732.973073697941,0.26881720430107525,371,370,1,0,369,370,21737,2,0,0,2,0
2020-09-09,US,Arkansas,Lonoke,804,5,0,34.75392199,-91.88742357,5085.0,1096.7275505053951,0.6218905472636815,799,796,5,0,791,785,73657,8,0,0,8,11
2020-09-09,US,Arkansas,Madison,310,2,0,36.01038185,-93.72524943,5087.0,1870.1737451737451,0.6451612903225806,308,310,2,0,308,310,16481,0,0,0,0,0
2020-09-09,US,Arkansas,Marion,57,0,0,36.26844485,-92.68451899,5089.0,341.4400383371272,0.0,57,53,0,0,53,52,16722,4,0,0,4,1
2020-09-09,US,Arkansas,Miller,673,10,0,33.31403423,-93.89285258,5091.0,1555.8175555401438,1.4858841010401191,663,670,10,0,660,662,43592,3,0,0,3,8
2020-09-09,US,Arkansas,Mississippi,1448,34,0,35.76271485,-90.05194370000002,5093.0,3562.027994391282,2.348066298342541,1414,1442,34,0,1408,1439,41239,6,0,0,6,3
2020-09-09,US,Arkansas,Monroe,101,0,0,34.6815935,-91.20540287,5095.0,1507.2377257125802,0.0,101,101,0,0,101,100,6900,0,0,0,0,1
2020-09-09,US,Arkansas,Montgomery,118,4,0,34.53704874,-93.65824478,5097.0,1313.1537947918985,3.3898305084745757,114,118,4,0,114,119,8924,0,0,0,0,-1
2020-09-09,US,Arkansas,Nevada,170,12,0,33.66340119,-93.30632432,5099.0,2060.1066408143483,7.0588235294117645,158,166,12,0,154,167,8326,4,0,0,4,-1
2020-09-09,US,Arkansas,Newton,150,15,0,35.91947491,-93.21612969,5101.0,1934.7349413130398,10.0,135,146,15,0,131,146,7805,4,0,0,4,0
2020-09-09,US,Arkansas,Ouachita,186,5,0,33.58839816,-92.87795984,5103.0,795.4837054144214,2.6881720430107525,181,184,5,0,179,184,23606,2,0,0,2,0
2020-09-09,US,Arkansas,Perry,65,0,0,34.945915299999996,-92.94372564,5105.0,621.712099473936,0.0,65,63,0,0,63,63,10352,2,0,0,2,0
2020-09-09,US,Arkansas,Phillips,424,10,0,34.43268455,-90.84800154,5107.0,2384.4336969969627,2.358490566037736,414,422,10,0,412,420,18029,2,0,0,2,2
2020-09-09,US,Arkansas,Pike,191,1,0,34.16250414,-93.65789349,5109.0,1782.0488897182308,0.5235602094240838,190,189,1,0,188,189,10673,2,0,0,2,0
2020-09-09,US,Arkansas,Poinsett,534,6,0,35.57433534,-90.66268713,5111.0,2269.6361781706896,1.1235955056179776,528,530,6,0,524,529,23974,4,0,0,4,1
2020-09-09,US,Arkansas,Polk,240,4,0,34.48254879,-94.22728802,5113.0,1202.1638950110198,1.6666666666666667,236,240,4,0,236,238,20049,0,0,0,0,2
2020-09-09,US,Arkansas,Pope,1896,21,0,35.44871474,-93.03212219,5115.0,2959.1709327007115,1.1075949367088609,1875,1886,20,0,1866,1881,64000,10,1,0,9,5
2020-09-09,US,Arkansas,Prairie,124,1,0,34.83624419,-91.55162157,5117.0,1538.079880922848,0.8064516129032258,123,122,1,0,121,121,8074,2,0,0,2,1
2020-09-09,US,Arkansas,Pulaski,7612,115,0,34.77054088,-92.31355101,5119.0,1942.277711010919,1.5107724645296898,7497,7566,114,0,7452,7543,392680,46,1,0,45,23
2020-09-09,US,Arkansas,Randolph,327,18,0,36.3415714,-91.02455531,5121.0,1820.915469428667,5.504587155963303,309,325,18,0,307,323,17948,2,0,0,2,2
2020-09-09,US,Arkansas,Saline,1712,15,0,34.64916145,-92.67583224,5125.0,1398.2701307611262,0.8761682242990654,1697,1701,15,0,1686,1690,121421,11,0,0,11,11
2020-09-09,US,Arkansas,Scott,90,0,0,34.85588887,-94.0632176,5127.0,875.4012255617157,0.0,90,90,0,0,90,90,10319,0,0,0,0,0
2020-09-09,US,Arkansas,Searcy,117,0,0,35.9109364,-92.69936482,5129.0,1484.5831747240195,0.0,117,115,0,0,115,115,7958,2,0,0,2,0
2020-09-09,US,Arkansas,Sebastian,3053,38,0,35.19605503,-94.27162713,5131.0,2388.384300656356,1.2446773665247295,3015,3042,38,0,3004,3030,127753,11,0,0,11,12
2020-09-09,US,Arkansas,Sevier,1174,16,0,33.99780401,-94.2424869,5133.0,6903.039924736872,1.3628620102214652,1158,1173,16,0,1157,1173,17139,1,0,0,1,0
2020-09-09,US,Arkansas,Sharp,155,6,0,36.16258158,-91.47819342,5135.0,888.6595573902075,3.870967741935484,149,157,5,0,152,156,17366,-2,1,0,-3,1
2020-09-09,US,Arkansas,St. Francis,1378,4,0,35.02201976,-90.74828138,5123.0,5513.323197567416,0.2902757619738752,1374,1377,4,0,1373,1373,25439,1,0,0,1,4
2020-09-09,US,Arkansas,Stone,255,4,0,35.86251946,-92.15684085,5137.0,2039.0212697905008,1.568627450980392,251,250,4,0,246,250,12457,5,0,0,5,0
2020-09-09,US,Arkansas,Unassigned,1157,0,0,0.0,0.0,90005.0,0.0,0.0,1157,1209,0,0,1209,1227,,-52,0,0,-52,-18
2020-09-09,US,Arkansas,Union,748,25,0,33.16887091,-92.59746952,5139.0,1933.715940230598,3.3422459893048133,723,740,22,0,718,731,39126,8,3,0,5,9
2020-09-09,US,Arkansas,Van Buren,148,2,0,35.58095779,-92.51295036,5141.0,894.530069507404,1.351351351351351,146,145,2,0,143,142,16603,3,0,0,3,3
2020-09-09,US,Arkansas,Washington,7769,80,0,35.976844,-94.21800746,5143.0,3248.08622542195,1.0297335564422705,7689,7703,80,0,7623,7666,236961,66,0,0,66,37
2020-09-09,US,Arkansas,White,576,14,0,35.25688493,-91.74908296,5145.0,731.4007085444364,2.430555555555556,562,576,12,0,564,571,78727,0,2,0,-2,5
2020-09-09,US,Arkansas,Woodruff,29,0,0,35.18902527,-91.2439489,5147.0,458.86075949367086,0.0,29,29,0,0,29,28,6490,0,0,0,0,1
2020-09-09,US,Arkansas,Yell,1191,25,0,35.00292371,-93.41171338,5149.0,5580.806897521204,2.0990764063811924,1166,1191,25,0,1166,1189,21535,0,0,0,0,2
2020-09-09,US,California,Alameda,19596,303,0,37.64629437,-121.8929271,6001.0,1172.4801041566325,1.5462339252908757,19293,19496,303,0,19193,19350,1666753,100,0,0,100,146
2020-09-09,US,California,Alpine,2,0,0,38.59678594,-119.82235940000001,6003.0,177.14791851195747,0.0,2,2,0,0,2,2,1101,0,0,0,0,0
2020-09-09,US,California,Amador,280,16,0,38.44583082,-120.65696000000001,6005.0,704.3670758703964,5.7142857142857135,264,280,16,0,264,280,39383,0,0,0,0,0
2020-09-09,US,California,Butte,2463,28,0,39.66727762,-121.6005252,6007.0,1123.7031562234815,1.1368250101502233,2435,2450,23,0,2427,2446,231256,13,5,0,8,4
2020-09-09,US,California,Calaveras,286,2,0,38.20537103,-120.55291299999999,6009.0,623.0258141814617,0.6993006993006993,284,273,2,0,271,273,45602,13,0,0,13,0
2020-09-09,US,California,Colusa,478,6,0,39.17881957,-122.2331726,6011.0,2218.4062746554046,1.2552301255230125,472,475,6,0,469,475,21627,3,0,0,3,0
2020-09-09,US,California,Contra Costa,14740,187,0,37.91923498,-121.9289527,6013.0,1277.8212194610264,1.2686567164179106,14553,14712,187,0,14525,14639,1150215,28,0,0,28,73
2020-09-09,US,California,Del Norte,124,1,0,41.74228275,-123.89740630000001,6015.0,445.850711922911,0.8064516129032258,123,124,1,0,123,124,27828,0,0,0,0,0
2020-09-09,US,California,El Dorado,1013,2,0,38.77965956,-120.5233166,6017.0,525.2977810965397,0.1974333662388944,1011,1011,2,0,1009,1008,190678,2,0,0,2,3
2020-09-09,US,California,Fresno,26640,326,0,36.75733899,-119.6466953,6019.0,2666.3970909847953,1.2237237237237235,26314,26565,326,0,26239,26471,994400,75,0,0,75,94
2020-09-09,US,California,Glenn,497,3,0,39.59875897,-122.3938452,6021.0,1750.4314443700912,0.6036217303822937,494,488,3,0,485,475,28047,9,0,0,9,13
2020-09-09,US,California,Humboldt,434,4,0,40.69923009,-123.876044,6023.0,320.1581610823411,0.9216589861751152,430,434,4,0,430,409,136373,0,0,0,0,25
2020-09-09,US,California,Imperial,11093,301,0,33.0393082,-115.36690420000001,6025.0,6121.457936705019,2.713422879293248,10792,11056,296,0,10760,11041,181827,37,5,0,32,15
2020-09-09,US,California,Inyo,183,14,0,36.51112084,-117.41119779999998,6027.0,1014.4686512556128,7.6502732240437155,169,183,14,0,169,183,17987,0,0,0,0,0
2020-09-09,US,California,Kern,30202,296,0,35.34329425,-118.72777959999999,6029.0,3355.024761109173,0.9800675451956824,29906,30179,296,0,29883,30080,896764,23,0,0,23,99
2020-09-09,US,California,Kings,6878,76,0,36.07409056,-119.8159973,6031.0,4497.188439911076,1.1049723756906078,6802,6847,76,0,6771,6788,151366,31,0,0,31,59
2020-09-09,US,California,Lake,370,6,0,39.10124298,-122.75362439999999,6033.0,574.6590873792438,1.6216216216216215,364,368,5,0,363,362,64382,2,1,0,1,6
2020-09-09,US,California,Lassen,725,0,0,40.67311306,-120.59350990000002,6035.0,2371.373434075819,0.0,725,720,0,0,720,720,30802,5,0,0,5,0
2020-09-09,US,California,Los Angeles,249859,6090,0,34.30828379,-118.22824109999999,6037.0,2488.856827604288,2.4373746793191358,243769,249241,6036,0,243205,248821,10105518,618,54,0,564,420
2020-09-09,US,California,Madera,4064,58,0,37.21513971,-119.76655890000002,6039.0,2583.154830385121,1.4271653543307086,4006,4025,58,0,3967,3953,157672,39,0,0,39,72
2020-09-09,US,California,Marin,6368,99,0,38.07122463,-122.72106310000001,6041.0,2460.340151298556,1.5546482412060298,6269,6339,96,0,6243,6339,259666,29,3,0,26,0
2020-09-09,US,California,Mariposa,74,2,0,37.57978556,-119.9073334,6043.0,430.15753066325635,2.702702702702702,72,74,2,0,72,74,17471,0,0,0,0,0
2020-09-09,US,California,Mendocino,777,17,0,39.4381191,-123.39113130000001,6045.0,895.6875583580214,2.1879021879021883,760,773,17,0,756,766,87606,4,0,0,4,7
2020-09-09,US,California,Merced,8415,123,0,37.18922369,-120.72090349999999,6047.0,3030.4667242869486,1.461675579322638,8292,8381,120,0,8261,8327,274765,34,3,0,31,54
2020-09-09,US,California,Modoc,21,0,0,41.58965602,-120.7244817,6049.0,237.52969121140146,0.0,21,21,0,0,21,21,8777,0,0,0,0,0
2020-09-09,US,California,Mono,162,2,0,37.93899289,-118.8872409,6051.0,1121.5729714760457,1.2345679012345678,160,162,2,0,160,162,14250,0,0,0,0,0
2020-09-09,US,California,Monterey,8661,62,0,36.21862405,-121.24133970000001,6053.0,1995.3416685673208,0.7158526729015126,8599,8629,59,0,8570,8570,435594,32,3,0,29,59
2020-09-09,US,California,Napa,1518,13,0,38.50735751,-122.33283899999999,6055.0,1102.0443721686606,0.8563899868247694,1505,1514,13,0,1501,1501,139417,4,0,0,4,13
2020-09-09,US,California,Nevada,470,5,0,39.30394768,-120.76272809999999,6057.0,471.15432810385437,1.0638297872340423,465,469,5,0,464,467,99696,1,0,0,1,2
2020-09-09,US,California,Orange,50190,1065,0,33.70147516,-117.76459979999998,6059.0,1580.4429396805483,2.121936640765093,49125,49996,1056,0,48940,49845,3185968,194,9,0,185,151
2020-09-09,US,California,Placer,3238,36,0,39.06167234,-120.72405690000001,6061.0,812.8958725073996,1.1117974058060531,3202,3220,36,0,3184,3182,393149,18,0,0,18,38
2020-09-09,US,California,Plumas,45,0,0,40.00355989,-120.8395236,6063.0,239.2726112617643,0.0,45,45,0,0,45,45,18804,0,0,0,0,0
2020-09-09,US,California,Riverside,54735,1085,0,33.74314981,-115.9933578,6065.0,2215.502160251216,1.9822782497487896,53650,54572,1075,0,53497,53987,2450758,163,10,0,153,585
2020-09-09,US,California,Sacramento,19524,339,0,38.45106826,-121.34253740000001,6067.0,1257.9426799771659,1.7363245236631837,19185,19460,334,0,19126,19128,1540975,64,5,0,59,332
2020-09-09,US,California,San Benito,1209,10,0,36.60308176,-121.069975,6069.0,1924.9140236912494,0.8271298593879239,1199,1207,10,0,1197,1197,61537,2,0,0,2,10
2020-09-09,US,California,San Bernardino,49909,791,0,34.84060306,-116.1774685,6071.0,2289.314407465764,1.584884489771384,49118,49691,765,0,48926,49691,2171603,218,26,0,192,0
2020-09-09,US,California,San Diego,41324,721,0,33.03484597,-116.73653259999999,6073.0,1237.8644412026372,1.744748814248379,40603,40868,708,0,40160,40652,3343364,456,13,0,443,216
2020-09-09,US,California,San Francisco,10074,87,0,37.75215114,-122.43856720000001,6075.0,1142.7612078284928,0.8636092912447886,9987,9979,86,0,9893,9979,883305,95,1,0,94,0
2020-09-09,US,California,San Joaquin,18558,382,0,37.93433732,-121.2730061,6077.0,2434.960138975632,2.058411466752883,18176,18558,377,0,18181,18558,752660,0,5,0,-5,0
2020-09-09,US,California,San Luis Obispo,3145,22,0,35.38822029,-120.4039028,6079.0,1110.8717075634643,0.699523052464229,3123,3116,22,0,3094,3101,284010,29,0,0,29,15
2020-09-09,US,California,San Mateo,8807,136,0,37.422880799999994,-122.32755459999998,6081.0,1148.8794935381234,1.5442261837174975,8671,8750,136,0,8614,8617,769545,57,0,0,57,133
2020-09-09,US,California,Santa Barbara,8499,97,0,34.65329488,-120.0188492,6083.0,1903.4757076723572,1.141310742440287,8402,8479,97,0,8382,8434,446527,20,0,0,20,45
2020-09-09,US,California,Santa Clara,18854,263,0,37.23104908,-121.6970462,6085.0,970.8732828038667,1.3949294579399596,18591,18717,260,0,18457,18611,1937570,137,3,0,134,106
2020-09-09,US,California,Santa Cruz,1931,7,0,37.05580291,-122.0066524,6087.0,706.7745678280316,0.3625064733298809,1924,1931,7,0,1924,1931,274255,0,0,0,0,0
2020-09-09,US,California,Shasta,606,12,0,40.76391419,-122.0396884,6089.0,336.5171035095513,1.98019801980198,594,600,12,0,588,581,180040,6,0,0,6,19
2020-09-09,US,California,Sierra,6,0,0,39.57713498,-120.52007009999998,6091.0,199.6672212978369,0.0,6,6,0,0,6,6,2987,0,0,0,0,0
2020-09-09,US,California,Siskiyou,150,0,0,41.59198861,-122.54074340000001,6093.0,344.5187073658101,0.0,150,144,0,0,144,144,43724,6,0,0,6,0
2020-09-09,US,California,Solano,5778,48,0,38.26827353,-121.9357113,6095.0,1290.760717804143,0.8307372793354102,5730,5762,48,0,5714,5671,446610,16,0,0,16,91
2020-09-09,US,California,Sonoma,6516,98,0,38.52746429,-122.88625060000001,6097.0,1318.131796996375,1.5039901780233271,6418,6488,98,0,6390,6360,499942,28,0,0,28,128
2020-09-09,US,California,Stanislaus,15685,299,0,37.55862499,-120.9970722,6099.0,2848.400101696146,1.906279885240676,15386,15635,295,0,15340,15441,549815,50,4,0,46,194
2020-09-09,US,California,Sutter,1526,10,0,39.03417539,-121.6945899,6101.0,1573.66635385837,0.6553079947575361,1516,1468,10,0,1458,1465,96807,58,0,0,58,3
2020-09-09,US,California,Tehama,458,1,0,40.12570935,-122.23701709999999,6103.0,703.7059799643538,0.2183406113537118,457,453,1,0,452,455,63916,5,0,0,5,-2
2020-09-09,US,California,Trinity,14,0,0,40.64917670000001,-123.114713,6105.0,113.96011396011394,0.0,14,13,0,0,13,13,12535,1,0,0,1,0
2020-09-09,US,California,Tulare,14816,246,0,36.22026558,-118.8020203,6107.0,3178.069262862108,1.66036717062635,14570,14677,243,0,14434,14677,465861,139,3,0,136,0
2020-09-09,US,California,Tuolumne,197,2,0,38.02644018,-119.95250929999999,6109.0,361.61386247659607,1.0152284263959392,195,196,2,0,194,194,54539,1,0,0,1,2
2020-09-09,US,California,Ventura,11475,123,0,34.44465746,-119.09106129999999,6111.0,1356.373359054191,1.0718954248366013,11352,11463,118,0,11345,11315,850967,12,5,0,7,148
2020-09-09,US,California,Yolo,2597,53,0,38.68278902,-121.90182879999999,6113.0,1177.7777777777776,2.0408163265306123,2544,2565,53,0,2512,2564,220408,32,0,0,32,1
2020-09-09,US,California,Yuba,1031,8,0,39.26255932,-121.35356440000001,6115.0,1310.5710072710633,0.7759456838021338,1023,994,6,0,988,994,78041,37,2,0,35,0
2020-09-09,US,Colorado,Adams,7887,209,0,39.87432092,-104.3362578,8001.0,1524.2906646618515,2.6499302649930265,7678,7863,209,0,7654,7823,511868,24,0,0,24,40
2020-09-09,US,Colorado,Alamosa,239,9,0,37.57250606,-105.7885451,8003.0,1472.3094930080701,3.7656903765690375,230,239,9,0,230,238,16683,0,0,0,0,1
2020-09-09,US,Colorado,Arapahoe,8361,369,0,39.64977461,-104.3353617,8005.0,1273.3974017271053,4.41334768568353,7992,8332,369,0,7963,8311,651215,29,0,0,29,21
2020-09-09,US,Colorado,Archuleta,48,0,0,37.19474156,-107.04768670000001,8007.0,342.14840687148046,0.0,48,48,0,0,48,48,13765,0,0,0,0,0
2020-09-09,US,Colorado,Baca,17,0,0,37.31940883,-102.5603223,8009.0,474.7277296844457,0.0,17,17,0,0,17,17,3585,0,0,0,0,0
2020-09-09,US,Colorado,Bent,11,0,0,37.95474293,-103.0720195,8011.0,197.23865877712032,0.0,11,11,0,0,11,11,5882,0,0,0,0,0
2020-09-09,US,Colorado,Boulder,2534,79,0,40.09313619,-105.3546767,8013.0,776.8335601908055,3.1176006314127864,2455,2475,79,0,2396,2468,326078,59,0,0,59,7
2020-09-09,US,Colorado,Broomfield,551,33,0,39.95998787,-105.0566324,8014.0,781.9484850635067,5.9891107078039925,518,550,33,0,517,550,69267,1,0,0,1,0
2020-09-09,US,Colorado,Chaffee,317,19,0,38.74745778,-106.19265729999998,8015.0,1557.2804087247002,5.993690851735016,298,317,19,0,298,317,20027,0,0,0,0,0
2020-09-09,US,Colorado,Cheyenne,9,0,0,38.82777431,-102.6032558,8017.0,491.53468050245766,0.0,9,9,0,0,9,9,1876,0,0,0,0,0
2020-09-09,US,Colorado,Clear Creek,36,1,0,39.68864463,-105.6463118,8019.0,371.1340206185567,2.7777777777777777,35,36,1,0,35,36,9605,0,0,0,0,0
2020-09-09,US,Colorado,Conejos,31,0,0,37.201606,-106.19174879999998,8021.0,377.8184034125533,0.0,31,31,0,0,31,31,8200,0,0,0,0,0
2020-09-09,US,Colorado,Costilla,32,1,0,37.27732493,-105.4276548,8023.0,823.2570105479805,3.125,31,32,1,0,31,32,3828,0,0,0,0,0
2020-09-09,US,Colorado,Crowley,73,1,0,38.32608609,-103.7844965,8025.0,1204.4217125886814,1.3698630136986298,72,73,1,0,72,73,5858,0,0,0,0,0
2020-09-09,US,Colorado,Custer,17,0,0,38.10883162,-105.3683478,8027.0,335.43804262036303,0.0,17,17,0,0,17,17,4954,0,0,0,0,0
2020-09-09,US,Colorado,Delta,172,2,0,38.86246243,-107.86313419999999,8029.0,551.9543033181438,1.162790697674419,170,172,2,0,170,171,30953,0,0,0,0,1
2020-09-09,US,Colorado,Denver,11592,429,0,39.76018276,-104.87256950000001,8031.0,1594.0352937455566,3.7008281573498967,11163,11579,429,0,11150,11557,716492,13,0,0,13,22
2020-09-09,US,Colorado,Dolores,2,0,0,37.75208676,-108.5211585,8033.0,97.32360097323601,0.0,2,2,0,0,2,2,2074,0,0,0,0,0
2020-09-09,US,Colorado,Douglas,2151,60,0,39.33133796,-104.930001,8035.0,612.5517579181784,2.7894002789400285,2091,2146,60,0,2086,2124,342776,5,0,0,5,22
2020-09-09,US,Colorado,Eagle,1196,9,0,39.62754308,-106.6933637,8037.0,2169.5357991546794,0.7525083612040134,1187,1192,9,0,1183,1193,54993,4,0,0,4,-1
2020-09-09,US,Colorado,El Paso,6264,157,0,38.83240149,-104.5251411,8041.0,869.5133140755937,2.5063856960408684,6107,6241,156,0,6085,6241,713856,23,1,0,22,0
2020-09-09,US,Colorado,Elbert,131,2,0,39.28656773,-104.13587209999999,8039.0,490.10438100939047,1.5267175572519085,129,130,2,0,128,130,26282,1,0,0,1,0
2020-09-09,US,Colorado,Fremont,165,1,0,38.47362326,-105.43996670000001,8043.0,344.90687514371115,0.6060606060606061,164,164,0,0,164,163,48021,1,1,0,0,1
2020-09-09,US,Colorado,Garfield,875,5,0,39.59921777,-107.902708,8045.0,1456.8522002630662,0.5714285714285714,870,874,4,0,870,869,59770,1,1,0,0,5
2020-09-09,US,Colorado,Gilpin,18,0,0,39.85646523,-105.5252597,8047.0,288.32292167227297,0.0,18,18,0,0,18,18,6121,0,0,0,0,0
2020-09-09,US,Colorado,Grand,69,1,0,40.10603347,-106.11780420000001,8049.0,438.54073979916086,1.4492753623188406,68,67,1,0,66,67,15525,2,0,0,2,0
2020-09-09,US,Colorado,Gunnison,296,7,0,38.66611652,-107.0320729,8051.0,1695.1093803688007,2.3648648648648654,289,296,7,0,289,296,17246,0,0,0,0,0
2020-09-09,US,Colorado,Hinsdale,3,0,0,37.82247444,-107.3004345,8053.0,365.8536585365854,0.0,3,3,0,0,3,3,811,0,0,0,0,0
2020-09-09,US,Colorado,Huerfano,10,1,0,37.68473101,-104.9612585,8055.0,144.9905756125852,10.0,9,10,1,0,9,10,6889,0,0,0,0,0
2020-09-09,US,Colorado,Jackson,10,0,0,40.66593870000001,-106.3408905,8057.0,718.3908045977013,0.0,10,9,0,0,9,9,1399,1,0,0,1,0
2020-09-09,US,Colorado,Jefferson,4992,242,0,39.58635604,-105.2517692,8059.0,856.4355331534224,4.847756410256411,4750,4984,242,0,4742,4971,580233,8,0,0,8,13
2020-09-09,US,Colorado,Kit Carson,76,3,0,39.30497777,-102.60221990000001,8063.0,1070.8750176130761,3.947368421052632,73,76,3,0,73,76,7163,0,0,0,0,0
2020-09-09,US,Colorado,La Plata,247,2,0,37.28632032,-107.8429014,8067.0,439.3376140588037,0.8097165991902834,245,247,2,0,245,247,56310,0,0,0,0,0
2020-09-09,US,Colorado,Lake,83,0,0,39.20278823,-106.35556969999999,8065.0,1021.2870677986957,0.0,83,83,0,0,83,82,7824,0,0,0,0,1
2020-09-09,US,Colorado,Larimer,2110,44,0,40.66671597,-105.4625784,8069.0,591.2036738685174,2.085308056872038,2066,2103,44,0,2059,2085,350518,7,0,0,7,18
2020-09-09,US,Colorado,Las Animas,20,0,0,37.3153406,-104.03764579999999,8071.0,137.87398317937405,0.0,20,20,0,0,20,20,14503,0,0,0,0,0
2020-09-09,US,Colorado,Lincoln,8,0,0,38.98749519,-103.51366490000001,8073.0,140.3262585511314,0.0,8,8,0,0,8,8,5610,0,0,0,0,0
2020-09-09,US,Colorado,Logan,727,5,0,40.7249637,-103.110817,8075.0,3244.232228122629,0.687757909215956,722,711,5,0,706,705,21528,16,0,0,16,6
2020-09-09,US,Colorado,Mesa,475,5,0,39.01787888,-108.469799,8077.0,308.021529083717,1.0526315789473684,470,467,5,0,462,467,153207,8,0,0,8,0
2020-09-09,US,Colorado,Mineral,19,0,0,37.66954283,-106.92816979999999,8079.0,2470.74122236671,0.0,19,19,0,0,19,19,776,0,0,0,0,0
2020-09-09,US,Colorado,Moffat,35,1,0,40.61810999,-108.2070876,8081.0,263.4946924640518,2.8571428571428568,34,35,1,0,34,35,13188,0,0,0,0,0
2020-09-09,US,Colorado,Montezuma,126,5,0,37.33859579,-108.59588570000001,8083.0,481.2282778902342,3.968253968253968,121,126,5,0,121,126,26158,0,0,0,0,0
2020-09-09,US,Colorado,Montrose,352,13,0,38.40214114,-108.26390220000002,8085.0,823.2377566771132,3.6931818181818175,339,351,13,0,338,351,42214,1,0,0,1,0
2020-09-09,US,Colorado,Morgan,723,48,0,40.26279810000001,-103.8093302,8087.0,2487.2712260905464,6.639004149377594,675,721,48,0,673,721,28558,2,0,0,2,0
2020-09-09,US,Colorado,Otero,82,6,0,37.9014485,-103.7173385,8089.0,448.6267644162381,7.317073170731707,76,82,6,0,76,82,18432,0,0,0,0,0
2020-09-09,US,Colorado,Ouray,25,1,0,38.14717457,-107.7675136,8091.0,504.8465266558966,4.0,24,25,1,0,24,25,4833,0,0,0,0,0
2020-09-09,US,Colorado,Park,46,1,0,39.120926000000004,-105.7182065,8093.0,244.09657734146992,2.1739130434782608,45,46,1,0,45,45,18556,0,0,0,0,1
2020-09-09,US,Colorado,Phillips,19,0,0,40.59414277,-102.3577703,8095.0,445.48651817116064,0.0,19,19,0,0,19,19,4286,0,0,0,0,0
2020-09-09,US,Colorado,Pitkin,204,2,0,39.21720112,-106.9310027,8097.0,1148.196093881916,0.9803921568627452,202,201,2,0,199,202,17950,3,0,0,3,-1
2020-09-09,US,Colorado,Prowers,89,0,0,37.95544985,-102.3926052,8099.0,731.1863292803156,0.0,89,89,0,0,89,89,12164,0,0,0,0,0
2020-09-09,US,Colorado,Pueblo,951,34,0,38.17359144,-104.5127437,8101.0,564.6463686885479,3.575184016824396,917,936,34,0,902,929,167529,15,0,0,15,7
2020-09-09,US,Colorado,Rio Blanco,23,0,0,39.97913541,-108.2179009,8103.0,363.69386464263124,0.0,23,24,0,0,24,24,6336,-1,0,0,-1,0
2020-09-09,US,Colorado,Rio Grande,94,2,0,37.5836865,-106.3847838,8105.0,834.2948433478299,2.127659574468085,92,94,2,0,92,94,11250,0,0,0,0,0
2020-09-09,US,Colorado,Routt,135,8,0,40.48596505,-106.9905548,8107.0,526.5621343318512,5.925925925925926,127,134,8,0,126,134,25733,1,0,0,1,0
2020-09-09,US,Colorado,Saguache,111,2,0,38.08054629,-106.28246599999999,8109.0,1626.6119577960142,1.8018018018018016,109,111,2,0,109,111,6843,0,0,0,0,0
2020-09-09,US,Colorado,San Juan,6,0,0,37.76248981,-107.67632890000002,8111.0,824.1758241758242,0.0,6,6,0,0,6,6,762,0,0,0,0,0
2020-09-09,US,Colorado,San Miguel,93,0,0,38.00450883,-108.4020725,8113.0,1137.0583200880305,0.0,93,94,0,0,94,94,8191,-1,0,0,-1,0
2020-09-09,US,Colorado,Sedgwick,12,1,0,40.87595412,-102.3519227,8115.0,533.8078291814946,8.333333333333334,11,12,1,0,11,12,2303,0,0,0,0,0
2020-09-09,US,Colorado,Summit,368,4,0,39.63803232,-106.1150762,8117.0,1186.6756957208736,1.0869565217391304,364,368,4,0,364,366,31007,0,0,0,0,2
2020-09-09,US,Colorado,Teller,165,4,0,38.88133511,-105.16148929999999,8119.0,649.9133448873482,2.4242424242424243,161,165,4,0,161,165,25083,0,0,0,0,0
2020-09-09,US,Colorado,Washington,54,0,0,39.97015535,-103.202587,8121.0,1100.244498777506,0.0,54,54,0,0,54,54,4909,0,0,0,0,0
2020-09-09,US,Colorado,Weld,4233,149,0,40.55499405,-104.39296209999999,8123.0,1304.5005732036536,3.5199622017481693,4084,4219,148,0,4071,4198,314305,14,1,0,13,21
2020-09-09,US,Colorado,Yuma,71,0,0,40.00346839,-102.4258673,8125.0,708.6535582393452,0.0,71,68,0,0,68,68,10020,3,0,0,3,0
2020-09-09,US,Connecticut,Fairfield,19159,1417,0,41.26809896,-73.3881171,9001.0,2030.9922699537385,7.3960018790124735,17742,19135,1417,0,17718,19031,943823,24,0,0,24,104
2020-09-09,US,Connecticut,Hartford,13796,1428,0,41.80283011,-72.73103891,9003.0,1547.1224151078816,10.350826326471443,12368,13771,1428,0,12343,13635,892697,25,0,0,25,136
2020-09-09,US,Connecticut,Litchfield,1752,139,0,41.7937534,-73.2451475,9005.0,971.5359917485983,7.9337899543378985,1613,1751,139,0,1612,1728,181111,1,0,0,1,23
2020-09-09,US,Connecticut,Middlesex,1499,193,0,41.45949668,-72.53714864,9007.0,922.8249895343396,12.875250166777851,1306,1496,193,0,1303,1484,162682,3,0,0,3,12
2020-09-09,US,Connecticut,New Haven,13877,1109,0,41.408032500000004,-72.93620426,9009.0,1623.5023521304886,7.991640844562947,12768,13858,1109,0,12749,13793,857620,19,0,0,19,65
2020-09-09,US,Connecticut,New London,1649,108,0,41.48896435,-72.10430976,9011.0,621.7808043558592,6.549423893268648,1541,1643,108,0,1535,1620,266784,6,0,0,6,23
2020-09-09,US,Connecticut,Tolland,1200,65,0,41.85853803,-72.3308481,9013.0,796.1730614844647,5.416666666666668,1135,1191,65,0,1126,1161,150921,9,0,0,9,30
2020-09-09,US,Connecticut,Unassigned,111,0,0,0.0,0.0,90009.0,0.0,0.0,111,112,0,0,112,100,,-1,0,0,-1,12
2020-09-09,US,Connecticut,Windham,828,15,0,41.82972709,-71.98182316,9015.0,709.0133753489407,1.8115942028985508,813,825,15,0,810,813,117027,3,0,0,3,12
2020-09-09,US,Delaware,Kent,2727,110,0,39.08646628,-75.56884914,10001.0,1508.4132620888786,4.033736707004033,2617,2727,110,0,2617,2720,178550,0,0,0,0,7
2020-09-09,US,Delaware,New Castle,8694,303,0,39.57992638,-75.64054974,10003.0,1555.9648001889925,3.485162180814355,8391,8694,303,0,8391,8656,559335,0,0,0,0,38
2020-09-09,US,Delaware,Sussex,6432,196,0,38.66143781,-75.39031349,10005.0,2746.07748959334,3.04726368159204,6236,6432,196,0,6236,6420,229286,0,0,0,0,12
2020-09-09,US,Delaware,Unassigned,455,0,0,0.0,0.0,90010.0,0.0,0.0,455,455,0,0,455,453,,0,0,0,0,2
2020-09-09,US,District of Columbia,District of Columbia,14387,615,0,38.90417773,-77.01655992,11001.0,2038.543448166416,4.2746924306665735,13772,14362,611,0,13751,14315,702455,25,4,0,21,47
2020-09-09,US,Florida,Alachua,5812,33,0,29.67866525,-82.35928158,12001.0,2160.2494768494253,0.5677907777013076,5779,5722,33,0,5689,5633,269956,90,0,0,90,89
2020-09-09,US,Florida,Baker,1281,6,0,30.33060121,-82.28467476,12003.0,4385.48442314276,0.468384074941452,1275,1273,6,0,1267,1271,28355,8,0,0,8,2
2020-09-09,US,Florida,Bay,5557,87,0,30.26548745,-85.62122584,12005.0,3180.790475372771,1.5655929458340831,5470,5534,86,0,5448,5522,185287,23,1,0,22,12
2020-09-09,US,Florida,Bradford,871,5,0,29.95079741,-82.16611613,12007.0,3088.542959469523,0.574052812858783,866,861,5,0,856,854,27732,10,0,0,10,7
2020-09-09,US,Florida,Brevard,7742,237,0,28.29409504,-80.73091022,12009.0,1286.170428380143,3.0612244897959178,7505,7689,235,0,7454,7656,596849,53,2,0,51,33
2020-09-09,US,Florida,Broward,73696,1244,0,26.15184651,-80.48725556,12011.0,3773.9056871800067,1.6880156317846289,72452,73556,1234,0,72322,73426,1951260,140,10,0,130,130
2020-09-09,US,Florida,Calhoun,586,10,0,30.40666734,-85.19394153,12013.0,4154.555122297058,1.706484641638225,576,587,10,0,577,587,14587,-1,0,0,-1,0
2020-09-09,US,Florida,Charlotte,2821,118,0,26.90131002,-81.92949121,12015.0,1493.3036895876346,4.182913860333215,2703,2822,117,0,2705,2811,184998,-1,1,0,-2,11
2020-09-09,US,Florida,Citrus,2355,67,0,28.84804315,-82.47614748,12017.0,1573.5982947673679,2.8450106157112525,2288,2339,64,0,2275,2334,147929,16,3,0,13,5
2020-09-09,US,Florida,Clay,4317,79,0,29.98319144,-81.85609986,12019.0,1953.0038494517728,1.829974519342136,4238,4317,79,0,4238,4306,216072,0,0,0,0,11
2020-09-09,US,Florida,Collier,12071,187,0,26.11091986,-81.34687065,12021.0,3136.122961169337,1.5491674260624635,11884,12049,184,0,11865,12024,378488,22,3,0,19,25
2020-09-09,US,Florida,Columbia,3458,39,0,30.22509788,-82.62160164,12023.0,4823.814970845075,1.1278195488721805,3419,3455,39,0,3416,3439,70503,3,0,0,3,16
2020-09-09,US,Florida,DeSoto,1526,23,0,27.18677893,-81.80941373,12027.0,4015.683797794795,1.5072083879423328,1503,1526,22,0,1504,1524,37489,0,1,0,-1,2
2020-09-09,US,Florida,Dixie,777,4,0,29.60631086,-83.15724673,12029.0,4617.853322239392,0.5148005148005148,773,773,4,0,769,770,16700,4,0,0,4,3
2020-09-09,US,Florida,Duval,27886,276,0,30.33225875,-81.66976468,12031.0,2911.6005659067305,0.9897439575414186,27610,27802,272,0,27530,27734,950181,84,4,0,80,68
2020-09-09,US,Florida,Escambia,11634,194,0,30.67652764,-87.37284571,12033.0,3654.858693876525,1.6675262162626785,11440,11575,193,0,11382,11544,315534,59,1,0,58,31
2020-09-09,US,Florida,Flagler,1475,18,0,29.45933576,-81.31508595,12035.0,1281.7059288674934,1.2203389830508475,1457,1464,16,0,1448,1454,112067,11,2,0,9,10
2020-09-09,US,Florida,Franklin,569,3,0,29.83791238,-84.82731662,12037.0,4692.783505154639,0.5272407732864675,566,569,3,0,566,569,11736,0,0,0,0,0
2020-09-09,US,Florida,Gadsden,2549,42,0,30.57796289,-84.61915825,12039.0,5582.566798072711,1.647704982346018,2507,2540,33,0,2507,2537,45894,9,9,0,0,3
2020-09-09,US,Florida,Gilchrist,483,10,0,29.72856978,-82.79880657,12041.0,2599.2896351307722,2.070393374741201,473,481,10,0,471,480,18256,2,0,0,2,1
2020-09-09,US,Florida,Glades,466,4,0,26.95635849,-81.18996211,12043.0,3374.1220766056044,0.8583690987124464,462,464,4,0,460,463,13724,2,0,0,2,1
2020-09-09,US,Florida,Gulf,849,13,0,29.93543004,-85.24270990000002,12045.0,6224.796539335727,1.5312131919905771,836,846,13,0,833,846,16164,3,0,0,3,0
2020-09-09,US,Florida,Hamilton,733,7,0,30.49673973,-82.94998918,12047.0,5080.399223731633,0.9549795361527968,726,728,7,0,721,727,14310,5,0,0,5,1
2020-09-09,US,Florida,Hardee,1185,9,0,27.49293939,-81.80956574,12049.0,4399.153580576902,0.7594936708860759,1176,1177,9,0,1168,1175,27245,8,0,0,8,2
2020-09-09,US,Florida,Hendry,2004,41,0,26.55386945,-81.16469006,12051.0,4768.930560182762,2.045908183632734,1963,2003,39,0,1964,2000,41556,1,2,0,-1,3
2020-09-09,US,Florida,Hernando,2787,100,0,28.55364461,-82.42700204,12053.0,1437.1905940594058,3.5880875493362034,2687,2785,99,0,2686,2781,190865,2,1,0,1,4
2020-09-09,US,Florida,Highlands,1945,69,0,27.34254618,-81.34071957,12055.0,1831.0880146110467,3.5475578406169666,1876,1935,69,0,1866,1921,105424,10,0,0,10,14
2020-09-09,US,Florida,Hillsborough,38790,568,0,27.9276559,-82.32013172,12057.0,2635.247505380552,1.4642949213714875,38222,38652,565,0,38087,38545,1436888,138,3,0,135,107
2020-09-09,US,Florida,Holmes,691,5,0,30.86747479,-85.81319222,12059.0,3522.4550135086915,0.723589001447178,686,690,5,0,685,689,19477,1,0,0,1,1
2020-09-09,US,Florida,Indian River,2930,104,0,27.69308961,-80.60556721,12061.0,1832.1317133870675,3.5494880546075085,2826,2921,104,0,2817,2911,157413,9,0,0,9,10
2020-09-09,US,Florida,Jackson,2528,70,0,30.795459700000002,-85.21500423,12063.0,5446.632481578834,2.7689873417721516,2458,2506,70,0,2436,2489,48305,22,0,0,22,17
2020-09-09,US,Florida,Jefferson,522,7,0,30.43669112,-83.89442308,12065.0,3664.1864382984704,1.3409961685823757,515,517,7,0,510,517,14288,5,0,0,5,0
2020-09-09,US,Florida,Lafayette,1215,10,0,29.98484137,-83.18166636,12067.0,14426.502018522915,0.8230452674897121,1205,1213,10,0,1203,1213,8732,2,0,0,2,0
2020-09-09,US,Florida,Lake,6871,131,0,28.76202069,-81.7125123,12069.0,1871.605314912372,1.9065638189492067,6740,6841,128,0,6713,6824,356495,30,3,0,27,17
2020-09-09,US,Florida,Lee,19241,442,0,26.58410348,-81.88399313,12071.0,2496.960070181176,2.2971779013564784,18799,19210,441,0,18769,19176,754610,31,1,0,30,34
2020-09-09,US,Florida,Leon,8111,41,0,30.45955727,-84.27491114,12073.0,2762.7715595642785,0.5054863765257058,8070,7943,40,0,7903,7825,292502,168,1,0,167,118
2020-09-09,US,Florida,Levy,949,8,0,29.31829741,-82.74007147,12075.0,2286.5816928896697,0.8429926238145417,941,948,8,0,940,945,40770,1,0,0,1,3
2020-09-09,US,Florida,Liberty,449,7,0,30.23766008,-84.8829258,12077.0,5374.670816375389,1.55902004454343,442,449,7,0,442,449,8457,0,0,0,0,0
2020-09-09,US,Florida,Madison,935,16,0,30.44396917,-83.47398594,12079.0,5055.967122695074,1.711229946524064,919,926,16,0,910,926,18529,9,0,0,9,0
2020-09-09,US,Florida,Manatee,10729,266,0,27.47196942,-82.31831044,12081.0,2660.6125682883944,2.479261813775748,10463,10699,266,0,10433,10673,394855,30,0,0,30,26
2020-09-09,US,Florida,Marion,8925,230,0,29.21227113,-82.05803627,12083.0,2441.33278990314,2.57703081232493,8695,8881,225,0,8656,8880,359977,44,5,0,39,1
2020-09-09,US,Florida,Martin,4560,120,0,27.0772071,-80.43109784,12085.0,2785.0931677018634,2.631578947368421,4440,4560,120,0,4440,4551,160912,0,0,0,0,9
2020-09-09,US,Florida,Miami-Dade,162433,2740,0,25.6112362,-80.55170587,12086.0,5978.527313816278,1.686849347115426,159693,162026,2666,0,159360,161637,2761581,407,74,0,333,389
2020-09-09,US,Florida,Monroe,1763,20,0,25.20904673,-81.07812416,12087.0,2375.1145120439733,1.1344299489506522,1743,1762,19,0,1743,1761,75027,1,1,0,0,1
2020-09-09,US,Florida,Nassau,1869,29,0,30.61037141,-81.80297522,12089.0,2108.885754583921,1.5516318887105405,1840,1850,25,0,1825,1839,85832,19,4,0,15,11
2020-09-09,US,Florida,Okaloosa,4461,90,0,30.69143028,-86.59267105,12091.0,2116.846510833357,2.0174848688634834,4371,4428,89,0,4339,4410,207269,33,1,0,32,18
2020-09-09,US,Florida,Okeechobee,1289,20,0,27.386336199999995,-80.88944347,12093.0,3056.820337696832,1.5515903801396431,1269,1288,20,0,1268,1284,41537,1,0,0,1,4
2020-09-09,US,Florida,Orange,37366,394,0,28.51367621,-81.31799498,12095.0,2681.541954800022,1.0544345126585666,36972,37247,387,0,36860,37152,1380645,119,7,0,112,95
2020-09-09,US,Florida,Osceola,11594,134,0,28.06312234,-81.14882926,12097.0,3085.553997194951,1.1557702259789546,11460,11560,133,0,11427,11542,367990,34,1,0,33,18
2020-09-09,US,Florida,Palm Beach,43422,1178,0,26.64676272,-80.46536002,12099.0,2901.046921036633,2.7129105061950165,42244,43309,1170,0,42139,43187,1485941,113,8,0,105,122
2020-09-09,US,Florida,Pasco,8381,187,0,28.30810945,-82.40227529,12101.0,1512.960626197091,2.231237322515213,8194,8357,184,0,8173,8338,539630,24,3,0,21,19
2020-09-09,US,Florida,Pinellas,20588,693,0,27.93130349,-82.72239666,12103.0,2111.5984065575653,3.3660384690110745,19895,20526,678,0,19848,20474,975280,62,15,0,47,52
2020-09-09,US,Florida,Polk,18025,480,0,27.95027105,-81.69732947,12105.0,2486.971854791198,2.6629680998613043,17545,17932,469,0,17463,17863,708009,93,11,0,82,69
2020-09-09,US,Florida,Putnam,1874,38,0,29.60779729,-81.74230285,12107.0,2514.727392278687,2.0277481323372464,1836,1867,38,0,1829,1864,74163,7,0,0,7,3
2020-09-09,US,Florida,Santa Rosa,4990,60,0,30.69341450000001,-87.02458128,12113.0,2707.3510821266,1.2024048096192386,4930,4958,59,0,4899,4950,179349,32,1,0,31,8
2020-09-09,US,Florida,Sarasota,7486,221,0,27.18546175,-82.33174248,12115.0,1725.9107948965052,2.9521773978092436,7265,7457,216,0,7241,7434,426718,29,5,0,24,23
2020-09-09,US,Florida,Seminole,8437,184,0,28.7158582,-81.24060348,12117.0,1788.1591942792472,2.180869977480147,8253,8412,183,0,8229,8382,467832,25,1,0,24,30
2020-09-09,US,Florida,St. Johns,4729,61,0,29.90096506,-81.43589967,12109.0,1786.7398138072786,1.2899133009092831,4668,4699,61,0,4638,4675,254261,30,0,0,30,24
2020-09-09,US,Florida,St. Lucie,7378,252,0,27.37763908,-80.47106649,12111.0,2247.3552910931257,3.415559772296015,7126,7366,246,0,7120,7341,321128,12,6,0,6,25
2020-09-09,US,Florida,Sumter,2060,56,0,28.70181754,-82.0794267,12119.0,1555.656245280169,2.718446601941748,2004,2049,55,0,1994,2048,128754,11,1,0,10,1
2020-09-09,US,Florida,Suwannee,2517,64,0,30.19746066,-82.99099670000003,12121.0,5666.749217641895,2.5427095748907433,2453,2511,63,0,2448,2506,44191,6,1,0,5,5
2020-09-09,US,Florida,Taylor,1233,10,0,30.04848048,-83.60445406,12123.0,5716.53762344105,0.8110300081103001,1223,1231,10,0,1221,1230,21623,2,0,0,2,1
2020-09-09,US,Florida,Unassigned,1123,0,0,0.0,0.0,90012.0,0.0,0.0,1123,1112,0,0,1112,1105,,11,0,0,11,7
2020-09-09,US,Florida,Union,715,5,0,30.04412971,-82.37497443,12125.0,4692.524775218219,0.6993006993006993,710,706,5,0,701,690,14940,9,0,0,9,16
2020-09-09,US,Florida,Volusia,9878,199,0,29.05858895,-81.18263252,12127.0,1785.3398977740185,2.01457784976716,9679,9862,197,0,9665,9816,547538,16,2,0,14,46
2020-09-09,US,Florida,Wakulla,974,8,0,30.16548905,-84.39895211,12129.0,2886.8668306707373,0.8213552361396304,966,971,8,0,963,961,32461,3,0,0,3,10
2020-09-09,US,Florida,Walton,1762,20,0,30.64204028,-86.16935664,12131.0,2378.798720146886,1.135073779795687,1742,1747,20,0,1727,1748,71375,15,0,0,15,-1
2020-09-09,US,Florida,Washington,1031,17,0,30.61359259,-85.66002461,12133.0,4047.4227613551598,1.6488845780795345,1014,1031,17,0,1014,1031,24880,0,0,0,0,0
2020-09-09,US,Georgia,Appling,941,25,0,31.74847232,-82.28909114,13001.0,5118.02458392255,2.656748140276302,916,937,25,0,912,931,18507,4,0,0,4,6
2020-09-09,US,Georgia,Atkinson,422,3,0,31.29633502,-82.87545866,13003.0,5168.40171463564,0.7109004739336493,419,419,3,0,416,417,8297,3,0,0,3,2
2020-09-09,US,Georgia,Bacon,547,10,0,31.55456473,-82.45936528,13005.0,4899.677534933716,1.828153564899452,537,538,10,0,528,537,11185,9,0,0,9,1
2020-09-09,US,Georgia,Baker,73,3,0,31.32669878,-84.44218806,13007.0,2402.896642527979,4.109589041095891,70,72,3,0,69,72,3092,1,0,0,1,0
2020-09-09,US,Georgia,Baldwin,1858,55,0,33.06882326,-83.24701748,13009.0,4139.006460236133,2.960172228202368,1803,1829,53,0,1776,1809,44823,29,2,0,27,20
2020-09-09,US,Georgia,Banks,418,6,0,34.35607081,-83.49644388,13011.0,2173.2348965373817,1.4354066985645932,412,413,6,0,407,408,18988,5,0,0,5,5
2020-09-09,US,Georgia,Barrow,1927,43,0,33.99148694,-83.71436292,13013.0,2314.992791926958,2.2314478463933574,1884,1902,41,0,1861,1890,80809,25,2,0,23,12
2020-09-09,US,Georgia,Bartow,2599,75,0,34.23732119,-84.83887523,13015.0,2412.33362416232,2.885725278953444,2524,2568,75,0,2493,2560,106408,31,0,0,31,8
2020-09-09,US,Georgia,Ben Hill,685,18,0,31.76095874,-83.22145359,13017.0,4101.7964071856295,2.627737226277372,667,671,18,0,653,671,16787,14,0,0,14,0
2020-09-09,US,Georgia,Berrien,413,10,0,31.27590016,-83.22529920000002,13019.0,2129.195236376759,2.4213075060532687,403,410,10,0,400,411,19252,3,0,0,3,-1
2020-09-09,US,Georgia,Bibb,5619,142,0,32.80904227,-83.70489165,13021.0,3668.7364111805377,2.5271400605089878,5477,5575,139,0,5436,5532,153095,44,3,0,41,43
2020-09-09,US,Georgia,Bleckley,398,17,0,32.43829035,-83.33035166,13023.0,3091.742406587431,4.271356783919598,381,398,17,0,381,398,12838,0,0,0,0,0
2020-09-09,US,Georgia,Brantley,321,8,0,31.19576557,-81.97743999,13025.0,1679.8367261499814,2.4922118380062304,313,319,8,0,311,317,18897,2,0,0,2,2
2020-09-09,US,Georgia,Brooks,487,24,0,30.83922642,-83.58303423,13027.0,3150.676069094909,4.928131416837783,463,485,24,0,461,484,15513,2,0,0,2,1
2020-09-09,US,Georgia,Bryan,956,9,0,32.00979311,-81.44002948,13029.0,2412.4965301435886,0.9414225941422594,947,923,9,0,914,914,38109,33,0,0,33,9
2020-09-09,US,Georgia,Bulloch,2519,23,0,32.39577406,-81.74811421,13031.0,3164.2548487589197,0.9130607383882492,2496,2472,22,0,2450,2439,77296,47,1,0,46,33
2020-09-09,US,Georgia,Burke,702,9,0,33.05917989,-81.99928721,13033.0,3136.308805790109,1.2820512820512822,693,699,9,0,690,691,22423,3,0,0,3,8
2020-09-09,US,Georgia,Butts,591,41,0,33.283094500000004,-83.95435040000002,13035.0,2370.067372473532,6.937394247038918,550,585,41,0,544,579,24193,6,0,0,6,6
2020-09-09,US,Georgia,Calhoun,229,7,0,31.53169785,-84.62725131,13037.0,3700.1131038940057,3.056768558951965,222,229,7,0,222,229,6352,0,0,0,0,0
2020-09-09,US,Georgia,Camden,1111,7,0,30.92951916,-81.66601818,13039.0,2032.3418578275346,0.6300630063006301,1104,1103,7,0,1096,1095,53677,8,0,0,8,8
2020-09-09,US,Georgia,Candler,387,16,0,32.40209349,-82.07702563,13043.0,3582.338239377951,4.134366925064599,371,386,16,0,370,380,10836,1,0,0,1,6
2020-09-09,US,Georgia,Carroll,2463,63,0,33.58138199,-85.07976677,13045.0,2052.636842456164,2.5578562728380025,2400,2445,63,0,2382,2439,118121,18,0,0,18,6
2020-09-09,US,Georgia,Catoosa,967,16,0,34.89872298,-85.13757014,13047.0,1430.896715004439,1.654601861427094,951,949,16,0,933,940,67420,18,0,0,18,9
2020-09-09,US,Georgia,Charlton,589,6,0,30.78371028,-82.13951596,13049.0,4398.148148148148,1.0186757215619695,583,588,6,0,582,587,12968,1,0,0,1,1
2020-09-09,US,Georgia,Chatham,7592,132,0,32.00043026,-81.12489526,13051.0,2623.086756728743,1.7386722866174922,7460,7524,131,0,7393,7418,289195,68,1,0,67,106
2020-09-09,US,Georgia,Chattahoochee,1461,2,0,32.34341231,-84.78809239,13053.0,13395.067387916015,0.13689253935660506,1459,1439,2,0,1437,1439,10684,22,0,0,22,0
2020-09-09,US,Georgia,Chattooga,649,6,0,34.47197698,-85.34535662,13055.0,2618.096736455686,0.9244992295839752,643,640,6,0,634,636,24790,9,0,0,9,4
2020-09-09,US,Georgia,Cherokee,5271,83,0,34.24393976,-84.47431861,13057.0,2036.9203896851682,1.5746537658888256,5188,5227,83,0,5144,5211,254149,44,0,0,44,16
2020-09-09,US,Georgia,Clarke,4109,35,0,33.95436462,-83.37124007,13059.0,3201.876397752687,0.8517887563884157,4074,3994,35,0,3959,3788,127330,115,0,0,115,206
2020-09-09,US,Georgia,Clay,115,2,0,31.62221166,-84.97713865,13061.0,4057.8687367678194,1.7391304347826086,113,114,2,0,112,114,2887,1,0,0,1,0
2020-09-09,US,Georgia,Clayton,6721,149,0,33.54187245,-84.35594188,13063.0,2299.6961567940434,2.2169320041660465,6572,6695,146,0,6549,6671,289615,26,3,0,23,24
2020-09-09,US,Georgia,Clinch,313,5,0,30.91395822,-82.70432472,13065.0,4729.5255364158365,1.597444089456869,308,312,5,0,307,309,6648,1,0,0,1,3
2020-09-09,US,Georgia,Cobb,18005,406,0,33.94243204,-84.5761255,13067.0,2368.639502408105,2.254929186337129,17599,17850,405,0,17445,17792,756865,155,1,0,154,58
2020-09-09,US,Georgia,Coffee,1876,40,0,31.54892966,-82.85492059999999,13069.0,4335.266794537009,2.1321961620469083,1836,1874,38,0,1836,1866,43093,2,2,0,0,8
2020-09-09,US,Georgia,Colquitt,1825,30,0,31.18810588,-83.7677946,13071.0,4002.1929824561403,1.643835616438356,1795,1818,29,0,1789,1816,45592,7,1,0,6,2
2020-09-09,US,Georgia,Columbia,3366,51,0,33.54534185,-82.263524,13073.0,2147.861709866381,1.5151515151515151,3315,3349,47,0,3302,3303,154291,17,4,0,13,46
2020-09-09,US,Georgia,Cook,526,12,0,31.16068491,-83.42947229,13075.0,3045.7440648523448,2.281368821292776,514,523,11,0,512,523,17162,3,1,0,2,0
2020-09-09,US,Georgia,Coweta,2357,33,0,33.35334302,-84.76129976,13077.0,1587.1091987690982,1.4000848536274926,2324,2346,33,0,2313,2339,145864,11,0,0,11,7
2020-09-09,US,Georgia,Crawford,162,4,0,32.71391813,-83.98061238,13079.0,1306.0303128023218,2.469135802469136,158,162,4,0,158,159,12318,0,0,0,0,3
2020-09-09,US,Georgia,Crisp,504,15,0,31.92289565,-83.76811843,13081.0,2252.8160200250313,2.9761904761904763,489,503,15,0,488,495,22601,1,0,0,1,8
2020-09-09,US,Georgia,Dade,225,4,0,34.854916700000004,-85.50490424,13083.0,1396.1280714817572,1.7777777777777777,221,222,4,0,218,222,16226,3,0,0,3,0
2020-09-09,US,Georgia,Dawson,740,7,0,34.44244079,-84.16964071,13085.0,2834.380266584955,0.945945945945946,733,729,7,0,722,728,25083,11,0,0,11,1
2020-09-09,US,Georgia,DeKalb,17237,324,0,33.76944049,-84.22396017,13089.0,2270.1261825082943,1.8796774380692696,16913,17169,318,0,16851,17100,756558,68,6,0,62,69
2020-09-09,US,Georgia,Decatur,1040,22,0,30.87967778,-84.57619536,13087.0,3938.7971519466746,2.1153846153846154,1018,1030,22,0,1008,1021,26575,10,0,0,10,9
2020-09-09,US,Georgia,Dodge,356,9,0,32.17265114,-83.16948926,13091.0,1727.7359864110654,2.5280898876404496,347,351,9,0,342,349,20705,5,0,0,5,2
2020-09-09,US,Georgia,Dooly,298,14,0,32.15630737,-83.79746561,13093.0,2225.54144884242,4.697986577181208,284,298,14,0,284,296,13706,0,0,0,0,2
2020-09-09,US,Georgia,Dougherty,3045,180,0,31.53328528,-84.21722377,13095.0,3461.9582518531993,5.911330049261084,2865,3043,180,0,2863,3029,91243,2,0,0,2,14
2020-09-09,US,Georgia,Douglas,3293,68,0,33.70291126,-84.77026156,13097.0,2250.19303963975,2.064986334649256,3225,3269,67,0,3202,3260,145331,24,1,0,23,9
2020-09-09,US,Georgia,Early,436,32,0,31.32155345,-84.90255207,13099.0,4278.7046123650625,7.339449541284404,404,436,32,0,404,431,10247,0,0,0,0,5
2020-09-09,US,Georgia,Echols,238,2,0,30.71101099,-82.89687287,13101.0,5941.088367448827,0.8403361344537815,236,238,2,0,236,238,4000,0,0,0,0,0
2020-09-09,US,Georgia,Effingham,1209,20,0,32.36616021,-81.34280942,13103.0,1880.3658081373649,1.654259718775848,1189,1195,19,0,1176,1177,62190,14,1,0,13,18
2020-09-09,US,Georgia,Elbert,526,1,0,34.11302332,-82.83936148,13105.0,2740.4397207460665,0.19011406844106465,525,520,1,0,519,519,19120,6,0,0,6,1
2020-09-09,US,Georgia,Emanuel,877,24,0,32.59221302,-82.30239915,13107.0,3872.648591362713,2.7366020524515395,853,862,24,0,838,835,22612,15,0,0,15,27
2020-09-09,US,Georgia,Evans,391,5,0,32.15328841,-81.8870105,13109.0,3669.9831049371132,1.278772378516624,386,387,5,0,382,383,10721,4,0,0,4,4
2020-09-09,US,Georgia,Fannin,509,8,0,34.86430205,-84.316964,13111.0,1943.6383076218115,1.5717092337917484,501,505,8,0,497,503,25964,4,0,0,4,2
2020-09-09,US,Georgia,Fayette,1644,43,0,33.41357794,-84.49089434,13113.0,1436.7991889600682,2.6155717761557176,1601,1632,43,0,1589,1628,113459,12,0,0,12,4
2020-09-09,US,Georgia,Floyd,2560,35,0,34.26268279,-85.21577392,13115.0,2599.037543909521,1.3671875,2525,2514,35,0,2479,2504,97927,46,0,0,46,10
2020-09-09,US,Georgia,Forsyth,3422,37,0,34.22604035,-84.12315129999998,13117.0,1401.0120695019898,1.0812390414962008,3385,3384,36,0,3348,3358,236612,38,1,0,37,26
2020-09-09,US,Georgia,Franklin,627,11,0,34.37525597,-83.23159927,13119.0,2685.339843248105,1.7543859649122806,616,619,11,0,608,612,23023,8,0,0,8,7
2020-09-09,US,Georgia,Fulton,25861,551,0,33.79216944,-84.46319413,13121.0,2430.689035159037,2.130621399017826,25310,25756,548,0,25208,25681,1050114,105,3,0,102,75
2020-09-09,US,Georgia,Gilmer,775,9,0,34.69316688,-84.45802506,13123.0,2470.5919857183844,1.1612903225806452,766,773,9,0,764,772,30816,2,0,0,2,1
2020-09-09,US,Georgia,Glascock,35,2,0,33.22879932,-82.61297636,13125.0,1178.0545270952541,5.7142857142857135,33,35,2,0,33,35,2995,0,0,0,0,0
2020-09-09,US,Georgia,Glynn,3238,84,0,31.23279254,-81.53811412,13127.0,3796.370116775313,2.5941939468807904,3154,3218,83,0,3135,3197,85219,20,1,0,19,21
2020-09-09,US,Georgia,Gordon,1621,32,0,34.50487351,-84.87296253,13129.0,2796.6116315580625,1.974090067859346,1589,1607,31,0,1576,1598,57685,14,1,0,13,9
2020-09-09,US,Georgia,Grady,702,17,0,30.87454847,-84.23418364,13131.0,2849.8355864084765,2.421652421652422,685,698,17,0,681,695,24748,4,0,0,4,3
2020-09-09,US,Georgia,Greene,476,21,0,33.5769205,-83.17139104,13133.0,2597.68609473914,4.411764705882354,455,476,21,0,455,469,17698,0,0,0,0,7
2020-09-09,US,Georgia,Gwinnett,25376,361,0,33.96044201,-84.02137802,13135.0,2710.3871829105474,1.4226040353089533,25015,25215,359,0,24856,25127,927781,161,2,0,159,88
2020-09-09,US,Georgia,Habersham,1411,65,0,34.63331566,-83.53094677,13137.0,3112.866219555241,4.606661941885188,1346,1407,65,0,1342,1404,45388,4,0,0,4,3
2020-09-09,US,Georgia,Hall,8189,133,0,34.32207823,-83.81896936,13139.0,4005.5566153560194,1.6241299303944317,8056,8177,133,0,8044,8149,202148,12,0,0,12,28
2020-09-09,US,Georgia,Hancock,372,39,0,33.2721566,-82.99766919,13141.0,4398.722951401206,10.483870967741936,333,370,39,0,331,370,8348,2,0,0,2,0
2020-09-09,US,Georgia,Haralson,375,8,0,33.79602175,-85.21005667,13143.0,1258.7271750805585,2.1333333333333333,367,367,8,0,359,366,29533,8,0,0,8,1
2020-09-09,US,Georgia,Harris,753,21,0,32.73709786,-84.90538572,13145.0,2137.0189578839827,2.7888446215139444,732,748,21,0,727,747,34475,5,0,0,5,1
2020-09-09,US,Georgia,Hart,456,11,0,34.34626973,-82.96567682,13147.0,1740.1259301659989,2.4122807017543857,445,448,11,0,437,444,26099,8,0,0,8,4
2020-09-09,US,Georgia,Heard,180,5,0,33.29686567,-85.12886832,13149.0,1509.6871592719956,2.7777777777777777,175,180,5,0,175,180,11879,0,0,0,0,0
2020-09-09,US,Georgia,Henry,4633,90,0,33.4533428,-84.14814659999998,13151.0,1975.179164481734,1.9425857975393916,4543,4609,90,0,4519,4592,230220,24,0,0,24,17
2020-09-09,US,Georgia,Houston,2814,73,0,32.45802497,-83.66879087,13153.0,1782.5582942171375,2.594171997157072,2741,2793,72,0,2721,2770,155469,21,1,0,20,23
2020-09-09,US,Georgia,Irwin,250,4,0,31.60213036,-83.27501387,13155.0,2655.055225148683,1.6,246,246,4,0,242,245,9398,4,0,0,4,1
2020-09-09,US,Georgia,Jackson,1696,27,0,34.13794553,-83.56814788,13157.0,2324.019896679776,1.5919811320754718,1669,1665,27,0,1638,1654,70422,31,0,0,31,11
2020-09-09,US,Georgia,Jasper,200,4,0,33.31535543,-83.68844964,13159.0,1406.5686757155918,2.0,196,200,4,0,196,195,14040,0,0,0,0,5
2020-09-09,US,Georgia,Jeff Davis,672,13,0,31.80405727,-82.63724870000001,13161.0,4445.9146543169045,1.934523809523809,659,664,12,0,652,663,15029,8,1,0,7,1
2020-09-09,US,Georgia,Jefferson,727,20,0,33.05867328,-82.41609057,13163.0,4732.456711365708,2.751031636863824,707,713,20,0,693,709,15430,14,0,0,14,4
2020-09-09,US,Georgia,Jenkins,351,27,0,32.79248718,-81.96040187,13165.0,4045.6431535269694,7.6923076923076925,324,348,27,0,321,345,8683,3,0,0,3,3
2020-09-09,US,Georgia,Johnson,383,14,0,32.70211082,-82.66166794,13167.0,3971.793010473919,3.655352480417754,369,377,14,0,363,372,9708,6,0,0,6,5
2020-09-09,US,Georgia,Jones,498,4,0,33.02512137,-83.56019163,13169.0,1733.0781277188098,0.8032128514056225,494,491,4,0,487,488,28616,7,0,0,7,3
2020-09-09,US,Georgia,Lamar,334,17,0,33.07841647,-84.14263877,13171.0,1750.7993919379358,5.089820359281437,317,334,17,0,317,333,19000,0,0,0,0,1
2020-09-09,US,Georgia,Lanier,278,5,0,31.03828570000001,-83.06472457,13173.0,2667.1783555598195,1.7985611510791366,273,276,5,0,271,276,10340,2,0,0,2,0
2020-09-09,US,Georgia,Laurens,1455,52,0,32.46325233,-82.92221316,13175.0,3060.194338114668,3.573883161512028,1403,1428,52,0,1376,1416,47325,27,0,0,27,12
2020-09-09,US,Georgia,Lee,658,25,0,31.779330600000005,-84.14324253,13177.0,2193.9183782341956,3.7993920972644375,633,657,25,0,632,654,29764,1,0,0,1,3
2020-09-09,US,Georgia,Liberty,978,19,0,31.82588896,-81.49251135,13179.0,1591.926426304224,1.9427402862985683,959,968,19,0,949,959,61497,10,0,0,10,9
2020-09-09,US,Georgia,Lincoln,201,7,0,33.79201475,-82.45024131,13181.0,2537.5583890922862,3.4825870646766166,194,200,7,0,193,200,7915,1,0,0,1,0
2020-09-09,US,Georgia,Long,197,3,0,31.75218791,-81.74952375,13183.0,1007.2089575131653,1.5228426395939083,194,195,3,0,192,194,18998,2,0,0,2,1
2020-09-09,US,Georgia,Lowndes,3618,72,0,30.83568832,-83.27056716,13185.0,3081.614227552255,1.9900497512437807,3546,3606,72,0,3534,3596,116321,12,0,0,12,10
2020-09-09,US,Georgia,Lumpkin,790,12,0,34.57286511,-84.00425681,13187.0,2350.490925319845,1.5189873417721518,778,788,12,0,776,787,32955,2,0,0,2,1
2020-09-09,US,Georgia,Macon,214,10,0,32.35207048,-84.04234127,13193.0,1652.892561983471,4.672897196261682,204,214,10,0,204,213,13143,0,0,0,0,1
2020-09-09,US,Georgia,Madison,594,8,0,34.12920917,-83.21218732,13195.0,1987.951807228916,1.3468013468013469,586,581,8,0,573,567,29650,13,0,0,13,14
2020-09-09,US,Georgia,Marion,178,6,0,32.3483402,-84.52733571,13197.0,2129.441320732145,3.3707865168539324,172,178,6,0,172,178,8351,0,0,0,0,0
2020-09-09,US,Georgia,McDuffie,538,13,0,33.47851918,-82.48252774,13189.0,2524.3993993993995,2.41635687732342,525,538,13,0,525,529,21531,0,0,0,0,9
2020-09-09,US,Georgia,McIntosh,266,6,0,31.49683595,-81.40163426,13191.0,1850.048685491724,2.255639097744361,260,265,6,0,259,264,14340,1,0,0,1,1
2020-09-09,US,Georgia,Meriwether,508,11,0,33.04163534,-84.68859732,13199.0,2399.9622053196013,2.1653543307086616,497,506,11,0,495,505,21068,2,0,0,2,1
2020-09-09,US,Georgia,Miller,230,1,0,31.16568912,-84.73151117,13201.0,4022.3854494578522,0.43478260869565216,229,228,1,0,227,228,5686,2,0,0,2,0
2020-09-09,US,Georgia,Mitchell,741,45,0,31.22483255,-84.19381821,13205.0,3389.287837899648,6.0728744939271255,696,734,45,0,689,729,22192,7,0,0,7,5
2020-09-09,US,Georgia,Monroe,616,44,0,33.014289,-83.92097166,13207.0,2233.66451519327,7.142857142857142,572,615,43,0,572,610,27520,1,1,0,0,5
2020-09-09,US,Georgia,Montgomery,250,4,0,32.17201038,-82.53527476,13209.0,2725.686873092019,1.6,246,249,4,0,245,245,9193,1,0,0,1,4
2020-09-09,US,Georgia,Morgan,441,2,0,33.59232073,-83.49129491,13211.0,2287.8190495953518,0.453514739229025,439,440,2,0,438,436,18853,1,0,0,1,4
2020-09-09,US,Georgia,Murray,734,4,0,34.78897608,-84.74993177,13213.0,1830.6065442936954,0.5449591280653951,730,732,4,0,728,732,39921,2,0,0,2,0
2020-09-09,US,Georgia,Muscogee,5653,152,0,32.50931999,-84.87142262,13215.0,2887.5869008882923,2.6888377852467715,5501,5637,151,0,5486,5623,194160,16,1,0,15,14
2020-09-09,US,Georgia,Newton,2406,67,0,33.55514538,-83.84547140000002,13217.0,2153.135738831615,2.7847049044056527,2339,2390,65,0,2325,2381,109541,16,2,0,14,9
2020-09-09,US,Georgia,Oconee,635,21,0,33.83749973,-83.43679568,13219.0,1576.4647467725918,3.307086614173228,614,632,21,0,611,619,39272,3,0,0,3,13
2020-09-09,US,Georgia,Oglethorpe,294,11,0,33.878629600000004,-83.08278123,13221.0,1926.7317648600824,3.741496598639456,283,291,11,0,280,290,15054,3,0,0,3,1
2020-09-09,US,Georgia,Out of GA,16663,141,0,0.0,0.0,80013.0,0.0,0.8461861609554102,16522,16666,139,0,16527,16569,,-3,2,0,-5,97
2020-09-09,US,Georgia,Paulding,2491,42,0,33.91969522,-84.86848792,13223.0,1476.8745516313209,1.686069851465275,2449,2464,42,0,2422,2456,164044,27,0,0,27,8
2020-09-09,US,Georgia,Peach,594,18,0,32.56934316,-83.82937,13225.0,2156.3929427140056,3.0303030303030303,576,591,18,0,573,586,27297,3,0,0,3,5
2020-09-09,US,Georgia,Pickens,558,8,0,34.46589159,-84.46406611,13227.0,1712.129115399957,1.4336917562724014,550,551,8,0,543,542,31980,7,0,0,7,9
2020-09-09,US,Georgia,Pierce,543,14,0,31.35928155,-82.21598442,13229.0,2789.622399178012,2.5782688766114177,529,540,14,0,526,539,19389,3,0,0,3,1
2020-09-09,US,Georgia,Pike,291,8,0,33.09310242,-84.38790389,13231.0,1534.6482438561334,2.7491408934707904,283,290,8,0,282,288,18634,1,0,0,1,2
2020-09-09,US,Georgia,Polk,1295,17,0,34.00267074,-85.18677781,13233.0,3038.978715415484,1.3127413127413128,1278,1281,17,0,1264,1279,42470,14,0,0,14,2
2020-09-09,US,Georgia,Pulaski,279,11,0,32.23334561,-83.47549959999998,13235.0,2505.162970279249,3.942652329749104,268,275,11,0,264,270,11069,4,0,0,4,5
2020-09-09,US,Georgia,Putnam,646,21,0,33.32056115,-83.37552891,13237.0,2920.5660292056605,3.2507739938080493,625,644,21,0,623,640,21809,2,0,0,2,4
2020-09-09,US,Georgia,Quitman,31,1,0,31.86728114,-85.01773177,13239.0,1348.4123531970422,3.2258064516129035,30,31,1,0,30,31,2279,0,0,0,0,0
2020-09-09,US,Georgia,Rabun,301,7,0,34.88389445,-83.40304637,13241.0,1756.4334480947657,2.3255813953488373,294,299,7,0,292,297,16867,2,0,0,2,2
2020-09-09,US,Georgia,Randolph,322,27,0,31.76622818,-84.75732369,13243.0,4750.663912658602,8.385093167701863,295,322,27,0,295,320,6833,0,0,0,0,2
2020-09-09,US,Georgia,Richmond,6366,143,0,33.35777107,-82.07026432,13245.0,3143.424288211417,2.2463085139805217,6223,6331,139,0,6192,6248,201554,35,4,0,31,83
2020-09-09,US,Georgia,Rockdale,1724,32,0,33.65145002,-84.02202167,13247.0,1896.6731209294144,1.8561484918793505,1692,1718,33,0,1685,1711,90594,6,-1,0,7,7
2020-09-09,US,Georgia,Schley,101,2,0,32.2654021,-84.31258912,13249.0,1921.2478599961953,1.98019801980198,99,99,2,0,97,97,5236,2,0,0,2,2
2020-09-09,US,Georgia,Screven,327,9,0,32.74976524,-81.60779441,13251.0,2341.40054417872,2.7522935779816518,318,316,9,0,307,315,13938,11,0,0,11,1
2020-09-09,US,Georgia,Seminole,314,8,0,30.93464824,-84.86823924,13253.0,3881.334981458591,2.5477707006369426,306,313,8,0,305,312,8315,1,0,0,1,1
2020-09-09,US,Georgia,Spalding,1230,54,0,33.26310031,-84.28013991,13255.0,1843.9950227126212,4.390243902439025,1176,1221,54,0,1167,1217,66100,9,0,0,9,4
2020-09-09,US,Georgia,Stephens,909,29,0,34.55151201,-83.29405315,13257.0,3506.2680810028933,3.1903190319031904,880,909,28,0,881,898,26035,0,1,0,-1,11
2020-09-09,US,Georgia,Stewart,386,11,0,32.07996777,-84.83208037,13259.0,5829.935055127625,2.8497409326424865,375,377,11,0,366,377,6199,9,0,0,9,0
2020-09-09,US,Georgia,Sumter,893,60,0,32.03650571,-84.19821492,13261.0,3024.657905432868,6.718924972004478,833,891,60,0,831,886,29733,2,0,0,2,5
2020-09-09,US,Georgia,Talbot,155,5,0,32.69642758,-84.53351366,13263.0,2502.0177562550443,3.2258064516129035,150,155,5,0,150,155,6272,0,0,0,0,0
2020-09-09,US,Georgia,Taliaferro,19,0,0,33.56543317,-82.88136816,13265.0,1236.174365647365,0.0,19,19,0,0,19,19,1608,0,0,0,0,0
2020-09-09,US,Georgia,Tattnall,722,8,0,32.04785085,-82.05539188,13267.0,2855.3349679664643,1.10803324099723,714,717,8,0,709,712,25391,5,0,0,5,5
2020-09-09,US,Georgia,Taylor,169,8,0,32.55792548,-84.25077141,13269.0,2107.2319201995015,4.733727810650888,161,167,7,0,160,164,8039,2,1,0,1,3
2020-09-09,US,Georgia,Telfair,364,15,0,31.92829517,-82.93491155,13271.0,2295.081967213115,4.12087912087912,349,361,15,0,346,360,15876,3,0,0,3,1
2020-09-09,US,Georgia,Terrell,324,31,0,31.77527543,-84.44069698,13273.0,3797.9134919704607,9.567901234567902,293,324,31,0,293,322,8611,0,0,0,0,2
2020-09-09,US,Georgia,Thomas,1435,58,0,30.86392347,-83.91847289,13275.0,3199.0281433488562,4.041811846689895,1377,1435,58,0,1377,1460,44448,0,0,0,0,-25
2020-09-09,US,Georgia,Tift,1596,52,0,31.45743864,-83.5236119,13277.0,3926.778860348391,3.2581453634085213,1544,1584,51,0,1533,1579,40571,12,1,0,11,5
2020-09-09,US,Georgia,Toombs,1178,30,0,32.12059861,-82.32957247,13279.0,4390.6075288855745,2.546689303904924,1148,1163,29,0,1134,1153,26887,15,1,0,14,10
2020-09-09,US,Georgia,Towns,240,7,0,34.91369188,-83.74107459999998,13281.0,1993.8522887762729,2.9166666666666665,233,234,7,0,227,227,11852,6,0,0,6,7
2020-09-09,US,Georgia,Treutlen,233,5,0,32.40422134,-82.56904553,13283.0,3376.322272134473,2.145922746781116,228,231,5,0,226,229,6809,2,0,0,2,2
2020-09-09,US,Georgia,Troup,2669,91,0,33.03349196,-85.02812115,13285.0,3817.110494551071,3.4095166729112028,2578,2663,90,0,2573,2655,70034,6,1,0,5,8
2020-09-09,US,Georgia,Turner,287,21,0,31.71612656,-83.62069378,13287.0,3594.239198497183,7.317073170731707,266,283,21,0,262,283,7912,4,0,0,4,0
2020-09-09,US,Georgia,Twiggs,172,7,0,32.67435595,-83.43078662,13289.0,2118.2266009852215,4.069767441860465,165,171,7,0,164,170,8188,1,0,0,1,1
2020-09-09,US,Georgia,Unassigned,2409,3,0,0.0,0.0,90013.0,0.0,0.12453300124533,2406,2386,3,0,2383,2492,,23,0,0,23,-106
2020-09-09,US,Georgia,Union,538,14,0,34.82995757,-83.98967069,13291.0,2194.932887275101,2.6022304832713754,524,534,14,0,520,529,24001,4,0,0,4,5
2020-09-09,US,Georgia,Upson,693,59,0,32.87920671,-84.30024826,13293.0,2632.978723404255,8.513708513708513,634,690,59,0,631,688,26215,3,0,0,3,2
2020-09-09,US,Georgia,Walker,1179,26,0,34.73376362,-85.30165174,13295.0,1690.0560485084784,2.2052586938083123,1153,1150,25,0,1125,1144,69410,29,1,0,28,6
2020-09-09,US,Georgia,Walton,1623,49,0,33.78017694,-83.73552314,13297.0,1715.7717801528656,3.019100431300062,1574,1613,48,0,1565,1597,93503,10,1,0,9,16
2020-09-09,US,Georgia,Ware,1389,49,0,31.05449097,-82.42224148,13299.0,3887.054346001009,3.5277177825773935,1340,1384,47,0,1337,1378,35680,5,2,0,3,6
2020-09-09,US,Georgia,Warren,124,5,0,33.41146451,-82.67795848,13301.0,2360.106585458698,4.032258064516129,119,124,5,0,119,124,5251,0,0,0,0,0
2020-09-09,US,Georgia,Washington,631,7,0,32.96711864,-82.79357039,13303.0,3097.084519485619,1.109350237717908,624,630,6,0,624,630,20386,1,1,0,0,0
2020-09-09,US,Georgia,Wayne,1025,26,0,31.5521809,-81.91894878,13305.0,3425.0008353660573,2.5365853658536586,999,1019,26,0,993,1014,29808,6,0,0,6,5
2020-09-09,US,Georgia,Webster,41,2,0,32.04066113,-84.54742852,13307.0,1572.6889144610666,4.878048780487805,39,41,2,0,39,40,2611,0,0,0,0,1
2020-09-09,US,Georgia,Wheeler,160,8,0,32.12009104,-82.72574721,13309.0,2036.9191597708466,5.0,152,154,8,0,146,154,7879,6,0,0,6,0
2020-09-09,US,Georgia,White,598,16,0,34.64624278,-83.74905525,13311.0,1941.6845249691544,2.6755852842809364,582,593,16,0,577,592,29970,5,0,0,5,1
2020-09-09,US,Georgia,Whitfield,4177,55,0,34.80987459,-84.96093476,13313.0,3992.239171158772,1.3167344984438591,4122,4164,55,0,4109,4150,104062,13,0,0,13,14
2020-09-09,US,Georgia,Wilcox,228,20,0,31.97496928,-83.43438555,13315.0,2640.416907932832,8.771929824561402,208,228,20,0,208,228,8812,0,0,0,0,0
2020-09-09,US,Georgia,Wilkes,239,3,0,33.78290391,-82.74286107,13317.0,2444.5126316866117,1.2552301255230125,236,237,3,0,234,236,9876,2,0,0,2,1
2020-09-09,US,Georgia,Wilkinson,305,17,0,32.80291082,-83.17140684,13319.0,3406.298860844315,5.573770491803278,288,302,17,0,285,298,9036,3,0,0,3,4
2020-09-09,US,Georgia,Worth,516,29,0,31.55162306,-83.85090513,13321.0,2548.525707512224,5.62015503875969,487,514,29,0,485,514,20299,2,0,0,2,0
2020-09-09,US,Hawaii,Hawaii,533,3,0,19.60121157,-155.5210167,15001.0,264.49906457647893,0.5628517823639775,530,523,3,0,520,517,200983,10,0,0,10,6
2020-09-09,US,Hawaii,Honolulu,9146,78,0,21.45803166,-157.97121819999995,15003.0,938.4719099740088,0.8528318390553248,9068,9058,75,0,8983,9000,980080,88,3,0,85,58
2020-09-09,US,Hawaii,Kauai,58,0,0,22.03935037,-159.5966786,15007.0,80.2290678212275,0.0,58,58,0,0,58,58,72133,0,0,0,0,0
2020-09-09,US,Hawaii,Maui,360,9,0,20.86399628,-156.56890969999995,15009.0,215.0319262679417,2.5,351,360,9,0,351,358,167207,0,0,0,0,2
2020-09-09,US,Hawaii,Out of HI,26,1,0,0.0,0.0,80015.0,0.0,3.8461538461538463,25,26,1,0,25,26,,0,0,0,0,0
2020-09-09,US,Idaho,Ada,11750,138,0,43.4526575,-116.24155159999998,16001.0,2439.849912892167,1.1744680851063831,11612,11411,128,0,11283,11411,469966,339,10,0,329,0
2020-09-09,US,Idaho,Adams,26,1,0,44.89333571,-116.4545247,16003.0,605.4960409874243,3.8461538461538463,25,25,0,0,25,25,4250,1,1,0,0,0
2020-09-09,US,Idaho,Bannock,709,4,0,42.67002716,-112.2233311,16005.0,807.4435131195337,0.5641748942172073,705,642,3,0,639,642,87138,67,1,0,66,0
2020-09-09,US,Idaho,Bear Lake,31,0,0,42.28269683,-111.32892379999998,16007.0,506.1224489795918,0.0,31,31,0,0,31,31,6050,0,0,0,0,0
2020-09-09,US,Idaho,Benewah,123,2,0,47.21754179,-116.6586851,16009.0,1322.8651322865132,1.6260162601626016,121,119,2,0,117,119,9226,4,0,0,4,0
2020-09-09,US,Idaho,Bingham,549,9,0,43.21672879999999,-112.3978437,16011.0,1172.8012646600155,1.639344262295082,540,458,5,0,453,458,46236,91,4,0,87,0
2020-09-09,US,Idaho,Blaine,608,6,0,43.4085812,-113.9752658,16013.0,2641.066852004692,0.986842105263158,602,606,6,0,600,606,22601,2,0,0,2,0
2020-09-09,US,Idaho,Boise,62,1,0,43.98829931,-115.7309284,16015.0,791.7251947388584,1.6129032258064515,61,63,1,0,62,63,7634,-1,0,0,-1,0
2020-09-09,US,Idaho,Bonner,234,0,0,48.29996017,-116.6017932,16017.0,511.59841710575216,0.0,234,221,0,0,221,221,44727,13,0,0,13,0
2020-09-09,US,Idaho,Bonneville,2025,13,0,43.38713372,-111.6161537,16019.0,1700.7945440190827,0.6419753086419753,2012,1884,11,0,1873,1884,116854,141,2,0,139,0
2020-09-09,US,Idaho,Boundary,45,1,0,48.76684761,-116.4630179,16021.0,367.49693752552076,2.2222222222222223,44,44,1,0,43,44,11948,1,0,0,1,0
2020-09-09,US,Idaho,Butte,24,0,0,43.72592209,-113.1735463,16023.0,924.1432422025414,0.0,24,16,0,0,16,16,2611,8,0,0,8,0
2020-09-09,US,Idaho,Camas,4,0,0,43.46665742,-114.8065892,16025.0,361.6636528028933,0.0,4,4,0,0,4,4,1127,0,0,0,0,0
2020-09-09,US,Idaho,Canyon,7575,88,0,43.61970148,-116.70954990000001,16027.0,3295.6419214353773,1.1617161716171618,7487,7332,81,0,7251,7332,223499,243,7,0,236,0
2020-09-09,US,Idaho,Caribou,46,0,0,42.77149116,-111.5597683,16029.0,642.9070580013978,0.0,46,41,0,0,41,41,7060,5,0,0,5,0
2020-09-09,US,Idaho,Cassia,592,5,0,42.28347888,-113.6012409,16031.0,2463.5871826883067,0.8445945945945946,587,586,4,0,582,586,23864,6,1,0,5,0
2020-09-09,US,Idaho,Clark,23,0,0,44.28496071,-112.35057040000001,16033.0,2721.8934911242604,0.0,23,21,0,0,21,21,852,2,0,0,2,0
2020-09-09,US,Idaho,Clearwater,27,0,0,46.67459924,-115.6622393,16035.0,308.3599817268159,0.0,27,22,0,0,22,22,8758,5,0,0,5,0
2020-09-09,US,Idaho,Custer,44,0,0,44.24186819,-114.2855494,16037.0,1019.6987253765933,0.0,44,42,0,0,42,42,4280,2,0,0,2,0
2020-09-09,US,Idaho,Elmore,303,3,0,43.3507101,-115.4701578,16039.0,1101.3776307658754,0.99009900990099,300,293,3,0,290,293,27259,10,0,0,10,0
2020-09-09,US,Idaho,Franklin,61,0,0,42.18332217,-111.81496659999999,16041.0,439.60795618333816,0.0,61,58,0,0,58,58,13726,3,0,0,3,0
2020-09-09,US,Idaho,Fremont,129,3,0,44.22800938,-111.48099429999999,16043.0,984.8080006107336,2.3255813953488373,126,118,2,0,116,118,13168,11,1,0,10,0
2020-09-09,US,Idaho,Gem,244,2,0,44.06482372,-116.398376,16045.0,1347.173144876325,0.819672131147541,242,229,2,0,227,229,17634,15,0,0,15,0
2020-09-09,US,Idaho,Gooding,245,1,0,42.96927962,-114.81083059999999,16047.0,1614.072073259108,0.4081632653061225,244,240,1,0,239,240,15196,5,0,0,5,0
2020-09-09,US,Idaho,Idaho,50,0,0,45.84721541,-115.4634436,16049.0,299.9940001199976,0.0,50,44,0,0,44,44,16513,6,0,0,6,0
2020-09-09,US,Idaho,Jefferson,382,1,0,43.82078483,-112.3131749,16051.0,1278.8323122761205,0.2617801047120419,381,370,1,0,369,370,29439,12,0,0,12,0
2020-09-09,US,Idaho,Jerome,661,6,0,42.68891267,-114.2655033,16053.0,2707.6847452072752,0.907715582450832,655,617,6,0,611,617,24015,44,0,0,44,0
2020-09-09,US,Idaho,Kootenai,2302,31,0,47.67282258,-116.7020872,16055.0,1389.2828476073798,1.3466550825369243,2271,2237,30,0,2207,2237,161505,65,1,0,64,0
2020-09-09,US,Idaho,Latah,265,0,0,46.81587887,-116.71136979999999,16057.0,660.7160666201256,0.0,265,250,0,0,250,250,40134,15,0,0,15,0
2020-09-09,US,Idaho,Lemhi,71,0,0,44.9438088,-113.9309747,16059.0,884.5147626759688,0.0,71,70,0,0,70,70,7961,1,0,0,1,0
2020-09-09,US,Idaho,Lewis,11,0,0,46.23315327,-116.434146,16061.0,286.607608129234,0.0,11,9,0,0,9,9,3861,2,0,0,2,0
2020-09-09,US,Idaho,Lincoln,74,0,0,43.0012336,-114.1358773,16063.0,1379.0532985464033,0.0,74,70,0,0,70,70,5360,4,0,0,4,0
2020-09-09,US,Idaho,Madison,300,0,0,43.78141028,-111.65384740000002,16065.0,751.7478136667752,0.0,300,260,0,0,260,260,39304,40,0,0,40,0
2020-09-09,US,Idaho,Minidoka,564,3,0,42.85518524,-113.6357257,16067.0,2728.266552592804,0.5319148936170213,561,564,3,0,561,564,20825,0,0,0,0,0
2020-09-09,US,Idaho,Nez Perce,350,19,0,46.32638236,-116.75009750000001,16069.0,866.1651158186497,5.428571428571429,331,317,19,0,298,317,40408,33,0,0,33,0
2020-09-09,US,Idaho,Oneida,22,0,0,42.19494279999999,-112.5407838,16071.0,485.5440300154492,0.0,22,22,0,0,22,22,4488,0,0,0,0,0
2020-09-09,US,Idaho,Owyhee,316,5,0,42.58016894,-116.16938710000001,16073.0,2672.7564915842004,1.5822784810126582,311,306,5,0,301,306,11693,10,0,0,10,0
2020-09-09,US,Idaho,Payette,750,4,0,44.00545243,-116.7647695,16075.0,3131.3932612417025,0.5333333333333333,746,713,4,0,709,713,23551,37,0,0,37,0
2020-09-09,US,Idaho,Power,146,0,0,42.69254894,-112.83957420000002,16077.0,1900.7941674261167,0.0,146,131,0,0,131,131,7768,15,0,0,15,0
2020-09-09,US,Idaho,Shoshone,206,17,0,47.35364087,-115.89167490000001,16079.0,1599.1305697873001,8.25242718446602,189,198,15,0,183,198,12796,8,2,0,6,0
2020-09-09,US,Idaho,Teton,135,0,0,43.75303583,-111.2056773,16081.0,1111.8431889309834,0.0,135,128,0,0,128,128,11640,7,0,0,7,0
2020-09-09,US,Idaho,Twin Falls,1818,35,0,42.35440512,-114.6685381,16083.0,2092.5896084164,1.9251925192519248,1783,1734,34,0,1700,1734,86081,84,1,0,83,0
2020-09-09,US,Idaho,Unassigned,1054,17,0,0.0,0.0,90016.0,0.0,1.6129032258064515,1037,1054,17,0,1037,814,,0,0,0,0,240
2020-09-09,US,Idaho,Valley,86,1,0,44.76728382,-115.5676773,16085.0,754.9157303370787,1.162790697674419,85,85,1,0,84,85,11041,1,0,0,1,0
2020-09-09,US,Idaho,Washington,311,4,0,44.45275475,-116.78476880000001,16087.0,3050.8142044339806,1.2861736334405145,307,293,4,0,289,293,10161,18,0,0,18,0
2020-09-09,US,Illinois,Adams,829,10,0,39.98815591,-91.18786813,17001.0,1266.90609001299,1.20627261761158,819,820,9,0,811,819,65691,9,1,0,8,1
2020-09-09,US,Illinois,Alexander,51,1,0,37.18049267,-89.32910838,17003.0,885.2629751779207,1.96078431372549,50,51,1,0,50,50,6060,0,0,0,0,1
2020-09-09,US,Illinois,Bond,212,4,0,38.88829622,-89.43534887,17005.0,1290.6367953244855,1.8867924528301887,208,209,4,0,205,209,16630,3,0,0,3,0
2020-09-09,US,Illinois,Boone,932,23,0,42.32359279,-88.82345779,17007.0,1740.6245330942777,2.467811158798283,909,924,23,0,901,915,53577,8,0,0,8,9
2020-09-09,US,Illinois,Brown,25,0,0,39.96209138,-90.75068024,17009.0,380.0547278808148,0.0,25,25,0,0,25,24,6556,0,0,0,0,1
2020-09-09,US,Illinois,Bureau,463,9,0,41.40385234,-89.5283051,17011.0,1419.0266029177396,1.9438444924406049,454,453,9,0,444,453,32993,10,0,0,10,0
2020-09-09,US,Illinois,Calhoun,33,0,0,39.16840183,-90.66330078,17013.0,696.3494408102977,0.0,33,33,0,0,33,33,4802,0,0,0,0,0
2020-09-09,US,Illinois,Carroll,151,4,0,42.06823429,-89.93395545,17015.0,1055.5749737853896,2.6490066225165565,147,150,4,0,146,149,14312,1,0,0,1,1
2020-09-09,US,Illinois,Cass,337,11,0,39.96991073,-90.24734436,17017.0,2774.347575533053,3.264094955489614,326,337,11,0,326,337,12260,0,0,0,0,0
2020-09-09,US,Illinois,Champaign,3728,20,0,40.13919438,-88.20046615,17019.0,1777.8710375842318,0.5364806866952789,3708,3628,20,0,3608,3468,209983,100,0,0,100,160
2020-09-09,US,Illinois,Christian,269,7,0,39.54581621,-89.27780482,17021.0,832.7142149578999,2.6022304832713754,262,267,6,0,261,267,32661,2,1,0,1,0
2020-09-09,US,Illinois,Clark,122,2,0,39.33425789,-87.78705622,17023.0,790.1042678582993,1.639344262295082,120,121,2,0,119,122,15596,1,0,0,1,-1
2020-09-09,US,Illinois,Clay,114,0,0,38.75388572,-88.48914513,17025.0,864.6844660194175,0.0,114,114,0,0,114,113,13253,0,0,0,0,1
2020-09-09,US,Illinois,Clinton,884,19,0,38.60704876,-89.42385254,17027.0,2353.4423087162563,2.1493212669683257,865,869,19,0,850,857,37639,15,0,0,15,12
2020-09-09,US,Illinois,Coles,1151,25,0,39.51949084,-88.22358557,17029.0,2273.7599020169496,2.172024326672459,1126,1146,24,0,1122,1125,50885,5,1,0,4,21
2020-09-09,US,Illinois,Cook,132401,5100,0,41.84144849,-87.81658794,17031.0,2570.776894948248,3.851934653061533,127301,132072,5098,0,126974,131622,5180493,329,2,0,327,450
2020-09-09,US,Illinois,Crawford,181,1,0,39.0032229,-87.75954624,17033.0,969.6255424010285,0.5524861878453039,180,177,1,0,176,167,18807,4,0,0,4,10
2020-09-09,US,Illinois,Cumberland,172,4,0,39.27432424,-88.2401158,17035.0,1597.6221437859924,2.3255813953488373,168,170,4,0,166,165,10808,2,0,0,2,5
2020-09-09,US,Illinois,De Witt,61,1,0,40.17514519,-88.90959682,17039.0,390.07545721959326,1.639344262295082,60,60,1,0,59,58,15769,1,0,0,1,2
2020-09-09,US,Illinois,DeKalb,1273,36,0,41.89373302,-88.76958483,17037.0,1213.571408143226,2.8279654359780046,1237,1259,36,0,1223,1249,104143,14,0,0,14,10
2020-09-09,US,Illinois,Douglas,242,5,0,39.76768052,-88.21854195,17041.0,1243.2571281787825,2.066115702479338,237,240,5,0,235,241,19479,2,0,0,2,-1
2020-09-09,US,Illinois,DuPage,15592,540,0,41.85116968,-88.08642662,17043.0,1689.4187043094696,3.4633145202668034,15052,15499,540,0,14959,15385,928589,93,0,0,93,114
2020-09-09,US,Illinois,Edgar,96,2,0,39.6809186,-87.74759563,17045.0,559.4079599090962,2.083333333333333,94,96,2,0,94,95,17360,0,0,0,0,1
2020-09-09,US,Illinois,Edwards,48,0,0,38.41353228,-88.05720863,17047.0,750.5863956215794,0.0,48,48,0,0,48,47,6392,0,0,0,0,1
2020-09-09,US,Illinois,Effingham,680,1,0,39.05935711,-88.58969584,17049.0,1999.5295224653025,0.14705882352941174,679,664,1,0,663,656,34208,16,0,0,16,8
2020-09-09,US,Illinois,Fayette,217,3,0,39.00072038,-89.02452658,17051.0,1017.0603674540685,1.3824884792626728,214,217,3,0,214,214,21416,0,0,0,0,3
2020-09-09,US,Illinois,Ford,79,3,0,40.59706922,-88.22350769,17053.0,609.5208703032173,3.79746835443038,76,79,3,0,76,79,13264,0,0,0,0,0
2020-09-09,US,Illinois,Franklin,389,1,0,37.99189086,-88.92567818,17055.0,1011.2038264576672,0.2570694087403599,388,387,1,0,386,382,38701,2,0,0,2,5
2020-09-09,US,Illinois,Fulton,108,0,0,40.47289135,-90.20862357,17057.0,314.502038439138,0.0,108,104,0,0,104,103,34844,4,0,0,4,1
2020-09-09,US,Illinois,Gallatin,67,2,0,37.76430935,-88.22953869,17059.0,1387.738193869097,2.985074626865672,65,67,2,0,65,67,5058,0,0,0,0,0
2020-09-09,US,Illinois,Greene,161,1,0,39.35907414,-90.388865,17061.0,1241.4218521088749,0.6211180124223602,160,160,1,0,159,158,13044,1,0,0,1,2
2020-09-09,US,Illinois,Grundy,553,5,0,41.28569601,-88.41905692,17063.0,1083.1668429506012,0.9041591320072332,548,550,5,0,545,548,50972,3,0,0,3,2
2020-09-09,US,Illinois,Hamilton,49,0,0,38.08163641,-88.53883373,17065.0,603.7456875308034,0.0,49,47,0,0,47,47,8163,2,0,0,2,0
2020-09-09,US,Illinois,Hancock,164,2,0,40.40423981,-91.16313899,17067.0,926.1350801897447,1.2195121951219512,162,159,2,0,157,159,17844,5,0,0,5,0
2020-09-09,US,Illinois,Hardin,23,0,0,37.51810645,-88.26873022,17069.0,601.9366657942946,0.0,23,22,0,0,22,22,3910,1,0,0,1,0
2020-09-09,US,Illinois,Henderson,57,0,0,40.81908672,-90.92491462,17071.0,857.6587421005116,0.0,57,57,0,0,57,56,6709,0,0,0,0,1
2020-09-09,US,Illinois,Henry,544,3,0,41.3533994,-90.13296166,17073.0,1112.1787663811256,0.5514705882352942,541,541,3,0,538,533,49090,3,0,0,3,8
2020-09-09,US,Illinois,Iroquois,321,19,0,40.74717633,-87.82466784,17075.0,1183.8902412038062,5.919003115264799,302,319,19,0,300,319,27604,2,0,0,2,0
2020-09-09,US,Illinois,Jackson,1086,24,0,37.78595185,-89.38232563,17077.0,1913.6563876651983,2.209944751381216,1062,1072,23,0,1049,1067,57419,14,1,0,13,5
2020-09-09,US,Illinois,Jasper,167,7,0,39.01054275,-88.15437049,17079.0,1737.7731529656608,4.1916167664670665,160,166,7,0,159,162,9611,1,0,0,1,4
2020-09-09,US,Illinois,Jefferson,499,37,0,38.29980057,-88.9240025,17081.0,1324.1694087676467,7.414829659318638,462,499,37,0,462,498,37820,0,0,0,0,1
2020-09-09,US,Illinois,Jersey,326,7,0,39.08869046,-90.35393073,17083.0,1497.2672576126395,2.147239263803681,319,324,6,0,318,321,21847,2,1,0,1,3
2020-09-09,US,Illinois,Jo Daviess,200,2,0,42.36542373,-90.21094405,17085.0,941.8412997409937,1.0,198,199,2,0,197,198,21366,1,0,0,1,1
2020-09-09,US,Illinois,Johnson,126,0,0,37.45939802,-88.88165419,17087.0,1014.7378593863252,0.0,126,126,0,0,126,125,12456,0,0,0,0,1
2020-09-09,US,Illinois,Kane,11826,317,0,41.93842729,-88.42861412,17089.0,2221.2496924322368,2.680534415694233,11509,11761,316,0,11445,11735,534216,65,1,0,64,26
2020-09-09,US,Illinois,Kankakee,2435,72,0,41.13746989,-87.86205334,17091.0,2216.4169594582295,2.9568788501026693,2363,2426,72,0,2354,2415,110024,9,0,0,9,11
2020-09-09,US,Illinois,Kendall,1761,25,0,41.59081014,-88.42869583,17093.0,1365.222110241104,1.419647927314026,1736,1746,25,0,1721,1739,127915,15,0,0,15,7
2020-09-09,US,Illinois,Knox,505,3,0,40.93148779,-90.21330340000002,17095.0,1016.1170244874144,0.594059405940594,502,498,3,0,495,497,50112,7,0,0,7,1
2020-09-09,US,Illinois,LaSalle,1419,54,0,41.34426129999999,-88.88633881,17099.0,1305.8001822046765,3.8054968287526423,1365,1413,53,0,1360,1406,109430,6,1,0,5,7
2020-09-09,US,Illinois,Lake,15379,475,0,42.3224907,-88.00367925,17097.0,2207.929249786443,3.088627348982379,14904,15349,473,0,14876,15250,700832,30,2,0,28,99
2020-09-09,US,Illinois,Lawrence,206,0,0,38.71987914,-87.72884035,17101.0,1313.943104987881,0.0,206,205,0,0,205,199,15765,1,0,0,1,6
2020-09-09,US,Illinois,Lee,287,1,0,41.74583951,-89.29977132,17103.0,841.7409666823088,0.3484320557491289,286,283,1,0,282,283,34223,4,0,0,4,0
2020-09-09,US,Illinois,Livingston,245,4,0,40.89188292,-88.55784752,17105.0,687.2755834829442,1.6326530612244898,241,245,4,0,241,243,35761,0,0,0,0,2
2020-09-09,US,Illinois,Logan,346,1,0,40.12581572,-89.36638784,17107.0,1209.0292822699,0.28901734104046245,345,323,1,0,322,321,28925,23,0,0,23,2
2020-09-09,US,Illinois,Macon,1139,29,0,39.86064913,-88.96342505,17115.0,1095.0975396359931,2.546093064091308,1110,1129,28,0,1101,1114,104712,10,1,0,9,15
2020-09-09,US,Illinois,Macoupin,410,6,0,39.26119767,-89.92424028,17117.0,912.6118505987623,1.4634146341463414,404,402,6,0,396,396,45313,8,0,0,8,6
2020-09-09,US,Illinois,Madison,4631,113,0,38.83042506,-89.90422563,17119.0,1761.0641679912992,2.440077736989851,4518,4585,108,0,4477,4536,264461,46,5,0,41,49
2020-09-09,US,Illinois,Marion,375,0,0,38.64963204,-88.91899208,17121.0,1007.9290417954576,0.0,375,368,0,0,368,365,37620,7,0,0,7,3
2020-09-09,US,Illinois,Marshall,60,0,0,41.0327901,-89.34510444,17123.0,524.5672320335723,0.0,60,59,0,0,59,57,11534,1,0,0,1,2
2020-09-09,US,Illinois,Mason,100,1,0,40.23917274,-89.91824452,17125.0,748.5590238790329,1.0,99,97,1,0,96,97,13565,3,0,0,3,0
2020-09-09,US,Illinois,Massac,74,1,0,37.22078441,-88.71036614,17127.0,537.3221028173105,1.351351351351351,73,74,1,0,73,74,14080,0,0,0,0,0
2020-09-09,US,Illinois,McDonough,352,15,0,40.45674722,-90.67775541,17109.0,1185.9039148305376,4.261363636363637,337,336,15,0,321,335,29955,16,0,0,16,1
2020-09-09,US,Illinois,McHenry,4161,116,0,42.32451172,-88.45248227,17111.0,1351.9660530129252,2.7877913962989664,4045,4139,116,0,4023,4109,308570,22,0,0,22,30
2020-09-09,US,Illinois,McLean,2697,17,0,40.48996987,-88.84621113,17113.0,1572.4388836092048,0.6303299962921765,2680,2662,17,0,2645,2640,172828,35,0,0,35,22
2020-09-09,US,Illinois,Menard,85,0,0,40.02742725,-89.80246001,17129.0,696.9498196129878,0.0,85,81,0,0,81,79,12288,4,0,0,4,2
2020-09-09,US,Illinois,Mercer,113,5,0,41.20596782,-90.74290052,17131.0,732.0075144134222,4.424778761061948,108,113,5,0,108,113,15601,0,0,0,0,0
2020-09-09,US,Illinois,Monroe,551,15,0,38.27594376,-90.17761038,17133.0,1590.7844212835987,2.722323049001815,536,533,15,0,518,529,34335,18,0,0,18,4
2020-09-09,US,Illinois,Montgomery,274,11,0,39.23198845,-89.47809254,17135.0,964.3133666502428,4.014598540145985,263,270,11,0,259,268,28601,4,0,0,4,2
2020-09-09,US,Illinois,Morgan,579,21,0,39.71654544,-90.20255104,17137.0,1720.2448154970587,3.6269430051813467,558,577,21,0,556,576,33976,2,0,0,2,1
2020-09-09,US,Illinois,Moultrie,181,3,0,39.64187451,-88.62099969,17139.0,1248.1897800151714,1.6574585635359116,178,181,3,0,178,180,14717,0,0,0,0,1
2020-09-09,US,Illinois,Ogle,531,5,0,42.04165196,-89.32184679,17141.0,1048.5160831704284,0.9416195856873822,526,526,5,0,521,523,50923,5,0,0,5,3
2020-09-09,US,Illinois,Out of IL,4,0,0,0.0,0.0,80017.0,0.0,0.0,4,,,,,,,,,,,
2020-09-09,US,Illinois,Peoria,2712,42,0,40.78702156,-89.76078901,17143.0,1513.5702286540275,1.5486725663716814,2670,2659,41,0,2618,2647,180621,53,1,0,52,12
2020-09-09,US,Illinois,Perry,309,13,0,38.08510853,-89.36856219,17145.0,1477.3379231210556,4.207119741100324,296,309,13,0,296,308,21174,0,0,0,0,1
2020-09-09,US,Illinois,Piatt,99,0,0,40.01360584,-88.59319339,17147.0,605.7268722466961,0.0,99,98,0,0,98,98,16396,1,0,0,1,0
2020-09-09,US,Illinois,Pike,85,1,0,39.62265059,-90.8877017,17149.0,546.2373883426516,1.1764705882352942,84,82,1,0,81,80,15611,3,0,0,3,2
2020-09-09,US,Illinois,Pope,23,1,0,37.41391284,-88.56152109,17151.0,550.6344266219775,4.3478260869565215,22,23,1,0,22,23,4212,0,0,0,0,0
2020-09-09,US,Illinois,Pulaski,140,1,0,37.22631423,-89.13085001,17153.0,2624.179943767573,0.7142857142857143,139,140,1,0,139,140,5463,0,0,0,0,0
2020-09-09,US,Illinois,Putnam,26,0,0,41.2013541,-89.2869272,17155.0,453.0405994075624,0.0,26,22,0,0,22,22,5740,4,0,0,4,0
2020-09-09,US,Illinois,Randolph,802,7,0,38.05095369,-89.82512254,17157.0,2523.440941413379,0.8728179551122195,795,801,7,0,794,801,32106,1,0,0,1,0
2020-09-09,US,Illinois,Richland,96,4,0,38.71240969,-88.08475366,17159.0,618.8358151228002,4.166666666666667,92,91,4,0,87,84,15763,5,0,0,5,7
2020-09-09,US,Illinois,Rock Island,2510,65,0,41.46613806,-90.57042164,17161.0,1769.1131175156295,2.589641434262948,2445,2507,63,0,2444,2479,143477,3,2,0,1,28
2020-09-09,US,Illinois,Saline,191,3,0,37.75332999,-88.54119706,17165.0,813.0773487718701,1.5706806282722514,188,186,3,0,183,184,23906,5,0,0,5,2
2020-09-09,US,Illinois,Sangamon,2030,41,0,39.75836914,-89.65872023,17167.0,1042.7796498726063,2.019704433497537,1989,2004,39,0,1965,1993,195348,26,2,0,24,11
2020-09-09,US,Illinois,Schuyler,31,0,0,40.157179799999994,-90.61114163,17169.0,458.03782505910164,0.0,31,31,0,0,31,31,6907,0,0,0,0,0
2020-09-09,US,Illinois,Scott,53,0,0,39.642916899999996,-90.47814431,17171.0,1070.4908099373863,0.0,53,52,0,0,52,52,4926,1,0,0,1,0
2020-09-09,US,Illinois,Shelby,275,3,0,39.39133527,-88.80611122,17173.0,1271.1472681889618,1.0909090909090908,272,264,3,0,261,259,21741,11,0,0,11,5
2020-09-09,US,Illinois,St. Clair,5779,176,0,38.46996033,-89.93063427,17163.0,2225.37988185732,3.0455096037376714,5603,5751,175,0,5576,5710,261059,28,1,0,27,41
2020-09-09,US,Illinois,Stark,41,1,0,41.09309773,-89.79745866,17175.0,767.502807937102,2.4390243902439024,40,41,1,0,40,42,5427,0,0,0,0,-1
2020-09-09,US,Illinois,Stephenson,403,6,0,42.35129217,-89.662598,17177.0,905.6586812890467,1.488833746898263,397,402,6,0,396,401,44753,1,0,0,1,1
2020-09-09,US,Illinois,Tazewell,1301,11,0,40.50716185,-89.51404662,17179.0,987.0792015356253,0.8455034588777863,1290,1284,11,0,1273,1279,132328,17,0,0,17,5
2020-09-09,US,Illinois,Unassigned,1987,219,0,0.0,0.0,90017.0,0.0,11.021640664318069,1768,1966,219,0,1747,1960,,21,0,0,21,6
2020-09-09,US,Illinois,Union,451,24,0,37.47119609,-89.25548938,17181.0,2708.220741007626,5.3215077605321515,427,451,24,0,427,451,16841,0,0,0,0,0
2020-09-09,US,Illinois,Vermilion,409,4,0,40.18417171,-87.73384359,17183.0,539.8769766889305,0.9779951100244498,405,407,4,0,403,403,76806,2,0,0,2,4
2020-09-09,US,Illinois,Wabash,123,1,0,38.44272901,-87.84922065,17185.0,1067.7083333333333,0.8130081300813008,122,123,1,0,122,122,11549,0,0,0,0,1
2020-09-09,US,Illinois,Warren,277,1,0,40.84925021,-90.6147432,17187.0,1644.5024934694848,0.36101083032490977,276,276,1,0,275,276,17032,1,0,0,1,0
2020-09-09,US,Illinois,Washington,142,1,0,38.35309213,-89.40982703,17189.0,1022.5390653128827,0.7042253521126759,141,138,1,0,137,138,13995,4,0,0,4,0
2020-09-09,US,Illinois,Wayne,152,2,0,38.42955355,-88.42586459,17191.0,937.4036386062288,1.3157894736842106,150,145,2,0,143,142,16332,7,0,0,7,3
2020-09-09,US,Illinois,White,144,0,0,38.08706198,-88.17657461,17193.0,1063.751200413681,0.0,144,144,0,0,144,145,13665,0,0,0,0,-1
2020-09-09,US,Illinois,Whiteside,599,19,0,41.75509713,-89.91556058,17195.0,1085.6366107838694,3.1719532554257097,580,590,19,0,571,589,55626,9,0,0,9,1
2020-09-09,US,Illinois,Will,12505,362,0,41.44619267,-87.97862712,17197.0,1810.3694138051346,2.89484206317473,12143,12415,361,0,12054,12337,692310,90,1,0,89,78
2020-09-09,US,Illinois,Williamson,1068,24,0,37.73033511,-88.92994027,17199.0,1603.6758412541103,2.247191011235955,1044,1065,20,0,1045,1058,67056,3,4,0,-1,7
2020-09-09,US,Illinois,Winnebago,4609,147,0,42.33641854,-89.16085327,17201.0,1631.0887136729755,3.1894120199609466,4462,4572,147,0,4425,4539,284081,37,0,0,37,33
2020-09-09,US,Illinois,Woodford,332,3,0,40.78579374,-89.20973757,17203.0,863.2569749603474,0.9036144578313252,329,329,3,0,326,328,38463,3,0,0,3,1
2020-09-09,US,Indiana,Adams,209,3,0,40.7457653,-84.93671406,18001.0,584.1741901221454,1.4354066985645932,206,199,3,0,196,195,35636,10,0,0,10,4
2020-09-09,US,Indiana,Allen,5411,187,0,41.09194313,-85.06800636,18003.0,1426.5790313183004,3.4559231195712434,5224,5373,185,0,5188,5333,375351,38,2,0,36,40
2020-09-09,US,Indiana,Bartholomew,1097,56,0,39.20744865,-85.89558181,18005.0,1309.3973430095848,5.104831358249772,1041,1092,54,0,1038,1092,82753,5,2,0,3,0
2020-09-09,US,Indiana,Benton,84,0,0,40.60626947,-87.31093999,18007.0,960.2194787379973,0.0,84,84,0,0,84,84,8653,0,0,0,0,0
2020-09-09,US,Indiana,Blackford,88,2,0,40.47388153,-85.32499702,18009.0,748.4266031638034,2.272727272727273,86,87,2,0,85,85,11930,1,0,0,1,2
2020-09-09,US,Indiana,Boone,895,46,0,40.0509304,-86.46841646,18011.0,1319.2223221260851,5.139664804469274,849,892,46,0,846,892,66999,3,0,0,3,0
2020-09-09,US,Indiana,Brown,91,2,0,39.19605589,-86.22868909,18013.0,602.9684601113172,2.1978021978021984,89,91,2,0,89,91,15234,0,0,0,0,0
2020-09-09,US,Indiana,Carroll,262,13,0,40.580783200000006,-86.56198812,18015.0,1293.380066149973,4.961832061068702,249,260,13,0,247,260,20127,2,0,0,2,0
2020-09-09,US,Indiana,Cass,1897,9,0,40.76135835,-86.34830753,18017.0,5033.298840510493,0.474433315761729,1888,1897,9,0,1888,1898,37955,0,0,0,0,-1
2020-09-09,US,Indiana,Clark,1910,53,0,38.48015445,-85.70510334,18019.0,1614.5120116312494,2.7748691099476437,1857,1892,53,0,1839,1887,117360,18,0,0,18,5
2020-09-09,US,Indiana,Clay,256,5,0,39.39561833,-87.11723506,18021.0,976.1677788369876,1.953125,251,253,5,0,248,251,26170,3,0,0,3,2
2020-09-09,US,Indiana,Clinton,577,11,0,40.30319754,-86.47277257,18023.0,1780.9191641717334,1.9064124783362215,566,575,11,0,564,572,32250,2,0,0,2,3
2020-09-09,US,Indiana,Crawford,77,0,0,38.28814402,-86.44518825,18025.0,727.994705493051,0.0,77,76,0,0,76,75,10558,1,0,0,1,1
2020-09-09,US,Indiana,Daviess,557,25,0,38.70186039,-87.07185406,18027.0,1670.1148391352585,4.488330341113107,532,554,24,0,530,544,33147,3,1,0,2,10
2020-09-09,US,Indiana,DeKalb,380,7,0,41.39804622,-84.99906934,18033.0,874.0655549166188,1.8421052631578947,373,377,7,0,370,377,43226,3,0,0,3,0
2020-09-09,US,Indiana,Dearborn,596,28,0,39.14647946,-84.97333539,18029.0,1205.0628816369444,4.697986577181208,568,593,28,0,565,590,49568,3,0,0,3,3
2020-09-09,US,Indiana,Decatur,433,38,0,39.30712658,-85.50087166,18031.0,1630.332467336873,8.775981524249422,395,430,38,0,392,429,26794,3,0,0,3,1
2020-09-09,US,Indiana,Delaware,1613,58,0,40.22787247,-85.39732772,18035.0,1413.2387085468963,3.5957842529448234,1555,1594,58,0,1536,1583,114772,19,0,0,19,11
2020-09-09,US,Indiana,Dubois,887,17,0,38.36597551,-86.87924170000002,18037.0,2075.5335080494197,1.9165727170236757,870,877,17,0,860,876,42565,10,0,0,10,1
2020-09-09,US,Indiana,Elkhart,5874,101,0,41.59761169,-85.85875695,18039.0,2846.7439820491322,1.7194416070820566,5773,5837,101,0,5736,5824,205560,37,0,0,37,13
2020-09-09,US,Indiana,Fayette,378,12,0,39.63684962,-85.17797541,18041.0,1636.2219721236254,3.1746031746031744,366,378,10,0,368,376,23047,0,2,0,-2,2
2020-09-09,US,Indiana,Floyd,1160,58,0,38.32117957,-85.90385377,18043.0,1477.292987952421,5.0,1102,1156,58,0,1098,1150,77781,4,0,0,4,6
2020-09-09,US,Indiana,Fountain,105,2,0,40.12361933,-87.24217689,18045.0,642.3589869081121,1.9047619047619049,103,102,2,0,100,102,16351,3,0,0,3,0
2020-09-09,US,Indiana,Franklin,283,25,0,39.4142482,-85.06062647,18047.0,1243.5187626329202,8.8339222614841,258,282,25,0,257,281,22736,1,0,0,1,1
2020-09-09,US,Indiana,Fulton,215,2,0,41.0469907,-86.26252745,18049.0,1076.3993191148493,0.9302325581395348,213,210,2,0,208,210,20092,5,0,0,5,0
2020-09-09,US,Indiana,Gibson,355,4,0,38.30393723,-87.58054938,18051.0,1054.6956237559048,1.1267605633802815,351,351,4,0,347,349,33452,4,0,0,4,2
2020-09-09,US,Indiana,Grant,775,32,0,40.51587228,-85.65468702,18053.0,1178.3667077194425,4.129032258064516,743,760,32,0,728,749,65936,15,0,0,15,11
2020-09-09,US,Indiana,Greene,383,35,0,39.03630547,-86.96223202,18055.0,1199.7995113088152,9.138381201044387,348,382,35,0,347,382,32006,1,0,0,1,0
2020-09-09,US,Indiana,Hamilton,4259,107,0,40.07306535,-86.05244729,18057.0,1260.018165089302,2.512326837285748,4152,4241,107,0,4134,4223,330086,18,0,0,18,18
2020-09-09,US,Indiana,Hancock,850,42,0,39.82304555,-85.77566351,18059.0,1087.4014942175827,4.941176470588236,808,849,42,0,807,846,76351,1,0,0,1,3
2020-09-09,US,Indiana,Harrison,519,24,0,38.19467379,-86.10948271,18061.0,1281.007034431692,4.624277456647398,495,513,24,0,489,513,40350,6,0,0,6,0
2020-09-09,US,Indiana,Hendricks,2480,118,0,39.76719009,-86.51037283,18063.0,1456.1596138828381,4.758064516129032,2362,2467,118,0,2349,2460,167009,13,0,0,13,7
2020-09-09,US,Indiana,Henry,668,22,0,39.93029017,-85.39625719,18065.0,1392.4789460518634,3.2934131736526946,646,660,22,0,638,658,48271,8,0,0,8,2
2020-09-09,US,Indiana,Howard,1167,62,0,40.48527731,-86.11351892,18067.0,1413.7914324481492,5.312767780634105,1105,1159,62,0,1097,1155,82366,8,0,0,8,4
2020-09-09,US,Indiana,Huntington,187,3,0,40.82907273,-85.48822092,18069.0,512.0481927710844,1.60427807486631,184,185,3,0,182,183,36240,2,0,0,2,2
2020-09-09,US,Indiana,Jackson,714,9,0,38.90915820000001,-86.03851889,18071.0,1614.2524473785354,1.2605042016806722,705,713,9,0,704,713,44111,1,0,0,1,0
2020-09-09,US,Indiana,Jasper,351,2,0,41.02078733,-87.11553319,18073.0,1045.8256361361064,0.5698005698005698,349,349,2,0,347,347,33370,2,0,0,2,2
2020-09-09,US,Indiana,Jay,146,0,0,40.43781032,-85.00576229,18075.0,714.425523585829,0.0,146,143,0,0,143,143,20764,3,0,0,3,0
2020-09-09,US,Indiana,Jefferson,226,3,0,38.78576239,-85.43633383,18077.0,699.5171474557385,1.327433628318584,223,223,3,0,220,222,32208,3,0,0,3,1
2020-09-09,US,Indiana,Jennings,290,12,0,38.99588883,-85.62710784,18079.0,1045.6102397692448,4.137931034482759,278,283,12,0,271,282,27611,7,0,0,7,1
2020-09-09,US,Indiana,Johnson,2105,122,0,39.48994426,-86.10149107,18081.0,1330.8718000594306,5.7957244655581945,1983,2096,122,0,1974,2094,156225,9,0,0,9,2
2020-09-09,US,Indiana,Knox,399,8,0,38.68861576,-87.4194665,18083.0,1090.342679127726,2.0050125313283207,391,394,6,0,388,385,36895,5,2,0,3,9
2020-09-09,US,Indiana,Kosciusko,1108,17,0,41.24521668,-85.86312322,18085.0,1394.4824808699154,1.5342960288808665,1091,1099,17,0,1082,1093,79344,9,0,0,9,6
2020-09-09,US,Indiana,LaGrange,618,11,0,41.64232188,-85.42674232,18087.0,1560.0545261776142,1.779935275080906,607,618,11,0,607,618,39330,0,0,0,0,0
2020-09-09,US,Indiana,LaPorte,1254,37,0,41.54366008,-86.74072188,18091.0,1141.161910308678,2.9505582137161084,1217,1250,37,0,1213,1245,110007,4,0,0,4,5
2020-09-09,US,Indiana,Lake,9601,301,0,41.41874274,-87.38277575,18089.0,1977.5774316004558,3.135090094781793,9300,9567,299,0,9268,9543,484411,34,2,0,32,24
2020-09-09,US,Indiana,Lawrence,482,27,0,38.84112637,-86.48361629,18093.0,1062.3760193960768,5.601659751037344,455,481,27,0,454,480,45668,1,0,0,1,1
2020-09-09,US,Indiana,Madison,1432,74,0,40.16143691,-85.71964711,18095.0,1105.2026333459391,5.167597765363128,1358,1418,74,0,1344,1410,129641,14,0,0,14,8
2020-09-09,US,Indiana,Marion,19387,752,0,39.78163624,-86.13826325,18097.0,2009.8861475748045,3.878887914581936,18635,19307,750,0,18557,19272,954670,80,2,0,78,35
2020-09-09,US,Indiana,Marshall,938,23,0,41.32467367,-86.26185087,18099.0,2027.7573608889272,2.4520255863539444,915,934,23,0,911,931,46248,4,0,0,4,3
2020-09-09,US,Indiana,Martin,131,0,0,38.7099921,-86.80373186,18101.0,1277.4256460263284,0.0,131,129,0,0,129,127,10217,2,0,0,2,2
2020-09-09,US,Indiana,Miami,399,2,0,40.76940965,-86.04525048,18103.0,1123.4373240229756,0.5012531328320802,397,355,2,0,353,346,35567,44,0,0,44,9
2020-09-09,US,Indiana,Monroe,1559,36,0,39.16130004,-86.52414358,18105.0,1050.3196771563894,2.3091725465041693,1523,1521,36,0,1485,1489,146917,38,0,0,38,32
2020-09-09,US,Indiana,Montgomery,472,21,0,40.04034823,-86.89335024,18107.0,1231.1544681517032,4.4491525423728815,451,469,21,0,448,468,38346,3,0,0,3,1
2020-09-09,US,Indiana,Morgan,631,35,0,39.47899078,-86.44573375,18109.0,895.1751337088057,5.54675118858954,596,625,35,0,590,624,70116,6,0,0,6,1
2020-09-09,US,Indiana,Newton,151,10,0,40.95610449,-87.39635768,18111.0,1079.8054919908466,6.622516556291392,141,151,10,0,141,151,14011,0,0,0,0,0
2020-09-09,US,Indiana,Noble,841,32,0,41.39672484,-85.41966713,18113.0,1761.4778820375336,3.8049940546967895,809,841,31,0,810,838,47532,0,1,0,-1,3
2020-09-09,US,Indiana,Ohio,74,7,0,38.955304999999996,-84.96515993,18115.0,1259.5744680851064,9.459459459459461,67,74,7,0,67,74,5844,0,0,0,0,0
2020-09-09,US,Indiana,Orange,261,24,0,38.54118920000001,-86.49523093,18117.0,1328.5147103736128,9.195402298850574,237,260,24,0,236,260,19489,1,0,0,1,0
2020-09-09,US,Indiana,Owen,156,1,0,39.31145587,-86.83900724,18119.0,750.0360594259337,0.6410256410256411,155,156,1,0,155,156,20845,0,0,0,0,0
2020-09-09,US,Indiana,Parke,82,2,0,39.77202286,-87.20375833,18121.0,484.14713349471566,2.4390243902439024,80,82,2,0,80,82,16927,0,0,0,0,0
2020-09-09,US,Indiana,Perry,198,14,0,38.07809328,-86.63741946,18123.0,1032.9177317543954,7.070707070707071,184,198,14,0,184,198,19102,0,0,0,0,0
2020-09-09,US,Indiana,Pike,114,1,0,38.40112197,-87.23574907,18125.0,920.1711195415288,0.8771929824561403,113,113,1,0,112,113,12410,1,0,0,1,0
2020-09-09,US,Indiana,Porter,1860,43,0,41.45986947,-87.06848888,18127.0,1091.6197641866552,2.3118279569892475,1817,1856,43,0,1813,1850,169594,4,0,0,4,6
2020-09-09,US,Indiana,Posey,242,0,0,38.02097333,-87.86480429,18129.0,951.7442089117868,0.0,242,236,0,0,236,235,25540,6,0,0,6,1
2020-09-09,US,Indiana,Pulaski,105,1,0,41.04166107,-86.69890683,18131.0,849.9959524002268,0.9523809523809524,104,104,1,0,103,104,12469,1,0,0,1,0
2020-09-09,US,Indiana,Putnam,466,8,0,39.66437981,-86.84517605,18133.0,1240.1532893336173,1.7167381974248928,458,461,8,0,453,460,37779,5,0,0,5,1
2020-09-09,US,Indiana,Randolph,194,7,0,40.15734772,-85.01139319,18135.0,786.5396310561522,3.608247422680413,187,193,7,0,186,193,24851,1,0,0,1,0
2020-09-09,US,Indiana,Ripley,256,8,0,39.10235626,-85.26212744,18137.0,903.8271430588901,3.125,248,253,8,0,245,253,28523,3,0,0,3,0
2020-09-09,US,Indiana,Rush,141,4,0,39.62002287,-85.4655599,18139.0,850.3709064592003,2.8368794326241136,137,139,4,0,135,139,16663,2,0,0,2,0
2020-09-09,US,Indiana,Scott,327,10,0,38.68672078,-85.74627859,18143.0,1369.748251162401,3.058103975535168,317,326,10,0,316,324,23878,1,0,0,1,2
2020-09-09,US,Indiana,Shelby,639,28,0,39.52305623,-85.79158570000001,18145.0,1428.6033669431463,4.381846635367761,611,638,28,0,610,638,44593,1,0,0,1,0
2020-09-09,US,Indiana,Spencer,176,3,0,38.01519732,-87.0079644,18147.0,867.9784978053952,1.7045454545454546,173,176,3,0,173,175,20327,0,0,0,0,1
2020-09-09,US,Indiana,St. Joseph,5541,96,0,41.61756781,-86.29040834,18141.0,2038.4363526667794,1.7325392528424473,5445,5470,95,0,5375,5454,270771,71,1,0,70,16
2020-09-09,US,Indiana,Starke,218,7,0,41.27890281,-86.64686895,18149.0,948.0321809088932,3.2110091743119265,211,219,7,0,212,217,22935,-1,0,0,-1,2
2020-09-09,US,Indiana,Steuben,321,7,0,41.64423868,-85.00101094,18151.0,927.9065733942302,2.1806853582554515,314,318,6,0,312,317,34586,3,1,0,2,1
2020-09-09,US,Indiana,Sullivan,311,11,0,39.08952258,-87.41414469,18153.0,1504.6688277130002,3.536977491961415,300,308,11,0,297,308,20690,3,0,0,3,0
2020-09-09,US,Indiana,Switzerland,65,0,0,38.82767338,-85.03022429,18155.0,604.5949214026602,0.0,65,65,0,0,65,64,10717,0,0,0,0,1
2020-09-09,US,Indiana,Tippecanoe,1785,13,0,40.38872739,-86.89413959,18157.0,911.9612531420514,0.7282913165266106,1772,1761,13,0,1748,1755,193048,24,0,0,24,6
2020-09-09,US,Indiana,Tipton,205,22,0,40.31123252,-86.05234925,18159.0,1353.3139688407712,10.731707317073173,183,201,22,0,179,201,15128,4,0,0,4,0
2020-09-09,US,Indiana,Unassigned,0,224,0,0.0,0.0,90018.0,0.0,0.0,-224,0,224,0,-224,0,,0,0,0,0,0
2020-09-09,US,Indiana,Union,70,0,0,39.62550777,-84.92497066,18161.0,992.3447689254324,0.0,70,69,0,0,69,69,7037,1,0,0,1,0
2020-09-09,US,Indiana,Vanderburgh,2813,23,0,38.02658833,-87.58763124,18163.0,1550.2807920595642,0.8176324209029506,2790,2806,23,0,2783,2777,180974,7,0,0,7,29
2020-09-09,US,Indiana,Vermillion,113,0,0,39.8523352,-87.46160542,18165.0,729.1263388824365,0.0,113,111,0,0,111,110,15479,2,0,0,2,1
2020-09-09,US,Indiana,Vigo,1566,17,0,39.42944561,-87.39169027,18167.0,1463.0318204749717,1.0855683269476373,1549,1539,17,0,1522,1536,107386,27,0,0,27,3
2020-09-09,US,Indiana,Wabash,232,7,0,40.84704239,-85.79328272,18169.0,748.4836753129438,3.0172413793103448,225,231,7,0,224,231,31280,1,0,0,1,0
2020-09-09,US,Indiana,Warren,38,1,0,40.34728141,-87.35602659,18171.0,459.7701149425288,2.631578947368421,37,38,1,0,37,38,8263,0,0,0,0,0
2020-09-09,US,Indiana,Warrick,877,31,0,38.08922676,-87.2716085,18173.0,1392.1076859582847,3.5347776510832385,846,874,31,0,843,864,62567,3,0,0,3,10
2020-09-09,US,Indiana,Washington,243,1,0,38.60219804,-86.1049363,18175.0,866.7427593094592,0.41152263374485604,242,240,1,0,239,240,27943,3,0,0,3,0
2020-09-09,US,Indiana,Wayne,662,12,0,39.863344399999995,-85.01044989,18177.0,1004.796308663712,1.8126888217522656,650,652,11,0,641,647,65936,10,1,0,9,5
2020-09-09,US,Indiana,Wells,223,2,0,40.72934187,-85.22132966,18179.0,788.0972575629062,0.8968609865470852,221,223,2,0,221,222,28206,0,0,0,0,1
2020-09-09,US,Indiana,White,464,13,0,40.74911165,-86.86492015,18181.0,1925.1514397145465,2.8017241379310347,451,463,13,0,450,463,24133,1,0,0,1,0
2020-09-09,US,Indiana,Whitley,234,6,0,41.13863784,-85.50791236,18183.0,688.9647862442587,2.5641025641025643,228,233,6,0,227,231,34074,1,0,0,1,2
2020-09-09,US,Iowa,Adair,53,1,0,41.33075609,-94.47105874,19001.0,741.0514541387024,1.8867924528301887,52,52,1,0,51,50,7063,1,0,0,1,2
2020-09-09,US,Iowa,Adams,23,0,0,41.02903567,-94.69932645,19003.0,638.5341476957246,0.0,23,23,0,0,23,23,3645,0,0,0,0,0
2020-09-09,US,Iowa,Allamakee,203,5,0,43.28383218,-91.37860922,19005.0,1483.1592021626361,2.4630541871921183,198,201,5,0,196,193,13832,2,0,0,2,8
2020-09-09,US,Iowa,Appanoose,103,3,0,40.74324454,-92.86865906,19007.0,828.9071302108482,2.9126213592233015,100,99,3,0,96,96,12437,4,0,0,4,3
2020-09-09,US,Iowa,Audubon,41,1,0,41.6844628,-94.90581859,19009.0,745.9970887918486,2.4390243902439024,40,40,1,0,39,41,5506,1,0,0,1,-1
2020-09-09,US,Iowa,Benton,228,1,0,42.08011739,-92.06463573,19011.0,889.0621953597192,0.43859649122807015,227,226,1,0,225,223,25642,2,0,0,2,3
2020-09-09,US,Iowa,Black Hawk,4077,81,0,42.4704581,-92.30524729,19013.0,3106.806474228061,1.9867549668874167,3996,4053,79,0,3974,4037,132408,24,2,0,22,16
2020-09-09,US,Iowa,Boone,390,5,0,42.03657094,-93.9313999,19015.0,1486.6204162537165,1.2820512820512822,385,386,5,0,381,383,26346,4,0,0,4,3
2020-09-09,US,Iowa,Bremer,400,7,0,42.77461496,-92.31795937,19017.0,1596.0418162955868,1.75,393,388,7,0,381,386,24947,12,0,0,12,2
2020-09-09,US,Iowa,Buchanan,199,1,0,42.4709188,-91.83510825,19019.0,939.7874852420308,0.5025125628140703,198,192,1,0,191,188,21199,7,0,0,7,4
2020-09-09,US,Iowa,Buena Vista,1863,12,0,42.73545875,-95.15100162,19021.0,9495.412844036695,0.644122383252818,1851,1861,12,0,1849,1860,19874,2,0,0,2,1
2020-09-09,US,Iowa,Butler,233,2,0,42.73172833,-92.79015971,19023.0,1613.6851582519564,0.8583690987124464,231,232,2,0,230,224,14539,1,0,0,1,8
2020-09-09,US,Iowa,Calhoun,140,2,0,42.38521079,-94.64046046,19025.0,1448.0761274306992,1.4285714285714286,138,139,2,0,137,139,9699,1,0,0,1,0
2020-09-09,US,Iowa,Carroll,500,5,0,42.03617207,-94.86032705,19027.0,2479.543763947433,1.0,495,498,5,0,493,497,20154,2,0,0,2,1
2020-09-09,US,Iowa,Cass,118,2,0,41.33149454,-94.92792482,19029.0,919.2894982860704,1.6949152542372878,116,119,2,0,117,118,12930,-1,0,0,-1,1
2020-09-09,US,Iowa,Cedar,187,1,0,41.77233777,-91.13246684,19031.0,1003.9190422504963,0.5347593582887701,186,182,1,0,181,180,18627,5,0,0,5,2
2020-09-09,US,Iowa,Cerro Gordo,909,21,0,43.08177563,-93.2612239,19033.0,2141.342756183745,2.31023102310231,888,896,21,0,875,886,42647,13,0,0,13,10
2020-09-09,US,Iowa,Cherokee,150,2,0,42.73538914,-95.62389402,19035.0,1335.1134846461948,1.3333333333333333,148,149,2,0,147,147,11321,1,0,0,1,2
2020-09-09,US,Iowa,Chickasaw,155,0,0,43.06001295,-92.31773347,19037.0,1298.9189642168774,0.0,155,152,0,0,152,141,11964,3,0,0,3,11
2020-09-09,US,Iowa,Clarke,248,3,0,41.02868181,-93.78499767,19039.0,2639.701969132517,1.2096774193548387,245,246,3,0,243,246,9423,2,0,0,2,0
2020-09-09,US,Iowa,Clay,246,3,0,43.08247182,-95.15096481,19041.0,1535.964035964036,1.2195121951219512,243,244,3,0,241,244,16134,2,0,0,2,0
2020-09-09,US,Iowa,Clayton,201,3,0,42.84443388,-91.34133693,19043.0,1145.364408228389,1.492537313432836,198,194,3,0,191,193,17556,7,0,0,7,1
2020-09-09,US,Iowa,Clinton,949,15,0,41.89981633,-90.53275096,19045.0,2043.981132481854,1.5806111696522656,934,945,15,0,930,940,46518,4,0,0,4,5
2020-09-09,US,Iowa,Crawford,877,3,0,42.03718237,-95.3819718,19047.0,5214.0309155766945,0.34207525655644244,874,871,3,0,868,868,17158,6,0,0,6,3
2020-09-09,US,Iowa,Dallas,2508,38,0,41.68560356,-94.04127625,19049.0,2683.7019678340985,1.5151515151515151,2470,2496,38,0,2458,2496,90180,12,0,0,12,0
2020-09-09,US,Iowa,Davis,101,4,0,40.74773536,-92.41005468,19051.0,1122.2222222222224,3.96039603960396,97,99,4,0,95,96,9017,2,0,0,2,3
2020-09-09,US,Iowa,Decatur,51,0,0,40.73742757,-93.78645949,19053.0,648.0304955527317,0.0,51,49,0,0,49,48,7890,2,0,0,2,1
2020-09-09,US,Iowa,Delaware,267,3,0,42.47104597,-91.3664492,19055.0,1569.5726294750455,1.1235955056179776,264,265,3,0,262,262,17069,2,0,0,2,3
2020-09-09,US,Iowa,Des Moines,652,6,0,40.92012606,-91.18326592,19057.0,1673.2106654348556,0.9202453987730062,646,640,5,0,635,632,39138,12,1,0,11,8
2020-09-09,US,Iowa,Dickinson,444,6,0,43.37787725,-95.1510206,19059.0,2572.7198980183107,1.351351351351351,438,443,6,0,437,444,17153,1,0,0,1,-1
2020-09-09,US,Iowa,Dubuque,2263,37,0,42.46815349,-90.88181925,19061.0,2325.5335984626613,1.6349977905435262,2226,2227,36,0,2191,2197,96854,36,1,0,35,30
2020-09-09,US,Iowa,Emmet,232,9,0,43.37782951,-94.67858943,19063.0,2519.5482189400523,3.8793103448275854,223,231,8,0,223,230,9253,1,1,0,0,1
2020-09-09,US,Iowa,Fayette,164,1,0,42.86271799,-91.84412309999999,19065.0,834.6055979643767,0.6097560975609756,163,165,1,0,164,159,19660,-1,0,0,-1,6
2020-09-09,US,Iowa,Floyd,245,3,0,43.06000529999999,-92.78940097,19067.0,1566.2958700933386,1.2244897959183674,242,243,3,0,240,241,15761,2,0,0,2,2
2020-09-09,US,Iowa,Franklin,314,17,0,42.73270384,-93.26256925,19069.0,3118.1727904667327,5.414012738853503,297,313,17,0,296,310,10124,1,0,0,1,3
2020-09-09,US,Iowa,Fremont,63,0,0,40.74542720000001,-95.60129045,19071.0,905.1724137931036,0.0,63,63,0,0,63,63,6993,0,0,0,0,0
2020-09-09,US,Iowa,Greene,67,0,0,42.03614551,-94.39658081,19073.0,753.8253825382537,0.0,67,67,0,0,67,67,8981,0,0,0,0,0
2020-09-09,US,Iowa,Grundy,148,2,0,42.40183723,-92.78829551,19075.0,1209.941137998692,1.351351351351351,146,147,1,0,146,146,12304,1,1,0,0,1
2020-09-09,US,Iowa,Guthrie,183,5,0,41.68378965,-94.50111014,19077.0,1712.0404153802976,2.7322404371584703,178,182,5,0,177,182,10720,1,0,0,1,0
2020-09-09,US,Iowa,Hamilton,297,2,0,42.38382428,-93.70197703,19079.0,2010.4244229337305,0.6734006734006734,295,297,2,0,295,297,14952,0,0,0,0,0
2020-09-09,US,Iowa,Hancock,164,2,0,43.08178477,-93.73454884,19081.0,1542.8033866415806,1.2195121951219512,162,164,2,0,162,164,10712,0,0,0,0,0
2020-09-09,US,Iowa,Hardin,251,1,0,42.38353877,-93.23654611,19083.0,1489.9679449127386,0.398406374501992,250,251,1,0,250,250,16868,0,0,0,0,1
2020-09-09,US,Iowa,Harrison,157,2,0,41.68330137,-95.81558439,19085.0,1117.5172610150191,1.2738853503184713,155,156,2,0,154,157,14134,1,0,0,1,-1
2020-09-09,US,Iowa,Henry,448,4,0,40.98767962,-91.54436349,19087.0,2245.163876916909,0.8928571428571429,444,408,4,0,404,404,20067,40,0,0,40,4
2020-09-09,US,Iowa,Howard,160,3,0,43.35671042,-92.31702714,19089.0,1747.1063550993667,1.875,157,154,3,0,151,152,9187,6,0,0,6,2
2020-09-09,US,Iowa,Humboldt,158,2,0,42.7764426,-94.20722537,19091.0,1653.0654948734045,1.2658227848101269,156,156,2,0,154,155,9547,2,0,0,2,1
2020-09-09,US,Iowa,Ida,55,0,0,42.38696136,-95.51355387,19093.0,801.7492711370262,0.0,55,54,0,0,54,52,6841,1,0,0,1,2
2020-09-09,US,Iowa,Iowa,142,1,0,41.68630265,-92.0643373,19095.0,877.4097874443895,0.7042253521126759,141,136,1,0,135,129,16141,6,0,0,6,7
2020-09-09,US,Iowa,Jackson,245,2,0,42.17178824,-90.57354837,19097.0,1260.3528988116673,0.8163265306122449,243,243,2,0,241,237,19432,2,0,0,2,6
2020-09-09,US,Iowa,Jasper,651,31,0,41.68576082,-93.05567785,19099.0,1750.7059298104075,4.761904761904762,620,643,31,0,612,637,37147,8,0,0,8,6
2020-09-09,US,Iowa,Jefferson,123,1,0,41.03192394,-91.94849466,19101.0,672.3148401202515,0.8130081300813008,122,123,1,0,122,124,18381,0,0,0,0,-1
2020-09-09,US,Iowa,Johnson,4672,26,0,41.67169354,-91.58754744,19103.0,3091.1737461955804,0.5565068493150684,4646,4617,26,0,4591,4581,151260,55,0,0,55,36
2020-09-09,US,Iowa,Jones,199,3,0,42.12118609,-91.13139641,19105.0,962.2358686717276,1.5075376884422111,196,197,2,0,195,195,20744,2,1,0,1,2
2020-09-09,US,Iowa,Keokuk,78,1,0,41.33649833,-92.1785067,19107.0,761.2726917821589,1.2820512820512822,77,77,1,0,76,76,10225,1,0,0,1,1
2020-09-09,US,Iowa,Kossuth,141,0,0,43.20405458,-94.20691791,19109.0,951.8666036589482,0.0,141,140,0,0,140,136,14908,1,0,0,1,4
2020-09-09,US,Iowa,Lee,528,6,0,40.64181461,-91.48183025,19111.0,1568.7672698101435,1.1363636363636365,522,509,6,0,503,500,34055,19,0,0,19,9
2020-09-09,US,Iowa,Linn,3330,98,0,42.07923082,-91.59809485,19113.0,1468.8627561687824,2.9429429429429437,3232,3292,98,0,3194,3248,225909,38,0,0,38,44
2020-09-09,US,Iowa,Louisa,401,14,0,41.21842119,-91.26102611,19115.0,3633.892161304939,3.491271820448878,387,401,14,0,387,400,11169,0,0,0,0,1
2020-09-09,US,Iowa,Lucas,112,6,0,41.02958964,-93.32780803,19117.0,1302.3255813953488,5.357142857142857,106,110,5,0,105,102,8645,2,1,0,1,8
2020-09-09,US,Iowa,Lyon,172,3,0,43.38107862,-96.20926845,19119.0,1463.2071458953635,1.7441860465116281,169,170,2,0,168,167,11811,2,1,0,1,3
2020-09-09,US,Iowa,Madison,174,2,0,41.33081904,-94.01554631,19121.0,1065.0018362100625,1.1494252873563218,172,172,2,0,170,172,16249,2,0,0,2,0
2020-09-09,US,Iowa,Mahaska,272,18,0,41.33521503,-92.64083907,19123.0,1231.0477483593572,6.617647058823528,254,263,18,0,245,258,22000,9,0,0,9,5
2020-09-09,US,Iowa,Marion,610,3,0,41.33445101,-93.09934783,19125.0,1834.4209545003464,0.4918032786885246,607,605,2,0,603,597,33407,5,1,0,4,8
2020-09-09,US,Iowa,Marshall,1725,32,0,42.03586837,-92.99908190000001,19127.0,4381.620056389545,1.855072463768116,1693,1723,32,0,1691,1719,39981,2,0,0,2,4
2020-09-09,US,Iowa,Mills,139,1,0,41.03299766,-95.61920963,19129.0,919.9814679992056,0.7194244604316546,138,138,1,0,137,138,15063,1,0,0,1,0
2020-09-09,US,Iowa,Mitchell,146,0,0,43.35638371,-92.78887719,19131.0,1379.1800491214813,0.0,146,144,0,0,144,142,10569,2,0,0,2,2
2020-09-09,US,Iowa,Monona,111,1,0,42.05220391,-95.95743843,19133.0,1288.4503772489845,0.9009009009009008,110,112,1,0,111,112,8679,-1,0,0,-1,0
2020-09-09,US,Iowa,Monroe,124,8,0,41.02988815,-92.8690667,19135.0,1608.9269495264043,6.451612903225807,116,123,8,0,115,122,7790,1,0,0,1,1
2020-09-09,US,Iowa,Montgomery,83,5,0,41.03018714,-95.15642896,19137.0,836.9466572552182,6.024096385542169,78,83,5,0,78,83,10003,0,0,0,0,0
2020-09-09,US,Iowa,Muscatine,1015,52,0,41.48370744,-91.11216970000001,19139.0,2379.0549409338078,5.123152709359607,963,1008,52,0,956,1001,42929,7,0,0,7,7
2020-09-09,US,Iowa,O'Brien,234,8,0,43.08310673,-95.62474482,19141.0,1701.4469570275573,3.418803418803418,226,231,8,0,223,227,13840,3,0,0,3,4
2020-09-09,US,Iowa,Osceola,101,0,0,43.37824276,-95.62422844,19143.0,1695.199731453508,0.0,101,101,0,0,101,101,6040,0,0,0,0,0
2020-09-09,US,Iowa,Page,126,0,0,40.7393172,-95.1497813,19145.0,834.0504401932878,0.0,126,125,0,0,125,124,15249,1,0,0,1,1
2020-09-09,US,Iowa,Palo Alto,129,0,0,43.08193849,-94.67824621,19147.0,1451.7218095881162,0.0,129,127,0,0,127,125,8929,2,0,0,2,2
2020-09-09,US,Iowa,Plymouth,868,20,0,42.737633,-96.21366621,19149.0,3447.5910553282756,2.3041474654377883,848,859,19,0,840,849,25095,9,1,0,8,10
2020-09-09,US,Iowa,Pocahontas,140,2,0,42.73420133,-94.67862564,19151.0,2115.123130382233,1.4285714285714286,138,140,2,0,138,140,6740,0,0,0,0,0
2020-09-09,US,Iowa,Polk,14219,248,0,41.68679484,-93.57767461,19153.0,2900.883587229502,1.744145157887334,13971,14158,246,0,13912,14109,487204,61,2,0,59,49
2020-09-09,US,Iowa,Pottawattamie,1734,35,0,41.33640314,-95.53907776,19155.0,1860.3952535244516,2.0184544405997693,1699,1724,34,0,1690,1722,93533,10,1,0,9,2
2020-09-09,US,Iowa,Poweshiek,207,8,0,41.68625425,-92.53155731,19157.0,1118.6770428015564,3.864734299516908,199,205,8,0,197,204,18699,2,0,0,2,1
2020-09-09,US,Iowa,Ringgold,34,2,0,40.73518949,-94.24368535,19159.0,694.7282386595833,5.882352941176472,32,35,2,0,33,34,4968,-1,0,0,-1,1
2020-09-09,US,Iowa,Sac,129,0,0,42.38624071,-95.10547892,19161.0,1327.0239687274973,0.0,129,127,0,0,127,126,9719,2,0,0,2,1
2020-09-09,US,Iowa,Scott,2409,24,0,41.63935978,-90.61959493,19163.0,1392.9444961634756,0.99626400996264,2385,2393,23,0,2370,2383,173283,16,1,0,15,10
2020-09-09,US,Iowa,Shelby,229,1,0,41.6850066,-95.31015553,19165.0,1999.301554042256,0.4366812227074236,228,224,1,0,223,224,11578,5,0,0,5,0
2020-09-09,US,Iowa,Sioux,1013,3,0,43.08221074,-96.17675679999999,19167.0,2906.326208578397,0.29615004935834155,1010,1007,3,0,1004,999,34909,6,0,0,6,8
2020-09-09,US,Iowa,Story,2992,16,0,42.03621213,-93.46499005,19169.0,3080.8200418052447,0.5347593582887701,2976,2966,16,0,2950,2941,98105,26,0,0,26,25
2020-09-09,US,Iowa,Tama,657,30,0,42.07991767,-92.53266945,19171.0,3898.1844072623708,4.5662100456621015,627,655,30,0,625,652,16904,2,0,0,2,3
2020-09-09,US,Iowa,Taylor,114,1,0,40.73710579,-94.69778563,19173.0,1862.4407776507107,0.8771929824561403,113,114,1,0,113,114,6191,0,0,0,0,0
2020-09-09,US,Iowa,Unassigned,2,0,0,0.0,0.0,90019.0,0.0,0.0,2,2,0,0,2,1,,0,0,0,0,1
2020-09-09,US,Iowa,Union,96,3,0,41.0277278,-94.24234847,19175.0,784.2496528061432,3.125,93,94,3,0,91,94,12359,2,0,0,2,0
2020-09-09,US,Iowa,Van Buren,108,1,0,40.75326764,-91.95017958,19177.0,1533.2197614991485,0.925925925925926,107,107,1,0,106,107,7020,1,0,0,1,0
2020-09-09,US,Iowa,Wapello,1149,56,0,41.03064984,-92.40954728,19179.0,3285.767393977523,4.873803307223673,1093,1149,55,0,1094,1134,35205,0,1,0,-1,15
2020-09-09,US,Iowa,Warren,869,6,0,41.33559454,-93.56007641,19181.0,1688.493374266506,0.6904487917146145,863,861,5,0,856,855,51056,8,1,0,7,6
2020-09-09,US,Iowa,Washington,377,11,0,41.33577126,-91.71725711,19183.0,1716.366947416344,2.9177718832891246,366,374,11,0,363,368,22141,3,0,0,3,6
2020-09-09,US,Iowa,Wayne,69,2,0,40.73969028,-93.32752197,19185.0,1071.2622263623662,2.898550724637681,67,68,2,0,66,64,6401,1,0,0,1,4
2020-09-09,US,Iowa,Webster,1087,13,0,42.42853483,-94.17987389,19187.0,3027.517825311943,1.1959521619135234,1074,1080,11,0,1069,1079,36277,7,2,0,5,1
2020-09-09,US,Iowa,Winnebago,180,10,0,43.37751174,-93.73407298,19189.0,1738.4585667374927,5.5555555555555545,170,176,10,0,166,174,10518,4,0,0,4,2
2020-09-09,US,Iowa,Winneshiek,249,5,0,43.29094334,-91.84422722,19191.0,1245.5605022260015,2.0080321285140563,244,247,5,0,242,243,20029,2,0,0,2,4
2020-09-09,US,Iowa,Woodbury,4378,58,0,42.38979414,-96.0459439,19193.0,4246.074466331093,1.3248058474189128,4320,4366,58,0,4308,4347,102539,12,0,0,12,19
2020-09-09,US,Iowa,Worth,90,0,0,43.37750768,-93.26087602,19195.0,1219.3469719550196,0.0,90,89,0,0,89,87,7453,1,0,0,1,2
2020-09-09,US,Iowa,Wright,528,1,0,42.73305373,-93.73515113,19197.0,4203.1523642732045,0.1893939393939394,527,528,1,0,527,527,12690,0,0,0,0,1
2020-09-09,US,Kansas,Allen,26,0,0,37.88582951,-95.30030847,20001.0,210.20292667151747,0.0,26,25,0,0,25,25,12444,1,0,0,1,0
2020-09-09,US,Kansas,Anderson,47,0,0,38.21413251,-95.29272815,20003.0,598.1165691015526,0.0,47,46,0,0,46,46,7878,1,0,0,1,0
2020-09-09,US,Kansas,Atchison,281,1,0,39.53185661,-95.30870026,20005.0,1748.2735021464566,0.3558718861209965,280,281,1,0,280,219,16193,0,0,0,0,62
2020-09-09,US,Kansas,Barber,4,0,0,37.2288586,-98.68460053,20007.0,90.35464196973119,0.0,4,4,0,0,4,4,4472,0,0,0,0,0
2020-09-09,US,Kansas,Barton,335,5,0,38.47889676,-98.75636726,20009.0,1299.5073509445672,1.492537313432836,330,335,5,0,330,317,26111,0,0,0,0,18
2020-09-09,US,Kansas,Bourbon,100,2,0,37.85508555,-94.84865997,20011.0,688.041832943443,2.0,98,98,2,0,96,98,14653,2,0,0,2,0
2020-09-09,US,Kansas,Brown,77,3,0,39.82652589,-95.56421698,20013.0,805.1024675867837,3.8961038961038965,74,77,3,0,74,77,9598,0,0,0,0,0
2020-09-09,US,Kansas,Butler,462,4,0,37.78134351,-96.83878537,20015.0,690.4694295407331,0.8658008658008658,458,439,2,0,437,431,66765,23,2,0,21,8
2020-09-09,US,Kansas,Chase,81,1,0,38.30292938,-96.59563862,20017.0,3058.912386706949,1.2345679012345678,80,81,1,0,80,77,2629,0,0,0,0,4
2020-09-09,US,Kansas,Chautauqua,11,0,0,37.14994405,-96.2454192,20019.0,338.46153846153845,0.0,11,11,0,0,11,11,3309,0,0,0,0,0
2020-09-09,US,Kansas,Cherokee,305,1,0,37.16928494,-94.8462897,20021.0,1529.665479713125,0.3278688524590164,304,305,1,0,304,305,20015,0,0,0,0,0
2020-09-09,US,Kansas,Cheyenne,9,0,0,39.78580976,-101.7318201,20023.0,338.7278885961611,0.0,9,9,0,0,9,9,2660,0,0,0,0,0
2020-09-09,US,Kansas,Clark,47,1,0,37.23577007,-99.81883015,20025.0,2357.071213640923,2.127659574468085,46,46,1,0,45,46,2005,1,0,0,1,0
2020-09-09,US,Kansas,Clay,40,2,0,39.34948772,-97.16518128,20027.0,499.8750312421894,5.0,38,40,2,0,38,40,7997,0,0,0,0,0
2020-09-09,US,Kansas,Cloud,61,0,0,39.48028352,-97.64925343,20029.0,694.2863646710676,0.0,61,61,0,0,61,61,8729,0,0,0,0,0
2020-09-09,US,Kansas,Coffey,97,8,0,38.2365018,-95.73379515,20031.0,1185.964054285365,8.24742268041237,89,90,8,0,82,90,8233,7,0,0,7,0
2020-09-09,US,Kansas,Comanche,9,0,0,37.19114520000001,-99.27113247,20033.0,529.4117647058823,0.0,9,9,0,0,9,9,1748,0,0,0,0,0
2020-09-09,US,Kansas,Cowley,282,3,0,37.23781842,-96.83776647,20035.0,807.8377449295291,1.0638297872340423,279,280,3,0,277,280,35218,2,0,0,2,0
2020-09-09,US,Kansas,Crawford,819,5,0,37.50675523,-94.85245778,20037.0,2109.8459477561955,0.6105006105006106,814,769,4,0,765,769,39019,50,1,0,49,0
2020-09-09,US,Kansas,Decatur,7,0,0,39.78468441,-100.45940809999999,20039.0,247.61230986911917,0.0,7,7,0,0,7,7,2871,0,0,0,0,0
2020-09-09,US,Kansas,Dickinson,88,1,0,38.86600962,-97.15532383,20041.0,476.5515000541536,1.1363636363636365,87,84,1,0,83,84,18717,4,0,0,4,0
2020-09-09,US,Kansas,Doniphan,89,0,0,39.79067154,-95.14056866,20043.0,1171.0526315789473,0.0,89,78,0,0,78,78,7682,11,0,0,11,0
2020-09-09,US,Kansas,Douglas,1775,9,0,38.88503636,-95.2925121,20045.0,1451.835856664949,0.5070422535211268,1766,1742,9,0,1733,1569,121436,33,0,0,33,173
2020-09-09,US,Kansas,Edwards,31,0,0,37.88735543,-99.31263309,20047.0,1107.9342387419586,0.0,31,31,0,0,31,31,2849,0,0,0,0,0
2020-09-09,US,Kansas,Elk,1,0,0,37.45338105,-96.24369667,20049.0,39.52569169960474,0.0,1,1,0,0,1,1,2508,0,0,0,0,0
2020-09-09,US,Kansas,Ellis,663,1,0,38.91458712,-99.31751551,20051.0,2321.997688509088,0.15082956259426847,662,646,1,0,645,633,28710,17,0,0,17,13
2020-09-09,US,Kansas,Ellsworth,25,0,0,38.69677695,-98.20462799,20053.0,409.70173713536553,0.0,25,25,0,0,25,25,6196,0,0,0,0,0
2020-09-09,US,Kansas,Finney,1922,12,0,38.04340344,-100.73819379999999,20055.0,5270.518551018729,0.6243496357960457,1910,1912,12,0,1900,1912,36611,10,0,0,10,0
2020-09-09,US,Kansas,Ford,2435,10,0,37.69200114,-99.88825298,20057.0,7242.928106130462,0.4106776180698152,2425,2415,10,0,2405,2415,33888,20,0,0,20,0
2020-09-09,US,Kansas,Franklin,276,3,0,38.56443815,-95.28644341,20059.0,1080.4885687441279,1.0869565217391304,273,276,3,0,273,276,25631,0,0,0,0,0
2020-09-09,US,Kansas,Geary,250,2,0,38.99871131,-96.7577178,20061.0,789.3905904641617,0.8,248,248,2,0,246,239,32594,2,0,0,2,9
2020-09-09,US,Kansas,Gove,18,0,0,38.91588178,-100.4829321,20063.0,682.8528072837632,0.0,18,18,0,0,18,18,2612,0,0,0,0,0
2020-09-09,US,Kansas,Graham,28,1,0,39.34987223,-99.88332493,20065.0,1128.1224818694602,3.571428571428572,27,27,1,0,26,27,2492,1,0,0,1,0
2020-09-09,US,Kansas,Grant,180,3,0,37.56227336,-101.3079758,20067.0,2517.482517482517,1.6666666666666667,177,172,3,0,169,168,7336,8,0,0,8,4
2020-09-09,US,Kansas,Gray,117,0,0,37.73836671,-100.4369088,20069.0,1953.9078156312626,0.0,117,117,0,0,117,117,6033,0,0,0,0,0
2020-09-09,US,Kansas,Greeley,5,0,0,38.4808095,-101.8061079,20071.0,405.84415584415603,0.0,5,4,0,0,4,4,1227,1,0,0,1,0
2020-09-09,US,Kansas,Greenwood,33,0,0,37.8774388,-96.23250453,20073.0,551.6549648946841,0.0,33,33,0,0,33,33,6055,0,0,0,0,0
2020-09-09,US,Kansas,Hamilton,42,0,0,37.99978709,-101.7921066,20075.0,1654.1945647892871,0.0,42,42,0,0,42,42,2607,0,0,0,0,0
2020-09-09,US,Kansas,Harper,120,2,0,37.19175361,-98.07578384,20077.0,2207.5055187637968,1.6666666666666667,118,117,1,0,116,117,5506,3,1,0,2,0
2020-09-09,US,Kansas,Harvey,313,4,0,38.04293782,-97.42747573,20079.0,909.1173138923582,1.2779552715654952,309,313,4,0,309,313,34210,0,0,0,0,0
2020-09-09,US,Kansas,Haskell,88,1,0,37.562039399999996,-100.8710738,20081.0,2217.7419354838707,1.1363636363636365,87,88,1,0,87,88,3997,0,0,0,0,0
2020-09-09,US,Kansas,Hodgeman,15,0,0,38.08780079,-99.89829881,20083.0,836.1204013377928,0.0,15,15,0,0,15,15,1818,0,0,0,0,0
2020-09-09,US,Kansas,Jackson,218,1,0,39.41673394,-95.79356799,20085.0,1655.1514691367395,0.4587155963302753,217,216,1,0,215,216,13280,2,0,0,2,0
2020-09-09,US,Kansas,Jefferson,140,0,0,39.2347941,-95.38289232,20087.0,735.1782807330777,0.0,140,133,0,0,133,133,18975,7,0,0,7,0
2020-09-09,US,Kansas,Jewell,14,1,0,39.78470589,-98.21820662,20089.0,486.2799583188608,7.142857142857142,13,14,1,0,13,14,2841,0,0,0,0,0
2020-09-09,US,Kansas,Johnson,9023,126,0,38.88548175,-94.82250877,20091.0,1497.8394790181292,1.3964313421256789,8897,8989,121,0,8868,8924,597555,34,5,0,29,65
2020-09-09,US,Kansas,Kearny,78,1,0,38.00017981,-101.32168100000001,20093.0,2032.308494007296,1.2820512820512822,77,78,1,0,77,78,3943,0,0,0,0,0
2020-09-09,US,Kansas,Kingman,46,0,0,37.55909527,-98.13638678,20095.0,643.1767337807606,0.0,46,46,0,0,46,46,7310,0,0,0,0,0
2020-09-09,US,Kansas,Kiowa,15,0,0,37.55848695,-99.2856537,20097.0,606.060606060606,0.0,15,15,0,0,15,15,2516,0,0,0,0,0
2020-09-09,US,Kansas,Labette,200,4,0,37.19113093,-95.29849679,20099.0,1019.4719135487816,2.0,196,199,4,0,195,199,19964,1,0,0,1,0
2020-09-09,US,Kansas,Lane,8,0,0,38.48119447,-100.46607540000001,20101.0,521.1726384364822,0.0,8,8,0,0,8,8,1560,0,0,0,0,0
2020-09-09,US,Kansas,Leavenworth,1743,9,0,39.20183497,-95.03620809,20103.0,2131.901465300032,0.5163511187607573,1734,1731,9,0,1722,1731,81352,12,0,0,12,0
2020-09-09,US,Kansas,Lincoln,10,0,0,39.04549684,-98.20756994,20105.0,337.609723160027,0.0,10,10,0,0,10,10,3023,0,0,0,0,0
2020-09-09,US,Kansas,Linn,56,0,0,38.21267844,-94.84254089,20107.0,577.1410903844172,0.0,56,56,0,0,56,56,9750,0,0,0,0,0
2020-09-09,US,Kansas,Logan,3,0,0,38.91735806,-101.148475,20109.0,107.37294201861131,0.0,3,3,0,0,3,3,2844,0,0,0,0,0
2020-09-09,US,Kansas,Lyon,1012,19,0,38.45576156,-96.15275715,20111.0,3048.6519054074406,1.8774703557312251,993,1006,19,0,987,974,33406,6,0,0,6,32
2020-09-09,US,Kansas,Marion,71,1,0,38.35855394,-97.09852509999999,20115.0,597.4419387411648,1.4084507042253518,70,70,1,0,69,70,11950,1,0,0,1,0
2020-09-09,US,Kansas,Marshall,18,0,0,39.78359669,-96.52278974,20117.0,185.43319254146493,0.0,18,18,0,0,18,18,9722,0,0,0,0,0
2020-09-09,US,Kansas,McPherson,240,1,0,38.39184858,-97.64769869,20113.0,840.8660920748372,0.4166666666666667,239,240,1,0,239,231,28537,0,0,0,0,9
2020-09-09,US,Kansas,Meade,67,0,0,37.23859987,-100.36483100000001,20119.0,1661.2943218447806,0.0,67,66,0,0,66,66,4146,1,0,0,1,0
2020-09-09,US,Kansas,Miami,282,0,0,38.56383358,-94.83832189,20121.0,823.670298215381,0.0,282,264,0,0,264,264,33680,18,0,0,18,0
2020-09-09,US,Kansas,Mitchell,40,0,0,39.39331582,-98.20906732,20123.0,669.0081953503932,0.0,40,40,0,0,40,40,6150,0,0,0,0,0
2020-09-09,US,Kansas,Montgomery,289,5,0,37.19236568,-95.74329258,20125.0,907.9770021049986,1.7301038062283738,284,289,5,0,284,285,32120,0,0,0,0,4
2020-09-09,US,Kansas,Morris,23,0,0,38.68827511,-96.65128437,20127.0,409.2526690391458,0.0,23,23,0,0,23,23,5521,0,0,0,0,0
2020-09-09,US,Kansas,Morton,12,2,0,37.19141121,-101.79925190000002,20129.0,463.8577502899111,16.666666666666668,10,12,2,0,10,12,2667,0,0,0,0,0
2020-09-09,US,Kansas,Nemaha,62,1,0,39.78345387,-96.01392079,20131.0,606.0013683901867,1.6129032258064515,61,55,1,0,54,55,10155,7,0,0,7,0
2020-09-09,US,Kansas,Neosho,135,0,0,37.55862897,-95.30670046,20133.0,843.3810208033984,0.0,135,135,0,0,135,124,15951,0,0,0,0,11
2020-09-09,US,Kansas,Ness,40,1,0,38.47974157,-99.91547333,20135.0,1454.5454545454545,2.5,39,37,1,0,36,37,2840,3,0,0,3,0
2020-09-09,US,Kansas,Norton,24,0,0,39.78443827,-99.90286639,20137.0,447.6776720761052,0.0,24,24,0,0,24,24,5430,0,0,0,0,0
2020-09-09,US,Kansas,Osage,73,0,0,38.65235984,-95.72707998,20139.0,457.7089472694213,0.0,73,71,0,0,71,71,15941,2,0,0,2,0
2020-09-09,US,Kansas,Osborne,5,0,0,39.3503437,-98.76753828,20141.0,146.1560947091494,0.0,5,5,0,0,5,5,3475,0,0,0,0,0
2020-09-09,US,Kansas,Ottawa,48,0,0,39.13237408,-97.65020313,20143.0,841.5147265077139,0.0,48,48,0,0,48,48,5802,0,0,0,0,0
2020-09-09,US,Kansas,Pawnee,318,0,0,38.18108732,-99.23692334,20145.0,4957.904583723106,0.0,318,318,0,0,318,256,6562,0,0,0,0,62
2020-09-09,US,Kansas,Phillips,62,8,0,39.78465501,-99.34668865,20147.0,1184.5624761176919,12.903225806451614,54,58,8,0,50,58,5317,4,0,0,4,0
2020-09-09,US,Kansas,Pottawatomie,183,0,0,39.37925655,-96.34564657,20149.0,750.5229053028751,0.0,183,175,0,0,175,170,24277,8,0,0,8,5
2020-09-09,US,Kansas,Pratt,54,0,0,37.64780729,-98.73922153,20151.0,589.2623308598868,0.0,54,53,0,0,53,53,9378,1,0,0,1,0
2020-09-09,US,Kansas,Rawlins,1,0,0,39.78525843,-101.07616170000001,20153.0,39.52569169960474,0.0,1,2,0,0,2,2,2508,-1,0,0,-1,0
2020-09-09,US,Kansas,Reno,824,2,0,37.95230263,-98.08607292,20155.0,1329.0751314558534,0.2427184466019417,822,820,1,0,819,820,62342,4,1,0,3,0
2020-09-09,US,Kansas,Republic,38,0,0,39.82799632,-97.65036709,20157.0,819.672131147541,0.0,38,38,0,0,38,38,4664,0,0,0,0,0
2020-09-09,US,Kansas,Rice,50,1,0,38.34616184,-98.19992118,20159.0,524.2738806752648,2.0,49,45,1,0,44,45,9531,5,0,0,5,0
2020-09-09,US,Kansas,Riley,1313,6,0,39.28935726,-96.73420026,20161.0,1768.7789632503507,0.45696877380045703,1307,1307,6,0,1301,1186,73703,6,0,0,6,121
2020-09-09,US,Kansas,Rooks,40,0,0,39.35022773,-99.32484567,20163.0,813.0081300813008,0.0,40,40,0,0,40,40,5013,0,0,0,0,0
2020-09-09,US,Kansas,Rush,29,0,0,38.52275276,-99.30863983,20165.0,955.2042160737813,0.0,29,28,0,0,28,28,3093,1,0,0,1,0
2020-09-09,US,Kansas,Russell,55,0,0,38.91462787,-98.76254297,20167.0,802.2170361726953,0.0,55,55,0,0,55,55,6907,0,0,0,0,0
2020-09-09,US,Kansas,Saline,544,9,0,38.78369175,-97.65185177,20169.0,1003.2457952198288,1.6544117647058822,535,540,9,0,531,527,54401,4,0,0,4,13
2020-09-09,US,Kansas,Scott,99,1,0,38.48222076,-100.90665390000001,20171.0,2052.66431681526,1.0101010101010102,98,99,1,0,98,98,4897,0,0,0,0,1
2020-09-09,US,Kansas,Sedgwick,7433,56,0,37.6842718,-97.4608198,20173.0,1440.38663519636,0.7533970133189829,7377,7400,56,0,7344,7371,513607,33,0,0,33,29
2020-09-09,US,Kansas,Seward,1464,5,0,37.19324632,-100.85072009999999,20175.0,6832.182191525108,0.34153005464480873,1459,1464,5,0,1459,1464,21780,0,0,0,0,0
2020-09-09,US,Kansas,Shawnee,2388,27,0,39.04100763,-95.75572640000001,20177.0,1350.106007067138,1.1306532663316582,2361,2377,23,0,2354,2368,177499,11,4,0,7,9
2020-09-09,US,Kansas,Sheridan,12,0,0,39.35018161,-100.44182590000001,20179.0,476.0015866719557,0.0,12,12,0,0,12,12,2533,0,0,0,0,0
2020-09-09,US,Kansas,Sherman,19,0,0,39.35147699,-101.71976240000001,20181.0,321.1086699340882,0.0,19,19,0,0,19,19,5899,0,0,0,0,0
2020-09-09,US,Kansas,Smith,5,0,0,39.78516566,-98.78566062,20183.0,139.54786491766677,0.0,5,6,0,0,6,6,3603,-1,0,0,-1,0
2020-09-09,US,Kansas,Stafford,43,1,0,38.03100851,-98.71762001,20185.0,1034.6487006737248,2.3255813953488373,42,43,1,0,42,43,4178,0,0,0,0,0
2020-09-09,US,Kansas,Stanton,23,2,0,37.56304714,-101.78435340000001,20187.0,1146.5603190428715,8.695652173913043,21,23,2,0,21,23,1987,0,0,0,0,0
2020-09-09,US,Kansas,Stevens,84,0,0,37.1923008,-101.3118967,20189.0,1531.4494074749316,0.0,84,83,0,0,83,76,5559,1,0,0,1,7
2020-09-09,US,Kansas,Sumner,153,3,0,37.23682549,-97.47721621,20191.0,669.9947451392537,1.96078431372549,150,147,3,0,144,147,22996,6,0,0,6,0
2020-09-09,US,Kansas,Thomas,77,0,0,39.35107575,-101.0553705,20193.0,990.0990099009905,0.0,77,73,0,0,73,69,7711,4,0,0,4,4
2020-09-09,US,Kansas,Trego,37,2,0,38.91467218,-99.87284448,20195.0,1320.0142704245452,5.405405405405406,35,37,2,0,35,37,2793,0,0,0,0,0
2020-09-09,US,Kansas,Wabaunsee,63,0,0,38.95471985,-96.20350509,20197.0,908.9597460683883,0.0,63,63,0,0,63,63,6899,0,0,0,0,0
2020-09-09,US,Kansas,Wallace,10,0,0,38.91686134,-101.76388759999999,20199.0,658.7615283267457,0.0,10,10,0,0,10,10,1503,0,0,0,0,0
2020-09-09,US,Kansas,Washington,16,0,0,39.78420784,-97.08753229999999,20201.0,295.96744358120606,0.0,16,15,0,0,15,15,5420,1,0,0,1,0
2020-09-09,US,Kansas,Wichita,5,0,0,38.48178252,-101.3471509,20203.0,235.96035865974517,0.0,5,5,0,0,5,5,2105,0,0,0,0,0
2020-09-09,US,Kansas,Wilson,44,0,0,37.55937174,-95.74323255,20205.0,516.1290322580645,0.0,44,44,0,0,44,44,8665,0,0,0,0,0
2020-09-09,US,Kansas,Woodson,12,0,0,37.8865336,-95.74006277,20207.0,382.4091778202677,0.0,12,12,0,0,12,12,3183,0,0,0,0,0
2020-09-09,US,Kansas,Wyandotte,6317,119,0,39.11727348,-94.76378225,20209.0,3818.556601321413,1.883805603925914,6198,6283,118,0,6165,6271,165324,34,1,0,33,12
2020-09-09,US,Kentucky,Adair,281,19,0,37.10459774,-85.28129668,21001.0,1463.3892302885113,6.761565836298933,262,277,19,0,258,277,19215,4,0,0,4,0
2020-09-09,US,Kentucky,Allen,263,9,0,36.75197631,-86.19457544,21003.0,1233.8728594886231,3.4220532319391634,254,264,9,0,255,263,21122,-1,0,0,-1,1
2020-09-09,US,Kentucky,Anderson,124,1,0,38.00671029,-84.99171713,21005.0,545.1268299116366,0.8064516129032258,123,123,1,0,122,123,22663,1,0,0,1,0
2020-09-09,US,Kentucky,Ballard,45,1,0,37.05842757,-88.99427697,21007.0,570.4868154158215,2.2222222222222223,44,45,1,0,44,45,7979,0,0,0,0,0
2020-09-09,US,Kentucky,Barren,543,10,0,36.96469836,-85.93338945,21009.0,1227.1463761892924,1.8416206261510129,533,535,10,0,525,531,44176,8,0,0,8,4
2020-09-09,US,Kentucky,Bath,69,1,0,38.14735938,-83.74588932,21011.0,552.0,1.4492753623188406,68,68,1,0,67,68,12383,1,0,0,1,0
2020-09-09,US,Kentucky,Bell,431,10,0,36.73355174,-83.67766671,21013.0,1655.6545789797174,2.320185614849188,421,430,9,0,421,430,26569,1,1,0,0,0
2020-09-09,US,Kentucky,Boone,1377,25,0,38.97065142,-84.72615357,21015.0,1030.8352235722143,1.8155410312273057,1352,1364,25,0,1339,1361,131533,13,0,0,13,3
2020-09-09,US,Kentucky,Bourbon,134,1,0,38.2054607,-84.21827874,21017.0,677.1780877299374,0.746268656716418,133,131,1,0,130,131,20184,3,0,0,3,0
2020-09-09,US,Kentucky,Boyd,302,4,0,38.36176608,-82.68652187,21019.0,646.4317821824565,1.3245033112582782,298,298,4,0,294,290,47240,4,0,0,4,8
2020-09-09,US,Kentucky,Boyle,224,0,0,37.62680923,-84.8633779,21021.0,745.1763140385895,0.0,224,221,0,0,221,221,30100,3,0,0,3,0
2020-09-09,US,Kentucky,Bracken,37,0,0,38.69158994,-84.08532444,21023.0,445.6220643141034,0.0,37,37,0,0,37,37,8239,0,0,0,0,0
2020-09-09,US,Kentucky,Breathitt,58,0,0,37.52333168,-83.31959161,21025.0,459.2240696753762,0.0,58,58,0,0,58,57,12726,0,0,0,0,1
2020-09-09,US,Kentucky,Breckinridge,106,2,0,37.77377239,-86.42885017,21027.0,517.6539532158032,1.8867924528301887,104,104,2,0,102,103,20388,2,0,0,2,1
2020-09-09,US,Kentucky,Bullitt,697,7,0,37.97162523,-85.68955617,21029.0,853.3718595425829,1.0043041606886658,690,694,5,0,689,690,81069,3,2,0,1,4
2020-09-09,US,Kentucky,Butler,326,16,0,37.20946153,-86.68748787,21031.0,2531.2524264306235,4.9079754601227,310,324,16,0,308,324,12772,2,0,0,2,0
2020-09-09,US,Kentucky,Caldwell,94,0,0,37.14749129,-87.86948214,21033.0,737.4284145289087,0.0,94,93,0,0,93,92,12715,1,0,0,1,1
2020-09-09,US,Kentucky,Calloway,454,8,0,36.62093411,-88.2731593,21035.0,1164.072716084203,1.7621145374449338,446,452,7,0,445,453,39135,2,1,0,1,-1
2020-09-09,US,Kentucky,Campbell,750,15,0,38.94384345,-84.37875208,21037.0,801.4190459907678,2.0,735,743,15,0,728,744,93152,7,0,0,7,-1
2020-09-09,US,Kentucky,Carlisle,64,1,0,36.85372876,-88.96692220000001,21039.0,1344.5378151260506,1.5625,63,64,1,0,63,64,4771,0,0,0,0,0
2020-09-09,US,Kentucky,Carroll,194,5,0,38.66599534,-85.12601074,21041.0,1824.8518483679807,2.5773195876288657,189,195,5,0,190,195,10737,-1,0,0,-1,0
2020-09-09,US,Kentucky,Carter,133,3,0,38.31690743,-83.05092385,21043.0,496.324215397246,2.255639097744361,130,129,3,0,126,129,27004,4,0,0,4,0
2020-09-09,US,Kentucky,Casey,262,15,0,37.32533118,-84.92726209,21045.0,1621.3874620954266,5.7251908396946565,247,261,15,0,246,260,15888,1,0,0,1,1
2020-09-09,US,Kentucky,Christian,922,13,0,36.89267803,-87.49055367,21047.0,1308.5252834901576,1.4099783080260304,909,890,13,0,877,891,71671,32,0,0,32,-1
2020-09-09,US,Kentucky,Clark,274,8,0,37.9689263,-84.14615986,21049.0,755.5910983647244,2.9197080291970803,266,272,8,0,264,272,36249,2,0,0,2,0
2020-09-09,US,Kentucky,Clay,233,6,0,37.16451126,-83.712575,21051.0,1170.7954374152052,2.5751072961373387,227,226,6,0,220,226,20105,7,0,0,7,0
2020-09-09,US,Kentucky,Clinton,79,2,0,36.72581156,-85.13377529,21053.0,773.1454296339792,2.5316455696202533,77,77,2,0,75,76,10206,2,0,0,2,1
2020-09-09,US,Kentucky,Crittenden,91,1,0,37.35839237,-88.08826090000002,21055.0,1033.3863275039746,1.0989010989010992,90,81,1,0,80,80,8915,10,0,0,10,1
2020-09-09,US,Kentucky,Cumberland,90,0,0,36.78926125,-85.39050034,21057.0,1360.749924402782,0.0,90,90,0,0,90,90,6659,0,0,0,0,0
2020-09-09,US,Kentucky,Daviess,1072,11,0,37.73028906,-87.09019479999998,21059.0,1056.0431874378146,1.0261194029850746,1061,1064,11,0,1053,1064,101104,8,0,0,8,0
2020-09-09,US,Kentucky,Edmonson,120,12,0,37.21218923,-86.23955613,21061.0,987.6543209876544,10.0,108,119,12,0,107,119,12274,1,0,0,1,0
2020-09-09,US,Kentucky,Elliott,31,0,0,38.11624059,-83.09771563,21063.0,412.39856325661833,0.0,31,31,0,0,31,31,7508,0,0,0,0,0
2020-09-09,US,Kentucky,Estill,62,0,0,37.69241417,-83.95956369,21065.0,439.52927832128165,0.0,62,61,0,0,61,61,14198,1,0,0,1,0
2020-09-09,US,Kentucky,Fayette,4695,59,0,38.0368225,-84.45576892,21067.0,1452.8766648512155,1.2566560170394037,4636,4651,58,0,4593,4592,323780,44,1,0,43,59
2020-09-09,US,Kentucky,Fleming,74,0,0,38.36758311,-83.69657514,21069.0,507.5097729922502,0.0,74,73,0,0,73,73,14432,1,0,0,1,0
2020-09-09,US,Kentucky,Floyd,158,2,0,37.56213922,-82.74750924,21071.0,443.95740256820915,1.2658227848101269,156,156,2,0,154,156,35845,2,0,0,2,0
2020-09-09,US,Kentucky,Franklin,526,11,0,38.2379395,-84.87962551,21073.0,1031.5545880645604,2.091254752851711,515,516,11,0,505,513,50815,10,0,0,10,3
2020-09-09,US,Kentucky,Fulton,128,2,0,36.55238827,-89.20140068,21075.0,2144.4127994638966,1.5625,126,127,2,0,125,126,6120,1,0,0,1,1
2020-09-09,US,Kentucky,Gallatin,92,8,0,38.75398691,-84.8558382,21077.0,1037.3210057503663,8.695652173913043,84,92,8,0,84,92,8832,0,0,0,0,0
2020-09-09,US,Kentucky,Garrard,132,3,0,37.638866799999995,-84.53289319,21079.0,747.1980074719801,2.272727272727273,129,131,2,0,129,132,17560,1,1,0,0,-1
2020-09-09,US,Kentucky,Grant,145,6,0,38.64962758,-84.62415957,21081.0,578.4036060473094,4.137931034482759,139,142,6,0,136,142,25121,3,0,0,3,0
2020-09-09,US,Kentucky,Graves,674,29,0,36.72292505,-88.65143315,21083.0,1808.619116621049,4.302670623145399,645,670,29,0,641,670,37317,4,0,0,4,0
2020-09-09,US,Kentucky,Grayson,305,12,0,37.46231118,-86.34248968,21085.0,1154.1226775646119,3.9344262295081966,293,301,12,0,289,302,26321,4,0,0,4,-1
2020-09-09,US,Kentucky,Green,212,7,0,37.26484328,-85.5540745,21087.0,1937.6656612741065,3.30188679245283,205,210,7,0,203,209,11049,2,0,0,2,1
2020-09-09,US,Kentucky,Greenup,280,2,0,38.54332505,-82.9215658,21089.0,797.7662544874353,0.7142857142857143,278,277,2,0,275,276,35268,3,0,0,3,1
2020-09-09,US,Kentucky,Hancock,65,0,0,37.83766422,-86.78280584,21091.0,745.2419169915158,0.0,65,64,0,0,64,64,8758,1,0,0,1,0
2020-09-09,US,Kentucky,Hardin,1010,10,0,37.6976111,-85.96319251,21093.0,910.2543304673841,0.99009900990099,1000,998,10,0,988,993,110356,12,0,0,12,5
2020-09-09,US,Kentucky,Harlan,327,9,0,36.85699301,-83.21899516,21095.0,1257.208765859285,2.7522935779816518,318,321,9,0,312,321,26409,6,0,0,6,0
2020-09-09,US,Kentucky,Harrison,163,0,0,38.44188174,-84.32869741,21097.0,863.0731758974903,0.0,163,158,0,0,158,158,18778,5,0,0,5,0
2020-09-09,US,Kentucky,Hart,152,1,0,37.29943898,-85.88461055,21099.0,798.52902547938,0.6578947368421053,151,146,1,0,145,145,18906,6,0,0,6,1
2020-09-09,US,Kentucky,Henderson,520,3,0,37.79344553,-87.57392021,21101.0,1150.18801150188,0.5769230769230769,517,502,3,0,499,502,45591,18,0,0,18,0
2020-09-09,US,Kentucky,Henry,174,2,0,38.44942688,-85.11587507,21103.0,1079.0028525362768,1.1494252873563218,172,167,2,0,165,166,16106,7,0,0,7,1
2020-09-09,US,Kentucky,Hickman,72,0,0,36.67948079999999,-88.97875928,21105.0,1643.835616438356,0.0,72,71,0,0,71,71,4421,1,0,0,1,0
2020-09-09,US,Kentucky,Hopkins,547,36,0,37.30939025,-87.54670406,21107.0,1224.0970326276686,6.581352833638027,511,535,36,0,499,535,45068,12,0,0,12,0
2020-09-09,US,Kentucky,Jackson,301,15,0,37.41866422,-83.99825483,21109.0,2258.2339260259578,4.983388704318936,286,293,15,0,278,292,13442,8,0,0,8,1
2020-09-09,US,Kentucky,Jefferson,13106,279,0,38.18664655,-85.65931031,21111.0,1709.2768634652175,2.12879597131085,12827,13004,274,0,12730,12960,770517,102,5,0,97,44
2020-09-09,US,Kentucky,Jessamine,506,0,0,37.87119786,-84.58252003,21113.0,935.0457359327361,0.0,506,496,0,0,496,492,53920,10,0,0,10,4
2020-09-09,US,Kentucky,Johnson,128,1,0,37.85106355,-82.8264322,21115.0,576.8884081485487,0.78125,127,128,1,0,127,128,22386,0,0,0,0,0
2020-09-09,US,Kentucky,Kenton,1831,44,0,38.93950319,-84.53241199,21117.0,1096.4203164109751,2.4030584380120152,1787,1819,44,0,1775,1817,166051,12,0,0,12,2
2020-09-09,US,Kentucky,Knott,96,1,0,37.35388197,-82.94981134,21119.0,648.3857895447793,1.0416666666666667,95,96,1,0,95,96,15126,0,0,0,0,0
2020-09-09,US,Kentucky,Knox,382,9,0,36.89225732,-83.85403396,21121.0,1226.521110932734,2.356020942408377,373,380,9,0,371,379,31304,2,0,0,2,1
2020-09-09,US,Kentucky,Larue,97,1,0,37.54567114,-85.70138352,21123.0,673.7046812057231,1.0309278350515465,96,96,1,0,95,97,14307,1,0,0,1,-1
2020-09-09,US,Kentucky,Laurel,653,5,0,37.10975748,-84.11321779,21125.0,1073.7835660138458,0.7656967840735069,648,626,5,0,621,626,60669,27,0,0,27,0
2020-09-09,US,Kentucky,Lawrence,47,0,0,38.07136018,-82.72882223,21127.0,306.848599595221,0.0,47,47,0,0,47,47,15571,0,0,0,0,0
2020-09-09,US,Kentucky,Lee,13,0,0,37.59645942,-83.71513901,21129.0,175.6044846683777,0.0,13,13,0,0,13,13,7033,0,0,0,0,0
2020-09-09,US,Kentucky,Leslie,42,0,0,37.09246661,-83.37999606,21131.0,425.23033309709433,0.0,42,42,0,0,42,42,10143,0,0,0,0,0
2020-09-09,US,Kentucky,Letcher,80,2,0,37.12306748,-82.85346474,21133.0,371.17802626084534,2.5,78,79,2,0,77,79,21899,1,0,0,1,0
2020-09-09,US,Kentucky,Lewis,199,14,0,38.53184419,-83.37735618,21135.0,1499.0583804143125,7.035175879396986,185,199,14,0,185,198,13257,0,0,0,0,1
2020-09-09,US,Kentucky,Lincoln,150,11,0,37.45475628,-84.6565327,21137.0,611.0228522546744,7.333333333333332,139,148,10,0,138,146,24644,2,1,0,1,2
2020-09-09,US,Kentucky,Livingston,64,1,0,37.21137452,-88.34797529,21139.0,696.1061561888188,1.5625,63,61,1,0,60,60,9242,3,0,0,3,1
2020-09-09,US,Kentucky,Logan,461,26,0,36.85949479,-86.877635,21141.0,1700.981477381743,5.6399132321041225,435,453,26,0,427,452,26989,8,0,0,8,1
2020-09-09,US,Kentucky,Lyon,44,4,0,37.02080035,-88.07886257,21143.0,535.931790499391,9.090909090909092,40,43,4,0,39,43,8009,1,0,0,1,0
2020-09-09,US,Kentucky,Madison,1268,4,0,37.71659336,-84.27220275,21151.0,1363.6314753675247,0.3154574132492113,1264,1245,4,0,1241,1234,92368,23,0,0,23,11
2020-09-09,US,Kentucky,Magoffin,71,0,0,37.70820545,-83.0657714,21153.0,583.8335663185593,0.0,71,69,0,0,69,69,12362,2,0,0,2,0
2020-09-09,US,Kentucky,Marion,192,4,0,37.55218078,-85.26898542,21155.0,996.2123177502208,2.083333333333333,188,191,4,0,187,190,19404,1,0,0,1,1
2020-09-09,US,Kentucky,Marshall,222,2,0,36.88007070000001,-88.32803576,21157.0,713.8263665594858,0.9009009009009008,220,220,2,0,218,208,31191,2,0,0,2,12
2020-09-09,US,Kentucky,Martin,61,2,0,37.79990579,-82.51247478,21159.0,544.8861098704779,3.278688524590164,59,58,2,0,56,58,11323,3,0,0,3,0
2020-09-09,US,Kentucky,Mason,113,2,0,38.59471935,-83.82151043,21161.0,661.9800820152312,1.7699115044247788,111,110,2,0,108,110,17150,3,0,0,3,0
2020-09-09,US,Kentucky,McCracken,572,6,0,37.05350953,-88.70445755,21145.0,874.3770827600966,1.048951048951049,566,564,6,0,558,562,65346,8,0,0,8,2
2020-09-09,US,Kentucky,McCreary,121,0,0,36.73874143,-84.48102924,21147.0,702.2227380883293,0.0,121,116,0,0,116,115,17408,5,0,0,5,1
2020-09-09,US,Kentucky,McLean,62,1,0,37.5301951,-87.26803443,21149.0,673.4006734006732,1.6129032258064515,61,63,1,0,62,63,9252,-1,0,0,-1,0
2020-09-09,US,Kentucky,Meade,140,3,0,37.96163597,-86.21028219,21163.0,489.99020019599607,2.142857142857143,137,138,3,0,135,137,28715,2,0,0,2,1
2020-09-09,US,Kentucky,Menifee,35,0,0,37.94090733,-83.59985712,21165.0,539.3743257820928,0.0,35,35,0,0,35,35,6451,0,0,0,0,0
2020-09-09,US,Kentucky,Mercer,148,1,0,37.81474237,-84.87488475,21167.0,674.7822915241873,0.6756756756756757,147,145,1,0,144,142,21774,3,0,0,3,3
2020-09-09,US,Kentucky,Metcalfe,90,2,0,36.99459295,-85.63123699,21169.0,893.6550491510277,2.2222222222222223,88,87,2,0,85,87,10030,3,0,0,3,0
2020-09-09,US,Kentucky,Monroe,175,3,0,36.71225341,-85.71596443,21171.0,1643.1924882629107,1.7142857142857142,172,173,3,0,170,173,10718,2,0,0,2,0
2020-09-09,US,Kentucky,Montgomery,210,1,0,38.03253032,-83.9145241,21173.0,745.8180914159889,0.4761904761904762,209,210,1,0,209,210,28203,0,0,0,0,0
2020-09-09,US,Kentucky,Morgan,51,0,0,37.92465657,-83.25558245,21175.0,383.1993387932978,0.0,51,51,0,0,51,50,13345,0,0,0,0,1
2020-09-09,US,Kentucky,Muhlenberg,681,11,0,37.21425819,-87.14632053,21177.0,2223.8913199660374,1.6152716593245229,670,676,11,0,665,675,30774,5,0,0,5,1
2020-09-09,US,Kentucky,Nelson,412,3,0,37.80335779,-85.4657193,21179.0,891.1383643717691,0.7281553398058253,409,404,3,0,401,398,45851,8,0,0,8,6
2020-09-09,US,Kentucky,Nicholas,27,1,0,38.33342292,-84.01889177,21181.0,371.4403631861329,3.703703703703704,26,27,1,0,26,27,7166,0,0,0,0,0
2020-09-09,US,Kentucky,Ohio,403,9,0,37.47751843,-86.85368087,21183.0,1679.5865633074936,2.2332506203473947,394,396,9,0,387,396,24087,7,0,0,7,0
2020-09-09,US,Kentucky,Oldham,886,24,0,38.39791089,-85.448222,21185.0,1326.3671611850475,2.708803611738149,862,879,24,0,855,881,66470,7,0,0,7,-2
2020-09-09,US,Kentucky,Owen,86,2,0,38.51679143,-84.82404619,21187.0,788.9184478488213,2.3255813953488373,84,85,1,0,84,85,10880,1,1,0,0,0
2020-09-09,US,Kentucky,Owsley,37,1,0,37.42823949,-83.68811419,21189.0,838.0520951302377,2.702702702702702,36,37,1,0,36,37,4472,0,0,0,0,0
2020-09-09,US,Kentucky,Pendleton,74,0,0,38.69607718,-84.35599463,21191.0,507.1967100753942,0.0,74,69,0,0,69,69,14529,5,0,0,5,0
2020-09-09,US,Kentucky,Perry,295,8,0,37.25023553,-83.22922731,21193.0,1145.2752542899293,2.7118644067796613,287,293,8,0,285,294,26092,2,0,0,2,-1
2020-09-09,US,Kentucky,Pike,354,3,0,37.47088263,-82.39487445,21195.0,611.6524984449512,0.8474576271186439,351,348,3,0,345,346,58402,6,0,0,6,2
2020-09-09,US,Kentucky,Powell,84,0,0,37.83218794,-83.82553961,21197.0,679.6666396957683,0.0,84,84,0,0,84,85,12442,0,0,0,0,-1
2020-09-09,US,Kentucky,Pulaski,640,7,0,37.10466131,-84.57629079,21199.0,984.9335939303467,1.09375,633,634,7,0,627,633,64623,6,0,0,6,1
2020-09-09,US,Kentucky,Robertson,10,0,0,38.51923469,-84.05055616,21201.0,474.3833017077798,0.0,10,9,0,0,9,9,2135,1,0,0,1,0
2020-09-09,US,Kentucky,Rockcastle,146,1,0,37.36642393,-84.31176452,21203.0,874.5133273435159,0.6849315068493149,145,140,1,0,139,137,16750,6,0,0,6,3
2020-09-09,US,Kentucky,Rowan,187,1,0,38.19484205,-83.42088935,21205.0,764.5134914145543,0.5347593582887701,186,185,0,0,185,184,24583,2,1,0,1,1
2020-09-09,US,Kentucky,Russell,206,6,0,36.99308373,-85.06070117,21207.0,1149.3611560564639,2.9126213592233015,200,201,6,0,195,201,17821,5,0,0,5,0
2020-09-09,US,Kentucky,Scott,649,8,0,38.29622293,-84.5816631,21209.0,1138.5165953266435,1.2326656394453004,641,634,6,0,628,630,56031,15,2,0,13,4
2020-09-09,US,Kentucky,Shelby,955,23,0,38.21476019,-85.194223,21211.0,1948.0254569190602,2.408376963350785,932,945,23,0,922,944,48518,10,0,0,10,1
2020-09-09,US,Kentucky,Simpson,240,7,0,36.74058474,-86.58047435,21213.0,1292.2679302175318,2.9166666666666665,233,239,7,0,232,238,18529,1,0,0,1,1
2020-09-09,US,Kentucky,Spencer,177,0,0,38.03223971,-85.32749335,21215.0,914.6814118133432,0.0,177,174,0,0,174,174,18794,3,0,0,3,0
2020-09-09,US,Kentucky,Taylor,224,5,0,37.3677562,-85.3329931,21217.0,869.2615157747681,2.232142857142857,219,222,5,0,217,218,25549,2,0,0,2,4
2020-09-09,US,Kentucky,Todd,165,6,0,36.8381152,-87.17878374,21219.0,1342.1181063933627,3.636363636363636,159,162,6,0,156,162,12311,3,0,0,3,0
2020-09-09,US,Kentucky,Trigg,118,0,0,36.80767017,-87.87333656,21221.0,805.4057743498738,0.0,118,108,0,0,108,103,14643,10,0,0,10,5
2020-09-09,US,Kentucky,Trimble,50,0,0,38.61056487,-85.33775972,21223.0,590.2490851139181,0.0,50,50,0,0,50,49,8515,0,0,0,0,1
2020-09-09,US,Kentucky,Union,181,1,0,37.66166713,-87.94300009,21225.0,1258.6051039566096,0.5524861878453039,180,171,1,0,170,169,14505,10,0,0,10,2
2020-09-09,US,Kentucky,Warren,3728,29,0,36.99903045,-86.42672751,21227.0,2805.201059475078,0.7778969957081545,3699,3691,29,0,3662,3648,131264,37,0,0,37,43
2020-09-09,US,Kentucky,Washington,134,1,0,37.75599461,-85.17407732,21229.0,1107.8958247209594,0.746268656716418,133,133,1,0,132,132,12084,1,0,0,1,1
2020-09-09,US,Kentucky,Wayne,104,0,0,36.80310688,-84.8251971,21231.0,511.4837948163086,0.0,104,104,0,0,104,102,20468,0,0,0,0,2
2020-09-09,US,Kentucky,Webster,120,2,0,37.52168356,-87.67989953,21233.0,927.2137227630968,1.6666666666666667,118,119,2,0,117,119,13111,1,0,0,1,0
2020-09-09,US,Kentucky,Whitley,229,2,0,36.75700531,-84.14541217,21235.0,631.4802559011692,0.8733624454148472,227,222,2,0,220,222,36242,7,0,0,7,0
2020-09-09,US,Kentucky,Wolfe,29,0,0,37.73941626,-83.49303612,21237.0,405.19770853709656,0.0,29,29,0,0,29,29,7177,0,0,0,0,0
2020-09-09,US,Kentucky,Woodford,222,0,0,38.04178222,-84.7417556,21239.0,830.4032318396049,0.0,222,222,0,0,222,222,26533,0,0,0,0,0
2020-09-09,US,Louisiana,Acadia,2876,94,0,30.295064899999996,-92.41419698,22001.0,4635.345313885085,3.2684283727399164,2782,2841,94,0,2747,2853,62190,35,0,0,35,-12
2020-09-09,US,Louisiana,Allen,1495,44,0,30.65385745,-92.82442028,22003.0,5833.691028992859,2.94314381270903,1451,1462,44,0,1418,1461,25605,33,0,0,33,1
2020-09-09,US,Louisiana,Ascension,3497,93,0,30.20406249,-90.91328409999998,22005.0,2762.156014027993,2.6594223620245927,3404,3474,93,0,3381,3465,124672,23,0,0,23,9
2020-09-09,US,Louisiana,Assumption,699,23,0,29.89946234,-91.06461642,22007.0,3193.0930519391527,3.2904148783977116,676,692,22,0,670,683,22300,7,1,0,6,9
2020-09-09,US,Louisiana,Avoyelles,1396,47,0,31.07796211,-92.00079449,22009.0,3477.481068154644,3.3667621776504304,1349,1335,47,0,1288,1331,40462,61,0,0,61,4
2020-09-09,US,Louisiana,Beauregard,961,34,0,30.64836518,-93.34173616,22011.0,2562.8716964023793,3.5379812695109263,927,952,32,0,920,955,37253,9,2,0,7,-3
2020-09-09,US,Louisiana,Bienville,433,32,0,32.34569994,-93.05398492,22013.0,3270.145759383732,7.390300230946883,401,427,32,0,395,427,13308,6,0,0,6,0
2020-09-09,US,Louisiana,Bossier,2849,98,0,32.67932307,-93.60460152,22015.0,2242.618408520218,3.43980343980344,2751,2836,98,0,2738,2826,127185,13,0,0,13,10
2020-09-09,US,Louisiana,Caddo,7729,333,0,32.57991587,-93.88375652,22017.0,3217.681637274983,4.30844869970242,7396,7687,332,0,7355,7679,242922,42,1,0,41,8
2020-09-09,US,Louisiana,Calcasieu,7549,196,0,30.22931235,-93.35400434,22019.0,3710.749326569535,2.596370380182805,7353,7487,194,0,7293,7476,203112,62,2,0,60,11
2020-09-09,US,Louisiana,Caldwell,294,3,0,32.0902519,-92.11752148,22021.0,2964.3073200241993,1.020408163265306,291,293,3,0,290,291,9960,1,0,0,1,2
2020-09-09,US,Louisiana,Cameron,205,1,0,29.87592238,-93.19310676,22023.0,2939.9110856159473,0.4878048780487805,204,204,1,0,203,204,6968,1,0,0,1,0
2020-09-09,US,Louisiana,Catahoula,398,6,0,31.66778967,-91.84526385,22025.0,4192.1213397935535,1.5075376884422111,392,391,6,0,385,388,9608,7,0,0,7,3
2020-09-09,US,Louisiana,Claiborne,460,16,0,32.82308512,-92.99526883,22027.0,2935.545628589661,3.4782608695652173,444,435,16,0,419,435,15944,25,0,0,25,0
2020-09-09,US,Louisiana,Concordia,488,10,0,31.44817835,-91.63814433,22029.0,2533.8802637727813,2.0491803278688523,478,461,10,0,451,461,19572,27,0,0,27,0
2020-09-09,US,Louisiana,De Soto,837,34,0,32.05457447,-93.74130302,22031.0,3047.7369551760553,4.062126642771804,803,831,34,0,797,828,27436,6,0,0,6,3
2020-09-09,US,Louisiana,East Baton Rouge,14380,427,0,30.53842039,-91.09777565,22033.0,3267.74364346599,2.9694019471488184,13953,14284,426,0,13858,14253,440956,96,1,0,95,31
2020-09-09,US,Louisiana,East Carroll,534,3,0,32.73926954,-91.23425694,22035.0,7783.121993878443,0.5617977528089888,531,532,3,0,529,532,7037,2,0,0,2,0
2020-09-09,US,Louisiana,East Feliciana,1462,52,0,30.84425359,-91.04976723,22037.0,7640.4494382022485,3.556771545827633,1410,1456,50,0,1406,1461,19305,6,2,0,4,-5
2020-09-09,US,Louisiana,Evangeline,1228,29,0,30.72985248,-92.39915924,22039.0,3677.1971852073657,2.3615635179153096,1199,1202,28,0,1174,1202,33443,26,1,0,25,0
2020-09-09,US,Louisiana,Franklin,1132,32,0,32.13675181,-91.67589857,22041.0,5655.758181363977,2.826855123674912,1100,1117,33,0,1084,1118,20156,15,-1,0,16,-1
2020-09-09,US,Louisiana,Grant,456,30,0,31.59882456,-92.56124347,22043.0,2036.714457992764,6.578947368421053,426,449,30,0,419,448,22482,7,0,0,7,1
2020-09-09,US,Louisiana,Iberia,2820,88,0,29.86803617,-91.75871777,22045.0,4038.3789202348557,3.120567375886525,2732,2761,88,0,2673,2762,70941,59,0,0,59,-1
2020-09-09,US,Louisiana,Iberville,1373,56,0,30.25734305,-91.3499598,22047.0,4223.185998585094,4.0786598689002185,1317,1364,56,0,1308,1366,32721,9,0,0,9,-2
2020-09-09,US,Louisiana,Jackson,543,21,0,32.30251776,-92.55692092,22049.0,3448.932926829268,3.867403314917127,522,538,21,0,517,535,15902,5,0,0,5,3
2020-09-09,US,Louisiana,Jefferson,16871,557,0,29.74075478,-90.11115756,22051.0,3900.872384061707,3.301523324047181,16314,16825,556,0,16269,16802,434051,46,1,0,45,23
2020-09-09,US,Louisiana,Jefferson Davis,1185,37,0,30.26896765,-92.81210004,22053.0,3777.735271614384,3.1223628691983123,1148,1171,37,0,1134,1171,31582,14,0,0,14,0
2020-09-09,US,Louisiana,LaSalle,406,5,0,31.67884782,-92.15907765,22059.0,2726.2959978511954,1.2315270935960592,401,400,5,0,395,399,14917,6,0,0,6,1
2020-09-09,US,Louisiana,Lafayette,8570,116,0,30.2049055,-92.06959876,22055.0,3506.6901264372523,1.3535589264877481,8454,8460,116,0,8344,8449,242782,110,0,0,110,11
2020-09-09,US,Louisiana,Lafourche,3387,115,0,29.52470226,-90.40976986,22057.0,3469.78916958633,3.3953351048125184,3272,3360,115,0,3245,3350,98115,27,0,0,27,10
2020-09-09,US,Louisiana,Lincoln,989,42,0,32.6003154,-92.66597409999999,22061.0,2115.8700954173983,4.2467138523761365,947,969,42,0,927,971,47196,20,0,0,20,-2
2020-09-09,US,Louisiana,Livingston,3514,69,0,30.44143993,-90.73061664,22063.0,2495.9336311785723,1.9635742743312463,3445,3495,69,0,3426,3475,139567,19,0,0,19,20
2020-09-09,US,Louisiana,Madison,846,8,0,32.36918118,-91.23973355,22065.0,7725.321888412017,0.9456264775413712,838,843,7,0,836,840,11161,3,1,0,2,3
2020-09-09,US,Louisiana,Morehouse,672,19,0,32.81686191,-91.80421614,22067.0,2701.6161453726777,2.827380952380953,653,635,19,0,616,634,25398,37,0,0,37,1
2020-09-09,US,Louisiana,Natchitoches,997,25,0,31.72321584,-93.09816516,22069.0,2612.8203784265424,2.5075225677031088,972,973,25,0,948,976,38659,24,0,0,24,-3
2020-09-09,US,Louisiana,Orleans,12048,583,0,30.06971951,-89.92660315,22071.0,3088.0905511811025,4.838977423638778,11465,11975,581,0,11394,11932,391006,73,2,0,71,43
2020-09-09,US,Louisiana,Ouachita,5741,133,0,32.47645559,-92.15704172,22073.0,3745.457629551341,2.3166695697613657,5608,5668,133,0,5535,5669,154475,73,0,0,73,-1
2020-09-09,US,Louisiana,Plaquemines,645,19,0,29.42245447,-89.60322085,22075.0,2780.5319653403467,2.9457364341085266,626,635,19,0,616,656,23410,10,0,0,10,-21
2020-09-09,US,Louisiana,Pointe Coupee,1001,38,0,30.71409502,-91.60209535,22077.0,4606.534744592729,3.7962037962037964,963,986,38,0,948,987,21940,15,0,0,15,-1
2020-09-09,US,Louisiana,Rapides,3947,136,0,31.19778499,-92.52997303,22079.0,3044.3971368628904,3.4456549277932607,3811,3916,136,0,3780,3914,130562,31,0,0,31,2
2020-09-09,US,Louisiana,Red River,338,20,0,32.09530039,-93.34213308,22081.0,4003.79057095475,5.9171597633136095,318,338,20,0,318,338,8477,0,0,0,0,0
2020-09-09,US,Louisiana,Richland,728,10,0,32.41391005,-91.76634876,22083.0,3617.930623198489,1.3736263736263736,718,720,10,0,710,717,20192,8,0,0,8,3
2020-09-09,US,Louisiana,Sabine,792,13,0,31.56388699,-93.55433981,22085.0,3316.0274660860828,1.6414141414141414,779,778,13,0,765,774,24032,14,0,0,14,4
2020-09-09,US,Louisiana,St. Bernard,1310,28,0,29.87761636,-89.51887093,22087.0,2772.8388790110907,2.137404580152672,1282,1296,28,0,1268,1289,46721,14,0,0,14,7
2020-09-09,US,Louisiana,St. Charles,1709,57,0,29.90709658,-90.35555967,22089.0,3218.455743879473,3.3352837916910474,1652,1702,57,0,1645,1695,52879,7,0,0,7,7
2020-09-09,US,Louisiana,St. Helena,388,2,0,30.82210324,-90.71013176,22091.0,3829.4512435846814,0.5154639175257731,386,384,2,0,382,376,10262,4,0,0,4,8
2020-09-09,US,Louisiana,St. James,782,37,0,30.02531716,-90.80212061,22093.0,3706.863860447478,4.731457800511508,745,766,37,0,729,768,21037,16,0,0,16,-2
2020-09-09,US,Louisiana,St. John the Baptist,1548,97,0,30.12597499,-90.4753503,22095.0,3613.6984382659853,6.2661498708010335,1451,1545,97,0,1448,1540,43184,3,0,0,3,5
2020-09-09,US,Louisiana,St. Landry,3209,116,0,30.59724262,-92.00135806,22097.0,3907.5057230529437,3.6148332813960735,3093,3160,116,0,3044,3156,82764,49,0,0,49,4
2020-09-09,US,Louisiana,St. Martin,2030,58,0,30.13112107,-91.61403569,22099.0,3799.292545526005,2.8571428571428568,1972,2010,58,0,1952,2005,53621,20,0,0,20,5
2020-09-09,US,Louisiana,St. Mary,1808,73,0,29.69262097,-91.44702164,22101.0,3663.775634270893,4.037610619469026,1735,1789,72,0,1717,1791,49774,19,1,0,18,-2
2020-09-09,US,Louisiana,St. Tammany,6489,245,0,30.40942847,-89.95642711,22103.0,2491.7536738870817,3.775620280474649,6244,6402,245,0,6157,6373,258111,87,0,0,87,29
2020-09-09,US,Louisiana,Tangipahoa,4217,107,0,30.62888673,-90.40664996,22105.0,3129.3132875228193,2.5373488261797488,4110,4173,107,0,4066,4181,133777,44,0,0,44,-8
2020-09-09,US,Louisiana,Tensas,155,1,0,32.00760749,-91.32915234,22107.0,3576.372865712968,0.6451612903225806,154,154,1,0,153,152,4462,1,0,0,1,2
2020-09-09,US,Louisiana,Terrebonne,3459,104,0,29.37343766,-90.82626855,22109.0,3131.421949828446,3.006649320612894,3355,3445,103,0,3342,3433,111021,14,1,0,13,12
2020-09-09,US,Louisiana,Unassigned,193,170,0,0.0,0.0,90022.0,0.0,88.08290155440416,23,191,163,0,28,193,,2,7,0,-5,-2
2020-09-09,US,Louisiana,Union,891,39,0,32.83121059,-92.3749373,22111.0,4030.215306676316,4.377104377104377,852,863,39,0,824,858,22330,28,0,0,28,5
2020-09-09,US,Louisiana,Vermilion,1958,50,0,29.83517605,-92.30292538,22113.0,3290.148039858177,2.5536261491317678,1908,1916,50,0,1866,1908,59830,42,0,0,42,8
2020-09-09,US,Louisiana,Vernon,996,41,0,31.10884837,-93.18153838,22115.0,2099.981024267853,4.116465863453815,955,981,41,0,940,976,48860,15,0,0,15,5
2020-09-09,US,Louisiana,Washington,1534,60,0,30.85288548,-90.03866652,22117.0,3320.777590163225,3.9113428943937416,1474,1528,60,0,1468,1532,46582,6,0,0,6,-4
2020-09-09,US,Louisiana,Webster,1104,20,0,32.70847669,-93.33121835,22119.0,2879.4992175273865,1.8115942028985508,1084,1080,20,0,1060,1081,38798,24,0,0,24,-1
2020-09-09,US,Louisiana,West Baton Rouge,855,40,0,30.46058217,-91.30989571,22121.0,3230.682032873607,4.678362573099415,815,852,40,0,812,851,26427,3,0,0,3,1
2020-09-09,US,Louisiana,West Carroll,329,9,0,32.78550125,-91.461201,22123.0,3037.8578024007397,2.735562310030395,320,323,9,0,314,323,10982,6,0,0,6,0
2020-09-09,US,Louisiana,West Feliciana,639,22,0,30.87882871,-91.41485379999999,22125.0,4104.573484069887,3.442879499217528,617,637,22,0,615,624,15460,2,0,0,2,13
2020-09-09,US,Louisiana,Winn,581,17,0,31.94449367,-92.63789413,22127.0,4178.653624856156,2.9259896729776247,564,578,17,0,561,578,14134,3,0,0,3,0
2020-09-09,US,Maine,Androscoggin,625,10,0,44.1664747,-70.20380627,23001.0,577.2232330042391,1.6,615,625,10,0,615,624,107679,0,0,0,0,1
2020-09-09,US,Maine,Aroostook,40,1,0,46.65926321,-68.59841248,23003.0,59.65252404742375,2.5,39,40,1,0,39,40,67111,0,0,0,0,0
2020-09-09,US,Maine,Cumberland,2223,70,0,43.8370751,-70.37226999,23005.0,753.5516587966902,3.148897885739991,2153,2223,70,0,2153,2221,293557,0,0,0,0,2
2020-09-09,US,Maine,Franklin,53,1,0,44.97330019,-70.44381045,23007.0,175.5025000827842,1.8867924528301887,52,53,1,0,52,53,29897,0,0,0,0,0
2020-09-09,US,Maine,Hancock,51,1,0,44.59816444,-68.38401854,23009.0,92.7491952643352,1.96078431372549,50,51,1,0,50,50,54811,0,0,0,0,1
2020-09-09,US,Maine,Kennebec,197,11,0,44.40759555,-69.76738544,23011.0,161.07667904040818,5.583756345177664,186,197,11,0,186,197,122083,0,0,0,0,0
2020-09-09,US,Maine,Knox,33,1,0,44.11486325,-69.10529169,23013.0,82.97294579100875,3.0303030303030303,32,34,1,0,33,34,39771,-1,0,0,-1,0
2020-09-09,US,Maine,Lincoln,36,1,0,44.05996956,-69.54227124,23015.0,103.94410117225848,2.7777777777777777,35,36,1,0,35,36,34342,0,0,0,0,0
2020-09-09,US,Maine,Oxford,75,0,0,44.49952995,-70.75682123,23017.0,129.36610608020698,0.0,75,75,0,0,75,74,57618,0,0,0,0,1
2020-09-09,US,Maine,Penobscot,249,6,0,45.40194593,-68.65020455,23019.0,163.65643978231722,2.409638554216868,243,249,6,0,243,248,151096,0,0,0,0,1
2020-09-09,US,Maine,Piscataquis,8,0,0,45.83839062,-69.2860223,23021.0,47.66160262138814,0.0,8,8,0,0,8,8,16800,0,0,0,0,0
2020-09-09,US,Maine,Sagadahoc,62,0,0,43.95415864,-69.85074999,23023.0,172.91387773315483,0.0,62,62,0,0,62,62,35634,0,0,0,0,0
2020-09-09,US,Maine,Somerset,63,3,0,45.51229767,-69.95995554,23025.0,124.79201331114807,4.761904761904762,60,63,3,0,60,62,50592,0,0,0,0,1
2020-09-09,US,Maine,Waldo,72,14,0,44.4858305,-69.12061935,23027.0,181.29170338662968,19.444444444444443,58,72,14,0,58,72,39694,0,0,0,0,0
2020-09-09,US,Maine,Washington,15,0,0,45.01607142,-67.62813524,23029.0,47.802670575862855,0.0,15,15,0,0,15,15,31490,0,0,0,0,0
2020-09-09,US,Maine,York,911,15,0,43.47808377,-70.71052375,23031.0,438.73801416868537,1.6465422612513718,896,911,15,0,896,905,206229,0,0,0,0,6
2020-09-09,US,Maryland,Allegany,408,22,0,39.62357628,-78.69280486,24001.0,579.4137695978187,5.3921568627450975,386,407,22,0,385,407,70975,1,0,0,1,0
2020-09-09,US,Maryland,Anne Arundel,8892,240,0,39.00670238,-76.60329337,24003.0,1535.130879748081,2.699055330634278,8652,8857,240,0,8617,8820,576031,35,0,0,35,37
2020-09-09,US,Maryland,Baltimore,16382,608,0,39.45784712,-76.62911955,24005.0,1980.0089440032873,3.711390550604322,15774,16347,608,0,15739,16302,828431,35,0,0,35,45
2020-09-09,US,Maryland,Baltimore City,15037,471,0,39.30211911,-76.61151012,24510.0,2533.656843417749,3.13227372481213,14566,14994,470,0,14524,14962,621342,43,1,0,42,32
2020-09-09,US,Maryland,Calvert,838,28,0,38.53961642,-76.56820632,24009.0,905.7011618481492,3.3412887828162283,810,830,28,0,802,826,92003,8,0,0,8,4
2020-09-09,US,Maryland,Caroline,572,3,0,38.87172293,-75.82904158,24011.0,1712.2672573789139,0.5244755244755245,569,572,3,0,569,570,33304,0,0,0,0,2
2020-09-09,US,Maryland,Carroll,1807,123,0,39.56453592,-77.02373735,24013.0,1072.740980842639,6.806862202545656,1684,1796,123,0,1673,1788,168429,11,0,0,11,8
2020-09-09,US,Maryland,Cecil,862,31,0,39.56647682,-75.94627411,24015.0,838.0730154100431,3.596287703016241,831,858,31,0,827,853,102826,4,0,0,4,5
2020-09-09,US,Maryland,Charles,2503,95,0,38.51092331,-76.98580666,24017.0,1533.165499794802,3.79544546544147,2408,2494,95,0,2399,2485,161503,9,0,0,9,9
2020-09-09,US,Maryland,Dorchester,502,8,0,38.45413522,-76.02752426,24019.0,1572.2384039587835,1.593625498007968,494,502,8,0,494,500,31998,0,0,0,0,2
2020-09-09,US,Maryland,Frederick,3642,127,0,39.47296601,-77.39999394,24021.0,1403.214061422401,3.4870950027457432,3515,3638,127,0,3511,3622,255648,4,0,0,4,16
2020-09-09,US,Maryland,Garrett,65,0,0,39.52786077,-79.27355126,24023.0,224.02977872751086,0.0,65,64,0,0,64,64,29163,1,0,0,1,0
2020-09-09,US,Maryland,Harford,2686,72,0,39.55010644,-76.30775940000002,24025.0,1051.51483121347,2.680565897244974,2614,2676,72,0,2604,2665,253956,10,0,0,10,11
2020-09-09,US,Maryland,Howard,4652,118,0,39.25305293,-76.93126208,24027.0,1428.3521139734107,2.536543422184007,4534,4627,118,0,4509,4605,323196,25,0,0,25,22
2020-09-09,US,Maryland,Kent,277,24,0,39.24976208,-76.04741541,24029.0,1426.2176912779325,8.664259927797834,253,277,24,0,253,277,19383,0,0,0,0,0
2020-09-09,US,Maryland,Montgomery,20838,829,0,39.13676329,-77.20358245,24031.0,1983.2719132606449,3.9783088588156255,20009,20766,828,0,19938,20718,1052567,72,1,0,71,48
2020-09-09,US,Maryland,Prince George's,27163,804,0,38.83070039,-76.8496441,24033.0,2987.1542360448993,2.9599086993336523,26359,27102,803,0,26299,27027,909308,61,1,0,60,75
2020-09-09,US,Maryland,Queen Anne's,591,26,0,39.06198912,-76.03530977,24035.0,1173.0612730989858,4.399323181049069,565,589,26,0,563,587,50251,2,0,0,2,2
2020-09-09,US,Maryland,Somerset,209,4,0,38.1163542,-75.75118623,24039.0,815.896314803248,1.9138755980861244,205,207,4,0,203,206,25675,2,0,0,2,1
2020-09-09,US,Maryland,St. Mary's,1164,56,0,38.30058422,-76.60629279999998,24037.0,1025.4603118667958,4.810996563573883,1108,1164,56,0,1108,1162,112664,0,0,0,0,2
2020-09-09,US,Maryland,Talbot,497,4,0,38.76618159,-76.10882561,24041.0,1336.7042306554422,0.8048289738430584,493,497,4,0,493,497,36968,0,0,0,0,0
2020-09-09,US,Maryland,Unassigned,0,14,0,0.0,0.0,90024.0,0.0,0.0,-14,0,8,0,-8,0,,0,6,0,-6,0
2020-09-09,US,Maryland,Washington,1416,35,0,39.60835778,-77.82002295,24043.0,937.4441406431024,2.4717514124293785,1381,1411,35,0,1376,1392,150926,5,0,0,5,19
2020-09-09,US,Maryland,Wicomico,1673,48,0,38.37301947,-75.62705831,24045.0,1614.7245895626827,2.8690974297668856,1625,1667,48,0,1619,1661,103195,6,0,0,6,6
2020-09-09,US,Maryland,Worcester,899,26,0,38.21274277,-75.33200012,24047.0,1719.718417629505,2.8921023359288096,873,897,26,0,871,887,51823,2,0,0,2,10
2020-09-09,US,Massachusetts,Barnstable,1663,169,0,41.72980578,-70.28854339,25001.0,780.7878304145735,10.162357185808778,1494,1662,169,0,1493,1663,213413,1,0,0,1,-1
2020-09-09,US,Massachusetts,Berkshire,676,46,0,42.37428441,-73.20524838,25003.0,541.0423869893714,6.8047337278106514,630,672,46,0,626,672,126348,4,0,0,4,0
2020-09-09,US,Massachusetts,Bristol,9418,668,0,41.79228404,-71.10872211,25005.0,1666.2626920280177,7.092801019324697,8750,9409,668,0,8741,9393,564022,9,0,0,9,16
2020-09-09,US,Massachusetts,Dukes and Nantucket,104,1,0,41.40674725,-70.68763497,0.0,361.9783509101668,0.9615384615384616,103,103,1,0,102,101,26707,1,0,0,1,2
2020-09-09,US,Massachusetts,Essex,18454,1256,0,42.6687626,-70.94687179,25009.0,2338.8092274857613,6.806112495935841,17198,18431,1254,0,17177,18398,790638,23,2,0,21,33
2020-09-09,US,Massachusetts,Franklin,396,66,0,42.58119713,-72.58602547,25011.0,564.2633228840125,16.666666666666668,330,396,66,0,330,396,70963,0,0,0,0,0
2020-09-09,US,Massachusetts,Hampden,7793,759,0,42.13440424,-72.63235561,25013.0,1670.983678265419,9.739509816501991,7034,7789,759,0,7030,7774,470406,4,0,0,4,15
2020-09-09,US,Massachusetts,Hampshire,1191,141,0,42.33997957,-72.65898478,25015.0,740.5334825592239,11.838790931989925,1050,1191,141,0,1050,1189,161355,0,0,0,0,2
2020-09-09,US,Massachusetts,Middlesex,25847,2089,0,42.48607732,-71.39049229,25017.0,1603.7113629778266,8.082175881146746,23758,25792,2087,0,23705,25752,1614714,55,2,0,53,40
2020-09-09,US,Massachusetts,Norfolk,9716,1026,0,42.16073095,-71.20530408,25021.0,1374.6949170528103,10.559901193906956,8690,9704,1026,0,8678,9700,705388,12,0,0,12,4
2020-09-09,US,Massachusetts,Plymouth,9257,747,0,41.94070556,-70.80802823,25023.0,1776.0868147090766,8.069568974829858,8510,9242,747,0,8495,9235,518132,15,0,0,15,7
2020-09-09,US,Massachusetts,Suffolk,22831,1111,0,42.327951399999996,-71.07850442,25025.0,2840.0051249709227,4.866190705619553,21720,22788,1111,0,21677,22756,807252,43,0,0,43,32
2020-09-09,US,Massachusetts,Unassigned,2119,5,0,0.0,0.0,90025.0,0.0,0.2359603586597452,2114,2117,5,0,2112,2108,,2,0,0,2,9
2020-09-09,US,Massachusetts,Worcester,13678,1062,0,42.35026951,-71.90493363,25027.0,1646.717760906887,7.764293025296097,12616,13666,1061,0,12605,13654,830839,12,1,0,11,12
2020-09-09,US,Michigan,Alcona,39,2,0,44.6846864,-83.59507875,26001.0,374.81979817395484,5.128205128205129,37,39,2,0,37,38,10362,0,0,0,0,1
2020-09-09,US,Michigan,Alger,17,0,0,46.41292944,-86.60260122,26003.0,186.649099692578,0.0,17,17,0,0,17,17,9097,0,0,0,0,0
2020-09-09,US,Michigan,Allegan,680,8,0,42.59147037,-85.89102866,26005.0,575.8758818099442,1.1764705882352942,672,672,6,0,666,669,117327,8,2,0,6,3
2020-09-09,US,Michigan,Alpena,132,14,0,45.03477666,-83.62212411,26007.0,464.70691779616266,10.606060606060606,118,132,14,0,118,132,28360,0,0,0,0,0
2020-09-09,US,Michigan,Antrim,62,0,0,44.99690221,-85.15503082,26009.0,265.8206139598697,0.0,62,62,0,0,62,62,23365,0,0,0,0,0
2020-09-09,US,Michigan,Arenac,66,3,0,44.0636262,-83.89277559,26011.0,443.4589800443459,4.545454545454546,63,67,3,0,64,64,15041,-1,0,0,-1,3
2020-09-09,US,Michigan,Baraga,9,0,0,46.6720582,-88.36363591,26013.0,109.6357656230966,0.0,9,8,0,0,8,8,8320,1,0,0,1,0
2020-09-09,US,Michigan,Barry,247,2,0,42.59513984,-85.30834519,26015.0,401.2997562956946,0.8097165991902834,245,234,2,0,232,228,61157,13,0,0,13,6
2020-09-09,US,Michigan,Bay,883,45,0,43.70639106,-83.98731479,26017.0,856.2341213660957,5.096262740656852,838,881,43,0,838,874,103923,2,2,0,0,7
2020-09-09,US,Michigan,Benzie,60,2,0,44.63899297,-86.01608482,26019.0,337.7237419790611,3.333333333333333,58,59,2,0,57,59,17753,1,0,0,1,0
2020-09-09,US,Michigan,Berrien,1689,72,0,41.95447397,-86.41313079999998,26021.0,1101.0358472239425,4.262877442273535,1617,1686,71,0,1615,1686,154141,3,1,0,2,0
2020-09-09,US,Michigan,Branch,522,4,0,41.91600556,-85.05929476,26023.0,1199.5312176850425,0.7662835249042146,518,522,4,0,518,515,43622,0,0,0,0,7
2020-09-09,US,Michigan,Calhoun,1099,44,0,42.24633834,-85.00493569,26025.0,819.1772449108893,4.003639672429482,1055,1094,44,0,1050,1089,134487,5,0,0,5,5
2020-09-09,US,Michigan,Cass,442,16,0,41.91522292,-85.99405727,26027.0,853.4960511325238,3.619909502262444,426,433,16,0,417,431,51653,9,0,0,9,2
2020-09-09,US,Michigan,Charlevoix,82,3,0,45.37790017,-85.19614053,26029.0,313.659488199518,3.6585365853658534,79,79,3,0,76,79,26244,3,0,0,3,0
2020-09-09,US,Michigan,Cheboygan,83,2,0,45.44787015,-84.50122149,26031.0,328.3747428390568,2.409638554216868,81,83,2,0,81,83,25413,0,0,0,0,0
2020-09-09,US,Michigan,Chippewa,65,0,0,46.29552653,-84.54353449,26033.0,174.0341106856944,0.0,65,65,0,0,65,65,37517,0,0,0,0,0
2020-09-09,US,Michigan,Clare,105,4,0,43.98794227,-84.84819859999998,26035.0,339.25686591276246,3.809523809523809,101,105,4,0,101,105,30757,0,0,0,0,0
2020-09-09,US,Michigan,Clinton,568,13,0,42.94400871,-84.60145248,26037.0,713.6126641120674,2.2887323943661966,555,563,13,0,550,558,79332,5,0,0,5,5
2020-09-09,US,Michigan,Crawford,115,5,0,44.68255561,-84.61006219,26039.0,819.7305581295888,4.3478260869565215,110,115,5,0,110,114,13901,0,0,0,0,1
2020-09-09,US,Michigan,Delta,192,3,0,45.90484910000001,-86.9080745,26041.0,536.5526492287056,1.5625,189,187,3,0,184,186,35857,5,0,0,5,1
2020-09-09,US,Michigan,Dickinson,70,2,0,46.00999672,-87.86961634,26043.0,277.34854788224567,2.8571428571428568,68,70,2,0,68,69,25383,0,0,0,0,1
2020-09-09,US,Michigan,Eaton,554,9,0,42.59599185,-84.83740035,26045.0,502.41230456705483,1.624548736462094,545,551,9,0,542,548,109826,3,0,0,3,3
2020-09-09,US,Michigan,Emmet,132,4,0,45.52625509,-84.89083249,26047.0,395.0321711806075,3.0303030303030303,128,132,4,0,128,133,33308,0,0,0,0,-1
2020-09-09,US,Michigan,Federal Correctional Institution (FCI),196,5,0,0.0,0.0,0.0,0.0,2.5510204081632653,191,196,5,0,191,196,,0,0,0,0,0
2020-09-09,US,Michigan,Genesee,4078,317,0,43.02244215,-83.70589709,26049.0,1004.8963438825273,7.7734183423246686,3761,4055,305,0,3750,4041,406892,23,12,0,11,14
2020-09-09,US,Michigan,Gladwin,83,2,0,43.98901072,-84.38774817,26051.0,326.1424810405124,2.409638554216868,81,82,2,0,80,81,25337,1,0,0,1,1
2020-09-09,US,Michigan,Gogebic,147,1,0,46.40862701,-89.69377193,26053.0,1051.8783542039357,0.6802721088435374,146,147,1,0,146,147,15096,0,0,0,0,0
2020-09-09,US,Michigan,Grand Traverse,402,8,0,44.69565625,-85.55585247,26055.0,431.84943279477477,1.9900497512437807,394,396,7,0,389,393,92573,6,1,0,5,3
2020-09-09,US,Michigan,Gratiot,209,15,0,43.29265605,-84.60505416,26057.0,513.3747635774115,7.177033492822965,194,203,15,0,188,200,40599,6,0,0,6,3
2020-09-09,US,Michigan,Hillsdale,308,28,0,41.88753639,-84.59312019,26059.0,675.3645433614736,9.090909090909092,280,306,26,0,280,305,45749,2,2,0,0,1
2020-09-09,US,Michigan,Houghton,176,1,0,46.89988536,-88.68495385,26061.0,493.2182490752159,0.5681818181818182,175,165,1,0,164,159,36219,11,0,0,11,6
2020-09-09,US,Michigan,Huron,209,5,0,43.83353985,-83.04078453,26063.0,674.6070172040927,2.392344497607656,204,208,4,0,204,207,31166,1,1,0,0,1
2020-09-09,US,Michigan,Ingham,2170,41,0,42.59716886,-84.37472069,26065.0,742.1188347708322,1.8894009216589864,2129,2066,40,0,2026,2037,292735,104,1,0,103,29
2020-09-09,US,Michigan,Ionia,333,7,0,42.94502238,-85.07413319,26067.0,514.7070188725908,2.1021021021021022,326,324,7,0,317,324,64210,9,0,0,9,0
2020-09-09,US,Michigan,Iosco,158,12,0,44.35486835,-83.63484895,26069.0,628.8056672105703,7.594936708860758,146,157,12,0,145,155,25081,1,0,0,1,2
2020-09-09,US,Michigan,Iron,38,1,0,46.20974132,-88.53136251,26071.0,343.3941803723116,2.631578947368421,37,38,1,0,37,38,11117,0,0,0,0,0
2020-09-09,US,Michigan,Isabella,579,10,0,43.64060976,-84.84664923,26073.0,828.6581177009389,1.7271157167530224,569,568,10,0,558,566,70562,11,0,0,11,2
2020-09-09,US,Michigan,Jackson,888,41,0,42.24807035,-84.42258681,26075.0,560.2170210081383,4.617117117117117,847,882,41,0,841,878,158823,6,0,0,6,4
2020-09-09,US,Michigan,Kalamazoo,2141,90,0,42.24542231,-85.53038622,26077.0,807.7233594651898,4.203643157403083,2051,2095,89,0,2006,2091,264870,46,1,0,45,4
2020-09-09,US,Michigan,Kalkaska,72,4,0,44.68512729,-85.09085699,26079.0,399.15733451602165,5.5555555555555545,68,70,4,0,66,70,17824,2,0,0,2,0
2020-09-09,US,Michigan,Kent,8832,171,0,43.03197711,-85.54934642,26081.0,1344.384318560632,1.9361413043478264,8661,8771,171,0,8600,8731,653786,61,0,0,61,40
2020-09-09,US,Michigan,Keweenaw,4,0,0,47.63197653,-88.41434263,26083.0,189.0359168241966,0.0,4,4,0,0,4,4,2113,0,0,0,0,0
2020-09-09,US,Michigan,Lake,30,0,0,43.99050893,-85.802173,26085.0,253.1004808909137,0.0,30,30,0,0,30,30,11881,0,0,0,0,0
2020-09-09,US,Michigan,Lapeer,565,37,0,43.09052506,-83.22153148,26087.0,644.9256337963861,6.548672566371683,528,562,36,0,526,561,88028,3,1,0,2,1
2020-09-09,US,Michigan,Leelanau,98,1,0,44.94430054,-85.80150326,26089.0,450.3469509673269,1.020408163265306,97,96,1,0,95,96,21764,2,0,0,2,0
2020-09-09,US,Michigan,Lenawee,701,13,0,41.89475156,-84.06603727,26091.0,712.0293343896964,1.854493580599144,688,696,13,0,683,690,98266,5,0,0,5,6
2020-09-09,US,Michigan,Livingston,1210,29,0,42.60302282,-83.91297209,26093.0,630.224745436079,2.396694214876033,1181,1196,29,0,1167,1190,191224,14,0,0,14,6
2020-09-09,US,Michigan,Luce,9,0,0,46.47227431,-85.54471223,26095.0,144.48547118317546,0.0,9,9,0,0,9,9,6283,0,0,0,0,0
2020-09-09,US,Michigan,Mackinac,47,0,0,46.07028979,-85.04980537,26097.0,435.2254838410963,0.0,47,44,0,0,44,44,10787,3,0,0,3,0
2020-09-09,US,Michigan,Macomb,13433,993,0,42.69158356,-82.92752801,26099.0,1537.0057621983312,7.392242983696866,12440,13348,983,0,12365,13302,874759,85,10,0,75,46
2020-09-09,US,Michigan,Manistee,66,2,0,44.33352407,-86.05626916,26101.0,268.7515269973125,3.0303030303030303,64,63,1,0,62,62,24528,3,1,0,2,1
2020-09-09,US,Michigan,Marquette,276,12,0,46.4338914,-87.64043701,26103.0,413.79930733594216,4.3478260869565215,264,268,11,0,257,265,66516,8,1,0,7,3
2020-09-09,US,Michigan,Mason,127,0,0,43.99509218,-86.24988902,26105.0,435.76722481471313,0.0,127,127,0,0,127,127,29100,0,0,0,0,0
2020-09-09,US,Michigan,Mecosta,119,2,0,43.64064262,-85.32463223,26107.0,273.85911214415574,1.680672268907563,117,115,2,0,113,112,43545,4,0,0,4,3
2020-09-09,US,Michigan,Menominee,263,0,0,45.58038692,-87.55370409,26109.0,1154.5215100965759,0.0,263,261,0,0,261,261,22983,2,0,0,2,0
2020-09-09,US,Michigan,Michigan Department of Corrections (MDOC),5468,70,0,0.0,0.0,0.0,0.0,1.280175566934894,5398,5468,70,0,5398,5469,,0,0,0,0,-1
2020-09-09,US,Michigan,Midland,494,11,0,43.64330771,-84.38804374,26111.0,594.0641685506757,2.2267206477732797,483,484,11,0,473,478,83209,10,0,0,10,6
2020-09-09,US,Michigan,Missaukee,53,1,0,44.33772443,-85.09256478,26113.0,350.5754729461568,1.8867924528301887,52,53,1,0,52,51,15113,0,0,0,0,2
2020-09-09,US,Michigan,Monroe,1405,29,0,41.92734151,-83.53749864,26115.0,933.5548172757477,2.06405693950178,1376,1400,29,0,1371,1395,150439,5,0,0,5,5
2020-09-09,US,Michigan,Montcalm,250,4,0,43.31082541,-85.15252824,26117.0,391.3097921362384,1.6,246,249,4,0,245,246,63968,1,0,0,1,3
2020-09-09,US,Michigan,Montmorency,13,0,0,45.0275929,-84.12696227,26119.0,139.36535162950258,0.0,13,13,0,0,13,13,9265,0,0,0,0,0
2020-09-09,US,Michigan,Muskegon,1387,68,0,43.29123859,-86.15176712,26121.0,799.1196432481016,4.902667627974044,1319,1383,67,0,1316,1379,173588,4,1,0,3,4
2020-09-09,US,Michigan,Newaygo,305,1,0,43.554373999999996,-85.80070107,26123.0,622.7031441404655,0.3278688524590164,304,304,1,0,303,303,48892,1,0,0,1,1
2020-09-09,US,Michigan,Oakland,18888,1179,0,42.66090111,-83.38595416,26125.0,1501.9275054390005,6.242058449809402,17709,18746,1172,0,17574,18672,1259201,142,7,0,135,74
2020-09-09,US,Michigan,Oceana,501,6,0,43.64124435,-86.26726673,26127.0,1892.9232629311973,1.1976047904191616,495,501,6,0,495,501,26625,0,0,0,0,0
2020-09-09,US,Michigan,Ogemaw,59,5,0,44.33481032,-84.12725175,26129.0,280.992522741344,8.474576271186441,54,59,5,0,54,58,20952,0,0,0,0,1
2020-09-09,US,Michigan,Ontonagon,36,0,0,46.665226200000006,-89.31390481,26131.0,629.3706293706292,0.0,36,36,0,0,36,36,5795,0,0,0,0,0
2020-09-09,US,Michigan,Osceola,81,0,0,43.98992088,-85.32566756,26133.0,345.26854219948854,0.0,81,81,0,0,81,81,23341,0,0,0,0,0
2020-09-09,US,Michigan,Oscoda,29,1,0,44.68192279,-84.12939244,26135.0,351.8990413784735,3.4482758620689653,28,29,1,0,28,29,8276,0,0,0,0,0
2020-09-09,US,Michigan,Otsego,158,11,0,45.02085831,-84.59898295,26137.0,640.5059185989946,6.962025316455697,147,156,11,0,145,156,24665,2,0,0,2,0
2020-09-09,US,Michigan,Ottawa,2664,64,0,42.95996803,-85.9969107,26139.0,912.8602268443956,2.4024024024024024,2600,2602,64,0,2538,2564,290494,62,0,0,62,38
2020-09-09,US,Michigan,Out of MI,173,0,0,0.0,0.0,80026.0,0.0,0.0,173,173,0,0,173,163,,0,0,0,0,10
2020-09-09,US,Michigan,Presque Isle,23,1,0,45.34018577,-83.91498656,26141.0,182.6556543837357,4.3478260869565215,22,22,1,0,21,22,12738,1,0,0,1,0
2020-09-09,US,Michigan,Roscommon,82,4,0,44.33473082,-84.61067651,26143.0,341.3963945210042,4.878048780487805,78,82,4,0,78,79,23884,0,0,0,0,3
2020-09-09,US,Michigan,Saginaw,2692,133,0,43.33433923,-84.05131209999998,26145.0,1412.834117949606,4.940564635958396,2559,2679,133,0,2546,2664,190800,13,0,0,13,15
2020-09-09,US,Michigan,Sanilac,130,7,0,43.42406072,-82.82055898,26151.0,315.7639057566189,5.384615384615384,123,129,7,0,122,128,41182,1,0,0,1,1
2020-09-09,US,Michigan,Schoolcraft,17,0,0,46.19235734,-86.19972234,26153.0,210.0321225599209,0.0,17,16,0,0,16,16,8068,1,0,0,1,0
2020-09-09,US,Michigan,Shiawassee,472,30,0,42.95392800000001,-84.14585902,26155.0,692.8745486039752,6.3559322033898304,442,473,30,0,443,474,68192,-1,0,0,-1,-1
2020-09-09,US,Michigan,St. Clair,947,53,0,42.92655373,-82.67937954,26147.0,595.1183952541353,5.59662090813094,894,949,53,0,896,946,159337,-2,0,0,-2,3
2020-09-09,US,Michigan,St. Joseph,702,11,0,41.91441767,-85.52797979,26149.0,1151.4992454563346,1.566951566951567,691,703,11,0,692,698,61043,-1,0,0,-1,5
2020-09-09,US,Michigan,Tuscola,469,29,0,43.46606813,-83.41897025,26157.0,897.6935591922673,6.183368869936035,440,469,29,0,440,469,52516,0,0,0,0,0
2020-09-09,US,Michigan,Unassigned,6,0,0,0.0,0.0,90026.0,0.0,0.0,6,15,0,0,15,16,,-9,0,0,-9,-1
2020-09-09,US,Michigan,Van Buren,681,16,0,42.25190229,-86.01939087,26159.0,899.8771092934445,2.3494860499265786,665,681,17,0,664,680,75448,0,-1,0,1,1
2020-09-09,US,Michigan,Washtenaw,3072,114,0,42.253105,-83.83853204,26161.0,835.6886950797195,3.7109375,2958,3053,114,0,2939,3042,370963,19,0,0,19,11
2020-09-09,US,Michigan,Wayne,32621,2929,0,42.28098405,-83.281255,26163.0,1864.7572259985611,8.978878636461175,29692,32376,2897,0,29479,32278,1753893,245,32,0,213,98
2020-09-09,US,Michigan,Wexford,114,4,0,44.33853602,-85.57712739,26165.0,338.9729713657042,3.5087719298245608,110,114,4,0,110,113,33466,0,0,0,0,1
2020-09-09,US,Minnesota,Aitkin,64,1,0,46.60962049,-93.41168259999999,27001.0,402.87045197028834,1.5625,63,64,1,0,63,59,15902,0,0,0,0,5
2020-09-09,US,Minnesota,Anoka,5118,125,0,45.27476015,-93.24604565,27003.0,1433.930757786737,2.4423602969910116,4993,5104,125,0,4979,5076,353813,14,0,0,14,28
2020-09-09,US,Minnesota,Becker,214,2,0,46.93479392,-95.67158144,27005.0,621.6773668767975,0.9345794392523364,212,211,2,0,209,211,34371,3,0,0,3,0
2020-09-09,US,Minnesota,Beltrami,338,3,0,47.97373527,-94.93732139,27007.0,716.2838009663474,0.8875739644970414,335,337,3,0,334,337,46847,1,0,0,1,0
2020-09-09,US,Minnesota,Benton,438,3,0,45.69804958,-93.99514135,27009.0,1071.1927413240726,0.6849315068493149,435,437,3,0,434,437,40545,1,0,0,1,0
2020-09-09,US,Minnesota,Big Stone,43,0,0,45.42712824,-96.41403739,27011.0,861.5507914245642,0.0,43,42,0,0,42,42,4989,1,0,0,1,0
2020-09-09,US,Minnesota,Blue Earth,1454,5,0,44.03554215,-94.06699781,27013.0,2149.202548297932,0.343878954607978,1449,1446,5,0,1441,1435,67427,8,0,0,8,11
2020-09-09,US,Minnesota,Brown,139,2,0,44.24205652,-94.72562874,27015.0,555.8221369161869,1.4388489208633093,137,140,2,0,138,139,25111,-1,0,0,-1,1
2020-09-09,US,Minnesota,Carlton,210,1,0,46.59180601,-92.67601019,27017.0,585.4311282094171,0.4761904761904762,209,210,1,0,209,210,35837,0,0,0,0,0
2020-09-09,US,Minnesota,Carver,1204,6,0,44.82017001,-93.80099179999999,27019.0,1145.6955532929233,0.4983388704318937,1198,1201,6,0,1195,1199,103551,3,0,0,3,2
2020-09-09,US,Minnesota,Cass,112,3,0,46.95043611,-94.32603968,27021.0,376.1039658819974,2.6785714285714284,109,112,3,0,109,109,29519,0,0,0,0,3
2020-09-09,US,Minnesota,Chippewa,163,1,0,45.02343421,-95.56403693,27023.0,1381.3559322033898,0.6134969325153374,162,161,1,0,160,161,11924,2,0,0,2,0
2020-09-09,US,Minnesota,Chisago,373,1,0,45.5021011,-92.90861945,27025.0,659.2552006928365,0.2680965147453083,372,369,1,0,368,361,55922,4,0,0,4,8
2020-09-09,US,Minnesota,Clay,1027,40,0,46.89289518,-96.48761922,27027.0,1599.140481454953,3.894839337877313,987,1020,40,0,980,1011,63955,7,0,0,7,9
2020-09-09,US,Minnesota,Clearwater,21,0,0,47.57992111,-95.37790562,27029.0,238.14924019051938,0.0,21,22,0,0,22,22,8810,-1,0,0,-1,0
2020-09-09,US,Minnesota,Cook,6,0,0,47.90504893,-90.52629546,27031.0,109.82976386600771,0.0,6,6,0,0,6,6,5393,0,0,0,0,0
2020-09-09,US,Minnesota,Cottonwood,208,0,0,44.00715262,-95.18138802,27033.0,1857.8063594140765,0.0,208,206,0,0,206,204,11277,2,0,0,2,2
2020-09-09,US,Minnesota,Crow Wing,361,16,0,46.48096553,-94.06755609,27035.0,554.9150718622702,4.43213296398892,345,354,16,0,338,346,64889,7,0,0,7,8
2020-09-09,US,Minnesota,Dakota,6568,117,0,44.67172617,-93.06299363,27037.0,1530.927390500698,1.7813641900121802,6451,6542,115,0,6427,6503,425423,26,2,0,24,39
2020-09-09,US,Minnesota,Dodge,165,0,0,44.02238415,-92.86244324,27039.0,788.1914588707367,0.0,165,163,0,0,163,161,20822,2,0,0,2,2
2020-09-09,US,Minnesota,Douglas,191,1,0,45.93348491,-95.45335469,27041.0,500.77344589811486,0.5235602094240838,190,189,1,0,188,188,37964,2,0,0,2,1
2020-09-09,US,Minnesota,Faribault,119,0,0,43.67381499,-93.94787458,27043.0,871.6033106277008,0.0,119,119,0,0,119,118,13758,0,0,0,0,1
2020-09-09,US,Minnesota,Fillmore,89,0,0,43.67394126,-92.08980382,27045.0,422.46166991028616,0.0,89,89,0,0,89,88,21058,0,0,0,0,1
2020-09-09,US,Minnesota,Freeborn,426,1,0,43.67385583,-93.34884422,27047.0,1406.822760146627,0.2347417840375587,425,425,1,0,424,423,30444,1,0,0,1,2
2020-09-09,US,Minnesota,Goodhue,278,9,0,44.40849741,-92.72341949999999,27049.0,599.9136814846785,3.2374100719424463,269,275,9,0,266,273,46403,3,0,0,3,2
2020-09-09,US,Minnesota,Grant,56,4,0,45.93424769,-96.01139609,27051.0,937.7093101138647,7.142857142857142,52,56,4,0,52,56,6021,0,0,0,0,0
2020-09-09,US,Minnesota,Hennepin,24433,895,0,45.00761521,-93.47694895,27053.0,1930.1761750864841,3.663078623173577,23538,24385,892,0,23493,24299,1259428,48,3,0,45,86
2020-09-09,US,Minnesota,Houston,89,0,0,43.67129565,-91.49143057,27055.0,478.494623655914,0.0,89,88,0,0,88,89,18578,1,0,0,1,-1
2020-09-09,US,Minnesota,Hubbard,51,0,0,47.10778564,-94.91693868,27057.0,237.30864082639243,0.0,51,51,0,0,51,51,21332,0,0,0,0,0
2020-09-09,US,Minnesota,Isanti,205,0,0,45.56181234,-93.29487636,27059.0,504.9758596906098,0.0,205,204,0,0,204,200,39966,1,0,0,1,4
2020-09-09,US,Minnesota,Itasca,222,13,0,47.51009045,-93.63092229,27061.0,491.912253489918,5.855855855855856,209,222,13,0,209,217,45108,0,0,0,0,5
2020-09-09,US,Minnesota,Jackson,99,1,0,43.67423373,-95.15398258,27063.0,1005.4844606946983,1.0101010101010102,98,99,1,0,98,99,9911,0,0,0,0,0
2020-09-09,US,Minnesota,Kanabec,74,6,0,45.9459309,-93.29275192,27065.0,452.9595396951705,8.108108108108109,68,74,6,0,68,74,16207,0,0,0,0,0
2020-09-09,US,Minnesota,Kandiyohi,868,1,0,45.1526059,-95.00586446,27067.0,2009.3057709669208,0.1152073732718894,867,865,1,0,864,865,42855,3,0,0,3,0
2020-09-09,US,Minnesota,Kittson,11,0,0,48.77754106,-96.78317184,27069.0,255.93299208934388,0.0,11,10,0,0,10,10,4248,1,0,0,1,0
2020-09-09,US,Minnesota,Koochiching,95,3,0,48.24539665,-93.78352843,27071.0,776.8419331098212,3.1578947368421053,92,93,3,0,90,93,12440,2,0,0,2,0
2020-09-09,US,Minnesota,Lac qui Parle,25,0,0,44.9973857,-96.17488219,27073.0,377.4724445115506,0.0,25,24,0,0,24,24,6658,1,0,0,1,0
2020-09-09,US,Minnesota,Lake,44,0,0,47.64270764,-91.44557998,27075.0,413.4949722770417,0.0,44,44,0,0,44,43,10658,0,0,0,0,1
2020-09-09,US,Minnesota,Lake of the Woods,16,1,0,48.77217001,-94.90274472,27077.0,427.80748663101616,6.25,15,16,1,0,15,16,3758,0,0,0,0,0
2020-09-09,US,Minnesota,Le Sueur,413,3,0,44.37136597,-93.72844721,27079.0,1429.7088655796726,0.7263922518159807,410,410,2,0,408,407,28494,3,1,0,2,3
2020-09-09,US,Minnesota,Lincoln,75,0,0,44.41311883,-96.26688165,27081.0,1330.0230537329314,0.0,75,73,0,0,73,72,5673,2,0,0,2,1
2020-09-09,US,Minnesota,Lyon,588,3,0,44.41327865,-95.83806103,27083.0,2308.23584831593,0.5102040816326531,585,580,3,0,577,576,25629,8,0,0,8,4
2020-09-09,US,Minnesota,Mahnomen,37,1,0,47.32557075,-95.80921485,27087.0,669.4409263614981,2.702702702702702,36,38,1,0,37,38,5519,-1,0,0,-1,0
2020-09-09,US,Minnesota,Marshall,44,1,0,48.35825983,-96.37017407,27089.0,471.29391602399323,2.272727272727273,43,44,1,0,43,44,9390,0,0,0,0,0
2020-09-09,US,Minnesota,Martin,252,9,0,43.67429718,-94.55099908,27091.0,1280.2926383173296,3.571428571428572,243,250,9,0,241,248,19785,2,0,0,2,2
2020-09-09,US,Minnesota,McLeod,396,1,0,44.82367677,-94.27287017,27085.0,1103.2791909285934,0.2525252525252525,395,393,1,0,392,392,35873,3,0,0,3,1
2020-09-09,US,Minnesota,Meeker,131,2,0,45.12328869,-94.52839455,27093.0,564.1202308156059,1.5267175572519085,129,129,2,0,127,129,23141,2,0,0,2,0
2020-09-09,US,Minnesota,Mille Lacs,122,3,0,45.93705297,-93.63236823,27095.0,464.2843551394756,2.459016393442623,119,121,3,0,118,121,26139,1,0,0,1,0
2020-09-09,US,Minnesota,Morrison,151,1,0,46.01265363,-94.27341528,27097.0,452.2853890852453,0.6622516556291391,150,149,1,0,148,149,33169,2,0,0,2,0
2020-09-09,US,Minnesota,Mower,1215,3,0,43.67142874,-92.75234549,27099.0,3032.799161299985,0.2469135802469136,1212,1214,3,0,1211,1213,40011,1,0,0,1,1
2020-09-09,US,Minnesota,Murray,149,2,0,44.02216709,-95.76328482,27101.0,1818.4037100317307,1.342281879194631,147,148,2,0,146,146,8276,1,0,0,1,2
2020-09-09,US,Minnesota,Nicollet,461,15,0,44.35291112,-94.24710352,27103.0,1345.0428896539654,3.2537960954446854,446,459,15,0,444,457,34220,2,0,0,2,2
2020-09-09,US,Minnesota,Nobles,1893,13,0,43.67434621,-95.75329576,27105.0,8752.138332793935,0.6867406233491812,1880,1893,13,0,1880,1892,21924,0,0,0,0,1
2020-09-09,US,Minnesota,Norman,48,0,0,47.32628443,-96.45620947,27107.0,752.9411764705882,0.0,48,48,0,0,48,48,6475,0,0,0,0,0
2020-09-09,US,Minnesota,Olmsted,2134,25,0,44.00374114,-92.40209944,27109.0,1348.1328928000607,1.1715089034676665,2109,2124,25,0,2099,2121,156277,10,0,0,10,3
2020-09-09,US,Minnesota,Otter Tail,324,4,0,46.40846929,-95.70835255,27111.0,551.5269124706363,1.2345679012345678,320,324,4,0,320,323,58812,0,0,0,0,1
2020-09-09,US,Minnesota,Pennington,102,1,0,48.06642577,-96.0370814,27113.0,722.430767051491,0.9803921568627452,101,102,1,0,101,103,14178,0,0,0,0,-1
2020-09-09,US,Minnesota,Pine,171,0,0,46.12105238,-92.74070188,27115.0,578.1128503330066,0.0,171,170,0,0,170,167,29483,1,0,0,1,3
2020-09-09,US,Minnesota,Pipestone,198,9,0,44.02301619,-96.25841142,27117.0,2169.6252465483235,4.545454545454546,189,198,9,0,189,198,9047,0,0,0,0,0
2020-09-09,US,Minnesota,Polk,226,4,0,47.77372465,-96.40134647,27119.0,720.5713556944268,1.7699115044247788,222,225,4,0,221,225,31529,1,0,0,1,0
2020-09-09,US,Minnesota,Pope,72,0,0,45.58606667,-95.44451209,27121.0,640.0568939461284,0.0,72,73,0,0,73,72,11097,-1,0,0,-1,1
2020-09-09,US,Minnesota,Ramsey,9749,303,0,45.01625271,-93.09872295,27123.0,1771.5115359944464,3.108011078059288,9446,9727,303,0,9424,9699,550210,22,0,0,22,28
2020-09-09,US,Minnesota,Red Lake,34,0,0,47.87197525,-96.09561104,27125.0,838.4710234278668,0.0,34,35,0,0,35,33,3999,-1,0,0,-1,2
2020-09-09,US,Minnesota,Redwood,78,0,0,44.40555844,-95.25207021,27127.0,514.1727092946605,0.0,78,78,0,0,78,78,15249,0,0,0,0,0
2020-09-09,US,Minnesota,Renville,99,6,0,44.72836381,-94.94553734,27129.0,680.5059114654936,6.0606060606060606,93,99,6,0,93,98,14612,0,0,0,0,1
2020-09-09,US,Minnesota,Rice,1234,8,0,44.3543376,-93.29658715,27131.0,1842.561070298035,0.6482982171799028,1226,1233,8,0,1225,1232,66523,1,0,0,1,1
2020-09-09,US,Minnesota,Rock,117,0,0,43.67482683,-96.25296832,27133.0,1256.038647342995,0.0,117,116,0,0,116,116,9414,1,0,0,1,0
2020-09-09,US,Minnesota,Roseau,92,0,0,48.77501878,-95.81079919,27135.0,606.6600725354433,0.0,92,92,0,0,92,89,15150,0,0,0,0,3
2020-09-09,US,Minnesota,Scott,2205,32,0,44.6490231,-93.53340251,27139.0,1479.736667270641,1.4512471655328798,2173,2203,32,0,2171,2198,147381,2,0,0,2,5
2020-09-09,US,Minnesota,Sherburne,981,13,0,45.44447208,-93.77617511,27141.0,1008.8648470762461,1.3251783893985731,968,978,13,0,965,975,96036,3,0,0,3,3
2020-09-09,US,Minnesota,Sibley,157,3,0,44.5796592,-94.23164924,27143.0,1056.1722166162126,1.9108280254777068,154,156,3,0,153,155,15028,1,0,0,1,1
2020-09-09,US,Minnesota,St. Louis,1061,24,0,47.604840700000004,-92.46879855,27137.0,532.9783493243583,2.2620169651272386,1037,1040,24,0,1016,1032,199754,21,0,0,21,8
2020-09-09,US,Minnesota,Stearns,3474,23,0,45.55192576,-94.61078221,27145.0,2156.759273630297,0.6620610247553252,3451,3464,22,0,3442,3455,159256,10,1,0,9,9
2020-09-09,US,Minnesota,Steele,476,2,0,44.02240351,-93.22627088,27147.0,1298.8076073016996,0.4201680672268908,474,473,2,0,471,473,36803,3,0,0,3,0
2020-09-09,US,Minnesota,Stevens,78,1,0,45.58613007,-96.00163705,27149.0,795.5124936257013,1.2820512820512822,77,78,1,0,77,78,9753,0,0,0,0,0
2020-09-09,US,Minnesota,Swift,74,1,0,45.2829032,-95.68264092,27151.0,798.6186056550831,1.351351351351351,73,73,1,0,72,71,9345,1,0,0,1,2
2020-09-09,US,Minnesota,Todd,460,2,0,46.06996226,-94.89785296,27153.0,1865.066493674992,0.43478260869565216,458,460,2,0,458,458,24582,0,0,0,0,2
2020-09-09,US,Minnesota,Traverse,25,0,0,45.77298854,-96.47062949,27155.0,767.1064743786438,0.0,25,24,0,0,24,24,3308,1,0,0,1,0
2020-09-09,US,Minnesota,Unassigned,183,52,0,0.0,0.0,90027.0,0.0,28.415300546448087,131,198,52,0,146,200,,-15,0,0,-15,-2
2020-09-09,US,Minnesota,Wabasha,138,0,0,44.28424356,-92.23121312,27157.0,638.0912747953946,0.0,138,134,0,0,134,134,21645,4,0,0,4,0
2020-09-09,US,Minnesota,Wadena,57,0,0,46.58589171,-94.96968506,27159.0,416.60575939190176,0.0,57,56,0,0,56,54,13773,1,0,0,1,2
2020-09-09,US,Minnesota,Waseca,346,4,0,44.02211116,-93.58720034,27161.0,1859.0156888029223,1.1560693641618498,342,335,4,0,331,327,18691,11,0,0,11,8
2020-09-09,US,Minnesota,Washington,3296,55,0,45.03864533,-92.88429635,27163.0,1255.90611187319,1.6686893203883495,3241,3292,55,0,3237,3264,259201,4,0,0,4,28
2020-09-09,US,Minnesota,Watonwan,451,4,0,43.97823903,-94.61413846,27165.0,4138.753785445536,0.8869179600886918,447,454,4,0,450,453,10980,-3,0,0,-3,1
2020-09-09,US,Minnesota,Wilkin,52,3,0,46.35721532,-96.4684375,27167.0,837.763815047527,5.769230769230768,49,51,3,0,48,52,6254,1,0,0,1,-1
2020-09-09,US,Minnesota,Winona,625,17,0,43.98772283,-91.78081305,27169.0,1238.0160050709135,2.72,608,622,17,0,605,597,50825,3,0,0,3,25
2020-09-09,US,Minnesota,Wright,1389,6,0,45.17297924,-93.96234781,27171.0,1003.7795298351604,0.4319654427645788,1383,1381,6,0,1375,1371,136349,8,0,0,8,10
2020-09-09,US,Minnesota,Yellow Medicine,118,1,0,44.71710183,-95.86842453,27173.0,1215.3671850860026,0.8474576271186439,117,116,1,0,115,113,9795,2,0,0,2,3
2020-09-09,US,Mississippi,Adams,830,32,0,31.47669768,-91.35326037,28001.0,2704.1996546443816,3.8554216867469884,798,828,32,0,796,828,31192,2,0,0,2,0
2020-09-09,US,Mississippi,Alcorn,694,9,0,34.88084463,-88.57996173,28003.0,1878.061321137661,1.2968299711815563,685,685,7,0,678,683,36925,9,2,0,7,2
2020-09-09,US,Mississippi,Amite,286,9,0,31.17467303,-90.80501621,28005.0,2325.770513133285,3.1468531468531467,277,285,8,0,277,285,12326,1,1,0,0,0
2020-09-09,US,Mississippi,Attala,605,25,0,33.08658803,-89.57838564,28007.0,3328.931440519423,4.132231404958676,580,598,25,0,573,598,18365,7,0,0,7,0
2020-09-09,US,Mississippi,Benton,207,1,0,34.81681228,-89.18945516,28009.0,2506.3567017798764,0.4830917874396135,206,203,1,0,202,201,8271,4,0,0,4,2
2020-09-09,US,Mississippi,Bolivar,1664,58,0,33.79696941,-90.87372121,28011.0,5432.937181663838,3.4855769230769234,1606,1652,58,0,1594,1648,31333,12,0,0,12,4
2020-09-09,US,Mississippi,Calhoun,493,11,0,33.93683395,-89.33686647,28013.0,3432.9085718264746,2.231237322515213,482,490,11,0,479,487,14436,3,0,0,3,3
2020-09-09,US,Mississippi,Carroll,297,12,0,33.44834567,-89.91994479,28015.0,2985.8248718206496,4.040404040404041,285,297,12,0,285,297,9911,0,0,0,0,0
2020-09-09,US,Mississippi,Chickasaw,610,23,0,33.91983202,-88.9481545,28017.0,3566.625738174589,3.7704918032786887,587,610,22,0,588,610,17171,0,1,0,-1,0
2020-09-09,US,Mississippi,Choctaw,164,4,0,33.34598242,-89.24809382,28019.0,1997.563946406821,2.4390243902439024,160,163,4,0,159,163,8278,1,0,0,1,0
2020-09-09,US,Mississippi,Claiborne,443,16,0,31.97061673,-90.90702196,28021.0,4928.7939474855375,3.611738148984199,427,443,16,0,427,443,9002,0,0,0,0,0
2020-09-09,US,Mississippi,Clarke,494,32,0,32.04158545,-88.68896219999998,28023.0,3178.688630075285,6.477732793522267,462,491,32,0,459,491,15604,3,0,0,3,0
2020-09-09,US,Mississippi,Clay,514,16,0,33.65358105,-88.77784255,28025.0,2661.006419548561,3.1128404669260696,498,509,16,0,493,505,19386,5,0,0,5,4
2020-09-09,US,Mississippi,Coahoma,1055,22,0,34.22772299,-90.60415045,28027.0,4768.577110829869,2.085308056872038,1033,1046,22,0,1024,1044,22628,9,0,0,9,2
2020-09-09,US,Mississippi,Copiah,1133,31,0,31.86977774,-90.44565118,28029.0,4037.056832353465,2.7360988526037073,1102,1132,31,0,1101,1131,28543,1,0,0,1,1
2020-09-09,US,Mississippi,Covington,740,18,0,31.63225413,-89.55389939,28031.0,3970.809186520713,2.4324324324324325,722,739,17,0,722,739,18853,1,1,0,0,0
2020-09-09,US,Mississippi,DeSoto,4984,51,0,34.87625235,-89.99091418,28033.0,2694.855227229717,1.0232744783306582,4933,4953,50,0,4903,4931,182001,31,1,0,30,22
2020-09-09,US,Mississippi,Forrest,2242,68,0,31.18961454,-89.25832496,28035.0,2993.4443302134932,3.033006244424621,2174,2234,68,0,2166,2233,75036,8,0,0,8,1
2020-09-09,US,Mississippi,Franklin,182,3,0,31.47786634,-90.89672989,28037.0,2359.652534681706,1.6483516483516485,179,181,3,0,178,181,7788,1,0,0,1,0
2020-09-09,US,Mississippi,George,716,13,0,30.86259065,-88.64436789,28039.0,2922.448979591837,1.8156424581005584,703,714,13,0,701,711,24250,2,0,0,2,3
2020-09-09,US,Mississippi,Greene,316,14,0,31.21444233,-88.63922281,28041.0,2325.92374503165,4.4303797468354436,302,316,14,0,302,315,13586,0,0,0,0,1
2020-09-09,US,Mississippi,Grenada,986,32,0,33.77036166,-89.80245083,28043.0,4749.97591290105,3.2454361054766734,954,980,32,0,948,980,21055,6,0,0,6,0
2020-09-09,US,Mississippi,Hancock,526,20,0,30.41830223,-89.48851033,28045.0,1104.2996305005038,3.8022813688212933,506,520,20,0,500,517,47334,6,0,0,6,3
2020-09-09,US,Mississippi,Harrison,3547,66,0,30.51359752,-89.12467576,28047.0,1704.632833525567,1.8607273752466875,3481,3527,63,0,3464,3514,206650,20,3,0,17,13
2020-09-09,US,Mississippi,Hinds,6706,148,0,32.2656285,-90.44435448,28049.0,2892.512077294686,2.206978824932896,6558,6694,143,0,6551,6686,237085,12,5,0,7,8
2020-09-09,US,Mississippi,Holmes,1070,55,0,33.12345854,-90.08923538,28051.0,6290.417401528513,5.140186915887852,1015,1065,55,0,1010,1064,17622,5,0,0,5,1
2020-09-09,US,Mississippi,Humphreys,351,15,0,33.12825718,-90.52252707,28053.0,4352.678571428572,4.2735042735042725,336,349,15,0,334,349,8257,2,0,0,2,0
2020-09-09,US,Mississippi,Issaquena,98,3,0,32.72531359,-90.97392828,28055.0,7385.079125847778,3.0612244897959178,95,98,3,0,95,98,1308,0,0,0,0,0
2020-09-09,US,Mississippi,Itawamba,652,17,0,34.27993475,-88.3606733,28057.0,2787.5160324925178,2.607361963190184,635,648,17,0,631,641,23517,4,0,0,4,7
2020-09-09,US,Mississippi,Jackson,3218,64,0,30.54020656,-88.64184064,28059.0,2240.6818134343425,1.9888129272840276,3154,3198,60,0,3138,3172,143277,20,4,0,16,26
2020-09-09,US,Mississippi,Jasper,507,13,0,32.01922104,-89.11786866,28061.0,3094.671305621681,2.5641025641025643,494,507,13,0,494,507,16428,0,0,0,0,0
2020-09-09,US,Mississippi,Jefferson,227,9,0,31.73397872,-91.03764977,28063.0,3247.4964234620893,3.9647577092511015,218,227,9,0,218,227,7106,0,0,0,0,0
2020-09-09,US,Mississippi,Jefferson Davis,311,10,0,31.56884708,-89.82670990000004,28065.0,2794.751976994968,3.2154340836012865,301,309,9,0,300,308,11234,2,1,0,1,1
2020-09-09,US,Mississippi,Jones,2246,76,0,31.62257767,-89.16896899999998,28067.0,3298.187905665365,3.3837934105075687,2170,2239,75,0,2164,2234,68461,7,1,0,6,5
2020-09-09,US,Mississippi,Kemper,278,14,0,32.75462946,-88.64105766,28069.0,2853.6234859371793,5.035971223021583,264,278,15,0,263,278,10027,0,-1,0,1,0
2020-09-09,US,Mississippi,Lafayette,1813,39,0,34.35687874,-89.48490961,28071.0,3356.2265128936115,2.151130722559294,1774,1791,38,0,1753,1778,54793,22,1,0,21,13
2020-09-09,US,Mississippi,Lamar,1523,33,0,31.20572971,-89.5077704,28073.0,2404.3698593372587,2.1667760998030205,1490,1519,32,0,1487,1515,62447,4,1,0,3,4
2020-09-09,US,Mississippi,Lauderdale,1889,115,0,32.40419769,-88.66229662,28075.0,2548.397976391231,6.087877183695077,1774,1873,113,0,1760,1867,75317,16,2,0,14,6
2020-09-09,US,Mississippi,Lawrence,414,11,0,31.55147224,-90.10841127,28077.0,3289.3691403146363,2.6570048309178738,403,414,11,0,403,413,12455,0,0,0,0,1
2020-09-09,US,Mississippi,Leake,911,33,0,32.7536828,-89.52402044,28079.0,3998.068989730537,3.622392974753019,878,910,31,0,879,909,22763,1,2,0,-1,1
2020-09-09,US,Mississippi,Lee,2382,63,0,34.291877500000005,-88.68149954,28081.0,2788.051875087785,2.6448362720403025,2319,2362,61,0,2301,2346,85202,20,2,0,18,16
2020-09-09,US,Mississippi,Leflore,1275,76,0,33.55545125,-90.29900733,28083.0,4524.003832097364,5.96078431372549,1199,1272,76,0,1196,1272,28919,3,0,0,3,0
2020-09-09,US,Mississippi,Lincoln,1009,52,0,31.53288662,-90.45391915,28085.0,2954.352472696396,5.153617443012884,957,1007,52,0,955,1007,34205,2,0,0,2,0
2020-09-09,US,Mississippi,Lowndes,1326,56,0,33.47386518,-88.44191529999998,28087.0,2262.991722843246,4.223227752639517,1270,1322,56,0,1266,1321,58930,4,0,0,4,1
2020-09-09,US,Mississippi,Madison,3076,83,0,32.63389156,-90.03513564,28089.0,2894.4595001505572,2.6983094928478537,2993,3062,83,0,2979,3059,105630,14,0,0,14,3
2020-09-09,US,Mississippi,Marion,806,28,0,31.23132643,-89.8209217,28091.0,3280.0227892402227,3.4739454094292803,778,806,27,0,779,802,24715,0,1,0,-1,4
2020-09-09,US,Mississippi,Marshall,1028,14,0,34.76216286,-89.50299462,28093.0,2912.6763755879188,1.3618677042801557,1014,1009,14,0,995,1005,35451,19,0,0,19,4
2020-09-09,US,Mississippi,Monroe,1114,61,0,33.89236763,-88.4808438,28095.0,3160.104391240213,5.475763016157988,1053,1110,61,0,1049,1100,35564,4,0,0,4,10
2020-09-09,US,Mississippi,Montgomery,426,19,0,33.49419589,-89.61729103,28097.0,4358.0562659846555,4.460093896713615,407,423,18,0,405,423,10023,3,1,0,2,0
2020-09-09,US,Mississippi,Neshoba,1472,102,0,32.75339664,-89.11726492,28099.0,5055.292259083728,6.929347826086956,1370,1468,101,0,1367,1463,29125,4,1,0,3,5
2020-09-09,US,Mississippi,Newton,701,20,0,32.40021118,-89.11843336,28101.0,3335.236463983253,2.8530670470756063,681,697,19,0,678,697,21443,4,1,0,3,0
2020-09-09,US,Mississippi,Noxubee,533,14,0,33.11009499,-88.56949061,28103.0,5116.636267639437,2.626641651031895,519,533,14,0,519,531,10535,0,0,0,0,2
2020-09-09,US,Mississippi,Oktibbeha,1607,46,0,33.42491685,-88.87905132,28105.0,3240.7687498739588,2.862476664592408,1561,1593,46,0,1547,1592,49599,14,0,0,14,1
2020-09-09,US,Mississippi,Panola,1339,25,0,34.36398677,-89.95064249,28107.0,3916.120729995321,1.8670649738610905,1314,1336,25,0,1311,1333,34178,3,0,0,3,3
2020-09-09,US,Mississippi,Pearl River,799,49,0,30.77090935,-89.58677275,28109.0,1438.7323309624564,6.132665832290362,750,794,49,0,745,791,55387,5,0,0,5,3
2020-09-09,US,Mississippi,Perry,366,12,0,31.17161885,-88.99281835,28111.0,3056.8779754447505,3.278688524590164,354,360,12,0,348,355,11931,6,0,0,6,5
2020-09-09,US,Mississippi,Pike,1180,46,0,31.17507789,-90.40392572,28113.0,3003.4616167786603,3.8983050847457625,1134,1177,46,0,1131,1171,39563,3,0,0,3,6
2020-09-09,US,Mississippi,Pontotoc,1135,13,0,34.226046000000004,-89.03636807,28115.0,3527.6931683968432,1.145374449339207,1122,1131,13,0,1118,1125,31833,4,0,0,4,6
2020-09-09,US,Mississippi,Prentiss,703,15,0,34.61810501,-88.51986294,28117.0,2797.898591100852,2.1337126600284493,688,688,15,0,673,682,25315,15,0,0,15,6
2020-09-09,US,Mississippi,Quitman,352,5,0,34.25157572,-90.28908,28119.0,5182.5677267373385,1.4204545454545454,347,351,5,0,346,351,7051,1,0,0,1,0
2020-09-09,US,Mississippi,Rankin,3025,70,0,32.26469147,-89.94537876,28121.0,1948.2066837980049,2.31404958677686,2955,3018,69,0,2949,3010,153902,7,1,0,6,8
2020-09-09,US,Mississippi,Scott,1126,23,0,32.406704100000006,-89.53789439,28123.0,4003.697909258996,2.0426287744227354,1103,1125,22,0,1103,1125,28287,1,1,0,0,0
2020-09-09,US,Mississippi,Sharkey,256,10,0,32.88149103,-90.81595379999999,28125.0,5924.554501272854,3.90625,246,256,10,0,246,254,4377,0,0,0,0,2
2020-09-09,US,Mississippi,Simpson,975,40,0,31.91282117,-89.91716179,28127.0,3657.4386675669593,4.102564102564102,935,964,40,0,924,962,26758,11,0,0,11,2
2020-09-09,US,Mississippi,Smith,492,13,0,32.01744532,-89.50644846,28129.0,3091.228951997989,2.6422764227642275,479,492,13,0,479,492,16002,0,0,0,0,0
2020-09-09,US,Mississippi,Stone,339,10,0,30.79187949,-89.11547539,28131.0,1848.8219895287962,2.949852507374631,329,339,10,0,329,339,18717,0,0,0,0,0
2020-09-09,US,Mississippi,Sunflower,1317,42,0,33.60192578,-90.58882684,28133.0,5244.922341696535,3.1890660592255125,1275,1313,40,0,1273,1311,25735,4,2,0,2,2
2020-09-09,US,Mississippi,Tallahatchie,680,13,0,33.95339918,-90.1729398,28135.0,4924.32471576508,1.9117647058823528,667,676,13,0,663,674,13987,4,0,0,4,2
2020-09-09,US,Mississippi,Tate,893,35,0,34.65133709,-89.94485778,28137.0,3153.1372479785327,3.9193729003359454,858,885,35,0,850,883,28759,8,0,0,8,2
2020-09-09,US,Mississippi,Tippah,578,16,0,34.76872156,-88.90988194,28139.0,2625.4826254826253,2.7681660899653977,562,572,16,0,556,568,21995,6,0,0,6,4
2020-09-09,US,Mississippi,Tishomingo,600,31,0,34.74023475,-88.23917219,28141.0,3095.4960532425316,5.166666666666667,569,594,31,0,563,592,19454,6,0,0,6,2
2020-09-09,US,Mississippi,Tunica,459,13,0,34.64967704,-90.37481167,28143.0,4765.365448504984,2.832244008714597,446,459,13,0,446,458,9944,0,0,0,0,1
2020-09-09,US,Mississippi,Union,927,23,0,34.49162015,-89.00776006,28145.0,3217.0744403956273,2.481121898597627,904,914,23,0,891,912,28606,13,0,0,13,2
2020-09-09,US,Mississippi,Walthall,579,24,0,31.14971548,-90.10446654,28147.0,4052.9189416211684,4.1450777202072535,555,578,24,0,554,577,14465,1,0,0,1,1
2020-09-09,US,Mississippi,Warren,1342,46,0,32.35810271,-90.83352619,28149.0,2957.1847248848635,3.4277198211624436,1296,1341,46,0,1295,1341,46176,1,0,0,1,0
2020-09-09,US,Mississippi,Washington,2086,68,0,33.28392041,-90.94196237,28151.0,4750.734473570339,3.2598274209012463,2018,2080,67,0,2013,2078,45063,6,1,0,5,2
2020-09-09,US,Mississippi,Wayne,863,21,0,31.64135687,-88.69573913,28153.0,4275.875737006391,2.433371958285052,842,864,21,0,843,862,20298,-1,0,0,-1,2
2020-09-09,US,Mississippi,Webster,315,13,0,33.61300486,-89.28392912,28155.0,3251.109505624935,4.126984126984127,302,315,13,0,302,315,9788,0,0,0,0,0
2020-09-09,US,Mississippi,Wilkinson,284,17,0,31.16078225,-91.31018819,28157.0,3290.845886442642,5.985915492957746,267,284,17,0,267,284,8792,0,0,0,0,0
2020-09-09,US,Mississippi,Winston,710,19,0,33.08747908,-89.03391385,28159.0,3954.330270119745,2.676056338028169,691,710,19,0,691,709,18165,0,0,0,0,1
2020-09-09,US,Mississippi,Yalobusha,391,13,0,34.02824175,-89.70762049999998,28161.0,3229.269904195573,3.3248081841432224,378,391,13,0,378,391,12392,0,0,0,0,0
2020-09-09,US,Mississippi,Yazoo,997,23,0,32.77890365,-90.39656148,28163.0,3358.0330077467156,2.3069207622868606,974,993,21,0,972,986,28248,4,2,0,2,7
2020-09-09,US,Missouri,Adair,278,0,0,40.19058551,-92.60078167,29001.0,1096.9498480842835,0.0,278,275,0,0,275,270,25339,3,0,0,3,5
2020-09-09,US,Missouri,Andrew,157,1,0,39.98492163,-94.80163024,29003.0,886.4046973803073,0.6369426751592356,156,149,1,0,148,149,17607,8,0,0,8,0
2020-09-09,US,Missouri,Atchison,37,0,0,40.43238737,-95.42970639,29005.0,719.4244604316548,0.0,37,37,0,0,37,37,5171,0,0,0,0,0
2020-09-09,US,Missouri,Audrain,332,2,0,39.215877,-91.84242683,29007.0,1307.7044272884827,0.6024096385542169,330,330,2,0,328,316,25473,2,0,0,2,14
2020-09-09,US,Missouri,Barry,388,5,0,36.70978521,-93.82919888,29009.0,1084.1319958646511,1.2886597938144329,383,379,5,0,374,379,35886,9,0,0,9,0
2020-09-09,US,Missouri,Barton,122,0,0,37.50207671,-94.34757022,29011.0,1037.944529521865,0.0,122,117,0,0,117,116,11798,5,0,0,5,1
2020-09-09,US,Missouri,Bates,80,1,0,38.25271289,-94.34113157,29013.0,494.6821667078902,1.25,79,80,1,0,79,78,16320,0,0,0,0,2
2020-09-09,US,Missouri,Benton,165,1,0,38.29503305,-93.28756116,29015.0,848.634469989199,0.6060606060606061,164,163,1,0,162,162,19278,2,0,0,2,1
2020-09-09,US,Missouri,Bollinger,172,1,0,37.32449052,-90.02725304,29017.0,1417.6213632242645,0.5813953488372093,171,163,1,0,162,162,12169,9,0,0,9,1
2020-09-09,US,Missouri,Boone,3627,6,0,38.99186229,-92.30723575,29019.0,2009.830269916825,0.1654259718775848,3621,3568,6,0,3562,3524,180005,59,0,0,59,44
2020-09-09,US,Missouri,Buchanan,1450,13,0,39.65816401,-94.80138942,29021.0,1659.7225401767319,0.8965517241379308,1437,1436,12,0,1424,1421,88571,14,1,0,13,15
2020-09-09,US,Missouri,Butler,430,4,0,36.71462476,-90.40421163,29023.0,1012.2887141579172,0.9302325581395348,426,430,4,0,426,425,42639,0,0,0,0,5
2020-09-09,US,Missouri,Caldwell,50,1,0,39.65620858,-93.98308093,29025.0,554.3237250554323,2.0,49,50,1,0,49,49,9108,0,0,0,0,1
2020-09-09,US,Missouri,Callaway,442,2,0,38.83674754,-91.92186505,29027.0,987.8640234226584,0.4524886877828054,440,439,2,0,437,432,44889,3,0,0,3,7
2020-09-09,US,Missouri,Camden,630,9,0,38.02199522,-92.76083747,29029.0,1360.544217687075,1.4285714285714286,621,614,9,0,605,606,45815,16,0,0,16,8
2020-09-09,US,Missouri,Cape Girardeau,1122,8,0,37.38489388,-89.6843587,29031.0,1422.5761052858466,0.7130124777183601,1114,1097,8,0,1089,1080,78753,25,0,0,25,17
2020-09-09,US,Missouri,Carroll,121,1,0,39.42762566,-93.50626255,29033.0,1394.1698352344738,0.8264462809917356,120,119,1,0,118,118,8743,2,0,0,2,1
2020-09-09,US,Missouri,Carter,42,1,0,36.94160441,-90.96051322,29035.0,702.1063189568706,2.380952380952381,41,42,1,0,41,42,6054,0,0,0,0,0
2020-09-09,US,Missouri,Cass,1187,16,0,38.64789422,-94.353399,29037.0,1122.1402911703537,1.3479359730412803,1171,1159,16,0,1143,1151,104954,28,0,0,28,8
2020-09-09,US,Missouri,Cedar,63,0,0,37.72391475,-93.85445441,29039.0,439.0549864102028,0.0,63,62,0,0,62,62,14165,1,0,0,1,0
2020-09-09,US,Missouri,Chariton,37,0,0,39.51499357,-92.9629191,29041.0,498.2493940210072,0.0,37,36,0,0,36,36,7451,1,0,0,1,0
2020-09-09,US,Missouri,Christian,878,3,0,36.9711783,-93.18537118,29043.0,991.0265816355324,0.3416856492027335,875,846,2,0,844,829,86983,32,1,0,31,17
2020-09-09,US,Missouri,Clark,51,0,0,40.41040752,-91.73661677,29045.0,750.3310283948799,0.0,51,50,0,0,50,50,6842,1,0,0,1,0
2020-09-09,US,Missouri,Clay,1530,39,0,39.31132056,-94.41850862,29047.0,612.1273224830765,2.5490196078431366,1491,1512,39,0,1473,1506,246365,18,0,0,18,6
2020-09-09,US,Missouri,Clinton,168,0,0,39.6013098,-94.40465394,29049.0,824.0545445627115,0.0,168,162,0,0,162,161,20470,6,0,0,6,1
2020-09-09,US,Missouri,Cole,1048,7,0,38.50455671,-92.27860244,29051.0,1365.5612743501206,0.6679389312977099,1041,1032,7,0,1025,1016,76796,16,0,0,16,16
2020-09-09,US,Missouri,Cooper,306,2,0,38.844478,-92.80896081,29053.0,1727.9349483313572,0.6535947712418301,304,305,2,0,303,289,17603,1,0,0,1,16
2020-09-09,US,Missouri,Crawford,221,2,0,37.97663738,-91.30528104,29055.0,923.9130434782608,0.9049773755656108,219,218,2,0,216,220,23957,3,0,0,3,-2
2020-09-09,US,Missouri,Dade,36,0,0,37.431814,-93.8503345,29057.0,476.1274963629149,0.0,36,36,0,0,36,36,7569,0,0,0,0,0
2020-09-09,US,Missouri,Dallas,133,1,0,37.681135499999996,-93.02127031,29059.0,788.0080578267567,0.7518796992481203,132,124,1,0,123,123,16762,9,0,0,9,1
2020-09-09,US,Missouri,Daviess,52,0,0,39.96145298,-93.98519678,29061.0,628.1710558105823,0.0,52,49,0,0,49,47,8313,3,0,0,3,2
2020-09-09,US,Missouri,DeKalb,84,2,0,39.89201062,-94.40476508,29063.0,669.482744879254,2.380952380952381,82,81,1,0,80,80,12630,3,1,0,2,1
2020-09-09,US,Missouri,Dent,58,0,0,37.60663134,-91.50790473,29065.0,372.43947858473,0.0,58,56,0,0,56,55,15441,2,0,0,2,1
2020-09-09,US,Missouri,Douglas,124,3,0,36.9325593,-92.49905109,29067.0,940.4626469472888,2.419354838709677,121,120,3,0,117,119,13373,4,0,0,4,1
2020-09-09,US,Missouri,Dunklin,586,6,0,36.27167174,-90.09122243,29069.0,2011.6027599464487,1.023890784982935,580,579,6,0,573,566,29423,7,0,0,7,13
2020-09-09,US,Missouri,Franklin,1203,22,0,38.41127108,-91.07522826,29071.0,1157.0979253032212,1.828761429758936,1181,1178,22,0,1156,1170,103670,25,0,0,25,8
2020-09-09,US,Missouri,Gasconade,122,4,0,38.43947277,-91.50847147,29073.0,829.593363253094,3.278688524590164,118,101,4,0,97,97,14705,21,0,0,21,4
2020-09-09,US,Missouri,Gentry,104,9,0,40.21097916,-94.40944419,29075.0,1582.7119159945214,8.653846153846152,95,102,9,0,93,102,6628,2,0,0,2,0
2020-09-09,US,Missouri,Greene,4200,19,0,37.2575872,-93.34230916,29077.0,1433.0264836942056,0.4523809523809524,4181,4067,19,0,4048,3999,291923,133,0,0,133,68
2020-09-09,US,Missouri,Grundy,100,1,0,40.11406587,-93.56509276,29079.0,1015.2284263959392,1.0,99,93,1,0,92,91,9914,7,0,0,7,2
2020-09-09,US,Missouri,Harrison,86,1,0,40.35570088,-93.99222144,29081.0,1029.6934865900382,1.162790697674419,85,86,1,0,85,86,8414,0,0,0,0,0
2020-09-09,US,Missouri,Henry,135,4,0,38.38482826,-93.79293734,29083.0,618.5850439882697,2.962962962962963,131,132,4,0,128,130,21792,3,0,0,3,2
2020-09-09,US,Missouri,Hickory,68,1,0,37.94163617,-93.3203037,29085.0,712.4895222129086,1.4705882352941178,67,68,1,0,67,66,9509,0,0,0,0,2
2020-09-09,US,Missouri,Holt,72,0,0,40.09799248,-95.21638879999999,29087.0,1635.2486940722235,0.0,72,70,0,0,70,70,4404,2,0,0,2,0
2020-09-09,US,Missouri,Howard,131,2,0,39.1435761,-92.69756691,29089.0,1309.8690130986902,1.5267175572519085,129,129,2,0,127,139,10137,2,0,0,2,-10
2020-09-09,US,Missouri,Howell,338,3,0,36.77383887,-91.88683935,29091.0,842.5355834185008,0.8875739644970414,335,337,3,0,334,333,40076,1,0,0,1,4
2020-09-09,US,Missouri,Iron,42,0,0,37.55487945,-90.7735296,29093.0,414.8148148148149,0.0,42,42,0,0,42,42,10177,0,0,0,0,0
2020-09-09,US,Missouri,Jackson,6168,84,0,39.01002188,-94.34724536,29095.0,877.36891741381,1.3618677042801557,6084,6083,84,0,5999,6038,700307,85,0,0,85,45
2020-09-09,US,Missouri,Jasper,2824,37,0,37.20351921,-94.34050458,29097.0,2327.5748384544377,1.3101983002832862,2787,2702,37,0,2665,2685,120636,122,0,0,122,17
2020-09-09,US,Missouri,Jefferson,3190,47,0,38.25926778,-90.53870896,29099.0,1417.2675614556538,1.4733542319749215,3143,3146,46,0,3100,3109,224347,44,1,0,43,37
2020-09-09,US,Missouri,Johnson,767,4,0,38.74719601,-93.80691168,29101.0,1418.741445007584,0.5215123859191656,763,733,4,0,729,717,53652,34,0,0,34,16
2020-09-09,US,Missouri,Kansas City,9852,95,0,39.0997,-94.5786,0.0,2014.958798878397,0.9642712139667072,9757,9842,95,0,9747,9808,491918,10,0,0,10,34
2020-09-09,US,Missouri,Knox,45,0,0,40.12699751,-92.14780832,29103.0,1136.6506693609495,0.0,45,44,0,0,44,43,3947,1,0,0,1,1
2020-09-09,US,Missouri,Laclede,344,1,0,37.65896829,-92.5888493,29105.0,962.9650365310864,0.2906976744186047,343,336,1,0,335,329,35713,8,0,0,8,7
2020-09-09,US,Missouri,Lafayette,281,2,0,39.06986886,-93.78076396,29107.0,859.1170355876237,0.7117437722419929,279,274,2,0,272,274,32598,7,0,0,7,0
2020-09-09,US,Missouri,Lawrence,408,2,0,37.10626634,-93.83293097,29109.0,1063.7465780211182,0.4901960784313725,406,399,2,0,397,393,38359,9,0,0,9,6
2020-09-09,US,Missouri,Lewis,67,2,0,40.09673161,-91.72070156,29111.0,685.3518821603927,2.985074626865672,65,65,2,0,63,65,9855,2,0,0,2,0
2020-09-09,US,Missouri,Lincoln,630,2,0,39.05345619,-90.95588181,29113.0,1067.5613847796249,0.31746031746031744,628,626,1,0,625,625,57686,4,1,0,3,1
2020-09-09,US,Missouri,Linn,49,1,0,39.87001769,-93.10704106,29115.0,411.0738255033557,2.0408163265306123,48,49,1,0,48,48,12037,0,0,0,0,1
2020-09-09,US,Missouri,Livingston,341,1,0,39.78110272,-93.54645978,29117.0,2239.443094503185,0.2932551319648094,340,339,1,0,338,338,15146,2,0,0,2,1
2020-09-09,US,Missouri,Macon,89,0,0,39.83049768,-92.56453089,29121.0,588.741152345042,0.0,89,87,0,0,87,85,15153,2,0,0,2,2
2020-09-09,US,Missouri,Madison,222,0,0,37.47865134,-90.34671429999999,29123.0,1836.5320979483786,0.0,222,208,0,0,208,204,12188,14,0,0,14,4
2020-09-09,US,Missouri,Maries,50,0,0,38.16193985,-91.92249662,29125.0,574.9108888122341,0.0,50,51,0,0,51,50,8769,-1,0,0,-1,1
2020-09-09,US,Missouri,Marion,571,7,0,39.80601912,-91.62203062,29127.0,2001.4020329477744,1.2259194395796849,564,563,7,0,556,558,28592,8,0,0,8,5
2020-09-09,US,Missouri,McDonald,1000,10,0,36.62869595,-94.34867205,29119.0,4378.8588693786405,1.0,990,998,10,0,988,998,23078,2,0,0,2,0
2020-09-09,US,Missouri,Mercer,25,0,0,40.42212303,-93.56829590000001,29129.0,691.1805363560962,0.0,25,25,0,0,25,25,3641,0,0,0,0,0
2020-09-09,US,Missouri,Miller,313,1,0,38.21450288,-92.42610898,29131.0,1221.7494828057304,0.3194888178913738,312,302,1,0,301,298,25336,11,0,0,11,4
2020-09-09,US,Missouri,Mississippi,250,0,0,36.82516239,-89.29505753,29133.0,1896.8133535660086,0.0,250,248,0,0,248,245,13336,2,0,0,2,3
2020-09-09,US,Missouri,Moniteau,210,4,0,38.63571781,-92.57976951,29135.0,1301.7604760724028,1.9047619047619049,206,208,4,0,204,207,16121,2,0,0,2,1
2020-09-09,US,Missouri,Monroe,78,0,0,39.49593978,-92.00043978,29137.0,902.3600185099492,0.0,78,76,0,0,76,76,8664,2,0,0,2,0
2020-09-09,US,Missouri,Montgomery,63,1,0,38.94022054,-91.47000721,29139.0,545.4073240412085,1.5873015873015872,62,61,1,0,60,58,11534,2,0,0,2,3
2020-09-09,US,Missouri,Morgan,169,1,0,38.4181765,-92.88791859,29141.0,819.3144907160518,0.591715976331361,168,163,1,0,162,156,20358,6,0,0,6,7
2020-09-09,US,Missouri,New Madrid,460,10,0,36.59666326,-89.66070007,29143.0,2693.839306629188,2.1739130434782608,450,457,9,0,448,450,17296,3,1,0,2,7
2020-09-09,US,Missouri,Newton,1155,13,0,36.90519407,-94.3394104,29145.0,1983.3092932206878,1.1255411255411256,1142,1133,13,0,1120,1132,58266,22,0,0,22,1
2020-09-09,US,Missouri,Nodaway,649,7,0,40.36079813,-94.88133008,29147.0,2937.7150099583555,1.078582434514638,642,641,7,0,634,639,22304,8,0,0,8,2
2020-09-09,US,Missouri,Oregon,67,0,0,36.68710164,-91.4033755,29149.0,636.3377338778613,0.0,67,66,0,0,66,64,10541,1,0,0,1,2
2020-09-09,US,Missouri,Osage,96,1,0,38.46036182,-91.8613635,29151.0,705.1046639735588,1.0416666666666667,95,94,1,0,93,93,13714,2,0,0,2,1
2020-09-09,US,Missouri,Ozark,70,0,0,36.64916339,-92.44459066,29153.0,763.025942882058,0.0,70,68,0,0,68,65,9017,2,0,0,2,3
2020-09-09,US,Missouri,Pemiscot,392,9,0,36.2130572,-89.78742322,29155.0,2480.227776020247,2.295918367346939,383,388,9,0,379,381,16272,4,0,0,4,7
2020-09-09,US,Missouri,Perry,448,4,0,37.70660776,-89.82741088,29157.0,2341.1371237458193,0.8928571428571429,444,448,4,0,444,446,19150,0,0,0,0,2
2020-09-09,US,Missouri,Pettis,860,9,0,38.72798918,-93.28471706,29159.0,2031.224166843808,1.0465116279069768,851,860,8,0,852,858,42542,0,1,0,-1,2
2020-09-09,US,Missouri,Phelps,276,1,0,37.87736118,-91.79351727,29161.0,619.2089381464115,0.3623188405797101,275,271,1,0,270,270,44732,5,0,0,5,1
2020-09-09,US,Missouri,Pike,170,2,0,39.34310674,-91.16980779,29163.0,928.8602338542237,1.1764705882352942,168,160,2,0,158,155,18504,10,0,0,10,5
2020-09-09,US,Missouri,Platte,543,10,0,39.38154439,-94.77068479,29165.0,520.0252829971844,1.8416206261510129,533,535,10,0,525,533,102985,8,0,0,8,2
2020-09-09,US,Missouri,Polk,356,0,0,37.616229600000004,-93.39828174,29167.0,1107.3439298267442,0.0,356,348,0,0,348,343,32201,8,0,0,8,5
2020-09-09,US,Missouri,Pulaski,435,2,0,37.82462075,-92.20783203,29169.0,826.886155834775,0.4597701149425287,433,427,2,0,425,415,52014,8,0,0,8,12
2020-09-09,US,Missouri,Putnam,28,1,0,40.47942497,-93.02042674,29171.0,596.2521294718911,3.571428571428572,27,28,1,0,27,28,4757,0,0,0,0,0
2020-09-09,US,Missouri,Ralls,126,0,0,39.52817427,-91.51838643,29173.0,1222.2330002910078,0.0,126,123,0,0,123,122,10212,3,0,0,3,1
2020-09-09,US,Missouri,Randolph,151,1,0,39.44007257,-92.49713740000001,29175.0,610.150315176984,0.6622516556291391,150,150,1,0,149,149,24763,1,0,0,1,1
2020-09-09,US,Missouri,Ray,135,0,0,39.353746799999996,-93.98905745,29177.0,586.4975236771222,0.0,135,133,0,0,133,135,22883,2,0,0,2,-2
2020-09-09,US,Missouri,Reynolds,26,0,0,37.36085952,-90.97009925,29179.0,414.67304625199364,0.0,26,26,0,0,26,26,6254,0,0,0,0,0
2020-09-09,US,Missouri,Ripley,121,0,0,36.65460667,-90.85990261,29181.0,910.5960264900664,0.0,121,113,0,0,113,112,13401,8,0,0,8,1
2020-09-09,US,Missouri,Saline,593,9,0,39.13734288,-93.20259964,29195.0,2605.3336848117387,1.5177065767284992,584,591,9,0,582,589,22895,2,0,0,2,2
2020-09-09,US,Missouri,Schuyler,20,0,0,40.46921489,-92.52311943,29197.0,429.1845493562232,0.0,20,20,0,0,20,20,4599,0,0,0,0,0
2020-09-09,US,Missouri,Scotland,22,1,0,40.45214695,-92.14709064,29199.0,448.796409628723,4.545454545454546,21,22,1,0,21,22,4966,0,0,0,0,0
2020-09-09,US,Missouri,Scott,708,15,0,37.05588075,-89.56474493,29201.0,1849.5297805642635,2.1186440677966103,693,692,14,0,678,690,38458,16,1,0,15,2
2020-09-09,US,Missouri,Shannon,60,1,0,37.15772072,-91.40190382,29203.0,734.7538574577518,1.6666666666666667,59,60,1,0,59,60,8189,0,0,0,0,0
2020-09-09,US,Missouri,Shelby,55,0,0,39.79742518,-92.07634971,29205.0,927.4873524451939,0.0,55,51,0,0,51,51,6050,4,0,0,4,0
2020-09-09,US,Missouri,St. Charles,6343,105,0,38.77875681,-90.66662425,29183.0,1577.7743506574268,1.6553681223395869,6238,6281,105,0,6176,6229,399182,62,0,0,62,52
2020-09-09,US,Missouri,St. Clair,30,0,0,38.03699437,-93.77631447,29185.0,319.2508247312972,0.0,30,30,0,0,30,30,9395,0,0,0,0,0
2020-09-09,US,Missouri,St. Francois,1367,6,0,37.81214171,-90.47598685,29187.0,2033.7722234620248,0.4389173372348208,1361,1357,5,0,1352,1322,66692,10,1,0,9,35
2020-09-09,US,Missouri,St. Louis,21001,762,0,38.63770039999999,-90.4458375,29189.0,2112.341016188814,3.628398647683444,20239,20839,760,0,20079,20735,996945,162,2,0,160,104
2020-09-09,US,Missouri,St. Louis City,6486,191,0,38.63555736,-90.24349225,29510.0,2157.8569147237304,2.944804193647857,6295,6452,190,0,6262,6439,302838,34,1,0,33,13
2020-09-09,US,Missouri,Ste. Genevieve,138,1,0,37.89090059,-90.1949941,29186.0,771.2082262210797,0.7246376811594203,137,138,1,0,137,137,17888,0,0,0,0,1
2020-09-09,US,Missouri,Stoddard,328,9,0,36.85571651,-89.9444155,29207.0,1130.0602928509904,2.7439024390243905,319,322,9,0,313,322,29206,6,0,0,6,0
2020-09-09,US,Missouri,Stone,321,2,0,36.75000327,-93.45256475,29209.0,1004.6319479218828,0.6230529595015576,319,316,2,0,314,314,31749,5,0,0,5,2
2020-09-09,US,Missouri,Sullivan,182,0,0,40.2099105,-93.11150106,29211.0,2988.996551157825,0.0,182,181,0,0,181,181,6221,1,0,0,1,0
2020-09-09,US,Missouri,Taney,993,22,0,36.65465345,-93.04075153,29213.0,1775.497067658418,2.215508559919436,971,976,22,0,954,964,55852,17,0,0,17,12
2020-09-09,US,Missouri,Texas,165,1,0,37.31728859,-91.96564727,29215.0,649.6574533427829,0.6060606060606061,164,160,1,0,159,157,25571,5,0,0,5,3
2020-09-09,US,Missouri,Vernon,115,0,0,37.8457799,-94.34127305,29217.0,559.2569177649176,0.0,115,113,0,0,113,109,20528,2,0,0,2,4
2020-09-09,US,Missouri,Warren,369,0,0,38.76529479,-91.16124662,29219.0,1035.0921484473618,0.0,369,364,0,0,364,362,34711,5,0,0,5,2
2020-09-09,US,Missouri,Washington,273,1,0,37.96130078,-90.87948158,29221.0,1103.9223615042458,0.3663003663003663,272,269,1,0,268,267,24943,4,0,0,4,2
2020-09-09,US,Missouri,Wayne,108,0,0,37.11303869,-90.46001416,29223.0,838.9652761594034,0.0,108,107,0,0,107,106,13122,1,0,0,1,1
2020-09-09,US,Missouri,Webster,318,1,0,37.2813734,-92.876329,29225.0,803.1925641543747,0.31446540880503143,317,299,1,0,298,291,39109,19,0,0,19,8
2020-09-09,US,Missouri,Worth,16,0,0,40.47945588,-94.42328751,29227.0,794.8335817188276,0.0,16,16,0,0,16,16,2040,0,0,0,0,0
2020-09-09,US,Missouri,Wright,115,0,0,37.27029221,-92.46914488,29229.0,628.793263710427,0.0,115,108,0,0,108,108,18378,7,0,0,7,0
2020-09-09,US,Montana,Beaverhead,72,1,0,45.13434354,-112.89846940000001,30001.0,761.6629641383687,1.3888888888888888,71,72,1,0,71,72,9404,0,0,0,0,0
2020-09-09,US,Montana,Big Horn,735,17,0,45.42335905,-107.492347,30003.0,5518.432314738344,2.3129251700680267,718,735,17,0,718,732,13338,0,0,0,0,3
2020-09-09,US,Montana,Blaine,15,0,0,48.43175214,-108.9582723,30005.0,224.51728783116297,0.0,15,15,0,0,15,15,6807,0,0,0,0,0
2020-09-09,US,Montana,Broadwater,16,0,0,46.33277565,-111.49558130000001,30007.0,256.5335898669232,0.0,16,16,0,0,16,16,6085,0,0,0,0,0
2020-09-09,US,Montana,Carbon,95,0,0,45.22850116,-109.0274047,30009.0,885.7808857808858,0.0,95,94,0,0,94,93,10714,1,0,0,1,1
2020-09-09,US,Montana,Cascade,383,5,0,47.30797024,-111.3467922,30013.0,470.7125826512303,1.3054830287206267,378,381,5,0,376,373,81643,2,0,0,2,8
2020-09-09,US,Montana,Chouteau,11,0,0,47.88084126,-110.4353362,30015.0,195.20851818988464,0.0,11,11,0,0,11,11,5745,0,0,0,0,0
2020-09-09,US,Montana,Custer,71,2,0,46.25319932,-105.57375259999998,30017.0,622.6977723206455,2.8169014084507036,69,70,2,0,68,69,11586,1,0,0,1,1
2020-09-09,US,Montana,Daniels,3,0,0,48.78420029,-105.54763429999998,30019.0,177.5147928994083,0.0,3,3,0,0,3,3,1747,0,0,0,0,0
2020-09-09,US,Montana,Dawson,54,1,0,47.26584855,-104.89444170000002,30021.0,626.9592476489029,1.851851851851852,53,53,1,0,52,52,8680,1,0,0,1,1
2020-09-09,US,Montana,Deer Lodge,82,0,0,46.05953325,-113.073353,30023.0,897.1553610503282,0.0,82,82,0,0,82,80,9131,0,0,0,0,2
2020-09-09,US,Montana,Fallon,4,0,0,46.33478338,-104.41835649999999,30025.0,140.54813773717498,0.0,4,4,0,0,4,4,2920,0,0,0,0,0
2020-09-09,US,Montana,Fergus,51,0,0,47.26331584,-109.2245206,30027.0,461.5384615384616,0.0,51,42,0,0,42,38,11113,9,0,0,9,4
2020-09-09,US,Montana,Flathead,723,9,0,48.29575866,-114.05205690000001,30029.0,696.4915322813713,1.2448132780082988,714,691,9,0,682,686,102106,32,0,0,32,5
2020-09-09,US,Montana,Gallatin,1126,3,0,45.54486106,-111.1692571,30031.0,983.9732946501912,0.2664298401420959,1123,1120,3,0,1117,1113,111876,6,0,0,6,7
2020-09-09,US,Montana,Garfield,15,0,0,47.27545948,-107.0002351,30033.0,1192.368839427663,0.0,15,15,0,0,15,16,1268,0,0,0,0,-1
2020-09-09,US,Montana,Glacier,148,1,0,48.70513576,-112.9934235,30035.0,1076.1288446157203,0.6756756756756757,147,147,1,0,146,144,13747,1,0,0,1,3
2020-09-09,US,Montana,Golden Valley,3,0,0,46.3816474,-109.17685220000001,30037.0,365.4080389768576,0.0,3,3,0,0,3,3,826,0,0,0,0,0
2020-09-09,US,Montana,Granite,21,0,0,46.40605220000001,-113.4414186,30039.0,621.4856466410181,0.0,21,21,0,0,21,21,3378,0,0,0,0,0
2020-09-09,US,Montana,Hill,102,2,0,48.62879827,-110.1129252,30041.0,618.7818490657608,1.96078431372549,100,99,2,0,97,99,16347,3,0,0,3,0
2020-09-09,US,Montana,Jefferson,41,0,0,46.14907081,-112.094396,30043.0,335.48809426397185,0.0,41,41,0,0,41,41,12097,0,0,0,0,0
2020-09-09,US,Montana,Judith Basin,6,0,0,47.04581276,-110.26606880000001,30045.0,298.95366218236165,0.0,6,6,0,0,6,6,1952,0,0,0,0,0
2020-09-09,US,Montana,Lake,227,1,0,47.64514965,-114.0898013,30047.0,745.2885941296213,0.4405286343612335,226,224,1,0,223,222,30250,3,0,0,3,2
2020-09-09,US,Montana,Lewis and Clark,209,3,0,47.12610041,-112.39469799999999,30049.0,301.01394169835237,1.4354066985645932,206,207,3,0,204,207,68700,2,0,0,2,0
2020-09-09,US,Montana,Liberty,10,0,0,48.56084317,-111.02430700000001,30051.0,427.8990158322636,0.0,10,9,0,0,9,8,2430,1,0,0,1,1
2020-09-09,US,Montana,Lincoln,101,3,0,48.54265777,-115.4046155,30053.0,505.5055055055056,2.9702970297029703,98,100,2,0,98,98,19794,1,1,0,0,2
2020-09-09,US,Montana,Madison,95,1,0,45.30080065,-111.9173017,30057.0,1104.6511627906978,1.0526315789473684,94,95,1,0,94,95,8768,0,0,0,0,0
2020-09-09,US,Montana,McCone,14,0,0,47.64469406,-105.79449939999999,30055.0,841.3461538461537,0.0,14,14,0,0,14,14,1675,0,0,0,0,0
2020-09-09,US,Montana,Meagher,9,1,0,46.59907074,-110.8898557,30059.0,483.35123523093455,11.111111111111109,8,9,0,0,9,9,1866,0,1,0,-1,0
2020-09-09,US,Montana,Mineral,2,0,0,47.15283992,-115.00152390000001,30061.0,45.48555833522857,0.0,2,2,0,0,2,2,4316,0,0,0,0,0
2020-09-09,US,Montana,Missoula,453,3,0,47.03728583,-113.92135079999998,30063.0,378.76254180602007,0.6622516556291391,450,449,3,0,446,447,118791,4,0,0,4,2
2020-09-09,US,Montana,Musselshell,22,0,0,46.49684637,-108.39498,30065.0,474.85430606518463,0.0,22,22,0,0,22,20,4651,0,0,0,0,2
2020-09-09,US,Montana,Park,71,0,0,45.48965095,-110.52643940000002,30067.0,427.55630495001816,0.0,71,70,0,0,70,68,16736,1,0,0,1,2
2020-09-09,US,Montana,Phillips,114,0,0,48.25936577,-107.9128511,30071.0,2883.156297420334,0.0,114,114,0,0,114,114,4074,0,0,0,0,0
2020-09-09,US,Montana,Pondera,16,0,0,48.22773388,-112.22527029999999,30073.0,270.68177973270167,0.0,16,16,0,0,16,16,5972,0,0,0,0,0
2020-09-09,US,Montana,Powder River,2,0,0,45.39617714,-105.636738,30075.0,118.90606420927469,0.0,2,2,0,0,2,2,1716,0,0,0,0,0
2020-09-09,US,Montana,Powell,10,0,0,46.85538891,-112.93591640000001,30077.0,145.1378809869376,0.0,10,10,0,0,10,10,6968,0,0,0,0,0
2020-09-09,US,Montana,Prairie,1,0,0,46.86048047,-105.379384,30079.0,92.85051067780873,0.0,1,1,0,0,1,1,1087,0,0,0,0,0
2020-09-09,US,Montana,Ravalli,113,2,0,46.08520862,-114.11891640000002,30081.0,257.9555312057709,1.7699115044247788,111,113,2,0,111,113,43172,0,0,0,0,0
2020-09-09,US,Montana,Richland,64,2,0,47.78668011,-104.5610786,30083.0,592.4280292511339,3.125,62,64,2,0,62,64,10913,0,0,0,0,0
2020-09-09,US,Montana,Roosevelt,63,1,0,48.29607488,-105.00792679999999,30085.0,572.5190839694657,1.5873015873015872,62,62,1,0,61,62,11059,1,0,0,1,0
2020-09-09,US,Montana,Rosebud,368,5,0,46.23397237,-106.72928799999998,30087.0,4117.712879042184,1.358695652173913,363,370,5,0,365,360,9063,-2,0,0,-2,10
2020-09-09,US,Montana,Sanders,42,0,0,47.67657534,-115.1329916,30089.0,346.7349129034921,0.0,42,41,0,0,41,41,11844,1,0,0,1,0
2020-09-09,US,Montana,Sheridan,5,0,0,48.72085833,-104.50382900000001,30091.0,151.1030522816561,0.0,5,5,0,0,5,5,3424,0,0,0,0,0
2020-09-09,US,Montana,Silver Bow,139,0,0,45.90018933,-112.6620092,30093.0,398.10969497350715,0.0,139,132,0,0,132,131,34993,7,0,0,7,1
2020-09-09,US,Montana,Stillwater,45,2,0,45.67071407,-109.3950061,30095.0,466.70815183571887,4.4444444444444455,43,44,2,0,42,41,9534,1,0,0,1,3
2020-09-09,US,Montana,Sweet Grass,35,1,0,45.81367654,-109.9425686,30097.0,936.5801445009366,2.8571428571428568,34,34,1,0,33,34,3710,1,0,0,1,0
2020-09-09,US,Montana,Teton,18,0,0,47.83741052,-112.24106880000001,30099.0,292.8257686676428,0.0,18,18,0,0,18,18,6162,0,0,0,0,0
2020-09-09,US,Montana,Toole,58,6,0,48.65577551,-111.69424140000001,30101.0,1224.662162162162,10.344827586206897,52,57,6,0,51,57,4853,1,0,0,1,0
2020-09-09,US,Montana,Treasure,3,0,0,46.20973220000001,-107.26665159999999,30103.0,431.0344827586207,0.0,3,3,0,0,3,3,679,0,0,0,0,0
2020-09-09,US,Montana,Valley,51,0,0,48.36435097,-106.6669635,30105.0,689.5619253650623,0.0,51,51,0,0,51,51,7437,0,0,0,0,0
2020-09-09,US,Montana,Wheatland,4,0,0,46.46652491,-109.84646359999999,30107.0,188.14675446848545,0.0,4,4,0,0,4,3,2236,0,0,0,0,1
2020-09-09,US,Montana,Wibaux,8,0,0,46.95925154,-104.2510927,30109.0,825.5933952528377,0.0,8,8,0,0,8,8,1034,0,0,0,0,0
2020-09-09,US,Montana,Yellowstone,2319,50,0,45.93955949,-108.26914860000001,30111.0,1437.6937383756976,2.1561017680034498,2269,2310,49,0,2261,2305,160137,9,1,0,8,5
2020-09-09,US,Nebraska,Adams,441,11,0,40.52449420000001,-98.50117804,31001.0,1406.1154864011735,2.4943310657596367,430,436,11,0,425,430,31511,5,0,0,5,6
2020-09-09,US,Nebraska,Antelope,32,1,0,42.17695516,-98.06662829999999,31003.0,508.09780882819945,3.125,31,29,1,0,28,28,6336,3,0,0,3,1
2020-09-09,US,Nebraska,Arthur,1,0,0,41.56896142,-101.6959559,31005.0,215.98272138228938,0.0,1,1,0,0,1,1,465,0,0,0,0,0
2020-09-09,US,Nebraska,Banner,2,0,0,41.54634427,-103.7114332,31007.0,268.4563758389262,0.0,2,2,0,0,2,2,730,0,0,0,0,0
2020-09-09,US,Nebraska,Boone,38,0,0,41.70759415,-98.06737183,31011.0,731.8952234206473,0.0,38,35,0,0,35,33,5239,3,0,0,3,2
2020-09-09,US,Nebraska,Box Butte,37,0,0,42.22079243,-103.08788340000001,31013.0,343.1327088936289,0.0,37,33,0,0,33,31,10772,4,0,0,4,2
2020-09-09,US,Nebraska,Boyd,10,0,0,42.899727399999996,-98.76486568,31015.0,521.1047420531527,0.0,10,10,0,0,10,10,1955,0,0,0,0,0
2020-09-09,US,Nebraska,Brown,7,0,0,42.43018907,-99.92904055,31017.0,236.88663282571912,0.0,7,6,0,0,6,5,2973,1,0,0,1,1
2020-09-09,US,Nebraska,Buffalo,796,3,0,40.85486962,-99.07500296,31019.0,1602.9319962141806,0.3768844221105528,793,784,3,0,781,764,49615,12,0,0,12,20
2020-09-09,US,Nebraska,Burt,70,0,0,41.85056773,-96.32605633,31021.0,1083.7590958352687,0.0,70,69,0,0,69,69,6488,1,0,0,1,0
2020-09-09,US,Nebraska,Butler,97,1,0,41.22703692,-97.13106306,31023.0,1210.0798403193612,1.0309278350515465,96,96,0,0,96,96,8058,1,1,0,0,0
2020-09-09,US,Nebraska,Cass,276,2,0,40.90899107,-96.13971217,31025.0,1051.5086863761048,0.7246376811594203,274,273,2,0,271,271,26159,3,0,0,3,2
2020-09-09,US,Nebraska,Cedar,63,0,0,42.598885100000004,-97.25311951,31027.0,749.8214710783146,0.0,63,59,0,0,59,53,8446,4,0,0,4,6
2020-09-09,US,Nebraska,Chase,16,0,0,40.523719799999995,-101.69780259999999,31029.0,407.7471967380224,0.0,16,16,0,0,16,16,3977,0,0,0,0,0
2020-09-09,US,Nebraska,Cherry,35,2,0,42.54502621,-101.1244332,31031.0,615.222358938302,5.7142857142857135,33,35,2,0,33,35,5761,0,0,0,0,0
2020-09-09,US,Nebraska,Cheyenne,30,0,0,41.21999357,-102.9941693,31033.0,336.7003367003366,0.0,30,30,0,0,30,30,9310,0,0,0,0,0
2020-09-09,US,Nebraska,Clay,64,0,0,40.52439441,-98.05126296,31035.0,1031.758826374335,0.0,64,63,0,0,63,63,6214,1,0,0,1,0
2020-09-09,US,Nebraska,Colfax,736,5,0,41.57486951,-97.0868542,31037.0,6872.723877112709,0.6793478260869565,731,734,5,0,729,732,10881,2,0,0,2,2
2020-09-09,US,Nebraska,Cuming,102,0,0,41.91637624,-96.78730772,31039.0,1153.063531539679,0.0,102,101,0,0,101,95,8940,1,0,0,1,6
2020-09-09,US,Nebraska,Custer,78,4,0,41.39374521,-99.72805369,31041.0,723.7635705669479,5.128205128205129,74,77,4,0,73,76,10840,1,0,0,1,1
2020-09-09,US,Nebraska,Dakota,2064,43,0,42.39040144,-96.56656425,31043.0,10306.601418156397,2.083333333333333,2021,2058,43,0,2015,2056,20083,6,0,0,6,2
2020-09-09,US,Nebraska,Dawes,106,0,0,42.71985036,-103.1313774,31045.0,1234.136686459425,0.0,106,101,0,0,101,91,8716,5,0,0,5,10
2020-09-09,US,Nebraska,Dawson,1037,11,0,40.87028216,-99.82014609999999,31047.0,4394.998940453485,1.0607521697203472,1026,1035,11,0,1024,1026,23709,2,0,0,2,9
2020-09-09,US,Nebraska,Deuel,3,0,0,41.11168186,-102.33333309999999,31049.0,167.22408026755855,0.0,3,3,0,0,3,3,1825,0,0,0,0,0
2020-09-09,US,Nebraska,Dixon,70,2,0,42.49188363,-96.86782408,31051.0,1242.015613910575,2.8571428571428568,68,69,2,0,67,69,5709,1,0,0,1,0
2020-09-09,US,Nebraska,Dodge,964,11,0,41.58071748,-96.65598179,31053.0,2636.4009298509504,1.1410788381742738,953,958,11,0,947,942,36791,6,0,0,6,16
2020-09-09,US,Nebraska,Douglas,14158,169,0,41.29518299,-96.15085305,31055.0,2478.090480582924,1.1936714225173046,13989,14042,161,0,13881,13939,566880,116,8,0,108,103
2020-09-09,US,Nebraska,Dundy,9,1,0,40.17638677,-101.6876522,31057.0,531.6007088009451,11.111111111111109,8,9,0,0,9,9,1770,0,1,0,-1,0
2020-09-09,US,Nebraska,Fillmore,40,1,0,40.52458567,-97.59646937,31059.0,732.3324789454413,2.5,39,38,1,0,37,34,5527,2,0,0,2,4
2020-09-09,US,Nebraska,Franklin,20,0,0,40.17636348,-98.95299073,31061.0,671.366230278617,0.0,20,20,0,0,20,20,3023,0,0,0,0,0
2020-09-09,US,Nebraska,Frontier,6,0,0,40.52993007,-100.3924658,31063.0,228.39741149600303,0.0,6,6,0,0,6,6,2608,0,0,0,0,0
2020-09-09,US,Nebraska,Furnas,29,1,0,40.17642064,-99.91247454,31065.0,620.1881950384943,3.4482758620689653,28,29,1,0,28,28,4715,0,0,0,0,1
2020-09-09,US,Nebraska,Gage,154,4,0,40.26186809,-96.68946704,31067.0,715.846232510575,2.5974025974025974,150,146,4,0,142,140,21493,8,0,0,8,6
2020-09-09,US,Nebraska,Garden,9,0,0,41.61703149,-102.3313973,31069.0,489.9292324442025,0.0,9,9,0,0,9,8,1897,0,0,0,0,1
2020-09-09,US,Nebraska,Garfield,6,0,0,41.91428955,-98.99111827,31071.0,304.7232097511427,0.0,6,6,0,0,6,6,1987,0,0,0,0,0
2020-09-09,US,Nebraska,Gosper,25,0,0,40.51481965,-99.83020279,31073.0,1256.2814070351758,0.0,25,25,0,0,25,24,1996,0,0,0,0,1
2020-09-09,US,Nebraska,Greeley,15,0,0,41.56742671,-98.52150266,31077.0,636.6723259762308,0.0,15,14,0,0,14,13,2356,1,0,0,1,1
2020-09-09,US,Nebraska,Hall,1899,47,0,40.87257079,-98.50218293,31079.0,3095.203168549215,2.4749868351764093,1852,1889,46,0,1843,1885,61607,10,1,0,9,4
2020-09-09,US,Nebraska,Hamilton,109,12,0,40.87349452,-98.02099117,31081.0,1169.0261690261689,11.009174311926603,97,108,12,0,96,107,9280,1,0,0,1,1
2020-09-09,US,Nebraska,Harlan,8,0,0,40.17658508,-99.40438879,31083.0,236.6863905325444,0.0,8,8,0,0,8,8,3401,0,0,0,0,0
2020-09-09,US,Nebraska,Hitchcock,2,0,0,40.17609175,-101.04164770000001,31087.0,72.41129616220131,0.0,2,2,0,0,2,2,2806,0,0,0,0,0
2020-09-09,US,Nebraska,Holt,31,0,0,42.45522056,-98.78402558,31089.0,307.93682328399717,0.0,31,29,0,0,29,27,10178,2,0,0,2,2
2020-09-09,US,Nebraska,Hooker,7,0,0,41.91586243,-101.1354293,31091.0,1026.392961876833,0.0,7,7,0,0,7,6,682,0,0,0,0,1
2020-09-09,US,Nebraska,Howard,70,5,0,41.2200529,-98.5166499,31093.0,1086.1132660977503,7.142857142857142,65,67,5,0,62,65,6468,3,0,0,3,2
2020-09-09,US,Nebraska,Jefferson,26,0,0,40.17584531,-97.142601,31095.0,369.0036900369004,0.0,26,26,0,0,26,23,7097,0,0,0,0,3
2020-09-09,US,Nebraska,Johnson,31,0,0,40.39257596,-96.26522753,31097.0,611.3192664168803,0.0,31,30,0,0,30,29,5134,1,0,0,1,1
2020-09-09,US,Nebraska,Kearney,120,0,0,40.50663314,-98.94877182,31099.0,1847.5750577367205,0.0,120,120,0,0,120,118,6544,0,0,0,0,2
2020-09-09,US,Nebraska,Keith,49,0,0,41.19930341,-101.66201640000001,31101.0,609.9078914612895,0.0,49,48,0,0,48,48,8021,1,0,0,1,0
2020-09-09,US,Nebraska,Keya Paha,1,0,0,42.87990694,-99.71343729,31103.0,124.06947890818859,0.0,1,1,0,0,1,1,810,0,0,0,0,0
2020-09-09,US,Nebraska,Kimball,15,0,0,41.19774275,-103.7148131,31105.0,412.9955947136564,0.0,15,15,0,0,15,15,3618,0,0,0,0,0
2020-09-09,US,Nebraska,Knox,85,0,0,42.63758421,-97.89178836,31107.0,1020.1632261161786,0.0,85,85,0,0,85,82,8419,0,0,0,0,3
2020-09-09,US,Nebraska,Lancaster,4699,22,0,40.78416049,-96.68777155,31109.0,1472.6252781346955,0.4681847201532241,4677,4582,21,0,4561,4417,317272,117,1,0,116,165
2020-09-09,US,Nebraska,Lincoln,337,2,0,41.04658298,-100.74753740000001,31111.0,965.2288480265796,0.5934718100890207,335,336,2,0,334,336,35185,1,0,0,1,0
2020-09-09,US,Nebraska,Logan,6,0,0,41.56650314,-100.4817851,31113.0,802.1390374331551,0.0,6,5,0,0,5,5,749,1,0,0,1,0
2020-09-09,US,Nebraska,Loup,2,0,0,41.91371961,-99.45440415,31115.0,301.20481927710836,0.0,2,2,0,0,2,2,618,0,0,0,0,0
2020-09-09,US,Nebraska,Madison,662,5,0,41.91676024,-97.6005481,31119.0,1886.0936209008805,0.7552870090634441,657,654,5,0,649,643,35392,8,0,0,8,11
2020-09-09,US,Nebraska,McPherson,6,0,0,41.56797682,-101.05993620000001,31117.0,1214.5748987854256,0.0,6,6,0,0,6,6,492,0,0,0,0,0
2020-09-09,US,Nebraska,Merrick,75,1,0,41.16624273,-98.0374887,31121.0,967.117988394584,1.3333333333333333,74,75,1,0,74,75,7733,0,0,0,0,0
2020-09-09,US,Nebraska,Morrill,69,0,0,41.71711774,-103.0061405,31123.0,1486.4282636794485,0.0,69,67,0,0,67,67,4686,2,0,0,2,0
2020-09-09,US,Nebraska,Nance,16,0,0,41.39750195,-97.99327291,31125.0,454.67462347257737,0.0,16,15,0,0,15,14,3532,1,0,0,1,1
2020-09-09,US,Nebraska,Nemaha,103,0,0,40.38514847,-95.85433992,31127.0,1477.3379231210556,0.0,103,100,0,0,100,97,6958,3,0,0,3,3
2020-09-09,US,Nebraska,Nuckolls,13,0,0,40.17637905,-98.04743961,31129.0,313.404050144648,0.0,13,12,0,0,12,11,4195,1,0,0,1,1
2020-09-09,US,Nebraska,Otoe,127,1,0,40.64843556,-96.13374142,31131.0,793.1551336497628,0.7874015748031497,126,126,1,0,125,126,15985,1,0,0,1,0
2020-09-09,US,Nebraska,Pawnee,12,0,0,40.13141096,-96.23705437,31133.0,459.24225028702637,0.0,12,12,0,0,12,12,2632,0,0,0,0,0
2020-09-09,US,Nebraska,Perkins,31,9,0,40.85082525,-101.6502942,31135.0,1072.2933241093046,29.032258064516128,22,31,9,0,22,31,2929,0,0,0,0,0
2020-09-09,US,Nebraska,Phelps,80,0,0,40.51156033,-99.41461667,31137.0,885.5435023245517,0.0,80,80,0,0,80,79,8996,0,0,0,0,1
2020-09-09,US,Nebraska,Pierce,77,4,0,42.26434853,-97.60122773,31139.0,1077.224398433128,5.194805194805196,73,72,4,0,68,70,7142,5,0,0,5,2
2020-09-09,US,Nebraska,Platte,930,3,0,41.57246836,-97.52144359,31141.0,2778.6077083955793,0.3225806451612903,927,921,3,0,918,901,33363,9,0,0,9,20
2020-09-09,US,Nebraska,Polk,36,1,0,41.18813488,-97.56630712,31143.0,690.5812392096683,2.7777777777777777,35,35,1,0,34,34,5278,1,0,0,1,1
2020-09-09,US,Nebraska,Red Willow,21,0,0,40.17556879999999,-100.476998,31145.0,195.822454308094,0.0,21,20,0,0,20,20,10726,1,0,0,1,0
2020-09-09,US,Nebraska,Richardson,42,1,0,40.1247415,-95.71755036,31147.0,534.0114431023522,2.380952380952381,41,38,1,0,37,38,7937,4,0,0,4,0
2020-09-09,US,Nebraska,Rock,19,0,0,42.42252217,-99.44832069,31149.0,1400.147383935151,0.0,19,19,0,0,19,19,1360,0,0,0,0,0
2020-09-09,US,Nebraska,Saline,653,2,0,40.52418865,-97.14085859,31151.0,4590.832395950506,0.30627871362940273,651,648,2,0,646,646,14350,5,0,0,5,2
2020-09-09,US,Nebraska,Sarpy,3024,15,0,41.11314181,-96.11156432,31153.0,1615.4191328874551,0.4960317460317461,3009,2986,15,0,2971,2958,184459,38,0,0,38,28
2020-09-09,US,Nebraska,Saunders,290,3,0,41.227810299999994,-96.63773905,31155.0,1343.9614422096581,1.0344827586206895,287,274,2,0,272,260,21303,16,1,0,15,14
2020-09-09,US,Nebraska,Scotts Bluff,384,6,0,41.85070896,-103.70809859999999,31157.0,1078.1065753270818,1.5625,378,378,6,0,372,374,35989,6,0,0,6,4
2020-09-09,US,Nebraska,Seward,179,3,0,40.87241834,-97.139673,31159.0,1035.6398981717198,1.675977653631285,176,177,2,0,175,173,17318,2,1,0,1,4
2020-09-09,US,Nebraska,Sheridan,35,0,0,42.50284406,-102.4126613,31161.0,667.1749904689287,0.0,35,34,0,0,34,31,5190,1,0,0,1,3
2020-09-09,US,Nebraska,Sherman,18,1,0,41.22045983,-98.97588642,31163.0,599.8000666444517,5.5555555555555545,17,18,1,0,17,18,3038,0,0,0,0,0
2020-09-09,US,Nebraska,Sioux,6,0,0,42.48932059,-103.7576544,31165.0,514.5797598627787,0.0,6,6,0,0,6,6,1187,0,0,0,0,0
2020-09-09,US,Nebraska,Stanton,35,0,0,41.9169835,-97.19394708,31167.0,591.2162162162163,0.0,35,34,0,0,34,34,5970,1,0,0,1,0
2020-09-09,US,Nebraska,Thayer,28,0,0,40.17626377,-97.59504381,31169.0,559.6642014791124,0.0,28,28,0,0,28,27,5039,0,0,0,0,1
2020-09-09,US,Nebraska,Thomas,5,0,0,41.91358968,-100.5556632,31171.0,692.5207756232687,0.0,5,5,0,0,5,5,720,0,0,0,0,0
2020-09-09,US,Nebraska,Thurston,239,4,0,42.15725356,-96.54157099,31173.0,3308.416389811738,1.6736401673640169,235,239,4,0,235,236,7303,0,0,0,0,3
2020-09-09,US,Nebraska,Unassigned,149,0,0,0.0,0.0,90031.0,0.0,0.0,149,143,1,0,142,143,,6,-1,0,7,0
2020-09-09,US,Nebraska,Valley,21,0,0,41.56730777,-98.98197724,31175.0,505.0505050505049,0.0,21,20,0,0,20,20,4190,1,0,0,1,0
2020-09-09,US,Nebraska,Washington,181,2,0,41.52815707,-96.22019892,31177.0,873.1728496309516,1.1049723756906078,179,180,1,0,179,180,20667,1,1,0,0,0
2020-09-09,US,Nebraska,Wayne,67,0,0,42.20934475,-97.11926964,31179.0,713.9051678209911,0.0,67,60,0,0,60,56,9403,7,0,0,7,4
2020-09-09,US,Nebraska,Webster,14,0,0,40.17642643,-98.50019851,31181.0,401.491253226269,0.0,14,14,0,0,14,14,3533,0,0,0,0,0
2020-09-09,US,Nebraska,Wheeler,2,0,0,41.91482725,-98.52798941,31183.0,255.4278416347382,0.0,2,2,0,0,2,1,805,0,0,0,0,1
2020-09-09,US,Nebraska,York,125,0,0,40.87272618,-97.59710186,31185.0,913.8094889977338,0.0,125,123,0,0,123,120,13772,2,0,0,2,3
2020-09-09,US,Nevada,Carson City,466,8,0,39.15509045,-119.7480219,32510.0,833.3929465627012,1.7167381974248928,458,460,8,0,452,460,55414,6,0,0,6,0
2020-09-09,US,Nevada,Churchill,113,1,0,39.58105744,-118.3394607,32001.0,453.65129069814117,0.8849557522123894,112,113,1,0,112,113,24440,0,0,0,0,0
2020-09-09,US,Nevada,Clark,61642,1223,0,36.21458855,-115.0130241,32003.0,2719.442011898276,1.9840368579864376,60419,61543,1206,0,60337,61476,2231647,99,17,0,82,67
2020-09-09,US,Nevada,Douglas,261,1,0,38.912862,-119.61713329999999,32005.0,533.6877619875269,0.3831417624521073,260,261,1,0,260,261,48467,0,0,0,0,0
2020-09-09,US,Nevada,Elko,864,6,0,41.14531606,-115.3577619,32007.0,1637.0457387547842,0.6944444444444444,858,862,5,0,857,863,52460,2,1,0,1,-1
2020-09-09,US,Nevada,Eureka,10,0,0,39.98100864,-116.26832040000001,32011.0,492.8536224741252,0.0,10,10,0,0,10,10,2003,0,0,0,0,0
2020-09-09,US,Nevada,Humboldt,116,4,0,41.40692186,-118.11094270000001,32013.0,689.2044441803813,3.4482758620689653,112,116,4,0,112,116,16786,0,0,0,0,0
2020-09-09,US,Nevada,Lander,66,1,0,39.933223299999995,-117.03970749999999,32015.0,1193.0585683297181,1.5151515151515151,65,65,1,0,64,65,5575,1,0,0,1,0
2020-09-09,US,Nevada,Lincoln,6,0,0,37.64268459,-114.8790388,32017.0,115.76307158016591,0.0,6,6,0,0,6,6,5201,0,0,0,0,0
2020-09-09,US,Nevada,Lyon,364,6,0,39.01777974,-119.18704790000001,32019.0,632.9334028864545,1.6483516483516485,358,361,6,0,355,361,55808,3,0,0,3,0
2020-09-09,US,Nevada,Mineral,12,0,0,38.53841696,-118.4344506,32021.0,266.37069922308547,0.0,12,12,0,0,12,12,4514,0,0,0,0,0
2020-09-09,US,Nevada,Nye,483,14,0,38.04264256,-116.47227020000001,32023.0,1038.1961610386259,2.898550724637681,469,482,14,0,468,482,45346,1,0,0,1,0
2020-09-09,US,Nevada,Pershing,21,0,0,40.44003782,-118.40056409999998,32027.0,312.2676579925651,0.0,21,21,0,0,21,20,6666,0,0,0,0,1
2020-09-09,US,Nevada,Storey,9,0,0,39.44875482,-119.5250207,32029.0,218.287654620422,0.0,9,9,0,0,9,9,4029,0,0,0,0,0
2020-09-09,US,Nevada,Washoe,7787,147,0,40.66562265,-119.6631594,32031.0,1651.4710966048028,1.8877616540387825,7640,7745,146,0,7599,7675,465735,42,1,0,41,70
2020-09-09,US,Nevada,White Pine,38,1,0,39.44157041,-114.89996599999999,32033.0,396.6597077244259,2.631578947368421,37,38,1,0,37,38,9475,0,0,0,0,0
2020-09-09,US,New Hampshire,Belknap,126,4,0,43.51637314,-71.41684235,33001.0,205.53643377974976,3.1746031746031744,122,126,4,0,122,126,61022,0,0,0,0,0
2020-09-09,US,New Hampshire,Carroll,111,1,0,43.87498583,-71.20430216,33003.0,226.9474545082805,0.9009009009009008,110,111,1,0,110,111,48779,0,0,0,0,0
2020-09-09,US,New Hampshire,Cheshire,140,3,0,42.92015988,-72.25311043,33005.0,184.00473155023982,2.142857142857143,137,140,3,0,137,138,76493,0,0,0,0,2
2020-09-09,US,New Hampshire,Coos,20,0,0,44.69063265,-71.30633239,33007.0,63.36533282641067,0.0,20,20,0,0,20,20,31589,0,0,0,0,0
2020-09-09,US,New Hampshire,Grafton,122,1,0,43.93779815,-71.82057197,33009.0,135.72747702645572,0.819672131147541,121,122,1,0,121,120,89786,0,0,0,0,2
2020-09-09,US,New Hampshire,Hillsborough,4121,287,0,42.91537785,-71.7200253,33011.0,988.1901564654396,6.964329046347974,3834,4121,287,0,3834,4121,415247,0,0,0,0,0
2020-09-09,US,New Hampshire,Merrimack,518,23,0,43.29662971,-71.6811573,33013.0,342.1603662040676,4.440154440154441,495,518,23,0,495,517,151132,0,0,0,0,1
2020-09-09,US,New Hampshire,Rockingham,1858,100,0,42.98499744,-71.12883377,33015.0,599.8017877838001,5.3821313240043045,1758,1858,100,0,1758,1847,309176,0,0,0,0,11
2020-09-09,US,New Hampshire,Strafford,427,13,0,43.291833000000004,-71.02336013,33017.0,326.8699333246576,3.0444964871194378,414,427,13,0,414,426,130090,0,0,0,0,1
2020-09-09,US,New Hampshire,Sullivan,48,1,0,43.36094111,-72.22203125,33019.0,111.25017382839658,2.083333333333333,47,48,1,0,47,48,43144,0,0,0,0,0
2020-09-09,US,New Hampshire,Unassigned,3,0,0,0.0,0.0,90033.0,0.0,0.0,3,3,0,0,3,2,,0,0,0,0,1
2020-09-09,US,New Jersey,Atlantic,3840,253,0,39.47538693,-74.65848483,34001.0,1456.3659119353738,6.588541666666668,3587,3827,253,0,3574,3820,265429,13,0,0,13,7
2020-09-09,US,New Jersey,Bergen,21872,2039,0,40.96010917,-74.07164325,34003.0,2346.272588988224,9.322421360643746,19833,21844,2038,0,19806,21816,936692,28,1,0,27,28
2020-09-09,US,New Jersey,Burlington,6623,485,0,39.87681124,-74.66927768,34005.0,1487.1482814601584,7.3229654235240815,6138,6606,483,0,6123,6581,445384,17,2,0,15,25
2020-09-09,US,New Jersey,Camden,9384,595,0,39.80343818,-74.96388753,34007.0,1852.8207932931994,6.340579710144928,8789,9355,594,0,8761,9336,507078,29,1,0,28,19
2020-09-09,US,New Jersey,Cape May,946,94,0,39.15008829,-74.80170244,34009.0,1027.8251610730233,9.936575052854122,852,944,94,0,850,939,92560,2,0,0,2,5
2020-09-09,US,New Jersey,Cumberland,3649,156,0,39.37199394,-75.10712559,34011.0,2440.361941321635,4.2751438750342565,3493,3638,156,0,3482,3630,150972,11,0,0,11,8
2020-09-09,US,New Jersey,Essex,20574,2121,0,40.78681335,-74.24657979,34013.0,2575.0492818924245,10.309128025663457,18453,20545,2121,0,18424,20528,799767,29,0,0,29,17
2020-09-09,US,New Jersey,Gloucester,3895,223,0,39.71581067,-75.13995546,34015.0,1335.5689969688244,5.725288831835687,3672,3853,223,0,3630,3830,291408,42,0,0,42,23
2020-09-09,US,New Jersey,Hudson,20305,1512,0,40.73766234,-74.07515667,34017.0,3019.8203128834266,7.446441763112534,18793,20293,1512,0,18781,20286,676061,12,0,0,12,7
2020-09-09,US,New Jersey,Hunterdon,1242,125,0,40.56335249,-74.91284156,34019.0,998.6250814096534,10.064412238325284,1117,1235,125,0,1110,1234,124714,7,0,0,7,1
2020-09-09,US,New Jersey,Mercer,8439,633,0,40.28047017,-74.70479631,34021.0,2296.764009471192,7.500888730892286,7806,8432,632,0,7800,8422,369811,7,1,0,6,10
2020-09-09,US,New Jersey,Middlesex,18649,1421,0,40.43629879,-74.41426991,34023.0,2260.3149823892013,7.619711512681644,17228,18625,1420,0,17205,18603,829685,24,1,0,23,22
2020-09-09,US,New Jersey,Monmouth,11002,860,0,40.26549699,-74.22240686,34025.0,1777.9717030680595,7.816760588983822,10142,10966,860,0,10106,10951,621354,36,0,0,36,15
2020-09-09,US,New Jersey,Morris,7596,831,0,40.86095313,-74.54553709999998,34027.0,1544.3889843344955,10.93996840442338,6765,7592,830,0,6762,7581,494228,4,1,0,3,11
2020-09-09,US,New Jersey,Ocean,11543,1032,0,39.8895449,-74.28089251,34029.0,1901.0649125638602,8.940483409858789,10511,11522,1030,0,10492,11495,601651,21,2,0,19,27
2020-09-09,US,New Jersey,Passaic,18560,1249,0,41.03238628,-74.29954144,34031.0,3698.493103187161,6.729525862068965,17311,18533,1248,0,17285,18520,503310,27,1,0,26,13
2020-09-09,US,New Jersey,Salem,1004,89,0,39.58719656,-75.34696629999998,34033.0,1609.3612246533621,8.864541832669323,915,999,89,0,910,994,62607,5,0,0,5,5
2020-09-09,US,New Jersey,Somerset,5489,567,0,40.56465737,-74.61683016,34035.0,1668.7238169359198,10.32975040991073,4922,5481,566,0,4915,5478,331164,8,1,0,7,3
2020-09-09,US,New Jersey,Sussex,1421,197,0,41.13891592,-74.69118243,34037.0,1008.6270713512898,13.863476425052779,1224,1421,197,0,1224,1416,140799,0,0,0,0,5
2020-09-09,US,New Jersey,Unassigned,303,0,0,0.0,0.0,90034.0,0.0,0.0,303,307,0,0,307,304,,-4,0,0,-4,3
2020-09-09,US,New Jersey,Union,17248,1355,0,40.65835409,-74.30680092,34039.0,3100.256856855777,7.8559833024118735,15893,17238,1354,0,15884,17218,558067,10,1,0,9,20
2020-09-09,US,New Jersey,Warren,1410,171,0,40.85951833,-74.99556527,34041.0,1339.4511100344835,12.127659574468085,1239,1411,171,0,1240,1408,105779,-1,0,0,-1,3
2020-09-09,US,New Mexico,Bernalillo,5985,162,0,35.05163625,-106.6703554,35001.0,881.2862509037418,2.7067669172932325,5823,5979,161,0,5818,5958,678701,6,1,0,5,21
2020-09-09,US,New Mexico,Catron,11,1,0,33.91514144,-108.4046587,35003.0,311.8797845194216,9.090909090909092,10,11,1,0,10,11,3578,0,0,0,0,0
2020-09-09,US,New Mexico,Chaves,836,7,0,33.36406072,-104.4665365,35005.0,1293.8172251025305,0.8373205741626795,829,820,7,0,813,816,64689,16,0,0,16,4
2020-09-09,US,New Mexico,Cibola,397,20,0,34.91131525,-107.998876,35006.0,1488.2849109653234,5.037783375314862,377,397,20,0,377,398,26746,0,0,0,0,-1
2020-09-09,US,New Mexico,Colfax,23,1,0,36.60569702,-104.64726740000002,35007.0,192.61368394606816,4.3478260869565215,22,23,1,0,22,24,12110,0,0,0,0,-1
2020-09-09,US,New Mexico,Curry,713,5,0,34.57421077,-103.34688759999999,35009.0,1456.4693385627324,0.7012622720897616,708,707,5,0,702,706,49437,6,0,0,6,1
2020-09-09,US,New Mexico,Dona Ana,2972,51,0,32.35275771,-106.83293870000001,35013.0,1362.0843740690664,1.7160161507402425,2921,2955,48,0,2907,2955,217522,17,3,0,14,0
2020-09-09,US,New Mexico,Eddy,588,5,0,32.47167456,-104.3053527,35015.0,1005.8159425248033,0.8503401360544217,583,584,5,0,579,580,57900,4,0,0,4,4
2020-09-09,US,New Mexico,Grant,90,2,0,32.73911281,-108.3827845,35017.0,333.358026520483,2.2222222222222223,88,89,2,0,87,88,27346,1,0,0,1,1
2020-09-09,US,New Mexico,Guadalupe,32,1,0,34.86319296,-104.790669,35019.0,744.1860465116278,3.125,31,32,1,0,31,32,4341,0,0,0,0,0
2020-09-09,US,New Mexico,Harding,2,0,0,35.85751555,-103.82209379999999,35021.0,320.0,0.0,2,2,0,0,2,2,655,0,0,0,0,0
2020-09-09,US,New Mexico,Hidalgo,98,2,0,31.91383467,-108.7151824,35023.0,2334.444973797047,2.0408163265306123,96,98,2,0,96,98,4240,0,0,0,0,0
2020-09-09,US,New Mexico,Lea,1212,17,0,32.79215361,-103.4123733,35025.0,1705.3609117771216,1.4026402640264026,1195,1205,16,0,1189,1204,69611,7,1,0,6,1
2020-09-09,US,New Mexico,Lincoln,175,2,0,33.74526079,-105.4586166,35027.0,894.134477825465,1.1428571428571428,173,175,2,0,173,175,19556,0,0,0,0,0
2020-09-09,US,New Mexico,Los Alamos,28,0,0,35.86631386,-106.31349850000001,35028.0,144.5608962775569,0.0,28,27,0,0,27,27,19101,1,0,0,1,0
2020-09-09,US,New Mexico,Luna,345,5,0,32.18179341,-107.75088259999998,35029.0,1455.1436163482224,1.4492753623188406,340,342,5,0,337,341,23963,3,0,0,3,1
2020-09-09,US,New Mexico,McKinley,4250,249,0,35.58007720000001,-108.262245,35031.0,5955.133324926086,5.858823529411764,4001,4244,249,0,3995,4244,72290,6,0,0,6,0
2020-09-09,US,New Mexico,Mora,6,0,0,36.01095101,-104.9497716,35033.0,132.71400132713998,0.0,6,6,0,0,6,6,4506,0,0,0,0,0
2020-09-09,US,New Mexico,Otero,229,12,0,32.61348406,-105.7417604,35035.0,339.3095273373833,5.240174672489083,217,228,12,0,216,228,66781,1,0,0,1,0
2020-09-09,US,New Mexico,Quay,65,2,0,35.10403332,-103.54817270000001,35037.0,787.5923906458258,3.0769230769230766,63,64,2,0,62,64,8253,1,0,0,1,0
2020-09-09,US,New Mexico,Rio Arriba,370,13,0,36.51072137,-106.69316740000001,35039.0,950.6436114180003,3.5135135135135136,357,370,13,0,357,369,39006,0,0,0,0,1
2020-09-09,US,New Mexico,Roosevelt,214,3,0,34.02097406,-103.4799493,35041.0,1156.7567567567567,1.4018691588785046,211,210,3,0,207,210,18743,4,0,0,4,0
2020-09-09,US,New Mexico,San Juan,3223,194,0,36.50838318,-108.32043700000001,35045.0,2600.074218686975,6.019236735960286,3029,3220,194,0,3026,3218,125043,3,0,0,3,2
2020-09-09,US,New Mexico,San Miguel,87,0,0,35.48014807,-104.8163562,35047.0,318.95003116178464,0.0,87,87,0,0,87,87,27591,0,0,0,0,0
2020-09-09,US,New Mexico,Sandoval,1266,38,0,35.68862401,-106.86878030000001,35043.0,862.7034099272223,3.001579778830964,1228,1262,37,0,1225,1262,145179,4,1,0,3,0
2020-09-09,US,New Mexico,Santa Fe,871,4,0,35.50708973,-105.9774716,35049.0,579.2841085941553,0.4592422502870264,867,868,4,0,864,866,150056,3,0,0,3,2
2020-09-09,US,New Mexico,Sierra,38,1,0,33.13028233,-107.1925893,35051.0,352.14530627374666,2.631578947368421,37,38,1,0,37,38,10968,0,0,0,0,0
2020-09-09,US,New Mexico,Socorro,78,6,0,34.00715494,-106.9298354,35053.0,468.83452545531037,7.6923076923076925,72,78,6,0,72,78,16735,0,0,0,0,0
2020-09-09,US,New Mexico,Taos,119,3,0,36.58006022,-105.63101979999999,35055.0,363.6585887601992,2.5210084033613445,116,118,3,0,115,118,32835,1,0,0,1,0
2020-09-09,US,New Mexico,Torrance,63,1,0,34.64048375,-105.8508949,35057.0,407.4768773041847,1.5873015873015872,62,63,1,0,62,63,15591,0,0,0,0,0
2020-09-09,US,New Mexico,Unassigned,1323,0,0,0.0,0.0,90035.0,0.0,0.0,1323,1321,0,0,1321,1321,,2,0,0,2,0
2020-09-09,US,New Mexico,Union,31,2,0,36.48126404,-103.4709624,35059.0,763.7349100763735,6.451612903225807,29,31,2,0,29,31,4118,0,0,0,0,0
2020-09-09,US,New Mexico,Valencia,528,4,0,34.71669834,-106.8103733,35061.0,688.5040684331317,0.7575757575757576,524,527,4,0,523,526,76456,1,0,0,1,1
2020-09-09,US,New York,Albany,2846,133,0,42.60060306,-73.97723916,36001.0,931.5692654154093,4.673225579761068,2713,2840,133,0,2707,2833,307117,6,0,0,6,7
2020-09-09,US,New York,Allegany,92,1,0,42.25748406,-78.02750466,36003.0,199.6051289839665,1.0869565217391304,91,92,1,0,91,92,46430,0,0,0,0,0
2020-09-09,US,New York,Bronx,52018,4928,0,40.85209301,-73.86282755,36005.0,3667.8707692177522,9.473643738705832,47090,51984,4927,0,47057,51944,1432132,34,1,0,33,40
2020-09-09,US,New York,Broome,1378,69,0,42.15903158,-75.81326086,36007.0,723.4051488807694,5.0072568940493465,1309,1374,69,0,1305,1365,191659,4,0,0,4,9
2020-09-09,US,New York,Cattaraugus,234,6,0,42.24778241,-78.67923096,36009.0,307.42146957972597,2.5641025641025643,228,233,6,0,227,230,76840,1,0,0,1,3
2020-09-09,US,New York,Cayuga,185,2,0,42.91261714,-76.55731592,36011.0,241.59005432511486,1.0810810810810811,183,184,2,0,182,183,77145,1,0,0,1,1
2020-09-09,US,New York,Chautauqua,478,9,0,42.22769210000001,-79.36691763,36013.0,376.66564226220027,1.8828451882845187,469,477,9,0,468,476,127939,1,0,0,1,1
2020-09-09,US,New York,Chemung,214,3,0,42.13891056,-76.7638805,36015.0,256.42254601226995,1.4018691588785046,211,211,3,0,208,210,84254,3,0,0,3,1
2020-09-09,US,New York,Chenango,240,7,0,42.49430041,-75.60887553,36017.0,508.3991780879954,2.9166666666666665,233,239,7,0,232,235,47536,1,0,0,1,4
2020-09-09,US,New York,Clinton,152,5,0,44.74530905,-73.67875352,36019.0,188.85506616139654,3.2894736842105265,147,152,5,0,147,152,80695,0,0,0,0,0
2020-09-09,US,New York,Columbia,576,37,0,42.24819348,-73.63089095,36021.0,968.7021745345688,6.423611111111112,539,576,37,0,539,576,59916,0,0,0,0,0
2020-09-09,US,New York,Cortland,103,0,0,42.59509207,-76.07048931,36023.0,216.4729618965553,0.0,103,103,0,0,103,103,47823,0,0,0,0,0
2020-09-09,US,New York,Delaware,125,4,0,42.19837623,-74.96709306,36025.0,283.2219327064688,3.2,121,125,4,0,121,124,44527,0,0,0,0,1
2020-09-09,US,New York,Dutchess,4956,153,0,41.76486060000001,-73.74356679,36027.0,1684.4652604531336,3.0871670702179177,4803,4944,153,0,4791,4939,293718,12,0,0,12,5
2020-09-09,US,New York,Erie,10394,681,0,42.76249024,-78.73063652,36029.0,1131.378836663031,6.551856840484895,9713,10346,681,0,9665,10320,919719,48,0,0,48,26
2020-09-09,US,New York,Essex,149,0,0,44.11630765,-73.77297842,36031.0,403.9582486105463,0.0,149,149,0,0,149,149,37300,0,0,0,0,0
2020-09-09,US,New York,Franklin,59,0,0,44.59040891,-74.29926032,36033.0,117.94810283475272,0.0,59,59,0,0,59,59,50293,0,0,0,0,0
2020-09-09,US,New York,Fulton,312,24,0,43.11363907,-74.41798804,36035.0,584.4557256055299,7.6923076923076925,288,312,24,0,288,312,53591,0,0,0,0,0
2020-09-09,US,New York,Genesee,304,5,0,43.0022601,-78.19135193,36037.0,530.7262569832402,1.6447368421052633,299,303,5,0,298,302,57511,1,0,0,1,1
2020-09-09,US,New York,Greene,316,18,0,42.275797,-74.12384884,36039.0,669.6617784182421,5.69620253164557,298,316,18,0,298,314,47491,0,0,0,0,2
2020-09-09,US,New York,Hamilton,14,0,0,43.66146647,-74.49721957,36041.0,317.0289855072464,0.0,14,14,0,0,14,14,4434,0,0,0,0,0
2020-09-09,US,New York,Herkimer,308,10,0,43.42034246,-74.96145307,36043.0,502.2912963355567,3.2467532467532467,298,308,4,0,304,308,61833,0,6,0,-6,0
2020-09-09,US,New York,Jefferson,156,0,0,44.04200959,-75.94653457,36045.0,142.03252180563396,0.0,156,156,0,0,156,156,111755,0,0,0,0,0
2020-09-09,US,New York,Kings,65819,7298,0,40.636182500000004,-73.94935552,36047.0,2571.1521100604205,11.087983712909644,58521,65757,7298,0,58459,65700,2582830,62,0,0,62,57
2020-09-09,US,New York,Lewis,50,0,0,43.784415700000004,-75.44903992,36049.0,190.14298752661998,0.0,50,49,0,0,49,49,26447,1,0,0,1,0
2020-09-09,US,New York,Livingston,190,8,0,42.72596275,-77.77966158,36051.0,301.99955494802435,4.2105263157894735,182,189,8,0,181,189,63227,1,0,0,1,0
2020-09-09,US,New York,Madison,475,17,0,42.91653905,-75.67266639,36053.0,669.5704881521264,3.5789473684210527,458,475,17,0,458,475,70795,0,0,0,0,0
2020-09-09,US,New York,Monroe,5615,289,0,43.14638895,-77.69322942,36055.0,756.9731857583888,5.146927871772039,5326,5602,289,0,5313,5585,742474,13,0,0,13,17
2020-09-09,US,New York,Montgomery,215,4,0,42.90123494,-74.44011632,36057.0,436.8054285772333,1.8604651162790695,211,215,4,0,211,215,49455,0,0,0,0,0
2020-09-09,US,New York,Nassau,45372,2199,0,40.74066522,-73.58941873,36059.0,3343.7392219461076,4.8466014281935985,43173,45294,2199,0,43095,45229,1358343,78,0,0,78,65
2020-09-09,US,New York,New York,32500,3176,0,40.76727260000001,-73.97152637,36061.0,1995.4491479739127,9.772307692307693,29324,32461,3175,0,29286,32442,,39,1,0,38,19
2020-09-09,US,New York,Niagara,1663,101,0,43.19898042,-78.74777412,36063.0,794.6254079443428,6.073361395069152,1562,1659,101,0,1558,1654,210433,4,0,0,4,5
2020-09-09,US,New York,Oneida,2316,120,0,43.24375382,-75.43710392,36065.0,1012.8087951686048,5.181347150259066,2196,2309,120,0,2189,2305,229577,7,0,0,7,4
2020-09-09,US,New York,Onondaga,4012,204,0,43.00491923,-76.19971155,36067.0,871.1739568495293,5.084745762711863,3808,4002,204,0,3798,3993,461809,10,0,0,10,9
2020-09-09,US,New York,Ontario,421,35,0,42.85145728,-77.30874425,36069.0,383.50474143035433,8.31353919239905,386,413,35,0,378,408,109864,8,0,0,8,5
2020-09-09,US,New York,Orange,11552,495,0,41.40337468,-74.30240757,36071.0,3000.9871668311944,4.284972299168976,11057,11535,495,0,11040,11525,381951,17,0,0,17,10
2020-09-09,US,New York,Orleans,317,54,0,43.2516977,-78.2320066,36073.0,785.5868358445678,17.034700315457414,263,317,54,0,263,315,40612,0,0,0,0,2
2020-09-09,US,New York,Oswego,331,3,0,43.42778894,-76.14635194,36075.0,282.6064683583212,0.9063444108761328,328,331,3,0,328,329,117898,0,0,0,0,2
2020-09-09,US,New York,Otsego,291,5,0,42.63492579,-75.03151402,36077.0,489.13317533155157,1.718213058419244,286,288,5,0,283,285,59749,3,0,0,3,3
2020-09-09,US,New York,Putnam,1541,63,0,41.42630093,-73.74965532,36079.0,1567.3311635475998,4.08825438027255,1478,1539,63,0,1476,1534,98892,2,0,0,2,5
2020-09-09,US,New York,Queens,70824,7233,0,40.71088124,-73.81684712,36081.0,3142.3452586631456,10.212639783124363,63591,70766,7235,0,63531,70675,2278906,58,-2,0,60,91
2020-09-09,US,New York,Rensselaer,866,40,0,42.71348136,-73.51089874,36083.0,545.6355456985522,4.618937644341801,826,865,40,0,825,860,159442,1,0,0,1,5
2020-09-09,US,New York,Richmond,15486,1085,0,40.58582155,-74.14808598,36085.0,3252.3842627109916,7.0063282965258935,14401,15466,1085,0,14381,15451,476179,20,0,0,20,15
2020-09-09,US,New York,Rockland,14459,674,0,41.15027894,-74.02560498,36087.0,4438.14861766358,4.661456532263641,13785,14439,674,0,13765,14418,325695,20,0,0,20,21
2020-09-09,US,New York,Saratoga,911,17,0,43.10904162,-73.86653895,36091.0,396.3230271944593,1.8660812294182216,894,900,17,0,883,893,230163,11,0,0,11,7
2020-09-09,US,New York,Schenectady,1324,45,0,42.81668777,-74.05278291,36093.0,852.5489539533417,3.3987915407854983,1279,1322,45,0,1277,1314,155350,2,0,0,2,8
2020-09-09,US,New York,Schoharie,73,0,0,42.58831742,-74.44339029999998,36095.0,235.49146746669246,0.0,73,73,0,0,73,73,31097,0,0,0,0,0
2020-09-09,US,New York,Schuyler,29,0,0,42.39184015,-76.8773299,36097.0,162.857303307688,0.0,29,29,0,0,29,28,17912,0,0,0,0,1
2020-09-09,US,New York,Seneca,102,3,0,42.78081007,-76.82497064,36099.0,299.85888993414864,2.9411764705882355,99,102,3,0,99,102,34300,0,0,0,0,0
2020-09-09,US,New York,St. Lawrence,301,4,0,44.4976179,-75.06550039,36089.0,279.3762762205309,1.32890365448505,297,297,4,0,293,297,108047,4,0,0,4,0
2020-09-09,US,New York,Steuben,325,42,0,42.2689144,-77.3829924,36101.0,340.74586649052725,12.923076923076925,283,323,42,0,281,320,95796,2,0,0,2,3
2020-09-09,US,New York,Suffolk,45411,2006,0,40.88320119,-72.8012172,36103.0,3075.3737807302036,4.417431899759969,43405,45356,2006,0,43350,45304,1481093,55,0,0,55,52
2020-09-09,US,New York,Sullivan,1544,48,0,41.71579493,-74.76394559,36105.0,2046.876657121646,3.1088082901554404,1496,1544,48,0,1496,1544,75498,0,0,0,0,0
2020-09-09,US,New York,Tioga,217,25,0,42.16852837,-76.30835812,36107.0,450.1794494118623,11.52073732718894,192,216,25,0,191,214,48560,1,0,0,1,2
2020-09-09,US,New York,Tompkins,346,0,0,42.44945765,-76.47229843,36109.0,338.61812487766684,0.0,346,344,0,0,344,339,102793,2,0,0,2,5
2020-09-09,US,New York,Ulster,2203,94,0,41.89027881,-74.26252104,36111.0,1240.6165351714506,4.266908760780754,2109,2203,94,0,2109,2203,178599,0,0,0,0,0
2020-09-09,US,New York,Unassigned,0,21,0,0.0,0.0,90036.0,0.0,0.0,-21,0,24,0,-24,0,,0,-3,0,3,0
2020-09-09,US,New York,Warren,331,33,0,43.56173026,-73.8433699,36113.0,517.6404353809584,9.969788519637461,298,331,33,0,298,326,64265,0,0,0,0,5
2020-09-09,US,New York,Washington,272,14,0,43.31153794,-73.43043448,36115.0,444.4153976864257,5.147058823529412,258,271,14,0,257,270,61197,1,0,0,1,1
2020-09-09,US,New York,Wayne,297,5,0,43.15494365,-77.02976528,36117.0,330.3009408572255,1.6835016835016836,292,296,5,0,291,296,90064,1,0,0,1,0
2020-09-09,US,New York,Westchester,37355,1452,0,41.16278376,-73.75741653,36119.0,3860.9579682193184,3.8870298487484938,35903,37314,1452,0,35862,37277,967612,41,0,0,41,37
2020-09-09,US,New York,Wyoming,127,5,0,42.70145109,-78.22199579,36121.0,318.6231465917358,3.9370078740157477,122,127,5,0,122,127,40085,0,0,0,0,0
2020-09-09,US,New York,Yates,62,7,0,42.63505484,-77.10369919,36123.0,248.8660538674588,11.290322580645164,55,62,7,0,55,62,24841,0,0,0,0,0
2020-09-09,US,North Carolina,Alamance,3431,47,0,36.0434701,-79.39976137,37001.0,2024.081317216195,1.3698630136986298,3384,3428,47,0,3381,3417,166436,3,0,0,3,11
2020-09-09,US,North Carolina,Alexander,457,3,0,35.922379600000006,-81.17751948,37003.0,1218.7641678000907,0.6564551422319475,454,446,3,0,443,442,37353,11,0,0,11,4
2020-09-09,US,North Carolina,Alleghany,211,0,0,36.49360862,-81.12857041,37005.0,1894.585615515848,0.0,211,210,0,0,210,210,11161,1,0,0,1,0
2020-09-09,US,North Carolina,Anson,487,3,0,34.97403241,-80.09953279,37007.0,1992.1459543483602,0.6160164271047228,484,483,3,0,480,483,24877,4,0,0,4,0
2020-09-09,US,North Carolina,Ashe,231,1,0,36.43296207,-81.49862729,37009.0,849.1710473109582,0.4329004329004329,230,229,1,0,228,227,27109,2,0,0,2,2
2020-09-09,US,North Carolina,Avery,226,0,0,36.07569796,-81.92308483,37011.0,1287.2358603406046,0.0,226,224,0,0,224,224,17505,2,0,0,2,0
2020-09-09,US,North Carolina,Beaufort,689,10,0,35.48531943,-76.84325809,37013.0,1466.1446142060688,1.4513788098693758,679,685,10,0,675,680,47079,4,0,0,4,5
2020-09-09,US,North Carolina,Bertie,498,7,0,36.0688473,-76.96545943,37015.0,2628.384440808571,1.4056224899598393,491,495,6,0,489,492,19026,3,1,0,2,3
2020-09-09,US,North Carolina,Bladen,770,10,0,34.61296243,-78.56180059,37017.0,2353.156897500153,1.2987012987012987,760,771,10,0,761,763,33190,-1,0,0,-1,8
2020-09-09,US,North Carolina,Brunswick,1445,26,0,34.070565,-78.22814204,37019.0,1011.7630583951828,1.799307958477509,1419,1438,25,0,1413,1434,136744,7,1,0,6,4
2020-09-09,US,North Carolina,Buncombe,2667,72,0,35.61113393,-82.53305,37021.0,1021.091844665398,2.6996625421822267,2595,2641,72,0,2569,2643,259103,26,0,0,26,-2
2020-09-09,US,North Carolina,Burke,1931,32,0,35.74989637,-81.70755735,37023.0,2134.0553682930868,1.657172449508027,1899,1928,31,0,1897,1926,90382,3,1,0,2,2
2020-09-09,US,North Carolina,Cabarrus,3467,56,0,35.3877799,-80.55267168,37025.0,1601.733401708454,1.6152293048745312,3411,3445,56,0,3389,3430,211342,22,0,0,22,15
2020-09-09,US,North Carolina,Caldwell,1487,17,0,35.95204977,-81.54799522,37027.0,1809.486723940714,1.143241425689307,1470,1485,17,0,1468,1483,82029,2,0,0,2,2
2020-09-09,US,North Carolina,Camden,101,3,0,36.33804939,-76.15568396,37029.0,929.4193429649396,2.9702970297029703,98,102,3,0,99,102,10710,-1,0,0,-1,0
2020-09-09,US,North Carolina,Carteret,559,5,0,34.8932941,-76.54120135,37031.0,804.6291364990718,0.8944543828264758,554,555,5,0,550,554,69524,4,0,0,4,1
2020-09-09,US,North Carolina,Caswell,259,3,0,36.39312665,-79.33353281,37033.0,1145.8149000176961,1.1583011583011582,256,259,3,0,256,258,22698,0,0,0,0,1
2020-09-09,US,North Carolina,Catawba,2750,47,0,35.66211129,-81.2132617,37035.0,1723.5868155009994,1.709090909090909,2703,2734,47,0,2687,2729,158652,16,0,0,16,5
2020-09-09,US,North Carolina,Chatham,1549,56,0,35.70394416,-79.25541492,37037.0,2080.0322277427153,3.615235635894125,1493,1545,56,0,1489,1541,73139,4,0,0,4,4
2020-09-09,US,North Carolina,Cherokee,496,6,0,35.1349263,-84.05970864,37039.0,1733.5383755067803,1.2096774193548387,490,496,6,0,490,495,28383,0,0,0,0,1
2020-09-09,US,North Carolina,Chowan,257,3,0,36.12908077,-76.60118385,37041.0,1843.2188194793089,1.1673151750972763,254,254,2,0,252,252,14029,3,1,0,2,2
2020-09-09,US,North Carolina,Clay,99,1,0,35.05704275,-83.74353633,37043.0,881.488736532811,1.0101010101010102,98,96,1,0,95,96,11139,3,0,0,3,0
2020-09-09,US,North Carolina,Cleveland,1743,50,0,35.33553364,-81.55204486,37045.0,1779.5338295200463,2.868617326448652,1693,1717,50,0,1667,1704,97645,26,0,0,26,13
2020-09-09,US,North Carolina,Columbus,1207,52,0,34.26744084,-78.65801424,37047.0,2174.461338906104,4.308202154101076,1155,1191,52,0,1139,1186,55655,16,0,0,16,5
2020-09-09,US,North Carolina,Craven,1081,27,0,35.11833364,-77.08398081,37049.0,1058.3616444257336,2.4976873265494905,1054,1078,27,0,1051,1070,102912,3,0,0,3,8
2020-09-09,US,North Carolina,Cumberland,4532,71,0,35.04762133,-78.82623165,37051.0,1350.7834365099,1.5666372462488969,4461,4509,70,0,4439,4478,332330,23,1,0,22,31
2020-09-09,US,North Carolina,Currituck,123,0,0,36.36123664,-75.95876401,37053.0,443.03569498973457,0.0,123,122,0,0,122,122,27072,1,0,0,1,0
2020-09-09,US,North Carolina,Dare,255,2,0,35.66520691,-75.71767334,37055.0,689.0215893431327,0.7843137254901961,253,254,2,0,252,254,36501,1,0,0,1,0
2020-09-09,US,North Carolina,Davidson,2341,32,0,35.79115496,-80.21256572,37057.0,1396.7030410061511,1.3669372063220846,2309,2327,32,0,2295,2312,166614,14,0,0,14,15
2020-09-09,US,North Carolina,Davie,501,6,0,35.93099927,-80.54496571,37059.0,1169.3040190449515,1.1976047904191616,495,501,6,0,495,500,42733,0,0,0,0,1
2020-09-09,US,North Carolina,Duplin,2099,52,0,34.93449805,-77.93140529,37061.0,3573.3133586421754,2.4773701762744165,2047,2099,52,0,2047,2098,58856,0,0,0,0,1
2020-09-09,US,North Carolina,Durham,7151,86,0,36.03638492,-78.87608331,37063.0,2224.344299009605,1.2026290029366522,7065,7144,85,0,7059,7129,316739,7,1,0,6,15
2020-09-09,US,North Carolina,Edgecombe,1097,23,0,35.91230639,-77.59436892,37065.0,2131.2558284115635,2.096627164995442,1074,1081,22,0,1059,1073,52005,16,1,0,15,8
2020-09-09,US,North Carolina,Forsyth,6481,84,0,36.12859861,-80.25459052,37067.0,1695.2876705162244,1.2960962814380497,6397,6457,82,0,6375,6432,379099,24,2,0,22,25
2020-09-09,US,North Carolina,Franklin,1123,30,0,36.081519,-78.28708884,37069.0,1611.5376336370816,2.6714158504007117,1093,1120,30,0,1090,1116,67560,3,0,0,3,4
2020-09-09,US,North Carolina,Gaston,4388,67,0,35.29373559,-81.17477045,37071.0,1954.3132512949328,1.5268915223336372,4321,4348,67,0,4281,4325,222846,40,0,0,40,23
2020-09-09,US,North Carolina,Gates,101,3,0,36.44667547,-76.69749701,37073.0,873.5512887043764,2.9702970297029703,98,101,3,0,98,101,11573,0,0,0,0,0
2020-09-09,US,North Carolina,Graham,84,0,0,35.3506925,-83.83369267,37075.0,995.142755597678,0.0,84,82,0,0,82,81,8484,2,0,0,2,1
2020-09-09,US,North Carolina,Granville,1605,47,0,36.30337451,-78.65184241,37077.0,2655.3943384676472,2.9283489096573208,1558,1603,47,0,1556,1601,60115,2,0,0,2,2
2020-09-09,US,North Carolina,Greene,458,5,0,35.48544173,-77.67578087,37079.0,2173.8098628316484,1.091703056768559,453,458,5,0,453,458,21012,0,0,0,0,0
2020-09-09,US,North Carolina,Guilford,7409,174,0,36.07959451,-79.78824948,37081.0,1379.2551389307748,2.3484950735591847,7235,7367,171,0,7196,7322,533670,42,3,0,39,45
2020-09-09,US,North Carolina,Halifax,916,17,0,36.25669272,-77.6556109,37083.0,1831.633673265347,1.8558951965065504,899,910,13,0,897,902,50574,6,4,0,2,8
2020-09-09,US,North Carolina,Harnett,1792,46,0,35.36731853,-78.87243571,37085.0,1317.8796258163204,2.5669642857142856,1746,1784,46,0,1738,1774,134214,8,0,0,8,10
2020-09-09,US,North Carolina,Haywood,534,31,0,35.55269063,-82.98196486,37087.0,856.9090296387824,5.805243445692883,503,530,31,0,499,529,61971,4,0,0,4,1
2020-09-09,US,North Carolina,Henderson,1770,60,0,35.33788927,-82.4766782,37089.0,1507.4478142006697,3.3898305084745757,1710,1754,60,0,1694,1754,116748,16,0,0,16,0
2020-09-09,US,North Carolina,Hertford,612,23,0,36.3607755,-76.98104134,37091.0,2584.7869240190907,3.7581699346405233,589,597,18,0,579,595,23659,15,5,0,10,2
2020-09-09,US,North Carolina,Hoke,926,13,0,35.01888303,-79.23651674,37093.0,1676.5036028533152,1.4038876889848813,913,920,13,0,907,915,54764,6,0,0,6,5
2020-09-09,US,North Carolina,Hyde,113,3,0,35.42017674,-76.15180542,37095.0,2288.839376139356,2.6548672566371683,110,111,3,0,108,110,5230,2,0,0,2,1
2020-09-09,US,North Carolina,Iredell,2510,24,0,35.80950511,-80.8743128,37097.0,1380.5924996974798,0.9561752988047808,2486,2499,24,0,2475,2494,178435,11,0,0,11,5
2020-09-09,US,North Carolina,Jackson,514,7,0,35.28814273,-83.14093385,37099.0,1169.830215303382,1.3618677042801557,507,511,7,0,504,510,43327,3,0,0,3,1
2020-09-09,US,North Carolina,Johnston,4041,52,0,35.51745004,-78.36622717,37101.0,1930.361757723119,1.2868101954961644,3989,4030,52,0,3978,4016,202675,11,0,0,11,14
2020-09-09,US,North Carolina,Jones,142,7,0,35.02254606,-77.35870791,37103.0,1465.1236861662594,4.929577464788731,135,142,7,0,135,142,9637,0,0,0,0,0
2020-09-09,US,North Carolina,Lee,1493,13,0,35.47623147,-79.17569362,37105.0,2416.678806714256,0.87073007367716,1480,1492,13,0,1479,1491,61452,1,0,0,1,1
2020-09-09,US,North Carolina,Lenoir,863,21,0,35.24032589999999,-77.64245615,37107.0,1542.4761836672683,2.433371958285052,842,857,19,0,838,857,55976,6,2,0,4,0
2020-09-09,US,North Carolina,Lincoln,1261,13,0,35.48508185,-81.21740317,37109.0,1464.388986308369,1.0309278350515465,1248,1235,13,0,1222,1225,83770,26,0,0,26,10
2020-09-09,US,North Carolina,Macon,553,2,0,35.14867843,-83.41696617,37113.0,1542.1942104969605,0.3616636528028933,551,551,2,0,549,551,35285,2,0,0,2,0
2020-09-09,US,North Carolina,Madison,77,1,0,35.85402722,-82.71346418,37115.0,353.9416226154907,1.2987012987012987,76,74,1,0,73,74,21763,3,0,0,3,0
2020-09-09,US,North Carolina,Martin,380,7,0,35.84326734,-77.10860251,37117.0,1693.4046345811053,1.8421052631578947,373,379,7,0,372,375,22671,1,0,0,1,4
2020-09-09,US,North Carolina,McDowell,840,24,0,35.67736232,-82.0482425,37111.0,1835.8248098610013,2.8571428571428568,816,831,24,0,807,832,45507,9,0,0,9,-1
2020-09-09,US,North Carolina,Mecklenburg,26479,322,0,35.24469268,-80.8317671,37119.0,2384.7306629585464,1.2160580082329393,26157,26363,318,0,26045,26301,1093901,116,4,0,112,62
2020-09-09,US,North Carolina,Mitchell,94,3,0,36.01059309,-82.1582442,37121.0,628.174284950548,3.191489361702128,91,94,3,0,91,94,15000,0,0,0,0,0
2020-09-09,US,North Carolina,Montgomery,961,19,0,35.33155144,-79.90416657,37123.0,3536.5988297206786,1.977107180020812,942,950,18,0,932,943,27271,11,1,0,10,7
2020-09-09,US,North Carolina,Moore,1407,22,0,35.30885257,-79.48474178,37125.0,1394.7264076130054,1.5636105188343994,1385,1410,22,0,1388,1400,98682,-3,0,0,-3,10
2020-09-09,US,North Carolina,Nash,1862,28,0,35.96575634,-77.98422508,37127.0,1974.591189632866,1.5037593984962403,1834,1858,27,0,1831,1835,94016,4,1,0,3,23
2020-09-09,US,North Carolina,New Hanover,3488,24,0,34.25758282,-77.87075626,37129.0,1487.5913218153048,0.6880733944954128,3464,3461,24,0,3437,3413,232274,27,0,0,27,48
2020-09-09,US,North Carolina,Northampton,357,17,0,36.41736238,-77.39769443,37131.0,1832.3666786429199,4.761904761904762,340,357,17,0,340,353,19676,0,0,0,0,4
2020-09-09,US,North Carolina,Onslow,1654,17,0,34.72607366,-77.42908179,37133.0,835.6151926360782,1.0278113663845223,1637,1642,17,0,1625,1627,197683,12,0,0,12,15
2020-09-09,US,North Carolina,Orange,2443,51,0,36.06092947,-79.12167935,37135.0,1645.383765726447,2.0875972165370444,2392,2436,51,0,2385,2429,146027,7,0,0,7,7
2020-09-09,US,North Carolina,Pamlico,210,2,0,35.15253315,-76.66559823,37137.0,1650.1650165016501,0.9523809523809524,208,211,2,0,209,210,12670,-1,0,0,-1,1
2020-09-09,US,North Carolina,Pasquotank,606,26,0,36.26723798,-76.25134778,37139.0,1521.695460024106,4.29042904290429,580,602,26,0,576,602,39639,4,0,0,4,0
2020-09-09,US,North Carolina,Pender,801,5,0,34.52265624,-77.90352133,37141.0,1270.218839200761,0.6242197253433208,796,802,5,0,797,809,62162,-1,0,0,-1,-7
2020-09-09,US,North Carolina,Perquimans,152,2,0,36.17847453,-76.40603143,37143.0,1129.0202777984105,1.3157894736842106,150,151,2,0,149,151,13422,1,0,0,1,0
2020-09-09,US,North Carolina,Person,360,6,0,36.38989032,-78.97217358,37145.0,911.6231957457584,1.6666666666666667,354,358,6,0,352,357,39507,2,0,0,2,1
2020-09-09,US,North Carolina,Pitt,4103,24,0,35.59535426,-77.37353178,37147.0,2270.086642838964,0.5849378503534001,4079,4077,19,0,4058,4044,179914,26,5,0,21,33
2020-09-09,US,North Carolina,Polk,248,7,0,35.27820615,-82.16812354,37149.0,1196.6801775718973,2.8225806451612905,241,243,7,0,236,243,20611,5,0,0,5,0
2020-09-09,US,North Carolina,Randolph,2523,46,0,35.71015088,-79.80570339,37151.0,1756.1444172983358,1.823226317875545,2477,2510,45,0,2465,2499,143351,13,1,0,12,11
2020-09-09,US,North Carolina,Richmond,749,11,0,35.00417719,-79.74491009,37153.0,1670.7934595908898,1.4686248331108145,738,741,11,0,730,736,44887,8,0,0,8,5
2020-09-09,US,North Carolina,Robeson,3887,63,0,34.64244496,-79.10250529999998,37155.0,2975.693779904306,1.6207872395163363,3824,3862,63,0,3799,3839,131831,25,0,0,25,23
2020-09-09,US,North Carolina,Rockingham,1002,10,0,36.39593137,-79.77504841,37157.0,1100.9779145148882,0.998003992015968,992,996,8,0,988,991,90690,6,2,0,4,5
2020-09-09,US,North Carolina,Rowan,2982,79,0,35.64003916,-80.52446628,37159.0,2098.699397556444,2.649228705566734,2903,2962,78,0,2884,2945,141262,20,1,0,19,17
2020-09-09,US,North Carolina,Rutherford,1026,20,0,35.40114178,-81.92112099,37161.0,1530.680750123081,1.9493177387914231,1006,1020,20,0,1000,1018,66826,6,0,0,6,2
2020-09-09,US,North Carolina,Sampson,1681,22,0,34.98820368,-78.36914061,37163.0,2645.952369709276,1.3087447947650208,1659,1679,21,0,1658,1675,63626,2,1,0,1,4
2020-09-09,US,North Carolina,Scotland,751,10,0,34.8386299,-79.4757978,37165.0,2156.6206243000315,1.3315579227696406,741,747,8,0,739,746,34810,4,2,0,2,1
2020-09-09,US,North Carolina,Stanly,1637,52,0,35.31647813,-80.25093221,37167.0,2606.438875266694,3.1765424557116675,1585,1628,52,0,1576,1623,62075,9,0,0,9,5
2020-09-09,US,North Carolina,Stokes,369,3,0,36.4017975,-80.23893369,37169.0,809.3702704481148,0.8130081300813008,366,363,3,0,360,361,45467,6,0,0,6,2
2020-09-09,US,North Carolina,Surry,1217,19,0,36.41689489,-80.69102283,37171.0,1695.3874872880765,1.561216105176664,1198,1215,19,0,1196,1214,71948,2,0,0,2,1
2020-09-09,US,North Carolina,Swain,136,3,0,35.48665845,-83.48748932,37173.0,952.9815710181488,2.2058823529411766,133,135,3,0,132,135,14245,1,0,0,1,0
2020-09-09,US,North Carolina,Transylvania,282,7,0,35.20383864,-82.79638423,37175.0,820.1250545295914,2.482269503546099,275,277,5,0,272,277,34215,5,2,0,3,0
2020-09-09,US,North Carolina,Tyrrell,108,2,0,35.87147226,-76.17055253,37177.0,2689.2430278884462,1.851851851851852,106,108,2,0,106,108,4131,0,0,0,0,0
2020-09-09,US,North Carolina,Union,4234,52,0,34.98960527,-80.52955873,37179.0,1765.2037238544312,1.2281530467642892,4182,4193,52,0,4141,4180,235908,41,0,0,41,13
2020-09-09,US,North Carolina,Vance,957,42,0,36.36880673,-78.40670845,37181.0,2148.8716739642973,4.38871473354232,915,952,42,0,910,952,44582,5,0,0,5,0
2020-09-09,US,North Carolina,Wake,15919,212,0,35.78879266,-78.65249174,37183.0,1431.8724977760507,1.3317419435894216,15707,15887,210,0,15677,15819,1092305,32,2,0,30,68
2020-09-09,US,North Carolina,Warren,298,7,0,36.39728256,-78.10652228,37185.0,1510.3137195276468,2.348993288590604,291,298,7,0,291,297,19807,0,0,0,0,1
2020-09-09,US,North Carolina,Washington,190,6,0,35.83810081,-76.57299037,37187.0,1640.7599309153713,3.1578947368421053,184,190,6,0,184,188,11859,0,0,0,0,2
2020-09-09,US,North Carolina,Watauga,505,0,0,36.23103603,-81.70033724,37189.0,898.944407853748,0.0,505,498,0,0,498,491,55945,7,0,0,7,7
2020-09-09,US,North Carolina,Wayne,2946,60,0,35.36438125,-78.00027268,37191.0,2392.5737629029245,2.0366598778004072,2886,2931,57,0,2874,2926,123248,15,3,0,12,5
2020-09-09,US,North Carolina,Wilkes,1085,27,0,36.2084135,-81.16232895,37193.0,1585.979067999766,2.488479262672811,1058,1083,26,0,1057,1081,68557,2,1,0,1,2
2020-09-09,US,North Carolina,Wilson,1870,40,0,35.70625477,-77.917978,37195.0,2286.035623036393,2.1390374331550803,1830,1862,40,0,1822,1852,81455,8,0,0,8,10
2020-09-09,US,North Carolina,Yadkin,666,7,0,36.16222629,-80.66239436,37197.0,1768.1259457880906,1.0510510510510511,659,661,7,0,654,659,37543,5,0,0,5,2
2020-09-09,US,North Carolina,Yancey,108,0,0,35.90079156,-82.31237181,37199.0,597.7087829985057,0.0,108,107,0,0,107,107,17903,1,0,0,1,0
2020-09-09,US,North Dakota,Adams,8,0,0,46.09686891,-102.5285397,38001.0,361.01083032490976,0.0,8,9,0,0,9,9,2294,-1,0,0,-1,0
2020-09-09,US,North Dakota,Barnes,157,0,0,46.93579637,-98.06605978,38003.0,1507.4411905904944,0.0,157,157,0,0,157,153,10542,0,0,0,0,4
2020-09-09,US,North Dakota,Benson,250,4,0,48.0683985,-99.35916363,38005.0,3659.250585480094,1.6,246,249,4,0,245,249,6962,1,0,0,1,0
2020-09-09,US,North Dakota,Billings,6,0,0,47.02366884,-103.3762965,38007.0,646.5517241379309,0.0,6,7,0,0,7,7,919,-1,0,0,-1,0
2020-09-09,US,North Dakota,Bottineau,34,0,0,48.79106111,-100.8378166,38009.0,541.2289079910856,0.0,34,34,0,0,34,34,6411,0,0,0,0,0
2020-09-09,US,North Dakota,Bowman,20,0,0,46.11285362,-103.5203343,38011.0,661.3756613756614,0.0,20,21,0,0,21,21,3076,-1,0,0,-1,0
2020-09-09,US,North Dakota,Burke,25,1,0,48.79094471,-102.51821170000001,38013.0,1182.033096926714,4.0,24,25,1,0,24,25,2100,0,0,0,0,0
2020-09-09,US,North Dakota,Burleigh,2399,20,0,46.97847375,-100.46452140000001,38015.0,2508.7319348294395,0.8336807002917882,2379,2348,20,0,2328,2326,95273,51,0,0,51,22
2020-09-09,US,North Dakota,Cass,3957,76,0,46.93201724,-97.24447190000001,38017.0,2175.0960571230685,1.92064695476371,3881,3894,76,0,3818,3881,181516,63,0,0,63,13
2020-09-09,US,North Dakota,Cavalier,36,0,0,48.77286211,-98.46685243,38019.0,956.9377990430625,0.0,36,36,0,0,36,36,3829,0,0,0,0,0
2020-09-09,US,North Dakota,Dickey,31,0,0,46.11017712,-98.50490079999999,38021.0,636.2889983579639,0.0,31,31,0,0,31,31,4903,0,0,0,0,0
2020-09-09,US,North Dakota,Divide,6,0,0,48.814938700000006,-103.48736109999999,38023.0,265.01766784452303,0.0,6,6,0,0,6,6,2283,0,0,0,0,0
2020-09-09,US,North Dakota,Dunn,51,0,0,47.35423935,-102.61604679999999,38025.0,1152.8028933092226,0.0,51,52,0,0,52,52,4332,-1,0,0,-1,0
2020-09-09,US,North Dakota,Eddy,51,0,0,47.71701474,-98.90432337,38027.0,2229.9956274595543,0.0,51,50,0,0,50,50,2313,1,0,0,1,0
2020-09-09,US,North Dakota,Emmons,35,1,0,46.28398398,-100.2389766,38029.0,1079.913606911447,2.8571428571428568,34,34,1,0,33,33,3295,1,0,0,1,1
2020-09-09,US,North Dakota,Foster,42,0,0,47.457108399999996,-98.88279923,38031.0,1308.411214953271,0.0,42,43,0,0,43,43,3216,-1,0,0,-1,0
2020-09-09,US,North Dakota,Golden Valley,39,0,0,46.94022281,-103.8465421,38033.0,2214.650766609881,0.0,39,39,0,0,39,39,1769,0,0,0,0,0
2020-09-09,US,North Dakota,Grand Forks,1810,12,0,47.92093639,-97.45450447,38035.0,2606.1539790643765,0.6629834254143646,1798,1796,12,0,1784,1795,70770,14,0,0,14,1
2020-09-09,US,North Dakota,Grant,9,0,0,46.35821257,-101.63900129999999,38037.0,395.77836411609496,0.0,9,9,0,0,9,9,2374,0,0,0,0,0
2020-09-09,US,North Dakota,Griggs,40,1,0,47.45785838,-98.23850925,38039.0,1792.9179740026889,2.5,39,39,1,0,38,39,2232,1,0,0,1,0
2020-09-09,US,North Dakota,Hettinger,35,0,0,46.43375068,-102.4632417,38041.0,1400.5602240896355,0.0,35,34,0,0,34,33,2514,1,0,0,1,1
2020-09-09,US,North Dakota,Kidder,38,0,0,46.97830064,-99.77507857,38043.0,1532.2580645161293,0.0,38,38,0,0,38,37,2450,0,0,0,0,1
2020-09-09,US,North Dakota,LaMoure,28,0,0,46.45681054,-98.53542355,38045.0,692.0415224913495,0.0,28,28,0,0,28,28,4062,0,0,0,0,0
2020-09-09,US,North Dakota,Logan,13,0,0,46.45729487,-99.47719806,38047.0,702.7027027027028,0.0,13,12,0,0,12,13,1903,1,0,0,1,-1
2020-09-09,US,North Dakota,McHenry,51,1,0,48.23104458,-100.6324822,38049.0,887.7284595300263,1.96078431372549,50,51,1,0,50,49,5816,0,0,0,0,2
2020-09-09,US,North Dakota,McIntosh,45,3,0,46.11182017,-99.44145858,38051.0,1802.162595114137,6.666666666666668,42,45,3,0,42,45,2585,0,0,0,0,0
2020-09-09,US,North Dakota,McKenzie,139,2,0,47.74133370000001,-103.395905,38053.0,925.1863684771033,1.4388489208633093,137,137,2,0,135,137,13632,2,0,0,2,0
2020-09-09,US,North Dakota,McLean,184,2,0,47.60766714,-101.3182418,38055.0,1947.0899470899471,1.0869565217391304,182,184,2,0,182,183,9541,0,0,0,0,1
2020-09-09,US,North Dakota,Mercer,50,0,0,47.31213126,-101.8318399,38057.0,610.7243190423843,0.0,50,51,0,0,51,49,8267,-1,0,0,-1,2
2020-09-09,US,North Dakota,Morton,775,7,0,46.71681782,-101.2822377,38059.0,2470.9858436423924,0.9032258064516128,768,769,7,0,762,761,31095,6,0,0,6,8
2020-09-09,US,North Dakota,Mountrail,180,1,0,48.20197971,-102.3555315,38061.0,1706.9701280227594,0.5555555555555556,179,182,1,0,181,181,10218,-2,0,0,-2,1
2020-09-09,US,North Dakota,Nelson,34,0,0,47.9226426,-98.19038437,38063.0,1180.9656130600904,0.0,34,34,0,0,34,34,2869,0,0,0,0,0
2020-09-09,US,North Dakota,Oliver,10,0,0,47.11530482,-101.3406158,38065.0,510.46452271567125,0.0,10,10,0,0,10,10,1952,0,0,0,0,0
2020-09-09,US,North Dakota,Pembina,40,0,0,48.76623521,-97.5523809,38067.0,588.1488016468168,0.0,40,41,0,0,41,41,6947,-1,0,0,-1,0
2020-09-09,US,North Dakota,Pierce,28,0,0,48.24977025,-99.96407787,38069.0,704.4025157232704,0.0,28,30,0,0,30,30,4081,-2,0,0,-2,0
2020-09-09,US,North Dakota,Ramsey,155,2,0,48.26886249,-98.72223879,38071.0,1345.6029169198716,1.2903225806451613,153,158,2,0,156,158,11481,-3,0,0,-3,0
2020-09-09,US,North Dakota,Ransom,48,0,0,46.45621782,-97.65742504,38073.0,919.892679187428,0.0,48,49,0,0,49,48,5237,-1,0,0,-1,1
2020-09-09,US,North Dakota,Renville,12,0,0,48.71982533,-101.6603912,38075.0,515.6854318865493,0.0,12,11,0,0,11,11,2374,1,0,0,1,0
2020-09-09,US,North Dakota,Richland,154,1,0,46.26440649,-96.94852979,38077.0,951.968844655993,0.6493506493506493,153,149,1,0,148,149,16239,5,0,0,5,0
2020-09-09,US,North Dakota,Rolette,134,3,0,48.77245354,-99.84097493,38079.0,945.2595936794584,2.238805970149253,131,132,3,0,129,132,14301,2,0,0,2,0
2020-09-09,US,North Dakota,Sargent,25,0,0,46.10830372,-97.63217159,38081.0,641.3545407901488,0.0,25,20,0,0,20,20,3870,5,0,0,5,0
2020-09-09,US,North Dakota,Sheridan,9,0,0,47.57700669,-100.3426391,38083.0,684.4106463878327,0.0,9,9,0,0,9,9,1349,0,0,0,0,0
2020-09-09,US,North Dakota,Sioux,128,3,0,46.11323337,-101.04401490000001,38085.0,3026.0047281323878,2.34375,125,127,3,0,124,126,4358,1,0,0,1,1
2020-09-09,US,North Dakota,Slope,7,0,0,46.44737738,-103.4601547,38087.0,933.3333333333336,0.0,7,7,0,0,7,7,763,0,0,0,0,0
2020-09-09,US,North Dakota,Stark,922,6,0,46.80851182,-102.65763259999999,38089.0,2928.006605481279,0.6507592190889371,916,896,6,0,890,895,30997,26,0,0,26,1
2020-09-09,US,North Dakota,Steele,24,0,0,47.45611548,-97.72728747,38091.0,1269.8412698412699,0.0,24,25,0,0,25,25,1903,-1,0,0,-1,0
2020-09-09,US,North Dakota,Stutsman,356,3,0,46.97962541,-98.95637318,38093.0,1719.4744976816073,0.8426966292134831,353,355,3,0,352,352,20917,1,0,0,1,3
2020-09-09,US,North Dakota,Towner,10,0,0,48.68565745,-99.24564265,38095.0,456.82960255824577,0.0,10,11,0,0,11,11,2192,-1,0,0,-1,0
2020-09-09,US,North Dakota,Traill,77,0,0,47.45367788,-97.16323288,38097.0,958.1881533101047,0.0,77,79,0,0,79,79,8037,-2,0,0,-2,0
2020-09-09,US,North Dakota,Walsh,155,1,0,48.36876964,-97.72574783,38099.0,1456.6300159759421,0.6451612903225806,154,156,1,0,155,157,10667,-1,0,0,-1,-1
2020-09-09,US,North Dakota,Ward,601,3,0,48.22390169,-101.54367629999999,38101.0,888.5143625907364,0.4991680532445924,598,594,2,0,592,586,67744,7,1,0,6,8
2020-09-09,US,North Dakota,Wells,30,0,0,47.58614526,-99.65904998,38103.0,782.4726134585289,0.0,30,29,0,0,29,29,3957,1,0,0,1,0
2020-09-09,US,North Dakota,Williams,607,4,0,48.34522353,-103.4793387,38105.0,1614.8341270052408,0.6589785831960461,603,540,4,0,536,538,35350,67,0,0,67,2
2020-09-09,US,Ohio,Adams,98,4,0,38.84541072,-83.4718964,39001.0,353.81616001155317,4.081632653061225,94,96,4,0,92,96,27724,2,0,0,2,0
2020-09-09,US,Ohio,Allen,1254,61,0,40.77285242,-84.10802343,39003.0,1225.1956502623325,4.8644338118022326,1193,1244,61,0,1183,1234,102663,10,0,0,10,10
2020-09-09,US,Ohio,Ashland,178,4,0,40.84772277,-82.27280781,39005.0,332.8098122803081,2.247191011235955,174,179,4,0,175,179,53745,-1,0,0,-1,0
2020-09-09,US,Ohio,Ashtabula,623,46,0,41.70860332,-80.74830218,39007.0,640.6762579570346,7.3836276083467105,577,622,46,0,576,622,97493,1,0,0,1,0
2020-09-09,US,Ohio,Athens,447,2,0,39.33425634,-82.04278644,39009.0,684.2500038269014,0.44742729306487694,445,437,2,0,435,434,65818,10,0,0,10,3
2020-09-09,US,Ohio,Auglaize,486,8,0,40.55998859,-84.22421429999999,39011.0,1064.4822148239002,1.6460905349794241,478,477,8,0,469,471,45804,9,0,0,9,6
2020-09-09,US,Ohio,Belmont,691,27,0,40.01625942,-80.9924051,39013.0,1031.2509327522907,3.9073806078147615,664,691,27,0,664,691,67505,0,0,0,0,0
2020-09-09,US,Ohio,Brown,242,2,0,38.93416837,-83.86788395,39015.0,557.1928531958004,0.8264462809917356,240,239,2,0,237,236,43602,3,0,0,3,3
2020-09-09,US,Ohio,Butler,4906,81,0,39.44012838,-84.57388716,39017.0,1280.4919427667605,1.651039543416225,4825,4837,81,0,4756,4799,382378,69,0,0,69,38
2020-09-09,US,Ohio,Carroll,135,7,0,40.578968599999996,-81.09178213,39019.0,501.5976815040499,5.185185185185184,128,133,6,0,127,135,27081,2,1,0,1,-2
2020-09-09,US,Ohio,Champaign,263,3,0,40.13923427,-83.76875242,39021.0,676.3533496206762,1.1406844106463878,260,260,3,0,257,260,38754,3,0,0,3,0
2020-09-09,US,Ohio,Clark,1547,31,0,39.91592258,-83.78498252,39023.0,1153.7629677140278,2.0038784744667097,1516,1527,31,0,1496,1524,134585,20,0,0,20,3
2020-09-09,US,Ohio,Clermont,1406,16,0,39.04847534,-84.15375786,39025.0,681.1091518592439,1.1379800853485065,1390,1398,15,0,1383,1393,205466,8,1,0,7,5
2020-09-09,US,Ohio,Clinton,262,11,0,39.41485808,-83.80852286,39027.0,624.285169653069,4.198473282442748,251,259,11,0,248,259,42057,3,0,0,3,0
2020-09-09,US,Ohio,Columbiana,1878,69,0,40.76932373,-80.78094576,39029.0,1843.2908336032508,3.674121405750799,1809,1876,69,0,1807,1870,102665,2,0,0,2,6
2020-09-09,US,Ohio,Coshocton,223,9,0,40.30096166,-81.91729018,39031.0,609.2896174863388,4.035874439461884,214,223,9,0,214,220,36629,0,0,0,0,3
2020-09-09,US,Ohio,Crawford,206,5,0,40.85065156,-82.91989099,39033.0,496.4573191304768,2.4271844660194173,201,205,5,0,200,205,41550,1,0,0,1,0
2020-09-09,US,Ohio,Cuyahoga,16407,608,0,41.424119,-81.65918339,39035.0,1328.424577676443,3.705735356859877,15799,16360,605,0,15755,16317,1243857,47,3,0,44,43
2020-09-09,US,Ohio,Darke,682,36,0,40.13412966,-84.6194517,39037.0,1334.2985150548786,5.278592375366569,646,676,36,0,640,673,51323,6,0,0,6,3
2020-09-09,US,Ohio,Defiance,238,8,0,41.32398837,-84.49076944,39039.0,624.8851314096673,3.361344537815126,230,237,8,0,229,233,38165,1,0,0,1,4
2020-09-09,US,Ohio,Delaware,1824,20,0,40.27942393,-83.00457058,39041.0,871.9887941790922,1.0964912280701755,1804,1802,20,0,1782,1798,204826,22,0,0,22,4
2020-09-09,US,Ohio,Erie,826,40,0,41.36796058,-82.62904521,39043.0,1112.2182425335957,4.842615012106537,786,823,38,0,785,822,74615,3,2,0,1,1
2020-09-09,US,Ohio,Fairfield,1867,44,0,39.75107189,-82.63088163,39045.0,1184.840138601546,2.3567220139260847,1823,1837,43,0,1794,1824,155782,30,1,0,29,13
2020-09-09,US,Ohio,Fayette,209,5,0,39.56021306,-83.4562016,39047.0,732.6906222611743,2.392344497607656,204,208,5,0,203,207,28666,1,0,0,1,1
2020-09-09,US,Ohio,Franklin,23763,572,0,39.96995815,-83.01115755,39049.0,1804.662367211541,2.4071034802003117,23191,23477,570,0,22907,23295,1310300,286,2,0,284,182
2020-09-09,US,Ohio,Fulton,205,1,0,41.60213491,-84.12571393,39051.0,486.63533209894126,0.4878048780487805,204,203,1,0,202,200,42276,2,0,0,2,3
2020-09-09,US,Ohio,Gallia,160,9,0,38.82708533,-82.31647569,39053.0,535.1528530336477,5.625,151,158,7,0,151,156,29979,2,2,0,0,2
2020-09-09,US,Ohio,Geauga,667,46,0,41.49952319,-81.17935342,39055.0,712.2339800745337,6.896551724137932,621,663,46,0,617,663,94031,4,0,0,4,0
2020-09-09,US,Ohio,Greene,1136,21,0,39.69116283,-83.89032084,39057.0,672.440022020043,1.8485915492957747,1115,1125,20,0,1105,1117,167995,11,1,0,10,8
2020-09-09,US,Ohio,Guernsey,142,7,0,40.05026529,-81.49248905,39059.0,365.2733118971061,4.929577464788731,135,141,7,0,134,139,39022,1,0,0,1,2
2020-09-09,US,Ohio,Hamilton,11896,288,0,39.19673558,-84.54502924,39061.0,1455.216257906989,2.42098184263618,11608,11826,288,0,11538,11753,816684,70,0,0,70,73
2020-09-09,US,Ohio,Hancock,577,7,0,41.00250487,-83.66838948,39063.0,761.3844793687239,1.2131715771230502,570,572,7,0,565,572,75930,5,0,0,5,0
2020-09-09,US,Ohio,Hardin,238,13,0,40.66015414,-83.65929931,39065.0,758.8075880758807,5.46218487394958,225,237,13,0,224,234,31480,1,0,0,1,3
2020-09-09,US,Ohio,Harrison,41,1,0,40.29380509,-81.09068544,39067.0,272.6063829787234,2.4390243902439024,40,37,1,0,36,31,15174,4,0,0,4,6
2020-09-09,US,Ohio,Henry,255,8,0,41.333964200000004,-84.06830637,39069.0,944.2346145301044,3.1372549019607843,247,246,8,0,238,244,27086,9,0,0,9,2
2020-09-09,US,Ohio,Highland,206,3,0,39.1839264,-83.60331456,39071.0,477.28273209610535,1.4563106796116505,203,204,3,0,201,203,43058,2,0,0,2,1
2020-09-09,US,Ohio,Hocking,148,9,0,39.49537927,-82.47991446,39073.0,523.6343051231248,6.081081081081082,139,148,9,0,139,147,28385,0,0,0,0,1
2020-09-09,US,Ohio,Holmes,355,7,0,40.56163713,-81.92635677,39075.0,807.5523202911737,1.971830985915493,348,355,7,0,348,355,43892,0,0,0,0,0
2020-09-09,US,Ohio,Huron,498,6,0,41.14651175,-82.59867951,39077.0,854.7008547008548,1.2048192771084338,492,496,6,0,490,495,58504,2,0,0,2,1
2020-09-09,US,Ohio,Jackson,190,2,0,39.01914254,-82.61818559999998,39079.0,586.1845555795514,1.0526315789473684,188,185,2,0,183,184,32384,5,0,0,5,1
2020-09-09,US,Ohio,Jefferson,292,4,0,40.38614126,-80.76259514,39081.0,446.9957902793724,1.3698630136986298,288,292,4,0,288,292,65767,0,0,0,0,0
2020-09-09,US,Ohio,Knox,260,15,0,40.39830217,-82.42027563,39083.0,417.18815185648725,5.769230769230768,245,259,15,0,244,259,61893,1,0,0,1,0
2020-09-09,US,Ohio,Lake,1444,45,0,41.69710807,-81.23676539,39085.0,627.419628153935,3.1163434903047094,1399,1438,45,0,1393,1437,230514,6,0,0,6,1
2020-09-09,US,Ohio,Lawrence,501,17,0,38.59743452,-82.53466552,39087.0,842.5407396195952,3.393213572854292,484,494,16,0,478,487,59866,7,1,0,6,7
2020-09-09,US,Ohio,Licking,1709,58,0,40.09136236,-82.48185785,39089.0,966.2901018873473,3.3937975424224693,1651,1698,58,0,1640,1689,175769,11,0,0,11,9
2020-09-09,US,Ohio,Logan,259,2,0,40.38996525,-83.76784341,39091.0,567.0870555263617,0.7722007722007722,257,255,2,0,253,257,45358,4,0,0,4,-2
2020-09-09,US,Ohio,Lorain,2184,85,0,41.29553751,-82.15083537,39093.0,704.8958632553666,3.891941391941392,2099,2181,85,0,2096,2173,309461,3,0,0,3,8
2020-09-09,US,Ohio,Lucas,6754,350,0,41.62101218,-83.65468618,39095.0,1576.7553484549944,5.182114302635475,6404,6737,350,0,6387,6714,429899,17,0,0,17,23
2020-09-09,US,Ohio,Madison,732,11,0,39.89381073,-83.40178317,39097.0,1636.4489951040664,1.5027322404371584,721,732,11,0,721,727,44413,0,0,0,0,5
2020-09-09,US,Ohio,Mahoning,2915,272,0,41.01631101,-80.77287029,39099.0,1274.6902918013145,9.331046312178387,2643,2906,272,0,2634,2901,229642,9,0,0,9,5
2020-09-09,US,Ohio,Marion,3026,46,0,40.58610662,-83.15736305,39101.0,4648.73335074432,1.5201586252478518,2980,3025,46,0,2979,3024,65256,1,0,0,1,1
2020-09-09,US,Ohio,Medina,1313,38,0,41.11770589,-81.89986209999998,39103.0,730.4752261524595,2.8941355674028943,1275,1308,38,0,1270,1304,179146,5,0,0,5,4
2020-09-09,US,Ohio,Meigs,156,6,0,39.09224872,-82.0305041,39105.0,681.0145370410793,3.8461538461538463,150,155,4,0,151,155,23106,1,2,0,-1,0
2020-09-09,US,Ohio,Mercer,919,17,0,40.54043046,-84.62912742,39107.0,2232.0994850869524,1.8498367791077257,902,910,17,0,893,905,40959,9,0,0,9,5
2020-09-09,US,Ohio,Miami,1173,47,0,40.0543329,-84.22871271,39109.0,1096.3948890986758,4.0068201193520885,1126,1149,46,0,1103,1143,106222,24,1,0,23,6
2020-09-09,US,Ohio,Monroe,104,18,0,39.72984936,-81.08464734,39111.0,761.6815585176505,17.307692307692307,86,105,18,0,87,105,13790,-1,0,0,-1,0
2020-09-09,US,Ohio,Montgomery,6743,138,0,39.75394919,-84.29050975,39113.0,1268.2273593298312,2.0465668100252112,6605,6678,134,0,6544,6644,532331,65,4,0,61,34
2020-09-09,US,Ohio,Morgan,45,0,0,39.62081738,-81.85308173,39115.0,310.1736972704714,0.0,45,45,0,0,45,45,14604,0,0,0,0,0
2020-09-09,US,Ohio,Morrow,236,2,0,40.52363560000001,-82.7892599,39117.0,668.0253623188406,0.8474576271186439,234,236,2,0,234,236,35112,0,0,0,0,0
2020-09-09,US,Ohio,Muskingum,329,2,0,39.96575964,-81.94363275,39119.0,381.6041292118541,0.6079027355623101,327,326,2,0,324,323,86183,3,0,0,3,3
2020-09-09,US,Ohio,Noble,23,0,0,39.76818851,-81.45937183,39121.0,159.45646145313367,0.0,23,23,0,0,23,23,14354,0,0,0,0,0
2020-09-09,US,Ohio,Ottawa,459,30,0,41.53781826,-83.0940185,39123.0,1132.6341764343,6.5359477124183005,429,459,30,0,429,459,40769,0,0,0,0,0
2020-09-09,US,Ohio,Paulding,87,0,0,41.11676341,-84.5801017,39125.0,465.9383033419023,0.0,87,87,0,0,87,84,18760,0,0,0,0,3
2020-09-09,US,Ohio,Perry,257,9,0,39.73508655,-82.23804971,39127.0,711.2414900094092,3.5019455252918283,248,256,9,0,247,253,36033,1,0,0,1,3
2020-09-09,US,Ohio,Pickaway,2527,44,0,39.64170392,-83.0243386,39129.0,4322.835588552271,1.7411950929956468,2483,2527,44,0,2483,2525,58086,0,0,0,0,2
2020-09-09,US,Ohio,Pike,116,0,0,39.07634001,-83.06769584,39131.0,417.6868788708051,0.0,116,115,0,0,115,115,28067,1,0,0,1,0
2020-09-09,US,Ohio,Portage,959,65,0,41.16793482,-81.19735782,39133.0,590.2773503379167,6.777893639207507,894,948,65,0,883,940,162927,11,0,0,11,8
2020-09-09,US,Ohio,Preble,388,7,0,39.7420247,-84.64787018,39135.0,949.0729416369064,1.8041237113402064,381,381,7,0,374,380,40997,7,0,0,7,1
2020-09-09,US,Ohio,Putnam,431,17,0,41.02094889,-84.1336111,39137.0,1272.8507722748884,3.94431554524362,414,422,17,0,405,419,33780,9,0,0,9,3
2020-09-09,US,Ohio,Richland,730,18,0,40.77180308,-82.53799609999999,39139.0,602.5389174108985,2.4657534246575343,712,725,18,0,707,724,121099,5,0,0,5,1
2020-09-09,US,Ohio,Ross,804,16,0,39.33705391,-83.06000914,39141.0,1048.7047713458378,1.9900497512437807,788,796,16,0,780,787,76931,8,0,0,8,9
2020-09-09,US,Ohio,Sandusky,535,19,0,41.35624126,-83.137872,39143.0,914.2486072661404,3.5514018691588785,516,533,19,0,514,533,58799,2,0,0,2,0
2020-09-09,US,Ohio,Scioto,402,5,0,38.80270163,-82.98907345,39145.0,533.7653025997822,1.243781094527363,397,397,4,0,393,397,75502,5,1,0,4,0
2020-09-09,US,Ohio,Seneca,385,13,0,41.12351311,-83.12783209,39147.0,697.7418536373192,3.3766233766233764,372,382,13,0,369,380,55207,3,0,0,3,2
2020-09-09,US,Ohio,Shelby,446,6,0,40.33163494,-84.20258189,39149.0,917.8843383412224,1.345291479820628,440,439,5,0,434,436,48627,7,1,0,6,3
2020-09-09,US,Ohio,Stark,2483,156,0,40.81482476,-81.36437305,39151.0,669.9837563342203,6.282722513089006,2327,2471,156,0,2315,2463,371574,12,0,0,12,8
2020-09-09,US,Ohio,Summit,4764,240,0,41.12464734,-81.53123079,39153.0,880.5703374965112,5.037783375314862,4524,4725,239,0,4486,4694,541918,39,1,0,38,31
2020-09-09,US,Ohio,Trumbull,1785,126,0,41.31735028,-80.76109643,39155.0,901.6335478396153,7.0588235294117645,1659,1780,126,0,1654,1779,198627,5,0,0,5,1
2020-09-09,US,Ohio,Tuscarawas,880,18,0,40.44214695,-81.47226262,39157.0,956.656918912455,2.0454545454545454,862,877,18,0,859,877,92176,3,0,0,3,0
2020-09-09,US,Ohio,Union,421,1,0,40.30016061,-83.37239023,39159.0,713.7044822675798,0.2375296912114014,420,412,1,0,411,403,57835,9,0,0,9,9
2020-09-09,US,Ohio,Van Wert,102,2,0,40.8554138,-84.59111700000003,39161.0,360.74270557029183,1.96078431372549,100,102,2,0,100,100,28281,0,0,0,0,2
2020-09-09,US,Ohio,Vinton,41,2,0,39.25208988,-82.4831444,39163.0,313.3358807795185,4.878048780487805,39,40,2,0,38,40,13139,1,0,0,1,0
2020-09-09,US,Ohio,Warren,2555,44,0,39.42581994,-84.16557457,39165.0,1089.0785244797569,1.7221135029354206,2511,2545,43,0,2502,2528,232173,10,1,0,9,17
2020-09-09,US,Ohio,Washington,235,23,0,39.45690571,-81.49121382,39167.0,392.24850194455115,9.787234042553193,212,236,23,0,213,235,60155,-1,0,0,-1,1
2020-09-09,US,Ohio,Wayne,833,64,0,40.82925852,-81.88844833,39169.0,719.903206291591,7.683073229291715,769,831,64,0,767,827,115967,2,0,0,2,4
2020-09-09,US,Ohio,Williams,170,3,0,41.56052014,-84.58429552,39171.0,463.3162542243541,1.7647058823529411,167,168,3,0,165,168,36804,2,0,0,2,0
2020-09-09,US,Ohio,Wood,1484,65,0,41.36224827,-83.62285108,39173.0,1134.4091364272228,4.380053908355795,1419,1475,64,0,1411,1465,130696,9,1,0,8,10
2020-09-09,US,Ohio,Wyandot,194,11,0,40.84339621,-83.30734173,39175.0,891.0527282748482,5.6701030927835046,183,192,11,0,181,192,21935,2,0,0,2,0
2020-09-09,US,Oklahoma,Adair,510,10,0,35.88494195,-94.65859267,40001.0,2297.918356312517,1.96078431372549,500,505,10,0,495,504,22082,5,0,0,5,1
2020-09-09,US,Oklahoma,Alfalfa,20,0,0,36.73090616,-98.32408495,40003.0,350.754121360926,0.0,20,19,0,0,19,19,5754,1,0,0,1,0
2020-09-09,US,Oklahoma,Atoka,172,1,0,34.37366573,-96.03802487,40005.0,1250.1817124582062,0.5813953488372093,171,170,1,0,169,168,13838,2,0,0,2,2
2020-09-09,US,Oklahoma,Beaver,44,0,0,36.7496847,-100.4758872,40007.0,828.4692148371304,0.0,44,45,0,0,45,44,5319,-1,0,0,-1,1
2020-09-09,US,Oklahoma,Beckham,146,1,0,35.26862449,-99.68128023,40009.0,667.9171050825747,0.6849315068493149,145,138,1,0,137,135,21709,8,0,0,8,3
2020-09-09,US,Oklahoma,Blaine,91,1,0,35.87518314,-98.43307003,40011.0,965.1076466221233,1.0989010989010992,90,88,1,0,87,87,9485,3,0,0,3,1
2020-09-09,US,Oklahoma,Bryan,678,3,0,33.96472458,-96.25903472,40013.0,1412.6471507448694,0.4424778761061947,675,669,3,0,666,656,47192,9,0,0,9,13
2020-09-09,US,Oklahoma,Caddo,613,20,0,35.17364557,-98.37534464,40015.0,2131.2843334955846,3.2626427406199023,593,606,20,0,586,598,28977,7,0,0,7,8
2020-09-09,US,Oklahoma,Canadian,1664,13,0,35.5426055,-97.98465569,40017.0,1122.004504200774,0.78125,1651,1644,13,0,1631,1634,144447,20,0,0,20,10
2020-09-09,US,Oklahoma,Carter,446,7,0,34.25103751,-97.28552485,40019.0,927.0229261499452,1.5695067264573992,439,436,7,0,429,429,48177,10,0,0,10,7
2020-09-09,US,Oklahoma,Cherokee,802,7,0,35.90692775,-94.99980896,40021.0,1648.2726020921964,0.8728179551122195,795,791,7,0,784,783,48675,11,0,0,11,8
2020-09-09,US,Oklahoma,Choctaw,259,2,0,34.02807439,-95.54771129,40023.0,1765.2671755725191,0.7722007722007722,257,259,2,0,257,258,14668,0,0,0,0,1
2020-09-09,US,Oklahoma,Cimarron,16,0,0,36.74817177,-102.5173885,40025.0,748.7131492746843,0.0,16,19,0,0,19,14,2153,-3,0,0,-3,5
2020-09-09,US,Oklahoma,Cleveland,4621,67,0,35.20413532,-97.32519562,40027.0,1627.0324702303408,1.4499026184808483,4554,4551,66,0,4485,4511,281669,70,1,0,69,40
2020-09-09,US,Oklahoma,Coal,63,0,0,34.58840127,-96.29798747,40029.0,1146.4968152866245,0.0,63,63,0,0,63,63,5520,0,0,0,0,0
2020-09-09,US,Oklahoma,Comanche,1318,12,0,34.65973764,-98.47195055,40031.0,1091.5204266702,0.9104704097116844,1306,1304,11,0,1293,1295,120422,14,1,0,13,9
2020-09-09,US,Oklahoma,Cotton,57,2,0,34.28845626,-98.37053567,40033.0,1006.0007059654075,3.5087719298245608,55,51,2,0,49,50,5776,6,0,0,6,1
2020-09-09,US,Oklahoma,Craig,182,1,0,36.76268118,-95.20916602,40035.0,1286.9466836373922,0.5494505494505495,181,175,1,0,174,169,14306,7,0,0,7,6
2020-09-09,US,Oklahoma,Creek,919,23,0,35.90230551,-96.37086028,40037.0,1284.919325522217,2.5027203482045697,896,904,22,0,882,890,71604,15,1,0,14,14
2020-09-09,US,Oklahoma,Custer,376,0,0,35.63853802,-99.00170785,40039.0,1296.4176119711751,0.0,376,369,0,0,369,355,29036,7,0,0,7,14
2020-09-09,US,Oklahoma,Delaware,600,22,0,36.40823634,-94.80325046,40041.0,1395.056848566579,3.6666666666666665,578,595,22,0,573,590,42733,5,0,0,5,5
2020-09-09,US,Oklahoma,Dewey,26,1,0,35.98772922,-99.00730714,40043.0,531.588632181558,3.8461538461538463,25,24,1,0,23,24,4894,2,0,0,2,0
2020-09-09,US,Oklahoma,Ellis,6,0,0,36.218019399999996,-99.75324573,40045.0,155.48069448043537,0.0,6,6,0,0,6,6,3952,0,0,0,0,0
2020-09-09,US,Oklahoma,Garfield,1206,14,0,36.3791334,-97.78265517,40047.0,1975.235849056604,1.1608623548922057,1192,1184,14,0,1170,1165,60913,22,0,0,22,19
2020-09-09,US,Oklahoma,Garvin,288,4,0,34.70418038,-97.30811132,40049.0,1039.298473530367,1.3888888888888888,284,284,4,0,280,279,27811,4,0,0,4,5
2020-09-09,US,Oklahoma,Grady,600,7,0,35.0167709,-97.88339847,40051.0,1074.61403445929,1.1666666666666667,593,583,7,0,576,568,55551,17,0,0,17,15
2020-09-09,US,Oklahoma,Grant,30,0,0,36.796296999999996,-97.78638765,40053.0,692.3609508423724,0.0,30,30,0,0,30,27,4326,0,0,0,0,3
2020-09-09,US,Oklahoma,Greer,93,8,0,34.93535801,-99.56056120000001,40055.0,1628.1512605042014,8.602150537634408,85,91,8,0,83,91,5821,2,0,0,2,0
2020-09-09,US,Oklahoma,Harmon,40,0,0,34.7440135,-99.84741652,40057.0,1507.7271013946474,0.0,40,40,0,0,40,40,2664,0,0,0,0,0
2020-09-09,US,Oklahoma,Harper,22,0,0,36.78836519,-99.6679804,40059.0,596.5292841648592,0.0,22,22,0,0,22,21,3797,0,0,0,0,1
2020-09-09,US,Oklahoma,Haskell,194,4,0,35.22257600000001,-95.11513306,40061.0,1536.3902748079513,2.061855670103093,190,191,4,0,187,181,12668,3,0,0,3,10
2020-09-09,US,Oklahoma,Hughes,244,4,0,35.04912569,-96.24921145,40063.0,1837.4877626327288,1.639344262295082,240,238,4,0,234,236,13335,6,0,0,6,2
2020-09-09,US,Oklahoma,Jackson,628,9,0,34.58781741,-99.41138784,40065.0,2560.130452507134,1.4331210191082802,619,626,9,0,617,623,24949,2,0,0,2,3
2020-09-09,US,Oklahoma,Jefferson,37,0,0,34.11130184,-97.83182974,40067.0,616.4611796067977,0.0,37,37,0,0,37,37,6123,0,0,0,0,0
2020-09-09,US,Oklahoma,Johnston,120,2,0,34.31440473,-96.66011537,40069.0,1082.5439783491204,1.6666666666666667,118,120,2,0,118,117,10949,0,0,0,0,3
2020-09-09,US,Oklahoma,Kay,383,12,0,36.81799745,-97.14421435,40071.0,879.6913041481005,3.133159268929504,371,374,12,0,362,365,44161,9,0,0,9,9
2020-09-09,US,Oklahoma,Kingfisher,290,2,0,35.94530008,-97.94193268,40073.0,1839.517919441801,0.6896551724137931,288,289,2,0,287,286,15816,1,0,0,1,3
2020-09-09,US,Oklahoma,Kiowa,54,2,0,34.91671958,-98.97720696,40075.0,620.1194304088193,3.703703703703704,52,52,1,0,51,52,8729,2,1,0,1,0
2020-09-09,US,Oklahoma,Latimer,118,2,0,34.87844729,-95.25215049,40077.0,1171.4484264866476,1.6949152542372878,116,117,2,0,115,117,10231,1,0,0,1,0
2020-09-09,US,Oklahoma,Le Flore,809,11,0,34.89851864,-94.70392124,40079.0,1622.7709465829541,1.3597033374536465,798,789,10,0,779,749,49980,20,1,0,19,40
2020-09-09,US,Oklahoma,Lincoln,339,9,0,35.70270942,-96.8812462,40081.0,971.9872695472659,2.6548672566371683,330,334,9,0,325,328,34920,5,0,0,5,6
2020-09-09,US,Oklahoma,Logan,343,1,0,35.91899576,-97.44352845,40083.0,714.4196121722107,0.2915451895043732,342,331,1,0,330,328,47291,12,0,0,12,3
2020-09-09,US,Oklahoma,Love,134,1,0,33.95273467,-97.23906784,40085.0,1306.9345557397835,0.746268656716418,133,130,1,0,129,128,10134,4,0,0,4,2
2020-09-09,US,Oklahoma,Major,58,1,0,36.31149996,-98.53467076,40093.0,760.2569144055577,1.7241379310344829,57,57,1,0,56,57,7644,1,0,0,1,0
2020-09-09,US,Oklahoma,Marshall,143,1,0,34.02311222,-96.76855464,40095.0,844.6045714960723,0.6993006993006993,142,140,1,0,139,138,16806,3,0,0,3,2
2020-09-09,US,Oklahoma,Mayes,471,10,0,36.30179091,-95.23175116,40097.0,1145.985401459854,2.123142250530785,461,469,10,0,459,467,41107,2,0,0,2,2
2020-09-09,US,Oklahoma,McClain,647,4,0,35.01123903,-97.44572302,40087.0,1598.5570983841476,0.6182380216383307,643,639,4,0,635,627,39985,8,0,0,8,12
2020-09-09,US,Oklahoma,McCurtain,1112,31,0,34.11664328,-94.77222373,40089.0,3386.939571150097,2.787769784172662,1081,1109,31,0,1078,1099,32703,3,0,0,3,10
2020-09-09,US,Oklahoma,McIntosh,257,4,0,35.37235506,-95.66599306,40091.0,1311.492141253317,1.5564202334630348,253,252,4,0,248,249,19815,5,0,0,5,3
2020-09-09,US,Oklahoma,Murray,102,1,0,34.48116015,-97.06826283,40099.0,724.7921551907907,0.9803921568627452,101,97,1,0,96,95,13953,5,0,0,5,2
2020-09-09,US,Oklahoma,Muskogee,1484,17,0,35.61318461,-95.37802952,40101.0,2182.449225701134,1.1455525606469004,1467,1476,17,0,1459,1465,68362,8,0,0,8,11
2020-09-09,US,Oklahoma,Noble,119,2,0,36.38953329,-97.22928674,40103.0,1069.0863354595274,1.680672268907563,117,118,2,0,116,118,11289,1,0,0,1,0
2020-09-09,US,Oklahoma,Nowata,117,2,0,36.79843529,-95.61902331,40105.0,1161.1750694720124,1.709401709401709,115,117,1,0,116,115,10218,0,1,0,-1,2
2020-09-09,US,Oklahoma,Okfuskee,116,3,0,35.46485198,-96.32639984,40107.0,967.2308846827316,2.586206896551724,113,111,3,0,108,109,12098,5,0,0,5,2
2020-09-09,US,Oklahoma,Oklahoma,14543,168,0,35.55140095,-97.40716948,40109.0,1823.7245966437347,1.1551949391459808,14375,14416,168,0,14248,14272,792582,127,0,0,127,144
2020-09-09,US,Oklahoma,Okmulgee,688,5,0,35.64661916,-95.96432828,40111.0,1788.639022487976,0.7267441860465116,683,678,5,0,673,673,38335,10,0,0,10,5
2020-09-09,US,Oklahoma,Osage,718,12,0,36.62888819,-96.39635704,40113.0,1528.8631475842685,1.6713091922005572,706,710,12,0,698,704,47014,8,0,0,8,6
2020-09-09,US,Oklahoma,Ottawa,646,4,0,36.83532655,-94.81011909,40115.0,2075.368651010377,0.6191950464396285,642,638,4,0,634,623,31175,8,0,0,8,15
2020-09-09,US,Oklahoma,Pawnee,228,3,0,36.31743373,-96.70331759999999,40117.0,1392.2813873961895,1.3157894736842106,225,230,3,0,227,229,16390,-2,0,0,-2,1
2020-09-09,US,Oklahoma,Payne,1595,5,0,36.07695283,-96.97584944,40119.0,1950.259219407219,0.31347962382445144,1590,1557,5,0,1552,1533,82040,38,0,0,38,24
2020-09-09,US,Oklahoma,Pittsburg,667,18,0,34.92065823,-95.75134320000001,40121.0,1527.9241306638569,2.6986506746626686,649,651,18,0,633,646,43877,16,0,0,16,5
2020-09-09,US,Oklahoma,Pontotoc,272,3,0,34.72959848,-96.68337199,40123.0,710.4795737122557,1.1029411764705883,269,269,3,0,266,264,38247,3,0,0,3,5
2020-09-09,US,Oklahoma,Pottawatomie,980,9,0,35.20614018,-96.94923008,40125.0,1350.0110204981265,0.9183673469387756,971,970,9,0,961,959,72679,10,0,0,10,11
2020-09-09,US,Oklahoma,Pushmataha,132,1,0,34.41635232,-95.37603505,40127.0,1189.6178803172315,0.7575757575757576,131,131,1,0,130,131,11179,1,0,0,1,0
2020-09-09,US,Oklahoma,Roger Mills,14,1,0,35.68711719,-99.69666167,40129.0,390.73402176946695,7.142857142857142,13,14,1,0,13,14,3656,0,0,0,0,0
2020-09-09,US,Oklahoma,Rogers,1478,42,0,36.37004357,-95.60406759,40131.0,1598.54638272099,2.841677943166441,1436,1454,42,0,1412,1436,91984,24,0,0,24,18
2020-09-09,US,Oklahoma,Seminole,360,5,0,35.16478725,-96.61686741,40133.0,1484.0465001236703,1.3888888888888888,355,354,5,0,349,347,24578,6,0,0,6,7
2020-09-09,US,Oklahoma,Sequoyah,651,8,0,35.49447108,-94.75463785,40135.0,1566.07087011956,1.228878648233487,643,636,8,0,628,632,41179,15,0,0,15,4
2020-09-09,US,Oklahoma,Stephens,294,4,0,34.48556989,-97.85141892,40137.0,681.4546971698769,1.3605442176870748,290,279,4,0,275,269,43265,15,0,0,15,10
2020-09-09,US,Oklahoma,Texas,1279,7,0,36.74777635,-101.4889765,40139.0,6400.44037431817,0.547302580140735,1272,1252,7,0,1245,1236,20455,27,0,0,27,16
2020-09-09,US,Oklahoma,Tillman,73,1,0,34.37288446,-98.92426619,40141.0,1006.896551724138,1.3698630136986298,72,72,1,0,71,72,7348,1,0,0,1,0
2020-09-09,US,Oklahoma,Tulsa,14655,143,0,36.11939621,-95.94013939,40143.0,2249.2448799174895,0.9757761856021836,14512,14473,140,0,14333,14271,648360,182,3,0,179,202
2020-09-09,US,Oklahoma,Unassigned,55,0,0,0.0,0.0,90040.0,0.0,0.0,55,45,0,0,45,40,,10,0,0,10,5
2020-09-09,US,Oklahoma,Wagoner,1270,23,0,35.96024096,-95.51911308,40145.0,1562.3270061139885,1.811023622047244,1247,1250,23,0,1227,1228,80110,20,0,0,20,22
2020-09-09,US,Oklahoma,Washington,890,40,0,36.71380786,-95.90514104,40147.0,1727.249791371514,4.49438202247191,850,888,40,0,848,886,51843,2,0,0,2,2
2020-09-09,US,Oklahoma,Washita,45,0,0,35.29071824,-98.99180434,40149.0,412.2389153536094,0.0,45,45,0,0,45,43,11127,0,0,0,0,2
2020-09-09,US,Oklahoma,Woods,33,0,0,36.76705782,-98.86573064,40151.0,375.29853292391675,0.0,33,31,0,0,31,30,8897,2,0,0,2,1
2020-09-09,US,Oklahoma,Woodward,136,0,0,36.42316318,-99.26283045,40153.0,672.9008955519273,0.0,136,132,0,0,132,123,20222,4,0,0,4,9
2020-09-09,US,Oregon,Baker,86,2,0,44.70915557,-117.6749883,41001.0,533.3664103200199,2.3255813953488373,84,86,2,0,84,86,16006,0,0,0,0,0
2020-09-09,US,Oregon,Benton,231,6,0,44.49167306,-123.4316987,41003.0,248.24562346189805,2.5974025974025974,225,228,6,0,222,227,92101,3,0,0,3,1
2020-09-09,US,Oregon,Clackamas,2099,58,0,45.18787398,-122.2179634,41005.0,501.92856305910993,2.763220581229157,2041,2095,58,0,2037,2079,416075,4,0,0,4,16
2020-09-09,US,Oregon,Clatsop,97,0,0,45.99712889,-123.660711,41007.0,241.14956245027844,0.0,97,97,0,0,97,97,39764,0,0,0,0,0
2020-09-09,US,Oregon,Columbia,136,1,0,45.94464254,-123.08908980000001,41009.0,259.77002712304693,0.7352941176470589,135,136,1,0,135,136,52377,0,0,0,0,0
2020-09-09,US,Oregon,Coos,126,0,0,43.17406868,-124.0594514,41011.0,195.3882177803278,0.0,126,126,0,0,126,126,64389,0,0,0,0,0
2020-09-09,US,Oregon,Crook,59,1,0,44.14230227,-120.356297,41013.0,241.7636453040485,1.6949152542372878,58,58,1,0,57,57,23867,1,0,0,1,1
2020-09-09,US,Oregon,Curry,24,0,0,42.45911325,-124.15728200000001,41015.0,104.68920392584516,0.0,24,23,0,0,23,23,22813,1,0,0,1,0
2020-09-09,US,Oregon,Deschutes,706,12,0,43.91570171,-121.2289121,41017.0,357.12117839872116,1.69971671388102,694,705,11,0,694,704,191996,1,1,0,0,1
2020-09-09,US,Oregon,Douglas,182,3,0,43.27941273,-123.16729099999999,41019.0,163.9935123445666,1.6483516483516485,179,182,3,0,179,182,110283,0,0,0,0,0
2020-09-09,US,Oregon,Gilliam,4,0,0,45.37160076,-120.20488689999999,41021.0,209.20502092050208,0.0,4,4,0,0,4,4,1894,0,0,0,0,0
2020-09-09,US,Oregon,Grant,8,0,0,44.49024544,-119.0068631,41023.0,111.12654535352131,0.0,8,8,0,0,8,8,7176,0,0,0,0,0
2020-09-09,US,Oregon,Harney,12,0,0,43.06422669,-118.96663059999999,41025.0,162.31570404436633,0.0,12,12,0,0,12,12,7329,0,0,0,0,0
2020-09-09,US,Oregon,Hood River,238,0,0,45.51872811,-121.65520359999998,41027.0,1017.8769994012488,0.0,238,238,0,0,238,238,23428,0,0,0,0,0
2020-09-09,US,Oregon,Jackson,928,3,0,42.43201126,-122.72893090000001,41029.0,420.0159316387863,0.3232758620689655,925,921,3,0,918,904,219564,7,0,0,7,17
2020-09-09,US,Oregon,Jefferson,477,7,0,44.62806839,-121.17832,41031.0,1934.463460134642,1.4675052410901468,470,476,7,0,469,474,24192,1,0,0,1,2
2020-09-09,US,Oregon,Josephine,173,2,0,42.3665549,-123.5561938,41033.0,197.743664773052,1.1560693641618498,171,171,2,0,169,171,87393,2,0,0,2,0
2020-09-09,US,Oregon,Klamath,237,2,0,42.68762984,-121.64964609999998,41035.0,347.31381341774386,0.8438818565400844,235,236,2,0,234,236,67653,1,0,0,1,0
2020-09-09,US,Oregon,Lake,30,0,0,42.79246693,-120.38501629999999,41037.0,381.2428516965307,0.0,30,30,0,0,30,30,7879,0,0,0,0,0
2020-09-09,US,Oregon,Lane,812,10,0,43.93727035,-122.847753,41039.0,212.5281691431084,1.2315270935960592,802,801,9,0,792,795,379611,11,1,0,10,6
2020-09-09,US,Oregon,Lincoln,470,13,0,44.64252874,-123.86991200000001,41041.0,940.7149433569513,2.765957446808511,457,470,13,0,457,470,49388,0,0,0,0,0
2020-09-09,US,Oregon,Linn,416,13,0,44.48899494,-122.53731540000001,41043.0,320.619041379895,3.125,403,405,13,0,392,405,127335,11,0,0,11,0
2020-09-09,US,Oregon,Malheur,1310,21,0,43.1937027,-117.62273950000001,41045.0,4285.106800562625,1.6030534351145038,1289,1299,20,0,1279,1295,30725,11,1,0,10,4
2020-09-09,US,Oregon,Marion,4106,85,0,44.90287942,-122.58151170000001,41047.0,1180.5024466818854,2.070141256697516,4021,4085,85,0,4000,4061,346868,21,0,0,21,24
2020-09-09,US,Oregon,Morrow,461,4,0,45.41846568,-119.584546,41049.0,3973.1104024821166,0.8676789587852495,457,459,3,0,456,455,11372,2,1,0,1,4
2020-09-09,US,Oregon,Multnomah,6365,124,0,45.54747959,-122.4169351,41051.0,783.0424860522479,1.9481539670070702,6241,6343,124,0,6219,6302,811880,22,0,0,22,41
2020-09-09,US,Oregon,Polk,460,15,0,44.90322804,-123.4128888,41053.0,534.3555787884068,3.260869565217391,445,458,15,0,443,453,85234,2,0,0,2,5
2020-09-09,US,Oregon,Sherman,18,0,0,45.41501554,-120.6827834,41055.0,1011.2359550561798,0.0,18,18,0,0,18,18,1708,0,0,0,0,0
2020-09-09,US,Oregon,Tillamook,45,0,0,45.46248721,-123.712066,41057.0,166.4447403462051,0.0,45,43,0,0,43,43,26787,2,0,0,2,0
2020-09-09,US,Oregon,Umatilla,2799,40,0,45.59073056,-118.7353826,41059.0,3590.763309813983,1.429081814933905,2759,2795,39,0,2756,2785,77516,4,1,0,3,10
2020-09-09,US,Oregon,Union,424,2,0,45.30915495,-118.0068979,41061.0,1580.0260853363143,0.4716981132075472,422,423,2,0,421,423,26461,1,0,0,1,0
2020-09-09,US,Oregon,Wallowa,23,1,0,45.57894064,-117.18353799999998,41063.0,319.0899001109878,4.3478260869565215,22,23,1,0,22,23,7081,0,0,0,0,0
2020-09-09,US,Oregon,Wasco,223,3,0,45.16292781,-121.16709540000001,41065.0,835.7694325762686,1.345291479820628,220,223,3,0,220,222,26505,0,0,0,0,1
2020-09-09,US,Oregon,Washington,4002,52,0,45.55972701,-123.0955257,41067.0,665.2349100386973,1.2993503248375813,3950,3996,49,0,3947,3974,597695,6,3,0,3,22
2020-09-09,US,Oregon,Yamhill,684,14,0,45.23330449,-123.3086963,41071.0,638.655462184874,2.046783625730994,670,683,14,0,669,672,107002,1,0,0,1,11
2020-09-09,US,Pennsylvania,Adams,717,24,0,39.87140411,-77.21610347,42001.0,696.0556844547563,3.3472803347280333,693,715,24,0,691,711,102811,2,0,0,2,4
2020-09-09,US,Pennsylvania,Allegheny,10915,330,0,40.46809875,-79.98167747,42003.0,897.5819151429428,3.023362345396244,10585,10847,327,0,10520,10810,1218452,68,3,0,65,37
2020-09-09,US,Pennsylvania,Armstrong,366,12,0,40.81665618,-79.46290811,42005.0,565.3819417625705,3.278688524590164,354,353,12,0,341,352,65263,13,0,0,13,1
2020-09-09,US,Pennsylvania,Beaver,1722,105,0,40.6825484,-80.34921611,42007.0,1050.4547700528888,6.097560975609755,1617,1714,102,0,1612,1710,164742,8,3,0,5,4
2020-09-09,US,Pennsylvania,Bedford,187,6,0,40.00522157,-78.48998442,42009.0,390.4944871366522,3.2085561497326203,181,181,5,0,176,179,48176,6,1,0,5,2
2020-09-09,US,Pennsylvania,Berks,6394,385,0,40.41570541,-75.92457766,42011.0,1518.1734431242935,6.021269940569284,6009,6344,385,0,5959,6312,420152,50,0,0,50,32
2020-09-09,US,Pennsylvania,Blair,504,13,0,40.47961444,-78.34917412,42013.0,413.6946047328633,2.5793650793650795,491,498,13,0,485,496,122492,6,0,0,6,2
2020-09-09,US,Pennsylvania,Bradford,103,3,0,41.78869215,-76.51570822,42015.0,170.74747608706463,2.9126213592233015,100,103,3,0,100,102,60833,0,0,0,0,1
2020-09-09,US,Pennsylvania,Bucks,8128,591,0,40.33682119,-75.10836643,42017.0,1293.7113024655005,7.271161417322833,7537,8093,590,0,7503,8084,628195,35,1,0,34,9
2020-09-09,US,Pennsylvania,Butler,904,21,0,40.91152759,-79.91351055,42019.0,481.2273426562258,2.3230088495575223,883,880,19,0,861,879,187888,24,2,0,22,1
2020-09-09,US,Pennsylvania,Cambria,509,6,0,40.49527404,-78.71377428,42021.0,390.96104215312766,1.1787819253438114,503,504,6,0,498,500,131730,5,0,0,5,4
2020-09-09,US,Pennsylvania,Cameron,8,0,0,41.43625568,-78.20376845,42023.0,179.89655947830002,0.0,8,8,0,0,8,8,4492,0,0,0,0,0
2020-09-09,US,Pennsylvania,Carbon,432,28,0,40.91545395,-75.7068525,42025.0,673.0859119379265,6.481481481481483,404,432,28,0,404,431,64227,0,0,0,0,1
2020-09-09,US,Pennsylvania,Centre,870,11,0,40.92058903,-77.82200624,42027.0,535.7637712842935,1.264367816091954,859,686,11,0,675,674,162805,184,0,0,184,12
2020-09-09,US,Pennsylvania,Chester,6089,361,0,39.97291773,-75.74768357,42029.0,1159.8338250896684,5.928723928395468,5728,6030,360,0,5670,5821,522046,59,1,0,58,209
2020-09-09,US,Pennsylvania,Clarion,107,3,0,41.19265812,-79.42413524,42031.0,278.37036266194906,2.803738317757009,104,102,3,0,99,102,38779,5,0,0,5,0
2020-09-09,US,Pennsylvania,Clearfield,265,1,0,41.00110782,-78.47592663,42033.0,334.3637625386412,0.37735849056603776,264,265,1,0,264,256,79388,0,0,0,0,9
2020-09-09,US,Pennsylvania,Clinton,162,5,0,41.23255967,-77.63785995,42035.0,419.3414785669911,3.08641975308642,157,160,5,0,155,160,38684,2,0,0,2,0
2020-09-09,US,Pennsylvania,Columbia,813,35,0,41.04821986,-76.40565017,42037.0,1251.4623483775626,4.305043050430505,778,798,35,0,763,791,65456,15,0,0,15,7
2020-09-09,US,Pennsylvania,Crawford,237,2,0,41.68447709,-80.10760592,42039.0,280.0458471682284,0.8438818565400844,235,237,2,0,235,236,85063,0,0,0,0,1
2020-09-09,US,Pennsylvania,Cumberland,1634,73,0,40.1625372,-77.26130755,42041.0,644.9066582468326,4.467564259485924,1561,1619,73,0,1546,1608,251423,15,0,0,15,11
2020-09-09,US,Pennsylvania,Dauphin,3498,166,0,40.41377078,-76.77993242,42043.0,1256.9215124739935,4.745568896512292,3332,3479,166,0,3313,3466,277097,19,0,0,19,13
2020-09-09,US,Pennsylvania,Delaware,10733,734,0,39.91680171,-75.40243663,42045.0,1893.790350897314,6.83872169943166,9999,10692,734,0,9958,10659,564751,41,0,0,41,33
2020-09-09,US,Pennsylvania,Elk,65,2,0,41.42822061,-78.64524744,42047.0,217.31862253426948,3.0769230769230766,63,65,2,0,63,65,30169,0,0,0,0,0
2020-09-09,US,Pennsylvania,Erie,1408,36,0,41.99253829,-80.03301954,42049.0,522.007355558192,2.5568181818181817,1372,1395,36,0,1359,1393,272061,13,0,0,13,2
2020-09-09,US,Pennsylvania,Fayette,722,7,0,39.92041012,-79.64291195,42051.0,558.5036434240451,0.969529085872576,715,714,6,0,708,715,130441,8,1,0,7,-1
2020-09-09,US,Pennsylvania,Forest,14,0,0,41.51095103,-79.23229292,42053.0,193.1833862287843,0.0,14,14,0,0,14,14,7279,0,0,0,0,0
2020-09-09,US,Pennsylvania,Franklin,1616,48,0,39.92956518,-77.72157791,42055.0,1042.3990659691538,2.9702970297029703,1568,1583,47,0,1536,1576,154835,33,1,0,32,7
2020-09-09,US,Pennsylvania,Fulton,38,2,0,39.92913544,-78.11163677,42057.0,261.5278733654509,5.2631578947368425,36,38,2,0,36,38,14523,0,0,0,0,0
2020-09-09,US,Pennsylvania,Greene,152,1,0,39.85746531,-80.22357106,42059.0,419.5070791819612,0.6578947368421053,151,150,1,0,149,150,36506,2,0,0,2,0
2020-09-09,US,Pennsylvania,Huntingdon,387,5,0,40.42162652,-77.97673273,42061.0,857.2567783094099,1.2919896640826871,382,388,5,0,383,387,45168,-1,0,0,-1,1
2020-09-09,US,Pennsylvania,Indiana,479,11,0,40.65241041,-79.08963285,42063.0,569.7429614739572,2.2964509394572024,468,472,11,0,461,469,84501,7,0,0,7,3
2020-09-09,US,Pennsylvania,Jefferson,100,2,0,41.12913106,-78.9986361,42065.0,230.2820955670697,2.0,98,100,2,0,98,100,43641,0,0,0,0,0
2020-09-09,US,Pennsylvania,Juniata,159,6,0,40.53358749,-77.39975129999998,42067.0,642.086984614142,3.7735849056603774,153,157,6,0,151,156,24704,2,0,0,2,1
2020-09-09,US,Pennsylvania,Lackawanna,2218,214,0,41.43564672,-75.60379201,42069.0,1057.8326354245162,9.648331830477908,2004,2210,214,0,1996,2205,210793,8,0,0,8,5
2020-09-09,US,Pennsylvania,Lancaster,7140,442,0,40.03904563,-76.24770128,42071.0,1308.353673285397,6.190476190476191,6698,7108,441,0,6667,7069,543557,32,1,0,31,39
2020-09-09,US,Pennsylvania,Lawrence,479,21,0,40.99206278,-80.33393706,42073.0,560.155299840958,4.3841336116910234,458,474,21,0,453,474,86184,5,0,0,5,0
2020-09-09,US,Pennsylvania,Lebanon,1788,57,0,40.36680311,-76.45651841,42075.0,1260.9931378840986,3.1879194630872485,1731,1783,57,0,1726,1777,141314,5,0,0,5,6
2020-09-09,US,Pennsylvania,Lehigh,5329,345,0,40.6154815,-75.59435245,42077.0,1442.92994113474,6.474010133233253,4984,5307,345,0,4962,5308,368100,22,0,0,22,-1
2020-09-09,US,Pennsylvania,Luzerne,3910,189,0,41.17823008,-75.98447579,42079.0,1231.8180815772314,4.833759590792839,3721,3898,189,0,3709,3894,317646,12,0,0,12,4
2020-09-09,US,Pennsylvania,Lycoming,568,23,0,41.34310539,-77.06629984,42081.0,501.32834358643936,4.049295774647887,545,563,23,0,540,560,113664,5,0,0,5,3
2020-09-09,US,Pennsylvania,McKean,44,2,0,41.80938602,-78.56478358,42083.0,108.30769230769228,4.545454545454546,42,41,2,0,39,41,40968,3,0,0,3,0
2020-09-09,US,Pennsylvania,Mercer,612,13,0,41.30248872,-80.25816981,42085.0,559.2922941950577,2.124183006535948,599,607,13,0,594,600,110683,5,0,0,5,7
2020-09-09,US,Pennsylvania,Mifflin,176,1,0,40.61116939,-77.61070738,42087.0,381.4643027439421,0.5681818181818182,175,175,1,0,174,174,46222,1,0,0,1,1
2020-09-09,US,Pennsylvania,Monroe,1747,129,0,41.05934058,-75.34031025,42089.0,1026.0114758238335,7.384087006296508,1618,1742,129,0,1613,1739,169507,5,0,0,5,3
2020-09-09,US,Pennsylvania,Montgomery,11475,864,0,40.21053671,-75.36652296,42091.0,1381.007684299838,7.529411764705883,10611,11434,864,0,10570,11392,828604,41,0,0,41,42
2020-09-09,US,Pennsylvania,Montour,154,5,0,41.03023987,-76.66345939,42093.0,844.7613823368075,3.2467532467532467,149,150,5,0,145,147,18240,4,0,0,4,3
2020-09-09,US,Pennsylvania,Northampton,4186,302,0,40.75182733,-75.30471829,42095.0,1371.177751936715,7.214524605828954,3884,4176,302,0,3874,4173,304807,10,0,0,10,3
2020-09-09,US,Pennsylvania,Northumberland,773,40,0,40.84785433,-76.70798222,42097.0,850.9186178351663,5.174644243208278,733,767,39,0,728,766,91083,6,1,0,5,1
2020-09-09,US,Pennsylvania,Perry,184,6,0,40.40206612,-77.26297447,42099.0,397.64868603042885,3.260869565217391,178,183,6,0,177,180,46139,1,0,0,1,3
2020-09-09,US,Pennsylvania,Philadelphia,34742,1763,0,40.00338507,-75.1379271,42101.0,2193.219465880167,5.0745495365839615,32979,34742,1763,0,32979,34699,1584138,0,0,0,0,43
2020-09-09,US,Pennsylvania,Pike,548,21,0,41.33155042,-75.03208106,42103.0,981.9204787758248,3.832116788321168,527,547,21,0,526,547,55933,1,0,0,1,0
2020-09-09,US,Pennsylvania,Potter,25,0,0,41.74471626,-77.89559864,42105.0,151.27677598935009,0.0,25,25,0,0,25,25,16622,0,0,0,0,0
2020-09-09,US,Pennsylvania,Schuylkill,1023,51,0,40.70497338,-76.2150785,42107.0,723.6893300037492,4.98533724340176,972,1019,51,0,968,1015,142067,4,0,0,4,4
2020-09-09,US,Pennsylvania,Snyder,191,3,0,40.77129231,-77.06840691,42109.0,473.10016843356783,1.5706806282722514,188,186,3,0,183,184,40540,5,0,0,5,2
2020-09-09,US,Pennsylvania,Somerset,186,3,0,39.97172723,-79.02699593,42111.0,253.2438356910425,1.6129032258064515,183,183,3,0,180,182,73952,3,0,0,3,1
2020-09-09,US,Pennsylvania,Sullivan,10,0,0,41.44634738,-76.51246591,42113.0,164.85328058028355,0.0,10,10,0,0,10,10,6071,0,0,0,0,0
2020-09-09,US,Pennsylvania,Susquehanna,284,28,0,41.82147784,-75.80071959,42115.0,704.2253521126761,9.859154929577462,256,281,28,0,253,281,40589,3,0,0,3,0
2020-09-09,US,Pennsylvania,Tioga,50,3,0,41.77255149,-77.25433032,42117.0,123.18001527432187,6.0,47,50,3,0,47,49,40763,0,0,0,0,1
2020-09-09,US,Pennsylvania,Union,411,6,0,40.96188846,-77.05996014,42119.0,914.8988268815527,1.45985401459854,405,414,6,0,408,417,44785,-3,0,0,-3,-3
2020-09-09,US,Pennsylvania,Venango,74,1,0,41.40323442,-79.75845449,42121.0,146.04878818978452,1.351351351351351,73,74,1,0,73,74,51266,0,0,0,0,0
2020-09-09,US,Pennsylvania,Warren,40,1,0,41.81304978,-79.26969577,42123.0,102.06424944502564,2.5,39,37,1,0,36,37,39498,3,0,0,3,0
2020-09-09,US,Pennsylvania,Washington,1156,28,0,40.19208869,-80.24582867,42125.0,558.8185531626907,2.4221453287197234,1128,1150,28,0,1122,1142,207346,6,0,0,6,8
2020-09-09,US,Pennsylvania,Wayne,196,10,0,41.64938475,-75.29956506,42127.0,381.61250754463515,5.1020408163265305,186,195,10,0,185,195,51276,1,0,0,1,0
2020-09-09,US,Pennsylvania,Westmoreland,1914,49,0,40.31377979999999,-79.46615476,42129.0,548.582827695121,2.560083594566353,1865,1907,49,0,1858,1897,350611,7,0,0,7,10
2020-09-09,US,Pennsylvania,Wyoming,70,8,0,41.51955538,-76.01074915,42131.0,261.25251922072107,11.428571428571427,62,70,8,0,62,70,27046,0,0,0,0,0
2020-09-09,US,Pennsylvania,York,3889,131,0,39.9210089,-76.73040131,42133.0,866.0351224118042,3.368475186423245,3758,3832,132,0,3700,3807,448273,57,-1,0,58,25
2020-09-09,US,Puerto Rico,Adjuntas,131,0,0,18.180117000000006,-66.754367,72001.0,672.3810501462814,0.0,131,131,0,0,131,131,,0,0,0,0,0
2020-09-09,US,Puerto Rico,Aguada,241,0,0,18.360255,-67.17513100000001,72003.0,574.3702185466765,0.0,241,241,0,0,241,239,,0,0,0,0,2
2020-09-09,US,Puerto Rico,Aguadilla,346,0,0,18.459681,-67.12081500000001,72005.0,567.6877389292687,0.0,346,346,0,0,346,343,,0,0,0,0,3
2020-09-09,US,Puerto Rico,Aguas Buenas,211,0,0,18.251619,-66.126806,72007.0,736.2434139362853,0.0,211,211,0,0,211,210,,0,0,0,0,1
2020-09-09,US,Puerto Rico,Aibonito,127,0,0,18.131361,-66.264131,72009.0,490.3474903474904,0.0,127,127,0,0,127,127,,0,0,0,0,0
2020-09-09,US,Puerto Rico,Anasco,194,0,0,18.287985,-67.120611,72011.0,662.9985304671748,0.0,194,194,0,0,194,194,,0,0,0,0,0
2020-09-09,US,Puerto Rico,Arecibo,541,0,0,18.406631,-66.675077,72013.0,560.9705516383243,0.0,541,541,0,0,541,542,,0,0,0,0,-1
2020-09-09,US,Puerto Rico,Arroyo,133,0,0,17.998457000000005,-66.056546,72015.0,679.4380587484036,0.0,133,133,0,0,133,132,,0,0,0,0,1
2020-09-09,US,Puerto Rico,Barceloneta,138,0,0,18.445532999999998,-66.56053100000001,72017.0,556.0928433268858,0.0,138,138,0,0,138,137,,0,0,0,0,1
2020-09-09,US,Puerto Rico,Barranquitas,361,0,0,18.201592,-66.30963,72019.0,1190.711788376542,0.0,361,361,0,0,361,361,,0,0,0,0,0
2020-09-09,US,Puerto Rico,Bayamon,2805,0,0,18.34946,-66.168435,72021.0,1347.806031251802,0.0,2805,2805,0,0,2805,2796,,0,0,0,0,9
2020-09-09,US,Puerto Rico,Cabo Rojo,280,0,0,18.040993,-67.154391,72023.0,549.9145668440796,0.0,280,280,0,0,280,281,,0,0,0,0,-1
2020-09-09,US,Puerto Rico,Caguas,1178,0,0,18.211615,-66.050779,72025.0,824.3930773375882,0.0,1178,1178,0,0,1178,1173,,0,0,0,0,5
2020-09-09,US,Puerto Rico,Camuy,200,0,0,18.418578,-66.860206,72027.0,568.8443926163998,0.0,200,200,0,0,200,201,,0,0,0,0,-1
2020-09-09,US,Puerto Rico,Canovanas,556,0,0,18.328802,-65.887612,72029.0,1166.890530557421,0.0,556,556,0,0,556,554,,0,0,0,0,2
2020-09-09,US,Puerto Rico,Carolina,2050,0,0,18.374986,-65.95683100000001,72031.0,1159.7515303062876,0.0,2050,2050,0,0,2050,2044,,0,0,0,0,6
2020-09-09,US,Puerto Rico,Catano,323,0,0,18.437269,-66.14330600000001,72033.0,1147.8322672352526,0.0,323,323,0,0,323,322,,0,0,0,0,1
2020-09-09,US,Puerto Rico,Cayey,281,0,0,18.102851,-66.14914,72035.0,583.9689104096095,0.0,281,281,0,0,281,280,,0,0,0,0,1
2020-09-09,US,Puerto Rico,Ceiba,93,0,0,18.251818,-65.666416,72037.0,682.2683588878293,0.0,93,93,0,0,93,93,,0,0,0,0,0
2020-09-09,US,Puerto Rico,Ciales,193,0,0,18.28885,-66.516475,72039.0,1027.5795974869557,0.0,193,193,0,0,193,194,,0,0,0,0,-1
2020-09-09,US,Puerto Rico,Cidra,244,0,0,18.173559,-66.161179,72041.0,561.1775528978841,0.0,244,244,0,0,244,244,,0,0,0,0,0
2020-09-09,US,Puerto Rico,Coamo,222,0,0,18.097597,-66.36014,72043.0,547.9857819905213,0.0,222,222,0,0,222,221,,0,0,0,0,1
2020-09-09,US,Puerto Rico,Comerio,175,0,0,18.224687,-66.221622,72045.0,842.2369814226587,0.0,175,175,0,0,175,175,,0,0,0,0,0
2020-09-09,US,Puerto Rico,Corozal,442,0,0,18.304264,-66.327738,72047.0,1190.027462172204,0.0,442,442,0,0,442,435,,0,0,0,0,7
2020-09-09,US,Puerto Rico,Culebra,21,0,0,18.31586,-65.28813000000001,72049.0,1155.1155115511556,0.0,21,21,0,0,21,21,,0,0,0,0,0
2020-09-09,US,Puerto Rico,Dorado,559,0,0,18.436115,-66.278669,72051.0,1464.6927813441634,0.0,559,559,0,0,559,556,,0,0,0,0,3
2020-09-09,US,Puerto Rico,Fajardo,389,0,0,18.318373,-65.666866,72053.0,1051.5502932987324,0.0,389,389,0,0,389,383,,0,0,0,0,6
2020-09-09,US,Puerto Rico,Florida,216,0,0,18.373715,-66.560488,72054.0,1703.4700315457412,0.0,216,216,0,0,216,216,,0,0,0,0,0
2020-09-09,US,Puerto Rico,Guanica,85,0,0,17.982429,-66.91964300000001,72055.0,437.5353888917487,0.0,85,85,0,0,85,84,,0,0,0,0,1
2020-09-09,US,Puerto Rico,Guayama,244,0,0,18.007516,-66.13390799999999,72057.0,537.8951545346325,0.0,244,244,0,0,244,240,,0,0,0,0,4
2020-09-09,US,Puerto Rico,Guayanilla,148,0,0,18.039942,-66.79186,72059.0,685.7884250034753,0.0,148,148,0,0,148,148,,0,0,0,0,0
2020-09-09,US,Puerto Rico,Guaynabo,1353,0,0,18.345114000000002,-66.11452299999999,72061.0,1381.6837547485807,0.0,1353,1353,0,0,1353,1353,,0,0,0,0,0
2020-09-09,US,Puerto Rico,Gurabo,392,0,0,18.266461,-65.97970500000001,72063.0,864.0260971147701,0.0,392,392,0,0,392,389,,0,0,0,0,3
2020-09-09,US,Puerto Rico,Hatillo,205,0,0,18.410928,-66.79632600000001,72065.0,488.6420518198937,0.0,205,205,0,0,205,206,,0,0,0,0,-1
2020-09-09,US,Puerto Rico,Hormigueros,130,0,0,18.134532,-67.113972,72067.0,753.6231884057971,0.0,130,130,0,0,130,130,,0,0,0,0,0
2020-09-09,US,Puerto Rico,Humacao,340,0,0,18.145211,-65.810174,72069.0,581.5345670988266,0.0,340,340,0,0,340,338,,0,0,0,0,2
2020-09-09,US,Puerto Rico,Isabela,219,0,0,18.44981,-67.005093,72071.0,479.936885012382,0.0,219,219,0,0,219,219,,0,0,0,0,0
2020-09-09,US,Puerto Rico,Jayuya,211,0,0,18.211446,-66.58878,72073.0,1267.8764571565919,0.0,211,211,0,0,211,211,,0,0,0,0,0
2020-09-09,US,Puerto Rico,Juana Diaz,279,0,0,18.050764,-66.49458100000001,72075.0,349.1995944778904,0.0,279,279,0,0,279,279,,0,0,0,0,0
2020-09-09,US,Puerto Rico,Juncos,261,0,0,18.223793,-65.909109,72077.0,647.8034251675354,0.0,261,261,0,0,261,260,,0,0,0,0,1
2020-09-09,US,Puerto Rico,Lajas,119,0,0,18.011661,-67.040585,72079.0,462.0820875237836,0.0,119,119,0,0,119,119,,0,0,0,0,0
2020-09-09,US,Puerto Rico,Lares,260,0,0,18.269035000000002,-66.867236,72081.0,845.4459727506261,0.0,260,260,0,0,260,260,,0,0,0,0,0
2020-09-09,US,Puerto Rico,Las Marias,88,0,0,18.23679,-66.98362,72083.0,890.5981175994333,0.0,88,88,0,0,88,88,,0,0,0,0,0
2020-09-09,US,Puerto Rico,Las Piedras,335,0,0,18.187527,-65.86946800000001,72085.0,866.1926308985131,0.0,335,334,0,0,334,318,,1,0,0,1,16
2020-09-09,US,Puerto Rico,Loiza,206,0,0,18.425688,-65.89943000000001,72087.0,685.2960745176314,0.0,206,206,0,0,206,204,,0,0,0,0,2
2020-09-09,US,Puerto Rico,Luquillo,191,0,0,18.342114000000002,-65.72509699999999,72089.0,951.7640023918676,0.0,191,190,0,0,190,190,,1,0,0,1,0
2020-09-09,US,Puerto Rico,Manati,388,0,0,18.420473,-66.490461,72091.0,879.5593135810306,0.0,388,388,0,0,388,387,,0,0,0,0,1
2020-09-09,US,Puerto Rico,Maricao,66,0,0,18.171795,-66.942126,72093.0,1051.625239005736,0.0,66,66,0,0,66,65,,0,0,0,0,1
2020-09-09,US,Puerto Rico,Maunabo,95,0,0,18.017889,-65.922235,72095.0,777.0961145194274,0.0,95,95,0,0,95,94,,0,0,0,0,1
2020-09-09,US,Puerto Rico,Mayaguez,679,0,0,18.2013,-67.1452,72097.0,762.2361921867982,0.0,679,679,0,0,679,675,,0,0,0,0,4
2020-09-09,US,Puerto Rico,Moca,271,0,0,18.377805,-67.080952,72099.0,675.6588296890972,0.0,271,271,0,0,271,270,,0,0,0,0,1
2020-09-09,US,Puerto Rico,Morovis,426,0,0,18.316963,-66.420383,72101.0,1306.3477460901565,0.0,426,426,0,0,426,424,,0,0,0,0,2
2020-09-09,US,Puerto Rico,Naguabo,150,0,0,18.230636999999998,-65.753897,72103.0,561.377245508982,0.0,150,150,0,0,150,149,,0,0,0,0,1
2020-09-09,US,Puerto Rico,Naranjito,499,0,0,18.288019,-66.252703,72105.0,1641.3393855667389,0.0,499,499,0,0,499,498,,0,0,0,0,1
2020-09-09,US,Puerto Rico,Orocovis,281,0,0,18.215046,-66.433604,72107.0,1199.6755325961662,0.0,281,281,0,0,281,280,,0,0,0,0,1
2020-09-09,US,Puerto Rico,Out of PR,753,0,0,0.0,0.0,72888.0,0.0,0.0,753,753,0,0,753,753,,0,0,0,0,0
2020-09-09,US,Puerto Rico,Patillas,144,0,0,18.03174,-66.012242,72109.0,747.0042018986355,0.0,144,144,0,0,144,144,,0,0,0,0,0
2020-09-09,US,Puerto Rico,Penuelas,100,0,0,18.059645,-66.721572,72111.0,411.82769129396263,0.0,100,100,0,0,100,99,,0,0,0,0,1
2020-09-09,US,Puerto Rico,Ponce,670,0,0,18.059498,-66.613748,72113.0,402.82094909425416,0.0,670,670,0,0,670,671,,0,0,0,0,-1
2020-09-09,US,Puerto Rico,Quebradillas,123,0,0,18.439692,-66.926113,72115.0,474.5553454994406,0.0,123,123,0,0,123,121,,0,0,0,0,2
2020-09-09,US,Puerto Rico,Rincon,137,0,0,18.335442999999998,-67.23174,72117.0,901.3157894736844,0.0,137,137,0,0,137,136,,0,0,0,0,1
2020-09-09,US,Puerto Rico,Rio Grande,455,0,0,18.346329,-65.813742,72119.0,837.8756629345903,0.0,455,454,0,0,454,453,,1,0,0,1,1
2020-09-09,US,Puerto Rico,Sabana Grande,172,0,0,18.08282,-66.943758,72121.0,680.7836928557292,0.0,172,172,0,0,172,171,,0,0,0,0,1
2020-09-09,US,Puerto Rico,Salinas,323,0,0,18.010386999999994,-66.256592,72123.0,1039.3204195894202,0.0,323,323,0,0,323,321,,0,0,0,0,2
2020-09-09,US,Puerto Rico,San German,204,0,0,18.111484,-67.03858100000001,72125.0,574.2111633405577,0.0,204,204,0,0,204,204,,0,0,0,0,0
2020-09-09,US,Puerto Rico,San Juan,5755,0,0,18.386933,-66.061128,72127.0,1455.760562168944,0.0,5755,5755,0,0,5755,5741,,0,0,0,0,14
2020-09-09,US,Puerto Rico,San Lorenzo,311,0,0,18.147987,-65.976392,72129.0,757.4650494422524,0.0,311,311,0,0,311,310,,0,0,0,0,1
2020-09-09,US,Puerto Rico,San Sebastian,292,0,0,18.328646,-66.971214,72131.0,688.1923167570116,0.0,292,292,0,0,292,292,,0,0,0,0,0
2020-09-09,US,Puerto Rico,Santa Isabel,138,0,0,17.994525,-66.388913,72133.0,592.9363237947924,0.0,138,138,0,0,138,138,,0,0,0,0,0
2020-09-09,US,Puerto Rico,Toa Alta,997,0,0,18.362406,-66.246616,72135.0,1346.0967245429754,0.0,997,997,0,0,997,991,,0,0,0,0,6
2020-09-09,US,Puerto Rico,Toa Baja,971,0,0,18.431445999999998,-66.213553,72137.0,1083.5965137430392,0.0,971,971,0,0,971,967,,0,0,0,0,4
2020-09-09,US,Puerto Rico,Trujillo Alto,797,0,0,18.336159,-65.99888399999999,72139.0,1064.9100772293632,0.0,797,797,0,0,797,796,,0,0,0,0,1
2020-09-09,US,Puerto Rico,Unassigned,546,500,0,0.0,0.0,72999.0,0.0,91.57509157509158,46,546,482,0,64,545,,0,18,0,-18,1
2020-09-09,US,Puerto Rico,Utuado,106,0,0,18.271214,-66.702984,72141.0,319.7683188029805,0.0,106,106,0,0,106,106,,0,0,0,0,0
2020-09-09,US,Puerto Rico,Vega Alta,503,0,0,18.409346,-66.33725,72143.0,1259.0423268503916,0.0,503,503,0,0,503,500,,0,0,0,0,3
2020-09-09,US,Puerto Rico,Vega Baja,707,0,0,18.428262,-66.397924,72145.0,1185.0088833763534,0.0,707,707,0,0,707,704,,0,0,0,0,3
2020-09-09,US,Puerto Rico,Vieques,85,0,0,18.123276,-65.44097099999999,72147.0,913.8802279324804,0.0,85,85,0,0,85,85,,0,0,0,0,0
2020-09-09,US,Puerto Rico,Villalba,99,0,0,18.127951,-66.473115,72149.0,379.7031411805316,0.0,99,99,0,0,99,99,,0,0,0,0,0
2020-09-09,US,Puerto Rico,Yabucoa,225,0,0,18.070399,-65.896289,72151.0,593.0260140744841,0.0,225,225,0,0,225,222,,0,0,0,0,3
2020-09-09,US,Puerto Rico,Yauco,323,0,0,18.080374,-66.858814,72153.0,768.2610660514235,0.0,323,323,0,0,323,323,,0,0,0,0,0
2020-09-09,US,Rhode Island,Bristol,369,0,0,41.71018079,-71.28652315,44001.0,761.1543142391548,0.0,369,358,0,0,358,358,48649,11,0,0,11,0
2020-09-09,US,Rhode Island,Kent,1746,0,0,41.67106337,-71.57641596,44003.0,1062.7419472646263,0.0,1746,1706,0,0,1706,1706,163861,40,0,0,40,0
2020-09-09,US,Rhode Island,Newport,476,0,0,41.5642026,-71.26569799,44005.0,579.9078969810678,0.0,476,457,0,0,457,457,82542,19,0,0,19,0
2020-09-09,US,Rhode Island,Providence,17500,0,0,41.87064746,-71.57753536,44007.0,2738.9499022586165,0.0,17500,17107,0,0,17107,17107,636084,393,0,0,393,0
2020-09-09,US,Rhode Island,Unassigned,1852,1062,0,0.0,0.0,90044.0,0.0,57.343412526997845,790,2242,1059,0,1183,1893,,-390,3,0,-393,349
2020-09-09,US,Rhode Island,Washington,733,0,0,41.45961631,-71.61435303,44009.0,583.7056148817062,0.0,733,722,0,0,722,722,126179,11,0,0,11,0
2020-09-09,US,South Carolina,Abbeville,467,11,0,34.22333378,-82.46170658,45001.0,1904.024136665716,2.3554603854389717,456,467,11,0,456,469,24541,0,0,0,0,-2
2020-09-09,US,South Carolina,Aiken,2464,69,0,33.54338026,-81.63645384,45003.0,1442.0150756121539,2.8003246753246747,2395,2457,68,0,2389,2451,169401,7,1,0,6,6
2020-09-09,US,South Carolina,Allendale,314,6,0,32.98837386,-81.35321066,45005.0,3614.180478821362,1.9108280254777068,308,314,6,0,308,314,8903,0,0,0,0,0
2020-09-09,US,South Carolina,Anderson,3404,133,0,34.51828081,-82.63959517,45007.0,1680.506324114575,3.907168037602821,3271,3400,132,0,3268,3389,200482,4,1,0,3,11
2020-09-09,US,South Carolina,Bamberg,562,31,0,33.21927586,-81.05659969,45009.0,3995.450021328025,5.5160142348754455,531,561,31,0,530,561,14275,1,0,0,1,0
2020-09-09,US,South Carolina,Barnwell,562,15,0,33.26679302,-81.43584352,45011.0,2693.376785200805,2.6690391459074734,547,557,14,0,543,556,21112,5,1,0,4,1
2020-09-09,US,South Carolina,Beaufort,5017,73,0,32.39226291,-80.72619758,45013.0,2611.3615306940383,1.455052820410604,4944,5004,72,0,4932,4988,188715,13,1,0,12,16
2020-09-09,US,South Carolina,Berkeley,4971,86,0,33.20222596,-79.94654523,45015.0,2181.1528386578734,1.7300341983504326,4885,4965,84,0,4881,4959,221091,6,2,0,4,6
2020-09-09,US,South Carolina,Calhoun,427,15,0,33.66926881,-80.77722168,45017.0,2934.102934102934,3.5128805620608903,412,427,15,0,412,425,14520,0,0,0,0,2
2020-09-09,US,South Carolina,Charleston,14529,249,0,32.82487866,-79.96512315,45019.0,3531.5479113090228,1.7138137518067311,14280,14509,249,0,14260,14485,405905,20,0,0,20,24
2020-09-09,US,South Carolina,Cherokee,907,33,0,35.05122251,-81.61828622,45021.0,1582.8970331588132,3.6383682469680254,874,903,33,0,870,903,57078,4,0,0,4,0
2020-09-09,US,South Carolina,Chester,947,19,0,34.69249168,-81.1583216,45023.0,2936.980523508249,2.006335797254488,928,942,19,0,923,940,32251,5,0,0,5,2
2020-09-09,US,South Carolina,Chesterfield,1071,30,0,34.64137396,-80.15640140000002,45025.0,2346.111719605696,2.8011204481792715,1041,1067,29,0,1038,1061,45754,4,1,0,3,6
2020-09-09,US,South Carolina,Clarendon,1013,64,0,33.66610974,-80.21647898,45027.0,3001.9262112905617,6.31786771964462,949,1012,64,0,948,1011,33700,1,0,0,1,1
2020-09-09,US,South Carolina,Colleton,926,39,0,32.87582989,-80.67641292,45029.0,2457.732834355177,4.211663066954643,887,925,39,0,886,925,37660,1,0,0,1,0
2020-09-09,US,South Carolina,Darlington,1764,46,0,34.33358335,-79.96027485,45031.0,2647.932991083491,2.6077097505668934,1718,1761,46,0,1715,1755,66802,3,0,0,3,6
2020-09-09,US,South Carolina,Dillon,841,28,0,34.39007791,-79.37741872,45033.0,2759.276879162703,3.3293697978596914,813,832,28,0,804,830,30599,9,0,0,9,2
2020-09-09,US,South Carolina,Dorchester,3750,84,0,33.0794369,-80.40502652,45035.0,2303.3124704408233,2.24,3666,3743,84,0,3659,3728,160647,7,0,0,7,15
2020-09-09,US,South Carolina,Edgefield,508,15,0,33.77221995,-81.96231108,45037.0,1863.536316947909,2.9527559055118107,493,506,14,0,492,509,27052,2,1,0,1,-3
2020-09-09,US,South Carolina,Fairfield,690,29,0,34.39287073,-81.1195624,45039.0,3087.662773526648,4.202898550724638,661,689,29,0,660,689,22402,1,0,0,1,0
2020-09-09,US,South Carolina,Florence,4542,168,0,34.02361754,-79.70189312,45041.0,3284.33109412624,3.6988110964332894,4374,4519,166,0,4353,4503,138159,23,2,0,21,16
2020-09-09,US,South Carolina,Georgetown,1798,40,0,33.43443342,-79.33202141,45043.0,2868.538608806637,2.2246941045606228,1758,1795,38,0,1757,1791,62249,3,2,0,1,4
2020-09-09,US,South Carolina,Greenville,12721,275,0,34.89502264,-82.37295012,45045.0,2429.795508287779,2.1617797342976184,12446,12692,270,0,12422,12650,514213,29,5,0,24,42
2020-09-09,US,South Carolina,Greenwood,1968,59,0,34.15272415,-82.12715789,45047.0,2779.2292157998054,2.9979674796747973,1909,1965,58,0,1907,1989,70741,3,1,0,2,-24
2020-09-09,US,South Carolina,Hampton,567,25,0,32.77419582,-81.13845571,45049.0,2949.745083758193,4.409171075837743,542,567,25,0,542,565,19351,0,0,0,0,2
2020-09-09,US,South Carolina,Horry,9647,189,0,33.9212828,-78.99555293,45051.0,2724.517836314289,1.9591582875505336,9458,9619,189,0,9430,9602,344147,28,0,0,28,17
2020-09-09,US,South Carolina,Jasper,716,18,0,32.43171982,-81.02487495,45053.0,2380.8732085259203,2.5139664804469275,698,715,18,0,697,715,28971,1,0,0,1,0
2020-09-09,US,South Carolina,Kershaw,1716,33,0,34.33988254,-80.58763164,45055.0,2578.4736517858482,1.9230769230769231,1683,1715,32,0,1683,1712,65592,1,1,0,0,3
2020-09-09,US,South Carolina,Lancaster,1802,43,0,34.68270843,-80.70513032,45057.0,1838.5503815859286,2.386237513873474,1759,1796,43,0,1753,1788,95380,6,0,0,6,8
2020-09-09,US,South Carolina,Laurens,1539,54,0,34.48244419,-82.00490796,45059.0,2280.236468967152,3.5087719298245608,1485,1538,54,0,1484,1545,66994,1,0,0,1,-7
2020-09-09,US,South Carolina,Lee,682,32,0,34.16393091,-80.25690731,45061.0,4052.769194200143,4.6920821114369495,650,683,32,0,651,681,17142,-1,0,0,-1,2
2020-09-09,US,South Carolina,Lexington,6148,148,0,33.89665987,-81.27146426,45063.0,2057.907949790795,2.407286922576448,6000,6123,148,0,5975,6121,295032,25,0,0,25,2
2020-09-09,US,South Carolina,Marion,752,18,0,34.07859748,-79.36400756,45067.0,2452.947124637114,2.3936170212765955,734,752,17,0,735,751,31039,0,1,0,-1,1
2020-09-09,US,South Carolina,Marlboro,805,6,0,34.59905577,-79.67561152,45069.0,3082.165556321311,0.7453416149068323,799,804,5,0,799,805,26398,1,1,0,0,-1
2020-09-09,US,South Carolina,McCormick,177,5,0,33.90161443,-82.30794338,45065.0,1870.442777131988,2.824858757062147,172,175,5,0,170,175,9410,2,0,0,2,0
2020-09-09,US,South Carolina,Newberry,1031,16,0,34.28629098,-81.59935761,45071.0,2682.10197710718,1.5518913676042676,1015,1030,16,0,1014,1029,38520,1,0,0,1,1
2020-09-09,US,South Carolina,Oconee,1209,20,0,34.75225169,-83.06742317,45073.0,1519.87529228371,1.654259718775848,1189,1209,20,0,1189,1204,78374,0,0,0,0,5
2020-09-09,US,South Carolina,Orangeburg,2915,109,0,33.4391073,-80.79886287,45075.0,3382.651581085001,3.7392795883361916,2806,2911,109,0,2802,2908,86934,4,0,0,4,3
2020-09-09,US,South Carolina,Pickens,2445,36,0,34.88807695,-82.72791551,45077.0,1926.9569055200025,1.4723926380368098,2409,2443,36,0,2407,2429,124937,2,0,0,2,14
2020-09-09,US,South Carolina,Richland,12430,207,0,34.01791263,-80.90267209,45079.0,2989.712790342482,1.66532582461786,12223,12396,204,0,12192,12318,414576,34,3,0,31,78
2020-09-09,US,South Carolina,Saluda,615,16,0,34.00795823,-81.72713237,45081.0,3003.9564304205537,2.6016260162601625,599,615,15,0,600,620,20544,0,1,0,-1,-5
2020-09-09,US,South Carolina,Spartanburg,5617,175,0,34.92960077,-81.99225984,45083.0,1756.4926434948486,3.1155421043261526,5442,5603,172,0,5431,5593,313888,14,3,0,11,10
2020-09-09,US,South Carolina,Sumter,2921,71,0,33.91826534,-80.37942316,45085.0,2737.043318559609,2.4306744265662443,2850,2918,70,0,2848,2914,106512,3,1,0,2,4
2020-09-09,US,South Carolina,Union,490,9,0,34.68835752,-81.61730349,45087.0,1793.8204715185238,1.836734693877551,481,489,9,0,480,487,27410,1,0,0,1,2
2020-09-09,US,South Carolina,Williamsburg,1247,39,0,33.62190129,-79.72767442,45089.0,4106.296101159115,3.1275060144346427,1208,1244,39,0,1205,1242,30606,3,0,0,3,2
2020-09-09,US,South Carolina,York,4579,56,0,34.97281497,-81.18085944,45091.0,1629.6591560223362,1.2229744485695566,4523,4551,55,0,4496,4522,274118,28,1,0,27,29
2020-09-09,US,South Dakota,Aurora,42,0,0,43.71757685,-98.56050467,46003.0,1526.7175572519086,0.0,42,42,0,0,42,42,2801,0,0,0,0,0
2020-09-09,US,South Dakota,Beadle,654,9,0,44.41464384,-98.27858469,46005.0,3544.139164363518,1.3761467889908257,645,647,9,0,638,646,18883,7,0,0,7,1
2020-09-09,US,South Dakota,Bennett,35,0,0,43.19486375,-101.6665572,46007.0,1040.1188707280833,0.0,35,34,0,0,34,33,3468,1,0,0,1,1
2020-09-09,US,South Dakota,Bon Homme,59,1,0,42.98914167,-97.88592746,46009.0,854.9485581799739,1.6949152542372878,58,59,1,0,58,59,6980,0,0,0,0,0
2020-09-09,US,South Dakota,Brookings,538,1,0,44.36974375,-96.79079945,46011.0,1533.7685662970034,0.18587360594795535,537,534,1,0,533,523,35232,4,0,0,4,11
2020-09-09,US,South Dakota,Brown,848,3,0,45.58994323,-98.35165355,46013.0,2183.372383429028,0.35377358490566035,845,838,3,0,835,829,39316,10,0,0,10,9
2020-09-09,US,South Dakota,Brule,76,0,0,43.71756379,-99.08118954,46015.0,1434.7744006041155,0.0,76,76,0,0,76,76,5229,0,0,0,0,0
2020-09-09,US,South Dakota,Buffalo,112,3,0,44.07657829,-99.20814467,46017.0,5708.4607543323145,2.6785714285714284,109,112,3,0,109,112,2036,0,0,0,0,0
2020-09-09,US,South Dakota,Butte,61,1,0,44.90608745,-103.5079318,46019.0,584.9074695560456,1.639344262295082,60,58,1,0,57,57,10222,3,0,0,3,1
2020-09-09,US,South Dakota,Campbell,4,0,0,45.77074915,-100.0510181,46021.0,290.6976744186046,0.0,4,4,0,0,4,4,1377,0,0,0,0,0
2020-09-09,US,South Dakota,Charles Mix,127,0,0,43.20660134,-98.58856175,46023.0,1366.767111493758,0.0,127,125,0,0,125,125,9338,2,0,0,2,0
2020-09-09,US,South Dakota,Clark,23,0,0,44.85834507,-97.72925109,46025.0,615.6316916488222,0.0,23,23,0,0,23,23,3739,0,0,0,0,0
2020-09-09,US,South Dakota,Clay,479,3,0,42.91296147,-96.97656917,46027.0,3404.406538734897,0.6263048016701461,476,464,3,0,461,462,14041,15,0,0,15,2
2020-09-09,US,South Dakota,Codington,490,2,0,44.97788119,-97.18827677,46029.0,1749.4376807454746,0.4081632653061225,488,468,2,0,466,462,28015,22,0,0,22,6
2020-09-09,US,South Dakota,Corson,68,0,0,45.70889983,-101.1970473,46031.0,1664.2192853646598,0.0,68,67,0,0,67,67,4165,1,0,0,1,0
2020-09-09,US,South Dakota,Custer,139,1,0,43.67741105,-103.45345209999999,46033.0,1549.2643780650915,0.7194244604316546,138,138,1,0,137,138,8726,1,0,0,1,0
2020-09-09,US,South Dakota,Davison,164,2,0,43.67490933,-98.14458906,46035.0,829.3299620733249,1.2195121951219512,162,162,2,0,160,158,19790,2,0,0,2,4
2020-09-09,US,South Dakota,Day,43,0,0,45.367281,-97.60737498,46037.0,792.772861356932,0.0,43,43,0,0,43,43,5505,0,0,0,0,0
2020-09-09,US,South Dakota,Deuel,59,0,0,44.75994309,-96.66943645,46039.0,1356.010112617789,0.0,59,54,0,0,54,54,4337,5,0,0,5,0
2020-09-09,US,South Dakota,Dewey,95,0,0,45.15639647,-100.8709139,46041.0,1612.3557365919892,0.0,95,93,0,0,93,93,5904,2,0,0,2,0
2020-09-09,US,South Dakota,Douglas,34,0,0,43.38520741,-98.36978007,46043.0,1163.9849366655255,0.0,34,32,0,0,32,32,2935,2,0,0,2,0
2020-09-09,US,South Dakota,Edmunds,44,0,0,45.41846445,-99.21545423,46045.0,1149.125097936798,0.0,44,42,0,0,42,39,3875,2,0,0,2,3
2020-09-09,US,South Dakota,Fall River,70,1,0,43.23929297,-103.5275691,46047.0,1042.7528675703861,1.4285714285714286,69,68,1,0,67,67,6758,2,0,0,2,1
2020-09-09,US,South Dakota,Faulk,44,1,0,45.07082625,-99.14535601,46049.0,1913.875598086125,2.272727272727273,43,43,1,0,42,43,2330,1,0,0,1,0
2020-09-09,US,South Dakota,Grant,52,0,0,45.1723937,-96.77002276,46051.0,737.379466817924,0.0,52,51,0,0,51,51,7147,1,0,0,1,0
2020-09-09,US,South Dakota,Gregory,44,1,0,43.19419064,-99.18883902,46053.0,1051.373954599761,2.272727272727273,43,40,1,0,39,39,4212,4,0,0,4,1
2020-09-09,US,South Dakota,Haakon,8,0,0,44.29299053,-101.539099,46055.0,421.274354923644,0.0,8,8,0,0,8,7,1918,0,0,0,0,1
2020-09-09,US,South Dakota,Hamlin,72,0,0,44.67385954,-97.18829593,46057.0,1168.0726800778716,0.0,72,70,0,0,70,69,6111,2,0,0,2,1
2020-09-09,US,South Dakota,Hand,16,0,0,44.54708407,-99.00386459,46059.0,501.41021623315567,0.0,16,16,0,0,16,15,3262,0,0,0,0,1
2020-09-09,US,South Dakota,Hanson,25,0,0,43.6746384,-97.78715148,46061.0,724.0081088908196,0.0,25,25,0,0,25,25,3376,0,0,0,0,0
2020-09-09,US,South Dakota,Harding,3,0,0,45.58015551,-103.4958629,46063.0,231.12480739599386,0.0,3,2,0,0,2,2,1249,1,0,0,1,0
2020-09-09,US,South Dakota,Hughes,150,4,0,44.39091534,-99.99661148,46065.0,855.8712769599452,2.6666666666666665,146,151,4,0,147,146,17650,-1,0,0,-1,5
2020-09-09,US,South Dakota,Hutchinson,57,1,0,43.33449012,-97.75536441,46067.0,781.7857632697848,1.7543859649122806,56,57,1,0,56,56,7380,0,0,0,0,1
2020-09-09,US,South Dakota,Hyde,7,0,0,44.54747703,-99.48572582,46069.0,538.0476556495004,0.0,7,7,0,0,7,8,1282,0,0,0,0,-1
2020-09-09,US,South Dakota,Jackson,12,1,0,43.69318385,-101.6255063,46071.0,358.85167464114835,8.333333333333334,11,12,1,0,11,12,3307,0,0,0,0,0
2020-09-09,US,South Dakota,Jerauld,46,1,0,44.06637798,-98.62965972,46073.0,2285.146547441629,2.1739130434782608,45,46,1,0,45,45,2043,0,0,0,0,1
2020-09-09,US,South Dakota,Jones,6,0,0,43.96278565,-100.6940008,46075.0,664.4518272425249,0.0,6,6,0,0,6,6,928,0,0,0,0,0
2020-09-09,US,South Dakota,Kingsbury,27,0,0,44.36956169,-97.4913945,46077.0,546.6693662684753,0.0,27,25,0,0,25,25,4919,2,0,0,2,0
2020-09-09,US,South Dakota,Lake,135,6,0,44.02193107,-97.12926365,46079.0,1054.9347503321092,4.4444444444444455,129,131,6,0,125,128,13057,4,0,0,4,3
2020-09-09,US,South Dakota,Lawrence,267,4,0,44.35919441,-103.79294279999999,46081.0,1033.1218077696954,1.49812734082397,263,264,4,0,260,263,25741,3,0,0,3,1
2020-09-09,US,South Dakota,Lincoln,1015,2,0,43.27841182,-96.72039050000001,46083.0,1660.4502028530294,0.19704433497536947,1013,1007,2,0,1005,998,58807,8,0,0,8,9
2020-09-09,US,South Dakota,Lyman,104,3,0,43.89522709,-99.85201878,46085.0,2750.5950806664905,2.8846153846153846,101,104,3,0,101,104,3821,0,0,0,0,0
2020-09-09,US,South Dakota,Marshall,21,0,0,45.75870838,-97.59855639,46091.0,425.531914893617,0.0,21,20,0,0,20,19,5112,1,0,0,1,1
2020-09-09,US,South Dakota,McCook,61,1,0,43.6742571,-97.36863144,46087.0,1092.0157536698891,1.639344262295082,60,61,1,0,60,60,5546,0,0,0,0,1
2020-09-09,US,South Dakota,McPherson,16,0,0,45.76626028,-99.22118798,46089.0,672.5514922236233,0.0,16,16,0,0,16,14,2407,0,0,0,0,2
2020-09-09,US,South Dakota,Meade,348,1,0,44.56676791,-102.71627409999999,46093.0,1228.293096145701,0.28735632183908044,347,346,1,0,345,348,28294,2,0,0,2,-2
2020-09-09,US,South Dakota,Mellette,25,0,0,43.58078848,-100.7563186,46095.0,1213.0033964095098,0.0,25,25,0,0,25,25,2042,0,0,0,0,0
2020-09-09,US,South Dakota,Miner,17,0,0,44.02197882,-97.60992207,46097.0,767.1480144404331,0.0,17,17,0,0,17,17,2213,0,0,0,0,0
2020-09-09,US,South Dakota,Minnehaha,5653,71,0,43.67441641,-96.7910885,46099.0,2926.9833379933093,1.255970281266584,5582,5625,71,0,5554,5601,192876,28,0,0,28,24
2020-09-09,US,South Dakota,Moody,57,0,0,44.02266214,-96.67081159,46101.0,866.7883211678833,0.0,57,56,0,0,56,55,6579,1,0,0,1,1
2020-09-09,US,South Dakota,Oglala Lakota,195,2,0,43.33749164,-102.55554980000001,46102.0,1375.4673062001834,1.0256410256410255,193,196,2,0,194,196,14309,-1,0,0,-1,0
2020-09-09,US,South Dakota,Pennington,1666,33,0,44.0025835,-102.8240777,46103.0,1464.2935618545373,1.9807923169267707,1633,1642,33,0,1609,1635,111729,24,0,0,24,7
2020-09-09,US,South Dakota,Perkins,24,0,0,45.49049506,-102.47555859999999,46105.0,837.6963350785339,0.0,24,24,0,0,24,22,2922,0,0,0,0,2
2020-09-09,US,South Dakota,Potter,25,0,0,45.06583079,-99.95498503,46107.0,1161.1704598235021,0.0,25,25,0,0,25,25,2207,0,0,0,0,0
2020-09-09,US,South Dakota,Roberts,107,1,0,45.62975048,-96.94672673,46109.0,1029.440061573985,0.9345794392523364,106,105,1,0,104,105,10447,2,0,0,2,0
2020-09-09,US,South Dakota,Sanborn,15,0,0,44.02351092,-98.09098159999999,46111.0,639.9317406143344,0.0,15,16,0,0,16,16,2429,-1,0,0,-1,0
2020-09-09,US,South Dakota,Spink,72,0,0,44.93837606,-98.34626602,46115.0,1129.2346298619825,0.0,72,70,0,0,70,70,6495,2,0,0,2,0
2020-09-09,US,South Dakota,Stanley,23,0,0,44.41381872,-100.7349153,46117.0,742.4144609425435,0.0,23,23,0,0,23,23,3022,0,0,0,0,0
2020-09-09,US,South Dakota,Sully,8,0,0,44.71571812,-100.1278092,46119.0,575.1258087706685,0.0,8,8,0,0,8,8,1392,0,0,0,0,0
2020-09-09,US,South Dakota,Todd,87,5,0,43.19338568,-100.71955030000001,46121.0,854.8688218531984,5.747126436781608,82,87,5,0,82,87,10283,0,0,0,0,0
2020-09-09,US,South Dakota,Tripp,29,0,0,43.34459388,-99.8854891,46123.0,532.9902591435398,0.0,29,27,0,0,27,27,5478,2,0,0,2,0
2020-09-09,US,South Dakota,Turner,97,0,0,43.3109081,-97.14865776,46125.0,1156.9656488549615,0.0,97,97,0,0,97,97,8424,0,0,0,0,0
2020-09-09,US,South Dakota,Union,296,5,0,42.83112163,-96.6557828,46127.0,1857.896058247552,1.6891891891891893,291,295,5,0,290,290,15619,1,0,0,1,5
2020-09-09,US,South Dakota,Walworth,58,0,0,45.43019636,-100.03075140000001,46129.0,1067.1573137074515,0.0,58,56,0,0,56,54,5587,2,0,0,2,2
2020-09-09,US,South Dakota,Yankton,262,3,0,43.00924485,-97.39467635,46135.0,1148.4176382922767,1.1450381679389312,259,263,3,0,260,265,22869,-1,0,0,-1,-2
2020-09-09,US,South Dakota,Ziebach,55,0,0,44.97881876,-101.6654622,46137.0,1995.645863570392,0.0,55,55,0,0,55,55,2742,0,0,0,0,0
2020-09-09,US,Tennessee,Anderson,963,9,0,36.12684348,-84.19965764,47001.0,1251.006781158253,0.9345794392523364,954,957,9,0,948,952,76482,6,0,0,6,5
2020-09-09,US,Tennessee,Bedford,1172,14,0,35.51123746,-86.45549096,47003.0,2357.532235029067,1.1945392491467577,1158,1169,14,0,1155,1166,49038,3,0,0,3,3
2020-09-09,US,Tennessee,Benton,289,8,0,36.07110411,-88.06849355,47005.0,1788.3663366336636,2.7681660899653977,281,288,7,0,281,286,16184,1,1,0,0,2
2020-09-09,US,Tennessee,Bledsoe,808,4,0,35.59942968,-85.20611967,47007.0,5363.7812002124265,0.4950495049504951,804,802,4,0,798,802,14755,6,0,0,6,0
2020-09-09,US,Tennessee,Blount,2168,18,0,35.68938198,-83.92847788,47009.0,1628.9973551334454,0.8302583025830258,2150,2152,17,0,2135,2147,131349,16,1,0,15,5
2020-09-09,US,Tennessee,Bradley,2606,16,0,35.15739424,-84.857186,47011.0,2410.5078161132183,0.6139677666922486,2590,2595,16,0,2579,2587,106727,11,0,0,11,8
2020-09-09,US,Tennessee,Campbell,370,3,0,36.40355516,-84.15108559999999,47013.0,928.6682395462076,0.8108108108108109,367,369,3,0,366,369,39583,1,0,0,1,0
2020-09-09,US,Tennessee,Cannon,233,0,0,35.80990797,-86.05738983,47015.0,1587.4097288458918,0.0,233,231,0,0,231,230,14462,2,0,0,2,1
2020-09-09,US,Tennessee,Carroll,703,10,0,35.97366108,-88.45189331,47017.0,2531.7823315446394,1.4224751066856332,693,698,10,0,688,694,28020,5,0,0,5,4
2020-09-09,US,Tennessee,Carter,1011,24,0,36.28969086,-82.12588974,47019.0,1792.8392828642868,2.373887240356083,987,1000,25,0,975,995,56351,11,-1,0,12,5
2020-09-09,US,Tennessee,Cheatham,731,10,0,36.26136216,-87.08903581,47021.0,1797.5262497848375,1.3679890560875514,721,729,10,0,719,728,40439,2,0,0,2,1
2020-09-09,US,Tennessee,Chester,470,7,0,35.42527478,-88.6095842,47023.0,2717.234202462855,1.4893617021276595,463,463,6,0,457,461,17276,7,1,0,6,2
2020-09-09,US,Tennessee,Claiborne,383,3,0,36.48319149,-83.65947309,47025.0,1198.4104634062394,0.783289817232376,380,383,3,0,380,383,31756,0,0,0,0,0
2020-09-09,US,Tennessee,Clay,131,3,0,36.55151008,-85.53930419,47027.0,1720.2889034799734,2.2900763358778624,128,131,2,0,129,131,7717,0,1,0,-1,0
2020-09-09,US,Tennessee,Cocke,672,7,0,35.9278914,-83.11828725,47029.0,1866.4592823019666,1.0416666666666667,665,671,7,0,664,673,35774,1,0,0,1,-2
2020-09-09,US,Tennessee,Coffee,848,8,0,35.49090731,-86.07311784,47031.0,1500.3538570417554,0.9433962264150944,840,836,7,0,829,834,55700,12,1,0,11,2
2020-09-09,US,Tennessee,Crockett,436,15,0,35.81830662,-89.14916269,47033.0,3063.949402670415,3.440366972477064,421,431,14,0,417,431,14328,5,1,0,4,0
2020-09-09,US,Tennessee,Cumberland,992,10,0,35.95271721,-84.99840585,47035.0,1639.1275611368142,1.0080645161290325,982,992,9,0,983,992,59673,0,1,0,-1,0
2020-09-09,US,Tennessee,Davidson,24513,269,0,36.17007426,-86.78646056,47037.0,3531.39982482021,1.0973769020519724,24244,24418,267,0,24151,24372,692587,95,2,0,93,46
2020-09-09,US,Tennessee,DeKalb,509,7,0,35.97616272,-85.83689361,47041.0,2484.1386041971696,1.3752455795677798,502,507,6,0,501,507,20138,2,1,0,1,0
2020-09-09,US,Tennessee,Decatur,366,5,0,35.60048904,-88.11043779,47039.0,3138.129126296836,1.3661202185792352,361,360,4,0,356,354,11706,6,1,0,5,6
2020-09-09,US,Tennessee,Dickson,1090,10,0,36.14669837,-87.35891709,47043.0,2020.464150663602,0.9174311926605504,1080,1077,9,0,1068,1015,53446,13,1,0,12,62
2020-09-09,US,Tennessee,Dyer,1061,11,0,36.05931946,-89.41542855,47045.0,2855.2975053149976,1.0367577756833175,1050,1063,10,0,1053,1060,37320,-2,1,0,-3,3
2020-09-09,US,Tennessee,Fayette,1008,12,0,35.19615831,-89.41399032,47047.0,2450.587119830793,1.1904761904761905,996,1008,12,0,996,1005,40507,0,0,0,0,3
2020-09-09,US,Tennessee,Fentress,301,0,0,36.38128818,-84.92870012,47049.0,1625.0067483668952,0.0,301,299,0,0,299,300,18217,2,0,0,2,-1
2020-09-09,US,Tennessee,Franklin,653,5,0,35.15634626,-86.09201039,47051.0,1547.1000758150117,0.7656967840735069,648,648,5,0,643,636,41890,5,0,0,5,12
2020-09-09,US,Tennessee,Gibson,1256,18,0,35.99438059,-88.93358327,47053.0,2556.326705065842,1.4331210191082802,1238,1237,17,0,1220,1214,49045,19,1,0,18,23
2020-09-09,US,Tennessee,Giles,493,15,0,35.20222469,-87.03992678,47055.0,1673.2283464566929,3.042596348884381,478,490,15,0,475,486,29503,3,0,0,3,4
2020-09-09,US,Tennessee,Grainger,298,1,0,36.27469206,-83.51254721,47057.0,1277.8730703259005,0.3355704697986577,297,295,1,0,294,295,23145,3,0,0,3,0
2020-09-09,US,Tennessee,Greene,948,22,0,36.17470125,-82.84691273,47059.0,1372.5405029752856,2.3206751054852317,926,938,19,0,919,937,69087,10,3,0,7,1
2020-09-09,US,Tennessee,Grundy,160,3,0,35.38433717,-85.72142731,47061.0,1191.6288076264245,1.875,157,158,3,0,155,158,13346,2,0,0,2,0
2020-09-09,US,Tennessee,Hamblen,1698,21,0,36.21990035,-83.26586179,47063.0,2614.9628853913205,1.2367491166077738,1677,1693,21,0,1672,1691,64569,5,0,0,5,2
2020-09-09,US,Tennessee,Hamilton,8640,77,0,35.17670231,-85.16652245,47065.0,2349.077225913802,0.8912037037037037,8563,8594,78,0,8516,8563,364286,46,-1,0,47,31
2020-09-09,US,Tennessee,Hancock,100,2,0,36.52692871,-83.22375847,47067.0,1510.5740181268882,2.0,98,100,2,0,98,100,6549,0,0,0,0,0
2020-09-09,US,Tennessee,Hardeman,1288,24,0,35.20772017,-88.99161161,47069.0,5141.716566866267,1.8633540372670807,1264,1288,22,0,1266,1288,25220,0,2,0,-2,0
2020-09-09,US,Tennessee,Hardin,819,12,0,35.19732531,-88.18593755,47071.0,3192.7335100576947,1.465201465201465,807,810,12,0,798,807,25776,9,0,0,9,3
2020-09-09,US,Tennessee,Hawkins,702,13,0,36.44355426,-82.94885298,47073.0,1236.2201951185152,1.851851851851852,689,704,13,0,691,703,56530,-2,0,0,-2,1
2020-09-09,US,Tennessee,Haywood,824,13,0,35.58332824,-89.28536625,47075.0,4761.904761904762,1.577669902912621,811,817,12,0,805,810,17335,7,1,0,6,7
2020-09-09,US,Tennessee,Henderson,989,14,0,35.65581134,-88.38600175,47077.0,3517.444962122559,1.4155712841253791,975,983,11,0,972,975,27847,6,3,0,3,8
2020-09-09,US,Tennessee,Henry,527,8,0,36.33160906,-88.30121797,47079.0,1629.3090122120886,1.5180265654648957,519,526,8,0,518,527,32358,1,0,0,1,-1
2020-09-09,US,Tennessee,Hickman,420,4,0,35.80609681,-87.47643507,47081.0,1668.1229644928112,0.9523809523809524,416,413,4,0,409,412,25063,7,0,0,7,1
2020-09-09,US,Tennessee,Houston,119,0,0,36.28872054,-87.71878828,47083.0,1451.0425557858798,0.0,119,120,0,0,120,119,8263,-1,0,0,-1,1
2020-09-09,US,Tennessee,Humphreys,187,3,0,36.03958805,-87.77992872,47085.0,1006.3502314067376,1.60427807486631,184,181,3,0,178,179,18486,6,0,0,6,2
2020-09-09,US,Tennessee,Jackson,264,2,0,36.36380466,-85.67239905,47087.0,2239.945698286102,0.7575757575757576,262,262,2,0,260,261,11758,2,0,0,2,1
2020-09-09,US,Tennessee,Jefferson,926,9,0,36.04818632,-83.45148924,47089.0,1699.2384622442426,0.9719222462203024,917,923,9,0,914,918,54012,3,0,0,3,5
2020-09-09,US,Tennessee,Johnson,514,1,0,36.45523950000001,-81.84886538,47091.0,2889.5884866201927,0.19455252918287935,513,509,1,0,508,511,17778,5,0,0,5,-2
2020-09-09,US,Tennessee,Knox,7445,66,0,35.99508821,-83.94635435,47093.0,1582.9883503113886,0.8865010073875084,7379,7370,66,0,7304,7304,465289,75,0,0,75,66
2020-09-09,US,Tennessee,Lake,850,2,0,36.34180170000001,-89.48921915,47095.0,12115.165336373999,0.2352941176470588,848,848,2,0,846,846,7411,2,0,0,2,2
2020-09-09,US,Tennessee,Lauderdale,831,14,0,35.75893438,-89.63015909999999,47097.0,3241.914719307143,1.6847172081829125,817,831,12,0,819,833,25825,0,2,0,-2,-2
2020-09-09,US,Tennessee,Lawrence,808,11,0,35.21675201,-87.39787695,47099.0,1830.4562548140093,1.3613861386138617,797,804,11,0,793,799,43734,4,0,0,4,5
2020-09-09,US,Tennessee,Lewis,149,1,0,35.52853208,-87.49022694,47101.0,1214.541897619824,0.6711409395973155,148,149,1,0,148,149,12086,0,0,0,0,0
2020-09-09,US,Tennessee,Lincoln,467,1,0,35.13738622,-86.58910106,47103.0,1358.9012395972766,0.21413276231263384,466,467,1,0,466,464,34117,0,0,0,0,3
2020-09-09,US,Tennessee,Loudon,986,4,0,35.73939663,-84.31145275,47105.0,1823.6295035880746,0.4056795131845842,982,986,4,0,982,976,53054,0,0,0,0,10
2020-09-09,US,Tennessee,Macon,952,18,0,36.53157855,-86.00778595,47111.0,3869.604097227867,1.8907563025210083,934,952,17,0,935,952,24265,0,1,0,-1,0
2020-09-09,US,Tennessee,Madison,2152,50,0,35.61181957,-88.84076036,47113.0,2196.276943174396,2.3234200743494418,2102,2105,49,0,2056,2089,97605,47,1,0,46,16
2020-09-09,US,Tennessee,Marion,400,7,0,35.12997174,-85.62265895,47115.0,1383.7478811360572,1.75,393,397,7,0,390,392,28575,3,0,0,3,5
2020-09-09,US,Tennessee,Marshall,601,4,0,35.45798777,-86.76420988,47117.0,1748.3636363636365,0.6655574043261231,597,599,4,0,595,599,33683,2,0,0,2,0
2020-09-09,US,Tennessee,Maury,1902,18,0,35.618741299999996,-87.07462444,47119.0,1973.2951539107971,0.946372239747634,1884,1900,18,0,1882,1892,94340,2,0,0,2,8
2020-09-09,US,Tennessee,McMinn,894,24,0,35.42812616,-84.61520715,47107.0,1661.8953786667655,2.684563758389262,870,884,24,0,860,875,53285,10,0,0,10,9
2020-09-09,US,Tennessee,McNairy,648,14,0,35.17468549,-88.5647812,47109.0,2521.989569549311,2.1604938271604937,634,635,14,0,621,633,25832,13,0,0,13,2
2020-09-09,US,Tennessee,Meigs,186,3,0,35.51558739,-84.81482914,47121.0,1497.3434229592658,1.6129032258064515,183,182,3,0,179,181,12306,4,0,0,4,1
2020-09-09,US,Tennessee,Monroe,879,16,0,35.44550387,-84.24902965,47123.0,1888.4950048340313,1.8202502844141069,863,874,15,0,859,875,46357,5,1,0,4,-1
2020-09-09,US,Tennessee,Montgomery,2661,35,0,36.49609412,-87.38550661,47125.0,1273.2483863095893,1.3152950018789928,2626,2639,33,0,2606,2628,205950,22,2,0,20,11
2020-09-09,US,Tennessee,Moore,118,1,0,35.27724699,-86.36230578,47127.0,1818.7422934648584,0.8474576271186439,117,118,1,0,117,117,6411,0,0,0,0,1
2020-09-09,US,Tennessee,Morgan,268,2,0,36.13248031,-84.64880098,47129.0,1252.1609120216792,0.746268656716418,266,266,2,0,264,266,21579,2,0,0,2,0
2020-09-09,US,Tennessee,Obion,940,8,0,36.35732446,-89.14921589,47131.0,3126.143203964216,0.851063829787234,932,937,8,0,929,934,30267,3,0,0,3,3
2020-09-09,US,Tennessee,Out of TN,2574,23,0,0.0,0.0,80047.0,0.0,0.8935508935508936,2551,2574,23,0,2551,2578,,0,0,0,0,-4
2020-09-09,US,Tennessee,Overton,538,2,0,36.34117832,-85.28989535,47133.0,2418.9559821950447,0.3717472118959108,536,537,2,0,535,534,22068,1,0,0,1,3
2020-09-09,US,Tennessee,Perry,123,0,0,35.63708728,-87.86139634,47135.0,1523.0312035661218,0.0,123,122,0,0,122,120,8064,1,0,0,1,2
2020-09-09,US,Tennessee,Pickett,83,1,0,36.55606529,-85.07763299999998,47137.0,1644.215530903328,1.2048192771084338,82,80,1,0,79,80,5082,3,0,0,3,0
2020-09-09,US,Tennessee,Polk,353,11,0,35.12245443,-84.52075859,47139.0,2097.1958174904944,3.1161473087818696,342,353,11,0,342,353,16898,0,0,0,0,0
2020-09-09,US,Tennessee,Putnam,2518,33,0,36.14005459,-85.50646123,47141.0,3137.890211228114,1.3105639396346307,2485,2502,32,0,2470,2499,78843,16,1,0,15,3
2020-09-09,US,Tennessee,Rhea,698,5,0,35.60536161,-84.93076643,47143.0,2104.501462296861,0.7163323782234957,693,686,5,0,681,684,33044,12,0,0,12,2
2020-09-09,US,Tennessee,Roane,704,2,0,35.84923189,-84.52458689,47145.0,1318.7965981042298,0.2840909090909091,702,696,2,0,694,693,53140,8,0,0,8,3
2020-09-09,US,Tennessee,Robertson,2015,31,0,36.52454807,-86.87346725,47147.0,2805.8986534471474,1.5384615384615383,1984,2014,31,0,1983,1991,71012,1,0,0,1,23
2020-09-09,US,Tennessee,Rutherford,8270,81,0,35.84591405,-86.4107263,47149.0,2488.8273620536593,0.9794437726723096,8189,8242,80,0,8162,8188,324890,28,1,0,27,54
2020-09-09,US,Tennessee,Scott,170,2,0,36.42325673,-84.50360494,47151.0,770.3462026463658,1.1764705882352942,168,167,2,0,165,167,22039,3,0,0,3,0
2020-09-09,US,Tennessee,Sequatchie,176,2,0,35.36979721,-85.41022136,47153.0,1171.303074670571,1.1363636363636365,174,177,2,0,175,174,14876,-1,0,0,-1,3
2020-09-09,US,Tennessee,Sevier,2342,13,0,35.78077323,-83.52244332,47155.0,2383.7150127226464,0.5550811272416738,2329,2329,13,0,2316,2326,97892,13,0,0,13,3
2020-09-09,US,Tennessee,Shelby,28117,406,0,35.1864775,-89.89692423,47157.0,3000.215543457616,1.4439662837429312,27711,28011,407,0,27604,27947,935764,106,-1,0,107,64
2020-09-09,US,Tennessee,Smith,587,9,0,36.25359775,-85.95411046,47159.0,2912.139703328869,1.5332197614991483,578,590,9,0,581,580,19942,-3,0,0,-3,10
2020-09-09,US,Tennessee,Stewart,112,1,0,36.50235092,-87.83920548,47161.0,816.6241341596792,0.8928571428571429,111,108,1,0,107,107,13561,4,0,0,4,1
2020-09-09,US,Tennessee,Sullivan,1896,27,0,36.51240691,-82.30412917,47163.0,1197.3627706065122,1.4240506329113924,1869,1875,27,0,1848,1872,157668,21,0,0,21,3
2020-09-09,US,Tennessee,Sumner,4318,88,0,36.46824103,-86.45917204,47165.0,2257.388267645321,2.0379805465493286,4230,4300,87,0,4213,4282,187149,18,1,0,17,18
2020-09-09,US,Tennessee,Tipton,1572,15,0,35.501942,-89.73694895,47167.0,2551.989480348707,0.9541984732824428,1557,1566,15,0,1551,1561,61581,6,0,0,6,5
2020-09-09,US,Tennessee,Trousdale,1631,7,0,36.39026213,-86.16087954,47169.0,14454.09429280397,0.4291845493562232,1624,1629,7,0,1622,1629,11012,2,0,0,2,0
2020-09-09,US,Tennessee,Unassigned,3866,10,0,0.0,0.0,90047.0,0.0,0.2586652871184687,3856,3823,9,0,3814,3797,,43,1,0,42,26
2020-09-09,US,Tennessee,Unicoi,244,1,0,36.10890856,-82.43709629,47171.0,1364.424313593916,0.4098360655737705,243,241,1,0,240,243,17761,3,0,0,3,-2
2020-09-09,US,Tennessee,Union,250,1,0,36.28590426,-83.83651902,47173.0,1251.7524534348088,0.4,249,249,1,0,248,248,19688,1,0,0,1,1
2020-09-09,US,Tennessee,Van Buren,114,0,0,35.69864497,-85.45221699,47175.0,1941.41689373297,0.0,114,115,0,0,115,112,5765,-1,0,0,-1,3
2020-09-09,US,Tennessee,Warren,914,7,0,35.672829899999996,-85.77969117,47177.0,2214.3082103835072,0.7658643326039387,907,914,7,0,907,913,40878,0,0,0,0,1
2020-09-09,US,Tennessee,Washington,1876,16,0,36.29472368,-82.49454720000001,47179.0,1450.048309178744,0.8528784648187633,1860,1863,14,0,1849,1862,128607,13,2,0,11,1
2020-09-09,US,Tennessee,Wayne,1460,4,0,35.23868267,-87.78644456,47181.0,8756.672464463503,0.273972602739726,1456,1489,2,0,1487,1489,16558,-29,2,0,-31,0
2020-09-09,US,Tennessee,Weakley,977,14,0,36.29896232,-88.71990865,47183.0,2931.469035045607,1.4329580348004094,963,970,14,0,956,971,33415,7,0,0,7,-1
2020-09-09,US,Tennessee,White,629,7,0,35.92929884,-85.45591799,47185.0,2300.2377034192723,1.1128775834658189,622,627,7,0,620,626,27107,2,0,0,2,1
2020-09-09,US,Tennessee,Williamson,4609,32,0,35.89099229,-86.89281867,47187.0,1933.20805999698,0.6942937730527229,4577,4585,32,0,4553,4572,231729,24,0,0,24,13
2020-09-09,US,Tennessee,Wilson,3074,31,0,36.15496772,-86.29775884,47189.0,2125.026787504234,1.0084580351333767,3043,3059,31,0,3028,3043,140625,15,0,0,15,16
2020-09-09,US,Texas,Anderson,2744,18,0,31.81534745,-95.65354823,48001.0,4752.749631939032,0.6559766763848397,2726,2694,18,0,2676,2556,58057,50,0,0,50,138
2020-09-09,US,Texas,Andrews,388,8,0,32.30468633,-102.63765479999999,48003.0,2074.311681368618,2.061855670103093,380,388,8,0,380,388,18128,0,0,0,0,0
2020-09-09,US,Texas,Angelina,2045,71,0,31.25457347,-94.60901487,48005.0,2358.3001787464677,3.471882640586797,1974,2013,72,0,1941,2013,87092,32,-1,0,33,0
2020-09-09,US,Texas,Aransas,298,18,0,28.10556197,-96.9995047,48007.0,1267.5457252233093,6.040268456375839,280,298,18,0,280,298,23792,0,0,0,0,0
2020-09-09,US,Texas,Archer,63,1,0,33.61569967,-98.68754589,48009.0,736.5836548579448,1.5873015873015872,62,60,1,0,59,60,8786,3,0,0,3,0
2020-09-09,US,Texas,Armstrong,11,0,0,34.96507426,-101.35748740000001,48011.0,582.9358770535241,0.0,11,11,0,0,11,11,1892,0,0,0,0,0
2020-09-09,US,Texas,Atascosa,586,29,0,28.89333001,-98.52730485,48013.0,1145.582859265341,4.948805460750854,557,576,29,0,547,576,50310,10,0,0,10,0
2020-09-09,US,Texas,Austin,444,7,0,29.88548725,-96.27736949,48015.0,1478.4230154501865,1.576576576576577,437,443,6,0,437,442,29989,1,1,0,0,1
2020-09-09,US,Texas,Bailey,203,4,0,34.06854817,-102.8299707,48017.0,2900.0,1.9704433497536944,199,203,4,0,199,203,7027,0,0,0,0,0
2020-09-09,US,Texas,Bandera,109,6,0,29.74619598,-99.24598147,48019.0,471.61647628937345,5.504587155963303,103,109,6,0,103,109,22824,0,0,0,0,0
2020-09-09,US,Texas,Bastrop,1649,27,0,30.10370699,-97.31206354,48021.0,1858.593600306572,1.637355973317162,1622,1638,27,0,1611,1638,86976,11,0,0,11,0
2020-09-09,US,Texas,Baylor,14,0,0,33.61640794,-99.21352901,48023.0,398.97406668566543,0.0,14,14,0,0,14,14,3582,0,0,0,0,0
2020-09-09,US,Texas,Bee,1807,25,0,28.41761668,-97.74215593,48025.0,5548.902195608783,1.383508577753182,1782,1797,25,0,1772,1796,32587,10,0,0,10,1
2020-09-09,US,Texas,Bell,5041,69,0,31.03736027,-97.4785025,48027.0,1388.9960432487244,1.3687760365006942,4972,4987,69,0,4918,4987,355642,54,0,0,54,0
2020-09-09,US,Texas,Bexar,47887,1172,0,29.44928723,-98.52019748,48029.0,2390.102787346885,2.4474283208386414,46715,47736,1167,0,46569,47543,1986049,151,5,0,146,193
2020-09-09,US,Texas,Blanco,133,5,0,30.26640707,-98.3999852,48031.0,1114.7431061939483,3.7593984962406015,128,132,5,0,127,132,11702,1,0,0,1,0
2020-09-09,US,Texas,Bosque,245,6,0,31.89978581,-97.63613524,48035.0,1311.2122023013112,2.4489795918367347,239,241,5,0,236,241,18691,4,1,0,3,0
2020-09-09,US,Texas,Bowie,1129,45,0,33.44626922,-94.41834132,48037.0,1210.7887822403345,3.985828166519044,1084,1127,44,0,1083,1121,94324,2,1,0,1,6
2020-09-09,US,Texas,Brazoria,10004,148,0,29.18757369,-95.44563172,48039.0,2672.9795011008277,1.4794082367053178,9856,9924,147,0,9777,9882,370200,80,1,0,79,42
2020-09-09,US,Texas,Brazos,5506,59,0,30.663644800000004,-96.30205577,48041.0,2402.153474309697,1.071558300036324,5447,5442,58,0,5384,5359,226758,64,1,0,63,83
2020-09-09,US,Texas,Brewster,206,2,0,29.81008251,-103.25203259999999,48043.0,2238.4005215690536,0.9708737864077671,204,204,2,0,202,203,9267,2,0,0,2,1
2020-09-09,US,Texas,Briscoe,12,1,0,34.53026962,-101.2084947,48045.0,776.1966364812421,8.333333333333334,11,12,1,0,11,12,1516,0,0,0,0,0
2020-09-09,US,Texas,Brooks,272,20,0,27.03103197,-98.21808402,48047.0,3834.766671366136,7.352941176470589,252,272,20,0,252,272,7114,0,0,0,0,0
2020-09-09,US,Texas,Brown,506,20,0,31.77430356,-98.99907113,48049.0,1336.3617156137755,3.9525691699604737,486,500,20,0,480,500,37924,6,0,0,6,0
2020-09-09,US,Texas,Burleson,306,6,0,30.49273808,-96.62158484,48051.0,1659.1660792712682,1.96078431372549,300,301,6,0,295,301,18389,5,0,0,5,0
2020-09-09,US,Texas,Burnet,666,12,0,30.78801353,-98.181887,48053.0,1383.0339528605546,1.8018018018018016,654,663,12,0,651,663,47542,3,0,0,3,0
2020-09-09,US,Texas,Caldwell,1381,34,0,29.83668859,-97.61814775,48055.0,3162.7885672407483,2.4619840695148443,1347,1358,34,0,1324,1358,43247,23,0,0,23,0
2020-09-09,US,Texas,Calhoun,614,7,0,28.47048236,-96.61633945,48057.0,2883.9830906528887,1.1400651465798046,607,612,7,0,605,614,21561,2,0,0,2,-2
2020-09-09,US,Texas,Callahan,74,3,0,32.29760619,-99.37326312,48059.0,530.7322670874273,4.0540540540540535,71,73,3,0,70,73,13994,1,0,0,1,0
2020-09-09,US,Texas,Cameron,21802,824,0,26.14524221,-97.48140372,48061.0,5152.151771303256,3.779469773415283,20978,21654,819,0,20835,21563,423908,148,5,0,143,91
2020-09-09,US,Texas,Camp,326,8,0,32.97195142,-94.97790104,48063.0,2489.689934321063,2.4539877300613497,318,321,8,0,313,319,13033,5,0,0,5,2
2020-09-09,US,Texas,Carson,17,0,0,35.40365929,-101.35426690000001,48065.0,286.87141410732363,0.0,17,17,0,0,17,17,6005,0,0,0,0,0
2020-09-09,US,Texas,Cass,271,12,0,33.07499881,-94.34646905,48067.0,902.5511223606208,4.428044280442805,259,267,12,0,255,267,30119,4,0,0,4,0
2020-09-09,US,Texas,Castro,239,4,0,34.53016752,-102.2617243,48069.0,3173.970783532537,1.6736401673640169,235,236,4,0,232,236,7665,3,0,0,3,0
2020-09-09,US,Texas,Chambers,1184,6,0,29.70972016,-94.67154501,48071.0,2700.914752378128,0.5067567567567568,1178,1184,5,0,1179,1166,42454,0,1,0,-1,18
2020-09-09,US,Texas,Cherokee,1457,22,0,31.837258000000002,-95.16559897,48073.0,2767.5416935759613,1.5099519560741248,1435,1451,21,0,1430,1451,52592,6,1,0,5,0
2020-09-09,US,Texas,Childress,60,0,0,34.529304100000004,-100.2077916,48075.0,821.2428141253764,0.0,60,60,0,0,60,60,7291,0,0,0,0,0
2020-09-09,US,Texas,Clay,71,1,0,33.78686685,-98.20771198,48077.0,678.0632222328336,1.4084507042253518,70,71,1,0,70,71,10456,0,0,0,0,0
2020-09-09,US,Texas,Cochran,42,1,0,33.60425307,-102.82844990000001,48079.0,1472.1345951629864,2.380952380952381,41,42,1,0,41,42,2836,0,0,0,0,0
2020-09-09,US,Texas,Coke,49,3,0,31.88911733,-100.5297533,48081.0,1446.7080011809862,6.1224489795918355,46,49,3,0,46,49,3370,0,0,0,0,0
2020-09-09,US,Texas,Coleman,60,3,0,31.76736834,-99.45240766,48083.0,733.9449541284404,5.0,57,56,3,0,53,56,8397,4,0,0,4,0
2020-09-09,US,Texas,Collin,11676,119,0,33.18820114,-96.57264368,48085.0,1128.4103099359254,1.0191846522781776,11557,11632,118,0,11514,11534,1005146,44,1,0,43,98
2020-09-09,US,Texas,Collingsworth,17,0,0,34.96489496,-100.27001109999999,48087.0,582.1917808219179,0.0,17,17,0,0,17,17,2962,0,0,0,0,0
2020-09-09,US,Texas,Colorado,451,4,0,29.622097999999998,-96.5273805,48089.0,2098.3576048015634,0.8869179600886918,447,451,4,0,447,451,21217,0,0,0,0,0
2020-09-09,US,Texas,Comal,2481,101,0,29.80811278,-98.27647225,48091.0,1588.2567585734494,4.0709391374445785,2380,2440,98,0,2342,2440,148373,41,3,0,38,0
2020-09-09,US,Texas,Comanche,224,3,0,31.94854689,-98.55876441,48093.0,1642.8309497616428,1.3392857142857142,221,221,3,0,218,221,13534,3,0,0,3,0
2020-09-09,US,Texas,Concho,60,1,0,31.32635934,-99.86473038,48095.0,2201.0271460014674,1.6666666666666667,59,58,1,0,57,58,4276,2,0,0,2,0
2020-09-09,US,Texas,Cooke,349,5,0,33.63979567,-97.21240912,48097.0,845.9170564995031,1.4326647564469914,344,341,5,0,336,341,40574,8,0,0,8,0
2020-09-09,US,Texas,Coryell,1739,11,0,31.39078397,-97.79936155,48099.0,2289.63410620005,0.6325474410580794,1728,1524,11,0,1513,1518,74808,215,0,0,215,6
2020-09-09,US,Texas,Cottle,18,2,0,34.07783319,-100.27850620000001,48101.0,1287.5536480686694,11.111111111111109,16,18,2,0,16,18,1389,0,0,0,0,0
2020-09-09,US,Texas,Crane,71,2,0,31.43052248,-102.5143314,48103.0,1480.091723994163,2.8169014084507036,69,71,2,0,69,71,4794,0,0,0,0,0
2020-09-09,US,Texas,Crockett,164,6,0,30.72367027,-101.4134238,48105.0,4734.411085450346,3.6585365853658534,158,164,6,0,158,164,3499,0,0,0,0,0
2020-09-09,US,Texas,Crosby,81,1,0,33.61431553,-101.30003640000001,48107.0,1411.8877462088199,1.2345679012345678,80,81,1,0,80,81,5779,0,0,0,0,0
2020-09-09,US,Texas,Culberson,38,2,0,31.44506775,-104.5185739,48109.0,1750.3454629203131,5.2631578947368425,36,37,2,0,35,37,2204,1,0,0,1,0
2020-09-09,US,Texas,Dallam,213,8,0,36.27787176,-102.60207249999999,48111.0,2923.013585837793,3.755868544600939,205,211,8,0,203,211,7200,2,0,0,2,0
2020-09-09,US,Texas,Dallas,74476,1021,0,32.76670599,-96.77796049999999,48113.0,2825.8602869419124,1.3709114345560989,73455,74100,1011,0,73089,73700,2637772,376,10,0,366,400
2020-09-09,US,Texas,Dawson,245,8,0,32.74255572,-101.94772420000001,48115.0,1924.8900062853552,3.26530612244898,237,245,8,0,237,245,12619,0,0,0,0,0
2020-09-09,US,Texas,DeWitt,890,27,0,29.08101855,-97.35681170000001,48123.0,4414.68253968254,3.0337078651685387,863,890,25,0,865,870,20187,0,2,0,-2,20
2020-09-09,US,Texas,Deaf Smith,818,20,0,34.96522957,-102.6054267,48117.0,4410.6545885905325,2.444987775061125,798,816,20,0,796,816,18760,2,0,0,2,0
2020-09-09,US,Texas,Delta,21,0,0,33.38570922,-95.66921122,48119.0,393.92234102419815,0.0,21,21,0,0,21,19,5349,0,0,0,0,2
2020-09-09,US,Texas,Denton,10847,139,0,33.20521901,-97.11691153,48121.0,1222.6008135643656,1.281460311606896,10708,10766,136,0,10630,10639,859064,81,3,0,78,127
2020-09-09,US,Texas,Dickens,46,1,0,33.61616822,-100.7788855,48125.0,2080.5065581184986,2.1739130434782608,45,45,1,0,44,45,2249,1,0,0,1,0
2020-09-09,US,Texas,Dimmit,188,7,0,28.42270064,-99.75645095,48127.0,1856.973528249704,3.723404255319149,181,187,7,0,180,186,10308,1,0,0,1,1
2020-09-09,US,Texas,Donley,57,1,0,34.96517499,-100.8140093,48129.0,1738.8651616839536,1.7543859649122806,56,55,1,0,54,55,3319,2,0,0,2,0
2020-09-09,US,Texas,Duval,405,10,0,27.68184592,-98.50864568,48131.0,3630.0080666845924,2.469135802469136,395,390,10,0,380,359,11212,15,0,0,15,31
2020-09-09,US,Texas,Eastland,130,3,0,32.32743996,-98.83243566,48133.0,708.0610021786493,2.3076923076923075,127,126,3,0,123,126,18322,4,0,0,4,0
2020-09-09,US,Texas,Ector,4415,77,0,31.86898877,-102.54294279999999,48135.0,2656.070459563358,1.7440543601359004,4338,4382,76,0,4306,4353,162124,33,1,0,32,29
2020-09-09,US,Texas,Edwards,34,1,0,29.98202582,-100.304252,48137.0,1759.8343685300208,2.9411764705882355,33,34,1,0,33,34,1928,0,0,0,0,0
2020-09-09,US,Texas,El Paso,21259,465,0,31.76980765,-106.23632749999999,48141.0,2533.131245248666,2.1873089044639915,20794,21187,464,0,20723,21093,840758,72,1,0,71,94
2020-09-09,US,Texas,Ellis,3951,61,0,32.34894117,-96.79371841,48139.0,2137.686256262647,1.5439129334345736,3890,3888,60,0,3828,3888,179436,63,1,0,62,0
2020-09-09,US,Texas,Erath,736,10,0,32.23602653,-98.21773417,48143.0,1723.7341327462645,1.358695652173913,726,722,10,0,712,722,42446,14,0,0,14,0
2020-09-09,US,Texas,Falls,179,3,0,31.25350609,-96.93630086,48145.0,1034.8615366826618,1.675977653631285,176,174,3,0,171,174,17335,5,0,0,5,0
2020-09-09,US,Texas,Fannin,622,12,0,33.59564294,-96.10751083,48147.0,1751.421974432618,1.929260450160772,610,615,12,0,603,615,35286,7,0,0,7,0
2020-09-09,US,Texas,Fayette,476,18,0,29.87788372,-96.92076062,48149.0,1878.0083642389327,3.7815126050420167,458,476,18,0,458,476,25349,0,0,0,0,0
2020-09-09,US,Texas,Fisher,61,1,0,32.74281316,-100.40193020000001,48151.0,1592.6892950391643,1.639344262295082,60,60,1,0,59,60,3839,1,0,0,1,0
2020-09-09,US,Texas,Floyd,99,9,0,34.07227468,-101.3031546,48153.0,1733.1932773109245,9.090909090909092,90,99,9,0,90,99,5837,0,0,0,0,0
2020-09-09,US,Texas,Foard,3,0,0,33.97308618,-99.7767797,48155.0,259.7402597402597,0.0,3,3,0,0,3,3,1200,0,0,0,0,0
2020-09-09,US,Texas,Fort Bend,15249,255,0,29.52704478,-95.77219463,48157.0,1878.6775214121685,1.6722408026755853,14994,15158,249,0,14909,15144,787858,91,6,0,85,14
2020-09-09,US,Texas,Franklin,118,6,0,33.17653242,-95.21917243,48159.0,1100.2331002331002,5.084745762711863,112,118,6,0,112,117,10766,0,0,0,0,1
2020-09-09,US,Texas,Freestone,387,1,0,31.70422788,-96.15072516,48161.0,1962.77324136532,0.25839793281653745,386,386,1,0,385,387,19808,1,0,0,1,-1
2020-09-09,US,Texas,Frio,644,7,0,28.86751206,-99.10804207,48163.0,3171.4764109130306,1.0869565217391304,637,643,7,0,636,644,19816,1,0,0,1,-1
2020-09-09,US,Texas,Gaines,268,8,0,32.74055318,-102.6353295,48165.0,1246.9756188349154,2.985074626865672,260,268,8,0,260,268,20901,0,0,0,0,0
2020-09-09,US,Texas,Galveston,11101,165,0,29.40167322,-94.90469073,48167.0,3244.587726041171,1.4863525808485722,10936,11007,165,0,10842,10808,337890,94,0,0,94,199
2020-09-09,US,Texas,Garza,102,4,0,33.17969345,-101.2984114,48169.0,1637.5020067426553,3.92156862745098,98,102,4,0,98,102,6578,0,0,0,0,0
2020-09-09,US,Texas,Gillespie,206,9,0,30.31824095,-98.94676915,48171.0,763.3022083889135,4.368932038834951,197,205,9,0,196,205,26804,1,0,0,1,0
2020-09-09,US,Texas,Glasscock,6,0,0,31.86942909,-101.5207776,48173.0,425.83392476934,0.0,6,6,0,0,6,6,1388,0,0,0,0,0
2020-09-09,US,Texas,Goliad,126,6,0,28.65696592,-97.42760647,48175.0,1645.3382084095065,4.761904761904762,120,121,6,0,115,121,7584,5,0,0,5,0
2020-09-09,US,Texas,Gonzales,819,14,0,29.45634206,-97.49424032,48177.0,3930.508230551423,1.709401709401709,805,819,14,0,805,819,20826,0,0,0,0,0
2020-09-09,US,Texas,Gray,251,5,0,35.40081878,-100.8129222,48179.0,1146.851868774559,1.99203187250996,246,250,5,0,245,250,21895,1,0,0,1,0
2020-09-09,US,Texas,Grayson,1577,31,0,33.62744998,-96.67753461,48181.0,1157.7540892138725,1.9657577679137603,1546,1577,30,0,1547,1577,133991,0,1,0,-1,0
2020-09-09,US,Texas,Gregg,1968,52,0,32.47940482,-94.81591935,48183.0,1587.8010407842194,2.6422764227642275,1916,1960,51,0,1909,1960,123707,8,1,0,7,0
2020-09-09,US,Texas,Grimes,1031,31,0,30.54579585,-95.98902499,48185.0,3569.944598337949,3.0067895247332688,1000,1001,31,0,970,1000,28360,30,0,0,30,1
2020-09-09,US,Texas,Guadalupe,1924,75,0,29.58165339,-97.94786822,48187.0,1153.1522892230607,3.898128898128898,1849,1909,74,0,1835,1903,163694,15,1,0,14,6
2020-09-09,US,Texas,Hale,1686,49,0,34.07044901,-101.82681140000001,48189.0,5046.997545351134,2.9062870699881382,1637,1686,49,0,1637,1675,33830,0,0,0,0,11
2020-09-09,US,Texas,Hall,16,1,0,34.5307555,-100.68138520000001,48191.0,539.8110661268556,6.25,15,16,1,0,15,16,3028,0,0,0,0,0
2020-09-09,US,Texas,Hamilton,105,4,0,31.70470573,-98.11083887,48193.0,1240.9880628767285,3.809523809523809,101,105,4,0,101,105,8484,0,0,0,0,0
2020-09-09,US,Texas,Hansford,105,3,0,36.27743284,-101.3545796,48195.0,1944.8045934432305,2.8571428571428568,102,105,3,0,102,105,5463,0,0,0,0,0
2020-09-09,US,Texas,Hardeman,22,0,0,34.28944521,-99.74632408,48197.0,559.3694380879734,0.0,22,22,0,0,22,22,3922,0,0,0,0,0
2020-09-09,US,Texas,Hardin,1234,22,0,30.33364686,-94.38931817,48199.0,2142.286726155342,1.7828200972447326,1212,1205,22,0,1183,1205,57207,29,0,0,29,0
2020-09-09,US,Texas,Harris,112762,2363,0,29.85864939,-95.39339521,48201.0,2392.4087560267967,2.0955641084762595,110399,112039,2342,0,109697,111525,4698619,723,21,0,702,514
2020-09-09,US,Texas,Harrison,826,29,0,32.54935988,-94.36934071,48203.0,1241.1161029555392,3.5108958837772395,797,822,29,0,793,816,66726,4,0,0,4,6
2020-09-09,US,Texas,Hartley,105,0,0,35.84008013,-102.6029022,48205.0,1883.070301291248,0.0,105,105,0,0,105,105,5619,0,0,0,0,0
2020-09-09,US,Texas,Haskell,57,2,0,33.17823584,-99.73037358,48207.0,1007.423117709438,3.5087719298245608,55,56,2,0,54,56,5813,1,0,0,1,0
2020-09-09,US,Texas,Hays,5560,59,0,30.05669873,-98.02944344,48209.0,2415.385484228315,1.0611510791366907,5501,5526,58,0,5468,5471,222631,34,1,0,33,55
2020-09-09,US,Texas,Hemphill,67,0,0,35.83764858,-100.2703577,48211.0,1754.385964912281,0.0,67,64,0,0,64,64,3825,3,0,0,3,0
2020-09-09,US,Texas,Henderson,867,19,0,32.21128872,-95.85846587,48213.0,1047.898763551978,2.1914648212226067,848,850,19,0,831,850,82299,17,0,0,17,0
2020-09-09,US,Texas,Hidalgo,29082,1334,0,26.39418217,-98.18299696,48215.0,3347.734046116815,4.587029777869472,27748,28893,1311,0,27582,28732,865939,189,23,0,166,161
2020-09-09,US,Texas,Hill,394,12,0,31.99045053,-97.13423143,48217.0,1075.0634396572893,3.045685279187817,382,393,12,0,381,393,36354,1,0,0,1,0
2020-09-09,US,Texas,Hockley,286,6,0,33.60771256,-102.3431676,48219.0,1242.3439468311542,2.097902097902098,280,286,6,0,280,286,22980,0,0,0,0,0
2020-09-09,US,Texas,Hood,812,25,0,32.42990927,-97.83242024,48221.0,1317.2623006667425,3.078817733990148,787,802,24,0,778,802,60537,10,1,0,9,0
2020-09-09,US,Texas,Hopkins,260,8,0,33.14875072,-95.56351139,48223.0,701.1109912630783,3.0769230769230766,252,257,8,0,249,256,36810,3,0,0,3,1
2020-09-09,US,Texas,Houston,349,9,0,31.31925973,-95.42226208,48225.0,1519.505398815743,2.5787965616045847,340,345,9,0,336,344,23169,4,0,0,4,1
2020-09-09,US,Texas,Howard,351,9,0,32.30621324,-101.4356444,48227.0,957.3423521710672,2.5641025641025643,342,350,9,0,341,345,36459,1,0,0,1,5
2020-09-09,US,Texas,Hudspeth,43,2,0,31.45628381,-105.388178,48229.0,880.065493246009,4.651162790697675,41,43,2,0,41,41,4795,0,0,0,0,2
2020-09-09,US,Texas,Hunt,1498,32,0,33.12351514,-96.08551032,48231.0,1519.3622329959226,2.136181575433912,1466,1469,32,0,1437,1469,96493,29,0,0,29,0
2020-09-09,US,Texas,Hutchinson,154,3,0,35.84006574,-101.3546643,48233.0,735.5048237654026,1.9480519480519483,151,153,3,0,150,153,21198,1,0,0,1,0
2020-09-09,US,Texas,Irion,10,0,0,31.30375559,-100.982439,48235.0,651.0416666666666,0.0,10,10,0,0,10,10,1522,0,0,0,0,0
2020-09-09,US,Texas,Jack,127,1,0,33.23377248,-98.17283469,48237.0,1421.376608841634,0.7874015748031497,126,128,1,0,127,128,8843,-1,0,0,-1,0
2020-09-09,US,Texas,Jackson,511,15,0,28.95472367,-96.57749563,48239.0,3462.059620596206,2.9354207436399222,496,504,14,0,490,505,14874,7,1,0,6,-1
2020-09-09,US,Texas,Jasper,411,21,0,30.74685667,-94.02667579,48241.0,1156.8014861099384,5.109489051094892,390,411,21,0,390,411,35872,0,0,0,0,0
2020-09-09,US,Texas,Jeff Davis,14,0,0,30.71490589,-104.1399973,48243.0,615.6552330694811,0.0,14,14,0,0,14,14,2252,0,0,0,0,0
2020-09-09,US,Texas,Jefferson,6841,114,0,29.8832777,-94.16434171,48245.0,2719.376701846441,1.6664230375676068,6727,6811,113,0,6698,6772,255001,30,1,0,29,39
2020-09-09,US,Texas,Jim Hogg,95,2,0,27.04453923,-98.69681870000001,48247.0,1826.9230769230767,2.1052631578947367,93,86,2,0,84,79,5248,9,0,0,9,7
2020-09-09,US,Texas,Jim Wells,1328,30,0,27.73103938,-98.0904705,48249.0,3280.470332493454,2.2590361445783134,1298,1328,29,0,1299,1328,40822,0,1,0,-1,0
2020-09-09,US,Texas,Johnson,2615,46,0,32.37877812,-97.36615819,48251.0,1487.3419521434216,1.7590822179732313,2569,2587,46,0,2541,2587,171361,28,0,0,28,0
2020-09-09,US,Texas,Jones,588,0,0,32.73997145,-99.87861576,48253.0,2902.9527461036696,0.0,588,588,0,0,588,588,19817,0,0,0,0,0
2020-09-09,US,Texas,Karnes,750,14,0,28.90705334,-97.85960149,48255.0,4807.384142042177,1.8666666666666667,736,748,13,0,735,750,15650,2,1,0,1,-2
2020-09-09,US,Texas,Kaufman,2884,42,0,32.599141700000004,-96.28734728,48257.0,2118.189696960794,1.4563106796116505,2842,2845,42,0,2803,2845,128622,39,0,0,39,0
2020-09-09,US,Texas,Kendall,198,5,0,29.94414155,-98.7113588,48259.0,417.4485041428602,2.525252525252525,193,197,5,0,192,197,45641,1,0,0,1,0
2020-09-09,US,Texas,Kenedy,7,1,0,26.92601662,-97.66413984,48261.0,1732.6732673267327,14.285714285714285,6,7,1,0,6,7,442,0,0,0,0,0
2020-09-09,US,Texas,Kent,7,0,0,33.18104136,-100.7780939,48263.0,918.6351706036743,0.0,7,7,0,0,7,7,726,0,0,0,0,0
2020-09-09,US,Texas,Kerr,441,9,0,30.06040006,-99.34930144,48265.0,838.4030418250951,2.0408163265306123,432,440,9,0,431,439,52405,1,0,0,1,1
2020-09-09,US,Texas,Kimble,16,1,0,30.48678918,-99.74856473,48267.0,368.9186073322573,6.25,15,16,1,0,15,16,4362,0,0,0,0,0
2020-09-09,US,Texas,Kinney,23,1,0,29.34967888,-100.41866379999999,48271.0,627.2157076629397,4.3478260869565215,22,23,1,0,22,23,3767,0,0,0,0,0
2020-09-09,US,Texas,Kleberg,944,33,0,27.42435506,-97.69894948,48273.0,3076.9230769230767,3.4957627118644066,911,911,32,0,879,911,31129,33,1,0,32,0
2020-09-09,US,Texas,Knox,67,8,0,33.60519951,-99.74229059999999,48275.0,1828.6026200873362,11.940298507462687,59,67,8,0,59,67,3653,0,0,0,0,0
2020-09-09,US,Texas,La Salle,361,9,0,28.34453111,-99.09908775,48283.0,4800.531914893617,2.4930747922437675,352,362,8,0,354,366,7531,-1,1,0,-2,-4
2020-09-09,US,Texas,Lamar,948,29,0,33.66981763,-95.57404777,48277.0,1901.3618403898995,3.059071729957806,919,924,29,0,895,924,49728,24,0,0,24,0
2020-09-09,US,Texas,Lamb,301,20,0,34.06859623,-102.35162890000001,48279.0,2334.600170635229,6.644518272425248,281,299,20,0,279,299,13158,2,0,0,2,0
2020-09-09,US,Texas,Lampasas,181,7,0,31.19531316,-98.24206613,48281.0,844.689191711779,3.867403314917127,174,159,7,0,152,159,21229,22,0,0,22,0
2020-09-09,US,Texas,Lavaca,691,32,0,29.38508402,-96.93186692,48285.0,3428.599781681056,4.630969609261938,659,688,32,0,656,688,20110,3,0,0,3,0
2020-09-09,US,Texas,Lee,208,14,0,30.31120597,-96.97045773,48287.0,1206.5665061778525,6.730769230769232,194,202,14,0,188,202,17144,6,0,0,6,0
2020-09-09,US,Texas,Leon,207,5,0,31.29872538,-95.9936328,48289.0,1189.3817513215356,2.415458937198068,202,205,5,0,200,205,17270,2,0,0,2,0
2020-09-09,US,Texas,Liberty,2055,46,0,30.15152688,-94.81205615,48291.0,2329.430168104377,2.238442822384428,2009,1896,46,0,1850,1893,86323,159,0,0,159,3
2020-09-09,US,Texas,Limestone,499,8,0,31.5454767,-96.58095444,48293.0,2129.112087724538,1.6032064128256514,491,479,8,0,471,479,23519,20,0,0,20,0
2020-09-09,US,Texas,Lipscomb,26,0,0,36.27783108,-100.27331509999999,48295.0,804.2066192390967,0.0,26,26,0,0,26,26,3355,0,0,0,0,0
2020-09-09,US,Texas,Live Oak,357,8,0,28.35101362,-98.1246786,48297.0,2924.551486851806,2.2408963585434174,349,357,8,0,349,353,12166,0,0,0,0,4
2020-09-09,US,Texas,Llano,105,1,0,30.70645047,-98.68475262,48299.0,481.76187198898833,0.9523809523809524,104,104,1,0,103,104,21646,1,0,0,1,0
2020-09-09,US,Texas,Lubbock,9075,103,0,33.61008596,-101.82047890000001,48303.0,2922.055968238942,1.1349862258953167,8972,8983,103,0,8880,8912,307412,92,0,0,92,71
2020-09-09,US,Texas,Lynn,87,5,0,33.17657705,-101.8162849,48305.0,1461.939169887414,5.747126436781608,82,87,5,0,82,87,5877,0,0,0,0,0
2020-09-09,US,Texas,Madison,699,5,0,30.96694679,-95.93003775,48313.0,4893.587230467656,0.7153075822603719,694,696,5,0,691,696,14422,3,0,0,3,0
2020-09-09,US,Texas,Marion,147,13,0,32.79868409,-94.35661230000001,48315.0,1491.7799878222042,8.843537414965986,134,147,12,0,135,147,9928,0,1,0,-1,0
2020-09-09,US,Texas,Martin,74,6,0,32.30600051,-101.9513518,48317.0,1282.2734361462485,8.108108108108109,68,74,5,0,69,74,5753,0,1,0,-1,0
2020-09-09,US,Texas,Mason,76,1,0,30.71780434,-99.22629416,48319.0,1778.193729527375,1.3157894736842106,75,75,1,0,74,75,4280,1,0,0,1,0
2020-09-09,US,Texas,Matagorda,965,40,0,28.81955746,-96.01230294,48321.0,2633.5179979805152,4.1450777202072535,925,957,39,0,918,951,36552,8,1,0,7,6
2020-09-09,US,Texas,Maverick,3458,101,0,28.7429195,-100.3157686,48323.0,5888.764006675522,2.9207634470792367,3357,3335,100,0,3235,3335,58485,123,1,0,122,0
2020-09-09,US,Texas,McCulloch,126,1,0,31.1925468,-99.34682807,48307.0,1578.1563126252506,0.7936507936507936,125,123,1,0,122,121,7987,3,0,0,3,2
2020-09-09,US,Texas,McLennan,6813,90,0,31.55255453,-97.20217694,48309.0,2654.867256637169,1.3210039630118893,6723,6766,89,0,6677,6726,254607,47,1,0,46,40
2020-09-09,US,Texas,McMullen,19,0,0,28.35251708,-98.56769164,48311.0,2557.200538358008,0.0,19,18,0,0,18,18,749,1,0,0,1,0
2020-09-09,US,Texas,Medina,1133,38,0,29.355730100000002,-99.11030298,48325.0,2196.417493796526,3.353927625772286,1095,1133,38,0,1095,1134,50921,0,0,0,0,-1
2020-09-09,US,Texas,Menard,22,0,0,30.88990665,-99.82047940000001,48327.0,1028.999064546305,0.0,22,22,0,0,22,21,2139,0,0,0,0,1
2020-09-09,US,Texas,Midland,3421,74,0,31.86904128,-102.03156820000001,48329.0,1934.6045964531304,2.1631102016954107,3347,3409,74,0,3335,3362,172578,12,0,0,12,47
2020-09-09,US,Texas,Milam,452,5,0,30.78581830000001,-96.97718698,48331.0,1820.8919147564761,1.106194690265487,447,452,5,0,447,447,25131,0,0,0,0,5
2020-09-09,US,Texas,Mills,40,0,0,31.49557106,-98.59272068,48333.0,820.8495793145906,0.0,40,35,0,0,35,35,4921,5,0,0,5,0
2020-09-09,US,Texas,Mitchell,79,1,0,32.30623474,-100.9212058,48335.0,924.5172615564658,1.2658227848101269,78,75,1,0,74,75,8145,4,0,0,4,0
2020-09-09,US,Texas,Montague,152,3,0,33.67521893,-97.72500958,48337.0,766.9795135735193,1.973684210526316,149,148,3,0,145,148,19596,4,0,0,4,0
2020-09-09,US,Texas,Montgomery,9466,137,0,30.30079133,-95.50572772,48339.0,1558.4689269350386,1.447285020071836,9329,9377,134,0,9243,9164,590925,89,3,0,86,213
2020-09-09,US,Texas,Moore,1126,19,0,35.83769242,-101.8930281,48341.0,5377.268385864374,1.6873889875666075,1107,1126,19,0,1107,1126,21485,0,0,0,0,0
2020-09-09,US,Texas,Morris,164,3,0,33.11304005,-94.73255695,48343.0,1323.8618017436231,1.8292682926829267,161,162,3,0,159,161,12339,2,0,0,2,1
2020-09-09,US,Texas,Motley,7,0,0,34.07408766,-100.77972199999999,48345.0,583.3333333333334,0.0,7,7,0,0,7,7,1234,0,0,0,0,0
2020-09-09,US,Texas,Nacogdoches,1412,54,0,31.62017125,-94.61803994,48347.0,2165.5113183240287,3.8243626062322944,1358,1403,53,0,1350,1393,65711,9,1,0,8,10
2020-09-09,US,Texas,Navarro,1165,21,0,32.04620681,-96.47428766,48349.0,2324.746073873047,1.8025751072961371,1144,1136,21,0,1115,1136,49565,29,0,0,29,0
2020-09-09,US,Texas,Newton,164,8,0,30.78548982,-93.74408813,48351.0,1206.3258550937844,4.878048780487805,156,164,8,0,156,164,13746,0,0,0,0,0
2020-09-09,US,Texas,Nolan,180,4,0,32.30365282,-100.4060208,48353.0,1223.3247247519369,2.2222222222222223,176,168,4,0,164,168,14751,12,0,0,12,0
2020-09-09,US,Texas,Nueces,19488,382,0,27.736286,-97.5433285,48355.0,5379.056788133395,1.9601806239737276,19106,19389,381,0,19008,19308,362265,99,1,0,98,81
2020-09-09,US,Texas,Ochiltree,113,4,0,36.27829105,-100.8158184,48357.0,1148.840992273282,3.5398230088495577,109,111,4,0,107,111,9947,2,0,0,2,0
2020-09-09,US,Texas,Oldham,15,1,0,35.40425596,-102.6027606,48359.0,710.2272727272727,6.666666666666668,14,15,1,0,14,15,2131,0,0,0,0,0
2020-09-09,US,Texas,Orange,1767,38,0,30.11879481,-93.89412775,48361.0,2118.80665739364,2.150537634408602,1729,1767,38,0,1729,1767,83572,0,0,0,0,0
2020-09-09,US,Texas,Palo Pinto,464,14,0,32.75310985,-98.31319001,48363.0,1589.6399328514167,3.0172413793103448,450,447,12,0,435,447,28875,17,2,0,15,0
2020-09-09,US,Texas,Panola,335,24,0,32.163959600000005,-94.30552481,48365.0,1444.3390532034146,7.164179104477612,311,334,24,0,310,334,23148,1,0,0,1,0
2020-09-09,US,Texas,Parker,1706,27,0,32.77757172,-97.80500621,48367.0,1194.0256722518511,1.5826494724501758,1679,1689,27,0,1662,1689,138371,17,0,0,17,0
2020-09-09,US,Texas,Parmer,393,7,0,34.52993409,-102.78446679999999,48369.0,4091.618948464341,1.7811704834605595,386,392,7,0,385,392,9864,1,0,0,1,0
2020-09-09,US,Texas,Pecos,339,4,0,30.78097267,-102.72412609999999,48371.0,2142.450862668268,1.1799410029498525,335,330,4,0,326,330,15673,9,0,0,9,0
2020-09-09,US,Texas,Polk,794,20,0,30.79472531,-94.82766240000001,48373.0,1546.160886413647,2.5188916876574305,774,778,20,0,758,778,50031,16,0,0,16,0
2020-09-09,US,Texas,Potter,4211,54,0,35.40133773,-101.893964,48375.0,3586.424221777456,1.2823557349798147,4157,4194,54,0,4140,4181,119648,17,0,0,17,13
2020-09-09,US,Texas,Presidio,91,5,0,29.99954402,-104.24080790000001,48377.0,1357.398568019093,5.494505494505495,86,91,5,0,86,91,6948,0,0,0,0,0
2020-09-09,US,Texas,Rains,60,3,0,32.87109387,-95.79232691,48379.0,479.4630014383889,5.0,57,60,3,0,57,60,12159,0,0,0,0,0
2020-09-09,US,Texas,Randall,2341,32,0,34.96585996,-101.8971322,48381.0,1699.9121361091543,1.3669372063220846,2309,2323,31,0,2292,2323,136271,18,1,0,17,0
2020-09-09,US,Texas,Reagan,86,6,0,31.36607041,-101.52326590000001,48383.0,2234.346583528189,6.9767441860465125,80,86,6,0,80,86,3741,0,0,0,0,0
2020-09-09,US,Texas,Real,105,5,0,29.83321503,-99.82018052,48385.0,3041.7149478563147,4.761904761904762,100,105,5,0,100,105,3478,0,0,0,0,0
2020-09-09,US,Texas,Red River,152,14,0,33.61886692,-95.04841765,48387.0,1264.2435332279795,9.210526315789474,138,151,14,0,137,151,12175,1,0,0,1,0
2020-09-09,US,Texas,Reeves,180,5,0,31.32323325,-103.69038959999999,48389.0,1126.6900350525787,2.7777777777777777,175,180,5,0,175,180,15695,0,0,0,0,0
2020-09-09,US,Texas,Refugio,301,10,0,28.323897600000002,-97.15766311,48391.0,4332.181922855498,3.3222591362126246,291,301,10,0,291,301,7032,0,0,0,0,0
2020-09-09,US,Texas,Roberts,8,0,0,35.83809685,-100.813175,48393.0,936.768149882904,0.0,8,8,0,0,8,8,903,0,0,0,0,0
2020-09-09,US,Texas,Robertson,266,4,0,31.02539637,-96.51272246,48395.0,1557.9243293897155,1.5037593984962403,262,254,4,0,250,254,17284,12,0,0,12,0
2020-09-09,US,Texas,Rockwall,1439,23,0,32.89779518,-96.40771592,48397.0,1371.5865224229135,1.5983321751216122,1416,1411,22,0,1389,1411,100657,28,1,0,27,0
2020-09-09,US,Texas,Runnels,224,4,0,31.8314342,-99.97616148,48399.0,2182.385035074045,1.7857142857142858,220,210,3,0,207,210,10234,14,1,0,13,0
2020-09-09,US,Texas,Rusk,762,6,0,32.10773545,-94.76176432,48401.0,1400.5808182920996,0.7874015748031497,756,744,5,0,739,740,54450,18,1,0,17,4
2020-09-09,US,Texas,Sabine,75,8,0,31.34318809,-93.85440451,48403.0,711.4399544678429,10.666666666666666,67,75,8,0,67,75,10589,0,0,0,0,0
2020-09-09,US,Texas,San Augustine,195,13,0,31.39457611,-94.17000399,48405.0,2367.366759742625,6.666666666666668,182,192,13,0,179,192,8232,3,0,0,3,0
2020-09-09,US,Texas,San Jacinto,208,8,0,30.57933681,-95.16260304,48407.0,720.745694584012,3.8461538461538463,200,206,8,0,198,205,28719,2,0,0,2,1
2020-09-09,US,Texas,San Patricio,1369,62,0,28.00880118,-97.51763891,48409.0,2051.5510265248013,4.528853177501826,1307,1351,62,0,1289,1351,66893,18,0,0,18,0
2020-09-09,US,Texas,San Saba,41,0,0,31.1577796,-98.81758731,48411.0,677.1263418662263,0.0,41,41,0,0,41,41,6054,0,0,0,0,0
2020-09-09,US,Texas,Schleicher,51,2,0,30.89740592,-100.5384842,48413.0,1825.993555316864,3.92156862745098,49,51,2,0,49,51,2895,0,0,0,0,0
2020-09-09,US,Texas,Scurry,563,2,0,32.74613808,-100.91626640000001,48415.0,3370.651978686464,0.3552397868561279,561,563,2,0,561,563,16866,0,0,0,0,0
2020-09-09,US,Texas,Shackelford,23,0,0,32.73587756,-99.35401337,48417.0,704.4410413476262,0.0,23,23,0,0,23,23,3253,0,0,0,0,0
2020-09-09,US,Texas,Shelby,449,21,0,31.79211404,-94.14550696,48419.0,1776.5292395346994,4.67706013363029,428,445,21,0,424,445,25418,4,0,0,4,0
2020-09-09,US,Texas,Sherman,56,0,0,36.27751473,-101.8933156,48421.0,1853.0774321641297,0.0,56,55,0,0,55,55,3079,1,0,0,1,0
2020-09-09,US,Texas,Smith,3437,78,0,32.37474036,-95.27175679999999,48423.0,1476.685384810377,2.2694210066918825,3359,3407,78,0,3329,3407,230221,30,0,0,30,0
2020-09-09,US,Texas,Somervell,126,4,0,32.22236802,-97.77403489,48425.0,1380.3680981595096,3.1746031746031744,122,125,4,0,121,125,9016,1,0,0,1,0
2020-09-09,US,Texas,Starr,3172,145,0,26.56150059,-98.73892358,48427.0,4907.7096839076,4.57124842370744,3027,3172,141,0,3031,3172,64525,0,4,0,-4,0
2020-09-09,US,Texas,Stephens,130,4,0,32.73553157,-98.83631615,48429.0,1387.9991458466793,3.0769230769230766,126,126,4,0,122,126,9433,4,0,0,4,0
2020-09-09,US,Texas,Sterling,4,0,0,31.82781912,-101.05007459999999,48431.0,309.8373353989156,0.0,4,4,0,0,4,4,1311,0,0,0,0,0
2020-09-09,US,Texas,Stonewall,9,1,0,33.17906744,-100.25384009999999,48433.0,666.6666666666666,11.111111111111109,8,9,1,0,8,9,1362,0,0,0,0,0
2020-09-09,US,Texas,Sutton,77,2,0,30.49856623,-100.5382014,48435.0,2039.1949152542368,2.5974025974025974,75,77,2,0,75,77,3758,0,0,0,0,0
2020-09-09,US,Texas,Swisher,96,3,0,34.53028891,-101.73491740000001,48437.0,1297.8234419359198,3.125,93,95,3,0,92,95,7462,1,0,0,1,0
2020-09-09,US,Texas,Tarrant,43515,643,0,32.77143818,-97.29101614,48439.0,2069.664187889266,1.47765138458003,42872,43055,639,0,42416,42798,2084931,460,4,0,456,257
2020-09-09,US,Texas,Taylor,1370,39,0,32.30163422,-99.89007449,48441.0,992.5090919628498,2.846715328467153,1331,1370,37,0,1333,1370,137640,0,2,0,-2,0
2020-09-09,US,Texas,Terrell,3,0,0,30.22429013,-102.0766732,48443.0,386.59793814432993,0.0,3,3,0,0,3,3,823,0,0,0,0,0
2020-09-09,US,Texas,Terry,210,4,0,33.17402785,-102.3354521,48445.0,1702.1966442409014,1.9047619047619049,206,210,4,0,206,210,12287,0,0,0,0,0
2020-09-09,US,Texas,Throckmorton,5,2,0,33.17751417,-99.21226795,48447.0,333.1112591605596,40.0,3,5,2,0,3,5,1515,0,0,0,0,0
2020-09-09,US,Texas,Titus,1525,26,0,33.21339719,-94.96797273,48449.0,4656.488549618321,1.7049180327868851,1499,1525,25,0,1500,1525,33033,0,1,0,-1,0
2020-09-09,US,Texas,Tom Green,3374,60,0,31.40464436,-100.46244300000001,48451.0,2830.536912751678,1.778304682868998,3314,3355,58,0,3297,3343,118189,19,2,0,17,12
2020-09-09,US,Texas,Travis,27206,399,0,30.33432034,-97.78535620000001,48453.0,2135.5559148917464,1.4665882525913398,26807,27124,399,0,26725,27038,1248743,82,0,0,82,86
2020-09-09,US,Texas,Trinity,182,6,0,31.0879489,-95.1367187,48455.0,1242.2360248447205,3.2967032967032965,176,182,6,0,176,182,14740,0,0,0,0,0
2020-09-09,US,Texas,Tyler,192,4,0,30.77031716,-94.37690895,48457.0,885.9357696566997,2.083333333333333,188,192,4,0,188,192,21696,0,0,0,0,0
2020-09-09,US,Texas,Upshur,340,8,0,32.73706798,-94.93999853,48459.0,814.3127439944435,2.3529411764705883,332,336,8,0,328,332,41260,4,0,0,4,4
2020-09-09,US,Texas,Upton,21,2,0,31.36868194,-102.0423217,48461.0,574.2411812961444,9.523809523809524,19,21,2,0,19,21,3671,0,0,0,0,0
2020-09-09,US,Texas,Uvalde,729,27,0,29.35739637,-99.76229172,48463.0,2726.1508544931007,3.703703703703704,702,728,28,0,700,725,26846,1,-1,0,2,3
2020-09-09,US,Texas,Val Verde,1957,86,0,29.89149232,-101.1525205,48465.0,3991.840897501275,4.394481349003577,1871,1957,86,0,1871,1957,49208,0,0,0,0,0
2020-09-09,US,Texas,Van Zandt,532,18,0,32.56483801,-95.83766469,48467.0,940.09542321965,3.3834586466165413,514,528,18,0,510,528,56019,4,0,0,4,0
2020-09-09,US,Texas,Victoria,3876,84,0,28.79780988,-96.96813006,48469.0,4209.200295382477,2.1671826625387,3792,3852,84,0,3768,3836,92035,24,0,0,24,16
2020-09-09,US,Texas,Walker,3854,50,0,30.73872995,-95.57440968,48471.0,4663.496457496814,1.2973533990659056,3804,3854,50,0,3804,3845,72480,0,0,0,0,9
2020-09-09,US,Texas,Waller,729,9,0,30.01058447,-95.99011759,48473.0,1312.3122035984509,1.2345679012345678,720,729,9,0,720,727,53126,0,0,0,0,2
2020-09-09,US,Texas,Ward,113,1,0,31.50999644,-103.09279090000001,48475.0,941.8236372728787,0.8849557522123894,112,112,1,0,111,112,11720,1,0,0,1,0
2020-09-09,US,Texas,Washington,582,46,0,30.21498498,-96.40946246,48477.0,1621.9831670475448,7.903780068728522,536,579,46,0,533,579,35108,3,0,0,3,0
2020-09-09,US,Texas,Webb,12371,260,0,27.7610369,-99.33237355,48479.0,4471.682836198545,2.1016894349688786,12111,12144,259,0,11885,12131,275910,227,1,0,226,13
2020-09-09,US,Texas,Wharton,1245,46,0,29.27765923,-96.22319248,48481.0,2995.957262489171,3.694779116465864,1199,1244,45,0,1199,1233,41619,1,1,0,0,11
2020-09-09,US,Texas,Wheeler,42,0,0,35.40114335,-100.26995140000001,48483.0,830.6962025316458,0.0,42,42,0,0,42,42,5191,0,0,0,0,0
2020-09-09,US,Texas,Wichita,1429,17,0,33.98842886,-98.70410340000001,48485.0,1080.6927323602813,1.1896431070678797,1412,1392,16,0,1376,1392,132064,37,1,0,36,0
2020-09-09,US,Texas,Wilbarger,120,2,0,34.07945812,-99.24178437,48487.0,939.7760200485553,1.6666666666666667,118,120,2,0,118,120,12820,0,0,0,0,0
2020-09-09,US,Texas,Willacy,1174,44,0,26.47411727,-97.61535848,48489.0,5496.769360427006,3.7478705281090288,1130,1174,44,0,1130,1167,21515,0,0,0,0,7
2020-09-09,US,Texas,Williamson,8107,132,0,30.64655664,-97.60048540000001,48491.0,1372.7857543209648,1.6282225237449115,7975,8092,131,0,7961,8024,566719,15,1,0,14,68
2020-09-09,US,Texas,Wilson,552,26,0,29.1732598,-98.08693082,48493.0,1080.8693949481103,4.710144927536232,526,547,26,0,521,545,50224,5,0,0,5,2
2020-09-09,US,Texas,Winkler,102,1,0,31.85008651,-103.04851629999999,48495.0,1273.4082397003745,0.9803921568627452,101,98,1,0,97,98,7720,4,0,0,4,0
2020-09-09,US,Texas,Wise,677,12,0,33.21570665,-97.65460265,48497.0,967.3639689071788,1.7725258493353029,665,670,12,0,658,670,68305,7,0,0,7,0
2020-09-09,US,Texas,Wood,428,17,0,32.78722382,-95.38236368,48499.0,939.853751729287,3.97196261682243,411,420,17,0,403,420,45129,8,0,0,8,0
2020-09-09,US,Texas,Yoakum,173,4,0,33.17320212,-102.82764329999999,48501.0,1985.5388499942608,2.3121387283237,169,173,4,0,169,173,8591,0,0,0,0,0
2020-09-09,US,Texas,Young,238,6,0,33.17659707,-98.68790885,48503.0,1321.4880621876734,2.5210084033613445,232,236,6,0,230,236,18045,2,0,0,2,0
2020-09-09,US,Texas,Zapata,317,4,0,27.00156391,-99.16987152,48505.0,2235.700684110304,1.2618296529968454,313,295,4,0,291,295,14190,22,0,0,22,0
2020-09-09,US,Texas,Zavala,272,13,0,28.86617238,-99.76050829,48507.0,2297.297297297297,4.779411764705882,259,264,13,0,251,266,11983,8,0,0,8,-2
2020-09-09,US,Utah,Bear River,2705,11,0,41.52106798,-113.08328159999999,0.0,1447.9332826601294,0.4066543438077634,2694,2698,11,0,2687,2683,,7,0,0,7,15
2020-09-09,US,Utah,Central Utah,541,3,0,39.37231946,-111.5758676,0.0,660.1264123776753,0.5545286506469501,538,536,3,0,533,533,,5,0,0,5,3
2020-09-09,US,Utah,Davis,4206,26,0,40.99001837,-112.1139997,49011.0,1183.1855992303385,0.6181645268663813,4180,4182,26,0,4156,4158,351713,24,0,0,24,24
2020-09-09,US,Utah,Salt Lake,25245,239,0,40.66616532,-111.92160109999999,49035.0,2175.4735500505412,0.9467221231927114,25006,25168,237,0,24931,25058,1152633,77,2,0,75,110
2020-09-09,US,Utah,San Juan,672,29,0,37.62762978,-109.80337140000002,49037.0,4389.861510321401,4.315476190476192,643,672,29,0,643,672,15449,0,0,0,0,0
2020-09-09,US,Utah,Southeast Utah,162,1,0,38.99617072,-110.70139579999999,0.0,402.6945735663328,0.6172839506172839,161,162,1,0,161,160,,0,0,0,0,2
2020-09-09,US,Utah,Southwest Utah,3766,29,0,37.85447192,-111.4418764,0.0,1494.1954118757988,0.7700477960701009,3737,3756,28,0,3728,3749,,10,1,0,9,7
2020-09-09,US,Utah,Summit,895,1,0,40.86688146,-110.9535882,49043.0,2123.620832839008,0.111731843575419,894,888,1,0,887,882,41933,7,0,0,7,6
2020-09-09,US,Utah,Tooele,746,0,0,40.44862644,-113.12957150000001,49045.0,1032.3973484271858,0.0,746,743,0,0,743,742,69907,3,0,0,3,1
2020-09-09,US,Utah,TriCounty,219,1,0,40.12491499,-109.5174415,0.0,386.7754583024266,0.45662100456620996,218,218,1,0,217,217,,1,0,0,1,1
2020-09-09,US,Utah,Utah,12250,51,0,40.116672200000004,-111.66576620000001,49049.0,1925.389203674743,0.4163265306122449,12199,12103,51,0,12052,11957,622213,147,0,0,147,146
2020-09-09,US,Utah,Wasatch,659,7,0,40.33110236,-111.1691419,49051.0,1933.0615118359685,1.0622154779969648,652,658,7,0,651,658,33240,1,0,0,1,0
2020-09-09,US,Utah,Weber-Morgan,3607,29,0,41.27116049,-111.9145117,0.0,1324.4619717482385,0.8039922373163294,3578,3575,29,0,3546,3564,,32,0,0,32,11
2020-09-09,US,Vermont,Addison,82,2,0,44.03217337,-73.14130877,50001.0,222.9654403567447,2.4390243902439024,80,82,2,0,80,82,36973,0,0,0,0,0
2020-09-09,US,Vermont,Bennington,108,1,0,43.03519828,-73.09048868,50003.0,304.4826614040033,0.925925925925926,107,107,1,0,106,107,35631,1,0,0,1,0
2020-09-09,US,Vermont,Caledonia,33,0,0,44.46548598,-72.10314651,50005.0,110.02567265695328,0.0,33,33,0,0,33,33,30302,0,0,0,0,0
2020-09-09,US,Vermont,Chittenden,803,39,0,44.46322849,-73.08359212,50007.0,490.30981718709916,4.85678704856787,764,803,39,0,764,802,164572,0,0,0,0,1
2020-09-09,US,Vermont,Essex,6,0,0,44.72736416,-71.73579864,50009.0,97.35518416355671,0.0,6,6,0,0,6,6,6250,0,0,0,0,0
2020-09-09,US,Vermont,Franklin,124,7,0,44.85627605,-72.91249563,50011.0,251.00198372535527,5.645161290322582,117,123,7,0,116,123,49421,1,0,0,1,0
2020-09-09,US,Vermont,Grand Isle,13,0,0,44.797582399999996,-73.29679772,50013.0,179.68210089841045,0.0,13,13,0,0,13,13,7090,0,0,0,0,0
2020-09-09,US,Vermont,Lamoille,46,1,0,44.60353043,-72.64356694,50015.0,181.37370869805213,2.1739130434782608,45,46,1,0,45,45,25300,0,0,0,0,1
2020-09-09,US,Vermont,Orange,21,0,0,44.00470222,-72.37640104,50017.0,72.68448013290876,0.0,21,21,0,0,21,21,28999,0,0,0,0,0
2020-09-09,US,Vermont,Orleans,18,0,0,44.82964024,-72.24562697,50019.0,66.57543366497762,0.0,18,18,0,0,18,17,26907,0,0,0,0,1
2020-09-09,US,Vermont,Rutland,126,1,0,43.57723578,-73.03741676,50021.0,216.52832912306027,0.7936507936507936,125,126,1,0,125,126,58672,0,0,0,0,0
2020-09-09,US,Vermont,Unassigned,8,0,0,0.0,0.0,90050.0,0.0,0.0,8,8,0,0,8,8,,0,0,0,0,0
2020-09-09,US,Vermont,Washington,64,2,0,44.27343241,-72.61604978,50023.0,109.57215497611669,3.125,62,64,2,0,62,64,58140,0,0,0,0,0
2020-09-09,US,Vermont,Windham,123,3,0,42.986982,-72.71268875,50025.0,291.3173227227512,2.4390243902439024,120,123,3,0,120,123,42756,0,0,0,0,0
2020-09-09,US,Vermont,Windsor,81,2,0,43.58010937,-72.58595157,50027.0,147.10689767898006,2.469135802469136,79,81,2,0,79,81,55286,0,0,0,0,0
2020-09-09,US,Virginia,Accomack,1155,19,0,37.76707161,-75.63234615,51001.0,3574.0809506127002,1.645021645021645,1136,1154,19,0,1135,1153,32412,1,0,0,1,1
2020-09-09,US,Virginia,Albemarle,1101,19,0,38.02080697,-78.55481085,51003.0,1007.0428976493184,1.7257039055404175,1082,1096,19,0,1077,1093,108718,5,0,0,5,3
2020-09-09,US,Virginia,Alexandria,3546,62,0,38.814003,-77.08183073,51510.0,2224.201520435557,1.7484489565707841,3484,3527,62,0,3465,3511,160530,19,0,0,19,16
2020-09-09,US,Virginia,Alleghany,71,4,0,37.78636074,-80.00222498,51005.0,477.79273216689097,5.633802816901407,67,71,4,0,67,71,14910,0,0,0,0,0
2020-09-09,US,Virginia,Amelia,113,3,0,37.34081025,-77.98584649,51007.0,859.6424496006086,2.6548672566371683,110,110,3,0,107,105,13013,3,0,0,3,5
2020-09-09,US,Virginia,Amherst,327,1,0,37.60308293,-79.14548696,51009.0,1034.6464167062177,0.3058103975535168,326,325,1,0,324,325,31666,2,0,0,2,0
2020-09-09,US,Virginia,Appomattox,183,1,0,37.37569884,-78.81340003,51011.0,1150.1476965621268,0.5464480874316939,182,183,1,0,182,183,15841,0,0,0,0,0
2020-09-09,US,Virginia,Arlington,3679,143,0,38.8767675,-77.10139853,51013.0,1553.3562459361096,3.886925795053004,3536,3656,143,0,3513,3640,237521,23,0,0,23,16
2020-09-09,US,Virginia,Augusta,398,4,0,38.16404586,-79.12461614,51015.0,526.7476640461632,1.0050251256281406,394,387,4,0,383,384,75457,11,0,0,11,3
2020-09-09,US,Virginia,Bath,4,0,0,38.05852573,-79.73912095,51017.0,96.45526886906195,0.0,4,4,0,0,4,4,4292,0,0,0,0,0
2020-09-09,US,Virginia,Bedford,621,9,0,37.3080028,-79.5281964,51019.0,786.1058014861322,1.4492753623188406,612,616,9,0,607,614,78747,5,0,0,5,2
2020-09-09,US,Virginia,Bland,62,1,0,37.13128068,-81.13599391,51021.0,987.2611464968152,1.6129032258064515,61,62,1,0,61,62,6293,0,0,0,0,0
2020-09-09,US,Virginia,Botetourt,265,10,0,37.55531756,-79.80982182,51023.0,792.9620874352913,3.7735849056603774,255,266,10,0,256,266,33277,-1,0,0,-1,0
2020-09-09,US,Virginia,Bristol,149,2,0,36.616302399999995,-82.16359122,51520.0,888.9154038897508,1.342281879194631,147,146,2,0,144,145,16482,3,0,0,3,1
2020-09-09,US,Virginia,Brunswick,318,2,0,36.76366949,-77.8593436,51025.0,1959.2138500400467,0.6289308176100629,316,317,2,0,315,310,16384,1,0,0,1,7
2020-09-09,US,Virginia,Buchanan,101,2,0,37.26818323,-82.03749726,51027.0,480.8607884212531,1.98019801980198,99,100,2,0,98,100,21221,1,0,0,1,0
2020-09-09,US,Virginia,Buckingham,657,8,0,37.57242268,-78.52518834,51029.0,3831.3505948215534,1.21765601217656,649,656,8,0,648,656,16999,1,0,0,1,0
2020-09-09,US,Virginia,Buena Vista,77,1,0,37.73484642,-79.35296097,51530.0,1188.6384686631675,1.2987012987012987,76,76,1,0,75,76,6237,1,0,0,1,0
2020-09-09,US,Virginia,Campbell,359,3,0,37.20553386,-79.09678609,51031.0,654.094925753849,0.8356545961002786,356,355,3,0,352,354,54973,4,0,0,4,1
2020-09-09,US,Virginia,Caroline,283,5,0,38.02679129,-77.34901405,51033.0,921.0740439381614,1.7667844522968197,278,285,5,0,280,280,30772,-2,0,0,-2,5
2020-09-09,US,Virginia,Carroll,448,19,0,36.73066666,-80.73455942,51035.0,1503.8098754657447,4.241071428571429,429,446,19,0,427,443,29636,2,0,0,2,3
2020-09-09,US,Virginia,Charles City,71,5,0,37.35358063,-77.05634116,51036.0,1019.6754272583656,7.042253521126762,66,70,5,0,65,69,6941,1,0,0,1,1
2020-09-09,US,Virginia,Charlotte,86,0,0,37.01909701,-78.66314092,51037.0,723.9057239057239,0.0,86,86,0,0,86,84,11938,0,0,0,0,2
2020-09-09,US,Virginia,Charlottesville,819,24,0,38.03527919,-78.48569588,51540.0,1732.7465831676043,2.93040293040293,795,797,23,0,774,789,48117,22,1,0,21,8
2020-09-09,US,Virginia,Chesapeake,3982,50,0,36.67670048,-76.30545744,51550.0,1626.4014540404764,1.2556504269211453,3932,3962,50,0,3912,3946,242634,20,0,0,20,16
2020-09-09,US,Virginia,Chesterfield,5347,85,0,37.37373208,-77.58680140000001,51041.0,1515.5809774321008,1.5896764540864037,5262,5307,83,0,5224,5264,348556,40,2,0,38,43
2020-09-09,US,Virginia,Clarke,86,0,0,39.11271747,-77.99199425,51043.0,588.2755318421233,0.0,86,86,0,0,86,85,14523,0,0,0,0,1
2020-09-09,US,Virginia,Colonial Heights,233,23,0,37.26420587,-77.39609676,51570.0,1341.3932066781806,9.871244635193133,210,232,23,0,209,231,17833,1,0,0,1,1
2020-09-09,US,Virginia,Covington,29,0,0,37.7824656,-79.98631446,51580.0,523.6547490068617,0.0,29,29,0,0,29,29,5460,0,0,0,0,0
2020-09-09,US,Virginia,Craig,24,0,0,37.48133648,-80.21072274,51045.0,467.74507893198205,0.0,24,23,0,0,23,23,5064,1,0,0,1,0
2020-09-09,US,Virginia,Culpeper,1140,14,0,38.48199985,-77.95630870000002,51047.0,2167.094382663245,1.2280701754385963,1126,1141,14,0,1127,1136,51859,-1,0,0,-1,5
2020-09-09,US,Virginia,Cumberland,102,0,0,37.51328851,-78.24398086,51049.0,1026.983487716472,0.0,102,102,0,0,102,102,9809,0,0,0,0,0
2020-09-09,US,Virginia,Danville,698,17,0,36.58022376,-79.40395668,51590.0,1743.082609129957,2.4355300859598854,681,688,17,0,671,682,40693,10,0,0,10,6
2020-09-09,US,Virginia,Dickenson,74,1,0,37.12560977,-82.35124171,51051.0,516.8319597709177,1.351351351351351,73,71,1,0,70,71,14523,3,0,0,3,0
2020-09-09,US,Virginia,Dinwiddie,327,8,0,37.07544585,-77.63451754,51053.0,1145.5997757847533,2.4464831804281344,319,322,8,0,314,318,28529,5,0,0,5,4
2020-09-09,US,Virginia,Emporia,241,19,0,36.69455571,-77.53406129,51595.0,4508.043396932286,7.883817427385892,222,241,19,0,222,241,5121,0,0,0,0,0
2020-09-09,US,Virginia,Essex,150,2,0,37.93357639,-76.94230311,51057.0,1369.4878115584772,1.3333333333333333,148,147,2,0,145,147,10919,3,0,0,3,0
2020-09-09,US,Virginia,Fairfax,19177,566,0,38.83677558,-77.27565836,51059.0,1671.1516541586639,2.951452260520415,18611,19135,563,0,18572,19055,1150795,42,3,0,39,80
2020-09-09,US,Virginia,Fairfax,19177,566,0,38.83677558,-77.27565836,51059.0,1671.1516541586639,2.951452260520415,18611,19135,563,0,18572,19055,24574,42,3,0,39,80
2020-09-09,US,Virginia,Fairfax City,126,7,0,38.85157547,-77.29779640000002,51600.0,524.5847037761772,5.5555555555555545,119,125,7,0,118,125,24574,1,0,0,1,0
2020-09-09,US,Virginia,Falls Church,66,7,0,38.88485255,-77.17560759,51610.0,451.5290415269892,10.606060606060606,59,66,7,0,59,66,14772,0,0,0,0,0
2020-09-09,US,Virginia,Fauquier,827,20,0,38.73564842,-77.80647472,51061.0,1161.158069135941,2.4183796856106414,807,814,18,0,796,809,70675,13,2,0,11,5
2020-09-09,US,Virginia,Floyd,161,2,0,36.9302126,-80.36738849,51063.0,1022.2871293415456,1.2422360248447204,159,158,2,0,156,156,15795,3,0,0,3,2
2020-09-09,US,Virginia,Fluvanna,237,9,0,37.84157909,-78.27715475,51065.0,869.0869086908691,3.79746835443038,228,236,9,0,227,235,26783,1,0,0,1,1
2020-09-09,US,Virginia,Franklin,194,1,0,36.99536167,-79.88023649,51067.0,346.1689447200313,0.5154639175257731,193,194,1,0,193,194,56195,0,0,0,0,0
2020-09-09,US,Virginia,Franklin,194,1,0,36.99536167,-79.88023649,51067.0,346.1689447200313,0.5154639175257731,193,194,1,0,193,194,8013,0,0,0,0,0
2020-09-09,US,Virginia,Franklin City,343,7,0,36.6831435,-76.93859681,51620.0,4305.259194175976,2.0408163265306123,336,340,7,0,333,339,8013,3,0,0,3,1
2020-09-09,US,Virginia,Frederick,794,11,0,39.20172582,-78.25974949,51069.0,889.0083190576961,1.3853904282115868,783,793,11,0,782,787,88355,1,0,0,1,6
2020-09-09,US,Virginia,Fredericksburg,511,4,0,38.2977863,-77.4922454,51630.0,1759.884281581485,0.7827788649706457,507,497,4,0,493,496,29144,14,0,0,14,1
2020-09-09,US,Virginia,Galax,403,28,0,36.66601852,-80.91703124,51640.0,6349.456436111549,6.9478908188585615,375,403,28,0,375,403,6423,0,0,0,0,0
2020-09-09,US,Virginia,Giles,61,0,0,37.31234791,-80.70636931,51071.0,364.8325358851675,0.0,61,61,0,0,61,61,16844,0,0,0,0,0
2020-09-09,US,Virginia,Gloucester,211,2,0,37.40809042,-76.53524337,51073.0,564.9566241833568,0.9478672985781992,209,210,2,0,208,209,37349,1,0,0,1,1
2020-09-09,US,Virginia,Goochland,231,7,0,37.71714806,-77.90381514,51075.0,972.5087357386436,3.0303030303030303,224,229,7,0,222,228,23244,2,0,0,2,1
2020-09-09,US,Virginia,Grayson,266,8,0,36.65677234,-81.23215889,51077.0,1710.6109324758845,3.0075187969924815,258,265,8,0,257,263,15631,1,0,0,1,2
2020-09-09,US,Virginia,Greene,203,3,0,38.29545894,-78.46525378,51079.0,1024.26964024421,1.477832512315271,200,204,3,0,201,203,19779,-1,0,0,-1,1
2020-09-09,US,Virginia,Greensville,727,11,0,36.67878901,-77.56351439,51081.0,6413.196894848272,1.5130674002751032,716,724,11,0,713,722,11627,3,0,0,3,2
2020-09-09,US,Virginia,Halifax,257,4,0,36.76654925,-78.93512622,51083.0,757.8661791159213,1.5564202334630348,253,243,4,0,239,235,34120,14,0,0,14,8
2020-09-09,US,Virginia,Hampton,1661,16,0,37.03513786,-76.35879121,51650.0,1234.8524273288228,0.963275135460566,1645,1651,16,0,1635,1629,134313,10,0,0,10,22
2020-09-09,US,Virginia,Hanover,901,35,0,37.7583355,-77.49464673,51085.0,836.0707458753226,3.8845726970033296,866,890,35,0,855,876,107239,11,0,0,11,14
2020-09-09,US,Virginia,Harrisonburg,1989,34,0,38.43542574,-78.87536254,51660.0,3751.6976007243097,1.709401709401709,1955,1936,33,0,1903,1793,54033,53,1,0,52,143
2020-09-09,US,Virginia,Henrico,4872,195,0,37.53460572,-77.39326555,51087.0,1472.7130929997766,4.002463054187191,4677,4844,194,0,4650,4806,329261,28,1,0,27,38
2020-09-09,US,Virginia,Henry,920,16,0,36.68542395,-79.87634026,51089.0,1819.728227545147,1.7391304347826086,904,915,16,0,899,914,50953,5,0,0,5,1
2020-09-09,US,Virginia,Highland,6,0,0,38.35799465,-79.56124594,51091.0,273.97260273972597,0.0,6,6,0,0,6,6,2210,0,0,0,0,0
2020-09-09,US,Virginia,Hopewell,359,5,0,37.29186313,-77.29754684,51670.0,1593.5017089085181,1.3927576601671308,354,359,5,0,354,358,22596,0,0,0,0,1
2020-09-09,US,Virginia,Isle of Wight,625,11,0,36.90579348,-76.70842863,51093.0,1684.2275458783586,1.76,614,617,11,0,606,615,36953,8,0,0,8,2
2020-09-09,US,Virginia,James City,777,18,0,37.31156958,-76.76950618,51095.0,1015.3809965631247,2.3166023166023164,759,774,18,0,756,769,76397,3,0,0,3,5
2020-09-09,US,Virginia,King George,214,4,0,38.26818502,-77.15852768,51099.0,797.4362796243852,1.8691588785046729,210,212,4,0,208,211,26575,2,0,0,2,1
2020-09-09,US,Virginia,King William,126,2,0,37.70965316,-77.09384941,51101.0,734.7795661301607,1.5873015873015872,124,125,2,0,123,121,16939,1,0,0,1,4
2020-09-09,US,Virginia,King and Queen,60,1,0,37.71044922,-76.88689628,51097.0,854.0925266903914,1.6666666666666667,59,59,1,0,58,58,7042,1,0,0,1,1
2020-09-09,US,Virginia,Lancaster,84,0,0,37.71889653,-76.46400482,51103.0,792.2286145430537,0.0,84,83,0,0,83,81,10783,1,0,0,1,2
2020-09-09,US,Virginia,Lee,234,4,0,36.70586667,-83.12606515,51105.0,999.018059172608,1.709401709401709,230,232,4,0,228,231,23541,2,0,0,2,1
2020-09-09,US,Virginia,Lexington,44,1,0,37.78258621,-79.44262866,51678.0,590.9213000268601,2.272727272727273,43,44,1,0,43,43,7136,0,0,0,0,1
2020-09-09,US,Virginia,Loudoun,6273,118,0,39.08990083,-77.63481877,51107.0,1516.9101751229632,1.881077634305755,6155,6263,118,0,6145,6223,406850,10,0,0,10,40
2020-09-09,US,Virginia,Louisa,265,3,0,37.97850256,-77.96274807,51109.0,704.9559735042963,1.1320754716981132,262,265,3,0,262,265,36778,0,0,0,0,0
2020-09-09,US,Virginia,Lunenburg,101,2,0,36.94618528,-78.24133319,51111.0,828.1403738930796,1.98019801980198,99,100,2,0,98,100,12086,1,0,0,1,0
2020-09-09,US,Virginia,Lynchburg,1116,5,0,37.40021399,-79.19888138,51680.0,1358.1929704994645,0.4480286738351255,1111,1092,5,0,1087,1092,82126,24,0,0,24,0
2020-09-09,US,Virginia,Madison,96,2,0,38.41531222,-78.28220331,51113.0,723.9273056330593,2.083333333333333,94,95,2,0,93,95,13295,1,0,0,1,0
2020-09-09,US,Virginia,Manassas,1842,24,0,38.7464321,-77.48509905,51683.0,4483.388097845929,1.3029315960912051,1818,1836,24,0,1812,1837,41641,6,0,0,6,-1
2020-09-09,US,Virginia,Manassas Park,587,7,0,38.77058531,-77.44399307,51685.0,3358.5078384254493,1.192504258943782,580,582,7,0,575,582,17307,5,0,0,5,0
2020-09-09,US,Virginia,Martinsville,348,6,0,36.68212094,-79.86352771,51690.0,2772.02485263661,1.7241379310344829,342,346,6,0,340,345,12902,2,0,0,2,1
2020-09-09,US,Virginia,Mathews,23,0,0,37.44164146,-76.34098896,51115.0,260.3577088521621,0.0,23,23,0,0,23,23,8802,0,0,0,0,0
2020-09-09,US,Virginia,Mecklenburg,609,33,0,36.67882005,-78.36131056,51117.0,1991.0419459247394,5.41871921182266,576,601,33,0,568,597,30650,8,0,0,8,4
2020-09-09,US,Virginia,Middlesex,62,1,0,37.63191998,-76.55064617,51119.0,585.9005859005861,1.6129032258064515,61,62,1,0,61,61,10769,0,0,0,0,1
2020-09-09,US,Virginia,Montgomery,1073,4,0,37.17746986,-80.37868691,51121.0,1088.9531638504084,0.3727865796831314,1069,1015,4,0,1011,984,98985,58,0,0,58,31
2020-09-09,US,Virginia,Nelson,90,0,0,37.78790447,-78.88498513,51125.0,602.8131279303417,0.0,90,90,0,0,90,90,14836,0,0,0,0,0
2020-09-09,US,Virginia,New Kent,160,1,0,37.50694406,-76.99828634,51127.0,692.9106578320558,0.625,159,160,1,0,159,159,22391,0,0,0,0,1
2020-09-09,US,Virginia,Newport News,2505,28,0,37.08166899,-76.51754109,51700.0,1397.6844748221508,1.1177644710578842,2477,2499,28,0,2471,2486,178626,6,0,0,6,13
2020-09-09,US,Virginia,Norfolk,4545,60,0,36.89934014,-76.26420872,51710.0,1872.358306349952,1.32013201320132,4485,4537,60,0,4477,4533,244076,8,0,0,8,4
2020-09-09,US,Virginia,Northampton,304,29,0,37.34062933,-75.87751591,51131.0,2596.071733561059,9.539473684210526,275,304,29,0,275,304,11735,0,0,0,0,0
2020-09-09,US,Virginia,Northumberland,102,5,0,37.89202088,-76.41949732,51133.0,843.3236874741629,4.901960784313727,97,101,5,0,96,101,12147,1,0,0,1,0
2020-09-09,US,Virginia,Norton,31,0,0,36.93357076,-82.62750411,51720.0,778.6988193921126,0.0,31,31,0,0,31,30,3968,0,0,0,0,1
2020-09-09,US,Virginia,Nottoway,209,15,0,37.1435975,-78.05065922,51135.0,1372.1113445378148,7.177033492822965,194,208,15,0,193,206,15420,1,0,0,1,2
2020-09-09,US,Virginia,Orange,277,4,0,38.24530219,-78.01560400000002,51137.0,747.6181479582198,1.444043321299639,273,273,4,0,269,273,36644,4,0,0,4,0
2020-09-09,US,Virginia,Page,366,27,0,38.61807452,-78.48797204,51139.0,1531.2526148439456,7.3770491803278695,339,366,27,0,339,366,23933,0,0,0,0,0
2020-09-09,US,Virginia,Patrick,245,13,0,36.680163799999995,-80.2865648,51141.0,1391.412994093594,5.306122448979592,232,245,13,0,232,245,17673,0,0,0,0,0
2020-09-09,US,Virginia,Petersburg,670,23,0,37.20530399,-77.39368102,51730.0,2137.4338033560903,3.4328358208955225,647,665,23,0,642,660,31567,5,0,0,5,5
2020-09-09,US,Virginia,Pittsylvania,869,6,0,36.81980341,-79.39731264,51143.0,1439.8382874374524,0.6904487917146145,863,867,6,0,861,856,60949,2,0,0,2,11
2020-09-09,US,Virginia,Poquoson,74,1,0,37.14259351,-76.35798148,51735.0,603.0478363621547,1.351351351351351,73,74,1,0,73,73,12190,0,0,0,0,1
2020-09-09,US,Virginia,Portsmouth,2324,43,0,36.85914825,-76.35971629,51740.0,2461.916566028941,1.8502581755593803,2281,2309,43,0,2266,2286,94632,15,0,0,15,23
2020-09-09,US,Virginia,Powhatan,197,5,0,37.55016038,-77.91267882,51145.0,664.3733980844463,2.538071065989848,192,196,4,0,192,195,29189,1,1,0,0,1
2020-09-09,US,Virginia,Prince Edward,518,12,0,37.22554789,-78.43597949,51147.0,2271.7305499517597,2.3166023166023164,506,516,12,0,504,509,22950,2,0,0,2,7
2020-09-09,US,Virginia,Prince George,665,2,0,37.18497668,-77.22922187,51149.0,1733.8930461763096,0.3007518796992481,663,626,2,0,624,626,38082,39,0,0,39,0
2020-09-09,US,Virginia,Prince William,11364,188,0,38.70916224,-77.48713689,51153.0,2416.150190821436,1.6543470608940514,11176,11304,188,0,11116,11253,468011,60,0,0,60,51
2020-09-09,US,Virginia,Pulaski,156,3,0,37.06474963,-80.71229738,51155.0,458.45945866517764,1.9230769230769231,153,148,3,0,145,148,34066,8,0,0,8,0
2020-09-09,US,Virginia,Radford,607,0,0,37.12222899,-80.56027320000003,51750.0,3326.209655323579,0.0,607,600,0,0,600,600,18339,7,0,0,7,0
2020-09-09,US,Virginia,Rappahannock,58,2,0,38.68295619,-78.15826963,51157.0,786.9742198100407,3.4482758620689653,56,58,2,0,56,57,7252,0,0,0,0,1
2020-09-09,US,Virginia,Richmond,334,4,0,37.937575,-76.72920628,51159.0,3701.651335476006,1.1976047904191616,330,333,4,0,329,332,9038,1,0,0,1,1
2020-09-09,US,Virginia,Richmond City,4198,49,0,37.53255773,-77.47966921,51760.0,1821.763960492284,1.167222486898523,4149,4176,49,0,4127,4153,228783,22,0,0,22,23
2020-09-09,US,Virginia,Roanoke,667,5,0,37.26865804,-80.06396753,51161.0,708.173189221328,0.7496251874062968,662,661,5,0,656,661,94073,6,0,0,6,0
2020-09-09,US,Virginia,Roanoke City,1312,15,0,37.27791025,-79.96189766,51770.0,1323.3410326498088,1.1432926829268293,1297,1306,15,0,1291,1305,99920,6,0,0,6,1
2020-09-09,US,Virginia,Rockbridge,87,1,0,37.81204314,-79.44605905,51163.0,385.4162052009037,1.1494252873563218,86,87,1,0,86,84,22752,0,0,0,0,3
2020-09-09,US,Virginia,Rockingham,1183,20,0,38.51006137,-78.87260325,51165.0,1443.5983794601457,1.69061707523246,1163,1171,20,0,1151,1145,81244,12,0,0,12,26
2020-09-09,US,Virginia,Russell,199,4,0,36.93028320000001,-82.10095486,51167.0,748.5142556232604,2.010050251256281,195,199,4,0,195,196,26748,0,0,0,0,3
2020-09-09,US,Virginia,Salem,234,4,0,37.2836193,-80.06219455,51775.0,924.8646298565274,1.709401709401709,230,233,4,0,229,231,25643,1,0,0,1,2
2020-09-09,US,Virginia,Scott,168,4,0,36.71466456,-82.60171704,51169.0,779.0039877585087,2.380952380952381,164,167,4,0,163,166,21534,1,0,0,1,1
2020-09-09,US,Virginia,Shenandoah,782,50,0,38.85905135,-78.56813762,51171.0,1792.9200293470285,6.3938618925831205,732,782,50,0,732,778,43497,0,0,0,0,4
2020-09-09,US,Virginia,Smyth,348,6,0,36.84455636,-81.53344948,51173.0,1155.992559128355,1.7241379310344829,342,345,6,0,339,331,30472,3,0,0,3,14
2020-09-09,US,Virginia,Southampton,385,13,0,36.72231125,-77.10642712,51175.0,2183.6537916170373,3.3766233766233764,372,384,13,0,371,380,17586,1,0,0,1,4
2020-09-09,US,Virginia,Spotsylvania,1926,39,0,38.18574462,-77.655399,51177.0,1413.941195903535,2.0249221183800623,1887,1905,39,0,1866,1892,134238,21,0,0,21,13
2020-09-09,US,Virginia,Stafford,1799,13,0,38.41758738,-77.45917053,51179.0,1176.7245326460934,0.7226236798221234,1786,1784,13,0,1771,1779,149960,15,0,0,15,5
2020-09-09,US,Virginia,Staunton,187,0,0,38.15965544,-79.05979937,51790.0,750.0401090967433,0.0,187,182,0,0,182,179,24922,5,0,0,5,3
2020-09-09,US,Virginia,Suffolk,1758,63,0,36.70155394,-76.63603554,51800.0,1908.6290007382638,3.583617747440273,1695,1748,63,0,1685,1733,91185,10,0,0,10,15
2020-09-09,US,Virginia,Surry,92,3,0,37.11781893,-76.88450012,51181.0,1432.5755216443476,3.260869565217391,89,89,3,0,86,89,6474,3,0,0,3,0
2020-09-09,US,Virginia,Sussex,360,9,0,36.92432914,-77.25791182,51183.0,3226.095528273143,2.5,351,357,9,0,348,354,11237,3,0,0,3,3
2020-09-09,US,Virginia,Tazewell,219,2,0,37.12191123,-81.56685568,51185.0,539.4753048404976,0.9132420091324199,217,217,2,0,215,211,40855,2,0,0,2,6
2020-09-09,US,Virginia,Virginia Beach,6305,71,0,36.73285734,-76.04566934,51810.0,1401.1920688750906,1.12609040444092,6234,6227,71,0,6156,6226,450189,78,0,0,78,1
2020-09-09,US,Virginia,Warren,396,6,0,38.90847745,-78.20280433,51187.0,985.9575739468179,1.5151515151515151,390,395,6,0,389,395,40003,1,0,0,1,0
2020-09-09,US,Virginia,Washington,432,9,0,36.72341572,-81.95666289,51191.0,803.8704875325642,2.083333333333333,423,432,9,0,423,426,54402,0,0,0,0,6
2020-09-09,US,Virginia,Waynesboro,230,3,0,38.06451466,-78.90293905,51820.0,1016.3499779054351,1.3043478260869563,227,228,3,0,225,227,22628,2,0,0,2,1
2020-09-09,US,Virginia,Westmoreland,232,3,0,38.11021557,-76.80213247,51193.0,1287.8157091312794,1.293103448275862,229,232,3,0,229,232,17830,0,0,0,0,0
2020-09-09,US,Virginia,Williamsburg,158,6,0,37.28131268,-76.70905141,51830.0,1056.5734920422626,3.79746835443038,152,157,6,0,151,157,14896,1,0,0,1,0
2020-09-09,US,Virginia,Winchester,461,4,0,39.17054517,-78.17325058,51840.0,1641.8548329653104,0.8676789587852495,457,461,4,0,457,461,28108,0,0,0,0,0
2020-09-09,US,Virginia,Wise,365,5,0,36.9746148,-82.62410519,51195.0,976.3796378032796,1.3698630136986298,360,364,5,0,359,363,38012,1,0,0,1,1
2020-09-09,US,Virginia,Wythe,196,3,0,36.91582035,-81.07834059,51197.0,683.307767396458,1.5306122448979589,193,193,3,0,190,193,28754,3,0,0,3,0
2020-09-09,US,Virginia,York,492,6,0,37.24374789,-76.54412815,51199.0,720.5623901581723,1.2195121951219512,486,492,6,0,486,488,67846,0,0,0,0,4
2020-09-09,US,Washington,Adams,724,9,0,46.98299757,-118.56017340000001,53001.0,3623.0796176750237,1.2430939226519335,715,709,8,0,701,709,19759,15,1,0,14,0
2020-09-09,US,Washington,Asotin,60,2,0,46.18894415,-117.2022851,53003.0,265.69834381365695,3.333333333333333,58,58,2,0,56,58,22610,2,0,0,2,0
2020-09-09,US,Washington,Benton,4260,126,0,46.23946995,-119.51208340000001,53005.0,2084.250697196536,2.9577464788732395,4134,4221,125,0,4096,4221,201877,39,1,0,38,0
2020-09-09,US,Washington,Chelan,1771,12,0,47.87046092,-120.6173956,53007.0,2294.041450777202,0.6775832862789385,1759,1768,12,0,1756,1768,77036,3,0,0,3,0
2020-09-09,US,Washington,Clallam,217,1,0,48.04754642,-123.92263190000001,53009.0,280.61191501467715,0.4608294930875576,216,217,1,0,216,217,76737,0,0,0,0,0
2020-09-09,US,Washington,Clark,2308,58,0,45.77568046,-122.48292040000001,53011.0,472.71736703799974,2.512998266897747,2250,2297,57,0,2240,2297,481857,11,1,0,10,0
2020-09-09,US,Washington,Columbia,14,1,0,46.29442881,-117.9051983,53013.0,351.3174404015057,7.142857142857142,13,15,1,0,14,15,4059,-1,0,0,-1,0
2020-09-09,US,Washington,Cowlitz,558,6,0,46.19074721,-122.6782231,53015.0,504.55272937708537,1.075268817204301,552,557,6,0,551,557,108987,1,0,0,1,0
2020-09-09,US,Washington,Douglas,1165,8,0,47.7361335,-119.69293700000001,53017.0,2682.539317046213,0.6866952789699571,1157,1164,8,0,1156,1164,42907,1,0,0,1,0
2020-09-09,US,Washington,Ferry,29,0,0,48.471143100000006,-118.5154041,53019.0,380.22813688212926,0.0,29,28,0,0,28,28,7649,1,0,0,1,0
2020-09-09,US,Washington,Franklin,4059,58,0,46.53351425,-118.9018212,53021.0,4262.670391296129,1.4289233801428924,4001,4035,58,0,3977,4035,94347,24,0,0,24,0
2020-09-09,US,Washington,Garfield,4,0,0,46.43197502,-117.54540320000001,53023.0,179.77528089887642,0.0,4,4,0,0,4,4,2247,0,0,0,0,0
2020-09-09,US,Washington,Grant,2515,17,0,47.20753737,-119.4500749,53025.0,2573.337562542846,0.6759443339960238,2498,2490,17,0,2473,2490,97331,25,0,0,25,0
2020-09-09,US,Washington,Grays Harbor,301,6,0,47.14003705,-123.7820567,53027.0,401.0071808262612,1.9933554817275747,295,295,6,0,289,295,73901,6,0,0,6,0
2020-09-09,US,Washington,Island,274,11,0,48.14713305,-122.5216407,53029.0,321.81910008104205,4.014598540145985,263,274,11,0,263,274,84460,0,0,0,0,0
2020-09-09,US,Washington,Jefferson,70,0,0,47.75003077,-123.56097040000002,53031.0,217.2496198131653,0.0,70,71,0,0,71,71,31729,-1,0,0,-1,0
2020-09-09,US,Washington,King,20413,743,0,47.49137892,-121.8346131,53033.0,906.1240723691859,3.639837358546024,19670,20326,736,0,19590,20326,2233163,87,7,0,80,0
2020-09-09,US,Washington,Kitsap,1068,11,0,47.63479026,-122.6436061,53035.0,393.40928932158994,1.0299625468164797,1057,1052,11,0,1041,1052,269805,16,0,0,16,0
2020-09-09,US,Washington,Kittitas,453,21,0,47.12521214,-120.67943899999999,53037.0,945.0297277563368,4.635761589403972,432,453,21,0,432,453,47364,0,0,0,0,0
2020-09-09,US,Washington,Klickitat,181,3,0,45.87325839,-120.7913598,53039.0,807.1348940914157,1.6574585635359116,178,178,3,0,175,178,22107,3,0,0,3,0
2020-09-09,US,Washington,Lewis,408,4,0,46.57756476,-122.39257690000001,53041.0,505.5323577880481,0.9803921568627452,404,384,4,0,380,384,79604,24,0,0,24,0
2020-09-09,US,Washington,Lincoln,35,1,0,47.57705241,-118.41943880000001,53043.0,319.9561203035012,2.8571428571428568,34,34,1,0,33,34,10740,1,0,0,1,0
2020-09-09,US,Washington,Mason,342,2,0,47.35007586,-123.1863685,53045.0,512.2214234363768,0.5847953216374269,340,339,1,0,338,339,65507,3,1,0,2,0
2020-09-09,US,Washington,Okanogan,1004,9,0,48.54855019,-119.73872240000001,53047.0,2376.7251378926685,0.896414342629482,995,1004,7,0,997,1004,42132,0,2,0,-2,0
2020-09-09,US,Washington,Pacific,69,3,0,46.55418369,-123.7285716,53049.0,307.0624360286592,4.3478260869565215,66,68,3,0,65,68,22036,1,0,0,1,0
2020-09-09,US,Washington,Pend Oreille,56,0,0,48.53234021,-117.2741804,53051.0,408.04430195278337,0.0,56,56,0,0,56,56,13602,0,0,0,0,0
2020-09-09,US,Washington,Pierce,7149,180,0,47.03892768,-122.14059579999999,53053.0,789.9622091095938,2.5178346621905163,6969,7104,177,0,6927,7104,891299,45,3,0,42,0
2020-09-09,US,Washington,San Juan,29,0,0,48.60182783,-122.96745,53055.0,164.94141735866228,0.0,29,29,0,0,29,29,17128,0,0,0,0,0
2020-09-09,US,Washington,Skagit,1051,22,0,48.48171488,-121.766131,53057.0,813.4360125382144,2.093244529019981,1029,1050,22,0,1028,1050,128206,1,0,0,1,0
2020-09-09,US,Washington,Skamania,60,1,0,46.02408726,-121.91644029999999,53059.0,496.56542249441367,1.6666666666666667,59,60,1,0,59,60,11924,0,0,0,0,0
2020-09-09,US,Washington,Snohomish,6419,205,0,48.04615983,-121.7170703,53061.0,780.8214012453731,3.193643869761645,6214,6378,207,0,6171,6378,814901,41,-2,0,43,0
2020-09-09,US,Washington,Spokane,5619,141,0,47.62113146,-117.4046494,53063.0,1074.7937061733212,2.5093432995194878,5478,5571,138,0,5433,5571,514631,48,3,0,45,0
2020-09-09,US,Washington,Stevens,130,2,0,48.40035475,-117.8542701,53065.0,284.3208013472432,1.5384615384615383,128,130,2,0,128,130,45260,0,0,0,0,0
2020-09-09,US,Washington,Thurston,971,16,0,46.9291895,-122.82906559999999,53067.0,334.2098741636148,1.6477857878475801,955,961,16,0,945,961,286419,10,0,0,10,0
2020-09-09,US,Washington,Unassigned,299,4,0,0.0,0.0,90053.0,0.0,1.3377926421404682,295,306,4,0,302,306,,-7,0,0,-7,0
2020-09-09,US,Washington,Wahkiakum,6,0,0,46.29180039999999,-123.4250831,53069.0,133.6898395721925,0.0,6,6,0,0,6,6,4426,0,0,0,0,0
2020-09-09,US,Washington,Walla Walla,800,5,0,46.23040051,-118.4775539,53071.0,1316.6556945358789,0.625,795,797,5,0,792,797,60922,3,0,0,3,0
2020-09-09,US,Washington,Whatcom,1151,39,0,48.82227976,-121.74900179999999,53073.0,502.07854410308533,3.3883579496090355,1112,1145,39,0,1106,1145,225685,6,0,0,6,0
2020-09-09,US,Washington,Whitman,871,0,0,46.90022523,-117.52417630000001,53075.0,1738.3841609452338,0.0,871,840,0,0,840,840,49791,31,0,0,31,0
2020-09-09,US,Washington,Yakima,11096,251,0,46.45738486,-120.73801259999999,53077.0,4422.955040996839,2.2620764239365543,10845,11071,243,0,10828,11071,251446,25,8,0,17,0
2020-09-09,US,West Virginia,Barbour,35,1,0,39.1307219,-80.00350858,54001.0,212.8824280761511,2.8571428571428568,34,35,1,0,34,35,16535,0,0,0,0,0
2020-09-09,US,West Virginia,Berkeley,840,11,0,39.46704621,-78.02414609,54003.0,704.8694732778947,1.3095238095238095,829,837,11,0,826,831,117123,3,0,0,3,6
2020-09-09,US,West Virginia,Boone,162,0,0,38.01974191,-81.69888019,54005.0,754.9983688306846,0.0,162,157,0,0,157,157,21951,5,0,0,5,0
2020-09-09,US,West Virginia,Braxton,9,0,0,38.70036159,-80.72011184,54007.0,64.48377158415133,0.0,9,9,0,0,9,9,14089,0,0,0,0,0
2020-09-09,US,West Virginia,Brooke,105,1,0,40.27367263,-80.57915332,54009.0,478.5997538629837,0.9523809523809524,104,102,1,0,101,102,22203,3,0,0,3,0
2020-09-09,US,West Virginia,Cabell,601,8,0,38.42424062,-82.23855912,54011.0,653.6516395671325,1.3311148086522462,593,595,8,0,587,589,93224,6,0,0,6,6
2020-09-09,US,West Virginia,Calhoun,20,0,0,38.84315422,-81.11934872,54013.0,281.3335208890139,0.0,20,19,0,0,19,18,7254,1,0,0,1,1
2020-09-09,US,West Virginia,Clay,30,2,0,38.46231092,-81.07652217,54015.0,352.60930888575456,6.666666666666668,28,29,2,0,27,29,8632,1,0,0,1,0
2020-09-09,US,West Virginia,Doddridge,13,0,0,39.27057157,-80.70671527,54017.0,153.88257575757575,0.0,13,13,0,0,13,13,8406,0,0,0,0,0
2020-09-09,US,West Virginia,Fayette,421,9,0,38.02974928,-81.08286634,54019.0,992.7840399943403,2.1377672209026133,412,421,9,0,412,421,43018,0,0,0,0,0
2020-09-09,US,West Virginia,Gilmer,20,0,0,38.9251277,-80.85952723,54021.0,255.65639780135498,0.0,20,20,0,0,20,20,8026,0,0,0,0,0
2020-09-09,US,West Virginia,Grant,144,6,0,39.10314817,-79.19440518,54023.0,1244.8132780082988,4.166666666666667,138,144,6,0,138,144,11626,0,0,0,0,0
2020-09-09,US,West Virginia,Greenbrier,108,3,0,37.9463652,-80.45335881,54025.0,311.58040505452664,2.7777777777777777,105,106,3,0,103,106,34786,2,0,0,2,0
2020-09-09,US,West Virginia,Hampshire,93,1,0,39.32103553,-78.60826476,54027.0,401.2944983818769,1.075268817204301,92,93,1,0,92,93,23347,0,0,0,0,0
2020-09-09,US,West Virginia,Hancock,132,0,0,40.51943859,-80.57461608,54029.0,458.1742450538008,0.0,132,132,0,0,132,128,29094,0,0,0,0,4
2020-09-09,US,West Virginia,Hardy,76,0,0,39.00683177,-78.85855301,54031.0,551.6840882694542,0.0,76,76,0,0,76,76,13775,0,0,0,0,0
2020-09-09,US,West Virginia,Harrison,306,3,0,39.2853852,-80.37919577,54033.0,454.9779945283692,0.9803921568627452,303,304,2,0,302,301,67554,2,1,0,1,3
2020-09-09,US,West Virginia,Jackson,219,21,0,38.84263974,-81.68148753,54035.0,766.3773796192609,9.58904109589041,198,219,21,0,198,217,28706,0,0,0,0,2
2020-09-09,US,West Virginia,Jefferson,396,4,0,39.30776166,-77.86014147,54037.0,692.9618870962097,1.0101010101010102,392,394,4,0,390,389,56811,2,0,0,2,5
2020-09-09,US,West Virginia,Kanawha,1753,47,0,38.33860077,-81.52857054,54039.0,984.1458759066718,2.681118083285796,1706,1737,47,0,1690,1731,180454,16,0,0,16,6
2020-09-09,US,West Virginia,Lewis,36,2,0,38.9947249,-80.49988181,54041.0,226.31545860313068,5.5555555555555545,34,36,2,0,34,36,16024,0,0,0,0,0
2020-09-09,US,West Virginia,Lincoln,126,2,0,38.172154,-82.07017953,54043.0,617.3746876378068,1.5873015873015872,124,126,2,0,124,126,20599,0,0,0,0,0
2020-09-09,US,West Virginia,Logan,529,34,0,37.8299889,-81.93528571,54045.0,1652.1440394765607,6.4272211720226835,495,522,34,0,488,519,32607,7,0,0,7,3
2020-09-09,US,West Virginia,Marion,233,2,0,39.50984542,-80.24244659,54049.0,415.537166500214,0.8583690987124464,231,232,2,0,230,230,56097,1,0,0,1,2
2020-09-09,US,West Virginia,Marshall,136,1,0,39.86064362,-80.66591062,54051.0,445.44888801545966,0.7352941176470589,135,134,1,0,133,134,30785,2,0,0,2,0
2020-09-09,US,West Virginia,Mason,123,1,0,38.77071799,-82.02524219,54053.0,463.87087041786094,0.8130081300813008,122,123,1,0,122,120,26718,0,0,0,0,3
2020-09-09,US,West Virginia,McDowell,74,1,0,37.38002939,-81.65083669,54047.0,419.8819791193826,1.351351351351351,73,74,1,0,73,74,18223,0,0,0,0,0
2020-09-09,US,West Virginia,Mercer,350,24,0,37.40481169,-81.11023142,54055.0,595.6635692161067,6.857142857142858,326,350,24,0,326,350,59131,0,0,0,0,0
2020-09-09,US,West Virginia,Mineral,148,4,0,39.41561583,-78.94104895,54057.0,550.8411493226142,2.702702702702702,144,147,4,0,143,147,26940,1,0,0,1,0
2020-09-09,US,West Virginia,Mingo,289,7,0,37.73048351,-82.13338365,54059.0,1233.7773224043715,2.4221453287197234,282,282,7,0,275,280,23785,7,0,0,7,2
2020-09-09,US,West Virginia,Monongalia,1504,5,0,39.63218457,-80.04766838,54061.0,1424.0805969018675,0.3324468085106383,1499,1433,5,0,1428,1401,106420,71,0,0,71,32
2020-09-09,US,West Virginia,Monroe,138,7,0,37.56274716,-80.54577965,54063.0,1039.54802259887,5.0724637681159415,131,138,6,0,132,138,13280,0,1,0,-1,0
2020-09-09,US,West Virginia,Morgan,41,0,0,39.55439028,-78.26311676,54065.0,229.2552001789309,0.0,41,41,0,0,41,41,17787,0,0,0,0,0
2020-09-09,US,West Virginia,Nicholas,58,3,0,38.29617706,-80.79759588,54067.0,236.77335075114303,5.172413793103448,55,58,3,0,55,57,24842,0,0,0,0,1
2020-09-09,US,West Virginia,Ohio,301,6,0,40.0955451,-80.62203992,54069.0,726.8600130400134,1.9933554817275747,295,297,6,0,291,297,41755,4,0,0,4,0
2020-09-09,US,West Virginia,Pendleton,45,1,0,38.68314479,-79.35084086,54071.0,645.7167455876022,2.2222222222222223,44,45,1,0,44,45,6997,0,0,0,0,0
2020-09-09,US,West Virginia,Pleasants,15,2,0,39.37091679,-81.16771771,54073.0,201.07238605898124,13.333333333333336,13,15,2,0,13,15,7507,0,0,0,0,0
2020-09-09,US,West Virginia,Pocahontas,55,0,0,38.32758728,-80.00993811,54075.0,666.9091790954286,0.0,55,45,0,0,45,45,8414,10,0,0,10,0
2020-09-09,US,West Virginia,Preston,142,4,0,39.46770987,-79.66712803,54077.0,424.7427614261785,2.8169014084507036,138,142,4,0,138,141,33839,0,0,0,0,1
2020-09-09,US,West Virginia,Putnam,353,1,0,38.50782345,-81.9082131,54079.0,625.3321523472099,0.28328611898017,352,352,1,0,351,350,56682,1,0,0,1,2
2020-09-09,US,West Virginia,Raleigh,397,4,0,37.76936795,-81.2456041,54081.0,541.159471653876,1.0075566750629723,393,393,4,0,389,391,74254,4,0,0,4,2
2020-09-09,US,West Virginia,Randolph,228,2,0,38.769899,-79.87919615,54083.0,794.5635128071092,0.8771929824561403,226,228,1,0,227,228,28823,0,1,0,-1,0
2020-09-09,US,West Virginia,Ritchie,6,0,0,39.18094587,-81.06356878,54085.0,62.80092108017585,0.0,6,6,0,0,6,6,9721,0,0,0,0,0
2020-09-09,US,West Virginia,Roane,37,1,0,38.71622686,-81.35243568,54087.0,270.30976037405026,2.702702702702702,36,37,1,0,36,37,13932,0,0,0,0,0
2020-09-09,US,West Virginia,Summers,22,0,0,37.65390597,-80.86009693,54089.0,174.97812773403325,0.0,22,21,0,0,21,21,12760,1,0,0,1,0
2020-09-09,US,West Virginia,Taylor,110,6,0,39.33602617,-80.0421439,54091.0,658.879904162923,5.454545454545454,104,110,6,0,104,110,16862,0,0,0,0,0
2020-09-09,US,West Virginia,Tucker,13,0,0,39.11240885,-79.57053576,54093.0,190.08626992250328,0.0,13,12,0,0,12,12,6955,1,0,0,1,0
2020-09-09,US,West Virginia,Tyler,15,0,0,39.46811972,-80.88772676,54095.0,174.60132697008495,0.0,15,15,0,0,15,15,8746,0,0,0,0,0
2020-09-09,US,West Virginia,Upshur,50,0,0,38.89285061,-80.23689136,54097.0,206.81667769688943,0.0,50,50,0,0,50,46,24415,0,0,0,0,4
2020-09-09,US,West Virginia,Wayne,300,10,0,38.14901357,-82.42287994,54099.0,761.3826709304097,3.333333333333333,290,300,10,0,290,298,39944,0,0,0,0,2
2020-09-09,US,West Virginia,Webster,7,0,0,38.49370949,-80.4202023,54101.0,86.27064333251171,0.0,7,7,0,0,7,7,8285,0,0,0,0,0
2020-09-09,US,West Virginia,Wetzel,45,0,0,39.6065771,-80.64016540000001,54103.0,298.70560902754727,0.0,45,45,0,0,45,45,15270,0,0,0,0,0
2020-09-09,US,West Virginia,Wirt,8,0,0,39.02775007,-81.37473928,54105.0,137.4334306820134,0.0,8,8,0,0,8,8,5830,0,0,0,0,0
2020-09-09,US,West Virginia,Wood,324,5,0,39.20967886,-81.5162836,54107.0,387.9403242414809,1.5432098765432098,319,324,5,0,319,324,84203,0,0,0,0,0
2020-09-09,US,West Virginia,Wyoming,73,3,0,37.612327,-81.54511071,54109.0,357.94841620084327,4.109589041095891,70,72,3,0,69,72,20786,1,0,0,1,0
2020-09-09,US,Wisconsin,Adams,150,3,0,43.96974651,-89.76782777,55001.0,741.8397626112759,2.0,147,149,3,0,146,149,20348,1,0,0,1,0
2020-09-09,US,Wisconsin,Ashland,38,1,0,46.31956891,-90.67837132,55003.0,244.18455211412416,2.631578947368421,37,37,1,0,36,37,15600,1,0,0,1,0
2020-09-09,US,Wisconsin,Barron,393,3,0,45.42372701,-91.84833627,55005.0,868.6234638847139,0.7633587786259542,390,393,3,0,390,392,45164,0,0,0,0,1
2020-09-09,US,Wisconsin,Bayfield,63,1,0,46.52868768,-91.19716729,55007.0,418.99441340782136,1.5873015873015872,62,58,1,0,57,56,15042,5,0,0,5,2
2020-09-09,US,Wisconsin,Brown,6067,58,0,44.452655299999996,-88.00411844,55009.0,2293.397645742453,0.9559914290423605,6009,5892,58,0,5834,5885,263378,175,0,0,175,7
2020-09-09,US,Wisconsin,Buffalo,97,2,0,44.37835084,-91.75332578,55011.0,744.3787890415164,2.061855670103093,95,93,2,0,91,93,13125,4,0,0,4,0
2020-09-09,US,Wisconsin,Burnett,57,2,0,45.86303537,-92.36711412,55013.0,369.7936940443752,3.5087719298245608,55,54,2,0,52,54,15392,3,0,0,3,0
2020-09-09,US,Wisconsin,Calumet,619,2,0,44.0816316,-88.21780273,55015.0,1235.8002755095931,0.32310177705977383,617,611,2,0,609,602,50159,8,0,0,8,9
2020-09-09,US,Wisconsin,Chippewa,389,0,0,45.06939744,-91.28068855,55017.0,601.6270221782299,0.0,389,385,0,0,385,382,64135,4,0,0,4,3
2020-09-09,US,Wisconsin,Clark,261,8,0,44.73483377,-90.61207486,55019.0,750.5607637890378,3.0651340996168583,253,260,8,0,252,260,34709,1,0,0,1,0
2020-09-09,US,Wisconsin,Columbia,400,2,0,43.46492199,-89.33589004,55021.0,695.265243690468,0.5,398,394,2,0,392,390,57358,6,0,0,6,4
2020-09-09,US,Wisconsin,Crawford,121,0,0,43.23870316,-90.93073686,55023.0,750.1084867646147,0.0,121,120,0,0,120,120,16291,1,0,0,1,0
2020-09-09,US,Wisconsin,Dane,6489,41,0,43.06601594,-89.41733797,55025.0,1186.9506763368972,0.6318384959161658,6448,6427,40,0,6387,6208,542364,62,1,0,61,219
2020-09-09,US,Wisconsin,Dodge,1326,6,0,43.41576662,-88.70928178,55027.0,1509.580027095026,0.4524886877828054,1320,1272,6,0,1266,1260,87847,54,0,0,54,12
2020-09-09,US,Wisconsin,Door,157,3,0,44.95856458,-87.30002707,55029.0,567.4425328899812,1.9108280254777068,154,152,3,0,149,151,27610,5,0,0,5,1
2020-09-09,US,Wisconsin,Douglas,297,0,0,46.43222285,-91.91595768,55031.0,688.2966396292004,0.0,297,292,0,0,292,288,43208,5,0,0,5,4
2020-09-09,US,Wisconsin,Dunn,208,0,0,44.94562799,-91.8962481,55033.0,458.47293246341036,0.0,208,202,0,0,202,200,45131,6,0,0,6,2
2020-09-09,US,Wisconsin,Eau Claire,1037,6,0,44.726614,-91.28609183,55035.0,990.9599984710356,0.5785920925747348,1031,1000,6,0,994,977,104534,37,0,0,37,23
2020-09-09,US,Wisconsin,Florence,31,0,0,45.84963535,-88.39804137,55037.0,721.7694994179277,0.0,31,31,0,0,31,31,4321,0,0,0,0,0
2020-09-09,US,Wisconsin,Fond du Lac,1304,12,0,43.75354908,-88.48885325,55039.0,1261.085268319101,0.9202453987730062,1292,1292,12,0,1280,1282,103066,12,0,0,12,10
2020-09-09,US,Wisconsin,Forest,116,4,0,45.66678019,-88.77084892,55041.0,1288.3163038649484,3.4482758620689653,112,107,4,0,103,107,8991,9,0,0,9,0
2020-09-09,US,Wisconsin,Grant,499,19,0,42.8671731,-90.7063218,55043.0,970.0810668947687,3.8076152304609217,480,495,19,0,476,480,51554,4,0,0,4,15
2020-09-09,US,Wisconsin,Green,316,2,0,42.6794956,-89.60243287,55045.0,854.9783549783549,0.6329113924050633,314,310,2,0,308,304,36929,6,0,0,6,6
2020-09-09,US,Wisconsin,Green Lake,114,0,0,43.80025981,-89.04679553,55047.0,602.7600063448422,0.0,114,112,0,0,112,111,18918,2,0,0,2,1
2020-09-09,US,Wisconsin,Iowa,125,0,0,43.00050278,-90.13469017,55049.0,527.9162091392855,0.0,125,123,0,0,123,123,23771,2,0,0,2,0
2020-09-09,US,Wisconsin,Iron,131,1,0,46.26302338,-90.24295041,55051.0,2303.499208721646,0.7633587786259542,130,131,1,0,130,131,5676,0,0,0,0,0
2020-09-09,US,Wisconsin,Jackson,77,1,0,44.31864893,-90.80566792,55053.0,373.0077992539844,1.2987012987012987,76,78,1,0,77,78,20478,-1,0,0,-1,0
2020-09-09,US,Wisconsin,Jefferson,1007,7,0,43.02054068,-88.77529134,55055.0,1187.9342684235985,0.6951340615690169,1000,1001,7,0,994,996,85129,6,0,0,6,5
2020-09-09,US,Wisconsin,Juneau,255,1,0,43.92456975,-90.11120239,55057.0,955.5214149211226,0.392156862745098,254,253,1,0,252,250,26617,2,0,0,2,3
2020-09-09,US,Wisconsin,Kenosha,3074,64,0,42.57639354,-88.04051686,55059.0,1812.9168853686874,2.081977878985036,3010,3065,64,0,3001,3056,169290,9,0,0,9,9
2020-09-09,US,Wisconsin,Kewaunee,224,2,0,44.51727459,-87.61468386,55061.0,1096.2121953606734,0.8928571428571429,222,215,2,0,213,210,20383,9,0,0,9,5
2020-09-09,US,Wisconsin,La Crosse,1370,2,0,43.90632465,-91.11451093,55063.0,1160.8595444685463,0.145985401459854,1368,1351,2,0,1349,1337,118230,19,0,0,19,14
2020-09-09,US,Wisconsin,Lafayette,188,0,0,42.66005229,-90.1317729,55065.0,1128.1128112811282,0.0,188,188,0,0,188,188,16665,0,0,0,0,0
2020-09-09,US,Wisconsin,Langlade,90,2,0,45.26271619,-89.07483625,55067.0,469.01870863515563,2.2222222222222223,88,89,2,0,87,88,19268,1,0,0,1,1
2020-09-09,US,Wisconsin,Lincoln,96,1,0,45.33737523,-89.73411273,55069.0,347.91432609719857,1.0416666666666667,95,92,1,0,91,90,27689,4,0,0,4,2
2020-09-09,US,Wisconsin,Manitowoc,632,2,0,44.11946801,-87.80928853,55071.0,800.1924513490587,0.3164556962025317,630,627,2,0,625,616,79074,5,0,0,5,11
2020-09-09,US,Wisconsin,Marathon,833,14,0,44.89792533,-89.75863384,55073.0,613.8902809303422,1.680672268907563,819,835,14,0,821,827,135428,-2,0,0,-2,8
2020-09-09,US,Wisconsin,Marinette,647,7,0,45.38553432,-88.03324599999998,55075.0,1603.4696406443618,1.0819165378670788,640,643,7,0,636,641,40434,4,0,0,4,2
2020-09-09,US,Wisconsin,Marquette,118,1,0,43.81911946,-89.40073763,55077.0,757.6730448182869,0.8474576271186439,117,110,1,0,109,110,15434,8,0,0,8,0
2020-09-09,US,Wisconsin,Menominee,30,0,0,45.00422544,-88.70950714,55078.0,658.4723441615453,0.0,30,30,0,0,30,29,4658,0,0,0,0,1
2020-09-09,US,Wisconsin,Milwaukee,25014,507,0,43.00486062,-87.96733172,55079.0,2644.9521320128665,2.02686495562485,24507,24944,502,0,24442,24853,948201,70,5,0,65,91
2020-09-09,US,Wisconsin,Monroe,303,2,0,43.94641218,-90.61881899999999,55081.0,655.0926426393963,0.6600660066006601,301,303,2,0,301,303,46051,0,0,0,0,0
2020-09-09,US,Wisconsin,Oconto,509,4,0,45.02715345,-88.26807503,55083.0,1341.9456894278935,0.7858546168958742,505,501,3,0,498,490,37830,8,1,0,7,11
2020-09-09,US,Wisconsin,Oneida,241,1,0,45.70677897,-89.51944105,55085.0,677.0613850259869,0.4149377593360996,240,233,1,0,232,230,35470,8,0,0,8,3
2020-09-09,US,Wisconsin,Outagamie,2407,23,0,44.41578887,-88.46565023,55087.0,1281.1028022460546,0.9555463232239302,2384,2344,21,0,2323,2301,187365,63,2,0,61,43
2020-09-09,US,Wisconsin,Ozaukee,1030,18,0,43.38352225,-87.94625009,55089.0,1154.4367357460687,1.7475728155339805,1012,1021,18,0,1003,1000,89147,9,0,0,9,21
2020-09-09,US,Wisconsin,Pepin,48,0,0,44.58307413,-91.99949611,55091.0,658.7072869493619,0.0,48,48,0,0,48,48,7289,0,0,0,0,0
2020-09-09,US,Wisconsin,Pierce,314,6,0,44.71850291,-92.4224416,55093.0,734.434204986668,1.9108280254777068,308,312,6,0,306,310,42555,2,0,0,2,2
2020-09-09,US,Wisconsin,Polk,189,2,0,45.46130348,-92.44182875,55095.0,431.67439417125365,1.058201058201058,187,188,2,0,186,187,43598,1,0,0,1,1
2020-09-09,US,Wisconsin,Portage,793,2,0,44.47558711,-89.50152965,55097.0,1120.4996326230712,0.2522068095838588,791,773,2,0,771,754,70942,20,0,0,20,19
2020-09-09,US,Wisconsin,Price,36,0,0,45.68051754,-90.36098879999999,55099.0,269.64272339150625,0.0,36,36,0,0,36,36,13397,0,0,0,0,0
2020-09-09,US,Wisconsin,Racine,4193,92,0,42.74753117,-88.05941254,55101.0,2135.8966130272884,2.1941330789410918,4101,4158,91,0,4067,4158,196584,35,1,0,34,0
2020-09-09,US,Wisconsin,Richland,61,4,0,43.3762778,-90.43012729,55103.0,353.5821933688848,6.557377049180328,57,61,4,0,57,61,17377,0,0,0,0,0
2020-09-09,US,Wisconsin,Rock,1875,29,0,42.67151616,-89.07147900000002,55105.0,1147.8139500716236,1.5466666666666666,1846,1862,28,0,1834,1839,163129,13,1,0,12,23
2020-09-09,US,Wisconsin,Rusk,30,1,0,45.47498854,-91.1333012,55107.0,211.595429538722,3.333333333333333,29,30,1,0,29,31,14147,0,0,0,0,-1
2020-09-09,US,Wisconsin,Sauk,683,3,0,43.42574087,-89.94966132,55111.0,1059.8677880885136,0.43923865300146414,680,682,3,0,679,679,64249,1,0,0,1,3
2020-09-09,US,Wisconsin,Sawyer,167,1,0,45.87931905,-91.14504927,55113.0,1008.5759149655755,0.5988023952095808,166,166,0,0,166,166,16489,1,1,0,0,0
2020-09-09,US,Wisconsin,Shawano,352,0,0,44.78902246,-88.76443896,55115.0,860.6567397735886,0.0,352,335,0,0,335,324,40796,17,0,0,17,11
2020-09-09,US,Wisconsin,Sheboygan,1192,10,0,43.72099677,-87.94579284,55117.0,1033.466273625802,0.8389261744966443,1182,1175,9,0,1166,1170,115456,17,1,0,16,5
2020-09-09,US,Wisconsin,St. Croix,688,7,0,45.03437474,-92.45000068,55109.0,758.6533902323376,1.0174418604651163,681,679,7,0,672,677,89694,9,0,0,9,2
2020-09-09,US,Wisconsin,Taylor,123,3,0,45.21179252,-90.5004405,55119.0,604.6305854593717,2.4390243902439024,120,123,3,0,120,126,20412,0,0,0,0,-3
2020-09-09,US,Wisconsin,Trempealeau,445,2,0,44.30360275,-91.35893614,55121.0,1500.8937906843396,0.44943820224719105,443,441,2,0,439,441,29442,4,0,0,4,0
2020-09-09,US,Wisconsin,Vernon,119,0,0,43.59422667,-90.8324691,55123.0,386.08785932126403,0.0,119,119,0,0,119,117,30785,0,0,0,0,2
2020-09-09,US,Wisconsin,Vilas,136,0,0,46.05467334,-89.51719204,55125.0,612.7506195088984,0.0,136,135,0,0,135,128,21938,1,0,0,1,7
2020-09-09,US,Wisconsin,Walworth,1880,32,0,42.66858202,-88.54163073,55127.0,1809.989602187392,1.702127659574468,1848,1836,32,0,1804,1832,103718,44,0,0,44,4
2020-09-09,US,Wisconsin,Washburn,77,0,0,45.89838588,-91.79050449,55129.0,489.821882951654,0.0,77,77,0,0,77,77,15878,0,0,0,0,0
2020-09-09,US,Wisconsin,Washington,1826,30,0,43.36863664,-88.22974712,55131.0,1342.311480953291,1.642935377875137,1796,1814,29,0,1785,1776,135693,12,1,0,11,38
2020-09-09,US,Wisconsin,Waukesha,5886,78,0,43.01833055,-88.30431188,55133.0,1456.2170025581522,1.3251783893985731,5808,5873,78,0,5795,5843,403072,13,0,0,13,30
2020-09-09,US,Wisconsin,Waupaca,783,19,0,44.47068056,-88.96534501,55135.0,1535.5952147479898,2.426564495530013,764,778,19,0,759,773,51128,5,0,0,5,5
2020-09-09,US,Wisconsin,Waushara,202,2,0,44.11324419,-89.24317107,55137.0,826.4124698277625,0.99009900990099,200,200,2,0,198,196,24263,2,0,0,2,4
2020-09-09,US,Wisconsin,Winnebago,1748,22,0,44.06886922,-88.64477096,55139.0,1016.8288667709868,1.2585812356979404,1726,1730,21,0,1709,1715,171020,18,1,0,17,15
2020-09-09,US,Wisconsin,Wood,538,3,0,44.45537896,-90.04158336,55141.0,736.9963972109207,0.5576208178438662,535,531,3,0,528,530,73055,7,0,0,7,1
2020-09-09,US,Wyoming,Albany,208,0,0,41.65498705,-105.72354150000001,56001.0,534.9794238683129,0.0,208,200,0,0,200,179,38601,8,0,0,8,21
2020-09-09,US,Wyoming,Big Horn,51,1,0,44.52405055,-107.9960365,56003.0,432.5699745547074,1.96078431372549,50,51,1,0,50,51,11881,0,0,0,0,0
2020-09-09,US,Wyoming,Campbell,213,1,0,44.24886082,-105.54744040000001,56005.0,459.6361753091217,0.4694835680751174,212,210,1,0,209,204,46140,3,0,0,3,6
2020-09-09,US,Wyoming,Carbon,193,2,0,41.69357844,-106.9326084,56007.0,1304.054054054054,1.0362694300518134,191,192,2,0,190,190,14971,1,0,0,1,2
2020-09-09,US,Wyoming,Converse,54,0,0,42.97272268,-105.5081848,56009.0,390.681522210968,0.0,54,50,0,0,50,46,13640,4,0,0,4,4
2020-09-09,US,Wyoming,Crook,15,0,0,44.58855102,-104.56977049999999,56011.0,197.7848101265823,0.0,15,15,0,0,15,14,7450,0,0,0,0,1
2020-09-09,US,Wyoming,Fremont,614,14,0,43.04183996,-108.6296893,56013.0,1563.8929217289422,2.280130293159609,600,612,14,0,598,608,39531,2,0,0,2,4
2020-09-09,US,Wyoming,Goshen,68,1,0,42.08798185,-104.3534743,56015.0,514.7225796684581,1.4705882352941178,67,67,1,0,66,66,13376,1,0,0,1,1
2020-09-09,US,Wyoming,Hot Springs,31,0,0,43.71930657,-108.44231740000001,56017.0,702.4699750736461,0.0,31,31,0,0,31,30,4555,0,0,0,0,1
2020-09-09,US,Wyoming,Johnson,29,1,0,44.04057166,-106.58451740000001,56019.0,343.3984606275903,3.4482758620689653,28,28,1,0,27,27,8460,1,0,0,1,1
2020-09-09,US,Wyoming,Laramie,597,4,0,41.30702520000001,-104.6887497,56021.0,600.0,0.6700167504187605,593,592,4,0,588,587,98976,5,0,0,5,5
2020-09-09,US,Wyoming,Lincoln,120,1,0,42.26376367,-110.6563997,56023.0,605.143721633888,0.8333333333333334,119,118,1,0,117,117,19434,2,0,0,2,1
2020-09-09,US,Wyoming,Natrona,330,2,0,42.96180148,-106.79788500000001,56025.0,413.2334894437626,0.6060606060606061,328,322,2,0,320,312,79115,8,0,0,8,10
2020-09-09,US,Wyoming,Niobrara,3,0,0,43.05607708,-104.47588959999999,56027.0,127.33446519524618,0.0,3,3,0,0,3,3,2388,0,0,0,0,0
2020-09-09,US,Wyoming,Park,179,1,0,44.52157546,-109.58528249999999,56029.0,613.139686236898,0.5586592178770949,178,173,1,0,172,172,29324,6,0,0,6,1
2020-09-09,US,Wyoming,Platte,7,1,0,42.13299116,-104.96633100000001,56031.0,83.40283569641367,14.285714285714285,6,7,1,0,6,7,8566,0,0,0,0,0
2020-09-09,US,Wyoming,Sheridan,182,1,0,44.79048913,-106.8862389,56033.0,597.0149253731344,0.5494505494505495,181,180,1,0,179,175,30233,2,0,0,2,5
2020-09-09,US,Wyoming,Sublette,51,1,0,42.76558279,-109.91309220000001,56035.0,518.7671650900213,1.96078431372549,50,50,1,0,49,49,9813,1,0,0,1,1
2020-09-09,US,Wyoming,Sweetwater,316,2,0,41.65943896,-108.8827882,56037.0,746.2862810854215,0.6329113924050633,314,314,2,0,312,309,43051,2,0,0,2,5
2020-09-09,US,Wyoming,Teton,451,1,0,43.93522482,-110.5890801,56039.0,1922.093419706785,0.22172949002217296,450,450,1,0,449,447,23081,1,0,0,1,3
2020-09-09,US,Wyoming,Uinta,308,2,0,41.2878183,-110.54757820000002,56041.0,1522.792445367349,0.6493506493506493,306,309,2,0,307,308,20299,-1,0,0,-1,1
2020-09-09,US,Wyoming,Washakie,111,6,0,43.90451606,-107.68018700000002,56043.0,1422.1652786675209,5.405405405405406,105,111,6,0,105,111,7885,0,0,0,0,0
2020-09-09,US,Wyoming,Weston,21,0,0,43.83961191,-104.56748809999999,56045.0,303.161541792984,0.0,21,20,0,0,20,20,6967,1,0,0,1,0
